0.0072095 0 -0.00398672 0 0 0.0100131 0 0 -0.00398672 0 0.00754326 0 0 0 0 0.0100131 
0.00984219 -0.0122179 -0.00548724 0.00673612 -0.0122179 0.032603 0.00673612 -0.0129161 -0.00548724 0.00673612 0.0109563 -0.0136182 0.00673612 -0.0129161 -0.0136182 0.0352871 
0.00993154 -0.0183874 -0.00494744 0.00819512 -0.0183874 0.0679113 0.00819512 -0.0259763 -0.00494744 0.00819512 0.0109201 -0.0208359 0.00819512 -0.0259763 -0.0208359 0.0759249 
0.00955234 -0.0183001 -0.00440963 0.00603149 -0.0183001 0.0818035 0.00604768 -0.0212934 -0.00440963 0.00604768 0.0100127 -0.0200936 0.00603149 -0.0212934 -0.0200936 0.0902718 
0.00967461 -0.0179059 -0.00451488 0.0053614 -0.0179059 0.0857564 0.00538735 -0.0164819 -0.00451488 0.00538735 0.00982166 -0.0189127 0.0053614 -0.0164819 -0.0189127 0.0921408 
0.00987105 -0.0179259 -0.00471131 0.00561513 -0.0179259 0.0872108 0.00563687 -0.015312 -0.00471131 0.00563687 0.00993964 -0.0185672 0.00561513 -0.015312 -0.0185672 0.0916779 
0.00996726 -0.018057 -0.00480524 0.00593091 -0.018057 0.088105 0.00594641 -0.0156698 -0.00480524 0.00594641 0.0100932 -0.0186774 0.00593091 -0.0156698 -0.0186774 0.0916955 
0.00997534 -0.0180566 -0.00480517 0.00605054 -0.0180566 0.0883342 0.00606204 -0.0160559 -0.00480517 0.00606204 0.010173 -0.0188105 0.00605054 -0.0160559 -0.0188105 0.0918442 
0.00989799 -0.0180162 -0.00482252 0.00604449 -0.0180162 0.0882731 0.00605643 -0.0161705 -0.00482252 0.00605643 0.0102559 -0.0188977 0.00604449 -0.0161705 -0.0188977 0.0920229 
0.00977994 -0.0179235 -0.00484248 0.00605304 -0.0179235 0.0880275 0.00606429 -0.0161802 -0.00484248 0.00606429 0.0103521 -0.0189452 0.00605304 -0.0161802 -0.0189452 0.0920384 
0.0097163 -0.0178405 -0.00486335 0.00609349 -0.0178405 0.0878997 0.0060981 -0.016252 -0.00486335 0.0060981 0.0104245 -0.0190701 0.00609349 -0.016252 -0.0190701 0.0922935 
0.00971593 -0.0178315 -0.00487324 0.00613317 -0.0178315 0.0879902 0.00612974 -0.0163487 -0.00487324 0.00612974 0.0104713 -0.0191855 0.00613317 -0.0163487 -0.0191855 0.0927013 
0.00961865 -0.017808 -0.00487075 0.00612368 -0.017808 0.08788 0.00611605 -0.0163372 -0.00487075 0.00611605 0.0105527 -0.0191833 0.00612368 -0.0163372 -0.0191833 0.092692 
0.00961524 -0.0177652 -0.00485325 0.0061339 -0.0177652 0.0879443 0.00611618 -0.0163363 -0.00485325 0.00611618 0.0106049 -0.0193014 0.0061339 -0.0163363 -0.0193014 0.0929529 
0.0096421 -0.0176846 -0.0048139 0.00609636 -0.0176846 0.0876714 0.00606969 -0.0162506 -0.0048139 0.00606969 0.01055 -0.0193709 0.00609636 -0.0162506 -0.0193709 0.0931257 
0.00964554 -0.0177104 -0.00480653 0.00604514 -0.0177104 0.0876297 0.00602474 -0.0161342 -0.00480653 0.00602474 0.0105349 -0.0193404 0.00604514 -0.0161342 -0.0193404 0.0932217 
0.00968562 -0.0177453 -0.00479078 0.00603097 -0.0177453 0.0877279 0.00601826 -0.0160589 -0.00479078 0.00601826 0.0105098 -0.0192975 0.00603097 -0.0160589 -0.0192975 0.0931452 
0.00974651 -0.0177906 -0.0047733 0.00601647 -0.0177906 0.0878721 0.00601008 -0.0160316 -0.0047733 0.00601008 0.0104905 -0.019302 0.00601647 -0.0160316 -0.019302 0.0932053 
0.00983233 -0.0178551 -0.00474331 0.00598559 -0.0178551 0.0880006 0.00598432 -0.0159705 -0.00474331 0.00598432 0.0104445 -0.0192669 0.00598559 -0.0159705 -0.0192669 0.0931507 
0.00976785 -0.0178865 -0.00476466 0.00592654 -0.0178865 0.0879232 0.00593533 -0.0158444 -0.00476466 0.00593533 0.0104807 -0.0191918 0.00592654 -0.0158444 -0.0191918 0.0928927 
0.00971305 -0.0178298 -0.0047922 0.00596297 -0.0178298 0.0878911 0.00597106 -0.0158603 -0.0047922 0.00597106 0.010528 -0.0192796 0.00596297 -0.0158603 -0.0192796 0.0930357 
0.00969681 -0.0177378 -0.0048402 0.00600521 -0.0177378 0.0876922 0.00601021 -0.0159562 -0.0048402 0.00601021 0.0105027 -0.0193594 0.00600521 -0.0159562 -0.0193594 0.0932759 
0.00965013 -0.0177594 -0.00489873 0.00606248 -0.0177594 0.0876475 0.00607186 -0.0160804 -0.00489873 0.00607186 0.0105201 -0.0192535 0.00606248 -0.0160804 -0.0192535 0.0930671 
0.00957514 -0.0177577 -0.0049625 0.00616247 -0.0177577 0.08782 0.00617615 -0.0163312 -0.0049625 0.00617615 0.0106231 -0.0193228 0.00616247 -0.0163312 -0.0193228 0.0932389 
0.00941919 -0.0176086 -0.00499429 0.00622632 -0.0176086 0.0874599 0.00623108 -0.0165127 -0.00499429 0.00623108 0.0106945 -0.0193723 0.00622632 -0.0165127 -0.0193723 0.0931777 
0.00934565 -0.0175116 -0.00498876 0.00629909 -0.0175116 0.0873794 0.00628772 -0.016705 -0.00498876 0.00628772 0.0108007 -0.0194851 0.00629909 -0.016705 -0.0194851 0.0934773 
0.00933607 -0.0173953 -0.00496257 0.00629515 -0.0173953 0.0871077 0.00626689 -0.016756 -0.00496257 0.00626689 0.0108387 -0.0196098 0.00629515 -0.016756 -0.0196098 0.0937748 
0.0093215 -0.0173327 -0.00493691 0.00624155 -0.0173327 0.0867653 0.00620826 -0.0166509 -0.00493691 0.00620826 0.0108561 -0.0196352 0.00624155 -0.0166509 -0.0196352 0.0938393 
0.00938039 -0.0173419 -0.00492352 0.00621224 -0.0173419 0.0867508 0.00618498 -0.0165631 -0.00492352 0.00618498 0.0108398 -0.0196998 0.00621224 -0.0165631 -0.0196998 0.0940721 
0.00936968 -0.0173403 -0.00493802 0.00616853 -0.0173403 0.086589 0.00615462 -0.0164546 -0.00493802 0.00615462 0.010819 -0.0196773 0.00616853 -0.0164546 -0.0196773 0.0940556 
0.00936585 -0.0173128 -0.00496822 0.00618657 -0.0173128 0.0864886 0.00618571 -0.0164581 -0.00496822 0.00618571 0.0107911 -0.0196817 0.00618657 -0.0164581 -0.0196817 0.0941022 
0.00932622 -0.0173163 -0.0050172 0.00623364 -0.0173163 0.0864939 0.00624646 -0.0165764 -0.0050172 0.00624646 0.010824 -0.0196619 0.00623364 -0.0165764 -0.0196619 0.0941423 
0.00931077 -0.0173184 -0.0050502 0.00630145 -0.0173184 0.0865726 0.00631947 -0.0167482 -0.0050502 0.00631947 0.0108677 -0.0196591 0.00630145 -0.0167482 -0.0196591 0.0940958 
0.00931229 -0.0172997 -0.0050616 0.00635068 -0.0172997 0.0865801 0.00636739 -0.0169102 -0.0050616 0.00636739 0.0108686 -0.0197195 0.00635068 -0.0169102 -0.0197195 0.0941958 
0.00934168 -0.0173267 -0.00505481 0.00636539 -0.0173267 0.0866673 0.00638051 -0.0169919 -0.00505481 0.00638051 0.0108204 -0.0197111 0.00636539 -0.0169919 -0.0197111 0.0942264 
0.00930746 -0.0173321 -0.0050505 0.00634902 -0.0173321 0.0866407 0.00636039 -0.016979 -0.0050505 0.00636039 0.0107915 -0.0196343 0.00634902 -0.016979 -0.0196343 0.0940412 
0.00921638 -0.0173116 -0.00506276 0.00635673 -0.0173116 0.0866726 0.00636216 -0.0169838 -0.00506276 0.00636216 0.0108648 -0.0196112 0.00635673 -0.0169838 -0.0196112 0.0939746 
0.00921839 -0.0171854 -0.00504737 0.00637337 -0.0171854 0.0864224 0.00636546 -0.0169971 -0.00504737 0.00636546 0.0108372 -0.0196638 0.00637337 -0.0169971 -0.0196638 0.0939484 
0.00923052 -0.017177 -0.00504647 0.00636607 -0.017177 0.0863025 0.00635451 -0.017005 -0.00504647 0.00635451 0.0108249 -0.0196608 0.00636607 -0.017005 -0.0196608 0.0940242 
0.00914256 -0.0171446 -0.00507814 0.00635244 -0.0171446 0.0861122 0.00634713 -0.0169786 -0.00507814 0.00634713 0.0108592 -0.0196311 0.00635244 -0.0169786 -0.0196311 0.0939253 
0.00913494 -0.0170773 -0.00508508 0.00640305 -0.0170773 0.0860276 0.00639858 -0.0170596 -0.00508508 0.00639858 0.0108405 -0.0196763 0.00640305 -0.0170596 -0.0196763 0.0939985 
0.00910518 -0.0170308 -0.00507945 0.00641176 -0.0170308 0.0858145 0.00640943 -0.0171205 -0.00507945 0.00640943 0.0108121 -0.0196286 0.00641176 -0.0171205 -0.0196286 0.093883 
0.00908908 -0.0170532 -0.005067 0.00641847 -0.0170532 0.0858855 0.00641701 -0.0171635 -0.005067 0.00641701 0.0108418 -0.0195738 0.00641847 -0.0171635 -0.0195738 0.0937538 
0.00910092 -0.0170307 -0.0050314 0.00641358 -0.0170307 0.0859236 0.00640567 -0.0171782 -0.0050314 0.00640567 0.0108558 -0.0196477 0.00641358 -0.0171782 -0.0196477 0.0939085 
0.00900538 -0.0169845 -0.00502142 0.00634777 -0.0169845 0.085688 0.00633454 -0.017046 -0.00502142 0.00633454 0.0109163 -0.0196248 0.00634777 -0.017046 -0.0196248 0.093802 
0.00900126 -0.0169303 -0.00503028 0.00635345 -0.0169303 0.0856829 0.00633328 -0.0169951 -0.00503028 0.00633328 0.0109552 -0.0197317 0.00635345 -0.0169951 -0.0197317 0.0940537 
0.00900895 -0.0168894 -0.00503002 0.00635408 -0.0168894 0.0855326 0.00633391 -0.0169756 -0.00503002 0.00633391 0.0109307 -0.0197835 0.00635408 -0.0169756 -0.0197835 0.0942335 
0.00907229 -0.0168806 -0.00499117 0.00634425 -0.0168806 0.0853933 0.00633124 -0.0169514 -0.00499117 0.00633124 0.0108404 -0.0197233 0.00634425 -0.0169514 -0.0197233 0.0941206 
0.00916077 -0.0169543 -0.00497068 0.00630051 -0.0169543 0.08548 0.00630004 -0.0168987 -0.00497068 0.00630004 0.0107391 -0.0196379 0.00630051 -0.0168987 -0.0196379 0.0939853 
0.00915045 -0.0170595 -0.00498446 0.00626636 -0.0170595 0.0856856 0.00627966 -0.0168251 -0.00498446 0.00627966 0.0107302 -0.0195066 0.00626636 -0.0168251 -0.0195066 0.0937014 
0.00914047 -0.0171002 -0.0050057 0.00629384 -0.0171002 0.0859461 0.00630854 -0.0168486 -0.0050057 0.00630854 0.0107637 -0.019486 0.00629384 -0.0168486 -0.019486 0.0935735 
0.00912388 -0.0170415 -0.00502317 0.00632345 -0.0170415 0.0858756 0.00633013 -0.0169114 -0.00502317 0.00633013 0.0107679 -0.0195477 0.00632345 -0.0169114 -0.0195477 0.093656 
0.00910993 -0.0169637 -0.00501749 0.00633384 -0.0169637 0.0855543 0.0063372 -0.0169419 -0.00501749 0.0063372 0.0107131 -0.0195182 0.00633384 -0.0169419 -0.0195182 0.0935295 
0.00916251 -0.0169713 -0.0049941 0.00635104 -0.0169713 0.0855645 0.00635765 -0.0170165 -0.0049941 0.00635765 0.0106595 -0.0195061 0.00635104 -0.0170165 -0.0195061 0.0936168 
0.00919067 -0.0170133 -0.00496608 0.00631114 -0.0170133 0.0855304 0.00632357 -0.0169757 -0.00496608 0.00632357 0.0105723 -0.0193741 0.00631114 -0.0169757 -0.0193741 0.0932667 
0.00916243 -0.0171052 -0.0049776 0.00629441 -0.0171052 0.0858383 0.00630977 -0.0169502 -0.0049776 0.00630977 0.0105988 -0.0192979 0.00629441 -0.0169502 -0.0192979 0.0931307 
0.00906544 -0.0170374 -0.00497464 0.00629372 -0.0170374 0.0857133 0.0063005 -0.0169064 -0.00497464 0.0063005 0.0106382 -0.0192492 0.00629372 -0.0169064 -0.0192492 0.0927869 
0.00896301 -0.0169672 -0.00501481 0.00632766 -0.0169672 0.0857143 0.00631822 -0.0169679 -0.00501481 0.00631822 0.0107784 -0.0193633 0.00632766 -0.0169679 -0.0193633 0.093054 
0.0088849 -0.0168113 -0.00504711 0.00637434 -0.0168113 0.0853869 0.00634825 -0.0170426 -0.00504711 0.00634825 0.0108767 -0.0195224 0.00637434 -0.0170426 -0.0195224 0.0933792 
0.00888467 -0.0167256 -0.00506063 0.00641384 -0.0167256 0.0850794 0.00638475 -0.017129 -0.00506063 0.00638475 0.0108945 -0.0195995 0.00641384 -0.017129 -0.0195995 0.0935437 
0.00882636 -0.016723 -0.00507096 0.00642451 -0.016723 0.0849483 0.00640537 -0.0171908 -0.00507096 0.00640537 0.0109572 -0.0196307 0.00642451 -0.0171908 -0.0196307 0.0936596 
0.00876726 -0.0166735 -0.00509803 0.0064422 -0.0166735 0.0849332 0.00642712 -0.017251 -0.00509803 0.00642712 0.0110338 -0.0197602 0.0064422 -0.017251 -0.0197602 0.094026 
0.00873588 -0.0165771 -0.00511677 0.00646846 -0.0165771 0.0847302 0.00645058 -0.0173019 -0.00511677 0.00645058 0.0110695 -0.019861 0.00646846 -0.0173019 -0.019861 0.0943413 
0.00874469 -0.0165222 -0.00510969 0.00648343 -0.0165222 0.0844824 0.00647006 -0.0173429 -0.00510969 0.00647006 0.0110339 -0.0198655 0.00648343 -0.0173429 -0.0198655 0.0943688 
0.00878745 -0.0165513 -0.00509541 0.00648406 -0.0165513 0.0845118 0.00647844 -0.0173867 -0.00509541 0.00647844 0.0110188 -0.0198522 0.00648406 -0.0173867 -0.0198522 0.0944366 
0.00879303 -0.0165876 -0.00507719 0.00645329 -0.0165876 0.0845219 0.00645391 -0.0173453 -0.00507719 0.00645391 0.0110327 -0.0198022 0.00645329 -0.0173453 -0.0198022 0.0942869 
0.0088294 -0.0166401 -0.00506483 0.00643931 -0.0166401 0.0847418 0.00644063 -0.0173119 -0.00506483 0.00644063 0.01105 -0.0198567 0.00643931 -0.0173119 -0.0198567 0.0944277 
0.00880118 -0.0165921 -0.00507835 0.00639424 -0.0165921 0.0845589 0.00639493 -0.0172001 -0.00507835 0.00639493 0.011015 -0.0198858 0.00639424 -0.0172001 -0.0198858 0.0944723 
0.0088427 -0.0165583 -0.00506871 0.00640794 -0.0165583 0.084408 0.00641303 -0.0171701 -0.00506871 0.00641303 0.0109058 -0.0198259 0.00640794 -0.0171701 -0.0198259 0.0943544 
0.00890239 -0.0166879 -0.00506801 0.0064242 -0.0166879 0.0847376 0.00643979 -0.0172362 -0.00506801 0.00643979 0.010853 -0.0196991 0.0064242 -0.0172362 -0.0196991 0.0941944 
0.0088951 -0.0167193 -0.00505055 0.00641416 -0.0167193 0.0848437 0.00643229 -0.0172461 -0.00505055 0.00643229 0.0108155 -0.0196129 0.00641416 -0.0172461 -0.0196129 0.0939051 
0.00889383 -0.0167314 -0.00502848 0.00640187 -0.0167314 0.0849153 0.00641432 -0.0172253 -0.00502848 0.00641432 0.010787 -0.0195311 0.00640187 -0.0172253 -0.0195311 0.0936118 
0.00889525 -0.016732 -0.00500899 0.00638569 -0.016732 0.0849484 0.00638741 -0.0171882 -0.00500899 0.00638741 0.0107821 -0.0194974 0.00638569 -0.0171882 -0.0194974 0.0934628 
0.00895294 -0.016763 -0.00500537 0.0063745 -0.016763 0.0850871 0.00636842 -0.0171565 -0.00500537 0.00636842 0.0107846 -0.0195074 0.0063745 -0.0171565 -0.0195074 0.0934965 
0.00900295 -0.0168047 -0.0049685 0.00634661 -0.0168047 0.0850611 0.00634163 -0.0170724 -0.0049685 0.00634163 0.0107427 -0.0194405 0.00634661 -0.0170724 -0.0194405 0.093214 
0.00910383 -0.0168851 -0.00493438 0.00630564 -0.0168851 0.0852675 0.00630444 -0.0169876 -0.00493438 0.00630444 0.0106835 -0.019451 0.00630564 -0.0169876 -0.019451 0.093257 
0.00912047 -0.0169734 -0.00490812 0.00624039 -0.0169734 0.0854042 0.00624591 -0.0168294 -0.00490812 0.00624591 0.0106716 -0.0193806 0.00624039 -0.0168294 -0.0193806 0.0931254 
0.00917041 -0.0170323 -0.00491529 0.00621339 -0.0170323 0.0856877 0.00621988 -0.0167286 -0.00491529 0.00621988 0.0106597 -0.019417 0.00621339 -0.0167286 -0.019417 0.0932628 
0.00921172 -0.0170422 -0.00490606 0.00620657 -0.0170422 0.0857 0.00621412 -0.0166627 -0.00490606 0.00621412 0.0105709 -0.0194068 0.00620657 -0.0166627 -0.0194068 0.0932824 
0.00922071 -0.0171082 -0.00491719 0.00620588 -0.0171082 0.0858602 0.00621975 -0.01666 -0.00491719 0.00621975 0.0105373 -0.0193066 0.00620588 -0.01666 -0.0193066 0.0931741 
0.00925539 -0.0171421 -0.00488353 0.00621742 -0.0171421 0.0859375 0.00623195 -0.0166722 -0.00488353 0.00623195 0.0104841 -0.0191629 0.00621742 -0.0166722 -0.0191629 0.0926869 
0.00929305 -0.0171949 -0.00484041 0.00619353 -0.0171949 0.0860938 0.00620283 -0.0166631 -0.00484041 0.00620283 0.0104604 -0.0191269 0.00619353 -0.0166631 -0.0191269 0.0925139 
0.00934989 -0.0172313 -0.00482427 0.00613962 -0.0172313 0.0862162 0.00613952 -0.0165575 -0.00482427 0.00613952 0.0104231 -0.0191235 0.00613962 -0.0165575 -0.0191235 0.0925007 
0.0093733 -0.0172469 -0.00482093 0.00610128 -0.0172469 0.0861726 0.00610094 -0.0164242 -0.00482093 0.00610094 0.0103893 -0.0190805 0.00610128 -0.0164242 -0.0190805 0.0923927 
0.00933881 -0.0172933 -0.0048323 0.00610377 -0.0172933 0.0863055 0.00610902 -0.0163951 -0.0048323 0.00610902 0.0104474 -0.0190735 0.00610377 -0.0163951 -0.0190735 0.0924351 
0.00927763 -0.0172409 -0.00484962 0.00611817 -0.0172409 0.0862573 0.00612145 -0.0164112 -0.00484962 0.00612145 0.0105246 -0.0191393 0.00611817 -0.0164112 -0.0191393 0.0925362 
0.00924486 -0.0171335 -0.00485095 0.00613892 -0.0171335 0.0860031 0.00613437 -0.016449 -0.00485095 0.00613437 0.0105429 -0.0192515 0.00613892 -0.016449 -0.0192515 0.0927812 
0.00918601 -0.01704 -0.00485315 0.00612789 -0.01704 0.0855971 0.00612306 -0.0164348 -0.00485315 0.00612306 0.0105283 -0.0192408 0.00612789 -0.0164348 -0.0192408 0.0927446 
0.00915593 -0.0170383 -0.0048663 0.00614974 -0.0170383 0.0855867 0.00614873 -0.0164823 -0.0048663 0.00614873 0.0105085 -0.0192204 0.00614974 -0.0164823 -0.0192204 0.0927371 
0.00919026 -0.0170745 -0.00487417 0.00619131 -0.0170745 0.085837 0.00619128 -0.0165923 -0.00487417 0.00619128 0.0105091 -0.0192113 0.00619131 -0.0165923 -0.0192113 0.09283 
0.00918656 -0.017094 -0.00488226 0.00618945 -0.017094 0.0858548 0.00618823 -0.0166192 -0.00488226 0.00618823 0.0105176 -0.019135 0.00618945 -0.0166192 -0.019135 0.0925636 
0.00915223 -0.0170293 -0.00488932 0.00618914 -0.0170293 0.0856416 0.00618504 -0.0166156 -0.00488932 0.00618504 0.0105092 -0.0191554 0.00618914 -0.0166156 -0.0191554 0.0924496 
0.00913084 -0.0170319 -0.00490107 0.00621339 -0.0170319 0.0856673 0.00620919 -0.0166679 -0.00490107 0.00620919 0.0105479 -0.0191691 0.00621339 -0.0166679 -0.0191691 0.0925279 
0.0091518 -0.0169997 -0.00491672 0.0062338 -0.0169997 0.0856635 0.00622734 -0.0167295 -0.00491672 0.00622734 0.0105622 -0.0192505 0.0062338 -0.0167295 -0.0192505 0.092767 
0.00906713 -0.0169348 -0.00494107 0.00622885 -0.0169348 0.0853541 0.00622689 -0.0167298 -0.00494107 0.00622689 0.010595 -0.0192612 0.00622885 -0.0167298 -0.0192612 0.0927928 
0.00904615 -0.0169107 -0.00496931 0.00628059 -0.0169107 0.0853746 0.00628085 -0.0168342 -0.00496931 0.00628085 0.0106465 -0.019304 0.00628059 -0.0168342 -0.019304 0.0929424 
0.00904189 -0.0168345 -0.00496796 0.00630419 -0.0168345 0.0851173 0.0063045 -0.0169107 -0.00496796 0.0063045 0.010635 -0.019329 0.00630419 -0.0169107 -0.019329 0.0929136 
0.00901309 -0.0168563 -0.00496561 0.00630803 -0.0168563 0.0850795 0.00631184 -0.0169564 -0.00496561 0.00631184 0.0106722 -0.0193072 0.00630803 -0.0169564 -0.0193072 0.0928604 
0.00897361 -0.0168886 -0.00497913 0.00631955 -0.0168886 0.0852925 0.00632141 -0.016999 -0.00497913 0.00632141 0.0107591 -0.0193791 0.00631955 -0.016999 -0.0193791 0.0930536 
0.00892755 -0.0168313 -0.0049861 0.0063178 -0.0168313 0.0851952 0.00631036 -0.0169709 -0.0049861 0.00631036 0.0108083 -0.0194266 0.0063178 -0.0169709 -0.0194266 0.0930519 
0.00897089 -0.0168268 -0.00499931 0.00634318 -0.0168268 0.0852975 0.00632768 -0.0170031 -0.00499931 0.00632768 0.0108196 -0.0195465 0.00634318 -0.0170031 -0.0195465 0.0934168 
0.00905561 -0.0168341 -0.00498112 0.00633978 -0.0168341 0.0852631 0.00632714 -0.0169963 -0.00498112 0.00632714 0.0107428 -0.0195749 0.00633978 -0.0169963 -0.0195749 0.0936034 
0.00911559 -0.0169025 -0.00495386 0.00630019 -0.0169025 0.0852811 0.00630172 -0.0169312 -0.00495386 0.00630172 0.0106439 -0.019473 0.00630019 -0.0169312 -0.019473 0.093454 
0.00912835 -0.0169717 -0.00495421 0.00626825 -0.0169717 0.085459 0.00628265 -0.0168743 -0.00495421 0.00628265 0.0106165 -0.0193946 0.00626825 -0.0168743 -0.0193946 0.0933519 
0.00907865 -0.0169881 -0.00496221 0.00626292 -0.0169881 0.0855029 0.00627892 -0.0168352 -0.00496221 0.00627892 0.0106598 -0.0192994 0.00626292 -0.0168352 -0.0192994 0.0930243 
0.00898696 -0.0169355 -0.00497954 0.00628835 -0.0169355 0.0854619 0.00629568 -0.0168721 -0.00497954 0.00629568 0.0107411 -0.0193644 0.00628835 -0.0168721 -0.0193644 0.0930364 
0.00895912 -0.0168565 -0.00499215 0.00632347 -0.0168565 0.0853624 0.00631578 -0.0169381 -0.00499215 0.00631578 0.0108059 -0.0194556 0.00632347 -0.0169381 -0.0194556 0.0932117 
0.00898177 -0.0167587 -0.00496566 0.00632867 -0.0167587 0.0850367 0.00631335 -0.0169588 -0.00496566 0.00631335 0.0107451 -0.0195515 0.00632867 -0.0169588 -0.0195515 0.0934231 
0.00904522 -0.0167992 -0.00494905 0.00630142 -0.0167992 0.0850428 0.00629411 -0.016938 -0.00494905 0.00629411 0.0106598 -0.0195186 0.00630142 -0.016938 -0.0195186 0.0935666 
0.00924406 -0.0169655 -0.00490166 0.00628649 -0.0169655 0.0854685 0.00629299 -0.0169118 -0.00490166 0.00629299 0.0104932 -0.0193588 0.00628649 -0.0169118 -0.0193588 0.0933089 
0.00928703 -0.0170934 -0.00485859 0.00619996 -0.0170934 0.0856425 0.00622262 -0.0167689 -0.00485859 0.00622262 0.0103974 -0.0191748 0.00619996 -0.0167689 -0.0191748 0.0928536 
0.00929466 -0.0172156 -0.00486181 0.00615564 -0.0172156 0.086045 0.00618475 -0.0166476 -0.00486181 0.00618475 0.0104015 -0.019034 0.00615564 -0.0166476 -0.019034 0.0924561 
0.00920429 -0.0172136 -0.00487775 0.00615666 -0.0172136 0.0861182 0.00617498 -0.0165853 -0.00487775 0.00617498 0.010478 -0.0189881 0.00615666 -0.0165853 -0.0189881 0.092108 
0.00910915 -0.0171174 -0.00490615 0.00620139 -0.0171174 0.086074 0.00619924 -0.0166439 -0.00490615 0.00619924 0.0106198 -0.0191472 0.00620139 -0.0166439 -0.0191472 0.092403 
0.00904786 -0.0168971 -0.00488562 0.00621764 -0.0168971 0.0854341 0.00619604 -0.0166551 -0.00488562 0.00619604 0.0106139 -0.0192976 0.00621764 -0.0166551 -0.0192976 0.0926357 
0.00900734 -0.016887 -0.00490277 0.00622197 -0.016887 0.0853579 0.00619875 -0.0166942 -0.00490277 0.00619875 0.0106679 -0.0193553 0.00622197 -0.0166942 -0.0193553 0.0930402 
0.00892663 -0.0168363 -0.00493501 0.00623252 -0.0168363 0.0852391 0.00621311 -0.0167108 -0.00493501 0.00621311 0.010733 -0.0193812 0.00623252 -0.0167108 -0.0193812 0.0931322 
0.00889792 -0.016699 -0.00493623 0.00626565 -0.016699 0.0848796 0.00624564 -0.0167639 -0.00493623 0.00624564 0.0107062 -0.0194373 0.00626565 -0.0167639 -0.0194373 0.0931737 
0.00888341 -0.0166633 -0.00493027 0.0062756 -0.0166633 0.08466 0.00626165 -0.0168239 -0.00493027 0.00626165 0.0106828 -0.0193918 0.0062756 -0.0168239 -0.0193918 0.0931014 
0.00891603 -0.0166879 -0.0049134 0.00628337 -0.0166879 0.0847277 0.00627446 -0.0168807 -0.0049134 0.00627446 0.0106756 -0.0193689 0.00628337 -0.0168807 -0.0193689 0.0930832 
0.00892384 -0.0166804 -0.00492286 0.00624692 -0.0166804 0.0846283 0.00624245 -0.016836 -0.00492286 0.00624245 0.0106666 -0.0193397 0.00624692 -0.016836 -0.0193397 0.092942 
0.0089456 -0.0167243 -0.00493965 0.00626848 -0.0167243 0.0848048 0.00626909 -0.0168647 -0.00493965 0.00626909 0.0107074 -0.0193941 0.00626848 -0.0168647 -0.0193941 0.0931573 
0.00893764 -0.0166997 -0.00493537 0.0062647 -0.0166997 0.0846663 0.00627019 -0.0168564 -0.00493537 0.00627019 0.0106732 -0.0193929 0.0062647 -0.0168564 -0.0193929 0.0930685 
0.0089309 -0.0166827 -0.00494245 0.00626426 -0.0166827 0.0846072 0.00627336 -0.0168651 -0.00494245 0.00627336 0.0106419 -0.0193923 0.00626426 -0.0168651 -0.0193923 0.0931232 
0.00888184 -0.0167221 -0.0049753 0.00628942 -0.0167221 0.0847778 0.00630329 -0.016929 -0.0049753 0.00630329 0.0107104 -0.019369 0.00628942 -0.016929 -0.019369 0.0931927 
0.00885977 -0.0166452 -0.00496648 0.00632498 -0.0166452 0.0846484 0.00633261 -0.0169988 -0.00496648 0.00633261 0.0107258 -0.0193951 0.00632498 -0.0169988 -0.0193951 0.093111 
0.00882542 -0.0165929 -0.00497078 0.00631601 -0.0165929 0.0844331 0.00631824 -0.0170176 -0.00497078 0.00631824 0.0107246 -0.0194061 0.00631601 -0.0170176 -0.0194061 0.0930678 
0.00882269 -0.0165788 -0.00498715 0.00633137 -0.0165788 0.0844151 0.00633135 -0.0170477 -0.00498715 0.00633135 0.0107202 -0.0194304 0.00633137 -0.0170477 -0.0194304 0.0931677 
0.00878714 -0.0165891 -0.0050262 0.00635431 -0.0165891 0.0844518 0.00635751 -0.0171016 -0.0050262 0.00635751 0.0107554 -0.0194128 0.00635431 -0.0171016 -0.0194128 0.0931695 
0.00874644 -0.0165587 -0.00506287 0.00640861 -0.0165587 0.0844687 0.00641153 -0.017218 -0.00506287 0.00641153 0.0108141 -0.0194647 0.00640861 -0.017218 -0.0194647 0.0932837 
0.00876844 -0.016522 -0.00503595 0.0064506 -0.016522 0.0843463 0.00645118 -0.0173247 -0.00503595 0.00645118 0.0107708 -0.0194487 0.0064506 -0.0173247 -0.0194487 0.0931135 
0.00880144 -0.0166269 -0.00503342 0.00644676 -0.0166269 0.0846678 0.0064462 -0.0173922 -0.00503342 0.0064462 0.01079 -0.0194455 0.00644676 -0.0173922 -0.0194455 0.0932197 
0.00882938 -0.0166267 -0.00501451 0.00641501 -0.0166267 0.0846712 0.00640994 -0.0173163 -0.00501451 0.00640994 0.0107475 -0.0194249 0.00641501 -0.0173163 -0.0194249 0.0930726 
0.00886566 -0.0166856 -0.00500185 0.00640234 -0.0166856 0.0848727 0.00639526 -0.017271 -0.00500185 0.00639526 0.0107582 -0.0194372 0.00640234 -0.017271 -0.0194372 0.0932097 
0.00885377 -0.0166309 -0.00498352 0.00635168 -0.0166309 0.0846198 0.00634394 -0.0171383 -0.00498352 0.00634394 0.0107089 -0.0194122 0.00635168 -0.0171383 -0.0194122 0.0930431 
0.00896134 -0.016649 -0.00494775 0.00635238 -0.016649 0.0847204 0.0063474 -0.0171158 -0.00494775 0.0063474 0.0106355 -0.0194536 0.00635238 -0.0171158 -0.0194536 0.0933166 
0.00902524 -0.0167353 -0.00492371 0.00629117 -0.0167353 0.0847806 0.00629776 -0.0170163 -0.00492371 0.00629776 0.0105702 -0.0193351 0.00629117 -0.0170163 -0.0193351 0.0931465 
0.00906525 -0.0168502 -0.00490152 0.00625582 -0.0168502 0.0850155 0.00627452 -0.0169189 -0.00490152 0.00627452 0.0105257 -0.0191953 0.00625582 -0.0169189 -0.0191953 0.0927337 
0.00902548 -0.016883 -0.00491505 0.00623064 -0.016883 0.0851707 0.0062484 -0.0168503 -0.00491505 0.0062484 0.0105677 -0.0191812 0.00623064 -0.0168503 -0.0191812 0.0926225 
0.00904229 -0.0168444 -0.00491658 0.006251 -0.0168444 0.085176 0.00626002 -0.0168442 -0.00491658 0.00626002 0.0105533 -0.0192275 0.006251 -0.0168442 -0.0192275 0.0926601 
0.00910526 -0.0168496 -0.00489125 0.00625415 -0.0168496 0.0851287 0.00626017 -0.0168528 -0.00489125 0.00626017 0.010466 -0.019207 0.00625415 -0.0168528 -0.019207 0.0926334 
0.00910643 -0.0169574 -0.00485122 0.00622246 -0.0169574 0.0852934 0.00623666 -0.0168118 -0.00485122 0.00623666 0.010434 -0.019047 0.00622246 -0.0168118 -0.019047 0.0922711 
0.00913045 -0.0170214 -0.00486032 0.00619593 -0.0170214 0.0856776 0.00620525 -0.0167683 -0.00486032 0.00620525 0.0104498 -0.0190629 0.00619593 -0.0167683 -0.0190629 0.0923168 
0.00908769 -0.0169396 -0.00483745 0.00617362 -0.0169396 0.0854044 0.00617234 -0.0166583 -0.00483745 0.00617234 0.0104334 -0.0190325 0.00617362 -0.0166583 -0.0190325 0.0920942 
0.00900653 -0.0169569 -0.00487348 0.00618082 -0.0169569 0.0855369 0.00617355 -0.0166639 -0.00487348 0.00617355 0.0105917 -0.0190785 0.00618082 -0.0166639 -0.0190785 0.0923094 
0.00894567 -0.0168085 -0.00488535 0.00620811 -0.0168085 0.0852081 0.00618863 -0.0166754 -0.00488535 0.00618863 0.0106546 -0.0192286 0.00620811 -0.0166754 -0.0192286 0.0924818 
0.00889479 -0.0166694 -0.00488147 0.00621296 -0.0166694 0.0847152 0.00618934 -0.0166831 -0.00488147 0.00618934 0.0106532 -0.0193399 0.00621296 -0.0166831 -0.0193399 0.0927589 
0.00892684 -0.0166982 -0.00487636 0.00622911 -0.0166982 0.0847563 0.00621278 -0.0167346 -0.00487636 0.00621278 0.0106238 -0.0193346 0.00622911 -0.0167346 -0.0193346 0.0929254 
0.00901392 -0.0167019 -0.00485805 0.00620853 -0.0167019 0.0847122 0.00620156 -0.0167208 -0.00485805 0.00620156 0.0105258 -0.0192841 0.00620853 -0.0167208 -0.0192841 0.0928324 
0.00911246 -0.0168608 -0.0048385 0.00619097 -0.0168608 0.0850404 0.00620009 -0.0167074 -0.0048385 0.00620009 0.0104476 -0.0191421 0.00619097 -0.0167074 -0.0191421 0.092568 
