0.00799494 0 -0.00412424 0 0 0.0100048 0 0 -0.00412424 0 0.0081475 0 0 0 0 0.0100048 
0.0112301 -0.0139583 -0.00580564 0.00710933 -0.0139583 0.0359408 0.00710933 -0.0136328 -0.00580564 0.00710933 0.0114999 -0.0142944 0.00710933 -0.0136328 -0.0142944 0.0365843 
0.0114575 -0.0213436 -0.00510968 0.00829515 -0.0213436 0.077541 0.00829515 -0.0261933 -0.00510968 0.00829515 0.0115169 -0.0217915 0.00829515 -0.0261933 -0.0217915 0.0789837 
0.0108656 -0.0208931 -0.00446607 0.00591847 -0.0208931 0.092357 0.00592837 -0.0204967 -0.00446607 0.00592837 0.0107833 -0.0210104 0.00591847 -0.0204967 -0.0210104 0.0933476 
0.0108279 -0.0199029 -0.0046094 0.00530015 -0.0199029 0.0939726 0.00531326 -0.0159899 -0.0046094 0.00531326 0.0105832 -0.0198546 0.00530015 -0.0159899 -0.0198546 0.0943781 
0.0109471 -0.0197722 -0.00486497 0.00563331 -0.0197722 0.0940194 0.00564376 -0.015147 -0.00486497 0.00564376 0.0107225 -0.0195356 0.00563331 -0.015147 -0.0195356 0.0938933 
0.0111121 -0.0198374 -0.0049638 0.0059955 -0.0198374 0.0941931 0.00600158 -0.015621 -0.0049638 0.00600158 0.0108049 -0.0196255 0.0059955 -0.015621 -0.0196255 0.0938682 
0.0112463 -0.0199742 -0.00494078 0.00611377 -0.0199742 0.0944396 0.00611792 -0.0160115 -0.00494078 0.00611792 0.0108201 -0.0196781 0.00611377 -0.0160115 -0.0196781 0.0939593 
0.0113346 -0.020162 -0.00488502 0.00608595 -0.020162 0.0949624 0.00609214 -0.0160834 -0.00488502 0.00609214 0.0109103 -0.0197297 0.00608595 -0.0160834 -0.0197297 0.0941999 
0.0113494 -0.0201897 -0.00482875 0.00598675 -0.0201897 0.0949711 0.00599195 -0.0158936 -0.00482875 0.00599195 0.0109113 -0.0197619 0.00598675 -0.0158936 -0.0197619 0.0940979 
0.0112918 -0.0202485 -0.0048236 0.00593171 -0.0202485 0.09516 0.00593477 -0.0157326 -0.0048236 0.00593477 0.0109948 -0.0198131 0.00593171 -0.0157326 -0.0198131 0.0942715 
0.0112513 -0.0202136 -0.00482982 0.0059305 -0.0202136 0.0952707 0.00592645 -0.0156674 -0.00482982 0.00592645 0.0110824 -0.0199439 0.0059305 -0.0156674 -0.0199439 0.0946272 
0.0112259 -0.0201463 -0.00484598 0.00593399 -0.0201463 0.0951347 0.00592593 -0.0156494 -0.00484598 0.00592593 0.0110934 -0.0200344 0.00593399 -0.0156494 -0.0200344 0.0948742 
0.0113236 -0.020116 -0.00483768 0.00594318 -0.020116 0.0950151 0.0059388 -0.0156495 -0.00483768 0.0059388 0.0109924 -0.0200395 0.00594318 -0.0156495 -0.0200395 0.0949571 
0.0113727 -0.0202386 -0.00487229 0.00594079 -0.0202386 0.0951897 0.00594795 -0.015679 -0.00487229 0.00594795 0.0108836 -0.0199226 0.00594079 -0.015679 -0.0199226 0.0948166 
0.0113084 -0.0202984 -0.00489916 0.00596574 -0.0202984 0.0953645 0.00598364 -0.0157143 -0.00489916 0.00598364 0.0108902 -0.0197712 0.00596574 -0.0157143 -0.0197712 0.0944548 
0.0111241 -0.0202051 -0.00497171 0.00601485 -0.0202051 0.095245 0.00602971 -0.0158343 -0.00497171 0.00602971 0.0109205 -0.0197479 0.00601485 -0.0158343 -0.0197479 0.0942081 
0.0110431 -0.0199888 -0.00499464 0.00610204 -0.0199888 0.0948453 0.00610329 -0.0159882 -0.00499464 0.00610329 0.0109361 -0.0197826 0.00610204 -0.0159882 -0.0197826 0.0941813 
0.0110741 -0.0199074 -0.00501705 0.00616157 -0.0199074 0.0946168 0.006154 -0.0161775 -0.00501705 0.006154 0.0108955 -0.0198306 0.00616157 -0.0161775 -0.0198306 0.0943591 
0.0110464 -0.0198906 -0.00501013 0.0061747 -0.0198906 0.0943701 0.00616689 -0.0162492 -0.00501013 0.00616689 0.010889 -0.019741 0.0061747 -0.0162492 -0.019741 0.0941568 
0.0111018 -0.0199118 -0.00500257 0.00618333 -0.0199118 0.0944948 0.0061733 -0.0163001 -0.00500257 0.0061733 0.0109001 -0.0197882 0.00618333 -0.0163001 -0.0197882 0.0943 
0.0110803 -0.0199498 -0.00500596 0.00616559 -0.0199498 0.0945347 0.00615681 -0.0162833 -0.00500596 0.00615681 0.0109211 -0.0197913 0.00616559 -0.0162833 -0.0197913 0.0943337 
0.0111517 -0.0198733 -0.00500495 0.00615328 -0.0198733 0.094282 0.00614441 -0.0162337 -0.00500495 0.00614441 0.01075 -0.019769 0.00615328 -0.0162337 -0.019769 0.0941602 
0.0112415 -0.0200161 -0.00505239 0.00618878 -0.0200161 0.0945996 0.00618825 -0.0163271 -0.00505239 0.00618825 0.0106115 -0.019643 0.00618878 -0.0163271 -0.019643 0.094146 
0.0112228 -0.0200609 -0.00507099 0.00621861 -0.0200609 0.0946361 0.00622776 -0.0163912 -0.00507099 0.00622776 0.0105371 -0.0194086 0.00621861 -0.0163912 -0.0194086 0.0935495 
0.0111815 -0.0200656 -0.00511842 0.00627456 -0.0200656 0.0947617 0.00628379 -0.0165542 -0.00511842 0.00628379 0.010521 -0.0193461 0.00627456 -0.0165542 -0.0193461 0.0933127 
0.0111127 -0.0199914 -0.0051403 0.00632177 -0.0199914 0.0946057 0.00632522 -0.0166682 -0.0051403 0.00632522 0.0105399 -0.0193004 0.00632177 -0.0166682 -0.0193004 0.0930964 
0.0110283 -0.0199155 -0.00513035 0.00634579 -0.0199155 0.0944202 0.00634255 -0.0167316 -0.00513035 0.00634255 0.0106532 -0.0193232 0.00634579 -0.0167316 -0.0193232 0.0930553 
0.0109596 -0.0198212 -0.00511646 0.00634088 -0.0198212 0.094212 0.00633128 -0.0167497 -0.00511646 0.00633128 0.0107687 -0.0194619 0.00634088 -0.0167497 -0.0194619 0.0932784 
0.0109682 -0.0197251 -0.00512662 0.00632838 -0.0197251 0.093937 0.00631465 -0.0167367 -0.00512662 0.00631465 0.0107143 -0.0195919 0.00632838 -0.0167367 -0.0195919 0.0935603 
0.011078 -0.0197777 -0.00515421 0.00635549 -0.0197777 0.0940625 0.00634783 -0.0167918 -0.00515421 0.00634783 0.0105916 -0.0195805 0.00635549 -0.0167918 -0.0195805 0.0938178 
0.0111352 -0.0198676 -0.00514331 0.0063691 -0.0198676 0.0941614 0.00637159 -0.0168312 -0.00514331 0.00637159 0.0105018 -0.0193931 0.0063691 -0.0168312 -0.0193931 0.0934876 
0.0111664 -0.019953 -0.00508996 0.00634257 -0.019953 0.0943717 0.00634754 -0.0167839 -0.00508996 0.00634754 0.0105516 -0.0192851 0.00634257 -0.0167839 -0.0192851 0.093163 
0.0111722 -0.0199941 -0.00506212 0.00629197 -0.0199941 0.094543 0.00629027 -0.0166966 -0.00506212 0.00629027 0.0106034 -0.0193692 0.00629197 -0.0166966 -0.0193692 0.0932267 
0.011171 -0.0199679 -0.00506305 0.00625931 -0.0199679 0.0944954 0.00624757 -0.016596 -0.00506305 0.00624757 0.0105709 -0.0194376 0.00625931 -0.016596 -0.0194376 0.0933759 
0.011213 -0.0199656 -0.00506693 0.006258 -0.0199656 0.0944693 0.00624386 -0.0165457 -0.00506693 0.00624386 0.0105072 -0.0194163 0.006258 -0.0165457 -0.0194163 0.0934442 
0.011246 -0.0199825 -0.00507362 0.00626087 -0.0199825 0.0943985 0.00625484 -0.0165467 -0.00507362 0.00625484 0.0104278 -0.0193162 0.00626087 -0.0165467 -0.0193162 0.0932318 
0.0111962 -0.0200371 -0.00509833 0.00627151 -0.0200371 0.0944918 0.00627612 -0.0165826 -0.00509833 0.00627612 0.0104496 -0.0192214 0.00627151 -0.0165826 -0.0192214 0.0930036 
0.0111444 -0.0199904 -0.00509677 0.00629347 -0.0199904 0.0944706 0.00630119 -0.0166252 -0.00509677 0.00630119 0.0105218 -0.0192288 0.00629347 -0.0166252 -0.0192288 0.0928889 
0.0112687 -0.0199605 -0.00506694 0.00630744 -0.0199605 0.0944946 0.00631073 -0.0166823 -0.00506694 0.00631073 0.0104661 -0.0193431 0.00630744 -0.0166823 -0.0193431 0.0931297 
0.0113063 -0.0200843 -0.00507364 0.00627053 -0.0200843 0.0946426 0.00627824 -0.016654 -0.00507364 0.00627824 0.0103976 -0.0192748 0.00627053 -0.016654 -0.0192748 0.0931144 
0.0113179 -0.020101 -0.00506567 0.0062605 -0.020101 0.0946639 0.00627049 -0.0165974 -0.00506567 0.00627049 0.0103174 -0.0191558 0.0062605 -0.0165974 -0.0191558 0.0927849 
0.0112875 -0.0201044 -0.00508386 0.00626039 -0.0201044 0.0946505 0.0062664 -0.0165858 -0.00508386 0.0062664 0.0102762 -0.0190615 0.00626039 -0.0165858 -0.0190615 0.0924938 
0.0112033 -0.0201291 -0.0051319 0.00630819 -0.0201291 0.0948748 0.00630991 -0.0166775 -0.0051319 0.00630991 0.0103848 -0.0190713 0.00630819 -0.0166775 -0.0190713 0.0925984 
0.0112078 -0.0199555 -0.00513271 0.00634894 -0.0199555 0.0944665 0.00634252 -0.0167541 -0.00513271 0.00634252 0.0102915 -0.0191265 0.00634894 -0.0167541 -0.0191265 0.0925111 
0.0112735 -0.0199908 -0.00514604 0.00637692 -0.0199908 0.0944575 0.0063719 -0.0168647 -0.00514604 0.0063719 0.0101859 -0.0190653 0.00637692 -0.0168647 -0.0190653 0.0925553 
0.0113672 -0.020032 -0.00511567 0.00638012 -0.020032 0.0944397 0.00638247 -0.0169025 -0.00511567 0.00638247 0.0100346 -0.0188967 0.00638012 -0.0169025 -0.0188967 0.0921737 
0.0114001 -0.0201211 -0.00510481 0.00634858 -0.0201211 0.0945257 0.006357 -0.0168844 -0.00510481 0.006357 0.00995587 -0.0187029 0.00634858 -0.0168844 -0.0187029 0.0916638 
0.0113998 -0.0201667 -0.00512576 0.00634667 -0.0201667 0.0946701 0.00635714 -0.0168863 -0.00512576 0.00635714 0.00992305 -0.0186161 0.00634667 -0.0168863 -0.0186161 0.0913572 
0.0114714 -0.0201941 -0.00509933 0.00636178 -0.0201941 0.094802 0.0063703 -0.0168869 -0.00509933 0.0063703 0.00989517 -0.0185759 0.00636178 -0.0168869 -0.0185759 0.0912048 
0.0115245 -0.0202815 -0.00510458 0.00635839 -0.0202815 0.09503 0.0063699 -0.0169374 -0.00510458 0.0063699 0.009855 -0.0185696 0.00635839 -0.0169374 -0.0185696 0.0912273 
0.0115127 -0.0202966 -0.00512073 0.0063448 -0.0202966 0.0950127 0.00635922 -0.0169118 -0.00512073 0.00635922 0.00978399 -0.0184763 0.0063448 -0.0169118 -0.0184763 0.0909521 
0.0115608 -0.0203081 -0.00513329 0.00637359 -0.0203081 0.095092 0.00638758 -0.0169528 -0.00513329 0.00638758 0.00968312 -0.0184043 0.00637359 -0.0169528 -0.0184043 0.0907785 
0.0115882 -0.0203736 -0.00515381 0.00640423 -0.0203736 0.0952544 0.00642098 -0.0170471 -0.00515381 0.00642098 0.00958696 -0.0182875 0.00640423 -0.0170471 -0.0182875 0.0905692 
0.0116282 -0.0204145 -0.00515107 0.00642657 -0.0204145 0.0954094 0.00644269 -0.0171097 -0.00515107 0.00644269 0.00951785 -0.0181579 0.00642657 -0.0171097 -0.0181579 0.0902613 
0.0116094 -0.0204392 -0.00514061 0.0064192 -0.0204392 0.0954363 0.00643121 -0.0171093 -0.00514061 0.00643121 0.00952572 -0.0180454 0.0064192 -0.0171093 -0.0180454 0.0898845 
0.0115037 -0.0204489 -0.00517961 0.006423 -0.0204489 0.095561 0.00642751 -0.0171221 -0.00517961 0.00642751 0.00967118 -0.0180839 0.006423 -0.0171221 -0.0180839 0.0898967 
0.0115118 -0.0202816 -0.00516085 0.00645946 -0.0202816 0.0952243 0.00644927 -0.0171511 -0.00516085 0.00644927 0.00966418 -0.0182309 0.00645946 -0.0171511 -0.0182309 0.0900432 
0.0115006 -0.0203108 -0.00517389 0.00646041 -0.0203108 0.0951999 0.00645032 -0.0172021 -0.00517389 0.00645032 0.00969838 -0.0182734 0.00646041 -0.0172021 -0.0182734 0.0903356 
0.0114469 -0.020211 -0.00517912 0.00646567 -0.020211 0.0948355 0.00645818 -0.0172242 -0.00517912 0.00645818 0.00960746 -0.0182524 0.00646567 -0.0172242 -0.0182524 0.0901917 
0.0115115 -0.0202389 -0.00516877 0.00648624 -0.0202389 0.0949783 0.0064795 -0.017271 -0.00516877 0.0064795 0.00955382 -0.0182022 0.00648624 -0.017271 -0.0182022 0.0902647 
0.0115065 -0.0202739 -0.00516393 0.00647026 -0.0202739 0.0949996 0.00646658 -0.0172696 -0.00516393 0.00646658 0.0095312 -0.0181113 0.00647026 -0.0172696 -0.0181113 0.0900617 
0.0113941 -0.0202767 -0.00520847 0.00646802 -0.0202767 0.0950486 0.00646314 -0.0172616 -0.00520847 0.00646314 0.0096226 -0.0180886 0.00646802 -0.0172616 -0.0180886 0.0899687 
0.0112864 -0.0200892 -0.00524687 0.00652527 -0.0200892 0.0946446 0.00650902 -0.0173415 -0.00524687 0.00650902 0.00964375 -0.0181685 0.00652527 -0.0173415 -0.0181685 0.0899676 
0.0112626 -0.0199736 -0.00527989 0.00659514 -0.0199736 0.0943456 0.00657292 -0.0175111 -0.00527989 0.00657292 0.00962883 -0.0182224 0.00659514 -0.0175111 -0.0182224 0.0901676 
0.0112837 -0.0199195 -0.00528189 0.00663516 -0.0199195 0.0940827 0.00661895 -0.017653 -0.00528189 0.00661895 0.00955519 -0.0181824 0.00663516 -0.017653 -0.0181824 0.0901259 
0.011336 -0.0199184 -0.00526475 0.00662478 -0.0199184 0.0938959 0.00661978 -0.0176897 -0.00526475 0.00661978 0.00943751 -0.0180505 0.00662478 -0.0176897 -0.0180505 0.0897727 
0.0114397 -0.0200622 -0.00526157 0.00662829 -0.0200622 0.0942945 0.00663651 -0.0177467 -0.00526157 0.00663651 0.00936597 -0.0179624 0.00662829 -0.0177467 -0.0179624 0.0896919 
0.011372 -0.0201254 -0.00529291 0.00660862 -0.0201254 0.0944009 0.00662834 -0.0177395 -0.00529291 0.00662834 0.00936991 -0.0178253 0.00660862 -0.0177395 -0.0178253 0.0892841 
0.01132 -0.0201134 -0.0053138 0.00664739 -0.0201134 0.0945769 0.00666039 -0.0177716 -0.0053138 0.00666039 0.00947603 -0.0178382 0.00664739 -0.0177716 -0.0178382 0.0892169 
0.0112793 -0.0200423 -0.00531683 0.0066685 -0.0200423 0.0944794 0.00666751 -0.0178056 -0.00531683 0.00666751 0.00957404 -0.0179564 0.0066685 -0.0178056 -0.0179564 0.0893596 
0.011312 -0.0199922 -0.00526572 0.0066613 -0.0199922 0.0943263 0.00665043 -0.0177759 -0.00526572 0.00665043 0.00962 -0.0180776 0.0066613 -0.0177759 -0.0180776 0.0896103 
0.0114047 -0.020014 -0.00522846 0.00660453 -0.020014 0.0942817 0.00659532 -0.0176893 -0.00522846 0.00659532 0.00954457 -0.0181573 0.00660453 -0.0176893 -0.0181573 0.0898658 
0.0114546 -0.020129 -0.00521165 0.00654503 -0.020129 0.0944556 0.00654736 -0.0175454 -0.00521165 0.00654736 0.00950188 -0.0180777 0.00654503 -0.0175454 -0.0180777 0.0898468 
0.0114048 -0.0202395 -0.00524115 0.00651978 -0.0202395 0.0948369 0.00653241 -0.0174498 -0.00524115 0.00653241 0.00960263 -0.0180427 0.00651978 -0.0174498 -0.0180427 0.0898337 
0.0113874 -0.0201759 -0.00525527 0.00655109 -0.0201759 0.0948621 0.00655668 -0.0174529 -0.00525527 0.00655668 0.00964402 -0.0181512 0.00655109 -0.0174529 -0.0181512 0.0899583 
0.0113295 -0.0201057 -0.00524517 0.00655467 -0.0201057 0.0945821 0.00655396 -0.017445 -0.00524517 0.00655396 0.00967458 -0.0181643 0.00655467 -0.017445 -0.0181643 0.0899218 
0.0114592 -0.0200905 -0.00521955 0.0065815 -0.0200905 0.0946438 0.00657683 -0.017532 -0.00521955 0.00657683 0.00955772 -0.0182686 0.0065815 -0.017532 -0.0182686 0.0902666 
0.0115539 -0.0201971 -0.00516585 0.00652507 -0.0201971 0.0946896 0.00653054 -0.0174581 -0.00516585 0.00653054 0.00944681 -0.0180937 0.00652507 -0.0174581 -0.0180937 0.0900143 
0.0115568 -0.0202843 -0.00516215 0.00646102 -0.0202843 0.0948043 0.00647477 -0.0173386 -0.00516215 0.00647477 0.00938771 -0.017939 0.00646102 -0.0173386 -0.017939 0.089563 
0.0115881 -0.0203407 -0.00515887 0.0064616 -0.0203407 0.0950716 0.00647632 -0.0172894 -0.00515887 0.00647632 0.00937926 -0.0178914 0.0064616 -0.0172894 -0.0178914 0.0894113 
0.0116771 -0.0203816 -0.00512554 0.00646357 -0.0203816 0.0952422 0.00647402 -0.0172829 -0.00512554 0.00647402 0.00929967 -0.0178862 0.00646357 -0.0172829 -0.0178862 0.0893778 
0.011594 -0.0204819 -0.00516613 0.00641834 -0.0204819 0.0954452 0.00643046 -0.0172091 -0.00516613 0.00643046 0.00938204 -0.0177899 0.00641834 -0.0172091 -0.0177899 0.0892189 
0.0115304 -0.020378 -0.00517909 0.00647117 -0.020378 0.09537 0.0064744 -0.0172469 -0.00517909 0.0064744 0.00946165 -0.0178804 0.00647117 -0.0172469 -0.0178804 0.0892599 
0.0115574 -0.0202789 -0.00515154 0.00649911 -0.0202789 0.0951132 0.00648949 -0.0173239 -0.00515154 0.00648949 0.00941347 -0.0179815 0.00649911 -0.0173239 -0.0179815 0.0894606 
0.0116112 -0.0203054 -0.00511427 0.00646285 -0.0203054 0.0950392 0.00645362 -0.017289 -0.00511427 0.00645362 0.00932019 -0.0179312 0.00646285 -0.017289 -0.0179312 0.0894769 
0.0115688 -0.0203343 -0.00510716 0.00640648 -0.0203343 0.0949726 0.0064042 -0.0171728 -0.00510716 0.0064042 0.00928512 -0.0177902 0.00640648 -0.0171728 -0.0177902 0.0891446 
0.0114883 -0.0203071 -0.00515871 0.00642216 -0.0203071 0.0950082 0.006418 -0.017176 -0.00515871 0.006418 0.00932792 -0.017777 0.00642216 -0.017176 -0.017777 0.0890796 
0.0114032 -0.0202041 -0.0052508 0.00651215 -0.0202041 0.0948851 0.00649992 -0.0173516 -0.0052508 0.00649992 0.00935476 -0.01785 0.00651215 -0.0173516 -0.01785 0.0892601 
0.0113265 -0.0200481 -0.00528896 0.00659954 -0.0200481 0.0943939 0.00658415 -0.0175315 -0.00528896 0.00658415 0.00934595 -0.0178056 0.00659954 -0.0175315 -0.0178056 0.0890732 
0.0113115 -0.0200142 -0.00531433 0.00666999 -0.0200142 0.0942993 0.00665898 -0.0177509 -0.00531433 0.00665898 0.00940673 -0.0178151 0.00666999 -0.0177509 -0.0178151 0.0891188 
0.0112755 -0.0199502 -0.00532296 0.00669707 -0.0199502 0.0940503 0.00669031 -0.0178884 -0.00532296 0.00669031 0.0094299 -0.0178532 0.00669707 -0.0178884 -0.0178532 0.0890798 
0.0112903 -0.019912 -0.00534199 0.00671552 -0.019912 0.0939244 0.00671312 -0.0179837 -0.00534199 0.00671312 0.00936843 -0.0178942 0.00671552 -0.0179837 -0.0178942 0.089172 
0.0113006 -0.0199892 -0.00535621 0.00673164 -0.0199892 0.0941338 0.00673604 -0.0180291 -0.00535621 0.00673604 0.00937658 -0.0178386 0.00673164 -0.0180291 -0.0178386 0.0892128 
0.0112959 -0.0199892 -0.00534203 0.00673356 -0.0199892 0.0941749 0.0067397 -0.0180317 -0.00534203 0.0067397 0.00940369 -0.0178109 0.00673356 -0.0180317 -0.0178109 0.0890721 
0.011326 -0.0199423 -0.00532052 0.00671517 -0.0199423 0.0940032 0.00671743 -0.0180032 -0.00532052 0.00671743 0.00933792 -0.0178244 0.00671517 -0.0180032 -0.0178244 0.0889561 
0.0113846 -0.0200531 -0.00531496 0.00671547 -0.0200531 0.0943334 0.00672077 -0.0180211 -0.00531496 0.00672077 0.0093175 -0.0178216 0.00671547 -0.0180211 -0.0178216 0.0891605 
0.011256 -0.0200187 -0.00532826 0.00668284 -0.0200187 0.0941443 0.00668964 -0.0179546 -0.00532826 0.00668964 0.00934068 -0.0177212 0.00668284 -0.0179546 -0.0177212 0.0888123 
0.0111713 -0.0199163 -0.00537195 0.00672875 -0.0199163 0.0940697 0.00672293 -0.018012 -0.00537195 0.00672293 0.00939378 -0.0177889 0.00672875 -0.018012 -0.0177889 0.0889221 
0.0111713 -0.0198184 -0.00538674 0.00678804 -0.0198184 0.0938867 0.00676909 -0.0181205 -0.00538674 0.00676909 0.00940327 -0.0178586 0.00678804 -0.0181205 -0.0178586 0.089126 
0.0111816 -0.0197555 -0.00536413 0.00679535 -0.0197555 0.0935378 0.00677807 -0.0181729 -0.00536413 0.00677807 0.00934942 -0.0178264 0.00679535 -0.0181729 -0.0178264 0.0890215 
0.011204 -0.0197742 -0.00534055 0.00676988 -0.0197742 0.0934523 0.00676133 -0.0181649 -0.00534055 0.00676133 0.00929242 -0.0177607 0.00676988 -0.0181649 -0.0177607 0.0888666 
0.0112343 -0.0198197 -0.00531705 0.00674694 -0.0198197 0.0935603 0.00674706 -0.018139 -0.00531705 0.00674706 0.009228 -0.0177072 0.00674694 -0.018139 -0.0177072 0.0887655 
0.0112485 -0.0198378 -0.00529928 0.00672096 -0.0198378 0.0936032 0.00672291 -0.01809 -0.00529928 0.00672291 0.00917472 -0.0176236 0.00672096 -0.01809 -0.0176236 0.0885739 
0.0112054 -0.0198583 -0.00534885 0.00671738 -0.0198583 0.0936967 0.00671877 -0.0180864 -0.00534885 0.00671877 0.00920556 -0.017579 0.00671738 -0.0180864 -0.017579 0.0884953 
0.0111512 -0.019752 -0.00537392 0.00676836 -0.019752 0.0934161 0.00676605 -0.0181536 -0.00537392 0.00676605 0.00918251 -0.0175689 0.00676836 -0.0181536 -0.0175689 0.0883138 
0.0112001 -0.01972 -0.00535123 0.00681485 -0.01972 0.0933244 0.00681076 -0.0182808 -0.00535123 0.00681076 0.00912381 -0.0175494 0.00681485 -0.0182808 -0.0175494 0.0882873 
0.0112096 -0.019803 -0.00535788 0.00678697 -0.019803 0.0934726 0.00678955 -0.0182919 -0.00535788 0.00678955 0.00914233 -0.0174761 0.00678697 -0.0182919 -0.0174761 0.0881754 
0.0111841 -0.0198119 -0.00538449 0.00679085 -0.0198119 0.0935591 0.00679486 -0.0182903 -0.00538449 0.00679486 0.00917357 -0.0174931 0.00679085 -0.0182903 -0.0174931 0.0881379 
0.0111836 -0.019772 -0.00538445 0.00680943 -0.019772 0.0934701 0.00681094 -0.0182964 -0.00538445 0.00681094 0.00915161 -0.0175097 0.00680943 -0.0182964 -0.0175097 0.0880971 
0.0112594 -0.0197618 -0.00536372 0.00682112 -0.0197618 0.0934092 0.00682263 -0.0183405 -0.00536372 0.00682263 0.00904625 -0.017496 0.00682112 -0.0183405 -0.017496 0.0880893 
0.0113279 -0.0198748 -0.00533189 0.00679864 -0.0198748 0.0936162 0.00681007 -0.0183342 -0.00533189 0.00681007 0.00897709 -0.0173741 0.00679864 -0.0183342 -0.0173741 0.0879305 
0.0113383 -0.019942 -0.00531924 0.00675703 -0.019942 0.0937859 0.00677581 -0.01827 -0.00531924 0.00677581 0.00893511 -0.0172722 0.00675703 -0.01827 -0.0172722 0.0876352 
0.0113597 -0.0199759 -0.00530356 0.00674313 -0.0199759 0.0939524 0.00675781 -0.0182121 -0.00530356 0.00675781 0.00892827 -0.0172211 0.00674313 -0.0182121 -0.0172211 0.0874631 
0.0113798 -0.0199983 -0.00526649 0.00672481 -0.0199983 0.0940331 0.00673342 -0.0181572 -0.00526649 0.00673342 0.00892667 -0.0172078 0.00672481 -0.0181572 -0.0172078 0.0873728 
0.0113816 -0.0200452 -0.00525944 0.00669005 -0.0200452 0.0942118 0.00669186 -0.0180836 -0.00525944 0.00669186 0.00895897 -0.0172361 0.00669005 -0.0180836 -0.0172361 0.0874763 
0.0113434 -0.0200118 -0.0052458 0.00667095 -0.0200118 0.0941434 0.00666612 -0.0180006 -0.0052458 0.00666612 0.0090071 -0.0172657 0.00667095 -0.0180006 -0.0172657 0.0875136 
0.0113076 -0.0199699 -0.00526195 0.00666232 -0.0199699 0.0940708 0.00664938 -0.0179589 -0.00526195 0.00664938 0.00905593 -0.0173446 0.00666232 -0.0179589 -0.0173446 0.0877053 
0.0113102 -0.0198779 -0.0052703 0.00668416 -0.0198779 0.0937981 0.00666812 -0.0179781 -0.0052703 0.00666812 0.00898912 -0.0174041 0.00668416 -0.0179781 -0.0174041 0.0878461 
0.0113097 -0.0198736 -0.00526398 0.00668888 -0.0198736 0.0936391 0.00668102 -0.0180011 -0.00526398 0.00668102 0.00893392 -0.0173057 0.00668888 -0.0180011 -0.0173057 0.0877096 
0.0113304 -0.0199511 -0.00527143 0.00669369 -0.0199511 0.0939035 0.00669531 -0.0180395 -0.00527143 0.00669531 0.00895872 -0.0172543 0.00669369 -0.0180395 -0.0172543 0.087666 
0.0113019 -0.0199457 -0.00529781 0.00669059 -0.0199457 0.0939171 0.00669375 -0.0180385 -0.00529781 0.00669375 0.00900502 -0.0172521 0.00669059 -0.0180385 -0.0172521 0.0875464 
0.0112754 -0.0199064 -0.00533163 0.00673016 -0.0199064 0.0938584 0.00672873 -0.0181064 -0.00533163 0.00672873 0.00904695 -0.0173242 0.00673016 -0.0181064 -0.0173242 0.0876536 
0.0112212 -0.0198025 -0.00536119 0.00676218 -0.0198025 0.0934701 0.00675965 -0.0181817 -0.00536119 0.00675965 0.00901602 -0.0173389 0.00676218 -0.0181817 -0.0173389 0.0875774 
0.0112218 -0.0198331 -0.00540319 0.00681235 -0.0198331 0.0935929 0.00681363 -0.0183035 -0.00540319 0.00681363 0.00904744 -0.0173368 0.00681235 -0.0183035 -0.0173368 0.0877046 
0.011235 -0.0198377 -0.00539626 0.00684388 -0.0198377 0.0936222 0.00684857 -0.0183777 -0.00539626 0.00684857 0.0090917 -0.0173346 0.00684388 -0.0183777 -0.0173346 0.087644 
0.0112386 -0.0198527 -0.00538953 0.00684171 -0.0198527 0.0936677 0.00684687 -0.0184209 -0.00538953 0.00684687 0.0091266 -0.0174033 0.00684171 -0.0184209 -0.0174033 0.0877541 
0.0111395 -0.019847 -0.00543397 0.00683518 -0.019847 0.0936696 0.00683817 -0.0184207 -0.00543397 0.00683817 0.00922473 -0.0174643 0.00683518 -0.0184207 -0.0174643 0.0879246 
0.0110667 -0.0197548 -0.00546139 0.00687735 -0.0197548 0.0935727 0.00687151 -0.018448 -0.00546139 0.00687151 0.00932083 -0.017582 0.00687735 -0.018448 -0.017582 0.0881798 
0.0110082 -0.0196219 -0.00547827 0.00691283 -0.0196219 0.0932003 0.00689617 -0.0185167 -0.00547827 0.00689617 0.009358 -0.0176866 0.00691283 -0.0185167 -0.0176866 0.0883863 
0.0110343 -0.0196087 -0.00549619 0.00694778 -0.0196087 0.093192 0.00693241 -0.0186145 -0.00549619 0.00693241 0.00937153 -0.017778 0.00694778 -0.0186145 -0.017778 0.0887673 
0.0110822 -0.0196036 -0.00547421 0.00695539 -0.0196036 0.0930936 0.00694739 -0.0186564 -0.00547421 0.00694739 0.00930177 -0.0177674 0.00695539 -0.0186564 -0.0177674 0.0888037 
0.0111192 -0.0196684 -0.0054572 0.00692047 -0.0196684 0.0931669 0.00692288 -0.0186205 -0.0054572 0.00692288 0.00926112 -0.0176733 0.00692047 -0.0186205 -0.0176733 0.0886399 
0.0111572 -0.019732 -0.00542343 0.00689238 -0.019732 0.0933393 0.00690113 -0.0185538 -0.00542343 0.00690113 0.00925959 -0.0176182 0.00689238 -0.0185538 -0.0176182 0.0884722 
0.0111725 -0.0197852 -0.00543639 0.00685701 -0.0197852 0.0935184 0.00686458 -0.0184799 -0.00543639 0.00686458 0.00926906 -0.0176336 0.00685701 -0.0184799 -0.0176336 0.0884703 
0.0111717 -0.0197881 -0.00545511 0.00686682 -0.0197881 0.0935528 0.00687288 -0.0184528 -0.00545511 0.00687288 0.00925994 -0.0176447 0.00686682 -0.0184528 -0.0176447 0.0884798 
0.0111324 -0.0198207 -0.00546918 0.00689432 -0.0198207 0.0936937 0.00690181 -0.0184962 -0.00546918 0.00690181 0.00932695 -0.0176474 0.00689432 -0.0184962 -0.0176474 0.0885538 
0.0110943 -0.0197356 -0.00547117 0.00691064 -0.0197356 0.0935213 0.00691159 -0.0185411 -0.00547117 0.00691159 0.00934267 -0.0177026 0.00691064 -0.0185411 -0.0177026 0.0885734 
0.0110902 -0.0196875 -0.00545259 0.00690905 -0.0196875 0.0933449 0.0069022 -0.0185355 -0.00545259 0.0069022 0.00935703 -0.0177164 0.00690905 -0.0185355 -0.0177164 0.0885915 
0.011127 -0.0197072 -0.0054465 0.00691313 -0.0197072 0.0934204 0.00690685 -0.0185754 -0.0054465 0.00690685 0.0093457 -0.0177858 0.00691313 -0.0185754 -0.0177858 0.0888496 
0.0110785 -0.0197148 -0.0054498 0.00688469 -0.0197148 0.0933623 0.00688123 -0.018524 -0.0054498 0.00688123 0.00937307 -0.0177443 0.00688469 -0.018524 -0.0177443 0.0887908 
0.0110613 -0.0196797 -0.00545235 0.00687916 -0.0196797 0.0933205 0.0068739 -0.0184697 -0.00545235 0.0068739 0.00941221 -0.017767 0.00687916 -0.0184697 -0.017767 0.088778 
0.0111114 -0.0196911 -0.00545639 0.00690175 -0.0196911 0.0934231 0.00689445 -0.0185097 -0.00545639 0.00689445 0.00941545 -0.0178603 0.00690175 -0.0185097 -0.0178603 0.0890638 
0.0110476 -0.0196903 -0.00545212 0.00686759 -0.0196903 0.0932517 0.00686634 -0.0184355 -0.00545212 0.00686634 0.00945215 -0.0178019 0.00686759 -0.0184355 -0.0178019 0.0888823 
0.0110136 -0.0196796 -0.0054807 0.00688701 -0.0196796 0.0933686 0.006885 -0.0184597 -0.0054807 0.006885 0.00951184 -0.0178969 0.00688701 -0.0184597 -0.0178969 0.0891123 
0.0109713 -0.0195946 -0.00547564 0.00690228 -0.0195946 0.0931381 0.00689811 -0.0184685 -0.00547564 0.00689811 0.00952804 -0.0179345 0.00690228 -0.0184685 -0.0179345 0.0891497 
0.0109905 -0.0195813 -0.0054786 0.0069131 -0.0195813 0.093136 0.00690502 -0.0185059 -0.0054786 0.00690502 0.00953015 -0.0179896 0.0069131 -0.0185059 -0.0179896 0.0893614 
0.0109791 -0.0195734 -0.00547823 0.00689931 -0.0195734 0.0930285 0.00689251 -0.018478 -0.00547823 0.00689251 0.00953477 -0.0179631 0.00689931 -0.018478 -0.0179631 0.0893074 
0.0110672 -0.0196053 -0.00546153 0.00691173 -0.0196053 0.0931736 0.00690834 -0.0185029 -0.00546153 0.00690834 0.00950796 -0.0180033 0.00691173 -0.0185029 -0.0180033 0.0894589 
0.0111117 -0.0197004 -0.00542807 0.0068727 -0.0197004 0.0933324 0.00687785 -0.0184437 -0.00542807 0.00687785 0.00952178 -0.017955 0.0068727 -0.0184437 -0.017955 0.0893929 
