0.0093046 0 -0.00359494 0 0 0.00999361 0 0 -0.00359494 0 0.00574849 0 0 0 0 0.00999361 
0.0128012 -0.0158556 -0.00511387 0.00628105 -0.0158556 0.0395633 0.00628105 -0.0120436 -0.00511387 0.00628105 0.00841815 -0.0105087 0.00628105 -0.0120436 -0.0105087 0.0293113 
0.0124967 -0.0229397 -0.00468762 0.00771193 -0.0229397 0.0823594 0.00771193 -0.0244782 -0.00468762 0.00771193 0.00877865 -0.0171189 0.00771193 -0.0244782 -0.0171189 0.0641521 
0.0117945 -0.021636 -0.00412774 0.00577315 -0.021636 0.0941753 0.00576052 -0.020406 -0.00412774 0.00576052 0.00825608 -0.0176087 0.00577315 -0.020406 -0.0176087 0.0813211 
0.0118761 -0.0207638 -0.00422451 0.005091 -0.0207638 0.0952629 0.005075 -0.0159775 -0.00422451 0.005075 0.00815682 -0.0168507 0.005091 -0.0159775 -0.0168507 0.0856435 
0.0121722 -0.0207558 -0.00435105 0.00531142 -0.0207558 0.0954983 0.00529474 -0.014766 -0.00435105 0.00529474 0.00816007 -0.0165178 0.00531142 -0.014766 -0.0165178 0.0858668 
0.0123686 -0.0210801 -0.00439179 0.00554932 -0.0210801 0.0964258 0.00554218 -0.014947 -0.00439179 0.00554218 0.00823079 -0.0164862 0.00554932 -0.014947 -0.0164862 0.0859056 
0.0123237 -0.0211548 -0.00444464 0.0055933 -0.0211548 0.096701 0.00559604 -0.0151196 -0.00444464 0.00559604 0.0082863 -0.0164872 0.0055933 -0.0151196 -0.0164872 0.0856953 
0.0122925 -0.0211431 -0.00449766 0.00567578 -0.0211431 0.0969482 0.0056782 -0.0153031 -0.00449766 0.0056782 0.00835335 -0.0165962 0.00567578 -0.0153031 -0.0165962 0.0859854 
0.0122856 -0.0210919 -0.00452241 0.00572342 -0.0210919 0.0968652 0.00572261 -0.0154226 -0.00452241 0.00572261 0.00839911 -0.0166373 0.00572342 -0.0154226 -0.0166373 0.0860907 
0.0122589 -0.0211287 -0.00456084 0.0057458 -0.0211287 0.0969577 0.00574887 -0.0155026 -0.00456084 0.00574887 0.0085179 -0.0166938 0.0057458 -0.0155026 -0.0166938 0.0862544 
0.0122137 -0.0210755 -0.00458828 0.00578852 -0.0210755 0.0968623 0.00578986 -0.0155958 -0.00458828 0.00578986 0.00857871 -0.0168375 0.00578852 -0.0155958 -0.0168375 0.086505 
0.0121421 -0.0210039 -0.0046424 0.0058206 -0.0210039 0.0966667 0.00581626 -0.0156794 -0.0046424 0.00581626 0.0086129 -0.0169247 0.0058206 -0.0156794 -0.0169247 0.0867574 
0.0120965 -0.0209758 -0.00468774 0.0058781 -0.0209758 0.0966656 0.00587008 -0.0157726 -0.00468774 0.00587008 0.00868804 -0.0169738 0.0058781 -0.0157726 -0.0169738 0.086991 
0.0120268 -0.020855 -0.00475031 0.00594916 -0.020855 0.0963576 0.00593658 -0.0159488 -0.00475031 0.00593658 0.00869114 -0.0170628 0.00594916 -0.0159488 -0.0170628 0.0871631 
0.011935 -0.0207562 -0.00481094 0.00600271 -0.0207562 0.0959854 0.0059906 -0.0160688 -0.00481094 0.0059906 0.00871348 -0.0170177 0.00600271 -0.0160688 -0.0170177 0.0870398 
0.0118711 -0.0206956 -0.00487186 0.00609544 -0.0206956 0.0958789 0.00608471 -0.0162846 -0.00487186 0.00608471 0.00877862 -0.017063 0.00609544 -0.0162846 -0.017063 0.0871361 
0.0118887 -0.0205896 -0.00485533 0.00617218 -0.0205896 0.0956066 0.00616028 -0.0165003 -0.00485533 0.00616028 0.00873162 -0.0171247 0.00617218 -0.0165003 -0.0171247 0.0872178 
0.0119408 -0.0206458 -0.00485263 0.00617299 -0.0206458 0.0957155 0.00616904 -0.0166227 -0.00485263 0.00616904 0.00866676 -0.0171121 0.00617299 -0.0166227 -0.0171121 0.0873825 
0.0119644 -0.0207 -0.00480158 0.00613642 -0.0207 0.095795 0.00614251 -0.0165647 -0.00480158 0.00614251 0.00862123 -0.0169814 0.00613642 -0.0165647 -0.0169814 0.087102 
0.0119398 -0.0207319 -0.00478277 0.00606628 -0.0207319 0.0958629 0.00607375 -0.0164175 -0.00478277 0.00607375 0.00865066 -0.0168982 0.00606628 -0.0164175 -0.0168982 0.0867843 
0.01184 -0.0207246 -0.00484239 0.00606089 -0.0207246 0.0959683 0.00606019 -0.0163564 -0.00484239 0.00606019 0.00878404 -0.0169747 0.00606089 -0.0163564 -0.0169747 0.0868969 
0.0118187 -0.0205538 -0.00484915 0.00612246 -0.0205538 0.095597 0.00610488 -0.0163974 -0.00484915 0.00610488 0.0087789 -0.0171125 0.00612246 -0.0163974 -0.0171125 0.0870732 
0.0119067 -0.0205309 -0.00482259 0.00615966 -0.0205309 0.0954508 0.00614082 -0.0165242 -0.00482259 0.00614082 0.00866958 -0.0171607 0.00615966 -0.0165242 -0.0171607 0.0873772 
0.0119578 -0.0206585 -0.00479792 0.0061188 -0.0206585 0.0956552 0.00611962 -0.0165196 -0.00479792 0.00611962 0.00858651 -0.0170235 0.0061188 -0.0165196 -0.0170235 0.0872843 
0.0120153 -0.0206934 -0.00475028 0.00608108 -0.0206934 0.0957492 0.00609417 -0.0164551 -0.00475028 0.00609417 0.00848455 -0.016884 0.00608108 -0.0164551 -0.016884 0.0868976 
0.0120019 -0.0207569 -0.00474317 0.00601143 -0.0207569 0.0958259 0.00603174 -0.0163167 -0.00474317 0.00603174 0.00847852 -0.016721 0.00601143 -0.0163167 -0.016721 0.0864009 
0.0119345 -0.0207475 -0.00478304 0.00601224 -0.0207475 0.0958609 0.00602708 -0.016264 -0.00478304 0.00602708 0.00853755 -0.0167122 0.00601224 -0.016264 -0.0167122 0.0861913 
0.0119527 -0.0207179 -0.00480074 0.0060818 -0.0207179 0.0959711 0.00608276 -0.0163659 -0.00480074 0.00608276 0.00855785 -0.0168284 0.0060818 -0.0163659 -0.0168284 0.0864618 
0.0118925 -0.0206688 -0.00480593 0.00608313 -0.0206688 0.0957183 0.0060785 -0.0163863 -0.00480593 0.0060785 0.0085929 -0.0168043 0.00608313 -0.0163863 -0.0168043 0.086371 
0.0119099 -0.0206336 -0.00482615 0.00612132 -0.0206336 0.0957209 0.00611368 -0.0164895 -0.00482615 0.00611368 0.00858846 -0.0169064 0.00612132 -0.0164895 -0.0169064 0.0866605 
0.0119056 -0.0206524 -0.00483782 0.00611984 -0.0206524 0.0956969 0.00611398 -0.016491 -0.00483782 0.00611398 0.00862059 -0.0168664 0.00611984 -0.016491 -0.0168664 0.0866381 
0.011924 -0.0206889 -0.00483254 0.00614197 -0.0206889 0.0958674 0.00613974 -0.0165378 -0.00483254 0.00613974 0.00864387 -0.0169287 0.00614197 -0.0165378 -0.0169287 0.0868001 
0.0119169 -0.0206581 -0.00479679 0.00610201 -0.0206581 0.0956972 0.00610045 -0.0164555 -0.00479679 0.00610045 0.00864031 -0.0168996 0.00610201 -0.0164555 -0.0168996 0.0866308 
0.0119544 -0.0207092 -0.00481209 0.00608888 -0.0207092 0.0959115 0.00608724 -0.0164338 -0.00481209 0.00608724 0.00863717 -0.0169734 0.00608888 -0.0164338 -0.0169734 0.0869034 
0.0118711 -0.0206774 -0.00484986 0.0060886 -0.0206774 0.0957518 0.00608913 -0.0164052 -0.00484986 0.00608913 0.00865146 -0.0169342 0.0060886 -0.0164052 -0.0169342 0.0868073 
0.0118287 -0.0206323 -0.00487892 0.00615313 -0.0206323 0.0957711 0.00614929 -0.016511 -0.00487892 0.00614929 0.00870907 -0.0169751 0.00615313 -0.016511 -0.0169751 0.0869344 
0.011745 -0.0205674 -0.0049328 0.00619393 -0.0205674 0.0956398 0.00618235 -0.0166256 -0.0049328 0.00618235 0.00879568 -0.0170373 0.00619393 -0.0166256 -0.0170373 0.087069 
0.0117075 -0.0204154 -0.00490971 0.00623837 -0.0204154 0.0951814 0.00621814 -0.0166995 -0.00490971 0.00621814 0.00881849 -0.0170893 0.00623837 -0.0166995 -0.0170893 0.087037 
0.0117431 -0.0204043 -0.00489545 0.00622926 -0.0204043 0.0950756 0.00620865 -0.0167432 -0.00489545 0.00620865 0.00882524 -0.0171596 0.00622926 -0.0167432 -0.0171596 0.0872588 
0.0116967 -0.020478 -0.00495153 0.00621387 -0.020478 0.0952685 0.0062034 -0.0167428 -0.00495153 0.0062034 0.0089273 -0.0172108 0.00621387 -0.0167428 -0.0172108 0.0875504 
0.0116793 -0.020398 -0.00499034 0.00626789 -0.020398 0.0951673 0.0062587 -0.0168071 -0.00499034 0.0062587 0.00893574 -0.0173178 0.00626789 -0.0168071 -0.0173178 0.0877608 
0.0116997 -0.0203089 -0.00497992 0.00631786 -0.0203089 0.0948173 0.00631117 -0.0169372 -0.00497992 0.00631117 0.00880989 -0.0173115 0.00631786 -0.0169372 -0.0173115 0.0877616 
0.011705 -0.020368 -0.00500971 0.00632078 -0.020368 0.0948727 0.00632811 -0.0170281 -0.00500971 0.00632811 0.00874998 -0.0171718 0.00632078 -0.0170281 -0.0171718 0.0875994 
0.0116669 -0.0203621 -0.00505593 0.00634942 -0.0203621 0.0948506 0.00636474 -0.0171032 -0.00505593 0.00636474 0.00871366 -0.017051 0.00634942 -0.0171032 -0.017051 0.0872124 
0.0116542 -0.0203355 -0.00508586 0.00641101 -0.0203355 0.0948251 0.00642547 -0.0172358 -0.00508586 0.00642547 0.00870497 -0.0169818 0.00641101 -0.0172358 -0.0169818 0.0869294 
0.0116657 -0.0203848 -0.00511609 0.00646111 -0.0203848 0.095044 0.00647287 -0.0173829 -0.00511609 0.00647287 0.00874962 -0.0169871 0.00646111 -0.0173829 -0.0169871 0.0869341 
0.0117053 -0.0203758 -0.00510384 0.00649254 -0.0203758 0.0950642 0.00650034 -0.0174787 -0.00510384 0.00650034 0.00874651 -0.0170259 0.00649254 -0.0174787 -0.0170259 0.0869526 
0.0117298 -0.0204055 -0.00504845 0.00646753 -0.0204055 0.0950554 0.00647555 -0.017466 -0.00504845 0.00647555 0.00872522 -0.0170129 0.00646753 -0.017466 -0.0170129 0.0868993 
0.0116922 -0.020428 -0.00502632 0.00640451 -0.020428 0.095092 0.00641345 -0.0173609 -0.00502632 0.00641345 0.00874496 -0.0170013 0.00640451 -0.0173609 -0.0170013 0.0868699 
0.0116926 -0.0204146 -0.00502108 0.00638057 -0.0204146 0.0951799 0.00637994 -0.0172559 -0.00502108 0.00637994 0.00874475 -0.0170501 0.00638057 -0.0172559 -0.0170501 0.0870138 
0.0116756 -0.0203494 -0.00498457 0.00636068 -0.0203494 0.0949263 0.00635239 -0.0171613 -0.00498457 0.00635239 0.00868303 -0.017019 0.00636068 -0.0171613 -0.017019 0.0868981 
0.0116823 -0.0203639 -0.00496242 0.00632388 -0.0203639 0.0949266 0.00631586 -0.0170739 -0.00496242 0.00631586 0.00865543 -0.0169503 0.00632388 -0.0170739 -0.0169503 0.086797 
0.011735 -0.0204226 -0.00495067 0.00629466 -0.0204226 0.0951365 0.00628798 -0.016986 -0.00495067 0.00628798 0.00869037 -0.0169213 0.00629466 -0.016986 -0.0169213 0.0867646 
0.0117821 -0.0204782 -0.0049468 0.00627904 -0.0204782 0.0953004 0.00627417 -0.0169326 -0.0049468 0.00627417 0.00872028 -0.0169731 0.00627904 -0.0169326 -0.0169731 0.0868492 
0.0117829 -0.020455 -0.00494659 0.00626742 -0.020455 0.0951422 0.00626728 -0.0169037 -0.00494659 0.00626728 0.00869289 -0.0170021 0.00626742 -0.0169037 -0.0170021 0.0868414 
0.0118351 -0.0204798 -0.00490215 0.00626773 -0.0204798 0.0951663 0.00627443 -0.0168993 -0.00490215 0.00627443 0.00861622 -0.0169813 0.00626773 -0.0168993 -0.0169813 0.0868442 
0.0119074 -0.0206348 -0.00487039 0.00621775 -0.0206348 0.0956448 0.00623232 -0.0168323 -0.00487039 0.00623232 0.00862705 -0.0169204 0.00621775 -0.0168323 -0.0169204 0.0868956 
0.0119312 -0.0206911 -0.00481432 0.00614309 -0.0206911 0.0958023 0.00615686 -0.0166325 -0.00481432 0.00615686 0.00866243 -0.016876 0.00614309 -0.0166325 -0.016876 0.0866623 
0.0119339 -0.0207081 -0.00476242 0.00607956 -0.0207081 0.0958661 0.00608492 -0.016452 -0.00476242 0.00608492 0.00871 -0.0169445 0.00607956 -0.016452 -0.0169445 0.0867078 
0.0119392 -0.0207048 -0.00475116 0.00603185 -0.0207048 0.0959104 0.00602853 -0.0163145 -0.00475116 0.00602853 0.00871349 -0.0170584 0.00603185 -0.0163145 -0.0170584 0.0870327 
0.011949 -0.020699 -0.00475567 0.00602165 -0.020699 0.0959146 0.00601369 -0.0162418 -0.00475567 0.00601369 0.00865818 -0.0170929 0.00602165 -0.0162418 -0.0170929 0.0872821 
0.0119373 -0.0206564 -0.0047624 0.00601979 -0.0206564 0.0957112 0.00601456 -0.0162113 -0.0047624 0.00601456 0.00859307 -0.0169897 0.00601979 -0.0162113 -0.0169897 0.0870906 
0.0119585 -0.0206668 -0.00476492 0.00604133 -0.0206668 0.0957043 0.00604265 -0.0162621 -0.00476492 0.00604265 0.00855768 -0.0169028 0.00604133 -0.0162621 -0.0169028 0.0868869 
0.0119935 -0.0207512 -0.00477033 0.00604375 -0.0207512 0.0959625 0.00605208 -0.0162969 -0.00477033 0.00605208 0.00861319 -0.0168551 0.00604375 -0.0162969 -0.0168551 0.0867775 
0.0119673 -0.0207011 -0.00477993 0.00604504 -0.0207011 0.0957731 0.00605287 -0.0163182 -0.00477993 0.00605287 0.0085974 -0.0168916 0.00604504 -0.0163182 -0.0168916 0.0866359 
0.011918 -0.0207013 -0.00484623 0.00606653 -0.0207013 0.0957698 0.00607493 -0.0163681 -0.00484623 0.00607493 0.00859659 -0.0169028 0.00606653 -0.0163681 -0.0169028 0.0867035 
0.0118866 -0.0206359 -0.00487396 0.00614521 -0.0206359 0.0956452 0.00615084 -0.0165032 -0.00487396 0.00615084 0.00856184 -0.0168826 0.00614521 -0.0165032 -0.0168826 0.086653 
0.0118371 -0.0206234 -0.00490987 0.00619746 -0.0206234 0.0956418 0.00620056 -0.0166662 -0.00490987 0.00620056 0.00859646 -0.0168435 0.00619746 -0.0166662 -0.0168435 0.0866124 
0.0117977 -0.0205114 -0.00492911 0.00624453 -0.0205114 0.0953518 0.00624178 -0.016804 -0.00492911 0.00624178 0.00857444 -0.0168531 0.00624453 -0.016804 -0.0168531 0.0865021 
0.011776 -0.0205071 -0.00494783 0.00627728 -0.0205071 0.09533 0.00627188 -0.0169117 -0.00494783 0.00627188 0.00859713 -0.0168394 0.00627728 -0.0169117 -0.0168394 0.0865245 
0.0117933 -0.0204608 -0.00493153 0.00630295 -0.0204608 0.09522 0.00629667 -0.0169962 -0.00493153 0.00629667 0.00855065 -0.0168574 0.00630295 -0.0169962 -0.0168574 0.0865254 
0.011795 -0.0204516 -0.00492257 0.00628079 -0.0204516 0.0950885 0.00627845 -0.0169991 -0.00492257 0.00627845 0.00849287 -0.0167868 0.00628079 -0.0169991 -0.0167868 0.0863726 
0.0117987 -0.0204959 -0.00489988 0.00626108 -0.0204959 0.0951878 0.00626486 -0.0169502 -0.00489988 0.00626486 0.00849499 -0.0166993 0.00626108 -0.0169502 -0.0166993 0.0861698 
0.0117321 -0.0204577 -0.00492034 0.0062462 -0.0204577 0.0950971 0.00624861 -0.0169316 -0.00492034 0.00624861 0.00851916 -0.0167023 0.0062462 -0.0169316 -0.0167023 0.0860547 
0.0116921 -0.0203933 -0.00495159 0.00627377 -0.0203933 0.0949963 0.00626872 -0.0169541 -0.00495159 0.00626872 0.00854483 -0.0167373 0.00627377 -0.0169541 -0.0167373 0.0861071 
0.0116983 -0.0203807 -0.00497329 0.00633061 -0.0203807 0.0950436 0.00632045 -0.0170726 -0.00497329 0.00632045 0.00854066 -0.0168015 0.00633061 -0.0170726 -0.0168015 0.086361 
0.011668 -0.0203484 -0.00494562 0.00632483 -0.0203484 0.0948559 0.00631644 -0.0170717 -0.00494562 0.00631644 0.00853677 -0.0167233 0.00632483 -0.0170717 -0.0167233 0.0861409 
0.0117058 -0.0203843 -0.00496696 0.0063151 -0.0203843 0.0950542 0.00630589 -0.0170797 -0.00496696 0.00630589 0.00856742 -0.0167652 0.0063151 -0.0170797 -0.0167652 0.0862842 
0.0116481 -0.0203621 -0.00500321 0.00632747 -0.0203621 0.0949417 0.00632033 -0.017089 -0.00500321 0.00632033 0.00859752 -0.0167875 0.00632747 -0.017089 -0.0167875 0.0862906 
0.0116431 -0.020259 -0.00498621 0.00638056 -0.020259 0.0946687 0.00637371 -0.0171941 -0.00498621 0.00637371 0.00853348 -0.0168244 0.00638056 -0.0171941 -0.0168244 0.0863273 
0.0115545 -0.0202401 -0.00501303 0.00637079 -0.0202401 0.0945022 0.00636822 -0.0172482 -0.00501303 0.00636822 0.00855672 -0.0167452 0.00637079 -0.0172482 -0.0167452 0.0862175 
0.0114809 -0.0201931 -0.00505748 0.00641425 -0.0201931 0.094533 0.0064084 -0.0173321 -0.00505748 0.0064084 0.00863784 -0.0167794 0.00641425 -0.0173321 -0.0167794 0.0862927 
0.0113623 -0.0200515 -0.00514242 0.0064685 -0.0200515 0.0941901 0.00644926 -0.0174419 -0.00514242 0.00644926 0.00874422 -0.0168504 0.0064685 -0.0174419 -0.0168504 0.0863524 
0.0113435 -0.0199179 -0.00520529 0.00658796 -0.0199179 0.0938816 0.00656003 -0.0176845 -0.00520529 0.00656003 0.00878726 -0.0170004 0.00658796 -0.0176845 -0.0170004 0.0866914 
0.0113273 -0.0198219 -0.00522446 0.00665239 -0.0198219 0.0934026 0.00663343 -0.0178955 -0.00522446 0.00663343 0.00871613 -0.017015 0.00665239 -0.0178955 -0.017015 0.0867065 
0.0113976 -0.0198915 -0.00520831 0.0066924 -0.0198915 0.0935685 0.00669256 -0.018077 -0.00520831 0.00669256 0.00863358 -0.0169627 0.0066924 -0.018077 -0.0169627 0.086781 
0.0114808 -0.019958 -0.00513054 0.00665054 -0.019958 0.0936758 0.00666669 -0.0180688 -0.00513054 0.00666669 0.00849752 -0.0168073 0.00665054 -0.0180688 -0.0168073 0.0864088 
0.0115337 -0.0200652 -0.00507613 0.00654975 -0.0200652 0.0938921 0.00657708 -0.0179042 -0.00507613 0.00657708 0.0084087 -0.0166214 0.00654975 -0.0179042 -0.0166214 0.0859172 
0.0115752 -0.0201393 -0.00503824 0.00648882 -0.0201393 0.0941406 0.00651597 -0.0177359 -0.00503824 0.00651597 0.00836284 -0.0165125 0.00648882 -0.0177359 -0.0165125 0.0855712 
0.0115343 -0.0201944 -0.00505303 0.00645843 -0.0201944 0.0943588 0.00648087 -0.0176394 -0.00505303 0.00648087 0.00840147 -0.0164766 0.00645843 -0.0176394 -0.0164766 0.0854475 
0.0114301 -0.0200753 -0.00505063 0.00646579 -0.0200753 0.0940702 0.00647317 -0.0175863 -0.00505063 0.00647317 0.00841049 -0.0164786 0.00646579 -0.0175863 -0.0164786 0.0852493 
0.0113828 -0.0199925 -0.00506975 0.00649149 -0.0199925 0.0939365 0.00648175 -0.0176223 -0.00506975 0.00648175 0.00844305 -0.0165196 0.00649149 -0.0176223 -0.0165196 0.0853701 
0.0113653 -0.0199057 -0.00508327 0.00651057 -0.0199057 0.0936556 0.00649071 -0.0176488 -0.00508327 0.00649071 0.00842492 -0.0165278 0.00651057 -0.0176488 -0.0165278 0.0853494 
0.0113135 -0.0199056 -0.00512411 0.00652772 -0.0199056 0.0935758 0.00651094 -0.0176887 -0.00512411 0.00651094 0.00848311 -0.0164944 0.00652772 -0.0176887 -0.0164944 0.0852919 
0.0113284 -0.0198781 -0.00514742 0.00658529 -0.0198781 0.0936076 0.00656952 -0.0178054 -0.00514742 0.00656952 0.00851172 -0.0165745 0.00658529 -0.0178054 -0.0165745 0.0854423 
0.0113535 -0.0198791 -0.00515512 0.00661812 -0.0198791 0.0935947 0.00660459 -0.0179217 -0.00515512 0.00660459 0.00851337 -0.0166281 0.00661812 -0.0179217 -0.0166281 0.0856306 
0.0113887 -0.0198978 -0.00513995 0.00662878 -0.0198978 0.0936217 0.00662376 -0.0179967 -0.00513995 0.00662376 0.00849164 -0.0166482 0.00662878 -0.0179967 -0.0166482 0.085766 
0.0113608 -0.0199165 -0.00511206 0.00658106 -0.0199165 0.0935531 0.00658532 -0.0179229 -0.00511206 0.00658532 0.00849617 -0.0165672 0.00658106 -0.0179229 -0.0165672 0.0855313 
0.0113731 -0.0198846 -0.00509906 0.00655325 -0.0198846 0.0934917 0.00655613 -0.0178505 -0.00509906 0.00655613 0.00848073 -0.0165832 0.00655325 -0.0178505 -0.0165832 0.0854679 
0.0114037 -0.0199307 -0.00508675 0.00654259 -0.0199307 0.0936156 0.00654426 -0.0178076 -0.00508675 0.00654426 0.00848235 -0.0165905 0.00654259 -0.0178076 -0.0165905 0.0855523 
0.0114277 -0.0199268 -0.00508406 0.00652965 -0.0199268 0.0935894 0.00653318 -0.0177828 -0.00508406 0.00653318 0.00843586 -0.016603 0.00652965 -0.0177828 -0.016603 0.0855857 
0.0115317 -0.0200254 -0.00503942 0.00652935 -0.0200254 0.0938988 0.00653884 -0.0177754 -0.00503942 0.00653884 0.00836055 -0.0165656 0.00652935 -0.0177754 -0.0165656 0.0856571 
0.011542 -0.0201433 -0.00501971 0.00645 -0.0201433 0.0941477 0.00646974 -0.0176314 -0.00501971 0.00646974 0.00836087 -0.0164255 0.00645 -0.0176314 -0.0164255 0.0853396 
0.0114902 -0.020157 -0.00506392 0.00640944 -0.020157 0.0942383 0.00642608 -0.0174778 -0.00506392 0.00642608 0.00843903 -0.0163934 0.00640944 -0.0174778 -0.0163934 0.085062 
0.0114292 -0.0201332 -0.00511646 0.006472 -0.0201332 0.0943159 0.00647327 -0.0175058 -0.00511646 0.00647327 0.00859063 -0.0165155 0.006472 -0.0175058 -0.0165155 0.0852404 
0.011418 -0.0200501 -0.0051558 0.00655514 -0.0200501 0.094219 0.00653795 -0.0176648 -0.0051558 0.00653795 0.00866563 -0.0167547 0.00655514 -0.0176648 -0.0167547 0.085803 
0.0114357 -0.0199859 -0.00514072 0.0065848 -0.0199859 0.0939328 0.00656479 -0.0177519 -0.00514072 0.00656479 0.00864924 -0.0168429 0.0065848 -0.0177519 -0.0168429 0.086108 
0.0114808 -0.0200676 -0.00513768 0.0065768 -0.0200676 0.0941258 0.00656926 -0.0177953 -0.00513768 0.00656926 0.00865002 -0.0168733 0.0065768 -0.0177953 -0.0168733 0.0864257 
0.0114865 -0.0200769 -0.0051054 0.0065439 -0.0200769 0.0940924 0.00654628 -0.01773 -0.0051054 0.00654628 0.00861832 -0.0168341 0.0065439 -0.01773 -0.0168341 0.0863252 
0.0114436 -0.0201043 -0.00515427 0.00653252 -0.0201043 0.0942368 0.00653772 -0.0177258 -0.00515427 0.00653772 0.00865547 -0.0168517 0.00653252 -0.0177258 -0.0168517 0.0864591 
0.0113578 -0.0199773 -0.00520499 0.00657714 -0.0199773 0.0938977 0.00657709 -0.0177693 -0.00520499 0.00657709 0.00863597 -0.0168486 0.00657714 -0.0177693 -0.0168486 0.0863391 
0.0113511 -0.0199455 -0.00526102 0.00666374 -0.0199455 0.0938846 0.00665845 -0.0179504 -0.00526102 0.00665845 0.00864117 -0.0168445 0.00666374 -0.0179504 -0.0168445 0.0864214 
0.0112585 -0.0198848 -0.00530949 0.0067138 -0.0198848 0.0936072 0.00671078 -0.018092 -0.00530949 0.00671078 0.00870693 -0.0167767 0.0067138 -0.018092 -0.0167767 0.0861348 
0.0112355 -0.0198581 -0.00534015 0.00678647 -0.0198581 0.093652 0.00678035 -0.0182678 -0.00534015 0.00678035 0.00882733 -0.0168688 0.00678647 -0.0182678 -0.0168688 0.0862581 
0.0112603 -0.0197901 -0.0053165 0.00683444 -0.0197901 0.0934963 0.00682144 -0.0184277 -0.0053165 0.00682144 0.00883452 -0.017044 0.00683444 -0.0184277 -0.017044 0.0866218 
0.0112762 -0.0197872 -0.00526337 0.00678755 -0.0197872 0.0933362 0.00677951 -0.0183989 -0.00526337 0.00677951 0.00877412 -0.0170536 0.00678755 -0.0183989 -0.0170536 0.0867479 
0.0113218 -0.0198162 -0.00523115 0.00673143 -0.0198162 0.0934011 0.00673088 -0.0183024 -0.00523115 0.00673088 0.00867422 -0.0170158 0.00673143 -0.0183024 -0.0170158 0.0868045 
0.0113499 -0.0198571 -0.00521799 0.00667652 -0.0198571 0.0934407 0.00668365 -0.0181597 -0.00521799 0.00668365 0.00858825 -0.0168627 0.00667652 -0.0181597 -0.0168627 0.086503 
0.01138 -0.019925 -0.00522093 0.00666931 -0.019925 0.0936498 0.00668275 -0.0181083 -0.00522093 0.00668275 0.00854727 -0.0167499 0.00666931 -0.0181083 -0.0167499 0.0862262 
0.0113555 -0.0199377 -0.00523614 0.00667391 -0.0199377 0.0936906 0.00668841 -0.0181098 -0.00523614 0.00668841 0.00851736 -0.0166718 0.00667391 -0.0181098 -0.0166718 0.0859262 
0.0113756 -0.0199104 -0.00521205 0.00669309 -0.0199104 0.0936368 0.0067024 -0.0181356 -0.00521205 0.0067024 0.00845363 -0.0166062 0.00669309 -0.0181356 -0.0166062 0.0856536 
0.0113938 -0.0199788 -0.00523076 0.00669858 -0.0199788 0.0938805 0.00670632 -0.0182024 -0.00523076 0.00670632 0.00847959 -0.016578 0.00669858 -0.0182024 -0.016578 0.0856843 
0.0113698 -0.0198957 -0.00522296 0.00669918 -0.0198957 0.0935736 0.00670402 -0.0181984 -0.00522296 0.00670402 0.0084517 -0.0165418 0.00669918 -0.0181984 -0.0165418 0.0853922 
0.0113254 -0.0199187 -0.00524461 0.00670218 -0.0199187 0.0936013 0.00670632 -0.0182193 -0.00524461 0.00670632 0.0084883 -0.0165261 0.00670218 -0.0182193 -0.0165261 0.0853462 
0.0113273 -0.0199027 -0.00522606 0.00672876 -0.0199027 0.0936721 0.00672746 -0.0182528 -0.00522606 0.00672746 0.00851418 -0.0165691 0.00672876 -0.0182528 -0.0165691 0.0854217 
0.0113373 -0.019901 -0.00521984 0.00672197 -0.019901 0.0937265 0.00671441 -0.0182762 -0.00521984 0.00671441 0.00852036 -0.0166364 0.00672197 -0.0182762 -0.0166364 0.0856575 
0.0113023 -0.0198721 -0.00520462 0.00668391 -0.0198721 0.0935609 0.00667494 -0.0181748 -0.00520462 0.00667494 0.00852812 -0.0165952 0.00668391 -0.0181748 -0.0165952 0.0855351 
0.0112729 -0.0198679 -0.00523375 0.00669386 -0.0198679 0.0936403 0.00668329 -0.0181829 -0.00523375 0.00668329 0.00860992 -0.0166643 0.00669386 -0.0181829 -0.0166643 0.0857607 
0.0112394 -0.0197511 -0.0052051 0.00670626 -0.0197511 0.0932554 0.0066918 -0.0181786 -0.0052051 0.0066918 0.00860632 -0.0167134 0.00670626 -0.0181786 -0.0167134 0.0857388 
0.0112168 -0.019812 -0.005227 0.00668729 -0.019812 0.0934418 0.00667379 -0.0181684 -0.005227 0.00667379 0.00869809 -0.0167577 0.00668729 -0.0181684 -0.0167577 0.0860062 
0.0112317 -0.0196944 -0.00519861 0.00668892 -0.0196944 0.0931073 0.00667256 -0.0181256 -0.00519861 0.00667256 0.00863273 -0.0168294 0.00668892 -0.0181256 -0.0168294 0.0860299 
0.0112941 -0.0197334 -0.00517471 0.00667843 -0.0197334 0.0931285 0.00667022 -0.0181409 -0.00517471 0.00667022 0.0085603 -0.0168159 0.00667843 -0.0181409 -0.0168159 0.0862053 
0.0113117 -0.0197783 -0.00515563 0.00662957 -0.0197783 0.0931267 0.00663785 -0.0180642 -0.00515563 0.00663785 0.00847293 -0.016686 0.00662957 -0.0180642 -0.016686 0.0859344 
0.0112576 -0.0198603 -0.00519046 0.00661957 -0.0198603 0.093422 0.00663739 -0.0180369 -0.00519046 0.00663739 0.00850905 -0.0165906 0.00661957 -0.0180369 -0.0165906 0.0857572 
0.0111786 -0.0197718 -0.0052099 0.00664535 -0.0197718 0.093294 0.00665207 -0.0180334 -0.0052099 0.00665207 0.00855991 -0.0165605 0.00664535 -0.0180334 -0.0165605 0.0854644 
0.0111607 -0.0196777 -0.00523446 0.0067078 -0.0196777 0.0931365 0.00669574 -0.0181661 -0.00523446 0.00669574 0.00860238 -0.0166691 0.0067078 -0.0181661 -0.0166691 0.0856559 
0.0111919 -0.0196001 -0.0051943 0.00672634 -0.0196001 0.0927876 0.0067092 -0.018235 -0.0051943 0.0067092 0.00854675 -0.0166921 0.00672634 -0.018235 -0.0166921 0.0856692 
0.0111973 -0.0196631 -0.00517145 0.00668475 -0.0196631 0.0928282 0.00667902 -0.0182193 -0.00517145 0.00667902 0.00854862 -0.0166496 0.00668475 -0.0182193 -0.0166496 0.0856799 
0.0112151 -0.0196519 -0.00516178 0.00666219 -0.0196519 0.0928473 0.00666401 -0.0181869 -0.00516178 0.00666401 0.00850444 -0.016674 0.00666219 -0.0181869 -0.016674 0.0857412 
0.0112718 -0.0196946 -0.00516384 0.00665383 -0.0196946 0.0929846 0.0066606 -0.0181676 -0.00516384 0.0066606 0.00842911 -0.0166354 0.00665383 -0.0181676 -0.0166354 0.0857815 
0.0112541 -0.0197243 -0.00517298 0.006631 -0.0197243 0.0929413 0.00664799 -0.0181061 -0.00517298 0.00664799 0.00837409 -0.0164709 0.006631 -0.0181061 -0.0164709 0.0853416 
0.0111954 -0.0197201 -0.00522378 0.00665431 -0.0197201 0.0929558 0.00667311 -0.0181386 -0.00522378 0.00667311 0.00839065 -0.0163854 0.00665431 -0.0181386 -0.0163854 0.085007 
0.0111797 -0.019717 -0.00525332 0.00673588 -0.019717 0.093114 0.00674543 -0.018291 -0.00525332 0.00674543 0.00843022 -0.0164094 0.00673588 -0.018291 -0.0164094 0.0850012 
0.0112267 -0.0197125 -0.00522411 0.00677165 -0.0197125 0.0931761 0.00676969 -0.0183995 -0.00522411 0.00676969 0.0084268 -0.0164349 0.00677165 -0.0183995 -0.0164349 0.0850264 
0.0111585 -0.0197469 -0.0052547 0.0067349 -0.0197469 0.0932106 0.00673052 -0.0183812 -0.0052547 0.00673052 0.00852954 -0.0164408 0.0067349 -0.0183812 -0.0164408 0.0850473 
0.0110946 -0.0196046 -0.00523515 0.00676152 -0.0196046 0.09287 0.0067482 -0.0183785 -0.00523515 0.0067482 0.00855261 -0.0165598 0.00676152 -0.0183785 -0.0165598 0.0851486 
0.0110871 -0.019538 -0.00522039 0.00676711 -0.019538 0.092702 0.00674687 -0.0184251 -0.00522039 0.00674687 0.00854422 -0.0166575 0.00676711 -0.0184251 -0.0166575 0.0855349 
0.0111028 -0.019538 -0.00518824 0.00673309 -0.019538 0.0926337 0.00671735 -0.018362 -0.00518824 0.00671735 0.00851807 -0.0166208 0.00673309 -0.018362 -0.0166208 0.0855819 
0.01114 -0.0195596 -0.00513387 0.00667668 -0.0195596 0.0926172 0.00666852 -0.0182347 -0.00513387 0.00666852 0.00846807 -0.0165489 0.00667668 -0.0182347 -0.0165489 0.0853868 
