0.00352081 0 0.000513527 0 0 0.00999033 0 0 0.000513527 0 0.0114213 0 0 0 0 0.00999033 
0.00503635 -0.00634007 0.000399162 -0.000473601 -0.00634007 0.021328 -0.000473601 0.000907972 0.000399162 -0.000473601 0.0160594 -0.0198701 -0.000473601 0.000907972 -0.0198701 0.0472711 
0.00566821 -0.0117254 0.000344564 -0.00030578 -0.0117254 0.046933 -0.00030578 0.000844099 0.000344564 -0.00030578 0.0155612 -0.0281123 -0.00030578 0.000844099 -0.0281123 0.0988669 
0.00556913 -0.0135915 0.000367895 -0.000174809 -0.0135915 0.066378 -0.000179379 -0.000216412 0.000367895 -0.000179379 0.0144788 -0.0256168 -0.000174809 -0.000216412 -0.0256168 0.108796 
0.00544762 -0.0133951 0.000458537 -0.00023724 -0.0133951 0.0738856 -0.000237767 -0.000456485 0.000458537 -0.000237767 0.0145524 -0.024215 -0.00023724 -0.000456485 -0.024215 0.10693 
0.00539521 -0.0129703 0.000454834 -0.000347524 -0.0129703 0.0752982 -0.000341351 -0.000126576 0.000454834 -0.000341351 0.0148999 -0.0242891 -0.000347524 -0.000126576 -0.0242891 0.106147 
0.00539011 -0.0127641 0.00038686 -0.000344734 -0.0127641 0.0752712 -0.000332616 0.000126205 0.00038686 -0.000332616 0.0151284 -0.0246871 -0.000344734 0.000126205 -0.0246871 0.106745 
0.00532176 -0.0126841 0.000268843 -0.000216294 -0.0126841 0.0750525 -0.00020082 -2.09802e-05 0.000268843 -0.00020082 0.0152397 -0.0249166 -0.000216294 -2.09802e-05 -0.0249166 0.107387 
0.00525909 -0.0125862 0.000169321 -6.16781e-05 -0.0125862 0.0748546 -4.73162e-05 -0.00035587 0.000169321 -4.73162e-05 0.0152966 -0.025045 -6.16781e-05 -0.00035587 -0.025045 0.107841 
0.00517181 -0.0124526 0.000177126 8.09148e-05 -0.0124526 0.0744095 9.09779e-05 -0.000744971 0.000177126 9.09779e-05 0.015265 -0.0250563 8.09148e-05 -0.000744971 -0.0250563 0.107871 
0.00512548 -0.0123235 0.00016297 7.03117e-05 -0.0123235 0.0740046 6.81741e-05 -0.000868548 0.00016297 6.81741e-05 0.015233 -0.025032 7.03117e-05 -0.000868548 -0.025032 0.107852 
0.00521536 -0.0122733 0.00018521 9.35878e-06 -0.0122733 0.0737798 1.35655e-06 -0.000688522 0.00018521 1.35655e-06 0.0152008 -0.0249971 9.35878e-06 -0.000688522 -0.0249971 0.107772 
0.00532164 -0.0124164 0.000143481 -3.49137e-05 -0.0124164 0.0740263 -4.07966e-05 -0.000527245 0.000143481 -4.07966e-05 0.0152348 -0.0250065 -3.49137e-05 -0.000527245 -0.0250065 0.107877 
0.00530969 -0.0125396 4.22324e-05 6.997e-05 -0.0125396 0.0742627 7.39702e-05 -0.000707875 4.22324e-05 7.39702e-05 0.0152493 -0.0249925 6.997e-05 -0.000707875 -0.0249925 0.107778 
0.00527643 -0.0125808 -4.23507e-05 0.00018388 -0.0125808 0.0745831 0.000197904 -0.000982063 -4.23507e-05 0.000197904 0.0152968 -0.025055 0.00018388 -0.000982063 -0.025055 0.107956 
0.00527373 -0.0125395 -5.62424e-05 0.000250935 -0.0125395 0.0745707 0.000268929 -0.00116171 -5.62424e-05 0.000268929 0.0152917 -0.0250628 0.000250935 -0.00116171 -0.0250628 0.107904 
0.00520302 -0.012551 -5.67624e-05 0.000286919 -0.012551 0.0746588 0.000301019 -0.00130495 -5.67624e-05 0.000301019 0.0153376 -0.0251109 0.000286919 -0.00130495 -0.0251109 0.108101 
0.00516527 -0.0124414 -6.45662e-05 0.000270761 -0.0124414 0.0744172 0.000275285 -0.00128989 -6.45662e-05 0.000275285 0.0153494 -0.0251028 0.000270761 -0.00128989 -0.0251028 0.107989 
0.0051412 -0.0123942 -0.000102443 0.000299599 -0.0123942 0.0742985 0.000296022 -0.00133365 -0.000102443 0.000296022 0.0153849 -0.0251807 0.000299599 -0.00133365 -0.0251807 0.108228 
0.00516848 -0.0123641 -0.000116021 0.000339227 -0.0123641 0.0742196 0.000335055 -0.00140387 -0.000116021 0.000335055 0.0153805 -0.0252305 0.000339227 -0.00140387 -0.0252305 0.108429 
0.00519262 -0.0123776 -0.000128265 0.000349302 -0.0123776 0.0741145 0.000350066 -0.00144862 -0.000128265 0.000350066 0.0153466 -0.0251758 0.000349302 -0.00144862 -0.0251758 0.108294 
0.00528594 -0.0124552 -8.19259e-05 0.000337453 -0.0124552 0.0743566 0.000343251 -0.0014168 -8.19259e-05 0.000343251 0.0153655 -0.0251894 0.000337453 -0.0014168 -0.0251894 0.108388 
0.00531698 -0.0125525 -8.20052e-05 0.000329781 -0.0125525 0.0745348 0.000332289 -0.00144951 -8.20052e-05 0.000332289 0.015341 -0.0251751 0.000329781 -0.00144951 -0.0251751 0.108324 
0.00532956 -0.0126019 -6.3047e-06 0.000310547 -0.0126019 0.0746646 0.000310567 -0.00139602 -6.3047e-06 0.000310567 0.0152861 -0.0251152 0.000310547 -0.00139602 -0.0251152 0.108117 
0.00533879 -0.012645 3.1924e-05 0.000209591 -0.012645 0.0748738 0.000205962 -0.00120494 3.1924e-05 0.000205962 0.0152887 -0.0250874 0.000209591 -0.00120494 -0.0250874 0.10808 
0.00526524 -0.0126389 -4.01213e-05 0.00020114 -0.0126389 0.0749186 0.000194074 -0.00114584 -4.01213e-05 0.000194074 0.0153182 -0.0250906 0.00020114 -0.00114584 -0.0250906 0.108084 
0.00516161 -0.0125244 -9.24845e-05 0.000287313 -0.0125244 0.0746844 0.000287174 -0.00127363 -9.24845e-05 0.000287174 0.015325 -0.0251003 0.000287313 -0.00127363 -0.0251003 0.108042 
0.00508657 -0.0123768 -0.000152235 0.000355819 -0.0123768 0.0743358 0.000361512 -0.00146456 -0.000152235 0.000361512 0.0153353 -0.0251246 0.000355819 -0.00146456 -0.0251246 0.108111 
0.00509484 -0.0122641 -0.000124968 0.000394199 -0.0122641 0.0739691 0.000402882 -0.00156166 -0.000124968 0.000402882 0.0153177 -0.0251258 0.000394199 -0.00156166 -0.0251258 0.108103 
0.00508205 -0.0122467 -0.000106399 0.000376049 -0.0122467 0.0737317 0.000381341 -0.001585 -0.000106399 0.000381341 0.0152881 -0.0250915 0.000376049 -0.001585 -0.0250915 0.108006 
0.00504063 -0.0122312 -8.61414e-05 0.000360219 -0.0122312 0.0736439 0.000360812 -0.00155643 -8.61414e-05 0.000360812 0.0152715 -0.0250634 0.000360219 -0.00155643 -0.0250634 0.107941 
0.00503186 -0.0121922 -2.80164e-05 0.000323468 -0.0121922 0.0736176 0.000320571 -0.00146836 -2.80164e-05 0.000320571 0.0152717 -0.0250724 0.000323468 -0.00146836 -0.0250724 0.108004 
0.00504978 -0.0121657 -3.05614e-05 0.000248265 -0.0121657 0.073531 0.000240438 -0.00130375 -3.05614e-05 0.000240438 0.0152782 -0.0250625 0.000248265 -0.00130375 -0.0250625 0.107993 
0.005086 -0.0121926 -0.000101083 0.000232682 -0.0121926 0.0735552 0.000225356 -0.0011812 -0.000101083 0.000225356 0.0153073 -0.0250767 0.000232682 -0.0011812 -0.0250767 0.108029 
0.00509266 -0.0122359 -0.000135887 0.000341197 -0.0122359 0.073617 0.000343503 -0.00135242 -0.000135887 0.000343503 0.015322 -0.0251011 0.000341197 -0.00135242 -0.0251011 0.108064 
0.00503909 -0.012257 -0.000129217 0.000388376 -0.012257 0.0736982 0.000396185 -0.00153305 -0.000129217 0.000396185 0.0153345 -0.0251176 0.000388376 -0.00153305 -0.0251176 0.108102 
0.00499789 -0.0121823 -0.000152906 0.000398759 -0.0121823 0.0735981 0.000400539 -0.00162893 -0.000152906 0.000400539 0.01531 -0.025128 0.000398759 -0.00162893 -0.025128 0.108123 
0.00495565 -0.0121155 -0.0001908 0.000410783 -0.0121155 0.0734133 0.000411171 -0.0016483 -0.0001908 0.000411171 0.0152895 -0.0250976 0.000410783 -0.0016483 -0.0250976 0.108077 
0.00496019 -0.0120549 -0.00019628 0.000470336 -0.0120549 0.0732747 0.000477254 -0.00177379 -0.00019628 0.000477254 0.0152537 -0.0250973 0.000470336 -0.00177379 -0.0250973 0.108132 
0.00492424 -0.0120239 -0.000148506 0.000484617 -0.0120239 0.07306 0.000496414 -0.00186749 -0.000148506 0.000496414 0.0151912 -0.0250054 0.000484617 -0.00186749 -0.0250054 0.107893 
0.00485731 -0.0119708 -0.000164886 0.000417984 -0.0119708 0.0729006 0.000425532 -0.00178154 -0.000164886 0.000425532 0.0151772 -0.0249296 0.000417984 -0.00178154 -0.0249296 0.10767 
0.00486156 -0.0118737 -0.000176437 0.00040887 -0.0118737 0.0726629 0.00041419 -0.00168105 -0.000176437 0.00041419 0.0151591 -0.0249102 0.00040887 -0.00168105 -0.0249102 0.107537 
0.0048957 -0.0118811 -0.000216912 0.000408647 -0.0118811 0.0726366 0.000414977 -0.00163592 -0.000216912 0.000414977 0.0151894 -0.0249342 0.000408647 -0.00163592 -0.0249342 0.107647 
0.00490372 -0.0119196 -0.000187519 0.000459048 -0.0119196 0.0726494 0.00047011 -0.00170742 -0.000187519 0.00047011 0.0151963 -0.0249394 0.000459048 -0.00170742 -0.0249394 0.107622 
0.00492846 -0.0119407 -0.000178855 0.000408793 -0.0119407 0.0726828 0.000414917 -0.00164463 -0.000178855 0.000414917 0.0151944 -0.0249293 0.000408793 -0.00164463 -0.0249293 0.107537 
0.00496525 -0.0119982 -0.000154618 0.00040083 -0.0119982 0.0728813 0.000401111 -0.00158974 -0.000154618 0.000401111 0.0152305 -0.0249718 0.00040083 -0.00158974 -0.0249718 0.107682 
0.0050546 -0.01207 -0.000108781 0.000354354 -0.01207 0.0731203 0.00035017 -0.00146947 -0.000108781 0.00035017 0.0152444 -0.0250212 0.000354354 -0.00146947 -0.0250212 0.107829 
0.00508452 -0.0121742 -3.06366e-05 0.000361719 -0.0121742 0.0733491 0.000353098 -0.00150255 -3.06366e-05 0.000353098 0.0152032 -0.0250262 0.000361719 -0.00150255 -0.0250262 0.10788 
0.00510675 -0.0122109 4.50456e-05 0.000248753 -0.0122109 0.073439 0.000234184 -0.00130635 4.50456e-05 0.000234184 0.015148 -0.0249256 0.000248753 -0.00130635 -0.0249256 0.107596 
0.00512501 -0.0122749 4.29191e-05 0.000166503 -0.0122749 0.0737429 0.000148401 -0.00109307 4.29191e-05 0.000148401 0.015176 -0.0249466 0.000166503 -0.00109307 -0.0249466 0.107742 
0.00507602 -0.0122765 -2.9464e-05 0.000157951 -0.0122765 0.0737596 0.000145188 -0.000990092 -2.9464e-05 0.000145188 0.0151994 -0.0249223 0.000157951 -0.000990092 -0.0249223 0.10762 
0.00504409 -0.0122195 -3.31883e-05 0.000248049 -0.0122195 0.0736898 0.000249286 -0.00112682 -3.31883e-05 0.000249286 0.0152042 -0.0249647 0.000248049 -0.00112682 -0.0249647 0.107677 
0.00506701 -0.0121453 2.21417e-05 0.000267711 -0.0121453 0.0734235 0.000273065 -0.00125834 2.21417e-05 0.000273065 0.0151265 -0.0249316 0.000267711 -0.00125834 -0.0249316 0.107552 
0.00510864 -0.0121801 5.52975e-05 0.000187498 -0.0121801 0.073427 0.000188111 -0.00115017 5.52975e-05 0.000188111 0.0150983 -0.024875 0.000187498 -0.00115017 -0.024875 0.1075 
0.00509437 -0.0122359 5.01007e-05 0.00017253 -0.0122359 0.0735664 0.000170979 -0.00109329 5.01007e-05 0.000170979 0.0151073 -0.0248555 0.00017253 -0.00109329 -0.0248555 0.107494 
0.00509154 -0.0122308 3.87487e-05 0.000135576 -0.0122308 0.0736449 0.000135928 -0.000970316 3.87487e-05 0.000135928 0.015136 -0.0248561 0.000135576 -0.000970316 -0.0248561 0.107466 
0.00509951 -0.0122211 4.87643e-05 0.000157634 -0.0122211 0.0736291 0.000160139 -0.000974117 4.87643e-05 0.000160139 0.0151487 -0.0248862 0.000157634 -0.000974117 -0.0248862 0.107498 
0.00510744 -0.0122131 0.000135479 0.000138565 -0.0122131 0.0735148 0.000139071 -0.000942374 0.000135479 0.000139071 0.0151137 -0.0248588 0.000138565 -0.000942374 -0.0248588 0.107352 
0.00518872 -0.0122575 0.000243336 2.65785e-05 -0.0122575 0.0736766 1.66984e-05 -0.000730306 0.000243336 1.66984e-05 0.0150964 -0.0248832 2.65785e-05 -0.000730306 -0.0248832 0.107494 
0.00523107 -0.0123602 0.000246676 -9.19935e-05 -0.0123602 0.0739072 -0.000112739 -0.000441825 0.000246676 -0.000112739 0.0151155 -0.0248616 -9.19935e-05 -0.000441825 -0.0248616 0.107517 
0.00521853 -0.0124046 0.000221428 -8.42691e-05 -0.0124046 0.0740103 -0.000101033 -0.000351569 0.000221428 -0.000101033 0.0150996 -0.0248419 -8.42691e-05 -0.000351569 -0.0248419 0.107385 
0.00518885 -0.0123705 0.000160307 -1.79376e-05 -0.0123705 0.0739255 -2.32152e-05 -0.000500036 0.000160307 -2.32152e-05 0.0150574 -0.0247996 -1.79376e-05 -0.000500036 -0.0247996 0.107215 
0.00517379 -0.0123599 0.000116349 6.13471e-05 -0.0123599 0.0740185 6.93604e-05 -0.000719576 0.000116349 6.93604e-05 0.015079 -0.0248308 6.13471e-05 -0.000719576 -0.0248308 0.107417 
0.00516211 -0.0123088 0.00018791 0.000105081 -0.0123088 0.0738486 0.000119323 -0.000877106 0.00018791 0.000119323 0.0150129 -0.0247887 0.000105081 -0.000877106 -0.0247887 0.107265 
0.00519426 -0.0122917 0.000260062 -2.73806e-05 -0.0122917 0.073745 -2.2175e-05 -0.000665103 0.000260062 -2.2175e-05 0.0149803 -0.0247059 -2.73806e-05 -0.000665103 -0.0247059 0.107047 
0.00521013 -0.0123247 0.000290978 -8.69948e-05 -0.0123247 0.0737716 -9.203e-05 -0.000480373 0.000290978 -9.203e-05 0.0149656 -0.0246843 -8.69948e-05 -0.000480373 -0.0246843 0.106977 
0.00520089 -0.0123498 0.000285315 -0.000145753 -0.0123498 0.0738379 -0.000155169 -0.000287629 0.000285315 -0.000155169 0.0149837 -0.0246652 -0.000145753 -0.000287629 -0.0246652 0.106911 
0.00521119 -0.0123319 0.000288828 -0.000142395 -0.0123319 0.073793 -0.000148854 -0.00021725 0.000288828 -0.000148854 0.0149807 -0.0246644 -0.000142395 -0.00021725 -0.0246644 0.106825 
0.00530467 -0.0123774 0.000324812 -0.000149249 -0.0123774 0.0739771 -0.000152268 -0.000194959 0.000324812 -0.000152268 0.0149832 -0.0247307 -0.000149249 -0.000194959 -0.0247307 0.107078 
0.00536436 -0.0124749 0.000348091 -0.000187839 -0.0124749 0.0740894 -0.000191228 -0.000130981 0.000348091 -0.000191228 0.0149481 -0.0246696 -0.000187839 -0.000130981 -0.0246696 0.10692 
0.00541971 -0.012566 0.000367192 -0.000196548 -0.012566 0.074317 -0.000200294 -0.000108353 0.000367192 -0.000200294 0.0149019 -0.0246298 -0.000196548 -0.000108353 -0.0246298 0.106793 
0.00546599 -0.0126505 0.000384431 -0.000224616 -0.0126505 0.0745703 -0.000226978 -5.45757e-05 0.000384431 -0.000226978 0.0148719 -0.0245768 -0.000224616 -5.45757e-05 -0.0245768 0.106661 
0.00547905 -0.0127382 0.000376441 -0.000215379 -0.0127382 0.0749337 -0.000213948 -9.04588e-05 0.000376441 -0.000213948 0.0148882 -0.0245934 -0.000215379 -9.04588e-05 -0.0245934 0.106796 
0.00542549 -0.0127195 0.000343989 -0.000215997 -0.0127195 0.0748804 -0.000212797 -9.39937e-05 0.000343989 -0.000212797 0.014885 -0.0245222 -0.000215997 -9.39937e-05 -0.0245222 0.106498 
0.00537833 -0.0126991 0.000315495 -0.000188896 -0.0126991 0.0750151 -0.000184036 -0.000129256 0.000315495 -0.000184036 0.0149621 -0.024615 -0.000188896 -0.000129256 -0.024615 0.106778 
0.0053546 -0.0125991 0.000293841 -0.000170545 -0.0125991 0.0747304 -0.000164456 -0.000159723 0.000293841 -0.000164456 0.0149815 -0.024627 -0.000170545 -0.000159723 -0.024627 0.1067 
0.00529895 -0.0125705 0.000264801 -0.000133327 -0.0125705 0.074593 -0.00013042 -0.000239495 0.000264801 -0.00013042 0.0150311 -0.024686 -0.000133327 -0.000239495 -0.024686 0.106844 
0.00529022 -0.0125106 0.000264042 -0.000109236 -0.0125106 0.0744686 -0.000109415 -0.000291115 0.000264042 -0.000109415 0.015059 -0.0247521 -0.000109236 -0.000291115 -0.0247521 0.107014 
0.00527764 -0.012505 0.000243543 -0.000107253 -0.012505 0.0744394 -0.000110622 -0.000310374 0.000243543 -0.000110622 0.0151051 -0.0248085 -0.000107253 -0.000310374 -0.0248085 0.107229 
0.00530899 -0.0124801 0.000267325 -8.93791e-05 -0.0124801 0.0743278 -9.3455e-05 -0.000328377 0.000267325 -9.3455e-05 0.0150976 -0.024828 -8.93791e-05 -0.000328377 -0.024828 0.10724 
0.00531237 -0.0125265 0.00022745 -0.000116459 -0.0125265 0.0743734 -0.000122381 -0.000297107 0.00022745 -0.000122381 0.0151285 -0.0248318 -0.000116459 -0.000297107 -0.0248318 0.107277 
0.00537535 -0.012581 0.000218361 -6.89265e-05 -0.012581 0.0746629 -7.1971e-05 -0.000351367 0.000218361 -7.1971e-05 0.0151539 -0.0249416 -6.89265e-05 -0.000351367 -0.0249416 0.107653 
0.00531596 -0.0126054 0.000203399 -2.54606e-05 -0.0126054 0.074577 -2.36332e-05 -0.0004949 0.000203399 -2.36332e-05 0.0151136 -0.0248567 -2.54606e-05 -0.0004949 -0.0248567 0.107385 
0.00525648 -0.0125835 0.000228118 -1.41318e-05 -0.0125835 0.074721 -8.13492e-06 -0.000570098 0.000228118 -8.13492e-06 0.0151562 -0.0248987 -1.41318e-05 -0.000570098 -0.0248987 0.107571 
0.00514403 -0.0124464 0.000199556 -2.71184e-05 -0.0124464 0.074342 -2.7935e-05 -0.000588269 0.000199556 -2.7935e-05 0.0151648 -0.0248615 -2.71184e-05 -0.000588269 -0.0248615 0.107361 
0.00508002 -0.0123083 0.000154978 -8.46692e-06 -0.0123083 0.0740363 -1.4526e-05 -0.00058943 0.000154978 -1.4526e-05 0.0152091 -0.0249331 -8.46692e-06 -0.00058943 -0.0249331 0.10754 
0.005091 -0.0121969 0.000118055 2.02558e-05 -0.0121969 0.0736366 1.67804e-05 -0.000610312 0.000118055 1.67804e-05 0.0152073 -0.0249574 2.02558e-05 -0.000610312 -0.0249574 0.107569 
0.00513174 -0.0122125 0.000110396 6.91657e-05 -0.0122125 0.0735394 7.07246e-05 -0.000711136 0.000110396 7.07246e-05 0.0152125 -0.0249858 6.91657e-05 -0.000711136 -0.0249858 0.107703 
0.00513372 -0.0122897 6.42776e-05 7.70613e-05 -0.0122897 0.0737103 7.96227e-05 -0.000766503 6.42776e-05 7.96227e-05 0.0152487 -0.0250094 7.70613e-05 -0.000766503 -0.0250094 0.107843 
0.00514008 -0.0123053 2.98081e-05 0.000107208 -0.0123053 0.0737927 0.000112536 -0.000798314 2.98081e-05 0.000112536 0.0152763 -0.0250153 0.000107208 -0.000798314 -0.0250153 0.107801 
0.00511206 -0.0123116 -4.57055e-05 0.000166121 -0.0123116 0.0738056 0.000174067 -0.000934408 -4.57055e-05 0.000174067 0.0153044 -0.0250422 0.000166121 -0.000934408 -0.0250422 0.107807 
0.00509497 -0.0123051 -0.000122879 0.000267372 -0.0123051 0.0739118 0.000277105 -0.00116252 -0.000122879 0.000277105 0.0153526 -0.0251305 0.000267372 -0.00116252 -0.0251305 0.108095 
0.0051485 -0.0122851 -0.000125346 0.000343393 -0.0122851 0.0738904 0.000355773 -0.00135813 -0.000125346 0.000355773 0.0153405 -0.0251655 0.000343393 -0.00135813 -0.0251655 0.108207 
0.00517681 -0.0123486 -0.000133831 0.000378535 -0.0123486 0.073991 0.000390549 -0.00152831 -0.000133831 0.000390549 0.0153426 -0.0251647 0.000378535 -0.00152831 -0.0251647 0.108294 
0.00524894 -0.0123944 -0.000103965 0.000360977 -0.0123944 0.0740902 0.000369546 -0.00151645 -0.000103965 0.000369546 0.0153183 -0.0251279 0.000360977 -0.00151645 -0.0251279 0.10816 
0.00522073 -0.0124859 -9.33351e-05 0.000373764 -0.0124859 0.0742966 0.000377473 -0.00157871 -9.33351e-05 0.000377473 0.0153117 -0.0251209 0.000373764 -0.00157871 -0.0251209 0.108162 
0.0052181 -0.0124556 -9.99302e-05 0.000324452 -0.0124556 0.0742912 0.000322424 -0.00147058 -9.99302e-05 0.000322424 0.0152844 -0.0250644 0.000324452 -0.00147058 -0.0250644 0.107934 
0.00517884 -0.0124798 -0.000122967 0.000334126 -0.0124798 0.0744551 0.000332227 -0.00144131 -0.000122967 0.000332227 0.0153369 -0.0251132 0.000334126 -0.00144131 -0.0251132 0.108132 
0.00512751 -0.0124067 -0.000143214 0.000364413 -0.0124067 0.0743099 0.000366313 -0.00149275 -0.000143214 0.000366313 0.0153486 -0.0251234 0.000364413 -0.00149275 -0.0251234 0.108097 
0.00514249 -0.0123679 -0.000136029 0.000360313 -0.0123679 0.0742875 0.000361046 -0.00147474 -0.000136029 0.000361046 0.0153989 -0.0251921 0.000360313 -0.00147474 -0.0251921 0.108324 
0.00519028 -0.0123742 -0.000125038 0.000335831 -0.0123742 0.0742147 0.000333266 -0.00140138 -0.000125038 0.000333266 0.0154185 -0.0252154 0.000335831 -0.00140138 -0.0252154 0.108353 
0.00521545 -0.0124253 -0.000120729 0.000331451 -0.0124253 0.074205 0.000325864 -0.00136905 -0.000120729 0.000325864 0.0154135 -0.0252119 0.000331451 -0.00136905 -0.0252119 0.108274 
0.00523382 -0.0124861 -0.000118979 0.000332449 -0.0124861 0.0743822 0.000325083 -0.00136214 -0.000118979 0.000325083 0.0154387 -0.025239 0.000332449 -0.00136214 -0.025239 0.108358 
0.00518523 -0.0125248 -0.000158568 0.000358147 -0.0125248 0.0745855 0.00035016 -0.00143392 -0.000158568 0.00035016 0.0154933 -0.0253075 0.000358147 -0.00143392 -0.0253075 0.108607 
0.00508851 -0.0124244 -0.00022721 0.000415319 -0.0124244 0.07435 0.000407469 -0.00156255 -0.00022721 0.000407469 0.0154825 -0.0253013 0.000415319 -0.00156255 -0.0253013 0.108513 
0.00504823 -0.01232 -0.000266206 0.000484975 -0.01232 0.074188 0.000483376 -0.0017168 -0.000266206 0.000483376 0.0155047 -0.0253571 0.000484975 -0.0017168 -0.0253571 0.108738 
0.00500464 -0.0122081 -0.000315383 0.000547231 -0.0122081 0.0737538 0.000551215 -0.0019061 -0.000315383 0.000551215 0.0154765 -0.0253158 0.000547231 -0.0019061 -0.0253158 0.108593 
0.00501674 -0.012181 -0.00033808 0.000593198 -0.012181 0.0736835 0.000601772 -0.00204016 -0.00033808 0.000601772 0.0154874 -0.0253561 0.000593198 -0.00204016 -0.0253561 0.108787 
0.00502379 -0.0121882 -0.000364872 0.000602708 -0.0121882 0.0736154 0.0006128 -0.00208352 -0.000364872 0.0006128 0.0154798 -0.0253262 0.000602708 -0.00208352 -0.0253262 0.10871 
0.00500921 -0.0121858 -0.000369989 0.000650804 -0.0121858 0.0735561 0.000662715 -0.0021958 -0.000369989 0.000662715 0.0154466 -0.0252998 0.000650804 -0.0021958 -0.0252998 0.108597 
0.00499855 -0.0121578 -0.000320829 0.000665502 -0.0121578 0.0734615 0.000676701 -0.00227622 -0.000320829 0.000676701 0.015396 -0.0252467 0.000665502 -0.00227622 -0.0252467 0.108435 
0.00501606 -0.0121777 -0.000304551 0.000611598 -0.0121777 0.0736275 0.000617544 -0.00221909 -0.000304551 0.000617544 0.0154059 -0.0252717 0.000611598 -0.00221909 -0.0252717 0.108637 
0.00501156 -0.0121581 -0.000262948 0.000574521 -0.0121581 0.0734839 0.000577981 -0.00209762 -0.000262948 0.000577981 0.0153567 -0.0251836 0.000574521 -0.00209762 -0.0251836 0.108326 
0.00502173 -0.0121834 -0.000208217 0.000506508 -0.0121834 0.073599 0.00050707 -0.00192678 -0.000208217 0.00050707 0.0153706 -0.0251864 0.000506508 -0.00192678 -0.0251864 0.108354 
0.00504661 -0.0121987 -0.000150987 0.000441787 -0.0121987 0.0736776 0.000438064 -0.00175082 -0.000150987 0.000438064 0.0153883 -0.0252003 0.000441787 -0.00175082 -0.0252003 0.108391 
0.00513724 -0.0122062 -7.10316e-05 0.000353403 -0.0122062 0.0735866 0.000342772 -0.0015097 -7.10316e-05 0.000342772 0.01534 -0.0251534 0.000353403 -0.0015097 -0.0251534 0.108145 
0.00517374 -0.0123585 -7.21464e-05 0.000296705 -0.0123585 0.0739757 0.000280473 -0.00136761 -7.21464e-05 0.000280473 0.0153857 -0.025204 0.000296705 -0.00136761 -0.025204 0.108413 
0.00519173 -0.0124005 -0.000128627 0.000295146 -0.0124005 0.0741354 0.000281528 -0.00130597 -0.000128627 0.000281528 0.0153789 -0.0251945 0.000295146 -0.00130597 -0.0251945 0.108343 
0.00522595 -0.0124451 -0.000140984 0.000357701 -0.0124451 0.0743273 0.000355934 -0.0013988 -0.000140984 0.000355934 0.0153793 -0.0252161 0.000357701 -0.0013988 -0.0252161 0.108428 
0.00521127 -0.0124781 -0.000187903 0.00036853 -0.0124781 0.0743728 0.000373668 -0.00147278 -0.000187903 0.000373668 0.0153751 -0.0251684 0.00036853 -0.00147278 -0.0251684 0.10826 
0.00514024 -0.0124593 -0.000235574 0.000449427 -0.0124593 0.0743746 0.000460176 -0.00165917 -0.000235574 0.000460176 0.0154013 -0.0251761 0.000449427 -0.00165917 -0.0251761 0.108237 
0.00513702 -0.0123946 -0.00024357 0.000463644 -0.0123946 0.0743219 0.000472168 -0.00170605 -0.00024357 0.000472168 0.0154354 -0.0252214 0.000463644 -0.00170605 -0.0252214 0.108321 
0.00512798 -0.0123717 -0.000252965 0.000496315 -0.0123717 0.0742224 0.000499523 -0.00179413 -0.000252965 0.000499523 0.0154576 -0.0252711 0.000496315 -0.00179413 -0.0252711 0.108459 
0.0051671 -0.0123803 -0.000214524 0.00049687 -0.0123803 0.0742703 0.000494625 -0.00180381 -0.000214524 0.000494625 0.0154765 -0.0253266 0.00049687 -0.00180381 -0.0253266 0.108674 
0.0051393 -0.0124018 -0.00019156 0.000466276 -0.0124018 0.0742125 0.000459313 -0.00176873 -0.00019156 0.000459313 0.0154557 -0.0252975 0.000466276 -0.00176873 -0.0252975 0.108583 
0.00510364 -0.0123841 -0.000230014 0.000444786 -0.0123841 0.0742445 0.00043564 -0.0017172 -0.000230014 0.00043564 0.0154745 -0.0253095 0.000444786 -0.0017172 -0.0253095 0.10866 
0.00512067 -0.012358 -0.000316896 0.000455928 -0.012358 0.0742675 0.000452526 -0.00167569 -0.000316896 0.000452526 0.0155277 -0.0253485 0.000455928 -0.00167569 -0.0253485 0.108789 
0.00518397 -0.0123518 -0.000296257 0.000545961 -0.0123518 0.0741185 0.000550939 -0.00179986 -0.000296257 0.000550939 0.0155049 -0.0253413 0.000545961 -0.00179986 -0.0253413 0.108642 
0.00526971 -0.0124606 -0.000174967 0.000531689 -0.0124606 0.0743206 0.000536949 -0.00186138 -0.000174967 0.000536949 0.015482 -0.0253605 0.000531689 -0.00186138 -0.0253605 0.108722 
0.00536363 -0.0125859 -0.0001446 0.000400519 -0.0125859 0.0746349 0.00039312 -0.00166547 -0.0001446 0.00039312 0.0154689 -0.0253311 0.000400519 -0.00166547 -0.0253311 0.108703 
0.0054697 -0.0127432 -0.000140211 0.000342953 -0.0127432 0.0751042 0.000331931 -0.00143774 -0.000140211 0.000331931 0.0154898 -0.0253359 0.000342953 -0.00143774 -0.0253359 0.108746 
0.00543456 -0.0128446 -0.000299614 0.000385918 -0.0128446 0.0753242 0.000380652 -0.00149418 -0.000299614 0.000380652 0.0154995 -0.0253035 0.000385918 -0.00149418 -0.0253035 0.108577 
0.00542079 -0.012839 -0.000347913 0.000564254 -0.012839 0.0755034 0.000574156 -0.00181213 -0.000347913 0.000574156 0.0155173 -0.025352 0.000564254 -0.00181213 -0.025352 0.108679 
0.00550905 -0.0128691 -0.000324738 0.000593686 -0.0128691 0.0757416 0.000608043 -0.00198441 -0.000324738 0.000608043 0.0155591 -0.0254219 0.000593686 -0.00198441 -0.0254219 0.108954 
0.00550379 -0.0129393 -0.000334639 0.000603669 -0.0129393 0.0758165 0.000611321 -0.00208793 -0.000334639 0.000611321 0.0155604 -0.0254243 0.000603669 -0.00208793 -0.0254243 0.108963 
0.00542647 -0.0129231 -0.000360204 0.000626227 -0.0129231 0.0757849 0.000628035 -0.00215366 -0.000360204 0.000628035 0.0155424 -0.0253999 0.000626227 -0.00215366 -0.0253999 0.108858 
0.00533283 -0.0128226 -0.000321793 0.000662325 -0.0128226 0.0756259 0.000662501 -0.00224127 -0.000321793 0.000662501 0.0155318 -0.025398 0.000662325 -0.00224127 -0.025398 0.108862 
0.00529468 -0.0126975 -0.000302195 0.000596975 -0.0126975 0.0753322 0.00059368 -0.0021479 -0.000302195 0.00059368 0.0155187 -0.0253798 0.000596975 -0.0021479 -0.0253798 0.108814 
0.00528403 -0.0126249 -0.000327704 0.000579264 -0.0126249 0.0750779 0.000573281 -0.00207251 -0.000327704 0.000573281 0.0155083 -0.0253802 0.000579264 -0.00207251 -0.0253802 0.108836 
0.00531905 -0.0125938 -0.000350802 0.000599057 -0.0125938 0.0748712 0.000599021 -0.00206913 -0.000350802 0.000599021 0.0154752 -0.0253382 0.000599057 -0.00206913 -0.0253382 0.108703 
0.00530799 -0.0126657 -0.000419948 0.000634493 -0.0126657 0.0750327 0.000642894 -0.00215513 -0.000419948 0.000642894 0.0155171 -0.025357 0.000634493 -0.00215513 -0.025357 0.108839 
0.00537997 -0.0126689 -0.000392135 0.000678146 -0.0126689 0.0750991 0.000691509 -0.00221688 -0.000392135 0.000691509 0.0155239 -0.0253591 0.000678146 -0.00221688 -0.0253591 0.108767 
0.00535546 -0.0127402 -0.000380281 0.00067925 -0.0127402 0.0751684 0.000686964 -0.00228951 -0.000380281 0.000686964 0.0155225 -0.0253557 0.00067925 -0.00228951 -0.0253557 0.108707 
0.00529954 -0.0127227 -0.000391626 0.000674548 -0.0127227 0.0752207 0.000672156 -0.0022972 -0.000391626 0.000672156 0.0155225 -0.0253717 0.000674548 -0.0022972 -0.0253717 0.10875 
0.00527445 -0.0126514 -0.000401777 0.000659853 -0.0126514 0.0751042 0.000655501 -0.00222993 -0.000401777 0.000655501 0.0155294 -0.0253582 0.000659853 -0.00222993 -0.0253582 0.108702 
0.0052823 -0.0126471 -0.000403937 0.000678085 -0.0126471 0.0751943 0.000675038 -0.00224437 -0.000403937 0.000675038 0.015589 -0.0254538 0.000678085 -0.00224437 -0.0254538 0.109062 
0.00521376 -0.0125981 -0.000417199 0.000698588 -0.0125981 0.0749417 0.000694336 -0.0023063 -0.000417199 0.000694336 0.0155738 -0.0254295 0.000698588 -0.0023063 -0.0254295 0.108934 
0.00515869 -0.0125086 -0.000454255 0.000704953 -0.0125086 0.0746943 0.000699615 -0.0023269 -0.000454255 0.000699615 0.0155644 -0.0254139 0.000704953 -0.0023269 -0.0254139 0.108851 
0.00509647 -0.0124592 -0.000528263 0.000744546 -0.0124592 0.0746362 0.000741712 -0.0023914 -0.000528263 0.000741712 0.015611 -0.025476 0.000744546 -0.0023914 -0.025476 0.1091 
0.00501615 -0.0123283 -0.000513838 0.000838989 -0.0123283 0.0742268 0.000843162 -0.00258528 -0.000513838 0.000843162 0.0155819 -0.0254532 0.000838989 -0.00258528 -0.0254532 0.108969 
