0.00517697 0 -0.00314955 0 0 0.0100105 0 0 -0.00314955 0 0.00875856 0 0 0 0 0.0100105 
0.00765282 -0.00953411 -0.00447867 0.00551489 -0.00953411 0.0274457 0.00551489 -0.0105752 -0.00447867 0.00551489 0.0120087 -0.0148708 0.00551489 -0.0105752 -0.0148708 0.0376782 
0.00792323 -0.0152933 -0.00423526 0.00711516 -0.0152933 0.0581399 0.00711516 -0.022683 -0.00423526 0.00711516 0.0117455 -0.0214028 0.00711516 -0.022683 -0.0214028 0.0774114 
0.00748391 -0.0158116 -0.00381078 0.00557084 -0.0158116 0.0737471 0.00557006 -0.0202391 -0.00381078 0.00557006 0.0111176 -0.0203786 0.00557084 -0.0202391 -0.0203786 0.089007 
0.00729548 -0.0154202 -0.00378273 0.0048794 -0.0154202 0.0794503 0.00487807 -0.0160311 -0.00378273 0.00487807 0.0112928 -0.0197058 0.0048794 -0.0160311 -0.0197058 0.0909901 
0.00729661 -0.0151714 -0.00387511 0.00492618 -0.0151714 0.081207 0.00491667 -0.0143944 -0.00387511 0.00491667 0.0116482 -0.019972 0.00492618 -0.0143944 -0.019972 0.0926031 
0.00734215 -0.014967 -0.00390747 0.00506017 -0.014967 0.0810416 0.00504044 -0.0140739 -0.00390747 0.00504044 0.0117741 -0.0202688 0.00506017 -0.0140739 -0.0202688 0.0936953 
0.00745464 -0.0150153 -0.00394529 0.00514511 -0.0150153 0.0811264 0.00512982 -0.0141918 -0.00394529 0.00512982 0.0118182 -0.0204234 0.00514511 -0.0141918 -0.0204234 0.0945821 
0.00754651 -0.0151248 -0.00397684 0.00517853 -0.0151248 0.081175 0.00517726 -0.0143026 -0.00397684 0.00517726 0.0117508 -0.0203253 0.00517853 -0.0143026 -0.0203253 0.0944385 
0.00765565 -0.0152625 -0.0040132 0.00521257 -0.0152625 0.081515 0.00522338 -0.0144075 -0.0040132 0.00522338 0.0117163 -0.0202823 0.00521257 -0.0144075 -0.0202823 0.0943672 
0.00773461 -0.015465 -0.00408723 0.00526582 -0.015465 0.0820566 0.00528452 -0.0145629 -0.00408723 0.00528452 0.0116739 -0.020174 0.00526582 -0.0145629 -0.020174 0.0940621 
0.00773985 -0.0155616 -0.0040946 0.00533983 -0.0155616 0.0824401 0.00535925 -0.0147167 -0.0040946 0.00535925 0.0116889 -0.0201518 0.00533983 -0.0147167 -0.0201518 0.0939293 
0.00771661 -0.015594 -0.00409211 0.00536357 -0.015594 0.0826511 0.00536967 -0.0148216 -0.00409211 0.00536967 0.01169 -0.0201464 0.00536357 -0.0148216 -0.0201464 0.0938347 
0.00773285 -0.0155742 -0.00412362 0.00536994 -0.0155742 0.0827565 0.00536166 -0.0148503 -0.00412362 0.00536166 0.0116668 -0.0201932 0.00536994 -0.0148503 -0.0201932 0.0939881 
0.00772924 -0.0155415 -0.004139 0.005392 -0.0155415 0.0825598 0.00538282 -0.0148681 -0.004139 0.00538282 0.0115961 -0.0201076 0.005392 -0.0148681 -0.0201076 0.0937559 
0.00773442 -0.0155467 -0.00412367 0.00542162 -0.0155467 0.0825742 0.00541934 -0.014949 -0.00412367 0.00541934 0.0115651 -0.0200704 0.00542162 -0.014949 -0.0200704 0.0937226 
0.00774474 -0.0155537 -0.00416234 0.00540702 -0.0155537 0.0826057 0.0054107 -0.0149737 -0.00416234 0.0054107 0.0115579 -0.0200283 0.00540702 -0.0149737 -0.0200283 0.0936553 
0.00775784 -0.0155404 -0.0042028 0.00544487 -0.0155404 0.0825774 0.00544883 -0.0150189 -0.0042028 0.00544883 0.0115573 -0.0200464 0.00544487 -0.0150189 -0.0200464 0.0936969 
0.00770111 -0.0155537 -0.00421423 0.00550114 -0.0155537 0.0825334 0.005503 -0.015144 -0.00421423 0.005503 0.0115756 -0.0199958 0.00550114 -0.015144 -0.0199958 0.0935381 
0.0076938 -0.0154412 -0.00423757 0.00551269 -0.0154412 0.0822884 0.00550379 -0.0151935 -0.00423757 0.00550379 0.0115825 -0.0200634 0.00551269 -0.0151935 -0.0200634 0.0936242 
0.00770996 -0.015461 -0.00425548 0.00556184 -0.015461 0.0823012 0.00554814 -0.0153038 -0.00425548 0.00554814 0.0115882 -0.0201021 0.00556184 -0.0153038 -0.0201021 0.0938379 
0.00773349 -0.015442 -0.00425669 0.00556619 -0.015442 0.0821592 0.00555681 -0.0153437 -0.00425669 0.00555681 0.0115371 -0.0200705 0.00556619 -0.0153437 -0.0200705 0.0937443 
0.00774032 -0.0154956 -0.00424297 0.00557079 -0.0154956 0.0822463 0.00557244 -0.0153833 -0.00424297 0.00557244 0.0115172 -0.0200163 0.00557079 -0.0153833 -0.0200163 0.0936614 
0.00777312 -0.0155369 -0.00427456 0.00556094 -0.0155369 0.0824834 0.00556789 -0.0153964 -0.00427456 0.00556789 0.0115116 -0.0200322 0.00556094 -0.0153964 -0.0200322 0.0937758 
0.00781927 -0.0155525 -0.00434212 0.00558461 -0.0155525 0.0825261 0.00559365 -0.015416 -0.00434212 0.00559365 0.0114661 -0.0199992 0.00558461 -0.015416 -0.0199992 0.0937026 
0.0078166 -0.0155679 -0.00438425 0.00565201 -0.0155679 0.0824209 0.00566838 -0.0155276 -0.00438425 0.00566838 0.0114329 -0.0198943 0.00565201 -0.0155276 -0.0198943 0.0933561 
0.00781447 -0.0155465 -0.00439693 0.00570761 -0.0155465 0.0823658 0.00572264 -0.0156707 -0.00439693 0.00572264 0.01145 -0.0199204 0.00570761 -0.0156707 -0.0199204 0.0933639 
0.00780497 -0.0155603 -0.00440356 0.00573327 -0.0155603 0.0823885 0.00574269 -0.015772 -0.00440356 0.00574269 0.0114897 -0.0199472 0.00573327 -0.015772 -0.0199472 0.0934384 
0.00781706 -0.0155687 -0.00440333 0.00574434 -0.0155687 0.0824546 0.00574683 -0.0158165 -0.00440333 0.00574683 0.0115146 -0.0200026 0.00574434 -0.0158165 -0.0200026 0.0935789 
0.007835 -0.0155834 -0.00441207 0.00573755 -0.0155834 0.0824816 0.00573615 -0.0158065 -0.00441207 0.00573615 0.0114974 -0.0200253 0.00573755 -0.0158065 -0.0200253 0.0936502 
0.00790216 -0.0156726 -0.0044327 0.00576505 -0.0156726 0.0828087 0.00576683 -0.0158667 -0.0044327 0.00576683 0.0114576 -0.0200262 0.00576505 -0.0158667 -0.0200262 0.0937959 
0.00793073 -0.0157394 -0.00440215 0.00577249 -0.0157394 0.0829747 0.00578626 -0.0159 -0.00440215 0.00578626 0.0114144 -0.0199319 0.00577249 -0.0159 -0.0199319 0.0935916 
0.00790196 -0.0157821 -0.00437639 0.00573391 -0.0157821 0.0830559 0.00575489 -0.0158692 -0.00437639 0.00575489 0.0113789 -0.0197987 0.00573391 -0.0158692 -0.0197987 0.0931303 
0.00788971 -0.0157556 -0.0043838 0.00571267 -0.0157556 0.0831523 0.00572546 -0.0158112 -0.0043838 0.00572546 0.0113904 -0.0198303 0.00571267 -0.0158112 -0.0198303 0.0931712 
0.0078814 -0.0156849 -0.00436684 0.00571119 -0.0156849 0.0829634 0.00571501 -0.0157557 -0.00436684 0.00571501 0.011395 -0.0198563 0.00571119 -0.0157557 -0.0198563 0.0932244 
0.00783237 -0.0156399 -0.00432054 0.00568771 -0.0156399 0.0827181 0.00568873 -0.0156984 -0.00432054 0.00568873 0.0114217 -0.0198427 0.00568771 -0.0156984 -0.0198427 0.0931544 
0.00779507 -0.015632 -0.00429448 0.00565449 -0.015632 0.0827283 0.0056513 -0.0156488 -0.00429448 0.0056513 0.0114656 -0.0198711 0.00565449 -0.0156488 -0.0198711 0.0932109 
0.00773616 -0.015588 -0.00426331 0.00562758 -0.015588 0.0826519 0.00561379 -0.0155731 -0.00426331 0.00561379 0.0115036 -0.0199035 0.00562758 -0.0155731 -0.0199035 0.0932507 
0.00769391 -0.0154729 -0.00421146 0.00558412 -0.0154729 0.0823353 0.00555962 -0.015454 -0.00421146 0.00555962 0.0115202 -0.019945 0.00558412 -0.015454 -0.019945 0.0932783 
0.00770644 -0.015439 -0.00423977 0.00553831 -0.015439 0.0821974 0.00551097 -0.0153531 -0.00423977 0.00551097 0.0114974 -0.0199726 0.00553831 -0.0153531 -0.0199726 0.0933814 
0.00774398 -0.0154459 -0.00428792 0.00556227 -0.0154459 0.0822174 0.00554328 -0.0153434 -0.00428792 0.00554328 0.0115122 -0.0200164 0.00556227 -0.0153434 -0.0200164 0.093641 
0.00774163 -0.0154913 -0.00430235 0.00561561 -0.0154913 0.082239 0.00561002 -0.0154517 -0.00430235 0.00561002 0.0115022 -0.0199678 0.00561561 -0.0154517 -0.0199678 0.09352 
0.00775748 -0.0155181 -0.00427827 0.00564637 -0.0155181 0.082391 0.00564487 -0.0155731 -0.00427827 0.00564487 0.0114942 -0.0199792 0.00564637 -0.0155731 -0.0199792 0.0935633 
0.00771704 -0.0154601 -0.00423318 0.00558659 -0.0154601 0.0821484 0.00558545 -0.0154833 -0.00423318 0.00558545 0.01149 -0.0199464 0.00558659 -0.0154833 -0.0199464 0.0934003 
0.00771024 -0.0154674 -0.0042051 0.0055515 -0.0154674 0.0822163 0.00554878 -0.0154055 -0.0042051 0.00554878 0.0115002 -0.0199685 0.0055515 -0.0154055 -0.0199685 0.0934853 
0.00769669 -0.0153906 -0.00418333 0.00548996 -0.0153906 0.0819905 0.0054848 -0.0152308 -0.00418333 0.0054848 0.0114918 -0.0200052 0.00548996 -0.0152308 -0.0200052 0.0935578 
0.00773557 -0.0154375 -0.00419476 0.0054825 -0.0154375 0.0821739 0.00548256 -0.0151829 -0.00419476 0.00548256 0.0115091 -0.0200469 0.0054825 -0.0151829 -0.0200469 0.0938457 
0.00776932 -0.0154273 -0.00418765 0.00546478 -0.0154273 0.0821099 0.00547517 -0.0151129 -0.00418765 0.00547517 0.0115108 -0.0200624 0.00546478 -0.0151129 -0.0200624 0.0939085 
0.00781303 -0.0154933 -0.00417281 0.00545779 -0.0154933 0.0821297 0.00547604 -0.0150985 -0.00417281 0.00547604 0.0114526 -0.0199571 0.00545779 -0.0150985 -0.0199571 0.0935512 
0.0078576 -0.0156511 -0.0042178 0.00546807 -0.0156511 0.0826526 0.00549193 -0.0151569 -0.0042178 0.00549193 0.0114504 -0.0199083 0.00546807 -0.0151569 -0.0199083 0.0934767 
0.00786692 -0.015645 -0.004268 0.00549157 -0.015645 0.0826397 0.00551016 -0.0151649 -0.004268 0.00551016 0.011393 -0.0198395 0.00549157 -0.0151649 -0.0198395 0.0931137 
0.00782025 -0.0156592 -0.00422942 0.00556512 -0.0156592 0.082705 0.00557832 -0.0152914 -0.00422942 0.00557832 0.0114413 -0.0198323 0.00556512 -0.0152914 -0.0198323 0.0930923 
0.00780775 -0.0156216 -0.00426197 0.00553971 -0.0156216 0.0826941 0.00553938 -0.0153229 -0.00426197 0.00553938 0.0114518 -0.0198691 0.00553971 -0.0153229 -0.0198691 0.0931121 
0.00784946 -0.0156177 -0.00432827 0.00558681 -0.0156177 0.0826905 0.00557599 -0.0153823 -0.00432827 0.00557599 0.0114021 -0.0198749 0.00558681 -0.0153823 -0.0198749 0.0931462 
0.00787916 -0.0156803 -0.0043992 0.00567588 -0.0156803 0.0828598 0.00566959 -0.0155709 -0.0043992 0.00566959 0.0113913 -0.0198553 0.00567588 -0.0155709 -0.0198553 0.0932385 
0.00785029 -0.0156688 -0.00440729 0.00574757 -0.0156688 0.082746 0.00574773 -0.0157606 -0.00440729 0.00574773 0.0113539 -0.0197659 0.00574757 -0.0157606 -0.0197659 0.0929199 
0.00786859 -0.0156674 -0.00439793 0.00578468 -0.0156674 0.0828857 0.00578311 -0.0159245 -0.00439793 0.00578311 0.0113676 -0.0198289 0.00578468 -0.0159245 -0.0198289 0.09317 
0.00786931 -0.0156106 -0.00436057 0.00574402 -0.0156106 0.0826527 0.00574242 -0.0158793 -0.00436057 0.00574242 0.0113372 -0.0198248 0.00574402 -0.0158793 -0.0198248 0.0931579 
0.00790199 -0.0156258 -0.00437009 0.00569802 -0.0156258 0.0826511 0.00570292 -0.0157895 -0.00437009 0.00570292 0.0113285 -0.0198167 0.00569802 -0.0157895 -0.0198167 0.0932223 
0.00791196 -0.0156179 -0.00438783 0.00567986 -0.0156179 0.0824973 0.00569327 -0.0156936 -0.00438783 0.00569327 0.0113095 -0.0197743 0.00567986 -0.0156936 -0.0197743 0.0930495 
0.00795196 -0.0157341 -0.00443889 0.00573509 -0.0157341 0.082866 0.00575371 -0.0157999 -0.00443889 0.00575371 0.0113233 -0.0197625 0.00573509 -0.0157999 -0.0197625 0.0930869 
0.00794959 -0.015816 -0.00447627 0.00580648 -0.015816 0.0831357 0.00582 -0.0159707 -0.00447627 0.00582 0.0112988 -0.0196855 0.00580648 -0.0159707 -0.0196855 0.0928144 
0.00793968 -0.0157927 -0.00455096 0.00585853 -0.0157927 0.0831617 0.00586027 -0.0161136 -0.00455096 0.00586027 0.0112604 -0.0196587 0.00585853 -0.0161136 -0.0196587 0.0926497 
0.00791542 -0.0157447 -0.00456511 0.00595503 -0.0157447 0.083084 0.00594904 -0.0163084 -0.00456511 0.00594904 0.0112658 -0.0196841 0.00595503 -0.0163084 -0.0196841 0.0927635 
0.00786976 -0.0156585 -0.00454414 0.00596888 -0.0156585 0.0827385 0.00596143 -0.0164146 -0.00454414 0.00596143 0.0112352 -0.0196374 0.00596888 -0.0164146 -0.0196374 0.0925749 
0.00786261 -0.01558 -0.00448326 0.00594892 -0.01558 0.0825234 0.00594116 -0.0164198 -0.00448326 0.00594116 0.0112547 -0.0196896 0.00594892 -0.0164198 -0.0196896 0.092762 
0.00786306 -0.0156001 -0.00446298 0.00588416 -0.0156001 0.0825517 0.00588116 -0.0163355 -0.00446298 0.00588116 0.0112968 -0.0197198 0.00588416 -0.0163355 -0.0197198 0.0929481 
0.00786926 -0.0155649 -0.00449875 0.00583127 -0.0155649 0.0824111 0.0058308 -0.0161767 -0.00449875 0.0058308 0.0112967 -0.0197433 0.00583127 -0.0161767 -0.0197433 0.0929576 
0.00790232 -0.0156283 -0.00453261 0.00588902 -0.0156283 0.0825552 0.0058915 -0.01623 -0.00453261 0.0058915 0.0112889 -0.019722 0.00588902 -0.01623 -0.019722 0.0929402 
0.00790701 -0.0156097 -0.00455491 0.00591012 -0.0156097 0.0824064 0.00591493 -0.0162796 -0.00455491 0.00591493 0.0112566 -0.0196727 0.00591012 -0.0162796 -0.0196727 0.0926858 
0.00792707 -0.0156572 -0.00459977 0.00595567 -0.0156572 0.0825178 0.0059611 -0.0163951 -0.00459977 0.0059611 0.0112508 -0.0196501 0.00595567 -0.0163951 -0.0196501 0.092616 
0.00796127 -0.0157229 -0.0046514 0.00602367 -0.0157229 0.082804 0.00602805 -0.0165605 -0.0046514 0.00602805 0.0112779 -0.0196919 0.00602367 -0.0165605 -0.0196919 0.0927932 
0.00797605 -0.0157401 -0.0046398 0.00607342 -0.0157401 0.0828548 0.00607388 -0.0166829 -0.0046398 0.00607388 0.0112717 -0.0197028 0.00607342 -0.0166829 -0.0197028 0.0928048 
0.0079858 -0.0157477 -0.00460482 0.00605225 -0.0157477 0.0828217 0.00605232 -0.0166901 -0.00460482 0.00605232 0.0112344 -0.0196738 0.00605225 -0.0166901 -0.0196738 0.0926945 
0.00802612 -0.0158042 -0.0046293 0.00601723 -0.0158042 0.0829988 0.00602044 -0.0166407 -0.0046293 0.00602044 0.0111782 -0.0196375 0.00601723 -0.0166407 -0.0196375 0.0926541 
0.00803068 -0.0158788 -0.00465694 0.00604508 -0.0158788 0.0833006 0.00605715 -0.0166627 -0.00465694 0.00605715 0.0111949 -0.0196093 0.00604508 -0.0166627 -0.0196093 0.0927145 
0.00799738 -0.0158332 -0.00466232 0.00606354 -0.0158332 0.0832479 0.00607416 -0.0166856 -0.00466232 0.00607416 0.0112358 -0.0196276 0.00606354 -0.0166856 -0.0196276 0.0927093 
0.0080649 -0.015746 -0.00475566 0.00606579 -0.015746 0.0829908 0.00606678 -0.0166807 -0.00475566 0.00606678 0.0111921 -0.0196981 0.00606579 -0.0166807 -0.0196981 0.0928236 
0.00813366 -0.0158502 -0.0048043 0.00618214 -0.0158502 0.0830522 0.00619039 -0.0168714 -0.0048043 0.00619039 0.0111359 -0.019623 0.00618214 -0.0168714 -0.019623 0.0927271 
0.00816642 -0.0159994 -0.00481847 0.00625799 -0.0159994 0.083462 0.00627903 -0.0171306 -0.00481847 0.00627903 0.0111234 -0.0195451 0.00625799 -0.0171306 -0.0195451 0.0925798 
0.00811451 -0.0160076 -0.00479021 0.00625606 -0.0160076 0.0835421 0.00627713 -0.0171988 -0.00479021 0.00627713 0.0111488 -0.019502 0.00625606 -0.0171988 -0.019502 0.0923436 
0.0080317 -0.0160172 -0.00477521 0.00625321 -0.0160172 0.0837276 0.00626063 -0.0172327 -0.00477521 0.00626063 0.011225 -0.0195187 0.00625321 -0.0172327 -0.0195187 0.0923305 
0.0080145 -0.0158933 -0.00476641 0.00624334 -0.0158933 0.0836135 0.0062264 -0.0171924 -0.00476641 0.0062264 0.0112633 -0.0196679 0.00624334 -0.0171924 -0.0196679 0.092678 
0.00796802 -0.015793 -0.00471593 0.00621262 -0.015793 0.0831376 0.00618666 -0.0170938 -0.00471593 0.00618666 0.0112392 -0.0196412 0.00621262 -0.0170938 -0.0196412 0.0925632 
0.00799335 -0.0158078 -0.00467807 0.00618604 -0.0158078 0.0832361 0.00616361 -0.0170652 -0.00467807 0.00616361 0.0112462 -0.0197008 0.00618604 -0.0170652 -0.0197008 0.092872 
0.00797443 -0.0157779 -0.00463013 0.00610476 -0.0157779 0.0830534 0.00609309 -0.0168967 -0.00463013 0.00609309 0.0112122 -0.0196558 0.00610476 -0.0168967 -0.0196558 0.0927513 
0.0079896 -0.0157539 -0.00460735 0.0060416 -0.0157539 0.0829967 0.00603899 -0.0167292 -0.00460735 0.00603899 0.0112019 -0.0196578 0.0060416 -0.0167292 -0.0196578 0.0927991 
0.00801044 -0.015779 -0.00462089 0.00601303 -0.015779 0.0830216 0.0060189 -0.0166287 -0.00462089 0.0060189 0.0111917 -0.0196255 0.00601303 -0.0166287 -0.0196255 0.0927429 
0.00795332 -0.015779 -0.00460099 0.00601565 -0.015779 0.0829055 0.00602604 -0.0165901 -0.00460099 0.00602604 0.0112051 -0.0195399 0.00601565 -0.0165901 -0.0195399 0.0923977 
0.00794806 -0.0157389 -0.00460063 0.00601764 -0.0157389 0.082951 0.0060178 -0.0166023 -0.00460063 0.0060178 0.0112421 -0.0196422 0.00601764 -0.0166023 -0.0196422 0.0926238 
0.00796788 -0.015723 -0.00458892 0.00601639 -0.015723 0.0829349 0.00600911 -0.0165908 -0.00458892 0.00600911 0.011246 -0.0197106 0.00601639 -0.0165908 -0.0197106 0.0928881 
0.00791989 -0.0157017 -0.0045089 0.0059798 -0.0157017 0.0827176 0.00597599 -0.0165066 -0.0045089 0.00597599 0.0112435 -0.0196455 0.0059798 -0.0165066 -0.0196455 0.0926875 
0.00792793 -0.0157112 -0.00449705 0.00590777 -0.0157112 0.0828864 0.00590595 -0.0163955 -0.00449705 0.00590595 0.0112853 -0.0197128 0.00590777 -0.0163955 -0.0197128 0.0929245 
0.00791113 -0.0156769 -0.00447897 0.00586554 -0.0156769 0.0827006 0.0058622 -0.0162361 -0.00447897 0.0058622 0.0112557 -0.019668 0.00586554 -0.0162361 -0.019668 0.0927058 
0.00792115 -0.0156517 -0.00445395 0.00584646 -0.0156517 0.0826197 0.00584355 -0.0161532 -0.00445395 0.00584355 0.0112471 -0.0196806 0.00584646 -0.0161532 -0.0196806 0.0927262 
0.00793111 -0.0157058 -0.00439287 0.00583009 -0.0157058 0.082762 0.00583137 -0.0161248 -0.00439287 0.00583137 0.0112433 -0.019664 0.00583009 -0.0161248 -0.019664 0.0927445 
0.00790878 -0.0157096 -0.00436004 0.00574643 -0.0157096 0.0828189 0.00575103 -0.0159759 -0.00436004 0.00575103 0.0112548 -0.0196577 0.00574643 -0.0159759 -0.0196577 0.0927277 
0.0079166 -0.0156787 -0.0043418 0.00569979 -0.0156787 0.0828221 0.00570153 -0.0158178 -0.0043418 0.00570153 0.0112738 -0.0197021 0.00569979 -0.0158178 -0.0197021 0.0928583 
0.00790881 -0.0156243 -0.00435186 0.00565465 -0.0156243 0.0825254 0.0056569 -0.015661 -0.00435186 0.0056569 0.0112465 -0.0196641 0.00565465 -0.015661 -0.0196641 0.0926549 
0.00791917 -0.0156992 -0.00436014 0.0056974 -0.0156992 0.0827687 0.00570311 -0.0157118 -0.00436014 0.00570311 0.0112819 -0.0196884 0.0056974 -0.0157118 -0.0196884 0.092813 
0.00788223 -0.0157097 -0.00435232 0.00570408 -0.0157097 0.082851 0.00570846 -0.0157518 -0.00435232 0.00570846 0.0113129 -0.0196915 0.00570408 -0.0157518 -0.0196915 0.0927915 
0.00783608 -0.0156321 -0.00431223 0.0056903 -0.0156321 0.0826898 0.00568473 -0.0157204 -0.00431223 0.00568473 0.0113348 -0.0197328 0.0056903 -0.0157204 -0.0197328 0.0928235 
0.00781104 -0.0155733 -0.00431296 0.005651 -0.0155733 0.0825883 0.00563772 -0.0156419 -0.00431296 0.00563772 0.011407 -0.0198279 0.005651 -0.0156419 -0.0198279 0.0931424 
0.00777602 -0.0155164 -0.00433389 0.00563756 -0.0155164 0.0823317 0.00562152 -0.0155653 -0.00433389 0.00562152 0.0114398 -0.0198554 0.00563756 -0.0155653 -0.0198554 0.0931499 
0.00773201 -0.0155268 -0.0042993 0.00568539 -0.0155268 0.0823888 0.00566722 -0.0156386 -0.0042993 0.00566722 0.0115212 -0.0199238 0.00568539 -0.0156386 -0.0199238 0.0933664 
0.00771936 -0.0154765 -0.00424451 0.00564872 -0.0154765 0.082304 0.00562286 -0.0156216 -0.00424451 0.00562286 0.0115356 -0.0199894 0.00564872 -0.0156216 -0.0199894 0.0934812 
0.00775927 -0.0154602 -0.00420388 0.00557897 -0.0154602 0.0822002 0.00555072 -0.0154876 -0.00420388 0.00555072 0.0114732 -0.0199799 0.00557897 -0.0154876 -0.0199799 0.0934538 
0.00777789 -0.0155433 -0.00417588 0.00552683 -0.0155433 0.0823938 0.00551304 -0.0153628 -0.00417588 0.00551304 0.0114487 -0.0199304 0.00552683 -0.0153628 -0.0199304 0.093455 
0.00779947 -0.0155542 -0.0042385 0.00547381 -0.0155542 0.0824982 0.00547285 -0.0152224 -0.0042385 0.00547285 0.0114302 -0.0199139 0.00547381 -0.0152224 -0.0199139 0.0934317 
0.00780729 -0.0155273 -0.00433896 0.00552594 -0.0155273 0.0823896 0.00553178 -0.0152199 -0.00433896 0.00553178 0.0114162 -0.019904 0.00552594 -0.0152199 -0.019904 0.0933851 
0.00785061 -0.0155534 -0.00440766 0.00566291 -0.0155534 0.0823937 0.00567388 -0.0154803 -0.00440766 0.00567388 0.0113701 -0.0198615 0.00566291 -0.0154803 -0.0198615 0.0932614 
0.00786726 -0.0155786 -0.00445758 0.00574674 -0.0155786 0.0823761 0.00576197 -0.0157387 -0.00445758 0.00576197 0.0113299 -0.0198211 0.00574674 -0.0157387 -0.0198211 0.0931472 
0.00790179 -0.0156198 -0.00447927 0.00581741 -0.0156198 0.0824906 0.00583661 -0.0159617 -0.00447927 0.00583661 0.0112853 -0.0197786 0.00581741 -0.0159617 -0.0197786 0.0930655 
0.00791732 -0.0157121 -0.00444473 0.00586037 -0.0157121 0.0828081 0.00588454 -0.0161449 -0.00444473 0.00588454 0.0112895 -0.0197288 0.00586037 -0.0161449 -0.0197288 0.0930299 
0.00785423 -0.0156833 -0.00438232 0.0057996 -0.0156833 0.0827912 0.00581958 -0.0160861 -0.00438232 0.00581958 0.0113604 -0.0197282 0.0057996 -0.0160861 -0.0197282 0.0929551 
0.00786694 -0.0155666 -0.00440625 0.00571343 -0.0155666 0.0824981 0.00571405 -0.0158708 -0.00440625 0.00571405 0.0113682 -0.0198129 0.00571343 -0.0158708 -0.0198129 0.0930135 
0.00792038 -0.0156144 -0.00439196 0.00574949 -0.0156144 0.0824946 0.00574585 -0.0158373 -0.00439196 0.00574585 0.0113424 -0.0198233 0.00574949 -0.0158373 -0.0198233 0.0930907 
0.00794703 -0.0157474 -0.00437317 0.00574725 -0.0157474 0.082829 0.00575211 -0.0158771 -0.00437317 0.00575211 0.0113249 -0.0197599 0.00574725 -0.0158771 -0.0197599 0.0929996 
0.00795488 -0.0157853 -0.0043808 0.00571295 -0.0157853 0.0829917 0.00572119 -0.0158234 -0.0043808 0.00572119 0.011271 -0.0196868 0.00571295 -0.0158234 -0.0196868 0.0927257 
0.00793758 -0.0158035 -0.00439104 0.00572541 -0.0158035 0.0831714 0.0057326 -0.0158124 -0.00439104 0.0057326 0.011311 -0.0196905 0.00572541 -0.0158124 -0.0196905 0.0927871 
0.00788417 -0.0156934 -0.00434214 0.00571535 -0.0156934 0.0829277 0.00571398 -0.0157514 -0.00434214 0.00571398 0.0113804 -0.0197986 0.00571535 -0.0157514 -0.0197986 0.0930205 
0.0078602 -0.0156262 -0.00427355 0.00566091 -0.0156262 0.0826882 0.00565051 -0.0156409 -0.00427355 0.00565051 0.0114019 -0.0198751 0.00566091 -0.0156409 -0.0198751 0.0932193 
0.00784994 -0.015624 -0.00427724 0.00557974 -0.015624 0.0826446 0.00557089 -0.0154668 -0.00427724 0.00557089 0.0114269 -0.0198986 0.00557974 -0.0154668 -0.0198986 0.0933571 
0.00783266 -0.0156156 -0.0042848 0.00557211 -0.0156156 0.0826476 0.00556855 -0.0153668 -0.0042848 0.00556855 0.0114756 -0.0199428 0.00557211 -0.0153668 -0.0199428 0.093505 
0.00783399 -0.0155896 -0.00428892 0.00557826 -0.0155896 0.0825815 0.00557484 -0.0153478 -0.00428892 0.00557484 0.011505 -0.0199922 0.00557826 -0.0153478 -0.0199922 0.0936003 
0.00780025 -0.0156049 -0.00427824 0.00558705 -0.0156049 0.0825519 0.00558331 -0.0153662 -0.00427824 0.00558331 0.0115344 -0.0199873 0.00558705 -0.0153662 -0.0199873 0.0935449 
0.00779465 -0.0155828 -0.00426415 0.0055809 -0.0155828 0.0825954 0.00557258 -0.0153633 -0.00426415 0.00557258 0.011579 -0.0200744 0.0055809 -0.0153633 -0.0200744 0.0937706 
0.00780713 -0.0155934 -0.00427615 0.00556635 -0.0155934 0.0825919 0.00555583 -0.0153415 -0.00427615 0.00555583 0.0115653 -0.0200659 0.00556635 -0.0153415 -0.0200659 0.0937292 
0.00781147 -0.0156544 -0.00429222 0.00559188 -0.0156544 0.0828257 0.00558485 -0.0153889 -0.00429222 0.00558485 0.0115854 -0.0200831 0.00559188 -0.0153889 -0.0200831 0.0938528 
0.0077853 -0.0156551 -0.00429208 0.00560785 -0.0156551 0.0828696 0.00560173 -0.0154366 -0.00429208 0.00560173 0.0115859 -0.0200575 0.00560785 -0.0154366 -0.0200575 0.0937496 
0.00778162 -0.0156245 -0.00431955 0.00561539 -0.0156245 0.0828832 0.00560514 -0.0154706 -0.00431955 0.00560514 0.0116068 -0.0200989 0.00561539 -0.0154706 -0.0200989 0.0938693 
0.00775768 -0.0155868 -0.00434048 0.00564271 -0.0155868 0.0827321 0.00563001 -0.0155115 -0.00434048 0.00563001 0.0116192 -0.0201061 0.00564271 -0.0155115 -0.0201061 0.0938676 
0.00774769 -0.0155545 -0.00434855 0.00567258 -0.0155545 0.0826316 0.00565926 -0.0155857 -0.00434855 0.00565926 0.0116131 -0.0201397 0.00567258 -0.0155857 -0.0201397 0.0939536 
0.00775406 -0.0155277 -0.00439814 0.00568026 -0.0155277 0.0825359 0.00566833 -0.0156266 -0.00439814 0.00566833 0.0115919 -0.0201534 0.00568026 -0.0156266 -0.0201534 0.0940459 
0.00776189 -0.0155297 -0.00441462 0.00573494 -0.0155297 0.0825205 0.00573299 -0.0157288 -0.00441462 0.00573299 0.0116115 -0.0201485 0.00573494 -0.0157288 -0.0201485 0.0941189 
0.00775932 -0.01551 -0.00443628 0.00574623 -0.01551 0.0823819 0.00574788 -0.0157939 -0.00443628 0.00574788 0.0116219 -0.0201362 0.00574623 -0.0157939 -0.0201362 0.0940143 
0.0077885 -0.0155095 -0.00447436 0.00577149 -0.0155095 0.0823225 0.00577207 -0.015849 -0.00447436 0.00577207 0.0116071 -0.0201625 0.00577149 -0.015849 -0.0201625 0.0940281 
0.00782478 -0.0156118 -0.00449159 0.00583803 -0.0156118 0.0826337 0.00584133 -0.0160039 -0.00449159 0.00584133 0.0116166 -0.0201775 0.00583803 -0.0160039 -0.0201775 0.094192 
0.00782785 -0.0156577 -0.00448899 0.00585019 -0.0156577 0.0828026 0.00585653 -0.0160847 -0.00448899 0.00585653 0.0116139 -0.0201521 0.00585019 -0.0160847 -0.0201521 0.0941287 
0.00780566 -0.0156294 -0.00443919 0.00583131 -0.0156294 0.082703 0.00583545 -0.0160563 -0.00443919 0.00583545 0.0115917 -0.0201084 0.00583131 -0.0160563 -0.0201084 0.0939059 
0.00782761 -0.0156224 -0.00441217 0.00577962 -0.0156224 0.0827687 0.0057807 -0.0159659 -0.00441217 0.0057807 0.011604 -0.0201636 0.00577962 -0.0159659 -0.0201636 0.0941002 
0.00781896 -0.0156404 -0.00437035 0.00573322 -0.0156404 0.0827461 0.00573753 -0.0158377 -0.00437035 0.00573753 0.0115961 -0.0201234 0.00573322 -0.0158377 -0.0201234 0.0939922 
0.00783332 -0.0156964 -0.00430876 0.00570319 -0.0156964 0.0830232 0.00570965 -0.0157707 -0.00430876 0.00570965 0.0116043 -0.0201466 0.00570319 -0.0157707 -0.0201466 0.0941249 
0.00783887 -0.0156772 -0.00428663 0.00560859 -0.0156772 0.0830091 0.00561412 -0.0155692 -0.00428663 0.00561412 0.0115811 -0.020141 0.00560859 -0.0155692 -0.020141 0.0941045 
0.00783631 -0.0156573 -0.00426838 0.00556519 -0.0156573 0.0828786 0.00557527 -0.0153969 -0.00426838 0.00557527 0.0115517 -0.0200725 0.00556519 -0.0153969 -0.0200725 0.0938803 
0.00779733 -0.015704 -0.00427498 0.00556726 -0.015704 0.0829958 0.00557991 -0.0153803 -0.00427498 0.00557991 0.0115695 -0.0200068 0.00556726 -0.0153803 -0.0200068 0.0936785 
0.00774191 -0.0156027 -0.00429204 0.00556781 -0.0156027 0.0827708 0.00556778 -0.0153499 -0.00429204 0.00556778 0.0115985 -0.0200282 0.00556781 -0.0153499 -0.0200282 0.0935737 
0.00772471 -0.0155589 -0.00433773 0.00561764 -0.0155589 0.0827276 0.00560339 -0.0154326 -0.00433773 0.00560339 0.0116621 -0.0201371 0.00561764 -0.0154326 -0.0201371 0.0939022 
0.00775827 -0.0154692 -0.00438412 0.00565615 -0.0154692 0.0824106 0.00563396 -0.0154978 -0.00438412 0.00563396 0.0116513 -0.0202195 0.00565615 -0.0154978 -0.0202195 0.0941059 
0.00783192 -0.015523 -0.00445683 0.00571536 -0.015523 0.0823546 0.00570248 -0.0156394 -0.00445683 0.00570248 0.0115877 -0.0201841 0.00571536 -0.0156394 -0.0201841 0.0940919 
