0.00392639 0 -0.00201231 0 0 0.00998857 0 0 -0.00201231 0 0.010097 0 0 0 0 0.00998857 
0.00550574 -0.00687916 -0.00250639 0.00307186 -0.00687916 0.0223752 0.00307186 -0.00588949 -0.00250639 0.00307186 0.014365 -0.0177887 0.00307186 -0.00588949 -0.0177887 0.0432939 
0.00590115 -0.0115927 -0.00228456 0.00364095 -0.0115927 0.0462632 0.00364095 -0.0114909 -0.00228456 0.00364095 0.0139567 -0.0255282 0.00364095 -0.0114909 -0.0255282 0.0906829 
0.00587987 -0.0130492 -0.00216843 0.00276224 -0.0130492 0.0629005 0.00277488 -0.00929691 -0.00216843 0.00277488 0.0128926 -0.0235442 0.00276224 -0.00929691 -0.0235442 0.101613 
0.00585777 -0.013223 -0.00230149 0.00250898 -0.013223 0.0708697 0.00252275 -0.00691477 -0.00230149 0.00252275 0.012838 -0.022186 0.00250898 -0.00691477 -0.022186 0.100865 
0.00577817 -0.0131547 -0.00240741 0.00276216 -0.0131547 0.074123 0.00276873 -0.00671054 -0.00240741 0.00276873 0.0132594 -0.0222206 0.00276216 -0.00671054 -0.0222206 0.100763 
0.00574789 -0.0128282 -0.00243734 0.00288221 -0.0128282 0.0744306 0.00287423 -0.00701945 -0.00243734 0.00287423 0.0134467 -0.0226086 0.00288221 -0.00701945 -0.0226086 0.10124 
0.00571004 -0.0126389 -0.00238921 0.00289045 -0.0126389 0.0739759 0.00287878 -0.00716345 -0.00238921 0.00287878 0.0135218 -0.0228101 0.00289045 -0.00716345 -0.0228101 0.101802 
0.00571485 -0.0125628 -0.00235157 0.00284901 -0.0125628 0.0736779 0.00284256 -0.00717867 -0.00235157 0.00284256 0.0135501 -0.0229025 0.00284901 -0.00717867 -0.0229025 0.102188 
0.00567622 -0.0125692 -0.00227039 0.00280304 -0.0125692 0.0736006 0.00280231 -0.00710285 -0.00227039 0.00280231 0.0136295 -0.0229461 0.00280304 -0.00710285 -0.0229461 0.10243 
0.00562167 -0.0124787 -0.00213192 0.00265936 -0.0124787 0.0732905 0.00265035 -0.00677748 -0.00213192 0.00265035 0.0136604 -0.0229936 0.00265936 -0.00677748 -0.0229936 0.102443 
0.00564024 -0.0124569 -0.00209694 0.00253458 -0.0124569 0.073233 0.00250739 -0.00646504 -0.00209694 0.00250739 0.0136498 -0.0230597 0.00253458 -0.00646504 -0.0230597 0.10264 
0.00569573 -0.0125177 -0.00214043 0.00252926 -0.0125177 0.0733844 0.00249968 -0.0063581 -0.00214043 0.00249968 0.0136142 -0.0230394 0.00252926 -0.0063581 -0.0230394 0.102696 
0.00572302 -0.0125707 -0.00218465 0.00256096 -0.0125707 0.0734555 0.00254787 -0.00637634 -0.00218465 0.00254787 0.0135684 -0.0229503 0.00256096 -0.00637634 -0.0229503 0.102436 
0.00567239 -0.0125976 -0.0021644 0.00258358 -0.0125976 0.07354 0.00259017 -0.00642149 -0.0021644 0.00259017 0.0136049 -0.0229149 0.00258358 -0.00642149 -0.0229149 0.102307 
0.00567418 -0.0125668 -0.00214749 0.00258111 -0.0125668 0.0736384 0.00259119 -0.00647453 -0.00214749 0.00259119 0.013635 -0.0230013 0.00258111 -0.00647453 -0.0230013 0.102516 
0.00564702 -0.0125603 -0.00212597 0.00256926 -0.0125603 0.0736156 0.00257471 -0.00647734 -0.00212597 0.00257471 0.0136699 -0.0230198 0.00256926 -0.00647734 -0.0230198 0.102599 
0.00561183 -0.0125201 -0.00212228 0.00256995 -0.0125201 0.0734634 0.00256801 -0.00649805 -0.00212228 0.00256801 0.0136777 -0.0230028 0.00256995 -0.00649805 -0.0230028 0.102442 
0.00564166 -0.0125255 -0.00215072 0.00257744 -0.0125255 0.0736062 0.00257019 -0.0065226 -0.00215072 0.00257019 0.0137134 -0.0231045 0.00257744 -0.0065226 -0.0231045 0.102789 
0.00567355 -0.0124905 -0.00216697 0.00255979 -0.0124905 0.0733479 0.00255645 -0.00644807 -0.00216697 0.00255645 0.0136204 -0.0230532 0.00255979 -0.00644807 -0.0230532 0.102571 
0.00571273 -0.0125732 -0.00220108 0.00261562 -0.0125732 0.0735076 0.00262273 -0.0065666 -0.00220108 0.00262273 0.0135952 -0.0229834 0.00261562 -0.0065666 -0.0229834 0.102489 
0.00575103 -0.0126505 -0.00221894 0.00265315 -0.0126505 0.0738167 0.00266741 -0.00668279 -0.00221894 0.00266741 0.0136087 -0.0229953 0.00265315 -0.00668279 -0.0229953 0.102587 
0.00575766 -0.0127114 -0.00219684 0.00268847 -0.0127114 0.0740471 0.00270146 -0.00679989 -0.00219684 0.00270146 0.0136554 -0.0229961 0.00268847 -0.00679989 -0.0229961 0.102608 
0.00576691 -0.0126944 -0.00221074 0.00266413 -0.0126944 0.0739641 0.002666 -0.00679631 -0.00221074 0.002666 0.013628 -0.0229765 0.00266413 -0.00679631 -0.0229765 0.102377 
0.00584623 -0.0127297 -0.00225108 0.00267411 -0.0127297 0.0740541 0.00267128 -0.00677913 -0.00225108 0.00267128 0.0135868 -0.0229928 0.00267411 -0.00677913 -0.0229928 0.102429 
0.00594491 -0.012864 -0.00230648 0.00272132 -0.012864 0.0744273 0.00272642 -0.006856 -0.00230648 0.00272642 0.013563 -0.0229936 0.00272132 -0.006856 -0.0229936 0.10259 
0.00597791 -0.0129583 -0.00230797 0.00274954 -0.0129583 0.0746091 0.00276635 -0.00690775 -0.00230797 0.00276635 0.0135169 -0.0229078 0.00274954 -0.00690775 -0.0229078 0.102345 
0.00594958 -0.0130246 -0.00229376 0.00274345 -0.0130246 0.0748857 0.00276024 -0.00691198 -0.00229376 0.00276024 0.0135547 -0.0228973 0.00274345 -0.00691198 -0.0228973 0.102345 
0.00593409 -0.0129857 -0.00228029 0.00273486 -0.0129857 0.0748837 0.00274213 -0.00689031 -0.00228029 0.00274213 0.0135693 -0.0229099 0.00273486 -0.00689031 -0.0229099 0.102281 
0.00591438 -0.0129662 -0.00228221 0.00273326 -0.0129662 0.0748211 0.00273105 -0.00687939 -0.00228221 0.00273105 0.0135961 -0.0229233 0.00273326 -0.00687939 -0.0229233 0.102274 
0.00584569 -0.0129616 -0.00228176 0.00273605 -0.0129616 0.0748634 0.00273004 -0.0068723 -0.00228176 0.00273004 0.0136923 -0.0229946 0.00273605 -0.0068723 -0.0229946 0.10248 
0.00577506 -0.0128898 -0.00228889 0.00272459 -0.0128898 0.0748345 0.00271797 -0.00683833 -0.00228889 0.00271797 0.0138007 -0.0231458 0.00272459 -0.00683833 -0.0231458 0.102893 
0.00570791 -0.0127634 -0.00228321 0.00271089 -0.0127634 0.0744912 0.00270505 -0.00677715 -0.00228321 0.00270505 0.0138459 -0.0232434 0.00271089 -0.00677715 -0.0232434 0.103114 
0.00562806 -0.0126648 -0.00226498 0.0027051 -0.0126648 0.0741619 0.00270353 -0.00675557 -0.00226498 0.00270353 0.0138987 -0.0232993 0.0027051 -0.00675557 -0.0232993 0.103279 
0.0056329 -0.0125833 -0.00225771 0.00270243 -0.0125833 0.0739707 0.00270088 -0.00676821 -0.00225771 0.00270088 0.0139085 -0.0233918 0.00270243 -0.00676821 -0.0233918 0.103559 
0.00570552 -0.0125982 -0.00228032 0.00271848 -0.0125982 0.0739244 0.0027167 -0.00683004 -0.00228032 0.0027167 0.0138642 -0.0233924 0.00271848 -0.00683004 -0.0233924 0.103658 
0.00579695 -0.0126883 -0.00228496 0.00274007 -0.0126883 0.0740385 0.00274166 -0.00688758 -0.00228496 0.00274166 0.0138063 -0.02332 0.00274007 -0.00688758 -0.02332 0.103525 
0.00588374 -0.012821 -0.0023151 0.00274754 -0.012821 0.0743237 0.00275014 -0.00692785 -0.0023151 0.00275014 0.0137417 -0.0232395 0.00274754 -0.00692785 -0.0232395 0.103309 
0.00602828 -0.012979 -0.00237539 0.00279672 -0.012979 0.0748213 0.00280369 -0.00703268 -0.00237539 0.00280369 0.0136904 -0.0231879 0.00279672 -0.00703268 -0.0231879 0.103228 
0.00606303 -0.0131639 -0.00240188 0.00284739 -0.0131639 0.0753009 0.00286245 -0.00714166 -0.00240188 0.00286245 0.0137054 -0.023118 0.00284739 -0.00714166 -0.023118 0.103058 
0.00591962 -0.0131731 -0.00234046 0.00281181 -0.0131731 0.0754106 0.00282846 -0.00705532 -0.00234046 0.00282846 0.0137956 -0.0231211 0.00281181 -0.00705532 -0.0231211 0.102918 
0.00575379 -0.0129922 -0.00227835 0.00273753 -0.0129922 0.0751427 0.00274026 -0.00687813 -0.00227835 0.00274026 0.0138822 -0.0232387 0.00273753 -0.00687813 -0.0232387 0.103062 
0.00565033 -0.0127809 -0.00227993 0.00268569 -0.0127809 0.0746892 0.00267059 -0.00671776 -0.00227993 0.00267059 0.0139438 -0.0233676 0.00268569 -0.00671776 -0.0233676 0.103404 
0.00561558 -0.0126309 -0.00232477 0.00270025 -0.0126309 0.0742284 0.00268417 -0.00668936 -0.00232477 0.00268417 0.0139487 -0.0234438 0.00270025 -0.00668936 -0.0234438 0.103661 
0.00565957 -0.0126021 -0.0023737 0.00278656 -0.0126021 0.0740854 0.00278467 -0.00688165 -0.0023737 0.00278467 0.0139239 -0.0234795 0.00278656 -0.00688165 -0.0234795 0.103909 
0.00567873 -0.0126263 -0.002371 0.00285415 -0.0126263 0.0739533 0.00286466 -0.00711058 -0.002371 0.00286466 0.0138789 -0.0233801 0.00285415 -0.00711058 -0.0233801 0.103668 
0.00568308 -0.0126469 -0.00235194 0.00283969 -0.0126469 0.0739616 0.00284632 -0.00716354 -0.00235194 0.00284632 0.0138759 -0.023342 0.00283969 -0.00716354 -0.023342 0.103541 
0.00575113 -0.0126581 -0.00236109 0.00281431 -0.0126581 0.0740044 0.00281254 -0.00711504 -0.00236109 0.00281254 0.013843 -0.0233455 0.00281431 -0.00711504 -0.0233455 0.103523 
0.0057294 -0.0127389 -0.00233711 0.00281894 -0.0127389 0.0741185 0.00281664 -0.00708746 -0.00233711 0.00281664 0.0138687 -0.0232956 0.00281894 -0.00708746 -0.0232956 0.103415 
0.0057162 -0.0127319 -0.00231012 0.00277585 -0.0127319 0.0742358 0.00277157 -0.00699442 -0.00231012 0.00277157 0.0139051 -0.0233577 0.00277585 -0.00699442 -0.0233577 0.103543 
0.00578041 -0.0127176 -0.00232791 0.00274489 -0.0127176 0.0742555 0.00273478 -0.00689387 -0.00232791 0.00273478 0.0138575 -0.0234031 0.00274489 -0.00689387 -0.0234031 0.103686 
0.00578518 -0.0127703 -0.00232254 0.00275624 -0.0127703 0.0742243 0.00275227 -0.00686976 -0.00232254 0.00275227 0.0138154 -0.0232936 0.00275624 -0.00686976 -0.0232936 0.103431 
0.00583397 -0.0127967 -0.0023459 0.00273527 -0.0127967 0.0743838 0.00273446 -0.00682066 -0.0023459 0.00273446 0.0137837 -0.0233037 0.00273527 -0.00682066 -0.0233037 0.103486 
0.00585355 -0.0128656 -0.0023672 0.00277541 -0.0128656 0.0745596 0.00278158 -0.00688405 -0.0023672 0.00278158 0.013761 -0.0232549 0.00277541 -0.00688405 -0.0232549 0.103425 
0.00580927 -0.0128487 -0.00235282 0.0027928 -0.0128487 0.074448 0.00280335 -0.00694245 -0.00235282 0.00280335 0.0137477 -0.0231514 0.0027928 -0.00694245 -0.0231514 0.103024 
0.00577833 -0.0128305 -0.00234022 0.00279696 -0.0128305 0.0745192 0.00280397 -0.0069901 -0.00234022 0.00280397 0.0138035 -0.0232069 0.00279696 -0.0069901 -0.0232069 0.103145 
0.00581265 -0.0127771 -0.00233424 0.00280257 -0.0127771 0.0743584 0.00280315 -0.00703272 -0.00233424 0.00280315 0.0137874 -0.0232157 0.00280257 -0.00703272 -0.0232157 0.103065 
0.00587671 -0.0128706 -0.00236725 0.00282749 -0.0128706 0.0745925 0.00282453 -0.00711814 -0.00236725 0.00282453 0.0138216 -0.0232561 0.00282749 -0.00711814 -0.0232561 0.103269 
0.00590367 -0.0129469 -0.00238201 0.00284044 -0.0129469 0.0747597 0.00284217 -0.00714675 -0.00238201 0.00284217 0.0138441 -0.0232619 0.00284044 -0.00714675 -0.0232619 0.103253 
0.00598102 -0.01302 -0.00243465 0.00284041 -0.01302 0.0750822 0.00284606 -0.00714115 -0.00243465 0.00284606 0.0138339 -0.0233566 0.00284041 -0.00714115 -0.0233566 0.10356 
0.00597583 -0.0130762 -0.00243878 0.00287005 -0.0130762 0.0751332 0.00288549 -0.00715569 -0.00243878 0.00288549 0.0137969 -0.0232784 0.00287005 -0.00715569 -0.0232784 0.10337 
0.00591602 -0.0130891 -0.00240243 0.00286549 -0.0130891 0.0752747 0.00288301 -0.00715511 -0.00240243 0.00288301 0.0138395 -0.0232875 0.00286549 -0.00715511 -0.0232875 0.10343 
0.00576153 -0.0130025 -0.00232347 0.002812 -0.0130025 0.0751704 0.00281728 -0.00704353 -0.00232347 0.00281728 0.0139526 -0.0233424 0.002812 -0.00704353 -0.0233424 0.103552 
0.00568245 -0.0127946 -0.00230555 0.00274729 -0.0127946 0.0747065 0.00273252 -0.0068985 -0.00230555 0.00273252 0.0139761 -0.0234276 0.00274729 -0.0068985 -0.0234276 0.103612 
0.00559539 -0.0126603 -0.00225926 0.00270122 -0.0126603 0.0742481 0.00268111 -0.00672298 -0.00225926 0.00268111 0.0140251 -0.0234894 0.00270122 -0.00672298 -0.0234894 0.103814 
0.00551622 -0.0125932 -0.00222324 0.0027052 -0.0125932 0.0740911 0.00268564 -0.006741 -0.00222324 0.00268564 0.0141273 -0.0235678 0.0027052 -0.006741 -0.0235678 0.104086 
0.00550339 -0.0124665 -0.00221982 0.00264673 -0.0124665 0.0737475 0.00262558 -0.00664199 -0.00221982 0.00262558 0.0141286 -0.0236617 0.00264673 -0.00664199 -0.0236617 0.104253 
0.00546162 -0.0124527 -0.00221417 0.00265637 -0.0124527 0.0735792 0.00263997 -0.00663323 -0.00221417 0.00263997 0.0141586 -0.0236598 0.00265637 -0.00663323 -0.0236598 0.104316 
0.00545896 -0.012396 -0.00223307 0.00264173 -0.012396 0.0734163 0.00263106 -0.00661576 -0.00223307 0.00263106 0.0141442 -0.0236837 0.00264173 -0.00661576 -0.0236837 0.104329 
0.00554957 -0.0124475 -0.00228261 0.00270915 -0.0124475 0.0736 0.00270598 -0.00677392 -0.00228261 0.00270598 0.0141396 -0.0237203 0.00270915 -0.00677392 -0.0237203 0.104553 
0.00562364 -0.0125131 -0.00232048 0.00271257 -0.0125131 0.0736509 0.00271687 -0.00679617 -0.00232048 0.00271687 0.0140865 -0.023681 0.00271257 -0.00679617 -0.023681 0.104473 
0.00564684 -0.0125901 -0.00231157 0.00272545 -0.0125901 0.0737541 0.00274039 -0.00679806 -0.00231157 0.00274039 0.0140619 -0.0236078 0.00272545 -0.00679806 -0.0236078 0.104284 
0.00558589 -0.0126451 -0.00228058 0.00272851 -0.0126451 0.0739425 0.00274568 -0.00682578 -0.00228058 0.00274568 0.0141298 -0.0235878 0.00272851 -0.00682578 -0.0235878 0.1042 
0.00551052 -0.0125825 -0.00222103 0.00266932 -0.0125825 0.074007 0.00267689 -0.00670104 -0.00222103 0.00267689 0.0142149 -0.0237303 0.00266932 -0.00670104 -0.0237303 0.104546 
0.00537655 -0.0124527 -0.00215758 0.00260605 -0.0124527 0.0736411 0.00260156 -0.00654006 -0.00215758 0.00260156 0.0142652 -0.0237509 0.00260605 -0.00654006 -0.0237509 0.104518 
0.00528869 -0.0122858 -0.00207234 0.00253534 -0.0122858 0.0732646 0.0025189 -0.0063544 -0.00207234 0.0025189 0.0143243 -0.0238457 0.00253534 -0.0063544 -0.0238457 0.104731 
0.00527046 -0.0121957 -0.00207605 0.00248767 -0.0121957 0.0730051 0.00246258 -0.00625995 -0.00207605 0.00246258 0.0143508 -0.0239117 0.00248767 -0.00625995 -0.0239117 0.104923 
0.00528529 -0.012165 -0.00208617 0.00245153 -0.012165 0.0729046 0.00242933 -0.00611773 -0.00208617 0.00242933 0.0143626 -0.0239969 0.00245153 -0.00611773 -0.0239969 0.105262 
0.00532863 -0.0121752 -0.00210549 0.00248129 -0.0121752 0.072805 0.00247211 -0.0061572 -0.00210549 0.00247211 0.0143177 -0.0239423 0.00248129 -0.0061572 -0.0239423 0.105136 
0.0053855 -0.0122344 -0.00211962 0.00248811 -0.0122344 0.0729126 0.0024897 -0.0061919 -0.00211962 0.0024897 0.014278 -0.0239194 0.00248811 -0.0061919 -0.0239194 0.105118 
0.00542097 -0.0122949 -0.00213002 0.00250057 -0.0122949 0.0729834 0.00250969 -0.00622884 -0.00213002 0.00250969 0.0141966 -0.0238259 0.00250057 -0.00622884 -0.0238259 0.104841 
0.00537127 -0.0123514 -0.00208229 0.00248563 -0.0123514 0.0732156 0.00249449 -0.00618781 -0.00208229 0.00249449 0.0142233 -0.0237987 0.00248563 -0.00618781 -0.0237987 0.104867 
0.00529395 -0.0122759 -0.00203476 0.00245947 -0.0122759 0.0730785 0.00245932 -0.00615415 -0.00203476 0.00245932 0.0142283 -0.0237437 0.00245947 -0.00615415 -0.0237437 0.104579 
0.0053041 -0.0121771 -0.00204196 0.00241862 -0.0121771 0.0728811 0.00240619 -0.0060748 -0.00204196 0.00240619 0.0141967 -0.0237735 0.00241862 -0.0060748 -0.0237735 0.10458 
0.00530706 -0.012191 -0.00202971 0.0024281 -0.012191 0.0728737 0.00241501 -0.00604964 -0.00202971 0.00241501 0.0142174 -0.0237802 0.0024281 -0.00604964 -0.0237802 0.104724 
0.00529911 -0.0121859 -0.00202831 0.00240824 -0.0121859 0.0728543 0.00239862 -0.00601976 -0.00202831 0.00239862 0.0142226 -0.0237859 0.00240824 -0.00601976 -0.0237859 0.104746 
0.00534176 -0.0121712 -0.00207709 0.00242216 -0.0121712 0.0727807 0.00241617 -0.00604943 -0.00207709 0.00241617 0.0141611 -0.0237576 0.00242216 -0.00604943 -0.0237576 0.104627 
0.00535545 -0.0122337 -0.00210602 0.00247478 -0.0122337 0.0729238 0.00247933 -0.00614884 -0.00210602 0.00247933 0.014165 -0.023729 0.00247478 -0.00614884 -0.023729 0.104657 
0.00538589 -0.0122283 -0.00214239 0.00249778 -0.0122283 0.0728946 0.00250878 -0.00623124 -0.00214239 0.00250878 0.0141024 -0.0236907 0.00249778 -0.00623124 -0.0236907 0.104489 
0.00535766 -0.0122618 -0.00214239 0.00254448 -0.0122618 0.0729304 0.00256152 -0.00634644 -0.00214239 0.00256152 0.0140976 -0.0236234 0.00254448 -0.00634644 -0.0236234 0.104344 
0.00535798 -0.0122425 -0.00215817 0.00259117 -0.0122425 0.0729291 0.00260507 -0.00651915 -0.00215817 0.00260507 0.0140901 -0.0235906 0.00259117 -0.00651915 -0.0235906 0.104174 
0.00542214 -0.0122361 -0.00219392 0.00262336 -0.0122361 0.0728851 0.0026297 -0.00663765 -0.00219392 0.0026297 0.014041 -0.0235754 0.00262336 -0.00663765 -0.0235754 0.104071 
0.00541558 -0.012297 -0.00217059 0.00262727 -0.012297 0.0729451 0.00263324 -0.0066395 -0.00217059 0.00263324 0.0140546 -0.0235437 0.00262727 -0.0066395 -0.0235437 0.104037 
0.00540044 -0.0123141 -0.002154 0.00260817 -0.0123141 0.0730763 0.00260998 -0.0066177 -0.002154 0.00260998 0.0140851 -0.0235727 0.00260817 -0.0066177 -0.0235727 0.104106 
0.00544291 -0.0122753 -0.00217538 0.00256937 -0.0122753 0.0729943 0.00256422 -0.00650833 -0.00217538 0.00256422 0.0140266 -0.0235878 0.00256937 -0.00650833 -0.0235878 0.104102 
0.00546095 -0.0123029 -0.00217549 0.00257623 -0.0123029 0.0729298 0.00257479 -0.00645339 -0.00217549 0.00257479 0.0139815 -0.023507 0.00257623 -0.00645339 -0.023507 0.103937 
0.00549795 -0.0123392 -0.00219086 0.00258174 -0.0123392 0.07303 0.00258649 -0.00646634 -0.00219086 0.00258649 0.0139458 -0.0234734 0.00258174 -0.00646634 -0.0234734 0.103865 
0.00548746 -0.0123979 -0.00217645 0.00262086 -0.0123979 0.0731889 0.0026294 -0.00656077 -0.00217645 0.0026294 0.013955 -0.0234231 0.00262086 -0.00656077 -0.0234231 0.103758 
0.00546024 -0.012416 -0.00215813 0.00261871 -0.012416 0.0733965 0.00262225 -0.00661026 -0.00215813 0.00262225 0.0140051 -0.0234723 0.00261871 -0.00661026 -0.0234723 0.103908 
0.00547849 -0.0123206 -0.00218064 0.00257377 -0.0123206 0.0730894 0.00256627 -0.00651055 -0.00218064 0.00256627 0.013921 -0.0234358 0.00257377 -0.00651055 -0.0234358 0.10365 
0.00554173 -0.0123733 -0.00222831 0.00263161 -0.0123733 0.073166 0.00262794 -0.0065913 -0.00222831 0.00262794 0.0138717 -0.0233931 0.00263161 -0.0065913 -0.0233931 0.103649 
0.00557654 -0.0124189 -0.00221389 0.00264734 -0.0124189 0.0732074 0.00265402 -0.00662902 -0.00221389 0.00265402 0.0138244 -0.0233203 0.00264734 -0.00662902 -0.0233203 0.103476 
0.00557669 -0.0124772 -0.00217865 0.00263245 -0.0124772 0.0733878 0.0026405 -0.00662903 -0.00217865 0.0026405 0.013851 -0.0232891 0.00263245 -0.00662903 -0.0232891 0.103436 
0.00564398 -0.0125183 -0.00222113 0.0026577 -0.0125183 0.0735745 0.00265764 -0.0067305 -0.00222113 0.00265764 0.0138479 -0.0232851 0.0026577 -0.0067305 -0.0232851 0.103356 
0.00562551 -0.0125966 -0.0022187 0.00269288 -0.0125966 0.0737237 0.00269338 -0.00680113 -0.0022187 0.00269338 0.0138887 -0.0232709 0.00269288 -0.00680113 -0.0232709 0.103269 
0.00558424 -0.0125957 -0.00217695 0.00268136 -0.0125957 0.0738393 0.00268075 -0.00680207 -0.00217695 0.00268075 0.0139652 -0.0233398 0.00268136 -0.00680207 -0.0233398 0.103382 
0.00560241 -0.0125435 -0.00217122 0.00260221 -0.0125435 0.0738065 0.0025915 -0.00662789 -0.00217122 0.0025915 0.0139754 -0.0234612 0.00260221 -0.00662789 -0.0234612 0.103682 
0.00565166 -0.0125553 -0.00222027 0.00257861 -0.0125553 0.0737561 0.00256725 -0.00648695 -0.00222027 0.00256725 0.0139058 -0.0234615 0.00257861 -0.00648695 -0.0234615 0.103768 
0.00569504 -0.0126232 -0.0022582 0.00263019 -0.0126232 0.0738813 0.00263307 -0.006527 -0.0022582 0.00263307 0.0138423 -0.0233879 0.00263019 -0.006527 -0.0233879 0.103701 
0.00565974 -0.0126829 -0.00226125 0.00267291 -0.0126829 0.074087 0.00268717 -0.00663825 -0.00226125 0.00268717 0.0138708 -0.0233303 0.00267291 -0.00663825 -0.0233303 0.103629 
0.00554377 -0.0126025 -0.00223942 0.00266908 -0.0126025 0.0739151 0.00268109 -0.00666886 -0.00223942 0.00268109 0.0139361 -0.023306 0.00266908 -0.00666886 -0.023306 0.103407 
0.00550008 -0.0124792 -0.00226217 0.00269819 -0.0124792 0.0736802 0.0027015 -0.00677231 -0.00226217 0.0027015 0.0139929 -0.0233909 0.00269819 -0.00677231 -0.0233909 0.103486 
0.00547347 -0.0124085 -0.0022612 0.00272795 -0.0124085 0.0734193 0.00273001 -0.00685822 -0.0022612 0.00273001 0.0140432 -0.0234684 0.00272795 -0.00685822 -0.0234684 0.103657 
0.00551435 -0.0123875 -0.00226806 0.00273598 -0.0123875 0.0733122 0.00273724 -0.00692092 -0.00226806 0.00273724 0.014027 -0.0235408 0.00273598 -0.00692092 -0.0235408 0.103866 
0.00553081 -0.0124756 -0.00222573 0.00273836 -0.0124756 0.0735653 0.00273955 -0.00693633 -0.00222573 0.00273955 0.0141117 -0.0235934 0.00273836 -0.00693633 -0.0235934 0.104225 
0.00551194 -0.0124896 -0.00219619 0.00267547 -0.0124896 0.0736191 0.00266776 -0.00682269 -0.00219619 0.00266776 0.0141604 -0.0236324 0.00267547 -0.00682269 -0.0236324 0.104254 
0.00552535 -0.0124611 -0.00219517 0.00261717 -0.0124611 0.0735372 0.00260406 -0.00663784 -0.00219517 0.00260406 0.0141413 -0.023674 0.00261717 -0.00663784 -0.023674 0.104268 
0.00552113 -0.0124868 -0.00220465 0.0026026 -0.0124868 0.0735656 0.00259459 -0.00653015 -0.00220465 0.00259459 0.0141466 -0.0236751 0.0026026 -0.00653015 -0.0236751 0.104329 
0.0055031 -0.0124911 -0.00219135 0.00259208 -0.0124911 0.0736626 0.00259174 -0.00646234 -0.00219135 0.00259174 0.0141743 -0.0237252 0.00259208 -0.00646234 -0.0237252 0.104528 
0.00563432 -0.0124966 -0.00226462 0.00261247 -0.0124966 0.0737568 0.00261465 -0.00652139 -0.00226462 0.00261465 0.0140708 -0.0237492 0.00261247 -0.00652139 -0.0237492 0.104641 
0.00565119 -0.0126485 -0.00228035 0.00268922 -0.0126485 0.0740066 0.00270198 -0.00666316 -0.00228035 0.00270198 0.0140602 -0.0236196 0.00268922 -0.00666316 -0.0236196 0.104477 
0.00556246 -0.012649 -0.00224959 0.00270103 -0.012649 0.0740088 0.00271602 -0.00675047 -0.00224959 0.00271602 0.0140928 -0.0235311 0.00270103 -0.00675047 -0.0235311 0.104047 
0.00548134 -0.0125829 -0.00224643 0.00269981 -0.0125829 0.0740361 0.00270456 -0.00680084 -0.00224643 0.00270456 0.0141736 -0.0236275 0.00269981 -0.00680084 -0.0236275 0.104194 
0.00543567 -0.0124696 -0.00224054 0.0027105 -0.0124696 0.0737955 0.00270476 -0.00682875 -0.00224054 0.00270476 0.0142277 -0.0237035 0.0027105 -0.00682875 -0.0237035 0.104328 
0.00542186 -0.0123905 -0.00225351 0.00267204 -0.0123905 0.0735728 0.00266136 -0.00673708 -0.00225351 0.00266136 0.0142398 -0.0238188 0.00267204 -0.00673708 -0.0238188 0.104676 
0.00545386 -0.0123634 -0.00229632 0.00269718 -0.0123634 0.07338 0.00269128 -0.0067544 -0.00229632 0.00269128 0.0141925 -0.023795 0.00269718 -0.0067544 -0.023795 0.10468 
0.0054996 -0.0124227 -0.00231345 0.00275378 -0.0124227 0.0735105 0.00275854 -0.00687721 -0.00231345 0.00275854 0.014194 -0.0237866 0.00275378 -0.00687721 -0.0237866 0.104791 
0.00552889 -0.0124738 -0.00233301 0.0027686 -0.0124738 0.0736149 0.00277616 -0.0069563 -0.00233301 0.00277616 0.0141844 -0.0237636 0.0027686 -0.0069563 -0.0237636 0.104732 
0.00552566 -0.0124703 -0.002346 0.00275466 -0.0124703 0.0735242 0.00276324 -0.00691824 -0.002346 0.00276324 0.0141469 -0.0237127 0.00275466 -0.00691824 -0.0237127 0.104511 
0.00559062 -0.0124867 -0.00237747 0.00277251 -0.0124867 0.0736096 0.00278331 -0.00693066 -0.00237747 0.00278331 0.0140955 -0.0237222 0.00277251 -0.00693066 -0.0237222 0.104583 
0.00563704 -0.012534 -0.00237255 0.0027901 -0.012534 0.0736203 0.00280635 -0.00695335 -0.00237255 0.00280635 0.0140198 -0.0236332 0.0027901 -0.00695335 -0.0236332 0.104395 
0.00563996 -0.0126175 -0.00236372 0.00281337 -0.0126175 0.0738267 0.00283006 -0.00703861 -0.00236372 0.00283006 0.0140018 -0.0235443 0.00281337 -0.00703861 -0.0235443 0.104196 
0.00564099 -0.0126151 -0.00232377 0.00279891 -0.0126151 0.0738879 0.00280605 -0.00702815 -0.00232377 0.00280605 0.0139908 -0.0235068 0.00279891 -0.00702815 -0.0235068 0.10402 
0.00559432 -0.0126088 -0.00223397 0.00273227 -0.0126088 0.0739184 0.00272841 -0.00687889 -0.00223397 0.00272841 0.0140596 -0.0235279 0.00273227 -0.00687889 -0.0235279 0.104084 
0.0055655 -0.0125658 -0.00215769 0.00263907 -0.0125658 0.0738853 0.00262048 -0.00666604 -0.00215769 0.00262048 0.0141164 -0.023604 0.00263907 -0.00666604 -0.023604 0.104225 
0.00547912 -0.0125146 -0.00211715 0.00255655 -0.0125146 0.0736689 0.00252946 -0.00644514 -0.00211715 0.00252946 0.0141524 -0.0236045 0.00255655 -0.00644514 -0.0236045 0.104106 
0.00533523 -0.012446 -0.00205522 0.00248676 -0.012446 0.0736801 0.00245777 -0.00621347 -0.00205522 0.00245777 0.0143105 -0.0237632 0.00248676 -0.00621347 -0.0237632 0.1046 
0.00521748 -0.0122542 -0.00203256 0.00244363 -0.0122542 0.0732645 0.00241753 -0.00610362 -0.00203256 0.00241753 0.0143729 -0.0238696 0.00244363 -0.00610362 -0.0238696 0.104754 
0.0051476 -0.0121177 -0.00203758 0.00243494 -0.0121177 0.0729561 0.00241309 -0.00607668 -0.00203758 0.00241309 0.014441 -0.0240022 0.00243494 -0.00607668 -0.0240022 0.105175 
0.00515241 -0.0120368 -0.00208983 0.00247979 -0.0120368 0.0727017 0.00246492 -0.00619956 -0.00208983 0.00246492 0.0144587 -0.0240614 0.00247979 -0.00619956 -0.0240614 0.105381 
0.00515983 -0.012018 -0.00211087 0.0025342 -0.012018 0.0724868 0.00253143 -0.00634808 -0.00211087 0.00253143 0.0144516 -0.0240513 0.0025342 -0.00634808 -0.0240513 0.105345 
0.00525344 -0.0120227 -0.00216875 0.00253841 -0.0120227 0.0724204 0.00254162 -0.0064044 -0.00216875 0.00254162 0.0143712 -0.0240612 0.00253841 -0.0064044 -0.0240612 0.105374 
0.00537229 -0.0121537 -0.00223379 0.00258994 -0.0121537 0.0726865 0.00260256 -0.00648959 -0.00223379 0.00260256 0.0143044 -0.0240154 0.00258994 -0.00648959 -0.0240154 0.105447 
0.00536682 -0.0122964 -0.0022381 0.0026533 -0.0122964 0.0729905 0.00267626 -0.00662689 -0.0022381 0.00267626 0.014296 -0.0238984 0.0026533 -0.00662689 -0.0238984 0.105191 
0.00537668 -0.0123059 -0.00223084 0.00267564 -0.0123059 0.0731513 0.00269547 -0.00673514 -0.00223084 0.00269547 0.0142925 -0.0238685 0.00267564 -0.00673514 -0.0238685 0.104997 
0.00535836 -0.0122893 -0.00222707 0.00265356 -0.0122893 0.0730759 0.00266348 -0.00670732 -0.00222707 0.00266348 0.0142638 -0.0238427 0.00265356 -0.00670732 -0.0238427 0.104823 
0.00534044 -0.0122829 -0.00220591 0.0026528 -0.0122829 0.0731063 0.00265383 -0.00667718 -0.00220591 0.00265383 0.0142848 -0.0238528 0.0026528 -0.00667718 -0.0238528 0.10489 
0.00536666 -0.012241 -0.00220186 0.00263362 -0.012241 0.0729737 0.00262924 -0.00663794 -0.00220186 0.00262924 0.0142555 -0.023837 0.00263362 -0.00663794 -0.023837 0.104785 
0.00541874 -0.0122893 -0.00219861 0.00262507 -0.0122893 0.0730853 0.00261974 -0.00659848 -0.00219861 0.00261974 0.014239 -0.0238594 0.00262507 -0.00659848 -0.0238594 0.104929 
0.00547346 -0.0123318 -0.00222238 0.00259711 -0.0123318 0.0731136 0.0025934 -0.0065182 -0.00222238 0.0025934 0.0141429 -0.0237975 0.00259711 -0.0065182 -0.0237975 0.104776 
