0.00974154 0 -0.00370503 0 0 0.00998109 0 0 -0.00370503 0 0.00644468 0 0 0 0 0.00998109 
0.013809 -0.0171247 -0.00520184 0.00636783 -0.0171247 0.0420138 0.00636783 -0.0122096 -0.00520184 0.00636783 0.00903795 -0.0112744 0.00636783 -0.0122096 -0.0112744 0.0307969 
0.0137087 -0.0251238 -0.00455359 0.00738831 -0.0251238 0.0895244 0.00738831 -0.0233124 -0.00455359 0.00738831 0.00935072 -0.0181777 0.00738831 -0.0233124 -0.0181777 0.0675355 
0.0128022 -0.023563 -0.00398645 0.00524956 -0.023563 0.1019 0.00525648 -0.0181309 -0.00398645 0.00525648 0.00884368 -0.0183944 0.00524956 -0.0181309 -0.0183944 0.083993 
0.012835 -0.0223068 -0.0040442 0.00470099 -0.0223068 0.101615 0.00471017 -0.014059 -0.0040442 0.00471017 0.00878225 -0.0175358 0.00470099 -0.014059 -0.0175358 0.0871721 
0.0131399 -0.0222373 -0.00416448 0.00491111 -0.0222373 0.100864 0.00491148 -0.0131929 -0.00416448 0.00491148 0.00884457 -0.0172443 0.00491111 -0.0131929 -0.0172443 0.0871882 
0.0133295 -0.0226105 -0.00423187 0.00511255 -0.0226105 0.101445 0.005107 -0.0133832 -0.00423187 0.005107 0.00900207 -0.0172996 0.00511255 -0.0133832 -0.0172996 0.0874614 
0.0133748 -0.0228126 -0.00426621 0.00519893 -0.0228126 0.102081 0.00519107 -0.013612 -0.00426621 0.00519107 0.0090862 -0.0174518 0.00519893 -0.013612 -0.0174518 0.0878643 
0.0133915 -0.0227972 -0.00427523 0.00522988 -0.0227972 0.10213 0.00521975 -0.0137159 -0.00427523 0.00521975 0.00897174 -0.0174944 0.00522988 -0.0137159 -0.0174944 0.0879793 
0.0134581 -0.0228694 -0.00427094 0.00524896 -0.0228694 0.10239 0.0052443 -0.0137851 -0.00427094 0.0052443 0.00890927 -0.0174133 0.00524896 -0.0137851 -0.0174133 0.0880683 
0.0134337 -0.0228739 -0.00428026 0.00523053 -0.0228739 0.102301 0.00523138 -0.0137767 -0.00428026 0.00523138 0.00885225 -0.017278 0.00523053 -0.0137767 -0.017278 0.0876648 
0.0134776 -0.0228843 -0.00426628 0.00524983 -0.0228843 0.102389 0.00525096 -0.0138117 -0.00426628 0.00525096 0.00881031 -0.0172396 0.00524983 -0.0138117 -0.0172396 0.0875408 
0.0134933 -0.0229458 -0.00427382 0.0052388 -0.0229458 0.102544 0.00523961 -0.0138163 -0.00427382 0.00523961 0.00880143 -0.0172068 0.0052388 -0.0138163 -0.0172068 0.0874963 
0.0135591 -0.022959 -0.00426506 0.0052511 -0.022959 0.10263 0.00525106 -0.0138383 -0.00426506 0.00525106 0.00867004 -0.0171929 0.0052511 -0.0138383 -0.0171929 0.087452 
0.0136223 -0.0229692 -0.00421045 0.00522837 -0.0229692 0.10249 0.00522874 -0.0137989 -0.00421045 0.00522874 0.00851287 -0.0170021 0.00522837 -0.0137989 -0.0170021 0.0870141 
0.0136687 -0.0230911 -0.00421864 0.0051943 -0.0230911 0.102773 0.00520254 -0.0137828 -0.00421864 0.00520254 0.00840359 -0.0168308 0.0051943 -0.0137828 -0.0168308 0.0866536 
0.0136782 -0.0231518 -0.00423925 0.00520203 -0.0231518 0.103009 0.00521284 -0.0137783 -0.00423925 0.00521284 0.00835816 -0.0167006 0.00520203 -0.0137783 -0.0167006 0.086323 
0.0136146 -0.0231324 -0.00427778 0.00522021 -0.0231324 0.102984 0.00522804 -0.0137959 -0.00427778 0.00522804 0.00838038 -0.0166269 0.00522021 -0.0137959 -0.0166269 0.0860235 
0.0135823 -0.023054 -0.00430574 0.00527763 -0.023054 0.102835 0.00527799 -0.0139027 -0.00430574 0.00527799 0.00836259 -0.016644 0.00527763 -0.0139027 -0.016644 0.0859291 
0.0135688 -0.0230263 -0.00432788 0.00531946 -0.0230263 0.102756 0.00531473 -0.014016 -0.00432788 0.00531473 0.00834878 -0.0166362 0.00531946 -0.014016 -0.0166362 0.0859447 
0.0135397 -0.0229569 -0.00434837 0.00534364 -0.0229569 0.102474 0.00533983 -0.0140988 -0.00434837 0.00533983 0.00824018 -0.0165678 0.00534364 -0.0140988 -0.0165678 0.0856879 
0.0135669 -0.0230205 -0.00437277 0.00538479 -0.0230205 0.102735 0.00538452 -0.0142081 -0.00437277 0.00538452 0.00826082 -0.016508 0.00538479 -0.0142081 -0.016508 0.0857438 
0.0135846 -0.0230097 -0.00436273 0.00540062 -0.0230097 0.102714 0.00540355 -0.0142683 -0.00436273 0.00540355 0.00823964 -0.0164892 0.00540062 -0.0142683 -0.0164892 0.0856062 
0.0135549 -0.0230008 -0.00436441 0.00538134 -0.0230008 0.102604 0.00538753 -0.0142555 -0.00436441 0.00538753 0.00824139 -0.0164389 0.00538134 -0.0142555 -0.0164389 0.0854015 
0.0135258 -0.0229617 -0.00436644 0.00537871 -0.0229617 0.102477 0.00538419 -0.0142303 -0.00436644 0.00538419 0.00824418 -0.016433 0.00537871 -0.0142303 -0.016433 0.0852774 
0.0135491 -0.022964 -0.00433953 0.00537994 -0.022964 0.102521 0.00538341 -0.0142143 -0.00433953 0.00538341 0.00829271 -0.0164731 0.00537994 -0.0142143 -0.0164731 0.0854 
0.0135632 -0.0229763 -0.00432324 0.00534612 -0.0229763 0.102509 0.00534975 -0.0141605 -0.00432324 0.00534975 0.00827794 -0.0165131 0.00534612 -0.0141605 -0.0165131 0.0854538 
0.0135189 -0.0230453 -0.00430799 0.00530742 -0.0230453 0.10275 0.00531221 -0.0140349 -0.00430799 0.00531221 0.00854199 -0.0165647 0.00530742 -0.0140349 -0.0165647 0.0857303 
0.0134275 -0.0229972 -0.00435232 0.00530295 -0.0229972 0.102793 0.00529811 -0.0139948 -0.00435232 0.00529811 0.00872599 -0.0168655 0.00530295 -0.0139948 -0.0168655 0.0862652 
0.0133721 -0.0228317 -0.00437818 0.00534614 -0.0228317 0.102372 0.00533108 -0.0140304 -0.00437818 0.00533108 0.00870739 -0.0170491 0.00534614 -0.0140304 -0.0170491 0.0866706 
0.0133496 -0.022817 -0.00440995 0.00538729 -0.022817 0.102317 0.0053724 -0.0141233 -0.00440995 0.0053724 0.00873713 -0.017076 0.00538729 -0.0141233 -0.017076 0.0870213 
0.0133644 -0.0227764 -0.00441165 0.00542428 -0.0227764 0.102221 0.00541094 -0.0142188 -0.00441165 0.00541094 0.00870759 -0.0170945 0.00542428 -0.0142188 -0.0170945 0.0871105 
0.0134037 -0.0227583 -0.00436852 0.00541444 -0.0227583 0.102051 0.00540581 -0.0142342 -0.00436852 0.00540581 0.00866103 -0.0170409 0.00541444 -0.0142342 -0.0170409 0.0869794 
0.0134581 -0.0228647 -0.00435225 0.00537374 -0.0228647 0.102318 0.0053735 -0.0141976 -0.00435225 0.0053735 0.00866207 -0.0170255 0.00537374 -0.0141976 -0.0170255 0.0870363 
0.0134006 -0.022858 -0.00433379 0.00531691 -0.022858 0.10221 0.00532379 -0.0140494 -0.00433379 0.00532379 0.00873071 -0.0169781 0.00531691 -0.0140494 -0.0169781 0.0867961 
0.013394 -0.0228484 -0.00434011 0.00531167 -0.0228484 0.102301 0.00531743 -0.0140029 -0.00434011 0.00531743 0.00876416 -0.0170852 0.00531167 -0.0140029 -0.0170852 0.0869754 
0.0135168 -0.0228591 -0.00427626 0.00531169 -0.0228591 0.102391 0.00531611 -0.0139734 -0.00427626 0.00531611 0.00869246 -0.0171518 0.00531169 -0.0139734 -0.0171518 0.0872371 
0.0135816 -0.0229766 -0.00425867 0.00523909 -0.0229766 0.10254 0.0052514 -0.0138796 -0.00425867 0.0052514 0.00855461 -0.0170291 0.00523909 -0.0138796 -0.0170291 0.0870504 
0.013603 -0.0230327 -0.00422581 0.00519913 -0.0230327 0.102641 0.00521729 -0.0137431 -0.00422581 0.00521729 0.008521 -0.0168536 0.00519913 -0.0137431 -0.0168536 0.0866251 
0.0136047 -0.0230711 -0.00423952 0.005183 -0.0230711 0.102778 0.00519627 -0.0136972 -0.00423952 0.00519627 0.00846865 -0.0168075 0.005183 -0.0136972 -0.0168075 0.0863784 
0.013635 -0.0230674 -0.00422626 0.00519817 -0.0230674 0.102804 0.00520653 -0.0136934 -0.00422626 0.00520653 0.00840164 -0.0167535 0.00519817 -0.0136934 -0.0167535 0.0862278 
0.0136492 -0.0231007 -0.00421437 0.00518691 -0.0231007 0.102851 0.00519277 -0.0136813 -0.00421437 0.00519277 0.00839111 -0.0166748 0.00518691 -0.0136813 -0.0166748 0.0860532 
0.0136986 -0.0231665 -0.0042079 0.00519232 -0.0231665 0.103124 0.00519533 -0.0137049 -0.0042079 0.00519533 0.00840021 -0.0166913 0.00519232 -0.0137049 -0.0166913 0.0861249 
0.0136732 -0.0231555 -0.00422558 0.00518257 -0.0231555 0.103038 0.00518508 -0.0137037 -0.00422558 0.00518508 0.00834983 -0.0166496 0.00518257 -0.0137037 -0.0166496 0.0859345 
0.0135639 -0.0231369 -0.00432852 0.00522008 -0.0231369 0.103013 0.0052185 -0.0137758 -0.00432852 0.0052185 0.00833513 -0.0165904 0.00522008 -0.0137758 -0.0165904 0.0857914 
0.0135157 -0.0230195 -0.00439186 0.00535194 -0.0230195 0.10286 0.00534223 -0.0140074 -0.00439186 0.00534223 0.00830587 -0.0165796 0.00535194 -0.0140074 -0.0165796 0.0857564 
0.01349 -0.0229125 -0.00439632 0.00542365 -0.0229125 0.102482 0.00541014 -0.0142166 -0.00439632 0.00541014 0.00827408 -0.0165178 0.00542365 -0.0142166 -0.0165178 0.0855603 
0.013495 -0.0229134 -0.0043928 0.00544188 -0.0229134 0.102432 0.00542779 -0.0143359 -0.0043928 0.00542779 0.00830634 -0.0165035 0.00544188 -0.0143359 -0.0165035 0.0855409 
0.0135396 -0.0229439 -0.0043641 0.00543655 -0.0229439 0.102547 0.0054255 -0.0143641 -0.0043641 0.0054255 0.00835168 -0.0165687 0.00543655 -0.0143641 -0.0165687 0.085717 
0.0136153 -0.0229442 -0.00428849 0.00539162 -0.0229442 0.102454 0.00538137 -0.0142926 -0.00428849 0.00538137 0.00828277 -0.0165971 0.00539162 -0.0142926 -0.0165971 0.0857287 
0.0135976 -0.0230154 -0.00428784 0.00530972 -0.0230154 0.102488 0.00530765 -0.0141594 -0.00428784 0.00530765 0.00826421 -0.0165036 0.00530972 -0.0141594 -0.0165036 0.0855559 
0.0136024 -0.0230468 -0.00431734 0.00532117 -0.0230468 0.102709 0.00531984 -0.0141299 -0.00431734 0.00531984 0.00823897 -0.0165124 0.00532117 -0.0141299 -0.0165124 0.0856026 
0.0136132 -0.0230138 -0.00431316 0.00533762 -0.0230138 0.102621 0.0053341 -0.0141251 -0.00431316 0.0053341 0.00817544 -0.0164736 0.00533762 -0.0141251 -0.0164736 0.0855105 
0.0136848 -0.0230459 -0.00427294 0.00533524 -0.0230459 0.102679 0.00533651 -0.0141334 -0.00427294 0.00533651 0.00808631 -0.0164088 0.00533524 -0.0141334 -0.0164088 0.085421 
0.0137072 -0.0231158 -0.00423642 0.00526851 -0.0231158 0.10276 0.00527983 -0.0140184 -0.00423642 0.00527983 0.00807725 -0.0162885 0.00526851 -0.0140184 -0.0162885 0.0851434 
0.0136996 -0.0231731 -0.0042866 0.00526487 -0.0231731 0.102995 0.00527744 -0.0140229 -0.0042866 0.00527744 0.0080064 -0.0162639 0.00526487 -0.0140229 -0.0162639 0.0850122 
0.0136485 -0.0231109 -0.0043045 0.00530479 -0.0231109 0.102842 0.00531196 -0.0140469 -0.0043045 0.00531196 0.0080034 -0.0161562 0.00530479 -0.0140469 -0.0161562 0.0847075 
0.0136823 -0.0231172 -0.00430825 0.00535637 -0.0231172 0.102976 0.00535316 -0.0141706 -0.00430825 0.00535316 0.00802923 -0.0161982 0.00535637 -0.0141706 -0.0161982 0.0848172 
0.0136364 -0.0230621 -0.00430589 0.00533512 -0.0230621 0.102679 0.00532981 -0.0141573 -0.00430589 0.00532981 0.00803725 -0.016178 0.00533512 -0.0141573 -0.016178 0.0846416 
0.013684 -0.0230844 -0.00426766 0.00533092 -0.0230844 0.10279 0.00532833 -0.01413 -0.00426766 0.00532833 0.00809189 -0.0162458 0.00533092 -0.01413 -0.0162458 0.0848584 
0.0137948 -0.0231577 -0.00417331 0.00527655 -0.0231577 0.102984 0.00527979 -0.014035 -0.00417331 0.00527979 0.00811532 -0.0163274 0.00527655 -0.014035 -0.0163274 0.0851135 
0.0138901 -0.0232677 -0.00410218 0.0051655 -0.0232677 0.103194 0.00517641 -0.0138404 -0.00410218 0.00517641 0.00801292 -0.016336 0.0051655 -0.0138404 -0.016336 0.0851698 
0.0139258 -0.0233864 -0.00406603 0.00506235 -0.0233864 0.103475 0.00507934 -0.013569 -0.00406603 0.00507934 0.00799838 -0.0162312 0.00506235 -0.013569 -0.0162312 0.0850467 
0.0138606 -0.0233893 -0.00410409 0.00502525 -0.0233893 0.10349 0.00504167 -0.0134195 -0.00410409 0.00504167 0.00798052 -0.0161716 0.00502525 -0.0134195 -0.0161716 0.084763 
0.0138037 -0.0233697 -0.00415891 0.00508128 -0.0233697 0.103606 0.00508578 -0.0134459 -0.00415891 0.00508578 0.00808378 -0.0162011 0.00508128 -0.0134459 -0.0162011 0.084864 
0.0137138 -0.0232565 -0.00420183 0.00515172 -0.0232565 0.103345 0.0051418 -0.0135723 -0.00420183 0.0051418 0.00821452 -0.0162984 0.00515172 -0.0135723 -0.0162984 0.0849691 
0.0136892 -0.0231508 -0.00422965 0.00522302 -0.0231508 0.103084 0.00520374 -0.0137596 -0.00422965 0.00520374 0.00820796 -0.0164564 0.00522302 -0.0137596 -0.0164564 0.085282 
0.0137307 -0.0230884 -0.00418917 0.00524531 -0.0230884 0.102789 0.00522857 -0.0138536 -0.00418917 0.00522857 0.00808486 -0.0164372 0.00524531 -0.0138536 -0.0164372 0.0853284 
0.0137883 -0.0231948 -0.00419978 0.00521983 -0.0231948 0.10302 0.0052159 -0.0138942 -0.00419978 0.0052159 0.00794617 -0.016316 0.00521983 -0.0138942 -0.016316 0.0852628 
0.013845 -0.0232119 -0.00413634 0.00519723 -0.0232119 0.103003 0.00520334 -0.0138231 -0.00413634 0.00520334 0.00783087 -0.0161117 0.00519723 -0.0138231 -0.0161117 0.0847631 
0.0139004 -0.0232883 -0.00411183 0.0051502 -0.0232883 0.10315 0.00516198 -0.0137796 -0.00411183 0.00516198 0.0076947 -0.0159584 0.0051502 -0.0137796 -0.0159584 0.0843156 
0.0138989 -0.0233943 -0.00415725 0.00513575 -0.0233943 0.103496 0.00515295 -0.0137581 -0.00415725 0.00515295 0.0076632 -0.0158094 0.00513575 -0.0137581 -0.0158094 0.0840081 
0.013878 -0.023359 -0.00416713 0.00517318 -0.023359 0.103481 0.00518392 -0.0137738 -0.00416713 0.00518392 0.00767108 -0.0157415 0.00517318 -0.0137738 -0.0157415 0.0836879 
0.0138102 -0.0233183 -0.00420743 0.00518867 -0.0233183 0.10335 0.00519131 -0.0138132 -0.00420743 0.00519131 0.00774491 -0.0157424 0.00518867 -0.0138132 -0.0157424 0.0835502 
0.0138531 -0.0232862 -0.00418704 0.00524987 -0.0232862 0.103377 0.00524531 -0.0139246 -0.00418704 0.00524531 0.00776908 -0.0158649 0.00524987 -0.0139246 -0.0158649 0.083815 
0.0138034 -0.0232919 -0.0042249 0.00522794 -0.0232919 0.103282 0.00522481 -0.0139539 -0.0042249 0.00522481 0.00777326 -0.0158689 0.00522794 -0.0139539 -0.0158689 0.0838524 
0.0137857 -0.0232325 -0.00423097 0.00525936 -0.0232325 0.103153 0.00525649 -0.0139777 -0.00423097 0.00525649 0.00774321 -0.0158702 0.00525936 -0.0139777 -0.0158702 0.0838415 
0.0137739 -0.0231955 -0.0042476 0.00528677 -0.0231955 0.103007 0.00528175 -0.014064 -0.0042476 0.00528175 0.00765127 -0.0158191 0.00528677 -0.014064 -0.0158191 0.0837182 
0.0137979 -0.0232349 -0.00426341 0.00532096 -0.0232349 0.103171 0.00531753 -0.0141645 -0.00426341 0.00531753 0.00763635 -0.0157417 0.00532096 -0.0141645 -0.0157417 0.0836826 
0.0137564 -0.0232093 -0.00427863 0.00534256 -0.0232093 0.103068 0.00533928 -0.0142472 -0.00427863 0.00533928 0.00764621 -0.0156754 0.00534256 -0.0142472 -0.0156754 0.0834198 
0.013759 -0.0231594 -0.00428068 0.00537029 -0.0231594 0.102959 0.00536122 -0.014327 -0.00428068 0.00536122 0.00757856 -0.0156872 0.00537029 -0.014327 -0.0156872 0.0833461 
0.0137781 -0.0231712 -0.00429189 0.00538138 -0.0231712 0.102963 0.00537201 -0.0143833 -0.00429189 0.00537201 0.00749397 -0.015627 0.00538138 -0.0143833 -0.015627 0.0833025 
0.0138126 -0.0231615 -0.00425838 0.00537803 -0.0231615 0.102856 0.00537317 -0.014379 -0.00425838 0.00537317 0.00738669 -0.0154974 0.00537803 -0.014379 -0.0154974 0.0829897 
0.0138675 -0.0232303 -0.00422303 0.00534499 -0.0232303 0.102997 0.00535074 -0.0143509 -0.00422303 0.00535074 0.00729094 -0.0153688 0.00534499 -0.0143509 -0.0153688 0.0827023 
0.0138726 -0.0232665 -0.00422775 0.00530801 -0.0232665 0.103041 0.0053225 -0.0142997 -0.00422775 0.0053225 0.00719273 -0.0152145 0.00530801 -0.0142997 -0.0152145 0.082247 
0.0138654 -0.0233133 -0.004263 0.00531937 -0.0233133 0.103238 0.00533545 -0.0142978 -0.004263 0.00533545 0.0071863 -0.0151054 0.00531937 -0.0142978 -0.0151054 0.0819725 
0.0138378 -0.023284 -0.00429216 0.00537054 -0.023284 0.103217 0.00538067 -0.014391 -0.00429216 0.00538067 0.00717725 -0.0150673 0.00537054 -0.014391 -0.0150673 0.0817396 
0.0138264 -0.0232479 -0.00428789 0.00539766 -0.0232479 0.103123 0.00540026 -0.0144508 -0.00428789 0.00540026 0.00723462 -0.0150546 0.00539766 -0.0144508 -0.0150546 0.0816342 
0.0138226 -0.0232558 -0.00429964 0.00541392 -0.0232558 0.10317 0.00541247 -0.0145273 -0.00429964 0.00541247 0.00728897 -0.0151384 0.00541392 -0.0145273 -0.0151384 0.0817824 
0.0137822 -0.0232274 -0.00434118 0.00543132 -0.0232274 0.103099 0.00542645 -0.0145838 -0.00434118 0.00542645 0.00727553 -0.0151983 0.00543132 -0.0145838 -0.0151983 0.0819132 
0.0137024 -0.0231236 -0.00438881 0.00547358 -0.0231236 0.10276 0.00546567 -0.0146552 -0.00438881 0.00546567 0.00721921 -0.0151514 0.00547358 -0.0146552 -0.0151514 0.0817735 
0.0137036 -0.0231062 -0.00441456 0.00554008 -0.0231062 0.102791 0.00552901 -0.0147854 -0.00441456 0.00552901 0.00721791 -0.0151255 0.00554008 -0.0147854 -0.0151255 0.0818443 
0.0137212 -0.0230839 -0.00441209 0.0055814 -0.0230839 0.102722 0.00556977 -0.0149226 -0.00441209 0.00556977 0.00718611 -0.0151014 0.0055814 -0.0149226 -0.0151014 0.0817751 
0.0137396 -0.0231021 -0.00441159 0.00558292 -0.0231021 0.102732 0.00557745 -0.0149909 -0.00441159 0.00557745 0.00713668 -0.0150559 0.00558292 -0.0149909 -0.0150559 0.0816781 
0.0137731 -0.0231323 -0.00440302 0.0055616 -0.0231323 0.102798 0.00556278 -0.0149569 -0.00440302 0.00556278 0.00708174 -0.014996 0.0055616 -0.0149569 -0.014996 0.0815498 
0.0137436 -0.0231505 -0.00443455 0.00555649 -0.0231505 0.102795 0.00556466 -0.0149538 -0.00443455 0.00556466 0.007057 -0.0149018 0.00555649 -0.0149538 -0.0149018 0.0812821 
0.0136922 -0.0231343 -0.00449521 0.0056076 -0.0231343 0.102827 0.00561695 -0.0150537 -0.00449521 0.00561695 0.00705252 -0.01486 0.0056076 -0.0150537 -0.01486 0.081115 
0.0136614 -0.0230343 -0.00447868 0.0056643 -0.0230343 0.102555 0.00566606 -0.0151497 -0.00447868 0.00566606 0.00705853 -0.0148239 0.0056643 -0.0151497 -0.0148239 0.0808904 
0.0137009 -0.0230541 -0.00447057 0.00568257 -0.0230541 0.102645 0.00567661 -0.0152614 -0.00447057 0.00567661 0.00705467 -0.0148687 0.00568257 -0.0152614 -0.0148687 0.0810232 
0.0136937 -0.0230335 -0.00445702 0.00566531 -0.0230335 0.102489 0.00565939 -0.015267 -0.00445702 0.00565939 0.0070161 -0.0148325 0.00566531 -0.015267 -0.0148325 0.0808991 
0.0136871 -0.0230625 -0.00447621 0.00566104 -0.0230625 0.10258 0.00565831 -0.0152732 -0.00447621 0.00565831 0.00700206 -0.0148044 0.00566104 -0.0152732 -0.0148044 0.0808841 
0.0136515 -0.0230245 -0.004489 0.00567553 -0.0230245 0.102479 0.005673 -0.015288 -0.004489 0.005673 0.0069951 -0.0147662 0.00567553 -0.015288 -0.0147662 0.0807461 
0.0136192 -0.0229804 -0.0045158 0.00571003 -0.0229804 0.102375 0.00570298 -0.0153704 -0.0045158 0.00570298 0.00696914 -0.0147558 0.00571003 -0.0153704 -0.0147558 0.0806804 
0.0135718 -0.0229173 -0.00454033 0.0057338 -0.0229173 0.102161 0.00572324 -0.0154255 -0.00454033 0.00572324 0.0069749 -0.014709 0.0057338 -0.0154255 -0.014709 0.0805352 
0.0135333 -0.0229119 -0.00461471 0.00578991 -0.0229119 0.10222 0.00577728 -0.0155624 -0.00461471 0.00577728 0.00703391 -0.0147418 0.00578991 -0.0155624 -0.0147418 0.0806535 
0.0135396 -0.0228093 -0.00462617 0.00587881 -0.0228093 0.101945 0.00586367 -0.0157606 -0.00462617 0.00586367 0.006931 -0.0147757 0.00587881 -0.0157606 -0.0147757 0.0806367 
0.013607 -0.0228613 -0.00460969 0.00588803 -0.0228613 0.102017 0.00588391 -0.0158635 -0.00460969 0.00588391 0.00683816 -0.0146707 0.00588803 -0.0158635 -0.0146707 0.0805717 
0.0135922 -0.0229442 -0.00462393 0.00585048 -0.0229442 0.102181 0.00586165 -0.0158297 -0.00462393 0.00586165 0.00686234 -0.014529 0.00585048 -0.0158297 -0.014529 0.0802503 
0.013601 -0.0229341 -0.00460563 0.00584978 -0.0229341 0.102241 0.00586105 -0.0157812 -0.00460563 0.00586105 0.00690036 -0.0145417 0.00584978 -0.0157812 -0.0145417 0.0800922 
0.0136159 -0.0229237 -0.00459464 0.00585553 -0.0229237 0.102203 0.00586247 -0.0158187 -0.00459464 0.00586247 0.0068518 -0.0145858 0.00585553 -0.0158187 -0.0145858 0.0801038 
0.0135594 -0.0229321 -0.0046279 0.00583767 -0.0229321 0.102174 0.00584489 -0.015794 -0.0046279 0.00584489 0.00688342 -0.0145269 0.00583767 -0.015794 -0.0145269 0.0800172 
0.0135315 -0.0228653 -0.00462499 0.00586392 -0.0228653 0.102047 0.00586325 -0.0157858 -0.00462499 0.00586325 0.00691639 -0.014557 0.00586392 -0.0157858 -0.014557 0.0799852 
0.0134755 -0.0228293 -0.0046605 0.00587524 -0.0228293 0.101926 0.0058673 -0.0158203 -0.0046605 0.0058673 0.0069921 -0.0146066 0.00587524 -0.0158203 -0.0146066 0.0800773 
0.0134502 -0.022779 -0.0046914 0.00591464 -0.022779 0.101845 0.00590102 -0.0158788 -0.0046914 0.00590102 0.00703984 -0.0147195 0.00591464 -0.0158788 -0.0147195 0.0803429 
0.0134579 -0.0227681 -0.00469815 0.00594752 -0.0227681 0.101842 0.00593202 -0.0159438 -0.00469815 0.00593202 0.00711267 -0.0148028 0.00594752 -0.0159438 -0.0148028 0.0806561 
0.0135133 -0.0227757 -0.0046644 0.00595028 -0.0227757 0.10185 0.00594101 -0.0159807 -0.0046644 0.00594101 0.00711114 -0.0148907 0.00595028 -0.0159807 -0.0148907 0.080906 
0.0135372 -0.0228526 -0.00465968 0.00589475 -0.0228526 0.101995 0.00589855 -0.0159052 -0.00465968 0.00589855 0.00711066 -0.0148988 0.00589475 -0.0159052 -0.0148988 0.0810394 
0.0135049 -0.0228436 -0.00466072 0.00586128 -0.0228436 0.101926 0.00587343 -0.0157866 -0.00466072 0.00587343 0.0071133 -0.0148637 0.00586128 -0.0157866 -0.0148637 0.0808953 
0.0135146 -0.0228936 -0.00468627 0.00588492 -0.0228936 0.102214 0.00589731 -0.0158067 -0.00468627 0.00589731 0.00716665 -0.0149126 0.00588492 -0.0158067 -0.0149126 0.0810945 
0.01346 -0.0228291 -0.00470049 0.00590284 -0.0228291 0.10202 0.00590873 -0.015828 -0.00470049 0.00590873 0.00718675 -0.0149276 0.00590284 -0.015828 -0.0149276 0.0810189 
0.0134639 -0.0227746 -0.00468566 0.00592878 -0.0227746 0.10188 0.0059262 -0.0158751 -0.00468566 0.0059262 0.00718722 -0.0149628 0.00592878 -0.0158751 -0.0149628 0.0810732 
0.0134768 -0.0228107 -0.00469295 0.00592899 -0.0228107 0.101982 0.00592572 -0.0159202 -0.00469295 0.00592572 0.00720982 -0.0149916 0.00592899 -0.0159202 -0.0149916 0.0812377 
0.0134933 -0.0227963 -0.00467019 0.00592032 -0.0227963 0.101921 0.00591663 -0.0158955 -0.00467019 0.00591663 0.00717793 -0.0150035 0.00592032 -0.0158955 -0.0150035 0.081248 
0.0135713 -0.0228039 -0.00460557 0.00589342 -0.0228039 0.101874 0.00589202 -0.0158462 -0.00460557 0.00589202 0.00705641 -0.0149627 0.00589342 -0.0158462 -0.0149627 0.0811666 
0.0136294 -0.0229102 -0.00455616 0.00580457 -0.0229102 0.102045 0.00581505 -0.0156881 -0.00455616 0.00581505 0.0069879 -0.0148239 0.00580457 -0.0156881 -0.0148239 0.0809382 
0.0135821 -0.0230138 -0.00461231 0.00575793 -0.0230138 0.102387 0.005777 -0.0155721 -0.00461231 0.005777 0.00704718 -0.0147408 0.00575793 -0.0155721 -0.0147408 0.0807474 
0.0134846 -0.0229074 -0.00466825 0.00581625 -0.0229074 0.102219 0.00582236 -0.0155881 -0.00466825 0.00582236 0.00711178 -0.0147744 0.00581625 -0.0155881 -0.0147744 0.0805955 
0.0134701 -0.0228499 -0.00469966 0.0059041 -0.0228499 0.102204 0.00589266 -0.0157464 -0.00469966 0.00589266 0.00719708 -0.0149072 0.0059041 -0.0157464 -0.0149072 0.0809446 
0.0134068 -0.0227874 -0.00475628 0.00595477 -0.0227874 0.101994 0.00593719 -0.0159143 -0.00475628 0.00593719 0.0072457 -0.0149909 0.00595477 -0.0159143 -0.0149909 0.0811532 
0.0133458 -0.0227198 -0.00480922 0.0060187 -0.0227198 0.10183 0.00600113 -0.0160662 -0.00480922 0.00600113 0.00730103 -0.0150525 0.0060187 -0.0160662 -0.0150525 0.0813467 
0.0132738 -0.0226374 -0.0048203 0.00605925 -0.0226374 0.101592 0.00604446 -0.0161595 -0.0048203 0.00604446 0.0074493 -0.0151137 0.00605925 -0.0161595 -0.0151137 0.081478 
0.013318 -0.0225422 -0.00477602 0.00608573 -0.0225422 0.101326 0.00606939 -0.0162629 -0.00477602 0.00606939 0.00739707 -0.0152771 0.00608573 -0.0162629 -0.0152771 0.0817294 
0.0134038 -0.0226132 -0.00472538 0.00602636 -0.0226132 0.101377 0.00601793 -0.0162059 -0.00472538 0.00601793 0.00730175 -0.015251 0.00602636 -0.0162059 -0.015251 0.0818917 
0.0134473 -0.0227293 -0.00471592 0.00595549 -0.0227293 0.101638 0.00596258 -0.0160639 -0.00471592 0.00596258 0.00722634 -0.0151385 0.00595549 -0.0160639 -0.0151385 0.0817727 
0.0134933 -0.0227786 -0.00470109 0.00593722 -0.0227786 0.101816 0.0059507 -0.0159729 -0.00470109 0.0059507 0.00712018 -0.0150296 0.00593722 -0.0159729 -0.0150296 0.0815048 
0.0135432 -0.0228428 -0.00467841 0.00592235 -0.0228428 0.102007 0.00594035 -0.0159332 -0.00467841 0.00594035 0.00704654 -0.0148975 0.00592235 -0.0159332 -0.0148975 0.0812103 
0.013527 -0.0228982 -0.00468323 0.0058934 -0.0228982 0.102151 0.00591276 -0.0158705 -0.00468323 0.00591276 0.00709746 -0.0147925 0.0058934 -0.0158705 -0.0147925 0.0808953 
0.0135016 -0.0228823 -0.00469595 0.00590084 -0.0228823 0.102188 0.005912 -0.015851 -0.00469595 0.005912 0.00717409 -0.0148485 0.00590084 -0.015851 -0.0148485 0.0808459 
0.0134496 -0.0228275 -0.00468003 0.00589519 -0.0228275 0.102017 0.00589713 -0.0157958 -0.00468003 0.00589713 0.00732676 -0.014947 0.00589519 -0.0157958 -0.014947 0.0809653 
0.0134481 -0.02283 -0.00468372 0.00589472 -0.02283 0.102128 0.00589021 -0.0157922 -0.00468372 0.00589021 0.00745502 -0.0151836 0.00589472 -0.0157922 -0.0151836 0.0815474 
0.0133791 -0.0227919 -0.0047021 0.00587148 -0.0227919 0.102009 0.00586242 -0.0157092 -0.0047021 0.00586242 0.00757978 -0.0153469 0.00587148 -0.0157092 -0.0153469 0.0820032 
0.0133416 -0.022713 -0.00469694 0.00588248 -0.022713 0.101838 0.00586824 -0.0156683 -0.00469694 0.00586824 0.00767785 -0.0155144 0.00588248 -0.0156683 -0.0155144 0.0824542 
0.0133287 -0.0226624 -0.00468529 0.00587504 -0.0226624 0.101663 0.00585863 -0.0156418 -0.00468529 0.00585863 0.0077234 -0.015642 0.00587504 -0.0156418 -0.015642 0.0828279 
0.0133681 -0.0227068 -0.00469883 0.00588029 -0.0227068 0.101846 0.00586777 -0.0156679 -0.00469883 0.00586777 0.00770526 -0.0157393 0.00588029 -0.0156679 -0.0157393 0.0832709 
0.0133427 -0.0226835 -0.00468986 0.00586248 -0.0226835 0.101688 0.00585728 -0.015615 -0.00468986 0.00585728 0.00770396 -0.0156769 0.00586248 -0.015615 -0.0156769 0.0831776 
0.0133634 -0.0227049 -0.0047073 0.00587943 -0.0227049 0.101814 0.00587666 -0.015663 -0.0047073 0.00587666 0.00765826 -0.0156912 0.00587943 -0.015663 -0.0156912 0.0832393 
0.013299 -0.0226762 -0.00474117 0.00588586 -0.0226762 0.101673 0.00588352 -0.0156763 -0.00474117 0.00588352 0.00765729 -0.0156067 0.00588586 -0.0156763 -0.0156067 0.0830255 
0.013306 -0.0226358 -0.00475227 0.00594538 -0.0226358 0.101654 0.00593974 -0.0157938 -0.00475227 0.00593974 0.00764921 -0.0156172 0.00594538 -0.0157938 -0.0156172 0.0830184 
0.0133587 -0.0226237 -0.00468841 0.00593573 -0.0226237 0.101552 0.00593049 -0.0157967 -0.00468841 0.00593049 0.00766854 -0.0156116 0.00593573 -0.0157967 -0.0156116 0.0829979 
0.013356 -0.0226906 -0.00468383 0.00586555 -0.0226906 0.101629 0.00586759 -0.0157129 -0.00468383 0.00586759 0.00769091 -0.0156286 0.00586555 -0.0157129 -0.0156286 0.0829985 
