0.00938037 0 0.00387792 0 0 0.0100152 0 0 0.00387792 0 0.00690093 0 0 0 0 0.0100152 
0.0132109 -0.0163901 0.00545249 -0.00667575 -0.0163901 0.0406052 -0.00667575 0.0127992 0.00545249 -0.00667575 0.00969362 -0.0120809 -0.00667575 0.0127992 -0.0120809 0.0323433 
0.0130978 -0.0241904 0.00482041 -0.00774927 -0.0241904 0.0865408 -0.00774927 0.0244614 0.00482041 -0.00774927 0.00989695 -0.0191514 -0.00774927 0.0244614 -0.0191514 0.0706186 
0.0122319 -0.0228335 0.00425227 -0.00556892 -0.0228335 0.0993889 -0.00557815 0.0191609 0.00425227 -0.00557815 0.0093317 -0.0190992 -0.00556892 0.0191609 -0.0190992 0.0866427 
0.0122843 -0.0215945 0.00434286 -0.00503345 -0.0215945 0.099426 -0.00505475 0.0150512 0.00434286 -0.00505475 0.00912091 -0.018109 -0.00503345 0.0150512 -0.018109 0.0890808 
0.0125351 -0.0215828 0.00455339 -0.00530635 -0.0215828 0.099032 -0.00533165 0.0143078 0.00455339 -0.00533165 0.00915797 -0.0176636 -0.00530635 0.0143078 -0.0176636 0.0886792 
0.0126813 -0.0218346 0.00464098 -0.00560894 -0.0218346 0.0994334 -0.00562673 0.0146807 0.00464098 -0.00562673 0.00929386 -0.0176321 -0.00560894 0.0146807 -0.0176321 0.0884851 
0.012779 -0.0219632 0.00463999 -0.00572476 -0.0219632 0.099805 -0.00573142 0.01503 0.00463999 -0.00573142 0.00929393 -0.017751 -0.00572476 0.01503 -0.017751 0.0886315 
0.0128262 -0.0220573 0.00460604 -0.00570085 -0.0220573 0.100038 -0.00570928 0.0150668 0.00460604 -0.00570928 0.00928841 -0.017745 -0.00570085 0.0150668 -0.017745 0.0887098 
0.0128107 -0.0221685 0.00463751 -0.00566978 -0.0221685 0.100453 -0.00568238 0.0150259 0.00463751 -0.00568238 0.00932321 -0.0177642 -0.00566978 0.0150259 -0.0177642 0.0888649 
0.0127905 -0.0221093 0.00469156 -0.00570533 -0.0221093 0.100418 -0.00571254 0.0150521 0.00469156 -0.00571254 0.00920231 -0.0177626 -0.00570533 0.0150521 -0.0177626 0.0887961 
0.0127953 -0.0220773 0.00472793 -0.00578286 -0.0220773 0.100335 -0.00578386 0.0151986 0.00472793 -0.00578386 0.00909682 -0.0176265 -0.00578286 0.0151986 -0.0176265 0.0885866 
0.0128578 -0.022055 0.00472542 -0.00583232 -0.022055 0.100198 -0.00583364 0.0153525 0.00472542 -0.00583364 0.00892893 -0.0174728 -0.00583232 0.0153525 -0.0174728 0.0881773 
0.01288 -0.0221455 0.00475103 -0.00584236 -0.0221455 0.100341 -0.00585216 0.0154551 0.00475103 -0.00585216 0.00883254 -0.0172764 -0.00584236 0.0154551 -0.0172764 0.0877521 
0.0128514 -0.0221271 0.00475024 -0.00585349 -0.0221271 0.100252 -0.00586608 0.0154795 0.00475024 -0.00586608 0.00879981 -0.0171196 -0.00585349 0.0154795 -0.0171196 0.0871938 
0.0128162 -0.0221528 0.00479914 -0.00588805 -0.0221528 0.100433 -0.00589596 0.0155797 0.00479914 -0.00589596 0.00882596 -0.0171192 -0.00588805 0.0155797 -0.0171192 0.087141 
0.0127121 -0.0220911 0.00483079 -0.00593248 -0.0220911 0.10035 -0.00592972 0.0156473 0.00483079 -0.00592972 0.00896234 -0.0171564 -0.00593248 0.0156473 -0.0171564 0.0871882 
0.0126141 -0.0219741 0.00486931 -0.00598285 -0.0219741 0.100152 -0.00596906 0.0157599 0.00486931 -0.00596906 0.00908342 -0.0173237 -0.00598285 0.0157599 -0.0173237 0.087502 
0.0125368 -0.0218075 0.00488243 -0.00601347 -0.0218075 0.0996571 -0.00599394 0.0158248 0.00488243 -0.00599394 0.00911242 -0.0174383 -0.00601347 0.0158248 -0.0174383 0.0877068 
0.0125107 -0.0217832 0.00488594 -0.00603785 -0.0217832 0.0996123 -0.00602084 0.015893 0.00488594 -0.00602084 0.00921636 -0.0175348 -0.00603785 0.015893 -0.0175348 0.0881285 
0.0125162 -0.0217144 0.00485382 -0.00602286 -0.0217144 0.0993808 -0.00601071 0.0158784 0.00485382 -0.00601071 0.0092373 -0.017619 -0.00602286 0.0158784 -0.017619 0.0882842 
0.0125542 -0.0217608 0.00483129 -0.00598504 -0.0217608 0.0994632 -0.00598309 0.0158281 0.00483129 -0.00598309 0.00926901 -0.0176667 -0.00598504 0.0158281 -0.0176667 0.0885033 
0.0125924 -0.0217973 0.00479704 -0.00594318 -0.0217973 0.0995334 -0.00594744 0.0157268 0.00479704 -0.00594744 0.00928306 -0.0176847 -0.00594318 0.0157268 -0.0176847 0.0885482 
0.0125468 -0.0218091 0.00478489 -0.00588914 -0.0218091 0.0994735 -0.00589439 0.0155907 0.00478489 -0.00589439 0.00931642 -0.0176756 -0.00588914 0.0155907 -0.0176756 0.0884441 
0.0125071 -0.0217769 0.0048074 -0.00588948 -0.0217769 0.0994583 -0.00588945 0.0155486 0.0048074 -0.00588945 0.00931625 -0.0177266 -0.00588948 0.0155486 -0.0177266 0.0885187 
0.0124887 -0.021774 0.00483672 -0.0059246 -0.021774 0.0995671 -0.00591963 0.0155876 0.00483672 -0.00591963 0.00934848 -0.0177793 -0.0059246 0.0155876 -0.0177793 0.088789 
0.012477 -0.0217345 0.00487741 -0.00596711 -0.0217345 0.0995113 -0.00596042 0.0156906 0.00487741 -0.00596042 0.00929362 -0.0177896 -0.00596711 0.0156906 -0.0177896 0.0888548 
0.0124277 -0.0216656 0.00490862 -0.0060076 -0.0216656 0.099227 -0.00600543 0.0157946 0.00490862 -0.00600543 0.00922131 -0.0176698 -0.0060076 0.0157946 -0.0176698 0.0885411 
0.0125115 -0.021647 0.0048939 -0.00605553 -0.021647 0.0992093 -0.00605551 0.0159178 0.0048939 -0.00605551 0.00913502 -0.0176197 -0.00605553 0.0159178 -0.0176197 0.0884415 
0.0126011 -0.0217535 0.00486588 -0.00604109 -0.0217535 0.099396 -0.0060475 0.0159607 0.00486588 -0.0060475 0.009092 -0.017524 -0.00604109 0.0159607 -0.017524 0.0882887 
0.0126425 -0.0218446 0.00481815 -0.00598892 -0.0218446 0.0995806 -0.00600176 0.0158705 0.00481815 -0.00600176 0.00913214 -0.01746 -0.00598892 0.0158705 -0.01746 0.0880695 
0.0127058 -0.0218928 0.00479085 -0.00593881 -0.0218928 0.0997253 -0.00594791 0.0157607 0.00479085 -0.00594791 0.00907466 -0.0174988 -0.00593881 0.0157607 -0.0174988 0.0880202 
0.0127256 -0.0219734 0.00478424 -0.00589775 -0.0219734 0.0999164 -0.00590437 0.0156316 0.00478424 -0.00590437 0.00905106 -0.0174624 -0.00589775 0.0156316 -0.0174624 0.0880245 
0.0126907 -0.0220109 0.00477933 -0.00588715 -0.0220109 0.100091 -0.0058931 0.0155565 0.00477933 -0.0058931 0.00915409 -0.0174529 -0.00588715 0.0155565 -0.0174529 0.08805 
0.0127001 -0.0219445 0.00477228 -0.00589256 -0.0219445 0.0999742 -0.00589235 0.0155566 0.00477228 -0.00589235 0.00913422 -0.0175339 -0.00589256 0.0155566 -0.0175339 0.0880841 
0.0126505 -0.0219237 0.00480838 -0.00588463 -0.0219237 0.0997994 -0.00588067 0.0155466 0.00480838 -0.00588067 0.00906715 -0.0174964 -0.00588463 0.0155466 -0.0174964 0.0879975 
0.0126643 -0.0219264 0.00484244 -0.00594526 -0.0219264 0.099926 -0.00593898 0.0156442 0.00484244 -0.00593898 0.00903528 -0.0174741 -0.00594526 0.0156442 -0.0174741 0.0880998 
0.0126542 -0.0218811 0.00482675 -0.00596808 -0.0218811 0.0997338 -0.00596117 0.0157041 0.00482675 -0.00596117 0.0090364 -0.0173996 -0.00596808 0.0157041 -0.0173996 0.0878872 
0.012782 -0.0219106 0.00478557 -0.00597347 -0.0219106 0.0998275 -0.00596836 0.0157725 0.00478557 -0.00596836 0.00894154 -0.0174227 -0.00597347 0.0157725 -0.0174227 0.0879329 
0.0127822 -0.0220069 0.0047925 -0.00591214 -0.0220069 0.0998632 -0.00591744 0.0157042 0.0047925 -0.00591744 0.00885391 -0.0172663 -0.00591214 0.0157042 -0.0172663 0.0875813 
0.0127883 -0.0220463 0.0048262 -0.00593653 -0.0220463 0.100075 -0.00594534 0.0157266 0.0048262 -0.00594534 0.00878197 -0.0171765 -0.00593653 0.0157266 -0.0171765 0.0873598 
0.0127266 -0.0220084 0.00485218 -0.0059659 -0.0220084 0.0999655 -0.00596968 0.0157631 0.00485218 -0.00596968 0.0087757 -0.0170693 -0.0059659 0.0157631 -0.0170693 0.087026 
0.0127419 -0.0219528 0.00482306 -0.00600486 -0.0219528 0.099877 -0.0060004 0.0158386 0.00482306 -0.0060004 0.00882492 -0.0170844 -0.00600486 0.0158386 -0.0170844 0.0869811 
0.0127502 -0.0219761 0.00482704 -0.00599132 -0.0219761 0.0998976 -0.00598372 0.0158802 0.00482704 -0.00598372 0.00883784 -0.0171502 -0.00599132 0.0158802 -0.0171502 0.0871128 
0.0127404 -0.0219762 0.00483425 -0.00598532 -0.0219762 0.0998922 -0.0059777 0.015861 0.00483425 -0.0059777 0.0088406 -0.0171672 -0.00598532 0.015861 -0.0171672 0.0871942 
0.0127916 -0.0219831 0.00479299 -0.00598178 -0.0219831 0.0999454 -0.0059745 0.0158252 0.00479299 -0.0059745 0.00887239 -0.0171984 -0.00598178 0.0158252 -0.0171984 0.0873364 
0.0127874 -0.0220215 0.00476725 -0.00592474 -0.0220215 0.0999544 -0.00592221 0.0157309 0.00476725 -0.00592221 0.00892594 -0.017222 -0.00592474 0.0157309 -0.017222 0.0873673 
0.012794 -0.0220495 0.00476201 -0.00589645 -0.0220495 0.100099 -0.00589528 0.0156464 0.00476201 -0.00589528 0.00896753 -0.0173093 -0.00589645 0.0156464 -0.0173093 0.0875886 
0.0127508 -0.0220193 0.00479122 -0.00589343 -0.0220193 0.100009 -0.00589082 0.0156196 0.00479122 -0.00589082 0.00893505 -0.0173281 -0.00589343 0.0156196 -0.0173281 0.0876198 
0.0126655 -0.0219647 0.00485165 -0.00593131 -0.0219647 0.0998765 -0.00592511 0.015665 0.00485165 -0.00592511 0.00891652 -0.0172924 -0.00593131 0.015665 -0.0172924 0.0875764 
0.0126542 -0.0218706 0.00485386 -0.00600284 -0.0218706 0.0996927 -0.00599286 0.015787 0.00485386 -0.00599286 0.00893486 -0.0172796 -0.00600284 0.015787 -0.0172796 0.0875576 
0.0126115 -0.0218391 0.00488521 -0.0060286 -0.0218391 0.0995259 -0.00602242 0.0159338 0.00488521 -0.00602242 0.0089316 -0.0172677 -0.0060286 0.0159338 -0.0172677 0.0874727 
0.0125744 -0.0217991 0.00491907 -0.00606067 -0.0217991 0.0994294 -0.00605861 0.0160269 0.00491907 -0.00605861 0.0089164 -0.0172614 -0.00606067 0.0160269 -0.0172614 0.0874349 
0.0126518 -0.0217848 0.00487861 -0.00608963 -0.0217848 0.0994446 -0.00608896 0.0160832 0.00487861 -0.00608896 0.00890518 -0.017272 -0.00608963 0.0160832 -0.017272 0.08752 
0.012737 -0.0218798 0.00482857 -0.00603762 -0.0218798 0.099607 -0.00604214 0.0160311 0.00482857 -0.00604214 0.00889975 -0.0172628 -0.00603762 0.0160311 -0.0172628 0.0875469 
0.0127742 -0.0219672 0.00480924 -0.00596898 -0.0219672 0.0997827 -0.00597732 0.0158911 0.00480924 -0.00597732 0.0088611 -0.0172444 -0.00596898 0.0158911 -0.0172444 0.0874764 
0.012798 -0.021988 0.00479043 -0.00593309 -0.021988 0.0998153 -0.00594285 0.0157572 0.00479043 -0.00594285 0.00879192 -0.0171838 -0.00593309 0.0157572 -0.0171838 0.0872936 
0.0128105 -0.0220337 0.00479683 -0.00592067 -0.0220337 0.0999308 -0.00593447 0.0157124 0.00479683 -0.00593447 0.00873639 -0.0171041 -0.00592067 0.0157124 -0.0171041 0.0871233 
0.0128617 -0.0220802 0.00479063 -0.00593763 -0.0220802 0.100141 -0.00595193 0.0157328 0.00479063 -0.00595193 0.0086973 -0.0170513 -0.00593763 0.0157328 -0.0170513 0.0870368 
0.0127685 -0.0220952 0.00484191 -0.00592955 -0.0220952 0.100123 -0.00594219 0.015734 0.00484191 -0.00594219 0.00870798 -0.0169646 -0.00592955 0.015734 -0.0169646 0.0867468 
0.0126441 -0.0220117 0.00490488 -0.00600133 -0.0220117 0.100068 -0.00600252 0.0158344 0.00490488 -0.00600252 0.00882502 -0.0169982 -0.00600133 0.0158344 -0.0169982 0.0867561 
0.0125565 -0.0218729 0.00493084 -0.00608811 -0.0218729 0.0998516 -0.00607404 0.0160129 0.00493084 -0.00607404 0.00898384 -0.017154 -0.00608811 0.0160129 -0.017154 0.0870688 
0.0124753 -0.0217066 0.00495489 -0.00612271 -0.0217066 0.0993214 -0.00610201 0.0161513 0.00495489 -0.00610201 0.00900673 -0.0172895 -0.00612271 0.0161513 -0.0172895 0.0872587 
0.0124885 -0.0216709 0.00499957 -0.00617652 -0.0216709 0.0992372 -0.00615855 0.0163172 0.00499957 -0.00615855 0.00893966 -0.0173529 -0.00617652 0.0163172 -0.0173529 0.0875885 
0.0124335 -0.0216202 0.00501633 -0.00619113 -0.0216202 0.0989425 -0.00618738 0.0163684 0.00501633 -0.00618738 0.00889237 -0.0172169 -0.00619113 0.0163684 -0.0172169 0.087307 
0.0124879 -0.0216406 0.00498932 -0.00621896 -0.0216406 0.0990997 -0.00622276 0.0164354 0.00498932 -0.00622276 0.00894706 -0.0172172 -0.00621896 0.0164354 -0.0172172 0.0873647 
0.0124995 -0.021666 0.00494989 -0.0061652 -0.021666 0.0990825 -0.00617236 0.0163642 0.00494989 -0.00617236 0.00899437 -0.017252 -0.0061652 0.0163642 -0.017252 0.0873314 
0.0125126 -0.0217216 0.00493071 -0.00612034 -0.0217216 0.0992831 -0.00612551 0.0162501 0.00493071 -0.00612551 0.00906576 -0.0173487 -0.00612034 0.0162501 -0.0173487 0.08759 
0.0125159 -0.0216949 0.00490394 -0.00607567 -0.0216949 0.0991859 -0.0060784 0.0161056 0.00490394 -0.0060784 0.00906207 -0.0174047 -0.00607567 0.0161056 -0.0174047 0.087667 
0.0125828 -0.021765 0.00485472 -0.00604824 -0.021765 0.099434 -0.00605184 0.0160025 0.00485472 -0.00605184 0.00913241 -0.0174677 -0.00604824 0.0160025 -0.0174677 0.0879856 
0.0127072 -0.0218278 0.00479596 -0.00598149 -0.0218278 0.0995756 -0.00598753 0.0158655 0.00479596 -0.00598753 0.00905457 -0.0175259 -0.00598149 0.0158655 -0.0175259 0.0881189 
0.0127779 -0.0219387 0.00475129 -0.00589276 -0.0219387 0.0996854 -0.00591031 0.0156684 0.00475129 -0.00591031 0.00895072 -0.0173916 -0.00589276 0.0156684 -0.0173916 0.0878396 
0.0128287 -0.0220735 0.00472877 -0.00584661 -0.0220735 0.100086 -0.00587029 0.0155284 0.00472877 -0.00587029 0.00895296 -0.0172955 -0.00584661 0.0155284 -0.0172955 0.0876497 
0.0127833 -0.0221617 0.00474419 -0.00582898 -0.0221617 0.100466 -0.0058443 0.0154523 0.00474419 -0.0058443 0.00909431 -0.0173278 -0.00582898 0.0154523 -0.0173278 0.0877032 
0.0127045 -0.0220429 0.00476006 -0.00584227 -0.0220429 0.10025 -0.00583677 0.0154146 0.00476006 -0.00583677 0.00914897 -0.0174655 -0.00584227 0.0154146 -0.0174655 0.0878191 
0.0127353 -0.0219671 0.0047369 -0.00586822 -0.0219671 0.100076 -0.00585079 0.0154344 0.0047369 -0.00585079 0.00916014 -0.0175793 -0.00586822 0.0154344 -0.0175793 0.08818 
0.012786 -0.0219766 0.00467982 -0.00582341 -0.0219766 0.099932 -0.00580977 0.0153608 0.00467982 -0.00580977 0.00915833 -0.0175863 -0.00582341 0.0153608 -0.0175863 0.0882791 
0.0128774 -0.0221124 0.00465761 -0.00577155 -0.0221124 0.100317 -0.00576807 0.0152795 0.00465761 -0.00576807 0.00915063 -0.0176323 -0.00577155 0.0152795 -0.0176323 0.0885466 
0.0128931 -0.0221617 0.00463362 -0.00571204 -0.0221617 0.100382 -0.00571492 0.0151174 0.00463362 -0.00571492 0.00912127 -0.0175829 -0.00571204 0.0151174 -0.0175829 0.0884171 
0.0127384 -0.022176 0.00469347 -0.00568515 -0.022176 0.100407 -0.00569159 0.015025 0.00469347 -0.00569159 0.00920137 -0.0175354 -0.00568515 0.015025 -0.0175354 0.0882536 
0.0127471 -0.0220733 0.0046734 -0.00575955 -0.0220733 0.100462 -0.00575925 0.0150876 0.0046734 -0.00575925 0.00934266 -0.0176949 -0.00575955 0.0150876 -0.0176949 0.0886337 
0.0127056 -0.0220263 0.00467228 -0.00573812 -0.0220263 0.10023 -0.00573326 0.0151096 0.00467228 -0.00573326 0.0093973 -0.0178124 -0.00573812 0.0151096 -0.0178124 0.0888393 
0.0126502 -0.0220058 0.00472206 -0.00574788 -0.0220058 0.100197 -0.00574431 0.0151399 0.00472206 -0.00574431 0.00939691 -0.0178785 -0.00574788 0.0151399 -0.0178785 0.0890643 
0.0126607 -0.0219299 0.00473195 -0.00579716 -0.0219299 0.100045 -0.00579393 0.0152115 0.00473195 -0.00579393 0.00934327 -0.01787 -0.00579716 0.0152115 -0.01787 0.089103 
0.0126406 -0.0218855 0.00474002 -0.00580542 -0.0218855 0.0997483 -0.00580493 0.0152641 0.00474002 -0.00580493 0.00925216 -0.0177535 -0.00580542 0.0152641 -0.0177535 0.0887657 
0.0126124 -0.0219124 0.00476303 -0.00583167 -0.0219124 0.0998271 -0.00583397 0.0153424 0.00476303 -0.00583397 0.00927277 -0.017682 -0.00583167 0.0153424 -0.017682 0.088635 
0.0126061 -0.0218801 0.00479285 -0.00586984 -0.0218801 0.0998203 -0.00587117 0.0154504 0.00479285 -0.00587117 0.00923646 -0.0176868 -0.00586984 0.0154504 -0.0176868 0.0885692 
0.0126449 -0.02183 0.00479233 -0.00589875 -0.02183 0.0996187 -0.0058994 0.0155275 0.00479233 -0.0058994 0.00910949 -0.0176153 -0.00589875 0.0155275 -0.0176153 0.0883467 
0.0127279 -0.0219183 0.00479166 -0.00591924 -0.0219183 0.0998151 -0.00592245 0.0156148 0.00479166 -0.00592245 0.00902174 -0.0175004 -0.00591924 0.0156148 -0.0175004 0.0882105 
0.0126909 -0.0219617 0.00480869 -0.00590957 -0.0219617 0.0998292 -0.00591522 0.0156285 0.00480869 -0.00591522 0.00899336 -0.0173517 -0.00590957 0.0156285 -0.0173517 0.0877726 
0.0126663 -0.0219579 0.00482582 -0.00594128 -0.0219579 0.0999449 -0.00594477 0.015684 0.00482582 -0.00594477 0.00903887 -0.0173496 -0.00594128 0.015684 -0.0173496 0.0877064 
0.0125978 -0.0218988 0.00485166 -0.00595942 -0.0218988 0.099806 -0.00595689 0.0157283 0.00485166 -0.00595689 0.00907353 -0.017387 -0.00595942 0.0157283 -0.017387 0.0876969 
0.0125664 -0.0218453 0.00489159 -0.00600435 -0.0218453 0.0997421 -0.00599862 0.01583 0.00489159 -0.00599862 0.00907036 -0.0174429 -0.00600435 0.01583 -0.0174429 0.0878616 
0.0124978 -0.0218021 0.00495402 -0.00605864 -0.0218021 0.0996411 -0.00605412 0.0159698 0.00495402 -0.00605412 0.00905339 -0.0174209 -0.00605864 0.0159698 -0.0174209 0.087876 
0.0124137 -0.0217082 0.00498638 -0.00612377 -0.0217082 0.0994302 -0.00611855 0.0161037 0.00498638 -0.00611855 0.00909889 -0.017393 -0.00612377 0.0161037 -0.017393 0.087803 
0.0123338 -0.021591 0.00500689 -0.00617035 -0.021591 0.0991114 -0.00616445 0.0162466 0.00500689 -0.00616445 0.00914352 -0.0174162 -0.00617035 0.0162466 -0.0174162 0.087737 
0.0123106 -0.0215003 0.00504036 -0.00620929 -0.0215003 0.0988568 -0.0062023 0.0163805 0.00504036 -0.0062023 0.009099 -0.0174571 -0.00620929 0.0163805 -0.0174571 0.0877758 
0.0123664 -0.0214895 0.0050357 -0.00625019 -0.0214895 0.0988023 -0.00624335 0.0164871 0.0050357 -0.00624335 0.00905298 -0.0174308 -0.00625019 0.0164871 -0.0174308 0.0878333 
0.0123857 -0.0215441 0.00504637 -0.00624918 -0.0215441 0.0988539 -0.0062467 0.0165424 0.00504637 -0.0062467 0.00900662 -0.0173635 -0.00624918 0.0165424 -0.0173635 0.0877067 
0.0123934 -0.0215507 0.00505395 -0.00625778 -0.0215507 0.0988557 -0.00625875 0.0165705 0.00505395 -0.00625875 0.00894863 -0.0172926 -0.00625778 0.0165705 -0.0172926 0.0874971 
0.0123105 -0.0215513 0.00508906 -0.006267 -0.0215513 0.0988289 -0.00627017 0.0165981 0.00508906 -0.00627017 0.00897618 -0.0172173 -0.006267 0.0165981 -0.0172173 0.0872819 
0.0122821 -0.0214561 0.00510721 -0.00631216 -0.0214561 0.0986807 -0.00630969 0.0166708 0.00510721 -0.00630969 0.00895476 -0.0172511 -0.00631216 0.0166708 -0.0172511 0.0872529 
0.0124098 -0.0214588 0.00506608 -0.00634363 -0.0214588 0.0987228 -0.00634155 0.0167602 0.00506608 -0.00634155 0.00890434 -0.0172697 -0.00634363 0.0167602 -0.0172697 0.0874277 
0.0124811 -0.0215828 0.00500628 -0.00627433 -0.0215828 0.0988529 -0.00628229 0.0166798 0.00500628 -0.00628229 0.00891738 -0.0171859 -0.00627433 0.0166798 -0.0171859 0.087284 
0.0124775 -0.0216558 0.00498653 -0.0061901 -0.0216558 0.0989847 -0.00620521 0.0165057 0.00498653 -0.00620521 0.00890591 -0.0171661 -0.0061901 0.0165057 -0.0171661 0.0870765 
0.0124512 -0.0216558 0.00500479 -0.00616803 -0.0216558 0.0990283 -0.00618351 0.0163998 0.00500479 -0.00618351 0.00885947 -0.01714 -0.00616803 0.0163998 -0.01714 0.0869376 
0.0124108 -0.0216367 0.00503702 -0.00619986 -0.0216367 0.0990426 -0.00621088 0.0164198 0.00503702 -0.00621088 0.00884991 -0.0170891 -0.00619986 0.0164198 -0.0170891 0.0868348 
0.0124125 -0.0216075 0.00503579 -0.00625022 -0.0216075 0.0990628 -0.00625344 0.016512 0.00503579 -0.00625344 0.00890682 -0.0171011 -0.00625022 0.016512 -0.0171011 0.0868783 
0.0123826 -0.0216147 0.0050504 -0.00626179 -0.0216147 0.0991102 -0.0062569 0.0165804 0.0050504 -0.0062569 0.00899714 -0.0171829 -0.00626179 0.0165804 -0.0171829 0.087066 
0.0122551 -0.0215285 0.00506019 -0.00626098 -0.0215285 0.0988542 -0.00624586 0.0165633 0.00506019 -0.00624586 0.0091268 -0.0172701 -0.00626098 0.0165633 -0.0172701 0.0871806 
0.012181 -0.0214207 0.0050751 -0.00628835 -0.0214207 0.0987056 -0.0062649 0.016603 0.0050751 -0.0062649 0.00925901 -0.0174724 -0.00628835 0.016603 -0.0174724 0.0876858 
0.0121046 -0.0212722 0.00509531 -0.00629658 -0.0212722 0.0982299 -0.00626919 0.0166247 0.00509531 -0.00626919 0.00924422 -0.0175786 -0.00629658 0.0166247 -0.0175786 0.0879018 
0.0120633 -0.0212467 0.00511961 -0.00632864 -0.0212467 0.0981896 -0.00631051 0.016694 0.00511961 -0.00631051 0.00929945 -0.0176221 -0.00632864 0.016694 -0.0176221 0.088241 
0.012037 -0.0211896 0.00512692 -0.00634994 -0.0211896 0.098072 -0.0063397 0.0167599 0.00512692 -0.0063397 0.00932325 -0.0176621 -0.00634994 0.0167599 -0.0176621 0.088362 
0.0120324 -0.0211181 0.00514549 -0.00635101 -0.0211181 0.0977882 -0.00634755 0.0167974 0.00514549 -0.00634755 0.00921442 -0.0176284 -0.00635101 0.0167974 -0.0176284 0.0882002 
0.0120114 -0.0211295 0.00516462 -0.00637342 -0.0211295 0.0977503 -0.00637927 0.0168478 0.00516462 -0.00637927 0.00918014 -0.0175137 -0.00637342 0.0168478 -0.0175137 0.0880006 
0.0120721 -0.0211218 0.00516207 -0.00640853 -0.0211218 0.0977867 -0.00641764 0.0169446 0.00516207 -0.00641764 0.00912222 -0.0174688 -0.00640853 0.0169446 -0.0174688 0.0878532 
0.0122473 -0.0212071 0.00511848 -0.00640971 -0.0212071 0.0979828 -0.00641927 0.0169877 0.00511848 -0.00641927 0.00901477 -0.017424 -0.00640971 0.0169877 -0.017424 0.0878024 
0.0123261 -0.0213682 0.00508971 -0.00634403 -0.0213682 0.0981828 -0.00635881 0.0168959 0.00508971 -0.00635881 0.00891795 -0.0172571 -0.00634403 0.0168959 -0.0172571 0.0873877 
0.0122879 -0.0214715 0.00512414 -0.00631762 -0.0214715 0.0984677 -0.00633379 0.0168221 0.00512414 -0.00633379 0.00887518 -0.0171394 -0.00631762 0.0168221 -0.0171394 0.0870301 
0.0122434 -0.02144 0.00515329 -0.00635948 -0.02144 0.0985659 -0.00636802 0.0168409 0.00515329 -0.00636802 0.00888652 -0.017114 -0.00635948 0.0168409 -0.017114 0.0869312 
0.012253 -0.0214132 0.00514589 -0.0064095 -0.0214132 0.0986308 -0.00641082 0.0169394 0.00514589 -0.00641082 0.00894893 -0.0171598 -0.0064095 0.0169394 -0.0171598 0.0870852 
0.0122332 -0.0213998 0.00512039 -0.00638865 -0.0213998 0.0985576 -0.0063903 0.0169393 0.00512039 -0.0063903 0.00903665 -0.0172174 -0.00638865 0.0169393 -0.0172174 0.0871829 
0.0122005 -0.0213361 0.0050853 -0.00633331 -0.0213361 0.0982911 -0.00633438 0.0168185 0.0050853 -0.00633438 0.00907076 -0.017281 -0.00633331 0.0168185 -0.017281 0.0871744 
0.0122169 -0.0213428 0.00508545 -0.00630306 -0.0213428 0.0983095 -0.00630507 0.016733 0.00508545 -0.00630507 0.00905149 -0.0173453 -0.00630306 0.016733 -0.0173453 0.0873625 
0.0122497 -0.0213882 0.0050766 -0.00629928 -0.0213882 0.0984728 -0.00630159 0.0166823 0.0050766 -0.00630159 0.00907703 -0.0173565 -0.00629928 0.0166823 -0.0173565 0.0875435 
0.0122876 -0.021375 0.00504576 -0.00627604 -0.021375 0.0983668 -0.00627773 0.0166201 0.00504576 -0.00627773 0.00903649 -0.0173396 -0.00627604 0.0166201 -0.0173396 0.0874155 
0.0122941 -0.0214932 0.00506538 -0.00627056 -0.0214932 0.0987232 -0.00627233 0.0166286 0.00506538 -0.00627233 0.00907146 -0.0173475 -0.00627056 0.0166286 -0.0173475 0.0875713 
0.0122871 -0.0214527 0.00504301 -0.00626253 -0.0214527 0.0986704 -0.00626225 0.0165721 0.00504301 -0.00626225 0.00910654 -0.0173685 -0.00626253 0.0165721 -0.0173685 0.0875629 
0.0123415 -0.0214487 0.00499807 -0.00623106 -0.0214487 0.0986278 -0.00623011 0.0164977 0.00499807 -0.00623011 0.00911356 -0.0174242 -0.00623106 0.0164977 -0.0174242 0.0876686 
0.0123548 -0.021558 0.00496748 -0.00618239 -0.021558 0.098909 -0.00618407 0.016401 0.00496748 -0.00618407 0.00923283 -0.0174728 -0.00618239 0.016401 -0.0174728 0.0879109 
0.0123451 -0.0215458 0.00495164 -0.00613091 -0.0215458 0.0989138 -0.00613091 0.0162612 0.00495164 -0.00613091 0.00926789 -0.0175781 -0.00613091 0.0162612 -0.0175781 0.0880452 
0.0123794 -0.0215583 0.00493608 -0.00610874 -0.0215583 0.0989896 -0.00610448 0.0161569 0.00493608 -0.00610448 0.00927521 -0.0176609 -0.00610874 0.0161569 -0.0176609 0.0883347 
0.0123998 -0.021604 0.00491793 -0.00608205 -0.021604 0.0991037 -0.00607741 0.0160651 0.00491793 -0.00607741 0.00930593 -0.0176916 -0.00608205 0.0160651 -0.0176916 0.0885321 
0.0124262 -0.0215966 0.00489159 -0.00605021 -0.0215966 0.0990428 -0.00604816 0.0159774 0.00489159 -0.00604816 0.00926429 -0.0176944 -0.00605021 0.0159774 -0.0176944 0.0884974 
0.0124441 -0.0216312 0.00486957 -0.00601875 -0.0216312 0.0990643 -0.00602226 0.0159033 0.00486957 -0.00602226 0.00925749 -0.0176404 -0.00601875 0.0159033 -0.0176404 0.088392 
0.0124735 -0.0216927 0.00486011 -0.00600075 -0.0216927 0.0992824 -0.00600684 0.0158618 0.00486011 -0.00600684 0.00928603 -0.0176548 -0.00600075 0.0158618 -0.0176548 0.0884392 
0.0123948 -0.0216897 0.00483392 -0.0059661 -0.0216897 0.09925 -0.00596941 0.0157545 0.00483392 -0.00596941 0.00941841 -0.0176775 -0.0059661 0.0157545 -0.0176775 0.0884211 
0.0123081 -0.0216378 0.00485503 -0.00595137 -0.0216378 0.0992585 -0.00594697 0.0157053 0.00485503 -0.00594697 0.00953938 -0.0178576 -0.00595137 0.0157053 -0.0178576 0.0887749 
0.0122165 -0.0214928 0.00486486 -0.00596229 -0.0214928 0.0988956 -0.00595074 0.015676 0.00486486 -0.00595074 0.00960704 -0.0179721 -0.00596229 0.015676 -0.0179721 0.0890048 
0.0122906 -0.0214248 0.00484803 -0.00598648 -0.0214248 0.0987587 -0.00596982 0.0157128 0.00484803 -0.00596982 0.00958848 -0.0180969 -0.00598648 0.0157128 -0.0180969 0.0894139 
0.0124355 -0.0215053 0.0048017 -0.00595934 -0.0215053 0.0988225 -0.00594641 0.0156811 0.0048017 -0.00594641 0.00949952 -0.0180904 -0.00595934 0.0156811 -0.0180904 0.0895808 
0.0124671 -0.0216795 0.00475325 -0.00588761 -0.0216795 0.099144 -0.00588698 0.0155474 0.00475325 -0.00588698 0.00958284 -0.0179998 -0.00588761 0.0155474 -0.0179998 0.0895033 
0.012438 -0.0216993 0.00472809 -0.00581919 -0.0216993 0.0992463 -0.00582215 0.01538 0.00472809 -0.00582215 0.00965365 -0.018063 -0.00581919 0.01538 -0.018063 0.0894488 
0.0123864 -0.0216702 0.00473865 -0.00579125 -0.0216702 0.0992319 -0.0057885 0.0152667 0.00473865 -0.0057885 0.00969416 -0.0181581 -0.00579125 0.0152667 -0.0181581 0.0896186 
0.0124893 -0.0216273 0.00469721 -0.00579907 -0.0216273 0.0991979 -0.00579145 0.0152199 0.00469721 -0.00579145 0.00965025 -0.0182432 -0.00579907 0.0152199 -0.0182432 0.089907 
0.0124947 -0.0217604 0.00471108 -0.00576854 -0.0217604 0.0994343 -0.00576424 0.0151981 0.00471108 -0.00576424 0.00966826 -0.0182009 -0.00576854 0.0151981 -0.0182009 0.0899996 
0.0125274 -0.0217452 0.00471633 -0.00577727 -0.0217452 0.0994622 -0.00577451 0.0151924 0.00471633 -0.00577451 0.00958572 -0.01819 -0.00577727 0.0151924 -0.01819 0.0899079 
0.0124874 -0.0217753 0.00475305 -0.00578482 -0.0217753 0.0994834 -0.00578626 0.0152153 0.00475305 -0.00578626 0.00954551 -0.0180909 -0.00578482 0.0152153 -0.0180909 0.0897264 
0.0125031 -0.0217698 0.00477997 -0.00583986 -0.0217698 0.0996153 -0.00584346 0.0153226 0.00477997 -0.00584346 0.00951929 -0.018068 -0.00583986 0.0153226 -0.018068 0.0897097 
