0.0058868 0 -0.00350117 0 0 0.0100174 0 0 -0.00350117 0 0.00791283 0 0 0 0 0.0100174 
0.00860307 -0.010698 -0.00490826 0.0060438 -0.010698 0.0296878 0.0060438 -0.0115893 -0.00490826 0.0060438 0.0108909 -0.0134944 0.0060438 -0.0115893 -0.0134944 0.0350501 
0.0087317 -0.0165923 -0.00449407 0.00775931 -0.0165923 0.062246 0.00775931 -0.024731 -0.00449407 0.00775931 0.0107391 -0.0197099 0.00775931 -0.024731 -0.0197099 0.072029 
0.00816305 -0.0167129 -0.00392466 0.00591818 -0.0167129 0.0767376 0.00591763 -0.0217855 -0.00392466 0.00591763 0.0101483 -0.0189415 0.00591818 -0.0217855 -0.0189415 0.0837783 
0.00803613 -0.0161985 -0.00391188 0.00502789 -0.0161985 0.0817419 0.00502726 -0.0167926 -0.00391188 0.00502726 0.0103311 -0.0185656 0.00502789 -0.0167926 -0.0185656 0.0873615 
0.0081253 -0.0159861 -0.00408593 0.00503594 -0.0159861 0.0830964 0.00504206 -0.014726 -0.00408593 0.00504206 0.0105126 -0.0186528 0.00503594 -0.014726 -0.0186528 0.0888683 
0.00825871 -0.0160068 -0.00421963 0.00531911 -0.0160068 0.0835988 0.00533561 -0.0146216 -0.00421963 0.00533561 0.0106304 -0.018869 0.00531911 -0.0146216 -0.018869 0.0901358 
0.00835863 -0.0161151 -0.00428172 0.00550641 -0.0161151 0.08375 0.00553094 -0.0150187 -0.00428172 0.00553094 0.0105891 -0.0187897 0.00550641 -0.0150187 -0.0187897 0.0901672 
0.0084258 -0.0162676 -0.00433056 0.00561386 -0.0162676 0.0841603 0.00563969 -0.0153973 -0.00433056 0.00563969 0.0105851 -0.0187139 0.00561386 -0.0153973 -0.0187139 0.0900599 
0.00846853 -0.0163257 -0.00434662 0.005677 -0.0163257 0.0843688 0.00568906 -0.0156197 -0.00434662 0.00568906 0.0105853 -0.0187119 0.005677 -0.0156197 -0.0187119 0.089971 
0.00851419 -0.0163567 -0.00434948 0.00569374 -0.0163567 0.0844414 0.005694 -0.0157085 -0.00434948 0.005694 0.0105693 -0.018729 0.00569374 -0.0157085 -0.018729 0.0899566 
0.00852741 -0.0164315 -0.00434167 0.00569346 -0.0164315 0.0846361 0.00569347 -0.0157287 -0.00434167 0.00569347 0.0106017 -0.0187394 0.00569346 -0.0157287 -0.0187394 0.09003 
0.00856927 -0.0164546 -0.00440659 0.00566883 -0.0164546 0.0847327 0.00566773 -0.0156722 -0.00440659 0.00566773 0.0105966 -0.0187613 0.00566883 -0.0156722 -0.0187613 0.0900315 
0.00860895 -0.0164923 -0.00446366 0.00573422 -0.0164923 0.0847858 0.00573218 -0.0157204 -0.00446366 0.00573218 0.0105753 -0.0187806 0.00573422 -0.0157204 -0.0187806 0.0900804 
0.00863161 -0.0166106 -0.00448675 0.00581425 -0.0166106 0.0851169 0.00581555 -0.0159002 -0.00448675 0.00581555 0.010556 -0.018742 0.00581425 -0.0159002 -0.018742 0.0900596 
0.00862278 -0.016629 -0.00448535 0.00583823 -0.016629 0.0852656 0.00584234 -0.0160073 -0.00448535 0.00584234 0.0105447 -0.0187299 0.00583823 -0.0160073 -0.0187299 0.0900313 
0.00861556 -0.0166465 -0.00446751 0.00584511 -0.0166465 0.0854268 0.00584708 -0.0160569 -0.00446751 0.00584708 0.0105441 -0.0187331 0.00584511 -0.0160569 -0.0187331 0.0901017 
0.00861082 -0.0166508 -0.00448502 0.00582311 -0.0166508 0.0854927 0.00582417 -0.0160383 -0.00448502 0.00582417 0.0105311 -0.0186854 0.00582311 -0.0160383 -0.0186854 0.0899891 
0.00857473 -0.0165856 -0.00446562 0.00583466 -0.0165856 0.0852741 0.00583157 -0.0160233 -0.00446562 0.00583157 0.0105233 -0.0186544 0.00583466 -0.0160233 -0.0186544 0.0898078 
0.00855967 -0.0165325 -0.00446671 0.00582682 -0.0165325 0.0851173 0.00581897 -0.0160276 -0.00446671 0.00581897 0.0105292 -0.0186801 0.00582682 -0.0160276 -0.0186801 0.0898533 
0.00858676 -0.0165391 -0.0045081 0.00583884 -0.0165391 0.0851311 0.00582872 -0.0160569 -0.0045081 0.00582872 0.0105149 -0.0186913 0.00583884 -0.0160569 -0.0186913 0.089938 
0.00861973 -0.0165198 -0.00454626 0.00587618 -0.0165198 0.0849909 0.00586918 -0.0161138 -0.00454626 0.00586918 0.0104444 -0.0186693 0.00587618 -0.0161138 -0.0186693 0.0898777 
0.00869135 -0.0165608 -0.00457631 0.0059265 -0.0165608 0.0850248 0.00593317 -0.0162458 -0.00457631 0.00593317 0.0103536 -0.0186015 0.0059265 -0.0162458 -0.0186015 0.0897912 
0.00875472 -0.016629 -0.00460073 0.00595712 -0.016629 0.0851335 0.00598269 -0.0163676 -0.00460073 0.00598269 0.0102965 -0.0185098 0.00595712 -0.0163676 -0.0185098 0.0896305 
0.00877157 -0.0167529 -0.00458649 0.00598471 -0.0167529 0.0854395 0.00602452 -0.0164804 -0.00458649 0.00602452 0.0102928 -0.0183851 0.00598471 -0.0164804 -0.0183851 0.0892968 
0.00877277 -0.0168069 -0.0045329 0.00597391 -0.0168069 0.0857101 0.00600609 -0.0165087 -0.0045329 0.00600609 0.0102861 -0.0183549 0.00597391 -0.0165087 -0.0183549 0.0890965 
0.00873721 -0.0167946 -0.00448251 0.00590233 -0.0167946 0.0856863 0.00591883 -0.0163704 -0.00448251 0.00591883 0.0102596 -0.018277 0.00590233 -0.0163704 -0.018277 0.0887477 
0.0087387 -0.0167768 -0.00450888 0.00585854 -0.0167768 0.0857433 0.00586099 -0.0162354 -0.00450888 0.00586099 0.0102617 -0.0182783 0.00585854 -0.0162354 -0.0182783 0.0887211 
0.00876225 -0.0167235 -0.00454732 0.00588994 -0.0167235 0.0855794 0.00588025 -0.0162095 -0.00454732 0.00588025 0.0102379 -0.0182977 0.00588994 -0.0162095 -0.0182977 0.0887408 
0.0087696 -0.0167088 -0.00458201 0.00594373 -0.0167088 0.085433 0.00593293 -0.016304 -0.00458201 0.00593293 0.0102402 -0.0183213 0.00594373 -0.016304 -0.0183213 0.0888584 
0.0087645 -0.0167313 -0.00459701 0.00599405 -0.0167313 0.0854832 0.00598744 -0.0164438 -0.00459701 0.00598744 0.0102803 -0.0183627 0.00599405 -0.0164438 -0.0183627 0.0890584 
0.00874762 -0.0167161 -0.0046202 0.00600825 -0.0167161 0.0854633 0.00600116 -0.0165151 -0.0046202 0.00600116 0.0103096 -0.0184175 0.00600825 -0.0165151 -0.0184175 0.0892243 
0.00873343 -0.0166673 -0.00464232 0.00602509 -0.0166673 0.085302 0.00601791 -0.0165467 -0.00464232 0.00601791 0.010318 -0.0184561 0.00602509 -0.0165467 -0.0184561 0.0893242 
0.00874027 -0.0166791 -0.00461815 0.00606115 -0.0166791 0.0853323 0.00605521 -0.0166274 -0.00461815 0.00605521 0.0103262 -0.0184813 0.00606115 -0.0166274 -0.0184813 0.0894649 
0.0087676 -0.0167045 -0.00462031 0.00603099 -0.0167045 0.0854143 0.00603106 -0.0166247 -0.00462031 0.00603106 0.0103066 -0.0184802 0.00603099 -0.0166247 -0.0184802 0.0895059 
0.0088052 -0.0167336 -0.00464669 0.00601701 -0.0167336 0.0854658 0.00602515 -0.0165816 -0.00464669 0.00602515 0.0102782 -0.0184326 0.00601701 -0.0165816 -0.0184326 0.0893916 
0.00879374 -0.0167805 -0.00467594 0.00604214 -0.0167805 0.085544 0.0060568 -0.0166067 -0.00467594 0.0060568 0.0102865 -0.0183828 0.00604214 -0.0166067 -0.0183828 0.0892188 
0.00881664 -0.0167991 -0.00475521 0.00609613 -0.0167991 0.0857287 0.00610529 -0.0167198 -0.00475521 0.00610529 0.0103 -0.0184393 0.00609613 -0.0167198 -0.0184393 0.0893625 
0.00884152 -0.0168475 -0.00481395 0.00619723 -0.0168475 0.0858835 0.0062004 -0.0169235 -0.00481395 0.0062004 0.0102976 -0.0184232 0.00619723 -0.0169235 -0.0184232 0.0893585 
0.00882917 -0.0168592 -0.00480653 0.00627244 -0.0168592 0.0859205 0.00627161 -0.0171331 -0.00480653 0.00627161 0.0103105 -0.0184224 0.00627244 -0.0171331 -0.0184224 0.0893361 
0.00879138 -0.0168672 -0.00478173 0.00627135 -0.0168672 0.0859571 0.00626629 -0.0172216 -0.00478173 0.00626629 0.0103284 -0.018401 0.00627135 -0.0172216 -0.018401 0.0892348 
0.0087927 -0.0167492 -0.00477807 0.00622634 -0.0167492 0.085636 0.00621405 -0.0171405 -0.00477807 0.00621405 0.010307 -0.0184496 0.00622634 -0.0171405 -0.0184496 0.0892447 
0.00879625 -0.0167469 -0.00478479 0.00622618 -0.0167469 0.085566 0.00621767 -0.0171074 -0.00478479 0.00621767 0.0103488 -0.0185167 0.00622618 -0.0171074 -0.0185167 0.0895614 
0.00881103 -0.0167973 -0.00479289 0.0062273 -0.0167973 0.0856604 0.00622655 -0.0171058 -0.00479289 0.00622655 0.0103518 -0.0185008 0.0062273 -0.0171058 -0.0185008 0.0895465 
0.00883459 -0.0168187 -0.00481259 0.00623013 -0.0168187 0.085729 0.00623212 -0.0171048 -0.00481259 0.00623212 0.0103314 -0.0184966 0.00623013 -0.0171048 -0.0184966 0.0895033 
0.00885562 -0.0169175 -0.00486126 0.00626711 -0.0169175 0.0860687 0.00627202 -0.0171847 -0.00486126 0.00627202 0.0103274 -0.0184699 0.00626711 -0.0171847 -0.0184699 0.0895187 
0.00882982 -0.0169043 -0.00487002 0.00631431 -0.0169043 0.0860676 0.00631597 -0.0172713 -0.00487002 0.00631597 0.0103224 -0.0184311 0.00631431 -0.0172713 -0.0184311 0.0893414 
0.00884135 -0.0168505 -0.00488286 0.00633939 -0.0168505 0.085976 0.00633472 -0.0173564 -0.00488286 0.00633472 0.0103131 -0.0184775 0.00633939 -0.0173564 -0.0184775 0.0894402 
0.0088916 -0.0168537 -0.00492041 0.00635284 -0.0168537 0.0858967 0.0063486 -0.0174077 -0.00492041 0.0063486 0.0102623 -0.0184539 0.00635284 -0.0174077 -0.0184539 0.0894184 
0.00894876 -0.016945 -0.00494425 0.00639598 -0.016945 0.0860493 0.00640215 -0.0175093 -0.00494425 0.00640215 0.0101927 -0.0183583 0.00639598 -0.0175093 -0.0183583 0.0892136 
0.00899183 -0.0170171 -0.00497319 0.00642419 -0.0170171 0.0862469 0.00643941 -0.0176104 -0.00497319 0.00643941 0.0101466 -0.0182773 0.00642419 -0.0176104 -0.0182773 0.0890042 
0.00903656 -0.017106 -0.00500672 0.00647211 -0.017106 0.0865813 0.00648997 -0.0177397 -0.00500672 0.00648997 0.0101453 -0.0182512 0.00647211 -0.0177397 -0.0182512 0.0889861 
0.00903954 -0.0171393 -0.00504486 0.0065026 -0.0171393 0.0866843 0.006517 -0.0178247 -0.00504486 0.006517 0.0101422 -0.0182134 0.0065026 -0.0178247 -0.0182134 0.0888278 
0.0090014 -0.017138 -0.00504493 0.00654945 -0.017138 0.0866565 0.00655293 -0.0179158 -0.00504493 0.00655293 0.0101308 -0.0181651 0.00654945 -0.0179158 -0.0181651 0.0885865 
0.00896678 -0.0170893 -0.00501791 0.00657466 -0.0170893 0.0866367 0.00656531 -0.0180034 -0.00501791 0.00656531 0.0101701 -0.0182323 0.00657466 -0.0180034 -0.0182323 0.0887748 
0.00892079 -0.0170376 -0.00497716 0.00653892 -0.0170376 0.0864773 0.00652273 -0.0179691 -0.00497716 0.00652273 0.010171 -0.0182343 0.00653892 -0.0179691 -0.0182343 0.0887642 
0.00890434 -0.016926 -0.00493076 0.00648691 -0.016926 0.0861866 0.0064678 -0.0178513 -0.00493076 0.0064678 0.010165 -0.018309 0.00648691 -0.0178513 -0.018309 0.088984 
0.00889282 -0.0168931 -0.00492437 0.00642163 -0.0168931 0.085974 0.00641213 -0.0177034 -0.00492437 0.00641213 0.0101674 -0.0182803 0.00642163 -0.0177034 -0.0182803 0.088989 
0.00891362 -0.0168543 -0.00492476 0.00640628 -0.0168543 0.085812 0.00640427 -0.017618 -0.00492476 0.00640427 0.0101412 -0.0183047 0.00640628 -0.017618 -0.0183047 0.0890348 
0.00895293 -0.0168937 -0.00490489 0.00640438 -0.0168937 0.0858178 0.00641326 -0.0176044 -0.00490489 0.00641326 0.0100969 -0.0182518 0.00640438 -0.0176044 -0.0182518 0.0889418 
0.008911 -0.0169583 -0.00484449 0.00637828 -0.0169583 0.0859588 0.00639797 -0.0175764 -0.00484449 0.00639797 0.0101438 -0.0181861 0.00637828 -0.0175764 -0.0181861 0.0887832 
0.00886858 -0.0170012 -0.00480232 0.0063213 -0.0170012 0.0862703 0.00633478 -0.0174886 -0.00480232 0.00633478 0.0101991 -0.0181991 0.0063213 -0.0174886 -0.0181991 0.0887414 
0.00885344 -0.0168837 -0.00479878 0.00626149 -0.0168837 0.08609 0.00625566 -0.0173085 -0.00479878 0.00625566 0.010212 -0.0183003 0.00626149 -0.0173085 -0.0183003 0.0889068 
0.00887652 -0.0168205 -0.00482126 0.00625709 -0.0168205 0.0858553 0.0062432 -0.0172142 -0.00482126 0.0062432 0.0102119 -0.0183686 0.00625709 -0.0172142 -0.0183686 0.0891705 
0.00887318 -0.0168484 -0.00482573 0.00627291 -0.0168484 0.0857372 0.00626898 -0.0172153 -0.00482573 0.00626898 0.0101934 -0.0183002 0.00627291 -0.0172153 -0.0183002 0.0890058 
0.0088885 -0.0168906 -0.00485732 0.00629867 -0.0168906 0.0859418 0.00630042 -0.0172946 -0.00485732 0.00630042 0.0102339 -0.0183435 0.00629867 -0.0172946 -0.0183435 0.0891753 
0.00890955 -0.016864 -0.00490426 0.00631545 -0.016864 0.0858296 0.00631648 -0.0173238 -0.00490426 0.00631648 0.0102124 -0.0183553 0.00631545 -0.0173238 -0.0183553 0.0891278 
0.00892998 -0.0169104 -0.00495355 0.00637764 -0.0169104 0.0859018 0.00637999 -0.0174403 -0.00495355 0.00637999 0.0102065 -0.0183449 0.00637764 -0.0174403 -0.0183449 0.0891398 
0.00889176 -0.0169735 -0.00492027 0.00644319 -0.0169735 0.086088 0.0064467 -0.0176048 -0.00492027 0.0064467 0.0102382 -0.0183099 0.00644319 -0.0176048 -0.0183099 0.0890522 
0.00883821 -0.0169223 -0.00486816 0.0064067 -0.0169223 0.0860722 0.00640382 -0.0176135 -0.00486816 0.00640382 0.0102895 -0.0183567 0.0064067 -0.0176135 -0.0183567 0.089093 
0.00885077 -0.0168652 -0.00488529 0.00635293 -0.0168652 0.0860568 0.00633942 -0.0175091 -0.00488529 0.00633942 0.0103265 -0.0184898 0.00635293 -0.0175091 -0.0184898 0.0894998 
0.0088549 -0.0168732 -0.00493115 0.00635646 -0.0168732 0.0860156 0.0063447 -0.0174446 -0.00493115 0.0063447 0.0103382 -0.0185105 0.00635646 -0.0174446 -0.0185105 0.0896467 
0.00888205 -0.01684 -0.00495948 0.00640053 -0.01684 0.0858628 0.00639268 -0.0174868 -0.00495948 0.00639268 0.0103082 -0.0185214 0.00640053 -0.0174868 -0.0185214 0.089657 
0.00891133 -0.0169143 -0.00497314 0.00644749 -0.0169143 0.0860173 0.00644901 -0.0176186 -0.00497314 0.00644901 0.0102987 -0.0185003 0.00644749 -0.0176186 -0.0185003 0.0896915 
0.00890056 -0.0169845 -0.00498463 0.00646142 -0.0169845 0.0862303 0.00647044 -0.0177043 -0.00498463 0.00647044 0.0103082 -0.0184429 0.00646142 -0.0177043 -0.0184429 0.08954 
0.00890818 -0.0169941 -0.00500341 0.0064778 -0.0169941 0.0863458 0.00648295 -0.0177568 -0.00500341 0.00648295 0.0102889 -0.0184094 0.0064778 -0.0177568 -0.0184094 0.0893535 
0.00888162 -0.0169539 -0.00499619 0.00650404 -0.0169539 0.08628 0.00650086 -0.0178054 -0.00499619 0.00650086 0.0103347 -0.0184616 0.00650404 -0.0178054 -0.0184616 0.0894833 
0.0088535 -0.0168866 -0.00494985 0.00649134 -0.0168866 0.086072 0.00648266 -0.0177932 -0.00494985 0.00648266 0.0103868 -0.0185298 0.00649134 -0.0177932 -0.0185298 0.0896327 
0.00876452 -0.0168661 -0.00485518 0.00642999 -0.0168661 0.0859561 0.00642021 -0.017685 -0.00485518 0.00642021 0.0104713 -0.0185808 0.00642999 -0.017685 -0.0185808 0.0897495 
0.00871 -0.0167634 -0.00477147 0.0063069 -0.0167634 0.0857396 0.00628944 -0.0174189 -0.00477147 0.00628944 0.010487 -0.0186745 0.0063069 -0.0174189 -0.0186745 0.089906 
0.00868165 -0.0167424 -0.00470149 0.00620864 -0.0167424 0.0857281 0.0061922 -0.0171515 -0.00470149 0.0061922 0.0105078 -0.0187056 0.00620864 -0.0171515 -0.0187056 0.0901094 
0.00870055 -0.0166987 -0.00467017 0.00611674 -0.0166987 0.0856805 0.00610584 -0.0169002 -0.00467017 0.00610584 0.0105048 -0.0187512 0.00611674 -0.0169002 -0.0187512 0.090297 
0.00868037 -0.0167069 -0.00464026 0.00606149 -0.0167069 0.0855896 0.00606155 -0.0167129 -0.00464026 0.00606155 0.0104998 -0.018681 0.00606149 -0.0167129 -0.018681 0.0901163 
0.0086327 -0.0166087 -0.00458801 0.00601396 -0.0166087 0.0852973 0.00601751 -0.0165584 -0.00458801 0.00601751 0.0105513 -0.0187306 0.00601396 -0.0165584 -0.0187306 0.0901422 
0.00860391 -0.0166407 -0.00452516 0.00597332 -0.0166407 0.0854019 0.00597278 -0.0164684 -0.00452516 0.00597278 0.0106082 -0.0187659 0.00597332 -0.0164684 -0.0187659 0.0902528 
0.00860303 -0.016615 -0.0045245 0.00589435 -0.016615 0.0854208 0.00588671 -0.0162939 -0.0045245 0.00588671 0.0106119 -0.0188258 0.00589435 -0.0162939 -0.0188258 0.0903785 
0.00864442 -0.0165779 -0.00453754 0.00587621 -0.0165779 0.0852522 0.00586659 -0.016161 -0.00453754 0.00586659 0.0105346 -0.0188014 0.00587621 -0.016161 -0.0188014 0.0902944 
0.00863845 -0.0166642 -0.00450922 0.00590081 -0.0166642 0.0854078 0.00590511 -0.0161905 -0.00450922 0.00590511 0.0105184 -0.0187061 0.00590081 -0.0161905 -0.0187061 0.0901481 
0.00862494 -0.0166896 -0.00451244 0.005877 -0.0166896 0.0855962 0.00588703 -0.0161986 -0.00451244 0.00588703 0.0105253 -0.0186635 0.005877 -0.0161986 -0.0186635 0.0899998 
0.00856903 -0.0165532 -0.00455876 0.0058599 -0.0165532 0.0852081 0.00586195 -0.0161219 -0.00455876 0.00586195 0.0105465 -0.0187028 0.0058599 -0.0161219 -0.0187028 0.0899543 
0.00855149 -0.0165022 -0.00458499 0.00593542 -0.0165022 0.0850006 0.00592696 -0.0162221 -0.00458499 0.00592696 0.0105526 -0.0187288 0.00593542 -0.0162221 -0.0187288 0.0900085 
0.00859895 -0.0164758 -0.00463606 0.00599133 -0.0164758 0.0849996 0.00598102 -0.0163871 -0.00463606 0.00598102 0.0105911 -0.0188672 0.00599133 -0.0163871 -0.0188672 0.0905339 
0.00860395 -0.0165012 -0.00466938 0.00602397 -0.0165012 0.084843 0.00602276 -0.016483 -0.00466938 0.00602276 0.0105753 -0.0187943 0.00602397 -0.016483 -0.0187943 0.0903353 
0.00860419 -0.0165743 -0.00467315 0.00607894 -0.0165743 0.0850676 0.00608512 -0.0166366 -0.00467315 0.00608512 0.0106128 -0.0187967 0.00607894 -0.0166366 -0.0187967 0.0903391 
0.00858451 -0.0166071 -0.00466673 0.0060909 -0.0166071 0.0852972 0.00609209 -0.0167205 -0.00466673 0.00609209 0.0106764 -0.0188586 0.0060909 -0.0167205 -0.0188586 0.0905013 
0.00858535 -0.0165786 -0.00467216 0.00607603 -0.0165786 0.0853043 0.00606624 -0.0166974 -0.00467216 0.00606624 0.0106772 -0.0189223 0.00607603 -0.0166974 -0.0189223 0.0906298 
0.00862129 -0.0165451 -0.00469745 0.00606644 -0.0165451 0.0851219 0.0060561 -0.0166448 -0.00469745 0.0060561 0.0106313 -0.0188915 0.00606644 -0.0166448 -0.0188915 0.0905258 
0.00867552 -0.0166235 -0.00476129 0.00610724 -0.0166235 0.0853037 0.00610576 -0.0167135 -0.00476129 0.00610576 0.0106494 -0.0188958 0.00610724 -0.0167135 -0.0188958 0.0906399 
0.00869408 -0.016694 -0.00481743 0.00617023 -0.016694 0.085434 0.00617364 -0.0168385 -0.00481743 0.00617364 0.010619 -0.0188596 0.00617023 -0.0168385 -0.0188596 0.0904807 
0.00870843 -0.016752 -0.00483072 0.00625505 -0.016752 0.0857375 0.00625851 -0.0170405 -0.00483072 0.00625851 0.0106592 -0.0189202 0.00625505 -0.0170405 -0.0189202 0.0907449 
0.00870116 -0.0167614 -0.0048011 0.0062643 -0.0167614 0.0858139 0.00626373 -0.0171243 -0.0048011 0.00626373 0.010663 -0.0189372 0.0062643 -0.0171243 -0.0189372 0.0908056 
0.00871484 -0.0167707 -0.00479696 0.00622544 -0.0167707 0.085868 0.00622537 -0.017086 -0.00479696 0.00622537 0.010628 -0.0189107 0.00622544 -0.017086 -0.0189107 0.090744 
0.00878423 -0.016762 -0.00482394 0.00620427 -0.016762 0.0857869 0.0062093 -0.0170125 -0.00482394 0.0062093 0.0105057 -0.0188396 0.00620427 -0.0170125 -0.0188396 0.0905192 
0.00883133 -0.0169167 -0.00484289 0.00625411 -0.0169167 0.0861583 0.00627356 -0.0171102 -0.00484289 0.00627356 0.0104501 -0.0186774 0.00625411 -0.0171102 -0.0186774 0.0902366 
0.0088063 -0.0169382 -0.00483032 0.00626728 -0.0169382 0.086248 0.0062925 -0.0171775 -0.00483032 0.0062925 0.0104263 -0.0185649 0.00626728 -0.0171775 -0.0185649 0.0898015 
0.00875717 -0.0168943 -0.00480013 0.00627104 -0.0168943 0.0862573 0.00628556 -0.017213 -0.00480013 0.00628556 0.0104871 -0.0186031 0.00627104 -0.017213 -0.0186031 0.0898428 
0.00868567 -0.016814 -0.00477123 0.00623966 -0.016814 0.0860567 0.00623621 -0.0171584 -0.00477123 0.00623621 0.0105382 -0.0186464 0.00623966 -0.0171584 -0.0186464 0.0898676 
0.00871321 -0.016723 -0.00480809 0.00621631 -0.016723 0.0858399 0.00619714 -0.0170854 -0.00480809 0.00619714 0.0105016 -0.0187245 0.00621631 -0.0170854 -0.0187245 0.0900477 
0.00876603 -0.0166994 -0.00484356 0.00625026 -0.0166994 0.0856194 0.00623439 -0.0170961 -0.00484356 0.00623439 0.0104608 -0.0187226 0.00625026 -0.0170961 -0.0187226 0.0901647 
0.00876001 -0.0167705 -0.00486388 0.00628895 -0.0167705 0.0856368 0.00629013 -0.0171955 -0.00486388 0.00629013 0.0104646 -0.01864 0.00628895 -0.0171955 -0.01864 0.0899992 
0.00875692 -0.0167647 -0.00487059 0.00631434 -0.0167647 0.0856716 0.00631939 -0.0172826 -0.00487059 0.00631939 0.0104892 -0.0186723 0.00631434 -0.0172826 -0.0186723 0.090012 
0.00879892 -0.016758 -0.00489627 0.00632135 -0.016758 0.0856555 0.00632159 -0.017315 -0.00489627 0.00632159 0.010465 -0.0187155 0.00632135 -0.017315 -0.0187155 0.0901106 
0.00882928 -0.0168581 -0.00489144 0.00635284 -0.0168581 0.0858617 0.00635717 -0.0173813 -0.00489144 0.00635717 0.0104293 -0.0186414 0.00635284 -0.0173813 -0.0186414 0.0899906 
0.0088673 -0.0168965 -0.00493635 0.00634182 -0.0168965 0.0860119 0.00635087 -0.0173937 -0.00493635 0.00635087 0.0103637 -0.0185941 0.00634182 -0.0173937 -0.0185941 0.089841 
0.00891221 -0.0169457 -0.00497705 0.0063955 -0.0169457 0.086172 0.00640884 -0.0174757 -0.00497705 0.00640884 0.0103097 -0.0185347 0.0063955 -0.0174757 -0.0185347 0.0897413 
0.00893834 -0.0169751 -0.00497177 0.00644759 -0.0169751 0.0862589 0.0064655 -0.0176053 -0.00497177 0.0064655 0.0103138 -0.0184945 0.00644759 -0.0176053 -0.0184945 0.0896741 
0.0088727 -0.0170145 -0.00491988 0.00644201 -0.0170145 0.0863473 0.00645968 -0.0176595 -0.00491988 0.00645968 0.0103888 -0.0184745 0.00644201 -0.0176595 -0.0184745 0.0895668 
0.00883157 -0.0169939 -0.00491423 0.0063868 -0.0169939 0.0863841 0.00639006 -0.0175809 -0.00491423 0.00639006 0.010375 -0.0184585 0.0063868 -0.0175809 -0.0184585 0.0893327 
0.00878054 -0.0169609 -0.00490296 0.00639846 -0.0169609 0.0864156 0.00638381 -0.0175491 -0.00490296 0.00638381 0.0103868 -0.0184805 0.00639846 -0.0175491 -0.0184805 0.0893998 
0.00874535 -0.0168419 -0.0049234 0.0063872 -0.0168419 0.0861036 0.00636251 -0.0175145 -0.0049234 0.00636251 0.0103677 -0.0184749 0.0063872 -0.0175145 -0.0184749 0.0893376 
0.0087408 -0.0167483 -0.00497785 0.00642294 -0.0167483 0.085801 0.00639625 -0.0175661 -0.00497785 0.00639625 0.0103665 -0.0185203 0.00642294 -0.0175661 -0.0185203 0.0895051 
0.00874857 -0.0166871 -0.00499259 0.00648826 -0.0166871 0.0855063 0.0064666 -0.0177031 -0.00499259 0.0064666 0.0103805 -0.0185566 0.00648826 -0.0177031 -0.0185566 0.0896657 
0.00878388 -0.0167274 -0.00501391 0.00651878 -0.0167274 0.0855426 0.00650739 -0.0178464 -0.00501391 0.00650739 0.0103862 -0.0185922 0.00651878 -0.0178464 -0.0185922 0.0898542 
0.00879648 -0.0167304 -0.00501421 0.00651852 -0.0167304 0.0854655 0.00651617 -0.0178759 -0.00501421 0.00651617 0.0103705 -0.0185994 0.00651852 -0.0178759 -0.0185994 0.0898821 
0.00877646 -0.0167624 -0.00497633 0.0065137 -0.0167624 0.0855173 0.00651944 -0.0178783 -0.00497633 0.00651944 0.0103895 -0.0185816 0.0065137 -0.0178783 -0.0185816 0.0898767 
0.00874948 -0.0167492 -0.00489704 0.00646533 -0.0167492 0.0855705 0.00647382 -0.0178011 -0.00489704 0.00647382 0.0104354 -0.0186347 0.00646533 -0.0178011 -0.0186347 0.0900177 
0.00877716 -0.0167601 -0.00488241 0.00637014 -0.0167601 0.085682 0.00637637 -0.0176144 -0.00488241 0.00637637 0.0104274 -0.0186676 0.00637014 -0.0176144 -0.0186676 0.0901313 
0.00883266 -0.0167673 -0.00489175 0.00632798 -0.0167673 0.0856595 0.00633829 -0.0174349 -0.00489175 0.00633829 0.0103644 -0.0186369 0.00632798 -0.0174349 -0.0186369 0.0900561 
0.00887156 -0.0168261 -0.00491244 0.00633081 -0.0168261 0.0857163 0.00635157 -0.0173825 -0.00491244 0.00635157 0.0103261 -0.018552 0.00633081 -0.0173825 -0.018552 0.0898553 
0.00891699 -0.0168704 -0.00493267 0.00635422 -0.0168704 0.0858046 0.00638216 -0.0174121 -0.00493267 0.00638216 0.0103028 -0.0185087 0.00635422 -0.0174121 -0.0185087 0.0896836 
0.00896208 -0.016997 -0.00497915 0.00638902 -0.016997 0.0861414 0.006417 -0.0175042 -0.00497915 0.006417 0.0102722 -0.0184282 0.00638902 -0.0175042 -0.0184282 0.089441 
0.00892407 -0.0171162 -0.00499899 0.00646236 -0.0171162 0.0866166 0.00648518 -0.0176672 -0.00499899 0.00648518 0.0103484 -0.0183923 0.00646236 -0.0176672 -0.0183923 0.0893515 
0.00889294 -0.0170195 -0.00502137 0.00648946 -0.0170195 0.0865727 0.006488 -0.017746 -0.00502137 0.006488 0.0104092 -0.0185237 0.00648946 -0.017746 -0.0185237 0.0895515 
0.00882246 -0.0169316 -0.00497374 0.00651174 -0.0169316 0.0862714 0.00649207 -0.0177725 -0.00497374 0.00649207 0.0104635 -0.0186076 0.00651174 -0.0177725 -0.0186076 0.0897539 
0.00880058 -0.0168257 -0.00493437 0.00645428 -0.0168257 0.0859563 0.00642852 -0.0176865 -0.00493437 0.00642852 0.0104791 -0.0187113 0.00645428 -0.0176865 -0.0187113 0.0900388 
0.00884223 -0.0168726 -0.00495921 0.00641559 -0.0168726 0.086091 0.00639997 -0.0176048 -0.00495921 0.00639997 0.0104936 -0.0187473 0.00641559 -0.0176048 -0.0187473 0.0903289 
0.00882714 -0.0169073 -0.00496944 0.0064177 -0.0169073 0.0860996 0.00641286 -0.0175549 -0.00496944 0.00641286 0.0105108 -0.0186873 0.0064177 -0.0175549 -0.0186873 0.0901496 
0.00878149 -0.0169137 -0.00496002 0.00644348 -0.0169137 0.0862311 0.00643921 -0.0176005 -0.00496002 0.00643921 0.0105973 -0.0187722 0.00644348 -0.0176005 -0.0187722 0.090353 
0.00874839 -0.0168638 -0.00498742 0.00643303 -0.0168638 0.0861757 0.00641788 -0.0175936 -0.00498742 0.00641788 0.0106328 -0.0188473 0.00643303 -0.0175936 -0.0188473 0.090496 
0.00871958 -0.0167795 -0.00497666 0.00645587 -0.0167795 0.0859188 0.00643298 -0.0175933 -0.00497666 0.00643298 0.0106553 -0.0189076 0.00645587 -0.0175933 -0.0189076 0.0906395 
0.00873703 -0.0167875 -0.00496658 0.00645976 -0.0167875 0.0859083 0.00643872 -0.0176348 -0.00496658 0.00643872 0.0106388 -0.0189253 0.00645976 -0.0176348 -0.0189253 0.0907436 
0.00878385 -0.0168261 -0.00496568 0.00644564 -0.0168261 0.086009 0.00643351 -0.0176361 -0.00496568 0.00643351 0.0105671 -0.0189016 0.00644564 -0.0176361 -0.0189016 0.0907598 
0.00883381 -0.0168536 -0.0050018 0.00642651 -0.0168536 0.0860739 0.0064314 -0.0176003 -0.0050018 0.0064314 0.0105273 -0.0188473 0.00642651 -0.0176003 -0.0188473 0.0907231 
0.00890657 -0.0168694 -0.00508531 0.0064503 -0.0168694 0.0860255 0.00646735 -0.0176118 -0.00508531 0.00646735 0.0104812 -0.0187953 0.0064503 -0.0176118 -0.0187953 0.0905604 
0.00895363 -0.0170102 -0.00515454 0.00656294 -0.0170102 0.0863146 0.00658688 -0.0178275 -0.00515454 0.00658688 0.0104646 -0.0187176 0.00656294 -0.0178275 -0.0187176 0.0903708 
0.00895259 -0.0171067 -0.00516258 0.00666222 -0.0171067 0.0866739 0.00668102 -0.0180968 -0.00516258 0.00668102 0.0104951 -0.0186994 0.00666222 -0.0180968 -0.0186994 0.0902917 
0.008943 -0.0170759 -0.00514827 0.00666931 -0.0170759 0.0866837 0.00667417 -0.0181887 -0.00514827 0.00667417 0.010509 -0.0187336 0.00666931 -0.0181887 -0.0187336 0.0902796 
0.00888953 -0.0170189 -0.00513097 0.0066371 -0.0170189 0.086484 0.00663368 -0.0181266 -0.00513097 0.00663368 0.0105623 -0.0187789 0.0066371 -0.0181266 -0.0187789 0.0903584 
0.0089014 -0.0169842 -0.00512017 0.00661997 -0.0169842 0.0864065 0.00661071 -0.0180646 -0.00512017 0.00661071 0.0105607 -0.018846 0.00661997 -0.0180646 -0.018846 0.0905144 
0.00891806 -0.0170328 -0.00510862 0.00661326 -0.0170328 0.0865579 0.00660658 -0.0180386 -0.00510862 0.00660658 0.010578 -0.0188872 0.00661326 -0.0180386 -0.0188872 0.0907705 
