0.010922 0 -3.53642e-05 0 0 0.0100122 0 0 -3.53642e-05 0 0.0033735 0 0 0 0 0.0100122 
0.0152364 -0.0188526 -0.000396264 0.000501651 -0.0188526 0.0453084 0.000501651 -0.000961358 -0.000396264 0.000501651 0.00490508 -0.00615711 0.000501651 -0.000961358 -0.00615711 0.0209658 
0.0147793 -0.0267215 -0.000536447 0.00108976 -0.0267215 0.0944155 0.00108976 -0.00357884 -0.000536447 0.00108976 0.00534402 -0.0110421 0.00108976 -0.00357884 -0.0110421 0.0446252 
0.0136675 -0.0244213 -0.000420242 0.00101173 -0.0244213 0.104209 0.00100287 -0.0043653 -0.000420242 0.00100287 0.00522962 -0.0125979 0.00101173 -0.0043653 -0.0125979 0.0622016 
0.0137149 -0.0230789 -0.000392856 0.000825405 -0.0230789 0.102973 0.000800348 -0.0039506 -0.000392856 0.000800348 0.00509329 -0.0126324 0.000825405 -0.0039506 -0.0126324 0.0703274 
0.0140975 -0.0231907 -0.000434237 0.000746027 -0.0231907 0.102784 0.000706418 -0.00324932 -0.000434237 0.000706418 0.0050243 -0.0123151 0.000746027 -0.00324932 -0.0123151 0.0727726 
0.0142783 -0.0235381 -0.0005616 0.000801194 -0.0235381 0.103315 0.000759461 -0.00293932 -0.0005616 0.000759461 0.00501813 -0.0120197 0.000801194 -0.00293932 -0.0120197 0.0727786 
0.0143255 -0.0237315 -0.000621687 0.000970314 -0.0237315 0.103926 0.000927916 -0.00308182 -0.000621687 0.000927916 0.00507498 -0.0119149 0.000970314 -0.00308182 -0.0119149 0.0724668 
0.0143555 -0.0237475 -0.000688891 0.00108569 -0.0237475 0.104115 0.0010495 -0.00340315 -0.000688891 0.0010495 0.00508933 -0.0119586 0.00108569 -0.00340315 -0.0119586 0.0723665 
0.0144027 -0.0237882 -0.000751038 0.0011685 -0.0237882 0.104239 0.00114817 -0.00368352 -0.000751038 0.00114817 0.00509011 -0.0119949 0.0011685 -0.00368352 -0.0119949 0.0724578 
0.0144189 -0.0238225 -0.000748115 0.0012052 -0.0238225 0.10424 0.00119995 -0.00382446 -0.000748115 0.00119995 0.00506568 -0.0119854 0.0012052 -0.00382446 -0.0119854 0.0724071 
0.0144049 -0.0238819 -0.000708033 0.00117739 -0.0238819 0.10441 0.00118651 -0.00382702 -0.000708033 0.00118651 0.00509631 -0.0119717 0.00117739 -0.00382702 -0.0119717 0.0724178 
0.0143909 -0.0238951 -0.000657173 0.00112278 -0.0238951 0.104578 0.00113821 -0.00373275 -0.000657173 0.00113821 0.00513865 -0.0120274 0.00112278 -0.00373275 -0.0120274 0.0725685 
0.0143971 -0.0238363 -0.000654714 0.00105713 -0.0238363 0.104438 0.00107464 -0.00358008 -0.000654714 0.00107464 0.00511015 -0.0120758 0.00105713 -0.00358008 -0.0120758 0.0726548 
0.0144222 -0.0238673 -0.000689173 0.00104488 -0.0238673 0.104479 0.00105983 -0.00347988 -0.000689173 0.00105983 0.00508183 -0.0120572 0.00104488 -0.00347988 -0.0120572 0.0727265 
0.0144514 -0.0239239 -0.000708644 0.00113153 -0.0239239 0.104692 0.00113803 -0.00362815 -0.000708644 0.00113803 0.00503806 -0.0120386 0.00113153 -0.00362815 -0.0120386 0.0727889 
0.0144487 -0.0238982 -0.000729055 0.00112831 -0.0238982 0.104559 0.00113199 -0.00365706 -0.000729055 0.00113199 0.00497401 -0.011936 0.00112831 -0.00365706 -0.011936 0.0724879 
0.0144766 -0.0239832 -0.000764875 0.00114822 -0.0239832 0.10487 0.0011507 -0.00368388 -0.000764875 0.0011507 0.00500174 -0.0118746 0.00114822 -0.00368388 -0.0118746 0.0724094 
0.0144126 -0.0239494 -0.000829497 0.0012315 -0.0239494 0.104793 0.00122731 -0.00386608 -0.000829497 0.00122731 0.00506268 -0.0118764 0.0012315 -0.00386608 -0.0118764 0.0722453 
0.0144091 -0.023895 -0.000883503 0.0013072 -0.023895 0.104736 0.00129202 -0.00404127 -0.000883503 0.00129202 0.00508265 -0.0119682 0.0013072 -0.00404127 -0.0119682 0.0723915 
0.0144126 -0.0238675 -0.000840899 0.00130909 -0.0238675 0.104562 0.00128654 -0.00402534 -0.000840899 0.00128654 0.0050847 -0.0119874 0.00130909 -0.00402534 -0.0119874 0.0724483 
0.0144183 -0.023858 -0.000876014 0.00130721 -0.023858 0.104466 0.00129239 -0.00408849 -0.000876014 0.00129239 0.00504662 -0.0120062 0.00130721 -0.00408849 -0.0120062 0.0725089 
0.0144216 -0.0238726 -0.000897803 0.00133881 -0.0238726 0.104467 0.00132994 -0.00414583 -0.000897803 0.00132994 0.00502736 -0.0119621 0.00133881 -0.00414583 -0.0119621 0.0724724 
0.0144484 -0.0239275 -0.00098877 0.00138972 -0.0239275 0.104706 0.00138385 -0.00429097 -0.00098877 0.00138385 0.00502875 -0.011957 0.00138972 -0.00429097 -0.011957 0.0725443 
0.0144507 -0.0239089 -0.001042 0.0014815 -0.0239089 0.104633 0.00146896 -0.00445433 -0.001042 0.00146896 0.00501067 -0.0119271 0.0014815 -0.00445433 -0.0119271 0.0724074 
0.0144744 -0.0238975 -0.00110766 0.00156915 -0.0238975 0.104544 0.00155069 -0.00468752 -0.00110766 0.00155069 0.00494961 -0.011899 0.00156915 -0.00468752 -0.011899 0.0722818 
0.01454 -0.0239828 -0.00114446 0.00164593 -0.0239828 0.104789 0.00162966 -0.00489996 -0.00114446 0.00162966 0.00489506 -0.0118447 0.00164593 -0.00489996 -0.0118447 0.0722566 
0.0145857 -0.0240572 -0.00114327 0.00166398 -0.0240572 0.104976 0.00165574 -0.0049905 -0.00114327 0.00165574 0.00484995 -0.0117548 0.00166398 -0.0049905 -0.0117548 0.0720489 
0.0146095 -0.0241166 -0.00114831 0.0016323 -0.0241166 0.105137 0.00163455 -0.00494418 -0.00114831 0.00163455 0.0048368 -0.0116803 0.0016323 -0.00494418 -0.0116803 0.0718027 
0.0146535 -0.0241828 -0.00115335 0.0016297 -0.0241828 0.105398 0.00163391 -0.00490494 -0.00115335 0.00163391 0.00483538 -0.0116758 0.0016297 -0.00490494 -0.0116758 0.0717582 
0.0146642 -0.0242125 -0.00111384 0.00162096 -0.0242125 0.105468 0.00162323 -0.00485563 -0.00111384 0.00162323 0.00486323 -0.0116687 0.00162096 -0.00485563 -0.0116687 0.0716922 
0.0146905 -0.0242332 -0.00109996 0.00157258 -0.0242332 0.105542 0.00157583 -0.00476165 -0.00109996 0.00157583 0.00491036 -0.0117195 0.00157258 -0.00476165 -0.0117195 0.0717726 
0.0146965 -0.0242435 -0.00113792 0.0016106 -0.0242435 0.105561 0.00161388 -0.00484804 -0.00113792 0.00161388 0.00491216 -0.0118082 0.0016106 -0.00484804 -0.0118082 0.071978 
0.0147025 -0.0242651 -0.00114589 0.00166661 -0.0242651 0.105642 0.00166706 -0.00498264 -0.00114589 0.00166706 0.00491585 -0.0118389 0.00166661 -0.00498264 -0.0118389 0.0721837 
0.014676 -0.0242388 -0.00116572 0.0016922 -0.0242388 0.105552 0.00169298 -0.00510189 -0.00116572 0.00169298 0.00492146 -0.0118345 0.0016922 -0.00510189 -0.0118345 0.0721925 
0.0146777 -0.0242177 -0.00117988 0.00169059 -0.0242177 0.105491 0.00169034 -0.00510642 -0.00117988 0.00169034 0.00490561 -0.0118358 0.00169059 -0.00510642 -0.0118358 0.0721911 
0.0146897 -0.0242337 -0.00119833 0.00172956 -0.0242337 0.10554 0.00172804 -0.00519218 -0.00119833 0.00172804 0.00487522 -0.0118295 0.00172956 -0.00519218 -0.0118295 0.0722234 
0.0147043 -0.0242384 -0.00119519 0.00171068 -0.0242384 0.10552 0.00170986 -0.00514867 -0.00119519 0.00170986 0.00485101 -0.0117712 0.00171068 -0.00514867 -0.0117712 0.0720917 
0.0147351 -0.024283 -0.00119214 0.00167153 -0.024283 0.105625 0.00167322 -0.00502465 -0.00119214 0.00167322 0.00487838 -0.0117354 0.00167153 -0.00502465 -0.0117354 0.0719861 
0.0147859 -0.0243599 -0.00119949 0.00164785 -0.0243599 0.105882 0.00164844 -0.00490968 -0.00119949 0.00164844 0.00493582 -0.0117903 0.00164785 -0.00490968 -0.0117903 0.0720975 
0.0148195 -0.0243882 -0.00115553 0.00167091 -0.0243882 0.105944 0.00166752 -0.00491441 -0.00115553 0.00166752 0.00496858 -0.0118814 0.00167091 -0.00491441 -0.0118814 0.0722748 
0.01484 -0.0244485 -0.00117148 0.00170723 -0.0244485 0.106165 0.00170809 -0.0051024 -0.00117148 0.00170809 0.00494372 -0.0119807 0.00170723 -0.0051024 -0.0119807 0.0726526 
0.0147902 -0.0243896 -0.00120898 0.00171167 -0.0243896 0.105938 0.00171965 -0.00516238 -0.00120898 0.00171965 0.00489055 -0.0119202 0.00171167 -0.00516238 -0.0119202 0.0725559 
0.014819 -0.0244279 -0.00123977 0.0017343 -0.0244279 0.106146 0.00173845 -0.0051847 -0.00123977 0.00173845 0.00486361 -0.0118722 0.0017343 -0.0051847 -0.0118722 0.0725801 
0.0148427 -0.0244221 -0.00122247 0.00173688 -0.0244221 0.106097 0.00173303 -0.00514725 -0.00122247 0.00173303 0.00482536 -0.0117978 0.00173688 -0.00514725 -0.0117978 0.0723483 
0.014824 -0.0244222 -0.00117229 0.00174763 -0.0244222 0.106014 0.00174504 -0.00519732 -0.00117229 0.00174504 0.00481287 -0.0117307 0.00174763 -0.00519732 -0.0117307 0.072078 
0.0148333 -0.0244681 -0.00111948 0.00168129 -0.0244681 0.106222 0.00168662 -0.00511491 -0.00111948 0.00168662 0.00486287 -0.0117321 0.00168129 -0.00511491 -0.0117321 0.0720782 
0.0148195 -0.0244512 -0.0011134 0.00164195 -0.0244512 0.106236 0.00165245 -0.00504626 -0.0011134 0.00165245 0.00486912 -0.0117921 0.00164195 -0.00504626 -0.0117921 0.0721503 
0.0148063 -0.0244215 -0.00111292 0.00160869 -0.0244215 0.106153 0.00161827 -0.00493314 -0.00111292 0.00161827 0.00487439 -0.0118001 0.00160869 -0.00493314 -0.0118001 0.0721938 
0.0147642 -0.0243569 -0.00115464 0.00165178 -0.0243569 0.105911 0.00165554 -0.00500538 -0.00115464 0.00165554 0.00485546 -0.01179 0.00165178 -0.00500538 -0.01179 0.0721075 
0.0147049 -0.024304 -0.00122838 0.00171181 -0.024304 0.105719 0.00170817 -0.00513814 -0.00122838 0.00170817 0.00486133 -0.011756 0.00171181 -0.00513814 -0.011756 0.0719953 
0.0146765 -0.0242367 -0.00129714 0.00182283 -0.0242367 0.105566 0.00180847 -0.00538099 -0.00129714 0.00180847 0.00483738 -0.0117582 0.00182283 -0.00538099 -0.0117582 0.0719509 
0.0146934 -0.0242632 -0.00132425 0.00188698 -0.0242632 0.105696 0.00186613 -0.00555185 -0.00132425 0.00186613 0.00483458 -0.0117429 0.00188698 -0.00555185 -0.0117429 0.0720331 
0.0146691 -0.0242383 -0.00135884 0.00192609 -0.0242383 0.105614 0.00190715 -0.00568955 -0.00135884 0.00190715 0.00482603 -0.0117125 0.00192609 -0.00568955 -0.0117125 0.0719245 
0.0146612 -0.0242229 -0.0014245 0.00195049 -0.0242229 0.105586 0.00193408 -0.0057568 -0.0014245 0.00193408 0.00482743 -0.0116932 0.00195049 -0.0057568 -0.0116932 0.0718568 
0.0146584 -0.0242159 -0.00142251 0.00200788 -0.0242159 0.105561 0.00198844 -0.00583604 -0.00142251 0.00198844 0.00483377 -0.0116837 0.00200788 -0.00583604 -0.0116837 0.0718036 
0.0146477 -0.0242133 -0.00138839 0.00201226 -0.0242133 0.105556 0.00199603 -0.00589787 -0.00138839 0.00199603 0.00487319 -0.0116934 0.00201226 -0.00589787 -0.0116934 0.0718086 
0.0146328 -0.0241414 -0.00137648 0.00195364 -0.0241414 0.105269 0.00194538 -0.0058114 -0.00137648 0.00194538 0.00486381 -0.0117177 0.00195364 -0.0058114 -0.0117177 0.071719 
0.0146701 -0.0241817 -0.0014067 0.00194404 -0.0241817 0.105363 0.00194262 -0.00576677 -0.0014067 0.00194262 0.00484923 -0.0117448 0.00194404 -0.00576677 -0.0117448 0.0718664 
0.0146937 -0.0242057 -0.00139593 0.00197 -0.0242057 0.105381 0.00197183 -0.00578216 -0.00139593 0.00197183 0.00482402 -0.0117206 0.00197 -0.00578216 -0.0117206 0.071841 
0.0147071 -0.0242403 -0.00142357 0.00198706 -0.0242403 0.105468 0.00199155 -0.0058669 -0.00142357 0.00199155 0.00479068 -0.0116967 0.00198706 -0.0058669 -0.0116967 0.0718079 
0.0147391 -0.0243075 -0.00145876 0.00202624 -0.0243075 0.10575 0.0020335 -0.00596742 -0.00145876 0.0020335 0.00477399 -0.0116737 0.00202624 -0.00596742 -0.0116737 0.0718554 
0.0147357 -0.0242965 -0.00150256 0.00205846 -0.0242965 0.105717 0.00206288 -0.00604056 -0.00150256 0.00206288 0.00473594 -0.0116199 0.00205846 -0.00604056 -0.0116199 0.0716741 
0.0147408 -0.0242883 -0.00154061 0.0021045 -0.0242883 0.105668 0.00210467 -0.0061263 -0.00154061 0.00210467 0.00469197 -0.0115547 0.0021045 -0.0061263 -0.0115547 0.0714629 
0.0147404 -0.0243087 -0.00152421 0.00214305 -0.0243087 0.105701 0.00214009 -0.00621111 -0.00152421 0.00214009 0.00467955 -0.0114892 0.00214305 -0.00621111 -0.0114892 0.0712677 
0.0147718 -0.024367 -0.00148889 0.00213142 -0.024367 0.105969 0.00213051 -0.00624172 -0.00148889 0.00213051 0.00468059 -0.0114903 0.00213142 -0.00624172 -0.0114903 0.071294 
0.0147472 -0.0243233 -0.00148622 0.00208097 -0.0243233 0.105798 0.00208738 -0.00616493 -0.00148622 0.00208738 0.00466144 -0.0114573 0.00208097 -0.00616493 -0.0114573 0.0711023 
0.0147489 -0.0243331 -0.00149792 0.00207768 -0.0243331 0.105845 0.00208519 -0.00612265 -0.00149792 0.00208519 0.0046565 -0.0114435 0.00207768 -0.00612265 -0.0114435 0.071075 
0.0147408 -0.0243415 -0.00149563 0.00207558 -0.0243415 0.105885 0.00207981 -0.00608116 -0.00149563 0.00207981 0.0046727 -0.0114316 0.00207558 -0.00608116 -0.0114316 0.0710393 
0.0147382 -0.0243395 -0.00143094 0.00209315 -0.0243395 0.105937 0.00209267 -0.00611692 -0.00143094 0.00209267 0.00468591 -0.0114602 0.00209315 -0.00611692 -0.0114602 0.0711001 
0.014679 -0.0242473 -0.00137348 0.00201666 -0.0242473 0.105578 0.00202056 -0.00602258 -0.00137348 0.00202056 0.00468754 -0.0114411 0.00201666 -0.00602258 -0.0114411 0.0709316 
0.014662 -0.0242464 -0.00136846 0.00195344 -0.0242464 0.105618 0.00196589 -0.00589167 -0.00136846 0.00196589 0.00471441 -0.0114697 0.00195344 -0.00589167 -0.0114697 0.0710412 
0.0146514 -0.0242544 -0.00132392 0.00190388 -0.0242544 0.105712 0.00191557 -0.00570451 -0.00132392 0.00191557 0.00475681 -0.0115063 0.00190388 -0.00570451 -0.0115063 0.0711879 
0.0146163 -0.0241911 -0.00132121 0.00183836 -0.0241911 0.105514 0.00184416 -0.0055123 -0.00132121 0.00184416 0.0047841 -0.0115411 0.00183836 -0.0055123 -0.0115411 0.0712062 
0.0145884 -0.0241428 -0.00134273 0.00183523 -0.0241428 0.105335 0.00183221 -0.0054175 -0.00134273 0.00183221 0.00482751 -0.0115793 0.00183523 -0.0054175 -0.0115793 0.0712751 
0.0145993 -0.0241552 -0.00137246 0.00188849 -0.0241552 0.105423 0.00187578 -0.00549313 -0.00137246 0.00187578 0.00486081 -0.0116718 0.00188849 -0.00549313 -0.0116718 0.0715744 
0.0146105 -0.0241479 -0.00138645 0.00196162 -0.0241479 0.105427 0.00194165 -0.00568418 -0.00138645 0.00194165 0.00484665 -0.0117323 0.00196162 -0.00568418 -0.0117323 0.0718218 
0.0145907 -0.0241019 -0.0013307 0.00198098 -0.0241019 0.1052 0.0019651 -0.00580152 -0.0013307 0.0019651 0.00482345 -0.0116925 0.00198098 -0.00580152 -0.0116925 0.0717522 
0.0146423 -0.0241639 -0.00126213 0.00186135 -0.0241639 0.1054 0.00186081 -0.00561533 -0.00126213 0.00186081 0.00482147 -0.0116712 0.00186135 -0.00561533 -0.0116712 0.071785 
0.0146622 -0.0241677 -0.00119909 0.00172759 -0.0241677 0.105307 0.00174258 -0.00527178 -0.00119909 0.00174258 0.0048089 -0.0116302 0.00172759 -0.00527178 -0.0116302 0.0715699 
0.0147275 -0.0242406 -0.00120628 0.00172068 -0.0242406 0.105548 0.0017414 -0.00521819 -0.00120628 0.0017414 0.00476532 -0.0116603 0.00172068 -0.00521819 -0.0116603 0.0716751 
0.0147747 -0.0243349 -0.00116978 0.00167441 -0.0243349 0.105804 0.00169656 -0.00506553 -0.00116978 0.00169656 0.00476706 -0.011607 0.00167441 -0.00506553 -0.011607 0.0716473 
0.0147609 -0.0243711 -0.0011575 0.00164894 -0.0243711 0.105914 0.00166945 -0.00499102 -0.0011575 0.00166945 0.00479871 -0.0116021 0.00164894 -0.00499102 -0.0116021 0.0715685 
0.0147638 -0.0243652 -0.00117011 0.00163158 -0.0243652 0.105969 0.00164513 -0.00491896 -0.00117011 0.00164513 0.00483429 -0.0116535 0.00163158 -0.00491896 -0.0116535 0.0716467 
0.0147321 -0.0243111 -0.00118764 0.00167708 -0.0243111 0.105756 0.00167968 -0.00498606 -0.00118764 0.00167968 0.00484107 -0.0116958 0.00167708 -0.00498606 -0.0116958 0.0716782 
0.0147637 -0.0243384 -0.00126103 0.00175347 -0.0243384 0.105917 0.00174869 -0.00520078 -0.00126103 0.00174869 0.00481993 -0.011755 0.00175347 -0.00520078 -0.011755 0.0719706 
0.0147629 -0.0243094 -0.00125539 0.00179974 -0.0243094 0.105737 0.00178993 -0.00529733 -0.00125539 0.00178993 0.0047833 -0.0116919 0.00179974 -0.00529733 -0.0116919 0.0718395 
0.0147984 -0.0243713 -0.00123118 0.00177754 -0.0243713 0.105912 0.00177224 -0.00529186 -0.00123118 0.00177224 0.00478652 -0.0116574 0.00177754 -0.00529186 -0.0116574 0.0718034 
0.0148058 -0.0243914 -0.0012338 0.00174536 -0.0243914 0.105954 0.0017474 -0.00523733 -0.0012338 0.0017474 0.00478962 -0.0116477 0.00174536 -0.00523733 -0.0116477 0.0717147 
0.0148177 -0.0244436 -0.00128726 0.00174909 -0.0244436 0.106167 0.00175236 -0.00521753 -0.00128726 0.00175236 0.00482033 -0.0116787 0.00174909 -0.00521753 -0.0116787 0.0718264 
0.0148072 -0.0243952 -0.00127668 0.00180332 -0.0243952 0.106007 0.00179793 -0.00526962 -0.00127668 0.00179793 0.00484254 -0.011697 0.00180332 -0.00526962 -0.011697 0.0717889 
0.0148099 -0.0243945 -0.00130004 0.00183264 -0.0243945 0.105977 0.00182376 -0.00539843 -0.00130004 0.00182376 0.00485474 -0.0117494 0.00183264 -0.00539843 -0.0117494 0.0719138 
0.014832 -0.0244362 -0.00134706 0.00187257 -0.0244362 0.106147 0.00186656 -0.0055224 -0.00134706 0.00186656 0.00484475 -0.0117973 0.00187257 -0.0055224 -0.0117973 0.0721514 
0.014808 -0.0244084 -0.00133016 0.00191168 -0.0244084 0.106026 0.00190443 -0.00560782 -0.00133016 0.00190443 0.00483713 -0.0117628 0.00191168 -0.00560782 -0.0117628 0.0720865 
0.0147966 -0.0244244 -0.00132122 0.00191694 -0.0244244 0.106131 0.00191283 -0.00569152 -0.00132122 0.00191283 0.00484477 -0.0117696 0.00191694 -0.00569152 -0.0117696 0.0721507 
0.0147423 -0.0243604 -0.00131727 0.0019025 -0.0243604 0.105947 0.00190144 -0.00569079 -0.00131727 0.00190144 0.00485121 -0.0117523 0.0019025 -0.00569079 -0.0117523 0.0720501 
0.0147143 -0.0243148 -0.00123585 0.00181382 -0.0243148 0.105798 0.00181274 -0.00544354 -0.00123585 0.00181274 0.00490348 -0.0117413 0.00181382 -0.00544354 -0.0117413 0.0719702 
0.0147225 -0.0243063 -0.00119094 0.00172111 -0.0243063 0.105791 0.00172148 -0.00521014 -0.00119094 0.00172148 0.00496493 -0.0118256 0.00172111 -0.00521014 -0.0118256 0.0721287 
0.014706 -0.0242805 -0.00113786 0.00171893 -0.0242805 0.105695 0.00171861 -0.00517316 -0.00113786 0.00171861 0.00500951 -0.0119248 0.00171893 -0.00517316 -0.0119248 0.0723625 
0.0147192 -0.0242661 -0.00108162 0.00164073 -0.0242661 0.105639 0.00164742 -0.00503863 -0.00108162 0.00164742 0.00499674 -0.0119976 0.00164073 -0.00503863 -0.0119976 0.0726052 
0.0147227 -0.024286 -0.000989672 0.00155583 -0.024286 0.105653 0.00157078 -0.00483548 -0.000989672 0.00157078 0.00497757 -0.0119916 0.00155583 -0.00483548 -0.0119916 0.072713 
0.0147498 -0.0243237 -0.000995075 0.00143621 -0.0243237 0.105801 0.00146036 -0.00456927 -0.000995075 0.00146036 0.00497397 -0.0119749 0.00143621 -0.00456927 -0.0119749 0.0727654 
0.0147603 -0.0243611 -0.00103849 0.00146779 -0.0243611 0.105957 0.00148814 -0.00453011 -0.00103849 0.00148814 0.00497178 -0.0119713 0.00146779 -0.00453011 -0.0119713 0.0727968 
0.0147353 -0.0243368 -0.00107579 0.00155526 -0.0243368 0.105903 0.001561 -0.00469218 -0.00107579 0.001561 0.00494174 -0.0119531 0.00155526 -0.00469218 -0.0119531 0.072715 
0.0147118 -0.024312 -0.00111538 0.00160799 -0.024312 0.105863 0.00160416 -0.00485032 -0.00111538 0.00160416 0.00491998 -0.0119093 0.00160799 -0.00485032 -0.0119093 0.0726234 
0.0146657 -0.0242195 -0.00118912 0.0016196 -0.0242195 0.105507 0.00161001 -0.00487401 -0.00118912 0.00161001 0.00489615 -0.0118275 0.0016196 -0.00487401 -0.0118275 0.0722783 
0.0146567 -0.0242232 -0.0012398 0.00174219 -0.0242232 0.105539 0.00172238 -0.00509836 -0.0012398 0.00172238 0.00490076 -0.0118153 0.00174219 -0.00509836 -0.0118153 0.0722263 
0.0146327 -0.024184 -0.00125878 0.0018006 -0.024184 0.105412 0.00177536 -0.00528283 -0.00125878 0.00177536 0.00489639 -0.0118009 0.0018006 -0.00528283 -0.0118009 0.0721198 
0.014689 -0.0242224 -0.00118394 0.00178991 -0.0242224 0.105581 0.00176725 -0.00529453 -0.00118394 0.00176725 0.00489277 -0.011814 0.00178991 -0.00529453 -0.011814 0.072218 
0.0147303 -0.0242794 -0.00107133 0.00164503 -0.0242794 0.105687 0.00163936 -0.005026 -0.00107133 0.00163936 0.00491784 -0.0117982 0.00164503 -0.005026 -0.0117982 0.0721953 
0.0147521 -0.0242889 -0.00106557 0.00151644 -0.0242889 0.105652 0.00153035 -0.00473798 -0.00106557 0.00153035 0.00493831 -0.0118248 0.00151644 -0.00473798 -0.0118248 0.0721549 
0.0148138 -0.0243669 -0.00103709 0.00152675 -0.0243669 0.105899 0.0015433 -0.00465537 -0.00103709 0.0015433 0.00496516 -0.0118962 0.00152675 -0.00465537 -0.0118962 0.0723887 
0.0148244 -0.0243988 -0.00104652 0.0015 -0.0243988 0.105928 0.00151752 -0.00461359 -0.00104652 0.00151752 0.00499312 -0.0119333 0.0015 -0.00461359 -0.0119333 0.0724825 
0.0148325 -0.0244308 -0.00102631 0.00151763 -0.0244308 0.106039 0.00153156 -0.00462201 -0.00102631 0.00153156 0.00502317 -0.011994 0.00151763 -0.00462201 -0.011994 0.0726667 
0.0148621 -0.0244544 -0.00102359 0.00151228 -0.0244544 0.106161 0.00152479 -0.00464763 -0.00102359 0.00152479 0.00500304 -0.0120582 0.00151228 -0.00464763 -0.0120582 0.0729045 
0.0148719 -0.0244936 -0.00110327 0.0015454 -0.0244936 0.106302 0.00155691 -0.00474752 -0.00110327 0.00155691 0.00496929 -0.012051 0.0015454 -0.00474752 -0.012051 0.0730387 
0.0148685 -0.0244938 -0.00114203 0.00161782 -0.0244938 0.106324 0.00162147 -0.00485636 -0.00114203 0.00162147 0.00494082 -0.0119923 0.00161782 -0.00485636 -0.0119923 0.0729442 
0.0148679 -0.02446 -0.00122091 0.00167692 -0.02446 0.106201 0.0016724 -0.00500741 -0.00122091 0.0016724 0.00488052 -0.0119273 0.00167692 -0.00500741 -0.0119273 0.0727165 
0.0148775 -0.0244632 -0.0013097 0.00176857 -0.0244632 0.106156 0.00175804 -0.00519265 -0.0013097 0.00175804 0.00483195 -0.0118393 0.00176857 -0.00519265 -0.0118393 0.0724681 
0.0148771 -0.0244976 -0.00133264 0.00187855 -0.0244976 0.106246 0.00186359 -0.00544077 -0.00133264 0.00186359 0.00481826 -0.0117709 0.00187855 -0.00544077 -0.0117709 0.0722686 
0.0148775 -0.0244964 -0.00129957 0.0018907 -0.0244964 0.106268 0.00187732 -0.00554705 -0.00129957 0.00187732 0.00482233 -0.0117387 0.0018907 -0.00554705 -0.0117387 0.0721073 
0.014888 -0.0245108 -0.00126563 0.00184073 -0.0245108 0.106329 0.00183592 -0.00549656 -0.00126563 0.00183592 0.00483139 -0.0117485 0.00184073 -0.00549656 -0.0117485 0.072089 
0.0148631 -0.0245031 -0.00126503 0.00179851 -0.0245031 0.106295 0.00180231 -0.00540868 -0.00126503 0.00180231 0.00484414 -0.0117576 0.00179851 -0.00540868 -0.0117576 0.0720757 
0.0148332 -0.0244871 -0.00120242 0.00179139 -0.0244871 0.10629 0.00179396 -0.00534818 -0.00120242 0.00179396 0.00487411 -0.0117831 0.00179139 -0.00534818 -0.0117831 0.0721427 
0.0148184 -0.0244448 -0.00108946 0.00170635 -0.0244448 0.106203 0.00170968 -0.00519143 -0.00108946 0.00170968 0.00489273 -0.0118197 0.00170635 -0.00519143 -0.0118197 0.0722242 
0.01481 -0.0244364 -0.00105844 0.00154327 -0.0244364 0.106169 0.00155541 -0.00484584 -0.00105844 0.00155541 0.00495609 -0.0118508 0.00154327 -0.00484584 -0.0118508 0.0723322 
0.0147693 -0.0244038 -0.00101575 0.00149576 -0.0244038 0.106047 0.00150745 -0.00460535 -0.00101575 0.00150745 0.00504398 -0.0119266 0.00149576 -0.00460535 -0.0119266 0.0724521 
0.0147664 -0.0244098 -0.00100658 0.00149388 -0.0244098 0.10618 0.00149711 -0.00457649 -0.00100658 0.00149711 0.0051103 -0.012091 0.00149388 -0.00457649 -0.012091 0.072932 
0.0147934 -0.0243732 -0.00101576 0.00146781 -0.0243732 0.106093 0.0014637 -0.0045005 -0.00101576 0.0014637 0.00511083 -0.0121881 0.00146781 -0.0045005 -0.0121881 0.0732804 
0.0147746 -0.0243211 -0.000975318 0.00149537 -0.0243211 0.105753 0.00148841 -0.00452851 -0.000975318 0.00148841 0.00508276 -0.0121646 0.00149537 -0.00452851 -0.0121646 0.0732328 
0.0148343 -0.0243805 -0.000979889 0.00145142 -0.0243805 0.105919 0.00145312 -0.004503 -0.000979889 0.00145312 0.00503875 -0.012159 0.00145142 -0.004503 -0.012159 0.0733283 
0.0148452 -0.0244078 -0.00103934 0.00145825 -0.0244078 0.105912 0.00146884 -0.0045057 -0.00103934 0.00146884 0.00497685 -0.0120787 0.00145825 -0.0045057 -0.0120787 0.0731301 
0.0148634 -0.0244807 -0.00104379 0.00152547 -0.0244807 0.106173 0.00153356 -0.00460694 -0.00104379 0.00153356 0.00497279 -0.0120093 0.00152547 -0.00460694 -0.0120093 0.0730151 
0.0148868 -0.0245196 -0.00104184 0.00154237 -0.0245196 0.106395 0.00154651 -0.00469428 -0.00104184 0.00154651 0.0049733 -0.0120019 0.00154237 -0.00469428 -0.0120019 0.0729785 
0.0148852 -0.0244919 -0.0010286 0.00149259 -0.0244919 0.106265 0.00149562 -0.0045807 -0.0010286 0.00149562 0.00497855 -0.0119735 0.00149259 -0.0045807 -0.0119735 0.0728001 
0.0149053 -0.0245107 -0.000981196 0.00146968 -0.0245107 0.106277 0.00147242 -0.00448492 -0.000981196 0.00147242 0.00500283 -0.0119919 0.00146968 -0.00448492 -0.0119919 0.0727894 
0.0149494 -0.0245803 -0.000949257 0.00141712 -0.0245803 0.106516 0.00142347 -0.00438149 -0.000949257 0.00142347 0.00505718 -0.0120582 0.00141712 -0.00438149 -0.0120582 0.0730067 
0.0149681 -0.0246268 -0.000927527 0.00138542 -0.0246268 0.106678 0.00139576 -0.00429817 -0.000927527 0.00139576 0.0050991 -0.0121461 0.00138542 -0.00429817 -0.0121461 0.0732588 
0.0149579 -0.0246266 -0.000976086 0.00137324 -0.0246266 0.106691 0.00138276 -0.00426156 -0.000976086 0.00138276 0.00511983 -0.0122115 0.00137324 -0.00426156 -0.0122115 0.0734568 
0.0149233 -0.0246096 -0.00102531 0.00145399 -0.0246096 0.106668 0.00145406 -0.00438798 -0.00102531 0.00145406 0.00516378 -0.0122484 0.00145399 -0.00438798 -0.0122484 0.0736125 
0.0148779 -0.0245307 -0.000977616 0.0015104 -0.0245307 0.106431 0.00149728 -0.00451732 -0.000977616 0.00149728 0.00518338 -0.0122931 0.0015104 -0.00451732 -0.0122931 0.0736697 
0.0149264 -0.0245459 -0.000949224 0.00143959 -0.0245459 0.106526 0.00142842 -0.00444918 -0.000949224 0.00142842 0.00519601 -0.0123578 0.00143959 -0.00444918 -0.0123578 0.0739554 
0.0149262 -0.0245094 -0.000935324 0.00142142 -0.0245094 0.106276 0.001419 -0.00440676 -0.000935324 0.001419 0.00513265 -0.0123412 0.00142142 -0.00440676 -0.0123412 0.0738721 
0.01494 -0.02458 -0.000915885 0.00143407 -0.02458 0.106482 0.0014404 -0.00446414 -0.000915885 0.0014404 0.00508732 -0.0122864 0.00143407 -0.00446414 -0.0122864 0.0738786 
0.0149141 -0.024581 -0.000884719 0.0013656 -0.024581 0.106511 0.00138081 -0.0043377 -0.000884719 0.00138081 0.00507919 -0.0121986 0.0013656 -0.0043377 -0.0121986 0.0736522 
0.014917 -0.0245741 -0.000840273 0.00132557 -0.0245741 0.106577 0.00133776 -0.0042092 -0.000840273 0.00133776 0.00507075 -0.0121812 0.00132557 -0.0042092 -0.0121812 0.0735534 
0.0148951 -0.0245735 -0.000776917 0.00125796 -0.0245735 0.106582 0.00126928 -0.00403662 -0.000776917 0.00126928 0.00511084 -0.0121644 0.00125796 -0.00403662 -0.0121644 0.073487 
0.014869 -0.0244859 -0.000783793 0.00118589 -0.0244859 0.106288 0.00119614 -0.00385796 -0.000783793 0.00119614 0.00510479 -0.0121822 0.00118589 -0.00385796 -0.0121822 0.0733522 
0.01485 -0.024502 -0.000742895 0.00118926 -0.024502 0.106307 0.00119318 -0.00377645 -0.000742895 0.00119318 0.00518497 -0.012204 0.00118926 -0.00377645 -0.012204 0.0734448 
0.0148101 -0.0244726 -0.000772085 0.00120921 -0.0244726 0.1063 0.00121031 -0.00387491 -0.000772085 0.00121031 0.00521196 -0.0123118 0.00120921 -0.00387491 -0.0123118 0.0736625 
