0.00666336 0 0.00350881 0 0 0.010005 0 0 0.00350881 0 0.00708745 0 0 0 0 0.010005 
0.00972006 -0.0120714 0.00484108 -0.00595863 -0.0120714 0.0323158 -0.00595863 0.0114255 0.00484108 -0.00595863 0.0097051 -0.0120326 -0.00595863 0.0114255 -0.0120326 0.0322411 
0.00981862 -0.0184185 0.00449118 -0.00756281 -0.0184185 0.0680329 -0.00756281 0.0240893 0.00449118 -0.00756281 0.00952673 -0.0176113 -0.00756281 0.0240893 -0.0176113 0.0652987 
0.00916389 -0.0181835 0.00407333 -0.00589386 -0.0181835 0.0820626 -0.00589036 0.0213353 0.00407333 -0.00589036 0.00912089 -0.0172816 -0.00589386 0.0213353 -0.0172816 0.0775866 
0.00907325 -0.0174948 0.00415345 -0.00522427 -0.0174948 0.0859321 -0.0052006 0.016864 0.00415345 -0.0052006 0.00927438 -0.0171274 -0.00522427 0.016864 -0.0171274 0.082218 
0.00923298 -0.017332 0.00435142 -0.00536843 -0.017332 0.0869922 -0.00534164 0.0152734 0.00435142 -0.00534164 0.00946639 -0.0173278 -0.00536843 0.0152734 -0.0173278 0.0847678 
0.00939508 -0.0173901 0.00448169 -0.00565475 -0.0173901 0.0872954 -0.00564375 0.0153449 0.00448169 -0.00564375 0.00955239 -0.0175095 -0.00565475 0.0153449 -0.0175095 0.0862075 
0.00952386 -0.0175667 0.00453093 -0.00581036 -0.0175667 0.0876066 -0.00581998 0.0157279 0.00453093 -0.00581998 0.00951997 -0.0174514 -0.00581036 0.0157279 -0.0174514 0.0864606 
0.00960104 -0.017801 0.00453695 -0.00588343 -0.017801 0.0883095 -0.00590396 0.0160254 0.00453695 -0.00590396 0.0095461 -0.0174003 -0.00588343 0.0160254 -0.0174003 0.0865396 
0.00958061 -0.017871 0.00447409 -0.0058497 -0.017871 0.0885065 -0.00586461 0.0160219 0.00447409 -0.00586461 0.00953873 -0.0172942 -0.0058497 0.0160219 -0.0172942 0.086045 
0.00957266 -0.0178774 0.00444232 -0.00579398 -0.0178774 0.0887043 -0.00579226 0.0159146 0.00444232 -0.00579226 0.00957289 -0.0173602 -0.00579398 0.0159146 -0.0173602 0.0861198 
0.0095783 -0.0178407 0.00445796 -0.00574708 -0.0178407 0.0886639 -0.00573434 0.0157583 0.00445796 -0.00573434 0.00957024 -0.0174297 -0.00574708 0.0157583 -0.0174297 0.0862899 
0.00963222 -0.0178824 0.00448101 -0.00577612 -0.0178824 0.0888453 -0.00576362 0.0157477 0.00448101 -0.00576362 0.00956974 -0.0174925 -0.00577612 0.0157477 -0.0174925 0.086638 
0.00959473 -0.0179343 0.00446107 -0.00578448 -0.0179343 0.0889215 -0.00578158 0.0157597 0.00446107 -0.00578158 0.00958341 -0.0174379 -0.00578448 0.0157597 -0.0174379 0.0865541 
0.00960164 -0.0178847 0.00445467 -0.00575987 -0.0178847 0.0888644 -0.00575822 0.0157294 0.00445467 -0.00575822 0.00954958 -0.0174458 -0.00575987 0.0157294 -0.0174458 0.0864925 
0.00967068 -0.0178695 0.00451327 -0.00575942 -0.0178695 0.0888071 -0.00576065 0.0157199 0.00451327 -0.00576065 0.00949896 -0.0174584 -0.00575942 0.0157199 -0.0174584 0.0866039 
0.00976885 -0.0179665 0.00458463 -0.00581109 -0.0179665 0.0888982 -0.00582354 0.0157932 0.00458463 -0.00582354 0.00940097 -0.0173282 -0.00581109 0.0157932 -0.0173282 0.0863014 
0.00984669 -0.0181188 0.0046383 -0.0059102 -0.0181188 0.0892817 -0.0059315 0.016015 0.0046383 -0.0059315 0.00933883 -0.0172291 -0.0059102 0.016015 -0.0172291 0.0860849 
0.0098615 -0.0182503 0.00461891 -0.00597711 -0.0182503 0.0897021 -0.00599941 0.0162233 0.00461891 -0.00599941 0.00933019 -0.0171197 -0.00597711 0.0162233 -0.0171197 0.0857866 
0.00983246 -0.0182409 0.00457944 -0.00595771 -0.0182409 0.0897926 -0.00597223 0.0162676 0.00457944 -0.00597223 0.00934447 -0.0171171 -0.00595771 0.0162676 -0.0171171 0.0856531 
0.00980998 -0.0181774 0.00455396 -0.00590732 -0.0181774 0.0896554 -0.00591101 0.0161719 0.00455396 -0.00591101 0.00932787 -0.017144 -0.00590732 0.0161719 -0.017144 0.0856525 
0.00979132 -0.0181691 0.00453245 -0.00586653 -0.0181691 0.0895835 -0.00586884 0.016049 0.00453245 -0.00586884 0.00929829 -0.0170826 -0.00586653 0.016049 -0.0170826 0.0855023 
0.00986586 -0.0181914 0.0045586 -0.00586325 -0.0181914 0.0897628 -0.00586392 0.0160204 0.0045586 -0.00586392 0.00925086 -0.0170926 -0.00586325 0.0160204 -0.0170926 0.0856177 
0.0098534 -0.0182102 0.00456044 -0.0058776 -0.0182102 0.0896666 -0.00588255 0.0160209 0.00456044 -0.00588255 0.00922358 -0.0169921 -0.0058776 0.0160209 -0.0169921 0.0853579 
0.00976582 -0.0181403 0.00453323 -0.00589597 -0.0181403 0.089447 -0.00590042 0.0160735 0.00453323 -0.00590042 0.00930091 -0.0169989 -0.00589597 0.0160735 -0.0169989 0.0852834 
0.00979773 -0.0180696 0.00455126 -0.00588013 -0.0180696 0.089335 -0.00587205 0.0160768 0.00455126 -0.00587205 0.00928845 -0.0171011 -0.00588013 0.0160768 -0.0171011 0.0854753 
0.00985454 -0.0180894 0.00460071 -0.00590194 -0.0180894 0.0892929 -0.00589168 0.016099 0.00460071 -0.00589168 0.00925553 -0.0171278 -0.00590194 0.016099 -0.0171278 0.0856823 
0.00985253 -0.0181794 0.00461227 -0.00595519 -0.0181794 0.0894691 -0.00595641 0.0162028 0.00461227 -0.00595641 0.00928489 -0.0170806 -0.00595519 0.0162028 -0.0170806 0.0856841 
0.00986888 -0.0181981 0.00464942 -0.00596988 -0.0181981 0.0896151 -0.00597298 0.01628 0.00464942 -0.00597298 0.00928638 -0.0170992 -0.00596988 0.01628 -0.0170992 0.0856792 
0.0098617 -0.0181746 0.00466146 -0.00600394 -0.0181746 0.0894966 -0.0060013 0.0163336 0.00466146 -0.0060013 0.00926962 -0.0170803 -0.00600394 0.0163336 -0.0170803 0.0855592 
0.00986297 -0.0182176 0.00463953 -0.00603736 -0.0182176 0.0896596 -0.0060335 0.0164326 0.00463953 -0.0060335 0.0092846 -0.0170956 -0.00603736 0.0164326 -0.0170956 0.085659 
0.00985724 -0.0181888 0.00461451 -0.00600105 -0.0181888 0.089599 -0.0059986 0.0164068 0.00461451 -0.0059986 0.00927341 -0.0170999 -0.00600105 0.0164068 -0.0170999 0.0856451 
0.00988618 -0.0182068 0.00460927 -0.00596815 -0.0182068 0.0896715 -0.00597117 0.016339 0.00460927 -0.00597117 0.00926299 -0.0171002 -0.00596815 0.016339 -0.0171002 0.0857035 
0.00989997 -0.0182363 0.0046186 -0.00593991 -0.0182363 0.0896728 -0.00594789 0.016247 0.0046186 -0.00594789 0.00922541 -0.0170234 -0.00593991 0.016247 -0.0170234 0.0854595 
0.00992325 -0.018285 0.00464026 -0.00596474 -0.018285 0.0898614 -0.0059722 0.0162651 0.00464026 -0.0059722 0.00921695 -0.0170064 -0.00596474 0.0162651 -0.0170064 0.0854261 
0.0099051 -0.0182598 0.00466913 -0.00599577 -0.0182598 0.0897997 -0.00599955 0.0163264 0.00466913 -0.00599955 0.00922368 -0.0170255 -0.00599577 0.0163264 -0.0170255 0.0854541 
0.00987717 -0.0182185 0.00465864 -0.00603548 -0.0182185 0.0896617 -0.00603407 0.0164125 0.00465864 -0.00603407 0.00923845 -0.0170346 -0.00603548 0.0164125 -0.0170346 0.0854637 
0.00986264 -0.0181861 0.00465913 -0.00604496 -0.0181861 0.0896217 -0.00604235 0.0164881 0.00465913 -0.00604235 0.00930534 -0.0171224 -0.00604496 0.0164881 -0.0171224 0.0857578 
0.00984982 -0.0181642 0.00465124 -0.00601163 -0.0181642 0.0894457 -0.00600794 0.0164231 0.00465124 -0.00600794 0.00928096 -0.0170923 -0.00601163 0.0164231 -0.0170923 0.0855792 
0.00988608 -0.0182249 0.00469369 -0.00601168 -0.0182249 0.0896574 -0.00600965 0.0164056 0.00469369 -0.00600965 0.00925274 -0.017075 -0.00601168 0.0164056 -0.017075 0.0855811 
0.00989367 -0.0182223 0.00472199 -0.00605883 -0.0182223 0.0896422 -0.00605641 0.0164653 0.00472199 -0.00605641 0.00921831 -0.0170475 -0.00605883 0.0164653 -0.0170475 0.0854983 
0.00996321 -0.0182461 0.0047455 -0.00610946 -0.0182461 0.0897302 -0.00610905 0.0166001 0.0047455 -0.00610905 0.00916306 -0.0170252 -0.00610946 0.0166001 -0.0170252 0.0854937 
0.0100312 -0.0183752 0.00476254 -0.00613271 -0.0183752 0.0900356 -0.00614209 0.0167055 0.00476254 -0.00614209 0.00910402 -0.0169109 -0.00613271 0.0167055 -0.0169109 0.0852665 
0.0100886 -0.0184014 0.0047656 -0.00613549 -0.0184014 0.0900434 -0.00615079 0.016737 0.0047656 -0.00615079 0.00900676 -0.0168008 -0.00613549 0.016737 -0.0168008 0.0848485 
0.0101272 -0.0184883 0.00476071 -0.00615578 -0.0184883 0.0902638 -0.00617789 0.0168052 0.00476071 -0.00617789 0.00899123 -0.0167378 -0.00615578 0.0168052 -0.0167378 0.0847245 
0.0101902 -0.0185698 0.00478846 -0.00615312 -0.0185698 0.0905734 -0.00617451 0.0168326 0.00478846 -0.00617451 0.00896263 -0.0167318 -0.00615312 0.0168326 -0.0167318 0.0847258 
0.0102263 -0.0186717 0.00480788 -0.00616939 -0.0186717 0.0908613 -0.00618845 0.0168399 0.00480788 -0.00618845 0.008929 -0.0166449 -0.00616939 0.0168399 -0.0166449 0.084518 
0.0102146 -0.0186734 0.00479451 -0.00619016 -0.0186734 0.0908647 -0.00620103 0.016863 0.00479451 -0.00620103 0.00889798 -0.0165852 -0.00619016 0.016863 -0.0165852 0.0842499 
0.0102 -0.0186671 0.0047991 -0.0061829 -0.0186671 0.0908467 -0.00618527 0.0168641 0.0047991 -0.00618527 0.00887848 -0.0165357 -0.0061829 0.0168641 -0.0165357 0.0840535 
0.0102233 -0.0186309 0.0048303 -0.00621079 -0.0186309 0.0908009 -0.00620474 0.016914 0.0048303 -0.00620474 0.00886207 -0.0165756 -0.00621079 0.016914 -0.0165756 0.0841665 
0.0102324 -0.0186279 0.0048356 -0.00625448 -0.0186279 0.0907262 -0.00624752 0.0170086 0.0048356 -0.00624752 0.00884921 -0.0165803 -0.00625448 0.0170086 -0.0165803 0.0842555 
0.0102314 -0.0186094 0.00484253 -0.00626642 -0.0186094 0.0906311 -0.00626447 0.0170828 0.00484253 -0.00626447 0.00885211 -0.0165945 -0.00626642 0.0170828 -0.0165945 0.0843401 
0.0102502 -0.018651 0.00484889 -0.00628485 -0.018651 0.0907992 -0.00628881 0.0171559 0.00484889 -0.00628881 0.00888414 -0.0166366 -0.00628485 0.0171559 -0.0166366 0.0845724 
0.0101953 -0.0186635 0.00482288 -0.00625028 -0.0186635 0.0907345 -0.00625641 0.0170857 0.00482288 -0.00625641 0.00888247 -0.0165424 -0.00625028 0.0170857 -0.0165424 0.0842141 
0.0101039 -0.0186123 0.00476662 -0.00623455 -0.0186123 0.0906899 -0.00623452 0.0170381 0.00476662 -0.00623452 0.00894477 -0.0165665 -0.00623455 0.0170381 -0.0165665 0.0841739 
0.0100528 -0.0184959 0.00470011 -0.00618661 -0.0184959 0.0905181 -0.00617211 0.0169503 0.00470011 -0.00617211 0.00899962 -0.0166866 -0.00618661 0.0169503 -0.0166866 0.0844552 
0.0100949 -0.0184315 0.00471128 -0.00609962 -0.0184315 0.0903374 -0.00608326 0.0167642 0.00471128 -0.00608326 0.00895517 -0.0167479 -0.00609962 0.0167642 -0.0167479 0.0846785 
0.0102044 -0.0184403 0.0047549 -0.00608987 -0.0184403 0.0901656 -0.0060856 0.0166535 0.0047549 -0.0060856 0.00881543 -0.0166619 -0.00608987 0.0166535 -0.0166619 0.0845261 
0.0103102 -0.0186359 0.0048045 -0.00613641 -0.0186359 0.0905219 -0.00615623 0.0167263 0.0048045 -0.00615623 0.00870282 -0.0164423 -0.00613641 0.0167263 -0.0164423 0.084064 
0.0104001 -0.0187354 0.00484675 -0.00620023 -0.0187354 0.0907772 -0.00623104 0.0168885 0.00484675 -0.00623104 0.00858841 -0.0163007 -0.00620023 0.0168885 -0.0163007 0.0835909 
0.010465 -0.0188658 0.0048848 -0.0062873 -0.0188658 0.0912095 -0.0063205 0.0171368 0.0048848 -0.0063205 0.00856833 -0.0162497 -0.0062873 0.0171368 -0.0162497 0.0835524 
0.0104261 -0.0188984 0.00488342 -0.0063116 -0.0188984 0.091261 -0.00634247 0.0172465 0.00488342 -0.00634247 0.00858436 -0.0161546 -0.0063116 0.0172465 -0.0161546 0.083189 
0.0104513 -0.018872 0.00489819 -0.00634389 -0.018872 0.0913525 -0.00635966 0.017351 0.00489819 -0.00635966 0.0086114 -0.0162481 -0.00634389 0.017351 -0.0162481 0.0833746 
0.0104243 -0.0189026 0.00485605 -0.00633188 -0.0189026 0.0913182 -0.0063376 0.0173223 0.00485605 -0.0063376 0.00860927 -0.0161905 -0.00633188 0.0173223 -0.0161905 0.0831769 
0.0104928 -0.0189521 0.00483581 -0.00629464 -0.0189521 0.0916018 -0.00629519 0.0172647 0.00483581 -0.00629519 0.00857256 -0.0162149 -0.00629464 0.0172647 -0.0162149 0.0832691 
0.0105111 -0.0189549 0.004829 -0.00625092 -0.0189549 0.0915254 -0.0062548 0.0171409 0.004829 -0.0062548 0.00851645 -0.0161692 -0.00625092 0.0171409 -0.0161692 0.0831577 
0.0104796 -0.0190323 0.00484453 -0.00624066 -0.0190323 0.09174 -0.00625188 0.0170833 0.00484453 -0.00625188 0.00853219 -0.0160914 -0.00624066 0.0170833 -0.0160914 0.0830209 
0.0103895 -0.0189714 0.00482011 -0.00625424 -0.0189714 0.0916439 -0.00625683 0.0170665 0.00482011 -0.00625683 0.00856761 -0.0160577 -0.00625424 0.0170665 -0.0160577 0.0827743 
0.0103241 -0.0188801 0.00480417 -0.0062558 -0.0188801 0.0915187 -0.0062385 0.0170837 0.00480417 -0.0062385 0.00861997 -0.0161158 -0.0062558 0.0170837 -0.0161158 0.0828485 
0.0103347 -0.0187673 0.00478634 -0.00624167 -0.0187673 0.0911944 -0.00620824 0.0170532 0.00478634 -0.00620824 0.00859063 -0.0161608 -0.00624167 0.0170532 -0.0161608 0.0829012 
0.0103767 -0.0187468 0.0047993 -0.00623738 -0.0187468 0.0910126 -0.00620645 0.0170566 0.0047993 -0.00620645 0.00855761 -0.0161829 -0.00623738 0.0170566 -0.0161829 0.0830635 
0.0104043 -0.0187493 0.00481779 -0.00625748 -0.0187493 0.0909027 -0.00624099 0.0171134 0.00481779 -0.00624099 0.00853005 -0.0162008 -0.00625748 0.0171134 -0.0162008 0.0832267 
0.0104626 -0.0188032 0.00480796 -0.00627327 -0.0188032 0.0909963 -0.00627303 0.0171793 0.00480796 -0.00627303 0.00848021 -0.016162 -0.00627327 0.0171793 -0.016162 0.0832376 
0.0104648 -0.0188265 0.00477134 -0.00624639 -0.0188265 0.0909491 -0.00626151 0.017167 0.00477134 -0.00626151 0.00844576 -0.0160877 -0.00624639 0.017167 -0.0160877 0.0830351 
0.0104968 -0.0188815 0.00475991 -0.006206 -0.0188815 0.091153 -0.0062311 0.0171113 0.00475991 -0.0062311 0.00843226 -0.0160595 -0.006206 0.0171113 -0.0160595 0.08299 
0.0104731 -0.0189156 0.0047276 -0.0061765 -0.0189156 0.0912518 -0.00620165 0.0170187 0.0047276 -0.00620165 0.00844237 -0.0160165 -0.0061765 0.0170187 -0.0160165 0.082849 
0.0104564 -0.0188457 0.00472512 -0.0061467 -0.0188457 0.0911202 -0.00616564 0.0169363 0.00472512 -0.00616564 0.00844631 -0.0160565 -0.0061467 0.0169363 -0.0160565 0.0828743 
0.010506 -0.0189356 0.00474654 -0.00613819 -0.0189356 0.0914152 -0.0061525 0.0168796 0.00474654 -0.0061525 0.00842465 -0.016017 -0.00613819 0.0168796 -0.016017 0.0828611 
0.0105144 -0.0189043 0.00472897 -0.00614636 -0.0189043 0.0912363 -0.00615565 0.0168438 0.00472897 -0.00615565 0.00835817 -0.0159374 -0.00614636 0.0168438 -0.0159374 0.0825122 
0.0105572 -0.0189542 0.00475793 -0.00616194 -0.0189542 0.0914043 -0.00617308 0.0169094 0.00475793 -0.00617308 0.00834315 -0.0159316 -0.00616194 0.0169094 -0.0159316 0.0825723 
0.010569 -0.0189755 0.00478007 -0.00617683 -0.0189755 0.0913871 -0.00619037 0.0169346 0.00478007 -0.00619037 0.00830689 -0.0158557 -0.00617683 0.0169346 -0.0158557 0.0823212 
0.0105564 -0.0190489 0.00477086 -0.00621483 -0.0190489 0.0916325 -0.0062261 0.0170191 0.00477086 -0.0062261 0.0083466 -0.0158095 -0.00621483 0.0170191 -0.0158095 0.0822011 
0.0105479 -0.0190818 0.00475131 -0.00620671 -0.0190818 0.0918714 -0.0062071 0.0170363 0.00475131 -0.0062071 0.0083714 -0.0158294 -0.00620671 0.0170363 -0.0158294 0.0821784 
0.0105914 -0.0189924 0.00477745 -0.00617544 -0.0189924 0.0916247 -0.00616156 0.016957 0.00477745 -0.00616156 0.00830547 -0.0158526 -0.00617544 0.016957 -0.0158526 0.0821202 
0.010621 -0.0190871 0.00479386 -0.00621713 -0.0190871 0.0917807 -0.00620502 0.0169979 0.00479386 -0.00620502 0.00828992 -0.0158033 -0.00621713 0.0169979 -0.0158033 0.0821404 
0.0106054 -0.0190785 0.0048125 -0.00624323 -0.0190785 0.0917652 -0.00623448 0.0170794 0.0048125 -0.00623448 0.0082987 -0.0158079 -0.00624323 0.0170794 -0.0158079 0.0821389 
0.0105567 -0.0190789 0.00478967 -0.00627472 -0.0190789 0.0918088 -0.00626423 0.0171667 0.00478967 -0.00626423 0.00835765 -0.0158318 -0.00627472 0.0171667 -0.0158318 0.0822347 
0.0105243 -0.0189796 0.00474494 -0.00626158 -0.0189796 0.0916279 -0.00624413 0.017191 0.00474494 -0.00624413 0.00839589 -0.0159526 -0.00626158 0.017191 -0.0159526 0.0825347 
0.0104898 -0.0189297 0.00466877 -0.00618609 -0.0189297 0.0913965 -0.00616853 0.0170492 0.00466877 -0.00616853 0.0083911 -0.0159596 -0.00618609 0.0170492 -0.0159596 0.0825857 
0.0104484 -0.0188328 0.00463261 -0.00608781 -0.0188328 0.0910598 -0.00607974 0.0168351 0.00463261 -0.00607974 0.00838773 -0.0159807 -0.00608781 0.0168351 -0.0159807 0.0826311 
0.010449 -0.0188358 0.0045804 -0.00603048 -0.0188358 0.091026 -0.00603186 0.0166507 0.0045804 -0.00603186 0.00838145 -0.0159404 -0.00603048 0.0166507 -0.0159404 0.0825705 
0.0104707 -0.0188499 0.00454662 -0.00598111 -0.0188499 0.0911197 -0.00598683 0.0165321 0.00454662 -0.00598683 0.00839282 -0.0159707 -0.00598111 0.0165321 -0.0159707 0.0826911 
0.0104494 -0.0188374 0.00451768 -0.00592627 -0.0188374 0.0910469 -0.00593583 0.0163879 0.00451768 -0.00593583 0.00839718 -0.0159753 -0.00592627 0.0163879 -0.0159753 0.0826918 
0.0104504 -0.0188086 0.00453097 -0.00588817 -0.0188086 0.0909664 -0.00589864 0.0162657 0.00453097 -0.00589864 0.00837273 -0.0159749 -0.00588817 0.0162657 -0.0159749 0.0826785 
0.0104582 -0.0188483 0.00454895 -0.00589485 -0.0188483 0.0910502 -0.00590672 0.0162198 0.00454895 -0.00590672 0.00835391 -0.0159021 -0.00589485 0.0162198 -0.0159021 0.0825145 
0.0104844 -0.0188471 0.00458541 -0.00591714 -0.0188471 0.0910253 -0.00592357 0.0162414 0.00458541 -0.00592357 0.00829729 -0.0158336 -0.00591714 0.0162414 -0.0158336 0.0822259 
0.0105162 -0.0188862 0.00462414 -0.00600297 -0.0188862 0.0911839 -0.00600493 0.0164303 0.00462414 -0.00600493 0.0083034 -0.0158466 -0.00600297 0.0164303 -0.0158466 0.0823357 
0.0105122 -0.01889 0.00460746 -0.00604788 -0.01889 0.0911594 -0.00604907 0.0165839 0.00460746 -0.00604907 0.00829808 -0.0158297 -0.00604788 0.0165839 -0.0158297 0.0822692 
0.0105569 -0.0188615 0.0045755 -0.0060359 -0.0188615 0.0910708 -0.0060388 0.0166388 0.0045755 -0.0060388 0.0082469 -0.0158456 -0.0060359 0.0166388 -0.0158456 0.0822924 
0.0106189 -0.0189446 0.00456521 -0.00596981 -0.0189446 0.0911714 -0.00598769 0.0165371 0.00456521 -0.00598769 0.00817165 -0.0157345 -0.00596981 0.0165371 -0.0157345 0.0820527 
0.0105838 -0.0190008 0.00454963 -0.00594075 -0.0190008 0.0912541 -0.00597243 0.0164396 0.00454963 -0.00597243 0.008184 -0.0156275 -0.00594075 0.0164396 -0.0156275 0.0817137 
0.010625 -0.0190731 0.00457523 -0.00592881 -0.0190731 0.0916564 -0.00595244 0.0163861 0.00457523 -0.00595244 0.00817655 -0.0156249 -0.00592881 0.0163861 -0.0156249 0.0816516 
0.0106637 -0.0190406 0.00458409 -0.0059632 -0.0190406 0.0915747 -0.00597125 0.0163977 0.00458409 -0.00597125 0.0081185 -0.0156219 -0.0059632 0.0163977 -0.0156219 0.0815745 
0.0107089 -0.0191393 0.00462314 -0.00597784 -0.0191393 0.0917848 -0.00598339 0.0164385 0.00462314 -0.00598339 0.00809622 -0.0155338 -0.00597784 0.0164385 -0.0155338 0.0814262 
0.0107019 -0.0190655 0.00466575 -0.00604906 -0.0190655 0.0915351 -0.00605108 0.0165831 0.00466575 -0.00605108 0.00810075 -0.0155777 -0.00604906 0.0165831 -0.0155777 0.0814362 
0.0107667 -0.0191563 0.00469856 -0.00611863 -0.0191563 0.0918144 -0.00611989 0.0167801 0.00469856 -0.00611989 0.0080964 -0.0156169 -0.00611863 0.0167801 -0.0156169 0.0816812 
0.0107652 -0.019216 0.00468016 -0.00611401 -0.019216 0.0918736 -0.00611957 0.0168049 0.00468016 -0.00611957 0.0080571 -0.0155128 -0.00611401 0.0168049 -0.0155128 0.081364 
0.0108091 -0.0193069 0.00466693 -0.00610866 -0.0193069 0.0922895 -0.00611451 0.0168186 0.00466693 -0.00611451 0.00805367 -0.0155008 -0.00610866 0.0168186 -0.0155008 0.0813866 
0.0108011 -0.0192706 0.00467124 -0.00607613 -0.0192706 0.0921678 -0.00607974 0.016744 0.00467124 -0.00607974 0.00801742 -0.0154804 -0.00607613 0.016744 -0.0154804 0.0812396 
0.0108023 -0.0192726 0.00468684 -0.00608513 -0.0192726 0.092147 -0.00608792 0.016726 0.00468684 -0.00608792 0.00799511 -0.0154466 -0.00608513 0.016726 -0.0154466 0.0811661 
0.0108004 -0.019287 0.00470523 -0.0061372 -0.019287 0.0922696 -0.00613786 0.0168401 0.00470523 -0.00613786 0.00801785 -0.0154881 -0.0061372 0.0168401 -0.0154881 0.0813751 
0.0108188 -0.0192867 0.00469183 -0.00614249 -0.0192867 0.0922688 -0.0061412 0.0168784 0.00469183 -0.0061412 0.00798091 -0.015451 -0.00614249 0.0168784 -0.015451 0.0812731 
0.0108278 -0.0192711 0.00468525 -0.00612167 -0.0192711 0.0921412 -0.00612271 0.0168603 0.00468525 -0.00612271 0.00794412 -0.0153846 -0.00612167 0.0168603 -0.0153846 0.0810505 
0.0109086 -0.0193027 0.0047155 -0.00613023 -0.0193027 0.0922256 -0.00613448 0.0168865 0.0047155 -0.00613448 0.00788574 -0.0153705 -0.00613023 0.0168865 -0.0153705 0.0810279 
0.010997 -0.0194087 0.00471296 -0.00613511 -0.0194087 0.09236 -0.0061473 0.0168835 0.00471296 -0.0061473 0.00778082 -0.0152231 -0.00613511 0.0168835 -0.0152231 0.0806226 
0.0110029 -0.0195457 0.00470806 -0.0061536 -0.0195457 0.0927502 -0.00617505 0.0169537 0.00470806 -0.00617505 0.00779691 -0.0151466 -0.0061536 0.0169537 -0.0151466 0.0804697 
0.0109959 -0.0195262 0.00471984 -0.00615499 -0.0195262 0.0928428 -0.00616978 0.0169825 0.00471984 -0.00616978 0.00781022 -0.0151851 -0.00615499 0.0169825 -0.0151851 0.0804805 
0.0110642 -0.0195541 0.0047364 -0.00617042 -0.0195541 0.0929903 -0.00617477 0.0169976 0.0047364 -0.00617477 0.00776116 -0.0152044 -0.00617042 0.0169976 -0.0152044 0.0805845 
0.0110494 -0.0195968 0.00473452 -0.00617768 -0.0195968 0.0929944 -0.00618256 0.0170023 0.00473452 -0.00618256 0.00774344 -0.0151185 -0.00617768 0.0170023 -0.0151185 0.080404 
0.0110693 -0.019568 0.00474361 -0.00619517 -0.019568 0.0929692 -0.00619808 0.0170548 0.00474361 -0.00619808 0.00772152 -0.0151241 -0.00619517 0.0170548 -0.0151241 0.080378 
0.0110821 -0.0195628 0.00471809 -0.00619881 -0.0195628 0.0928421 -0.00620164 0.0170724 0.00471809 -0.00620164 0.00768679 -0.0150708 -0.00619881 0.0170724 -0.0150708 0.0802046 
0.0110445 -0.0196122 0.00468923 -0.00617221 -0.0196122 0.0929543 -0.00618006 0.0170558 0.00468923 -0.00618006 0.0077281 -0.0150373 -0.00617221 0.0170558 -0.0150373 0.0801259 
0.0110171 -0.0195993 0.00469237 -0.00613403 -0.0195993 0.0930509 -0.00613513 0.0169688 0.00469237 -0.00613513 0.00777832 -0.01508 -0.00613403 0.0169688 -0.01508 0.0801753 
0.0110133 -0.0195476 0.00465978 -0.00612736 -0.0195476 0.0929312 -0.0061145 0.0168861 0.00465978 -0.0061145 0.00776629 -0.0151228 -0.00612736 0.0168861 -0.0151228 0.0802135 
0.0110003 -0.0195159 0.00465648 -0.00610022 -0.0195159 0.092791 -0.00608352 0.0168265 0.00465648 -0.00608352 0.00776832 -0.0151374 -0.00610022 0.0168265 -0.0151374 0.0802994 
0.0110168 -0.0195038 0.00468342 -0.00611904 -0.0195038 0.0928039 -0.00610429 0.016858 0.00468342 -0.00610429 0.00779939 -0.015211 -0.00611904 0.016858 -0.015211 0.0806062 
0.0110122 -0.0194495 0.00473585 -0.00613751 -0.0194495 0.0925302 -0.00612595 0.016891 0.00473585 -0.00612595 0.00779447 -0.0152277 -0.00613751 0.016891 -0.0152277 0.0806305 
0.0110984 -0.0195201 0.00478649 -0.00620535 -0.0195201 0.0926993 -0.00619741 0.0170217 0.00478649 -0.00619741 0.00773343 -0.0152274 -0.00620535 0.0170217 -0.0152274 0.0807175 
0.0111581 -0.0195976 0.00480109 -0.0062706 -0.0195976 0.0928468 -0.00627262 0.0172017 0.00480109 -0.00627262 0.00766824 -0.0151739 -0.0062706 0.0172017 -0.0151739 0.080679 
0.0111642 -0.019678 0.00477003 -0.00627635 -0.019678 0.0930245 -0.00629281 0.0172899 0.00477003 -0.00629281 0.00764933 -0.0150655 -0.00627635 0.0172899 -0.0150655 0.0804257 
0.0111557 -0.0197383 0.00474509 -0.00623403 -0.0197383 0.0933069 -0.00625678 0.0172553 0.00474509 -0.00625678 0.00766847 -0.0150271 -0.00623403 0.0172553 -0.0150271 0.080277 
0.0111498 -0.0197136 0.00476009 -0.00621546 -0.0197136 0.0933868 -0.00622878 0.0172019 0.00476009 -0.00622878 0.00769605 -0.0150891 -0.00621546 0.0172019 -0.0150891 0.0804011 
0.0110966 -0.0196514 0.004755 -0.00620628 -0.0196514 0.0931157 -0.00620976 0.0171153 0.004755 -0.00620976 0.00769756 -0.0150575 -0.00620628 0.0171153 -0.0150575 0.0802145 
0.0111293 -0.0196504 0.00477343 -0.00623433 -0.0196504 0.0932103 -0.00622983 0.0171636 0.00477343 -0.00622983 0.00769108 -0.015119 -0.00623433 0.0171636 -0.015119 0.0804273 
0.0111761 -0.0196752 0.00478872 -0.00625082 -0.0196752 0.093244 -0.00624604 0.0172042 0.00478872 -0.00624604 0.0076492 -0.0150949 -0.00625082 0.0172042 -0.0150949 0.0804443 
0.0111794 -0.019677 0.00477546 -0.00625004 -0.019677 0.0930926 -0.00625271 0.0172075 0.00477546 -0.00625271 0.00760003 -0.0149931 -0.00625004 0.0172075 -0.0149931 0.0801098 
0.0111973 -0.0197583 0.00478432 -0.00625601 -0.0197583 0.0933774 -0.00626593 0.0172582 0.00478432 -0.00626593 0.00762065 -0.0149675 -0.00625601 0.0172582 -0.0149675 0.080085 
0.0111705 -0.0197773 0.00476408 -0.00626536 -0.0197773 0.0935195 -0.00627184 0.0172834 0.00476408 -0.00627184 0.00766062 -0.0149938 -0.00626536 0.0172834 -0.0149938 0.080119 
0.0111067 -0.0196778 0.00477364 -0.00623967 -0.0196778 0.093264 -0.00623713 0.0172413 0.00477364 -0.00623713 0.00768545 -0.0150457 -0.00623967 0.0172413 -0.0150457 0.0801585 
0.0111127 -0.0196344 0.00476521 -0.00623483 -0.0196344 0.0931044 -0.00622402 0.0171755 0.00476521 -0.00622402 0.00765033 -0.0150229 -0.00623483 0.0171755 -0.0150229 0.080066 
0.0111365 -0.0196555 0.00475469 -0.00625143 -0.0196555 0.0931598 -0.00624122 0.0172168 0.00475469 -0.00624122 0.00763844 -0.0150309 -0.00625143 0.0172168 -0.0150309 0.0801729 
0.0111622 -0.0196721 0.00474788 -0.00624828 -0.0196721 0.0932281 -0.00624474 0.017253 0.00474788 -0.00624474 0.00763768 -0.0150426 -0.00624828 0.017253 -0.0150426 0.0802882 
0.011171 -0.0196628 0.00474717 -0.00620989 -0.0196628 0.0930872 -0.00621346 0.0171786 0.00474717 -0.00621346 0.00759579 -0.0149787 -0.00620989 0.0171786 -0.0149787 0.0800481 
0.0112442 -0.0197157 0.00478578 -0.00622754 -0.0197157 0.0932534 -0.0062356 0.0172005 0.00478578 -0.0062356 0.00754852 -0.0149681 -0.00622754 0.0172005 -0.0149681 0.0800663 
0.0112733 -0.0197552 0.00480558 -0.00625287 -0.0197552 0.0932156 -0.00626712 0.0172362 0.00480558 -0.00626712 0.00749217 -0.0148637 -0.00625287 0.0172362 -0.0148637 0.0797509 
0.011307 -0.0198228 0.00484159 -0.00629493 -0.0198228 0.0934033 -0.00631302 0.0173507 0.00484159 -0.00631302 0.00747047 -0.0148192 -0.00629493 0.0173507 -0.0148192 0.0796221 
0.0113311 -0.019851 0.00487114 -0.00634583 -0.019851 0.0934977 -0.00636145 0.0174823 0.00487114 -0.00636145 0.00745553 -0.0148077 -0.00634583 0.0174823 -0.0148077 0.0795673 
0.0113658 -0.0199739 0.00490868 -0.0063869 -0.0199739 0.0939403 -0.00640013 0.0175996 0.00490868 -0.00640013 0.00749657 -0.0147935 -0.0063869 0.0175996 -0.0147935 0.0796329 
0.0113818 -0.0199754 0.00492047 -0.00641016 -0.0199754 0.0939833 -0.00641408 0.0176409 0.00492047 -0.00641408 0.00748257 -0.0148024 -0.00641016 0.0176409 -0.0148024 0.0795275 
0.0114066 -0.0200157 0.00494958 -0.00643724 -0.0200157 0.0941212 -0.0064343 0.0177053 0.00494958 -0.0064343 0.00749398 -0.0148269 -0.00643724 0.0177053 -0.0148269 0.0796348 
