0.0075041 0 -0.00323498 0 0 0.0100036 0 0 -0.00323498 0 0.00594186 0 0 0 0 0.0100036 
0.0106203 -0.013165 -0.00451039 0.00555815 -0.013165 0.0344052 0.00555815 -0.0106576 -0.00451039 0.00555815 0.00838397 -0.0104076 0.00555815 -0.0106576 -0.0104076 0.0291171 
0.0105572 -0.0195083 -0.00420802 0.00721429 -0.0195083 0.0714186 0.00721429 -0.0230251 -0.00420802 0.00721429 0.00839289 -0.0156658 0.00721429 -0.0230251 -0.0156658 0.0591409 
0.00987284 -0.0187703 -0.00371242 0.00567853 -0.0187703 0.0835066 0.00566853 -0.0209113 -0.00371242 0.00566853 0.00799571 -0.0157242 0.00567853 -0.0209113 -0.0157242 0.072003 
0.00984954 -0.0181311 -0.00371536 0.00485403 -0.0181311 0.0865691 0.00483018 -0.0163933 -0.00371536 0.00483018 0.00803752 -0.0156133 0.00485403 -0.0163933 -0.0156133 0.0776075 
0.0100531 -0.0181901 -0.0038388 0.00486174 -0.0181901 0.0882406 0.00483323 -0.014361 -0.0038388 0.00483323 0.00815165 -0.0156889 0.00486174 -0.014361 -0.0156889 0.0804369 
0.0101343 -0.0182243 -0.00391612 0.00508259 -0.0182243 0.0887954 0.00505494 -0.0141328 -0.00391612 0.00505494 0.00824374 -0.0158189 0.00508259 -0.0141328 -0.0158189 0.0818244 
0.0101549 -0.0182098 -0.00396931 0.00520681 -0.0182098 0.0888182 0.00519199 -0.0143769 -0.00396931 0.00519199 0.00828619 -0.0158236 0.00520681 -0.0143769 -0.0158236 0.0821835 
0.0101663 -0.0182318 -0.00399021 0.00527403 -0.0182318 0.0888135 0.00527167 -0.0146167 -0.00399021 0.00527167 0.00830263 -0.0157789 0.00527403 -0.0146167 -0.0157789 0.0820734 
0.0101748 -0.0182911 -0.00401967 0.00532459 -0.0182911 0.0890504 0.00532519 -0.0148272 -0.00401967 0.00532519 0.00838132 -0.0158366 0.00532459 -0.0148272 -0.0158366 0.0822442 
0.010175 -0.0183087 -0.00401761 0.00534058 -0.0183087 0.0891243 0.005335 -0.0148971 -0.00401761 0.005335 0.00840938 -0.0158824 0.00534058 -0.0148971 -0.0158824 0.0822629 
0.0102148 -0.0183242 -0.00401755 0.00531017 -0.0183242 0.0891076 0.00529685 -0.0148272 -0.00401755 0.00529685 0.00835438 -0.0158469 0.00531017 -0.0148272 -0.0158469 0.0820562 
0.0102781 -0.0184111 -0.00401956 0.00532588 -0.0184111 0.0893942 0.0053144 -0.0148377 -0.00401956 0.0053144 0.0083356 -0.015874 0.00532588 -0.0148377 -0.015874 0.082244 
0.0102859 -0.018393 -0.00400763 0.00531664 -0.018393 0.0892739 0.00531569 -0.0148252 -0.00400763 0.00531569 0.00829989 -0.0158718 0.00531664 -0.0148252 -0.0158718 0.0822501 
0.0103237 -0.0184424 -0.00402947 0.00529523 -0.0184424 0.0893871 0.00530762 -0.0147941 -0.00402947 0.00530762 0.00826548 -0.0158331 0.00529523 -0.0147941 -0.0158331 0.0822303 
0.0103108 -0.0184441 -0.00406113 0.00533417 -0.0184441 0.0894051 0.0053562 -0.0148628 -0.00406113 0.0053562 0.00829036 -0.0158637 0.00533417 -0.0148628 -0.0158637 0.082376 
0.0103288 -0.0185077 -0.00405534 0.00536005 -0.0185077 0.0896292 0.0053831 -0.0149234 -0.00405534 0.0053831 0.00829525 -0.0158306 0.00536005 -0.0149234 -0.0158306 0.0823244 
0.0103761 -0.0186232 -0.00405699 0.00533616 -0.0186232 0.0900348 0.00535335 -0.0148844 -0.00405699 0.00535335 0.00826624 -0.0157613 0.00533616 -0.0148844 -0.0157613 0.0821181 
0.0104333 -0.0186414 -0.00409183 0.00533075 -0.0186414 0.0901161 0.00533736 -0.0148267 -0.00409183 0.00533736 0.00818965 -0.015708 0.00533075 -0.0148267 -0.015708 0.0818692 
0.0105002 -0.0187356 -0.0040936 0.00540013 -0.0187356 0.0904201 0.00540376 -0.0149412 -0.0040936 0.00540376 0.00815931 -0.0156921 0.00540013 -0.0149412 -0.0156921 0.0819541 
0.0105259 -0.0187488 -0.00407149 0.0054019 -0.0187488 0.0904133 0.00540979 -0.0150088 -0.00407149 0.00540979 0.00812649 -0.0156532 0.0054019 -0.0150088 -0.0156532 0.0818495 
0.0105587 -0.0188019 -0.00406036 0.00536147 -0.0188019 0.0905039 0.00537656 -0.0149593 -0.00406036 0.00537656 0.00808829 -0.0155809 0.00536147 -0.0149593 -0.0155809 0.0816405 
0.0105793 -0.0188177 -0.00405318 0.00536082 -0.0188177 0.0905681 0.00537841 -0.0149503 -0.00405318 0.00537841 0.00807924 -0.0155966 0.00536082 -0.0149503 -0.0155966 0.0816896 
0.0105802 -0.0188004 -0.00405048 0.00535283 -0.0188004 0.0904791 0.00537045 -0.0149367 -0.00405048 0.00537045 0.00805614 -0.0155989 0.00535283 -0.0149367 -0.0155989 0.0817054 
0.0105714 -0.0188634 -0.00400722 0.00533315 -0.0188634 0.0906274 0.0053546 -0.0148861 -0.00400722 0.0053546 0.00805555 -0.0155244 0.00533315 -0.0148861 -0.0155244 0.0815514 
0.0105215 -0.0188492 -0.00398137 0.00527461 -0.0188492 0.0906311 0.00529001 -0.0147605 -0.00398137 0.00529001 0.0080735 -0.0154891 0.00527461 -0.0147605 -0.0154891 0.0813451 
0.0105162 -0.0188346 -0.00398794 0.00525062 -0.0188346 0.0907086 0.00524819 -0.0146482 -0.00398794 0.00524819 0.00809605 -0.0155094 0.00525062 -0.0146482 -0.0155094 0.0813511 
0.0105226 -0.0187898 -0.00399586 0.00525964 -0.0187898 0.0905562 0.00523922 -0.0145945 -0.00399586 0.00523922 0.00806973 -0.0155159 0.00525964 -0.0145945 -0.0155159 0.0812936 
0.0105758 -0.0188158 -0.00401166 0.0053001 -0.0188158 0.090656 0.00527506 -0.0146777 -0.00401166 0.00527506 0.00806032 -0.0155605 0.0053001 -0.0146777 -0.0155605 0.0815419 
0.0106007 -0.018811 -0.00403284 0.00531653 -0.018811 0.0905494 0.00530214 -0.014755 -0.00403284 0.00530214 0.00803178 -0.0155597 0.00531653 -0.014755 -0.0155597 0.0815968 
0.0105924 -0.0188493 -0.00398715 0.00532495 -0.0188493 0.0905409 0.00532504 -0.0147956 -0.00398715 0.00532504 0.00801022 -0.0154809 0.00532495 -0.0147956 -0.0154809 0.0813962 
0.0105886 -0.0188438 -0.00400149 0.00527964 -0.0188438 0.0905696 0.00528528 -0.0147675 -0.00400149 0.00528528 0.00800689 -0.015478 0.00527964 -0.0147675 -0.015478 0.0813619 
0.0105655 -0.0187437 -0.00404833 0.00530914 -0.0187437 0.0902667 0.00531203 -0.0147993 -0.00404833 0.00531203 0.00801034 -0.0155328 0.00530914 -0.0147993 -0.0155328 0.0814769 
0.0106282 -0.0188346 -0.00407024 0.00536934 -0.0188346 0.0905348 0.00537431 -0.0149199 -0.00407024 0.00537431 0.00800332 -0.0155168 0.00536934 -0.0149199 -0.0155168 0.0815941 
0.0106155 -0.0188217 -0.00407318 0.00539686 -0.0188217 0.0904354 0.00540841 -0.0150324 -0.00407318 0.00540841 0.00800926 -0.0155106 0.00539686 -0.0150324 -0.0155106 0.0815322 
0.0106407 -0.018838 -0.00408913 0.00540166 -0.018838 0.0904935 0.00541664 -0.0150893 -0.00408913 0.00541664 0.00800784 -0.0155208 0.00540166 -0.0150893 -0.0155208 0.0815543 
0.0106661 -0.0189279 -0.00410538 0.00539826 -0.0189279 0.0907315 0.00541704 -0.0150764 -0.00410538 0.00541704 0.00799302 -0.0154693 0.00539826 -0.0150764 -0.0154693 0.0814255 
0.0106767 -0.0189845 -0.00412125 0.00540735 -0.0189845 0.0909452 0.00542319 -0.015064 -0.00412125 0.00542319 0.00798825 -0.0154251 0.00540735 -0.015064 -0.0154251 0.0812563 
0.0106407 -0.0189613 -0.00412836 0.00544324 -0.0189613 0.0909411 0.00544858 -0.0151223 -0.00412836 0.00544858 0.0080217 -0.0154583 0.00544324 -0.0151223 -0.0154583 0.081282 
0.010642 -0.0189468 -0.00416383 0.00545741 -0.0189468 0.0909759 0.00545139 -0.0151613 -0.00416383 0.00545139 0.00803719 -0.0155038 0.00545741 -0.0151613 -0.0155038 0.0814069 
0.0106194 -0.0188872 -0.0041637 0.00552513 -0.0188872 0.0908406 0.00551202 -0.015298 -0.0041637 0.00551202 0.00807544 -0.0156058 0.00552513 -0.015298 -0.0156058 0.0817502 
0.010587 -0.01881 -0.00415152 0.00552334 -0.01881 0.0905519 0.00551422 -0.0153602 -0.00415152 0.00551422 0.00809138 -0.0156558 0.00552334 -0.0153602 -0.0156558 0.0819164 
0.0105681 -0.0188267 -0.0041071 0.00548667 -0.0188267 0.0905372 0.00548953 -0.0153088 -0.0041071 0.00548953 0.00808697 -0.0156264 0.00548667 -0.0153088 -0.0156264 0.0818767 
0.0105363 -0.018803 -0.00412959 0.00543394 -0.018803 0.0905327 0.0054444 -0.0152137 -0.00412959 0.0054444 0.00810877 -0.0156423 0.00543394 -0.0152137 -0.0156423 0.0819285 
0.0104913 -0.0187942 -0.00414417 0.00545155 -0.0187942 0.0905624 0.00546007 -0.0151763 -0.00414417 0.00546007 0.00814587 -0.0156392 0.00545155 -0.0151763 -0.0156392 0.0819193 
0.0104353 -0.0186965 -0.00416069 0.00545873 -0.0186965 0.090262 0.0054563 -0.0151593 -0.00416069 0.0054563 0.00815001 -0.0156101 0.00545873 -0.0151593 -0.0156101 0.0816618 
0.0104729 -0.0186972 -0.00416919 0.00549445 -0.0186972 0.0902824 0.00548064 -0.0152131 -0.00416919 0.00548064 0.00813844 -0.0156025 0.00549445 -0.0152131 -0.0156025 0.0815995 
0.0104958 -0.0187898 -0.00420504 0.0055185 -0.0187898 0.0905745 0.00550415 -0.0152958 -0.00420504 0.00550415 0.00817793 -0.0156147 0.0055185 -0.0152958 -0.0156147 0.0817034 
0.0104806 -0.018791 -0.00425254 0.0055494 -0.018791 0.0906125 0.00553209 -0.0153548 -0.00425254 0.00553209 0.00819809 -0.0156424 0.0055494 -0.0153548 -0.0156424 0.0817006 
0.0104656 -0.0187119 -0.00426777 0.00560594 -0.0187119 0.0903374 0.00557903 -0.0154521 -0.00426777 0.00557903 0.00817665 -0.0156629 0.00560594 -0.0154521 -0.0156629 0.0816503 
0.0105025 -0.0187159 -0.00429546 0.00564969 -0.0187159 0.0903323 0.0056246 -0.0156004 -0.00429546 0.0056246 0.00816258 -0.0157046 0.00564969 -0.0156004 -0.0157046 0.0818708 
0.0105235 -0.0187729 -0.00433853 0.00567362 -0.0187729 0.0904392 0.00566132 -0.0156978 -0.00433853 0.00566132 0.00815754 -0.0156807 0.00567362 -0.0156978 -0.0156807 0.0819143 
0.0105494 -0.0187961 -0.00439253 0.00572213 -0.0187961 0.0905198 0.00571786 -0.0158141 -0.00439253 0.00571786 0.0081589 -0.0156772 0.00572213 -0.0158141 -0.0156772 0.0819159 
0.0105555 -0.0188494 -0.00441919 0.00578281 -0.0188494 0.0906485 0.00577919 -0.0159531 -0.00441919 0.00577919 0.00817094 -0.0156586 0.00578281 -0.0159531 -0.0156586 0.0818558 
0.0105866 -0.0188685 -0.00444591 0.00583614 -0.0188685 0.0908096 0.00582725 -0.016115 -0.00444591 0.00582725 0.00817469 -0.0157351 0.00583614 -0.016115 -0.0157351 0.0820928 
0.0105774 -0.0188495 -0.00448776 0.00587057 -0.0188495 0.0907467 0.00586339 -0.0162322 -0.00448776 0.00586339 0.008201 -0.015784 0.00587057 -0.0162322 -0.015784 0.0823137 
0.0104969 -0.0188218 -0.00448076 0.00589682 -0.0188218 0.0905687 0.00589162 -0.0162874 -0.00448076 0.00589162 0.00824204 -0.0157578 0.00589682 -0.0162874 -0.0157578 0.0821916 
0.0104624 -0.0187622 -0.00447859 0.00592078 -0.0187622 0.0905727 0.00590866 -0.0163786 -0.00447859 0.00590866 0.00829872 -0.0158839 0.00592078 -0.0163786 -0.0158839 0.0825409 
0.010399 -0.0186492 -0.00443859 0.00591831 -0.0186492 0.0902595 0.00590113 -0.0163986 -0.00443859 0.00590113 0.00834121 -0.0159869 0.00591831 -0.0163986 -0.0159869 0.0828609 
0.0103568 -0.0185593 -0.00438901 0.00585932 -0.0185593 0.0899546 0.0058468 -0.0163032 -0.00438901 0.0058468 0.00835365 -0.0160198 0.00585932 -0.0163032 -0.0160198 0.082992 
0.0103633 -0.0185263 -0.00435089 0.00578244 -0.0185263 0.0897928 0.00578059 -0.0161315 -0.00435089 0.00578059 0.0083099 -0.0159921 0.00578244 -0.0161315 -0.0159921 0.0829259 
0.0104033 -0.0186393 -0.00433564 0.00573022 -0.0186393 0.0901456 0.00574459 -0.0159941 -0.00433564 0.00574459 0.00830133 -0.0159216 0.00573022 -0.0159941 -0.0159216 0.0828662 
0.0104415 -0.0186359 -0.0043372 0.00568601 -0.0186359 0.090122 0.00570616 -0.0158517 -0.0043372 0.00570616 0.00824777 -0.0158394 0.00568601 -0.0158517 -0.0158394 0.0824936 
0.0104324 -0.0186707 -0.00433774 0.00571934 -0.0186707 0.090229 0.00574151 -0.0158916 -0.00433774 0.00574151 0.00828641 -0.0158627 0.00571934 -0.0158916 -0.0158627 0.0825748 
0.0103538 -0.0186459 -0.00433065 0.0057174 -0.0186459 0.0901953 0.00573681 -0.0159077 -0.00433065 0.00573681 0.00835201 -0.0158947 0.0057174 -0.0159077 -0.0158947 0.0826058 
0.0102699 -0.018544 -0.00431285 0.00570321 -0.018544 0.0899717 0.00570911 -0.015862 -0.00431285 0.00570911 0.00839811 -0.0159454 0.00570321 -0.015862 -0.0159454 0.082623 
0.0102793 -0.0185073 -0.00431812 0.00569218 -0.0185073 0.08997 0.00568399 -0.015817 -0.00431812 0.00568399 0.00840584 -0.0159989 0.00569218 -0.015817 -0.0159989 0.082796 
0.0102822 -0.018508 -0.00434463 0.00567521 -0.018508 0.0898654 0.00566431 -0.0157381 -0.00434463 0.00566431 0.00838286 -0.0159234 0.00567521 -0.0157381 -0.0159234 0.0825585 
0.0102892 -0.0185177 -0.00440743 0.0057234 -0.0185177 0.0898935 0.00571241 -0.0158043 -0.00440743 0.00571241 0.00839597 -0.0159219 0.0057234 -0.0158043 -0.0159219 0.0825108 
0.0102605 -0.0185062 -0.00442371 0.0058026 -0.0185062 0.0898226 0.00578879 -0.0159653 -0.00442371 0.00578879 0.0084173 -0.0159304 0.0058026 -0.0159653 -0.0159304 0.0824575 
0.0102841 -0.0185043 -0.00443575 0.00583946 -0.0185043 0.08988 0.00581951 -0.016109 -0.00443575 0.00581951 0.00841236 -0.0159754 0.00583946 -0.016109 -0.0159754 0.0825796 
0.0102185 -0.0184589 -0.00443829 0.00585321 -0.0184589 0.0896876 0.00583708 -0.0161837 -0.00443829 0.00583708 0.00846829 -0.0160115 0.00585321 -0.0161837 -0.0160115 0.0827017 
0.0101583 -0.0184219 -0.00442948 0.00584713 -0.0184219 0.0896089 0.00582981 -0.0161852 -0.00442948 0.00582981 0.00852191 -0.0160433 0.00584713 -0.0161852 -0.0160433 0.0827509 
0.0102009 -0.0183541 -0.00442955 0.00585249 -0.0183541 0.0895342 0.00582633 -0.0161984 -0.00442955 0.00582633 0.00850773 -0.0161646 0.00585249 -0.0161984 -0.0161646 0.0830918 
0.0102628 -0.0183937 -0.00445831 0.00583451 -0.0183937 0.0895016 0.00581782 -0.0161654 -0.00445831 0.00581782 0.00843274 -0.0161262 0.00583451 -0.0161654 -0.0161262 0.0831251 
0.0103275 -0.0184947 -0.00448747 0.00587458 -0.0184947 0.0897764 0.00588001 -0.0162456 -0.00448747 0.00588001 0.00839737 -0.0160814 0.00587458 -0.0162456 -0.0160814 0.0831856 
0.010352 -0.0185312 -0.00454858 0.00589023 -0.0185312 0.0898129 0.00591305 -0.0163136 -0.00454858 0.00591305 0.0083593 -0.0159856 0.00589023 -0.0163136 -0.0159856 0.0828916 
0.0103409 -0.0185783 -0.00458445 0.00597198 -0.0185783 0.0899354 0.00599763 -0.0164789 -0.00458445 0.00599763 0.00837985 -0.0159382 0.00597198 -0.0164789 -0.0159382 0.082709 
0.0103164 -0.0185853 -0.00461282 0.00601525 -0.0185853 0.0899829 0.00603051 -0.0166109 -0.00461282 0.00603051 0.00840174 -0.0159176 0.00601525 -0.0166109 -0.0159176 0.082507 
0.0103456 -0.0186124 -0.00464196 0.00607796 -0.0186124 0.0902193 0.00607599 -0.0167659 -0.00464196 0.00607599 0.00841753 -0.016003 0.00607796 -0.0167659 -0.016003 0.0827528 
0.0102881 -0.0185367 -0.00462168 0.00610464 -0.0185367 0.0899352 0.00609502 -0.0168454 -0.00462168 0.00609502 0.00843188 -0.0160323 0.00610464 -0.0168454 -0.0160323 0.0828106 
0.0102652 -0.0184849 -0.00458075 0.00609402 -0.0184849 0.0898252 0.00608549 -0.016876 -0.00458075 0.00608549 0.00844952 -0.0160907 0.00609402 -0.016876 -0.0160907 0.0830292 
0.0102761 -0.0185003 -0.0045708 0.00603572 -0.0185003 0.0898947 0.00603491 -0.0167889 -0.0045708 0.00603491 0.00846049 -0.0160952 0.00603572 -0.0167889 -0.0160952 0.0831405 
0.0102637 -0.0184748 -0.00456295 0.00599668 -0.0184748 0.0897509 0.00600169 -0.0166585 -0.00456295 0.00600169 0.00844745 -0.0160595 0.00599668 -0.0166585 -0.0160595 0.0829751 
0.0102778 -0.0184835 -0.00458143 0.00598857 -0.0184835 0.0897577 0.00599563 -0.0166038 -0.00458143 0.00599563 0.00842678 -0.0160351 0.00598857 -0.0166038 -0.0160351 0.0828723 
0.0102824 -0.0185528 -0.00462409 0.00602328 -0.0185528 0.0900061 0.00603082 -0.0166553 -0.00462409 0.00603082 0.00846348 -0.0160287 0.00602328 -0.0166553 -0.0160287 0.0829179 
0.0102487 -0.0185193 -0.00460901 0.00606324 -0.0185193 0.0899181 0.00606273 -0.0167179 -0.00460901 0.00606273 0.00846873 -0.0160233 0.00606324 -0.0167179 -0.0160233 0.0827679 
0.0102047 -0.018493 -0.00458422 0.00605974 -0.018493 0.0898791 0.00605059 -0.0167523 -0.00458422 0.00605059 0.00851548 -0.0160482 0.00605974 -0.0167523 -0.0160482 0.0828028 
0.010242 -0.0184228 -0.00463218 0.00603802 -0.0184228 0.0897496 0.00602033 -0.0167217 -0.00463218 0.00602033 0.00849214 -0.0161402 0.00603802 -0.0167217 -0.0161402 0.0830222 
0.01031 -0.0184967 -0.00467383 0.00608535 -0.0184967 0.0898517 0.00607266 -0.0167666 -0.00467383 0.00607266 0.00844815 -0.0160999 0.00608535 -0.0167666 -0.0160999 0.0830642 
0.0103494 -0.0185829 -0.00472406 0.006135 -0.0185829 0.0900506 0.00613671 -0.0168954 -0.00472406 0.00613671 0.00842508 -0.0160496 0.006135 -0.0168954 -0.0160496 0.0829922 
0.0103755 -0.0187183 -0.0047869 0.00618754 -0.0187183 0.0904938 0.00619448 -0.0170298 -0.0047869 0.00619448 0.00842298 -0.0159676 0.00618754 -0.0170298 -0.0159676 0.082795 
0.0103532 -0.0186592 -0.00483041 0.00627037 -0.0186592 0.0903861 0.00626736 -0.017204 -0.00483041 0.00626736 0.00842485 -0.0159853 0.00627037 -0.017204 -0.0159853 0.0826903 
0.0103158 -0.0186012 -0.00482135 0.00634627 -0.0186012 0.0901966 0.00633146 -0.0174094 -0.00482135 0.00633146 0.0084475 -0.0160347 0.00634627 -0.0174094 -0.0160347 0.0828061 
0.0103222 -0.0185561 -0.00480248 0.00635111 -0.0185561 0.0900886 0.0063337 -0.0175164 -0.00480248 0.0063337 0.00845249 -0.0161059 0.00635111 -0.0175164 -0.0161059 0.0830613 
0.0103329 -0.0185463 -0.00481583 0.00632611 -0.0185463 0.0900363 0.00631779 -0.0175165 -0.00481583 0.00631779 0.00846155 -0.0161539 0.00632611 -0.0175165 -0.0161539 0.0833234 
0.0103567 -0.0185882 -0.00482015 0.00630665 -0.0185882 0.0900549 0.00630954 -0.0174471 -0.00482015 0.00630954 0.00841243 -0.0160729 0.00630665 -0.0174471 -0.0160729 0.083118 
0.0103971 -0.0186104 -0.00483983 0.00632452 -0.0186104 0.0901397 0.00633466 -0.0174773 -0.00483983 0.00633466 0.00837283 -0.0160585 0.00632452 -0.0174773 -0.0160585 0.0830959 
0.0104503 -0.018639 -0.00485434 0.0063458 -0.018639 0.0901648 0.00636282 -0.0175332 -0.00485434 0.00636282 0.00830529 -0.0160024 0.0063458 -0.0175332 -0.0160024 0.0829667 
0.0104937 -0.0187883 -0.00487352 0.0063639 -0.0187883 0.0905867 0.00639257 -0.0176036 -0.00487352 0.00639257 0.00829198 -0.0158953 0.0063639 -0.0176036 -0.0158953 0.0827797 
0.0104187 -0.0188176 -0.00487769 0.00636766 -0.0188176 0.0906941 0.00639435 -0.0176111 -0.00487769 0.00639435 0.00833813 -0.0158073 0.00636766 -0.0176111 -0.0158073 0.0823748 
0.0104014 -0.0187313 -0.00489407 0.00639207 -0.0187313 0.0906111 0.00639473 -0.0176425 -0.00489407 0.00639473 0.00835063 -0.0158721 0.00639207 -0.0176425 -0.0158721 0.0823381 
0.0104437 -0.0186877 -0.00486693 0.0064268 -0.0186877 0.0904516 0.00641229 -0.0177035 -0.00486693 0.00641229 0.00830916 -0.0159131 0.0064268 -0.0177035 -0.0159131 0.0824451 
0.0105278 -0.0187472 -0.00488307 0.00640621 -0.0187472 0.0905497 0.00639826 -0.017726 -0.00488307 0.00639826 0.00825873 -0.0159175 0.00640621 -0.017726 -0.0159175 0.0826239 
0.0105802 -0.0188208 -0.00489576 0.00639829 -0.0188208 0.0906304 0.00640944 -0.0177034 -0.00489576 0.00640944 0.00819821 -0.0158345 0.00639829 -0.0177034 -0.0158345 0.0824752 
0.0106573 -0.0189582 -0.00494674 0.00640407 -0.0189582 0.091016 0.00642868 -0.0177146 -0.00494674 0.00642868 0.00813672 -0.0157272 0.00640407 -0.0177146 -0.0157272 0.0822318 
0.0107038 -0.0190351 -0.00499117 0.00646298 -0.0190351 0.0912452 0.00648969 -0.0178075 -0.00499117 0.00648969 0.00807748 -0.0156439 0.00646298 -0.0178075 -0.0156439 0.0819589 
0.0107143 -0.0191117 -0.00500324 0.00653625 -0.0191117 0.0915181 0.00655933 -0.017987 -0.00500324 0.00655933 0.00807984 -0.0155954 0.00653625 -0.017987 -0.0155954 0.0818508 
0.0106988 -0.0191626 -0.00497676 0.00654654 -0.0191626 0.0917429 0.00656013 -0.0180616 -0.00497676 0.00656013 0.00810211 -0.0155454 0.00654654 -0.0180616 -0.0155454 0.0816595 
0.0106299 -0.0190819 -0.00495368 0.00652658 -0.0190819 0.0915944 0.00652474 -0.018047 -0.00495368 0.00652474 0.00816187 -0.0156074 0.00652658 -0.018047 -0.0156074 0.0817011 
0.0105957 -0.0189896 -0.00492015 0.0064926 -0.0189896 0.0913282 0.00647451 -0.0179491 -0.00492015 0.00647451 0.00817027 -0.0156605 0.0064926 -0.0179491 -0.0156605 0.0817562 
0.0106353 -0.0189832 -0.004916 0.00647276 -0.0189832 0.0913482 0.00644948 -0.0178961 -0.004916 0.00644948 0.00815704 -0.015732 0.00647276 -0.0178961 -0.015732 0.0820761 
0.0106417 -0.0189738 -0.00490655 0.00645089 -0.0189738 0.0912088 0.00643484 -0.0178286 -0.00490655 0.00643484 0.00813033 -0.0157035 0.00645089 -0.0178286 -0.0157035 0.0820816 
0.0106538 -0.0189724 -0.00492349 0.00644059 -0.0189724 0.0911452 0.00643499 -0.0178043 -0.00492349 0.00643499 0.00811448 -0.015677 0.00644059 -0.0178043 -0.015677 0.0820358 
0.0106939 -0.0189961 -0.0049076 0.00646737 -0.0189961 0.0911988 0.00646882 -0.017857 -0.0049076 0.00646882 0.0080954 -0.015672 0.00646737 -0.017857 -0.015672 0.0820517 
0.0107727 -0.0190804 -0.00488067 0.0064505 -0.0190804 0.0914321 0.00645764 -0.0178714 -0.00488067 0.00645764 0.00805497 -0.01565 0.0064505 -0.0178714 -0.01565 0.0820651 
0.0108265 -0.019116 -0.00489425 0.00639533 -0.019116 0.091432 0.00641347 -0.0177723 -0.00489425 0.00641347 0.00798834 -0.0155903 0.00639533 -0.0177723 -0.0155903 0.0818815 
0.010846 -0.0192479 -0.00492363 0.00640734 -0.0192479 0.0917856 0.00643447 -0.0177496 -0.00492363 0.00643447 0.00798945 -0.0155139 0.00640734 -0.0177496 -0.0155139 0.0817575 
0.0108418 -0.0192708 -0.00492742 0.00642678 -0.0192708 0.0919087 0.00644841 -0.0177511 -0.00492742 0.00644841 0.00797012 -0.0154611 0.00642678 -0.0177511 -0.0154611 0.0814827 
0.0107805 -0.0192801 -0.00494645 0.00645193 -0.0192801 0.0920109 0.00645964 -0.0177988 -0.00494645 0.00645964 0.00802879 -0.0154614 0.00645193 -0.0177988 -0.0154614 0.081452 
0.0107296 -0.0191616 -0.00494035 0.00650578 -0.0191616 0.0918368 0.00649364 -0.0179097 -0.00494035 0.00649364 0.00809058 -0.0155994 0.00650578 -0.0179097 -0.0155994 0.0817642 
0.0107466 -0.0190646 -0.00487455 0.00648786 -0.0190646 0.0914761 0.00646453 -0.017902 -0.00487455 0.00646453 0.00804001 -0.0156369 0.00648786 -0.017902 -0.0156369 0.0818502 
0.0107665 -0.0191548 -0.00485975 0.00641528 -0.0191548 0.0916627 0.00640468 -0.0178078 -0.00485975 0.00640468 0.00805281 -0.015607 0.00641528 -0.0178078 -0.015607 0.081985 
0.0107235 -0.0191022 -0.00488079 0.0063632 -0.0191022 0.0914614 0.00636278 -0.0176482 -0.00488079 0.00636278 0.00805873 -0.0155769 0.0063632 -0.0176482 -0.0155769 0.0817903 
0.0107532 -0.0190943 -0.00489449 0.00640525 -0.0190943 0.0914878 0.00640126 -0.0176678 -0.00489449 0.00640126 0.00804775 -0.0156091 0.00640525 -0.0176678 -0.0156091 0.0818681 
0.010757 -0.0191004 -0.0048855 0.00642414 -0.0191004 0.0914299 0.00642028 -0.0177241 -0.0048855 0.00642028 0.00802704 -0.0155935 0.00642414 -0.0177241 -0.0155935 0.0818426 
0.0108332 -0.0191966 -0.00489927 0.00641717 -0.0191966 0.091766 0.00641894 -0.0177484 -0.00489927 0.00641894 0.00797294 -0.0155601 0.00641717 -0.0177484 -0.0155601 0.08186 
0.0108212 -0.0191887 -0.00490511 0.00642647 -0.0191887 0.0916815 0.0064344 -0.0177645 -0.00490511 0.0064344 0.00794896 -0.0155033 0.00642647 -0.0177645 -0.0155033 0.0816992 
0.010835 -0.019191 -0.00492404 0.00644689 -0.019191 0.0917071 0.00645674 -0.0178255 -0.00492404 0.00645674 0.00794925 -0.0154785 0.00644689 -0.0178255 -0.0154785 0.0816282 
0.0108293 -0.0192277 -0.00496591 0.00645786 -0.0192277 0.0917657 0.00646755 -0.0178576 -0.00496591 0.00646755 0.00796619 -0.0154266 0.00645786 -0.0178576 -0.0154266 0.0814265 
0.0108511 -0.0192021 -0.00502229 0.00653868 -0.0192021 0.0917753 0.00653861 -0.0180196 -0.00502229 0.00653861 0.00797332 -0.0155198 0.00653868 -0.0180196 -0.0155198 0.0816262 
0.0108786 -0.0192662 -0.00502518 0.00659043 -0.0192662 0.0918933 0.0065875 -0.0181475 -0.00502518 0.0065875 0.00795264 -0.0154816 0.00659043 -0.0181475 -0.0154816 0.0815834 
0.0108912 -0.0193346 -0.00503211 0.00657992 -0.0193346 0.092081 0.00657905 -0.0181683 -0.00503211 0.00657905 0.00793717 -0.0154109 0.00657992 -0.0181683 -0.0154109 0.081372 
0.0109157 -0.0193064 -0.00500363 0.00658859 -0.0193064 0.092023 0.00658415 -0.0181745 -0.00500363 0.00658415 0.00790773 -0.0154088 0.00658859 -0.0181745 -0.0154088 0.081263 
0.0109959 -0.0193659 -0.00501903 0.00658096 -0.0193659 0.0922213 0.00657742 -0.0182027 -0.00501903 0.00657742 0.00788236 -0.0154536 0.00658096 -0.0182027 -0.0154536 0.081508 
0.0110383 -0.0193759 -0.00501924 0.00657906 -0.0193759 0.0921225 0.00658512 -0.0181901 -0.00501924 0.00658512 0.00781707 -0.0154309 0.00657906 -0.0181901 -0.0154309 0.0814917 
0.0110632 -0.0194797 -0.00503824 0.00658106 -0.0194797 0.0923712 0.00660177 -0.0182119 -0.00503824 0.00660177 0.00779975 -0.015363 0.00658106 -0.0182119 -0.015363 0.0814497 
0.0110971 -0.0195346 -0.00506414 0.0065965 -0.0195346 0.092603 0.00662094 -0.0182377 -0.00506414 0.00662094 0.00777081 -0.0153174 0.0065965 -0.0182377 -0.0153174 0.0813225 
0.0110845 -0.0195465 -0.00505194 0.00661582 -0.0195465 0.0925903 0.00663622 -0.0182588 -0.00505194 0.00663622 0.00775753 -0.0152368 0.00661582 -0.0182588 -0.0152368 0.0810159 
0.011052 -0.0195676 -0.0050657 0.00663606 -0.0195676 0.0927653 0.00664819 -0.0183383 -0.0050657 0.00664819 0.00782519 -0.0152806 0.00663606 -0.0183383 -0.0152806 0.0811327 
0.0110215 -0.0194977 -0.00509198 0.00663292 -0.0194977 0.0926041 0.00663217 -0.0183172 -0.00509198 0.00663217 0.00783367 -0.0153185 0.00663292 -0.0183172 -0.0153185 0.0811101 
0.011033 -0.0195275 -0.00509553 0.0066671 -0.0195275 0.0927059 0.0066553 -0.0183455 -0.00509553 0.0066553 0.00783889 -0.0153163 0.0066671 -0.0183455 -0.0153163 0.0811513 
0.0110849 -0.0194958 -0.00509393 0.00668911 -0.0194958 0.0926481 0.00667392 -0.018417 -0.00509393 0.00667392 0.00778984 -0.0153683 0.00668911 -0.018417 -0.0153683 0.081301 
0.0111281 -0.0194964 -0.00507297 0.0066835 -0.0194964 0.0924931 0.00667834 -0.0184432 -0.00507297 0.00667834 0.00771858 -0.0153216 0.0066835 -0.0184432 -0.0153216 0.0812594 
0.011196 -0.0196118 -0.0050606 0.00665379 -0.0196118 0.092761 0.00666917 -0.0184287 -0.0050606 0.00666917 0.00765852 -0.0152272 0.00665379 -0.0184287 -0.0152272 0.081132 
0.01125 -0.0197041 -0.00501837 0.00662623 -0.0197041 0.0930309 0.00665509 -0.0183787 -0.00501837 0.00665509 0.00760097 -0.0151303 0.00662623 -0.0183787 -0.0151303 0.0808837 
0.0112635 -0.0197609 -0.00500004 0.00654593 -0.0197609 0.0931295 0.00657946 -0.0182077 -0.00500004 0.00657946 0.00756578 -0.0149843 0.00654593 -0.0182077 -0.0149843 0.0803762 
0.011227 -0.0198323 -0.00502575 0.00653756 -0.0198323 0.0934213 0.00656308 -0.0181253 -0.00502575 0.00656308 0.00763158 -0.0149602 0.00653756 -0.0181253 -0.0149602 0.0802274 
0.0111296 -0.0197014 -0.00506152 0.0065882 -0.0197014 0.0931654 0.00658966 -0.0181695 -0.00506152 0.00658966 0.0077104 -0.0150774 0.0065882 -0.0181695 -0.0150774 0.0803475 
0.0111169 -0.0196641 -0.00514021 0.00665999 -0.0196641 0.0931999 0.00663736 -0.0183076 -0.00514021 0.00663736 0.00777679 -0.0152141 0.00665999 -0.0183076 -0.0152141 0.0808087 
