0.00967264 0 -0.00208469 0 0 0.00997912 0 0 -0.00208469 0 0.00381696 0 0 0 0 0.00997912 
0.0137743 -0.0170541 -0.00277674 0.00341663 -0.0170541 0.0418913 0.00341663 -0.00655085 -0.00277674 0.00341663 0.00539171 -0.00672198 0.00341663 -0.00655085 -0.00672198 0.0220792 
0.0133434 -0.0243802 -0.00256721 0.00435976 -0.0243802 0.0869662 0.00435976 -0.0138732 -0.00256721 0.00435976 0.00569782 -0.0109731 0.00435976 -0.0138732 -0.0109731 0.0441532 
0.0122649 -0.0225193 -0.00245086 0.00346776 -0.0225193 0.0975404 0.00345897 -0.0125244 -0.00245086 0.00345897 0.00574801 -0.0122571 0.00346776 -0.0125244 -0.0122571 0.0591239 
0.012278 -0.0213562 -0.00251774 0.00307748 -0.0213562 0.0978405 0.00304065 -0.00963568 -0.00251774 0.00304065 0.00581991 -0.0127471 0.00307748 -0.00963568 -0.0127471 0.0678513 
0.0125225 -0.0213336 -0.00267093 0.0032481 -0.0213336 0.0978149 0.00320223 -0.00887055 -0.00267093 0.00320223 0.00590067 -0.0128882 0.0032481 -0.00887055 -0.0128882 0.0721203 
0.0126008 -0.0215716 -0.00271403 0.00340549 -0.0215716 0.0982427 0.00337205 -0.00894975 -0.00271403 0.00337205 0.0059958 -0.0127941 0.00340549 -0.00894975 -0.0127941 0.0733509 
0.0126788 -0.0216907 -0.00270789 0.00347866 -0.0216907 0.0988024 0.00345094 -0.00919122 -0.00270789 0.00345094 0.00604092 -0.0128288 0.00347866 -0.00919122 -0.0128288 0.0738211 
0.0127263 -0.0217258 -0.00267574 0.00346457 -0.0217258 0.0989338 0.00344534 -0.00926959 -0.00267574 0.00344534 0.00605433 -0.0128332 0.00346457 -0.00926959 -0.0128332 0.0738913 
0.0127471 -0.0217836 -0.00268828 0.00339827 -0.0217836 0.0990512 0.00339085 -0.00916399 -0.00268828 0.00339085 0.00606917 -0.0128338 0.00339827 -0.00916399 -0.0128338 0.0738676 
0.0127729 -0.0218049 -0.00264622 0.00337214 -0.0218049 0.0990777 0.00336427 -0.00901418 -0.00264622 0.00336427 0.00603712 -0.0128273 0.00337214 -0.00901418 -0.0128273 0.0737574 
0.0128509 -0.021859 -0.00257146 0.0033018 -0.021859 0.0992001 0.00329436 -0.00882924 -0.00257146 0.00329436 0.00594263 -0.0127883 0.0033018 -0.00882924 -0.0127883 0.0736593 
0.0129496 -0.0219648 -0.00254132 0.00323946 -0.0219648 0.0994762 0.00324724 -0.00870975 -0.00254132 0.00324724 0.00585181 -0.0127217 0.00323946 -0.00870975 -0.0127217 0.0736286 
0.0129434 -0.0220284 -0.00254892 0.00322241 -0.0220284 0.099553 0.00324533 -0.00867362 -0.00254892 0.00324533 0.00584672 -0.0126094 0.00322241 -0.00867362 -0.0126094 0.0733708 
0.0129801 -0.0220811 -0.00255945 0.00323416 -0.0220811 0.0998238 0.00325535 -0.0086827 -0.00255945 0.00325535 0.00584111 -0.0126177 0.00323416 -0.0086827 -0.0126177 0.073363 
0.0130026 -0.0221435 -0.00254778 0.00324689 -0.0221435 0.100066 0.00325811 -0.00869692 -0.00254778 0.00325811 0.005856 -0.0126234 0.00324689 -0.00869692 -0.0126234 0.0734342 
0.0130382 -0.0221463 -0.00252489 0.00323882 -0.0221463 0.100108 0.00324539 -0.00869395 -0.00252489 0.00324539 0.00582514 -0.0126421 0.00323882 -0.00869395 -0.0126421 0.0734699 
0.0130674 -0.0221655 -0.00248933 0.00317402 -0.0221655 0.100055 0.0031834 -0.00854947 -0.00248933 0.0031834 0.00575697 -0.0125743 0.00317402 -0.00854947 -0.0125743 0.0732828 
0.0130459 -0.0222209 -0.00251671 0.00313781 -0.0222209 0.100177 0.00315356 -0.00844688 -0.00251671 0.00315356 0.005762 -0.0125035 0.00313781 -0.00844688 -0.0125035 0.073137 
0.0130075 -0.0222372 -0.00251883 0.0031809 -0.0222372 0.100373 0.00318491 -0.00846494 -0.00251883 0.00318491 0.00581174 -0.0125202 0.0031809 -0.00846494 -0.0125202 0.0731736 
0.0129785 -0.0221181 -0.00251021 0.00320607 -0.0221181 0.100079 0.00319724 -0.00853959 -0.00251021 0.00319724 0.00579587 -0.0125618 0.00320607 -0.00853959 -0.0125618 0.0731527 
0.0130512 -0.0221261 -0.00254142 0.00322841 -0.0221261 0.100111 0.0032192 -0.00864108 -0.00254142 0.0032192 0.00573871 -0.0125905 0.00322841 -0.00864108 -0.0125905 0.0733624 
0.0131055 -0.0221629 -0.00254255 0.00324532 -0.0221629 0.100039 0.00324243 -0.00868735 -0.00254255 0.00324243 0.00565252 -0.0124759 0.00324532 -0.00868735 -0.0124759 0.0731211 
0.0131479 -0.0222676 -0.00250299 0.00323307 -0.0222676 0.100268 0.00323982 -0.00869035 -0.00250299 0.00323982 0.00561051 -0.012348 0.00323307 -0.00869035 -0.012348 0.0728018 
0.0131605 -0.0222815 -0.00247362 0.00318249 -0.0222815 0.100274 0.00319789 -0.00862311 -0.00247362 0.00319789 0.00557114 -0.0122615 0.00318249 -0.00862311 -0.0122615 0.0724116 
0.0131399 -0.0223409 -0.00249406 0.00317106 -0.0223409 0.1005 0.00319054 -0.00860447 -0.00249406 0.00319054 0.0056168 -0.0122533 0.00317106 -0.00860447 -0.0122533 0.0723802 
0.0130741 -0.0223108 -0.00252002 0.00320024 -0.0223108 0.100537 0.00321097 -0.00863323 -0.00252002 0.00321097 0.00569223 -0.0123134 0.00320024 -0.00863323 -0.0123134 0.072473 
0.0130892 -0.0222485 -0.00247531 0.00317413 -0.0222485 0.100453 0.00317018 -0.00852265 -0.00247531 0.00317018 0.00568619 -0.0123707 0.00317413 -0.00852265 -0.0123707 0.0725563 
0.0131177 -0.0222187 -0.00244929 0.00314447 -0.0222187 0.100254 0.00313658 -0.00845755 -0.00244929 0.00313658 0.0056434 -0.0123723 0.00314447 -0.00845755 -0.0123723 0.0725729 
0.0131683 -0.0223201 -0.00242714 0.00310482 -0.0223201 0.100519 0.00310458 -0.0083673 -0.00242714 0.00310458 0.00563161 -0.0123472 0.00310482 -0.0083673 -0.0123472 0.0726588 
0.0131917 -0.0223463 -0.00243676 0.00309039 -0.0223463 0.100593 0.00309581 -0.00832965 -0.00243676 0.00309581 0.00560176 -0.012332 0.00309039 -0.00832965 -0.012332 0.0726158 
0.013156 -0.0223272 -0.00243661 0.00310333 -0.0223272 0.100453 0.00310664 -0.00833423 -0.00243661 0.00310664 0.00559372 -0.0122753 0.00310333 -0.00833423 -0.0122753 0.0724142 
0.0131925 -0.0223333 -0.00248165 0.00316278 -0.0223333 0.100576 0.00316275 -0.00850365 -0.00248165 0.00316275 0.00558836 -0.0123232 0.00316278 -0.00850365 -0.0123232 0.0725872 
0.0131776 -0.0223205 -0.002527 0.00323784 -0.0223205 0.100461 0.0032354 -0.00871148 -0.002527 0.0032354 0.0056025 -0.0123143 0.00323784 -0.00871148 -0.0123143 0.072587 
0.013163 -0.0222999 -0.00255861 0.00328527 -0.0222999 0.100363 0.00328182 -0.00886135 -0.00255861 0.00328182 0.00560839 -0.0123169 0.00328527 -0.00886135 -0.0123169 0.0725409 
0.0132071 -0.0223623 -0.00259918 0.00332291 -0.0223623 0.100636 0.00332049 -0.00897555 -0.00259918 0.00332049 0.00561674 -0.0123581 0.00332291 -0.00897555 -0.0123581 0.0727477 
0.0132167 -0.0223956 -0.00261371 0.00333366 -0.0223956 0.10072 0.0033299 -0.00898392 -0.00261371 0.0033299 0.00561096 -0.0123351 0.00333366 -0.00898392 -0.0123351 0.0727013 
0.0132729 -0.0224258 -0.00256616 0.00329333 -0.0224258 0.100806 0.00328809 -0.00885219 -0.00256616 0.00328809 0.00554636 -0.0122807 0.00329333 -0.00885219 -0.0122807 0.0725066 
0.0133153 -0.0224819 -0.00253377 0.00323127 -0.0224819 0.100882 0.00323231 -0.00870465 -0.00253377 0.00323231 0.00548952 -0.0121917 0.00323127 -0.00870465 -0.0121917 0.072249 
0.0133051 -0.0225269 -0.00252353 0.0032011 -0.0225269 0.100967 0.00320855 -0.00861309 -0.00252353 0.00320855 0.00549923 -0.0121259 0.0032011 -0.00861309 -0.0121259 0.0720224 
0.0132419 -0.0225492 -0.00257966 0.0032609 -0.0225492 0.101177 0.0032647 -0.00875375 -0.00257966 0.0032647 0.00561043 -0.0122116 0.0032609 -0.00875375 -0.0122116 0.0722607 
0.0132248 -0.0224203 -0.00262509 0.00332325 -0.0224203 0.100914 0.00331276 -0.00888734 -0.00262509 0.00331276 0.0056241 -0.0123378 0.00332325 -0.00888734 -0.0123378 0.0724819 
0.0133117 -0.0224397 -0.00264117 0.00336044 -0.0224397 0.100916 0.00334151 -0.00896814 -0.00264117 0.00334151 0.00555501 -0.0123699 0.00336044 -0.00896814 -0.0123699 0.0727165 
0.0133648 -0.0225154 -0.00268441 0.00341723 -0.0225154 0.100993 0.0034036 -0.00914113 -0.00268441 0.0034036 0.00550033 -0.0123078 0.00341723 -0.00914113 -0.0123078 0.0727218 
0.0133724 -0.0225839 -0.00268991 0.00345193 -0.0225839 0.101128 0.00344728 -0.00925474 -0.00268991 0.00344728 0.0054848 -0.0122125 0.00345193 -0.00925474 -0.0122125 0.0724883 
0.0133739 -0.0226375 -0.00267356 0.00342268 -0.0226375 0.101349 0.00342311 -0.00921955 -0.00267356 0.00342311 0.00548321 -0.0121644 0.00342268 -0.00921955 -0.0121644 0.0722945 
0.0133837 -0.0226501 -0.00265487 0.00342512 -0.0226501 0.101508 0.00342748 -0.00923135 -0.00265487 0.00342748 0.00548949 -0.012191 0.00342512 -0.00923135 -0.012191 0.0723472 
0.0133752 -0.0226218 -0.00261404 0.00337417 -0.0226218 0.101397 0.00338112 -0.00913061 -0.00261404 0.00338112 0.00547993 -0.012168 0.00337417 -0.00913061 -0.012168 0.0722362 
0.0133932 -0.0226117 -0.00263553 0.00334461 -0.0226117 0.101354 0.00335738 -0.00906822 -0.00263553 0.00335738 0.00545901 -0.0121783 0.00334461 -0.00906822 -0.0121783 0.0722481 
0.0133759 -0.0226009 -0.00268667 0.00338381 -0.0226009 0.101242 0.00339535 -0.00911371 -0.00268667 0.00339535 0.00545033 -0.012155 0.00338381 -0.00911371 -0.012155 0.0721837 
0.0133861 -0.022651 -0.00272698 0.00344466 -0.022651 0.101457 0.00344777 -0.00922107 -0.00272698 0.00344777 0.00547095 -0.0121543 0.00344466 -0.00922107 -0.0121543 0.0722529 
0.0134022 -0.0226734 -0.00270462 0.00346557 -0.0226734 0.101585 0.00345818 -0.00925636 -0.00270462 0.00345818 0.00547326 -0.0121475 0.00346557 -0.00925636 -0.0121475 0.0722162 
0.013351 -0.0226661 -0.00269731 0.00344384 -0.0226661 0.101559 0.00343626 -0.00924544 -0.00269731 0.00343626 0.00552179 -0.0121426 0.00344384 -0.00924544 -0.0121426 0.0721554 
0.0132824 -0.0225758 -0.00266834 0.0033998 -0.0225758 0.101302 0.00339245 -0.00912374 -0.00266834 0.00339245 0.0055375 -0.0121641 0.0033998 -0.00912374 -0.0121641 0.0720415 
0.0132859 -0.0225533 -0.00265193 0.00338494 -0.0225533 0.101339 0.00337545 -0.00907082 -0.00265193 0.00337545 0.00555829 -0.0122307 0.00338494 -0.00907082 -0.0122307 0.0722819 
0.013243 -0.0224777 -0.00262763 0.00336617 -0.0224777 0.101035 0.00335866 -0.00902535 -0.00262763 0.00335866 0.00557253 -0.0122338 0.00336617 -0.00902535 -0.0122338 0.0722618 
0.013262 -0.0224469 -0.00257096 0.00332673 -0.0224469 0.100912 0.00332261 -0.00894151 -0.00257096 0.00332261 0.00555335 -0.0122491 0.00332673 -0.00894151 -0.0122491 0.0722818 
0.0133163 -0.0225011 -0.00255029 0.00327245 -0.0225011 0.101054 0.00327881 -0.00885553 -0.00255029 0.00327881 0.00553663 -0.0122621 0.00327245 -0.00885553 -0.0122621 0.0724282 
0.0133043 -0.0225543 -0.00254219 0.00321664 -0.0225543 0.101147 0.00323031 -0.00869901 -0.00254219 0.00323031 0.00556254 -0.0122227 0.00321664 -0.00869901 -0.0122227 0.0723601 
0.0133199 -0.0225421 -0.00250832 0.00318428 -0.0225421 0.101153 0.00319136 -0.00855172 -0.00250832 0.00319136 0.00554919 -0.0122349 0.00318428 -0.00855172 -0.0122349 0.0722968 
0.0133455 -0.0225565 -0.00246373 0.00317386 -0.0225565 0.101174 0.00317408 -0.00851087 -0.00246373 0.00317408 0.00552962 -0.0122522 0.00317386 -0.00851087 -0.0122522 0.0723715 
0.0133581 -0.0225968 -0.00245174 0.00314808 -0.0225968 0.10129 0.00315327 -0.00849897 -0.00245174 0.00315327 0.0055258 -0.0122686 0.00314808 -0.00849897 -0.0122686 0.0725215 
0.0134258 -0.0225943 -0.00244846 0.0031437 -0.0225943 0.101309 0.00315387 -0.00849745 -0.00244846 0.00315387 0.00542515 -0.0122752 0.0031437 -0.00849745 -0.0122752 0.0726013 
0.0134176 -0.022615 -0.00252068 0.0031838 -0.022615 0.101208 0.00320136 -0.0086249 -0.00252068 0.00320136 0.00538673 -0.0121608 0.0031838 -0.0086249 -0.0121608 0.0724223 
0.0134859 -0.0227003 -0.00254617 0.00321452 -0.0227003 0.101512 0.00322982 -0.00865181 -0.00254617 0.00322982 0.00532172 -0.012068 0.00321452 -0.00865181 -0.012068 0.0721951 
0.0135019 -0.0227492 -0.00255685 0.0032755 -0.0227492 0.101631 0.00328337 -0.00879517 -0.00255685 0.00328337 0.0052931 -0.0119715 0.0032755 -0.00879517 -0.0119715 0.0718962 
0.0134887 -0.0227925 -0.00255647 0.00327946 -0.0227925 0.101798 0.00328296 -0.00884611 -0.00255647 0.00328296 0.00530853 -0.011912 0.00327946 -0.00884611 -0.011912 0.0716619 
0.013423 -0.0227311 -0.00253129 0.00324118 -0.0227311 0.101615 0.00324194 -0.00875262 -0.00253129 0.00324194 0.00532117 -0.0118734 0.00324118 -0.00875262 -0.0118734 0.0713343 
0.013371 -0.0227015 -0.00251465 0.00321194 -0.0227015 0.101621 0.00320929 -0.00866432 -0.00251465 0.00320929 0.00538028 -0.0119058 0.00321194 -0.00866432 -0.0119058 0.0713549 
0.0133866 -0.0226012 -0.00244539 0.00319213 -0.0226012 0.101368 0.00318249 -0.00858854 -0.00244539 0.00318249 0.00534876 -0.0119664 0.00319213 -0.00858854 -0.0119664 0.0714042 
0.0134708 -0.0226728 -0.00241933 0.00312883 -0.0226728 0.101551 0.00312806 -0.00850082 -0.00241933 0.00312806 0.00532223 -0.011982 0.00312883 -0.00850082 -0.011982 0.0716428 
0.013471 -0.0227009 -0.0024044 0.0030748 -0.0227009 0.101477 0.00308712 -0.00836354 -0.0024044 0.00308712 0.00530221 -0.0119143 0.0030748 -0.00836354 -0.0119143 0.0714624 
0.0135391 -0.0227959 -0.00235519 0.00301157 -0.0227959 0.101813 0.00302347 -0.00815582 -0.00235519 0.00302347 0.00527514 -0.0118852 0.00301157 -0.00815582 -0.0118852 0.0714167 
0.0135937 -0.0228204 -0.00234169 0.00303073 -0.0228204 0.101885 0.00303982 -0.00820086 -0.00234169 0.00303982 0.00522585 -0.0118993 0.00303073 -0.00820086 -0.0118993 0.071464 
0.0135834 -0.0228211 -0.00234225 0.00301577 -0.0228211 0.101731 0.00302926 -0.00820925 -0.00234225 0.00302926 0.00519592 -0.0118207 0.00301577 -0.00820925 -0.0118207 0.0712522 
0.013601 -0.0228829 -0.00233421 0.00298098 -0.0228829 0.101922 0.00299664 -0.00811284 -0.00233421 0.00299664 0.00518592 -0.0117785 0.00298098 -0.00811284 -0.0117785 0.0711422 
0.0136398 -0.0229269 -0.0023553 0.00302087 -0.0229269 0.102167 0.00303019 -0.0081893 -0.0023553 0.00303019 0.00518871 -0.0118136 0.00302087 -0.0081893 -0.0118136 0.0712903 
0.0136602 -0.0229269 -0.00234338 0.00303628 -0.0229269 0.102121 0.0030392 -0.00822704 -0.00234338 0.0030392 0.00516849 -0.0117961 0.00303628 -0.00822704 -0.0117961 0.0712306 
0.0137104 -0.0229975 -0.00235844 0.0030236 -0.0229975 0.102334 0.00302757 -0.00822778 -0.00235844 0.00302757 0.00515626 -0.0117932 0.0030236 -0.00822778 -0.0117932 0.0712933 
0.0137445 -0.0230303 -0.00241905 0.00305315 -0.0230303 0.102407 0.00305806 -0.00828292 -0.00241905 0.00305806 0.00512308 -0.0117857 0.00305315 -0.00828292 -0.0117857 0.0712832 
0.0137553 -0.0230402 -0.00247358 0.00316769 -0.0230402 0.102384 0.0031666 -0.00852603 -0.00247358 0.0031666 0.00509955 -0.0117625 0.00316769 -0.00852603 -0.0117625 0.0712413 
0.0138249 -0.0231205 -0.00251081 0.00322498 -0.0231205 0.10266 0.00322004 -0.00870547 -0.00251081 0.00322004 0.00504339 -0.0117401 0.00322498 -0.00870547 -0.0117401 0.0712717 
0.0138188 -0.0231593 -0.00250074 0.00321707 -0.0231593 0.10267 0.00321486 -0.00869973 -0.00250074 0.00321486 0.00500257 -0.0116095 0.00321707 -0.00869973 -0.0116095 0.0708924 
0.0138308 -0.0232005 -0.00251932 0.00320647 -0.0232005 0.10286 0.00320749 -0.00868305 -0.00251932 0.00320749 0.00498994 -0.0115571 0.00320647 -0.00868305 -0.0115571 0.0706957 
0.0138395 -0.0232199 -0.00252501 0.00323255 -0.0232199 0.102977 0.00323027 -0.00871214 -0.00252501 0.00323027 0.00498029 -0.0115393 0.00323255 -0.00871214 -0.0115393 0.0706001 
0.0138251 -0.0232221 -0.00249657 0.0032238 -0.0232221 0.102994 0.00321957 -0.00869617 -0.00249657 0.00321957 0.00499908 -0.0115069 0.0032238 -0.00869617 -0.0115069 0.0704675 
0.0138445 -0.0232491 -0.00244457 0.00317217 -0.0232491 0.10315 0.00316871 -0.00859028 -0.00244457 0.00316871 0.00503266 -0.0115303 0.00317217 -0.00859028 -0.0115303 0.0704999 
0.0138447 -0.0232225 -0.00242893 0.0031512 -0.0232225 0.10308 0.00315237 -0.0085682 -0.00242893 0.00315237 0.00506354 -0.0116067 0.0031512 -0.0085682 -0.0116067 0.0706597 
0.0137966 -0.0231707 -0.00243645 0.00310799 -0.0231707 0.102811 0.00311269 -0.00846386 -0.00243645 0.00311269 0.00508387 -0.0116339 0.00310799 -0.00846386 -0.0116339 0.0706723 
0.0138173 -0.0231828 -0.00243601 0.00311719 -0.0231828 0.102903 0.00311872 -0.00842828 -0.00243601 0.00311872 0.00508227 -0.0116992 0.00311719 -0.00842828 -0.0116992 0.0709249 
0.0138042 -0.0231835 -0.00243487 0.00312942 -0.0231835 0.102884 0.00312758 -0.00845024 -0.00243487 0.00312758 0.00510063 -0.0117075 0.00312942 -0.00845024 -0.0117075 0.0710424 
0.0138011 -0.0231637 -0.00243477 0.0031185 -0.0231637 0.102831 0.00311718 -0.00843304 -0.00243477 0.00311718 0.0050964 -0.0117223 0.0031185 -0.00843304 -0.0117223 0.0710813 
0.0138158 -0.0232001 -0.00247718 0.003144 -0.0232001 0.10299 0.00314233 -0.00849243 -0.00247718 0.00314233 0.00510975 -0.0117577 0.003144 -0.00849243 -0.0117577 0.0712841 
0.0138019 -0.023151 -0.00247573 0.00318683 -0.023151 0.102797 0.00318173 -0.0085683 -0.00247573 0.00318173 0.00508485 -0.0117424 0.00318683 -0.0085683 -0.0117424 0.0712012 
0.0138307 -0.0231799 -0.00252997 0.00323082 -0.0231799 0.102914 0.003227 -0.00873134 -0.00252997 0.003227 0.0050588 -0.0117553 0.00323082 -0.00873134 -0.0117553 0.0713386 
0.0137703 -0.023192 -0.00258927 0.00327364 -0.023192 0.102912 0.00327242 -0.00883278 -0.00258927 0.00327242 0.00509788 -0.0116911 0.00327364 -0.00883278 -0.0116911 0.0712068 
0.0137006 -0.0231127 -0.00265475 0.00341079 -0.0231127 0.102821 0.00340117 -0.00915307 -0.00265475 0.00340117 0.00519043 -0.0117614 0.00341079 -0.00915307 -0.0117614 0.0713062 
0.0136658 -0.0229733 -0.00264915 0.00344387 -0.0229733 0.102371 0.00342606 -0.00927812 -0.00264915 0.00342606 0.00518505 -0.0118118 0.00344387 -0.00927812 -0.0118118 0.0712402 
0.0136719 -0.0229875 -0.00265937 0.00341527 -0.0229875 0.102338 0.00340453 -0.00926107 -0.00265937 0.00340453 0.00520904 -0.0118172 0.00341527 -0.00926107 -0.0118172 0.0713067 
0.0136979 -0.0230118 -0.0026589 0.00340815 -0.0230118 0.102413 0.00340217 -0.00921217 -0.0026589 0.00340217 0.00520748 -0.0118429 0.00340815 -0.00921217 -0.0118429 0.0713651 
0.0136588 -0.0229879 -0.00270978 0.00344824 -0.0229879 0.102288 0.00344498 -0.00930707 -0.00270978 0.00344498 0.00523799 -0.0118668 0.00344824 -0.00930707 -0.0118668 0.0714115 
0.0136127 -0.0230022 -0.0027527 0.00346683 -0.0230022 0.102385 0.00346225 -0.00931719 -0.0027527 0.00346225 0.00530128 -0.0118933 0.00346683 -0.00931719 -0.0118933 0.0714989 
0.0136772 -0.0229944 -0.00274324 0.00351262 -0.0229944 0.102539 0.00349749 -0.00937146 -0.00274324 0.00349749 0.00527644 -0.0119832 0.00351262 -0.00937146 -0.0119832 0.0717591 
0.013726 -0.0230395 -0.00272742 0.00347346 -0.0230395 0.102565 0.00346106 -0.00931155 -0.00272742 0.00346106 0.00520426 -0.0119287 0.00347346 -0.00931155 -0.0119287 0.0717108 
0.0137112 -0.0230509 -0.00271458 0.00345846 -0.0230509 0.102477 0.00345629 -0.00927352 -0.00271458 0.00345629 0.00516865 -0.0118202 0.00345846 -0.00927352 -0.0118202 0.071407 
0.0137074 -0.0231007 -0.00270445 0.00344789 -0.0231007 0.102697 0.00345113 -0.00925648 -0.00270445 0.00345113 0.00519947 -0.0117844 0.00344789 -0.00925648 -0.0117844 0.0713123 
0.0137039 -0.0231067 -0.00266241 0.00342687 -0.0231067 0.102817 0.00342792 -0.00920591 -0.00266241 0.00342792 0.00523878 -0.0118152 0.00342687 -0.00920591 -0.0118152 0.0713301 
0.0136727 -0.0230539 -0.00266304 0.00339801 -0.0230539 0.102676 0.00339959 -0.00916912 -0.00266304 0.00339959 0.00528318 -0.0118829 0.00339801 -0.00916912 -0.0118829 0.0714399 
0.0136258 -0.0229611 -0.00268051 0.00340943 -0.0229611 0.102332 0.00340909 -0.00917716 -0.00268051 0.00340909 0.00530951 -0.0119469 0.00340943 -0.00917716 -0.0119469 0.0715403 
0.0136898 -0.0229891 -0.00271682 0.00345953 -0.0229891 0.102483 0.00345527 -0.00928899 -0.00271682 0.00345527 0.00531192 -0.0120478 0.00345953 -0.00928899 -0.0120478 0.071972 
0.0136721 -0.0229946 -0.00276384 0.00348788 -0.0229946 0.102356 0.00348311 -0.00936135 -0.00276384 0.00348311 0.00530863 -0.0120267 0.00348788 -0.00936135 -0.0120267 0.0719779 
0.0136904 -0.0230621 -0.00278173 0.00351462 -0.0230621 0.102623 0.00350747 -0.00938945 -0.00278173 0.00350747 0.00533087 -0.012021 0.00351462 -0.00938945 -0.012021 0.0720437 
0.0136461 -0.0230242 -0.00278186 0.00355097 -0.0230242 0.102515 0.00353801 -0.0094723 -0.00278186 0.00353801 0.00537331 -0.0120376 0.00355097 -0.0094723 -0.0120376 0.0720024 
0.0136321 -0.0229937 -0.00277772 0.00355055 -0.0229937 0.102471 0.00353766 -0.00950543 -0.00277772 0.00353766 0.00540204 -0.0121035 0.00355055 -0.00950543 -0.0121035 0.0721372 
0.0136677 -0.0229547 -0.00277491 0.00354375 -0.0229547 0.102333 0.00353378 -0.00950239 -0.00277491 0.00353378 0.00535174 -0.0121501 0.00354375 -0.00950239 -0.0121501 0.0722626 
0.0137597 -0.0230806 -0.00274397 0.00348896 -0.0230806 0.102661 0.0034876 -0.00936329 -0.00274397 0.0034876 0.00528432 -0.0120858 0.00348896 -0.00936329 -0.0120858 0.0722962 
0.0137843 -0.0231437 -0.00272918 0.00346936 -0.0231437 0.102794 0.0034766 -0.00930459 -0.00272918 0.0034766 0.00522829 -0.0119975 0.00346936 -0.00930459 -0.0119975 0.0720949 
0.0138077 -0.0231382 -0.00270727 0.00344527 -0.0231382 0.102731 0.0034575 -0.00924677 -0.00270727 0.0034575 0.00513458 -0.0118961 0.00344527 -0.00924677 -0.0118961 0.0717419 
0.0138317 -0.0231969 -0.00270921 0.00346616 -0.0231969 0.102897 0.00348162 -0.00931616 -0.00270921 0.00348162 0.00511797 -0.0118148 0.00346616 -0.00931616 -0.0118148 0.0715895 
0.0138587 -0.0232674 -0.00272855 0.00346677 -0.0232674 0.103188 0.0034834 -0.00934969 -0.00272855 0.0034834 0.00514445 -0.0117899 0.00346677 -0.00934969 -0.0117899 0.0715342 
0.013824 -0.0232161 -0.00271884 0.00348244 -0.0232161 0.102999 0.0034936 -0.00937013 -0.00271884 0.0034936 0.0051565 -0.0117864 0.00348244 -0.00937013 -0.0117864 0.0713407 
0.0138413 -0.0232298 -0.00272739 0.00346726 -0.0232298 0.103071 0.00347398 -0.00934947 -0.00272739 0.00347398 0.00515944 -0.0118205 0.00346726 -0.00934947 -0.0118205 0.0714149 
0.0138004 -0.0232042 -0.00281276 0.00351782 -0.0232042 0.10297 0.0035214 -0.00945416 -0.00281276 0.0035214 0.00520266 -0.0118559 0.00351782 -0.00945416 -0.0118559 0.0715204 
0.013865 -0.0232348 -0.00286206 0.00359139 -0.0232348 0.103166 0.00358394 -0.00955959 -0.00286206 0.00358394 0.00516556 -0.0119091 0.00359139 -0.00955959 -0.0119091 0.0717261 
0.0138212 -0.0232291 -0.00291666 0.0036455 -0.0232291 0.103002 0.00363165 -0.00968109 -0.00291666 0.00363165 0.00515931 -0.0118265 0.0036455 -0.00968109 -0.0118265 0.0715149 
0.0137818 -0.0232294 -0.00290796 0.00370086 -0.0232294 0.103052 0.00368058 -0.00979337 -0.00290796 0.00368058 0.00520108 -0.011794 0.00370086 -0.00979337 -0.011794 0.0713667 
0.0136873 -0.0231677 -0.0029102 0.00370475 -0.0231677 0.102942 0.00368331 -0.00986997 -0.0029102 0.00368331 0.0052875 -0.011844 0.00370475 -0.00986997 -0.011844 0.0713673 
0.0137369 -0.0231099 -0.00288028 0.00370816 -0.0231099 0.102966 0.00368625 -0.00989472 -0.00288028 0.00368625 0.00528451 -0.0119835 0.00370816 -0.00989472 -0.0119835 0.071734 
0.0138453 -0.0231206 -0.00278005 0.0036177 -0.0231206 0.102837 0.00360811 -0.00971806 -0.00278005 0.00360811 0.00513957 -0.0119418 0.0036177 -0.00971806 -0.0119418 0.0717055 
0.0139598 -0.0232871 -0.00269436 0.00349129 -0.0232871 0.103153 0.00350724 -0.00946922 -0.00269436 0.00350724 0.005017 -0.0117807 0.00349129 -0.00946922 -0.0117807 0.0714965 
0.0139142 -0.0234053 -0.00271824 0.00340588 -0.0234053 0.103447 0.00344298 -0.00927912 -0.00271824 0.00344298 0.00504112 -0.0116304 0.00340588 -0.00927912 -0.0116304 0.0711421 
0.0138385 -0.0233285 -0.00276944 0.00348891 -0.0233285 0.103429 0.00351637 -0.00937756 -0.00276944 0.00351637 0.00511162 -0.0116762 0.00348891 -0.00937756 -0.0116762 0.0710851 
0.0138192 -0.0232401 -0.00280437 0.00352549 -0.0232401 0.103247 0.00353222 -0.00944155 -0.00280437 0.00353222 0.00511646 -0.0117315 0.00352549 -0.00944155 -0.0117315 0.0711259 
0.0137929 -0.0231722 -0.00278051 0.00354699 -0.0231722 0.102919 0.00353892 -0.00945845 -0.00278051 0.00353892 0.00508646 -0.0116958 0.00354699 -0.00945845 -0.0116958 0.0709621 
0.0138079 -0.0232119 -0.00272823 0.00352755 -0.0232119 0.103039 0.00351776 -0.00944873 -0.00272823 0.00351776 0.00509515 -0.0116718 0.00352755 -0.00944873 -0.0116718 0.0709554 
0.0137716 -0.0231584 -0.00272624 0.00348459 -0.0231584 0.10284 0.00348231 -0.0094074 -0.00272624 0.00348231 0.00512007 -0.0116742 0.00348459 -0.0094074 -0.0116742 0.0708574 
0.0137833 -0.0231468 -0.0027397 0.00347605 -0.0231468 0.102826 0.00347815 -0.00936796 -0.0027397 0.00347815 0.00511949 -0.0117226 0.00347605 -0.00936796 -0.0117226 0.070962 
0.0138875 -0.0231932 -0.00270072 0.00348089 -0.0231932 0.10297 0.00347863 -0.00934265 -0.00270072 0.00347863 0.00503287 -0.0117324 0.00348089 -0.00934265 -0.0117324 0.0710837 
0.0139529 -0.0232922 -0.0026508 0.00342392 -0.0232922 0.103109 0.00343074 -0.00924986 -0.0026508 0.00343074 0.00495857 -0.0116137 0.00342392 -0.00924986 -0.0116137 0.070887 
0.0140088 -0.0233696 -0.00261782 0.00336532 -0.0233696 0.103285 0.00338308 -0.00913496 -0.00261782 0.00338308 0.0048951 -0.0115156 0.00336532 -0.00913496 -0.0115156 0.0706129 
0.0139932 -0.0234508 -0.00263888 0.00332356 -0.0234508 0.103509 0.00334608 -0.00902427 -0.00263888 0.00334608 0.00494423 -0.0114361 0.00332356 -0.00902427 -0.0114361 0.0703895 
0.0140253 -0.0234407 -0.0026189 0.0033322 -0.0234407 0.103585 0.00334234 -0.00895642 -0.0026189 0.00334234 0.00492829 -0.0114832 0.0033322 -0.00895642 -0.0114832 0.0703404 
0.0140619 -0.0234735 -0.00260696 0.00335971 -0.0234735 0.103666 0.00336044 -0.00903326 -0.00260696 0.00336044 0.00490903 -0.0115241 0.00335971 -0.00903326 -0.0115241 0.0705255 
0.0140992 -0.023511 -0.00257875 0.00332323 -0.023511 0.103729 0.00332668 -0.00898495 -0.00257875 0.00332668 0.004855 -0.0114962 0.00332323 -0.00898495 -0.0114962 0.0705309 
0.0141545 -0.0235898 -0.00256048 0.00329917 -0.0235898 0.103976 0.00330942 -0.00893932 -0.00256048 0.00330942 0.00480549 -0.0114542 0.00329917 -0.00893932 -0.0114542 0.0705531 
0.0141778 -0.0236544 -0.00256093 0.00326917 -0.0236544 0.104175 0.00328527 -0.00887277 -0.00256093 0.00328527 0.00476806 -0.0113838 0.00326917 -0.00887277 -0.0113838 0.0704318 
0.0141497 -0.0236345 -0.00258803 0.00327502 -0.0236345 0.104096 0.00328995 -0.00885917 -0.00258803 0.00328995 0.00475661 -0.0113082 0.00327502 -0.00885917 -0.0113082 0.0701572 
0.0142056 -0.0236747 -0.00258007 0.00328959 -0.0236747 0.104298 0.00329609 -0.00884955 -0.00258007 0.00329609 0.00471885 -0.0112843 0.00328959 -0.00884955 -0.0112843 0.0700734 
0.0141894 -0.0236721 -0.00255597 0.00326825 -0.0236721 0.104175 0.00326956 -0.0087993 -0.00255597 0.00326956 0.00469024 -0.0111921 0.00326825 -0.0087993 -0.0111921 0.0697343 
0.0142238 -0.0237159 -0.00255433 0.00327445 -0.0237159 0.104381 0.00327477 -0.00882797 -0.00255433 0.00327477 0.00467697 -0.0111907 0.00327445 -0.00882797 -0.0111907 0.0697327 
