0.00690212 0 -0.000203402 0 0 0.00998366 0 0 -0.000203402 0 0.00771233 0 0 0 0 0.00998366 
0.00983328 -0.0122198 -0.000253165 0.000308737 -0.0122198 0.0326088 0.000308737 -0.000592776 -0.000253165 0.000308737 0.0107842 -0.013393 0.000308737 -0.000592776 -0.013393 0.0348626 
0.0100372 -0.018799 -0.000153168 0.000293833 -0.018799 0.0692789 0.000293833 -0.000919008 -0.000153168 0.000293833 0.0106968 -0.0199744 0.000293833 -0.000919008 -0.0199744 0.073058 
0.00953263 -0.0186395 -9.89547e-05 0.000119945 -0.0186395 0.0837307 0.000122944 -0.000437799 -9.89547e-05 0.000122944 0.0101234 -0.0194971 0.000119945 -0.000437799 -0.0194971 0.0868312 
0.00950281 -0.0179971 -0.000107954 9.37497e-05 -0.0179971 0.0873265 0.000102272 -0.000224431 -0.000107954 0.000102272 0.0101392 -0.0188011 9.37497e-05 -0.000224431 -0.0188011 0.089548 
0.00960562 -0.0178653 -0.000108324 8.66591e-05 -0.0178653 0.088284 0.000105616 -0.00015707 -0.000108324 0.000105616 0.010372 -0.0187915 8.66591e-05 -0.00015707 -0.0187915 0.0904802 
0.00965049 -0.0179352 -0.000116239 0.000113597 -0.0179352 0.0887327 0.000137374 -0.000237762 -0.000116239 0.000137374 0.0105302 -0.0189523 0.000113597 -0.000237762 -0.0189523 0.0911473 
0.00965226 -0.0179171 -8.57401e-05 0.000132507 -0.0179171 0.0888086 0.000150695 -0.00030139 -8.57401e-05 0.000150695 0.0105746 -0.0190707 0.000132507 -0.00030139 -0.0190707 0.091573 
0.00966315 -0.0179 -6.42497e-05 0.000105369 -0.0179 0.0887468 0.000105369 -0.000287839 -6.42497e-05 0.000105369 0.0105524 -0.0190719 0.000105369 -0.000287839 -0.0190719 0.091674 
0.00966732 -0.0179005 -6.65828e-05 8.4509e-05 -0.0179005 0.0886704 7.42655e-05 -0.000215114 -6.65828e-05 7.42655e-05 0.0105073 -0.0190299 8.4509e-05 -0.000215114 -0.0190299 0.0915924 
0.00967811 -0.017925 -9.91453e-05 9.40609e-05 -0.017925 0.0887096 8.135e-05 -0.000223713 -9.91453e-05 8.135e-05 0.0105018 -0.0189673 9.40609e-05 -0.000223713 -0.0189673 0.0914603 
0.00970147 -0.0179539 -7.61298e-05 0.000121808 -0.0179539 0.0887876 0.000111657 -0.000256304 -7.61298e-05 0.000111657 0.0104805 -0.0189462 0.000121808 -0.000256304 -0.0189462 0.0913456 
0.00972088 -0.0179739 -7.84554e-05 0.000108825 -0.0179739 0.088852 0.000108825 -0.000283452 -7.84554e-05 0.000108825 0.0104725 -0.0189406 0.000108825 -0.000283452 -0.0189406 0.091317 
0.00973146 -0.0180144 -9.57275e-05 8.81701e-05 -0.0180144 0.0889611 8.56509e-05 -0.000234281 -9.57275e-05 8.56509e-05 0.0104847 -0.0189263 8.81701e-05 -0.000234281 -0.0189263 0.0912888 
0.00970864 -0.0179957 -0.000138875 0.0001111 -0.0179957 0.0889609 0.0001111 -0.000255025 -0.000138875 0.0001111 0.0104964 -0.0189678 0.0001111 -0.000255025 -0.0189678 0.0913546 
0.00969305 -0.0179339 -0.000141431 0.000151533 -0.0179339 0.0888133 0.000151533 -0.000325795 -0.000141431 0.000151533 0.0104886 -0.0190174 0.000151533 -0.000325795 -0.0190174 0.0915132 
0.00969408 -0.0179088 -0.000116521 0.000149451 -0.0179088 0.0887032 0.000151985 -0.000339432 -0.000116521 0.000151985 0.0104515 -0.0190133 0.000149451 -0.000339432 -0.0190133 0.0915859 
0.0096966 -0.0179178 -8.3657e-05 0.000129288 -0.0179178 0.0886941 0.000129288 -0.000314347 -8.3657e-05 0.000129288 0.0104267 -0.0189622 0.000129288 -0.000314347 -0.0189622 0.0915233 
0.00969689 -0.0179328 -3.80469e-05 7.60938e-05 -0.0179328 0.088733 8.11668e-05 -0.000197844 -3.80469e-05 8.11668e-05 0.0104046 -0.0189093 7.60938e-05 -0.000197844 -0.0189093 0.0913836 
0.00968557 -0.017985 -5.08696e-05 4.06957e-05 -0.017985 0.0888819 4.57827e-05 -0.000129718 -5.08696e-05 4.57827e-05 0.0103876 -0.0188294 4.06957e-05 -0.000129718 -0.0188294 0.0911405 
0.00970115 -0.0179686 -4.82139e-05 4.06012e-05 -0.0179686 0.0889166 4.56764e-05 -9.38903e-05 -4.82139e-05 4.56764e-05 0.0103787 -0.0188187 4.06012e-05 -9.38903e-05 -0.0188187 0.0910431 
0.00971333 -0.0179924 -5.56493e-05 4.30017e-05 -0.0179924 0.0889655 3.79427e-05 -7.84149e-05 -5.56493e-05 3.79427e-05 0.0103837 -0.0188069 4.30017e-05 -7.84149e-05 -0.0188069 0.0909992 
0.00970274 -0.0179849 -2.79545e-05 6.09916e-05 -0.0179849 0.0889283 5.33676e-05 -9.14874e-05 -2.79545e-05 5.33676e-05 0.0103711 -0.0188235 6.09916e-05 -9.14874e-05 -0.0188235 0.091002 
0.00969943 -0.0179573 -1.52547e-05 3.81367e-05 -0.0179573 0.0888737 3.55942e-05 -0.000101698 -1.52547e-05 3.55942e-05 0.0103579 -0.0188192 3.81367e-05 -0.000101698 -0.0188192 0.0910247 
0.00971377 -0.0179731 -2.79204e-05 2.2844e-05 -0.0179731 0.0888961 2.2844e-05 -7.36084e-05 -2.79204e-05 2.2844e-05 0.0103483 -0.0187854 2.2844e-05 -7.36084e-05 -0.0187854 0.0909749 
0.00970413 -0.0179407 -5.07804e-05 3.04682e-05 -0.0179407 0.0888123 2.79292e-05 -5.83974e-05 -5.07804e-05 2.79292e-05 0.0103338 -0.0188014 3.04682e-05 -5.83974e-05 -0.0188014 0.0909756 
0.00965767 -0.0179124 -3.82634e-05 5.10178e-05 -0.0179124 0.0887047 4.33651e-05 -7.90776e-05 -3.82634e-05 4.33651e-05 0.0103337 -0.0187924 5.10178e-05 -7.90776e-05 -0.0187924 0.0909826 
0.00963646 -0.0178941 0 4.093e-05 -0.0178941 0.0886775 3.58138e-05 -8.95344e-05 0 3.58138e-05 0.0103144 -0.0187562 4.093e-05 -8.95344e-05 -0.0187562 0.0908903 
0.00965487 -0.0178951 1.2744e-05 1.78416e-05 -0.0178951 0.0886907 1.78416e-05 -6.88177e-05 1.2744e-05 1.78416e-05 0.0103023 -0.0187184 1.78416e-05 -6.88177e-05 -0.0187184 0.0907986 
0.00965403 -0.0178865 -1.78968e-05 2.55668e-06 -0.0178865 0.0886376 5.11336e-06 -4.60203e-05 -1.78968e-05 5.11336e-06 0.0103034 -0.0187328 2.55668e-06 -4.60203e-05 -0.0187328 0.0908031 
0.00965735 -0.0179077 -3.83736e-05 3.83736e-05 -0.0179077 0.0886992 3.06989e-05 -7.16307e-05 -3.83736e-05 3.06989e-05 0.0103097 -0.018711 3.83736e-05 -7.16307e-05 -0.018711 0.0907637 
0.00966078 -0.0179189 -1.78525e-05 4.59065e-05 -0.0179189 0.0887475 4.33562e-05 -0.000107115 -1.78525e-05 4.33562e-05 0.0103366 -0.0187222 4.59065e-05 -0.000107115 -0.0187222 0.09077 
0.00967549 -0.017911 2.28976e-05 5.08835e-06 -0.017911 0.0887179 0 -2.54417e-05 2.28976e-05 0 0.0103497 -0.0187785 5.08835e-06 -2.54417e-05 -0.0187785 0.0908779 
0.00970748 -0.0179162 4.56465e-05 -4.31106e-05 -0.0179162 0.0887139 -4.81824e-05 8.36852e-05 4.56465e-05 -4.81824e-05 0.0103567 -0.0188089 -4.31106e-05 8.36852e-05 -0.0188089 0.0909988 
0.00973281 -0.0179987 4.31441e-05 -6.59852e-05 -0.0179987 0.0889023 -7.35988e-05 0.000167501 4.31441e-05 -7.35988e-05 0.0103597 -0.0187804 -6.59852e-05 0.000167501 -0.0187804 0.0909707 
0.00970906 -0.0180028 5.08195e-05 -6.35243e-05 -0.0180028 0.0889569 -6.60653e-05 0.00018295 5.08195e-05 -6.60653e-05 0.0103824 -0.0188032 -6.35243e-05 0.00018295 -0.0188032 0.0909872 
0.0096808 -0.0179622 4.59653e-05 -6.63943e-05 -0.0179622 0.0888943 -6.63943e-05 0.0001762 4.59653e-05 -6.63943e-05 0.0103882 -0.018833 -6.63943e-05 0.0001762 -0.018833 0.0910572 
0.00967341 -0.0179118 1.52658e-05 -5.08859e-05 -0.0179118 0.0887832 -5.08859e-05 0.000145025 1.52658e-05 -5.08859e-05 0.010396 -0.018866 -5.08859e-05 0.000145025 -0.018866 0.091157 
0.00970089 -0.0179393 -2.28914e-05 -2.28914e-05 -0.0179393 0.0887959 -2.03479e-05 8.64788e-05 -2.28914e-05 -2.03479e-05 0.0104054 -0.01886 -2.28914e-05 8.64788e-05 -0.01886 0.0911766 
0.00970943 -0.0179841 -4.58713e-05 2.54841e-05 -0.0179841 0.0888935 2.54841e-05 -1.78388e-05 -4.58713e-05 2.54841e-05 0.0104051 -0.0188506 2.54841e-05 -1.78388e-05 -0.0188506 0.0911336 
0.00969717 -0.0179861 -5.61267e-05 7.1434e-05 -0.0179861 0.0889379 7.39853e-05 -0.000147971 -5.61267e-05 7.39853e-05 0.0104294 -0.0188662 7.1434e-05 -0.000147971 -0.0188662 0.0911524 
0.00969238 -0.01794 -4.85002e-05 7.1474e-05 -0.01794 0.0888396 8.16845e-05 -0.000191448 -4.85002e-05 8.16845e-05 0.0104403 -0.0189176 7.1474e-05 -0.000191448 -0.0189176 0.0912774 
0.0097 -0.0179163 -5.86334e-05 6.11827e-05 -0.0179163 0.0887454 6.88305e-05 -0.000178449 -5.86334e-05 6.88305e-05 0.0104291 -0.018936 6.11827e-05 -0.000178449 -0.018936 0.0913534 
0.00971305 -0.0179507 -8.88776e-05 8.12595e-05 -0.0179507 0.0887836 8.88776e-05 -0.000215846 -8.88776e-05 8.88776e-05 0.0104266 -0.018903 8.12595e-05 -0.000215846 -0.018903 0.0913255 
0.00974037 -0.0179822 -7.59384e-05 8.85948e-05 -0.0179822 0.0888707 9.61887e-05 -0.000207565 -7.59384e-05 9.61887e-05 0.0104213 -0.0188909 8.85948e-05 -0.000207565 -0.0188909 0.0912653 
0.00975437 -0.0180428 -7.82167e-05 8.83091e-05 -0.0180428 0.0890408 8.5786e-05 -0.000216988 -7.82167e-05 8.5786e-05 0.0104432 -0.0188754 8.83091e-05 -0.000216988 -0.0188754 0.0912031 
0.00972964 -0.0180132 -1.01298e-05 5.57137e-05 -0.0180132 0.0890001 5.57137e-05 -0.000129154 -1.01298e-05 5.57137e-05 0.0104438 -0.0189199 5.57137e-05 -0.000129154 -0.0189199 0.0912666 
0.00972304 -0.0180187 1.77151e-05 2.53072e-06 -0.0180187 0.0890258 -5.06145e-06 -2.27765e-05 1.77151e-05 -5.06145e-06 0.0104519 -0.0189121 2.53072e-06 -2.27765e-05 -0.0189121 0.0912781 
0.0097039 -0.0179908 3.54249e-05 -3.03642e-05 -0.0179908 0.0889773 -3.79553e-05 6.83195e-05 3.54249e-05 -3.79553e-05 0.0104605 -0.0189296 -3.03642e-05 6.83195e-05 -0.0189296 0.0913204 
0.00972686 -0.018002 -2.52908e-06 -3.54072e-05 -0.018002 0.0890187 -4.55235e-05 9.1047e-05 -2.52908e-06 -4.55235e-05 0.0104654 -0.0189277 -3.54072e-05 9.1047e-05 -0.0189277 0.0913202 
0.00973347 -0.0180156 -4.78737e-05 1.76377e-05 -0.0180156 0.0890374 1.25983e-05 5.03933e-06 -4.78737e-05 1.25983e-05 0.010502 -0.0189529 1.76377e-05 5.03933e-06 -0.0189529 0.0914009 
0.00973856 -0.0180158 -5.81482e-05 6.82609e-05 -0.0180158 0.0890375 6.32046e-05 -0.000121353 -5.81482e-05 6.32046e-05 0.0105071 -0.0189968 6.82609e-05 -0.000121353 -0.0189968 0.0914949 
0.00974494 -0.0180345 -4.30296e-05 6.581e-05 -0.0180345 0.0890915 7.84657e-05 -0.000161994 -4.30296e-05 7.84657e-05 0.0105043 -0.0189963 6.581e-05 -0.000161994 -0.0189963 0.0915265 
0.00974967 -0.018047 -2.7784e-05 4.79906e-05 -0.018047 0.0891185 6.06197e-05 -0.000156601 -2.7784e-05 6.06197e-05 0.01052 -0.0189992 4.79906e-05 -0.000156601 -0.0189992 0.0915307 
0.00972413 -0.018009 -4.79768e-05 3.28262e-05 -0.018009 0.0890323 4.04015e-05 -0.000118679 -4.79768e-05 4.04015e-05 0.0105271 -0.0190291 3.28262e-05 -0.000118679 -0.0190291 0.0915826 
0.00970849 -0.0179903 -3.03548e-05 4.55323e-05 -0.0179903 0.0889599 4.55323e-05 -0.000103712 -3.03548e-05 4.55323e-05 0.0105255 -0.0190274 4.55323e-05 -0.000103712 -0.0190274 0.0916008 
0.0096937 -0.017937 -7.60688e-06 3.29631e-05 -0.017937 0.0888154 2.78919e-05 -7.86044e-05 -7.60688e-06 2.78919e-05 0.010495 -0.01904 3.29631e-05 -7.86044e-05 -0.01904 0.0916324 
0.00971348 -0.0179807 -2.53285e-06 -2.53285e-06 -0.0179807 0.0889081 -7.59855e-06 -2.53285e-06 -2.53285e-06 -7.59855e-06 0.0104657 -0.0189635 -2.53285e-06 -2.53285e-06 -0.0189635 0.0914815 
0.00971174 -0.0179858 4.80904e-05 -1.51865e-05 -0.0179858 0.0889268 -2.78418e-05 7.34012e-05 4.80904e-05 -2.78418e-05 0.0104711 -0.0189451 -1.51865e-05 7.34012e-05 -0.0189451 0.0913971 
0.00969548 -0.0179597 6.32204e-05 -6.32204e-05 -0.0179597 0.088855 -7.08068e-05 0.000146671 6.32204e-05 -7.08068e-05 0.0104819 -0.0189686 -6.32204e-05 0.000146671 -0.0189686 0.0914319 
0.00970096 -0.0179684 2.52827e-05 -6.32067e-05 -0.0179684 0.0888913 -6.57349e-05 0.000154224 2.52827e-05 -6.57349e-05 0.0104898 -0.0189595 -6.32067e-05 0.000154224 -0.0189595 0.0914322 
0.0096973 -0.0179558 -1.26432e-05 -7.58589e-06 -0.0179558 0.0888586 -7.58589e-06 6.32158e-05 -1.26432e-05 -7.58589e-06 0.0104888 -0.01899 -7.58589e-06 6.32158e-05 -0.01899 0.091496 
0.00969702 -0.0179428 -2.27156e-05 3.53353e-05 -0.0179428 0.0888103 3.53353e-05 -6.30988e-05 -2.27156e-05 3.53353e-05 0.010487 -0.0189953 3.53353e-05 -6.30988e-05 -0.0189953 0.0915109 
0.00969365 -0.0179476 -7.59096e-06 1.77122e-05 -0.0179476 0.0888016 2.53032e-05 -6.57883e-05 -7.59096e-06 2.53032e-05 0.0104629 -0.0189749 1.77122e-05 -6.57883e-05 -0.0189749 0.0914888 
0.00967581 -0.017928 -1.52535e-05 -5.0845e-06 -0.017928 0.0887526 0 2.54225e-06 -1.52535e-05 0 0.0104283 -0.0189499 -5.0845e-06 2.54225e-06 -0.0189499 0.0914296 
0.00967818 -0.0179315 -1.78423e-05 5.0978e-06 -0.0179315 0.0887731 7.6467e-06 5.0978e-06 -1.78423e-05 7.6467e-06 0.0103689 -0.0188695 5.0978e-06 5.0978e-06 -0.0188695 0.0912328 
0.0097041 -0.0179685 -5.08734e-06 1.5262e-05 -0.0179685 0.0888732 1.78057e-05 -2.2893e-05 -5.08734e-06 1.78057e-05 0.0103349 -0.0187875 1.5262e-05 -2.2893e-05 -0.0187875 0.0910074 
0.00971662 -0.017985 2.02905e-05 -7.60894e-06 -0.017985 0.0889232 -1.01453e-05 7.60894e-06 2.02905e-05 -1.01453e-05 0.0103406 -0.0187535 -7.60894e-06 7.60894e-06 -0.0187535 0.0908837 
0.00971203 -0.0179925 3.03501e-05 -1.5175e-05 -0.0179925 0.088946 -2.52917e-05 3.28793e-05 3.03501e-05 -2.52917e-05 0.0103747 -0.0187715 -1.5175e-05 3.28793e-05 -0.0187715 0.0908909 
0.00970952 -0.0179743 5.54686e-05 -2.26917e-05 -0.0179743 0.0889111 -3.27769e-05 6.55538e-05 5.54686e-05 -3.27769e-05 0.0103978 -0.0188265 -2.26917e-05 6.55538e-05 -0.0188265 0.0909987 
0.00969416 -0.0179655 6.5706e-05 -5.81245e-05 -0.0179655 0.0888724 -6.31789e-05 0.000116249 6.5706e-05 -6.31789e-05 0.0104043 -0.0188602 -5.81245e-05 0.000116249 -0.0188602 0.0911039 
0.00968485 -0.0179491 8.38626e-05 -8.38626e-05 -0.0179491 0.0888409 -8.13213e-05 0.000185514 8.38626e-05 -8.13213e-05 0.0103837 -0.0188615 -8.38626e-05 0.000185514 -0.0188615 0.0911459 
0.00969505 -0.0179424 0.000103948 -0.00011916 -0.0179424 0.0888096 -0.000114089 0.000273814 0.000103948 -0.000114089 0.0103796 -0.0188501 -0.00011916 0.000273814 -0.0188501 0.0911725 
0.00968904 -0.0179365 5.59325e-05 -0.00011695 -0.0179365 0.0887853 -0.00011695 0.000279663 5.59325e-05 -0.00011695 0.0103653 -0.018834 -0.00011695 0.000279663 -0.018834 0.0911166 
0.00968724 -0.0179332 2.56005e-05 -5.37611e-05 -0.0179332 0.0887698 -5.63212e-05 0.000186884 2.56005e-05 -5.63212e-05 0.0103196 -0.0188113 -5.37611e-05 0.000186884 -0.0188113 0.0910431 
0.00969832 -0.0179347 0 -1.28014e-05 -0.0179347 0.0887852 -1.02411e-05 6.40069e-05 0 -1.02411e-05 0.0102949 -0.0187566 -1.28014e-05 6.40069e-05 -0.0187566 0.090941 
0.00970157 -0.0179341 5.12768e-06 -2.56384e-06 -0.0179341 0.0887729 -2.56384e-06 1.5383e-05 5.12768e-06 -2.56384e-06 0.010281 -0.0187237 -2.56384e-06 1.5383e-05 -0.0187237 0.090842 
0.00971661 -0.0179524 -2.56646e-06 -1.28323e-05 -0.0179524 0.0887918 -1.53988e-05 2.56646e-05 -2.56646e-06 -1.53988e-05 0.0102427 -0.0186838 -1.28323e-05 2.56646e-05 -0.0186838 0.0907038 
0.00971023 -0.0179691 -1.79819e-05 2.56885e-06 -0.0179691 0.0888332 2.56885e-06 2.56885e-06 -1.79819e-05 2.56885e-06 0.010224 -0.0186318 2.56885e-06 2.56885e-06 -0.0186318 0.0905621 
0.00971338 -0.0179851 5.1123e-06 1.78931e-05 -0.0179851 0.0888953 1.27808e-05 -2.81177e-05 5.1123e-06 1.27808e-05 0.0102476 -0.0186037 1.78931e-05 -2.81177e-05 -0.0186037 0.0904699 
0.00969046 -0.0179649 3.57205e-05 -2.55146e-06 -0.0179649 0.0888624 -7.65439e-06 0 3.57205e-05 -7.65439e-06 0.0102722 -0.0186435 -2.55146e-06 0 -0.0186435 0.0905055 
0.00968436 -0.0179385 4.34162e-05 -4.8524e-05 -0.0179385 0.0888065 -4.08623e-05 7.66168e-05 4.34162e-05 -4.08623e-05 0.0102871 -0.0186868 -4.8524e-05 7.66168e-05 -0.0186868 0.090607 
0.0096804 -0.0179271 5.36664e-05 -6.38886e-05 -0.0179271 0.0887592 -6.38886e-05 0.000145666 5.36664e-05 -6.38886e-05 0.0102912 -0.018704 -6.38886e-05 0.000145666 -0.018704 0.0906861 
0.00967535 -0.0178989 6.88909e-05 -5.86848e-05 -0.0178989 0.0886651 -5.35818e-05 0.000127576 6.88909e-05 -5.35818e-05 0.0102877 -0.0187281 -5.86848e-05 0.000127576 -0.0187281 0.0907548 
0.00966529 -0.0178739 6.64457e-05 -8.94461e-05 -0.0178739 0.0885951 -8.43349e-05 0.00019167 6.64457e-05 -8.43349e-05 0.0102633 -0.0187147 -8.94461e-05 0.00019167 -0.0187147 0.0907597 
0.00965843 -0.0178982 6.92636e-05 -9.49168e-05 -0.0178982 0.0886446 -9.49168e-05 0.000238575 6.92636e-05 -9.49168e-05 0.0102485 -0.018673 -9.49168e-05 0.000238575 -0.018673 0.0906763 
0.00964706 -0.0179112 7.72589e-05 -7.46836e-05 -0.0179112 0.0886983 -8.24094e-05 0.000200873 7.72589e-05 -8.24094e-05 0.0102316 -0.0186271 -7.46836e-05 0.000200873 -0.0186271 0.0905371 
0.00967422 -0.0179323 7.43973e-05 -7.69627e-05 -0.0179323 0.0887842 -8.20936e-05 0.00017958 7.43973e-05 -8.20936e-05 0.0102181 -0.0185737 -7.69627e-05 0.00017958 -0.0185737 0.0903902 
0.00968738 -0.0179267 8.92259e-05 -7.90286e-05 -0.0179267 0.0887619 -8.66765e-05 0.000191198 8.92259e-05 -8.66765e-05 0.0102329 -0.0185947 -7.90286e-05 0.000191198 -0.0185947 0.0903858 
0.0096901 -0.0179382 7.41459e-05 -0.00010994 -0.0179382 0.088773 -0.000112497 0.000245448 7.41459e-05 -0.000112497 0.0102193 -0.0186055 -0.00010994 0.000245448 -0.0186055 0.0903864 
0.00969372 -0.0179252 5.36836e-05 -9.96981e-05 -0.0179252 0.0887415 -0.000102254 0.000278643 5.36836e-05 -0.000102254 0.010205 -0.0186078 -9.96981e-05 0.000278643 -0.0186078 0.0904185 
0.00967379 -0.0179302 4.34949e-05 -6.65217e-05 -0.0179302 0.0887271 -6.90802e-05 0.000209799 4.34949e-05 -6.90802e-05 0.0101983 -0.0185775 -6.65217e-05 0.000209799 -0.0185775 0.0903723 
0.00962885 -0.0178723 5.37782e-05 -5.12173e-05 -0.0178723 0.0886059 -5.12173e-05 0.000145969 5.37782e-05 -5.12173e-05 0.0102153 -0.018597 -5.12173e-05 0.000145969 -0.018597 0.0904139 
0.00961167 -0.0178374 7.68523e-05 -6.40436e-05 -0.0178374 0.0885185 -6.40436e-05 0.000148581 7.68523e-05 -6.40436e-05 0.0102265 -0.0186111 -6.40436e-05 0.000148581 -0.0186111 0.0904578 
0.009594 -0.0178343 7.44915e-05 -7.44915e-05 -0.0178343 0.0884934 -7.96289e-05 0.000151552 7.44915e-05 -7.96289e-05 0.0102387 -0.0186126 -7.44915e-05 0.000151552 -0.0186126 0.090461 
0.00958683 -0.0178012 5.67573e-05 -7.22366e-05 -0.0178012 0.0884228 -7.99763e-05 0.000167692 5.67573e-05 -7.99763e-05 0.010237 -0.0186396 -7.22366e-05 0.000167692 -0.0186396 0.0905177 
0.00959988 -0.0178247 4.63514e-05 -7.72523e-05 -0.0178247 0.0884642 -7.46772e-05 0.00018283 4.63514e-05 -7.46772e-05 0.0102282 -0.0185998 -7.72523e-05 0.00018283 -0.0185998 0.0904496 
0.00960927 -0.0178176 5.13178e-05 -5.90155e-05 -0.0178176 0.0884514 -5.38837e-05 0.000159085 5.13178e-05 -5.38837e-05 0.0102353 -0.018613 -5.90155e-05 0.000159085 -0.018613 0.0904554 
0.00960273 -0.0177707 6.4396e-05 -5.40926e-05 -0.0177707 0.0883049 -4.89409e-05 0.000136519 6.4396e-05 -4.89409e-05 0.0102106 -0.0186542 -5.40926e-05 0.000136519 -0.0186542 0.0905485 
0.00962373 -0.0177924 7.98329e-05 -9.27092e-05 -0.0177924 0.0883055 -8.49834e-05 0.000195719 7.98329e-05 -8.49834e-05 0.0101697 -0.0186011 -9.27092e-05 0.000195719 -0.0186011 0.0904919 
0.00965005 -0.0178338 5.13574e-05 -8.47397e-05 -0.0178338 0.0884066 -7.96039e-05 0.000190022 5.13574e-05 -7.96039e-05 0.0101508 -0.01854 -8.47397e-05 0.000190022 -0.01854 0.090353 
0.00968282 -0.0179098 3.06499e-05 -5.61915e-05 -0.0179098 0.0886115 -4.85291e-05 0.000150695 3.06499e-05 -4.85291e-05 0.0101426 -0.0184768 -5.61915e-05 0.000150695 -0.0184768 0.0901466 
0.00966914 -0.0178845 4.33594e-05 -5.61121e-05 -0.0178845 0.0885705 -5.61121e-05 0.000160685 4.33594e-05 -5.61121e-05 0.0101512 -0.0185221 -5.61121e-05 0.000160685 -0.0185221 0.0902003 
0.00965196 -0.0178731 5.63095e-05 -6.14285e-05 -0.0178731 0.088539 -6.14285e-05 0.000168928 5.63095e-05 -6.14285e-05 0.0101434 -0.0185284 -6.14285e-05 0.000168928 -0.0185284 0.0902359 
0.00967347 -0.0179109 8.44733e-05 -6.39949e-05 -0.0179109 0.0886714 -6.91145e-05 0.000176626 8.44733e-05 -6.91145e-05 0.0101163 -0.0184741 -6.39949e-05 0.000176626 -0.0184741 0.0901279 
0.00967774 -0.0179297 7.94939e-05 -9.48798e-05 -0.0179297 0.0887306 -9.74441e-05 0.000212839 7.94939e-05 -9.74441e-05 0.0101085 -0.0184503 -9.48798e-05 0.000212839 -0.0184503 0.090041 
0.00967067 -0.017936 6.16621e-05 -9.76317e-05 -0.017936 0.0887754 -0.000100201 0.000246648 6.16621e-05 -0.000100201 0.0101126 -0.0184395 -9.76317e-05 0.000246648 -0.0184395 0.0899958 
0.00966238 -0.0179466 8.74191e-05 -8.22768e-05 -0.0179466 0.0888332 -8.22768e-05 0.000226261 8.74191e-05 -8.22768e-05 0.0101303 -0.01843 -8.22768e-05 0.000226261 -0.01843 0.0899568 
0.0096412 -0.0179322 0.000118076 -0.000120643 -0.0179322 0.0888141 -0.00012321 0.000290057 0.000118076 -0.00012321 0.0101777 -0.0184636 -0.000120643 0.000290057 -0.0184636 0.0900051 
0.00962598 -0.0178483 0.000135758 -0.000143442 -0.0178483 0.0886087 -0.000156249 0.000345797 0.000135758 -0.000156249 0.0102049 -0.0185655 -0.000143442 0.000345797 -0.0185655 0.0902352 
0.00962353 -0.0178112 0.000135651 -0.000151008 -0.0178112 0.0884443 -0.000158686 0.000368561 0.000135651 -0.000158686 0.0102148 -0.0186123 -0.000151008 0.000368561 -0.0186123 0.090433 
0.00962807 -0.0178338 0.000136077 -0.000159184 -0.0178338 0.0884473 -0.000164319 0.000392825 0.000136077 -0.000164319 0.0101981 -0.0186014 -0.000159184 0.000392825 -0.0186014 0.0904602 
0.00962707 -0.0178582 0.000157103 -0.000167405 -0.0178582 0.0885237 -0.00016998 0.000414649 0.000157103 -0.00016998 0.0101988 -0.0185794 -0.000167405 0.000414649 -0.0185794 0.090427 
0.00962496 -0.0178628 0.000169852 -0.00018272 -0.0178628 0.0885548 -0.00018272 0.000437498 0.000169852 -0.00018272 0.0102169 -0.0185757 -0.00018272 0.000437498 -0.0185757 0.0904 
0.00961649 -0.0178365 0.000176802 -0.000192176 -0.0178365 0.0885086 -0.000194738 0.000448411 0.000176802 -0.000194738 0.0102443 -0.0186078 -0.000192176 0.000448411 -0.0186078 0.0904432 
0.00961169 -0.0178364 0.000161519 -0.000212795 -0.0178364 0.0884921 -0.000207668 0.00049225 0.000161519 -0.000207668 0.0102526 -0.0186337 -0.000212795 0.00049225 -0.0186337 0.0905047 
0.00962803 -0.0178463 0.000122813 -0.000168868 -0.0178463 0.0885098 -0.000168868 0.000424728 0.000122813 -0.000168868 0.0102574 -0.0186471 -0.000168868 0.000424728 -0.0186471 0.0905465 
0.00966708 -0.0178664 8.42391e-05 -0.000127635 -0.0178664 0.0885685 -0.00012253 0.000324193 8.42391e-05 -0.00012253 0.010244 -0.01865 -0.000127635 0.000324193 -0.01865 0.0905647 
0.00967634 -0.0179139 0.000102044 -9.94931e-05 -0.0179139 0.0886662 -0.000102044 0.000257662 0.000102044 -0.000102044 0.0102452 -0.0186307 -9.94931e-05 0.000257662 -0.0186307 0.0905285 
0.00966825 -0.0179045 0.000122739 -0.000109954 -0.0179045 0.0886738 -0.000109954 0.000240364 0.000122739 -0.000109954 0.010241 -0.0186486 -0.000109954 0.000240364 -0.0186486 0.0905506 
0.0096845 -0.0179024 0.000112225 -0.000140281 -0.0179024 0.0886806 -0.000142832 0.000295866 0.000112225 -0.000142832 0.0102303 -0.0186446 -0.000140281 0.000295866 -0.0186446 0.0905808 
0.00968764 -0.0179163 0.00010713 -0.000130087 -0.0179163 0.0886784 -0.000130087 0.000308637 0.00010713 -0.000130087 0.0102411 -0.0186458 -0.000130087 0.000308637 -0.0186458 0.0906144 
0.0096598 -0.0179352 0.000133062 -0.000150974 -0.0179352 0.0887243 -0.000153533 0.000376156 0.000133062 -0.000153533 0.010256 -0.0186389 -0.000150974 0.000376156 -0.0186389 0.0905795 
0.0096415 -0.0179122 0.000128348 -0.000166852 -0.0179122 0.0887321 -0.000166852 0.00041328 0.000128348 -0.000166852 0.0102704 -0.0186515 -0.000166852 0.00041328 -0.0186515 0.0905803 
0.00967292 -0.0179093 0.000104613 -0.000153093 -0.0179093 0.088753 -0.000158196 0.000385284 0.000104613 -0.000158196 0.01027 -0.0186595 -0.000153093 0.000385284 -0.0186595 0.0905799 
0.00971277 -0.0179411 7.90693e-05 -0.000124981 -0.0179411 0.0887821 -0.00012243 0.00032648 7.90693e-05 -0.00012243 0.0102459 -0.0186527 -0.000124981 0.00032648 -0.0186527 0.0905624 
0.00968633 -0.0179483 8.71027e-05 -9.47882e-05 -0.0179483 0.0887704 -9.22263e-05 0.000256184 8.71027e-05 -9.22263e-05 0.0102371 -0.0186374 -9.47882e-05 0.000256184 -0.0186374 0.0905509 
0.00968151 -0.0179467 0.000120156 -9.9704e-05 -0.0179467 0.0888081 -8.94779e-05 0.000230086 0.000120156 -8.94779e-05 0.0102516 -0.0186242 -9.9704e-05 0.000230086 -0.0186242 0.0905363 
0.00964453 -0.0179065 0.000178886 -0.00017122 -0.0179065 0.0887046 -0.000163553 0.000362884 0.000178886 -0.000163553 0.0102783 -0.0186604 -0.00017122 0.000362884 -0.0186604 0.0905778 
0.00966285 -0.0179102 0.000168627 -0.000222281 -0.0179102 0.0887337 -0.000214616 0.000482887 0.000168627 -0.000214616 0.0102735 -0.018664 -0.000222281 0.000482887 -0.018664 0.090586 
0.00967846 -0.0178895 0.000137572 -0.000206358 -0.0178895 0.0886628 -0.000203811 0.000519717 0.000137572 -0.000203811 0.0102848 -0.0186996 -0.000206358 0.000519717 -0.0186996 0.0907034 
0.00966993 -0.0178693 0.000115088 -0.00015345 -0.0178693 0.0885511 -0.000156008 0.000416873 0.000115088 -0.000156008 0.0102735 -0.0187388 -0.00015345 0.000416873 -0.0187388 0.0908273 
0.00963466 -0.017883 0.000110389 -0.000123225 -0.017883 0.0885706 -0.000128359 0.000336302 0.000110389 -0.000128359 0.0102765 -0.018702 -0.000123225 0.000336302 -0.018702 0.0907887 
0.00963886 -0.0179059 0.000115175 -0.000127972 -0.0179059 0.0886949 -0.000130532 0.000317371 0.000115175 -0.000130532 0.0102813 -0.0186532 -0.000127972 0.000317371 -0.0186532 0.0906222 
0.00959244 -0.0178754 0.000105894 -0.000126556 -0.0178754 0.0886229 -0.000121391 0.000286688 0.000105894 -0.000121391 0.0102614 -0.0186528 -0.000126556 0.000286688 -0.0186528 0.0905548 
0.00960313 -0.0178392 9.30336e-05 -0.000124045 -0.0178392 0.0885731 -0.000124045 0.000297191 9.30336e-05 -0.000124045 0.010257 -0.0186507 -0.000124045 0.000297191 -0.0186507 0.0905449 
0.00962237 -0.0178123 4.89491e-05 -8.24407e-05 -0.0178123 0.0884717 -7.98644e-05 0.000203525 4.89491e-05 -7.98644e-05 0.0102639 -0.0186702 -8.24407e-05 0.000203525 -0.0186702 0.09061 
0.00964407 -0.0178133 5.8993e-05 -5.38631e-05 -0.0178133 0.0883997 -5.12982e-05 0.000143635 5.8993e-05 -5.12982e-05 0.0102725 -0.0186956 -5.38631e-05 0.000143635 -0.0186956 0.0907004 
0.00966219 -0.0178473 9.71075e-05 -7.41083e-05 -0.0178473 0.0884572 -7.41083e-05 0.000155883 9.71075e-05 -7.41083e-05 0.0102959 -0.0187136 -7.41083e-05 0.000155883 -0.0187136 0.0907699 
0.0097095 -0.0178992 0.000122196 -0.00011965 -0.0178992 0.088582 -0.000124742 0.000241847 0.000122196 -0.000124742 0.0102823 -0.018724 -0.00011965 0.000241847 -0.018724 0.0907892 
0.00972616 -0.0179995 0.000160573 -0.00016822 -0.0179995 0.0888404 -0.000173317 0.000387415 0.000160573 -0.000173317 0.0102792 -0.0186673 -0.00016822 0.000387415 -0.0186673 0.090673 
0.00971731 -0.0180246 0.000162888 -0.00018834 -0.0180246 0.0889982 -0.00019852 0.000455579 0.000162888 -0.00019852 0.0102951 -0.0186584 -0.00018834 0.000455579 -0.0186584 0.090594 
0.0097064 -0.017999 0.000157374 -0.00017768 -0.017999 0.0890075 -0.000182756 0.000441661 0.000157374 -0.000182756 0.0103334 -0.0187148 -0.00017768 0.000441661 -0.0187148 0.0906827 
0.00969616 -0.0179521 0.000159743 -0.00019017 -0.0179521 0.0888857 -0.000192706 0.000466552 0.000159743 -0.000192706 0.010358 -0.0187838 -0.00019017 0.000466552 -0.0187838 0.090866 
0.00968954 -0.0179289 0.000152112 -0.000200281 -0.0179289 0.0887777 -0.00019521 0.000489294 0.000152112 -0.00019521 0.0103538 -0.0188137 -0.000200281 0.000489294 -0.0188137 0.0909934 
0.00971318 -0.0179789 0.000144745 -0.000172679 -0.0179789 0.0888914 -0.000172679 0.000441854 0.000144745 -0.000172679 0.0103277 -0.0187636 -0.000172679 0.000441854 -0.0187636 0.0909179 
0.00971706 -0.0180137 0.000147113 -0.000157259 -0.0180137 0.0890084 -0.000154722 0.000393147 0.000147113 -0.000154722 0.0103537 -0.0187518 -0.000157259 0.000393147 -0.0187518 0.0908752 
0.00971036 -0.018014 0.000169514 -0.000174574 -0.018014 0.0890555 -0.000159394 0.000402279 0.000169514 -0.000159394 0.0104036 -0.0187882 -0.000174574 0.000402279 -0.0187882 0.0909353 
0.00972763 -0.018031 0.000201661 -0.00022939 -0.018031 0.0891191 -0.000211744 0.000511715 0.000201661 -0.000211744 0.010436 -0.0188301 -0.00022939 0.000511715 -0.0188301 0.0910097 
0.00970234 -0.0179959 0.000222172 -0.000265091 -0.0179959 0.0890101 -0.000254993 0.000613497 0.000222172 -0.000254993 0.0104547 -0.0189124 -0.000265091 0.000613497 -0.0189124 0.0911863 
