0.00670958 0 0.000157991 0 0 0.0099837 0 0 0.000157991 0 0.00794662 0 0 0 0 0.0099837 
0.00958734 -0.0119213 0.000187085 -0.000226956 -0.0119213 0.0320375 -0.000226956 0.000432442 0.000187085 -0.000226956 0.0110871 -0.0137615 -0.000226956 0.000432442 -0.0137615 0.0355676 
0.00982597 -0.0184174 0.000125652 -0.000204184 -0.0184174 0.0681096 -0.000204184 0.000640824 0.000125652 -0.000204184 0.010894 -0.0204498 -0.000204184 0.000640824 -0.0204498 0.0745398 
0.00940381 -0.0184457 8.81987e-05 -0.00013686 -0.0184457 0.0831075 -0.000145984 0.000483572 8.81987e-05 -0.000145984 0.010152 -0.0196774 -0.00013686 0.000483572 -0.0196774 0.0876574 
0.00936862 -0.0179481 0.00010368 -0.00011808 -0.0179481 0.0871947 -0.00013536 0.000359999 0.00010368 -0.00013536 0.0101606 -0.0187372 -0.00011808 0.000359999 -0.0187372 0.0896052 
0.00947213 -0.0177872 0.000135316 -0.000154647 -0.0177872 0.0882206 -0.000162932 0.00037281 0.000135316 -0.000162932 0.0103696 -0.0187068 -0.000154647 0.00037281 -0.0187068 0.0902144 
0.00954356 -0.0177993 0.000146947 -0.000170993 -0.0177993 0.0885157 -0.000170993 0.000400765 0.000146947 -0.000170993 0.0105321 -0.0189001 -0.000170993 0.000400765 -0.0189001 0.0909122 
0.00962986 -0.0178197 0.00015364 -0.000184889 -0.0178197 0.0886035 -0.000187493 0.000450504 0.00015364 -0.000187493 0.0105751 -0.0190332 -0.000184889 0.000450504 -0.0190332 0.0913977 
0.00968112 -0.0178973 0.000157606 -0.000198945 -0.0178973 0.0886803 -0.000198945 0.00049607 0.000157606 -0.000198945 0.0105363 -0.0190419 -0.000198945 0.00049607 -0.0190419 0.0915224 
0.0096472 -0.0179564 0.000149809 -0.000209216 -0.0179564 0.0887956 -0.000216965 0.000547579 0.000149809 -0.000216965 0.0105202 -0.0189638 -0.000209216 0.000547579 -0.0189638 0.0913836 
0.00964454 -0.0179238 0.000144256 -0.00021896 -0.0179238 0.0887947 -0.000226688 0.00059248 0.000144256 -0.000226688 0.0104895 -0.0189387 -0.00021896 0.00059248 -0.0189387 0.0912754 
0.00959303 -0.0179149 0.000153776 -0.000197345 -0.0179149 0.088767 -0.000207597 0.000566407 0.000153776 -0.000207597 0.0105285 -0.0189118 -0.000197345 0.000566407 -0.0189118 0.0911915 
0.00956823 -0.0178597 0.000167864 -0.000198384 -0.0178597 0.0886855 -0.000208558 0.000531569 0.000167864 -0.000208558 0.010578 -0.0189686 -0.000198384 0.000531569 -0.0189686 0.0912467 
0.00957197 -0.0178359 0.000169842 -0.000195191 -0.0178359 0.0886143 -0.000195191 0.00049178 0.000169842 -0.000195191 0.0105834 -0.0190223 -0.000195191 0.00049178 -0.0190223 0.0913698 
0.00957933 -0.0178338 0.000169077 -0.000204406 -0.0178338 0.088576 -0.000199359 0.000487042 0.000169077 -0.000199359 0.0106014 -0.0190628 -0.000204406 0.000487042 -0.0190628 0.0915336 
0.00959363 -0.0178539 0.000169195 -0.000232328 -0.0178539 0.0886154 -0.000229803 0.000555567 0.000169195 -0.000229803 0.010581 -0.0190711 -0.000232328 0.000555567 -0.0190711 0.0915801 
0.0095816 -0.0178471 0.00016925 -0.000229878 -0.0178471 0.0885938 -0.000229878 0.000583535 0.00016925 -0.000229878 0.0105718 -0.0190672 -0.000229878 0.000583535 -0.0190672 0.0916403 
0.00954748 -0.0178372 0.000183993 -0.000234402 -0.0178372 0.0885965 -0.000226841 0.000592307 0.000183993 -0.000226841 0.0106086 -0.0190622 -0.000234402 0.000592307 -0.0190622 0.0916613 
0.00956736 -0.0178193 0.000181086 -0.000246478 -0.0178193 0.0885886 -0.000246478 0.000618709 0.000181086 -0.000246478 0.0106061 -0.019102 -0.000246478 0.000618709 -0.019102 0.0917274 
0.00959106 -0.017853 0.000161406 -0.0002295 -0.017853 0.0886398 -0.0002295 0.000595186 0.000161406 -0.0002295 0.0105822 -0.0190913 -0.0002295 0.000595186 -0.0190913 0.0917292 
0.00962716 -0.0179102 0.000126807 -0.000177529 -0.0179102 0.0888002 -0.000174993 0.000471721 0.000126807 -0.000174993 0.01053 -0.0190286 -0.000177529 0.000471721 -0.0190286 0.0915925 
0.00966534 -0.0179474 0.000108543 -0.000121164 -0.0179474 0.0889115 -0.000121164 0.000318055 0.000108543 -0.000121164 0.0105211 -0.0189899 -0.000121164 0.000318055 -0.0189899 0.0915089 
0.00965295 -0.0179699 8.60289e-05 -9.615e-05 -0.0179699 0.0889463 -9.36197e-05 0.000222663 8.60289e-05 -9.36197e-05 0.0105335 -0.0189896 -9.615e-05 0.000222663 -0.0189896 0.0914791 
0.00961704 -0.0179194 8.09004e-05 -9.1013e-05 -0.0179194 0.0888388 -8.59567e-05 0.000194667 8.09004e-05 -8.59567e-05 0.0105676 -0.0190318 -9.1013e-05 0.000194667 -0.0190318 0.091554 
0.00958513 -0.017889 6.08902e-05 -7.86499e-05 -0.017889 0.0887652 -7.10386e-05 0.000159837 6.08902e-05 -7.10386e-05 0.010567 -0.0190409 -7.86499e-05 0.000159837 -0.0190409 0.091584 
0.00956587 -0.0178622 6.86911e-05 -7.37793e-05 -0.0178622 0.0887057 -6.86911e-05 0.000165367 6.86911e-05 -6.86911e-05 0.0105581 -0.0190351 -7.37793e-05 0.000165367 -0.0190351 0.0915678 
0.00956618 -0.0178511 7.37229e-05 -9.91446e-05 -0.0178511 0.0886886 -9.66024e-05 0.000218626 7.37229e-05 -9.66024e-05 0.0105525 -0.0190103 -9.91446e-05 0.000218626 -0.0190103 0.0915231 
0.00958903 -0.0178687 8.88108e-05 -0.000124335 -0.0178687 0.0887423 -0.000124335 0.000307032 8.88108e-05 -0.000124335 0.0105507 -0.0189979 -0.000124335 0.000307032 -0.0189979 0.0914549 
0.00962701 -0.0178935 8.83444e-05 -0.00011611 -0.0178935 0.0887911 -0.000103489 0.000295323 8.83444e-05 -0.000103489 0.0105609 -0.0190016 -0.00011611 0.000295323 -0.0190016 0.0914566 
0.00965651 -0.0179008 9.04591e-05 -0.000108048 -0.0179008 0.0887806 -0.000105536 0.000276403 9.04591e-05 -0.000105536 0.0105586 -0.0190391 -0.000108048 0.000276403 -0.0190391 0.0915471 
0.00968256 -0.017974 9.32469e-05 -8.31662e-05 -0.017974 0.0889323 -9.07267e-05 0.000211696 9.32469e-05 -9.07267e-05 0.0105293 -0.0190123 -8.31662e-05 0.000211696 -0.0190123 0.0915105 
0.00969147 -0.0179843 0.000103882 -0.000114017 -0.0179843 0.088969 -0.000121618 0.000263507 0.000103882 -0.000121618 0.0104972 -0.0190079 -0.000114017 0.000263507 -0.0190079 0.0915103 
0.00967687 -0.0179876 0.00011152 -0.000124192 -0.0179876 0.0889877 -0.000131796 0.000306679 0.00011152 -0.000131796 0.0105031 -0.0189812 -0.000124192 0.000306679 -0.0189812 0.0914918 
0.00962095 -0.0179628 0.000131968 -0.000154808 -0.0179628 0.0889487 -0.000154808 0.000390827 0.000131968 -0.000154808 0.0105549 -0.0189856 -0.000154808 0.000390827 -0.0189856 0.0914866 
0.0095818 -0.0179098 0.000126643 -0.000162103 -0.0179098 0.0888805 -0.000162103 0.000402724 0.000126643 -0.000162103 0.0106177 -0.0190446 -0.000162103 0.000402724 -0.0190446 0.091578 
0.00954883 -0.0178811 0.00014861 -0.000168761 -0.0178811 0.0888084 -0.000168761 0.000433236 0.00014861 -0.000168761 0.0107075 -0.0191153 -0.000168761 0.000433236 -0.0191153 0.0917227 
0.00956661 -0.0178381 0.000137775 -0.000157815 -0.0178381 0.0887097 -0.000157815 0.000383266 0.000137775 -0.000157815 0.0107314 -0.0192209 -0.000157815 0.000383266 -0.0192209 0.0919361 
0.00957386 -0.0178578 0.000155591 -0.00016061 -0.0178578 0.0887069 -0.000163119 0.000393996 0.000155591 -0.000163119 0.0107257 -0.0192481 -0.00016061 0.000393996 -0.0192481 0.0920621 
0.00957195 -0.0178631 0.000168591 -0.00019627 -0.0178631 0.0887192 -0.000198787 0.000457964 0.000168591 -0.000198787 0.0107068 -0.0192446 -0.00019627 0.000457964 -0.0192446 0.0921137 
0.00956493 -0.017885 0.000161604 -0.000202005 -0.017885 0.0887812 -0.00019948 0.000479762 0.000161604 -0.00019948 0.0106835 -0.0192006 -0.000202005 0.000479762 -0.0192006 0.0920107 
0.00960904 -0.0178831 0.000133494 -0.000191425 -0.0178831 0.0888288 -0.000186388 0.000471007 0.000133494 -0.000186388 0.0106392 -0.0191551 -0.000191425 0.000471007 -0.0191551 0.0918891 
0.0095984 -0.0178822 0.000113546 -0.000151394 -0.0178822 0.0887625 -0.000148871 0.000403718 0.000113546 -0.000148871 0.0106178 -0.0191362 -0.000151394 0.000403718 -0.0191362 0.0918484 
0.00957745 -0.0178887 9.58502e-05 -0.000136208 -0.0178887 0.0887775 -0.000136208 0.000363222 9.58502e-05 -0.000136208 0.0106141 -0.0190944 -0.000136208 0.000363222 -0.0190944 0.0917387 
0.00955433 -0.0178676 9.09937e-05 -0.000113742 -0.0178676 0.0887365 -0.00011627 0.000313423 9.09937e-05 -0.00011627 0.010621 -0.0190884 -0.000113742 0.000313423 -0.0190884 0.0916786 
0.00953996 -0.0178079 8.07616e-05 -8.32854e-05 -0.0178079 0.0886005 -9.08568e-05 0.000224618 8.07616e-05 -9.08568e-05 0.0106176 -0.0191127 -8.32854e-05 0.000224618 -0.0191127 0.0917452 
0.00956203 -0.0178064 7.82532e-05 -0.000100972 -0.0178064 0.0885574 -0.00010602 0.000242332 7.82532e-05 -0.00010602 0.0105995 -0.0191089 -0.000100972 0.000242332 -0.0191089 0.0917657 
0.00958853 -0.0178185 7.60391e-05 -8.11083e-05 -0.0178185 0.0885374 -9.12469e-05 0.000205305 7.60391e-05 -9.12469e-05 0.0105416 -0.0190858 -8.11083e-05 0.000205305 -0.0190858 0.0917158 
0.00960197 -0.0178692 8.37381e-05 -8.88131e-05 -0.0178692 0.0886532 -9.13506e-05 0.000208076 8.37381e-05 -9.13506e-05 0.0105155 -0.0190009 -8.88131e-05 0.000208076 -0.0190009 0.0915562 
0.0096062 -0.0179087 8.64049e-05 -0.000101653 -0.0179087 0.0888014 -9.91116e-05 0.000226178 8.64049e-05 -9.91116e-05 0.0105033 -0.0189379 -0.000101653 0.000226178 -0.0189379 0.0913554 
0.00961852 -0.0178932 8.15993e-05 -0.000101999 -0.0178932 0.0887877 -9.43492e-05 0.000229498 8.15993e-05 -9.43492e-05 0.0104702 -0.0189387 -0.000101999 0.000229498 -0.0189387 0.0912944 
0.00962562 -0.0178984 8.40777e-05 -0.000107008 -0.0178984 0.0887708 -0.00010446 0.000257329 8.40777e-05 -0.00010446 0.0104639 -0.0189124 -0.000107008 0.000257329 -0.0189124 0.0912549 
0.00962149 -0.0178845 8.41084e-05 -0.000122339 -0.0178845 0.0887139 -0.000127437 0.000310946 8.41084e-05 -0.000127437 0.0104473 -0.0189014 -0.000122339 0.000310946 -0.0189014 0.0912219 
0.00959428 -0.0178682 7.39198e-05 -9.94094e-05 -0.0178682 0.0886681 -0.000101958 0.000277837 7.39198e-05 -0.000101958 0.0104533 -0.0188878 -9.94094e-05 0.000277837 -0.0188878 0.0911737 
0.00956857 -0.017855 6.11736e-05 -7.39181e-05 -0.017855 0.0886406 -7.90159e-05 0.000201363 6.11736e-05 -7.90159e-05 0.0104658 -0.0188899 -7.39181e-05 0.000201363 -0.0188899 0.0911512 
0.00957734 -0.017812 5.87097e-05 -7.40253e-05 -0.017812 0.0885342 -7.40253e-05 0.000188892 5.87097e-05 -7.40253e-05 0.0104452 -0.0189122 -7.40253e-05 0.000188892 -0.0189122 0.0912017 
0.00958959 -0.0178009 5.61541e-05 -3.57344e-05 -0.0178009 0.0884529 -3.06295e-05 7.65738e-05 5.61541e-05 -3.06295e-05 0.0104217 -0.0188984 -3.57344e-05 7.65738e-05 -0.0188984 0.09123 
0.00959016 -0.0178179 6.11163e-05 -5.34768e-05 -0.0178179 0.0884582 -4.83837e-05 8.14884e-05 6.11163e-05 -4.83837e-05 0.0104076 -0.018862 -5.34768e-05 8.14884e-05 -0.018862 0.0911549 
0.00960565 -0.0178529 5.59651e-05 -5.59651e-05 -0.0178529 0.0885699 -5.59651e-05 9.92109e-05 5.59651e-05 -5.59651e-05 0.0103917 -0.0188119 -5.59651e-05 9.92109e-05 -0.0188119 0.091012 
0.00963525 -0.0178567 5.83801e-05 -5.33036e-05 -0.0178567 0.0886057 -5.83801e-05 0.000119298 5.83801e-05 -5.83801e-05 0.0103663 -0.0188111 -5.33036e-05 0.000119298 -0.0188111 0.0909815 
0.00965103 -0.0179037 8.89847e-05 -9.15271e-05 -0.0179037 0.0886923 -8.64423e-05 0.000205936 8.89847e-05 -8.64423e-05 0.0103375 -0.0187732 -9.15271e-05 0.000205936 -0.0187732 0.0909017 
0.00963914 -0.0179276 9.22651e-05 -0.000110206 -0.0179276 0.088777 -0.000107643 0.000256292 9.22651e-05 -0.000107643 0.010326 -0.0187401 -0.000110206 0.000256292 -0.0187401 0.0908171 
0.00962866 -0.0179024 8.75801e-05 -0.000123643 -0.0179024 0.0887805 -0.000123643 0.000311682 8.75801e-05 -0.000123643 0.0102958 -0.0187138 -0.000123643 0.000311682 -0.0187138 0.090733 
0.00961204 -0.0178874 7.22515e-05 -0.000116119 -0.0178874 0.0887352 -0.000113538 0.000307069 7.22515e-05 -0.000113538 0.0102933 -0.0186796 -0.000116119 0.000307069 -0.0186796 0.0906499 
0.00964832 -0.0178762 5.12799e-05 -8.46119e-05 -0.0178762 0.0887194 -8.46119e-05 0.000253836 5.12799e-05 -8.46119e-05 0.0102919 -0.0186736 -8.46119e-05 0.000253836 -0.0186736 0.0906091 
0.00966986 -0.0179043 2.80952e-05 -5.61904e-05 -0.0179043 0.088717 -5.10822e-05 0.000163463 2.80952e-05 -5.10822e-05 0.010288 -0.018668 -5.61904e-05 0.000163463 -0.018668 0.0905764 
0.0096352 -0.0179209 3.31633e-05 -3.06122e-05 -0.0179209 0.0887398 -2.29592e-05 9.18367e-05 3.31633e-05 -2.29592e-05 0.0103316 -0.0186837 -3.06122e-05 9.18367e-05 -0.0186837 0.090602 
0.00960709 -0.0179086 5.08985e-05 -3.3084e-05 -0.0179086 0.0887517 -3.3084e-05 6.8713e-05 5.08985e-05 -3.3084e-05 0.0103884 -0.0187383 -3.3084e-05 6.8713e-05 -0.0187383 0.0907087 
0.00958689 -0.0178837 5.84102e-05 -6.09497e-05 -0.0178837 0.0887352 -6.34893e-05 0.000124439 5.84102e-05 -6.34893e-05 0.0104453 -0.0188055 -6.09497e-05 0.000124439 -0.0188055 0.0908659 
0.00960775 -0.0178491 5.34329e-05 -7.12439e-05 -0.0178491 0.0886605 -7.37883e-05 0.000173021 5.34329e-05 -7.37883e-05 0.0104296 -0.018872 -7.12439e-05 0.000173021 -0.018872 0.0910319 
0.0096129 -0.0178624 5.37176e-05 -4.60437e-05 -0.0178624 0.0886367 -5.37176e-05 0.000133015 5.37176e-05 -5.37176e-05 0.0103982 -0.0188651 -4.60437e-05 0.000133015 -0.0188651 0.0911128 
0.00961986 -0.0178636 5.37137e-05 -3.83669e-05 -0.0178636 0.0886275 -4.09247e-05 8.6965e-05 5.37137e-05 -4.09247e-05 0.0103872 -0.0188356 -3.83669e-05 8.6965e-05 -0.0188356 0.0910907 
0.00959388 -0.0178556 5.63592e-05 -6.91682e-05 -0.0178556 0.0885865 -6.91682e-05 0.000146022 5.63592e-05 -6.91682e-05 0.0103752 -0.0188086 -6.91682e-05 0.000146022 -0.0188086 0.0910074 
0.00962221 -0.0178427 4.61251e-05 -7.94377e-05 -0.0178427 0.0885756 -6.91877e-05 0.00017425 4.61251e-05 -6.91877e-05 0.010332 -0.0187832 -7.94377e-05 0.00017425 -0.0187832 0.0909228 
0.00964555 -0.0178708 3.83877e-05 -7.16571e-05 -0.0178708 0.0886091 -6.14203e-05 0.000184261 3.83877e-05 -6.14203e-05 0.0103033 -0.0187434 -7.16571e-05 0.000184261 -0.0187434 0.0908381 
0.009637 -0.0178933 3.33638e-05 -4.87625e-05 -0.0178933 0.0886476 -4.36296e-05 0.000143721 3.33638e-05 -4.36296e-05 0.0103017 -0.0187068 -4.87625e-05 0.000143721 -0.0187068 0.0907392 
0.00964082 -0.0179055 2.30213e-05 -2.81372e-05 -0.0179055 0.0887114 -3.06951e-05 8.18536e-05 2.30213e-05 -3.06951e-05 0.0103059 -0.0186882 -2.81372e-05 8.18536e-05 -0.0186882 0.0906656 
0.00961968 -0.0178757 2.04294e-05 2.55367e-06 -0.0178757 0.0886584 -2.55367e-06 -2.55367e-06 2.04294e-05 -2.55367e-06 0.0103245 -0.0187082 2.55367e-06 -2.55367e-06 -0.0187082 0.0906783 
0.00959448 -0.0178539 4.57728e-05 -2.54293e-05 -0.0178539 0.0885932 -3.05152e-05 4.32298e-05 4.57728e-05 -3.05152e-05 0.0103548 -0.0187338 -2.54293e-05 4.32298e-05 -0.0187338 0.0907292 
0.00959509 -0.0178355 7.89405e-05 -7.13011e-05 -0.0178355 0.0885585 -8.14869e-05 0.000157881 7.89405e-05 -8.14869e-05 0.0103539 -0.0187649 -7.13011e-05 0.000157881 -0.0187649 0.0908019 
0.00962047 -0.0178709 8.6419e-05 -8.6419e-05 -0.0178709 0.0886379 -9.40442e-05 0.000205881 8.6419e-05 -9.40442e-05 0.0103576 -0.0187631 -8.6419e-05 0.000205881 -0.0187631 0.0908289 
0.00964489 -0.0179003 8.90689e-05 -9.92483e-05 -0.0179003 0.0887279 -0.000106883 0.000234124 8.90689e-05 -0.000106883 0.0103473 -0.0187528 -9.92483e-05 0.000234124 -0.0187528 0.0907994 
0.00967554 -0.0179178 7.65066e-05 -0.00011221 -0.0179178 0.0887706 -0.00011221 0.000272874 7.65066e-05 -0.00011221 0.0102901 -0.018739 -0.00011221 0.000272874 -0.018739 0.0907598 
0.00966396 -0.0179546 7.91291e-05 -0.00011997 -0.0179546 0.0888415 -0.00011997 0.000321621 7.91291e-05 -0.00011997 0.0103021 -0.0186847 -0.00011997 0.000321621 -0.0186847 0.0906819 
0.00962633 -0.0179128 8.42176e-05 -0.000107186 -0.0179128 0.0887883 -0.000109738 0.000301142 8.42176e-05 -0.000109738 0.0103307 -0.0187091 -0.000107186 0.000301142 -0.0187091 0.0907075 
0.00959762 -0.0178596 9.21126e-05 -0.000104906 -0.0178596 0.0886584 -0.000104906 0.000281455 9.21126e-05 -0.000104906 0.0103524 -0.0187577 -0.000104906 0.000281455 -0.0187577 0.0908128 
0.00960794 -0.0178459 0.000106953 -0.000117139 -0.0178459 0.0886054 -0.000117139 0.000300487 0.000106953 -0.000117139 0.0103744 -0.0187779 -0.000117139 0.000300487 -0.0187779 0.0908896 
0.00960443 -0.0178445 0.000120087 -0.000150748 -0.0178445 0.0885759 -0.000148193 0.000367927 0.000120087 -0.000148193 0.0103684 -0.0188 -0.000150748 0.000367927 -0.0188 0.0909214 
0.00961696 -0.017863 0.000102308 -0.000145789 -0.017863 0.0886193 -0.000143231 0.000370867 0.000102308 -0.000143231 0.0103587 -0.0187889 -0.000145789 0.000370867 -0.0187889 0.0909161 
0.00965253 -0.0178878 9.44825e-05 -0.000137893 -0.0178878 0.0886756 -0.000137893 0.000367716 9.44825e-05 -0.000137893 0.0103318 -0.018756 -0.000137893 0.000367716 -0.018756 0.0908589 
0.00964094 -0.0179276 9.69195e-05 -0.000119874 -0.0179276 0.088763 -0.000124975 0.000334117 9.69195e-05 -0.000124975 0.0103449 -0.0187233 -0.000119874 0.000334117 -0.0187233 0.09076 
0.00959064 -0.0178959 8.17747e-05 -0.000107329 -0.0178959 0.0887383 -0.000109885 0.000296433 8.17747e-05 -0.000109885 0.0103803 -0.0187494 -0.000107329 0.000296433 -0.0187494 0.0907648 
0.00957793 -0.0178252 8.42858e-05 -8.68399e-05 -0.0178252 0.0885946 -9.19482e-05 0.000232424 8.42858e-05 -9.19482e-05 0.0103697 -0.0187906 -8.68399e-05 0.000232424 -0.0187906 0.0908499 
0.00958686 -0.0178195 9.19848e-05 -9.96502e-05 -0.0178195 0.0885252 -0.00010476 0.000245293 9.19848e-05 -0.00010476 0.010356 -0.0187802 -9.96502e-05 0.000245293 -0.0187802 0.0908682 
0.00960262 -0.0178338 0.000102346 -0.000115139 -0.0178338 0.088537 -0.000117698 0.000276334 0.000102346 -0.000117698 0.0103242 -0.0187498 -0.000115139 0.000276334 -0.0187498 0.0908167 
0.00962201 -0.0178632 0.000128089 -0.000143459 -0.0178632 0.0885809 -0.000148583 0.000350963 0.000128089 -0.000148583 0.0103009 -0.0187086 -0.000143459 0.000350963 -0.0187086 0.0907277 
0.00962703 -0.0178777 0.000129992 -0.000163127 -0.0178777 0.0886364 -0.000165676 0.000407817 0.000129992 -0.000165676 0.0103101 -0.0186806 -0.000163127 0.000407817 -0.0186806 0.0906475 
0.00961369 -0.0178799 0.000114844 -0.000163333 -0.0178799 0.0886568 -0.000163333 0.000421093 0.000114844 -0.000163333 0.0103232 -0.0186965 -0.000163333 0.000421093 -0.0186965 0.0906372 
0.00962644 -0.0178627 0.000104774 -0.000148217 -0.0178627 0.0886389 -0.000148217 0.000401208 0.000104774 -0.000148217 0.0103088 -0.0187137 -0.000148217 0.000401208 -0.0187137 0.0906731 
0.00962398 -0.0178797 0.000125086 -0.000160825 -0.0178797 0.0886503 -0.000165931 0.000444183 0.000125086 -0.000165931 0.0103056 -0.018694 -0.000160825 0.000444183 -0.018694 0.0906645 
0.0096538 -0.0178852 0.000127225 -0.000167936 -0.0178852 0.0886831 -0.000173025 0.000452919 0.000127225 -0.000173025 0.010295 -0.0186918 -0.000167936 0.000452919 -0.0186918 0.0906576 
0.00966942 -0.0179296 0.000142197 -0.000159972 -0.0179296 0.0887616 -0.000157433 0.000411356 0.000142197 -0.000157433 0.0103118 -0.0186939 -0.000159972 0.000411356 -0.0186939 0.0906609 
0.00966808 -0.0179184 0.000144831 -0.000152453 -0.0179184 0.0887507 -0.000149912 0.000358265 0.000144831 -0.000149912 0.0103262 -0.018734 -0.000152453 0.000358265 -0.018734 0.0907606 
0.00968078 -0.0179092 0.000162788 -0.000180593 -0.0179092 0.0887244 -0.000175506 0.0004146 0.000162788 -0.000175506 0.010309 -0.0187664 -0.000180593 0.0004146 -0.0187664 0.0908686 
0.00965516 -0.0179281 0.000160664 -0.000209119 -0.0179281 0.0887377 -0.000211669 0.000497294 0.000160664 -0.000211669 0.0103233 -0.0187391 -0.000209119 0.000497294 -0.0187391 0.0908544 
0.00962366 -0.0179049 0.000147743 -0.00021652 -0.0179049 0.0887323 -0.00021652 0.000557857 0.000147743 -0.00021652 0.0103471 -0.0187404 -0.00021652 0.000557857 -0.0187404 0.0908364 
0.00963418 -0.0178906 0.00011439 -0.000172856 -0.0178906 0.0887209 -0.000172856 0.00047027 0.00011439 -0.000172856 0.0103434 -0.0187473 -0.000172856 0.00047027 -0.0187473 0.090813 
0.00962282 -0.0179039 9.38441e-05 -0.000129353 -0.0179039 0.0887283 -0.000129353 0.000365231 9.38441e-05 -0.000129353 0.0103736 -0.018746 -0.000129353 0.000365231 -0.018746 0.0908106 
0.00961538 -0.017889 7.35548e-05 -0.000121746 -0.017889 0.0887299 -0.000121746 0.000329728 7.35548e-05 -0.000121746 0.0103864 -0.0187818 -0.000121746 0.000329728 -0.0187818 0.090868 
0.00961938 -0.017897 6.6323e-05 -0.000104586 -0.017897 0.0887478 -0.000104586 0.00028825 6.6323e-05 -0.000104586 0.0103642 -0.0187847 -0.000104586 0.00028825 -0.0187847 0.0908829 
0.0096171 -0.017892 9.44104e-05 -9.95137e-05 -0.017892 0.0887483 -9.95137e-05 0.000270473 9.44104e-05 -9.95137e-05 0.0103673 -0.01878 -9.95137e-05 0.000270473 -0.01878 0.0909045 
0.00961502 -0.0178889 0.000114738 -0.000112188 -0.0178889 0.0887407 -0.000114738 0.000272821 0.000114738 -0.000114738 0.0103774 -0.0187813 -0.000112188 0.000272821 -0.0187813 0.0908799 
0.00961918 -0.0178777 0.000140147 -0.000129955 -0.0178777 0.0887029 -0.000145243 0.00031342 0.000140147 -0.000145243 0.0103862 -0.0188052 -0.000129955 0.00031342 -0.0188052 0.0909478 
0.00962276 -0.0178843 0.000155494 -0.000163141 -0.0178843 0.0886926 -0.000168239 0.000379812 0.000155494 -0.000168239 0.0103824 -0.018802 -0.000163141 0.000379812 -0.018802 0.0909561 
0.00961255 -0.0178702 0.000145994 -0.000204904 -0.0178702 0.0886542 -0.000204904 0.000481524 0.000145994 -0.000204904 0.0103553 -0.0187999 -0.000204904 0.000481524 -0.0187999 0.0909286 
0.00961777 -0.0178521 0.000120414 -0.000187027 -0.0178521 0.0886044 -0.000181902 0.000486781 0.000120414 -0.000181902 0.0103249 -0.0187641 -0.000187027 0.000486781 -0.0187641 0.0908795 
0.00961271 -0.0178522 0.000114862 -0.000171017 -0.0178522 0.0885768 -0.00016336 0.00045945 0.000114862 -0.00016336 0.0103198 -0.0187302 -0.000171017 0.00045945 -0.0187302 0.0907975 
0.00961794 -0.0178633 0.000135212 -0.000142866 -0.0178633 0.0885973 -0.000142866 0.000392881 0.000135212 -0.000142866 0.010317 -0.0187103 -0.000142866 0.000392881 -0.0187103 0.0907198 
0.00960022 -0.0178432 0.000135214 -0.000163278 -0.0178432 0.0885527 -0.000165829 0.000400541 0.000135214 -0.000165829 0.010335 -0.018731 -0.000163278 0.000400541 -0.018731 0.0907646 
0.00955465 -0.0178436 0.000140924 -0.000187045 -0.0178436 0.0885516 -0.000194731 0.000474017 0.000140924 -0.000194731 0.0103669 -0.0187403 -0.000187045 0.000474017 -0.0187403 0.0907756 
0.00952882 -0.0177902 0.000148808 -0.000192424 -0.0177902 0.0884738 -0.000197555 0.000510564 0.000148808 -0.000197555 0.0103806 -0.0187754 -0.000192424 0.000510564 -0.0187754 0.0908445 
0.00952567 -0.0177503 0.000146272 -0.000207861 -0.0177503 0.0883536 -0.000200162 0.000526067 0.000146272 -0.000200162 0.0103853 -0.018805 -0.000207861 0.000526067 -0.018805 0.090925 
0.00954508 -0.0177501 0.00013093 -0.000177141 -0.0177501 0.0883113 -0.000172007 0.000467242 0.00013093 -0.000172007 0.0103538 -0.0187898 -0.000177141 0.000467242 -0.0187898 0.0909222 
0.00959903 -0.0177855 0.000109835 -0.000148149 -0.0177855 0.0883683 -0.000140486 0.000380589 0.000109835 -0.000140486 0.0103219 -0.0187562 -0.000148149 0.000380589 -0.0187562 0.0908587 
0.009648 -0.0178457 8.90506e-05 -0.000111949 -0.0178457 0.0884883 -0.000111949 0.000284962 8.90506e-05 -0.000111949 0.0103146 -0.0187261 -0.000111949 0.000284962 -0.0187261 0.0907985 
0.00966813 -0.0178937 7.88716e-05 -0.00010177 -0.0178937 0.0886186 -0.00010177 0.000249336 7.88716e-05 -0.00010177 0.0103042 -0.0187231 -0.00010177 0.000249336 -0.0187231 0.0907583 
0.00964286 -0.0179257 6.63441e-05 -8.93094e-05 -0.0179257 0.0887251 -9.44128e-05 0.000229653 6.63441e-05 -9.44128e-05 0.010314 -0.0186988 -8.93094e-05 0.000229653 -0.0186988 0.0907128 
0.00961272 -0.0179152 7.17941e-05 -8.20504e-05 -0.0179152 0.0887709 -8.71786e-05 0.000210254 7.17941e-05 -8.71786e-05 0.0103127 -0.0186947 -8.20504e-05 0.000210254 -0.0186947 0.0906529 
0.009634 -0.0178844 8.95115e-05 -0.000109971 -0.0178844 0.0887366 -0.000102299 0.000260862 8.95115e-05 -0.000102299 0.0102938 -0.0187002 -0.000109971 0.000260862 -0.0187002 0.0906599 
0.00960655 -0.0178907 9.95629e-05 -0.000130198 -0.0178907 0.0886953 -0.000127645 0.000321665 9.95629e-05 -0.000127645 0.0103214 -0.0186821 -0.000130198 0.000321665 -0.0186821 0.0906304 
0.00960231 -0.0178497 8.43653e-05 -0.000130383 -0.0178497 0.0886296 -0.000130383 0.000334905 8.43653e-05 -0.000130383 0.0103232 -0.0187163 -0.000130383 0.000334905 -0.0187163 0.0906799 
0.00962993 -0.0178692 7.89547e-05 -0.000117159 -0.0178692 0.0886509 -0.000109518 0.000313272 7.89547e-05 -0.000109518 0.0103176 -0.0187097 -0.000117159 0.000313272 -0.0187097 0.0906859 
0.00961771 -0.0178684 7.87712e-05 -7.87712e-05 -0.0178684 0.0886303 -7.87712e-05 0.000218526 7.87712e-05 -7.87712e-05 0.0103368 -0.0187221 -7.87712e-05 0.000218526 -0.0187221 0.0907215 
0.00960539 -0.0178786 5.60378e-05 -7.64152e-05 -0.0178786 0.0886722 -7.3868e-05 0.000165566 5.60378e-05 -7.3868e-05 0.0103466 -0.0187345 -7.64152e-05 0.000165566 -0.0187345 0.0907303 
0.00959666 -0.0178636 2.80753e-05 -6.63599e-05 -0.0178636 0.0886415 -6.63599e-05 0.000158243 2.80753e-05 -6.63599e-05 0.0103317 -0.018739 -6.63599e-05 0.000158243 -0.018739 0.0907395 
0.00958052 -0.0178506 2.56438e-05 -4.35944e-05 -0.0178506 0.0886018 -3.59013e-05 0.000120526 2.56438e-05 -3.59013e-05 0.0103165 -0.0187174 -4.35944e-05 0.000120526 -0.0187174 0.0907123 
0.00953801 -0.0177856 2.57575e-05 -2.31818e-05 -0.0177856 0.088423 -2.57575e-05 6.69696e-05 2.57575e-05 -2.57575e-05 0.0103185 -0.0187335 -2.31818e-05 6.69696e-05 -0.0187335 0.0907618 
0.0095455 -0.0177325 3.85936e-05 -5.14582e-05 -0.0177325 0.0882791 -4.63124e-05 0.000118354 3.85936e-05 -4.63124e-05 0.0102994 -0.0187308 -5.14582e-05 0.000118354 -0.0187308 0.0907903 
0.00957266 -0.0177283 5.39088e-05 -6.161e-05 -0.0177283 0.0882102 -5.39088e-05 0.000154025 5.39088e-05 -5.39088e-05 0.010276 -0.0187192 -6.161e-05 0.000154025 -0.0187192 0.0907747 
0.00964538 -0.0178012 7.6652e-05 -8.43172e-05 -0.0178012 0.0883389 -7.6652e-05 0.000194185 7.6652e-05 -7.6652e-05 0.0102279 -0.0186571 -8.43172e-05 0.000194185 -0.0186571 0.0906359 
0.0096756 -0.0178802 7.67499e-05 -9.20999e-05 -0.0178802 0.0885157 -8.69832e-05 0.000212341 7.67499e-05 -8.69832e-05 0.0101847 -0.0185939 -9.20999e-05 0.000212341 -0.0185939 0.0904549 
0.00966779 -0.017934 7.40338e-05 -9.1904e-05 -0.017934 0.088695 -8.67982e-05 0.000219548 7.40338e-05 -8.67982e-05 0.0101988 -0.018534 -9.1904e-05 0.000219548 -0.018534 0.0903059 
0.00964401 -0.017933 6.41565e-05 -8.21203e-05 -0.017933 0.0887695 -7.69878e-05 0.000202735 6.41565e-05 -7.69878e-05 0.0101906 -0.0185361 -8.21203e-05 0.000202735 -0.0185361 0.090222 
0.00960947 -0.0178789 5.65868e-05 -7.45917e-05 -0.0178789 0.0886716 -6.94475e-05 0.000177477 5.65868e-05 -6.94475e-05 0.0102165 -0.0185605 -7.45917e-05 0.000177477 -0.0185605 0.090274 
0.00959193 -0.0178194 8.19166e-05 -8.44765e-05 -0.0178194 0.0885263 -8.95963e-05 0.000220151 8.19166e-05 -8.95963e-05 0.0102421 -0.0186053 -8.44765e-05 0.000220151 -0.0186053 0.0904027 
0.00958705 -0.0177859 9.44159e-05 -0.000127589 -0.0177859 0.0883733 -0.000140348 0.00032918 9.44159e-05 -0.000140348 0.0102633 -0.0186561 -0.000127589 0.00032918 -0.0186561 0.09055 
0.00959211 -0.0178 5.61838e-05 -7.66143e-05 -0.0178 0.0883746 -8.42757e-05 0.000219628 5.61838e-05 -8.42757e-05 0.0102638 -0.0186632 -7.66143e-05 0.000219628 -0.0186632 0.0905887 
0.00959608 -0.0178389 4.62214e-05 -5.13571e-05 -0.0178389 0.0884909 -5.90607e-05 0.000156639 4.62214e-05 -5.90607e-05 0.0102329 -0.0186247 -5.13571e-05 0.000156639 -0.0186247 0.0904938 
0.00961524 -0.017837 5.65602e-05 -5.91311e-05 -0.017837 0.0885424 -6.17021e-05 0.000146542 5.65602e-05 -6.17021e-05 0.0102065 -0.018598 -5.91311e-05 0.000146542 -0.018598 0.0904269 
0.00961551 -0.0178493 6.43264e-05 -6.94725e-05 -0.0178493 0.0885414 -7.46186e-05 0.000172395 6.43264e-05 -7.46186e-05 0.0101919 -0.0185697 -6.94725e-05 0.000172395 -0.0185697 0.0903554 
0.00964106 -0.0178634 5.9006e-05 -7.69643e-05 -0.0178634 0.0885834 -7.43988e-05 0.000182149 5.9006e-05 -7.43988e-05 0.0101798 -0.0185458 -7.69643e-05 0.000182149 -0.0185458 0.0902766 
