0.00765913 0 0.000437469 0 0 0.00998318 0 0 0.000437469 0 0.00696191 0 0 0 0 0.00998318 
0.0107355 -0.0133213 0.000522772 -0.000641018 -0.0133213 0.0347363 -0.000641018 0.00122914 0.000522772 -0.000641018 0.00990154 -0.0123038 -0.000641018 0.00122914 -0.0123038 0.0327697 
0.0106516 -0.0198992 0.00038121 -0.000654411 -0.0198992 0.0727953 -0.000654411 0.00208077 0.00038121 -0.000654411 0.010029 -0.018854 -0.000654411 0.00208077 -0.018854 0.0694978 
0.0100204 -0.019345 0.000356998 -0.000475997 -0.019345 0.0862623 -0.000469895 0.00165989 0.000356998 -0.000469895 0.0095413 -0.0187012 -0.000475997 0.00165989 -0.0187012 0.0841081 
0.0100127 -0.0185954 0.000350257 -0.000425518 -0.0185954 0.0889247 -0.000425518 0.0011434 0.000350257 -0.000425518 0.00952061 -0.018057 -0.000425518 0.0011434 -0.018057 0.0875207 
0.0102043 -0.0185318 0.000378143 -0.000471988 -0.0185318 0.089744 -0.000466468 0.00109303 0.000378143 -0.000466468 0.0096523 -0.0179466 -0.000471988 0.00109303 -0.0179466 0.0884578 
0.0103577 -0.0186875 0.000362865 -0.000482931 -0.0186875 0.0903801 -0.000480263 0.00114196 0.000362865 -0.000480263 0.00973332 -0.0180098 -0.000482931 0.00114196 -0.0180098 0.0888993 
0.0103967 -0.0187936 0.000343691 -0.000479084 -0.0187936 0.0907709 -0.000486895 0.00121594 0.000343691 -0.000486895 0.00976395 -0.0180308 -0.000479084 0.00121594 -0.0180308 0.0890342 
0.0104061 -0.0188408 0.00034396 -0.000438934 -0.0188408 0.0910006 -0.000454335 0.00117819 0.00034396 -0.000454335 0.00976179 -0.0180194 -0.000438934 0.00117819 -0.0180194 0.088965 
0.0103788 -0.0188226 0.000337855 -0.0004172 -0.0188226 0.0909829 -0.000432557 0.00110571 0.000337855 -0.000432557 0.00975685 -0.0180317 -0.0004172 0.00110571 -0.0180317 0.0889608 
0.0103921 -0.0187689 0.000371964 -0.000415275 -0.0187689 0.0908739 -0.000428013 0.00107003 0.000371964 -0.000428013 0.00972457 -0.0180581 -0.000415275 0.00107003 -0.0180581 0.0890446 
0.0103835 -0.0187923 0.000372651 -0.000446167 -0.0187923 0.090866 -0.000453772 0.001085 0.000372651 -0.000453772 0.0097447 -0.0180368 -0.000446167 0.001085 -0.0180368 0.0890661 
0.0103656 -0.0187848 0.00034721 -0.000435913 -0.0187848 0.0908626 -0.00042831 0.00105937 0.00034721 -0.00042831 0.0097675 -0.0180625 -0.000435913 0.00105937 -0.0180625 0.0891214 
0.010351 -0.0187574 0.000340494 -0.000453992 -0.0187574 0.090816 -0.000443903 0.00110724 0.000340494 -0.000443903 0.00979613 -0.0181042 -0.000453992 0.00110724 -0.0181042 0.0892447 
0.0103456 -0.0187424 0.000333647 -0.000444862 -0.0187424 0.0907747 -0.000429697 0.00110457 0.000333647 -0.000429697 0.00980466 -0.0181484 -0.000444862 0.00110457 -0.0181484 0.0893718 
0.0103584 -0.0187547 0.000327029 -0.000403082 -0.0187547 0.0908151 -0.000392941 0.0010039 0.000327029 -0.000392941 0.00978297 -0.0181412 -0.000403082 0.0010039 -0.0181412 0.0894005 
0.0103627 -0.0187967 0.000335429 -0.000411663 -0.0187967 0.0909114 -0.000406581 0.00101645 0.000335429 -0.000406581 0.00975793 -0.0180903 -0.000411663 0.00101645 -0.0180903 0.0892927 
0.0103782 -0.0188161 0.000322099 -0.000413402 -0.0188161 0.0910119 -0.000410866 0.00101956 0.000322099 -0.000410866 0.00973144 -0.0180299 -0.000413402 0.00101956 -0.0180299 0.0891148 
0.0103709 -0.0188038 0.000321324 -0.000402287 -0.0188038 0.0910131 -0.000399757 0.00100951 0.000321324 -0.000399757 0.00974851 -0.0180321 -0.000402287 0.00100951 -0.0180321 0.0890902 
0.0103599 -0.0188219 0.000308722 -0.000374516 -0.0188219 0.0910529 -0.000379577 0.00093882 0.000308722 -0.000379577 0.00976271 -0.0180274 -0.000374516 0.00093882 -0.0180274 0.0890462 
0.0103456 -0.0188003 0.000304581 -0.00034773 -0.0188003 0.0910189 -0.000352806 0.000865517 0.000304581 -0.000352806 0.00976436 -0.018054 -0.00034773 0.000865517 -0.018054 0.0890899 
0.0103661 -0.018796 0.000299436 -0.000350188 -0.018796 0.0910159 -0.000352726 0.000855169 0.000299436 -0.000352726 0.00975959 -0.018055 -0.000350188 0.000855169 -0.018055 0.0891279 
0.0103635 -0.01879 0.000313969 -0.000369673 -0.01879 0.0909901 -0.000372205 0.000903926 0.000313969 -0.000372205 0.0097862 -0.018081 -0.000369673 0.000903926 -0.018081 0.0892051 
0.0103481 -0.0187969 0.000327102 -0.000408243 -0.0187969 0.0909951 -0.000408243 0.000988912 0.000327102 -0.000408243 0.00980544 -0.0181022 -0.000408243 0.000988912 -0.0181022 0.089248 
0.0103507 -0.0187807 0.000321795 -0.000407945 -0.0187807 0.0909641 -0.000405411 0.00100593 0.000321795 -0.000405411 0.00982362 -0.0181472 -0.000407945 0.00100593 -0.0181472 0.0893678 
0.0103535 -0.018777 0.000335213 -0.00040378 -0.018777 0.0909241 -0.000398701 0.00100818 0.000335213 -0.000398701 0.00982277 -0.0181625 -0.00040378 0.00100818 -0.0181625 0.0894233 
0.0103645 -0.0187486 0.000348279 -0.000424544 -0.0187486 0.0908347 -0.000424544 0.00105246 0.000348279 -0.000424544 0.00979757 -0.0181791 -0.000424544 0.00105246 -0.0181791 0.0895127 
0.0103872 -0.0187708 0.000361515 -0.000435346 -0.0187708 0.0908422 -0.000430254 0.00107436 0.000361515 -0.000430254 0.00976601 -0.0181394 -0.000435346 0.00107436 -0.0181394 0.0894598 
0.0104139 -0.0188097 0.000363484 -0.000432114 -0.0188097 0.0909193 -0.00042703 0.00106249 0.000363484 -0.00042703 0.00974798 -0.0180929 -0.000432114 0.00106249 -0.0180929 0.089356 
0.0104116 -0.0188195 0.000347899 -0.000446935 -0.0188195 0.0909437 -0.000449475 0.00109702 0.000347899 -0.000449475 0.0097437 -0.0180856 -0.000446935 0.00109702 -0.0180856 0.0893058 
0.0103993 -0.0188304 0.000332271 -0.000431191 -0.0188304 0.0909787 -0.000426118 0.00108812 0.000332271 -0.000426118 0.00977789 -0.0180872 -0.000431191 0.00108812 -0.0180872 0.0892945 
0.0103796 -0.0188051 0.000324839 -0.000411125 -0.0188051 0.090955 -0.000411125 0.00104558 0.000324839 -0.000411125 0.00980355 -0.018125 -0.000411125 0.00104558 -0.018125 0.0893511 
0.0103881 -0.0187933 0.000354543 -0.000417855 -0.0187933 0.0909353 -0.000415322 0.00105603 0.000354543 -0.000415322 0.00981579 -0.0181577 -0.000417855 0.00105603 -0.0181577 0.0894336 
0.0104223 -0.0188369 0.000376284 -0.000452045 -0.0188369 0.0910354 -0.000444469 0.00110107 0.000376284 -0.000444469 0.009796 -0.0181323 -0.000452045 0.00110107 -0.0181323 0.0893787 
0.0104555 -0.0188804 0.000395071 -0.000478111 -0.0188804 0.0911532 -0.000470562 0.00116005 0.000395071 -0.000470562 0.00979625 -0.0181305 -0.000478111 0.00116005 -0.0181305 0.089364 
0.0104486 -0.0189316 0.000382051 -0.000472536 -0.0189316 0.0913001 -0.000470023 0.00115621 0.000382051 -0.000470023 0.00983278 -0.0181198 -0.000472536 0.00115621 -0.0181198 0.089327 
0.010438 -0.0189214 0.000418124 -0.000463463 -0.0189214 0.0913426 -0.000473539 0.00116118 0.000418124 -0.000473539 0.00984607 -0.0181557 -0.000463463 0.00116118 -0.0181557 0.0893829 
0.0104305 -0.018886 0.000446483 -0.000519635 -0.018886 0.0912792 -0.000532248 0.0012663 0.000446483 -0.000532248 0.00982766 -0.0181847 -0.000519635 0.0012663 -0.0181847 0.0894681 
0.0104529 -0.0189021 0.000437116 -0.00054071 -0.0189021 0.091289 -0.000543237 0.00132651 0.000437116 -0.000543237 0.00981111 -0.0181668 -0.00054071 0.00132651 -0.0181668 0.0894698 
0.0104588 -0.0189109 0.000405379 -0.000547262 -0.0189109 0.0912889 -0.000539661 0.00135802 0.000405379 -0.000539661 0.00978231 -0.0181433 -0.000547262 0.00135802 -0.0181433 0.0894191 
0.0104729 -0.0189055 0.000375119 -0.000501849 -0.0189055 0.0912681 -0.000494245 0.00128504 0.000375119 -0.000494245 0.00976071 -0.0181249 -0.000501849 0.00128504 -0.0181249 0.0894026 
0.0104948 -0.018922 0.000370373 -0.000459161 -0.018922 0.0912767 -0.000451551 0.00117708 0.000370373 -0.000451551 0.00973118 -0.018095 -0.000459161 0.00117708 -0.018095 0.0893234 
0.0104881 -0.0189516 0.000365332 -0.000441443 -0.0189516 0.0913355 -0.000441443 0.00110107 0.000365332 -0.000441443 0.0097295 -0.018051 -0.000441443 0.00110107 -0.018051 0.0892019 
0.0104487 -0.0189489 0.000335334 -0.000421708 -0.0189489 0.0913735 -0.000426789 0.00103649 0.000335334 -0.000426789 0.00973994 -0.0180191 -0.000421708 0.00103649 -0.0180191 0.0890846 
0.0104298 -0.0188766 0.00033349 -0.000402225 -0.0188766 0.0912134 -0.000409862 0.00099538 0.00033349 -0.000409862 0.00972213 -0.0180518 -0.000402225 0.00099538 -0.0180518 0.0891132 
0.0104197 -0.0188359 0.000336447 -0.000400168 -0.0188359 0.091065 -0.000410364 0.000994048 0.000336447 -0.000410364 0.00970599 -0.0180484 -0.000400168 0.000994048 -0.0180484 0.0891483 
0.0104047 -0.0188244 0.000335063 -0.00040106 -0.0188244 0.0909924 -0.000411213 0.000989958 0.000335063 -0.000411213 0.0097219 -0.0180198 -0.00040106 0.000989958 -0.0180198 0.0891216 
0.0103967 -0.0188294 0.000343777 -0.000381694 -0.0188294 0.0910049 -0.000389277 0.000950443 0.000343777 -0.000389277 0.00975974 -0.0180331 -0.000381694 0.000950443 -0.0180331 0.0891192 
0.0103631 -0.018831 0.000358831 -0.000427059 -0.018831 0.091009 -0.000424532 0.00101837 0.000358831 -0.000424532 0.00978192 -0.0180552 -0.000427059 0.00101837 -0.0180552 0.0891239 
0.0103532 -0.0188004 0.000335766 -0.000431699 -0.0188004 0.0909876 -0.00042665 0.00104517 0.000335766 -0.00042665 0.00980791 -0.018096 -0.000431699 0.00104517 -0.018096 0.0892103 
0.0103365 -0.0187675 0.000326785 -0.000432362 -0.0187675 0.0909066 -0.000427334 0.0010809 0.000326785 -0.000427334 0.00983874 -0.0181491 -0.000432362 0.0010809 -0.0181491 0.0893481 
0.0103023 -0.018745 0.000324621 -0.000420246 -0.018745 0.0908437 -0.00041773 0.00107452 0.000324621 -0.00041773 0.00987201 -0.0181838 -0.000420246 0.00107452 -0.0181838 0.0894571 
0.0102747 -0.0186986 0.000311432 -0.000387391 -0.0186986 0.0907482 -0.000384859 0.000982403 0.000311432 -0.000384859 0.00987214 -0.0182276 -0.000387391 0.000982403 -0.0182276 0.0895734 
0.0102909 -0.0186828 0.000309309 -0.000367622 -0.0186828 0.0907063 -0.000365087 0.000917787 0.000309309 -0.000365087 0.00982184 -0.018196 -0.000367622 0.000917787 -0.018196 0.0895324 
0.0103045 -0.0187058 0.000306653 -0.00037508 -0.0187058 0.090716 -0.000370011 0.000909821 0.000306653 -0.000370011 0.00979008 -0.018128 -0.00037508 0.000909821 -0.018128 0.0893982 
0.0102759 -0.0187129 0.000277247 -0.000368815 -0.0187129 0.0907387 -0.000368815 0.000897874 0.000277247 -0.000368815 0.00977996 -0.0180847 -0.000368815 0.000897874 -0.0180847 0.0892507 
0.010252 -0.0186723 0.000270059 -0.000361777 -0.0186723 0.0906583 -0.000356682 0.000912086 0.000270059 -0.000356682 0.00976543 -0.0180787 -0.000361777 0.000912086 -0.0180787 0.0891882 
0.0102591 -0.0186427 0.000272659 -0.000336364 -0.0186427 0.0905787 -0.000333816 0.000853651 0.000272659 -0.000333816 0.00973162 -0.0180541 -0.000336364 0.000853651 -0.0180541 0.0891186 
0.0102764 -0.0186469 0.000307479 -0.000343055 -0.0186469 0.0905614 -0.000343055 0.000846202 0.000307479 -0.000343055 0.00972243 -0.018032 -0.000343055 0.000846202 -0.018032 0.0890876 
0.0102989 -0.0186757 0.000332633 -0.000391034 -0.0186757 0.0906106 -0.000385955 0.000934418 0.000332633 -0.000385955 0.00970982 -0.0180104 -0.000391034 0.000934418 -0.0180104 0.089016 
0.0103089 -0.01873 0.000328952 -0.000404864 -0.01873 0.0907655 -0.000404864 0.000976735 0.000328952 -0.000404864 0.0097294 -0.017981 -0.000404864 0.000976735 -0.017981 0.0889335 
0.0102909 -0.0187244 0.000330326 -0.000404014 -0.0187244 0.0907837 -0.000401473 0.0009986 0.000330326 -0.000401473 0.00972936 -0.0180053 -0.000404014 0.0009986 -0.0180053 0.0889364 
0.0102788 -0.0187022 0.000310093 -0.000393971 -0.0187022 0.0907506 -0.000381262 0.000955697 0.000310093 -0.000381262 0.0097476 -0.0180261 -0.000393971 0.000955697 -0.0180261 0.0890247 
0.0102709 -0.0186623 0.000295419 -0.000397287 -0.0186623 0.0906553 -0.000384554 0.000975391 0.000295419 -0.000384554 0.00975646 -0.0180638 -0.000397287 0.000975391 -0.0180638 0.0891324 
0.0103008 -0.0186788 0.000315382 -0.000378967 -0.0186788 0.0906749 -0.00037388 0.000974123 0.000315382 -0.00037388 0.00973869 -0.0180505 -0.000378967 0.000974123 -0.0180505 0.0891285 
0.0102839 -0.0187036 0.000342882 -0.000411458 -0.0187036 0.0907112 -0.000411458 0.00102102 0.000342882 -0.000411458 0.00975815 -0.018033 -0.000411458 0.00102102 -0.018033 0.0890882 
0.0102936 -0.0186897 0.00033949 -0.000423095 -0.0186897 0.0907147 -0.000428162 0.00105394 0.00033949 -0.000428162 0.00977173 -0.0180639 -0.000423095 0.00105394 -0.0180639 0.0891237 
0.0102933 -0.0186945 0.000354591 -0.000425509 -0.0186945 0.0907145 -0.000438173 0.00108404 0.000354591 -0.000438173 0.00977912 -0.0180816 -0.000425509 0.00108404 -0.0180816 0.0891695 
0.0102922 -0.0186767 0.000355167 -0.000436348 -0.0186767 0.0906665 -0.000446495 0.00109848 0.000355167 -0.000446495 0.00977216 -0.0181084 -0.000436348 0.00109848 -0.0181084 0.0892509 
0.0103038 -0.0187119 0.000341421 -0.000422955 -0.0187119 0.0907161 -0.000438242 0.00107267 0.000341421 -0.000438242 0.0097356 -0.0180622 -0.000422955 0.00107267 -0.0180622 0.0891747 
0.0102697 -0.0187259 0.000306941 -0.000409254 -0.0187259 0.0907777 -0.00041437 0.00102569 0.000306941 -0.00041437 0.00974025 -0.0180149 -0.000409254 0.00102569 -0.0180149 0.0890512 
0.0102303 -0.018657 0.000260938 -0.0003428 -0.018657 0.0906554 -0.0003428 0.000885141 0.000260938 -0.0003428 0.00976725 -0.0180328 -0.0003428 0.000885141 -0.0180328 0.0890539 
0.0102217 -0.0185983 0.000240209 -0.00030665 -0.0185983 0.0904872 -0.00030665 0.000784512 0.000240209 -0.00030665 0.00976935 -0.0180668 -0.00030665 0.000784512 -0.0180668 0.0891201 
0.0102025 -0.0186003 0.000245043 -0.000288436 -0.0186003 0.0904285 -0.000278226 0.000717261 0.000245043 -0.000278226 0.0097864 -0.0180566 -0.000288436 0.000717261 -0.0180566 0.0891165 
0.0101958 -0.0185877 0.000252599 -0.000324041 -0.0185877 0.0903997 -0.000318938 0.000773105 0.000252599 -0.000318938 0.00978501 -0.0180621 -0.000324041 0.000773105 -0.0180621 0.0891061 
0.0101833 -0.0185685 0.000265629 -0.000347361 -0.0185685 0.0903574 -0.000344807 0.000860741 0.000265629 -0.000344807 0.00978231 -0.0180705 -0.000347361 0.000860741 -0.0180705 0.0891263 
0.0101804 -0.0185419 0.000279821 -0.000353591 -0.0185419 0.0902905 -0.00034596 0.000900514 0.000279821 -0.00034596 0.00979881 -0.0180891 -0.000353591 0.000900514 -0.0180891 0.0891865 
0.0101842 -0.018538 0.000282964 -0.000356892 -0.018538 0.0902604 -0.000359441 0.000910074 0.000282964 -0.000359441 0.00978648 -0.018097 -0.000356892 0.000910074 -0.018097 0.0892127 
0.0101917 -0.0185394 0.000301786 -0.000365724 -0.0185394 0.0902418 -0.000365724 0.000930934 0.000301786 -0.000365724 0.00975691 -0.0180918 -0.000365724 0.000930934 -0.0180918 0.0892163 
0.0102101 -0.0185346 0.000315538 -0.00037454 -0.0185346 0.0902258 -0.000379671 0.000949178 0.000315538 -0.000379671 0.00971496 -0.0180626 -0.00037454 0.000949178 -0.0180626 0.0891791 
0.0102458 -0.0185355 0.000332407 -0.000398888 -0.0185355 0.0902024 -0.000398888 0.000984436 0.000332407 -0.000398888 0.0096756 -0.0180292 -0.000398888 0.000984436 -0.0180292 0.0891336 
0.0102729 -0.0186143 0.000321507 -0.000405712 -0.0186143 0.0903512 -0.00040316 0.00100024 0.000321507 -0.00040316 0.00967329 -0.0179585 -0.000405712 0.00100024 -0.0179585 0.0889682 
0.01026 -0.0186548 0.000302814 -0.000384242 -0.0186548 0.0904904 -0.000384242 0.000961879 0.000302814 -0.000384242 0.00970276 -0.0179398 -0.000384242 0.000961879 -0.0179398 0.0888669 
0.0102317 -0.0186615 0.000298605 -0.000385379 -0.0186615 0.0905692 -0.000382827 0.000969828 0.000298605 -0.000382827 0.0097187 -0.0179571 -0.000385379 0.000969828 -0.0179571 0.0888107 
0.0101895 -0.0186362 0.000292594 -0.000390126 -0.0186362 0.0905887 -0.000390126 0.000985581 0.000292594 -0.000390126 0.00972234 -0.0179535 -0.000390126 0.000985581 -0.0179535 0.0887741 
0.0101708 -0.018604 0.000282736 -0.000349564 -0.018604 0.0905345 -0.000344423 0.000899613 0.000282736 -0.000344423 0.00970811 -0.0179434 -0.000349564 0.000899613 -0.0179434 0.0887173 
0.0101669 -0.0185624 0.000258915 -0.000330693 -0.0185624 0.0904355 -0.000328129 0.00081776 0.000258915 -0.000328129 0.0097234 -0.0179471 -0.000330693 0.00081776 -0.0179471 0.0887462 
0.0101747 -0.0185227 0.00024666 -0.000310895 -0.0185227 0.0902906 -0.000310895 0.000768245 0.00024666 -0.000310895 0.00969941 -0.0179831 -0.000310895 0.000768245 -0.0179831 0.0888157 
0.0101434 -0.0185004 0.000201064 -0.000288707 -0.0185004 0.0901719 -0.000286129 0.000708878 0.000201064 -0.000286129 0.00970776 -0.0179694 -0.000288707 0.000708878 -0.0179694 0.0888598 
0.0101258 -0.018462 0.00019885 -0.000265994 -0.018462 0.0900712 -0.000258246 0.000684353 0.00019885 -0.000258246 0.0097049 -0.0179791 -0.000265994 0.000684353 -0.0179791 0.0888807 
0.0101102 -0.0184494 0.000224615 -0.000273668 -0.0184494 0.0900111 -0.000271087 0.000689335 0.000224615 -0.000271087 0.00969974 -0.017964 -0.000273668 0.000689335 -0.017964 0.0888596 
0.0101337 -0.0184385 0.000231188 -0.000295407 -0.0184385 0.0899808 -0.000300544 0.00074237 0.000231188 -0.000300544 0.00968677 -0.0179556 -0.000295407 0.00074237 -0.0179556 0.0888275 
0.0101705 -0.0184779 0.000222657 -0.000289198 -0.0184779 0.0900429 -0.000289198 0.000729393 0.000222657 -0.000289198 0.00967917 -0.0179405 -0.000289198 0.000729393 -0.0179405 0.0887863 
0.0101811 -0.0185284 0.000232083 -0.00028054 -0.0185284 0.0901681 -0.00028054 0.000709001 0.000232083 -0.00028054 0.00969903 -0.0179265 -0.00028054 0.000709001 -0.0179265 0.0887373 
0.0101652 -0.018551 0.000240325 -0.000281231 -0.018551 0.0902753 -0.000281231 0.000690295 0.000240325 -0.000281231 0.00970248 -0.0179374 -0.000281231 0.000690295 -0.0179374 0.0887285 
0.010135 -0.0185202 0.000248508 -0.000299746 -0.0185202 0.090257 -0.000299746 0.000730151 0.000248508 -0.000299746 0.0097251 -0.0179617 -0.000299746 0.000730151 -0.0179617 0.0887736 
0.0101296 -0.0184814 0.000286494 -0.00032998 -0.0184814 0.0901817 -0.000335096 0.000815997 0.000286494 -0.000335096 0.00972289 -0.0179826 -0.00032998 0.000815997 -0.0179826 0.0888388 
0.0101488 -0.0184693 0.000299171 -0.000350311 -0.0184693 0.0901246 -0.000350311 0.000854043 0.000299171 -0.000350311 0.00971154 -0.0179988 -0.000350311 0.000854043 -0.0179988 0.0889176 
0.0101419 -0.0185023 0.000286698 -0.000363492 -0.0185023 0.0901332 -0.000363492 0.000883132 0.000286698 -0.000363492 0.00971445 -0.0179775 -0.000363492 0.000883132 -0.0179775 0.0888892 
0.0101412 -0.0184998 0.000274851 -0.000359618 -0.0184998 0.0901639 -0.000357049 0.000901614 0.000274851 -0.000357049 0.00968657 -0.0179526 -0.000359618 0.000901614 -0.0179526 0.0888205 
0.0101407 -0.0184969 0.000274351 -0.00034358 -0.0184969 0.0901718 -0.000351272 0.000899975 0.000274351 -0.000351272 0.00968434 -0.0179277 -0.00034358 0.000899975 -0.0179277 0.0887539 
0.0101324 -0.0184727 0.00026408 -0.000340996 -0.0184727 0.0901255 -0.000346124 0.000884538 0.00026408 -0.000346124 0.00969659 -0.0179472 -0.000340996 0.000884538 -0.0179472 0.0887743 
0.0101155 -0.0184755 0.00024054 -0.000324984 -0.0184755 0.0901 -0.000319867 0.000841889 0.00024054 -0.000319867 0.00971627 -0.0179432 -0.000324984 0.000841889 -0.0179432 0.0887745 
0.0101245 -0.0184555 0.000252921 -0.000321899 -0.0184555 0.0900781 -0.00031679 0.000827741 0.000252921 -0.00031679 0.00970551 -0.0179625 -0.000321899 0.000827741 -0.0179625 0.0887905 
0.0101433 -0.0184952 0.000262832 -0.000321522 -0.0184952 0.0901538 -0.00031897 0.000824219 0.000262832 -0.00031897 0.00969159 -0.0179389 -0.000321522 0.000824219 -0.0179389 0.0887503 
0.0101494 -0.0184946 0.000257756 -0.000319005 -0.0184946 0.0901558 -0.000316452 0.000788579 0.000257756 -0.000316452 0.00969518 -0.0179587 -0.000319005 0.000788579 -0.0179587 0.0888006 
0.0101336 -0.0184945 0.000233103 -0.000304827 -0.0184945 0.090139 -0.000307388 0.000763347 0.000233103 -0.000307388 0.0097109 -0.0179668 -0.000304827 0.000763347 -0.0179668 0.0888531 
0.0101145 -0.0184927 0.000225677 -0.00026671 -0.0184927 0.0901633 -0.000264145 0.000679597 0.000225677 -0.000264145 0.00972978 -0.017967 -0.00026671 0.000679597 -0.017967 0.0888503 
0.0100847 -0.0184813 0.000210686 -0.000251796 -0.0184813 0.0901532 -0.000251796 0.000614074 0.000210686 -0.000251796 0.00974039 -0.0179649 -0.000251796 0.000614074 -0.0179649 0.0888146 
0.0100687 -0.018431 0.000201066 -0.000250043 -0.018431 0.0900284 -0.000260354 0.000616086 0.000201066 -0.000260354 0.00971817 -0.0179773 -0.000250043 0.000616086 -0.0179773 0.0888143 
0.0100806 -0.0183888 0.000209581 -0.000248393 -0.0183888 0.0899 -0.000256155 0.000628744 0.000209581 -0.000256155 0.0096692 -0.0179671 -0.000248393 0.000628744 -0.0179671 0.0888314 
0.0100982 -0.0183816 0.000227508 -0.000271458 -0.0183816 0.0898294 -0.000284385 0.000692865 0.000227508 -0.000284385 0.00964323 -0.0179317 -0.000271458 0.000692865 -0.0179317 0.0887927 
0.0100992 -0.0184104 0.000234445 -0.000283396 -0.0184104 0.0898467 -0.000296277 0.000726523 0.000234445 -0.000296277 0.00965606 -0.0178977 -0.000283396 0.000726523 -0.0178977 0.088708 
0.0101013 -0.0184319 0.0002294 -0.000286105 -0.0184319 0.0899273 -0.000283528 0.000711397 0.0002294 -0.000283528 0.0096683 -0.017888 -0.000286105 0.000711397 -0.017888 0.0886411 
0.0101081 -0.018437 0.000212774 -0.00028199 -0.018437 0.0899676 -0.000271736 0.00069472 0.000212774 -0.000271736 0.00969276 -0.0179089 -0.00028199 0.00069472 -0.0179089 0.0886627 
0.0101209 -0.018459 0.000225079 -0.000294137 -0.018459 0.090029 -0.000276233 0.000721276 0.000225079 -0.000276233 0.0096963 -0.0179245 -0.000294137 0.000721276 -0.0179245 0.0886811 
0.0101047 -0.0184843 0.000248645 -0.000287095 -0.0184843 0.0901068 -0.000279405 0.00071261 0.000248645 -0.000279405 0.00971252 -0.0179229 -0.000287095 0.00071261 -0.0179229 0.0886867 
0.0100856 -0.0184477 0.00028385 -0.000324765 -0.0184477 0.0900622 -0.000324765 0.000800405 0.00028385 -0.000324765 0.00973272 -0.0179567 -0.000324765 0.000800405 -0.0179567 0.0887555 
0.0100885 -0.0184073 0.00027032 -0.000339175 -0.0184073 0.0899681 -0.000339175 0.00081606 0.00027032 -0.000339175 0.00974937 -0.018012 -0.000339175 0.00081606 -0.018012 0.0889021 
0.0100771 -0.0184133 0.000242852 -0.000324655 -0.0184133 0.0899242 -0.000324655 0.000812915 0.000242852 -0.000324655 0.00976776 -0.0180349 -0.000324655 0.000812915 -0.0180349 0.0890141 
0.0100446 -0.0183877 0.000198216 -0.00029861 -0.0183877 0.0898637 -0.000301185 0.000787714 0.000198216 -0.000301185 0.00977177 -0.0180556 -0.00029861 0.000787714 -0.0180556 0.0890683 
0.0100572 -0.0183855 0.000192963 -0.000249566 -0.0183855 0.0898849 -0.00024442 0.000676658 0.000192963 -0.00024442 0.00974079 -0.0180228 -0.000249566 0.000676658 -0.0180228 0.0890075 
0.0100698 -0.0183893 0.00020047 -0.000233881 -0.0183893 0.0898722 -0.000228741 0.000596269 0.00020047 -0.000228741 0.00973564 -0.0179986 -0.000233881 0.000596269 -0.0179986 0.0889521 
0.0100723 -0.0183877 0.000210321 -0.000253924 -0.0183877 0.0898659 -0.000248794 0.000618137 0.000210321 -0.000248794 0.00972091 -0.0179824 -0.000253924 0.000618137 -0.0179824 0.0888835 
0.0100603 -0.0183982 0.000225902 -0.000282377 -0.0183982 0.0898755 -0.000277243 0.000682839 0.000225902 -0.000277243 0.00972404 -0.0179643 -0.000282377 0.000682839 -0.0179643 0.0888333 
0.01006 -0.018415 0.000236584 -0.000290587 -0.018415 0.089938 -0.000285444 0.000717467 0.000236584 -0.000285444 0.00971024 -0.0179341 -0.000290587 0.000717467 -0.0179341 0.0887268 
0.0100524 -0.0183817 0.000246873 -0.000321449 -0.0183817 0.0898772 -0.000321449 0.000799765 0.000246873 -0.000321449 0.00971034 -0.0179523 -0.000321449 0.000799765 -0.0179523 0.0887585 
0.0100921 -0.0183605 0.000243338 -0.000330428 -0.0183605 0.0898046 -0.000335551 0.000852965 0.000243338 -0.000335551 0.00969255 -0.0179789 -0.000330428 0.000852965 -0.0179789 0.0888415 
0.0101161 -0.0184034 0.000229564 -0.000311186 -0.0184034 0.0898461 -0.000313737 0.000818777 0.000229564 -0.000313737 0.00969779 -0.0179595 -0.000311186 0.000818777 -0.0179595 0.0888616 
0.0101241 -0.0184399 0.000240929 -0.000289115 -0.0184399 0.0899401 -0.000286579 0.000768437 0.000240929 -0.000286579 0.00973353 -0.0179758 -0.000289115 0.000768437 -0.0179758 0.0889003 
0.0101187 -0.0184912 0.000233841 -0.000271967 -0.0184912 0.0900999 -0.000274509 0.000686272 0.000233841 -0.000274509 0.00973998 -0.0179778 -0.000271967 0.000686272 -0.0179778 0.0888595 
0.0100878 -0.0184772 0.000219299 -0.000285599 -0.0184772 0.0901371 -0.000283049 0.000691048 0.000219299 -0.000283049 0.00976137 -0.0180055 -0.000285599 0.000691048 -0.0180055 0.0889055 
0.0100518 -0.0184454 0.000215286 -0.000261418 -0.0184454 0.090092 -0.000261418 0.000653546 0.000215286 -0.000261418 0.00979294 -0.0180353 -0.000261418 0.000653546 -0.0180353 0.0889976 
0.0100702 -0.0183978 0.000236826 -0.00027029 -0.0183978 0.089999 -0.000267716 0.000651271 0.000236826 -0.000267716 0.00974848 -0.0180606 -0.00027029 0.000651271 -0.0180606 0.0890568 
0.0100881 -0.018392 0.000264799 -0.000313646 -0.018392 0.0899186 -0.000308504 0.00074298 0.000264799 -0.000308504 0.00974358 -0.0180449 -0.000313646 0.00074298 -0.0180449 0.0890985 
0.0100907 -0.0184055 0.00027716 -0.000336184 -0.0184055 0.0898947 -0.000328486 0.000805816 0.00027716 -0.000328486 0.00976475 -0.0180436 -0.000336184 0.000805816 -0.0180436 0.0890915 
0.0101028 -0.0184364 0.000282059 -0.000346163 -0.0184364 0.0899792 -0.000343599 0.000851304 0.000282059 -0.000343599 0.00975922 -0.0180235 -0.000346163 0.000851304 -0.0180235 0.0890202 
0.0101079 -0.0184318 0.000274642 -0.000361912 -0.0184318 0.0899722 -0.000364478 0.000906062 0.000274642 -0.000364478 0.00973568 -0.0180211 -0.000361912 0.000906062 -0.0180211 0.088984 
0.0101088 -0.0184226 0.000301298 -0.000365132 -0.0184226 0.0899476 -0.000367686 0.000947301 0.000301298 -0.000367686 0.00974367 -0.018014 -0.000365132 0.000947301 -0.018014 0.0889876 
0.0101456 -0.0184308 0.000306669 -0.000373114 -0.0184308 0.0899333 -0.000368003 0.00093023 0.000306669 -0.000368003 0.00969075 -0.0180092 -0.000373114 0.00093023 -0.0180092 0.0889648 
0.0101679 -0.0184997 0.000291535 -0.000391271 -0.0184997 0.0900794 -0.000388714 0.000974342 0.000291535 -0.000388714 0.00966415 -0.0179371 -0.000391271 0.000974342 -0.0179371 0.0888288 
0.0101656 -0.0185229 0.000284298 -0.00037138 -0.0185229 0.0901787 -0.000368818 0.000960465 0.000284298 -0.000368818 0.00965843 -0.0179056 -0.00037138 0.000960465 -0.0179056 0.0887239 
0.0101292 -0.0185289 0.000262731 -0.000334153 -0.0185289 0.0902468 -0.000336704 0.00087747 0.000262731 -0.000336704 0.00972105 -0.0179091 -0.000334153 0.00087747 -0.0179091 0.088701 
0.010087 -0.0184714 0.000250894 -0.000327698 -0.0184714 0.0901504 -0.000330259 0.000842287 0.000250894 -0.000330259 0.00975415 -0.0179876 -0.000327698 0.000842287 -0.0179876 0.088814 
0.0100543 -0.0184147 0.000232737 -0.000305145 -0.0184147 0.0900202 -0.000310316 0.000780963 0.000232737 -0.000310316 0.00975945 -0.0180371 -0.000305145 0.000780963 -0.0180371 0.0889729 
0.0100278 -0.0183847 0.000228672 -0.000301432 -0.0183847 0.0899306 -0.00030403 0.000769171 0.000228672 -0.00030403 0.00975756 -0.0180313 -0.000301432 0.000769171 -0.0180313 0.0890107 
0.0100322 -0.01834 0.00023596 -0.000298191 -0.01834 0.0897969 -0.000298191 0.000762331 0.00023596 -0.000298191 0.00975214 -0.0180289 -0.000298191 0.000762331 -0.0180289 0.0890061 
0.010064 -0.0183349 0.000245464 -0.000291973 -0.0183349 0.0897236 -0.000297141 0.000749311 0.000245464 -0.000297141 0.00972813 -0.0180119 -0.000291973 0.000749311 -0.0180119 0.0889717 
0.0101088 -0.0183592 0.000257746 -0.000301563 -0.0183592 0.0897188 -0.000309295 0.000765505 0.000257746 -0.000309295 0.0096732 -0.0179804 -0.000301563 0.000765505 -0.0179804 0.0888888 
0.0101265 -0.0184307 0.000230384 -0.000308041 -0.0184307 0.0898522 -0.000313218 0.000755866 0.000230384 -0.000313218 0.00962952 -0.0178975 -0.000308041 0.000755866 -0.0178975 0.0886926 
