0.00688337 0 4.08711e-05 0 0 0.00999298 0 0 4.08711e-05 0 0.00774848 0 0 0 0 0.00999298 
0.00979454 -0.0121665 5.88354e-05 -7.7415e-05 -0.0121665 0.0325143 -7.7415e-05 0.000142444 5.88354e-05 -7.7415e-05 0.0108474 -0.0134702 -7.7415e-05 0.000142444 -0.0134702 0.0350101 
0.00990768 -0.0185797 -1.88658e-05 -0.000119483 -0.0185797 0.0685834 -0.000119483 0.00040247 -1.88658e-05 -0.000119483 0.0108101 -0.0201864 -0.000119483 0.00040247 -0.0201864 0.0737527 
0.00938178 -0.0184074 -0.000103498 -9.13217e-06 -0.0184074 0.0828227 -1.52203e-05 0.000283097 -0.000103498 -1.52203e-05 0.0101671 -0.0196463 -9.13217e-06 0.000283097 -0.0196463 0.0874131 
0.00934908 -0.0177901 -0.000129728 0.000103783 -0.0177901 0.086546 0.000106665 -5.47741e-05 -0.000129728 0.000106665 0.0101851 -0.0188596 0.000103783 -5.47741e-05 -0.0188596 0.0898988 
0.0094909 -0.0177039 -0.000106947 0.000137112 -0.0177039 0.087771 0.000148081 -0.000257771 -0.000106947 0.000148081 0.0103904 -0.0187898 0.000137112 -0.000257771 -0.0187898 0.0905598 
0.00963002 -0.017823 -4.50744e-05 9.81032e-05 -0.017823 0.0884069 0.00011136 -0.000267795 -4.50744e-05 0.00011136 0.0105076 -0.018926 9.81032e-05 -0.000267795 -0.018926 0.0910742 
0.00966045 -0.0178836 1.30195e-05 2.08312e-05 -0.0178836 0.0886236 3.64545e-05 -0.000127591 1.30195e-05 3.64545e-05 0.0105432 -0.0190136 2.08312e-05 -0.000127591 -0.0190136 0.0914332 
0.00971058 -0.0179116 6.40709e-05 -3.33168e-05 -0.0179116 0.0887099 -3.0754e-05 2.05027e-05 6.40709e-05 -3.0754e-05 0.0105076 -0.0190188 -3.33168e-05 2.05027e-05 -0.0190188 0.0915137 
0.00973123 -0.0179708 7.89087e-05 -9.41814e-05 -0.0179708 0.0888003 -9.16359e-05 0.000178181 7.89087e-05 -9.16359e-05 0.0104694 -0.018961 -9.41814e-05 0.000178181 -0.018961 0.0914017 
0.00974539 -0.018002 4.05108e-05 -8.86175e-05 -0.018002 0.0889188 -9.62132e-05 0.00022281 4.05108e-05 -9.62132e-05 0.0104695 -0.0189262 -8.86175e-05 0.00022281 -0.0189262 0.0913013 
0.00973421 -0.0180341 5.05936e-06 -5.81826e-05 -0.0180341 0.0890169 -7.0831e-05 0.000212493 5.05936e-06 -7.0831e-05 0.0104703 -0.0189119 -5.81826e-05 0.000212493 -0.0189119 0.0912379 
0.00972388 -0.0180402 -2.0216e-05 -2.0216e-05 -0.0180402 0.0890917 -2.77969e-05 0.000133931 -2.0216e-05 -2.77969e-05 0.010482 -0.0189171 -2.0216e-05 0.000133931 -0.0189171 0.0912195 
0.00972007 -0.0180324 -2.52732e-05 2.02186e-05 -0.0180324 0.0891057 1.76912e-05 2.52732e-05 -2.52732e-05 1.76912e-05 0.0104808 -0.0189246 2.02186e-05 2.52732e-05 -0.0189246 0.0912287 
0.00971816 -0.0180079 -5.05628e-05 4.29783e-05 -0.0180079 0.0890537 4.55065e-05 -8.09004e-05 -5.05628e-05 4.55065e-05 0.0104665 -0.0189408 4.29783e-05 -8.09004e-05 -0.0189408 0.0912708 
0.00970302 -0.0179809 -6.06439e-05 4.04293e-05 -0.0179809 0.0889621 3.79024e-05 -7.58049e-05 -6.06439e-05 3.79024e-05 0.0104661 -0.0189487 4.04293e-05 -7.58049e-05 -0.0189487 0.0913347 
0.009696 -0.0179631 -3.04029e-05 2.53358e-05 -0.0179631 0.0889032 3.04029e-05 -2.53358e-05 -3.04029e-05 3.04029e-05 0.0104586 -0.0189486 2.53358e-05 -2.53358e-05 -0.0189486 0.091376 
0.00973012 -0.0179788 2.78076e-05 7.58388e-06 -0.0179788 0.0889361 5.05592e-06 5.05592e-06 2.78076e-05 5.05592e-06 0.0104481 -0.0189319 7.58388e-06 5.05592e-06 -0.0189319 0.0913579 
0.00975266 -0.0180217 6.83598e-05 -3.54458e-05 -0.0180217 0.0890298 -3.79777e-05 6.07643e-05 6.83598e-05 -3.79777e-05 0.0104236 -0.0188977 -3.54458e-05 6.07643e-05 -0.0188977 0.0912679 
0.009759 -0.0180338 6.0788e-05 -9.11819e-05 -0.0180338 0.0890696 -9.37148e-05 0.000184897 6.0788e-05 -9.37148e-05 0.0104226 -0.0188924 -9.11819e-05 0.000184897 -0.0188924 0.0912579 
0.00972053 -0.018014 4.81591e-05 -7.35059e-05 -0.018014 0.0890005 -7.60406e-05 0.000197706 4.81591e-05 -7.60406e-05 0.0104328 -0.0189012 -7.35059e-05 0.000197706 -0.0189012 0.0912716 
0.00968975 -0.0179568 4.57303e-05 -7.36766e-05 -0.0179568 0.0888819 -7.36766e-05 0.000205786 4.57303e-05 -7.36766e-05 0.0104291 -0.0189196 -7.36766e-05 0.000205786 -0.0189196 0.0913031 
0.00967494 -0.0179591 4.05339e-05 -6.8401e-05 -0.0179591 0.0888706 -6.8401e-05 0.000205203 4.05339e-05 -6.8401e-05 0.0104552 -0.0188964 -6.8401e-05 0.000205203 -0.0188964 0.0912875 
0.00968286 -0.0179335 2.77374e-05 -6.30395e-05 -0.0179335 0.0888226 -6.05179e-05 0.000189118 2.77374e-05 -6.05179e-05 0.0104696 -0.0189345 -6.30395e-05 0.000189118 -0.0189345 0.0913164 
0.00973507 -0.0179854 3.02488e-05 -4.03317e-05 -0.0179854 0.088939 -4.03317e-05 0.000146203 3.02488e-05 -4.03317e-05 0.010461 -0.0189307 -4.03317e-05 0.000146203 -0.0189307 0.0913337 
0.00975417 -0.0180358 4.316e-05 -2.53882e-05 -0.0180358 0.0890544 -3.80824e-05 8.88589e-05 4.316e-05 -3.80824e-05 0.0104168 -0.0189117 -2.53882e-05 8.88589e-05 -0.0189117 0.0912809 
0.00975992 -0.0180332 4.32756e-05 -5.85494e-05 -0.0180332 0.0890612 -6.87318e-05 0.000140009 4.32756e-05 -6.87318e-05 0.0103887 -0.0188885 -5.85494e-05 0.000140009 -0.0188885 0.0912632 
0.00972553 -0.0180125 5.35631e-05 -7.14175e-05 -0.0180125 0.0890168 -8.162e-05 0.000188746 5.35631e-05 -8.162e-05 0.010381 -0.0188568 -7.14175e-05 0.000188746 -0.0188568 0.091195 
0.00968959 -0.0179717 7.38109e-05 -7.63561e-05 -0.0179717 0.0889218 -8.39917e-05 0.000198526 7.38109e-05 -8.39917e-05 0.0103997 -0.0188472 -7.63561e-05 0.000198526 -0.0188472 0.0911361 
0.00968573 -0.0179863 8.37164e-05 -8.37164e-05 -0.0179863 0.0889449 -8.37164e-05 0.000192801 8.37164e-05 -8.37164e-05 0.0104163 -0.0188235 -8.37164e-05 0.000192801 -0.0188235 0.0910429 
0.00966369 -0.0179276 7.63526e-05 -0.000109439 -0.0179276 0.088821 -0.000101803 0.000239238 7.63526e-05 -0.000101803 0.0104145 -0.0188693 -0.000109439 0.000239238 -0.0188693 0.0911014 
0.00969473 -0.0179314 6.36137e-05 -9.41483e-05 -0.0179314 0.0888098 -9.41483e-05 0.000229009 6.36137e-05 -9.41483e-05 0.0103843 -0.0188526 -9.41483e-05 0.000229009 -0.0188526 0.0910999 
0.00969526 -0.0179458 6.87968e-05 -8.91811e-05 -0.0179458 0.0887887 -8.6633e-05 0.000219131 6.87968e-05 -8.6633e-05 0.0103654 -0.0188198 -8.91811e-05 0.000219131 -0.0188198 0.0910539 
0.00968666 -0.0179458 5.35316e-05 -9.94157e-05 -0.0179458 0.0888063 -9.68666e-05 0.000252363 5.35316e-05 -9.68666e-05 0.0103571 -0.0187972 -9.94157e-05 0.000252363 -0.0187972 0.0909909 
0.0096789 -0.0179052 2.29358e-05 -7.39042e-05 -0.0179052 0.0887003 -7.64526e-05 0.000224261 2.29358e-05 -7.64526e-05 0.0103415 -0.0188124 -7.39042e-05 0.000224261 -0.0188124 0.0910066 
0.00970294 -0.0178899 1.26969e-05 -2.79331e-05 -0.0178899 0.0886216 -3.55512e-05 0.000137126 1.26969e-05 -3.55512e-05 0.0103226 -0.0188193 -2.79331e-05 0.000137126 -0.0188193 0.091067 
0.00971792 -0.0179535 1.52558e-05 -2.28836e-05 -0.0179535 0.0887224 -3.05115e-05 9.15346e-05 1.52558e-05 -3.05115e-05 0.0103078 -0.0187595 -2.28836e-05 9.15346e-05 -0.0187595 0.0909549 
0.0096922 -0.0179775 3.32538e-05 -3.58118e-05 -0.0179775 0.0888388 -3.32538e-05 9.97613e-05 3.32538e-05 -3.32538e-05 0.0103087 -0.0187244 -3.58118e-05 9.97613e-05 -0.0187244 0.0908314 
0.00965901 -0.0179484 5.89902e-05 -4.10367e-05 -0.0179484 0.0888393 -3.59071e-05 8.97678e-05 5.89902e-05 -3.59071e-05 0.0103182 -0.018723 -4.10367e-05 8.97678e-05 -0.018723 0.0907885 
0.00963848 -0.0179044 8.45031e-05 -7.42603e-05 -0.0179044 0.0887667 -6.40175e-05 0.000135717 8.45031e-05 -6.40175e-05 0.0103427 -0.0187443 -7.42603e-05 0.000135717 -0.0187443 0.0908127 
0.00961164 -0.0178447 7.64446e-05 -0.000122311 -0.0178447 0.0885815 -0.000117215 0.000249719 7.64446e-05 -0.000117215 0.0103735 -0.0187952 -0.000122311 0.000249719 -0.0187952 0.0909207 
0.00964655 -0.017862 6.10058e-05 -0.000109302 -0.017862 0.0886033 -0.000101676 0.000282152 6.10058e-05 -0.000101676 0.0103684 -0.0187974 -0.000109302 0.000282152 -0.0187974 0.090947 
0.00963962 -0.0178723 6.37204e-05 -8.66598e-05 -0.0178723 0.0886096 -8.41109e-05 0.000247235 6.37204e-05 -8.41109e-05 0.0103737 -0.0188154 -8.66598e-05 0.000247235 -0.0188154 0.0910029 
0.00964121 -0.0179051 5.6217e-05 -8.17701e-05 -0.0179051 0.0886899 -8.43254e-05 0.000232534 5.6217e-05 -8.43254e-05 0.0103618 -0.0187918 -8.17701e-05 0.000232534 -0.0187918 0.0909539 
0.00965825 -0.0178893 5.37138e-05 -8.69652e-05 -0.0178893 0.0886892 -9.20808e-05 0.000237875 5.37138e-05 -9.20808e-05 0.0103463 -0.0187973 -8.69652e-05 0.000237875 -0.0187973 0.090963 
0.00968238 -0.0179175 5.63525e-05 -6.65984e-05 -0.0179175 0.0887193 -7.42828e-05 0.000204918 5.63525e-05 -7.42828e-05 0.0103176 -0.0187679 -6.65984e-05 0.000204918 -0.0187679 0.090917 
0.00970448 -0.0179442 0.000100046 -7.95239e-05 -0.0179442 0.0887871 -7.95239e-05 0.000200092 0.000100046 -7.95239e-05 0.0102919 -0.0187292 -7.95239e-05 0.000200092 -0.0187292 0.0908188 
0.00971575 -0.0179275 0.000174228 -0.000128109 -0.0179275 0.0887408 -0.000138357 0.00029465 0.000174228 -0.000138357 0.0102615 -0.0187218 -0.000128109 0.00029465 -0.0187218 0.0907957 
0.00973023 -0.0179218 0.000191691 -0.000219805 -0.0179218 0.0886685 -0.000227473 0.000485617 0.000191691 -0.000227473 0.0102286 -0.0186962 -0.000219805 0.000485617 -0.0186962 0.0907541 
0.00976906 -0.0179958 0.000168256 -0.00022944 -0.0179958 0.0888291 -0.000234539 0.000555755 0.000168256 -0.000234539 0.0101973 -0.0186153 -0.00022944 0.000555755 -0.0186153 0.0905626 
0.00975694 -0.0180442 0.000104067 -0.000187829 -0.0180442 0.0889851 -0.00018529 0.000487339 0.000104067 -0.00018529 0.0102214 -0.0185697 -0.000187829 0.000487339 -0.0185697 0.0904141 
0.00974772 -0.0180415 5.81576e-05 -0.000123901 -0.0180415 0.089057 -0.000116315 0.000356531 5.81576e-05 -0.000116315 0.0102509 -0.0186029 -0.000123901 0.000356531 -0.0186029 0.0904048 
0.00971813 -0.0180226 4.06085e-05 -8.1217e-05 -0.0180226 0.0890342 -7.6141e-05 0.000256341 4.06085e-05 -7.6141e-05 0.0102663 -0.0186444 -8.1217e-05 0.000256341 -0.0186444 0.0904783 
0.00969644 -0.0179968 3.31198e-05 -5.35011e-05 -0.0179968 0.0890055 -5.60488e-05 0.000163051 3.31198e-05 -5.60488e-05 0.0102748 -0.0186592 -5.35011e-05 0.000163051 -0.0186592 0.0905494 
0.0097015 -0.0179882 2.04296e-05 -4.34129e-05 -0.0179882 0.089004 -3.83055e-05 0.000109809 2.04296e-05 -3.83055e-05 0.010271 -0.0186573 -4.34129e-05 0.000109809 -0.0186573 0.0905746 
0.00971057 -0.017973 1.02163e-05 -1.53244e-05 -0.017973 0.0889506 -1.02163e-05 4.08651e-05 1.02163e-05 -1.02163e-05 0.0102776 -0.0186702 -1.53244e-05 4.08651e-05 -0.0186702 0.0906235 
0.00970628 -0.0179486 7.66487e-06 -1.53297e-05 -0.0179486 0.088841 -1.53297e-05 3.06595e-05 7.66487e-06 -1.53297e-05 0.0102786 -0.0187023 -1.53297e-05 3.06595e-05 -0.0187023 0.0907112 
0.00969041 -0.0179435 0 -2.55751e-05 -0.0179435 0.0887891 -2.55751e-05 6.64953e-05 0 -2.55751e-05 0.0102761 -0.0186954 -2.55751e-05 6.64953e-05 -0.0186954 0.0907098 
0.00967553 -0.0179147 1.5362e-05 -2.56034e-05 -0.0179147 0.0887286 -2.30431e-05 7.93706e-05 1.5362e-05 -2.30431e-05 0.0102644 -0.0186879 -2.56034e-05 7.93706e-05 -0.0186879 0.090677 
0.0096302 -0.0178766 2.56737e-05 -4.10779e-05 -0.0178766 0.0886024 -3.85105e-05 0.000110397 2.56737e-05 -3.85105e-05 0.0102695 -0.0186853 -4.10779e-05 0.000110397 -0.0186853 0.0906769 
0.00963103 -0.0178352 3.07947e-05 -3.33609e-05 -0.0178352 0.0885064 -3.07947e-05 9.2384e-05 3.07947e-05 -3.07947e-05 0.0102444 -0.0186795 -3.33609e-05 9.2384e-05 -0.0186795 0.0906595 
0.00966212 -0.0178681 5.63987e-05 -6.6653e-05 -0.0178681 0.0885459 -6.15258e-05 0.000161505 5.63987e-05 -6.15258e-05 0.0102082 -0.0186244 -6.6653e-05 0.000161505 -0.0186244 0.0905378 
0.00966271 -0.0178741 5.88722e-05 -7.42301e-05 -0.0178741 0.0885463 -7.16705e-05 0.000186855 5.88722e-05 -7.16705e-05 0.0102182 -0.0186164 -7.42301e-05 0.000186855 -0.0186164 0.09053 
0.0096637 -0.0178951 4.08505e-05 -5.87226e-05 -0.0178951 0.0885996 -5.61694e-05 0.000153189 4.08505e-05 -5.61694e-05 0.0102279 -0.0186049 -5.87226e-05 0.000153189 -0.0186049 0.0904788 
0.00966709 -0.0179084 1.78219e-05 -3.81897e-05 -0.0179084 0.0886689 -3.56437e-05 0.000104385 1.78219e-05 -3.56437e-05 0.0102501 -0.0186213 -3.81897e-05 0.000104385 -0.0186213 0.0904765 
0.00966182 -0.017912 2.55266e-06 -1.5316e-05 -0.017912 0.0886973 -1.5316e-05 5.10532e-05 2.55266e-06 -1.5316e-05 0.0102285 -0.0186242 -1.5316e-05 5.10532e-05 -0.0186242 0.0904561 
0.00966237 -0.0178916 1.78508e-05 -1.53007e-05 -0.0178916 0.088652 -2.2951e-05 5.35523e-05 1.78508e-05 -2.2951e-05 0.0102157 -0.018626 -1.53007e-05 5.35523e-05 -0.018626 0.0904881 
0.00967623 -0.0179217 4.33568e-05 -3.31552e-05 -0.0179217 0.0887004 -3.31552e-05 8.16129e-05 4.33568e-05 -3.31552e-05 0.0102016 -0.0185899 -3.31552e-05 8.16129e-05 -0.0185899 0.0904296 
0.00966595 -0.0179105 4.85726e-05 -6.90242e-05 -0.0179105 0.0886834 -7.15807e-05 0.000166169 4.85726e-05 -7.15807e-05 0.0102028 -0.0185931 -6.90242e-05 0.000166169 -0.0185931 0.0904192 
0.00966015 -0.0178751 5.89346e-05 -9.22455e-05 -0.0178751 0.088612 -9.22455e-05 0.000240863 5.89346e-05 -9.22455e-05 0.0101752 -0.01859 -9.22455e-05 0.000240863 -0.01859 0.090416 
0.00965549 -0.0178675 6.44386e-05 -9.79467e-05 -0.0178675 0.0885567 -9.27916e-05 0.000275797 6.44386e-05 -9.27916e-05 0.0101323 -0.0185557 -9.79467e-05 0.000275797 -0.0185557 0.0903507 
0.00965344 -0.0178957 3.35368e-05 -7.48128e-05 -0.0178957 0.0886223 -6.96533e-05 0.00020896 3.35368e-05 -6.96533e-05 0.0101178 -0.0184788 -7.48128e-05 0.00020896 -0.0184788 0.090183 
0.00965222 -0.0178697 2.05695e-05 -3.34254e-05 -0.0178697 0.088585 -2.31406e-05 9.7705e-05 2.05695e-05 -2.31406e-05 0.0101227 -0.0184662 -3.34254e-05 9.7705e-05 -0.0184662 0.0900994 
0.0096411 -0.0178714 4.37647e-05 -4.63391e-05 -0.0178714 0.0885591 -4.63391e-05 0.000118422 4.37647e-05 -4.63391e-05 0.0101045 -0.0184533 -4.63391e-05 0.000118422 -0.0184533 0.0900265 
0.00962038 -0.0178521 5.14321e-05 -6.17186e-05 -0.0178521 0.088525 -6.68618e-05 0.000149153 5.14321e-05 -6.68618e-05 0.0101193 -0.0184487 -6.17186e-05 0.000149153 -0.0184487 0.0900011 
0.00961489 -0.0178037 8.22225e-05 -7.9653e-05 -0.0178037 0.088402 -8.47919e-05 0.000197848 8.22225e-05 -8.47919e-05 0.0101108 -0.0184769 -7.9653e-05 0.000197848 -0.0184769 0.090049 
0.00963507 -0.0178143 0.000100312 -0.000108028 -0.0178143 0.0883926 -0.000115744 0.00025721 0.000100312 -0.000115744 0.0100878 -0.0184548 -0.000108028 0.00025721 -0.0184548 0.0900336 
0.00966495 -0.0178719 0.000118493 -0.000113342 -0.0178719 0.0885198 -0.000118493 0.000278202 0.000118493 -0.000118493 0.0100539 -0.0183922 -0.000113342 0.000278202 -0.0183922 0.0899108 
0.00967939 -0.0178862 0.000139756 -0.000152696 -0.0178862 0.0885819 -0.000152696 0.000354566 0.000139756 -0.000152696 0.0100133 -0.018365 -0.000152696 0.000354566 -0.018365 0.0898061 
0.00967572 -0.0179233 0.000150333 -0.000171068 -0.0179233 0.0886885 -0.00017366 0.000419895 0.000150333 -0.00017366 0.0100075 -0.0183095 -0.000171068 0.000419895 -0.0183095 0.0896734 
0.00965632 -0.0179231 0.000163931 -0.000195156 -0.0179231 0.0887335 -0.000192554 0.000481385 0.000163931 -0.000192554 0.0100076 -0.0182848 -0.000195156 0.000481385 -0.0182848 0.0895506 
0.00965504 -0.0178747 0.000148219 -0.000213227 -0.0178747 0.0886142 -0.000213227 0.000538269 0.000148219 -0.000213227 0.0100035 -0.0183038 -0.000213227 0.000538269 -0.0183038 0.0895867 
0.00964979 -0.0178673 0.000114168 -0.000173847 -0.0178673 0.0885528 -0.000168657 0.000464456 0.000114168 -0.000168657 0.0100105 -0.0182928 -0.000173847 0.000464456 -0.0182928 0.0895674 
0.00962589 -0.0178275 8.02805e-05 -0.000108767 -0.0178275 0.0884406 -0.000108767 0.000305584 8.02805e-05 -0.000108767 0.010048 -0.0183376 -0.000108767 0.000305584 -0.0183376 0.0896785 
0.00962209 -0.0178346 7.487e-05 -8.26152e-05 -0.0178346 0.0884473 -8.77786e-05 0.000219447 7.487e-05 -8.77786e-05 0.0100713 -0.0183509 -8.26152e-05 0.000219447 -0.0183509 0.0897072 
0.00961444 -0.0178411 5.66464e-05 -7.72451e-05 -0.0178411 0.0884585 -7.982e-05 0.000182813 5.66464e-05 -7.982e-05 0.010114 -0.0183869 -7.72451e-05 0.000182813 -0.0183869 0.0897975 
0.00959903 -0.0177859 4.89615e-05 -6.18461e-05 -0.0177859 0.0883265 -5.41153e-05 0.000139154 4.89615e-05 -5.41153e-05 0.010117 -0.0184662 -6.18461e-05 0.000139154 -0.0184662 0.0899887 
0.00961052 -0.0177611 2.05628e-05 -5.39772e-05 -0.0177611 0.0882219 -5.39772e-05 0.000115665 2.05628e-05 -5.39772e-05 0.0101169 -0.0184962 -5.39772e-05 0.000115665 -0.0184962 0.0901368 
0.00963214 -0.017786 2.82317e-05 -3.07982e-05 -0.017786 0.088242 -3.33647e-05 9.49612e-05 2.82317e-05 -3.33647e-05 0.0100915 -0.0184738 -3.07982e-05 9.49612e-05 -0.0184738 0.0901387 
0.00965907 -0.0178258 1.53848e-05 -4.35902e-05 -0.0178258 0.0883445 -3.84619e-05 8.97445e-05 1.53848e-05 -3.84619e-05 0.0100719 -0.0184412 -4.35902e-05 8.97445e-05 -0.0184412 0.0900778 
0.00964622 -0.0178509 5.13917e-06 -3.34046e-05 -0.0178509 0.0884065 -3.0835e-05 9.50746e-05 5.13917e-06 -3.0835e-05 0.0100728 -0.0184265 -3.34046e-05 9.50746e-05 -0.0184265 0.0900408 
0.00965241 -0.0178744 2.57741e-06 -2.83515e-05 -0.0178744 0.0885109 -2.83515e-05 9.79417e-05 2.57741e-06 -2.83515e-05 0.0100571 -0.0183976 -2.83515e-05 9.79417e-05 -0.0183976 0.0899337 
0.00964076 -0.0178563 1.54913e-05 -2.06551e-05 -0.0178563 0.0884993 -2.3237e-05 7.74565e-05 1.54913e-05 -2.3237e-05 0.0100513 -0.0183933 -2.06551e-05 7.74565e-05 -0.0183933 0.0898909 
0.00961524 -0.0178565 3.36378e-05 -3.36378e-05 -0.0178565 0.0884959 -3.36378e-05 7.76257e-05 3.36378e-05 -3.36378e-05 0.0100629 -0.0183766 -3.36378e-05 7.76257e-05 -0.0183766 0.0898491 
0.00960467 -0.0178202 3.36915e-05 -4.14665e-05 -0.0178202 0.0884402 -3.62832e-05 7.77496e-05 3.36915e-05 -3.62832e-05 0.010066 -0.018393 -4.14665e-05 7.77496e-05 -0.018393 0.0898475 
0.00958386 -0.0177993 3.62829e-05 -2.8508e-05 -0.0177993 0.0883747 -2.33247e-05 4.66494e-05 3.62829e-05 -2.33247e-05 0.0100711 -0.0183825 -2.8508e-05 4.66494e-05 -0.0183825 0.0898312 
0.00961581 -0.0177972 3.09024e-05 -3.8628e-05 -0.0177972 0.0883809 -3.60528e-05 6.69553e-05 3.09024e-05 -3.60528e-05 0.0100587 -0.0183715 -3.8628e-05 6.69553e-05 -0.0183715 0.0897896 
0.00964232 -0.0178364 8.00299e-05 -8.00299e-05 -0.0178364 0.0884408 -7.48667e-05 0.000185876 8.00299e-05 -7.48667e-05 0.0100373 -0.0183553 -8.00299e-05 0.000185876 -0.0183553 0.0897445 
0.00966346 -0.0178858 0.000108087 -0.000108087 -0.0178858 0.0885822 -0.00011066 0.000262496 0.000108087 -0.00011066 0.0100546 -0.0183413 -0.000108087 0.000262496 -0.0183413 0.0897222 
0.00964944 -0.0178786 9.2462e-05 -0.000133556 -0.0178786 0.0885761 -0.000136125 0.000315912 9.2462e-05 -0.000136125 0.0100886 -0.0183897 -0.000133556 0.000315912 -0.0183897 0.0898166 
0.00964671 -0.0178593 5.64435e-05 -0.000112887 -0.0178593 0.0885445 -0.00012315 0.000315571 5.64435e-05 -0.00012315 0.0101111 -0.0184391 -0.000112887 0.000315571 -0.0184391 0.0899479 
0.0096232 -0.0178405 7.69651e-06 -6.67031e-05 -0.0178405 0.0884714 -7.69651e-05 0.000233461 7.69651e-06 -7.69651e-05 0.010126 -0.0184742 -6.67031e-05 0.000233461 -0.0184742 0.0900697 
0.00963836 -0.017854 5.12679e-06 -1.02536e-05 -0.017854 0.0885088 -1.02536e-05 8.97187e-05 5.12679e-06 -1.02536e-05 0.0101126 -0.018459 -1.02536e-05 8.97187e-05 -0.018459 0.0900469 
0.0096711 -0.0178732 4.09467e-05 -2.81508e-05 -0.0178732 0.0885549 -2.30325e-05 6.142e-05 4.09467e-05 -2.30325e-05 0.0100806 -0.0184362 -2.81508e-05 6.142e-05 -0.0184362 0.0899931 
0.00967916 -0.0179104 5.89411e-05 -6.66291e-05 -0.0179104 0.0886474 -5.63785e-05 0.000123008 5.89411e-05 -5.63785e-05 0.0100712 -0.0184024 -6.66291e-05 0.000123008 -0.0184024 0.0899236 
0.00965318 -0.0179251 5.91588e-05 -8.23079e-05 -0.0179251 0.0886971 -8.23079e-05 0.000172332 5.91588e-05 -8.23079e-05 0.0100956 -0.0184035 -8.23079e-05 0.000172332 -0.0184035 0.089906 
0.00964055 -0.0178811 4.37505e-05 -6.69125e-05 -0.0178811 0.0886437 -6.94861e-05 0.000167281 4.37505e-05 -6.94861e-05 0.0101115 -0.0184395 -6.69125e-05 0.000167281 -0.0184395 0.0899768 
0.00962233 -0.0178571 6.44755e-05 -5.93175e-05 -0.0178571 0.0885713 -6.18965e-05 0.000162478 6.44755e-05 -6.18965e-05 0.0101175 -0.0184529 -5.93175e-05 0.000162478 -0.0184529 0.0900156 
0.00958259 -0.0178225 6.22078e-05 -8.29437e-05 -0.0178225 0.0884646 -7.77597e-05 0.000181439 6.22078e-05 -7.77597e-05 0.0101347 -0.0184679 -8.29437e-05 0.000181439 -0.0184679 0.0900691 
0.00958038 -0.0177929 3.36154e-05 -7.49881e-05 -0.0177929 0.0883955 -6.98165e-05 0.000183592 3.36154e-05 -6.98165e-05 0.0101415 -0.0184703 -7.49881e-05 0.000183592 -0.0184703 0.0900736 
0.00961459 -0.0177695 5.41594e-05 -7.22126e-05 -0.0177695 0.0883005 -7.22126e-05 0.000214059 5.41594e-05 -7.22126e-05 0.0101201 -0.0184942 -7.22126e-05 0.000214059 -0.0184942 0.0901239 
0.00962388 -0.0177919 5.66869e-05 -8.24536e-05 -0.0177919 0.0882846 -9.27603e-05 0.000234477 5.66869e-05 -9.27603e-05 0.0101135 -0.0184799 -8.24536e-05 0.000234477 -0.0184799 0.090127 
0.00964051 -0.0178344 3.59721e-05 -5.13886e-05 -0.0178344 0.0883936 -6.42358e-05 0.000169583 3.59721e-05 -6.42358e-05 0.0101184 -0.0184614 -5.13886e-05 0.000169583 -0.0184614 0.0900817 
0.00965741 -0.0178476 5.89961e-05 -4.87359e-05 -0.0178476 0.0884455 -4.87359e-05 0.000141078 5.89961e-05 -4.87359e-05 0.0101217 -0.0184786 -4.87359e-05 0.000141078 -0.0184786 0.0901102 
0.00966743 -0.0178868 5.89478e-05 -6.40736e-05 -0.0178868 0.0885652 -5.63848e-05 0.000133273 5.89478e-05 -5.63848e-05 0.0101493 -0.0184917 -6.40736e-05 0.000133273 -0.0184917 0.0901567 
0.00968114 -0.0179485 7.44111e-05 -8.72406e-05 -0.0179485 0.0887673 -7.95429e-05 0.000189877 7.44111e-05 -7.95429e-05 0.0101789 -0.0184976 -8.72406e-05 0.000189877 -0.0184976 0.0901529 
0.00966431 -0.0179231 4.87319e-05 -8.20749e-05 -0.0179231 0.0887537 -8.46397e-05 0.000194928 4.87319e-05 -8.46397e-05 0.0102363 -0.018572 -8.20749e-05 0.000194928 -0.018572 0.0903157 
0.00962549 -0.0178711 2.56954e-05 -5.39603e-05 -0.0178711 0.0886259 -6.16689e-05 0.00016702 2.56954e-05 -6.16689e-05 0.0102704 -0.0186548 -5.39603e-05 0.00016702 -0.0186548 0.0905351 
0.00964377 -0.0178407 2.81682e-05 -2.56075e-05 -0.0178407 0.0885378 -3.0729e-05 0.00010243 2.81682e-05 -3.0729e-05 0.0102737 -0.0186986 -2.56075e-05 0.00010243 -0.0186986 0.0906735 
0.0096578 -0.0178589 2.30008e-05 -5.1113e-05 -0.0178589 0.08852 -4.3446e-05 0.000115004 2.30008e-05 -4.3446e-05 0.0102712 -0.0186971 -5.1113e-05 0.000115004 -0.0186971 0.0907102 
0.00964203 -0.017855 2.04877e-05 -5.37802e-05 -0.017855 0.088489 -4.35364e-05 0.000143414 2.04877e-05 -4.35364e-05 0.0102695 -0.0186976 -5.37802e-05 0.000143414 -0.0186976 0.0907324 
0.00962308 -0.0178571 1.5434e-05 -4.88742e-05 -0.0178571 0.0885086 -3.60126e-05 0.000131189 1.5434e-05 -3.60126e-05 0.0102456 -0.0186648 -4.88742e-05 0.000131189 -0.0186648 0.0906488 
0.00961987 -0.0178647 2.05993e-05 -2.8324e-05 -0.0178647 0.0885666 -2.8324e-05 8.4972e-05 2.05993e-05 -2.8324e-05 0.0102378 -0.0186218 -2.8324e-05 8.4972e-05 -0.0186218 0.0905287 
0.00963572 -0.017881 1.53639e-05 -1.79245e-05 -0.017881 0.0886394 -7.68195e-06 2.30458e-05 1.53639e-05 -7.68195e-06 0.0102528 -0.0186057 -1.79245e-05 2.30458e-05 -0.0186057 0.0904498 
0.00964893 -0.0178942 3.84215e-05 -3.07372e-05 -0.0178942 0.0886718 -2.56144e-05 6.14745e-05 3.84215e-05 -2.56144e-05 0.010256 -0.0186165 -3.07372e-05 6.14745e-05 -0.0186165 0.0904264 
0.00964205 -0.0178669 2.29816e-05 -5.10702e-05 -0.0178669 0.0885889 -4.85167e-05 9.95868e-05 2.29816e-05 -4.85167e-05 0.0102728 -0.0186636 -5.10702e-05 9.95868e-05 -0.0186636 0.0905449 
0.00963564 -0.0178441 0 -4.34038e-05 -0.0178441 0.088508 -4.34038e-05 0.000130211 0 -4.34038e-05 0.0102663 -0.0186866 -4.34038e-05 0.000130211 -0.0186866 0.0906347 
0.00963829 -0.0178525 1.02453e-05 -2.3052e-05 -0.0178525 0.0885042 -2.3052e-05 9.47692e-05 1.02453e-05 -2.3052e-05 0.0102248 -0.0186567 -2.3052e-05 9.47692e-05 -0.0186567 0.0905789 
0.00968392 -0.0179004 2.30083e-05 -1.78953e-05 -0.0179004 0.0886329 -2.04518e-05 6.13553e-05 2.30083e-05 -2.04518e-05 0.010185 -0.0185804 -1.78953e-05 6.13553e-05 -0.0185804 0.0904327 
0.0096758 -0.0179036 7.67515e-06 -2.04671e-05 -0.0179036 0.0886352 -2.55838e-05 4.86093e-05 7.67515e-06 -2.55838e-05 0.0101721 -0.0185687 -2.04671e-05 4.86093e-05 -0.0185687 0.0903621 
0.0096845 -0.0179064 1.02103e-05 -1.53155e-05 -0.0179064 0.0886614 -1.53155e-05 3.57362e-05 1.02103e-05 -1.53155e-05 0.0101771 -0.0185522 -1.53155e-05 3.57362e-05 -0.0185522 0.0903359 
0.00968016 -0.0179207 1.78366e-05 -2.54808e-06 -0.0179207 0.0886911 -7.64425e-06 2.54808e-06 1.78366e-05 -7.64425e-06 0.0101923 -0.0185526 -2.54808e-06 2.54808e-06 -0.0185526 0.0903193 
0.00968796 -0.0179204 4.34094e-05 -2.80885e-05 -0.0179204 0.0887135 -3.06419e-05 5.61769e-05 4.34094e-05 -3.06419e-05 0.0101884 -0.0185767 -2.80885e-05 5.61769e-05 -0.0185767 0.0903554 
0.00971142 -0.0179156 9.98012e-05 -7.93291e-05 -0.0179156 0.0886849 -8.44471e-05 0.00017913 9.98012e-05 -8.44471e-05 0.0101618 -0.0185784 -7.93291e-05 0.00017913 -0.0185784 0.0904071 
0.00971285 -0.0179344 0.000130908 -0.000148876 -0.0179344 0.0886965 -0.000151442 0.000343954 0.000130908 -0.000151442 0.0101364 -0.0185504 -0.000148876 0.000343954 -0.0185504 0.0903649 
0.00970184 -0.0179545 0.000133854 -0.000172466 -0.0179545 0.0887632 -0.000172466 0.000414433 0.000133854 -0.000172466 0.0101266 -0.0184976 -0.000172466 0.000414433 -0.0184976 0.0902459 
0.00963429 -0.0178982 0.000126461 -0.00018324 -0.0178982 0.0886598 -0.000180659 0.000467133 0.000126461 -0.000180659 0.0101608 -0.0185098 -0.00018324 0.000467133 -0.0185098 0.0902186 
0.009605 -0.0178275 0.00012662 -0.000155044 -0.0178275 0.0885071 -0.000155044 0.000423788 0.00012662 -0.000155044 0.0101554 -0.0185278 -0.000155044 0.000423788 -0.0185278 0.0902151 
0.00961309 -0.0178007 0.000129591 -0.000158102 -0.0178007 0.0883969 -0.000152918 0.000404325 0.000129591 -0.000152918 0.0101289 -0.0185186 -0.000158102 0.000404325 -0.0185186 0.0902164 
0.00961817 -0.0177976 0.000124206 -0.000147494 -0.0177976 0.088349 -0.000139731 0.000362266 0.000124206 -0.000139731 0.0101305 -0.0184989 -0.000147494 0.000362266 -0.0184989 0.0901991 
0.00961782 -0.0178177 9.83259e-05 -0.000139726 -0.0178177 0.0883717 -0.000139726 0.000341553 9.83259e-05 -0.000139726 0.0101379 -0.0184827 -0.000139726 0.000341553 -0.0184827 0.0901545 
0.00960751 -0.0178159 0.000114005 -0.000139915 -0.0178159 0.0883876 -0.000137324 0.000362743 0.000114005 -0.000137324 0.0101387 -0.0184921 -0.000139915 0.000362743 -0.0184921 0.0901287 
0.00958939 -0.0178063 0.000106175 -0.000147609 -0.0178063 0.0883788 -0.000142429 0.000362548 0.000106175 -0.000142429 0.0101513 -0.0184796 -0.000147609 0.000362548 -0.0184796 0.0900854 
0.00959025 -0.0177987 0.000118589 -0.000141791 -0.0177987 0.088385 -0.000141791 0.000360923 0.000118589 -0.000141791 0.0101548 -0.0184767 -0.000141791 0.000360923 -0.0184767 0.0900581 
0.00961156 -0.0178028 0.000130752 -0.000148699 -0.0178028 0.0883961 -0.00015639 0.000376874 0.000130752 -0.00015639 0.0101525 -0.0184873 -0.000148699 0.000376874 -0.0184873 0.09006 
0.00962198 -0.0178003 0.000120307 -0.000171501 -0.0178003 0.0883564 -0.00017918 0.000437712 0.000120307 -0.00017918 0.0101595 -0.0185221 -0.000171501 0.000437712 -0.0185221 0.0901635 
0.00962412 -0.0178226 9.52119e-05 -0.000146678 -0.0178226 0.0883901 -0.000154398 0.000396287 9.52119e-05 -0.000154398 0.0101362 -0.0185123 -0.000146678 0.000396287 -0.0185123 0.0901785 
0.00962491 -0.0178387 6.70725e-05 -0.000108348 -0.0178387 0.088448 -0.000105768 0.000299247 6.70725e-05 -0.000105768 0.0101202 -0.0184811 -0.000108348 0.000299247 -0.0184811 0.0901403 
0.00963416 -0.0178574 4.90091e-05 -9.02799e-05 -0.0178574 0.088513 -7.99622e-05 0.000234728 4.90091e-05 -7.99622e-05 0.0101062 -0.0184481 -9.02799e-05 0.000234728 -0.0184481 0.0900297 
0.00961862 -0.0178229 6.20556e-05 -8.01551e-05 -0.0178229 0.0884447 -6.98125e-05 0.000212023 6.20556e-05 -6.98125e-05 0.0100995 -0.0184538 -8.01551e-05 0.000212023 -0.0184538 0.0900271 
