0.00708297 0 -0.000421565 0 0 0.00998709 0 0 -0.000421565 0 0.00760156 0 0 0 0 0.00998709 
0.0100503 -0.0124964 -0.000506941 0.000622988 -0.0124964 0.0331466 0.000622988 -0.00120017 -0.000506941 0.000622988 0.0106671 -0.0132446 0.000622988 -0.00120017 -0.0132446 0.034582 
0.0101405 -0.0190932 -0.000354499 0.000643695 -0.0190932 0.0702653 0.000643695 -0.00205858 -0.000354499 0.000643695 0.0106878 -0.0199048 0.000643695 -0.00205858 -0.0199048 0.0728277 
0.00954634 -0.018816 -0.000270581 0.000431713 -0.018816 0.0845824 0.000419552 -0.00157788 -0.000270581 0.000419552 0.0100632 -0.0194271 0.000431713 -0.00157788 -0.0194271 0.0865251 
0.00950658 -0.018068 -0.000260931 0.000324714 -0.018068 0.0877481 0.000310218 -0.000933553 -0.000260931 0.000310218 0.0100197 -0.0186739 0.000324714 -0.000933553 -0.0186739 0.089247 
0.00964053 -0.0178936 -0.000292975 0.000362072 -0.0178936 0.0884231 0.000348253 -0.00082641 -0.000292975 0.000348253 0.0101712 -0.0185818 0.000362072 -0.00082641 -0.0185818 0.0900206 
0.00976422 -0.0179723 -0.000285613 0.000368361 -0.0179723 0.0887909 0.000373699 -0.000856839 -0.000285613 0.000373699 0.0102741 -0.0186636 0.000368361 -0.000856839 -0.0186636 0.0904806 
0.00980172 -0.0180736 -0.000289282 0.000383104 -0.0180736 0.0890651 0.000390922 -0.000938213 -0.000289282 0.000390922 0.0103334 -0.0187017 0.000383104 -0.000938213 -0.0187017 0.0906705 
0.00981091 -0.0180879 -0.000311417 0.000388627 -0.0180879 0.0891475 0.000401496 -0.00101146 -0.000311417 0.000401496 0.0103334 -0.0187262 0.000388627 -0.00101146 -0.0187262 0.0907252 
0.00984632 -0.0181115 -0.000326426 0.000397831 -0.0181115 0.0891958 0.000405482 -0.00102008 -0.000326426 0.000405482 0.0103156 -0.0187287 0.000397831 -0.00102008 -0.0187287 0.0907285 
0.00985688 -0.018138 -0.00033603 0.00043022 -0.018138 0.0892262 0.000437857 -0.00109973 -0.00033603 0.000437857 0.0102871 -0.0187133 0.00043022 -0.00109973 -0.0187133 0.0907078 
0.00985018 -0.0181545 -0.000331972 0.000438405 -0.0181545 0.0892877 0.000443474 -0.00112516 -0.000331972 0.000443474 0.0102886 -0.0186918 0.000438405 -0.00112516 -0.0186918 0.0906815 
0.00984947 -0.0181502 -0.000315346 0.000437415 -0.0181502 0.0893014 0.000434872 -0.0011266 -0.000315346 0.000434872 0.0102615 -0.0186995 0.000437415 -0.0011266 -0.0186995 0.0906874 
0.00985793 -0.0181549 -0.000293315 0.00040809 -0.0181549 0.0893284 0.00040809 -0.00106104 -0.000293315 0.00040809 0.010215 -0.0186574 0.00040809 -0.00106104 -0.0186574 0.0906114 
0.00988089 -0.0181799 -0.000303126 0.000382092 -0.0181799 0.0893916 0.000387186 -0.00100363 -0.000303126 0.000387186 0.010184 -0.0185977 0.000382092 -0.00100363 -0.0185977 0.0905048 
0.00989635 -0.0182185 -0.000303131 0.000382098 -0.0182185 0.0894951 0.000392288 -0.000975625 -0.000303131 0.000392288 0.0101664 -0.0185572 0.000382098 -0.000975625 -0.0185572 0.0903714 
0.00988032 -0.0182494 -0.000270135 0.000341492 -0.0182494 0.0895983 0.000341492 -0.000856278 -0.000270135 0.000341492 0.0102014 -0.0185348 0.000341492 -0.000856278 -0.0185348 0.0902889 
0.00986062 -0.0182175 -0.000252314 0.000326224 -0.0182175 0.0895764 0.000318578 -0.00079517 -0.000252314 0.000318578 0.0102378 -0.0185845 0.000326224 -0.00079517 -0.0185845 0.0903639 
0.00986053 -0.0181499 -0.000272912 0.000346879 -0.0181499 0.0894131 0.000336676 -0.000854444 -0.000272912 0.000336676 0.0102227 -0.0186473 0.000346879 -0.000854444 -0.0186473 0.0905124 
0.00986329 -0.0181464 -0.000295644 0.000367006 -0.0181464 0.0893252 0.000354263 -0.000899675 -0.000295644 0.000354263 0.0102099 -0.0186383 0.000367006 -0.000899675 -0.0186383 0.0905715 
0.0098856 -0.0181787 -0.000320532 0.00040448 -0.0181787 0.0893825 0.000396849 -0.000999753 -0.000320532 0.000396849 0.0101858 -0.0185908 0.00040448 -0.000999753 -0.0185908 0.0904815 
0.00991598 -0.0182042 -0.000329098 0.000425296 -0.0182042 0.0894565 0.000425296 -0.00107083 -0.000329098 0.000425296 0.0101666 -0.0185535 0.000425296 -0.00107083 -0.0185535 0.0903602 
0.0099033 -0.0182392 -0.000319053 0.000435532 -0.0182392 0.0895424 0.000438065 -0.00112175 -0.000319053 0.000438065 0.0101692 -0.0185329 0.000435532 -0.00112175 -0.0185329 0.0902894 
0.00988608 -0.0182132 -0.000320371 0.000413707 -0.0182132 0.0895146 0.000411184 -0.00108724 -0.000320371 0.000411184 0.0102064 -0.0185714 0.000413707 -0.00108724 -0.0185714 0.0903722 
0.00991502 -0.0182108 -0.000310239 0.000385907 -0.0182108 0.0895253 0.000385907 -0.00100134 -0.000310239 0.000385907 0.0102152 -0.0186219 0.000385907 -0.00100134 -0.0186219 0.0904989 
0.00992814 -0.0182226 -0.000328245 0.000424193 -0.0182226 0.0895022 0.000419143 -0.00106301 -0.000328245 0.000419143 0.0101907 -0.0186342 0.000424193 -0.00106301 -0.0186342 0.0905804 
0.00989953 -0.0182447 -0.000316968 0.000418397 -0.0182447 0.0895472 0.000423469 -0.00107769 -0.000316968 0.000423469 0.0101988 -0.0186098 0.000418397 -0.00107769 -0.0186098 0.090564 
0.0098959 -0.0182332 -0.000321345 0.000399783 -0.0182332 0.0895717 0.000407374 -0.00105006 -0.000321345 0.000407374 0.0102021 -0.0186 0.000399783 -0.00105006 -0.0186 0.0905206 
0.009893 -0.0182393 -0.000307816 0.000396124 -0.0182393 0.0895971 0.000403693 -0.00101176 -0.000307816 0.000403693 0.0102311 -0.0185976 0.000396124 -0.00101176 -0.0185976 0.0905004 
0.00991441 -0.0182362 -0.000285216 0.000383653 -0.0182362 0.0896108 0.000383653 -0.000984374 -0.000285216 0.000383653 0.0102223 -0.0186274 0.000383653 -0.000984374 -0.0186274 0.090522 
0.00993981 -0.018259 -0.000267131 0.000358718 -0.018259 0.0896414 0.000356174 -0.000928597 -0.000267131 0.000356174 0.0101688 -0.0186025 0.000358718 -0.000928597 -0.0186025 0.0904988 
0.00990867 -0.0182743 -0.000277077 0.000338084 -0.0182743 0.0896788 0.000338084 -0.000871902 -0.000277077 0.000338084 0.0101883 -0.0185565 0.000338084 -0.000871902 -0.0185565 0.0904185 
0.00989182 -0.0182556 -0.000278287 0.000346593 -0.0182556 0.0896968 0.000349123 -0.000865218 -0.000278287 0.000349123 0.0102359 -0.0185617 0.000346593 -0.000865218 -0.0185617 0.0903849 
0.0098782 -0.0182072 -0.00029665 0.000365108 -0.0182072 0.0895757 0.000362572 -0.000907699 -0.00029665 0.000362572 0.0102357 -0.0186306 0.000365108 -0.000907699 -0.0186306 0.0904808 
0.00987327 -0.0181837 -0.000295256 0.000384342 -0.0181837 0.0894728 0.000379252 -0.000954492 -0.000295256 0.000379252 0.0102169 -0.0186419 0.000384342 -0.000954492 -0.0186419 0.0905521 
0.00986005 -0.0181702 -0.000298249 0.000405312 -0.0181702 0.0893931 0.000395116 -0.00101201 -0.000298249 0.000395116 0.0101965 -0.018624 0.000405312 -0.00101201 -0.018624 0.0905555 
0.0098401 -0.018164 -0.000304782 0.000396985 -0.018164 0.0893831 0.000391863 -0.00102448 -0.000304782 0.000391863 0.0101884 -0.0185866 0.000396985 -0.00102448 -0.0185866 0.0904742 
0.00982527 -0.0181496 -0.000291006 0.000393113 -0.0181496 0.089377 0.00039056 -0.00101341 -0.000291006 0.00039056 0.0102056 -0.0185631 0.000393113 -0.00101341 -0.0185631 0.090393 
0.00983413 -0.018106 -0.000296239 0.000364602 -0.018106 0.0892465 0.000367134 -0.000967209 -0.000296239 0.000367134 0.0102266 -0.0186099 0.000364602 -0.000967209 -0.0186099 0.090472 
0.00985192 -0.0181217 -0.000300764 0.000369005 -0.0181217 0.0892309 0.000374059 -0.000945258 -0.000300764 0.000374059 0.0102209 -0.0186272 0.000369005 -0.000945258 -0.0186272 0.0905173 
0.009851 -0.0181528 -0.000303263 0.00038666 -0.0181528 0.0892882 0.000394242 -0.000978024 -0.000303263 0.000394242 0.01022 -0.0186178 0.00038666 -0.000978024 -0.0186178 0.090524 
0.0098485 -0.0181534 -0.000311245 0.000392219 -0.0181534 0.0893349 0.000399811 -0.00100965 -0.000311245 0.000399811 0.0102205 -0.0186292 0.000392219 -0.00100965 -0.0186292 0.0905521 
0.00983221 -0.0181721 -0.000302022 0.00039339 -0.0181721 0.0893985 0.000395928 -0.0010152 -0.000302022 0.000395928 0.0102332 -0.0186162 0.00039339 -0.0010152 -0.0186162 0.0905355 
0.00981695 -0.0181524 -0.000285584 0.000387578 -0.0181524 0.0893852 0.000379929 -0.000981695 -0.000285584 0.000379929 0.0102326 -0.0186292 0.000387578 -0.000981695 -0.0186292 0.0905505 
0.00982005 -0.0181252 -0.000270792 0.000372978 -0.0181252 0.0893333 0.000362759 -0.000950328 -0.000270792 0.000362759 0.0102109 -0.0186182 0.000372978 -0.000950328 -0.0186182 0.0905187 
0.0098042 -0.0181117 -0.000269558 0.000346574 -0.0181117 0.0892724 0.000354276 -0.000908795 -0.000269558 0.000354276 0.0101713 -0.0185815 0.000346574 -0.000908795 -0.0185815 0.0904379 
0.00979661 -0.018086 -0.000232269 0.000327758 -0.018086 0.0891889 0.0003355 -0.000851655 -0.000232269 0.0003355 0.0101399 -0.018548 0.000327758 -0.000851655 -0.018548 0.0903606 
0.00978816 -0.0180764 -0.000224215 0.000304108 -0.0180764 0.0891475 0.000309262 -0.000801505 -0.000224215 0.000309262 0.0101387 -0.0185016 0.000304108 -0.000801505 -0.0185016 0.0902557 
0.00975382 -0.0180448 -0.000203097 0.000264798 -0.0180448 0.0890569 0.000264798 -0.00069413 -0.000203097 0.000264798 0.0101883 -0.0185204 0.000264798 -0.00069413 -0.0185204 0.0902498 
0.00976092 -0.0179888 -0.000223415 0.000267071 -0.0179888 0.0889114 0.000274775 -0.000688221 -0.000223415 0.000274775 0.0101667 -0.0185614 0.000267071 -0.000688221 -0.0185614 0.0903136 
0.00976936 -0.0180085 -0.000236211 0.000290128 -0.0180085 0.0888742 0.000295263 -0.000724037 -0.000236211 0.000295263 0.0101416 -0.0185323 0.000290128 -0.000724037 -0.0185323 0.0902966 
0.00980794 -0.0180488 -0.000241095 0.000305216 -0.0180488 0.0889897 0.000310346 -0.000772017 -0.000241095 0.000310346 0.0101055 -0.0184899 0.000305216 -0.000772017 -0.0184899 0.090172 
0.00982411 -0.0180962 -0.000233054 0.000309885 -0.0180962 0.0891187 0.000304762 -0.000783675 -0.000233054 0.000304762 0.0100956 -0.0184445 0.000309885 -0.000783675 -0.0184445 0.0900586 
0.00980613 -0.0181201 -0.000252946 0.000339816 -0.0181201 0.0892005 0.000332151 -0.000861038 -0.000252946 0.000332151 0.0101153 -0.0184267 0.000339816 -0.000861038 -0.0184267 0.08999 
0.00982756 -0.0180812 -0.000271282 0.000358296 -0.0180812 0.089162 0.0003455 -0.000908537 -0.000271282 0.0003455 0.0100937 -0.0184702 0.000358296 -0.000908537 -0.0184702 0.0900578 
0.0098152 -0.0180852 -0.000277207 0.000346509 -0.0180852 0.0891145 0.000341376 -0.000882957 -0.000277207 0.000341376 0.0100744 -0.01846 0.000346509 -0.000882957 -0.01846 0.0900924 
0.00981073 -0.0180889 -0.000292169 0.000353678 -0.0180889 0.0891141 0.000353678 -0.000886759 -0.000292169 0.000353678 0.0100721 -0.0184323 0.000353678 -0.000886759 -0.0184323 0.0900522 
0.00981646 -0.0180992 -0.000292875 0.000375086 -0.0180992 0.0891574 0.000369948 -0.000922301 -0.000292875 0.000369948 0.010058 -0.0184075 0.000375086 -0.000922301 -0.0184075 0.0899616 
0.00982054 -0.0181358 -0.000264587 0.000357064 -0.0181358 0.089284 0.000357064 -0.000899082 -0.000264587 0.000357064 0.0100749 -0.0183721 0.000357064 -0.000899082 -0.0183721 0.089862 
0.00981212 -0.0181347 -0.000270129 0.0003576 -0.0181347 0.0893047 0.0003576 -0.000931302 -0.000270129 0.0003576 0.0100797 -0.0183842 0.0003576 -0.000931302 -0.0183842 0.0898244 
0.00978665 -0.0180665 -0.00026228 0.000349707 -0.0180665 0.0891573 0.00035485 -0.000910267 -0.00026228 0.00035485 0.0101106 -0.0184419 0.000349707 -0.000910267 -0.0184419 0.0899776 
0.00977765 -0.0180372 -0.000233351 0.000312844 -0.0180372 0.089022 0.000317972 -0.000828267 -0.000233351 0.000317972 0.0101264 -0.0184783 0.000312844 -0.000828267 -0.0184783 0.0900862 
0.00979467 -0.0180302 -0.000217262 0.000273494 -0.0180302 0.0889904 0.000283718 -0.00072591 -0.000217262 0.000283718 0.0101397 -0.0185056 0.000273494 -0.00072591 -0.0185056 0.0901841 
0.0098224 -0.0180669 -0.000222134 0.000262986 -0.0180669 0.0890552 0.000268092 -0.000679167 -0.000222134 0.000268092 0.0101313 -0.0185035 0.000262986 -0.000679167 -0.0185035 0.0901965 
0.00981213 -0.0181 -0.000262985 0.000308943 -0.0181 0.0891313 0.00031405 -0.000776187 -0.000262985 0.00031405 0.0101389 -0.0184932 0.000308943 -0.000776187 -0.0184932 0.0901756 
0.00982418 -0.0181172 -0.000290445 0.0003414 -0.0181172 0.0892202 0.000346496 -0.00084331 -0.000290445 0.000346496 0.0101503 -0.0184993 0.0003414 -0.00084331 -0.0184993 0.0901858 
0.00984071 -0.01812 -0.000312283 0.000401144 -0.01812 0.0892468 0.000406221 -0.000997781 -0.000312283 0.000406221 0.010153 -0.0185186 0.000401144 -0.000997781 -0.0185186 0.0902217 
0.00984199 -0.0181321 -0.000302244 0.000413999 -0.0181321 0.0892688 0.000411459 -0.00105913 -0.000302244 0.000411459 0.0101595 -0.018536 0.000413999 -0.00105913 -0.018536 0.0902847 
0.00985747 -0.0181454 -0.00029 0.000389211 -0.0181454 0.0893048 0.000396843 -0.00103026 -0.00029 0.000396843 0.0101576 -0.0185473 0.000389211 -0.00103026 -0.0185473 0.0903326 
0.00986483 -0.0181753 -0.000275654 0.000354776 -0.0181753 0.0893909 0.000352224 -0.000931607 -0.000275654 0.000352224 0.0101379 -0.0185173 0.000354776 -0.000931607 -0.0185173 0.0902817 
0.00985056 -0.0181776 -0.000285819 0.000341962 -0.0181776 0.0894206 0.00035217 -0.000888081 -0.000285819 0.00035217 0.0101644 -0.0185196 0.000341962 -0.000888081 -0.0185196 0.0902908 
0.00984472 -0.0181666 -0.000292846 0.000351415 -0.0181666 0.0894122 0.000356508 -0.000886177 -0.000292846 0.000356508 0.0102038 -0.0185588 0.000351415 -0.000886177 -0.0185588 0.090357 
0.00988024 -0.0181405 -0.000302638 0.000366217 -0.0181405 0.0893393 0.000373847 -0.000930803 -0.000302638 0.000373847 0.010188 -0.0186084 0.000366217 -0.000930803 -0.0186084 0.0904735 
0.0099171 -0.0181763 -0.00031229 0.000406231 -0.0181763 0.0893504 0.000411308 -0.00103335 -0.00031229 0.000411308 0.0101761 -0.0186079 0.000406231 -0.00103335 -0.0186079 0.0905336 
0.00994735 -0.0182516 -0.000295038 0.000389145 -0.0182516 0.0895287 0.000401862 -0.00102755 -0.000295038 0.000401862 0.0101483 -0.0185569 0.000389145 -0.00102755 -0.0185569 0.090424 
0.00991809 -0.0182774 -0.000303095 0.0003846 -0.0182774 0.089627 0.000389694 -0.00101881 -0.000303095 0.000389694 0.0101728 -0.0185346 0.0003846 -0.00101881 -0.0185346 0.0903453 
0.00988908 -0.0182568 -0.000310385 0.00039943 -0.0182568 0.0896555 0.000396886 -0.00102274 -0.000310385 0.000396886 0.0101969 -0.0185442 0.00039943 -0.00102274 -0.0185442 0.0903221 
0.0098743 -0.0182355 -0.000315327 0.000396701 -0.0182355 0.0896443 0.000381444 -0.00100447 -0.000315327 0.000381444 0.0102354 -0.0185814 0.000396701 -0.00100447 -0.0185814 0.0903691 
0.00986329 -0.0181878 -0.000335728 0.000406943 -0.0181878 0.0895098 0.000391683 -0.000999555 -0.000335728 0.000391683 0.0102677 -0.0186584 0.000406943 -0.000999555 -0.0186584 0.0905653 
0.00988476 -0.0181734 -0.000336026 0.000430215 -0.0181734 0.0894338 0.000420032 -0.00104372 -0.000336026 0.000420032 0.0102386 -0.01868 0.000430215 -0.00104372 -0.01868 0.0906659 
0.0099262 -0.0182141 -0.000344906 0.000433669 -0.0182141 0.0894854 0.000433669 -0.00109305 -0.000344906 0.000433669 0.0102153 -0.0186452 0.000433669 -0.00109305 -0.0186452 0.0906368 
0.00993974 -0.0182469 -0.00034476 0.000433485 -0.0182469 0.0895515 0.00043602 -0.00110019 -0.00034476 0.00043602 0.0102034 -0.0186247 0.000433485 -0.00110019 -0.0186247 0.0905832 
0.00990685 -0.018252 -0.000349296 0.000458135 -0.018252 0.0895717 0.000460666 -0.00116179 -0.000349296 0.000460666 0.0102384 -0.0186215 0.000458135 -0.00116179 -0.0186215 0.0905741 
0.00985983 -0.018238 -0.000340168 0.000435919 -0.018238 0.0895926 0.000440958 -0.00112633 -0.000340168 0.000440958 0.0103134 -0.0186513 0.000435919 -0.00112633 -0.0186513 0.0906031 
0.00985974 -0.0181828 -0.00033504 0.000425727 -0.0181828 0.0894934 0.000420689 -0.00107817 -0.00033504 0.000420689 0.0103308 -0.0187421 0.000425727 -0.00107817 -0.0187421 0.0907705 
0.00987468 -0.0181637 -0.000312602 0.000403357 -0.0181637 0.0894041 0.000395794 -0.00101091 -0.000312602 0.000395794 0.0103133 -0.0187813 0.000403357 -0.00101091 -0.0187813 0.0909343 
0.0098787 -0.0181815 -0.000310128 0.000403418 -0.0181815 0.0894025 0.000400897 -0.00102619 -0.000310128 0.000400897 0.0103048 -0.018764 0.000403418 -0.00102619 -0.018764 0.0909657 
0.00989782 -0.018217 -0.000310174 0.000390869 -0.018217 0.0894965 0.000385826 -0.000993565 -0.000310174 0.000385826 0.0102912 -0.018739 0.000390869 -0.000993565 -0.018739 0.0909162 
0.00994164 -0.018247 -0.000309014 0.000382468 -0.018247 0.0895989 0.000379935 -0.000947305 -0.000309014 0.000379935 0.0102279 -0.0186979 0.000382468 -0.000947305 -0.0186979 0.0907792 
0.00993137 -0.0182781 -0.000314396 0.000400601 -0.0182781 0.0896536 0.000398066 -0.000991362 -0.000314396 0.000398066 0.0102204 -0.0186381 0.000400601 -0.000991362 -0.0186381 0.0906678 
0.00991287 -0.0182886 -0.00030946 0.000408386 -0.0182886 0.0897282 0.000413459 -0.00103492 -0.00030946 0.000413459 0.0102375 -0.0186158 0.000408386 -0.00103492 -0.0186158 0.0905602 
0.00990985 -0.0182627 -0.000324581 0.000410797 -0.0182627 0.089711 0.000420941 -0.0010701 -0.000324581 0.000420941 0.0102395 -0.0186279 0.000410797 -0.0010701 -0.0186279 0.0905326 
0.0099245 -0.0182392 -0.000321451 0.000422696 -0.0182392 0.0896318 0.000430289 -0.00109091 -0.000321451 0.000430289 0.0102308 -0.0186518 0.000422696 -0.00109091 -0.0186518 0.0905911 
0.0099172 -0.0182481 -0.000310151 0.000404213 -0.0182481 0.0896107 0.000409297 -0.00103723 -0.000310151 0.000409297 0.0102197 -0.0186345 0.000404213 -0.00103723 -0.0186345 0.090592 
0.00990321 -0.0182199 -0.00032036 0.000383924 -0.0182199 0.0895382 0.000383924 -0.000991592 -0.00032036 0.000383924 0.010221 -0.0186445 0.000383924 -0.000991592 -0.0186445 0.0906289 
0.00991127 -0.0182042 -0.000333344 0.000409683 -0.0182042 0.0894737 0.000409683 -0.00100767 -0.000333344 0.000409683 0.0101988 -0.0186444 0.000409683 -0.00100767 -0.0186444 0.0906264 
0.00992265 -0.0182252 -0.000352646 0.000449752 -0.0182252 0.0894904 0.000444641 -0.0011116 -0.000352646 0.000444641 0.0101603 -0.0185957 0.000449752 -0.0011116 -0.0185957 0.0905355 
0.00993897 -0.01825 -0.000357793 0.000447241 -0.01825 0.0895683 0.000444685 -0.00112194 -0.000357793 0.000444685 0.0101306 -0.0185362 0.000447241 -0.00112194 -0.0185362 0.0903784 
0.00995576 -0.0182856 -0.00035511 0.000433742 -0.0182856 0.0896653 0.000438815 -0.00110845 -0.00035511 0.000438815 0.0101511 -0.0184987 0.000433742 -0.00110845 -0.0184987 0.0902563 
0.00997626 -0.0183003 -0.000383411 0.000469174 -0.0183003 0.0897233 0.000474219 -0.0011805 -0.000383411 0.000474219 0.0101781 -0.0185374 0.000469174 -0.0011805 -0.0185374 0.0902833 
0.00996648 -0.0183025 -0.000395635 0.000519114 -0.0183025 0.0897135 0.000521634 -0.00130786 -0.000395635 0.000521634 0.0101933 -0.0185797 0.000519114 -0.00130786 -0.0185797 0.0903813 
0.0099783 -0.0182973 -0.000394707 0.000512868 -0.0182973 0.0897092 0.000515382 -0.00131988 -0.000394707 0.000515382 0.010192 -0.018604 0.000512868 -0.00131988 -0.018604 0.090476 
0.0099643 -0.0183319 -0.000363808 0.000469919 -0.0183319 0.0897772 0.000469919 -0.00121522 -0.000363808 0.000469919 0.0101866 -0.0185871 0.000469919 -0.00121522 -0.0185871 0.090472 
0.00994032 -0.0183131 -0.00034242 0.000438805 -0.0183131 0.0897748 0.000443877 -0.00112618 -0.00034242 0.000443877 0.0101813 -0.0185794 0.000438805 -0.00112618 -0.0185794 0.0904521 
0.00992455 -0.0182457 -0.000334877 0.000438892 -0.0182457 0.089633 0.000443966 -0.00112387 -0.000334877 0.000443966 0.0101808 -0.0186035 0.000438892 -0.00112387 -0.0186035 0.0905184 
0.00989486 -0.0182204 -0.000313354 0.000433091 -0.0182204 0.0895072 0.000435639 -0.00110566 -0.000313354 0.000435639 0.0101598 -0.0185822 0.000433091 -0.00110566 -0.0185822 0.0904855 
0.0098834 -0.0181864 -0.000306383 0.000421276 -0.0181864 0.0894255 0.000421276 -0.00111319 -0.000306383 0.000421276 0.0101208 -0.0185387 0.000421276 -0.00111319 -0.0185387 0.0903778 
0.00987716 -0.0181652 -0.000298921 0.000396006 -0.0181652 0.0893492 0.000390896 -0.00103728 -0.000298921 0.000390896 0.0100969 -0.018505 0.000396006 -0.00103728 -0.018505 0.0902971 
0.00990789 -0.0181738 -0.000322807 0.000396519 -0.0181738 0.0893616 0.000388893 -0.00101671 -0.000322807 0.000388893 0.0101011 -0.0184788 0.000396519 -0.00101671 -0.0184788 0.0902309 
0.00992912 -0.0182305 -0.000355519 0.000416465 -0.0182305 0.089484 0.000411386 -0.00103608 -0.000355519 0.000411386 0.0101018 -0.018459 0.000416465 -0.00103608 -0.018459 0.0901443 
0.0099195 -0.0182617 -0.000386705 0.000473205 -0.0182617 0.0895783 0.000468117 -0.00115757 -0.000386705 0.000468117 0.0101027 -0.0184499 0.000473205 -0.00115757 -0.0184499 0.090082 
0.00990341 -0.0182725 -0.000348604 0.000483465 -0.0182725 0.089665 0.000480921 -0.00120866 -0.000348604 0.000480921 0.0101222 -0.0184404 0.000483465 -0.00120866 -0.0184404 0.0900442 
0.00989855 -0.0182304 -0.000328086 0.000445079 -0.0182304 0.0896032 0.000450165 -0.00117501 -0.000328086 0.000450165 0.0101376 -0.0184873 0.000445079 -0.00117501 -0.0184873 0.0901322 
0.00992113 -0.0182162 -0.000334335 0.000433115 -0.0182162 0.089551 0.00042805 -0.00113724 -0.000334335 0.00042805 0.0101339 -0.0185125 0.000433115 -0.00113724 -0.0185125 0.0902121 
0.00993218 -0.0182094 -0.000337587 0.000431503 -0.0182094 0.0894708 0.00042135 -0.00110668 -0.000337587 0.00042135 0.0100946 -0.0185216 0.000431503 -0.00110668 -0.0185216 0.0902704 
0.00998696 -0.0182697 -0.000306862 0.000408304 -0.0182697 0.089586 0.000400696 -0.00103724 -0.000306862 0.000400696 0.0100554 -0.018465 0.000408304 -0.00103724 -0.018465 0.0901946 
0.0100119 -0.0183374 -0.000277261 0.00037392 -0.0183374 0.089751 0.00037392 -0.000953878 -0.000277261 0.00037392 0.0100246 -0.0184009 0.00037392 -0.000953878 -0.0184009 0.0900334 
0.0100058 -0.0183469 -0.000275318 0.00033905 -0.0183469 0.0898099 0.000351796 -0.000894785 -0.000275318 0.000351796 0.0100338 -0.0183954 0.00033905 -0.000894785 -0.0183954 0.0900087 
0.0100069 -0.0183439 -0.000283432 0.000344715 -0.0183439 0.0898276 0.000357482 -0.000880938 -0.000283432 0.000357482 0.010035 -0.0183976 0.000344715 -0.000880938 -0.0183976 0.0899885 
0.00998776 -0.0183253 -0.000275454 0.000341767 -0.0183253 0.0897776 0.000354519 -0.000859518 -0.000275454 0.000354519 0.0100541 -0.0184044 0.000341767 -0.000859518 -0.0184044 0.0900148 
0.00994968 -0.0183044 -0.000250082 0.000334293 -0.0183044 0.0897232 0.000339397 -0.00083956 -0.000250082 0.000339397 0.01009 -0.0184218 0.000334293 -0.00083956 -0.0184218 0.0900294 
0.00990919 -0.0182692 -0.000244608 0.000331241 -0.0182692 0.0896541 0.000328693 -0.000835745 -0.000244608 0.000328693 0.0101334 -0.0184577 0.000331241 -0.000835745 -0.0184577 0.0900821 
0.00989965 -0.0182079 -0.000262259 0.000323368 -0.0182079 0.0895145 0.000320822 -0.000824971 -0.000262259 0.000320822 0.0101415 -0.0185135 0.000323368 -0.000824971 -0.0185135 0.0901968 
0.00989043 -0.01817 -0.000291268 0.000357119 -0.01817 0.0893786 0.000357119 -0.000894065 -0.000291268 0.000357119 0.0101665 -0.0185525 0.000357119 -0.000894065 -0.0185525 0.0903537 
0.00989149 -0.0181724 -0.000301354 0.00038239 -0.0181724 0.0893374 0.00038239 -0.000957241 -0.000301354 0.00038239 0.0101599 -0.0185776 0.00038239 -0.000957241 -0.0185776 0.0904187 
0.0098984 -0.0182018 -0.000310358 0.000409571 -0.0182018 0.0894086 0.000407027 -0.00103283 -0.000310358 0.000407027 0.010135 -0.0185477 0.000409571 -0.00103283 -0.0185477 0.0903601 
0.00989306 -0.0182355 -0.000303499 0.000387663 -0.0182355 0.0895272 0.000387663 -0.000999763 -0.000303499 0.000387663 0.0101277 -0.0184956 0.000387663 -0.000999763 -0.0184956 0.0902566 
0.00990684 -0.0182368 -0.000290404 0.000379563 -0.0182368 0.0895844 0.000366826 -0.000955275 -0.000290404 0.000366826 0.0101336 -0.0184941 0.000379563 -0.000955275 -0.0184941 0.0902137 
0.00987436 -0.0182104 -0.000303082 0.000415146 -0.0182104 0.0895213 0.000404958 -0.00104678 -0.000303082 0.000404958 0.0101545 -0.0185109 0.000415146 -0.00104678 -0.0185109 0.0902369 
0.00986668 -0.0181987 -0.000314079 0.000418772 -0.0181987 0.0894921 0.000408558 -0.00107757 -0.000314079 0.000408558 0.0101374 -0.0185128 0.000418772 -0.00107757 -0.0185128 0.0902199 
0.00987421 -0.0181948 -0.000320905 0.000394765 -0.0181948 0.0894588 0.000384577 -0.00101111 -0.000320905 0.000384577 0.0101518 -0.0185081 0.000394765 -0.00101111 -0.0185081 0.0902254 
0.00985852 -0.0181768 -0.000326407 0.000408009 -0.0181768 0.0894101 0.000400359 -0.00101492 -0.000326407 0.000400359 0.0101492 -0.018516 0.000408009 -0.00101492 -0.018516 0.0902389 
0.00984896 -0.0181589 -0.0003073 0.000404612 -0.0181589 0.0893654 0.000402051 -0.00100641 -0.0003073 0.000402051 0.0101358 -0.0185174 0.000404612 -0.00100641 -0.0185174 0.0902335 
0.00983067 -0.0181472 -0.000292076 0.000386873 -0.0181472 0.0893369 0.000389435 -0.000999208 -0.000292076 0.000389435 0.0101407 -0.0185007 0.000386873 -0.000999208 -0.0185007 0.090208 
0.00981496 -0.018118 -0.0002886 0.000370328 -0.018118 0.0892669 0.000370328 -0.000965406 -0.0002886 0.000370328 0.0101725 -0.0185215 0.000370328 -0.000965406 -0.0185215 0.0902476 
0.00985378 -0.0181256 -0.000275559 0.000359757 -0.0181256 0.0892708 0.000352103 -0.000910875 -0.000275559 0.000352103 0.0101625 -0.0185364 0.000359757 -0.000910875 -0.0185364 0.0902735 
0.00985775 -0.01815 -0.000286028 0.000375412 -0.01815 0.0892995 0.000365197 -0.000950022 -0.000286028 0.000365197 0.0101591 -0.0185305 0.000375412 -0.000950022 -0.0185305 0.0902853 
0.00985529 -0.0181592 -0.000296477 0.000378263 -0.0181592 0.0893263 0.000380819 -0.000976328 -0.000296477 0.000380819 0.0101543 -0.0185426 0.000378263 -0.000976328 -0.0185426 0.0903129 
0.00986739 -0.018163 -0.000301567 0.000385904 -0.018163 0.0893559 0.00038846 -0.000989039 -0.000301567 0.00038846 0.0101562 -0.0185387 0.000385904 -0.000989039 -0.0185387 0.0903143 
0.00987359 -0.0181437 -0.000311502 0.000398314 -0.0181437 0.0892963 0.000400867 -0.00101621 -0.000311502 0.000400867 0.0101442 -0.0185599 0.000398314 -0.00101621 -0.0185599 0.0903687 
0.0098716 -0.0181609 -0.000303702 0.000382818 -0.0181609 0.0893089 0.000387922 -0.000985119 -0.000303702 0.000387922 0.0101498 -0.0185361 0.000382818 -0.000985119 -0.0185361 0.0903349 
0.0098489 -0.0181694 -0.000316389 0.000382729 -0.0181694 0.0893418 0.000382729 -0.00098489 -0.000316389 0.000382729 0.0101525 -0.0185113 0.000382729 -0.00098489 -0.0185113 0.0902578 
0.00983602 -0.0181435 -0.000343917 0.00040251 -0.0181435 0.0893215 0.00040251 -0.00100882 -0.000343917 0.00040251 0.0101545 -0.018518 0.00040251 -0.00100882 -0.018518 0.0902259 
0.00981391 -0.0181331 -0.000343767 0.000445624 -0.0181331 0.0892877 0.000437984 -0.00108223 -0.000343767 0.000437984 0.0101602 -0.0185074 0.000445624 -0.00108223 -0.0185074 0.0901866 
0.00978564 -0.0180758 -0.000313365 0.000440749 -0.0180758 0.089151 0.000443296 -0.00113117 -0.000313365 0.000443296 0.0101576 -0.0185369 0.000440749 -0.00113117 -0.0185369 0.0902567 
0.00980569 -0.0180657 -0.000289823 0.000414397 -0.0180657 0.0891131 0.000414397 -0.00111353 -0.000289823 0.000414397 0.010154 -0.0185411 0.000414397 -0.00111353 -0.0185411 0.090308 
0.00981774 -0.0180992 -0.000280941 0.00037965 -0.0180992 0.0891721 0.000384712 -0.00102759 -0.000280941 0.000384712 0.0101645 -0.0185269 0.00037965 -0.00102759 -0.0185269 0.0902883 
0.00985086 -0.0181193 -0.000285642 0.000353893 -0.0181193 0.089229 0.000358948 -0.000940344 -0.000285642 0.000358948 0.0101567 -0.0185389 0.000353893 -0.000940344 -0.0185389 0.0903084 
0.00989709 -0.0181836 -0.000279435 0.000330242 -0.0181836 0.0893863 0.000330242 -0.000840846 -0.000279435 0.000330242 0.0101054 -0.0185088 0.000330242 -0.000840846 -0.0185088 0.0902424 
0.00993796 -0.0182302 -0.000279799 0.000345934 -0.0182302 0.0895103 0.000345934 -0.000852116 -0.000279799 0.000345934 0.0100728 -0.0184744 0.000345934 -0.000852116 -0.0184744 0.0902047 
