0.00691294 0 8.86274e-05 0 0 0.00998422 0 0 8.86274e-05 0 0.0076765 0 0 0 0 0.00998422 
0.009846 -0.0122276 0.000120943 -0.000148853 -0.0122276 0.0326391 -0.000148853 0.0002822 0.000120943 -0.000148853 0.0107422 -0.0133378 -0.000148853 0.0002822 -0.0133378 0.0347665 
0.0100129 -0.0187589 4.72754e-05 -0.000141826 -0.0187589 0.0691576 -0.000141826 0.000450692 4.72754e-05 -0.000141826 0.0107031 -0.0199723 -0.000141826 0.000450692 -0.0199723 0.0730625 
0.00946424 -0.0185444 -3.04806e-06 -6.70574e-05 -0.0185444 0.0833646 -7.31536e-05 0.000344431 -3.04806e-06 -7.31536e-05 0.0101287 -0.019532 -6.70574e-05 0.000344431 -0.019532 0.0869461 
0.00940409 -0.0179427 -5.49947e-05 2.02612e-05 -0.0179427 0.0870826 2.89446e-05 4.05224e-05 -5.49947e-05 2.89446e-05 0.0101653 -0.0187648 2.02612e-05 4.05224e-05 -0.0187648 0.0895024 
0.0095325 -0.0177611 -6.06463e-05 6.61596e-05 -0.0177611 0.0880364 7.44296e-05 -0.000126806 -6.06463e-05 7.44296e-05 0.0103815 -0.0187756 6.61596e-05 -0.000126806 -0.0187756 0.0904044 
0.00961991 -0.0178181 -5.58061e-05 7.44081e-05 -0.0178181 0.0884181 8.50379e-05 -0.000204622 -5.58061e-05 8.50379e-05 0.0105367 -0.0189581 7.44081e-05 -0.000204622 -0.0189581 0.0911127 
0.009687 -0.0178658 -1.54951e-05 4.13202e-05 -0.0178658 0.088575 4.13202e-05 -0.000134291 -1.54951e-05 4.13202e-05 0.0105935 -0.0190744 4.13202e-05 -0.000134291 -0.0190744 0.0915552 
0.00969148 -0.0178927 1.01721e-05 -1.01721e-05 -0.0178927 0.088594 -1.78012e-05 -1.27151e-05 1.01721e-05 -1.78012e-05 0.0105993 -0.0191159 -1.01721e-05 -1.27151e-05 -0.0191159 0.0917372 
0.00971135 -0.0179339 -1.75748e-05 -1.25534e-05 -0.0179339 0.0887001 -2.00855e-05 3.01283e-05 -1.75748e-05 -2.00855e-05 0.0105901 -0.0190913 -1.25534e-05 3.01283e-05 -0.0190913 0.0917205 
0.0097231 -0.01799 -2.01202e-05 5.03005e-06 -0.01799 0.0888433 2.51503e-06 1.50902e-05 -2.01202e-05 2.51503e-06 0.010543 -0.0190564 5.03005e-06 1.50902e-05 -0.0190564 0.0916174 
0.00972143 -0.0180017 -1.01133e-05 2.52833e-06 -0.0180017 0.0889264 5.05666e-06 2.52833e-05 -1.01133e-05 5.05666e-06 0.010485 -0.0190181 2.52833e-06 2.52833e-05 -0.0190181 0.0915306 
0.00974207 -0.0180213 -1.01059e-05 1.01059e-05 -0.0180213 0.0890177 5.05294e-06 -7.57941e-06 -1.01059e-05 5.05294e-06 0.0104444 -0.018946 1.01059e-05 -7.57941e-06 -0.018946 0.0914052 
0.0097496 -0.0180051 1.26618e-05 -2.27913e-05 -0.0180051 0.0889822 -2.53236e-05 6.07767e-05 1.26618e-05 -2.53236e-05 0.0104029 -0.0189244 -2.27913e-05 6.07767e-05 -0.0189244 0.0913322 
0.0097238 -0.0180385 6.09324e-05 -5.33159e-05 -0.0180385 0.0890477 -5.58547e-05 0.000147253 6.09324e-05 -5.58547e-05 0.0103941 -0.0188484 -5.33159e-05 0.000147253 -0.0188484 0.0911676 
0.00970669 -0.0180202 4.56786e-05 -9.38948e-05 -0.0180202 0.0890656 -9.13571e-05 0.000218242 4.56786e-05 -9.13571e-05 0.0104147 -0.0188373 -9.38948e-05 0.000218242 -0.0188373 0.0910881 
0.00969166 -0.0179854 5.08348e-05 -5.84601e-05 -0.0179854 0.0890042 -5.59183e-05 0.000177922 5.08348e-05 -5.59183e-05 0.0104313 -0.0188673 -5.84601e-05 0.000177922 -0.0188673 0.091124 
0.00968642 -0.0179669 5.84745e-05 -4.57626e-05 -0.0179669 0.0889473 -4.32203e-05 0.000114407 5.84745e-05 -4.32203e-05 0.0104441 -0.0188873 -4.57626e-05 0.000114407 -0.0188873 0.0911897 
0.00966846 -0.0179028 9.69652e-05 -8.67584e-05 -0.0179028 0.0887538 -7.39998e-05 0.000176068 9.69652e-05 -7.39998e-05 0.010434 -0.0189439 -8.67584e-05 0.000176068 -0.0189439 0.0913285 
0.00966885 -0.0179233 9.70205e-05 -0.000109786 -0.0179233 0.0887584 -0.000107233 0.000222126 9.70205e-05 -0.000107233 0.0104348 -0.0189062 -0.000109786 0.000222126 -0.0189062 0.0913116 
0.00968639 -0.0179383 0.000104649 -0.000132725 -0.0179383 0.0888008 -0.000135278 0.000306289 0.000104649 -0.000135278 0.0104189 -0.0188802 -0.000132725 0.000306289 -0.0188802 0.0912332 
0.00969352 -0.0179236 9.13047e-05 -0.000154711 -0.0179236 0.0887685 -0.000159783 0.000385509 9.13047e-05 -0.000159783 0.0104417 -0.0189001 -0.000154711 0.000385509 -0.0189001 0.0912768 
0.00972607 -0.0179487 5.79233e-05 -0.000128439 -0.0179487 0.0887939 -0.000135994 0.00037776 5.79233e-05 -0.000135994 0.0104564 -0.0189233 -0.000128439 0.00037776 -0.0189233 0.0913374 
0.00974788 -0.0180385 5.78883e-05 -7.80233e-05 -0.0180385 0.0889969 -8.5574e-05 0.000271823 5.78883e-05 -8.5574e-05 0.0104576 -0.0188993 -7.80233e-05 0.000271823 -0.0188993 0.0912521 
0.0097128 -0.0180395 4.30779e-05 -7.09518e-05 -0.0180395 0.0890623 -7.09518e-05 0.000197651 4.30779e-05 -7.09518e-05 0.0104603 -0.0189239 -7.09518e-05 0.000197651 -0.0189239 0.0912719 
0.00968562 -0.0179941 2.54082e-05 -5.8439e-05 -0.0179941 0.0890178 -6.35206e-05 0.000172776 2.54082e-05 -6.35206e-05 0.0104631 -0.0189317 -5.8439e-05 0.000172776 -0.0189317 0.0913071 
0.00968615 -0.0179422 5.61812e-05 -4.85201e-05 -0.0179422 0.0888787 -5.61812e-05 0.000163436 5.61812e-05 -5.61812e-05 0.0104114 -0.0189305 -4.85201e-05 0.000163436 -0.0189305 0.0913098 
0.009706 -0.0179415 5.59717e-05 -8.14133e-05 -0.0179415 0.0888143 -7.37808e-05 0.000185724 5.59717e-05 -7.37808e-05 0.0103751 -0.0188752 -8.14133e-05 0.000185724 -0.0188752 0.0912389 
0.00972402 -0.0179729 4.80761e-05 -8.85612e-05 -0.0179729 0.0888623 -8.85612e-05 0.000225198 4.80761e-05 -8.85612e-05 0.0103844 -0.0188281 -8.85612e-05 0.000225198 -0.0188281 0.0911244 
0.00972243 -0.0180122 2.53122e-05 -6.58118e-05 -0.0180122 0.088975 -6.32806e-05 0.000177186 2.53122e-05 -6.32806e-05 0.0103907 -0.018812 -6.58118e-05 0.000177186 -0.018812 0.0910202 
0.00973958 -0.0180307 3.56388e-05 -3.81845e-05 -0.0180307 0.0890716 -4.07301e-05 0.000132373 3.56388e-05 -4.07301e-05 0.0103404 -0.0187893 -3.81845e-05 0.000132373 -0.0187893 0.0909096 
0.00973291 -0.018013 6.63839e-05 -5.87243e-05 -0.018013 0.0890311 -6.38307e-05 0.00015064 6.63839e-05 -6.38307e-05 0.0103253 -0.0187739 -5.87243e-05 0.00015064 -0.0187739 0.0909103 
0.00970362 -0.0180108 4.60372e-05 -8.44016e-05 -0.0180108 0.0890155 -7.92863e-05 0.000189264 4.60372e-05 -7.92863e-05 0.0103379 -0.0187371 -8.44016e-05 0.000189264 -0.0187371 0.0908289 
0.00967539 -0.0179602 0 -5.10306e-05 -0.0179602 0.0889259 -5.10306e-05 0.000147989 0 -5.10306e-05 0.010349 -0.0187588 -5.10306e-05 0.000147989 -0.0187588 0.0908344 
0.00967431 -0.0179234 7.62156e-06 -7.62156e-06 -0.0179234 0.0888039 -1.01621e-05 7.36751e-05 7.62156e-06 -1.01621e-05 0.0103704 -0.0187948 -7.62156e-06 7.36751e-05 -0.0187948 0.0909227 
0.00968424 -0.0179227 2.53647e-05 -7.6094e-06 -0.0179227 0.0887561 -1.01459e-05 2.53647e-05 2.53647e-05 -1.01459e-05 0.0103868 -0.0188282 -7.6094e-06 2.53647e-05 -0.0188282 0.0910161 
0.0096699 -0.0179047 3.30204e-05 -3.30204e-05 -0.0179047 0.0886877 -3.81005e-05 5.33406e-05 3.30204e-05 -3.81005e-05 0.0103862 -0.0188496 -3.30204e-05 5.33406e-05 -0.0188496 0.0910957 
0.00965137 -0.0179182 0 -4.5729e-05 -0.0179182 0.0887194 -4.31885e-05 8.89176e-05 0 -4.31885e-05 0.0103932 -0.0188378 -4.5729e-05 8.89176e-05 -0.0188378 0.0910897 
0.00965069 -0.0178969 -1.78104e-05 -7.63302e-06 -0.0178969 0.0887008 -7.63302e-06 5.34312e-05 -1.78104e-05 -7.63302e-06 0.0103809 -0.0188358 -7.63302e-06 5.34312e-05 -0.0188358 0.0910772 
0.00967548 -0.0179007 -2.28195e-05 2.78905e-05 -0.0179007 0.0886944 2.28195e-05 -2.78905e-05 -2.28195e-05 2.28195e-05 0.0103727 -0.0188363 2.78905e-05 -2.78905e-05 -0.0188363 0.0910905 
0.00970041 -0.0179139 -7.58635e-06 2.27591e-05 -0.0179139 0.0887123 2.27591e-05 -5.8162e-05 -7.58635e-06 2.27591e-05 0.010368 -0.0188344 2.27591e-05 -5.8162e-05 -0.0188344 0.091107 
0.00971629 -0.0179859 -2.53358e-06 -2.28022e-05 -0.0179859 0.0888654 -2.28022e-05 3.80037e-05 -2.53358e-06 -2.28022e-05 0.0103548 -0.0187916 -2.28022e-05 3.80037e-05 -0.0187916 0.0910063 
0.00971125 -0.0180189 -7.61468e-06 -1.77676e-05 -0.0180189 0.0890029 -1.52294e-05 5.5841e-05 -7.61468e-06 -1.52294e-05 0.0103661 -0.0187778 -1.77676e-05 5.5841e-05 -0.0187778 0.0909395 
0.00972671 -0.0180078 -2.53168e-06 1.26584e-05 -0.0180078 0.0890391 1.51901e-05 -2.27851e-05 -2.53168e-06 1.51901e-05 0.0103748 -0.0188002 1.26584e-05 -2.27851e-05 -0.0188002 0.0909632 
0.00974753 -0.0180172 2.53051e-05 -1.0122e-05 -0.0180172 0.0890386 -2.53051e-06 -2.53051e-06 2.53051e-05 -2.53051e-06 0.0103751 -0.0188169 -1.0122e-05 -2.53051e-06 -0.0188169 0.0910099 
0.00973123 -0.0179923 5.06967e-05 -4.81619e-05 -0.0179923 0.088955 -4.5627e-05 8.61844e-05 5.06967e-05 -4.5627e-05 0.0103675 -0.0188414 -4.81619e-05 8.61844e-05 -0.0188414 0.0910842 
0.009754 -0.0180148 4.80867e-05 -8.35189e-05 -0.0180148 0.0889907 -8.09881e-05 0.000192347 4.80867e-05 -8.09881e-05 0.0103437 -0.0188044 -8.35189e-05 0.000192347 -0.0188044 0.0910382 
0.0097305 -0.018017 2.53333e-05 -5.57332e-05 -0.018017 0.0889907 -6.58665e-05 0.000162133 2.53333e-05 -6.58665e-05 0.0103537 -0.0187897 -5.57332e-05 0.000162133 -0.0187897 0.0909895 
0.00971897 -0.0179992 5.06592e-06 -3.54614e-05 -0.0179992 0.088988 -4.81262e-05 0.000146912 5.06592e-06 -4.81262e-05 0.0103522 -0.0187946 -3.54614e-05 0.000146912 -0.0187946 0.0909561 
0.00970096 -0.0179891 -5.1004e-06 -1.78514e-05 -0.0179891 0.0889485 -2.04016e-05 9.69076e-05 -5.1004e-06 -2.04016e-05 0.0103181 -0.018772 -1.78514e-05 9.69076e-05 -0.018772 0.0909019 
0.00968133 -0.0179613 -3.06857e-05 -2.55714e-06 -0.0179613 0.0888862 5.11428e-06 2.30143e-05 -3.06857e-05 5.11428e-06 0.0103078 -0.0187362 -2.55714e-06 2.30143e-05 -0.0187362 0.0908373 
0.00966158 -0.0179203 -3.06636e-05 2.5553e-05 -0.0179203 0.0887812 2.81083e-05 -3.32189e-05 -3.06636e-05 2.81083e-05 0.0103081 -0.0187303 2.5553e-05 -3.32189e-05 -0.0187303 0.0907974 
0.00964526 -0.017891 -2.05055e-05 2.30686e-05 -0.017891 0.0886759 2.8195e-05 -6.15164e-05 -2.05055e-05 2.8195e-05 0.0102861 -0.018724 2.30686e-05 -6.15164e-05 -0.018724 0.0907649 
0.00964329 -0.017847 1.53964e-05 5.13214e-06 -0.017847 0.0885422 7.69821e-06 -2.30946e-05 1.53964e-05 7.69821e-06 0.0102566 -0.0187118 5.13214e-06 -2.30946e-05 -0.0187118 0.0907465 
0.00963125 -0.0178536 -2.56628e-06 0 -0.0178536 0.0885136 0 -2.05302e-05 -2.56628e-06 0 0.0102497 -0.0186671 0 -2.05302e-05 -0.0186671 0.0906667 
0.00962986 -0.0178567 -3.82643e-05 1.53057e-05 -0.0178567 0.0885284 1.53057e-05 -4.59172e-05 -3.82643e-05 1.53057e-05 0.0102727 -0.0186526 1.53057e-05 -4.59172e-05 -0.0186526 0.0906074 
0.00963971 -0.0178549 -3.82933e-05 2.55289e-05 -0.0178549 0.088524 3.06347e-05 -4.08462e-05 -3.82933e-05 3.06347e-05 0.0102677 -0.0186795 2.55289e-05 -4.08462e-05 -0.0186795 0.090625 
0.00965413 -0.0178886 -1.532e-05 3.06399e-05 -0.0178886 0.0886055 3.06399e-05 -5.61732e-05 -1.532e-05 3.06399e-05 0.0102669 -0.0186597 3.06399e-05 -5.61732e-05 -0.0186597 0.0905997 
0.0096347 -0.0178748 -2.54954e-06 -5.09908e-06 -0.0178748 0.0885913 -2.54954e-06 1.01982e-05 -2.54954e-06 -2.54954e-06 0.0102899 -0.0186856 -5.09908e-06 1.01982e-05 -0.0186856 0.0906641 
0.00963467 -0.0178697 -2.03585e-05 -1.27241e-05 -0.0178697 0.0885977 -1.27241e-05 4.58067e-05 -2.03585e-05 -1.27241e-05 0.0103065 -0.0187069 -1.27241e-05 4.58067e-05 -0.0187069 0.0907048 
0.00964362 -0.0178849 -4.06475e-05 2.54047e-06 -0.0178849 0.0886446 2.54047e-06 3.55666e-05 -4.06475e-05 2.54047e-06 0.0103143 -0.0187131 2.54047e-06 3.55666e-05 -0.0187131 0.0907329 
0.00965143 -0.0178867 -7.86732e-05 3.80677e-05 -0.0178867 0.0886571 3.55298e-05 -3.80677e-05 -7.86732e-05 3.55298e-05 0.0103189 -0.018742 3.80677e-05 -3.80677e-05 -0.018742 0.090799 
0.00964328 -0.0179049 -7.90224e-05 9.94152e-05 -0.0179049 0.0887013 0.000109612 -0.00020138 -7.90224e-05 0.000109612 0.0103111 -0.0187334 9.94152e-05 -0.00020138 -0.0187334 0.0907992 
0.00961216 -0.0179154 -8.94749e-05 0.000120152 -0.0179154 0.0887515 0.000127821 -0.000319553 -8.94749e-05 0.000127821 0.0103331 -0.018713 0.000120152 -0.000319553 -0.018713 0.0907531 
0.00958698 -0.0178623 -7.70038e-05 0.000118073 -0.0178623 0.0886699 0.00012834 -0.000346517 -7.70038e-05 0.00012834 0.0103339 -0.0187402 0.000118073 -0.000346517 -0.0187402 0.0907747 
0.0095996 -0.0178138 -3.36012e-05 5.94483e-05 -0.0178138 0.0885314 6.46177e-05 -0.000199022 -3.36012e-05 6.46177e-05 0.0102871 -0.0187469 5.94483e-05 -0.000199022 -0.0187469 0.0907956 
0.00964114 -0.0178275 -4.36948e-05 3.5984e-05 -0.0178275 0.0885103 3.5984e-05 -0.000123374 -4.36948e-05 3.5984e-05 0.0102503 -0.0186834 3.5984e-05 -0.000123374 -0.0186834 0.0907028 
0.00966737 -0.0178718 -3.58051e-05 3.83626e-05 -0.0178718 0.0885485 3.32476e-05 -8.95127e-05 -3.58051e-05 3.32476e-05 0.0102454 -0.0186468 3.83626e-05 -8.95127e-05 -0.0186468 0.0905971 
0.00966629 -0.0178734 -4.60787e-05 4.86386e-05 -0.0178734 0.088553 4.86386e-05 -0.000115197 -4.60787e-05 4.86386e-05 0.0102423 -0.0186542 4.86386e-05 -0.000115197 -0.0186542 0.0905882 
0.00965516 -0.0178872 -6.13188e-05 4.59891e-05 -0.0178872 0.088575 5.1099e-05 -0.000109863 -6.13188e-05 5.1099e-05 0.0102479 -0.0186409 4.59891e-05 -0.000109863 -0.0186409 0.0905577 
0.00962913 -0.0178717 -8.6818e-05 6.38367e-05 -0.0178717 0.0885671 7.14972e-05 -0.000142994 -8.6818e-05 7.14972e-05 0.0102598 -0.0186403 6.38367e-05 -0.000142994 -0.0186403 0.0905409 
0.00964462 -0.0178716 -8.95626e-05 9.97984e-05 -0.0178716 0.0885954 0.000102357 -0.00021495 -8.95626e-05 0.000102357 0.0102306 -0.0186393 9.97984e-05 -0.00021495 -0.0186393 0.0905248 
0.00965995 -0.0178838 -7.14229e-05 7.39737e-05 -0.0178838 0.088618 7.39737e-05 -0.000176006 -7.14229e-05 7.39737e-05 0.0102441 -0.0186337 7.39737e-05 -0.000176006 -0.0186337 0.0905439 
0.00965474 -0.0179222 -8.14531e-05 8.39985e-05 -0.0179222 0.0887152 8.14531e-05 -0.000185815 -8.14531e-05 8.14531e-05 0.0102758 -0.0186248 8.39985e-05 -0.000185815 -0.0186248 0.0905173 
0.00966176 -0.017913 -6.1215e-05 9.94743e-05 -0.017913 0.0887336 8.67212e-05 -0.00020405 -6.1215e-05 8.67212e-05 0.0102688 -0.018668 9.94743e-05 -0.00020405 -0.018668 0.0905599 
0.00967747 -0.0179374 -3.06491e-05 7.15147e-05 -0.0179374 0.088788 6.38524e-05 -0.000183895 -3.06491e-05 6.38524e-05 0.0102521 -0.0186423 7.15147e-05 -0.000183895 -0.0186423 0.090535 
0.00968002 -0.0179359 -7.67038e-06 4.60223e-05 -0.0179359 0.0888025 3.32383e-05 -0.00013551 -7.67038e-06 3.32383e-05 0.0102374 -0.0186365 4.60223e-05 -0.00013551 -0.0186365 0.0905181 
0.00965274 -0.0179078 -5.12898e-06 2.82094e-05 -0.0179078 0.0887288 2.05159e-05 -0.00010258 -5.12898e-06 2.05159e-05 0.01024 -0.0186336 2.82094e-05 -0.00010258 -0.0186336 0.0905291 
0.00964557 -0.0178729 -1.53878e-05 1.02585e-05 -0.0178729 0.0886336 1.02585e-05 -4.87279e-05 -1.53878e-05 1.02585e-05 0.0102303 -0.0186346 1.02585e-05 -4.87279e-05 -0.0186346 0.0905237 
0.00960821 -0.0178599 -6.15418e-05 2.56424e-05 -0.0178599 0.0885586 2.82066e-05 -6.66703e-05 -6.15418e-05 2.82066e-05 0.0102416 -0.0186164 2.56424e-05 -6.66703e-05 -0.0186164 0.0904895 
0.00960523 -0.0178434 -7.70885e-05 6.16708e-05 -0.0178434 0.0885336 6.42404e-05 -0.000118202 -7.70885e-05 6.42404e-05 0.0102322 -0.0186092 6.16708e-05 -0.000118202 -0.0186092 0.0904454 
0.00959062 -0.0178049 -8.23229e-05 7.97504e-05 -0.0178049 0.0884251 7.71778e-05 -0.000159501 -8.23229e-05 7.71778e-05 0.0102441 -0.0186333 7.97504e-05 -0.000159501 -0.0186333 0.0905115 
0.00958013 -0.0177939 -4.88913e-05 6.17575e-05 -0.0177939 0.0883852 6.69039e-05 -0.000131235 -4.88913e-05 6.69039e-05 0.0102414 -0.0186302 6.17575e-05 -0.000131235 -0.0186302 0.0904978 
0.00958392 -0.0177748 -4.1199e-05 7.20982e-05 -0.0177748 0.0883255 6.95233e-05 -0.000175096 -4.1199e-05 6.95233e-05 0.0102379 -0.0186425 7.20982e-05 -0.000175096 -0.0186425 0.0905245 
0.0095998 -0.0177693 -2.0617e-05 4.89654e-05 -0.0177693 0.0882872 4.63883e-05 -0.000136588 -2.0617e-05 4.63883e-05 0.0102054 -0.0186301 4.89654e-05 -0.000136588 -0.0186301 0.0905216 
0.00960071 -0.017799 0 1.54394e-05 -0.017799 0.0883183 1.28661e-05 -5.91842e-05 0 1.28661e-05 0.0102003 -0.0185864 1.54394e-05 -5.91842e-05 -0.0185864 0.090449 
0.00962983 -0.0178158 0 0 -0.0178158 0.088397 0 -1.02581e-05 0 0 0.0101889 -0.0185672 0 -1.02581e-05 -0.0185672 0.090364 
0.00962252 -0.0178382 -2.8136e-05 5.11564e-06 -0.0178382 0.0884468 7.67346e-06 -2.30204e-05 -2.8136e-05 7.67346e-06 0.0102057 -0.0185647 5.11564e-06 -2.30204e-05 -0.0185647 0.0903473 
0.00961894 -0.0178721 -7.40311e-05 5.87144e-05 -0.0178721 0.0885617 5.61616e-05 -0.000117429 -7.40311e-05 5.61616e-05 0.0102265 -0.0185563 5.87144e-05 -0.000117429 -0.0185563 0.0902899 
0.00961801 -0.0178817 -8.16166e-05 0.000104571 -0.0178817 0.0886203 0.000107122 -0.000237198 -8.16166e-05 0.000107122 0.010248 -0.0185882 0.000104571 -0.000237198 -0.0185882 0.0903445 
0.00964704 -0.0178459 -4.85289e-05 7.66246e-05 -0.0178459 0.0885679 8.93954e-05 -0.000219657 -4.85289e-05 8.93954e-05 0.0102294 -0.0186428 7.66246e-05 -0.000219657 -0.0186428 0.0904835 
0.00967687 -0.0178925 -1.27731e-05 3.06553e-05 -0.0178925 0.0886271 3.57646e-05 -0.000122621 -1.27731e-05 3.57646e-05 0.0102159 -0.0186206 3.06553e-05 -0.000122621 -0.0186206 0.090515 
0.00968527 -0.0179071 1.28146e-05 2.56292e-06 -0.0179071 0.0886693 7.68876e-06 -4.10067e-05 1.28146e-05 7.68876e-06 0.0102004 -0.0186145 2.56292e-06 -4.10067e-05 -0.0186145 0.0905069 
0.00971707 -0.0179431 3.84276e-05 -3.84276e-05 -0.0179431 0.0887525 -3.84276e-05 7.68553e-05 3.84276e-05 -3.84276e-05 0.0101756 -0.018581 -3.84276e-05 7.68553e-05 -0.018581 0.0904459 
0.00968461 -0.0179806 4.86793e-05 -4.86793e-05 -0.0179806 0.0888525 -5.89275e-05 0.00013579 4.86793e-05 -5.89275e-05 0.010215 -0.0185442 -4.86793e-05 0.00013579 -0.0185442 0.0903461 
0.00964794 -0.0179345 5.39421e-05 -7.19229e-05 -0.0179345 0.0888119 -8.73349e-05 0.0002132 5.39421e-05 -8.73349e-05 0.0102439 -0.0185972 -7.19229e-05 0.0002132 -0.0185972 0.0903762 
0.00963821 -0.0178706 4.8652e-05 -5.88945e-05 -0.0178706 0.0886618 -7.16976e-05 0.000194608 4.8652e-05 -7.16976e-05 0.0102553 -0.0186414 -5.88945e-05 0.000194608 -0.0186414 0.0904952 
0.00963685 -0.0178476 1.79219e-05 -6.14464e-05 -0.0178476 0.0885495 -6.40067e-05 0.000168978 1.79219e-05 -6.40067e-05 0.0102488 -0.0186567 -6.14464e-05 0.000168978 -0.0186567 0.0905593 
0.00965036 -0.0178749 0 -4.86358e-05 -0.0178749 0.0885888 -4.86358e-05 0.000168945 0 -4.86358e-05 0.0102314 -0.0186275 -4.86358e-05 0.000168945 -0.0186275 0.090506 
0.0096666 -0.017895 -1.02184e-05 0 -0.017895 0.0886369 2.5546e-06 5.1092e-05 -1.02184e-05 2.5546e-06 0.0102133 -0.0186051 0 5.1092e-05 -0.0186051 0.0904455 
0.00969586 -0.0178989 1.0225e-05 5.1125e-06 -0.0178989 0.0886405 1.53375e-05 0 1.0225e-05 1.53375e-05 0.0101662 -0.0185916 5.1125e-06 0 -0.0185916 0.0904018 
0.00968445 -0.0179112 2.57087e-05 -2.82795e-05 -0.0179112 0.088646 -2.31378e-05 3.08504e-05 2.57087e-05 -2.31378e-05 0.0101292 -0.0185334 -2.82795e-05 3.08504e-05 -0.0185334 0.0902965 
0.00963823 -0.0179201 3.33947e-05 -3.85324e-05 -0.0179201 0.0886887 -3.59636e-05 7.70648e-05 3.33947e-05 -3.59636e-05 0.010152 -0.0184776 -3.85324e-05 7.70648e-05 -0.0184776 0.0901555 
0.00960047 -0.0178456 5.15323e-06 -3.60726e-05 -0.0178456 0.0885557 -4.12259e-05 9.01815e-05 5.15323e-06 -4.12259e-05 0.0101725 -0.0185181 -3.60726e-05 9.01815e-05 -0.0185181 0.0901687 
0.00958581 -0.0177926 -2.32415e-05 -1.03295e-05 -0.0177926 0.0884079 -7.74715e-06 4.39005e-05 -2.32415e-05 -7.74715e-06 0.010172 -0.0185415 -1.03295e-05 4.39005e-05 -0.0185415 0.0902466 
0.00955945 -0.0177621 -3.8765e-05 2.84277e-05 -0.0177621 0.0882937 2.84277e-05 -4.13493e-05 -3.8765e-05 2.84277e-05 0.01019 -0.0185478 2.84277e-05 -4.13493e-05 -0.0185478 0.090294 
0.00957689 -0.0177617 -3.35759e-05 4.3907e-05 -0.0177617 0.0882892 5.16553e-05 -0.000100728 -3.35759e-05 5.16553e-05 0.0101735 -0.0185443 4.3907e-05 -0.000100728 -0.0185443 0.0902805 
0.00961657 -0.0177943 -1.54442e-05 5.40546e-05 -0.0177943 0.0883433 5.92027e-05 -0.000162164 -1.54442e-05 5.92027e-05 0.0101545 -0.0185201 5.40546e-05 -0.000162164 -0.0185201 0.0902146 
0.00959805 -0.0177973 -1.03039e-05 1.80318e-05 -0.0177973 0.0883144 1.80318e-05 -0.000103039 -1.03039e-05 1.80318e-05 0.0101493 -0.0185109 1.80318e-05 -0.000103039 -0.0185109 0.0901845 
0.00959805 -0.0177739 -7.71547e-06 1.02873e-05 -0.0177739 0.0882702 1.28591e-05 -5.14365e-05 -7.71547e-06 1.28591e-05 0.010133 -0.0185094 1.02873e-05 -5.14365e-05 -0.0185094 0.090181 
0.00962351 -0.0177831 -1.28416e-05 1.28416e-05 -0.0177831 0.088281 7.70497e-06 -4.62298e-05 -1.28416e-05 7.70497e-06 0.0100935 -0.0184765 1.28416e-05 -4.62298e-05 -0.0184765 0.0901173 
0.00961637 -0.0178003 -1.02684e-05 2.5671e-06 -0.0178003 0.0883007 -1.02684e-05 0 -1.02684e-05 -1.02684e-05 0.0100939 -0.0184446 2.5671e-06 0 -0.0184446 0.0900591 
0.00963687 -0.0178364 -3.8568e-05 1.54272e-05 -0.0178364 0.0884211 2.5712e-06 -1.54272e-05 -3.8568e-05 2.5712e-06 0.010056 -0.0184021 1.54272e-05 -1.54272e-05 -0.0184021 0.0899124 
0.00963407 -0.0178959 -7.16859e-05 4.8644e-05 -0.0178959 0.0885884 3.32827e-05 -7.16859e-05 -7.16859e-05 3.32827e-05 0.0100795 -0.0183413 4.8644e-05 -7.16859e-05 -0.0183413 0.0897507 
0.00958637 -0.0178106 -6.42518e-05 5.91117e-05 -0.0178106 0.0884465 5.14015e-05 -8.48124e-05 -6.42518e-05 5.14015e-05 0.0100952 -0.0184197 5.91117e-05 -8.48124e-05 -0.0184197 0.0898626 
0.00957773 -0.017778 -6.19083e-05 6.96469e-05 -0.017778 0.0883432 7.73854e-05 -0.000144453 -6.19083e-05 7.73854e-05 0.0100885 -0.0184332 6.96469e-05 -0.000144453 -0.0184332 0.0899399 
0.00955792 -0.0177408 -2.58952e-05 6.9917e-05 -0.0177408 0.0882223 7.50961e-05 -0.000173498 -2.58952e-05 7.50961e-05 0.010081 -0.0184374 6.9917e-05 -0.000173498 -0.0184374 0.0899962 
0.0095575 -0.0177341 2.06872e-05 1.29295e-05 -0.0177341 0.0881793 2.06872e-05 -9.05066e-05 2.06872e-05 2.06872e-05 0.0100721 -0.018409 1.29295e-05 -9.05066e-05 -0.018409 0.0899481 
0.00959252 -0.0177596 5.17396e-05 -4.65657e-05 -0.0177596 0.088229 -4.65657e-05 6.98485e-05 5.17396e-05 -4.65657e-05 0.0100323 -0.0183676 -4.65657e-05 6.98485e-05 -0.0183676 0.0898226 
0.00962147 -0.0177714 5.42127e-05 -9.29361e-05 -0.0177714 0.0882376 -8.7773e-05 0.000201362 5.42127e-05 -8.7773e-05 0.0100035 -0.0183471 -9.29361e-05 0.000201362 -0.0183471 0.0897685 
0.00963261 -0.0178273 4.63849e-05 -9.01929e-05 -0.0178273 0.088353 -9.01929e-05 0.000257694 4.63849e-05 -9.01929e-05 0.00999595 -0.0182937 -9.01929e-05 0.000257694 -0.0182937 0.0896544 
0.00962577 -0.0178114 2.31451e-05 -3.60034e-05 -0.0178114 0.0883524 -4.62901e-05 0.000151729 2.31451e-05 -4.62901e-05 0.0100192 -0.0183232 -3.60034e-05 0.000151729 -0.0183232 0.0896794 
0.0096278 -0.0178276 1.80103e-05 -2.31561e-05 -0.0178276 0.0883921 -2.5729e-05 8.23329e-05 1.80103e-05 -2.5729e-05 0.0100163 -0.0183268 -2.31561e-05 8.23329e-05 -0.0183268 0.0896863 
0.00961126 -0.0178491 0 2.58645e-06 -0.0178491 0.0884541 5.1729e-06 -1.03458e-05 0 5.1729e-06 0.0100277 -0.0183121 2.58645e-06 -1.03458e-05 -0.0183121 0.0896594 
0.00959176 -0.0178269 1.03359e-05 -2.58399e-06 -0.0178269 0.0884576 7.75196e-06 -1.55039e-05 1.03359e-05 7.75196e-06 0.0100543 -0.0183334 -2.58399e-06 -1.55039e-05 -0.0183334 0.0896902 
0.00958266 -0.0177971 2.58641e-06 -3.62098e-05 -0.0177971 0.088401 -2.58641e-05 6.98331e-05 2.58641e-06 -2.58641e-05 0.0100741 -0.0183713 -3.62098e-05 6.98331e-05 -0.0183713 0.0897666 
0.00957683 -0.0177781 -1.03617e-05 -2.07235e-05 -0.0177781 0.0883389 -1.29522e-05 8.03034e-05 -1.03617e-05 -1.29522e-05 0.0100768 -0.0183972 -2.07235e-05 8.03034e-05 -0.0183972 0.0898414 
0.00957232 -0.0177805 -1.03737e-05 -5.18684e-06 -0.0177805 0.0883242 -5.18684e-06 5.96487e-05 -1.03737e-05 -5.18684e-06 0.0100677 -0.018377 -5.18684e-06 5.96487e-05 -0.018377 0.0898102 
0.00957349 -0.0177553 1.03665e-05 -1.55498e-05 -0.0177553 0.0882581 -1.55498e-05 7.25657e-05 1.03665e-05 -1.55498e-05 0.0100633 -0.0183902 -1.55498e-05 7.25657e-05 -0.0183902 0.0898312 
0.0095805 -0.0177739 2.32913e-05 -1.29396e-05 -0.0177739 0.0882767 -1.03517e-05 4.91706e-05 2.32913e-05 -1.03517e-05 0.0100644 -0.0183665 -1.29396e-05 4.91706e-05 -0.0183665 0.0897906 
0.00959349 -0.0177443 1.28806e-05 -1.80329e-05 -0.0177443 0.0882065 -2.31851e-05 3.60657e-05 1.28806e-05 -2.31851e-05 0.0100623 -0.0184013 -1.80329e-05 3.60657e-05 -0.0184013 0.0898526 
0.00964102 -0.0177747 1.79439e-05 -7.69026e-06 -0.0177747 0.0882252 -2.56342e-06 5.12684e-06 1.79439e-05 -2.56342e-06 0.0100435 -0.0183951 -7.69026e-06 5.12684e-06 -0.0183951 0.0898658 
0.00966571 -0.017844 2.30808e-05 -1.28226e-05 -0.017844 0.0883634 -5.12906e-06 0 2.30808e-05 -5.12906e-06 0.0100196 -0.0183595 -1.28226e-05 0 -0.0183595 0.0898227 
0.00968184 -0.0178795 3.08667e-05 -2.57222e-05 -0.0178795 0.0884999 -2.05778e-05 1.54333e-05 3.08667e-05 -2.05778e-05 0.0100034 -0.0183425 -2.57222e-05 1.54333e-05 -0.0183425 0.0897628 
0.0096832 -0.0179095 1.28697e-05 -3.86092e-05 -0.0179095 0.0886056 -3.60353e-05 6.17748e-05 1.28697e-05 -3.60353e-05 0.0100024 -0.0183111 -3.86092e-05 6.17748e-05 -0.0183111 0.0896996 
0.00964544 -0.0179178 -5.16213e-06 -1.80675e-05 -0.0179178 0.0886622 -1.54864e-05 6.19456e-05 -5.16213e-06 -1.54864e-05 0.01003 -0.0183023 -1.80675e-05 6.19456e-05 -0.0183023 0.089643 
0.0095988 -0.0178714 -2.32667e-05 1.29259e-05 -0.0178714 0.0886073 1.03408e-05 2.58519e-06 -2.32667e-05 1.03408e-05 0.0100745 -0.0183367 1.29259e-05 2.58519e-06 -0.0183367 0.0896802 
0.00957191 -0.0177857 5.20354e-06 -1.04071e-05 -0.0177857 0.0884081 -1.04071e-05 4.42301e-05 5.20354e-06 -1.04071e-05 0.010074 -0.0183997 -1.04071e-05 4.42301e-05 -0.0183997 0.0898182 
0.00954916 -0.0177375 2.61191e-06 -2.08953e-05 -0.0177375 0.0882461 -3.1343e-05 6.79098e-05 2.61191e-06 -3.1343e-05 0.0100689 -0.0184009 -2.08953e-05 6.79098e-05 -0.0184009 0.0898786 
0.00957218 -0.0177185 5.20369e-06 -1.30092e-05 -0.0177185 0.0881478 -2.86203e-05 7.54534e-05 5.20369e-06 -2.86203e-05 0.0100457 -0.0183898 -1.30092e-05 7.54534e-05 -0.0183898 0.0898676 
0.0095995 -0.0177523 7.7918e-06 1.55836e-05 -0.0177523 0.0881772 2.59727e-06 -1.55836e-05 7.7918e-06 2.59727e-06 0.0100177 -0.0183419 1.55836e-05 -1.55836e-05 -0.0183419 0.0897538 
0.00960431 -0.0177839 1.29753e-05 2.59506e-06 -0.0177839 0.0882423 2.59506e-06 -1.81654e-05 1.29753e-05 2.59506e-06 0.0100195 -0.0183185 2.59506e-06 -1.81654e-05 -0.0183185 0.0896722 
0.00958648 -0.017789 2.33248e-05 -2.33248e-05 -0.017789 0.088279 -2.33248e-05 3.36913e-05 2.33248e-05 -2.33248e-05 0.0100426 -0.0183255 -2.33248e-05 3.36913e-05 -0.0183255 0.089663 
0.00955921 -0.0177617 -1.55645e-05 -1.55645e-05 -0.0177617 0.0882327 -1.03764e-05 1.55645e-05 -1.55645e-05 -1.03764e-05 0.0100754 -0.0183661 -1.55645e-05 1.55645e-05 -0.0183661 0.0897243 
0.00954923 -0.0177328 -4.1541e-05 3.3752e-05 -0.0177328 0.0881811 3.11557e-05 -6.49078e-05 -4.1541e-05 3.11557e-05 0.0100867 -0.0183949 3.3752e-05 -6.49078e-05 -0.0183949 0.0898168 
0.00954109 -0.0177218 -3.89432e-05 3.89432e-05 -0.0177218 0.0881467 3.89432e-05 -8.30789e-05 -3.89432e-05 3.89432e-05 0.0100993 -0.018415 3.89432e-05 -8.30789e-05 -0.018415 0.0898862 
0.00955053 -0.0177448 -2.84704e-05 3.88233e-05 -0.0177448 0.0882065 3.36469e-05 -7.50584e-05 -2.84704e-05 3.36469e-05 0.0101199 -0.01841 3.88233e-05 -7.50584e-05 -0.01841 0.0898785 
0.00956364 -0.0177063 -2.84709e-05 3.8824e-05 -0.0177063 0.0881124 3.8824e-05 -0.000100942 -2.84709e-05 3.8824e-05 0.0101124 -0.0184725 3.8824e-05 -0.000100942 -0.0184725 0.0900251 
0.00958192 -0.0177473 -3.36662e-05 4.66147e-05 -0.0177473 0.0881536 5.69736e-05 -0.000145024 -3.36662e-05 5.69736e-05 0.0100999 -0.0184465 4.66147e-05 -0.000145024 -0.0184465 0.0900286 
0.00958913 -0.0177368 -3.87492e-05 3.35826e-05 -0.0177368 0.0881363 3.87492e-05 -9.81646e-05 -3.87492e-05 3.87492e-05 0.0100903 -0.0184575 3.35826e-05 -9.81646e-05 -0.0184575 0.0900531 
