0.00686587 0 -8.43888e-05 0 0 0.00998488 0 0 -8.43888e-05 0 0.00784478 0 0 0 0 0.00998488 
0.00978255 -0.0121567 -9.84098e-05 0.000129163 -0.0121567 0.0324937 0.000129163 -0.000236798 -9.84098e-05 0.000129163 0.0109604 -0.0136175 0.000129163 -0.000236798 -0.0136175 0.0352922 
0.00995153 -0.0186372 -9.71339e-05 0.000225601 -0.0186372 0.0687834 0.000225601 -0.000733204 -9.71339e-05 0.000225601 0.010832 -0.0203167 0.000225601 -0.000733204 -0.0203167 0.074157 
0.00942885 -0.0185096 -4.23769e-05 0.000142265 -0.0185096 0.0832403 0.0001574 -0.000641707 -4.23769e-05 0.0001574 0.0101553 -0.0196477 0.000142265 -0.000641707 -0.0196477 0.0875294 
0.00939528 -0.0179096 -1.7218e-05 4.01753e-05 -0.0179096 0.0870168 6.02629e-05 -0.000261139 -1.7218e-05 6.02629e-05 0.0101586 -0.0188049 4.01753e-05 -0.000261139 -0.0188049 0.0897458 
0.00951771 -0.0177884 -2.74682e-05 1.64809e-05 -0.0177884 0.0881068 3.29618e-05 -8.78981e-05 -2.74682e-05 3.29618e-05 0.0103665 -0.0187415 1.64809e-05 -8.78981e-05 -0.0187415 0.0903785 
0.00962619 -0.0178685 -4.78122e-05 4.78122e-05 -0.0178685 0.0886093 5.31247e-05 -0.000100937 -4.78122e-05 5.31247e-05 0.0105081 -0.0188938 4.78122e-05 -0.000100937 -0.0188938 0.0909521 
0.00965705 -0.0178921 -7.03184e-05 8.07359e-05 -0.0178921 0.0887131 7.81315e-05 -0.000177098 -7.03184e-05 7.81315e-05 0.0105399 -0.019012 8.07359e-05 -0.000177098 -0.019012 0.091354 
0.00967709 -0.0179013 -9.49741e-05 0.000115509 -0.0179013 0.0887007 0.000110375 -0.00026182 -9.49741e-05 0.000110375 0.010537 -0.0190256 0.000115509 -0.00026182 -0.0190256 0.0915139 
0.00969589 -0.0179256 -8.65477e-05 0.00014764 -0.0179256 0.088719 0.000140004 -0.000351282 -8.65477e-05 0.000140004 0.0105155 -0.0189998 0.00014764 -0.000351282 -0.0189998 0.0914809 
0.00970987 -0.0179696 -6.33804e-05 0.000119155 -0.0179696 0.0888339 0.000124225 -0.000342254 -6.33804e-05 0.000124225 0.0105059 -0.018971 0.000119155 -0.000342254 -0.018971 0.0913919 
0.00971172 -0.0180016 -4.81531e-05 8.61687e-05 -0.0180016 0.0889362 8.36343e-05 -0.000255972 -4.81531e-05 8.36343e-05 0.0104999 -0.0189546 8.61687e-05 -0.000255972 -0.0189546 0.0913388 
0.0097031 -0.0179893 -5.5765e-05 8.61822e-05 -0.0179893 0.0889476 7.85779e-05 -0.000235734 -5.5765e-05 7.85779e-05 0.0104889 -0.0189576 8.61822e-05 -0.000235734 -0.0189576 0.0913329 
0.00968747 -0.018004 -4.8058e-05 7.84103e-05 -0.018004 0.0890008 7.33516e-05 -0.000212467 -4.8058e-05 7.33516e-05 0.0105171 -0.0189551 7.84103e-05 -0.000212467 -0.0189551 0.0913506 
0.00966197 -0.0179553 -3.04714e-05 4.82464e-05 -0.0179553 0.0889028 5.07857e-05 -0.000144739 -3.04714e-05 5.07857e-05 0.0105101 -0.0189938 4.82464e-05 -0.000144739 -0.0189938 0.0914142 
0.00967701 -0.0179241 -3.04229e-05 4.05638e-05 -0.0179241 0.0888171 4.05638e-05 -0.000109015 -3.04229e-05 4.05638e-05 0.0104908 -0.0189966 4.05638e-05 -0.000109015 -0.0189966 0.0914638 
0.00968107 -0.0179285 -4.59181e-05 6.88772e-05 -0.0179285 0.0887751 6.88772e-05 -0.000178571 -4.59181e-05 6.88772e-05 0.010426 -0.0189489 6.88772e-05 -0.000178571 -0.0189489 0.0913949 
0.00967084 -0.0179412 -6.3775e-05 9.4387e-05 -0.0179412 0.0888003 8.9285e-05 -0.000249998 -6.3775e-05 8.9285e-05 0.0104259 -0.0188902 9.4387e-05 -0.000249998 -0.0188902 0.0912876 
0.00966399 -0.017942 -4.05411e-05 8.86837e-05 -0.017942 0.0888256 8.10822e-05 -0.000233111 -4.05411e-05 8.10822e-05 0.0104697 -0.0188922 8.86837e-05 -0.000233111 -0.0188922 0.0912479 
0.00963511 -0.0179126 -1.26644e-05 5.31907e-05 -0.0179126 0.088755 6.07893e-05 -0.000189967 -1.26644e-05 6.07893e-05 0.0105115 -0.0189561 5.31907e-05 -0.000189967 -0.0189561 0.0913461 
0.00965171 -0.0178806 -3.5382e-05 3.28547e-05 -0.0178806 0.0886876 4.04366e-05 -0.000133946 -3.5382e-05 4.04366e-05 0.0105085 -0.0190027 3.28547e-05 -0.000133946 -0.0190027 0.0914727 
0.00966312 -0.0179223 -5.57536e-05 6.58907e-05 -0.0179223 0.0887547 7.09592e-05 -0.000174864 -5.57536e-05 7.09592e-05 0.0104766 -0.0189714 6.58907e-05 -0.000174864 -0.0189714 0.0914411 
0.00966599 -0.0179504 -4.55466e-05 5.81984e-05 -0.0179504 0.088836 6.07287e-05 -0.000151822 -4.55466e-05 6.07287e-05 0.0104732 -0.0189297 5.81984e-05 -0.000151822 -0.0189297 0.091336 
0.00967169 -0.0179132 -5.57884e-05 7.10035e-05 -0.0179132 0.0887721 7.60751e-05 -0.00018258 -5.57884e-05 7.60751e-05 0.0104375 -0.0189452 7.10035e-05 -0.00018258 -0.0189452 0.0913434 
0.00967985 -0.0179543 -3.55783e-05 7.87806e-05 -0.0179543 0.088834 7.87806e-05 -0.000198222 -3.55783e-05 7.87806e-05 0.0104219 -0.0188845 7.87806e-05 -0.000198222 -0.0188845 0.0912508 
0.0096717 -0.0179141 -2.54318e-05 5.59499e-05 -0.0179141 0.0887645 5.08635e-05 -0.00016785 -2.54318e-05 5.08635e-05 0.0104143 -0.0189009 5.59499e-05 -0.00016785 -0.0189009 0.0912543 
0.00968719 -0.0179138 -3.29066e-05 5.31568e-05 -0.0179138 0.0887313 5.06255e-05 -0.000156939 -3.29066e-05 5.06255e-05 0.0104061 -0.0188858 5.31568e-05 -0.000156939 -0.0188858 0.0912372 
0.00971153 -0.0179327 -5.04364e-05 4.79146e-05 -0.0179327 0.0887454 5.04364e-05 -0.000143744 -5.04364e-05 5.04364e-05 0.0104 -0.0188758 4.79146e-05 -0.000143744 -0.0188758 0.0912193 
0.00972366 -0.0179483 -7.04248e-05 7.79704e-05 -0.0179483 0.0887655 7.79704e-05 -0.000188638 -7.04248e-05 7.79704e-05 0.0104028 -0.0188864 7.79704e-05 -0.000188638 -0.0188864 0.091253 
0.00973043 -0.0180115 -7.80045e-05 0.000100651 -0.0180115 0.0889276 0.000100651 -0.00023653 -7.80045e-05 0.000100651 0.0104149 -0.018862 0.000100651 -0.00023653 -0.018862 0.0912049 
0.00967629 -0.0179949 -7.10559e-05 0.000116735 -0.0179949 0.0889544 0.000119272 -0.000294374 -7.10559e-05 0.000119272 0.0104173 -0.0188806 0.000116735 -0.000294374 -0.0188806 0.0911952 
0.00962736 -0.017938 -5.85792e-05 0.000104424 -0.017938 0.0888646 0.000109518 -0.00029799 -5.85792e-05 0.000109518 0.0104245 -0.0188778 0.000104424 -0.00029799 -0.0188778 0.0912001 
0.00962709 -0.0178999 -5.84384e-05 6.86016e-05 -0.0178999 0.0887958 6.60608e-05 -0.000203264 -5.84384e-05 6.60608e-05 0.0104325 -0.0188781 6.86016e-05 -0.000203264 -0.0188781 0.0911994 
0.00968585 -0.0179369 -8.87215e-05 8.61866e-05 -0.0179369 0.0888609 7.6047e-05 -0.000197722 -8.87215e-05 7.6047e-05 0.0104007 -0.0188495 8.61866e-05 -0.000197722 -0.0188495 0.0911043 
0.00970165 -0.0179681 -9.88929e-05 0.00012425 -0.0179681 0.0889123 0.000121714 -0.000281464 -9.88929e-05 0.000121714 0.0103964 -0.0188328 0.00012425 -0.000281464 -0.0188328 0.0910575 
0.00972216 -0.0179777 -0.000119462 0.000157588 -0.0179777 0.0889279 0.000155046 -0.000396512 -0.000119462 0.000155046 0.0103652 -0.0188318 0.000157588 -0.000396512 -0.0188318 0.0910452 
0.00975337 -0.0180168 -0.000144928 0.000150013 -0.0180168 0.0890008 0.000155098 -0.000396644 -0.000144928 0.000155098 0.0103382 -0.0187999 0.000150013 -0.000396644 -0.0187999 0.0909992 
0.00974189 -0.0180456 -0.000129587 0.000167701 -0.0180456 0.089072 0.000177865 -0.00041417 -0.000129587 0.000177865 0.0103568 -0.0187672 0.000167701 -0.00041417 -0.0187672 0.090932 
0.00973635 -0.0180227 -0.000119355 0.000162526 -0.0180227 0.0890467 0.000170145 -0.000424093 -0.000119355 0.000170145 0.0103763 -0.0187997 0.000162526 -0.000424093 -0.0187997 0.090964 
0.00973835 -0.018006 -0.000129102 0.000154416 -0.018006 0.0889995 0.000156948 -0.000405026 -0.000129102 0.000156948 0.0103915 -0.0188312 0.000154416 -0.000405026 -0.0188312 0.0910601 
0.00973052 -0.0180049 -0.000116898 0.000172806 -0.0180049 0.0889648 0.00018043 -0.000437098 -0.000116898 0.00018043 0.0103785 -0.018841 0.000172806 -0.000437098 -0.018841 0.091074 
0.00971007 -0.0179515 -0.000145078 0.00016544 -0.0179515 0.0888363 0.000173076 -0.000445416 -0.000145078 0.000173076 0.0103566 -0.0188576 0.00016544 -0.000445416 -0.0188576 0.0911347 
0.00970168 -0.0179624 -0.000168326 0.000214233 -0.0179624 0.088825 0.000216783 -0.000535582 -0.000168326 0.000216783 0.0103291 -0.0187964 0.000214233 -0.000535582 -0.0187964 0.0910259 
0.00969699 -0.017965 -0.000168112 0.000221602 -0.017965 0.0888471 0.00021396 -0.000555278 -0.000168112 0.00021396 0.010321 -0.018747 0.000221602 -0.000555278 -0.018747 0.0908975 
0.0097217 -0.017984 -0.00015027 0.000196115 -0.017984 0.0889114 0.000191021 -0.000489014 -0.00015027 0.000191021 0.0103049 -0.0187226 0.000196115 -0.000489014 -0.0187226 0.0907986 
0.00970146 -0.0179538 -0.000129658 0.000190673 -0.0179538 0.0888258 0.000185589 -0.000470327 -0.000129658 0.000185589 0.0103294 -0.0187546 0.000190673 -0.000470327 -0.0187546 0.0908673 
0.00969909 -0.0179625 -0.000114346 0.000157544 -0.0179625 0.0888444 0.000147379 -0.000409105 -0.000114346 0.000147379 0.0103394 -0.0187604 0.000157544 -0.000409105 -0.0187604 0.0908747 
0.00969508 -0.0179575 -0.000124687 0.000147589 -0.0179575 0.0888486 0.000145044 -0.000374062 -0.000124687 0.000145044 0.0103363 -0.0187642 0.000147589 -0.000374062 -0.0187642 0.0908665 
0.00967307 -0.0179147 -0.000132683 0.000150544 -0.0179147 0.0887416 0.000170956 -0.00038529 -0.000132683 0.000170956 0.0103161 -0.018772 0.000150544 -0.00038529 -0.018772 0.090885 
0.00967091 -0.0178944 -0.000147803 0.000173286 -0.0178944 0.0886666 0.000180931 -0.000428119 -0.000147803 0.000180931 0.0103003 -0.0187481 0.000173286 -0.000428119 -0.0187481 0.0908734 
0.0096495 -0.0178938 -0.000143335 0.000189407 -0.0178938 0.0886346 0.000189407 -0.000458159 -0.000143335 0.000189407 0.0102868 -0.0187154 0.000189407 -0.000458159 -0.0187154 0.0908025 
0.00963034 -0.0178779 -0.000146498 0.00017477 -0.0178779 0.0886083 0.00017477 -0.000434355 -0.000146498 0.00017477 0.0102652 -0.0186901 0.00017477 -0.000434355 -0.0186901 0.090721 
0.00966264 -0.0178675 -0.000138588 0.000164252 -0.0178675 0.0885909 0.000164252 -0.000402931 -0.000138588 0.000164252 0.0102273 -0.018658 0.000164252 -0.000402931 -0.018658 0.0906235 
0.00968875 -0.0178885 -0.000162295 0.000198361 -0.0178885 0.088577 0.000198361 -0.000484309 -0.000162295 0.000198361 0.0101628 -0.0186047 0.000198361 -0.000484309 -0.0186047 0.0904885 
0.00970621 -0.0179245 -0.000180509 0.000214032 -0.0179245 0.0886581 0.000208874 -0.000531211 -0.000180509 0.000208874 0.0101291 -0.0185279 0.000214032 -0.000531211 -0.0185279 0.0903162 
0.00969237 -0.0179255 -0.000164714 0.000236776 -0.0179255 0.0886777 0.000236776 -0.000584219 -0.000164714 0.000236776 0.0101505 -0.0185046 0.000236776 -0.000584219 -0.0185046 0.0902322 
0.00968014 -0.0178978 -0.000145739 0.000225001 -0.0178978 0.0886324 0.000225001 -0.000600854 -0.000145739 0.000225001 0.0101762 -0.0185293 0.000225001 -0.000600854 -0.0185293 0.0902432 
0.00966485 -0.0179101 -0.000109394 0.000170451 -0.0179101 0.0886576 0.000170451 -0.000485914 -0.000109394 0.000170451 0.0102296 -0.0185563 0.000170451 -0.000485914 -0.0185563 0.0903036 
0.00967671 -0.0179348 -7.61346e-05 0.000131967 -0.0179348 0.0887526 0.000137042 -0.000378135 -7.61346e-05 0.000137042 0.0102706 -0.0186124 0.000131967 -0.000378135 -0.0186124 0.0904022 
0.00964813 -0.0178878 -8.91459e-05 0.000114616 -0.0178878 0.0886568 0.000106975 -0.000318378 -8.91459e-05 0.000106975 0.0102823 -0.0186901 0.000114616 -0.000318378 -0.0186901 0.0906104 
0.00964552 -0.017896 -7.90617e-05 9.94647e-05 -0.017896 0.0886638 8.41624e-05 -0.000229534 -7.90617e-05 8.41624e-05 0.0102755 -0.0186892 9.94647e-05 -0.000229534 -0.0186892 0.0906633 
0.00966264 -0.0178987 -8.15197e-05 8.66147e-05 -0.0178987 0.0886807 7.64247e-05 -0.000175777 -8.15197e-05 7.64247e-05 0.0102689 -0.0186808 8.66147e-05 -0.000175777 -0.0186808 0.0906703 
0.00965362 -0.0178466 -9.43185e-05 0.000109613 -0.0178466 0.0885319 0.000109613 -0.000234522 -9.43185e-05 0.000109613 0.010245 -0.0187056 0.000109613 -0.000234522 -0.0187056 0.0907267 
0.00967431 -0.0179048 -0.000110081 0.000130561 -0.0179048 0.0886253 0.000128001 -0.000309762 -0.000110081 0.000128001 0.0101966 -0.0186165 0.000130561 -0.000309762 -0.0186165 0.0905633 
0.00968066 -0.0179026 -0.000110241 0.000146133 -0.0179026 0.0886411 0.000143569 -0.000346104 -0.000110241 0.000143569 0.0101678 -0.0185819 0.000146133 -0.000346104 -0.0185819 0.0904537 
0.00968079 -0.0179004 -7.93297e-05 0.000143305 -0.0179004 0.0886318 0.000143305 -0.000360822 -7.93297e-05 0.000143305 0.0101568 -0.0185427 0.000143305 -0.000360822 -0.0185427 0.0903515 
0.00965804 -0.017899 -7.18833e-05 0.000118094 -0.017899 0.0886322 0.000115527 -0.00032861 -7.18833e-05 0.000115527 0.0101458 -0.0185202 0.000118094 -0.00032861 -0.0185202 0.0902572 
0.00965631 -0.0178921 -6.67901e-05 0.000105323 -0.0178921 0.0886331 0.000107892 -0.000303124 -6.67901e-05 0.000107892 0.0101393 -0.0185009 0.000105323 -0.000303124 -0.0185009 0.0901872 
0.00964045 -0.0178864 -8.49038e-05 0.000113205 -0.0178864 0.088619 0.000110632 -0.000313887 -8.49038e-05 0.000110632 0.010137 -0.0184756 0.000113205 -0.000313887 -0.0184756 0.0901087 
0.00963003 -0.017891 -8.7499e-05 0.000115807 -0.017891 0.0886493 0.000115807 -0.000311393 -8.7499e-05 0.000115807 0.0101396 -0.018452 0.000115807 -0.000311393 -0.018452 0.090021 
0.00962413 -0.0178591 -6.93307e-05 0.000100144 -0.0178591 0.0885995 9.75765e-05 -0.000264484 -6.93307e-05 9.75765e-05 0.0101582 -0.0184753 0.000100144 -0.000264484 -0.0184753 0.0900554 
0.00960435 -0.0177963 -5.90642e-05 0.000107856 -0.0177963 0.0884088 0.00011556 -0.000292753 -5.90642e-05 0.00011556 0.0101719 -0.0185461 0.000107856 -0.000292753 -0.0185461 0.0902295 
0.00961491 -0.0177877 -4.12768e-05 7.7394e-05 -0.0177877 0.0883323 8.51334e-05 -0.000234762 -4.12768e-05 8.51334e-05 0.0101464 -0.0185539 7.7394e-05 -0.000234762 -0.0185539 0.090311 
0.00960973 -0.0177984 -4.12656e-05 6.18984e-05 -0.0177984 0.0883187 6.44775e-05 -0.000188274 -4.12656e-05 6.44775e-05 0.0101513 -0.018536 6.18984e-05 -0.000188274 -0.018536 0.0903227 
0.00962983 -0.0177983 -5.14552e-05 3.85914e-05 -0.0177983 0.0883305 3.85914e-05 -9.77648e-05 -5.14552e-05 3.85914e-05 0.0101392 -0.0185264 3.85914e-05 -9.77648e-05 -0.0185264 0.0902832 
0.00965371 -0.0178565 -6.6648e-05 4.87043e-05 -0.0178565 0.0884701 4.6141e-05 -8.45917e-05 -6.6648e-05 4.6141e-05 0.0101484 -0.0184923 4.87043e-05 -8.45917e-05 -0.0184923 0.0901979 
0.00967187 -0.0179013 -8.71109e-05 8.9673e-05 -0.0179013 0.0886123 9.73593e-05 -0.000192156 -8.71109e-05 9.73593e-05 0.0101561 -0.0184906 8.9673e-05 -0.000192156 -0.0184906 0.090147 
0.00969643 -0.0179535 -9.73229e-05 0.000125495 -0.0179535 0.0887764 0.000130618 -0.000304774 -9.73229e-05 0.000130618 0.0101446 -0.0184811 0.000125495 -0.000304774 -0.0184811 0.0901005 
0.00971978 -0.0179637 -0.000115498 0.000133464 -0.0179637 0.0888409 0.000141164 -0.000354193 -0.000115498 0.000141164 0.0101381 -0.0184976 0.000133464 -0.000354193 -0.0184976 0.0901293 
0.00970186 -0.017959 -0.000113714 0.000149896 -0.017959 0.0888261 0.00015248 -0.000377323 -0.000113714 0.00015248 0.0101205 -0.0184992 0.000149896 -0.000377323 -0.0184992 0.0901622 
0.00968766 -0.0179382 -9.30511e-05 0.00010856 -0.0179382 0.0887811 0.000111144 -0.000281738 -9.30511e-05 0.000111144 0.0101426 -0.0184965 0.00010856 -0.000281738 -0.0184965 0.0901924 
0.00965065 -0.0179012 -8.5244e-05 0.000103326 -0.0179012 0.0886744 0.000100743 -0.000247983 -8.5244e-05 0.000100743 0.0101699 -0.018516 0.000103326 -0.000247983 -0.018516 0.0902011 
0.0096439 -0.0178607 -8.51615e-05 0.000116129 -0.0178607 0.0885551 0.000108387 -0.000270968 -8.51615e-05 0.000108387 0.0101781 -0.0185471 0.000116129 -0.000270968 -0.0185471 0.0902789 
0.00965908 -0.0178532 -7.22174e-05 0.000118643 -0.0178532 0.0885154 0.000103168 -0.000275974 -7.22174e-05 0.000103168 0.0101672 -0.0185521 0.000118643 -0.000275974 -0.0185521 0.090295 
0.00966569 -0.0178733 -5.92513e-05 9.01651e-05 -0.0178733 0.0885395 8.24366e-05 -0.000226701 -5.92513e-05 8.24366e-05 0.0101603 -0.0185302 9.01651e-05 -0.000226701 -0.0185302 0.0902552 
0.00968829 -0.0179169 -3.57879e-05 7.4132e-05 -0.0179169 0.0886619 6.90195e-05 -0.000191721 -3.57879e-05 6.90195e-05 0.0101868 -0.01851 7.4132e-05 -0.000191721 -0.01851 0.0902033 
0.00971025 -0.0179406 -6.39001e-05 5.8788e-05 -0.0179406 0.0887572 6.1344e-05 -0.000168696 -6.39001e-05 6.1344e-05 0.0101703 -0.0185259 5.8788e-05 -0.000168696 -0.0185259 0.0901783 
0.00966762 -0.0179457 -6.15282e-05 6.40919e-05 -0.0179457 0.088757 6.66556e-05 -0.000146129 -6.15282e-05 6.66556e-05 0.0101957 -0.0185354 6.40919e-05 -0.000146129 -0.0185354 0.0902286 
0.00961123 -0.0178679 -9.04769e-05 8.01367e-05 -0.0178679 0.0886131 8.01367e-05 -0.000191294 -9.04769e-05 8.01367e-05 0.0101929 -0.0185788 8.01367e-05 -0.000191294 -0.0185788 0.0903166 
0.00957561 -0.017794 -9.84239e-05 0.000132095 -0.017794 0.0884158 0.000129505 -0.000290092 -9.84239e-05 0.000129505 0.0101843 -0.018584 0.000132095 -0.000290092 -0.018584 0.0903739 
0.00958058 -0.0177759 -0.000100604 0.000141877 -0.0177759 0.0883405 0.000136718 -0.000348244 -0.000100604 0.000136718 0.010179 -0.0185446 0.000141877 -0.000348244 -0.0185446 0.0903113 
0.00962242 -0.0177961 -0.000123299 0.000133573 -0.0177961 0.088364 0.000128436 -0.000354483 -0.000123299 0.000128436 0.0101516 -0.0185256 0.000133573 -0.000354483 -0.0185256 0.0902263 
0.00967729 -0.0178606 -0.000151448 0.000174551 -0.0178606 0.0884894 0.000164283 -0.00040814 -0.000151448 0.000164283 0.0101188 -0.0184895 0.000174551 -0.00040814 -0.0184895 0.0901297 
0.00969493 -0.0179185 -0.000162054 0.000210927 -0.0179185 0.0886357 0.000208355 -0.000504167 -0.000162054 0.000208355 0.0100936 -0.0184381 0.000210927 -0.000504167 -0.0184381 0.0900093 
0.00969257 -0.0179255 -0.000120996 0.000193079 -0.0179255 0.0886928 0.000195653 -0.000499431 -0.000120996 0.000195653 0.0100864 -0.0184249 0.000193079 -0.000499431 -0.0184249 0.0899594 
0.00967271 -0.0179102 -6.69927e-05 0.000121102 -0.0179102 0.08867 0.000123679 -0.000355577 -6.69927e-05 0.000123679 0.0100953 -0.0184256 0.000121102 -0.000355577 -0.0184256 0.0899609 
0.00969504 -0.0178944 -6.41376e-05 9.23581e-05 -0.0178944 0.088633 0.000100055 -0.000295033 -6.41376e-05 0.000100055 0.0100747 -0.0184306 9.23581e-05 -0.000295033 -0.0184306 0.089962 
0.00972052 -0.0179017 -9.42997e-05 7.90079e-05 -0.0179017 0.0886009 7.90079e-05 -0.000221732 -9.42997e-05 7.90079e-05 0.0100926 -0.0184445 7.90079e-05 -0.000221732 -0.0184445 0.090046 
0.00972582 -0.0179384 -8.36466e-05 0.000131807 -0.0179384 0.0886552 0.000126737 -0.000283891 -8.36466e-05 0.000126737 0.0101162 -0.018458 0.000131807 -0.000283891 -0.018458 0.0900899 
0.0096696 -0.017932 -8.14283e-05 0.000124687 -0.017932 0.0886652 0.000122142 -0.000325713 -8.14283e-05 0.000122142 0.0101556 -0.0184969 0.000124687 -0.000325713 -0.0184969 0.0901538 
0.00964938 -0.0178697 -0.000133413 0.00014111 -0.0178697 0.0885737 0.000135979 -0.000372018 -0.000133413 0.000135979 0.0101086 -0.0185239 0.00014111 -0.000372018 -0.0185239 0.0902054 
0.00965826 -0.0178791 -0.000159428 0.000172285 -0.0178791 0.0885829 0.000172285 -0.000411427 -0.000159428 0.000172285 0.0100723 -0.0184551 0.000172285 -0.000411427 -0.0184551 0.0901257 
0.00966388 -0.017887 -0.000172065 0.000195178 -0.017887 0.0886134 0.000190042 -0.000449423 -0.000172065 0.000190042 0.0100645 -0.0184109 0.000195178 -0.000449423 -0.0184109 0.0900028 
0.00969135 -0.0179204 -0.000161908 0.000195318 -0.0179204 0.0886947 0.000200457 -0.000470304 -0.000161908 0.000200457 0.0100537 -0.018383 0.000195318 -0.000470304 -0.018383 0.0898872 
0.00970864 -0.0179442 -0.000146788 0.000213745 -0.0179442 0.0887684 0.000224045 -0.000543375 -0.000146788 0.000224045 0.0100537 -0.0183795 0.000213745 -0.000543375 -0.0183795 0.0898577 
0.00970046 -0.0179344 -0.00013612 0.000197759 -0.0179344 0.0887424 0.000195191 -0.000534206 -0.00013612 0.000195191 0.0100857 -0.018407 0.000197759 -0.000534206 -0.018407 0.0899366 
0.00966534 -0.0179151 -0.000123093 0.00015643 -0.0179151 0.0886832 0.000151301 -0.000435953 -0.000123093 0.000151301 0.0101321 -0.0184536 0.00015643 -0.000435953 -0.0184536 0.0900218 
0.00967158 -0.0179078 -0.000115138 0.000156076 -0.0179078 0.0886894 0.000156076 -0.00040682 -0.000115138 0.000156076 0.0101398 -0.0184809 0.000156076 -0.00040682 -0.0184809 0.0900813 
0.00964859 -0.0179221 -0.000115444 0.00015136 -0.0179221 0.08871 0.00015136 -0.000389946 -0.000115444 0.00015136 0.0101642 -0.0184891 0.00015136 -0.000389946 -0.0184891 0.0901082 
0.00961969 -0.0178567 -9.78448e-05 0.000136468 -0.0178567 0.0885882 0.000139043 -0.000355331 -9.78448e-05 0.000139043 0.0101784 -0.0185467 0.000136468 -0.000355331 -0.0185467 0.0902387 
0.00961962 -0.0178312 -9.26696e-05 0.000128708 -0.0178312 0.0884969 0.00013643 -0.00033464 -9.26696e-05 0.00013643 0.0101782 -0.0185571 0.000128708 -0.00033464 -0.0185571 0.0903142 
0.00962134 -0.0178271 -7.19352e-05 0.000102765 -0.0178271 0.0884547 0.000107903 -0.000280034 -7.19352e-05 0.000107903 0.0101788 -0.0185464 0.000102765 -0.000280034 -0.0185464 0.0903121 
0.00963432 -0.0178567 -7.958e-05 7.958e-05 -0.0178567 0.0885238 7.958e-05 -0.000213069 -7.958e-05 7.958e-05 0.0101785 -0.0185293 7.958e-05 -0.000213069 -0.0185293 0.0902566 
0.00967005 -0.0178601 -9.20227e-05 9.45788e-05 -0.0178601 0.088536 9.7135e-05 -0.000217276 -9.20227e-05 9.7135e-05 0.0101711 -0.0185477 9.45788e-05 -0.000217276 -0.0185477 0.0902717 
0.00968929 -0.0178785 -9.18417e-05 0.000122456 -0.0178785 0.0885481 0.000114802 -0.000275525 -9.18417e-05 0.000114802 0.0101664 -0.0185546 0.000122456 -0.000275525 -0.0185546 0.0903212 
0.00968612 -0.017905 -8.67566e-05 0.000130135 -0.017905 0.0885964 0.00012248 -0.00032151 -8.67566e-05 0.00012248 0.0101709 -0.0185532 0.000130135 -0.00032151 -0.0185532 0.0903493 
0.00970864 -0.0179344 -0.000102089 0.000122506 -0.0179344 0.0887049 0.000127611 -0.000344549 -0.000102089 0.000127611 0.010168 -0.0185546 0.000122506 -0.000344549 -0.0185546 0.090346 
0.00972391 -0.0179489 -0.000110179 0.000138364 -0.0179489 0.0887554 0.000140926 -0.000358721 -0.000110179 0.000140926 0.0101339 -0.0185408 0.000138364 -0.000358721 -0.0185408 0.0903158 
0.00971848 -0.0179839 -0.000123442 0.000144016 -0.0179839 0.0888473 0.000151731 -0.000378041 -0.000123442 0.000151731 0.0101145 -0.0184777 0.000144016 -0.000378041 -0.0184777 0.0901846 
0.00971791 -0.0179814 -0.000149308 0.000159605 -0.0179814 0.0888951 0.000159605 -0.000404162 -0.000149308 0.000159605 0.0101092 -0.0184602 0.000159605 -0.000404162 -0.0184602 0.0900947 
0.00969791 -0.0179783 -0.000165247 0.00018332 -0.0179783 0.0888794 0.000180738 -0.0004441 -0.000165247 0.000180738 0.0101188 -0.0184482 0.00018332 -0.0004441 -0.0184482 0.0900439 
0.00965679 -0.0179469 -0.000138984 0.000200754 -0.0179469 0.0888183 0.000203328 -0.000486443 -0.000138984 0.000203328 0.0101844 -0.0184797 0.000200754 -0.000486443 -0.0184797 0.0900974 
0.00967007 -0.0179048 -0.000138657 0.000182309 -0.0179048 0.0887408 0.000179741 -0.000472462 -0.000138657 0.000179741 0.0101913 -0.018539 0.000182309 -0.000472462 -0.018539 0.0901838 
0.00965956 -0.0178716 -9.77012e-05 0.000151694 -0.0178716 0.088597 0.000149123 -0.00038052 -9.77012e-05 0.000149123 0.0101918 -0.0185761 0.000151694 -0.00038052 -0.0185761 0.0903196 
0.00962967 -0.0178457 -5.42735e-05 0.000111131 -0.0178457 0.0884917 0.000108547 -0.000292043 -5.42735e-05 0.000108547 0.0101802 -0.0185796 0.000111131 -0.000292043 -0.0185796 0.0903758 
0.00961268 -0.017837 -3.87088e-05 7.4837e-05 -0.017837 0.0884599 7.22564e-05 -0.00021935 -3.87088e-05 7.22564e-05 0.0101907 -0.0185596 7.4837e-05 -0.00021935 -0.0185596 0.0903566 
0.00962372 -0.0178235 -6.92723e-05 7.44036e-05 -0.0178235 0.0884377 7.1838e-05 -0.000194989 -6.92723e-05 7.1838e-05 0.0102036 -0.0185701 7.44036e-05 -0.000194989 -0.0185701 0.0903516 
0.00964914 -0.0178386 -8.70676e-05 0.000102433 -0.0178386 0.0884607 9.73109e-05 -0.000222791 -8.70676e-05 9.73109e-05 0.0101869 -0.0185685 0.000102433 -0.000222791 -0.0185685 0.0903327 
0.00968206 -0.0178934 -8.17052e-05 0.000109791 -0.0178934 0.0885735 0.000109791 -0.000255329 -8.17052e-05 0.000109791 0.0101825 -0.0185522 0.000109791 -0.000255329 -0.0185522 0.0903072 
0.00969737 -0.0179166 -6.13757e-05 9.97356e-05 -0.0179166 0.0886547 0.000102293 -0.00024806 -6.13757e-05 0.000102293 0.0101577 -0.0185431 9.97356e-05 -0.00024806 -0.0185431 0.0902709 
0.00969556 -0.0179699 -4.85673e-05 8.17975e-05 -0.0179699 0.0888014 7.92413e-05 -0.000224943 -4.85673e-05 7.92413e-05 0.0101582 -0.018499 8.17975e-05 -0.000224943 -0.018499 0.0901843 
0.0096834 -0.0179685 -4.33775e-05 6.63421e-05 -0.0179685 0.0888525 6.12389e-05 -0.000183717 -4.33775e-05 6.12389e-05 0.010181 -0.0185069 6.63421e-05 -0.000183717 -0.0185069 0.0901564 
0.00965804 -0.0179279 -5.37838e-05 5.37838e-05 -0.0179279 0.0887817 5.37838e-05 -0.000156229 -5.37838e-05 5.37838e-05 0.0101959 -0.0185529 5.37838e-05 -0.000156229 -0.0185529 0.0902492 
0.00965708 -0.0178585 -8.48691e-05 8.74409e-05 -0.0178585 0.0886059 8.22973e-05 -0.0002006 -8.48691e-05 8.22973e-05 0.0101689 -0.0185966 8.74409e-05 -0.0002006 -0.0185966 0.0903779 
0.00963921 -0.0178558 -8.23204e-05 0.000110618 -0.0178558 0.0885305 0.000105473 -0.000249534 -8.23204e-05 0.000105473 0.0101872 -0.0185787 0.000110618 -0.000249534 -0.0185787 0.0904367 
0.00966149 -0.0178835 -6.9157e-05 9.47707e-05 -0.0178835 0.0885901 8.70866e-05 -0.000227962 -6.9157e-05 8.70866e-05 0.0101917 -0.0185571 9.47707e-05 -0.000227962 -0.0185571 0.0903677 
0.00966094 -0.0178879 -6.15674e-05 9.74816e-05 -0.0178879 0.0886057 8.72204e-05 -0.000243704 -6.15674e-05 8.72204e-05 0.0101868 -0.0185626 9.74816e-05 -0.000243704 -0.0185626 0.0903244 
0.00966745 -0.0178916 -6.9218e-05 9.74179e-05 -0.0178916 0.0886298 9.48543e-05 -0.00026149 -6.9218e-05 9.48543e-05 0.0101827 -0.0185581 9.74179e-05 -0.00026149 -0.0185581 0.0903269 
0.00968137 -0.017898 -9.23501e-05 9.23501e-05 -0.017898 0.0886432 8.72195e-05 -0.000230875 -9.23501e-05 8.72195e-05 0.010179 -0.0185649 9.23501e-05 -0.000230875 -0.0185649 0.0903466 
0.00968374 -0.0178946 -0.00011507 0.000125298 -0.0178946 0.0886291 0.000135526 -0.000306852 -0.00011507 0.000135526 0.0101798 -0.018562 0.000125298 -0.000306852 -0.018562 0.0903602 
0.00971302 -0.0179349 -0.000148603 0.000146041 -0.0179349 0.0887136 0.00015629 -0.00037407 -0.000148603 0.00015629 0.0101588 -0.0185472 0.000146041 -0.00037407 -0.0185472 0.0903098 
0.00970349 -0.0179614 -0.000148654 0.000189661 -0.0179614 0.0887897 0.000199913 -0.000463902 -0.000148654 0.000199913 0.0101648 -0.0185253 0.000189661 -0.000463902 -0.0185253 0.0902634 
0.00965185 -0.0179245 -0.000141523 0.000187839 -0.0179245 0.0887271 0.000198132 -0.000496616 -0.000141523 0.000198132 0.0101948 -0.0185575 0.000187839 -0.000496616 -0.0185575 0.0903095 
0.0096357 -0.0178355 -0.000154956 0.000191113 -0.0178355 0.0885446 0.000193695 -0.000508773 -0.000154956 0.000193695 0.0101961 -0.018618 0.000191113 -0.000508773 -0.018618 0.0904686 
0.00964383 -0.0178357 -0.000155295 0.000183766 -0.0178357 0.0884846 0.000186354 -0.000465886 -0.000155295 0.000186354 0.0101744 -0.0185888 0.000183766 -0.000465886 -0.0185888 0.0904543 
0.00964692 -0.0178575 -0.00013925 0.000183088 -0.0178575 0.0885139 0.000185667 -0.000448694 -0.00013925 0.000185667 0.010173 -0.0185434 0.000183088 -0.000448694 -0.0185434 0.09035 
0.00964182 -0.017851 -0.000133986 0.000177789 -0.017851 0.0884899 0.000180365 -0.00046122 -0.000133986 0.000180365 0.0101752 -0.0185467 0.000177789 -0.00046122 -0.0185467 0.0903012 
0.00963785 -0.0178562 -0.000136543 0.000159729 -0.0178562 0.0885054 0.000154577 -0.000414781 -0.000136543 0.000154577 0.0101737 -0.0185337 0.000159729 -0.000414781 -0.0185337 0.0902496 
0.00961943 -0.0178514 -0.000118631 0.000157315 -0.0178514 0.0885168 0.00014442 -0.000366209 -0.000118631 0.00014442 0.0101739 -0.0185322 0.000157315 -0.000366209 -0.0185322 0.0902266 
0.0096369 -0.0178754 -9.27121e-05 0.000139068 -0.0178754 0.0885889 0.000136493 -0.000337369 -9.27121e-05 0.000136493 0.0101623 -0.0185012 0.000139068 -0.000337369 -0.0185012 0.0901341 
