0.00703954 0 0.000314082 0 0 0.00998918 0 0 0.000314082 0 0.0075448 0 0 0 0 0.00998918 
0.00997981 -0.0123963 0.000366517 -0.000447274 -0.0123963 0.0329616 -0.000447274 0.000863488 0.000366517 -0.000447274 0.0105979 -0.0131666 -0.000447274 0.000863488 -0.0131666 0.0344308 
0.0100712 -0.0189075 0.000267099 -0.000502775 -0.0189075 0.0696531 -0.000502775 0.00162459 0.000267099 -0.000502775 0.0106211 -0.019781 -0.000502775 0.00162459 -0.019781 0.072431 
0.00952912 -0.0186582 0.000236409 -0.000333398 -0.0186582 0.0838253 -0.000342491 0.0012851 0.000236409 -0.000342491 0.0100444 -0.0193825 -0.000333398 0.0012851 -0.0193825 0.0863349 
0.00953345 -0.0180118 0.000280986 -0.000303923 -0.0180118 0.0872719 -0.000309658 0.000868762 0.000280986 -0.000309658 0.0100352 -0.0186741 -0.000303923 0.000868762 -0.0186741 0.0891958 
0.00971724 -0.0179441 0.000335736 -0.000371221 -0.0179441 0.0883751 -0.000384868 0.000859812 0.000335736 -0.000384868 0.010214 -0.0186156 -0.000371221 0.000859812 -0.0186156 0.0900756 
0.00983836 -0.0180802 0.000383278 -0.000481081 -0.0180802 0.088992 -0.000483724 0.0011234 0.000383278 -0.000483724 0.0103221 -0.0187251 -0.000481081 0.0011234 -0.0187251 0.0906176 
0.00989384 -0.0181941 0.000402252 -0.00051055 -0.0181941 0.0893849 -0.000513129 0.00128411 0.000402252 -0.000513129 0.0103863 -0.0187769 -0.00051055 0.00128411 -0.0187769 0.0908753 
0.00990579 -0.0182082 0.00042315 -0.00053531 -0.0182082 0.089486 -0.000537859 0.00137396 0.00042315 -0.000537859 0.0103723 -0.0188149 -0.00053531 0.00137396 -0.0188149 0.0909594 
0.00989503 -0.0182281 0.000401287 -0.000518118 -0.0182281 0.089548 -0.000520657 0.00134101 0.000401287 -0.000520657 0.0103573 -0.0187894 -0.000518118 0.00134101 -0.0187894 0.0909373 
0.00990416 -0.0182283 0.000368326 -0.000480094 -0.0182283 0.0895566 -0.000485174 0.00125485 0.000368326 -0.000485174 0.0103334 -0.0187795 -0.000480094 0.00125485 -0.0187795 0.0909029 
0.00991207 -0.0182392 0.000346859 -0.000450664 -0.0182392 0.0895732 -0.000460791 0.00118995 0.000346859 -0.000460791 0.0103349 -0.0187582 -0.000450664 0.00118995 -0.0187582 0.0908847 
0.00991008 -0.0182423 0.000342248 -0.000442909 -0.0182423 0.0895909 -0.000445425 0.00115509 0.000342248 -0.000445425 0.0103832 -0.0187834 -0.000442909 0.00115509 -0.0187834 0.0909397 
0.00992111 -0.0182248 0.000311921 -0.000422603 -0.0182248 0.0895516 -0.000417572 0.00108921 0.000311921 -0.000417572 0.0103915 -0.0188562 -0.000422603 0.00108921 -0.0188562 0.0910962 
0.00993855 -0.0182177 0.00033339 -0.00042684 -0.0182177 0.0895025 -0.00042684 0.00111382 0.00033339 -0.00042684 0.0103477 -0.0188769 -0.00042684 0.00111382 -0.0188769 0.0912023 
0.00994608 -0.0182614 0.000355938 -0.000429146 -0.0182614 0.0895778 -0.000439243 0.00111073 0.000355938 -0.000439243 0.0103172 -0.0188067 -0.000429146 0.00111073 -0.0188067 0.0911101 
0.00994593 -0.0182998 0.000343137 -0.000449106 -0.0182998 0.0897077 -0.000449106 0.00111772 0.000343137 -0.000449106 0.0103143 -0.0187489 -0.000449106 0.00111772 -0.0187489 0.0909591 
0.00994028 -0.0182765 0.000308187 -0.000437019 -0.0182765 0.0896975 -0.000437019 0.00111149 0.000308187 -0.000437019 0.010299 -0.0187539 -0.000437019 0.00111149 -0.0187539 0.09091 
0.00993713 -0.0182594 0.000286015 -0.000392322 -0.0182594 0.0896417 -0.000389791 0.00103269 0.000286015 -0.000389791 0.0102712 -0.0187378 -0.000392322 0.00103269 -0.0187378 0.0908718 
0.00993368 -0.0182608 0.000279179 -0.000350242 -0.0182608 0.0896265 -0.000347704 0.000913675 0.000279179 -0.000347704 0.0102433 -0.0186948 -0.000350242 0.000913675 -0.0186948 0.0907914 
0.00992433 -0.0182458 0.000302277 -0.00035816 -0.0182458 0.0895958 -0.00035816 0.00089921 0.000302277 -0.00035816 0.0102088 -0.0186497 -0.00035816 0.00089921 -0.0186497 0.0906551 
0.00994218 -0.0182299 0.000319244 -0.000392721 -0.0182299 0.0895531 -0.000392721 0.000965334 0.000319244 -0.000392721 0.0101727 -0.0186175 -0.000392721 0.000965334 -0.0186175 0.0905666 
0.00995939 -0.018266 0.000325999 -0.000401812 -0.018266 0.0896016 -0.000389177 0.000983051 0.000325999 -0.000389177 0.0101666 -0.0185718 -0.000401812 0.000983051 -0.0185718 0.0904685 
0.00994286 -0.018317 0.000318293 -0.000421864 -0.018317 0.0897409 -0.000419338 0.00104329 0.000318293 -0.000419338 0.0101879 -0.0185342 -0.000421864 0.00104329 -0.0185342 0.0903396 
0.009915 -0.0182735 0.000308265 -0.000429549 -0.0182735 0.089705 -0.000432076 0.00110419 0.000308265 -0.000432076 0.0102132 -0.0185868 -0.000429549 0.00110419 -0.0185868 0.0904074 
0.00989246 -0.0182359 0.000289016 -0.000403101 -0.0182359 0.0896076 -0.000413242 0.00108254 0.000289016 -0.000413242 0.0102246 -0.0186288 -0.000403101 0.00108254 -0.0186288 0.0905203 
0.00987455 -0.0182004 0.000307706 -0.000383996 -0.0182004 0.0894991 -0.000389082 0.00103501 0.000307706 -0.000389082 0.0102179 -0.0186403 -0.000383996 0.00103501 -0.0186403 0.090585 
0.009861 -0.0181826 0.000325144 -0.000391189 -0.0181826 0.0894577 -0.000386108 0.000995753 0.000325144 -0.000386108 0.0102446 -0.018645 -0.000391189 0.000995753 -0.018645 0.0906313 
0.00988894 -0.0181572 0.000350546 -0.00040897 -0.0181572 0.0893968 -0.00040643 0.00102115 0.000350546 -0.00040643 0.0102369 -0.0186831 -0.00040897 0.00102115 -0.0186831 0.0907126 
0.0099079 -0.0182002 0.000365466 -0.000430998 -0.0182002 0.0894484 -0.000418395 0.00104599 0.000365466 -0.000418395 0.0102658 -0.0186665 -0.000430998 0.00104599 -0.0186665 0.0907288 
0.00992183 -0.0182185 0.000364219 -0.000464693 -0.0182185 0.0894974 -0.00045967 0.00114038 0.000364219 -0.00045967 0.0102861 -0.0187133 -0.000464693 0.00114038 -0.0187133 0.0907935 
0.00992897 -0.0182501 0.000354786 -0.000455434 -0.0182501 0.0895796 -0.000460467 0.00115242 0.000354786 -0.000460467 0.0102812 -0.0187181 -0.000455434 0.00115242 -0.0187181 0.0908176 
0.00991788 -0.0183016 0.000342604 -0.000428255 -0.0183016 0.089732 -0.000448408 0.00112354 0.000342604 -0.000448408 0.0102983 -0.0186971 -0.000428255 0.00112354 -0.0186971 0.0907749 
0.00991436 -0.018292 0.000316897 -0.000402409 -0.018292 0.0898027 -0.00041247 0.00103369 0.000316897 -0.00041247 0.0103394 -0.0187196 -0.000402409 0.00103369 -0.0187196 0.0907886 
0.00990326 -0.0182762 0.000292459 -0.000388264 -0.0182762 0.0897773 -0.000395828 0.000998394 0.000292459 -0.000395828 0.0103546 -0.0187627 -0.000388264 0.000998394 -0.0187627 0.090869 
0.00987727 -0.0182188 0.000296014 -0.000392156 -0.0182188 0.0896215 -0.000397216 0.00101708 0.000296014 -0.000397216 0.0103453 -0.0188134 -0.000392156 0.00101708 -0.0188134 0.091008 
0.00985656 -0.0182123 0.000298148 -0.000376475 -0.0182123 0.089558 -0.000376475 0.000977823 0.000298148 -0.000376475 0.0103745 -0.0188035 -0.000376475 0.000977823 -0.0188035 0.0910513 
0.00987068 -0.0181918 0.00030941 -0.00038803 -0.0181918 0.089526 -0.000372814 0.000978953 0.00030941 -0.000372814 0.0103551 -0.0188157 -0.00038803 0.000978953 -0.0188157 0.0910477 
0.00988669 -0.0181947 0.000312693 -0.000406755 -0.0181947 0.0895116 -0.000396586 0.00102197 0.000312693 -0.000396586 0.0103214 -0.0187946 -0.000406755 0.00102197 -0.0187946 0.0910115 
0.00993466 -0.01823 0.000327349 -0.000400939 -0.01823 0.089587 -0.000400939 0.00102011 0.000327349 -0.000400939 0.0103001 -0.0187579 -0.000400939 0.00102011 -0.0187579 0.0909497 
0.00997884 -0.0182439 0.000346804 -0.000435403 -0.0182439 0.0895691 -0.000445529 0.00111635 0.000346804 -0.000445529 0.0102421 -0.0187375 -0.000435403 0.00111635 -0.0187375 0.0908854 
0.00995575 -0.0182907 0.00033279 -0.000449647 -0.0182907 0.089617 -0.00046743 0.00117111 0.00033279 -0.00046743 0.0102123 -0.0186642 -0.000449647 0.00117111 -0.0186642 0.0907398 
0.0099546 -0.0182898 0.000318831 -0.000409925 -0.0182898 0.08968 -0.000425108 0.00110832 0.000318831 -0.000425108 0.0102203 -0.0186314 -0.000409925 0.00110832 -0.0186314 0.0906238 
0.00996694 -0.0183008 0.000322082 -0.00039757 -0.0183008 0.0897351 -0.000395054 0.00102664 0.000322082 -0.000395054 0.0102286 -0.0186204 -0.00039757 0.00102664 -0.0186204 0.0905429 
0.00994652 -0.0182896 0.000320692 -0.000401497 -0.0182896 0.0897131 -0.000393921 0.00100248 0.000320692 -0.000393921 0.0102344 -0.0186456 -0.000401497 0.00100248 -0.0186456 0.0905716 
0.00991541 -0.0182429 0.000334826 -0.000421069 -0.0182429 0.0896065 -0.000413459 0.00104506 0.000334826 -0.000413459 0.0102249 -0.0186741 -0.000421069 0.00104506 -0.0186741 0.090649 
0.00991383 -0.0182265 0.000362856 -0.000431367 -0.0182265 0.0895467 -0.000431367 0.0010911 0.000362856 -0.000431367 0.0102082 -0.0186528 -0.000431367 0.0010911 -0.0186528 0.0906556 
0.00993287 -0.0182559 0.000367602 -0.000433517 -0.0182559 0.0896164 -0.000433517 0.00107238 0.000367602 -0.000433517 0.0102092 -0.0186184 -0.000433517 0.00107238 -0.0186184 0.0906026 
0.00995799 -0.0182744 0.00034146 -0.000442633 -0.0182744 0.0896725 -0.000437575 0.00108508 0.00034146 -0.000437575 0.010221 -0.018626 -0.000442633 0.00108508 -0.018626 0.090578 
0.0100022 -0.0183014 0.000318814 -0.000430146 -0.0183014 0.0897258 -0.000430146 0.00108549 0.000318814 -0.000430146 0.0101894 -0.0186329 -0.000430146 0.00108549 -0.0186329 0.0905836 
0.0100285 -0.0183422 0.000326275 -0.000397094 -0.0183422 0.0897889 -0.000399624 0.001037 0.000326275 -0.000399624 0.0101727 -0.0186129 -0.000397094 0.001037 -0.0186129 0.0905755 
0.0100051 -0.0183457 0.000349634 -0.000440843 -0.0183457 0.0897952 -0.000445911 0.00111478 0.000349634 -0.000445911 0.0101571 -0.0185914 -0.000440843 0.00111478 -0.0185914 0.0905274 
0.00997516 -0.018365 0.000318086 -0.00044532 -0.018365 0.0898859 -0.000442775 0.0011273 0.000318086 -0.000442775 0.0101635 -0.0185457 -0.00044532 0.0011273 -0.0185457 0.0903923 
0.00991679 -0.0182993 0.000277803 -0.000400138 -0.0182993 0.0897914 -0.000387394 0.0010373 0.000277803 -0.000387394 0.010192 -0.0185592 -0.000400138 0.0010373 -0.0185592 0.090375 
0.00989966 -0.0182256 0.000284736 -0.000361004 -0.0182256 0.0896104 -0.00035592 0.000953357 0.000284736 -0.00035592 0.0102047 -0.0186044 -0.000361004 0.000953357 -0.0186044 0.0904469 
0.00988726 -0.0181774 0.000286919 -0.00036817 -0.0181774 0.0894348 -0.00036817 0.000929311 0.000286919 -0.00036817 0.0102021 -0.0186218 -0.00036817 0.000929311 -0.0186218 0.0905215 
0.00988645 -0.0181795 0.000285529 -0.000351813 -0.0181795 0.0893936 -0.00036201 0.000894828 0.000285529 -0.00036201 0.0101669 -0.0186027 -0.000351813 0.000894828 -0.0186027 0.0904975 
0.00991782 -0.0181992 0.000331359 -0.000369592 -0.0181992 0.0894312 -0.000382337 0.000948196 0.000331359 -0.000382337 0.0101217 -0.0185484 -0.000369592 0.000948196 -0.0185484 0.0903947 
0.00996665 -0.0182328 0.000363487 -0.000416866 -0.0182328 0.0895168 -0.000424491 0.00102437 0.000363487 -0.000424491 0.010081 -0.0184997 -0.000416866 0.00102437 -0.0184997 0.0902667 
0.00996568 -0.0182847 0.000379404 -0.000457814 -0.0182847 0.0896253 -0.000455285 0.0011028 0.000379404 -0.000455285 0.0101301 -0.0184846 -0.000457814 0.0011028 -0.0184846 0.0902526 
0.00995481 -0.018323 0.00038969 -0.000473195 -0.018323 0.0897729 -0.000470664 0.00116654 0.00038969 -0.000470664 0.0101775 -0.0185103 -0.000473195 0.00116654 -0.0185103 0.0902309 
0.00995762 -0.0182987 0.000404781 -0.000503447 -0.0182987 0.0897704 -0.000495857 0.0012447 0.000404781 -0.000495857 0.0101752 -0.0185668 -0.000503447 0.0012447 -0.0185668 0.0903219 
0.00997756 -0.018325 0.000381614 -0.000485231 -0.018325 0.0898283 -0.000477649 0.00120297 0.000381614 -0.000477649 0.0101873 -0.0185702 -0.000485231 0.00120297 -0.0185702 0.0903945 
0.0100043 -0.0183218 0.000372311 -0.000468555 -0.0183218 0.0898131 -0.000478686 0.00119292 0.000372311 -0.000478686 0.0101638 -0.0185978 -0.000468555 0.00119292 -0.0185978 0.0904742 
0.0100061 -0.0183638 0.000366015 -0.00046446 -0.0183638 0.0898932 -0.000472033 0.00118892 0.000366015 -0.000472033 0.0101828 -0.0185557 -0.00046446 0.00118892 -0.0185557 0.0904359 
0.0100053 -0.0183532 0.000358777 -0.000459841 -0.0183532 0.0898939 -0.000464894 0.00116982 0.000358777 -0.000464894 0.0101746 -0.0185857 -0.000459841 0.00116982 -0.0185857 0.0904472 
0.00998353 -0.0183348 0.000364418 -0.000465645 -0.0183348 0.0898264 -0.000470706 0.00120207 0.000364418 -0.000470706 0.0101784 -0.0185929 -0.000465645 0.00120207 -0.0185929 0.0904844 
0.00995701 -0.0183094 0.000354883 -0.000456278 -0.0183094 0.0897753 -0.000458813 0.00117365 0.000354883 -0.000458813 0.0101826 -0.0185857 -0.000456278 0.00117365 -0.0185857 0.0904775 
0.00993587 -0.0182894 0.000335259 -0.000424154 -0.0182894 0.0897301 -0.000429234 0.00108959 0.000335259 -0.000429234 0.0101772 -0.0185713 -0.000424154 0.00108959 -0.0185713 0.0904362 
0.00996424 -0.0182788 0.000340614 -0.000424497 -0.0182788 0.0897035 -0.000421955 0.0010676 0.000340614 -0.000421955 0.0101498 -0.0185711 -0.000424497 0.0010676 -0.0185711 0.0904076 
0.00996868 -0.0182615 0.000367321 -0.000436193 -0.0182615 0.0896135 -0.000433642 0.00108921 0.000367321 -0.000433642 0.0101243 -0.0185573 -0.000436193 0.00108921 -0.0185573 0.0904221 
0.00996167 -0.0182405 0.00038815 -0.000495402 -0.0182405 0.0895171 -0.000490295 0.00121297 0.00038815 -0.000490295 0.0100842 -0.0185316 -0.000495402 0.00121297 -0.0185316 0.0903777 
0.00998763 -0.0182805 0.000366425 -0.000486022 -0.0182805 0.0895935 -0.000480933 0.00122651 0.000366425 -0.000480933 0.0100563 -0.018451 -0.000486022 0.00122651 -0.018451 0.0901991 
0.00999779 -0.0183136 0.000348081 -0.000447169 -0.0183136 0.0896879 -0.00044971 0.00115603 0.000348081 -0.00044971 0.010041 -0.0184051 -0.000447169 0.00115603 -0.0184051 0.0900309 
0.00996341 -0.0183163 0.00032058 -0.000435072 -0.0183163 0.0897114 -0.000432528 0.00110422 0.00032058 -0.000432528 0.0100626 -0.0184003 -0.000435072 0.00110422 -0.0184003 0.0899837 
0.00996128 -0.0182819 0.000331193 -0.000397432 -0.0182819 0.0896744 -0.00039998 0.00103434 0.000331193 -0.00039998 0.0100479 -0.0184245 -0.000397432 0.00103434 -0.0184245 0.0900107 
0.00996141 -0.0182499 0.000345776 -0.00042205 -0.0182499 0.0895738 -0.000424593 0.00105513 0.000345776 -0.000424593 0.0100504 -0.0184431 -0.00042205 0.00105513 -0.0184431 0.0900823 
0.00995083 -0.0182636 0.000331185 -0.000425445 -0.0182636 0.0895702 -0.000440731 0.00106998 0.000331185 -0.000440731 0.0100502 -0.0184241 -0.000425445 0.00106998 -0.0184241 0.0900568 
0.0099248 -0.0182662 0.000304395 -0.000406712 -0.0182662 0.0895969 -0.000419502 0.0010462 0.000304395 -0.000419502 0.010045 -0.0184018 -0.000406712 0.0010462 -0.0184018 0.0899831 
0.00990814 -0.0182338 0.000316489 -0.00037264 -0.0182338 0.0895536 -0.000385402 0.000990304 0.000316489 -0.000385402 0.0100638 -0.0183997 -0.00037264 0.000990304 -0.0183997 0.089967 
0.00992052 -0.0182294 0.000317211 -0.000363258 -0.0182294 0.089543 -0.000376049 0.000915819 0.000317211 -0.000376049 0.0100305 -0.018388 -0.000363258 0.000915819 -0.018388 0.0899165 
0.00994428 -0.0182227 0.000321442 -0.000387771 -0.0182227 0.089496 -0.000395424 0.000943916 0.000321442 -0.000395424 0.0100055 -0.0183809 -0.000387771 0.000943916 -0.0183809 0.0899093 
0.0099372 -0.0182343 0.000305603 -0.000402378 -0.0182343 0.0894755 -0.000402378 0.000993211 0.000305603 -0.000402378 0.0100212 -0.0183718 -0.000402378 0.000993211 -0.0183718 0.0899161 
0.00991133 -0.0182079 0.000296854 -0.000396658 -0.0182079 0.0894118 -0.00039154 0.00100828 0.000296854 -0.00039154 0.0100086 -0.0183845 -0.000396658 0.00100828 -0.0183845 0.0899287 
0.00991579 -0.0182213 0.000294884 -0.000376939 -0.0182213 0.0894652 -0.00037181 0.000966706 0.000294884 -0.00037181 0.00996708 -0.0183187 -0.000376939 0.000966706 -0.0183187 0.0897678 
0.00990322 -0.0182114 0.000302115 -0.000371243 -0.0182114 0.0894439 -0.000366122 0.000931947 0.000302115 -0.000366122 0.00996467 -0.0182933 -0.000371243 0.000931947 -0.0182933 0.0896923 
0.00988507 -0.0181748 0.000323176 -0.000402687 -0.0181748 0.0893478 -0.000397557 0.000990046 0.000323176 -0.000397557 0.00995175 -0.0182851 -0.000402687 0.000990046 -0.0182851 0.0896402 
0.00988436 -0.0181682 0.000322149 -0.000403965 -0.0181682 0.08933 -0.000396295 0.000994572 0.000322149 -0.000396295 0.00993549 -0.0182475 -0.000403965 0.000994572 -0.0182475 0.0895422 
0.00987604 -0.0181555 0.000304469 -0.000388901 -0.0181555 0.089286 -0.000388901 0.000969694 0.000304469 -0.000388901 0.00992977 -0.0182425 -0.000388901 0.000969694 -0.0182425 0.0895214 
0.0098821 -0.0181602 0.000291628 -0.00037093 -0.0181602 0.0892996 -0.000360698 0.000933721 0.000291628 -0.000360698 0.00991791 -0.0182267 -0.00037093 0.000933721 -0.0182267 0.0894761 
0.0098727 -0.0181794 0.000276805 -0.000361384 -0.0181794 0.0893464 -0.000356258 0.000902178 0.000276805 -0.000356258 0.00993421 -0.0182127 -0.000361384 0.000902178 -0.0182127 0.0894489 
0.00986396 -0.0181366 0.00025924 -0.000341376 -0.0181366 0.0892582 -0.000338809 0.000867556 0.00025924 -0.000338809 0.00993326 -0.0182546 -0.000341376 0.000867556 -0.0182546 0.0895303 
0.00988463 -0.0181326 0.000278368 -0.000314452 -0.0181326 0.089222 -0.000322185 0.000809328 0.000278368 -0.000322185 0.00989236 -0.0182486 -0.000314452 0.000809328 -0.0182486 0.0895468 
0.00989495 -0.0181627 0.000302195 -0.000343521 -0.0181627 0.0892767 -0.000359018 0.000836848 0.000302195 -0.000359018 0.00986913 -0.018186 -0.000343521 0.000836848 -0.018186 0.0894369 
0.00989601 -0.0181714 0.000295365 -0.000359575 -0.0181714 0.0892952 -0.00036728 0.000888663 0.000295365 -0.00036728 0.00988573 -0.0181714 -0.000359575 0.000888663 -0.0181714 0.08938 
0.00986986 -0.0181666 0.000284856 -0.00036441 -0.0181666 0.0892804 -0.00036441 0.000908459 0.000284856 -0.00036441 0.00993402 -0.0182 -0.00036441 0.000908459 -0.0182 0.0894036 
0.00984735 -0.0181172 0.000277029 -0.000364242 -0.0181172 0.0891854 -0.000361677 0.000925995 0.000277029 -0.000361677 0.00995252 -0.0182531 -0.000364242 0.000925995 -0.0182531 0.089506 
0.00982735 -0.0180823 0.000262063 -0.000364832 -0.0180823 0.0890782 -0.000367401 0.000945481 0.000262063 -0.000367401 0.0099481 -0.018275 -0.000364832 0.000945481 -0.018275 0.089592 
0.00984096 -0.018085 0.000236574 -0.000321432 -0.018085 0.08907 -0.000324003 0.000861437 0.000236574 -0.000324003 0.00991553 -0.0182573 -0.000321432 0.000861437 -0.0182573 0.0895638 
0.00986974 -0.0181241 0.000226005 -0.000282506 -0.0181241 0.0891615 -0.000295347 0.00077304 0.000226005 -0.000295347 0.00989285 -0.0182037 -0.000282506 0.00077304 -0.0182037 0.0894569 
0.00987249 -0.0181408 0.000257902 -0.000312062 -0.0181408 0.089198 -0.000324957 0.000820129 0.000257902 -0.000324957 0.00984928 -0.018164 -0.000312062 0.000820129 -0.018164 0.0893218 
0.00986652 -0.0181342 0.000260869 -0.000346103 -0.0181342 0.089199 -0.000353852 0.000883337 0.000260869 -0.000353852 0.00982519 -0.0181239 -0.000346103 0.000883337 -0.0181239 0.0892145 
0.00987901 -0.0181437 0.000229504 -0.000327495 -0.0181437 0.089236 -0.000324916 0.00085355 0.000229504 -0.000324916 0.00980422 -0.018069 -0.000327495 0.00085355 -0.018069 0.0890735 
0.00985237 -0.0181498 0.000248379 -0.000302712 -0.0181498 0.0892379 -0.000305299 0.000812407 0.000248379 -0.000305299 0.00979545 -0.0180359 -0.000302712 0.000812407 -0.0180359 0.0889559 
0.00983411 -0.0181193 0.000254689 -0.000306666 -0.0181193 0.0891957 -0.000306666 0.00077966 0.000254689 -0.000306666 0.00977694 -0.0180179 -0.000306666 0.00077966 -0.0180179 0.0888787 
0.00982082 -0.0181027 0.000236552 -0.000288542 -0.0181027 0.0891542 -0.000285942 0.000712256 0.000236552 -0.000285942 0.00977403 -0.017991 -0.000288542 0.000712256 -0.017991 0.0888059 
0.00980791 -0.018062 0.000230866 -0.000295716 -0.018062 0.0890416 -0.000293122 0.000731508 0.000230866 -0.000293122 0.00978716 -0.018005 -0.000295716 0.000731508 -0.018005 0.088816 
0.00982053 -0.018019 0.000225075 -0.00027423 -0.018019 0.0889152 -0.000271643 0.000690749 0.000225075 -0.000271643 0.00977914 -0.0180474 -0.00027423 0.000690749 -0.0180474 0.0889307 
0.00982234 -0.0180244 0.000242527 -0.000294128 -0.0180244 0.0888525 -0.000291548 0.000725 0.000242527 -0.000291548 0.00980428 -0.0180682 -0.000294128 0.000725 -0.0180682 0.0890383 
0.00985333 -0.0180756 0.000255094 -0.000306628 -0.0180756 0.0889737 -0.000306628 0.000757552 0.000255094 -0.000306628 0.00979149 -0.018055 -0.000306628 0.000757552 -0.018055 0.0890124 
0.0098657 -0.0181132 0.00026671 -0.000328258 -0.0181132 0.0890862 -0.000328258 0.000812952 0.00026671 -0.000328258 0.00981953 -0.0180593 -0.000328258 0.000812952 -0.0180593 0.0890246 
0.00984305 -0.018131 0.00027413 -0.000343303 -0.018131 0.0891614 -0.000340741 0.000868505 0.00027413 -0.000340741 0.0098533 -0.0180823 -0.000343303 0.000868505 -0.0180823 0.0890691 
0.00983775 -0.0181146 0.000254159 -0.000349148 -0.0181146 0.0891816 -0.00034658 0.000888273 0.000254159 -0.00034658 0.00985829 -0.0181223 -0.000349148 0.000888273 -0.0181223 0.0891405 
0.00982487 -0.018109 0.000232266 -0.000322592 -0.018109 0.0891671 -0.000312269 0.000830998 0.000232266 -0.000312269 0.00985068 -0.0181245 -0.000322592 0.000830998 -0.0181245 0.0891774 
0.00980935 -0.018108 0.000235404 -0.000289728 -0.018108 0.0891818 -0.000284554 0.000763122 0.000235404 -0.000284554 0.00985333 -0.0181028 -0.000289728 0.000763122 -0.0181028 0.0891404 
0.00979205 -0.0180671 0.000225611 -0.000267103 -0.0180671 0.0891087 -0.000259323 0.000674241 0.000225611 -0.000259323 0.00986725 -0.0181215 -0.000267103 0.000674241 -0.0181215 0.0891631 
0.00977108 -0.0180523 0.000222835 -0.00027984 -0.0180523 0.0890435 -0.00027984 0.000681462 0.000222835 -0.00027984 0.0098799 -0.0181196 -0.00027984 0.000681462 -0.0181196 0.0891497 
0.00975231 -0.0180045 0.000235776 -0.000297958 -0.0180045 0.0889263 -0.000292776 0.0007436 0.000235776 -0.000292776 0.00989999 -0.0181521 -0.000297958 0.0007436 -0.0181521 0.0892139 
0.00974644 -0.0179805 0.000240429 -0.000297305 -0.0179805 0.0888322 -0.000297305 0.000762652 0.000240429 -0.000297305 0.00991189 -0.018177 -0.000297305 0.000762652 -0.018177 0.0892846 
0.00974184 -0.0179845 0.000232625 -0.000299828 -0.0179845 0.088819 -0.000289489 0.000741817 0.000232625 -0.000289489 0.00992277 -0.0181861 -0.000299828 0.000741817 -0.0181861 0.0893075 
0.00977661 -0.0179845 0.000214501 -0.000271357 -0.0179845 0.0888216 -0.000271357 0.000687438 0.000214501 -0.000271357 0.00990841 -0.0182042 -0.000271357 0.000687438 -0.0182042 0.0893695 
0.00981063 -0.0180008 0.000229654 -0.000276101 -0.0180008 0.0888246 -0.000278682 0.000696704 0.000229654 -0.000278682 0.00988288 -0.018202 -0.000276101 0.000696704 -0.018202 0.0894078 
0.00982854 -0.0180319 0.000245455 -0.000307465 -0.0180319 0.0888677 -0.000312632 0.000772538 0.000245455 -0.000312632 0.00985438 -0.0181792 -0.000307465 0.000772538 -0.0181792 0.0893715 
0.00981964 -0.0180614 0.000230593 -0.000297958 -0.0180614 0.0889416 -0.000310912 0.000772099 0.000230593 -0.000310912 0.00985333 -0.0181443 -0.000297958 0.000772099 -0.0181443 0.0893018 
0.00978367 -0.0180612 0.000222945 -0.00028257 -0.0180612 0.0889914 -0.000285162 0.000731053 0.000222945 -0.000285162 0.00988736 -0.0181311 -0.00028257 0.000731053 -0.0181311 0.0892429 
0.00977244 -0.0180456 0.000186438 -0.000271888 -0.0180456 0.0890007 -0.000269299 0.000686194 0.000186438 -0.000269299 0.00990968 -0.0181518 -0.000271888 0.000686194 -0.0181518 0.0892312 
0.0097934 -0.0180255 0.000193545 -0.000258061 -0.0180255 0.0889612 -0.00025548 0.000678699 0.000193545 -0.00025548 0.00990178 -0.0181726 -0.000258061 0.000678699 -0.0181726 0.0892683 
0.00977838 -0.0180043 0.000218842 -0.000260036 -0.0180043 0.0888576 -0.000260036 0.000671974 0.000218842 -0.000260036 0.00992513 -0.0182102 -0.000260036 0.000671974 -0.0182102 0.0893983 
0.00978666 -0.018027 0.000203943 -0.000263318 -0.018027 0.0888906 -0.000263318 0.000655714 0.000203943 -0.000263318 0.00990283 -0.0182025 -0.000263318 0.000655714 -0.0182025 0.0893733 
0.00981428 -0.0180248 0.000205005 -0.00026988 -0.0180248 0.088902 -0.00027507 0.000703244 0.000205005 -0.00027507 0.00985061 -0.0181805 -0.00026988 0.000703244 -0.0181805 0.0893327 
0.00980606 -0.0180639 0.000205213 -0.000283142 -0.0180639 0.0889793 -0.000290935 0.000753313 0.000205213 -0.000290935 0.00982684 -0.0180977 -0.000283142 0.000753313 -0.0180977 0.0891741 
0.00980078 -0.0180517 0.000199224 -0.000253558 -0.0180517 0.0889909 -0.00026132 0.000683053 0.000199224 -0.00026132 0.00984217 -0.0180828 -0.000253558 0.000683053 -0.0180828 0.0890918 
0.00980238 -0.0180355 0.000200995 -0.000242225 -0.0180355 0.0889558 -0.000249956 0.000646792 0.000200995 -0.000249956 0.00986938 -0.0181128 -0.000242225 0.000646792 -0.0181128 0.0891336 
0.00978307 -0.0180488 0.000203868 -0.000252899 -0.0180488 0.0889664 -0.00025548 0.000652893 0.000203868 -0.00025548 0.00990178 -0.0181442 -0.000252899 0.000652893 -0.0181442 0.0891883 
0.00977337 -0.0180079 0.000209485 -0.000266382 -0.0180079 0.0888836 -0.000268968 0.00069311 0.000209485 -0.000268968 0.00990785 -0.0182045 -0.000266382 0.00069311 -0.0182045 0.0893336 
0.00977631 -0.0180089 0.000222013 -0.000263318 -0.0180089 0.0888774 -0.000258154 0.000678946 0.000222013 -0.000258154 0.00991829 -0.0182051 -0.000263318 0.000678946 -0.0182051 0.0893989 
0.00977111 -0.0180469 0.000242344 -0.000281016 -0.0180469 0.0889661 -0.000270704 0.000688361 0.000242344 -0.000270704 0.00993869 -0.0181861 -0.000281016 0.000688361 -0.0181861 0.0893399 
0.00973567 -0.0180024 0.000238833 -0.000315876 -0.0180024 0.0888999 -0.000313308 0.000775566 0.000238833 -0.000313308 0.00998991 -0.0182489 -0.000315876 0.000775566 -0.0182489 0.0894623 
0.0097475 -0.0179517 0.000254216 -0.000338954 -0.0179517 0.0887804 -0.000333819 0.000867929 0.000254216 -0.000333819 0.00998631 -0.0183241 -0.000338954 0.000867929 -0.0183241 0.0896354 
0.00977433 -0.0179791 0.000244037 -0.000339083 -0.0179791 0.0887833 -0.000336514 0.00088624 0.000244037 -0.000336514 0.00995415 -0.0183002 -0.000339083 0.00088624 -0.0183002 0.0896721 
0.00979082 -0.0180302 0.000238488 -0.000305162 -0.0180302 0.0888842 -0.000307726 0.000820603 0.000238488 -0.000307726 0.00994981 -0.018261 -0.000305162 0.000820603 -0.018261 0.0896073 
0.00979326 -0.0180676 0.000225781 -0.000277095 -0.0180676 0.089027 -0.000279661 0.000723526 0.000225781 -0.000279661 0.00996516 -0.0182447 -0.000277095 0.000723526 -0.0182447 0.0895248 
0.00977456 -0.0180531 0.000213722 -0.000275521 -0.0180531 0.0890474 -0.000280671 0.00069524 0.000213722 -0.000280671 0.00997798 -0.0182719 -0.000275521 0.00069524 -0.0182719 0.0895495 
0.00978552 -0.0180664 0.000222339 -0.000274046 -0.0180664 0.089109 -0.000268876 0.000690286 0.000222339 -0.000268876 0.00995357 -0.0182551 -0.000274046 0.000690286 -0.0182551 0.0895071 
0.00980807 -0.0180615 0.000242749 -0.000289232 -0.0180615 0.0890887 -0.000281485 0.000712751 0.000242749 -0.000281485 0.00995269 -0.0182578 -0.000289232 0.000712751 -0.0182578 0.0895355 
0.00980397 -0.0180533 0.000236798 -0.00030372 -0.0180533 0.0890362 -0.000293424 0.000733561 0.000236798 -0.000293424 0.00998929 -0.0182875 -0.00030372 0.000733561 -0.0182875 0.0896385 
0.00982361 -0.0180646 0.000222798 -0.000279138 -0.0180646 0.0890501 -0.000276577 0.000701686 0.000222798 -0.000276577 0.0100157 -0.0183207 -0.000279138 0.000701686 -0.0183207 0.0897083 
0.00982454 -0.0180756 0.000237938 -0.00026864 -0.0180756 0.0890502 -0.000273757 0.000698463 0.000237938 -0.000273757 0.0100369 -0.0183647 -0.00026864 0.000698463 -0.0183647 0.0898229 
0.00981665 -0.018071 0.000256109 -0.000322697 -0.018071 0.0890439 -0.000322697 0.00079906 0.000256109 -0.000322697 0.0100497 -0.0183989 -0.000322697 0.00079906 -0.0183989 0.0899249 
0.0098425 -0.0181001 0.00026629 -0.000340545 -0.0181001 0.0891433 -0.000348226 0.000870565 0.00026629 -0.000348226 0.0100294 -0.0183792 -0.000340545 0.000870565 -0.0183792 0.0899012 
