0.00748537 0 0.000393967 0 0 0.00998842 0 0 0.000393967 0 0.00719329 0 0 0 0 0.00998842 
0.0105348 -0.0130843 0.000472815 -0.000587156 -0.0130843 0.0342713 -0.000587156 0.00112487 0.000472815 -0.000587156 0.0101732 -0.0126393 -0.000587156 0.00112487 -0.0126393 0.0334153 
0.0105271 -0.0197434 0.000356049 -0.000639628 -0.0197434 0.0723347 -0.000639628 0.00205752 0.000356049 -0.000639628 0.0102214 -0.0191227 -0.000639628 0.00205752 -0.0191227 0.0703276 
0.00989715 -0.0192781 0.000305468 -0.000455147 -0.0192781 0.0861785 -0.000461256 0.00168924 0.000305468 -0.000461256 0.00965888 -0.0188046 -0.000455147 0.00168924 -0.0188046 0.0842693 
0.00987206 -0.0185238 0.000337531 -0.000383689 -0.0185238 0.0889639 -0.000386574 0.00112222 0.000337531 -0.000386574 0.00966434 -0.0181315 -0.000383689 0.00112222 -0.0181315 0.0875445 
0.0100247 -0.018406 0.000395062 -0.000460905 -0.018406 0.0896516 -0.000458162 0.00106996 0.000395062 -0.000458162 0.00985734 -0.0180878 -0.000460905 0.00106996 -0.0180878 0.088631 
0.0101387 -0.0184985 0.000431491 -0.000571792 -0.0184985 0.0901048 -0.00056385 0.00134212 0.000431491 -0.00056385 0.009964 -0.0182153 -0.000571792 0.00134212 -0.0182153 0.0892392 
0.0101759 -0.018561 0.000442544 -0.000587471 -0.018561 0.0903411 -0.000577119 0.00147515 0.000442544 -0.000577119 0.0100051 -0.0183048 -0.000587471 0.00147515 -0.0183048 0.0895803 
0.0101671 -0.0185676 0.000401975 -0.000558156 -0.0185676 0.0903879 -0.000545354 0.00143892 0.000401975 -0.000545354 0.0100186 -0.0183346 -0.000558156 0.00143892 -0.0183346 0.0897197 
0.0101663 -0.0185391 0.00036381 -0.000465575 -0.0185391 0.0903343 -0.000470664 0.00124408 0.00036381 -0.000470664 0.0100417 -0.0183788 -0.000465575 0.00124408 -0.0183788 0.0898535 
0.0101798 -0.0185436 0.000374312 -0.000442599 -0.0185436 0.090318 -0.000452715 0.00114823 0.000374312 -0.000452715 0.0100533 -0.018407 -0.000442599 0.00114823 -0.018407 0.0899614 
0.0102303 -0.0185908 0.000368955 -0.000444251 -0.0185908 0.090419 -0.000456801 0.00112443 0.000368955 -0.000456801 0.0100471 -0.0184076 -0.000444251 0.00112443 -0.0184076 0.0899823 
0.0102477 -0.0186658 0.000379915 -0.000472394 -0.0186658 0.0905896 -0.000479892 0.00118473 0.000379915 -0.000479892 0.0100577 -0.0183884 -0.000472394 0.00118473 -0.0183884 0.0899548 
0.0102719 -0.0186691 0.000377937 -0.000488064 -0.0186691 0.0906572 -0.000480555 0.0012164 0.000377937 -0.000480555 0.0100366 -0.0184338 -0.000488064 0.0012164 -0.0184338 0.0900465 
0.0102489 -0.0186852 0.000363506 -0.00048215 -0.0186852 0.0906821 -0.000474577 0.00121421 0.000363506 -0.000474577 0.0100065 -0.0184101 -0.00048215 0.00121421 -0.0184101 0.0900586 
0.0101872 -0.0186664 0.000370537 -0.00047713 -0.0186664 0.0906571 -0.00047713 0.00121313 0.000370537 -0.00047713 0.0100197 -0.0183746 -0.00047713 0.00121313 -0.0183746 0.0900024 
0.010118 -0.0185653 0.00037691 -0.000491511 -0.0185653 0.0904787 -0.000488964 0.00124278 0.00037691 -0.000488964 0.0100238 -0.0183743 -0.000491511 0.00124278 -0.0183743 0.0899592 
0.0100987 -0.0185114 0.00036167 -0.000481378 -0.0185114 0.090336 -0.000478831 0.00122255 0.00036167 -0.000478831 0.0100172 -0.0183611 -0.000481378 0.00122255 -0.0183611 0.0899081 
0.0101393 -0.0184548 0.00034246 -0.000426172 -0.0184548 0.0901608 -0.000428709 0.00109841 0.00034246 -0.000428709 0.0100074 -0.0183939 -0.000426172 0.00109841 -0.0183939 0.0899933 
0.0102252 -0.0185374 0.000326416 -0.000407388 -0.0185374 0.0902731 -0.000412448 0.00103492 0.000326416 -0.000412448 0.00995949 -0.0183502 -0.000407388 0.00103492 -0.0183502 0.0899239 
0.0102216 -0.0186449 0.000337338 -0.000438793 -0.0186449 0.090503 -0.00044133 0.00109572 0.000337338 -0.00044133 0.0099426 -0.0182645 -0.000438793 0.00109572 -0.0182645 0.0897066 
0.0101949 -0.0186542 0.000360296 -0.00044149 -0.0186542 0.0906247 -0.000444027 0.00112656 0.000360296 -0.000444027 0.00995128 -0.0182432 -0.00044149 0.00112656 -0.0182432 0.0895793 
0.0101366 -0.0185897 0.000368189 -0.000459601 -0.0185897 0.0905211 -0.000457062 0.00115027 0.000368189 -0.000457062 0.0099868 -0.0182799 -0.000459601 0.00115027 -0.0182799 0.0896171 
0.0100969 -0.0185373 0.000369522 -0.000474007 -0.0185373 0.0903978 -0.00046891 0.00118502 0.000369522 -0.00046891 0.00997964 -0.018285 -0.000474007 0.00118502 -0.018285 0.0896205 
0.0100729 -0.0184542 0.000357194 -0.000464352 -0.0184542 0.0901915 -0.000466903 0.00118639 0.000357194 -0.000466903 0.00996826 -0.0183113 -0.000464352 0.00118639 -0.0183113 0.0896939 
0.0100961 -0.0184344 0.000353579 -0.000440066 -0.0184344 0.0900914 -0.00044261 0.00112942 0.000353579 -0.00044261 0.00995617 -0.0183022 -0.000440066 0.00112942 -0.0183022 0.0897226 
0.0101277 -0.0184706 0.000342237 -0.00045885 -0.0184706 0.090135 -0.000463921 0.00115853 0.000342237 -0.000463921 0.009935 -0.0182653 -0.00045885 0.00115853 -0.0182653 0.089633 
0.010124 -0.0185118 0.000329031 -0.000432802 -0.0185118 0.0902202 -0.000435333 0.00113389 0.000329031 -0.000435333 0.00994432 -0.0182435 -0.000432802 0.00113389 -0.0182435 0.0895773 
0.0101234 -0.018516 0.000334489 -0.000425713 -0.018516 0.0902664 -0.000433315 0.00111496 0.000334489 -0.000433315 0.0099257 -0.0182347 -0.000425713 0.00111496 -0.0182347 0.0895138 
0.0100986 -0.0185068 0.000330434 -0.000411772 -0.0185068 0.0902619 -0.000416855 0.00107518 0.000330434 -0.000416855 0.00993335 -0.01824 -0.000411772 0.00107518 -0.01824 0.0895247 
0.0100937 -0.0184963 0.000336203 -0.000412613 -0.0184963 0.0902705 -0.000417707 0.00105191 0.000336203 -0.000417707 0.00992817 -0.0182339 -0.000412613 0.00105191 -0.0182339 0.0895089 
0.0101158 -0.0184743 0.000333123 -0.000424668 -0.0184743 0.0902306 -0.000429754 0.00107057 0.000333123 -0.000429754 0.00992758 -0.0182506 -0.000424668 0.00107057 -0.0182506 0.0895618 
0.010189 -0.0185086 0.000317059 -0.000418517 -0.0185086 0.0902602 -0.00042359 0.00106785 0.000317059 -0.00042359 0.00986686 -0.0182372 -0.000418517 0.00106785 -0.0182372 0.0895424 
0.0102195 -0.0185771 0.000317059 -0.000390617 -0.0185771 0.0903721 -0.000393154 0.00101966 0.000317059 -0.000393154 0.0098542 -0.0181865 -0.000390617 0.00101966 -0.0181865 0.0894894 
0.0102453 -0.0186326 0.000311769 -0.000395414 -0.0186326 0.090527 -0.000397949 0.00100121 0.000311769 -0.000397949 0.00983213 -0.0181434 -0.000395414 0.00100121 -0.0181434 0.0893611 
0.0102322 -0.0186427 0.000319676 -0.000385641 -0.0186427 0.0905825 -0.000388178 0.000976788 0.000319676 -0.000388178 0.00984653 -0.0181403 -0.000385641 0.000976788 -0.0181403 0.0893266 
0.0101744 -0.0186217 0.000323038 -0.000399346 -0.0186217 0.0905523 -0.000399346 0.000989462 0.000323038 -0.000399346 0.00987681 -0.0181461 -0.000399346 0.000989462 -0.0181461 0.0893186 
0.0101363 -0.0185526 0.000318993 -0.000426175 -0.0185526 0.0904256 -0.000421071 0.00105906 0.000318993 -0.000421071 0.00987347 -0.0181724 -0.000426175 0.00105906 -0.0181724 0.0893461 
0.0101073 -0.018501 0.000281326 -0.000406643 -0.018501 0.0902697 -0.000398971 0.0010409 0.000281326 -0.000398971 0.00987709 -0.0181787 -0.000406643 0.0010409 -0.0181787 0.0893874 
0.0101387 -0.0184889 0.000263178 -0.000357718 -0.0184889 0.0902292 -0.000350052 0.000947952 0.000263178 -0.000350052 0.00986023 -0.0181746 -0.000357718 0.000947952 -0.0181746 0.0893886 
0.0101781 -0.0185253 0.000271415 -0.000358472 -0.0185253 0.0902608 -0.000355912 0.000932028 0.000271415 -0.000355912 0.0097991 -0.0181259 -0.000358472 0.000932028 -0.0181259 0.0892725 
0.0101633 -0.0185588 0.000304873 -0.000356113 -0.0185588 0.0903143 -0.000358675 0.000929992 0.000304873 -0.000358675 0.00980462 -0.0180823 -0.000356113 0.000929992 -0.0180823 0.0891819 
0.0101774 -0.0185542 0.00030647 -0.00037798 -0.0185542 0.0903526 -0.000388196 0.000952612 0.00030647 -0.000388196 0.0098045 -0.0180741 -0.00037798 0.000952612 -0.0180741 0.0891139 
0.0101617 -0.0185417 0.000299921 -0.000399047 -0.0185417 0.0903169 -0.000401589 0.00101414 0.000299921 -0.000401589 0.00983385 -0.0180944 -0.000399047 0.00101414 -0.0180944 0.0891579 
0.0101248 -0.0185081 0.00030689 -0.000404072 -0.0185081 0.0902181 -0.000404072 0.00104598 0.00030689 -0.000404072 0.00984863 -0.01815 -0.000404072 0.00104598 -0.01815 0.0892668 
0.0100747 -0.0184998 0.000314596 -0.000401557 -0.0184998 0.0902097 -0.000396442 0.00104354 0.000314596 -0.000396442 0.00988547 -0.0181391 -0.000401557 0.00104354 -0.0181391 0.0892736 
0.0100315 -0.0184522 0.00032113 -0.000412881 -0.0184522 0.0901533 -0.000405235 0.00104749 0.00032113 -0.000405235 0.00994482 -0.018177 -0.000412881 0.00104749 -0.018177 0.0893377 
0.010024 -0.0183939 0.000287564 -0.000394446 -0.0183939 0.0900126 -0.000386812 0.000997567 0.000287564 -0.000386812 0.00997313 -0.0182616 -0.000394446 0.000997567 -0.0182616 0.0895113 
0.010058 -0.0183858 0.000279459 -0.000368377 -0.0183858 0.0899502 -0.000363296 0.00095016 0.000279459 -0.000363296 0.0099716 -0.018302 -0.000368377 0.00095016 -0.018302 0.0896504 
0.0100501 -0.0184349 0.00029701 -0.000360474 -0.0184349 0.0900271 -0.00035032 0.000906262 0.00029701 -0.00035032 0.00998157 -0.018275 -0.000360474 0.000906262 -0.018275 0.0896387 
0.0100392 -0.0184337 0.000336084 -0.000399736 -0.0184337 0.0900781 -0.000389552 0.000972607 0.000336084 -0.000389552 0.00998831 -0.0182886 -0.000399736 0.000972607 -0.0182886 0.0896453 
0.0100328 -0.0184004 0.000357041 -0.000430999 -0.0184004 0.0900125 -0.000423348 0.00104307 0.000357041 -0.000423348 0.00998694 -0.0183187 -0.000430999 0.00104307 -0.0183187 0.0897269 
0.0100387 -0.0183751 0.000370957 -0.000457344 -0.0183751 0.0899341 -0.000464966 0.00113828 0.000370957 -0.000464966 0.00999042 -0.0183319 -0.000457344 0.00113828 -0.0183319 0.0897969 
0.010044 -0.0183788 0.000388553 -0.0004622 -0.0183788 0.0898877 -0.000474898 0.00117582 0.000388553 -0.000474898 0.00997793 -0.0183331 -0.0004622 0.00117582 -0.0183331 0.0897887 
0.0100716 -0.0183903 0.000375467 -0.000484555 -0.0183903 0.0899167 -0.000492166 0.00121012 0.000375467 -0.000492166 0.00993719 -0.0182964 -0.000484555 0.00121012 -0.0182964 0.0897239 
0.0100601 -0.018394 0.000344714 -0.000463843 -0.018394 0.0898918 -0.000466378 0.00118115 0.000344714 -0.000466378 0.00993841 -0.0182901 -0.000463843 0.00118115 -0.0182901 0.0897245 
0.0100769 -0.0184261 0.000327271 -0.000431287 -0.0184261 0.0899792 -0.000421139 0.00111627 0.000327271 -0.000421139 0.0099196 -0.0182561 -0.000431287 0.00111627 -0.0182561 0.0896367 
0.0100996 -0.0184715 0.000319656 -0.000413523 -0.0184715 0.0901252 -0.000398301 0.0010503 0.000319656 -0.000398301 0.00989157 -0.018195 -0.000413523 0.0010503 -0.018195 0.0894757 
0.0100728 -0.0184587 0.000327219 -0.000405853 -0.0184587 0.0901324 -0.00040078 0.00101717 0.000327219 -0.00040078 0.00991804 -0.0182051 -0.000405853 0.00101717 -0.0182051 0.0894729 
0.0100407 -0.0184373 0.000335963 -0.000422499 -0.0184373 0.0901044 -0.000417409 0.00104861 0.000335963 -0.000417409 0.00992619 -0.0182133 -0.000422499 0.00104861 -0.0182133 0.0894528 
0.0100049 -0.0184056 0.000357044 -0.000423353 -0.0184056 0.0900364 -0.000423353 0.00105073 0.000357044 -0.000423353 0.00994624 -0.0182271 -0.000423353 0.00105073 -0.0182271 0.0894881 
0.00997219 -0.0183455 0.000337694 -0.000419559 -0.0183455 0.0899007 -0.000419559 0.00102587 0.000337694 -0.000419559 0.00995428 -0.0182559 -0.000419559 0.00102587 -0.0182559 0.0895374 
0.00993863 -0.0182891 0.000315065 -0.000394471 -0.0182891 0.0897448 -0.000397033 0.000975932 0.000315065 -0.000397033 0.00998729 -0.0182866 -0.000394471 0.000975932 -0.0182866 0.0896449 
0.00991232 -0.018247 0.000287314 -0.00038223 -0.018247 0.089611 -0.000374534 0.000941465 0.000287314 -0.000374534 0.0100047 -0.0183188 -0.00038223 0.000941465 -0.0183188 0.0897214 
0.00993083 -0.0182189 0.000258442 -0.000355678 -0.0182189 0.0895182 -0.000348001 0.000890474 0.000258442 -0.000348001 0.00999736 -0.0183392 -0.000355678 0.000890474 -0.0183392 0.0897767 
0.00994172 -0.0182636 0.000240918 -0.000343437 -0.0182636 0.0895575 -0.000330622 0.000873969 0.000240918 -0.000330622 0.00996478 -0.0182918 -0.000343437 0.000873969 -0.0182918 0.0896754 
0.00995104 -0.0182624 0.000277131 -0.000325885 -0.0182624 0.0895825 -0.000318187 0.000844222 0.000277131 -0.000318187 0.00994334 -0.0182701 -0.000325885 0.000844222 -0.0182701 0.0896132 
0.00994776 -0.0182747 0.000305178 -0.000356468 -0.0182747 0.0895991 -0.000353903 0.000871936 0.000305178 -0.000353903 0.00992468 -0.0182235 -0.000356468 0.000871936 -0.0182235 0.0895042 
0.00992536 -0.018244 0.000331102 -0.000397836 -0.018244 0.0895413 -0.000400402 0.000975339 0.000331102 -0.000400402 0.00993306 -0.0182388 -0.000397836 0.000975339 -0.0182388 0.0895182 
0.00992648 -0.018258 0.000341054 -0.00043337 -0.018258 0.0895819 -0.000438499 0.00108471 0.000341054 -0.000438499 0.00994443 -0.0182169 -0.00043337 0.00108471 -0.0182169 0.0894589 
0.00990254 -0.0182369 0.000329056 -0.000424174 -0.0182369 0.0895368 -0.000439599 0.00109514 0.000329056 -0.000439599 0.00995139 -0.0182395 -0.000424174 0.00109514 -0.0182395 0.0894776 
0.00987287 -0.0182016 0.0003078 -0.000400916 -0.0182016 0.0894507 -0.000411262 0.00105273 0.0003078 -0.000411262 0.00994271 -0.018243 -0.000400916 0.00105273 -0.018243 0.0894895 
0.00986174 -0.0181524 0.000327094 -0.000391482 -0.0181524 0.0893326 -0.000394058 0.00102249 0.000327094 -0.000394058 0.00994416 -0.01824 -0.000391482 0.00102249 -0.01824 0.0895078 
0.00989213 -0.0181612 0.00034102 -0.000412813 -0.0181612 0.0893061 -0.000415377 0.00104101 0.00034102 -0.000415377 0.0099229 -0.0182279 -0.000412813 0.00104101 -0.0182279 0.0894625 
0.00993589 -0.0181889 0.000315059 -0.00044057 -0.0181889 0.0893436 -0.00044057 0.00109886 0.000315059 -0.00044057 0.0098821 -0.0182043 -0.00044057 0.00109886 -0.0182043 0.089423 
0.0099312 -0.0182473 0.000278995 -0.000396736 -0.0182473 0.0894576 -0.000391617 0.00104431 0.000278995 -0.000391617 0.0098928 -0.0181654 -0.000396736 0.00104431 -0.0181654 0.0893398 
0.0099049 -0.0182376 0.000253906 -0.000320588 -0.0182376 0.0895032 -0.000312894 0.000846353 0.000253906 -0.000312894 0.00992285 -0.0181889 -0.000320588 0.000846353 -0.0181889 0.0893621 
0.00990821 -0.0182095 0.000266957 -0.000323429 -0.0182095 0.0894665 -0.000313161 0.000811138 0.000266957 -0.000313161 0.00992361 -0.0182198 -0.000323429 0.000811138 -0.0182198 0.089428 
0.00990654 -0.0182147 0.000280107 -0.000344352 -0.0182147 0.0894569 -0.000334073 0.000837751 0.000280107 -0.000334073 0.00991168 -0.018207 -0.000344352 0.000837751 -0.018207 0.0894235 
0.00991426 -0.0182347 0.000307498 -0.000368998 -0.0182347 0.0895102 -0.000363873 0.00090712 0.000307498 -0.000363873 0.00990401 -0.0181732 -0.000368998 0.00090712 -0.0181732 0.0893385 
0.00993221 -0.0182316 0.000320969 -0.000394843 -0.0182316 0.0895198 -0.000394843 0.000978192 0.000320969 -0.000394843 0.00991184 -0.0181857 -0.000394843 0.000978192 -0.0181857 0.0893415 
0.00992243 -0.0182369 0.00030785 -0.000399441 -0.0182369 0.0895105 -0.000396897 0.000992243 0.00030785 -0.000396897 0.00994024 -0.018214 -0.000399441 0.000992243 -0.018214 0.0894062 
0.00992191 -0.01825 0.000318255 -0.00039209 -0.01825 0.0895671 -0.000397182 0.00100823 0.000318255 -0.000397182 0.00993974 -0.018222 -0.00039209 0.00100823 -0.018222 0.0894245 
0.00991893 -0.018271 0.000324081 -0.00040574 -0.018271 0.0896251 -0.000408291 0.00103094 0.000324081 -0.000408291 0.00994445 -0.0182226 -0.00040574 0.00103094 -0.0182226 0.0894362 
0.00989387 -0.0182233 0.000309823 -0.000396881 -0.0182233 0.0895543 -0.000394321 0.00100117 0.000309823 -0.000394321 0.009963 -0.0182591 -0.000396881 0.00100117 -0.0182591 0.0895415 
0.00990051 -0.0181941 0.000302423 -0.000389562 -0.0181941 0.0894583 -0.000381873 0.000986719 0.000302423 -0.000381873 0.0099492 -0.0182786 -0.000389562 0.000986719 -0.0182786 0.0896043 
0.00992385 -0.0181899 0.000307478 -0.00038691 -0.0181899 0.0894018 -0.00037666 0.000971118 0.000307478 -0.00037666 0.00991616 -0.0182693 -0.00038691 0.000971118 -0.0182693 0.0896144 
0.00996507 -0.0182158 0.000272031 -0.000372118 -0.0182158 0.0894162 -0.000366986 0.000921314 0.000272031 -0.000366986 0.00987012 -0.0182261 -0.000372118 0.000921314 -0.0182261 0.0895471 
0.00997596 -0.0182845 0.000255133 -0.000335023 -0.0182845 0.0895491 -0.000335023 0.000876214 0.000255133 -0.000335023 0.00982133 -0.0181325 -0.000335023 0.000876214 -0.0181325 0.0893249 
0.00997563 -0.0183238 0.000257104 -0.000311096 -0.0183238 0.0897086 -0.00032138 0.000820161 0.000257104 -0.00032138 0.00982394 -0.0180718 -0.000311096 0.000820161 -0.0180718 0.0891147 
0.00996279 -0.0183177 0.000292344 -0.000328246 -0.0183177 0.0897523 -0.000338504 0.00084626 0.000292344 -0.000338504 0.00985508 -0.0180715 -0.000328246 0.00084626 -0.0180715 0.089042 
0.00993417 -0.0182694 0.000312122 -0.000355614 -0.0182694 0.0896557 -0.000363289 0.000867289 0.000312122 -0.000363289 0.00990091 -0.0181414 -0.000355614 0.000867289 -0.0181414 0.089162 
0.00990254 -0.0182278 0.000333419 -0.000405232 -0.0182278 0.0895178 -0.000412926 0.000997692 0.000333419 -0.000412926 0.00991023 -0.0181867 -0.000405232 0.000997692 -0.0181867 0.0892998 
0.00990894 -0.0181989 0.000313022 -0.000413086 -0.0181989 0.0894447 -0.000410521 0.00102117 0.000313022 -0.000410521 0.00991407 -0.0182143 -0.000413086 0.00102117 -0.0182143 0.0894088 
0.00990846 -0.0182209 0.000301192 -0.000411887 -0.0182209 0.0894593 -0.000409313 0.00105289 0.000301192 -0.000409313 0.00990074 -0.0182003 -0.000411887 0.00105289 -0.0182003 0.0894001 
0.00988827 -0.0182026 0.000310139 -0.000390259 -0.0182026 0.0894286 -0.00038509 0.00101312 0.000310139 -0.00038509 0.00990119 -0.0181923 -0.000390259 0.00101312 -0.0181923 0.0893847 
0.00989635 -0.0181901 0.000316416 -0.000401308 -0.0181901 0.0894222 -0.000388445 0.00100584 0.000316416 -0.000388445 0.00989635 -0.0181772 -0.000401308 0.00100584 -0.0181772 0.089345 
0.00990479 -0.0182121 0.000299525 -0.000386566 -0.0182121 0.0894657 -0.000381446 0.000970255 0.000299525 -0.000381446 0.00991247 -0.0181609 -0.000386566 0.000970255 -0.0181609 0.0892916 
0.00989627 -0.0182184 0.00028829 -0.000362276 -0.0182184 0.0894899 -0.000359725 0.000928652 0.00028829 -0.000359725 0.00994984 -0.018198 -0.000362276 0.000928652 -0.018198 0.0893419 
0.00989398 -0.0181959 0.000275116 -0.000348989 -0.0181959 0.0894457 -0.000351537 0.000883937 0.000275116 -0.000351537 0.00998314 -0.0182646 -0.000348989 0.000883937 -0.0182646 0.0895043 
0.00985504 -0.0181726 0.000276741 -0.000353613 -0.0181726 0.0893591 -0.000358738 0.000899407 0.000276741 -0.000358738 0.00999598 -0.0183187 -0.000353613 0.000899407 -0.0183187 0.0896614 
0.00982084 -0.0181482 0.000296119 -0.000360492 -0.0181482 0.0893093 -0.000357917 0.000919255 0.000296119 -0.000357917 0.00999851 -0.0183156 -0.000360492 0.000919255 -0.0183156 0.0896956 
0.00981671 -0.0181017 0.000304274 -0.000381632 -0.0181017 0.0892168 -0.000381632 0.000961816 0.000304274 -0.000381632 0.00997143 -0.0182977 -0.000381632 0.000961816 -0.0182977 0.0896655 
0.00982038 -0.0181161 0.000334815 -0.000404354 -0.0181161 0.089205 -0.000401778 0.00101475 0.000334815 -0.000401778 0.00994658 -0.0182397 -0.000404354 0.00101475 -0.0182397 0.0895296 
0.00980649 -0.0180857 0.000352252 -0.000421674 -0.0180857 0.0891224 -0.000424245 0.00105161 0.000352252 -0.000424245 0.00995305 -0.0182477 -0.000421674 0.00105161 -0.0182477 0.0895106 
0.00979276 -0.0180613 0.000362409 -0.000418955 -0.0180613 0.0890473 -0.000418955 0.00103582 0.000362409 -0.000418955 0.00996754 -0.018267 -0.000418955 0.00103582 -0.018267 0.0895562 
0.0097903 -0.0180415 0.000370611 -0.000434953 -0.0180415 0.0890006 -0.000442674 0.00107065 0.000370611 -0.000442674 0.0099756 -0.0182912 -0.000434953 0.00107065 -0.0182912 0.0896183 
0.00981811 -0.01805 0.000311074 -0.00041905 -0.01805 0.0890031 -0.000426763 0.00103349 0.000311074 -0.000426763 0.00995951 -0.0182942 -0.00041905 0.00103349 -0.0182942 0.0896536 
0.00986698 -0.0181182 0.000251748 -0.000369916 -0.0181182 0.0891471 -0.000372484 0.000960753 0.000251748 -0.000372484 0.0099235 -0.0182466 -0.000369916 0.000960753 -0.0182466 0.0895453 
0.00988663 -0.0181391 0.000217373 -0.000304322 -0.0181391 0.0891996 -0.000301765 0.000818345 0.000217373 -0.000301765 0.00991221 -0.018221 -0.000304322 0.000818345 -0.018221 0.0894886 
0.00989459 -0.0181648 0.000219653 -0.000275843 -0.0181648 0.0892761 -0.000268181 0.000725365 0.000219653 -0.000268181 0.00990481 -0.0182107 -0.000275843 0.000725365 -0.0182107 0.0894447 
0.00987751 -0.0181698 0.000230484 -0.00027402 -0.0181698 0.0892869 -0.000263776 0.000663281 0.000230484 -0.000263776 0.00990824 -0.0182108 -0.00027402 0.000663281 -0.0182108 0.0894456 
0.00988694 -0.0181833 0.000266384 -0.000317612 -0.0181833 0.0893436 -0.000304805 0.00075817 0.000266384 -0.000304805 0.00989206 -0.0181909 -0.000317612 0.00075817 -0.0181909 0.0893846 
0.00988732 -0.0182019 0.000297132 -0.000358607 -0.0182019 0.0894239 -0.000353485 0.000870904 0.000297132 -0.000353485 0.00989244 -0.0181558 -0.000358607 0.000870904 -0.0181558 0.0892881 
0.00986825 -0.0181909 0.00028964 -0.000381914 -0.0181909 0.0894166 -0.000381914 0.000948378 0.00028964 -0.000381914 0.00989132 -0.018155 -0.000381914 0.000948378 -0.018155 0.0892423 
0.00985637 -0.0181711 0.000272361 -0.00036486 -0.0181711 0.0893856 -0.000369999 0.000945554 0.000272361 -0.000369999 0.00988463 -0.0181531 -0.00036486 0.000945554 -0.0181531 0.0892341 
0.00984704 -0.0181371 0.000247465 -0.000340264 -0.0181371 0.0893064 -0.00034542 0.00089706 0.000247465 -0.00034542 0.0098857 -0.0181732 -0.000340264 0.00089706 -0.0181732 0.0892832 
0.00983764 -0.0181111 0.000223817 -0.000282987 -0.0181111 0.0892231 -0.000282987 0.000751201 0.000223817 -0.000282987 0.00990968 -0.0181883 -0.000282987 0.000751201 -0.0181883 0.0893543 
0.00983102 -0.0180987 0.000216349 -0.000265285 -0.0180987 0.0891642 -0.00026271 0.00065935 0.000216349 -0.00026271 0.00991859 -0.0182094 -0.000265285 0.00065935 -0.0182094 0.0894141 
0.00986296 -0.0181022 0.000218378 -0.000238931 -0.0181022 0.0891623 -0.000233793 0.00057292 0.000218378 -0.000233793 0.00992719 -0.0182281 -0.000238931 0.00057292 -0.0182281 0.0894732 
0.00987035 -0.0181561 0.000231517 -0.000275248 -0.0181561 0.0892627 -0.000272676 0.000630241 0.000231517 -0.000272676 0.00991408 -0.0182024 -0.000275248 0.000630241 -0.0182024 0.0894171 
0.00988741 -0.0182046 0.000223953 -0.000301178 -0.0182046 0.0894114 -0.000311475 0.000738788 0.000223953 -0.000311475 0.00988998 -0.0181531 -0.000301178 0.000738788 -0.0181531 0.0892672 
0.00988595 -0.0182088 0.000266495 -0.000304932 -0.0182088 0.0894681 -0.000310057 0.000794361 0.000266495 -0.000310057 0.00990644 -0.0181473 -0.000304932 0.000794361 -0.0181473 0.0892272 
0.00987057 -0.0181743 0.000289783 -0.000317992 -0.0181743 0.0893916 -0.000325685 0.000787286 0.000289783 -0.000325685 0.00992699 -0.0181973 -0.000317992 0.000787286 -0.0181973 0.089325 
0.00985494 -0.0181278 0.000311263 -0.000370428 -0.0181278 0.0892501 -0.000373001 0.000895202 0.000311263 -0.000373001 0.00992954 -0.0182513 -0.000370428 0.000895202 -0.0182513 0.0894919 
0.00983763 -0.0181056 0.000313939 -0.000404004 -0.0181056 0.0891588 -0.000414297 0.00101387 0.000313939 -0.000414297 0.00994313 -0.0182574 -0.000404004 0.00101387 -0.0182574 0.0895731 
0.00984844 -0.0180983 0.000310976 -0.000382938 -0.0180983 0.0891192 -0.000393218 0.000999751 0.000310976 -0.000393218 0.0099384 -0.0182654 -0.000382938 0.000999751 -0.0182654 0.0896075 
0.00985281 -0.0181434 0.000318081 -0.000389906 -0.0181434 0.0892165 -0.000395036 0.000990155 0.000318081 -0.000395036 0.00996055 -0.0182383 -0.000389906 0.000990155 -0.0182383 0.0895551 
0.00987216 -0.0181328 0.000300714 -0.000390671 -0.0181328 0.0892272 -0.000393241 0.000986959 0.000300714 -0.000393241 0.00993641 -0.0182664 -0.000390671 0.000986959 -0.0182664 0.0895716 
0.00992163 -0.0181622 0.000267319 -0.000354711 -0.0181622 0.0892715 -0.000352141 0.000912481 0.000267319 -0.000352141 0.00989078 -0.0182393 -0.000354711 0.000912481 -0.0182393 0.089544 
0.00993979 -0.0182161 0.000254933 -0.000342485 -0.0182161 0.0893706 -0.000337335 0.000872951 0.000254933 -0.000337335 0.00984709 -0.0181723 -0.000342485 0.000872951 -0.0181723 0.0893964 
0.00994655 -0.018268 0.000237314 -0.00030954 -0.018268 0.0895241 -0.000306961 0.000791907 0.000237314 -0.000306961 0.00982016 -0.0180926 -0.00030954 0.000791907 -0.0180926 0.0891811 
0.00995803 -0.0182538 0.000226436 -0.000306203 -0.0182538 0.0895502 -0.000298484 0.000761648 0.000226436 -0.000298484 0.00980622 -0.0180737 -0.000306203 0.000761648 -0.0180737 0.0890819 
0.00991074 -0.0182517 0.000239714 -0.000298998 -0.0182517 0.0895163 -0.000304153 0.000768114 0.000239714 -0.000304153 0.00983341 -0.0180558 -0.000298998 0.000768114 -0.0180558 0.0890111 
0.00986538 -0.0181991 0.000255272 -0.000324892 -0.0181991 0.0894433 -0.000335206 0.000825123 0.000255272 -0.000335206 0.00985248 -0.0180728 -0.000324892 0.000825123 -0.0180728 0.0889921 
0.00983601 -0.0181317 0.000270008 -0.00034201 -0.0181317 0.0892724 -0.000344582 0.000869169 0.000270008 -0.000344582 0.00987459 -0.0181163 -0.00034201 0.000869169 -0.0181163 0.0890976 
0.00981571 -0.018097 0.000269874 -0.00032899 -0.018097 0.0891665 -0.0003367 0.000843036 0.000269874 -0.0003367 0.00989796 -0.0181458 -0.00032899 0.000843036 -0.0181458 0.0891922 
0.00981487 -0.0180842 0.00028754 -0.000344021 -0.0180842 0.0891194 -0.000349156 0.000878024 0.00028754 -0.000349156 0.00991243 -0.0181715 -0.000344021 0.000878024 -0.0181715 0.0892735 
0.00983641 -0.0180967 0.00027466 -0.000354234 -0.0180967 0.0891438 -0.000356801 0.000890719 0.00027466 -0.000356801 0.00990828 -0.0181891 -0.000354234 0.000890719 -0.0181891 0.0893311 
0.0098525 -0.0181331 0.000264548 -0.000357012 -0.0181331 0.0892298 -0.000351875 0.000909224 0.000264548 -0.000351875 0.0099013 -0.0181768 -0.000357012 0.000909224 -0.0181768 0.0893171 
0.00987535 -0.018168 0.000253543 -0.000338057 -0.018168 0.0893315 -0.000327813 0.000868191 0.000253543 -0.000327813 0.00990353 -0.0181654 -0.000338057 0.000868191 -0.0181654 0.0892828 
0.00988649 -0.0181649 0.000232653 -0.000317022 -0.0181649 0.0893235 -0.000311909 0.000807895 0.000232653 -0.000311909 0.00989671 -0.0181904 -0.000317022 0.000807895 -0.0181904 0.0893414 
0.00986662 -0.0181574 0.000222555 -0.000281392 -0.0181574 0.0892831 -0.000278834 0.000723944 0.000222555 -0.000278834 0.00991522 -0.0182035 -0.000281392 0.000723944 -0.0182035 0.0894059 
0.0098252 -0.0181301 0.000225985 -0.000274777 -0.0181301 0.0892151 -0.000279913 0.000690794 0.000225985 -0.000279913 0.00993305 -0.0182174 -0.000274777 0.000690794 -0.0182174 0.0894591 
0.00979204 -0.0180737 0.0002294 -0.000288684 -0.0180737 0.0890924 -0.000291261 0.000711399 0.0002294 -0.000291261 0.00994154 -0.0182515 -0.000288684 0.000711399 -0.0182515 0.0895228 
0.00978084 -0.0180374 0.000230717 -0.000282563 -0.0180374 0.0889842 -0.00029034 0.000707705 0.000230717 -0.00029034 0.00992342 -0.0182448 -0.000282563 0.000707705 -0.0182448 0.0895441 
0.00981134 -0.0180419 0.000230642 -0.000300612 -0.0180419 0.088981 -0.000303203 0.000743755 0.000230642 -0.000303203 0.0098839 -0.0182051 -0.000300612 0.000743755 -0.0182051 0.0894501 
0.00981216 -0.018075 0.000243942 -0.000293249 -0.018075 0.0890361 -0.000293249 0.000749991 0.000243942 -0.000293249 0.00986666 -0.0181425 -0.000293249 0.000749991 -0.0181425 0.0892853 
0.00980438 -0.0181 0.000259238 -0.000300716 -0.0181 0.089126 -0.000298124 0.000744013 0.000259238 -0.000298124 0.00987697 -0.0181026 -0.000300716 0.000744013 -0.0181026 0.0891312 
0.00979116 -0.0180674 0.000252055 -0.000327411 -0.0180674 0.0890767 -0.000327411 0.000792543 0.000252055 -0.000327411 0.00987431 -0.0181194 -0.000327411 0.000792543 -0.0181194 0.0891105 
