0.00691351 0 -0.000281976 0 0 0.00998468 0 0 -0.000281976 0 0.00767451 0 0 0 0 0.00998468 
0.0098393 -0.0122287 -0.00033427 0.000408552 -0.0122287 0.0326347 0.000408552 -0.000789249 -0.00033427 0.000408552 0.01074 -0.0133337 0.000408552 -0.000789249 -0.0133337 0.0347548 
0.0100336 -0.018859 -0.000264699 0.000454659 -0.018859 0.0695223 0.000454659 -0.00145429 -0.000264699 0.000454659 0.0107218 -0.0199053 0.000454659 -0.00145429 -0.0199053 0.0728108 
0.00945391 -0.0186743 -0.000254773 0.000309367 -0.0186743 0.0840084 0.000309367 -0.00109795 -0.000254773 0.000309367 0.0101667 -0.0194841 0.000309367 -0.00109795 -0.0194841 0.0865653 
0.00937392 -0.0179566 -0.000308998 0.000317662 -0.0179566 0.0873946 0.000311886 -0.000825921 -0.000308998 0.000311886 0.0101825 -0.0187912 0.000317662 -0.000825921 -0.0187912 0.0893785 
0.00945951 -0.017766 -0.000374167 0.000418513 -0.017766 0.0881428 0.00041297 -0.000956206 -0.000374167 0.00041297 0.0103631 -0.0187472 0.000418513 -0.000956206 -0.0187472 0.0902603 
0.00953961 -0.0178012 -0.000373207 0.000480605 -0.0178012 0.0884824 0.00047255 -0.00110888 -0.000373207 0.00047255 0.0104686 -0.0188537 0.000480605 -0.00110888 -0.0188537 0.0908076 
0.00954235 -0.0178064 -0.000347186 0.000462914 -0.0178064 0.0885218 0.000465544 -0.00115992 -0.000347186 0.000465544 0.010526 -0.0189269 0.000462914 -0.00115992 -0.0189269 0.0911152 
0.00959601 -0.0177858 -0.000330274 0.000438645 -0.0177858 0.0884618 0.000443806 -0.00115338 -0.000330274 0.000443806 0.0105017 -0.0189521 0.000438645 -0.00115338 -0.0189521 0.0912408 
0.00962592 -0.0178242 -0.000326908 0.000408635 -0.0178242 0.0884492 0.000413743 -0.00108544 -0.000326908 0.000413743 0.0104892 -0.0189351 0.000408635 -0.00108544 -0.0189351 0.0912509 
0.00964458 -0.0178805 -0.000317841 0.00040938 -0.0178805 0.0885658 0.00040938 -0.00103743 -0.000317841 0.00040938 0.0104862 -0.0189205 0.00040938 -0.00103743 -0.0189205 0.091223 
0.00968772 -0.0179138 -0.000300924 0.000379316 -0.0179138 0.0886916 0.000386902 -0.000986221 -0.000300924 0.000386902 0.0104716 -0.0189329 0.000379316 -0.000986221 -0.0189329 0.0912431 
0.00974075 -0.0179866 -0.000272257 0.000325196 -0.0179866 0.0888768 0.000327717 -0.000831896 -0.000272257 0.000327717 0.0104617 -0.0189269 0.000325196 -0.000831896 -0.0189269 0.0912742 
0.00975453 -0.0180544 -0.000259215 0.000312064 -0.0180544 0.0890667 0.000314581 -0.000772611 -0.000259215 0.000314581 0.0104768 -0.0189126 0.000312064 -0.000772611 -0.0189126 0.0912536 
0.00972648 -0.0180775 -0.000275087 0.000333133 -0.0180775 0.0891863 0.000333133 -0.000810119 -0.000275087 0.000333133 0.0104962 -0.018928 0.000333133 -0.000810119 -0.018928 0.0912734 
0.00972751 -0.0180452 -0.000289509 0.000352446 -0.0180452 0.0891789 0.000352446 -0.000868528 -0.000289509 0.000352446 0.0105004 -0.018954 0.000352446 -0.000868528 -0.018954 0.0913414 
0.00970761 -0.0180364 -0.00028842 0.00036938 -0.0180364 0.0891369 0.00037191 -0.00091333 -0.00028842 0.00037191 0.0104793 -0.0189497 0.00036938 -0.00091333 -0.0189497 0.0913482 
0.00968395 -0.0180144 -0.000308068 0.000368672 -0.0180144 0.0891025 0.000366147 -0.000914104 -0.000308068 0.000366147 0.0104971 -0.0189361 0.000368672 -0.000914104 -0.0189361 0.0913372 
0.00968527 -0.0179848 -0.000321745 0.000382547 -0.0179848 0.0890295 0.000374946 -0.000927233 -0.000321745 0.000374946 0.0104782 -0.0189551 0.000382547 -0.000927233 -0.0189551 0.0913552 
0.00970492 -0.0179677 -0.000329496 0.000390326 -0.0179677 0.0889436 0.000395395 -0.000950469 -0.000329496 0.000395395 0.0104425 -0.018946 0.000390326 -0.000950469 -0.018946 0.0913667 
0.00972603 -0.0179947 -0.000349166 0.00040989 -0.0179947 0.0889638 0.00041495 -0.00100954 -0.000349166 0.00041495 0.0104142 -0.0188929 0.00040989 -0.00100954 -0.0188929 0.0912764 
0.00974006 -0.0180388 -0.000326186 0.000404572 -0.0180388 0.0890791 0.000409629 -0.000993729 -0.000326186 0.000409629 0.0104076 -0.0188455 0.000404572 -0.000993729 -0.0188455 0.0911449 
0.00972341 -0.0180491 -0.000316517 0.000387417 -0.0180491 0.0891338 0.000392482 -0.000974874 -0.000316517 0.000392482 0.0104223 -0.0188442 0.000387417 -0.000974874 -0.0188442 0.0910886 
0.00973918 -0.018024 -0.000320102 0.000395717 -0.018024 0.0890994 0.000390676 -0.000990553 -0.000320102 0.000390676 0.0104071 -0.0188608 0.000395717 -0.000990553 -0.0188608 0.0911032 
0.00980473 -0.0180641 -0.00031158 0.000376912 -0.0180641 0.0891673 0.000376912 -0.000944792 -0.00031158 0.000376912 0.0103651 -0.0188355 0.000376912 -0.000944792 -0.0188355 0.0910644 
0.00982833 -0.0181326 -0.000304306 0.000392328 -0.0181326 0.0892899 0.000387299 -0.000968247 -0.000304306 0.000387299 0.0103288 -0.018779 0.000392328 -0.000968247 -0.018779 0.0909573 
0.00985126 -0.0181962 -0.000279593 0.000387904 -0.0181962 0.0894901 0.000387904 -0.000979837 -0.000279593 0.000387904 0.0102971 -0.0187126 0.000387904 -0.000979837 -0.0187126 0.0907822 
0.00980345 -0.0182122 -0.000282477 0.000365706 -0.0182122 0.0895678 0.000370751 -0.000963447 -0.000282477 0.000370751 0.010323 -0.0186788 0.000365706 -0.000963447 -0.0186788 0.0906699 
0.00974027 -0.0181278 -0.000303988 0.000362252 -0.0181278 0.0894483 0.000369852 -0.000944895 -0.000303988 0.000369852 0.0103432 -0.0187206 0.000362252 -0.000944895 -0.0187206 0.0906922 
0.0097117 -0.0180422 -0.000323045 0.000379006 -0.0180422 0.0892418 0.000384093 -0.000956417 -0.000323045 0.000384093 0.0103349 -0.0187544 0.000379006 -0.000956417 -0.0187544 0.0907884 
0.00970079 -0.0180023 -0.0003237 0.000395067 -0.0180023 0.0890786 0.000400164 -0.000978745 -0.0003237 0.000400164 0.0103227 -0.0187465 0.000395067 -0.000978745 -0.0187465 0.0908169 
0.00968108 -0.0179784 -0.000300702 0.0003797 -0.0179784 0.088967 0.000382248 -0.000947976 -0.000300702 0.000382248 0.0103385 -0.0187404 0.0003797 -0.000947976 -0.0187404 0.0908146 
0.00969884 -0.0179553 -0.000280313 0.000366956 -0.0179553 0.0888976 0.000366956 -0.000927582 -0.000280313 0.000366956 0.0103206 -0.0187428 0.000366956 -0.000927582 -0.0187428 0.0908113 
0.00972826 -0.0179876 -0.000258024 0.000357657 -0.0179876 0.0889236 0.000352547 -0.000896696 -0.000258024 0.000352547 0.0102877 -0.0187233 0.000357657 -0.000896696 -0.0187233 0.0907809 
0.00977107 -0.0179989 -0.000239375 0.00033105 -0.0179989 0.0889327 0.00033105 -0.000863276 -0.000239375 0.00033105 0.0102575 -0.0187043 0.00033105 -0.000863276 -0.0187043 0.0907713 
0.00978333 -0.0180413 -0.000236817 0.000328488 -0.0180413 0.0889896 0.000328488 -0.000863235 -0.000236817 0.000328488 0.0102493 -0.0186729 0.000328488 -0.000863235 -0.0186729 0.0907135 
0.00978787 -0.0180906 -0.00027464 0.0003433 -0.0180906 0.0891512 0.000348386 -0.000915467 -0.00027464 0.000348386 0.0102507 -0.0186323 0.0003433 -0.000915467 -0.0186323 0.0905931 
0.00977077 -0.0181381 -0.000301457 0.000341989 -0.0181381 0.0893352 0.000341989 -0.000873973 -0.000301457 0.000341989 0.0103129 -0.018622 0.000341989 -0.000873973 -0.018622 0.0905132 
0.00976347 -0.0180802 -0.000308028 0.000330751 -0.0180802 0.0892751 0.000328226 -0.000800368 -0.000308028 0.000328226 0.0103619 -0.0187266 0.000330751 -0.000800368 -0.0187266 0.0906839 
0.00976815 -0.0180696 -0.000325101 0.000375504 -0.0180696 0.0891961 0.000375504 -0.000866935 -0.000325101 0.000375504 0.0103831 -0.0187903 0.000375504 -0.000866935 -0.0187903 0.0908846 
0.00979537 -0.0180754 -0.00032273 0.000393328 -0.0180754 0.0891895 0.000400892 -0.000940456 -0.00032273 0.000400892 0.0103627 -0.0188167 0.000393328 -0.000940456 -0.0188167 0.0910049 
0.00981795 -0.0180964 -0.000324498 0.000425118 -0.0180964 0.0891992 0.000430149 -0.00105651 -0.000324498 0.000430149 0.0103361 -0.0188058 0.000425118 -0.00105651 -0.0188058 0.0910381 
0.00987186 -0.0181411 -0.00031602 0.000396279 -0.0181411 0.0893082 0.000401295 -0.00102581 -0.00031602 0.000401295 0.0103133 -0.0187856 0.000396279 -0.00102581 -0.0187856 0.0910112 
0.00991695 -0.018219 -0.000337481 0.000414977 -0.018219 0.0894876 0.000407478 -0.00104494 -0.000337481 0.000407478 0.0102969 -0.018744 0.000414977 -0.00104494 -0.018744 0.0909325 
0.00990304 -0.0182894 -0.000331764 0.000406598 -0.0182894 0.0897036 0.000401609 -0.00101026 -0.000331764 0.000401609 0.010367 -0.0187384 0.000406598 -0.00101026 -0.0187384 0.0908984 
0.0098396 -0.0182531 -0.000328321 0.000426065 -0.0182531 0.0896967 0.000421053 -0.00105764 -0.000328321 0.000421053 0.0104135 -0.0188221 0.000426065 -0.00105764 -0.0188221 0.0910025 
0.0098169 -0.0181914 -0.000332862 0.000418599 -0.0181914 0.0895978 0.000408512 -0.00105154 -0.000332862 0.000408512 0.010412 -0.0188748 0.000418599 -0.00105154 -0.0188748 0.0911587 
0.00982326 -0.0181459 -0.000345516 0.000431265 -0.0181459 0.0894711 0.000428743 -0.00108195 -0.000345516 0.000428743 0.0104033 -0.0188874 0.000431265 -0.00108195 -0.0188874 0.0912441 
0.00984573 -0.0181569 -0.000341866 0.000448224 -0.0181569 0.0894295 0.000445691 -0.00112436 -0.000341866 0.000445691 0.0103497 -0.0188482 0.000448224 -0.00112436 -0.0188482 0.0911794 
0.00983298 -0.0181739 -0.000347643 0.00043392 -0.0181739 0.0894484 0.000438995 -0.00110891 -0.000347643 0.000438995 0.0103303 -0.0187804 0.00043392 -0.00110891 -0.0187804 0.0910318 
0.00982914 -0.0181963 -0.000336213 0.00044319 -0.0181963 0.089527 0.000448284 -0.00112326 -0.000336213 0.000448284 0.0102978 -0.0187133 0.00044319 -0.00112326 -0.0187133 0.0907979 
0.00984149 -0.0181832 -0.000304533 0.000398431 -0.0181832 0.0895276 0.00041112 -0.00105064 -0.000304533 0.00041112 0.0102932 -0.0186831 0.000398431 -0.00105064 -0.0186831 0.0906823 
0.0098293 -0.0181804 -0.000322563 0.000378441 -0.0181804 0.089505 0.0003886 -0.000995629 -0.000322563 0.0003886 0.0103017 -0.0186833 0.000378441 -0.000995629 -0.0186833 0.0906378 
0.00981606 -0.0181572 -0.000333136 0.000424685 -0.0181572 0.0894584 0.000429771 -0.00106553 -0.000333136 0.000429771 0.0103018 -0.0186912 0.000424685 -0.00106553 -0.0186912 0.0906409 
0.00980851 -0.018129 -0.000315419 0.00041208 -0.018129 0.0893806 0.000414623 -0.00106327 -0.000315419 0.000414623 0.010302 -0.0187089 0.00041208 -0.00106327 -0.0187089 0.090688 
0.00978564 -0.0181048 -0.00030094 0.000405504 -0.0181048 0.0892822 0.000405504 -0.00103799 -0.00030094 0.000405504 0.0102983 -0.0187144 0.000405504 -0.00103799 -0.0187144 0.0907308 
0.00977988 -0.0180896 -0.000310311 0.000378986 -0.0180896 0.0892449 0.00038153 -0.000991978 -0.000310311 0.00038153 0.010314 -0.0187128 0.000378986 -0.000991978 -0.0187128 0.0907507 
0.00977755 -0.0180841 -0.00029521 0.000361377 -0.0180841 0.0892042 0.000369012 -0.000921258 -0.00029521 0.000369012 0.0103171 -0.0187229 0.000361377 -0.000921258 -0.0187229 0.0907668 
0.00982789 -0.0181252 -0.000289354 0.000362962 -0.0181252 0.0893266 0.000373114 -0.000918826 -0.000289354 0.000373114 0.0102949 -0.0186913 0.000362962 -0.000918826 -0.0186913 0.0906922 
0.00983437 -0.0181817 -0.000276133 0.000341999 -0.0181817 0.0894568 0.000352132 -0.000871464 -0.000276133 0.000352132 0.0103258 -0.0186934 0.000341999 -0.000871464 -0.0186934 0.0906753 
0.00985503 -0.018184 -0.000288514 0.000361908 -0.018184 0.0895178 0.000361908 -0.000906036 -0.000288514 0.000361908 0.0103334 -0.0187256 0.000361908 -0.000906036 -0.0187256 0.0907225 
0.00984868 -0.0181865 -0.000302684 0.000381535 -0.0181865 0.0894877 0.000381535 -0.00095638 -0.000302684 0.000381535 0.0103065 -0.018741 0.000381535 -0.00095638 -0.018741 0.0907697 
0.00985332 -0.0181861 -0.000314252 0.000382678 -0.0181861 0.0894832 0.000370006 -0.000955427 -0.000314252 0.000370006 0.0103019 -0.0187157 0.000382678 -0.000955427 -0.0187157 0.0907656 
0.00986277 -0.0181896 -0.000334886 0.000375173 -0.0181896 0.0894926 0.000375173 -0.00092912 -0.000334886 0.000375173 0.0103361 -0.0187234 0.000375173 -0.00092912 -0.0187234 0.0907894 
0.00988407 -0.0182051 -0.000349856 0.000422848 -0.0182051 0.0895179 0.000427882 -0.00102188 -0.000349856 0.000427882 0.0103447 -0.0187639 0.000422848 -0.00102188 -0.0187639 0.0908519 
0.00989179 -0.0181996 -0.000357595 0.000463363 -0.0181996 0.089497 0.000470918 -0.00115841 -0.000357595 0.000470918 0.0103375 -0.0187964 0.000463363 -0.00115841 -0.0187964 0.0909727 
0.00990958 -0.0182471 -0.000368424 0.000471885 -0.0182471 0.0895976 0.000474408 -0.00121126 -0.000368424 0.000474408 0.0103108 -0.0187568 0.000471885 -0.00121126 -0.0187568 0.0909249 
0.00991023 -0.0182624 -0.000355843 0.000462596 -0.0182624 0.0896623 0.000460054 -0.00117937 -0.000355843 0.000460054 0.0102737 -0.0187326 0.000462596 -0.00117937 -0.0187326 0.0908518 
0.0099241 -0.0182547 -0.000350173 0.000459285 -0.0182547 0.0896544 0.00045421 -0.00117739 -0.000350173 0.00045421 0.0102565 -0.0186911 0.000459285 -0.00117739 -0.0186911 0.0907735 
0.0098917 -0.0182591 -0.000350014 0.000461613 -0.0182591 0.0896492 0.000454004 -0.00118447 -0.000350014 0.000454004 0.0102595 -0.0186497 0.000461613 -0.00118447 -0.0186497 0.0906561 
0.00985354 -0.0181933 -0.000342313 0.000461489 -0.0181933 0.089511 0.000451346 -0.00117401 -0.000342313 0.000451346 0.0102821 -0.0186852 0.000461489 -0.00117401 -0.0186852 0.09068 
0.00983002 -0.018152 -0.000356765 0.000445324 -0.018152 0.0893912 0.000442794 -0.00114873 -0.000356765 0.000442794 0.0103057 -0.0187112 0.000445324 -0.00114873 -0.0187112 0.0907676 
0.00982653 -0.0181555 -0.000359816 0.000458639 -0.0181555 0.0893839 0.000451037 -0.0011428 -0.000359816 0.000451037 0.010313 -0.0187231 0.000458639 -0.0011428 -0.0187231 0.0907852 
0.00984728 -0.0181597 -0.000349518 0.00045336 -0.0181597 0.0894106 0.000448294 -0.00113467 -0.000349518 0.000448294 0.0102981 -0.0187169 0.00045336 -0.00113467 -0.0187169 0.0907783 
0.00987691 -0.0181759 -0.000343896 0.000445042 -0.0181759 0.0894358 0.000439985 -0.00112019 -0.000343896 0.000439985 0.0102688 -0.0187095 0.000445042 -0.00112019 -0.0187095 0.0907507 
0.00985087 -0.0181981 -0.000323477 0.000432144 -0.0181981 0.089464 0.000429617 -0.00108415 -0.000323477 0.000429617 0.0102906 -0.0186858 0.000432144 -0.00108415 -0.0186858 0.0907175 
0.00986734 -0.0181552 -0.000304812 0.000418172 -0.0181552 0.0893956 0.000418172 -0.00107314 -0.000304812 0.000418172 0.0102628 -0.0187069 0.000418172 -0.00107314 -0.0187069 0.0907257 
0.00991733 -0.0182124 -0.000297243 0.000375332 -0.0182124 0.0894826 0.000377851 -0.000979893 -0.000297243 0.000377851 0.0102171 -0.0186583 0.000375332 -0.000979893 -0.0186583 0.090659 
0.0099035 -0.0182619 -0.000298878 0.000359667 -0.0182619 0.089595 0.000369798 -0.000927028 -0.000298878 0.000369798 0.0101922 -0.0185963 0.000359667 -0.000927028 -0.0185963 0.0905119 
0.0098475 -0.018227 -0.000295629 0.000374633 -0.018227 0.0895857 0.000374633 -0.000925114 -0.000295629 0.000374633 0.0101966 -0.0185762 0.000374633 -0.000925114 -0.0185762 0.0904242 
0.00980465 -0.0181799 -0.000293018 0.000384746 -0.0181799 0.0895184 0.000384746 -0.000970782 -0.000293018 0.000384746 0.01022 -0.0185621 0.000384746 -0.000970782 -0.0185621 0.0903643 
0.00978799 -0.0181045 -0.000272881 0.000369791 -0.0181045 0.0893314 0.000367241 -0.000943606 -0.000272881 0.000367241 0.0102139 -0.0186018 0.000369791 -0.000943606 -0.0186018 0.0904127 
0.00982851 -0.0180892 -0.000261721 0.000340491 -0.0180892 0.0892214 0.000343032 -0.000891884 -0.000261721 0.000343032 0.0101868 -0.0186 0.000340491 -0.000891884 -0.0186 0.0904513 
0.00984631 -0.0181314 -0.000253444 0.000329478 -0.0181314 0.0892606 0.000332012 -0.000849038 -0.000253444 0.000332012 0.0101859 -0.0185673 0.000329478 -0.000849038 -0.0185673 0.0904163 
0.00980873 -0.0181621 -0.0002616 0.000317476 -0.0181621 0.0893427 0.000322555 -0.000812738 -0.0002616 0.000322555 0.0102227 -0.018566 0.000317476 -0.000812738 -0.018566 0.0903713 
0.00979989 -0.0181251 -0.000261432 0.000324886 -0.0181251 0.0893361 0.000324886 -0.000812216 -0.000261432 0.000324886 0.0102441 -0.0186099 0.000324886 -0.000812216 -0.0186099 0.0904326 
0.00976555 -0.018091 -0.000281918 0.000340334 -0.018091 0.0892386 0.000330175 -0.000840675 -0.000281918 0.000330175 0.0102735 -0.0186498 0.000340334 -0.000840675 -0.0186498 0.0905491 
0.00975482 -0.0180669 -0.000280384 0.000349206 -0.0180669 0.0891851 0.000351755 -0.000866642 -0.000280384 0.000351755 0.0102723 -0.0186685 0.000349206 -0.000866642 -0.0186685 0.0905997 
0.00972403 -0.0180411 -0.000290574 0.000364492 -0.0180411 0.0891017 0.000359394 -0.000909955 -0.000290574 0.000359394 0.0102924 -0.0186757 0.000364492 -0.000909955 -0.0186757 0.0906438 
0.0097756 -0.0180142 -0.000279448 0.000381066 -0.0180142 0.0890347 0.000383606 -0.000967907 -0.000279448 0.000383606 0.0102557 -0.0187002 0.000381066 -0.000967907 -0.0187002 0.0906962 
0.00981553 -0.0180681 -0.000285098 0.000384374 -0.0180681 0.0890678 0.000371646 -0.000980025 -0.000285098 0.000371646 0.0102203 -0.0186638 0.000384374 -0.000980025 -0.0186638 0.0906842 
0.00979806 -0.0181183 -0.000295061 0.000368826 -0.0181183 0.0892025 0.000361195 -0.000953861 -0.000295061 0.000361195 0.0102559 -0.0186245 0.000368826 -0.000953861 -0.0186245 0.090599 
0.00975324 -0.0180946 -0.00030781 0.000379038 -0.0180946 0.089219 0.000381582 -0.000961587 -0.00030781 0.000381582 0.0103027 -0.0186568 0.000379038 -0.000961587 -0.0186568 0.0906182 
0.00975129 -0.0180443 -0.000329692 0.000385486 -0.0180443 0.0891437 0.000390559 -0.00097386 -0.000329692 0.000390559 0.010327 -0.018724 0.000385486 -0.00097386 -0.018724 0.0907288 
0.00975459 -0.0180387 -0.000329034 0.000410027 -0.0180387 0.0890897 0.000415089 -0.00101747 -0.000329034 0.000415089 0.0103443 -0.01876 0.000410027 -0.00101747 -0.01876 0.0908513 
0.00978163 -0.0180683 -0.000323778 0.000404722 -0.0180683 0.0891476 0.000399663 -0.00100675 -0.000323778 0.000399663 0.0103508 -0.018769 0.000404722 -0.00100675 -0.018769 0.0909132 
0.00976504 -0.018079 -0.000319086 0.000402656 -0.018079 0.0891642 0.000402656 -0.00101044 -0.000319086 0.000402656 0.0103627 -0.018783 0.000402656 -0.00101044 -0.018783 0.0909547 
0.00980424 -0.0180779 -0.000311688 0.000402914 -0.0180779 0.0892037 0.000402914 -0.00101615 -0.000311688 0.000402914 0.0103263 -0.0187976 0.000402914 -0.00101615 -0.0187976 0.0909674 
0.00982889 -0.0181248 -0.000309132 0.000385148 -0.0181248 0.0892835 0.000395284 -0.000990744 -0.000309132 0.000395284 0.0103129 -0.0187506 0.000385148 -0.000990744 -0.0187506 0.0909153 
0.00982306 -0.0181479 -0.000296593 0.000370107 -0.0181479 0.0893531 0.000372642 -0.000927804 -0.000296593 0.000372642 0.0103022 -0.0187183 0.000370107 -0.000927804 -0.0187183 0.0908208 
0.00978695 -0.0181561 -0.000310535 0.00037926 -0.0181561 0.089396 0.000381806 -0.000951969 -0.000310535 0.000381806 0.0102986 -0.0186856 0.00037926 -0.000951969 -0.0186856 0.0906916 
0.00979045 -0.0181332 -0.000284961 0.000381644 -0.0181332 0.0894167 0.000389277 -0.000956655 -0.000284961 0.000389277 0.0102917 -0.0186726 0.000381644 -0.000956655 -0.0186726 0.09061 
0.00975496 -0.0181131 -0.000297686 0.000381649 -0.0181131 0.089339 0.000391827 -0.000994832 -0.000297686 0.000391827 0.0103249 -0.0186779 0.000381649 -0.000994832 -0.0186779 0.0906163 
0.00968746 -0.0180128 -0.000292788 0.000364075 -0.0180128 0.0891042 0.000374259 -0.000944559 -0.000292788 0.000374259 0.0103672 -0.0187562 0.000364075 -0.000944559 -0.0187562 0.0907846 
0.009668 -0.0179643 -0.000287571 0.000338469 -0.0179643 0.0889486 0.000343559 -0.000847445 -0.000287571 0.000343559 0.0103857 -0.0187965 0.000338469 -0.000847445 -0.0187965 0.0909056 
0.00970315 -0.0179382 -0.000290559 0.000364473 -0.0179382 0.0888423 0.000361925 -0.00088697 -0.000290559 0.000361925 0.0103352 -0.0188022 0.000364473 -0.00088697 -0.0188022 0.090945 
0.00973981 -0.0179916 -0.000290969 0.000375197 -0.0179916 0.088909 0.000370092 -0.000926507 -0.000290969 0.000370092 0.0102733 -0.0187216 0.000375197 -0.000926507 -0.0187216 0.090813 
0.00975755 -0.0180628 -0.000275652 0.000403268 -0.0180628 0.0890967 0.000393059 -0.00101072 -0.000275652 0.000393059 0.0102502 -0.0186243 0.000403268 -0.00101072 -0.0186243 0.090572 
0.00975794 -0.0180703 -0.000277417 0.000371585 -0.0180703 0.0891703 0.000366495 -0.000984956 -0.000277417 0.000366495 0.0102542 -0.0186098 0.000371585 -0.000984956 -0.0186098 0.0904683 
0.00973636 -0.0180134 -0.000273621 0.000357228 -0.0180134 0.0890359 0.000347094 -0.000924739 -0.000273621 0.000347094 0.0102963 -0.0186823 0.000357228 -0.000924739 -0.0186823 0.0906143 
0.00969614 -0.0180057 -0.000281894 0.000330146 -0.0180057 0.0889845 0.000322527 -0.000843142 -0.000281894 0.000322527 0.0103361 -0.0187117 0.000330146 -0.000843142 -0.0187117 0.0907089 
0.0096997 -0.017963 -0.000281702 0.000340073 -0.017963 0.0889215 0.000334997 -0.00082988 -0.000281702 0.000334997 0.0103342 -0.0187675 0.000340073 -0.00082988 -0.0187675 0.0908503 
0.00972918 -0.0179857 -0.000285929 0.000334006 -0.0179857 0.088929 0.000339066 -0.000824893 -0.000285929 0.000339066 0.0103289 -0.0187625 0.000334006 -0.000824893 -0.0187625 0.0908951 
0.00973991 -0.0180327 -0.000311171 0.000369357 -0.0180327 0.0890329 0.000374417 -0.000910745 -0.000311171 0.000374417 0.0103344 -0.0187436 0.000369357 -0.000910745 -0.0187436 0.090867 
0.0097682 -0.0180711 -0.000319438 0.000392959 -0.0180711 0.0891865 0.000390424 -0.000965919 -0.000319438 0.000390424 0.0103209 -0.0187378 0.000392959 -0.000965919 -0.0187378 0.0908167 
0.00977126 -0.0181113 -0.000328149 0.000401351 -0.0181113 0.0893069 0.000401351 -0.00100969 -0.000328149 0.000401351 0.0103518 -0.0187196 0.000401351 -0.00100969 -0.0187196 0.090776 
0.00973153 -0.0180895 -0.000341502 0.000402213 -0.0180895 0.0892938 0.000404743 -0.00101945 -0.000341502 0.000404743 0.0103867 -0.0187649 0.000402213 -0.00101945 -0.0187649 0.0908268 
0.00970208 -0.0180584 -0.000340246 0.000418959 -0.0180584 0.0892434 0.000424038 -0.00104105 -0.000340246 0.000424038 0.0103953 -0.0188024 0.000418959 -0.00104105 -0.0188024 0.0908964 
0.00969939 -0.0180077 -0.000308281 0.000397453 -0.0180077 0.0891263 0.000397453 -0.000993633 -0.000308281 0.000397453 0.0103771 -0.0188179 0.000397453 -0.000993633 -0.0188179 0.0909582 
0.00968748 -0.0180063 -0.000303291 0.000392495 -0.0180063 0.0890657 0.000389946 -0.000999077 -0.000303291 0.000389946 0.0103756 -0.0187862 0.000392495 -0.000999077 -0.0187862 0.0909339 
0.00970264 -0.0179738 -0.000335626 0.000394106 -0.0179738 0.088979 0.000394106 -0.00100434 -0.000335626 0.000394106 0.0103637 -0.0188001 0.000394106 -0.00100434 -0.0188001 0.0909445 
0.00971724 -0.0179648 -0.000331125 0.000412633 -0.0179648 0.0888918 0.000410086 -0.00101375 -0.000331125 0.000410086 0.0103184 -0.018785 0.000412633 -0.00101375 -0.018785 0.0909269 
0.00973517 -0.0179795 -0.000317479 0.000421612 -0.0179795 0.0888712 0.000424152 -0.00105657 -0.000317479 0.000424152 0.0103016 -0.0187541 0.000421612 -0.00105657 -0.0187541 0.0908955 
0.00972977 -0.0180165 -0.000272321 0.000384304 -0.0180165 0.0889524 0.000381759 -0.000990028 -0.000272321 0.000381759 0.0103024 -0.0187164 0.000384304 -0.000990028 -0.0187164 0.0908179 
0.00972934 -0.0180041 -0.000235181 0.000322096 -0.0180041 0.08897 0.000327208 -0.000856366 -0.000235181 0.000327208 0.0102943 -0.0187199 0.000322096 -0.000856366 -0.0187199 0.0907978 
0.00974425 -0.0180274 -0.000218915 0.000292735 -0.0180274 0.0890245 0.000290189 -0.000763656 -0.000218915 0.000290189 0.0102992 -0.0186943 0.000292735 -0.000763656 -0.0186943 0.0907478 
0.00974442 -0.0180365 -0.00021366 0.000277249 -0.0180365 0.0890581 0.000274706 -0.000717287 -0.00021366 0.000274706 0.010304 -0.0187003 0.000277249 -0.000717287 -0.0187003 0.0907165 
0.00971729 -0.0180391 -0.000216449 0.000275018 -0.0180391 0.0890803 0.000259739 -0.000684998 -0.000216449 0.000259739 0.0103361 -0.0187114 0.000275018 -0.000684998 -0.0187114 0.0907278 
0.00971801 -0.0180408 -0.000236776 0.00028515 -0.0180408 0.0891322 0.00027242 -0.000692507 -0.000236776 0.00027242 0.010357 -0.0187282 0.00028515 -0.000692507 -0.0187282 0.0907515 
0.00971777 -0.0180328 -0.000251584 0.00030241 -0.0180328 0.0891168 0.000289703 -0.000724258 -0.000251584 0.000289703 0.0103785 -0.0187621 0.00030241 -0.000724258 -0.0187621 0.0908271 
0.00968495 -0.0180044 -0.00029333 0.000316088 -0.0180044 0.0890459 0.000311031 -0.00076367 -0.00029333 0.000311031 0.0104486 -0.0188212 0.000316088 -0.00076367 -0.0188212 0.0909829 
0.00969378 -0.0179905 -0.000300641 0.000356222 -0.0179905 0.0890251 0.000358748 -0.000841289 -0.000300641 0.000358748 0.0104669 -0.0188873 0.000356222 -0.000841289 -0.0188873 0.0911346 
0.00969596 -0.0179927 -0.000305603 0.000376322 -0.0179927 0.089019 0.000386424 -0.000931964 -0.000305603 0.000386424 0.0104941 -0.0189297 0.000376322 -0.000931964 -0.0189297 0.0912895 
0.00967722 -0.0179882 -0.000317039 0.000364846 -0.0179882 0.0889998 0.000372394 -0.000915889 -0.000317039 0.000372394 0.0105403 -0.0189745 0.000364846 -0.000915889 -0.0189745 0.0914203 
0.00968988 -0.0179912 -0.000311928 0.00036727 -0.0179912 0.0890151 0.000387394 -0.000910628 -0.000311928 0.000387394 0.0105477 -0.0190125 0.00036727 -0.000910628 -0.0190125 0.0915005 
0.00969232 -0.0179859 -0.000302964 0.000368606 -0.0179859 0.0889981 0.000378705 -0.000901317 -0.000302964 0.000378705 0.0105053 -0.019016 0.000368606 -0.000901317 -0.019016 0.0915228 
0.00971063 -0.0179936 -0.000300693 0.000356284 -0.0179936 0.0890052 0.000366391 -0.000874285 -0.000300693 0.000366391 0.0104662 -0.0189715 0.000356284 -0.000874285 -0.0189715 0.0914664 
0.00973086 -0.0180271 -0.000286425 0.000365002 -0.0180271 0.0890732 0.000365002 -0.000889693 -0.000286425 0.000365002 0.0104152 -0.0189015 0.000365002 -0.000889693 -0.0189015 0.0912937 
0.00972428 -0.0180452 -0.000253765 0.000329895 -0.0180452 0.089135 0.000319744 -0.000804436 -0.000253765 0.000319744 0.0103993 -0.018837 0.000329895 -0.000804436 -0.018837 0.0911144 
0.0097172 -0.0180252 -0.000230638 0.000291465 -0.0180252 0.0891124 0.000273724 -0.000694448 -0.000230638 0.000273724 0.0103939 -0.0188261 0.000291465 -0.000694448 -0.0188261 0.0910234 
0.00968305 -0.0180176 -0.000210777 0.000269185 -0.0180176 0.089085 0.000253948 -0.000634871 -0.000210777 0.000253948 0.0104144 -0.0188125 0.000269185 -0.000634871 -0.0188125 0.0909846 
0.00965942 -0.0179796 -0.000221092 0.000274459 -0.0179796 0.0890211 0.000271917 -0.000660734 -0.000221092 0.000271917 0.010437 -0.0188436 0.000274459 -0.000660734 -0.0188436 0.0910389 
0.00966154 -0.0179349 -0.000236454 0.000279676 -0.0179349 0.088904 0.000277134 -0.00068902 -0.000236454 0.000277134 0.0104319 -0.0188858 0.000279676 -0.00068902 -0.0188858 0.0911338 
0.00967712 -0.0179229 -0.000251255 0.000291862 -0.0179229 0.0888123 0.000302014 -0.000725848 -0.000251255 0.000302014 0.0104207 -0.0188949 0.000291862 -0.000725848 -0.0188949 0.091203 
0.00969387 -0.0179634 -0.000231048 0.000294523 -0.0179634 0.088852 0.00030214 -0.000728691 -0.000231048 0.00030214 0.010387 -0.0188469 0.000294523 -0.000728691 -0.0188469 0.0911219 
0.00970891 -0.0180091 -0.000228445 0.000289364 -0.0180091 0.0889971 0.000299517 -0.000725947 -0.000228445 0.000299517 0.0103739 -0.0187909 0.000289364 -0.000725947 -0.0187909 0.0909719 
0.00968465 -0.0180166 -0.000251714 0.000289853 -0.0180166 0.0890433 0.000294938 -0.000737345 -0.000251714 0.000294938 0.0103788 -0.0187743 0.000289853 -0.000737345 -0.0187743 0.0908816 
0.00967893 -0.0179664 -0.000254374 0.000328142 -0.0179664 0.0889622 0.000317967 -0.000783472 -0.000254374 0.000317967 0.0103835 -0.018811 0.000328142 -0.000783472 -0.018811 0.0909514 
0.00969527 -0.0179473 -0.00025827 0.000329168 -0.0179473 0.0888703 0.00031904 -0.000815324 -0.00025827 0.00031904 0.0103891 -0.0188335 0.000329168 -0.000815324 -0.0188335 0.0910479 
0.00972521 -0.017988 -0.000234494 0.000300052 -0.017988 0.088944 0.000289966 -0.000741305 -0.000234494 0.000289966 0.0103909 -0.0188226 0.000300052 -0.000741305 -0.0188226 0.0910393 
