0.00706177 0 0.000339314 0 0 0.00998794 0 0 0.000339314 0 0.0075993 0 0 0 0 0.00998794 
0.0100177 -0.0124402 0.000398136 -0.00048695 -0.0124402 0.0330452 -0.00048695 0.00093715 0.000398136 -0.00048695 0.010667 -0.0132518 -0.00048695 0.00093715 -0.0132518 0.0345949 
0.0101185 -0.0189409 0.000327913 -0.00053403 -0.0189409 0.069733 -0.00053403 0.00167704 0.000327913 -0.00053403 0.0106462 -0.0199558 -0.00053403 0.00167704 -0.0199558 0.0730278 
0.00958184 -0.0187211 0.000318283 -0.00043044 -0.0187211 0.0839964 -0.000412252 0.0014247 0.000318283 -0.000412252 0.0100123 -0.0194577 -0.00043044 0.0014247 -0.0194577 0.0868488 
0.00955958 -0.0181093 0.000364366 -0.000387318 -0.0181093 0.0876256 -0.000367235 0.00102424 0.000364366 -0.000367235 0.00999567 -0.0186142 -0.000387318 0.00102424 -0.0186142 0.0892552 
0.00969997 -0.0179967 0.000391172 -0.000437675 -0.0179967 0.0886511 -0.000426733 0.000968356 0.000391172 -0.000426733 0.0102088 -0.018552 -0.000437675 0.000968356 -0.018552 0.0899641 
0.00979077 -0.0180443 0.00040817 -0.000482382 -0.0180443 0.0890314 -0.00046913 0.00107343 0.00040817 -0.00046913 0.01035 -0.0187361 -0.000482382 0.00107343 -0.0187361 0.0905898 
0.00982393 -0.0181001 0.000436273 -0.000511582 -0.0181001 0.0892022 -0.000508985 0.00121014 0.000436273 -0.000508985 0.01039 -0.0188221 -0.000511582 0.00121014 -0.0188221 0.0909473 
0.00981382 -0.0180792 0.000404508 -0.000523026 -0.0180792 0.0891515 -0.000523026 0.00126248 0.000404508 -0.000523026 0.0103806 -0.0188547 -0.000523026 0.00126248 -0.0188547 0.0910916 
0.0097911 -0.0180379 0.000380937 -0.000483893 -0.0180379 0.0890002 -0.000496762 0.00122517 0.000380937 -0.000496762 0.0103445 -0.0188486 -0.000483893 0.00122517 -0.0188486 0.0911262 
0.00977066 -0.0180462 0.00036672 -0.000435961 -0.0180462 0.0889925 -0.00044109 0.0010976 0.00036672 -0.00044109 0.010322 -0.018772 -0.000435961 0.0010976 -0.018772 0.0909569 
0.0097812 -0.0180635 0.000321197 -0.000415516 -0.0180635 0.089076 -0.000415516 0.00101712 0.000321197 -0.000415516 0.0103165 -0.0187186 -0.000415516 0.00101712 -0.0187186 0.0907789 
0.00981119 -0.0180934 0.000307314 -0.000388587 -0.0180934 0.0891719 -0.000380968 0.000962579 0.000307314 -0.000380968 0.0103141 -0.0187131 -0.000388587 0.000962579 -0.0187131 0.0907135 
0.00981674 -0.0180907 0.000331869 -0.000374936 -0.0180907 0.0891613 -0.000367336 0.000919607 0.000331869 -0.000367336 0.0103133 -0.0187443 -0.000374936 0.000919607 -0.0187443 0.09077 
0.00981219 -0.0180909 0.000335999 -0.000406736 -0.0180909 0.0891611 -0.000396631 0.000957472 0.000335999 -0.000396631 0.0103301 -0.0187654 -0.000406736 0.000957472 -0.0187654 0.0908714 
0.00981778 -0.0181189 0.000375378 -0.000418207 -0.0181189 0.0892367 -0.00040561 0.000997649 0.000375378 -0.00040561 0.0103544 -0.0187815 -0.000418207 0.000997649 -0.0187815 0.0909423 
0.00983902 -0.0181645 0.00038406 -0.000454808 -0.0181645 0.0893825 -0.000447228 0.00107133 0.00038406 -0.000447228 0.0103519 -0.0187785 -0.000454808 0.00107133 -0.0187785 0.0909415 
0.00985191 -0.0181862 0.00040217 -0.000472993 -0.0181862 0.0894765 -0.000478051 0.00115339 0.00040217 -0.000478051 0.0103527 -0.0187831 -0.000472993 0.00115339 -0.0187831 0.0909562 
0.00985877 -0.0181792 0.000394048 -0.000482456 -0.0181792 0.0894842 -0.00049256 0.00118214 0.000394048 -0.00049256 0.0103665 -0.0188057 -0.000482456 0.00118214 -0.0188057 0.0910251 
0.0098862 -0.0181887 0.000366435 -0.000456788 -0.0181887 0.0895004 -0.000461808 0.00113695 0.000366435 -0.000461808 0.0103832 -0.0188312 -0.000456788 0.00113695 -0.0188312 0.0911042 
0.00985043 -0.0181751 0.000365671 -0.000438806 -0.0181751 0.0894255 -0.000441327 0.00110206 0.000365671 -0.000441327 0.0104002 -0.0188812 -0.000438806 0.00110206 -0.0188812 0.091211 
0.00985003 -0.0181628 0.000375433 -0.000433777 -0.0181628 0.0894011 -0.000436313 0.0010781 0.000375433 -0.000436313 0.0103624 -0.0188706 -0.000433777 0.0010781 -0.0188706 0.0912149 
0.00984366 -0.0181741 0.00038213 -0.000461103 -0.0181741 0.0894387 -0.00045346 0.00110308 0.00038213 -0.00045346 0.0103226 -0.0187957 -0.000461103 0.00110308 -0.0187957 0.0910538 
0.00985433 -0.0181971 0.00035566 -0.000459818 -0.0181971 0.0895299 -0.000457278 0.00112795 0.00035566 -0.000457278 0.0103116 -0.0187255 -0.000459818 0.00112795 -0.0187255 0.090856 
0.00985344 -0.0181616 0.000369251 -0.000445124 -0.0181616 0.0894422 -0.000447654 0.00112293 0.000369251 -0.000447654 0.0103239 -0.0187483 -0.000445124 0.00112293 -0.0187483 0.0908433 
0.00986764 -0.0181458 0.000363319 -0.000444056 -0.0181458 0.0893462 -0.000449103 0.00111771 0.000363319 -0.000449103 0.0103117 -0.018779 -0.000444056 0.00111771 -0.018779 0.0909155 
0.00988603 -0.0181547 0.000353253 -0.000439042 -0.0181547 0.0893351 -0.000433996 0.00108751 0.000353253 -0.000433996 0.0102948 -0.0187754 -0.000439042 0.00108751 -0.0187754 0.0909524 
0.00986619 -0.0181811 0.000348664 -0.000406775 -0.0181811 0.0893945 -0.000411828 0.00101567 0.000348664 -0.000411828 0.0102957 -0.0187445 -0.000406775 0.00101567 -0.0187445 0.0909054 
0.00983332 -0.0181721 0.000352095 -0.000410355 -0.0181721 0.089422 -0.000415421 0.00100056 0.000352095 -0.000415421 0.0103045 -0.0187244 -0.000410355 0.00100056 -0.0187244 0.0908278 
0.00982373 -0.0181455 0.000379295 -0.000422281 -0.0181455 0.0893896 -0.00042481 0.00102915 0.000379295 -0.00042481 0.0103042 -0.0187245 -0.000422281 0.00102915 -0.0187245 0.0908006 
0.00983232 -0.0181502 0.000370361 -0.000443926 -0.0181502 0.0893991 -0.000441389 0.00105781 0.000370361 -0.000441389 0.0102839 -0.0187108 -0.000443926 0.00105781 -0.0187108 0.090746 
0.00982044 -0.0181416 0.00037673 -0.000450549 -0.0181416 0.0893793 -0.000450549 0.00110728 0.00037673 -0.000450549 0.0102761 -0.0186965 -0.000450549 0.00110728 -0.0186965 0.0907309 
0.00981745 -0.0181257 0.000383653 -0.000452253 -0.0181257 0.0893352 -0.000449712 0.00110777 0.000383653 -0.000449712 0.01029 -0.0187024 -0.000452253 0.00110777 -0.0187024 0.0907402 
0.00981704 -0.0181177 0.000355598 -0.000457197 -0.0181177 0.0892983 -0.000457197 0.00111759 0.000355598 -0.000457197 0.010292 -0.0187172 -0.000457197 0.00111759 -0.0187172 0.0907715 
0.00979004 -0.0180974 0.000313342 -0.00041779 -0.0180974 0.089221 -0.000415242 0.00104702 0.000313342 -0.000415242 0.0103097 -0.0187394 -0.00041779 0.00104702 -0.0187394 0.0908387 
0.00980362 -0.0180552 0.000291172 -0.000351938 -0.0180552 0.0891289 -0.000351938 0.000896302 0.000291172 -0.000351938 0.0103404 -0.0187844 -0.000351938 0.000896302 -0.0187844 0.0909772 
0.00983071 -0.0180671 0.000300193 -0.000355691 -0.0180671 0.0890969 -0.000353169 0.000872831 0.000300193 -0.000353169 0.0103403 -0.0188189 -0.000355691 0.000872831 -0.0188189 0.0910772 
0.00986488 -0.0181413 0.000344328 -0.000394595 -0.0181413 0.0892464 -0.000389569 0.000950045 0.000344328 -0.000389569 0.0103449 -0.0187973 -0.000394595 0.000950045 -0.0187973 0.0910686 
0.00987042 -0.0182161 0.000369858 -0.000410114 -0.0182161 0.0894729 -0.000412631 0.000983772 0.000369858 -0.000412631 0.0103661 -0.0187822 -0.000410114 0.000983772 -0.0187822 0.0910001 
0.00984765 -0.0182219 0.000360157 -0.000428159 -0.0182219 0.0895557 -0.000440752 0.00101751 0.000360157 -0.000440752 0.0103967 -0.0188138 -0.000428159 0.00101751 -0.0188138 0.091024 
0.00982833 -0.0181575 0.000377331 -0.000438109 -0.0181575 0.0894527 -0.000448239 0.00107628 0.000377331 -0.000448239 0.010388 -0.0188589 -0.000438109 0.00107628 -0.0188589 0.0911418 
0.00984178 -0.0181423 0.000370717 -0.000436736 -0.0181423 0.0893988 -0.000436736 0.00105883 0.000370717 -0.000436736 0.0103674 -0.0188507 -0.000436736 0.00105883 -0.0188507 0.0911787 
0.0098226 -0.0181274 0.00036163 -0.000445671 -0.0181274 0.08931 -0.000438031 0.00106197 0.00036163 -0.000438031 0.0103498 -0.0188328 -0.000445671 0.00106197 -0.0188328 0.0911462 
0.00982302 -0.0181078 0.000354006 -0.00043041 -0.0181078 0.0892604 -0.000422769 0.001034 0.000354006 -0.000422769 0.0103426 -0.0188183 -0.00043041 0.001034 -0.0188183 0.0911119 
0.00984296 -0.018118 0.000341945 -0.000435664 -0.018118 0.0892503 -0.000433131 0.00106383 0.000341945 -0.000433131 0.0103419 -0.0188045 -0.000435664 0.00106383 -0.0188045 0.0910638 
0.0098774 -0.0181771 0.000350871 -0.000441744 -0.0181771 0.0893863 -0.00043922 0.0011132 0.000350871 -0.00043922 0.0103595 -0.018788 -0.000441744 0.0011132 -0.018788 0.0910018 
0.0098599 -0.018189 0.000373173 -0.000434099 -0.018189 0.0894296 -0.000431561 0.00108652 0.000373173 -0.000431561 0.0103524 -0.0188059 -0.000434099 0.00108652 -0.0188059 0.0910035 
0.00986124 -0.0181689 0.000362415 -0.000435912 -0.0181689 0.0894279 -0.000435912 0.00105937 0.000362415 -0.000435912 0.010363 -0.0188202 -0.000435912 0.00105937 -0.0188202 0.0910549 
0.00986287 -0.0181631 0.000360991 -0.000424101 -0.0181631 0.0894146 -0.000426625 0.00104258 0.000360991 -0.000426625 0.0103753 -0.0188271 -0.000424101 0.00104258 -0.0188271 0.0910808 
0.0098686 -0.018187 0.0003529 -0.000418439 -0.018187 0.0894627 -0.000415918 0.00101585 0.0003529 -0.000415918 0.0103904 -0.0188323 -0.000418439 0.00101585 -0.0188323 0.0910936 
0.00985553 -0.0181722 0.000361926 -0.000435324 -0.0181722 0.0894237 -0.000432793 0.00106047 0.000361926 -0.000432793 0.0103693 -0.0188505 -0.000435324 0.00106047 -0.0188505 0.0911169 
0.00986341 -0.0181555 0.000351722 -0.000432694 -0.0181555 0.0893932 -0.000425103 0.00104758 0.000351722 -0.000425103 0.0103467 -0.0188387 -0.000432694 0.00104758 -0.0188387 0.0911315 
0.00987879 -0.0181733 0.00034004 -0.000408048 -0.0181733 0.0894028 -0.000408048 0.00100753 0.00034004 -0.000408048 0.0103397 -0.018803 -0.000408048 0.00100753 -0.018803 0.0910779 
0.00984772 -0.0181585 0.000333136 -0.000396231 -0.0181585 0.0893538 -0.000401278 0.000961553 0.000333136 -0.000401278 0.0103298 -0.0187944 -0.000396231 0.000961553 -0.0187944 0.0910245 
0.0098372 -0.0181493 0.000334409 -0.000395211 -0.0181493 0.0893582 -0.000395211 0.000955093 0.000334409 -0.000395211 0.0103033 -0.01877 -0.000395211 0.000955093 -0.01877 0.0909517 
0.00983966 -0.0181396 0.000314544 -0.000395717 -0.0181396 0.0893331 -0.000395717 0.000956316 0.000314544 -0.000395717 0.010281 -0.0187458 -0.000395717 0.000956316 -0.0187458 0.0908983 
0.00984338 -0.0181614 0.000340654 -0.000373703 -0.0181614 0.0893861 -0.000378787 0.000930443 0.000340654 -0.000378787 0.0102679 -0.0186928 -0.000373703 0.000930443 -0.0186928 0.0907767 
0.00981458 -0.018136 0.00035043 -0.000424071 -0.018136 0.0893419 -0.000424071 0.00100304 0.00035043 -0.000424071 0.0102818 -0.0186896 -0.000424071 0.00100304 -0.0186896 0.0907309 
0.00983441 -0.0181179 0.000361036 -0.000444938 -0.0181179 0.0893182 -0.000439853 0.00107294 0.000361036 -0.000439853 0.0102488 -0.0186874 -0.000444938 0.00107294 -0.0186874 0.0906835 
0.00983752 -0.0181227 0.000358236 -0.00044716 -0.0181227 0.0892821 -0.000436997 0.00110012 0.000358236 -0.000436997 0.0102313 -0.0186639 -0.00044716 0.00110012 -0.0186639 0.0906541 
0.00984026 -0.0181272 0.000329029 -0.000420851 -0.0181272 0.0892765 -0.000413199 0.00104065 0.000329029 -0.000413199 0.0102101 -0.0186424 -0.000420851 0.00104065 -0.0186424 0.0906053 
0.0098576 -0.0181559 0.000323576 -0.000402559 -0.0181559 0.0893707 -0.000402559 0.00101404 0.000323576 -0.000402559 0.0101965 -0.0185967 -0.000402559 0.00101404 -0.0185967 0.0904943 
0.00986051 -0.0181669 0.000327583 -0.000391068 -0.0181669 0.0893972 -0.000391068 0.000972592 0.000327583 -0.000391068 0.0102033 -0.0185834 -0.000391068 0.000972592 -0.0185834 0.0904409 
0.00985681 -0.0181778 0.000357922 -0.00039346 -0.0181778 0.0894296 -0.000406152 0.000977304 0.000357922 -0.000406152 0.0102147 -0.0185865 -0.00039346 0.000977304 -0.0185865 0.0904196 
0.00982913 -0.0181447 0.000358672 -0.000422266 -0.0181447 0.0893576 -0.000429897 0.00101497 0.000358672 -0.000429897 0.0102387 -0.0186357 -0.000422266 0.00101497 -0.0186357 0.0905227 
0.00979024 -0.0180909 0.000361564 -0.00042522 -0.0180909 0.0892274 -0.000435405 0.0010465 0.000361564 -0.000435405 0.010274 -0.0186817 -0.00042522 0.0010465 -0.0186817 0.0906635 
0.00978302 -0.0180837 0.000338751 -0.000427896 -0.0180837 0.0891933 -0.000435537 0.00105446 0.000338751 -0.000435537 0.0102822 -0.0186924 -0.000427896 0.00105446 -0.0186924 0.0907114 
0.00977625 -0.0180787 0.000298336 -0.000395232 -0.0180787 0.0891643 -0.000395232 0.000999554 0.000298336 -0.000395232 0.0103015 -0.0187085 -0.000395232 0.000999554 -0.0187085 0.0907631 
0.00976966 -0.0180619 0.000288847 -0.000357863 -0.0180619 0.089136 -0.000360419 0.000922776 0.000288847 -0.000360419 0.010309 -0.0187316 -0.000357863 0.000922776 -0.0187316 0.090818 
0.00977174 -0.018036 0.000298432 -0.0003622 -0.018036 0.0890654 -0.000354548 0.000900398 0.000298432 -0.000354548 0.0103099 -0.0187553 -0.0003622 0.000900398 -0.0187553 0.0908738 
0.00977289 -0.0180282 0.000282645 -0.000364128 -0.0180282 0.0890051 -0.00034885 0.000875944 0.000282645 -0.00034885 0.0103025 -0.0187564 -0.000364128 0.000875944 -0.0187564 0.0908996 
0.00977546 -0.018055 0.000276832 -0.000335246 -0.018055 0.0890535 -0.000325087 0.000820336 0.000276832 -0.000325087 0.0103088 -0.0187255 -0.000335246 0.000820336 -0.0187255 0.090844 
0.00979708 -0.0180928 0.000285622 -0.000336174 -0.0180928 0.0891696 -0.000331119 0.000806313 0.000285622 -0.000331119 0.0103178 -0.0187146 -0.000336174 0.000806313 -0.0187146 0.0907772 
0.00981546 -0.0181249 0.000296134 -0.000374597 -0.0181249 0.0892858 -0.000369535 0.000901058 0.000296134 -0.000369535 0.0103242 -0.0187223 -0.000374597 0.000901058 -0.0187223 0.0907588 
0.00986202 -0.018169 0.000286186 -0.000362165 -0.018169 0.0894294 -0.000359632 0.000906678 0.000286186 -0.000359632 0.0103103 -0.0187186 -0.000362165 0.000906678 -0.0187186 0.0907666 
0.00984908 -0.0181465 0.000307784 -0.000351026 -0.0181465 0.0893565 -0.000358657 0.000890284 0.000307784 -0.000358657 0.0102942 -0.0187545 -0.000351026 0.000890284 -0.0187545 0.0908547 
0.00985815 -0.0181399 0.000323882 -0.000364367 -0.0181399 0.0893306 -0.000371958 0.000890675 0.000323882 -0.000371958 0.0102883 -0.0187345 -0.000364367 0.000890675 -0.0187345 0.0908615 
0.00983187 -0.0181195 0.000323517 -0.000396813 -0.0181195 0.0892527 -0.000401868 0.000955385 0.000323517 -0.000401868 0.0102919 -0.0187387 -0.000396813 0.000955385 -0.0187387 0.0908475 
0.00981117 -0.0180913 0.000298612 -0.000392244 -0.0180913 0.0891811 -0.000392244 0.000964162 0.000298612 -0.000392244 0.0102869 -0.0187442 -0.000392244 0.000964162 -0.0187442 0.0908513 
0.00977931 -0.018057 0.000264237 -0.00037603 -0.018057 0.089086 -0.000370948 0.000940074 0.000264237 -0.000370948 0.0102621 -0.0187253 -0.00037603 0.000940074 -0.0187253 0.0908289 
0.00978244 -0.0180691 0.000231884 -0.00032107 -0.0180691 0.0891275 -0.000315973 0.000838349 0.000231884 -0.000315973 0.0102207 -0.0186603 -0.00032107 0.000838349 -0.0186603 0.0906691 
0.00977133 -0.0180527 0.000214306 -0.000270434 -0.0180527 0.0890875 -0.000260229 0.000691392 0.000214306 -0.000260229 0.0102101 -0.0186293 -0.000270434 0.000691392 -0.0186293 0.0905825 
0.00974048 -0.0180482 0.000188987 -0.000260495 -0.0180482 0.0890766 -0.000260495 0.000641022 0.000188987 -0.000260495 0.010218 -0.0185973 -0.000260495 0.000641022 -0.0185973 0.0904761 
0.00970347 -0.0179812 0.000168934 -0.000230365 -0.0179812 0.0889335 -0.000232924 0.000581031 0.000168934 -0.000232924 0.0102282 -0.0186237 -0.000230365 0.000581031 -0.0186237 0.0904872 
0.00970782 -0.0179795 0.000186541 -0.000222316 -0.0179795 0.088924 -0.000222316 0.00056729 0.000186541 -0.000222316 0.0102393 -0.0186133 -0.000222316 0.00056729 -0.0186133 0.0904777 
0.00970538 -0.017956 0.00020601 -0.000239074 -0.017956 0.0888566 -0.000241617 0.000597685 0.00020601 -0.000241617 0.01027 -0.0186503 -0.000239074 0.000597685 -0.0186503 0.0905632 
0.00972518 -0.0179546 0.000218031 -0.000258594 -0.0179546 0.0888095 -0.000258594 0.000621134 0.000218031 -0.000258594 0.0102728 -0.0186898 -0.000258594 0.000621134 -0.0186898 0.0906576 
0.00975344 -0.0179907 0.000211147 -0.000264569 -0.0179907 0.0888749 -0.000262025 0.000638527 0.000211147 -0.000262025 0.0102292 -0.0186648 -0.000264569 0.000638527 -0.0186648 0.0906327 
0.00977249 -0.0180021 0.000211669 -0.000255023 -0.0180021 0.088896 -0.000262674 0.000632458 0.000211669 -0.000262674 0.010178 -0.0186371 -0.000255023 0.000632458 -0.0186371 0.0905894 
0.00979101 -0.0180295 0.000222523 -0.000255773 -0.0180295 0.0889657 -0.000260889 0.00063176 0.000222523 -0.000260889 0.0101363 -0.0185692 -0.000255773 0.00063176 -0.0185692 0.0904671 
0.00980708 -0.0180721 0.000217367 -0.000278741 -0.0180721 0.0890744 -0.000281298 0.000677673 0.000217367 -0.000281298 0.0101063 -0.0184992 -0.000278741 0.000677673 -0.0184992 0.0902686 
0.00978752 -0.0180791 0.000207482 -0.000279204 -0.0180791 0.0891226 -0.000279204 0.000699292 0.000207482 -0.000279204 0.0100898 -0.018448 -0.000279204 0.000699292 -0.018448 0.0900934 
0.00974778 -0.0180677 0.000177513 -0.000254693 -0.0180677 0.0891167 -0.000257265 0.000661171 0.000177513 -0.000257265 0.0100977 -0.0184176 -0.000254693 0.000661171 -0.0184176 0.0899579 
0.00969403 -0.0179914 0.000139149 -0.000200993 -0.0179914 0.088965 -0.000206146 0.000538557 0.000139149 -0.000206146 0.0101089 -0.0184269 -0.000200993 0.000538557 -0.0184269 0.0899468 
0.0096518 -0.0178658 0.000141976 -0.000172953 -0.0178658 0.0886267 -0.000170371 0.000462068 0.000141976 -0.000170371 0.010119 -0.0185034 -0.000172953 0.000462068 -0.0185034 0.0901239 
0.00965111 -0.0178409 0.000144586 -0.00014975 -0.0178409 0.0884892 -0.000147168 0.000366629 0.000144586 -0.000147168 0.0101081 -0.0184863 -0.00014975 0.000366629 -0.0184863 0.0901493 
0.0096333 -0.0178372 0.000157669 -0.000180931 -0.0178372 0.0884315 -0.000173177 0.000395464 0.000157669 -0.000173177 0.0101037 -0.0184628 -0.000180931 0.000395464 -0.0184628 0.0900987 
0.00963063 -0.0178486 0.000170454 -0.000216941 -0.0178486 0.0884784 -0.000201445 0.0004907 0.000170454 -0.000201445 0.0101033 -0.0184348 -0.000216941 0.0004907 -0.0184348 0.0900021 
0.0096223 -0.017843 0.000173258 -0.000230149 -0.017843 0.0884729 -0.000217219 0.000553392 0.000173258 -0.000217219 0.0101007 -0.0184326 -0.000230149 0.000553392 -0.0184326 0.0899702 
0.00962942 -0.0178352 0.000152438 -0.000206695 -0.0178352 0.0884605 -0.000206695 0.000529657 0.000152438 -0.000206695 0.0100945 -0.0184321 -0.000206695 0.000529657 -0.0184321 0.0899642 
0.00965151 -0.017808 0.00015492 -0.000191068 -0.017808 0.0883818 -0.00019365 0.000500908 0.00015492 -0.00019365 0.0100646 -0.018451 -0.000191068 0.000500908 -0.018451 0.0900059 
0.00968703 -0.0178714 0.000178146 -0.000201383 -0.0178714 0.0884871 -0.000206546 0.000511203 0.000178146 -0.000206546 0.0100227 -0.0183775 -0.000201383 0.000511203 -0.0183775 0.0898865 
0.00970869 -0.0179514 0.000165474 -0.000204257 -0.0179514 0.0886813 -0.000206843 0.000488666 0.000165474 -0.000206843 0.0100112 -0.0183108 -0.000204257 0.000488666 -0.0183108 0.0897026 
0.00971625 -0.0179413 0.00017028 -0.000193499 -0.0179413 0.0887234 -0.000193499 0.000479879 0.00017028 -0.000193499 0.0100155 -0.0183179 -0.000193499 0.000479879 -0.0183179 0.0896651 
0.00973021 -0.0179115 0.000166965 -0.000213202 -0.0179115 0.0886456 -0.000208064 0.000493189 0.000166965 -0.000208064 0.0100128 -0.0183559 -0.000213202 0.000493189 -0.0183559 0.0897578 
0.00972598 -0.0179226 0.000159358 -0.000215904 -0.0179226 0.0886236 -0.000215904 0.000537191 0.000159358 -0.000215904 0.0100087 -0.0183493 -0.000215904 0.000537191 -0.0183493 0.0897905 
0.00972611 -0.0179508 0.000159402 -0.000197967 -0.0179508 0.0887022 -0.000190254 0.000503917 0.000159402 -0.000190254 0.0100012 -0.0183261 -0.000197967 0.000503917 -0.0183261 0.0897281 
0.00969765 -0.0179445 0.000146622 -0.000192924 -0.0179445 0.0887193 -0.000182635 0.000468162 0.000146622 -0.000182635 0.0100218 -0.0183304 -0.000192924 0.000468162 -0.0183304 0.0897251 
0.00967173 -0.0179177 0.000161838 -0.00017982 -0.0179177 0.0886922 -0.000177251 0.000452118 0.000161838 -0.000177251 0.0100673 -0.0183724 -0.00017982 0.000452118 -0.0183724 0.0897993 
0.00964633 -0.017893 0.000148958 -0.000182345 -0.017893 0.0886404 -0.000184914 0.000426329 0.000148958 -0.000184914 0.0101137 -0.0184195 -0.000182345 0.000426329 -0.0184195 0.089922 
0.00965352 -0.0178597 0.000148319 -0.000189235 -0.0178597 0.0885771 -0.000189235 0.000465415 0.000148319 -0.000189235 0.0101343 -0.0184734 -0.000189235 0.000465415 -0.0184734 0.0900527 
0.0096828 -0.017884 0.000153533 -0.000202152 -0.017884 0.0885807 -0.00020471 0.000509217 0.000153533 -0.00020471 0.0101101 -0.0184828 -0.000202152 0.000509217 -0.0184828 0.0901058 
0.009717 -0.0179609 0.000202384 -0.000217755 -0.0179609 0.08878 -0.000215193 0.000553354 0.000202384 -0.000215193 0.0100808 -0.0184195 -0.000217755 0.000553354 -0.0184195 0.0899815 
0.00975161 -0.018015 0.000216986 -0.000245067 -0.018015 0.0889541 -0.000245067 0.000584586 0.000216986 -0.000245067 0.010086 -0.0183928 -0.000245067 0.000584586 -0.0183928 0.0898987 
0.00977152 -0.0180476 0.00020671 -0.000262854 -0.0180476 0.0890513 -0.000262854 0.000635442 0.00020671 -0.000262854 0.0100803 -0.0183972 -0.000262854 0.000635442 -0.0183972 0.089873 
0.00975819 -0.0180312 0.000227113 -0.000280701 -0.0180312 0.0890205 -0.000285805 0.000714512 0.000227113 -0.000285805 0.0101078 -0.018437 -0.000280701 0.000714512 -0.018437 0.0899774 
0.00974314 -0.0180086 0.00021731 -0.000281224 -0.0180086 0.0889768 -0.000283781 0.000715843 0.00021731 -0.000283781 0.0101369 -0.0184841 -0.000281224 0.000715843 -0.0184841 0.0901272 
0.00970886 -0.0179681 0.000210393 -0.000274537 -0.0179681 0.0888576 -0.000271971 0.000700454 0.000210393 -0.000271971 0.0101579 -0.0185377 -0.000274537 0.000700454 -0.0185377 0.0902791 
0.00969376 -0.0179557 0.00021336 -0.000262202 -0.0179557 0.0888197 -0.000259631 0.000678641 0.00021336 -0.000259631 0.0101745 -0.0185444 -0.000262202 0.000678641 -0.0185444 0.090326 
0.00969219 -0.017955 0.000203099 -0.000262229 -0.017955 0.0888339 -0.000262229 0.000668427 0.000203099 -0.000262229 0.0101858 -0.0185411 -0.000262229 0.000668427 -0.0185411 0.0903122 
0.00967502 -0.0179315 0.000185365 -0.000252302 -0.0179315 0.0887692 -0.000247153 0.000635905 0.000185365 -0.000247153 0.0102079 -0.0185648 -0.000252302 0.000635905 -0.0185648 0.0903448 
0.00968747 -0.0179213 0.000159232 -0.00022087 -0.0179213 0.0887462 -0.000213165 0.000552175 0.000159232 -0.000213165 0.010214 -0.0185865 -0.00022087 0.000552175 -0.0185865 0.0903975 
0.00972708 -0.0179691 0.000171549 -0.000202274 -0.0179691 0.0888521 -0.000194593 0.000509526 0.000171549 -0.000194593 0.0102033 -0.0185657 -0.000202274 0.000509526 -0.0185657 0.0903346 
0.00974043 -0.0179587 0.000176819 -0.000220383 -0.0179587 0.0888043 -0.000220383 0.000530458 0.000176819 -0.000220383 0.0101863 -0.0185942 -0.000220383 0.000530458 -0.0185942 0.0903905 
0.00973336 -0.0179683 0.000146 -0.000222843 -0.0179683 0.0887964 -0.000222843 0.000553265 0.000146 -0.000222843 0.010179 -0.0185753 -0.000222843 0.000553265 -0.0185753 0.0903947 
0.00970906 -0.0179742 0.000138738 -0.000192691 -0.0179742 0.0888178 -0.000190122 0.000516412 0.000138738 -0.000190122 0.0101869 -0.0185626 -0.000192691 0.000516412 -0.0185626 0.0903644 
0.00969838 -0.0179676 0.000115671 -0.000156799 -0.0179676 0.0888303 -0.000156799 0.000416416 0.000115671 -0.000156799 0.0101893 -0.0185536 -0.000156799 0.000416416 -0.0185536 0.0903263 
0.00969131 -0.0179626 0.000102717 -0.000133532 -0.0179626 0.088837 -0.000133532 0.000346669 0.000102717 -0.000133532 0.0102126 -0.0185583 -0.000133532 0.000346669 -0.0185583 0.0903187 
0.00965803 -0.0179055 0.00011305 -0.000118188 -0.0179055 0.0886925 -0.000131035 0.000303178 0.00011305 -0.000131035 0.0102464 -0.0186223 -0.000118188 0.000303178 -0.0186223 0.0904679 
0.00964699 -0.0178395 0.000122696 -0.000148258 -0.0178395 0.0885075 -0.00015337 0.000357864 0.000122696 -0.00015337 0.0102733 -0.0186882 -0.000148258 0.000357864 -0.0186882 0.0906546 
0.00963615 -0.0178246 0.000153198 -0.000168518 -0.0178246 0.0884029 -0.000165965 0.000400868 0.000153198 -0.000165965 0.0102617 -0.018708 -0.000168518 0.000400868 -0.018708 0.0907315 
0.00964997 -0.0178394 0.000183518 -0.000203908 -0.0178394 0.0884172 -0.000196262 0.00046644 0.000183518 -0.000196262 0.0102388 -0.0186806 -0.000203908 0.00046644 -0.0186806 0.090701 
0.00968013 -0.0178974 0.000161122 -0.000230175 -0.0178974 0.0885764 -0.00022506 0.000539632 0.000161122 -0.00022506 0.010207 -0.0186237 -0.000230175 0.000539632 -0.0186237 0.0905713 
0.00968417 -0.0179583 0.000149782 -0.000227255 -0.0179583 0.0887689 -0.000219508 0.000586215 0.000149782 -0.000219508 0.0101568 -0.0185445 -0.000227255 0.000586215 -0.0185445 0.0903313 
0.00969674 -0.0179641 0.000157105 -0.000195738 -0.0179641 0.0888649 -0.000195738 0.000533127 0.000157105 -0.000195738 0.01015 -0.0184946 -0.000195738 0.000533127 -0.0184946 0.0901964 
0.00967266 -0.0179233 0.000178072 -0.000193556 -0.0179233 0.0887521 -0.000196137 0.000498085 0.000178072 -0.000196137 0.0101578 -0.0185195 -0.000193556 0.000498085 -0.0185195 0.0902024 
0.00965364 -0.017902 0.000160162 -0.000209244 -0.017902 0.0886858 -0.000211827 0.000508902 0.000160162 -0.000211827 0.0101548 -0.0185013 -0.000209244 0.000508902 -0.0185013 0.0901557 
0.00965679 -0.0178671 0.000178542 -0.000209593 -0.0178671 0.0885878 -0.000214768 0.00053045 0.000178542 -0.000214768 0.0101303 -0.0185088 -0.000209593 0.00053045 -0.0185088 0.0901585 
0.00967245 -0.01786 0.000177878 -0.000216547 -0.01786 0.0885214 -0.000213969 0.000523323 0.000177878 -0.000213969 0.0101313 -0.0185045 -0.000216547 0.000523323 -0.0185045 0.0902048 
0.00967349 -0.0178833 0.000167495 -0.000211302 -0.0178833 0.0885353 -0.000211302 0.0005231 0.000167495 -0.000211302 0.0101528 -0.0185043 -0.000211302 0.0005231 -0.0185043 0.0902077 
0.00964388 -0.0178832 0.000123475 -0.000200646 -0.0178832 0.0885518 -0.000200646 0.000499043 0.000123475 -0.000200646 0.0101944 -0.0185315 -0.000200646 0.000499043 -0.0185315 0.0902651 
0.00964536 -0.0178624 9.45373e-05 -0.000132863 -0.0178624 0.0885457 -0.000132863 0.000365374 9.45373e-05 -0.000132863 0.010256 -0.0185983 -0.000132863 0.000365374 -0.0185983 0.0904109 
0.00964191 -0.0178664 0.000101788 -0.000132325 -0.0178664 0.0885381 -0.000127236 0.000346081 0.000101788 -0.000127236 0.0102806 -0.0186553 -0.000132325 0.000346081 -0.0186553 0.0905306 
0.00966778 -0.0178918 0.000119891 -0.000153052 -0.0178918 0.0886119 -0.000153052 0.000392833 0.000119891 -0.000153052 0.010257 -0.0186723 -0.000153052 0.000392833 -0.0186723 0.0905786 
0.00968365 -0.0179235 0.000122223 -0.000147686 -0.0179235 0.088701 -0.000150233 0.00038704 0.000122223 -0.000150233 0.010254 -0.0186492 -0.000147686 0.00038704 -0.0186492 0.0905852 
0.00970512 -0.0179136 0.000173671 -0.000176225 -0.0179136 0.0887099 -0.000181332 0.000452054 0.000173671 -0.000181332 0.010221 -0.0186619 -0.000176225 0.000452054 -0.0186619 0.0905947 
0.00971159 -0.0179061 0.000217462 -0.000225137 -0.0179061 0.088658 -0.000227695 0.000534701 0.000217462 -0.000227695 0.01019 -0.0186531 -0.000225137 0.000534701 -0.0186531 0.0906433 
0.00972949 -0.0179616 0.000237242 -0.000290813 -0.0179616 0.0887618 -0.000288262 0.000683666 0.000237242 -0.000288262 0.0101861 -0.0185942 -0.000290813 0.000683666 -0.0185942 0.0905246 
0.00973434 -0.0180267 0.000203807 -0.00028533 -0.0180267 0.0889516 -0.000282782 0.000700587 0.000203807 -0.000282782 0.010198 -0.0185337 -0.00028533 0.000700587 -0.0185337 0.0903222 
0.00972454 -0.0180275 0.000180555 -0.000241588 -0.0180275 0.0890416 -0.000233959 0.000625585 0.000180555 -0.000233959 0.0102306 -0.0185616 -0.000241588 0.000625585 -0.0185616 0.0903106 
