0.00775926 0 -0.00011854 0 0 0.00998442 0 0 -0.00011854 0 0.00685498 0 0 0 0 0.00998442 
0.0108652 -0.0134967 -0.000138823 0.000169673 -0.0134967 0.0350668 0.000169673 -0.000317751 -0.000138823 0.000169673 0.00975157 -0.0121146 0.000169673 -0.000317751 -0.0121146 0.0324106 
0.0107594 -0.0201711 -0.000107059 0.000163737 -0.0201711 0.073713 0.000163737 -0.000535293 -0.000107059 0.000163737 0.00993756 -0.0185747 0.000163737 -0.000535293 -0.0185747 0.0685836 
0.0100993 -0.0195565 -9.99328e-05 0.000142328 -0.0195565 0.0872353 0.000151413 -0.000499664 -9.99328e-05 0.000151413 0.0094815 -0.0185057 0.000142328 -0.000499664 -0.0185057 0.0831532 
0.0100954 -0.0187531 -8.32197e-05 0.000149222 -0.0187531 0.0896305 0.000146352 -0.000413229 -8.32197e-05 0.000146352 0.00944401 -0.0179209 0.000149222 -0.000413229 -0.0179209 0.0869445 
0.0103021 -0.0186747 -6.02144e-05 0.000109481 -0.0186747 0.0902505 0.000106744 -0.000287387 -6.02144e-05 0.000106744 0.00956588 -0.0178289 0.000109481 -0.000287387 -0.0178289 0.0881129 
0.0104595 -0.0188012 -3.43715e-05 7.93189e-05 -0.0188012 0.0907488 7.4031e-05 -0.000198297 -3.43715e-05 7.4031e-05 0.00966369 -0.017934 7.93189e-05 -0.000198297 -0.017934 0.0887314 
0.0105114 -0.0189458 -4.91427e-05 5.94886e-05 -0.0189458 0.0911675 5.69021e-05 -0.00016812 -4.91427e-05 5.69021e-05 0.00970439 -0.0179552 5.94886e-05 -0.00016812 -0.0179552 0.0888862 
0.0104929 -0.0189608 -7.9259e-05 8.18157e-05 -0.0189608 0.0913012 7.9259e-05 -0.000209653 -7.9259e-05 7.9259e-05 0.00973862 -0.0179918 8.18157e-05 -0.000209653 -0.0179918 0.0889567 
0.0104569 -0.0189556 -9.66343e-05 0.000119521 -0.0189556 0.0913296 0.000111892 -0.000272102 -9.66343e-05 0.000111892 0.00973209 -0.0179816 0.000119521 -0.000272102 -0.0179816 0.0888985 
0.0104194 -0.0189066 -0.000116645 0.00014961 -0.0189066 0.0912443 0.000134395 -0.000349935 -0.000116645 0.000134395 0.00975507 -0.0180039 0.00014961 -0.000349935 -0.0180039 0.0889342 
0.0103716 -0.0188419 -0.000124713 0.00014762 -0.0188419 0.091084 0.00014253 -0.000358869 -0.000124713 0.00014253 0.00975309 -0.01803 0.00014762 -0.000358869 -0.01803 0.0890046 
0.010358 -0.0188337 -9.94738e-05 0.000147935 -0.0188337 0.0910619 0.000158138 -0.000380041 -9.94738e-05 0.000158138 0.00972548 -0.0179971 0.000147935 -0.000380041 -0.0179971 0.0889347 
0.0103398 -0.0188086 -0.000107201 0.00013783 -0.0188086 0.091011 0.000150592 -0.000400727 -0.000107201 0.000150592 0.00971444 -0.0179689 0.00013783 -0.000400727 -0.0179689 0.088872 
0.0103479 -0.0187807 -0.000102 0.0001173 -0.0187807 0.090948 0.00013515 -0.000336599 -0.000102 0.00013515 0.00971292 -0.0179749 0.0001173 -0.000336599 -0.0179749 0.0888774 
0.0103658 -0.018794 -8.6573e-05 0.000122221 -0.018794 0.0909602 0.000142591 -0.000333561 -8.6573e-05 0.000142591 0.00968345 -0.0179486 0.000122221 -0.000333561 -0.0179486 0.0888188 
0.0103836 -0.018806 -6.86815e-05 0.000111925 -0.018806 0.0909775 0.0001221 -0.00031797 -6.86815e-05 0.0001221 0.00966374 -0.0179335 0.000111925 -0.00031797 -0.0179335 0.0887848 
0.0103618 -0.0187916 -7.65652e-05 9.18782e-05 -0.0187916 0.0909212 9.95347e-05 -0.000273082 -7.65652e-05 9.95347e-05 0.00967018 -0.0179443 9.18782e-05 -0.000273082 -0.0179443 0.0888182 
0.0103363 -0.0187858 -7.39398e-05 0.000119833 -0.0187858 0.0909077 0.000117284 -0.000305958 -7.39398e-05 0.000117284 0.00967591 -0.0179189 0.000119833 -0.000305958 -0.0179189 0.0887787 
0.010307 -0.0187494 -7.15234e-05 0.000120057 -0.0187494 0.0908424 0.000120057 -0.00032441 -7.15234e-05 0.000120057 0.00968887 -0.0179345 0.000120057 -0.00032441 -0.0179345 0.088781 
0.0102861 -0.0186959 -0.000102247 0.000112472 -0.0186959 0.0907113 9.7135e-05 -0.000296517 -0.000102247 9.7135e-05 0.00970072 -0.0179649 0.000112472 -0.000296517 -0.0179649 0.0888632 
0.0102828 -0.0186778 -0.000112548 0.000112548 -0.0186778 0.0906314 0.000107432 -0.000250674 -0.000112548 0.000107432 0.00967909 -0.017959 0.000112548 -0.000250674 -0.017959 0.0888563 
0.0102832 -0.0187077 -0.000117289 0.000135138 -0.0187077 0.0907005 0.000127489 -0.000288124 -0.000117289 0.000127489 0.00967638 -0.0179019 0.000135138 -0.000288124 -0.0179019 0.088727 
0.0102773 -0.0186869 -0.000109414 0.000147582 -0.0186869 0.0906762 0.000142493 -0.000330786 -0.000109414 0.000142493 0.00969458 -0.0179286 0.000147582 -0.000330786 -0.0179286 0.0887423 
0.0102764 -0.018685 -9.65634e-05 0.000129598 -0.018685 0.0906705 0.000127057 -0.00031256 -9.65634e-05 0.000127057 0.00971478 -0.0179506 0.000129598 -0.00031256 -0.0179506 0.0887976 
0.0102953 -0.0186883 -8.87744e-05 0.000126821 -0.0186883 0.0906995 0.000126821 -0.000322124 -8.87744e-05 0.000126821 0.0097246 -0.0179831 0.000126821 -0.000322124 -0.0179831 0.0888657 
0.0103048 -0.0187084 -7.87988e-05 0.000124553 -0.0187084 0.0907254 0.000124553 -0.000330447 -7.87988e-05 0.000124553 0.00971005 -0.0179865 0.000124553 -0.000330447 -0.0179865 0.0889028 
0.0103127 -0.0187337 -7.90345e-05 0.000135123 -0.0187337 0.0907978 0.000130024 -0.00035693 -7.90345e-05 0.000130024 0.009683 -0.0179459 0.000135123 -0.00035693 -0.0179459 0.0888347 
0.0103135 -0.0187203 -5.87883e-05 9.96846e-05 -0.0187203 0.0907794 9.45726e-05 -0.00027605 -5.87883e-05 9.45726e-05 0.00966685 -0.0179483 9.96846e-05 -0.00027605 -0.0179483 0.0888343 
0.0103252 -0.0187483 -3.84029e-05 8.19261e-05 -0.0187483 0.0908304 7.93659e-05 -0.000232977 -3.84029e-05 7.93659e-05 0.00963656 -0.0178932 8.19261e-05 -0.000232977 -0.0178932 0.0887157 
0.0103307 -0.0187578 -2.54826e-05 4.8417e-05 -0.0187578 0.0908686 5.09653e-05 -0.000155444 -2.54826e-05 5.09653e-05 0.00964008 -0.0178659 4.8417e-05 -0.000155444 -0.0178659 0.0886261 
0.0103288 -0.0187773 -1.52455e-05 2.03273e-05 -0.0187773 0.0909163 3.04909e-05 -7.87682e-05 -1.52455e-05 3.04909e-05 0.00964783 -0.0178448 2.03273e-05 -7.87682e-05 -0.0178448 0.088538 
0.010319 -0.0187361 -7.61735e-06 1.77738e-05 -0.0187361 0.0908216 3.04694e-05 -5.58605e-05 -7.61735e-06 3.04694e-05 0.00966387 -0.0179135 1.77738e-05 -5.58605e-05 -0.0179135 0.0886634 
0.0103174 -0.0187225 1.0185e-05 0 -0.0187225 0.0907709 1.52774e-05 -2.80086e-05 1.0185e-05 1.52774e-05 0.00966807 -0.0179383 0 -2.80086e-05 -0.0179383 0.0887746 
0.0103028 -0.0187351 1.28112e-05 -1.28112e-05 -0.0187351 0.0907726 -7.68673e-06 1.53735e-05 1.28112e-05 -7.68673e-06 0.00965453 -0.0179178 -1.28112e-05 1.53735e-05 -0.0179178 0.0887587 
0.0102547 -0.0186992 -1.02856e-05 2.57139e-06 -0.0186992 0.090706 0 -7.71418e-06 -1.02856e-05 0 0.00966073 -0.0179046 2.57139e-06 -7.71418e-06 -0.0179046 0.0887131 
0.0102361 -0.018673 -3.59343e-05 2.31006e-05 -0.018673 0.0906725 1.79671e-05 -3.8501e-05 -3.59343e-05 1.79671e-05 0.00966376 -0.0178799 2.31006e-05 -3.8501e-05 -0.0178799 0.0886268 
0.0102491 -0.0186399 -6.1265e-05 6.1265e-05 -0.0186399 0.0906007 5.36068e-05 -0.000117425 -6.1265e-05 5.36068e-05 0.00967731 -0.0179021 6.1265e-05 -0.000117425 -0.0179021 0.0886479 
0.0102939 -0.0186655 -6.34019e-05 0.000109051 -0.0186655 0.0906216 0.000101443 -0.000240927 -6.34019e-05 0.000101443 0.00968274 -0.0179148 0.000109051 -0.000240927 -0.0179148 0.0886916 
0.0103341 -0.0186954 -2.78206e-05 7.33451e-05 -0.0186954 0.0906672 6.82868e-05 -0.000197273 -2.78206e-05 6.82868e-05 0.00969167 -0.0179569 7.33451e-05 -0.000197273 -0.0179569 0.0888058 
0.0103682 -0.0187741 -1.51915e-05 4.30424e-05 -0.0187741 0.0908525 4.30424e-05 -0.000154446 -1.51915e-05 4.30424e-05 0.00967695 -0.0179512 4.30424e-05 -0.000154446 -0.0179512 0.0888143 
0.0103545 -0.0187783 -2.03228e-05 2.79439e-05 -0.0187783 0.0908761 3.04842e-05 -0.000106695 -2.03228e-05 3.04842e-05 0.00968891 -0.017973 2.79439e-05 -0.000106695 -0.017973 0.0889022 
0.0103691 -0.0187946 2.54394e-06 7.63182e-06 -0.0187946 0.0909484 1.27197e-05 -4.57909e-05 2.54394e-06 1.27197e-05 0.00964662 -0.0179348 7.63182e-06 -4.57909e-05 -0.0179348 0.088814 
0.0104007 -0.0187973 3.82473e-05 5.09963e-06 -0.0187973 0.0909647 1.01993e-05 -2.8048e-05 3.82473e-05 1.01993e-05 0.00958221 -0.0178844 5.09963e-06 -2.8048e-05 -0.0178844 0.0887234 
0.0103976 -0.0188383 5.08936e-05 -2.79915e-05 -0.0188383 0.0910257 -2.29021e-05 7.63403e-06 5.08936e-05 -2.29021e-05 0.00957562 -0.0178077 -2.79915e-05 7.63403e-06 -0.0178077 0.0885497 
0.0103602 -0.0188441 2.29433e-05 -3.82389e-05 -0.0188441 0.0910722 -3.56896e-05 5.60837e-05 2.29433e-05 -3.56896e-05 0.00957756 -0.0177709 -3.82389e-05 5.60837e-05 -0.0177709 0.0883675 
0.0103071 -0.0187999 0 -2.04152e-05 -0.0187999 0.091029 -2.8071e-05 6.37976e-05 0 -2.8071e-05 0.00960537 -0.0177791 -2.04152e-05 6.37976e-05 -0.0177791 0.0883291 
0.0102853 -0.0187319 -2.55726e-06 -2.55726e-06 -0.0187319 0.0908849 0 2.81298e-05 -2.55726e-06 0 0.00963063 -0.0178394 -2.55726e-06 2.81298e-05 -0.0178394 0.0884478 
0.0102911 -0.0187043 5.09585e-06 -1.01917e-05 -0.0187043 0.090803 -5.09585e-06 3.05751e-05 5.09585e-06 -5.09585e-06 0.009649 -0.0178686 -1.01917e-05 3.05751e-05 -0.0178686 0.0885557 
0.010311 -0.0187075 7.61706e-06 -2.53902e-06 -0.0187075 0.0907521 5.07804e-06 5.07804e-06 7.61706e-06 5.07804e-06 0.00966858 -0.0179026 -2.53902e-06 5.07804e-06 -0.0179026 0.0886651 
0.0103081 -0.0187143 1.27481e-05 -1.52978e-05 -0.0187143 0.0907336 -1.27481e-05 3.31452e-05 1.27481e-05 -1.27481e-05 0.00965034 -0.0179213 -1.52978e-05 3.31452e-05 -0.0179213 0.0887245 
0.0102826 -0.0186955 -3.06945e-05 1.53472e-05 -0.0186955 0.0906817 1.27894e-05 -3.83681e-05 -3.06945e-05 1.27894e-05 0.00966364 -0.0179307 1.53472e-05 -3.83681e-05 -0.0179307 0.0887914 
0.0102429 -0.0186665 -8.22311e-05 7.4522e-05 -0.0186665 0.0905956 6.68128e-05 -0.000159323 -8.22311e-05 6.68128e-05 0.00965702 -0.0179161 7.4522e-05 -0.000159323 -0.0179161 0.0887634 
0.0102501 -0.0186312 -8.97335e-05 0.000102553 -0.0186312 0.0905385 9.99887e-05 -0.000230743 -8.97335e-05 9.99887e-05 0.00963737 -0.017898 0.000102553 -0.000230743 -0.017898 0.0887105 
0.0102637 -0.0186259 -7.17564e-05 0.00011276 -0.0186259 0.0904772 0.000110197 -0.000284463 -7.17564e-05 0.000110197 0.00961536 -0.0178776 0.00011276 -0.000284463 -0.0178776 0.0886602 
0.0102475 -0.0186657 -6.17473e-05 0.000102912 -0.0186657 0.0905447 0.000102912 -0.000283008 -6.17473e-05 0.000102912 0.00960428 -0.017827 0.000102912 -0.000283008 -0.017827 0.088525 
0.0102063 -0.01863 -6.18252e-05 7.98576e-05 -0.01863 0.0905147 8.24336e-05 -0.000236997 -6.18252e-05 8.24336e-05 0.00963701 -0.0178314 7.98576e-05 -0.000236997 -0.0178314 0.0884899 
0.0102087 -0.0185762 -5.65721e-05 9.51441e-05 -0.0185762 0.0903997 9.00011e-05 -0.000252003 -5.65721e-05 9.00011e-05 0.00963784 -0.0178665 9.51441e-05 -0.000252003 -0.0178665 0.0885483 
0.0102162 -0.0185751 -3.59635e-05 7.44957e-05 -0.0185751 0.0903505 6.93581e-05 -0.000202937 -3.59635e-05 6.93581e-05 0.00961766 -0.0178482 7.44957e-05 -0.000202937 -0.0178482 0.0885215 
0.0102154 -0.0185723 -3.59879e-05 4.62701e-05 -0.0185723 0.0903193 4.88407e-05 -0.000149093 -3.59879e-05 4.88407e-05 0.00960619 -0.0178423 4.62701e-05 -0.000149093 -0.0178423 0.0885276 
0.0101973 -0.0185959 -4.63866e-05 5.66947e-05 -0.0185959 0.090374 6.44258e-05 -0.000149468 -4.63866e-05 6.44258e-05 0.00959172 -0.0177918 5.66947e-05 -0.000149468 -0.0177918 0.0883897 
0.010151 -0.0185533 -5.94989e-05 6.72596e-05 -0.0185533 0.0903089 7.24334e-05 -0.000173323 -5.94989e-05 7.24334e-05 0.00959743 -0.0177953 6.72596e-05 -0.000173323 -0.0177953 0.0883532 
0.0101225 -0.0184974 -5.1857e-05 7.00069e-05 -0.0184974 0.0901845 7.51926e-05 -0.000176314 -5.1857e-05 7.51926e-05 0.00961429 -0.0178181 7.00069e-05 -0.000176314 -0.0178181 0.0884058 
0.0101279 -0.0184737 -2.57904e-05 5.67389e-05 -0.0184737 0.0901169 5.67389e-05 -0.000152163 -2.57904e-05 5.67389e-05 0.0096353 -0.0178263 5.67389e-05 -0.000152163 -0.0178263 0.0884327 
0.0101441 -0.0184743 -1.53931e-05 5.13105e-06 -0.0184743 0.0900909 1.28276e-05 -4.61794e-05 -1.53931e-05 1.28276e-05 0.00964637 -0.0178509 5.13105e-06 -4.61794e-05 -0.0178509 0.0884644 
0.0101758 -0.0184906 -2.2976e-05 7.65867e-06 -0.0184906 0.0901093 1.27644e-05 -2.04231e-05 -2.2976e-05 1.27644e-05 0.00964992 -0.0178779 7.65867e-06 -2.04231e-05 -0.0178779 0.0885444 
0.0101832 -0.0185527 -4.84672e-05 5.86708e-05 -0.0185527 0.0902331 6.12217e-05 -0.000130096 -4.84672e-05 6.12217e-05 0.00965517 -0.0178614 5.86708e-05 -0.000130096 -0.0178614 0.0885291 
0.0101543 -0.0185522 -8.96117e-05 9.2172e-05 -0.0185522 0.0902851 9.72927e-05 -0.000238111 -8.96117e-05 9.72927e-05 0.00966782 -0.0178763 9.2172e-05 -0.000238111 -0.0178763 0.0885645 
0.0101354 -0.018528 -0.000108125 0.000120997 -0.018528 0.0902791 0.000120997 -0.000296056 -0.000108125 0.000120997 0.0096643 -0.0178895 0.000120997 -0.000296056 -0.0178895 0.0885954 
0.0101402 -0.0185118 -9.52494e-05 0.000136438 -0.0185118 0.0902629 0.000128715 -0.000326937 -9.52494e-05 0.000128715 0.00966395 -0.0178863 0.000136438 -0.000326937 -0.0178863 0.0886051 
0.0101651 -0.0185287 -7.44227e-05 0.000105218 -0.0185287 0.0902824 9.75194e-05 -0.000269462 -7.44227e-05 9.75194e-05 0.00964672 -0.0178589 0.000105218 -0.000269462 -0.0178589 0.0885374 
0.0101799 -0.0185279 -4.84756e-05 8.41944e-05 -0.0185279 0.0902641 7.90917e-05 -0.000214313 -4.84756e-05 7.90917e-05 0.00966705 -0.0178824 8.41944e-05 -0.000214313 -0.0178824 0.0885929 
0.0101858 -0.0185293 -5.86856e-05 6.37887e-05 -0.0185293 0.0902329 6.63402e-05 -0.000178608 -5.86856e-05 6.63402e-05 0.00968312 -0.0179272 6.37887e-05 -0.000178608 -0.0179272 0.0886969 
0.0101922 -0.018565 -8.70035e-05 0.000102357 -0.018565 0.090307 0.000102357 -0.000253334 -8.70035e-05 0.000102357 0.00966506 -0.017915 0.000102357 -0.000253334 -0.017915 0.0886847 
0.0102018 -0.0185935 -7.17897e-05 0.000133324 -0.0185935 0.090414 0.000133324 -0.000325618 -7.17897e-05 0.000133324 0.00963521 -0.0178679 0.000133324 -0.000325618 -0.0178679 0.0885962 
0.0101915 -0.0185898 -5.65195e-05 0.000102763 -0.0185898 0.0904312 9.76246e-05 -0.000292874 -5.65195e-05 9.76246e-05 0.00963144 -0.017855 0.000102763 -0.000292874 -0.017855 0.0885481 
0.0101827 -0.0185682 -5.8963e-05 6.15266e-05 -0.0185682 0.090398 5.8963e-05 -0.00018458 -5.8963e-05 5.8963e-05 0.00966994 -0.0178812 6.15266e-05 -0.00018458 -0.0178812 0.0886137 
0.0102147 -0.0185609 -4.60696e-05 6.6545e-05 -0.0185609 0.0903604 6.39856e-05 -0.000140768 -4.60696e-05 6.39856e-05 0.00967462 -0.0179288 6.6545e-05 -0.000140768 -0.0179288 0.0887147 
0.010239 -0.0185886 -4.3581e-05 5.89626e-05 -0.0185886 0.0903819 5.6399e-05 -0.00013587 -4.3581e-05 5.6399e-05 0.00966986 -0.0179349 5.89626e-05 -0.00013587 -0.0179349 0.0887669 
0.0102519 -0.0186139 -6.41062e-05 6.41062e-05 -0.0186139 0.0904256 5.64134e-05 -0.000146162 -6.41062e-05 5.64134e-05 0.00965696 -0.0179241 6.41062e-05 -0.000146162 -0.0179241 0.0887742 
0.0102491 -0.0186531 -8.70084e-05 8.18902e-05 -0.0186531 0.0905297 7.67721e-05 -0.000171458 -8.70084e-05 7.67721e-05 0.00964513 -0.0178674 8.18902e-05 -0.000171458 -0.0178674 0.0886283 
0.0102384 -0.0186679 -9.22379e-05 0.00011786 -0.0186679 0.0906109 0.00013067 -0.000279276 -9.22379e-05 0.00013067 0.00963118 -0.0178404 0.00011786 -0.000279276 -0.0178404 0.0884997 
0.0102141 -0.0186314 -9.49794e-05 0.000128351 -0.0186314 0.0905488 0.000133485 -0.000333712 -9.49794e-05 0.000133485 0.00963913 -0.017851 0.000128351 -0.000333712 -0.017851 0.0885106 
0.0102067 -0.0185995 -7.94194e-05 0.000140905 -0.0185995 0.0904715 0.000143467 -0.000371478 -7.94194e-05 0.000143467 0.00965073 -0.0178591 0.000140905 -0.000371478 -0.0178591 0.0885423 
0.0102027 -0.0185732 -5.3739e-05 7.93289e-05 -0.0185732 0.0903787 8.18879e-05 -0.000243105 -5.3739e-05 8.18879e-05 0.00966278 -0.0178925 7.93289e-05 -0.000243105 -0.0178925 0.0886206 
0.0101802 -0.0185622 -6.90617e-05 6.3946e-05 -0.0185622 0.090325 7.16195e-05 -0.00018928 -6.90617e-05 7.16195e-05 0.00967631 -0.0178972 6.3946e-05 -0.00018928 -0.0178972 0.0886521 
0.010171 -0.0185564 -7.17353e-05 9.22311e-05 -0.0185564 0.0903122 9.7355e-05 -0.000225454 -7.17353e-05 9.7355e-05 0.00966889 -0.0179005 9.22311e-05 -0.000225454 -0.0179005 0.088652 
0.0101585 -0.0185381 -0.000100401 0.00010555 -0.0185381 0.0902732 0.00010555 -0.000254864 -0.000100401 0.00010555 0.00966422 -0.01791 0.00010555 -0.000254864 -0.01791 0.0886823 
0.0101556 -0.0185 -0.000105332 0.000136161 -0.0185 0.0901851 0.000131023 -0.000313428 -0.000105332 0.000131023 0.00969058 -0.0179373 0.000136161 -0.000313428 -0.0179373 0.0887798 
0.0101531 -0.0184764 -0.000107794 0.000138592 -0.0184764 0.0900976 0.000133459 -0.000336214 -0.000107794 0.000133459 0.00970657 -0.0179733 0.000138592 -0.000336214 -0.0179733 0.0888811 
0.0101778 -0.0185263 -9.49275e-05 0.00012828 -0.0185263 0.090176 0.000118018 -0.000318136 -9.49275e-05 0.000118018 0.00969287 -0.0179464 0.00012828 -0.000318136 -0.0179464 0.0888163 
0.0102235 -0.0185519 -5.87409e-05 0.00010982 -0.0185519 0.0902541 0.000104712 -0.000270719 -5.87409e-05 0.000104712 0.00965394 -0.0179236 0.00010982 -0.000270719 -0.0179236 0.0887473 
0.010278 -0.0186346 -4.06647e-05 6.0997e-05 -0.0186346 0.0904331 6.60801e-05 -0.000177908 -4.06647e-05 6.60801e-05 0.00962228 -0.017867 6.0997e-05 -0.000177908 -0.017867 0.0886185 
0.0102757 -0.0186845 -5.34134e-05 5.08699e-05 -0.0186845 0.0906043 5.85004e-05 -0.000144979 -5.34134e-05 5.85004e-05 0.00963475 -0.0178426 5.08699e-05 -0.000144979 -0.0178426 0.0885212 
0.010244 -0.0186909 -7.65812e-05 8.42393e-05 -0.0186909 0.0906849 8.16866e-05 -0.000196558 -7.65812e-05 8.16866e-05 0.00965179 -0.017846 8.42393e-05 -0.000196558 -0.017846 0.0884947 
0.0102115 -0.0186563 -8.96197e-05 0.000120346 -0.0186563 0.0906568 0.000120346 -0.000284223 -8.96197e-05 0.000120346 0.00965076 -0.0178599 0.000120346 -0.000284223 -0.0178599 0.0885059 
0.0101799 -0.018592 -0.000125173 0.000125173 -0.018592 0.0904948 0.000117509 -0.000301436 -0.000125173 0.000117509 0.00970217 -0.0179176 0.000125173 -0.000301436 -0.0179176 0.0886683 
0.0101682 -0.0185476 -0.00014289 0.000168406 -0.0185476 0.0903626 0.000160751 -0.000377638 -0.00014289 0.000160751 0.00972672 -0.0179659 0.000168406 -0.000377638 -0.0179659 0.0888061 
0.0101465 -0.0185238 -0.000197443 0.000197443 -0.0185238 0.0902471 0.000197443 -0.000474377 -0.000197443 0.000197443 0.00973371 -0.0179956 0.000197443 -0.000474377 -0.0179956 0.0889009 
0.0101289 -0.018488 -0.000214531 0.000245179 -0.018488 0.0901722 0.000242625 -0.000561868 -0.000214531 0.000242625 0.00975863 -0.018013 0.000245179 -0.000561868 -0.018013 0.0889769 
0.0101343 -0.0185049 -0.000218873 0.000274864 -0.0185049 0.0901935 0.000269774 -0.000651529 -0.000218873 0.000269774 0.0097653 -0.0180087 0.000274864 -0.000651529 -0.0180087 0.0889439 
0.0101489 -0.0185031 -0.000196299 0.000265132 -0.0185031 0.0901881 0.000260033 -0.000670477 -0.000196299 0.000260033 0.00973084 -0.0180035 0.000265132 -0.000670477 -0.0180035 0.0889032 
0.0101288 -0.0185196 -0.0001843 0.000250853 -0.0185196 0.0902021 0.000248293 -0.00064761 -0.0001843 0.000248293 0.00971416 -0.0179641 0.000250853 -0.00064761 -0.0179641 0.0888378 
0.0101228 -0.0185006 -0.000178848 0.000212063 -0.0185006 0.0902086 0.000212063 -0.00056976 -0.000178848 0.000212063 0.00971147 -0.0179462 0.000212063 -0.00056976 -0.0179462 0.088788 
0.0101091 -0.0184959 -0.00021943 0.000229636 -0.0184959 0.090191 0.000232188 -0.000574091 -0.00021943 0.000232188 0.00972638 -0.0179448 0.000229636 -0.000574091 -0.0179448 0.0887519 
0.010112 -0.0184635 -0.000239126 0.000249301 -0.0184635 0.0901325 0.000246757 -0.000580007 -0.000239126 0.000246757 0.0097609 -0.017998 0.000249301 -0.000580007 -0.017998 0.0888682 
0.010147 -0.0184673 -0.000215947 0.000271839 -0.0184673 0.0901211 0.000271839 -0.000622436 -0.000215947 0.000271839 0.00976081 -0.0180405 0.000271839 -0.000622436 -0.0180405 0.0889956 
0.0102041 -0.0185412 -0.000182398 0.000263463 -0.0185412 0.0902666 0.000258397 -0.000653591 -0.000182398 0.000258397 0.00975067 -0.018032 0.000263463 -0.000653591 -0.018032 0.0890252 
0.0102022 -0.0186043 -0.000160404 0.000239333 -0.0186043 0.0904221 0.000244425 -0.000649255 -0.000160404 0.000244425 0.00974137 -0.018006 0.000239333 -0.000649255 -0.018006 0.0889683 
0.0102024 -0.0186153 -0.000166163 0.000227515 -0.0186153 0.0905126 0.000230071 -0.000626305 -0.000166163 0.000230071 0.00971412 -0.0179865 0.000227515 -0.000626305 -0.0179865 0.0889021 
0.0102202 -0.0186039 -0.000161372 0.000212601 -0.0186039 0.0905193 0.000210039 -0.000573766 -0.000161372 0.000210039 0.00968999 -0.0179609 0.000212601 -0.000573766 -0.0179609 0.0888543 
0.010252 -0.0186146 -0.00012223 0.000190984 -0.0186146 0.0905264 0.000188438 -0.000504198 -0.00012223 0.000188438 0.0096969 -0.01795 0.000190984 -0.000504198 -0.01795 0.0888407 
0.0102497 -0.0186641 -0.000114707 0.000158041 -0.0186641 0.0906007 0.00016059 -0.000433337 -0.000114707 0.00016059 0.00969146 -0.0179223 0.000158041 -0.000433337 -0.0179223 0.0887475 
0.0102406 -0.0186548 -0.000128264 0.000133395 -0.0186548 0.0906059 0.000138525 -0.00035401 -0.000128264 0.000138525 0.0096737 -0.0179339 0.000133395 -0.00035401 -0.0179339 0.0887281 
0.0102053 -0.0186318 -0.000147379 0.000162893 -0.0186318 0.0905579 0.000165478 -0.000382668 -0.000147379 0.000165478 0.00964944 -0.0178949 0.000162893 -0.000382668 -0.0178949 0.0886549 
0.0102003 -0.0186071 -0.000149248 0.000180127 -0.0186071 0.0905163 0.000177554 -0.000414292 -0.000149248 0.000177554 0.00964193 -0.0178506 0.000180127 -0.000414292 -0.0178506 0.0885375 
0.010186 -0.0185657 -0.000149453 0.000185528 -0.0185657 0.0903935 0.000180375 -0.000432899 -0.000149453 0.000180375 0.00963716 -0.0178597 0.000185528 -0.000432899 -0.0178597 0.0885202 
0.0101762 -0.0185482 -0.000112926 0.000182222 -0.0185482 0.090313 0.000171956 -0.000436307 -0.000112926 0.000171956 0.00966548 -0.0178655 0.000182222 -0.000436307 -0.0178655 0.0885549 
0.0101802 -0.0185614 -0.00011772 0.000168902 -0.0185614 0.0903475 0.000156107 -0.000447848 -0.00011772 0.000156107 0.00968374 -0.017873 0.000168902 -0.000447848 -0.017873 0.0885407 
0.0101696 -0.0185515 -0.000110288 0.000148761 -0.0185515 0.0903285 0.000138501 -0.000377031 -0.000110288 0.000138501 0.00970279 -0.017918 0.000148761 -0.000377031 -0.017918 0.0886485 
0.0101864 -0.018544 -0.000130628 0.000156241 -0.018544 0.0903123 0.000153679 -0.000397005 -0.000130628 0.000153679 0.00969717 -0.0179472 0.000156241 -0.000397005 -0.0179472 0.0887371 
0.0102074 -0.0185589 -0.000166161 0.000166161 -0.0185589 0.0903276 0.000166161 -0.000419237 -0.000166161 0.000166161 0.00968846 -0.0179428 0.000166161 -0.000419237 -0.0179428 0.0887734 
0.0102059 -0.0185851 -0.000181381 0.000212037 -0.0185851 0.0903838 0.000217146 -0.000495603 -0.000181381 0.000217146 0.00970514 -0.0179465 0.000212037 -0.000495603 -0.0179465 0.0887871 
0.0102196 -0.0186007 -0.00019205 0.00023046 -0.0186007 0.0904428 0.000235582 -0.000571029 -0.00019205 0.000235582 0.00969981 -0.0179554 0.00023046 -0.000571029 -0.0179554 0.0887963 
0.0102246 -0.0186098 -0.00018702 0.000225449 -0.0186098 0.0904691 0.000230573 -0.000558499 -0.00018702 0.000230573 0.00969687 -0.0179539 0.000225449 -0.000558499 -0.0179539 0.0888141 
0.0102383 -0.0186285 -0.000173573 0.000224624 -0.0186285 0.0905237 0.000227177 -0.000561561 -0.000173573 0.000227177 0.00971246 -0.017947 0.000224624 -0.000561561 -0.017947 0.0888007 
0.0102314 -0.0186418 -0.00017112 0.000219646 -0.0186418 0.0905708 0.0002222 -0.000572101 -0.00017112 0.0002222 0.00972828 -0.0179573 0.000219646 -0.000572101 -0.0179573 0.088806 
0.0102278 -0.0186192 -0.000172091 0.000233735 -0.0186192 0.0905145 0.000236303 -0.00060617 -0.000172091 0.000236303 0.00970128 -0.0179822 0.000233735 -0.00060617 -0.0179822 0.0888603 
0.0102073 -0.0186222 -0.000187455 0.000233677 -0.0186222 0.0905048 0.000236245 -0.000611154 -0.000187455 0.000236245 0.00969887 -0.0179469 0.000233677 -0.000611154 -0.0179469 0.0888177 
0.0101819 -0.0185941 -0.000177233 0.000226036 -0.0185941 0.0904402 0.000223468 -0.000567659 -0.000177233 0.000223468 0.00971186 -0.0179442 0.000226036 -0.000567659 -0.0179442 0.0887809 
0.0101741 -0.0185469 -0.0001907 0.000211316 -0.0185469 0.0903377 0.000208739 -0.000533445 -0.0001907 0.000208739 0.00971282 -0.017967 0.000211316 -0.000533445 -0.017967 0.0888172 
0.0101889 -0.0185548 -0.0001846 0.000235877 -0.0185548 0.0903206 0.000233314 -0.000564055 -0.0001846 0.000233314 0.00969405 -0.0179344 0.000235877 -0.000564055 -0.0179344 0.0887489 
0.0102056 -0.0185838 -0.000152932 0.000221751 -0.0185838 0.0903673 0.000214104 -0.000553103 -0.000152932 0.000214104 0.00969077 -0.0179083 0.000221751 -0.000553103 -0.0179083 0.0886749 
0.0102134 -0.0185914 -0.000147028 0.000190122 -0.0185914 0.0903892 0.000190122 -0.000504458 -0.000147028 0.000190122 0.00971398 -0.0179273 0.000190122 -0.000504458 -0.0179273 0.0887034 
0.0102156 -0.0185936 -0.000134149 0.00017971 -0.0185936 0.0904065 0.000174647 -0.000450539 -0.000134149 0.000174647 0.00972203 -0.0179659 0.00017971 -0.000450539 -0.0179659 0.0887866 
0.0101975 -0.0186167 -0.000147128 0.000152201 -0.0186167 0.0904633 0.000154738 -0.000388113 -0.000147128 0.000154738 0.00972312 -0.0179623 0.000152201 -0.000388113 -0.0179623 0.0887993 
0.0101739 -0.0185845 -0.000176072 0.000181175 -0.0185845 0.0904217 0.000178623 -0.00040573 -0.000176072 0.000178623 0.00971711 -0.0179746 0.000181175 -0.00040573 -0.0179746 0.0888447 
0.0101553 -0.0185314 -0.000167112 0.000208247 -0.0185314 0.0903021 0.000210818 -0.000467913 -0.000167112 0.000210818 0.00969763 -0.0179915 0.000208247 -0.000467913 -0.0179915 0.0889112 
0.0101787 -0.0185215 -0.000149762 0.000206569 -0.0185215 0.0902525 0.000214315 -0.000508676 -0.000149762 0.000214315 0.0096571 -0.0179534 0.000206569 -0.000508676 -0.0179534 0.0888737 
0.010176 -0.018552 -0.00011637 0.000183607 -0.018552 0.090288 0.000183607 -0.00047324 -0.00011637 0.000183607 0.00963806 -0.0178849 0.000183607 -0.00047324 -0.0178849 0.0887002 
0.0101536 -0.0185229 -0.000101147 0.000150424 -0.0185229 0.0902362 0.00014783 -0.000417556 -0.000101147 0.00014783 0.00965307 -0.0178797 0.000150424 -0.000417556 -0.0178797 0.0886282 
0.0101294 -0.0185316 -0.000129664 0.000140037 -0.0185316 0.0902619 0.000127071 -0.000360467 -0.000129664 0.000127071 0.00966259 -0.0178418 0.000140037 -0.000360467 -0.0178418 0.0884985 
0.010118 -0.0185104 -0.000163487 0.000181653 -0.0185104 0.0902502 0.000168677 -0.000415206 -0.000163487 0.000168677 0.00964835 -0.0178279 0.000181653 -0.000415206 -0.0178279 0.0883844 
0.0100936 -0.0184734 -0.000210014 0.000230756 -0.0184734 0.0901426 0.000220385 -0.000541887 -0.000210014 0.000220385 0.00966841 -0.0178434 0.000230756 -0.000541887 -0.0178434 0.088408 
0.0100859 -0.0184685 -0.000222294 0.000276575 -0.0184685 0.0901221 0.00027399 -0.000664297 -0.000222294 0.00027399 0.00967496 -0.0178378 0.000276575 -0.000664297 -0.0178378 0.0883851 
0.0100867 -0.0184541 -0.000221686 0.00028613 -0.0184541 0.0901025 0.000293863 -0.000729502 -0.000221686 0.000293863 0.00969232 -0.0178638 0.00028613 -0.000729502 -0.0178638 0.0884373 
0.010134 -0.0184255 -0.000197051 0.000263588 -0.0184255 0.0900267 0.000266147 -0.00068328 -0.000197051 0.000266147 0.00970923 -0.0179521 0.000263588 -0.00068328 -0.0179521 0.0886627 
0.0101855 -0.018479 -0.000201971 0.000222423 -0.018479 0.0900533 0.000227537 -0.000593129 -0.000201971 0.000227537 0.0096997 -0.0179805 0.000222423 -0.000593129 -0.0179805 0.0888262 
0.010204 -0.0185429 -0.000199827 0.000233131 -0.0185429 0.0901962 0.000235693 -0.00055849 -0.000199827 0.000235693 0.00970185 -0.0179767 0.000233131 -0.00055849 -0.0179767 0.0888794 
0.0101967 -0.0186088 -0.000245458 0.000250571 -0.0186088 0.0904026 0.000260799 -0.000616201 -0.000245458 0.000260799 0.00972371 -0.0179389 0.000250571 -0.000616201 -0.0179389 0.0887969 
