0.00757918 0 -0.000380982 0 0 0.00998645 0 0 -0.000380982 0 0.00706671 0 0 0 0 0.00998645 
0.0106323 -0.0132129 -0.000454663 0.00055604 -0.0132129 0.0345206 0.00055604 -0.00106293 -0.000454663 0.00055604 0.0100333 -0.0124664 0.00055604 -0.00106293 -0.0124664 0.0330829 
0.0106387 -0.0198773 -0.000381837 0.000617769 -0.0198773 0.072757 0.000617769 -0.00194023 -0.000381837 0.000617769 0.0101606 -0.0190142 0.000617769 -0.00194023 -0.0190142 0.0699972 
0.0100237 -0.0194304 -0.000403357 0.000460549 -0.0194304 0.0866344 0.000454529 -0.00153516 -0.000403357 0.000454529 0.00961133 -0.0187742 0.000460549 -0.00153516 -0.0187742 0.0842083 
0.0099893 -0.0186245 -0.000430326 0.000504916 -0.0186245 0.0891721 0.000496309 -0.00125942 -0.000430326 0.000496309 0.0095934 -0.0181598 0.000504916 -0.00125942 -0.0181598 0.0877836 
0.0101454 -0.0185505 -0.000428913 0.00054439 -0.0185505 0.089937 0.000538891 -0.00127024 -0.000428913 0.000538891 0.00972753 -0.0180144 0.00054439 -0.00127024 -0.0180144 0.0886943 
0.0102713 -0.018682 -0.000435268 0.000552048 -0.018682 0.0905252 0.000549394 -0.00134296 -0.000435268 0.000549394 0.00982273 -0.0180583 0.000552048 -0.00134296 -0.0180583 0.0890363 
0.0103362 -0.0187699 -0.00038618 0.000526138 -0.0187699 0.0908664 0.000520955 -0.00131405 -0.00038618 0.000520955 0.00984371 -0.0180935 0.000526138 -0.00131405 -0.0180935 0.0891584 
0.0103583 -0.0187649 -0.000375042 0.000451581 -0.0187649 0.0909031 0.000451581 -0.0011736 -0.000375042 0.000451581 0.0098659 -0.0181551 0.000451581 -0.0011736 -0.0181551 0.0893085 
0.0103575 -0.0187871 -0.000393195 0.000433783 -0.0187871 0.0909195 0.000438857 -0.00108065 -0.000393195 0.000438857 0.00987047 -0.0181732 0.000433783 -0.00108065 -0.0181732 0.0893594 
0.0103355 -0.0187547 -0.000399951 0.000458172 -0.0187547 0.0908548 0.000468298 -0.00109607 -0.000399951 0.000468298 0.00989247 -0.0182206 0.000458172 -0.00109607 -0.0182206 0.0895005 
0.0103397 -0.0187491 -0.000430084 0.000485741 -0.0187491 0.0908159 0.000498391 -0.00118399 -0.000430084 0.000498391 0.00988686 -0.0182431 0.000485741 -0.00118399 -0.0182431 0.0895915 
0.0103408 -0.0187495 -0.00042739 0.000503259 -0.0187495 0.0908192 0.000515903 -0.0012063 -0.00042739 0.000515903 0.00989826 -0.0182488 0.000503259 -0.0012063 -0.0182488 0.0896382 
0.0103847 -0.0188118 -0.000390024 0.00048816 -0.0188118 0.0909864 0.000483127 -0.00117007 -0.000390024 0.000483127 0.00989152 -0.0182154 0.00048816 -0.00117007 -0.0182154 0.0895672 
0.0104134 -0.0188851 -0.000356228 0.000444031 -0.0188851 0.0911894 0.000441522 -0.00109126 -0.000356228 0.000441522 0.00988909 -0.0181827 0.000444031 -0.00109126 -0.0181827 0.0894484 
0.0103896 -0.0188865 -0.000377529 0.000427867 -0.0188865 0.0912413 0.000435417 -0.00106967 -0.000377529 0.000435417 0.00988624 -0.0181944 0.000427867 -0.00106967 -0.0181944 0.0894493 
0.0103833 -0.0188649 -0.000380829 0.000451447 -0.0188649 0.091225 0.000453969 -0.00107944 -0.000380829 0.000453969 0.00986121 -0.0181941 0.000451447 -0.00107944 -0.0181941 0.0894571 
0.0103758 -0.0188469 -0.000344004 0.000467947 -0.0188469 0.0911712 0.000467947 -0.00113572 -0.000344004 0.000467947 0.00982941 -0.0181665 0.000467947 -0.00113572 -0.0181665 0.0894133 
0.0103651 -0.0188764 -0.000310241 0.000432303 -0.0188764 0.0912311 0.000437389 -0.00111382 -0.000310241 0.000437389 0.00977258 -0.0180703 0.000432303 -0.00111382 -0.0180703 0.089179 
0.0103655 -0.0188573 -0.000271309 0.000365126 -0.0188573 0.0912258 0.000375269 -0.000976206 -0.000271309 0.000375269 0.00976206 -0.0180205 0.000365126 -0.000976206 -0.0180205 0.0890274 
0.0103579 -0.0188272 -0.000281382 0.000311801 -0.0188272 0.0911499 0.000319406 -0.000823865 -0.000281382 0.000319406 0.00976217 -0.0180312 0.000311801 -0.000823865 -0.0180312 0.0889977 
0.0103358 -0.0188022 -0.000303547 0.000331372 -0.0188022 0.0910489 0.000338961 -0.000804399 -0.000303547 0.000338961 0.00979951 -0.0180535 0.000331372 -0.000804399 -0.0180535 0.0890784 
0.0103366 -0.0187825 -0.000321437 0.000372057 -0.0187825 0.0909995 0.000374588 -0.000875725 -0.000321437 0.000374588 0.00981268 -0.0181068 0.000372057 -0.000875725 -0.0181068 0.0891873 
0.0103392 -0.0187633 -0.000306929 0.000390637 -0.0187633 0.0909169 0.000393173 -0.00094108 -0.000306929 0.000393173 0.00981412 -0.0181392 0.000390637 -0.00094108 -0.0181392 0.0893138 
0.0103281 -0.0187757 -0.000298148 0.000372048 -0.0187757 0.090907 0.000377144 -0.000935215 -0.000298148 0.000377144 0.00978536 -0.018108 0.000372048 -0.000935215 -0.018108 0.0892889 
0.0103056 -0.018775 -0.000300931 0.000369788 -0.018775 0.0909269 0.000382539 -0.000933395 -0.000300931 0.000382539 0.00977004 -0.0180507 0.000369788 -0.000933395 -0.0180507 0.089152 
0.0102806 -0.0187319 -0.000302744 0.000371433 -0.0187319 0.090851 0.000373977 -0.000915863 -0.000302744 0.000373977 0.00979973 -0.0180628 0.000371433 -0.000915863 -0.0180628 0.0891262 
0.0102776 -0.0187162 -0.000276469 0.000362708 -0.0187162 0.0907986 0.000362708 -0.000887746 -0.000276469 0.000362708 0.00979564 -0.0180593 0.000362708 -0.000887746 -0.0180593 0.089084 
0.0103033 -0.0186852 -0.000225306 0.000334162 -0.0186852 0.0907199 0.000329099 -0.000840468 -0.000225306 0.000329099 0.00979196 -0.018103 0.000334162 -0.000840468 -0.018103 0.0891883 
0.0103206 -0.0187026 -0.000177156 0.000280919 -0.0187026 0.0906937 0.000278388 -0.000749117 -0.000177156 0.000278388 0.00977901 -0.0181053 0.000280919 -0.000749117 -0.0181053 0.0892461 
0.0103379 -0.018738 -0.000182612 0.00021812 -0.018738 0.0907634 0.000220656 -0.000608708 -0.000182612 0.000220656 0.00976722 -0.0180888 0.00021812 -0.000608708 -0.0180888 0.0892391 
0.0103407 -0.0187808 -0.000188522 0.000226735 -0.0187808 0.0908852 0.000229283 -0.000565565 -0.000188522 0.000229283 0.00973179 -0.0180344 0.000226735 -0.000565565 -0.0180344 0.0891019 
0.0103368 -0.0187854 -0.000179103 0.000212365 -0.0187854 0.0909358 0.000214924 -0.000516841 -0.000179103 0.000214924 0.00970484 -0.0179973 0.000212365 -0.000516841 -0.0179973 0.0889938 
0.0103098 -0.0188005 -0.000195544 0.000208408 -0.0188005 0.0909921 0.000216127 -0.000509443 -0.000195544 0.000216127 0.00967941 -0.0179205 0.000208408 -0.000509443 -0.0179205 0.0887665 
0.0102845 -0.0187546 -0.000233854 0.000249273 -0.0187546 0.0909462 0.000249273 -0.000575642 -0.000233854 0.000249273 0.00969082 -0.0178963 0.000249273 -0.000575642 -0.0178963 0.0886617 
0.0102741 -0.0187251 -0.000291501 0.000299172 -0.0187251 0.0908589 0.000296615 -0.000695512 -0.000291501 0.000296615 0.00971671 -0.0179094 0.000299172 -0.000695512 -0.0179094 0.0886496 
0.0102676 -0.018691 -0.00027764 0.000354054 -0.018691 0.0907653 0.000343866 -0.000794712 -0.00027764 0.000343866 0.00973777 -0.0179549 0.000354054 -0.000794712 -0.0179549 0.0887199 
0.0102599 -0.0186747 -0.000252292 0.000341487 -0.0186747 0.0906774 0.00033639 -0.000835877 -0.000252292 0.00033639 0.00973746 -0.0179943 0.000341487 -0.000835877 -0.0179943 0.0888324 
0.0102406 -0.0186762 -0.000232335 0.000314036 -0.0186762 0.0906542 0.000311483 -0.000801685 -0.000232335 0.000311483 0.00974277 -0.017992 0.000314036 -0.000801685 -0.017992 0.0888619 
0.010222 -0.0186259 -0.000212531 0.000276546 -0.0186259 0.0905585 0.000271425 -0.000719531 -0.000212531 0.000271425 0.00975592 -0.0180241 0.000276546 -0.000719531 -0.0180241 0.0889633 
0.0102185 -0.0186301 -0.000199061 0.000273071 -0.0186301 0.0905499 0.000273071 -0.000701819 -0.000199061 0.000273071 0.00975401 -0.0179972 0.000273071 -0.000701819 -0.0179972 0.0889192 
0.0102198 -0.0186358 -0.000213707 0.000249325 -0.0186358 0.0905661 0.000254413 -0.000664019 -0.000213707 0.000254413 0.00974912 -0.0179896 0.000249325 -0.000664019 -0.0179896 0.0888742 
0.0102213 -0.0186431 -0.000190885 0.000257059 -0.0186431 0.0905789 0.000257059 -0.000636285 -0.000190885 0.000257059 0.00973006 -0.0179636 0.000257059 -0.000636285 -0.0179636 0.088805 
0.0102015 -0.0186139 -0.000178392 0.000229361 -0.0186139 0.0905287 0.000226812 -0.000581047 -0.000178392 0.000226812 0.00972999 -0.0179793 0.000229361 -0.000581047 -0.0179793 0.0888391 
0.0101986 -0.0185835 -0.000170912 0.000211727 -0.0185835 0.0904406 0.000214278 -0.000530593 -0.000170912 0.000214278 0.00972669 -0.0179968 0.000211727 -0.000530593 -0.0179968 0.088905 
0.0101812 -0.0185687 -0.00020214 0.000214933 -0.0185687 0.0903641 0.000217492 -0.000537333 -0.00020214 0.000217492 0.00971549 -0.0179904 0.000214933 -0.000537333 -0.0179904 0.0889184 
0.0101721 -0.018552 -0.000194583 0.000232988 -0.018552 0.0903353 0.000232988 -0.000537665 -0.000194583 0.000232988 0.00971893 -0.0179759 0.000232988 -0.000537665 -0.0179759 0.088899 
0.0101559 -0.0185613 -0.000225857 0.000264355 -0.0185613 0.0903582 0.000261789 -0.00062624 -0.000225857 0.000261789 0.00971185 -0.0179479 0.000264355 -0.00062624 -0.0179479 0.0887977 
0.0101592 -0.018532 -0.000228442 0.000290044 -0.018532 0.0903115 0.000284911 -0.000690459 -0.000228442 0.000284911 0.00969466 -0.0179417 0.000290044 -0.000690459 -0.0179417 0.088756 
0.0101497 -0.0184985 -0.000249182 0.000305697 -0.0184985 0.0901884 0.000297991 -0.000747545 -0.000249182 0.000297991 0.00968726 -0.0179591 0.000305697 -0.000747545 -0.0179591 0.088814 
0.0101344 -0.0185031 -0.000246742 0.000305858 -0.0185031 0.0901663 0.000300717 -0.000747937 -0.000246742 0.000300717 0.00969234 -0.0179299 0.000305858 -0.000747937 -0.0179299 0.0887629 
0.0101344 -0.0184795 -0.000210813 0.000295652 -0.0184795 0.0901301 0.000295652 -0.000735273 -0.000210813 0.000295652 0.0096871 -0.0179371 0.000295652 -0.000735273 -0.0179371 0.0887495 
0.0101752 -0.0184963 -0.000188477 0.000247058 -0.0184963 0.0901559 0.000244511 -0.000649483 -0.000188477 0.000244511 0.00970149 -0.017941 0.000247058 -0.000649483 -0.017941 0.0887729 
0.0102006 -0.0185598 -0.000174781 0.000233042 -0.0185598 0.0902809 0.000233042 -0.000592737 -0.000174781 0.000233042 0.00972696 -0.0179467 0.000233042 -0.000592737 -0.0179467 0.0887687 
0.0101801 -0.0185752 -0.000167344 0.000223125 -0.0185752 0.0903404 0.000223125 -0.000573027 -0.000167344 0.000223125 0.00974399 -0.0179819 0.000223125 -0.000573027 -0.0179819 0.0888293 
0.0101737 -0.018553 -0.000152491 0.000208404 -0.018553 0.0903329 0.000210945 -0.000531175 -0.000152491 0.000210945 0.00974669 -0.0180193 0.000208404 -0.000531175 -0.0180193 0.0889376 
0.0101272 -0.0185431 -0.000161155 0.000191852 -0.0185431 0.090311 0.000199526 -0.000501372 -0.000161155 0.000199526 0.00974351 -0.0180034 0.000191852 -0.000501372 -0.0180034 0.0889348 
0.0101069 -0.0185026 -0.000165179 0.000203893 -0.0185026 0.0902495 0.000206473 -0.000495536 -0.000165179 0.000206473 0.00969651 -0.0179709 0.000203893 -0.000495536 -0.0179709 0.0888326 
0.0101063 -0.018457 -0.000162423 0.000203674 -0.018457 0.0901424 0.000203674 -0.000502739 -0.000162423 0.000203674 0.00966549 -0.0179181 0.000203674 -0.000502739 -0.0179181 0.0887374 
0.0100968 -0.0184553 -0.000204054 0.000240216 -0.0184553 0.0900628 0.000237633 -0.000599248 -0.000204054 0.000237633 0.00963962 -0.0178664 0.000240216 -0.000599248 -0.0178664 0.0885879 
0.010097 -0.0184301 -0.000200859 0.000254936 -0.0184301 0.0899924 0.000247211 -0.000612876 -0.000200859 0.000247211 0.00963348 -0.0178532 0.000254936 -0.000612876 -0.0178532 0.0885245 
0.0100767 -0.0184166 -0.000217427 0.000248488 -0.0184166 0.0899137 0.000248488 -0.000623808 -0.000217427 0.000248488 0.00963666 -0.0178523 0.000248488 -0.000623808 -0.0178523 0.0885056 
0.0100479 -0.0183875 -0.00022848 0.000275215 -0.0183875 0.0898576 0.000277811 -0.000672458 -0.00022848 0.000277811 0.00963251 -0.0178474 0.000275215 -0.000672458 -0.0178474 0.0884945 
0.010065 -0.0183825 -0.000226817 0.000262902 -0.0183825 0.0898608 0.000265479 -0.000646944 -0.000226817 0.000265479 0.00965003 -0.0178412 0.000262902 -0.000646944 -0.0178412 0.0884767 
0.0100667 -0.0183874 -0.000186895 0.00025602 -0.0183874 0.089858 0.000261141 -0.00062981 -0.000186895 0.000261141 0.00969549 -0.0178728 0.00025602 -0.00062981 -0.0178728 0.0885293 
0.0100484 -0.0184032 -0.000195314 0.000246712 -0.0184032 0.0899007 0.000249282 -0.000642479 -0.000195314 0.000249282 0.00971942 -0.0179149 0.000246712 -0.000642479 -0.0179149 0.0885901 
0.0100264 -0.0183971 -0.000205669 0.000262228 -0.0183971 0.0899364 0.000264799 -0.000678707 -0.000205669 0.000264799 0.00973842 -0.0179317 0.000262228 -0.000678707 -0.0179317 0.0886432 
0.0100462 -0.0183786 -0.000185278 0.000262477 -0.0183786 0.0899036 0.000262477 -0.000674206 -0.000185278 0.000262477 0.00971938 -0.0179643 0.000262477 -0.000674206 -0.0179643 0.0887199 
0.0100794 -0.0183858 -0.000153727 0.000228029 -0.0183858 0.0898919 0.000228029 -0.000617471 -0.000153727 0.000228029 0.00969506 -0.0179553 0.000228029 -0.000617471 -0.0179553 0.0887569 
0.0101201 -0.0184264 -0.000127554 0.000176024 -0.0184264 0.0899534 0.000178575 -0.000492357 -0.000127554 0.000178575 0.00968642 -0.0179315 0.000176024 -0.000492357 -0.0179315 0.0887263 
0.0101434 -0.0184938 -0.000115266 0.000156249 -0.0184938 0.0901046 0.000158811 -0.000417518 -0.000115266 0.000158811 0.00963878 -0.0178816 0.000156249 -0.000417518 -0.0178816 0.0885959 
0.010143 -0.0185126 -0.000108261 0.00013146 -0.0185126 0.0901892 0.000136615 -0.000345404 -0.000108261 0.000136615 0.00960946 -0.0178476 0.00013146 -0.000345404 -0.0178476 0.0885241 
0.0101281 -0.0185014 -0.000119063 0.00012424 -0.0185014 0.0901695 0.000126828 -0.000302834 -0.000119063 0.000126828 0.00959752 -0.0178206 0.00012424 -0.000302834 -0.0178206 0.0884664 
0.0101141 -0.0184792 -0.000126588 0.000139505 -0.0184792 0.0901409 0.000144672 -0.000320345 -0.000126588 0.000144672 0.00961551 -0.017805 0.000139505 -0.000320345 -0.017805 0.0884177 
0.0100809 -0.0184476 -0.000147602 0.000168318 -0.0184476 0.0900527 0.000163139 -0.000385836 -0.000147602 0.000163139 0.00963037 -0.0178158 0.000168318 -0.000385836 -0.0178158 0.0884006 
0.0100477 -0.0183828 -0.000160639 0.000189139 -0.0183828 0.08988 0.000183957 -0.000440461 -0.000160639 0.000183957 0.00966424 -0.0178698 0.000189139 -0.000440461 -0.0178698 0.0885327 
0.0100469 -0.0183835 -0.000157588 0.000193755 -0.0183835 0.0898741 0.000186005 -0.00046243 -0.000157588 0.000186005 0.00968002 -0.0178694 0.000193755 -0.00046243 -0.0178694 0.0885333 
0.0100515 -0.0183861 -0.000149523 0.000206238 -0.0183861 0.0898734 0.000193348 -0.000489816 -0.000149523 0.000193348 0.00968804 -0.017886 0.000206238 -0.000489816 -0.017886 0.0885432 
0.010084 -0.0183712 -0.00010843 0.000185881 -0.0183712 0.0898346 0.000180717 -0.00047761 -0.00010843 0.000180717 0.00964515 -0.0179014 0.000185881 -0.00047761 -0.0179014 0.0885903 
0.0101111 -0.0184008 -6.19208e-05 0.000144482 -0.0184008 0.0898496 0.000147062 -0.000417965 -6.19208e-05 0.000147062 0.00962352 -0.0178796 0.000144482 -0.000417965 -0.0178796 0.0885957 
0.0101012 -0.0184151 -9.03965e-05 9.81448e-05 -0.0184151 0.0898645 0.00010331 -0.000320262 -9.03965e-05 0.00010331 0.0096311 -0.0178675 9.81448e-05 -0.000320262 -0.0178675 0.0886041 
0.0101064 -0.0184292 -0.000100523 0.000121143 -0.0184292 0.0899217 0.000126298 -0.000304146 -0.000100523 0.000126298 0.00965021 -0.0178647 0.000121143 -0.000304146 -0.0178647 0.0885711 
0.0101108 -0.0184667 -0.000107918 0.000133612 -0.0184667 0.0900289 0.000136182 -0.000339169 -0.000107918 0.000136182 0.00965348 -0.0178398 0.000133612 -0.000339169 -0.0178398 0.0884718 
0.0101237 -0.0185019 -9.76896e-05 0.000151676 -0.0185019 0.0901701 0.000151676 -0.000383046 -9.76896e-05 0.000151676 0.00962757 -0.0178027 0.000151676 -0.000383046 -0.0178027 0.0883294 
0.0101038 -0.0184906 -0.000100241 0.000133654 -0.0184906 0.0901756 0.000133654 -0.000359839 -0.000100241 0.000133654 0.00962826 -0.017794 0.000133654 -0.000359839 -0.017794 0.0883019 
0.0100648 -0.0184018 -9.05345e-05 0.000111228 -0.0184018 0.0899551 0.000118988 -0.000292297 -9.05345e-05 0.000118988 0.00962252 -0.017856 0.000111228 -0.000292297 -0.017856 0.0884548 
0.0100317 -0.0183534 -9.58604e-05 9.84512e-05 -0.0183534 0.0897771 0.000103633 -0.00025131 -9.58604e-05 0.000103633 0.00965599 -0.0178818 9.84512e-05 -0.00025131 -0.0178818 0.0885931 
0.0100417 -0.0183472 -8.55168e-05 0.000103657 -0.0183472 0.0897382 0.00010884 -0.000246185 -8.55168e-05 0.00010884 0.0096323 -0.0178549 0.000103657 -0.000246185 -0.0178549 0.0885306 
0.0100252 -0.0183362 -9.07606e-05 0.000124472 -0.0183362 0.0896896 0.000127065 -0.000305993 -9.07606e-05 0.000127065 0.00964137 -0.0178461 0.000124472 -0.000305993 -0.0178461 0.0885097 
0.0100206 -0.0183391 -6.21754e-05 0.000116579 -0.0183391 0.0897035 0.000119169 -0.000308286 -6.21754e-05 0.000119169 0.00965272 -0.0178417 0.000116579 -0.000308286 -0.0178417 0.0884704 
0.010018 -0.0183272 -5.42071e-05 9.03452e-05 -0.0183272 0.0896947 8.26013e-05 -0.000255548 -5.42071e-05 8.26013e-05 0.00967468 -0.01786 9.03452e-05 -0.000255548 -0.01786 0.0884944 
0.0100373 -0.018324 -7.98037e-05 0.000108121 -0.018324 0.0896865 0.000102973 -0.000296046 -7.98037e-05 0.000102973 0.0096717 -0.0178838 0.000108121 -0.000296046 -0.0178838 0.0885384 
0.01005 -0.0183398 -9.54927e-05 0.000113559 -0.0183398 0.0896858 0.000108397 -0.000286478 -9.54927e-05 0.000108397 0.00965767 -0.0178984 0.000113559 -0.000286478 -0.0178984 0.0886095 
0.0100789 -0.0183661 -6.68325e-05 0.00010539 -0.0183661 0.0897587 0.000100249 -0.000257048 -6.68325e-05 0.000100249 0.00965987 -0.0178931 0.00010539 -0.000257048 -0.0178931 0.0886431 
0.0100844 -0.018438 -6.17257e-05 8.23009e-05 -0.018438 0.0899241 9.51604e-05 -0.000234043 -6.17257e-05 9.51604e-05 0.0096575 -0.0178516 8.23009e-05 -0.000234043 -0.0178516 0.0885224 
0.0100631 -0.0184331 -6.45236e-05 7.48474e-05 -0.0184331 0.0899769 9.2914e-05 -0.000221961 -6.45236e-05 9.2914e-05 0.00966564 -0.0178627 7.48474e-05 -0.000221961 -0.0178627 0.0885058 
0.0100473 -0.0184032 -7.77053e-05 8.02955e-05 -0.0184032 0.0899465 0.000101017 -0.000220165 -7.77053e-05 0.000101017 0.0096769 -0.0178852 8.02955e-05 -0.000220165 -0.0178852 0.0885737 
0.010085 -0.0184006 -7.22199e-05 0.000100592 -0.0184006 0.0899447 0.00010833 -0.000255349 -7.22199e-05 0.00010833 0.00966972 -0.0178899 0.000100592 -0.000255349 -0.0178899 0.0885931 
0.0101238 -0.0184235 -7.71825e-05 9.51918e-05 -0.0184235 0.089964 9.51918e-05 -0.000254702 -7.71825e-05 9.51918e-05 0.00965296 -0.0178961 9.51918e-05 -0.000254702 -0.0178961 0.0886158 
0.0101693 -0.0184752 -6.69204e-05 7.97898e-05 -0.0184752 0.0900492 7.97898e-05 -0.000205909 -6.69204e-05 7.97898e-05 0.00962625 -0.0178806 7.97898e-05 -0.000205909 -0.0178806 0.0886027 
0.0101786 -0.0185435 -7.50329e-05 9.0557e-05 -0.0185435 0.0902025 8.79696e-05 -0.000217337 -7.50329e-05 8.79696e-05 0.00959386 -0.0178216 9.0557e-05 -0.000217337 -0.0178216 0.088469 
0.0101962 -0.0185589 -7.47822e-05 7.99396e-05 -0.0185589 0.0902956 7.73609e-05 -0.000190823 -7.47822e-05 7.73609e-05 0.00958759 -0.0177878 7.99396e-05 -0.000190823 -0.0177878 0.0883796 
0.0101912 -0.0185491 -7.98198e-05 0.000100418 -0.0185491 0.0902967 9.01191e-05 -0.000226585 -7.98198e-05 9.01191e-05 0.00959897 -0.0177998 0.000100418 -0.000226585 -0.0177998 0.0883734 
0.0101787 -0.0185357 -8.23352e-05 0.000123503 -0.0185357 0.090242 0.000113211 -0.000293319 -8.23352e-05 0.000113211 0.00962293 -0.0178359 0.000123503 -0.000293319 -0.0178359 0.0884486 
0.0101849 -0.0185369 -7.1779e-05 0.000112796 -0.0185369 0.0902519 0.000107669 -0.000302497 -7.1779e-05 0.000107669 0.0096389 -0.0178525 0.000112796 -0.000302497 -0.0178525 0.088501 
0.0101832 -0.018546 -7.4143e-05 8.69263e-05 -0.018546 0.0902627 8.94829e-05 -0.000253109 -7.4143e-05 8.94829e-05 0.00966671 -0.0178787 8.69263e-05 -0.000253109 -0.0178787 0.0885702 
0.0101761 -0.0185678 -0.000101965 0.000114711 -0.0185678 0.0903207 0.000112162 -0.000288051 -0.000101965 0.000112162 0.00968924 -0.0178898 0.000114711 -0.000288051 -0.0178898 0.0885949 
0.0101387 -0.0185576 -0.000133471 0.000154005 -0.0185576 0.0903367 0.000154005 -0.000385012 -0.000133471 0.000154005 0.00969974 -0.0179082 0.000154005 -0.000385012 -0.0179082 0.0886324 
0.0101365 -0.0185001 -0.000120764 0.000151598 -0.0185001 0.0902494 0.000149028 -0.000362293 -0.000120764 0.000149028 0.00971253 -0.0179656 0.000151598 -0.000362293 -0.0179656 0.0887849 
0.0101466 -0.0185318 -0.000123614 0.000164818 -0.0185318 0.0902716 0.000154517 -0.000406896 -0.000123614 0.000154517 0.00969081 -0.0179292 0.000164818 -0.000406896 -0.0179292 0.088729 
0.010156 -0.0185231 -0.000143729 0.000153995 -0.0185231 0.0902644 0.000156562 -0.000405521 -0.000143729 0.000156562 0.00968118 -0.0179174 0.000153995 -0.000405521 -0.0179174 0.0886885 
0.0101634 -0.0185106 -0.000166739 0.000184695 -0.0185106 0.0902083 0.00018213 -0.000438652 -0.000166739 0.00018213 0.00968368 -0.0179283 0.000184695 -0.000438652 -0.0179283 0.0887282 
0.010191 -0.0185198 -0.000161153 0.000207197 -0.0185198 0.0902152 0.000204639 -0.000493692 -0.000161153 0.000204639 0.00967687 -0.0179366 0.000207197 -0.000493692 -0.0179366 0.0887597 
0.0102249 -0.0185752 -0.000130075 0.000191287 -0.0185752 0.0903153 0.000191287 -0.000479492 -0.000130075 0.000191287 0.0096791 -0.0179197 0.000191287 -0.000479492 -0.0179197 0.088734 
0.0102498 -0.0186202 -9.44801e-05 0.00013789 -0.0186202 0.0904455 0.000140443 -0.00037026 -9.44801e-05 0.000140443 0.00965739 -0.0179052 0.00013789 -0.00037026 -0.0179052 0.0886861 
0.0102591 -0.0186448 -6.64518e-05 0.000112457 -0.0186448 0.0905201 0.000107345 -0.000293921 -6.64518e-05 0.000107345 0.00964574 -0.0178934 0.000112457 -0.000293921 -0.0178934 0.0886518 
0.0102375 -0.0186559 -8.74776e-05 0.000100342 -0.0186559 0.090565 9.77691e-05 -0.000265006 -8.74776e-05 9.77691e-05 0.00963283 -0.017866 0.000100342 -0.000265006 -0.017866 0.0885994 
0.010204 -0.0186404 -0.000108061 0.000133789 -0.0186404 0.0905676 0.000126071 -0.000308744 -0.000108061 0.000126071 0.00965084 -0.0178403 0.000133789 -0.000308744 -0.0178403 0.0885222 
0.0101643 -0.0185817 -0.000126056 0.000167218 -0.0185817 0.0904622 0.000174935 -0.000411613 -0.000126056 0.000174935 0.00966518 -0.0178588 0.000167218 -0.000411613 -0.0178588 0.0885044 
0.0101697 -0.0185485 -0.000121282 0.000180634 -0.0185485 0.0903503 0.000185794 -0.000474808 -0.000121282 0.000185794 0.00962519 -0.0178595 0.000180634 -0.000474808 -0.0178595 0.0884898 
0.0101658 -0.018529 -0.000103601 0.000139861 -0.018529 0.0902545 0.000147631 -0.000398863 -0.000103601 0.000147631 0.0096038 -0.0178401 0.000139861 -0.000398863 -0.0178401 0.0884855 
0.0101511 -0.0185124 -7.75877e-05 0.000106037 -0.0185124 0.0902087 0.000111209 -0.00029742 -7.75877e-05 0.000111209 0.00962605 -0.0178245 0.000106037 -0.00029742 -0.0178245 0.0884681 
0.0101533 -0.0185075 -6.70188e-05 7.9907e-05 -0.0185075 0.0901944 8.76399e-05 -0.000224255 -6.70188e-05 8.76399e-05 0.00964039 -0.0178321 7.9907e-05 -0.000224255 -0.0178321 0.0884442 
0.0101829 -0.0185108 -5.62873e-05 7.41969e-05 -0.0185108 0.0901825 7.93139e-05 -0.000179096 -5.62873e-05 7.93139e-05 0.00964559 -0.0178635 7.41969e-05 -0.000179096 -0.0178635 0.0885041 
0.0101986 -0.0185522 -6.40615e-05 8.19987e-05 -0.0185522 0.0902473 8.71236e-05 -0.000197309 -6.40615e-05 8.71236e-05 0.00963741 -0.017868 8.19987e-05 -0.000197309 -0.017868 0.0885279 
0.0101906 -0.0185791 -8.7407e-05 0.000105403 -0.0185791 0.09033 0.000107973 -0.00025965 -8.7407e-05 0.000107973 0.00961991 -0.017831 0.000105403 -0.00025965 -0.017831 0.0884636 
0.0101812 -0.0185702 -8.49718e-05 0.00012617 -0.0185702 0.0903431 0.000115871 -0.000293539 -8.49718e-05 0.000115871 0.00959924 -0.0178106 0.00012617 -0.000293539 -0.0178106 0.0883965 
0.0101657 -0.018552 -8.00655e-05 0.000123972 -0.018552 0.0903165 0.000111059 -0.000307348 -8.00655e-05 0.000111059 0.00957428 -0.0177771 0.000123972 -0.000307348 -0.0177771 0.0883174 
0.0101495 -0.0185377 -8.25159e-05 0.000116038 -0.0185377 0.0902698 0.000110881 -0.000312013 -8.25159e-05 0.000110881 0.00957185 -0.0177461 0.000116038 -0.000312013 -0.0177461 0.0882276 
0.0101137 -0.0184852 -6.69101e-05 0.000105512 -0.0184852 0.0901485 0.000105512 -0.000280508 -6.69101e-05 0.000105512 0.00960418 -0.0177724 0.000105512 -0.000280508 -0.0177724 0.0882802 
0.010098 -0.0184197 -4.10697e-05 7.70056e-05 -0.0184197 0.0899708 7.95725e-05 -0.000215616 -4.10697e-05 7.95725e-05 0.00963597 -0.0178473 7.70056e-05 -0.000215616 -0.0178473 0.0884384 
0.0100698 -0.0184107 -4.88076e-05 6.16516e-05 -0.0184107 0.0899061 5.39452e-05 -0.00017468 -4.88076e-05 5.39452e-05 0.00965619 -0.0178584 6.16516e-05 -0.00017468 -0.0178584 0.0885035 
0.0100636 -0.0183837 -7.99515e-05 8.51097e-05 -0.0183837 0.08985 7.99515e-05 -0.000198589 -7.99515e-05 7.99515e-05 0.0096535 -0.0178911 8.51097e-05 -0.000198589 -0.0178911 0.088594 
0.0100518 -0.0183784 -0.000103307 0.000111055 -0.0183784 0.0898232 0.000108473 -0.000255686 -0.000103307 0.000108473 0.00966441 -0.0178903 0.000111055 -0.000255686 -0.0178903 0.0886171 
0.0100649 -0.0183611 -0.000100264 0.000128543 -0.0183611 0.0897849 0.000128543 -0.00029565 -0.000100264 0.000128543 0.00968702 -0.0179164 0.000128543 -0.00029565 -0.0179164 0.0886974 
0.0100698 -0.0184027 -0.000118197 0.000136183 -0.0184027 0.0898628 0.000136183 -0.000341742 -0.000118197 0.000136183 0.00967928 -0.0178914 0.000136183 -0.000341742 -0.0178914 0.0886218 
0.0100942 -0.0184361 -0.00013302 0.000150927 -0.0184361 0.0899831 0.000156043 -0.000378596 -0.00013302 0.000156043 0.00967466 -0.0178784 0.000150927 -0.000378596 -0.0178784 0.0885557 
0.010134 -0.0184706 -0.000122899 0.000163865 -0.0184706 0.0900949 0.000166425 -0.00039942 -0.000122899 0.000166425 0.00965778 -0.0178792 0.000163865 -0.00039942 -0.0178792 0.0885382 
0.0101688 -0.0185064 -0.00010515 0.000153878 -0.0185064 0.0901854 0.000161572 -0.000402648 -0.00010515 0.000161572 0.00964303 -0.0178781 0.000153878 -0.000402648 -0.0178781 0.0885671 
0.0101624 -0.0185265 -7.97559e-05 0.000123493 -0.0185265 0.0902219 0.000128639 -0.000342179 -7.97559e-05 0.000128639 0.00965818 -0.0178859 0.000123493 -0.000342179 -0.0178859 0.0886217 
0.0101508 -0.0185151 -8.99664e-05 0.000113101 -0.0185151 0.0902286 0.000118242 -0.000321309 -8.99664e-05 0.000118242 0.00968296 -0.0179033 0.000113101 -0.000321309 -0.0179033 0.0886683 
0.010118 -0.0185303 -0.000105476 0.000126057 -0.0185303 0.0902566 0.000118339 -0.000313855 -0.000105476 0.000118339 0.00969607 -0.017882 0.000126057 -0.000313855 -0.017882 0.0885921 
0.0100902 -0.0184885 -0.00011297 0.00012324 -0.0184885 0.0901935 0.000115537 -0.000292694 -0.00011297 0.000115537 0.00970769 -0.017898 0.00012324 -0.000292694 -0.017898 0.0885811 
0.0100793 -0.018426 -9.25414e-05 0.000146524 -0.018426 0.0900377 0.000138812 -0.000329036 -9.25414e-05 0.000138812 0.00970143 -0.0179402 0.000146524 -0.000329036 -0.0179402 0.0886727 
0.0100836 -0.0184124 -9.00551e-05 0.000146661 -0.0184124 0.0899547 0.000141515 -0.000383377 -9.00551e-05 0.000141515 0.00967964 -0.0179313 0.000146661 -0.000383377 -0.0179313 0.088694 
0.0100866 -0.0184224 -0.000105256 0.000128361 -0.0184224 0.0899581 0.000133496 -0.000377382 -0.000105256 0.000133496 0.00968613 -0.0179089 0.000128361 -0.000377382 -0.0179089 0.0886693 
0.0100742 -0.0184109 -0.000123736 0.000134048 -0.0184109 0.0899253 0.000141781 -0.000358319 -0.000123736 0.000141781 0.00968494 -0.0179237 0.000134048 -0.000358319 -0.0179237 0.0886776 
0.0100858 -0.0184303 -9.55877e-05 0.000147257 -0.0184303 0.0899868 0.00014984 -0.000351349 -9.55877e-05 0.00014984 0.00966211 -0.0178878 0.000147257 -0.000351349 -0.0178878 0.0886021 
0.0100458 -0.0184432 -9.57485e-05 0.000131978 -0.0184432 0.0900139 0.00012939 -0.000341589 -9.57485e-05 0.00012939 0.0096706 -0.017848 0.000131978 -0.000341589 -0.017848 0.0884949 
0.0100194 -0.0183685 -9.82549e-05 0.000139625 -0.0183685 0.0898903 0.000129283 -0.000359406 -9.82549e-05 0.000129283 0.00968587 -0.017885 0.000139625 -0.000359406 -0.017885 0.0885355 
