0.00720644 0 0.000528882 0 0 0.00998393 0 0 0.000528882 0 0.00739752 0 0 0 0 0.00998393 
0.0101672 -0.0126244 0.000639918 -0.000789026 -0.0126244 0.0334062 -0.000789026 0.0015035 0.000639918 -0.000789026 0.010422 -0.0129506 -0.000789026 0.0015035 -0.0129506 0.0340151 
0.0102067 -0.0191341 0.000471859 -0.000845547 -0.0191341 0.0703894 -0.000845547 0.00268865 0.000471859 -0.000845547 0.0104632 -0.0195647 -0.000845547 0.00268865 -0.0195647 0.071729 
0.0096617 -0.0188405 0.000397349 -0.000571572 -0.0188405 0.0845284 -0.000571572 0.00207844 0.000397349 -0.000571572 0.00988177 -0.0191736 -0.000571572 0.00207844 -0.0191736 0.0856777 
0.00967728 -0.0182122 0.00039135 -0.000463289 -0.0182122 0.0878725 -0.000466167 0.00132944 0.00039135 -0.000466167 0.00987008 -0.0184309 -0.000463289 0.00132944 -0.0184309 0.0885832 
0.00985367 -0.0181453 0.000390516 -0.00048127 -0.0181453 0.088848 -0.00047577 0.0011303 0.000390516 -0.00047577 0.0100187 -0.0183515 -0.00048127 0.0011303 -0.0183515 0.089398 
0.009958 -0.0182656 0.000407264 -0.000511076 -0.0182656 0.089417 -0.000495105 0.00118453 0.000407264 -0.000495105 0.0101177 -0.0184387 -0.000511076 0.00118453 -0.0184387 0.0898748 
0.0099946 -0.0183369 0.000399366 -0.000529878 -0.0183369 0.0897321 -0.000516827 0.00126858 0.000399366 -0.000516827 0.0101277 -0.0184726 -0.000529878 0.00126858 -0.0184726 0.090048 
0.00999608 -0.0183309 0.000384365 -0.00049529 -0.0183309 0.0897764 -0.000487551 0.00124338 0.000384365 -0.000487551 0.0101199 -0.0184805 -0.00049529 0.00124338 -0.0184805 0.0901117 
0.0100282 -0.0183446 0.000385799 -0.000487997 -0.0183446 0.0898016 -0.000480332 0.00122127 0.000385799 -0.000480332 0.0101074 -0.0184596 -0.000487997 0.00122127 -0.0184596 0.0900648 
0.0100381 -0.0183841 0.000414755 -0.00049109 -0.0183841 0.0898848 -0.000496179 0.0012519 0.000414755 -0.000496179 0.0100966 -0.018435 -0.00049109 0.0012519 -0.018435 0.0899917 
0.0100524 -0.0184299 0.000423821 -0.000515184 -0.0184299 0.0900176 -0.000525335 0.00127908 0.000423821 -0.000525335 0.0100829 -0.0184045 -0.000515184 0.00127908 -0.0184045 0.0899186 
0.0100701 -0.0184197 0.000413043 -0.000516937 -0.0184197 0.0900358 -0.000524539 0.00129741 0.000413043 -0.000524539 0.01006 -0.0184273 -0.000516937 0.00129741 -0.0184273 0.0899471 
0.0100888 -0.0184602 0.000392609 -0.000504059 -0.0184602 0.0901151 -0.000511658 0.00126901 0.000392609 -0.000511658 0.0100381 -0.0183944 -0.000504059 0.00126901 -0.0183944 0.0899302 
0.0100652 -0.0184701 0.000369503 -0.000465675 -0.0184701 0.0901537 -0.000470737 0.00118697 0.000369503 -0.000470737 0.0100576 -0.0183866 -0.000465675 0.00118697 -0.0183866 0.0899133 
0.0100491 -0.0184653 0.000365147 -0.000456433 -0.0184653 0.0901887 -0.000461505 0.00115123 0.000365147 -0.000461505 0.0100415 -0.0183638 -0.000456433 0.00115123 -0.0183638 0.0898286 
0.0100337 -0.0184136 0.000363576 -0.000441846 -0.0184136 0.0900936 -0.000451945 0.00111598 0.000363576 -0.000451945 0.0100615 -0.0183934 -0.000441846 0.00111598 -0.0183934 0.0898992 
0.0100195 -0.0183825 0.000369218 -0.000452672 -0.0183825 0.0899628 -0.000462787 0.00113041 0.000369218 -0.000462787 0.0100448 -0.0184078 -0.000452672 0.00113041 -0.0184078 0.0899451 
0.0100209 -0.0183802 0.000361685 -0.00044768 -0.0183802 0.0899431 -0.000452738 0.00111035 0.000361685 -0.000452738 0.0100412 -0.0183979 -0.00044768 0.00111035 -0.0183979 0.0899659 
0.0100056 -0.0183941 0.00036186 -0.000437775 -0.0183941 0.0899792 -0.000440306 0.00109823 0.00036186 -0.000440306 0.0100587 -0.018384 -0.000437775 0.00109823 -0.018384 0.0899438 
0.00997512 -0.018351 0.00036926 -0.000448206 -0.018351 0.0899009 -0.000443112 0.00109505 0.00036926 -0.000443112 0.0100566 -0.0184121 -0.000448206 0.00109505 -0.0184121 0.0899798 
0.00997096 -0.0183179 0.000359475 -0.000461453 -0.0183179 0.0898202 -0.000456354 0.00112686 0.000359475 -0.000456354 0.0100525 -0.0184173 -0.000461453 0.00112686 -0.0184173 0.0900191 
0.00996502 -0.0183242 0.000363108 -0.000447493 -0.0183242 0.0898002 -0.000444935 0.00110978 0.000363108 -0.000444935 0.0100392 -0.0183855 -0.000447493 0.00110978 -0.0183855 0.0899486 
0.00992589 -0.0183082 0.000362893 -0.000437005 -0.0183082 0.0897777 -0.000434449 0.00108357 0.000362893 -0.000434449 0.0100792 -0.0183772 -0.000437005 0.00108357 -0.0183772 0.089908 
0.00992845 -0.0182711 0.000342184 -0.000467311 -0.0182711 0.0897033 -0.000462204 0.00113636 0.000342184 -0.000462204 0.0100689 -0.0183962 -0.000467311 0.00113636 -0.0183962 0.0899076 
0.00993732 -0.0182593 0.00033941 -0.000436385 -0.0182593 0.0896401 -0.000433833 0.0011101 0.00033941 -0.000433833 0.0100522 -0.0183945 -0.000436385 0.0011101 -0.0183945 0.0899055 
0.00995007 -0.0182724 0.000336254 -0.000448339 -0.0182724 0.0896398 -0.000448339 0.00113358 0.000336254 -0.000448339 0.0100239 -0.0183692 -0.000448339 0.00113358 -0.0183692 0.0898461 
0.00997349 -0.0183012 0.000353021 -0.000441911 -0.0183012 0.0896928 -0.000444451 0.00113526 0.000353021 -0.000444451 0.010004 -0.0183292 -0.000441911 0.00113526 -0.0183292 0.089769 
0.00994663 -0.018272 0.000353782 -0.000447955 -0.018272 0.0896164 -0.000447955 0.00112752 0.000353782 -0.000447955 0.0100204 -0.0183636 -0.000447955 0.00112752 -0.0183636 0.0898429 
0.00991614 -0.0182354 0.000334711 -0.000431803 -0.0182354 0.0895238 -0.000434358 0.00109356 0.000334711 -0.000434358 0.0100235 -0.018381 -0.000431803 0.00109356 -0.018381 0.0899096 
0.00993601 -0.0182462 0.00033893 -0.000405187 -0.0182462 0.0895439 -0.000410284 0.00102953 0.00033893 -0.000410284 0.0100074 -0.0183583 -0.000405187 0.00102953 -0.0183583 0.0898726 
0.00996139 -0.0182655 0.000338062 -0.000399066 -0.0182655 0.0895991 -0.000409233 0.000993851 0.000338062 -0.000409233 0.0100122 -0.0183545 -0.000399066 0.000993851 -0.0183545 0.0898559 
0.0100072 -0.0183232 0.000350416 -0.000424054 -0.0183232 0.0897369 -0.000431671 0.00105125 0.000350416 -0.000431671 0.00998939 -0.0183283 -0.000424054 0.00105125 -0.0183283 0.0897877 
0.0100259 -0.0183629 0.000333686 -0.000417744 -0.0183629 0.0898379 -0.000422838 0.00103672 0.000333686 -0.000422838 0.00996217 -0.0183018 -0.000417744 0.00103672 -0.0183018 0.089708 
0.0100143 -0.0183797 0.000327249 -0.000437185 -0.0183797 0.0899015 -0.000439741 0.0010968 0.000327249 -0.000439741 0.00992742 -0.0182569 -0.000437185 0.0010968 -0.0182569 0.0895947 
0.0100045 -0.0183407 0.000287015 -0.000384395 -0.0183407 0.0898253 -0.000394645 0.00100199 0.000287015 -0.000394645 0.00992507 -0.0182664 -0.000384395 0.00100199 -0.0182664 0.0896203 
0.0100024 -0.0183389 0.000294262 -0.000378703 -0.0183389 0.089819 -0.000381261 0.000987697 0.000294262 -0.000381261 0.00993327 -0.018234 -0.000378703 0.000987697 -0.018234 0.0895606 
0.00998691 -0.0183485 0.000329155 -0.000382738 -0.0183485 0.0898261 -0.000382738 0.000982361 0.000329155 -0.000382738 0.00996395 -0.0182362 -0.000382738 0.000982361 -0.0182362 0.0895224 
0.00996171 -0.0183304 0.000331887 -0.000413582 -0.0183304 0.0898009 -0.000416135 0.00103395 0.000331887 -0.000416135 0.00998979 -0.0182665 -0.000413582 0.00103395 -0.0182665 0.0895583 
0.00995269 -0.0182923 0.000330816 -0.000443652 -0.0182923 0.0897178 -0.000441088 0.00111554 0.000330816 -0.000441088 0.00998602 -0.0183128 -0.000443652 0.00111554 -0.0183128 0.0896588 
0.00996451 -0.0183143 0.000322426 -0.00040943 -0.0183143 0.0897625 -0.00040943 0.0010594 0.000322426 -0.00040943 0.0100029 -0.0182964 -0.00040943 0.0010594 -0.0182964 0.0896703 
0.00999256 -0.0183103 0.000336484 -0.000400212 -0.0183103 0.0897673 -0.000402761 0.0010273 0.000336484 -0.000402761 0.0100079 -0.0183256 -0.000400212 0.0010273 -0.0183256 0.0897291 
0.0100298 -0.0183524 0.000350053 -0.000416005 -0.0183524 0.0898292 -0.000413468 0.0010324 0.000350053 -0.000413468 0.0100019 -0.0183296 -0.000416005 0.0010324 -0.0183296 0.0897582 
0.010024 -0.0183951 0.000367598 -0.000446188 -0.0183951 0.0899093 -0.000443652 0.00109265 0.000367598 -0.000443652 0.0100265 -0.0183266 -0.000446188 0.00109265 -0.0183266 0.0897623 
0.0100059 -0.018373 0.000367865 -0.000469345 -0.018373 0.089919 -0.000471882 0.00117463 0.000367865 -0.000471882 0.0100389 -0.0183654 -0.000469345 0.00117463 -0.0183654 0.0898327 
0.0100108 -0.0183421 0.000361346 -0.000473313 -0.0183421 0.089848 -0.000473313 0.00119855 0.000361346 -0.000473313 0.0100134 -0.0183879 -0.000473313 0.00119855 -0.0183879 0.0899116 
0.010032 -0.0183626 0.000346898 -0.000456579 -0.0183626 0.0898594 -0.000461681 0.00118098 0.000346898 -0.000461681 0.00996822 -0.0183422 -0.000456579 0.00118098 -0.0183422 0.0898594 
0.0100437 -0.0184046 0.000354425 -0.000446218 -0.0184046 0.0899371 -0.000451318 0.00116017 0.000354425 -0.000451318 0.00994939 -0.0182771 -0.000446218 0.00116017 -0.0182771 0.0897102 
0.0100531 -0.0184505 0.000374117 -0.00043984 -0.0184505 0.0901066 -0.000447424 0.00113246 0.000374117 -0.000447424 0.00995708 -0.0182079 -0.00043984 0.00113246 -0.0182079 0.0894873 
0.0100294 -0.0184118 0.000361465 -0.000473468 -0.0184118 0.0900302 -0.000470922 0.00116076 0.000361465 -0.000470922 0.00994792 -0.0182591 -0.000473468 0.00116076 -0.0182591 0.0895134 
0.0100306 -0.0183729 0.00034071 -0.000452585 -0.0183729 0.0899348 -0.000450043 0.00115435 0.00034071 -0.000450043 0.00993654 -0.0182763 -0.000452585 0.00115435 -0.0182763 0.0896144 
0.0100422 -0.0183692 0.000312548 -0.00041673 -0.0183692 0.0898765 -0.000406566 0.00106469 0.000312548 -0.000406566 0.00994308 -0.0182828 -0.00041673 0.00106469 -0.0182828 0.0896834 
0.0100422 -0.0183788 0.000285101 -0.000356376 -0.0183788 0.0898832 -0.000358922 0.000913851 0.000285101 -0.000358922 0.00994545 -0.0182821 -0.000356376 0.000913851 -0.0182821 0.0896923 
0.01004 -0.0183931 0.000293046 -0.0003593 -0.0183931 0.0899167 -0.0003593 0.000896975 0.000293046 -0.0003593 0.00993298 -0.0182606 -0.0003593 0.000896975 -0.0182606 0.0896262 
0.0100198 -0.0183817 0.000274622 -0.000374717 -0.0183817 0.0898937 -0.000374717 0.00093166 0.000274622 -0.000374717 0.00989921 -0.0182303 -0.000374717 0.00093166 -0.0182303 0.0895497 
0.0100274 -0.0183426 0.000264014 -0.000358854 -0.0183426 0.0898134 -0.000361417 0.000935583 0.000264014 -0.000361417 0.00986848 -0.0182118 -0.000358854 0.000935583 -0.0182118 0.0894956 
0.0100442 -0.0183849 0.000268151 -0.000342211 -0.0183849 0.0898892 -0.000337104 0.000891282 0.000268151 -0.000337104 0.00986539 -0.0181423 -0.000342211 0.000891282 -0.0181423 0.0893325 
0.0100558 -0.0183983 0.000267714 -0.000341654 -0.0183983 0.089934 -0.000336554 0.000859234 0.000267714 -0.000336554 0.00986206 -0.0181357 -0.000341654 0.000859234 -0.0181357 0.0892558 
0.0100541 -0.018401 0.000273459 -0.000355242 -0.018401 0.0899324 -0.000352686 0.000891938 0.000273459 -0.000352686 0.00984454 -0.0181352 -0.000355242 0.000891938 -0.0181352 0.0892372 
0.0100381 -0.0183858 0.000268947 -0.000340667 -0.0183858 0.0899078 -0.000343228 0.000870877 0.000268947 -0.000343228 0.0098486 -0.0181322 -0.000340667 0.000870877 -0.0181322 0.0892598 
0.0100106 -0.0183744 0.000258651 -0.000330356 -0.0183744 0.0898824 -0.000330356 0.000839975 0.000258651 -0.000330356 0.00988507 -0.018144 -0.000330356 0.000839975 -0.018144 0.0892908 
0.0100244 -0.0183512 0.000245432 -0.000319573 -0.0183512 0.0898562 -0.000317016 0.000812994 0.000245432 -0.000317016 0.00988887 -0.0181748 -0.000319573 0.000812994 -0.0181748 0.0893347 
0.0100494 -0.0183875 0.000267408 -0.000331076 -0.0183875 0.0899177 -0.000331076 0.000842971 0.000267408 -0.000331076 0.00989153 -0.0181633 -0.000331076 0.000842971 -0.0181633 0.0893294 
0.0100849 -0.0184204 0.000281829 -0.000350382 -0.0184204 0.0899999 -0.000352921 0.000883572 0.000281829 -0.000352921 0.00988686 -0.0181792 -0.000350382 0.000883572 -0.0181792 0.0893474 
0.0101079 -0.0184343 0.000294381 -0.00037559 -0.0184343 0.0900197 -0.000378127 0.000946588 0.000294381 -0.000378127 0.00987446 -0.0181933 -0.00037559 0.000946588 -0.0181933 0.0894056 
0.010088 -0.0184543 0.00026487 -0.000369289 -0.0184543 0.0900557 -0.000374383 0.000942325 0.00026487 -0.000374383 0.00987403 -0.0181945 -0.000369289 0.000942325 -0.0181945 0.0894317 
0.0100429 -0.0184355 0.000248575 -0.000340829 -0.0184355 0.0900455 -0.000345954 0.000902044 0.000248575 -0.000345954 0.00989173 -0.0181869 -0.000340829 0.000902044 -0.0181869 0.0894356 
0.0100021 -0.0184097 0.00023698 -0.000329711 -0.0184097 0.0900291 -0.000329711 0.000860339 0.00023698 -0.000329711 0.0098836 -0.0181624 -0.000329711 0.000860339 -0.0181624 0.089331 
0.00999525 -0.0183803 0.000274792 -0.000310746 -0.0183803 0.0899906 -0.000313315 0.000819241 0.000274792 -0.000313315 0.00988739 -0.0181363 -0.000310746 0.000819241 -0.0181363 0.0892459 
0.0099877 -0.0183472 0.000308183 -0.000349274 -0.0183472 0.0898893 -0.000346706 0.000850072 0.000308183 -0.000346706 0.00988754 -0.0181545 -0.000349274 0.000850072 -0.0181545 0.089237 
0.00997339 -0.0183131 0.000334918 -0.00040906 -0.0183131 0.0897809 -0.000406503 0.000971517 0.000334918 -0.000406503 0.00990947 -0.0181699 -0.00040906 0.000971517 -0.0181699 0.0892824 
0.00997119 -0.0182975 0.000337141 -0.00043675 -0.0182975 0.0897101 -0.000429088 0.00105995 0.000337141 -0.000429088 0.00992011 -0.018203 -0.00043675 0.00105995 -0.018203 0.0893678 
0.00999312 -0.018291 0.000323757 -0.000410432 -0.018291 0.0896729 -0.000405333 0.00103245 0.000323757 -0.000405333 0.00990899 -0.0182247 -0.000410432 0.00103245 -0.0182247 0.0894486 
0.0100218 -0.0183094 0.000280937 -0.000383096 -0.0183094 0.08967 -0.00038565 0.000965401 0.000280937 -0.00038565 0.00988132 -0.01822 -0.000383096 0.000965401 -0.01822 0.0894912 
0.0100442 -0.0183338 0.000245166 -0.000342211 -0.0183338 0.089713 -0.000349873 0.000901497 0.000245166 -0.000349873 0.00985773 -0.0181985 -0.000342211 0.000901497 -0.0181985 0.0894806 
0.0100538 -0.0183446 0.000220063 -0.000314741 -0.0183446 0.089732 -0.000322418 0.000844428 0.000220063 -0.000322418 0.00982863 -0.0181731 -0.000314741 0.000844428 -0.0181731 0.0894249 
0.0100492 -0.0183623 0.000220862 -0.000310747 -0.0183623 0.08977 -0.000310747 0.000834652 0.000220862 -0.000310747 0.00980009 -0.0181261 -0.000310747 0.000834652 -0.0181261 0.0893103 
0.0100441 -0.0183838 0.000233943 -0.000300784 -0.0183838 0.0898366 -0.000300784 0.00080466 0.000233943 -0.000300784 0.00977418 -0.0180547 -0.000300784 0.00080466 -0.0180547 0.0891142 
0.0100789 -0.0183921 0.000256658 -0.000315689 -0.0183921 0.0898892 -0.000315689 0.000813605 0.000256658 -0.000315689 0.00972733 -0.0180097 -0.000315689 0.000813605 -0.0180097 0.0889601 
0.0100899 -0.0184389 0.00026586 -0.000314431 -0.0184389 0.0899911 -0.000314431 0.000795024 0.00026586 -0.000314431 0.00973969 -0.0179583 -0.000314431 0.000795024 -0.0179583 0.0888331 
0.0100614 -0.0184258 0.00025083 -0.000332734 -0.0184258 0.0899967 -0.000345531 0.000836953 0.00025083 -0.000345531 0.00976445 -0.017983 -0.000332734 0.000836953 -0.017983 0.0888117 
0.0100391 -0.0183931 0.000228981 -0.000321602 -0.0183931 0.089938 -0.000329321 0.000836166 0.000228981 -0.000329321 0.0097587 -0.0180149 -0.000321602 0.000836166 -0.0180149 0.0888703 
0.0100152 -0.0183723 0.000221074 -0.000293052 -0.0183723 0.0899 -0.000290481 0.000773759 0.000221074 -0.000290481 0.00978124 -0.0180098 -0.000293052 0.000773759 -0.0180098 0.0888975 
0.0100039 -0.0183478 0.000210717 -0.00028267 -0.0183478 0.0898324 -0.0002801 0.000732371 0.000210717 -0.0002801 0.0097778 -0.0180189 -0.00028267 0.000732371 -0.0180189 0.088897 
0.00996287 -0.0183169 0.000188515 -0.000260822 -0.0183169 0.0897381 -0.000263404 0.000671422 0.000188515 -0.000263404 0.00979501 -0.0180303 -0.000260822 0.000671422 -0.0180303 0.0889298 
0.00994093 -0.0182726 0.000181688 -0.000251768 -0.0182726 0.0896396 -0.000246576 0.000648885 0.000181688 -0.000246576 0.00979558 -0.0180416 -0.000251768 0.000648885 -0.0180416 0.08897 
0.00991399 -0.0182233 0.000187253 -0.000244469 -0.0182233 0.0895042 -0.000239267 0.000642381 0.000187253 -0.000239267 0.00978916 -0.0180413 -0.000244469 0.000642381 -0.0180413 0.0889763 
0.00989889 -0.0181929 0.000184081 -0.000233342 -0.0181929 0.0894011 -0.000225564 0.000585948 0.000184081 -0.000225564 0.00980296 -0.0180321 -0.000233342 0.000585948 -0.0180321 0.0889629 
0.00987443 -0.0181498 0.000186603 -0.000233254 -0.0181498 0.0892586 -0.000225479 0.000575361 0.000186603 -0.000225479 0.00981223 -0.0180591 -0.000233254 0.000575361 -0.0180591 0.0889943 
0.00989412 -0.0181513 0.000188189 -0.000232014 -0.0181513 0.0892456 -0.00023717 0.000572302 0.000188189 -0.00023717 0.00981421 -0.0180585 -0.000232014 0.000572302 -0.0180585 0.0890033 
0.00992563 -0.0181987 0.000187908 -0.000249685 -0.0181987 0.0893307 -0.000254833 0.000633223 0.000187908 -0.000254833 0.00978921 -0.0180314 -0.000249685 0.000633223 -0.0180314 0.0889137 
0.00994775 -0.0182345 0.000177409 -0.000241687 -0.0182345 0.0894372 -0.000239116 0.000614503 0.000177409 -0.000239116 0.00977035 -0.0180109 -0.000241687 0.000614503 -0.0180109 0.0888587 
0.00992814 -0.0182283 0.000170285 -0.000234787 -0.0182283 0.0894333 -0.000237367 0.000606319 0.000170285 -0.000237367 0.00975786 -0.0179961 -0.000234787 0.000606319 -0.0179961 0.0888476 
0.00994009 -0.0182029 0.000200654 -0.000228951 -0.0182029 0.0893836 -0.000236669 0.000619969 0.000200654 -0.000236669 0.00974201 -0.01801 -0.000228951 0.000619969 -0.01801 0.088882 
0.0099679 -0.0181905 0.000223622 -0.000236474 -0.0181905 0.0893178 -0.000244185 0.000601467 0.000223622 -0.000244185 0.00971857 -0.0180183 -0.000236474 0.000601467 -0.0180183 0.0889451 
0.009984 -0.0182268 0.000244328 -0.00027519 -0.0182268 0.0893494 -0.000277762 0.000660971 0.000244328 -0.000277762 0.00971138 -0.0179928 -0.00027519 0.000660971 -0.0179928 0.0889507 
0.00998777 -0.018289 0.000226585 -0.000285806 -0.018289 0.089514 -0.000288381 0.00069263 0.000226585 -0.000288381 0.00973029 -0.0179646 -0.000285806 0.00069263 -0.0179646 0.0888548 
0.00995968 -0.0182899 0.00023204 -0.000301652 -0.0182899 0.0895855 -0.000301652 0.000757998 0.00023204 -0.000301652 0.00975342 -0.0179625 -0.000301652 0.000757998 -0.0179625 0.0888069 
0.00994701 -0.0182692 0.000242045 -0.000316718 -0.0182692 0.08959 -0.000311568 0.000803382 0.000242045 -0.000311568 0.00977706 -0.0179963 -0.000316718 0.000803382 -0.0179963 0.0888536 
0.00992986 -0.0182591 0.000253815 -0.000334103 -0.0182591 0.0895656 -0.000328924 0.000857273 0.000253815 -0.000328924 0.00977965 -0.0180131 -0.000334103 0.000857273 -0.0180131 0.0888845 
0.0099438 -0.0182437 0.000256297 -0.000323607 -0.0182437 0.0895459 -0.000321018 0.000846556 0.000256297 -0.000321018 0.00976775 -0.0180107 -0.000323607 0.000846556 -0.0180107 0.0888884 
0.00994829 -0.0182515 0.000256079 -0.000325919 -0.0182515 0.0895295 -0.000320746 0.000838078 0.000256079 -0.000320746 0.00975947 -0.0179928 -0.000325919 0.000838078 -0.0179928 0.0888518 
0.00993504 -0.0182448 0.000258389 -0.000328154 -0.0182448 0.0894955 -0.000333321 0.000850098 0.000258389 -0.000333321 0.00977742 -0.0180045 -0.000328154 0.000850098 -0.0180045 0.0888624 
0.0099319 -0.0182115 0.000254796 -0.000332007 -0.0182115 0.089418 -0.000332007 0.00084932 0.000254796 -0.000332007 0.00979807 -0.0180365 -0.000332007 0.00084932 -0.0180365 0.0889367 
0.0099559 -0.0182182 0.000241573 -0.000336661 -0.0182182 0.0894155 -0.000334091 0.000866066 0.000241573 -0.000334091 0.00977087 -0.0180383 -0.000336661 0.000866066 -0.0180383 0.088958 
0.00995972 -0.0182462 0.000236463 -0.000313571 -0.0182462 0.0894473 -0.000316141 0.000830191 0.000236463 -0.000316141 0.00976696 -0.0180252 -0.000313571 0.000830191 -0.0180252 0.0889461 
0.00993612 -0.0182321 0.000195684 -0.000265203 -0.0182321 0.0894251 -0.000267778 0.000700343 0.000195684 -0.000267778 0.00978936 -0.018039 -0.000265203 0.000700343 -0.018039 0.0889951 
0.00993664 -0.018221 0.00020074 -0.00026508 -0.018221 0.0894272 -0.000252212 0.000679428 0.00020074 -0.000252212 0.0097848 -0.0180486 -0.00026508 0.000679428 -0.0180486 0.0890077 
0.00996052 -0.0181944 0.000201014 -0.000262865 -0.0181944 0.0893431 -0.000257711 0.000662317 0.000201014 -0.000257711 0.00976208 -0.0180707 -0.000262865 0.000662317 -0.0180707 0.089088 
0.0100104 -0.018239 0.000188244 -0.000247553 -0.018239 0.0894029 -0.000239817 0.000611148 0.000188244 -0.000239817 0.00971905 -0.0180276 -0.000247553 0.000611148 -0.0180276 0.0890367 
0.0100628 -0.0183563 0.000203472 -0.000249833 -0.0183563 0.0896925 -0.000247257 0.000633596 0.000203472 -0.000247257 0.00966878 -0.0179184 -0.000249833 0.000633596 -0.0179184 0.0887756 
0.0100408 -0.0183839 0.000219965 -0.000276897 -0.0183839 0.0898079 -0.000276897 0.000696125 0.000219965 -0.000276897 0.00967329 -0.0178922 -0.000276897 0.000696125 -0.0178922 0.0886356 
0.0100121 -0.0183762 0.000215397 -0.000269895 -0.0183762 0.0898595 -0.000275085 0.000695499 0.000215397 -0.000275085 0.00968248 -0.0178702 -0.000269895 0.000695499 -0.0178702 0.0885359 
0.00998093 -0.0183205 0.000202896 -0.000293939 -0.0183205 0.0897608 -0.000299142 0.000764763 0.000202896 -0.000299142 0.0096922 -0.0178991 -0.000293939 0.000764763 -0.0178991 0.0885564 
0.00996218 -0.0182675 0.000192481 -0.000278317 -0.0182675 0.0896076 -0.00028612 0.000769923 0.000192481 -0.00028612 0.00969167 -0.0179085 -0.000278317 0.000769923 -0.0179085 0.088588 
0.00997836 -0.0182565 0.000176241 -0.000251403 -0.0182565 0.0895409 -0.000259178 0.000702373 0.000176241 -0.000259178 0.0096803 -0.0178988 -0.000251403 0.000702373 -0.0178988 0.0885793 
0.0100058 -0.0182881 0.000180331 -0.000226701 -0.0182881 0.0895908 -0.000229277 0.000620852 0.000180331 -0.000229277 0.00968118 -0.0178785 -0.000226701 0.000620852 -0.0178785 0.088532 
0.0100397 -0.0183277 0.000190057 -0.000205467 -0.0183277 0.0896711 -0.000210604 0.000544489 0.000190057 -0.000210604 0.00968522 -0.0178937 -0.000205467 0.000544489 -0.0178937 0.0885514 
0.010058 -0.0183574 0.000185117 -0.000213399 -0.0183574 0.0897535 -0.000221112 0.000521927 0.000185117 -0.000221112 0.00967751 -0.0179101 -0.000213399 0.000521927 -0.0179101 0.0886094 
0.0100847 -0.0184235 0.000194281 -0.000232626 -0.0184235 0.0899393 -0.000242851 0.000567505 0.000194281 -0.000242851 0.00968593 -0.0178841 -0.000232626 0.000567505 -0.0178841 0.0885666 
0.0100765 -0.0184281 0.000214666 -0.000250444 -0.0184281 0.0899784 -0.000255555 0.00062611 0.000214666 -0.000255555 0.00971621 -0.0179272 -0.000250444 0.00062611 -0.0179272 0.0886367 
0.0100553 -0.0184167 0.000223279 -0.000282307 -0.0184167 0.0899891 -0.00028744 0.000690368 0.000223279 -0.00028744 0.00972932 -0.0179521 -0.000282307 0.000690368 -0.0179521 0.0887188 
0.0100459 -0.0183877 0.000222959 -0.000279339 -0.0183877 0.0899343 -0.000271651 0.000704754 0.000222959 -0.000271651 0.0097538 -0.0179981 -0.000279339 0.000704754 -0.0179981 0.0888657 
0.0100376 -0.0183655 0.000214981 -0.000268726 -0.0183655 0.0898519 -0.000263608 0.000678214 0.000214981 -0.000263608 0.00977908 -0.0180405 -0.000268726 0.000678214 -0.0180405 0.0889868 
0.00999992 -0.0183417 0.000235413 -0.000291707 -0.0183417 0.0897562 -0.000284031 0.000736944 0.000235413 -0.000284031 0.00982592 -0.0180782 -0.000291707 0.000736944 -0.0180782 0.0891088 
0.00998561 -0.0182809 0.000250985 -0.000304767 -0.0182809 0.0896272 -0.000307328 0.000776004 0.000250985 -0.000307328 0.00984219 -0.0181477 -0.000304767 0.000776004 -0.0181477 0.0892712 
0.00998557 -0.0182795 0.000236163 -0.000302904 -0.0182795 0.0895827 -0.000305471 0.000764962 0.000236163 -0.000305471 0.00984439 -0.0181589 -0.000302904 0.000764962 -0.0181589 0.0893516 
0.0100119 -0.0183192 0.0002314 -0.000321389 -0.0183192 0.08967 -0.000318818 0.000817613 0.0002314 -0.000318818 0.00981907 -0.0181109 -0.000321389 0.000817613 -0.0181109 0.0892535 
0.0100276 -0.0183486 0.000237523 -0.000312394 -0.0183486 0.0897656 -0.000314976 0.000818421 0.000237523 -0.000314976 0.00975909 -0.0180517 -0.000312394 0.000818421 -0.0180517 0.0890685 
0.0100553 -0.0183741 0.000250286 -0.000307052 -0.0183741 0.08985 -0.000304471 0.000789561 0.000250286 -0.000304471 0.00972244 -0.017987 -0.000307052 0.000789561 -0.017987 0.0889082 
0.0100568 -0.018407 0.000262552 -0.000332051 -0.018407 0.089919 -0.000324329 0.00083399 0.000262552 -0.000324329 0.00971958 -0.0179308 -0.000332051 0.00083399 -0.0179308 0.0887375 
0.0100024 -0.0183857 0.000277559 -0.000354658 -0.0183857 0.089893 -0.000346948 0.000884076 0.000277559 -0.000346948 0.00976595 -0.0179411 -0.000354658 0.000884076 -0.0179411 0.0887005 
0.00999579 -0.0183106 0.000258222 -0.000346018 -0.0183106 0.0897504 -0.000340854 0.000872792 0.000258222 -0.000340854 0.00974532 -0.0180084 -0.000346018 0.000872792 -0.0180084 0.0888079 
0.00998902 -0.0183016 0.00022215 -0.000307394 -0.0183016 0.0896713 -0.000299645 0.000782693 0.00022215 -0.000299645 0.00975654 -0.0180097 -0.000307394 0.000782693 -0.0180097 0.0888938 
0.00999144 -0.018288 0.000203802 -0.000257977 -0.018288 0.0896237 -0.000255397 0.000670739 0.000203802 -0.000255397 0.00977216 -0.0180248 -0.000257977 0.000670739 -0.0180248 0.0889426 
0.00998458 -0.0182991 0.000192406 -0.000248845 -0.0182991 0.0896355 -0.000241149 0.00062596 0.000192406 -0.000241149 0.00981526 -0.01804 -0.000248845 0.00062596 -0.01804 0.0889916 
0.0100003 -0.0183064 0.000190236 -0.000251934 -0.0183064 0.0896733 -0.000251934 0.000637549 0.000190236 -0.000251934 0.00981002 -0.018075 -0.000251934 0.000637549 -0.018075 0.0890383 
0.0100385 -0.0183344 0.000211392 -0.000278419 -0.0183344 0.0897256 -0.000270685 0.000706359 0.000211392 -0.000270685 0.00976528 -0.0180611 -0.000278419 0.000706359 -0.0180611 0.0890373 
0.010068 -0.0183463 0.000219206 -0.000291415 -0.0183463 0.0897301 -0.000286257 0.000742722 0.000219206 -0.000286257 0.00972759 -0.0180445 -0.000291415 0.000742722 -0.0180445 0.0890363 
0.0101081 -0.0183924 0.000218958 -0.000273053 -0.0183924 0.0898216 -0.000270477 0.000708392 0.000218958 -0.000270477 0.00969596 -0.0179854 -0.000273053 0.000708392 -0.0179854 0.0889406 
0.0101071 -0.0184552 0.000210887 -0.000270038 -0.0184552 0.0899844 -0.00027261 0.000673809 0.000210887 -0.00027261 0.00971108 -0.0179305 -0.000270038 0.000673809 -0.0179305 0.0887808 
0.0101086 -0.0184626 0.000220925 -0.000272302 -0.0184626 0.0900705 -0.000274871 0.000685894 0.000220925 -0.000274871 0.00970527 -0.0179309 -0.000272302 0.000685894 -0.0179309 0.0886935 
0.0101027 -0.0184712 0.00025911 -0.00031555 -0.0184712 0.0900984 -0.000320681 0.000797853 0.00025911 -0.000320681 0.00970764 -0.0179273 -0.00031555 0.000797853 -0.0179273 0.0886695 
0.0100632 -0.0184264 0.000275175 -0.000347183 -0.0184264 0.0900027 -0.000344611 0.0008641 0.000275175 -0.000344611 0.00973141 -0.0179609 -0.000347183 0.0008641 -0.0179609 0.0887425 
0.0100085 -0.0183686 0.000270848 -0.000345653 -0.0183686 0.0898595 -0.000353392 0.000887348 0.000270848 -0.000353392 0.00975825 -0.0179817 -0.000345653 0.000887348 -0.0179817 0.0888277 
0.00998763 -0.0182986 0.000266096 -0.000338432 -0.0182986 0.0896845 -0.000346183 0.000870623 0.000266096 -0.000346183 0.00975511 -0.0180196 -0.000338432 0.000870623 -0.0180196 0.0889121 
0.00998487 -0.0183017 0.00023829 -0.000328944 -0.0183017 0.0896515 -0.000331534 0.000841786 0.00023829 -0.000331534 0.00973363 -0.0179961 -0.000328944 0.000841786 -0.0179961 0.0888744 
0.00999584 -0.0182943 0.000229938 -0.000315196 -0.0182943 0.0896215 -0.000317779 0.000837077 0.000229938 -0.000317779 0.00972973 -0.0179713 -0.000315196 0.000837077 -0.0179713 0.0888258 
0.0100069 -0.0182983 0.000214121 -0.000286355 -0.0182983 0.0896033 -0.000283775 0.000758453 0.000214121 -0.000283775 0.00971285 -0.017963 -0.000286355 0.000758453 -0.017963 0.0887932 
0.0100368 -0.0183031 0.000218414 -0.000282654 -0.0183031 0.0896037 -0.000274945 0.000740038 0.000218414 -0.000274945 0.0097053 -0.0179691 -0.000282654 0.000740038 -0.0179691 0.0888149 
