0.00733726 0 -0.000399353 0 0 0.00998721 0 0 -0.000399353 0 0.00727973 0 0 0 0 0.00998721 
0.0103487 -0.0128634 -0.000471515 0.000588623 -0.0128634 0.0338474 0.000588623 -0.00113102 -0.000471515 0.000588623 0.0102809 -0.0127648 0.000588623 -0.00113102 -0.0127648 0.0336656 
0.0104052 -0.0194527 -0.000355785 0.00064291 -0.0194527 0.0713849 0.00064291 -0.00207853 -0.000355785 0.00064291 0.0103615 -0.0193716 0.00064291 -0.00207853 -0.0193716 0.0711321 
0.00982952 -0.0190755 -0.000357929 0.000526366 -0.0190755 0.0853195 0.000520351 -0.001925 -0.000357929 0.000520351 0.00979944 -0.0190665 0.000526366 -0.001925 -0.0190665 0.0852894 
0.00981611 -0.0184205 -0.000381153 0.000477863 -0.0184205 0.0885014 0.000460797 -0.00136248 -0.000381153 0.000460797 0.00979335 -0.0183437 0.000477863 -0.00136248 -0.0183437 0.0883137 
0.00999236 -0.0183098 -0.000433739 0.000521032 -0.0183098 0.0893775 0.000510121 -0.00124939 -0.000433739 0.000510121 0.00991052 -0.018277 0.000521032 -0.00124939 -0.018277 0.0892275 
0.0101258 -0.0184206 -0.000457736 0.0005768 -0.0184206 0.0898618 0.0005768 -0.0013785 -0.000457736 0.0005768 0.00998553 -0.0183624 0.0005768 -0.0013785 -0.0183624 0.0897851 
0.0101564 -0.018527 -0.00043742 0.000569423 -0.018527 0.090207 0.000561658 -0.00139767 -0.00043742 0.000561658 0.01004 -0.0183742 0.000569423 -0.00139767 -0.0183742 0.0899455 
0.0101267 -0.0185285 -0.000415851 0.000536499 -0.0185285 0.0902627 0.000541633 -0.00136307 -0.000415851 0.000541633 0.0100857 -0.0184181 0.000536499 -0.00136307 -0.0184181 0.0900137 
0.0101252 -0.0184852 -0.000387178 0.000481426 -0.0184852 0.0901998 0.000481426 -0.00122776 -0.000387178 0.000481426 0.0100947 -0.0184597 0.000481426 -0.00122776 -0.0184597 0.0900979 
0.0101501 -0.0184974 -0.000385416 0.000469092 -0.0184974 0.0901747 0.000471628 -0.00116639 -0.000385416 0.000471628 0.0100741 -0.0184518 0.000469092 -0.00116639 -0.0184518 0.0900961 
0.0101558 -0.0185322 -0.000369027 0.000475185 -0.0185322 0.0902499 0.000472658 -0.00115763 -0.000369027 0.000472658 0.0100648 -0.0184185 0.000475185 -0.00115763 -0.0184185 0.0900224 
0.0101229 -0.018522 -0.000344265 0.000468302 -0.018522 0.0902558 0.000470834 -0.00117202 -0.000344265 0.000470834 0.0100748 -0.0184258 0.000468302 -0.00117202 -0.0184258 0.0900128 
0.0101005 -0.0184818 -0.000339301 0.000460842 -0.0184818 0.090196 0.000463374 -0.00120528 -0.000339301 0.000463374 0.0100676 -0.0184413 0.000460842 -0.00120528 -0.0184413 0.0900491 
0.0101098 -0.0184628 -0.000356904 0.000448029 -0.0184628 0.09015 0.000453091 -0.00117449 -0.000356904 0.000453091 0.0100566 -0.0184476 0.000448029 -0.00117449 -0.0184476 0.0901019 
0.0101232 -0.0184655 -0.000387601 0.000463601 -0.0184655 0.0901286 0.000471201 -0.00119067 -0.000387601 0.000471201 0.0100422 -0.0184452 0.000463601 -0.00119067 -0.0184452 0.090121 
0.0101459 -0.0185173 -0.000373703 0.000460137 -0.0185173 0.0902377 0.000462679 -0.00114653 -0.000373703 0.000462679 0.0100213 -0.018408 0.000460137 -0.00114653 -0.018408 0.0900572 
0.0101049 -0.0185286 -0.000364255 0.00048907 -0.0185286 0.0902894 0.000486523 -0.00122013 -0.000364255 0.000486523 0.0100438 -0.0183783 0.00048907 -0.00122013 -0.0183783 0.0899837 
0.0100852 -0.0184616 -0.00035547 0.000474806 -0.0184616 0.0901776 0.000472267 -0.00122129 -0.00035547 0.000472267 0.0100547 -0.0184184 0.000474806 -0.00122129 -0.0184184 0.0900202 
0.0100443 -0.0184039 -0.000358815 0.000480965 -0.0184039 0.0899913 0.00047842 -0.00123168 -0.000358815 0.00047842 0.010057 -0.0184446 0.000480965 -0.00123168 -0.0184446 0.0900728 
0.0100004 -0.0183863 -0.00033411 0.000461633 -0.0183863 0.0899369 0.000461633 -0.00119617 -0.00033411 0.000461633 0.010059 -0.0184041 0.000461633 -0.00119617 -0.0184041 0.0900109 
0.00996603 -0.0183469 -0.000299769 0.000414087 -0.0183469 0.0898721 0.000411547 -0.00108476 -0.000299769 0.000411547 0.0101032 -0.0184129 0.000414087 -0.00108476 -0.0184129 0.0900017 
0.00997237 -0.0183076 -0.000290998 0.00036691 -0.0183076 0.0897791 0.000369441 -0.000959028 -0.000290998 0.000369441 0.010109 -0.0184594 0.00036691 -0.000959028 -0.0184594 0.090055 
0.0100294 -0.0183061 -0.000350537 0.000398453 -0.0183061 0.0897426 0.000400974 -0.00101378 -0.000350537 0.000400974 0.0100622 -0.0184776 0.000398453 -0.00101378 -0.0184776 0.0901234 
0.0100367 -0.0183802 -0.000368061 0.000454365 -0.0183802 0.0898501 0.000456904 -0.00110418 -0.000368061 0.000456904 0.0100138 -0.0184031 0.000454365 -0.00110418 -0.0184031 0.0900101 
0.0099877 -0.0183794 -0.00036342 0.000475242 -0.0183794 0.0898995 0.000475242 -0.00117921 -0.00036342 0.000475242 0.0100258 -0.0183591 0.000475242 -0.00117921 -0.0183591 0.0898944 
0.00995411 -0.01832 -0.000341051 0.000447948 -0.01832 0.0898135 0.000445403 -0.0011326 -0.000341051 0.000445403 0.0100356 -0.0183786 0.000447948 -0.0011326 -0.0183786 0.0898924 
0.00991997 -0.0182613 -0.000333551 0.000432853 -0.0182613 0.0896566 0.000435399 -0.00112033 -0.000333551 0.000435399 0.0100549 -0.0183963 0.000432853 -0.00112033 -0.0183963 0.0899392 
0.00989505 -0.0182265 -0.00032447 0.00041389 -0.0182265 0.0895383 0.00041389 -0.00106027 -0.00032447 0.00041389 0.0100534 -0.0184105 0.00041389 -0.00106027 -0.0184105 0.0899649 
0.00991929 -0.0181871 -0.000335423 0.000422479 -0.0181871 0.089435 0.000419918 -0.00107796 -0.000335423 0.000419918 0.0100217 -0.0184175 0.000422479 -0.00107796 -0.0184175 0.0900059 
0.00996023 -0.0182413 -0.000336339 0.000415328 -0.0182413 0.0894968 0.000417876 -0.00106507 -0.000336339 0.000417876 0.010001 -0.018356 0.000415328 -0.00106507 -0.018356 0.0899198 
0.00999873 -0.0183076 -0.000333886 0.000430738 -0.0183076 0.0896725 0.000428189 -0.00109086 -0.000333886 0.000428189 0.00996814 -0.0183102 0.000430738 -0.00109086 -0.0183102 0.0897693 
0.0100109 -0.0183707 -0.000313398 0.000417864 -0.0183707 0.0898484 0.000415316 -0.00107014 -0.000313398 0.000415316 0.00997523 -0.0182765 0.000417864 -0.00107014 -0.0182765 0.0896497 
0.00998887 -0.0183398 -0.000299436 0.000401807 -0.0183398 0.0898333 0.000399248 -0.00103395 -0.000299436 0.000399248 0.00998887 -0.0183116 0.000401807 -0.00103395 -0.0183116 0.0896899 
0.00995595 -0.018319 -0.000304252 0.000386068 -0.018319 0.0898004 0.000386068 -0.000994572 -0.000304252 0.000386068 0.0100199 -0.0183216 0.000386068 -0.000994572 -0.0183216 0.0897365 
0.00994347 -0.0182714 -0.000308819 0.000380282 -0.0182714 0.089675 0.00039049 -0.000982607 -0.000308819 0.00039049 0.0100379 -0.0183658 0.000380282 -0.000982607 -0.0183658 0.089823 
0.00995669 -0.0182654 -0.000296376 0.000388354 -0.0182654 0.0896281 0.000403684 -0.000991326 -0.000296376 0.000403684 0.0100001 -0.0183574 0.000388354 -0.000991326 -0.0183574 0.0898121 
0.00993626 -0.0182784 -0.000292168 0.000386994 -0.0182784 0.0896211 0.00039212 -0.00101234 -0.000292168 0.00039212 0.00999008 -0.0183169 0.000386994 -0.00101234 -0.0183169 0.0897416 
0.00992099 -0.0182304 -0.000289982 0.000387498 -0.0182304 0.089525 0.000387498 -0.00100852 -0.000289982 0.000387498 0.00998001 -0.0183202 0.000387498 -0.00100852 -0.0183202 0.0897534 
0.00989444 -0.0182116 -0.000266724 0.000359052 -0.0182116 0.0894552 0.000356487 -0.00093097 -0.000266724 0.000356487 0.00999703 -0.0183091 0.000359052 -0.00093097 -0.0183091 0.0897321 
0.0098813 -0.0181708 -0.00026914 0.000358854 -0.0181708 0.0893546 0.000351164 -0.000922767 -0.00026914 0.000351164 0.0100043 -0.0183374 0.000358854 -0.000922767 -0.0183374 0.0897647 
0.00991725 -0.0181671 -0.000284301 0.000361139 -0.0181671 0.0893141 0.000350894 -0.000922058 -0.000284301 0.000350894 0.00996591 -0.0183387 0.000361139 -0.000922058 -0.0183387 0.0897905 
0.0099258 -0.018234 -0.000309701 0.000373689 -0.018234 0.0894448 0.00037113 -0.000944461 -0.000309701 0.00037113 0.00997443 -0.0182775 0.000373689 -0.000944461 -0.0182775 0.0896854 
0.00991685 -0.0182421 -0.000313727 0.000392797 -0.0182421 0.0895144 0.000387696 -0.000974341 -0.000313727 0.000387696 0.0100036 -0.0182957 0.000392797 -0.000974341 -0.0182957 0.0896648 
0.00992323 -0.0182342 -0.000295456 0.000392243 -0.0182342 0.0895307 0.000384602 -0.000972966 -0.000295456 0.000384602 0.0100124 -0.0183386 0.000392243 -0.000972966 -0.0183386 0.0897421 
0.00993188 -0.0182335 -0.000288287 0.000362273 -0.0182335 0.0895222 0.00035717 -0.000915886 -0.000288287 0.00035717 0.0100186 -0.0183713 0.000362273 -0.000915886 -0.0183713 0.0898385 
0.0099078 -0.018243 -0.000274504 0.000364295 -0.018243 0.089537 0.00036173 -0.000908172 -0.000274504 0.00036173 0.0100155 -0.0183558 0.000364295 -0.000908172 -0.0183558 0.0898372 
0.00991432 -0.0182061 -0.000268715 0.00035061 -0.0182061 0.0894797 0.000345491 -0.000900836 -0.000268715 0.000345491 0.0100013 -0.0183597 0.00035061 -0.000900836 -0.0183597 0.0898456 
0.00992718 -0.0182292 -0.000281078 0.000352626 -0.0182292 0.0894877 0.000347515 -0.000891785 -0.000281078 0.000347515 0.00999106 -0.0183289 0.000352626 -0.000891785 -0.0183289 0.0897764 
0.00994649 -0.0182408 -0.00028177 0.00034837 -0.0182408 0.0895261 0.000353494 -0.000881172 -0.00028177 0.000353494 0.0099593 -0.0183048 0.00034837 -0.000881172 -0.0183048 0.0896952 
0.00996025 -0.018269 -0.000281218 0.000355358 -0.018269 0.0895911 0.000365584 -0.000915238 -0.000281218 0.000365584 0.00993979 -0.0182587 0.000355358 -0.000915238 -0.0182587 0.0895962 
0.00995597 -0.0182882 -0.000285038 0.000351208 -0.0182882 0.0896394 0.000356298 -0.000898379 -0.000285038 0.000356298 0.00997888 -0.0182653 0.000351208 -0.000898379 -0.0182653 0.089591 
0.00992108 -0.0182598 -0.000289555 0.000375914 -0.0182598 0.0896047 0.000373374 -0.000944865 -0.000289555 0.000373374 0.0100354 -0.0183284 0.000375914 -0.000944865 -0.0183284 0.0897088 
0.00990218 -0.0182576 -0.000293039 0.000379677 -0.0182576 0.0896088 0.000374581 -0.000968303 -0.000293039 0.000374581 0.01005 -0.018357 0.000379677 -0.000968303 -0.018357 0.0897592 
0.00988751 -0.0182299 -0.000300858 0.000395194 -0.0182299 0.0895817 0.000392645 -0.00100456 -0.000300858 0.000392645 0.0100558 -0.0183804 0.000395194 -0.00100456 -0.0183804 0.0898315 
0.0099071 -0.0181988 -0.000296039 0.00039557 -0.0181988 0.0894906 0.000403226 -0.00103359 -0.000296039 0.000403226 0.0100168 -0.0183927 0.00039557 -0.00103359 -0.0183927 0.0898862 
0.00996843 -0.0182131 -0.000305546 0.000384478 -0.0182131 0.089474 0.000389571 -0.00101339 -0.000305546 0.000389571 0.00996843 -0.0183684 0.000384478 -0.00101339 -0.0183684 0.0899017 
0.0100018 -0.0183225 -0.000287802 0.000379491 -0.0183225 0.089672 0.000379491 -0.000978018 -0.000287802 0.000379491 0.00994827 -0.0182767 0.000379491 -0.000978018 -0.0182767 0.0897102 
0.00998741 -0.0183587 -0.000275304 0.000364523 -0.0183587 0.0898306 0.000354326 -0.000925326 -0.000275304 0.000354326 0.00996701 -0.0182465 0.000364523 -0.000925326 -0.0182465 0.0895757 
0.00997188 -0.0183401 -0.000247701 0.000337078 -0.0183401 0.0898542 0.000326863 -0.000850355 -0.000247701 0.000326863 0.00998721 -0.0182814 0.000337078 -0.000850355 -0.0182814 0.0895963 
0.00995837 -0.0182962 -0.000265421 0.000339432 -0.0182962 0.0897504 0.000334328 -0.000865169 -0.000265421 0.000334328 0.0100094 -0.0183293 0.000339432 -0.000865169 -0.0183293 0.0897198 
0.0099657 -0.0182658 -0.00030515 0.000373809 -0.0182658 0.0896379 0.000378895 -0.000956137 -0.00030515 0.000378895 0.0100191 -0.0183675 0.000373809 -0.000956137 -0.0183675 0.0898591 
0.00996779 -0.0182895 -0.000314505 0.000393132 -0.0182895 0.0896492 0.000403277 -0.00100439 -0.000314505 0.000403277 0.0100464 -0.0183808 0.000393132 -0.00100439 -0.0183808 0.0899181 
0.00997686 -0.0182964 -0.000325909 0.000394123 -0.0182964 0.0896831 0.000401702 -0.00101562 -0.000325909 0.000401702 0.0100729 -0.0184126 0.000394123 -0.00101562 -0.0184126 0.0899863 
0.00997036 -0.0183034 -0.000330495 0.00039609 -0.0183034 0.0897055 0.00039609 -0.00098644 -0.000330495 0.00039609 0.0101142 -0.0184598 0.00039609 -0.00098644 -0.0184598 0.0901142 
0.00997983 -0.018317 -0.000341169 0.000429621 -0.018317 0.0897427 0.000429621 -0.00105889 -0.000341169 0.000429621 0.0101011 -0.0184813 0.000429621 -0.00105889 -0.0184813 0.0901597 
0.00994508 -0.018316 -0.00034022 0.000449395 -0.018316 0.0897571 0.000451934 -0.00113999 -0.00034022 0.000451934 0.0101 -0.0184709 0.000449395 -0.00113999 -0.0184709 0.0901659 
0.00993751 -0.0182772 -0.000330234 0.000434385 -0.0182772 0.0897094 0.000434385 -0.0011228 -0.000330234 0.000434385 0.0101026 -0.0184804 0.000434385 -0.0011228 -0.0184804 0.090192 
0.00997453 -0.0182765 -0.000322825 0.000393999 -0.0182765 0.0896996 0.000393999 -0.00101423 -0.000322825 0.000393999 0.0100787 -0.0184798 0.000393999 -0.00101423 -0.0184798 0.0901953 
0.00998371 -0.0183026 -0.000341106 0.000427655 -0.0183026 0.0897006 0.000430201 -0.00106914 -0.000341106 0.000430201 0.0100753 -0.018463 0.000427655 -0.00106914 -0.018463 0.0901894 
0.00998212 -0.0183269 -0.000356504 0.000445631 -0.0183269 0.0897678 0.000437991 -0.00111535 -0.000356504 0.000437991 0.0100967 -0.0184491 0.000445631 -0.00111535 -0.0184491 0.0901574 
0.00999047 -0.0183243 -0.000378581 0.000477673 -0.0183243 0.0898025 0.000472591 -0.00119672 -0.000378581 0.000472591 0.0101201 -0.0184793 0.000477673 -0.00119672 -0.0184793 0.0902039 
0.0100118 -0.0183427 -0.000396708 0.000498428 -0.0183427 0.0898265 0.000498428 -0.00126387 -0.000396708 0.000498428 0.0101135 -0.0185054 0.000498428 -0.00126387 -0.0185054 0.090241 
0.0100224 -0.0183832 -0.000390647 0.000489577 -0.0183832 0.0899375 0.000497187 -0.00125565 -0.000390647 0.000497187 0.0101467 -0.0184948 0.000489577 -0.00125565 -0.0184948 0.090247 
0.0100084 -0.0183778 -0.000390101 0.000493959 -0.0183778 0.0899308 0.000504091 -0.00126656 -0.000390101 0.000504091 0.0101755 -0.018545 0.000493959 -0.00126656 -0.018545 0.0903285 
0.00999198 -0.0183753 -0.000400897 0.000507465 -0.0183753 0.0899456 0.000517614 -0.00129657 -0.000400897 0.000517614 0.010195 -0.0185631 0.000507465 -0.00129657 -0.0185631 0.0903769 
0.00999191 -0.0183612 -0.000413266 0.000529893 -0.0183612 0.0899297 0.000534964 -0.00135643 -0.000413266 0.000534964 0.0101897 -0.0185742 0.000529893 -0.00135643 -0.0185742 0.0903963 
0.010046 -0.0183682 -0.000397612 0.000513373 -0.0183682 0.0899409 0.000513373 -0.00131866 -0.000397612 0.000513373 0.0101794 -0.0185846 0.000513373 -0.00131866 -0.0185846 0.0904417 
0.010088 -0.0184284 -0.000380252 0.000493572 -0.0184284 0.0900492 0.000488536 -0.00126415 -0.000380252 0.000488536 0.010156 -0.0185644 0.000493572 -0.00126415 -0.0185644 0.0904043 
0.0100688 -0.01847 -0.000373947 0.0004927 -0.01847 0.0901414 0.0004927 -0.00126586 -0.000373947 0.0004927 0.0101698 -0.0185533 0.0004927 -0.00126586 -0.0185533 0.0904042 
0.0100375 -0.0184611 -0.000371293 0.000469799 -0.0184611 0.0901913 0.000464747 -0.00120228 -0.000371293 0.000464747 0.0102118 -0.0185722 0.000469799 -0.00120228 -0.0185722 0.0904363 
0.0100276 -0.0184003 -0.000370832 0.000476784 -0.0184003 0.0900768 0.000471739 -0.00119827 -0.000370832 0.000471739 0.0102345 -0.01864 0.000476784 -0.00119827 -0.01864 0.0905612 
0.0100085 -0.0183997 -0.000383485 0.000491971 -0.0183997 0.0900281 0.000484402 -0.00123623 -0.000383485 0.000484402 0.0102305 -0.0186343 0.000491971 -0.00123623 -0.0186343 0.0905857 
0.00998963 -0.0183826 -0.000366894 0.000470636 -0.0183826 0.0899901 0.000457984 -0.00117153 -0.000366894 0.000457984 0.0102376 -0.0186407 0.000470636 -0.00117153 -0.0186407 0.0906025 
0.00997588 -0.0183444 -0.000339195 0.00044551 -0.0183444 0.089912 0.000430322 -0.00110365 -0.000339195 0.000430322 0.0102594 -0.0186658 0.00044551 -0.00110365 -0.0186658 0.0906764 
0.00997097 -0.0183302 -0.000346092 0.000442088 -0.0183302 0.08986 0.000429457 -0.00109638 -0.000346092 0.000429457 0.0102716 -0.0186839 0.000442088 -0.00109638 -0.0186839 0.0907139 
0.00998046 -0.018344 -0.000349747 0.000453657 -0.018344 0.0898824 0.000448588 -0.00114048 -0.000349747 0.000448588 0.0102516 -0.0186709 0.000453657 -0.00114048 -0.0186709 0.0906858 
0.00998937 -0.0183523 -0.000362835 0.000466864 -0.0183523 0.0899069 0.000471939 -0.00119 -0.000362835 0.000471939 0.010238 -0.0186593 0.000466864 -0.00119 -0.0186593 0.0906554 
0.010006 -0.0183566 -0.000368148 0.000451934 -0.0183566 0.0899196 0.000464629 -0.00117046 -0.000368148 0.000464629 0.0102168 -0.0186334 0.000451934 -0.00117046 -0.0186334 0.0906051 
0.00998399 -0.0183412 -0.000383219 0.00046443 -0.0183412 0.089861 0.000482196 -0.00119026 -0.000383219 0.000482196 0.0102225 -0.0186331 0.00046443 -0.00119026 -0.0186331 0.0905969 
0.00998242 -0.018331 -0.000394542 0.000495707 -0.018331 0.0898342 0.00051594 -0.00126709 -0.000394542 0.00051594 0.0102126 -0.0186143 0.000495707 -0.00126709 -0.0186143 0.0905449 
0.0100017 -0.0183289 -0.000371839 0.000488197 -0.0183289 0.0898232 0.000495786 -0.00124199 -0.000371839 0.000495786 0.0101763 -0.0186046 0.000488197 -0.00124199 -0.0186046 0.090491 
0.0100325 -0.0183634 -0.000339314 0.000455794 -0.0183634 0.0898674 0.000453262 -0.0011724 -0.000339314 0.000453262 0.0101414 -0.018566 0.000455794 -0.0011724 -0.018566 0.0904144 
0.0100407 -0.0184113 -0.00031124 0.000414987 -0.0184113 0.0899965 0.000407396 -0.0010653 -0.00031124 0.000407396 0.0101419 -0.0185099 0.000414987 -0.0010653 -0.0185099 0.0903002 
0.0100316 -0.0184238 -0.000331938 0.000410488 -0.0184238 0.0900692 0.000402887 -0.00105409 -0.000331938 0.000402887 0.010138 -0.0185049 0.000410488 -0.00105409 -0.0185049 0.0902238 
0.00999214 -0.0184127 -0.000367545 0.000456262 -0.0184127 0.0900788 0.000448658 -0.00113305 -0.000367545 0.000448658 0.0101772 -0.0185141 0.000456262 -0.00113305 -0.0185141 0.0902284 
0.00999618 -0.0183752 -0.000373973 0.000475046 -0.0183752 0.0900263 0.000475046 -0.00118509 -0.000373973 0.000475046 0.0102034 -0.0185622 0.000475046 -0.00118509 -0.0185622 0.090327 
0.00997848 -0.0183635 -0.000390178 0.000485834 -0.0183635 0.0899649 0.000485834 -0.00123346 -0.000390178 0.000485834 0.0102453 -0.0186052 0.000485834 -0.00123346 -0.0186052 0.0904482 
0.00996249 -0.0183295 -0.000396992 0.000494984 -0.0183295 0.0898609 0.000497496 -0.00125379 -0.000396992 0.000497496 0.0102791 -0.0186712 0.000494984 -0.00125379 -0.0186712 0.0906147 
0.0099444 -0.0183071 -0.000391015 0.000514626 -0.0183071 0.0898074 0.000514626 -0.00129161 -0.000391015 0.000514626 0.0102799 -0.0187057 0.000514626 -0.00129161 -0.0187057 0.0907256 
0.00994267 -0.018293 -0.000350769 0.000471898 -0.018293 0.0897591 0.000469375 -0.00120624 -0.000350769 0.000469375 0.0102707 -0.0187043 0.000471898 -0.00120624 -0.0187043 0.0907685 
0.0099653 -0.0182992 -0.000333355 0.000419219 -0.0182992 0.0897786 0.000416694 -0.00106825 -0.000333355 0.000416694 0.0102734 -0.0187058 0.000419219 -0.00106825 -0.0187058 0.0908065 
0.00999137 -0.0183276 -0.000334058 0.000422634 -0.0183276 0.0898236 0.000417572 -0.00105532 -0.000334058 0.000417572 0.0102546 -0.0186971 0.000422634 -0.00105532 -0.0186971 0.0907828 
0.00999767 -0.01837 -0.000339247 0.000420262 -0.01837 0.0899309 0.00041773 -0.00105065 -0.000339247 0.00041773 0.0102584 -0.0186662 0.000420262 -0.00105065 -0.0186662 0.0907158 
0.0100257 -0.0183619 -0.000361675 0.000447667 -0.0183619 0.0899331 0.000447667 -0.00112549 -0.000361675 0.000447667 0.0102432 -0.0186882 0.000447667 -0.00112549 -0.0186882 0.0907297 
0.0100116 -0.0184036 -0.00035991 0.000461293 -0.0184036 0.0900105 0.000463828 -0.0011583 -0.00035991 0.000463828 0.0102549 -0.0186469 0.000461293 -0.0011583 -0.0186469 0.0906644 
0.00997215 -0.0183786 -0.00038131 0.000489895 -0.0183786 0.0899968 0.000489895 -0.00124241 -0.00038131 0.000489895 0.010303 -0.0186665 0.000489895 -0.00124241 -0.0186665 0.0906635 
0.0099581 -0.0183226 -0.000381353 0.000495001 -0.0183226 0.0898704 0.000497526 -0.00126276 -0.000381353 0.000497526 0.0103066 -0.0187242 0.000495001 -0.00126276 -0.0187242 0.0907594 
0.00996992 -0.0183164 -0.000395172 0.000510955 -0.0183164 0.0898174 0.000513472 -0.00130885 -0.000395172 0.000513472 0.0102971 -0.0187241 0.000510955 -0.00130885 -0.0187241 0.0907965 
0.00999048 -0.0183326 -0.000405832 0.000518563 -0.0183326 0.0898417 0.000518563 -0.00132772 -0.000405832 0.000518563 0.0102811 -0.0187109 0.000518563 -0.00132772 -0.0187109 0.0907786 
0.00998841 -0.018374 -0.000403851 0.000516728 -0.018374 0.0899358 0.000504187 -0.00129182 -0.000403851 0.000504187 0.0102869 -0.01869 0.000516728 -0.00129182 -0.01869 0.0907335 
0.00997484 -0.018376 -0.000384614 0.000477626 -0.018376 0.0899922 0.000472598 -0.00119658 -0.000384614 0.000472598 0.0103016 -0.0187028 0.000477626 -0.00119658 -0.0187028 0.0907464 
0.00995182 -0.0183303 -0.000368119 0.000484102 -0.0183303 0.0899017 0.000476537 -0.00118 -0.000368119 0.000476537 0.0102947 -0.0187312 0.000484102 -0.00118 -0.0187312 0.0908043 
0.00992863 -0.0182836 -0.000348019 0.000448894 -0.0182836 0.0897738 0.000441329 -0.00111719 -0.000348019 0.000441329 0.0102968 -0.0187375 0.000448894 -0.00111719 -0.0187375 0.0908607 
0.00991325 -0.018286 -0.00036039 0.000454294 -0.018286 0.0897472 0.000456832 -0.00114969 -0.00036039 0.000456832 0.0102635 -0.0186971 0.000454294 -0.00114969 -0.0186971 0.0907649 
0.00986576 -0.0182679 -0.000351258 0.000465798 -0.0182679 0.0897183 0.000465798 -0.00116322 -0.000351258 0.000465798 0.0102654 -0.0186497 0.000465798 -0.00116322 -0.0186497 0.0906347 
0.00984782 -0.0182089 -0.000321874 0.000439384 -0.0182089 0.0896063 0.000439384 -0.00112145 -0.000321874 0.000439384 0.0102514 -0.0186534 0.000439384 -0.00112145 -0.0186534 0.090577 
0.0098531 -0.0181856 -0.000326566 0.000408207 -0.0181856 0.0895198 0.000405656 -0.00105879 -0.000326566 0.000405656 0.0102409 -0.018627 0.000408207 -0.00105879 -0.018627 0.0905454 
0.00985945 -0.0181681 -0.000324475 0.000416453 -0.0181681 0.0894198 0.000403678 -0.0010373 -0.000324475 0.000403678 0.0102274 -0.0186356 0.000416453 -0.0010373 -0.0186356 0.0905542 
0.00986438 -0.0181794 -0.000321083 0.000412821 -0.0181794 0.0894139 0.000402628 -0.0010346 -0.000321083 0.000402628 0.0102339 -0.0186152 0.000412821 -0.0010346 -0.0186152 0.090525 
0.00987986 -0.0181939 -0.000337534 0.000433973 -0.0181939 0.0894491 0.000428897 -0.0010862 -0.000337534 0.000428897 0.0102225 -0.0186075 0.000433973 -0.0010862 -0.0186075 0.0904668 
0.0099068 -0.0181916 -0.000336553 0.000420059 -0.0181916 0.0894446 0.000417528 -0.00107292 -0.000336553 0.000417528 0.0102079 -0.0186192 0.000420059 -0.00107292 -0.0186192 0.0905049 
0.00993282 -0.0182507 -0.000339714 0.000425909 -0.0182507 0.0895576 0.000428445 -0.00109013 -0.000339714 0.000428445 0.0101711 -0.0185803 0.000425909 -0.00109013 -0.0185803 0.0904373 
0.00989925 -0.0182579 -0.000346895 0.000425966 -0.0182579 0.0895932 0.000431067 -0.00107894 -0.000346895 0.000431067 0.010162 -0.0185538 0.000425966 -0.00107894 -0.0185538 0.0903788 
0.00987133 -0.0182283 -0.000353004 0.000437418 -0.0182283 0.0895659 0.000442534 -0.00110506 -0.000353004 0.000442534 0.0101629 -0.0185378 0.000437418 -0.00110506 -0.0185378 0.0903333 
0.00985312 -0.018163 -0.000358295 0.000455547 -0.018163 0.0894126 0.000452988 -0.00115166 -0.000358295 0.000452988 0.0101449 -0.0185392 0.000455547 -0.00115166 -0.0185392 0.0903109 
0.00985879 -0.0181565 -0.000359661 0.000456591 -0.0181565 0.0893566 0.000459142 -0.00116571 -0.000359661 0.000459142 0.0101317 -0.0185111 0.000456591 -0.00116571 -0.0185111 0.0902621 
0.00984304 -0.0181878 -0.000351628 0.000458645 -0.0181878 0.0894104 0.000463742 -0.00117209 -0.000351628 0.000463742 0.0101564 -0.0184783 0.000458645 -0.00117209 -0.0184783 0.0901519 
0.00983399 -0.0181486 -0.000346124 0.00044538 -0.0181486 0.0893687 0.00045047 -0.00116053 -0.000346124 0.00045047 0.0101572 -0.01851 0.00044538 -0.00116053 -0.01851 0.0901652 
0.00982881 -0.0181359 -0.000328817 0.000405286 -0.0181359 0.0893209 0.000415481 -0.00105782 -0.000328817 0.000415481 0.0101449 -0.0185131 0.000405286 -0.00105782 -0.0185131 0.0901824 
0.00986152 -0.0181202 -0.000351107 0.000419801 -0.0181202 0.08926 0.000419801 -0.00105841 -0.000351107 0.000419801 0.0101134 -0.0185196 0.000419801 -0.00105841 -0.0185196 0.0902344 
0.00985774 -0.0181642 -0.000348969 0.000448311 -0.0181642 0.0893131 0.000445763 -0.00110549 -0.000348969 0.000445763 0.0101074 -0.0184724 0.000448311 -0.00110549 -0.0184724 0.0901665 
0.00985832 -0.0181701 -0.000373306 0.000479965 -0.0181701 0.0893852 0.000469807 -0.00121134 -0.000373306 0.000469807 0.0101123 -0.0184545 0.000479965 -0.00121134 -0.0184545 0.0900962 
0.00985652 -0.0181873 -0.000372566 0.000466341 -0.0181873 0.0894386 0.000466341 -0.00119373 -0.000372566 0.000466341 0.0101302 -0.018456 0.000466341 -0.00119373 -0.018456 0.0900697 
0.00986092 -0.0181805 -0.000350995 0.000462906 -0.0181805 0.0894427 0.000462906 -0.00116998 -0.000350995 0.000462906 0.0101127 -0.0184705 0.000462906 -0.00116998 -0.0184705 0.0900811 
0.00985995 -0.0181822 -0.000318227 0.000417514 -0.0181822 0.0894448 0.00042006 -0.00106924 -0.000318227 0.00042006 0.0101069 -0.0184623 0.000417514 -0.00106924 -0.0184623 0.0900889 
0.0098336 -0.0181675 -0.000303003 0.000397214 -0.0181675 0.0894038 0.000394668 -0.00101086 -0.000303003 0.000394668 0.0101239 -0.0184552 0.000397214 -0.00101086 -0.0184552 0.0900862 
0.00980808 -0.0181275 -0.000288548 0.0003626 -0.0181275 0.0893094 0.000365154 -0.000916714 -0.000288548 0.000365154 0.0101145 -0.0184747 0.0003626 -0.000916714 -0.0184747 0.090101 
0.00981731 -0.0181058 -0.000265885 0.000352809 -0.0181058 0.0892378 0.000357923 -0.000889693 -0.000265885 0.000357923 0.0100909 -0.0184611 0.000352809 -0.000889693 -0.0184611 0.090084 
0.00981328 -0.018107 -0.00024303 0.000353032 -0.018107 0.0892123 0.000353032 -0.000903047 -0.00024303 0.000353032 0.0100717 -0.0184216 0.000353032 -0.000903047 -0.0184216 0.0900053 
0.00981493 -0.0181128 -0.00022295 0.000304955 -0.0181128 0.0892159 0.00031008 -0.000822609 -0.00022295 0.00031008 0.0100584 -0.0183998 0.000304955 -0.000822609 -0.0183998 0.0899437 
0.00981153 -0.018112 -0.000218434 0.000292958 -0.018112 0.0892161 0.000287819 -0.000747814 -0.000218434 0.000287819 0.010048 -0.0183793 0.000292958 -0.000747814 -0.0183793 0.0898636 
0.00978097 -0.0180791 -0.000241569 0.000300676 -0.0180791 0.0891466 0.000295536 -0.000763255 -0.000241569 0.000295536 0.0100585 -0.0183772 0.000300676 -0.000763255 -0.0183772 0.0898559 
0.00974922 -0.0180242 -0.000240116 0.000314991 -0.0180242 0.0889952 0.000309827 -0.000774567 -0.000240116 0.000309827 0.0100565 -0.0184063 0.000314991 -0.000774567 -0.0184063 0.0899169 
0.0097265 -0.0179975 -0.000250324 0.00031226 -0.0179975 0.0888985 0.000304518 -0.000774198 -0.000250324 0.000304518 0.0100723 -0.0183975 0.00031226 -0.000774198 -0.0183975 0.0899205 
0.00972799 -0.0179643 -0.000271443 0.000341242 -0.0179643 0.0888057 0.000336072 -0.000847935 -0.000271443 0.000336072 0.0100615 -0.018409 0.000341242 -0.000847935 -0.018409 0.0899251 
0.00977273 -0.0179691 -0.000257584 0.000345162 -0.0179691 0.0887943 0.000340011 -0.000862906 -0.000257584 0.000340011 0.0100226 -0.0183889 0.000345162 -0.000862906 -0.0183889 0.0898968 
0.00979945 -0.0180237 -0.000257812 0.00033 -0.0180237 0.0888731 0.000335156 -0.000858515 -0.000257812 0.000335156 0.00999023 -0.0183382 0.00033 -0.000858515 -0.0183382 0.089796 
0.00979937 -0.0180515 -0.000268193 0.000350714 -0.0180515 0.0889654 0.000353293 -0.000902574 -0.000268193 0.000353293 0.00997215 -0.0182939 0.000350714 -0.000902574 -0.0182939 0.0896668 
0.00978972 -0.0180713 -0.000249633 0.000321692 -0.0180713 0.0890519 0.000319118 -0.000826104 -0.000249633 0.000319118 0.00999303 -0.0182721 0.000321692 -0.000826104 -0.0182721 0.0895821 
