0.00689799 0 0.000215349 0 0 0.00998807 0 0 0.000215349 0 0.00767735 0 0 0 0 0.00998807 
0.00982101 -0.0122016 0.000261396 -0.000320521 -0.0122016 0.0325873 -0.000320521 0.000613035 0.000261396 -0.000320521 0.0107421 -0.0133405 -0.000320521 0.000613035 -0.0133405 0.0347594 
0.0100089 -0.0187974 0.000135596 -0.000271192 -0.0187974 0.0692707 -0.000271192 0.000873492 0.000135596 -0.000271192 0.0106837 -0.0198853 -0.000271192 0.000873492 -0.0198853 0.0727679 
0.00949857 -0.0186102 9.1391e-05 -0.00016755 -0.0186102 0.083705 -0.000179736 0.000682386 9.1391e-05 -0.000179736 0.0100652 -0.0194053 -0.00016755 0.000682386 -0.0194053 0.0864071 
0.00949894 -0.018004 0.000103405 -0.000117767 -0.018004 0.0873633 -0.000126384 0.000384898 0.000103405 -0.000126384 0.0100935 -0.0186704 -0.000117767 0.000384898 -0.0186704 0.0891039 
0.00961328 -0.0178587 0.000117402 -0.000136514 -0.0178587 0.0882751 -0.000150165 0.000319442 0.000117402 -0.000150165 0.0103177 -0.0186832 -0.000136514 0.000319442 -0.0186832 0.0900935 
0.00968426 -0.0179036 0.000129335 -0.00015573 -0.0179036 0.0886418 -0.000174206 0.000366888 0.000129335 -0.000174206 0.0104708 -0.0188802 -0.00015573 0.000366888 -0.0188802 0.0908721 
0.00973825 -0.017959 0.000126672 -0.000168035 -0.017959 0.0888128 -0.000173205 0.000416209 0.000126672 -0.000173205 0.010506 -0.0189827 -0.000168035 0.000416209 -0.0189827 0.0913204 
0.00974622 -0.0179737 0.000143176 -0.000181527 -0.0179737 0.0888256 -0.000181527 0.000462766 0.000143176 -0.000181527 0.0104953 -0.0190015 -0.000181527 0.000462766 -0.0190015 0.0914948 
0.00980586 -0.0180193 0.000149611 -0.000192719 -0.0180193 0.0889501 -0.000187648 0.000479262 0.000149611 -0.000187648 0.0104499 -0.0189575 -0.000192719 0.000479262 -0.0189575 0.0914301 
0.00982948 -0.0181009 0.000162136 -0.00021787 -0.0181009 0.0891189 -0.000220403 0.000542141 0.000162136 -0.000220403 0.0104172 -0.018904 -0.00021787 0.000542141 -0.018904 0.0912951 
0.00984898 -0.0181314 0.000166761 -0.000219821 -0.0181314 0.0892447 -0.000227401 0.000571029 0.000166761 -0.000227401 0.0103973 -0.0188768 -0.000219821 0.000571029 -0.0188768 0.091218 
0.0098458 -0.0181561 0.000156322 -0.000191621 -0.0181561 0.0893509 -0.000201706 0.000509309 0.000156322 -0.000201706 0.0104207 -0.0188621 -0.000191621 0.000509309 -0.0188621 0.0911713 
0.00980504 -0.0181641 0.000147139 -0.000187729 -0.0181641 0.0894047 -0.000192803 0.00047186 0.000147139 -0.000192803 0.0104139 -0.0188617 -0.000187729 0.00047186 -0.0188617 0.0911222 
0.00978309 -0.0181541 0.000106476 -0.000147038 -0.0181541 0.0894574 -0.000152108 0.0003752 0.000106476 -0.000152108 0.0104574 -0.0188589 -0.000147038 0.0003752 -0.0188589 0.0911255 
0.00974439 -0.0180841 0.000118958 -0.000159454 -0.0180841 0.0893169 -0.000156923 0.0003999 0.000118958 -0.000156923 0.0104986 -0.0189244 -0.000159454 0.0003999 -0.0189244 0.0912328 
0.00973414 -0.0180492 0.000126253 -0.000166654 -0.0180492 0.0892182 -0.000159079 0.000404011 0.000126253 -0.000159079 0.0105194 -0.0189658 -0.000166654 0.000404011 -0.0189658 0.0913468 
0.00975997 -0.0180466 0.000138279 -0.000158392 -0.0180466 0.0891723 -0.000158392 0.000394723 0.000138279 -0.000158392 0.0105293 -0.0189945 -0.000158392 0.000394723 -0.0189945 0.0914476 
0.00979048 -0.018074 0.000161285 -0.000183965 -0.018074 0.0892055 -0.000191526 0.000451093 0.000161285 -0.000191526 0.0105112 -0.019019 -0.000183965 0.000451093 -0.019019 0.0915215 
0.00975259 -0.018076 0.000150969 -0.000231486 -0.018076 0.0891748 -0.000231486 0.000561101 0.000150969 -0.000231486 0.0105552 -0.0190271 -0.000231486 0.000561101 -0.0190271 0.0916029 
0.00970681 -0.0180345 0.000118284 -0.000221467 -0.0180345 0.0891229 -0.000218951 0.000591418 0.000118284 -0.000218951 0.0105851 -0.0190588 -0.000221467 0.000591418 -0.0190588 0.0916522 
0.00969776 -0.0180134 6.7975e-05 -0.000153573 -0.0180134 0.0890875 -0.000143503 0.000460719 6.7975e-05 -0.000143503 0.0105865 -0.0190682 -0.000153573 0.000460719 -0.0190682 0.0916731 
0.00968558 -0.0179567 7.60449e-05 -0.000119137 -0.0179567 0.0889269 -0.000111532 0.00036248 7.60449e-05 -0.000111532 0.010555 -0.0191075 -0.000119137 0.00036248 -0.0191075 0.0917735 
0.00974537 -0.0179715 9.39986e-05 -0.00010162 -0.0179715 0.0889277 -0.000104161 0.000289617 9.39986e-05 -0.000104161 0.0104821 -0.0190538 -0.00010162 0.000289617 -0.0190538 0.0917147 
0.00978269 -0.0180449 0.000109148 -0.000137069 -0.0180449 0.089057 -0.000142146 0.000335059 0.000109148 -0.000142146 0.0104427 -0.0189486 -0.000137069 0.000335059 -0.0189486 0.0915065 
0.00977439 -0.0180678 0.000106326 -0.000164552 -0.0180678 0.0891137 -0.000164552 0.000412646 0.000106326 -0.000164552 0.0104503 -0.0189235 -0.000164552 0.000412646 -0.0189235 0.0913846 
0.00976071 -0.0180667 9.36097e-05 -0.00015939 -0.0180667 0.0891468 -0.00015686 0.000432629 9.36097e-05 -0.00015686 0.0104767 -0.0189294 -0.00015939 0.000432629 -0.0189294 0.0913505 
0.00973084 -0.0180484 7.09171e-05 -0.000139302 -0.0180484 0.08912 -0.000131703 0.000390044 7.09171e-05 -0.000131703 0.0104805 -0.0189501 -0.000139302 0.000390044 -0.0189501 0.0913615 
0.00971732 -0.0180215 7.34434e-05 -0.000124094 -0.0180215 0.0890742 -0.000113964 0.000349489 7.34434e-05 -0.000113964 0.0104897 -0.0189661 -0.000124094 0.000349489 -0.0189661 0.0913889 
0.00969431 -0.0180095 4.57159e-05 -8.12727e-05 -0.0180095 0.0890521 -7.61932e-05 0.000233659 4.57159e-05 -7.61932e-05 0.0104969 -0.0189594 -8.12727e-05 0.000233659 -0.0189594 0.0913836 
0.00966913 -0.0179461 2.79455e-05 -6.09719e-05 -0.0179461 0.0889046 -6.35124e-05 0.000180375 2.79455e-05 -6.35124e-05 0.0105024 -0.0189902 -6.09719e-05 0.000180375 -0.0189902 0.0914578 
0.00966188 -0.017946 3.04471e-05 -4.82079e-05 -0.017946 0.0888777 -4.82079e-05 0.000137012 3.04471e-05 -4.82079e-05 0.0105093 -0.0189787 -4.82079e-05 0.000137012 -0.0189787 0.0914555 
0.0096984 -0.0179756 2.02313e-05 -4.55205e-05 -0.0179756 0.0889673 -4.04627e-05 0.000118859 2.02313e-05 -4.04627e-05 0.0105127 -0.0189618 -4.55205e-05 0.000118859 -0.0189618 0.0914002 
0.00970453 -0.0180035 2.026e-05 -4.5585e-05 -0.0180035 0.0890173 -4.052e-05 0.000113962 2.026e-05 -4.052e-05 0.0105099 -0.0189709 -4.5585e-05 0.000113962 -0.0189709 0.0913903 
0.00969072 -0.0179931 3.55343e-05 -4.82252e-05 -0.0179931 0.0890009 -3.55343e-05 0.00012437 3.55343e-05 -3.55343e-05 0.0105156 -0.0189906 -4.82252e-05 0.00012437 -0.0189906 0.0914451 
0.00965618 -0.0179717 3.80864e-05 -6.85556e-05 -0.0179717 0.0889572 -5.07819e-05 0.000152346 3.80864e-05 -5.07819e-05 0.0105499 -0.0190077 -6.85556e-05 0.000152346 -0.0190077 0.091509 
0.0096623 -0.0179537 4.04704e-05 -6.82937e-05 -0.0179537 0.0889387 -5.81762e-05 0.00016947 4.04704e-05 -5.81762e-05 0.0105779 -0.0190362 -6.82937e-05 0.00016947 -0.0190362 0.0915617 
0.00964652 -0.0179696 2.51605e-05 -6.03851e-05 -0.0179696 0.0889573 -6.29012e-05 0.000166059 2.51605e-05 -6.29012e-05 0.0106429 -0.019059 -6.03851e-05 0.000166059 -0.019059 0.0916193 
0.009655 -0.0179074 4.01455e-05 -5.2691e-05 -0.0179074 0.0888245 -6.02183e-05 0.000178146 4.01455e-05 -6.02183e-05 0.0106511 -0.019167 -5.2691e-05 0.000178146 -0.019167 0.0918329 
0.00969423 -0.0179317 4.27724e-05 -7.54806e-05 -0.0179317 0.0888281 -7.54806e-05 0.000206314 4.27724e-05 -7.54806e-05 0.0106025 -0.0191696 -7.54806e-05 0.000206314 -0.0191696 0.0919228 
0.00971764 -0.0179622 6.56939e-05 -8.33807e-05 -0.0179622 0.0888687 -8.84341e-05 0.000237509 6.56939e-05 -8.84341e-05 0.0105413 -0.0191169 -8.33807e-05 0.000237509 -0.0191169 0.0918729 
0.00972444 -0.018022 7.09628e-05 -9.63066e-05 -0.018022 0.0890152 -0.000114047 0.000271179 7.09628e-05 -0.000114047 0.010505 -0.0190206 -9.63066e-05 0.000271179 -0.0190206 0.0916738 
0.00968772 -0.0180238 4.3192e-05 -9.65469e-05 -0.0180238 0.0890645 -0.000114332 0.000284559 4.3192e-05 -0.000114332 0.0105109 -0.018974 -9.65469e-05 0.000284559 -0.018974 0.0914985 
0.00968013 -0.0179723 3.8201e-05 -7.13085e-05 -0.0179723 0.0889879 -8.14954e-05 0.000247033 3.8201e-05 -8.14954e-05 0.0104951 -0.0189783 -7.13085e-05 0.000247033 -0.0189783 0.0914277 
0.00965945 -0.0179266 3.31502e-05 -7.39504e-05 -0.0179266 0.0888475 -8.41504e-05 0.000237151 3.31502e-05 -8.41504e-05 0.0104652 -0.0189593 -7.39504e-05 0.000237151 -0.0189593 0.091395 
0.00963348 -0.0179155 -5.09978e-06 -4.5898e-05 -0.0179155 0.088782 -4.84479e-05 0.000165743 -5.09978e-06 -4.84479e-05 0.01048 -0.0189278 -4.5898e-05 0.000165743 -0.0189278 0.0913294 
0.00966298 -0.0179165 0 -1.01582e-05 -0.0179165 0.0887953 -5.07909e-06 6.60282e-05 0 -5.07909e-06 0.0104579 -0.0189196 -1.01582e-05 6.60282e-05 -0.0189196 0.0912612 
0.00969925 -0.017941 3.54264e-05 -1.77132e-05 -0.017941 0.0888141 -7.59138e-06 4.30178e-05 3.54264e-05 -7.59138e-06 0.0104483 -0.0189152 -1.77132e-05 4.30178e-05 -0.0189152 0.0912585 
0.00971767 -0.0179678 6.08305e-05 -6.58997e-05 -0.0179678 0.0888657 -6.33651e-05 0.000129265 6.08305e-05 -6.33651e-05 0.0104248 -0.018898 -6.58997e-05 0.000129265 -0.018898 0.0912255 
0.00970199 -0.0179865 5.83235e-05 -8.36816e-05 -0.0179865 0.0889104 -7.861e-05 0.000177506 5.83235e-05 -7.861e-05 0.0104222 -0.0188816 -8.36816e-05 0.000177506 -0.0188816 0.0912002 
0.00969818 -0.017974 5.57804e-05 -9.63479e-05 -0.017974 0.0889215 -9.38124e-05 0.000233263 5.57804e-05 -9.38124e-05 0.0104183 -0.018869 -9.63479e-05 0.000233263 -0.018869 0.0911527 
0.00968696 -0.0179691 5.31555e-05 -8.35301e-05 -0.0179691 0.0889191 -8.35301e-05 0.000225278 5.31555e-05 -8.35301e-05 0.0104261 -0.0188652 -8.35301e-05 0.000225278 -0.0188652 0.091144 
0.00967266 -0.0179415 6.5766e-05 -7.58839e-05 -0.0179415 0.0888524 -7.58839e-05 0.000209945 6.5766e-05 -7.58839e-05 0.0104441 -0.0188976 -7.58839e-05 0.000209945 -0.0188976 0.0912124 
0.00966204 -0.0179384 6.04665e-05 -8.81803e-05 -0.0179384 0.0888328 -9.57386e-05 0.00022423 6.04665e-05 -9.57386e-05 0.0104834 -0.018921 -8.81803e-05 0.00022423 -0.018921 0.0912817 
0.0097067 -0.0179438 6.31289e-05 -8.83805e-05 -0.0179438 0.0888653 -9.34308e-05 0.000237365 6.31289e-05 -9.34308e-05 0.0104617 -0.0189564 -8.83805e-05 0.000237365 -0.0189564 0.0913551 
0.00973268 -0.0179737 9.43435e-05 -0.000107093 -0.0179737 0.088897 -0.000107093 0.000280481 9.43435e-05 -0.000107093 0.0103778 -0.0189222 -0.000107093 0.000280481 -0.0189222 0.0913194 
0.00975138 -0.0180354 0.000107552 -0.000122917 -0.0180354 0.0890248 -0.000125477 0.000307291 0.000107552 -0.000125477 0.0103327 -0.0188088 -0.000122917 0.000307291 -0.0188088 0.0911221 
0.00973544 -0.0180099 0.000115137 -0.000150957 -0.0180099 0.0890006 -0.000153516 0.000376113 0.000115137 -0.000153516 0.0103265 -0.0187775 -0.000150957 0.000376113 -0.0187775 0.0910091 
0.00973413 -0.0180155 0.00012721 -0.000150108 -0.0180155 0.0890039 -0.000155197 0.000404529 0.00012721 -0.000155197 0.0103498 -0.0187559 -0.000150108 0.000404529 -0.0187559 0.090907 
0.00972639 -0.0180293 0.000116514 -0.000162107 -0.0180293 0.0890548 -0.000162107 0.000412865 0.000116514 -0.000162107 0.0103976 -0.0187664 -0.000162107 0.000412865 -0.0187664 0.0908785 
0.00971317 -0.0179854 0.00011356 -0.000138796 -0.0179854 0.0889554 -0.000133749 0.000365916 0.00011356 -0.000133749 0.0104349 -0.0188585 -0.000138796 0.000365916 -0.0188585 0.09106 
0.00972019 -0.0180032 0.000115987 -0.00015633 -0.0180032 0.088977 -0.000158851 0.000390825 0.000115987 -0.000158851 0.0104464 -0.0188882 -0.00015633 0.000390825 -0.0188882 0.0911631 
0.00973507 -0.0180017 0.000125939 -0.000173796 -0.0180017 0.0889783 -0.000178833 0.000448342 0.000125939 -0.000178833 0.0104554 -0.0189236 -0.000173796 0.000448342 -0.0189236 0.091278 
0.00975901 -0.0180145 0.00013096 -0.000171255 -0.0180145 0.0890072 -0.000171255 0.000458359 0.00013096 -0.000171255 0.010434 -0.0189287 -0.000171255 0.000458359 -0.0189287 0.0913317 
0.00975565 -0.0180434 0.000138718 -0.000163939 -0.0180434 0.0890746 -0.000166462 0.000428765 0.000138718 -0.000166462 0.0104467 -0.0189211 -0.000163939 0.000428765 -0.0189211 0.0913571 
0.00976428 -0.0180536 0.000143964 -0.000189426 -0.0180536 0.0891211 -0.000191952 0.000479879 0.000143964 -0.000191952 0.0104311 -0.0189199 -0.000189426 0.000479879 -0.0189199 0.0913412 
0.00975975 -0.01807 0.000144195 -0.00019732 -0.01807 0.0891735 -0.00019732 0.000518597 0.000144195 -0.00019732 0.0104352 -0.0188972 -0.00019732 0.000518597 -0.0188972 0.0912934 
0.0097982 -0.0180759 0.000167534 -0.000185303 -0.0180759 0.0892093 -0.000185303 0.000484833 0.000167534 -0.000185303 0.010382 -0.0188806 -0.000185303 0.000484833 -0.0188806 0.0912349 
0.00982655 -0.0181039 0.000169598 -0.000217693 -0.0181039 0.0892591 -0.000210099 0.000526513 0.000169598 -0.000210099 0.0103632 -0.018833 -0.000217693 0.000526513 -0.018833 0.0911424 
0.00976592 -0.0181113 0.00014966 -0.000215611 -0.0181113 0.0892605 -0.000220684 0.000550443 0.00014966 -0.000220684 0.0103975 -0.0188165 -0.000215611 0.000550443 -0.0188165 0.0910666 
0.00971759 -0.0180589 0.000121882 -0.000187902 -0.0180589 0.0892002 -0.000190441 0.000502765 0.000121882 -0.000190441 0.0104362 -0.0188435 -0.000187902 0.000502765 -0.0188435 0.0910818 
0.00969788 -0.0180107 8.64067e-05 -0.000152482 -0.0180107 0.0891006 -0.000155024 0.000426951 8.64067e-05 -0.000155024 0.0104603 -0.0188926 -0.000152482 0.000426951 -0.0188926 0.0911591 
0.00969118 -0.0179881 8.93785e-05 -0.000137898 -0.0179881 0.0890057 -0.000130237 0.000388158 8.93785e-05 -0.000130237 0.010442 -0.0189074 -0.000137898 0.000388158 -0.0189074 0.0912146 
0.0096796 -0.0179429 0.000102079 -0.000132702 -0.0179429 0.0888747 -0.000125046 0.000362379 0.000102079 -0.000125046 0.0104528 -0.0189228 -0.000132702 0.000362379 -0.0189228 0.0912991 
0.00967662 -0.0179283 9.92344e-05 -0.000129768 -0.0179283 0.088802 -0.000139946 0.000340959 9.92344e-05 -0.000139946 0.0104654 -0.018936 -0.000129768 0.000340959 -0.018936 0.0913465 
0.00968756 -0.0179165 0.00010654 -0.000149664 -0.0179165 0.0887252 -0.000154737 0.000398258 0.00010654 -0.000154737 0.0104612 -0.0189566 -0.000149664 0.000398258 -0.0189566 0.0913964 
0.0096985 -0.0179301 9.91458e-05 -0.00012711 -0.0179301 0.0887228 -0.000134737 0.000343197 9.91458e-05 -0.000134737 0.0104256 -0.0189394 -0.00012711 0.000343197 -0.0189394 0.0913819 
0.00971392 -0.017989 0.000104781 -0.000132892 -0.017989 0.0888744 -0.000127781 0.000332231 0.000104781 -0.000127781 0.0103758 -0.0188528 -0.000132892 0.000332231 -0.0188528 0.0911897 
0.00971686 -0.0180018 0.000102283 -0.00014831 -0.0180018 0.0889706 -0.000140639 0.000357989 0.000102283 -0.000140639 0.010351 -0.0187868 -0.00014831 0.000357989 -0.0187868 0.0909881 
0.00970193 -0.0180066 9.68918e-05 -0.000147888 -0.0180066 0.0889977 -0.000135139 0.00035952 9.68918e-05 -0.000135139 0.0103572 -0.0187537 -0.000147888 0.00035952 -0.0187537 0.0908565 
0.00969051 -0.0179741 0.000101764 -0.000132294 -0.0179741 0.0889395 -0.000117029 0.000330734 0.000101764 -0.000117029 0.01038 -0.0187857 -0.000132294 0.000330734 -0.0187857 0.0908832 
0.00967044 -0.017935 0.000119924 -0.000140336 -0.017935 0.0888201 -0.00013013 0.000344462 0.000119924 -0.00013013 0.0103874 -0.018828 -0.000140336 0.000344462 -0.018828 0.0909787 
0.00966766 -0.0178985 0.000124826 -0.000160491 -0.0178985 0.0887106 -0.000160491 0.000384668 0.000124826 -0.000160491 0.010386 -0.0188411 -0.000160491 0.000384668 -0.0188411 0.0910594 
0.0096699 -0.0178982 0.000127571 -0.000168394 -0.0178982 0.0886594 -0.000181151 0.000426088 0.000127571 -0.000181151 0.0103511 -0.018827 -0.000168394 0.000426088 -0.018827 0.0910399 
0.0097079 -0.0179109 0.000135186 -0.000160693 -0.0179109 0.0886796 -0.000173446 0.000438717 0.000135186 -0.000173446 0.0103124 -0.0187858 -0.000160693 0.000438717 -0.0187858 0.0909854 
0.00976341 -0.0179889 0.000122425 -0.000155582 -0.0179889 0.0888476 -0.000168335 0.000420837 0.000122425 -0.000168335 0.0102557 -0.0187107 -0.000155582 0.000420837 -0.0187107 0.090814 
0.00976951 -0.0180219 0.000117092 -0.000160365 -0.0180219 0.0889412 -0.000175637 0.000440366 0.000117092 -0.000175637 0.0102455 -0.0186685 -0.000160365 0.000440366 -0.0186685 0.0906874 
0.0097822 -0.0180419 0.000111652 -0.000157327 -0.0180419 0.0890219 -0.000159865 0.000431381 0.000111652 -0.000159865 0.0102415 -0.0186433 -0.000157327 0.000431381 -0.0186433 0.0905926 
0.00975003 -0.0180125 0.000118903 -0.000149261 -0.0180125 0.0889595 -0.000154321 0.000402245 0.000118903 -0.000154321 0.0102585 -0.0186627 -0.000149261 0.000402245 -0.0186627 0.0906115 
0.00974602 -0.0180167 0.000128835 -0.00015915 -0.0180167 0.0889899 -0.000154097 0.000399137 0.000128835 -0.000154097 0.0102614 -0.0186609 -0.00015915 0.000399137 -0.0186609 0.0906092 
0.00972526 -0.0180221 0.000131696 -0.000167153 -0.0180221 0.0889937 -0.000162088 0.000407752 0.000131696 -0.000162088 0.0102546 -0.0186553 -0.000167153 0.000407752 -0.0186553 0.0905716 
0.00967179 -0.017992 0.000119405 -0.000167675 -0.017992 0.0889591 -0.000160053 0.000401403 0.000119405 -0.000160053 0.0102841 -0.0186526 -0.000167675 0.000401403 -0.0186526 0.0905698 
0.00965308 -0.0179151 0.0001072 -0.000158247 -0.0179151 0.0888201 -0.000153142 0.00039817 0.0001072 -0.000153142 0.0102733 -0.0186859 -0.000158247 0.00039817 -0.0186859 0.0906297 
0.00964074 -0.017867 0.000115106 -0.00015859 -0.017867 0.0886493 -0.000153474 0.000411823 0.000115106 -0.000153474 0.0102521 -0.0186932 -0.00015859 0.000411823 -0.0186932 0.0907033 
0.0096418 -0.0178642 0.0001023 -0.000150893 -0.0178642 0.0885869 -0.00014322 0.000378511 0.0001023 -0.00014322 0.0102505 -0.0186672 -0.000150893 0.000378511 -0.0186672 0.0906764 
0.00966028 -0.0178891 0.00011227 -0.000147992 -0.0178891 0.0886317 -0.000140337 0.000375082 0.00011227 -0.000140337 0.0102369 -0.0186367 -0.000147992 0.000375082 -0.0186367 0.0905836 
0.00966845 -0.0179221 9.19345e-05 -0.000148117 -0.0179221 0.0886964 -0.000135348 0.000354969 9.19345e-05 -0.000135348 0.0102379 -0.0186142 -0.000148117 0.000354969 -0.0186142 0.0904993 
0.00965638 -0.0178924 6.3865e-05 -0.000130285 -0.0178924 0.0886675 -0.000125175 0.000342316 6.3865e-05 -0.000125175 0.0102363 -0.0186358 -0.000130285 0.000342316 -0.0186358 0.0905222 
0.00964062 -0.0178567 3.31293e-05 -7.90006e-05 -0.0178567 0.088552 -8.40974e-05 0.000249744 3.31293e-05 -8.40974e-05 0.0102497 -0.018662 -7.90006e-05 0.000249744 -0.018662 0.0906086 
0.00964258 -0.0178861 2.30194e-05 -4.09234e-05 -0.0178861 0.0885992 -4.09234e-05 0.000143232 2.30194e-05 -4.09234e-05 0.0102283 -0.0186278 -4.09234e-05 0.000143232 -0.0186278 0.0905354 
0.00964269 -0.0178785 4.87782e-05 -2.824e-05 -0.0178785 0.0886044 -3.08073e-05 9.24219e-05 4.87782e-05 -3.08073e-05 0.0101921 -0.0186025 -2.824e-05 9.24219e-05 -0.0186025 0.090458 
0.00966212 -0.0179043 6.16239e-05 -6.16239e-05 -0.0179043 0.0886743 -5.90563e-05 0.000115545 6.16239e-05 -5.90563e-05 0.0101782 -0.0185462 -6.16239e-05 0.000115545 -0.0185462 0.0903433 
0.00967388 -0.0179117 0.000110662 -0.000108088 -0.0179117 0.0886888 -0.000115809 0.000249632 0.000110662 -0.000115809 0.0101551 -0.018532 -0.000108088 0.000249632 -0.018532 0.0902587 
0.00969223 -0.0179086 0.000126208 -0.000149389 -0.0179086 0.0886879 -0.00015454 0.000352866 0.000126208 -0.00015454 0.0101404 -0.0185293 -0.000149389 0.000352866 -0.0185293 0.0902539 
0.00969678 -0.0179117 0.000154901 -0.000183299 -0.0179117 0.0886626 -0.000191044 0.000467284 0.000154901 -0.000191044 0.0101228 -0.018508 -0.000183299 0.000467284 -0.018508 0.0902271 
0.00970851 -0.017912 0.000179787 -0.000192629 -0.017912 0.0886582 -0.000202903 0.000503404 0.000179787 -0.000202903 0.0101297 -0.0185078 -0.000192629 0.000503404 -0.0185078 0.0902301 
0.00973625 -0.0179878 0.000191659 -0.000214658 -0.0179878 0.0888273 -0.000219768 0.000528977 0.000191659 -0.000219768 0.0101502 -0.0184682 -0.000214658 0.000528977 -0.0184682 0.0901204 
0.0097107 -0.0180039 0.000173679 -0.000232423 -0.0180039 0.088916 -0.000232423 0.000564457 0.000173679 -0.000232423 0.010196 -0.0184994 -0.000232423 0.000564457 -0.0184994 0.0901317 
0.00969941 -0.0179555 0.00015327 -0.000222241 -0.0179555 0.0888632 -0.000219686 0.000567098 0.00015327 -0.000219686 0.0102231 -0.0185814 -0.000222241 0.000567098 -0.0185814 0.0903014 
0.00965547 -0.0179093 0.000122544 -0.000201688 -0.0179093 0.088717 -0.000196582 0.000538684 0.000122544 -0.000196582 0.0102759 -0.0186523 -0.000201688 0.000538684 -0.0186523 0.0905373 
0.00964799 -0.0178745 0.000145988 -0.000179283 -0.0178745 0.0886299 -0.0001716 0.000491748 0.000145988 -0.0001716 0.0102678 -0.0186967 -0.000179283 0.000491748 -0.0186967 0.0906609 
0.00967042 -0.0178856 0.000177086 -0.000197617 -0.0178856 0.0886301 -0.000192484 0.000490194 0.000177086 -0.000192484 0.0102453 -0.0186813 -0.000197617 0.000490194 -0.0186813 0.0906909 
0.00970973 -0.0179367 0.000184703 -0.000210356 -0.0179367 0.088737 -0.00020266 0.000492541 0.000184703 -0.00020266 0.0102151 -0.0186268 -0.000210356 0.000492541 -0.0186268 0.0905686 
0.00972948 -0.0179645 0.000191928 -0.000227755 -0.0179645 0.088809 -0.000232873 0.000545076 0.000191928 -0.000232873 0.0102208 -0.0186094 -0.000227755 0.000545076 -0.0186094 0.0905108 
0.00973266 -0.0179819 0.000173615 -0.000232338 -0.0179819 0.0888603 -0.000242551 0.000584674 0.000173615 -0.000242551 0.0102356 -0.0186177 -0.000232338 0.000584674 -0.0186177 0.0905096 
0.00974993 -0.0180079 0.000163778 -0.000217518 -0.0180079 0.088924 -0.000225195 0.000580901 0.000163778 -0.000225195 0.010231 -0.0186272 -0.000217518 0.000580901 -0.0186272 0.0905157 
0.00975469 -0.0180077 0.000150938 -0.000196987 -0.0180077 0.0889511 -0.000199545 0.000521887 0.000150938 -0.000199545 0.0102433 -0.018637 -0.000196987 0.000521887 -0.018637 0.090573 
0.00973257 -0.0179706 0.000143314 -0.000194498 -0.0179706 0.0888343 -0.000197057 0.000506718 0.000143314 -0.000197057 0.010247 -0.0186795 -0.000194498 0.000506718 -0.0186795 0.0906769 
0.00971678 -0.0179542 0.000160967 -0.000189072 -0.0179542 0.0887821 -0.000189072 0.000485455 0.000160967 -0.000189072 0.010261 -0.0186798 -0.000189072 0.000485455 -0.0186798 0.0907086 
0.00970372 -0.017971 0.000170643 -0.00021394 -0.017971 0.0888132 -0.000219034 0.000534851 0.000170643 -0.000219034 0.0102768 -0.0186637 -0.00021394 0.000534851 -0.0186637 0.0906495 
0.00970455 -0.0179389 0.000196541 -0.000250144 -0.0179389 0.0887601 -0.000250144 0.000638121 0.000196541 -0.000250144 0.0102508 -0.0186842 -0.000250144 0.000638121 -0.0186842 0.0906592 
0.00974857 -0.0179878 0.000188354 -0.000251987 -0.0179878 0.08888 -0.000244351 0.000633785 0.000188354 -0.000244351 0.0102296 -0.0186394 -0.000251987 0.000633785 -0.0186394 0.0905956 
0.00976654 -0.0180319 0.000155469 -0.000226833 -0.0180319 0.0889897 -0.000221735 0.000581099 0.000155469 -0.000221735 0.0102304 -0.0186232 -0.000226833 0.000581099 -0.0186232 0.0905368 
0.00977589 -0.0180405 0.000129971 -0.000186038 -0.0180405 0.0890253 -0.000175844 0.000476562 0.000129971 -0.000175844 0.0102295 -0.0186394 -0.000186038 0.000476562 -0.0186394 0.0905671 
0.00977482 -0.0180618 0.000145969 -0.000169017 -0.0180618 0.0891002 -0.000161335 0.000435347 0.000145969 -0.000161335 0.010223 -0.0186277 -0.000169017 0.000435347 -0.0186277 0.0905496 
0.00974859 -0.0180511 0.00015128 -0.000184613 -0.0180511 0.0890937 -0.000187177 0.000446148 0.00015128 -0.000187177 0.0102409 -0.018628 -0.000184613 0.000446148 -0.018628 0.0905424 
0.00975131 -0.0180435 0.000152523 -0.000190654 -0.0180435 0.089104 -0.000190654 0.000467738 0.000152523 -0.000190654 0.0102801 -0.0186383 -0.000190654 0.000467738 -0.0186383 0.0905479 
0.00976466 -0.0180508 0.000134179 -0.000189875 -0.0180508 0.0891148 -0.000189875 0.000468359 0.000134179 -0.000189875 0.0103191 -0.0186863 -0.000189875 0.000468359 -0.0186863 0.0906288 
0.00975568 -0.0180394 0.000126895 -0.00015735 -0.0180394 0.08907 -0.000167501 0.000423829 0.000126895 -0.000167501 0.0103292 -0.01875 -0.00015735 0.000423829 -0.01875 0.0907806 
0.00971232 -0.018059 0.000104269 -0.000160219 -0.018059 0.0891224 -0.000167848 0.000404362 0.000104269 -0.000167848 0.0103888 -0.0187583 -0.000160219 0.000404362 -0.0187583 0.0908492 
0.00967234 -0.0179876 0.000109077 -0.000139517 -0.0179876 0.0890296 -0.00013698 0.000377964 0.000109077 -0.00013698 0.010441 -0.0188399 -0.000139517 0.000377964 -0.0188399 0.0910108 
0.00965409 -0.0179098 0.000121818 -0.000149735 -0.0179098 0.0888054 -0.000142121 0.000362917 0.000121818 -0.000142121 0.0104586 -0.0189326 -0.000149735 0.000362917 -0.0189326 0.0912418 
0.00964983 -0.0178791 0.000109081 -0.000157279 -0.0178791 0.0886597 -0.000149669 0.00037544 0.000109081 -0.000149669 0.0104616 -0.0189521 -0.000157279 0.00037544 -0.0189521 0.0913867 
0.00966543 -0.0178583 0.000134559 -0.000175181 -0.0178583 0.0885833 -0.000159948 0.000431606 0.000134559 -0.000159948 0.010422 -0.0189526 -0.000175181 0.000431606 -0.0189526 0.0914344 
0.00968207 -0.0179257 0.000140025 -0.000190943 -0.0179257 0.0887043 -0.000183305 0.000473538 0.000140025 -0.000183305 0.0104026 -0.018883 -0.000190943 0.000473538 -0.018883 0.091291 
0.00968843 -0.0179654 0.000117621 -0.000181546 -0.0179654 0.0888502 -0.000184103 0.000470486 0.000117621 -0.000184103 0.0103788 -0.0188322 -0.000181546 0.000470486 -0.0188322 0.0911285 
0.00969538 -0.0179513 0.000117613 -0.000158522 -0.0179513 0.0888513 -0.000166192 0.00045511 0.000117613 -0.000166192 0.0103729 -0.0188257 -0.000158522 0.00045511 -0.0188257 0.0910783 
0.00969298 -0.0179472 0.000122664 -0.000140552 -0.0179472 0.0888238 -0.000150774 0.000388435 0.000122664 -0.000150774 0.0103727 -0.0188289 -0.000140552 0.000388435 -0.0188289 0.0910778 
0.00972033 -0.0179741 0.000107125 -0.00012753 -0.0179741 0.0888781 -0.000135182 0.000313723 0.000107125 -0.000135182 0.0103733 -0.0188081 -0.00012753 0.000313723 -0.0188081 0.0910283 
0.00973837 -0.0179734 0.000109563 -0.000135043 -0.0179734 0.0888607 -0.000137591 0.000326141 0.000109563 -0.000137591 0.0103601 -0.0188168 -0.000135043 0.000326141 -0.0188168 0.0910265 
0.00973592 -0.0179969 0.000119725 -0.000140103 -0.0179969 0.0888969 -0.000145198 0.000359174 0.000119725 -0.000145198 0.0103422 -0.0187891 -0.000140103 0.000359174 -0.0187891 0.0909705 
0.00975082 -0.0180154 0.000129571 -0.000180383 -0.0180154 0.0889616 -0.000177842 0.000444605 0.000129571 -0.000177842 0.010325 -0.0187598 -0.000180383 0.000444605 -0.0187598 0.0908899 
0.00971909 -0.0179796 0.000137462 -0.000196011 -0.0179796 0.0888745 -0.000193465 0.000506574 0.000137462 -0.000193465 0.0103199 -0.0187712 -0.000196011 0.000506574 -0.0187712 0.0908931 
0.00968126 -0.0179485 0.00012762 -0.00018122 -0.0179485 0.0887904 -0.00018122 0.000487509 0.00012762 -0.00018122 0.0103168 -0.0187601 -0.00018122 0.000487509 -0.0187601 0.0908808 
0.00966289 -0.0179118 0.000130407 -0.000186661 -0.0179118 0.0887124 -0.000191775 0.000506285 0.000130407 -0.000191775 0.0102996 -0.0187479 -0.000186661 0.000506285 -0.0187479 0.0908475 
0.00967271 -0.0179025 0.000143527 -0.000174283 -0.0179025 0.0886947 -0.00017172 0.000474152 0.000143527 -0.00017172 0.010275 -0.0187175 -0.000174283 0.000474152 -0.0187175 0.0907886 
0.00969315 -0.0179442 0.000140629 -0.000173868 -0.0179442 0.0887852 -0.000161084 0.000427 0.000140629 -0.000161084 0.0102736 -0.0186678 -0.000173868 0.000427 -0.0186678 0.0906825 
0.00972413 -0.0179418 0.000127446 -0.000155484 -0.0179418 0.0887993 -0.000152935 0.00037724 0.000127446 -0.000152935 0.0102798 -0.0186938 -0.000155484 0.00037724 -0.0186938 0.0907033 
0.0097417 -0.017987 0.000114518 -0.000150146 -0.017987 0.0888663 -0.000145057 0.000369004 0.000114518 -0.000145057 0.0102761 -0.0186869 -0.000150146 0.000369004 -0.0186869 0.090696 
0.0097291 -0.0180108 9.42841e-05 -0.0001427 -0.0180108 0.0889379 -0.000140152 0.000356751 9.42841e-05 -0.000140152 0.0102795 -0.0186784 -0.0001427 0.000356751 -0.0186784 0.090658 
