0.00732681 0 0.000400869 0 0 0.0099813 0 0 0.000400869 0 0.00730323 0 0 0 0 0.0099813 
0.0103319 -0.0128304 0.0004727 -0.00058934 -0.0128304 0.033795 -0.00058934 0.00113264 0.0004727 -0.00058934 0.0103227 -0.0128212 -0.00058934 0.00113264 -0.0128212 0.0337766 
0.0104033 -0.0193598 0.000351483 -0.00065903 -0.0193598 0.0711031 -0.00065903 0.00212145 0.000351483 -0.00065903 0.0103217 -0.0194602 -0.00065903 0.00212145 -0.0194602 0.0714295 
0.00987813 -0.0190546 0.000300718 -0.000476896 -0.0190546 0.0851184 -0.000482971 0.00180735 0.000300718 -0.000482971 0.00967158 -0.0190212 -0.000476896 0.00180735 -0.0190212 0.0853401 
0.00990276 -0.0184336 0.000313506 -0.000373906 -0.0184336 0.0883942 -0.000379658 0.00112459 0.000313506 -0.000379658 0.00961801 -0.0182236 -0.000373906 0.00112459 -0.0182236 0.0882102 
0.010087 -0.0184155 0.000368637 -0.000406866 -0.0184155 0.089505 -0.000409597 0.000969379 0.000368637 -0.000409597 0.0098112 -0.0180823 -0.000406866 0.000969379 -0.0180823 0.0889371 
0.0101893 -0.0185714 0.000407466 -0.000492134 -0.0185714 0.0902034 -0.00049478 0.0011245 0.000407466 -0.00049478 0.0099538 -0.0181984 -0.000492134 0.0011245 -0.0181984 0.0893487 
0.0102434 -0.0186278 0.000425187 -0.000534076 -0.0186278 0.0905129 -0.000547039 0.00130667 0.000425187 -0.000547039 0.00999448 -0.0183089 -0.000534076 0.00130667 -0.0183089 0.0896573 
0.0102359 -0.0186513 0.00043077 -0.000558976 -0.0186513 0.0906079 -0.00056154 0.00141282 0.00043077 -0.00056154 0.0100103 -0.0183283 -0.000558976 0.00141282 -0.0183283 0.0897618 
0.0102144 -0.0186295 0.000421895 -0.000541347 -0.0186295 0.0905752 -0.00054643 0.00140293 0.000421895 -0.00054643 0.0100492 -0.0183702 -0.000541347 0.00140293 -0.0183702 0.0898661 
0.0102583 -0.0186179 0.00042532 -0.000534181 -0.0186179 0.0905374 -0.00053165 0.00136457 0.00042532 -0.00053165 0.0100254 -0.0184153 -0.000534181 0.00136457 -0.0184153 0.0899602 
0.0102642 -0.0186511 0.00040875 -0.000527338 -0.0186511 0.0905533 -0.000522292 0.00132465 0.00040875 -0.000522292 0.0100371 -0.0184139 -0.000527338 0.00132465 -0.0184139 0.0900361 
0.0103237 -0.0186885 0.000433916 -0.000521702 -0.0186885 0.0906708 -0.000514178 0.00132181 0.000433916 -0.000514178 0.0100051 -0.0184076 -0.000521702 0.00132181 -0.0184076 0.0900237 
0.0103531 -0.0187504 0.000443811 -0.00056166 -0.0187504 0.0907983 -0.000559152 0.0013866 0.000443811 -0.000559152 0.00995191 -0.0183618 -0.00056166 0.0013866 -0.0183618 0.0899307 
0.0103239 -0.0187823 0.000441878 -0.000569922 -0.0187823 0.0909064 -0.000567411 0.00142857 0.000441878 -0.000567411 0.00996485 -0.0183229 -0.000569922 0.00142857 -0.0183229 0.0898619 
0.0102729 -0.0187512 0.000414739 -0.000532876 -0.0187512 0.0908956 -0.000525335 0.00134224 0.000414739 -0.000525335 0.0100065 -0.018339 -0.000532876 0.00134224 -0.018339 0.0898751 
0.0102061 -0.0186822 0.000404103 -0.000525333 -0.0186822 0.0907665 -0.000527859 0.00132596 0.000404103 -0.000527859 0.0100318 -0.0183816 -0.000525333 0.00132596 -0.0183816 0.0899356 
0.0101706 -0.0186046 0.000386484 -0.000518703 -0.0186046 0.090595 -0.000513617 0.0013171 0.000386484 -0.000513617 0.0100105 -0.0183987 -0.000518703 0.0013171 -0.0183987 0.0899873 
0.0101929 -0.01856 0.000366668 -0.000476159 -0.01856 0.0904524 -0.000471066 0.00121968 0.000366668 -0.000471066 0.00998151 -0.018392 -0.000476159 0.00121968 -0.018392 0.0900195 
0.0101631 -0.0185615 0.000359058 -0.000468558 -0.0185615 0.0903884 -0.000471105 0.00119686 0.000359058 -0.000471105 0.0100002 -0.0183604 -0.000468558 0.00119686 -0.0183604 0.0899708 
0.0101712 -0.0185431 0.000365982 -0.000472727 -0.0185431 0.0903467 -0.000475268 0.0012174 0.000365982 -0.000475268 0.00999334 -0.0183601 -0.000472727 0.0012174 -0.0183601 0.0899223 
0.010186 -0.0185666 0.000355002 -0.000456431 -0.0185666 0.0903658 -0.000474181 0.00119433 0.000355002 -0.000474181 0.00997556 -0.0183333 -0.000456431 0.00119433 -0.0183333 0.0898459 
0.0102527 -0.0185932 0.000343524 -0.000429405 -0.0185932 0.0904402 -0.00044456 0.00113666 0.000343524 -0.00044456 0.00992177 -0.0183078 -0.000429405 0.00113666 -0.0183078 0.0897734 
0.0102667 -0.0186649 0.000318152 -0.000401478 -0.0186649 0.0905799 -0.000404003 0.00102263 0.000318152 -0.000404003 0.00991827 -0.0182508 -0.000401478 0.00102263 -0.0182508 0.0896633 
0.0102253 -0.0186537 0.000327881 -0.000421925 -0.0186537 0.0905893 -0.000419383 0.00105735 0.000327881 -0.000419383 0.00990761 -0.0182521 -0.000421925 0.00105735 -0.0182521 0.0896133 
0.0101831 -0.0186149 0.000340625 -0.00042451 -0.0186149 0.0905502 -0.000421968 0.00107271 0.000340625 -0.000421968 0.00993149 -0.0182488 -0.00042451 0.00107271 -0.0182488 0.0896097 
0.0101455 -0.0185659 0.000327276 -0.000433831 -0.0185659 0.0904575 -0.000431294 0.00108585 0.000327276 -0.000431294 0.00996288 -0.018264 -0.000433831 0.00108585 -0.018264 0.0896228 
0.0101689 -0.0185027 0.000314292 -0.000418211 -0.0185027 0.0902803 -0.000418211 0.00107721 0.000314292 -0.000418211 0.0099306 -0.0183126 -0.000418211 0.00107721 -0.0183126 0.0897201 
0.0101965 -0.0185317 0.000322047 -0.000420944 -0.0185317 0.0902519 -0.000420944 0.0010904 0.000322047 -0.000420944 0.00989218 -0.018273 -0.000420944 0.0010904 -0.018273 0.0897041 
0.0101958 -0.0185858 0.000315359 -0.000406914 -0.0185858 0.0903808 -0.000412001 0.00106052 0.000315359 -0.000412001 0.00988294 -0.0182145 -0.000406914 0.00106052 -0.0182145 0.0895848 
0.0101847 -0.0185853 0.000302842 -0.000381734 -0.0185853 0.0904455 -0.000389368 0.000995053 0.000302842 -0.000389368 0.00990981 -0.0182214 -0.000381734 0.000995053 -0.0182214 0.0895649 
0.0102233 -0.0185748 0.000308559 -0.000385062 -0.0185748 0.0904359 -0.000390162 0.00097668 0.000308559 -0.000390162 0.0098739 -0.0182458 -0.000385062 0.00097668 -0.0182458 0.0895919 
0.0102754 -0.0186187 0.000333022 -0.000394034 -0.0186187 0.0904931 -0.000401661 0.000993983 0.000333022 -0.000401661 0.00984323 -0.0182095 -0.000394034 0.000993983 -0.0182095 0.0895627 
0.0102599 -0.0186641 0.000333926 -0.000420593 -0.0186641 0.0905703 -0.000425691 0.00104001 0.000333926 -0.000425691 0.00985463 -0.0181824 -0.000420593 0.00104001 -0.0181824 0.0894921 
0.0102406 -0.0186394 0.000328616 -0.000417775 -0.0186394 0.0905603 -0.000420322 0.00104953 0.000328616 -0.000420322 0.0098712 -0.018191 -0.000417775 0.00104953 -0.018191 0.0894955 
0.0102535 -0.0186293 0.000352693 -0.000433888 -0.0186293 0.0905456 -0.000433888 0.0010936 0.000352693 -0.000433888 0.00987285 -0.0182005 -0.000433888 0.0010936 -0.0182005 0.0894976 
0.0102483 -0.0186587 0.000364565 -0.000463302 -0.0186587 0.0905995 -0.00046077 0.00116205 0.000364565 -0.00046077 0.00989136 -0.0181903 -0.000463302 0.00116205 -0.0181903 0.0894552 
0.0102216 -0.0186343 0.00035518 -0.000476956 -0.0186343 0.0905634 -0.000474419 0.00120508 0.00035518 -0.000474419 0.00989685 -0.0182233 -0.000476956 0.00120508 -0.0182233 0.089508 
0.010215 -0.018612 0.000335168 -0.000467204 -0.018612 0.0905234 -0.000469743 0.00121625 0.000335168 -0.000469743 0.00989 -0.0182311 -0.000467204 0.00121625 -0.0182311 0.0895382 
0.0102134 -0.0185833 0.000325934 -0.000415056 -0.0185833 0.0904262 -0.000422695 0.00110767 0.000325934 -0.000422695 0.00986968 -0.0182345 -0.000415056 0.00110767 -0.0182345 0.0895885 
0.0102183 -0.0185604 0.000323298 -0.000414942 -0.0185604 0.0903453 -0.000417488 0.00106918 0.000323298 -0.000417488 0.00984151 -0.0182167 -0.000414942 0.00106918 -0.0182167 0.089574 
0.0102402 -0.0185683 0.000323347 -0.000409912 -0.0185683 0.0903284 -0.000415004 0.00104897 0.000323347 -0.000415004 0.00979716 -0.0181762 -0.000409912 0.00104897 -0.0181762 0.0894805 
0.0102277 -0.0186051 0.000325336 -0.000406669 -0.0186051 0.0903874 -0.000414294 0.00103701 0.000325336 -0.000414294 0.00980836 -0.0181171 -0.000406669 0.00103701 -0.0181171 0.089358 
0.0102076 -0.0186287 0.000302843 -0.00037919 -0.0186287 0.0905068 -0.00037919 0.000956882 0.000302843 -0.00037919 0.00981822 -0.018084 -0.00037919 0.000956882 -0.018084 0.0892063 
0.0102023 -0.0186033 0.000300217 -0.000351101 -0.0186033 0.0904976 -0.00035619 0.000890474 0.000300217 -0.00035619 0.00983338 -0.0181199 -0.000351101 0.000890474 -0.0181199 0.0892357 
0.0102102 -0.0185871 0.000303828 -0.00037787 -0.0185871 0.0904463 -0.000382976 0.000929356 0.000303828 -0.000382976 0.0098093 -0.0181301 -0.00037787 0.000929356 -0.0181301 0.0892769 
0.0101838 -0.0185918 0.000307514 -0.000389518 -0.0185918 0.0904271 -0.00039208 0.000971232 0.000307514 -0.00039208 0.00981739 -0.0181126 -0.000389518 0.000971232 -0.0181126 0.0892688 
0.0101791 -0.0185698 0.000327944 -0.00040993 -0.0185698 0.0904151 -0.000412492 0.00102995 0.000327944 -0.000412492 0.00981269 -0.0181061 -0.00040993 0.00102995 -0.0181061 0.0892212 
0.0101604 -0.0185498 0.000337827 -0.000445318 -0.0185498 0.0903612 -0.000440199 0.00111074 0.000337827 -0.000440199 0.00983027 -0.018107 -0.000445318 0.00111074 -0.018107 0.0892248 
0.0101828 -0.0185026 0.000325011 -0.000429936 -0.0185026 0.0902456 -0.000427377 0.00110299 0.000325011 -0.000427377 0.00981943 -0.0181546 -0.000429936 0.00110299 -0.0181546 0.0893217 
0.0101923 -0.0185299 0.000324906 -0.000414447 -0.0185299 0.0902293 -0.000411889 0.00107449 0.000324906 -0.000411889 0.00980347 -0.0181359 -0.000414447 0.00107449 -0.0181359 0.0893441 
0.0101871 -0.0185406 0.000354978 -0.000436699 -0.0185406 0.0902307 -0.00044436 0.00112367 0.000354978 -0.00044436 0.00981679 -0.0181319 -0.000436699 0.00112367 -0.0181319 0.0893343 
0.0101826 -0.0185441 0.000359115 -0.000460991 -0.0185441 0.0902805 -0.000460991 0.00117158 0.000359115 -0.000460991 0.00982345 -0.0181213 -0.000460991 0.00117158 -0.0181213 0.0892948 
0.0101967 -0.0185638 0.000358807 -0.000452962 -0.0185638 0.0903481 -0.000452962 0.00115785 0.000358807 -0.000452962 0.00981757 -0.0181159 -0.000452962 0.00115785 -0.0181159 0.0892589 
0.0102188 -0.0186031 0.000325212 -0.000419218 -0.0186031 0.090452 -0.000416677 0.00107218 0.000325212 -0.000416677 0.00981732 -0.0181077 -0.000419218 0.00107218 -0.0181077 0.0892325 
0.0102151 -0.0185996 0.000311483 -0.000398289 -0.0185996 0.0904474 -0.000388077 0.000998277 0.000311483 -0.000388077 0.0098066 -0.0181298 -0.000398289 0.000998277 -0.0181298 0.0892704 
0.0102027 -0.0185927 0.000308549 -0.000388258 -0.0185927 0.0904255 -0.000388258 0.000977072 0.000308549 -0.000388258 0.00977329 -0.0181015 -0.000388258 0.000977072 -0.0181015 0.0892375 
0.0101897 -0.018583 0.000298563 -0.000380925 -0.018583 0.0904156 -0.000383499 0.000952312 0.000298563 -0.000383499 0.00973418 -0.0180347 -0.000380925 0.000952312 -0.0180347 0.0890772 
0.0101774 -0.018545 0.000272494 -0.000362469 -0.018545 0.0903061 -0.000370181 0.00091774 0.000272494 -0.000370181 0.00971982 -0.0180103 -0.000362469 0.00091774 -0.0180103 0.0890028 
0.010182 -0.0185284 0.000263704 -0.000314908 -0.0185284 0.0902481 -0.000314908 0.000806472 0.000263704 -0.000314908 0.00972375 -0.0179959 -0.000314908 0.000806472 -0.0179959 0.0889577 
0.0102045 -0.018538 0.000298259 -0.000336498 -0.018538 0.0902375 -0.000341596 0.000833597 0.000298259 -0.000341596 0.0097253 -0.0180026 -0.000336498 0.000833597 -0.0180026 0.0889425 
0.0102203 -0.0185708 0.000315883 -0.000382116 -0.0185708 0.0902889 -0.000387211 0.000924721 0.000315883 -0.000387211 0.00970829 -0.0179875 -0.000382116 0.000924721 -0.0179875 0.0889031 
0.0102105 -0.018604 0.000301963 -0.000396647 -0.018604 0.0903894 -0.000399206 0.000987778 0.000301963 -0.000399206 0.0096833 -0.017954 -0.000396647 0.000987778 -0.017954 0.0888156 
0.0101933 -0.0185725 0.000273765 -0.000365873 -0.0185725 0.0903681 -0.000365873 0.000944106 0.000273765 -0.000365873 0.00968668 -0.0179534 -0.000365873 0.000944106 -0.0179534 0.0888201 
0.0101591 -0.0185315 0.000237028 -0.000331329 -0.0185315 0.0902617 -0.000331329 0.000858907 0.000237028 -0.000331329 0.00973088 -0.0179759 -0.000331329 0.000858907 -0.0179759 0.0888829 
0.010143 -0.0184859 0.00020199 -0.000273582 -0.0184859 0.0901439 -0.000276139 0.000726142 0.00020199 -0.000276139 0.00972621 -0.0180155 -0.000273582 0.000726142 -0.0180155 0.0889575 
0.0101629 -0.0184904 0.000215631 -0.00025157 -0.0184904 0.090121 -0.00025157 0.000654595 0.000215631 -0.00025157 0.00967773 -0.0179898 -0.00025157 0.000654595 -0.0179898 0.0889248 
0.010171 -0.0185273 0.000230694 -0.00026658 -0.0185273 0.0901911 -0.000264017 0.00063569 0.000230694 -0.000264017 0.00966352 -0.0179224 -0.00026658 0.00063569 -0.0179224 0.0887967 
0.0101535 -0.0185356 0.000251592 -0.000292668 -0.0185356 0.0902393 -0.000297802 0.00070343 0.000251592 -0.000297802 0.00968115 -0.0179118 -0.000292668 0.00070343 -0.0179118 0.0887297 
0.0101739 -0.0185251 0.000256723 -0.000290097 -0.0185251 0.0902612 -0.000297799 0.000708555 0.000256723 -0.000297799 0.00967845 -0.0179295 -0.000290097 0.000708555 -0.0179295 0.0887388 
0.0102018 -0.0185431 0.000281111 -0.000321999 -0.0185431 0.09028 -0.000332222 0.000781999 0.000281111 -0.000332222 0.00968298 -0.01794 -0.000321999 0.000781999 -0.01794 0.0887671 
0.0102323 -0.0185713 0.000280687 -0.000341928 -0.0185713 0.0903252 -0.000341928 0.000826752 0.000280687 -0.000341928 0.00967606 -0.0179436 -0.000341928 0.000826752 -0.0179436 0.088784 
0.0102223 -0.0185963 0.000272426 -0.000353899 -0.0185963 0.0903793 -0.000348807 0.000873291 0.000272426 -0.000348807 0.00969532 -0.017947 -0.000353899 0.000873291 -0.017947 0.0888084 
0.0102026 -0.018622 0.000254747 -0.000318434 -0.018622 0.0904658 -0.000310792 0.000802454 0.000254747 -0.000310792 0.00971606 -0.0179444 -0.000318434 0.000802454 -0.0179444 0.0887896 
0.0101928 -0.0185904 0.00026736 -0.000315739 -0.0185904 0.0904415 -0.000313193 0.000796987 0.00026736 -0.000313193 0.00974718 -0.0179921 -0.000315739 0.000796987 -0.0179921 0.0888908 
0.0101923 -0.0185787 0.000290771 -0.000357087 -0.0185787 0.0904196 -0.000354537 0.000879965 0.000290771 -0.000354537 0.00973573 -0.0180049 -0.000357087 0.000879965 -0.0180049 0.08893 
0.0101689 -0.0185478 0.000288136 -0.000387581 -0.0185478 0.0903421 -0.000385031 0.000976602 0.000288136 -0.000385031 0.00976092 -0.0180378 -0.000387581 0.000976602 -0.0180378 0.089034 
0.010178 -0.018514 0.000291237 -0.000388316 -0.018514 0.0902425 -0.000383206 0.00100145 0.000291237 -0.000383206 0.00974877 -0.018072 -0.000388316 0.00100145 -0.018072 0.0891312 
0.0102203 -0.0185426 0.000309087 -0.000344849 -0.0185426 0.090261 -0.000347403 0.000899161 0.000309087 -0.000347403 0.00972218 -0.0180599 -0.000344849 0.000899161 -0.0180599 0.0891574 
0.0102491 -0.0186026 0.000327889 -0.00037656 -0.0186026 0.0903821 -0.00037656 0.000917065 0.000327889 -0.00037656 0.00969578 -0.0180006 -0.00037656 0.000917065 -0.0180006 0.0890398 
0.010263 -0.0186426 0.000332218 -0.000401217 -0.0186426 0.0905141 -0.000398662 0.000976211 0.000332218 -0.000398662 0.00969822 -0.0179628 -0.000401217 0.000976211 -0.0179628 0.0889297 
0.0102363 -0.0186699 0.000321719 -0.000408532 -0.0186699 0.0905997 -0.000413639 0.00101367 0.000321719 -0.000413639 0.00971796 -0.0179422 -0.000408532 0.00101367 -0.0179422 0.0888149 
0.0102363 -0.0186154 0.000302273 -0.000384246 -0.0186154 0.0905335 -0.000386808 0.000981108 0.000302273 -0.000386808 0.00969837 -0.0179853 -0.000384246 0.000981108 -0.0179853 0.0888684 
0.0102213 -0.0186216 0.000271474 -0.000363673 -0.0186216 0.090493 -0.000363673 0.000921987 0.000271474 -0.000363673 0.00970904 -0.0179583 -0.000363673 0.000921987 -0.0179583 0.0888719 
0.010217 -0.0186083 0.000253505 -0.000330325 -0.0186083 0.0904782 -0.000327764 0.000850138 0.000253505 -0.000327764 0.00971513 -0.0179732 -0.000330325 0.000850138 -0.0179732 0.0888701 
0.0101902 -0.0185599 0.000238473 -0.0003154 -0.0185599 0.0903454 -0.000317964 0.000823117 0.000238473 -0.000317964 0.00973124 -0.0180111 -0.0003154 0.000823117 -0.0180111 0.0889633 
0.0101458 -0.0185268 0.000253582 -0.000315056 -0.0185268 0.0902392 -0.00032274 0.000822219 0.000253582 -0.00032274 0.00977185 -0.0180299 -0.000315056 0.000822219 -0.0180299 0.0890404 
0.0101345 -0.0184905 0.000273422 -0.000334751 -0.0184905 0.0901629 -0.000332195 0.000843265 0.000273422 -0.000332195 0.00978188 -0.0180561 -0.000334751 0.000843265 -0.0180561 0.0890718 
0.0101185 -0.0184855 0.000260431 -0.000334475 -0.0184855 0.0901118 -0.000331922 0.000832359 0.000260431 -0.000331922 0.00979171 -0.0180591 -0.000334475 0.000832359 -0.0180591 0.0890854 
0.0101359 -0.0184688 0.000239392 -0.0003107 -0.0184688 0.0900826 -0.00030306 0.000771656 0.000239392 -0.00030306 0.00977431 -0.018069 -0.0003107 0.000771656 -0.018069 0.0891123 
0.0101482 -0.018478 0.000234641 -0.000293302 -0.018478 0.0900767 -0.000290751 0.000734529 0.000234641 -0.000290751 0.00975291 -0.0180597 -0.000293302 0.000734529 -0.0180597 0.0891177 
0.0101487 -0.0185219 0.000240478 -0.000286527 -0.0185219 0.0901716 -0.000286527 0.000716318 0.000240478 -0.000286527 0.00972401 -0.0179975 -0.000286527 0.000716318 -0.0179975 0.0889743 
0.0101325 -0.0185017 0.000241249 -0.000307977 -0.0185017 0.0901835 -0.00031311 0.000762244 0.000241249 -0.00031311 0.00970642 -0.0179807 -0.000307977 0.000762244 -0.0179807 0.0889002 
0.0101548 -0.0184931 0.000220645 -0.000284786 -0.0184931 0.0901641 -0.000284786 0.000723509 0.000220645 -0.000284786 0.00968271 -0.0179594 -0.000284786 0.000723509 -0.0179594 0.0888505 
0.0101387 -0.018519 0.000218506 -0.000267348 -0.018519 0.0902017 -0.000267348 0.000678653 0.000218506 -0.000267348 0.00967594 -0.0179097 -0.000267348 0.000678653 -0.0179097 0.0887133 
0.0101299 -0.0184856 0.000211146 -0.000267796 -0.0184856 0.0901441 -0.000260071 0.000648889 0.000211146 -0.000260071 0.00966381 -0.0179114 -0.000267796 0.000648889 -0.0179114 0.0886867 
0.0101056 -0.0184551 0.000223031 -0.000276866 -0.0184551 0.0900531 -0.000266611 0.000676783 0.000223031 -0.000266611 0.0096826 -0.0179142 -0.000276866 0.000676783 -0.0179142 0.0886867 
0.0100773 -0.0184254 0.000197543 -0.000274508 -0.0184254 0.0899643 -0.000261681 0.000654202 0.000197543 -0.000261681 0.00970784 -0.0179405 -0.000274508 0.000654202 -0.0179405 0.0887405 
0.0100719 -0.0183959 0.000182239 -0.000241274 -0.0183959 0.0899004 -0.000238708 0.000605753 0.000182239 -0.000238708 0.00970488 -0.0179647 -0.000241274 0.000605753 -0.0179647 0.088789 
0.0100823 -0.0183996 0.000159059 -0.0002155 -0.0183996 0.0898787 -0.000212934 0.000536183 0.000159059 -0.000212934 0.00969748 -0.0179583 -0.0002155 0.000536183 -0.0179583 0.088814 
0.0101092 -0.0183822 0.000189771 -0.000207723 -0.0183822 0.0898259 -0.000212852 0.000541105 0.000189771 -0.000212852 0.00967834 -0.0179847 -0.000207723 0.000541105 -0.0179847 0.0888848 
0.0101391 -0.0184487 0.000228047 -0.000261357 -0.0184487 0.0899401 -0.000256232 0.000635456 0.000228047 -0.000256232 0.00965739 -0.0179234 -0.000261357 0.000635456 -0.0179234 0.0887768 
0.010159 -0.0184888 0.000230247 -0.000286529 -0.0184888 0.0900751 -0.000289088 0.000695857 0.000230247 -0.000289088 0.00964478 -0.0178927 -0.000286529 0.000695857 -0.0178927 0.0886859 
0.0101514 -0.0185254 0.000215442 -0.00028982 -0.0185254 0.0902033 -0.00029495 0.000725833 0.000215442 -0.00029495 0.0096487 -0.0178637 -0.00028982 0.000725833 -0.0178637 0.0885926 
0.0101408 -0.0185377 0.000207426 -0.000263764 -0.0185377 0.0902866 -0.000274007 0.000696541 0.000207426 -0.000274007 0.00966195 -0.017854 -0.000263764 0.000696541 -0.017854 0.0885094 
0.0101331 -0.0185129 0.000187936 -0.000234276 -0.0185129 0.0902477 -0.000244574 0.00061787 0.000187936 -0.000244574 0.00963363 -0.0178642 -0.000234276 0.00061787 -0.0178642 0.0884996 
0.0100907 -0.0184724 0.000165463 -0.000232683 -0.0184724 0.0901412 -0.000243024 0.000604975 0.000165463 -0.000243024 0.00964599 -0.0178545 -0.000232683 0.000604975 -0.0178545 0.0885125 
0.0100567 -0.0183989 0.000126711 -0.000196531 -0.0183989 0.0899518 -0.000204289 0.000527531 0.000126711 -0.000204289 0.00966365 -0.0178895 -0.000196531 0.000527531 -0.0178895 0.0885942 
0.0100373 -0.0183612 0.000131797 -0.000170561 -0.0183612 0.0898237 -0.000173145 0.000467751 0.000131797 -0.000173145 0.00968322 -0.0179038 -0.000170561 0.000467751 -0.0179038 0.0886349 
0.0100764 -0.0183502 0.000147194 -0.000144612 -0.0183502 0.0897731 -0.000149777 0.000387354 0.000147194 -0.000149777 0.00964511 -0.0179138 -0.000144612 0.000387354 -0.0179138 0.0886575 
0.0101188 -0.0183956 0.000190628 -0.000180324 -0.0183956 0.0898246 -0.000185476 0.000417321 0.000190628 -0.000185476 0.00962415 -0.017883 -0.000180324 0.000417321 -0.017883 0.0886267 
0.0101525 -0.0184582 0.000231499 -0.000249505 -0.0184582 0.0899581 -0.000257221 0.00056846 0.000231499 -0.000257221 0.00960465 -0.0178357 -0.000249505 0.00056846 -0.0178357 0.0885176 
0.0101628 -0.0185244 0.000228348 -0.000295056 -0.0185244 0.0901461 -0.000305319 0.000708135 0.000228348 -0.000305319 0.00960088 -0.0177855 -0.000295056 0.000708135 -0.0177855 0.0883707 
0.0101395 -0.0185263 0.000207557 -0.000269055 -0.0185263 0.0902154 -0.000276742 0.000689293 0.000207557 -0.000276742 0.00962704 -0.0178012 -0.000269055 0.000689293 -0.0178012 0.0883499 
0.0101383 -0.0184719 0.000201948 -0.000250518 -0.0184719 0.0901252 -0.000253075 0.000646746 0.000201948 -0.000253075 0.00966029 -0.0178916 -0.000250518 0.000646746 -0.0178916 0.0885608 
0.0101359 -0.0184771 0.000186896 -0.00022786 -0.0184771 0.0900917 -0.000217619 0.000568369 0.000186896 -0.000217619 0.00967764 -0.0179113 -0.00022786 0.000568369 -0.0179113 0.0886656 
0.0101373 -0.018497 0.000168572 -0.000206884 -0.018497 0.090148 -0.00020433 0.00051338 0.000168572 -0.00020433 0.00969036 -0.0179147 -0.000206884 0.00051338 -0.0179147 0.0886947 
0.010146 -0.018504 0.000164183 -0.000197533 -0.018504 0.0901726 -0.000194968 0.000482289 0.000164183 -0.000194968 0.00967399 -0.0179293 -0.000197533 0.000482289 -0.0179293 0.0887232 
0.0101474 -0.0185167 0.000157424 -0.000190974 -0.0185167 0.0902067 -0.000188393 0.000469692 0.000157424 -0.000188393 0.00963901 -0.0178947 -0.000190974 0.000469692 -0.0178947 0.0886634 
0.0101356 -0.0184941 0.000131732 -0.000198889 -0.0184941 0.0901666 -0.000196306 0.000488183 0.000131732 -0.000196306 0.00964742 -0.017882 -0.000198889 0.000488183 -0.017882 0.0886426 
0.0101109 -0.0184768 0.000119105 -0.000181246 -0.0184768 0.0901208 -0.000176068 0.000484186 0.000119105 -0.000176068 0.00965007 -0.0178709 -0.000181246 0.000484186 -0.0178709 0.088575 
0.0100892 -0.0184722 0.000116863 -0.000142833 -0.0184722 0.0901092 -0.00014543 0.000412916 0.000116863 -0.00014543 0.0096451 -0.0178359 -0.000142833 0.000412916 -0.0178359 0.0884731 
0.0100524 -0.0184286 0.000129541 -0.000145086 -0.0184286 0.0900157 -0.000147677 0.000380852 0.000129541 -0.000147677 0.00966379 -0.0178379 -0.000145086 0.000380852 -0.0178379 0.0884301 
0.0100555 -0.0183849 0.00014513 -0.000152905 -0.0183849 0.089916 -0.000152905 0.000373192 0.00014513 -0.000152905 0.00965635 -0.0178562 -0.000152905 0.000373192 -0.0178562 0.088457 
0.0100449 -0.0183577 0.000180432 -0.000175277 -0.0183577 0.0897932 -0.000177854 0.000409838 0.000180432 -0.000177854 0.00969177 -0.0178937 -0.000175277 0.000409838 -0.0178937 0.088574 
0.0100409 -0.0183395 0.000195019 -0.000223246 -0.0183395 0.0897268 -0.000218114 0.000500378 0.000195019 -0.000218114 0.00972274 -0.0179418 -0.000223246 0.000500378 -0.0179418 0.0886927 
0.0100644 -0.0183649 0.00019684 -0.000255636 -0.0183649 0.0897769 -0.00025308 0.000600745 0.00019684 -0.00025308 0.00972184 -0.017961 -0.000255636 0.000600745 -0.017961 0.0887466 
0.0100863 -0.018402 0.000209811 -0.000260984 -0.018402 0.0898579 -0.000253308 0.000660137 0.000209811 -0.000253308 0.0096948 -0.017944 -0.000260984 0.000660137 -0.017944 0.0887449 
0.0100772 -0.018411 0.000200259 -0.000251608 -0.018411 0.0898831 -0.000246473 0.000631587 0.000200259 -0.000246473 0.00968177 -0.0179437 -0.000251608 0.000631587 -0.0179437 0.088756 
0.0100947 -0.0183858 0.000210094 -0.000251088 -0.0183858 0.089833 -0.000245963 0.000630281 0.000210094 -0.000245963 0.00965662 -0.0179348 -0.000251088 0.000630281 -0.0179348 0.0887697 
0.010082 -0.0183996 0.000221186 -0.000267481 -0.0183996 0.0898375 -0.000267481 0.00066613 0.000221186 -0.000267481 0.00964217 -0.0179006 -0.000267481 0.00066613 -0.0179006 0.088711 
0.010052 -0.0183915 0.000202838 -0.000277297 -0.0183915 0.0898186 -0.000277297 0.000706081 0.000202838 -0.000277297 0.00966688 -0.0178882 -0.000277297 0.000706081 -0.0178882 0.0886657 
0.0100331 -0.0183567 0.000187654 -0.00025706 -0.0183567 0.0897783 -0.000251919 0.000665786 0.000187654 -0.000251919 0.00966803 -0.0179017 -0.00025706 0.000665786 -0.0179017 0.0886575 
0.010031 -0.0183598 0.000192558 -0.0002208 -0.0183598 0.0897885 -0.0002208 0.000582809 0.000192558 -0.0002208 0.00968438 -0.0178951 -0.0002208 0.000582809 -0.0178951 0.0886229 
0.0100086 -0.018341 0.000192523 -0.000225894 -0.018341 0.0897568 -0.000233594 0.000567301 0.000192523 -0.000233594 0.00970829 -0.0179175 -0.000225894 0.000567301 -0.0179175 0.088653 
0.0100196 -0.0183303 0.000200135 -0.000233491 -0.0183303 0.0897246 -0.000236057 0.000574747 0.000200135 -0.000236057 0.00971168 -0.0179506 -0.000233491 0.000574747 -0.0179506 0.0887368 
0.0100536 -0.0183163 0.00021009 -0.000243397 -0.0183163 0.0896802 -0.000251083 0.000599525 0.00021009 -0.000251083 0.00968463 -0.0179729 -0.000243397 0.000599525 -0.0179729 0.0888219 
0.0100968 -0.0184089 0.000217327 -0.000255679 -0.0184089 0.0898585 -0.000258236 0.000634085 0.000217327 -0.000258236 0.00966979 -0.0179103 -0.000255679 0.000634085 -0.0179103 0.0887182 
0.0100925 -0.0184529 0.000207855 -0.000266875 -0.0184529 0.0900037 -0.000274574 0.000669755 0.000207855 -0.000274574 0.00965884 -0.0178755 -0.000266875 0.000669755 -0.0178755 0.0886001 
0.0100815 -0.0184557 0.000185406 -0.000270384 -0.0184557 0.0900689 -0.000272959 0.000697849 0.000185406 -0.000272959 0.00965144 -0.0178685 -0.000270384 0.000697849 -0.0178685 0.0885419 
0.0100556 -0.0184216 0.000133938 -0.000200907 -0.0184216 0.0900191 -0.000203482 0.00054863 0.000133938 -0.000203482 0.009677 -0.017873 -0.000200907 0.00054863 -0.017873 0.0885483 
0.0100404 -0.0183774 0.000154389 -0.000172401 -0.0183774 0.0899058 -0.000169828 0.000463167 0.000154389 -0.000169828 0.00968018 -0.017904 -0.000172401 0.000463167 -0.017904 0.0885883 
0.0100134 -0.0183613 0.000161921 -0.000182482 -0.0183613 0.0898249 -0.000174772 0.000426649 0.000161921 -0.000174772 0.00971782 -0.0179115 -0.000182482 0.000426649 -0.0179115 0.0886452 
0.0100056 -0.0183115 0.00016998 -0.000200885 -0.0183115 0.0897057 -0.00019831 0.000463582 0.00016998 -0.00019831 0.00971204 -0.0179612 -0.000200885 0.000463582 -0.0179612 0.0887424 
0.00999933 -0.0182784 0.00021149 -0.000232123 -0.0182784 0.0895761 -0.000229544 0.000557094 0.00021149 -0.000229544 0.00972852 -0.0179998 -0.000232123 0.000557094 -0.0179998 0.0888978 
0.0100008 -0.0182952 0.000250407 -0.000278804 -0.0182952 0.0895916 -0.000286548 0.000673776 0.000250407 -0.000286548 0.00971425 -0.0179751 -0.000278804 0.000673776 -0.0179751 0.0888662 
0.0100146 -0.0183121 0.000283191 -0.000329531 -0.0183121 0.0896324 -0.000337254 0.00080838 0.000283191 -0.000337254 0.00971601 -0.0179594 -0.000329531 0.00080838 -0.0179594 0.088824 
0.0100604 -0.0183527 0.000317752 -0.000369002 -0.0183527 0.0897494 -0.000366439 0.000904567 0.000317752 -0.000366439 0.00968886 -0.0179325 -0.000369002 0.000904567 -0.0179325 0.0887296 
0.0101003 -0.0183932 0.000333257 -0.000405036 -0.0183932 0.0898333 -0.000392218 0.000992081 0.000333257 -0.000392218 0.00965677 -0.0179113 -0.000405036 0.000992081 -0.0179113 0.0886772 
0.0101248 -0.0184324 0.000316479 -0.00040836 -0.0184324 0.0899439 -0.000398151 0.00101324 0.000316479 -0.000398151 0.00965517 -0.0178938 -0.00040836 0.00101324 -0.0178938 0.0886448 
