0.0068966 0 -2.37463e-05 0 0 0.00998362 0 0 -2.37463e-05 0 0.00768362 0 0 0 0 0.00998362 
0.00982932 -0.0122156 -3.40008e-05 4.32737e-05 -0.0122156 0.0326098 4.32737e-05 -7.41835e-05 -3.40008e-05 4.32737e-05 0.0107412 -0.0133407 4.32737e-05 -7.41835e-05 -0.0133407 0.0347735 
0.0100517 -0.018867 -4.0797e-05 6.59028e-05 -0.018867 0.0695118 6.59028e-05 -0.000222814 -4.0797e-05 6.59028e-05 0.0106794 -0.0198681 6.59028e-05 -0.000222814 -0.0198681 0.0727316 
0.00952953 -0.0187028 -6.34094e-05 6.34094e-05 -0.0187028 0.0840205 6.03899e-05 -0.000220423 -6.34094e-05 6.03899e-05 0.0101244 -0.0194305 6.34094e-05 -0.000220423 -0.0194305 0.0865448 
0.00947006 -0.0180367 -6.88314e-05 7.45674e-05 -0.0180367 0.087545 7.16994e-05 -0.000180682 -6.88314e-05 7.16994e-05 0.010187 -0.0187652 7.45674e-05 -0.000180682 -0.0187652 0.0893661 
0.00954522 -0.0178099 -7.40365e-05 8.7747e-05 -0.0178099 0.0882488 8.7747e-05 -0.000197431 -7.40365e-05 8.7747e-05 0.0104172 -0.0188299 8.7747e-05 -0.000197431 -0.0188299 0.0904561 
0.00959883 -0.017776 -4.77422e-05 9.01797e-05 -0.017776 0.0883628 9.2832e-05 -0.000212188 -4.77422e-05 9.2832e-05 0.0105431 -0.0190359 9.01797e-05 -0.000212188 -0.0190359 0.0912963 
0.00964486 -0.0178077 -2.85504e-05 7.00784e-05 -0.0178077 0.0884129 7.26739e-05 -0.000202449 -2.85504e-05 7.26739e-05 0.0105559 -0.0190977 7.00784e-05 -0.000202449 -0.0190977 0.0916807 
0.00966777 -0.0178741 -3.33903e-05 2.82533e-05 -0.0178741 0.0885304 2.82533e-05 -0.000100171 -3.33903e-05 2.82533e-05 0.0105205 -0.0190402 2.82533e-05 -0.000100171 -0.0190402 0.0916434 
0.00969576 -0.0179218 -3.59102e-05 2.30852e-05 -0.0179218 0.0886495 2.30852e-05 -4.36053e-05 -3.59102e-05 2.30852e-05 0.0104601 -0.0189683 2.30852e-05 -4.36053e-05 -0.0189683 0.091448 
0.00973508 -0.0179415 -6.36946e-05 4.07645e-05 -0.0179415 0.0887189 4.07645e-05 -6.87902e-05 -6.36946e-05 4.07645e-05 0.0104255 -0.0189249 4.07645e-05 -6.87902e-05 -0.0189249 0.091338 
0.0097454 -0.0179858 -7.89411e-05 8.4034e-05 -0.0179858 0.0888112 8.4034e-05 -0.000173161 -7.89411e-05 8.4034e-05 0.0104202 -0.0188924 8.4034e-05 -0.000173161 -0.0188924 0.0912431 
0.00972738 -0.0179823 -4.57759e-05 7.1207e-05 -0.0179823 0.0888358 7.37501e-05 -0.000150043 -4.57759e-05 7.37501e-05 0.0104293 -0.0188953 7.1207e-05 -0.000150043 -0.0188953 0.0912339 
0.00971074 -0.0179631 -2.28667e-05 4.82742e-05 -0.0179631 0.0888372 5.58964e-05 -0.000119415 -2.28667e-05 5.58964e-05 0.0104348 -0.0189082 4.82742e-05 -0.000119415 -0.0189082 0.0912586 
0.00971091 -0.0179562 -2.79414e-05 3.55618e-05 -0.0179562 0.0888333 4.0642e-05 -0.000104145 -2.79414e-05 4.0642e-05 0.0104145 -0.0189011 3.55618e-05 -0.000104145 -0.0189011 0.0912363 
0.00972527 -0.017973 -1.77099e-05 3.54198e-05 -0.017973 0.0888734 3.79498e-05 -8.60195e-05 -1.77099e-05 3.79498e-05 0.010416 -0.0188838 3.54198e-05 -8.60195e-05 -0.0188838 0.0912237 
0.00974092 -0.0180284 -2.78529e-05 2.53208e-05 -0.0180284 0.0890179 2.27887e-05 -7.08983e-05 -2.78529e-05 2.27887e-05 0.0104119 -0.0188539 2.53208e-05 -7.08983e-05 -0.0188539 0.0911423 
0.00973091 -0.0179983 -5.82386e-05 3.79817e-05 -0.0179983 0.0889709 3.29175e-05 -7.59634e-05 -5.82386e-05 3.29175e-05 0.0104095 -0.0188845 3.79817e-05 -7.59634e-05 -0.0188845 0.091189 
0.00972318 -0.0180048 -7.61408e-05 7.86788e-05 -0.0180048 0.0889959 7.36028e-05 -0.00015482 -7.61408e-05 7.36028e-05 0.0103856 -0.0188525 7.86788e-05 -0.00015482 -0.0188525 0.0911278 
0.00970229 -0.0179851 -4.07018e-05 8.64913e-05 -0.0179851 0.088964 8.14036e-05 -0.00017807 -4.07018e-05 8.14036e-05 0.0103815 -0.0188373 8.64913e-05 -0.00017807 -0.0188373 0.091083 
0.00967284 -0.0179529 -2.03692e-05 4.8377e-05 -0.0179529 0.0888786 5.09231e-05 -0.000152769 -2.03692e-05 5.09231e-05 0.0103756 -0.0188263 4.8377e-05 -0.000152769 -0.0188263 0.0910505 
0.00968373 -0.0179295 -2.545e-05 2.7995e-05 -0.0179295 0.0888078 1.7815e-05 -8.39851e-05 -2.545e-05 1.7815e-05 0.0103632 -0.0188228 2.7995e-05 -8.39851e-05 -0.0188228 0.0910474 
0.00968781 -0.0179042 -3.8121e-05 2.79554e-05 -0.0179042 0.0887075 2.5414e-05 -6.3535e-05 -3.8121e-05 2.5414e-05 0.0103486 -0.0188267 2.79554e-05 -6.3535e-05 -0.0188267 0.091066 
0.00970923 -0.0179578 -3.28527e-05 3.28527e-05 -0.0179578 0.0888058 3.53798e-05 -5.8124e-05 -3.28527e-05 3.53798e-05 0.0103612 -0.0187816 3.28527e-05 -5.8124e-05 -0.0187816 0.0909969 
0.00971718 -0.0180103 -3.04058e-05 4.56086e-05 -0.0180103 0.0889673 4.56086e-05 -0.000108954 -3.04058e-05 4.56086e-05 0.0103582 -0.0187654 4.56086e-05 -0.000108954 -0.0187654 0.0908803 
0.00968424 -0.0179741 -4.07865e-05 4.07865e-05 -0.0179741 0.0889196 3.82373e-05 -0.000109614 -4.07865e-05 3.82373e-05 0.0103572 -0.0187949 4.07865e-05 -0.000109614 -0.0187949 0.0909207 
0.00964373 -0.0179182 -4.86282e-05 5.63063e-05 -0.0179182 0.0887771 6.14251e-05 -0.000138206 -4.86282e-05 6.14251e-05 0.0103399 -0.018791 5.63063e-05 -0.000138206 -0.018791 0.0909449 
0.00965225 -0.017892 5.10836e-06 4.34211e-05 -0.017892 0.0887067 4.59752e-05 -9.70589e-05 5.10836e-06 4.59752e-05 0.0103138 -0.0187579 4.34211e-05 -9.70589e-05 -0.0187579 0.0908931 
0.00967675 -0.0178953 3.30264e-05 -1.5243e-05 -0.0178953 0.0886684 -1.27025e-05 0 3.30264e-05 -1.27025e-05 0.0103068 -0.0187362 -1.5243e-05 0 -0.0187362 0.0908303 
0.00966472 -0.0179099 2.79842e-05 -5.08804e-05 -0.0179099 0.0886819 -5.59684e-05 0.000101761 2.79842e-05 -5.59684e-05 0.0103109 -0.0187291 -5.08804e-05 0.000101761 -0.0187291 0.0907858 
0.00967151 -0.0179073 -2.79523e-05 1.01645e-05 -0.0179073 0.0886953 2.54112e-06 0 -2.79523e-05 2.54112e-06 0.0103068 -0.0187306 1.01645e-05 0 -0.0187306 0.090779 
0.00970084 -0.0179069 -4.56033e-05 4.56033e-05 -0.0179069 0.088701 3.54693e-05 -6.58715e-05 -4.56033e-05 3.54693e-05 0.0103064 -0.0187455 4.56033e-05 -6.58715e-05 -0.0187455 0.090852 
0.00971967 -0.0179615 -6.07321e-05 6.83236e-05 -0.0179615 0.0888005 6.57931e-05 -0.0001493 -6.07321e-05 6.57931e-05 0.0103143 -0.0187359 6.83236e-05 -0.0001493 -0.0187359 0.0908451 
0.00970807 -0.0179623 -6.3319e-05 6.3319e-05 -0.0179623 0.0888189 6.3319e-05 -0.000157031 -6.3319e-05 6.3319e-05 0.0103185 -0.0187602 6.3319e-05 -0.000157031 -0.0187602 0.0908831 
0.0097041 -0.0179663 -3.0516e-05 6.61181e-05 -0.0179663 0.0888627 6.35751e-05 -0.000144951 -3.0516e-05 6.35751e-05 0.0102941 -0.0187445 6.61181e-05 -0.000144951 -0.0187445 0.0908513 
0.00969529 -0.0179822 -2.03736e-05 3.31071e-05 -0.0179822 0.0889206 3.56538e-05 -0.000109508 -2.03736e-05 3.56538e-05 0.0102887 -0.0186979 3.31071e-05 -0.000109508 -0.0186979 0.0907517 
0.00969481 -0.0179753 -2.28531e-05 2.03139e-05 -0.0179753 0.0889292 3.04709e-05 -6.34809e-05 -2.28531e-05 3.04709e-05 0.0102941 -0.0186913 2.03139e-05 -6.34809e-05 -0.0186913 0.0906914 
0.00969292 -0.0179655 2.54541e-06 2.29087e-05 -0.0179655 0.0888857 2.79995e-05 -4.3272e-05 2.54541e-06 2.79995e-05 0.0102733 -0.0186859 2.29087e-05 -4.3272e-05 -0.0186859 0.090637 
0.00971296 -0.0179551 7.63398e-06 1.01786e-05 -0.0179551 0.0888595 1.01786e-05 -4.58039e-05 7.63398e-06 1.01786e-05 0.0102295 -0.0186625 1.01786e-05 -4.58039e-05 -0.0186625 0.0905899 
0.00970871 -0.0179919 0 -2.54555e-06 -0.0179919 0.0889108 -2.54555e-06 -1.27277e-05 0 -2.54555e-06 0.0102331 -0.0186156 -2.54555e-06 -1.27277e-05 -0.0186156 0.0904993 
0.00967505 -0.0179577 -2.04385e-05 1.2774e-05 -0.0179577 0.0888639 7.66442e-06 -2.29933e-05 -2.04385e-05 7.66442e-06 0.0102499 -0.0186271 1.2774e-05 -2.29933e-05 -0.0186271 0.0905015 
0.00964315 -0.0178849 -4.61149e-05 3.07433e-05 -0.0178849 0.0886867 1.79336e-05 -5.12388e-05 -4.61149e-05 1.79336e-05 0.010258 -0.0186714 3.07433e-05 -5.12388e-05 -0.0186714 0.0905979 
0.00963239 -0.0178166 -7.68951e-05 6.15161e-05 -0.0178166 0.0884627 5.38266e-05 -0.000112779 -7.68951e-05 5.38266e-05 0.0102373 -0.0186881 6.15161e-05 -0.000112779 -0.0186881 0.0906901 
0.00964769 -0.0178415 -5.13722e-05 8.4764e-05 -0.0178415 0.0884526 8.4764e-05 -0.000166959 -5.13722e-05 8.4764e-05 0.0102051 -0.0186404 8.4764e-05 -0.000166959 -0.0186404 0.0906256 
0.00964036 -0.0178793 -4.37146e-05 5.40004e-05 -0.0178793 0.0885375 5.91433e-05 -0.000154287 -4.37146e-05 5.91433e-05 0.0102086 -0.0185813 5.40004e-05 -0.000154287 -0.0185813 0.0904712 
0.00961812 -0.0178593 -4.39183e-05 4.65018e-05 -0.0178593 0.0885549 5.94189e-05 -0.000136922 -4.39183e-05 5.94189e-05 0.0102097 -0.0185826 4.65018e-05 -0.000136922 -0.0185826 0.0904046 
0.00961432 -0.0178493 -4.64959e-05 4.64959e-05 -0.0178493 0.0885566 5.68283e-05 -0.000118823 -4.64959e-05 5.68283e-05 0.010211 -0.0185777 4.64959e-05 -0.000118823 -0.0185777 0.0903622 
0.00961524 -0.0178211 -7.74381e-06 4.64629e-05 -0.0178211 0.0884731 4.64629e-05 -0.000105832 -7.74381e-06 4.64629e-05 0.0102089 -0.0185929 4.64629e-05 -0.000105832 -0.0185929 0.0903858 
0.0096221 -0.0178212 2.56863e-05 -1.02745e-05 -0.0178212 0.0884406 -1.54118e-05 5.13727e-06 2.56863e-05 -1.54118e-05 0.0102206 -0.0185943 -1.02745e-05 5.13727e-06 -0.0185943 0.0904159 
0.00961598 -0.017823 4.876e-05 -4.61936e-05 -0.017823 0.0884018 -4.61936e-05 0.000105219 4.876e-05 -4.61936e-05 0.0102422 -0.0186263 -4.61936e-05 0.000105219 -0.0186263 0.0904959 
0.00961519 -0.0178004 6.40671e-05 -4.8691e-05 -0.0178004 0.0883408 -5.38163e-05 0.000125571 6.40671e-05 -5.38163e-05 0.010261 -0.0186743 -4.8691e-05 0.000125571 -0.0186743 0.0906242 
0.00964874 -0.0178303 5.34909e-05 -6.36797e-05 -0.0178303 0.0884128 -6.62269e-05 0.000150284 5.34909e-05 -6.62269e-05 0.0102575 -0.0186683 -6.36797e-05 0.000150284 -0.0186683 0.0906442 
0.00969648 -0.017884 7.62102e-06 -5.58875e-05 -0.017884 0.088541 -6.09682e-05 0.00015242 7.62102e-06 -6.09682e-05 0.0102401 -0.0186613 -5.58875e-05 0.00015242 -0.0186613 0.0906343 
0.0097213 -0.0179614 -2.02897e-05 -7.60863e-06 -0.0179614 0.0887344 0 6.84777e-05 -2.02897e-05 0 0.0102311 -0.018631 -7.60863e-06 6.84777e-05 -0.018631 0.0905655 
0.00971716 -0.0180106 -1.52267e-05 2.284e-05 -0.0180106 0.0889086 2.53778e-05 -2.03022e-05 -1.52267e-05 2.53778e-05 0.0102501 -0.0186121 2.284e-05 -2.03022e-05 -0.0186121 0.090515 
0.00973121 -0.0180197 -2.53549e-06 1.52129e-05 -0.0180197 0.0890185 2.28194e-05 -3.54969e-05 -2.53549e-06 2.28194e-05 0.0102662 -0.0186359 1.52129e-05 -3.54969e-05 -0.0186359 0.090517 
0.00970543 -0.0179826 -7.62406e-06 2.28722e-05 -0.0179826 0.0889321 2.79549e-05 -7.36993e-05 -7.62406e-06 2.79549e-05 0.0102849 -0.0186917 2.28722e-05 -7.36993e-05 -0.0186917 0.0906526 
0.00969461 -0.0179341 -1.78069e-05 1.52631e-05 -0.0179341 0.0888211 2.28946e-05 -6.10524e-05 -1.78069e-05 2.28946e-05 0.0102873 -0.0187278 1.52631e-05 -6.10524e-05 -0.0187278 0.0907696 
0.0096877 -0.0179481 -4.07796e-05 3.31334e-05 -0.0179481 0.0888231 4.33283e-05 -0.000104498 -4.07796e-05 4.33283e-05 0.0102765 -0.0186974 3.31334e-05 -0.000104498 -0.0186974 0.0907499 
0.00968705 -0.0179555 -2.04476e-05 2.81154e-05 -0.0179555 0.0888525 3.06714e-05 -5.87868e-05 -2.04476e-05 3.06714e-05 0.0102749 -0.0186865 2.81154e-05 -5.87868e-05 -0.0186865 0.0907004 
0.00968342 -0.0179349 1.02281e-05 7.67105e-06 -0.0179349 0.0888128 1.02281e-05 -1.53421e-05 1.02281e-05 1.02281e-05 0.0102818 -0.018702 7.67105e-06 -1.53421e-05 -0.018702 0.0907152 
0.00969266 -0.0179431 4.07683e-05 -1.52881e-05 -0.0179431 0.0888264 -2.03841e-05 3.82203e-05 4.07683e-05 -2.03841e-05 0.0102991 -0.0186948 -1.52881e-05 3.82203e-05 -0.0186948 0.0907094 
0.00968894 -0.0179528 4.81785e-05 -6.0857e-05 -0.0179528 0.0888183 -6.0857e-05 0.000134393 4.81785e-05 -6.0857e-05 0.0103432 -0.0187262 -6.0857e-05 0.000134393 -0.0187262 0.0907784 
0.00967552 -0.0179249 4.06748e-05 -6.10122e-05 -0.0179249 0.08876 -5.59278e-05 0.000155073 4.06748e-05 -5.59278e-05 0.0103543 -0.0187918 -6.10122e-05 0.000155073 -0.0187918 0.0909107 
0.00968385 -0.0179263 3.55278e-05 -5.07539e-05 -0.0179263 0.0887585 -4.82163e-05 0.000137036 3.55278e-05 -4.82163e-05 0.0103589 -0.0187993 -5.07539e-05 0.000137036 -0.0187993 0.0909765 
0.00967885 -0.0179518 4.56789e-05 -3.04526e-05 -0.0179518 0.0888176 -2.79149e-05 9.13578e-05 4.56789e-05 -2.79149e-05 0.0103691 -0.0187969 -3.04526e-05 9.13578e-05 -0.0187969 0.0909721 
0.00964634 -0.0179146 4.33028e-05 -3.05667e-05 -0.0179146 0.0887504 -3.56612e-05 5.34917e-05 4.33028e-05 -3.56612e-05 0.0103748 -0.0188214 -3.05667e-05 5.34917e-05 -0.0188214 0.0910149 
0.00964411 -0.0178694 3.30539e-05 -2.28835e-05 -0.0178694 0.0886607 -3.30539e-05 4.06817e-05 3.30539e-05 -3.30539e-05 0.0103866 -0.0188484 -2.28835e-05 4.06817e-05 -0.0188484 0.0911067 
0.00965547 -0.0178924 4.82139e-05 -2.79133e-05 -0.0178924 0.0886578 -3.80636e-05 6.85145e-05 4.82139e-05 -3.80636e-05 0.0103812 -0.0188339 -2.79133e-05 6.85145e-05 -0.0188339 0.0910964 
0.00969158 -0.0179223 5.06352e-05 -4.30399e-05 -0.0179223 0.0887357 -4.55717e-05 7.84846e-05 5.06352e-05 -4.55717e-05 0.0103853 -0.0188338 -4.30399e-05 7.84846e-05 -0.0188338 0.0910978 
0.00971178 -0.0179534 2.27739e-05 -3.79564e-05 -0.0179534 0.0888003 -4.55477e-05 7.59129e-05 2.27739e-05 -4.55477e-05 0.0103748 -0.0188365 -3.79564e-05 7.59129e-05 -0.0188365 0.0910929 
0.00970928 -0.0179765 2.28096e-05 -3.04128e-05 -0.0179765 0.0888737 -3.29472e-05 7.85663e-05 2.28096e-05 -3.29472e-05 0.0103682 -0.018823 -3.04128e-05 7.85663e-05 -0.018823 0.091066 
0.00966914 -0.0179541 3.0647e-05 -2.04314e-05 -0.0179541 0.0888304 -2.80931e-05 6.64019e-05 3.0647e-05 -2.80931e-05 0.0103561 -0.0188122 -2.04314e-05 6.64019e-05 -0.0188122 0.0910345 
0.00963237 -0.0179008 4.10215e-05 -3.58938e-05 -0.0179008 0.088727 -3.84577e-05 7.69154e-05 4.10215e-05 -3.84577e-05 0.0103323 -0.018793 -3.58938e-05 7.69154e-05 -0.018793 0.0909781 
0.0096082 -0.0178548 3.85355e-05 -4.62427e-05 -0.0178548 0.0886086 -4.62427e-05 9.24853e-05 3.85355e-05 -4.62427e-05 0.0103327 -0.0187719 -4.62427e-05 9.24853e-05 -0.0187719 0.0909388 
0.00961195 -0.0178302 7.44317e-05 -7.44317e-05 -0.0178302 0.0885224 -6.92985e-05 0.000179663 7.44317e-05 -6.92985e-05 0.0103383 -0.0187645 -7.44317e-05 0.000179663 -0.0187645 0.0909119 
0.00961169 -0.017817 9.47848e-05 -0.000105032 -0.017817 0.0884521 -9.73465e-05 0.000243366 9.47848e-05 -9.73465e-05 0.0103341 -0.0187674 -0.000105032 0.000243366 -0.0187674 0.090896 
0.00963257 -0.0178453 0.0001379 -0.000132793 -0.0178453 0.0885012 -0.000130239 0.000311552 0.0001379 -0.000130239 0.0103348 -0.0187519 -0.000132793 0.000311552 -0.0187519 0.090871 
0.00966208 -0.0178919 0.000155184 -0.000185711 -0.0178919 0.0886123 -0.000190799 0.000435023 0.000155184 -0.000190799 0.0103413 -0.0187467 -0.000185711 0.000435023 -0.0187467 0.090846 
0.00967345 -0.0179421 0.000157498 -0.00017274 -0.0179421 0.0887605 -0.00017528 0.000436931 0.000157498 -0.00017528 0.0103593 -0.0187448 -0.00017274 0.000436931 -0.0187448 0.0908206 
0.00966886 -0.0179169 0.000147151 -0.000164911 -0.0179169 0.0887424 -0.000164911 0.000405935 0.000147151 -0.000164911 0.0103589 -0.0187897 -0.000164911 0.000405935 -0.0187897 0.0908939 
0.00967134 -0.0179189 0.000142375 -0.000152545 -0.0179189 0.088743 -0.000150002 0.000371192 0.000142375 -0.000150002 0.0103425 -0.0187859 -0.000152545 0.000371192 -0.0187859 0.0909116 
0.00967106 -0.0178972 0.000119773 -0.000165644 -0.0178972 0.0886959 -0.000163096 0.000400094 0.000119773 -0.000163096 0.0103183 -0.0187815 -0.000165644 0.000400094 -0.0187815 0.0909309 
0.00970103 -0.0179327 9.86288e-05 -0.000136563 -0.0179327 0.0887533 -0.000126447 0.000343936 9.86288e-05 -0.000126447 0.0103257 -0.0187471 -0.000136563 0.000343936 -0.0187471 0.0909004 
0.00970004 -0.0179352 8.85502e-05 -8.60202e-05 -0.0179352 0.0887526 -7.84302e-05 0.00021505 8.85502e-05 -7.84302e-05 0.0103427 -0.0187828 -8.60202e-05 0.00021505 -0.0187828 0.0909436 
0.00968879 -0.0179611 0.000106806 -9.91766e-05 -0.0179611 0.0888266 -9.40906e-05 0.000216154 0.000106806 -9.40906e-05 0.0103398 -0.0187749 -9.91766e-05 0.000216154 -0.0187749 0.0909398 
0.00969226 -0.0179799 0.000104327 -0.000127228 -0.0179799 0.0889225 -0.000132318 0.000274813 0.000104327 -0.000132318 0.0103462 -0.0187636 -0.000127228 0.000274813 -0.0187636 0.0909174 
0.00969927 -0.0179747 0.000106977 -0.000134995 -0.0179747 0.0889363 -0.000145183 0.000341308 0.000106977 -0.000145183 0.0103411 -0.018772 -0.000134995 0.000341308 -0.018772 0.0909153 
0.00971362 -0.0179835 0.000114788 -0.000124991 -0.0179835 0.0889454 -0.000137746 0.000329059 0.000114788 -0.000137746 0.0103437 -0.0187742 -0.000124991 0.000329059 -0.0187742 0.0909223 
0.00970879 -0.0179671 0.000135341 -0.000137894 -0.0179671 0.0888832 -0.000148109 0.000337075 0.000135341 -0.000148109 0.0103446 -0.0187919 -0.000137894 0.000337075 -0.0187919 0.090972 
0.00972299 -0.0179678 0.000109965 -0.000140653 -0.0179678 0.0888751 -0.000148325 0.000335011 0.000109965 -0.000148325 0.010324 -0.0187811 -0.000140653 0.000335011 -0.0187811 0.0909644 
0.0097163 -0.0179652 7.93899e-05 -0.00010756 -0.0179652 0.088845 -0.00010756 0.000271462 7.93899e-05 -0.00010756 0.0103079 -0.0187667 -0.00010756 0.000271462 -0.0187667 0.0909245 
0.00970909 -0.0179762 7.95406e-05 -8.21064e-05 -0.0179762 0.0888828 -7.69748e-05 0.000212964 7.95406e-05 -7.69748e-05 0.0103069 -0.0187254 -8.21064e-05 0.000212964 -0.0187254 0.0908251 
0.009698 -0.0179785 0.000124922 -9.94274e-05 -0.0179785 0.0889187 -9.43286e-05 0.000226898 0.000124922 -9.43286e-05 0.0103506 -0.0187255 -9.94274e-05 0.000226898 -0.0187255 0.0907951 
0.00968631 -0.0179601 0.000145333 -0.000155532 -0.0179601 0.0888851 -0.000137684 0.000303414 0.000145333 -0.000137684 0.0103722 -0.0187785 -0.000155532 0.000303414 -0.0187785 0.0908535 
0.00970403 -0.0179799 0.000122416 -0.000181074 -0.0179799 0.0889328 -0.000173423 0.000400403 0.000122416 -0.000173423 0.0103748 -0.0187909 -0.000181074 0.000400403 -0.0187909 0.0908991 
0.00972589 -0.0179791 0.000121669 -0.00015969 -0.0179791 0.0889297 -0.000152086 0.000415701 0.000121669 -0.000152086 0.0103925 -0.0188181 -0.00015969 0.000415701 -0.0188181 0.0909904 
0.00972609 -0.0180247 0.000129309 -0.000149593 -0.0180247 0.0890308 -0.000141987 0.000385393 0.000129309 -0.000141987 0.0104183 -0.0188285 -0.000149593 0.000385393 -0.0188285 0.0910262 
0.00968858 -0.0180022 0.000101664 -0.000139788 -0.0180022 0.089017 -0.000134705 0.00033295 0.000101664 -0.000134705 0.0104612 -0.0188815 -0.000139788 0.00033295 -0.0188815 0.0911316 
0.00967565 -0.017925 8.15006e-05 -0.000104423 -0.017925 0.0888459 -0.00010697 0.000277612 8.15006e-05 -0.00010697 0.0104499 -0.0189514 -0.000104423 0.000277612 -0.0189514 0.0913138 
0.00967519 -0.0179193 7.411e-05 -9.45542e-05 -0.0179193 0.0887557 -9.19987e-05 0.000240219 7.411e-05 -9.19987e-05 0.0104188 -0.0189287 -9.45542e-05 0.000240219 -0.0189287 0.0913445 
0.00968977 -0.0179346 5.34222e-05 -8.9037e-05 -0.0179346 0.0887648 -9.15809e-05 0.000221321 5.34222e-05 -9.15809e-05 0.0104046 -0.0188784 -8.9037e-05 0.000221321 -0.0188784 0.0912502 
0.00969729 -0.0179617 5.58922e-05 -5.33516e-05 -0.0179617 0.0888254 -5.33516e-05 0.000142271 5.58922e-05 -5.33516e-05 0.0104036 -0.0188433 -5.33516e-05 0.000142271 -0.0188433 0.0911322 
0.00968756 -0.0179767 5.06672e-05 -4.56004e-05 -0.0179767 0.0889031 -5.06672e-05 9.62676e-05 5.06672e-05 -5.06672e-05 0.0104374 -0.0188431 -4.56004e-05 9.62676e-05 -0.0188431 0.091092 
0.00969023 -0.0179466 4.55178e-05 -4.2989e-05 -0.0179466 0.0888406 -3.54027e-05 7.33342e-05 4.55178e-05 -3.54027e-05 0.0104539 -0.0189076 -4.2989e-05 7.33342e-05 -0.0189076 0.09121 
0.00971286 -0.0179775 2.52742e-05 -4.54935e-05 -0.0179775 0.0888943 -4.54935e-05 7.58225e-05 2.52742e-05 -4.54935e-05 0.0104509 -0.0189152 -4.54935e-05 7.58225e-05 -0.0189152 0.0912701 
0.00969266 -0.0179556 3.30721e-05 -4.83361e-05 -0.0179556 0.0888443 -5.08801e-05 0.000124656 3.30721e-05 -5.08801e-05 0.0104355 -0.018935 -4.83361e-05 0.000124656 -0.018935 0.0913247 
0.00968442 -0.0179186 7.11156e-05 -6.34961e-05 -0.0179186 0.0887625 -6.60359e-05 0.000175249 7.11156e-05 -6.60359e-05 0.0104311 -0.0189371 -6.34961e-05 0.000175249 -0.0189371 0.0913836 
0.00969127 -0.0179335 0.000116732 -0.000104043 -0.0179335 0.0887643 -9.89682e-05 0.000241076 0.000116732 -9.89682e-05 0.0104348 -0.0189156 -0.000104043 0.000241076 -0.0189156 0.0913578 
0.00968063 -0.0179225 0.000134488 -0.000149714 -0.0179225 0.0887294 -0.000149714 0.000355252 0.000134488 -0.000149714 0.0104292 -0.0189172 -0.000149714 0.000355252 -0.0189172 0.091343 
0.00968562 -0.0179408 0.000126808 -0.000157242 -0.0179408 0.088781 -0.000157242 0.000380425 0.000126808 -0.000157242 0.0104312 -0.018897 -0.000157242 0.000380425 -0.018897 0.0912867 
0.00967466 -0.0179392 0.000127265 -0.000142536 -0.0179392 0.0887824 -0.000142536 0.000366522 0.000127265 -0.000142536 0.0104153 -0.0188912 -0.000142536 0.000366522 -0.0188912 0.0912284 
0.00967911 -0.0179329 9.17934e-05 -0.000122391 -0.0179329 0.0887923 -0.000119841 0.000298329 9.17934e-05 -0.000119841 0.0103956 -0.0188661 -0.000122391 0.000298329 -0.0188661 0.0911687 
0.00968338 -0.0179182 5.10054e-05 -9.94606e-05 -0.0179182 0.0887571 -9.69103e-05 0.000252477 5.10054e-05 -9.69103e-05 0.0103822 -0.0188516 -9.94606e-05 0.000252477 -0.0188516 0.0911518 
0.00967506 -0.01793 -2.55413e-06 -6.12992e-05 -0.01793 0.0887536 -4.85286e-05 0.000183898 -2.55413e-06 -4.85286e-05 0.0103723 -0.0188291 -6.12992e-05 0.000183898 -0.0188291 0.0910779 
0.00969178 -0.0179147 -3.56409e-05 -1.27289e-05 -0.0179147 0.088723 2.54578e-06 7.89192e-05 -3.56409e-05 2.54578e-06 0.0103537 -0.0188184 -1.27289e-05 7.89192e-05 -0.0188184 0.0910422 
0.00970273 -0.0179473 -1.5216e-05 3.2968e-05 -0.0179473 0.0887752 3.804e-05 -3.0432e-05 -1.5216e-05 3.804e-05 0.010357 -0.0187867 3.2968e-05 -3.0432e-05 -0.0187867 0.0909663 
0.00968326 -0.0179131 -5.08174e-06 4.06539e-05 -0.0179131 0.0886967 4.06539e-05 -0.000109257 -5.08174e-06 4.06539e-05 0.0103566 -0.0188177 4.06539e-05 -0.000109257 -0.0188177 0.091014 
0.00967135 -0.0179251 1.01804e-05 1.78156e-05 -0.0179251 0.0887194 1.27255e-05 -8.1443e-05 1.01804e-05 1.27255e-05 0.0103483 -0.0187879 1.78156e-05 -8.1443e-05 -0.0187879 0.0909794 
0.00965474 -0.0179164 6.37866e-05 -2.55146e-05 -0.0179164 0.0887195 -3.3169e-05 4.33749e-05 6.37866e-05 -3.3169e-05 0.0103385 -0.0187711 -2.55146e-05 4.33749e-05 -0.0187711 0.0909239 
0.00963566 -0.0178882 0.000104819 -7.92533e-05 -0.0178882 0.0886742 -9.20361e-05 0.000166176 0.000104819 -9.20361e-05 0.0103259 -0.0187626 -7.92533e-05 0.000166176 -0.0187626 0.0908779 
0.00964726 -0.0178805 8.45352e-05 -0.000102467 -0.0178805 0.0886518 -0.000112714 0.000217742 8.45352e-05 -0.000112714 0.0103056 -0.0187386 -0.000102467 0.000217742 -0.0187386 0.090819 
0.00966572 -0.0178613 3.57328e-05 -6.12562e-05 -0.0178613 0.0885867 -7.14656e-05 0.000155693 3.57328e-05 -7.14656e-05 0.0103013 -0.018747 -6.12562e-05 0.000155693 -0.018747 0.0908583 
0.00971645 -0.0179281 3.05549e-05 -3.81936e-05 -0.0179281 0.0887008 -3.81936e-05 0.000117127 3.05549e-05 -3.81936e-05 0.0102843 -0.0187123 -3.81936e-05 0.000117127 -0.0187123 0.0907862 
0.0097394 -0.0179988 3.56009e-05 -4.32297e-05 -0.0179988 0.0888854 -4.57726e-05 0.000109346 3.56009e-05 -4.57726e-05 0.0103014 -0.0186905 -4.32297e-05 0.000109346 -0.0186905 0.0907214 
0.00973443 -0.0180059 4.83414e-05 -6.10628e-05 -0.0180059 0.0889431 -6.10628e-05 0.00016029 4.83414e-05 -6.10628e-05 0.0103247 -0.0187336 -6.10628e-05 0.00016029 -0.0187336 0.0907877 
0.00971044 -0.0179766 4.83107e-05 -7.11946e-05 -0.0179766 0.088884 -7.11946e-05 0.0001907 4.83107e-05 -7.11946e-05 0.0103461 -0.0187725 -7.11946e-05 0.0001907 -0.0187725 0.0908876 
0.00968999 -0.017956 5.09463e-05 -6.87775e-05 -0.017956 0.0888377 -6.87775e-05 0.000191049 5.09463e-05 -6.87775e-05 0.0103548 -0.0187916 -6.87775e-05 0.000191049 -0.0187916 0.0909596 
0.00966978 -0.0179209 2.55611e-05 -6.90151e-05 -0.0179209 0.0887482 -7.15712e-05 0.000191708 2.55611e-05 -7.15712e-05 0.0103523 -0.0188155 -6.90151e-05 0.000191708 -0.0188155 0.0910155 
0.00964754 -0.0178917 4.09011e-05 -3.83447e-05 -0.0178917 0.088653 -3.57884e-05 0.000138041 4.09011e-05 -3.57884e-05 0.0103505 -0.0188017 -3.83447e-05 0.000138041 -0.0188017 0.0910151 
0.00964867 -0.0178647 2.29427e-05 -2.80411e-05 -0.0178647 0.0885868 -2.54919e-05 6.37297e-05 2.29427e-05 -2.54919e-05 0.0103522 -0.0188003 -2.80411e-05 6.37297e-05 -0.0188003 0.0910009 
0.0096717 -0.0178964 2.0308e-05 -3.80775e-05 -0.0178964 0.0886547 -3.0462e-05 7.86936e-05 2.0308e-05 -3.0462e-05 0.0103444 -0.0187697 -3.80775e-05 7.86936e-05 -0.0187697 0.0909317 
0.00968082 -0.0179279 1.26878e-05 -1.26878e-05 -0.0179279 0.0887312 -1.26878e-05 3.80635e-05 1.26878e-05 -1.26878e-05 0.0103457 -0.0187679 -1.26878e-05 3.80635e-05 -0.0187679 0.0908932 
0.00966296 -0.017948 -2.80677e-05 0 -0.017948 0.0887936 0 -7.65484e-06 -2.80677e-05 0 0.0103468 -0.0187646 0 -7.65484e-06 -0.0187646 0.0908706 
0.00966582 -0.0179245 -2.04297e-05 3.06446e-05 -0.0179245 0.0887953 3.5752e-05 -5.61818e-05 -2.04297e-05 3.5752e-05 0.0103349 -0.0187647 3.06446e-05 -5.61818e-05 -0.0187647 0.0908664 
0.00965809 -0.0179152 -4.86618e-05 5.37841e-05 -0.0179152 0.0887566 4.61007e-05 -0.000128057 -4.86618e-05 4.61007e-05 0.0103137 -0.0187476 5.37841e-05 -0.000128057 -0.0187476 0.0908337 
0.00964964 -0.0179076 -6.89442e-05 7.91582e-05 -0.0179076 0.0887261 7.91582e-05 -0.000186405 -6.89442e-05 7.91582e-05 0.0103238 -0.0187247 7.91582e-05 -0.000186405 -0.0187247 0.0907868 
0.0096379 -0.0178935 -8.92634e-05 8.41626e-05 -0.0178935 0.0886845 8.92634e-05 -0.000214232 -8.92634e-05 8.92634e-05 0.0103367 -0.0187326 8.41626e-05 -0.000214232 -0.0187326 0.090763 
0.00965208 -0.017885 -9.99021e-05 0.000105025 -0.017885 0.0886644 0.00011271 -0.000251036 -9.99021e-05 0.00011271 0.0103155 -0.0187406 0.000105025 -0.000251036 -0.0187406 0.0907752 
0.00962825 -0.0178188 -0.000107635 0.000128137 -0.0178188 0.0884456 0.0001307 -0.00030753 -0.000107635 0.0001307 0.0103176 -0.0187901 0.000128137 -0.00030753 -0.0187901 0.0909673 
0.00965635 -0.0178159 -7.67595e-05 0.000104905 -0.0178159 0.0883937 0.000112581 -0.000271217 -7.67595e-05 0.000112581 0.0102909 -0.0187779 0.000104905 -0.000271217 -0.0187779 0.0909754 
0.00968857 -0.0178803 -4.82018e-05 9.13298e-05 -0.0178803 0.0885138 9.38667e-05 -0.00024862 -4.82018e-05 9.38667e-05 0.0103 -0.0187251 9.13298e-05 -0.00024862 -0.0187251 0.0908833 
0.00971894 -0.017945 -4.06225e-05 5.07782e-05 -0.017945 0.0886942 5.5856e-05 -0.000165029 -4.06225e-05 5.5856e-05 0.0102851 -0.0187092 5.07782e-05 -0.000165029 -0.0187092 0.090766 
0.00971418 -0.0179957 -3.80352e-05 3.54995e-05 -0.0179957 0.0888628 3.54995e-05 -9.382e-05 -3.80352e-05 3.54995e-05 0.0102999 -0.0186879 3.54995e-05 -9.382e-05 -0.0186879 0.0907088 
0.00971047 -0.0179618 -6.35502e-05 6.60922e-05 -0.0179618 0.0888508 7.11762e-05 -0.00016523 -6.35502e-05 7.11762e-05 0.0102977 -0.018732 6.60922e-05 -0.00016523 -0.018732 0.0907751 
0.00969633 -0.0179539 -7.90808e-05 7.65298e-05 -0.0179539 0.0888205 7.90808e-05 -0.000186223 -7.90808e-05 7.90808e-05 0.0102984 -0.0187371 7.65298e-05 -0.000186223 -0.0187371 0.0908409 
0.00967832 -0.0179397 -9.46347e-05 8.69616e-05 -0.0179397 0.0887802 9.71924e-05 -0.000207173 -9.46347e-05 9.71924e-05 0.0102973 -0.0187326 8.69616e-05 -0.000207173 -0.0187326 0.0908442 
0.00966156 -0.0179312 -8.18777e-05 9.21124e-05 -0.0179312 0.0887784 9.4671e-05 -0.000199577 -8.18777e-05 9.4671e-05 0.0103191 -0.0187167 9.21124e-05 -0.000199577 -0.0187167 0.0907921 
0.00962072 -0.017863 -8.9507e-05 0.000107408 -0.017863 0.0886042 0.000104851 -0.000245505 -8.9507e-05 0.000104851 0.0103342 -0.0187581 0.000107408 -0.000245505 -0.0187581 0.0908496 
0.00962703 -0.0178547 -7.64657e-05 9.94054e-05 -0.0178547 0.0885702 9.68565e-05 -0.000226848 -7.64657e-05 9.68565e-05 0.0103407 -0.0187519 9.94054e-05 -0.000226848 -0.0187519 0.0908539 
