0.00755028 0 0.000406682 0 0 0.00999037 0 0 0.000406682 0 0.00713693 0 0 0 0 0.00999037 
0.0106074 -0.0131846 0.000483812 -0.000590312 -0.0131846 0.0344602 -0.000590312 0.00113194 0.000483812 -0.000590312 0.0101022 -0.0125578 -0.000590312 0.00113194 -0.0125578 0.0332552 
0.0105975 -0.0198807 0.000396747 -0.000582722 -0.0198807 0.0727782 -0.000582722 0.00181946 0.000396747 -0.000582722 0.0102162 -0.019112 -0.000582722 0.00181946 -0.019112 0.0703048 
0.0099566 -0.0193825 0.00041549 -0.000467047 -0.0193825 0.0865766 -0.000482211 0.00148606 0.00041549 -0.000482211 0.00963816 -0.0188639 -0.000467047 0.00148606 -0.0188639 0.0845568 
0.00992424 -0.0185436 0.000468477 -0.000479973 -0.0185436 0.0891083 -0.000500092 0.001187 0.000468477 -0.000500092 0.00963108 -0.018216 -0.000479973 0.001187 -0.018216 0.0880162 
0.0101079 -0.0184501 0.000492332 -0.000566594 -0.0184501 0.0897556 -0.000583097 0.00127346 0.000492332 -0.000583097 0.00974762 -0.0180677 -0.000566594 0.00127346 -0.0180677 0.088848 
0.0102354 -0.0185886 0.0005194 -0.000615783 -0.0185886 0.0902872 -0.00062917 0.00145111 0.0005194 -0.00062917 0.00979363 -0.0180933 -0.000615783 0.00145111 -0.0180933 0.089144 
0.0102732 -0.0186864 0.000519431 -0.000640107 -0.0186864 0.090625 -0.000645354 0.00155829 0.000519431 -0.000645354 0.00982198 -0.0180857 -0.000640107 0.00155829 -0.0180857 0.0891927 
0.0102805 -0.018723 0.000502684 -0.000618687 -0.018723 0.0907924 -0.000626421 0.00155187 0.000502684 -0.000626421 0.00985002 -0.0180631 -0.000618687 0.00155187 -0.0180631 0.0890858 
0.0102697 -0.0187238 0.000485866 -0.000608612 -0.0187238 0.0908187 -0.000608612 0.00152664 0.000485866 -0.000608612 0.0098682 -0.0180947 -0.000608612 0.00152664 -0.0180947 0.089067 
0.0102571 -0.0186875 0.000489162 -0.000585975 -0.0186875 0.0907319 -0.000585975 0.00147768 0.000489162 -0.000585975 0.00990044 -0.0181652 -0.000585975 0.00147768 -0.0181652 0.0892415 
0.010254 -0.0186527 0.000492397 -0.000578693 -0.0186527 0.0906239 -0.000571079 0.00142389 0.000492397 -0.000571079 0.00992916 -0.018239 -0.000578693 0.00142389 -0.018239 0.0894716 
0.0102209 -0.0186409 0.000507995 -0.000591814 -0.0186409 0.0905475 -0.000581654 0.00143 0.000507995 -0.000581654 0.00995161 -0.0182776 -0.000591814 0.00143 -0.0182776 0.089628 
0.0102181 -0.0186235 0.000513945 -0.000615215 -0.0186235 0.0905227 -0.000597493 0.00146335 0.000513945 -0.000597493 0.0099599 -0.0182969 -0.000615215 0.00146335 -0.0182969 0.0897353 
0.010212 -0.0185868 0.000510474 -0.000614085 -0.0185868 0.0904195 -0.000601449 0.0014733 0.000510474 -0.000601449 0.00997445 -0.0183442 -0.000614085 0.0014733 -0.0183442 0.0898585 
0.0102473 -0.0185837 0.000478376 -0.000604265 -0.0185837 0.0903804 -0.000599229 0.00145527 0.000478376 -0.000599229 0.00995526 -0.0183646 -0.000604265 0.00145527 -0.0183646 0.0899523 
0.0102548 -0.0186563 0.000446299 -0.000569851 -0.0186563 0.0905054 -0.000567329 0.00141706 0.000446299 -0.000567329 0.00992448 -0.0182932 -0.000569851 0.00141706 -0.0182932 0.0898196 
0.0102477 -0.0187017 0.000455955 -0.000546642 -0.0187017 0.0906922 -0.000546642 0.00136786 0.000455955 -0.000546642 0.00993025 -0.0182458 -0.000546642 0.00136786 -0.0182458 0.0896619 
0.0102456 -0.0186929 0.00044327 -0.000521346 -0.0186929 0.0907571 -0.000526383 0.00128951 0.00044327 -0.000526383 0.00994336 -0.0182597 -0.000521346 0.00128951 -0.0182597 0.0896388 
0.0102607 -0.018691 0.000418493 -0.000526898 -0.018691 0.0907727 -0.000526898 0.00127817 0.000418493 -0.000526898 0.00992031 -0.0182599 -0.000526898 0.00127817 -0.0182599 0.0896231 
0.0102766 -0.0187036 0.00042059 -0.000509268 -0.0187036 0.0907967 -0.000514336 0.00127444 0.00042059 -0.000514336 0.00987119 -0.0182298 -0.000509268 0.00127444 -0.0182298 0.0895755 
0.0102811 -0.0187454 0.000421815 -0.000487883 -0.0187454 0.090886 -0.000503129 0.00121717 0.000421815 -0.000503129 0.00982627 -0.0181457 -0.000487883 0.00121717 -0.0181457 0.0893817 
0.0102595 -0.0187117 0.000383843 -0.000495691 -0.0187117 0.0908437 -0.000503317 0.00120745 0.000383843 -0.000503317 0.00984519 -0.0181372 -0.000495691 0.00120745 -0.0181372 0.0893541 
0.0102485 -0.0186618 0.000348224 -0.000444812 -0.0186618 0.0907212 -0.00044227 0.00110567 0.000348224 -0.00044227 0.00987228 -0.0181839 -0.000444812 0.00110567 -0.0181839 0.0894275 
0.0102468 -0.0186555 0.00033859 -0.000412417 -0.0186555 0.0906529 -0.000420055 0.00103613 0.00033859 -0.000420055 0.00985474 -0.0181871 -0.000412417 0.00103613 -0.0181871 0.089436 
0.010259 -0.0186659 0.00036839 -0.000426824 -0.0186659 0.0906594 -0.000426824 0.00104673 0.00036839 -0.000426824 0.00983219 -0.0181553 -0.000426824 0.00104673 -0.0181553 0.0893789 
0.0102425 -0.0186546 0.000371159 -0.000447425 -0.0186546 0.090601 -0.000447425 0.00107789 0.000371159 -0.000447425 0.00983572 -0.0181461 -0.000447425 0.00107789 -0.0181461 0.0893655 
0.0102465 -0.0186291 0.00038345 -0.000444396 -0.0186291 0.0905349 -0.000441857 0.00107925 0.00038345 -0.000441857 0.00983004 -0.0181618 -0.000444396 0.00107925 -0.0181618 0.0894023 
0.0102524 -0.0186357 0.000396179 -0.00045967 -0.0186357 0.0905422 -0.000464749 0.00111997 0.000396179 -0.000464749 0.00984607 -0.0181684 -0.00045967 0.00111997 -0.0181684 0.0894477 
0.0102462 -0.0186875 0.000404755 -0.000470942 -0.0186875 0.0906601 -0.000478579 0.00115317 0.000404755 -0.000478579 0.00984904 -0.0181351 -0.000470942 0.00115317 -0.0181351 0.0893465 
0.0102135 -0.0186262 0.000404974 -0.000489025 -0.0186262 0.0905817 -0.000491572 0.001192 0.000404974 -0.000491572 0.00988493 -0.0181882 -0.000489025 0.001192 -0.0181882 0.0894381 
0.0101922 -0.0186233 0.000384852 -0.000481702 -0.0186233 0.0905523 -0.000481702 0.00117749 0.000384852 -0.000481702 0.00988381 -0.0181823 -0.000481702 0.00117749 -0.0181823 0.0894232 
0.0101803 -0.0185862 0.000366582 -0.00045059 -0.0185862 0.0904643 -0.000445499 0.00110484 0.000366582 -0.000445499 0.00987735 -0.0181891 -0.00045059 0.00110484 -0.0181891 0.0894205 
0.0101751 -0.0185881 0.000349372 -0.000428427 -0.0185881 0.0904542 -0.000425877 0.00104302 0.000349372 -0.000425877 0.00985382 -0.0181495 -0.000428427 0.00104302 -0.0181495 0.0893398 
0.010188 -0.018569 0.000337571 -0.000416253 -0.018569 0.0904158 -0.000416253 0.00101271 0.000337571 -0.000416253 0.00984794 -0.0181451 -0.000416253 0.00101271 -0.0181451 0.0893244 
0.010173 -0.0185562 0.000332085 -0.000408135 -0.0185562 0.0903627 -0.000403065 0.000998791 0.000332085 -0.000403065 0.00988397 -0.018176 -0.000408135 0.000998791 -0.018176 0.0894019 
0.0101514 -0.0185533 0.00037127 -0.000424672 -0.0185533 0.0903432 -0.0004145 0.00102735 0.00037127 -0.0004145 0.00989205 -0.0181998 -0.000424672 0.00102735 -0.0181998 0.0894404 
0.0101343 -0.0185325 0.000407307 -0.00045822 -0.0185325 0.090328 -0.000455675 0.00109464 0.000407307 -0.000455675 0.00990774 -0.0182117 -0.00045822 0.00109464 -0.0182117 0.0894854 
0.010125 -0.0184975 0.000426021 -0.000492348 -0.0184975 0.0902451 -0.000484695 0.00116837 0.000426021 -0.000484695 0.00990309 -0.0182424 -0.000492348 0.00116837 -0.0182424 0.0895691 
0.0101184 -0.0184808 0.000435808 -0.000512715 -0.0184808 0.0901661 -0.000507588 0.00122539 0.000435808 -0.000507588 0.00987746 -0.0182347 -0.000512715 0.00122539 -0.0182347 0.0895765 
0.0101234 -0.018487 0.000425223 -0.000530248 -0.018487 0.0901499 -0.00053281 0.00129872 0.000425223 -0.00053281 0.00986211 -0.0181898 -0.000530248 0.00129872 -0.0181898 0.089507 
0.0101117 -0.0184622 0.000435187 -0.000509424 -0.0184622 0.0901016 -0.000519664 0.00128764 0.000435187 -0.000519664 0.00988386 -0.0181934 -0.000509424 0.00128764 -0.0181934 0.0895051 
0.0101291 -0.0184888 0.000423214 -0.000499698 -0.0184888 0.0901496 -0.000507346 0.00124415 0.000423214 -0.000507346 0.00988688 -0.0181829 -0.000499698 0.00124415 -0.0181829 0.0894485 
0.0101481 -0.0185408 0.000422306 -0.000498626 -0.0185408 0.0902793 -0.000496082 0.00122621 0.000422306 -0.000496082 0.00989112 -0.0181693 -0.000498626 0.00122621 -0.0181693 0.0893788 
0.0101589 -0.0185251 0.000442467 -0.000508582 -0.0185251 0.0902835 -0.000508582 0.00124094 0.000442467 -0.000508582 0.00990718 -0.0182225 -0.000508582 0.00124094 -0.0182225 0.0894901 
0.0101683 -0.0185346 0.000471411 -0.000542376 -0.0185346 0.0902981 -0.000542376 0.00131032 0.000471411 -0.000542376 0.00990977 -0.0182406 -0.000542376 0.00131032 -0.0182406 0.0895656 
0.0101944 -0.0185733 0.000463384 -0.000557073 -0.0185733 0.0903877 -0.000557073 0.00134964 0.000463384 -0.000557073 0.00990831 -0.018234 -0.000557073 0.00134964 -0.018234 0.0895774 
0.0102124 -0.0185821 0.000473237 -0.000556305 -0.0185821 0.090421 -0.000558822 0.00137188 0.000473237 -0.000558822 0.00994049 -0.01827 -0.000556305 0.00137188 -0.01827 0.0896658 
0.0102373 -0.0186408 0.000449024 -0.000561908 -0.0186408 0.09056 -0.000559399 0.00137467 0.000449024 -0.000559399 0.00996132 -0.0182846 -0.000561908 0.00137467 -0.0182846 0.0896995 
0.0102149 -0.018644 0.000456516 -0.000559926 -0.018644 0.0905895 -0.000562448 0.00140234 0.000456516 -0.000562448 0.00997274 -0.0183212 -0.000559926 0.00140234 -0.0183212 0.0897899 
0.0101869 -0.0186243 0.000443678 -0.000552696 -0.0186243 0.090589 -0.000557767 0.00138935 0.000443678 -0.000557767 0.00995107 -0.01831 -0.000552696 0.00138935 -0.01831 0.0897802 
0.0102048 -0.0185901 0.000437712 -0.000531872 -0.0185901 0.0904996 -0.000542051 0.0013564 0.000437712 -0.000542051 0.00989179 -0.0182974 -0.000531872 0.0013564 -0.0182974 0.0897616 
0.0102338 -0.018594 0.00045314 -0.000521874 -0.018594 0.0904752 -0.000526966 0.00131614 0.00045314 -0.000526966 0.00986215 -0.018235 -0.000521874 0.00131614 -0.018235 0.0896758 
0.0102325 -0.0186263 0.000453307 -0.000539894 -0.0186263 0.0905162 -0.00054244 0.00132172 0.000453307 -0.00054244 0.0098556 -0.0181883 -0.000539894 0.00132172 -0.0181883 0.0895434 
0.0102146 -0.0186427 0.000440239 -0.000549663 -0.0186427 0.0905697 -0.000552208 0.00135126 0.000440239 -0.000552208 0.00987103 -0.0181643 -0.000549663 0.00135126 -0.0181643 0.0894271 
0.0101898 -0.0186269 0.000471276 -0.000550247 -0.0186269 0.090564 -0.000550247 0.00138071 0.000471276 -0.000550247 0.00987642 -0.0181658 -0.000550247 0.00138071 -0.0181658 0.0893667 
0.0101687 -0.0185723 0.000464752 -0.000571417 -0.0185723 0.090454 -0.000566338 0.00140188 0.000464752 -0.000566338 0.0098944 -0.0181939 -0.000571417 0.00140188 -0.0181939 0.0894255 
0.0101597 -0.0185335 0.000462264 -0.000565831 -0.0185335 0.0903309 -0.000560779 0.0013969 0.000462264 -0.000560779 0.00992983 -0.0182506 -0.000565831 0.0013969 -0.0182506 0.089568 
0.010189 -0.0185684 0.00044737 -0.000535336 -0.0185684 0.0903939 -0.000532823 0.00132452 0.00044737 -0.000532823 0.0099477 -0.0182567 -0.000535336 0.00132452 -0.0182567 0.0895971 
0.0102022 -0.0186286 0.000449578 -0.000519903 -0.0186286 0.090541 -0.00051488 0.00126585 0.000449578 -0.00051488 0.00994346 -0.0182468 -0.000519903 0.00126585 -0.0182468 0.0895665 
0.0101907 -0.0186382 0.000441438 -0.000526716 -0.0186382 0.0906127 -0.000521699 0.00125158 0.000441438 -0.000521699 0.00996998 -0.0182645 -0.000526716 0.00125158 -0.0182645 0.0896119 
0.0101434 -0.0185827 0.000424734 -0.000535316 -0.0185827 0.0905061 -0.000532803 0.00128174 0.000424734 -0.000532803 0.0100102 -0.0183415 -0.000535316 0.00128174 -0.0183415 0.0897948 
0.0101041 -0.0185002 0.000429532 -0.000523018 -0.0185002 0.0903002 -0.000520491 0.00129617 0.000429532 -0.000520491 0.0100131 -0.0184067 -0.000523018 0.00129617 -0.0184067 0.0899843 
0.0101007 -0.0184643 0.000415269 -0.000534279 -0.0184643 0.0901716 -0.000536811 0.0013319 0.000415269 -0.000536811 0.00998671 -0.0183959 -0.000534279 0.0013319 -0.0183959 0.0900399 
0.0101079 -0.01846 0.000404011 -0.000515812 -0.01846 0.0901249 -0.000525976 0.00133654 0.000404011 -0.000525976 0.00995035 -0.0183533 -0.000515812 0.00133654 -0.0183533 0.0899521 
0.0101091 -0.0184693 0.000399681 -0.000481145 -0.0184693 0.0901243 -0.000493874 0.00124741 0.000399681 -0.000493874 0.0099233 -0.0182962 -0.000481145 0.00124741 -0.0182962 0.0898265 
0.0101046 -0.0184872 0.000388343 -0.000490538 -0.0184872 0.0901772 -0.000490538 0.0012289 0.000388343 -0.000490538 0.00989252 -0.0182317 -0.000490538 0.0012289 -0.0182317 0.0896203 
0.0100979 -0.0184863 0.000386412 -0.000486213 -0.0184863 0.0901977 -0.000491331 0.00124112 0.000386412 -0.000491331 0.00985222 -0.0181613 -0.000486213 0.00124112 -0.0181613 0.0894018 
0.0100935 -0.0184826 0.000375631 -0.0004574 -0.0184826 0.0901948 -0.000465066 0.00117289 0.000375631 -0.000465066 0.0098405 -0.0181248 -0.0004574 0.00117289 -0.0181248 0.0892646 
0.0100914 -0.018452 0.00038548 -0.000446749 -0.018452 0.0901207 -0.000446749 0.0011156 0.00038548 -0.000446749 0.00983869 -0.0181227 -0.000446749 0.0011156 -0.0181227 0.0892323 
0.0100782 -0.0184468 0.000378187 -0.00044207 -0.0184468 0.0900672 -0.000439514 0.00106557 0.000378187 -0.000439514 0.0098533 -0.0181325 -0.00044207 0.00106557 -0.0181325 0.0892649 
0.0100629 -0.0184204 0.000373837 -0.000455773 -0.0184204 0.0899999 -0.000448092 0.0010831 0.000373837 -0.000448092 0.0098657 -0.0181567 -0.000455773 0.0010831 -0.0181567 0.0893137 
0.0100315 -0.0183846 0.000382371 -0.000459358 -0.0183846 0.0899059 -0.000446527 0.00110862 0.000382371 -0.000446527 0.00985439 -0.0181562 -0.000459358 0.00110862 -0.0181562 0.0893311 
0.0100229 -0.0183654 0.000398243 -0.000470183 -0.0183654 0.0898461 -0.000459906 0.00113306 0.000398243 -0.000459906 0.00985072 -0.018147 -0.000470183 0.00113306 -0.018147 0.0893014 
0.0100167 -0.0183036 0.000372129 -0.000485051 -0.0183036 0.0896907 -0.000477351 0.00117285 0.000372129 -0.000477351 0.00983447 -0.0181702 -0.000485051 0.00117285 -0.0181702 0.0893648 
0.0100208 -0.0183085 0.000336855 -0.00043714 -0.0183085 0.0896421 -0.000439712 0.00111085 0.000336855 -0.000439712 0.00984338 -0.0181645 -0.00043714 0.00111085 -0.0181645 0.0894055 
0.0100611 -0.0183393 0.000333488 -0.00039249 -0.0183393 0.0897109 -0.000405316 0.00102355 0.000333488 -0.000405316 0.00982251 -0.0181469 -0.00039249 0.00102355 -0.0181469 0.0893543 
0.0100925 -0.0184083 0.000345108 -0.000403904 -0.0184083 0.0898712 -0.000414129 0.00101743 0.000345108 -0.000414129 0.00982663 -0.0181118 -0.000403904 0.00101743 -0.0181118 0.089273 
0.0101034 -0.0184679 0.000345219 -0.000409149 -0.0184679 0.0900587 -0.000414263 0.00100241 0.000345219 -0.000414263 0.00984769 -0.0181074 -0.000409149 0.00100241 -0.0181074 0.0892123 
0.0100648 -0.0184649 0.00035707 -0.000431567 -0.0184649 0.0901076 -0.000436705 0.00106094 0.00035707 -0.000436705 0.00985668 -0.0181284 -0.000431567 0.00106094 -0.0181284 0.0892162 
0.0100467 -0.0184103 0.000387397 -0.000456667 -0.0184103 0.0900198 -0.000459232 0.0011314 0.000387397 -0.000459232 0.00986451 -0.0181538 -0.000456667 0.0011314 -0.0181538 0.0892783 
0.0100798 -0.018408 0.00034264 -0.000460263 -0.018408 0.0899967 -0.000457706 0.00112509 0.00034264 -0.000457706 0.00983939 -0.018142 -0.000460263 0.00112509 -0.018142 0.0892654 
0.0100721 -0.0184339 0.000345636 -0.000417324 -0.0184339 0.0900062 -0.000414764 0.00107019 0.000345636 -0.000414764 0.00982631 -0.0181139 -0.000417324 0.00107019 -0.0181139 0.0892049 
0.0100537 -0.0184394 0.000392 -0.000422745 -0.0184394 0.0900319 -0.000422745 0.00105558 0.000392 -0.000422745 0.00983587 -0.0180935 -0.000422745 0.00105558 -0.0180935 0.0891429 
0.0100324 -0.0184029 0.000388021 -0.000467157 -0.0184029 0.0899776 -0.000467157 0.00110535 0.000388021 -0.000467157 0.00986646 -0.018117 -0.000467157 0.00110535 -0.018117 0.0891836 
0.0100253 -0.0183796 0.000368763 -0.000465404 -0.0183796 0.0899246 -0.000462861 0.00113935 0.000368763 -0.000462861 0.00989809 -0.0181635 -0.000465404 0.00113935 -0.0181635 0.0892914 
0.0100008 -0.0183378 0.000353089 -0.000454698 -0.0183378 0.0897965 -0.000447077 0.00113547 0.000353089 -0.000447077 0.00995001 -0.0182438 -0.000454698 0.00113547 -0.0182438 0.0894993 
0.00998637 -0.0183134 0.000359938 -0.00045439 -0.0183134 0.0897114 -0.000444179 0.00114619 0.000359938 -0.000444179 0.00992765 -0.0182701 -0.00045439 0.00114619 -0.0182701 0.0895889 
0.00998889 -0.0183087 0.000381431 -0.00044799 -0.0183087 0.0896773 -0.00044543 0.00112381 0.000381431 -0.00044543 0.00987881 -0.0182345 -0.00044799 0.00112381 -0.0182345 0.0895467 
0.00999549 -0.0182986 0.000382075 -0.000456438 -0.0182986 0.0896517 -0.000459003 0.00111545 0.000382075 -0.000459003 0.00985702 -0.018196 -0.000456438 0.00111545 -0.018196 0.0894876 
0.00999011 -0.0183066 0.000360468 -0.000484057 -0.0183066 0.0896432 -0.000484057 0.00118954 0.000360468 -0.000484057 0.00983305 -0.0181521 -0.000484057 0.00118954 -0.0181521 0.0893729 
0.00998515 -0.0183057 0.000349905 -0.000442527 -0.0183057 0.0896528 -0.0004451 0.00114234 0.000349905 -0.0004451 0.00982821 -0.0181127 -0.000442527 0.00114234 -0.0181127 0.0892644 
0.00996213 -0.0182892 0.000329072 -0.00041134 -0.0182892 0.0896309 -0.00041134 0.00104635 0.000329072 -0.00041134 0.00985158 -0.0181092 -0.00041134 0.00104635 -0.0181092 0.0892067 
0.00992978 -0.0182491 0.000318493 -0.000416095 -0.0182491 0.0895478 -0.000410958 0.00104794 0.000318493 -0.000410958 0.00987327 -0.0181387 -0.000416095 0.00104794 -0.0181387 0.0892421 
0.00993053 -0.0182352 0.000319509 -0.000404539 -0.0182352 0.0895165 -0.000394232 0.00102037 0.000319509 -0.000394232 0.00985323 -0.0181398 -0.000404539 0.00102037 -0.0181398 0.0892202 
0.00992525 -0.0182153 0.000326012 -0.000408809 -0.0182153 0.0894437 -0.000401046 0.00101426 0.000326012 -0.000401046 0.00981399 -0.0181195 -0.000408809 0.00101426 -0.0181195 0.0891798 
0.00993253 -0.0182269 0.000312653 -0.000400505 -0.0182269 0.08946 -0.000405673 0.00101289 0.000312653 -0.000405673 0.00979559 -0.0180615 -0.000400505 0.00101289 -0.0180615 0.0890776 
0.0099562 -0.0182582 0.000304045 -0.000368462 -0.0182582 0.0895362 -0.000371038 0.000940479 0.000304045 -0.000371038 0.00977841 -0.0180237 -0.000368462 0.000940479 -0.0180237 0.0889358 
0.00995201 -0.0182659 0.000282874 -0.000367736 -0.0182659 0.0895604 -0.000378022 0.00092834 0.000282874 -0.000378022 0.00979 -0.0180165 -0.000367736 0.00092834 -0.0180165 0.0888841 
0.0099378 -0.0182485 0.000286221 -0.000350685 -0.0182485 0.0895253 -0.000363578 0.000907656 0.000286221 -0.000363578 0.00979856 -0.0180448 -0.000350685 0.000907656 -0.0180448 0.0889452 
0.00993694 -0.0182315 0.00029439 -0.000346037 -0.0182315 0.0894893 -0.000353784 0.000878004 0.00029439 -0.000353784 0.00979233 -0.0180559 -0.000346037 0.000878004 -0.0180559 0.0889909 
0.00995738 -0.0182157 0.000301661 -0.00034807 -0.0182157 0.0894411 -0.000358383 0.000871464 0.000301661 -0.000358383 0.00978206 -0.0180713 -0.00034807 0.000871464 -0.0180713 0.0890544 
0.00996286 -0.0182403 0.000309726 -0.000374252 -0.0182403 0.0894489 -0.000381996 0.000924016 0.000309726 -0.000381996 0.00977186 -0.0180545 -0.000374252 0.000924016 -0.0180545 0.0890385 
0.00995295 -0.0182436 0.000309739 -0.000382011 -0.0182436 0.0894629 -0.000382011 0.000952447 0.000309739 -0.000382011 0.00978001 -0.0180449 -0.000382011 0.000952447 -0.0180449 0.0890241 
0.00998252 -0.0182845 0.000291254 -0.000378887 -0.0182845 0.0895979 -0.000373733 0.000943352 0.000291254 -0.000373733 0.00976602 -0.0180139 -0.000378887 0.000943352 -0.0180139 0.0889148 
0.00997547 -0.0182738 0.000278242 -0.000355531 -0.0182738 0.0895886 -0.000355531 0.000909438 0.000278242 -0.000355531 0.00978998 -0.0180316 -0.000355531 0.000909438 -0.0180316 0.0889574 
0.00997193 -0.0182767 0.000295865 -0.000342174 -0.0182767 0.0895827 -0.00034732 0.000872158 0.000295865 -0.00034732 0.00979699 -0.0180503 -0.000342174 0.000872158 -0.0180503 0.0889859 
0.0099771 -0.0182781 0.000325982 -0.000369617 -0.0182781 0.0895963 -0.000367051 0.000898376 0.000325982 -0.000367051 0.00980513 -0.0180574 -0.000369617 0.000898376 -0.0180574 0.0890111 
0.00998959 -0.0182985 0.000319769 -0.000391397 -0.0182985 0.0896633 -0.000388839 0.00092861 0.000319769 -0.000388839 0.00981052 -0.0180529 -0.000391397 0.00092861 -0.0180529 0.0889982 
0.00998032 -0.0182947 0.000301969 -0.000394095 -0.0182947 0.089654 -0.000388977 0.000959646 0.000301969 -0.000388977 0.00982934 -0.01809 -0.000394095 0.000959646 -0.01809 0.0890884 
0.00996953 -0.0182766 0.000285211 -0.000387989 -0.0182766 0.0895947 -0.00038285 0.000981536 0.000285211 -0.00038285 0.00981279 -0.0181122 -0.000387989 0.000981536 -0.0181122 0.0891476 
0.00997667 -0.0182695 0.000283209 -0.000360448 -0.0182695 0.0895661 -0.000350149 0.000919141 0.000283209 -0.000350149 0.00978358 -0.0180893 -0.000360448 0.000919141 -0.0180893 0.0891413 
0.00996882 -0.0182805 0.000296845 -0.000351051 -0.0182805 0.0895826 -0.000343307 0.00088279 0.000296845 -0.000343307 0.00977264 -0.0180559 -0.000351051 0.00088279 -0.0180559 0.0890741 
0.009944 -0.0182573 0.000290655 -0.000362676 -0.0182573 0.0895295 -0.00036782 0.00088997 0.000290655 -0.00036782 0.00980253 -0.0180489 -0.000362676 0.00088997 -0.0180489 0.0890562 
0.0099599 -0.0182465 0.000285303 -0.000377834 -0.0182465 0.0895055 -0.000380404 0.00095358 0.000285303 -0.000380404 0.00978769 -0.0180589 -0.000377834 0.00095358 -0.0180589 0.0890274 
0.00993068 -0.0182329 0.000286909 -0.000369622 -0.0182329 0.089451 -0.000382546 0.000961533 0.000286909 -0.000382546 0.00978334 -0.0180546 -0.000369622 0.000961533 -0.0180546 0.0890271 
0.00993359 -0.0182353 0.000266795 -0.00032119 -0.0182353 0.0894696 -0.000331551 0.00084442 0.000266795 -0.000331551 0.00976781 -0.0180203 -0.00032119 0.00084442 -0.0180203 0.0889568 
0.00992481 -0.0182158 0.000264109 -0.000315895 -0.0182158 0.0894372 -0.000323663 0.000805274 0.000264109 -0.000323663 0.00976945 -0.0180164 -0.000315895 0.000805274 -0.0180164 0.0889271 
0.00994385 -0.0182394 0.00024064 -0.000318265 -0.0182394 0.0894843 -0.000326028 0.00079437 0.00024064 -0.000326028 0.00974979 -0.0179833 -0.000318265 0.00079437 -0.0179833 0.0888297 
0.00995495 -0.0182404 0.000224839 -0.00030237 -0.0182404 0.0894835 -0.000310123 0.000790814 0.000224839 -0.000310123 0.00975337 -0.0179949 -0.00030237 0.000790814 -0.0179949 0.0888374 
0.00997589 -0.0182457 0.000203906 -0.000281338 -0.0182457 0.089494 -0.000281338 0.000735609 0.000203906 -0.000281338 0.00976424 -0.0180186 -0.000281338 0.000735609 -0.0180186 0.0889132 
0.00997817 -0.0182607 0.00024997 -0.000270586 -0.0182607 0.0895046 -0.000273163 0.000721562 0.00024997 -0.000273163 0.00978747 -0.0180339 -0.000270586 0.000721562 -0.0180339 0.0889789 
0.00995904 -0.0182874 0.000298823 -0.000311703 -0.0182874 0.0895901 -0.000311703 0.000757361 0.000298823 -0.000311703 0.00980705 -0.0180324 -0.000311703 0.000757361 -0.0180324 0.0889616 
0.00997075 -0.0182599 0.000314649 -0.000358493 -0.0182599 0.089564 -0.000353335 0.000838204 0.000314649 -0.000353335 0.00979538 -0.0180742 -0.000358493 0.000838204 -0.0180742 0.0890353 
0.00999982 -0.0182871 0.000337362 -0.000375991 -0.0182871 0.0896018 -0.000373416 0.000901349 0.000337362 -0.000373416 0.00977577 -0.0180579 -0.000375991 0.000901349 -0.0180579 0.0890301 
0.0100235 -0.0183265 0.00032822 -0.00041284 -0.0183265 0.0896836 -0.000407711 0.000982097 0.00032822 -0.000407711 0.00977481 -0.0180265 -0.00041284 0.000982097 -0.0180265 0.0889836 
0.0100393 -0.0183367 0.00031509 -0.000417558 -0.0183367 0.0897212 -0.000407311 0.00103493 0.00031509 -0.000407311 0.00977034 -0.0180395 -0.000417558 0.00103493 -0.0180395 0.0889988 
0.0100507 -0.0183703 0.000312883 -0.000382128 -0.0183703 0.0897949 -0.000379563 0.000974554 0.000312883 -0.000379563 0.00976862 -0.0180344 -0.000382128 0.000974554 -0.0180344 0.0889896 
0.0100496 -0.0183811 0.000300027 -0.000379521 -0.0183811 0.0898568 -0.000376957 0.000943674 0.000300027 -0.000376957 0.0097778 -0.0180401 -0.000379521 0.000943674 -0.0180401 0.0890157 
0.0100339 -0.0183815 0.000296847 -0.00036594 -0.0183815 0.0898755 -0.000373617 0.000926367 0.000296847 -0.000373617 0.00982409 -0.0180718 -0.00036594 0.000926367 -0.0180718 0.0890873 
0.0100279 -0.0183709 0.000338504 -0.000366501 -0.0183709 0.0898843 -0.000371591 0.000923887 0.000338504 -0.000371591 0.0098828 -0.018124 -0.000366501 0.000923887 -0.018124 0.0892022 
0.0100076 -0.0183752 0.000364143 -0.000425258 -0.0183752 0.0898847 -0.000430351 0.00102877 0.000364143 -0.000430351 0.00991589 -0.018174 -0.000425258 0.00102877 -0.018174 0.0893143 
0.0100084 -0.0183462 0.000355072 -0.000449587 -0.0183462 0.089846 -0.000449587 0.00110098 0.000355072 -0.000449587 0.00990881 -0.0182262 -0.000449587 0.00110098 -0.0182262 0.0894449 
0.0100325 -0.0183291 0.00035484 -0.000426318 -0.0183291 0.0897872 -0.000428871 0.00108239 0.00035484 -0.000428871 0.00989212 -0.0182449 -0.000426318 0.00108239 -0.0182449 0.0895575 
0.0100759 -0.01837 0.000370158 -0.000436531 -0.01837 0.0898334 -0.000436531 0.00108239 0.000370158 -0.000436531 0.00986151 -0.0182169 -0.000436531 0.00108239 -0.0182169 0.0895373 
0.0101138 -0.0184278 0.000343659 -0.000442939 -0.0184278 0.0899751 -0.00044803 0.00108953 0.000343659 -0.00044803 0.00985156 -0.0181707 -0.000442939 0.00108953 -0.0181707 0.089443 
0.0101274 -0.0184901 0.000308126 -0.000402346 -0.0184901 0.0901306 -0.000409985 0.00103133 0.000308126 -0.000409985 0.00985238 -0.0181412 -0.000402346 0.00103133 -0.0181412 0.089359 
0.010141 -0.0185458 0.000334458 -0.000372754 -0.0185458 0.0903112 -0.000380414 0.000972735 0.000334458 -0.000380414 0.00983203 -0.0181143 -0.000372754 0.000972735 -0.0181143 0.0892287 
0.010148 -0.0185481 0.000359786 -0.000413371 -0.0185481 0.0903751 -0.000418474 0.00100281 0.000359786 -0.000418474 0.00983414 -0.0181118 -0.000413371 0.00100281 -0.0181118 0.0891886 
0.0101403 -0.0185608 0.00036744 -0.000441438 -0.0185608 0.0904157 -0.000436335 0.00106149 0.00036744 -0.000436335 0.00982901 -0.0180811 -0.000441438 0.00106149 -0.0180811 0.0891143 
0.0101198 -0.0185056 0.000397006 -0.000450794 -0.0185056 0.0902946 -0.000445672 0.00109881 0.000397006 -0.000445672 0.00982527 -0.0181189 -0.000450794 0.00109881 -0.0181189 0.089183 
0.0101056 -0.0184797 0.000406064 -0.000472464 -0.0184797 0.0901947 -0.000472464 0.00112881 0.000406064 -0.000472464 0.00984003 -0.0181196 -0.000472464 0.00112881 -0.0181196 0.0892345 
0.0100975 -0.0184313 0.000379739 -0.000479133 -0.0184313 0.0900491 -0.000484231 0.00115196 0.000379739 -0.000484231 0.00986556 -0.0181841 -0.000479133 0.00115196 -0.0181841 0.0893915 
0.010088 -0.0184305 0.000356735 -0.000451015 -0.0184305 0.0899839 -0.000456111 0.00112372 0.000356735 -0.000456111 0.00988411 -0.018196 -0.000451015 0.00112372 -0.018196 0.0894539 
0.0100652 -0.0184554 0.000321719 -0.000428959 -0.0184554 0.0900456 -0.000428959 0.00107495 0.000321719 -0.000428959 0.00987882 -0.0181644 -0.000428959 0.00107495 -0.0181644 0.0893741 
0.0100434 -0.0184484 0.000330258 -0.000399381 -0.0184484 0.0900887 -0.000394261 0.00101893 0.000330258 -0.000394261 0.00986677 -0.0181335 -0.000399381 0.00101893 -0.0181335 0.0892541 
0.00999785 -0.0183773 0.000323173 -0.000400119 -0.0183773 0.0899421 -0.000397554 0.000984908 0.000323173 -0.000397554 0.00988243 -0.0181644 -0.000400119 0.000984908 -0.0181644 0.0892881 
0.0100006 -0.0183392 0.000320616 -0.000392433 -0.0183392 0.0898288 -0.000392433 0.000979801 0.000320616 -0.000392433 0.00987496 -0.0181699 -0.000392433 0.000979801 -0.0181699 0.0893235 
0.0100001 -0.0182924 0.000300002 -0.000384617 -0.0182924 0.0896748 -0.000382053 0.00094103 0.000300002 -0.000382053 0.00987185 -0.0182027 -0.000384617 0.00094103 -0.0182027 0.0894364 
0.0100135 -0.0183226 0.000279363 -0.000340874 -0.0183226 0.0896987 -0.000340874 0.000850905 0.000279363 -0.000340874 0.00987767 -0.0181791 -0.000340874 0.000850905 -0.0181791 0.0894219 
