0.00725209 0 -0.000429979 0 0 0.00998771 0 0 -0.000429979 0 0.00739768 0 0 0 0 0.00998771 
0.0102505 -0.0127268 -0.000508824 0.000635259 -0.0127268 0.0335947 0.000635259 -0.00121193 -0.000508824 0.000635259 0.0104078 -0.0129272 0.000635259 -0.00121193 -0.0129272 0.0339802 
0.0103553 -0.0193248 -0.000384228 0.000677123 -0.0193248 0.070953 0.000677123 -0.00216364 -0.000384228 0.000677123 0.0103804 -0.0195169 0.000677123 -0.00216364 -0.0195169 0.0716081 
0.00980556 -0.0189833 -0.000321494 0.000485273 -0.0189833 0.0849016 0.000491339 -0.00175002 -0.000321494 0.000491339 0.00977826 -0.0191228 0.000485273 -0.00175002 -0.0191228 0.0856659 
0.00978156 -0.0182843 -0.000380202 0.000403244 -0.0182843 0.0880081 0.000429167 -0.00119533 -0.000380202 0.000429167 0.00975563 -0.0183966 0.000403244 -0.00119533 -0.0183966 0.0886043 
0.00994204 -0.0182653 -0.000428179 0.000480666 -0.0182653 0.0891386 0.000502765 -0.00112432 -0.000428179 0.000502765 0.00989232 -0.0182239 0.000480666 -0.00112432 -0.0182239 0.0891966 
0.0100336 -0.0183708 -0.000431465 0.000533302 -0.0183708 0.0897394 0.000549381 -0.0012542 -0.000431465 0.000549381 0.0100121 -0.0183011 0.000533302 -0.0012542 -0.0183011 0.0895733 
0.0100525 -0.0183919 -0.000430858 0.000545061 -0.0183919 0.0899195 0.000555443 -0.00135227 -0.000430858 0.000555443 0.0101174 -0.0183997 0.000545061 -0.00135227 -0.0183997 0.0898831 
0.0100315 -0.0183323 -0.000444823 0.000564976 -0.0183323 0.0897775 0.000572645 -0.00144695 -0.000444823 0.000572645 0.0101517 -0.0185189 0.000564976 -0.00144695 -0.0185189 0.0901635 
0.0100696 -0.018373 -0.000426334 0.000540531 -0.018373 0.0898449 0.000543069 -0.00138812 -0.000426334 0.000543069 0.0101254 -0.0185176 0.000540531 -0.00138812 -0.0185176 0.0902052 
0.0100805 -0.0184336 -0.000418542 0.000535226 -0.0184336 0.0899915 0.000532689 -0.00136216 -0.000418542 0.000532689 0.0101033 -0.0184767 0.000535226 -0.00136216 -0.0184767 0.0901336 
0.0100667 -0.0184523 -0.000418391 0.000529962 -0.0184523 0.0900859 0.000522355 -0.00134646 -0.000418391 0.000522355 0.0100997 -0.0184599 0.000529962 -0.00134646 -0.0184599 0.0900707 
0.0100427 -0.018429 -0.000414735 0.000521599 -0.018429 0.0900789 0.000513966 -0.00130527 -0.000414735 0.000513966 0.0100936 -0.0184621 0.000521599 -0.00130527 -0.0184621 0.0900891 
0.0100243 -0.0184012 -0.000394657 0.000491412 -0.0184012 0.09002 0.000486319 -0.00120689 -0.000394657 0.000486319 0.0101261 -0.0184878 0.000491412 -0.00120689 -0.0184878 0.090183 
0.0100229 -0.0183686 -0.00038236 0.000471578 -0.0183686 0.0899388 0.000471578 -0.00116747 -0.00038236 0.000471578 0.0101351 -0.0185241 0.000471578 -0.00116747 -0.0185241 0.0902753 
0.0100442 -0.0183729 -0.00039588 0.000489774 -0.0183729 0.0899079 0.00049485 -0.00122824 -0.00039588 0.00049485 0.010133 -0.0185302 0.000489774 -0.00122824 -0.0185302 0.0903139 
0.0100888 -0.0184007 -0.000412561 0.00050621 -0.0184007 0.0899535 0.000508741 -0.00127818 -0.000412561 0.000508741 0.0100989 -0.0185096 0.00050621 -0.00127818 -0.0185096 0.0902699 
0.0101011 -0.0184223 -0.000421616 0.000522602 -0.0184223 0.0899607 0.000525127 -0.00131282 -0.000421616 0.000525127 0.0100809 -0.0185006 0.000522602 -0.00131282 -0.0185006 0.0902839 
0.0101061 -0.0184462 -0.000415114 0.00052078 -0.0184462 0.0900194 0.000523295 -0.00131327 -0.000415114 0.000523295 0.0101036 -0.018499 0.00052078 -0.00131327 -0.018499 0.0902886 
0.0100896 -0.0184627 -0.00039379 0.000507384 -0.0184627 0.0900846 0.000509908 -0.00128234 -0.00039379 0.000509908 0.0101048 -0.018498 0.000507384 -0.00128234 -0.018498 0.0902714 
0.0101015 -0.0184535 -0.000400008 0.000486086 -0.0184535 0.090098 0.000491149 -0.001238 -0.000400008 0.000491149 0.0100635 -0.018489 0.000486086 -0.001238 -0.018489 0.0902423 
0.0100938 -0.0184577 -0.000394547 0.000495713 -0.0184577 0.0900959 0.000488126 -0.00122158 -0.000394547 0.000488126 0.010061 -0.0184552 0.000495713 -0.00122158 -0.0184552 0.0902097 
0.0100564 -0.0184562 -0.000354635 0.000493956 -0.0184562 0.0901001 0.000486357 -0.00122602 -0.000354635 0.000486357 0.0100818 -0.018441 0.000493956 -0.00122602 -0.018441 0.0901432 
0.0100358 -0.018423 -0.000342908 0.00045467 -0.018423 0.0900831 0.00045213 -0.00117605 -0.000342908 0.00045213 0.0100866 -0.0184535 0.00045467 -0.00117605 -0.0184535 0.0901212 
0.0100156 -0.0183688 -0.000328423 0.000455719 -0.0183688 0.0899396 0.000453173 -0.00116858 -0.000328423 0.000453173 0.0100742 -0.0184681 0.000455719 -0.00116858 -0.0184681 0.0901483 
0.0100036 -0.0183327 -0.000326232 0.000420533 -0.0183327 0.0898132 0.000417985 -0.00110358 -0.000326232 0.000417985 0.010052 -0.018455 0.000420533 -0.00110358 -0.018455 0.0901394 
0.0100067 -0.0183324 -0.000320906 0.0004075 -0.0183324 0.0897926 0.000402406 -0.00103658 -0.000320906 0.000402406 0.0100398 -0.0184215 0.0004075 -0.00103658 -0.0184215 0.0900702 
0.0100025 -0.0183323 -0.000334522 0.000416238 -0.0183323 0.0897848 0.000411131 -0.00104698 -0.000334522 0.000411131 0.0100127 -0.0183885 0.000416238 -0.00104698 -0.0183885 0.0899533 
0.00996182 -0.0183392 -0.000316897 0.000406344 -0.0183392 0.0897969 0.000398677 -0.000996693 -0.000316897 0.000398677 0.0100334 -0.0183468 0.000406344 -0.000996693 -0.0183468 0.0898532 
0.00992758 -0.0182776 -0.000324197 0.000403332 -0.0182776 0.0896928 0.000398226 -0.00100578 -0.000324197 0.000398226 0.0100629 -0.0183899 0.000403332 -0.00100578 -0.0183899 0.0898843 
0.00990687 -0.0182059 -0.000384757 0.000456103 -0.0182059 0.0894982 0.000445911 -0.0011237 -0.000384757 0.000445911 0.0100878 -0.0184505 0.000456103 -0.0011237 -0.0184505 0.0900562 
0.00991457 -0.0182048 -0.000397807 0.000479408 -0.0182048 0.0894454 0.000469208 -0.00116027 -0.000397807 0.000469208 0.0100982 -0.0184751 0.000479408 -0.00116027 -0.0184751 0.0901441 
0.00991081 -0.018235 -0.000385803 0.000498223 -0.018235 0.0895115 0.000493113 -0.00121618 -0.000385803 0.000493113 0.0101024 -0.0184624 0.000498223 -0.00121618 -0.0184624 0.0901375 
0.00994274 -0.0182457 -0.000371739 0.000476131 -0.0182457 0.0895763 0.000473585 -0.00120688 -0.000371739 0.000473585 0.0101108 -0.0184724 0.000476131 -0.00120688 -0.0184724 0.0901568 
0.00995019 -0.0182645 -0.000343461 0.000470668 -0.0182645 0.0895873 0.000470668 -0.00120847 -0.000343461 0.000470668 0.0101054 -0.0184833 0.000470668 -0.00120847 -0.0184833 0.0901826 
0.00996617 -0.0182573 -0.000290203 0.000412393 -0.0182573 0.0895682 0.000409848 -0.0010819 -0.000290203 0.000409848 0.0100985 -0.0185042 0.000412393 -0.0010819 -0.0185042 0.0902428 
0.00997705 -0.0182734 -0.000288192 0.000364703 -0.0182734 0.0895843 0.000369804 -0.000979342 -0.000288192 0.000369804 0.0100638 -0.0184774 0.000364703 -0.000979342 -0.0184774 0.0902117 
0.00995198 -0.0182802 -0.000311478 0.000388071 -0.0182802 0.089601 0.000390624 -0.000988049 -0.000311478 0.000390624 0.0100515 -0.0184308 0.000388071 -0.000988049 -0.0184308 0.0901065 
0.00994657 -0.0182609 -0.000329002 0.000385111 -0.0182609 0.0895829 0.000390212 -0.000974254 -0.000329002 0.000390212 0.0100333 -0.0184037 0.000385111 -0.000974254 -0.0184037 0.0900062 
0.00991617 -0.0182535 -0.00030049 0.000387072 -0.0182535 0.0895689 0.000387072 -0.000947307 -0.00030049 0.000387072 0.0100664 -0.0183936 0.000387072 -0.000947307 -0.0183936 0.0899662 
0.00991693 -0.0182136 -0.000297127 0.000380932 -0.0182136 0.0894886 0.000383472 -0.000957409 -0.000297127 0.000383472 0.0100769 -0.0184371 0.000380932 -0.000957409 -0.0184371 0.090032 
0.00990604 -0.0181995 -0.00030679 0.000387925 -0.0181995 0.0894205 0.000390461 -0.000986293 -0.00030679 0.000390461 0.0101013 -0.0184657 0.000387925 -0.000986293 -0.0184657 0.090133 
0.00993199 -0.0182542 -0.000308793 0.000377132 -0.0182542 0.0895524 0.000374601 -0.000944096 -0.000308793 0.000374601 0.0100965 -0.0184491 0.000377132 -0.000944096 -0.0184491 0.0900915 
0.00992498 -0.0182823 -0.000313019 0.000396999 -0.0182823 0.0896633 0.000384275 -0.000972139 -0.000313019 0.000384275 0.0100878 -0.0184376 0.000396999 -0.000972139 -0.0184376 0.0900374 
0.00991895 -0.0182461 -0.000316834 0.000398598 -0.0182461 0.0896104 0.000390932 -0.000986274 -0.000316834 0.000390932 0.010062 -0.018453 0.000398598 -0.000986274 -0.018453 0.0900729 
0.00992422 -0.0182285 -0.000312211 0.000394103 -0.0182285 0.0895509 0.000391544 -0.000985257 -0.000312211 0.000391544 0.0100471 -0.0184256 0.000394103 -0.000985257 -0.0184256 0.0900474 
0.00992555 -0.018213 -0.000301083 0.000390388 -0.018213 0.0894856 0.000392939 -0.0009849 -0.000301083 0.000392939 0.010048 -0.0184146 0.000390388 -0.0009849 -0.0184146 0.0900367 
0.00992252 -0.0182031 -0.000324829 0.000398424 -0.0182031 0.0894397 0.000400961 -0.00102524 -0.000324829 0.000400961 0.0100748 -0.018429 0.000398424 -0.00102524 -0.018429 0.0900615 
0.00993493 -0.0182317 -0.000326108 0.000422171 -0.0182317 0.0894902 0.000424699 -0.00107692 -0.000326108 0.000424699 0.0100891 -0.018434 0.000422171 -0.00107692 -0.018434 0.090059 
0.00991764 -0.0182524 -0.000298846 0.000412813 -0.0182524 0.0895373 0.00041028 -0.00106116 -0.000298846 0.00041028 0.0101101 -0.018455 0.000412813 -0.00106116 -0.018455 0.0900895 
0.00989462 -0.0182414 -0.000277039 0.000376163 -0.0182414 0.0895625 0.00037108 -0.000986158 -0.000277039 0.00037108 0.0101132 -0.018465 0.000376163 -0.000986158 -0.018465 0.0901166 
0.00984976 -0.0181923 -0.000254204 0.00034921 -0.0181923 0.0894721 0.000338939 -0.000901269 -0.000254204 0.000338939 0.0101014 -0.0184824 0.00034921 -0.000901269 -0.0184824 0.0901474 
0.00985572 -0.0181465 -0.000256126 0.00032528 -0.0181465 0.0893726 0.000315035 -0.000829848 -0.000256126 0.000315035 0.0101016 -0.018482 0.00032528 -0.000829848 -0.018482 0.0901999 
0.00985136 -0.0181327 -0.000284766 0.000359164 -0.0181327 0.0892856 0.000354033 -0.000890214 -0.000284766 0.000354033 0.0100925 -0.0184713 0.000359164 -0.000890214 -0.0184713 0.0901707 
0.00982374 -0.0181377 -0.000296836 0.00038384 -0.0181377 0.0892684 0.000381281 -0.000967276 -0.000296836 0.000381281 0.0101206 -0.0184499 0.00038384 -0.000967276 -0.0184499 0.0901026 
0.00980487 -0.0180852 -0.000306962 0.000393934 -0.0180852 0.0891648 0.000393934 -0.0010053 -0.000306962 0.000393934 0.0101323 -0.0184919 0.000393934 -0.0010053 -0.0184919 0.090147 
0.00982378 -0.0180711 -0.000288259 0.000372441 -0.0180711 0.0891028 0.00036989 -0.000956613 -0.000288259 0.00036989 0.0101248 -0.0185124 0.000372441 -0.000956613 -0.0185124 0.090215 
0.0098452 -0.0180885 -0.000289864 0.0003814 -0.0180885 0.0891001 0.000378857 -0.000968756 -0.000289864 0.000378857 0.0101198 -0.0185132 0.0003814 -0.000968756 -0.0185132 0.0902519 
0.00984237 -0.0181272 -0.000273963 0.000367821 -0.0181272 0.0891851 0.000370357 -0.000953797 -0.000273963 0.000370357 0.0101392 -0.0184976 0.000367821 -0.000953797 -0.0184976 0.0902378 
0.00985028 -0.0181557 -0.000266361 0.000342464 -0.0181557 0.0892918 0.000347538 -0.000905627 -0.000266361 0.000347538 0.0101395 -0.0185057 0.000342464 -0.000905627 -0.0185057 0.0902126 
0.00985122 -0.0181393 -0.000275844 0.000339697 -0.0181393 0.0892817 0.00034736 -0.000878616 -0.000275844 0.00034736 0.0101169 -0.018525 0.000339697 -0.000878616 -0.018525 0.0902446 
0.00983599 -0.0181291 -0.000288008 0.000344581 -0.0181291 0.0892542 0.000349724 -0.000871739 -0.000288008 0.000349724 0.0100649 -0.0184814 0.000344581 -0.000871739 -0.0184814 0.0901954 
0.00982828 -0.018121 -0.000290656 0.000365249 -0.018121 0.0892468 0.000370393 -0.000905406 -0.000290656 0.000370393 0.0100495 -0.0184142 0.000365249 -0.000905406 -0.0184142 0.0900467 
0.00984131 -0.0181136 -0.000284105 0.000355772 -0.0181136 0.089227 0.00036345 -0.000898388 -0.000284105 0.00036345 0.0100333 -0.0183747 0.000355772 -0.000898388 -0.0183747 0.0899079 
0.00986237 -0.0181648 -0.000260409 0.000342106 -0.0181648 0.0893332 0.000344659 -0.000865478 -0.000260409 0.000344659 0.0100411 -0.0183333 0.000342106 -0.000865478 -0.0183333 0.0897621 
0.00986394 -0.0181572 -0.000268598 0.000337666 -0.0181572 0.0893408 0.00034534 -0.000874862 -0.000268598 0.00034534 0.0100328 -0.0183619 0.000337666 -0.000874862 -0.0183619 0.0897756 
0.00984832 -0.0181402 -0.0002688 0.00035072 -0.0181402 0.0892826 0.00035584 -0.00089344 -0.0002688 0.00035584 0.0100429 -0.0183757 0.00035072 -0.00089344 -0.0183757 0.0898406 
0.00985109 -0.0181001 -0.000284981 0.000369705 -0.0181001 0.0891861 0.000362003 -0.000942234 -0.000284981 0.000362003 0.0100077 -0.0183928 0.000369705 -0.000942234 -0.0183928 0.0898922 
0.00987357 -0.0181208 -0.000282616 0.000380247 -0.0181208 0.0891833 0.000372539 -0.000958324 -0.000282616 0.000372539 0.00996092 -0.0183263 0.000380247 -0.000958324 -0.0183263 0.0898102 
0.0098698 -0.0181491 -0.000257361 0.000352585 -0.0181491 0.0892348 0.000352585 -0.000921353 -0.000257361 0.000352585 0.00992642 -0.0182598 0.000352585 -0.000921353 -0.0182598 0.0896209 
0.00985444 -0.0181698 -0.000247069 0.000326851 -0.0181698 0.0893127 0.000321704 -0.000859593 -0.000247069 0.000321704 0.00992135 -0.0181981 0.000326851 -0.000859593 -0.0181981 0.0894183 
0.00981648 -0.0181431 -0.000216143 0.000303629 -0.0181431 0.0892953 0.000298483 -0.000777085 -0.000216143 0.000298483 0.00996058 -0.0181997 0.000303629 -0.000777085 -0.0181997 0.0893776 
0.0097987 -0.0180646 -0.00022375 0.00028033 -0.0180646 0.089127 0.00028033 -0.000732974 -0.00022375 0.00028033 0.00997616 -0.0182755 0.00028033 -0.000732974 -0.0182755 0.0895051 
0.00978917 -0.018027 -0.000239262 0.000288144 -0.018027 0.0889618 0.000288144 -0.000725505 -0.000239262 0.000288144 0.0099744 -0.0183048 0.000288144 -0.000725505 -0.0183048 0.0896384 
0.00976899 -0.0180218 -0.00023425 0.000293456 -0.0180218 0.0888991 0.00029603 -0.000728491 -0.00023425 0.00029603 0.0099878 -0.0182998 0.000293456 -0.000728491 -0.0182998 0.0896714 
0.00977794 -0.0179943 -0.000261978 0.000315914 -0.0179943 0.0888516 0.000318483 -0.000796207 -0.000261978 0.000318483 0.0099757 -0.0183102 0.000315914 -0.000796207 -0.0183102 0.0896889 
0.00981373 -0.0180299 -0.000248741 0.000325671 -0.0180299 0.0889056 0.000325671 -0.000820589 -0.000248741 0.000325671 0.00994451 -0.0182812 0.000325671 -0.000820589 -0.0182812 0.0896416 
0.0098282 -0.0180815 -0.000233029 0.000317534 -0.0180815 0.0890248 0.000314974 -0.0008092 -0.000233029 0.000314974 0.00994343 -0.0182454 0.000317534 -0.0008092 -0.0182454 0.0895652 
0.00981 -0.0180905 -0.000238268 0.000292071 -0.0180905 0.0890791 0.000284385 -0.000748112 -0.000238268 0.000284385 0.00996885 -0.0182647 0.000292071 -0.000748112 -0.0182647 0.0895761 
0.00982284 -0.0180712 -0.000242823 0.000286276 -0.0180712 0.0890676 0.000278608 -0.000700353 -0.000242823 0.000278608 0.00998132 -0.0182987 0.000286276 -0.000700353 -0.0182987 0.0896478 
0.00984487 -0.0181088 -0.000265182 0.000308529 -0.0181088 0.0891597 0.000303429 -0.000741999 -0.000265182 0.000303429 0.00999021 -0.0183026 0.000308529 -0.000741999 -0.0183026 0.0896747 
0.00986062 -0.0181326 -0.000288143 0.000339142 -0.0181326 0.0892352 0.000339142 -0.000823631 -0.000288143 0.000339142 0.010006 -0.018329 0.000339142 -0.000823631 -0.018329 0.0897452 
0.00985891 -0.0181453 -0.000293572 0.000377814 -0.0181453 0.0892765 0.00038292 -0.000924113 -0.000293572 0.00038292 0.0100095 -0.0183419 0.000377814 -0.000924113 -0.0183419 0.0897768 
0.00986036 -0.0181654 -0.000290011 0.000374704 -0.0181654 0.0893489 0.000374704 -0.000957291 -0.000290011 0.000374704 0.00998355 -0.018322 0.000374704 -0.000957291 -0.018322 0.0897339 
0.00985433 -0.0181584 -0.00028421 0.00037464 -0.0181584 0.0893478 0.000377224 -0.00096373 -0.00028421 0.000377224 0.00994476 -0.018285 0.00037464 -0.00096373 -0.018285 0.0896449 
0.00983722 -0.0181354 -0.000271603 0.000349204 -0.0181354 0.0892774 0.000344031 -0.000897585 -0.000271603 0.000344031 0.00994586 -0.0182543 0.000349204 -0.000897585 -0.0182543 0.0895852 
0.00981868 -0.0181113 -0.000271592 0.000349189 -0.0181113 0.0892088 0.000351776 -0.000892372 -0.000271592 0.000351776 0.00994542 -0.0182303 0.000349189 -0.000892372 -0.0182303 0.0894907 
0.00981126 -0.0180797 -0.000276046 0.000343123 -0.0180797 0.0891217 0.000345703 -0.000884896 -0.000276046 0.000345703 0.00994799 -0.0182371 0.000343123 -0.000884896 -0.0182371 0.0894674 
0.0097829 -0.0180417 -0.000262594 0.00037072 -0.0180417 0.0889883 0.00037072 -0.000939673 -0.000262594 0.00037072 0.00998113 -0.0182657 0.00037072 -0.000939673 -0.0182657 0.0895444 
0.00977894 -0.0180328 -0.00025246 0.000355504 -0.0180328 0.0889533 0.000352928 -0.000935131 -0.00025246 0.000352928 0.00997215 -0.0182724 0.000355504 -0.000935131 -0.0182724 0.0895536 
0.00979119 -0.0180209 -0.000242203 0.000319502 -0.0180209 0.0889272 0.000314349 -0.000855441 -0.000242203 0.000314349 0.00995352 -0.0182786 0.000319502 -0.000855441 -0.0182786 0.0895688 
0.00979057 -0.0180281 -0.000221868 0.000281205 -0.0180281 0.088902 0.000281205 -0.0007301 -0.000221868 0.000281205 0.00992472 -0.0182499 0.000281205 -0.0007301 -0.0182499 0.0895263 
0.00978487 -0.0180407 -0.00023285 0.000294943 -0.0180407 0.0889461 0.000294943 -0.000752882 -0.00023285 0.000294943 0.00991165 -0.0182089 0.000294943 -0.000752882 -0.0182089 0.0894325 
0.00981005 -0.0180352 -0.000251606 0.000306078 -0.0180352 0.0889571 0.000306078 -0.00077557 -0.000251606 0.000306078 0.00986712 -0.0181909 0.000306078 -0.00077557 -0.0181909 0.0893669 
0.0098436 -0.0180505 -0.000236413 0.000306557 -0.0180505 0.0889691 0.000301361 -0.000761197 -0.000236413 0.000301361 0.00982542 -0.0181518 0.000306557 -0.000761197 -0.0181518 0.0892861 
0.00980779 -0.0180804 -0.000225615 0.000295634 -0.0180804 0.0890092 0.000293041 -0.000746865 -0.000225615 0.000293041 0.00987002 -0.0181115 0.000295634 -0.000746865 -0.0181115 0.0892192 
0.00979141 -0.0180254 -0.000196293 0.000263446 -0.0180254 0.0889337 0.000266029 -0.000679278 -0.000196293 0.000266029 0.00990506 -0.0181674 0.000263446 -0.000679278 -0.0181674 0.0892798 
0.00980147 -0.0180072 -0.000219474 0.000268533 -0.0180072 0.0888665 0.000268533 -0.000702318 -0.000219474 0.000268533 0.009897 -0.018206 0.000268533 -0.000702318 -0.018206 0.0893674 
0.00983635 -0.0180613 -0.000224669 0.000284064 -0.0180613 0.0889688 0.000286646 -0.000720489 -0.000224669 0.000286646 0.00985185 -0.0181543 0.000284064 -0.000720489 -0.0181543 0.0892657 
0.00984567 -0.0181059 -0.000222063 0.000291781 -0.0181059 0.0890887 0.000302109 -0.000756564 -0.000222063 0.000302109 0.00983017 -0.0181007 0.000291781 -0.000756564 -0.0181007 0.08913 
0.00981946 -0.0181106 -0.000213915 0.000260306 -0.0181106 0.0891432 0.00026546 -0.000680404 -0.000213915 0.00026546 0.00986585 -0.0180874 0.000260306 -0.000680404 -0.0180874 0.0890762 
0.00980268 -0.0180683 -0.000237266 0.000291424 -0.0180683 0.0890907 0.000294003 -0.000735008 -0.000237266 0.000294003 0.00988005 -0.0181379 0.000291424 -0.000735008 -0.0181379 0.0891397 
0.00979828 -0.018052 -0.000252693 0.000306841 -0.018052 0.0890355 0.000306841 -0.000778706 -0.000252693 0.000306841 0.00989111 -0.0181603 0.000306841 -0.000778706 -0.0181603 0.0892263 
0.00979117 -0.0180323 -0.000269906 0.00033417 -0.0180323 0.0889688 0.000329029 -0.000830283 -0.000269906 0.000329029 0.00990684 -0.0181865 0.00033417 -0.000830283 -0.0181865 0.0893107 
0.00975834 -0.0180194 -0.000276228 0.000345931 -0.0180194 0.0889067 0.000338186 -0.000857082 -0.000276228 0.000338186 0.00991323 -0.0182027 0.000345931 -0.000857082 -0.0182027 0.0893456 
0.0097398 -0.0179901 -0.000287531 0.000375604 -0.0179901 0.0888446 0.000370423 -0.000937715 -0.000287531 0.000370423 0.00990817 -0.0181974 0.000375604 -0.000937715 -0.0181974 0.0893652 
0.00972354 -0.0179486 -0.000258811 0.0003701 -0.0179486 0.0887515 0.000367512 -0.000949837 -0.000258811 0.000367512 0.00990988 -0.0182048 0.0003701 -0.000949837 -0.0182048 0.089383 
0.00974228 -0.0179652 -0.000204474 0.000310594 -0.0179652 0.0887625 0.00031577 -0.000841191 -0.000204474 0.00031577 0.00987946 -0.018162 0.000310594 -0.000841191 -0.018162 0.0892879 
0.00976711 -0.0179768 -0.000186583 0.000230637 -0.0179768 0.0887747 0.000238412 -0.000642675 -0.000186583 0.000238412 0.00984485 -0.0181348 0.000230637 -0.000642675 -0.0181348 0.0891971 
0.00979719 -0.0180119 -0.000157478 0.000191039 -0.0180119 0.0888459 0.00019362 -0.000485342 -0.000157478 0.00019362 0.00982042 -0.0180841 0.000191039 -0.000485342 -0.0180841 0.0890808 
0.00980165 -0.0180449 -0.000157384 0.000183184 -0.0180449 0.0889269 0.000198665 -0.000472151 -0.000157384 0.000198665 0.00980939 -0.0180449 0.000183184 -0.000472151 -0.0180449 0.0889682 
0.00978063 -0.0180498 -0.000123805 0.000188287 -0.0180498 0.0889723 0.000190867 -0.000459112 -0.000123805 0.000190867 0.0098348 -0.0180472 0.000188287 -0.000459112 -0.0180472 0.0889413 
0.00973718 -0.0180084 -0.000113764 0.000173232 -0.0180084 0.0888964 0.000175817 -0.00047057 -0.000113764 0.000175817 0.00985611 -0.0180833 0.000173232 -0.00047057 -0.0180833 0.0889998 
0.00971242 -0.0179556 -0.000136613 0.000154656 -0.0179556 0.0887805 0.000157234 -0.000427882 -0.000136613 0.000157234 0.009898 -0.0181309 0.000154656 -0.000427882 -0.0181309 0.0891336 
0.00971877 -0.0179067 -0.000159789 0.000188139 -0.0179067 0.0886364 0.000190716 -0.000476789 -0.000159789 0.000190716 0.00989145 -0.0181824 0.000188139 -0.000476789 -0.0181824 0.0892807 
0.00972576 -0.0179439 -0.000181017 0.000240493 -0.0179439 0.0886645 0.000237907 -0.000597355 -0.000181017 0.000237907 0.0098654 -0.0181482 0.000240493 -0.000597355 -0.0181482 0.0892437 
0.00972205 -0.0179722 -0.000207681 0.000251813 -0.0179722 0.0887549 0.000244025 -0.000651598 -0.000207681 0.000244025 0.00985185 -0.0180994 0.000251813 -0.000651598 -0.0180994 0.0891339 
0.00972145 -0.0179617 -0.000219045 0.000273807 -0.0179617 0.0887708 0.000263376 -0.000683213 -0.000219045 0.000263376 0.00983358 -0.0180921 0.000273807 -0.000683213 -0.0180921 0.0890785 
0.00972953 -0.017953 -0.00019803 0.000263172 -0.017953 0.0887383 0.000244932 -0.000651415 -0.00019803 0.000244932 0.00983636 -0.0180833 0.000263172 -0.000651415 -0.0180833 0.0890588 
0.00968971 -0.0179455 -0.00018669 0.000243734 -0.0179455 0.0887009 0.00022299 -0.000601555 -0.00018669 0.00022299 0.00989714 -0.0180933 0.000243734 -0.000601555 -0.0180933 0.0890846 
0.00966263 -0.0178803 -0.000193873 0.000248158 -0.0178803 0.0885716 0.000237818 -0.000622979 -0.000193873 0.000237818 0.00995732 -0.0181905 0.000248158 -0.000622979 -0.0181905 0.0892566 
0.00966608 -0.01787 -0.00019049 0.000244548 -0.01787 0.0885263 0.000247122 -0.000638399 -0.00019049 0.000247122 0.0099827 -0.0182458 0.000244548 -0.000638399 -0.0182458 0.0894093 
0.00966961 -0.0178752 -0.00019365 0.00024529 -0.0178752 0.0885059 0.000250454 -0.000640337 -0.00019365 0.000250454 0.00998461 -0.0182858 0.00024529 -0.000640337 -0.0182858 0.089531 
0.00971387 -0.0178683 -0.000186506 0.000235723 -0.0178683 0.0885024 0.000240904 -0.000616507 -0.000186506 0.000240904 0.00994441 -0.0183009 0.000235723 -0.000616507 -0.0183009 0.0896189 
0.00976991 -0.0179361 -0.000199175 0.000237975 -0.0179361 0.0886147 0.000248322 -0.000631151 -0.000199175 0.000248322 0.00989149 -0.0182361 0.000237975 -0.000631151 -0.0182361 0.0895511 
0.00978229 -0.0180117 -0.00018345 0.000224791 -0.0180117 0.0888002 0.000227375 -0.000581356 -0.00018345 0.000227375 0.00989081 -0.0181719 0.000224791 -0.000581356 -0.0181719 0.0893971 
0.00979698 -0.0180326 -0.000188702 0.000237816 -0.0180326 0.0889069 0.000242986 -0.000602294 -0.000188702 0.000242986 0.00988487 -0.0181722 0.000237816 -0.000602294 -0.0181722 0.0893205 
0.00979324 -0.0180532 -0.000224568 0.000268449 -0.0180532 0.0889729 0.000271031 -0.000694355 -0.000224568 0.000271031 0.00988875 -0.0181513 0.000268449 -0.000694355 -0.0181513 0.0892543 
0.00977347 -0.0180572 -0.00023712 0.000288668 -0.0180572 0.0890335 0.000293823 -0.000737134 -0.00023712 0.000293823 0.00991265 -0.0181448 0.000288668 -0.000737134 -0.0181448 0.0892087 
0.00973756 -0.0180387 -0.000242407 0.000314614 -0.0180387 0.0890177 0.000314614 -0.000794271 -0.000242407 0.000314614 0.00994644 -0.018178 0.000314614 -0.000794271 -0.018178 0.0892446 
0.00972575 -0.0179903 -0.000242242 0.000324707 -0.0179903 0.0889311 0.000319553 -0.00082723 -0.000242242 0.000319553 0.00997572 -0.0182351 0.000324707 -0.00082723 -0.0182351 0.0893795 
0.00972593 -0.017969 -0.00024199 0.000314072 -0.017969 0.0888386 0.000311498 -0.000816072 -0.00024199 0.000311498 0.00999367 -0.0182805 0.000314072 -0.000816072 -0.0182805 0.0895337 
0.00975982 -0.0179745 -0.000249789 0.000319319 -0.0179745 0.0888452 0.000321894 -0.000829198 -0.000249789 0.000321894 0.00997098 -0.0182887 0.000319319 -0.000829198 -0.0182887 0.0895688 
0.009797 -0.0180202 -0.000241331 0.000308082 -0.0180202 0.0889073 0.000308082 -0.000790743 -0.000241331 0.000308082 0.00994847 -0.0182641 0.000308082 -0.000790743 -0.0182641 0.0895645 
0.00977456 -0.0180568 -0.000228991 0.000311324 -0.0180568 0.0889771 0.000311324 -0.000795035 -0.000228991 0.000311324 0.00996496 -0.0182446 0.000311324 -0.000795035 -0.0182446 0.0895148 
0.00974353 -0.0180169 -0.000245462 0.000297138 -0.0180169 0.0889372 0.000294554 -0.000764806 -0.000245462 0.000294554 0.00997091 -0.0182675 0.000297138 -0.000764806 -0.0182675 0.0895495 
0.0097585 -0.0179805 -0.000268559 0.000309876 -0.0179805 0.0888517 0.000307293 -0.000766942 -0.000268559 0.000307293 0.00995734 -0.0182904 0.000309876 -0.000766942 -0.0182904 0.0896083 
0.00978528 -0.0179778 -0.000257304 0.000313911 -0.0179778 0.0887828 0.000313911 -0.000761621 -0.000257304 0.000313911 0.00994224 -0.0182866 0.000313911 -0.000761621 -0.0182866 0.0896499 
0.00978364 -0.0180263 -0.000234108 0.000324149 -0.0180263 0.0888632 0.000316431 -0.000787219 -0.000234108 0.000316431 0.00995601 -0.0182501 0.000324149 -0.000787219 -0.0182501 0.0895835 
0.00978452 -0.0180485 -0.000203255 0.000275294 -0.0180485 0.0889638 0.000267576 -0.000710105 -0.000203255 0.000267576 0.00997234 -0.0182595 0.000275294 -0.000710105 -0.0182595 0.0895555 
0.0098056 -0.0180333 -0.000199801 0.000256155 -0.0180333 0.08896 0.000251032 -0.000660879 -0.000199801 0.000251032 0.00998235 -0.0182997 0.000256155 -0.000660879 -0.0182997 0.0896439 
0.0098179 -0.0180666 -0.000212819 0.000253845 -0.0180666 0.0890098 0.000251281 -0.000646151 -0.000212819 0.000251281 0.00998713 -0.018305 0.000253845 -0.000646151 -0.018305 0.0896816 
0.00979438 -0.0180616 -0.000231 0.0002849 -0.0180616 0.0890221 0.000279766 -0.000705832 -0.000231 0.000279766 0.0100126 -0.0183285 0.0002849 -0.000705832 -0.0183285 0.0897459 
0.00980789 -0.0180598 -0.000239972 0.000307061 -0.0180598 0.0890426 0.000309641 -0.000781845 -0.000239972 0.000309641 0.00997304 -0.018323 0.000307061 -0.000781845 -0.018323 0.0897186 
0.00983098 -0.018089 -0.000248362 0.000318213 -0.018089 0.0890998 0.000315626 -0.000817524 -0.000248362 0.000315626 0.00992671 -0.0182701 0.000318213 -0.000817524 -0.0182701 0.0896198 
0.0098256 -0.0180892 -0.000265487 0.000337658 -0.0180892 0.0891057 0.000337658 -0.000868633 -0.000265487 0.000337658 0.00994933 -0.018249 0.000337658 -0.000868633 -0.018249 0.08958 
0.00983643 -0.0181035 -0.000266681 0.000335916 -0.0181035 0.0891484 0.000335916 -0.000869278 -0.000266681 0.000335916 0.00997746 -0.0182497 0.000335916 -0.000869278 -0.0182497 0.0895407 
0.00984278 -0.0181177 -0.000263875 0.000338169 -0.0181177 0.0891794 0.000335607 -0.000858233 -0.000263875 0.000335607 0.00997087 -0.0182663 0.000338169 -0.000858233 -0.0182663 0.0895252 
0.00983353 -0.0181021 -0.000277073 0.000356603 -0.0181021 0.0891354 0.000356603 -0.000910749 -0.000277073 0.000356603 0.00995923 -0.0182843 0.000356603 -0.000910749 -0.0182843 0.0895664 
0.00984997 -0.0180899 -0.000282014 0.000358927 -0.0180899 0.0890958 0.00036149 -0.000925518 -0.000282014 0.00036149 0.00992688 -0.0182771 0.000358927 -0.000925518 -0.0182771 0.089606 
