0.0068369 0 -0.000210889 0 0 0.00998323 0 0 -0.000210889 0 0.0077927 0 0 0 0 0.00998323 
0.00974498 -0.0121084 -0.000263294 0.000328343 -0.0121084 0.0324038 0.000328343 -0.000619515 -0.000263294 0.000328343 0.0108849 -0.0135209 0.000328343 -0.000619515 -0.0135209 0.0351079 
0.00995205 -0.0186149 -0.000179231 0.000349029 -0.0186149 0.0687242 0.000349029 -0.00109111 -0.000179231 0.000349029 0.0107602 -0.0201588 0.000349029 -0.00109111 -0.0201588 0.0736389 
0.00947358 -0.0185263 -0.000108996 0.0001423 -0.0185263 0.0832821 0.000139273 -0.000526815 -0.000108996 0.000139273 0.0101215 -0.0195587 0.0001423 -0.000526815 -0.0195587 0.0871606 
0.00945532 -0.0179565 -0.000100284 0.000123206 -0.0179565 0.0871322 0.000111745 -0.000300851 -0.000100284 0.000111745 0.0100971 -0.018733 0.000123206 -0.000300851 -0.018733 0.0894416 
0.00961554 -0.0178913 -0.000108927 0.000138882 -0.0178913 0.0883562 0.000122543 -0.000310442 -0.000108927 0.000122543 0.0103127 -0.018651 0.000138882 -0.000310442 -0.018651 0.0900991 
0.00969171 -0.0179297 -9.21766e-05 0.00012378 -0.0179297 0.0887397 0.000118513 -0.000284431 -9.21766e-05 0.000118513 0.010466 -0.0188672 0.00012378 -0.000284431 -0.0188672 0.0908071 
0.00969054 -0.0179524 -0.000119061 0.000108708 -0.0179524 0.0888429 0.000103531 -0.000261417 -0.000119061 0.000103531 0.0105033 -0.018967 0.000108708 -0.000261417 -0.018967 0.0912397 
0.0096646 -0.0179107 -0.000128484 0.000138763 -0.0179107 0.0887417 0.000128484 -0.000305793 -0.000128484 0.000128484 0.0104792 -0.0189823 0.000138763 -0.000305793 -0.0189823 0.0913962 
0.00967262 -0.0179127 -0.000145549 0.000158316 -0.0179127 0.088721 0.000142995 -0.000344721 -0.000145549 0.000142995 0.0104463 -0.018929 0.000158316 -0.000344721 -0.018929 0.0913204 
0.00968912 -0.0179435 -0.000150357 0.000180938 -0.0179435 0.0887821 0.000170745 -0.000410297 -0.000150357 0.000170745 0.010418 -0.0188711 0.000180938 -0.000410297 -0.0188711 0.0911598 
0.00968407 -0.0179248 -0.000147383 0.000172794 -0.0179248 0.0887372 0.000175335 -0.000426902 -0.000147383 0.000175335 0.0104057 -0.0188701 0.000172794 -0.000426902 -0.0188701 0.0911283 
0.00970141 -0.0179697 -0.000149917 0.000188032 -0.0179697 0.0888525 0.000185491 -0.000467538 -0.000149917 0.000185491 0.0103824 -0.0188133 0.000188032 -0.000467538 -0.0188133 0.090992 
0.00969343 -0.0179452 -0.000162446 0.000177675 -0.0179452 0.0888324 0.000187828 -0.000469569 -0.000162446 0.000187828 0.0103711 -0.0188158 0.000177675 -0.000469569 -0.0188158 0.0909772 
0.009689 -0.0179486 -0.000162201 0.000179942 -0.0179486 0.0888231 0.000185011 -0.000446054 -0.000162201 0.000185011 0.0103733 -0.0188154 0.000179942 -0.000446054 -0.0188154 0.090995 
0.00969997 -0.0179654 -0.000179629 0.000187219 -0.0179654 0.0888708 0.000192279 -0.000447808 -0.000179629 0.000192279 0.0103755 -0.0188029 0.000187219 -0.000447808 -0.0188029 0.0909657 
0.00969673 -0.017969 -0.000152345 0.000182813 -0.017969 0.0888931 0.000190431 -0.000426565 -0.000152345 0.000190431 0.010362 -0.0188019 0.000182813 -0.000426565 -0.0188019 0.0909599 
0.00967544 -0.0179545 -0.000137096 0.000162484 -0.0179545 0.088879 0.000175178 -0.000403672 -0.000137096 0.000175178 0.0103685 -0.0188 0.000162484 -0.000403672 -0.0188 0.0909709 
0.00967138 -0.0179571 -0.000125039 0.000150557 -0.0179571 0.0888899 0.000158213 -0.00038022 -0.000125039 0.000158213 0.0103553 -0.0187916 0.000150557 -0.00038022 -0.0187916 0.0909314 
0.00965706 -0.0179076 -0.000132498 0.000145238 -0.0179076 0.0887736 0.000147786 -0.000351629 -0.000132498 0.000147786 0.0103629 -0.0188096 0.000145238 -0.000351629 -0.0188096 0.0910006 
0.00965395 -0.0179009 -0.000159716 0.000169857 -0.0179009 0.0887083 0.000162251 -0.000395487 -0.000159716 0.000162251 0.0103942 -0.0188262 0.000169857 -0.000395487 -0.0188262 0.0910686 
0.00969773 -0.0179354 -0.000171775 0.000179354 -0.0179354 0.0887775 0.000174301 -0.000416808 -0.000171775 0.000174301 0.0103975 -0.0188372 0.000179354 -0.000416808 -0.0188372 0.0910813 
0.00973036 -0.0179852 -0.000138251 0.000183497 -0.0179852 0.0889155 0.000180983 -0.000409726 -0.000138251 0.000180983 0.0104241 -0.0188524 0.000183497 -0.000409726 -0.0188524 0.091125 
0.00974545 -0.0180518 -0.000125359 0.000167982 -0.0180518 0.0890855 0.000165474 -0.000411179 -0.000125359 0.000165474 0.0104625 -0.0188741 0.000167982 -0.000411179 -0.0188741 0.0911714 
0.00976297 -0.0180643 -0.000112823 0.000137895 -0.0180643 0.089183 0.000132881 -0.000348498 -0.000112823 0.000132881 0.010475 -0.0189242 0.000137895 -0.000348498 -0.0189242 0.0912615 
0.00974498 -0.0180651 -0.000118319 0.000135941 -0.0180651 0.0891801 0.000133424 -0.000332301 -0.000118319 0.000133424 0.01047 -0.0189462 0.000135941 -0.000332301 -0.0189462 0.0913526 
0.00971978 -0.0180272 -0.000103402 0.000128622 -0.0180272 0.0891123 0.000123578 -0.00029003 -0.000103402 0.000123578 0.0104612 -0.0189503 0.000128622 -0.00029003 -0.0189503 0.0913846 
0.00970869 -0.0180106 -0.000118276 0.000130858 -0.0180106 0.0890592 0.000120792 -0.000301981 -0.000118276 0.000120792 0.0104762 -0.0189468 0.000130858 -0.000301981 -0.0189468 0.0913971 
0.0096918 -0.0179588 -9.81767e-05 0.000135937 -0.0179588 0.0889153 0.00013342 -0.000322221 -9.81767e-05 0.00013342 0.0104722 -0.0189733 0.000135937 -0.000322221 -0.0189733 0.0914428 
0.00967333 -0.0179394 -0.000108831 0.000108831 -0.0179394 0.0888291 0.0001063 -0.000283468 -0.000108831 0.0001063 0.0104529 -0.0189594 0.000108831 -0.000283468 -0.0189594 0.091436 
0.00967703 -0.0179582 -0.000135005 0.000127363 -0.0179582 0.0888917 0.000127363 -0.000298029 -0.000135005 0.000127363 0.0104055 -0.0188905 0.000127363 -0.000298029 -0.0188905 0.0912708 
0.00969277 -0.0179645 -0.000145162 0.000147709 -0.0179645 0.0889157 0.000147709 -0.000323432 -0.000145162 0.000147709 0.0103906 -0.0188482 0.000147709 -0.000323432 -0.0188482 0.0911594 
0.00968865 -0.0179421 -0.000152138 0.000154674 -0.0179421 0.0888485 0.000154674 -0.00034231 -0.000152138 0.000154674 0.0104113 -0.0188575 0.000154674 -0.00034231 -0.0188575 0.0911534 
0.00968492 -0.0179219 -0.000151881 0.000177194 -0.0179219 0.0887616 0.000174663 -0.000405015 -0.000151881 0.000174663 0.010414 -0.0188838 0.000177194 -0.000405015 -0.0188838 0.0911967 
0.00969498 -0.0179328 -0.00012947 0.000172626 -0.0179328 0.0887628 0.000182781 -0.000429027 -0.00012947 0.000182781 0.010388 -0.0188721 0.000172626 -0.000429027 -0.0188721 0.0911872 
0.00973101 -0.0179757 -0.000113946 0.000159525 -0.0179757 0.0888705 0.000162057 -0.000430464 -0.000113946 0.000162057 0.0103615 -0.0188163 0.000159525 -0.000430464 -0.0188163 0.0910836 
0.00973416 -0.0179981 -0.000116607 0.000124212 -0.0179981 0.0889205 0.000126747 -0.000347286 -0.000116607 0.000126747 0.01034 -0.0187966 0.000124212 -0.000347286 -0.0187966 0.0910043 
0.009741 -0.0180017 -9.88548e-05 0.000131806 -0.0180017 0.0889541 0.000126737 -0.000314308 -9.88548e-05 0.000126737 0.010324 -0.0187748 0.000131806 -0.000314308 -0.0187748 0.0909464 
0.00973592 -0.0180276 -0.000100995 0.000121194 -0.0180276 0.0890398 0.000118669 -0.000308035 -0.000100995 0.000118669 0.0103596 -0.0187598 0.000121194 -0.000308035 -0.0187598 0.0909132 
0.00974378 -0.0180246 -0.00010846 0.000121072 -0.0180246 0.0890611 0.00011855 -0.000297636 -0.00010846 0.00011855 0.0103819 -0.0188091 0.000121072 -0.000297636 -0.0188091 0.0909781 
0.00974856 -0.0180356 -0.000118639 0.000138832 -0.0180356 0.0890774 0.000141357 -0.000340771 -0.000118639 0.000141357 0.0104099 -0.0188383 0.000138832 -0.000340771 -0.0188383 0.0910791 
0.0097301 -0.0180298 -0.000118567 0.000146317 -0.0180298 0.0890618 0.000146317 -0.000358225 -0.000118567 0.000146317 0.0104264 -0.0188749 0.000146317 -0.000358225 -0.0188749 0.0911682 
0.00973602 -0.017994 -8.07131e-05 0.000118547 -0.017994 0.0889912 0.00012107 -0.000295107 -8.07131e-05 0.00012107 0.010417 -0.0189096 0.000118547 -0.000295107 -0.0189096 0.0912663 
0.00975769 -0.0180142 -2.77997e-05 6.57083e-05 -0.0180142 0.089007 6.06538e-05 -0.000166798 -2.77997e-05 6.06538e-05 0.0103971 -0.0188861 6.57083e-05 -0.000166798 -0.0188861 0.0912638 
0.00976661 -0.0180374 5.04473e-06 1.76566e-05 -0.0180374 0.0890572 1.00895e-05 -5.54921e-05 5.04473e-06 1.00895e-05 0.0103947 -0.0188648 1.76566e-05 -5.54921e-05 -0.0188648 0.0912416 
0.00976512 -0.0180607 3.78102e-05 -3.78102e-05 -0.0180607 0.0891187 -4.53723e-05 8.57032e-05 3.78102e-05 -4.53723e-05 0.0104129 -0.0188698 -3.78102e-05 8.57032e-05 -0.0188698 0.0912159 
0.00975851 -0.0180585 4.03036e-05 -6.80123e-05 -0.0180585 0.0891389 -7.55692e-05 0.000188923 4.03036e-05 -7.55692e-05 0.0104361 -0.0188898 -6.80123e-05 0.000188923 -0.0188898 0.0912524 
0.00971725 -0.0180496 -1.51635e-05 -3.79087e-05 -0.0180496 0.0891283 -4.04359e-05 0.000136471 -1.51635e-05 -4.04359e-05 0.0104678 -0.0189139 -3.79087e-05 0.000136471 -0.0189139 0.0912916 
0.00967411 -0.0180079 -9.13849e-05 4.06155e-05 -0.0180079 0.0890724 4.56925e-05 -4.56925e-05 -9.13849e-05 4.56925e-05 0.0104839 -0.018937 4.06155e-05 -4.56925e-05 -0.018937 0.0913266 
0.00966319 -0.0179848 -0.000173102 0.000134918 -0.0179848 0.0890332 0.000137464 -0.000269836 -0.000173102 0.000137464 0.010488 -0.0189344 0.000134918 -0.000269836 -0.0189344 0.0913319 
0.00965954 -0.0179541 -0.000183361 0.000213921 -0.0179541 0.0889553 0.000219014 -0.000468588 -0.000183361 0.000219014 0.0104999 -0.0189422 0.000213921 -0.000468588 -0.0189422 0.0913467 
0.00967371 -0.0179131 -0.000152864 0.000198723 -0.0179131 0.0888086 0.000198723 -0.000494259 -0.000152864 0.000198723 0.0104762 -0.0189856 0.000198723 -0.000494259 -0.0189856 0.0914277 
0.00972126 -0.0179148 -0.00011401 0.00014948 -0.0179148 0.0887454 0.00014948 -0.000390168 -0.00011401 0.00014948 0.0104484 -0.0189713 0.00014948 -0.000390168 -0.0189713 0.0914715 
0.00975146 -0.0179949 -0.000108799 0.00011892 -0.0179949 0.0888663 0.00011386 -0.000308686 -0.000108799 0.00011386 0.0104397 -0.0189286 0.00011892 -0.000308686 -0.0189286 0.0913788 
0.00974806 -0.0180205 -0.000116229 0.000133916 -0.0180205 0.0889782 0.000128862 -0.000315839 -0.000116229 0.000128862 0.0104555 -0.0189226 0.000133916 -0.000315839 -0.0189226 0.0913483 
0.00974119 -0.0180735 -0.000123722 0.000154021 -0.0180735 0.0891579 0.000154021 -0.000371165 -0.000123722 0.000154021 0.0104886 -0.0189143 0.000154021 -0.000371165 -0.0189143 0.0912966 
0.00971099 -0.0180408 -0.000154023 0.000143923 -0.0180408 0.0891437 0.000148973 -0.000371169 -0.000154023 0.000148973 0.0105291 -0.0189725 0.000143923 -0.000371169 -0.0189725 0.0913783 
0.00968845 -0.01799 -0.000161685 0.000156632 -0.01799 0.0890277 0.000164211 -0.000366317 -0.000161685 0.000164211 0.0105398 -0.0190257 0.000156632 -0.000366317 -0.0190257 0.0915136 
0.0096853 -0.0179603 -0.000186692 0.000179124 -0.0179603 0.0889413 0.000186692 -0.000406182 -0.000186692 0.000186692 0.0105355 -0.0190325 0.000179124 -0.000406182 -0.0190325 0.0915777 
0.00967116 -0.0179427 -0.000184429 0.000209693 -0.0179427 0.088862 0.000219799 -0.000485074 -0.000184429 0.000219799 0.0105226 -0.0190316 0.000209693 -0.000485074 -0.0190316 0.0916006 
0.00967062 -0.0179166 -0.000191298 0.000218986 -0.0179166 0.0887874 0.000229054 -0.000541172 -0.000191298 0.000229054 0.0105038 -0.019014 0.000218986 -0.000541172 -0.019014 0.0915663 
0.00966977 -0.0179124 -0.000176502 0.00020928 -0.0179124 0.088745 0.000219366 -0.000529505 -0.000176502 0.000219366 0.010464 -0.018984 0.00020928 -0.000529505 -0.018984 0.0914883 
0.00968406 -0.0179392 -0.000169143 0.000204486 -0.0179392 0.0888 0.000209535 -0.000515002 -0.000169143 0.000209535 0.0104313 -0.0189288 0.000204486 -0.000515002 -0.0189288 0.0913674 
0.0096967 -0.0179259 -0.00016418 0.000186912 -0.0179259 0.0887706 0.000191964 -0.000469806 -0.00016418 0.000191964 0.0103964 -0.0189135 0.000186912 -0.000469806 -0.0189135 0.0913344 
0.00970879 -0.0179364 -0.000139022 0.000179465 -0.0179364 0.0887693 0.00018452 -0.000452453 -0.000139022 0.00018452 0.0103635 -0.0188716 0.000179465 -0.000452453 -0.0188716 0.0912464 
0.00971764 -0.0179819 -0.000108874 0.000146853 -0.0179819 0.0888716 0.000144321 -0.000367133 -0.000108874 0.000144321 0.010338 -0.0188023 0.000146853 -0.000367133 -0.0188023 0.091087 
0.00971938 -0.0180448 -9.92033e-05 0.000134815 -0.0180448 0.0890744 0.000122096 -0.000320503 -9.92033e-05 0.000122096 0.0103146 -0.018724 0.000134815 -0.000320503 -0.018724 0.0908524 
0.00972552 -0.0180416 -0.000102132 0.000127665 -0.0180416 0.0891306 0.000114899 -0.000301289 -0.000102132 0.000114899 0.0102949 -0.0187055 0.000127665 -0.000301289 -0.0187055 0.090729 
0.00971402 -0.0180268 -0.000102658 0.000128323 -0.0180268 0.0890918 0.000120623 -0.000305408 -0.000102658 0.000120623 0.0102735 -0.0186863 0.000128323 -0.000305408 -0.0186863 0.0906599 
0.00970263 -0.0180027 -8.95784e-05 0.000107494 -0.0180027 0.0890461 0.000112613 -0.000271295 -8.95784e-05 0.000112613 0.0102913 -0.0186656 0.000107494 -0.000271295 -0.0186656 0.0906048 
0.00967775 -0.0179284 -9.46292e-05 0.000107417 -0.0179284 0.0888389 0.000109974 -0.000268542 -9.46292e-05 0.000109974 0.0102992 -0.0187161 0.000107417 -0.000268542 -0.0187161 0.0906854 
0.00964335 -0.017881 -0.000119904 0.000114802 -0.017881 0.088655 0.000114802 -0.000278075 -0.000119904 0.000114802 0.0103169 -0.0187305 0.000114802 -0.000278075 -0.0187305 0.0907648 
0.00961921 -0.0178584 -0.000133386 0.000130821 -0.0178584 0.0885608 0.000138517 -0.000292424 -0.000133386 0.000138517 0.010299 -0.0187331 0.000130821 -0.000292424 -0.0187331 0.0907745 
0.00961978 -0.017855 -0.000105317 0.000143847 -0.017855 0.0885662 0.000151553 -0.000318519 -0.000105317 0.000151553 0.0102825 -0.0186976 0.000143847 -0.000318519 -0.0186976 0.0906982 
0.00961551 -0.0178625 -9.26052e-05 0.000105467 -0.0178625 0.0885769 0.000102895 -0.000257237 -9.26052e-05 0.000102895 0.0102843 -0.0186754 0.000105467 -0.000257237 -0.0186754 0.0906374 
0.0096257 -0.0178465 -5.66066e-05 6.43257e-05 -0.0178465 0.0885482 6.17527e-05 -0.000133798 -5.66066e-05 6.17527e-05 0.010269 -0.0186725 6.43257e-05 -0.000133798 -0.0186725 0.0906092 
0.00965263 -0.0178433 -8.70529e-05 7.16906e-05 -0.0178433 0.0885226 7.16906e-05 -0.000166425 -8.70529e-05 7.16906e-05 0.010262 -0.0186754 7.16906e-05 -0.000166425 -0.0186754 0.0906323 
0.00966986 -0.0178519 -0.000102084 9.95314e-05 -0.0178519 0.0884911 9.95314e-05 -0.000201615 -0.000102084 9.95314e-05 0.0102696 -0.0187017 9.95314e-05 -0.000201615 -0.0187017 0.090714 
0.00966281 -0.0178942 -0.000125027 0.000119924 -0.0178942 0.0885702 0.000117372 -0.000265364 -0.000125027 0.000117372 0.0102752 -0.0186801 0.000119924 -0.000265364 -0.0186801 0.0906829 
0.0096709 -0.0179213 -0.000112215 0.00015047 -0.0179213 0.0886933 0.00014792 -0.000334095 -0.000112215 0.00014792 0.0102753 -0.0186685 0.00015047 -0.000334095 -0.0186685 0.0906239 
0.00968456 -0.0179587 -8.40144e-05 0.00012984 -0.0179587 0.0888235 0.000124749 -0.000325874 -8.40144e-05 0.000124749 0.0102828 -0.0186486 0.00012984 -0.000325874 -0.0186486 0.0905751 
0.00965574 -0.0179398 -0.00010984 0.000112395 -0.0179398 0.0888073 0.000117504 -0.00031164 -0.00010984 0.000117504 0.010302 -0.0186882 0.000112395 -0.00031164 -0.0186882 0.090626 
0.00960642 -0.0178698 -0.000128394 0.000112987 -0.0178698 0.0886559 0.000110419 -0.000259355 -0.000128394 0.000110419 0.0103254 -0.0187352 0.000112987 -0.000259355 -0.0187352 0.0907641 
0.0095997 -0.0178273 -0.000141059 0.000141059 -0.0178273 0.0885542 0.000141059 -0.0003052 -0.000141059 0.000141059 0.0103358 -0.0187634 0.000141059 -0.0003052 -0.0187634 0.0908599 
0.00961585 -0.0178269 -0.000120262 0.000156085 -0.0178269 0.0885078 0.000161202 -0.000345434 -0.000120262 0.000161202 0.01034 -0.018766 0.000156085 -0.000345434 -0.018766 0.09089 
0.00962972 -0.0178659 -0.000130166 0.000132718 -0.0178659 0.0885817 0.00013527 -0.000329243 -0.000130166 0.00013527 0.0103571 -0.0187541 0.000132718 -0.000329243 -0.0187541 0.0908608 
0.00965188 -0.0178995 -0.000119567 0.000127199 -0.0178995 0.0886884 0.000129743 -0.000297646 -0.000119567 0.000129743 0.0103744 -0.0187695 0.000127199 -0.000297646 -0.0187695 0.0908686 
0.00968502 -0.0179044 -0.000101255 0.000149351 -0.0179044 0.0887119 0.000144288 -0.000341735 -0.000101255 0.000144288 0.0103913 -0.0188258 0.000149351 -0.000341735 -0.0188258 0.0910028 
0.00971356 -0.0179436 -8.86042e-05 0.000139235 -0.0179436 0.0887713 0.000129109 -0.000351885 -8.86042e-05 0.000129109 0.0103692 -0.0188347 0.000139235 -0.000351885 -0.0188347 0.0910573 
0.00970852 -0.0180023 -0.000124014 0.000121483 -0.0180023 0.0889256 0.00011389 -0.000329016 -0.000124014 0.00011389 0.0103944 -0.0188071 0.000121483 -0.000329016 -0.0188071 0.0910363 
0.00969113 -0.0180043 -0.000172242 0.000157044 -0.0180043 0.0890034 0.000146912 -0.000359681 -0.000172242 0.000146912 0.0104333 -0.0188402 0.000157044 -0.000359681 -0.0188402 0.0910753 
0.00966966 -0.0179655 -0.000187564 0.000205306 -0.0179655 0.0889583 0.000200237 -0.000451166 -0.000187564 0.000200237 0.0104554 -0.0188958 0.000205306 -0.000451166 -0.0188958 0.0911914 
0.00967665 -0.0179463 -0.000192318 0.000210032 -0.0179463 0.0889017 0.000210032 -0.000485857 -0.000192318 0.000210032 0.0104738 -0.0189332 0.000210032 -0.000485857 -0.0189332 0.0913032 
0.00970224 -0.0179571 -0.000194499 0.000207129 -0.0179571 0.0888964 0.000212181 -0.000492564 -0.000194499 0.000212181 0.0104828 -0.0189599 0.000207129 -0.000492564 -0.0189599 0.0914021 
0.0096873 -0.0179816 -0.000200077 0.000220339 -0.0179816 0.0889332 0.000227936 -0.000516656 -0.000200077 0.000227936 0.0105028 -0.0189668 0.000220339 -0.000516656 -0.0189668 0.0914405 
0.00968438 -0.0179784 -0.000192825 0.000230882 -0.0179784 0.0889633 0.000238494 -0.000565789 -0.000192825 0.000238494 0.0105064 -0.0189831 0.000230882 -0.000565789 -0.0189831 0.091465 
0.00967658 -0.0179606 -0.000192771 0.000218135 -0.0179606 0.0889307 0.000225745 -0.000552947 -0.000192771 0.000225745 0.0105111 -0.0189854 0.000218135 -0.000552947 -0.0189854 0.0914823 
0.00967654 -0.0179329 -0.000198519 0.00022397 -0.0179329 0.0888374 0.000226516 -0.000549746 -0.000198519 0.000226516 0.0104681 -0.018984 0.00022397 -0.000549746 -0.018984 0.0914639 
0.00968608 -0.0179343 -0.000167967 0.000211231 -0.0179343 0.0887959 0.000213776 -0.0005039 -0.000167967 0.000213776 0.0104343 -0.0189421 0.000211231 -0.0005039 -0.0189421 0.0913968 
0.00971047 -0.0179247 -0.000142502 0.000183216 -0.0179247 0.0887581 0.000175582 -0.000442773 -0.000142502 0.000175582 0.0103848 -0.0189044 0.000183216 -0.000442773 -0.0189044 0.0913003 
0.00972398 -0.0179924 -0.000157494 0.000177816 -0.0179924 0.0888977 0.000170195 -0.000439459 -0.000157494 0.000170195 0.0103794 -0.0188231 0.000177816 -0.000439459 -0.0188231 0.0911204 
0.00972923 -0.0180102 -0.000182613 0.00020544 -0.0180102 0.0889808 0.000197831 -0.000474287 -0.000182613 0.000197831 0.0103861 -0.0188117 0.00020544 -0.000474287 -0.0188117 0.0910251 
0.00973457 -0.0180189 -0.000161695 0.000224858 -0.0180189 0.0890386 0.000219805 -0.000528036 -0.000161695 0.000219805 0.0104066 -0.0188198 0.000224858 -0.000528036 -0.0188198 0.0910193 
0.00974901 -0.018043 -0.000138695 0.000184086 -0.018043 0.0891129 0.000184086 -0.000469042 -0.000138695 0.000184086 0.0104072 -0.0188298 0.000184086 -0.000469042 -0.0188298 0.0910244 
0.00972802 -0.01804 -0.000143876 0.0001464 -0.01804 0.0891121 0.0001464 -0.000373572 -0.000143876 0.0001464 0.0104247 -0.0188528 0.0001464 -0.000373572 -0.0188528 0.0910608 
0.00970211 -0.0180218 -0.000129362 0.000144581 -0.0180218 0.0890996 0.00015219 -0.000329745 -0.000129362 0.00015219 0.0104225 -0.018864 0.000144581 -0.000329745 -0.018864 0.0910959 
0.0096651 -0.0179702 -0.000119699 0.000137527 -0.0179702 0.0889698 0.000140074 -0.000323443 -0.000119699 0.000140074 0.0104393 -0.0188947 0.000137527 -0.000323443 -0.0188947 0.0911957 
0.00963643 -0.0179247 -0.000130222 0.000125115 -0.0179247 0.0888599 0.000127669 -0.000301298 -0.000130222 0.000127669 0.0104433 -0.0189026 0.000125115 -0.000301298 -0.0189026 0.0912371 
0.00964053 -0.0178733 -9.40167e-05 0.000124509 -0.0178733 0.0886959 0.000121968 -0.000261722 -9.40167e-05 0.000121968 0.0104638 -0.0189406 0.000124509 -0.000261722 -0.0189406 0.091336 
0.009676 -0.0178949 -9.10682e-05 0.000116365 -0.0178949 0.0886954 0.000111306 -0.000273205 -9.10682e-05 0.000111306 0.0104602 -0.0189346 0.000116365 -0.000273205 -0.0189346 0.0913541 
0.00968505 -0.0179312 -9.37345e-05 0.000121601 -0.0179312 0.0887412 0.000119068 -0.000298937 -9.37345e-05 0.000119068 0.0104425 -0.0189217 0.000121601 -0.000298937 -0.0189217 0.0913101 
0.00968741 -0.017963 -0.000121886 0.000114268 -0.017963 0.08885 0.00010665 -0.000271705 -0.000121886 0.00010665 0.0104263 -0.0188898 0.000114268 -0.000271705 -0.0188898 0.0912344 
0.00966901 -0.0179426 -0.000147154 0.000126857 -0.0179426 0.0888275 0.000129394 -0.000279084 -0.000147154 0.000129394 0.0104251 -0.0188839 0.000126857 -0.000279084 -0.0188839 0.0912175 
0.00966742 -0.0179102 -0.000149823 0.000149823 -0.0179102 0.0887412 0.000147284 -0.000312344 -0.000149823 0.000147284 0.0104191 -0.0189082 0.000149823 -0.000312344 -0.0189082 0.0912628 
0.00966673 -0.017931 -0.000147623 0.000173075 -0.017931 0.088772 0.00018071 -0.000386873 -0.000147623 0.00018071 0.0104048 -0.0188677 0.000173075 -0.000386873 -0.0188677 0.09119 
0.00965708 -0.0179036 -0.000147943 0.000168348 -0.0179036 0.0887196 0.000176001 -0.00041832 -0.000147943 0.000176001 0.0103993 -0.0188652 0.000168348 -0.00041832 -0.0188652 0.0911836 
0.00964101 -0.0179036 -0.000168782 0.000171339 -0.0179036 0.0887024 0.000179011 -0.000429626 -0.000168782 0.000179011 0.0103954 -0.0188549 0.000171339 -0.000429626 -0.0188549 0.0911574 
0.00965336 -0.0179036 -0.000188781 0.000191332 -0.0179036 0.0887247 0.000193883 -0.000454096 -0.000188781 0.000193883 0.010411 -0.0188501 0.000191332 -0.000454096 -0.0188501 0.0911354 
0.00967828 -0.0179128 -0.000173145 0.000206246 -0.0179128 0.0887621 0.000213885 -0.000476148 -0.000173145 0.000213885 0.0104065 -0.0188575 0.000206246 -0.000476148 -0.0188575 0.09112 
0.00971182 -0.0179695 -0.000152263 0.000195404 -0.0179695 0.0888833 0.000197941 -0.000484703 -0.000152263 0.000197941 0.0104097 -0.0188374 0.000195404 -0.000484703 -0.0188374 0.0910733 
0.0097147 -0.0180084 -0.00015677 0.000184584 -0.0180084 0.0889798 0.000179527 -0.000465254 -0.00015677 0.000179527 0.0104328 -0.0188453 0.000184584 -0.000465254 -0.0188453 0.0910734 
0.00974855 -0.0180194 -0.000131124 0.000186599 -0.0180194 0.0890406 0.000181556 -0.000443803 -0.000131124 0.000181556 0.0104269 -0.0188768 0.000186599 -0.000443803 -0.0188768 0.0911259 
0.00975871 -0.0180172 -0.000121226 0.000138905 -0.0180172 0.0890204 0.000131328 -0.000335898 -0.000121226 0.000131328 0.0104128 -0.0189088 0.000138905 -0.000335898 -0.0189088 0.0912404 
0.00975704 -0.0180556 -0.000129586 0.000144831 -0.0180556 0.089099 0.000144831 -0.000343021 -0.000129586 0.000144831 0.0103846 -0.0188636 0.000144831 -0.000343021 -0.0188636 0.0911877 
0.00976113 -0.0180573 -0.000127164 0.000157684 -0.0180573 0.0891397 0.000152597 -0.000368777 -0.000127164 0.000152597 0.0103664 -0.018833 0.000157684 -0.000368777 -0.018833 0.0911082 
0.00970293 -0.018011 -9.92692e-05 0.000134904 -0.018011 0.0890292 0.000134904 -0.000333443 -9.92692e-05 0.000134904 0.0103953 -0.0188357 0.000134904 -0.000333443 -0.0188357 0.0910935 
0.00969225 -0.0179915 -9.15083e-05 0.000109302 -0.0179915 0.0889893 0.000109302 -0.000271983 -9.15083e-05 0.000109302 0.0103913 -0.0188202 0.000109302 -0.000271983 -0.0188202 0.0910279 
0.00970052 -0.0180051 -9.4081e-05 0.00011188 -0.0180051 0.0890185 0.000116966 -0.000261901 -9.4081e-05 0.000116966 0.0103845 -0.0187933 0.00011188 -0.000261901 -0.0187933 0.0909357 
0.00971365 -0.0179946 -8.90694e-05 0.000101794 -0.0179946 0.0890083 0.000104338 -0.000234125 -8.90694e-05 0.000104338 0.0103753 -0.0188038 0.000101794 -0.000234125 -0.0188038 0.0909373 
0.0096918 -0.017956 -9.70457e-05 9.19381e-05 -0.017956 0.088876 8.42765e-05 -0.000204307 -9.70457e-05 8.42765e-05 0.0103558 -0.0188218 9.19381e-05 -0.000204307 -0.0188218 0.0909957 
0.00968449 -0.0179443 -0.000135322 0.000127663 -0.0179443 0.0888328 0.000130216 -0.000280858 -0.000135322 0.000130216 0.0103407 -0.0187843 0.000127663 -0.000280858 -0.0187843 0.0909495 
0.00968259 -0.0179291 -0.000132638 0.000153044 -0.0179291 0.0887732 0.000165798 -0.000352001 -0.000132638 0.000165798 0.0103356 -0.018776 0.000153044 -0.000352001 -0.018776 0.090926 
0.00970477 -0.0179204 -9.14825e-05 0.0001296 -0.0179204 0.0887355 0.000139765 -0.000320189 -9.14825e-05 0.000139765 0.0103172 -0.0187666 0.0001296 -0.000320189 -0.0187666 0.0908904 
0.00970396 -0.0179452 -8.40942e-05 8.91908e-05 -0.0179452 0.08875 8.91908e-05 -0.000229348 -8.40942e-05 8.91908e-05 0.0102952 -0.0187377 8.91908e-05 -0.000229348 -0.0187377 0.0908319 
0.00969915 -0.0179658 -8.142e-05 8.142e-05 -0.0179658 0.0888317 7.63312e-05 -0.000180651 -8.142e-05 7.63312e-05 0.010292 -0.0187037 8.142e-05 -0.000180651 -0.0187037 0.0907375 
0.00969491 -0.0179653 -8.37957e-05 9.6492e-05 -0.0179653 0.0888641 9.39527e-05 -0.000198063 -8.37957e-05 9.39527e-05 0.0103145 -0.0187144 9.6492e-05 -0.000198063 -0.0187144 0.0907533 
0.0097129 -0.0179789 -9.37587e-05 0.000114031 -0.0179789 0.0889111 0.000111497 -0.00025847 -9.37587e-05 0.000111497 0.0103261 -0.0187315 0.000114031 -0.00025847 -0.0187315 0.0907736 
0.0096996 -0.0179817 -8.87545e-05 0.000116649 -0.0179817 0.088927 0.000114113 -0.000276407 -8.87545e-05 0.000114113 0.0103513 -0.0187526 0.000116649 -0.000276407 -0.0187526 0.0908162 
0.00968028 -0.0179788 -7.85984e-05 0.000103953 -0.0179788 0.0889278 0.000103953 -0.000268756 -7.85984e-05 0.000103953 0.0103775 -0.0187799 0.000103953 -0.000268756 -0.0187799 0.0908927 
0.0096561 -0.0179429 -7.36719e-05 8.12932e-05 -0.0179429 0.088856 8.38336e-05 -0.000215935 -7.36719e-05 8.38336e-05 0.0103852 -0.0188041 8.12932e-05 -0.000215935 -0.0188041 0.0909442 
0.00964629 -0.0179211 -8.66739e-05 8.15754e-05 -0.0179211 0.0888025 8.66739e-05 -0.000196291 -8.66739e-05 8.66739e-05 0.0103856 -0.0188159 8.15754e-05 -0.000196291 -0.0188159 0.0909999 
0.00964083 -0.0178614 -8.92434e-05 0.000112192 -0.0178614 0.0886314 0.000112192 -0.000249881 -8.92434e-05 0.000112192 0.0103803 -0.0188533 0.000112192 -0.000249881 -0.0188533 0.0911226 
0.0096491 -0.0178587 -9.22134e-05 0.000110144 -0.0178587 0.0885658 0.000112705 -0.000274079 -9.22134e-05 0.000112705 0.0103458 -0.0188397 0.000110144 -0.000274079 -0.0188397 0.0911324 
0.00967917 -0.017873 -6.92652e-05 8.46575e-05 -0.017873 0.0885748 9.4919e-05 -0.000225753 -6.92652e-05 9.4919e-05 0.0103026 -0.0187914 8.46575e-05 -0.000225753 -0.0187914 0.0910427 
0.00969887 -0.0179141 -5.87346e-05 6.3842e-05 -0.0179141 0.0886484 6.3842e-05 -0.000165989 -5.87346e-05 6.3842e-05 0.010299 -0.0187389 6.3842e-05 -0.000165989 -0.0187389 0.0909339 
0.00969527 -0.01796 -6.87247e-05 7.89061e-05 -0.01796 0.088777 6.87247e-05 -0.000167994 -6.87247e-05 6.87247e-05 0.0103265 -0.0187135 7.89061e-05 -0.000167994 -0.0187135 0.0908133 
0.00968051 -0.0179567 -7.8724e-05 9.90398e-05 -0.0179567 0.0888209 9.14214e-05 -0.000215856 -7.8724e-05 9.14214e-05 0.0103687 -0.0187642 9.90398e-05 -0.000215856 -0.0187642 0.0908627 
0.00968917 -0.0179496 -7.61329e-05 0.00010151 -0.0179496 0.0888496 9.13594e-05 -0.000236012 -7.61329e-05 9.13594e-05 0.0103845 -0.0188074 0.00010151 -0.000236012 -0.0188074 0.0909432 
0.00970901 -0.0179825 -8.8771e-05 7.86257e-05 -0.0179825 0.0889434 6.59442e-05 -0.000182615 -8.8771e-05 6.59442e-05 0.0103938 -0.0188169 7.86257e-05 -0.000182615 -0.0188169 0.0909953 
0.0097271 -0.0179915 -8.87278e-05 8.61927e-05 -0.0179915 0.0889686 8.87278e-05 -0.000185061 -8.87278e-05 8.87278e-05 0.0104116 -0.0188559 8.61927e-05 -0.000185061 -0.0188559 0.0911107 
