0.00727607 0 -0.000424181 0 0 0.0099922 0 0 -0.000424181 0 0.00731028 0 0 0 0 0.0099922 
0.0102547 -0.0127452 -0.000494989 0.000613289 -0.0127452 0.0336188 0.000613289 -0.00117677 -0.000494989 0.000613289 0.0103169 -0.0128106 0.000613289 -0.00117677 -0.0128106 0.0337527 
0.0103357 -0.0193073 -0.000388419 0.000609471 -0.0193073 0.0709386 0.000609471 -0.00193262 -0.000388419 0.000609471 0.0103673 -0.0194052 0.000609471 -0.00193262 -0.0194052 0.0712102 
0.00979761 -0.0190521 -0.0003631 0.000448536 -0.0190521 0.0852157 0.000448536 -0.00148597 -0.0003631 0.000448536 0.00978846 -0.0190002 0.000448536 -0.00148597 -0.0190002 0.0850326 
0.00977984 -0.0183863 -0.000430613 0.000462404 -0.0183863 0.0883914 0.000459514 -0.00117046 -0.000430613 0.000459514 0.0097625 -0.0182736 0.000462404 -0.00117046 -0.0182736 0.0879868 
0.00991627 -0.018295 -0.000483923 0.000553055 -0.018295 0.0892907 0.00056135 -0.00123884 -0.000483923 0.00056135 0.00991903 -0.0181789 0.000553055 -0.00123884 -0.0181789 0.0888703 
0.0100437 -0.0183517 -0.000503115 0.000641538 -0.0183517 0.0897381 0.0006442 -0.00149603 -0.000503115 0.0006442 0.0100463 -0.0183304 0.000641538 -0.00149603 -0.0183304 0.0895411 
0.0101287 -0.018433 -0.000483922 0.000634015 -0.018433 0.0899965 0.000634015 -0.00158633 -0.000483922 0.000634015 0.0100873 -0.0184123 0.000634015 -0.00158633 -0.0184123 0.0898982 
0.0101569 -0.0185085 -0.000483782 0.000613639 -0.0185085 0.0901566 0.000611093 -0.00157356 -0.000483782 0.000611093 0.0101059 -0.0184372 0.000613639 -0.00157356 -0.0184372 0.0900114 
0.0101581 -0.0185707 -0.000497247 0.0006038 -0.0185707 0.0903316 0.0006038 -0.00154248 -0.000497247 0.0006038 0.0100769 -0.0184083 0.0006038 -0.00154248 -0.0184083 0.0899333 
0.0101389 -0.0185669 -0.000489203 0.000590593 -0.0185669 0.0903911 0.000595662 -0.00147775 -0.000489203 0.000595662 0.010068 -0.0184022 0.000590593 -0.00147775 -0.0184022 0.0899171 
0.0101201 -0.0185404 -0.000483114 0.000584289 -0.0185404 0.0903575 0.000589348 -0.00144681 -0.000483114 0.000589348 0.0100847 -0.0184165 0.000584289 -0.00144681 -0.0184165 0.0899705 
0.010128 -0.0185438 -0.000477027 0.000584986 -0.0185438 0.0903741 0.000582476 -0.00144364 -0.000477027 0.000582476 0.0100829 -0.0184032 0.000584986 -0.00144364 -0.0184032 0.0899322 
0.0101418 -0.0185382 -0.000450747 0.000563434 -0.0185382 0.0903723 0.000555921 -0.00137979 -0.000450747 0.000555921 0.0100867 -0.0184331 0.000563434 -0.00137979 -0.0184331 0.0899942 
0.0101571 -0.0185478 -0.000440958 0.000543681 -0.0185478 0.0903839 0.000533659 -0.00133039 -0.000440958 0.000533659 0.0100794 -0.0184626 0.000543681 -0.00133039 -0.0184626 0.0901058 
0.010143 -0.0185816 -0.000435527 0.000543779 -0.0185816 0.0904562 0.000541262 -0.00133176 -0.000435527 0.000541262 0.0100624 -0.0184306 0.000543779 -0.00133176 -0.0184306 0.090066 
0.010122 -0.0185325 -0.000439208 0.00052503 -0.0185325 0.0903859 0.000530078 -0.00131005 -0.000439208 0.000530078 0.0100589 -0.0184543 0.00052503 -0.00131005 -0.0184543 0.090136 
0.01009 -0.0184975 -0.000425056 0.00052879 -0.0184975 0.0902915 0.00052879 -0.00129794 -0.000425056 0.00052879 0.0100748 -0.0184469 0.00052879 -0.00129794 -0.0184469 0.0901549 
0.0100633 -0.0184772 -0.000424385 0.000533657 -0.0184772 0.0902262 0.00053874 -0.00133414 -0.000424385 0.00053874 0.0100633 -0.0184264 0.000533657 -0.00133414 -0.0184264 0.0900813 
0.0100416 -0.0184262 -0.00039648 0.000521016 -0.0184262 0.0901104 0.000513391 -0.00130381 -0.00039648 0.000513391 0.0100645 -0.0184287 0.000521016 -0.00130381 -0.0184287 0.0900773 
0.0100425 -0.0184181 -0.000371568 0.000473368 -0.0184181 0.0900748 0.000468278 -0.0011936 -0.000371568 0.000468278 0.0100553 -0.018413 0.000473368 -0.0011936 -0.018413 0.0900341 
0.0100446 -0.0184431 -0.000378516 0.000434404 -0.0184431 0.090135 0.000429323 -0.00108474 -0.000378516 0.000429323 0.0100751 -0.0183872 0.000434404 -0.00108474 -0.0183872 0.0899546 
0.0100398 -0.0184403 -0.000392021 0.000458206 -0.0184403 0.0901445 0.000448024 -0.00108951 -0.000392021 0.000448024 0.0100704 -0.0184021 0.000458206 -0.00108951 -0.0184021 0.0899179 
0.0100609 -0.0184251 -0.000412104 0.000496051 -0.0184251 0.0901057 0.000493507 -0.00119307 -0.000412104 0.000493507 0.0100355 -0.0183946 0.000496051 -0.00119307 -0.0183946 0.0899047 
0.0100849 -0.0184428 -0.000434304 0.00050753 -0.0184428 0.0901181 0.000505005 -0.00123221 -0.000434304 0.000505005 0.010042 -0.0183771 0.00050753 -0.00123221 -0.0183771 0.0899186 
0.0101223 -0.0184764 -0.000443939 0.00051961 -0.0184764 0.0901599 0.000527177 -0.0012738 -0.000443939 0.000527177 0.0100265 -0.0183856 0.00051961 -0.0012738 -0.0183856 0.0899355 
0.0101231 -0.018493 -0.000439587 0.000538115 -0.018493 0.0901836 0.000548221 -0.00133392 -0.000439587 0.000548221 0.0100196 -0.0183944 0.000538115 -0.00133392 -0.0183944 0.089984 
0.0101355 -0.0185291 -0.000444294 0.000550319 -0.0185291 0.0902977 0.000552843 -0.00137832 -0.000444294 0.000552843 0.0100143 -0.0183599 0.000550319 -0.00137832 -0.0183599 0.0899241 
0.0101234 -0.0185411 -0.000454191 0.000542506 -0.0185411 0.0903714 0.000539983 -0.00136762 -0.000454191 0.000539983 0.0100351 -0.0183569 0.000542506 -0.00136762 -0.0183569 0.0898869 
0.0101191 -0.0185134 -0.000442602 0.000556414 -0.0185134 0.0903338 0.000553885 -0.00137839 -0.000442602 0.000553885 0.0100281 -0.018392 0.000556414 -0.00137839 -0.018392 0.0899367 
0.010146 -0.0185003 -0.000410781 0.000541828 -0.0185003 0.0902786 0.000536788 -0.00134575 -0.000410781 0.000536788 0.0100175 -0.0183995 0.000541828 -0.00134575 -0.0183995 0.0899863 
0.0101438 -0.0185486 -0.000390629 0.000509078 -0.0185486 0.0903437 0.000514118 -0.00131554 -0.000390629 0.000514118 0.0100051 -0.0183495 0.000509078 -0.00131554 -0.0183495 0.08989 
0.0101036 -0.0185635 -0.00039826 0.000489581 -0.0185635 0.0904303 0.000499727 -0.00127088 -0.00039826 0.000499727 0.00998186 -0.0182946 0.000489581 -0.00127088 -0.0182946 0.0897099 
0.0100713 -0.0185297 -0.000412111 0.000485884 -0.0185297 0.0904024 0.000490972 -0.00123125 -0.000412111 0.000490972 0.00996698 -0.0182652 0.000485884 -0.00123125 -0.0182652 0.0895883 
0.0100372 -0.018436 -0.000429986 0.000506315 -0.018436 0.0901877 0.000508859 -0.00124925 -0.000429986 0.000508859 0.00998891 -0.0182986 0.000506315 -0.00124925 -0.0182986 0.0896712 
0.0100058 -0.0183784 -0.000431262 0.000520577 -0.0183784 0.0899756 0.000523129 -0.00127082 -0.000431262 0.000523129 0.00999814 -0.018335 0.000520577 -0.00127082 -0.018335 0.0897816 
0.0100016 -0.0183647 -0.000410256 0.00050199 -0.0183647 0.0899072 0.00050199 -0.00123586 -0.000410256 0.00050199 0.010022 -0.0183367 0.00050199 -0.00123586 -0.0183367 0.0898257 
0.0100129 -0.0183391 -0.000395514 0.000477169 -0.0183391 0.0898302 0.000477169 -0.00117123 -0.000395514 0.000477169 0.0100205 -0.0183723 0.000477169 -0.00117123 -0.0183723 0.089894 
0.0100425 -0.0183638 -0.000394673 0.000511802 -0.0183638 0.0898556 0.000506709 -0.00126295 -0.000394673 0.000506709 0.0099916 -0.0183536 0.000511802 -0.00126295 -0.0183536 0.0898633 
0.010069 -0.0184147 -0.000385224 0.000509408 -0.0184147 0.0899675 0.000501804 -0.00128239 -0.000385224 0.000501804 0.0099854 -0.0183057 0.000509408 -0.00128239 -0.0183057 0.0897622 
0.0100859 -0.0184145 -0.000376735 0.000475344 -0.0184145 0.0899867 0.000472816 -0.00122123 -0.000376735 0.000472816 0.00998475 -0.0183311 0.000475344 -0.00122123 -0.0183311 0.0897945 
0.0101097 -0.0184459 -0.000374805 0.000475424 -0.0184459 0.0900538 0.000480455 -0.00121497 -0.000374805 0.000480455 0.00999396 -0.0183378 0.000475424 -0.00121497 -0.0183378 0.08983 
0.0101109 -0.0185039 -0.000402423 0.000470331 -0.0185039 0.0902055 0.000472847 -0.00119972 -0.000402423 0.000472847 0.0100178 -0.0183303 0.000470331 -0.00119972 -0.0183303 0.0898107 
0.0100935 -0.0185114 -0.000404954 0.000498599 -0.0185114 0.0902971 0.000498599 -0.00123511 -0.000404954 0.000498599 0.0100074 -0.0183419 0.000498599 -0.00123511 -0.0183419 0.0897959 
0.0100607 -0.0185008 -0.000380276 0.000497676 -0.0185008 0.0903014 0.000495124 -0.00123526 -0.000380276 0.000495124 0.0100097 -0.0183477 0.000497676 -0.00123526 -0.0183477 0.0898216 
0.01002 -0.0184375 -0.000364084 0.000464079 -0.0184375 0.0901723 0.000456387 -0.00116661 -0.000364084 0.000456387 0.0100277 -0.0183555 0.000464079 -0.00116661 -0.0183555 0.0898672 
0.0100136 -0.0183934 -0.00034627 0.000441174 -0.0183934 0.0900533 0.000433479 -0.00110037 -0.00034627 0.000433479 0.0100213 -0.0183523 0.000441174 -0.00110037 -0.0183523 0.0898533 
0.0100258 -0.018372 -0.000348188 0.000407072 -0.018372 0.0899655 0.000401952 -0.00101384 -0.000348188 0.000401952 0.0100181 -0.0183567 0.000407072 -0.00101384 -0.0183567 0.0898555 
0.0100275 -0.0183888 -0.000364867 0.000421 -0.0183888 0.089946 0.000426103 -0.00102826 -0.000364867 0.000426103 0.0100326 -0.0183454 0.000421 -0.00102826 -0.0183454 0.0898184 
0.010033 -0.0183954 -0.000365019 0.000463878 -0.0183954 0.0899747 0.000471483 -0.00112801 -0.000365019 0.000471483 0.0100532 -0.0183473 0.000463878 -0.00112801 -0.0183473 0.0897997 
0.0100215 -0.0183976 -0.000330601 0.000441643 -0.0183976 0.0899689 0.000449214 -0.00111799 -0.000330601 0.000449214 0.0100846 -0.018385 0.000441643 -0.00111799 -0.018385 0.0898579 
0.0100243 -0.0183704 -0.000298253 0.000394301 -0.0183704 0.0899208 0.000391773 -0.0010085 -0.000298253 0.000391773 0.010085 -0.0184487 0.000394301 -0.0010085 -0.0184487 0.0900143 
0.0100334 -0.0184085 -0.000289498 0.0003733 -0.0184085 0.0899933 0.000365682 -0.000949757 -0.000289498 0.000365682 0.0100486 -0.0184136 0.0003733 -0.000949757 -0.0184136 0.0899882 
0.0100625 -0.0184237 -0.000319927 0.000373248 -0.0184237 0.0900594 0.000365631 -0.00093185 -0.000319927 0.000365631 0.0100142 -0.0183831 0.000373248 -0.00093185 -0.0183831 0.0899223 
0.0100686 -0.0184562 -0.000352033 0.000408154 -0.0184562 0.0901153 0.000408154 -0.000997426 -0.000352033 0.000408154 0.00997426 -0.0183287 0.000408154 -0.000997426 -0.0183287 0.0898066 
0.0100537 -0.0184472 -0.000374068 0.000445807 -0.0184472 0.0901146 0.000450932 -0.00107865 -0.000374068 0.000450932 0.00995893 -0.0182884 0.000445807 -0.00107865 -0.0182884 0.0897175 
0.0100178 -0.018401 -0.000384904 0.000461884 -0.018401 0.090011 0.000469582 -0.00113675 -0.000384904 0.000469582 0.00997413 -0.0182881 0.000461884 -0.00113675 -0.0182881 0.0897031 
0.0100224 -0.0183565 -0.000388821 0.000480911 -0.0183565 0.0898868 0.000493701 -0.00121762 -0.000388821 0.000493701 0.00995843 -0.0183002 0.000480911 -0.00121762 -0.0183002 0.0897001 
0.0100432 -0.0183523 -0.000361154 0.000471293 -0.0183523 0.0898147 0.0004841 -0.00120385 -0.000361154 0.0004841 0.00992021 -0.0182831 0.000471293 -0.00120385 -0.0182831 0.0896661 
0.0100652 -0.0183754 -0.000352 0.000436174 -0.0183754 0.0898341 0.000443827 -0.00112487 -0.000352 0.000443827 0.00992488 -0.018253 0.000436174 -0.00112487 -0.018253 0.0896428 
0.0100945 -0.0184258 -0.000377651 0.000441444 -0.0184258 0.0899575 0.000446547 -0.00111764 -0.000377651 0.000446547 0.00990824 -0.0182293 0.000441444 -0.00111764 -0.0182293 0.0895544 
0.0100936 -0.0184773 -0.000394977 0.000471424 -0.0184773 0.0901133 0.000473972 -0.001162 -0.000394977 0.000473972 0.00992029 -0.0182046 0.000471424 -0.001162 -0.0182046 0.0894763 
0.0100702 -0.018476 -0.000407185 0.000501346 -0.018476 0.0901838 0.000501346 -0.00123682 -0.000407185 0.000501346 0.00995567 -0.0182139 0.000501346 -0.00123682 -0.0182139 0.0894432 
0.0100314 -0.0184497 -0.000421041 0.000507278 -0.0184497 0.090156 0.000499669 -0.00125044 -0.000421041 0.000499669 0.0100061 -0.0182595 0.000507278 -0.00125044 -0.0182595 0.0895245 
0.0100016 -0.0184013 -0.000440355 0.00052387 -0.0184013 0.0900677 0.000518809 -0.00129323 -0.000440355 0.000518809 0.0100421 -0.0183177 0.00052387 -0.00129323 -0.0183177 0.0896476 
0.010005 -0.0183544 -0.000430379 0.000546834 -0.0183544 0.0899314 0.000541771 -0.0013443 -0.000430379 0.000541771 0.0100481 -0.0183949 0.000546834 -0.0013443 -0.0183949 0.0898656 
0.0100291 -0.0183571 -0.000418937 0.000530653 -0.0183571 0.0898937 0.000528114 -0.00133298 -0.000418937 0.000528114 0.0100367 -0.0184231 0.000530653 -0.00133298 -0.0184231 0.0900029 
0.0100681 -0.018415 -0.000396623 0.000503406 -0.018415 0.090013 0.000505948 -0.00128648 -0.000396623 0.000505948 0.010002 -0.0183743 0.000503406 -0.00128648 -0.0183743 0.0899418 
0.0100994 -0.0184692 -0.000377336 0.000458374 -0.0184692 0.0901655 0.000460907 -0.00117759 -0.000377336 0.000460907 0.0100159 -0.0183426 0.000458374 -0.00117759 -0.0183426 0.0898793 
0.0101096 -0.0184959 -0.000373961 0.000475032 -0.0184959 0.0902409 0.000477559 -0.00118758 -0.000373961 0.000477559 0.0100338 -0.0183569 0.000475032 -0.00118758 -0.0183569 0.0898644 
0.0100958 -0.0184949 -0.000365182 0.000471693 -0.0184949 0.0902481 0.000466621 -0.00118177 -0.000365182 0.000466621 0.0100146 -0.0183707 0.000471693 -0.00118177 -0.0183707 0.0898779 
0.0100967 -0.0184611 -0.000353067 0.000416568 -0.0184611 0.0901743 0.000408948 -0.00105666 -0.000353067 0.000408948 0.0100256 -0.0184027 0.000416568 -0.00105666 -0.0184027 0.089994 
0.0101221 -0.0184902 -0.0003635 0.000447385 -0.0184902 0.090204 0.000434675 -0.00106762 -0.0003635 0.000434675 0.00998228 -0.0183555 0.000447385 -0.00106762 -0.0183555 0.0899092 
0.0100989 -0.0184875 -0.000349206 0.000448615 -0.0184875 0.0901868 0.000443517 -0.0010884 -0.000349206 0.000443517 0.00997912 -0.0183244 0.000448615 -0.0010884 -0.0183244 0.0898274 
0.0100881 -0.0184672 -0.000336694 0.000438723 -0.0184672 0.090155 0.000443824 -0.00109936 -0.000336694 0.000443824 0.00996564 -0.0183014 0.000438723 -0.00109936 -0.0183014 0.089752 
0.0100699 -0.0184683 -0.000336343 0.000420428 -0.0184683 0.0901653 0.000428072 -0.00108037 -0.000336343 0.000428072 0.00996797 -0.018267 0.000420428 -0.00108037 -0.018267 0.0896353 
0.0100658 -0.0184438 -0.000343674 0.000420046 -0.0184438 0.090119 0.000432775 -0.00106666 -0.000343674 0.000432775 0.00996655 -0.0182707 0.000420046 -0.00106666 -0.0182707 0.0895997 
0.0100387 -0.0184464 -0.000349683 0.000436466 -0.0184464 0.090106 0.000441571 -0.00108989 -0.000349683 0.000441571 0.00995194 -0.0182422 0.000436466 -0.00108989 -0.0182422 0.0895189 
0.00999867 -0.0183655 -0.000343808 0.000449003 -0.0183655 0.0899238 0.000443872 -0.00112892 -0.000343808 0.000443872 0.00994479 -0.018268 0.000449003 -0.00112892 -0.018268 0.0895698 
0.00997942 -0.0183196 -0.00032374 0.000421376 -0.0183196 0.0897814 0.00040596 -0.00105858 -0.00032374 0.00040596 0.00993574 -0.0182605 0.000421376 -0.00105858 -0.0182605 0.0895964 
0.00998491 -0.018325 -0.000321265 0.000408649 -0.018325 0.0897743 0.000406079 -0.00104861 -0.000321265 0.000406079 0.00990781 -0.0182144 0.000408649 -0.00104861 -0.0182144 0.0894761 
0.0100212 -0.0182987 -0.000310277 0.000397462 -0.0182987 0.089706 0.000402591 -0.00102058 -0.000310277 0.000402591 0.00988527 -0.0182294 0.000397462 -0.00102058 -0.0182294 0.089488 
0.0100554 -0.0183825 -0.000319584 0.000393728 -0.0183825 0.0898262 0.000398841 -0.00100477 -0.000319584 0.000398841 0.00985343 -0.0181473 0.000393728 -0.00100477 -0.0181473 0.0893328 
0.0100465 -0.0183968 -0.000311637 0.000385715 -0.0183968 0.0898971 0.00038316 -0.000968119 -0.000311637 0.00038316 0.00987277 -0.018149 0.000385715 -0.000968119 -0.018149 0.0892994 
0.0100218 -0.0183976 -0.000307182 0.000381418 -0.0183976 0.0899377 0.000386537 -0.000959943 -0.000307182 0.000386537 0.00989894 -0.0181647 0.000381418 -0.000959943 -0.0181647 0.0893029 
0.0099869 -0.018367 -0.000294712 0.000371594 -0.018367 0.089895 0.000374157 -0.000940517 -0.000294712 0.000374157 0.00991515 -0.0181876 0.000371594 -0.000940517 -0.0181876 0.0893414 
0.00994645 -0.0182999 -0.000306242 0.000380873 -0.0182999 0.0897368 0.000388593 -0.000967623 -0.000306242 0.000388593 0.00992071 -0.0182176 0.000380873 -0.000967623 -0.0182176 0.0894228 
0.00994156 -0.0182943 -0.000329072 0.000398485 -0.0182943 0.0897132 0.000390773 -0.000992357 -0.000329072 0.000390773 0.00989786 -0.0181735 0.000398485 -0.000992357 -0.0181735 0.0893275 
0.00991709 -0.0182515 -0.000343738 0.000420694 -0.0182515 0.0896027 0.000415564 -0.00104147 -0.000343738 0.000415564 0.00992222 -0.0181822 0.000420694 -0.00104147 -0.0181822 0.0893334 
0.00992244 -0.01821 -0.000336223 0.000423487 -0.01821 0.0894765 0.000420921 -0.0010523 -0.000336223 0.000420921 0.00990704 -0.0182151 0.000423487 -0.0010523 -0.0182151 0.0893969 
0.00993467 -0.0182303 -0.000331413 0.000411054 -0.0182303 0.0894634 0.000408485 -0.0010225 -0.000331413 0.000408485 0.00987044 -0.0181763 0.000411054 -0.0010225 -0.0181763 0.0893401 
0.00995586 -0.0182588 -0.000341887 0.000419005 -0.0182588 0.0895359 0.000424146 -0.00105394 -0.000341887 0.000424146 0.00982733 -0.0181175 0.000419005 -0.00105394 -0.0181175 0.0892069 
0.0099827 -0.0182794 -0.000320287 0.000404843 -0.0182794 0.0895881 0.00041253 -0.00103004 -0.000320287 0.00041253 0.00981872 -0.0180975 0.000404843 -0.00103004 -0.0180975 0.0891628 
0.0100083 -0.0183252 -0.000303127 0.000379545 -0.0183252 0.0897128 0.000379545 -0.00097561 -0.000303127 0.000379545 0.00983761 -0.018073 0.000379545 -0.00097561 -0.018073 0.0890913 
0.0100203 -0.0183192 -0.00031576 0.000366689 -0.0183192 0.0897192 0.000369236 -0.000929456 -0.00031576 0.000369236 0.00984459 -0.0181282 0.000366689 -0.000929456 -0.0181282 0.0891997 
0.0100351 -0.0183358 -0.000300086 0.00037638 -0.0183358 0.0897335 0.00037638 -0.000928234 -0.000300086 0.00037638 0.00984436 -0.0181501 0.00037638 -0.000928234 -0.0181501 0.0892834 
0.0100258 -0.0183594 -0.000257792 0.000370098 -0.0183594 0.0897884 0.000372651 -0.000936731 -0.000257792 0.000372651 0.0098344 -0.0181374 0.000370098 -0.000936731 -0.0181374 0.0892932 
0.0100271 -0.0183872 -0.000237402 0.000324195 -0.0183872 0.0898938 0.000326747 -0.00086537 -0.000237402 0.000326747 0.00984326 -0.0181141 0.000324195 -0.00086537 -0.0181141 0.0892454 
0.0100216 -0.0183695 -0.000229619 0.00030871 -0.0183695 0.0898932 0.000306158 -0.000808768 -0.000229619 0.000306158 0.00985065 -0.0181246 0.00030871 -0.000808768 -0.0181246 0.0892222 
0.00999428 -0.0183258 -0.000214546 0.000278399 -0.0183258 0.0897748 0.000275845 -0.000725371 -0.000214546 0.000275845 0.00985636 -0.0181547 0.000278399 -0.000725371 -0.0181547 0.0892793 
0.00998903 -0.0183102 -0.000225451 0.000258757 -0.0183102 0.0897117 0.000256195 -0.000655859 -0.000225451 0.000256195 0.00983532 -0.0181437 0.000258757 -0.000655859 -0.0181437 0.089266 
0.00995884 -0.0182916 -0.000220567 0.000287249 -0.0182916 0.0896372 0.000292379 -0.000715559 -0.000220567 0.000292379 0.00983829 -0.0181224 0.000287249 -0.000715559 -0.0181224 0.0892397 
0.00993834 -0.018267 -0.000236566 0.000311136 -0.018267 0.0895942 0.00031885 -0.00080741 -0.000236566 0.00031885 0.00982777 -0.0180999 0.000311136 -0.00080741 -0.0180999 0.0891622 
0.00995571 -0.0182427 -0.000240947 0.000305028 -0.0182427 0.0895424 0.000307591 -0.000809991 -0.000240947 0.000307591 0.00981729 -0.0180992 0.000305028 -0.000809991 -0.0180992 0.0891502 
0.00996205 -0.0182454 -0.00024822 0.000314753 -0.0182454 0.0895152 0.000312194 -0.000806074 -0.00024822 0.000312194 0.00982387 -0.0180996 0.000314753 -0.000806074 -0.0180996 0.089162 
0.00995531 -0.0182775 -0.000266637 0.000328169 -0.0182775 0.0895568 0.000325605 -0.000840933 -0.000266637 0.000325605 0.00983225 -0.0180929 0.000328169 -0.000840933 -0.0180929 0.089144 
0.00996006 -0.0182901 -0.000272105 0.000359384 -0.0182901 0.08962 0.000354249 -0.000903593 -0.000272105 0.000354249 0.0098163 -0.0180796 0.000359384 -0.000903593 -0.0180796 0.0890937 
0.00993728 -0.0182796 -0.000303075 0.000364718 -0.0182796 0.0896256 0.000364718 -0.000940048 -0.000303075 0.000364718 0.00983968 -0.0180792 0.000364718 -0.000940048 -0.0180792 0.0890939 
0.00995314 -0.0182603 -0.000287604 0.000359504 -0.0182603 0.0896116 0.000367208 -0.000914168 -0.000287604 0.000367208 0.00983501 -0.0181062 0.000359504 -0.000914168 -0.0181062 0.0891263 
0.00993471 -0.0182351 -0.000273243 0.000353154 -0.0182351 0.0895103 0.000358309 -0.000912529 -0.000273243 0.000358309 0.00984191 -0.0181294 0.000353154 -0.000912529 -0.0181294 0.0892087 
0.00993189 -0.018218 -0.000248427 0.000331236 -0.018218 0.0894465 0.000338999 -0.000864318 -0.000248427 0.000338999 0.00982579 -0.0181326 0.000331236 -0.000864318 -0.0181326 0.0892317 
0.00995543 -0.0182443 -0.00025063 0.000310057 -0.0182443 0.0895033 0.000317809 -0.000819069 -0.00025063 0.000317809 0.00980298 -0.0180867 0.000310057 -0.000819069 -0.0180867 0.0891519 
0.00997408 -0.0182633 -0.00026957 0.000326594 -0.0182633 0.0895386 0.000329186 -0.000837221 -0.00026957 0.000329186 0.00978486 -0.0180638 0.000326594 -0.000837221 -0.0180638 0.0890876 
0.0100126 -0.018277 -0.000253811 0.000315969 -0.018277 0.0895694 0.000323739 -0.000808052 -0.000253811 0.000323739 0.00976655 -0.0180594 0.000315969 -0.000808052 -0.0180594 0.0890773 
0.0100508 -0.0183357 -0.000267087 0.000347473 -0.0183357 0.0896687 0.000352659 -0.000889426 -0.000267087 0.000352659 0.00972404 -0.0180089 0.000347473 -0.000889426 -0.0180089 0.088953 
0.0100513 -0.0184041 -0.000271866 0.000344364 -0.0184041 0.0898558 0.000344364 -0.000898454 -0.000271866 0.000344364 0.00973282 -0.017938 0.000344364 -0.000898454 -0.017938 0.0887683 
0.0100251 -0.0184103 -0.000274163 0.000362102 -0.0184103 0.0899643 0.000364689 -0.000928534 -0.000274163 0.000364689 0.0097509 -0.0179189 0.000362102 -0.000928534 -0.0179189 0.0886271 
0.0100206 -0.0183987 -0.000257865 0.00034296 -0.0183987 0.0899742 0.000340382 -0.00089737 -0.000257865 0.000340382 0.00974214 -0.0179268 0.00034296 -0.00089737 -0.0179268 0.0885637 
0.00999544 -0.0183758 -0.000243541 0.000302504 -0.0183758 0.0899077 0.000305067 -0.000794713 -0.000243541 0.000305067 0.00978266 -0.0179451 0.000302504 -0.000794713 -0.0179451 0.0886207 
0.0099495 -0.0182965 -0.000227461 0.000291354 -0.0182965 0.0897142 0.000291354 -0.000738609 -0.000227461 0.000291354 0.00983705 -0.0180384 0.000291354 -0.000738609 -0.0180384 0.0888401 
0.00994071 -0.0182327 -0.000201622 0.000265426 -0.0182327 0.0895353 0.000260322 -0.000658461 -0.000201622 0.000260322 0.00986925 -0.0181408 0.000265426 -0.000658461 -0.0181408 0.0891346 
0.00994979 -0.0182199 -0.000182071 0.000259002 -0.0182199 0.0894301 0.000248745 -0.00063853 -0.000182071 0.000248745 0.00984721 -0.0181661 0.000259002 -0.00063853 -0.0181661 0.0892942 
0.00996983 -0.0182381 -0.000180193 0.000259993 -0.0182381 0.0894402 0.000247122 -0.000653844 -0.000180193 0.000247122 0.00979479 -0.0181326 0.000259993 -0.000653844 -0.0181326 0.0892831 
0.00995805 -0.0182599 -0.000182599 0.000234035 -0.0182599 0.089481 0.000218604 -0.00059666 -0.000182599 0.000218604 0.00980375 -0.018085 0.000234035 -0.00059666 -0.018085 0.0892033 
0.00995325 -0.0182712 -0.000210515 0.00026186 -0.0182712 0.0895536 0.000254158 -0.000646948 -0.000210515 0.000254158 0.00980178 -0.0180452 0.00026186 -0.000646948 -0.0180452 0.0890504 
0.00996112 -0.0182616 -0.000240892 0.000299833 -0.0182616 0.0895579 0.000292145 -0.000738051 -0.000240892 0.000292145 0.00978174 -0.0180412 0.000299833 -0.000738051 -0.0180412 0.0889813 
0.0099774 -0.0182634 -0.000237253 0.000301031 -0.0182634 0.0895517 0.000308684 -0.000760231 -0.000237253 0.000308684 0.00977076 -0.0180313 0.000301031 -0.000760231 -0.0180313 0.0889573 
0.0100264 -0.0182918 -0.00021213 0.000278581 -0.0182918 0.0896059 0.000286248 -0.000728399 -0.00021213 0.000286248 0.00972477 -0.0180209 0.000278581 -0.000728399 -0.0180209 0.0889388 
0.0100131 -0.0183393 -0.000210856 0.000259713 -0.0183393 0.0896832 0.000267427 -0.000689139 -0.000210856 0.000267427 0.00971738 -0.0179768 0.000259713 -0.000689139 -0.0179768 0.0888758 
0.00998254 -0.01834 -0.000214096 0.000276003 -0.01834 0.0897448 0.000278582 -0.000696456 -0.000214096 0.000278582 0.00972201 -0.0179402 0.000276003 -0.000696456 -0.0179402 0.0887595 
0.00998295 -0.0182969 -0.000206366 0.000283753 -0.0182969 0.0896918 0.000283753 -0.000722281 -0.000206366 0.000283753 0.00970951 -0.0179487 0.000283753 -0.000722281 -0.0179487 0.0887218 
0.00996781 -0.0182838 -0.000196156 0.000273586 -0.0182838 0.08962 0.000268424 -0.000720098 -0.000196156 0.000268424 0.00970713 -0.0179328 0.000273586 -0.000720098 -0.0179328 0.0886986 
0.00994244 -0.0182576 -0.000212811 0.000264716 -0.0182576 0.0895364 0.000264716 -0.000703315 -0.000212811 0.000264716 0.00969589 -0.0179255 0.000264716 -0.000703315 -0.0179255 0.0886696 
0.00991306 -0.0182358 -0.00024387 0.000282786 -0.0182358 0.0894952 0.000287974 -0.000731611 -0.00024387 0.000287974 0.00970551 -0.0178985 0.000282786 -0.000731611 -0.0178985 0.0886027 
0.00990155 -0.01818 -0.000240744 0.000292516 -0.01818 0.0893625 0.000302871 -0.000740351 -0.000240744 0.000302871 0.00972294 -0.0179367 0.000292516 -0.000740351 -0.0179367 0.0886506 
0.00987827 -0.0181616 -0.000248967 0.000298241 -0.0181616 0.0892649 0.000313802 -0.000767647 -0.000248967 0.000313802 0.00974082 -0.0179412 0.000298241 -0.000767647 -0.0179412 0.0886865 
0.00986975 -0.0181501 -0.000253269 0.00031271 -0.0181501 0.0892516 0.000323048 -0.000806327 -0.000253269 0.000323048 0.00974828 -0.0179511 0.00031271 -0.000806327 -0.0179511 0.0886959 
0.00984409 -0.0181351 -0.000267955 0.000332993 -0.0181351 0.089203 0.000332993 -0.00084809 -0.000267955 0.000332993 0.00975044 -0.0179634 0.000332993 -0.00084809 -0.0179634 0.0886983 
0.00983499 -0.0181064 -0.000273628 0.000338778 -0.0181064 0.0891482 0.000333566 -0.000857369 -0.000273628 0.000333566 0.00974378 -0.0179605 0.000338778 -0.000857369 -0.0179605 0.0887051 
0.00983681 -0.0181003 -0.000262211 0.000363461 -0.0181003 0.0891284 0.00035048 -0.00090346 -0.000262211 0.00035048 0.00974854 -0.0179498 0.000363461 -0.00090346 -0.0179498 0.0886844 
0.00984444 -0.0181103 -0.000240676 0.000336429 -0.0181103 0.0891408 0.000326078 -0.000874716 -0.000240676 0.000326078 0.00975904 -0.0179498 0.000336429 -0.000874716 -0.0179498 0.0886698 
0.00983287 -0.01811 -0.000215565 0.000301271 -0.01811 0.0891348 0.000288285 -0.000786941 -0.000215565 0.000288285 0.00976275 -0.0179672 0.000301271 -0.000786941 -0.0179672 0.088701 
0.00983366 -0.0180684 -0.000211617 0.000263868 -0.0180684 0.0890333 0.000261256 -0.000692327 -0.000211617 0.000261256 0.00973177 -0.0179927 0.000263868 -0.000692327 -0.0179927 0.0887772 
0.00986047 -0.0180788 -0.00023198 0.000273685 -0.0180788 0.0890284 0.000276291 -0.000701154 -0.00023198 0.000276291 0.00970148 -0.0179511 0.000273685 -0.000701154 -0.0179511 0.0887521 
0.0098761 -0.0181109 -0.000228529 0.000272677 -0.0181109 0.0890693 0.000283065 -0.000685588 -0.000228529 0.000283065 0.0097047 -0.0179214 0.000272677 -0.000685588 -0.0179214 0.0886772 
0.00987149 -0.0181379 -0.000238179 0.000279602 -0.0181379 0.0891592 0.000284779 -0.000704182 -0.000238179 0.000284779 0.00973686 -0.0179204 0.000279602 -0.000704182 -0.0179204 0.0886414 
0.00985756 -0.0181659 -0.000266841 0.00030311 -0.0181659 0.0892595 0.000308292 -0.000759071 -0.000266841 0.000308292 0.0097643 -0.0179353 0.00030311 -0.000759071 -0.0179353 0.0886222 
0.00984643 -0.0181395 -0.000267101 0.000324152 -0.0181395 0.0892532 0.000324152 -0.000788337 -0.000267101 0.000324152 0.00978938 -0.0179891 0.000324152 -0.000788337 -0.0179891 0.0887216 
0.00986778 -0.0181233 -0.000230326 0.000328667 -0.0181233 0.0892163 0.000323491 -0.000810023 -0.000230326 0.000323491 0.00978238 -0.0180198 0.000328667 -0.000810023 -0.0180198 0.0888333 
0.00990703 -0.0181397 -0.000218954 0.000298808 -0.0181397 0.0892251 0.000293656 -0.000785659 -0.000218954 0.000293656 0.00978339 -0.0180367 0.000298808 -0.000785659 -0.0180367 0.0889237 
