0.00700945 0 0.000324762 0 0 0.00997967 0 0 0.000324762 0 0.00768265 0 0 0 0 0.00997967 
0.00997171 -0.0123876 0.00039135 -0.000480713 -0.0123876 0.032935 -0.000480713 0.000921366 0.00039135 -0.000480713 0.0107575 -0.0133644 -0.000480713 0.000921366 -0.0133644 0.0348024 
0.0101095 -0.0188983 0.000316212 -0.000474319 -0.0188983 0.0696101 -0.000474319 0.00149736 0.000316212 -0.000474319 0.0107388 -0.0200857 -0.000474319 0.00149736 -0.0200857 0.0734295 
0.0095658 -0.0187294 0.000276139 -0.000336169 -0.0187294 0.0839972 -0.000345173 0.00106854 0.000276139 -0.000345173 0.0101181 -0.0195338 -0.000336169 0.00106854 -0.0195338 0.0870287 
0.00950609 -0.0180475 0.000266205 -0.000306279 -0.0180475 0.0874669 -0.000320591 0.000778578 0.000266205 -0.000320591 0.0100843 -0.018746 -0.000306279 0.000778578 -0.018746 0.0894391 
0.00962252 -0.0179009 0.000273756 -0.000317557 -0.0179009 0.0883985 -0.00033672 0.000744616 0.000273756 -0.00033672 0.0102522 -0.0186537 -0.000317557 0.000744616 -0.0186537 0.0901314 
0.00970262 -0.0178985 0.000230384 -0.000315123 -0.0178985 0.0886344 -0.000328364 0.000741467 0.000230384 -0.000328364 0.0103699 -0.0188253 -0.000315123 0.000741467 -0.0188253 0.0908244 
0.00971976 -0.0179801 0.000242798 -0.000281959 -0.0179801 0.0888381 -0.000287181 0.00071012 0.000242798 -0.000287181 0.0104038 -0.0188521 -0.000281959 0.00071012 -0.0188521 0.0910781 
0.00971448 -0.0179884 0.000250413 -0.000291718 -0.0179884 0.088907 -0.000299463 0.000717679 0.000250413 -0.000299463 0.0104218 -0.0188507 -0.000291718 0.000717679 -0.0188507 0.0911168 
0.00974007 -0.0180082 0.000267865 -0.000306131 -0.0180082 0.088977 -0.000311233 0.000742368 0.000267865 -0.000311233 0.0104416 -0.0188424 -0.000306131 0.000742368 -0.0188424 0.0910612 
0.00973445 -0.0180127 0.000248626 -0.000319661 -0.0180127 0.088975 -0.000309513 0.000763636 0.000248626 -0.000309513 0.01046 -0.0188752 -0.000319661 0.000763636 -0.0188752 0.0910908 
0.0097296 -0.0179991 0.000245454 -0.000288472 -0.0179991 0.0889353 -0.000275819 0.000703466 0.000245454 -0.000275819 0.0104761 -0.0189329 -0.000288472 0.000703466 -0.0189329 0.091238 
0.00973951 -0.018009 0.000227323 -0.00028289 -0.018009 0.0889589 -0.00026521 0.000654184 0.000227323 -0.00026521 0.010472 -0.0189385 -0.00028289 0.000654184 -0.0189385 0.0913029 
0.00976204 -0.0179793 0.000236503 -0.000289339 -0.0179793 0.0888974 -0.000281791 0.000694413 0.000236503 -0.000281791 0.0104565 -0.0189831 -0.000289339 0.000694413 -0.0189831 0.0914461 
0.00980895 -0.0180476 0.000231153 -0.000298992 -0.0180476 0.0890167 -0.000296479 0.000716073 0.000231153 -0.000296479 0.0104245 -0.018937 -0.000298992 0.000716073 -0.018937 0.0914061 
0.00983138 -0.0180897 0.000221836 -0.000292421 -0.0180897 0.0891278 -0.000297462 0.00072601 0.000221836 -0.000297462 0.0103708 -0.0188939 -0.000292421 0.00072601 -0.0188939 0.0913083 
0.00983787 -0.0181337 0.000201906 -0.000270049 -0.0181337 0.0892626 -0.000277621 0.000694052 0.000201906 -0.000277621 0.0103452 -0.0188277 -0.000270049 0.000694052 -0.0188277 0.0911631 
0.00984027 -0.0181746 0.00021766 -0.000255624 -0.0181746 0.0894027 -0.000260686 0.000675759 0.00021766 -0.000260686 0.0103186 -0.0187643 -0.000255624 0.000675759 -0.0187643 0.0909668 
0.00984032 -0.0181506 0.000255428 -0.000255428 -0.0181506 0.0894 -0.000263015 0.000647423 0.000255428 -0.000263015 0.0103132 -0.0187601 -0.000255428 0.000647423 -0.0187601 0.0909098 
0.00981012 -0.0181042 0.000260692 -0.000301188 -0.0181042 0.0892782 -0.000301188 0.000696023 0.000260692 -0.000301188 0.0103138 -0.0187673 -0.000301188 0.000696023 -0.0187673 0.0909107 
0.00975548 -0.0180669 0.000266474 -0.000312155 -0.0180669 0.0891545 -0.000307079 0.000741051 0.000266474 -0.000307079 0.0103138 -0.0187521 -0.000312155 0.000741051 -0.0187521 0.0908752 
0.00974707 -0.018028 0.000249013 -0.000297291 -0.018028 0.089078 -0.000292209 0.000701301 0.000249013 -0.000292209 0.0102985 -0.0187446 -0.000297291 0.000701301 -0.0187446 0.0908414 
0.00971109 -0.017993 0.000216936 -0.000288398 -0.017993 0.0889465 -0.000283293 0.000671227 0.000216936 -0.000283293 0.0102981 -0.0187331 -0.000288398 0.000671227 -0.0187331 0.09083 
0.00967933 -0.0179488 0.000214926 -0.000271216 -0.0179488 0.088841 -0.000268657 0.000678039 0.000214926 -0.000268657 0.0102908 -0.0187267 -0.000271216 0.000678039 -0.0187267 0.0908009 
0.0096707 -0.0179398 0.000176482 -0.000258329 -0.0179398 0.0888139 -0.000255771 0.0006471 0.000176482 -0.000255771 0.0102948 -0.0186968 -0.000258329 0.0006471 -0.0186968 0.0907373 
0.0096856 -0.0179224 0.000173139 -0.00021897 -0.0179224 0.0887643 -0.00021897 0.00057034 0.000173139 -0.00021897 0.0103043 -0.0187117 -0.00021897 0.00057034 -0.0187117 0.0907401 
0.00967433 -0.0179116 0.000178352 -0.000201283 -0.0179116 0.0886869 -0.000198735 0.00050703 0.000178352 -0.000198735 0.0103037 -0.018727 -0.000201283 0.00050703 -0.018727 0.090771 
0.00969105 -0.0179098 0.000199026 -0.000219439 -0.0179098 0.0886764 -0.000221991 0.000523082 0.000199026 -0.000221991 0.0102703 -0.0187314 -0.000219439 0.000523082 -0.0187314 0.0907968 
0.00970693 -0.0179228 0.000183824 -0.000232333 -0.0179228 0.0886798 -0.000237439 0.000543813 0.000183824 -0.000237439 0.0102303 -0.0186888 -0.000232333 0.000543813 -0.0186888 0.0907376 
0.00970446 -0.0179593 0.000161357 -0.000215142 -0.0179593 0.0887667 -0.000215142 0.000522489 0.000161357 -0.000215142 0.0102193 -0.0186277 -0.000215142 0.000522489 -0.0186277 0.0905929 
0.00970849 -0.0179721 0.000138583 -0.000177078 -0.0179721 0.0888495 -0.000182211 0.000449111 0.000138583 -0.000182211 0.0102089 -0.0185957 -0.000177078 0.000449111 -0.0185957 0.0904663 
0.00968881 -0.0179187 0.000138705 -0.000164391 -0.0179187 0.0887328 -0.000169529 0.000403272 0.000138705 -0.000169529 0.0101897 -0.018607 -0.000164391 0.000403272 -0.018607 0.0904615 
0.00972618 -0.0179246 0.000163508 -0.000176282 -0.0179246 0.0887159 -0.000186501 0.000436873 0.000163508 -0.000186501 0.0101656 -0.018576 -0.000176282 0.000436873 -0.018576 0.0904021 
0.00974214 -0.0179845 0.000188426 -0.000208796 -0.0179845 0.0888327 -0.000211343 0.000499074 0.000188426 -0.000211343 0.0101521 -0.0185167 -0.000208796 0.000499074 -0.0185167 0.0902612 
0.00976985 -0.0180304 0.000203964 -0.000229459 -0.0180304 0.0889791 -0.000232009 0.000550702 0.000203964 -0.000232009 0.0101268 -0.0184918 -0.000229459 0.000550702 -0.0184918 0.0901493 
0.0097842 -0.0180561 0.000185857 -0.000244414 -0.0180561 0.0890609 -0.000249506 0.000593213 0.000185857 -0.000249506 0.0101432 -0.0184965 -0.000244414 0.000593213 -0.0184965 0.0901684 
0.00976061 -0.0180777 0.000160679 -0.000232092 -0.0180777 0.0891259 -0.000242294 0.00060701 0.000160679 -0.000242294 0.0101687 -0.018501 -0.000232092 0.00060701 -0.018501 0.0901715 
0.00972554 -0.0180072 0.000151042 -0.000192002 -0.0180072 0.0890019 -0.000194562 0.000524805 0.000151042 -0.000194562 0.0101889 -0.0185653 -0.000192002 0.000524805 -0.0185653 0.09031 
0.00967358 -0.0179564 0.000139077 -0.000193163 -0.0179564 0.0888651 -0.000188012 0.00048677 0.000139077 -0.000188012 0.0101938 -0.0185771 -0.000193163 0.00048677 -0.0185771 0.090364 
0.00965411 -0.0179184 0.000136663 -0.000170185 -0.0179184 0.0887771 -0.000165028 0.000440933 0.000136663 -0.000165028 0.0101879 -0.0185579 -0.000170185 0.000440933 -0.0185579 0.0903397 
0.00967752 -0.0178887 0.000149202 -0.000167209 -0.0178887 0.0886797 -0.000156919 0.000391011 0.000149202 -0.000156919 0.010174 -0.0185602 -0.000167209 0.000391011 -0.0185602 0.0903312 
0.00967509 -0.0178935 0.000156713 -0.000169558 -0.0178935 0.0886275 -0.000161851 0.000385359 0.000156713 -0.000161851 0.0101684 -0.0185435 -0.000169558 0.000385359 -0.0185435 0.0902794 
0.00964956 -0.0178872 0.000144023 -0.000190316 -0.0178872 0.0885923 -0.000174885 0.000419211 0.000144023 -0.000174885 0.0101665 -0.0185327 -0.000190316 0.000419211 -0.0185327 0.0902512 
0.00964139 -0.0178354 0.000138577 -0.000171939 -0.0178354 0.0884868 -0.000169372 0.000413166 0.000138577 -0.000169372 0.0101726 -0.0185642 -0.000171939 0.000413166 -0.0185642 0.0903191 
0.00964776 -0.0178512 0.00016705 -0.00017219 -0.0178512 0.0884823 -0.00016191 0.000416339 0.00016705 -0.00016191 0.0101643 -0.0185451 -0.00017219 0.000416339 -0.0185451 0.0903019 
0.00966031 -0.0178848 0.00017723 -0.000213189 -0.0178848 0.0885738 -0.000210621 0.000490593 0.00017723 -0.000210621 0.0101612 -0.0185192 -0.000213189 0.000490593 -0.0185192 0.0902305 
0.00968007 -0.0179285 0.000161634 -0.000215512 -0.0179285 0.0887267 -0.000218077 0.000525951 0.000161634 -0.000218077 0.0101675 -0.018493 -0.000215512 0.000525951 -0.018493 0.0901506 
0.0096788 -0.0179162 0.000133607 -0.000182425 -0.0179162 0.0887151 -0.000192702 0.00048818 0.000133607 -0.000192702 0.0101747 -0.0185354 -0.000182425 0.00048818 -0.0185354 0.0902105 
0.00968949 -0.0179164 0.000131322 -0.000167371 -0.0179164 0.0886989 -0.000169946 0.000458339 0.000131322 -0.000169946 0.0101556 -0.018537 -0.000167371 0.000458339 -0.018537 0.0902464 
0.00968204 -0.0179149 0.000164451 -0.000172159 -0.0179149 0.0886904 -0.000179868 0.00045224 0.000164451 -0.000179868 0.0101677 -0.0185316 -0.000172159 0.00045224 -0.0185316 0.0902784 
0.00970066 -0.0179054 0.000176144 -0.000199119 -0.0179054 0.0886615 -0.000204224 0.000467163 0.000176144 -0.000204224 0.0101908 -0.0185589 -0.000199119 0.000467163 -0.0185589 0.0903412 
0.0097178 -0.0179125 0.00018114 -0.000204102 -0.0179125 0.0886568 -0.000209204 0.000497498 0.00018114 -0.000209204 0.0101923 -0.0185962 -0.000204102 0.000497498 -0.0185962 0.0904248 
0.0097144 -0.017926 0.000201904 -0.000219794 -0.017926 0.0886614 -0.000230017 0.000536707 0.000201904 -0.000230017 0.0101795 -0.0185982 -0.000219794 0.000536707 -0.0185982 0.0904632 
0.00969532 -0.0179158 0.000220581 -0.00026162 -0.0179158 0.0886506 -0.000269314 0.000648919 0.000220581 -0.000269314 0.0101673 -0.0185929 -0.00026162 0.000648919 -0.0185929 0.0904665 
0.00968742 -0.0179452 0.000224509 -0.0002787 -0.0179452 0.0887377 -0.000281281 0.000689009 0.000224509 -0.000281281 0.0101339 -0.0185232 -0.0002787 0.000689009 -0.0185232 0.0903092 
0.00969539 -0.017952 0.000219178 -0.000283642 -0.017952 0.0887928 -0.000288799 0.000719419 0.000219178 -0.000288799 0.0101131 -0.0184754 -0.000283642 0.000719419 -0.0184754 0.0901543 
0.00970492 -0.0179445 0.000218521 -0.000254513 -0.0179445 0.0887891 -0.000254513 0.000658135 0.000218521 -0.000254513 0.0101188 -0.0184612 -0.000254513 0.000658135 -0.0184612 0.0900822 
0.00969267 -0.0179486 0.000225769 -0.000256556 -0.0179486 0.0887913 -0.000251425 0.000613168 0.000225769 -0.000251425 0.0101391 -0.0184592 -0.000256556 0.000613168 -0.0184592 0.0900485 
0.00970453 -0.0179846 0.00024082 -0.000269001 -0.0179846 0.0889036 -0.000263877 0.000637917 0.00024082 -0.000263877 0.0101426 -0.0184432 -0.000269001 0.000637917 -0.0184432 0.0899642 
0.00967424 -0.0179361 0.000223015 -0.000289663 -0.0179361 0.0887959 -0.000284537 0.000686989 0.000223015 -0.000284537 0.0101741 -0.0185179 -0.000289663 0.000686989 -0.0185179 0.0901212 
0.00966781 -0.0178919 0.000220539 -0.000271827 -0.0178919 0.0886746 -0.000264134 0.000679567 0.000220539 -0.000264134 0.0101858 -0.0185689 -0.000271827 0.000679567 -0.0185689 0.0902978 
0.00967955 -0.0179059 0.000207969 -0.00027986 -0.0179059 0.0886667 -0.000277292 0.000700933 0.000207969 -0.000277292 0.0101802 -0.0185657 -0.00027986 0.000700933 -0.0185657 0.0903407 
0.0096904 -0.0179223 0.000222621 -0.000255886 -0.0179223 0.0887106 -0.000263563 0.00067298 0.000222621 -0.000263563 0.0101945 -0.0185594 -0.000255886 0.00067298 -0.0185594 0.0903457 
0.00969536 -0.0179488 0.000260312 -0.000267969 -0.0179488 0.0887793 -0.000278177 0.000676302 0.000260312 -0.000278177 0.0102262 -0.0185766 -0.000267969 0.000676302 -0.0185766 0.0903769 
0.00972176 -0.0179541 0.000270332 -0.000306037 -0.0179541 0.0888144 -0.000316238 0.000731937 0.000270332 -0.000316238 0.0102267 -0.0186172 -0.000306037 0.000731937 -0.0186172 0.0904721 
0.00974731 -0.0180204 0.00028975 -0.000343126 -0.0180204 0.0889661 -0.000343126 0.000831126 0.00028975 -0.000343126 0.010248 -0.018605 -0.000343126 0.000831126 -0.018605 0.0904733 
0.00975798 -0.0180373 0.000287598 -0.000346136 -0.0180373 0.0890435 -0.000341046 0.000844979 0.000287598 -0.000341046 0.0102594 -0.0186532 -0.000346136 0.000844979 -0.0186532 0.0905528 
0.00974882 -0.0180331 0.000283203 -0.000341885 -0.0180331 0.0890329 -0.000341885 0.000849609 0.000283203 -0.000341885 0.0102744 -0.0186786 -0.000341885 0.000849609 -0.0186786 0.090653 
0.00973268 -0.0180002 0.00028588 -0.000331825 -0.0180002 0.0889622 -0.000331825 0.0008168 0.00028588 -0.000331825 0.0102942 -0.0187226 -0.000331825 0.0008168 -0.0187226 0.0907771 
0.00972613 -0.0179669 0.000267973 -0.00033688 -0.0179669 0.0888674 -0.00033688 0.000821783 0.000267973 -0.00033688 0.0102902 -0.0187377 -0.00033688 0.000821783 -0.0187377 0.0908427 
0.00975979 -0.0179736 0.000250901 -0.000329466 -0.0179736 0.088857 -0.000326932 0.000818596 0.000250901 -0.000326932 0.0102819 -0.0187238 -0.000329466 0.000818596 -0.0187238 0.0908464 
0.00980999 -0.0180371 0.000260018 -0.000297884 -0.0180371 0.0889765 -0.000297884 0.000762382 0.000260018 -0.000297884 0.0102644 -0.0187036 -0.000297884 0.000762382 -0.0187036 0.0907916 
0.00980684 -0.0180591 0.00030536 -0.000325549 -0.0180591 0.0890262 -0.000325549 0.000789897 0.00030536 -0.000325549 0.0102586 -0.0187001 -0.000325549 0.000789897 -0.0187001 0.0907776 
0.00980429 -0.0180934 0.000288362 -0.000359187 -0.0180934 0.0891316 -0.000369305 0.000854967 0.000288362 -0.000369305 0.0102444 -0.0186803 -0.000359187 0.000854967 -0.0186803 0.0907175 
0.00980286 -0.0181017 0.000275532 -0.000331143 -0.0181017 0.0892014 -0.000343782 0.000839234 0.000275532 -0.000343782 0.0102326 -0.0186527 -0.000331143 0.000839234 -0.0186527 0.0906398 
0.00978697 -0.0181192 0.000271649 -0.000319885 -0.0181192 0.089281 -0.000332579 0.000804791 0.000271649 -0.000332579 0.0102287 -0.0186194 -0.000319885 0.000804791 -0.0186194 0.0905327 
0.00978666 -0.0181051 0.00027482 -0.000305356 -0.0181051 0.0893039 -0.000315534 0.000755756 0.00027482 -0.000315534 0.0102371 -0.0186216 -0.000305356 0.000755756 -0.0186216 0.0905202 
0.00979209 -0.0180871 0.000274973 -0.00032844 -0.0180871 0.0892542 -0.000330986 0.000786728 0.000274973 -0.000330986 0.0102351 -0.0186371 -0.00032844 0.000786728 -0.0186371 0.0905526 
0.00978639 -0.0180973 0.000295093 -0.000343427 -0.0180973 0.0892528 -0.000345971 0.000842031 0.000295093 -0.000345971 0.010257 -0.0186366 -0.000343427 0.000842031 -0.0186366 0.0905654 
0.00977757 -0.0180918 0.00032066 -0.000369013 -0.0180918 0.0892426 -0.000366468 0.000893266 0.00032066 -0.000366468 0.0102713 -0.0186542 -0.000369013 0.000893266 -0.0186542 0.0905863 
0.00974675 -0.0180625 0.000362219 -0.000400482 -0.0180625 0.0891722 -0.00039538 0.000959115 0.000362219 -0.00039538 0.0103003 -0.0186925 -0.000400482 0.000959115 -0.0186925 0.0906772 
0.00977677 -0.0180473 0.00034682 -0.000405045 -0.0180473 0.0891504 -0.000402513 0.000951855 0.00034682 -0.000402513 0.0103464 -0.018746 -0.000405045 0.000951855 -0.018746 0.0908212 
0.00982027 -0.0180889 0.000324408 -0.000402367 -0.0180889 0.0892073 -0.000402367 0.00097071 0.000324408 -0.000402367 0.0103685 -0.0187855 -0.000402367 0.00097071 -0.0187855 0.0909299 
0.00982901 -0.0181221 0.000314227 -0.000384613 -0.0181221 0.0892555 -0.0003821 0.000945194 0.000314227 -0.0003821 0.010382 -0.0188259 -0.000384613 0.000945194 -0.0188259 0.0910352 
0.0098396 -0.0181625 0.000319435 -0.000382316 -0.0181625 0.0893865 -0.000379801 0.000943214 0.000319435 -0.000379801 0.0103779 -0.018824 -0.000382316 0.000943214 -0.018824 0.0910566 
0.00981342 -0.0181431 0.000317946 -0.000396171 -0.0181431 0.089368 -0.000391124 0.000968978 0.000317946 -0.000391124 0.0103711 -0.018837 -0.000396171 0.000968978 -0.018837 0.0910965 
0.00979848 -0.0181385 0.000311989 -0.000370328 -0.0181385 0.0893734 -0.000370328 0.000923284 0.000311989 -0.000370328 0.010354 -0.0188056 -0.000370328 0.000923284 -0.0188056 0.0910449 
0.00980213 -0.0181314 0.000325045 -0.000373294 -0.0181314 0.0893873 -0.000375833 0.000916728 0.000325045 -0.000375833 0.0103456 -0.0187789 -0.000373294 0.000916728 -0.0187789 0.090977 
0.00981832 -0.0181248 0.000316557 -0.000384933 -0.0181248 0.0893576 -0.0003824 0.000924345 0.000316557 -0.0003824 0.0103552 -0.0187832 -0.000384933 0.000924345 -0.0187832 0.0909632 
0.00983968 -0.0181352 0.000331618 -0.000382247 -0.0181352 0.0893495 -0.000384778 0.000944225 0.000331618 -0.000384778 0.010346 -0.0187959 -0.000382247 0.000944225 -0.0187959 0.0909772 
0.00984143 -0.0181254 0.000372991 -0.000405754 -0.0181254 0.0893138 -0.000403234 0.000985403 0.000372991 -0.000403234 0.0103707 -0.018826 -0.000405754 0.000985403 -0.018826 0.0910805 
0.00983577 -0.0181471 0.000401305 -0.000446736 -0.0181471 0.0893447 -0.000441688 0.00105248 0.000401305 -0.000441688 0.0103885 -0.0188487 -0.000446736 0.00105248 -0.0188487 0.0911291 
0.00981727 -0.0181613 0.000406842 -0.000482651 -0.0181613 0.0893966 -0.000480124 0.00114472 0.000406842 -0.000480124 0.0104162 -0.0188512 -0.000482651 0.00114472 -0.0188512 0.0911554 
0.00983474 -0.0181884 0.0004124 -0.000495383 -0.0181884 0.0895235 -0.000492868 0.00119697 0.0004124 -0.000492868 0.0104357 -0.0188497 -0.000495383 0.00119697 -0.0188497 0.0911203 
0.0098216 -0.0181819 0.000420028 -0.000472845 -0.0181819 0.0895262 -0.00047536 0.00116451 0.000420028 -0.00047536 0.010463 -0.0188912 -0.000472845 0.00116451 -0.0188912 0.0911787 
0.0098203 -0.0181257 0.000406981 -0.000474811 -0.0181257 0.0893876 -0.000469787 0.00112045 0.000406981 -0.000469787 0.0104634 -0.0189598 -0.000474811 0.00112045 -0.0189598 0.0913522 
0.00983772 -0.0181272 0.00037886 -0.00048494 -0.0181272 0.0893326 -0.000477363 0.00114416 0.00037886 -0.000477363 0.0104035 -0.0189455 -0.00048494 0.00114416 -0.0189455 0.0913809 
0.00983307 -0.0181415 0.000352631 -0.00044396 -0.0181415 0.0893297 -0.000441423 0.00109341 0.000352631 -0.000441423 0.0103658 -0.0188696 -0.00044396 0.00109341 -0.0188696 0.0912679 
0.00982259 -0.0181112 0.000327082 -0.000395541 -0.0181112 0.0892705 -0.000403147 0.000991387 0.000327082 -0.000403147 0.0103449 -0.0188389 -0.000395541 0.000991387 -0.0188389 0.0911822 
0.00982296 -0.0181066 0.000291144 -0.000372158 -0.0181066 0.0892345 -0.000377222 0.000916472 0.000291144 -0.000377222 0.0103445 -0.0188155 -0.000372158 0.000916472 -0.0188155 0.0911079 
0.00983727 -0.0181427 0.000315459 -0.000360885 -0.0181427 0.0893203 -0.000363409 0.000905998 0.000315459 -0.000363409 0.0103395 -0.0187736 -0.000360885 0.000905998 -0.0187736 0.0909809 
0.00981367 -0.018163 0.000323167 -0.000386286 -0.018163 0.089386 -0.000376187 0.000919006 0.000323167 -0.000376187 0.0103565 -0.0187588 -0.000386286 0.000919006 -0.0187588 0.0908907 
0.00980034 -0.0181199 0.000322894 -0.00039605 -0.0181199 0.0893331 -0.000388482 0.000953546 0.000322894 -0.000388482 0.0103629 -0.0187985 -0.00039605 0.000953546 -0.0187985 0.0909501 
0.00975887 -0.0180605 0.000345267 -0.000396042 -0.0180605 0.0891601 -0.000385887 0.000962178 0.000345267 -0.000385887 0.0103504 -0.0188272 -0.000396042 0.000962178 -0.0188272 0.0910312 
0.00973192 -0.018037 0.000373321 -0.000424461 -0.018037 0.0891011 -0.00041679 0.0010049 0.000373321 -0.00041679 0.0102996 -0.0187683 -0.000424461 0.0010049 -0.0187683 0.0909319 
0.00974873 -0.0180327 0.000371914 -0.000438145 -0.0180327 0.0890963 -0.000448335 0.00105715 0.000371914 -0.000448335 0.0102837 -0.0187001 -0.000438145 0.00105715 -0.0187001 0.0907826 
0.0097592 -0.0180522 0.000366543 -0.000427633 -0.0180522 0.0891132 -0.00044036 0.00105127 0.000366543 -0.00044036 0.010281 -0.0186733 -0.000427633 0.00105127 -0.0186733 0.0906684 
0.00976451 -0.0180198 0.000370965 -0.000431946 -0.0180198 0.0890367 -0.00044465 0.0010697 0.000370965 -0.00044465 0.0102727 -0.0186982 -0.000431946 0.0010697 -0.0186982 0.0906959 
0.00978902 -0.0180605 0.000367342 -0.00044841 -0.0180605 0.0890816 -0.000458544 0.00110962 0.000367342 -0.000458544 0.0102678 -0.0186787 -0.00044841 0.00110962 -0.0186787 0.0906802 
0.00977601 -0.0180841 0.000338949 -0.000440889 -0.0180841 0.0891513 -0.000443438 0.00110095 0.000338949 -0.000443438 0.0102526 -0.0186601 -0.000440889 0.00110095 -0.0186601 0.0906269 
0.00976413 -0.018063 0.000293562 -0.000390565 -0.018063 0.0891535 -0.00038546 0.000990453 0.000293562 -0.00038546 0.0102466 -0.0186476 -0.000390565 0.000990453 -0.0186476 0.0905958 
0.00974363 -0.018038 0.000273496 -0.000350178 -0.018038 0.0890857 -0.00034251 0.000869054 0.000273496 -0.00034251 0.0102472 -0.0186463 -0.000350178 0.000869054 -0.0186463 0.0905835 
0.00975047 -0.0180222 0.000272331 -0.00033087 -0.0180222 0.0890497 -0.000315599 0.000801723 0.000272331 -0.000315599 0.0102671 -0.018661 -0.00033087 0.000801723 -0.018661 0.0906201 
0.00975028 -0.018014 0.000283023 -0.000351867 -0.018014 0.0889942 -0.000336568 0.000838871 0.000283023 -0.000336568 0.0102653 -0.0186744 -0.000351867 0.000838871 -0.0186744 0.0906414 
0.0097646 -0.0180183 0.000287418 -0.000343376 -0.0180183 0.0889929 -0.000343376 0.000846994 0.000287418 -0.000343376 0.010258 -0.0186822 -0.000343376 0.000846994 -0.0186822 0.0906869 
0.0097907 -0.0180252 0.000250914 -0.000334552 -0.0180252 0.0889907 -0.000337086 0.000813569 0.000250914 -0.000337086 0.0102596 -0.0186943 -0.000334552 0.000813569 -0.0186943 0.0907268 
0.00980015 -0.0180846 0.00026822 -0.000318828 -0.0180846 0.0891098 -0.000321358 0.000822373 0.00026822 -0.000321358 0.0102556 -0.018659 -0.000318828 0.000822373 -0.018659 0.0906558 
0.0097908 -0.0180792 0.000240281 -0.000326276 -0.0180792 0.0891315 -0.000318688 0.000804308 0.000240281 -0.000318688 0.0102663 -0.0186837 -0.000326276 0.000804308 -0.0186837 0.0906844 
0.00977013 -0.0180698 0.000228571 -0.000302221 -0.0180698 0.0891274 -0.000292063 0.000759363 0.000228571 -0.000292063 0.0102501 -0.0186768 -0.000302221 0.000759363 -0.0186768 0.0906588 
0.00973399 -0.0180326 0.000221806 -0.000277895 -0.0180326 0.0890489 -0.000275346 0.000698563 0.000221806 -0.000275346 0.0102413 -0.0186649 -0.000277895 0.000698563 -0.0186649 0.0906372 
0.00969937 -0.0179776 0.000199723 -0.000250934 -0.0179776 0.0889202 -0.000258616 0.000637577 0.000199723 -0.000258616 0.0102371 -0.0186613 -0.000250934 0.000637577 -0.0186613 0.0906358 
0.00972026 -0.0179653 0.000207086 -0.000240322 -0.0179653 0.0888833 -0.000237765 0.000588022 0.000207086 -0.000237765 0.0102111 -0.0186249 -0.000240322 0.000588022 -0.0186249 0.0905579 
0.00971858 -0.0179894 0.000218193 -0.000243863 -0.0179894 0.088897 -0.00024643 0.000592972 0.000218193 -0.00024643 0.0101806 -0.0185721 -0.000243863 0.000592972 -0.0185721 0.090409 
0.00972961 -0.018027 0.000221127 -0.000249411 -0.018027 0.0890089 -0.00024684 0.000586245 0.000221127 -0.00024684 0.0101616 -0.0185079 -0.000249411 0.000586245 -0.0185079 0.0902251 
0.00971893 -0.0180033 0.000240796 -0.000274098 -0.0180033 0.0889818 -0.000268974 0.000640415 0.000240796 -0.000268974 0.010198 -0.0185285 -0.000274098 0.000640415 -0.0185285 0.0902293 
0.00972818 -0.0179872 0.000224457 -0.000290774 -0.0179872 0.0889411 -0.000285673 0.000688675 0.000224457 -0.000285673 0.0102154 -0.0185636 -0.000290774 0.000688675 -0.0185636 0.090293 
0.00973769 -0.0179794 0.000198106 -0.000274301 -0.0179794 0.0888964 -0.000266682 0.000683213 0.000198106 -0.000266682 0.0102406 -0.0186169 -0.000274301 0.000683213 -0.0186169 0.0904381 
0.00970726 -0.017962 0.000170437 -0.000223857 -0.017962 0.0888153 -0.000223857 0.000579993 0.000170437 -0.000223857 0.010272 -0.0186692 -0.000223857 0.000579993 -0.0186692 0.0905909 
0.00970135 -0.0179118 0.000152657 -0.000198454 -0.0179118 0.0886963 -0.00019591 0.000496135 0.000152657 -0.00019591 0.0102357 -0.0187005 -0.000198454 0.000496135 -0.0187005 0.0906859 
0.00971579 -0.0179321 0.000150455 -0.000183606 -0.0179321 0.0886968 -0.000186156 0.000453914 0.000150455 -0.000186156 0.0101901 -0.0186436 -0.000183606 0.000453914 -0.0186436 0.0906221 
0.00971728 -0.0179773 0.000207077 -0.000201964 -0.0179773 0.088813 -0.00020452 0.000488292 0.000207077 -0.00020452 0.0101544 -0.0185474 -0.000201964 0.000488292 -0.0185474 0.090398 
0.00971086 -0.0179695 0.000241615 -0.000254467 -0.0179695 0.0888448 -0.000259607 0.000583474 0.000241615 -0.000259607 0.0101144 -0.0185041 -0.000254467 0.000583474 -0.0185041 0.0902251 
0.00970826 -0.0179421 0.00024187 -0.000285613 -0.0179421 0.0887921 -0.000301051 0.000676722 0.00024187 -0.000301051 0.0100994 -0.0184825 -0.000285613 0.000676722 -0.0184825 0.0901739 
0.00971087 -0.0179648 0.000252699 -0.00030427 -0.0179648 0.0888212 -0.000312006 0.00075294 0.000252699 -0.000312006 0.010077 -0.018429 -0.00030427 0.00075294 -0.018429 0.0900176 
0.00969192 -0.0179607 0.000257353 -0.000293383 -0.0179607 0.0888203 -0.000295956 0.00072831 0.000257353 -0.000295956 0.0101088 -0.0184136 -0.000293383 0.00072831 -0.0184136 0.0899733 
0.00967961 -0.0179261 0.000239289 -0.000288176 -0.0179261 0.0887555 -0.000288176 0.000697282 0.000239289 -0.000288176 0.0101299 -0.0184638 -0.000288176 0.000697282 -0.0184638 0.0900317 
0.00968099 -0.0179238 0.000216105 -0.000280422 -0.0179238 0.0887394 -0.000277849 0.000676614 0.000216105 -0.000277849 0.0101364 -0.0184795 -0.000280422 0.000676614 -0.0184795 0.0900772 
0.00967605 -0.0179288 0.000188915 -0.000256199 -0.0179288 0.0887407 -0.000253611 0.000639204 0.000188915 -0.000253611 0.0101289 -0.0184748 -0.000256199 0.000639204 -0.0184748 0.0900734 
0.00968892 -0.0179586 0.000181295 -0.000240863 -0.0179586 0.0888268 -0.000230504 0.000611223 0.000181295 -0.000230504 0.0101085 -0.0184325 -0.000240863 0.000611223 -0.0184325 0.0899715 
0.00969155 -0.01793 0.000190992 -0.000237449 -0.01793 0.0887622 -0.000232287 0.000601366 0.000190992 -0.000232287 0.0101097 -0.0184488 -0.000237449 0.000601366 -0.0184488 0.0899804 
0.0096597 -0.0179026 0.000219363 -0.000247751 -0.0179026 0.0886509 -0.000242589 0.000616796 0.000219363 -0.000242589 0.0101294 -0.0184626 -0.000247751 0.000616796 -0.0184626 0.0900445 
0.00967536 -0.0178501 0.000232457 -0.000273782 -0.0178501 0.0884937 -0.000268617 0.000656044 0.000232457 -0.000268617 0.0100912 -0.0184984 -0.000273782 0.000656044 -0.0184984 0.0901183 
0.00968919 -0.0178541 0.000249761 -0.000290959 -0.0178541 0.0884232 -0.000288384 0.000713236 0.000249761 -0.000288384 0.0100625 -0.0184592 -0.000290959 0.000713236 -0.0184592 0.090102 
0.00968763 -0.0178756 0.000254667 -0.00030097 -0.0178756 0.0884595 -0.000306115 0.000740849 0.000254667 -0.000306115 0.0100401 -0.0184132 -0.00030097 0.000740849 -0.0184132 0.0899952 
0.00969958 -0.0179154 0.000239146 -0.000290576 -0.0179154 0.0885845 -0.000306005 0.000732868 0.000239146 -0.000306005 0.0100287 -0.0183628 -0.000290576 0.000732868 -0.0183628 0.0898445 
0.00974065 -0.0179942 0.000238452 -0.00030768 -0.0179942 0.0888274 -0.0003205 0.000784585 0.000238452 -0.0003205 0.0100047 -0.0182942 -0.00030768 0.000784585 -0.0182942 0.089635 
0.00973802 -0.0180167 0.000217996 -0.000287242 -0.0180167 0.0889296 -0.000297501 0.000746317 0.000217996 -0.000297501 0.0100227 -0.0182989 -0.000287242 0.000746317 -0.0182989 0.0896016 
0.00972888 -0.0179794 0.000190258 -0.000249393 -0.0179794 0.0888866 -0.000249393 0.000653049 0.000190258 -0.000249393 0.0100271 -0.0183496 -0.000249393 0.000653049 -0.0183496 0.0897042 
0.00970936 -0.0179905 0.000169843 -0.000218737 -0.0179905 0.0888897 -0.000213591 0.00055585 0.000169843 -0.000213591 0.0100645 -0.0183559 -0.000218737 0.00055585 -0.0183559 0.0897775 
0.00966005 -0.0179774 0.000162679 -0.000193666 -0.0179774 0.0888978 -0.000188501 0.000480291 0.000162679 -0.000188501 0.0101145 -0.0183776 -0.000193666 0.000480291 -0.0183776 0.089799 
