0.00706669 0 -0.00037354 0 0 0.0099837 0 0 -0.00037354 0 0.00752852 0 0 0 0 0.0099837 
0.0100205 -0.0124545 -0.00044845 0.000550511 -0.0124545 0.0330616 0.000550511 -0.001067 -0.00044845 0.000550511 0.0105649 -0.0131288 0.000550511 -0.001067 -0.0131288 0.0343544 
0.0101757 -0.0190501 -0.000306553 0.000553672 -0.0190501 0.0701099 0.000553672 -0.00178927 -0.000306553 0.000553672 0.0105636 -0.0197007 0.000553672 -0.00178927 -0.0197007 0.0721744 
0.00966387 -0.0188346 -0.00028264 0.000426966 -0.0188346 0.0844762 0.000423959 -0.00156053 -0.00028264 0.000423959 0.00999161 -0.0192977 0.000426966 -0.00156053 -0.0192977 0.0860577 
0.00964448 -0.0181921 -0.000279258 0.000351232 -0.0181921 0.0878799 0.000348353 -0.000998995 -0.000279258 0.000348353 0.00994389 -0.0185692 0.000351232 -0.000998995 -0.0185692 0.0888559 
0.00980176 -0.0181028 -0.000322771 0.000394498 -0.0181028 0.088889 0.000394498 -0.000943485 -0.000322771 0.000394498 0.0100804 -0.0184614 0.000394498 -0.000943485 -0.0184614 0.0896559 
0.00987433 -0.0181995 -0.000299141 0.000430016 -0.0181995 0.0893765 0.000432687 -0.00102029 -0.000299141 0.000432687 0.0102082 -0.0185361 0.000430016 -0.00102029 -0.0185361 0.0901136 
0.00991023 -0.018167 -0.000291172 0.000397761 -0.018167 0.0894001 0.00040556 -0.0010399 -0.000291172 0.00040556 0.0102612 -0.0186662 0.000397761 -0.0010399 -0.0186662 0.0905153 
0.00994598 -0.0182001 -0.000287545 0.000395375 -0.0182001 0.0894111 0.000403077 -0.00103978 -0.000287545 0.000403077 0.010231 -0.0186622 0.000395375 -0.00103978 -0.0186622 0.0905998 
0.00996278 -0.0182312 -0.000305295 0.000389251 -0.0182312 0.089436 0.000394339 -0.00103291 -0.000305295 0.000394339 0.0101968 -0.0186255 0.000389251 -0.00103291 -0.0186255 0.0905326 
0.00998086 -0.0182953 -0.000323676 0.000376779 -0.0182953 0.0895925 0.000371722 -0.000963442 -0.000323676 0.000371722 0.0101983 -0.018581 0.000376779 -0.000963442 -0.018581 0.0904245 
0.00995386 -0.0183261 -0.000355675 0.000416216 -0.0183261 0.0897286 0.000406126 -0.00100901 -0.000355675 0.000406126 0.0102339 -0.0185758 0.000416216 -0.00100901 -0.0185758 0.0903768 
0.00990535 -0.0182944 -0.00034427 0.000455651 -0.0182944 0.0897278 0.000445526 -0.00108091 -0.00034427 0.000445526 0.0102597 -0.0186184 0.000455651 -0.00108091 -0.0186184 0.0904316 
0.00985781 -0.0182339 -0.000314072 0.000443247 -0.0182339 0.0896371 0.000435648 -0.00109925 -0.000314072 0.000435648 0.0102859 -0.018662 0.000443247 -0.00109925 -0.018662 0.0905515 
0.00987826 -0.0181576 -0.000312668 0.000399096 -0.0181576 0.089456 0.000394012 -0.00102952 -0.000312668 0.000394012 0.0102443 -0.0187168 0.000399096 -0.00102952 -0.0187168 0.0907117 
0.00990308 -0.0181671 -0.00030796 0.00040722 -0.0181671 0.0893772 0.000409765 -0.00103078 -0.00030796 0.000409765 0.0101958 -0.0186736 0.00040722 -0.00103078 -0.0186736 0.0907235 
0.00994027 -0.018212 -0.000306361 0.000392446 -0.018212 0.0894498 0.000394978 -0.00100264 -0.000306361 0.000394978 0.0101732 -0.0186095 0.000392446 -0.00100264 -0.0186095 0.0905967 
0.00992177 -0.0182489 -0.000315866 0.000420306 -0.0182489 0.0895176 0.000422853 -0.00106223 -0.000315866 0.000422853 0.0101485 -0.0185597 0.000420306 -0.00106223 -0.0185597 0.0904371 
0.00994499 -0.018266 -0.000303372 0.000395148 -0.018266 0.0896451 0.000407895 -0.00103503 -0.000303372 0.000407895 0.0101209 -0.0185159 0.000395148 -0.00103503 -0.0185159 0.0902926 
0.00994679 -0.0182906 -0.000272689 0.000369532 -0.0182906 0.0897148 0.000377178 -0.000955687 -0.000272689 0.000377178 0.0101175 -0.0184741 0.000369532 -0.000955687 -0.0184741 0.0901811 
0.00991889 -0.0182767 -0.00025211 0.000331054 -0.0182767 0.0896902 0.000338694 -0.000865834 -0.00025211 0.000338694 0.0101506 -0.0184856 0.000331054 -0.000865834 -0.0184856 0.0901792 
0.00990891 -0.0182309 -0.000280201 0.000351524 -0.0182309 0.0895801 0.000356619 -0.000906831 -0.000280201 0.000356619 0.0101305 -0.0185187 0.000351524 -0.000906831 -0.0185187 0.0902016 
0.00995107 -0.0182194 -0.000320756 0.00037167 -0.0182194 0.089524 0.000374215 -0.000949539 -0.000320756 0.000374215 0.0100834 -0.0185071 0.00037167 -0.000949539 -0.0185071 0.0902266 
0.0099479 -0.0182484 -0.000344262 0.000415665 -0.0182484 0.0895286 0.000410565 -0.00101239 -0.000344262 0.000410565 0.0100525 -0.0184499 0.000415665 -0.00101239 -0.0184499 0.0901329 
0.00994584 -0.0182489 -0.000355117 0.000449645 -0.0182489 0.0895458 0.000444535 -0.00110112 -0.000355117 0.000444535 0.0100174 -0.0184022 0.000449645 -0.00110112 -0.0184022 0.0900005 
0.00989577 -0.0182455 -0.000325081 0.000427469 -0.0182455 0.0895252 0.000419789 -0.00106483 -0.000325081 0.000419789 0.010034 -0.0183709 0.000427469 -0.00106483 -0.0183709 0.0899092 
0.0098594 -0.0181798 -0.000308824 0.000400705 -0.0181798 0.0894186 0.000398153 -0.00101325 -0.000308824 0.000398153 0.0100814 -0.0184069 0.000400705 -0.00101325 -0.0184069 0.089952 
0.00984294 -0.0181494 -0.000300665 0.000382201 -0.0181494 0.0893279 0.000382201 -0.000960598 -0.000300665 0.000382201 0.0101079 -0.0184399 0.000382201 -0.000960598 -0.0184399 0.0900184 
0.00981751 -0.0181375 -0.000279195 0.000375644 -0.0181375 0.0892967 0.000378182 -0.000959415 -0.000279195 0.000378182 0.0101576 -0.0184675 0.000375644 -0.000959415 -0.0184675 0.0900886 
0.00979703 -0.0181042 -0.000256347 0.000365485 -0.0181042 0.0892215 0.000360409 -0.00094417 -0.000256347 0.000360409 0.0101803 -0.0185331 0.000365485 -0.00094417 -0.0185331 0.0902063 
0.00981234 -0.0180541 -0.000233809 0.000317675 -0.0180541 0.0890938 0.000320216 -0.000856452 -0.000233809 0.000320216 0.0101681 -0.0185903 0.000317675 -0.000856452 -0.0185903 0.0904027 
0.00980247 -0.0180708 -0.000214429 0.000293564 -0.0180708 0.0890748 0.000301222 -0.000778582 -0.000214429 0.000301222 0.0101599 -0.0185736 0.000293564 -0.000778582 -0.0185736 0.0904533 
0.00981212 -0.0180748 -0.000223178 0.000274483 -0.0180748 0.0890941 0.000274483 -0.000718273 -0.000223178 0.000274483 0.0101302 -0.018552 0.000274483 -0.000718273 -0.018552 0.0904049 
0.00981375 -0.0180735 -0.000265445 0.000319565 -0.0180735 0.089084 0.000322143 -0.000801491 -0.000265445 0.000322143 0.010074 -0.0184936 0.000319565 -0.000801491 -0.0184936 0.0902566 
0.00982058 -0.0180975 -0.000268915 0.000354244 -0.0180975 0.0891402 0.000354244 -0.00087656 -0.000268915 0.000354244 0.0100223 -0.0183922 0.000354244 -0.00087656 -0.0183922 0.0900064 
0.00980539 -0.0181062 -0.000261098 0.000330896 -0.0181062 0.0891714 0.000328311 -0.000847922 -0.000261098 0.000328311 0.0100122 -0.018326 0.000330896 -0.000847922 -0.018326 0.0897893 
0.00980296 -0.0180978 -0.00025308 0.000322806 -0.0180978 0.0891718 0.000322806 -0.000816052 -0.00025308 0.000322806 0.0100121 -0.0182992 0.000322806 -0.000816052 -0.0182992 0.0896444 
0.00979189 -0.0180597 -0.000273358 0.000337829 -0.0180597 0.0890837 0.000332671 -0.000843283 -0.000273358 0.000332671 0.0100034 -0.0183098 0.000337829 -0.000843283 -0.0183098 0.0896176 
0.00977897 -0.0180572 -0.000277054 0.000354013 -0.0180572 0.0890317 0.000346317 -0.000877337 -0.000277054 0.000346317 0.0100304 -0.0183138 0.000354013 -0.000877337 -0.0183138 0.0896372 
0.00977759 -0.0180151 -0.000286523 0.000360712 -0.0180151 0.0889372 0.000360712 -0.000903058 -0.000286523 0.000360712 0.0100488 -0.0183707 0.000360712 -0.000903058 -0.0183707 0.0897839 
0.00979918 -0.0180317 -0.000289265 0.000376301 -0.0180317 0.0889426 0.000376301 -0.000952271 -0.000289265 0.000376301 0.0100449 -0.0183978 0.000376301 -0.000952271 -0.0183978 0.0898821 
0.00980528 -0.0180739 -0.000281246 0.000378404 -0.0180739 0.0890401 0.000378404 -0.000974136 -0.000281246 0.000378404 0.0100661 -0.0183858 0.000378404 -0.000974136 -0.0183858 0.0899119 
0.00980077 -0.0181018 -0.000260604 0.000339808 -0.0181018 0.0891675 0.000344917 -0.00090445 -0.000260604 0.000344917 0.0100895 -0.018393 0.000339808 -0.00090445 -0.018393 0.0899008 
0.0097839 -0.0180746 -0.000268017 0.000334383 -0.0180746 0.0891399 0.000329278 -0.000860207 -0.000268017 0.000329278 0.0101259 -0.01846 0.000334383 -0.000860207 -0.01846 0.0900359 
0.00978317 -0.0180646 -0.00024732 0.00033146 -0.0180646 0.0891067 0.000326361 -0.0008312 -0.00024732 0.000326361 0.0101299 -0.0184827 0.00033146 -0.0008312 -0.0184827 0.0901138 
0.00978361 -0.0180636 -0.000239557 0.000316011 -0.0180636 0.0890974 0.000316011 -0.000818062 -0.000239557 0.000316011 0.0101404 -0.0184994 0.000316011 -0.000818062 -0.0184994 0.0901601 
0.00978791 -0.0180473 -0.000238105 0.000327714 -0.0180473 0.0890589 0.000335395 -0.000850009 -0.000238105 0.000335395 0.0101054 -0.0184979 0.000327714 -0.000850009 -0.0184979 0.0901752 
0.00978588 -0.0180621 -0.000243494 0.000297318 -0.0180621 0.0890776 0.000302445 -0.000786869 -0.000243494 0.000302445 0.010096 -0.0184619 0.000297318 -0.000786869 -0.0184619 0.0901336 
0.00977944 -0.0180723 -0.000250755 0.000309605 -0.0180723 0.0890998 0.000314723 -0.000785528 -0.000250755 0.000314723 0.010107 -0.0184433 0.000309605 -0.000785528 -0.0184433 0.0900696 
0.00978435 -0.0180429 -0.000266241 0.000340481 -0.0180429 0.0890345 0.000348161 -0.000865282 -0.000266241 0.000348161 0.0100967 -0.0184628 0.000340481 -0.000865282 -0.0184628 0.090079 
0.00978983 -0.0180293 -0.000261815 0.000364488 -0.0180293 0.0889658 0.000364488 -0.000936887 -0.000261815 0.000364488 0.0100747 -0.018458 0.000364488 -0.000936887 -0.018458 0.0901131 
0.00981485 -0.0180354 -0.000246462 0.000346588 -0.0180354 0.0889575 0.000333751 -0.000903695 -0.000246462 0.000333751 0.0100433 -0.0184359 0.000346588 -0.000903695 -0.0184359 0.0900897 
0.00981652 -0.0180805 -0.000215917 0.00028789 -0.0180805 0.089017 0.000280178 -0.000760851 -0.000215917 0.000280178 0.0100247 -0.0183787 0.00028789 -0.000760851 -0.0183787 0.0899527 
0.00979474 -0.0180488 -0.000213488 0.000280364 -0.0180488 0.0889655 0.000277792 -0.000715057 -0.000213488 0.000277792 0.0100314 -0.0183909 0.000280364 -0.000715057 -0.0183909 0.0899506 
0.00976721 -0.0180403 -0.000209021 0.000286436 -0.0180403 0.0889629 0.000283856 -0.000722541 -0.000209021 0.000283856 0.0100382 -0.018368 0.000286436 -0.000722541 -0.018368 0.0898816 
0.00975535 -0.017986 -0.000196399 0.000255836 -0.017986 0.08885 0.000253252 -0.000664139 -0.000196399 0.000253252 0.0100344 -0.0183943 0.000255836 -0.000664139 -0.0183943 0.0899172 
0.00975489 -0.017989 -0.000193652 0.000265949 -0.017989 0.0888216 0.000271113 -0.000684236 -0.000193652 0.000271113 0.0100234 -0.0183634 0.000265949 -0.000684236 -0.0183634 0.089857 
0.00978264 -0.0180269 -0.000211656 0.000260698 -0.0180269 0.0889162 0.000268442 -0.000689173 -0.000211656 0.000268442 0.00997623 -0.0183057 0.000260698 -0.000689173 -0.0183057 0.0896802 
0.00982473 -0.0180514 -0.000236369 0.000277477 -0.0180514 0.0890083 0.000277477 -0.000701399 -0.000236369 0.000277477 0.00994548 -0.0182646 0.000277477 -0.000701399 -0.0182646 0.0895581 
0.00985058 -0.0181003 -0.000225039 0.000288971 -0.0181003 0.0891053 0.000281299 -0.000710919 -0.000225039 0.000281299 0.00994776 -0.0182435 0.000288971 -0.000710919 -0.0182435 0.0895017 
0.00984974 -0.0181374 -0.000222059 0.00027566 -0.0181374 0.0892143 0.000270555 -0.000691702 -0.000222059 0.000270555 0.00998246 -0.0182497 0.00027566 -0.000691702 -0.0182497 0.0895053 
0.00984094 -0.0181502 -0.000252724 0.000296122 -0.0181502 0.0893011 0.000291016 -0.00072754 -0.000252724 0.000291016 0.0100018 -0.0182778 0.000296122 -0.00072754 -0.0182778 0.0895461 
0.0098262 -0.0181468 -0.000263293 0.000314418 -0.0181468 0.0893254 0.000306749 -0.000756648 -0.000263293 0.000306749 0.0100281 -0.0183155 0.000314418 -0.000756648 -0.0183155 0.0896372 
0.00981733 -0.0181001 -0.000256193 0.000322804 -0.0181001 0.0892271 0.000322804 -0.000786514 -0.000256193 0.000322804 0.0100402 -0.0183793 0.000322804 -0.000786514 -0.0183793 0.0898189 
0.00982821 -0.0180974 -0.000251282 0.000317949 -0.0180974 0.0891821 0.000328205 -0.000807692 -0.000251282 0.000328205 0.010041 -0.0183949 0.000317949 -0.000807692 -0.0183949 0.0899103 
0.0098443 -0.0181048 -0.000257584 0.000328994 -0.0181048 0.0891827 0.000339195 -0.000862014 -0.000257584 0.000339195 0.0100381 -0.0183752 0.000328994 -0.000862014 -0.0183752 0.0898968 
0.00984182 -0.018099 -0.000274811 0.000356997 -0.018099 0.0891311 0.00036727 -0.00093487 -0.000274811 0.00036727 0.00999335 -0.0183841 0.000356997 -0.00093487 -0.0183841 0.0898888 
0.00983147 -0.0180966 -0.000281268 0.000361261 -0.0180966 0.0891077 0.000366422 -0.000949601 -0.000281268 0.000366422 0.00996823 -0.0183314 0.000361261 -0.000949601 -0.0183314 0.0898199 
0.00982387 -0.0180936 -0.000274107 0.000336168 -0.0180936 0.0891053 0.000343926 -0.000881795 -0.000274107 0.000343926 0.00995058 -0.018285 0.000336168 -0.000881795 -0.018285 0.0897026 
0.0098044 -0.0180756 -0.000245627 0.000338707 -0.0180756 0.0890773 0.000341293 -0.000860988 -0.000245627 0.000341293 0.00995695 -0.018254 0.000338707 -0.000860988 -0.018254 0.0895945 
0.00980776 -0.0180672 -0.000237014 0.000314302 -0.0180672 0.0890479 0.000306573 -0.000811517 -0.000237014 0.000306573 0.00995203 -0.0182501 0.000314302 -0.000811517 -0.0182501 0.0895193 
0.00983804 -0.0180635 -0.000229271 0.000301401 -0.0180635 0.0890164 0.000296249 -0.000767671 -0.000229271 0.000296249 0.00991532 -0.0182386 0.000301401 -0.000767671 -0.0182386 0.0894826 
0.00985047 -0.0181012 -0.000234045 0.000290627 -0.0181012 0.0890863 0.000288055 -0.000740714 -0.000234045 0.000288055 0.00990962 -0.0182015 0.000290627 -0.000740714 -0.0182015 0.0894284 
0.00985822 -0.0181271 -0.000239565 0.000303964 -0.0181271 0.0891619 0.000301388 -0.00075991 -0.000239565 0.000301388 0.00990974 -0.018194 0.000303964 -0.00075991 -0.018194 0.0893834 
0.00982365 -0.0181283 -0.000269881 0.000334138 -0.0181283 0.0892097 0.000331568 -0.000848196 -0.000269881 0.000331568 0.00994189 -0.0181925 0.000334138 -0.000848196 -0.0181925 0.0893639 
0.009817 -0.0180901 -0.000287227 0.000359033 -0.0180901 0.0891557 0.000359033 -0.000907841 -0.000287227 0.000359033 0.00996574 -0.0182466 0.000359033 -0.000907841 -0.0182466 0.0894557 
0.00978716 -0.0180542 -0.000287104 0.000351189 -0.0180542 0.089038 0.000346062 -0.000894636 -0.000287104 0.000346062 0.0100127 -0.018308 0.000351189 -0.000894636 -0.018308 0.0896456 
0.00974118 -0.0180099 -0.000288322 0.000373275 -0.0180099 0.0889114 0.000373275 -0.000934474 -0.000288322 0.000373275 0.0100449 -0.0183677 0.000373275 -0.000934474 -0.0183677 0.0898124 
0.00972733 -0.0179763 -0.00027719 0.000356754 -0.0179763 0.0888446 0.000351621 -0.000913701 -0.00027719 0.000351621 0.0100712 -0.0183972 0.000356754 -0.000913701 -0.0183972 0.0899098 
0.00976429 -0.0179933 -0.000240525 0.000327523 -0.0179933 0.0888791 0.000327523 -0.000841837 -0.000240525 0.000327523 0.0100662 -0.0184053 0.000327523 -0.000841837 -0.0184053 0.0899256 
0.00978045 -0.0180387 -0.000220015 0.000299323 -0.0180387 0.0889783 0.000299323 -0.000782845 -0.000220015 0.000299323 0.0100619 -0.0183866 0.000299323 -0.000782845 -0.0183866 0.0898865 
0.00979871 -0.0180606 -0.000217351 0.000281278 -0.0180606 0.0890475 0.000291506 -0.000756894 -0.000217351 0.000291506 0.0100416 -0.0183828 0.000281278 -0.000756894 -0.0183828 0.0898684 
0.00979876 -0.0180696 -0.000235068 0.00029128 -0.0180696 0.0890755 0.000288725 -0.000748641 -0.000235068 0.000288725 0.010044 -0.0183787 0.00029128 -0.000748641 -0.0183787 0.0898599 
0.00980872 -0.0180621 -0.000265169 0.000318713 -0.0180621 0.0890638 0.000313614 -0.000805707 -0.000265169 0.000313614 0.0100254 -0.0183706 0.000318713 -0.000805707 -0.0183706 0.0898491 
0.0098038 -0.0180878 -0.000280036 0.000336043 -0.0180878 0.089115 0.000328406 -0.000827378 -0.000280036 0.000328406 0.0100406 -0.0183576 0.000336043 -0.000827378 -0.0183576 0.0898278 
0.00980062 -0.0180558 -0.00029838 0.000372337 -0.0180558 0.0890548 0.000359586 -0.000915541 -0.00029838 0.000359586 0.0100429 -0.0184026 0.000372337 -0.000915541 -0.0184026 0.0899194 
0.00983384 -0.0180666 -0.000309465 0.000373404 -0.0180666 0.0890646 0.000365732 -0.000933511 -0.000309465 0.000365732 0.0100103 -0.0183966 0.000373404 -0.000933511 -0.0183966 0.0899521 
0.00986655 -0.0181405 -0.000305681 0.000382743 -0.0181405 0.089228 0.000367331 -0.000929886 -0.000305681 0.000367331 0.0099693 -0.0183254 0.000382743 -0.000929886 -0.0183254 0.0898136 
0.00987239 -0.0181654 -0.000277806 0.000375552 -0.0181654 0.0893197 0.000375552 -0.000941452 -0.000277806 0.000375552 0.00997014 -0.018294 0.000375552 -0.000941452 -0.018294 0.0897184 
0.00988537 -0.0181595 -0.000251432 0.000348926 -0.0181595 0.0893301 0.000356622 -0.000921061 -0.000251432 0.000356622 0.00998543 -0.0183006 0.000348926 -0.000921061 -0.0183006 0.0897123 
0.00984906 -0.0181626 -0.000242713 0.000329579 -0.0181626 0.0893186 0.000342354 -0.000894208 -0.000242713 0.000342354 0.0100432 -0.0183236 0.000329579 -0.000894208 -0.0183236 0.0897376 
0.00982607 -0.0181246 -0.000224421 0.000300928 -0.0181246 0.0892584 0.00031623 -0.000828828 -0.000224421 0.00031623 0.010076 -0.0183847 0.000300928 -0.000828828 -0.0183847 0.0898398 
0.00982496 -0.0180911 -0.000247474 0.000303602 -0.0180911 0.0891696 0.000311255 -0.00082151 -0.000247474 0.000311255 0.0100775 -0.0184355 0.000303602 -0.00082151 -0.0184355 0.0899732 
0.00982589 -0.0181015 -0.000266049 0.00031977 -0.0181015 0.0891544 0.000327444 -0.000828844 -0.000266049 0.000327444 0.0100638 -0.018429 0.00031977 -0.000828844 -0.018429 0.0900191 
0.00983214 -0.0181052 -0.000260691 0.00033992 -0.0181052 0.0891639 0.00033992 -0.000848523 -0.000260691 0.00033992 0.0100622 -0.0184145 0.00033992 -0.000848523 -0.0184145 0.090015 
0.00984895 -0.0180989 -0.000244821 0.000323878 -0.0180989 0.0891608 0.000326428 -0.000828822 -0.000244821 0.000326428 0.0100683 -0.018433 0.000323878 -0.000828822 -0.018433 0.0900661 
0.00989401 -0.0181416 -0.000259565 0.000302826 -0.0181416 0.089242 0.000305371 -0.00078633 -0.000259565 0.000305371 0.0100594 -0.0184291 0.000302826 -0.00078633 -0.0184291 0.0900767 
0.00995456 -0.0182309 -0.000291203 0.000324411 -0.0182309 0.0894556 0.000326965 -0.00080975 -0.000291203 0.000326965 0.0100031 -0.0183867 0.000324411 -0.00080975 -0.0183867 0.0899537 
0.0099921 -0.0182848 -0.000316885 0.000375662 -0.0182848 0.0896095 0.000370551 -0.0009021 -0.000316885 0.000370551 0.0099691 -0.0183359 0.000375662 -0.0009021 -0.0183359 0.0898497 
0.00999921 -0.0183344 -0.000328179 0.000402532 -0.0183344 0.0897441 0.00039484 -0.000971718 -0.000328179 0.00039484 0.00996331 -0.0182985 0.000402532 -0.000971718 -0.0182985 0.0897467 
0.00996852 -0.0183182 -0.000332454 0.000414289 -0.0183182 0.0897525 0.000406617 -0.00102294 -0.000332454 0.000406617 0.0100094 -0.0183157 0.000414289 -0.00102294 -0.0183157 0.0897704 
0.0099429 -0.018288 -0.000332881 0.000427624 -0.018288 0.0896833 0.000422503 -0.00106522 -0.000332881 0.000422503 0.0100402 -0.0183597 0.000427624 -0.00106522 -0.0183597 0.0898318 
0.00989856 -0.0182479 -0.00030933 0.000426927 -0.0182479 0.0895881 0.000419257 -0.00107626 -0.00030933 0.000419257 0.0100826 -0.0183962 0.000426927 -0.00107626 -0.0183962 0.0899204 
0.00988119 -0.0181922 -0.000294083 0.000401487 -0.0181922 0.0894549 0.000406602 -0.00105614 -0.000294083 0.000406602 0.0100986 -0.0184556 0.000401487 -0.00105614 -0.0184556 0.0900431 
0.00990439 -0.0181712 -0.000297972 0.000354001 -0.0181712 0.0893739 0.000361642 -0.000942305 -0.000297972 0.000361642 0.0100979 -0.0184819 0.000354001 -0.000942305 -0.0184819 0.0901506 
0.00991672 -0.0181934 -0.00032088 0.000376907 -0.0181934 0.0893753 0.000384547 -0.00093972 -0.00032088 0.000384547 0.0100975 -0.0184837 0.000376907 -0.00093972 -0.0184837 0.0901953 
0.00993981 -0.0182179 -0.000336943 0.000416073 -0.0182179 0.0894302 0.000416073 -0.00101849 -0.000336943 0.000416073 0.0100623 -0.0184731 0.000416073 -0.00101849 -0.0184731 0.0901705 
0.00993499 -0.0182511 -0.000333457 0.000437822 -0.0182511 0.0895142 0.000435276 -0.00109455 -0.000333457 0.000435276 0.0100699 -0.0184318 0.000437822 -0.00109455 -0.0184318 0.0900971 
0.0099364 -0.0182353 -0.00031685 0.000413172 -0.0182353 0.0895214 0.000408102 -0.00106715 -0.00031685 0.000408102 0.0100961 -0.0184559 0.000413172 -0.00106715 -0.0184559 0.0901196 
0.00993651 -0.0182477 -0.000313918 0.000392397 -0.0182477 0.089545 0.000392397 -0.00099998 -0.000313918 0.000392397 0.0101061 -0.0184781 0.000392397 -0.00099998 -0.0184781 0.0901627 
0.00992906 -0.0182661 -0.000329028 0.000407489 -0.0182661 0.0895969 0.000407489 -0.00102252 -0.000329028 0.000407489 0.0101214 -0.0184838 0.000407489 -0.00102252 -0.0184838 0.090179 
0.00991956 -0.0182659 -0.000312607 0.000396477 -0.0182659 0.0896395 0.000396477 -0.000991194 -0.000312607 0.000396477 0.0101229 -0.0184921 0.000396477 -0.000991194 -0.0184921 0.0901859 
0.00990958 -0.0182337 -0.000315559 0.000399539 -0.0182337 0.0895832 0.000391904 -0.000984851 -0.000315559 0.000391904 0.0101208 -0.0185009 0.000399539 -0.000984851 -0.0185009 0.0902245 
0.00990967 -0.0182073 -0.000327001 0.00041897 -0.0182073 0.0894859 0.000413861 -0.00103721 -0.000327001 0.000413861 0.0100834 -0.0185011 0.00041897 -0.00103721 -0.0185011 0.0902395 
0.00993114 -0.0182096 -0.000334614 0.000411243 -0.0182096 0.0894543 0.000401026 -0.00101917 -0.000334614 0.000401026 0.0100537 -0.0184676 0.000411243 -0.00101917 -0.0184676 0.0902053 
0.00994771 -0.0182286 -0.000340483 0.000426875 -0.0182286 0.089476 0.000419252 -0.00104686 -0.000340483 0.000419252 0.010062 -0.018442 0.000426875 -0.00104686 -0.018442 0.0901468 
0.00993444 -0.0182393 -0.000352267 0.000443502 -0.0182393 0.089491 0.000440967 -0.00109735 -0.000352267 0.000440967 0.0100865 -0.0184471 0.000443502 -0.00109735 -0.0184471 0.0901119 
0.00991575 -0.018244 -0.000360112 0.000451408 -0.018244 0.0895334 0.000451408 -0.00113359 -0.000360112 0.000451408 0.0101009 -0.018457 0.000451408 -0.00113359 -0.018457 0.0901015 
0.00993666 -0.0182409 -0.000355425 0.000429048 -0.0182409 0.0895772 0.000439203 -0.00109674 -0.000355425 0.000439203 0.0100788 -0.0184643 0.000429048 -0.00109674 -0.0184643 0.090123 
0.00995427 -0.0182842 -0.000345705 0.000421963 -0.0182842 0.0896545 0.000424505 -0.00105491 -0.000345705 0.000424505 0.0100712 -0.0184342 0.000421963 -0.00105491 -0.0184342 0.0900739 
0.00993556 -0.0182913 -0.000352198 0.000441524 -0.0182913 0.0896982 0.000438971 -0.00108722 -0.000352198 0.000438971 0.0100632 -0.0184113 0.000441524 -0.00108722 -0.0184113 0.0899968 
0.00993615 -0.0182563 -0.000372733 0.00046464 -0.0182563 0.08965 0.000469746 -0.00117692 -0.000372733 0.000469746 0.010051 -0.0184197 0.00046464 -0.00117692 -0.0184197 0.09001 
0.00992586 -0.0182436 -0.000366399 0.000485988 -0.0182436 0.0895795 0.000485988 -0.00122642 -0.000366399 0.000485988 0.0100785 -0.0184217 0.000485988 -0.00122642 -0.0184217 0.0900375 
0.00993948 -0.0182081 -0.000384232 0.000482818 -0.0182081 0.0894882 0.000482818 -0.00125128 -0.000384232 0.000482818 0.0100937 -0.0184735 0.000482818 -0.00125128 -0.0184735 0.0901379 
0.00998554 -0.018251 -0.000372726 0.000458353 -0.018251 0.089545 0.00046339 -0.00118366 -0.000372726 0.00046339 0.0100838 -0.0184777 0.000458353 -0.00118366 -0.0184777 0.0901696 
0.0100231 -0.0183262 -0.000352573 0.000443235 -0.0183262 0.0897046 0.000445753 -0.00112068 -0.000352573 0.000445753 0.010071 -0.0184572 0.000443235 -0.00112068 -0.0184572 0.0901554 
0.0100525 -0.0183904 -0.000318646 0.000414746 -0.0183904 0.0899037 0.000414746 -0.00104698 -0.000318646 0.000414746 0.0100424 -0.0184284 0.000414746 -0.00104698 -0.0184284 0.0900934 
0.0100426 -0.0184276 -0.00031272 0.000399163 -0.0184276 0.0900329 0.000404248 -0.00102206 -0.00031272 0.000404248 0.010035 -0.0183971 0.000399163 -0.00102206 -0.0183971 0.0900024 
0.0100271 -0.0183945 -0.000321234 0.00039007 -0.0183945 0.0900247 0.000395169 -0.000991747 -0.000321234 0.000395169 0.0100322 -0.018397 0.00039007 -0.000991747 -0.018397 0.0899839 
0.00997835 -0.0183184 -0.000360386 0.000437064 -0.0183184 0.0898026 0.000434508 -0.00108627 -0.000360386 0.000434508 0.0100422 -0.0184283 0.000437064 -0.00108627 -0.0184283 0.0900659 
0.00999153 -0.0183165 -0.000370057 0.000433859 -0.0183165 0.0897885 0.000438964 -0.0010872 -0.000370057 0.000438964 0.0100451 -0.0184058 0.000433859 -0.0010872 -0.0184058 0.0900156 
0.0100072 -0.0183125 -0.000378791 0.000453013 -0.0183125 0.0897504 0.000450454 -0.00110054 -0.000378791 0.000450454 0.01002 -0.0184046 0.000453013 -0.00110054 -0.0184046 0.0900012 
0.0100527 -0.01833 -0.000378436 0.00047495 -0.01833 0.0897579 0.000477489 -0.00116579 -0.000378436 0.000477489 0.0100222 -0.0184062 0.00047495 -0.00116579 -0.0184062 0.0900322 
0.010071 -0.0183876 -0.00036401 0.000485347 -0.0183876 0.0898676 0.000492931 -0.00122348 -0.00036401 0.000492931 0.010033 -0.0183851 0.000485347 -0.00122348 -0.0183851 0.0899763 
0.0100769 -0.0184023 -0.000379117 0.00048527 -0.0184023 0.0899165 0.000490325 -0.0012612 -0.000379117 0.000490325 0.0100264 -0.0184099 0.00048527 -0.0012612 -0.0184099 0.0900024 
0.0100646 -0.0184379 -0.000372201 0.000481076 -0.0184379 0.0900169 0.000481076 -0.00123814 -0.000372201 0.000481076 0.0100342 -0.0183974 0.000481076 -0.00123814 -0.0183974 0.0899941 
0.0100972 -0.0184386 -0.000380072 0.000443417 -0.0184386 0.0900847 0.000440884 -0.00113515 -0.000380072 0.000440884 0.0100162 -0.0184006 0.000443417 -0.00113515 -0.0184006 0.0899985 
0.0101299 -0.0184664 -0.000389513 0.000457804 -0.0184664 0.0901342 0.000452745 -0.00111289 -0.000389513 0.000452745 0.00998821 -0.0183703 0.000457804 -0.00111289 -0.0183703 0.0899546 
0.0101503 -0.01853 -0.000362691 0.000445808 -0.01853 0.0902849 0.000443289 -0.00108052 -0.000362691 0.000443289 0.0100017 -0.0183411 0.000445808 -0.00108052 -0.0183411 0.0898794 
0.0101339 -0.0185152 -0.000350999 0.000461314 -0.0185152 0.0902871 0.000456299 -0.0011232 -0.000350999 0.000456299 0.0100637 -0.0183999 0.000461314 -0.0011232 -0.0183999 0.0899837 
0.0101132 -0.018497 -0.000358411 0.00042859 -0.018497 0.0902319 0.000426083 -0.00107273 -0.000358411 0.000426083 0.0101057 -0.0184745 0.00042859 -0.00107273 -0.0184745 0.0901567 
0.0101046 -0.0184675 -0.000376115 0.000434173 -0.0184675 0.0901793 0.000436698 -0.00105514 -0.000376115 0.000436698 0.0100819 -0.0185155 0.000434173 -0.00105514 -0.0185155 0.0902879 
0.0101079 -0.0184869 -0.000408858 0.000469429 -0.0184869 0.0902263 0.000464381 -0.00113067 -0.000408858 0.000464381 0.0100675 -0.0184718 0.000469429 -0.00113067 -0.0184718 0.0902364 
0.0101076 -0.0184833 -0.000446296 0.000535048 -0.0184833 0.090233 0.000529977 -0.00129324 -0.000446296 0.000529977 0.0100188 -0.01843 0.000535048 -0.00129324 -0.01843 0.0901112 
0.0100949 -0.0184675 -0.000442001 0.000571553 -0.0184675 0.0901911 0.000566473 -0.00139205 -0.000442001 0.000566473 0.0100085 -0.0184015 0.000571553 -0.00139205 -0.0184015 0.0900489 
0.0100833 -0.0184764 -0.000419398 0.000551572 -0.0184764 0.0902011 0.000554114 -0.00139545 -0.000419398 0.000554114 0.010002 -0.0183518 0.000551572 -0.00139545 -0.0183518 0.0899037 
0.0100785 -0.0184542 -0.000377241 0.000502139 -0.0184542 0.0901555 0.000507236 -0.00129485 -0.000377241 0.000507236 0.00999434 -0.0183472 0.000502139 -0.00129485 -0.0183472 0.0898471 
0.0100534 -0.018419 -0.000364606 0.000451296 -0.018419 0.0900501 0.000464044 -0.00118051 -0.000364606 0.000464044 0.0100024 -0.0183552 0.000451296 -0.00118051 -0.0183552 0.0898818 
0.0100524 -0.0183954 -0.000362296 0.000431183 -0.0183954 0.0899718 0.000438837 -0.00109454 -0.000362296 0.000438837 0.00999885 -0.0183597 0.000431183 -0.00109454 -0.0183597 0.0898851 
0.010025 -0.0183907 -0.000362504 0.000444195 -0.0183907 0.0899214 0.000451853 -0.00109262 -0.000362504 0.000451853 0.010002 -0.0183396 0.000444195 -0.00109262 -0.0183396 0.0898371 
