0.00779687 0 4.76456e-05 0 0 0.00998176 0 0 4.76456e-05 0 0.00679631 0 0 0 0 0.00998176 
0.0108926 -0.0135236 4.95823e-05 -6.19778e-05 -0.0135236 0.0351228 -6.19778e-05 0.000127055 4.95823e-05 -6.19778e-05 0.00969333 -0.0120423 -6.19778e-05 0.000127055 -0.0120423 0.0322781 
0.010796 -0.0201275 0 -3.14295e-05 -0.0201275 0.073542 -3.14295e-05 0.000132004 0 -3.14295e-05 0.00990973 -0.0185874 -3.14295e-05 0.000132004 -0.0185874 0.0686327 
0.0101596 -0.0195979 -3.03092e-06 -5.15256e-05 -0.0195979 0.0871722 -5.45565e-05 0.000242473 -3.03092e-06 -5.45565e-05 0.009411 -0.0184522 -5.15256e-05 0.000242473 -0.0184522 0.0830987 
0.0101497 -0.0187764 2.57172e-05 -2.28597e-05 -0.0187764 0.08955 -1.71448e-05 0.000117156 2.57172e-05 -1.71448e-05 0.0094582 -0.0179334 -2.28597e-05 0.000117156 -0.0179334 0.0870983 
0.0103718 -0.0187263 3.80616e-05 -5.1655e-05 -0.0187263 0.0902766 -4.89363e-05 0.000116903 3.80616e-05 -4.89363e-05 0.00958064 -0.0178536 -5.1655e-05 0.000116903 -0.0178536 0.0882213 
0.0105016 -0.0189187 5.01332e-05 -8.17964e-05 -0.0189187 0.090947 -8.44349e-05 0.000197894 5.01332e-05 -8.44349e-05 0.00963086 -0.0178765 -8.17964e-05 0.000197894 -0.0178765 0.0885986 
0.0105282 -0.0190042 5.70074e-05 -9.84673e-05 -0.0190042 0.0913336 -9.5876e-05 0.000251351 5.70074e-05 -9.5876e-05 0.00963943 -0.0178925 -9.84673e-05 0.000251351 -0.0178925 0.0887112 
0.0105253 -0.019006 7.43022e-05 -0.000102486 -0.019006 0.0914609 -0.000110172 0.000299771 7.43022e-05 -0.000110172 0.0096311 -0.0178735 -0.000102486 0.000299771 -0.0178735 0.0886579 
0.0105398 -0.0189782 6.09823e-05 -0.000121965 -0.0189782 0.09142 -0.000119424 0.000330321 6.09823e-05 -0.000119424 0.00961741 -0.0178805 -0.000121965 0.000330321 -0.0178805 0.0886479 
0.0104875 -0.0189922 6.3468e-05 -9.1394e-05 -0.0189922 0.0913991 -9.64714e-05 0.000291953 6.3468e-05 -9.64714e-05 0.00963953 -0.0178548 -9.1394e-05 0.000291953 -0.0178548 0.0885938 
0.010432 -0.0189309 5.60311e-05 -8.65935e-05 -0.0189309 0.0912976 -8.91404e-05 0.000247046 5.60311e-05 -8.91404e-05 0.00965009 -0.0178867 -8.65935e-05 0.000247046 -0.0178867 0.0886234 
0.0103907 -0.0188637 6.11219e-05 -8.65893e-05 -0.0188637 0.0911429 -8.91361e-05 0.000244488 6.11219e-05 -8.91361e-05 0.00965981 -0.0179062 -8.65893e-05 0.000244488 -0.0179062 0.088693 
0.0103996 -0.0188229 4.82052e-05 -7.10393e-05 -0.0188229 0.0910445 -7.86507e-05 0.000200432 4.82052e-05 -7.86507e-05 0.00967149 -0.0179324 -7.10393e-05 0.000200432 -0.0179324 0.0887763 
0.0104017 -0.01884 4.06417e-05 -7.87434e-05 -0.01884 0.0910349 -8.12835e-05 0.000215909 4.06417e-05 -8.12835e-05 0.00965241 -0.0179154 -7.87434e-05 0.000215909 -0.0179154 0.0887565 
0.0104008 -0.0188418 4.31568e-05 -7.86978e-05 -0.0188418 0.0910609 -7.86978e-05 0.000218323 4.31568e-05 -7.86978e-05 0.00965444 -0.0179152 -7.86978e-05 0.000218323 -0.0179152 0.0887711 
0.0104034 -0.0188253 3.81078e-05 -7.62156e-05 -0.0188253 0.0910269 -6.85941e-05 0.000215944 3.81078e-05 -6.85941e-05 0.0096616 -0.0179488 -7.62156e-05 0.000215944 -0.0179488 0.0888471 
0.0104134 -0.0188269 3.5532e-05 -5.8374e-05 -0.0188269 0.0910101 -4.5684e-05 0.000167508 3.5532e-05 -4.5684e-05 0.00966724 -0.0179589 -5.8374e-05 0.000167508 -0.0179589 0.0889087 
0.0104106 -0.0188291 4.57387e-05 -6.09849e-05 -0.0188291 0.0909996 -5.33618e-05 0.000165167 4.57387e-05 -5.33618e-05 0.00967881 -0.0179728 -6.09849e-05 0.000165167 -0.0179728 0.0889414 
0.0104018 -0.018853 5.84944e-05 -7.37538e-05 -0.018853 0.0910656 -7.37538e-05 0.000183113 5.84944e-05 -7.37538e-05 0.00965921 -0.0179273 -7.37538e-05 0.000183113 -0.0179273 0.0888352 
0.0103887 -0.0188452 5.60036e-05 -7.89141e-05 -0.0188452 0.0910822 -7.89141e-05 0.000201104 5.60036e-05 -7.89141e-05 0.00965298 -0.0179059 -7.89141e-05 0.000201104 -0.0179059 0.0887479 
0.0103884 -0.0188551 4.06195e-05 -6.85455e-05 -0.0188551 0.09113 -6.3468e-05 0.000180249 4.06195e-05 -6.3468e-05 0.00962683 -0.0178548 -6.85455e-05 0.000180249 -0.0178548 0.0885862 
0.0103874 -0.0188345 4.30068e-05 -6.07155e-05 -0.0188345 0.0911062 -5.81857e-05 0.000169498 4.30068e-05 -5.81857e-05 0.00964365 -0.0178655 -6.07155e-05 0.000169498 -0.0178655 0.0885814 
0.0104184 -0.0188288 5.33106e-05 -7.86966e-05 -0.0188288 0.0910748 -8.37738e-05 0.000215781 5.33106e-05 -8.37738e-05 0.00961621 -0.0178971 -7.86966e-05 0.000215781 -0.0178971 0.088653 
0.0104448 -0.018869 4.81676e-05 -9.12649e-05 -0.018869 0.0911407 -9.38001e-05 0.000250979 4.81676e-05 -9.38001e-05 0.00960056 -0.0178626 -9.12649e-05 0.000250979 -0.0178626 0.088636 
0.0104326 -0.0188964 4.07525e-05 -5.85817e-05 -0.0188964 0.0912066 -5.85817e-05 0.000193574 4.07525e-05 -5.85817e-05 0.00959976 -0.017847 -5.85817e-05 0.000193574 -0.017847 0.0885985 
0.0104039 -0.0188865 4.07696e-05 -6.11544e-05 -0.0188865 0.0912297 -5.60582e-05 0.000168175 4.07696e-05 -5.60582e-05 0.00962418 -0.0178469 -6.11544e-05 0.000168175 -0.0178469 0.0885797 
0.0103688 -0.0188549 6.11426e-05 -7.38806e-05 -0.0188549 0.0911789 -7.1333e-05 0.000196166 6.11426e-05 -7.1333e-05 0.00967072 -0.017874 -7.38806e-05 0.000196166 -0.017874 0.0886313 
0.0103207 -0.0187926 6.90433e-05 -8.18291e-05 -0.0187926 0.0910323 -7.41576e-05 0.000184115 6.90433e-05 -7.41576e-05 0.00970442 -0.0179334 -8.18291e-05 0.000184115 -0.0179334 0.0887436 
0.0102923 -0.0187505 9.45187e-05 -0.000112401 -0.0187505 0.0909065 -0.000102182 0.000255456 9.45187e-05 -0.000102182 0.00972265 -0.0179611 -0.000112401 0.000255456 -0.0179611 0.0888195 
0.0102863 -0.0186867 9.6968e-05 -0.000125038 -0.0186867 0.0907442 -0.000125038 0.000296007 9.6968e-05 -0.000125038 0.00973507 -0.0180131 -0.000125038 0.000296007 -0.0180131 0.0889477 
0.0103163 -0.0186867 6.65735e-05 -0.000128026 -0.0186867 0.0906679 -0.000135707 0.000335428 6.65735e-05 -0.000135707 0.0096762 -0.0180056 -0.000128026 0.000335428 -0.0180056 0.0889703 
0.0103439 -0.0187363 5.10178e-05 -0.000102036 -0.0187363 0.0907377 -0.000102036 0.000295903 5.10178e-05 -0.000102036 0.00964747 -0.0179302 -0.000102036 0.000295903 -0.0179302 0.0888399 
0.0103544 -0.0187511 4.33345e-05 -5.608e-05 -0.0187511 0.0907782 -6.37272e-05 0.000186084 4.33345e-05 -6.37272e-05 0.00964065 -0.0179124 -5.608e-05 0.000186084 -0.0179124 0.088772 
0.0103442 -0.0187519 3.05364e-05 -4.83493e-05 -0.0187519 0.0907719 -5.8528e-05 0.000132324 3.05364e-05 -5.8528e-05 0.00965458 -0.0179147 -4.83493e-05 0.000132324 -0.0179147 0.0887769 
0.0103392 -0.0187714 4.33992e-05 -6.12695e-05 -0.0187714 0.0908397 -6.38224e-05 0.000160832 4.33992e-05 -6.38224e-05 0.00964995 -0.0179009 -6.12695e-05 0.000160832 -0.0179009 0.0887233 
0.0103525 -0.0187571 3.0674e-05 -5.87918e-05 -0.0187571 0.0908512 -6.1348e-05 0.000161038 3.0674e-05 -6.1348e-05 0.00963674 -0.0179136 -5.87918e-05 0.000161038 -0.0179136 0.0887424 
0.0103614 -0.0187717 2.5571e-05 -5.88133e-05 -0.0187717 0.0908691 -6.13704e-05 0.000173883 2.5571e-05 -6.13704e-05 0.00963004 -0.017892 -5.88133e-05 0.000173883 -0.017892 0.0887109 
0.0103709 -0.0187764 3.06679e-05 -6.64471e-05 -0.0187764 0.0908919 -6.64471e-05 0.000199341 3.06679e-05 -6.64471e-05 0.00962204 -0.0178819 -6.64471e-05 0.000199341 -0.0178819 0.0886736 
0.0103363 -0.0187814 4.33868e-05 -6.63563e-05 -0.0187814 0.0908903 -6.1252e-05 0.00018886 4.33868e-05 -6.1252e-05 0.00963953 -0.0178652 -6.63563e-05 0.00018886 -0.0178652 0.0886214 
0.0103257 -0.0187592 4.09142e-05 -8.94999e-05 -0.0187592 0.09085 -8.43856e-05 0.000237814 4.09142e-05 -8.43856e-05 0.00962507 -0.0178693 -8.94999e-05 0.000237814 -0.0178693 0.0885921 
0.0103104 -0.0187261 2.55333e-05 -5.362e-05 -0.0187261 0.0907582 -5.10667e-05 0.000171073 2.55333e-05 -5.10667e-05 0.00962606 -0.0178657 -5.362e-05 0.000171073 -0.0178657 0.0886032 
0.0103136 -0.0186951 7.65669e-06 -3.06268e-05 -0.0186951 0.0906782 -3.06268e-05 0.000102089 7.65669e-06 -3.06268e-05 0.00961681 -0.0178835 -3.06268e-05 0.000102089 -0.0178835 0.0886467 
0.0103136 -0.018708 1.01812e-05 -5.0906e-06 -0.018708 0.0906712 -2.5453e-06 2.29077e-05 1.01812e-05 -2.5453e-06 0.00963651 -0.0178782 -5.0906e-06 2.29077e-05 -0.0178782 0.0886655 
0.010342 -0.0187354 2.5373e-06 -1.01492e-05 -0.0187354 0.0907592 -7.61189e-06 -2.5373e-06 2.5373e-06 -7.61189e-06 0.00962905 -0.0178753 -1.01492e-05 -2.5373e-06 -0.0178753 0.0886278 
0.010317 -0.018756 1.26901e-05 -1.26901e-05 -0.018756 0.0908053 -1.01521e-05 1.52281e-05 1.26901e-05 -1.01521e-05 0.00966224 -0.0178803 -1.26901e-05 1.52281e-05 -0.0178803 0.0886403 
0.0103026 -0.0187314 3.05113e-05 -3.30539e-05 -0.0187314 0.0908042 -2.79687e-05 5.59374e-05 3.05113e-05 -2.79687e-05 0.00967462 -0.0179254 -3.30539e-05 5.59374e-05 -0.0179254 0.0887319 
0.0103243 -0.0187032 2.54292e-05 -4.32297e-05 -0.0187032 0.0907493 -4.83156e-05 0.000101717 2.54292e-05 -4.83156e-05 0.00967074 -0.0179607 -4.32297e-05 0.000101717 -0.0179607 0.0888472 
0.0103669 -0.0187544 1.77863e-05 -4.82771e-05 -0.0187544 0.0908296 -5.33589e-05 0.000134668 1.77863e-05 -5.33589e-05 0.0096224 -0.0179134 -4.82771e-05 0.000134668 -0.0179134 0.0887639 
0.0103668 -0.0188118 3.06256e-05 -3.8282e-05 -0.0188118 0.0909427 -4.08341e-05 0.000137815 3.06256e-05 -4.08341e-05 0.00959092 -0.017842 -3.8282e-05 0.000137815 -0.017842 0.0886024 
0.01034 -0.0187847 2.56132e-05 -2.30519e-05 -0.0187847 0.0909422 -4.35424e-05 9.73301e-05 2.56132e-05 -4.35424e-05 0.00959982 -0.017837 -2.30519e-05 9.73301e-05 -0.017837 0.0885576 
0.0103359 -0.0187447 2.566e-05 -1.7962e-05 -0.0187447 0.0908468 -3.0792e-05 5.90181e-05 2.566e-05 -3.0792e-05 0.00960199 -0.017862 -1.7962e-05 5.90181e-05 -0.017862 0.0885964 
0.0103291 -0.018754 4.36259e-05 -6.67219e-05 -0.018754 0.0908419 -6.41557e-05 0.000151407 4.36259e-05 -6.41557e-05 0.00959769 -0.0178199 -6.67219e-05 0.000151407 -0.0178199 0.0885118 
0.0102979 -0.0187181 4.86716e-05 -7.685e-05 -0.0187181 0.0907624 -7.17266e-05 0.000197248 4.86716e-05 -7.17266e-05 0.00963955 -0.0178497 -7.685e-05 0.000197248 -0.0178497 0.088567 
0.0102962 -0.0187008 5.12633e-05 -8.71475e-05 -0.0187008 0.0907026 -7.43317e-05 0.000217869 5.12633e-05 -7.43317e-05 0.00965031 -0.0178857 -8.71475e-05 0.000217869 -0.0178857 0.0886214 
0.0102541 -0.0186788 7.7079e-05 -7.96483e-05 -0.0186788 0.0906398 -7.45097e-05 0.000215821 7.7079e-05 -7.45097e-05 0.00968112 -0.0179029 -7.96483e-05 0.000215821 -0.0179029 0.0886743 
0.010245 -0.0186567 6.67596e-05 -0.000100139 -0.0186567 0.0906031 -9.50041e-05 0.000243929 6.67596e-05 -9.50041e-05 0.00968271 -0.0179173 -0.000100139 0.000243929 -0.0179173 0.0886876 
0.0102777 -0.0186406 7.67947e-05 -9.72733e-05 -0.0186406 0.0905614 -9.21536e-05 0.000255982 7.67947e-05 -9.21536e-05 0.00965821 -0.0179239 -9.72733e-05 0.000255982 -0.0179239 0.0887235 
0.0103143 -0.0186662 8.15563e-05 -9.42995e-05 -0.0186662 0.0905657 -9.42995e-05 0.000239572 8.15563e-05 -9.42995e-05 0.00965168 -0.017922 -9.42995e-05 0.000239572 -0.017922 0.0887511 
0.0103557 -0.0187266 8.12214e-05 -0.000101527 -0.0187266 0.0907014 -0.000101527 0.000243664 8.12214e-05 -0.000101527 0.00964504 -0.0178966 -0.000101527 0.000243664 -0.0178966 0.0887064 
0.0103635 -0.0188109 8.36379e-05 -0.000129259 -0.0188109 0.0909119 -0.000134328 0.000337086 8.36379e-05 -0.000134328 0.00963103 -0.0178428 -0.000129259 0.000337086 -0.0178428 0.0885548 
0.01035 -0.0188207 5.83312e-05 -0.000114126 -0.0188207 0.0910246 -0.00011159 0.000332234 5.83312e-05 -0.00011159 0.00963733 -0.0178443 -0.000114126 0.000332234 -0.0178443 0.0885037 
0.0103246 -0.0187694 4.59097e-05 -9.18194e-05 -0.0187694 0.0909471 -8.41678e-05 0.000275458 4.59097e-05 -8.41678e-05 0.00963849 -0.0178895 -9.18194e-05 0.000275458 -0.0178895 0.0886032 
0.0102988 -0.0187173 4.61712e-05 -8.46473e-05 -0.0187173 0.090806 -7.4387e-05 0.000233421 4.61712e-05 -7.4387e-05 0.00963953 -0.0179067 -8.46473e-05 0.000233421 -0.0179067 0.0887129 
0.0102849 -0.0186882 4.10167e-05 -8.71605e-05 -0.0186882 0.0907033 -7.43428e-05 0.000223028 4.10167e-05 -7.43428e-05 0.00964405 -0.0179012 -8.71605e-05 0.000223028 -0.0179012 0.0887294 
0.0102566 -0.0186672 3.08083e-05 -5.64818e-05 -0.0186672 0.0906148 -4.62124e-05 0.000156609 3.08083e-05 -4.62124e-05 0.00965582 -0.017897 -5.64818e-05 0.000156609 -0.017897 0.0887072 
0.0102401 -0.0186549 2.56002e-05 -3.84003e-05 -0.0186549 0.0905889 -3.07202e-05 9.72807e-05 2.56002e-05 -3.07202e-05 0.00968199 -0.0178945 -3.84003e-05 9.72807e-05 -0.0178945 0.0886791 
0.0102311 -0.0186397 4.87682e-05 -5.39017e-05 -0.0186397 0.0905446 -5.1335e-05 0.000123204 4.87682e-05 -5.1335e-05 0.00966381 -0.0179005 -5.39017e-05 0.000123204 -0.0179005 0.0886478 
0.0102195 -0.0186208 8.24156e-05 -6.69627e-05 -0.0186208 0.0905026 -6.69627e-05 0.000151954 8.24156e-05 -6.69627e-05 0.00965035 -0.0178868 -6.69627e-05 0.000151954 -0.0178868 0.0886251 
0.010188 -0.0185987 0.000118825 -0.000113659 -0.0185987 0.0904439 -0.000118825 0.000245399 0.000118825 -0.000118825 0.00964807 -0.0178677 -0.000113659 0.000245399 -0.0178677 0.0885789 
0.0102043 -0.0185505 0.000102944 -0.000146695 -0.0185505 0.0903356 -0.000151842 0.000339714 0.000102944 -0.000151842 0.0096484 -0.0178942 -0.000146695 0.000339714 -0.0178942 0.0886371 
0.0101949 -0.0185676 9.52315e-05 -0.000136413 -0.0185676 0.0902975 -0.000144134 0.000368057 9.52315e-05 -0.000144134 0.00964927 -0.0178726 -0.000136413 0.000368057 -0.0178726 0.0885936 
0.0101683 -0.0185698 9.27202e-05 -0.000123627 -0.0185698 0.0903223 -0.000131354 0.000337398 9.27202e-05 -0.000131354 0.00964547 -0.0178486 -0.000123627 0.000337398 -0.0178486 0.088504 
0.010155 -0.0185132 0.000100113 -0.000123216 -0.0185132 0.0902274 -0.000133484 0.000331143 0.000100113 -0.000133484 0.00967502 -0.0178894 -0.000123216 0.000331143 -0.0178894 0.0885897 
0.0102002 -0.0185166 7.63677e-05 -0.000119643 -0.0185166 0.090203 -0.000119643 0.000305471 7.63677e-05 -0.000119643 0.00967325 -0.0179184 -0.000119643 0.000305471 -0.0179184 0.0886706 
0.0102222 -0.0185692 5.60541e-05 -0.000101917 -0.0185692 0.0902904 -9.68207e-05 0.00028027 5.60541e-05 -9.68207e-05 0.0096515 -0.0179042 -0.000101917 0.00028027 -0.0179042 0.0886547 
0.0102207 -0.0186011 7.16706e-05 -8.70286e-05 -0.0186011 0.0903844 -7.93496e-05 0.000253407 7.16706e-05 -7.93496e-05 0.00964226 -0.0178921 -8.70286e-05 0.000253407 -0.0178921 0.0886463 
0.0101831 -0.0186038 0.000120921 -0.00012864 -0.0186038 0.0904079 -0.000126067 0.000324172 0.000120921 -0.000126067 0.00964282 -0.017868 -0.00012864 0.000324172 -0.017868 0.088594 
0.0101507 -0.0185605 0.000149806 -0.000178218 -0.0185605 0.0903538 -0.000175635 0.000428756 0.000149806 -0.000175635 0.00963409 -0.017845 -0.000178218 0.000428756 -0.017845 0.0885225 
0.0101294 -0.0185021 0.000142085 -0.000196336 -0.0185021 0.0902243 -0.000196336 0.000488257 0.000142085 -0.000196336 0.00963339 -0.0178485 -0.000196336 0.000488257 -0.0178485 0.0885192 
0.0101366 -0.0184739 0.000149942 -0.00018355 -0.0184739 0.0901204 -0.000178379 0.000483434 0.000149942 -0.000178379 0.00961439 -0.0178509 -0.00018355 0.000483434 -0.0178509 0.0885072 
0.010164 -0.018477 0.00013941 -0.000175553 -0.018477 0.0900794 -0.000180717 0.000456955 0.00013941 -0.000180717 0.0095883 -0.0178316 -0.000175553 0.000456955 -0.0178316 0.088484 
0.0101707 -0.0185071 0.000118503 -0.000151993 -0.0185071 0.0901114 -0.000159722 0.000399304 0.000118503 -0.000159722 0.00960649 -0.0178116 -0.000151993 0.000399304 -0.0178116 0.0884653 
0.0101928 -0.0185148 9.49478e-05 -0.000136006 -0.0185148 0.0901593 -0.000138572 0.000351563 9.49478e-05 -0.000138572 0.00962052 -0.0178373 -0.000136006 0.000351563 -0.0178373 0.0884964 
0.0101621 -0.0185512 9.00669e-05 -0.00012352 -0.0185512 0.0902316 -0.000120947 0.000313948 9.00669e-05 -0.000120947 0.00963973 -0.0178255 -0.00012352 0.000313948 -0.0178255 0.0884483 
0.0100905 -0.0185005 0.000105998 -0.000124095 -0.0185005 0.090173 -0.000113754 0.000302481 0.000105998 -0.000113754 0.00967423 -0.0178645 -0.000124095 0.000302481 -0.0178645 0.0885055 
0.0100738 -0.0184527 0.000116625 -0.00013995 -0.0184527 0.0900892 -0.000137359 0.000339509 0.000116625 -0.000137359 0.00965658 -0.0178696 -0.00013995 0.000339509 -0.0178696 0.0884953 
0.010049 -0.0184176 0.000140038 -0.000171157 -0.0184176 0.0900003 -0.000165971 0.000412334 0.000140038 -0.000165971 0.0096678 -0.0178548 -0.000171157 0.000412334 -0.0178548 0.0884806 
0.0100389 -0.0183656 0.000142893 -0.000189658 -0.0183656 0.089851 -0.00018706 0.000467649 0.000142893 -0.00018706 0.00965176 -0.0178642 -0.000189658 0.000467649 -0.0178642 0.0884922 
0.010042 -0.0183312 0.000148021 -0.000207748 -0.0183312 0.0897214 -0.000202555 0.000529759 0.000148021 -0.000202555 0.00963693 -0.017869 -0.000207748 0.000529759 -0.017869 0.0885216 
0.0100578 -0.0183395 0.000124459 -0.000189281 -0.0183395 0.0896959 -0.000184095 0.000505614 0.000124459 -0.000184095 0.00961962 -0.0178469 -0.000189281 0.000505614 -0.0178469 0.0884902 
0.0100875 -0.0183626 7.74573e-05 -0.000139423 -0.0183626 0.0897266 -0.000139423 0.000395032 7.74573e-05 -0.000139423 0.00960213 -0.0178229 -0.000139423 0.000395032 -0.0178229 0.0884253 
0.0101156 -0.0184354 6.1743e-05 -0.000100332 -0.0184354 0.0898952 -0.000102905 0.000311288 6.1743e-05 -0.000102905 0.00958303 -0.0177665 -0.000100332 0.000311288 -0.0177665 0.0882951 
0.0101109 -0.0184516 6.69937e-05 -8.50305e-05 -0.0184516 0.0899726 -9.53372e-05 0.000262822 6.69937e-05 -9.53372e-05 0.00959556 -0.017774 -8.50305e-05 0.000262822 -0.017774 0.088272 
0.0100895 -0.0184436 6.44612e-05 -6.96181e-05 -0.0184436 0.0899905 -7.73535e-05 0.000193384 6.44612e-05 -7.73535e-05 0.00961504 -0.0177913 -6.96181e-05 0.000193384 -0.0177913 0.0883093 
0.0101011 -0.0184185 5.67913e-05 -8.26056e-05 -0.0184185 0.0899601 -9.29313e-05 0.000224584 5.67913e-05 -9.29313e-05 0.00960806 -0.0178273 -8.26056e-05 0.000224584 -0.0178273 0.0883906 
0.0101062 -0.0184296 5.70096e-05 -6.7375e-05 -0.0184296 0.0899534 -7.25577e-05 0.000194351 5.70096e-05 -7.25577e-05 0.00959834 -0.0178207 -6.7375e-05 0.000194351 -0.0178207 0.0884193 
0.0101052 -0.0184563 6.47771e-05 -7.25503e-05 -0.0184563 0.0900116 -7.77325e-05 0.000196922 6.47771e-05 -7.77325e-05 0.00959478 -0.0177878 -7.25503e-05 0.000196922 -0.0177878 0.0883507 
0.0100694 -0.0184455 0.000114101 -0.000121881 -0.0184455 0.0900232 -0.000116694 0.000295626 0.000114101 -0.000116694 0.0096208 -0.017779 -0.000121881 0.000295626 -0.017779 0.0882909 
0.010031 -0.0184131 0.000119633 -0.000158644 -0.0184131 0.0899693 -0.000158644 0.000366701 0.000119633 -0.000158644 0.00964087 -0.0177941 -0.000158644 0.000366701 -0.0177941 0.0882892 
0.0100118 -0.0183484 0.000111675 -0.000158422 -0.0183484 0.0898358 -0.000148034 0.000389563 0.000111675 -0.000148034 0.00965337 -0.0178368 -0.000158422 0.000389563 -0.0178368 0.088371 
0.010021 -0.0183048 9.85245e-05 -0.000145194 -0.0183048 0.0896832 -0.000137416 0.000362985 9.85245e-05 -0.000137416 0.0096554 -0.0178692 -0.000145194 0.000362985 -0.0178692 0.0884802 
0.010028 -0.0182989 8.00996e-05 -0.000105938 -0.0182989 0.0896005 -0.000111106 0.000291976 8.00996e-05 -0.000111106 0.0096688 -0.0178829 -0.000105938 0.000291976 -0.0178829 0.0885747 
0.0100349 -0.0183427 9.27962e-05 -8.24855e-05 -0.0183427 0.0896643 -9.53739e-05 0.000226835 9.27962e-05 -9.53739e-05 0.00966369 -0.0178658 -8.24855e-05 0.000226835 -0.0178658 0.0885379 
0.0100577 -0.0183484 0.000113501 -0.000103182 -0.0183484 0.0897223 -0.00011608 0.000255376 0.000113501 -0.00011608 0.00965013 -0.0178867 -0.000103182 0.000255376 -0.0178867 0.0885718 
0.0100812 -0.0183923 0.000116113 -0.000154817 -0.0183923 0.0898043 -0.000159978 0.000356079 0.000116113 -0.000159978 0.00962705 -0.0178582 -0.000154817 0.000356079 -0.0178582 0.0885296 
0.0101022 -0.0184214 0.000100635 -0.000159984 -0.0184214 0.0899084 -0.000159984 0.000405121 0.000100635 -0.000159984 0.0096171 -0.0178253 -0.000159984 0.000405121 -0.0178253 0.0884582 
0.0101161 -0.0184397 7.72614e-05 -0.000128769 -0.0184397 0.0899787 -0.000118468 0.000363129 7.72614e-05 -0.000118468 0.00960617 -0.0178165 -0.000128769 0.000363129 -0.0178165 0.0884154 
0.0101121 -0.0184618 5.909e-05 -0.000105334 -0.0184618 0.0900171 -9.24886e-05 0.000290312 5.909e-05 -9.24886e-05 0.00962139 -0.0178195 -0.000105334 0.000290312 -0.0178195 0.0884063 
0.0101259 -0.018456 3.84822e-05 -5.64405e-05 -0.018456 0.0900431 -4.87441e-05 0.000166756 3.84822e-05 -4.87441e-05 0.00962311 -0.0178352 -5.64405e-05 0.000166756 -0.0178352 0.0884294 
0.0101159 -0.0184622 2.57206e-05 -3.08647e-05 -0.0184622 0.0900425 -2.05764e-05 7.20176e-05 2.57206e-05 -2.05764e-05 0.00962206 -0.0178372 -3.08647e-05 7.20176e-05 -0.0178372 0.0884427 
0.0100938 -0.0184539 4.88743e-05 -5.65913e-05 -0.0184539 0.0900291 -5.65913e-05 0.000128617 4.88743e-05 -5.65913e-05 0.00963082 -0.0178288 -5.65913e-05 0.000128617 -0.0178288 0.0884446 
0.0100568 -0.0184211 7.48198e-05 -7.99798e-05 -0.0184211 0.0899618 -8.51398e-05 0.000196079 7.48198e-05 -8.51398e-05 0.00964659 -0.0178484 -7.99798e-05 0.000196079 -0.0178484 0.0884654 
0.0100554 -0.0184014 8.76625e-05 -0.000103132 -0.0184014 0.0899186 -0.000100554 0.000232048 8.76625e-05 -0.000100554 0.00964546 -0.0178393 -0.000103132 0.000232048 -0.0178393 0.0884489 
0.0100471 -0.0183989 6.71871e-05 -9.30283e-05 -0.0183989 0.0899325 -8.78601e-05 0.000209314 6.71871e-05 -8.78601e-05 0.0096336 -0.0178149 -9.30283e-05 0.000209314 -0.0178149 0.0883588 
0.010023 -0.018385 8.03292e-05 -0.000101059 -0.018385 0.0898936 -9.8468e-05 0.00024617 8.03292e-05 -9.8468e-05 0.00962655 -0.0178046 -0.000101059 0.00024617 -0.0178046 0.0883207 
0.0100468 -0.0183584 7.74617e-05 -0.000108446 -0.0183584 0.0898479 -0.000108446 0.000268534 7.74617e-05 -0.000108446 0.00960526 -0.0177981 -0.000108446 0.000268534 -0.0177981 0.0883115 
0.0100641 -0.0184002 8.22817e-05 -0.000110566 -0.0184002 0.0898927 -0.000107995 0.000277701 8.22817e-05 -0.000107995 0.00960124 -0.0177651 -0.000110566 0.000277701 -0.0177651 0.088224 
0.0100643 -0.0184059 7.44556e-05 -0.000107832 -0.0184059 0.0899115 -0.000102697 0.000272148 7.44556e-05 -0.000102697 0.00960734 -0.0177666 -0.000107832 0.000272148 -0.0177666 0.088217 
0.0100538 -0.0183576 6.41514e-05 -9.2378e-05 -0.0183576 0.0898017 -9.2378e-05 0.000238643 6.41514e-05 -9.2378e-05 0.00963554 -0.0178392 -9.2378e-05 0.000238643 -0.0178392 0.0884032 
0.0100307 -0.01834 7.6962e-05 -8.72235e-05 -0.01834 0.0897094 -9.23543e-05 0.000230886 7.6962e-05 -9.23543e-05 0.00965873 -0.0178834 -8.72235e-05 0.000230886 -0.0178834 0.0885601 
0.0100246 -0.0183257 7.9744e-05 -7.20268e-05 -0.0183257 0.0896708 -7.9744e-05 0.000190357 7.9744e-05 -7.9744e-05 0.00967475 -0.0179167 -7.20268e-05 0.000190357 -0.0179167 0.0886753 
0.0100355 -0.0183202 9.02471e-05 -0.000100561 -0.0183202 0.0896566 -0.00010314 0.000226907 9.02471e-05 -0.00010314 0.00965386 -0.0179153 -0.000100561 0.000226907 -0.0179153 0.0887078 
0.0100343 -0.018332 0.000118871 -0.00012404 -0.018332 0.0896729 -0.000121456 0.000299763 0.000118871 -0.000121456 0.00965442 -0.0179056 -0.00012404 0.000299763 -0.0179056 0.0886935 
0.0100833 -0.0183726 0.000126299 -0.000146919 -0.0183726 0.089801 -0.000146919 0.000350543 0.000126299 -0.000146919 0.00963479 -0.01787 -0.000146919 0.000350543 -0.01787 0.0886024 
0.0101031 -0.018417 0.000126321 -0.00016499 -0.018417 0.0899067 -0.000157256 0.000399585 0.000126321 -0.000157256 0.00963388 -0.0178473 -0.00016499 0.000399585 -0.0178473 0.0885172 
0.0100877 -0.0184481 0.000136844 -0.00017041 -0.0184481 0.0899995 -0.00017041 0.000428606 0.000136844 -0.00017041 0.00963331 -0.0178207 -0.00017041 0.000428606 -0.0178207 0.0884245 
0.0100713 -0.0184348 0.000149625 -0.000175422 -0.0184348 0.0900097 -0.000180582 0.000446295 0.000149625 -0.000180582 0.00965597 -0.0178337 -0.000175422 0.000446295 -0.0178337 0.0884232 
0.0100718 -0.0184211 0.000152369 -0.000196272 -0.0184211 0.0900061 -0.000206602 0.000503592 0.000152369 -0.000206602 0.00965348 -0.0178375 -0.000196272 0.000503592 -0.0178375 0.0884076 
0.0100456 -0.0183992 0.000157811 -0.000191443 -0.0183992 0.089934 -0.000204378 0.000522586 0.000157811 -0.000204378 0.00966785 -0.0178585 -0.000191443 0.000522586 -0.0178585 0.0884646 
0.0100716 -0.0183965 0.000142108 -0.000175697 -0.0183965 0.0899207 -0.000188616 0.000467664 0.000142108 -0.000188616 0.0096375 -0.0178436 -0.000175697 0.000467664 -0.0178436 0.0884324 
0.0100757 -0.0184072 0.00013159 -0.000188355 -0.0184072 0.0899176 -0.000185775 0.000474758 0.00013159 -0.000185775 0.00962675 -0.0178241 -0.000188355 0.000474758 -0.0178241 0.088403 
0.0100633 -0.018402 0.000124111 -0.000157724 -0.018402 0.0898845 -0.000155138 0.000416287 0.000124111 -0.000155138 0.0096315 -0.0178357 -0.000157724 0.000416287 -0.0178357 0.0884262 
0.0100332 -0.0183758 0.000124091 -0.000168039 -0.0183758 0.0898313 -0.000152528 0.000403295 0.000124091 -0.000152528 0.00964546 -0.0178329 -0.000168039 0.000403295 -0.0178329 0.0884301 
0.0100135 -0.018365 0.000116496 -0.000186394 -0.018365 0.0898032 -0.000165684 0.000440098 0.000116496 -0.000165684 0.0096459 -0.017824 -0.000186394 0.000440098 -0.017824 0.0883768 
0.00998678 -0.0183285 0.000118798 -0.000162702 -0.0183285 0.0897364 -0.000147206 0.000415793 0.000118798 -0.000147206 0.00966396 -0.0178378 -0.000162702 0.000415793 -0.0178378 0.0883934 
0.00994897 -0.0183024 0.000138966 -0.000164701 -0.0183024 0.0896694 -0.000156981 0.000422046 0.000138966 -0.000156981 0.00971478 -0.017852 -0.000164701 0.000422046 -0.017852 0.0884316 
0.00992295 -0.0182368 0.000170196 -0.00020372 -0.0182368 0.089518 -0.000198562 0.000505431 0.000170196 -0.000198562 0.00971665 -0.017917 -0.00020372 0.000505431 -0.017917 0.088551 
0.00990513 -0.0181982 0.000180845 -0.000222181 -0.0181982 0.0893839 -0.00021443 0.000539951 0.000180845 -0.00021443 0.00972171 -0.017945 -0.000222181 0.000539951 -0.017945 0.0886683 
0.00990248 -0.0181826 0.000160427 -0.000227703 -0.0181826 0.0893319 -0.00023029 0.000571844 0.000160427 -0.00023029 0.009711 -0.0179393 -0.000227703 0.000571844 -0.0179393 0.0886902 
0.00991513 -0.0181846 0.000145125 -0.00020473 -0.0181846 0.0893243 -0.00020473 0.000546809 0.000145125 -0.00020473 0.00968189 -0.0179125 -0.00020473 0.000546809 -0.0179125 0.0886427 
0.00993457 -0.018193 0.000143375 -0.000166836 -0.018193 0.0893199 -0.000177263 0.000461406 0.000143375 -0.000177263 0.00964261 -0.0178906 -0.000166836 0.000461406 -0.0178906 0.0885978 
0.00994516 -0.0182154 0.00016697 -0.000180015 -0.0182154 0.0893682 -0.00019045 0.00045395 0.00016697 -0.00019045 0.00962166 -0.0178319 -0.000180015 0.00045395 -0.0178319 0.0884916 
0.00995052 -0.0182145 0.000179312 -0.000189707 -0.0182145 0.0893754 -0.000197503 0.000459974 0.000179312 -0.000197503 0.00963867 -0.0178377 -0.000189707 0.000459974 -0.0178377 0.088458 
0.00993958 -0.0181971 0.000176243 -0.000207345 -0.0181971 0.0893215 -0.000204753 0.000484668 0.000176243 -0.000204753 0.0096804 -0.0178757 -0.000207345 0.000484668 -0.0178757 0.0885388 
0.00994004 -0.0181963 0.000181057 -0.000217269 -0.0181963 0.0893156 -0.000206923 0.000509547 0.000181057 -0.000206923 0.00970726 -0.0179195 -0.000217269 0.000509547 -0.0179195 0.0886224 
0.00994871 -0.0182238 0.00018854 -0.000214367 -0.0182238 0.0893756 -0.000211785 0.00051913 0.00018854 -0.000211785 0.00971884 -0.0179294 -0.000214367 0.00051913 -0.0179294 0.0886654 
0.00996514 -0.0182638 0.00019697 -0.000246213 -0.0182638 0.0895049 -0.000235846 0.000583136 0.00019697 -0.000235846 0.00970079 -0.0179165 -0.000246213 0.000583136 -0.0179165 0.0886081 
0.0100076 -0.0182951 0.00018853 -0.00025826 -0.0182951 0.0896084 -0.000245347 0.000617241 0.00018853 -0.000245347 0.00966408 -0.0178922 -0.00025826 0.000617241 -0.0178922 0.0885573 
0.0100233 -0.0183433 0.000170588 -0.000230035 -0.0183433 0.0897265 -0.000230035 0.000599641 0.000170588 -0.000230035 0.00964854 -0.0178445 -0.000230035 0.000599641 -0.0178445 0.0884574 
