0.00774374 0 -0.000132633 0 0 0.0099849 0 0 -0.000132633 0 0.00683911 0 0 0 0 0.0099849 
0.0108225 -0.0134399 -0.000161068 0.00019514 -0.0134399 0.0349487 0.00019514 -0.000380988 -0.000161068 0.00019514 0.00975391 -0.0121204 0.00019514 -0.000380988 -0.0121204 0.0324304 
0.0107648 -0.0200369 -0.00015464 0.00020829 -0.0200369 0.0732455 0.00020829 -0.000662741 -0.00015464 0.00020829 0.00990008 -0.0186577 0.00020829 -0.000662741 -0.0186577 0.0688556 
0.0101774 -0.0195676 -0.000151405 0.000181686 -0.0195676 0.0870034 0.000172602 -0.000520833 -0.000151405 0.000172602 0.00940225 -0.0184866 0.000181686 -0.000520833 -0.0184866 0.0833273 
0.0101755 -0.018818 -0.000154739 0.000183394 -0.018818 0.0895709 0.000166201 -0.000421234 -0.000154739 0.000166201 0.00939609 -0.0178809 0.000183394 -0.000421234 -0.0178809 0.0870292 
0.010392 -0.0187622 -0.000147133 0.00017438 -0.0187622 0.0903671 0.000163482 -0.000397805 -0.000147133 0.000163482 0.00952552 -0.0177977 0.00017438 -0.000397805 -0.0177977 0.0881247 
0.0105362 -0.0189247 -0.00014231 0.000184477 -0.0189247 0.0909865 0.0001713 -0.000421661 -0.00014231 0.0001713 0.00963495 -0.0178837 0.000184477 -0.000421661 -0.0178837 0.0886436 
0.0105775 -0.0190406 -0.000118762 0.000134252 -0.0190406 0.0914337 0.000136834 -0.000335631 -0.000118762 0.000136834 0.00967134 -0.0179253 0.000134252 -0.000335631 -0.0179253 0.0888028 
0.0105892 -0.0190585 -0.00010204 9.43868e-05 -0.0190585 0.0915756 0.000104591 -0.000237242 -0.00010204 0.000104591 0.00965041 -0.0179335 9.43868e-05 -0.000237242 -0.0179335 0.0888103 
0.0105788 -0.0190378 -0.000116641 9.12839e-05 -0.0190378 0.0915299 9.88909e-05 -0.000205389 -0.000116641 9.88909e-05 0.00965074 -0.0179398 9.12839e-05 -0.000205389 -0.0179398 0.0888573 
0.0106026 -0.0190383 -0.000146313 0.000128654 -0.0190383 0.0915262 0.000126132 -0.000259831 -0.000146313 0.000126132 0.00964403 -0.017946 0.000128654 -0.000259831 -0.017946 0.0888875 
0.0105996 -0.0190494 -0.00017198 0.000184626 -0.0190494 0.0915062 0.000177039 -0.000379368 -0.00017198 0.000177039 0.00963343 -0.0179593 0.000184626 -0.000379368 -0.0179593 0.0889315 
0.0105926 -0.0190844 -0.000164521 0.000192363 -0.0190844 0.0916127 0.000187301 -0.000427754 -0.000164521 0.000187301 0.00962573 -0.0179125 0.000192363 -0.000427754 -0.0179125 0.0888538 
0.010554 -0.0190898 -0.000108882 0.000169653 -0.0190898 0.0916913 0.000164589 -0.000387417 -0.000108882 0.000164589 0.00966771 -0.0179022 0.000169653 -0.000387417 -0.0179022 0.0888021 
0.0105565 -0.0190377 -0.00010148 0.00010148 -0.0190377 0.0916291 0.000106554 -0.000276534 -0.00010148 0.000106554 0.00964063 -0.0179392 0.00010148 -0.000276534 -0.0179392 0.0888207 
0.010579 -0.0190493 -0.000101138 0.000103666 -0.0190493 0.0916154 0.000108723 -0.000245259 -0.000101138 0.000108723 0.00961818 -0.0179064 0.000103666 -0.000245259 -0.0179064 0.0887861 
0.0105998 -0.0190857 -0.000110993 0.000113515 -0.0190857 0.0916975 0.000116038 -0.000254778 -0.000110993 0.000116038 0.0096059 -0.0178698 0.000113515 -0.000254778 -0.0178698 0.0887032 
0.0106026 -0.0190777 -0.000118198 0.000155921 -0.0190777 0.0916967 0.000155921 -0.000349565 -0.000118198 0.000155921 0.00964699 -0.0179133 0.000155921 -0.000349565 -0.0179133 0.088787 
0.0106084 -0.0190987 -0.000125781 0.000145906 -0.0190987 0.0917475 0.000148422 -0.000364766 -0.000125781 0.000148422 0.0096575 -0.0179364 0.000145906 -0.000364766 -0.0179364 0.0888294 
0.0106006 -0.0191309 -0.000133325 0.000138356 -0.0191309 0.0918307 0.000145903 -0.000337086 -0.000133325 0.000145903 0.00964719 -0.0179108 0.000138356 -0.000337086 -0.0179108 0.0887793 
0.0105969 -0.0191223 -0.000120963 0.000133563 -0.0191223 0.0918589 0.000146164 -0.000327609 -0.000120963 0.000146164 0.00962161 -0.0178899 0.000133563 -0.000327609 -0.0178899 0.0887139 
0.0106002 -0.0191142 -0.000106078 0.000121232 -0.0191142 0.0918509 0.000128809 -0.000298029 -0.000106078 0.000128809 0.00958743 -0.0178691 0.000121232 -0.000298029 -0.0178691 0.0886711 
0.0106107 -0.0190938 -8.55094e-05 0.000103114 -0.0190938 0.0917944 0.000100599 -0.000233893 -8.55094e-05 0.000100599 0.00960975 -0.017884 0.000103114 -0.000233893 -0.017884 0.0887311 
0.010599 -0.0191029 -7.30273e-05 7.30273e-05 -0.0191029 0.0917726 7.30273e-05 -0.000171236 -7.30273e-05 7.30273e-05 0.0096396 -0.0179093 7.30273e-05 -0.000171236 -0.0179093 0.0887936 
0.0105617 -0.0190798 -6.31532e-05 6.0627e-05 -0.0190798 0.0917262 6.56793e-05 -0.000133885 -6.31532e-05 6.56793e-05 0.00968012 -0.0179456 6.0627e-05 -0.000133885 -0.0179456 0.0888843 
0.0105298 -0.0190563 -6.32345e-05 5.56463e-05 -0.0190563 0.0916925 6.32345e-05 -0.00012141 -6.32345e-05 6.32345e-05 0.00971028 -0.0179763 5.56463e-05 -0.00012141 -0.0179763 0.0889481 
0.0105076 -0.0190476 -5.57836e-05 4.56411e-05 -0.0190476 0.0916855 4.81768e-05 -8.6211e-05 -5.57836e-05 4.81768e-05 0.00968606 -0.0179522 4.56411e-05 -8.6211e-05 -0.0179522 0.0888532 
0.0105103 -0.0190029 -6.82649e-05 7.58499e-05 -0.0190029 0.0915963 8.34349e-05 -0.000176983 -6.82649e-05 8.34349e-05 0.00967845 -0.0179587 7.58499e-05 -0.000176983 -0.0179587 0.0888733 
0.0105165 -0.018992 -7.5968e-05 6.83712e-05 -0.018992 0.0915085 7.34358e-05 -0.000172194 -7.5968e-05 7.34358e-05 0.0096606 -0.0179614 6.83712e-05 -0.000172194 -0.0179614 0.0888826 
0.0105117 -0.0189834 -0.000111503 8.10931e-05 -0.0189834 0.0914477 8.61615e-05 -0.000190062 -0.000111503 8.61615e-05 0.00965262 -0.0179469 8.10931e-05 -0.000190062 -0.0179469 0.0888806 
0.0104762 -0.0189624 -0.000106331 9.87362e-05 -0.0189624 0.0913689 0.000106331 -0.000207599 -0.000106331 0.000106331 0.00967615 -0.0179447 9.87362e-05 -0.000207599 -0.0179447 0.0888929 
0.0104483 -0.0189209 -0.000106254 0.000103724 -0.0189209 0.0912877 0.000103724 -0.000232748 -0.000106254 0.000103724 0.00967167 -0.0179469 0.000103724 -0.000232748 -0.0179469 0.088859 
0.0104226 -0.0188925 -9.63643e-05 0.000121723 -0.0188925 0.0912037 0.000119187 -0.000268806 -9.63643e-05 0.000119187 0.00966432 -0.0179466 0.000121723 -0.000268806 -0.0179466 0.0888529 
0.0104131 -0.0188704 -8.62471e-05 0.000106541 -0.0188704 0.0911505 9.63939e-05 -0.000253668 -8.62471e-05 9.63939e-05 0.00965968 -0.0179343 0.000106541 -0.000253668 -0.0179343 0.0888396 
0.0104328 -0.0188621 -7.60774e-05 9.63648e-05 -0.0188621 0.0911306 9.12929e-05 -0.000243448 -7.60774e-05 9.12929e-05 0.00963901 -0.0179264 9.63648e-05 -0.000243448 -0.0179264 0.0888179 
0.0104467 -0.0188762 -8.33108e-05 0.000106032 -0.0188762 0.0911521 0.000106032 -0.000267604 -8.33108e-05 0.000106032 0.00965143 -0.0179144 0.000106032 -0.000267604 -0.0179144 0.0888043 
0.0104501 -0.0188903 -9.57109e-05 0.000103267 -0.0188903 0.0911722 0.000115861 -0.00029217 -9.57109e-05 0.000115861 0.00966932 -0.0179332 0.000103267 -0.00029217 -0.0179332 0.0888222 
0.0104348 -0.0188896 -6.81025e-05 7.31472e-05 -0.0188896 0.0911691 8.32364e-05 -0.000196741 -6.81025e-05 8.32364e-05 0.00967308 -0.0179538 7.31472e-05 -0.000196741 -0.0179538 0.0888688 
0.010439 -0.0188829 -6.58295e-05 4.81061e-05 -0.0188829 0.0911763 5.0638e-05 -0.000108872 -6.58295e-05 5.0638e-05 0.00964655 -0.0179461 4.81061e-05 -0.000108872 -0.0179461 0.0888672 
0.0104255 -0.0188797 -6.59684e-05 4.82077e-05 -0.0188797 0.0911684 5.07449e-05 -8.37291e-05 -6.59684e-05 5.07449e-05 0.009639 -0.0179206 4.82077e-05 -8.37291e-05 -0.0179206 0.0888341 
0.0104199 -0.0189006 -5.83822e-05 7.61506e-05 -0.0189006 0.0912437 7.36123e-05 -0.000142148 -5.83822e-05 7.36123e-05 0.00963559 -0.0178776 7.61506e-05 -0.000142148 -0.0178776 0.0887003 
0.0103892 -0.0188888 -3.56057e-05 5.08652e-05 -0.0188888 0.0912395 4.8322e-05 -0.000119533 -3.56057e-05 4.8322e-05 0.00964659 -0.0178588 5.08652e-05 -0.000119533 -0.0178588 0.0886098 
0.0103399 -0.0188272 -4.59325e-05 4.33807e-05 -0.0188272 0.0911276 4.08289e-05 -0.000104624 -4.59325e-05 4.08289e-05 0.00968156 -0.0179009 4.33807e-05 -0.000104624 -0.0179009 0.0886651 
0.0103291 -0.0187711 -5.87315e-05 5.61779e-05 -0.0187711 0.0909954 5.10708e-05 -0.000137891 -5.87315e-05 5.10708e-05 0.00969069 -0.0179361 5.61779e-05 -0.000137891 -0.0179361 0.0887585 
0.0103244 -0.0187509 -4.86637e-05 3.58574e-05 -0.0187509 0.0908909 2.56125e-05 -5.37862e-05 -4.86637e-05 2.56125e-05 0.00968919 -0.0179569 3.58574e-05 -5.37862e-05 -0.0179569 0.0888266 
0.010322 -0.018737 -3.32307e-05 3.06745e-05 -0.018737 0.0908271 3.06745e-05 -4.08993e-05 -3.32307e-05 3.06745e-05 0.00969313 -0.0179548 3.06745e-05 -4.08993e-05 -0.0179548 0.0888383 
0.0103608 -0.0187436 -4.58217e-05 3.81847e-05 -0.0187436 0.0908262 4.83673e-05 -7.89151e-05 -4.58217e-05 4.83673e-05 0.00967602 -0.0179545 3.81847e-05 -7.89151e-05 -0.0179545 0.0888432 
0.0103981 -0.018797 -5.34802e-05 4.58401e-05 -0.018797 0.0909137 5.60268e-05 -0.000112054 -5.34802e-05 5.60268e-05 0.0096519 -0.0179337 4.58401e-05 -0.000112054 -0.0179337 0.0888051 
0.0104451 -0.0188565 -6.59319e-05 5.83244e-05 -0.0188565 0.0910698 5.83244e-05 -0.000126792 -6.59319e-05 5.83244e-05 0.00964128 -0.0179031 5.83244e-05 -0.000126792 -0.0179031 0.0887469 
0.0104849 -0.0189178 -0.000108927 8.61283e-05 -0.0189178 0.0912402 7.85287e-05 -0.000189989 -0.000108927 7.85287e-05 0.0096185 -0.0178868 8.61283e-05 -0.000189989 -0.0178868 0.0886843 
0.0105317 -0.0189607 -0.000144063 0.000154172 -0.0189607 0.0913762 0.000141535 -0.000326037 -0.000144063 0.000141535 0.00960671 -0.0178865 0.000154172 -0.000326037 -0.0178865 0.0886795 
0.0105351 -0.0190235 -0.000149453 0.000187449 -0.0190235 0.0915131 0.00017985 -0.000438225 -0.000149453 0.00017985 0.00959283 -0.0178507 0.000187449 -0.000438225 -0.0178507 0.0886127 
0.0105267 -0.0190222 -0.000149621 0.000164837 -0.0190222 0.0915657 0.000157229 -0.000408289 -0.000149621 0.000157229 0.00959858 -0.017848 0.000164837 -0.000408289 -0.017848 0.0886088 
0.0105238 -0.0190089 -0.000129641 0.000147435 -0.0190089 0.0915568 0.000142351 -0.000358418 -0.000129641 0.000142351 0.0095985 -0.0178574 0.000147435 -0.000358418 -0.0178574 0.0886285 
0.0105468 -0.0189842 -0.000131834 0.000149581 -0.0189842 0.0914906 0.00013944 -0.000344798 -0.000131834 0.00013944 0.00961124 -0.0178965 0.000149581 -0.000344798 -0.0178965 0.0887423 
0.0105409 -0.0190193 -0.000106679 0.000121919 -0.0190193 0.0915127 0.000111759 -0.000269237 -0.000106679 0.000111759 0.0096138 -0.0178814 0.000121919 -0.000269237 -0.0178814 0.0887289 
0.0105363 -0.019014 -0.00010153 9.64533e-05 -0.019014 0.0915139 9.64533e-05 -0.000215751 -0.00010153 9.64533e-05 0.00962756 -0.0178946 9.64533e-05 -0.000215751 -0.0178946 0.0887574 
0.0105365 -0.0190088 -0.000101434 9.63626e-05 -0.0190088 0.0915064 9.63626e-05 -0.000202869 -0.000101434 9.63626e-05 0.00963879 -0.0179158 9.63626e-05 -0.000202869 -0.0179158 0.0888082 
0.0105477 -0.0190168 -0.000121529 0.000113934 -0.0190168 0.0915446 0.000124061 -0.000253186 -0.000121529 0.000124061 0.0096464 -0.0179129 0.000113934 -0.000253186 -0.0179129 0.0887874 
0.0105743 -0.0190104 -0.000143885 0.00014136 -0.0190104 0.0915207 0.000148933 -0.000320585 -0.000143885 0.000148933 0.00964279 -0.0179502 0.00014136 -0.000320585 -0.0179502 0.0888853 
0.0106245 -0.0190527 -0.000166047 0.000173595 -0.0190527 0.0915902 0.000181143 -0.000402539 -0.000166047 0.000181143 0.00963075 -0.0179432 0.000173595 -0.000402539 -0.0179432 0.0889083 
0.0106316 -0.0191319 -0.000171113 0.00016608 -0.0191319 0.0917642 0.000173629 -0.000397585 -0.000171113 0.000173629 0.00961251 -0.0178888 0.00016608 -0.000397585 -0.0178888 0.0887798 
0.0105502 -0.019116 -0.00015459 0.000185002 -0.019116 0.0917608 0.000182467 -0.000413086 -0.00015459 0.000182467 0.00964036 -0.0178945 0.000185002 -0.000413086 -0.0178945 0.0887552 
0.010486 -0.019032 -0.000139475 0.000174978 -0.019032 0.0916505 0.00016737 -0.00041589 -0.000139475 0.00016737 0.00966184 -0.0179061 0.000174978 -0.00041589 -0.0179061 0.0887494 
0.0104285 -0.0189431 -0.000139792 0.000175375 -0.0189431 0.0914341 0.000170292 -0.000424459 -0.000139792 0.000170292 0.0096736 -0.0179239 0.000175375 -0.000424459 -0.0179239 0.0887729 
0.0103998 -0.0188755 -0.000154842 0.000164996 -0.0188755 0.0912299 0.000152304 -0.000395989 -0.000154842 0.000152304 0.00968143 -0.0179388 0.000164996 -0.000395989 -0.0179388 0.0888158 
0.0103799 -0.0188214 -0.000139174 0.000177131 -0.0188214 0.0910655 0.000164479 -0.00039981 -0.000139174 0.000164479 0.0097093 -0.0179687 0.000177131 -0.00039981 -0.0179687 0.0889071 
0.010361 -0.0187706 -0.000109117 0.000144643 -0.0187706 0.0908867 0.000139568 -0.000342576 -0.000109117 0.000139568 0.00971394 -0.0180297 0.000144643 -0.000342576 -0.0180297 0.0890673 
0.0103772 -0.018769 -9.40612e-05 0.000116941 -0.018769 0.0908351 0.000119483 -0.00028981 -9.40612e-05 0.000119483 0.00967559 -0.018014 0.000116941 -0.00028981 -0.018014 0.0890785 
0.0103826 -0.0187894 -7.88295e-05 9.66297e-05 -0.0187894 0.0908675 0.000104258 -0.000244117 -7.88295e-05 0.000104258 0.00967059 -0.0179807 9.66297e-05 -0.000244117 -0.0179807 0.089029 
0.0103917 -0.0188185 -8.65336e-05 8.39885e-05 -0.0188185 0.090957 9.41689e-05 -0.000226514 -8.65336e-05 9.41689e-05 0.00965104 -0.0179354 8.39885e-05 -0.000226514 -0.0179354 0.0888929 
0.0104002 -0.0188144 -9.39704e-05 9.65101e-05 -0.0188144 0.0909786 0.000106669 -0.000243815 -9.39704e-05 0.000106669 0.00964847 -0.017928 9.65101e-05 -0.000243815 -0.017928 0.0888477 
0.0103955 -0.0188151 -0.000129689 0.000124603 -0.0188151 0.0909604 0.000129689 -0.000310237 -0.000129689 0.000129689 0.00962243 -0.0179124 0.000124603 -0.000310237 -0.0179124 0.088776 
0.0103849 -0.0188146 -0.000134936 0.000150211 -0.0188146 0.090967 0.000150211 -0.000336066 -0.000134936 0.000150211 0.00960843 -0.0178726 0.000150211 -0.000336066 -0.0178726 0.0886858 
0.0103962 -0.0188052 -0.000167926 0.000178103 -0.0188052 0.09096 0.000175559 -0.00042236 -0.000167926 0.000175559 0.0095896 -0.0178561 0.000178103 -0.00042236 -0.0178561 0.0886294 
0.0103977 -0.0188398 -0.000155532 0.000186129 -0.0188398 0.0910322 0.000178479 -0.000420702 -0.000155532 0.000178479 0.00957925 -0.0178199 0.000186129 -0.000420702 -0.0178199 0.088536 
0.0103658 -0.0188362 -0.000132829 0.000178808 -0.0188362 0.0910491 0.000173699 -0.000418922 -0.000132829 0.000173699 0.00959689 -0.0178118 0.000178808 -0.000418922 -0.0178118 0.0884819 
0.0103464 -0.0187934 -0.000100102 0.000123202 -0.0187934 0.0909821 0.000112935 -0.000295172 -0.000100102 0.000112935 0.00958409 -0.0178207 0.000123202 -0.000295172 -0.0178207 0.0884693 
0.0103144 -0.0187488 -9.2207e-05 0.000112697 -0.0187488 0.0908674 0.000107575 -0.00027406 -9.2207e-05 0.000107575 0.00960489 -0.0178267 0.000112697 -0.00027406 -0.0178267 0.0885059 
0.0103142 -0.018697 -0.000117671 0.000148368 -0.018697 0.0907119 0.000143252 -0.00035813 -0.000117671 0.000143252 0.00961324 -0.0178656 0.000148368 -0.00035813 -0.0178656 0.088581 
0.0103251 -0.018725 -0.000112647 0.000148489 -0.018725 0.0907269 0.000143369 -0.000371223 -0.000112647 0.000143369 0.00957243 -0.0178187 0.000148489 -0.000371223 -0.0178187 0.0884662 
0.0102908 -0.0187297 -0.00010773 0.000138511 -0.0187297 0.0907372 0.000138511 -0.000353971 -0.00010773 0.000138511 0.00957518 -0.017773 0.000138511 -0.000353971 -0.017773 0.08838 
0.0102781 -0.0186747 -9.72775e-05 0.000138236 -0.0186747 0.090655 0.000133117 -0.000348151 -9.72775e-05 0.000133117 0.00958439 -0.0178095 0.000138236 -0.000348151 -0.0178095 0.0884227 
0.0102687 -0.0186438 -9.21185e-05 0.000115148 -0.0186438 0.0905422 0.000115148 -0.000304503 -9.21185e-05 0.000115148 0.00960591 -0.0178377 0.000115148 -0.000304503 -0.0178377 0.0885182 
0.0102652 -0.018653 -8.93956e-05 8.68415e-05 -0.018653 0.0905373 9.19498e-05 -0.00022732 -8.93956e-05 9.19498e-05 0.00961642 -0.0178434 8.68415e-05 -0.00022732 -0.0178434 0.08854 
0.0102877 -0.0186627 -0.000117778 8.96138e-05 -0.0186627 0.0905662 9.72949e-05 -0.000204831 -0.000117778 9.72949e-05 0.00957843 -0.0178357 8.96138e-05 -0.000204831 -0.0178357 0.0884923 
0.0103122 -0.0186665 -0.000119821 0.000140216 -0.0186665 0.0905818 0.000145314 -0.00028553 -0.000119821 0.000145314 0.0095678 -0.0178252 0.000140216 -0.00028553 -0.0178252 0.0885194 
0.0103294 -0.0187068 -0.000109725 0.000140346 -0.0187068 0.0906453 0.000135242 -0.000326622 -0.000109725 0.000135242 0.0095537 -0.0178035 0.000140346 -0.000326622 -0.0178035 0.0884559 
0.0102886 -0.0187154 -7.9281e-05 0.000122758 -0.0187154 0.0906847 0.000122758 -0.000299222 -7.9281e-05 0.000122758 0.00959301 -0.0177973 0.000122758 -0.000299222 -0.0177973 0.0884521 
0.0102592 -0.0186733 -9.46844e-05 0.000125393 -0.0186733 0.0906334 0.00013307 -0.00034547 -9.46844e-05 0.00013307 0.00960918 -0.0178288 0.000125393 -0.00034547 -0.0178288 0.0884813 
0.0102296 -0.0186607 -0.00010263 0.000118024 -0.0186607 0.0905991 0.000128287 -0.000330981 -0.00010263 0.000128287 0.00961386 -0.0178242 0.000118024 -0.000330981 -0.0178242 0.0884593 
0.01022 -0.0186245 -0.000115235 0.000117796 -0.0186245 0.0905259 0.000122917 -0.000307293 -0.000115235 0.000122917 0.00961314 -0.0178255 0.000117796 -0.000307293 -0.0178255 0.0884517 
0.0102044 -0.0185935 -0.000112812 0.000120504 -0.0185935 0.0904268 0.000120504 -0.000282031 -0.000112812 0.000120504 0.00960187 -0.0178218 0.000120504 -0.000282031 -0.0178218 0.0884475 
0.0101846 -0.018573 -0.000102642 0.000136 -0.018573 0.0903632 0.000130868 -0.000315623 -0.000102642 0.000130868 0.00960213 -0.0178109 0.000136 -0.000315623 -0.0178109 0.0884233 
0.0101626 -0.0185619 -8.97079e-05 0.000125591 -0.0185619 0.0903282 0.000117902 -0.000315259 -8.97079e-05 0.000117902 0.00962694 -0.0178109 0.000125591 -0.000315259 -0.0178109 0.0884238 
0.0101644 -0.0184946 -0.000107586 0.000122956 -0.0184946 0.0901779 0.000115271 -0.000317636 -0.000107586 0.000115271 0.00963154 -0.0178773 0.000122956 -0.000317636 -0.0178773 0.0885564 
0.0101556 -0.0184975 -0.000115609 0.000131024 -0.0184975 0.0901239 0.000120748 -0.000315999 -0.000115609 0.000120748 0.00963411 -0.0178783 0.000131024 -0.000315999 -0.0178783 0.0886235 
0.0101977 -0.0185257 -0.00013556 0.000133002 -0.0185257 0.0902036 0.000125329 -0.000314601 -0.00013556 0.000125329 0.0096222 -0.0178607 0.000133002 -0.000314601 -0.0178607 0.0885948 
0.0102186 -0.0185364 -0.000146016 0.000174195 -0.0185364 0.0902049 0.00016651 -0.000404747 -0.000146016 0.00016651 0.00961403 -0.0178857 0.000174195 -0.000404747 -0.0178857 0.0886627 
0.0102288 -0.0185663 -0.000128665 0.000162118 -0.0185663 0.0902583 0.000159544 -0.000401434 -0.000128665 0.000159544 0.00959581 -0.017869 0.000162118 -0.000401434 -0.017869 0.0886474 
0.0102386 -0.0185975 -0.000126338 0.000162435 -0.0185975 0.0903501 0.000165014 -0.000412534 -0.000126338 0.000165014 0.00956305 -0.0178189 0.000162435 -0.000412534 -0.0178189 0.0885272 
0.0102338 -0.0186263 -0.00013906 0.000157086 -0.0186263 0.0904507 0.000162236 -0.000404304 -0.00013906 0.000162236 0.00957453 -0.0177765 0.000157086 -0.000404304 -0.0177765 0.0884009 
0.0102311 -0.0185931 -0.000154044 0.000179718 -0.0185931 0.0904159 0.000189987 -0.000464698 -0.000154044 0.000189987 0.00960719 -0.0178177 0.000179718 -0.000464698 -0.0178177 0.0884493 
0.0102315 -0.0185969 -0.000159145 0.000192514 -0.0185969 0.0904149 0.000189947 -0.000480002 -0.000159145 0.000189947 0.0096257 -0.0178525 0.000192514 -0.000480002 -0.0178525 0.0885154 
0.0102412 -0.0186162 -0.000159376 0.000210788 -0.0186162 0.0904485 0.000213358 -0.000537252 -0.000159376 0.000213358 0.00961398 -0.0178527 0.000210788 -0.000537252 -0.0178527 0.0885154 
0.0102586 -0.0186396 -0.000156679 0.000174658 -0.0186396 0.0905166 0.000179795 -0.000464899 -0.000156679 0.000179795 0.0096062 -0.0178357 0.000174658 -0.000464899 -0.0178357 0.0884926 
0.0102536 -0.0186667 -0.000143946 0.00016451 -0.0186667 0.0905911 0.000172221 -0.000421557 -0.000143946 0.000172221 0.00959556 -0.0177902 0.00016451 -0.000421557 -0.0177902 0.0883753 
0.0102352 -0.0186509 -0.000118386 0.000149269 -0.0186509 0.0905881 0.000149269 -0.00035773 -0.000118386 0.000149269 0.0096021 -0.0177964 0.000149269 -0.00035773 -0.0177964 0.0883542 
0.0102254 -0.0186357 -0.000126335 0.000139226 -0.0186357 0.0905563 0.000139226 -0.000348066 -0.000126335 0.000139226 0.0095963 -0.0178003 0.000139226 -0.000348066 -0.0178003 0.0883622 
0.0101867 -0.0186073 -0.000116022 0.000152117 -0.0186073 0.0904813 0.000154695 -0.000366112 -0.000116022 0.000154695 0.00964268 -0.0178158 0.000152117 -0.000366112 -0.0178158 0.0884033 
0.0101736 -0.0185447 -0.000138661 0.000146365 -0.0185447 0.0903302 0.000141229 -0.000356925 -0.000138661 0.000141229 0.00965751 -0.0178719 0.000146365 -0.000356925 -0.0178719 0.0885122 
0.0101832 -0.018507 -0.00015367 0.000176721 -0.018507 0.0901969 0.000171599 -0.000404665 -0.00015367 0.000171599 0.00966075 -0.017918 0.000176721 -0.000404665 -0.017918 0.088655 
0.0102015 -0.0185134 -0.000167111 0.000223672 -0.0185134 0.0901476 0.000215959 -0.000534757 -0.000167111 0.000215959 0.00962048 -0.0179169 0.000223672 -0.000534757 -0.0179169 0.0887053 
0.0101986 -0.0185527 -0.000158833 0.00022544 -0.0185527 0.0902249 0.000215193 -0.000568725 -0.000158833 0.000215193 0.00962733 -0.0178636 0.00022544 -0.000568725 -0.0178636 0.0886416 
0.0102005 -0.0185745 -0.000153699 0.000207494 -0.0185745 0.0903111 0.000207494 -0.000548194 -0.000153699 0.000207494 0.00961901 -0.0178368 0.000207494 -0.000548194 -0.0178368 0.0885205 
0.0101839 -0.0185675 -0.000135922 0.00017952 -0.0185675 0.0903241 0.000184649 -0.000479574 -0.000135922 0.000184649 0.00960944 -0.0178238 0.00017952 -0.000479574 -0.0178238 0.0884494 
0.0101583 -0.0185496 -0.000145959 0.000179248 -0.0185496 0.0903104 0.000179248 -0.000460924 -0.000145959 0.000179248 0.00962819 -0.0178224 0.000179248 -0.000460924 -0.0178224 0.0884411 
0.0101273 -0.0184995 -0.000133626 0.000156754 -0.0184995 0.0902029 0.000164463 -0.000411158 -0.000133626 0.000164463 0.00964422 -0.0178648 0.000156754 -0.000411158 -0.0178648 0.0885274 
0.0101063 -0.0184689 -0.000131351 0.00015453 -0.0184689 0.0900987 0.00015453 -0.000388901 -0.000131351 0.00015453 0.00966585 -0.0178869 0.00015453 -0.000388901 -0.0178869 0.088623 
0.0101341 -0.0184332 -0.000138789 0.00016449 -0.0184332 0.0900198 0.00016192 -0.000398375 -0.000138789 0.00016192 0.00965095 -0.0179166 0.00016449 -0.000398375 -0.0179166 0.0886988 
0.0101731 -0.0184706 -0.000151377 0.000182166 -0.0184706 0.0900284 0.0001796 -0.000449 -0.000151377 0.0001796 0.00962399 -0.0178959 0.000182166 -0.000449 -0.0178959 0.0886916 
0.0101647 -0.0185117 -0.000156617 0.000189995 -0.0185117 0.0900987 0.000189995 -0.00047242 -0.000156617 0.000189995 0.00962812 -0.0178621 0.000189995 -0.00047242 -0.0178621 0.0886275 
0.0101827 -0.0185271 -0.000154478 0.000198247 -0.0185271 0.0901819 0.000195673 -0.00049948 -0.000154478 0.000195673 0.00959568 -0.0178422 0.000198247 -0.00049948 -0.0178422 0.0885341 
0.010157 -0.0185151 -0.000139776 0.000196721 -0.0185151 0.0901657 0.000196721 -0.000504746 -0.000139776 0.000196721 0.00958758 -0.0178214 0.000196721 -0.000504746 -0.0178214 0.0884858 
0.0101327 -0.0184833 -0.000101172 0.00018159 -0.0184833 0.0901101 0.000178996 -0.000485104 -0.000101172 0.000178996 0.00958016 -0.017801 0.00018159 -0.000485104 -0.017801 0.0884213 
0.0100822 -0.0184416 -6.74568e-05 0.000114158 -0.0184416 0.0899796 0.000114158 -0.000339878 -6.74568e-05 0.000114158 0.00961 -0.017806 0.000114158 -0.000339878 -0.017806 0.0884255 
0.0100751 -0.0183966 -4.92859e-05 6.74438e-05 -0.0183966 0.0898715 6.22558e-05 -0.000199737 -4.92859e-05 6.22558e-05 0.00961853 -0.0178311 6.74438e-05 -0.000199737 -0.0178311 0.0884344 
0.010069 -0.0183906 -5.44408e-05 6.48105e-05 -0.0183906 0.0898403 5.44408e-05 -0.000155545 -5.44408e-05 5.44408e-05 0.00961269 -0.0178125 6.48105e-05 -0.000155545 -0.0178125 0.0883937 
0.010076 -0.0183725 -6.7346e-05 8.80678e-05 -0.0183725 0.0897748 8.28874e-05 -0.000207218 -6.7346e-05 8.28874e-05 0.00959421 -0.0178182 8.80678e-05 -0.000207218 -0.0178182 0.0883916 
0.0100855 -0.0183834 -9.84453e-05 9.84453e-05 -0.0183834 0.0897692 8.5492e-05 -0.000230569 -9.84453e-05 8.5492e-05 0.0095777 -0.0177979 9.84453e-05 -0.000230569 -0.0177979 0.0883702 
0.0100966 -0.0183868 -0.000113706 0.00013438 -0.0183868 0.0897864 0.000131796 -0.000307523 -0.000113706 0.000131796 0.00957456 -0.0177846 0.00013438 -0.000307523 -0.0177846 0.0883418 
0.0100886 -0.0183951 -0.00012656 0.000152389 -0.0183951 0.089806 0.000152389 -0.000366766 -0.00012656 0.000152389 0.00959015 -0.0177907 0.000152389 -0.000366766 -0.0177907 0.0883518 
0.0100859 -0.0184022 -0.000128975 0.000149611 -0.0184022 0.0898442 0.00015477 -0.000374028 -0.000128975 0.00015477 0.00959834 -0.0177909 0.000149611 -0.000374028 -0.0177909 0.0883275 
0.0100585 -0.0184087 -0.000113714 0.000136974 -0.0184087 0.0898805 0.000142142 -0.000346311 -0.000113714 0.000142142 0.00961658 -0.0177859 0.000136974 -0.000346311 -0.0177859 0.0883247 
0.0100411 -0.0183936 -9.06473e-05 0.000147626 -0.0183936 0.0898936 0.000147626 -0.000367769 -9.06473e-05 0.000147626 0.00961638 -0.017785 0.000147626 -0.000367769 -0.017785 0.0882801 
0.0100458 -0.0183914 -7.2346e-05 0.000111103 -0.0183914 0.0899054 0.00011627 -0.000317806 -7.2346e-05 0.00011627 0.00960135 -0.0177635 0.000111103 -0.000317806 -0.0177635 0.0882079 
0.0100668 -0.0183682 -7.73182e-05 9.79364e-05 -0.0183682 0.0898412 9.53591e-05 -0.000265459 -7.73182e-05 9.53591e-05 0.00958746 -0.0177858 9.79364e-05 -0.000265459 -0.0177858 0.0882561 
0.0101004 -0.018371 -9.27828e-05 0.000100515 -0.018371 0.0898009 0.000103092 -0.000265462 -9.27828e-05 0.000103092 0.0095592 -0.0177911 0.000100515 -0.000265462 -0.0177911 0.0883163 
0.0101107 -0.0184388 -0.000118495 0.000118495 -0.0184388 0.089922 0.000118495 -0.000291085 -0.000118495 0.000118495 0.0095517 -0.0177407 0.000118495 -0.000291085 -0.0177407 0.088227 
0.0100798 -0.0184389 -9.51651e-05 0.000141462 -0.0184389 0.0899696 0.000131174 -0.000318932 -9.51651e-05 0.000131174 0.00960139 -0.0177496 0.000141462 -0.000318932 -0.0177496 0.0882361 
0.0100406 -0.018403 -0.000102954 0.000123545 -0.018403 0.0899329 0.000118397 -0.000324305 -0.000102954 0.000118397 0.00963907 -0.0178059 0.000123545 -0.000324305 -0.0178059 0.0883088 
0.0100439 -0.0183451 -0.000128701 0.000144146 -0.0183451 0.0897924 0.000144146 -0.000362938 -0.000128701 0.000144146 0.00964231 -0.0178689 0.000144146 -0.000362938 -0.0178689 0.0884771 
0.0100303 -0.0183399 -0.000121064 0.000157126 -0.0183399 0.0897214 0.000164853 -0.000396678 -0.000121064 0.000164853 0.00964649 -0.0178789 0.000157126 -0.000396678 -0.0178789 0.08857 
0.0100289 -0.0183529 -0.000126199 0.000146802 -0.0183529 0.0897504 0.000146802 -0.000378596 -0.000126199 0.000146802 0.00965805 -0.0178635 0.000146802 -0.000378596 -0.0178635 0.0885528 
0.0100397 -0.0183448 -0.000157234 0.000149501 -0.0183448 0.0897417 0.000149501 -0.000376329 -0.000157234 0.000149501 0.00965053 -0.0178782 0.000149501 -0.000376329 -0.0178782 0.0885689 
0.0100572 -0.0183461 -0.000175536 0.000211676 -0.0183461 0.0897195 0.000211676 -0.000495631 -0.000175536 0.000211676 0.00961576 -0.0178608 0.000211676 -0.000495631 -0.0178608 0.0885527 
0.0100501 -0.0183533 -0.000162555 0.00021158 -0.0183533 0.0897229 0.00021416 -0.000539271 -0.000162555 0.00021416 0.00960625 -0.0178295 0.00021158 -0.000539271 -0.0178295 0.0884844 
0.0100313 -0.0183349 -0.000151911 0.000198256 -0.0183349 0.0896788 0.000200831 -0.000527825 -0.000151911 0.000200831 0.00962187 -0.0178302 0.000198256 -0.000527825 -0.0178302 0.0884764 
0.010041 -0.0183335 -0.000123423 0.000185135 -0.0183335 0.0896774 0.000187707 -0.000491123 -0.000123423 0.000187707 0.00962446 -0.0178373 0.000185135 -0.000491123 -0.0178373 0.088474 
0.0100332 -0.0183451 -0.000105803 0.000157414 -0.0183451 0.0896897 0.000159994 -0.000436113 -0.000105803 0.000159994 0.00960998 -0.0178187 0.000157414 -0.000436113 -0.0178187 0.0884304 
