0.0076995 0 5.84153e-05 0 0 0.0109299 0 0 5.84153e-05 0 0.00772947 0 0 0 0 0.0109299 
0.00942481 -0.0117009 5.72103e-05 -6.86183e-05 -0.0117009 0.0310825 -6.86183e-05 0.000131523 5.72103e-05 -6.86183e-05 0.00943006 -0.0117022 -6.86183e-05 0.000131523 -0.0117022 0.0310849 
0.0097391 -0.0181775 2.176e-05 -1.92966e-05 -0.0181775 0.0669989 -1.92966e-05 4.25288e-05 2.176e-05 -1.92966e-05 0.009671 -0.0180048 -1.92966e-05 4.25288e-05 -0.0180048 0.066399 
0.00923867 -0.0179867 3.15539e-06 9.88335e-05 -0.0179867 0.080742 9.3725e-05 -0.000506785 3.15539e-06 9.3725e-05 0.00916462 -0.0175963 9.88335e-05 -0.000506785 -0.0175963 0.0789186 
0.00893984 -0.0168821 4.78149e-06 0.000117289 -0.0168821 0.0817575 0.000103993 -0.000762037 4.78149e-06 0.000103993 0.00890742 -0.016539 0.000117289 -0.000762037 -0.016539 0.0796268 
0.00868358 -0.0160967 1.70128e-05 8.39733e-05 -0.0160967 0.0794361 6.76581e-05 -0.000645536 1.70128e-05 6.76581e-05 0.00869707 -0.0158932 8.39733e-05 -0.000645536 -0.0158932 0.0778186 
0.00841312 -0.0155136 7.78852e-06 4.84851e-05 -0.0155136 0.0767742 3.72347e-05 -0.000457564 7.78852e-06 3.72347e-05 0.00846009 -0.0154142 4.84851e-05 -0.000457564 -0.0154142 0.0757323 
0.00819772 -0.0150497 1.67617e-06 4.93806e-05 -0.0150497 0.0745145 4.26526e-05 -0.000357111 1.67617e-06 4.26526e-05 0.00821827 -0.0150031 4.93806e-05 -0.000357111 -0.0150031 0.0738352 
0.0112382 -0.0205975 2.1895e-06 8.22779e-05 -0.0205975 0.101841 7.26817e-05 -0.000472336 2.1895e-06 7.26817e-05 0.0112255 -0.0204914 8.22779e-05 -0.000472336 -0.0204914 0.101035 
0.0110991 -0.020345 -4.99144e-06 8.56539e-05 -0.020345 0.100443 7.58218e-05 -0.000477141 -4.99144e-06 7.58218e-05 0.0110521 -0.0201799 8.56539e-05 -0.000477141 -0.0201799 0.0995641 
0.0109934 -0.0202108 -5.59472e-06 9.39649e-05 -0.0202108 0.0996889 8.90451e-05 -0.000499986 -5.59472e-06 8.90451e-05 0.0109735 -0.019995 9.39649e-05 -0.000499986 -0.019995 0.0986818 
0.0109249 -0.0201305 -5.70734e-06 9.27332e-05 -0.0201305 0.0993659 9.3022e-05 -0.000517948 -5.70734e-06 9.3022e-05 0.010956 -0.0199471 9.27332e-05 -0.000517948 -0.0199471 0.0983502 
0.0108766 -0.0200303 -1.48267e-06 8.70969e-05 -0.0200303 0.0989961 9.07923e-05 -0.000512519 -1.48267e-06 9.07923e-05 0.0109317 -0.0199179 8.70969e-05 -0.000512519 -0.0199179 0.098114 
0.0108521 -0.0199702 -7.09413e-06 7.71244e-05 -0.0199702 0.0987309 8.26845e-05 -0.000489099 -7.09413e-06 8.26845e-05 0.0109048 -0.0198975 7.71244e-05 -0.000489099 -0.0198975 0.0979889 
0.0108465 -0.0199577 -1.52949e-05 8.16896e-05 -0.0199577 0.0986547 8.6755e-05 -0.000479719 -1.52949e-05 8.6755e-05 0.0108889 -0.0198871 8.16896e-05 -0.000479719 -0.0198871 0.0979768 
0.0108629 -0.0199598 -1.80163e-05 9.12258e-05 -0.0199598 0.0986492 9.53134e-05 -0.000488792 -1.80163e-05 9.53134e-05 0.0108615 -0.0198721 9.12258e-05 -0.000488792 -0.0198721 0.0979581 
0.0108704 -0.0199928 -1.70505e-05 9.46721e-05 -0.0199928 0.098734 9.7633e-05 -0.000496078 -1.70505e-05 9.7633e-05 0.0108677 -0.0198461 9.46721e-05 -0.000496078 -0.0198461 0.0979383 
0.0108837 -0.0200141 -1.96821e-05 9.4863e-05 -0.0200141 0.0988406 9.41432e-05 -0.000493913 -1.96821e-05 9.41432e-05 0.0108675 -0.0198576 9.4863e-05 -0.000493913 -0.0198576 0.0979654 
0.0108927 -0.0200238 -1.29261e-05 9.51844e-05 -0.0200238 0.0988747 9.51646e-05 -0.000488874 -1.29261e-05 9.51646e-05 0.0108601 -0.0198494 9.51844e-05 -0.000488874 -0.0198494 0.0979464 
0.0108884 -0.0200294 2.99245e-06 8.20787e-05 -0.0200294 0.0988717 9.05347e-05 -0.000471907 2.99245e-06 9.05347e-05 0.0108616 -0.0198288 8.20787e-05 -0.000471907 -0.0198288 0.097872 
0.0108681 -0.0200126 1.57449e-05 5.73452e-05 -0.0200126 0.0988001 7.27191e-05 -0.000426684 1.57449e-05 7.27191e-05 0.0108577 -0.0198132 5.73452e-05 -0.000426684 -0.0198132 0.0977623 
0.0108516 -0.0199831 1.29306e-05 3.82427e-05 -0.0199831 0.0987021 5.53297e-05 -0.00037354 1.29306e-05 5.53297e-05 0.010854 -0.0198026 3.82427e-05 -0.00037354 -0.0198026 0.0976769 
0.0108674 -0.0199831 1.28479e-05 3.96618e-05 -0.0199831 0.09872 5.48857e-05 -0.000348721 1.28479e-05 5.48857e-05 0.0108436 -0.019816 3.96618e-05 -0.000348721 -0.019816 0.0977213 
0.0108527 -0.0199428 1.00958e-05 4.0871e-05 -0.0199428 0.0984729 5.35239e-05 -0.000341153 1.00958e-05 5.35239e-05 0.0108071 -0.0197505 4.0871e-05 -0.000341153 -0.0197505 0.0974531 
0.0108651 -0.0199832 2.14136e-06 4.4135e-05 -0.0199832 0.0986208 5.17974e-05 -0.000335906 2.14136e-06 5.17974e-05 0.0108132 -0.0197618 4.4135e-05 -0.000335906 -0.0197618 0.0975336 
0.0108888 -0.020035 1.87868e-06 5.53396e-05 -0.020035 0.0988923 5.69854e-05 -0.000344127 1.87868e-06 5.69854e-05 0.0108243 -0.0198064 5.53396e-05 -0.000344127 -0.0198064 0.0977645 
0.0108634 -0.0199704 6.69737e-06 5.80006e-05 -0.0199704 0.0986016 5.36071e-05 -0.000346299 6.69737e-06 5.36071e-05 0.0107798 -0.0197307 5.80006e-05 -0.000346299 -0.0197307 0.0974521 
0.0108583 -0.0199812 4.64103e-06 5.10688e-05 -0.0199812 0.0986322 4.66611e-05 -0.000332703 4.64103e-06 4.66611e-05 0.0107765 -0.0197187 5.10688e-05 -0.000332703 -0.0197187 0.0974383 
0.0108094 -0.0199139 -3.88367e-06 5.24074e-05 -0.0199139 0.0983376 5.06438e-05 -0.000327081 -3.88367e-06 5.06438e-05 0.0107691 -0.0196538 5.24074e-05 -0.000327081 -0.0196538 0.0971282 
0.0107913 -0.019903 -1.15674e-05 6.19258e-05 -0.019903 0.0983462 6.0568e-05 -0.00034134 -1.15674e-05 6.0568e-05 0.0107874 -0.0196889 6.19258e-05 -0.00034134 -0.0196889 0.0971997 
0.010763 -0.0198175 -1.42605e-05 6.99792e-05 -0.0198175 0.0980033 6.99685e-05 -0.000360232 -1.42605e-05 6.99685e-05 0.0107579 -0.0196516 6.99792e-05 -0.000360232 -0.0196516 0.0969718 
0.0107422 -0.0197556 -7.05017e-06 7.21088e-05 -0.0197556 0.0976652 7.05621e-05 -0.000366981 -7.05017e-06 7.05621e-05 0.0107069 -0.0195927 7.21088e-05 -0.000366981 -0.0195927 0.096692 
0.0107396 -0.0197629 6.36951e-06 6.18243e-05 -0.0197629 0.0976327 6.0057e-05 -0.000349782 6.36951e-06 6.0057e-05 0.0106965 -0.0195614 6.18243e-05 -0.000349782 -0.0195614 0.0966131 
0.0107426 -0.0197777 1.64624e-05 4.35622e-05 -0.0197777 0.0976953 4.36128e-05 -0.000310958 1.64624e-05 4.36128e-05 0.0106972 -0.0195602 4.35622e-05 -0.000310958 -0.0195602 0.0966145 
0.0107432 -0.0197955 2.22288e-05 2.86435e-05 -0.0197955 0.0977956 3.17043e-05 -0.000272685 2.22288e-05 3.17043e-05 0.0106976 -0.0195771 2.86435e-05 -0.000272685 -0.0195771 0.0966959 
0.0107002 -0.0197327 2.83857e-05 2.11015e-05 -0.0197327 0.0975387 2.44019e-05 -0.000244584 2.83857e-05 2.44019e-05 0.0106847 -0.0195241 2.11015e-05 -0.000244584 -0.0195241 0.096463 
0.0106537 -0.0196293 3.19009e-05 1.55528e-05 -0.0196293 0.0970937 1.7363e-05 -0.000225026 3.19009e-05 1.7363e-05 0.0106568 -0.0194633 1.55528e-05 -0.000225026 -0.0194633 0.0961072 
0.0106497 -0.0196098 1.99185e-05 1.08223e-05 -0.0196098 0.0969872 1.17642e-05 -0.000209424 1.99185e-05 1.17642e-05 0.0106505 -0.0194699 1.08223e-05 -0.000209424 -0.0194699 0.0960897 
0.0106668 -0.0196348 -1.57773e-06 2.60006e-05 -0.0196348 0.0970735 2.52831e-05 -0.000225095 -1.57773e-06 2.52831e-05 0.0106552 -0.0194886 2.60006e-05 -0.000225095 -0.0194886 0.0961979 
0.0107017 -0.019685 -5.36727e-07 5.83253e-05 -0.019685 0.097288 5.73801e-05 -0.000292439 -5.36727e-07 5.73801e-05 0.010659 -0.0195205 5.83253e-05 -0.000292439 -0.0195205 0.0963824 
0.0107223 -0.01974 2.15539e-05 6.10172e-05 -0.01974 0.0975112 6.01136e-05 -0.000334041 2.15539e-05 6.01136e-05 0.0106702 -0.019537 6.10172e-05 -0.000334041 -0.019537 0.0965292 
0.0107458 -0.0197835 2.70362e-05 3.62677e-05 -0.0197835 0.0977436 3.21042e-05 -0.000307864 2.70362e-05 3.21042e-05 0.0106893 -0.019569 3.62677e-05 -0.000307864 -0.019569 0.0967092 
0.0107494 -0.0198061 2.05154e-05 3.09074e-05 -0.0198061 0.0978705 2.20242e-05 -0.000276578 2.05154e-05 2.20242e-05 0.0107119 -0.0195917 3.09074e-05 -0.000276578 -0.0195917 0.0968271 
0.0106949 -0.0197489 2.34482e-05 4.31025e-05 -0.0197489 0.0976325 3.04196e-05 -0.000286292 2.34482e-05 3.04196e-05 0.0107143 -0.0195579 4.31025e-05 -0.000286292 -0.0195579 0.0966277 
0.0106399 -0.0196569 1.57864e-05 4.15074e-05 -0.0196569 0.0973034 2.78225e-05 -0.000294033 1.57864e-05 2.78225e-05 0.0107144 -0.0195424 4.15074e-05 -0.000294033 -0.0195424 0.0964471 
0.0106316 -0.0196237 4.99479e-06 5.05428e-05 -0.0196237 0.0972332 3.86696e-05 -0.000313451 4.99479e-06 3.86696e-05 0.0107302 -0.0195925 5.05428e-05 -0.000313451 -0.0195925 0.0965979 
0.0106402 -0.0195774 -5.68876e-06 6.04344e-05 -0.0195774 0.0970192 5.1674e-05 -0.000339172 -5.68876e-06 5.1674e-05 0.0107105 -0.0195852 6.04344e-05 -0.000339172 -0.0195852 0.0965546 
0.0106941 -0.0196485 -5.87928e-06 7.06821e-05 -0.0196485 0.0972479 6.65109e-05 -0.000370403 -5.87928e-06 6.65109e-05 0.0107126 -0.0196256 7.06821e-05 -0.000370403 -0.0196256 0.0968036 
0.0107213 -0.0196916 1.54389e-05 6.95474e-05 -0.0196916 0.0973373 6.90825e-05 -0.000383835 1.54389e-05 6.90825e-05 0.0107007 -0.0195977 6.95474e-05 -0.000383835 -0.0195977 0.0967713 
0.0107205 -0.0196983 4.10665e-05 4.69862e-05 -0.0196983 0.0972882 4.44482e-05 -0.00035441 4.10665e-05 4.44482e-05 0.0106788 -0.0195482 4.69862e-05 -0.00035441 -0.0195482 0.0965653 
0.0106869 -0.0196466 5.09608e-05 1.80283e-05 -0.0196466 0.0970001 1.25773e-05 -0.000291848 5.09608e-05 1.25773e-05 0.0106454 -0.019467 1.80283e-05 -0.000291848 -0.019467 0.096165 
0.0106587 -0.019614 3.60874e-05 2.8935e-06 -0.019614 0.0968389 -1.69616e-07 -0.000242312 3.60874e-05 -1.69616e-07 0.0106179 -0.0194363 2.8935e-06 -0.000242312 -0.0194363 0.0959668 
0.0106541 -0.0195978 2.07075e-05 1.56764e-05 -0.0195978 0.0968006 1.53632e-05 -0.000241858 2.07075e-05 1.53632e-05 0.0105907 -0.0194269 1.56764e-05 -0.000241858 -0.0194269 0.0959371 
0.0106224 -0.0195536 7.87356e-06 3.10996e-05 -0.0195536 0.0965837 3.39135e-05 -0.000270597 7.87356e-06 3.39135e-05 0.0105561 -0.0193588 3.10996e-05 -0.000270597 -0.0193588 0.0956974 
0.0106159 -0.019545 6.04724e-06 4.39821e-05 -0.019545 0.0965686 5.10683e-05 -0.00030407 6.04724e-06 5.10683e-05 0.0105463 -0.0193374 4.39821e-05 -0.00030407 -0.0193374 0.0956365 
0.01062 -0.0195598 -1.06817e-06 4.76553e-05 -0.0195598 0.0966677 5.34685e-05 -0.000322195 -1.06817e-06 5.34685e-05 0.0105479 -0.0193495 4.76553e-05 -0.000322195 -0.0193495 0.0957139 
0.0105661 -0.0194823 -6.34568e-06 5.80243e-05 -0.0194823 0.0963244 5.78833e-05 -0.000334706 -6.34568e-06 5.78833e-05 0.0105396 -0.0192776 5.80243e-05 -0.000334706 -0.0192776 0.0953849 
0.0105315 -0.0194327 3.33706e-06 6.64816e-05 -0.0194327 0.0961581 6.07158e-05 -0.000347823 3.33706e-06 6.07158e-05 0.010559 -0.0192901 6.64816e-05 -0.000347823 -0.0192901 0.0953297 
0.0104812 -0.0193614 -4.14798e-06 5.7e-05 -0.0193614 0.095879 4.99842e-05 -0.000338127 -4.14798e-06 4.99842e-05 0.0105797 -0.0192965 5.7e-05 -0.000338127 -0.0192965 0.0952474 
0.0104819 -0.0193345 -6.8528e-06 6.32802e-05 -0.0193345 0.0958317 5.88089e-05 -0.000340368 -6.8528e-06 5.88089e-05 0.0105929 -0.0193613 6.32802e-05 -0.000340368 -0.0193613 0.0954335 
0.0105152 -0.0194048 -1.47686e-06 6.2645e-05 -0.0194048 0.0961529 6.47719e-05 -0.000347874 -1.47686e-06 6.47719e-05 0.0106322 -0.0194463 6.2645e-05 -0.000347874 -0.0194463 0.0958776 
0.0105754 -0.0195115 3.02765e-06 5.24748e-05 -0.0195115 0.0966872 6.01187e-05 -0.000337728 3.02765e-06 6.01187e-05 0.0106769 -0.0195498 5.24748e-05 -0.000337728 -0.0195498 0.096427 
0.0106159 -0.0195758 1.03449e-05 4.39869e-05 -0.0195758 0.0969941 5.3337e-05 -0.000317039 1.03449e-05 5.3337e-05 0.0106928 -0.0195829 4.39869e-05 -0.000317039 -0.0195829 0.0966684 
0.0106093 -0.0195599 1.10293e-05 3.58568e-05 -0.0195599 0.0968923 4.21278e-05 -0.000291981 1.10293e-05 4.21278e-05 0.0106719 -0.0195315 3.58568e-05 -0.000291981 -0.0195315 0.0964688 
0.0106224 -0.0195594 4.09863e-06 3.6988e-05 -0.0195594 0.0968755 4.06286e-05 -0.000282138 4.09863e-06 4.06286e-05 0.0106506 -0.0195139 3.6988e-05 -0.000282138 -0.0195139 0.0963828 
0.0106204 -0.0195442 -9.44265e-06 4.73317e-05 -0.0195442 0.0967381 5.25028e-05 -0.000300395 -9.44265e-06 5.25028e-05 0.0106134 -0.0194563 4.73317e-05 -0.000300395 -0.0194563 0.0961546 
0.0106061 -0.0195247 5.67335e-06 6.59492e-05 -0.0195247 0.0965866 7.01056e-05 -0.000341595 5.67335e-06 7.01056e-05 0.0105796 -0.0193928 6.59492e-05 -0.000341595 -0.0193928 0.0958936 
0.0105858 -0.0194773 1.82738e-05 5.09742e-05 -0.0194773 0.0963374 5.18611e-05 -0.000337871 1.82738e-05 5.18611e-05 0.0105385 -0.0193206 5.09742e-05 -0.000337871 -0.0193206 0.0955603 
0.0105838 -0.0194723 1.04035e-05 3.54892e-05 -0.0194723 0.096282 3.27616e-05 -0.000300018 1.04035e-05 3.27616e-05 0.0105192 -0.0192928 3.54892e-05 -0.000300018 -0.0192928 0.0954413 
0.0105942 -0.0194987 2.13038e-05 4.40516e-05 -0.0194987 0.096398 3.88951e-05 -0.000293467 2.13038e-05 3.88951e-05 0.0105198 -0.0193043 4.40516e-05 -0.000293467 -0.0193043 0.0955189 
0.0105957 -0.0195119 2.87355e-05 3.22114e-05 -0.0195119 0.0964727 2.79989e-05 -0.000281015 2.87355e-05 2.79989e-05 0.0105201 -0.0193085 3.22114e-05 -0.000281015 -0.0193085 0.0955732 
0.0105771 -0.0194899 2.28441e-05 1.97188e-05 -0.0194899 0.0963865 1.54763e-05 -0.00024806 2.28441e-05 1.54763e-05 0.0105127 -0.0192818 1.97188e-05 -0.00024806 -0.0192818 0.0954728 
0.0105487 -0.0194378 2.29894e-05 2.20683e-05 -0.0194378 0.0961683 1.96317e-05 -0.000232883 2.29894e-05 1.96317e-05 0.0104993 -0.0192427 2.20683e-05 -0.000232883 -0.0192427 0.0952702 
0.0105018 -0.0193751 7.842e-06 2.05139e-05 -0.0193751 0.0958772 2.14516e-05 -0.000228846 7.842e-06 2.14516e-05 0.0104876 -0.0191973 2.05139e-05 -0.000228846 -0.0191973 0.0950131 
0.0104485 -0.0193 -9.20017e-06 3.87548e-05 -0.0193 0.0955729 3.7048e-05 -0.000249611 -9.20017e-06 3.7048e-05 0.0104963 -0.0191705 3.87548e-05 -0.000249611 -0.0191705 0.0948051 
0.010431 -0.0192256 -1.91314e-05 6.38636e-05 -0.0192256 0.0952986 5.63249e-05 -0.000296192 -1.91314e-05 5.63249e-05 0.0104821 -0.019185 6.38636e-05 -0.000296192 -0.019185 0.0947286 
0.0104637 -0.019253 -1.8593e-05 7.93685e-05 -0.019253 0.095395 6.83792e-05 -0.000340675 -1.8593e-05 6.83792e-05 0.0104789 -0.019234 7.93685e-05 -0.000340675 -0.019234 0.0949727 
0.0104817 -0.0192892 -1.05446e-05 7.71006e-05 -0.0192892 0.0954876 6.76162e-05 -0.000353397 -1.05446e-05 6.76162e-05 0.0104669 -0.0192287 7.71006e-05 -0.000353397 -0.0192287 0.0950575 
0.0104851 -0.0193062 5.23811e-06 6.44517e-05 -0.0193062 0.0955401 5.83184e-05 -0.000336703 5.23811e-06 5.83184e-05 0.0104542 -0.0192059 6.44517e-05 -0.000336703 -0.0192059 0.0950306 
0.0104572 -0.0192733 4.06052e-06 4.18622e-05 -0.0192733 0.0953802 4.1746e-05 -0.00029738 4.06052e-06 4.1746e-05 0.0104329 -0.0191457 4.18622e-05 -0.00029738 -0.0191457 0.094787 
0.0104253 -0.0192196 -5.66744e-06 3.86991e-05 -0.0192196 0.095147 4.408e-05 -0.000275343 -5.66744e-06 4.408e-05 0.0104173 -0.0190919 3.86991e-05 -0.000275343 -0.0190919 0.0945132 
0.0104077 -0.0191792 -2.63235e-06 4.79783e-05 -0.0191792 0.0949698 5.94049e-05 -0.000288898 -2.63235e-06 5.94049e-05 0.0104143 -0.0190702 4.79783e-05 -0.000288898 -0.0190702 0.0943493 
0.0104171 -0.0192067 1.22364e-05 4.36745e-05 -0.0192067 0.095095 5.66352e-05 -0.000292548 1.22364e-05 5.66352e-05 0.0104334 -0.0191145 4.36745e-05 -0.000292548 -0.0191145 0.0945058 
0.0104144 -0.0191789 1.63907e-05 2.17493e-05 -0.0191789 0.0949771 3.35888e-05 -0.000251013 1.63907e-05 3.35888e-05 0.010417 -0.019103 2.17493e-05 -0.000251013 -0.019103 0.0944315 
0.0104438 -0.019215 2.81478e-06 1.69706e-05 -0.019215 0.0951157 2.45087e-05 -0.000215992 2.81478e-06 2.45087e-05 0.0104054 -0.0191262 1.69706e-05 -0.000215992 -0.0191262 0.0945714 
0.010468 -0.01925 -2.14468e-05 3.71334e-05 -0.01925 0.0952292 4.06353e-05 -0.000233064 -2.14468e-05 4.06353e-05 0.0103878 -0.0191093 3.71334e-05 -0.000233064 -0.0191093 0.0945994 
0.0104759 -0.0192514 -3.48444e-05 7.06299e-05 -0.0192514 0.0951907 7.18637e-05 -0.000297672 -3.48444e-05 7.18637e-05 0.010355 -0.0190586 7.06299e-05 -0.000297672 -0.0190586 0.0944362 
0.010467 -0.0192764 -2.44221e-05 9.11472e-05 -0.0192764 0.095258 8.8458e-05 -0.000359826 -2.44221e-05 8.8458e-05 0.0103642 -0.0190292 9.11472e-05 -0.000359826 -0.0190292 0.0943608 
0.0104417 -0.0192547 -1.30211e-05 8.03706e-05 -0.0192547 0.0952159 7.40175e-05 -0.000363111 -1.30211e-05 7.40175e-05 0.0103695 -0.0190265 8.03706e-05 -0.000363111 -0.0190265 0.0942845 
0.0104148 -0.0192388 7.44328e-07 6.34186e-05 -0.0192388 0.0952172 5.63344e-05 -0.000327404 7.44328e-07 5.63344e-05 0.0103935 -0.0190491 6.34186e-05 -0.000327404 -0.0190491 0.0943471 
0.0103841 -0.0191821 1.52896e-05 4.26048e-05 -0.0191821 0.0950489 3.89796e-05 -0.000277718 1.52896e-05 3.89796e-05 0.0104003 -0.0190544 4.26048e-05 -0.000277718 -0.0190544 0.0943056 
0.0103719 -0.0191243 2.67498e-05 1.85378e-05 -0.0191243 0.0948242 2.19496e-05 -0.000222172 2.67498e-05 2.19496e-05 0.0103802 -0.019047 1.85378e-05 -0.000222172 -0.019047 0.0942202 
0.0103615 -0.0191443 1.95718e-05 1.01534e-07 -0.0191443 0.0948795 5.67768e-06 -0.000167684 1.95718e-05 5.67768e-06 0.0104022 -0.0190597 1.01534e-07 -0.000167684 -0.0190597 0.0943226 
0.0103327 -0.0190898 1.50645e-05 6.53084e-06 -0.0190898 0.0946858 1.18139e-05 -0.000149877 1.50645e-05 1.18139e-05 0.0103981 -0.0190447 6.53084e-06 -0.000149877 -0.0190447 0.0941979 
0.0103117 -0.0190581 1.09277e-05 1.3028e-05 -0.0190581 0.0945704 1.65798e-05 -0.000155917 1.09277e-05 1.65798e-05 0.0104052 -0.0190524 1.3028e-05 -0.000155917 -0.0190524 0.0941909 
0.0102892 -0.0190023 4.35082e-06 1.95877e-05 -0.0190023 0.0943382 2.04431e-05 -0.000165707 4.35082e-06 2.04431e-05 0.0104006 -0.0190386 1.95877e-05 -0.000165707 -0.0190386 0.0940799 
0.0103201 -0.0190135 4.2725e-06 2.81636e-05 -0.0190135 0.0943861 3.03622e-05 -0.000185114 4.2725e-06 3.03622e-05 0.0103861 -0.0190759 2.81636e-05 -0.000185114 -0.0190759 0.0942248 
0.010322 -0.0190468 8.92347e-06 2.91071e-05 -0.0190468 0.0944416 3.34263e-05 -0.000199004 8.92347e-06 3.34263e-05 0.010384 -0.0190509 2.91071e-05 -0.000199004 -0.0190509 0.0942271 
0.0103315 -0.0190661 1.50586e-05 2.41774e-05 -0.0190661 0.0945523 2.71621e-05 -0.000194886 1.50586e-05 2.71621e-05 0.0103827 -0.0190564 2.41774e-05 -0.000194886 -0.0190564 0.094264 
0.0103505 -0.0190978 3.88739e-06 1.65409e-05 -0.0190978 0.0947148 1.83989e-05 -0.000178571 3.88739e-06 1.83989e-05 0.0103841 -0.0190719 1.65409e-05 -0.000178571 -0.0190719 0.0943726 
0.0103292 -0.0190527 -4.55947e-06 2.62116e-05 -0.0190527 0.0944839 2.81069e-05 -0.000179358 -4.55947e-06 2.81069e-05 0.010357 -0.0190009 2.62116e-05 -0.000179358 -0.0190009 0.0940752 
0.0102997 -0.0190283 -1.57347e-05 3.49191e-05 -0.0190283 0.0943507 3.80689e-05 -0.000195783 -1.57347e-05 3.80689e-05 0.0103537 -0.018969 3.49191e-05 -0.000195783 -0.018969 0.0938983 
0.0102985 -0.0190004 -1.76447e-05 4.72739e-05 -0.0190004 0.0942781 5.1246e-05 -0.000220967 -1.76447e-05 5.1246e-05 0.0103402 -0.0189788 4.72739e-05 -0.000220967 -0.0189788 0.0938751 
0.0103066 -0.0189815 -2.00405e-05 4.94067e-05 -0.0189815 0.0941568 5.23453e-05 -0.00023149 -2.00405e-05 5.23453e-05 0.010305 -0.01895 4.94067e-05 -0.00023149 -0.01895 0.0937754 
0.0102841 -0.0189521 -1.67635e-06 5.00726e-05 -0.0189521 0.0939257 5.24871e-05 -0.000230942 -1.67635e-06 5.24871e-05 0.0102668 -0.0188683 5.00726e-05 -0.000230942 -0.0188683 0.0934678 
0.0102479 -0.0189153 4.60817e-06 2.87397e-05 -0.0189153 0.0937258 3.16587e-05 -0.000197836 4.60817e-06 3.16587e-05 0.0102545 -0.0188069 2.87397e-05 -0.000197836 -0.0188069 0.0931847 
0.0102504 -0.0188956 -5.82766e-06 1.98258e-05 -0.0188956 0.0936795 2.17078e-05 -0.000163036 -5.82766e-06 2.17078e-05 0.0102353 -0.0188147 1.98258e-05 -0.000163036 -0.0188147 0.0931497 
0.0102458 -0.0188482 -1.77346e-05 3.40637e-05 -0.0188482 0.0934178 3.43082e-05 -0.000172227 -1.77346e-05 3.43082e-05 0.0101841 -0.0187512 3.40637e-05 -0.000172227 -0.0187512 0.0928919 
0.0102689 -0.0188841 -1.70128e-05 5.03128e-05 -0.0188841 0.0934934 5.17384e-05 -0.000209555 -1.70128e-05 5.17384e-05 0.0101661 -0.018728 5.03128e-05 -0.000209555 -0.018728 0.0928696 
0.0102835 -0.0189425 -8.36098e-06 4.83706e-05 -0.0189425 0.0937182 5.28924e-05 -0.000227714 -8.36098e-06 5.28924e-05 0.0101802 -0.0187325 4.83706e-05 -0.000227714 -0.0187325 0.0929588 
0.0102662 -0.018901 -3.42627e-06 3.55126e-05 -0.018901 0.0935444 4.12434e-05 -0.000209648 -3.42627e-06 4.12434e-05 0.0101598 -0.0186865 3.55126e-05 -0.000209648 -0.0186865 0.0927195 
0.0102837 -0.0189211 -3.54196e-06 2.83947e-05 -0.0189211 0.0936328 3.27612e-05 -0.000185181 -3.54196e-06 3.27612e-05 0.0101523 -0.0187042 2.83947e-05 -0.000185181 -0.0187042 0.0927858 
0.010284 -0.0189126 1.56785e-05 2.97213e-05 -0.0189126 0.0935504 3.30443e-05 -0.000176925 1.56785e-05 3.30443e-05 0.0101232 -0.0186617 2.97213e-05 -0.000176925 -0.0186617 0.0926402 
0.0102611 -0.0189113 1.98613e-05 6.55836e-06 -0.0189113 0.093493 7.15426e-06 -0.000136845 1.98613e-05 7.15426e-06 0.0101227 -0.0186128 6.55836e-06 -0.000136845 -0.0186128 0.0924618 
0.0102164 -0.0188859 1.56733e-05 1.44175e-06 -0.0188859 0.0934271 -4.51382e-08 -0.000104653 1.56733e-05 -4.51382e-08 0.0101476 -0.0186059 1.44175e-06 -0.000104653 -0.0186059 0.0923577 
0.0101977 -0.0188436 9.73763e-06 6.66998e-06 -0.0188436 0.0933688 4.84234e-06 -0.000102143 9.73763e-06 4.84234e-06 0.0101689 -0.0186505 6.66998e-06 -0.000102143 -0.0186505 0.092429 
0.0101923 -0.0188087 6.76676e-06 1.38265e-05 -0.0188087 0.0932557 1.32013e-05 -0.000115688 6.76676e-06 1.32013e-05 0.010173 -0.0186781 1.38265e-05 -0.000115688 -0.0186781 0.0924981 
0.0102065 -0.018825 9.10553e-06 1.74736e-05 -0.018825 0.0933229 1.77641e-05 -0.0001292 9.10553e-06 1.77641e-05 0.0101878 -0.0187165 1.74736e-05 -0.0001292 -0.0187165 0.0926852 
0.0102149 -0.0188545 7.93397e-06 1.22711e-05 -0.0188545 0.0934472 1.43082e-05 -0.000124704 7.93397e-06 1.43082e-05 0.0102081 -0.018747 1.22711e-05 -0.000124704 -0.018747 0.092854 
0.0102104 -0.0188503 1.56843e-05 1.34716e-05 -0.0188503 0.0934493 1.61209e-05 -0.000122941 1.56843e-05 1.61209e-05 0.0102143 -0.0187554 1.34716e-05 -0.000122941 -0.0187554 0.0928867 
0.0101837 -0.0188193 1.57484e-05 5.54349e-06 -0.0188193 0.0933161 1.03925e-05 -0.000115645 1.57484e-05 1.03925e-05 0.0102131 -0.0187377 5.54349e-06 -0.000115645 -0.0187377 0.0927887 
0.0101626 -0.0187938 8.55944e-06 5.94153e-06 -0.0187938 0.0932422 1.39384e-05 -0.00011614 8.55944e-06 1.39384e-05 0.0102214 -0.0187447 5.94153e-06 -0.00011614 -0.0187447 0.0927808 
0.0101448 -0.0187562 -3.66756e-06 1.50746e-05 -0.0187562 0.0931173 1.98254e-05 -0.00012853 -3.66756e-06 1.98254e-05 0.0102199 -0.0187475 1.50746e-05 -0.00012853 -0.0187475 0.0927551 
0.0101358 -0.018714 -1.45538e-05 3.31935e-05 -0.018714 0.0929341 3.1e-05 -0.000158067 -1.45538e-05 3.1e-05 0.0101998 -0.0187316 3.31935e-05 -0.000158067 -0.0187316 0.0926643 
0.01014 -0.0187004 -3.76361e-06 5.19774e-05 -0.0187004 0.0928305 4.28803e-05 -0.000197112 -3.76361e-06 4.28803e-05 0.0101797 -0.0187096 5.19774e-05 -0.000197112 -0.0187096 0.0925914 
0.0101506 -0.0187513 -1.54146e-06 3.98735e-05 -0.0187513 0.0930238 2.65997e-05 -0.000192086 -1.54146e-06 2.65997e-05 0.0102007 -0.0187334 3.98735e-05 -0.000192086 -0.0187334 0.0927535 
0.0101488 -0.0187512 2.99002e-06 3.34917e-05 -0.0187512 0.0930629 2.02414e-05 -0.00016858 2.99002e-06 2.02414e-05 0.0102055 -0.018741 3.34917e-05 -0.00016858 -0.018741 0.0927825 
0.0101261 -0.018707 1.15432e-05 2.56406e-05 -0.018707 0.0928642 1.56486e-05 -0.00014917 1.15432e-05 1.56486e-05 0.0101872 -0.0187027 2.56406e-05 -0.00014917 -0.0187027 0.0925945 
0.0101163 -0.018701 1.09809e-05 1.08458e-05 -0.018701 0.09284 7.21298e-06 -0.000122492 1.09809e-05 7.21298e-06 0.0101939 -0.0187021 1.08458e-05 -0.000122492 -0.0187021 0.0925838 
0.0101098 -0.0186757 8.21616e-06 4.96413e-06 -0.0186757 0.0927507 1.01525e-05 -0.000105111 8.21616e-06 1.01525e-05 0.0101854 -0.0187001 4.96413e-06 -0.000105111 -0.0187001 0.0925389 
0.0101154 -0.0186843 -2.51765e-06 4.26829e-06 -0.0186843 0.092786 1.7161e-05 -0.000103889 -2.51765e-06 1.7161e-05 0.0101818 -0.0187127 4.26829e-06 -0.000103889 -0.0187127 0.0926098 
0.0101186 -0.0186842 -1.49564e-05 1.52723e-05 -0.0186842 0.0927777 2.91162e-05 -0.000118792 -1.49564e-05 2.91162e-05 0.0101718 -0.0186988 1.52723e-05 -0.000118792 -0.0186988 0.0925903 
0.0101368 -0.0186537 -1.6863e-05 3.19113e-05 -0.0186537 0.0926167 4.15792e-05 -0.000147405 -1.6863e-05 4.15792e-05 0.0101245 -0.0186559 3.19113e-05 -0.000147405 -0.0186559 0.0924064 
0.0101214 -0.0186508 -1.00813e-05 3.92908e-05 -0.0186508 0.0924483 4.20427e-05 -0.000167758 -1.00813e-05 4.20427e-05 0.0100983 -0.0185693 3.92908e-05 -0.000167758 -0.0185693 0.0920972 
0.010133 -0.0186933 -1.03177e-06 3.61839e-05 -0.0186933 0.0926362 3.32206e-05 -0.000167809 -1.03177e-06 3.32206e-05 0.0101134 -0.0185885 3.61839e-05 -0.000167809 -0.0185885 0.0921639 
0.0101568 -0.0187529 4.30589e-06 2.73053e-05 -0.0187529 0.0929591 2.04715e-05 -0.00014982 4.30589e-06 2.04715e-05 0.0101491 -0.0186525 2.73053e-05 -0.00014982 -0.0186525 0.0924519 
0.0101836 -0.0187953 1.90029e-05 2.1847e-05 -0.0187953 0.09321 1.32077e-05 -0.000131859 1.90029e-05 1.32077e-05 0.0101699 -0.0187076 2.1847e-05 -0.000131859 -0.0187076 0.0927119 
0.0101964 -0.0188314 1.93879e-05 7.17676e-06 -0.0188314 0.0933979 -2.194e-06 -0.000107155 1.93879e-05 -2.194e-06 0.010201 -0.0187413 7.17676e-06 -0.000107155 -0.0187413 0.0929098 
0.0101975 -0.0188315 1.54762e-05 7.0283e-06 -0.0188315 0.0934375 -6.90527e-07 -9.7858e-05 1.54762e-05 -6.90527e-07 0.0102211 -0.0187652 7.0283e-06 -9.7858e-05 -0.0187652 0.0929883 
0.0101946 -0.0188253 4.14781e-06 1.13457e-05 -0.0188253 0.0934245 6.29075e-06 -0.000107931 4.14781e-06 6.29075e-06 0.0102365 -0.0187844 1.13457e-05 -0.000107931 -0.0187844 0.0930392 
0.0101897 -0.0188201 -1.54416e-05 2.19194e-05 -0.0188201 0.0934067 2.05436e-05 -0.000131551 -1.54416e-05 2.05436e-05 0.0102441 -0.0188029 2.19194e-05 -0.000131551 -0.0188029 0.0930884 
0.0101908 -0.0187748 -2.15568e-05 4.26874e-05 -0.0187748 0.0932014 4.47329e-05 -0.000175447 -2.15568e-05 4.47329e-05 0.0102109 -0.0187774 4.26874e-05 -0.000175447 -0.0187774 0.0929457 
0.0102165 -0.0187968 -1.76967e-05 5.00616e-05 -0.0187968 0.0932111 5.33138e-05 -0.000209011 -1.76967e-05 5.33138e-05 0.0101792 -0.0187565 5.00616e-05 -0.000209011 -0.0187565 0.0929132 
0.0102771 -0.0189042 -5.87252e-06 4.6649e-05 -0.0189042 0.0936393 4.94814e-05 -0.00021559 -5.87252e-06 4.94814e-05 0.0101785 -0.0187884 4.6649e-05 -0.00021559 -0.0187884 0.0931876 
0.0102634 -0.0189244 1.0505e-05 3.2352e-05 -0.0189244 0.0936734 3.11376e-05 -0.000188171 1.0505e-05 3.11376e-05 0.0101731 -0.0187238 3.2352e-05 -0.000188171 -0.0187238 0.0930074 
0.0102364 -0.0189109 2.55326e-05 1.38141e-05 -0.0189109 0.0936701 8.61846e-06 -0.000141738 2.55326e-05 8.61846e-06 0.0101902 -0.0187101 1.38141e-05 -0.000141738 -0.0187101 0.0928977 
0.0102032 -0.0188468 2.21356e-05 -5.47185e-06 -0.0188468 0.093462 -8.44487e-06 -9.40865e-05 2.21356e-05 -8.44487e-06 0.0101936 -0.0187048 -5.47185e-06 -9.40865e-05 -0.0187048 0.0927584 
0.0101777 -0.0187619 1.77551e-05 -6.23651e-06 -0.0187619 0.0930874 -4.97914e-06 -7.29838e-05 1.77551e-05 -4.97914e-06 0.0101587 -0.0186705 -6.23651e-06 -7.29838e-05 -0.0186705 0.0925099 
0.0101889 -0.0187761 6.2987e-07 -2.76943e-06 -0.0187761 0.0931008 6.24183e-07 -7.46786e-05 6.2987e-07 6.24183e-07 0.0101509 -0.01868 -2.76943e-06 -7.46786e-05 -0.01868 0.0925775 
0.0102051 -0.0188066 -8.40913e-06 1.89986e-05 -0.0188066 0.0932124 2.39121e-05 -0.000112016 -8.40913e-06 2.39121e-05 0.0101509 -0.0186868 1.89986e-05 -0.000112016 -0.0186868 0.0926635 
