0.00764775 0 4.2855e-05 0 0 0.0108756 0 0 4.2855e-05 0 0.00769292 0 0 0 0 0.0108756 
0.00937692 -0.0116423 5.07699e-05 -6.22018e-05 -0.0116423 0.0309376 -6.22018e-05 0.000119584 5.07699e-05 -6.22018e-05 0.0093926 -0.0116552 -6.22018e-05 0.000119584 -0.0116552 0.0309618 
0.00968977 -0.0181394 3.83251e-05 -7.81482e-05 -0.0181394 0.0668606 -7.81482e-05 0.000247921 3.83251e-05 -7.81482e-05 0.00966055 -0.0179289 -7.81482e-05 0.000247921 -0.0179289 0.0661267 
0.0091621 -0.0178995 1.24231e-05 -4.7982e-05 -0.0178995 0.0804635 -4.40809e-05 0.000184715 1.24231e-05 -4.40809e-05 0.00913492 -0.0174809 -4.7982e-05 0.000184715 -0.0174809 0.0782954 
0.00886703 -0.0167867 6.09502e-06 -1.19941e-05 -0.0167867 0.0814667 -5.65909e-06 6.70862e-05 6.09502e-06 -5.65909e-06 0.0088775 -0.0164386 -1.19941e-05 6.70862e-05 -0.0164386 0.0789878 
0.00861111 -0.0160024 3.74728e-06 3.36537e-06 -0.0160024 0.0791125 2.32894e-06 -6.34459e-06 3.74728e-06 2.32894e-06 0.00868109 -0.0158059 3.36537e-06 -6.34459e-06 -0.0158059 0.077249 
0.00833802 -0.0154016 9.89388e-06 7.91818e-06 -0.0154016 0.0763316 -3.18522e-06 -2.17617e-05 9.89388e-06 -3.18522e-06 0.00843168 -0.0153261 7.91818e-06 -2.17617e-05 -0.0153261 0.0751389 
0.00812279 -0.0149611 -2.34877e-06 1.12819e-07 -0.0149611 0.0741419 -1.63259e-05 -4.37639e-06 -2.34877e-06 -1.63259e-05 0.0081946 -0.0149311 1.12819e-07 -4.37639e-06 -0.0149311 0.0733539 
0.0111772 -0.0205432 -2.81851e-05 1.59869e-05 -0.0205432 0.101703 -2.48484e-06 -1.65452e-05 -2.81851e-05 -2.48484e-06 0.011218 -0.0204621 1.59869e-05 -1.65452e-05 -0.0204621 0.100756 
0.0110402 -0.0202959 -3.48882e-05 4.63941e-05 -0.0202959 0.10032 3.39137e-05 -8.24929e-05 -3.48882e-05 3.39137e-05 0.0110573 -0.0201263 4.63941e-05 -8.24929e-05 -0.0201263 0.0992492 
0.0109601 -0.0201607 -2.49757e-05 5.7247e-05 -0.0201607 0.0995624 4.88959e-05 -0.000139884 -2.49757e-05 4.88959e-05 0.0109647 -0.0199479 5.7247e-05 -0.000139884 -0.0199479 0.0983333 
0.0109061 -0.0201081 -1.33983e-05 4.58991e-05 -0.0201081 0.0992654 3.90549e-05 -0.000145922 -1.33983e-05 3.90549e-05 0.0109405 -0.0198772 4.58991e-05 -0.000145922 -0.0198772 0.0979391 
0.010869 -0.0200461 -1.15165e-05 3.28698e-05 -0.0200461 0.0990325 2.5315e-05 -0.000124904 -1.15165e-05 2.5315e-05 0.0109202 -0.0198559 3.28698e-05 -0.000124904 -0.0198559 0.0977391 
0.0108858 -0.0200357 -6.13305e-06 3.15871e-05 -0.0200357 0.0990271 2.27786e-05 -0.000113589 -6.13305e-06 2.27786e-05 0.0108989 -0.0198776 3.15871e-05 -0.000113589 -0.0198776 0.0978206 
0.0109105 -0.0200739 -7.2062e-06 2.53653e-05 -0.0200739 0.0991467 1.54276e-05 -0.000101889 -7.2062e-06 1.54276e-05 0.0108795 -0.0198783 2.53653e-05 -0.000101889 -0.0198783 0.0979347 
0.0109124 -0.0200901 -2.05412e-05 2.17302e-05 -0.0200901 0.0991806 1.46737e-05 -8.94126e-05 -2.05412e-05 1.46737e-05 0.0108714 -0.0198392 2.17302e-05 -8.94126e-05 -0.0198392 0.0978718 
0.0109211 -0.0200794 -2.32035e-05 3.44998e-05 -0.0200794 0.0991355 3.22884e-05 -0.000106542 -2.32035e-05 3.22884e-05 0.0108532 -0.0198154 3.44998e-05 -0.000106542 -0.0198154 0.0977623 
0.0109435 -0.0201406 -6.80916e-06 3.84682e-05 -0.0201406 0.0993763 4.02641e-05 -0.000128789 -6.80916e-06 4.02641e-05 0.0108738 -0.0198448 3.84682e-05 -0.000128789 -0.0198448 0.0979372 
0.0109164 -0.0201311 -1.19136e-05 2.21471e-05 -0.0201311 0.0993404 2.27167e-05 -0.000114896 -1.19136e-05 2.27167e-05 0.0108745 -0.0198276 2.21471e-05 -0.000114896 -0.0198276 0.0978551 
0.0108505 -0.0200482 -1.09193e-05 2.91512e-05 -0.0200482 0.0990226 2.66045e-05 -0.000111611 -1.09193e-05 2.66045e-05 0.0108696 -0.0197781 2.91512e-05 -0.000111611 -0.0197781 0.0975737 
0.0108395 -0.0200164 1.37284e-05 2.90805e-05 -0.0200164 0.0989964 2.58525e-05 -0.000114641 1.37284e-05 2.58525e-05 0.0108856 -0.0198253 2.90805e-05 -0.000114641 -0.0198253 0.0976961 
0.0108132 -0.019967 1.30607e-05 1.61927e-06 -0.019967 0.0987928 -1.23984e-06 -7.71827e-05 1.30607e-05 -1.23984e-06 0.0108941 -0.019816 1.61927e-06 -7.71827e-05 -0.019816 0.0976372 
0.010783 -0.0198551 1.65827e-05 -5.11638e-07 -0.0198551 0.0982669 -2.00848e-06 -5.05783e-05 1.65827e-05 -2.00848e-06 0.0108376 -0.0197505 -5.11638e-07 -5.05783e-05 -0.0197505 0.0972416 
0.0107915 -0.0198584 5.84119e-06 -1.59182e-06 -0.0198584 0.0981728 -3.11533e-06 -4.7966e-05 5.84119e-06 -3.11533e-06 0.0108177 -0.019727 -1.59182e-06 -4.7966e-05 -0.019727 0.0971668 
0.0107789 -0.0198644 -6.31678e-06 1.36697e-05 -0.0198644 0.0981245 1.02956e-05 -7.16814e-05 -6.31678e-06 1.02956e-05 0.0108075 -0.0196956 1.36697e-05 -7.16814e-05 -0.0196956 0.0970519 
0.0107884 -0.0199056 -2.43134e-05 3.16508e-05 -0.0199056 0.0983477 2.77306e-05 -0.000116884 -2.43134e-05 2.77306e-05 0.0108381 -0.0197368 3.16508e-05 -0.000116884 -0.0197368 0.0972391 
0.0107831 -0.0199184 -2.6642e-05 5.47966e-05 -0.0199184 0.0984695 5.07634e-05 -0.000174276 -2.6642e-05 5.07634e-05 0.0108713 -0.0197784 5.47966e-05 -0.000174276 -0.0197784 0.0974034 
0.0107569 -0.0198788 -2.42864e-05 6.00788e-05 -0.0198788 0.0983496 5.50279e-05 -0.000210284 -2.42864e-05 5.50279e-05 0.0108696 -0.0197873 6.00788e-05 -0.000210284 -0.0197873 0.0973883 
0.0107458 -0.0198296 -1.67972e-05 5.83471e-05 -0.0198296 0.0981709 5.24767e-05 -0.00022062 -1.67972e-05 5.24767e-05 0.0108513 -0.0197775 5.83471e-05 -0.00022062 -0.0197775 0.0973302 
0.0107437 -0.0198035 -2.18814e-05 5.1025e-05 -0.0198035 0.098016 4.15898e-05 -0.000209386 -2.18814e-05 4.15898e-05 0.0108219 -0.0197469 5.1025e-05 -0.000209386 -0.0197469 0.0972234 
0.0107369 -0.0197772 -1.91855e-05 5.45398e-05 -0.0197772 0.0978336 4.45656e-05 -0.000205891 -1.91855e-05 4.45656e-05 0.010781 -0.01969 5.45398e-05 -0.000205891 -0.01969 0.0970109 
0.0107827 -0.019845 -5.89512e-06 4.79359e-05 -0.019845 0.0981156 4.56929e-05 -0.000203926 -5.89512e-06 4.56929e-05 0.0107708 -0.019716 4.79359e-05 -0.000203926 -0.019716 0.0972088 
0.0108222 -0.019896 1.07396e-05 2.81683e-05 -0.019896 0.0983009 2.9535e-05 -0.000171672 1.07396e-05 2.9535e-05 0.0107479 -0.0196931 2.81683e-05 -0.000171672 -0.0196931 0.0972387 
0.0107778 -0.0198633 2.56506e-05 4.59917e-06 -0.0198633 0.098057 6.56726e-06 -0.000114856 2.56506e-05 6.56726e-06 0.010713 -0.0195766 4.59917e-06 -0.000114856 -0.0195766 0.0967872 
0.0107339 -0.019838 1.90148e-05 -1.61613e-05 -0.019838 0.0979973 -1.46491e-05 -5.36181e-05 1.90148e-05 -1.46491e-05 0.0107294 -0.0195553 -1.61613e-05 -5.36181e-05 -0.0195553 0.0966342 
0.0107195 -0.0197904 6.67042e-06 -8.81854e-06 -0.0197904 0.0979192 -6.08248e-06 -3.95267e-05 6.67042e-06 -6.08248e-06 0.0107361 -0.019591 -8.81854e-06 -3.95267e-05 -0.019591 0.0966743 
0.0107275 -0.0197987 -4.96665e-06 9.01892e-06 -0.0197987 0.0980012 1.27065e-05 -7.08271e-05 -4.96665e-06 1.27065e-05 0.0107587 -0.0196423 9.01892e-06 -7.08271e-05 -0.0196423 0.0969104 
0.0106944 -0.0197166 -1.43557e-05 2.58874e-05 -0.0197166 0.0976143 2.79585e-05 -0.000113261 -1.43557e-05 2.79585e-05 0.010741 -0.0195867 2.58874e-05 -0.000113261 -0.0195867 0.0966389 
0.0106751 -0.0196874 -1.01048e-05 4.07549e-05 -0.0196874 0.0974406 3.76236e-05 -0.000151204 -1.01048e-05 3.76236e-05 0.0107374 -0.0195793 4.07549e-05 -0.000151204 -0.0195793 0.096546 
0.0106775 -0.0196887 -1.06338e-05 3.95188e-05 -0.0196887 0.0974446 3.3029e-05 -0.00016448 -1.06338e-05 3.3029e-05 0.0107334 -0.019598 3.95188e-05 -0.00016448 -0.019598 0.0966071 
0.0106991 -0.0197267 -7.25443e-06 3.96888e-05 -0.0197267 0.0976184 3.39949e-05 -0.000169034 -7.25443e-06 3.39949e-05 0.0107478 -0.0196269 3.96888e-05 -0.000169034 -0.0196269 0.0967856 
0.0106718 -0.0197096 -1.89741e-06 3.34515e-05 -0.0197096 0.0975192 3.08999e-05 -0.000163155 -1.89741e-06 3.08999e-05 0.0107584 -0.0195965 3.34515e-05 -0.000163155 -0.0195965 0.0966574 
0.0106683 -0.0196982 -1.7886e-06 2.27478e-05 -0.0196982 0.0975296 2.42077e-05 -0.000144486 -1.7886e-06 2.42077e-05 0.0107693 -0.0196302 2.27478e-05 -0.000144486 -0.0196302 0.096722 
0.0106893 -0.019725 -1.88287e-05 1.8899e-05 -0.019725 0.097683 2.25639e-05 -0.000128029 -1.88287e-05 2.25639e-05 0.010786 -0.0196817 1.8899e-05 -0.000128029 -0.0196817 0.0969564 
0.010731 -0.0197815 -1.59105e-05 4.08805e-05 -0.0197815 0.0979491 4.29686e-05 -0.000154002 -1.59105e-05 4.29686e-05 0.0108018 -0.0197331 4.08805e-05 -0.000154002 -0.0197331 0.0972453 
0.01073 -0.0197926 -1.71842e-06 4.16974e-05 -0.0197926 0.0979508 4.22595e-05 -0.000174674 -1.71842e-06 4.22595e-05 0.0107941 -0.019706 4.16974e-05 -0.000174674 -0.019706 0.0971839 
0.0107545 -0.0198138 4.88365e-06 2.73588e-05 -0.0198138 0.0980614 2.50429e-05 -0.000158861 4.88365e-06 2.50429e-05 0.0107843 -0.0197151 2.73588e-05 -0.000158861 -0.0197151 0.0972357 
0.0107643 -0.0198179 1.17478e-05 2.35563e-05 -0.0198179 0.0980296 1.82593e-05 -0.000143982 1.17478e-05 1.82593e-05 0.0107494 -0.0196761 2.35563e-05 -0.000143982 -0.0196761 0.0971164 
0.0107414 -0.0197632 2.02449e-05 1.9168e-05 -0.0197632 0.0976999 1.03354e-05 -0.000134096 2.02449e-05 1.03354e-05 0.0106873 -0.0195624 1.9168e-05 -0.000134096 -0.0195624 0.0966516 
0.0107537 -0.0197787 2.66491e-05 7.81631e-06 -0.0197787 0.0977149 1.66894e-06 -0.000117953 2.66491e-05 1.66894e-06 0.0106553 -0.0195249 7.81631e-06 -0.000117953 -0.0195249 0.096517 
0.0107364 -0.0197935 2.33197e-05 -5.20147e-06 -0.0197935 0.0977336 -4.93444e-06 -9.41892e-05 2.33197e-05 -4.93444e-06 0.0106529 -0.0194801 -5.20147e-06 -9.41892e-05 -0.0194801 0.096377 
0.010712 -0.0197655 9.05222e-06 -4.51086e-06 -0.0197655 0.0976674 -7.07326e-07 -8.51445e-05 9.05222e-06 -7.07326e-07 0.0106577 -0.0194647 -4.51086e-06 -8.51445e-05 -0.0194647 0.0962561 
0.0106798 -0.0197106 -3.16351e-06 1.07991e-05 -0.0197106 0.097465 1.59984e-05 -0.00010514 -3.16351e-06 1.59984e-05 0.0106596 -0.0194508 1.07991e-05 -0.00010514 -0.0194508 0.096115 
0.010654 -0.0196517 -1.58626e-05 2.64542e-05 -0.0196517 0.0972242 3.02597e-05 -0.000138492 -1.58626e-05 3.02597e-05 0.010649 -0.0194446 2.64542e-05 -0.000138492 -0.0194446 0.0960022 
0.010657 -0.0196269 -1.84848e-05 4.02332e-05 -0.0196269 0.0971092 4.24221e-05 -0.000168503 -1.84848e-05 4.24221e-05 0.0106281 -0.0194495 4.02332e-05 -0.000168503 -0.0194495 0.0960056 
0.0106569 -0.0196424 -1.17347e-05 4.09749e-05 -0.0196424 0.0971309 4.39096e-05 -0.000177354 -1.17347e-05 4.39096e-05 0.0106286 -0.0194439 4.09749e-05 -0.000177354 -0.0194439 0.0960532 
0.0106511 -0.0196686 -9.64683e-06 3.16738e-05 -0.0196686 0.0972758 3.49419e-05 -0.000162725 -9.64683e-06 3.49419e-05 0.010665 -0.0194715 3.16738e-05 -0.000162725 -0.0194715 0.0962024 
0.0106071 -0.019578 6.27631e-06 2.73289e-05 -0.019578 0.0969242 2.94789e-05 -0.000142834 6.27631e-06 2.94789e-05 0.0106578 -0.0194394 2.73289e-05 -0.000142834 -0.0194394 0.0959586 
0.010571 -0.0195132 1.58923e-05 8.13633e-06 -0.0195132 0.0966302 1.11316e-05 -0.000106821 1.58923e-05 1.11316e-05 0.0106531 -0.0194278 8.13633e-06 -0.000106821 -0.0194278 0.0958147 
0.0105708 -0.0195242 1.70934e-05 -6.95925e-06 -0.0195242 0.0966992 -1.83369e-06 -6.49241e-05 1.70934e-05 -1.83369e-06 0.0106697 -0.0194772 -6.95925e-06 -6.49241e-05 -0.0194772 0.0960039 
0.0105484 -0.0194835 2.6045e-05 -6.16802e-06 -0.0194835 0.0965319 -9.72847e-07 -5.15349e-05 2.6045e-05 -9.72847e-07 0.0106543 -0.0194581 -6.16802e-06 -5.15349e-05 -0.0194581 0.0959205 
0.0105709 -0.0194999 2.99321e-05 -1.68848e-05 -0.0194999 0.0966344 -1.08493e-05 -3.52588e-05 2.99321e-05 -1.08493e-05 0.0106511 -0.0194837 -1.68848e-05 -3.52588e-05 -0.0194837 0.0960663 
0.0105522 -0.0194345 1.23898e-05 -2.45179e-05 -0.0194345 0.0962632 -1.55353e-05 -1.59739e-05 1.23898e-05 -1.55353e-05 0.0106014 -0.0193842 -2.45179e-05 -1.59739e-05 -0.0193842 0.0956571 
0.0105461 -0.0194332 6.48804e-06 -3.82272e-06 -0.0194332 0.0961594 3.65456e-06 -3.62648e-05 6.48804e-06 3.65456e-06 0.0105817 -0.0193369 -3.82272e-06 -3.62648e-05 -0.0193369 0.095447 
0.010601 -0.0195191 -3.49902e-06 8.89186e-06 -0.0195191 0.0965551 1.1984e-05 -7.0294e-05 -3.49902e-06 1.1984e-05 0.0105872 -0.0194026 8.89186e-06 -7.0294e-05 -0.0194026 0.0957566 
0.0106063 -0.0195434 -6.17948e-06 2.47175e-05 -0.0195434 0.0966151 2.16954e-05 -0.000103496 -6.17948e-06 2.16954e-05 0.010564 -0.01936 2.47175e-05 -0.000103496 -0.01936 0.0956745 
0.0106128 -0.0195572 -4.63502e-06 2.9729e-05 -0.0195572 0.0966834 2.34531e-05 -0.000122995 -4.63502e-06 2.34531e-05 0.0105409 -0.0193323 2.9729e-05 -0.000122995 -0.0193323 0.0956035 
0.0106026 -0.0195511 -5.26395e-06 2.62112e-05 -0.0195511 0.0966572 2.26701e-05 -0.000124764 -5.26395e-06 2.26701e-05 0.0105255 -0.0192896 2.62112e-05 -0.000124764 -0.0192896 0.0954655 
0.0106008 -0.0195467 2.63437e-06 2.60223e-05 -0.0195467 0.0966739 2.42973e-05 -0.000125606 2.63437e-06 2.42973e-05 0.0105281 -0.0192841 2.60223e-05 -0.000125606 -0.0192841 0.0954429 
0.0105858 -0.0195245 1.8888e-05 1.5772e-05 -0.0195245 0.0965939 1.2948e-05 -0.000108297 1.8888e-05 1.2948e-05 0.0105327 -0.0192782 1.5772e-05 -0.000108297 -0.0192782 0.0953926 
0.0105508 -0.019485 7.24069e-06 -5.81002e-06 -0.019485 0.0964347 -9.48603e-06 -6.29336e-05 7.24069e-06 -9.48603e-06 0.0105449 -0.0192731 -5.81002e-06 -6.29336e-05 -0.0192731 0.0953206 
0.0105154 -0.0194053 -5.92235e-06 5.81745e-06 -0.0194053 0.0961249 3.17086e-06 -5.6822e-05 -5.92235e-06 3.17086e-06 0.0105246 -0.0192609 5.81745e-06 -5.6822e-05 -0.0192609 0.0951698 
0.0105137 -0.0193681 -4.98518e-06 2.40987e-05 -0.0193681 0.095954 2.26056e-05 -9.30112e-05 -4.98518e-06 2.26056e-05 0.0104998 -0.0192511 2.40987e-05 -9.30112e-05 -0.0192511 0.0951276 
0.0105059 -0.0193281 -3.27397e-06 2.33714e-05 -0.0193281 0.0956942 2.4558e-05 -0.000113241 -3.27397e-06 2.4558e-05 0.0104555 -0.019188 2.33714e-05 -0.000113241 -0.019188 0.0948878 
0.0105068 -0.0193442 1.29979e-05 1.82641e-05 -0.0193442 0.0956837 2.21671e-05 -0.000111153 1.29979e-05 2.21671e-05 0.0104376 -0.0191522 1.82641e-05 -0.000111153 -0.0191522 0.0947881 
0.0104738 -0.0193257 2.4267e-05 -1.37092e-06 -0.0193257 0.0955733 2.97162e-06 -7.89586e-05 2.4267e-05 2.97162e-06 0.0104317 -0.0191021 -1.37092e-06 -7.89586e-05 -0.0191021 0.0945748 
0.0104415 -0.0192859 1.88166e-05 -1.40561e-05 -0.0192859 0.0954507 -1.35763e-05 -3.9024e-05 1.88166e-05 -1.35763e-05 0.010436 -0.0190897 -1.40561e-05 -3.9024e-05 -0.0190897 0.0944474 
0.0104385 -0.019309 2.05905e-05 -3.58786e-06 -0.019309 0.0956406 -1.05828e-05 -3.3597e-05 2.05905e-05 -1.05828e-05 0.0104793 -0.019161 -3.58786e-06 -3.3597e-05 -0.019161 0.0947241 
0.0104278 -0.0192941 1.08325e-05 2.35671e-07 -0.0192941 0.0956708 -1.3251e-05 -4.13316e-05 1.08325e-05 -1.3251e-05 0.0104975 -0.0192059 2.35671e-07 -4.13316e-05 -0.0192059 0.0948921 
0.0103969 -0.0191966 4.3205e-06 1.36166e-05 -0.0191966 0.0952567 -4.26923e-07 -6.57505e-05 4.3205e-06 -4.26923e-07 0.0104498 -0.0191494 1.36166e-05 -6.57505e-05 -0.0191494 0.0946111 
0.0103518 -0.0190989 5.54961e-06 1.94954e-05 -0.0190989 0.0947296 1.11135e-05 -9.29166e-05 5.54961e-06 1.11135e-05 0.010401 -0.0190414 1.94954e-05 -9.29166e-05 -0.0190414 0.0941344 
0.010343 -0.0190686 1.33849e-05 1.26172e-05 -0.0190686 0.0945363 1.03596e-05 -9.52208e-05 1.33849e-05 1.03596e-05 0.0103762 -0.0190098 1.26172e-05 -9.52208e-05 -0.0190098 0.0939549 
0.0103566 -0.0191005 1.50081e-05 1.70809e-07 -0.0191005 0.0946481 -2.61633e-07 -7.28614e-05 1.50081e-05 -2.61633e-07 0.0103834 -0.019032 1.70809e-07 -7.28614e-05 -0.019032 0.0940742 
0.0103462 -0.0191027 1.2062e-05 -2.66494e-06 -0.0191027 0.0946522 -3.92952e-06 -5.52026e-05 1.2062e-05 -3.92952e-06 0.0103888 -0.0190298 -2.66494e-06 -5.52026e-05 -0.0190298 0.0940801 
0.010354 -0.0190986 7.31348e-06 4.18894e-06 -0.0190986 0.0946732 -7.20694e-07 -5.87556e-05 7.31348e-06 -7.20694e-07 0.0103833 -0.0190461 4.18894e-06 -5.87556e-05 -0.0190461 0.0941383 
0.0103602 -0.0191191 3.69994e-06 1.35401e-05 -0.0191191 0.0947463 6.9031e-06 -7.96523e-05 3.69994e-06 6.9031e-06 0.0103842 -0.0190488 1.35401e-05 -7.96523e-05 -0.0190488 0.0942052 
0.0103571 -0.0191074 9.27398e-06 1.84927e-05 -0.0191074 0.0946955 1.51259e-05 -0.000102031 9.27398e-06 1.51259e-05 0.0103685 -0.0190257 1.84927e-05 -0.000102031 -0.0190257 0.0941212 
0.0103678 -0.0190906 2.26722e-06 8.24875e-06 -0.0190906 0.094603 9.77037e-06 -9.87437e-05 2.26722e-06 9.77037e-06 0.0103341 -0.018993 8.24875e-06 -9.87437e-05 -0.018993 0.0939915 
0.0103678 -0.0191203 -2.78542e-06 1.30329e-05 -0.0191203 0.0946635 1.88307e-05 -0.000102811 -2.78542e-06 1.88307e-05 0.0103334 -0.0189655 1.30329e-05 -0.000102811 -0.0189655 0.0939446 
0.0103765 -0.0191519 -5.7452e-06 1.86518e-05 -0.0191519 0.0948391 2.60523e-05 -0.000116975 -5.7452e-06 2.60523e-05 0.0103533 -0.0189854 1.86518e-05 -0.000116975 -0.0189854 0.0940349 
0.0103579 -0.0191237 -2.33396e-06 2.28616e-05 -0.0191237 0.0947411 3.01192e-05 -0.000129256 -2.33396e-06 3.01192e-05 0.0103569 -0.0189724 2.28616e-05 -0.000129256 -0.0189724 0.0939331 
0.0103695 -0.0191583 -1.28684e-06 1.84034e-05 -0.0191583 0.0949442 2.53373e-05 -0.000126312 -1.28684e-06 2.53373e-05 0.010393 -0.0190348 1.84034e-05 -0.000126312 -0.0190348 0.094183 
0.0103696 -0.0191014 2.25303e-06 1.42075e-05 -0.0191014 0.0947106 2.26089e-05 -0.000114557 2.25303e-06 2.26089e-05 0.0103541 -0.0190116 1.42075e-05 -0.000114557 -0.0190116 0.0940298 
0.0103867 -0.0191358 3.00053e-06 7.39237e-06 -0.0191358 0.0947749 1.63115e-05 -9.67041e-05 3.00053e-06 1.63115e-05 0.0103429 -0.0189992 7.39237e-06 -9.67041e-05 -0.0189992 0.0940583 
0.0103864 -0.0191732 -6.71637e-06 6.36889e-06 -0.0191732 0.09492 1.34553e-05 -8.32498e-05 -6.71637e-06 1.34553e-05 0.0103705 -0.0189975 6.36889e-06 -8.32498e-05 -0.0189975 0.0941065 
0.0103427 -0.0190937 -9.29176e-06 1.90159e-05 -0.0190937 0.0945892 2.07861e-05 -8.9712e-05 -9.29176e-06 2.07861e-05 0.010355 -0.0189483 1.90159e-05 -8.9712e-05 -0.0189483 0.0937765 
0.010335 -0.0190749 -2.11382e-06 2.6049e-05 -0.0190749 0.0945291 2.45717e-05 -0.000106375 -2.11382e-06 2.45717e-05 0.0103709 -0.0189752 2.6049e-05 -0.000106375 -0.0189752 0.093814 
0.0103161 -0.0190539 1.51153e-05 1.87671e-05 -0.0190539 0.09443 1.44047e-05 -9.89229e-05 1.51153e-05 1.44047e-05 0.0103873 -0.018988 1.87671e-05 -9.89229e-05 -0.018988 0.093818 
0.0103114 -0.0190844 2.62635e-05 8.93728e-07 -0.0190844 0.0946086 -4.88765e-06 -6.77304e-05 2.62635e-05 -4.88765e-06 0.0104355 -0.01906 8.93728e-07 -6.77304e-05 -0.01906 0.0940991 
0.0103118 -0.0190932 2.63596e-05 -1.33462e-05 -0.0190932 0.0947481 -1.7376e-05 -3.30196e-05 2.63596e-05 -1.7376e-05 0.0104702 -0.0191309 -1.33462e-05 -3.30196e-05 -0.0191309 0.0943726 
0.0103324 -0.0190749 2.16949e-05 -1.33245e-05 -0.0190749 0.0947242 -1.57732e-05 -2.22519e-05 2.16949e-05 -1.57732e-05 0.01045 -0.0191582 -1.33245e-05 -2.22519e-05 -0.0191582 0.0944824 
0.0103692 -0.0191029 -7.21112e-06 -8.51932e-06 -0.0191029 0.0947734 -1.00601e-05 -2.90751e-05 -7.21112e-06 -1.00601e-05 0.0104194 -0.0191377 -8.51932e-06 -2.90751e-05 -0.0191377 0.0945122 
0.0103726 -0.0191271 -3.04555e-05 2.34319e-05 -0.0191271 0.0947704 2.40442e-05 -8.19476e-05 -3.04555e-05 2.40442e-05 0.0104089 -0.0190753 2.34319e-05 -8.19476e-05 -0.0190753 0.0943452 
0.0103894 -0.0191382 -3.78583e-05 5.17221e-05 -0.0191382 0.0948087 5.66287e-05 -0.00015694 -3.78583e-05 5.66287e-05 0.0103937 -0.0190638 5.17221e-05 -0.00015694 -0.0190638 0.0942618 
0.0104045 -0.0192111 -2.74925e-05 5.85393e-05 -0.0192111 0.0951104 6.64505e-05 -0.00019881 -2.74925e-05 6.64505e-05 0.0104291 -0.0190986 5.85393e-05 -0.00019881 -0.0190986 0.094467 
0.0103992 -0.0191997 -3.79388e-06 4.39511e-05 -0.0191997 0.0951226 5.13824e-05 -0.000186145 -3.79388e-06 5.13824e-05 0.0104404 -0.0191093 4.39511e-05 -0.000186145 -0.0191093 0.0944709 
0.0103997 -0.0192117 5.26058e-06 1.17395e-05 -0.0192117 0.0952057 1.83654e-05 -0.000119778 5.26058e-06 1.83654e-05 0.0104622 -0.0191427 1.17395e-05 -0.000119778 -0.0191427 0.0945948 
0.0104138 -0.0192117 -2.62554e-06 -1.41041e-06 -0.0192117 0.0952428 2.01751e-06 -5.95006e-05 -2.62554e-06 2.01751e-06 0.0104616 -0.0191674 -1.41041e-06 -5.95006e-05 -0.0191674 0.0946837 
0.0104497 -0.0192632 -6.1094e-06 7.42313e-06 -0.0192632 0.0954564 8.17125e-06 -4.56272e-05 -6.1094e-06 8.17125e-06 0.0104793 -0.0192009 7.42313e-06 -4.56272e-05 -0.0192009 0.0948923 
0.0104822 -0.0193315 4.78528e-07 1.59119e-05 -0.0193315 0.0957378 1.39374e-05 -5.82573e-05 4.78528e-07 1.39374e-05 0.0105059 -0.019237 1.59119e-05 -5.82573e-05 -0.019237 0.0950989 
0.0105152 -0.0193855 -3.27562e-06 1.16354e-05 -0.0193855 0.0959891 8.99919e-06 -6.13938e-05 -3.27562e-06 8.99919e-06 0.0105224 -0.0192744 1.16354e-05 -6.13938e-05 -0.0192744 0.0952754 
0.0105294 -0.019433 -4.60289e-06 1.60437e-05 -0.019433 0.0961896 1.48928e-05 -6.95104e-05 -4.60289e-06 1.48928e-05 0.0105358 -0.0192904 1.60437e-05 -6.95104e-05 -0.0192904 0.0953819 
0.010518 -0.0194592 -7.22714e-06 1.7468e-05 -0.0194592 0.09635 1.76017e-05 -7.8669e-05 -7.22714e-06 1.76017e-05 0.0105746 -0.0193112 1.7468e-05 -7.8669e-05 -0.0193112 0.0954825 
0.0104909 -0.0193865 8.58643e-07 2.1331e-05 -0.0193865 0.0961197 2.22502e-05 -9.09428e-05 8.58643e-07 2.22502e-05 0.0105731 -0.0193077 2.1331e-05 -9.09428e-05 -0.0193077 0.0953475 
0.0104877 -0.0193795 -5.54779e-08 1.35915e-05 -0.0193795 0.0961012 1.39416e-05 -8.6925e-05 -5.54779e-08 1.39416e-05 0.0105907 -0.0193429 1.35915e-05 -8.6925e-05 -0.0193429 0.095462 
0.0104884 -0.0193436 -4.36542e-07 1.51409e-05 -0.0193436 0.0959414 1.37953e-05 -8.41869e-05 -4.36542e-07 1.37953e-05 0.0105784 -0.0193406 1.51409e-05 -8.41869e-05 -0.0193406 0.0954156 
0.0105134 -0.0193706 6.93132e-06 2.05406e-05 -0.0193706 0.0960061 1.42665e-05 -9.31333e-05 6.93132e-06 1.42665e-05 0.0105815 -0.0193588 2.05406e-05 -9.31333e-05 -0.0193588 0.0955205 
0.0105219 -0.0193845 1.14093e-05 1.29556e-05 -0.0193845 0.0959975 3.2521e-06 -8.38735e-05 1.14093e-05 3.2521e-06 0.0105791 -0.0193428 1.29556e-05 -8.38735e-05 -0.0193428 0.0954741 
0.0105715 -0.0194685 1.23301e-05 3.6074e-06 -0.0194685 0.0963553 -4.13874e-06 -6.21858e-05 1.23301e-05 -4.13874e-06 0.0106007 -0.0194001 3.6074e-06 -6.21858e-05 -0.0194001 0.0957529 
0.0106192 -0.0195448 1.02898e-05 1.37239e-06 -0.0195448 0.0966697 -2.47669e-06 -5.29598e-05 1.02898e-05 -2.47669e-06 0.0106014 -0.0194283 1.37239e-06 -5.29598e-05 -0.0194283 0.0959427 
0.0106425 -0.0196062 -1.94134e-06 3.62017e-06 -0.0196062 0.0969059 5.00408e-06 -6.10401e-05 -1.94134e-06 5.00408e-06 0.0106005 -0.0194199 3.62017e-06 -6.10401e-05 -0.0194199 0.095995 
0.0106611 -0.0196491 6.62919e-06 1.80621e-05 -0.0196491 0.097121 2.19522e-05 -9.14076e-05 6.62919e-06 2.19522e-05 0.0106008 -0.0194233 1.80621e-05 -9.14076e-05 -0.0194233 0.0960515 
0.0106559 -0.019641 2.26467e-05 1.21112e-05 -0.019641 0.0971015 1.39261e-05 -0.000100493 2.26467e-05 1.39261e-05 0.0105959 -0.0193939 1.21112e-05 -0.000100493 -0.0193939 0.0959398 
0.0106586 -0.0196309 1.95779e-05 -5.92753e-06 -0.0196309 0.097069 -6.44993e-06 -7.05309e-05 1.95779e-05 -6.44993e-06 0.0105826 -0.0193863 -5.92753e-06 -7.05309e-05 -0.0193863 0.095877 
0.0106495 -0.019641 -8.86415e-07 -8.17284e-06 -0.019641 0.097092 -6.93241e-06 -4.78156e-05 -8.86415e-07 -6.93241e-06 0.0105877 -0.0193778 -8.17284e-06 -4.78156e-05 -0.0193778 0.0958649 
0.0106392 -0.0196338 -1.29639e-05 1.527e-05 -0.0196338 0.0971056 1.86129e-05 -7.76118e-05 -1.29639e-05 1.86129e-05 0.0105896 -0.0193849 1.527e-05 -7.76118e-05 -0.0193849 0.0958791 
0.0106225 -0.0196057 -9.90673e-06 3.28017e-05 -0.0196057 0.0970206 3.5154e-05 -0.000123268 -9.90673e-06 3.5154e-05 0.0105875 -0.0193764 3.28017e-05 -0.000123268 -0.0193764 0.0958366 
0.0105807 -0.0195429 -2.38054e-06 3.27946e-05 -0.0195429 0.0967447 3.02179e-05 -0.000138813 -2.38054e-06 3.02179e-05 0.0105782 -0.0193318 3.27946e-05 -0.000138813 -0.0193318 0.0956104 
0.010569 -0.0195045 1.89703e-06 2.42768e-05 -0.0195045 0.0966097 1.81863e-05 -0.000123811 1.89703e-06 1.81863e-05 0.0105765 -0.0193367 2.42768e-05 -0.000123811 -0.0193367 0.0955667 
0.0105535 -0.019454 -5.42139e-06 1.98552e-05 -0.019454 0.0963542 1.46476e-05 -0.000111526 -5.42139e-06 1.46476e-05 0.010556 -0.0193065 1.98552e-05 -0.000111526 -0.0193065 0.0953971 
0.0105286 -0.0194295 -1.77265e-05 2.52107e-05 -0.0194295 0.0961843 2.58357e-05 -0.000118959 -1.77265e-05 2.58357e-05 0.0105544 -0.0192776 2.52107e-05 -0.000118959 -0.0192776 0.0952558 
0.0105262 -0.0194036 -3.23217e-05 3.7149e-05 -0.0194036 0.0960803 4.18545e-05 -0.000145877 -3.23217e-05 4.18545e-05 0.0105356 -0.0192802 3.7149e-05 -0.000145877 -0.0192802 0.0952018 
0.0105308 -0.0194348 -2.61211e-05 5.58649e-05 -0.0194348 0.0961977 5.85179e-05 -0.000185344 -2.61211e-05 5.85179e-05 0.0105446 -0.0192982 5.58649e-05 -0.000185344 -0.0192982 0.0953339 
0.0105156 -0.019424 -2.6593e-05 5.12706e-05 -0.019424 0.0961812 4.98772e-05 -0.000193761 -2.6593e-05 4.98772e-05 0.0105398 -0.0192925 5.12706e-05 -0.000193761 -0.0192925 0.0953245 
0.0104934 -0.0193862 -1.00092e-05 4.95947e-05 -0.0193862 0.0960528 4.94935e-05 -0.000188876 -1.00092e-05 4.94935e-05 0.0105309 -0.0192715 4.95947e-05 -0.000188876 -0.0192715 0.0952351 
0.010498 -0.0193806 7.12388e-06 2.69684e-05 -0.0193806 0.0960707 3.11073e-05 -0.000156689 7.12388e-06 3.11073e-05 0.0105357 -0.0192905 2.69684e-05 -0.000156689 -0.0192905 0.0953212 
0.0104764 -0.0193565 1.53937e-05 5.99325e-06 -0.0193565 0.0959518 7.67636e-06 -0.000103398 1.53937e-05 7.67636e-06 0.0105414 -0.0192733 5.99325e-06 -0.000103398 -0.0192733 0.0952544 
0.0104336 -0.0192776 1.0086e-05 1.63727e-06 -0.0192776 0.095603 -4.64876e-06 -6.94645e-05 1.0086e-05 -4.64876e-06 0.0105274 -0.0192293 1.63727e-06 -6.94645e-05 -0.0192293 0.0949824 
0.010447 -0.0192861 5.47164e-06 1.46905e-05 -0.0192861 0.0956623 4.09028e-06 -8.10872e-05 5.47164e-06 4.09028e-06 0.0105395 -0.0192743 1.46905e-05 -8.10872e-05 -0.0192743 0.0951372 
0.010476 -0.0193255 -2.3256e-06 2.34051e-05 -0.0193255 0.0958363 1.3779e-05 -0.000111345 -2.3256e-06 1.3779e-05 0.010554 -0.0193197 2.34051e-05 -0.000111345 -0.0193197 0.0953697 
0.0104871 -0.0193352 -8.44688e-06 3.43456e-05 -0.0193352 0.0958524 2.69812e-05 -0.000146139 -8.44688e-06 2.69812e-05 0.0105523 -0.0193171 3.43456e-05 -0.000146139 -0.0193171 0.0953924 
0.0104818 -0.019332 -8.04928e-06 4.31625e-05 -0.019332 0.0957969 3.6534e-05 -0.000178884 -8.04928e-06 3.6534e-05 0.010544 -0.0192968 4.31625e-05 -0.000178884 -0.0192968 0.0953096 
0.0104682 -0.0192956 -9.7281e-06 4.42004e-05 -0.0192956 0.0956125 3.49849e-05 -0.000192275 -9.7281e-06 3.49849e-05 0.0105194 -0.0192585 4.42004e-05 -0.000192275 -0.0192585 0.0951148 
0.0104715 -0.0193202 1.20281e-06 4.77046e-05 -0.0193202 0.0957014 3.44799e-05 -0.000198857 1.20281e-06 3.44799e-05 0.0105237 -0.0192701 4.77046e-05 -0.000198857 -0.0192701 0.0951832 
0.0104652 -0.0193326 1.25852e-05 3.61355e-05 -0.0193326 0.0957865 2.09311e-05 -0.000183593 1.25852e-05 2.09311e-05 0.0105296 -0.0192802 3.61355e-05 -0.000183593 -0.0192802 0.09525 
0.0104545 -0.0193198 2.11272e-05 1.80478e-05 -0.0193198 0.0957873 6.98744e-06 -0.000147965 2.11272e-05 6.98744e-06 0.0105333 -0.0192818 1.80478e-05 -0.000147965 -0.0192818 0.0952662 
0.0104499 -0.0193085 2.63937e-05 9.24395e-07 -0.0193085 0.0957835 -2.32228e-06 -0.00010955 2.63937e-05 -2.32228e-06 0.0105344 -0.0192918 9.24395e-07 -0.00010955 -0.0192918 0.0953107 
0.0103872 -0.0191809 1.26319e-05 -8.81905e-06 -0.0191809 0.0951817 -6.00739e-06 -8.28573e-05 1.26319e-05 -6.00739e-06 0.0104908 -0.0191795 -8.81905e-06 -8.28573e-05 -0.0191795 0.0947688 
0.0103732 -0.0191202 -8.67332e-06 4.05513e-06 -0.0191202 0.0948708 1.04537e-05 -9.26541e-05 -8.67332e-06 1.04537e-05 0.0104494 -0.0191435 4.05513e-06 -9.26541e-05 -0.0191435 0.0945227 
0.0104015 -0.019165 -1.12488e-05 2.91756e-05 -0.019165 0.0950063 3.8985e-05 -0.000140983 -1.12488e-05 3.8985e-05 0.0104381 -0.0191557 2.91756e-05 -0.000140983 -0.0191557 0.0946384 
