0.00775054 0 -6.89926e-05 0 0 0.0109538 0 0 -6.89926e-05 0 0.00768038 0 0 0 0 0.0109538 
0.00946636 -0.0117487 -6.41624e-05 7.6337e-05 -0.0117487 0.031194 7.6337e-05 -0.000146507 -6.41624e-05 7.6337e-05 0.00939164 -0.0116576 7.6337e-05 -0.000146507 -0.0116576 0.0310191 
0.00973239 -0.0181389 -2.1338e-05 -6.3193e-07 -0.0181389 0.0668672 -6.3193e-07 3.06496e-05 -2.1338e-05 -6.3193e-07 0.00969696 -0.0180558 -6.3193e-07 3.06496e-05 -0.0180558 0.066613 
0.00919099 -0.0177229 1.96794e-05 -0.000153373 -0.0177229 0.0795044 -0.000149571 0.000795571 1.96794e-05 -0.000149571 0.00918297 -0.0177628 -0.000153373 0.000795571 -0.0177628 0.0797112 
0.0088988 -0.0165644 1.77324e-05 -0.000183384 -0.0165644 0.0798893 -0.000176212 0.00113109 1.77324e-05 -0.000176212 0.00885909 -0.0166418 -0.000183384 0.00113109 -0.0166418 0.0804005 
0.00867235 -0.0158906 1.47351e-05 -0.000135962 -0.0158906 0.0778953 -0.000129654 0.000965085 1.47351e-05 -0.000129654 0.00861978 -0.0159122 -0.000135962 0.000965085 -0.0159122 0.078328 
0.00841657 -0.0154103 2.96837e-06 -0.000101928 -0.0154103 0.0757757 -9.88624e-05 0.000719412 2.96837e-06 -9.88624e-05 0.00839383 -0.0153968 -0.000101928 0.000719412 -0.0153968 0.0760302 
0.0081789 -0.0149969 -5.20887e-06 -7.77121e-05 -0.0149969 0.0739272 -7.93912e-05 0.000553274 -5.20887e-06 -7.93912e-05 0.00820883 -0.0150134 -7.77121e-05 0.000553274 -0.0150134 0.0741349 
0.0112088 -0.0205119 -1.73998e-05 -9.2374e-05 -0.0205119 0.10133 -9.77388e-05 0.000651858 -1.73998e-05 -9.77388e-05 0.0112709 -0.0206323 -9.2374e-05 0.000651858 -0.0206323 0.101767 
0.0110714 -0.0202278 -8.81189e-06 -8.51519e-05 -0.0202278 0.0999328 -8.94352e-05 0.000601703 -8.81189e-06 -8.94352e-05 0.0111286 -0.0203842 -8.51519e-05 0.000601703 -0.0203842 0.100517 
0.0109702 -0.0200382 6.79158e-06 -0.000102831 -0.0200382 0.0989191 -9.97483e-05 0.000613139 6.79158e-06 -9.97483e-05 0.0110256 -0.0201901 -0.000102831 0.000613139 -0.0201901 0.0995491 
0.0109481 -0.0199982 2.82946e-05 -0.000127777 -0.0199982 0.0986598 -0.000117872 0.00066335 2.82946e-05 -0.000117872 0.0109877 -0.0201419 -0.000127777 0.00066335 -0.0201419 0.0992822 
0.0109162 -0.0199781 3.03612e-05 -0.000153538 -0.0199781 0.0985225 -0.000141451 0.000723273 3.03612e-05 -0.000141451 0.0109779 -0.020106 -0.000153538 0.000723273 -0.020106 0.0991226 
0.0109448 -0.0200104 2.73846e-05 -0.000156621 -0.0200104 0.0987427 -0.00014495 0.000756101 2.73846e-05 -0.00014495 0.0109821 -0.0201675 -0.000156621 0.000756101 -0.0201675 0.0993822 
0.0109332 -0.0199655 2.42879e-05 -0.000147614 -0.0199655 0.0985001 -0.000137014 0.000743311 2.42879e-05 -0.000137014 0.0109311 -0.0200986 -0.000147614 0.000743311 -0.0200986 0.0991362 
0.0109232 -0.0199714 1.15626e-05 -0.000140057 -0.0199714 0.0984678 -0.000132306 0.000721101 1.15626e-05 -0.000132306 0.0109176 -0.0200555 -0.000140057 0.000721101 -0.0200555 0.0990202 
0.0108792 -0.0199084 -1.7633e-06 -0.000120454 -0.0199084 0.0981821 -0.000116286 0.000679834 -1.7633e-06 -0.000116286 0.0108942 -0.019985 -0.000120454 0.000679834 -0.019985 0.0986772 
0.0108601 -0.0198798 -1.28494e-05 -9.85402e-05 -0.0198798 0.0980831 -9.69598e-05 0.000622845 -1.28494e-05 -9.69598e-05 0.0108874 -0.0199784 -9.85402e-05 0.000622845 -0.0199784 0.0985933 
0.0108413 -0.0198234 -1.79879e-05 -7.97315e-05 -0.0198234 0.09783 -7.86114e-05 0.000562384 -1.79879e-05 -7.86114e-05 0.0108457 -0.0199333 -7.97315e-05 0.000562384 -0.0199333 0.098367 
0.0108403 -0.0197895 -4.76258e-06 -7.26009e-05 -0.0197895 0.0976255 -7.0563e-05 0.000522988 -4.76258e-06 -7.0563e-05 0.0107978 -0.0198727 -7.26009e-05 0.000522988 -0.0198727 0.0981293 
0.0108465 -0.0198182 2.26094e-05 -8.59997e-05 -0.0198182 0.0976814 -8.50097e-05 0.000525981 2.26094e-05 -8.50097e-05 0.010787 -0.0198459 -8.59997e-05 0.000525981 -0.0198459 0.0980809 
0.0108094 -0.0198109 3.62459e-05 -0.000121987 -0.0198109 0.0976415 -0.000121273 0.000589276 3.62459e-05 -0.000121273 0.0107868 -0.0198158 -0.000121987 0.000589276 -0.0198158 0.0979559 
0.0107746 -0.01976 4.49963e-05 -0.000140219 -0.01976 0.0975208 -0.000140379 0.000651375 4.49963e-05 -0.000140379 0.010792 -0.0198096 -0.000140219 0.000651375 -0.0198096 0.0978744 
0.0107492 -0.0197058 3.31306e-05 -0.000148196 -0.0197058 0.0973465 -0.000146803 0.000678997 3.31306e-05 -0.000146803 0.0107936 -0.0198118 -0.000148196 0.000678997 -0.0198118 0.0978264 
0.0107273 -0.019627 2.34025e-05 -0.000133251 -0.019627 0.0969999 -0.000128846 0.000658957 2.34025e-05 -0.000128846 0.0107554 -0.0197783 -0.000133251 0.000658957 -0.0197783 0.0976199 
0.0107044 -0.0196069 1.02307e-05 -0.00012198 -0.0196069 0.0968429 -0.000114504 0.0006238 1.02307e-05 -0.000114504 0.0107492 -0.0197442 -0.00012198 0.0006238 -0.0197442 0.097507 
0.0107079 -0.0196096 -4.98161e-06 -0.000102842 -0.0196096 0.0968769 -9.39747e-05 0.000573487 -4.98161e-06 -9.39747e-05 0.0107586 -0.0197622 -0.000102842 0.000573487 -0.0197622 0.0975676 
0.0107107 -0.0196541 -4.36186e-06 -8.18196e-05 -0.0196541 0.0970925 -7.58212e-05 0.000520943 -4.36186e-06 -7.58212e-05 0.0107991 -0.0198112 -8.18196e-05 0.000520943 -0.0198112 0.0978021 
0.0107013 -0.0196321 -1.12559e-05 -7.87107e-05 -0.0196321 0.097069 -7.74439e-05 0.000494458 -1.12559e-05 -7.74439e-05 0.0108134 -0.0198322 -7.87107e-05 0.000494458 -0.0198322 0.097847 
0.0106784 -0.0195888 2.67262e-06 -7.21746e-05 -0.0195888 0.096884 -7.39436e-05 0.000483119 2.67262e-06 -7.39436e-05 0.0107985 -0.0198202 -7.21746e-05 0.000483119 -0.0198202 0.0977491 
0.0107113 -0.0196195 5.86847e-06 -8.97792e-05 -0.0196195 0.0970531 -9.03608e-05 0.000505548 5.86847e-06 -9.03608e-05 0.0108046 -0.0198651 -8.97792e-05 0.000505548 -0.0198651 0.0979801 
0.0107361 -0.0196337 4.96448e-06 -9.63949e-05 -0.0196337 0.0970796 -9.39644e-05 0.000528316 4.96448e-06 -9.39644e-05 0.0107795 -0.0198552 -9.63949e-05 0.000528316 -0.0198552 0.098002 
0.010735 -0.0196469 4.79731e-06 -9.49193e-05 -0.0196469 0.0970534 -9.1044e-05 0.000531238 4.79731e-06 -9.1044e-05 0.0107697 -0.0198032 -9.49193e-05 0.000531238 -0.0198032 0.0978638 
0.0107304 -0.0196394 1.52781e-05 -9.22179e-05 -0.0196394 0.0970056 -8.88594e-05 0.000523848 1.52781e-05 -8.88594e-05 0.0107546 -0.0197784 -9.22179e-05 0.000523848 -0.0197784 0.0977278 
0.0107291 -0.0196687 1.73692e-05 -9.9386e-05 -0.0196687 0.0971343 -0.000101004 0.000530637 1.73692e-05 -0.000101004 0.0107704 -0.019789 -9.9386e-05 0.000530637 -0.019789 0.0977925 
0.0107138 -0.0196444 1.47511e-05 -9.87189e-05 -0.0196444 0.0970762 -0.000104329 0.00053557 1.47511e-05 -0.000104329 0.0107707 -0.0197819 -9.87189e-05 0.00053557 -0.0197819 0.0977262 
0.0107096 -0.0196248 1.50261e-05 -9.57884e-05 -0.0196248 0.0970124 -0.00010177 0.000531624 1.50261e-05 -0.00010177 0.0107661 -0.0197794 -9.57884e-05 0.000531624 -0.0197794 0.0976873 
0.0107124 -0.0196185 8.10336e-07 -9.71834e-05 -0.0196185 0.0969692 -0.000101636 0.000530598 8.10336e-07 -0.000101636 0.0107589 -0.0197693 -9.71834e-05 0.000530598 -0.0197693 0.0976435 
0.0107398 -0.0196384 -9.55075e-06 -8.47137e-05 -0.0196384 0.0970357 -8.64855e-05 0.00051435 -9.55075e-06 -8.64855e-05 0.0107459 -0.0197747 -8.47137e-05 0.00051435 -0.0197747 0.0976789 
0.0107495 -0.0196696 -1.10744e-05 -7.41722e-05 -0.0196696 0.097105 -7.25554e-05 0.000487228 -1.10744e-05 -7.25554e-05 0.0107397 -0.0197544 -7.41722e-05 0.000487228 -0.0197544 0.0976483 
0.0107253 -0.0196266 -1.76739e-05 -7.00044e-05 -0.0196266 0.0968792 -6.97195e-05 0.000469325 -1.76739e-05 -6.97195e-05 0.0107135 -0.0196872 -7.00044e-05 0.000469325 -0.0196872 0.0973295 
0.0107148 -0.0196075 -2.05406e-05 -6.03156e-05 -0.0196075 0.0967719 -6.56684e-05 0.000455112 -2.05406e-05 -6.56684e-05 0.0107028 -0.0196632 -6.03156e-05 0.000455112 -0.0196632 0.097177 
0.0106947 -0.0196049 -1.54458e-05 -5.26998e-05 -0.0196049 0.0967468 -6.25804e-05 0.000438151 -1.54458e-05 -6.25804e-05 0.0107137 -0.0196616 -5.26998e-05 0.000438151 -0.0196616 0.0971422 
0.0106969 -0.0195988 -6.19415e-06 -5.87214e-05 -0.0195988 0.0967863 -6.93929e-05 0.000441262 -6.19415e-06 -6.93929e-05 0.0107121 -0.0196951 -5.87214e-05 0.000441262 -0.0196951 0.0972403 
0.0107059 -0.0196375 3.73309e-06 -7.5686e-05 -0.0196375 0.0969863 -8.26719e-05 0.00047376 3.73309e-06 -8.26719e-05 0.0107341 -0.019736 -7.5686e-05 0.00047376 -0.019736 0.0974855 
0.0107101 -0.0196353 8.03741e-06 -9.13831e-05 -0.0196353 0.0970318 -9.5019e-05 0.000513117 8.03741e-06 -9.5019e-05 0.0107401 -0.0197437 -9.13831e-05 0.000513117 -0.0197437 0.0975483 
0.0107293 -0.0196385 4.0285e-06 -9.60639e-05 -0.0196385 0.0970514 -9.77494e-05 0.000534056 4.0285e-06 -9.77494e-05 0.0107312 -0.0197448 -9.60639e-05 0.000534056 -0.0197448 0.0975678 
0.0107408 -0.0196443 2.38818e-06 -9.1509e-05 -0.0196443 0.0970144 -8.77884e-05 0.000526107 2.38818e-06 -8.77884e-05 0.0107119 -0.019715 -9.1509e-05 0.000526107 -0.019715 0.0974698 
0.0107433 -0.019664 1.8259e-05 -8.9916e-05 -0.019664 0.097049 -8.22125e-05 0.000511344 1.8259e-05 -8.22125e-05 0.0107024 -0.0196955 -8.9916e-05 0.000511344 -0.0196955 0.0974079 
0.0107366 -0.0196578 3.75115e-05 -0.000109392 -0.0196578 0.0970252 -0.000102334 0.000535721 3.75115e-05 -0.000102334 0.0106962 -0.0196772 -0.000109392 0.000535721 -0.0196772 0.0973293 
0.0107407 -0.0196289 3.2799e-05 -0.00013125 -0.0196289 0.0968922 -0.000128795 0.000587944 3.2799e-05 -0.000128795 0.0106713 -0.0196457 -0.00013125 0.000587944 -0.0196457 0.0971701 
0.0107291 -0.0196193 2.24886e-05 -0.000126436 -0.0196193 0.0967642 -0.000127966 0.000611492 2.24886e-05 -0.000127966 0.0106707 -0.0196016 -0.000126436 0.000611492 -0.0196016 0.096984 
0.0107535 -0.0196783 -2.77648e-06 -0.000115973 -0.0196783 0.0970382 -0.000116901 0.000601937 -2.77648e-06 -0.000116901 0.0107148 -0.0196706 -0.000115973 0.000601937 -0.0196706 0.0972399 
0.0107571 -0.0197196 -1.4753e-05 -8.73372e-05 -0.0197196 0.0972628 -8.82888e-05 0.000555342 -1.4753e-05 -8.82888e-05 0.0107678 -0.0197421 -8.73372e-05 0.000555342 -0.0197421 0.0975198 
0.0107515 -0.0197332 -6.06503e-06 -6.91797e-05 -0.0197332 0.0974203 -7.21631e-05 0.000505027 -6.06503e-06 -7.21631e-05 0.0108076 -0.019823 -6.91797e-05 0.000505027 -0.019823 0.0978173 
0.010762 -0.0197272 7.27607e-07 -7.71546e-05 -0.0197272 0.0974902 -8.36636e-05 0.000500134 7.27607e-07 -8.36636e-05 0.0108214 -0.0198799 -7.71546e-05 0.000500134 -0.0198799 0.0980611 
0.0107563 -0.0197282 1.94961e-05 -8.81362e-05 -0.0197282 0.0974911 -9.79318e-05 0.000528273 1.94961e-05 -9.79318e-05 0.010831 -0.0198871 -8.81362e-05 0.000528273 -0.0198871 0.0981483 
0.0107503 -0.019737 1.55636e-05 -0.000111108 -0.019737 0.097566 -0.000125699 0.000583992 1.55636e-05 -0.000125699 0.0108617 -0.0199095 -0.000111108 0.000583992 -0.0199095 0.0982627 
0.0107594 -0.0197129 2.02443e-05 -0.000108894 -0.0197129 0.0975108 -0.000126606 0.000614772 2.02443e-05 -0.000126606 0.0108551 -0.0199275 -0.000108894 0.000614772 -0.0199275 0.0982813 
0.0107427 -0.0197044 1.43086e-05 -0.000113889 -0.0197044 0.0974048 -0.000129646 0.0006259 1.43086e-05 -0.000129646 0.010849 -0.0198959 -0.000113889 0.0006259 -0.0198959 0.0981691 
0.0107574 -0.0196832 8.88824e-07 -0.000108932 -0.0196832 0.0973204 -0.000118216 0.000617829 8.88824e-07 -0.000118216 0.0108198 -0.0198793 -0.000108932 0.000617829 -0.0198793 0.0980624 
0.0107592 -0.019656 -4.68129e-06 -9.42317e-05 -0.019656 0.0970861 -9.54423e-05 0.000580509 -4.68129e-06 -9.54423e-05 0.0107652 -0.0197997 -9.42317e-05 0.000580509 -0.0197997 0.0977419 
0.0107786 -0.0197271 2.95065e-06 -8.94173e-05 -0.0197271 0.0973154 -8.46138e-05 0.000550594 2.95065e-06 -8.46138e-05 0.010768 -0.0197949 -8.94173e-05 0.000550594 -0.0197949 0.0977983 
0.0107662 -0.0197496 6.88363e-06 -9.6836e-05 -0.0197496 0.0974398 -9.1585e-05 0.000547993 6.88363e-06 -9.1585e-05 0.0107721 -0.0197885 -9.6836e-05 0.000547993 -0.0197885 0.0977891 
0.0107221 -0.0196537 4.98398e-07 -0.000100298 -0.0196537 0.0970704 -9.60671e-05 0.000554467 4.98398e-07 -9.60671e-05 0.0107268 -0.0197132 -0.000100298 0.000554467 -0.0197132 0.097402 
0.0106884 -0.0195611 -9.79005e-06 -9.0711e-05 -0.0195611 0.096627 -8.78723e-05 0.000541556 -9.79005e-06 -8.78723e-05 0.0106685 -0.0196224 -9.0711e-05 0.000541556 -0.0196224 0.0969676 
0.0106736 -0.0195468 -9.57953e-06 -7.69604e-05 -0.0195468 0.0964903 -7.5477e-05 0.000512569 -9.57953e-06 -7.5477e-05 0.0106464 -0.0195741 -7.69604e-05 0.000512569 -0.0195741 0.0967752 
0.0106299 -0.0195131 -4.30556e-06 -7.51749e-05 -0.0195131 0.096312 -7.57419e-05 0.000496285 -4.30556e-06 -7.57419e-05 0.010632 -0.0195203 -7.51749e-05 0.000496285 -0.0195203 0.0965203 
0.0106044 -0.0194378 1.32999e-05 -7.79928e-05 -0.0194378 0.0960318 -8.11664e-05 0.000494401 1.32999e-05 -8.11664e-05 0.0106 -0.0194762 -7.79928e-05 0.000494401 -0.0194762 0.0962506 
0.0106154 -0.0194363 1.31565e-05 -9.6622e-05 -0.0194363 0.0959999 -0.000103324 0.000524515 1.31565e-05 -0.000103324 0.0105829 -0.0194705 -9.6622e-05 0.000524515 -0.0194705 0.0962295 
0.0106248 -0.0194737 -4.37094e-06 -9.4389e-05 -0.0194737 0.0961263 -0.000101617 0.00053448 -4.37094e-06 -0.000101617 0.0105789 -0.0194731 -9.4389e-05 0.00053448 -0.0194731 0.0963007 
0.0106014 -0.0194591 -2.07273e-05 -6.97529e-05 -0.0194591 0.0960724 -7.57118e-05 0.000488482 -2.07273e-05 -7.57118e-05 0.0105676 -0.0194386 -6.97529e-05 0.000488482 -0.0194386 0.09618 
0.0105836 -0.019438 -3.72442e-05 -4.94455e-05 -0.019438 0.0960348 -5.17895e-05 0.000426624 -3.72442e-05 -5.17895e-05 0.0105707 -0.0194295 -4.94455e-05 0.000426624 -0.0194295 0.0961334 
0.0105598 -0.0194051 -4.60951e-05 -3.02053e-05 -0.0194051 0.0959319 -2.75962e-05 0.000364306 -4.60951e-05 -2.75962e-05 0.0105791 -0.0194235 -3.02053e-05 0.000364306 -0.0194235 0.0960741 
0.0106043 -0.0194483 -3.97047e-05 -2.09901e-05 -0.0194483 0.0961968 -1.3219e-05 0.000320424 -3.97047e-05 -1.3219e-05 0.0105993 -0.0195038 -2.09901e-05 0.000320424 -0.0195038 0.0964148 
0.0106526 -0.0194985 -2.29131e-05 -2.95654e-05 -0.0194985 0.0963884 -2.07941e-05 0.000316321 -2.29131e-05 -2.07941e-05 0.01059 -0.0195277 -2.95654e-05 0.000316321 -0.0195277 0.0966038 
0.010639 -0.0194968 -8.89639e-06 -4.82886e-05 -0.0194968 0.0962751 -4.08466e-05 0.000346528 -8.89639e-06 -4.08466e-05 0.0105658 -0.0194542 -4.82886e-05 0.000346528 -0.0194542 0.0963642 
0.0105911 -0.0194335 6.24679e-06 -6.24199e-05 -0.0194335 0.0959659 -5.8525e-05 0.000383361 6.24679e-06 -5.8525e-05 0.010544 -0.0193723 -6.24199e-05 0.000383361 -0.0193723 0.0959559 
0.010524 -0.019333 1.29781e-05 -8.09678e-05 -0.019333 0.0955172 -8.15052e-05 0.000430784 1.29781e-05 -8.15052e-05 0.010529 -0.0193015 -8.09678e-05 0.000430784 -0.0193015 0.0955193 
0.0105122 -0.019315 1.25614e-05 -9.03832e-05 -0.019315 0.095502 -9.3961e-05 0.000472286 1.25614e-05 -9.3961e-05 0.010553 -0.0193585 -9.03832e-05 0.000472286 -0.0193585 0.0956507 
0.0105053 -0.0193101 2.15927e-05 -9.46544e-05 -0.0193101 0.095527 -9.78718e-05 0.000501216 2.15927e-05 -9.78718e-05 0.0105804 -0.0194117 -9.46544e-05 0.000501216 -0.0194117 0.0958547 
0.0105421 -0.019354 2.1554e-05 -0.000104857 -0.019354 0.0957923 -0.000110523 0.000530362 2.1554e-05 -0.000110523 0.0106163 -0.0195072 -0.000104857 0.000530362 -0.0195072 0.0962863 
0.0105816 -0.0193971 1.08352e-05 -0.000104198 -0.0193971 0.0959821 -0.00011198 0.000545442 1.08352e-05 -0.00011198 0.0106289 -0.0195526 -0.000104198 0.000545442 -0.0195526 0.0965518 
0.0106167 -0.0194439 1.0237e-05 -9.29358e-05 -0.0194439 0.0961343 -0.000100168 0.000533923 1.0237e-05 -0.000100168 0.0106278 -0.0195588 -9.29358e-05 0.000533923 -0.0195588 0.0966547 
0.0106412 -0.0195087 5.97803e-06 -9.20937e-05 -0.0195087 0.0963722 -9.73855e-05 0.000522894 5.97803e-06 -9.73855e-05 0.0106515 -0.0195686 -9.20937e-05 0.000522894 -0.0195686 0.0967626 
0.0106592 -0.0195703 -3.42299e-06 -9.08113e-05 -0.0195703 0.0966717 -9.2389e-05 0.000518824 -3.42299e-06 -9.2389e-05 0.0107002 -0.0196183 -9.08113e-05 0.000518824 -0.0196183 0.0969709 
0.0106398 -0.0195516 -1.48797e-05 -8.41077e-05 -0.0195516 0.096636 -8.2426e-05 0.000508753 -1.48797e-05 -8.2426e-05 0.0107312 -0.0196379 -8.41077e-05 0.000508753 -0.0196379 0.096963 
0.0106387 -0.0195768 -2.25162e-05 -7.38229e-05 -0.0195768 0.0968263 -6.96963e-05 0.000492573 -2.25162e-05 -6.96963e-05 0.0107818 -0.019731 -7.38229e-05 0.000492573 -0.019731 0.0972858 
0.0106753 -0.0195815 -2.51998e-05 -6.15511e-05 -0.0195815 0.0969583 -5.95431e-05 0.000466605 -2.51998e-05 -5.95431e-05 0.010782 -0.0198154 -6.15511e-05 0.000466605 -0.0198154 0.0976217 
0.0107292 -0.0196311 -1.88713e-05 -5.47915e-05 -0.0196311 0.0971223 -5.50955e-05 0.000445996 -1.88713e-05 -5.50955e-05 0.0107529 -0.0198278 -5.47915e-05 0.000445996 -0.0198278 0.097829 
0.0107482 -0.0196388 -9.9646e-06 -6.2946e-05 -0.0196388 0.0970143 -6.26101e-05 0.000449107 -9.9646e-06 -6.26101e-05 0.0106895 -0.0197217 -6.2946e-05 0.000449107 -0.0197217 0.0975279 
0.0107572 -0.0196674 4.08866e-06 -7.45214e-05 -0.0196674 0.0970176 -7.51399e-05 0.000473272 4.08866e-06 -7.51399e-05 0.0106489 -0.0196306 -7.45214e-05 0.000473272 -0.0196306 0.0972257 
0.0107472 -0.0197286 -1.34909e-06 -9.18178e-05 -0.0197286 0.0972651 -9.4809e-05 0.00051435 -1.34909e-06 -9.4809e-05 0.0106799 -0.0196141 -9.18178e-05 0.00051435 -0.0196141 0.0972013 
0.0107052 -0.0196771 -2.32162e-05 -8.64575e-05 -0.0196771 0.0971552 -9.12998e-05 0.00052868 -2.32162e-05 -9.12998e-05 0.0106992 -0.0196077 -8.64575e-05 0.00052868 -0.0196077 0.0970456 
0.0106577 -0.0196155 -3.2897e-05 -5.57419e-05 -0.0196155 0.096975 -6.06427e-05 0.000478466 -3.2897e-05 -6.06427e-05 0.0107244 -0.0196304 -5.57419e-05 0.000478466 -0.0196304 0.0970101 
0.0106193 -0.0195349 -1.76377e-05 -4.02828e-05 -0.0195349 0.0966974 -4.63524e-05 0.000423745 -1.76377e-05 -4.63524e-05 0.0107263 -0.0196448 -4.02828e-05 0.000423745 -0.0196448 0.0969547 
0.0105973 -0.0194918 -6.22266e-06 -5.72869e-05 -0.0194918 0.0965319 -6.27966e-05 0.000426711 -6.22266e-06 -6.27966e-05 0.0107313 -0.0196628 -5.72869e-05 0.000426711 -0.0196628 0.0969923 
0.010594 -0.0194661 9.04525e-07 -7.24468e-05 -0.0194661 0.0964306 -7.74271e-05 0.000458347 9.04525e-07 -7.74271e-05 0.010721 -0.0196727 -7.24468e-05 0.000458347 -0.0196727 0.097026 
0.0105984 -0.0194214 -5.27789e-06 -8.04818e-05 -0.0194214 0.0961761 -8.68689e-05 0.000484384 -5.27789e-06 -8.68689e-05 0.0106649 -0.0196128 -8.04818e-05 0.000484384 -0.0196128 0.0967895 
0.010625 -0.019448 -1.19139e-05 -7.03904e-05 -0.019448 0.0961746 -7.84626e-05 0.000477494 -1.19139e-05 -7.84626e-05 0.0106202 -0.0195618 -7.03904e-05 0.000477494 -0.0195618 0.0966594 
0.010631 -0.0194709 -4.71091e-06 -6.0204e-05 -0.0194709 0.0961734 -6.81198e-05 0.000451633 -4.71091e-06 -6.81198e-05 0.0105857 -0.0194913 -6.0204e-05 0.000451633 -0.0194913 0.096439 
0.0106405 -0.0194963 4.76547e-06 -6.90311e-05 -0.0194963 0.0962632 -7.51762e-05 0.000450338 4.76547e-06 -7.51762e-05 0.0105696 -0.0194605 -6.90311e-05 0.000450338 -0.0194605 0.0963383 
0.0106337 -0.0195261 1.32811e-05 -8.03367e-05 -0.0195261 0.0963955 -8.70715e-05 0.000471137 1.32811e-05 -8.70715e-05 0.0105749 -0.0194501 -8.03367e-05 0.000471137 -0.0194501 0.0963264 
0.0105817 -0.01945 1.59449e-05 -8.82497e-05 -0.01945 0.0961007 -9.81618e-05 0.000492966 1.59449e-05 -9.81618e-05 0.0105614 -0.0193841 -8.82497e-05 0.000492966 -0.0193841 0.0959831 
0.0105647 -0.0194096 1.65164e-05 -9.23836e-05 -0.0194096 0.0959811 -0.000101093 0.000506291 1.65164e-05 -0.000101093 0.0105609 -0.0193928 -9.23836e-05 0.000506291 -0.0193928 0.0959297 
0.0105412 -0.0193527 1.53738e-05 -9.49653e-05 -0.0193527 0.0957155 -0.0001013 0.000513017 1.53738e-05 -0.0001013 0.0105358 -0.0193569 -9.49653e-05 0.000513017 -0.0193569 0.0957304 
0.0105153 -0.0193334 5.12879e-06 -9.47781e-05 -0.0193334 0.0955914 -9.84288e-05 0.000513096 5.12879e-06 -9.84288e-05 0.0105419 -0.019329 -9.47781e-05 0.000513096 -0.019329 0.0956054 
0.0105224 -0.0193468 -9.94715e-06 -8.21148e-05 -0.0193468 0.0957052 -8.4615e-05 0.000491618 -9.94715e-06 -8.4615e-05 0.0105644 -0.0193779 -8.21148e-05 0.000491618 -0.0193779 0.0957596 
0.0105499 -0.0193652 -2.69067e-05 -6.15595e-05 -0.0193652 0.0958232 -6.32098e-05 0.000445341 -2.69067e-05 -6.32098e-05 0.0105586 -0.0194235 -6.15595e-05 0.000445341 -0.0194235 0.0959535 
0.0105593 -0.0193733 -3.00719e-05 -3.90213e-05 -0.0193733 0.0958032 -3.92449e-05 0.00038378 -3.00719e-05 -3.92449e-05 0.0105322 -0.0193916 -3.90213e-05 0.00038378 -0.0193916 0.0959045 
0.0105826 -0.0194002 -2.59996e-05 -3.55507e-05 -0.0194002 0.0958914 -3.40925e-05 0.000350067 -2.59996e-05 -3.40925e-05 0.0105139 -0.0193714 -3.55507e-05 0.000350067 -0.0193714 0.095891 
0.0105961 -0.0194197 -2.4947e-05 -4.30467e-05 -0.0194197 0.0959306 -3.97903e-05 0.00035245 -2.4947e-05 -3.97903e-05 0.0105042 -0.0193373 -4.30467e-05 0.00035245 -0.0193373 0.0957982 
0.01062 -0.0194745 -2.57585e-05 -4.51435e-05 -0.0194745 0.0961567 -4.36963e-05 0.000363911 -2.57585e-05 -4.36963e-05 0.0105207 -0.0193578 -4.51435e-05 0.000363911 -0.0193578 0.0959086 
0.0106123 -0.0194789 -1.66037e-05 -4.28888e-05 -0.0194789 0.0961742 -4.68018e-05 0.000369881 -1.66037e-05 -4.68018e-05 0.010528 -0.0193488 -4.28888e-05 0.000369881 -0.0193488 0.0958564 
0.010567 -0.0194476 -1.01443e-05 -5.19209e-05 -0.0194476 0.0960568 -5.73485e-05 0.000385218 -1.01443e-05 -5.73485e-05 0.010559 -0.0193366 -5.19209e-05 0.000385218 -0.0193366 0.095743 
0.0105524 -0.0194372 -6.28991e-06 -6.32993e-05 -0.0194372 0.0961382 -6.33543e-05 0.000408416 -6.28991e-06 -6.33543e-05 0.010612 -0.0194227 -6.32993e-05 0.000408416 -0.0194227 0.0959843 
0.0105431 -0.0194073 -6.03635e-06 -7.05857e-05 -0.0194073 0.0960939 -6.77438e-05 0.000428867 -6.03635e-06 -6.77438e-05 0.0106441 -0.0194865 -7.05857e-05 0.000428867 -0.0194865 0.0961804 
0.010564 -0.0194314 -2.09463e-06 -7.40726e-05 -0.0194314 0.0962403 -6.94603e-05 0.00044416 -2.09463e-06 -6.94603e-05 0.0106791 -0.0195681 -7.40726e-05 0.00044416 -0.0195681 0.096524 
0.0105628 -0.0194116 -2.71751e-06 -7.99216e-05 -0.0194116 0.0961321 -7.37213e-05 0.000457844 -2.71751e-06 -7.37213e-05 0.0106737 -0.0195671 -7.99216e-05 0.000457844 -0.0195671 0.096522 
0.0105804 -0.019434 1.69771e-06 -7.93211e-05 -0.019434 0.0962016 -7.48009e-05 0.000466369 1.69771e-06 -7.48009e-05 0.0106723 -0.0195841 -7.93211e-05 0.000466369 -0.0195841 0.0966185 
0.0105986 -0.0194677 -2.76098e-06 -8.29797e-05 -0.0194677 0.0963299 -8.46858e-05 0.000481124 -2.76098e-06 -8.46858e-05 0.0106799 -0.0195953 -8.29797e-05 0.000481124 -0.0195953 0.0967172 
0.0105846 -0.0194772 -1.15473e-05 -7.88995e-05 -0.0194772 0.0963544 -8.66454e-05 0.00049305 -1.15473e-05 -8.66454e-05 0.0106934 -0.0195868 -7.88995e-05 0.00049305 -0.0195868 0.096692 
0.0106002 -0.0194925 -1.73659e-05 -6.76846e-05 -0.0194925 0.0964888 -7.7905e-05 0.000483174 -1.73659e-05 -7.7905e-05 0.0106996 -0.0196261 -6.76846e-05 0.000483174 -0.0196261 0.0968321 
0.0106117 -0.0194779 -1.34922e-05 -5.86928e-05 -0.0194779 0.0964059 -7.01377e-05 0.000462429 -1.34922e-05 -7.01377e-05 0.0106627 -0.0195928 -5.86928e-05 0.000462429 -0.0195928 0.0967182 
0.0106026 -0.0194721 -2.2e-05 -6.02164e-05 -0.0194721 0.0962909 -7.2376e-05 0.000453492 -2.2e-05 -7.2376e-05 0.0106296 -0.0195201 -6.02164e-05 0.000453492 -0.0195201 0.096467 
0.0106245 -0.0194911 -3.06959e-05 -4.90226e-05 -0.0194911 0.0963631 -5.88865e-05 0.000431663 -3.06959e-05 -5.88865e-05 0.0106054 -0.0194983 -4.90226e-05 0.000431663 -0.0194983 0.0963922 
0.0106428 -0.01948 -2.88827e-05 -3.6605e-05 -0.01948 0.0962467 -4.42618e-05 0.000394318 -2.88827e-05 -4.42618e-05 0.0105563 -0.0194312 -3.6605e-05 0.000394318 -0.0194312 0.096131 
0.0106572 -0.0194933 -1.17526e-05 -3.97927e-05 -0.0194933 0.0961796 -4.45677e-05 0.000380056 -1.17526e-05 -4.45677e-05 0.0105151 -0.0193624 -3.97927e-05 0.000380056 -0.0193624 0.0958766 
0.0106536 -0.0195288 -1.2009e-05 -6.36878e-05 -0.0195288 0.0962607 -6.45737e-05 0.000412538 -1.2009e-05 -6.45737e-05 0.0105127 -0.0193309 -6.36878e-05 0.000412538 -0.0193309 0.0957741 
0.0106499 -0.0195356 -1.25535e-05 -7.0085e-05 -0.0195356 0.0963458 -6.50483e-05 0.000439968 -1.25535e-05 -6.50483e-05 0.0105264 -0.0193477 -7.0085e-05 0.000439968 -0.0193477 0.0958133 
0.0106215 -0.0195075 -1.02773e-05 -6.86989e-05 -0.0195075 0.0962564 -6.18743e-05 0.000442755 -1.02773e-05 -6.18743e-05 0.0105379 -0.0193482 -6.86989e-05 0.000442755 -0.0193482 0.0957776 
0.0106165 -0.01947 -2.42111e-05 -6.96425e-05 -0.01947 0.0961418 -6.51646e-05 0.000444209 -2.42111e-05 -6.51646e-05 0.0105289 -0.0193574 -6.96425e-05 0.000444209 -0.0193574 0.0957634 
0.0106292 -0.0194871 -2.40587e-05 -5.32417e-05 -0.0194871 0.0961941 -4.82049e-05 0.000421263 -2.40587e-05 -4.82049e-05 0.0105301 -0.0193692 -5.32417e-05 0.000421263 -0.0193692 0.0958529 
0.0106675 -0.0195999 -2.02437e-05 -5.24615e-05 -0.0195999 0.0967221 -4.58805e-05 0.000404295 -2.02437e-05 -4.58805e-05 0.0105955 -0.0194608 -5.24615e-05 0.000404295 -0.0194608 0.0963433 
0.01067 -0.0196115 -1.97143e-05 -5.92648e-05 -0.0196115 0.0968651 -5.45528e-05 0.000414894 -1.97143e-05 -5.45528e-05 0.0106334 -0.0195047 -5.92648e-05 0.000414894 -0.0195047 0.0965133 
0.0106982 -0.0196854 -1.12132e-05 -6.46651e-05 -0.0196854 0.0972967 -6.15301e-05 0.000439159 -1.12132e-05 -6.15301e-05 0.0107121 -0.0196334 -6.46651e-05 0.000439159 -0.0196334 0.0970646 
0.0107003 -0.0196533 -2.37594e-05 -7.4287e-05 -0.0196533 0.0972328 -7.37469e-05 0.000467393 -2.37594e-05 -7.37469e-05 0.010722 -0.0196725 -7.4287e-05 0.000467393 -0.0196725 0.0971787 
0.0107153 -0.0196704 -3.00676e-05 -6.01817e-05 -0.0196704 0.0972905 -6.13786e-05 0.000464064 -3.00676e-05 -6.13786e-05 0.0107352 -0.0197059 -6.01817e-05 0.000464064 -0.0197059 0.0973493 
0.0106992 -0.0196224 -1.34405e-05 -5.1762e-05 -0.0196224 0.0970283 -5.20252e-05 0.000441526 -1.34405e-05 -5.20252e-05 0.0107054 -0.0196554 -5.1762e-05 0.000441526 -0.0196554 0.097119 
0.0106719 -0.0195585 1.19424e-05 -7.48215e-05 -0.0195585 0.0966597 -6.85854e-05 0.000461248 1.19424e-05 -6.85854e-05 0.0106618 -0.0195732 -7.48215e-05 0.000461248 -0.0195732 0.09673 
0.0106691 -0.0195612 2.08942e-05 -0.000113486 -0.0195612 0.096611 -0.000100344 0.000536436 2.08942e-05 -0.000100344 0.0106527 -0.0195525 -0.000113486 0.000536436 -0.0195525 0.0966287 
0.0106605 -0.0195685 9.28831e-06 -0.000126139 -0.0195685 0.0966282 -0.000114934 0.000596583 9.28831e-06 -0.000114934 0.0106592 -0.0195482 -0.000126139 0.000596583 -0.0195482 0.0965993 
0.0106404 -0.0195402 5.54587e-06 -0.000106569 -0.0195402 0.0965263 -9.99849e-05 0.000587307 5.54587e-06 -9.99849e-05 0.0106579 -0.0195389 -0.000106569 0.000587307 -0.0195389 0.0965116 
0.0106257 -0.0195607 1.05735e-05 -9.58797e-05 -0.0195607 0.0966643 -9.17051e-05 0.000556818 1.05735e-05 -9.17051e-05 0.0106943 -0.0195866 -9.58797e-05 0.000556818 -0.0195866 0.0967079 
0.0106125 -0.0195257 1.58667e-05 -0.000100248 -0.0195257 0.0966183 -9.81734e-05 0.000550253 1.58667e-05 -9.81734e-05 0.0107027 -0.0196173 -0.000100248 0.000550253 -0.0196173 0.0967931 
0.0106003 -0.0195007 2.31992e-05 -0.000106553 -0.0195007 0.0965353 -0.0001062 0.000561799 2.31992e-05 -0.0001062 0.0107098 -0.0196254 -0.000106553 0.000561799 -0.0196254 0.0968339 
0.0105894 -0.0194598 3.56202e-06 -0.000111406 -0.0194598 0.0963562 -0.000115959 0.000577275 3.56202e-06 -0.000115959 0.0106919 -0.01961 -0.000111406 0.000577275 -0.01961 0.0967421 
0.0105938 -0.0194419 -1.74544e-05 -8.60129e-05 -0.0194419 0.0962437 -9.54763e-05 0.000548403 -1.74544e-05 -9.54763e-05 0.0106663 -0.0195911 -8.60129e-05 0.000548403 -0.0195911 0.0966726 
0.0106233 -0.0194697 -1.79488e-05 -5.81853e-05 -0.0194697 0.0963089 -6.72251e-05 0.000484894 -1.79488e-05 -6.72251e-05 0.0106359 -0.0195774 -5.81853e-05 0.000484894 -0.0195774 0.0966828 
0.0106489 -0.0194834 -6.96125e-06 -5.83551e-05 -0.0194834 0.0962811 -6.22705e-05 0.000450115 -6.96125e-06 -6.22705e-05 0.0105922 -0.0195127 -5.83551e-05 0.000450115 -0.0195127 0.0964963 
