0.00762679 0 2.8298e-05 0 0 0.0109331 0 0 2.8298e-05 0 0.00778613 0 0 0 0 0.0109331 
0.00933653 -0.0115917 1.87532e-05 -2.07017e-05 -0.0115917 0.030878 -2.07017e-05 3.93155e-05 1.87532e-05 -2.07017e-05 0.00950373 -0.0117933 -2.07017e-05 3.93155e-05 -0.0117933 0.0312647 
0.0096571 -0.0180214 -1.7608e-05 5.52905e-05 -0.0180214 0.0665038 5.52905e-05 -0.000200194 -1.7608e-05 5.52905e-05 0.0097548 -0.0181448 5.52905e-05 -0.000200194 -0.0181448 0.0668577 
0.00918456 -0.0177809 -3.64092e-05 0.00016443 -0.0177809 0.0798847 0.00017242 -0.000808618 -3.64092e-05 0.00017242 0.0091659 -0.0176736 0.00016443 -0.000808618 -0.0176736 0.0791865 
0.00892345 -0.01676 -2.4063e-05 0.000165638 -0.01676 0.0810307 0.000175394 -0.00102577 -2.4063e-05 0.000175394 0.00885916 -0.0165346 0.000165638 -0.00102577 -0.0165346 0.079703 
0.00873109 -0.0160999 4.4586e-06 0.000114759 -0.0160999 0.0792341 0.000119374 -0.000837016 4.4586e-06 0.000119374 0.00864789 -0.0158782 0.000114759 -0.000837016 -0.0158782 0.0779423 
0.00846683 -0.0155618 1.75621e-05 6.23517e-05 -0.0155618 0.0767487 6.32598e-05 -0.000574342 1.75621e-05 6.32598e-05 0.00840411 -0.0153531 6.23517e-05 -0.000574342 -0.0153531 0.0756666 
0.00822685 -0.0151133 1.73426e-05 3.69901e-05 -0.0151133 0.0746013 3.8806e-05 -0.00039811 1.73426e-05 3.8806e-05 0.00818657 -0.0149394 3.69901e-05 -0.00039811 -0.0149394 0.0737079 
0.0112504 -0.0206759 1.05447e-05 5.19241e-05 -0.0206759 0.102105 5.60579e-05 -0.000462767 1.05447e-05 5.60579e-05 0.0112399 -0.0204738 5.19241e-05 -0.000462767 -0.0204738 0.101045 
0.0111083 -0.020387 1.12737e-05 7.4241e-05 -0.020387 0.100706 7.79608e-05 -0.000475415 1.12737e-05 7.79608e-05 0.0111006 -0.0202383 7.4241e-05 -0.000475415 -0.0202383 0.0997993 
0.0110617 -0.0202466 1.40763e-05 8.23991e-05 -0.0202466 0.0999489 8.51715e-05 -0.000512359 1.40763e-05 8.51715e-05 0.0109968 -0.0201015 8.23991e-05 -0.000512359 -0.0201015 0.0991064 
0.0110412 -0.0202265 9.92807e-06 8.28675e-05 -0.0202265 0.099678 8.3266e-05 -0.000530919 9.92807e-06 8.3266e-05 0.0109443 -0.0200026 8.28675e-05 -0.000530919 -0.0200026 0.0987139 
0.0110119 -0.0202326 -2.78506e-06 8.6365e-05 -0.0202326 0.0996511 8.53386e-05 -0.000540388 -2.78506e-06 8.53386e-05 0.0109344 -0.0199569 8.6365e-05 -0.000540388 -0.0199569 0.09852 
0.0109996 -0.0202126 -3.91277e-06 9.35715e-05 -0.0202126 0.0996398 9.83575e-05 -0.000552441 -3.91277e-06 9.83575e-05 0.0109293 -0.0199544 9.35715e-05 -0.000552441 -0.0199544 0.0984604 
0.0110306 -0.0202432 -1.5416e-05 9.17569e-05 -0.0202432 0.0998314 0.000100708 -0.000557153 -1.5416e-05 0.000100708 0.0109227 -0.019998 9.17569e-05 -0.000557153 -0.019998 0.0986685 
0.0110036 -0.020234 -2.36456e-05 0.000105337 -0.020234 0.0997416 0.000112183 -0.000570458 -2.36456e-05 0.000112183 0.0109064 -0.0199391 0.000105337 -0.000570458 -0.0199391 0.0985044 
0.0109442 -0.0201516 -3.15119e-05 0.000118586 -0.0201516 0.0994058 0.000120673 -0.000594652 -3.15119e-05 0.000120673 0.0108909 -0.0198653 0.000118586 -0.000594652 -0.0198653 0.0981331 
0.0108785 -0.0200611 -3.84174e-05 0.000127445 -0.0200611 0.0990618 0.000124742 -0.000609618 -3.84174e-05 0.000124742 0.010899 -0.0198401 0.000127445 -0.000609618 -0.0198401 0.0978955 
0.010868 -0.0200061 -2.32533e-05 0.000134895 -0.0200061 0.0989152 0.000130506 -0.00062275 -2.32533e-05 0.000130506 0.0109113 -0.0198895 0.000134895 -0.00062275 -0.0198895 0.0979852 
0.0108479 -0.0199669 1.41835e-06 0.00011303 -0.0199669 0.0987017 0.000109572 -0.000590945 1.41835e-06 0.000109572 0.0109021 -0.0198852 0.00011303 -0.000590945 -0.0198852 0.0979475 
0.0108495 -0.0199575 2.41615e-05 8.11372e-05 -0.0199575 0.09865 7.65506e-05 -0.000518284 2.41615e-05 7.65506e-05 0.010884 -0.0198905 8.11372e-05 -0.000518284 -0.0198905 0.0979784 
0.010843 -0.019942 2.20568e-05 5.51199e-05 -0.019942 0.0985527 4.72177e-05 -0.000442143 2.20568e-05 4.72177e-05 0.0108638 -0.01986 5.51199e-05 -0.000442143 -0.01986 0.0979012 
0.0108838 -0.019956 3.89838e-06 5.86869e-05 -0.019956 0.0986107 4.93006e-05 -0.00041716 3.89838e-06 4.93006e-05 0.0108351 -0.0198624 5.86869e-05 -0.00041716 -0.0198624 0.0979535 
0.0109095 -0.0200107 -1.59959e-05 8.37894e-05 -0.0200107 0.0987413 7.47233e-05 -0.000456338 -1.59959e-05 7.47233e-05 0.010828 -0.0198371 8.37894e-05 -0.000456338 -0.0198371 0.097968 
0.0108905 -0.0200378 -2.68027e-05 0.000110272 -0.0200378 0.0988283 0.000101685 -0.000523553 -2.68027e-05 0.000101685 0.0108409 -0.0198189 0.000110272 -0.000523553 -0.0198189 0.0979216 
0.0108307 -0.0199576 -1.44075e-05 0.000122422 -0.0199576 0.098547 0.000116685 -0.000572499 -1.44075e-05 0.000116685 0.0108368 -0.0197795 0.000122422 -0.000572499 -0.0197795 0.0976586 
0.0108106 -0.0199065 5.61186e-06 0.000103958 -0.0199065 0.0984122 0.000103598 -0.000564831 5.61186e-06 0.000103598 0.0108382 -0.0198029 0.000103958 -0.000564831 -0.0198029 0.0976739 
0.0107983 -0.0198365 1.72256e-05 7.53763e-05 -0.0198365 0.0980972 7.77661e-05 -0.000509699 1.72256e-05 7.77661e-05 0.0107973 -0.0197677 7.53763e-05 -0.000509699 -0.0197677 0.0974959 
0.010792 -0.0198085 2.10149e-05 5.83733e-05 -0.0198085 0.0978677 5.99026e-05 -0.000452496 2.10149e-05 5.99026e-05 0.0107626 -0.0197021 5.83733e-05 -0.000452496 -0.0197021 0.0972579 
0.0107951 -0.0198261 2.26062e-05 5.28103e-05 -0.0198261 0.097869 5.22075e-05 -0.000416613 2.26062e-05 5.22075e-05 0.0107579 -0.0196727 5.28103e-05 -0.000416613 -0.0196727 0.0971515 
0.010803 -0.0198507 2.46285e-05 4.94989e-05 -0.0198507 0.0979653 5.08029e-05 -0.000401061 2.46285e-05 5.08029e-05 0.0107592 -0.0196782 4.94989e-05 -0.000401061 -0.0196782 0.0971549 
0.0108491 -0.0199277 1.30288e-05 4.72536e-05 -0.0199277 0.0983502 5.01077e-05 -0.000394915 1.30288e-05 5.01077e-05 0.0107864 -0.0197479 4.72536e-05 -0.000394915 -0.0197479 0.0974933 
0.0108512 -0.0199552 1.67281e-06 6.24702e-05 -0.0199552 0.0984674 6.51296e-05 -0.000415672 1.67281e-06 6.51296e-05 0.0108001 -0.0197537 6.24702e-05 -0.000415672 -0.0197537 0.0975643 
0.0108616 -0.019982 -7.86788e-06 7.78428e-05 -0.019982 0.0986537 8.12651e-05 -0.000455185 -7.86788e-06 8.12651e-05 0.0108316 -0.0198022 7.78428e-05 -0.000455185 -0.0198022 0.0977704 
0.0108214 -0.0199239 -1.82296e-05 8.9588e-05 -0.0199239 0.0984095 9.42169e-05 -0.00049139 -1.82296e-05 9.42169e-05 0.010833 -0.0197729 8.9588e-05 -0.00049139 -0.0197729 0.0975934 
0.0108158 -0.0198865 -1.41932e-05 0.00010293 -0.0198865 0.0982834 0.000107603 -0.000527186 -1.41932e-05 0.000107603 0.010821 -0.019787 0.00010293 -0.000527186 -0.019787 0.0975774 
0.0107721 -0.0197985 -2.07354e-06 9.90379e-05 -0.0197985 0.0978127 0.000104248 -0.00053772 -2.07354e-06 0.000104248 0.0107669 -0.0196906 9.90379e-05 -0.00053772 -0.0196906 0.0971448 
0.0107509 -0.0197552 -1.32606e-05 8.1621e-05 -0.0197552 0.0975673 8.82073e-05 -0.000511412 -1.32606e-05 8.82073e-05 0.0107288 -0.0196335 8.1621e-05 -0.000511412 -0.0196335 0.0968807 
0.0107315 -0.0197698 -7.11044e-06 8.91918e-05 -0.0197698 0.0976096 9.96097e-05 -0.000506833 -7.11044e-06 9.96097e-05 0.0107417 -0.0196214 8.91918e-05 -0.000506833 -0.0196214 0.0968603 
0.0107134 -0.0197048 -1.99595e-05 7.93206e-05 -0.0197048 0.0973844 9.03244e-05 -0.000490276 -1.99595e-05 9.03244e-05 0.0107069 -0.0195929 7.93206e-05 -0.000490276 -0.0195929 0.0966573 
0.0107015 -0.0196551 -2.33937e-05 9.18589e-05 -0.0196551 0.0971146 9.99953e-05 -0.000490151 -2.33937e-05 9.99953e-05 0.0106613 -0.0195297 9.18589e-05 -0.000490151 -0.0195297 0.0963965 
0.0106928 -0.0196581 -2.80198e-05 9.95345e-05 -0.0196581 0.0970552 0.000103199 -0.000502889 -2.80198e-05 0.000103199 0.0106497 -0.019492 9.95345e-05 -0.000502889 -0.019492 0.0962723 
0.0106931 -0.0196523 -2.48879e-05 0.000106228 -0.0196523 0.0970258 0.000105428 -0.000511761 -2.48879e-05 0.000105428 0.0106362 -0.0194727 0.000106228 -0.000511761 -0.0194727 0.0961753 
0.0106929 -0.0196773 -1.54623e-05 0.00010623 -0.0196773 0.0971226 0.000101451 -0.000514638 -1.54623e-05 0.000101451 0.0106421 -0.019477 0.00010623 -0.000514638 -0.019477 0.0962124 
0.0106613 -0.0196605 -1.45607e-05 9.34905e-05 -0.0196605 0.097083 8.75808e-05 -0.000491771 -1.45607e-05 8.75808e-05 0.0106451 -0.0194672 9.34905e-05 -0.000491771 -0.0194672 0.096157 
0.0106442 -0.0196268 -1.65325e-05 9.30433e-05 -0.0196268 0.0970409 8.32571e-05 -0.000474753 -1.65325e-05 8.32571e-05 0.010651 -0.0194872 9.30433e-05 -0.000474753 -0.0194872 0.0962099 
0.0106027 -0.0195526 -9.16019e-06 9.62028e-05 -0.0195526 0.096738 8.28608e-05 -0.000469662 -9.16019e-06 8.28608e-05 0.0106353 -0.019453 9.62028e-05 -0.000469662 -0.019453 0.0960373 
0.0105851 -0.0195598 3.89936e-06 8.56042e-05 -0.0195598 0.0968227 7.51987e-05 -0.000455581 3.89936e-06 7.51987e-05 0.0106737 -0.0195 8.56042e-05 -0.000455581 -0.0195 0.0962471 
0.010589 -0.0195237 7.98354e-06 6.58588e-05 -0.0195237 0.0967679 6.09407e-05 -0.000418959 7.98354e-06 6.09407e-05 0.0106732 -0.0195363 6.58588e-05 -0.000418959 -0.0195363 0.0963635 
0.0105735 -0.0194541 1.09702e-05 5.86337e-05 -0.0194541 0.0963966 5.39586e-05 -0.000387212 1.09702e-05 5.39586e-05 0.0106275 -0.0194717 5.86337e-05 -0.000387212 -0.0194717 0.0960938 
0.0105901 -0.0194842 1.77636e-05 5.58778e-05 -0.0194842 0.0964574 4.96646e-05 -0.000371828 1.77636e-05 4.96646e-05 0.0106318 -0.0194722 5.58778e-05 -0.000371828 -0.0194722 0.0961501 
0.0106161 -0.0195288 4.73499e-06 4.98645e-05 -0.0195288 0.0966361 4.4305e-05 -0.000361447 4.73499e-06 4.4305e-05 0.0106354 -0.0194992 4.98645e-05 -0.000361447 -0.0194992 0.096292 
0.0106352 -0.0195681 6.79947e-06 6.33055e-05 -0.0195681 0.0967988 6.19948e-05 -0.000380483 6.79947e-06 6.19948e-05 0.0106358 -0.0195103 6.33055e-05 -0.000380483 -0.0195103 0.0963998 
0.0106133 -0.0195417 5.81542e-06 6.1601e-05 -0.0195417 0.0966594 6.41235e-05 -0.000395119 5.81542e-06 6.41235e-05 0.0106194 -0.0194574 6.1601e-05 -0.000395119 -0.0194574 0.0961912 
0.0105932 -0.0195099 1.08459e-05 6.24483e-05 -0.0195099 0.0965245 6.38388e-05 -0.000398169 1.08459e-05 6.38388e-05 0.010614 -0.0194276 6.24483e-05 -0.000398169 -0.0194276 0.0960247 
0.0105954 -0.0195069 7.47254e-06 5.78795e-05 -0.0195069 0.0965251 5.7506e-05 -0.000391752 7.47254e-06 5.7506e-05 0.0106189 -0.0194393 5.78795e-05 -0.000391752 -0.0194393 0.0960371 
0.0105759 -0.0194948 -6.7755e-06 6.13731e-05 -0.0194948 0.0964604 6.10293e-05 -0.00039244 -6.7755e-06 6.10293e-05 0.0106271 -0.0194351 6.13731e-05 -0.00039244 -0.0194351 0.0959964 
0.0105542 -0.0194645 -1.51418e-05 7.85712e-05 -0.0194645 0.0963599 8.0779e-05 -0.0004235 -1.51418e-05 8.0779e-05 0.0106317 -0.0194375 7.85712e-05 -0.0004235 -0.0194375 0.0959541 
0.0105894 -0.0194719 -5.50191e-06 9.16074e-05 -0.0194719 0.0964438 8.99724e-05 -0.000458339 -5.50191e-06 8.99724e-05 0.010614 -0.0194813 9.16074e-05 -0.000458339 -0.0194813 0.0961269 
0.0106108 -0.0194493 2.65662e-07 8.19036e-05 -0.0194493 0.0962296 7.46265e-05 -0.000451484 2.65662e-07 7.46265e-05 0.0105362 -0.0193982 8.19036e-05 -0.000451484 -0.0193982 0.0958617 
0.0105953 -0.0194374 7.95553e-06 7.23703e-05 -0.0194374 0.0959901 6.16561e-05 -0.000421284 7.95553e-06 6.16561e-05 0.0104761 -0.0192638 7.23703e-05 -0.000421284 -0.0192638 0.0953935 
0.0105834 -0.0194479 1.07842e-05 6.16155e-05 -0.0194479 0.0959936 5.16823e-05 -0.000390435 1.07842e-05 5.16823e-05 0.0104751 -0.0192155 6.16155e-05 -0.000390435 -0.0192155 0.0951945 
0.0105668 -0.0194714 3.17941e-07 5.82497e-05 -0.0194714 0.0961455 4.9978e-05 -0.000375366 3.17941e-07 4.9978e-05 0.010513 -0.0192508 5.82497e-05 -0.000375366 -0.0192508 0.0952926 
0.0105208 -0.019423 -6.64519e-06 6.87163e-05 -0.019423 0.0960416 6.15062e-05 -0.000385515 -6.64519e-06 6.15062e-05 0.0105499 -0.0192779 6.87163e-05 -0.000385515 -0.0192779 0.0953129 
0.0104922 -0.0193773 -7.13787e-06 7.75594e-05 -0.0193773 0.0959664 7.33139e-05 -0.000410176 -7.13787e-06 7.33139e-05 0.0105872 -0.0193448 7.75594e-05 -0.000410176 -0.0193448 0.0954909 
0.0105244 -0.0193807 -8.56577e-06 7.70246e-05 -0.0193807 0.0960795 7.7055e-05 -0.000425242 -8.56577e-06 7.7055e-05 0.0106042 -0.0194406 7.70246e-05 -0.000425242 -0.0194406 0.0958753 
0.0105175 -0.0193706 -1.25233e-05 7.64799e-05 -0.0193706 0.0959598 7.80439e-05 -0.00042817 -1.25233e-05 7.80439e-05 0.0105922 -0.0194159 7.64799e-05 -0.00042817 -0.0194159 0.0958503 
0.0105053 -0.0193456 -4.41682e-06 8.2697e-05 -0.0193456 0.0958195 8.16851e-05 -0.000435356 -4.41682e-06 8.16851e-05 0.0105781 -0.0193797 8.2697e-05 -0.000435356 -0.0193797 0.0957048 
0.0104928 -0.0193229 -1.47218e-06 7.94803e-05 -0.0193229 0.0956991 7.14562e-05 -0.000433155 -1.47218e-06 7.14562e-05 0.0105629 -0.0193587 7.94803e-05 -0.000433155 -0.0193587 0.095588 
0.0105101 -0.0193704 -9.32243e-06 8.13315e-05 -0.0193704 0.0959322 6.66969e-05 -0.000432251 -9.32243e-06 6.66969e-05 0.0105827 -0.0194061 8.13315e-05 -0.000432251 -0.0194061 0.0958314 
0.0105082 -0.0193514 -1.03957e-05 9.05348e-05 -0.0193514 0.095881 7.46435e-05 -0.000444335 -1.03957e-05 7.46435e-05 0.0105704 -0.0193966 9.05348e-05 -0.000444335 -0.0193966 0.09581 
0.0105299 -0.0193644 7.07789e-06 8.84409e-05 -0.0193644 0.0959396 7.84453e-05 -0.000452988 7.07789e-06 7.84453e-05 0.0105718 -0.0194048 8.84409e-05 -0.000452988 -0.0194048 0.0958879 
0.0105523 -0.0193808 1.89962e-05 6.49327e-05 -0.0193808 0.0959573 6.01674e-05 -0.00042392 1.89962e-05 6.01674e-05 0.0105554 -0.0193938 6.49327e-05 -0.00042392 -0.0193938 0.0958682 
0.01057 -0.0194055 2.16328e-05 4.50504e-05 -0.0194055 0.0959937 4.17466e-05 -0.000371262 2.16328e-05 4.17466e-05 0.0105396 -0.0193674 4.50504e-05 -0.000371262 -0.0193674 0.095803 
0.01058 -0.0194661 2.34778e-05 4.14286e-05 -0.0194661 0.0962239 3.84091e-05 -0.000343873 2.34778e-05 3.84091e-05 0.0105491 -0.0193776 4.14286e-05 -0.000343873 -0.0193776 0.0958978 
0.010584 -0.0194829 2.51421e-05 4.05315e-05 -0.0194829 0.0963637 3.80324e-05 -0.000336286 2.51421e-05 3.80324e-05 0.010566 -0.0193889 4.05315e-05 -0.000336286 -0.0193889 0.0959653 
0.0105925 -0.0194767 3.31124e-05 3.93008e-05 -0.0194767 0.0963836 3.67593e-05 -0.000333658 3.31124e-05 3.67593e-05 0.0105646 -0.0194043 3.93008e-05 -0.000333658 -0.0194043 0.0960042 
0.0105706 -0.0194208 2.80943e-05 2.81417e-05 -0.0194208 0.0960816 2.65085e-05 -0.000314272 2.80943e-05 2.65085e-05 0.0105316 -0.0193376 2.81417e-05 -0.000314272 -0.0193376 0.0957039 
0.0105299 -0.0193706 1.03545e-05 3.29668e-05 -0.0193706 0.0957865 3.20644e-05 -0.000311261 1.03545e-05 3.20644e-05 0.0105192 -0.0192725 3.29668e-05 -0.000311261 -0.0192725 0.0953806 
0.0104771 -0.0192941 -1.456e-05 5.83141e-05 -0.0192941 0.0954373 5.60007e-05 -0.000353404 -1.456e-05 5.60007e-05 0.0105101 -0.019227 5.83141e-05 -0.000353404 -0.019227 0.0950606 
0.0104501 -0.0192489 -1.36892e-05 9.2822e-05 -0.0192489 0.0952676 8.85348e-05 -0.000431173 -1.36892e-05 8.85348e-05 0.0105168 -0.0192416 9.2822e-05 -0.000431173 -0.0192416 0.0950117 
0.0104394 -0.0192322 -2.9506e-06 9.59221e-05 -0.0192322 0.0952207 9.07042e-05 -0.000476067 -2.9506e-06 9.07042e-05 0.0105173 -0.0192742 9.59221e-05 -0.000476067 -0.0192742 0.0951065 
0.0104402 -0.0192195 1.24503e-05 8.04962e-05 -0.0192195 0.0951893 7.51717e-05 -0.000462577 1.24503e-05 7.51717e-05 0.0105044 -0.0192851 8.04962e-05 -0.000462577 -0.0192851 0.0951835 
0.0104537 -0.0192172 1.39664e-05 5.84545e-05 -0.0192172 0.095168 5.21141e-05 -0.0004129 1.39664e-05 5.21141e-05 0.0104764 -0.0192716 5.84545e-05 -0.0004129 -0.0192716 0.0951951 
0.0104844 -0.0192405 4.42699e-06 5.20089e-05 -0.0192405 0.0952249 4.65829e-05 -0.000376631 4.42699e-06 4.65829e-05 0.0104411 -0.0192453 5.20089e-05 -0.000376631 -0.0192453 0.095186 
0.0105253 -0.0193237 -9.71792e-06 6.51752e-05 -0.0193237 0.0955379 5.95872e-05 -0.000386097 -9.71792e-06 5.95872e-05 0.0104531 -0.0192455 6.51752e-05 -0.000386097 -0.0192455 0.0953365 
0.0105316 -0.0193519 -2.31432e-05 8.41473e-05 -0.0193519 0.0956429 8.01247e-05 -0.000426628 -2.31432e-05 8.01247e-05 0.0104664 -0.0192274 8.41473e-05 -0.000426628 -0.0192274 0.0952839 
0.0105168 -0.0193263 -3.0559e-05 0.000102826 -0.0193263 0.09553 0.000101737 -0.000479987 -3.0559e-05 0.000101737 0.010466 -0.0192068 0.000102826 -0.000479987 -0.0192068 0.0951158 
0.0105192 -0.0193294 -2.27132e-05 0.000113779 -0.0193294 0.0955548 0.000113689 -0.000523176 -2.27132e-05 0.000113689 0.0104824 -0.019235 0.000113779 -0.000523176 -0.019235 0.0951756 
0.010527 -0.0193508 -9.09976e-06 0.000108964 -0.0193508 0.0956552 0.000103609 -0.000531047 -9.09976e-06 0.000103609 0.010507 -0.0192742 0.000108964 -0.000531047 -0.0192742 0.0953269 
0.0105519 -0.0193876 -1.11721e-06 9.3311e-05 -0.0193876 0.0958499 8.65088e-05 -0.000507053 -1.11721e-06 8.65088e-05 0.0105293 -0.0193325 9.3311e-05 -0.000507053 -0.0193325 0.095574 
0.0105687 -0.0194312 4.29085e-06 8.11985e-05 -0.0194312 0.096053 7.78672e-05 -0.000479367 4.29085e-06 7.78672e-05 0.0105564 -0.0193765 8.11985e-05 -0.000479367 -0.0193765 0.0958061 
0.0105713 -0.0194344 6.30128e-06 7.16294e-05 -0.0194344 0.0960927 7.44619e-05 -0.000460232 6.30128e-06 7.44619e-05 0.010568 -0.019391 7.16294e-05 -0.000460232 -0.019391 0.0958702 
0.0105901 -0.0194882 8.6457e-06 6.66827e-05 -0.0194882 0.0963633 7.48169e-05 -0.000451193 8.6457e-06 7.48169e-05 0.010604 -0.0194521 6.66827e-05 -0.000451193 -0.0194521 0.0961576 
0.0105994 -0.019507 1.37192e-05 6.58641e-05 -0.019507 0.0965014 7.15723e-05 -0.000446637 1.37192e-05 7.15723e-05 0.010616 -0.0194876 6.58641e-05 -0.000446637 -0.0194876 0.0963207 
0.0106087 -0.0195079 2.6412e-05 6.475e-05 -0.0195079 0.096537 6.08371e-05 -0.00043607 2.6412e-05 6.08371e-05 0.0106137 -0.0194944 6.475e-05 -0.00043607 -0.0194944 0.0963803 
0.0105732 -0.0194379 1.09322e-05 5.38682e-05 -0.0194379 0.0961793 4.05622e-05 -0.000408039 1.09322e-05 4.05622e-05 0.0105751 -0.0194138 5.38682e-05 -0.000408039 -0.0194138 0.0960197 
0.0105447 -0.0193683 -4.68086e-06 6.72974e-05 -0.0193683 0.0958275 5.46256e-05 -0.000408405 -4.68086e-06 5.46256e-05 0.010525 -0.019344 6.72974e-05 -0.000408405 -0.019344 0.0956696 
0.0104958 -0.0193136 -1.00145e-05 8.17193e-05 -0.0193136 0.0955158 7.49823e-05 -0.000436955 -1.00145e-05 7.49823e-05 0.0105063 -0.0192644 8.17193e-05 -0.000436955 -0.0192644 0.0953239 
0.010469 -0.0192852 -1.52798e-05 8.6849e-05 -0.0192852 0.095436 8.70051e-05 -0.000465559 -1.52798e-05 8.70051e-05 0.0105204 -0.0192739 8.6849e-05 -0.000465559 -0.0192739 0.0952855 
0.0104637 -0.0192587 -1.19717e-05 9.20246e-05 -0.0192587 0.0953822 9.52922e-05 -0.000485933 -1.19717e-05 9.52922e-05 0.0105327 -0.0193065 9.20246e-05 -0.000485933 -0.0193065 0.0953628 
0.0104853 -0.0192686 6.96886e-08 8.98369e-05 -0.0192686 0.0954318 9.07838e-05 -0.000489963 6.96886e-08 9.07838e-05 0.0105405 -0.019345 8.98369e-05 -0.000489963 -0.019345 0.095528 
0.0105358 -0.0193437 4.72774e-06 7.67725e-05 -0.0193437 0.0957431 7.47187e-05 -0.000467557 4.72774e-06 7.47187e-05 0.0105527 -0.0194084 7.67725e-05 -0.000467557 -0.0194084 0.0958723 
0.0105643 -0.0193824 1.93626e-05 6.92893e-05 -0.0193824 0.0958639 6.80619e-05 -0.000443295 1.93626e-05 6.80619e-05 0.0105401 -0.0193953 6.92893e-05 -0.000443295 -0.0193953 0.0959144 
0.0105575 -0.0193954 1.28122e-05 5.21511e-05 -0.0193954 0.0958651 5.03579e-05 -0.000408747 1.28122e-05 5.03579e-05 0.0105286 -0.0193546 5.21511e-05 -0.000408747 -0.0193546 0.0957869 
0.0105142 -0.0193311 7.15078e-06 5.90214e-05 -0.0193311 0.095572 5.63689e-05 -0.000399465 7.15078e-06 5.63689e-05 0.0104984 -0.0192822 5.90214e-05 -0.000399465 -0.0192822 0.0954271 
0.0105002 -0.0193099 1.35945e-05 6.76865e-05 -0.0193099 0.0955095 6.35931e-05 -0.000413306 1.35945e-05 6.35931e-05 0.0104987 -0.0192786 6.76865e-05 -0.000413306 -0.0192786 0.095375 
0.010478 -0.0192827 2.26821e-05 6.03881e-05 -0.0192827 0.0954055 5.62152e-05 -0.000409874 2.26821e-05 5.62152e-05 0.0105013 -0.0192729 6.03881e-05 -0.000409874 -0.0192729 0.0953218 
0.0104817 -0.0192864 1.79202e-05 4.8774e-05 -0.0192864 0.0954694 4.63447e-05 -0.000389047 1.79202e-05 4.63447e-05 0.0105093 -0.0193069 4.8774e-05 -0.000389047 -0.0193069 0.095455 
0.0105016 -0.01929 9.08709e-06 5.33469e-05 -0.01929 0.0955077 5.06408e-05 -0.000383971 9.08709e-06 5.06408e-05 0.0105032 -0.0193209 5.33469e-05 -0.000383971 -0.0193209 0.0955481 
0.0104984 -0.0192658 3.49864e-06 6.59797e-05 -0.0192658 0.0953283 6.05511e-05 -0.000402951 3.49864e-06 6.05511e-05 0.01047 -0.0192655 6.59797e-05 -0.000402951 -0.0192655 0.0953407 
0.0104829 -0.019272 6.91745e-06 7.30512e-05 -0.019272 0.0952903 6.47055e-05 -0.000418689 6.91745e-06 6.47055e-05 0.0104658 -0.0192305 7.30512e-05 -0.000418689 -0.0192305 0.0952135 
0.0104639 -0.0192473 1.51156e-05 6.6332e-05 -0.0192473 0.0952191 5.92099e-05 -0.00041218 1.51156e-05 5.92099e-05 0.0104715 -0.0192239 6.6332e-05 -0.00041218 -0.0192239 0.0951354 
0.0104506 -0.0192147 1.4886e-05 5.21912e-05 -0.0192147 0.0951061 5.08171e-05 -0.000388102 1.4886e-05 5.08171e-05 0.0104718 -0.0192306 5.21912e-05 -0.000388102 -0.0192306 0.0951057 
0.0104311 -0.0191746 1.09367e-05 4.76729e-05 -0.0191746 0.0949083 5.00021e-05 -0.000367469 1.09367e-05 5.00021e-05 0.0104488 -0.0192075 4.76729e-05 -0.000367469 -0.0192075 0.0949764 
0.0104149 -0.0191587 1.95486e-05 4.9817e-05 -0.0191587 0.0948175 5.18644e-05 -0.000359525 1.95486e-05 5.18644e-05 0.0104411 -0.0191835 4.9817e-05 -0.000359525 -0.0191835 0.0948939 
0.0104241 -0.0191839 2.39269e-05 4.1553e-05 -0.0191839 0.094969 4.05857e-05 -0.000342874 2.39269e-05 4.05857e-05 0.0104575 -0.0192182 4.1553e-05 -0.000342874 -0.0192182 0.0950552 
0.0103982 -0.0191409 1.89566e-06 3.52398e-05 -0.0191409 0.0947859 3.35739e-05 -0.000320782 1.89566e-06 3.35739e-05 0.0104415 -0.0191819 3.52398e-05 -0.000320782 -0.0191819 0.0948861 
0.0103859 -0.0190785 -1.95207e-06 6.14592e-05 -0.0190785 0.0945065 5.95426e-05 -0.000350468 -1.95207e-06 5.95426e-05 0.0104097 -0.0191351 6.14592e-05 -0.000350468 -0.0191351 0.0946415 
0.0104168 -0.0191218 -9.06945e-06 7.13372e-05 -0.0191218 0.0946427 6.62385e-05 -0.000387011 -9.06945e-06 6.62385e-05 0.010408 -0.0191548 7.13372e-05 -0.000387011 -0.0191548 0.0947583 
0.0104572 -0.0191926 -5.66293e-06 7.9271e-05 -0.0191926 0.0949271 7.41556e-05 -0.000410379 -5.66293e-06 7.41556e-05 0.0104131 -0.0191852 7.9271e-05 -0.000410379 -0.0191852 0.0949655 
0.0104269 -0.0191628 -1.21677e-06 7.52783e-05 -0.0191628 0.0947416 6.9949e-05 -0.000413396 -1.21677e-06 6.9949e-05 0.0103908 -0.0191135 7.52783e-05 -0.000413396 -0.0191135 0.0946825 
0.0104164 -0.0191744 7.48617e-06 7.15055e-05 -0.0191744 0.0948398 6.07574e-05 -0.000401224 7.48617e-06 6.07574e-05 0.0104172 -0.0191361 7.15055e-05 -0.000401224 -0.0191361 0.0947586 
0.0104074 -0.0191298 5.76253e-06 6.38597e-05 -0.0191298 0.0947104 4.78082e-05 -0.000380076 5.76253e-06 4.78082e-05 0.0104051 -0.0191443 6.38597e-05 -0.000380076 -0.0191443 0.0947247 
0.0103976 -0.0190924 7.62008e-06 6.6005e-05 -0.0190924 0.0945121 4.98853e-05 -0.000372789 7.62008e-06 4.98853e-05 0.010384 -0.0191144 6.6005e-05 -0.000372789 -0.0191144 0.0946037 
0.0103903 -0.0190774 3.11575e-06 6.15437e-05 -0.0190774 0.094394 5.17731e-05 -0.000372298 3.11575e-06 5.17731e-05 0.010364 -0.0190871 6.15437e-05 -0.000372298 -0.0190871 0.0944962 
0.0103532 -0.0190232 1.02685e-05 6.01415e-05 -0.0190232 0.0941017 6.02279e-05 -0.000374247 1.02685e-05 6.02279e-05 0.0103294 -0.019016 6.01415e-05 -0.000374247 -0.019016 0.0941768 
0.0103483 -0.0190054 2.14608e-05 4.61002e-05 -0.0190054 0.0940295 5.35427e-05 -0.000357712 2.14608e-05 5.35427e-05 0.0103101 -0.0189983 4.61002e-05 -0.000357712 -0.0189983 0.0940896 
0.0103523 -0.019027 2.2994e-05 2.97199e-05 -0.019027 0.0941198 3.96819e-05 -0.000321843 2.2994e-05 3.96819e-05 0.0103175 -0.0190006 2.97199e-05 -0.000321843 -0.0190006 0.0941459 
0.0103802 -0.0190856 1.59981e-05 2.65241e-05 -0.0190856 0.0944369 3.52253e-05 -0.000297572 1.59981e-05 3.52253e-05 0.010354 -0.0190639 2.65241e-05 -0.000297572 -0.0190639 0.0944535 
0.0103828 -0.0190948 2.54643e-06 3.73217e-05 -0.0190948 0.0945129 4.06857e-05 -0.000300896 2.54643e-06 4.06857e-05 0.0103704 -0.0190842 3.73217e-05 -0.000300896 -0.0190842 0.0945465 
0.0103819 -0.0190991 -1.82089e-05 5.81474e-05 -0.0190991 0.0945611 5.57966e-05 -0.000333355 -1.82089e-05 5.57966e-05 0.0103855 -0.0191058 5.81474e-05 -0.000333355 -0.0191058 0.0946314 
0.0103639 -0.0190823 -2.28906e-05 8.47634e-05 -0.0190823 0.094509 8.12621e-05 -0.000389045 -2.28906e-05 8.12621e-05 0.0104004 -0.0191098 8.47634e-05 -0.000389045 -0.0191098 0.0946275 
0.0103667 -0.0190599 -3.79487e-06 9.2334e-05 -0.0190599 0.0944544 9.12221e-05 -0.00043202 -3.79487e-06 9.12221e-05 0.0103945 -0.01913 9.2334e-05 -0.00043202 -0.01913 0.094662 
0.0103549 -0.0190776 2.80126e-05 6.53682e-05 -0.0190776 0.0945102 6.77064e-05 -0.000406477 2.80126e-05 6.77064e-05 0.0104132 -0.0191409 6.53682e-05 -0.000406477 -0.0191409 0.0947542 
0.0103391 -0.0190075 4.15887e-05 2.24163e-05 -0.0190075 0.0942406 2.35333e-05 -0.000315384 4.15887e-05 2.35333e-05 0.0103784 -0.0191046 2.24163e-05 -0.000315384 -0.0191046 0.0945371 
0.0103403 -0.019023 3.76684e-05 1.71371e-06 -0.019023 0.0942588 -3.32342e-09 -0.000232478 3.76684e-05 -3.32342e-09 0.0103767 -0.019096 1.71371e-06 -0.000232478 -0.019096 0.0945453 
0.0103222 -0.0189353 2.70097e-05 6.3703e-06 -0.0189353 0.0938288 4.66447e-06 -0.0002069 2.70097e-05 4.66447e-06 0.0102995 -0.0189994 6.3703e-06 -0.0002069 -0.0189994 0.0940783 
0.0102861 -0.0188718 9.63047e-06 2.13091e-05 -0.0188718 0.0933876 1.78344e-05 -0.000223623 9.63047e-06 1.78344e-05 0.0102362 -0.0188604 2.13091e-05 -0.000223623 -0.0188604 0.093503 
0.0102905 -0.0188754 3.85719e-06 4.43239e-05 -0.0188754 0.0933544 3.69106e-05 -0.000265463 3.85719e-06 3.69106e-05 0.0102133 -0.018832 4.43239e-05 -0.000265463 -0.018832 0.0933542 
0.0102809 -0.0188966 9.59642e-06 5.33126e-05 -0.0188966 0.093414 4.21817e-05 -0.000294347 9.59642e-06 4.21817e-05 0.0102262 -0.0188216 5.33126e-05 -0.000294347 -0.0188216 0.0933278 
0.0102943 -0.0189448 1.93081e-05 4.7604e-05 -0.0189448 0.09371 3.58186e-05 -0.000295982 1.93081e-05 3.58186e-05 0.0102646 -0.0188951 4.7604e-05 -0.000295982 -0.0188951 0.0936271 
0.0102871 -0.0189575 2.35857e-05 3.4659e-05 -0.0189575 0.093848 2.66563e-05 -0.000276994 2.35857e-05 2.66563e-05 0.0102992 -0.0189414 3.4659e-05 -0.000276994 -0.0189414 0.0938349 
0.0102889 -0.0189447 7.70596e-06 2.52177e-05 -0.0189447 0.0938778 2.3229e-05 -0.000256138 7.70596e-06 2.3229e-05 0.0103094 -0.0189786 2.52177e-05 -0.000256138 -0.0189786 0.0939726 
0.0102768 -0.0189242 -3.38099e-06 4.23186e-05 -0.0189242 0.0937945 4.60052e-05 -0.000279538 -3.38099e-06 4.60052e-05 0.0103054 -0.0189742 4.23186e-05 -0.000279538 -0.0189742 0.0939697 
0.0102714 -0.0189204 -5.82409e-06 5.47808e-05 -0.0189204 0.0937991 6.13395e-05 -0.000315899 -5.82409e-06 6.13395e-05 0.0103096 -0.0189815 5.47808e-05 -0.000315899 -0.0189815 0.0940199 
0.0102288 -0.0188483 -1.08554e-05 5.82473e-05 -0.0188483 0.0934753 6.61502e-05 -0.000337083 -1.08554e-05 6.61502e-05 0.0102879 -0.0189219 5.82473e-05 -0.000337083 -0.0189219 0.0937327 
0.0102125 -0.0187781 -1.18703e-05 6.42864e-05 -0.0187781 0.0931664 7.13109e-05 -0.000351176 -1.18703e-05 7.13109e-05 0.0102518 -0.0188816 6.42864e-05 -0.000351176 -0.0188816 0.0934907 
0.0102299 -0.0188136 -4.94672e-06 6.49428e-05 -0.0188136 0.0932683 6.97369e-05 -0.000354944 -4.94672e-06 6.97369e-05 0.0102592 -0.018893 6.49428e-05 -0.000354944 -0.018893 0.0935889 
0.0102403 -0.0188446 3.86035e-06 5.50229e-05 -0.0188446 0.0933902 5.7311e-05 -0.000333549 3.86035e-06 5.7311e-05 0.0102643 -0.0189032 5.50229e-05 -0.000333549 -0.0189032 0.0936568 
