0.00763951 0 5.20348e-05 0 0 0.0108579 0 0 5.20348e-05 0 0.0076838 0 0 0 0 0.0108579 
0.00935759 -0.0116165 4.4603e-05 -5.20621e-05 -0.0116165 0.0308763 -5.20621e-05 9.9722e-05 4.4603e-05 -5.20621e-05 0.00939594 -0.0116613 -5.20621e-05 9.9722e-05 -0.0116613 0.0309621 
0.00969583 -0.0180468 -2.67585e-06 3.18855e-05 -0.0180468 0.0665431 3.18855e-05 -0.000130634 -2.67585e-06 3.18855e-05 0.00964573 -0.0180226 3.18855e-05 -0.000130634 -0.0180226 0.0664409 
0.00919771 -0.0178315 -3.51827e-05 0.000177404 -0.0178315 0.079961 0.000176954 -0.00087157 -3.51827e-05 0.000176954 0.00912105 -0.0176122 0.000177404 -0.00087157 -0.0176122 0.0791053 
0.0089113 -0.0167923 -5.0641e-06 0.000194097 -0.0167923 0.0811346 0.00019277 -0.00116791 -5.0641e-06 0.00019277 0.00888956 -0.0165507 0.000194097 -0.00116791 -0.0165507 0.079938 
0.00870231 -0.0160921 2.21448e-05 0.000115991 -0.0160921 0.0792804 0.000112533 -0.000939514 2.21448e-05 0.000112533 0.00870455 -0.0159594 0.000115991 -0.000939514 -0.0159594 0.0783256 
0.00846783 -0.0155722 2.39172e-05 5.70447e-05 -0.0155722 0.0769575 5.42298e-05 -0.000628705 2.39172e-05 5.42298e-05 0.00849197 -0.0155064 5.70447e-05 -0.000628705 -0.0155064 0.0763444 
0.00823081 -0.0151227 1.58113e-05 4.47396e-05 -0.0151227 0.0747829 4.3481e-05 -0.000452737 1.58113e-05 4.3481e-05 0.00827521 -0.0150975 4.47396e-05 -0.000452737 -0.0150975 0.074402 
0.0112956 -0.0207253 1.4952e-05 7.63417e-05 -0.0207253 0.102514 7.50087e-05 -0.00056448 1.4952e-05 7.50087e-05 0.0113575 -0.0207237 7.63417e-05 -0.00056448 -0.0207237 0.102162 
0.0111384 -0.0204449 -2.64342e-06 8.79432e-05 -0.0204449 0.101064 8.80991e-05 -0.000570146 -2.64342e-06 8.80991e-05 0.011218 -0.0204366 8.79432e-05 -0.000570146 -0.0204366 0.100758 
0.0110359 -0.0202522 -2.91428e-05 0.000112856 -0.0202522 0.100082 0.000113385 -0.000621048 -2.91428e-05 0.000113385 0.0111172 -0.0202572 0.000112856 -0.000621048 -0.0202572 0.0997893 
0.0109575 -0.0201009 -2.15098e-05 0.000143143 -0.0201009 0.0993005 0.000146218 -0.000694749 -2.15098e-05 0.000146218 0.0110287 -0.0201114 0.000143143 -0.000694749 -0.0201114 0.0990225 
0.0109271 -0.0200403 1.00257e-06 0.000132905 -0.0200403 0.0989557 0.00013836 -0.000714132 1.00257e-06 0.00013836 0.0109588 -0.0200397 0.000132905 -0.000714132 -0.0200397 0.0986642 
0.0108941 -0.0200061 6.20859e-06 0.000100438 -0.0200061 0.0987475 0.000108264 -0.000659957 6.20859e-06 0.000108264 0.01092 -0.0199628 0.000100438 -0.000659957 -0.0199628 0.0983901 
0.0108637 -0.0199371 8.88678e-06 8.85917e-05 -0.0199371 0.0984341 9.67721e-05 -0.000604922 8.88678e-06 9.67721e-05 0.010876 -0.0198809 8.85917e-05 -0.000604922 -0.0198809 0.0980186 
0.0108887 -0.0199422 2.16633e-05 8.47052e-05 -0.0199422 0.0984334 9.03609e-05 -0.000574299 2.16633e-05 9.03609e-05 0.0108459 -0.0198703 8.47052e-05 -0.000574299 -0.0198703 0.0979765 
0.0109407 -0.0200353 1.57634e-05 7.02347e-05 -0.0200353 0.0987762 7.46372e-05 -0.000540796 1.57634e-05 7.46372e-05 0.0108455 -0.0198915 7.02347e-05 -0.000540796 -0.0198915 0.0981866 
0.0109419 -0.0200957 2.23505e-05 7.58766e-05 -0.0200957 0.0990056 7.876e-05 -0.000528771 2.23505e-05 7.876e-05 0.0108585 -0.0198785 7.58766e-05 -0.000528771 -0.0198785 0.098225 
0.0108996 -0.0200846 1.6998e-05 6.81196e-05 -0.0200846 0.0990436 6.80218e-05 -0.000510033 1.6998e-05 6.80218e-05 0.0108951 -0.0198774 6.81196e-05 -0.000510033 -0.0198774 0.0981919 
0.0108495 -0.0200009 -7.46979e-06 7.31879e-05 -0.0200009 0.0988262 7.35902e-05 -0.000505354 -7.46979e-06 7.35902e-05 0.0109141 -0.0198975 7.31879e-05 -0.000505354 -0.0198975 0.098129 
0.0108128 -0.0199133 -6.63831e-06 0.000102673 -0.0199133 0.0985053 0.00010519 -0.000553657 -6.63831e-06 0.00010519 0.0109073 -0.019903 0.000102673 -0.000553657 -0.019903 0.0980474 
0.0108163 -0.0198555 -1.98726e-06 0.000105925 -0.0198555 0.0982387 0.000107512 -0.000587525 -1.98726e-06 0.000107512 0.0108617 -0.0198877 0.000105925 -0.000587525 -0.0198877 0.0979529 
0.0108433 -0.019938 1.83702e-06 9.89499e-05 -0.019938 0.0985178 0.00010104 -0.000586708 1.83702e-06 0.00010104 0.0108771 -0.019909 9.89499e-05 -0.000586708 -0.019909 0.0981946 
0.0108505 -0.0199333 -6.78595e-06 9.01569e-05 -0.0199333 0.0985186 9.43427e-05 -0.000566639 -6.78595e-06 9.43427e-05 0.0108557 -0.0198856 9.01569e-05 -0.000566639 -0.0198856 0.0981223 
0.0108543 -0.0199275 2.2215e-06 9.90266e-05 -0.0199275 0.0984575 0.000102043 -0.000566811 2.2215e-06 0.000102043 0.010839 -0.0198452 9.90266e-05 -0.000566811 -0.0198452 0.0979858 
0.0108364 -0.0198941 1.26052e-05 8.89672e-05 -0.0198941 0.0982498 9.17269e-05 -0.000553928 1.26052e-05 9.17269e-05 0.0108172 -0.0197863 8.89672e-05 -0.000553928 -0.0197863 0.0977067 
0.0108464 -0.0199052 1.94791e-05 7.72988e-05 -0.0199052 0.0982739 7.80199e-05 -0.000527183 1.94791e-05 7.80199e-05 0.0108169 -0.0197884 7.72988e-05 -0.000527183 -0.0197884 0.0976844 
0.0108874 -0.0199499 1.85473e-05 6.82695e-05 -0.0199499 0.0984561 6.7687e-05 -0.000498731 1.85473e-05 6.7687e-05 0.0108029 -0.0198195 6.82695e-05 -0.000498731 -0.0198195 0.0978295 
0.0109094 -0.0199863 2.02346e-05 6.87665e-05 -0.0199863 0.0985438 7.03492e-05 -0.000490288 2.02346e-05 7.03492e-05 0.0107756 -0.0197879 6.87665e-05 -0.000490288 -0.0197879 0.0977957 
0.0108951 -0.0200037 9.80929e-07 6.4979e-05 -0.0200037 0.0985744 6.84253e-05 -0.000484121 9.80929e-07 6.84253e-05 0.0107748 -0.019739 6.4979e-05 -0.000484121 -0.019739 0.0976564 
0.0108817 -0.0200064 -1.67372e-05 8.65515e-05 -0.0200064 0.0986566 9.10067e-05 -0.000512811 -1.67372e-05 9.10067e-05 0.0107975 -0.0197554 8.65515e-05 -0.000512811 -0.0197554 0.0976831 
0.0108551 -0.0199595 -2.29764e-06 0.00010856 -0.0199595 0.0985152 0.000111873 -0.000560349 -2.29764e-06 0.000111873 0.0108029 -0.0197558 0.00010856 -0.000560349 -0.0197558 0.0976126 
0.0107964 -0.0198692 1.06609e-06 9.50041e-05 -0.0198692 0.0981149 9.44039e-05 -0.00055817 1.06609e-06 9.44039e-05 0.0107922 -0.0197064 9.50041e-05 -0.00055817 -0.0197064 0.0973156 
0.0107807 -0.0198467 -2.25687e-06 8.87682e-05 -0.0198467 0.0980603 8.77874e-05 -0.000537345 -2.25687e-06 8.77874e-05 0.0108102 -0.0197365 8.87682e-05 -0.000537345 -0.0197365 0.0973723 
0.0107779 -0.0198222 -9.6829e-06 9.16705e-05 -0.0198222 0.0979796 9.38744e-05 -0.000537425 -9.6829e-06 9.38744e-05 0.0108064 -0.0197538 9.16705e-05 -0.000537425 -0.0197538 0.0974022 
0.0107997 -0.01987 4.6881e-08 9.76511e-05 -0.01987 0.0981939 0.000102636 -0.00054854 4.6881e-08 0.000102636 0.0108287 -0.0198006 9.76511e-05 -0.00054854 -0.0198006 0.0976562 
0.0108181 -0.0199095 3.08999e-06 8.30727e-05 -0.0199095 0.0983975 9.10889e-05 -0.000531628 3.08999e-06 9.10889e-05 0.0108446 -0.0198357 8.30727e-05 -0.000531628 -0.0198357 0.0978521 
0.0108277 -0.019941 -8.69246e-06 7.65974e-05 -0.019941 0.0985662 8.36256e-05 -0.000505141 -8.69246e-06 8.36256e-05 0.0108654 -0.0198569 7.65974e-05 -0.000505141 -0.0198569 0.0979893 
0.0108019 -0.0198776 -1.96169e-05 9.0488e-05 -0.0198776 0.0982965 9.48007e-05 -0.000509969 -1.96169e-05 9.48007e-05 0.0108401 -0.019807 9.0488e-05 -0.000509969 -0.019807 0.0977219 
0.0107581 -0.0198024 -9.65222e-06 0.000106009 -0.0198024 0.0979216 0.000108418 -0.000538608 -9.65222e-06 0.000108418 0.0108008 -0.0197422 0.000106009 -0.000538608 -0.0197422 0.09738 
0.0107387 -0.0197665 -6.74409e-06 9.54571e-05 -0.0197665 0.0977587 9.55224e-05 -0.000533839 -6.74409e-06 9.55224e-05 0.0107809 -0.0197181 9.54571e-05 -0.000533839 -0.0197181 0.0972578 
0.0107292 -0.0197348 -9.44601e-06 9.16656e-05 -0.0197348 0.0976098 9.00124e-05 -0.000518474 -9.44601e-06 9.00124e-05 0.0107622 -0.0196896 9.16656e-05 -0.000518474 -0.0196896 0.0971401 
0.0107314 -0.0197726 -6.60312e-06 9.60371e-05 -0.0197726 0.097764 9.69239e-05 -0.000524121 -6.60312e-06 9.69239e-05 0.0107944 -0.0197136 9.60371e-05 -0.000524121 -0.0197136 0.0972826 
0.0107376 -0.019775 4.89476e-06 9.02417e-05 -0.019775 0.0978363 9.56272e-05 -0.000524192 4.89476e-06 9.56272e-05 0.0108173 -0.0197506 9.02417e-05 -0.000524192 -0.0197506 0.0973975 
0.0107671 -0.0197953 2.96517e-05 7.14784e-05 -0.0197953 0.097941 8.29359e-05 -0.000496389 2.96517e-05 8.29359e-05 0.0108281 -0.0197918 7.14784e-05 -0.000496389 -0.0197918 0.097561 
0.0107832 -0.0198154 3.25623e-05 3.80621e-05 -0.0198154 0.0979626 5.23787e-05 -0.000431692 3.25623e-05 5.23787e-05 0.0108179 -0.0197863 3.80621e-05 -0.000431692 -0.0197863 0.0975638 
0.0107751 -0.0198425 3.43159e-05 3.17733e-05 -0.0198425 0.0980278 4.36051e-05 -0.000384534 3.43159e-05 4.36051e-05 0.0108304 -0.0197683 3.17733e-05 -0.000384534 -0.0197683 0.0975249 
0.0107887 -0.0198754 1.94555e-05 3.22438e-05 -0.0198754 0.098242 4.18829e-05 -0.000370225 1.94555e-05 4.18829e-05 0.0108509 -0.019816 3.22438e-05 -0.000370225 -0.019816 0.0976956 
0.0108198 -0.0199061 1.18166e-06 5.08927e-05 -0.0199061 0.0984343 5.98222e-05 -0.000394033 1.18166e-06 5.98222e-05 0.0108454 -0.0198585 5.08927e-05 -0.000394033 -0.0198585 0.0978975 
0.0108178 -0.019888 -2.4756e-06 7.49853e-05 -0.019888 0.0983097 8.07501e-05 -0.000442591 -2.4756e-06 8.07501e-05 0.0108197 -0.0197985 7.49853e-05 -0.000442591 -0.0197985 0.0977177 
0.0108282 -0.0199083 -6.86008e-06 8.52588e-05 -0.0199083 0.0983624 8.27243e-05 -0.000474917 -6.86008e-06 8.27243e-05 0.0108073 -0.0197847 8.52588e-05 -0.000474917 -0.0197847 0.0976788 
0.0108223 -0.0198745 -3.42544e-06 9.17382e-05 -0.0198745 0.0981755 8.71589e-05 -0.000492518 -3.42544e-06 8.71589e-05 0.0107701 -0.0197221 9.17382e-05 -0.000492518 -0.0197221 0.0974098 
0.0108535 -0.019908 7.45698e-07 8.6937e-05 -0.019908 0.0982773 8.59562e-05 -0.000495633 7.45698e-07 8.59562e-05 0.0107512 -0.0197158 8.6937e-05 -0.000495633 -0.0197158 0.0974138 
0.0108459 -0.0199595 5.66773e-06 7.61671e-05 -0.0199595 0.0984384 7.99983e-05 -0.000478733 5.66773e-06 7.99983e-05 0.010764 -0.0196966 7.61671e-05 -0.000478733 -0.0196966 0.0974109 
0.0108444 -0.0199551 1.10052e-05 6.73328e-05 -0.0199551 0.0985194 7.10541e-05 -0.00045241 1.10052e-05 7.10541e-05 0.0107669 -0.0197135 6.73328e-05 -0.00045241 -0.0197135 0.0974427 
0.0108259 -0.0199255 6.43788e-06 5.77593e-05 -0.0199255 0.0984213 6.12085e-05 -0.00042087 6.43788e-06 6.12085e-05 0.010768 -0.0196993 5.77593e-05 -0.00042087 -0.0196993 0.0973781 
0.0107691 -0.0198144 -9.70816e-06 5.97438e-05 -0.0198144 0.0979124 6.37013e-05 -0.00040544 -9.70816e-06 6.37013e-05 0.0107257 -0.0196169 5.97438e-05 -0.00040544 -0.0196169 0.096937 
0.0107343 -0.0197643 -8.04701e-06 8.05113e-05 -0.0197643 0.0976729 8.04026e-05 -0.00042665 -8.04701e-06 8.04026e-05 0.0107152 -0.0195883 8.05113e-05 -0.00042665 -0.0195883 0.0967655 
0.0107126 -0.0197376 1.48072e-05 8.19988e-05 -0.0197376 0.0975797 7.60939e-05 -0.00043726 1.48072e-05 7.60939e-05 0.0107271 -0.0195947 8.19988e-05 -0.00043726 -0.0195947 0.0967543 
0.0107322 -0.0197661 2.62741e-05 5.41656e-05 -0.0197661 0.0977709 4.97387e-05 -0.000397984 2.62741e-05 4.97387e-05 0.0107532 -0.0196681 5.41656e-05 -0.000397984 -0.0196681 0.0970549 
0.0107418 -0.0197678 2.49675e-05 3.53658e-05 -0.0197678 0.0977863 3.53373e-05 -0.000346264 2.49675e-05 3.53373e-05 0.0107558 -0.0196799 3.53658e-05 -0.000346264 -0.0196799 0.097139 
0.0107607 -0.0197952 1.81e-05 3.52503e-05 -0.0197952 0.0978904 3.95863e-05 -0.000330991 1.81e-05 3.95863e-05 0.0107432 -0.0196937 3.52503e-05 -0.000330991 -0.0196937 0.0972367 
0.0107327 -0.0197321 1.70106e-05 4.39839e-05 -0.0197321 0.0975517 4.72095e-05 -0.000339575 1.70106e-05 4.72095e-05 0.0106921 -0.0195926 4.39839e-05 -0.000339575 -0.0195926 0.0968333 
0.0107197 -0.0197282 8.28479e-06 5.13905e-05 -0.0197282 0.0974937 4.72721e-05 -0.000353992 8.28479e-06 4.72721e-05 0.0106844 -0.019557 5.13905e-05 -0.000353992 -0.019557 0.0966896 
0.0106598 -0.0196404 1.45834e-05 6.42604e-05 -0.0196404 0.097084 5.39655e-05 -0.000372305 1.45834e-05 5.39655e-05 0.0106679 -0.0194774 6.42604e-05 -0.000372305 -0.0194774 0.0962629 
0.0106263 -0.0196052 1.59523e-05 5.81728e-05 -0.0196052 0.0969733 4.79358e-05 -0.000373501 1.59523e-05 4.79358e-05 0.0106921 -0.0195032 5.81728e-05 -0.000373501 -0.0195032 0.0962564 
0.010626 -0.01958 7.06671e-06 5.5906e-05 -0.01958 0.0969372 4.8782e-05 -0.000371189 7.06671e-06 4.8782e-05 0.0106994 -0.019558 5.5906e-05 -0.000371189 -0.019558 0.0964123 
0.0106115 -0.0195403 8.93772e-07 6.67939e-05 -0.0195403 0.0967308 6.1022e-05 -0.000390203 8.93772e-07 6.1022e-05 0.0106797 -0.0195359 6.67939e-05 -0.000390203 -0.0195359 0.0963305 
0.0106206 -0.0195466 2.78664e-06 7.50816e-05 -0.0195466 0.0967356 6.95106e-05 -0.000415609 2.78664e-06 6.95106e-05 0.0106772 -0.0195383 7.50816e-05 -0.000415609 -0.0195383 0.0963744 
0.0106153 -0.0195279 7.73166e-06 7.34339e-05 -0.0195279 0.0966064 6.94228e-05 -0.000426698 7.73166e-06 6.94228e-05 0.0106511 -0.0195036 7.34339e-05 -0.000426698 -0.0195036 0.096232 
0.0106055 -0.0195484 1.01276e-06 6.75601e-05 -0.0195484 0.0966676 6.41298e-05 -0.000422478 1.01276e-06 6.41298e-05 0.0106612 -0.0194972 6.75601e-05 -0.000422478 -0.0194972 0.0962421 
0.0106248 -0.0195485 -6.93191e-06 7.45634e-05 -0.0195485 0.0967382 6.93353e-05 -0.000426566 -6.93191e-06 6.93353e-05 0.0106537 -0.0195226 7.45634e-05 -0.000426566 -0.0195226 0.0963275 
0.0106734 -0.0196129 -2.00165e-05 8.53917e-05 -0.0196129 0.0970105 7.96974e-05 -0.000448154 -2.00165e-05 7.96974e-05 0.0106459 -0.0195605 8.53917e-05 -0.000448154 -0.0195605 0.0965854 
0.0107 -0.0196737 -1.39294e-05 0.000100201 -0.0196737 0.0972418 9.61397e-05 -0.000482066 -1.39294e-05 9.61397e-05 0.0106483 -0.0195537 0.000100201 -0.000482066 -0.0195537 0.096702 
0.0107127 -0.01969 6.96674e-06 9.23329e-05 -0.01969 0.0973266 8.90293e-05 -0.000485744 6.96674e-06 8.90293e-05 0.0106454 -0.0195413 9.23329e-05 -0.000485744 -0.0195413 0.0966894 
0.0106948 -0.0196719 1.00787e-05 6.45554e-05 -0.0196719 0.0972248 6.04709e-05 -0.000435346 1.00787e-05 6.04709e-05 0.0106379 -0.0195056 6.45554e-05 -0.000435346 -0.0195056 0.096532 
0.0106536 -0.0196109 -2.71593e-06 5.79588e-05 -0.0196109 0.0969467 5.11693e-05 -0.000391024 -2.71593e-06 5.11693e-05 0.0106211 -0.019453 5.79588e-05 -0.000391024 -0.019453 0.0962423 
0.0105901 -0.0194956 -2.85101e-06 7.4991e-05 -0.0194956 0.0964189 6.75834e-05 -0.00040297 -2.85101e-06 6.75834e-05 0.0105807 -0.0193687 7.4991e-05 -0.00040297 -0.0193687 0.0957656 
0.0105653 -0.0194515 2.7029e-06 7.54568e-05 -0.0194515 0.096221 7.13817e-05 -0.000419838 2.7029e-06 7.13817e-05 0.0105689 -0.0193531 7.54568e-05 -0.000419838 -0.0193531 0.0956366 
0.0105587 -0.0194256 9.5352e-06 6.64326e-05 -0.0194256 0.0961099 6.58418e-05 -0.000412564 9.5352e-06 6.58418e-05 0.0105568 -0.0193503 6.64326e-05 -0.000412564 -0.0193503 0.0955986 
0.0105557 -0.0194155 8.21437e-06 5.47085e-05 -0.0194155 0.0960461 5.72869e-05 -0.000389153 8.21437e-06 5.72869e-05 0.0105527 -0.0193435 5.47085e-05 -0.000389153 -0.0193435 0.0955824 
0.0105655 -0.0194505 1.67072e-05 5.45942e-05 -0.0194505 0.0962023 5.90944e-05 -0.000379773 1.67072e-05 5.90944e-05 0.0105778 -0.0193785 5.45942e-05 -0.000379773 -0.0193785 0.0957586 
0.0105677 -0.0194699 2.23963e-05 4.84247e-05 -0.0194699 0.0963264 5.10148e-05 -0.000370401 2.23963e-05 5.10148e-05 0.0106107 -0.0194158 4.84247e-05 -0.000370401 -0.0194158 0.0959188 
0.0105825 -0.0194616 1.17136e-05 4.3633e-05 -0.0194616 0.0963325 4.27475e-05 -0.000356204 1.17136e-05 4.27475e-05 0.0106037 -0.0194464 4.3633e-05 -0.000356204 -0.0194464 0.0960071 
0.0105875 -0.0194775 -8.49331e-07 5.64703e-05 -0.0194775 0.0963517 5.36416e-05 -0.000367657 -8.49331e-07 5.36416e-05 0.0106003 -0.0194363 5.64703e-05 -0.000367657 -0.0194363 0.0960258 
0.0105941 -0.0194848 -9.2991e-06 7.43717e-05 -0.0194848 0.0963755 6.86532e-05 -0.00040395 -9.2991e-06 6.86532e-05 0.0105927 -0.0194273 7.43717e-05 -0.00040395 -0.0194273 0.096004 
0.0105784 -0.0194672 4.28218e-06 8.47395e-05 -0.0194672 0.0962703 7.85756e-05 -0.000435225 4.28218e-06 7.85756e-05 0.0105756 -0.019391 8.47395e-05 -0.000435225 -0.019391 0.0958477 
0.0105778 -0.0194389 1.05406e-05 6.78601e-05 -0.0194389 0.0961468 6.315e-05 -0.000422507 1.05406e-05 6.315e-05 0.0105409 -0.0193599 6.78601e-05 -0.000422507 -0.0193599 0.0956985 
0.0105726 -0.0194184 -8.38837e-07 5.72543e-05 -0.0194184 0.095993 5.49757e-05 -0.000394673 -8.38837e-07 5.49757e-05 0.0104986 -0.019303 5.72543e-05 -0.000394673 -0.019303 0.09549 
0.0105533 -0.0194407 -5.71384e-06 6.48648e-05 -0.0194407 0.0960544 6.46445e-05 -0.000389878 -5.71384e-06 6.46445e-05 0.0104981 -0.0192759 6.48648e-05 -0.000389878 -0.0192759 0.0954426 
0.010529 -0.0193876 -2.26444e-05 6.7976e-05 -0.0193876 0.0959011 7.04665e-05 -0.00039525 -2.26444e-05 7.04665e-05 0.0104816 -0.0192434 6.7976e-05 -0.00039525 -0.0192434 0.0952685 
0.0105326 -0.0193912 -2.65842e-05 8.95441e-05 -0.0193912 0.0959505 9.06005e-05 -0.000427647 -2.65842e-05 9.06005e-05 0.0104923 -0.019259 8.95441e-05 -0.000427647 -0.019259 0.0953432 
0.0105074 -0.0193384 -2.80924e-05 9.85623e-05 -0.0193384 0.0957027 9.3028e-05 -0.000452645 -2.80924e-05 9.3028e-05 0.0104765 -0.0192165 9.85623e-05 -0.000452645 -0.0192165 0.095125 
0.010451 -0.0192565 -2.15063e-05 0.00010172 -0.0192565 0.0952934 9.25527e-05 -0.000461574 -2.15063e-05 9.25527e-05 0.0104605 -0.0191481 0.00010172 -0.000461574 -0.0191481 0.0947506 
0.0104574 -0.0192424 -2.29748e-06 9.53975e-05 -0.0192424 0.0952742 8.5924e-05 -0.000455964 -2.29748e-06 8.5924e-05 0.0104585 -0.0191874 9.53975e-05 -0.000455964 -0.0191874 0.0948323 
0.0104532 -0.0192329 1.9038e-05 6.98976e-05 -0.0192329 0.0951949 6.33532e-05 -0.000414366 1.9038e-05 6.33532e-05 0.0104486 -0.0191782 6.98976e-05 -0.000414366 -0.0191782 0.0948188 
0.0104503 -0.0192299 3.03844e-05 3.90719e-05 -0.0192299 0.0951614 3.71631e-05 -0.000347397 3.03844e-05 3.71631e-05 0.0104428 -0.0191682 3.90719e-05 -0.000347397 -0.0191682 0.0947949 
0.010449 -0.0192363 7.35676e-06 2.36588e-05 -0.0192363 0.0951882 2.41836e-05 -0.000296234 7.35676e-06 2.41836e-05 0.0104508 -0.0191722 2.36588e-05 -0.000296234 -0.0191722 0.0948242 
0.0104703 -0.0192756 -9.51967e-06 5.23858e-05 -0.0192756 0.0953998 5.37404e-05 -0.000324262 -9.51967e-06 5.37404e-05 0.0104801 -0.0192247 5.23858e-05 -0.000324262 -0.0192247 0.095061 
0.010491 -0.0193072 -1.88241e-05 7.78235e-05 -0.0193072 0.095567 7.76085e-05 -0.00038883 -1.88241e-05 7.76085e-05 0.0105066 -0.0192711 7.78235e-05 -0.00038883 -0.0192711 0.0952727 
0.0105034 -0.0193395 -1.50229e-05 9.1256e-05 -0.0193395 0.0957236 9.18332e-05 -0.000440649 -1.50229e-05 9.18332e-05 0.0105313 -0.0193174 9.1256e-05 -0.000440649 -0.0193174 0.0954817 
0.0105164 -0.0193412 -3.20308e-06 8.65195e-05 -0.0193412 0.0957591 8.87165e-05 -0.000455117 -3.20308e-06 8.87165e-05 0.0105294 -0.0193387 8.65195e-05 -0.000455117 -0.0193387 0.0955753 
0.0105358 -0.0193617 5.14387e-06 7.47258e-05 -0.0193617 0.095829 7.30804e-05 -0.00043693 5.14387e-06 7.30804e-05 0.0105216 -0.019345 7.47258e-05 -0.00043693 -0.019345 0.0956549 
0.0105517 -0.019372 1.39936e-05 6.44113e-05 -0.019372 0.0958363 5.98955e-05 -0.000407013 1.39936e-05 5.98955e-05 0.0105019 -0.0193221 6.44113e-05 -0.000407013 -0.0193221 0.0956097 
0.0105743 -0.0194253 2.68741e-05 5.2637e-05 -0.0194253 0.096031 4.60887e-05 -0.000373682 2.68741e-05 4.60887e-05 0.0105076 -0.0193235 5.2637e-05 -0.000373682 -0.0193235 0.0956894 
0.0105768 -0.0194498 1.49124e-05 3.81902e-05 -0.0194498 0.0961404 2.80093e-05 -0.000334492 1.49124e-05 2.80093e-05 0.0105132 -0.0193177 3.81902e-05 -0.000334492 -0.0193177 0.0956877 
0.0105526 -0.0194357 1.2236e-05 5.19473e-05 -0.0194357 0.0961021 4.34368e-05 -0.00033961 1.2236e-05 4.34368e-05 0.0105225 -0.0193009 5.19473e-05 -0.00033961 -0.0193009 0.0955947 
0.0104968 -0.0193479 1.19875e-05 5.59616e-05 -0.0193479 0.0957437 5.1498e-05 -0.000360102 1.19875e-05 5.1498e-05 0.0105091 -0.0192492 5.59616e-05 -0.000360102 -0.0192492 0.0952686 
0.0104548 -0.0192832 2.17977e-05 5.35912e-05 -0.0192832 0.0955003 5.24361e-05 -0.000365718 2.17977e-05 5.24361e-05 0.0105211 -0.0192468 5.35912e-05 -0.000365718 -0.0192468 0.0951544 
0.0104375 -0.0192267 2.1271e-05 3.91724e-05 -0.0192267 0.0952926 4.0533e-05 -0.000346372 2.1271e-05 4.0533e-05 0.0105071 -0.0192642 3.91724e-05 -0.000346372 -0.0192642 0.0951288 
0.010419 -0.0191842 1.10284e-05 3.67379e-05 -0.0191842 0.0950698 3.87803e-05 -0.000327848 1.10284e-05 3.87803e-05 0.0104895 -0.0192395 3.67379e-05 -0.000327848 -0.0192395 0.0950324 
0.0104141 -0.0191742 -9.73975e-06 4.99817e-05 -0.0191742 0.0950054 4.98005e-05 -0.000339653 -9.73975e-06 4.98005e-05 0.0104803 -0.0192354 4.99817e-05 -0.000339653 -0.0192354 0.095027 
0.0103943 -0.0191402 -1.2553e-05 7.85027e-05 -0.0191402 0.0948336 7.47235e-05 -0.000389446 -1.2553e-05 7.47235e-05 0.0104577 -0.0192002 7.85027e-05 -0.000389446 -0.0192002 0.0948813 
0.0104168 -0.0191621 -9.26823e-06 8.69236e-05 -0.0191621 0.0949472 8.21385e-05 -0.000431809 -9.26823e-06 8.21385e-05 0.0104481 -0.0192207 8.69236e-05 -0.000431809 -0.0192207 0.0950079 
0.0104327 -0.0191855 -2.88444e-06 8.2392e-05 -0.0191855 0.0950188 7.70572e-05 -0.000437397 -2.88444e-06 7.70572e-05 0.0104329 -0.0192025 8.2392e-05 -0.000437397 -0.0192025 0.0950208 
0.0104399 -0.0191916 -5.06574e-07 7.11314e-05 -0.0191916 0.095015 6.62471e-05 -0.000414997 -5.06574e-07 6.62471e-05 0.0104185 -0.0191648 7.11314e-05 -0.000414997 -0.0191648 0.0949119 
0.0104445 -0.0191937 2.94872e-06 6.50539e-05 -0.0191937 0.0949924 6.05731e-05 -0.000390355 2.94872e-06 6.05731e-05 0.0104032 -0.0191364 6.50539e-05 -0.000390355 -0.0191364 0.0947918 
0.0104534 -0.0191948 6.56364e-06 5.80839e-05 -0.0191948 0.0949648 5.29906e-05 -0.000365309 6.56364e-06 5.29906e-05 0.0103892 -0.0191121 5.80839e-05 -0.000365309 -0.0191121 0.0946857 
0.0104799 -0.0192132 1.82828e-06 5.43557e-05 -0.0192132 0.095001 4.69315e-05 -0.000346223 1.82828e-06 4.69315e-05 0.0103727 -0.0191024 5.43557e-05 -0.000346223 -0.0191024 0.0946492 
0.0104712 -0.0192658 -1.2482e-05 6.32568e-05 -0.0192658 0.0951617 5.49518e-05 -0.000355517 -1.2482e-05 5.49518e-05 0.0103986 -0.0191013 6.32568e-05 -0.000355517 -0.0191013 0.0946961 
0.0104447 -0.0192389 -8.73738e-06 7.96638e-05 -0.0192389 0.0951328 7.54088e-05 -0.000391841 -8.73738e-06 7.54088e-05 0.0104166 -0.0191159 7.96638e-05 -0.000391841 -0.0191159 0.0946769 
0.0104304 -0.0192003 4.64825e-06 7.91707e-05 -0.0192003 0.095033 7.68986e-05 -0.000417103 4.64825e-06 7.68986e-05 0.010424 -0.0191361 7.91707e-05 -0.000417103 -0.0191361 0.0946959 
0.0104423 -0.0192126 1.78899e-05 6.56993e-05 -0.0192126 0.0951126 6.3218e-05 -0.000407622 1.78899e-05 6.3218e-05 0.0104353 -0.0191808 6.56993e-05 -0.000407622 -0.0191808 0.094887 
0.0104468 -0.0192114 2.41319e-05 4.90561e-05 -0.0192114 0.0950997 4.60485e-05 -0.000374353 2.41319e-05 4.60485e-05 0.010432 -0.0191803 4.90561e-05 -0.000374353 -0.0191803 0.0949193 
0.0104242 -0.0192181 3.0288e-05 3.7898e-05 -0.0192181 0.0951143 3.76852e-05 -0.000342947 3.0288e-05 3.76852e-05 0.0104596 -0.0191775 3.7898e-05 -0.000342947 -0.0191775 0.0949325 
0.0103984 -0.0191677 3.40625e-05 2.59751e-05 -0.0191677 0.0949642 2.80607e-05 -0.000310305 3.40625e-05 2.80607e-05 0.010476 -0.0191856 2.59751e-05 -0.000310305 -0.0191856 0.0948657 
0.0104051 -0.0191785 2.7389e-05 1.95583e-05 -0.0191785 0.0950587 2.13986e-05 -0.000284767 2.7389e-05 2.13986e-05 0.0105099 -0.0192549 1.95583e-05 -0.000284767 -0.0192549 0.095107 
0.0104385 -0.0192205 2.13318e-05 2.75483e-05 -0.0192205 0.0952855 3.11535e-05 -0.000288947 2.13318e-05 3.11535e-05 0.0105398 -0.0193333 2.75483e-05 -0.000288947 -0.0193333 0.0954562 
0.0104596 -0.0192706 1.45545e-05 3.73549e-05 -0.0192706 0.0954986 4.1397e-05 -0.000312609 1.45545e-05 4.1397e-05 0.0105624 -0.0193756 3.73549e-05 -0.000312609 -0.0193756 0.0956988 
0.0104765 -0.0193045 6.28048e-06 4.79628e-05 -0.0193045 0.0956732 5.2397e-05 -0.000343055 6.28048e-06 5.2397e-05 0.0105713 -0.0194017 4.79628e-05 -0.000343055 -0.0194017 0.095849 
0.0104637 -0.0192704 1.18257e-05 5.88178e-05 -0.0192704 0.0955229 6.48127e-05 -0.00037562 1.18257e-05 6.48127e-05 0.0105411 -0.0193598 5.88178e-05 -0.00037562 -0.0193598 0.095675 
0.0104578 -0.0192724 2.04835e-05 5.2553e-05 -0.0192724 0.095525 6.07113e-05 -0.000384067 2.04835e-05 6.07113e-05 0.0105439 -0.0193451 5.2553e-05 -0.000384067 -0.0193451 0.0956466 
0.0104412 -0.0192099 1.96488e-05 3.9169e-05 -0.0192099 0.0952434 4.94299e-05 -0.00036206 1.96488e-05 4.94299e-05 0.0105083 -0.0192895 3.9169e-05 -0.00036206 -0.0192895 0.095356 
0.0104306 -0.0191719 1.39457e-05 3.74521e-05 -0.0191719 0.0949979 4.73804e-05 -0.00034439 1.39457e-05 4.73804e-05 0.0104696 -0.0192319 3.74521e-05 -0.00034439 -0.0192319 0.0950863 
0.0104148 -0.0191469 1.03574e-05 4.32963e-05 -0.0191469 0.0947999 5.19841e-05 -0.000343826 1.03574e-05 5.19841e-05 0.0104286 -0.0191659 4.32963e-05 -0.000343826 -0.0191659 0.0948022 
0.0104019 -0.0191281 1.67856e-05 4.75812e-05 -0.0191281 0.0946736 5.43229e-05 -0.000348013 1.67856e-05 5.43229e-05 0.0103982 -0.019111 4.75812e-05 -0.000348013 -0.019111 0.0945703 
0.0104044 -0.019128 5.51612e-06 3.9828e-05 -0.019128 0.0946559 4.15718e-05 -0.000330448 5.51612e-06 4.15718e-05 0.0103758 -0.0190832 3.9828e-05 -0.000330448 -0.0190832 0.0944584 
0.0103932 -0.0190845 4.91385e-06 4.97498e-05 -0.0190845 0.0944099 5.02499e-05 -0.000327809 4.91385e-06 5.02499e-05 0.0103261 -0.0190004 4.97498e-05 -0.000327809 -0.0190004 0.094102 
0.0103751 -0.0191099 2.18482e-05 4.91617e-05 -0.0191099 0.0944603 4.89026e-05 -0.000326784 2.18482e-05 4.89026e-05 0.0103396 -0.0189729 4.91617e-05 -0.000326784 -0.0189729 0.0940138 
0.0103598 -0.019084 4.9359e-05 2.65953e-05 -0.019084 0.0944251 2.74394e-05 -0.000287454 4.9359e-05 2.74394e-05 0.0103444 -0.0189845 2.65953e-05 -0.000287454 -0.0189845 0.0939723 
0.0103199 -0.0190385 3.30746e-05 -9.07062e-06 -0.0190385 0.0942479 -6.96938e-06 -0.00021064 3.30746e-05 -6.96938e-06 0.0103414 -0.0189727 -9.07062e-06 -0.00021064 -0.0189727 0.0938734 
0.0102781 -0.0189689 4.62613e-06 6.15781e-06 -0.0189689 0.0939931 9.14859e-06 -0.000194069 4.62613e-06 9.14859e-06 0.0103306 -0.0189549 6.15781e-06 -0.000194069 -0.0189549 0.093742 
0.0102478 -0.0188927 -1.44493e-05 4.43545e-05 -0.0188927 0.0936847 4.7007e-05 -0.000258425 -1.44493e-05 4.7007e-05 0.0103106 -0.0189264 4.43545e-05 -0.000258425 -0.0189264 0.0935761 
0.0102459 -0.0188716 -1.46771e-05 7.18815e-05 -0.0188716 0.093578 7.25973e-05 -0.000334824 -1.46771e-05 7.25973e-05 0.0102969 -0.0189264 7.18815e-05 -0.000334824 -0.0189264 0.0935722 
0.0102787 -0.0189113 -2.335e-05 7.67405e-05 -0.0189113 0.0937418 7.49336e-05 -0.000373808 -2.335e-05 7.49336e-05 0.0102928 -0.0189557 7.67405e-05 -0.000373808 -0.0189557 0.0937654 
0.0102729 -0.018942 -3.19859e-05 8.88057e-05 -0.018942 0.0938312 8.30697e-05 -0.000400261 -3.19859e-05 8.30697e-05 0.0102991 -0.0189348 8.88057e-05 -0.000400261 -0.0189348 0.0937738 
0.0102614 -0.0189262 -3.61868e-05 0.000101213 -0.0189262 0.0938183 9.18371e-05 -0.000428339 -3.61868e-05 9.18371e-05 0.0103009 -0.0189288 0.000101213 -0.000428339 -0.0189288 0.0937278 
0.0102584 -0.0188829 -3.14063e-05 0.000105698 -0.0188829 0.0936488 9.50121e-05 -0.0004436 -3.14063e-05 9.50121e-05 0.010276 -0.0189067 0.000105698 -0.0004436 -0.0189067 0.0935952 
0.0102443 -0.0188517 -2.44005e-05 9.63004e-05 -0.0188517 0.0934299 8.38044e-05 -0.000427069 -2.44005e-05 8.38044e-05 0.0102524 -0.0188494 9.63004e-05 -0.000427069 -0.0188494 0.0933571 
0.0102551 -0.0188674 -1.05608e-05 8.31155e-05 -0.0188674 0.0934644 7.14556e-05 -0.000392104 -1.05608e-05 7.14556e-05 0.0102446 -0.0188473 8.31155e-05 -0.000392104 -0.0188473 0.0933411 
