0.00771051 0 7.28585e-05 0 0 0.0109591 0 0 7.28585e-05 0 0.0077389 0 0 0 0 0.0109591 
0.00942763 -0.011703 6.85957e-05 -8.13381e-05 -0.011703 0.0311075 -8.13381e-05 0.000155985 6.85957e-05 -8.13381e-05 0.00944768 -0.0117251 -8.13381e-05 0.000155985 -0.0117251 0.0311499 
0.00973452 -0.018124 4.26221e-05 2.15163e-06 -0.018124 0.0668296 2.15163e-06 -3.87744e-05 4.26221e-05 2.15163e-06 0.00969481 -0.0180673 2.15163e-06 -3.87744e-05 -0.0180673 0.0666243 
0.0091973 -0.0178305 4.33974e-06 0.000128588 -0.0178305 0.0799808 0.000127778 -0.000774659 4.33974e-06 0.000127778 0.0091577 -0.0176457 0.000128588 -0.000774659 -0.0176457 0.0791706 
0.00893024 -0.016763 -5.76396e-06 0.000146223 -0.016763 0.0810319 0.000146635 -0.0010613 -5.76396e-06 0.000146635 0.00888724 -0.016605 0.000146223 -0.0010613 -0.016605 0.0800696 
0.00869608 -0.0159996 1.09947e-06 0.000111485 -0.0159996 0.0787382 0.000110253 -0.000885965 1.09947e-06 0.000110253 0.00862796 -0.01588 0.000111485 -0.000885965 -0.01588 0.077977 
0.00844293 -0.0154808 -1.0751e-06 8.1555e-05 -0.0154808 0.0763118 7.67071e-05 -0.000650998 -1.0751e-06 7.67071e-05 0.00837331 -0.0153434 8.1555e-05 -0.000650998 -0.0153434 0.0756772 
0.0081963 -0.0150384 -1.2785e-05 7.52619e-05 -0.0150384 0.074176 6.9718e-05 -0.000509614 -1.2785e-05 6.9718e-05 0.00814074 -0.0148955 7.52619e-05 -0.000509614 -0.0148955 0.0735837 
0.0112059 -0.0205771 -2.99972e-05 0.000126653 -0.0205771 0.101579 0.000118412 -0.000667321 -2.99972e-05 0.000118412 0.011177 -0.0203975 0.000126653 -0.000667321 -0.0203975 0.100804 
0.0110513 -0.0202829 -2.28977e-05 0.000147129 -0.0202829 0.100197 0.000136423 -0.00069501 -2.28977e-05 0.000136423 0.0110598 -0.0201687 0.000147129 -0.00069501 -0.0201687 0.0995541 
0.0109815 -0.0201106 -1.93912e-05 0.000144314 -0.0201106 0.0993447 0.000131339 -0.000711309 -1.93912e-05 0.000131339 0.0109741 -0.0200504 0.000144314 -0.000711309 -0.0200504 0.0988593 
0.0109248 -0.0200189 -1.09005e-05 0.000136857 -0.0200189 0.0987829 0.000126068 -0.000703896 -1.09005e-05 0.000126068 0.0109141 -0.019944 0.000136857 -0.000703896 -0.019944 0.0983452 
0.0109257 -0.0200165 1.20503e-06 0.000122124 -0.0200165 0.0987409 0.000116319 -0.000681007 1.20503e-06 0.000116319 0.010891 -0.0199385 0.000122124 -0.000681007 -0.0199385 0.0983061 
0.0109224 -0.0200169 1.98686e-05 0.000104386 -0.0200169 0.0987122 0.000102296 -0.000643033 1.98686e-05 0.000102296 0.010873 -0.0199147 0.000104386 -0.000643033 -0.0199147 0.0982506 
0.0109272 -0.0200503 3.12802e-05 7.92176e-05 -0.0200503 0.09887 7.78017e-05 -0.000585393 3.12802e-05 7.78017e-05 0.0108845 -0.0199305 7.92176e-05 -0.000585393 -0.0199305 0.0983708 
0.0109118 -0.0200109 2.63227e-05 6.37559e-05 -0.0200109 0.0987227 6.4506e-05 -0.000535685 2.63227e-05 6.4506e-05 0.0108593 -0.0198997 6.37559e-05 -0.000535685 -0.0198997 0.098226 
0.0109284 -0.0200376 1.15625e-05 6.93007e-05 -0.0200376 0.0988532 6.94682e-05 -0.000524578 1.15625e-05 6.94682e-05 0.0108765 -0.0199215 6.93007e-05 -0.000524578 -0.0199215 0.0983666 
0.0109384 -0.0200774 1.73386e-05 9.16521e-05 -0.0200774 0.099041 8.7909e-05 -0.000557809 1.73386e-05 8.7909e-05 0.010916 -0.0199627 9.16521e-05 -0.000557809 -0.0199627 0.0985642 
0.0109277 -0.02008 4.00834e-05 8.70751e-05 -0.02008 0.0991006 8.26739e-05 -0.000570516 4.00834e-05 8.26739e-05 0.0109535 -0.0200036 8.70751e-05 -0.000570516 -0.0200036 0.0986922 
0.0109377 -0.0200764 4.39332e-05 6.00963e-05 -0.0200764 0.0991553 5.71723e-05 -0.000532971 4.39332e-05 5.71723e-05 0.0109729 -0.0200633 6.00963e-05 -0.000532971 -0.0200633 0.0988866 
0.010954 -0.020047 2.6293e-05 5.41037e-05 -0.020047 0.0990015 5.21349e-05 -0.000503032 2.6293e-05 5.21349e-05 0.0109495 -0.0200541 5.41037e-05 -0.000503032 -0.0200541 0.0988393 
0.0109834 -0.0201058 8.37939e-06 7.62147e-05 -0.0201058 0.099151 7.50205e-05 -0.000531506 8.37939e-06 7.50205e-05 0.0109593 -0.0200596 7.62147e-05 -0.000531506 -0.0200596 0.0989385 
0.011007 -0.0201787 -4.42453e-07 9.93196e-05 -0.0201787 0.0994489 0.000100486 -0.000591292 -4.42453e-07 0.000100486 0.0109844 -0.0200962 9.93196e-05 -0.000591292 -0.0200962 0.0991271 
0.0110173 -0.0202214 -5.9835e-06 0.000113432 -0.0202214 0.0996851 0.000115598 -0.000644102 -5.9835e-06 0.000115598 0.0110053 -0.0201327 0.000113432 -0.000644102 -0.0201327 0.0992978 
0.0109914 -0.0201905 3.46083e-07 0.000121681 -0.0201905 0.0995931 0.000124829 -0.000679935 3.46083e-07 0.000124829 0.0110044 -0.0201122 0.000121681 -0.000679935 -0.0201122 0.0991976 
0.0109943 -0.0201886 2.03391e-05 0.000114669 -0.0201886 0.0996602 0.000117372 -0.000684921 2.03391e-05 0.000117372 0.0110124 -0.0201488 0.000114669 -0.000684921 -0.0201488 0.0993312 
0.0109868 -0.0201473 3.77404e-05 9.18244e-05 -0.0201473 0.0994905 8.80857e-05 -0.000641195 3.77404e-05 8.80857e-05 0.0109815 -0.0201253 9.18244e-05 -0.000641195 -0.0201253 0.0992361 
0.0109654 -0.0200907 2.42962e-05 6.86073e-05 -0.0200907 0.0991767 6.21842e-05 -0.000575675 2.42962e-05 6.21842e-05 0.0109403 -0.0200456 6.86073e-05 -0.000575675 -0.0200456 0.0989257 
0.0109278 -0.0200163 6.87323e-06 8.05267e-05 -0.0200163 0.0987502 7.80825e-05 -0.000565397 6.87323e-06 7.80825e-05 0.010901 -0.0199374 8.05267e-05 -0.000565397 -0.0199374 0.0984314 
0.0109072 -0.0199941 -8.90389e-06 0.000104883 -0.0199941 0.09859 0.000101936 -0.000609124 -8.90389e-06 0.000101936 0.0108845 -0.0199056 0.000104883 -0.000609124 -0.0199056 0.0982158 
0.0108751 -0.0199677 -1.66971e-05 0.000126542 -0.0199677 0.0984633 0.00011959 -0.000660898 -1.66971e-05 0.00011959 0.0108864 -0.0198839 0.000126542 -0.000660898 -0.0198839 0.0980732 
0.0108705 -0.0199303 -1.3131e-05 0.00013834 -0.0199303 0.0983534 0.00012923 -0.000699587 -1.3131e-05 0.00012923 0.0108744 -0.0198963 0.00013834 -0.000699587 -0.0198963 0.0980477 
0.0108867 -0.0199589 -3.39634e-06 0.000134281 -0.0199589 0.0984664 0.000122829 -0.00070581 -3.39634e-06 0.000122829 0.0108804 -0.019927 0.000134281 -0.00070581 -0.019927 0.098224 
0.0108963 -0.0200085 2.2072e-05 0.000119852 -0.0200085 0.0986999 0.000108136 -0.000679428 2.2072e-05 0.000108136 0.0109154 -0.019968 0.000119852 -0.000679428 -0.019968 0.0984701 
0.0109022 -0.0200131 3.78521e-05 8.37873e-05 -0.0200131 0.09879 7.55118e-05 -0.000608163 3.78521e-05 7.55118e-05 0.0109314 -0.0200032 8.37873e-05 -0.000608163 -0.0200032 0.0986117 
0.0109225 -0.0200262 3.63665e-05 6.01352e-05 -0.0200262 0.098871 5.5993e-05 -0.000537371 3.63665e-05 5.5993e-05 0.0109362 -0.0200284 6.01352e-05 -0.000537371 -0.0200284 0.098742 
0.010969 -0.0201021 3.02451e-05 6.25233e-05 -0.0201021 0.0992001 6.05551e-05 -0.000518183 3.02451e-05 6.05551e-05 0.0109587 -0.0200823 6.25233e-05 -0.000518183 -0.0200823 0.099051 
0.0110009 -0.0201628 1.7747e-05 7.35604e-05 -0.0201628 0.0994631 7.50216e-05 -0.000541676 1.7747e-05 7.50216e-05 0.010982 -0.0201122 7.35604e-05 -0.000541676 -0.0201122 0.0992486 
0.0110432 -0.0201892 1.21777e-05 9.28627e-05 -0.0201892 0.0995858 9.62961e-05 -0.000592062 1.21777e-05 9.62961e-05 0.0109739 -0.0201278 9.28627e-05 -0.000592062 -0.0201278 0.0993225 
0.0110563 -0.020235 1.87903e-05 0.000102281 -0.020235 0.0996935 0.000104508 -0.000633494 1.87903e-05 0.000104508 0.0109799 -0.0201143 0.000102281 -0.000633494 -0.0201143 0.0993279 
0.0110336 -0.0202147 3.01615e-05 9.28728e-05 -0.0202147 0.0995869 9.55197e-05 -0.000633437 3.01615e-05 9.55197e-05 0.0109683 -0.0200804 9.28728e-05 -0.000633437 -0.0200804 0.0991424 
0.0110139 -0.0202335 2.94622e-05 7.846e-05 -0.0202335 0.099715 7.96864e-05 -0.000606512 2.94622e-05 7.96864e-05 0.0110073 -0.0201106 7.846e-05 -0.000606512 -0.0201106 0.0992614 
0.0109814 -0.0201733 2.95387e-05 7.91556e-05 -0.0201733 0.0995597 7.99012e-05 -0.000592236 2.95387e-05 7.99012e-05 0.0110195 -0.0201248 7.91556e-05 -0.000592236 -0.0201248 0.0992259 
0.0109612 -0.0201069 2.45057e-06 7.77879e-05 -0.0201069 0.0993002 8.0914e-05 -0.000588699 2.45057e-06 8.0914e-05 0.0110088 -0.0201196 7.77879e-05 -0.000588699 -0.0201196 0.0991322 
0.0109225 -0.0200303 -4.84087e-06 0.000107549 -0.0200303 0.0989014 0.000112243 -0.000630703 -4.84087e-06 0.000112243 0.010974 -0.0200634 0.000107549 -0.000630703 -0.0200634 0.0988436 
0.01086 -0.0199133 -7.41801e-06 0.000119315 -0.0199133 0.0983076 0.000119751 -0.00066881 -7.41801e-06 0.000119751 0.010916 -0.0199534 0.000119315 -0.00066881 -0.0199534 0.0983022 
0.0108514 -0.0198806 -1.54303e-05 0.000124775 -0.0198806 0.098135 0.000118654 -0.000683726 -1.54303e-05 0.000118654 0.0108825 -0.0199309 0.000124775 -0.000683726 -0.0199309 0.0981705 
0.0108764 -0.0199164 -3.25984e-05 0.000136825 -0.0199164 0.0982664 0.000125184 -0.000701645 -3.25984e-05 0.000125184 0.0108587 -0.0199403 0.000136825 -0.000701645 -0.0199403 0.0982853 
0.0108952 -0.0199774 -3.52617e-05 0.000156663 -0.0199774 0.0985196 0.000144452 -0.000737903 -3.52617e-05 0.000144452 0.0108601 -0.019936 0.000156663 -0.000737903 -0.019936 0.0984181 
0.0108914 -0.0199703 -2.39284e-05 0.000158999 -0.0199703 0.0985195 0.000151202 -0.000762115 -2.39284e-05 0.000151202 0.0108547 -0.0199002 0.000158999 -0.000762115 -0.0199002 0.0983068 
0.0108768 -0.019941 -2.45733e-05 0.000142579 -0.019941 0.098386 0.000140261 -0.000747232 -2.45733e-05 0.000140261 0.0108423 -0.0198654 0.000142579 -0.000747232 -0.0198654 0.098121 
0.0108702 -0.0199275 -1.79983e-05 0.000138791 -0.0199275 0.0983181 0.000140309 -0.000731162 -1.79983e-05 0.000140309 0.0108304 -0.0198538 0.000138791 -0.000731162 -0.0198538 0.0980377 
0.0108418 -0.0199033 -1.09168e-05 0.000127797 -0.0199033 0.0981938 0.000129437 -0.000705033 -1.09168e-05 0.000129437 0.0108282 -0.0198246 0.000127797 -0.000705033 -0.0198246 0.0979046 
0.0107859 -0.0198053 2.31355e-06 0.000115329 -0.0198053 0.0977727 0.000116297 -0.00066605 2.31355e-06 0.000116297 0.0108042 -0.0197597 0.000115329 -0.00066605 -0.0197597 0.09753 
0.0107727 -0.0197441 1.00631e-05 9.72544e-05 -0.0197441 0.0975131 9.91779e-05 -0.00061964 1.00631e-05 9.91779e-05 0.0107743 -0.0197458 9.72544e-05 -0.00061964 -0.0197458 0.097381 
0.0107818 -0.0197744 7.62895e-06 8.67333e-05 -0.0197744 0.0976026 8.8272e-05 -0.000581873 7.62895e-06 8.8272e-05 0.0107797 -0.0197639 8.67333e-05 -0.000581873 -0.0197639 0.097514 
0.0107598 -0.0197296 7.46318e-06 8.87142e-05 -0.0197296 0.0973861 8.90832e-05 -0.000566795 7.46318e-06 8.90832e-05 0.0107473 -0.0197128 8.87142e-05 -0.000566795 -0.0197128 0.0972929 
0.0107629 -0.0197194 -9.45215e-06 8.88873e-05 -0.0197194 0.0973269 8.81719e-05 -0.000562056 -9.45215e-06 8.81719e-05 0.0107064 -0.0196897 8.88873e-05 -0.000562056 -0.0196897 0.0972119 
0.0107414 -0.0196684 -1.23863e-05 0.000107587 -0.0196684 0.0970342 0.000105427 -0.000582402 -1.23863e-05 0.000105427 0.0106502 -0.0195841 0.000107587 -0.000582402 -0.0195841 0.0968252 
0.0107157 -0.0196471 -1.03623e-05 0.000113765 -0.0196471 0.0968804 0.000110907 -0.000604924 -1.03623e-05 0.000110907 0.0106306 -0.0195143 0.000113765 -0.000604924 -0.0195143 0.0965421 
0.0107105 -0.0196713 -8.7557e-06 0.000112004 -0.0196713 0.0970265 0.00010969 -0.000611811 -8.7557e-06 0.00010969 0.0106625 -0.0195405 0.000112004 -0.000611811 -0.0195405 0.0966307 
0.0107186 -0.0196696 -4.54411e-06 0.000108642 -0.0196696 0.0971061 0.000107461 -0.000607055 -4.54411e-06 0.000107461 0.0106885 -0.0195897 0.000108642 -0.000607055 -0.0195897 0.096782 
0.0107445 -0.01973 2.4146e-06 0.000102181 -0.01973 0.0974068 0.000103986 -0.000597797 2.4146e-06 0.000103986 0.0107413 -0.0196761 0.000102181 -0.000597797 -0.0196761 0.097171 
0.010733 -0.0197044 7.39807e-06 9.2563e-05 -0.0197044 0.0973183 9.68454e-05 -0.000579997 7.39807e-06 9.68454e-05 0.0107381 -0.0196873 9.2563e-05 -0.000579997 -0.0196873 0.097176 
0.010748 -0.0197221 1.09164e-05 8.57107e-05 -0.0197221 0.0974199 9.03462e-05 -0.000562363 1.09164e-05 9.03462e-05 0.0107495 -0.0197196 8.57107e-05 -0.000562363 -0.0197196 0.0973449 
0.0107688 -0.0197649 1.34648e-05 8.31302e-05 -0.0197649 0.0976234 8.25419e-05 -0.000546727 1.34648e-05 8.25419e-05 0.0107708 -0.0197619 8.31302e-05 -0.000546727 -0.0197619 0.0975753 
0.0107581 -0.0197539 1.59691e-05 8.13013e-05 -0.0197539 0.0975834 7.54217e-05 -0.000530998 1.59691e-05 7.54217e-05 0.0107739 -0.0197541 8.13013e-05 -0.000530998 -0.0197541 0.0975539 
0.0107423 -0.0197021 3.22841e-06 7.94146e-05 -0.0197021 0.0973578 7.13058e-05 -0.000519564 3.22841e-06 7.13058e-05 0.0107514 -0.0197204 7.94146e-05 -0.000519564 -0.0197204 0.0973667 
0.0107637 -0.0197114 -7.79056e-06 9.55693e-05 -0.0197114 0.0973673 8.80858e-05 -0.000541945 -7.79056e-06 8.80858e-05 0.0107363 -0.0197219 9.55693e-05 -0.000541945 -0.0197219 0.0973838 
0.010768 -0.0197396 -1.27092e-05 0.00011209 -0.0197396 0.0974248 0.000104403 -0.000583903 -1.27092e-05 0.000104403 0.0107325 -0.0197066 0.00011209 -0.000583903 -0.0197066 0.0973758 
0.0107519 -0.0197405 8.88025e-07 0.000121144 -0.0197405 0.097437 0.000109619 -0.00061403 8.88025e-07 0.000109619 0.0107365 -0.0196941 0.000121144 -0.00061403 -0.0196941 0.0973286 
0.0107221 -0.0196854 3.30502e-06 0.000102602 -0.0196854 0.0972334 9.04554e-05 -0.000593278 3.30502e-06 9.04554e-05 0.0107171 -0.0196647 0.000102602 -0.000593278 -0.0196647 0.097149 
0.0107042 -0.0196617 1.32616e-05 9.60333e-05 -0.0196617 0.097147 8.73187e-05 -0.000569394 1.32616e-05 8.73187e-05 0.0107154 -0.0196575 9.60333e-05 -0.000569394 -0.0196575 0.097113 
0.0106871 -0.0196211 1.62462e-05 7.91989e-05 -0.0196211 0.0969891 7.55344e-05 -0.000536171 1.62462e-05 7.55344e-05 0.010711 -0.0196409 7.91989e-05 -0.000536171 -0.0196409 0.097017 
0.0106682 -0.0195941 2.94734e-05 6.93538e-05 -0.0195941 0.0968602 6.98574e-05 -0.000503599 2.94734e-05 6.98574e-05 0.0107092 -0.0196324 6.93538e-05 -0.000503599 -0.0196324 0.0969488 
0.0106679 -0.0195871 4.55512e-05 5.20439e-05 -0.0195871 0.0968431 5.43654e-05 -0.000465206 4.55512e-05 5.43654e-05 0.0106991 -0.0196442 5.20439e-05 -0.000465206 -0.0196442 0.096983 
0.0106549 -0.0195619 5.25129e-05 3.04594e-05 -0.0195619 0.0967138 3.12569e-05 -0.000408807 5.25129e-05 3.12569e-05 0.0106799 -0.0196072 3.04594e-05 -0.000408807 -0.0196072 0.0968584 
0.010643 -0.0195452 2.82124e-05 2.01415e-05 -0.0195452 0.0966298 1.95982e-05 -0.000363539 2.82124e-05 1.95982e-05 0.010671 -0.0195822 2.01415e-05 -0.000363539 -0.0195822 0.0967554 
0.010656 -0.019543 1.43797e-05 4.78798e-05 -0.019543 0.0966328 4.46423e-05 -0.000382723 1.43797e-05 4.46423e-05 0.0106689 -0.0195883 4.78798e-05 -0.000382723 -0.0195883 0.096771 
0.0106612 -0.0195462 1.64727e-05 6.97797e-05 -0.0195462 0.0965999 6.29977e-05 -0.000433249 1.64727e-05 6.29977e-05 0.0106643 -0.0195784 6.97797e-05 -0.000433249 -0.0195784 0.0967348 
0.0106663 -0.0195418 1.70339e-05 6.8345e-05 -0.0195418 0.0965418 6.248e-05 -0.000453104 1.70339e-05 6.248e-05 0.0106431 -0.0195631 6.8345e-05 -0.000453104 -0.0195631 0.0966574 
0.0106544 -0.0195058 2.30332e-05 6.33027e-05 -0.0195058 0.0963098 6.16172e-05 -0.000449491 2.30332e-05 6.16172e-05 0.0105907 -0.0194921 6.33027e-05 -0.000449491 -0.0194921 0.0963618 
0.0106533 -0.0195161 1.64327e-05 5.57833e-05 -0.0195161 0.0962947 5.86622e-05 -0.000440089 1.64327e-05 5.86622e-05 0.0105685 -0.0194468 5.57833e-05 -0.000440089 -0.0194468 0.0962223 
0.0106249 -0.019519 8.00066e-06 6.15873e-05 -0.019519 0.0962902 6.66663e-05 -0.000445422 8.00066e-06 6.66663e-05 0.0105707 -0.019412 6.15873e-05 -0.000445422 -0.019412 0.0960882 
0.0105939 -0.0194899 1.26037e-05 7.07307e-05 -0.0194899 0.0962529 7.75625e-05 -0.00046453 1.26037e-05 7.75625e-05 0.0105811 -0.0194112 7.07307e-05 -0.00046453 -0.0194112 0.0960281 
0.0105815 -0.0194689 1.04965e-05 6.47139e-05 -0.0194689 0.0962609 7.40028e-05 -0.000467386 1.04965e-05 7.40028e-05 0.0105995 -0.0194451 6.47139e-05 -0.000467386 -0.0194451 0.0961265 
0.0105716 -0.0194338 8.17263e-06 6.61684e-05 -0.0194338 0.0961519 7.47671e-05 -0.000464161 8.17263e-06 7.47671e-05 0.0106029 -0.0194526 6.61684e-05 -0.000464161 -0.0194526 0.096131 
0.0105887 -0.0194676 9.56332e-06 6.70845e-05 -0.0194676 0.096316 7.46343e-05 -0.000461363 9.56332e-06 7.46343e-05 0.0106418 -0.0195018 6.70845e-05 -0.000461363 -0.0195018 0.0963594 
0.0106084 -0.019529 -1.16175e-06 6.4714e-05 -0.019529 0.0966307 7.1047e-05 -0.000453959 -1.16175e-06 7.1047e-05 0.0106995 -0.0195892 6.4714e-05 -0.000453959 -0.0195892 0.0967319 
0.0106061 -0.0195227 -2.31264e-05 7.86595e-05 -0.0195227 0.0966648 8.16075e-05 -0.000467004 -2.31264e-05 8.16075e-05 0.0107226 -0.019631 7.86595e-05 -0.000467004 -0.019631 0.0968656 
0.0106074 -0.0194727 -2.54557e-05 0.000108167 -0.0194727 0.0964532 0.000107419 -0.000518177 -2.54557e-05 0.000107419 0.0106921 -0.0196207 0.000108167 -0.000518177 -0.0196207 0.0967714 
0.0106468 -0.0195428 -1.56517e-05 0.000117738 -0.0195428 0.0966983 0.000113213 -0.000561834 -1.56517e-05 0.000113213 0.0106964 -0.0196523 0.000117738 -0.000561834 -0.0196523 0.0970064 
0.0106812 -0.0195899 3.9858e-06 0.000107496 -0.0195899 0.0968811 0.000101571 -0.000560609 3.9858e-06 0.000101571 0.0106873 -0.0196512 0.000107496 -0.000560609 -0.0196512 0.0970912 
0.0106793 -0.0195653 6.6324e-06 8.1057e-05 -0.0195653 0.096693 7.8922e-05 -0.000517115 6.6324e-06 7.8922e-05 0.0106399 -0.0195665 8.1057e-05 -0.000517115 -0.0195665 0.0967577 
0.0106363 -0.019524 3.86529e-06 7.42071e-05 -0.019524 0.0964018 7.83342e-05 -0.00048998 3.86529e-06 7.83342e-05 0.0106085 -0.0194611 7.42071e-05 -0.00048998 -0.0194611 0.0962949 
0.0106073 -0.0194714 -1.10893e-05 7.43932e-05 -0.0194714 0.0961791 8.22773e-05 -0.000484873 -1.10893e-05 8.22773e-05 0.0105781 -0.0194174 7.43932e-05 -0.000484873 -0.0194174 0.0960049 
0.0105822 -0.0194627 -1.92484e-05 9.32282e-05 -0.0194627 0.096148 9.97662e-05 -0.000511997 -1.92484e-05 9.97662e-05 0.0105878 -0.0194124 9.32282e-05 -0.000511997 -0.0194124 0.0959716 
0.0105649 -0.0194375 -1.78948e-05 0.000105341 -0.0194375 0.0961163 0.000109801 -0.000544571 -1.78948e-05 0.000109801 0.0106028 -0.0194332 0.000105341 -0.000544571 -0.0194332 0.0960135 
0.0105534 -0.0194195 2.61145e-06 0.000108656 -0.0194195 0.096082 0.000110001 -0.000563978 2.61145e-06 0.000110001 0.0106173 -0.0194575 0.000108656 -0.000563978 -0.0194575 0.0960873 
0.0105187 -0.0193651 1.26785e-05 8.57232e-05 -0.0193651 0.0958551 8.18224e-05 -0.000529772 1.26785e-05 8.18224e-05 0.0106144 -0.0194413 8.57232e-05 -0.000529772 -0.0194413 0.0959718 
0.010514 -0.0193289 2.05345e-05 7.21971e-05 -0.0193289 0.095724 6.3839e-05 -0.000481943 2.05345e-05 6.3839e-05 0.0105982 -0.0194488 7.21971e-05 -0.000481943 -0.0194488 0.0959604 
0.0105487 -0.0193601 1.25069e-05 6.10357e-05 -0.0193601 0.0958385 5.19956e-05 -0.000443333 1.25069e-05 5.19956e-05 0.0105827 -0.019467 6.10357e-05 -0.000443333 -0.019467 0.0961091 
0.0105883 -0.0194441 -2.11755e-06 7.04288e-05 -0.0194441 0.0961691 6.18454e-05 -0.000443583 -2.11755e-06 6.18454e-05 0.0105956 -0.0194911 7.04288e-05 -0.000443583 -0.0194911 0.0963552 
0.0106168 -0.0194908 -2.05025e-05 8.47991e-05 -0.0194908 0.0963889 7.88314e-05 -0.000469092 -2.05025e-05 7.88314e-05 0.0105982 -0.0195006 8.47991e-05 -0.000469092 -0.0195006 0.0964671 
0.0106065 -0.0194682 -3.0972e-05 0.000102073 -0.0194682 0.0962654 9.94407e-05 -0.000504399 -3.0972e-05 9.94407e-05 0.0105734 -0.0194492 0.000102073 -0.000504399 -0.0194492 0.0962635 
0.0105765 -0.0194396 -3.23688e-05 0.000113023 -0.0194396 0.096112 0.000113775 -0.000537234 -3.23688e-05 0.000113775 0.0105649 -0.0194037 0.000113023 -0.000537234 -0.0194037 0.0960553 
0.0105687 -0.0194101 -2.86033e-05 0.000113976 -0.0194101 0.0960178 0.000116367 -0.000551384 -2.86033e-05 0.000116367 0.0105489 -0.019398 0.000113976 -0.000551384 -0.019398 0.0959745 
0.0105272 -0.0193515 -2.91085e-05 0.00010902 -0.0193515 0.0957183 0.000112167 -0.000547249 -2.91085e-05 0.000112167 0.0105267 -0.0193328 0.00010902 -0.000547249 -0.0193328 0.0956851 
0.0105083 -0.0192744 -2.23996e-05 0.000108292 -0.0192744 0.095376 0.000111027 -0.00054009 -2.23996e-05 0.000111027 0.0104831 -0.0192809 0.000108292 -0.00054009 -0.0192809 0.0953826 
0.0105188 -0.019309 -1.46576e-05 9.99272e-05 -0.019309 0.0954617 0.000104395 -0.000527106 -1.46576e-05 0.000104395 0.0104886 -0.0192822 9.99272e-05 -0.000527106 -0.0192822 0.0954357 
0.010498 -0.0193238 -5.54069e-06 8.65454e-05 -0.0193238 0.0955197 9.59523e-05 -0.000501752 -5.54069e-06 9.59523e-05 0.0105134 -0.0192778 8.65454e-05 -0.000501752 -0.0192778 0.0954222 
0.010489 -0.0193219 6.01039e-06 7.26524e-05 -0.0193219 0.0956109 8.18358e-05 -0.000465156 6.01039e-06 8.18358e-05 0.0105568 -0.0193247 7.26524e-05 -0.000465156 -0.0193247 0.0955489 
0.0104986 -0.0193326 1.69501e-05 6.13879e-05 -0.0193326 0.0957486 6.65287e-05 -0.000430515 1.69501e-05 6.65287e-05 0.0105897 -0.0194112 6.13879e-05 -0.000430515 -0.0194112 0.0958428 
0.0105026 -0.0193026 1.92111e-05 5.0386e-05 -0.0193026 0.0956251 5.22318e-05 -0.000397091 1.92111e-05 5.22318e-05 0.0105692 -0.0194125 5.0386e-05 -0.000397091 -0.0194125 0.0958413 
0.0105214 -0.0193364 1.73876e-05 4.89135e-05 -0.0193364 0.0957246 5.12183e-05 -0.000383117 1.73876e-05 5.12183e-05 0.0105689 -0.0194155 4.89135e-05 -0.000383117 -0.0194155 0.0959326 
0.0105477 -0.019396 1.83564e-05 5.71064e-05 -0.019396 0.0959835 5.6176e-05 -0.000396715 1.83564e-05 5.6176e-05 0.010596 -0.0194433 5.71064e-05 -0.000396715 -0.0194433 0.0961144 
0.0105661 -0.0194114 2.26756e-05 5.78452e-05 -0.0194114 0.0960629 5.53972e-05 -0.000406551 2.26756e-05 5.53972e-05 0.0106078 -0.0194541 5.78452e-05 -0.000406551 -0.0194541 0.0961449 
0.0105886 -0.0194381 1.68461e-05 5.11412e-05 -0.0194381 0.0961505 5.2006e-05 -0.000402431 1.68461e-05 5.2006e-05 0.0106066 -0.0194691 5.11412e-05 -0.000402431 -0.0194691 0.0961923 
0.0106003 -0.0194546 -1.3688e-05 5.58003e-05 -0.0194546 0.0961736 6.03599e-05 -0.000409426 -1.3688e-05 6.03599e-05 0.0105902 -0.0194543 5.58003e-05 -0.000409426 -0.0194543 0.0961457 
0.0106318 -0.0195101 -3.04124e-05 9.36407e-05 -0.0195101 0.0964095 9.88079e-05 -0.000473953 -3.04124e-05 9.88079e-05 0.0105905 -0.019476 9.36407e-05 -0.000473953 -0.019476 0.0962958 
0.0106714 -0.0195552 -3.76237e-05 0.000120885 -0.0195552 0.0966065 0.000123667 -0.000553677 -3.76237e-05 0.000123667 0.0105845 -0.0194816 0.000120885 -0.000553677 -0.0194816 0.096394 
0.0107139 -0.0196098 -3.62215e-05 0.000132168 -0.0196098 0.0967966 0.000135588 -0.00060797 -3.62215e-05 0.000135588 0.0105834 -0.0194769 0.000132168 -0.00060797 -0.0194769 0.096449 
0.010728 -0.0196683 -2.14527e-05 0.000131281 -0.0196683 0.0969939 0.000133696 -0.000626355 -2.14527e-05 0.000133696 0.0106036 -0.0194781 0.000131281 -0.000626355 -0.0194781 0.0964942 
0.0107152 -0.0196598 -1.50592e-05 0.000113782 -0.0196598 0.0969786 0.000111666 -0.000599258 -1.50592e-05 0.000111666 0.0106206 -0.0194757 0.000113782 -0.000599258 -0.0194757 0.096423 
0.010711 -0.019651 -1.7065e-05 0.00010533 -0.019651 0.0969737 0.000100643 -0.000567567 -1.7065e-05 0.000100643 0.010636 -0.0195053 0.00010533 -0.000567567 -0.0195053 0.0964696 
0.0107425 -0.0196859 -1.8267e-05 0.000107217 -0.0196859 0.0971627 0.000104258 -0.000561633 -1.8267e-05 0.000104258 0.0106614 -0.019572 0.000107217 -0.000561633 -0.019572 0.0967469 
0.0107747 -0.0197624 -1.028e-05 0.000111265 -0.0197624 0.097494 0.00011175 -0.00057704 -1.028e-05 0.00011175 0.010708 -0.0196428 0.000111265 -0.00057704 -0.0196428 0.0971097 
0.0107882 -0.0198027 1.42934e-06 0.000104733 -0.0198027 0.0977128 0.000106665 -0.000581708 1.42934e-06 0.000106665 0.0107435 -0.0196983 0.000104733 -0.000581708 -0.0196983 0.0973532 
0.0108302 -0.019876 4.00826e-06 9.45752e-05 -0.019876 0.0981135 9.58725e-05 -0.000572171 4.00826e-06 9.58725e-05 0.0107982 -0.0197954 9.45752e-05 -0.000572171 -0.0197954 0.0977989 
0.0108305 -0.0199048 9.16073e-07 9.30559e-05 -0.0199048 0.0982693 9.35212e-05 -0.000566271 9.16073e-07 9.35212e-05 0.0108449 -0.0198424 9.30559e-05 -0.000566271 -0.0198424 0.0980064 
0.0108132 -0.0198866 7.19112e-07 9.65899e-05 -0.0198866 0.0982567 9.96e-05 -0.000574858 7.19112e-07 9.96e-05 0.0108689 -0.0198808 9.65899e-05 -0.000574858 -0.0198808 0.0980968 
0.0107958 -0.0198535 -5.1072e-06 9.60488e-05 -0.0198535 0.0981612 0.000101768 -0.000582455 -5.1072e-06 0.000101768 0.0108754 -0.0198985 9.60488e-05 -0.000582455 -0.0198985 0.098128 
0.0107953 -0.0198304 -9.68015e-06 0.000101547 -0.0198304 0.0980796 0.000107968 -0.000593609 -9.68015e-06 0.000107968 0.0108655 -0.0199044 0.000101547 -0.000593609 -0.0199044 0.0981429 
0.0108218 -0.0198312 -1.32646e-05 0.000107566 -0.0198312 0.0980585 0.00011139 -0.000605094 -1.32646e-05 0.00011139 0.01084 -0.0198962 0.000107566 -0.000605094 -0.0198962 0.0981448 
0.0107939 -0.0198085 -1.09523e-05 0.000113797 -0.0198085 0.0978353 0.000114 -0.000614352 -1.09523e-05 0.000114 0.0108181 -0.0198099 0.000113797 -0.000614352 -0.0198099 0.0978244 
0.0107714 -0.0198139 -1.69709e-06 0.000111235 -0.0198139 0.0978689 0.000111126 -0.000615062 -1.69709e-06 0.000111126 0.0108381 -0.019813 0.000111235 -0.000615062 -0.019813 0.0977915 
0.010778 -0.0198015 1.1423e-05 9.96045e-05 -0.0198015 0.0979057 0.000103001 -0.000601183 1.1423e-05 0.000103001 0.0108512 -0.0198516 9.96045e-05 -0.000601183 -0.0198516 0.0978888 
0.0107976 -0.0197917 5.91139e-06 8.2524e-05 -0.0197917 0.0978434 8.94125e-05 -0.000571285 5.91139e-06 8.94125e-05 0.0108376 -0.0198521 8.2524e-05 -0.000571285 -0.0198521 0.0978813 
0.0108504 -0.0198892 4.53977e-06 8.83583e-05 -0.0198892 0.0982082 9.78665e-05 -0.000570456 4.53977e-06 9.78665e-05 0.0108586 -0.0199005 8.83583e-05 -0.000570456 -0.0199005 0.0981737 
0.0108368 -0.0199148 1.00441e-05 9.25415e-05 -0.0199148 0.0982687 0.000101577 -0.000583167 1.00441e-05 0.000101577 0.0108653 -0.0198714 9.25415e-05 -0.000583167 -0.0198714 0.0980864 
0.010816 -0.0199037 8.04368e-06 8.76047e-05 -0.0199037 0.0982944 9.50043e-05 -0.000581912 8.04368e-06 9.50043e-05 0.01087 -0.0198807 8.76047e-05 -0.000581912 -0.0198807 0.0980685 
0.0107895 -0.0198518 1.37165e-05 9.18577e-05 -0.0198518 0.0981379 9.57261e-05 -0.000582819 1.37165e-05 9.57261e-05 0.0108607 -0.0198698 9.18577e-05 -0.000582819 -0.0198698 0.097982 
0.0107751 -0.0198085 1.88577e-05 8.57009e-05 -0.0198085 0.0979677 8.80329e-05 -0.0005743 1.88577e-05 8.80329e-05 0.010848 -0.0198509 8.57009e-05 -0.0005743 -0.0198509 0.0978886 
0.0107631 -0.019761 1.60295e-05 7.80618e-05 -0.019761 0.0977222 8.25313e-05 -0.000557765 1.60295e-05 8.25313e-05 0.010825 -0.0198068 7.80618e-05 -0.000557765 -0.0198068 0.097679 
0.0107633 -0.0197591 7.57597e-06 8.07434e-05 -0.0197591 0.0976579 8.37652e-05 -0.000552662 7.57597e-06 8.37652e-05 0.0108099 -0.0197964 8.07434e-05 -0.000552662 -0.0197964 0.0976175 
0.0107945 -0.019815 2.06108e-05 9.35409e-05 -0.019815 0.0979066 9.01209e-05 -0.000567171 2.06108e-05 9.01209e-05 0.0108177 -0.0198358 9.35409e-05 -0.000567171 -0.0198358 0.0978423 
0.0107779 -0.019761 2.09343e-05 7.59598e-05 -0.019761 0.0976259 7.17093e-05 -0.000541699 2.09343e-05 7.17093e-05 0.0107697 -0.0197562 7.59598e-05 -0.000541699 -0.0197562 0.0975171 
0.010788 -0.01978 2.02931e-05 7.03236e-05 -0.01978 0.0976578 7.02692e-05 -0.000517023 2.02931e-05 7.02692e-05 0.0107549 -0.0197342 7.03236e-05 -0.000517023 -0.0197342 0.0974652 
0.0107946 -0.0198083 2.39369e-05 6.82139e-05 -0.0198083 0.0977564 7.10524e-05 -0.000505473 2.39369e-05 7.10524e-05 0.0107627 -0.0197212 6.82139e-05 -0.000505473 -0.0197212 0.0974482 
0.0108061 -0.0197841 2.19739e-05 6.32353e-05 -0.0197841 0.09765 6.70704e-05 -0.000492969 2.19739e-05 6.70704e-05 0.0107346 -0.0196957 6.32353e-05 -0.000492969 -0.0196957 0.0972878 
