0.00777248 0 7.81316e-06 0 0 0.0108737 0 0 7.81316e-06 0 0.00756742 0 0 0 0 0.0108737 
0.00949732 -0.0117849 2.43383e-05 -3.21935e-05 -0.0117849 0.0312107 -3.21935e-05 6.15992e-05 2.43383e-05 -3.21935e-05 0.00927402 -0.0115141 -3.21935e-05 6.15992e-05 -0.0115141 0.0306915 
0.00973355 -0.0181495 3.51971e-05 -0.000120656 -0.0181495 0.0668428 -0.000120656 0.00040677 3.51971e-05 -0.000120656 0.00962953 -0.0179233 -0.000120656 0.00040677 -0.0179233 0.0661619 
0.00913622 -0.0176195 2.83423e-05 -0.000183197 -0.0176195 0.0789987 -0.000190029 0.000920145 2.83423e-05 -0.000190029 0.00914338 -0.0177139 -0.000183197 0.000920145 -0.0177139 0.0795102 
0.00884734 -0.0165008 1.88408e-05 -0.000153486 -0.0165008 0.0795557 -0.000161883 0.00102905 1.88408e-05 -0.000161883 0.00888603 -0.0167129 -0.000153486 0.00102905 -0.0167129 0.0808012 
0.00862131 -0.0158421 1.1213e-05 -0.000104971 -0.0158421 0.0777444 -0.000109694 0.000805826 1.1213e-05 -0.000109694 0.00869043 -0.0160347 -0.000104971 0.000805826 -0.0160347 0.0789586 
0.00838079 -0.0153195 1.2615e-06 -7.51272e-05 -0.0153195 0.0755194 -7.78473e-05 0.000574215 1.2615e-06 -7.78473e-05 0.00843884 -0.015513 -7.51272e-05 0.000574215 -0.015513 0.0765478 
0.00817024 -0.0149246 -8.7103e-06 -5.90275e-05 -0.0149246 0.0736645 -6.01138e-05 0.0004334 -8.7103e-06 -6.01138e-05 0.00822318 -0.0150961 -5.90275e-05 0.0004334 -0.0150961 0.0745414 
0.011217 -0.0204601 -1.65099e-05 -6.91291e-05 -0.0204601 0.101044 -6.6819e-05 0.000504237 -1.65099e-05 -6.6819e-05 0.0112749 -0.0206862 -6.91291e-05 0.000504237 -0.0206862 0.102145 
0.0111091 -0.0202253 -2.07859e-05 -6.74319e-05 -0.0202253 0.0998364 -6.16883e-05 0.0004649 -2.07859e-05 -6.16883e-05 0.0111351 -0.0204401 -6.74319e-05 0.0004649 -0.0204401 0.100886 
0.0110472 -0.0201272 -1.09395e-05 -6.60119e-05 -0.0201272 0.0992317 -5.85484e-05 0.000455695 -1.09395e-05 -5.85484e-05 0.0110502 -0.0203123 -6.60119e-05 0.000455695 -0.0203123 0.100236 
0.0110014 -0.0200579 -1.54005e-06 -7.94125e-05 -0.0200579 0.0988547 -7.35995e-05 0.000478779 -1.54005e-06 -7.35995e-05 0.0110015 -0.0202215 -7.94125e-05 0.000478779 -0.0202215 0.0998165 
0.0109952 -0.0200256 4.15345e-06 -9.51508e-05 -0.0200256 0.0986965 -9.00295e-05 0.000523879 4.15345e-06 -9.00295e-05 0.0109699 -0.0201877 -9.51508e-05 0.000523879 -0.0201877 0.0996468 
0.0109715 -0.0200133 -1.25056e-05 -0.000103477 -0.0200133 0.0985767 -9.84693e-05 0.000557649 -1.25056e-05 -9.84693e-05 0.0109606 -0.0201425 -0.000103477 0.000557649 -0.0201425 0.0994755 
0.0109527 -0.0199687 -1.53617e-05 -8.26957e-05 -0.0199687 0.0983899 -7.75323e-05 0.000536973 -1.53617e-05 -7.75323e-05 0.0109408 -0.0201106 -8.26957e-05 0.000536973 -0.0201106 0.0992736 
0.0109192 -0.0199262 -7.76004e-06 -7.37788e-05 -0.0199262 0.0981643 -6.91247e-05 0.00050163 -7.76004e-06 -6.91247e-05 0.0109175 -0.0200661 -7.37788e-05 0.00050163 -0.0200661 0.0990443 
0.0109034 -0.0199241 -2.73896e-06 -7.90536e-05 -0.0199241 0.0981874 -7.29244e-05 0.00048923 -2.73896e-06 -7.29244e-05 0.0109219 -0.0200784 -7.90536e-05 0.00048923 -0.0200784 0.0990876 
0.0108919 -0.0198933 -2.54392e-06 -8.04785e-05 -0.0198933 0.0981112 -7.6592e-05 0.000485152 -2.54392e-06 -7.6592e-05 0.010917 -0.0200759 -8.04785e-05 0.000485152 -0.0200759 0.0990708 
0.0108879 -0.0198948 -3.05161e-07 -7.68722e-05 -0.0198948 0.0981291 -7.30734e-05 0.000470901 -3.05161e-07 -7.30734e-05 0.0109254 -0.0200856 -7.68722e-05 0.000470901 -0.0200856 0.099131 
0.0108846 -0.0198792 9.44258e-06 -7.70783e-05 -0.0198792 0.098081 -6.99379e-05 0.000453841 9.44258e-06 -6.99379e-05 0.0109235 -0.020085 -7.70783e-05 0.000453841 -0.020085 0.099122 
0.0108793 -0.0198557 7.06964e-06 -9.10009e-05 -0.0198557 0.09796 -7.92252e-05 0.00046213 7.06964e-06 -7.92252e-05 0.0108931 -0.0200642 -9.10009e-05 0.00046213 -0.0200642 0.0990233 
0.0108697 -0.0198271 1.15441e-05 -9.02364e-05 -0.0198271 0.0977879 -7.5967e-05 0.000464808 1.15441e-05 -7.5967e-05 0.0108554 -0.0200049 -9.02364e-05 0.000464808 -0.0200049 0.0988113 
0.010886 -0.0198573 1.01041e-05 -9.27625e-05 -0.0198573 0.0979004 -7.9147e-05 0.000465086 1.01041e-05 -7.9147e-05 0.0108424 -0.0199998 -9.27625e-05 0.000465086 -0.0199998 0.0988456 
0.0108916 -0.0198445 -3.42466e-06 -8.76135e-05 -0.0198445 0.0978206 -7.67244e-05 0.000456126 -3.42466e-06 -7.67244e-05 0.0108166 -0.0199499 -8.76135e-05 0.000456126 -0.0199499 0.0986715 
0.0108886 -0.0198464 7.77579e-07 -6.78681e-05 -0.0198464 0.0977694 -6.27384e-05 0.000423792 7.77579e-07 -6.27384e-05 0.0108044 -0.0199115 -6.78681e-05 0.000423792 -0.0199115 0.0985162 
0.0108873 -0.0198662 4.34923e-06 -6.88313e-05 -0.0198662 0.0978438 -7.13997e-05 0.00041418 4.34923e-06 -7.13997e-05 0.0108206 -0.0199127 -6.88313e-05 0.00041418 -0.0199127 0.0985109 
0.010885 -0.0198738 8.18378e-06 -7.3605e-05 -0.0198738 0.0979163 -8.19018e-05 0.000429999 8.18378e-06 -8.19018e-05 0.0108406 -0.0199397 -7.3605e-05 0.000429999 -0.0199397 0.0985804 
0.0108688 -0.0198458 1.69234e-05 -8.05076e-05 -0.0198458 0.0978162 -8.69556e-05 0.000448091 1.69234e-05 -8.69556e-05 0.0108319 -0.0199393 -8.05076e-05 0.000448091 -0.0199393 0.0985276 
0.0108476 -0.0197989 1.66604e-05 -9.10997e-05 -0.0197989 0.0976023 -9.18968e-05 0.0004629 1.66604e-05 -9.18968e-05 0.0108009 -0.0198985 -9.10997e-05 0.0004629 -0.0198985 0.0983418 
0.0107972 -0.0197379 6.21454e-06 -9.1093e-05 -0.0197379 0.0972884 -8.58683e-05 0.000460765 6.21454e-06 -8.58683e-05 0.0107766 -0.0198191 -9.1093e-05 0.000460765 -0.0198191 0.0979966 
0.0107724 -0.0196731 6.14156e-06 -7.58906e-05 -0.0196731 0.0970315 -6.59916e-05 0.000423114 6.14156e-06 -6.59916e-05 0.010751 -0.0197833 -7.58906e-05 0.000423114 -0.0197833 0.0977624 
0.0107652 -0.0196815 5.98563e-06 -7.22257e-05 -0.0196815 0.0970683 -6.12697e-05 0.000391288 5.98563e-06 -6.12697e-05 0.0107657 -0.0198053 -7.22257e-05 0.000391288 -0.0198053 0.0978559 
0.0107475 -0.0196855 7.90303e-06 -7.10065e-05 -0.0196855 0.0971405 -6.08782e-05 0.000378055 7.90303e-06 -6.08782e-05 0.0107939 -0.0198441 -7.10065e-05 0.000378055 -0.0198441 0.0980167 
0.0107514 -0.0196964 1.24955e-06 -7.04306e-05 -0.0196964 0.0973079 -6.52549e-05 0.00037559 1.24955e-06 -6.52549e-05 0.0108261 -0.0199196 -7.04306e-05 0.00037559 -0.0199196 0.0983397 
0.0107537 -0.0196589 -1.12561e-05 -5.96554e-05 -0.0196589 0.0971889 -5.70022e-05 0.000357296 -1.12561e-05 -5.70022e-05 0.0108141 -0.0199198 -5.96554e-05 0.000357296 -0.0199198 0.0983545 
0.0107589 -0.0196338 -3.0115e-06 -4.26045e-05 -0.0196338 0.0970149 -3.78434e-05 0.000316002 -3.0115e-06 -3.78434e-05 0.0107719 -0.0198793 -4.26045e-05 0.000316002 -0.0198793 0.0982085 
0.0107409 -0.0196373 -1.11262e-05 -4.92191e-05 -0.0196373 0.096935 -4.40733e-05 0.00030134 -1.11262e-05 -4.40733e-05 0.0107624 -0.0198188 -4.92191e-05 0.00030134 -0.0198188 0.0980202 
0.0107222 -0.0196208 -2.31732e-05 -4.23504e-05 -0.0196208 0.0968869 -3.82394e-05 0.000294408 -2.31732e-05 -3.82394e-05 0.0107613 -0.0198036 -4.23504e-05 0.000294408 -0.0198036 0.0979064 
0.0107136 -0.0195939 -1.84607e-05 -2.83434e-05 -0.0195939 0.0968013 -2.48802e-05 0.000268193 -1.84607e-05 -2.48802e-05 0.0107464 -0.0197966 -2.83434e-05 0.000268193 -0.0197966 0.0978346 
0.0107155 -0.0195499 -2.52692e-06 -3.22531e-05 -0.0195499 0.0965773 -3.22249e-05 0.000264649 -2.52692e-06 -3.22249e-05 0.010701 -0.0197437 -3.22531e-05 0.000264649 -0.0197437 0.0976042 
0.0106914 -0.0195284 1.06436e-06 -5.10349e-05 -0.0195284 0.0963542 -5.30455e-05 0.000297755 1.06436e-06 -5.30455e-05 0.0106728 -0.0196559 -5.10349e-05 0.000297755 -0.0196559 0.0972605 
0.0106692 -0.0195148 -3.55574e-06 -5.40262e-05 -0.0195148 0.0962804 -5.711e-05 0.000319445 -3.55574e-06 -5.711e-05 0.0106683 -0.0196309 -5.40262e-05 0.000319445 -0.0196309 0.0970977 
0.0105987 -0.0194186 -1.15747e-05 -4.61764e-05 -0.0194186 0.0958537 -5.02398e-05 0.000311743 -1.15747e-05 -5.02398e-05 0.0106448 -0.0195562 -4.61764e-05 0.000311743 -0.0195562 0.096674 
0.0105579 -0.0193639 -1.54828e-05 -3.64814e-05 -0.0193639 0.0956719 -4.10673e-05 0.000291732 -1.54828e-05 -4.10673e-05 0.0106464 -0.0195589 -3.64814e-05 0.000291732 -0.0195589 0.096587 
0.0105432 -0.0193065 -1.41044e-05 -3.09188e-05 -0.0193065 0.0954693 -3.62061e-05 0.000273573 -1.41044e-05 -3.62061e-05 0.0106189 -0.0195527 -3.09188e-05 0.000273573 -0.0195527 0.0965085 
0.0105564 -0.0193458 -1.41179e-05 -3.33758e-05 -0.0193458 0.0956321 -3.65847e-05 0.000269759 -1.41179e-05 -3.65847e-05 0.0106277 -0.0195745 -3.33758e-05 0.000269759 -0.0195745 0.0966915 
0.0106097 -0.0194302 -1.31063e-05 -3.34225e-05 -0.0194302 0.0960641 -3.59387e-05 0.000269105 -1.31063e-05 -3.59387e-05 0.0106512 -0.0196409 -3.34225e-05 0.000269105 -0.0196409 0.0970716 
0.010661 -0.0195041 -1.59932e-05 -3.5573e-05 -0.0195041 0.0964103 -3.74595e-05 0.000272566 -1.59932e-05 -3.74595e-05 0.0106582 -0.0196758 -3.5573e-05 0.000272566 -0.0196758 0.0973278 
0.0106651 -0.0195054 -1.37412e-05 -3.19653e-05 -0.0195054 0.0963725 -3.53965e-05 0.000269654 -1.37412e-05 -3.53965e-05 0.0106382 -0.0196241 -3.19653e-05 0.000269654 -0.0196241 0.0971671 
0.0106579 -0.019511 -3.93598e-06 -3.30994e-05 -0.019511 0.0963679 -4.05884e-05 0.000272865 -3.93598e-06 -4.05884e-05 0.0106343 -0.0195971 -3.30994e-05 0.000272865 -0.0195971 0.0970538 
0.0106467 -0.0194546 2.49203e-06 -4.32625e-05 -0.0194546 0.0961137 -5.16548e-05 0.000289776 2.49203e-06 -5.16548e-05 0.0105928 -0.0195423 -4.32625e-05 0.000289776 -0.0195423 0.0967582 
0.0106261 -0.0194171 1.5151e-06 -5.17189e-05 -0.0194171 0.0958574 -5.71167e-05 0.000307449 1.5151e-06 -5.71167e-05 0.0105588 -0.0194688 -5.17189e-05 0.000307449 -0.0194688 0.0964378 
0.0106208 -0.0194445 -3.70063e-06 -5.07606e-05 -0.0194445 0.095955 -5.25483e-05 0.00030833 -3.70063e-06 -5.25483e-05 0.0105719 -0.0194749 -5.07606e-05 0.00030833 -0.0194749 0.096462 
0.0106214 -0.0194582 -6.29528e-06 -4.45079e-05 -0.0194582 0.0960859 -4.26427e-05 0.000292135 -6.29528e-06 -4.26427e-05 0.0105843 -0.0195117 -4.45079e-05 0.000292135 -0.0195117 0.0966008 
0.0105922 -0.0193844 -1.8187e-05 -4.15492e-05 -0.0193844 0.0957811 -3.77828e-05 0.000275681 -1.8187e-05 -3.77828e-05 0.010547 -0.0194584 -4.15492e-05 0.000275681 -0.0194584 0.0963467 
0.0105576 -0.0193304 -9.29593e-06 -2.60556e-05 -0.0193304 0.0954972 -2.2509e-05 0.000244291 -9.29593e-06 -2.2509e-05 0.0105168 -0.0193936 -2.60556e-05 0.000244291 -0.0193936 0.0960664 
0.0105386 -0.0192914 -7.87469e-06 -3.36479e-05 -0.0192914 0.0953169 -3.15243e-05 0.000238564 -7.87469e-06 -3.15243e-05 0.0104962 -0.0193537 -3.36479e-05 0.000238564 -0.0193537 0.0958709 
0.0105341 -0.0192736 8.23486e-07 -3.71823e-05 -0.0192736 0.0952183 -3.47749e-05 0.00024638 8.23486e-07 -3.47749e-05 0.0104698 -0.019328 -3.71823e-05 0.00024638 -0.019328 0.0957472 
0.0105282 -0.0192918 1.3197e-05 -4.85727e-05 -0.0192918 0.0952741 -4.27889e-05 0.000263081 1.3197e-05 -4.27889e-05 0.0104654 -0.019312 -4.85727e-05 0.000263081 -0.019312 0.0957288 
0.0105071 -0.0192529 1.50597e-05 -6.36291e-05 -0.0192529 0.0951349 -5.87101e-05 0.000294824 1.50597e-05 -5.87101e-05 0.0104454 -0.0192745 -6.36291e-05 0.000294824 -0.0192745 0.0955504 
0.0105101 -0.0192428 1.42018e-05 -6.42485e-05 -0.0192428 0.0951099 -6.14643e-05 0.000309686 1.42018e-05 -6.14643e-05 0.0104413 -0.0192684 -6.42485e-05 0.000309686 -0.0192684 0.0955256 
0.0104565 -0.0192031 -1.1547e-05 -5.88862e-05 -0.0192031 0.0948904 -5.93213e-05 0.00030291 -1.1547e-05 -5.93213e-05 0.0104541 -0.0192204 -5.88862e-05 0.00030291 -0.0192204 0.0952958 
0.0104281 -0.0191764 -3.15755e-05 -2.67836e-05 -0.0191764 0.0948768 -2.72622e-05 0.000248869 -3.15755e-05 -2.72622e-05 0.0104894 -0.0192704 -2.67836e-05 0.000248869 -0.0192704 0.0953869 
0.0103847 -0.0190709 -4.23999e-05 7.50191e-07 -0.0190709 0.094464 -3.68452e-07 0.000173421 -4.23999e-05 -3.68452e-07 0.0104676 -0.0192482 7.50191e-07 0.000173421 -0.0192482 0.0951668 
0.0103579 -0.0190278 -1.28728e-05 1.53989e-05 -0.0190278 0.0942455 1.09955e-05 0.000122548 -1.28728e-05 1.09955e-05 0.0104558 -0.0192337 1.53989e-05 0.000122548 -0.0192337 0.0950778 
0.0103622 -0.0190048 5.69483e-06 -2.17655e-05 -0.0190048 0.0941541 -2.65895e-05 0.000163559 5.69483e-06 -2.65895e-05 0.0104363 -0.0192349 -2.17655e-05 0.000163559 -0.0192349 0.0950717 
0.0103789 -0.0190005 5.32916e-06 -5.12032e-05 -0.0190005 0.0940782 -4.95046e-05 0.000236917 5.32916e-06 -4.95046e-05 0.0104051 -0.0192062 -5.12032e-05 0.000236917 -0.0192062 0.094998 
0.0104003 -0.0190221 -2.73565e-06 -5.59764e-05 -0.0190221 0.0940832 -4.44185e-05 0.00026625 -2.73565e-06 -4.44185e-05 0.010378 -0.019169 -5.59764e-05 0.00026625 -0.019169 0.0949038 
0.0104152 -0.0190534 3.27444e-06 -4.39639e-05 -0.0190534 0.094148 -2.90699e-05 0.00024611 3.27444e-06 -2.90699e-05 0.010371 -0.0191391 -4.39639e-05 0.00024611 -0.0191391 0.094826 
0.0104572 -0.0191262 -2.15329e-06 -4.84331e-05 -0.0191262 0.0944648 -3.59013e-05 0.000239976 -2.15329e-06 -3.59013e-05 0.0103909 -0.0191811 -4.84331e-05 0.000239976 -0.0191811 0.0950322 
0.0104929 -0.019226 -1.16532e-05 -4.13688e-05 -0.019226 0.094915 -3.3784e-05 0.000236688 -1.16532e-05 -3.3784e-05 0.0104341 -0.0192499 -4.13688e-05 0.000236688 -0.0192499 0.095392 
0.010499 -0.0192529 -9.10016e-06 -2.46536e-05 -0.0192529 0.0951042 -2.21595e-05 0.000208838 -9.10016e-06 -2.21595e-05 0.010457 -0.0192858 -2.46536e-05 0.000208838 -0.0192858 0.0955587 
0.0105162 -0.0192983 1.10783e-06 -2.11809e-05 -0.0192983 0.0953877 -2.18807e-05 0.0001858 1.10783e-06 -2.18807e-05 0.0104907 -0.0193526 -2.11809e-05 0.0001858 -0.0193526 0.0958775 
0.0105076 -0.0192533 1.09875e-05 -3.1805e-05 -0.0192533 0.0952329 -3.50581e-05 0.000194374 1.09875e-05 -3.50581e-05 0.0104742 -0.0193304 -3.1805e-05 0.000194374 -0.0193304 0.0957772 
0.0104866 -0.019199 3.01628e-05 -4.63767e-05 -0.019199 0.0949352 -5.15555e-05 0.000227728 3.01628e-05 -5.15555e-05 0.0104443 -0.0192652 -4.63767e-05 0.000227728 -0.0192652 0.0954829 
0.0104556 -0.0191789 3.59687e-05 -7.27394e-05 -0.0191789 0.0947972 -7.623e-05 0.000285637 3.59687e-05 -7.623e-05 0.0104451 -0.0192383 -7.27394e-05 0.000285637 -0.0192383 0.0953352 
0.0104406 -0.0191575 2.49571e-05 -8.48279e-05 -0.0191575 0.0947656 -8.37609e-05 0.000330473 2.49571e-05 -8.37609e-05 0.0104545 -0.0192653 -8.48279e-05 0.000330473 -0.0192653 0.0953862 
0.0104452 -0.0191236 1.07166e-05 -7.20112e-05 -0.0191236 0.0946494 -6.62098e-05 0.000320721 1.07166e-05 -6.62098e-05 0.0104359 -0.0192693 -7.20112e-05 0.000320721 -0.0192693 0.0953871 
0.0104669 -0.0191673 -5.47344e-06 -5.41327e-05 -0.0191673 0.0947978 -4.64024e-05 0.000280678 -5.47344e-06 -4.64024e-05 0.0104451 -0.0192859 -5.41327e-05 0.000280678 -0.0192859 0.0955452 
0.0104703 -0.0192 -1.16112e-05 -3.24297e-05 -0.0192 0.0949324 -2.51255e-05 0.000227132 -1.16112e-05 -2.51255e-05 0.0104588 -0.0192923 -3.24297e-05 0.000227132 -0.0192923 0.0956158 
0.0104634 -0.0191935 -2.07075e-05 -2.14536e-05 -0.0191935 0.0949418 -1.46822e-05 0.000182249 -2.07075e-05 -1.46822e-05 0.0104629 -0.0192886 -2.14536e-05 0.000182249 -0.0192886 0.0955863 
0.0104205 -0.0191042 -2.92755e-05 -8.33923e-06 -0.0191042 0.0945281 -1.40583e-06 0.000142108 -2.92755e-05 -1.40583e-06 0.0104219 -0.0192073 -8.33923e-06 0.000142108 -0.0192073 0.095165 
0.0104142 -0.0191012 -1.85748e-05 5.77184e-06 -0.0191012 0.0945083 1.16696e-05 0.000100304 -1.85748e-05 1.16696e-05 0.0104273 -0.0192128 5.77184e-06 0.000100304 -0.0192128 0.0951637 
0.0104079 -0.0190909 7.69637e-07 -6.15957e-06 -0.0190909 0.0944775 -1.06905e-06 0.000100243 7.69637e-07 -1.06905e-06 0.0104285 -0.019222 -6.15957e-06 0.000100243 -0.019222 0.0951776 
0.010393 -0.0190626 1.75784e-05 -3.28178e-05 -0.0190626 0.0943544 -2.70371e-05 0.000148017 1.75784e-05 -2.70371e-05 0.0104269 -0.01921 -3.28178e-05 0.000148017 -0.01921 0.0951105 
0.0104082 -0.0190566 1.86437e-05 -5.4652e-05 -0.0190566 0.0943304 -4.90076e-05 0.000206177 1.86437e-05 -4.90076e-05 0.0104146 -0.0192215 -5.4652e-05 0.000206177 -0.0192215 0.0951397 
0.0104306 -0.0191143 -2.58335e-06 -5.39627e-05 -0.0191143 0.0945363 -4.98499e-05 0.000228139 -2.58335e-06 -4.98499e-05 0.0104233 -0.019245 -5.39627e-05 0.000228139 -0.019245 0.0953197 
0.0104283 -0.0191112 -1.31046e-05 -2.59856e-05 -0.0191112 0.0945168 -2.27884e-05 0.000187686 -1.31046e-05 -2.27884e-05 0.0104084 -0.0192162 -2.59856e-05 0.000187686 -0.0192162 0.0952273 
0.0104332 -0.0190881 -1.60896e-05 -8.44226e-06 -0.0190881 0.0944058 -4.40493e-06 0.000130495 -1.60896e-05 -4.40493e-06 0.0103751 -0.0191775 -8.44226e-06 0.000130495 -0.0191775 0.0950599 
0.0104291 -0.0190716 -2.11635e-05 -1.62099e-06 -0.0190716 0.0942452 2.65041e-06 9.23869e-05 -2.11635e-05 2.65041e-06 0.0103406 -0.0191102 -1.62099e-06 9.23869e-05 -0.0191102 0.094795 
0.0104155 -0.0190634 -1.00655e-05 4.95121e-06 -0.0190634 0.0941428 9.8727e-06 6.62661e-05 -1.00655e-05 9.8727e-06 0.010324 -0.0190578 4.95121e-06 6.62661e-05 -0.0190578 0.0945645 
0.0104144 -0.019049 3.72939e-06 -7.79297e-06 -0.019049 0.0940736 -5.28148e-06 7.68914e-05 3.72939e-06 -5.28148e-06 0.0103112 -0.0190376 -7.79297e-06 7.68914e-05 -0.0190376 0.0944296 
0.0104344 -0.0191071 1.93903e-05 -2.5362e-05 -0.0191071 0.0943254 -2.65292e-05 0.000117471 1.93903e-05 -2.65292e-05 0.0103422 -0.0190844 -2.5362e-05 0.000117471 -0.0190844 0.0946498 
0.0104323 -0.019133 1.01372e-05 -4.42e-05 -0.019133 0.0944831 -4.71148e-05 0.00016619 1.01372e-05 -4.71148e-05 0.0103749 -0.0191263 -4.42e-05 0.00016619 -0.0191263 0.0948223 
0.0104432 -0.0191183 -6.17898e-06 -3.19826e-05 -0.0191183 0.0944886 -3.43915e-05 0.000165622 -6.17898e-06 -3.43915e-05 0.0103736 -0.0191551 -3.19826e-05 0.000165622 -0.0191551 0.0949091 
0.0104635 -0.0191493 -1.99127e-05 -1.21859e-05 -0.0191493 0.0946079 -1.29984e-05 0.000125721 -1.99127e-05 -1.29984e-05 0.0103842 -0.0191822 -1.21859e-05 0.000125721 -0.0191822 0.0950763 
0.0104903 -0.0192136 -2.75846e-05 2.67245e-06 -0.0192136 0.0949048 5.39369e-06 8.15723e-05 -2.75846e-05 5.39369e-06 0.0104225 -0.0192382 2.67245e-06 8.15723e-05 -0.0192382 0.0953785 
0.0105151 -0.0192663 -2.25419e-05 1.10585e-05 -0.0192663 0.0951956 1.65794e-05 4.88551e-05 -2.25419e-05 1.65794e-05 0.0104589 -0.0193069 1.10585e-05 4.88551e-05 -0.0193069 0.0956972 
0.0105256 -0.0192633 -2.22371e-05 5.13842e-06 -0.0192633 0.0952209 9.73544e-06 4.66142e-05 -2.22371e-05 9.73544e-06 0.010466 -0.0193263 5.13842e-06 4.66142e-05 -0.0193263 0.0957853 
0.0105405 -0.0192863 -1.29602e-05 3.03217e-06 -0.0192863 0.0953089 8.10191e-06 5.52719e-05 -1.29602e-05 8.10191e-06 0.0104794 -0.0193476 3.03217e-06 5.52719e-05 -0.0193476 0.0959039 
0.0105598 -0.019362 5.29145e-06 -9.5616e-06 -0.019362 0.095667 -4.44356e-06 7.89709e-05 5.29145e-06 -4.44356e-06 0.0105343 -0.0194222 -9.5616e-06 7.89709e-05 -0.0194222 0.0962709 
0.0105329 -0.0193131 8.23505e-06 -3.27331e-05 -0.0193131 0.0955177 -2.81524e-05 0.000128327 8.23505e-06 -2.81524e-05 0.0105403 -0.0194226 -3.27331e-05 0.000128327 -0.0194226 0.0962085 
0.0105033 -0.019242 1.26067e-05 -3.88574e-05 -0.019242 0.0952096 -3.80006e-05 0.000168699 1.26067e-05 -3.80006e-05 0.0105291 -0.019393 -3.88574e-05 0.000168699 -0.019393 0.0960129 
0.0104518 -0.0191594 1.67625e-06 -4.1418e-05 -0.0191594 0.0947857 -4.72856e-05 0.000191947 1.67625e-06 -4.72856e-05 0.0105107 -0.0193323 -4.1418e-05 0.000191947 -0.0193323 0.0956692 
0.0104249 -0.0191197 -9.22665e-06 -2.55914e-05 -0.0191197 0.0946103 -3.60628e-05 0.000181759 -9.22665e-06 -3.60628e-05 0.0105193 -0.0193353 -2.55914e-05 0.000181759 -0.0193353 0.0955912 
0.010481 -0.0191873 8.69926e-07 -1.00316e-05 -0.0191873 0.0949818 -2.14733e-05 0.000148856 8.69926e-07 -2.14733e-05 0.0105487 -0.0194585 -1.00316e-05 0.000148856 -0.0194585 0.0961092 
0.0105168 -0.0192385 1.38029e-05 -2.13983e-05 -0.0192385 0.0951733 -3.20464e-05 0.00014952 1.38029e-05 -3.20464e-05 0.0105538 -0.0194821 -2.13983e-05 0.00014952 -0.0194821 0.0963287 
0.0105392 -0.0192617 1.38664e-06 -4.10093e-05 -0.0192617 0.0952268 -4.9239e-05 0.00018611 1.38664e-06 -4.9239e-05 0.0105381 -0.0194605 -4.10093e-05 0.00018611 -0.0194605 0.0963012 
0.0105684 -0.0193015 1.3665e-06 -3.10797e-05 -0.0193015 0.0953524 -3.63377e-05 0.000192006 1.3665e-06 -3.63377e-05 0.0105332 -0.0194506 -3.10797e-05 0.000192006 -0.0194506 0.0963075 
0.0105694 -0.0193283 5.07121e-07 -3.2041e-05 -0.0193283 0.0954162 -3.33675e-05 0.000187469 5.07121e-07 -3.33675e-05 0.0105403 -0.0194326 -3.2041e-05 0.000187469 -0.0194326 0.0962487 
0.0105751 -0.0193558 5.85101e-06 -3.34852e-05 -0.0193558 0.0955659 -3.45499e-05 0.000192391 5.85101e-06 -3.45499e-05 0.0105592 -0.0194614 -3.34852e-05 0.000192391 -0.0194614 0.0963424 
0.0105828 -0.0193645 1.16731e-05 -4.01778e-05 -0.0193645 0.0956497 -4.28693e-05 0.000208334 1.16731e-05 -4.28693e-05 0.0105686 -0.0194883 -4.01778e-05 0.000208334 -0.0194883 0.0964421 
0.0106184 -0.0194141 1.33007e-05 -4.74861e-05 -0.0194141 0.0959019 -5.05389e-05 0.000229674 1.33007e-05 -5.05389e-05 0.010583 -0.0195422 -4.74861e-05 0.000229674 -0.0195422 0.0967163 
0.0106351 -0.0194428 1.72184e-05 -4.97299e-05 -0.0194428 0.0960137 -5.19883e-05 0.000241338 1.72184e-05 -5.19883e-05 0.0105796 -0.0195423 -4.97299e-05 0.000241338 -0.0195423 0.0967863 
0.0106436 -0.019436 9.61731e-06 -5.53762e-05 -0.019436 0.0959593 -5.53005e-05 0.000251721 9.61731e-06 -5.53005e-05 0.0105567 -0.0195032 -5.53762e-05 0.000251721 -0.0195032 0.0966478 
0.0106243 -0.0194217 -5.34487e-06 -4.8676e-05 -0.0194217 0.0958231 -4.5157e-05 0.000244576 -5.34487e-06 -4.5157e-05 0.0105403 -0.019444 -4.8676e-05 0.000244576 -0.019444 0.096398 
0.0106105 -0.0193936 -1.69563e-05 -3.07704e-05 -0.0193936 0.0957005 -2.29391e-05 0.00020609 -1.69563e-05 -2.29391e-05 0.0105195 -0.0194176 -3.07704e-05 0.00020609 -0.0194176 0.096225 
0.0105616 -0.0193387 -1.78421e-05 -1.30869e-05 -0.0193387 0.0954275 -6.0465e-06 0.000156995 -1.78421e-05 -6.0465e-06 0.010505 -0.0193574 -1.30869e-05 0.000156995 -0.0193574 0.0959361 
0.0105213 -0.0192651 -1.49621e-05 -4.3958e-06 -0.0192651 0.0951377 -2.609e-06 0.000120185 -1.49621e-05 -2.609e-06 0.0104837 -0.0193227 -4.3958e-06 0.000120185 -0.0193227 0.095694 
0.0104888 -0.019185 -1.62837e-05 -3.30009e-06 -0.019185 0.094775 -5.89524e-06 0.000105344 -1.62837e-05 -5.89524e-06 0.0104539 -0.0192709 -3.30009e-06 0.000105344 -0.0192709 0.0954097 
0.0105 -0.0191808 -1.99004e-05 -8.64693e-07 -0.0191808 0.094729 -3.59487e-06 9.47801e-05 -1.99004e-05 -3.59487e-06 0.0104396 -0.0192753 -8.64693e-07 9.47801e-05 -0.0192753 0.0954134 
0.0105288 -0.01924 -7.15166e-06 3.48171e-07 -0.01924 0.0949484 2.34439e-06 8.62035e-05 -7.15166e-06 2.34439e-06 0.0104412 -0.0192998 3.48171e-07 8.62035e-05 -0.0192998 0.0955929 
0.0105288 -0.0192587 -7.41748e-06 -1.91046e-05 -0.0192587 0.0950151 -1.49264e-05 0.000112382 -7.41748e-06 -1.49264e-05 0.0104368 -0.0192782 -1.91046e-05 0.000112382 -0.0192782 0.0955633 
0.0105061 -0.0192367 8.76818e-06 -2.16432e-05 -0.0192367 0.0949339 -1.95699e-05 0.000138062 8.76818e-06 -1.95699e-05 0.0104331 -0.0192462 -2.16432e-05 0.000138062 -0.0192462 0.0954157 
0.0105109 -0.0192584 2.24323e-05 -3.93456e-05 -0.0192584 0.0950933 -4.18898e-05 0.000178478 2.24323e-05 -4.18898e-05 0.0104584 -0.0192892 -3.93456e-05 0.000178478 -0.0192892 0.0955845 
0.0105221 -0.0192752 2.96074e-05 -5.95714e-05 -0.0192752 0.0952284 -6.49245e-05 0.000237564 2.96074e-05 -6.49245e-05 0.0104745 -0.0193319 -5.95714e-05 0.000237564 -0.0193319 0.0957706 
0.0105007 -0.0192499 2.27688e-05 -6.84696e-05 -0.0192499 0.0951244 -7.13084e-05 0.000273812 2.27688e-05 -7.13084e-05 0.0104688 -0.0193112 -6.84696e-05 0.000273812 -0.0193112 0.0956925 
0.0104829 -0.0192214 2.13355e-08 -5.88647e-05 -0.0192214 0.0950337 -5.75738e-05 0.000264091 2.13355e-08 -5.75738e-05 0.0104693 -0.019304 -5.88647e-05 0.000264091 -0.019304 0.0956414 
0.0104645 -0.0191853 -9.72724e-06 -2.7692e-05 -0.0191853 0.0948999 -2.52932e-05 0.000201227 -9.72724e-06 -2.52932e-05 0.0104686 -0.0192971 -2.7692e-05 0.000201227 -0.0192971 0.0955788 
0.0104375 -0.01913 -2.2977e-05 -1.10592e-05 -0.01913 0.0946466 -9.23169e-06 0.00013916 -2.2977e-05 -9.23169e-06 0.0104479 -0.0192651 -1.10592e-05 0.00013916 -0.0192651 0.0953962 
0.0104032 -0.0190846 -1.31784e-05 6.61559e-06 -0.0190846 0.0944195 5.83613e-06 9.06936e-05 -1.31784e-05 5.83613e-06 0.0104362 -0.019226 6.61559e-06 9.06936e-05 -0.019226 0.0952058 
0.0103769 -0.0190468 -8.88998e-06 -3.04867e-06 -0.0190468 0.0942694 -4.95714e-06 8.34562e-05 -8.88998e-06 -4.95714e-06 0.0104346 -0.0192139 -3.04867e-06 8.34562e-05 -0.0192139 0.0951044 
0.010386 -0.0190169 -4.73617e-06 -1.17208e-05 -0.0190169 0.0941591 -1.29275e-05 0.000102918 -4.73617e-06 -1.29275e-05 0.0104069 -0.019213 -1.17208e-05 0.000102918 -0.019213 0.0950615 
0.0104222 -0.0190131 7.67198e-06 -2.02397e-05 -0.0190131 0.0940504 -2.19295e-05 0.000128755 7.67198e-06 -2.19295e-05 0.0103492 -0.0191631 -2.02397e-05 0.000128755 -0.0191631 0.0949065 
0.0104702 -0.0191231 1.08952e-05 -3.77518e-05 -0.0191231 0.0943889 -3.79708e-05 0.000168316 1.08952e-05 -3.79708e-05 0.0103562 -0.0191514 -3.77518e-05 0.000168316 -0.0191514 0.0950152 
0.0105149 -0.0192425 1.35735e-06 -4.39364e-05 -0.0192425 0.0949202 -4.21451e-05 0.00019642 1.35735e-06 -4.21451e-05 0.0104003 -0.0192055 -4.39364e-05 0.00019642 -0.0192055 0.0953133 
0.0104952 -0.019229 4.29847e-06 -3.24747e-05 -0.019229 0.0948981 -2.94403e-05 0.000186397 4.29847e-06 -2.94403e-05 0.0104108 -0.019188 -3.24747e-05 0.000186397 -0.019188 0.0951919 
0.0104806 -0.0192256 1.18598e-05 -3.26804e-05 -0.0192256 0.0949499 -2.93554e-05 0.000173916 1.18598e-05 -2.93554e-05 0.0104438 -0.0192269 -3.26804e-05 0.000173916 -0.0192269 0.0952868 
0.010453 -0.0192202 1.1725e-05 -4.17232e-05 -0.0192202 0.0950114 -3.79384e-05 0.000183242 1.1725e-05 -3.79384e-05 0.0104957 -0.0192893 -4.17232e-05 0.000183242 -0.0192893 0.0954937 
0.0104111 -0.0191208 1.32252e-05 -4.12081e-05 -0.0191208 0.0946818 -3.76219e-05 0.000188193 1.32252e-05 -3.76219e-05 0.01049 -0.0193049 -4.12081e-05 0.000188193 -0.0193049 0.0954313 
0.0104123 -0.0190735 -1.1034e-05 -3.97568e-05 -0.0190735 0.0944841 -3.93305e-05 0.000186121 -1.1034e-05 -3.93305e-05 0.0104706 -0.0193151 -3.97568e-05 0.000186121 -0.0193151 0.0954627 
0.0104256 -0.019079 -2.00244e-05 -1.08429e-05 -0.019079 0.0944262 -1.25736e-05 0.000144256 -2.00244e-05 -1.25736e-05 0.0104521 -0.0192969 -1.08429e-05 0.000144256 -0.0192969 0.0954596 
0.0104283 -0.019116 -1.08282e-05 2.18417e-06 -0.019116 0.0945331 -3.81379e-07 0.000100641 -1.08282e-05 -3.81379e-07 0.0104488 -0.01929 2.18417e-06 0.000100641 -0.01929 0.0954988 
0.0103909 -0.0190584 7.83961e-06 -7.3754e-06 -0.0190584 0.0942805 -9.97395e-06 9.8145e-05 7.83961e-06 -9.97395e-06 0.0104259 -0.0192155 -7.3754e-06 9.8145e-05 -0.0192155 0.0951717 
0.0103933 -0.0190516 2.13221e-05 -3.20043e-05 -0.0190516 0.094277 -3.44341e-05 0.00014107 2.13221e-05 -3.44341e-05 0.0104299 -0.0192199 -3.20043e-05 0.00014107 -0.0192199 0.095152 
0.0104319 -0.0190853 2.12658e-05 -5.07671e-05 -0.0190853 0.0944303 -5.7186e-05 0.00020042 2.12658e-05 -5.7186e-05 0.0104268 -0.0192566 -5.07671e-05 0.00020042 -0.0192566 0.0953081 
0.0104774 -0.0191575 1.08133e-05 -4.95157e-05 -0.0191575 0.094693 -6.28747e-05 0.000231218 1.08133e-05 -6.28747e-05 0.0104216 -0.0192736 -4.95157e-05 0.000231218 -0.0192736 0.0954826 
0.0104695 -0.0191712 -4.66832e-06 -3.51016e-05 -0.0191712 0.0946821 -5.14858e-05 0.0002221 -4.66832e-06 -5.14858e-05 0.0104008 -0.019211 -3.51016e-05 0.0002221 -0.019211 0.0952827 
0.0104363 -0.019159 -1.34714e-05 -1.90981e-05 -0.019159 0.0946381 -3.01736e-05 0.00018669 -1.34714e-05 -3.01736e-05 0.0104061 -0.0191707 -1.90981e-05 0.00018669 -0.0191707 0.0950941 
0.0104107 -0.019107 -2.32145e-05 -1.06039e-05 -0.019107 0.0944958 -1.56942e-05 0.000151851 -2.32145e-05 -1.56942e-05 0.0104035 -0.0191655 -1.06039e-05 0.000151851 -0.0191655 0.0949689 
