0.00779918 0 3.14563e-05 0 0 0.0110186 0 0 3.14563e-05 0 0.00771747 0 0 0 0 0.0110186 
0.00952063 -0.0118168 1.77098e-05 -1.84468e-05 -0.0118168 0.0313648 -1.84468e-05 3.52034e-05 1.77098e-05 -1.84468e-05 0.00941869 -0.0116908 -1.84468e-05 3.52034e-05 -0.0116908 0.0311232 
0.00975044 -0.0181803 1.73397e-06 9.03305e-05 -0.0181803 0.067005 9.03305e-05 -0.000319714 1.73397e-06 9.03305e-05 0.00968398 -0.0179946 9.03305e-05 -0.000319714 -0.0179946 0.0664077 
0.00920242 -0.0178031 1.28753e-07 0.0001873 -0.0178031 0.079872 0.000193385 -0.00103907 1.28753e-07 0.000193385 0.00916524 -0.0176763 0.0001873 -0.00103907 -0.0176763 0.0792626 
0.00891914 -0.0167353 1.16375e-05 0.000154389 -0.0167353 0.0808235 0.000161466 -0.0012095 1.16375e-05 0.000161466 0.00890595 -0.0166616 0.000154389 -0.0012095 -0.0166616 0.080372 
0.00865212 -0.0159519 1.26715e-05 8.7259e-05 -0.0159519 0.0784852 8.85178e-05 -0.00090427 1.26715e-05 8.85178e-05 0.00865983 -0.0159189 8.7259e-05 -0.00090427 -0.0159189 0.078211 
0.00839335 -0.015421 2.01821e-05 6.20248e-05 -0.015421 0.0761273 5.99613e-05 -0.000620376 2.01821e-05 5.99613e-05 0.00842602 -0.0154184 6.20248e-05 -0.000620376 -0.0154184 0.0759901 
0.00813806 -0.0149364 1.12346e-05 4.93099e-05 -0.0149364 0.0738421 4.8457e-05 -0.000464883 1.12346e-05 4.8457e-05 0.00818407 -0.0149626 4.93099e-05 -0.000464883 -0.0149626 0.0738048 
0.0111078 -0.0203651 -5.07484e-06 8.45721e-05 -0.0203651 0.100725 8.56541e-05 -0.000588752 -5.07484e-06 8.56541e-05 0.0111922 -0.0204202 8.45721e-05 -0.000588752 -0.0204202 0.100755 
0.01091 -0.0199839 -1.01728e-05 0.000112041 -0.0199839 0.0988021 0.000113637 -0.00062057 -1.01728e-05 0.000113637 0.0109926 -0.0200632 0.000112041 -0.00062057 -0.0200632 0.0988952 
0.0107927 -0.0197862 -4.90658e-06 0.00012203 -0.0197862 0.097743 0.000123524 -0.000662872 -4.90658e-06 0.000123524 0.0108806 -0.0198663 0.00012203 -0.000662872 -0.0198663 0.0978672 
0.0107787 -0.0197679 -8.805e-07 0.000116287 -0.0197679 0.0976331 0.000117072 -0.000671303 -8.805e-07 0.000117072 0.0108604 -0.0198573 0.000116287 -0.000671303 -0.0198573 0.097781 
0.0107795 -0.0198126 -3.00137e-06 0.000107188 -0.0198126 0.0978474 0.00011045 -0.000657917 -3.00137e-06 0.00011045 0.0108855 -0.0198988 0.000107188 -0.000657917 -0.0198988 0.0980074 
0.0107798 -0.0198177 1.26938e-05 0.000103663 -0.0198177 0.0979617 0.000110538 -0.000641748 1.26938e-05 0.000110538 0.0109009 -0.0199348 0.000103663 -0.000641748 -0.0199348 0.0981739 
0.0107842 -0.0198133 1.4689e-05 8.29001e-05 -0.0198133 0.0979875 9.0533e-05 -0.000600041 1.4689e-05 9.0533e-05 0.0108953 -0.0199504 8.29001e-05 -0.000600041 -0.0199504 0.0982611 
0.0108236 -0.0198681 6.81669e-06 7.91635e-05 -0.0198681 0.0982535 8.64732e-05 -0.000571066 6.81669e-06 8.64732e-05 0.0108951 -0.0199923 7.91635e-05 -0.000571066 -0.0199923 0.0985306 
0.0108293 -0.0198735 -1.25987e-06 8.89572e-05 -0.0198735 0.0982331 9.32545e-05 -0.000570323 -1.25987e-06 9.32545e-05 0.0108664 -0.019937 8.89572e-05 -0.000570323 -0.019937 0.0983948 
0.010823 -0.0198077 -9.53276e-06 0.000100951 -0.0198077 0.0978753 0.000100159 -0.000585472 -9.53276e-06 0.000100159 0.0107938 -0.0198202 0.000100951 -0.000585472 -0.0198202 0.0978849 
0.0108247 -0.0198449 -6.0999e-06 0.000114564 -0.0198449 0.0979166 0.000107976 -0.000609044 -6.0999e-06 0.000107976 0.0107839 -0.0197736 0.000114564 -0.000609044 -0.0197736 0.0977314 
0.0108112 -0.01984 7.28194e-06 0.000111764 -0.01984 0.0978952 0.000104669 -0.000614723 7.28194e-06 0.000104669 0.0107727 -0.0197475 0.000111764 -0.000614723 -0.0197475 0.0975825 
0.0107882 -0.0198088 1.12271e-05 9.2836e-05 -0.0198088 0.0977787 8.99287e-05 -0.000587392 1.12271e-05 8.99287e-05 0.0107581 -0.0197217 9.2836e-05 -0.000587392 -0.0197217 0.0974349 
0.0107546 -0.019781 8.87988e-06 8.43671e-05 -0.019781 0.0976823 8.31201e-05 -0.000557322 8.87988e-06 8.31201e-05 0.0107723 -0.019706 8.43671e-05 -0.000557322 -0.019706 0.0973529 
0.0107141 -0.0197068 -1.4509e-06 8.43032e-05 -0.0197068 0.0974185 7.9895e-05 -0.000537102 -1.4509e-06 7.9895e-05 0.0107684 -0.0196974 8.43032e-05 -0.000537102 -0.0196974 0.0972082 
0.0106736 -0.0196634 -3.85757e-07 9.61437e-05 -0.0196634 0.0972593 8.94234e-05 -0.000544458 -3.85757e-07 8.94234e-05 0.0107837 -0.0197088 9.61437e-05 -0.000544458 -0.0197088 0.0972063 
0.0106585 -0.0196018 2.42756e-06 9.11208e-05 -0.0196018 0.0970546 8.89161e-05 -0.00054274 2.42756e-06 8.89161e-05 0.0107671 -0.0197189 9.11208e-05 -0.00054274 -0.0197189 0.097185 
0.0106804 -0.0196035 -3.57272e-07 8.24981e-05 -0.0196035 0.0970367 8.68076e-05 -0.000527849 -3.57272e-07 8.68076e-05 0.0107427 -0.0197212 8.24981e-05 -0.000527849 -0.0197212 0.0972504 
0.0107153 -0.0196263 2.14015e-06 8.27024e-05 -0.0196263 0.0970494 9.07396e-05 -0.000521142 2.14015e-06 9.07396e-05 0.01069 -0.0196774 8.27024e-05 -0.000521142 -0.0196774 0.0971698 
0.0107227 -0.0196747 -4.56442e-06 7.93647e-05 -0.0196747 0.0971491 8.74287e-05 -0.000513515 -4.56442e-06 8.74287e-05 0.0106719 -0.0196121 7.93647e-05 -0.000513515 -0.0196121 0.097032 
0.0107043 -0.0196345 -1.80216e-06 8.62281e-05 -0.0196345 0.0969596 9.42184e-05 -0.000517499 -1.80216e-06 9.42184e-05 0.0106361 -0.0195311 8.62281e-05 -0.000517499 -0.0195311 0.0966561 
0.0106676 -0.0195974 1.51918e-05 8.65291e-05 -0.0195974 0.0967608 9.24624e-05 -0.000522281 1.51918e-05 9.24624e-05 0.0106283 -0.0194777 8.65291e-05 -0.000522281 -0.0194777 0.0963761 
0.0106636 -0.0196169 2.60558e-05 7.03348e-05 -0.0196169 0.0969098 7.04139e-05 -0.000495853 2.60558e-05 7.04139e-05 0.0106628 -0.0195309 7.03348e-05 -0.000495853 -0.0195309 0.0965474 
0.01069 -0.0196374 2.61463e-05 6.0039e-05 -0.0196374 0.0970872 5.53502e-05 -0.000463431 2.61463e-05 5.53502e-05 0.0106848 -0.0195958 6.0039e-05 -0.000463431 -0.0195958 0.0968079 
0.0107461 -0.0197119 1.98079e-05 6.02125e-05 -0.0197119 0.0974307 5.5801e-05 -0.000452389 1.98079e-05 5.5801e-05 0.0107204 -0.0196691 6.02125e-05 -0.000452389 -0.0196691 0.0971911 
0.0107643 -0.0197424 1.51594e-05 6.80208e-05 -0.0197424 0.0975088 6.61738e-05 -0.000466839 1.51594e-05 6.61738e-05 0.010726 -0.019673 6.80208e-05 -0.000466839 -0.019673 0.0972332 
0.0107382 -0.0197256 4.82567e-06 7.53452e-05 -0.0197256 0.0973879 7.3793e-05 -0.00048924 4.82567e-06 7.3793e-05 0.0107321 -0.0196412 7.53452e-05 -0.00048924 -0.0196412 0.0970684 
0.010731 -0.0197157 -5.64015e-06 8.77695e-05 -0.0197157 0.0973875 8.68244e-05 -0.000518964 -5.64015e-06 8.68244e-05 0.0107397 -0.0196713 8.77695e-05 -0.000518964 -0.0196713 0.0971147 
0.010742 -0.0197297 -1.05935e-05 9.91794e-05 -0.0197297 0.0974857 0.000101255 -0.000553108 -1.05935e-05 0.000101255 0.0107422 -0.0197096 9.91794e-05 -0.000553108 -0.0197096 0.0972888 
0.0106923 -0.0196804 -7.59225e-06 0.000104062 -0.0196804 0.0972427 0.000107268 -0.000574009 -7.59225e-06 0.000107268 0.0107299 -0.0196482 0.000104062 -0.000574009 -0.0196482 0.0970546 
0.0106597 -0.0196021 -4.68729e-06 9.94755e-05 -0.0196021 0.0969617 9.99722e-05 -0.000568578 -4.68729e-06 9.99722e-05 0.010699 -0.0196172 9.94755e-05 -0.000568578 -0.0196172 0.0968422 
0.0106574 -0.0195577 -1.84805e-06 8.95442e-05 -0.0195577 0.0967511 9.00365e-05 -0.000539512 -1.84805e-06 9.00365e-05 0.0106584 -0.0195787 8.95442e-05 -0.000539512 -0.0195787 0.0966867 
0.0106576 -0.0195656 9.03457e-07 8.11078e-05 -0.0195656 0.0967083 8.55109e-05 -0.000511444 9.03457e-07 8.55109e-05 0.010641 -0.0195377 8.11078e-05 -0.000511444 -0.0195377 0.0965821 
0.0106614 -0.0195554 -4.63503e-06 7.57242e-05 -0.0195554 0.0966434 7.9743e-05 -0.000487544 -4.63503e-06 7.9743e-05 0.010615 -0.0195045 7.57242e-05 -0.000487544 -0.0195045 0.0964389 
0.0106629 -0.0195689 -9.86178e-06 8.78554e-05 -0.0195689 0.0966687 8.31027e-05 -0.000490111 -9.86178e-06 8.31027e-05 0.0106128 -0.0194883 8.78554e-05 -0.000490111 -0.0194883 0.0964005 
0.0106376 -0.0195581 -2.67025e-06 0.000100269 -0.0195581 0.0966156 8.65236e-05 -0.000507657 -2.67025e-06 8.65236e-05 0.0106258 -0.0194727 0.000100269 -0.000507657 -0.0194727 0.0963169 
0.0106156 -0.0195273 1.55995e-06 9.41915e-05 -0.0195273 0.0965404 7.80937e-05 -0.000505708 1.55995e-06 7.80937e-05 0.0106416 -0.0194903 9.41915e-05 -0.000505708 -0.0194903 0.0963132 
0.0106056 -0.0195029 -1.46928e-06 8.48902e-05 -0.0195029 0.096475 7.36772e-05 -0.000489699 -1.46928e-06 7.36772e-05 0.010653 -0.0195176 8.48902e-05 -0.000489699 -0.0195176 0.0963773 
0.0106131 -0.0194986 -3.70539e-07 8.82045e-05 -0.0194986 0.0964668 8.06257e-05 -0.000492235 -3.70539e-07 8.06257e-05 0.0106611 -0.019543 8.82045e-05 -0.000492235 -0.019543 0.0964768 
0.0106292 -0.0195099 7.62812e-06 8.80323e-05 -0.0195099 0.0964931 8.28113e-05 -0.000500731 7.62812e-06 8.28113e-05 0.0106576 -0.0195568 8.80323e-05 -0.000500731 -0.0195568 0.096549 
0.0106452 -0.0195301 1.43131e-05 7.76546e-05 -0.0195301 0.0965393 7.43204e-05 -0.000491148 1.43131e-05 7.43204e-05 0.0106549 -0.0195545 7.76546e-05 -0.000491148 -0.0195545 0.0965773 
0.0106785 -0.0195656 1.57616e-05 6.89877e-05 -0.0195656 0.0966708 6.75091e-05 -0.000474059 1.57616e-05 6.75091e-05 0.0106505 -0.0195694 6.89877e-05 -0.000474059 -0.0195694 0.0966678 
0.0106868 -0.0195776 1.85308e-05 6.83997e-05 -0.0195776 0.0966526 6.52365e-05 -0.000464977 1.85308e-05 6.52365e-05 0.0106384 -0.019539 6.83997e-05 -0.000464977 -0.019539 0.096573 
0.0106945 -0.019632 7.90832e-06 6.61909e-05 -0.019632 0.0968789 5.98451e-05 -0.000457719 7.90832e-06 5.98451e-05 0.010667 -0.0195713 6.61909e-05 -0.000457719 -0.0195713 0.0967373 
0.0106875 -0.0196399 -5.83572e-06 8.12953e-05 -0.0196399 0.0969877 7.47249e-05 -0.000480179 -5.83572e-06 7.47249e-05 0.0107008 -0.0196102 8.12953e-05 -0.000480179 -0.0196102 0.0968802 
0.0107096 -0.0196259 -2.2955e-05 0.000101273 -0.0196259 0.0969945 9.74943e-05 -0.000531864 -2.2955e-05 9.74943e-05 0.0106998 -0.0196492 0.000101273 -0.000531864 -0.0196492 0.0970005 
0.0107277 -0.019629 -1.96394e-05 0.000123948 -0.019629 0.0969256 0.000124043 -0.000597888 -1.96394e-05 0.000124043 0.0106823 -0.019628 0.000123948 -0.000597888 -0.019628 0.0969519 
0.0107241 -0.0196593 -2.22604e-05 0.000123782 -0.0196593 0.0969688 0.000122454 -0.000629718 -2.22604e-05 0.000122454 0.0106845 -0.0196084 0.000123782 -0.000629718 -0.0196084 0.0969051 
0.0107172 -0.019662 3.48544e-07 0.000126162 -0.019662 0.0970146 0.000120817 -0.000636197 3.48544e-07 0.000120817 0.0106898 -0.0196163 0.000126162 -0.000636197 -0.0196163 0.0969129 
0.010701 -0.0196612 2.82055e-05 0.000100438 -0.0196612 0.0970583 9.49731e-05 -0.000601983 2.82055e-05 9.49731e-05 0.0107068 -0.0196356 0.000100438 -0.000601983 -0.0196356 0.0969905 
0.0106755 -0.0196331 4.63346e-05 6.30333e-05 -0.0196331 0.0970047 6.07189e-05 -0.000525785 4.63346e-05 6.07189e-05 0.010723 -0.019648 6.30333e-05 -0.000525785 -0.019648 0.0970196 
0.0106463 -0.019567 3.70589e-05 3.52668e-05 -0.019567 0.09676 3.58734e-05 -0.000446069 3.70589e-05 3.58734e-05 0.0107138 -0.0196315 3.52668e-05 -0.000446069 -0.0196315 0.0968889 
0.0106513 -0.0195656 1.95607e-05 4.17673e-05 -0.0195656 0.0967695 4.35134e-05 -0.000420466 1.95607e-05 4.35134e-05 0.0107108 -0.019656 4.17673e-05 -0.000420466 -0.019656 0.0969876 
0.0106272 -0.0195344 -2.27372e-06 6.35661e-05 -0.0195344 0.0966106 6.23981e-05 -0.000445331 -2.27372e-06 6.23981e-05 0.0106983 -0.0196185 6.35661e-05 -0.000445331 -0.0196185 0.0968528 
0.0106147 -0.0195061 -2.92932e-07 9.18972e-05 -0.0195061 0.0965029 8.90394e-05 -0.000501329 -2.92932e-07 8.90394e-05 0.0106865 -0.0196027 9.18972e-05 -0.000501329 -0.0196027 0.0967644 
0.0106295 -0.0195113 6.74616e-06 9.2013e-05 -0.0195113 0.0965338 8.93772e-05 -0.000528569 6.74616e-06 8.93772e-05 0.0106728 -0.0196114 9.2013e-05 -0.000528569 -0.0196114 0.096815 
0.0106555 -0.0195326 9.44946e-06 8.13714e-05 -0.0195326 0.0965952 7.9249e-05 -0.000515244 9.44946e-06 7.9249e-05 0.0106504 -0.0195986 8.13714e-05 -0.000515244 -0.0195986 0.0968331 
0.0106639 -0.0195602 4.32236e-06 7.54391e-05 -0.0195602 0.0966533 7.34344e-05 -0.000494616 4.32236e-06 7.34344e-05 0.0106318 -0.0195627 7.54391e-05 -0.000494616 -0.0195627 0.0967644 
0.0106205 -0.0194753 5.94377e-06 7.75716e-05 -0.0194753 0.096224 7.4963e-05 -0.000482542 5.94377e-06 7.4963e-05 0.0105772 -0.0194398 7.75716e-05 -0.000482542 -0.0194398 0.0962116 
0.010603 -0.019453 1.79821e-06 7.27653e-05 -0.019453 0.0960834 7.17631e-05 -0.000469943 1.79821e-06 7.17631e-05 0.0105643 -0.0193954 7.27653e-05 -0.000469943 -0.0193954 0.0959821 
0.0105776 -0.0194093 -7.95302e-07 7.32048e-05 -0.0194093 0.0958675 7.34983e-05 -0.000459116 -7.95302e-07 7.34983e-05 0.0105428 -0.0193531 7.32048e-05 -0.000459116 -0.0193531 0.0957294 
0.0105834 -0.0194105 -1.83449e-05 7.63316e-05 -0.0194105 0.0958764 7.69377e-05 -0.000459477 -1.83449e-05 7.69377e-05 0.0105332 -0.0193627 7.63316e-05 -0.000459477 -0.0193627 0.0957426 
0.0106029 -0.0194566 -3.42151e-05 0.000101203 -0.0194566 0.0960814 0.000100003 -0.000499857 -3.42151e-05 0.000100003 0.0105402 -0.0193924 0.000101203 -0.000499857 -0.0193924 0.0959287 
0.010602 -0.0194809 -4.30728e-05 0.000124525 -0.0194809 0.0962172 0.000121798 -0.000559486 -4.30728e-05 0.000121798 0.0105558 -0.0194041 0.000124525 -0.000559486 -0.0194041 0.0960367 
0.0105796 -0.0194248 -4.80611e-05 0.000135551 -0.0194248 0.0960137 0.000135247 -0.000603825 -4.80611e-05 0.000135247 0.0105337 -0.019373 0.000135551 -0.000603825 -0.019373 0.0958658 
0.0105671 -0.0193883 -3.8023e-05 0.000139674 -0.0193883 0.0958338 0.000144292 -0.000629437 -3.8023e-05 0.000144292 0.0105199 -0.019338 0.000139674 -0.000629437 -0.019338 0.0957124 
0.0105739 -0.0193836 -1.95863e-05 0.000124222 -0.0193836 0.0957802 0.000133563 -0.00061792 -1.95863e-05 0.000133563 0.0105218 -0.0193279 0.000124222 -0.00061792 -0.0193279 0.0956538 
0.0105935 -0.0194371 9.56452e-07 0.000101039 -0.0194371 0.0959878 0.000109923 -0.000573233 9.56452e-07 0.000109923 0.0105521 -0.0193731 0.000101039 -0.000573233 -0.0193731 0.0958394 
0.0106158 -0.0194865 1.49814e-05 7.56405e-05 -0.0194865 0.096238 7.96721e-05 -0.000507065 1.49814e-05 7.96721e-05 0.0105841 -0.0194324 7.56405e-05 -0.000507065 -0.0194324 0.0960913 
0.0106295 -0.0195079 1.24116e-05 6.06045e-05 -0.0195079 0.0963565 6.18256e-05 -0.000453763 1.24116e-05 6.18256e-05 0.0106068 -0.0194624 6.06045e-05 -0.000453763 -0.0194624 0.0962217 
0.0106545 -0.0195497 4.42199e-06 6.70598e-05 -0.0195497 0.0965597 6.47768e-05 -0.000444163 4.42199e-06 6.47768e-05 0.0106432 -0.0195162 6.70598e-05 -0.000444163 -0.0195162 0.0964485 
0.0107039 -0.0196051 2.21306e-06 8.36953e-05 -0.0196051 0.0968294 8.05273e-05 -0.000478897 2.21306e-06 8.05273e-05 0.0106712 -0.0195947 8.36953e-05 -0.000478897 -0.0195947 0.0967735 
0.0107392 -0.019676 1.00718e-06 9.03606e-05 -0.019676 0.0970971 9.11741e-05 -0.000519871 1.00718e-06 9.11741e-05 0.0106892 -0.0196415 9.03606e-05 -0.000519871 -0.0196415 0.0970339 
0.0107675 -0.019712 8.12474e-06 9.35568e-05 -0.019712 0.0972461 9.6263e-05 -0.000546429 8.12474e-06 9.6263e-05 0.010686 -0.0196499 9.35568e-05 -0.000546429 -0.0196499 0.0971213 
0.0107806 -0.0197486 -4.28209e-07 8.72146e-05 -0.0197486 0.0973679 8.75817e-05 -0.000547666 -4.28209e-07 8.75817e-05 0.0106992 -0.0196393 8.72146e-05 -0.000547666 -0.0196393 0.0971318 
0.0107845 -0.0197789 6.93777e-08 9.67807e-05 -0.0197789 0.0975164 9.6503e-05 -0.000559386 6.93777e-08 9.6503e-05 0.0107264 -0.0196656 9.67807e-05 -0.000559386 -0.0196656 0.0972158 
0.0107862 -0.0197981 6.51783e-06 9.70078e-05 -0.0197981 0.0976608 9.9011e-05 -0.000572649 6.51783e-06 9.9011e-05 0.0107679 -0.0197159 9.70078e-05 -0.000572649 -0.0197159 0.0973907 
0.0107762 -0.0197979 1.07064e-05 8.91809e-05 -0.0197979 0.0977186 9.26083e-05 -0.000568329 1.07064e-05 9.26083e-05 0.0107967 -0.0197666 8.91809e-05 -0.000568329 -0.0197666 0.0975491 
0.010811 -0.0198084 8.42343e-06 8.44685e-05 -0.0198084 0.097843 8.66422e-05 -0.000557013 8.42343e-06 8.66422e-05 0.0107881 -0.0198272 8.44685e-05 -0.000557013 -0.0198272 0.0977994 
0.0108087 -0.0198105 6.59754e-06 8.64995e-05 -0.0198105 0.0977713 8.73089e-05 -0.000551286 6.59754e-06 8.73089e-05 0.0107741 -0.0197772 8.64995e-05 -0.000551286 -0.0197772 0.0977017 
0.010844 -0.0198748 -1.23239e-06 9.05963e-05 -0.0198748 0.0980665 9.06339e-05 -0.000559339 -1.23239e-06 9.06339e-05 0.0108 -0.0198165 9.05963e-05 -0.000559339 -0.0198165 0.0979148 
0.0108607 -0.0199367 -8.17506e-06 0.000104017 -0.0199367 0.0983571 0.000104358 -0.000589165 -8.17506e-06 0.000104358 0.0108398 -0.0198622 0.000104017 -0.000589165 -0.0198622 0.0981438 
0.0108736 -0.0199301 -2.34259e-05 0.000116706 -0.0199301 0.0983946 0.000117571 -0.000629077 -2.34259e-05 0.000117571 0.0108421 -0.0198876 0.000116706 -0.000629077 -0.0198876 0.0982098 
0.0108682 -0.0199482 -2.96107e-05 0.000138262 -0.0199482 0.0984507 0.000135583 -0.000678935 -2.96107e-05 0.000135583 0.01087 -0.0198985 0.000138262 -0.000678935 -0.0198985 0.0982851 
0.0108347 -0.0198969 -2.84132e-05 0.000149066 -0.0198969 0.098258 0.000143036 -0.000716936 -2.84132e-05 0.000143036 0.0108741 -0.0198926 0.000149066 -0.000716936 -0.0198926 0.0981689 
0.0108317 -0.0198879 -1.8487e-05 0.000143358 -0.0198879 0.0982718 0.000140752 -0.000723071 -1.8487e-05 0.000140752 0.0108892 -0.0199407 0.000143358 -0.000723071 -0.0199407 0.0983284 
0.010846 -0.0198847 -1.56461e-05 0.000124341 -0.0198847 0.0982847 0.000127503 -0.00069317 -1.56461e-05 0.000127503 0.0108922 -0.019968 0.000124341 -0.00069317 -0.019968 0.0984654 
0.0108284 -0.0198739 -1.0171e-05 0.000115282 -0.0198739 0.0981769 0.000121656 -0.000660575 -1.0171e-05 0.000121656 0.0108826 -0.0199384 0.000115282 -0.000660575 -0.0199384 0.0983685 
0.0107841 -0.0198045 7.03898e-06 0.000109133 -0.0198045 0.0978612 0.000114299 -0.000636197 7.03898e-06 0.000114299 0.0108532 -0.0198737 0.000109133 -0.000636197 -0.0198737 0.098045 
0.0107636 -0.0197693 1.76543e-05 8.96638e-05 -0.0197693 0.0977224 9.25486e-05 -0.000596072 1.76543e-05 9.25486e-05 0.0108397 -0.019856 8.96638e-05 -0.000596072 -0.019856 0.0979315 
0.010753 -0.0197018 3.51562e-05 7.35745e-05 -0.0197018 0.0974108 7.66613e-05 -0.000548564 3.51562e-05 7.66613e-05 0.0107846 -0.0197971 7.35745e-05 -0.000548564 -0.0197971 0.0976464 
0.0107333 -0.0196693 3.89559e-05 4.96023e-05 -0.0196693 0.0971537 5.62861e-05 -0.000493065 3.89559e-05 5.62861e-05 0.0107382 -0.0197131 4.96023e-05 -0.000493065 -0.0197131 0.0973241 
0.0107067 -0.019656 2.7061e-05 4.49235e-05 -0.019656 0.0970488 5.20985e-05 -0.000462741 2.7061e-05 5.20985e-05 0.0107245 -0.019661 4.49235e-05 -0.000462741 -0.019661 0.0971137 
0.0107017 -0.0196161 1.03311e-05 6.20686e-05 -0.0196161 0.0969068 6.32269e-05 -0.00047434 1.03311e-05 6.32269e-05 0.0107023 -0.0196357 6.20686e-05 -0.00047434 -0.0196357 0.0969501 
0.010723 -0.0196109 6.2519e-07 8.6147e-05 -0.0196109 0.0968239 8.03193e-05 -0.000514581 6.2519e-07 8.03193e-05 0.0106618 -0.0196057 8.6147e-05 -0.000514581 -0.0196057 0.0968271 
0.0107359 -0.0196777 4.53748e-06 9.90174e-05 -0.0196777 0.0970129 9.0517e-05 -0.000550194 4.53748e-06 9.0517e-05 0.0106665 -0.0195858 9.90174e-05 -0.000550194 -0.0195858 0.0968465 
0.0107231 -0.019689 2.23054e-05 9.0186e-05 -0.019689 0.0970996 8.47463e-05 -0.000548881 2.23054e-05 8.47463e-05 0.010681 -0.0195838 9.0186e-05 -0.000548881 -0.0195838 0.0968232 
0.0107346 -0.019694 2.5725e-05 5.97588e-05 -0.019694 0.0972141 6.14343e-05 -0.000495422 2.5725e-05 6.14343e-05 0.0106903 -0.0196273 5.97588e-05 -0.000495422 -0.0196273 0.0969691 
0.0107551 -0.0196977 1.85647e-05 5.02555e-05 -0.0196977 0.0972451 5.46395e-05 -0.000449342 1.85647e-05 5.46395e-05 0.0106784 -0.0196402 5.02555e-05 -0.000449342 -0.0196402 0.0970539 
0.0107683 -0.019723 8.45012e-06 6.26726e-05 -0.019723 0.0973011 6.45582e-05 -0.000452763 8.45012e-06 6.45582e-05 0.0106747 -0.0196246 6.26726e-05 -0.000452763 -0.0196246 0.0970651 
0.0107654 -0.0197654 6.98287e-06 8.16816e-05 -0.0197654 0.0974811 7.86058e-05 -0.000489817 6.98287e-06 7.86058e-05 0.0106952 -0.0196379 8.16816e-05 -0.000489817 -0.0196379 0.0971601 
0.0107566 -0.0197575 1.24143e-05 8.90119e-05 -0.0197575 0.097536 8.00341e-05 -0.000517546 1.24143e-05 8.00341e-05 0.0107153 -0.0196579 8.90119e-05 -0.000517546 -0.0196579 0.0972228 
0.0107485 -0.0197423 2.6556e-05 8.05253e-05 -0.0197423 0.0975232 7.05322e-05 -0.000509955 2.6556e-05 7.05322e-05 0.0107332 -0.0196795 8.05253e-05 -0.000509955 -0.0196795 0.0972835 
0.0107784 -0.0197624 2.88947e-05 5.91439e-05 -0.0197624 0.0976541 5.5265e-05 -0.000475127 2.88947e-05 5.5265e-05 0.0107421 -0.019732 5.91439e-05 -0.000475127 -0.019732 0.0974981 
0.0108092 -0.0198112 6.71523e-06 5.64764e-05 -0.0198112 0.0978425 5.57599e-05 -0.000458694 6.71523e-06 5.57599e-05 0.0107559 -0.0197631 5.64764e-05 -0.000458694 -0.0197631 0.0977052 
0.0107931 -0.0198023 -5.67464e-06 8.53283e-05 -0.0198023 0.097769 8.05543e-05 -0.000495646 -5.67464e-06 8.05543e-05 0.0107586 -0.0197384 8.53283e-05 -0.000495646 -0.0197384 0.0976125 
0.0107551 -0.0197358 -1.81818e-05 0.000105386 -0.0197358 0.0974831 9.73455e-05 -0.000547921 -1.81818e-05 9.73455e-05 0.0107389 -0.0197018 0.000105386 -0.000547921 -0.0197018 0.0973746 
0.0107285 -0.0196815 -6.61603e-06 0.000121082 -0.0196815 0.0972495 0.000112831 -0.000593168 -6.61603e-06 0.000112831 0.0107271 -0.0196816 0.000121082 -0.000593168 -0.0196816 0.0972401 
0.0107281 -0.0196667 1.16337e-05 0.000106857 -0.0196667 0.0971832 0.00010059 -0.000592592 1.16337e-05 0.00010059 0.0107222 -0.01969 0.000106857 -0.000592592 -0.01969 0.0972642 
0.0107165 -0.0196707 2.2582e-05 7.96673e-05 -0.0196707 0.0971731 7.74571e-05 -0.000544698 2.2582e-05 7.74571e-05 0.0107356 -0.019688 7.96673e-05 -0.000544698 -0.019688 0.0972827 
0.0106871 -0.0196403 2.30574e-05 6.10179e-05 -0.0196403 0.0970571 6.34871e-05 -0.000492607 2.30574e-05 6.34871e-05 0.0107451 -0.0196774 6.10179e-05 -0.000492607 -0.0196774 0.09719 
0.0107056 -0.0196392 1.11167e-05 6.03532e-05 -0.0196392 0.0971143 6.45562e-05 -0.000474214 1.11167e-05 6.45562e-05 0.0107432 -0.0197197 6.03532e-05 -0.000474214 -0.0197197 0.0973203 
0.010739 -0.0196844 -1.2168e-06 7.49621e-05 -0.0196844 0.0972803 7.93666e-05 -0.00049333 -1.2168e-06 7.93666e-05 0.0107441 -0.0197354 7.49621e-05 -0.00049333 -0.0197354 0.0974681 
0.0107747 -0.019723 -1.09151e-05 9.21663e-05 -0.019723 0.0974128 9.75283e-05 -0.000534409 -1.09151e-05 9.75283e-05 0.0107251 -0.0197298 9.21663e-05 -0.000534409 -0.0197298 0.0975025 
0.010781 -0.0197696 -1.40281e-05 0.000105696 -0.0197696 0.097554 0.000112311 -0.000577015 -1.40281e-05 0.000112311 0.0107346 -0.0197068 0.000105696 -0.000577015 -0.0197068 0.0974847 
0.0107734 -0.0197556 -1.21906e-06 0.000106544 -0.0197556 0.097526 0.000114295 -0.000592443 -1.21906e-06 0.000114295 0.0107383 -0.0196974 0.000106544 -0.000592443 -0.0196974 0.0973925 
0.0107694 -0.0197419 -1.0874e-05 9.45791e-05 -0.0197419 0.0974728 9.929e-05 -0.000578631 -1.0874e-05 9.929e-05 0.0107432 -0.0197019 9.45791e-05 -0.000578631 -0.0197019 0.0973616 
0.010767 -0.0197226 -2.35003e-05 0.000107947 -0.0197226 0.0973682 0.000110325 -0.000589014 -2.35003e-05 0.000110325 0.0107312 -0.0196964 0.000107947 -0.000589014 -0.0196964 0.0972946 
0.010786 -0.0197609 -1.90393e-05 0.000127068 -0.0197609 0.0975139 0.000129275 -0.000632648 -1.90393e-05 0.000129275 0.0107458 -0.0197195 0.000127068 -0.000632648 -0.0197195 0.0974265 
0.0108047 -0.019829 -1.80128e-06 0.000123828 -0.019829 0.0978258 0.000127973 -0.000655186 -1.80128e-06 0.000127973 0.0107941 -0.0197721 0.000123828 -0.000655186 -0.0197721 0.0976905 
0.0108041 -0.0198202 -6.53371e-07 0.000102739 -0.0198202 0.0978408 0.000107353 -0.000628319 -6.53371e-07 0.000107353 0.0108003 -0.0197928 0.000102739 -0.000628319 -0.0197928 0.0977192 
0.010832 -0.0198542 -3.96263e-06 9.92078e-05 -0.0198542 0.0980215 0.00010045 -0.000602037 -3.96263e-06 0.00010045 0.0108153 -0.0198416 9.92078e-05 -0.000602037 -0.0198416 0.0979428 
0.0108517 -0.0199034 -1.58481e-06 0.000104429 -0.0199034 0.0982352 0.000101496 -0.000597898 -1.58481e-06 0.000101496 0.0108488 -0.0198757 0.000104429 -0.000597898 -0.0198757 0.0981506 
0.0108492 -0.0199175 6.54708e-06 0.000105182 -0.0199175 0.0983267 9.90302e-05 -0.000598822 6.54708e-06 9.90302e-05 0.0108762 -0.0199102 0.000105182 -0.000598822 -0.0199102 0.098271 
0.0108838 -0.0199468 -5.29429e-06 9.97466e-05 -0.0199468 0.0985367 8.8651e-05 -0.000589652 -5.29429e-06 8.8651e-05 0.0108936 -0.0199891 9.97466e-05 -0.000589652 -0.0199891 0.0985933 
0.0109058 -0.0199612 -2.00277e-05 0.00011534 -0.0199612 0.0985707 0.000102938 -0.0006072 -2.00277e-05 0.000102938 0.0108822 -0.0199934 0.00011534 -0.0006072 -0.0199934 0.0986829 
0.0108948 -0.0199633 -1.9796e-05 0.000136594 -0.0199633 0.0985144 0.000123464 -0.000655928 -1.9796e-05 0.000123464 0.0108698 -0.0199551 0.000136594 -0.000655928 -0.0199551 0.0985799 
0.0108907 -0.0199707 -9.95111e-06 0.000138069 -0.0199707 0.0985696 0.000126795 -0.00068565 -9.95111e-06 0.000126795 0.0108829 -0.019957 0.000138069 -0.00068565 -0.019957 0.0985988 
0.0108873 -0.0199679 -8.00946e-06 0.000122531 -0.0199679 0.0985999 0.000116531 -0.000673843 -8.00946e-06 0.000116531 0.0108983 -0.0199776 0.000122531 -0.000673843 -0.0199776 0.0986593 
0.0109001 -0.0200001 -3.12008e-07 0.000116031 -0.0200001 0.0987948 0.000113424 -0.000656057 -3.12008e-07 0.000113424 0.0109366 -0.0200403 0.000116031 -0.000656057 -0.0200403 0.098931 
0.0108816 -0.0199669 -1.14804e-05 0.000105346 -0.0199669 0.0986734 0.000103942 -0.000632885 -1.14804e-05 0.000103942 0.0109385 -0.0200426 0.000105346 -0.000632885 -0.0200426 0.098908 
0.0108317 -0.0198456 -1.84377e-05 0.000116756 -0.0198456 0.0980955 0.000117285 -0.000638 -1.84377e-05 0.000117285 0.0108752 -0.0199427 0.000116756 -0.000638 -0.0199427 0.0984011 
0.0107768 -0.0197729 -2.3683e-05 0.00012535 -0.0197729 0.0976807 0.000126669 -0.00065955 -2.3683e-05 0.000126669 0.0108406 -0.0198531 0.00012535 -0.00065955 -0.0198531 0.0979854 
0.0107 -0.019651 -9.9855e-06 0.00013188 -0.019651 0.0971167 0.000131281 -0.000675046 -9.9855e-06 0.000131281 0.0108007 -0.0197568 0.00013188 -0.000675046 -0.0197568 0.0974536 
0.0106761 -0.0195862 5.31231e-06 0.000116882 -0.0195862 0.0968561 0.000112517 -0.000654758 5.31231e-06 0.000112517 0.0107761 -0.0197461 0.000116882 -0.000654758 -0.0197461 0.0973095 
0.0106856 -0.0196127 3.3171e-06 9.77054e-05 -0.0196127 0.0969635 8.73974e-05 -0.000603611 3.3171e-06 8.73974e-05 0.0107803 -0.0197771 9.77054e-05 -0.000603611 -0.0197771 0.0974869 
0.0106806 -0.0195787 7.86249e-06 9.51812e-05 -0.0195787 0.0968078 8.35968e-05 -0.000566703 7.86249e-06 8.35968e-05 0.0107428 -0.0197359 9.51812e-05 -0.000566703 -0.0197359 0.09734 
0.0106804 -0.0195585 8.45742e-07 8.60537e-05 -0.0195585 0.096659 7.72016e-05 -0.000539021 8.45742e-07 7.72016e-05 0.0107012 -0.0196754 8.60537e-05 -0.000539021 -0.0196754 0.0971291 
0.0106484 -0.0195165 -1.91918e-06 9.10629e-05 -0.0195165 0.0963782 8.34861e-05 -0.000529291 -1.91918e-06 8.34861e-05 0.0106623 -0.0195755 9.10629e-05 -0.000529291 -0.0195755 0.0967182 
0.0106437 -0.0194991 7.76738e-06 9.52978e-05 -0.0194991 0.0962922 8.68222e-05 -0.000534084 7.76738e-06 8.68222e-05 0.0106422 -0.0195473 9.52978e-05 -0.000534084 -0.0195473 0.0965548 
0.0106723 -0.0195412 1.59825e-05 8.15763e-05 -0.0195412 0.0964677 7.6157e-05 -0.00051694 1.59825e-05 7.6157e-05 0.0106481 -0.0195674 8.15763e-05 -0.00051694 -0.0195674 0.0966701 
0.0107089 -0.0195855 1.72374e-05 6.92262e-05 -0.0195855 0.0966466 6.65175e-05 -0.000489056 1.72374e-05 6.65175e-05 0.0106484 -0.0195862 6.92262e-05 -0.000489056 -0.0195862 0.0967861 
