0.00770026 0 -1.48021e-05 0 0 0.0110071 0 0 -1.48021e-05 0 0.00776909 0 0 0 0 0.0110071 
0.00942504 -0.0117014 -1.4918e-05 1.7716e-05 -0.0117014 0.0311408 1.7716e-05 -3.41985e-05 -1.4918e-05 1.7716e-05 0.0094695 -0.0117505 1.7716e-05 -3.41985e-05 -0.0117505 0.0312343 
0.00972993 -0.0181203 -2.8565e-06 4.36594e-06 -0.0181203 0.0668396 4.36594e-06 -9.00792e-06 -2.8565e-06 4.36594e-06 0.00966267 -0.01798 4.36594e-06 -9.00792e-06 -0.01798 0.0663329 
0.00921685 -0.0178842 1.76861e-05 -1.96641e-05 -0.0178842 0.0802618 -2.11462e-05 0.000103064 1.76861e-05 -2.11462e-05 0.0090883 -0.0174419 -1.96641e-05 0.000103064 -0.0174419 0.0782293 
0.00887864 -0.0167803 1.35901e-05 -3.45301e-05 -0.0167803 0.0811667 -4.26229e-05 0.000167812 1.35901e-05 -4.26229e-05 0.00882104 -0.0163159 -3.45301e-05 0.000167812 -0.0163159 0.0785586 
0.00861585 -0.0159853 1.71456e-06 -2.19837e-05 -0.0159853 0.0788687 -3.26077e-05 0.000146625 1.71456e-06 -3.26077e-05 0.00862007 -0.0157019 -2.19837e-05 0.000146625 -0.0157019 0.0767877 
0.00835357 -0.0154313 -1.00503e-05 -3.88667e-06 -0.0154313 0.0763493 -9.32359e-06 8.22146e-05 -1.00503e-05 -9.32359e-06 0.00840704 -0.0152772 -3.88667e-06 8.22146e-05 -0.0152772 0.0749504 
0.00812115 -0.0149601 -9.55884e-06 7.61583e-06 -0.0149601 0.0740691 7.48688e-06 2.89601e-05 -9.55884e-06 7.48688e-06 0.00817184 -0.0148772 7.61583e-06 2.89601e-05 -0.0148772 0.0731133 
0.0111549 -0.0205052 -1.76186e-05 7.41171e-06 -0.0205052 0.101459 1.27677e-05 1.03044e-05 -1.76186e-05 1.27677e-05 0.0111794 -0.020383 7.41171e-06 1.03044e-05 -0.020383 0.10035 
0.0110462 -0.0203166 -2.12521e-05 8.75838e-06 -0.0203166 0.100389 1.36965e-05 5.77124e-06 -2.12521e-05 1.36965e-05 0.0110369 -0.0201265 8.75838e-06 5.77124e-06 -0.0201265 0.0992214 
0.0109527 -0.0201498 -1.64556e-05 1.16561e-05 -0.0201498 0.0995057 1.51889e-05 4.16696e-06 -1.64556e-05 1.51889e-05 0.0109208 -0.0199062 1.16561e-05 4.16696e-06 -0.0199062 0.098196 
0.0108931 -0.0200436 -8.14708e-06 6.48206e-06 -0.0200436 0.098948 5.40138e-06 1.76051e-05 -8.14708e-06 5.40138e-06 0.0108463 -0.0197709 6.48206e-06 1.76051e-05 -0.0197709 0.0975287 
0.0108872 -0.0200445 1.76766e-06 -2.20927e-06 -0.0200445 0.0989391 -8.97256e-06 4.57119e-05 1.76766e-06 -8.97256e-06 0.0108307 -0.01976 -2.20927e-06 4.57119e-05 -0.01976 0.0974663 
0.010879 -0.0200311 -8.78165e-07 -1.35698e-05 -0.0200311 0.0988886 -2.01431e-05 7.42632e-05 -8.78165e-07 -2.01431e-05 0.0108163 -0.0197416 -1.35698e-05 7.42632e-05 -0.0197416 0.0974018 
0.0108879 -0.0200543 -5.62494e-06 -1.14411e-05 -0.0200543 0.0990103 -1.16565e-05 7.46357e-05 -5.62494e-06 -1.16565e-05 0.0108286 -0.0197607 -1.14411e-05 7.46357e-05 -0.0197607 0.0975209 
0.0108789 -0.0200714 -1.14257e-06 -4.85194e-06 -0.0200714 0.0991082 3.07242e-07 5.28232e-05 -1.14257e-06 3.07242e-07 0.0108543 -0.0197805 -4.85194e-06 5.28232e-05 -0.0197805 0.0976235 
0.0108534 -0.0200737 1.20303e-05 -9.33933e-06 -0.0200737 0.0992062 -1.75487e-06 4.37824e-05 1.20303e-05 -1.75487e-06 0.0109058 -0.0198288 -9.33933e-06 4.37824e-05 -0.0198288 0.0978013 
0.0108038 -0.0199539 1.28509e-05 -2.58385e-05 -0.0199539 0.0987655 -1.85766e-05 6.77393e-05 1.28509e-05 -1.85766e-05 0.0108915 -0.0198063 -2.58385e-05 6.77393e-05 -0.0198063 0.0975596 
0.0107868 -0.019871 4.41456e-06 -2.46488e-05 -0.019871 0.098372 -2.37999e-05 8.45521e-05 4.41456e-06 -2.37999e-05 0.0108509 -0.0197778 -2.46488e-05 8.45521e-05 -0.0197778 0.0973575 
0.0107841 -0.0198404 -1.00343e-06 -1.1246e-05 -0.0198404 0.0981212 -1.65503e-05 7.38455e-05 -1.00343e-06 -1.65503e-05 0.0108018 -0.0197241 -1.1246e-05 7.38455e-05 -0.0197241 0.0971504 
0.0107519 -0.019845 -4.31198e-06 -7.03278e-07 -0.019845 0.0980357 -9.03661e-06 4.91781e-05 -4.31198e-06 -9.03661e-06 0.0107904 -0.0196642 -7.03278e-07 4.91781e-05 -0.0196642 0.096958 
0.0107386 -0.0198266 -2.63347e-06 2.96597e-06 -0.0198266 0.0980335 -6.04395e-06 3.47641e-05 -2.63347e-06 -6.04395e-06 0.0107855 -0.0196654 2.96597e-06 3.47641e-05 -0.0196654 0.0969225 
0.0107242 -0.0198003 -1.35959e-05 -3.05044e-07 -0.0198003 0.0979601 -7.10721e-06 3.28149e-05 -1.35959e-05 -7.10721e-06 0.0107795 -0.019659 -3.05044e-07 3.28149e-05 -0.019659 0.0968948 
0.0107224 -0.0197805 -1.17457e-05 1.01744e-05 -0.0197805 0.0979006 8.11489e-06 1.39292e-05 -1.17457e-05 8.11489e-06 0.0107768 -0.0196618 1.01744e-05 1.39292e-05 -0.0196618 0.0969079 
0.010702 -0.0197347 -3.33353e-06 7.25409e-06 -0.0197347 0.0976646 9.54864e-06 2.88856e-06 -3.33353e-06 9.54864e-06 0.0107565 -0.0196226 7.25409e-06 2.88856e-06 -0.0196226 0.0967269 
0.010706 -0.0197133 9.07864e-06 -5.62516e-06 -0.0197133 0.097533 -1.2806e-06 2.01956e-05 9.07864e-06 -1.2806e-06 0.0107251 -0.0195984 -5.62516e-06 2.01956e-05 -0.0195984 0.0966111 
0.0107019 -0.019702 1.73703e-05 -2.29663e-05 -0.019702 0.0973986 -1.93479e-05 5.99096e-05 1.73703e-05 -1.93479e-05 0.0106934 -0.0195435 -2.29663e-05 5.99096e-05 -0.0195435 0.0964156 
0.0107117 -0.019746 2.45145e-05 -3.0615e-05 -0.019746 0.0975664 -2.89892e-05 8.99623e-05 2.45145e-05 -2.89892e-05 0.0106973 -0.019549 -3.0615e-05 8.99623e-05 -0.019549 0.0964843 
0.0107144 -0.019737 2.90504e-05 -3.69124e-05 -0.019737 0.0975557 -3.67291e-05 0.000108508 2.90504e-05 -3.67291e-05 0.0106808 -0.0195332 -3.69124e-05 0.000108508 -0.0195332 0.096424 
0.0107166 -0.0197236 2.19235e-05 -4.0786e-05 -0.0197236 0.0974686 -4.51101e-05 0.000124992 2.19235e-05 -4.51101e-05 0.0106413 -0.0194945 -4.0786e-05 0.000124992 -0.0194945 0.0962829 
0.0107039 -0.0197263 2.13439e-05 -3.12679e-05 -0.0197263 0.0974361 -3.96641e-05 0.000121337 2.13439e-05 -3.96641e-05 0.0106359 -0.0194482 -3.12679e-05 0.000121337 -0.0194482 0.0961529 
0.0106766 -0.0197096 9.44032e-06 -2.96416e-05 -0.0197096 0.0973961 -3.61911e-05 0.000111504 9.44032e-06 -3.61911e-05 0.010658 -0.0194423 -2.96416e-05 0.000111504 -0.0194423 0.0960882 
0.0106883 -0.0197237 -1.6844e-06 -1.99244e-05 -0.0197237 0.0975631 -1.81026e-05 8.86469e-05 -1.6844e-06 -1.81026e-05 0.0106847 -0.0195221 -1.99244e-05 8.86469e-05 -0.0195221 0.0963639 
0.0106764 -0.0197004 -1.40412e-05 -1.12164e-05 -0.0197004 0.0974845 7.2217e-07 5.61525e-05 -1.40412e-05 7.2217e-07 0.0106892 -0.0195282 -1.12164e-05 5.61525e-05 -0.0195282 0.0964042 
0.0106698 -0.0196696 -1.44295e-05 3.34895e-07 -0.0196696 0.0973578 1.58094e-05 2.50093e-05 -1.44295e-05 1.58094e-05 0.01068 -0.0195233 3.34895e-07 2.50093e-05 -0.0195233 0.0963688 
0.0106523 -0.0196413 -1.63363e-05 4.11958e-06 -0.0196413 0.0971935 1.44166e-05 1.01391e-05 -1.63363e-05 1.44166e-05 0.0106751 -0.0194945 4.11958e-06 1.01391e-05 -0.0194945 0.0962466 
0.0106357 -0.0196154 -1.56886e-05 1.04403e-05 -0.0196154 0.0970574 1.43391e-05 2.44562e-06 -1.56886e-05 1.43391e-05 0.0106767 -0.0194776 1.04403e-05 2.44562e-06 -0.0194776 0.0961293 
0.0106159 -0.019601 -1.3832e-05 1.4559e-05 -0.019601 0.0969807 1.20043e-05 -4.74742e-06 -1.3832e-05 1.20043e-05 0.0106876 -0.0194777 1.4559e-05 -4.74742e-06 -0.0194777 0.0960749 
0.010612 -0.0196063 -6.39203e-06 1.47743e-05 -0.0196063 0.09705 9.20455e-06 -7.22488e-06 -6.39203e-06 9.20455e-06 0.0107004 -0.0195188 1.47743e-05 -7.22488e-06 -0.0195188 0.0962029 
0.0106049 -0.0195972 -1.19745e-06 7.13859e-06 -0.0195972 0.0970568 -2.43684e-08 2.33456e-06 -1.19745e-06 -2.43684e-08 0.0106957 -0.0195357 7.13859e-06 2.33456e-06 -0.0195357 0.0962835 
0.0106043 -0.0195552 -6.57273e-06 -2.94557e-08 -0.0195552 0.09689 -4.1499e-06 1.49837e-05 -6.57273e-06 -4.1499e-06 0.0106602 -0.0195024 -2.94557e-08 1.49837e-05 -0.0195024 0.0961665 
0.010577 -0.0195094 -1.50989e-05 4.29385e-06 -0.0195094 0.0965919 4.96831e-06 8.20315e-06 -1.50989e-05 4.96831e-06 0.010624 -0.0194101 4.29385e-06 8.20315e-06 -0.0194101 0.0958106 
0.0105822 -0.0195054 -2.34889e-05 1.43226e-05 -0.0195054 0.0965509 1.51556e-05 -1.30351e-05 -2.34889e-05 1.51556e-05 0.0106063 -0.0193927 1.43226e-05 -1.30351e-05 -0.0193927 0.0957107 
0.0105905 -0.0195256 -8.87955e-06 2.80569e-05 -0.0195256 0.0966105 2.34101e-05 -4.0194e-05 -8.87955e-06 2.34101e-05 0.0106007 -0.0193887 2.80569e-05 -4.0194e-05 -0.0193887 0.0957185 
0.010582 -0.0195498 1.0497e-05 1.24745e-05 -0.0195498 0.0967231 1.22626e-06 -2.0377e-05 1.0497e-05 1.22626e-06 0.0106173 -0.0193973 1.24745e-05 -2.0377e-05 -0.0193973 0.0957871 
0.0105609 -0.019473 1.35117e-05 -1.45834e-05 -0.019473 0.09644 -2.50561e-05 3.78331e-05 1.35117e-05 -2.50561e-05 0.0105774 -0.0193606 -1.45834e-05 3.78331e-05 -0.0193606 0.0955638 
0.0105671 -0.0194637 1.57904e-05 -2.11756e-05 -0.0194637 0.0963573 -2.71366e-05 7.25391e-05 1.57904e-05 -2.71366e-05 0.0105517 -0.0193373 -2.11756e-05 7.25391e-05 -0.0193373 0.0955092 
0.0105663 -0.0194999 1.49691e-05 -2.49689e-05 -0.0194999 0.0964696 -2.7311e-05 8.55298e-05 1.49691e-05 -2.7311e-05 0.0105652 -0.0193282 -2.49689e-05 8.55298e-05 -0.0193282 0.0955497 
0.0105553 -0.0194853 -2.01514e-06 -2.67102e-05 -0.0194853 0.0964511 -2.51799e-05 8.93822e-05 -2.01514e-06 -2.51799e-05 0.0105782 -0.0193262 -2.67102e-05 8.93822e-05 -0.0193262 0.0955092 
0.0105213 -0.0194403 -1.96486e-05 -6.77487e-06 -0.0194403 0.0962667 -2.01282e-06 5.63833e-05 -1.96486e-05 -2.01282e-06 0.0105906 -0.0193144 -6.77487e-06 5.63833e-05 -0.0193144 0.095383 
0.0105376 -0.0194422 -2.9276e-05 1.79324e-05 -0.0194422 0.0963331 2.20362e-05 -1.82762e-06 -2.9276e-05 2.20362e-05 0.0106058 -0.0193763 1.79324e-05 -1.82762e-06 -0.0193763 0.0955756 
0.0106018 -0.0195242 -2.64069e-05 3.08617e-05 -0.0195242 0.0967024 3.46381e-05 -4.84517e-05 -2.64069e-05 3.46381e-05 0.0106164 -0.0194597 3.08617e-05 -4.84517e-05 -0.0194597 0.0960061 
0.0106263 -0.0195333 -1.66399e-05 2.63874e-05 -0.0195333 0.0966507 2.98567e-05 -5.69196e-05 -1.66399e-05 2.98567e-05 0.0105742 -0.0193992 2.63874e-05 -5.69196e-05 -0.0193992 0.0958567 
0.0106311 -0.0195561 -1.87057e-05 1.33257e-05 -0.0195561 0.0966243 1.55455e-05 -3.28159e-05 -1.87057e-05 1.55455e-05 0.0105447 -0.0193234 1.33257e-05 -3.28159e-05 -0.0193234 0.0956019 
0.0106322 -0.0195823 6.05687e-06 1.57764e-05 -0.0195823 0.0967086 1.54686e-05 -2.10818e-05 6.05687e-06 1.54686e-05 0.0105507 -0.0192966 1.57764e-05 -2.10818e-05 -0.0192966 0.0954866 
0.0106397 -0.0195923 2.7657e-05 -1.01199e-05 -0.0195923 0.0967822 -1.39426e-05 1.97911e-05 2.7657e-05 -1.39426e-05 0.0105544 -0.0193115 -1.01199e-05 1.97911e-05 -0.0193115 0.095488 
0.0106812 -0.0196726 2.76276e-05 -3.52205e-05 -0.0196726 0.0971748 -4.16564e-05 8.22691e-05 2.76276e-05 -4.16564e-05 0.0105909 -0.0193898 -3.52205e-05 8.22691e-05 -0.0193898 0.0958603 
0.0106874 -0.0197096 1.38782e-05 -3.59877e-05 -0.0197096 0.0973651 -4.03275e-05 0.000106907 1.38782e-05 -4.03275e-05 0.010614 -0.0194226 -3.59877e-05 0.000106907 -0.0194226 0.0960404 
0.0106984 -0.0197527 -2.79356e-06 -1.98091e-05 -0.0197527 0.0976455 -2.08627e-05 8.22031e-05 -2.79356e-06 -2.08627e-05 0.0106619 -0.0194888 -1.98091e-05 8.22031e-05 -0.0194888 0.0963539 
0.0107153 -0.0197469 -9.89161e-06 2.33624e-06 -0.0197469 0.0977005 3.51615e-06 2.77328e-05 -9.89161e-06 3.51615e-06 0.0106801 -0.0195282 2.33624e-06 2.77328e-05 -0.0195282 0.0964983 
0.0107226 -0.0197516 -5.60282e-06 1.12184e-05 -0.0197516 0.0976779 1.41631e-05 -1.31792e-05 -5.60282e-06 1.41631e-05 0.010681 -0.0195298 1.12184e-05 -1.31792e-05 -0.0195298 0.0965076 
0.0107366 -0.0197833 1.63935e-06 6.82096e-06 -0.0197833 0.0978006 1.03478e-05 -2.31726e-05 1.63935e-06 1.03478e-05 0.0107061 -0.0195506 6.82096e-06 -2.31726e-05 -0.0195506 0.0966105 
0.0107588 -0.0198415 -5.26366e-06 -7.61025e-07 -0.0198415 0.0980861 1.03723e-06 -1.20157e-05 -5.26366e-06 1.03723e-06 0.0107514 -0.0196202 -7.61025e-07 -1.20157e-05 -0.0196202 0.0968938 
0.0107775 -0.0198773 1.10224e-06 9.07683e-06 -0.0198773 0.0982989 7.84718e-06 -1.93018e-05 1.10224e-06 7.84718e-06 0.0107874 -0.0196842 9.07683e-06 -1.93018e-05 -0.0196842 0.0971533 
0.0107811 -0.0198824 6.81665e-06 2.38651e-06 -0.0198824 0.0983444 1.17062e-07 -1.59443e-05 6.81665e-06 1.17062e-07 0.0108009 -0.0197117 2.38651e-06 -1.59443e-05 -0.0197117 0.0972563 
0.0107875 -0.0198588 1.51065e-05 -2.95834e-06 -0.0198588 0.0982341 -7.59879e-06 -2.76494e-06 1.51065e-05 -7.59879e-06 0.0107712 -0.0196971 -2.95834e-06 -2.76494e-06 -0.0196971 0.0971792 
0.0107668 -0.0198366 1.39638e-05 -1.15198e-05 -0.0198366 0.0980469 -1.68752e-05 1.45722e-05 1.39638e-05 -1.68752e-05 0.0107458 -0.0196291 -1.15198e-05 1.45722e-05 -0.0196291 0.0969288 
0.010716 -0.0197579 9.14622e-06 -7.02926e-06 -0.0197579 0.0976542 -1.40031e-05 1.40545e-05 9.14622e-06 -1.40031e-05 0.0107105 -0.0195369 -7.02926e-06 1.40545e-05 -0.0195369 0.096469 
0.010689 -0.0197148 1.24103e-05 3.2906e-06 -0.0197148 0.0974699 -7.96718e-06 -5.59573e-06 1.24103e-05 -7.96718e-06 0.010702 -0.0195158 3.2906e-06 -5.59573e-06 -0.0195158 0.0962972 
0.0106659 -0.019703 8.001e-06 3.04888e-06 -0.019703 0.0974392 -9.95291e-06 -1.95311e-05 8.001e-06 -9.95291e-06 0.0107192 -0.0195335 3.04888e-06 -1.95311e-05 -0.0195335 0.0963322 
0.0106597 -0.0196685 -1.14996e-06 9.56647e-06 -0.0196685 0.0973572 -1.95591e-06 -3.72575e-05 -1.14996e-06 -1.95591e-06 0.0107146 -0.0195584 9.56647e-06 -3.72575e-05 -0.0195584 0.0963861 
0.0106488 -0.0196236 -8.48324e-06 1.78808e-05 -0.0196236 0.0971225 1.07999e-05 -6.2599e-05 -8.48324e-06 1.07999e-05 0.0106776 -0.0195191 1.78808e-05 -6.2599e-05 -0.0195191 0.096231 
0.0106503 -0.0196076 -1.59774e-05 2.63827e-05 -0.0196076 0.0969869 2.30915e-05 -9.24557e-05 -1.59774e-05 2.30915e-05 0.0106474 -0.0194714 2.63827e-05 -9.24557e-05 -0.0194714 0.0960712 
0.0106551 -0.0196613 -1.19925e-05 3.62772e-05 -0.0196613 0.0971732 3.26917e-05 -0.000120486 -1.19925e-05 3.26917e-05 0.0106751 -0.0194751 3.62772e-05 -0.000120486 -0.0194751 0.0961484 
0.0106748 -0.0196923 2.46822e-06 3.04587e-05 -0.0196923 0.0973856 2.64505e-05 -0.000121511 2.46822e-06 2.64505e-05 0.0106918 -0.0195291 3.04587e-05 -0.000121511 -0.0195291 0.0963395 
0.0106976 -0.0197215 1.53061e-05 1.14453e-05 -0.0197215 0.0975454 9.73654e-06 -9.15853e-05 1.53061e-05 9.73654e-06 0.0107032 -0.0195607 1.14453e-05 -9.15853e-05 -0.0195607 0.0965154 
0.0106979 -0.0197169 1.43745e-05 -5.36736e-06 -0.0197169 0.0975028 -6.56255e-06 -4.84682e-05 1.43745e-05 -6.56255e-06 0.0106936 -0.0195418 -5.36736e-06 -4.84682e-05 -0.0195418 0.0964566 
0.0106909 -0.0197043 3.12458e-06 -3.65165e-06 -0.0197043 0.0974271 -7.27969e-06 -3.13078e-05 3.12458e-06 -7.27969e-06 0.0106815 -0.0195194 -3.65165e-06 -3.13078e-05 -0.0195194 0.096358 
0.0106693 -0.0196531 6.4875e-07 1.09165e-05 -0.0196531 0.0971634 7.63029e-06 -5.11851e-05 6.4875e-07 7.63029e-06 0.0106465 -0.0194576 1.09165e-05 -5.11851e-05 -0.0194576 0.0960661 
0.0106533 -0.0196636 -8.07884e-06 1.75941e-05 -0.0196636 0.0971825 1.41395e-05 -7.77702e-05 -8.07884e-06 1.41395e-05 0.0106606 -0.0194511 1.75941e-05 -7.77702e-05 -0.0194511 0.0960445 
0.0106446 -0.0196489 -8.58288e-06 2.90091e-05 -0.0196489 0.0971895 2.37417e-05 -0.000103692 -8.58288e-06 2.37417e-05 0.0106821 -0.0194771 2.90091e-05 -0.000103692 -0.0194771 0.0960983 
0.0106733 -0.0196811 -2.46691e-05 3.12803e-05 -0.0196811 0.0973955 2.37311e-05 -0.000118326 -2.46691e-05 2.37311e-05 0.0107104 -0.0195581 3.12803e-05 -0.000118326 -0.0195581 0.096424 
0.0107211 -0.0197453 -3.56578e-05 4.95591e-05 -0.0197453 0.0976956 4.14896e-05 -0.000148767 -3.56578e-05 4.14896e-05 0.0107273 -0.0196293 4.95591e-05 -0.000148767 -0.0196293 0.0967982 
0.0107277 -0.0197735 -4.22144e-05 6.27637e-05 -0.0197735 0.097776 5.87105e-05 -0.000189614 -4.22144e-05 5.87105e-05 0.0107286 -0.0196161 6.27637e-05 -0.000189614 -0.0196161 0.0968355 
0.0107235 -0.0197483 -4.31312e-05 7.08688e-05 -0.0197483 0.0976602 7.18094e-05 -0.000226548 -4.31312e-05 7.18094e-05 0.0107019 -0.019577 7.08688e-05 -0.000226548 -0.019577 0.0966619 
0.0107316 -0.0197654 -2.26227e-05 7.2235e-05 -0.0197654 0.0977077 7.5266e-05 -0.000246768 -2.26227e-05 7.5266e-05 0.0107038 -0.019566 7.2235e-05 -0.000246768 -0.019566 0.0966451 
0.0107122 -0.0197487 -1.91038e-05 4.92021e-05 -0.0197487 0.0976068 5.09357e-05 -0.000220374 -1.91038e-05 5.09357e-05 0.0107142 -0.0195353 4.92021e-05 -0.000220374 -0.0195353 0.0964872 
0.0107243 -0.0197873 -2.74997e-05 4.49396e-05 -0.0197873 0.0978179 4.61749e-05 -0.000197638 -2.74997e-05 4.61749e-05 0.010755 -0.0196013 4.49396e-05 -0.000197638 -0.0196013 0.0967061 
0.0107423 -0.0198214 -2.33276e-05 5.42125e-05 -0.0198214 0.0980257 5.6754e-05 -0.000207281 -2.33276e-05 5.6754e-05 0.0107823 -0.0196689 5.42125e-05 -0.000207281 -0.0196689 0.0969717 
0.0107337 -0.0198369 -2.60932e-05 5.02627e-05 -0.0198369 0.098127 5.24062e-05 -0.000210223 -2.60932e-05 5.24062e-05 0.0108094 -0.019698 5.02627e-05 -0.000210223 -0.019698 0.0971198 
0.0107162 -0.0197916 -2.57305e-05 5.29745e-05 -0.0197916 0.0979864 5.42383e-05 -0.000210885 -2.57305e-05 5.42383e-05 0.0108083 -0.0196945 5.29745e-05 -0.000210885 -0.0196945 0.0970579 
0.0107259 -0.0197646 -8.7578e-06 5.16695e-05 -0.0197646 0.0978668 4.86051e-05 -0.000203184 -8.7578e-06 4.86051e-05 0.0107917 -0.0196913 5.16695e-05 -0.000203184 -0.0196913 0.0970183 
0.01079 -0.0198323 8.68995e-07 3.00813e-05 -0.0198323 0.0981124 2.37616e-05 -0.000159488 8.68995e-07 2.37616e-05 0.0107833 -0.019728 3.00813e-05 -0.000159488 -0.019728 0.097245 
0.0107933 -0.0198535 1.14314e-05 1.63439e-05 -0.0198535 0.0980661 1.24622e-05 -0.00011567 1.14314e-05 1.24622e-05 0.0107673 -0.0196595 1.63439e-05 -0.00011567 -0.0196595 0.0970409 
0.0107742 -0.0198536 2.59969e-05 -3.39002e-06 -0.0198536 0.0980246 -1.10589e-06 -6.82268e-05 2.59969e-05 -1.10589e-06 0.010774 -0.0196277 -3.39002e-06 -6.82268e-05 -0.0196277 0.0968625 
0.0107909 -0.0198896 3.42052e-05 -2.55995e-05 -0.0198896 0.09825 -1.57618e-05 -1.8908e-05 3.42052e-05 -1.57618e-05 0.0107994 -0.0196937 -2.55995e-05 -1.8908e-05 -0.0196937 0.0970827 
0.0108022 -0.0199159 3.63178e-05 -3.62107e-05 -0.0199159 0.0984087 -2.54452e-05 1.94169e-05 3.63178e-05 -2.54452e-05 0.0108236 -0.019737 -3.62107e-05 1.94169e-05 -0.019737 0.0972852 
0.0107947 -0.0199122 3.3688e-05 -3.50438e-05 -0.0199122 0.0984109 -3.0314e-05 3.56797e-05 3.3688e-05 -3.0314e-05 0.0108501 -0.0197443 -3.50438e-05 3.56797e-05 -0.0197443 0.097316 
0.0108249 -0.0199443 2.15303e-05 -2.94684e-05 -0.0199443 0.0985912 -2.71343e-05 3.24666e-05 2.15303e-05 -2.71343e-05 0.0108622 -0.0198076 -2.94684e-05 3.24666e-05 -0.0198076 0.097539 
0.010828 -0.0199414 1.8903e-05 -1.50708e-05 -0.0199414 0.0985378 -1.24209e-05 7.9896e-06 1.8903e-05 -1.24209e-05 0.010845 -0.0197849 -1.50708e-05 7.9896e-06 -0.0197849 0.0974784 
0.0108079 -0.0198792 1.48681e-05 -8.07461e-06 -0.0198792 0.0981953 -7.36144e-06 -1.71809e-05 1.48681e-05 -7.36144e-06 0.0107898 -0.0196957 -8.07461e-06 -1.71809e-05 -0.0196957 0.0970792 
0.0108188 -0.0199005 1.30827e-05 -6.46411e-07 -0.0199005 0.0982228 -2.03028e-06 -3.75595e-05 1.30827e-05 -2.03028e-06 0.0107693 -0.0196731 -6.46411e-07 -3.75595e-05 -0.0196731 0.0970109 
0.010861 -0.0200029 7.41797e-06 1.51763e-06 -0.0200029 0.0986853 1.49281e-06 -5.22386e-05 7.41797e-06 1.49281e-06 0.0107885 -0.0197273 1.51763e-06 -5.22386e-05 -0.0197273 0.0973413 
0.0108645 -0.0200842 7.20656e-06 4.90099e-06 -0.0200842 0.0991176 8.2253e-06 -6.28156e-05 7.20656e-06 8.2253e-06 0.0108576 -0.0197756 4.90099e-06 -6.28156e-05 -0.0197756 0.0976606 
0.0108437 -0.0200468 -5.8356e-06 2.5707e-06 -0.0200468 0.0991199 7.87141e-06 -6.36352e-05 -5.8356e-06 7.87141e-06 0.0108875 -0.0198182 2.5707e-06 -6.36352e-05 -0.0198182 0.0977404 
0.0108348 -0.0199634 -9.34234e-06 1.3982e-05 -0.0199634 0.0988108 2.07973e-05 -7.5836e-05 -9.34234e-06 2.07973e-05 0.0108555 -0.0198131 1.3982e-05 -7.5836e-05 -0.0198131 0.0976303 
0.0108319 -0.0199551 -1.32208e-05 1.76487e-05 -0.0199551 0.0986799 2.49403e-05 -8.79661e-05 -1.32208e-05 2.49403e-05 0.0108365 -0.0197824 1.76487e-05 -8.79661e-05 -0.0197824 0.097556 
0.0108493 -0.0199807 -2.47102e-05 2.05577e-05 -0.0199807 0.0987662 2.85285e-05 -9.33585e-05 -2.47102e-05 2.85285e-05 0.010838 -0.0197819 2.05577e-05 -9.33585e-05 -0.0197819 0.0975965 
0.0108484 -0.0199652 -2.61746e-05 3.24279e-05 -0.0199652 0.0986573 3.87729e-05 -0.000107858 -2.61746e-05 3.87729e-05 0.0108215 -0.0197474 3.24279e-05 -0.000107858 -0.0197474 0.0974375 
0.0108329 -0.0199749 -9.08708e-06 3.48963e-05 -0.0199749 0.0986594 3.99295e-05 -0.000116355 -9.08708e-06 3.99295e-05 0.01083 -0.0197391 3.48963e-05 -0.000116355 -0.0197391 0.0973929 
0.0108153 -0.0199508 4.09267e-06 1.53526e-05 -0.0199508 0.0986047 1.81833e-05 -8.57124e-05 4.09267e-06 1.81833e-05 0.0108266 -0.0197472 1.53526e-05 -8.57124e-05 -0.0197472 0.0973732 
0.0108096 -0.0199453 1.2029e-05 -7.55228e-07 -0.0199453 0.0986193 4.06848e-07 -4.15106e-05 1.2029e-05 4.06848e-07 0.0108289 -0.01976 -7.55228e-07 -4.15106e-05 -0.01976 0.0974424 
0.0107997 -0.0199223 1.37448e-05 -9.17448e-06 -0.0199223 0.0985319 -8.70868e-06 -1.07715e-05 1.37448e-05 -8.70868e-06 0.0108135 -0.0197415 -9.17448e-06 -1.07715e-05 -0.0197415 0.0973782 
0.0107818 -0.0198689 2.73326e-05 -1.04969e-05 -0.0198689 0.0982727 -1.1092e-05 2.08296e-06 2.73326e-05 -1.1092e-05 0.0107741 -0.0196801 -1.04969e-05 2.08296e-06 -0.0196801 0.0971108 
0.0107555 -0.0198006 3.4456e-05 -2.47657e-05 -0.0198006 0.0979013 -2.79836e-05 2.8876e-05 3.4456e-05 -2.79836e-05 0.0107263 -0.0195912 -2.47657e-05 2.8876e-05 -0.0195912 0.0967086 
0.0107366 -0.0197727 3.38058e-05 -3.42997e-05 -0.0197727 0.0977049 -3.80099e-05 5.90186e-05 3.38058e-05 -3.80099e-05 0.0107088 -0.0195411 -3.42997e-05 5.90186e-05 -0.0195411 0.0964693 
0.0107618 -0.0198257 2.56208e-05 -3.75441e-05 -0.0198257 0.0979436 -3.71902e-05 7.49781e-05 2.56208e-05 -3.71902e-05 0.0107173 -0.0195898 -3.75441e-05 7.49781e-05 -0.0195898 0.0966757 
0.0107943 -0.0198935 2.15492e-05 -3.20884e-05 -0.0198935 0.0982788 -2.69374e-05 7.02184e-05 2.15492e-05 -2.69374e-05 0.010736 -0.0196372 -3.20884e-05 7.02184e-05 -0.0196372 0.0969692 
0.0107752 -0.0198914 2.70522e-05 -2.87196e-05 -0.0198914 0.098297 -2.24477e-05 6.24846e-05 2.70522e-05 -2.24477e-05 0.0107476 -0.0196264 -2.87196e-05 6.24846e-05 -0.0196264 0.0969654 
0.0107359 -0.0198318 3.80191e-05 -3.32743e-05 -0.0198318 0.098099 -2.85151e-05 6.61278e-05 3.80191e-05 -2.85151e-05 0.0107543 -0.0196094 -3.32743e-05 6.61278e-05 -0.0196094 0.0968344 
0.0106887 -0.019748 4.01178e-05 -4.72139e-05 -0.019748 0.0977701 -4.34096e-05 9.32664e-05 4.01178e-05 -4.34096e-05 0.0107523 -0.0195941 -4.72139e-05 9.32664e-05 -0.0195941 0.0966687 
0.0106681 -0.0196998 2.4026e-05 -5.0548e-05 -0.0196998 0.0975849 -5.0043e-05 0.000116773 2.4026e-05 -5.0043e-05 0.0107506 -0.019607 -5.0548e-05 0.000116773 -0.019607 0.096661 
0.0106779 -0.0197042 1.59529e-05 -2.7235e-05 -0.0197042 0.097609 -3.14886e-05 9.08537e-05 1.59529e-05 -3.14886e-05 0.0107616 -0.0196335 -2.7235e-05 9.08537e-05 -0.0196335 0.0967903 
0.0107039 -0.0197481 9.44312e-06 -1.03304e-05 -0.0197481 0.0977964 -1.94484e-05 4.61247e-05 9.44312e-06 -1.94484e-05 0.0107854 -0.0196739 -1.03304e-05 4.61247e-05 -0.0196739 0.0969997 
0.010737 -0.0197756 8.83615e-06 1.01487e-08 -0.0197756 0.0979089 -8.39855e-06 7.59476e-06 8.83615e-06 -8.39855e-06 0.0107822 -0.019694 1.01487e-08 7.59476e-06 -0.019694 0.0970963 
0.0107547 -0.0198353 9.75594e-07 2.56951e-06 -0.0198353 0.098113 -2.66859e-06 -1.81106e-05 9.75594e-07 -2.66859e-06 0.0107983 -0.0197062 2.56951e-06 -1.81106e-05 -0.0197062 0.0972145 
0.010762 -0.0198583 -1.03018e-05 9.55901e-06 -0.0198583 0.0982421 8.89258e-06 -4.1229e-05 -1.03018e-05 8.89258e-06 0.0108075 -0.0197208 9.55901e-06 -4.1229e-05 -0.0197208 0.0972782 
0.0107563 -0.0198071 -1.72683e-05 1.85527e-05 -0.0198071 0.0980163 2.24211e-05 -6.56788e-05 -1.72683e-05 2.24211e-05 0.0107671 -0.0196758 1.85527e-05 -6.56788e-05 -0.0196758 0.0970485 
0.0107244 -0.0197207 -1.89316e-05 1.96984e-05 -0.0197207 0.0975085 2.71428e-05 -7.39659e-05 -1.89316e-05 2.71428e-05 0.01069 -0.0195476 1.96984e-05 -7.39659e-05 -0.0195476 0.0964808 
0.0106964 -0.0196819 -1.96407e-05 1.45432e-05 -0.0196819 0.0972132 2.5562e-05 -6.05799e-05 -1.96407e-05 2.5562e-05 0.0106435 -0.0194501 1.45432e-05 -6.05799e-05 -0.0194501 0.0960581 
0.0106838 -0.0196678 -1.51203e-05 1.27093e-05 -0.0196678 0.0971136 2.54335e-05 -4.68281e-05 -1.51203e-05 2.54335e-05 0.0106236 -0.0194085 1.27093e-05 -4.68281e-05 -0.0194085 0.0958503 
0.0106806 -0.0197208 -9.89685e-06 8.21594e-06 -0.0197208 0.0973688 2.04059e-05 -3.30151e-05 -9.89685e-06 2.04059e-05 0.0106661 -0.0194514 8.21594e-06 -3.30151e-05 -0.0194514 0.096048 
0.0106587 -0.0197129 4.73951e-06 3.22426e-06 -0.0197129 0.0974569 1.34101e-05 -1.75039e-05 4.73951e-06 1.34101e-05 0.0107069 -0.0195026 3.22426e-06 -1.75039e-05 -0.0195026 0.0962125 
0.0106742 -0.0196873 2.28333e-05 -1.45328e-05 -0.0196873 0.0974715 -5.77717e-06 1.88172e-05 2.28333e-05 -5.77717e-06 0.0107118 -0.0195661 -1.45328e-05 1.88172e-05 -0.0195661 0.0964264 
0.0106906 -0.0196957 2.06149e-05 -3.75827e-05 -0.0196957 0.0974721 -2.94072e-05 7.41249e-05 2.06149e-05 -2.94072e-05 0.0107085 -0.0195772 -3.75827e-05 7.41249e-05 -0.0195772 0.0965431 
0.0106944 -0.0196761 2.51883e-05 -3.66836e-05 -0.0196761 0.097322 -3.08363e-05 0.000102866 2.51883e-05 -3.08363e-05 0.0106724 -0.0195351 -3.66836e-05 0.000102866 -0.0195351 0.0963959 
0.0106889 -0.0196518 1.27875e-05 -4.46888e-05 -0.0196518 0.0971145 -4.00161e-05 0.000127283 1.27875e-05 -4.00161e-05 0.0106216 -0.0194565 -4.46888e-05 0.000127283 -0.0194565 0.0960952 
0.0106998 -0.0196685 7.91347e-06 -3.45968e-05 -0.0196685 0.0971139 -3.01547e-05 0.000130234 7.91347e-06 -3.01547e-05 0.0105932 -0.0194097 -3.45968e-05 0.000130234 -0.0194097 0.0959435 
0.0106766 -0.0196643 -4.69635e-06 -2.89451e-05 -0.0196643 0.0970352 -2.50525e-05 0.000122433 -4.69635e-06 -2.50525e-05 0.0105838 -0.0193486 -2.89451e-05 0.000122433 -0.0193486 0.0956993 
0.0106594 -0.019658 -1.25742e-05 -1.21385e-05 -0.019658 0.0970525 -8.91812e-06 9.484e-05 -1.25742e-05 -8.91812e-06 0.0106007 -0.0193539 -1.21385e-05 9.484e-05 -0.0193539 0.0956589 
0.0106595 -0.0196698 -3.55021e-05 -1.15886e-06 -0.0196698 0.0971807 3.34752e-06 6.09482e-05 -3.55021e-05 3.34752e-06 0.0106262 -0.0194066 -1.15886e-06 6.09482e-05 -0.0194066 0.0958367 
0.0106623 -0.0197046 -3.03399e-05 2.62753e-05 -0.0197046 0.0974124 3.32964e-05 3.09645e-06 -3.03399e-05 3.32964e-05 0.0106789 -0.0194765 2.62753e-05 3.09645e-06 -0.0194765 0.0961533 
0.0106804 -0.0197323 -1.21128e-05 2.15595e-05 -0.0197323 0.0976587 2.6886e-05 -1.66448e-05 -1.21128e-05 2.6886e-05 0.0107208 -0.019574 2.15595e-05 -1.66448e-05 -0.019574 0.0965504 
0.0107032 -0.0197382 -3.78795e-06 1.39104e-06 -0.0197382 0.0977459 1.03958e-06 1.83462e-05 -3.78795e-06 1.03958e-06 0.0107301 -0.0196236 1.39104e-06 1.83462e-05 -0.0196236 0.0967933 
0.0107124 -0.0197262 -8.92956e-07 -6.76895e-06 -0.0197262 0.0976496 -1.09198e-05 5.25157e-05 -8.92956e-07 -1.09198e-05 0.0107163 -0.0196016 -6.76895e-06 5.25157e-05 -0.0196016 0.0967543 
0.0107382 -0.0197587 8.28162e-06 -6.87452e-06 -0.0197587 0.0977309 -1.06512e-05 6.02142e-05 8.28162e-06 -1.06512e-05 0.0107173 -0.0195998 -6.87452e-06 6.02142e-05 -0.0195998 0.0967901 
0.0107448 -0.0197576 1.00362e-05 -1.76694e-05 -0.0197576 0.0976503 -1.78461e-05 7.05121e-05 1.00362e-05 -1.78461e-05 0.0106894 -0.0195604 -1.76694e-05 7.05121e-05 -0.0195604 0.0966157 
0.0107264 -0.0197626 1.47826e-05 -2.33737e-05 -0.0197626 0.0975998 -2.0116e-05 8.39415e-05 1.47826e-05 -2.0116e-05 0.0106812 -0.0195156 -2.33737e-05 8.39415e-05 -0.0195156 0.0964382 
0.0106997 -0.0197153 2.83413e-05 -3.09854e-05 -0.0197153 0.0974125 -2.64821e-05 0.000100309 2.83413e-05 -2.64821e-05 0.0106621 -0.0194767 -3.09854e-05 0.000100309 -0.0194767 0.0962019 
0.0107078 -0.0197492 1.80859e-05 -4.79648e-05 -0.0197492 0.0975864 -4.52389e-05 0.000136794 1.80859e-05 -4.52389e-05 0.0106868 -0.0195127 -4.79648e-05 0.000136794 -0.0195127 0.0963576 
