0.00771656 0 -3.50105e-05 0 0 0.0109555 0 0 -3.50105e-05 0 0.00773573 0 0 0 0 0.0109555 
0.00941195 -0.0116801 -2.91236e-05 3.40057e-05 -0.0116801 0.0310606 3.40057e-05 -6.48996e-05 -2.91236e-05 3.40057e-05 0.00946552 -0.0117509 3.40057e-05 -6.48996e-05 -0.0117509 0.0311961 
0.00970134 -0.0179982 2.34044e-06 -2.48569e-05 -0.0179982 0.0664058 -2.48569e-05 9.93934e-05 2.34044e-06 -2.48569e-05 0.0097526 -0.0182623 -2.48569e-05 9.93934e-05 -0.0182623 0.0672953 
0.00916941 -0.0175875 9.31568e-06 -0.000129653 -0.0175875 0.0787842 -0.000127821 0.000629577 9.31568e-06 -0.000127821 0.00920916 -0.0179541 -0.000129653 0.000629577 -0.0179541 0.0806986 
0.00886152 -0.0165005 7.4942e-06 -0.000123576 -0.0165005 0.0793771 -0.000117292 0.000810567 7.4942e-06 -0.000117292 0.00892044 -0.016801 -0.000123576 0.000810567 -0.016801 0.0814576 
0.00864144 -0.0158236 -7.13021e-08 -8.21386e-05 -0.0158236 0.0775584 -7.45405e-05 0.000639899 -7.13021e-08 -7.45405e-05 0.00868843 -0.0160647 -8.21386e-05 0.000639899 -0.0160647 0.0792265 
0.00840225 -0.0153381 -5.8324e-06 -5.37167e-05 -0.0153381 0.0754745 -4.66525e-05 0.000441982 -5.8324e-06 -4.66525e-05 0.00844087 -0.0155251 -5.37167e-05 0.000441982 -0.0155251 0.0767166 
0.00820899 -0.0149841 -1.82911e-06 -4.18808e-05 -0.0149841 0.0738679 -3.56065e-05 0.000324488 -1.82911e-06 -3.56065e-05 0.008236 -0.0151467 -4.18808e-05 0.000324488 -0.0151467 0.0748466 
0.0112423 -0.0205096 1.36377e-05 -6.73817e-05 -0.0205096 0.101225 -6.01726e-05 0.000405277 1.36377e-05 -6.01726e-05 0.0112691 -0.0207228 -6.73817e-05 0.000405277 -0.0207228 0.102423 
0.0110657 -0.0201504 2.19735e-05 -8.93887e-05 -0.0201504 0.0994754 -8.17184e-05 0.000429013 2.19735e-05 -8.17184e-05 0.0110772 -0.0203579 -8.93887e-05 0.000429013 -0.0203579 0.10061 
0.0109462 -0.0199378 1.76178e-05 -0.000103342 -0.0199378 0.0983422 -9.46526e-05 0.000469454 1.76178e-05 -9.46526e-05 0.0109579 -0.0201361 -0.000103342 0.000469454 -0.0201361 0.0994607 
0.0109054 -0.0198596 2.09871e-05 -9.79997e-05 -0.0198596 0.0979181 -9.22278e-05 0.000483588 2.09871e-05 -9.22278e-05 0.0108954 -0.0200639 -9.79997e-05 0.000483588 -0.0200639 0.0990527 
0.0109183 -0.0198834 2.78377e-05 -9.97031e-05 -0.0198834 0.0979942 -9.90844e-05 0.000494001 2.78377e-05 -9.90844e-05 0.0108723 -0.0200641 -9.97031e-05 0.000494001 -0.0200641 0.0991114 
0.0108786 -0.0198354 2.16887e-05 -0.000103207 -0.0198354 0.097717 -0.000106893 0.000504902 2.16887e-05 -0.000106893 0.0108282 -0.0199594 -0.000103207 0.000504902 -0.0199594 0.0987175 
0.0108306 -0.0198094 9.33112e-06 -9.20995e-05 -0.0198094 0.0976106 -9.71339e-05 0.000488949 9.33112e-06 -9.71339e-05 0.0108373 -0.0199135 -9.20995e-05 0.000488949 -0.0199135 0.0985025 
0.0107896 -0.0197667 -1.08641e-06 -7.61083e-05 -0.0197667 0.097538 -8.03848e-05 0.000450776 -1.08641e-06 -8.03848e-05 0.0108674 -0.0199348 -7.61083e-05 0.000450776 -0.0199348 0.0984776 
0.0107793 -0.0197229 -2.98883e-06 -6.48505e-05 -0.0197229 0.0974554 -6.5727e-05 0.000412449 -2.98883e-06 -6.5727e-05 0.0108825 -0.0199826 -6.48505e-05 0.000412449 -0.0199826 0.0985751 
0.0107741 -0.0196826 -1.12032e-05 -6.25963e-05 -0.0196826 0.0972692 -6.26401e-05 0.000391885 -1.12032e-05 -6.26401e-05 0.0108593 -0.0199816 -6.25963e-05 0.000391885 -0.0199816 0.0985405 
0.0107755 -0.0196668 -2.559e-05 -5.36709e-05 -0.0196668 0.0971336 -5.29135e-05 0.00037192 -2.559e-05 -5.29135e-05 0.0108231 -0.0199444 -5.36709e-05 0.00037192 -0.0199444 0.0984249 
0.0107644 -0.0196333 -2.32355e-05 -3.42964e-05 -0.0196333 0.096892 -3.37259e-05 0.000331011 -2.32355e-05 -3.37259e-05 0.0107747 -0.0198525 -3.42964e-05 0.000331011 -0.0198525 0.0980707 
0.0107717 -0.0196385 -1.48354e-05 -3.8641e-05 -0.0196385 0.0968417 -3.90315e-05 0.000321749 -1.48354e-05 -3.90315e-05 0.0107396 -0.0198013 -3.8641e-05 0.000321749 -0.0198013 0.0978637 
0.0107806 -0.0196689 -1.25027e-05 -4.76975e-05 -0.0196689 0.0969184 -5.2675e-05 0.0003418 -1.25027e-05 -5.2675e-05 0.0107232 -0.0197665 -4.76975e-05 0.0003418 -0.0197665 0.0977566 
0.0107951 -0.0197111 2.46694e-06 -4.89915e-05 -0.0197111 0.0971128 -5.7182e-05 0.000358036 2.46694e-06 -5.7182e-05 0.010728 -0.0197711 -4.89915e-05 0.000358036 -0.0197711 0.097804 
0.0107865 -0.0196899 1.54575e-05 -6.6104e-05 -0.0196899 0.0970354 -7.38835e-05 0.000387534 1.54575e-05 -7.38835e-05 0.0107052 -0.0197393 -6.6104e-05 0.000387534 -0.0197393 0.0976518 
0.0107874 -0.0196948 1.26424e-05 -8.36175e-05 -0.0196948 0.0970496 -9.04543e-05 0.00042883 1.26424e-05 -9.04543e-05 0.0106938 -0.0197232 -8.36175e-05 0.00042883 -0.0197232 0.0976048 
0.0107785 -0.0196839 1.83054e-05 -8.13018e-05 -0.0196839 0.0969999 -8.52617e-05 0.000440143 1.83054e-05 -8.52617e-05 0.0106831 -0.0196965 -8.13018e-05 0.000440143 -0.0196965 0.0975019 
0.0107691 -0.0197228 1.73681e-05 -8.47736e-05 -0.0197228 0.0972096 -8.80576e-05 0.000441413 1.73681e-05 -8.80576e-05 0.0107235 -0.0197363 -8.47736e-05 0.000441413 -0.0197363 0.0976946 
0.0107211 -0.0196487 1.53878e-05 -8.12221e-05 -0.0196487 0.0969806 -8.39776e-05 0.000431396 1.53878e-05 -8.39776e-05 0.0107327 -0.019722 -8.12221e-05 0.000431396 -0.019722 0.0975506 
0.0106731 -0.0195282 6.78737e-06 -7.80917e-05 -0.0195282 0.096485 -7.72663e-05 0.00041454 6.78737e-06 -7.72663e-05 0.0107074 -0.0196776 -7.80917e-05 0.00041454 -0.0196776 0.0972274 
0.0106853 -0.0195171 -2.26513e-06 -6.97961e-05 -0.0195171 0.0964069 -6.59364e-05 0.000392061 -2.26513e-06 -6.59364e-05 0.0106873 -0.0196967 -6.97961e-05 0.000392061 -0.0196967 0.0972751 
0.0106816 -0.0195377 -2.05069e-06 -6.00702e-05 -0.0195377 0.0964268 -5.54441e-05 0.000367124 -2.05069e-06 -5.54441e-05 0.0106837 -0.0196773 -6.00702e-05 0.000367124 -0.0196773 0.0972736 
0.010711 -0.0196105 -1.03642e-06 -6.23939e-05 -0.0196105 0.0968099 -5.88216e-05 0.000364997 -1.03642e-06 -5.88216e-05 0.0107223 -0.0197449 -6.23939e-05 0.000364997 -0.0197449 0.0976198 
0.0107242 -0.0196243 8.4211e-06 -6.39949e-05 -0.0196243 0.0969284 -6.37529e-05 0.000375825 8.4211e-06 -6.37529e-05 0.0107263 -0.0197673 -6.39949e-05 0.000375825 -0.0197673 0.0977358 
0.0107422 -0.0196498 8.27393e-06 -7.42813e-05 -0.0196498 0.0970574 -7.73911e-05 0.000399926 8.27393e-06 -7.73911e-05 0.0107358 -0.0197824 -7.42813e-05 0.000399926 -0.0197824 0.0978525 
0.0107661 -0.0196687 4.88198e-06 -7.26405e-05 -0.0196687 0.0971359 -7.85837e-05 0.000411807 4.88198e-06 -7.85837e-05 0.0107284 -0.0197851 -7.26405e-05 0.000411807 -0.0197851 0.0978884 
0.0107241 -0.0195869 4.9595e-06 -6.70802e-05 -0.0195869 0.0966702 -7.47384e-05 0.000405954 4.9595e-06 -7.47384e-05 0.0106841 -0.0196614 -6.70802e-05 0.000405954 -0.0196614 0.0973298 
0.0106634 -0.0194905 3.20237e-06 -6.81867e-05 -0.0194905 0.0961502 -7.31501e-05 0.000400948 3.20237e-06 -7.31501e-05 0.0106474 -0.0195558 -6.81867e-05 0.000400948 -0.0195558 0.0967417 
0.0106305 -0.0194455 -1.10695e-06 -6.80166e-05 -0.0194455 0.0959317 -7.0826e-05 0.000398665 -1.10695e-06 -7.0826e-05 0.0106342 -0.0195433 -6.80166e-05 0.000398665 -0.0195433 0.0965541 
0.0106471 -0.0194742 -3.31657e-06 -6.38645e-05 -0.0194742 0.0960967 -6.67183e-05 0.000394845 -3.31657e-06 -6.67183e-05 0.0106457 -0.0195985 -6.38645e-05 0.000394845 -0.0195985 0.0967874 
0.0106611 -0.0194743 -2.1355e-05 -6.24705e-05 -0.0194743 0.0961004 -6.76811e-05 0.000395609 -2.1355e-05 -6.76811e-05 0.0106303 -0.0195941 -6.24705e-05 0.000395609 -0.0195941 0.0968131 
0.010674 -0.0195333 -1.33706e-05 -4.04205e-05 -0.0195333 0.0963323 -4.71285e-05 0.000366191 -1.33706e-05 -4.71285e-05 0.0106437 -0.0196131 -4.04205e-05 0.000366191 -0.0196131 0.0969811 
0.0106699 -0.0195441 1.04313e-05 -4.52752e-05 -0.0195441 0.096439 -5.04952e-05 0.0003489 1.04313e-05 -5.04952e-05 0.0106522 -0.0196198 -4.52752e-05 0.0003489 -0.0196198 0.0970392 
0.0106817 -0.0195456 2.82608e-05 -7.51649e-05 -0.0195456 0.0965218 -7.75833e-05 0.000388935 2.82608e-05 -7.75833e-05 0.010644 -0.0196467 -7.51649e-05 0.000388935 -0.0196467 0.097159 
0.0106659 -0.0195187 2.67875e-05 -9.93668e-05 -0.0195187 0.0963835 -9.76668e-05 0.000443317 2.67875e-05 -9.76668e-05 0.0106167 -0.0195965 -9.93668e-05 0.000443317 -0.0195965 0.0970082 
0.0106622 -0.0195075 2.59854e-05 -9.8867e-05 -0.0195075 0.0963393 -9.44118e-05 0.000461126 2.59854e-05 -9.44118e-05 0.0106052 -0.0195679 -9.8867e-05 0.000461126 -0.0195679 0.0969206 
0.010658 -0.0195008 2.21071e-05 -9.33255e-05 -0.0195008 0.0963065 -9.05816e-05 0.000450444 2.21071e-05 -9.05816e-05 0.0106095 -0.0195495 -9.33255e-05 0.000450444 -0.0195495 0.0968467 
0.0106289 -0.0194584 2.1062e-05 -8.79432e-05 -0.0194584 0.0960983 -8.3566e-05 0.000431923 2.1062e-05 -8.3566e-05 0.010599 -0.0195131 -8.79432e-05 0.000431923 -0.0195131 0.0966281 
0.0105975 -0.0193892 2.55169e-05 -8.55206e-05 -0.0193892 0.0957733 -7.81365e-05 0.000413935 2.55169e-05 -7.81365e-05 0.0105637 -0.0194607 -8.55206e-05 0.000413935 -0.0194607 0.0963211 
0.01056 -0.0193127 2.09659e-05 -8.87048e-05 -0.0193127 0.0953755 -8.25883e-05 0.000409457 2.09659e-05 -8.25883e-05 0.0105207 -0.0193817 -8.87048e-05 0.000409457 -0.0193817 0.0959321 
0.010519 -0.0192967 2.3407e-07 -8.03555e-05 -0.0192967 0.0952622 -7.98944e-05 0.000400221 2.3407e-07 -7.98944e-05 0.0105354 -0.0193546 -8.03555e-05 0.000400221 -0.0193546 0.0957943 
0.0104946 -0.019308 -1.32375e-05 -5.57585e-05 -0.019308 0.0954237 -5.93646e-05 0.000363551 -1.32375e-05 -5.93646e-05 0.0105881 -0.0194272 -5.57585e-05 0.000363551 -0.0194272 0.0960304 
0.0104597 -0.0192545 -1.57709e-05 -3.66751e-05 -0.0192545 0.0953365 -4.07054e-05 0.000313158 -1.57709e-05 -4.07054e-05 0.0106124 -0.0194762 -3.66751e-05 0.000313158 -0.0194762 0.0961541 
0.0104287 -0.019191 -1.31189e-05 -3.42919e-05 -0.019191 0.0951365 -3.591e-05 0.000286667 -1.31189e-05 -3.591e-05 0.0106157 -0.0194929 -3.42919e-05 0.000286667 -0.0194929 0.0961829 
0.0104054 -0.0191191 -1.34136e-05 -3.89518e-05 -0.0191191 0.0948336 -3.74053e-05 0.000283604 -1.34136e-05 -3.74053e-05 0.0105894 -0.0194682 -3.89518e-05 0.000283604 -0.0194682 0.0960493 
0.0104392 -0.0190931 -2.54653e-05 -3.78027e-05 -0.0190931 0.0946757 -3.83112e-05 0.000284357 -2.54653e-05 -3.83112e-05 0.0105264 -0.0194398 -3.78027e-05 0.000284357 -0.0194398 0.0959499 
0.0104972 -0.0191793 -2.90164e-05 -1.99917e-05 -0.0191793 0.0948885 -2.74503e-05 0.000263129 -2.90164e-05 -2.74503e-05 0.0104885 -0.0194002 -1.99917e-05 0.000263129 -0.0194002 0.0959739 
0.0105224 -0.0192639 -2.77107e-05 -1.18428e-05 -0.0192639 0.0951548 -2.33667e-05 0.000239706 -2.77107e-05 -2.33667e-05 0.0104777 -0.0193489 -1.18428e-05 0.000239706 -0.0193489 0.0959018 
0.0104988 -0.0192446 -2.10698e-05 -1.49078e-05 -0.0192446 0.0950633 -2.03212e-05 0.000228402 -2.10698e-05 -2.03212e-05 0.0104567 -0.0192729 -1.49078e-05 0.000228402 -0.0192729 0.0955573 
0.0105339 -0.0192685 -1.07986e-05 -2.59206e-05 -0.0192685 0.0952295 -2.1553e-05 0.000231706 -1.07986e-05 -2.1553e-05 0.0104494 -0.0193029 -2.59206e-05 0.000231706 -0.0193029 0.0956463 
0.0105246 -0.0192368 6.97755e-08 -4.31554e-05 -0.0192368 0.0950002 -3.15794e-05 0.000255142 6.97755e-08 -3.15794e-05 0.0104119 -0.0192237 -4.31554e-05 0.000255142 -0.0192237 0.0953311 
0.0104902 -0.0192109 1.49642e-05 -5.70175e-05 -0.0192109 0.0948022 -4.55392e-05 0.000286837 1.49642e-05 -4.55392e-05 0.0104041 -0.0191582 -5.70175e-05 0.000286837 -0.0191582 0.0950218 
0.0104809 -0.0192275 1.2048e-05 -7.51359e-05 -0.0192275 0.0949243 -6.69611e-05 0.000333577 1.2048e-05 -6.69611e-05 0.0104421 -0.0192035 -7.51359e-05 0.000333577 -0.0192035 0.0951382 
0.0105131 -0.019266 9.06169e-06 -7.14802e-05 -0.019266 0.095204 -6.6739e-05 0.000354545 9.06169e-06 -6.6739e-05 0.0104757 -0.0193063 -7.14802e-05 0.000354545 -0.0193063 0.0955367 
0.0105228 -0.0192671 -9.57688e-07 -6.52262e-05 -0.0192671 0.0952145 -6.40067e-05 0.000350426 -9.57688e-07 -6.40067e-05 0.0104762 -0.0193239 -6.52262e-05 0.000350426 -0.0193239 0.0956503 
0.0105543 -0.0193006 -1.18837e-05 -5.10965e-05 -0.0193006 0.0953512 -5.1291e-05 0.000326902 -1.18837e-05 -5.1291e-05 0.0104656 -0.0193478 -5.10965e-05 0.000326902 -0.0193478 0.0958128 
0.0105322 -0.0192946 -1.96514e-05 -3.4879e-05 -0.0192946 0.0952511 -3.71638e-05 0.000289174 -1.96514e-05 -3.71638e-05 0.0104454 -0.0192845 -3.4879e-05 0.000289174 -0.0192845 0.095623 
0.0105017 -0.0192475 -2.84773e-05 -2.11695e-05 -0.0192475 0.0950591 -2.7827e-05 0.000252445 -2.84773e-05 -2.7827e-05 0.0104314 -0.0192282 -2.11695e-05 0.000252445 -0.0192282 0.0953528 
0.0105004 -0.019246 -3.93568e-05 -9.49293e-06 -0.019246 0.0950923 -1.84023e-05 0.000222155 -3.93568e-05 -1.84023e-05 0.0104532 -0.0192503 -9.49293e-06 0.000222155 -0.0192503 0.0954002 
0.0104849 -0.0192338 -2.65594e-05 4.18224e-06 -0.0192338 0.0950559 -4.93699e-06 0.000188772 -2.65594e-05 -4.93699e-06 0.0104793 -0.0192713 4.18224e-06 0.000188772 -0.0192713 0.0954342 
0.01051 -0.0192716 -2.15094e-05 -1.20358e-05 -0.0192716 0.0952874 -2.05536e-05 0.000199205 -2.15094e-05 -2.05536e-05 0.0105143 -0.0193591 -1.20358e-05 0.000199205 -0.0193591 0.0957747 
0.010529 -0.0192937 -1.64115e-05 -2.40731e-05 -0.0192937 0.0953992 -3.07086e-05 0.00023277 -1.64115e-05 -3.07086e-05 0.010516 -0.019395 -2.40731e-05 0.00023277 -0.019395 0.0959579 
0.0105259 -0.0193189 -3.24135e-06 -3.2427e-05 -0.0193189 0.0954951 -3.66734e-05 0.000259235 -3.24135e-06 -3.66734e-05 0.0105309 -0.0193924 -3.2427e-05 0.000259235 -0.0193924 0.0960234 
0.0104943 -0.0193086 1.79871e-05 -5.09032e-05 -0.0193086 0.0955037 -5.02426e-05 0.000294256 1.79871e-05 -5.02426e-05 0.0105591 -0.0193974 -5.09032e-05 0.000294256 -0.0193974 0.0960228 
0.010472 -0.0192676 3.38562e-05 -8.22227e-05 -0.0192676 0.0954426 -7.62741e-05 0.000358306 3.38562e-05 -7.62741e-05 0.0105834 -0.0194348 -8.22227e-05 0.000358306 -0.0194348 0.0960911 
0.0104534 -0.0192135 2.88938e-05 -0.000104064 -0.0192135 0.095252 -9.94707e-05 0.000425941 2.88938e-05 -9.94707e-05 0.0105879 -0.0194496 -0.000104064 0.000425941 -0.0194496 0.0960885 
0.0104523 -0.0191422 1.50923e-05 -9.6377e-05 -0.0191422 0.0949045 -9.9042e-05 0.000449211 1.50923e-05 -9.9042e-05 0.0105385 -0.0194154 -9.6377e-05 0.000449211 -0.0194154 0.0958867 
0.0104732 -0.0191352 8.50832e-06 -7.73489e-05 -0.0191352 0.0947203 -8.54079e-05 0.000430625 8.50832e-06 -8.54079e-05 0.0104843 -0.019351 -7.73489e-05 0.000430625 -0.019351 0.0956717 
0.0105023 -0.0191905 3.80671e-06 -6.60478e-05 -0.0191905 0.0948132 -7.58365e-05 0.000401016 3.80671e-06 -7.58365e-05 0.0104526 -0.0193011 -6.60478e-05 0.000401016 -0.0193011 0.0955542 
0.010522 -0.0192537 -3.62399e-06 -5.88408e-05 -0.0192537 0.0950251 -6.96397e-05 0.000378781 -3.62399e-06 -6.96397e-05 0.010454 -0.0192732 -5.88408e-05 0.000378781 -0.0192732 0.0955055 
0.0105321 -0.0192906 -1.24674e-05 -5.15087e-05 -0.0192906 0.0952015 -6.13312e-05 0.000361607 -1.24674e-05 -6.13312e-05 0.0104667 -0.0192781 -5.15087e-05 0.000361607 -0.0192781 0.0955121 
0.0105758 -0.0193579 -1.41046e-05 -4.16135e-05 -0.0193579 0.0955599 -5.06078e-05 0.000340177 -1.41046e-05 -5.06078e-05 0.0104864 -0.0193464 -4.16135e-05 0.000340177 -0.0193464 0.0958102 
0.0105946 -0.0194024 -1.22609e-05 -4.06456e-05 -0.0194024 0.0957588 -4.85941e-05 0.000330421 -1.22609e-05 -4.85941e-05 0.0105017 -0.0193638 -4.06456e-05 0.000330421 -0.0193638 0.0959511 
0.0105936 -0.0194109 4.88943e-06 -4.44236e-05 -0.0194109 0.0958147 -5.21769e-05 0.000335497 4.88943e-06 -5.21769e-05 0.0105124 -0.0193661 -4.44236e-05 0.000335497 -0.0193661 0.0959644 
0.0105954 -0.0194301 3.96744e-06 -6.60113e-05 -0.0194301 0.0959387 -7.5354e-05 0.000375966 3.96744e-06 -7.5354e-05 0.01054 -0.0193977 -6.60113e-05 0.000375966 -0.0193977 0.0960894 
0.0105933 -0.0194013 5.78165e-06 -7.01725e-05 -0.0194013 0.0958468 -7.82457e-05 0.000408107 5.78165e-06 -7.82457e-05 0.0105298 -0.0194005 -7.01725e-05 0.000408107 -0.0194005 0.0960472 
0.0105781 -0.019414 1.32042e-06 -7.59002e-05 -0.019414 0.0958823 -7.9145e-05 0.00042561 1.32042e-06 -7.9145e-05 0.0105564 -0.0194084 -7.59002e-05 0.00042561 -0.0194084 0.0961062 
0.0105577 -0.0194026 -9.87533e-06 -7.0257e-05 -0.0194026 0.0959088 -7.22699e-05 0.000421878 -9.87533e-06 -7.22699e-05 0.010588 -0.0194466 -7.0257e-05 0.000421878 -0.0194466 0.0962092 
0.0105304 -0.0193425 -1.49772e-05 -5.32255e-05 -0.0193425 0.0957102 -5.41033e-05 0.000385478 -1.49772e-05 -5.41033e-05 0.0105861 -0.0194522 -5.32255e-05 0.000385478 -0.0194522 0.0961547 
0.0105589 -0.0193315 -1.41003e-05 -4.57561e-05 -0.0193315 0.0956862 -4.34849e-05 0.000351684 -1.41003e-05 -4.34849e-05 0.0105696 -0.0194778 -4.57561e-05 0.000351684 -0.0194778 0.096258 
0.0106129 -0.0193973 -1.62496e-05 -4.79351e-05 -0.0193973 0.0958955 -4.13977e-05 0.000337052 -1.62496e-05 -4.13977e-05 0.0105636 -0.0194956 -4.79351e-05 0.000337052 -0.0194956 0.0964497 
0.0106523 -0.0194489 -7.81368e-06 -5.02617e-05 -0.0194489 0.0960235 -4.23328e-05 0.000340802 -7.81368e-06 -4.23328e-05 0.0105476 -0.0194687 -5.02617e-05 0.000340802 -0.0194687 0.0964269 
0.0106715 -0.0195314 -2.40301e-05 -6.18795e-05 -0.0195314 0.0963148 -5.80079e-05 0.000368172 -2.40301e-05 -5.80079e-05 0.010571 -0.0194756 -6.18795e-05 0.000368172 -0.0194756 0.096525 
0.0106442 -0.0195519 -4.05456e-05 -4.22521e-05 -0.0195519 0.0964586 -4.69127e-05 0.000365447 -4.05456e-05 -4.69127e-05 0.0106213 -0.0194949 -4.22521e-05 0.000365447 -0.0194949 0.096579 
0.0106348 -0.0195132 -4.41033e-05 -2.19039e-05 -0.0195132 0.0964385 -2.97724e-05 0.000333412 -4.41033e-05 -2.97724e-05 0.0106464 -0.0195539 -2.19039e-05 0.000333412 -0.0195539 0.0966901 
0.0106316 -0.0194897 -3.70288e-05 -1.97254e-05 -0.0194897 0.0963665 -2.1843e-05 0.000310657 -3.70288e-05 -2.1843e-05 0.0106699 -0.0195942 -1.97254e-05 0.000310657 -0.0195942 0.0968185 
0.0106389 -0.0194922 -1.44229e-05 -3.21272e-05 -0.0194922 0.0963772 -2.62071e-05 0.000317633 -1.44229e-05 -2.62071e-05 0.0106898 -0.0196425 -3.21272e-05 0.000317633 -0.0196425 0.0969973 
0.0106481 -0.0194939 4.54045e-07 -6.11612e-05 -0.0194939 0.0963655 -5.17942e-05 0.000365596 4.54045e-07 -5.17942e-05 0.0106945 -0.0196638 -6.11612e-05 0.000365596 -0.0196638 0.0970912 
0.0106487 -0.0195156 1.30136e-05 -7.97922e-05 -0.0195156 0.0964258 -7.25793e-05 0.000422045 1.30136e-05 -7.25793e-05 0.0107075 -0.0196757 -7.97922e-05 0.000422045 -0.0196757 0.0971725 
0.0106498 -0.0195106 -2.30975e-07 -9.22044e-05 -0.0195106 0.0964259 -8.92976e-05 0.000465683 -2.30975e-07 -8.92976e-05 0.0107099 -0.0196823 -9.22044e-05 0.000465683 -0.0196823 0.0971851 
0.0106368 -0.0194969 -5.602e-06 -7.35795e-05 -0.0194969 0.0963524 -7.31011e-05 0.000454192 -5.602e-06 -7.31011e-05 0.0107039 -0.0196717 -7.35795e-05 0.000454192 -0.0196717 0.0971268 
0.0106512 -0.019519 -5.40494e-06 -6.1829e-05 -0.019519 0.0964864 -6.42934e-05 0.000422497 -5.40494e-06 -6.42934e-05 0.0107098 -0.0197071 -6.1829e-05 0.000422497 -0.0197071 0.0972945 
0.0106334 -0.0194813 -7.09031e-06 -6.31234e-05 -0.0194813 0.096303 -6.43293e-05 0.000409537 -7.09031e-06 -6.43293e-05 0.0106862 -0.0196597 -6.31234e-05 0.000409537 -0.0196597 0.0971145 
0.0106075 -0.0194182 -7.4133e-06 -6.39963e-05 -0.0194182 0.09598 -6.17519e-05 0.000406686 -7.4133e-06 -6.17519e-05 0.0106376 -0.0195849 -6.39963e-05 0.000406686 -0.0195849 0.0967655 
0.0105979 -0.0193946 -1.39493e-05 -6.32491e-05 -0.0193946 0.0958242 -6.27795e-05 0.000406034 -1.39493e-05 -6.27795e-05 0.0106073 -0.0195353 -6.32491e-05 0.000406034 -0.0195353 0.0965614 
0.0105886 -0.0193787 -1.95178e-05 -5.28268e-05 -0.0193787 0.0957106 -5.52201e-05 0.000390312 -1.95178e-05 -5.52201e-05 0.0105783 -0.0194909 -5.28268e-05 0.000390312 -0.0194909 0.0963774 
0.0106105 -0.0194091 -1.75813e-05 -4.58121e-05 -0.0194091 0.0958385 -4.52095e-05 0.000367443 -1.75813e-05 -4.52095e-05 0.0105579 -0.0194896 -4.58121e-05 0.000367443 -0.0194896 0.0964154 
0.0106181 -0.0194126 -1.05322e-05 -4.71273e-05 -0.0194126 0.0958148 -4.15822e-05 0.000350261 -1.05322e-05 -4.15822e-05 0.010518 -0.0194326 -4.71273e-05 0.000350261 -0.0194326 0.09625 
0.010625 -0.0194225 -8.47145e-06 -5.38852e-05 -0.0194225 0.0958113 -4.61229e-05 0.000347969 -8.47145e-06 -4.61229e-05 0.0104892 -0.0193719 -5.38852e-05 0.000347969 -0.0193719 0.0960578 
0.0106061 -0.0194191 -7.32487e-06 -5.43876e-05 -0.0194191 0.0957585 -4.87262e-05 0.000348627 -7.32487e-06 -4.87262e-05 0.0104816 -0.0193158 -5.43876e-05 0.000348627 -0.0193158 0.0958275 
0.0105984 -0.019383 -3.66963e-06 -5.434e-05 -0.019383 0.0956266 -5.29728e-05 0.000351061 -3.66963e-06 -5.29728e-05 0.010451 -0.0192892 -5.434e-05 0.000351061 -0.0192892 0.0956323 
0.0105679 -0.0193554 -7.58967e-06 -5.62992e-05 -0.0193554 0.0954583 -5.7774e-05 0.000354883 -7.58967e-06 -5.7774e-05 0.0104392 -0.0192366 -5.62992e-05 0.000354883 -0.0192366 0.0954151 
0.0105453 -0.0193791 -6.72702e-06 -5.09503e-05 -0.0193791 0.0956237 -5.32083e-05 0.000349971 -6.72702e-06 -5.32083e-05 0.0104852 -0.019281 -5.09503e-05 0.000349971 -0.019281 0.0955831 
0.0105089 -0.0193212 -1.19449e-05 -5.19847e-05 -0.0193212 0.0955067 -5.34277e-05 0.000345854 -1.19449e-05 -5.34277e-05 0.0105096 -0.0193099 -5.19847e-05 0.000345854 -0.0193099 0.0956096 
0.0104836 -0.0192791 -3.70491e-06 -4.60453e-05 -0.0192791 0.0954055 -5.04798e-05 0.000340948 -3.70491e-06 -5.04798e-05 0.0105382 -0.0193529 -4.60453e-05 0.000340948 -0.0193529 0.0957256 
0.0104606 -0.0192243 5.7796e-06 -5.33101e-05 -0.0192243 0.0952088 -6.2656e-05 0.000352905 5.7796e-06 -6.2656e-05 0.0105361 -0.0193706 -5.33101e-05 0.000352905 -0.0193706 0.0957383 
0.0104242 -0.0191736 1.50037e-05 -6.40479e-05 -0.0191736 0.0949697 -7.51085e-05 0.000378146 1.50037e-05 -7.51085e-05 0.0105309 -0.0193438 -6.40479e-05 0.000378146 -0.0193438 0.095617 
0.0104191 -0.0191221 1.40132e-05 -7.60124e-05 -0.0191221 0.0947593 -8.43169e-05 0.000404036 1.40132e-05 -8.43169e-05 0.0104964 -0.0193249 -7.60124e-05 0.000404036 -0.0193249 0.0954871 
0.0104387 -0.0191453 8.54308e-06 -7.99804e-05 -0.0191453 0.0948021 -8.11995e-05 0.000417071 8.54308e-06 -8.11995e-05 0.0104764 -0.0193117 -7.99804e-05 0.000417071 -0.0193117 0.0955035 
0.0104461 -0.0191615 -1.20701e-06 -7.75012e-05 -0.0191615 0.0948172 -7.05324e-05 0.00041008 -1.20701e-06 -7.05324e-05 0.0104599 -0.0192698 -7.75012e-05 0.00041008 -0.0192698 0.0953911 
0.0104622 -0.0191987 -4.04906e-06 -6.57353e-05 -0.0191987 0.0949784 -5.43352e-05 0.00038188 -4.04906e-06 -5.43352e-05 0.0104637 -0.0192756 -6.57353e-05 0.00038188 -0.0192756 0.09544 
0.0104778 -0.0192096 -1.40683e-05 -5.88757e-05 -0.0192096 0.0950354 -5.16611e-05 0.000359665 -1.40683e-05 -5.16611e-05 0.0104539 -0.0192732 -5.88757e-05 0.000359665 -0.0192732 0.0954388 
0.0105121 -0.0192519 -2.76315e-05 -4.13759e-05 -0.0192519 0.0951978 -4.43809e-05 0.000332577 -2.76315e-05 -4.43809e-05 0.0104605 -0.0192805 -4.13759e-05 0.000332577 -0.0192805 0.0955249 
0.0105039 -0.0192524 -3.19274e-05 -1.9895e-05 -0.0192524 0.0951277 -3.1491e-05 0.000292173 -3.19274e-05 -3.1491e-05 0.0104531 -0.0192417 -1.9895e-05 0.000292173 -0.0192417 0.0953509 
0.0104925 -0.0192632 -1.32617e-05 -1.38873e-05 -0.0192632 0.0951722 -2.8839e-05 0.000270214 -1.32617e-05 -2.8839e-05 0.0104698 -0.0192462 -1.38873e-05 0.000270214 -0.0192462 0.0953293 
0.010492 -0.0192547 7.4321e-06 -3.9323e-05 -0.0192547 0.09519 -5.14915e-05 0.000301454 7.4321e-06 -5.14915e-05 0.0104775 -0.0192737 -3.9323e-05 0.000301454 -0.0192737 0.0953834 
0.0104882 -0.0192295 2.43277e-05 -7.36687e-05 -0.0192295 0.0950799 -7.77825e-05 0.000374161 2.43277e-05 -7.77825e-05 0.0104614 -0.0192671 -7.36687e-05 0.000374161 -0.0192671 0.0953335 
0.0104973 -0.0192175 2.30517e-05 -0.00010141 -0.0192175 0.094994 -9.63769e-05 0.000445227 2.30517e-05 -9.63769e-05 0.010441 -0.0192485 -0.00010141 0.000445227 -0.0192485 0.0952728 
0.0105233 -0.0192816 2.30371e-06 -0.000102907 -0.0192816 0.0952301 -9.4005e-05 0.000474494 2.30371e-06 -9.4005e-05 0.0104598 -0.0192738 -0.000102907 0.000474494 -0.0192738 0.0954539 
0.0105207 -0.0193096 -2.34014e-05 -7.54404e-05 -0.0193096 0.0953634 -6.68716e-05 0.000438959 -2.34014e-05 -6.68716e-05 0.0104759 -0.0192866 -7.54404e-05 0.000438959 -0.0192866 0.0955265 
0.0105153 -0.0193052 -4.22623e-05 -3.93293e-05 -0.0193052 0.0954115 -2.98129e-05 0.000356326 -4.22623e-05 -2.98129e-05 0.0104949 -0.0193066 -3.93293e-05 0.000356326 -0.0193066 0.0955921 
0.0104976 -0.0192577 -5.1873e-05 -1.35548e-05 -0.0192577 0.0952287 -6.46701e-07 0.000270864 -5.1873e-05 -6.46701e-07 0.0104939 -0.0192988 -1.35548e-05 0.000270864 -0.0192988 0.0955001 
0.0105104 -0.0192757 -4.83877e-05 -6.82244e-07 -0.0192757 0.0953164 1.11157e-05 0.000216856 -4.83877e-05 1.11157e-05 0.0105146 -0.0193458 -6.82244e-07 0.000216856 -0.0193458 0.0956867 
0.0105292 -0.0193104 -5.28724e-05 -2.59843e-06 -0.0193104 0.0954786 3.82174e-06 0.000206086 -5.28724e-05 3.82174e-06 0.0105346 -0.0193939 -2.59843e-06 0.000206086 -0.0193939 0.0959165 
0.0105766 -0.0193887 -4.66482e-05 4.44533e-06 -0.0193887 0.095867 2.58629e-06 0.00020491 -4.66482e-05 2.58629e-06 0.010579 -0.0194777 4.44533e-06 0.00020491 -0.0194777 0.096345 
0.0106389 -0.0194802 -5.85999e-05 -1.51579e-07 -0.0194802 0.0963058 -6.47318e-06 0.000212948 -5.85999e-05 -6.47318e-06 0.0106144 -0.0195686 -1.51579e-07 0.000212948 -0.0195686 0.0968042 
0.0106683 -0.0195236 -5.02533e-05 1.04668e-05 -0.0195236 0.0964694 5.65609e-06 0.000203957 -5.02533e-05 5.65609e-06 0.0106221 -0.0195816 1.04668e-05 0.000203957 -0.0195816 0.096931 
0.0106632 -0.0195308 -2.67065e-05 -2.95528e-06 -0.0195308 0.0964619 -4.09404e-06 0.00021684 -2.67065e-05 -4.09404e-06 0.0106282 -0.019561 -2.95528e-06 0.00021684 -0.019561 0.0968599 
0.0106494 -0.0195154 -1.11753e-05 -3.48281e-05 -0.0195154 0.0964007 -3.42735e-05 0.000277163 -1.11753e-05 -3.42735e-05 0.0106402 -0.0195575 -3.48281e-05 0.000277163 -0.0195575 0.0967898 
0.0106473 -0.0194788 2.00647e-06 -5.64876e-05 -0.0194788 0.0962503 -5.59835e-05 0.000344005 2.00647e-06 -5.59835e-05 0.0106328 -0.0195582 -5.64876e-05 0.000344005 -0.0195582 0.0967088 
0.0106537 -0.0194821 1.61981e-05 -7.54806e-05 -0.0194821 0.0962089 -7.3986e-05 0.000401299 1.61981e-05 -7.3986e-05 0.0106163 -0.0195621 -7.54806e-05 0.000401299 -0.0195621 0.0967155 
0.0106664 -0.0195404 2.0081e-05 -9.46826e-05 -0.0195404 0.0964519 -9.25905e-05 0.000456565 2.0081e-05 -9.25905e-05 0.0106397 -0.0195935 -9.46826e-05 0.000456565 -0.0195935 0.0969341 
0.0106967 -0.0196089 2.18076e-05 -0.000101036 -0.0196089 0.0968463 -9.77148e-05 0.000490597 2.18076e-05 -9.77148e-05 0.0106736 -0.0196714 -0.000101036 0.000490597 -0.0196714 0.0973223 
0.0107098 -0.0196413 2.33265e-06 -0.000101125 -0.0196413 0.0970603 -9.85332e-05 0.000500552 2.33265e-06 -9.85332e-05 0.0107015 -0.0197063 -0.000101125 0.000500552 -0.0197063 0.0975443 
0.0106866 -0.0195973 -5.67587e-06 -7.63252e-05 -0.0195973 0.0968917 -7.55882e-05 0.000465562 -5.67587e-06 -7.55882e-05 0.010704 -0.0196756 -7.63252e-05 0.000465562 -0.0196756 0.0973906 
0.0106496 -0.0195329 -8.50783e-06 -6.35556e-05 -0.0195329 0.0965966 -6.39517e-05 0.000425215 -8.50783e-06 -6.39517e-05 0.010694 -0.01964 -6.35556e-05 0.000425215 -0.01964 0.0971425 
0.0106022 -0.0194416 -7.85648e-06 -6.04718e-05 -0.0194416 0.0961636 -6.15349e-05 0.000406382 -7.85648e-06 -6.15349e-05 0.0106607 -0.0195799 -6.04718e-05 0.000406382 -0.0195799 0.0967749 
0.0106129 -0.0194198 -2.54912e-06 -5.95172e-05 -0.0194198 0.0960528 -6.31264e-05 0.000401708 -2.54912e-06 -6.31264e-05 0.0106324 -0.0195756 -5.95172e-05 0.000401708 -0.0195756 0.0967188 
0.0106484 -0.0194394 5.58352e-06 -6.56807e-05 -0.0194394 0.096058 -6.89789e-05 0.000409058 5.58352e-06 -6.89789e-05 0.0105916 -0.0195534 -6.56807e-05 0.000409058 -0.0195534 0.0966865 
0.0106746 -0.0194855 -3.59471e-06 -7.74206e-05 -0.0194855 0.0961398 -7.74444e-05 0.000428567 -3.59471e-06 -7.74444e-05 0.0105665 -0.0195041 -7.74206e-05 0.000428567 -0.0195041 0.0965914 
0.010684 -0.0195355 5.50548e-07 -6.64763e-05 -0.0195355 0.0963087 -6.16883e-05 0.000414389 5.50548e-07 -6.16883e-05 0.0105692 -0.0194873 -6.64763e-05 0.000414389 -0.0194873 0.0965691 
