0.00772728 0 4.55414e-05 0 0 0.0108783 0 0 4.55414e-05 0 0.00762482 0 0 0 0 0.0108783 
0.00944074 -0.0117156 3.79321e-05 -4.42316e-05 -0.0117156 0.0310787 -4.42316e-05 8.47223e-05 3.79321e-05 -4.42316e-05 0.00934004 -0.0115958 -4.42316e-05 8.47223e-05 -0.0115958 0.030849 
0.00970845 -0.018073 1.661e-05 3.6808e-05 -0.018073 0.0666076 3.6808e-05 -0.000144299 1.661e-05 3.6808e-05 0.00967371 -0.0180489 3.6808e-05 -0.000144299 -0.0180489 0.0665691 
0.00915837 -0.0176589 -8.61035e-08 0.000143395 -0.0176589 0.0791589 0.000136331 -0.000773702 -8.61035e-08 0.000136331 0.00918241 -0.0178333 0.000143395 -0.000773702 -0.0178333 0.080082 
0.00887009 -0.0165495 1.91256e-05 0.00013785 -0.0165495 0.0797871 0.000130081 -0.000972736 1.91256e-05 0.000130081 0.00890084 -0.0167604 0.00013785 -0.000972736 -0.0167604 0.0811199 
0.00863466 -0.0158501 3.92071e-05 6.89141e-05 -0.0158501 0.0777928 6.50415e-05 -0.000741039 3.92071e-05 6.50415e-05 0.00867506 -0.0160106 6.89141e-05 -0.000741039 -0.0160106 0.0789245 
0.00839168 -0.0153408 3.43157e-05 1.81039e-05 -0.0153408 0.0755842 1.82023e-05 -0.000462386 3.43157e-05 1.82023e-05 0.00842724 -0.0154812 1.81039e-05 -0.000462386 -0.0154812 0.0764545 
0.00818277 -0.0148899 1.19169e-05 1.51791e-05 -0.0148899 0.073469 1.55024e-05 -0.000315583 1.19169e-05 1.55024e-05 0.00815529 -0.0150177 1.51791e-05 -0.000315583 -0.0150177 0.0741792 
0.0112381 -0.020446 -3.25076e-05 6.54544e-05 -0.020446 0.100766 6.07096e-05 -0.000435114 -3.25076e-05 6.07096e-05 0.0111539 -0.0205226 6.54544e-05 -0.000435114 -0.0205226 0.101513 
0.0110833 -0.020189 -5.54319e-05 0.000137791 -0.020189 0.0994235 0.000126382 -0.000563526 -5.54319e-05 0.000126382 0.0109942 -0.020208 0.000137791 -0.000563526 -0.020208 0.0999686 
0.0109771 -0.0200294 -5.20762e-05 0.000174322 -0.0200294 0.0986358 0.000160021 -0.000690766 -5.20762e-05 0.000160021 0.0109178 -0.020048 0.000174322 -0.000690766 -0.020048 0.0991177 
0.0109253 -0.0199323 -2.83968e-05 0.000171175 -0.0199323 0.0982134 0.000158521 -0.00073907 -2.83968e-05 0.000158521 0.010879 -0.0199941 0.000171175 -0.00073907 -0.0199941 0.0987635 
0.0108728 -0.0198439 -1.12739e-06 0.000135054 -0.0198439 0.097786 0.000126812 -0.000691518 -1.12739e-06 0.000126812 0.0108411 -0.0199277 0.000135054 -0.000691518 -0.0199277 0.0984202 
0.0108473 -0.019832 1.30526e-05 8.94992e-05 -0.019832 0.0977412 8.67816e-05 -0.000586798 1.30526e-05 8.67816e-05 0.0108499 -0.0199326 8.94992e-05 -0.000586798 -0.0199326 0.0984333 
0.0107937 -0.0197804 2.86355e-05 6.05331e-05 -0.0197804 0.0975679 6.49242e-05 -0.000488938 2.86355e-05 6.49242e-05 0.0108689 -0.0199223 6.05331e-05 -0.000488938 -0.0199223 0.098343 
0.0108146 -0.0197556 1.20657e-05 3.7469e-05 -0.0197556 0.0975906 4.35959e-05 -0.00041216 1.20657e-05 4.35959e-05 0.0108703 -0.0199931 3.7469e-05 -0.00041216 -0.0199931 0.0985601 
0.0108605 -0.0198141 -7.03282e-06 5.72867e-05 -0.0198141 0.0978076 5.97298e-05 -0.000404587 -7.03282e-06 5.97298e-05 0.0108708 -0.0200339 5.72867e-05 -0.000404587 -0.0200339 0.0988489 
0.0108259 -0.0197882 3.04123e-06 8.66547e-05 -0.0197882 0.0975886 8.20333e-05 -0.000448797 3.04123e-06 8.20333e-05 0.0108381 -0.0199407 8.66547e-05 -0.000448797 -0.0199407 0.0985191 
0.0108057 -0.0197572 -7.10923e-06 7.83367e-05 -0.0197572 0.0974753 7.15443e-05 -0.000459292 -7.10923e-06 7.15443e-05 0.0108183 -0.0199035 7.83367e-05 -0.000459292 -0.0199035 0.0983244 
0.0107785 -0.0197363 -1.27544e-05 8.70717e-05 -0.0197363 0.0973991 8.18566e-05 -0.000467112 -1.27544e-05 8.18566e-05 0.0108186 -0.0198832 8.70717e-05 -0.000467112 -0.0198832 0.0982268 
0.0107555 -0.0196759 -2.67498e-05 9.34578e-05 -0.0196759 0.0971763 9.04342e-05 -0.000484775 -2.67498e-05 9.04342e-05 0.0107952 -0.0198552 9.34578e-05 -0.000484775 -0.0198552 0.0980456 
0.0107445 -0.019642 -2.82524e-05 0.000107723 -0.019642 0.0970029 0.000105421 -0.000509983 -2.82524e-05 0.000105421 0.0107698 -0.0198215 0.000107723 -0.000509983 -0.0198215 0.0978958 
0.0107145 -0.0196125 -1.59038e-05 0.000111028 -0.0196125 0.096825 0.000105082 -0.000522404 -1.59038e-05 0.000105082 0.0107628 -0.0197707 0.000111028 -0.000522404 -0.0197707 0.0976846 
0.0106873 -0.019549 -5.11233e-06 9.57952e-05 -0.019549 0.0965529 8.76157e-05 -0.000497358 -5.11233e-06 8.76157e-05 0.0107352 -0.0197339 9.57952e-05 -0.000497358 -0.0197339 0.0974335 
0.0106828 -0.0195114 2.3931e-07 7.98482e-05 -0.0195114 0.0963549 7.44602e-05 -0.000458608 2.3931e-07 7.44602e-05 0.0106978 -0.019701 7.98482e-05 -0.000458608 -0.019701 0.0972655 
0.0107067 -0.0195806 8.5983e-06 6.99813e-05 -0.0195806 0.0966163 7.14797e-05 -0.000433566 8.5983e-06 7.14797e-05 0.0107227 -0.0197255 6.99813e-05 -0.000433566 -0.0197255 0.0974648 
0.010731 -0.0196083 1.5547e-05 5.55515e-05 -0.0196083 0.0967641 6.46366e-05 -0.00040887 1.5547e-05 6.46366e-05 0.0107247 -0.0197429 5.55515e-05 -0.00040887 -0.0197429 0.097543 
0.0107515 -0.0196498 1.71966e-05 4.54869e-05 -0.0196498 0.0969286 5.53399e-05 -0.000381608 1.71966e-05 5.53399e-05 0.0107256 -0.0197538 4.54869e-05 -0.000381608 -0.0197538 0.0976311 
0.0107784 -0.0197007 2.07329e-05 4.7443e-05 -0.0197007 0.0971692 5.10033e-05 -0.00036939 2.07329e-05 5.10033e-05 0.0107416 -0.0197802 4.7443e-05 -0.00036939 -0.0197802 0.0977975 
0.0107761 -0.0197047 2.6374e-05 4.75455e-05 -0.0197047 0.0971908 4.12248e-05 -0.000357241 2.6374e-05 4.12248e-05 0.0107454 -0.0197724 4.75455e-05 -0.000357241 -0.0197724 0.0977697 
0.0107787 -0.0197317 1.80646e-05 4.31801e-05 -0.0197317 0.097351 3.18916e-05 -0.000341375 1.80646e-05 3.18916e-05 0.0107752 -0.0198164 4.31801e-05 -0.000341375 -0.0198164 0.0979536 
0.0108086 -0.0197557 -9.42539e-07 5.25044e-05 -0.0197557 0.0975382 4.13778e-05 -0.000347644 -9.42539e-07 4.13778e-05 0.0108029 -0.0198824 5.25044e-05 -0.000347644 -0.0198824 0.0982359 
0.0108375 -0.0197595 -9.47982e-06 7.72455e-05 -0.0197595 0.097528 6.58664e-05 -0.000391496 -9.47982e-06 6.58664e-05 0.0107985 -0.0198932 7.72455e-05 -0.000391496 -0.0198932 0.0982982 
0.0108765 -0.0198476 -1.9475e-05 9.09031e-05 -0.0198476 0.0978465 7.83222e-05 -0.000437336 -1.9475e-05 7.83222e-05 0.0108318 -0.0199457 9.09031e-05 -0.000437336 -0.0199457 0.0985974 
0.0108708 -0.0198662 -2.26447e-05 0.000101734 -0.0198662 0.0979286 9.3438e-05 -0.000474261 -2.26447e-05 9.3438e-05 0.0108509 -0.0199607 0.000101734 -0.000474261 -0.0199607 0.0986642 
0.0108834 -0.019894 -5.98405e-06 0.000102294 -0.019894 0.098125 0.000104477 -0.000501706 -5.98405e-06 0.000104477 0.0108804 -0.0200208 0.000102294 -0.000501706 -0.0200208 0.0989138 
0.0108678 -0.0198692 2.82141e-06 7.87676e-05 -0.0198692 0.098043 8.80848e-05 -0.00048289 2.82141e-06 8.80848e-05 0.01088 -0.0200211 7.87676e-05 -0.00048289 -0.0200211 0.0989068 
0.0108652 -0.019859 -2.57222e-07 6.82855e-05 -0.019859 0.0980288 7.72491e-05 -0.000454663 -2.57222e-07 7.72491e-05 0.0108826 -0.0200342 6.82855e-05 -0.000454663 -0.0200342 0.0989657 
0.0108499 -0.0197964 -5.61355e-07 7.43164e-05 -0.0197964 0.0977307 8.13392e-05 -0.000453557 -5.61355e-07 8.13392e-05 0.010836 -0.0199782 7.43164e-05 -0.000453557 -0.0199782 0.0987077 
0.0108276 -0.019754 -7.81146e-06 7.69708e-05 -0.019754 0.0974366 8.20016e-05 -0.000461742 -7.81146e-06 8.20016e-05 0.010798 -0.0198833 7.69708e-05 -0.000461742 -0.0198833 0.0983274 
0.0108165 -0.0197835 -1.68297e-06 8.3895e-05 -0.0197835 0.0975288 8.97345e-05 -0.000475104 -1.68297e-06 8.97345e-05 0.0108181 -0.0198781 8.3895e-05 -0.000475104 -0.0198781 0.0982976 
0.010808 -0.0197829 8.98669e-06 7.29896e-05 -0.0197829 0.097605 8.56756e-05 -0.000469729 8.98669e-06 8.56756e-05 0.0108294 -0.0199098 7.29896e-05 -0.000469729 -0.0199098 0.0983624 
0.010786 -0.019742 1.46059e-05 5.42787e-05 -0.019742 0.0974675 7.48785e-05 -0.000439436 1.46059e-05 7.48785e-05 0.0108217 -0.0198925 5.42787e-05 -0.000439436 -0.0198925 0.0982655 
0.010762 -0.0197122 2.54311e-05 4.79155e-05 -0.0197122 0.097347 6.70791e-05 -0.000413534 2.54311e-05 6.70791e-05 0.010812 -0.0198757 4.79155e-05 -0.000413534 -0.0198757 0.0981722 
0.0107374 -0.0196243 1.37419e-05 3.93648e-05 -0.0196243 0.0969622 4.9709e-05 -0.000385092 1.37419e-05 4.9709e-05 0.0107549 -0.0198045 3.93648e-05 -0.000385092 -0.0198045 0.0978148 
0.0107048 -0.0195488 3.33544e-06 5.77596e-05 -0.0195488 0.0965143 5.74839e-05 -0.000390917 3.33544e-06 5.74839e-05 0.0106945 -0.0196863 5.77596e-05 -0.000390917 -0.0196863 0.0973064 
0.0107272 -0.0196097 -9.69607e-07 7.19883e-05 -0.0196097 0.0967436 6.3575e-05 -0.00041092 -9.69607e-07 6.3575e-05 0.01071 -0.0197105 7.19883e-05 -0.00041092 -0.0197105 0.0974413 
0.0107408 -0.0196188 3.07031e-06 7.84198e-05 -0.0196188 0.0967958 6.81438e-05 -0.000427247 3.07031e-06 6.81438e-05 0.0107037 -0.019711 7.84198e-05 -0.000427247 -0.019711 0.0974379 
0.0107471 -0.0196195 6.46963e-06 7.46766e-05 -0.0196195 0.0967598 6.26107e-05 -0.000425835 6.46963e-06 6.26107e-05 0.0106867 -0.0196876 7.46766e-05 -0.000425835 -0.0196876 0.0973491 
0.0107708 -0.0196526 7.49237e-06 7.01153e-05 -0.0196526 0.0968758 5.81309e-05 -0.000414923 7.49237e-06 5.81309e-05 0.0106773 -0.0196916 7.01153e-05 -0.000414923 -0.0196916 0.0973953 
0.0108132 -0.0197444 5.66207e-06 6.57016e-05 -0.0197444 0.0972757 5.74706e-05 -0.000404714 5.66207e-06 5.74706e-05 0.0107082 -0.0197389 6.57016e-05 -0.000404714 -0.0197389 0.0976933 
0.010824 -0.0197986 1.03017e-06 6.62519e-05 -0.0197986 0.0975486 6.13988e-05 -0.000404958 1.03017e-06 6.13988e-05 0.0107373 -0.0197757 6.62519e-05 -0.000404958 -0.0197757 0.0978897 
0.0108039 -0.0197684 -5.85843e-06 7.16509e-05 -0.0197684 0.0974799 6.60565e-05 -0.000411077 -5.85843e-06 6.60565e-05 0.0107403 -0.0197681 7.16509e-05 -0.000411077 -0.0197681 0.0978278 
0.0108022 -0.0197457 -7.53978e-06 7.99023e-05 -0.0197457 0.0974318 7.10999e-05 -0.000423288 -7.53978e-06 7.10999e-05 0.0107402 -0.0197849 7.99023e-05 -0.000423288 -0.0197849 0.0978667 
0.0107591 -0.0196942 -3.63345e-06 8.2905e-05 -0.0196942 0.0971708 7.10174e-05 -0.000428965 -3.63345e-06 7.10174e-05 0.0107388 -0.0197421 8.2905e-05 -0.000428965 -0.0197421 0.0976698 
0.0107463 -0.0196635 3.19045e-06 7.84298e-05 -0.0196635 0.097086 6.66628e-05 -0.000422986 3.19045e-06 6.66628e-05 0.0107447 -0.019765 7.84298e-05 -0.000422986 -0.019765 0.0976956 
0.0107407 -0.01964 1.13867e-05 6.77494e-05 -0.01964 0.0969897 5.83165e-05 -0.000402487 1.13867e-05 5.83165e-05 0.0107485 -0.0197727 6.77494e-05 -0.000402487 -0.0197727 0.0977142 
0.010736 -0.0196397 1.89677e-05 5.44006e-05 -0.0196397 0.096973 5.21874e-05 -0.000377186 1.89677e-05 5.21874e-05 0.0107574 -0.0197877 5.44006e-05 -0.000377186 -0.0197877 0.0977722 
0.0107256 -0.0196362 3.44365e-05 4.1361e-05 -0.0196362 0.0969689 4.7521e-05 -0.000354048 3.44365e-05 4.7521e-05 0.0107725 -0.0198018 4.1361e-05 -0.000354048 -0.0198018 0.0978254 
0.010734 -0.0196088 2.96712e-05 2.13552e-05 -0.0196088 0.0968756 3.1726e-05 -0.000318313 2.96712e-05 3.1726e-05 0.0107637 -0.0198069 2.13552e-05 -0.000318313 -0.0198069 0.0978082 
0.0107797 -0.0196874 2.18373e-05 2.63614e-05 -0.0196874 0.0971897 3.68132e-05 -0.000309858 2.18373e-05 3.68132e-05 0.0107859 -0.0198694 2.63614e-05 -0.000309858 -0.0198694 0.0981386 
0.0108253 -0.0197535 1.06245e-05 3.85805e-05 -0.0197535 0.0974749 4.87426e-05 -0.000332328 1.06245e-05 4.87426e-05 0.0107943 -0.0199082 3.85805e-05 -0.000332328 -0.0199082 0.0983814 
0.0108625 -0.0197996 -1.28875e-05 5.52626e-05 -0.0197996 0.0976421 6.47116e-05 -0.000372566 -1.28875e-05 6.47116e-05 0.0107817 -0.0199067 5.52626e-05 -0.000372566 -0.0199067 0.0984541 
0.0108639 -0.0198368 -1.80165e-05 8.64797e-05 -0.0198368 0.0977348 9.23201e-05 -0.000436943 -1.80165e-05 9.23201e-05 0.0107919 -0.019868 8.64797e-05 -0.000436943 -0.019868 0.0983687 
0.0108292 -0.0197778 -1.05978e-05 9.58977e-05 -0.0197778 0.0974673 0.000100488 -0.000482279 -1.05978e-05 0.000100488 0.0107755 -0.0198039 9.58977e-05 -0.000482279 -0.0198039 0.0979902 
0.0108389 -0.0198057 -9.0279e-06 8.67862e-05 -0.0198057 0.0976144 9.24502e-05 -0.000485702 -9.0279e-06 9.24502e-05 0.0108036 -0.0198519 8.67862e-05 -0.000485702 -0.0198519 0.0981297 
0.0108291 -0.0198399 -1.33376e-05 8.41269e-05 -0.0198399 0.0978077 9.09252e-05 -0.000480391 -1.33376e-05 9.09252e-05 0.0108542 -0.0199117 8.41269e-05 -0.000480391 -0.0199117 0.0983679 
0.0108156 -0.0198065 -6.29737e-06 9.09316e-05 -0.0198065 0.0977785 9.65387e-05 -0.000490168 -6.29737e-06 9.65387e-05 0.0108814 -0.0199601 9.09316e-05 -0.000490168 -0.0199601 0.098492 
0.0107983 -0.0197458 1.27853e-06 8.70388e-05 -0.0197458 0.0975358 9.05447e-05 -0.000493645 1.27853e-06 9.05447e-05 0.0108679 -0.0199665 8.70388e-05 -0.000493645 -0.0199665 0.0984497 
0.010809 -0.0197493 -7.59559e-06 7.85073e-05 -0.0197493 0.0975203 8.10212e-05 -0.000481557 -7.59559e-06 8.10212e-05 0.0108647 -0.0199793 7.85073e-05 -0.000481557 -0.0199793 0.098541 
0.0108435 -0.0197992 -2.94924e-06 8.92635e-05 -0.0197992 0.097716 9.20636e-05 -0.000492952 -2.94924e-06 9.20636e-05 0.0108654 -0.0200072 8.92635e-05 -0.000492952 -0.0200072 0.0987315 
0.0109045 -0.0198771 2.37852e-06 8.6263e-05 -0.0198771 0.0980446 8.92103e-05 -0.000502075 2.37852e-06 8.92103e-05 0.0108485 -0.0200357 8.6263e-05 -0.000502075 -0.0200357 0.0989631 
0.0109358 -0.0199462 3.57177e-06 7.90022e-05 -0.0199462 0.0982809 8.23036e-05 -0.000492416 3.57177e-06 8.23036e-05 0.0108282 -0.0200012 7.90022e-05 -0.000492416 -0.0200012 0.0989814 
0.0109398 -0.0199769 1.07613e-05 7.306e-05 -0.0199769 0.0984014 8.01332e-05 -0.000477846 1.07613e-05 8.01332e-05 0.0108249 -0.0199522 7.306e-05 -0.000477846 -0.0199522 0.0988534 
0.0108993 -0.0199405 6.02116e-06 6.21227e-05 -0.0199405 0.0982503 7.28348e-05 -0.000457412 6.02116e-06 7.28348e-05 0.0108189 -0.0198949 6.21227e-05 -0.000457412 -0.0198949 0.0985517 
0.0108553 -0.0198846 2.18579e-06 6.70036e-05 -0.0198846 0.0980704 8.02807e-05 -0.000457428 2.18579e-06 8.02807e-05 0.0108366 -0.019882 6.70036e-05 -0.000457428 -0.019882 0.0983857 
0.0108338 -0.0198403 9.55533e-06 7.30333e-05 -0.0198403 0.0979539 8.47434e-05 -0.000469779 9.55533e-06 8.47434e-05 0.0108527 -0.0199191 7.30333e-05 -0.000469779 -0.0199191 0.09842 
0.0108216 -0.0197625 3.52397e-06 6.67732e-05 -0.0197625 0.0976102 7.28069e-05 -0.000461669 3.52397e-06 7.28069e-05 0.0108052 -0.0198935 6.67732e-05 -0.000461669 -0.0198935 0.0982344 
0.0108187 -0.01974 -4.99348e-06 7.49096e-05 -0.01974 0.097399 7.61808e-05 -0.000462125 -4.99348e-06 7.61808e-05 0.0107521 -0.0198317 7.49096e-05 -0.000462125 -0.0198317 0.0980283 
0.0107838 -0.0197176 2.61203e-06 8.71256e-05 -0.0197176 0.097205 8.6743e-05 -0.000482631 2.61203e-06 8.6743e-05 0.0107272 -0.0197436 8.71256e-05 -0.000482631 -0.0197436 0.0977095 
0.0107658 -0.0196824 -3.47474e-06 7.83556e-05 -0.0196824 0.0970765 7.80477e-05 -0.000479888 -3.47474e-06 7.80477e-05 0.0107033 -0.0197107 7.83556e-05 -0.000479888 -0.0197107 0.0975123 
0.0107339 -0.0196176 -1.85818e-05 8.51159e-05 -0.0196176 0.0967688 8.27807e-05 -0.000481546 -1.85818e-05 8.27807e-05 0.0106639 -0.0196437 8.51159e-05 -0.000481546 -0.0196437 0.09719 
0.0107029 -0.019563 -1.56212e-05 0.00010579 -0.019563 0.0964912 9.93726e-05 -0.00051194 -1.56212e-05 9.93726e-05 0.0106296 -0.0195829 0.00010579 -0.00051194 -0.0195829 0.0969002 
0.0106821 -0.019563 3.76258e-06 0.000104193 -0.019563 0.0964894 9.54125e-05 -0.000524401 3.76258e-06 9.54125e-05 0.0106412 -0.0195776 0.000104193 -0.000524401 -0.0195776 0.0968843 
0.0106385 -0.0195099 7.24939e-06 7.7117e-05 -0.0195099 0.0963149 6.76211e-05 -0.000477744 7.24939e-06 6.76211e-05 0.0106529 -0.0195669 7.7117e-05 -0.000477744 -0.0195669 0.0967697 
0.010626 -0.0194574 7.59835e-06 6.62777e-05 -0.0194574 0.0961519 5.96853e-05 -0.000431871 7.59835e-06 5.96853e-05 0.0106455 -0.0195808 6.62777e-05 -0.000431871 -0.0195808 0.0967411 
0.0106009 -0.0194297 2.22118e-06 6.34949e-05 -0.0194297 0.0959905 6.20145e-05 -0.000414541 2.22118e-06 6.20145e-05 0.010645 -0.0195607 6.34949e-05 -0.000414541 -0.0195607 0.0966564 
0.0106091 -0.019446 7.92093e-06 6.71335e-05 -0.019446 0.0960996 6.96006e-05 -0.000417291 7.92093e-06 6.96006e-05 0.0106605 -0.0195995 6.71335e-05 -0.000417291 -0.0195995 0.0968101 
0.0106246 -0.0194724 2.35158e-06 5.98999e-05 -0.0194724 0.0962512 6.35971e-05 -0.000409216 2.35158e-06 6.35971e-05 0.0106775 -0.0196384 5.98999e-05 -0.000409216 -0.0196384 0.0970024 
0.0106421 -0.0195149 8.5109e-07 6.65985e-05 -0.0195149 0.0964682 6.91675e-05 -0.000411893 8.5109e-07 6.91675e-05 0.0107003 -0.0196834 6.65985e-05 -0.000411893 -0.0196834 0.0972409 
0.0106525 -0.0195013 7.77631e-06 7.10823e-05 -0.0195013 0.0964299 7.11257e-05 -0.000421181 7.77631e-06 7.11257e-05 0.0106823 -0.0196748 7.10823e-05 -0.000421181 -0.0196748 0.0972146 
0.0106621 -0.0195047 7.93361e-06 6.36094e-05 -0.0195047 0.0963888 6.28896e-05 -0.000412774 7.93361e-06 6.28896e-05 0.0106583 -0.019643 6.36094e-05 -0.000412774 -0.019643 0.0971249 
0.0106412 -0.0194889 3.41259e-06 6.24334e-05 -0.0194889 0.0962522 6.02354e-05 -0.000402473 3.41259e-06 6.02354e-05 0.0106476 -0.0195816 6.24334e-05 -0.000402473 -0.0195816 0.096883 
0.0106218 -0.0194688 3.39258e-06 6.7231e-05 -0.0194688 0.0961745 6.5232e-05 -0.000405673 3.39258e-06 6.5232e-05 0.0106465 -0.0195724 6.7231e-05 -0.000405673 -0.0195724 0.0967751 
0.010614 -0.0194244 1.59884e-07 6.59914e-05 -0.0194244 0.0959962 6.48578e-05 -0.00040516 1.59884e-07 6.48578e-05 0.0106253 -0.0195537 6.59914e-05 -0.00040516 -0.0195537 0.09664 
0.0106279 -0.0194621 4.81593e-06 6.83719e-05 -0.0194621 0.0961355 6.80935e-05 -0.000406322 4.81593e-06 6.80935e-05 0.0106445 -0.0195801 6.83719e-05 -0.000406322 -0.0195801 0.0967905 
0.0106227 -0.0194884 -2.92665e-06 6.50499e-05 -0.0194884 0.0962667 6.59584e-05 -0.000407412 -2.92665e-06 6.59584e-05 0.0106724 -0.0196079 6.50499e-05 -0.000407412 -0.0196079 0.0969161 
0.0106308 -0.0195112 -1.47846e-05 7.37046e-05 -0.0195112 0.0964612 7.75784e-05 -0.000424721 -1.47846e-05 7.75784e-05 0.0107048 -0.0196718 7.37046e-05 -0.000424721 -0.0196718 0.0971727 
0.0105855 -0.0194492 -3.14113e-05 8.88035e-05 -0.0194492 0.0962116 9.36462e-05 -0.000459644 -3.14113e-05 9.36462e-05 0.0107061 -0.0196412 8.88035e-05 -0.000459644 -0.0196412 0.0970061 
0.0105649 -0.0193877 -3.92626e-05 0.000108547 -0.0193877 0.0959889 0.000114966 -0.000507427 -3.92626e-05 0.000114966 0.0106905 -0.0196384 0.000108547 -0.000507427 -0.0196384 0.0969079 
0.0105758 -0.0193801 -3.04411e-05 0.00011673 -0.0193801 0.0959455 0.000126264 -0.000543845 -3.04411e-05 0.000126264 0.0106721 -0.0196458 0.00011673 -0.000543845 -0.0196458 0.0969535 
0.0105918 -0.019378 -8.86389e-06 0.000102476 -0.019378 0.095875 0.000113244 -0.000532933 -8.86389e-06 0.000113244 0.0106261 -0.0196052 0.000102476 -0.000532933 -0.0196052 0.0968492 
0.010607 -0.0194171 3.96132e-06 7.65598e-05 -0.0194171 0.095964 8.49991e-05 -0.000480036 3.96132e-06 8.49991e-05 0.0106043 -0.0195581 7.65598e-05 -0.000480036 -0.0195581 0.0967657 
0.0106025 -0.0194383 1.97865e-06 5.92923e-05 -0.0194383 0.0960338 6.37485e-05 -0.000420701 1.97865e-06 6.37485e-05 0.0106018 -0.0195162 5.92923e-05 -0.000420701 -0.0195162 0.0966327 
0.0105867 -0.0194213 1.52214e-05 6.24662e-05 -0.0194213 0.0959922 6.29797e-05 -0.000397411 1.52214e-05 6.29797e-05 0.0106028 -0.0194955 6.24662e-05 -0.000397411 -0.0194955 0.0964944 
0.0105765 -0.0193809 3.20739e-05 4.90776e-05 -0.0193809 0.0958372 4.69732e-05 -0.000370322 3.20739e-05 4.69732e-05 0.0105828 -0.0194779 4.90776e-05 -0.000370322 -0.0194779 0.0963456 
0.0105839 -0.0193855 3.37345e-05 2.81915e-05 -0.0193855 0.0958337 2.64127e-05 -0.000324793 3.37345e-05 2.64127e-05 0.0105732 -0.0194777 2.81915e-05 -0.000324793 -0.0194777 0.0963526 
0.0106212 -0.019411 1.81371e-05 2.61238e-05 -0.019411 0.0959263 2.63868e-05 -0.000304669 1.81371e-05 2.63868e-05 0.0105523 -0.0194795 2.61238e-05 -0.000304669 -0.0194795 0.0964043 
0.0106177 -0.0194479 5.67899e-06 4.4666e-05 -0.0194479 0.0959938 4.52563e-05 -0.000328271 5.67899e-06 4.52563e-05 0.0105548 -0.019443 4.4666e-05 -0.000328271 -0.019443 0.0963356 
0.0105803 -0.019423 9.07693e-06 6.23389e-05 -0.019423 0.0959102 5.89133e-05 -0.000366117 9.07693e-06 5.89133e-05 0.0105727 -0.0194165 6.23389e-05 -0.000366117 -0.0194165 0.0961701 
0.0105469 -0.0193845 1.02398e-05 5.81867e-05 -0.0193845 0.0958332 5.18424e-05 -0.000371105 1.02398e-05 5.18424e-05 0.0106011 -0.0194501 5.81867e-05 -0.000371105 -0.0194501 0.0961883 
0.0105203 -0.0193162 4.77888e-06 5.66828e-05 -0.0193162 0.0956031 5.18209e-05 -0.000367541 4.77888e-06 5.18209e-05 0.0105944 -0.0194693 5.66828e-05 -0.000367541 -0.0194693 0.0961639 
0.0105098 -0.0192931 -4.55569e-06 5.94209e-05 -0.0192931 0.0954993 6.08254e-05 -0.00037412 -4.55569e-06 6.08254e-05 0.0105911 -0.0194761 5.94209e-05 -0.00037412 -0.0194761 0.0962053 
0.010524 -0.0192756 1.01114e-06 6.96156e-05 -0.0192756 0.0954165 7.57936e-05 -0.00039892 1.01114e-06 7.57936e-05 0.0105622 -0.019467 6.96156e-05 -0.00039892 -0.019467 0.0961841 
0.0105154 -0.0192773 8.41566e-06 6.39489e-05 -0.0192773 0.095327 7.15762e-05 -0.000405194 8.41566e-06 7.15762e-05 0.0105429 -0.0194094 6.39489e-05 -0.000405194 -0.0194094 0.0960136 
0.0105306 -0.0192959 1.16413e-05 5.49965e-05 -0.0192959 0.0954082 6.23149e-05 -0.000391141 1.16413e-05 6.23149e-05 0.0105385 -0.0194055 5.49965e-05 -0.000391141 -0.0194055 0.0960005 
0.0105691 -0.0193676 2.16147e-06 5.06399e-05 -0.0193676 0.0957233 5.77002e-05 -0.000377694 2.16147e-06 5.77002e-05 0.0105575 -0.0194449 5.06399e-05 -0.000377694 -0.0194449 0.096223 
0.0105765 -0.0193564 -3.90575e-06 6.19951e-05 -0.0193564 0.0956469 6.87038e-05 -0.000389214 -3.90575e-06 6.87038e-05 0.0105238 -0.0194033 6.19951e-05 -0.000389214 -0.0194033 0.0960477 
0.0105538 -0.0193433 -1.09973e-05 7.11745e-05 -0.0193433 0.0955055 7.70461e-05 -0.000412164 -1.09973e-05 7.70461e-05 0.0105018 -0.0193324 7.11745e-05 -0.000412164 -0.0193324 0.0957664 
0.0105157 -0.019296 -2.69995e-06 8.21969e-05 -0.019296 0.0953062 8.58669e-05 -0.000437686 -2.69995e-06 8.58669e-05 0.0104935 -0.0192893 8.21969e-05 -0.000437686 -0.0192893 0.0955111 
0.0104712 -0.019229 -1.09939e-05 7.33976e-05 -0.019229 0.0950359 7.52107e-05 -0.000434897 -1.09939e-05 7.52107e-05 0.0104841 -0.0192617 7.33976e-05 -0.000434897 -0.0192617 0.095292 
0.010464 -0.0192067 -1.61943e-05 8.11536e-05 -0.0192067 0.0949861 8.13631e-05 -0.000437333 -1.61943e-05 8.13631e-05 0.0104905 -0.0192879 8.11536e-05 -0.000437333 -0.0192879 0.0953546 
0.0104812 -0.0192272 -1.36621e-05 8.9804e-05 -0.0192272 0.0950927 8.78078e-05 -0.000453101 -1.36621e-05 8.78078e-05 0.0104997 -0.019326 8.9804e-05 -0.000453101 -0.019326 0.09554 
0.0104988 -0.0192239 1.30058e-05 8.8373e-05 -0.0192239 0.0950611 8.11691e-05 -0.000452391 1.30058e-05 8.11691e-05 0.0104726 -0.019316 8.8373e-05 -0.000452391 -0.019316 0.0955276 
0.0104832 -0.0192661 1.70763e-05 5.49483e-05 -0.0192661 0.0951874 4.62213e-05 -0.000395595 1.70763e-05 4.62213e-05 0.0104939 -0.0193047 5.49483e-05 -0.000395595 -0.0193047 0.0955765 
0.0104617 -0.0192372 1.16814e-05 4.22656e-05 -0.0192372 0.0951648 3.66551e-05 -0.000340595 1.16814e-05 3.66551e-05 0.0105042 -0.0193133 4.22656e-05 -0.000340595 -0.0193133 0.0955586 
0.0104561 -0.0192437 3.9974e-06 4.53187e-05 -0.0192437 0.0952737 4.67688e-05 -0.000331052 3.9974e-06 4.67688e-05 0.0105315 -0.0193593 4.53187e-05 -0.000331052 -0.0193593 0.0957459 
0.0104442 -0.019204 4.42067e-06 5.20347e-05 -0.019204 0.0951601 6.01717e-05 -0.000347624 4.42067e-06 6.01717e-05 0.0105256 -0.019363 5.20347e-05 -0.000347624 -0.019363 0.0957356 
0.0104521 -0.0191688 8.98262e-06 4.92429e-05 -0.0191688 0.0949972 5.95869e-05 -0.000350428 8.98262e-06 5.95869e-05 0.0104981 -0.0193406 4.92429e-05 -0.000350428 -0.0193406 0.0956417 
0.0104553 -0.0191811 2.15923e-06 4.4118e-05 -0.0191811 0.094958 5.17572e-05 -0.000337585 2.15923e-06 5.17572e-05 0.0104812 -0.0193086 4.4118e-05 -0.000337585 -0.0193086 0.0955566 
0.0104644 -0.0191993 -3.75696e-06 5.51438e-05 -0.0191993 0.0950186 5.74909e-05 -0.000344057 -3.75696e-06 5.74909e-05 0.01047 -0.0192978 5.51438e-05 -0.000344057 -0.0192978 0.0955357 
0.0104667 -0.0191661 -3.73063e-06 6.6823e-05 -0.0191661 0.094839 6.59998e-05 -0.000366731 -3.73063e-06 6.59998e-05 0.0104221 -0.0192374 6.6823e-05 -0.000366731 -0.0192374 0.0952795 
0.0104497 -0.0191798 -1.28318e-05 6.86877e-05 -0.0191798 0.0948096 6.70623e-05 -0.000381829 -1.28318e-05 6.70623e-05 0.0104215 -0.0191875 6.86877e-05 -0.000381829 -0.0191875 0.0951206 
0.0104205 -0.0191473 -1.65013e-05 7.61453e-05 -0.0191473 0.0946972 7.7491e-05 -0.000397409 -1.65013e-05 7.7491e-05 0.0104273 -0.0191669 7.61453e-05 -0.000397409 -0.0191669 0.094955 
0.0103933 -0.0191272 -1.83655e-05 7.90114e-05 -0.0191272 0.0946594 8.21142e-05 -0.000409839 -1.83655e-05 8.21142e-05 0.0104562 -0.0191902 7.90114e-05 -0.000409839 -0.0191902 0.0949744 
0.0103812 -0.0190748 -1.86973e-05 8.35395e-05 -0.0190748 0.0944889 8.51841e-05 -0.000421265 -1.86973e-05 8.51841e-05 0.0104544 -0.0192043 8.35395e-05 -0.000421265 -0.0192043 0.0949325 
0.0104002 -0.0190775 -1.00952e-05 8.67058e-05 -0.0190775 0.0944736 8.71485e-05 -0.000432436 -1.00952e-05 8.71485e-05 0.010447 -0.0192227 8.67058e-05 -0.000432436 -0.0192227 0.0950025 
0.0104316 -0.0191499 -8.83795e-06 7.6619e-05 -0.0191499 0.0947423 7.7435e-05 -0.000424034 -8.83795e-06 7.7435e-05 0.0104553 -0.0192572 7.6619e-05 -0.000424034 -0.0192572 0.0952315 
0.0104455 -0.0191822 -8.99708e-06 7.16306e-05 -0.0191822 0.0948964 7.58443e-05 -0.000411807 -8.99708e-06 7.58443e-05 0.010453 -0.0192575 7.16306e-05 -0.000411807 -0.0192575 0.0952989 
0.0104616 -0.019211 2.73495e-06 7.10285e-05 -0.019211 0.0950504 7.58913e-05 -0.000406347 2.73495e-06 7.58913e-05 0.0104614 -0.0192643 7.10285e-05 -0.000406347 -0.0192643 0.095378 
0.010469 -0.0191924 9.46629e-06 5.7646e-05 -0.0191924 0.0949535 6.08933e-05 -0.000383313 9.46629e-06 6.08933e-05 0.0104326 -0.0192274 5.7646e-05 -0.000383313 -0.0192274 0.095213 
0.0104725 -0.0191974 2.60025e-05 4.82047e-05 -0.0191974 0.0948977 4.91405e-05 -0.000352866 2.60025e-05 4.91405e-05 0.0104088 -0.0191827 4.82047e-05 -0.000352866 -0.0191827 0.0950457 
0.010456 -0.0191725 2.31663e-05 2.84911e-05 -0.0191725 0.0947299 2.80507e-05 -0.000308589 2.31663e-05 2.80507e-05 0.0103708 -0.0191183 2.84911e-05 -0.000308589 -0.0191183 0.0947562 
0.0104322 -0.019139 2.567e-05 2.89987e-05 -0.019139 0.0945458 2.83396e-05 -0.000284385 2.567e-05 2.83396e-05 0.0103398 -0.0190527 2.89987e-05 -0.000284385 -0.0190527 0.0944642 
0.0104316 -0.0191658 1.42959e-05 2.45438e-05 -0.0191658 0.094691 2.54623e-05 -0.00027175 1.42959e-05 2.54623e-05 0.0103566 -0.0190722 2.45438e-05 -0.00027175 -0.0190722 0.0945558 
0.0104224 -0.0191531 6.6295e-06 3.44497e-05 -0.0191531 0.0947027 3.42449e-05 -0.000274143 6.6295e-06 3.42449e-05 0.0103591 -0.0190884 3.44497e-05 -0.000274143 -0.0190884 0.0946054 
0.010427 -0.0191535 1.72631e-05 4.58248e-05 -0.0191535 0.094759 4.39484e-05 -0.000293376 1.72631e-05 4.39484e-05 0.0103666 -0.019113 4.58248e-05 -0.000293376 -0.019113 0.0947355 
0.0104134 -0.0190975 1.45636e-05 3.35e-05 -0.0190975 0.0944984 2.99086e-05 -0.000280415 1.45636e-05 2.99086e-05 0.010335 -0.0190661 3.35e-05 -0.000280415 -0.0190661 0.09453 
0.0103731 -0.0190376 1.96254e-05 3.80156e-05 -0.0190376 0.0941462 3.03941e-05 -0.000272117 1.96254e-05 3.03941e-05 0.0103169 -0.0189859 3.80156e-05 -0.000272117 -0.0189859 0.09417 
0.0103481 -0.0190079 2.44773e-05 3.46484e-05 -0.0190079 0.0940046 2.71805e-05 -0.000269094 2.44773e-05 2.71805e-05 0.0103234 -0.018982 3.46484e-05 -0.000269094 -0.018982 0.0940597 
