0.00771244 0 -3.25861e-05 0 0 0.0109002 0 0 -3.25861e-05 0 0.00766837 0 0 0 0 0.0109002 
0.00941588 -0.0116846 -2.96592e-05 3.49396e-05 -0.0116846 0.0310343 3.49396e-05 -6.7123e-05 -2.96592e-05 3.49396e-05 0.00939421 -0.0116628 3.49396e-05 -6.7123e-05 -0.0116628 0.0309924 
0.00969478 -0.018016 -5.4043e-06 -8.97948e-06 -0.018016 0.066436 -8.97948e-06 4.41182e-05 -5.4043e-06 -8.97948e-06 0.00970768 -0.0181505 -8.97948e-06 4.41182e-05 -0.0181505 0.0669122 
0.00915798 -0.0175689 7.16032e-06 -8.89707e-05 -0.0175689 0.0787275 -8.25619e-05 0.000436634 7.16032e-06 -8.25619e-05 0.009179 -0.0178963 -8.89707e-05 0.000436634 -0.0178963 0.0804109 
0.00888616 -0.016499 9.5986e-06 -9.41745e-05 -0.016499 0.0793789 -8.74799e-05 0.000592847 9.5986e-06 -8.74799e-05 0.00888736 -0.0167982 -9.41745e-05 0.000592847 -0.0167982 0.081442 
0.00867573 -0.0158613 3.26549e-06 -6.70912e-05 -0.0158613 0.0776559 -6.67775e-05 0.000493885 3.26549e-06 -6.67775e-05 0.00865483 -0.0160576 -6.70912e-05 0.000493885 -0.0160576 0.0793079 
0.00841971 -0.0153781 -5.35598e-06 -4.52235e-05 -0.0153781 0.0755923 -4.9445e-05 0.000362413 -5.35598e-06 -4.9445e-05 0.0084247 -0.0155006 -4.52235e-05 0.000362413 -0.0155006 0.076753 
0.00817107 -0.0149172 -1.5936e-05 -3.14843e-05 -0.0149172 0.0735305 -3.70941e-05 0.000274046 -1.5936e-05 -3.70941e-05 0.00819397 -0.0150513 -3.14843e-05 0.000274046 -0.0150513 0.0744482 
0.0111998 -0.0204244 -2.63318e-05 -2.63266e-05 -0.0204244 0.100817 -3.47894e-05 0.000307512 -2.63318e-05 -3.47894e-05 0.0112448 -0.0206506 -2.63266e-05 0.000307512 -0.0206506 0.102047 
0.0110321 -0.0201108 -1.89206e-05 -2.40596e-05 -0.0201108 0.099278 -2.92948e-05 0.000274835 -1.89206e-05 -2.92948e-05 0.0110899 -0.0203647 -2.40596e-05 0.000274835 -0.0203647 0.100554 
0.0109399 -0.0199317 -6.39189e-06 -3.5797e-05 -0.0199317 0.0983686 -3.73104e-05 0.000283247 -6.39189e-06 -3.73104e-05 0.010993 -0.0202085 -3.5797e-05 0.000283247 -0.0202085 0.0997158 
0.0108626 -0.0197699 -4.26483e-07 -5.59286e-05 -0.0197699 0.0975197 -5.62017e-05 0.000325336 -4.26483e-07 -5.62017e-05 0.0108914 -0.0200423 -5.59286e-05 0.000325336 -0.0200423 0.0988939 
0.0108184 -0.0197085 1.3523e-05 -6.60119e-05 -0.0197085 0.097124 -6.4996e-05 0.000363469 1.3523e-05 -6.4996e-05 0.0108261 -0.0199416 -6.60119e-05 0.000363469 -0.0199416 0.0984332 
0.0108111 -0.0197183 2.83448e-05 -8.15763e-05 -0.0197183 0.0971495 -7.87257e-05 0.000397101 2.83448e-05 -7.87257e-05 0.0108091 -0.0199106 -8.15763e-05 0.000397101 -0.0199106 0.0983411 
0.0108031 -0.0197238 2.1135e-05 -9.67448e-05 -0.0197238 0.0971986 -9.36939e-05 0.000429929 2.1135e-05 -9.36939e-05 0.0108011 -0.0198925 -9.67448e-05 0.000429929 -0.0198925 0.0982845 
0.0107931 -0.0197031 1.09308e-05 -8.47059e-05 -0.0197031 0.0971459 -8.2964e-05 0.000421593 1.09308e-05 -8.2964e-05 0.0107959 -0.0198708 -8.47059e-05 0.000421593 -0.0198708 0.0981847 
0.0108173 -0.0197288 7.54224e-06 -6.78142e-05 -0.0197288 0.0972878 -6.69345e-05 0.000381226 7.54224e-06 -6.69345e-05 0.0108106 -0.0199056 -6.78142e-05 0.000381226 -0.0199056 0.0983272 
0.0108432 -0.0197634 8.24777e-06 -6.18533e-05 -0.0197634 0.0974281 -6.09432e-05 0.000350201 8.24777e-06 -6.09432e-05 0.0108215 -0.0199357 -6.18533e-05 0.000350201 -0.0199357 0.0984722 
0.0108583 -0.0198289 1.74853e-05 -6.3561e-05 -0.0198289 0.0977142 -6.26616e-05 0.000342149 1.74853e-05 -6.26616e-05 0.0108571 -0.0199882 -6.3561e-05 0.000342149 -0.0199882 0.0987452 
0.0108755 -0.0198795 1.47665e-05 -7.7232e-05 -0.0198795 0.0980317 -7.55078e-05 0.000362914 1.47665e-05 -7.55078e-05 0.0109035 -0.0200646 -7.7232e-05 0.000362914 -0.0200646 0.0990984 
0.0108902 -0.0199081 1.10936e-05 -7.52461e-05 -0.0199081 0.0982495 -7.2025e-05 0.000371789 1.10936e-05 -7.2025e-05 0.010946 -0.0201306 -7.52461e-05 0.000371789 -0.0201306 0.0993981 
0.0108988 -0.0199008 2.0695e-05 -6.88178e-05 -0.0199008 0.0982643 -6.53396e-05 0.00036025 2.0695e-05 -6.53396e-05 0.0109611 -0.0201637 -6.88178e-05 0.00036025 -0.0201637 0.0995208 
0.0109099 -0.0198606 2.53438e-05 -7.96449e-05 -0.0198606 0.0980483 -7.66475e-05 0.000371068 2.53438e-05 -7.66475e-05 0.0109236 -0.0201348 -7.96449e-05 0.000371068 -0.0201348 0.0993717 
0.0109103 -0.0198684 1.65139e-05 -8.81862e-05 -0.0198684 0.0979491 -8.38693e-05 0.000393303 1.65139e-05 -8.38693e-05 0.010907 -0.0200852 -8.81862e-05 0.000393303 -0.0200852 0.0992107 
0.0109493 -0.0199234 -2.52394e-06 -7.69781e-05 -0.0199234 0.0981683 -7.44581e-05 0.000388493 -2.52394e-06 -7.44581e-05 0.0109191 -0.0201137 -7.69781e-05 0.000388493 -0.0201137 0.0993447 
0.0109887 -0.0199947 -1.70534e-05 -5.09458e-05 -0.0199947 0.0984509 -5.14457e-05 0.000343998 -1.70534e-05 -5.14457e-05 0.0109357 -0.0201518 -5.09458e-05 0.000343998 -0.0201518 0.0995459 
0.0109812 -0.0200101 -6.10273e-06 -3.10032e-05 -0.0200101 0.0984922 -3.33938e-05 0.000290419 -6.10273e-06 -3.33938e-05 0.0109422 -0.020141 -3.10032e-05 0.000290419 -0.020141 0.0995148 
0.0109619 -0.0199963 1.14672e-05 -4.46286e-05 -0.0199963 0.0984623 -4.76109e-05 0.00029117 1.14672e-05 -4.76109e-05 0.0109625 -0.0201387 -4.46286e-05 0.00029117 -0.0201387 0.0994668 
0.0109778 -0.0199842 9.12957e-06 -7.30315e-05 -0.0199842 0.0984646 -7.49843e-05 0.000349123 9.12957e-06 -7.49843e-05 0.0109631 -0.0201761 -7.30315e-05 0.000349123 -0.0201761 0.099547 
0.0109959 -0.0199891 -4.01345e-07 -7.62884e-05 -0.0199891 0.0984236 -7.45073e-05 0.00038445 -4.01345e-07 -7.45073e-05 0.0109426 -0.0201654 -7.62884e-05 0.00038445 -0.0201654 0.0995274 
0.0110201 -0.0200214 -7.10227e-06 -6.45829e-05 -0.0200214 0.0984903 -6.08899e-05 0.000374888 -7.10227e-06 -6.08899e-05 0.0109264 -0.0201481 -6.45829e-05 0.000374888 -0.0201481 0.0995124 
0.0109972 -0.0200477 -2.07117e-05 -5.3188e-05 -0.0200477 0.0985494 -5.1505e-05 0.000349161 -2.07117e-05 -5.1505e-05 0.0109324 -0.0201245 -5.3188e-05 0.000349161 -0.0201245 0.099453 
0.0109564 -0.0200308 -2.4756e-05 -3.38896e-05 -0.0200308 0.0985794 -3.628e-05 0.000311739 -2.4756e-05 -3.628e-05 0.0109576 -0.0201386 -3.38896e-05 0.000311739 -0.0201386 0.0994766 
0.0109241 -0.0199401 -1.27113e-05 -2.47649e-05 -0.0199401 0.0983145 -3.39168e-05 0.000285121 -1.27113e-05 -3.39168e-05 0.0109338 -0.0201334 -2.47649e-05 0.000285121 -0.0201334 0.0993599 
0.0109101 -0.0198931 6.42873e-06 -3.82111e-05 -0.0198931 0.0981046 -4.91953e-05 0.000297701 6.42873e-06 -4.91953e-05 0.0109143 -0.0201046 -3.82111e-05 0.000297701 -0.0201046 0.0992619 
0.0109116 -0.0198911 1.36746e-05 -6.55535e-05 -0.0198911 0.0980646 -7.35463e-05 0.000350711 1.36746e-05 -7.35463e-05 0.0109138 -0.0200918 -6.55535e-05 0.000350711 -0.0200918 0.099235 
0.0108998 -0.0199239 6.94294e-06 -7.91644e-05 -0.0199239 0.0981974 -8.46821e-05 0.000399087 6.94294e-06 -8.46821e-05 0.0109572 -0.0201142 -7.91644e-05 0.000399087 -0.0201142 0.0993405 
0.0109236 -0.0199443 4.99524e-06 -7.28121e-05 -0.0199443 0.0984081 -7.72266e-05 0.000408423 4.99524e-06 -7.72266e-05 0.010983 -0.0202011 -7.28121e-05 0.000408423 -0.0202011 0.099636 
0.0109643 -0.0199623 9.11974e-06 -7.16412e-05 -0.0199623 0.0984999 -7.50779e-05 0.000407402 9.11974e-06 -7.50779e-05 0.010965 -0.0202298 -7.16412e-05 0.000407402 -0.0202298 0.0998031 
0.0109891 -0.0200166 -4.12322e-06 -7.7174e-05 -0.0200166 0.0986479 -7.97015e-05 0.000415895 -4.12322e-06 -7.97015e-05 0.0109653 -0.0202115 -7.7174e-05 0.000415895 -0.0202115 0.0998602 
0.0110084 -0.0200505 -5.54972e-06 -6.117e-05 -0.0200505 0.0987816 -6.55947e-05 0.000399927 -5.54972e-06 -6.55947e-05 0.0109641 -0.0202067 -6.117e-05 0.000399927 -0.0202067 0.0998672 
0.0109988 -0.0200492 -3.61007e-06 -5.5953e-05 -0.0200492 0.0987513 -6.53559e-05 0.000385129 -3.61007e-06 -6.53559e-05 0.010967 -0.0201776 -5.5953e-05 0.000385129 -0.0201776 0.099741 
0.0109674 -0.0200067 3.26398e-06 -5.81249e-05 -0.0200067 0.0985616 -7.0661e-05 0.000388299 3.26398e-06 -7.0661e-05 0.0109567 -0.0201467 -5.81249e-05 0.000388299 -0.0201467 0.099528 
0.0109386 -0.0199608 3.21404e-06 -6.71822e-05 -0.0199608 0.0983753 -7.9537e-05 0.000406511 3.21404e-06 -7.9537e-05 0.0109594 -0.0201288 -6.71822e-05 0.000406511 -0.0201288 0.0993846 
0.0109228 -0.0199412 -1.65231e-05 -6.8742e-05 -0.0199412 0.0983108 -7.84071e-05 0.000417424 -1.65231e-05 -7.84071e-05 0.0109837 -0.0201495 -6.8742e-05 0.000417424 -0.0201495 0.0994051 
0.0109364 -0.0199504 -7.93032e-06 -4.87561e-05 -0.0199504 0.0983859 -5.67194e-05 0.000393344 -7.93032e-06 -5.67194e-05 0.0109843 -0.0202055 -4.87561e-05 0.000393344 -0.0202055 0.0995874 
0.0109174 -0.019935 2.02486e-06 -6.07383e-05 -0.019935 0.0982848 -6.48128e-05 0.000392891 2.02486e-06 -6.48128e-05 0.0109602 -0.0201703 -6.07383e-05 0.000392891 -0.0201703 0.0994939 
0.0108859 -0.0198749 7.97992e-06 -7.40787e-05 -0.0198749 0.0980262 -7.30226e-05 0.000414503 7.97992e-06 -7.30226e-05 0.0109155 -0.0201022 -7.40787e-05 0.000414503 -0.0201022 0.0992066 
0.0108965 -0.0199022 3.82681e-06 -8.11951e-05 -0.0199022 0.0981702 -7.5794e-05 0.000429016 3.82681e-06 -7.5794e-05 0.0109301 -0.0201116 -8.11951e-05 0.000429016 -0.0201116 0.0993105 
0.0108882 -0.0198828 -9.67676e-06 -7.45163e-05 -0.0198828 0.0980958 -6.49895e-05 0.000414049 -9.67676e-06 -6.49895e-05 0.0109301 -0.0200921 -7.45163e-05 0.000414049 -0.0200921 0.0992108 
0.0108603 -0.0198277 -1.17368e-05 -5.7193e-05 -0.0198277 0.0978288 -4.45901e-05 0.00037114 -1.17368e-05 -4.45901e-05 0.0109051 -0.0200485 -5.7193e-05 0.00037114 -0.0200485 0.0989542 
0.0108499 -0.0198087 -2.20218e-05 -5.50946e-05 -0.0198087 0.0977344 -4.06221e-05 0.000345071 -2.20218e-05 -4.06221e-05 0.0108917 -0.0200408 -5.50946e-05 0.000345071 -0.0200408 0.098896 
0.0108361 -0.0197817 -2.7429e-05 -4.05674e-05 -0.0197817 0.0976011 -3.03889e-05 0.000317682 -2.7429e-05 -3.03889e-05 0.0108713 -0.020012 -4.05674e-05 0.000317682 -0.020012 0.0987783 
0.0108374 -0.0197603 -1.79776e-05 -2.8442e-05 -0.0197603 0.0974885 -2.43479e-05 0.000288227 -1.79776e-05 -2.43479e-05 0.0108361 -0.0199807 -2.8442e-05 0.000288227 -0.0199807 0.098654 
0.0108339 -0.0197875 -6.21229e-06 -3.90133e-05 -0.0197875 0.0975595 -3.71504e-05 0.00029456 -6.21229e-06 -3.71504e-05 0.0108308 -0.0199569 -3.90133e-05 0.00029456 -0.0199569 0.098633 
0.0108423 -0.0198183 5.87637e-06 -5.41456e-05 -0.0198183 0.0977531 -5.51401e-05 0.000328813 5.87637e-06 -5.51401e-05 0.0108398 -0.0199776 -5.41456e-05 0.000328813 -0.0199776 0.0987541 
0.010842 -0.0198217 1.23991e-05 -6.86875e-05 -0.0198217 0.0978245 -7.32342e-05 0.000371704 1.23991e-05 -7.32342e-05 0.0108429 -0.019983 -6.86875e-05 0.000371704 -0.019983 0.0988059 
0.0108126 -0.019753 1.3276e-05 -7.7143e-05 -0.019753 0.0975231 -8.26418e-05 0.000404747 1.3276e-05 -8.26418e-05 0.0108065 -0.0199168 -7.7143e-05 0.000404747 -0.0199168 0.0984982 
0.0107848 -0.0196841 5.25599e-06 -7.60221e-05 -0.0196841 0.0971683 -8.1878e-05 0.00041227 5.25599e-06 -8.1878e-05 0.0107656 -0.0198331 -7.60221e-05 0.00041227 -0.0198331 0.0981074 
0.0107629 -0.019664 -8.34445e-06 -6.23909e-05 -0.019664 0.0970175 -6.68379e-05 0.000384996 -8.34445e-06 -6.68379e-05 0.0107471 -0.0197915 -6.23909e-05 0.000384996 -0.0197915 0.0978977 
0.0107143 -0.0196075 -2.49508e-05 -4.23598e-05 -0.0196075 0.0967573 -4.43158e-05 0.000330959 -2.49508e-05 -4.43158e-05 0.0107357 -0.0197365 -4.23598e-05 0.000330959 -0.0197365 0.0976063 
0.0106835 -0.0195349 -3.47711e-05 -2.11767e-05 -0.0195349 0.0964788 -2.09713e-05 0.000268643 -3.47711e-05 -2.09713e-05 0.0107102 -0.0197126 -2.11767e-05 0.000268643 -0.0197126 0.097397 
0.0106724 -0.0194531 -3.83442e-05 -1.06072e-05 -0.0194531 0.0960731 -1.04679e-05 0.000227476 -3.83442e-05 -1.04679e-05 0.0106489 -0.0196429 -1.06072e-05 0.000227476 -0.0196429 0.0970548 
0.0106967 -0.0194798 -3.63235e-05 -6.20516e-06 -0.0194798 0.0960551 -7.56739e-06 0.00020824 -3.63235e-05 -7.56739e-06 0.0106152 -0.0196017 -6.20516e-06 0.00020824 -0.0196017 0.096948 
0.0107532 -0.019588 -2.25518e-05 -6.70538e-06 -0.019588 0.0964644 -1.00221e-05 0.000204612 -2.25518e-05 -1.00221e-05 0.0106115 -0.0196237 -6.70538e-06 0.000204612 -0.0196237 0.0971523 
0.0107945 -0.0196836 -1.0844e-05 -2.23866e-05 -0.0196836 0.0968775 -2.97006e-05 0.000231438 -1.0844e-05 -2.97006e-05 0.0106208 -0.0196374 -2.23866e-05 0.000231438 -0.0196374 0.0973349 
0.0108333 -0.0197973 4.68002e-06 -3.90135e-05 -0.0197973 0.0974508 -4.67561e-05 0.000275161 4.68002e-06 -4.67561e-05 0.0106753 -0.019709 -3.90135e-05 0.000275161 -0.019709 0.0977438 
0.0108431 -0.0198248 1.35128e-05 -6.03892e-05 -0.0198248 0.0976877 -6.32972e-05 0.00032216 1.35128e-05 -6.32972e-05 0.0107192 -0.0197575 -6.03892e-05 0.00032216 -0.0197575 0.0979547 
0.0108249 -0.0197831 -4.66766e-06 -7.35976e-05 -0.0197831 0.0975572 -6.99886e-05 0.000356128 -4.66766e-06 -6.99886e-05 0.0107312 -0.0197629 -7.35976e-05 0.000356128 -0.0197629 0.0979046 
0.0108455 -0.0197788 -1.62133e-05 -5.35583e-05 -0.0197788 0.0975664 -4.51687e-05 0.000333745 -1.62133e-05 -4.51687e-05 0.010736 -0.0198057 -5.35583e-05 0.000333745 -0.0198057 0.0980396 
0.0108079 -0.0197463 -1.44175e-05 -3.55933e-05 -0.0197463 0.0973348 -2.46698e-05 0.000280525 -1.44175e-05 -2.46698e-05 0.0107306 -0.0197588 -3.55933e-05 0.000280525 -0.0197588 0.0978444 
0.0107397 -0.0196851 -2.59456e-05 -3.56761e-05 -0.0196851 0.0970779 -2.72121e-05 0.000258986 -2.59456e-05 -2.72121e-05 0.0107556 -0.0197301 -3.56761e-05 0.000258986 -0.0197301 0.0976345 
0.0106957 -0.0196208 -3.09274e-05 -2.3059e-05 -0.0196208 0.0969272 -1.75885e-05 0.000241862 -3.09274e-05 -1.75885e-05 0.0107813 -0.0197851 -2.3059e-05 0.000241862 -0.0197851 0.0977009 
0.0106736 -0.0195533 -2.75367e-05 -1.56211e-05 -0.0195533 0.0967092 -1.55606e-05 0.000227704 -2.75367e-05 -1.55606e-05 0.010778 -0.0198142 -1.56211e-05 0.000227704 -0.0198142 0.0977562 
0.0106781 -0.0195113 -1.07339e-05 -1.87965e-05 -0.0195113 0.0965067 -2.41008e-05 0.000233837 -1.07339e-05 -2.41008e-05 0.0107409 -0.019803 -1.87965e-05 0.000233837 -0.019803 0.0977217 
0.0106537 -0.019501 9.98541e-06 -4.01225e-05 -0.019501 0.0963536 -4.45811e-05 0.00027168 9.98541e-06 -4.45811e-05 0.0107272 -0.0197398 -4.01225e-05 0.00027168 -0.0197398 0.0975396 
0.0106701 -0.0195075 2.68801e-05 -6.77675e-05 -0.0195075 0.0964141 -6.9522e-05 0.000332445 2.68801e-05 -6.9522e-05 0.0107227 -0.0197487 -6.77675e-05 0.000332445 -0.0197487 0.0975593 
0.0106513 -0.0194636 2.87995e-05 -8.82389e-05 -0.0194636 0.0961531 -8.76415e-05 0.000385502 2.87995e-05 -8.76415e-05 0.0106795 -0.0196803 -8.82389e-05 0.000385502 -0.0196803 0.0972523 
0.0106443 -0.0194957 2.17666e-05 -8.78461e-05 -0.0194957 0.0962643 -8.92484e-05 0.000404081 2.17666e-05 -8.92484e-05 0.0106829 -0.0196771 -8.78461e-05 0.000404081 -0.0196771 0.0972821 
0.0106302 -0.0194687 2.93314e-05 -7.67786e-05 -0.0194687 0.0962021 -8.10546e-05 0.000390287 2.93314e-05 -8.10546e-05 0.0106695 -0.0196553 -7.67786e-05 0.000390287 -0.0196553 0.0971802 
0.0106037 -0.0193913 3.17319e-05 -8.37161e-05 -0.0193913 0.0958484 -8.88685e-05 0.000389653 3.17319e-05 -8.88685e-05 0.0106157 -0.0195771 -8.37161e-05 0.000389653 -0.0195771 0.0968099 
0.0105758 -0.019345 2.43343e-05 -8.88277e-05 -0.019345 0.0955663 -9.35589e-05 0.000402637 2.43343e-05 -9.35589e-05 0.01058 -0.0194941 -8.88277e-05 0.000402637 -0.0194941 0.0964606 
0.0105704 -0.0193412 3.1575e-06 -7.91224e-05 -0.0193412 0.0955313 -8.41669e-05 0.000392937 3.1575e-06 -8.41669e-05 0.0105661 -0.0194766 -7.91224e-05 0.000392937 -0.0194766 0.0963628 
0.0105711 -0.0193385 -1.14554e-05 -5.2387e-05 -0.0193385 0.0955218 -5.65006e-05 0.000342588 -1.14554e-05 -5.65006e-05 0.0105485 -0.0194653 -5.2387e-05 0.000342588 -0.0194653 0.0963185 
0.0105657 -0.0193536 -1.34114e-05 -3.44852e-05 -0.0193536 0.0955834 -3.60297e-05 0.000286827 -1.34114e-05 -3.60297e-05 0.0105483 -0.0194538 -3.44852e-05 0.000286827 -0.0194538 0.0963213 
0.0105465 -0.0193238 -1.21839e-05 -3.18031e-05 -0.0193238 0.0954806 -3.20563e-05 0.000258132 -1.21839e-05 -3.20563e-05 0.0105384 -0.0194215 -3.18031e-05 0.000258132 -0.0194215 0.0961729 
0.0105614 -0.0193336 -1.90124e-05 -3.43563e-05 -0.0193336 0.095557 -3.29413e-05 0.000253103 -1.90124e-05 -3.29413e-05 0.0105397 -0.0194367 -3.43563e-05 0.000253103 -0.0194367 0.0962318 
0.0105966 -0.0193523 -1.60726e-05 -2.48593e-05 -0.0193523 0.0956258 -2.57766e-05 0.00024023 -1.60726e-05 -2.57766e-05 0.0105214 -0.0194396 -2.48593e-05 0.00024023 -0.0194396 0.0962689 
0.0105854 -0.0193692 -1.01766e-05 -2.57248e-05 -0.0193692 0.0955974 -2.92033e-05 0.000233942 -1.01766e-05 -2.92033e-05 0.0105196 -0.0193909 -2.57248e-05 0.000233942 -0.0193909 0.0961215 
0.0105123 -0.0192902 -5.97362e-06 -3.33638e-05 -0.0192902 0.0952358 -3.64966e-05 0.00024465 -5.97362e-06 -3.64966e-05 0.0105104 -0.0193159 -3.33638e-05 0.00024465 -0.0193159 0.0956946 
0.0104708 -0.0192307 6.34972e-07 -3.91308e-05 -0.0192307 0.0950675 -4.29214e-05 0.00026112 6.34972e-07 -4.29214e-05 0.0105206 -0.0193324 -3.91308e-05 0.00026112 -0.0193324 0.0956242 
0.0104531 -0.0191769 -3.98914e-07 -4.75535e-05 -0.0191769 0.0948975 -5.07196e-05 0.000280162 -3.98914e-07 -5.07196e-05 0.0105057 -0.0193505 -4.75535e-05 0.000280162 -0.0193505 0.0956298 
0.0104716 -0.0192144 1.11401e-05 -4.97416e-05 -0.0192144 0.095081 -5.01456e-05 0.00029348 1.11401e-05 -5.01456e-05 0.0105187 -0.0193928 -4.97416e-05 0.00029348 -0.0193928 0.0958983 
0.0104732 -0.0192215 1.45284e-05 -6.46648e-05 -0.0192215 0.0951255 -6.35713e-05 0.000319701 1.45284e-05 -6.35713e-05 0.0105089 -0.0193838 -6.46648e-05 0.000319701 -0.0193838 0.0959259 
0.0104523 -0.0192248 3.46597e-06 -6.86e-05 -0.0192248 0.0951653 -6.88957e-05 0.000340451 3.46597e-06 -6.88957e-05 0.0105257 -0.0193716 -6.86e-05 0.000340451 -0.0193716 0.0959233 
0.0104217 -0.019171 -6.56018e-06 -5.3516e-05 -0.019171 0.0950074 -5.57358e-05 0.000325303 -6.56018e-06 -5.57358e-05 0.0105301 -0.0193588 -5.3516e-05 0.000325303 -0.0193588 0.0958015 
0.0103997 -0.0191033 -1.86776e-05 -3.61931e-05 -0.0191033 0.0947349 -4.04374e-05 0.000284274 -1.86776e-05 -4.04374e-05 0.0105111 -0.0193389 -3.61931e-05 0.000284274 -0.0193389 0.0956332 
0.0104121 -0.0190715 -7.68601e-06 -2.01305e-05 -0.0190715 0.0945489 -2.312e-05 0.0002385 -7.68601e-06 -2.312e-05 0.0104687 -0.0193116 -2.01305e-05 0.0002385 -0.0193116 0.095501 
0.0104096 -0.0190901 -4.07522e-06 -3.18558e-05 -0.0190901 0.0945033 -3.16118e-05 0.000229176 -4.07522e-06 -3.16118e-05 0.0104468 -0.0192574 -3.18558e-05 0.000229176 -0.0192574 0.0953493 
0.0104092 -0.0190848 -8.04972e-06 -3.93138e-05 -0.0190848 0.094459 -3.62119e-05 0.000242243 -8.04972e-06 -3.62119e-05 0.0104217 -0.0192186 -3.93138e-05 0.000242243 -0.0192186 0.0951802 
0.0104092 -0.0190518 -2.60404e-05 -3.54395e-05 -0.0190518 0.0942695 -3.39368e-05 0.000243537 -2.60404e-05 -3.39368e-05 0.0103705 -0.0191547 -3.54395e-05 0.000243537 -0.0191547 0.0948951 
0.0104047 -0.0190352 -3.08913e-05 -1.10126e-05 -0.0190352 0.0940966 -1.46231e-05 0.000208298 -3.08913e-05 -1.46231e-05 0.0103224 -0.0190771 -1.10126e-05 0.000208298 -0.0190771 0.0945915 
0.0104288 -0.0190588 -3.12437e-05 -3.51868e-07 -0.0190588 0.0941477 -2.99881e-06 0.000166682 -3.12437e-05 -2.99881e-06 0.0102846 -0.0190455 -3.51868e-07 0.000166682 -0.0190455 0.0944971 
0.0104414 -0.019113 -3.24409e-05 1.54627e-06 -0.019113 0.0943248 -1.13221e-07 0.000143997 -3.24409e-05 -1.13221e-07 0.0102849 -0.0190168 1.54627e-06 0.000143997 -0.0190168 0.0944785 
0.0103957 -0.0190765 -1.11697e-05 2.44883e-06 -0.0190765 0.0941675 1.23593e-06 0.000132713 -1.11697e-05 1.23593e-06 0.0102778 -0.0189597 2.44883e-06 0.000132713 -0.0189597 0.0941956 
0.0103465 -0.0190204 -2.93549e-06 -2.28051e-05 -0.0190204 0.093997 -2.20438e-05 0.000163418 -2.93549e-06 -2.20438e-05 0.0102886 -0.0189478 -2.28051e-05 0.000163418 -0.0189478 0.0940471 
0.010307 -0.0189412 -4.15328e-06 -3.50689e-05 -0.0189412 0.093734 -3.06113e-05 0.000197087 -4.15328e-06 -3.06113e-05 0.010293 -0.0189481 -3.50689e-05 0.000197087 -0.0189481 0.0939357 
0.0102997 -0.018919 -1.64894e-05 -3.14298e-05 -0.018919 0.0936746 -2.92898e-05 0.000203621 -1.64894e-05 -2.92898e-05 0.010308 -0.0189874 -3.14298e-05 0.000203621 -0.0189874 0.0940509 
0.0103037 -0.0189201 -9.17027e-07 -1.38311e-05 -0.0189201 0.0936891 -1.35707e-05 0.000175425 -9.17027e-07 -1.35707e-05 0.0103155 -0.0190164 -1.38311e-05 0.000175425 -0.0190164 0.0941794 
0.0103 -0.018921 8.98376e-06 -2.90483e-05 -0.018921 0.0936894 -2.9722e-05 0.0001793 8.98376e-06 -2.9722e-05 0.0103191 -0.0190225 -2.90483e-05 0.0001793 -0.0190225 0.0942279 
0.010275 -0.0188577 1.69018e-05 -4.17059e-05 -0.0188577 0.0933932 -4.45282e-05 0.000208439 1.69018e-05 -4.45282e-05 0.0102817 -0.0189672 -4.17059e-05 0.000208439 -0.0189672 0.093957 
0.0102515 -0.0188267 2.17718e-05 -5.39563e-05 -0.0188267 0.0932108 -5.61252e-05 0.000242308 2.17718e-05 -5.61252e-05 0.0102624 -0.0189223 -5.39563e-05 0.000242308 -0.0189223 0.0937645 
0.010247 -0.0188116 2.08053e-05 -6.23988e-05 -0.0188116 0.0931473 -5.97931e-05 0.000265282 2.08053e-05 -5.97931e-05 0.0102475 -0.0189093 -6.23988e-05 0.000265282 -0.0189093 0.0936935 
0.0102523 -0.0188121 1.46768e-05 -6.38714e-05 -0.0188121 0.093134 -5.63851e-05 0.000271724 1.46768e-05 -5.63851e-05 0.0102358 -0.0188935 -6.38714e-05 0.000271724 -0.0188935 0.09365 
0.0102426 -0.0187998 1.07799e-06 -5.50069e-05 -0.0187998 0.0930398 -4.87208e-05 0.000258808 1.07799e-06 -4.87208e-05 0.010217 -0.0188554 -5.50069e-05 0.000258808 -0.0188554 0.0934942 
0.0102507 -0.0188125 -8.47336e-07 -3.46351e-05 -0.0188125 0.0930999 -3.00873e-05 0.000217828 -8.47336e-07 -3.00873e-05 0.010211 -0.0188556 -3.46351e-05 0.000217828 -0.0188556 0.093504 
0.0102602 -0.0188706 1.01013e-05 -3.08012e-05 -0.0188706 0.0933755 -2.57289e-05 0.000188947 1.01013e-05 -2.57289e-05 0.0102497 -0.0188928 -3.08012e-05 0.000188947 -0.0188928 0.0937231 
0.0102497 -0.0188485 1.33062e-05 -4.47243e-05 -0.0188485 0.0933555 -3.89069e-05 0.000200947 1.33062e-05 -3.89069e-05 0.0102573 -0.0189068 -4.47243e-05 0.000200947 -0.0189068 0.0937329 
0.0102767 -0.01885 1.91e-05 -4.93993e-05 -0.01885 0.0934046 -4.44231e-05 0.00021851 1.91e-05 -4.44231e-05 0.0102489 -0.0189379 -4.93993e-05 0.00021851 -0.0189379 0.0938587 
0.0102893 -0.0188519 2.57979e-05 -5.51352e-05 -0.0188519 0.093332 -5.15594e-05 0.000233623 2.57979e-05 -5.15594e-05 0.0102151 -0.0189006 -5.51352e-05 0.000233623 -0.0189006 0.0937644 
0.0103092 -0.0188839 2.33806e-05 -6.21822e-05 -0.0188839 0.0934113 -5.8275e-05 0.00024841 2.33806e-05 -5.8275e-05 0.0102022 -0.0188748 -6.21822e-05 0.00024841 -0.0188748 0.0937309 
0.0103272 -0.0189382 1.27529e-05 -5.98499e-05 -0.0189382 0.0936257 -5.21623e-05 0.000246551 1.27529e-05 -5.21623e-05 0.0102184 -0.0188801 -5.98499e-05 0.000246551 -0.0188801 0.0938077 
0.0103232 -0.0189184 6.70944e-06 -4.60584e-05 -0.0189184 0.0935432 -3.72287e-05 0.000218828 6.70944e-06 -3.72287e-05 0.0102066 -0.0188539 -4.60584e-05 0.000218828 -0.0188539 0.0936564 
0.0103201 -0.0189086 -4.91991e-06 -3.4918e-05 -0.0189086 0.0934708 -2.57915e-05 0.000181904 -4.91991e-06 -2.57915e-05 0.0101974 -0.0188369 -3.4918e-05 0.000181904 -0.0188369 0.0935558 
0.0103112 -0.0189372 -7.5636e-06 -1.58368e-05 -0.0189372 0.093585 -1.14205e-05 0.000137061 -7.5636e-06 -1.14205e-05 0.0102341 -0.0188551 -1.58368e-05 0.000137061 -0.0188551 0.0936399 
0.0103155 -0.0189546 -9.47712e-06 -9.74685e-06 -0.0189546 0.0937599 -1.12726e-05 0.000112732 -9.47712e-06 -1.12726e-05 0.0102827 -0.0189334 -9.74685e-06 0.000112732 -0.0189334 0.0939021 
0.0103219 -0.0189568 -1.44345e-05 -8.75206e-06 -0.0189568 0.0938424 -1.26317e-05 0.0001083 -1.44345e-05 -1.26317e-05 0.0103105 -0.0190057 -8.75206e-06 0.0001083 -0.0190057 0.0941634 
0.0103631 -0.01904 -2.10871e-05 -4.64781e-06 -0.01904 0.094275 -8.19902e-06 0.000103291 -2.10871e-05 -8.19902e-06 0.0103657 -0.0191268 -4.64781e-06 0.000103291 -0.0191268 0.0947524 
0.0103902 -0.0190681 -4.63406e-05 1.19407e-06 -0.0190681 0.0944532 2.30424e-07 9.05052e-05 -4.63406e-05 2.30424e-07 0.0103804 -0.0191764 1.19407e-06 9.05052e-05 -0.0191764 0.0950295 
0.0103879 -0.0190782 -4.54536e-05 3.01804e-05 -0.0190782 0.0944814 3.14376e-05 3.98285e-05 -4.54536e-05 3.14376e-05 0.0103924 -0.0191724 3.01804e-05 3.98285e-05 -0.0191724 0.0950769 
0.0103627 -0.0190163 -2.1812e-05 3.17347e-05 -0.0190163 0.0942026 3.62625e-05 3.94729e-06 -2.1812e-05 3.62625e-05 0.0103785 -0.0191225 3.17347e-05 3.94729e-06 -0.0191225 0.0948106 
0.0103645 -0.0189867 -8.48314e-06 4.74293e-06 -0.0189867 0.0940313 9.51597e-06 3.20194e-05 -8.48314e-06 9.51597e-06 0.0103556 -0.0191056 4.74293e-06 3.20194e-05 -0.0191056 0.0946682 
0.0103727 -0.0190046 -1.53598e-06 -1.28756e-05 -0.0190046 0.0940382 -8.05128e-06 7.8322e-05 -1.53598e-06 -8.05128e-06 0.0103507 -0.0190998 -1.28756e-05 7.8322e-05 -0.0190998 0.0946613 
0.0103746 -0.0190026 8.98406e-06 -2.16829e-05 -0.0190026 0.0939911 -1.49601e-05 0.000106549 8.98406e-06 -1.49601e-05 0.0103348 -0.0190787 -2.16829e-05 0.000106549 -0.0190787 0.0945694 
0.0103785 -0.018999 -1.36505e-06 -3.63758e-05 -0.018999 0.0939411 -2.6954e-05 0.000135909 -1.36505e-06 -2.6954e-05 0.0103184 -0.0190563 -3.63758e-05 0.000135909 -0.0190563 0.0944775 
0.0103529 -0.0189831 -6.22825e-06 -2.35876e-05 -0.0189831 0.0938203 -1.53245e-05 0.000130957 -6.22825e-06 -1.53245e-05 0.0103157 -0.0190177 -2.35876e-05 0.000130957 -0.0190177 0.0943082 
0.0103501 -0.0189489 -1.70659e-05 -1.621e-05 -0.0189489 0.0936987 -1.06671e-05 0.00011342 -1.70659e-05 -1.06671e-05 0.0103019 -0.0190135 -1.621e-05 0.00011342 -0.0190135 0.0942141 
0.0103737 -0.0189927 -9.52596e-06 -1.9928e-06 -0.0189927 0.0938718 3.13497e-06 8.52085e-05 -9.52596e-06 3.13497e-06 0.0103099 -0.0190532 -1.9928e-06 8.52085e-05 -0.0190532 0.094415 
0.0103831 -0.0190204 -7.90216e-06 -8.08627e-06 -0.0190204 0.0939905 -3.70813e-06 7.85073e-05 -7.90216e-06 -3.70813e-06 0.0103224 -0.0190629 -8.08627e-06 7.85073e-05 -0.0190629 0.0945157 
0.0103981 -0.0190724 -4.01293e-07 -9.88706e-06 -0.0190724 0.0942561 -7.45644e-06 8.42506e-05 -4.01293e-07 -7.45644e-06 0.0103615 -0.0191129 -9.88706e-06 8.42506e-05 -0.0191129 0.0947621 
0.0103835 -0.0190492 1.16054e-05 -2.01696e-05 -0.0190492 0.0942015 -2.03951e-05 0.000107254 1.16054e-05 -2.03951e-05 0.0103722 -0.019119 -2.01696e-05 0.000107254 -0.019119 0.0947455 
0.0103838 -0.0190541 7.92514e-06 -3.39007e-05 -0.0190541 0.0942679 -3.68861e-05 0.000142755 7.92514e-06 -3.68861e-05 0.0103979 -0.019162 -3.39007e-05 0.000142755 -0.019162 0.0949012 
0.0103685 -0.0190432 8.43756e-06 -3.21438e-05 -0.0190432 0.0942541 -3.57417e-05 0.000160239 8.43756e-06 -3.57417e-05 0.0104265 -0.0191911 -3.21438e-05 0.000160239 -0.0191911 0.0950003 
0.0103651 -0.0190487 1.12325e-05 -3.17792e-05 -0.0190487 0.0943408 -3.40317e-05 0.000160863 1.12325e-05 -3.40317e-05 0.0104642 -0.0192522 -3.17792e-05 0.000160863 -0.0192522 0.095226 
0.0104043 -0.0191062 9.76957e-06 -3.66664e-05 -0.0191062 0.0946901 -3.65671e-05 0.000166815 9.76957e-06 -3.65671e-05 0.0105162 -0.0193693 -3.66664e-05 0.000166815 -0.0193693 0.0957411 
0.0103957 -0.0191064 2.20845e-06 -3.53656e-05 -0.0191064 0.0947007 -3.28051e-05 0.000165617 2.20845e-06 -3.28051e-05 0.0105449 -0.0193932 -3.53656e-05 0.000165617 -0.0193932 0.0958688 
0.0104224 -0.0190889 -4.89621e-07 -2.58726e-05 -0.0190889 0.0946605 -2.25397e-05 0.000147348 -4.89621e-07 -2.25397e-05 0.0105284 -0.0194186 -2.58726e-05 0.000147348 -0.0194186 0.0959344 
0.010488 -0.0191945 -6.00397e-06 -2.05165e-05 -0.0191945 0.0950601 -1.55786e-05 0.000124657 -6.00397e-06 -1.55786e-05 0.0105398 -0.0194766 -2.05165e-05 0.000124657 -0.0194766 0.0963176 
0.0105089 -0.0192066 -3.08619e-06 -1.30296e-05 -0.0192066 0.0950318 -6.42253e-06 0.000100735 -3.08619e-06 -6.42253e-06 0.0104926 -0.0194144 -1.30296e-05 0.000100735 -0.0194144 0.0961394 
0.0104813 -0.0191683 -4.16584e-06 -1.76659e-05 -0.0191683 0.0947407 -1.00209e-05 9.73158e-05 -4.16584e-06 -1.00209e-05 0.0104432 -0.0192874 -1.76659e-05 9.73158e-05 -0.0192874 0.095636 
