0.00775549 0 4.66972e-05 0 0 0.0109008 0 0 4.66972e-05 0 0.00759407 0 0 0 0 0.0109008 
0.00946882 -0.0117491 5.09212e-05 -6.17642e-05 -0.0117491 0.031162 -6.17642e-05 0.000118432 5.09212e-05 -6.17642e-05 0.0093104 -0.0115602 -6.17642e-05 0.000118432 -0.0115602 0.0307994 
0.00969917 -0.0180043 3.03393e-05 -4.96047e-05 -0.0180043 0.0663574 -4.96047e-05 0.000149145 3.03393e-05 -4.96047e-05 0.00962489 -0.0179557 -4.96047e-05 0.000149145 -0.0179557 0.0662608 
0.00912743 -0.0175127 1.18264e-05 1.17111e-05 -0.0175127 0.078406 1.34225e-05 -0.000103217 1.18264e-05 1.34225e-05 0.00914415 -0.017761 1.17111e-05 -0.000103217 -0.017761 0.0797881 
0.00885968 -0.0164297 1.29138e-05 2.55698e-05 -0.0164297 0.0790124 3.10846e-05 -0.000235603 1.29138e-05 3.10846e-05 0.00886905 -0.0167538 2.55698e-05 -0.000235603 -0.0167538 0.0811018 
0.00867569 -0.0158329 -1.49944e-06 9.32873e-06 -0.0158329 0.0774552 1.58968e-05 -0.000195882 -1.49944e-06 1.58968e-05 0.0086539 -0.0160615 9.32873e-06 -0.000195882 -0.0160615 0.0792449 
0.00845156 -0.015364 -1.67055e-05 1.9376e-05 -0.015364 0.075437 2.18917e-05 -0.000152477 -1.67055e-05 2.18917e-05 0.00838852 -0.015505 1.9376e-05 -0.000152477 -0.015505 0.0767238 
0.00823761 -0.0150031 -2.274e-05 3.85564e-05 -0.0150031 0.0737651 3.55379e-05 -0.000154582 -2.274e-05 3.55379e-05 0.00818216 -0.0150775 3.85564e-05 -0.000154582 -0.0150775 0.0746781 
0.0112923 -0.020581 -2.49506e-05 6.6046e-05 -0.020581 0.101364 5.85687e-05 -0.000234411 -2.49506e-05 5.85687e-05 0.0112434 -0.0206907 6.6046e-05 -0.000234411 -0.0206907 0.102426 
0.0111433 -0.020319 -1.06724e-05 5.69281e-05 -0.020319 0.100175 5.12823e-05 -0.000226407 -1.06724e-05 5.12823e-05 0.0111339 -0.0204726 5.69281e-05 -0.000226407 -0.0204726 0.101255 
0.0110356 -0.0201455 -2.55544e-05 3.69205e-05 -0.0201455 0.0993829 3.38518e-05 -0.000188521 -2.55544e-05 3.38518e-05 0.0110822 -0.0203594 3.69205e-05 -0.000188521 -0.0203594 0.100597 
0.0109515 -0.0199711 -2.80504e-05 5.11455e-05 -0.0199711 0.098604 4.84741e-05 -0.000187237 -2.80504e-05 4.84741e-05 0.0110257 -0.0202625 5.11455e-05 -0.000187237 -0.0202625 0.100014 
0.0109066 -0.019846 -1.35872e-05 5.58333e-05 -0.019846 0.0979794 5.28138e-05 -0.000200545 -1.35872e-05 5.28138e-05 0.0109611 -0.0201776 5.58333e-05 -0.000200545 -0.0201776 0.0995451 
0.010892 -0.0198183 -4.34491e-06 3.72244e-05 -0.0198183 0.0977357 3.42484e-05 -0.000175776 -4.34491e-06 3.42484e-05 0.0109194 -0.0201235 3.72244e-05 -0.000175776 -0.0201235 0.0993173 
0.0108716 -0.0198043 -1.10947e-05 2.55256e-05 -0.0198043 0.0976024 1.76662e-05 -0.000134953 -1.10947e-05 1.76662e-05 0.0108815 -0.0200649 2.55256e-05 -0.000134953 -0.0200649 0.0990929 
0.0108429 -0.0197814 -3.67876e-06 3.22184e-05 -0.0197814 0.0974948 2.2572e-05 -0.000123984 -3.67876e-06 2.2572e-05 0.0108556 -0.0200091 3.22184e-05 -0.000123984 -0.0200091 0.0988725 
0.0108119 -0.0197301 1.69916e-05 2.46692e-05 -0.0197301 0.0972986 1.77307e-05 -0.000116101 1.69916e-05 1.77307e-05 0.0108342 -0.0199543 2.46692e-05 -0.000116101 -0.0199543 0.0986124 
0.0108092 -0.019711 3.67694e-05 -2.0084e-06 -0.019711 0.0972389 -8.73302e-06 -6.91326e-05 3.67694e-05 -8.73302e-06 0.0108275 -0.0199494 -2.0084e-06 -6.91326e-05 -0.0199494 0.0985556 
0.0108336 -0.0197138 2.80957e-05 -2.79807e-05 -0.0197138 0.097236 -3.80334e-05 1.46626e-06 2.80957e-05 -3.80334e-05 0.0108129 -0.0199506 -2.79807e-05 1.46626e-06 -0.0199506 0.0985589 
0.0108413 -0.0197449 1.51522e-05 -1.96613e-05 -0.0197449 0.0972881 -3.15188e-05 2.52358e-05 1.51522e-05 -3.15188e-05 0.010814 -0.0199359 -1.96613e-05 2.52358e-05 -0.0199359 0.0985433 
0.0108429 -0.019772 1.00626e-05 -4.52656e-06 -0.019772 0.0974042 -1.40839e-05 3.43486e-06 1.00626e-05 -1.40839e-05 0.0108365 -0.0199473 -4.52656e-06 3.43486e-06 -0.0199473 0.098589 
0.0108646 -0.0198163 1.49851e-05 1.11965e-06 -0.0198163 0.0976627 -5.31368e-06 -2.01331e-05 1.49851e-05 -5.31368e-06 0.0108709 -0.0200188 1.11965e-06 -2.01331e-05 -0.0200188 0.0988688 
0.0109064 -0.0199034 2.35691e-05 -6.3158e-06 -0.0199034 0.0981195 -1.03337e-05 -1.8084e-05 2.35691e-05 -1.03337e-05 0.0109294 -0.0201266 -6.3158e-06 -1.8084e-05 -0.0201266 0.0993822 
0.0109282 -0.0199217 3.13494e-05 -1.89705e-05 -0.0199217 0.098256 -1.99898e-05 4.4487e-06 3.13494e-05 -1.99898e-05 0.0109475 -0.0201718 -1.89705e-05 4.4487e-06 -0.0201718 0.0995902 
0.0109581 -0.0199404 3.78436e-05 -3.0048e-05 -0.0199404 0.0983326 -2.80115e-05 3.01881e-05 3.78436e-05 -2.80115e-05 0.0109444 -0.0201936 -3.0048e-05 3.01881e-05 -0.0201936 0.0997137 
0.0109762 -0.0199739 2.8373e-05 -3.65095e-05 -0.0199739 0.098412 -3.33816e-05 4.66631e-05 2.8373e-05 -3.33816e-05 0.0109483 -0.0201836 -3.65095e-05 4.66631e-05 -0.0201836 0.0997382 
0.0110179 -0.0200517 1.88308e-05 -2.35851e-05 -0.0200517 0.0987605 -1.97413e-05 2.94266e-05 1.88308e-05 -1.97413e-05 0.0109736 -0.0202425 -2.35851e-05 2.94266e-05 -0.0202425 0.100025 
0.0110335 -0.0200957 1.11638e-05 -1.29146e-05 -0.0200957 0.098965 -5.69595e-06 -2.03314e-06 1.11638e-05 -5.69595e-06 0.0109947 -0.020267 -1.29146e-05 -2.03314e-06 -0.020267 0.10018 
0.0110136 -0.0200379 5.34046e-07 -1.48376e-06 -0.0200379 0.098708 5.3614e-06 -3.52413e-05 5.34046e-07 5.3614e-06 0.0109609 -0.0202142 -1.48376e-06 -3.52413e-05 -0.0202142 0.0999084 
0.0110018 -0.0200093 -5.44163e-06 1.3997e-05 -0.0200093 0.0985325 2.03181e-05 -7.45217e-05 -5.44163e-06 2.03181e-05 0.0109285 -0.0201725 1.3997e-05 -7.45217e-05 -0.0201725 0.0997185 
0.0109703 -0.0199785 -4.31268e-06 2.22778e-05 -0.0199785 0.098353 2.96253e-05 -0.00010764 -4.31268e-06 2.96253e-05 0.0109003 -0.0201195 2.22778e-05 -0.00010764 -0.0201195 0.099501 
0.0109471 -0.019973 -1.90751e-05 2.12362e-05 -0.019973 0.0983689 2.84065e-05 -0.000119569 -1.90751e-05 2.84065e-05 0.0109099 -0.020115 2.12362e-05 -0.000119569 -0.020115 0.0995 
0.0108902 -0.0198664 -1.06062e-05 3.8302e-05 -0.0198664 0.0979443 4.32253e-05 -0.000144378 -1.06062e-05 4.32253e-05 0.0108835 -0.0200454 3.8302e-05 -0.000144378 -0.0200454 0.0991211 
0.0108645 -0.0198044 2.05059e-06 2.99765e-05 -0.0198044 0.0976747 2.99922e-05 -0.000140319 2.05059e-06 2.99922e-05 0.0108581 -0.0200165 2.99765e-05 -0.000140319 -0.0200165 0.098926 
0.0108357 -0.0197379 1.86538e-05 1.31099e-05 -0.0197379 0.0973245 9.7731e-06 -0.000101168 1.86538e-05 9.7731e-06 0.0108263 -0.0199428 1.31099e-05 -0.000101168 -0.0199428 0.0985817 
0.0108409 -0.0197916 2.165e-05 -7.08704e-06 -0.0197916 0.0975488 -1.07846e-05 -5.17259e-05 2.165e-05 -1.07846e-05 0.0108626 -0.0199918 -7.08704e-06 -5.17259e-05 -0.0199918 0.0987901 
0.0108316 -0.0197554 1.83456e-05 -1.2719e-05 -0.0197554 0.0974503 -1.65881e-05 -1.98367e-05 1.83456e-05 -1.65881e-05 0.0108532 -0.019995 -1.2719e-05 -1.98367e-05 -0.019995 0.0987419 
0.0108381 -0.0197645 1.32266e-05 -1.06525e-05 -0.0197645 0.0974823 -1.37091e-05 -1.17465e-05 1.32266e-05 -1.37091e-05 0.0108523 -0.0200036 -1.06525e-05 -1.17465e-05 -0.0200036 0.0988034 
0.0108448 -0.0197684 3.11941e-05 -6.27218e-06 -0.0197684 0.0974822 -8.26306e-06 -1.59811e-05 3.11941e-05 -8.26306e-06 0.0108448 -0.0199878 -6.27218e-06 -1.59811e-05 -0.0199878 0.0987639 
0.0108436 -0.0197898 3.98407e-05 -2.87495e-05 -0.0197898 0.0975574 -2.89136e-05 1.57237e-05 3.98407e-05 -2.89136e-05 0.0108461 -0.0199878 -2.87495e-05 1.57237e-05 -0.0199878 0.0987784 
0.0108325 -0.0197557 2.38275e-05 -4.1155e-05 -0.0197557 0.0974312 -4.22088e-05 5.73661e-05 2.38275e-05 -4.22088e-05 0.010829 -0.0199576 -4.1155e-05 5.73661e-05 -0.0199576 0.0986286 
0.0108083 -0.019721 -1.38589e-05 -2.0577e-05 -0.019721 0.097249 -2.59726e-05 4.81388e-05 -1.38589e-05 -2.59726e-05 0.0108134 -0.0199195 -2.0577e-05 4.81388e-05 -0.0199195 0.0984403 
0.0107718 -0.0196494 -2.24714e-05 2.83226e-05 -0.0196494 0.0969159 2.01596e-05 -3.60415e-05 -2.24714e-05 2.01596e-05 0.0107832 -0.0198628 2.83226e-05 -3.60415e-05 -0.0198628 0.098132 
0.0107572 -0.0196216 -3.00207e-05 4.32496e-05 -0.0196216 0.0967765 3.45633e-05 -0.000103925 -3.00207e-05 3.45633e-05 0.0107663 -0.0198474 4.32496e-05 -0.000103925 -0.0198474 0.0980329 
0.0107617 -0.0196359 -3.77762e-05 4.88713e-05 -0.0196359 0.096846 4.4737e-05 -0.000136292 -3.77762e-05 4.4737e-05 0.0107692 -0.0198615 4.88713e-05 -0.000136292 -0.0198615 0.098123 
0.0107645 -0.0196562 -3.36376e-05 5.54424e-05 -0.0196562 0.0969568 5.59677e-05 -0.000159075 -3.36376e-05 5.59677e-05 0.0107865 -0.0198772 5.54424e-05 -0.000159075 -0.0198772 0.0982298 
0.0107763 -0.0196881 -1.52459e-05 4.61888e-05 -0.0196881 0.097149 4.91391e-05 -0.000152545 -1.52459e-05 4.91391e-05 0.0108049 -0.0199208 4.61888e-05 -0.000152545 -0.0199208 0.0984299 
0.010753 -0.0196357 1.22614e-05 2.28726e-05 -0.0196357 0.0969348 2.39864e-05 -0.000107417 1.22614e-05 2.39864e-05 0.0107859 -0.0198757 2.28726e-05 -0.000107417 -0.0198757 0.0982274 
0.0107421 -0.0196114 3.16134e-05 -1.02132e-05 -0.0196114 0.0968123 -1.17099e-05 -3.14857e-05 3.16134e-05 -1.17099e-05 0.0107683 -0.0198524 -1.02132e-05 -3.14857e-05 -0.0198524 0.0981059 
0.010736 -0.0195728 4.07999e-05 -3.28568e-05 -0.0195728 0.0966103 -3.70137e-05 3.89993e-05 4.07999e-05 -3.70137e-05 0.0107317 -0.0198022 -3.28568e-05 3.89993e-05 -0.0198022 0.0978801 
0.0107406 -0.0196001 2.3089e-05 -4.23144e-05 -0.0196001 0.0966719 -4.831e-05 8.08091e-05 2.3089e-05 -4.831e-05 0.0107313 -0.0197879 -4.23144e-05 8.08091e-05 -0.0197879 0.0978603 
0.0107299 -0.0195966 1.17016e-05 -2.10465e-05 -0.0195966 0.0966579 -2.5064e-05 5.92877e-05 1.17016e-05 -2.5064e-05 0.0107227 -0.0197721 -2.10465e-05 5.92877e-05 -0.0197721 0.0977794 
0.0107245 -0.0196009 5.55601e-06 -5.52842e-06 -0.0196009 0.0967114 -4.04554e-06 9.19248e-06 5.55601e-06 -4.04554e-06 0.0107251 -0.0197777 -5.52842e-06 9.19248e-06 -0.0197777 0.0978107 
0.0107186 -0.0195844 -7.9181e-06 2.47271e-07 -0.0195844 0.0966794 7.83298e-06 -2.78154e-05 -7.9181e-06 7.83298e-06 0.0107241 -0.0197741 2.47271e-07 -2.78154e-05 -0.0197741 0.0977955 
0.0107074 -0.0195657 -1.91594e-05 1.39035e-05 -0.0195657 0.0966029 2.67126e-05 -6.58619e-05 -1.91594e-05 2.67126e-05 0.010725 -0.0197643 1.39035e-05 -6.58619e-05 -0.0197643 0.0977429 
0.0107011 -0.0195606 -3.04702e-05 2.88102e-05 -0.0195606 0.0965898 3.94064e-05 -0.000104715 -3.04702e-05 3.94064e-05 0.010732 -0.0197723 2.88102e-05 -0.000104715 -0.0197723 0.0977573 
0.0107153 -0.0195547 -3.76913e-05 4.59452e-05 -0.0195547 0.0965798 4.96361e-05 -0.00014004 -3.76913e-05 4.96361e-05 0.0107201 -0.0197799 4.59452e-05 -0.00014004 -0.0197799 0.0977768 
0.0107185 -0.0195541 -3.57027e-05 5.66442e-05 -0.0195541 0.0965127 5.50541e-05 -0.000165844 -3.57027e-05 5.50541e-05 0.0107024 -0.0197459 5.66442e-05 -0.000165844 -0.0197459 0.0976678 
0.0106867 -0.0195126 -2.05606e-05 5.45933e-05 -0.0195126 0.0962598 5.08702e-05 -0.000169295 -2.05606e-05 5.08702e-05 0.0106639 -0.0196703 5.45933e-05 -0.000169295 -0.0196703 0.0973216 
0.0106754 -0.0194662 -1.27465e-05 3.62185e-05 -0.0194662 0.0960384 3.26141e-05 -0.000139592 -1.27465e-05 3.26141e-05 0.0106165 -0.0196118 3.62185e-05 -0.000139592 -0.0196118 0.0970378 
0.0106593 -0.0194744 -1.06509e-05 2.54243e-05 -0.0194744 0.0960155 2.05967e-05 -0.000103614 -1.06509e-05 2.05967e-05 0.0106104 -0.019572 2.54243e-05 -0.000103614 -0.019572 0.0969132 
0.0106383 -0.0194749 -5.16739e-06 2.2041e-05 -0.0194749 0.0960678 1.41731e-05 -7.90195e-05 -5.16739e-06 1.41731e-05 0.0106266 -0.0195788 2.2041e-05 -7.90195e-05 -0.0195788 0.0969192 
0.0106096 -0.0194536 9.07016e-06 1.35181e-05 -0.0194536 0.0960621 6.38292e-06 -5.47411e-05 9.07016e-06 6.38292e-06 0.0106483 -0.0195965 1.35181e-05 -5.47411e-05 -0.0195965 0.0969541 
0.0106071 -0.0194003 2.13862e-05 -6.70424e-06 -0.0194003 0.0959155 -1.37442e-05 -9.22065e-06 2.13862e-05 -1.37442e-05 0.0106246 -0.0196026 -6.70424e-06 -9.22065e-06 -0.0196026 0.0969177 
0.010613 -0.0193843 3.19826e-05 -2.25227e-05 -0.0193843 0.0957923 -3.27489e-05 4.23795e-05 3.19826e-05 -3.27489e-05 0.0106016 -0.0195698 -2.25227e-05 4.23795e-05 -0.0195698 0.096826 
0.0106396 -0.0194265 3.22667e-05 -3.69311e-05 -0.0194265 0.0959289 -5.0398e-05 9.33822e-05 3.22667e-05 -5.0398e-05 0.0106059 -0.0195756 -3.69311e-05 9.33822e-05 -0.0195756 0.096904 
0.0106316 -0.019419 3.23386e-05 -4.0028e-05 -0.019419 0.0958457 -5.40986e-05 0.000123668 3.23386e-05 -5.40986e-05 0.0105992 -0.0195389 -4.0028e-05 0.000123668 -0.0195389 0.0967422 
0.0106341 -0.0194164 1.51468e-05 -4.14033e-05 -0.0194164 0.0958248 -4.98256e-05 0.000130536 1.51468e-05 -4.98256e-05 0.0105954 -0.0195403 -4.14033e-05 0.000130536 -0.0195403 0.0966995 
0.0106667 -0.0194442 2.50569e-06 -2.39859e-05 -0.0194442 0.0959359 -2.27733e-05 9.747e-05 2.50569e-06 -2.27733e-05 0.010593 -0.0195648 -2.39859e-05 9.747e-05 -0.0195648 0.0968114 
0.0107177 -0.0195352 -8.63054e-06 -8.99785e-06 -0.0195352 0.0962994 -2.52933e-06 5.01268e-05 -8.63054e-06 -2.52933e-06 0.0106119 -0.0196153 -8.99785e-06 5.01268e-05 -0.0196153 0.0971166 
0.0107152 -0.019539 -1.60889e-05 3.5746e-06 -0.019539 0.0962689 1.18445e-05 1.05763e-05 -1.60889e-05 1.18445e-05 0.0105986 -0.0195738 3.5746e-06 1.05763e-05 -0.0195738 0.0969769 
0.0107559 -0.0195919 -2.4501e-05 1.58544e-05 -0.0195919 0.0965189 2.28905e-05 -2.54282e-05 -2.4501e-05 2.28905e-05 0.0106 -0.0196115 1.58544e-05 -2.54282e-05 -0.0196115 0.0971559 
0.0107462 -0.0196253 -2.06083e-05 2.85107e-05 -0.0196253 0.096629 3.52896e-05 -6.07873e-05 -2.06083e-05 3.52896e-05 0.010619 -0.0195997 2.85107e-05 -6.07873e-05 -0.0195997 0.0971772 
0.0107314 -0.0196209 -1.97278e-05 2.51112e-05 -0.0196209 0.0966994 2.90363e-05 -6.94229e-05 -1.97278e-05 2.90363e-05 0.0106481 -0.0196293 2.51112e-05 -6.94229e-05 -0.0196293 0.0972548 
0.0107307 -0.0195992 -1.78384e-05 2.35441e-05 -0.0195992 0.096686 2.44555e-05 -6.29306e-05 -1.78384e-05 2.44555e-05 0.0106677 -0.0196668 2.35441e-05 -6.29306e-05 -0.0196668 0.0973589 
0.0107243 -0.0195882 -1.57885e-05 2.25401e-05 -0.0195882 0.0966373 1.96094e-05 -5.4352e-05 -1.57885e-05 1.96094e-05 0.0106861 -0.0196873 2.25401e-05 -5.4352e-05 -0.0196873 0.0974228 
0.0107326 -0.0195921 -9.32882e-06 1.94087e-05 -0.0195921 0.0966684 1.37644e-05 -4.12438e-05 -9.32882e-06 1.37644e-05 0.0107008 -0.0197228 1.94087e-05 -4.12438e-05 -0.0197228 0.0975451 
0.0107373 -0.019633 4.56161e-06 1.12322e-05 -0.019633 0.0968571 5.34887e-06 -2.17679e-05 4.56161e-06 5.34887e-06 0.0107478 -0.0197779 1.12322e-05 -2.17679e-05 -0.0197779 0.0978029 
0.0107713 -0.0196808 1.06091e-05 -6.46379e-06 -0.0196808 0.0971655 -1.13454e-05 1.34355e-05 1.06091e-05 -1.13454e-05 0.0107912 -0.0198819 -6.46379e-06 1.34355e-05 -0.0198819 0.0982319 
0.0107888 -0.0197222 1.67187e-05 -1.81104e-05 -0.0197222 0.0973735 -2.05726e-05 4.91628e-05 1.67187e-05 -2.05726e-05 0.0108285 -0.0199406 -1.81104e-05 4.91628e-05 -0.0199406 0.0985349 
0.0108144 -0.0197409 1.40835e-05 -2.76205e-05 -0.0197409 0.097503 -2.64886e-05 7.45287e-05 1.40835e-05 -2.64886e-05 0.010839 -0.0199886 -2.76205e-05 7.45287e-05 -0.0199886 0.0987489 
0.01083 -0.0197764 5.88288e-06 -2.52986e-05 -0.0197764 0.0976361 -2.29212e-05 8.08239e-05 5.88288e-06 -2.29212e-05 0.0108626 -0.0200087 -2.52986e-05 8.08239e-05 -0.0200087 0.0989034 
0.010819 -0.0197334 -4.00452e-07 -1.6572e-05 -0.0197334 0.0974254 -1.34907e-05 6.83623e-05 -4.00452e-07 -1.34907e-05 0.0108373 -0.0199722 -1.6572e-05 6.83623e-05 -0.0199722 0.0986983 
0.0108042 -0.0196939 5.91902e-06 -8.33289e-06 -0.0196939 0.0971761 -5.0307e-06 4.84067e-05 5.91902e-06 -5.0307e-06 0.0107965 -0.0199134 -8.33289e-06 4.84067e-05 -0.0199134 0.0984235 
0.0107825 -0.0196728 1.53641e-05 -1.7381e-05 -0.0196728 0.0970152 -1.37554e-05 5.6591e-05 1.53641e-05 -1.37554e-05 0.0107677 -0.0198568 -1.7381e-05 5.6591e-05 -0.0198568 0.0981889 
0.0107405 -0.0196423 2.53603e-05 -2.85146e-05 -0.0196423 0.0968803 -2.75109e-05 8.35682e-05 2.53603e-05 -2.75109e-05 0.0107608 -0.0198197 -2.85146e-05 8.35682e-05 -0.0198197 0.098012 
0.0107218 -0.0196004 2.53576e-05 -3.83857e-05 -0.0196004 0.0967794 -4.18383e-05 0.000115285 2.53576e-05 -4.18383e-05 0.0107486 -0.0198194 -3.83857e-05 0.000115285 -0.0198194 0.097962 
0.01068 -0.0195299 9.12689e-06 -3.59521e-05 -0.0195299 0.0964592 -4.28927e-05 0.000126124 9.12689e-06 -4.28927e-05 0.0107241 -0.0197551 -3.59521e-05 0.000126124 -0.0197551 0.0976789 
0.0106409 -0.0194341 -1.40047e-06 -1.2725e-05 -0.0194341 0.0960215 -2.03027e-05 8.75643e-05 -1.40047e-06 -2.03027e-05 0.0106777 -0.0196805 -1.2725e-05 8.75643e-05 -0.0196805 0.0972786 
0.0106018 -0.0193685 -9.7352e-06 2.34185e-06 -0.0193685 0.0956515 -2.15269e-06 3.73693e-05 -9.7352e-06 -2.15269e-06 0.0106452 -0.0196005 2.34185e-06 3.73693e-05 -0.0196005 0.0968989 
0.0106056 -0.0193457 1.06374e-05 1.08806e-05 -0.0193457 0.0955272 9.42969e-06 9.3886e-07 1.06374e-05 9.42969e-06 0.0106134 -0.0195834 1.08806e-05 9.3886e-07 -0.0195834 0.0967685 
0.0106057 -0.0193804 1.78013e-05 -1.45667e-05 -0.0193804 0.0956143 -1.7879e-05 2.92183e-05 1.78013e-05 -1.7879e-05 0.0106121 -0.0195701 -1.45667e-05 2.92183e-05 -0.0195701 0.0967737 
0.0105994 -0.0193707 5.78893e-06 -2.67733e-05 -0.0193707 0.095595 -3.55241e-05 8.05832e-05 5.78893e-06 -3.55241e-05 0.0105898 -0.0195486 -2.67733e-05 8.05832e-05 -0.0195486 0.096678 
0.0105711 -0.0193493 2.39614e-06 -1.61592e-05 -0.0193493 0.0954985 -2.55951e-05 9.2182e-05 2.39614e-06 -2.55951e-05 0.0105778 -0.0195033 -1.61592e-05 9.2182e-05 -0.0195033 0.0965089 
0.0105575 -0.0193158 9.68921e-06 -1.34946e-05 -0.0193158 0.0954029 -1.73591e-05 8.22928e-05 9.68921e-06 -1.73591e-05 0.0105615 -0.0194839 -1.34946e-05 8.22928e-05 -0.0194839 0.0963934 
0.0105836 -0.0193574 2.05129e-05 -2.335e-05 -0.0193574 0.0956194 -2.48785e-05 9.21528e-05 2.05129e-05 -2.48785e-05 0.010566 -0.0195222 -2.335e-05 9.21528e-05 -0.0195222 0.096604 
0.0105879 -0.0193694 1.97688e-05 -3.53399e-05 -0.0193694 0.095672 -3.64511e-05 0.000115124 1.97688e-05 -3.64511e-05 0.0105621 -0.0195028 -3.53399e-05 0.000115124 -0.0195028 0.0965937 
0.0105679 -0.0193506 -4.47932e-07 -3.43177e-05 -0.0193506 0.0955863 -3.52223e-05 0.000123794 -4.47932e-07 -3.52223e-05 0.0105544 -0.0194661 -3.43177e-05 0.000123794 -0.0194661 0.096436 
0.0105585 -0.0193008 -2.50391e-05 -7.94484e-06 -0.0193008 0.095385 -7.325e-06 8.06034e-05 -2.50391e-05 -7.325e-06 0.0105238 -0.0194292 -7.94484e-06 8.06034e-05 -0.0194292 0.0962208 
0.0105944 -0.019336 -3.4746e-05 2.17802e-05 -0.019336 0.0955098 2.60143e-05 6.60505e-06 -3.4746e-05 2.60143e-05 0.0105108 -0.0194435 2.17802e-05 6.60505e-06 -0.0194435 0.0963195 
0.0106115 -0.0193748 -4.02024e-05 3.53053e-05 -0.0193748 0.0956093 4.07238e-05 -5.09111e-05 -4.02024e-05 4.07238e-05 0.0105002 -0.0194191 3.53053e-05 -5.09111e-05 -0.0194191 0.0963023 
0.0106035 -0.01936 -1.587e-05 4.17381e-05 -0.01936 0.0954977 4.69365e-05 -8.00078e-05 -1.587e-05 4.69365e-05 0.0104714 -0.0193546 4.17381e-05 -8.00078e-05 -0.0193546 0.096035 
0.0105641 -0.0193447 5.47964e-06 1.27837e-05 -0.0193447 0.0953922 1.87265e-05 -4.76226e-05 5.47964e-06 1.87265e-05 0.0104738 -0.0193064 1.27837e-05 -4.76226e-05 -0.0193064 0.0958043 
0.0105317 -0.0192549 2.48245e-05 -1.57274e-05 -0.0192549 0.0950571 -9.51715e-06 1.81104e-05 2.48245e-05 -9.51715e-06 0.0104416 -0.0192635 -1.57274e-05 1.81104e-05 -0.0192635 0.0954841 
0.0105413 -0.0192988 4.2802e-05 -4.10569e-05 -0.0192988 0.0952531 -3.49036e-05 8.58088e-05 4.2802e-05 -3.49036e-05 0.0104752 -0.0193163 -4.10569e-05 8.58088e-05 -0.0193163 0.0957277 
0.0105407 -0.0193466 3.82261e-05 -6.17144e-05 -0.0193466 0.0955516 -5.63112e-05 0.000143892 3.82261e-05 -5.63112e-05 0.0105389 -0.0194041 -6.17144e-05 0.000143892 -0.0194041 0.0961135 
0.0105173 -0.0192702 2.37204e-05 -5.09291e-05 -0.0192702 0.0953256 -5.02505e-05 0.000149127 2.37204e-05 -5.02505e-05 0.0105351 -0.019419 -5.09291e-05 0.000149127 -0.019419 0.0960863 
0.010527 -0.0192594 4.10759e-07 -3.00116e-05 -0.0192594 0.0952742 -3.07441e-05 0.000109592 4.10759e-07 -3.07441e-05 0.0105336 -0.0194411 -3.00116e-05 0.000109592 -0.0194411 0.0961925 
0.0105213 -0.0192368 -1.3513e-05 6.23106e-07 -0.0192368 0.0951054 3.90538e-06 3.53944e-05 -1.3513e-05 3.90538e-06 0.0105091 -0.0194014 6.23106e-07 3.53944e-05 -0.0194014 0.0960505 
0.0105301 -0.0192517 -2.50522e-05 1.83684e-05 -0.0192517 0.0951232 2.6404e-05 -3.42094e-05 -2.50522e-05 2.6404e-05 0.0105002 -0.0193849 1.83684e-05 -3.42094e-05 -0.0193849 0.0960097 
0.0105355 -0.0192579 -9.4594e-06 3.09367e-05 -0.0192579 0.0951208 4.1851e-05 -8.24596e-05 -9.4594e-06 4.1851e-05 0.0104929 -0.0193652 3.09367e-05 -8.24596e-05 -0.0193652 0.0959319 
0.0105233 -0.0192339 -6.65895e-06 1.33087e-05 -0.0192339 0.094971 2.12542e-05 -7.22882e-05 -6.65895e-06 2.12542e-05 0.0104739 -0.0193204 1.33087e-05 -7.22882e-05 -0.0193204 0.0957112 
0.0105112 -0.0192408 -3.59965e-06 9.80939e-06 -0.0192408 0.0949781 9.1349e-06 -4.35076e-05 -3.59965e-06 9.1349e-06 0.0104828 -0.0193165 9.80939e-06 -4.35076e-05 -0.0193165 0.095671 
0.0104856 -0.0192326 6.5151e-06 8.8908e-06 -0.0192326 0.0949855 1.66513e-07 -2.35857e-05 6.5151e-06 1.66513e-07 0.0105105 -0.0193348 8.8908e-06 -2.35857e-05 -0.0193348 0.095702 
0.0104784 -0.0192297 1.64407e-05 -2.23468e-06 -0.0192297 0.0950817 -1.32162e-05 2.33366e-06 1.64407e-05 -1.32162e-05 0.0105479 -0.0194053 -2.23468e-06 2.33366e-06 -0.0194053 0.0959396 
0.0105086 -0.0192416 1.37698e-05 -1.78425e-05 -0.0192416 0.0952226 -2.60626e-05 3.93213e-05 1.37698e-05 -2.60626e-05 0.010564 -0.0194829 -1.78425e-05 3.93213e-05 -0.0194829 0.0962647 
0.0105345 -0.0192979 2.84349e-05 -2.00698e-05 -0.0192979 0.0954526 -2.554e-05 6.19774e-05 2.84349e-05 -2.554e-05 0.0105922 -0.019529 -2.00698e-05 6.19774e-05 -0.019529 0.0965654 
0.0105462 -0.0192877 2.67565e-05 -4.01352e-05 -0.0192877 0.0954071 -4.10042e-05 9.57788e-05 2.67565e-05 -4.10042e-05 0.0105812 -0.0195182 -4.01352e-05 9.57788e-05 -0.0195182 0.0965309 
0.0105884 -0.0193396 6.96278e-06 -3.99923e-05 -0.0193396 0.0955995 -3.95208e-05 0.000115176 6.96278e-06 -3.95208e-05 0.0105733 -0.0195445 -3.99923e-05 0.000115176 -0.0195445 0.0966933 
0.0106075 -0.0193817 -8.56392e-07 -1.47829e-05 -0.0193817 0.0957201 -1.73175e-05 8.50826e-05 -8.56392e-07 -1.73175e-05 0.0105744 -0.0195219 -1.47829e-05 8.50826e-05 -0.0195219 0.096692 
0.0105706 -0.0193601 -1.46578e-06 -3.32403e-06 -0.0193601 0.0955856 -6.83199e-06 4.89676e-05 -1.46578e-06 -6.83199e-06 0.0105696 -0.0194711 -3.32403e-06 4.89676e-05 -0.0194711 0.096445 
0.0105392 -0.0192831 -2.78507e-06 -4.78703e-06 -0.0192831 0.0952903 -8.42945e-06 4.13829e-05 -2.78507e-06 -8.42945e-06 0.0105419 -0.0194315 -4.78703e-06 4.13829e-05 -0.0194315 0.0961638 
0.0105299 -0.019233 -7.26729e-06 -3.30858e-06 -0.019233 0.0950375 -7.04296e-06 4.1347e-05 -7.26729e-06 -7.04296e-06 0.0105081 -0.0193929 -3.30858e-06 4.1347e-05 -0.0193929 0.0959594 
0.0105123 -0.0192141 -1.08712e-05 2.21916e-06 -0.0192141 0.0948653 -1.83959e-06 3.35574e-05 -1.08712e-05 -1.83959e-06 0.0104829 -0.0193434 2.21916e-06 3.35574e-05 -0.0193434 0.0957555 
0.0104818 -0.0192223 -5.39385e-06 6.03121e-06 -0.0192223 0.0948925 2.53212e-06 2.35295e-05 -5.39385e-06 2.53212e-06 0.0105056 -0.0193363 6.03121e-06 2.35295e-05 -0.0193363 0.0957298 
0.0104477 -0.019162 -8.12049e-06 -2.28691e-06 -0.019162 0.0947274 -1.98263e-06 2.92921e-05 -8.12049e-06 -1.98263e-06 0.0105035 -0.0193389 -2.28691e-06 2.92921e-05 -0.0193389 0.0956363 
0.0104325 -0.0191253 -3.63879e-06 3.80411e-07 -0.0191253 0.0946116 3.939e-06 2.65707e-05 -3.63879e-06 3.939e-06 0.0105 -0.0193476 3.80411e-07 2.65707e-05 -0.0193476 0.095644 
0.0104548 -0.0191605 9.04237e-06 -5.44642e-06 -0.0191605 0.0947984 2.46968e-06 2.57506e-05 9.04237e-06 2.46968e-06 0.0105122 -0.0193974 -5.44642e-06 2.57506e-05 -0.0193974 0.0959032 
0.0104446 -0.0191484 1.32666e-05 -2.1867e-05 -0.0191484 0.0947376 -1.20963e-05 5.00581e-05 1.32666e-05 -1.20963e-05 0.0104939 -0.0193702 -2.1867e-05 5.00581e-05 -0.0193702 0.0958378 
0.010437 -0.0190836 1.52885e-05 -2.668e-05 -0.0190836 0.0944306 -2.06821e-05 7.38598e-05 1.52885e-05 -2.06821e-05 0.0104226 -0.0192853 -2.668e-05 7.38598e-05 -0.0192853 0.0954747 
0.0104497 -0.0190959 1.66334e-05 -2.67224e-05 -0.0190959 0.0943851 -2.49995e-05 8.38193e-05 1.66334e-05 -2.49995e-05 0.0103811 -0.0192157 -2.67224e-05 8.38193e-05 -0.0192157 0.0952717 
0.0104576 -0.0191346 1.67054e-05 -2.58796e-05 -0.0191346 0.0944988 -2.82355e-05 8.82067e-05 1.67054e-05 -2.82355e-05 0.0103755 -0.0191778 -2.58796e-05 8.82067e-05 -0.0191778 0.0951749 
0.0104282 -0.0191216 5.87438e-06 -2.20414e-05 -0.0191216 0.0944479 -2.76736e-05 8.3278e-05 5.87438e-06 -2.76736e-05 0.0103784 -0.0191426 -2.20414e-05 8.3278e-05 -0.0191426 0.0949925 
0.0103948 -0.0190913 6.06253e-07 -7.99792e-06 -0.0190913 0.0943889 -1.45088e-05 5.87487e-05 6.06253e-07 -1.45088e-05 0.0104005 -0.0191496 -7.99792e-06 5.87487e-05 -0.0191496 0.0949429 
0.0103374 -0.0190117 -1.11624e-07 -1.86617e-06 -0.0190117 0.094105 -3.81185e-06 3.1272e-05 -1.11624e-07 -3.81185e-06 0.0104085 -0.0191398 -1.86617e-06 3.1272e-05 -0.0191398 0.0947835 
0.0103153 -0.0189472 8.62075e-06 -2.56479e-06 -0.0189472 0.0939047 -8.35393e-07 1.76178e-05 8.62075e-06 -8.35393e-07 0.0104069 -0.0191643 -2.56479e-06 1.76178e-05 -0.0191643 0.0947878 
0.0103344 -0.0189509 1.44788e-05 -1.28491e-05 -0.0189509 0.0939295 -1.08028e-05 2.72442e-05 1.44788e-05 -1.08028e-05 0.0104001 -0.0191993 -1.28491e-05 2.72442e-05 -0.0191993 0.0949595 
0.0103262 -0.0189297 9.41036e-06 -2.01191e-05 -0.0189297 0.0937603 -2.00009e-05 4.75411e-05 9.41036e-06 -2.00009e-05 0.0103679 -0.0191425 -2.01191e-05 4.75411e-05 -0.0191425 0.0947806 
0.0103451 -0.0189647 9.87895e-06 -1.26743e-05 -0.0189647 0.0938895 -1.41348e-05 4.52687e-05 9.87895e-06 -1.41348e-05 0.0103598 -0.0191396 -1.26743e-05 4.52687e-05 -0.0191396 0.0948223 
0.0103522 -0.0189896 5.26371e-06 -1.10681e-05 -0.0189896 0.0939909 -1.29123e-05 3.66765e-05 5.26371e-06 -1.29123e-05 0.0103569 -0.0191273 -1.10681e-05 3.66765e-05 -0.0191273 0.0948196 
0.0103528 -0.0189679 -6.46723e-06 -7.5544e-06 -0.0189679 0.0939006 -7.40635e-06 2.76824e-05 -6.46723e-06 -7.40635e-06 0.01033 -0.0190915 -7.5544e-06 2.76824e-05 -0.0190915 0.0946599 
0.0103715 -0.0189844 -1.53048e-05 7.08805e-06 -0.0189844 0.0939341 7.83412e-06 8.33446e-07 -1.53048e-05 7.83412e-06 0.010312 -0.0190728 7.08805e-06 8.33446e-07 -0.0190728 0.0946151 
0.0103747 -0.0190272 -2.23437e-05 1.86198e-05 -0.0190272 0.0940777 1.9487e-05 -3.01292e-05 -2.23437e-05 1.9487e-05 0.0103247 -0.0190624 1.86198e-05 -3.01292e-05 -0.0190624 0.0946285 
0.0103605 -0.0189943 -2.82839e-05 2.72998e-05 -0.0189943 0.0939593 2.87882e-05 -5.64352e-05 -2.82839e-05 2.87882e-05 0.0103141 -0.0190314 2.72998e-05 -5.64352e-05 -0.0190314 0.09444 
0.0103337 -0.0189613 -2.64547e-05 3.56738e-05 -0.0189613 0.0938018 3.51488e-05 -7.85571e-05 -2.64547e-05 3.51488e-05 0.0103129 -0.0190088 3.56738e-05 -7.85571e-05 -0.0190088 0.0942849 
0.0103419 -0.0189348 -1.13679e-05 3.43041e-05 -0.0189348 0.0937094 3.21785e-05 -8.3793e-05 -1.13679e-05 3.21785e-05 0.0102908 -0.0190173 3.43041e-05 -8.3793e-05 -0.0190173 0.094255 
0.0103377 -0.0189213 1.04025e-05 1.31232e-05 -0.0189213 0.0935641 1.4453e-05 -5.28272e-05 1.04025e-05 1.4453e-05 0.0102678 -0.0189699 1.31232e-05 -5.28272e-05 -0.0189699 0.0940925 
0.0103621 -0.0189547 1.1648e-05 -1.74915e-05 -0.0189547 0.093679 -1.16437e-05 8.3684e-06 1.1648e-05 -1.16437e-05 0.0102583 -0.0189778 -1.74915e-05 8.3684e-06 -0.0189778 0.094146 
0.010376 -0.0190049 -3.18604e-06 -2.02803e-05 -0.0190049 0.0938716 -1.17455e-05 3.77995e-05 -3.18604e-06 -1.17455e-05 0.0102659 -0.0189827 -2.02803e-05 3.77995e-05 -0.0189827 0.0942385 
0.0103818 -0.0190335 -9.26997e-06 -1.72889e-07 -0.0190335 0.0940342 9.20169e-06 9.50143e-06 -9.26997e-06 9.20169e-06 0.0102774 -0.0189975 -1.72889e-07 9.50143e-06 -0.0189975 0.0943276 
