0.00664915 0 0.00350132 0 0 0.00998368 0 0 0.00350132 0 0.00707233 0 0 0 0 0.00998368 
0.00972003 -0.0120713 0.00484107 -0.00595862 -0.0120713 0.0323158 -0.00595862 0.0114255 0.00484107 -0.00595862 0.00970508 -0.0120326 -0.00595862 0.0114255 -0.0120326 0.0322411 
0.00981859 -0.0184185 0.00449117 -0.0075628 -0.0184185 0.0680327 -0.0075628 0.0240892 0.00449117 -0.0075628 0.00952671 -0.0176112 -0.0075628 0.0240892 -0.0176112 0.0652986 
0.00916387 -0.0181835 0.00407332 -0.00589385 -0.0181835 0.0820624 -0.00589035 0.0213353 0.00407332 -0.00589035 0.00912088 -0.0172815 -0.00589385 0.0213353 -0.0172815 0.0775864 
0.00905652 -0.0174625 0.00414579 -0.00521463 -0.0174625 0.0857737 -0.00519101 0.0168329 0.00414579 -0.00519101 0.00925728 -0.0170958 -0.00521463 0.0168329 -0.0170958 0.0820664 
0.0092169 -0.0173019 0.00434384 -0.00535909 -0.0173019 0.0868407 -0.00533234 0.0152468 0.00434384 -0.00533234 0.0094499 -0.0172977 -0.00535909 0.0152468 -0.0172977 0.0846202 
0.00939506 -0.0173901 0.00448168 -0.00565474 -0.0173901 0.0872952 -0.00564374 0.0153449 0.00448168 -0.00564374 0.00955237 -0.0175095 -0.00565474 0.0153449 -0.0175095 0.0862073 
0.00952384 -0.0175667 0.00453093 -0.00581035 -0.0175667 0.0876064 -0.00581997 0.0157278 0.00453093 -0.00581997 0.00951995 -0.0174514 -0.00581035 0.0157278 -0.0174514 0.0864605 
0.0095859 -0.0177729 0.0045298 -0.00587415 -0.0177729 0.0881702 -0.00589464 0.0160001 0.0045298 -0.00589464 0.00953105 -0.0173728 -0.00587415 0.0160001 -0.0173728 0.0864031 
0.00958059 -0.0178709 0.00447408 -0.00584969 -0.0178709 0.0885063 -0.0058646 0.0160219 0.00447408 -0.0058646 0.00953872 -0.0172942 -0.00584969 0.0160219 -0.0172942 0.0860449 
0.00957263 -0.0178774 0.00444231 -0.00579396 -0.0178774 0.0887041 -0.00579224 0.0159145 0.00444231 -0.00579224 0.00957287 -0.0173601 -0.00579396 0.0159145 -0.0173601 0.0861196 
0.00957828 -0.0178407 0.00445795 -0.00574707 -0.0178407 0.0886637 -0.00573433 0.0157582 0.00445795 -0.00573433 0.00957022 -0.0174296 -0.00574707 0.0157582 -0.0174296 0.0862897 
0.00961734 -0.0178548 0.00447409 -0.00576721 -0.0178548 0.0887081 -0.00575472 0.0157233 0.00447409 -0.00575472 0.00955498 -0.0174656 -0.00576721 0.0157233 -0.0174656 0.0865043 
0.00957983 -0.0179065 0.00445415 -0.0057755 -0.0179065 0.0887834 -0.0057726 0.0157352 0.00445415 -0.0057726 0.00956854 -0.0174109 -0.0057755 0.0157352 -0.0174109 0.0864198 
0.00958668 -0.0178568 0.00444773 -0.0057509 -0.0178568 0.0887259 -0.00574925 0.0157049 0.00444773 -0.00574925 0.0095347 -0.0174186 -0.0057509 0.0157049 -0.0174186 0.0863578 
0.00965565 -0.0178418 0.00450626 -0.00575048 -0.0178418 0.0886692 -0.00575171 0.0156955 0.00450626 -0.00575171 0.00948421 -0.0174313 -0.00575048 0.0156955 -0.0174313 0.0864694 
0.00976882 -0.0179665 0.00458461 -0.00581108 -0.0179665 0.088898 -0.00582353 0.0157931 0.00458461 -0.00582353 0.00940095 -0.0173282 -0.00581108 0.0157931 -0.0173282 0.0863012 
0.00983153 -0.0180909 0.00463116 -0.0059011 -0.0180909 0.0891443 -0.00592237 0.0159903 0.00463116 -0.00592237 0.00932445 -0.0172026 -0.0059011 0.0159903 -0.0172026 0.0859524 
0.00984641 -0.0182224 0.00461185 -0.00596797 -0.0182224 0.0895649 -0.00599024 0.0161985 0.00461185 -0.00599024 0.00931593 -0.0170936 -0.00596797 0.0161985 -0.0170936 0.0856554 
0.00981742 -0.018213 0.00457244 -0.00594861 -0.018213 0.0896553 -0.0059631 0.0162428 0.00457244 -0.0059631 0.0093302 -0.0170909 -0.00594861 0.0162428 -0.0170909 0.0855222 
0.00980995 -0.0181773 0.00455395 -0.00590731 -0.0181773 0.0896552 -0.005911 0.0161718 0.00455395 -0.005911 0.00932786 -0.0171439 -0.00590731 0.0161718 -0.0171439 0.0856523 
0.0097913 -0.0181691 0.00453244 -0.00586651 -0.0181691 0.0895833 -0.00586883 0.0160489 0.00453244 -0.00586883 0.00929826 -0.0170826 -0.00586651 0.0160489 -0.0170826 0.0855021 
0.00985068 -0.0181635 0.00455159 -0.00585424 -0.0181635 0.0896247 -0.0058549 0.0159957 0.00455159 -0.0058549 0.00923664 -0.0170663 -0.00585424 0.0159957 -0.0170663 0.085486 
0.00983823 -0.0181821 0.00455343 -0.00586856 -0.0181821 0.0895287 -0.0058735 0.0159962 0.00455343 -0.0058735 0.00920939 -0.016966 -0.00586856 0.0159962 -0.016966 0.0852266 
0.00976579 -0.0181403 0.00453322 -0.00589596 -0.0181403 0.0894468 -0.00590041 0.0160735 0.00453322 -0.00590041 0.0093009 -0.0169988 -0.00589596 0.0160735 -0.0169988 0.0852833 
0.00979771 -0.0180696 0.00455125 -0.00588011 -0.0180696 0.0893348 -0.00587204 0.0160768 0.00455125 -0.00587204 0.00928843 -0.0171011 -0.00588011 0.0160768 -0.0171011 0.0854752 
0.00983946 -0.0180617 0.00459368 -0.00589292 -0.0180617 0.0891564 -0.00588267 0.0160744 0.00459368 -0.00588267 0.00924138 -0.0171016 -0.00589292 0.0160744 -0.0171016 0.0855513 
0.00983751 -0.0181517 0.00460524 -0.00594612 -0.0181517 0.0893328 -0.00594734 0.0161782 0.00460524 -0.00594734 0.00927075 -0.0170546 -0.00594612 0.0161782 -0.0170546 0.0855536 
0.00985388 -0.0181704 0.00464236 -0.0059608 -0.0181704 0.0894789 -0.0059639 0.0162552 0.00464236 -0.0059639 0.00927226 -0.0170732 -0.0059608 0.0162552 -0.0170732 0.085549 
0.00986168 -0.0181745 0.00466145 -0.00600392 -0.0181745 0.0894964 -0.00600129 0.0163336 0.00466145 -0.00600129 0.0092696 -0.0170803 -0.00600392 0.0163336 -0.0170803 0.085559 
0.00984793 -0.0181898 0.00463246 -0.00602816 -0.0181898 0.0895228 -0.0060243 0.0164075 0.00463246 -0.0060243 0.00927044 -0.0170695 -0.00602816 0.0164075 -0.0170695 0.0855284 
0.00984217 -0.018161 0.00460745 -0.00599187 -0.018161 0.0894619 -0.00598943 0.0163817 0.00460745 -0.00598943 0.00925924 -0.0170737 -0.00599187 0.0163817 -0.0170737 0.0855142 
0.0098711 -0.0181791 0.00460224 -0.00595905 -0.0181791 0.0895348 -0.00596206 0.0163141 0.00460224 -0.00596206 0.00924888 -0.0170742 -0.00595905 0.0163141 -0.0170742 0.0855728 
0.00989995 -0.0182363 0.00461859 -0.0059399 -0.0182363 0.0896726 -0.00594787 0.016247 0.00461859 -0.00594787 0.0092254 -0.0170234 -0.0059399 0.016247 -0.0170234 0.0854593 
0.00990822 -0.0182573 0.00463323 -0.0059557 -0.0182573 0.0897253 -0.00596315 0.0162405 0.00463323 -0.00596315 0.00920299 -0.0169806 -0.0059557 0.0162405 -0.0169806 0.0852966 
0.00989 -0.018232 0.00466202 -0.00598664 -0.018232 0.0896628 -0.00599041 0.0163015 0.00466202 -0.00599041 0.00920964 -0.0169996 -0.00598664 0.0163015 -0.0169996 0.0853239 
0.00987716 -0.0182184 0.00465863 -0.00603547 -0.0182184 0.0896616 -0.00603406 0.0164124 0.00465863 -0.00603406 0.00923843 -0.0170345 -0.00603547 0.0164124 -0.0170345 0.0854636 
0.0098476 -0.0181584 0.00465203 -0.00603575 -0.0181584 0.0894851 -0.00603314 0.0164629 0.00465203 -0.00603314 0.00929116 -0.0170963 -0.00603575 0.0164629 -0.0170963 0.0856271 
0.00984979 -0.0181641 0.00465123 -0.00601162 -0.0181641 0.0894455 -0.00600793 0.0164231 0.00465123 -0.00600793 0.00928094 -0.0170922 -0.00601162 0.0164231 -0.0170922 0.085579 
0.00988606 -0.0182248 0.00469368 -0.00601167 -0.0182248 0.0896572 -0.00600964 0.0164056 0.00469368 -0.00600964 0.00925272 -0.017075 -0.00601167 0.0164056 -0.017075 0.0855809 
0.00989364 -0.0182222 0.00472197 -0.00605882 -0.0182222 0.089642 -0.0060564 0.0164652 0.00472197 -0.0060564 0.00921829 -0.0170475 -0.00605882 0.0164652 -0.0170475 0.0854981 
0.00996318 -0.0182461 0.00474549 -0.00610945 -0.0182461 0.08973 -0.00610904 0.0166001 0.00474549 -0.00610904 0.00916305 -0.0170252 -0.00610945 0.0166001 -0.0170252 0.0854935 
0.0100159 -0.0183472 0.00475528 -0.00612336 -0.0183472 0.0898985 -0.00613273 0.0166801 0.00475528 -0.00613273 0.00909015 -0.0168851 -0.00612336 0.0166801 -0.0168851 0.0851366 
0.0100886 -0.0184014 0.00476559 -0.00613548 -0.0184014 0.0900432 -0.00615077 0.016737 0.00476559 -0.00615077 0.00900674 -0.0168007 -0.00613548 0.016737 -0.0168007 0.0848483 
0.0101272 -0.0184882 0.0047607 -0.00615576 -0.0184882 0.0902635 -0.00617787 0.0168051 0.0047607 -0.00617787 0.0089912 -0.0167378 -0.00615576 0.0168051 -0.0167378 0.0847243 
0.0101749 -0.0185418 0.00478125 -0.00614385 -0.0185418 0.0904369 -0.0061652 0.0168072 0.00478125 -0.0061652 0.00894913 -0.0167066 -0.00614385 0.0168072 -0.0167066 0.0845982 
0.010211 -0.0186437 0.00480068 -0.00616015 -0.0186437 0.0907253 -0.00617918 0.0168146 0.00480068 -0.00617918 0.00891564 -0.01662 -0.00616015 0.0168146 -0.01662 0.0843915 
0.0102145 -0.0186733 0.0047945 -0.00619014 -0.0186733 0.0908644 -0.00620101 0.0168629 0.0047945 -0.00620101 0.00889795 -0.0165852 -0.00619014 0.0168629 -0.0165852 0.0842496 
0.0102 -0.0186671 0.00479909 -0.00618289 -0.0186671 0.0908465 -0.00618525 0.0168641 0.00479909 -0.00618525 0.00887846 -0.0165356 -0.00618289 0.0168641 -0.0165356 0.0840533 
0.0102233 -0.0186309 0.00483029 -0.00621078 -0.0186309 0.0908007 -0.00620473 0.016914 0.00483029 -0.00620473 0.00886205 -0.0165756 -0.00621078 0.016914 -0.0165756 0.0841664 
0.0102324 -0.0186279 0.00483559 -0.00625447 -0.0186279 0.090726 -0.00624751 0.0170086 0.00483559 -0.00624751 0.00884919 -0.0165803 -0.00625447 0.0170086 -0.0165803 0.0842553 
0.0102313 -0.0186093 0.00484252 -0.00626641 -0.0186093 0.0906309 -0.00626446 0.0170827 0.00484252 -0.00626446 0.00885209 -0.0165945 -0.00626641 0.0170827 -0.0165945 0.0843399 
0.0102348 -0.0186231 0.00484163 -0.00627544 -0.0186231 0.0906632 -0.00627939 0.0171302 0.00484163 -0.00627939 0.00887084 -0.0166117 -0.00627544 0.0171302 -0.0166117 0.0844458 
0.0101953 -0.0186635 0.00482287 -0.00625027 -0.0186635 0.0907343 -0.00625639 0.0170856 0.00482287 -0.00625639 0.00888245 -0.0165424 -0.00625027 0.0170856 -0.0165424 0.0842139 
0.0101039 -0.0186123 0.00476661 -0.00623454 -0.0186123 0.0906898 -0.00623451 0.0170381 0.00476661 -0.00623451 0.00894476 -0.0165664 -0.00623454 0.0170381 -0.0165664 0.0841737 
0.0100528 -0.0184959 0.00470009 -0.00618659 -0.0184959 0.0905178 -0.0061721 0.0169503 0.00470009 -0.0061721 0.0089996 -0.0166866 -0.00618659 0.0169503 -0.0166866 0.084455 
0.0100795 -0.0184035 0.00470411 -0.00609034 -0.0184035 0.0902 -0.006074 0.0167387 0.00470411 -0.006074 0.00894155 -0.0167224 -0.00609034 0.0167387 -0.0167224 0.0845496 
0.0102044 -0.0184403 0.00475489 -0.00608986 -0.0184403 0.0901653 -0.00608559 0.0166535 0.00475489 -0.00608559 0.0088154 -0.0166618 -0.00608986 0.0166535 -0.0166618 0.0845259 
0.0103102 -0.0186358 0.00480449 -0.00613639 -0.0186358 0.0905217 -0.00615622 0.0167262 0.00480449 -0.00615622 0.0087028 -0.0164422 -0.00613639 0.0167262 -0.0164422 0.0840637 
0.0104 -0.0187353 0.00484673 -0.00620021 -0.0187353 0.0907769 -0.00623102 0.0168885 0.00484673 -0.00623102 0.00858838 -0.0163007 -0.00620021 0.0168885 -0.0163007 0.0835906 
0.0104492 -0.0188373 0.00487743 -0.00627781 -0.0188373 0.0910718 -0.00631096 0.017111 0.00487743 -0.00631096 0.0085554 -0.0162251 -0.00627781 0.017111 -0.0162251 0.0834262 
0.010426 -0.0188983 0.00488341 -0.00631159 -0.0188983 0.0912608 -0.00634246 0.0172465 0.00488341 -0.00634246 0.00858435 -0.0161546 -0.00631159 0.0172465 -0.0161546 0.0831889 
0.0104357 -0.0188437 0.00489085 -0.00633439 -0.0188437 0.0912157 -0.00635014 0.017325 0.00489085 -0.00635014 0.0085985 -0.0162238 -0.00633439 0.017325 -0.0162238 0.0832497 
0.0104242 -0.0189025 0.00485604 -0.00633186 -0.0189025 0.0913179 -0.00633759 0.0173222 0.00485604 -0.00633759 0.00860925 -0.0161905 -0.00633186 0.0173222 -0.0161905 0.0831767 
0.0104771 -0.0189239 0.00482862 -0.00628528 -0.0189239 0.0914656 -0.00628583 0.017239 0.00482862 -0.00628583 0.00855982 -0.0161908 -0.00628528 0.017239 -0.0161908 0.0831453 
0.0105111 -0.0189548 0.00482899 -0.0062509 -0.0189548 0.0915251 -0.00625478 0.0171408 0.00482899 -0.00625478 0.00851642 -0.0161692 -0.0062509 0.0171408 -0.0161692 0.0831574 
0.0104639 -0.0190037 0.00483725 -0.00623129 -0.0190037 0.0916023 -0.00624249 0.0170576 0.00483725 -0.00624249 0.00851939 -0.0160672 -0.00623129 0.0170576 -0.0160672 0.0828963 
0.0103895 -0.0189713 0.0048201 -0.00625423 -0.0189713 0.0916437 -0.00625682 0.0170665 0.0048201 -0.00625682 0.00856759 -0.0160577 -0.00625423 0.0170665 -0.0160577 0.0827741 
0.0103241 -0.0188801 0.00480416 -0.00625578 -0.0188801 0.0915185 -0.00623849 0.0170837 0.00480416 -0.00623849 0.00861995 -0.0161157 -0.00625578 0.0170837 -0.0161157 0.0828483 
0.0103346 -0.0187672 0.00478633 -0.00624165 -0.0187672 0.0911942 -0.00620822 0.0170532 0.00478633 -0.00620822 0.00859061 -0.0161608 -0.00624165 0.0170532 -0.0161608 0.082901 
0.0103767 -0.0187467 0.00479929 -0.00623736 -0.0187467 0.0910123 -0.00620643 0.0170566 0.00479929 -0.00620643 0.00855759 -0.0161829 -0.00623736 0.0170566 -0.0161829 0.0830633 
0.0104042 -0.0187493 0.00481778 -0.00625747 -0.0187493 0.0909024 -0.00624097 0.0171133 0.00481778 -0.00624097 0.00853003 -0.0162007 -0.00625747 0.0171133 -0.0162007 0.0832265 
0.010447 -0.0187752 0.0048008 -0.00626394 -0.0187752 0.0908608 -0.00626369 0.0171537 0.0048008 -0.00626369 0.00846759 -0.016138 -0.00626394 0.0171537 -0.016138 0.0831137 
0.0104648 -0.0188264 0.00477133 -0.00624637 -0.0188264 0.0909488 -0.0062615 0.017167 0.00477133 -0.0062615 0.00844574 -0.0160877 -0.00624637 0.017167 -0.0160877 0.0830349 
0.0104968 -0.0188815 0.00475989 -0.00620597 -0.0188815 0.0911527 -0.00623108 0.0171112 0.00475989 -0.00623108 0.00843223 -0.0160594 -0.00620597 0.0171112 -0.0160594 0.0829897 
0.0104731 -0.0189155 0.00472759 -0.00617649 -0.0189155 0.0912516 -0.00620164 0.0170186 0.00472759 -0.00620164 0.00844235 -0.0160165 -0.00617649 0.0170186 -0.0160165 0.0828488 
0.0104564 -0.0188457 0.00472511 -0.00614669 -0.0188457 0.0911199 -0.00616562 0.0169363 0.00472511 -0.00616562 0.00844629 -0.0160564 -0.00614669 0.0169363 -0.0160564 0.0828741 
0.0104901 -0.018907 0.00473937 -0.00612892 -0.018907 0.0912772 -0.00614321 0.0168542 0.00473937 -0.00614321 0.00841193 -0.0159928 -0.00612892 0.0168542 -0.0159928 0.082736 
0.0105144 -0.0189043 0.00472896 -0.00614635 -0.0189043 0.0912361 -0.00615564 0.0168438 0.00472896 -0.00615564 0.00835815 -0.0159374 -0.00614635 0.0168438 -0.0159374 0.082512 
0.0105412 -0.0189255 0.00475072 -0.0061526 -0.0189255 0.0912658 -0.00616372 0.0168837 0.00475072 -0.00616372 0.0083305 -0.0159074 -0.0061526 0.0168837 -0.0159074 0.0824471 
0.0105689 -0.0189755 0.00478006 -0.00617682 -0.0189755 0.0913869 -0.00619036 0.0169346 0.00478006 -0.00619036 0.00830688 -0.0158557 -0.00617682 0.0169346 -0.0158557 0.0823211 
0.0105564 -0.0190489 0.00477085 -0.00621482 -0.0190489 0.0916324 -0.0062261 0.017019 0.00477085 -0.0062261 0.00834659 -0.0158095 -0.00621482 0.017019 -0.0158095 0.0822011 
0.0105321 -0.0190532 0.0047442 -0.00619742 -0.0190532 0.0917338 -0.00619781 0.0170108 0.0047442 -0.00619781 0.00835886 -0.0158057 -0.00619742 0.0170108 -0.0158057 0.0820554 
0.0105914 -0.0189924 0.00477744 -0.00617543 -0.0189924 0.0916245 -0.00616154 0.016957 0.00477744 -0.00616154 0.00830544 -0.0158526 -0.00617543 0.016957 -0.0158526 0.08212 
0.0106053 -0.0190589 0.00478677 -0.00620794 -0.0190589 0.091645 -0.00619585 0.0169728 0.00478677 -0.00619585 0.00827766 -0.0157799 -0.00620794 0.0169728 -0.0157799 0.082019 
0.0105897 -0.0190503 0.00480538 -0.00623399 -0.0190503 0.0916294 -0.00622526 0.0170542 0.00480538 -0.00622526 0.00828642 -0.0157845 -0.00623399 0.0170542 -0.0157845 0.0820174 
0.0105411 -0.0190507 0.0047826 -0.00626546 -0.0190507 0.0916734 -0.00625498 0.0171414 0.0047826 -0.00625498 0.00834532 -0.0158085 -0.00626546 0.0171414 -0.0158085 0.0821134 
0.0105087 -0.0189515 0.00473792 -0.00625231 -0.0189515 0.0914923 -0.00623488 0.0171655 0.00473792 -0.00623488 0.00838346 -0.015929 -0.00625231 0.0171655 -0.015929 0.0824125 
0.0104741 -0.0189015 0.0046618 -0.00617685 -0.0189015 0.09126 -0.00615932 0.0170237 0.0046618 -0.00615932 0.00837858 -0.0159358 -0.00617685 0.0170237 -0.0159358 0.0824624 
0.0104483 -0.0188327 0.00463261 -0.00608781 -0.0188327 0.0910597 -0.00607973 0.0168351 0.00463261 -0.00607973 0.00838772 -0.0159807 -0.00608781 0.0168351 -0.0159807 0.082631 
0.0104489 -0.0188358 0.00458039 -0.00603046 -0.0188358 0.0910258 -0.00603185 0.0166507 0.00458039 -0.00603185 0.00838143 -0.0159403 -0.00603046 0.0166507 -0.0159403 0.0825703 
0.010455 -0.0188217 0.00453981 -0.00597215 -0.0188217 0.0909833 -0.00597786 0.0165073 0.00453981 -0.00597786 0.00838025 -0.0159468 -0.00597215 0.0165073 -0.0159468 0.0825672 
0.0104336 -0.018809 0.00451086 -0.00591732 -0.018809 0.0909093 -0.00592686 0.0163632 0.00451086 -0.00592686 0.0083845 -0.0159512 -0.00591732 0.0163632 -0.0159512 0.0825669 
0.0104503 -0.0188085 0.00453095 -0.00588815 -0.0188085 0.0909661 -0.00589862 0.0162656 0.00453095 -0.00589862 0.0083727 -0.0159749 -0.00588815 0.0162656 -0.0159749 0.0826783 
0.0104423 -0.0188195 0.00454201 -0.00588586 -0.0188195 0.0909113 -0.00589771 0.016195 0.00454201 -0.00589771 0.00834117 -0.0158778 -0.00588586 0.016195 -0.0158778 0.0823887 
0.0104844 -0.018847 0.00458539 -0.00591712 -0.018847 0.091025 -0.00592355 0.0162414 0.00458539 -0.00592355 0.00829726 -0.0158336 -0.00591712 0.0162414 -0.0158336 0.0822256 
0.0105002 -0.0188575 0.00461711 -0.00599385 -0.0188575 0.0910453 -0.0059958 0.0164053 0.00461711 -0.0059958 0.00829077 -0.0158226 -0.00599385 0.0164053 -0.0158226 0.0822105 
0.0104962 -0.0188612 0.00460043 -0.00603867 -0.0188612 0.0910204 -0.00603985 0.0165587 0.00460043 -0.00603985 0.00828543 -0.0158056 -0.00603867 0.0165587 -0.0158056 0.0821438 
0.0105408 -0.0188327 0.00456851 -0.00602667 -0.0188327 0.0909316 -0.00602957 0.0166134 0.00456851 -0.00602957 0.00823429 -0.0158214 -0.00602667 0.0166134 -0.0158214 0.0821666 
0.0106189 -0.0189445 0.0045652 -0.0059698 -0.0189445 0.0911712 -0.00598768 0.0165371 0.0045652 -0.00598768 0.00817163 -0.0157345 -0.0059698 0.0165371 -0.0157345 0.0820525 
0.0105838 -0.0190007 0.00454962 -0.00594074 -0.0190007 0.0912539 -0.00597242 0.0164396 0.00454962 -0.00597242 0.00818399 -0.0156274 -0.00594074 0.0164396 -0.0156274 0.0817136 
0.0106088 -0.019044 0.00456826 -0.00591977 -0.019044 0.0915167 -0.00594336 0.0163611 0.00456826 -0.00594336 0.00816409 -0.0156011 -0.00591977 0.0163611 -0.0156011 0.0815271 
0.0106637 -0.0190405 0.00458408 -0.00596319 -0.0190405 0.0915745 -0.00597124 0.0163977 0.00458408 -0.00597124 0.00811849 -0.0156219 -0.00596319 0.0163977 -0.0156219 0.0815743 
0.0106928 -0.0191105 0.00461617 -0.00596883 -0.0191105 0.0916464 -0.00597437 0.0164137 0.00461617 -0.00597437 0.00808401 -0.0155104 -0.00596883 0.0164137 -0.0155104 0.0813035 
0.0107018 -0.0190655 0.00466574 -0.00604904 -0.0190655 0.0915349 -0.00605107 0.0165831 0.00466574 -0.00605107 0.00810073 -0.0155776 -0.00604904 0.0165831 -0.0155776 0.081436 
0.0107506 -0.0191277 0.00469155 -0.0061095 -0.0191277 0.0916773 -0.00611076 0.0167551 0.00469155 -0.00611076 0.00808432 -0.0155936 -0.0061095 0.0167551 -0.0155936 0.0815593 
0.0107652 -0.0192159 0.00468015 -0.006114 -0.0192159 0.0918734 -0.00611956 0.0168049 0.00468015 -0.00611956 0.00805708 -0.0155128 -0.006114 0.0168049 -0.0155128 0.0813639 
0.0107931 -0.0192782 0.00465999 -0.00609958 -0.0192782 0.0921522 -0.00610542 0.0167936 0.00465999 -0.00610542 0.00804169 -0.0154777 -0.00609958 0.0167936 -0.0154777 0.0812655 
0.010801 -0.0192706 0.00467123 -0.00607612 -0.0192706 0.0921676 -0.00607973 0.0167439 0.00467123 -0.00607973 0.00801741 -0.0154804 -0.00607612 0.0167439 -0.0154804 0.0812394 
0.0108023 -0.0192726 0.00468683 -0.00608511 -0.0192726 0.0921467 -0.0060879 0.0167259 0.00468683 -0.0060879 0.00799508 -0.0154466 -0.00608511 0.0167259 -0.0154466 0.0811658 
0.0107841 -0.0192579 0.00469812 -0.00612793 -0.0192579 0.0921303 -0.00612859 0.0168146 0.00469812 -0.00612859 0.00800574 -0.0154647 -0.00612793 0.0168146 -0.0154647 0.0812522 
0.0108024 -0.0192575 0.00468472 -0.00613318 -0.0192575 0.092129 -0.0061319 0.0168528 0.00468472 -0.0061319 0.00796883 -0.0154276 -0.00613318 0.0168528 -0.0154276 0.08115 
0.0108278 -0.019271 0.00468524 -0.00612165 -0.019271 0.092141 -0.00612269 0.0168602 0.00468524 -0.00612269 0.0079441 -0.0153846 -0.00612165 0.0168602 -0.0153846 0.0810503 
0.0109086 -0.0193026 0.00471549 -0.00613022 -0.0193026 0.0922255 -0.00613447 0.0168865 0.00471549 -0.00613447 0.00788573 -0.0153705 -0.00613022 0.0168865 -0.0153705 0.0810278 
0.010997 -0.0194086 0.00471295 -0.0061351 -0.0194086 0.0923597 -0.00614728 0.0168834 0.00471295 -0.00614728 0.0077808 -0.0152231 -0.0061351 0.0168834 -0.0152231 0.0806224 
0.0110028 -0.0195457 0.00470805 -0.00615358 -0.0195457 0.0927499 -0.00617503 0.0169537 0.00470805 -0.00617503 0.00779689 -0.0151466 -0.00615358 0.0169537 -0.0151466 0.0804695 
0.0109795 -0.0194971 0.00471279 -0.0061458 -0.0194971 0.0927042 -0.00616057 0.0169572 0.00471279 -0.00616057 0.00779856 -0.0151624 -0.0061458 0.0169572 -0.0151624 0.0803604 
0.0110477 -0.0195249 0.00472933 -0.00616121 -0.0195249 0.0928515 -0.00616555 0.0169722 0.00472933 -0.00616555 0.00774957 -0.0151817 -0.00616121 0.0169722 -0.0151817 0.0804642 
0.0110328 -0.0195674 0.00472741 -0.00616841 -0.0195674 0.0928547 -0.00617328 0.0169768 0.00472741 -0.00617328 0.00773181 -0.0150958 -0.00616841 0.0169768 -0.0150958 0.0802832 
0.0110527 -0.0195387 0.00473651 -0.00618589 -0.0195387 0.09283 -0.00618879 0.0170293 0.00473651 -0.00618879 0.00770995 -0.0151015 -0.00618589 0.0170293 -0.0151015 0.0802576 
0.0110821 -0.0195627 0.00471808 -0.0061988 -0.0195627 0.0928418 -0.00620163 0.0170724 0.00471808 -0.00620163 0.00768677 -0.0150708 -0.0061988 0.0170724 -0.0150708 0.0802044 
0.0110445 -0.0196122 0.00468922 -0.00617221 -0.0196122 0.0929541 -0.00618006 0.0170558 0.00468922 -0.00618006 0.00772809 -0.0150372 -0.00617221 0.0170558 -0.0150372 0.0801258 
0.0110171 -0.0195992 0.00469235 -0.00613401 -0.0195992 0.0930506 -0.00613511 0.0169687 0.00469235 -0.00613511 0.00777829 -0.01508 -0.00613401 0.0169687 -0.01508 0.080175 
0.0110133 -0.0195476 0.00465976 -0.00612734 -0.0195476 0.092931 -0.00611448 0.0168861 0.00465976 -0.00611448 0.00776626 -0.0151227 -0.00612734 0.0168861 -0.0151227 0.0802132 
0.0110003 -0.0195158 0.00465646 -0.0061002 -0.0195158 0.0927907 -0.00608351 0.0168265 0.00465646 -0.00608351 0.0077683 -0.0151373 -0.0061002 0.0168265 -0.0151373 0.0802992 
0.0110005 -0.019475 0.00467652 -0.00611002 -0.019475 0.092667 -0.00609528 0.0168332 0.00467652 -0.00609528 0.00778789 -0.0151885 -0.00611002 0.0168332 -0.0151885 0.0804873 
0.0110121 -0.0194494 0.00473583 -0.00613749 -0.0194494 0.0925299 -0.00612593 0.0168909 0.00473583 -0.00612593 0.00779444 -0.0152277 -0.00613749 0.0168909 -0.0152277 0.0806302 
0.0110983 -0.01952 0.00478648 -0.00620533 -0.01952 0.0926991 -0.00619739 0.0170217 0.00478648 -0.00619739 0.00773341 -0.0152273 -0.00620533 0.0170217 -0.0152273 0.0807173 
0.0111581 -0.0195975 0.00480108 -0.00627058 -0.0195975 0.0928466 -0.00627261 0.0172017 0.00480108 -0.00627261 0.00766822 -0.0151738 -0.00627058 0.0172017 -0.0151738 0.0806788 
0.0111642 -0.0196779 0.00477002 -0.00627633 -0.0196779 0.0930242 -0.00629279 0.0172898 0.00477002 -0.00629279 0.00764931 -0.0150655 -0.00627633 0.0172898 -0.0150655 0.0804255 
0.0111393 -0.0197092 0.00473809 -0.00622484 -0.0197092 0.0931692 -0.00624755 0.0172298 0.00473809 -0.00624755 0.00765716 -0.0150049 -0.00622484 0.0172298 -0.0150049 0.0801586 
0.0111333 -0.0196845 0.00475307 -0.00620629 -0.0196845 0.0932491 -0.00621959 0.0171765 0.00475307 -0.00621959 0.0076847 -0.0150669 -0.00620629 0.0171765 -0.0150669 0.0802825 
0.0110966 -0.0196513 0.004755 -0.00620627 -0.0196513 0.0931155 -0.00620975 0.0171153 0.004755 -0.00620975 0.00769755 -0.0150575 -0.00620627 0.0171153 -0.0150575 0.0802143 
0.0111128 -0.0196212 0.00476635 -0.00622508 -0.0196212 0.093072 -0.00622058 0.0171381 0.00476635 -0.00622058 0.00767966 -0.0150965 -0.00622508 0.0171381 -0.0150965 0.0803079 
0.0111595 -0.019646 0.00478161 -0.00624154 -0.019646 0.0931056 -0.00623677 0.0171787 0.00478161 -0.00623677 0.00763785 -0.0150725 -0.00624154 0.0171787 -0.0150725 0.080325 
0.0111794 -0.019677 0.00477545 -0.00625003 -0.019677 0.0930924 -0.0062527 0.0172075 0.00477545 -0.0062527 0.00760003 -0.0149931 -0.00625003 0.0172075 -0.0149931 0.0801097 
0.0111808 -0.0197292 0.00477726 -0.00624678 -0.0197292 0.0932397 -0.00625669 0.0172327 0.00477726 -0.00625669 0.00760941 -0.0149454 -0.00624678 0.0172327 -0.0149454 0.0799669 
0.011154 -0.0197481 0.00475704 -0.0062561 -0.0197481 0.0933812 -0.00626256 0.0172579 0.00475704 -0.00626256 0.0076493 -0.0149717 -0.0062561 0.0172579 -0.0149717 0.0800005 
0.0111066 -0.0196777 0.00477363 -0.00623965 -0.0196777 0.0932637 -0.00623711 0.0172412 0.00477363 -0.00623711 0.00768543 -0.0150456 -0.00623965 0.0172412 -0.0150456 0.0801583 
0.0111126 -0.0196344 0.0047652 -0.00623482 -0.0196344 0.0931042 -0.00622401 0.0171755 0.0047652 -0.00622401 0.00765032 -0.0150229 -0.00623482 0.0171755 -0.0150229 0.0800659 
0.0111199 -0.019626 0.00474757 -0.00624207 -0.019626 0.0930203 -0.00623188 0.017191 0.00474757 -0.00623188 0.00762701 -0.0150084 -0.00624207 0.017191 -0.0150084 0.0800528 
0.0111455 -0.0196427 0.00474079 -0.00623896 -0.0196427 0.093089 -0.00623542 0.0172273 0.00474079 -0.00623542 0.00762628 -0.0150202 -0.00623896 0.0172273 -0.0150202 0.0801684 
0.0111709 -0.0196628 0.00474716 -0.00620988 -0.0196628 0.093087 -0.00621344 0.0171785 0.00474716 -0.00621344 0.00759577 -0.0149787 -0.00620988 0.0171785 -0.0149787 0.0800479 
0.0112275 -0.0196864 0.00477867 -0.00621827 -0.0196864 0.0931146 -0.00622632 0.0171749 0.00477867 -0.00622632 0.00753729 -0.0149458 -0.00621827 0.0171749 -0.0149458 0.0799472 
0.0112733 -0.0197551 0.00480556 -0.00625285 -0.0197551 0.0932153 -0.0062671 0.0172361 0.00480556 -0.0062671 0.00749215 -0.0148637 -0.00625285 0.0172361 -0.0148637 0.0797507 
0.0113069 -0.0198228 0.00484158 -0.00629492 -0.0198228 0.0934031 -0.006313 0.0173506 0.00484158 -0.006313 0.00747045 -0.0148191 -0.00629492 0.0173506 -0.0148191 0.0796219 
0.0113311 -0.019851 0.00487113 -0.00634581 -0.019851 0.0934975 -0.00636143 0.0174822 0.00487113 -0.00636143 0.00745552 -0.0148077 -0.00634581 0.0174822 -0.0148077 0.0795671 
0.0113493 -0.0199448 0.00490154 -0.00637761 -0.0199448 0.0938037 -0.00639082 0.017574 0.00490154 -0.00639082 0.00748566 -0.014772 -0.00637761 0.017574 -0.014772 0.0795171 
0.0113653 -0.0199465 0.00491335 -0.00640089 -0.0199465 0.0938474 -0.0064048 0.0176154 0.00491335 -0.0064048 0.00747175 -0.014781 -0.00640089 0.0176154 -0.014781 0.0794126 
0.0113902 -0.019987 0.00494249 -0.00642801 -0.019987 0.0939863 -0.00642507 0.0176799 0.00494249 -0.00642507 0.00748324 -0.0148056 -0.00642801 0.0176799 -0.0148056 0.0795207 
