0.00354401 0 0.000756766 0 0 0.00998961 0 0 0.000756766 0 0.0101605 0 0 0 0 0.00998961 
0.00506989 -0.00633511 0.000802063 -0.000978795 -0.00633511 0.0213136 -0.000978795 0.00187686 0.000802063 -0.000978795 0.0143291 -0.0177366 -0.000978795 0.00187686 -0.0177366 0.0431764 
0.00538002 -0.0107159 0.00075992 -0.00109951 -0.0107159 0.0434107 -0.00109951 0.0034342 0.00075992 -0.00109951 0.0139659 -0.0253402 -0.00109951 0.0034342 -0.0253402 0.0900222 
0.00520102 -0.0120829 0.000783319 -0.000876136 -0.0120829 0.0592322 -0.0008927 0.00263753 0.000783319 -0.0008927 0.0130677 -0.0234123 -0.000876136 0.00263753 -0.0234123 0.100622 
0.00511692 -0.0122643 0.000973642 -0.000928851 -0.0122643 0.0677535 -0.000950326 0.00214543 0.000973642 -0.000950326 0.0131715 -0.0223346 -0.000928851 0.00214543 -0.0223346 0.100479 
0.00515471 -0.0121015 0.00115285 -0.00117555 -0.0121015 0.0710654 -0.00119939 0.00249296 0.00115285 -0.00119939 0.0134981 -0.0225348 -0.00117555 0.00249296 -0.0225348 0.100882 
0.00519954 -0.0119493 0.00116484 -0.00130725 -0.0119493 0.0717295 -0.00133926 0.00288084 0.00116484 -0.00133926 0.0136577 -0.0228601 -0.00130725 0.00288084 -0.0228601 0.101653 
0.00524955 -0.0118984 0.0011008 -0.00132385 -0.0118984 0.0717129 -0.00135374 0.0031052 0.0011008 -0.00135374 0.0136908 -0.0229992 -0.00132385 0.0031052 -0.0229992 0.102161 
0.00525564 -0.0119192 0.0010038 -0.001198 -0.0119192 0.0716672 -0.00120825 0.00289941 0.0010038 -0.00120825 0.0137181 -0.0230149 -0.001198 0.00289941 -0.0230149 0.102335 
0.00526774 -0.0119229 0.000966716 -0.00107819 -0.0119229 0.0716163 -0.0010685 0.00256567 0.000966716 -0.0010685 0.0137187 -0.0230153 -0.00107819 0.00256567 -0.0230153 0.1023 
0.00525426 -0.0119528 0.000915699 -0.00102819 -0.0119528 0.071678 -0.00101692 0.00233067 0.000915699 -0.00101692 0.0137588 -0.0230313 -0.00102819 0.00233067 -0.0230313 0.102346 
0.00519047 -0.0119522 0.000875412 -0.000993102 -0.0119522 0.0717138 -0.000984815 0.00223003 0.000875412 -0.000984815 0.0138331 -0.0230752 -0.000993102 0.00223003 -0.0230752 0.102409 
0.00510717 -0.0118867 0.000846765 -0.000930515 -0.0118867 0.0716654 -0.000921469 0.00207258 0.000846765 -0.000921469 0.0139098 -0.0231857 -0.000930515 0.00207258 -0.0231857 0.102656 
0.0050632 -0.0117959 0.000886552 -0.000949971 -0.0117959 0.0715381 -0.000943623 0.00211021 0.000886552 -0.000943623 0.0139683 -0.0232978 -0.000949971 0.00211021 -0.0232978 0.102981 
0.00499555 -0.0117105 0.00084232 -0.00096644 -0.0117105 0.0712467 -0.000968274 0.00213143 0.00084232 -0.000968274 0.0140199 -0.0233409 -0.00096644 0.00213143 -0.0233409 0.103092 
0.00497113 -0.0116314 0.000797129 -0.000867331 -0.0116314 0.071062 -0.000868614 0.00193909 0.000797129 -0.000868614 0.0140377 -0.0234467 -0.000867331 0.00193909 -0.0234467 0.103406 
0.00493893 -0.0115819 0.000776863 -0.000822853 -0.0115819 0.07084 -0.000820162 0.00178987 0.000776863 -0.000820162 0.0140256 -0.0234412 -0.000822853 0.00178987 -0.0234412 0.10345 
0.00495111 -0.011545 0.000759891 -0.000821021 -0.011545 0.0707265 -0.000819337 0.00176035 0.000759891 -0.000819337 0.013992 -0.0234349 -0.000821021 0.00176035 -0.0234349 0.103474 
0.00496264 -0.0115557 0.000753465 -0.000827808 -0.0115557 0.0706999 -0.000825505 0.00179951 0.000753465 -0.000825505 0.0139717 -0.0233937 -0.000827808 0.00179951 -0.0233937 0.103422 
0.0049859 -0.0115644 0.000730461 -0.000813062 -0.0115644 0.0707029 -0.00080816 0.00178196 0.000730461 -0.00080816 0.0139492 -0.0233602 -0.000813062 0.00178196 -0.0233602 0.103331 
0.00495423 -0.011588 0.000707599 -0.000778861 -0.011588 0.0707223 -0.000770518 0.00170915 0.000707599 -0.000770518 0.0139564 -0.0233231 -0.000778861 0.00170915 -0.0233231 0.103217 
0.00491793 -0.0115544 0.000689478 -0.000765636 -0.0115544 0.0707083 -0.000756126 0.00167267 0.000689478 -0.000756126 0.0139788 -0.0233369 -0.000765636 0.00167267 -0.0233369 0.103211 
0.0048737 -0.011486 0.000661827 -0.000734618 -0.011486 0.0705179 -0.000725091 0.0015996 0.000661827 -0.000725091 0.0140073 -0.0233421 -0.000734618 0.0015996 -0.0233421 0.103163 
0.004957 -0.0114349 0.000692047 -0.000729025 -0.0114349 0.0703949 -0.000719869 0.00159497 0.000692047 -0.000719869 0.0139655 -0.0234056 -0.000729025 0.00159497 -0.0234056 0.103316 
0.00507166 -0.0115243 0.000724194 -0.000749442 -0.0115243 0.070426 -0.000747346 0.00161668 0.000724194 -0.000747346 0.0138688 -0.0233395 -0.000749442 0.00161668 -0.0233395 0.103233 
0.0050971 -0.0116962 0.000733662 -0.000786493 -0.0116962 0.0707904 -0.00079298 0.0016996 0.000733662 -0.00079298 0.0138624 -0.0232279 -0.000786493 0.0016996 -0.0232279 0.10303 
0.0051007 -0.0117493 0.000692504 -0.000752318 -0.0117493 0.0710687 -0.000761292 0.0016322 0.000692504 -0.000761292 0.0138518 -0.0232058 -0.000752318 0.0016322 -0.0232058 0.102879 
0.00509883 -0.0117645 0.000677903 -0.000723688 -0.0117645 0.0712251 -0.000727885 0.00157507 0.000677903 -0.000727885 0.0138521 -0.0232045 -0.000723688 0.00157507 -0.0232045 0.102864 
0.00505413 -0.0117558 0.000664355 -0.000712504 -0.0117558 0.0712484 -0.000712163 0.00153176 0.000664355 -0.000712163 0.0138734 -0.0231972 -0.000712504 0.00153176 -0.0231972 0.102827 
0.00499141 -0.0116898 0.000625909 -0.000687054 -0.0116898 0.0711258 -0.000685494 0.00146178 0.000625909 -0.000685494 0.0139033 -0.0232162 -0.000687054 0.00146178 -0.0232162 0.102823 
0.00493156 -0.0115993 0.000578405 -0.00066033 -0.0115993 0.0709096 -0.00065594 0.00141689 0.000578405 -0.00065594 0.0139526 -0.0232576 -0.00066033 0.00141689 -0.0232576 0.102898 
0.00486764 -0.0115264 0.000528926 -0.000622186 -0.0115264 0.0707474 -0.000611493 0.00135309 0.000528926 -0.000611493 0.0140436 -0.0233499 -0.000622186 0.00135309 -0.0233499 0.103162 
0.00478769 -0.0114233 0.000480516 -0.000550388 -0.0114233 0.0704267 -0.000532739 0.00119006 0.000480516 -0.000532739 0.014101 -0.0234264 -0.000550388 0.00119006 -0.0234264 0.103292 
0.00475523 -0.0113319 0.000439748 -0.000507132 -0.0113319 0.0702053 -0.000487717 0.00106961 0.000439748 -0.000487717 0.0141422 -0.023533 -0.000507132 0.00106961 -0.023533 0.103598 
0.00473594 -0.0112765 0.000415756 -0.000442542 -0.0112765 0.0699788 -0.000421788 0.000905043 0.000415756 -0.000421788 0.014152 -0.0235699 -0.000442542 0.000905043 -0.0235699 0.103737 
0.00475628 -0.0112553 0.00039076 -0.000406391 -0.0112553 0.0698776 -0.000387746 0.000775029 0.00039076 -0.000387746 0.0141503 -0.0235902 -0.000406391 0.000775029 -0.0235902 0.103841 
0.00477576 -0.0112804 0.000421013 -0.000401674 -0.0112804 0.0698635 -0.000386895 0.000757991 0.000421013 -0.000386895 0.0141482 -0.0235753 -0.000401674 0.000757991 -0.0235753 0.103816 
0.00480234 -0.0113272 0.000491276 -0.000443504 -0.0113272 0.0699868 -0.000438277 0.000838106 0.000491276 -0.000438277 0.0141458 -0.0235857 -0.000443504 0.000838106 -0.0235857 0.103852 
0.00485688 -0.0113838 0.000534732 -0.000522161 -0.0113838 0.0701984 -0.000533469 0.00101301 0.000534732 -0.000533469 0.0141195 -0.0236048 -0.000522161 0.00101301 -0.0236048 0.103955 
0.00488949 -0.0114501 0.000590965 -0.000619935 -0.0114501 0.0703335 -0.000638198 0.00131226 0.000590965 -0.000638198 0.0140826 -0.0235337 -0.000619935 0.00131226 -0.0235337 0.10378 
0.00490689 -0.0115256 0.000633198 -0.000694097 -0.0115256 0.0706344 -0.000710343 0.00154789 0.000633198 -0.000710343 0.0141097 -0.0235344 -0.000694097 0.00154789 -0.0235344 0.103831 
0.00494888 -0.0115377 0.000656926 -0.000704888 -0.0115377 0.0707125 -0.000716758 0.00159909 0.000656926 -0.000716758 0.0140753 -0.0235304 -0.000704888 0.00159909 -0.0235304 0.103755 
0.00499743 -0.0115942 0.000713808 -0.000742083 -0.0115942 0.070828 -0.000750007 0.0016725 0.000713808 -0.000750007 0.0140448 -0.0234947 -0.000742083 0.0016725 -0.0234947 0.103682 
0.0049777 -0.0116576 0.000718496 -0.000757181 -0.0116576 0.0709799 -0.000768927 0.00166259 0.000718496 -0.000768927 0.0140622 -0.0234551 -0.000757181 0.00166259 -0.0234551 0.103583 
0.00491785 -0.0116461 0.000700291 -0.000762665 -0.0116461 0.0710657 -0.000775856 0.00167196 0.000700291 -0.000775856 0.0141227 -0.0234868 -0.000762665 0.00167196 -0.0234868 0.10362 
0.00487585 -0.0115718 0.000682366 -0.000744784 -0.0115718 0.0709809 -0.000754214 0.00164601 0.000682366 -0.000754214 0.014175 -0.0235714 -0.000744784 0.00164601 -0.0235714 0.103803 
0.00486447 -0.0114917 0.000662259 -0.000726004 -0.0114917 0.0707166 -0.000729825 0.00159641 0.000662259 -0.000729825 0.0141684 -0.0236082 -0.000726004 0.00159641 -0.0236082 0.103856 
0.00487311 -0.0115049 0.000720528 -0.000767438 -0.0115049 0.0707375 -0.000765945 0.00171388 0.000720528 -0.000765945 0.0141874 -0.0236517 -0.000767438 0.00171388 -0.0236517 0.104078 
0.00486264 -0.0114982 0.00073569 -0.000790476 -0.0114982 0.070662 -0.000791574 0.0017431 0.00073569 -0.000791574 0.0141757 -0.0236336 -0.000790476 0.0017431 -0.0236336 0.104024 
0.00482557 -0.0114765 0.0007099 -0.000763919 -0.0114765 0.070589 -0.000768182 0.00166848 0.0007099 -0.000768182 0.0141838 -0.0236219 -0.000763919 0.00166848 -0.0236219 0.103985 
0.00480398 -0.011428 0.000631422 -0.000733809 -0.011428 0.070493 -0.000737943 0.00159201 0.000631422 -0.000737943 0.0141949 -0.0236416 -0.000733809 0.00159201 -0.0236416 0.104027 
0.00477322 -0.0113944 0.000590129 -0.000671198 -0.0113944 0.0703878 -0.000663545 0.00148491 0.000590129 -0.000663545 0.0142219 -0.0236557 -0.000671198 0.00148491 -0.0236557 0.104073 
0.00471376 -0.0113481 0.000576771 -0.000621935 -0.0113481 0.0702424 -0.00060363 0.00134142 0.000576771 -0.00060363 0.0142646 -0.023675 -0.000621935 0.00134142 -0.023675 0.104083 
0.00464788 -0.0112898 0.000562949 -0.000628967 -0.0112898 0.0701686 -0.000612641 0.00132366 0.000562949 -0.000612641 0.0143521 -0.0237653 -0.000628967 0.00132366 -0.0237653 0.10433 
0.00455906 -0.0111824 0.000516001 -0.000578297 -0.0111824 0.0698835 -0.000567244 0.00121458 0.000516001 -0.000567244 0.0144227 -0.0238444 -0.000578297 0.00121458 -0.0238444 0.104482 
0.00453405 -0.0110541 0.000498923 -0.000510359 -0.0110541 0.069519 -0.000499576 0.00104888 0.000498923 -0.000499576 0.0144333 -0.0239301 -0.000510359 0.00104888 -0.0239301 0.104663 
0.0045764 -0.0110187 0.000479512 -0.000471425 -0.0110187 0.0693334 -0.000465273 0.00090424 0.000479512 -0.000465273 0.0144087 -0.0239742 -0.000471425 0.00090424 -0.0239742 0.104884 
0.004622 -0.0110718 0.000453844 -0.000478383 -0.0110718 0.0693352 -0.000477126 0.000910172 0.000453844 -0.000477126 0.0143763 -0.0239277 -0.000478383 0.000910172 -0.0239277 0.104848 
0.00464334 -0.0111575 0.000439851 -0.000438944 -0.0111575 0.0695698 -0.000433569 0.000839402 0.000439851 -0.000433569 0.0143647 -0.0239102 -0.000438944 0.000839402 -0.0239102 0.104864 
0.00463448 -0.0111887 0.000385994 -0.000409314 -0.0111887 0.0697062 -0.000401116 0.000741887 0.000385994 -0.000401116 0.0143508 -0.0238687 -0.000409314 0.000741887 -0.0238687 0.104745 
0.0046412 -0.0111688 0.000349593 -0.000339493 -0.0111688 0.0696934 -0.000325449 0.000583563 0.000349593 -0.000325449 0.0143175 -0.0238333 -0.000339493 0.000583563 -0.0238333 0.104595 
0.00467366 -0.0111832 0.000391862 -0.000341575 -0.0111832 0.0697462 -0.000325276 0.000570963 0.000391862 -0.000325276 0.0142907 -0.0238143 -0.000341575 0.000570963 -0.0238143 0.104568 
0.00467301 -0.0112171 0.000439782 -0.000414103 -0.0112171 0.0697842 -0.000406112 0.000717922 0.000439782 -0.000406112 0.0142874 -0.0237622 -0.000414103 0.000717922 -0.0237622 0.104419 
0.00472785 -0.0112228 0.00047751 -0.000443104 -0.0112228 0.0698495 -0.00044624 0.000815606 0.00047751 -0.00044624 0.014255 -0.0237733 -0.000443104 0.000815606 -0.0237733 0.104417 
0.00477007 -0.0112831 0.000460196 -0.000481568 -0.0112831 0.0699308 -0.000492326 0.000915969 0.000460196 -0.000492326 0.0142382 -0.0237231 -0.000481568 0.000915969 -0.0237231 0.104314 
0.00476363 -0.0113604 0.000501844 -0.000518376 -0.0113604 0.07014 -0.00052581 0.00108104 0.000501844 -0.00052581 0.0142708 -0.0237075 -0.000518376 0.00108104 -0.0237075 0.104256 
0.00472959 -0.0113778 0.000560756 -0.000557568 -0.0113778 0.0703154 -0.000561796 0.00117805 0.000560756 -0.000561796 0.014341 -0.0237634 -0.000557568 0.00117805 -0.0237634 0.104362 
0.00471645 -0.0113365 0.000593127 -0.000587669 -0.0113365 0.0703096 -0.00059859 0.001222 0.000593127 -0.00059859 0.014372 -0.0238504 -0.000587669 0.001222 -0.0238504 0.104549 
0.00469841 -0.0113156 0.000617688 -0.000642256 -0.0113156 0.0702373 -0.000660781 0.00135817 0.000617688 -0.000660781 0.0143902 -0.0238838 -0.000642256 0.00135817 -0.0238838 0.104658 
0.00463917 -0.0112884 0.000577917 -0.000636724 -0.0112884 0.0701607 -0.000655321 0.00136263 0.000577917 -0.000655321 0.0144356 -0.0239096 -0.000636724 0.00136263 -0.0239096 0.104745 
0.00455489 -0.0112163 0.000520464 -0.000569187 -0.0112163 0.0700304 -0.000578625 0.00121933 0.000520464 -0.000578625 0.0145055 -0.0239783 -0.000569187 0.00121933 -0.0239783 0.104916 
0.00451327 -0.0110958 0.000481383 -0.000533637 -0.0110958 0.0697257 -0.000532392 0.00112548 0.000481383 -0.000532392 0.0145283 -0.0240426 -0.000533637 0.00112548 -0.0240426 0.105023 
0.00450727 -0.0110527 0.000431482 -0.000497162 -0.0110527 0.0696015 -0.000490174 0.00103474 0.000431482 -0.000490174 0.0145599 -0.024123 -0.000497162 0.00103474 -0.024123 0.105331 
0.00446065 -0.0110279 0.00042918 -0.000417571 -0.0110279 0.0694504 -0.000401346 0.000841308 0.00042918 -0.000401346 0.0145708 -0.0241273 -0.000417571 0.000841308 -0.0241273 0.105373 
0.00437697 -0.0109584 0.00040647 -0.000386176 -0.0109584 0.0692527 -0.000372542 0.000675845 0.00040647 -0.000372542 0.014608 -0.024124 -0.000386176 0.000675845 -0.024124 0.105334 
0.00437359 -0.0108561 0.000402809 -0.000398227 -0.0108561 0.069053 -0.000393201 0.000701486 0.000402809 -0.000393201 0.0146159 -0.0242006 -0.000398227 0.000701486 -0.0242006 0.10551 
0.00440118 -0.0108217 0.000422814 -0.000399338 -0.0108217 0.0688213 -0.000397919 0.000732692 0.000422814 -0.000397919 0.0145767 -0.0241878 -0.000399338 0.000732692 -0.0241878 0.105505 
0.00446716 -0.0108661 0.000425657 -0.000428866 -0.0108661 0.0688568 -0.000430603 0.000800309 0.000425657 -0.000430603 0.0145446 -0.0241645 -0.000428866 0.000800309 -0.0241645 0.105527 
0.00448081 -0.0109497 0.000369644 -0.000388849 -0.0109497 0.0690044 -0.000388538 0.000714388 0.000369644 -0.000388538 0.0145474 -0.0241131 -0.000388849 0.000714388 -0.0241131 0.105429 
0.004495 -0.0109916 0.000331788 -0.000346509 -0.0109916 0.0691918 -0.000340401 0.000634803 0.000331788 -0.000340401 0.0145551 -0.0241188 -0.000346509 0.000634803 -0.0241188 0.105407 
0.0045139 -0.0110043 0.000276595 -0.000289781 -0.0110043 0.069226 -0.000277773 0.000484073 0.000276595 -0.000277773 0.0145243 -0.0240952 -0.000289781 0.000484073 -0.0240952 0.105281 
0.00453364 -0.0110401 0.000293422 -0.000233682 -0.0110401 0.0693268 -0.000215172 0.000341841 0.000293422 -0.000215172 0.0144987 -0.0240721 -0.000233682 0.000341841 -0.0240721 0.105226 
0.00451622 -0.0110804 0.000283882 -0.000224086 -0.0110804 0.0694889 -0.000210815 0.000234478 0.000283882 -0.000210815 0.0145112 -0.0240608 -0.000224086 0.000234478 -0.0240608 0.105245 
0.0044466 -0.011049 0.000276129 -0.000236071 -0.011049 0.0694666 -0.000232204 0.000266798 0.000276129 -0.000232204 0.014545 -0.0240465 -0.000236071 0.000266798 -0.0240465 0.105153 
0.00441337 -0.0109626 0.000279928 -0.000239756 -0.0109626 0.0693492 -0.000239306 0.000309403 0.000279928 -0.000239306 0.0145768 -0.0241149 -0.000239756 0.000309403 -0.0241149 0.105292 
0.00442349 -0.0108975 0.000321862 -0.000283444 -0.0108975 0.0691233 -0.000285791 0.000442916 0.000321862 -0.000285791 0.0145674 -0.0241401 -0.000283444 0.000442916 -0.0241401 0.105349 
0.00442952 -0.0109006 0.000306927 -0.000295531 -0.0109006 0.0690256 -0.000300315 0.000472857 0.000306927 -0.000300315 0.0145675 -0.0241364 -0.000295531 0.000472857 -0.0241364 0.105384 
0.00442461 -0.0109209 0.000248311 -0.000247539 -0.0109209 0.0690769 -0.00025073 0.000375615 0.000248311 -0.00025073 0.0146013 -0.0241572 -0.000247539 0.000375615 -0.0241572 0.105487 
0.00444201 -0.0109082 0.000197193 -0.000158083 -0.0109082 0.0690418 -0.000153307 0.000158536 0.000197193 -0.000153307 0.0145869 -0.0241715 -0.000158083 0.000158536 -0.0241715 0.105486 
0.00443768 -0.0109328 0.000167486 -0.000121663 -0.0109328 0.069053 -0.000112377 3.08905e-05 0.000167486 -0.000112377 0.0145803 -0.0241488 -0.000121663 3.08905e-05 -0.0241488 0.105433 
0.00440276 -0.010953 0.000162004 -0.000111544 -0.010953 0.0691786 -0.000100421 -3.92222e-06 0.000162004 -0.000100421 0.0146257 -0.0241699 -0.000111544 -3.92222e-06 -0.0241699 0.105515 
0.00435029 -0.0109077 0.000172111 -0.000114101 -0.0109077 0.0691342 -0.000105671 4.65403e-06 0.000172111 -0.000105671 0.0146668 -0.0242066 -0.000114101 4.65403e-06 -0.0242066 0.105559 
0.00428815 -0.0108303 0.00017839 -0.00012448 -0.0108303 0.0689512 -0.000121941 3.46029e-05 0.00017839 -0.000121941 0.0147035 -0.0242505 -0.00012448 3.46029e-05 -0.0242505 0.105622 
0.0042966 -0.0107447 0.000193458 -0.000107476 -0.0107447 0.0687465 -0.000108937 -9.34343e-07 0.000193458 -0.000108937 0.0146937 -0.0243161 -0.000107476 -9.34343e-07 -0.0243161 0.105801 
0.00429303 -0.0107491 0.000211995 -0.000129427 -0.0107491 0.0686737 -0.000135864 2.81282e-05 0.000211995 -0.000135864 0.0147005 -0.0243212 -0.000129427 2.81282e-05 -0.0243212 0.105928 
0.00430174 -0.0107327 0.000212414 -0.000142779 -0.0107327 0.0685768 -0.000152905 6.17167e-05 0.000212414 -0.000152905 0.0146691 -0.0242975 -0.000142779 6.17167e-05 -0.0242975 0.105851 
0.00430853 -0.0107409 0.000178125 -0.000119347 -0.0107409 0.0685693 -0.000128182 8.91393e-06 0.000178125 -0.000128182 0.0146545 -0.0242742 -0.000119347 8.91393e-06 -0.0242742 0.105829 
0.0042989 -0.0107398 7.05231e-05 -6.10197e-05 -0.0107398 0.0685355 -6.63203e-05 -0.000129346 7.05231e-05 -6.63203e-05 0.0146455 -0.0242404 -6.10197e-05 -0.000129346 -0.0242404 0.105729 
0.00431277 -0.0107276 2.87903e-05 1.40522e-05 -0.0107276 0.0685014 2.41575e-05 -0.000257681 2.87903e-05 2.41575e-05 0.014618 -0.0242252 1.40522e-05 -0.000257681 -0.0242252 0.105653 
0.00431947 -0.0107568 6.55177e-05 3.98029e-05 -0.0107568 0.0685873 6.07955e-05 -0.000347657 6.55177e-05 6.07955e-05 0.014634 -0.0242198 3.98029e-05 -0.000347657 -0.0242198 0.105693 
0.004315 -0.0107521 7.04502e-05 -4.49882e-06 -0.0107521 0.068546 8.81915e-06 -0.00030148 7.04502e-05 8.81915e-06 0.0146238 -0.0241958 -4.49882e-06 -0.00030148 -0.0241958 0.105552 
0.0042713 -0.0107647 4.74133e-05 -6.68184e-06 -0.0107647 0.0686307 -2.60948e-06 -0.000253294 4.74133e-05 -2.60948e-06 0.0146857 -0.024227 -6.68184e-06 -0.000253294 -0.024227 0.105665 
0.00426238 -0.0106973 -1.26141e-05 5.60217e-05 -0.0106973 0.0685001 6.0494e-05 -0.000375451 -1.26141e-05 6.0494e-05 0.0146865 -0.0242713 5.60217e-05 -0.000375451 -0.0242713 0.105698 
0.00421941 -0.0106868 -0.000112463 0.000173766 -0.0106868 0.068448 0.000183506 -0.000678087 -0.000112463 0.000183506 0.0147307 -0.024301 0.000173766 -0.000678087 -0.024301 0.105844 
0.00419398 -0.0106191 -0.00012805 0.000255145 -0.0106191 0.0682615 0.00027194 -0.000893049 -0.00012805 0.00027194 0.0147311 -0.0243178 0.000255145 -0.000893049 -0.0243178 0.105817 
0.00414976 -0.0105896 -0.000107071 0.000235207 -0.0105896 0.0681601 0.000249193 -0.000899058 -0.000107071 0.000249193 0.0147791 -0.0243444 0.000235207 -0.000899058 -0.0243444 0.105904 
0.00412865 -0.0105376 -0.000106789 0.000234324 -0.0105376 0.0680568 0.000238075 -0.000901787 -0.000106789 0.000238075 0.014815 -0.0244109 0.000234324 -0.000901787 -0.0244109 0.106061 
0.00413514 -0.0105126 -0.000105596 0.000214557 -0.0105126 0.0679777 0.000211718 -0.000831444 -0.000105596 0.000211718 0.0148252 -0.0244647 0.000214557 -0.000831444 -0.0244647 0.10623 
0.00417059 -0.0105344 -4.1916e-05 0.00017576 -0.0105344 0.0680322 0.000171972 -0.000692562 -4.1916e-05 0.000171972 0.0148155 -0.0244979 0.00017576 -0.000692562 -0.0244979 0.106402 
0.00418911 -0.0105794 -5.80378e-05 0.000133012 -0.0105794 0.0681057 0.000125858 -0.000612701 -5.80378e-05 0.000125858 0.0148003 -0.0244619 0.000133012 -0.000612701 -0.0244619 0.106353 
0.00418925 -0.0106073 -7.9506e-05 0.000142368 -0.0106073 0.0681782 0.000137629 -0.000577273 -7.9506e-05 0.000137629 0.0147895 -0.024428 0.000142368 -0.000577273 -0.024428 0.106232 
0.00417595 -0.0106196 -9.03295e-05 0.000186976 -0.0106196 0.0682695 0.000190973 -0.000677421 -9.03295e-05 0.000190973 0.0148121 -0.0244332 0.000186976 -0.000677421 -0.0244332 0.106244 
0.00415038 -0.0106055 -4.0433e-05 0.000201973 -0.0106055 0.068289 0.000208647 -0.000755868 -4.0433e-05 0.000208647 0.0148342 -0.0244619 0.000201973 -0.000755868 -0.0244619 0.106304 
0.00415942 -0.0105643 -4.95855e-05 0.00017167 -0.0105643 0.0682018 0.000167345 -0.000761854 -4.95855e-05 0.000167345 0.0148066 -0.0244823 0.00017167 -0.000761854 -0.0244823 0.106342 
0.00417288 -0.0105605 -6.80789e-05 0.000177866 -0.0105605 0.0681192 0.000168806 -0.00074278 -6.80789e-05 0.000168806 0.0147675 -0.0244417 0.000177866 -0.00074278 -0.0244417 0.106277 
0.00416867 -0.0105776 -0.000148274 0.000193809 -0.0105776 0.0681448 0.000189092 -0.000762739 -0.000148274 0.000189092 0.0147685 -0.0244066 0.000193809 -0.000762739 -0.0244066 0.106229 
0.00415026 -0.0105642 -0.000142105 0.000258928 -0.0105642 0.0681009 0.000268465 -0.000853522 -0.000142105 0.000268465 0.014768 -0.0243868 0.000258928 -0.000853522 -0.0243868 0.10612 
0.00415598 -0.0105346 -8.56702e-05 0.00024296 -0.0105346 0.0680187 0.000255895 -0.000879129 -8.56702e-05 0.000255895 0.014762 -0.0243846 0.00024296 -0.000879129 -0.0243846 0.106071 
0.00418603 -0.0105476 -9.638e-05 0.000189527 -0.0105476 0.0680522 0.000190663 -0.000796829 -9.638e-05 0.000190663 0.0147604 -0.0244099 0.000189527 -0.000796829 -0.0244099 0.10618 
0.00421166 -0.0105747 -0.000105436 0.000202438 -0.0105747 0.0680517 0.000199945 -0.00076266 -0.000105436 0.000199945 0.0147365 -0.0243745 0.000202438 -0.00076266 -0.0243745 0.10608 
0.00420814 -0.0106134 -0.0001675 0.00022678 -0.0106134 0.0681175 0.000227229 -0.000817977 -0.0001675 0.000227229 0.0147386 -0.0243393 0.00022678 -0.000817977 -0.0243393 0.105969 
0.00418082 -0.0106331 -0.000273851 0.000319172 -0.0106331 0.0682569 0.000329424 -0.00101979 -0.000273851 0.000329424 0.0147834 -0.0243723 0.000319172 -0.00101979 -0.0243723 0.10606 
0.00413928 -0.0105909 -0.000275056 0.000389155 -0.0105909 0.0681973 0.000412479 -0.001165 -0.000275056 0.000412479 0.0148238 -0.0244002 0.000389155 -0.001165 -0.0244002 0.106061 
0.00409365 -0.0105446 -0.000213766 0.000383843 -0.0105446 0.068119 0.000407157 -0.00121414 -0.000213766 0.000407157 0.0148676 -0.024471 0.000383843 -0.00121414 -0.024471 0.106222 
0.00406238 -0.0104866 -0.000175858 0.000357185 -0.0104866 0.0679917 0.000365546 -0.00122091 -0.000175858 0.000365546 0.0148894 -0.0245272 0.000357185 -0.00122091 -0.0245272 0.106386 
0.00401393 -0.0104474 -0.000152529 0.000311112 -0.0104474 0.0679004 0.000302329 -0.00111421 -0.000152529 0.000302329 0.0149458 -0.0245748 0.000311112 -0.00111421 -0.0245748 0.106576 
0.00399076 -0.0103688 -0.000139802 0.000277027 -0.0103688 0.0676763 0.000260621 -0.000994238 -0.000139802 0.000260621 0.0149556 -0.0246156 0.000277027 -0.000994238 -0.0246156 0.106636 
0.00399185 -0.0103351 -7.10838e-05 0.000231741 -0.0103351 0.0675302 0.000216647 -0.000844684 -7.10838e-05 0.000216647 0.0149491 -0.0246434 0.000231741 -0.000844684 -0.0246434 0.106739 
0.00401811 -0.0103356 1.81065e-05 0.000164667 -0.0103356 0.0674785 0.00014777 -0.000704064 1.81065e-05 0.00014777 0.0149296 -0.0246383 0.000164667 -0.000704064 -0.0246383 0.106778 
0.0040416 -0.0103687 6.359e-05 6.29551e-05 -0.0103687 0.0675188 3.70958e-05 -0.000481604 6.359e-05 3.70958e-05 0.0149222 -0.0246151 6.29551e-05 -0.000481604 -0.0246151 0.106755 
0.00404939 -0.0103993 3.71131e-05 1.81043e-06 -0.0103993 0.0675718 -2.56812e-05 -0.000274093 3.71131e-05 -2.56812e-05 0.014919 -0.0245903 1.81043e-06 -0.000274093 -0.0245903 0.106666 
0.00402361 -0.0104182 -9.03208e-05 9.26959e-05 -0.0104182 0.0676594 7.7478e-05 -0.000425366 -9.03208e-05 7.7478e-05 0.0149482 -0.024603 9.26959e-05 -0.000425366 -0.024603 0.106707 
0.0039717 -0.0103853 -0.000173663 0.000224399 -0.0103853 0.067617 0.000232679 -0.000713355 -0.000173663 0.000232679 0.0149857 -0.0246218 0.000224399 -0.000713355 -0.0246218 0.106706 
0.00399086 -0.0103275 -0.000188378 0.000306778 -0.0103275 0.0675509 0.000328879 -0.000973049 -0.000188378 0.000328879 0.0149879 -0.0246942 0.000306778 -0.000973049 -0.0246942 0.106891 
0.00405016 -0.0103347 -0.000168716 0.000298748 -0.0103347 0.0674615 0.000320223 -0.00103022 -0.000168716 0.000320223 0.0149252 -0.024672 0.000298748 -0.00103022 -0.024672 0.106862 
0.00408986 -0.0104336 -0.000110849 0.00026102 -0.0104336 0.0676763 0.000274832 -0.000949003 -0.000110849 0.000274832 0.0149186 -0.024631 0.00026102 -0.000949003 -0.024631 0.106873 
0.00411001 -0.0104944 -9.21345e-05 0.00020714 -0.0104944 0.0678756 0.000209801 -0.000831941 -9.21345e-05 0.000209801 0.0148945 -0.0245981 0.00020714 -0.000831941 -0.0245981 0.106764 
0.00410519 -0.0105156 -8.33827e-05 0.000202109 -0.0105156 0.0679455 0.000199207 -0.000783011 -8.33827e-05 0.000199207 0.0148605 -0.0245412 0.000202109 -0.000783011 -0.0245412 0.106565 
0.00411562 -0.0105071 -4.27818e-05 0.000194773 -0.0105071 0.0679706 0.0001916 -0.000761441 -4.27818e-05 0.0001916 0.0148374 -0.0245107 0.000194773 -0.000761441 -0.0245107 0.106464 
0.00412466 -0.0105072 -2.44035e-05 0.000157279 -0.0105072 0.0679474 0.000149365 -0.000707446 -2.44035e-05 0.000149365 0.0148149 -0.0244789 0.000157279 -0.000707446 -0.0244789 0.106366 
0.00416676 -0.0105215 -3.77209e-06 0.000116237 -0.0105215 0.0679999 0.000105159 -0.00058763 -3.77209e-06 0.000105159 0.0148052 -0.0244742 0.000116237 -0.00058763 -0.0244742 0.106385 
0.0041797 -0.0105646 5.43755e-06 7.33269e-05 -0.0105646 0.0680339 6.35554e-05 -0.000454209 5.43755e-06 6.35554e-05 0.0148196 -0.0244346 7.33269e-05 -0.000454209 -0.0244346 0.106259 
0.00421284 -0.0106048 -4.19804e-05 5.97785e-05 -0.0106048 0.0681818 5.24073e-05 -0.000383474 -4.19804e-05 5.24073e-05 0.0148391 -0.0244757 5.97785e-05 -0.000383474 -0.0244757 0.106332 
0.00419751 -0.0106558 -0.000147645 0.000170671 -0.0106558 0.068314 0.000175305 -0.000609716 -0.000147645 0.000175305 0.0148672 -0.0244867 0.000170671 -0.000609716 -0.0244867 0.106361 
0.00414763 -0.0106538 -0.000183198 0.000280913 -0.0106538 0.0683757 0.000300195 -0.00088572 -0.000183198 0.000300195 0.0148895 -0.0245106 0.000280913 -0.00088572 -0.0245106 0.10637 
0.00413215 -0.0106092 -0.000202783 0.000344032 -0.0106092 0.0684032 0.000366322 -0.00113391 -0.000202783 0.000366322 0.0148963 -0.0245739 0.000344032 -0.00113391 -0.0245739 0.106569 
0.00405931 -0.0105689 -0.000276734 0.000399152 -0.0105689 0.0682857 0.000413431 -0.00133356 -0.000276734 0.000413431 0.0149343 -0.0245608 0.000399152 -0.00133356 -0.0245608 0.106583 
0.00405429 -0.0104653 -0.000303228 0.000463415 -0.0104653 0.0680633 0.000475287 -0.00146946 -0.000303228 0.000475287 0.0149265 -0.0246063 0.000463415 -0.00146946 -0.0246063 0.106645 
0.00405521 -0.0104454 -0.00025263 0.000449759 -0.0104454 0.0679321 0.000459992 -0.00144837 -0.00025263 0.000459992 0.0149321 -0.0246212 0.000449759 -0.00144837 -0.0246212 0.10675 
0.00407787 -0.0104365 -0.000164396 0.000382942 -0.0104365 0.06782 0.000383856 -0.00130996 -0.000164396 0.000383856 0.0148929 -0.0245999 0.000382942 -0.00130996 -0.0245999 0.10668 
