0.00963547 0 0.00371261 0 0 0.00997961 0 0 0.00371261 0 0.00638511 0 0 0 0 0.00997961 
0.0134571 -0.0166781 0.00527362 -0.00646229 -0.0166781 0.0411428 -0.00646229 0.0123915 0.00527362 -0.00646229 0.00913203 -0.0113989 -0.00646229 0.0123915 -0.0113989 0.0310197 
0.0132414 -0.0243399 0.00469018 -0.00760477 -0.0243399 0.0869154 -0.00760477 0.024042 0.00469018 -0.00760477 0.00948527 -0.0184362 -0.00760477 0.024042 -0.0184362 0.0683964 
0.0123811 -0.0228573 0.00413066 -0.00551448 -0.0228573 0.0991016 -0.00550991 0.0191459 0.00413066 -0.00550991 0.00899166 -0.0187088 -0.00551448 0.0191459 -0.0187088 0.0854281 
0.012368 -0.0216255 0.00425009 -0.00496572 -0.0216255 0.0989366 -0.00495476 0.015074 0.00425009 -0.00495476 0.00880633 -0.017797 -0.00496572 0.015074 -0.017797 0.0884656 
0.0126458 -0.0215515 0.00443038 -0.00524766 -0.0215515 0.0985265 -0.0052331 0.0142355 0.00443038 -0.0052331 0.00882716 -0.0173933 -0.00524766 0.0142355 -0.0173933 0.0882733 
0.0128308 -0.0218002 0.00453386 -0.00554035 -0.0218002 0.0988896 -0.00553144 0.0146309 0.00453386 -0.00553144 0.00882038 -0.0173258 -0.00554035 0.0146309 -0.0173258 0.0879976 
0.0128768 -0.0219949 0.00458679 -0.00567039 -0.0219949 0.0994389 -0.00567538 0.0150213 0.00458679 -0.00567538 0.00882735 -0.0172863 -0.00567039 0.0150213 -0.0172863 0.0878989 
0.0129164 -0.0220506 0.00455448 -0.0057101 -0.0220506 0.0997481 -0.00572182 0.0151776 0.00455448 -0.00572182 0.00887043 -0.0172722 -0.0057101 0.0151776 -0.0172722 0.0878318 
0.0129612 -0.0220703 0.0045116 -0.0056766 -0.0220703 0.099814 -0.00568885 0.0151874 0.0045116 -0.00568885 0.00884274 -0.0173052 -0.0056766 0.0151874 -0.0173052 0.0878105 
0.0129709 -0.0221512 0.00449365 -0.0056087 -0.0221512 0.100009 -0.00562166 0.0150465 0.00449365 -0.00562166 0.00888811 -0.0172957 -0.0056087 0.0150465 -0.0172957 0.0878478 
0.0129897 -0.0221653 0.00447228 -0.00557245 -0.0221653 0.100103 -0.00558198 0.0149032 0.00447228 -0.00558198 0.00892534 -0.0173496 -0.00557245 0.0149032 -0.0173496 0.0879208 
0.0129537 -0.022184 0.00447992 -0.00555036 -0.022184 0.100148 -0.00555721 0.0148214 0.00447992 -0.00555721 0.00898141 -0.0174036 -0.00555036 0.0148214 -0.0174036 0.0880521 
0.0128905 -0.0221305 0.00451833 -0.00556348 -0.0221305 0.100062 -0.00556475 0.014813 0.00451833 -0.00556475 0.00897967 -0.0174674 -0.00556348 0.014813 -0.0174674 0.0881822 
0.0127833 -0.0220754 0.00460348 -0.0056192 -0.0220754 0.100002 -0.00561287 0.0148986 0.00460348 -0.00561287 0.00903021 -0.0174875 -0.0056192 0.0148986 -0.0174875 0.0883445 
0.0126717 -0.0219268 0.00464902 -0.00570033 -0.0219268 0.0996575 -0.00568515 0.0150171 0.00464902 -0.00568515 0.00912839 -0.0175188 -0.00570033 0.0150171 -0.0175188 0.0883585 
0.0126209 -0.0218027 0.004696 -0.00578466 -0.0218027 0.0993674 -0.0057627 0.0152399 0.004696 -0.0057627 0.00916947 -0.0176484 -0.00578466 0.0152399 -0.0176484 0.0886223 
0.0126286 -0.021739 0.00469201 -0.00583108 -0.021739 0.0991392 -0.00581342 0.015388 0.00469201 -0.00581342 0.00915992 -0.0176926 -0.00583108 0.015388 -0.0176926 0.0887971 
0.0126115 -0.0217517 0.00468157 -0.00580748 -0.0217517 0.0990642 -0.00579763 0.0153888 0.00468157 -0.00579763 0.00921811 -0.0176717 -0.00580748 0.0153888 -0.0176717 0.0887915 
0.0126597 -0.021801 0.00460634 -0.00576932 -0.021801 0.099272 -0.00576431 0.0152808 0.00460634 -0.00576431 0.00942248 -0.0177777 -0.00576932 0.0152808 -0.0177777 0.0890502 
0.0126861 -0.0217948 0.00457269 -0.00569131 -0.0217948 0.0991973 -0.00568716 0.0151545 0.00457269 -0.00568716 0.00945794 -0.0179953 -0.00569131 0.0151545 -0.0179953 0.0893868 
0.0126528 -0.0218449 0.0046058 -0.00564875 -0.0218449 0.0992904 -0.00565039 0.0150334 0.0046058 -0.00565039 0.00946454 -0.0180645 -0.00564875 0.0150334 -0.0180645 0.0897168 
0.0127224 -0.0218156 0.00458808 -0.00567343 -0.0218156 0.0993015 -0.0056804 0.0150093 0.00458808 -0.0056804 0.0093512 -0.0180626 -0.00567343 0.0150093 -0.0180626 0.089799 
0.0127685 -0.021916 0.00460181 -0.00567009 -0.021916 0.0995151 -0.0056835 0.0150449 0.00460181 -0.0056835 0.00924042 -0.0179392 -0.00567009 0.0150449 -0.0179392 0.0896825 
0.0126873 -0.0219243 0.00464147 -0.0056759 -0.0219243 0.0995014 -0.00569195 0.0150529 0.00464147 -0.00569195 0.00922649 -0.0177575 -0.0056759 0.0150529 -0.0177575 0.089185 
0.0125977 -0.0218479 0.00471709 -0.00575588 -0.0218479 0.0994569 -0.00576042 0.0152079 0.00471709 -0.00576042 0.00925048 -0.017751 -0.00575588 0.0152079 -0.017751 0.0890363 
0.0125097 -0.0217193 0.00477863 -0.00584778 -0.0217193 0.0991592 -0.00584167 0.0154068 0.00477863 -0.00584167 0.00925818 -0.0177648 -0.00584778 0.0154068 -0.0177648 0.0889835 
0.0124978 -0.0216317 0.00480016 -0.00592843 -0.0216317 0.0989443 -0.00591797 0.0156146 0.00480016 -0.00591797 0.00922782 -0.0177811 -0.00592843 0.0156146 -0.0177811 0.0890402 
0.012506 -0.0215987 0.00477596 -0.00594485 -0.0215987 0.0987559 -0.00593471 0.0157067 0.00477596 -0.00593471 0.00921321 -0.0177262 -0.00594485 0.0157067 -0.0177262 0.0889231 
0.012512 -0.021613 0.00478659 -0.00593926 -0.021613 0.098761 -0.00593122 0.0157643 0.00478659 -0.00593122 0.00917637 -0.0177192 -0.00593926 0.0157643 -0.0177192 0.0888983 
0.0125095 -0.0215899 0.00479588 -0.00594961 -0.0215899 0.0986629 -0.00594134 0.0157914 0.00479588 -0.00594134 0.00912637 -0.0176622 -0.00594961 0.0157914 -0.0176622 0.0887561 
0.0125447 -0.0216032 0.00478047 -0.00595788 -0.0216032 0.0986781 -0.00595313 0.0158118 0.00478047 -0.00595313 0.00910899 -0.0176088 -0.00595788 0.0158118 -0.0176088 0.0886488 
0.012557 -0.0216185 0.00480268 -0.00595429 -0.0216185 0.0986529 -0.00595528 0.0158537 0.00480268 -0.00595528 0.00902331 -0.0175671 -0.00595429 0.0158537 -0.0175671 0.0884884 
0.0125416 -0.0216563 0.00483859 -0.00596683 -0.0216563 0.0987477 -0.00597561 0.0158696 0.00483859 -0.00597561 0.00898767 -0.0174677 -0.00596683 0.0158696 -0.0174677 0.0882973 
0.0125368 -0.0216643 0.00487129 -0.00601765 -0.0216643 0.0988717 -0.00603026 0.0159736 0.00487129 -0.00603026 0.00897563 -0.0174227 -0.00601765 0.0159736 -0.0174227 0.0881791 
0.0125125 -0.0216256 0.00488635 -0.00604578 -0.0216256 0.0987519 -0.00605767 0.0160483 0.00488635 -0.00605767 0.00895137 -0.0173671 -0.00604578 0.0160483 -0.0173671 0.0879354 
0.0125205 -0.0216418 0.00489756 -0.00607609 -0.0216418 0.0988469 -0.00608723 0.0161341 0.00489756 -0.00608723 0.00897057 -0.0173633 -0.00607609 0.0161341 -0.0173633 0.0879305 
0.0124915 -0.0216449 0.00490021 -0.00608047 -0.0216449 0.0988678 -0.00609034 0.0161574 0.00490021 -0.00609034 0.00903375 -0.0173729 -0.00608047 0.0161574 -0.0173729 0.0879124 
0.01244 -0.0215749 0.00493336 -0.00610221 -0.0215749 0.0986919 -0.00610632 0.0162248 0.00493336 -0.00610632 0.00899197 -0.0174213 -0.00610221 0.0162248 -0.0174213 0.0879053 
0.012431 -0.0215373 0.00494579 -0.00613996 -0.0215373 0.0986277 -0.00613782 0.0162874 0.00494579 -0.00613782 0.00898476 -0.0173997 -0.00613996 0.0162874 -0.0173997 0.0879557 
0.0124119 -0.0215022 0.00495152 -0.00616113 -0.0215022 0.0984916 -0.00615465 0.016352 0.00495152 -0.00615465 0.00898665 -0.0173718 -0.00616113 0.016352 -0.0173718 0.0878729 
0.0124048 -0.0215031 0.00494072 -0.00617088 -0.0215031 0.0985035 -0.00616345 0.016393 0.00494072 -0.00616345 0.00905119 -0.0173918 -0.00617088 0.016393 -0.0173918 0.0879283 
0.0123265 -0.0214472 0.00497023 -0.00616689 -0.0214472 0.0983146 -0.00615817 0.0164217 0.00497023 -0.00615817 0.00907541 -0.0174411 -0.00616689 0.0164217 -0.0174411 0.0879351 
0.0123208 -0.0213657 0.00497969 -0.00621383 -0.0213657 0.098159 -0.00619967 0.0165056 0.00497969 -0.00619967 0.00903541 -0.0174913 -0.00621383 0.0165056 -0.0174913 0.0880846 
0.0122702 -0.0213293 0.0050126 -0.00622516 -0.0213293 0.0979666 -0.00620991 0.0165608 0.0050126 -0.00620991 0.00897825 -0.0174328 -0.00622516 0.0165608 -0.0174328 0.0880137 
0.0122533 -0.0212953 0.00504256 -0.00626723 -0.0212953 0.0979232 -0.00625219 0.0166396 0.00504256 -0.00625219 0.00895522 -0.0173816 -0.00626723 0.0166396 -0.0173816 0.0879633 
0.0122372 -0.0212313 0.00504981 -0.00630591 -0.0212313 0.0976933 -0.00629238 0.0167432 0.00504981 -0.00629238 0.00889247 -0.0173179 -0.00630591 0.0167432 -0.0173179 0.0877482 
0.0123191 -0.021231 0.00502889 -0.0063323 -0.021231 0.0976714 -0.00632358 0.0168549 0.00502889 -0.00632358 0.00877976 -0.017257 -0.0063323 0.0168549 -0.017257 0.0876347 
0.0123245 -0.0212955 0.00504968 -0.0063162 -0.0212955 0.0977022 -0.00631702 0.0169019 0.00504968 -0.00631702 0.00868946 -0.0171023 -0.0063162 0.0169019 -0.0171023 0.0872973 
0.0122728 -0.0213106 0.00510249 -0.00634197 -0.0213106 0.0977755 -0.00634915 0.0169579 0.00510249 -0.00634915 0.00867329 -0.0169799 -0.00634197 0.0169579 -0.0169799 0.0869556 
0.012259 -0.0212576 0.0051184 -0.00639527 -0.0212576 0.0977146 -0.00639968 0.0170454 0.0051184 -0.00639968 0.00867438 -0.0169399 -0.00639527 0.0170454 -0.0169399 0.0867311 
0.0122593 -0.0212593 0.00513966 -0.00643059 -0.0212593 0.0977307 -0.00643397 0.0171643 0.00513966 -0.00643397 0.00867971 -0.0169504 -0.00643059 0.0171643 -0.0169504 0.086722 
0.0123449 -0.0212393 0.00510787 -0.0064532 -0.0212393 0.0976599 -0.00645826 0.0172417 0.00510787 -0.00645826 0.0085609 -0.0169365 -0.0064532 0.0172417 -0.0169365 0.0866496 
0.0123655 -0.0213417 0.00511673 -0.00641615 -0.0213417 0.0977952 -0.00643081 0.0172285 0.00511673 -0.00643081 0.0084999 -0.0167907 -0.00641615 0.0172285 -0.0167907 0.0863966 
0.0123551 -0.0213579 0.00512712 -0.00642113 -0.0213579 0.0978586 -0.00644008 0.0172203 0.00512712 -0.00644008 0.00843772 -0.016688 -0.00642113 0.0172203 -0.016688 0.0860407 
0.0123728 -0.0213839 0.00513368 -0.00645291 -0.0213839 0.0980304 -0.00646848 0.017285 0.00513368 -0.00646848 0.00842561 -0.0166335 -0.00645291 0.017285 -0.0166335 0.085912 
0.0123512 -0.0213872 0.00514089 -0.0064596 -0.0213872 0.0980512 -0.00646813 0.0173118 0.00514089 -0.00646813 0.00845815 -0.0166015 -0.0064596 0.0173118 -0.0166015 0.0857705 
0.0122624 -0.0213495 0.00516952 -0.00646266 -0.0213495 0.0979584 -0.0064642 0.0173115 0.00516952 -0.0064642 0.00856904 -0.0166312 -0.00646266 0.0173115 -0.0166312 0.0857328 
0.0121667 -0.0212524 0.00521004 -0.00650646 -0.0212524 0.0977935 -0.00649798 0.0173777 0.00521004 -0.00649798 0.00870074 -0.0167791 -0.00650646 0.0173777 -0.0167791 0.085992 
0.012113 -0.0211235 0.0052254 -0.00655545 -0.0211235 0.0974762 -0.0065371 0.0174748 0.0052254 -0.0065371 0.00876709 -0.0169375 -0.00655545 0.0174748 -0.0169375 0.0863412 
0.0120849 -0.0210705 0.00522282 -0.00656703 -0.0210705 0.0972822 -0.00655025 0.0175215 0.00522282 -0.00655025 0.00883067 -0.0170294 -0.00656703 0.0175215 -0.0170294 0.0866526 
0.0121188 -0.0210452 0.00520483 -0.00655966 -0.0210452 0.0972017 -0.0065457 0.0175221 0.00520483 -0.0065457 0.00879873 -0.0171138 -0.00655966 0.0175221 -0.0171138 0.0869094 
0.0121137 -0.0210809 0.005221 -0.00654132 -0.0210809 0.0972299 -0.00653343 0.0175021 0.005221 -0.00653343 0.00876518 -0.0170829 -0.00654132 0.0175021 -0.0170829 0.0869756 
0.0121088 -0.0210832 0.00525087 -0.00655861 -0.0210832 0.0972858 -0.00655547 0.0175194 0.00525087 -0.00655547 0.0087369 -0.0170434 -0.00655861 0.0175194 -0.0170434 0.0869374 
0.0120219 -0.0210756 0.00528459 -0.00658841 -0.0210756 0.0972789 -0.00658952 0.0175741 0.00528459 -0.00658952 0.008828 -0.0169955 -0.00658841 0.0175741 -0.0169955 0.0868249 
0.0119253 -0.0209447 0.00532811 -0.00664153 -0.0209447 0.0970061 -0.00663506 0.0176959 0.00532811 -0.00663506 0.00887069 -0.0170753 -0.00664153 0.0176959 -0.0170753 0.086822 
0.0118814 -0.0208517 0.00534123 -0.00669574 -0.0208517 0.0967914 -0.00668338 0.0178155 0.00534123 -0.00668338 0.00894697 -0.0171468 -0.00669574 0.0178155 -0.0171468 0.0870153 
0.0119307 -0.020787 0.00534534 -0.00672467 -0.020787 0.096592 -0.00671041 0.0179336 0.00534534 -0.00671041 0.00886695 -0.017234 -0.00672467 0.0179336 -0.017234 0.0872177 
0.0120177 -0.0208265 0.00532606 -0.00672541 -0.0208265 0.0965306 -0.00672321 0.0179892 0.00532606 -0.00672321 0.00868954 -0.0171234 -0.00672541 0.0179892 -0.0171234 0.0870906 
0.0120304 -0.0209443 0.00535138 -0.00671761 -0.0209443 0.0967726 -0.00673154 0.0180362 0.00535138 -0.00673154 0.00858535 -0.0169079 -0.00671761 0.0180362 -0.0169079 0.0867042 
0.0120174 -0.0209354 0.00536056 -0.00673986 -0.0209354 0.0967966 -0.00675488 0.0180703 0.00536056 -0.00675488 0.00850807 -0.0167421 -0.00673986 0.0180703 -0.0167421 0.0861718 
0.0120206 -0.0209219 0.00536075 -0.00677041 -0.0209219 0.0967905 -0.00677632 0.0181479 0.00536075 -0.00677632 0.00848751 -0.0166494 -0.00677041 0.0181479 -0.0166494 0.0858538 
0.0119687 -0.0209087 0.00537602 -0.00677462 -0.0209087 0.096722 -0.00677519 0.0181884 0.00537602 -0.00677519 0.00850886 -0.0166137 -0.00677462 0.0181884 -0.0166137 0.0856557 
0.0119748 -0.0208555 0.00536188 -0.00678908 -0.0208555 0.0966201 -0.00678139 0.0182 0.00536188 -0.00678139 0.00853017 -0.0166408 -0.00678908 0.0182 -0.0166408 0.0856366 
0.0120052 -0.0208789 0.00535995 -0.00678613 -0.0208789 0.0966699 -0.00677724 0.0182199 0.00535995 -0.00677724 0.00855987 -0.0166937 -0.00678613 0.0182199 -0.0166937 0.0858067 
0.0120273 -0.020884 0.00534303 -0.00676492 -0.020884 0.0966013 -0.00676234 0.0181804 0.00534303 -0.00676234 0.00854361 -0.0167065 -0.00676492 0.0181804 -0.0167065 0.0858064 
0.0120513 -0.0209717 0.0053268 -0.00673881 -0.0209717 0.0968651 -0.00674419 0.0181171 0.0053268 -0.00674419 0.00860593 -0.0167218 -0.00673881 0.0181171 -0.0167218 0.0859471 
0.0120042 -0.0209496 0.00533145 -0.00671177 -0.0209496 0.0968021 -0.0067179 0.0180493 0.00533145 -0.0067179 0.00861929 -0.0167616 -0.00671177 0.0180493 -0.0167616 0.0859261 
0.0119514 -0.0209011 0.00538613 -0.00673471 -0.0209011 0.0967394 -0.00673526 0.0180738 0.00538613 -0.00673526 0.00859934 -0.0167988 -0.00673471 0.0180738 -0.0167988 0.0860422 
0.0119456 -0.0208328 0.00541158 -0.00680575 -0.0208328 0.096594 -0.00680237 0.0181965 0.00541158 -0.00680237 0.00853033 -0.0167699 -0.00680575 0.0181965 -0.0167699 0.0860411 
0.0119684 -0.020809 0.00541964 -0.00685382 -0.020809 0.0964697 -0.00685326 0.0183574 0.00541964 -0.00685326 0.00841713 -0.0166658 -0.00685382 0.0183574 -0.0166658 0.0858347 
0.0120431 -0.0208658 0.00541557 -0.0068668 -0.0208658 0.0965957 -0.00687212 0.018445 0.00541557 -0.00687212 0.00832453 -0.0165311 -0.0068668 0.018445 -0.0165311 0.0855803 
0.0120222 -0.0209194 0.00542512 -0.00685594 -0.0209194 0.0966415 -0.00686792 0.0184639 0.00542512 -0.00686792 0.00829892 -0.016379 -0.00685594 0.0184639 -0.016379 0.0851296 
0.0119894 -0.0209376 0.00540942 -0.00685618 -0.0209376 0.0967755 -0.00686736 0.018441 0.00540942 -0.00686736 0.00840703 -0.0163463 -0.00685618 0.018441 -0.0163463 0.0849282 
0.0120242 -0.0208802 0.00538611 -0.00686524 -0.0208802 0.0967158 -0.00686261 0.0184784 0.00538611 -0.00686261 0.00840301 -0.0164885 -0.00686524 0.0184784 -0.0164885 0.0850988 
0.0120311 -0.0209098 0.00537318 -0.0068235 -0.0209098 0.0966933 -0.00681747 0.0184025 0.00537318 -0.00681747 0.00841829 -0.0165031 -0.0068235 0.0184025 -0.0165031 0.0852354 
0.0120693 -0.0209023 0.00536146 -0.00681116 -0.0209023 0.0966496 -0.00680716 0.0183552 0.00536146 -0.00680716 0.00834116 -0.0165169 -0.00681116 0.0183552 -0.0165169 0.0852724 
0.0121227 -0.0209513 0.00536224 -0.00679816 -0.0209513 0.0967177 -0.00680232 0.0183316 0.00536224 -0.00680232 0.00822745 -0.0164291 -0.00679816 0.0183316 -0.0164291 0.0851678 
0.0121337 -0.0210283 0.00537937 -0.00680497 -0.0210283 0.0969103 -0.00682007 0.0183557 0.00537937 -0.00682007 0.00815497 -0.0162843 -0.00680497 0.0183557 -0.0162843 0.0848994 
0.0120806 -0.0210501 0.00540411 -0.00681924 -0.0210501 0.0970363 -0.00683633 0.0183794 0.00540411 -0.00683633 0.00819122 -0.0161704 -0.00681924 0.0183794 -0.0161704 0.0845648 
0.0119847 -0.020957 0.00544341 -0.00685772 -0.020957 0.096859 -0.00686147 0.0184478 0.00544341 -0.00686147 0.00825422 -0.0161852 -0.00685772 0.0184478 -0.0161852 0.0843789 
0.011961 -0.0208425 0.00543655 -0.00691894 -0.0208425 0.096602 -0.00690849 0.0185714 0.00543655 -0.00690849 0.00828307 -0.0162713 -0.00691894 0.0185714 -0.0162713 0.0844869 
0.0119791 -0.0208121 0.00541464 -0.00691726 -0.0208121 0.0964493 -0.00690143 0.0186212 0.00541464 -0.00690143 0.00828161 -0.0163182 -0.00691726 0.0186212 -0.0163182 0.0846431 
0.0120191 -0.0208565 0.00538848 -0.00688983 -0.0208565 0.0965338 -0.00687729 0.0185931 0.00538848 -0.00687729 0.0082886 -0.0163416 -0.00688983 0.0185931 -0.0163416 0.0848079 
0.0120532 -0.0208777 0.0053527 -0.00685573 -0.0208777 0.0965553 -0.00684814 0.0185301 0.0053527 -0.00684814 0.00825423 -0.0163468 -0.00685573 0.0185301 -0.0163468 0.0848406 
0.0120844 -0.0208894 0.00533504 -0.00680109 -0.0208894 0.0965045 -0.00679892 0.0184109 0.00533504 -0.00679892 0.00817153 -0.0162923 -0.00680109 0.0184109 -0.0162923 0.0847093 
0.012138 -0.0209577 0.00531919 -0.00677098 -0.0209577 0.0966497 -0.00677611 0.0183077 0.00531919 -0.00677611 0.00812604 -0.0161993 -0.00677098 0.0183077 -0.0161993 0.0845496 
0.0121951 -0.0210606 0.00530415 -0.00674644 -0.0210606 0.0969517 -0.00675975 0.0182334 0.00530415 -0.00675975 0.00812273 -0.0161482 -0.00674644 0.0182334 -0.0161482 0.084441 
0.0121688 -0.0211058 0.00530581 -0.00671609 -0.0211058 0.0970701 -0.00673307 0.0181521 0.00530581 -0.00673307 0.00819445 -0.0161242 -0.00671609 0.0181521 -0.0161242 0.0842862 
0.0121062 -0.0210817 0.00535242 -0.00673593 -0.0210817 0.0971108 -0.00674684 0.0181705 0.00535242 -0.00674684 0.0082556 -0.0162282 -0.00673593 0.0181705 -0.0162282 0.0844323 
0.0120753 -0.0210062 0.00538699 -0.00680837 -0.0210062 0.0970216 -0.00680938 0.0183031 0.00538699 -0.00680938 0.00823987 -0.0163198 -0.00680837 0.0183031 -0.0163198 0.0846979 
0.0120848 -0.0209526 0.00537788 -0.00684361 -0.0209526 0.0968495 -0.00683904 0.0183964 0.00537788 -0.00683904 0.0081815 -0.0162855 -0.00684361 0.0183964 -0.0162855 0.0847079 
0.0121033 -0.0209589 0.00536272 -0.00683676 -0.0209589 0.0967883 -0.0068341 0.0184265 0.00536272 -0.0068341 0.00812895 -0.0162034 -0.00683676 0.0184265 -0.0162034 0.0845492 
0.0120182 -0.0209612 0.00539439 -0.00681991 -0.0209612 0.0967286 -0.00681947 0.018416 0.00539439 -0.00681947 0.00817235 -0.0161219 -0.00681991 0.018416 -0.0161219 0.0842993 
0.0119486 -0.020855 0.0054428 -0.00688315 -0.020855 0.0965623 -0.00687627 0.0185345 0.0054428 -0.00687627 0.00817279 -0.016179 -0.00688315 0.0185345 -0.016179 0.0843099 
0.0119862 -0.0207716 0.00544176 -0.0069609 -0.0207716 0.0963795 -0.00694491 0.0187204 0.00544176 -0.00694491 0.00809743 -0.016191 -0.0069609 0.0187204 -0.016191 0.0844056 
0.0120114 -0.0207972 0.00541977 -0.00695589 -0.0207972 0.0962875 -0.00694714 0.0187951 0.00541977 -0.00694714 0.00804069 -0.0160736 -0.00695589 0.0187951 -0.0160736 0.0842044 
0.0120541 -0.0208432 0.00537859 -0.00690637 -0.0208432 0.0963455 -0.00690764 0.0187189 0.00537859 -0.00690764 0.00801376 -0.0159749 -0.00690637 0.0187189 -0.0159749 0.0838965 
0.0120814 -0.0208976 0.0053693 -0.0068626 -0.0208976 0.0964706 -0.00686827 0.0186314 0.0053693 -0.00686827 0.00799624 -0.0159498 -0.0068626 0.0186314 -0.0159498 0.0837539 
0.012122 -0.0209435 0.00535977 -0.00684318 -0.0209435 0.0966164 -0.00685206 0.0185545 0.00535977 -0.00685206 0.00797514 -0.0159371 -0.00684318 0.0185545 -0.0159371 0.0837106 
0.0120727 -0.0209883 0.00539636 -0.00683186 -0.0209883 0.0967295 -0.00684247 0.0185134 0.00539636 -0.00684247 0.00801566 -0.0159126 -0.00683186 0.0185134 -0.0159126 0.0836545 
0.0120084 -0.0209303 0.0054229 -0.00687364 -0.0209303 0.0966789 -0.00687918 0.0185504 0.0054229 -0.00687918 0.00806798 -0.0159513 -0.00687364 0.0185504 -0.0159513 0.0836677 
0.0119659 -0.0208713 0.00545887 -0.0069234 -0.0208713 0.0966181 -0.00691728 0.0186562 0.00545887 -0.00691728 0.00811798 -0.0160343 -0.0069234 0.0186562 -0.0160343 0.0838793 
0.0119625 -0.0208136 0.00545733 -0.00696538 -0.0208136 0.0964835 -0.00695208 0.0187499 0.00545733 -0.00695208 0.0081579 -0.016093 -0.00696538 0.0187499 -0.016093 0.084056 
0.0118942 -0.0207842 0.00546933 -0.00695246 -0.0207842 0.0963072 -0.00693955 0.0187595 0.00546933 -0.00693955 0.00823712 -0.016128 -0.00695246 0.0187595 -0.016128 0.0841122 
0.0118879 -0.0207185 0.00546564 -0.00697429 -0.0207185 0.0961917 -0.00695888 0.018796 0.00546564 -0.00695888 0.00826963 -0.016244 -0.00697429 0.018796 -0.016244 0.0843603 
0.0119307 -0.0207054 0.00547636 -0.00698149 -0.0207054 0.0961363 -0.00696713 0.0188433 0.00547636 -0.00696713 0.00821624 -0.0163074 -0.00698149 0.0188433 -0.0163074 0.0846253 
0.0119375 -0.0207775 0.0054724 -0.00695923 -0.0207775 0.0962422 -0.00695707 0.0187877 0.0054724 -0.00695707 0.00823694 -0.0162295 -0.00695923 0.0187877 -0.0162295 0.0845828 
0.0119312 -0.0207947 0.00547398 -0.00695512 -0.0207947 0.096341 -0.00695825 0.0187681 0.00547398 -0.00695825 0.00829352 -0.0162474 -0.00695512 0.0187681 -0.0162474 0.0845556 
0.0119418 -0.0207599 0.0054435 -0.00694724 -0.0207599 0.0962325 -0.00694967 0.0187404 0.0054435 -0.00694967 0.0082998 -0.0163008 -0.00694724 0.0187404 -0.0163008 0.0845653 
0.0119489 -0.0207998 0.0054299 -0.00691711 -0.0207998 0.0963238 -0.00691965 0.0186918 0.0054299 -0.00691965 0.0083208 -0.0163415 -0.00691711 0.0186918 -0.0163415 0.0847283 
0.011945 -0.020832 0.00544044 -0.00689385 -0.020832 0.0964786 -0.0068939 0.0186133 0.00544044 -0.0068939 0.00835646 -0.0163871 -0.00689385 0.0186133 -0.0163871 0.0849137 
0.0120241 -0.0207922 0.00539608 -0.00689763 -0.0207922 0.096384 -0.00689477 0.0185751 0.00539608 -0.00689477 0.00826993 -0.0164157 -0.00689763 0.0185751 -0.0164157 0.0849641 
0.0120835 -0.0209065 0.00535169 -0.00684287 -0.0209065 0.0965599 -0.0068485 0.0184908 0.00535169 -0.0068485 0.00823397 -0.0163265 -0.00684287 0.0184908 -0.0163265 0.0848965 
0.0121075 -0.0209858 0.00532451 -0.00678203 -0.0209858 0.0967859 -0.00679431 0.0183532 0.00532451 -0.00679431 0.00824345 -0.0162785 -0.00678203 0.0183532 -0.0162785 0.0847588 
0.0120645 -0.020991 0.00532272 -0.00674949 -0.020991 0.0968295 -0.00675716 0.0182448 0.00532272 -0.00675716 0.00828477 -0.0162856 -0.00674949 0.0182448 -0.0162856 0.0846862 
0.0120267 -0.0209523 0.00533672 -0.00675034 -0.0209523 0.0968105 -0.00674889 0.0181953 0.00533672 -0.00674889 0.00833368 -0.0163532 -0.00675034 0.0181953 -0.0163532 0.0848181 
0.0120015 -0.020926 0.00536011 -0.00677019 -0.020926 0.0968012 -0.00675881 0.0181983 0.00536011 -0.00675881 0.00841615 -0.0164355 -0.00677019 0.0181983 -0.0164355 0.0850744 
0.0119157 -0.0208364 0.0054084 -0.00680512 -0.0208364 0.0965243 -0.00679073 0.0182749 0.0054084 -0.00679073 0.00845934 -0.0165184 -0.00680512 0.0182749 -0.0165184 0.085221 
0.0119306 -0.0207556 0.00541626 -0.00686515 -0.0207556 0.0963363 -0.0068513 0.0183991 0.00541626 -0.0068513 0.00843162 -0.0165769 -0.00686515 0.0183991 -0.0165769 0.0854097 
0.0119761 -0.0207763 0.00541039 -0.00687273 -0.0207763 0.0962918 -0.006868 0.0184751 0.00541039 -0.006868 0.00836121 -0.0165378 -0.00687273 0.0184751 -0.0165378 0.0854115 
0.0119646 -0.0208304 0.00543853 -0.00686661 -0.0208304 0.0963773 -0.00687502 0.0185107 0.00543853 -0.00687502 0.00833787 -0.016442 -0.00686661 0.0185107 -0.016442 0.0852313 
0.0119371 -0.0208425 0.00543771 -0.00688153 -0.0208425 0.0964739 -0.0068926 0.0185133 0.00543771 -0.0068926 0.00840356 -0.0163956 -0.00688153 0.0185133 -0.0163956 0.0850536 
0.0118926 -0.0208087 0.0054478 -0.0068997 -0.0208087 0.096468 -0.0069043 0.0185714 0.0054478 -0.0069043 0.00849388 -0.0164811 -0.0068997 0.0185714 -0.0164811 0.0851363 
0.0118242 -0.0207224 0.00547361 -0.00690454 -0.0207224 0.0962365 -0.0068992 0.0185791 0.00547361 -0.0068992 0.008546 -0.0165823 -0.00690454 0.0185791 -0.0165823 0.0852902 
0.0117621 -0.0206588 0.00551846 -0.00695121 -0.0206588 0.0961042 -0.00694005 0.0186641 0.00551846 -0.00694005 0.00857538 -0.0166756 -0.00695121 0.0186641 -0.0166756 0.0855897 
0.0116866 -0.0205634 0.00555766 -0.0070013 -0.0205634 0.0958524 -0.00698869 0.0187716 0.00555766 -0.00698869 0.00859351 -0.0166927 -0.0070013 0.0187716 -0.0166927 0.0856798 
0.011714 -0.0204983 0.00557044 -0.0070678 -0.0204983 0.095737 -0.00705349 0.0189377 0.00557044 -0.00705349 0.00854994 -0.016729 -0.0070678 0.0189377 -0.016729 0.0858326 
0.0117688 -0.0204922 0.00554867 -0.00706585 -0.0204922 0.0955631 -0.00705787 0.0189899 0.00554867 -0.00705787 0.00843451 -0.0166393 -0.00706585 0.0189899 -0.0166393 0.0856423 
0.0117899 -0.0205723 0.00554162 -0.00704797 -0.0205723 0.0956777 -0.0070532 0.0190038 0.00554162 -0.0070532 0.00839112 -0.0164998 -0.00704797 0.0190038 -0.0164998 0.0853599 
0.0118322 -0.020627 0.00553766 -0.00704184 -0.020627 0.0958994 -0.00705237 0.019002 0.00553766 -0.00705237 0.00837543 -0.0164492 -0.00704184 0.019002 -0.0164492 0.0851927 
0.0118472 -0.0206576 0.00555159 -0.00702876 -0.0206576 0.0959687 -0.00703948 0.0189743 0.00555159 -0.00703948 0.00834927 -0.0164151 -0.00702876 0.0189743 -0.0164151 0.0850324 
0.0118812 -0.0206813 0.00555616 -0.00704427 -0.0206813 0.0960347 -0.00705692 0.0189896 0.00555616 -0.00705692 0.00830847 -0.0163795 -0.00704427 0.0189896 -0.0163795 0.0849201 
0.0118815 -0.0207264 0.00556682 -0.00705344 -0.0207264 0.0961362 -0.00707198 0.0190287 0.00556682 -0.00707198 0.00829723 -0.0163201 -0.00705344 0.0190287 -0.0163201 0.0847704 
0.0118554 -0.0207539 0.00557715 -0.00706587 -0.0207539 0.0962866 -0.00708426 0.0190565 0.00557715 -0.00708426 0.00834214 -0.016306 -0.00706587 0.0190565 -0.016306 0.0847051 
0.0117649 -0.0207135 0.0055809 -0.00706168 -0.0207135 0.0962325 -0.00707086 0.0190229 0.0055809 -0.00707086 0.00847962 -0.0163448 -0.00706168 0.0190229 -0.0163448 0.0846867 
0.0117207 -0.020608 0.0056003 -0.00708793 -0.020608 0.0960692 -0.00707835 0.0190561 0.0056003 -0.00707835 0.0085346 -0.0165347 -0.00708793 0.0190561 -0.0165347 0.0850325 
0.0116499 -0.0205519 0.00563537 -0.00711444 -0.0205519 0.0959077 -0.00709751 0.0191034 0.00563537 -0.00709751 0.00861463 -0.0166261 -0.00711444 0.0191034 -0.0166261 0.0853881 
0.0116741 -0.0204324 0.00562782 -0.00714871 -0.0204324 0.0955695 -0.00713 0.0191664 0.00562782 -0.00713 0.00855134 -0.0166944 -0.00714871 0.0191664 -0.0166944 0.0855288 
0.0116946 -0.0204742 0.0056363 -0.00715271 -0.0204742 0.0955364 -0.00714649 0.0192375 0.0056363 -0.00714649 0.0085113 -0.0166282 -0.00715271 0.0192375 -0.0166282 0.0855266 
