0.00974154 0 -0.00370503 0 0 0.00998109 0 0 -0.00370503 0 0.00644468 0 0 0 0 0.00998109 
0.0137843 -0.017094 -0.00519254 0.00635644 -0.017094 0.0419386 0.00635644 -0.0121878 -0.00519254 0.00635644 0.00902178 -0.0112542 0.00635644 -0.0121878 -0.0112542 0.0307418 
0.0136842 -0.025079 -0.00454547 0.00737514 -0.025079 0.0893648 0.00737514 -0.0232708 -0.00454547 0.00737514 0.00933405 -0.0181453 0.00737514 -0.0232708 -0.0181453 0.0674151 
0.0128022 -0.023563 -0.00398645 0.00524956 -0.023563 0.1019 0.00525648 -0.0181309 -0.00398645 0.00525648 0.00884368 -0.0183944 0.00524956 -0.0181309 -0.0183944 0.083993 
0.0128126 -0.0222678 -0.00403714 0.00469279 -0.0222678 0.101438 0.00470195 -0.0140345 -0.00403714 0.00470195 0.00876692 -0.0175052 0.00469279 -0.0140345 -0.0175052 0.08702 
0.0131399 -0.0222373 -0.00416448 0.00491111 -0.0222373 0.100864 0.00491148 -0.0131929 -0.00416448 0.00491148 0.00884457 -0.0172443 0.00491111 -0.0131929 -0.0172443 0.0871882 
0.0133295 -0.0226105 -0.00423187 0.00511255 -0.0226105 0.101445 0.005107 -0.0133832 -0.00423187 0.005107 0.00900207 -0.0172996 0.00511255 -0.0133832 -0.0172996 0.0874614 
0.0133535 -0.0227764 -0.00425943 0.00519067 -0.0227764 0.101919 0.00518282 -0.0135904 -0.00425943 0.00518282 0.00907176 -0.017424 0.00519067 -0.0135904 -0.017424 0.0877247 
0.0133915 -0.0227972 -0.00427523 0.00522988 -0.0227972 0.10213 0.00521975 -0.0137159 -0.00427523 0.00521975 0.00897174 -0.0174944 0.00522988 -0.0137159 -0.0174944 0.0879793 
0.0134377 -0.0228346 -0.00426444 0.00524097 -0.0228346 0.102234 0.00523632 -0.0137641 -0.00426444 0.00523632 0.00889571 -0.0173868 0.00524097 -0.0137641 -0.0173868 0.0879343 
0.0134337 -0.0228739 -0.00428026 0.00523053 -0.0228739 0.102301 0.00523138 -0.0137767 -0.00428026 0.00523138 0.00885225 -0.017278 0.00523053 -0.0137767 -0.017278 0.0876648 
0.0134776 -0.0228843 -0.00426628 0.00524983 -0.0228843 0.102389 0.00525096 -0.0138117 -0.00426628 0.00525096 0.00881031 -0.0172396 0.00524983 -0.0138117 -0.0172396 0.0875408 
0.0134732 -0.0229116 -0.00426745 0.00523099 -0.0229116 0.102391 0.00523181 -0.0137957 -0.00426745 0.00523181 0.00878832 -0.0171811 0.00523099 -0.0137957 -0.0171811 0.0873659 
0.0135389 -0.0229246 -0.00425869 0.00524325 -0.0229246 0.102476 0.00524321 -0.0138176 -0.00425869 0.00524321 0.00865708 -0.0171672 0.00524325 -0.0138176 -0.0171672 0.0873213 
0.0136223 -0.0229692 -0.00421045 0.00522837 -0.0229692 0.10249 0.00522874 -0.0137989 -0.00421045 0.00522874 0.00851287 -0.0170021 0.00522837 -0.0137989 -0.0170021 0.0870141 
0.0136484 -0.0230568 -0.00421237 0.00518658 -0.0230568 0.10262 0.00519481 -0.0137624 -0.00421237 0.00519481 0.00839111 -0.0168058 0.00518658 -0.0137624 -0.0168058 0.0865248 
0.0136579 -0.0231176 -0.00423299 0.00519434 -0.0231176 0.102857 0.00520514 -0.013758 -0.00423299 0.00520514 0.00834582 -0.0166759 0.00519434 -0.013758 -0.0166759 0.0861955 
0.0135945 -0.0230982 -0.00427146 0.0052125 -0.0230982 0.102832 0.00522032 -0.0137755 -0.00427146 0.00522032 0.008368 -0.0166023 0.0052125 -0.0137755 -0.0166023 0.0858964 
0.0135623 -0.0230199 -0.00429938 0.00526983 -0.0230199 0.102683 0.00527019 -0.0138821 -0.00429938 0.00527019 0.00835024 -0.0166194 0.00526983 -0.0138821 -0.0166194 0.0858021 
0.0135488 -0.0229923 -0.00432149 0.0053116 -0.0229923 0.102604 0.00530688 -0.0139953 -0.00432149 0.00530688 0.00833645 -0.0166116 0.0053116 -0.0139953 -0.0166116 0.0858178 
0.0135397 -0.0229569 -0.00434837 0.00534364 -0.0229569 0.102474 0.00533983 -0.0140988 -0.00434837 0.00533983 0.00824018 -0.0165678 0.00534364 -0.0140988 -0.0165678 0.0856879 
0.0135468 -0.0229865 -0.00436631 0.00537683 -0.0229865 0.102583 0.00537657 -0.0141871 -0.00436631 0.00537657 0.00824862 -0.0164836 0.00537683 -0.0141871 -0.0164836 0.0856171 
0.0135645 -0.0229757 -0.00435628 0.00539264 -0.0229757 0.102563 0.00539557 -0.0142472 -0.00435628 0.00539557 0.00822747 -0.0164649 0.00539264 -0.0142472 -0.0164649 0.0854798 
0.0135348 -0.0229668 -0.00435796 0.00537339 -0.0229668 0.102453 0.00537957 -0.0142345 -0.00435796 0.00537957 0.00822921 -0.0164146 0.00537339 -0.0142345 -0.0164146 0.0852754 
0.0135258 -0.0229617 -0.00436644 0.00537871 -0.0229617 0.102477 0.00538419 -0.0142303 -0.00436644 0.00538419 0.00824418 -0.016433 0.00537871 -0.0142303 -0.016433 0.0852774 
0.0135491 -0.022964 -0.00433953 0.00537994 -0.022964 0.102521 0.00538341 -0.0142143 -0.00433953 0.00538341 0.00829271 -0.0164731 0.00537994 -0.0142143 -0.0164731 0.0854 
0.0135632 -0.0229763 -0.00432324 0.00534612 -0.0229763 0.102509 0.00534975 -0.0141605 -0.00432324 0.00534975 0.00827794 -0.0165131 0.00534612 -0.0141605 -0.0165131 0.0854538 
0.0135189 -0.0230453 -0.00430799 0.00530742 -0.0230453 0.10275 0.00531221 -0.0140349 -0.00430799 0.00531221 0.00854199 -0.0165647 0.00530742 -0.0140349 -0.0165647 0.0857303 
0.0134075 -0.022963 -0.00434586 0.00529507 -0.022963 0.10264 0.00529023 -0.0139741 -0.00434586 0.00529023 0.00871302 -0.0168404 0.00529507 -0.0139741 -0.0168404 0.086137 
0.0133721 -0.0228317 -0.00437818 0.00534614 -0.0228317 0.102372 0.00533108 -0.0140304 -0.00437818 0.00533108 0.00870739 -0.0170491 0.00534614 -0.0140304 -0.0170491 0.0866706 
0.0133298 -0.0227831 -0.0044034 0.00537928 -0.0227831 0.102165 0.00536442 -0.0141023 -0.0044034 0.00536442 0.00872415 -0.0170506 0.00537928 -0.0141023 -0.0170506 0.086892 
0.0133445 -0.0227425 -0.00440509 0.00541622 -0.0227425 0.102069 0.0054029 -0.0141977 -0.00440509 0.0054029 0.00869465 -0.0170691 0.00541622 -0.0141977 -0.0170691 0.086981 
0.0134037 -0.0227583 -0.00436852 0.00541444 -0.0227583 0.102051 0.00540581 -0.0142342 -0.00436852 0.00540581 0.00866103 -0.0170409 0.00541444 -0.0142342 -0.0170409 0.0869794 
0.0134381 -0.0228307 -0.00434578 0.00536575 -0.0228307 0.102166 0.00536551 -0.0141765 -0.00434578 0.00536551 0.0086492 -0.0170002 0.00536575 -0.0141765 -0.0170002 0.086907 
0.0134006 -0.022858 -0.00433379 0.00531691 -0.022858 0.10221 0.00532379 -0.0140494 -0.00433379 0.00532379 0.00873071 -0.0169781 0.00531691 -0.0140494 -0.0169781 0.0867961 
0.013394 -0.0228484 -0.00434011 0.00531167 -0.0228484 0.102301 0.00531743 -0.0140029 -0.00434011 0.00531743 0.00876416 -0.0170852 0.00531167 -0.0140029 -0.0170852 0.0869754 
0.0134965 -0.0228249 -0.00426985 0.00530372 -0.0228249 0.102237 0.00530814 -0.0139525 -0.00426985 0.00530814 0.00867943 -0.0171261 0.00530372 -0.0139525 -0.0171261 0.0871063 
0.0135612 -0.0229421 -0.00425226 0.00523121 -0.0229421 0.102386 0.0052435 -0.0138587 -0.00425226 0.0052435 0.00854174 -0.0170035 0.00523121 -0.0138587 -0.0170035 0.0869195 
0.013603 -0.0230327 -0.00422581 0.00519913 -0.0230327 0.102641 0.00521729 -0.0137431 -0.00422581 0.00521729 0.008521 -0.0168536 0.00519913 -0.0137431 -0.0168536 0.0866251 
0.0136047 -0.0230711 -0.00423952 0.005183 -0.0230711 0.102778 0.00519627 -0.0136972 -0.00423952 0.00519627 0.00846865 -0.0168075 0.005183 -0.0136972 -0.0168075 0.0863784 
0.013635 -0.0230674 -0.00422626 0.00519817 -0.0230674 0.102804 0.00520653 -0.0136934 -0.00422626 0.00520653 0.00840164 -0.0167535 0.00519817 -0.0136934 -0.0167535 0.0862278 
0.0136492 -0.0231007 -0.00421437 0.00518691 -0.0231007 0.102851 0.00519277 -0.0136813 -0.00421437 0.00519277 0.00839111 -0.0166748 0.00518691 -0.0136813 -0.0166748 0.0860532 
0.013678 -0.0231318 -0.00420159 0.00518453 -0.0231318 0.10297 0.00518754 -0.0136843 -0.00420159 0.00518754 0.00838762 -0.0166663 0.00518453 -0.0136843 -0.0166663 0.0859957 
0.0136732 -0.0231555 -0.00422558 0.00518257 -0.0231555 0.103038 0.00518508 -0.0137037 -0.00422558 0.00518508 0.00834983 -0.0166496 0.00518257 -0.0137037 -0.0166496 0.0859345 
0.0135639 -0.0231369 -0.00432852 0.00522008 -0.0231369 0.103013 0.0052185 -0.0137758 -0.00432852 0.0052185 0.00833513 -0.0165904 0.00522008 -0.0137758 -0.0165904 0.0857914 
0.0134955 -0.0229852 -0.00438532 0.00534396 -0.0229852 0.102707 0.00533427 -0.0139865 -0.00438532 0.00533427 0.0082935 -0.0165549 0.00534396 -0.0139865 -0.0165549 0.0856286 
0.01349 -0.0229125 -0.00439632 0.00542365 -0.0229125 0.102482 0.00541014 -0.0142166 -0.00439632 0.00541014 0.00827408 -0.0165178 0.00542365 -0.0142166 -0.0165178 0.0855603 
0.013495 -0.0229134 -0.0043928 0.00544188 -0.0229134 0.102432 0.00542779 -0.0143359 -0.0043928 0.00542779 0.00830634 -0.0165035 0.00544188 -0.0143359 -0.0165035 0.0855409 
0.0135196 -0.0229099 -0.00435764 0.00542849 -0.0229099 0.102395 0.00541746 -0.0143428 -0.00435764 0.00541746 0.00833931 -0.0165441 0.00542849 -0.0143428 -0.0165441 0.08559 
0.0135951 -0.0229102 -0.00428214 0.00538363 -0.0229102 0.102302 0.0053734 -0.0142714 -0.00428214 0.0053734 0.0082705 -0.0165725 0.00538363 -0.0142714 -0.0165725 0.0856016 
0.0135976 -0.0230154 -0.00428784 0.00530972 -0.0230154 0.102488 0.00530765 -0.0141594 -0.00428784 0.00530765 0.00826421 -0.0165036 0.00530972 -0.0141594 -0.0165036 0.0855559 
0.0135826 -0.0230131 -0.00431103 0.0053134 -0.0230131 0.102559 0.00531208 -0.0141093 -0.00431103 0.00531208 0.00822694 -0.0164883 0.0053134 -0.0141093 -0.0164883 0.0854776 
0.0136132 -0.0230138 -0.00431316 0.00533762 -0.0230138 0.102621 0.0053341 -0.0141251 -0.00431316 0.0053341 0.00817544 -0.0164736 0.00533762 -0.0141251 -0.0164736 0.0855105 
0.0136848 -0.0230459 -0.00427294 0.00533524 -0.0230459 0.102679 0.00533651 -0.0141334 -0.00427294 0.00533651 0.00808631 -0.0164088 0.00533524 -0.0141334 -0.0164088 0.085421 
0.0137072 -0.0231158 -0.00423642 0.00526851 -0.0231158 0.10276 0.00527983 -0.0140184 -0.00423642 0.00527983 0.00807725 -0.0162885 0.00526851 -0.0140184 -0.0162885 0.0851434 
0.0136792 -0.0231387 -0.00428023 0.00525705 -0.0231387 0.102842 0.0052696 -0.0140021 -0.00428023 0.0052696 0.00799451 -0.0162398 0.00525705 -0.0140021 -0.0162398 0.0848859 
0.0136485 -0.0231109 -0.0043045 0.00530479 -0.0231109 0.102842 0.00531196 -0.0140469 -0.0043045 0.00531196 0.0080034 -0.0161562 0.00530479 -0.0140469 -0.0161562 0.0847075 
0.0136623 -0.0230833 -0.00430192 0.00534851 -0.0230833 0.102824 0.0053453 -0.0141498 -0.00430192 0.0053453 0.00801744 -0.0161744 0.00534851 -0.0141498 -0.0161744 0.0846927 
0.0136364 -0.0230621 -0.00430589 0.00533512 -0.0230621 0.102679 0.00532981 -0.0141573 -0.00430589 0.00532981 0.00803725 -0.016178 0.00533512 -0.0141573 -0.016178 0.0846416 
0.013684 -0.0230844 -0.00426766 0.00533092 -0.0230844 0.10279 0.00532833 -0.01413 -0.00426766 0.00532833 0.00809189 -0.0162458 0.00533092 -0.01413 -0.0162458 0.0848584 
0.0137744 -0.0231234 -0.00416712 0.00526873 -0.0231234 0.102832 0.00527197 -0.0140142 -0.00416712 0.00527197 0.0081033 -0.0163032 0.00526873 -0.0140142 -0.0163032 0.0849874 
0.0138695 -0.0232332 -0.00409608 0.00515783 -0.0232332 0.103041 0.00516872 -0.0138198 -0.00409608 0.00516872 0.00800101 -0.0163117 0.00515783 -0.0138198 -0.0163117 0.0850433 
0.0139051 -0.0233516 -0.00405999 0.00505483 -0.0233516 0.103321 0.00507179 -0.0135489 -0.00405999 0.00507179 0.0079865 -0.0162071 0.00505483 -0.0135489 -0.0162071 0.0849203 
0.0138606 -0.0233893 -0.00410409 0.00502525 -0.0233893 0.10349 0.00504167 -0.0134195 -0.00410409 0.00504167 0.00798052 -0.0161716 0.00502525 -0.0134195 -0.0161716 0.084763 
0.0137832 -0.0233349 -0.00415273 0.00507373 -0.0233349 0.103453 0.00507823 -0.0134259 -0.00415273 0.00507823 0.00807177 -0.016177 0.00507373 -0.0134259 -0.016177 0.0847379 
0.0137138 -0.0232565 -0.00420183 0.00515172 -0.0232565 0.103345 0.0051418 -0.0135723 -0.00420183 0.0051418 0.00821452 -0.0162984 0.00515172 -0.0135723 -0.0162984 0.0849691 
0.0136892 -0.0231508 -0.00422965 0.00522302 -0.0231508 0.103084 0.00520374 -0.0137596 -0.00422965 0.00520374 0.00820796 -0.0164564 0.00522302 -0.0137596 -0.0164564 0.085282 
0.0137307 -0.0230884 -0.00418917 0.00524531 -0.0230884 0.102789 0.00522857 -0.0138536 -0.00418917 0.00522857 0.00808486 -0.0164372 0.00524531 -0.0138536 -0.0164372 0.0853284 
0.0137678 -0.0231604 -0.00419354 0.00521207 -0.0231604 0.102867 0.00520815 -0.0138736 -0.00419354 0.00520815 0.00793436 -0.0162917 0.00521207 -0.0138736 -0.0162917 0.0851361 
0.013845 -0.0232119 -0.00413634 0.00519723 -0.0232119 0.103003 0.00520334 -0.0138231 -0.00413634 0.00520334 0.00783087 -0.0161117 0.00519723 -0.0138231 -0.0161117 0.0847631 
0.0139004 -0.0232883 -0.00411183 0.0051502 -0.0232883 0.10315 0.00516198 -0.0137796 -0.00411183 0.00516198 0.0076947 -0.0159584 0.0051502 -0.0137796 -0.0159584 0.0843156 
0.0138782 -0.0233595 -0.00415108 0.00512812 -0.0233595 0.103342 0.00514529 -0.0137376 -0.00415108 0.00514529 0.00765181 -0.0157859 0.00512812 -0.0137376 -0.0157859 0.0838833 
0.0138574 -0.0233244 -0.00416095 0.00516552 -0.0233244 0.103328 0.00517624 -0.0137534 -0.00416095 0.00517624 0.00765971 -0.0157182 0.00516552 -0.0137534 -0.0157182 0.0835639 
0.0138102 -0.0233183 -0.00420743 0.00518867 -0.0233183 0.10335 0.00519131 -0.0138132 -0.00420743 0.00519131 0.00774491 -0.0157424 0.00518867 -0.0138132 -0.0157424 0.0835502 
0.0138327 -0.0232519 -0.00418085 0.00524212 -0.0232519 0.103224 0.00523756 -0.0139041 -0.00418085 0.00523756 0.0077576 -0.0158415 0.00524212 -0.0139041 -0.0158415 0.0836912 
0.013783 -0.0232575 -0.00421866 0.00522022 -0.0232575 0.103129 0.00521709 -0.0139333 -0.00421866 0.00521709 0.00776178 -0.0158454 0.00522022 -0.0139333 -0.0158454 0.0837285 
0.0137857 -0.0232325 -0.00423097 0.00525936 -0.0232325 0.103153 0.00525649 -0.0139777 -0.00423097 0.00525649 0.00774321 -0.0158702 0.00525936 -0.0139777 -0.0158702 0.0838415 
0.0137739 -0.0231955 -0.0042476 0.00528677 -0.0231955 0.103007 0.00528175 -0.014064 -0.0042476 0.00528175 0.00765127 -0.0158191 0.00528677 -0.014064 -0.0158191 0.0837182 
0.0137775 -0.0232007 -0.00425713 0.00531313 -0.0232007 0.103019 0.0053097 -0.0141436 -0.00425713 0.0053097 0.00762511 -0.0157185 0.00531313 -0.0141436 -0.0157185 0.0835594 
0.0137364 -0.0231755 -0.0042724 0.00533479 -0.0231755 0.102918 0.00533151 -0.0142264 -0.0042724 0.00533151 0.00763508 -0.0156526 0.00533479 -0.0142264 -0.0156526 0.0832984 
0.013739 -0.0231257 -0.00427445 0.00536247 -0.0231257 0.102809 0.00535342 -0.0143061 -0.00427445 0.00535342 0.00756753 -0.0156644 0.00536247 -0.0143061 -0.0156644 0.0832247 
0.013758 -0.0231374 -0.00428563 0.00537352 -0.0231374 0.102813 0.00536416 -0.0143623 -0.00428563 0.00536416 0.00748303 -0.0156042 0.00537352 -0.0143623 -0.0156042 0.0831809 
0.0138126 -0.0231615 -0.00425838 0.00537803 -0.0231615 0.102856 0.00537317 -0.014379 -0.00425838 0.00537317 0.00738669 -0.0154974 0.00537803 -0.014379 -0.0154974 0.0829897 
0.013847 -0.023196 -0.00421679 0.0053371 -0.023196 0.102845 0.00534283 -0.0143297 -0.00421679 0.00534283 0.00728017 -0.0153461 0.0053371 -0.0143297 -0.0153461 0.0825801 
0.0138726 -0.0232665 -0.00422775 0.00530801 -0.0232665 0.103041 0.0053225 -0.0142997 -0.00422775 0.0053225 0.00719273 -0.0152145 0.00530801 -0.0142997 -0.0152145 0.082247 
0.0138449 -0.0232789 -0.0042567 0.00531151 -0.0232789 0.103086 0.00532757 -0.0142766 -0.0042567 0.00532757 0.00717568 -0.0150831 0.00531151 -0.0142766 -0.0150831 0.0818514 
0.0138174 -0.0232497 -0.00428584 0.00536263 -0.0232497 0.103065 0.00537275 -0.0143698 -0.00428584 0.00537275 0.00716668 -0.0150451 0.00536263 -0.0143698 -0.0150451 0.0816192 
0.0138264 -0.0232479 -0.00428789 0.00539766 -0.0232479 0.103123 0.00540026 -0.0144508 -0.00428789 0.00540026 0.00723462 -0.0150546 0.00539766 -0.0144508 -0.0150546 0.0816342 
0.0138026 -0.0232221 -0.00429341 0.00540609 -0.0232221 0.103021 0.00540464 -0.0145063 -0.00429341 0.00540464 0.00727842 -0.0151165 0.00540609 -0.0145063 -0.0151165 0.0816641 
0.0137623 -0.0231938 -0.0043349 0.00542346 -0.0231938 0.10295 0.0054186 -0.0145626 -0.0043349 0.0054186 0.007265 -0.0151763 0.00542346 -0.0145626 -0.0151763 0.0817947 
0.0137024 -0.0231236 -0.00438881 0.00547358 -0.0231236 0.10276 0.00546567 -0.0146552 -0.00438881 0.00546567 0.00721921 -0.0151514 0.00547358 -0.0146552 -0.0151514 0.0817735 
0.0136838 -0.0230727 -0.00440815 0.00553204 -0.0230727 0.102642 0.00552098 -0.014764 -0.00440815 0.00552098 0.00720743 -0.0151035 0.00553204 -0.014764 -0.0151035 0.0817255 
0.0137014 -0.0230505 -0.00440571 0.00557333 -0.0230505 0.102573 0.00556171 -0.014901 -0.00440571 0.00556171 0.00717571 -0.0150795 0.00557333 -0.014901 -0.0150795 0.0816567 
0.0137197 -0.0230687 -0.0044052 0.00557484 -0.0230687 0.102583 0.00556938 -0.0149692 -0.0044052 0.00556938 0.00712635 -0.0150341 0.00557484 -0.0149692 -0.0150341 0.0815599 
0.013753 -0.0230986 -0.00439659 0.00555348 -0.0230986 0.102648 0.00555466 -0.0149351 -0.00439659 0.00555466 0.0070714 -0.0149741 0.00555348 -0.0149351 -0.0149741 0.0814307 
0.0137235 -0.0231166 -0.00442805 0.00554836 -0.0231166 0.102645 0.00555652 -0.0149319 -0.00442805 0.00555652 0.00704666 -0.01488 0.00554836 -0.0149319 -0.01488 0.0811631 
0.0136722 -0.0231004 -0.00448863 0.00559939 -0.0231004 0.102677 0.00560873 -0.0150316 -0.00448863 0.00560873 0.00704219 -0.0148382 0.00559939 -0.0150316 -0.0148382 0.0809962 
0.0136614 -0.0230343 -0.00447868 0.0056643 -0.0230343 0.102555 0.00566606 -0.0151497 -0.00447868 0.00566606 0.00705853 -0.0148239 0.0056643 -0.0151497 -0.0148239 0.0808904 
0.0136809 -0.0230205 -0.00446406 0.0056743 -0.0230205 0.102496 0.00566834 -0.0152392 -0.00446406 0.00566834 0.0070444 -0.014847 0.0056743 -0.0152392 -0.014847 0.0809053 
0.0136738 -0.0230001 -0.00445055 0.00565709 -0.0230001 0.102341 0.00565117 -0.0152448 -0.00445055 0.00565117 0.00700592 -0.014811 0.00565709 -0.0152448 -0.014811 0.0807817 
0.0136673 -0.0230291 -0.00446973 0.00565285 -0.0230291 0.102431 0.00565012 -0.0152511 -0.00446973 0.00565012 0.00699193 -0.014783 0.00565285 -0.0152511 -0.014783 0.080767 
0.0136318 -0.0229913 -0.00448252 0.00566734 -0.0229913 0.102332 0.00566481 -0.0152659 -0.00448252 0.00566481 0.006985 -0.0147449 0.00566734 -0.0152659 -0.0147449 0.0806296 
0.0135995 -0.0229472 -0.00450928 0.00570179 -0.0229472 0.102227 0.00569475 -0.0153482 -0.00450928 0.00569475 0.00695909 -0.0147345 0.00570179 -0.0153482 -0.0147345 0.080564 
0.0135718 -0.0229173 -0.00454033 0.0057338 -0.0229173 0.102161 0.00572324 -0.0154255 -0.00454033 0.00572324 0.0069749 -0.014709 0.0057338 -0.0154255 -0.014709 0.0805352 
0.0135139 -0.0228792 -0.00460811 0.00578163 -0.0228792 0.102073 0.00576902 -0.0155401 -0.00460811 0.00576902 0.00702384 -0.0147207 0.00578163 -0.0155401 -0.0147207 0.0805381 
0.0135201 -0.0227765 -0.00461952 0.00587036 -0.0227765 0.101798 0.00585523 -0.0157379 -0.00461952 0.00585523 0.00692103 -0.0147544 0.00587036 -0.0157379 -0.0147544 0.0805207 
0.0135873 -0.0228283 -0.00460304 0.00587954 -0.0228283 0.10187 0.00587542 -0.0158406 -0.00460304 0.00587542 0.00682829 -0.0146495 0.00587954 -0.0158406 -0.0146495 0.0804554 
0.0135727 -0.0229112 -0.00461728 0.00584207 -0.0229112 0.102034 0.00585321 -0.015807 -0.00461728 0.00585321 0.00685247 -0.0145081 0.00584207 -0.015807 -0.0145081 0.0801349 
0.0135814 -0.0229011 -0.00459901 0.00584136 -0.0229011 0.102094 0.00585262 -0.0157585 -0.00459901 0.00585262 0.00689043 -0.0145208 0.00584136 -0.0157585 -0.0145208 0.079977 
0.0135963 -0.0228906 -0.00458801 0.00584708 -0.0228906 0.102056 0.00585401 -0.0157959 -0.00458801 0.00585401 0.00684191 -0.0145648 0.00584708 -0.0157959 -0.0145648 0.0799882 
0.0135399 -0.0228992 -0.00462126 0.00582929 -0.0228992 0.102027 0.00583651 -0.0157714 -0.00462126 0.00583651 0.00687354 -0.0145061 0.00582929 -0.0157714 -0.0145061 0.0799024 
0.0135315 -0.0228653 -0.00462499 0.00586392 -0.0228653 0.102047 0.00586325 -0.0157858 -0.00462499 0.00586325 0.00691639 -0.014557 0.00586392 -0.0157858 -0.014557 0.0799852 
0.0134755 -0.0228293 -0.0046605 0.00587524 -0.0228293 0.101926 0.0058673 -0.0158203 -0.0046605 0.0058673 0.0069921 -0.0146066 0.00587524 -0.0158203 -0.0146066 0.0800773 
0.0134502 -0.022779 -0.0046914 0.00591464 -0.022779 0.101845 0.00590102 -0.0158788 -0.0046914 0.00590102 0.00703984 -0.0147195 0.00591464 -0.0158788 -0.0147195 0.0803429 
0.0134579 -0.0227681 -0.00469815 0.00594752 -0.0227681 0.101842 0.00593202 -0.0159438 -0.00469815 0.00593202 0.00711267 -0.0148028 0.00594752 -0.0159438 -0.0148028 0.0806561 
0.013494 -0.022743 -0.00465771 0.00594175 -0.022743 0.101704 0.00593248 -0.0159577 -0.00465771 0.00593248 0.00710094 -0.0148694 0.00594175 -0.0159577 -0.0148694 0.0807899 
0.0135177 -0.0228196 -0.00465296 0.00588625 -0.0228196 0.101848 0.00589004 -0.0158822 -0.00465296 0.00589004 0.00710039 -0.0148773 0.00588625 -0.0158822 -0.0148773 0.0809225 
0.0135049 -0.0228436 -0.00466072 0.00586128 -0.0228436 0.101926 0.00587343 -0.0157866 -0.00466072 0.00587343 0.0071133 -0.0148637 0.00586128 -0.0157866 -0.0148637 0.0808953 
0.0134951 -0.0228605 -0.00467949 0.00587641 -0.0228605 0.102066 0.00588878 -0.0157838 -0.00467949 0.00588878 0.00715628 -0.014891 0.00587641 -0.0157838 -0.014891 0.0809771 
0.01346 -0.0228291 -0.00470049 0.00590284 -0.0228291 0.10202 0.00590873 -0.015828 -0.00470049 0.00590873 0.00718675 -0.0149276 0.00590284 -0.015828 -0.0149276 0.0810189 
0.0134639 -0.0227746 -0.00468566 0.00592878 -0.0227746 0.10188 0.0059262 -0.0158751 -0.00468566 0.0059262 0.00718722 -0.0149628 0.00592878 -0.0158751 -0.0149628 0.0810732 
0.0134575 -0.022778 -0.00468622 0.00592048 -0.022778 0.101836 0.00591722 -0.0158974 -0.00468622 0.00591722 0.00719948 -0.0149701 0.00592048 -0.0158974 -0.0149701 0.0811211 
0.0134933 -0.0227963 -0.00467019 0.00592032 -0.0227963 0.101921 0.00591663 -0.0158955 -0.00467019 0.00591663 0.00717793 -0.0150035 0.00592032 -0.0158955 -0.0150035 0.081248 
0.0135713 -0.0228039 -0.00460557 0.00589342 -0.0228039 0.101874 0.00589202 -0.0158462 -0.00460557 0.00589202 0.00705641 -0.0149627 0.00589342 -0.0158462 -0.0149627 0.0811666 
0.0136294 -0.0229102 -0.00455616 0.00580457 -0.0229102 0.102045 0.00581505 -0.0156881 -0.00455616 0.00581505 0.0069879 -0.0148239 0.00580457 -0.0156881 -0.0148239 0.0809382 
0.0135624 -0.0229804 -0.00460561 0.00574958 -0.0229804 0.102238 0.00576862 -0.0155495 -0.00460561 0.00576862 0.00703695 -0.0147194 0.00574958 -0.0155495 -0.0147194 0.0806302 
0.0134846 -0.0229074 -0.00466825 0.00581625 -0.0229074 0.102219 0.00582236 -0.0155881 -0.00466825 0.00582236 0.00711178 -0.0147744 0.00581625 -0.0155881 -0.0147744 0.0805955 
0.0134506 -0.0228167 -0.00469284 0.00589553 -0.0228167 0.102055 0.00588411 -0.0157235 -0.00469284 0.00588411 0.00718664 -0.0148855 0.00589553 -0.0157235 -0.0148855 0.0808271 
0.0133873 -0.0227543 -0.00474938 0.00594613 -0.0227543 0.101846 0.00592857 -0.0158912 -0.00474938 0.00592857 0.00723519 -0.0149691 0.00594613 -0.0158912 -0.0149691 0.0810354 
0.0133265 -0.0226869 -0.00480226 0.00600999 -0.0226869 0.101682 0.00599245 -0.0160429 -0.00480226 0.00599245 0.00729046 -0.0150307 0.00600999 -0.0160429 -0.0150307 0.081229 
0.0132738 -0.0226374 -0.0048203 0.00605925 -0.0226374 0.101592 0.00604446 -0.0161595 -0.0048203 0.00604446 0.0074493 -0.0151137 0.00605925 -0.0161595 -0.0151137 0.081478 
0.013318 -0.0225422 -0.00477602 0.00608573 -0.0225422 0.101326 0.00606939 -0.0162629 -0.00477602 0.00606939 0.00739707 -0.0152771 0.00608573 -0.0162629 -0.0152771 0.0817294 
0.0134038 -0.0226132 -0.00472538 0.00602636 -0.0226132 0.101377 0.00601793 -0.0162059 -0.00472538 0.00601793 0.00730175 -0.015251 0.00602636 -0.0162059 -0.015251 0.0818917 
0.0134279 -0.0226965 -0.00470911 0.0059469 -0.0226965 0.101491 0.00595397 -0.0160407 -0.00470911 0.00595397 0.00721591 -0.0151167 0.0059469 -0.0160407 -0.0151167 0.0816547 
0.0134736 -0.0227454 -0.00469424 0.00592857 -0.0227454 0.101668 0.00594204 -0.0159496 -0.00469424 0.00594204 0.00710982 -0.0150078 0.00592857 -0.0159496 -0.0150078 0.0813862 
0.0135234 -0.0228095 -0.00467158 0.0059137 -0.0228095 0.101858 0.00593168 -0.0159099 -0.00467158 0.00593168 0.00703626 -0.0148758 0.0059137 -0.0159099 -0.0148758 0.0810917 
0.0135073 -0.022865 -0.00467643 0.00588485 -0.022865 0.102003 0.00590418 -0.0158475 -0.00467643 0.00590418 0.00708716 -0.014771 0.00588485 -0.0158475 -0.014771 0.0807779 
0.013482 -0.0228492 -0.00468915 0.0058923 -0.0228492 0.10204 0.00590344 -0.0158281 -0.00468915 0.00590344 0.00716371 -0.014827 0.0058923 -0.0158281 -0.014827 0.0807289 
0.0134496 -0.0228275 -0.00468003 0.00589519 -0.0228275 0.102017 0.00589713 -0.0157958 -0.00468003 0.00589713 0.00732676 -0.014947 0.00589519 -0.0157958 -0.014947 0.0809653 
0.0134288 -0.0227972 -0.004677 0.00588627 -0.0227972 0.101982 0.00588176 -0.0157695 -0.004677 0.00588176 0.00744432 -0.0151618 0.00588627 -0.0157695 -0.0151618 0.0814304 
0.0133599 -0.0227591 -0.00469533 0.00586303 -0.0227591 0.101862 0.00585399 -0.0156866 -0.00469533 0.00585399 0.00756887 -0.0153249 0.00586303 -0.0156866 -0.0153249 0.0818852 
0.0133416 -0.022713 -0.00469694 0.00588248 -0.022713 0.101838 0.00586824 -0.0156683 -0.00469694 0.00586824 0.00767785 -0.0155144 0.00588248 -0.0156683 -0.0155144 0.0824542 
0.0133287 -0.0226624 -0.00468529 0.00587504 -0.0226624 0.101663 0.00585863 -0.0156418 -0.00468529 0.00585863 0.0077234 -0.015642 0.00587504 -0.0156418 -0.015642 0.0828279 
0.0133487 -0.0226739 -0.00469203 0.00587178 -0.0226739 0.101698 0.00585928 -0.0156452 -0.00469203 0.00585928 0.00769411 -0.0157166 0.00587178 -0.0156452 -0.0157166 0.0831504 
0.0133427 -0.0226835 -0.00468986 0.00586248 -0.0226835 0.101688 0.00585728 -0.015615 -0.00468986 0.00585728 0.00770396 -0.0156769 0.00586248 -0.015615 -0.0156769 0.0831776 
0.013344 -0.0226719 -0.00470047 0.0058709 -0.0226719 0.101666 0.00586813 -0.0156402 -0.00470047 0.00586813 0.00764714 -0.0156684 0.0058709 -0.0156402 -0.0156684 0.0831185 
0.013299 -0.0226762 -0.00474117 0.00588586 -0.0226762 0.101673 0.00588352 -0.0156763 -0.00474117 0.00588352 0.00765729 -0.0156067 0.00588586 -0.0156763 -0.0156067 0.0830255 
0.0132867 -0.0226029 -0.00474537 0.00593676 -0.0226029 0.101506 0.00593112 -0.0157708 -0.00474537 0.00593112 0.00763811 -0.0155946 0.00593676 -0.0157708 -0.0155946 0.0828979 
0.0133587 -0.0226237 -0.00468841 0.00593573 -0.0226237 0.101552 0.00593049 -0.0157967 -0.00468841 0.00593049 0.00766854 -0.0156116 0.00593573 -0.0157967 -0.0156116 0.0829979 
0.013356 -0.0226906 -0.00468383 0.00586555 -0.0226906 0.101629 0.00586759 -0.0157129 -0.00468383 0.00586759 0.00769091 -0.0156286 0.00586555 -0.0157129 -0.0156286 0.0829985 
