0.0105411 0 -0.0030325 0 0 0.00999265 0 0 -0.0030325 0 0.00535515 0 0 0 0 0.00999265 
0.014976 -0.0185566 -0.00411207 0.00502762 -0.0185566 0.0447454 0.00502762 -0.00964032 -0.00411207 0.00502762 0.00741235 -0.00927078 0.00502762 -0.00964032 -0.00927078 0.0269408 
0.0147307 -0.0267969 -0.00357685 0.00574482 -0.0267969 0.0948015 0.00574482 -0.0180811 -0.00357685 0.00574482 0.00776857 -0.0155715 0.00574482 -0.0180811 -0.0155715 0.0591936 
0.0137517 -0.0248515 -0.0031695 0.00405538 -0.0248515 0.106497 0.00406887 -0.0137526 -0.0031695 0.00406887 0.00741002 -0.0163765 0.00405538 -0.0137526 -0.0163765 0.0767593 
0.0138369 -0.0234328 -0.00320419 0.00366007 -0.0234328 0.105147 0.00368002 -0.0105306 -0.00320419 0.00368002 0.00717907 -0.0156807 0.00366007 -0.0105306 -0.0156807 0.081169 
0.0141768 -0.0235184 -0.00332545 0.00382714 -0.0235184 0.10443 0.00384777 -0.00996194 -0.00332545 0.00384777 0.00717933 -0.0152054 0.00382714 -0.00996194 -0.0152054 0.0815626 
0.0144306 -0.0239427 -0.00336081 0.00401021 -0.0239427 0.105111 0.00402681 -0.0102308 -0.00336081 0.00402681 0.00723962 -0.0151029 0.00401021 -0.0102308 -0.0151029 0.0815277 
0.0144714 -0.0241865 -0.00337034 0.00404491 -0.0241865 0.105735 0.00405409 -0.0103994 -0.00337034 0.00405409 0.00737525 -0.0151361 0.00404491 -0.0103994 -0.0151361 0.081587 
0.0144776 -0.0242298 -0.00336487 0.00404563 -0.0242298 0.106029 0.00404506 -0.01042 -0.00336487 0.00404506 0.00736681 -0.0152584 0.00404563 -0.01042 -0.0152584 0.0817766 
0.0145135 -0.0242335 -0.00332996 0.00403843 -0.0242335 0.106113 0.00403402 -0.0103984 -0.00332996 0.00403402 0.00736041 -0.0152748 0.00403843 -0.0103984 -0.0152748 0.0819534 
0.0145149 -0.0242704 -0.00331247 0.00399538 -0.0242704 0.106184 0.00399408 -0.0103234 -0.00331247 0.00399408 0.0074348 -0.0152668 0.00399538 -0.0103234 -0.0152668 0.0819804 
0.0145242 -0.0242759 -0.00330101 0.00396634 -0.0242759 0.10622 0.00396516 -0.0102426 -0.00330101 0.00396516 0.00742601 -0.0153135 0.00396634 -0.0102426 -0.0153135 0.0819621 
0.0144548 -0.024288 -0.00335924 0.0039538 -0.024288 0.106256 0.00395172 -0.0101911 -0.00335924 0.00395172 0.00746626 -0.0153259 0.0039538 -0.0101911 -0.0153259 0.082025 
0.0143752 -0.0241873 -0.00342 0.00402026 -0.0241873 0.106061 0.00401268 -0.0102669 -0.00342 0.00401268 0.00743747 -0.0153533 0.00402026 -0.0102669 -0.0153533 0.082025 
0.0143889 -0.0241226 -0.00343383 0.00411031 -0.0241226 0.105959 0.0040986 -0.0104584 -0.00343383 0.0040986 0.00737001 -0.0153571 0.00411031 -0.0104584 -0.0153571 0.0821514 
0.0143809 -0.0241024 -0.00343914 0.00412578 -0.0241024 0.105802 0.00412046 -0.0105691 -0.00343914 0.00412046 0.00732962 -0.0152636 0.00412578 -0.0105691 -0.0152636 0.0820041 
0.0143407 -0.024112 -0.00346727 0.00413481 -0.024112 0.105824 0.00413494 -0.0106221 -0.00346727 0.00413494 0.00739253 -0.0152243 0.00413481 -0.0106221 -0.0152243 0.0819146 
0.0143127 -0.0240328 -0.00346087 0.0041628 -0.0240328 0.105627 0.00416118 -0.0106725 -0.00346087 0.00416118 0.00747719 -0.0152977 0.0041628 -0.0106725 -0.0152977 0.081952 
0.0143591 -0.0240456 -0.00344956 0.00415674 -0.0240456 0.105667 0.00415214 -0.0106915 -0.00344956 0.00415214 0.00741008 -0.0153759 0.00415674 -0.0106915 -0.0153759 0.0821139 
0.0143959 -0.0240708 -0.00343498 0.00413634 -0.0240708 0.105646 0.00413373 -0.0106525 -0.00343498 0.00413373 0.0073002 -0.0152851 0.00413634 -0.0106525 -0.0152851 0.0819929 
0.0144703 -0.0241402 -0.00341329 0.00412599 -0.0241402 0.105825 0.00412841 -0.0106344 -0.00341329 0.00412841 0.00714472 -0.0151513 0.00412599 -0.0106344 -0.0151513 0.0817483 
0.0144991 -0.0242175 -0.00341394 0.0041077 -0.0242175 0.106005 0.00411487 -0.0106134 -0.00341394 0.00411487 0.0070326 -0.0149735 0.0041077 -0.0106134 -0.0149735 0.0813792 
0.0145066 -0.0242222 -0.00339407 0.00411323 -0.0242222 0.106021 0.00412234 -0.0106166 -0.00339407 0.00412234 0.00701829 -0.0148456 0.00411323 -0.0106166 -0.0148456 0.0810193 
0.0145305 -0.0242501 -0.00337104 0.00409455 -0.0242501 0.106108 0.00410505 -0.010607 -0.00337104 0.00410505 0.00699236 -0.0148068 0.00409455 -0.010607 -0.0148068 0.0808068 
0.0145259 -0.0242835 -0.00338534 0.00406336 -0.0242835 0.106203 0.00407384 -0.0105488 -0.00338534 0.00407384 0.00696567 -0.0147616 0.00406336 -0.0105488 -0.0147616 0.0806551 
0.0145561 -0.0242725 -0.00336478 0.00407991 -0.0242725 0.106213 0.00408707 -0.0105405 -0.00336478 0.00408707 0.00692763 -0.0147252 0.00407991 -0.0105405 -0.0147252 0.0805315 
0.0146198 -0.024302 -0.00333241 0.00406149 -0.024302 0.106243 0.00406675 -0.010522 -0.00333241 0.00406675 0.00682357 -0.0146676 0.00406149 -0.010522 -0.0146676 0.0803711 
0.0146336 -0.0243504 -0.00331129 0.00402743 -0.0243504 0.106277 0.00403337 -0.0104567 -0.00331129 0.00403337 0.00680939 -0.0145707 0.00402743 -0.0104567 -0.0145707 0.0801797 
0.0146224 -0.0243728 -0.00329117 0.0040115 -0.0243728 0.106351 0.00401602 -0.0104064 -0.00329117 0.00401602 0.00695097 -0.0146099 0.0040115 -0.0104064 -0.0146099 0.0802605 
0.0145775 -0.0243794 -0.00331097 0.00398187 -0.0243794 0.106423 0.00398251 -0.0103411 -0.00331097 0.00398251 0.00707082 -0.0147586 0.00398187 -0.0103411 -0.0147586 0.0805012 
0.0145717 -0.0243406 -0.00332385 0.00399365 -0.0243406 0.106412 0.00398978 -0.0103145 -0.00332385 0.00398978 0.00708572 -0.0148983 0.00399365 -0.0103145 -0.0148983 0.0808382 
0.0145233 -0.0243106 -0.00337074 0.0040031 -0.0243106 0.106291 0.00399896 -0.0103162 -0.00337074 0.00399896 0.00707851 -0.0149092 0.0040031 -0.0103162 -0.0149092 0.0809543 
0.0145275 -0.0242802 -0.00338754 0.00406851 -0.0242802 0.106279 0.00406086 -0.0104208 -0.00338754 0.00406086 0.0070842 -0.0149219 0.00406851 -0.0104208 -0.0149219 0.0810775 
0.014518 -0.0242505 -0.00338791 0.00409015 -0.0242505 0.106132 0.00408211 -0.0105096 -0.00338791 0.00408211 0.00708052 -0.0148916 0.00409015 -0.0105096 -0.0148916 0.0809644 
0.0146057 -0.0242554 -0.00330975 0.0040976 -0.0242554 0.106135 0.00409062 -0.0105591 -0.00330975 0.00409062 0.00708709 -0.0149213 0.0040976 -0.0105591 -0.0149213 0.0810434 
0.0146904 -0.0243599 -0.00324283 0.00399877 -0.0243599 0.106291 0.00399753 -0.0104342 -0.00324283 0.00399753 0.00699871 -0.0148907 0.00399877 -0.0104342 -0.0148907 0.0809488 
0.0147239 -0.0244477 -0.00321857 0.00391073 -0.0244477 0.106467 0.00391588 -0.0102271 -0.00321857 0.00391588 0.00689628 -0.0147932 0.00391073 -0.0102271 -0.0147932 0.0807474 
0.0147598 -0.0245143 -0.00321123 0.00388988 -0.0245143 0.106719 0.00389694 -0.0101189 -0.00321123 0.00389694 0.00683328 -0.0147083 0.00388988 -0.0101189 -0.0147083 0.080636 
0.0147322 -0.0245328 -0.00325166 0.00388295 -0.0245328 0.106778 0.00388944 -0.0100831 -0.00325166 0.00388944 0.0067675 -0.0145945 0.00388295 -0.0100831 -0.0145945 0.0803247 
0.0147523 -0.0245094 -0.00323691 0.00394248 -0.0245094 0.1068 0.00394544 -0.0101669 -0.00323691 0.00394544 0.00680932 -0.0145517 0.00394248 -0.0101669 -0.0145517 0.0802267 
0.0147788 -0.0245042 -0.00320629 0.00392824 -0.0245042 0.106702 0.00392731 -0.0102017 -0.00320629 0.00392731 0.00672465 -0.0145289 0.00392824 -0.0102017 -0.0145289 0.0799877 
0.014829 -0.0245487 -0.00317084 0.00389609 -0.0245487 0.106771 0.00389673 -0.0101624 -0.00317084 0.00389673 0.00658936 -0.0144326 0.00389609 -0.0101624 -0.0144326 0.0797866 
0.0148844 -0.024631 -0.00313842 0.00385967 -0.024631 0.107004 0.00386577 -0.0100968 -0.00313842 0.00386577 0.00651461 -0.0142994 0.00385967 -0.0100968 -0.0142994 0.0795833 
0.0149267 -0.02466 -0.00307526 0.00381601 -0.02466 0.107052 0.00382717 -0.0100009 -0.00307526 0.00382717 0.00645775 -0.0142024 0.00381601 -0.0100009 -0.0142024 0.0792912 
0.0149587 -0.0247404 -0.00305742 0.00374581 -0.0247404 0.107267 0.00376081 -0.00986709 -0.00305742 0.00376081 0.00645065 -0.014129 0.00374581 -0.00986709 -0.014129 0.0790946 
0.0149765 -0.024758 -0.00302852 0.00371884 -0.024758 0.107332 0.00373146 -0.00975432 -0.00302852 0.00373146 0.0064317 -0.0141237 0.00371884 -0.00975432 -0.0141237 0.0789954 
0.0149812 -0.0247756 -0.00301514 0.00368743 -0.0247756 0.107371 0.00369625 -0.00966764 -0.00301514 0.00369625 0.00646079 -0.0141086 0.00368743 -0.00966764 -0.0141086 0.0789566 
0.0149862 -0.0247982 -0.00302108 0.00367502 -0.0247982 0.107462 0.00368075 -0.00961681 -0.00302108 0.00368075 0.00649664 -0.0141416 0.00367502 -0.00961681 -0.0141416 0.0789994 
0.0149788 -0.0247901 -0.00302058 0.00368358 -0.0247901 0.107451 0.00368268 -0.00960242 -0.00302058 0.00368268 0.00658177 -0.0142056 0.00368358 -0.00960242 -0.0142056 0.0791445 
0.0150012 -0.0247858 -0.0029844 0.00368553 -0.0247858 0.107451 0.00367905 -0.00959982 -0.0029844 0.00367905 0.00662692 -0.0143427 0.00368553 -0.00959982 -0.0143427 0.0794766 
0.0149967 -0.024808 -0.00297324 0.00363643 -0.024808 0.107471 0.00363123 -0.00951815 -0.00297324 0.00363123 0.00668198 -0.0144242 0.00363643 -0.00951815 -0.0144242 0.0797787 
0.0150053 -0.0247905 -0.00293628 0.00361157 -0.0247905 0.107416 0.0036107 -0.00943382 -0.00293628 0.0036107 0.00667199 -0.0144684 0.00361157 -0.00943382 -0.0144684 0.0798967 
0.0151017 -0.0248304 -0.00282619 0.00356573 -0.0248304 0.107526 0.0035715 -0.00934013 -0.00282619 0.0035715 0.0066042 -0.014474 0.00356573 -0.00934013 -0.014474 0.0800097 
0.0151481 -0.0249234 -0.00276054 0.00342639 -0.0249234 0.107658 0.00344082 -0.00908886 -0.00276054 0.00344082 0.00655591 -0.0143694 0.00342639 -0.00908886 -0.0143694 0.0798121 
0.0151809 -0.0250056 -0.00273856 0.003351 -0.0250056 0.107924 0.00336782 -0.00886114 -0.00273856 0.00336782 0.00655151 -0.0143152 0.003351 -0.00886114 -0.0143152 0.0796661 
0.0151509 -0.0250432 -0.00280207 0.00333434 -0.0250432 0.108083 0.0033441 -0.00875912 -0.00280207 0.0033441 0.00657562 -0.0142941 0.00333434 -0.00875912 -0.0142941 0.0795514 
0.0151069 -0.024975 -0.00284905 0.0034166 -0.024975 0.107949 0.00341327 -0.00884755 -0.00284905 0.00341327 0.00659731 -0.0143158 0.0034166 -0.00884755 -0.0143158 0.0795 
0.0150777 -0.0249387 -0.0029132 0.00349473 -0.0249387 0.107872 0.00348049 -0.00903972 -0.0029132 0.00348049 0.0065334 -0.0143305 0.00349473 -0.00903972 -0.0143305 0.0795145 
0.0150834 -0.0249066 -0.00291923 0.00357372 -0.0249066 0.107807 0.00355666 -0.00923066 -0.00291923 0.00355666 0.00651795 -0.0143005 0.00357372 -0.00923066 -0.0143005 0.0795819 
0.0150609 -0.0248742 -0.00290417 0.00357495 -0.0248742 0.107631 0.00356322 -0.00930885 -0.00290417 0.00356322 0.00658479 -0.0142724 0.00357495 -0.00930885 -0.0142724 0.0794938 
0.0150542 -0.0248697 -0.0029123 0.00355348 -0.0248697 0.107607 0.0035492 -0.00930986 -0.0029123 0.0035492 0.00658782 -0.0143277 0.00355348 -0.00930986 -0.0143277 0.079512 
0.0150542 -0.024875 -0.00291765 0.00355665 -0.024875 0.107639 0.0035547 -0.00929878 -0.00291765 0.0035547 0.00661488 -0.0143506 0.00355665 -0.00929878 -0.0143506 0.079618 
0.015059 -0.0248923 -0.00292499 0.00356336 -0.0248923 0.107729 0.00356167 -0.00930584 -0.00292499 0.00356167 0.0066583 -0.0144081 0.00356336 -0.00930584 -0.0144081 0.0798087 
0.0150548 -0.0248627 -0.00291106 0.00356596 -0.0248627 0.107625 0.00356332 -0.00930543 -0.00291106 0.00356332 0.00664989 -0.0144401 0.00356596 -0.00930543 -0.0144401 0.0798618 
0.0150557 -0.0248904 -0.0029264 0.00355123 -0.0248904 0.10771 0.00355021 -0.00928829 -0.0029264 0.00355021 0.00665767 -0.0144511 0.00355123 -0.00928829 -0.0144511 0.0799715 
0.0150571 -0.0248554 -0.00292235 0.0035645 -0.0248554 0.10759 0.00356545 -0.00929986 -0.00292235 0.00356545 0.0065221 -0.014391 0.0035645 -0.00929986 -0.014391 0.0797477 
0.0150783 -0.0248841 -0.00291738 0.00356999 -0.0248841 0.107663 0.0035719 -0.00932456 -0.00291738 0.0035719 0.00646735 -0.0142615 0.00356999 -0.00932456 -0.0142615 0.0795594 
0.0150855 -0.0248968 -0.0029051 0.00356631 -0.0248968 0.107692 0.00356848 -0.00932691 -0.0029051 0.00356848 0.00646754 -0.014202 0.00356631 -0.00932691 -0.014202 0.0793787 
0.0150693 -0.0249077 -0.00293075 0.00355569 -0.0249077 0.10772 0.00355831 -0.00932423 -0.00293075 0.00355831 0.0064376 -0.0141692 0.00355569 -0.00932423 -0.0141692 0.0792061 
0.0150222 -0.0248771 -0.00297258 0.00358016 -0.0248771 0.107653 0.00358277 -0.00934526 -0.00297258 0.00358277 0.0064655 -0.0141507 0.00358016 -0.00934526 -0.0141507 0.0791455 
0.0150222 -0.0248258 -0.00297587 0.00363243 -0.0248258 0.107548 0.00363244 -0.00944607 -0.00297587 0.00363244 0.00640705 -0.0141544 0.00363243 -0.00944607 -0.0141544 0.0790782 
0.0150344 -0.024845 -0.00297376 0.00364074 -0.024845 0.107588 0.00364288 -0.00950711 -0.00297376 0.00364288 0.00639766 -0.0141005 0.00364074 -0.00950711 -0.0141005 0.0790353 
0.0150115 -0.0248406 -0.00299704 0.00363364 -0.0248406 0.107554 0.00363821 -0.00951318 -0.00299704 0.00363821 0.00639616 -0.0140547 0.00363364 -0.00951318 -0.0140547 0.078852 
0.0150016 -0.0248361 -0.00302948 0.00366363 -0.0248361 0.107601 0.00366628 -0.00955465 -0.00302948 0.00366628 0.00640797 -0.0140712 0.00366363 -0.00955465 -0.0140712 0.0788732 
0.0149595 -0.0247963 -0.00306179 0.00369981 -0.0247963 0.107484 0.00369835 -0.00962108 -0.00306179 0.00369835 0.00649565 -0.014093 0.00369981 -0.00962108 -0.014093 0.0789057 
0.0149401 -0.0247719 -0.00308031 0.00374634 -0.0247719 0.107467 0.00373918 -0.00972221 -0.00308031 0.00373918 0.00662466 -0.014212 0.00374634 -0.00972221 -0.014212 0.0791522 
0.014929 -0.0247075 -0.00306053 0.0037613 -0.0247075 0.107241 0.00374916 -0.00977899 -0.00306053 0.00374916 0.0066349 -0.0143406 0.0037613 -0.00977899 -0.0143406 0.0793528 
0.0149369 -0.0247309 -0.00305953 0.00373947 -0.0247309 0.107283 0.00373043 -0.0097682 -0.00305953 0.00373043 0.00663239 -0.0143795 0.00373947 -0.0097682 -0.0143795 0.0795862 
0.0148953 -0.0247208 -0.0030812 0.00372549 -0.0247208 0.107236 0.00372262 -0.0097232 -0.0030812 0.00372262 0.00669825 -0.014384 0.00372549 -0.0097232 -0.014384 0.07966 
0.0148448 -0.0246978 -0.00313444 0.00374853 -0.0246978 0.107252 0.00374698 -0.00974093 -0.00313444 0.00374698 0.00678942 -0.0144876 0.00374853 -0.00974093 -0.0144876 0.0799095 
0.0148222 -0.0246389 -0.00316365 0.00380813 -0.0246389 0.107157 0.00380272 -0.00983898 -0.00316365 0.00380272 0.00677797 -0.0145742 0.00380813 -0.00983898 -0.0145742 0.0801086 
0.0148411 -0.0246054 -0.00314561 0.00384112 -0.0246054 0.107043 0.00383674 -0.00993672 -0.00314561 0.00383674 0.00668337 -0.0145385 0.00384112 -0.00993672 -0.0145385 0.0800949 
0.014793 -0.0246327 -0.00320582 0.00381776 -0.0246327 0.107058 0.00382209 -0.00994708 -0.00320582 0.00382209 0.00665788 -0.0144059 0.00381776 -0.00994708 -0.0144059 0.0798472 
0.0147666 -0.0245553 -0.00321746 0.00388619 -0.0245553 0.106905 0.00388952 -0.0100305 -0.00321746 0.00388952 0.00662732 -0.0143707 0.00388619 -0.0100305 -0.0143707 0.0796479 
0.014796 -0.0245469 -0.00319085 0.00391119 -0.0245469 0.106882 0.00391519 -0.0101312 -0.00319085 0.00391519 0.00663835 -0.0143456 0.00391119 -0.0101312 -0.0143456 0.0795981 
0.0147832 -0.0245548 -0.00317809 0.00387309 -0.0245548 0.10682 0.00387921 -0.0101031 -0.00317809 0.00387921 0.00667196 -0.0143374 0.00387309 -0.0101031 -0.0143374 0.0794932 
0.0147957 -0.0245723 -0.00316514 0.00385528 -0.0245723 0.10691 0.00386116 -0.0100481 -0.00316514 0.00386116 0.00671451 -0.0143956 0.00385528 -0.0100481 -0.0143956 0.0796051 
0.0147969 -0.0245637 -0.00313859 0.00383232 -0.0245637 0.106871 0.00383742 -0.00997897 -0.00313859 0.00383742 0.00676995 -0.0144652 0.00383232 -0.00997897 -0.0144652 0.0797736 
0.0148025 -0.0245816 -0.00314168 0.00379572 -0.0245816 0.106915 0.00380016 -0.00989237 -0.00314168 0.00380016 0.00677043 -0.0145112 0.00379572 -0.00989237 -0.0145112 0.0798835 
0.0147442 -0.0245855 -0.00320151 0.00379723 -0.0245855 0.10693 0.00379889 -0.00984818 -0.00320151 0.00379889 0.00682648 -0.0145052 0.00379723 -0.00984818 -0.0145052 0.0799006 
0.0147124 -0.0245467 -0.00326564 0.00387996 -0.0245467 0.106953 0.00387134 -0.00996813 -0.00326564 0.00387134 0.00678707 -0.0145674 0.00387996 -0.00996813 -0.0145674 0.0800212 
0.014706 -0.0244584 -0.00326674 0.00396067 -0.0244584 0.106694 0.00394728 -0.0101511 -0.00326674 0.00394728 0.00670107 -0.0145132 0.00396067 -0.0101511 -0.0145132 0.0799394 
0.0146895 -0.0244638 -0.00330113 0.00397215 -0.0244638 0.10664 0.00396426 -0.0102634 -0.00330113 0.00396426 0.00667979 -0.0144145 0.00397215 -0.0102634 -0.0144145 0.0797784 
0.0147091 -0.0244638 -0.00331262 0.00401706 -0.0244638 0.106677 0.00401173 -0.0103699 -0.00331262 0.00401173 0.00664334 -0.0143798 0.00401706 -0.0103699 -0.0143798 0.0796544 
0.0147666 -0.0244699 -0.00326217 0.00403592 -0.0244699 0.106665 0.00402926 -0.0104515 -0.00326217 0.00402926 0.00655654 -0.0143283 0.00403592 -0.0104515 -0.0143283 0.0795109 
0.0147605 -0.024507 -0.00324973 0.00397385 -0.024507 0.106641 0.00397438 -0.010392 -0.00324973 0.00397438 0.00652589 -0.0142277 0.00397385 -0.010392 -0.0142277 0.079275 
0.0147778 -0.0245362 -0.00324607 0.00395827 -0.0245362 0.106774 0.00396364 -0.0103383 -0.00324607 0.00396364 0.00650412 -0.014184 0.00395827 -0.0103383 -0.014184 0.0791269 
0.0147998 -0.0245447 -0.00323599 0.00395384 -0.0245447 0.106803 0.00395923 -0.0103173 -0.00323599 0.00395923 0.00644122 -0.0141214 0.00395384 -0.0103173 -0.0141214 0.0789108 
0.01484 -0.0245842 -0.00321386 0.0039517 -0.0245842 0.10692 0.00395515 -0.0103115 -0.00321386 0.00395515 0.00643439 -0.014096 0.0039517 -0.0103115 -0.014096 0.0789033 
0.014772 -0.0245994 -0.0032715 0.00392443 -0.0245994 0.106907 0.00392588 -0.0102658 -0.0032715 0.00392588 0.00650207 -0.0140709 0.00392443 -0.0102658 -0.0140709 0.0787903 
0.014786 -0.0245567 -0.00327789 0.00400156 -0.0245567 0.106936 0.00399539 -0.0103622 -0.00327789 0.00399539 0.00650632 -0.0141621 0.00400156 -0.0103622 -0.0141621 0.0789484 
0.0148316 -0.024527 -0.00321279 0.00401035 -0.024527 0.106765 0.00400015 -0.0104328 -0.00321279 0.00400015 0.0064549 -0.0141413 0.00401035 -0.0104328 -0.0141413 0.0789053 
0.0149151 -0.0246091 -0.00313735 0.00393654 -0.0246091 0.106904 0.00393408 -0.0103554 -0.00313735 0.00393408 0.00637707 -0.0140897 0.00393654 -0.0103554 -0.0140897 0.0788407 
0.0149856 -0.0247226 -0.00309202 0.00384398 -0.0247226 0.107187 0.00384975 -0.0101771 -0.00309202 0.00384975 0.00623853 -0.0139853 0.00384398 -0.0101771 -0.0139853 0.0786367 
0.0149678 -0.0247596 -0.00310492 0.00378546 -0.0247596 0.107239 0.00379572 -0.0100094 -0.00310492 0.00379572 0.00614567 -0.0137968 0.00378546 -0.0100094 -0.0137968 0.0781727 
0.0149691 -0.0247873 -0.00312519 0.00381699 -0.0247873 0.107433 0.00382386 -0.010009 -0.00312519 0.00382386 0.00618053 -0.0137212 0.00381699 -0.010009 -0.0137212 0.0780021 
0.0149433 -0.0247327 -0.0031153 0.00384012 -0.0247327 0.10727 0.00384174 -0.0100545 -0.0031153 0.00384174 0.00619782 -0.0137333 0.00384012 -0.0100545 -0.0137333 0.0778477 
0.0150083 -0.0247467 -0.00303975 0.00383201 -0.0247467 0.107335 0.00383434 -0.010063 -0.00303975 0.00383434 0.00621894 -0.0138079 0.00383201 -0.010063 -0.0138079 0.078067 
0.015046 -0.0247835 -0.00295983 0.00372246 -0.0247835 0.107314 0.00373337 -0.00987749 -0.00295983 0.00373337 0.00625562 -0.0138361 0.00372246 -0.00987749 -0.0138361 0.0781539 
0.0150962 -0.0248599 -0.00290226 0.00361896 -0.0248599 0.107503 0.00363357 -0.00962698 -0.00290226 0.00363357 0.00624553 -0.0138705 0.00361896 -0.00962698 -0.0138705 0.078238 
0.0151002 -0.0249166 -0.0028985 0.00354902 -0.0249166 0.10766 0.00356127 -0.00940767 -0.0028985 0.00356127 0.00626623 -0.0138821 0.00354902 -0.00940767 -0.0138821 0.0783217 
0.0150982 -0.0249409 -0.00291105 0.00354839 -0.0249409 0.10782 0.00355359 -0.0093181 -0.00291105 0.00355359 0.0063747 -0.0139565 0.00354839 -0.0093181 -0.0139565 0.0785783 
0.0151168 -0.0249281 -0.00289062 0.00356808 -0.0249281 0.107827 0.00356591 -0.00932899 -0.00289062 0.00356591 0.00636095 -0.0140646 0.00356808 -0.00932899 -0.0140646 0.0787928 
0.0150673 -0.0249106 -0.00291584 0.00353887 -0.0249106 0.107687 0.00353556 -0.00928618 -0.00291584 0.00353556 0.00643013 -0.0140522 0.00353887 -0.00928618 -0.0140522 0.0788271 
0.0151071 -0.0248995 -0.00286907 0.00357209 -0.0248995 0.107741 0.0035676 -0.00931403 -0.00286907 0.0035676 0.00648152 -0.0141572 0.00357209 -0.00931403 -0.0141572 0.07907 
0.0150881 -0.024925 -0.00289392 0.00351436 -0.024925 0.10774 0.00351246 -0.00925518 -0.00289392 0.00351246 0.00646251 -0.0141976 0.00351436 -0.00925518 -0.0141976 0.0791708 
0.0150932 -0.0248976 -0.00286776 0.0035301 -0.0248976 0.107688 0.00353031 -0.00921799 -0.00286776 0.00353031 0.00649849 -0.0142073 0.0035301 -0.00921799 -0.0142073 0.0792753 
0.0151398 -0.0249416 -0.00284152 0.0035103 -0.0249416 0.107827 0.00351123 -0.00920786 -0.00284152 0.00351123 0.00644223 -0.0142351 0.0035103 -0.00920786 -0.0142351 0.0793597 
0.0151673 -0.024964 -0.0028019 0.00347587 -0.024964 0.107844 0.00347804 -0.0091427 -0.0028019 0.00347804 0.00636218 -0.0141459 0.00347587 -0.0091427 -0.0141459 0.079184 
0.0151405 -0.0249974 -0.0028378 0.00343344 -0.0249974 0.107904 0.00343799 -0.00905593 -0.0028378 0.00343799 0.00638363 -0.0140438 0.00343344 -0.00905593 -0.0140438 0.0789357 
0.0151066 -0.0249687 -0.0028803 0.00347928 -0.0249687 0.107891 0.00347857 -0.00909067 -0.0028803 0.00347857 0.00643073 -0.0140632 0.00347928 -0.00909067 -0.0140632 0.0788498 
0.0151044 -0.0249336 -0.00289453 0.003539 -0.0249336 0.10784 0.00353207 -0.00921516 -0.00289453 0.00353207 0.0064044 -0.0141275 0.003539 -0.00921516 -0.0141275 0.0789564 
0.0151103 -0.0249265 -0.00288956 0.00355747 -0.0249265 0.107795 0.00355055 -0.0093005 -0.00288956 0.00355055 0.00635128 -0.014091 0.00355747 -0.0093005 -0.014091 0.0789468 
0.0150829 -0.0249332 -0.00292414 0.00354394 -0.0249332 0.107788 0.00354398 -0.00930163 -0.00292414 0.00354398 0.00638007 -0.014038 0.00354394 -0.00930163 -0.014038 0.0788759 
0.0149978 -0.024888 -0.00300796 0.00357842 -0.024888 0.107682 0.00357871 -0.00934307 -0.00300796 0.00357871 0.00647964 -0.0140491 0.00357842 -0.00934307 -0.0140491 0.078793 
0.014971 -0.0248048 -0.00303981 0.00368375 -0.0248048 0.107551 0.003675 -0.00952283 -0.00303981 0.003675 0.00651451 -0.0141776 0.00368375 -0.00952283 -0.0141776 0.0790045 
0.0149492 -0.0247693 -0.00306545 0.00372443 -0.0247693 0.107428 0.0037143 -0.00967094 -0.00306545 0.0037143 0.00653978 -0.0142214 0.00372443 -0.00967094 -0.0142214 0.0791795 
0.0149664 -0.0247652 -0.00307555 0.003753 -0.0247652 0.107436 0.00374557 -0.00976742 -0.00307555 0.00374557 0.00647392 -0.0142408 0.003753 -0.00976742 -0.0142408 0.0792745 
0.0149636 -0.0247533 -0.00305913 0.00375654 -0.0247533 0.107349 0.00375397 -0.00979217 -0.00305913 0.00375397 0.00648808 -0.0141918 0.00375654 -0.00979217 -0.0141918 0.0792572 
0.0149208 -0.0247759 -0.00311327 0.00374003 -0.0247759 0.107417 0.00374032 -0.00978883 -0.00311327 0.00374032 0.00651537 -0.0141863 0.00374003 -0.00978883 -0.0141863 0.0792118 
0.0148869 -0.0246888 -0.00311627 0.00379349 -0.0246888 0.107212 0.00379258 -0.00984178 -0.00311627 0.00379258 0.00654364 -0.0142223 0.00379349 -0.00984178 -0.0142223 0.0792176 
0.0148711 -0.0247008 -0.00316479 0.00380562 -0.0247008 0.10727 0.00380599 -0.00991294 -0.00316479 0.00380599 0.00653014 -0.0142491 0.00380562 -0.00991294 -0.0142491 0.0793201 
0.0148603 -0.0246512 -0.00316232 0.00385475 -0.0246512 0.107151 0.00385501 -0.00998923 -0.00316232 0.00385501 0.00655196 -0.0142428 0.00385475 -0.00998923 -0.0142428 0.0793387 
0.0148541 -0.0246216 -0.00313172 0.00385276 -0.0246216 0.107012 0.00385315 -0.0100235 -0.00313172 0.00385315 0.00661642 -0.0142668 0.00385276 -0.0100235 -0.0142668 0.0793493 
0.0148072 -0.0246619 -0.00318328 0.00381572 -0.0246619 0.10714 0.00381846 -0.00997973 -0.00318328 0.00381846 0.00672767 -0.0143525 0.00381572 -0.00997973 -0.0143525 0.0795463 
0.01475 -0.0245895 -0.00321685 0.00386291 -0.0245895 0.107043 0.0038612 -0.00999875 -0.00321685 0.0038612 0.00685023 -0.0145023 0.00386291 -0.00999875 -0.0145023 0.0798686 
0.0146602 -0.024501 -0.00327639 0.00389558 -0.024501 0.106786 0.00389004 -0.0100633 -0.00327639 0.00389004 0.00689098 -0.014615 0.00389558 -0.0100633 -0.014615 0.0800864 
0.014625 -0.0244116 -0.00330608 0.00396464 -0.0244116 0.106585 0.00395703 -0.0101887 -0.00330608 0.00395703 0.0068965 -0.0146563 0.00396464 -0.0101887 -0.0146563 0.08024 
0.0146539 -0.0243752 -0.00329722 0.00400107 -0.0243752 0.10645 0.00399445 -0.0103064 -0.00329722 0.00399445 0.00677937 -0.0146215 0.00400107 -0.0103064 -0.0146215 0.0801686 
0.0146691 -0.0244421 -0.00332162 0.00399667 -0.0244421 0.1066 0.00399639 -0.01036 -0.00332162 0.00399639 0.00666245 -0.014464 0.00399667 -0.01036 -0.014464 0.0799003 
0.0146134 -0.0244018 -0.00336803 0.00402384 -0.0244018 0.106464 0.00402756 -0.0104115 -0.00336803 0.00402756 0.006616 -0.0143024 0.00402384 -0.0104115 -0.0143024 0.0794309 
0.0146422 -0.0243536 -0.00335112 0.00409442 -0.0243536 0.10638 0.00409405 -0.0105571 -0.00335112 0.00409405 0.00657644 -0.0142469 0.00409442 -0.0105571 -0.0142469 0.0791881 
0.0146473 -0.0243836 -0.00335872 0.00408439 -0.0243836 0.106382 0.00408333 -0.0106184 -0.00335872 0.00408333 0.0065448 -0.0142013 0.00408439 -0.0106184 -0.0142013 0.0790426 
0.0146919 -0.0244059 -0.00333055 0.00409794 -0.0244059 0.106485 0.00409654 -0.0106495 -0.00333055 0.00409654 0.00654545 -0.0141893 0.00409794 -0.0106495 -0.0141893 0.0790457 
0.0147331 -0.0244447 -0.00329695 0.00406299 -0.0244447 0.106549 0.00406271 -0.0106127 -0.00329695 0.00406271 0.00651067 -0.0141935 0.00406299 -0.0106127 -0.0141935 0.0790484 
0.0147236 -0.0244827 -0.00331217 0.00401497 -0.0244827 0.106602 0.00401769 -0.0105136 -0.00331217 0.00401769 0.00647297 -0.014125 0.00401497 -0.0105136 -0.014125 0.0788844 
0.0147138 -0.0244757 -0.00332492 0.00403896 -0.0244757 0.10663 0.00403949 -0.0105061 -0.00332492 0.00403949 0.00647174 -0.014104 0.00403896 -0.0105061 -0.014104 0.0788362 
0.0146829 -0.0244575 -0.00335049 0.00406409 -0.0244575 0.106594 0.00406043 -0.0105574 -0.00335049 0.00406043 0.00652946 -0.0141194 0.00406409 -0.0105574 -0.0141194 0.0788707 
0.0146933 -0.0244282 -0.00333685 0.00409762 -0.0244282 0.106553 0.00409081 -0.0106292 -0.00333685 0.00409081 0.00656577 -0.0142065 0.00409762 -0.0106292 -0.0142065 0.0790641 
0.0147189 -0.0244363 -0.00330455 0.00407655 -0.0244363 0.106531 0.00407198 -0.0106291 -0.00330455 0.00407198 0.00659199 -0.0142562 0.00407655 -0.0106291 -0.0142562 0.0792268 
