0.00424046 0 -0.00152446 0 0 0.00999897 0 0 -0.00152446 0 0.0118471 0 0 0 0 0.00999897 
0.00594015 -0.00747931 -0.00205327 0.002508 -0.00747931 0.0235085 0.002508 -0.00481052 -0.00205327 0.002508 0.0167037 -0.020666 0.002508 -0.00481052 -0.020666 0.0487941 
0.00677965 -0.0137388 -0.00181638 0.00283552 -0.0137388 0.0534891 0.00283552 -0.00891035 -0.00181638 0.00283552 0.01614 -0.0291568 0.00283552 -0.00891035 -0.0291568 0.10221 
0.00676074 -0.015453 -0.00165736 0.00202665 -0.015453 0.0734728 0.00203113 -0.00671903 -0.00165736 0.00203113 0.0148863 -0.0263917 0.00202665 -0.00671903 -0.0263917 0.111759 
0.00663985 -0.0150144 -0.00179455 0.00188722 -0.0150144 0.0791784 0.0018948 -0.0052416 -0.00179455 0.0018948 0.0148558 -0.0247173 0.00188722 -0.0052416 -0.0247173 0.108862 
0.00659035 -0.0146146 -0.00187809 0.00210688 -0.0146146 0.079967 0.00211501 -0.00523752 -0.00187809 0.00211501 0.0152159 -0.0247481 0.00210688 -0.00523752 -0.0247481 0.107737 
0.00664473 -0.0144894 -0.0018685 0.00223037 -0.0144894 0.0800847 0.00223387 -0.00554748 -0.0018685 0.00223387 0.0154728 -0.0251849 0.00223037 -0.00554748 -0.0251849 0.108314 
0.00668519 -0.0144936 -0.00189245 0.00220654 -0.0144936 0.0800845 0.00220282 -0.00560522 -0.00189245 0.00220282 0.0155223 -0.0254285 0.00220654 -0.00560522 -0.0254285 0.108918 
0.0066967 -0.0145494 -0.00187209 0.00222258 -0.0145494 0.0802234 0.00221977 -0.00560408 -0.00187209 0.00221977 0.0155264 -0.0254609 0.00222258 -0.00560408 -0.0254609 0.109144 
0.00672177 -0.0145765 -0.00187475 0.00219993 -0.0145765 0.0803889 0.00219803 -0.00557553 -0.00187475 0.00219803 0.0155314 -0.0254885 0.00219993 -0.00557553 -0.0254885 0.10931 
0.00657056 -0.0145298 -0.00192125 0.00219041 -0.0145298 0.0802046 0.00218751 -0.0055306 -0.00192125 0.00218751 0.015502 -0.0254671 0.00219041 -0.0055306 -0.0254671 0.109256 
0.00643079 -0.0143376 -0.00192263 0.00224682 -0.0143376 0.0797963 0.00224573 -0.00560278 -0.00192263 0.00224573 0.0154975 -0.0254153 0.00224682 -0.00560278 -0.0254153 0.109103 
0.00629469 -0.0141582 -0.00188295 0.00226353 -0.0141582 0.0793423 0.00226358 -0.00568649 -0.00188295 0.00226358 0.0155371 -0.0254317 0.00226353 -0.00568649 -0.0254317 0.109125 
0.00625209 -0.0139993 -0.00184684 0.00223023 -0.0139993 0.0789347 0.00222762 -0.00567512 -0.00184684 0.00222762 0.015566 -0.0254775 0.00223023 -0.00567512 -0.0254775 0.109213 
0.00631135 -0.0139536 -0.00188489 0.00219431 -0.0139536 0.0787115 0.00219088 -0.00561137 -0.00188489 0.00219088 0.0155416 -0.0255054 0.00219431 -0.00561137 -0.0255054 0.109287 
0.00633779 -0.0140186 -0.00186767 0.0022329 -0.0140186 0.0787178 0.00223273 -0.00564184 -0.00186767 0.00223273 0.0155421 -0.02547 0.0022329 -0.00564184 -0.02547 0.109239 
0.00634948 -0.0140719 -0.00189289 0.00221477 -0.0140719 0.0788722 0.00221523 -0.00564368 -0.00189289 0.00221523 0.0155272 -0.025477 0.00221477 -0.00564368 -0.025477 0.109235 
0.00632742 -0.0140967 -0.00193242 0.00223934 -0.0140967 0.0790251 0.00224037 -0.00566577 -0.00193242 0.00224037 0.015523 -0.0254821 0.00223934 -0.00566577 -0.0254821 0.10931 
0.00629269 -0.0140394 -0.00196832 0.00228121 -0.0140394 0.078886 0.00228393 -0.00574109 -0.00196832 0.00228393 0.015487 -0.0254297 0.00228121 -0.00574109 -0.0254297 0.109133 
0.00627127 -0.0140188 -0.00195899 0.00233257 -0.0140188 0.0788884 0.00233667 -0.00586396 -0.00195899 0.00233667 0.015513 -0.0254327 0.00233257 -0.00586396 -0.0254327 0.109187 
0.00627809 -0.0139838 -0.0019629 0.00232477 -0.0139838 0.0787876 0.0023276 -0.00590417 -0.0019629 0.0023276 0.0154967 -0.0254329 0.00232477 -0.00590417 -0.0254329 0.109135 
0.00626899 -0.0139813 -0.00192695 0.0023266 -0.0139813 0.0787292 0.0023264 -0.00590867 -0.00192695 0.0023264 0.0155119 -0.0254208 0.0023266 -0.00590867 -0.0254208 0.109114 
0.0061768 -0.0139555 -0.00186319 0.00228304 -0.0139555 0.0786443 0.00227862 -0.00583662 -0.00186319 0.00227862 0.0155474 -0.0254379 0.00228304 -0.00583662 -0.0254379 0.109122 
0.00609839 -0.0138522 -0.00182497 0.00221141 -0.0138522 0.0784653 0.00220144 -0.00568499 -0.00182497 0.00220144 0.0155751 -0.0254814 0.00221141 -0.00568499 -0.0254814 0.1092 
0.00598902 -0.0137381 -0.0018649 0.00216751 -0.0137381 0.0782078 0.00215819 -0.00555313 -0.0018649 0.00215819 0.0155792 -0.0255391 0.00216751 -0.00555313 -0.0255391 0.109391 
0.00592525 -0.0135805 -0.00188637 0.00221671 -0.0135805 0.0777985 0.00221336 -0.00558993 -0.00188637 0.00221336 0.0155689 -0.0255204 0.00221671 -0.00558993 -0.0255204 0.109379 
0.00591119 -0.0134932 -0.00188442 0.00225256 -0.0134932 0.0774575 0.00225349 -0.00569882 -0.00188442 0.00225349 0.0155542 -0.0254804 0.00225256 -0.00569882 -0.0254804 0.109238 
0.00592475 -0.0134622 -0.00191919 0.00225299 -0.0134622 0.0772995 0.00225442 -0.00574977 -0.00191919 0.00225442 0.0155458 -0.0254996 0.00225299 -0.00574977 -0.0254996 0.109302 
0.00596499 -0.0135047 -0.00192751 0.00229631 -0.0135047 0.0773715 0.00229917 -0.0058299 -0.00192751 0.00229917 0.0155522 -0.0254921 0.00229631 -0.0058299 -0.0254921 0.109329 
0.00598262 -0.0135266 -0.00194188 0.00230004 -0.0135266 0.0773641 0.00230505 -0.00587167 -0.00194188 0.00230505 0.0155321 -0.0254761 0.00230004 -0.00587167 -0.0254761 0.109253 
0.00596416 -0.0135553 -0.00193124 0.00231553 -0.0135553 0.0774379 0.00232077 -0.00590655 -0.00193124 0.00232077 0.0155407 -0.0254692 0.00231553 -0.00590655 -0.0254692 0.109254 
0.00596685 -0.0135243 -0.00197466 0.00230253 -0.0135243 0.0773828 0.00230393 -0.00589628 -0.00197466 0.00230393 0.0155015 -0.0254585 0.00230253 -0.00589628 -0.0254585 0.109177 
0.00600912 -0.0135771 -0.0020127 0.002359 -0.0135771 0.0775649 0.00236133 -0.00597655 -0.0020127 0.00236133 0.0154881 -0.0254435 0.002359 -0.00597655 -0.0254435 0.10922 
0.00597122 -0.01359 -0.00200535 0.00239649 -0.01359 0.0775451 0.00239924 -0.00606885 -0.00200535 0.00239924 0.0154753 -0.0253852 0.00239649 -0.00606885 -0.0253852 0.109025 
0.00590487 -0.0135437 -0.00199129 0.00238949 -0.0135437 0.0774949 0.00239008 -0.00609131 -0.00199129 0.00239008 0.0154887 -0.025391 0.00238949 -0.00609131 -0.025391 0.109009 
0.00595711 -0.0134921 -0.00198834 0.0023822 -0.0134921 0.0774433 0.00237932 -0.00608316 -0.00198834 0.00237932 0.015494 -0.0254074 0.0023822 -0.00608316 -0.0254074 0.109037 
0.00600754 -0.0135515 -0.00198219 0.00237813 -0.0135515 0.0775262 0.00237623 -0.00607202 -0.00198219 0.00237623 0.0155089 -0.0254377 0.00237813 -0.00607202 -0.0254377 0.109165 
0.00608493 -0.0136228 -0.00200244 0.00236715 -0.0136228 0.0776657 0.00236643 -0.00605049 -0.00200244 0.00236643 0.015485 -0.0254271 0.00236715 -0.00605049 -0.0254271 0.109124 
0.00615764 -0.0137101 -0.00204622 0.00238221 -0.0137101 0.0778224 0.00238414 -0.00605768 -0.00204622 0.00238414 0.0154353 -0.0253839 0.00238221 -0.00605768 -0.0253839 0.108994 
0.00615516 -0.0138178 -0.00205886 0.00243106 -0.0138178 0.0781259 0.00243612 -0.00613972 -0.00205886 0.00243612 0.0154384 -0.0253593 0.00243106 -0.00613972 -0.0253593 0.108987 
0.00612038 -0.0137776 -0.00210362 0.00243679 -0.0137776 0.0781197 0.00244133 -0.00618063 -0.00210362 0.00244133 0.0154175 -0.0253614 0.00243679 -0.00618063 -0.0253614 0.108977 
0.00620666 -0.0137578 -0.00215506 0.0024973 -0.0137578 0.0781015 0.00250257 -0.00628701 -0.00215506 0.00250257 0.0153759 -0.0253249 0.0024973 -0.00628701 -0.0253249 0.108897 
0.0062631 -0.0138575 -0.00212209 0.00255929 -0.0138575 0.0782102 0.00256767 -0.00643805 -0.00212209 0.00256767 0.0153819 -0.0252602 0.00255929 -0.00643805 -0.0252602 0.108724 
0.00617023 -0.0139209 -0.00203309 0.00251524 -0.0139209 0.0783968 0.00252098 -0.0064288 -0.00203309 0.00252098 0.0154582 -0.0253067 0.00251524 -0.0064288 -0.0253067 0.10882 
0.00602118 -0.0138199 -0.00193443 0.00241291 -0.0138199 0.0783154 0.0024079 -0.00623517 -0.00193443 0.0024079 0.0155224 -0.0253784 0.00241291 -0.00623517 -0.0253784 0.108936 
0.00587289 -0.0136055 -0.00186535 0.002299 -0.0136055 0.0778623 0.00228476 -0.00596011 -0.00186535 0.00228476 0.0155649 -0.0254515 0.002299 -0.00596011 -0.0254515 0.109091 
0.00587876 -0.0134626 -0.00189248 0.00223456 -0.0134626 0.0775424 0.00221691 -0.0057622 -0.00189248 0.00221691 0.0155608 -0.0255161 0.00223456 -0.0057622 -0.0255161 0.109302 
0.0058854 -0.0134235 -0.00187758 0.00225934 -0.0134235 0.0772282 0.00224789 -0.00573146 -0.00187758 0.00224789 0.0155457 -0.0254732 0.00225934 -0.00573146 -0.0254732 0.109212 
0.0059925 -0.0134523 -0.00194755 0.00224749 -0.0134523 0.0772239 0.00224059 -0.00573761 -0.00194755 0.00224059 0.0154974 -0.0254697 0.00224749 -0.00573761 -0.0254697 0.109195 
0.00606766 -0.0135757 -0.00199319 0.0023177 -0.0135757 0.077433 0.0023187 -0.00583711 -0.00199319 0.0023187 0.0154842 -0.0254386 0.0023177 -0.00583711 -0.0254386 0.109205 
0.0059384 -0.0136372 -0.00195546 0.00236 -0.0136372 0.0775539 0.00236854 -0.00595643 -0.00195546 0.00236854 0.0155162 -0.0254019 0.00236 -0.00595643 -0.0254019 0.109091 
0.00582296 -0.0135047 -0.00193108 0.00232953 -0.0135047 0.0774425 0.00233505 -0.0059599 -0.00193108 0.00233505 0.0155387 -0.0254349 0.00232953 -0.0059599 -0.0254349 0.109094 
0.00585755 -0.0133892 -0.00192622 0.00231495 -0.0133892 0.0772642 0.00231615 -0.00593384 -0.00192622 0.00231615 0.015556 -0.0254842 0.00231495 -0.00593384 -0.0254842 0.109246 
0.00589124 -0.0133744 -0.00196241 0.00230526 -0.0133744 0.0770079 0.00230552 -0.00590751 -0.00196241 0.00230552 0.0155175 -0.0254649 0.00230526 -0.00590751 -0.0254649 0.109167 
0.00595704 -0.0134581 -0.00195745 0.00235245 -0.0134581 0.077191 0.00235697 -0.00598098 -0.00195745 0.00235697 0.0155323 -0.0254683 0.00235245 -0.00598098 -0.0254683 0.109267 
0.00597771 -0.0135139 -0.00198824 0.00233824 -0.0135139 0.0772894 0.00234182 -0.00599497 -0.00198824 0.00234182 0.015504 -0.0254608 0.00233824 -0.00599497 -0.0254608 0.109223 
0.00598698 -0.0135491 -0.00198718 0.00236823 -0.0135491 0.0773873 0.00237129 -0.00602638 -0.00198718 0.00237129 0.0154868 -0.0254132 0.00236823 -0.00602638 -0.0254132 0.109098 
0.0061309 -0.013624 -0.00199135 0.00237916 -0.013624 0.0776851 0.00237997 -0.00606582 -0.00199135 0.00237997 0.0154882 -0.02542 0.00237916 -0.00606582 -0.02542 0.109131 
0.00623395 -0.0137644 -0.0020181 0.00236846 -0.0137644 0.0779211 0.00236832 -0.00604517 -0.0020181 0.00236832 0.0154549 -0.0254037 0.00236846 -0.00604517 -0.0254037 0.109069 
0.00630611 -0.0138941 -0.00207578 0.00238778 -0.0138941 0.0782259 0.00239048 -0.00605201 -0.00207578 0.00239048 0.0154029 -0.0253595 0.00238778 -0.00605201 -0.0253595 0.108956 
0.00635935 -0.0140234 -0.0020694 0.00245487 -0.0140234 0.0786612 0.0024633 -0.00616676 -0.0020694 0.0024633 0.0154153 -0.0253327 0.00245487 -0.00616676 -0.0253327 0.108963 
0.00631213 -0.0140766 -0.00205535 0.00244336 -0.0140766 0.0788538 0.00244964 -0.0061972 -0.00205535 0.00244964 0.0154177 -0.0253179 0.00244336 -0.0061972 -0.0253179 0.108862 
0.0062423 -0.0140265 -0.00205206 0.00242601 -0.0140265 0.0788877 0.00242701 -0.00615969 -0.00205206 0.00242701 0.0154287 -0.025347 0.00242601 -0.00615969 -0.025347 0.10894 
0.00622501 -0.0139298 -0.00202461 0.00242506 -0.0139298 0.0786697 0.00242038 -0.00613469 -0.00202461 0.00242038 0.0154267 -0.0253199 0.00242506 -0.00613469 -0.0253199 0.108829 
0.00614263 -0.0138752 -0.00201358 0.00239144 -0.0138752 0.0784699 0.00238456 -0.00607298 -0.00201358 0.00238456 0.0154477 -0.0253568 0.00239144 -0.00607298 -0.0253568 0.108934 
0.00612207 -0.0137876 -0.00199721 0.00238276 -0.0137876 0.0782811 0.00237396 -0.00603238 -0.00199721 0.00237396 0.0154584 -0.0253695 0.00238276 -0.00603238 -0.0253695 0.108977 
0.00617113 -0.0137622 -0.00208554 0.00236815 -0.0137622 0.0781632 0.00236102 -0.00600298 -0.00208554 0.00236102 0.0154042 -0.025382 0.00236815 -0.00600298 -0.025382 0.109013 
0.00620783 -0.0137891 -0.0021892 0.0024603 -0.0137891 0.0780954 0.00246126 -0.00612784 -0.0021892 0.00246126 0.0153218 -0.0253088 0.0024603 -0.00612784 -0.0253088 0.108887 
0.00628788 -0.0138547 -0.00226985 0.00258836 -0.0138547 0.0782499 0.00259934 -0.00641376 -0.00226985 0.00259934 0.0152673 -0.0252276 0.00258836 -0.00641376 -0.0252276 0.108744 
0.00637615 -0.0139446 -0.00230628 0.00268236 -0.0139446 0.0783974 0.0026984 -0.00668479 -0.00230628 0.0026984 0.0152083 -0.0251239 0.00268236 -0.00668479 -0.0251239 0.108424 
0.00648591 -0.014088 -0.00230835 0.00272985 -0.014088 0.0787698 0.00274388 -0.0068605 -0.00230835 0.00274388 0.0152026 -0.0250798 0.00272985 -0.0068605 -0.0250798 0.1083 
0.00648535 -0.0142111 -0.00226386 0.00271969 -0.0142111 0.079101 0.00272846 -0.00688242 -0.00226386 0.00272846 0.0152423 -0.0250849 0.00271969 -0.00688242 -0.0250849 0.108285 
0.00641012 -0.0141919 -0.002232 0.00265696 -0.0141919 0.0791467 0.00265868 -0.00676091 -0.002232 0.00265868 0.0152657 -0.0251202 0.00265696 -0.00676091 -0.0251202 0.108301 
0.00628784 -0.0141074 -0.00217606 0.00262386 -0.0141074 0.0790314 0.00261908 -0.00664685 -0.00217606 0.00261908 0.0153113 -0.0251495 0.00262386 -0.00664685 -0.0251495 0.108369 
0.00620982 -0.0139742 -0.00219497 0.00257089 -0.0139742 0.0788295 0.00256227 -0.00653366 -0.00219497 0.00256227 0.0153335 -0.0252316 0.00257089 -0.00653366 -0.0252316 0.108603 
0.00611449 -0.0138305 -0.00221759 0.00258959 -0.0138305 0.0783875 0.0025824 -0.00651098 -0.00221759 0.0025824 0.0153146 -0.0252182 0.00258959 -0.00651098 -0.0252182 0.108571 
0.00605303 -0.0137264 -0.00221493 0.00263174 -0.0137264 0.0781328 0.00263003 -0.0066067 -0.00221493 0.00263003 0.0153426 -0.0252319 0.00263174 -0.0066067 -0.0252319 0.108677 
0.00607049 -0.0136376 -0.0021735 0.00263725 -0.0136376 0.0778246 0.00263551 -0.00667046 -0.0021735 0.00263551 0.0153541 -0.0252165 0.00263725 -0.00667046 -0.0252165 0.108572 
0.00604788 -0.0136151 -0.00213843 0.00258136 -0.0136151 0.0775977 0.00257775 -0.00659826 -0.00213843 0.00257775 0.0153695 -0.0252476 0.00258136 -0.00659826 -0.0252476 0.108613 
0.00596948 -0.0135862 -0.00212696 0.00253503 -0.0135862 0.0775115 0.00252981 -0.00648141 -0.00212696 0.00252981 0.0153949 -0.0252971 0.00253503 -0.00648141 -0.0252971 0.10879 
0.00583178 -0.013454 -0.00210115 0.00251403 -0.013454 0.0771599 0.00250785 -0.00639439 -0.00210115 0.00250785 0.0154052 -0.0252823 0.00251403 -0.00639439 -0.0252823 0.108718 
0.00581813 -0.0133398 -0.00206406 0.00250982 -0.0133398 0.0769723 0.00250371 -0.00638247 -0.00206406 0.00250371 0.0154426 -0.0253166 0.00250982 -0.00638247 -0.0253166 0.108808 
0.00587423 -0.0133279 -0.00205116 0.00247299 -0.0133279 0.0768935 0.00246785 -0.00633533 -0.00205116 0.00246785 0.0154672 -0.0253712 0.00247299 -0.00633533 -0.0253712 0.108962 
0.00585595 -0.0133784 -0.00203995 0.00244801 -0.0133784 0.0768702 0.00244624 -0.00626847 -0.00203995 0.00244624 0.0154613 -0.0253649 0.00244801 -0.00626847 -0.0253649 0.10892 
0.0058007 -0.0133769 -0.00201768 0.00243607 -0.0133769 0.0769574 0.00243623 -0.00623074 -0.00201768 0.00243623 0.0154886 -0.0253948 0.00243607 -0.00623074 -0.0253948 0.109038 
0.00571095 -0.0132599 -0.00199848 0.00240364 -0.0132599 0.0766761 0.00240145 -0.00616226 -0.00199848 0.00240145 0.0154848 -0.0253896 0.00240364 -0.00616226 -0.0253896 0.108976 
0.00565174 -0.0131492 -0.00197534 0.0023894 -0.0131492 0.0764005 0.00238477 -0.00611594 -0.00197534 0.00238477 0.015504 -0.0253989 0.0023894 -0.00611594 -0.0253989 0.109001 
0.00563255 -0.0130712 -0.00204945 0.00236803 -0.0130712 0.0761808 0.00236348 -0.00607326 -0.00204945 0.00236348 0.01548 -0.025442 0.00236803 -0.00607326 -0.025442 0.109134 
0.0056373 -0.0130297 -0.00215519 0.00245223 -0.0130297 0.0759704 0.00245602 -0.0061909 -0.00215519 0.00245602 0.0153985 -0.0253766 0.00245223 -0.0061909 -0.0253766 0.108995 
0.00564605 -0.0130424 -0.00216888 0.00258531 -0.0130424 0.0759799 0.00259738 -0.00648296 -0.00216888 0.00259738 0.0153994 -0.0253176 0.00258531 -0.00648296 -0.0253176 0.108935 
0.00557107 -0.0130336 -0.0020881 0.0026043 -0.0130336 0.0759144 0.00261482 -0.00664525 -0.0020881 0.00261482 0.0154368 -0.0252864 0.0026043 -0.00664525 -0.0252864 0.10878 
0.00556167 -0.0129463 -0.00207943 0.00251298 -0.0129463 0.075781 0.00250943 -0.00653431 -0.00207943 0.00250943 0.0154479 -0.0253464 0.00251298 -0.00653431 -0.0253464 0.10886 
0.00560691 -0.0129679 -0.0020718 0.00250647 -0.0129679 0.0758139 0.00249764 -0.00644496 -0.0020718 0.00249764 0.0154623 -0.0253657 0.00250647 -0.00644496 -0.0253657 0.108954 
0.00559451 -0.0129896 -0.00207254 0.0024857 -0.0129896 0.0757882 0.00248043 -0.00638508 -0.00207254 0.00248043 0.015457 -0.0253676 0.0024857 -0.00638508 -0.0253676 0.108945 
0.00557589 -0.0129954 -0.00205902 0.00248968 -0.0129954 0.0758624 0.00248861 -0.00637577 -0.00205902 0.00248861 0.0154753 -0.025384 0.00248968 -0.00637577 -0.025384 0.109026 
0.00552902 -0.0129783 -0.00201083 0.00247701 -0.0129783 0.0758356 0.00247669 -0.00636198 -0.00201083 0.00247669 0.0154914 -0.0253731 0.00247701 -0.00636198 -0.0253731 0.108954 
0.00553087 -0.0129006 -0.00204634 0.00241915 -0.0129006 0.0756734 0.00241338 -0.0062594 -0.00204634 0.00241338 0.0154656 -0.0254038 0.00241915 -0.0062594 -0.0254038 0.109001 
0.00559931 -0.0129477 -0.00207562 0.0024704 -0.0129477 0.0757831 0.00246678 -0.00629502 -0.00207562 0.00246678 0.0154526 -0.0253888 0.0024704 -0.00629502 -0.0253888 0.109049 
0.00571509 -0.0130302 -0.00209582 0.00250195 -0.0130302 0.0759352 0.00250297 -0.00638059 -0.00209582 0.00250297 0.0154243 -0.0253509 0.00250195 -0.00638059 -0.0253509 0.108943 
0.00580267 -0.0131825 -0.00208933 0.00251882 -0.0131825 0.0762687 0.00252127 -0.00643438 -0.00208933 0.00252127 0.0154266 -0.0253312 0.00251882 -0.00643438 -0.0253312 0.108903 
0.00587974 -0.0132993 -0.0021447 0.00249946 -0.0132993 0.0766067 0.00250147 -0.00640898 -0.0021447 0.00250147 0.0153907 -0.0253409 0.00249946 -0.00640898 -0.0253409 0.10892 
0.00584015 -0.0133516 -0.00217473 0.00254309 -0.0133516 0.0767213 0.00254931 -0.00643977 -0.00217473 0.00254931 0.0153616 -0.0252844 0.00254309 -0.00643977 -0.0252844 0.108794 
0.00579996 -0.0133244 -0.00217961 0.00258856 -0.0133244 0.0767581 0.00259576 -0.00654523 -0.00217961 0.00259576 0.0153581 -0.0252458 0.00258856 -0.00654523 -0.0252458 0.108674 
0.00579783 -0.0132558 -0.00216458 0.00259949 -0.0132558 0.0766208 0.00260442 -0.00660617 -0.00216458 0.00260442 0.0153709 -0.0252462 0.00259949 -0.00660617 -0.0252462 0.108638 
0.00575503 -0.0132552 -0.0021181 0.00258635 -0.0132552 0.076584 0.00258884 -0.00660781 -0.0021181 0.00258884 0.0154166 -0.0252869 0.00258635 -0.00660781 -0.0252869 0.108758 
0.00576705 -0.0132298 -0.00209501 0.00253993 -0.0132298 0.0765785 0.00253797 -0.00653488 -0.00209501 0.00253797 0.0154316 -0.0253293 0.00253993 -0.00653488 -0.0253293 0.108852 
0.00575625 -0.0132097 -0.00208724 0.00250162 -0.0132097 0.0764637 0.00249624 -0.00642551 -0.00208724 0.00249624 0.0154271 -0.025339 0.00250162 -0.00642551 -0.025339 0.108882 
0.0057619 -0.0132117 -0.00211667 0.00249348 -0.0132117 0.0764663 0.002487 -0.00636936 -0.00211667 0.002487 0.0154095 -0.025343 0.00249348 -0.00636936 -0.025343 0.108919 
0.00577639 -0.0132177 -0.00215335 0.00252647 -0.0132177 0.0764524 0.00252442 -0.00640505 -0.00215335 0.00252442 0.015366 -0.0252987 0.00252647 -0.00640505 -0.0252987 0.108804 
0.00582908 -0.0132558 -0.00221533 0.00257471 -0.0132558 0.0765879 0.00257635 -0.00651326 -0.00221533 0.00257635 0.0153421 -0.0252806 0.00257471 -0.00651326 -0.0252806 0.108817 
0.0057845 -0.0132896 -0.00217864 0.00263699 -0.0132896 0.0766241 0.00264407 -0.00664825 -0.00217864 0.00264407 0.0153653 -0.0252341 0.00263699 -0.00664825 -0.0252341 0.108701 
0.005824 -0.0132706 -0.00213261 0.00261058 -0.0132706 0.076672 0.00261406 -0.00667784 -0.00213261 0.00261406 0.0153927 -0.0252531 0.00261058 -0.00667784 -0.0252531 0.108667 
0.00585131 -0.0133235 -0.00210352 0.00255388 -0.0133235 0.076761 0.00255203 -0.00657592 -0.00210352 0.00255203 0.0154122 -0.0252919 0.00255388 -0.00657592 -0.0252919 0.108735 
0.0059415 -0.0133594 -0.00216685 0.00251234 -0.0133594 0.0768431 0.00250721 -0.00645159 -0.00216685 0.00250721 0.0153624 -0.0253026 0.00251234 -0.00645159 -0.0253026 0.108742 
0.00598601 -0.0134671 -0.00220622 0.00257701 -0.0134671 0.0770413 0.00258186 -0.00650306 -0.00220622 0.00258186 0.0153332 -0.0252562 0.00257701 -0.00650306 -0.0252562 0.108699 
0.0058775 -0.013498 -0.00217183 0.00261699 -0.013498 0.0771568 0.00262829 -0.00661333 -0.00217183 0.00262829 0.0153614 -0.0252365 0.00261699 -0.00661333 -0.0252365 0.108673 
0.00585073 -0.0133879 -0.00216601 0.00258834 -0.0133879 0.0770849 0.00259216 -0.00661665 -0.00216601 0.00259216 0.0153751 -0.0252748 0.00258834 -0.00661665 -0.0252748 0.108745 
0.00583877 -0.013326 -0.00217815 0.00258014 -0.013326 0.0768652 0.00257693 -0.00657778 -0.00217815 0.00257693 0.0153584 -0.0252767 0.00258014 -0.00657778 -0.0252767 0.108752 
0.00580609 -0.013298 -0.00218256 0.00259303 -0.013298 0.0767235 0.00258987 -0.0065827 -0.00218256 0.00258987 0.015347 -0.0252611 0.00259303 -0.0065827 -0.0252611 0.108738 
0.00576808 -0.0132708 -0.00218745 0.00260386 -0.0132708 0.07665 0.00259933 -0.00660926 -0.00218745 0.00259933 0.0153395 -0.0252373 0.00260386 -0.00660926 -0.0252373 0.10867 
0.00581999 -0.0132564 -0.00222527 0.00262194 -0.0132564 0.0766641 0.00261609 -0.00665431 -0.00222527 0.00261609 0.015312 -0.025226 0.00262194 -0.00665431 -0.025226 0.108629 
0.00597986 -0.0133215 -0.00232073 0.0026651 -0.0133215 0.0767745 0.00266276 -0.00673823 -0.00232073 0.00266276 0.0152386 -0.0251976 0.0026651 -0.00673823 -0.0251976 0.108582 
0.00606439 -0.0134942 -0.00233919 0.00276054 -0.0134942 0.0770263 0.00277088 -0.00692161 -0.00233919 0.00277088 0.0152019 -0.0250924 0.00276054 -0.00692161 -0.0250924 0.108338 
0.00605568 -0.0136048 -0.00230743 0.00277756 -0.0136048 0.0773364 0.00279078 -0.00703438 -0.00230743 0.00279078 0.0152137 -0.0250561 0.00277756 -0.00703438 -0.0250561 0.108191 
0.0059825 -0.0135806 -0.00226659 0.00273113 -0.0135806 0.0774194 0.00273574 -0.00697221 -0.00226659 0.00273574 0.015259 -0.0251007 0.00273113 -0.00697221 -0.0251007 0.108282 
0.0058097 -0.0134307 -0.00221254 0.00266818 -0.0134307 0.0770635 0.00266349 -0.00681039 -0.00221254 0.00266349 0.0153056 -0.0251362 0.00266818 -0.00681039 -0.0251362 0.108326 
0.00566264 -0.0132245 -0.00217782 0.00262074 -0.0132245 0.0766118 0.00261196 -0.0066806 -0.00217782 0.00261196 0.0153423 -0.0252008 0.00262074 -0.0066806 -0.0252008 0.108478 
0.00553938 -0.0130193 -0.00215217 0.00259257 -0.0130193 0.0760448 0.00258206 -0.00660074 -0.00215217 0.00258206 0.0153578 -0.025228 0.00259257 -0.00660074 -0.025228 0.108541 
0.00554158 -0.0128817 -0.0021999 0.00258001 -0.0128817 0.0756808 0.00256986 -0.0065764 -0.0021999 0.00256986 0.0153437 -0.0252736 0.00258001 -0.0065764 -0.0252736 0.108717 
0.00562802 -0.0128902 -0.00227375 0.00264299 -0.0128902 0.0755476 0.00263979 -0.00668047 -0.00227375 0.00263979 0.0152873 -0.0252298 0.00264299 -0.00668047 -0.0252298 0.108658 
0.00570595 -0.0129931 -0.00232408 0.00272701 -0.0129931 0.0756631 0.00273325 -0.00687462 -0.00232408 0.00273325 0.015241 -0.0251519 0.00272701 -0.00687462 -0.0251519 0.108475 
0.00569251 -0.0130908 -0.00228943 0.00278014 -0.0130908 0.0759019 0.00279313 -0.00704138 -0.00228943 0.00279313 0.0152617 -0.0251109 0.00278014 -0.00704138 -0.0251109 0.108367 
0.00557892 -0.0130362 -0.0022382 0.00272535 -0.0130362 0.075824 0.00273158 -0.00699795 -0.0022382 0.00273158 0.015285 -0.0251224 0.00272535 -0.00699795 -0.0251224 0.108301 
0.00551624 -0.0129434 -0.0022202 0.00268482 -0.0129434 0.0757607 0.00267904 -0.00690086 -0.0022202 0.00267904 0.0153157 -0.0251798 0.00268482 -0.00690086 -0.0251798 0.108464 
0.00556212 -0.012872 -0.00223604 0.0026758 -0.012872 0.0755721 0.00266557 -0.00684773 -0.00223604 0.00266557 0.0152889 -0.0251674 0.0026758 -0.00684773 -0.0251674 0.108391 
0.00563718 -0.0129226 -0.00230124 0.00268986 -0.0129226 0.0756177 0.00268276 -0.00685561 -0.00230124 0.00268276 0.015264 -0.0251859 0.00268986 -0.00685561 -0.0251859 0.108517 
0.0056863 -0.0130019 -0.00234105 0.0027556 -0.0130019 0.0757282 0.00275908 -0.0069659 -0.00234105 0.00275908 0.0152273 -0.0251318 0.0027556 -0.0069659 -0.0251318 0.108415 
0.00571957 -0.0130687 -0.00235424 0.00280179 -0.0130687 0.0759143 0.00281238 -0.00710182 -0.00235424 0.00281238 0.0152125 -0.025101 0.00280179 -0.00710182 -0.025101 0.108356 
0.00575457 -0.0131008 -0.00238669 0.00281355 -0.0131008 0.0759941 0.00282223 -0.00716661 -0.00238669 0.00282223 0.0151734 -0.0250644 0.00281355 -0.00716661 -0.0250644 0.108222 
0.00585053 -0.0131806 -0.00246059 0.00286037 -0.0131806 0.0762408 0.00286781 -0.00726036 -0.00246059 0.00286781 0.0151281 -0.0250406 0.00286037 -0.00726036 -0.0250406 0.1082 
0.00587135 -0.0132715 -0.00251403 0.00293489 -0.0132715 0.0764045 0.00294622 -0.00740404 -0.00251403 0.00294622 0.0150703 -0.0249659 0.00293489 -0.00740404 -0.0249659 0.108019 
0.00579496 -0.0132565 -0.00250148 0.00298499 -0.0132565 0.0763708 0.00299928 -0.00753831 -0.00250148 0.00299928 0.0150536 -0.0248913 0.00298499 -0.00753831 -0.0248913 0.107796 
0.00571738 -0.013192 -0.00247564 0.00299136 -0.013192 0.0763594 0.00299731 -0.0076109 -0.00247564 0.00299731 0.0150881 -0.0249112 0.00299136 -0.0076109 -0.0249112 0.107856 
0.00575644 -0.0131199 -0.0024391 0.00298452 -0.0131199 0.0762425 0.00297811 -0.00762376 -0.0024391 0.00297811 0.0151034 -0.024913 0.00298452 -0.00762376 -0.024913 0.10781 
0.0058921 -0.0131433 -0.00245074 0.0029325 -0.0131433 0.0761642 0.00291789 -0.00752443 -0.00245074 0.00291789 0.0150728 -0.0249295 0.0029325 -0.00752443 -0.0249295 0.107806 
0.00606957 -0.0133441 -0.00244671 0.00293833 -0.0133441 0.0765349 0.00292962 -0.00748177 -0.00244671 0.00292962 0.0150618 -0.0249191 0.00293833 -0.00748177 -0.0249191 0.107856 
0.00607544 -0.013523 -0.00244186 0.00289283 -0.013523 0.076875 0.00289147 -0.00737231 -0.00244186 0.00289147 0.0150411 -0.0248864 0.00289283 -0.00737231 -0.0248864 0.107743 
0.00611057 -0.0135765 -0.002514 0.00288443 -0.0135765 0.0772077 0.00288549 -0.00730688 -0.002514 0.00288549 0.0149812 -0.0248856 0.00288443 -0.00730688 -0.0248856 0.107761 
0.00613283 -0.0136037 -0.00256965 0.00296172 -0.0136037 0.0773307 0.00296916 -0.00740024 -0.00256965 0.00296916 0.0149235 -0.0248114 0.00296172 -0.00740024 -0.0248114 0.107644 
0.0060632 -0.0135995 -0.00260139 0.00302592 -0.0135995 0.0773086 0.00303803 -0.00755829 -0.00260139 0.00303803 0.0148968 -0.0247362 0.00302592 -0.00755829 -0.0247362 0.107451 
