0.0088737 0 0.00402738 0 0 0.00998068 0 0 0.00402738 0 0.00683387 0 0 0 0 0.00998068 
0.0123605 -0.0153295 0.0056967 -0.00698466 -0.0153295 0.0385647 -0.00698466 0.0133927 0.0056967 -0.00698466 0.00981344 -0.0122295 -0.00698466 0.0133927 -0.0122295 0.0326207 
0.0124329 -0.022671 0.00495745 -0.00825273 -0.022671 0.0816108 -0.00825273 0.0261056 0.00495745 -0.00825273 0.00994743 -0.0193127 -0.00825273 0.0261056 -0.0193127 0.0711454 
0.0118054 -0.0218542 0.00429243 -0.00584816 -0.0218542 0.0950417 -0.00586622 0.0206543 0.00429243 -0.00586622 0.00935369 -0.0192064 -0.00584816 0.0206543 -0.0192064 0.0873262 
0.0118632 -0.0209087 0.00436578 -0.00513591 -0.0209087 0.0962412 -0.00515481 0.0158565 0.00436578 -0.00515481 0.00917724 -0.0182315 -0.00513591 0.0158565 -0.0182315 0.0899111 
0.0120303 -0.0209037 0.00460362 -0.00537496 -0.0209037 0.0964485 -0.00538575 0.0147125 0.00460362 -0.00538575 0.009338 -0.017874 -0.00537496 0.0147125 -0.017874 0.0896873 
0.0120326 -0.0210034 0.00475926 -0.00572676 -0.0210034 0.0967332 -0.0057276 0.0150695 0.00475926 -0.0057276 0.00953797 -0.0179693 -0.00572676 0.0150695 -0.0179693 0.0896159 
0.0119993 -0.0209991 0.00481881 -0.00593746 -0.0209991 0.0969795 -0.00592758 0.015584 0.00481881 -0.00592758 0.00969606 -0.0182111 -0.00593746 0.015584 -0.0182111 0.0901337 
0.0119636 -0.0209216 0.00481333 -0.00599465 -0.0209216 0.0968679 -0.00597851 0.0158221 0.00481333 -0.00597851 0.00978678 -0.01838 -0.00599465 0.0158221 -0.01838 0.0905813 
0.0119901 -0.0208595 0.00476611 -0.00597348 -0.0208595 0.0966532 -0.00595669 0.015839 0.00476611 -0.00595669 0.00980807 -0.0184774 -0.00597348 0.015839 -0.0184774 0.0908598 
0.0119809 -0.0208994 0.0047355 -0.00590364 -0.0208994 0.0966332 -0.00589394 0.0157155 0.0047355 -0.00589394 0.00988441 -0.0185097 -0.00590364 0.0157155 -0.0185097 0.0910133 
0.0119931 -0.0209187 0.00472777 -0.00586802 -0.0209187 0.0967484 -0.00586087 0.0156095 0.00472777 -0.00586087 0.00993041 -0.0186289 -0.00586802 0.0156095 -0.0186289 0.0913191 
0.0119997 -0.0209224 0.00472136 -0.00584072 -0.0209224 0.0967516 -0.00583608 0.0155111 0.00472136 -0.00583608 0.00994059 -0.0186796 -0.00584072 0.0155111 -0.0186796 0.0914933 
0.0119913 -0.0209293 0.00472942 -0.0058279 -0.0209293 0.0967493 -0.00582543 0.015451 0.00472942 -0.00582543 0.00995098 -0.0186876 -0.0058279 0.015451 -0.0186876 0.0915548 
0.0119512 -0.0209489 0.00475844 -0.00584044 -0.0209489 0.096855 -0.0058431 0.0154597 0.00475844 -0.0058431 0.00999508 -0.0187171 -0.00584044 0.0154597 -0.0187171 0.0916767 
0.0118918 -0.0209112 0.00476397 -0.00586386 -0.0209112 0.0968457 -0.00586561 0.0154835 0.00476397 -0.00586561 0.0100958 -0.0187602 -0.00586386 0.0154835 -0.0187602 0.0917684 
0.0118135 -0.0208363 0.00477952 -0.00587789 -0.0208363 0.0967125 -0.00587198 0.0155181 0.00477952 -0.00587198 0.0102077 -0.0188808 -0.00587789 0.0155181 -0.0188808 0.091991 
0.0116849 -0.0207168 0.0048445 -0.00590806 -0.0207168 0.0964281 -0.00589527 0.0155912 0.0048445 -0.00589527 0.0102845 -0.0190155 -0.00590806 0.0155912 -0.0190155 0.0922912 
0.0116552 -0.0205525 0.00488967 -0.0059813 -0.0205525 0.096015 -0.00596626 0.0157222 0.00488967 -0.00596626 0.0102205 -0.0190883 -0.0059813 0.0157222 -0.0190883 0.092484 
0.0116774 -0.0205594 0.0049189 -0.00603956 -0.0205594 0.0959632 -0.00603493 0.0158829 0.0049189 -0.00603493 0.0101668 -0.0190291 -0.00603956 0.0158829 -0.0190291 0.0925419 
0.0116593 -0.0205506 0.00492269 -0.00606784 -0.0205506 0.0958471 -0.0060736 0.0160018 0.00492269 -0.0060736 0.0101127 -0.0189125 -0.00606784 0.0160018 -0.0189125 0.0922196 
0.0116438 -0.0205557 0.00493525 -0.00608104 -0.0205557 0.0958935 -0.00608717 0.0160716 0.00493525 -0.00608717 0.0101198 -0.0188594 -0.00608104 0.0160716 -0.0188594 0.0920478 
0.0117002 -0.0205535 0.0048935 -0.00608482 -0.0205535 0.0959329 -0.00608577 0.016072 0.0048935 -0.00608577 0.0101631 -0.0188707 -0.00608482 0.016072 -0.0188707 0.0920201 
0.0117013 -0.020584 0.00488441 -0.00604618 -0.020584 0.095911 -0.00604752 0.01604 0.00488441 -0.00604752 0.0101857 -0.0189146 -0.00604618 0.01604 -0.0189146 0.0920476 
0.0118233 -0.0206023 0.00484848 -0.00603534 -0.0206023 0.0959859 -0.00603938 0.0160051 0.00484848 -0.00603938 0.0100517 -0.0189576 -0.00603534 0.0160051 -0.0189576 0.0921766 
0.0118617 -0.0207295 0.00486679 -0.00600072 -0.0207295 0.0961922 -0.00601279 0.0159651 0.00486679 -0.00601279 0.00992894 -0.0188039 -0.00600072 0.0159651 -0.0188039 0.091997 
0.0117947 -0.0207622 0.0049371 -0.00602007 -0.0207622 0.096314 -0.00603489 0.015974 0.0049371 -0.00603489 0.00986342 -0.0186347 -0.00602007 0.015974 -0.0186347 0.0915834 
0.0117444 -0.0206947 0.00498867 -0.00611418 -0.0206947 0.0962732 -0.00612515 0.0161343 0.00498867 -0.00612515 0.00983804 -0.0185479 -0.00611418 0.0161343 -0.0185479 0.0912942 
0.0116957 -0.0206205 0.00502314 -0.00619064 -0.0206205 0.0960981 -0.00619539 0.0163418 0.00502314 -0.00619539 0.00982618 -0.0184992 -0.00619064 0.0163418 -0.0184992 0.0910868 
0.0116253 -0.020582 0.00503832 -0.00622753 -0.020582 0.0959984 -0.00622844 0.0164593 0.00503832 -0.00622844 0.0099016 -0.0184796 -0.00622753 0.0164593 -0.0184796 0.0909854 
0.0116303 -0.0204756 0.00501948 -0.00624558 -0.0204756 0.0957364 -0.00623748 0.0165192 0.00501948 -0.00623748 0.00990877 -0.0185491 -0.00624558 0.0165192 -0.0185491 0.0909942 
0.0116937 -0.0204857 0.00500593 -0.00623801 -0.0204857 0.0956758 -0.00622968 0.016548 0.00500593 -0.00622968 0.00986203 -0.0185855 -0.00623801 0.016548 -0.0185855 0.0911423 
0.0117992 -0.0205777 0.0049401 -0.0061933 -0.0205777 0.0958152 -0.00619446 0.0164515 0.0049401 -0.00619446 0.00983501 -0.0185248 -0.0061933 0.0164515 -0.0185248 0.0910777 
0.0117613 -0.0207071 0.00493502 -0.00611379 -0.0207071 0.0960927 -0.00612372 0.0163041 0.00493502 -0.00612372 0.00992565 -0.0184963 -0.00611379 0.0163041 -0.0184963 0.0909973 
0.0117269 -0.0206767 0.00493789 -0.00609906 -0.0206767 0.096189 -0.00610514 0.0161983 0.00493789 -0.00610514 0.00999611 -0.0186103 -0.00609906 0.0161983 -0.0186103 0.0911536 
0.0117625 -0.0206593 0.00491691 -0.00610376 -0.0206593 0.0962381 -0.00610144 0.0161585 0.00491691 -0.00610144 0.0100239 -0.0187238 -0.00610376 0.0161585 -0.0187238 0.091493 
0.0118117 -0.0206991 0.0048865 -0.00607094 -0.0206991 0.0963022 -0.00606822 0.0160849 0.0048865 -0.00606822 0.0100292 -0.0187603 -0.00607094 0.0160849 -0.0187603 0.0916804 
0.0117952 -0.0207059 0.00488481 -0.00603146 -0.0207059 0.0962215 -0.00603032 0.0159989 0.00488481 -0.00603032 0.00999576 -0.0187385 -0.00603146 0.0159989 -0.0187385 0.0916019 
0.0118495 -0.0207415 0.00487904 -0.00603895 -0.0207415 0.0964028 -0.0060398 0.015984 0.00487904 -0.0060398 0.00995211 -0.0187445 -0.00603895 0.015984 -0.0187445 0.0917195 
0.0118564 -0.0207853 0.00486727 -0.0060261 -0.0207853 0.0964859 -0.00602728 0.0159563 0.00486727 -0.00602728 0.00992929 -0.0186757 -0.0060261 0.0159563 -0.0186757 0.0916095 
0.0118331 -0.0207762 0.00488992 -0.00601998 -0.0207762 0.0964782 -0.00601926 0.0159469 0.00488992 -0.00601926 0.00991634 -0.0186453 -0.00601998 0.0159469 -0.0186453 0.0914897 
0.0118644 -0.0207278 0.0049057 -0.00606096 -0.0207278 0.0963639 -0.00605743 0.016026 0.0049057 -0.00605743 0.00981736 -0.0186285 -0.00606096 0.016026 -0.0186285 0.0914251 
0.0118223 -0.0207618 0.00492722 -0.0060776 -0.0207618 0.0963456 -0.00607982 0.0160902 0.00492722 -0.00607982 0.00981318 -0.0184971 -0.0060776 0.0160902 -0.0184971 0.0911774 
0.0117545 -0.0207263 0.0049451 -0.00610908 -0.0207263 0.0963334 -0.00611148 0.0161712 0.0049451 -0.00611148 0.00988683 -0.0184846 -0.00610908 0.0161712 -0.0184846 0.091045 
0.0117273 -0.0206465 0.0049439 -0.0061309 -0.0206465 0.0961871 -0.00612428 0.0162253 0.0049439 -0.00612428 0.00993713 -0.0185703 -0.0061309 0.0162253 -0.0185703 0.0911316 
0.0117011 -0.0205899 0.00493062 -0.00612454 -0.0205899 0.0959677 -0.00611297 0.0162242 0.00493062 -0.00611297 0.00997802 -0.0186235 -0.00612454 0.0162242 -0.0186235 0.0912264 
0.0117167 -0.020585 0.00493422 -0.00611683 -0.020585 0.0959617 -0.00610668 0.0162205 0.00493422 -0.00610668 0.0099769 -0.018703 -0.00611683 0.0162205 -0.018703 0.0914755 
0.0117717 -0.0205896 0.00494229 -0.00612145 -0.0205896 0.0959449 -0.00611505 0.0162306 0.00494229 -0.00611505 0.00990563 -0.0187009 -0.00612145 0.0162306 -0.0187009 0.0915629 
0.0116739 -0.020616 0.00500504 -0.0061239 -0.020616 0.095872 -0.00612958 0.0162514 0.00500504 -0.00612958 0.00988536 -0.0185777 -0.0061239 0.0162514 -0.0185777 0.091288 
0.0115386 -0.0205616 0.00505265 -0.00619464 -0.0205616 0.0959006 -0.00620454 0.0163577 0.00505265 -0.00620454 0.0100012 -0.0185576 -0.00619464 0.0163577 -0.0185576 0.0911859 
0.0114855 -0.0204152 0.00506996 -0.00626768 -0.0204152 0.0957172 -0.00626492 0.0165259 0.00506996 -0.00626492 0.0100636 -0.0186981 -0.00626768 0.0165259 -0.0186981 0.0913992 
0.0114841 -0.0203008 0.00506349 -0.00628991 -0.0203008 0.0953287 -0.00627607 0.0166213 0.00506349 -0.00627607 0.0100226 -0.0187533 -0.00628991 0.0166213 -0.0187533 0.0915153 
0.0114699 -0.020322 0.00504793 -0.00628196 -0.020322 0.0952793 -0.00626921 0.0166316 0.00504793 -0.00626921 0.0100936 -0.0187276 -0.00628196 0.0166316 -0.0187276 0.0915823 
0.0113839 -0.0202768 0.00508011 -0.00627061 -0.0202768 0.0951544 -0.00625854 0.0166327 0.00508011 -0.00625854 0.0101363 -0.0187989 -0.00627061 0.0166327 -0.0187989 0.0916619 
0.011419 -0.0201858 0.00509977 -0.00631743 -0.0201858 0.0950075 -0.00630311 0.0167086 0.00509977 -0.00630311 0.0100549 -0.0188709 -0.00631743 0.0167086 -0.0188709 0.0918825 
0.0114076 -0.0201657 0.00512919 -0.00634084 -0.0201657 0.0947575 -0.0063336 0.0167989 0.00512919 -0.0063336 0.00992725 -0.0187357 -0.00634084 0.0167989 -0.0187357 0.0916443 
0.0114869 -0.0202272 0.00511774 -0.00637264 -0.0202272 0.0949483 -0.00637496 0.0168733 0.00511774 -0.00637496 0.00987563 -0.018605 -0.00637264 0.0168733 -0.018605 0.0914312 
0.011534 -0.0202498 0.00511395 -0.00636848 -0.0202498 0.0948947 -0.00637698 0.0169367 0.00511395 -0.00637698 0.00976693 -0.0184968 -0.00636848 0.0169367 -0.0184968 0.0910274 
0.0114992 -0.0203689 0.00514034 -0.00636499 -0.0203689 0.0952209 -0.00638051 0.0169477 0.00514034 -0.00638051 0.00984081 -0.0183986 -0.00636499 0.0169477 -0.0183986 0.090854 
0.0114186 -0.020296 0.00519069 -0.00639905 -0.020296 0.0951621 -0.00641025 0.0170106 0.00519069 -0.00641025 0.00987297 -0.0184551 -0.00639905 0.0170106 -0.0184551 0.0907775 
0.0113354 -0.0202054 0.00521099 -0.00644836 -0.0202054 0.0949549 -0.00645283 0.0170842 0.00521099 -0.00645283 0.00993093 -0.0184798 -0.00644836 0.0170842 -0.0184798 0.0907819 
0.0113479 -0.0201096 0.00522051 -0.00649048 -0.0201096 0.0947444 -0.00648837 0.0172019 0.00522051 -0.00648837 0.00990308 -0.0185516 -0.00649048 0.0172019 -0.0185516 0.0909114 
0.0113313 -0.0201337 0.0052524 -0.00651072 -0.0201337 0.094729 -0.00651147 0.0172905 0.0052524 -0.00651147 0.00990045 -0.0185303 -0.00651072 0.0172905 -0.0185303 0.090977 
0.0113041 -0.02013 0.00527327 -0.00654362 -0.02013 0.0947775 -0.00654941 0.0173708 0.00527327 -0.00654941 0.00992071 -0.0185215 -0.00654362 0.0173708 -0.0185215 0.0909767 
0.0113099 -0.0200793 0.00526427 -0.00656743 -0.0200793 0.0946617 -0.00657076 0.0174375 0.00526427 -0.00657076 0.00989438 -0.018521 -0.00656743 0.0174375 -0.018521 0.0909078 
0.0113099 -0.020093 0.00526115 -0.00656705 -0.020093 0.0946702 -0.00656788 0.0174734 0.00526115 -0.00656788 0.00990509 -0.0185052 -0.00656705 0.0174734 -0.0185052 0.0909072 
0.0113077 -0.0200851 0.00523245 -0.00653988 -0.0200851 0.0946137 -0.00653687 0.0173968 0.00523245 -0.00653687 0.00994239 -0.0184976 -0.00653988 0.0173968 -0.0184976 0.0908219 
0.0113122 -0.0200791 0.00522856 -0.00651901 -0.0200791 0.0945898 -0.00651383 0.0173539 0.00522856 -0.00651383 0.00995635 -0.0185596 -0.00651901 0.0173539 -0.0185596 0.0909238 
0.0112606 -0.0201012 0.0052446 -0.00651293 -0.0201012 0.0946556 -0.00651007 0.0173238 0.0052446 -0.00651007 0.010021 -0.0185942 -0.00651293 0.0173238 -0.0185942 0.0910759 
0.0112743 -0.0200424 0.00522595 -0.00652082 -0.0200424 0.0945826 -0.00651569 0.0173061 0.00522595 -0.00651569 0.0100321 -0.0186603 -0.00652082 0.0173061 -0.0186603 0.0912001 
0.0111448 -0.0200521 0.00524506 -0.0064991 -0.0200521 0.0945433 -0.00649486 0.0172742 0.00524506 -0.00649486 0.0101696 -0.0186765 -0.0064991 0.0172742 -0.0186765 0.0912831 
0.0111181 -0.0199168 0.00526676 -0.00653713 -0.0199168 0.0943967 -0.0065253 0.0173278 0.00526676 -0.0065253 0.0101871 -0.0188584 -0.00653713 0.0173278 -0.0188584 0.0916456 
0.0111463 -0.0198458 0.0052633 -0.00655534 -0.0198458 0.0941054 -0.00654199 0.0173718 0.0052633 -0.00654199 0.0101177 -0.0188618 -0.00655534 0.0173718 -0.0188618 0.0917524 
0.0111885 -0.0198635 0.00527872 -0.00655886 -0.0198635 0.0939986 -0.00655195 0.0174156 0.00527872 -0.00655195 0.00999269 -0.0187701 -0.00655886 0.0174156 -0.0187701 0.0916083 
0.0112515 -0.0199299 0.00527465 -0.00657387 -0.0199299 0.0941165 -0.00657713 0.0174576 0.00527465 -0.00657713 0.00989626 -0.0186222 -0.00657387 0.0174576 -0.0186222 0.0913254 
0.0113686 -0.0199995 0.00524175 -0.00657524 -0.0199995 0.0942701 -0.00658539 0.0174988 0.00524175 -0.00658539 0.00975767 -0.0184948 -0.00657524 0.0174988 -0.0184948 0.0909853 
0.0114184 -0.0201379 0.00524195 -0.00654156 -0.0201379 0.0945546 -0.00655786 0.0174762 0.00524195 -0.00655786 0.00967674 -0.0183343 -0.00654156 0.0174762 -0.0183343 0.0906248 
0.0113828 -0.0201958 0.00524647 -0.00652499 -0.0201958 0.0947434 -0.00654083 0.0174076 0.00524647 -0.00654083 0.0096969 -0.0182179 -0.00652499 0.0174076 -0.0182179 0.0902492 
0.0113191 -0.0201615 0.00526197 -0.00654178 -0.0201615 0.094779 -0.0065476 0.0174104 0.00526197 -0.0065476 0.0097765 -0.0182487 -0.00654178 0.0174104 -0.0182487 0.0901832 
0.0112553 -0.0201029 0.0052744 -0.00656503 -0.0201029 0.0947281 -0.00655989 0.0174397 0.0052744 -0.00655989 0.00990027 -0.0183623 -0.00656503 0.0174397 -0.0183623 0.0904097 
0.0112128 -0.0199987 0.00527132 -0.00658015 -0.0199987 0.0944628 -0.00656838 0.0174719 0.00527132 -0.00656838 0.00997906 -0.0184997 -0.00658015 0.0174719 -0.0184997 0.0906757 
0.0112126 -0.0199445 0.00527715 -0.00658032 -0.0199445 0.0942678 -0.00656808 0.0174932 0.00527715 -0.00656808 0.0099646 -0.0186007 -0.00658032 0.0174932 -0.0186007 0.0909567 
0.0112338 -0.0199512 0.00528544 -0.00658369 -0.0199512 0.0942291 -0.00657816 0.0175075 0.00528544 -0.00657816 0.00992606 -0.018588 -0.00658369 0.0175075 -0.018588 0.0910556 
0.0112479 -0.0200129 0.00527277 -0.00657714 -0.0200129 0.0943907 -0.00658006 0.017484 0.00527277 -0.00658006 0.00996921 -0.0185452 -0.00657714 0.017484 -0.0185452 0.0910361 
0.0111834 -0.0200367 0.00525869 -0.006562 -0.0200367 0.0945155 -0.00656701 0.0174592 0.00525869 -0.00656701 0.0101248 -0.0185959 -0.006562 0.0174592 -0.0185959 0.0910991 
0.0111725 -0.0199338 0.00527758 -0.00655421 -0.0199338 0.0943364 -0.006551 0.017447 0.00527758 -0.006551 0.0100999 -0.018772 -0.00655421 0.017447 -0.018772 0.0913643 
0.0111321 -0.0199123 0.00531436 -0.00657467 -0.0199123 0.0942017 -0.00657182 0.0174681 0.00531436 -0.00657182 0.0100614 -0.018752 -0.00657467 0.0174681 -0.018752 0.0914782 
0.0111936 -0.0198743 0.00530459 -0.00660507 -0.0198743 0.0941051 -0.00660539 0.0175054 0.00530459 -0.00660539 0.00997434 -0.0186867 -0.00660507 0.0175054 -0.0186867 0.091353 
0.0112293 -0.0199764 0.00529089 -0.00660162 -0.0199764 0.0943002 -0.00660827 0.0175362 0.00529089 -0.00660827 0.0100088 -0.0186003 -0.00660162 0.0175362 -0.0186003 0.091227 
0.011153 -0.0200062 0.00528826 -0.00657797 -0.0200062 0.0943899 -0.00658928 0.0175108 0.00528826 -0.00658928 0.0101282 -0.0186152 -0.00657797 0.0175108 -0.0186152 0.0911169 
0.0110111 -0.0199132 0.00532426 -0.00658101 -0.0199132 0.0942637 -0.00658604 0.0175042 0.00532426 -0.00658604 0.0102264 -0.0187508 -0.00658101 0.0175042 -0.0187508 0.0912815 
0.0109598 -0.019762 0.00533404 -0.00662214 -0.019762 0.0940064 -0.00661713 0.0175424 0.00533404 -0.00661713 0.0102677 -0.0188819 -0.00662214 0.0175424 -0.0188819 0.0916064 
0.0110211 -0.0196847 0.00532739 -0.00664321 -0.0196847 0.0937446 -0.00663165 0.0176013 0.00532739 -0.00663165 0.0101903 -0.018929 -0.00664321 0.0176013 -0.018929 0.0917986 
0.0111099 -0.0197845 0.00530494 -0.00662974 -0.0197845 0.0938802 -0.0066242 0.0175973 0.00530494 -0.0066242 0.0101534 -0.0188642 -0.00662974 0.0175973 -0.0188642 0.0918387 
0.0112107 -0.0198639 0.0052751 -0.00659583 -0.0198639 0.0940081 -0.0065973 0.0175458 0.0052751 -0.0065973 0.0100604 -0.0187933 -0.00659583 0.0175458 -0.0187933 0.0916393 
0.0112507 -0.0199939 0.005254 -0.00654964 -0.0199939 0.09428 -0.00655945 0.0174476 0.005254 -0.00655945 0.0100591 -0.0186906 -0.00654964 0.0174476 -0.0186906 0.0914195 
0.011206 -0.0200706 0.00524428 -0.0065231 -0.0200706 0.0945815 -0.00653498 0.017365 0.00524428 -0.00653498 0.0101794 -0.0187049 -0.0065231 0.017365 -0.0187049 0.0913995 
0.0112104 -0.0200047 0.00525225 -0.00651922 -0.0200047 0.0945602 -0.0065234 0.017335 0.00525225 -0.0065234 0.0101507 -0.0188419 -0.00651922 0.017335 -0.0188419 0.0915979 
0.0112106 -0.0199782 0.00526167 -0.00651947 -0.0199782 0.0944048 -0.00651928 0.0173067 0.00526167 -0.00651928 0.0100637 -0.0187972 -0.00651947 0.0173067 -0.0187972 0.0915749 
0.011253 -0.0200012 0.00525908 -0.00653866 -0.0200012 0.0944576 -0.006538 0.0173327 0.00525908 -0.006538 0.0100092 -0.0187134 -0.00653866 0.0173327 -0.0187134 0.0914792 
0.0113008 -0.0200333 0.00524739 -0.00654216 -0.0200333 0.0944958 -0.00654139 0.01736 0.00524739 -0.00654139 0.00995464 -0.0186364 -0.00654216 0.01736 -0.0186364 0.0912816 
0.0113206 -0.0200856 0.00524082 -0.00652923 -0.0200856 0.094588 -0.00653062 0.0173555 0.00524082 -0.00653062 0.00995344 -0.0185724 -0.00652923 0.0173555 -0.0185724 0.0911045 
0.0112749 -0.0201239 0.00524101 -0.00652179 -0.0201239 0.0947226 -0.00652594 0.0173461 0.00524101 -0.00652594 0.0100357 -0.0185786 -0.00652179 0.0173461 -0.0185786 0.0910815 
0.0112797 -0.0200645 0.00521811 -0.006513 -0.0200645 0.0946519 -0.00651106 0.0173087 0.00521811 -0.00651106 0.0100739 -0.0186679 -0.006513 0.0173087 -0.0186679 0.091181 
0.0113567 -0.0200772 0.00517279 -0.00647784 -0.0200772 0.0946347 -0.00647283 0.0172223 0.00517279 -0.00647283 0.0100623 -0.0187287 -0.00647784 0.0172223 -0.0187287 0.0913563 
0.0113496 -0.0201769 0.00515876 -0.00642033 -0.0201769 0.0948088 -0.00642009 0.0171012 0.00515876 -0.00642009 0.0101263 -0.0187304 -0.00642033 0.0171012 -0.0187304 0.0914544 
0.0112322 -0.0201762 0.00517284 -0.00639734 -0.0201762 0.0949002 -0.00639925 0.0170073 0.00517284 -0.00639925 0.0102651 -0.0188062 -0.00639734 0.0170073 -0.0188062 0.0915917 
0.0111589 -0.0200283 0.0052088 -0.00642414 -0.0200283 0.0946844 -0.00641659 0.0170203 0.0052088 -0.00641659 0.0102921 -0.0189691 -0.00642414 0.0170203 -0.0189691 0.0919023 
0.0111119 -0.0199397 0.00522125 -0.00645583 -0.0199397 0.094424 -0.00644469 0.0170551 0.00522125 -0.00644469 0.0103066 -0.019003 -0.00645583 0.0170551 -0.019003 0.0920898 
0.0111328 -0.019887 0.00520221 -0.00647692 -0.019887 0.0942587 -0.00646551 0.0171125 0.00520221 -0.00646551 0.0103069 -0.0190164 -0.00647692 0.0171125 -0.0190164 0.0921662 
0.0111751 -0.0199032 0.0051891 -0.00646354 -0.0199032 0.094214 -0.00645518 0.0171352 0.0051891 -0.00645518 0.0102662 -0.0190188 -0.00646354 0.0171352 -0.0190188 0.0921937 
0.0112181 -0.0199812 0.00515079 -0.00643439 -0.0199812 0.0944006 -0.00642963 0.0170737 0.00515079 -0.00642963 0.0103143 -0.0189943 -0.00643439 0.0170737 -0.0189943 0.0922304 
0.0112563 -0.0200185 0.00511161 -0.00637723 -0.0200185 0.0944916 -0.00637257 0.0169473 0.00511161 -0.00637257 0.0103391 -0.0190437 -0.00637723 0.0169473 -0.0190437 0.092272 
0.0112987 -0.0200637 0.00512335 -0.00633847 -0.0200637 0.0946116 -0.00633255 0.0168451 0.00512335 -0.00633255 0.0102691 -0.0190972 -0.00633847 0.0168451 -0.0190972 0.0924379 
0.0113771 -0.0201266 0.00510489 -0.0063309 -0.0201266 0.0947699 -0.00633121 0.0167646 0.00510489 -0.00633121 0.0101985 -0.0190192 -0.0063309 0.0167646 -0.0190192 0.0923961 
0.0114128 -0.0202009 0.00508664 -0.00630352 -0.0202009 0.094888 -0.00631049 0.0167053 0.00508664 -0.00631049 0.0101525 -0.0189097 -0.00630352 0.0167053 -0.0189097 0.0921203 
0.0114421 -0.0202637 0.0051069 -0.00630058 -0.0202637 0.0951158 -0.00630991 0.0167064 0.0051069 -0.00630991 0.0101086 -0.0188791 -0.00630058 0.0167064 -0.0188791 0.0920377 
0.0114395 -0.0202738 0.00509989 -0.00631475 -0.0202738 0.0951374 -0.00632496 0.016716 0.00509989 -0.00632496 0.0101056 -0.0188004 -0.00631475 0.016716 -0.0188004 0.0918148 
0.0115115 -0.0202828 0.00507733 -0.0063228 -0.0202828 0.0951978 -0.00633061 0.0167599 0.00507733 -0.00633061 0.0100628 -0.0188048 -0.0063228 0.0167599 -0.0188048 0.0917672 
0.011508 -0.0203372 0.00509134 -0.00630073 -0.0203372 0.0952275 -0.00631049 0.0167569 0.00509134 -0.00631049 0.0100125 -0.0187411 -0.00630073 0.0167569 -0.0187411 0.0916124 
0.0114626 -0.0203395 0.00509229 -0.00630507 -0.0203395 0.0952538 -0.00631364 0.016735 0.00509229 -0.00631364 0.0100302 -0.0186744 -0.00630507 0.016735 -0.0186744 0.0914173 
0.0115102 -0.0203036 0.00509935 -0.00633224 -0.0203036 0.0952809 -0.00633269 0.0167978 0.00509935 -0.00633269 0.00994434 -0.0187212 -0.00633224 0.0167978 -0.0187212 0.0914976 
0.0115336 -0.0203468 0.0050972 -0.0063309 -0.0203468 0.0953118 -0.00632939 0.0167994 0.0050972 -0.00632939 0.00989955 -0.0186172 -0.0063309 0.0167994 -0.0186172 0.091374 
0.0115414 -0.0203721 0.0050898 -0.00632676 -0.0203721 0.0953735 -0.00632575 0.0167898 0.0050898 -0.00632575 0.00989075 -0.0185563 -0.00632676 0.0167898 -0.0185563 0.0911996 
0.0114623 -0.0203551 0.00511207 -0.00632163 -0.0203551 0.0953034 -0.00631964 0.0167859 0.00511207 -0.00631964 0.00993595 -0.018533 -0.00632163 0.0167859 -0.018533 0.0910516 
0.0114482 -0.0202744 0.00513483 -0.0063567 -0.0202744 0.0951899 -0.00634877 0.0168379 0.00513483 -0.00634877 0.00994558 -0.0185993 -0.0063567 0.0168379 -0.0185993 0.0911487 
0.0114155 -0.0202359 0.00515439 -0.00638357 -0.0202359 0.0950113 -0.00637882 0.0169117 0.00515439 -0.00637882 0.00994366 -0.018595 -0.00638357 0.0169117 -0.018595 0.0911543 
0.011341 -0.020219 0.00519416 -0.00641399 -0.020219 0.0949813 -0.00641388 0.0170023 0.00519416 -0.00641388 0.00999763 -0.0185981 -0.00641399 0.0170023 -0.0185981 0.0911853 
0.0112577 -0.0201078 0.00522711 -0.00646149 -0.0201078 0.0947364 -0.0064608 0.017114 0.00522711 -0.0064608 0.0100333 -0.0186324 -0.00646149 0.017114 -0.0186324 0.0911694 
0.0112443 -0.0200352 0.00523947 -0.00651481 -0.0200352 0.0945985 -0.00651016 0.0172531 0.00523947 -0.00651016 0.0100669 -0.0186935 -0.00651481 0.0172531 -0.0186935 0.0913363 
0.0112664 -0.020007 0.0052447 -0.00652803 -0.020007 0.0944655 -0.00652461 0.0173311 0.0052447 -0.00652461 0.0100389 -0.0187182 -0.00652803 0.0173311 -0.0187182 0.0914043 
0.0112902 -0.0200318 0.00524198 -0.00651936 -0.0200318 0.094437 -0.00652283 0.017331 0.00524198 -0.00652283 0.00999599 -0.0186717 -0.00651936 0.017331 -0.0186717 0.0913159 
0.0113344 -0.020089 0.00525091 -0.00651898 -0.020089 0.094603 -0.00652817 0.0173367 0.00525091 -0.00652817 0.00994715 -0.0186337 -0.00651898 0.0173367 -0.0186337 0.091265 
0.0113076 -0.0201664 0.00525009 -0.00651586 -0.0201664 0.0948381 -0.00652998 0.0173143 0.00525009 -0.00652998 0.0100138 -0.018578 -0.00651586 0.0173143 -0.018578 0.0911749 
0.0112345 -0.0201319 0.00520642 -0.00650056 -0.0201319 0.0948459 -0.00650896 0.0172521 0.00520642 -0.00650896 0.010198 -0.0186369 -0.00650056 0.0172521 -0.0186369 0.0911591 
0.0111422 -0.0200393 0.00518139 -0.00645928 -0.0200393 0.0946792 -0.00645452 0.0171682 0.00518139 -0.00645452 0.010378 -0.0188682 -0.00645928 0.0171682 -0.0188682 0.0915394 
0.0110752 -0.0199157 0.00520958 -0.00643602 -0.0199157 0.094377 -0.0064199 0.0170942 0.00520958 -0.0064199 0.0104001 -0.0190941 -0.00643602 0.0170942 -0.0190941 0.0920729 
0.0110513 -0.0198503 0.00526468 -0.00647872 -0.0198503 0.0942102 -0.0064627 0.0171372 0.00526468 -0.0064627 0.0103299 -0.019142 -0.00647872 0.0171372 -0.019142 0.0924319 
0.0110995 -0.019809 0.00528387 -0.00653494 -0.019809 0.0940535 -0.00652764 0.0172463 0.00528387 -0.00652764 0.0102077 -0.0190333 -0.00653494 0.0172463 -0.0190333 0.0923158 
0.0111191 -0.0198651 0.00528355 -0.00656118 -0.0198651 0.0940875 -0.00656402 0.017354 0.00528355 -0.00656402 0.0101681 -0.0188773 -0.00656118 0.017354 -0.0188773 0.0919916 
0.0111277 -0.0198846 0.00528034 -0.00657438 -0.0198846 0.0941499 -0.00657973 0.0174407 0.00528034 -0.00657973 0.0101502 -0.0188211 -0.00657438 0.0174407 -0.0188211 0.0917553 
0.0111719 -0.0198662 0.00527581 -0.0065781 -0.0198662 0.0940877 -0.0065772 0.0174829 0.00527581 -0.0065772 0.01007 -0.0187941 -0.0065781 0.0174829 -0.0187941 0.0916041 
0.0112612 -0.0199279 0.00527004 -0.00657896 -0.0199279 0.0941989 -0.00657807 0.0175017 0.00527004 -0.00657807 0.00997939 -0.0187245 -0.00657896 0.0175017 -0.0187245 0.0915184 
0.0112897 -0.020024 0.00526924 -0.00656201 -0.020024 0.0943593 -0.00656863 0.0174793 0.00526924 -0.00656863 0.00992954 -0.0186008 -0.00656201 0.0174793 -0.0186008 0.0912508 
0.0112235 -0.0200377 0.00529721 -0.00656195 -0.0200377 0.0943992 -0.00657182 0.017477 0.00529721 -0.00657182 0.0099258 -0.0185179 -0.00656195 0.017477 -0.0185179 0.0909471 
0.0111385 -0.0199944 0.00531911 -0.00659445 -0.0199944 0.0944163 -0.00659932 0.0175091 0.00531911 -0.00659932 0.0100176 -0.0185273 -0.00659445 0.0175091 -0.0185273 0.0909027 
0.0111212 -0.0199147 0.00532283 -0.00662879 -0.0199147 0.0943462 -0.00662438 0.0175738 0.00532283 -0.00662438 0.0100936 -0.018652 -0.00662879 0.0175738 -0.018652 0.0911458 
0.0112152 -0.0198967 0.00526721 -0.00661793 -0.0198967 0.0942643 -0.00661122 0.0175599 0.00526721 -0.00661122 0.0100997 -0.0187409 -0.00661793 0.0175599 -0.0187409 0.0913864 
0.0113135 -0.0199897 0.00521782 -0.00654411 -0.0199897 0.094329 -0.00654472 0.0174429 0.00521782 -0.00654472 0.0100571 -0.0187415 -0.00654411 0.0174429 -0.0187415 0.0914332 
0.0112555 -0.0200969 0.005258 -0.00648881 -0.0200969 0.09453 -0.00649971 0.0173281 0.005258 -0.00649971 0.0100457 -0.0186911 -0.00648881 0.0173281 -0.0186911 0.0913509 
