0.00587486 0 -0.00349407 0 0 0.00999709 0 0 -0.00349407 0 0.00789678 0 0 0 0 0.00999709 
0.00858779 -0.010679 -0.00489954 0.00603307 -0.010679 0.029635 0.00603307 -0.0115687 -0.00489954 0.00603307 0.0108715 -0.0134704 0.00603307 -0.0115687 -0.0134704 0.0349879 
0.00871532 -0.0165611 -0.00448564 0.00774476 -0.0165611 0.0621292 0.00774476 -0.0246846 -0.00448564 0.00774476 0.010719 -0.0196729 0.00774476 -0.0246846 -0.0196729 0.0718939 
0.00816305 -0.0167129 -0.00392466 0.00591818 -0.0167129 0.0767376 0.00591763 -0.0217855 -0.00392466 0.00591763 0.0101483 -0.0189415 0.00591818 -0.0217855 -0.0189415 0.0837783 
0.00802128 -0.0161686 -0.00390465 0.00501859 -0.0161686 0.0815908 0.00501797 -0.0167616 -0.00390465 0.00501797 0.010312 -0.0185313 0.00501859 -0.0167616 -0.0185313 0.0872 
0.0081253 -0.0159861 -0.00408593 0.00503594 -0.0159861 0.0830964 0.00504206 -0.014726 -0.00408593 0.00504206 0.0105126 -0.0186528 0.00503594 -0.014726 -0.0186528 0.0888683 
0.00824473 -0.0159797 -0.00421249 0.00531011 -0.0159797 0.0834573 0.00532658 -0.0145969 -0.00421249 0.00532658 0.0106124 -0.0188371 0.00531011 -0.0145969 -0.0188371 0.0899833 
0.00835863 -0.0161151 -0.00428172 0.00550641 -0.0161151 0.08375 0.00553094 -0.0150187 -0.00428172 0.00553094 0.0105891 -0.0187897 0.00550641 -0.0150187 -0.0187897 0.0901672 
0.00841236 -0.0162417 -0.00432365 0.0056049 -0.0162417 0.0840261 0.0056307 -0.0153727 -0.00432365 0.0056307 0.0105682 -0.018684 0.0056049 -0.0153727 -0.018684 0.0899163 
0.00845524 -0.0163001 -0.0043398 0.00566809 -0.0163001 0.0842363 0.00568013 -0.0155952 -0.0043398 0.00568013 0.0105687 -0.0186826 0.00566809 -0.0155952 -0.0186826 0.0898298 
0.00850095 -0.0163313 -0.00434272 0.00568488 -0.0163313 0.0843101 0.00568514 -0.0156841 -0.00434272 0.00568514 0.0105529 -0.0186999 0.00568488 -0.0156841 -0.0186999 0.0898167 
0.00851427 -0.0164062 -0.00433498 0.00568468 -0.0164062 0.0845057 0.0056847 -0.0157044 -0.00433498 0.0056847 0.0105854 -0.0187105 0.00568468 -0.0157044 -0.0187105 0.0898913 
0.00855627 -0.0164297 -0.0043999 0.00566022 -0.0164297 0.0846041 0.00565913 -0.0156484 -0.0043999 0.00565913 0.0105805 -0.0187328 0.00566022 -0.0156484 -0.0187328 0.0898949 
0.00860895 -0.0164923 -0.00446366 0.00573422 -0.0164923 0.0847858 0.00573218 -0.0157204 -0.00446366 0.00573218 0.0105753 -0.0187806 0.00573422 -0.0157204 -0.0187806 0.0900804 
0.00863161 -0.0166106 -0.00448675 0.00581425 -0.0166106 0.0851169 0.00581555 -0.0159002 -0.00448675 0.00581555 0.010556 -0.018742 0.00581425 -0.0159002 -0.018742 0.0900596 
0.00862278 -0.016629 -0.00448535 0.00583823 -0.016629 0.0852656 0.00584234 -0.0160073 -0.00448535 0.00584234 0.0105447 -0.0187299 0.00583823 -0.0160073 -0.0187299 0.0900313 
0.00861556 -0.0166465 -0.00446751 0.00584511 -0.0166465 0.0854268 0.00584708 -0.0160569 -0.00446751 0.00584708 0.0105441 -0.0187331 0.00584511 -0.0160569 -0.0187331 0.0901017 
0.00859764 -0.0166253 -0.00447815 0.00581419 -0.0166253 0.0853617 0.00581525 -0.0160137 -0.00447815 0.00581525 0.010515 -0.0186568 0.00581419 -0.0160137 -0.0186568 0.0898513 
0.00857473 -0.0165856 -0.00446562 0.00583466 -0.0165856 0.0852741 0.00583157 -0.0160233 -0.00446562 0.00583157 0.0105233 -0.0186544 0.00583466 -0.0160233 -0.0186544 0.0898078 
0.00855967 -0.0165325 -0.00446671 0.00582682 -0.0165325 0.0851173 0.00581897 -0.0160276 -0.00446671 0.00581897 0.0105292 -0.0186801 0.00582682 -0.0160276 -0.0186801 0.0898533 
0.00858676 -0.0165391 -0.0045081 0.00583884 -0.0165391 0.0851311 0.00582872 -0.0160569 -0.0045081 0.00582872 0.0105149 -0.0186913 0.00583884 -0.0160569 -0.0186913 0.089938 
0.00861973 -0.0165198 -0.00454626 0.00587618 -0.0165198 0.0849909 0.00586918 -0.0161138 -0.00454626 0.00586918 0.0104444 -0.0186693 0.00587618 -0.0161138 -0.0186693 0.0898777 
0.00869135 -0.0165608 -0.00457631 0.0059265 -0.0165608 0.0850248 0.00593317 -0.0162458 -0.00457631 0.00593317 0.0103536 -0.0186015 0.0059265 -0.0162458 -0.0186015 0.0897912 
0.00875472 -0.016629 -0.00460073 0.00595712 -0.016629 0.0851335 0.00598269 -0.0163676 -0.00460073 0.00598269 0.0102965 -0.0185098 0.00595712 -0.0163676 -0.0185098 0.0896305 
0.00877157 -0.0167529 -0.00458649 0.00598471 -0.0167529 0.0854395 0.00602452 -0.0164804 -0.00458649 0.00602452 0.0102928 -0.0183851 0.00598471 -0.0164804 -0.0183851 0.0892968 
0.00875921 -0.0167809 -0.0045259 0.00596468 -0.0167809 0.0855777 0.00599681 -0.0164832 -0.0045259 0.00599681 0.0102702 -0.0183266 0.00596468 -0.0164832 -0.0183266 0.0889588 
0.00873721 -0.0167946 -0.00448251 0.00590233 -0.0167946 0.0856863 0.00591883 -0.0163704 -0.00448251 0.00591883 0.0102596 -0.018277 0.00590233 -0.0163704 -0.018277 0.0887477 
0.0087387 -0.0167768 -0.00450888 0.00585854 -0.0167768 0.0857433 0.00586099 -0.0162354 -0.00450888 0.00586099 0.0102617 -0.0182783 0.00585854 -0.0162354 -0.0182783 0.0887211 
0.00876225 -0.0167235 -0.00454732 0.00588994 -0.0167235 0.0855794 0.00588025 -0.0162095 -0.00454732 0.00588025 0.0102379 -0.0182977 0.00588994 -0.0162095 -0.0182977 0.0887408 
0.0087696 -0.0167088 -0.00458201 0.00594373 -0.0167088 0.085433 0.00593293 -0.016304 -0.00458201 0.00593293 0.0102402 -0.0183213 0.00594373 -0.016304 -0.0183213 0.0888584 
0.00875124 -0.016706 -0.00459006 0.00598498 -0.016706 0.0853538 0.00597838 -0.0164189 -0.00459006 0.00597838 0.0102648 -0.0183349 0.00598498 -0.0164189 -0.0183349 0.0889237 
0.00873435 -0.0166908 -0.00461319 0.00599913 -0.0166908 0.0853336 0.00599206 -0.01649 -0.00461319 0.00599206 0.010294 -0.0183896 0.00599913 -0.01649 -0.0183896 0.0890889 
0.00873343 -0.0166673 -0.00464232 0.00602509 -0.0166673 0.085302 0.00601791 -0.0165467 -0.00464232 0.00601791 0.010318 -0.0184561 0.00602509 -0.0165467 -0.0184561 0.0893242 
0.00872693 -0.0166537 -0.0046111 0.00605189 -0.0166537 0.085202 0.00604597 -0.016602 -0.0046111 0.00604597 0.0103105 -0.0184531 0.00605189 -0.016602 -0.0184531 0.0893283 
0.00875418 -0.0166789 -0.00461324 0.00602176 -0.0166789 0.0852835 0.00602182 -0.0165992 -0.00461324 0.00602182 0.0102908 -0.0184519 0.00602176 -0.0165992 -0.0184519 0.0893688 
0.0087918 -0.0167081 -0.00463962 0.00600785 -0.0167081 0.0853358 0.00601598 -0.0165564 -0.00463962 0.00601598 0.0102625 -0.0184046 0.00600785 -0.0165564 -0.0184046 0.0892555 
0.00879374 -0.0167805 -0.00467594 0.00604214 -0.0167805 0.085544 0.0060568 -0.0166067 -0.00467594 0.0060568 0.0102865 -0.0183828 0.00604214 -0.0166067 -0.0183828 0.0892188 
0.00880322 -0.0167735 -0.00474797 0.00608686 -0.0167735 0.0855983 0.006096 -0.0166943 -0.00474797 0.006096 0.0102843 -0.0184112 0.00608686 -0.0166943 -0.0184112 0.0892265 
0.00882815 -0.016822 -0.00480667 0.00618785 -0.016822 0.0857536 0.00619102 -0.0168979 -0.00480667 0.00619102 0.0102821 -0.0183953 0.00618785 -0.0168979 -0.0183953 0.0892234 
0.00881582 -0.0168337 -0.00479926 0.00626295 -0.0168337 0.0857905 0.00626212 -0.0171072 -0.00479926 0.00626212 0.0102949 -0.0183945 0.00626295 -0.0171072 -0.0183945 0.0892009 
0.00877808 -0.0168417 -0.00477449 0.00626186 -0.0168417 0.0858271 0.00625681 -0.0171956 -0.00477449 0.00625681 0.0103127 -0.0183731 0.00626186 -0.0171956 -0.0183731 0.0890998 
0.0087927 -0.0167492 -0.00477807 0.00622634 -0.0167492 0.085636 0.00621405 -0.0171405 -0.00477807 0.00621405 0.010307 -0.0184496 0.00622634 -0.0171405 -0.0184496 0.0892447 
0.00879625 -0.0167469 -0.00478479 0.00622618 -0.0167469 0.085566 0.00621767 -0.0171074 -0.00478479 0.00621767 0.0103488 -0.0185167 0.00622618 -0.0171074 -0.0185167 0.0895614 
0.00881103 -0.0167973 -0.00479289 0.0062273 -0.0167973 0.0856604 0.00622655 -0.0171058 -0.00479289 0.00622655 0.0103518 -0.0185008 0.0062273 -0.0171058 -0.0185008 0.0895465 
0.00883459 -0.0168187 -0.00481259 0.00623013 -0.0168187 0.085729 0.00623212 -0.0171048 -0.00481259 0.00623212 0.0103314 -0.0184966 0.00623013 -0.0171048 -0.0184966 0.0895033 
0.00884231 -0.0168921 -0.00485395 0.00625768 -0.0168921 0.0859393 0.00626259 -0.0171588 -0.00485395 0.00626259 0.0103119 -0.0184421 0.00625768 -0.0171588 -0.0184421 0.0893841 
0.00882982 -0.0169043 -0.00487002 0.00631431 -0.0169043 0.0860676 0.00631597 -0.0172713 -0.00487002 0.00631597 0.0103224 -0.0184311 0.00631431 -0.0172713 -0.0184311 0.0893414 
0.00882806 -0.0168251 -0.00487551 0.00632986 -0.0168251 0.0858467 0.0063252 -0.0173303 -0.00487551 0.0063252 0.0102976 -0.0184497 0.00632986 -0.0173303 -0.0184497 0.0893057 
0.0088916 -0.0168537 -0.00492041 0.00635284 -0.0168537 0.0858967 0.0063486 -0.0174077 -0.00492041 0.0063486 0.0102623 -0.0184539 0.00635284 -0.0174077 -0.0184539 0.0894184 
0.00894876 -0.016945 -0.00494425 0.00639598 -0.016945 0.0860493 0.00640215 -0.0175093 -0.00494425 0.00640215 0.0101927 -0.0183583 0.00639598 -0.0175093 -0.0183583 0.0892136 
0.00899183 -0.0170171 -0.00497319 0.00642419 -0.0170171 0.0862469 0.00643941 -0.0176104 -0.00497319 0.00643941 0.0101466 -0.0182773 0.00642419 -0.0176104 -0.0182773 0.0890042 
0.00902317 -0.0170807 -0.00499931 0.00646253 -0.0170807 0.086453 0.00648035 -0.0177134 -0.00499931 0.00648035 0.0101303 -0.0182241 0.00646253 -0.0177134 -0.0182241 0.0888542 
0.00902623 -0.017114 -0.00503743 0.00649303 -0.017114 0.0865567 0.00650741 -0.0177985 -0.00503743 0.00650741 0.0101273 -0.0181865 0.00649303 -0.0177985 -0.0181865 0.088697 
0.0090014 -0.017138 -0.00504493 0.00654945 -0.017138 0.0866565 0.00655293 -0.0179158 -0.00504493 0.00655293 0.0101308 -0.0181651 0.00654945 -0.0179158 -0.0181651 0.0885865 
0.00895354 -0.0170641 -0.0050105 0.00656495 -0.0170641 0.0865087 0.00655562 -0.0179768 -0.0050105 0.00655562 0.010155 -0.0182053 0.00656495 -0.0179768 -0.0182053 0.0886437 
0.00892079 -0.0170376 -0.00497716 0.00653892 -0.0170376 0.0864773 0.00652273 -0.0179691 -0.00497716 0.00652273 0.010171 -0.0182343 0.00653892 -0.0179691 -0.0182343 0.0887642 
0.00890434 -0.016926 -0.00493076 0.00648691 -0.016926 0.0861866 0.0064678 -0.0178513 -0.00493076 0.0064678 0.010165 -0.018309 0.00648691 -0.0178513 -0.018309 0.088984 
0.00889282 -0.0168931 -0.00492437 0.00642163 -0.0168931 0.085974 0.00641213 -0.0177034 -0.00492437 0.00641213 0.0101674 -0.0182803 0.00642163 -0.0177034 -0.0182803 0.088989 
0.00891362 -0.0168543 -0.00492476 0.00640628 -0.0168543 0.085812 0.00640427 -0.017618 -0.00492476 0.00640427 0.0101412 -0.0183047 0.00640628 -0.017618 -0.0183047 0.0890348 
0.00895293 -0.0168937 -0.00490489 0.00640438 -0.0168937 0.0858178 0.00641326 -0.0176044 -0.00490489 0.00641326 0.0100969 -0.0182518 0.00640438 -0.0176044 -0.0182518 0.0889418 
0.008911 -0.0169583 -0.00484449 0.00637828 -0.0169583 0.0859588 0.00639797 -0.0175764 -0.00484449 0.00639797 0.0101438 -0.0181861 0.00637828 -0.0175764 -0.0181861 0.0887832 
0.00885521 -0.0169756 -0.00479508 0.00631176 -0.0169756 0.0861402 0.00632523 -0.0174622 -0.00479508 0.00632523 0.0101837 -0.0181717 0.00631176 -0.0174622 -0.0181717 0.0886076 
0.00884009 -0.0168583 -0.00479154 0.00625204 -0.0168583 0.0859601 0.00624622 -0.0172824 -0.00479154 0.00624622 0.0101966 -0.0182727 0.00625204 -0.0172824 -0.0182727 0.0887727 
0.00886317 -0.0167952 -0.00481401 0.00624768 -0.0167952 0.0857262 0.00623381 -0.0171883 -0.00481401 0.00623381 0.0101966 -0.018341 0.00624768 -0.0171883 -0.018341 0.0890364 
0.00887318 -0.0168484 -0.00482573 0.00627291 -0.0168484 0.0857372 0.00626898 -0.0172153 -0.00482573 0.00626898 0.0101934 -0.0183002 0.00627291 -0.0172153 -0.0183002 0.0890058 
0.00887522 -0.0168654 -0.00485006 0.00628926 -0.0168654 0.0858133 0.006291 -0.0172688 -0.00485006 0.006291 0.0102186 -0.0183161 0.00628926 -0.0172688 -0.0183161 0.089042 
0.00890955 -0.016864 -0.00490426 0.00631545 -0.016864 0.0858296 0.00631648 -0.0173238 -0.00490426 0.00631648 0.0102124 -0.0183553 0.00631545 -0.0173238 -0.0183553 0.0891278 
0.00892998 -0.0169104 -0.00495355 0.00637764 -0.0169104 0.0859018 0.00637999 -0.0174403 -0.00495355 0.00637999 0.0102065 -0.0183449 0.00637764 -0.0174403 -0.0183449 0.0891398 
0.00889176 -0.0169735 -0.00492027 0.00644319 -0.0169735 0.086088 0.0064467 -0.0176048 -0.00492027 0.0064467 0.0102382 -0.0183099 0.00644319 -0.0176048 -0.0183099 0.0890522 
0.00883821 -0.0169223 -0.00486816 0.0064067 -0.0169223 0.0860722 0.00640382 -0.0176135 -0.00486816 0.00640382 0.0102895 -0.0183567 0.0064067 -0.0176135 -0.0183567 0.089093 
0.00883758 -0.01684 -0.00487801 0.00634347 -0.01684 0.0859285 0.00632997 -0.017483 -0.00487801 0.00632997 0.0103111 -0.0184623 0.00634347 -0.017483 -0.0184623 0.0893664 
0.0088417 -0.0168481 -0.0049238 0.00634699 -0.0168481 0.0858874 0.00633525 -0.0174186 -0.0049238 0.00633525 0.0103228 -0.0184829 0.00634699 -0.0174186 -0.0184829 0.0895131 
0.00886882 -0.0168149 -0.00495209 0.006391 -0.0168149 0.0857348 0.00638315 -0.0174608 -0.00495209 0.00638315 0.0102929 -0.0184938 0.006391 -0.0174608 -0.0184938 0.0895234 
0.00889801 -0.016889 -0.00496571 0.00643785 -0.016889 0.0858887 0.00643937 -0.0175923 -0.00496571 0.00643937 0.0102833 -0.0184726 0.00643785 -0.0175923 -0.0184726 0.0895574 
0.00888726 -0.0169591 -0.00497718 0.00645176 -0.0169591 0.0861014 0.00646077 -0.0176778 -0.00497718 0.00646077 0.0102928 -0.0184154 0.00645176 -0.0176778 -0.0184154 0.0894062 
0.00889495 -0.0169688 -0.00499597 0.00646818 -0.0169688 0.0862175 0.00647332 -0.0177304 -0.00499597 0.00647332 0.0102736 -0.0183821 0.00646818 -0.0177304 -0.0183821 0.0892207 
0.00886847 -0.0169287 -0.00498879 0.0064944 -0.0169287 0.0861522 0.00649123 -0.017779 -0.00498879 0.00649123 0.0103194 -0.0184342 0.0064944 -0.017779 -0.0184342 0.0893507 
0.00884046 -0.0168618 -0.00494256 0.00648178 -0.0168618 0.0859452 0.00647311 -0.0177669 -0.00494256 0.00647311 0.0103715 -0.0185025 0.00648178 -0.0177669 -0.0185025 0.0895007 
0.00876452 -0.0168661 -0.00485518 0.00642999 -0.0168661 0.0859561 0.00642021 -0.017685 -0.00485518 0.00642021 0.0104713 -0.0185808 0.00642999 -0.017685 -0.0185808 0.0897495 
0.00871 -0.0167634 -0.00477147 0.0063069 -0.0167634 0.0857396 0.00628944 -0.0174189 -0.00477147 0.00628944 0.010487 -0.0186745 0.0063069 -0.0174189 -0.0186745 0.089906 
0.00868165 -0.0167424 -0.00470149 0.00620864 -0.0167424 0.0857281 0.0061922 -0.0171515 -0.00470149 0.0061922 0.0105078 -0.0187056 0.00620864 -0.0171515 -0.0187056 0.0901094 
0.00868739 -0.0166734 -0.00466311 0.00610748 -0.0166734 0.0855509 0.0060966 -0.0168746 -0.00466311 0.0060966 0.0104889 -0.0187228 0.00610748 -0.0168746 -0.0187228 0.0901604 
0.00866724 -0.0166816 -0.00463324 0.00605232 -0.0166816 0.0854602 0.00605238 -0.0166876 -0.00463324 0.00605238 0.0104839 -0.0186528 0.00605232 -0.0166876 -0.0186528 0.0899799 
0.0086327 -0.0166087 -0.00458801 0.00601396 -0.0166087 0.0852973 0.00601751 -0.0165584 -0.00458801 0.00601751 0.0105513 -0.0187306 0.00601396 -0.0165584 -0.0187306 0.0901422 
0.0085909 -0.0166155 -0.00451831 0.00596428 -0.0166155 0.0852727 0.00596375 -0.0164435 -0.00451831 0.00596375 0.0105921 -0.0187375 0.00596428 -0.0164435 -0.0187375 0.0901163 
0.00858998 -0.0165898 -0.00451763 0.00588541 -0.0165898 0.0852912 0.00587777 -0.0162692 -0.00451763 0.00587777 0.0105958 -0.0187972 0.00588541 -0.0162692 -0.0187972 0.0902413 
0.00864442 -0.0165779 -0.00453754 0.00587621 -0.0165779 0.0852522 0.00586659 -0.016161 -0.00453754 0.00586659 0.0105346 -0.0188014 0.00587621 -0.016161 -0.0188014 0.0902944 
0.00862522 -0.0166387 -0.00450232 0.00589177 -0.0166387 0.085277 0.00589606 -0.0161657 -0.00450232 0.00589606 0.0105023 -0.0186774 0.00589177 -0.0161657 -0.0186774 0.09001 
0.00861177 -0.0166641 -0.00450555 0.00586803 -0.0166641 0.0854655 0.00587804 -0.0161739 -0.00450555 0.00587804 0.0105093 -0.018635 0.00586803 -0.0161739 -0.018635 0.0898624 
0.00856903 -0.0165532 -0.00455876 0.0058599 -0.0165532 0.0852081 0.00586195 -0.0161219 -0.00455876 0.00586195 0.0105465 -0.0187028 0.0058599 -0.0161219 -0.0187028 0.0899543 
0.00855149 -0.0165022 -0.00458499 0.00593542 -0.0165022 0.0850006 0.00592696 -0.0162221 -0.00458499 0.00592696 0.0105526 -0.0187288 0.00593542 -0.0162221 -0.0187288 0.0900085 
0.00858578 -0.0164506 -0.00462896 0.00598215 -0.0164506 0.0848694 0.00597186 -0.016362 -0.00462896 0.00597186 0.0105749 -0.0188383 0.00598215 -0.016362 -0.0188383 0.0903952 
0.00860395 -0.0165012 -0.00466938 0.00602397 -0.0165012 0.084843 0.00602276 -0.016483 -0.00466938 0.00602276 0.0105753 -0.0187943 0.00602397 -0.016483 -0.0187943 0.0903353 
0.00860419 -0.0165743 -0.00467315 0.00607894 -0.0165743 0.0850676 0.00608512 -0.0166366 -0.00467315 0.00608512 0.0106128 -0.0187967 0.00607894 -0.0166366 -0.0187967 0.0903391 
0.00857148 -0.0165819 -0.00465965 0.00608166 -0.0165819 0.0851678 0.00608284 -0.0166951 -0.00465965 0.00608284 0.0106602 -0.0188299 0.00608166 -0.0166951 -0.0188299 0.0903639 
0.00857228 -0.0165533 -0.00466505 0.00606678 -0.0165533 0.0851744 0.00605701 -0.016672 -0.00466505 0.00605701 0.010661 -0.0188935 0.00606678 -0.016672 -0.0188935 0.0904918 
0.00862129 -0.0165451 -0.00469745 0.00606644 -0.0165451 0.0851219 0.0060561 -0.0166448 -0.00469745 0.0060561 0.0106313 -0.0188915 0.00606644 -0.0166448 -0.0188915 0.0905258 
0.00866263 -0.0165988 -0.00475422 0.00609816 -0.0165988 0.085177 0.00609668 -0.0166886 -0.00475422 0.00609668 0.0106336 -0.0188677 0.00609816 -0.0166886 -0.0188677 0.0905052 
0.00869408 -0.016694 -0.00481743 0.00617023 -0.016694 0.085434 0.00617364 -0.0168385 -0.00481743 0.00617364 0.010619 -0.0188596 0.00617023 -0.0168385 -0.0188596 0.0904807 
0.00869545 -0.0167271 -0.00482352 0.00624573 -0.0167271 0.0856097 0.00624918 -0.0170151 -0.00482352 0.00624918 0.0106433 -0.018892 0.00624573 -0.0170151 -0.018892 0.0906096 
0.00868812 -0.0167363 -0.0047939 0.00625491 -0.0167363 0.0856853 0.00625434 -0.0170986 -0.0047939 0.00625434 0.0106471 -0.0189088 0.00625491 -0.0170986 -0.0189088 0.0906694 
0.00870174 -0.0167454 -0.00478974 0.00621608 -0.0167454 0.0857389 0.00621601 -0.0170603 -0.00478974 0.00621601 0.010612 -0.0188823 0.00621608 -0.0170603 -0.0188823 0.0906076 
0.00878423 -0.016762 -0.00482394 0.00620427 -0.016762 0.0857869 0.0062093 -0.0170125 -0.00482394 0.0062093 0.0105057 -0.0188396 0.00620427 -0.0170125 -0.0188396 0.0905192 
0.00881801 -0.0168912 -0.00483558 0.00624467 -0.0168912 0.0860284 0.0062641 -0.0170844 -0.00483558 0.0062641 0.0104344 -0.0186492 0.00624467 -0.0170844 -0.0186492 0.0901005 
0.0088063 -0.0169382 -0.00483032 0.00626728 -0.0169382 0.086248 0.0062925 -0.0171775 -0.00483032 0.0062925 0.0104263 -0.0185649 0.00626728 -0.0171775 -0.0185649 0.0898015 
0.008744 -0.0168689 -0.00479291 0.0062616 -0.0168689 0.0861276 0.00627611 -0.0171871 -0.00479291 0.00627611 0.0104713 -0.0185751 0.0062616 -0.0171871 -0.0185751 0.0897077 
0.0086726 -0.0167887 -0.00476406 0.00623028 -0.0167887 0.0859273 0.00622683 -0.0171326 -0.00476406 0.00622683 0.0105224 -0.0186184 0.00623028 -0.0171326 -0.0186184 0.0897324 
0.00870011 -0.0166979 -0.00480086 0.00620696 -0.0166979 0.0857108 0.00618782 -0.0170597 -0.00480086 0.00618782 0.0104858 -0.0186964 0.00620696 -0.0170597 -0.0186964 0.0899123 
0.00875293 -0.0166744 -0.00483632 0.00624091 -0.0166744 0.0854914 0.00622507 -0.0170705 -0.00483632 0.00622507 0.0104452 -0.0186946 0.00624091 -0.0170705 -0.0186946 0.09003 
0.00876001 -0.0167705 -0.00486388 0.00628895 -0.0167705 0.0856368 0.00629013 -0.0171955 -0.00486388 0.00629013 0.0104646 -0.01864 0.00628895 -0.0171955 -0.01864 0.0899992 
0.00875692 -0.0167647 -0.00487059 0.00631434 -0.0167647 0.0856716 0.00631939 -0.0172826 -0.00487059 0.00631939 0.0104892 -0.0186723 0.00631434 -0.0172826 -0.0186723 0.090012 
0.00879892 -0.016758 -0.00489627 0.00632135 -0.016758 0.0856555 0.00632159 -0.017315 -0.00489627 0.00632159 0.010465 -0.0187155 0.00632135 -0.017315 -0.0187155 0.0901106 
0.00882928 -0.0168581 -0.00489144 0.00635284 -0.0168581 0.0858617 0.00635717 -0.0173813 -0.00489144 0.00635717 0.0104293 -0.0186414 0.00635284 -0.0173813 -0.0186414 0.0899906 
0.0088673 -0.0168965 -0.00493635 0.00634182 -0.0168965 0.0860119 0.00635087 -0.0173937 -0.00493635 0.00635087 0.0103637 -0.0185941 0.00634182 -0.0173937 -0.0185941 0.089841 
0.00891221 -0.0169457 -0.00497705 0.0063955 -0.0169457 0.086172 0.00640884 -0.0174757 -0.00497705 0.00640884 0.0103097 -0.0185347 0.0063955 -0.0174757 -0.0185347 0.0897413 
0.00893834 -0.0169751 -0.00497177 0.00644759 -0.0169751 0.0862589 0.0064655 -0.0176053 -0.00497177 0.0064655 0.0103138 -0.0184945 0.00644759 -0.0176053 -0.0184945 0.0896741 
0.0088727 -0.0170145 -0.00491988 0.00644201 -0.0170145 0.0863473 0.00645968 -0.0176595 -0.00491988 0.00645968 0.0103888 -0.0184745 0.00644201 -0.0176595 -0.0184745 0.0895668 
0.00883157 -0.0169939 -0.00491423 0.0063868 -0.0169939 0.0863841 0.00639006 -0.0175809 -0.00491423 0.00639006 0.010375 -0.0184585 0.0063868 -0.0175809 -0.0184585 0.0893327 
0.00876738 -0.0169355 -0.00489561 0.00638887 -0.0169355 0.086286 0.00637424 -0.0175228 -0.00489561 0.00637424 0.0103712 -0.0184527 0.00638887 -0.0175228 -0.0184527 0.0892658 
0.00874535 -0.0168419 -0.0049234 0.0063872 -0.0168419 0.0861036 0.00636251 -0.0175145 -0.0049234 0.00636251 0.0103677 -0.0184749 0.0063872 -0.0175145 -0.0184749 0.0893376 
0.0087408 -0.0167483 -0.00497785 0.00642294 -0.0167483 0.085801 0.00639625 -0.0175661 -0.00497785 0.00639625 0.0103665 -0.0185203 0.00642294 -0.0175661 -0.0185203 0.0895051 
0.00874857 -0.0166871 -0.00499259 0.00648826 -0.0166871 0.0855063 0.0064666 -0.0177031 -0.00499259 0.0064666 0.0103805 -0.0185566 0.00648826 -0.0177031 -0.0185566 0.0896657 
0.00877094 -0.0167028 -0.00500653 0.00650918 -0.0167028 0.0854166 0.0064978 -0.0178201 -0.00500653 0.0064978 0.0103709 -0.0185648 0.00650918 -0.0178201 -0.0185648 0.0897218 
0.00879648 -0.0167304 -0.00501421 0.00651852 -0.0167304 0.0854655 0.00651617 -0.0178759 -0.00501421 0.00651617 0.0103705 -0.0185994 0.00651852 -0.0178759 -0.0185994 0.0898821 
0.00877646 -0.0167624 -0.00497633 0.0065137 -0.0167624 0.0855173 0.00651944 -0.0178783 -0.00497633 0.00651944 0.0103895 -0.0185816 0.0065137 -0.0178783 -0.0185816 0.0898767 
0.00874948 -0.0167492 -0.00489704 0.00646533 -0.0167492 0.0855705 0.00647382 -0.0178011 -0.00489704 0.00647382 0.0104354 -0.0186347 0.00646533 -0.0178011 -0.0186347 0.0900177 
0.00876397 -0.0167349 -0.00487506 0.00636056 -0.0167349 0.0855531 0.00636678 -0.0175879 -0.00487506 0.00636678 0.0104118 -0.0186396 0.00636056 -0.0175879 -0.0186396 0.0899958 
0.00881934 -0.016742 -0.00488437 0.00631843 -0.016742 0.0855303 0.00632873 -0.0174086 -0.00488437 0.00632873 0.0103487 -0.0186088 0.00631843 -0.0174086 -0.0186088 0.0899202 
0.00887156 -0.0168261 -0.00491244 0.00633081 -0.0168261 0.0857163 0.00635157 -0.0173825 -0.00491244 0.00635157 0.0103261 -0.018552 0.00633081 -0.0173825 -0.018552 0.0898553 
0.00891699 -0.0168704 -0.00493267 0.00635422 -0.0168704 0.0858046 0.00638216 -0.0174121 -0.00493267 0.00638216 0.0103028 -0.0185087 0.00635422 -0.0174121 -0.0185087 0.0896836 
0.00896208 -0.016997 -0.00497915 0.00638902 -0.016997 0.0861414 0.006417 -0.0175042 -0.00497915 0.006417 0.0102722 -0.0184282 0.00638902 -0.0175042 -0.0184282 0.089441 
0.00891081 -0.0170908 -0.00499156 0.00645276 -0.0170908 0.0864879 0.00647554 -0.0176409 -0.00499156 0.00647554 0.010333 -0.018365 0.00645276 -0.0176409 -0.018365 0.0892187 
0.0088798 -0.0169943 -0.00501395 0.00647987 -0.0169943 0.0864448 0.00647841 -0.0177198 -0.00501395 0.00647841 0.0103938 -0.0184963 0.00647987 -0.0177198 -0.0184963 0.0894192 
0.00882246 -0.0169316 -0.00497374 0.00651174 -0.0169316 0.0862714 0.00649207 -0.0177725 -0.00497374 0.00649207 0.0104635 -0.0186076 0.00651174 -0.0177725 -0.0186076 0.0897539 
0.00880058 -0.0168257 -0.00493437 0.00645428 -0.0168257 0.0859563 0.00642852 -0.0176865 -0.00493437 0.00642852 0.0104791 -0.0187113 0.00645428 -0.0176865 -0.0187113 0.0900388 
0.00882905 -0.0168474 -0.00495182 0.00640603 -0.0168474 0.0859627 0.00639043 -0.0175786 -0.00495182 0.00639043 0.010478 -0.0187193 0.00640603 -0.0175786 -0.0187193 0.0901943 
0.00882714 -0.0169073 -0.00496944 0.0064177 -0.0169073 0.0860996 0.00641286 -0.0175549 -0.00496944 0.00641286 0.0105108 -0.0186873 0.0064177 -0.0175549 -0.0186873 0.0901496 
0.00876852 -0.0168887 -0.00495269 0.00643397 -0.0168887 0.0861038 0.0064297 -0.0175745 -0.00495269 0.0064297 0.0105817 -0.0187445 0.00643397 -0.0175745 -0.0187445 0.0902195 
0.00873547 -0.0168389 -0.00498005 0.00642353 -0.0168389 0.0860484 0.0064084 -0.0175676 -0.00498005 0.0064084 0.0106171 -0.0188195 0.00642353 -0.0175676 -0.0188195 0.0903623 
0.0087067 -0.0167547 -0.00496931 0.00644633 -0.0167547 0.0857919 0.00642348 -0.0175673 -0.00496931 0.00642348 0.0106396 -0.0188797 0.00644633 -0.0175673 -0.0188797 0.0905056 
0.00872412 -0.0167627 -0.00495924 0.00645022 -0.0167627 0.0857814 0.00642921 -0.0176088 -0.00495924 0.00642921 0.010623 -0.0188973 0.00645022 -0.0176088 -0.0188973 0.0906095 
0.00877076 -0.016801 -0.00495828 0.00643603 -0.016801 0.0858808 0.00642392 -0.0176098 -0.00495828 0.00642392 0.0105513 -0.0188735 0.00643603 -0.0176098 -0.0188735 0.0906246 
0.00882068 -0.0168285 -0.00499437 0.00641696 -0.0168285 0.085946 0.00642184 -0.0175742 -0.00499437 0.00642184 0.0105117 -0.0188193 0.00641696 -0.0175742 -0.0188193 0.0905883 
0.00889345 -0.0168446 -0.00507782 0.0064408 -0.0168446 0.0858988 0.00645783 -0.0175859 -0.00507782 0.00645783 0.0104658 -0.0187676 0.0064408 -0.0175859 -0.0187676 0.0904271 
0.00894048 -0.0169852 -0.00514697 0.00655331 -0.0169852 0.0861879 0.0065772 -0.0178014 -0.00514697 0.0065772 0.0104493 -0.0186901 0.00655331 -0.0178014 -0.0186901 0.0902381 
0.00893948 -0.0170817 -0.00515502 0.00665247 -0.0170817 0.086547 0.00667124 -0.0180703 -0.00515502 0.00667124 0.0104798 -0.018672 0.00665247 -0.0180703 -0.018672 0.0901595 
0.00892994 -0.0170509 -0.00514075 0.00665958 -0.0170509 0.0865571 0.00666443 -0.0181621 -0.00514075 0.00666443 0.0104937 -0.0187062 0.00665958 -0.0181621 -0.0187062 0.0901478 
0.00888953 -0.0170189 -0.00513097 0.0066371 -0.0170189 0.086484 0.00663368 -0.0181266 -0.00513097 0.00663368 0.0105623 -0.0187789 0.0066371 -0.0181266 -0.0187789 0.0903584 
0.0089014 -0.0169842 -0.00512017 0.00661997 -0.0169842 0.0864065 0.00661071 -0.0180646 -0.00512017 0.00661071 0.0105607 -0.018846 0.00661997 -0.0180646 -0.018846 0.0905144 
0.00890489 -0.0170076 -0.00510107 0.00660349 -0.0170076 0.08643 0.00659682 -0.0180119 -0.00510107 0.00659682 0.0105624 -0.0188593 0.00660349 -0.0180119 -0.0188593 0.0906364 
