0.00739644 0 -0.00324547 0 0 0.0100183 0 0 -0.00324547 0 0.00605393 0 0 0 0 0.0100183 
0.0105015 -0.01302 -0.00450615 0.005552 -0.01302 0.0341251 0.005552 -0.0106465 -0.00450615 0.005552 0.00847651 -0.01052 0.005552 -0.0106465 -0.01052 0.0293325 
0.0104034 -0.0191877 -0.00418123 0.00721347 -0.0191877 0.0703788 0.00721347 -0.0230192 -0.00418123 0.00721347 0.00849327 -0.0158255 0.00721347 -0.0230192 -0.0158255 0.059611 
0.00982208 -0.0185577 -0.00375898 0.00566464 -0.0185577 0.0826581 0.00566413 -0.0209468 -0.00375898 0.00566413 0.00804566 -0.015882 0.00566464 -0.0209468 -0.015882 0.072493 
0.00982673 -0.0180003 -0.00381147 0.00492318 -0.0180003 0.0859854 0.00494075 -0.016589 -0.00381147 0.00494075 0.00811014 -0.0157894 0.00492318 -0.016589 -0.0157894 0.0782406 
0.010044 -0.018071 -0.0039634 0.00495786 -0.018071 0.0876914 0.00499316 -0.0146518 -0.0039634 0.00499316 0.00817538 -0.015806 0.00495786 -0.0146518 -0.015806 0.0807658 
0.0102031 -0.0183219 -0.00404816 0.00518463 -0.0183219 0.088915 0.00523119 -0.0144487 -0.00404816 0.00523119 0.008222 -0.0157665 0.00518463 -0.0144487 -0.0157665 0.0817215 
0.0102898 -0.0185421 -0.00402601 0.00530286 -0.0185421 0.0898221 0.00534691 -0.0146552 -0.00402601 0.00534691 0.00822875 -0.0156488 0.00530286 -0.0146552 -0.0156488 0.0817122 
0.0103239 -0.018601 -0.00399746 0.005294 -0.018601 0.0901715 0.00532181 -0.0147342 -0.00399746 0.00532181 0.00823978 -0.0155985 0.005294 -0.0147342 -0.0155985 0.0814989 
0.0103059 -0.0185147 -0.00397856 0.00526452 -0.0185147 0.0898557 0.00527073 -0.0146766 -0.00397856 0.00527073 0.00823093 -0.0156015 0.00526452 -0.0146766 -0.0156015 0.0812642 
0.0103285 -0.0185355 -0.00396343 0.00526045 -0.0185355 0.0898902 0.0052567 -0.014654 -0.00396343 0.0052567 0.00824145 -0.0156565 0.00526045 -0.014654 -0.0156565 0.0814358 
0.0103541 -0.0186296 -0.00395307 0.0052051 -0.0186296 0.0901066 0.00520239 -0.0145171 -0.00395307 0.00520239 0.00821791 -0.0155859 0.0052051 -0.0145171 -0.0155859 0.0812604 
0.0104383 -0.0187128 -0.00397968 0.00519913 -0.0187128 0.0904763 0.00519183 -0.0144443 -0.00397968 0.00519183 0.00819227 -0.0155892 0.00519913 -0.0144443 -0.0155892 0.0813102 
0.0105029 -0.0187454 -0.00399783 0.00523219 -0.0187454 0.0905127 0.00521954 -0.0144629 -0.00399783 0.00521954 0.00813305 -0.0155732 0.00523219 -0.0144629 -0.0155732 0.0812674 
0.0105581 -0.0188106 -0.00402113 0.005266 -0.0188106 0.090628 0.00525978 -0.0145545 -0.00402113 0.00525978 0.00809405 -0.0155486 0.005266 -0.0145545 -0.0155486 0.0812932 
0.0106338 -0.0188907 -0.0040512 0.00530902 -0.0188907 0.0908836 0.005312 -0.0146874 -0.0040512 0.005312 0.00804746 -0.015566 0.00530902 -0.0146874 -0.015566 0.0814763 
0.0106706 -0.0189733 -0.00406699 0.00532818 -0.0189733 0.091067 0.00534407 -0.0147662 -0.00406699 0.00534407 0.00800864 -0.0154898 0.00532818 -0.0147662 -0.0154898 0.081381 
0.0106327 -0.0189808 -0.00405829 0.00533153 -0.0189808 0.09102 0.00535299 -0.0147893 -0.00405829 0.00535299 0.00798687 -0.0153986 0.00533153 -0.0147893 -0.0153986 0.0810461 
0.0106551 -0.0189899 -0.00405449 0.00534876 -0.0189899 0.0911857 0.00536194 -0.014846 -0.00405449 0.00536194 0.00799359 -0.0154173 0.00534876 -0.014846 -0.0154173 0.0811058 
0.0106506 -0.0189551 -0.00407756 0.00535848 -0.0189551 0.0910913 0.0053629 -0.0148882 -0.00407756 0.0053629 0.00799861 -0.0154625 0.00535848 -0.0148882 -0.0154625 0.0812388 
0.0106315 -0.0188939 -0.00408839 0.0054004 -0.0188939 0.0908779 0.0054044 -0.0149833 -0.00408839 0.0054044 0.00801831 -0.0155149 0.0054004 -0.0149833 -0.0155149 0.0814266 
0.0105716 -0.0188699 -0.00408103 0.00539933 -0.0188699 0.0907042 0.00540857 -0.0150149 -0.00408103 0.00540857 0.00805801 -0.0154921 0.00539933 -0.0150149 -0.0154921 0.0813536 
0.0105653 -0.0189446 -0.00406408 0.00538124 -0.0189446 0.0910626 0.00538888 -0.0149841 -0.00406408 0.00538888 0.00811584 -0.015507 0.00538124 -0.0149841 -0.015507 0.081416 
0.0104853 -0.0188709 -0.00403547 0.00533338 -0.0188709 0.0908609 0.00532644 -0.0148394 -0.00403547 0.00532644 0.00814332 -0.0155036 0.00533338 -0.0148394 -0.0155036 0.0811981 
0.0104957 -0.0188038 -0.004044 0.00533489 -0.0188038 0.0908248 0.00530916 -0.0147984 -0.004044 0.00530916 0.0081549 -0.0156265 0.00533489 -0.0147984 -0.0156265 0.0815422 
0.0104909 -0.0188259 -0.00400789 0.00532745 -0.0188259 0.0908206 0.00530041 -0.0147475 -0.00400789 0.00530041 0.0081476 -0.0155975 0.00532745 -0.0147475 -0.0155975 0.0815713 
0.010471 -0.0187962 -0.00399 0.0052826 -0.0187962 0.0907298 0.00526273 -0.0146721 -0.00399 0.00526273 0.00815176 -0.0155803 0.0052826 -0.0146721 -0.0155803 0.0815031 
0.0105157 -0.0187513 -0.0039939 0.00526623 -0.0187513 0.0906002 0.00524831 -0.01462 -0.0039939 0.00524831 0.00811099 -0.015601 0.00526623 -0.01462 -0.015601 0.0815315 
0.0105641 -0.0187836 -0.00400188 0.00525294 -0.0187836 0.0904943 0.0052457 -0.014576 -0.00400188 0.0052457 0.00804456 -0.0155116 0.00525294 -0.014576 -0.0155116 0.0812936 
0.0106203 -0.0188914 -0.00404516 0.00529131 -0.0188914 0.090831 0.00529853 -0.0146774 -0.00404516 0.00529853 0.00804094 -0.0155231 0.00529131 -0.0146774 -0.0155231 0.0814578 
0.0106595 -0.0189159 -0.004065 0.00533181 -0.0189159 0.0908877 0.00534492 -0.0147765 -0.004065 0.00534492 0.00799252 -0.015497 0.00533181 -0.0147765 -0.015497 0.081386 
0.0106649 -0.0189292 -0.00405079 0.00534562 -0.0189292 0.0908036 0.00536497 -0.0148375 -0.00405079 0.00536497 0.00794095 -0.0154032 0.00534562 -0.0148375 -0.0154032 0.0810954 
0.0107563 -0.0190114 -0.00405149 0.00535258 -0.0190114 0.0911323 0.00537622 -0.0149084 -0.00405149 0.00537622 0.00790276 -0.0153955 0.00535258 -0.0149084 -0.0153955 0.081164 
0.0107806 -0.0190908 -0.00405116 0.00532256 -0.0190908 0.0912508 0.00535467 -0.0148589 -0.00405116 0.00535467 0.00785766 -0.0152896 0.00532256 -0.0148589 -0.0152896 0.0808616 
0.0107848 -0.0191285 -0.00404857 0.00531976 -0.0191285 0.091371 0.00535277 -0.0148274 -0.00404857 0.00535277 0.00783403 -0.0152271 0.00531976 -0.0148274 -0.0152271 0.0806194 
0.0107929 -0.0192054 -0.00399145 0.00533177 -0.0192054 0.0917253 0.00535668 -0.0148442 -0.00399145 0.00535668 0.0078503 -0.0152249 0.00533177 -0.0148442 -0.0152249 0.0806587 
0.0108026 -0.0191908 -0.0039464 0.005252 -0.0191908 0.0917611 0.00526627 -0.0147016 -0.0039464 0.00526627 0.00784331 -0.0152082 0.005252 -0.0147016 -0.0152082 0.0805566 
0.0108122 -0.019209 -0.00392413 0.00519487 -0.019209 0.091824 0.00520296 -0.0145306 -0.00392413 0.00520296 0.00783342 -0.0152117 0.00519487 -0.0145306 -0.0152117 0.0805678 
0.0108063 -0.0191547 -0.00392295 0.00515095 -0.0191547 0.0915706 0.00515434 -0.0143678 -0.00392295 0.00515434 0.00779051 -0.0151573 0.00515095 -0.0143678 -0.0151573 0.0803245 
0.0108089 -0.0191574 -0.00391293 0.00516785 -0.0191574 0.0915195 0.00516792 -0.0143509 -0.00391293 0.00516792 0.00778117 -0.0151359 0.00516785 -0.0143509 -0.0151359 0.0802682 
0.0108316 -0.0192246 -0.00385455 0.00517009 -0.0192246 0.0917808 0.00517014 -0.0143764 -0.00385455 0.00517014 0.00779104 -0.0151467 0.00517009 -0.0143764 -0.0151467 0.0803832 
0.0108344 -0.0191861 -0.00380025 0.00508232 -0.0191861 0.0916434 0.005083 -0.0142313 -0.00380025 0.005083 0.00775607 -0.0151217 0.00508232 -0.0142313 -0.0151217 0.0802447 
0.0108434 -0.0192058 -0.00376578 0.00501611 -0.0192058 0.0916741 0.00502223 -0.0140637 -0.00376578 0.00502223 0.00775869 -0.0151076 0.00501611 -0.0140637 -0.0151076 0.0802525 
0.0108376 -0.0191494 -0.00380522 0.00498963 -0.0191494 0.0915065 0.00499613 -0.0139743 -0.00380522 0.00499613 0.00776711 -0.0151596 0.00498963 -0.0139743 -0.0151596 0.0803787 
0.0108068 -0.0191724 -0.00380314 0.00502296 -0.0191724 0.0915002 0.00502834 -0.0139732 -0.00380314 0.00502834 0.0077979 -0.0151391 0.00502296 -0.0139732 -0.0151391 0.0803588 
0.0107644 -0.0191605 -0.00382671 0.00503478 -0.0191605 0.0915565 0.00503196 -0.0140142 -0.00382671 0.00503196 0.00784955 -0.0151857 0.00503478 -0.0140142 -0.0151857 0.0804656 
0.0107059 -0.0190755 -0.00384589 0.00505969 -0.0190755 0.091333 0.00504162 -0.0140367 -0.00384589 0.00504162 0.00788664 -0.0152237 0.00505969 -0.0140367 -0.0152237 0.0804822 
0.0106798 -0.0190217 -0.0038177 0.00509985 -0.0190217 0.0912092 0.00506746 -0.014112 -0.0038177 0.00506746 0.0079177 -0.0152884 0.00509985 -0.014112 -0.0152884 0.0806552 
0.0106931 -0.0189698 -0.00379397 0.00508695 -0.0189698 0.0910968 0.00505221 -0.0141505 -0.00379397 0.00505221 0.00792718 -0.0153848 0.00508695 -0.0141505 -0.0153848 0.0809961 
0.0107318 -0.0189569 -0.0038336 0.00503347 -0.0189569 0.0909432 0.00501456 -0.0140635 -0.0038336 0.00501456 0.00788085 -0.0153701 0.00503347 -0.0140635 -0.0153701 0.081029 
0.0107402 -0.0189352 -0.00393352 0.0050944 -0.0189352 0.0907656 0.00509726 -0.014159 -0.00393352 0.00509726 0.007866 -0.0153816 0.0050944 -0.014159 -0.0153816 0.0811282 
0.0108022 -0.0190364 -0.00398185 0.00519371 -0.0190364 0.0909844 0.0052109 -0.0143598 -0.00398185 0.0052109 0.00781172 -0.0152857 0.00519371 -0.0143598 -0.0152857 0.080922 
0.0107994 -0.0191432 -0.00399293 0.00524152 -0.0191432 0.0912548 0.00526667 -0.0145276 -0.00399293 0.00526667 0.00781033 -0.0151564 0.00524152 -0.0145276 -0.0151564 0.0805112 
0.0107349 -0.0191009 -0.00399695 0.00529476 -0.0191009 0.0912908 0.00531163 -0.0147115 -0.00399695 0.00531163 0.00788754 -0.0152373 0.00529476 -0.0147115 -0.0152373 0.0806009 
0.0106961 -0.0190062 -0.00402418 0.00530027 -0.0190062 0.0910979 0.00529907 -0.0147623 -0.00402418 0.00529907 0.00791114 -0.0153316 0.00530027 -0.0147623 -0.0153316 0.0807813 
0.0107184 -0.0190144 -0.00405611 0.00533758 -0.0190144 0.0911742 0.00532866 -0.0148214 -0.00405611 0.00532866 0.00791364 -0.0153854 0.00533758 -0.0148214 -0.0153854 0.0810661 
0.0107426 -0.0190488 -0.00406554 0.00535549 -0.0190488 0.0912383 0.00535231 -0.0148597 -0.00406554 0.00535231 0.00788674 -0.0153353 0.00535549 -0.0148597 -0.0153353 0.0809919 
0.010764 -0.0190629 -0.00403955 0.00537169 -0.0190629 0.0912697 0.0053757 -0.0149182 -0.00403955 0.0053757 0.00786168 -0.0153049 0.00537169 -0.0149182 -0.0153049 0.0808962 
0.0106984 -0.0190591 -0.00400483 0.00533124 -0.0190591 0.0911894 0.00534611 -0.0148849 -0.00400483 0.00534611 0.00789651 -0.0152532 0.00533124 -0.0148849 -0.0152532 0.0806943 
0.0107116 -0.0190742 -0.00401315 0.00527493 -0.0190742 0.0913652 0.00528671 -0.0147536 -0.00401315 0.00528671 0.00790633 -0.0152589 0.00527493 -0.0147536 -0.0152589 0.0806317 
0.0107285 -0.0190694 -0.00403489 0.00529176 -0.0190694 0.0913954 0.0052897 -0.014709 -0.00403489 0.0052897 0.00790197 -0.0152938 0.00529176 -0.014709 -0.0152938 0.080707 
0.0107257 -0.019051 -0.00406472 0.00530913 -0.019051 0.0912417 0.00530103 -0.0147093 -0.00406472 0.00530103 0.0078738 -0.0152524 0.00530913 -0.0147093 -0.0152524 0.0805468 
0.0108025 -0.0191173 -0.00410901 0.00537517 -0.0191173 0.0915093 0.00536622 -0.014851 -0.00410901 0.00536622 0.00785205 -0.0152807 0.00537517 -0.014851 -0.0152807 0.0807366 
0.0108322 -0.0192141 -0.00408212 0.0053942 -0.0192141 0.0916791 0.00539133 -0.0149087 -0.00408212 0.00539133 0.0078063 -0.0151595 0.0053942 -0.0149087 -0.0151595 0.0804126 
0.0108448 -0.019219 -0.00405669 0.00537948 -0.019219 0.0917262 0.00537988 -0.0149395 -0.00405669 0.00537988 0.00779176 -0.0151451 0.00537948 -0.0149395 -0.0151451 0.080304 
0.0108676 -0.0192625 -0.00405894 0.00534767 -0.0192625 0.0918794 0.00534902 -0.0148928 -0.00405894 0.00534902 0.00779757 -0.015144 0.00534767 -0.0148928 -0.015144 0.0803315 
0.0108388 -0.0192495 -0.00407062 0.00536334 -0.0192495 0.0918861 0.00536237 -0.0149048 -0.00407062 0.00536237 0.00784501 -0.0152099 0.00536334 -0.0149048 -0.0152099 0.0805403 
0.0107786 -0.0191661 -0.00405825 0.00537562 -0.0191661 0.0916279 0.00536609 -0.0149173 -0.00405825 0.00536609 0.00787923 -0.0152611 0.00537562 -0.0149173 -0.0152611 0.080636 
0.0107888 -0.0191415 -0.00406106 0.00536799 -0.0191415 0.0916041 0.00535181 -0.0149127 -0.00406106 0.00535181 0.00787783 -0.0153184 0.00536799 -0.0149127 -0.0153184 0.0808541 
0.0108318 -0.0191506 -0.00408763 0.00534941 -0.0191506 0.0915471 0.00533565 -0.0148531 -0.00408763 0.00533565 0.00781299 -0.015271 0.00534941 -0.0148531 -0.015271 0.0807646 
0.0108796 -0.0192332 -0.00414324 0.00537949 -0.0192332 0.0917266 0.00537655 -0.0148867 -0.00414324 0.00537655 0.00776734 -0.0151828 0.00537949 -0.0148867 -0.0151828 0.080599 
0.0109173 -0.0193214 -0.0041934 0.00545913 -0.0193214 0.0920271 0.00545955 -0.0150527 -0.0041934 0.00545955 0.00777471 -0.0151337 0.00545913 -0.0150527 -0.0151337 0.080496 
0.0109146 -0.0192718 -0.00420436 0.00554478 -0.0192718 0.0918917 0.00553834 -0.0152859 -0.00420436 0.00553834 0.0077703 -0.0151799 0.00554478 -0.0152859 -0.0151799 0.080512 
0.0109826 -0.0192752 -0.0042264 0.0055749 -0.0192752 0.0918811 0.0055701 -0.0154523 -0.0042264 0.0055701 0.00772136 -0.015219 0.0055749 -0.0154523 -0.015219 0.0806959 
0.011009 -0.0193392 -0.00425241 0.00557842 -0.0193392 0.091899 0.00558996 -0.0155061 -0.00425241 0.00558996 0.00766867 -0.0151336 0.00557842 -0.0155061 -0.0151336 0.0805485 
0.0110384 -0.0194563 -0.00421447 0.00558194 -0.0194563 0.0922234 0.00560663 -0.0155141 -0.00421447 0.00560663 0.00763332 -0.0150026 0.00558194 -0.0155141 -0.0150026 0.080201 
0.0110415 -0.0194989 -0.00417077 0.00554354 -0.0194989 0.0924474 0.00556743 -0.0154713 -0.00417077 0.00556743 0.00762825 -0.014966 0.00554354 -0.0154713 -0.014966 0.0800209 
0.0110503 -0.0194463 -0.00418527 0.00550745 -0.0194463 0.0923709 0.00552182 -0.0153952 -0.00418527 0.00552182 0.00761599 -0.015008 0.00550745 -0.0153952 -0.015008 0.0800765 
0.0110943 -0.0194774 -0.00422265 0.00553258 -0.0194774 0.092459 0.00554414 -0.015402 -0.00422265 0.00554414 0.00759648 -0.0150225 0.00553258 -0.015402 -0.0150225 0.080232 
0.0110733 -0.0194728 -0.004219 0.00555399 -0.0194728 0.0922872 0.00556817 -0.0154219 -0.004219 0.00556817 0.00756481 -0.0149254 0.00555399 -0.0154219 -0.0149254 0.0799097 
0.0111364 -0.0195491 -0.00425038 0.00556009 -0.0195491 0.092569 0.00557413 -0.0154595 -0.00425038 0.00557413 0.00754208 -0.0148816 0.00556009 -0.0154595 -0.0148816 0.0797936 
0.0111627 -0.0195818 -0.00429404 0.00559369 -0.0195818 0.0926136 0.00560468 -0.015514 -0.00429404 0.00560468 0.0075127 -0.014843 0.00559369 -0.015514 -0.014843 0.079613 
0.0111987 -0.0196665 -0.00433268 0.00567393 -0.0196665 0.0929368 0.0056799 -0.0156913 -0.00433268 0.0056799 0.00752779 -0.0148668 0.00567393 -0.0156913 -0.0148668 0.0797637 
0.0112106 -0.0196807 -0.00432672 0.00571759 -0.0196807 0.0930097 0.00571966 -0.0158244 -0.00432672 0.00571966 0.00751997 -0.0148743 0.00571759 -0.0158244 -0.0148743 0.0797777 
0.0112088 -0.0196823 -0.00431279 0.00569387 -0.0196823 0.0929635 0.0056966 -0.0158208 -0.00431279 0.0056966 0.00749364 -0.0148321 0.00569387 -0.0158208 -0.0148321 0.0796295 
0.0111746 -0.0196975 -0.00431426 0.00567406 -0.0196975 0.093001 0.00567705 -0.0157736 -0.00431426 0.00567705 0.00751831 -0.0147988 0.00567406 -0.0157736 -0.0147988 0.0795237 
0.0111463 -0.019668 -0.00434432 0.00568597 -0.019668 0.0930138 0.00568015 -0.0157698 -0.00434432 0.00568015 0.00754898 -0.0148465 0.00568597 -0.0157698 -0.0148465 0.0796037 
0.0111435 -0.0196306 -0.00435955 0.00573137 -0.0196306 0.0929554 0.00571272 -0.0158354 -0.00435955 0.00571272 0.00756052 -0.014895 0.00573137 -0.0158354 -0.014895 0.0797514 
0.0111157 -0.0195946 -0.00436314 0.00574262 -0.0195946 0.0927636 0.00572009 -0.0158732 -0.00436314 0.00572009 0.00757164 -0.0148788 0.00574262 -0.0158732 -0.0148788 0.0796866 
0.011121 -0.0195742 -0.00441391 0.00577251 -0.0195742 0.0927478 0.00574944 -0.015966 -0.00441391 0.00574944 0.00759279 -0.0149469 0.00577251 -0.015966 -0.0149469 0.0798982 
0.0111891 -0.0195901 -0.0044546 0.00583684 -0.0195901 0.0928007 0.0058144 -0.0161032 -0.0044546 0.0058144 0.0075621 -0.0149894 0.00583684 -0.0161032 -0.0149894 0.0801039 
0.0112167 -0.0196443 -0.00447981 0.00588377 -0.0196443 0.0928464 0.00587364 -0.016254 -0.00447981 0.00587364 0.00755776 -0.0149601 0.00588377 -0.016254 -0.0149601 0.0801256 
0.0112458 -0.0196728 -0.00447241 0.00590888 -0.0196728 0.0928972 0.00590996 -0.0163623 -0.00447241 0.00590996 0.00753247 -0.0149494 0.00590888 -0.0163623 -0.0149494 0.0800791 
0.0112897 -0.0197548 -0.00447143 0.00588784 -0.0197548 0.0931258 0.00589859 -0.0163671 -0.00447143 0.00589859 0.00750781 -0.0149103 0.00588784 -0.0163671 -0.0149103 0.0800198 
0.011339 -0.0198275 -0.00445827 0.0058765 -0.0198275 0.0933751 0.00589085 -0.0163335 -0.00445827 0.00589085 0.00746168 -0.0148836 0.0058765 -0.0163335 -0.0148836 0.0799688 
0.0113045 -0.0198096 -0.00443713 0.00585176 -0.0198096 0.0932509 0.00586972 -0.0162738 -0.00443713 0.00586972 0.00743238 -0.0148192 0.00585176 -0.0162738 -0.0148192 0.0797469 
0.0113671 -0.019836 -0.00442348 0.00584007 -0.019836 0.0934177 0.00585608 -0.0162451 -0.00442348 0.00585608 0.00738046 -0.0147999 0.00584007 -0.0162451 -0.0147999 0.0797374 
0.0114129 -0.0199317 -0.00443309 0.00581614 -0.0199317 0.0936661 0.00583664 -0.0161917 -0.00443309 0.00583664 0.0073494 -0.0147176 0.00581614 -0.0161917 -0.0147176 0.0796022 
0.0114535 -0.0199632 -0.00444163 0.00583096 -0.0199632 0.0937784 0.00585079 -0.0161974 -0.00444163 0.00585079 0.00732058 -0.0146777 0.00583096 -0.0161974 -0.0146777 0.0794505 
0.0114875 -0.0199824 -0.00446993 0.00584417 -0.0199824 0.0937684 0.00586271 -0.0162317 -0.00446993 0.00586271 0.00727884 -0.0146344 0.00584417 -0.0162317 -0.0146344 0.0792761 
0.0115077 -0.020006 -0.00450515 0.00587483 -0.020006 0.0937378 0.00589378 -0.0162903 -0.00450515 0.00589378 0.00723413 -0.0145677 0.00587483 -0.0162903 -0.0145677 0.0790373 
0.0115394 -0.0200477 -0.00456078 0.00594848 -0.0200477 0.0938754 0.00596612 -0.0164667 -0.00456078 0.00596612 0.00722015 -0.0145654 0.00594848 -0.0164667 -0.0145654 0.0790633 
0.0115412 -0.0201537 -0.00458111 0.00598943 -0.0201537 0.0941797 0.00600649 -0.0165703 -0.00458111 0.00600649 0.00723386 -0.014485 0.00598943 -0.0165703 -0.014485 0.0788708 
0.0115004 -0.0201283 -0.00456936 0.00601888 -0.0201283 0.0941895 0.00602516 -0.0166486 -0.00456936 0.00602516 0.00726354 -0.0144928 0.00601888 -0.0166486 -0.0144928 0.0787448 
0.0114994 -0.0201052 -0.00452245 0.00601276 -0.0201052 0.0942107 0.00600508 -0.0166581 -0.00452245 0.00600508 0.00728704 -0.0145427 0.00601276 -0.0166581 -0.0145427 0.0788387 
0.011474 -0.0201166 -0.00446039 0.00596571 -0.0201166 0.0943044 0.00595362 -0.0165885 -0.00446039 0.00595362 0.00735621 -0.0146196 0.00596571 -0.0165885 -0.0146196 0.0791244 
0.0114335 -0.0200205 -0.00441345 0.00586603 -0.0200205 0.0940197 0.00585112 -0.0163615 -0.00441345 0.00585112 0.00737568 -0.0146845 0.00586603 -0.0163615 -0.0146845 0.0792217 
0.0114045 -0.019984 -0.00446349 0.00582125 -0.019984 0.0939284 0.00580594 -0.0162049 -0.00446349 0.00580594 0.0074058 -0.0147724 0.00582125 -0.0162049 -0.0147724 0.0795599 
0.0114107 -0.0199186 -0.00447523 0.00588933 -0.0199186 0.0937596 0.00587205 -0.0162545 -0.00447523 0.00587205 0.0073953 -0.0148377 0.00588933 -0.0162545 -0.0148377 0.0798366 
0.0113973 -0.0199077 -0.00447086 0.00589935 -0.0199077 0.0936059 0.00589074 -0.0163206 -0.00447086 0.00589074 0.00738123 -0.014791 0.00589935 -0.0163206 -0.014791 0.0797868 
0.011364 -0.0198974 -0.00444846 0.00588559 -0.0198974 0.0935209 0.00588714 -0.0163251 -0.00444846 0.00588714 0.00738344 -0.0147368 0.00588559 -0.0163251 -0.0147368 0.0795929 
0.0113501 -0.0199146 -0.00442119 0.0058695 -0.0199146 0.0936748 0.00587266 -0.0163163 -0.00442119 0.00587266 0.00742658 -0.0147544 0.0058695 -0.0163163 -0.0147544 0.0796406 
0.0113399 -0.0198918 -0.00442249 0.00581484 -0.0198918 0.0936387 0.00581285 -0.0161907 -0.00442249 0.00581285 0.00743279 -0.0147584 0.00581484 -0.0161907 -0.0147584 0.0795615 
0.0113426 -0.0198851 -0.00442363 0.00582888 -0.0198851 0.0936622 0.00582073 -0.0161625 -0.00442363 0.00582073 0.00743782 -0.0148021 0.00582888 -0.0161625 -0.0148021 0.0796941 
0.0113323 -0.0198162 -0.0044153 0.00581655 -0.0198162 0.0933616 0.00580625 -0.0161229 -0.0044153 0.00580625 0.00739757 -0.014768 0.00581655 -0.0161229 -0.014768 0.0795345 
0.011389 -0.019886 -0.00446335 0.00582693 -0.019886 0.0935756 0.00582297 -0.0161559 -0.00446335 0.00582297 0.00738477 -0.0147572 0.00582693 -0.0161559 -0.0147572 0.079624 
0.0114362 -0.0199456 -0.00446831 0.00586181 -0.0199456 0.0936905 0.00586216 -0.0162022 -0.00446831 0.00586216 0.00735312 -0.0146903 0.00586181 -0.0162022 -0.0146903 0.0794267 
0.0114581 -0.0199654 -0.00447457 0.00589397 -0.0199654 0.0937298 0.00589803 -0.0163203 -0.00447457 0.00589803 0.00735058 -0.0147044 0.00589397 -0.0163203 -0.0147044 0.0794347 
0.0114744 -0.019951 -0.00449991 0.00590885 -0.019951 0.0936481 0.0059163 -0.0164015 -0.00449991 0.0059163 0.00732088 -0.0147324 0.00590885 -0.0164015 -0.0147324 0.0795026 
0.011462 -0.0200108 -0.00454486 0.00592309 -0.0200108 0.0937666 0.00593856 -0.0164393 -0.00454486 0.00593856 0.0073301 -0.0146793 0.00592309 -0.0164393 -0.0146793 0.0794439 
0.0114599 -0.0200284 -0.00456798 0.00598955 -0.0200284 0.0939447 0.00600023 -0.0165654 -0.00456798 0.00600023 0.00735216 -0.0147058 0.00598955 -0.0165654 -0.0147058 0.0795188 
0.0113819 -0.0199488 -0.00454133 0.0060239 -0.0199488 0.0937101 0.00602728 -0.0166736 -0.00454133 0.00602728 0.00739357 -0.014729 0.0060239 -0.0166736 -0.014729 0.0795074 
0.0113848 -0.0199286 -0.0045158 0.00600816 -0.0199286 0.0937844 0.00600568 -0.0167034 -0.0045158 0.00600568 0.00741603 -0.0148099 0.00600816 -0.0167034 -0.0148099 0.0797779 
0.0113629 -0.0198852 -0.00448144 0.00595783 -0.0198852 0.093624 0.00595685 -0.0166011 -0.00448144 0.00595685 0.00741209 -0.0148139 0.00595783 -0.0166011 -0.0148139 0.0798089 
0.011322 -0.0199031 -0.00446929 0.00589842 -0.0199031 0.0936668 0.0059039 -0.0164499 -0.00446929 0.0059039 0.00744994 -0.0147752 0.00589842 -0.0164499 -0.0147752 0.079734 
0.0112893 -0.019842 -0.00445472 0.00588163 -0.019842 0.0935657 0.00588095 -0.0163524 -0.00445472 0.00588095 0.0074741 -0.0148059 0.00588163 -0.0163524 -0.0148059 0.0797 
0.0112383 -0.0197447 -0.00444528 0.00585891 -0.0197447 0.093203 0.00585147 -0.0162683 -0.00444528 0.00585147 0.00748763 -0.0148079 0.00585891 -0.0162683 -0.0148079 0.0795758 
0.0112457 -0.0197484 -0.00446385 0.00587116 -0.0197484 0.093259 0.00586018 -0.0162795 -0.00446385 0.00586018 0.00752317 -0.0148726 0.00587116 -0.0162795 -0.0148726 0.0798023 
0.0112538 -0.0197565 -0.0044967 0.00585009 -0.0197565 0.0931874 0.00583848 -0.0161982 -0.0044967 0.00583848 0.00750142 -0.0148208 0.00585009 -0.0161982 -0.0148208 0.0795915 
0.0112841 -0.019759 -0.00455355 0.00592366 -0.019759 0.0932208 0.00591009 -0.0163177 -0.00455355 0.00591009 0.00748409 -0.0148763 0.00592366 -0.0163177 -0.0148763 0.0797493 
0.0113413 -0.0198048 -0.00460623 0.00599572 -0.0198048 0.093328 0.00598629 -0.0164974 -0.00460623 0.00598629 0.00744479 -0.0148635 0.00599572 -0.0164974 -0.0148635 0.0798265 
0.0113934 -0.0198877 -0.00461766 0.00605358 -0.0198877 0.093517 0.00605415 -0.0166655 -0.00461766 0.00605415 0.00740338 -0.0147972 0.00605358 -0.0166655 -0.0147972 0.079716 
0.0113849 -0.0199647 -0.00461642 0.00607786 -0.0199647 0.0937728 0.006088 -0.0167991 -0.00461642 0.006088 0.00742062 -0.0147732 0.00607786 -0.0167991 -0.0147732 0.0796982 
0.0113424 -0.0199645 -0.00463287 0.00606738 -0.0199645 0.0938899 0.00607661 -0.0168162 -0.00463287 0.00607661 0.0074692 -0.0147787 0.00606738 -0.0168162 -0.0147787 0.0796781 
0.0113031 -0.0199018 -0.00462498 0.00606844 -0.0199018 0.0937479 0.00606336 -0.016773 -0.00462498 0.00606336 0.00748598 -0.0147844 0.00606844 -0.016773 -0.0147844 0.0795604 
0.0112676 -0.0197779 -0.00462877 0.00611152 -0.0197779 0.093431 0.00609252 -0.0168751 -0.00462877 0.00609252 0.00752137 -0.0149127 0.00611152 -0.0168751 -0.0149127 0.0798862 
0.011228 -0.0197251 -0.00462055 0.00611667 -0.0197251 0.0932005 0.0060992 -0.0169284 -0.00462055 0.0060992 0.00754722 -0.0149641 0.00611667 -0.0169284 -0.0149641 0.0801168 
0.0111958 -0.0196764 -0.00461755 0.00608636 -0.0196764 0.0930025 0.00607707 -0.0168855 -0.00461755 0.00607707 0.00755555 -0.0149539 0.00608636 -0.0168855 -0.0149539 0.0800904 
0.0111374 -0.0196627 -0.00458063 0.00607866 -0.0196627 0.092951 0.00607366 -0.0168523 -0.00458063 0.00607366 0.00759194 -0.0149522 0.00607866 -0.0168523 -0.0149522 0.0800714 
0.0110913 -0.0195917 -0.0045796 0.00605505 -0.0195917 0.092879 0.00604769 -0.0168298 -0.0045796 0.00604769 0.00765832 -0.0150371 0.00605505 -0.0168298 -0.0150371 0.0802937 
0.0110456 -0.0195262 -0.00458426 0.00604344 -0.0195262 0.092709 0.00603127 -0.0167768 -0.00458426 0.00603127 0.00770791 -0.0150999 0.00604344 -0.0167768 -0.0150999 0.0804514 
0.0110514 -0.0194331 -0.00457058 0.00603009 -0.0194331 0.0923597 0.00601358 -0.0167072 -0.00457058 0.00601358 0.00766148 -0.0151069 0.00603009 -0.0167072 -0.0151069 0.0803644 
0.0111075 -0.0194904 -0.00458695 0.00602581 -0.0194904 0.0924462 0.00601968 -0.0167071 -0.00458695 0.00601968 0.00762773 -0.0150816 0.00602581 -0.0167071 -0.0150816 0.0804085 
0.0111505 -0.0196097 -0.00460365 0.00603648 -0.0196097 0.0927942 0.00604602 -0.0167314 -0.00460365 0.00604602 0.00763234 -0.0150295 0.00603648 -0.0167314 -0.0150295 0.0803657 
0.0111075 -0.0195913 -0.0045812 0.00603885 -0.0195913 0.0927133 0.00605167 -0.016733 -0.0045812 0.00605167 0.00763476 -0.015001 0.00603885 -0.016733 -0.015001 0.0801335 
0.0110738 -0.0195779 -0.00456017 0.00602665 -0.0195779 0.0927616 0.00603378 -0.0167244 -0.00456017 0.00603378 0.00765804 -0.0150304 0.00602665 -0.0167244 -0.0150304 0.0801861 
0.0110366 -0.0195531 -0.00452252 0.00598233 -0.0195531 0.0927315 0.00598287 -0.0166136 -0.00452252 0.00598287 0.00767432 -0.0150152 0.00598233 -0.0166136 -0.0150152 0.080114 
0.0110815 -0.0195614 -0.00451847 0.00594176 -0.0195614 0.0928556 0.005934 -0.016496 -0.00451847 0.005934 0.00767156 -0.0150335 0.00594176 -0.016496 -0.0150335 0.0801765 
0.0111092 -0.019526 -0.00454766 0.00594049 -0.019526 0.092667 0.00592984 -0.0164467 -0.00454766 0.00592984 0.00764569 -0.0150556 0.00594049 -0.0164467 -0.0150556 0.0802039 
0.0111157 -0.0195897 -0.00458015 0.00597499 -0.0195897 0.092759 0.00597023 -0.0164947 -0.00458015 0.00597023 0.007663 -0.0150303 0.00597499 -0.0164947 -0.0150303 0.0802105 
