0.00356153 0 0.000241818 0 0 0.00999029 0 0 0.000241818 0 0.0117679 0 0 0 0 0.00999029 
0.0051067 -0.00644033 0.000591167 -0.000739657 -0.00644033 0.0215213 -0.000739657 0.00141944 0.000591167 -0.000739657 0.0165232 -0.0204384 -0.000739657 0.00141944 -0.0204384 0.0483617 
0.00582049 -0.0121281 0.000637624 -0.00113622 -0.0121281 0.0483106 -0.00113622 0.00370497 0.000637624 -0.00113622 0.0159844 -0.0288065 -0.00113622 0.00370497 -0.0288065 0.101071 
0.00586566 -0.0140175 0.000549537 -0.000943414 -0.0140175 0.0682881 -0.000957493 0.00383152 0.000549537 -0.000957493 0.0147914 -0.0260666 -0.000943414 0.00383152 -0.0260666 0.110312 
0.00576554 -0.0138706 0.000582444 -0.000839039 -0.0138706 0.0754825 -0.000864581 0.00342887 0.000582444 -0.000864581 0.0148626 -0.0245344 -0.000839039 0.00342887 -0.0245344 0.107818 
0.00575881 -0.0135297 0.00057998 -0.000894769 -0.0135297 0.077024 -0.00092292 0.00319494 0.00057998 -0.00092292 0.0152338 -0.0246862 -0.000894769 0.00319494 -0.0246862 0.107134 
0.00587352 -0.0133922 0.00056403 -0.000896848 -0.0133922 0.0771229 -0.000916802 0.0030361 0.00056403 -0.000916802 0.0154115 -0.0250689 -0.000896848 0.0030361 -0.0250689 0.107655 
0.005945 -0.0134972 0.000581704 -0.000922872 -0.0134972 0.0773466 -0.000935428 0.00302714 0.000581704 -0.000935428 0.015469 -0.0252668 -0.000922872 0.00302714 -0.0252668 0.108302 
0.00595098 -0.0135717 0.000701907 -0.00095759 -0.0135717 0.0775464 -0.000964406 0.00308331 0.000701907 -0.000964406 0.0154678 -0.0252726 -0.00095759 0.00308331 -0.0252726 0.108416 
0.00600666 -0.0136156 0.000802531 -0.00107257 -0.0136156 0.0777995 -0.00108125 0.00325533 0.000802531 -0.00108125 0.0154905 -0.0252991 -0.00107257 0.00325533 -0.0252991 0.108536 
0.0060404 -0.0136767 0.000882292 -0.00119578 -0.0136767 0.0779448 -0.00120842 0.0035489 0.000882292 -0.00120842 0.0154984 -0.0253101 -0.00119578 0.0035489 -0.0253101 0.108551 
0.00598183 -0.0137101 0.000882354 -0.00130839 -0.0137101 0.0780236 -0.00132078 0.00386845 0.000882354 -0.00132078 0.0154937 -0.0253089 -0.00130839 0.00386845 -0.0253089 0.108532 
0.00587632 -0.0136482 0.000851316 -0.00131568 -0.0136482 0.0779999 -0.00132107 0.00400072 0.000851316 -0.00132107 0.0155039 -0.0253239 -0.00131568 0.00400072 -0.0253239 0.1086 
0.00580398 -0.0135107 0.000836366 -0.00125938 -0.0135107 0.0777563 -0.00125448 0.00390507 0.000836366 -0.00125448 0.0155155 -0.0253361 -0.00125938 0.00390507 -0.0253361 0.108639 
0.00585928 -0.0134175 0.000858257 -0.00120698 -0.0134175 0.0774945 -0.00119714 0.00371991 0.000858257 -0.00119714 0.0155269 -0.0253526 -0.00120698 0.00371991 -0.0253526 0.108671 
0.00593188 -0.0134767 0.000883849 -0.00122431 -0.0134767 0.0774401 -0.00121767 0.00366887 0.000883849 -0.00121767 0.0155389 -0.0253562 -0.00122431 0.00366887 -0.0253562 0.108655 
0.00597023 -0.013592 0.000873905 -0.00126013 -0.013592 0.077682 -0.00125621 0.00372783 0.000873905 -0.00125621 0.0155731 -0.0253894 -0.00126013 0.00372783 -0.0253894 0.108745 
0.00587019 -0.0136323 0.000900568 -0.00127257 -0.0136323 0.0778254 -0.00126453 0.00380271 0.000900568 -0.00126453 0.0155899 -0.0254161 -0.00127257 0.00380271 -0.0254161 0.108797 
0.00574666 -0.0134998 0.000974097 -0.00130203 -0.0134998 0.0776506 -0.00128972 0.00386014 0.000974097 -0.00128972 0.0155936 -0.0254349 -0.00130203 0.00386014 -0.0254349 0.108838 
0.00571803 -0.0133447 0.00102792 -0.00136525 -0.0133447 0.077329 -0.0013568 0.00394896 0.00102792 -0.0013568 0.0156016 -0.0254612 -0.00136525 0.00394896 -0.0254612 0.108938 
0.00572281 -0.013295 0.0010143 -0.00142935 -0.013295 0.0771186 -0.00142808 0.0041021 0.0010143 -0.00142808 0.0156184 -0.0254913 -0.00142935 0.0041021 -0.0254913 0.109082 
0.00573442 -0.0132831 0.00104917 -0.00141745 -0.0132831 0.0769661 -0.0014174 0.00415311 0.00104917 -0.0014174 0.0156096 -0.0254828 -0.00141745 0.00415311 -0.0254828 0.109053 
0.00566641 -0.0132713 0.00112625 -0.00148228 -0.0132713 0.0768384 -0.00148431 0.00429195 0.00112625 -0.00148431 0.0155912 -0.0254597 -0.00148228 0.00429195 -0.0254597 0.108988 
0.00560663 -0.0131951 0.00115661 -0.00155838 -0.0131951 0.0766879 -0.00156551 0.00445762 0.00115661 -0.00156551 0.0155817 -0.0254338 -0.00155838 0.00445762 -0.0254338 0.108904 
0.00561647 -0.0131154 0.00126338 -0.00159347 -0.0131154 0.0764993 -0.00160253 0.00458743 0.00126338 -0.00160253 0.0155738 -0.0254334 -0.00159347 0.00458743 -0.0254334 0.10889 
0.00564493 -0.0131171 0.00136664 -0.00171755 -0.0131171 0.0764107 -0.0017311 0.00482326 0.00136664 -0.0017311 0.0155597 -0.0254275 -0.00171755 0.00482326 -0.0254275 0.108891 
0.00574889 -0.0131803 0.00138851 -0.0018154 -0.0131803 0.0765432 -0.00183615 0.00505982 0.00138851 -0.00183615 0.0155497 -0.0254155 -0.0018154 0.00505982 -0.0254155 0.10888 
0.00575945 -0.0133051 0.00138124 -0.00186773 -0.0133051 0.0767777 -0.00188867 0.00526887 0.00138124 -0.00188867 0.0155376 -0.0253931 -0.00186773 0.00526887 -0.0253931 0.108827 
0.00569255 -0.0133259 0.00128852 -0.00186746 -0.0133259 0.0769185 -0.00188296 0.00534152 0.00128852 -0.00188296 0.0155332 -0.0253618 -0.00186746 0.00534152 -0.0253618 0.108715 
0.00563036 -0.013261 0.00121944 -0.00175242 -0.013261 0.076924 -0.00175503 0.0051578 0.00121944 -0.00175503 0.0155562 -0.0253774 -0.00175242 0.0051578 -0.0253774 0.108741 
0.0055214 -0.0131629 0.00122045 -0.00167829 -0.0131629 0.0767235 -0.00166847 0.00494524 0.00122045 -0.00166847 0.0155785 -0.0254069 -0.00167829 0.00494524 -0.0254069 0.108813 
0.00542497 -0.0130027 0.00119516 -0.00167151 -0.0130027 0.0763359 -0.00165638 0.00483512 0.00119516 -0.00165638 0.015582 -0.0254228 -0.00167151 0.00483512 -0.0254228 0.108832 
0.00534836 -0.0128428 0.00118271 -0.00165464 -0.0128428 0.0758545 -0.00163869 0.00479677 0.00118271 -0.00163869 0.015567 -0.0254268 -0.00165464 0.00479677 -0.0254268 0.108842 
0.00532653 -0.0127505 0.00114482 -0.00162163 -0.0127505 0.0755657 -0.00161026 0.00470896 0.00114482 -0.00161026 0.0155773 -0.0254401 -0.00162163 0.00470896 -0.0254401 0.108941 
0.00536725 -0.0127168 0.00115907 -0.00156159 -0.0127168 0.0753807 -0.00155181 0.00456593 0.00115907 -0.00155181 0.015579 -0.0254369 -0.00156159 0.00456593 -0.0254369 0.108934 
0.0054409 -0.0127627 0.00120829 -0.00157942 -0.0127627 0.0753708 -0.00157661 0.00454161 0.00120829 -0.00157661 0.0155739 -0.0254325 -0.00157942 0.00454161 -0.0254325 0.108908 
0.00554628 -0.0128748 0.00121721 -0.00162961 -0.0128748 0.07559 -0.00163391 0.00462444 0.00121721 -0.00163391 0.0155724 -0.0254303 -0.00162961 0.00462444 -0.0254303 0.1089 
0.00554679 -0.0129918 0.00122346 -0.00167819 -0.0129918 0.0758166 -0.00168655 0.0047989 0.00122346 -0.00168655 0.0155578 -0.0254072 -0.00167819 0.0047989 -0.0254072 0.108821 
0.00550078 -0.0130117 0.00123755 -0.00169027 -0.0130117 0.0759849 -0.00169711 0.00488503 0.00123755 -0.00169711 0.0155526 -0.0253976 -0.00169027 0.00488503 -0.0253976 0.108793 
0.00550541 -0.0129868 0.00123425 -0.00168446 -0.0129868 0.0761011 -0.00168843 0.0048677 0.00123425 -0.00168843 0.0155685 -0.0254267 -0.00168446 0.0048677 -0.0254267 0.108913 
0.00553189 -0.0129749 0.00117235 -0.00167898 -0.0129749 0.0760607 -0.00168199 0.0048498 0.00117235 -0.00168199 0.015569 -0.0254234 -0.00167898 0.0048498 -0.0254234 0.108905 
0.00556497 -0.0129923 0.00121868 -0.00161548 -0.0129923 0.0760159 -0.00161328 0.00475024 0.00121868 -0.00161328 0.0155475 -0.0254003 -0.00161548 0.00475024 -0.0254003 0.108806 
0.00551541 -0.013034 0.00129255 -0.00168035 -0.013034 0.0760802 -0.001682 0.00481476 0.00129255 -0.001682 0.0155411 -0.0253867 -0.00168035 0.00481476 -0.0253867 0.108778 
0.00549354 -0.012983 0.00128324 -0.00176125 -0.012983 0.0760604 -0.00176996 0.00498472 0.00128324 -0.00176996 0.0155342 -0.0253789 -0.00176125 0.00498472 -0.0253789 0.108753 
0.00540222 -0.0129362 0.00127206 -0.00175867 -0.0129362 0.0759198 -0.00176695 0.00506934 0.00127206 -0.00176695 0.0155263 -0.0253615 -0.00175867 0.00506934 -0.0253615 0.108693 
0.00535923 -0.0128239 0.00125949 -0.00174244 -0.0128239 0.0757172 -0.00174484 0.00504783 0.00125949 -0.00174484 0.0155214 -0.0253661 -0.00174244 0.00504783 -0.0253661 0.108713 
0.00535211 -0.0127539 0.0012645 -0.00171708 -0.0127539 0.0754907 -0.00171841 0.00498057 0.0012645 -0.00171841 0.0155205 -0.0253582 -0.00171708 0.00498057 -0.0253582 0.108701 
0.00534468 -0.0127246 0.00128956 -0.00173443 -0.0127246 0.0753146 -0.00173577 0.00499767 0.00128956 -0.00173577 0.0155213 -0.0253467 -0.00173443 0.00499767 -0.0253467 0.108656 
0.00540142 -0.0127499 0.00122116 -0.001739 -0.0127499 0.0754005 -0.00174123 0.00498601 0.00122116 -0.00174123 0.0155572 -0.0253881 -0.001739 0.00498601 -0.0253881 0.108794 
0.00549583 -0.0128165 0.00114283 -0.00165621 -0.0128165 0.0754933 -0.00165174 0.00484701 0.00114283 -0.00165174 0.0155538 -0.0253996 -0.00165621 0.00484701 -0.0253996 0.10879 
0.00558894 -0.0129498 0.00107444 -0.00157324 -0.0129498 0.0757849 -0.00156167 0.00464932 0.00107444 -0.00156167 0.0155515 -0.0254106 -0.00157324 0.00464932 -0.0254106 0.108846 
0.00560569 -0.0130839 0.00104319 -0.00149623 -0.0130839 0.0761324 -0.00148439 0.00445217 0.00104319 -0.00148439 0.0155457 -0.0253981 -0.00149623 0.00445217 -0.0253981 0.108826 
0.00561728 -0.0131424 0.000995225 -0.00144375 -0.0131424 0.0764521 -0.00143511 0.0042789 0.000995225 -0.00143511 0.0155625 -0.0254075 -0.00144375 0.0042789 -0.0254075 0.10887 
0.00564018 -0.0131449 0.000917914 -0.00139017 -0.0131449 0.076514 -0.00138215 0.00414255 0.000917914 -0.00138215 0.0155501 -0.0254007 -0.00139017 0.00414255 -0.0254007 0.108809 
0.00565718 -0.0131707 0.0009245 -0.00132144 -0.0131707 0.0765966 -0.00131078 0.00400869 0.0009245 -0.00131078 0.0155464 -0.0254135 -0.00132144 0.00400869 -0.0254135 0.108884 
0.00560739 -0.0131776 0.0009542 -0.00132415 -0.0131776 0.0765728 -0.00131717 0.00394911 0.0009542 -0.00131717 0.0155289 -0.0253748 -0.00132415 0.00394911 -0.0253748 0.108764 
0.00551666 -0.0131132 0.000981172 -0.00138208 -0.0131132 0.0764987 -0.00138405 0.00407365 0.000981172 -0.00138405 0.0155349 -0.0253778 -0.00138208 0.00407365 -0.0253778 0.108795 
0.00542366 -0.0129718 0.000999192 -0.00142253 -0.0129718 0.0761778 -0.00142714 0.00421171 0.000999192 -0.00142714 0.0155263 -0.0253673 -0.00142253 0.00421171 -0.0253673 0.108755 
0.0053629 -0.012836 0.000946822 -0.00143105 -0.012836 0.0757979 -0.00143483 0.00425882 0.000946822 -0.00143483 0.0155091 -0.0253562 -0.00143105 0.00425882 -0.0253562 0.108714 
0.00538097 -0.0127695 0.000932609 -0.0013293 -0.0127695 0.0755727 -0.00132814 0.00405975 0.000932609 -0.00132814 0.0155256 -0.0253495 -0.0013293 0.00405975 -0.0253495 0.108701 
0.00535069 -0.0127609 0.0009358 -0.00133174 -0.0127609 0.0753966 -0.0013285 0.0039932 0.0009358 -0.0013285 0.0155195 -0.0253473 -0.00133174 0.0039932 -0.0253473 0.108641 
0.00535602 -0.0127411 0.000933518 -0.00134278 -0.0127411 0.0753852 -0.00133903 0.00400615 0.000933518 -0.00133903 0.0155275 -0.0253792 -0.00134278 0.00400615 -0.0253792 0.10877 
0.00537876 -0.0127278 0.000985985 -0.00134915 -0.0127278 0.0753051 -0.00134717 0.00403618 0.000985985 -0.00134717 0.0155129 -0.0253668 -0.00134915 0.00403618 -0.0253668 0.108757 
0.00534317 -0.012739 0.000993759 -0.00142095 -0.012739 0.0752399 -0.00142622 0.00417888 0.000993759 -0.00142622 0.0154919 -0.0253291 -0.00142095 0.00417888 -0.0253291 0.108646 
0.00534848 -0.0127119 0.00100948 -0.00141699 -0.0127119 0.0752245 -0.00142399 0.00422681 0.00100948 -0.00142399 0.0154899 -0.0253131 -0.00141699 0.00422681 -0.0253131 0.108592 
0.00533757 -0.0127033 0.00102288 -0.00144551 -0.0127033 0.0751645 -0.00145195 0.00429394 0.00102288 -0.00145195 0.0154871 -0.025305 -0.00144551 0.00429394 -0.025305 0.108545 
0.00525043 -0.0126917 0.00107688 -0.00147885 -0.0126917 0.0751559 -0.00148341 0.00439584 0.00107688 -0.00148341 0.0154964 -0.0253206 -0.00147885 0.00439584 -0.0253206 0.108613 
0.00517947 -0.0125589 0.00115026 -0.00152923 -0.0125589 0.0748549 -0.00153373 0.00448911 0.00115026 -0.00153373 0.0154729 -0.0252848 -0.00152923 0.00448911 -0.0252848 0.108459 
0.00515703 -0.0124684 0.00112796 -0.00159922 -0.0124684 0.0746083 -0.00160702 0.00462149 0.00112796 -0.00160702 0.0154724 -0.0252867 -0.00159922 0.00462149 -0.0252867 0.108466 
0.00518531 -0.0124436 0.0011447 -0.00156941 -0.0124436 0.0745158 -0.00157464 0.00462784 0.0011447 -0.00157464 0.0154894 -0.0253138 -0.00156941 0.00462784 -0.0253138 0.108577 
0.00519561 -0.0124718 0.00119102 -0.00158853 -0.0124718 0.0745024 -0.0015917 0.00463835 0.00119102 -0.0015917 0.0155044 -0.0253184 -0.00158853 0.00463835 -0.0253184 0.108597 
0.00513464 -0.0124629 0.00125769 -0.00166784 -0.0124629 0.0744151 -0.00167157 0.00480281 0.00125769 -0.00167157 0.0154974 -0.0253032 -0.00166784 0.00480281 -0.0253032 0.108497 
0.00507938 -0.0124107 0.0013294 -0.00174687 -0.0124107 0.0744146 -0.00175152 0.00499793 0.0013294 -0.00175152 0.0155172 -0.0253525 -0.00174687 0.00499793 -0.0253525 0.108682 
0.00499282 -0.012308 0.00140224 -0.00182803 -0.012308 0.074136 -0.00183435 0.00519686 0.00140224 -0.00183435 0.0155043 -0.0253331 -0.00182803 0.00519686 -0.0253331 0.108619 
0.00500362 -0.0122099 0.00139675 -0.00188644 -0.0122099 0.0739361 -0.00189585 0.00533237 0.00139675 -0.00189585 0.0155212 -0.0253537 -0.00188644 0.00533237 -0.0253537 0.108703 
0.00504787 -0.0121968 0.00132921 -0.00187096 -0.0121968 0.0737322 -0.00187761 0.00534781 0.00132921 -0.00187761 0.0155171 -0.0253369 -0.00187096 0.00534781 -0.0253369 0.108607 
0.005079 -0.0122606 0.0012794 -0.00181773 -0.0122606 0.0738061 -0.00181535 0.00528371 0.0012794 -0.00181535 0.0155254 -0.0253616 -0.00181773 0.00528371 -0.0253616 0.108689 
0.00513126 -0.0123131 0.00126653 -0.00174925 -0.0123131 0.073939 -0.00174031 0.00511462 0.00126653 -0.00174031 0.0155088 -0.0253611 -0.00174925 0.00511462 -0.0253611 0.108692 
0.00514515 -0.0123904 0.00130263 -0.00172821 -0.0123904 0.074132 -0.00172107 0.00500556 0.00130263 -0.00172107 0.0154916 -0.0253403 -0.00172821 0.00500556 -0.0253403 0.108658 
0.00513417 -0.0124241 0.00128696 -0.00178567 -0.0124241 0.0743232 -0.00178952 0.00509377 0.00128696 -0.00178952 0.0154856 -0.0253373 -0.00178567 0.00509377 -0.0253373 0.108696 
0.00517139 -0.012407 0.00123921 -0.00175275 -0.012407 0.0743279 -0.00176041 0.00508138 0.00123921 -0.00176041 0.0154606 -0.0252977 -0.00175275 0.00508138 -0.0252977 0.108564 
0.00522407 -0.0124518 0.00112781 -0.00169757 -0.0124518 0.0743903 -0.00170341 0.00498087 0.00112781 -0.00170341 0.0154548 -0.0252719 -0.00169757 0.00498087 -0.0252719 0.108479 
0.00529287 -0.0125424 0.00110097 -0.00156949 -0.0125424 0.0746362 -0.00156586 0.00473637 0.00110097 -0.00156586 0.0154723 -0.0252892 -0.00156949 0.00473637 -0.0252892 0.108542 
0.00527646 -0.0126251 0.00110729 -0.00155442 -0.0126251 0.0748442 -0.00154652 0.00461327 0.00110729 -0.00154652 0.015469 -0.0252921 -0.00155442 0.00461327 -0.0252921 0.108537 
0.00521153 -0.0126098 0.00105309 -0.00156671 -0.0126098 0.0749079 -0.00156211 0.00461061 0.00105309 -0.00156211 0.0154607 -0.0252808 -0.00156671 0.00461061 -0.0252808 0.108501 
0.00520718 -0.0125378 0.000978178 -0.0014753 -0.0125378 0.0748398 -0.00146767 0.00443866 0.000978178 -0.00146767 0.0154646 -0.0252831 -0.0014753 0.00443866 -0.0252831 0.108505 
0.00518683 -0.0124984 0.000973422 -0.00140651 -0.0124984 0.0746631 -0.00139418 0.00427303 0.000973422 -0.00139418 0.0154678 -0.0252745 -0.00140651 0.00427303 -0.0252745 0.108466 
0.00526061 -0.0124892 0.000960486 -0.00136486 -0.0124892 0.0746221 -0.00135264 0.0040946 0.000960486 -0.00135264 0.0154699 -0.0252932 -0.00136486 0.0040946 -0.0252932 0.108504 
0.00530135 -0.0125786 0.000951141 -0.00137347 -0.0125786 0.0747473 -0.00136739 0.00408745 0.000951141 -0.00136739 0.0154656 -0.0253055 -0.00137347 0.00408745 -0.0253055 0.108572 
0.00529022 -0.0126218 0.000950596 -0.00139182 -0.0126218 0.0748366 -0.00138901 0.00416093 0.000950596 -0.00138901 0.0154353 -0.0252694 -0.00139182 0.00416093 -0.0252694 0.108483 
0.00520435 -0.0125965 0.000951378 -0.00140844 -0.0125965 0.0747959 -0.00141042 0.00424297 0.000951378 -0.00141042 0.0154061 -0.025216 -0.00140844 0.00424297 -0.025216 0.108326 
0.00519607 -0.0125165 0.000901805 -0.00137116 -0.0125165 0.0747604 -0.00137406 0.00417173 0.000901805 -0.00137406 0.015412 -0.0252287 -0.00137116 0.00417173 -0.0252287 0.108385 
0.00517573 -0.0124718 0.000844887 -0.00132027 -0.0124718 0.0745734 -0.00131938 0.00406729 0.000844887 -0.00131938 0.0153958 -0.0252077 -0.00132027 0.00406729 -0.0252077 0.108315 
0.00515644 -0.0124382 0.000842506 -0.00125526 -0.0124382 0.0744439 -0.00124978 0.00391859 0.000842506 -0.00124978 0.0153863 -0.0251905 -0.00125526 0.00391859 -0.0251905 0.108267 
0.0051243 -0.0124048 0.000830359 -0.00125393 -0.0124048 0.0743327 -0.00124917 0.00385561 0.000830359 -0.00124917 0.0153886 -0.0251778 -0.00125393 0.00385561 -0.0251778 0.10823 
0.00510696 -0.012345 0.000913017 -0.00124918 -0.012345 0.0741359 -0.00124473 0.00385014 0.000913017 -0.00124473 0.0153729 -0.0251608 -0.00124918 0.00385014 -0.0251608 0.108136 
0.00507145 -0.0123216 0.00103373 -0.00134485 -0.0123216 0.0740511 -0.00134869 0.00400016 0.00103373 -0.00134869 0.0153825 -0.0251672 -0.00134485 0.00400016 -0.0251672 0.108177 
0.00504978 -0.0122643 0.00106599 -0.00148402 -0.0122643 0.0738768 -0.00150033 0.00430322 0.00106599 -0.00150033 0.0153595 -0.0251502 -0.00148402 0.00430322 -0.0251502 0.108094 
0.00499655 -0.0122394 0.00106953 -0.00153555 -0.0122394 0.0738111 -0.00155384 0.00453781 0.00106953 -0.00155384 0.0153656 -0.0251519 -0.00153555 0.00453781 -0.0251519 0.108143 
0.0049173 -0.0121507 0.00110952 -0.00155983 -0.0121507 0.0735977 -0.00157166 0.00466957 0.00110952 -0.00157166 0.0153595 -0.0251369 -0.00155983 0.00466957 -0.0251369 0.108093 
0.00489423 -0.0120347 0.00108869 -0.00158153 -0.0120347 0.0732982 -0.00158811 0.00470132 0.00108869 -0.00158811 0.0153437 -0.0251266 -0.00158153 0.00470132 -0.0251266 0.10804 
0.00486274 -0.0120015 0.00111537 -0.00154242 -0.0120015 0.073153 -0.00154443 0.00463397 0.00111537 -0.00154443 0.0153603 -0.0251381 -0.00154242 0.00463397 -0.0251381 0.108109 
0.00485513 -0.0119453 0.00111505 -0.00156574 -0.0119453 0.0729507 -0.00156793 0.00461903 0.00111505 -0.00156793 0.0153476 -0.025126 -0.00156574 0.00461903 -0.025126 0.10803 
0.00493045 -0.0119621 0.00105124 -0.0015309 -0.0119621 0.0730009 -0.00153415 0.00452984 0.00105124 -0.00153415 0.0153691 -0.025163 -0.0015309 0.00452984 -0.025163 0.108176 
0.00497951 -0.0120399 0.00100218 -0.00149349 -0.0120399 0.0730723 -0.00149298 0.00447755 0.00100218 -0.00149298 0.0153554 -0.0251487 -0.00149349 0.00447755 -0.0251487 0.108128 
0.00501937 -0.0121181 0.000992372 -0.0014358 -0.0121181 0.0732629 -0.00143113 0.00435655 0.000992372 -0.00143113 0.0153678 -0.0251321 -0.0014358 0.00435655 -0.0251321 0.108078 
0.00496567 -0.0121806 0.00107003 -0.00144918 -0.0121806 0.0734642 -0.00144155 0.00435247 0.00107003 -0.00144155 0.0154014 -0.0251538 -0.00144918 0.00435247 -0.0251538 0.108118 
0.00491588 -0.0121034 0.00111482 -0.00154472 -0.0121034 0.0733703 -0.0015396 0.00451581 0.00111482 -0.0015396 0.0153809 -0.0251673 -0.00154472 0.00451581 -0.0251673 0.108087 
0.00493492 -0.0120427 0.00112223 -0.00157722 -0.0120427 0.0732545 -0.00157733 0.00462462 0.00112223 -0.00157733 0.0153619 -0.0251753 -0.00157722 0.00462462 -0.0251753 0.108162 
0.00491025 -0.0120516 0.00110933 -0.00158658 -0.0120516 0.0731794 -0.00159058 0.00467928 0.00110933 -0.00159058 0.0153534 -0.0251402 -0.00158658 0.00467928 -0.0251402 0.108105 
0.00488634 -0.0120298 0.00110299 -0.00158765 -0.0120298 0.0731786 -0.00159264 0.00472288 0.00110299 -0.00159264 0.0153444 -0.025149 -0.00158765 0.00472288 -0.025149 0.10815 
0.00489807 -0.0119857 0.00109801 -0.00156185 -0.0119857 0.0730636 -0.00156508 0.00466792 0.00109801 -0.00156508 0.0153234 -0.0251151 -0.00156185 0.00466792 -0.0251151 0.108059 
0.00493641 -0.0119938 0.001051 -0.00155836 -0.0119938 0.0730263 -0.00156286 0.00464404 0.001051 -0.00156286 0.0152915 -0.0250967 -0.00155836 0.00464404 -0.0250967 0.10801 
0.0049997 -0.0120494 0.000989045 -0.00149269 -0.0120494 0.0731149 -0.00149658 0.00452425 0.000989045 -0.00149658 0.0152658 -0.0250573 -0.00149269 0.00452425 -0.0250573 0.107927 
0.00504305 -0.0121327 0.000984055 -0.00142778 -0.0121327 0.0732887 -0.001429 0.00437618 0.000984055 -0.001429 0.0152567 -0.0250141 -0.00142778 0.00437618 -0.0250141 0.1078 
0.0050519 -0.0122027 0.000991676 -0.00141778 -0.0122027 0.0734967 -0.00141867 0.00429524 0.000991676 -0.00141867 0.015263 -0.0250007 -0.00141778 0.00429524 -0.0250007 0.107721 
0.00500933 -0.0122198 0.000994904 -0.00144508 -0.0122198 0.0736151 -0.00144666 0.00433909 0.000994904 -0.00144666 0.0152738 -0.0250059 -0.00144508 0.00433909 -0.0250059 0.107701 
0.00496056 -0.0121733 0.000982537 -0.00144671 -0.0121733 0.0736144 -0.00144509 0.00435979 0.000982537 -0.00144509 0.0152859 -0.0250357 -0.00144671 0.00435979 -0.0250357 0.107782 
0.00492967 -0.0120956 0.000949716 -0.0014147 -0.0120956 0.0734426 -0.00140981 0.00428864 0.000949716 -0.00140981 0.0152828 -0.0250429 -0.0014147 0.00428864 -0.0250429 0.107798 
0.00492038 -0.0120549 0.000937084 -0.00135622 -0.0120549 0.0733235 -0.00134881 0.00413645 0.000937084 -0.00134881 0.0153025 -0.0250608 -0.00135622 0.00413645 -0.0250608 0.107876 
0.00488809 -0.0120051 0.000935222 -0.00138359 -0.0120051 0.073089 -0.00137681 0.00417214 0.000935222 -0.00137681 0.0152748 -0.0250408 -0.00138359 0.00417214 -0.0250408 0.10778 
0.00492822 -0.0119901 0.000881057 -0.00135276 -0.0119901 0.0730908 -0.00134819 0.00411224 0.000881057 -0.00134819 0.0152871 -0.025069 -0.00135276 0.00411224 -0.025069 0.107933 
0.00497403 -0.0120061 0.000813812 -0.00129822 -0.0120061 0.0729769 -0.00129316 0.00401488 0.000813812 -0.00129316 0.0152486 -0.0250185 -0.00129822 0.00401488 -0.0250185 0.107751 
0.00499508 -0.0120903 0.00079082 -0.00123184 -0.0120903 0.0731771 -0.0012221 0.00388028 0.00079082 -0.0012221 0.0152652 -0.0250217 -0.00123184 0.00388028 -0.0250217 0.107815 
0.00506571 -0.0121289 0.000826449 -0.00116538 -0.0121289 0.0733212 -0.00115511 0.00367057 0.000826449 -0.00115511 0.0152715 -0.0250188 -0.00116538 0.00367057 -0.0250188 0.107768 
0.00509371 -0.0122318 0.000862434 -0.0012256 -0.0122318 0.0735683 -0.0012227 0.0037152 0.000862434 -0.0012227 0.015285 -0.025041 -0.0012256 0.0037152 -0.025041 0.107832 
0.0050759 -0.0122692 0.000886655 -0.00129594 -0.0122692 0.073693 -0.00130109 0.00390699 0.000886655 -0.00130109 0.0152591 -0.0250231 -0.00129594 0.00390699 -0.0250231 0.10775 
0.00504824 -0.0122662 0.000908218 -0.00132066 -0.0122662 0.0738149 -0.00132791 0.00402 0.000908218 -0.00132791 0.0152755 -0.0250266 -0.00132066 0.00402 -0.0250266 0.10781 
0.00501377 -0.0122127 0.000903201 -0.00133241 -0.0122127 0.0736939 -0.00133908 0.00405649 0.000903201 -0.00133908 0.0152659 -0.0250095 -0.00133241 0.00405649 -0.0250095 0.107705 
0.00501893 -0.0121656 0.000902642 -0.0013252 -0.0121656 0.0735733 -0.0013273 0.00404962 0.000902642 -0.0013273 0.0152511 -0.0250144 -0.0013252 0.00404962 -0.0250144 0.107708 
0.00495664 -0.0121524 0.000923782 -0.00135506 -0.0121524 0.0734614 -0.0013563 0.00412622 0.000923782 -0.0013563 0.0152295 -0.0249889 -0.00135506 0.00412622 -0.0249889 0.107662 
0.00489206 -0.012096 0.0009163 -0.001344 -0.012096 0.0734348 -0.00134766 0.00409673 0.0009163 -0.00134766 0.0152708 -0.0250025 -0.001344 0.00409673 -0.0250025 0.107758 
0.00487187 -0.0119916 0.000883985 -0.00132633 -0.0119916 0.0732016 -0.00132786 0.00404659 0.000883985 -0.00132786 0.0152963 -0.0250339 -0.00132633 0.00404659 -0.0250339 0.107799 
0.00491082 -0.0119416 0.000815649 -0.00127999 -0.0119416 0.072956 -0.00127481 0.00393518 0.000815649 -0.00127481 0.0152802 -0.0250529 -0.00127999 0.00393518 -0.0250529 0.107807 
0.00493591 -0.011991 0.000785356 -0.00121584 -0.011991 0.0729527 -0.00120485 0.00380373 0.000785356 -0.00120485 0.0152751 -0.0250497 -0.00121584 0.00380373 -0.0250497 0.107853 
0.00491676 -0.012024 0.000785564 -0.00118568 -0.012024 0.0729985 -0.00117369 0.00370306 0.000785564 -0.00117369 0.0152694 -0.0250236 -0.00118568 0.00370306 -0.0250236 0.107777 
0.0049604 -0.0120192 0.000755012 -0.00116238 -0.0120192 0.0730685 -0.00115464 0.00360869 0.000755012 -0.00115464 0.0152781 -0.0250379 -0.00116238 0.00360869 -0.0250379 0.107812 
0.00501148 -0.0120705 0.000769614 -0.00114207 -0.0120705 0.0731599 -0.00113624 0.0035712 0.000769614 -0.00113624 0.0152805 -0.0250478 -0.00114207 0.0035712 -0.0250478 0.107853 
0.0050613 -0.0121396 0.000769001 -0.00114765 -0.0121396 0.0732831 -0.00114618 0.00355154 0.000769001 -0.00114618 0.0152732 -0.0250276 -0.00114765 0.00355154 -0.0250276 0.107771 
0.00511329 -0.0122343 0.000810668 -0.00115491 -0.0122343 0.0735693 -0.00115658 0.00357558 0.000810668 -0.00115658 0.0152762 -0.0250482 -0.00115491 0.00357558 -0.0250482 0.107846 
0.00515656 -0.0123116 0.000825247 -0.00119256 -0.0123116 0.0738019 -0.00120063 0.00363641 0.000825247 -0.00120063 0.0152751 -0.0250307 -0.00119256 0.00363641 -0.0250307 0.107799 
0.00516518 -0.0123823 0.000891574 -0.00123771 -0.0123823 0.0740502 -0.00124853 0.00377583 0.000891574 -0.00124853 0.0152966 -0.0250404 -0.00123771 0.00377583 -0.0250404 0.107832 
0.00513314 -0.0124099 0.00091262 -0.00130363 -0.0124099 0.0742216 -0.00131535 0.0039178 0.00091262 -0.00131535 0.0153363 -0.0250698 -0.00130363 0.0039178 -0.0250698 0.107897 
0.00510493 -0.0123612 0.000832732 -0.00133366 -0.0123612 0.0741612 -0.00133982 0.00402441 0.000832732 -0.00133982 0.0153395 -0.0250952 -0.00133366 0.00402441 -0.0250952 0.107901 
0.00506903 -0.0123209 0.000779638 -0.00125199 -0.0123209 0.0740719 -0.00124297 0.00393064 0.000779638 -0.00124297 0.0153522 -0.0251208 -0.00125199 0.00393064 -0.0251208 0.107996 
0.00503281 -0.0122635 0.000779544 -0.00117681 -0.0122635 0.0739177 -0.00115675 0.00372248 0.000779544 -0.00115675 0.0153565 -0.0251327 -0.00117681 0.00372248 -0.0251327 0.108033 
0.0050406 -0.0122097 0.000792492 -0.00116962 -0.0122097 0.0737612 -0.0011515 0.0036196 0.000792492 -0.0011515 0.0153609 -0.0251441 -0.00116962 0.0036196 -0.0251441 0.108079 
0.00504789 -0.0122021 0.000845003 -0.00119538 -0.0122021 0.0736373 -0.00118623 0.0036563 0.000845003 -0.00118623 0.0153465 -0.0251355 -0.00119538 0.0036563 -0.0251355 0.108053 
0.00500005 -0.0122034 0.000958618 -0.00129075 -0.0122034 0.0735836 -0.00129212 0.00388173 0.000958618 -0.00129212 0.0153247 -0.0251177 -0.00129075 0.00388173 -0.0251177 0.10803 
0.00498259 -0.0121542 0.000987843 -0.00139903 -0.0121542 0.0735264 -0.00141388 0.00412868 0.000987843 -0.00141388 0.0153152 -0.0250962 -0.00139903 0.00412868 -0.0250962 0.107997 
