0.00828842 0 -0.00391933 0 0 0.00998058 0 0 -0.00391933 0 0.00667813 0 0 0 0 0.00998058 
0.0113829 -0.0141137 -0.00549863 0.00674981 -0.0141137 0.036231 0.00674981 -0.0129427 -0.00549863 0.00674981 0.00975945 -0.012155 0.00674981 -0.0129427 -0.012155 0.0324748 
0.0112078 -0.0208078 -0.0049829 0.00819126 -0.0208078 0.0755875 0.00819126 -0.0259703 -0.0049829 0.00819126 0.0100482 -0.0190649 0.00819126 -0.0259703 -0.0190649 0.0703114 
0.010618 -0.0200743 -0.00445732 0.00608744 -0.0200743 0.0886493 0.0060731 -0.021397 -0.00445732 0.0060731 0.00950623 -0.0191792 0.00608744 -0.021397 -0.0191792 0.0866585 
0.0106472 -0.0192394 -0.0045569 0.00543218 -0.0192394 0.0904965 0.00540989 -0.0166964 -0.0045569 0.00540989 0.00937082 -0.0183643 0.00543218 -0.0166964 -0.0183643 0.090002 
0.0108654 -0.0192031 -0.00477019 0.00568237 -0.0192031 0.0911199 0.00566413 -0.0155438 -0.00477019 0.00566413 0.00945003 -0.0180693 0.00568237 -0.0155438 -0.0180693 0.0901363 
0.01101 -0.0194028 -0.00484883 0.00600105 -0.0194028 0.0918784 0.00599562 -0.015868 -0.00484883 0.00599562 0.00954134 -0.0180876 0.00600105 -0.015868 -0.0180876 0.090105 
0.0110861 -0.0194738 -0.00484028 0.00611027 -0.0194738 0.0922499 0.00611528 -0.0162507 -0.00484028 0.00611528 0.00950641 -0.0181689 0.00611027 -0.0162507 -0.0181689 0.0901968 
0.011079 -0.0194997 -0.00482394 0.00609247 -0.0194997 0.0923176 0.00610675 -0.0163424 -0.00482394 0.00610675 0.00944809 -0.0181072 0.00609247 -0.0163424 -0.0181072 0.0900924 
0.0110624 -0.0194901 -0.00484554 0.00608617 -0.0194901 0.0923583 0.00610622 -0.016369 -0.00484554 0.00610622 0.00938416 -0.0180492 0.00608617 -0.016369 -0.0180492 0.0900058 
0.0110475 -0.0195224 -0.00482445 0.00610195 -0.0195224 0.0924591 0.00612321 -0.0163805 -0.00482445 0.00612321 0.00938929 -0.0179083 0.00610195 -0.0163805 -0.0179083 0.0896687 
0.0110056 -0.0195267 -0.00481623 0.00608544 -0.0195267 0.0925395 0.0060983 -0.0163698 -0.00481623 0.0060983 0.00946035 -0.0178916 0.00608544 -0.0163698 -0.0178916 0.089478 
0.0108864 -0.0194294 -0.00485988 0.00607688 -0.0194294 0.0923138 0.00607288 -0.0163332 -0.00485988 0.00607288 0.0095702 -0.0179826 0.00607688 -0.0163332 -0.0179826 0.0895271 
0.0107519 -0.0192933 -0.00490136 0.00613122 -0.0192933 0.0920128 0.0061118 -0.0163777 -0.00490136 0.0061118 0.00969438 -0.018125 0.00613122 -0.0163777 -0.018125 0.0898127 
0.0107161 -0.0191627 -0.00491611 0.00619008 -0.0191627 0.0917585 0.00615934 -0.0164858 -0.00491611 0.00615934 0.00976312 -0.018291 0.00619008 -0.0164858 -0.018291 0.090252 
0.0106789 -0.0190619 -0.00493629 0.00620832 -0.0190619 0.0914025 0.00617767 -0.0165683 -0.00493629 0.00617767 0.00975887 -0.0183949 0.00620832 -0.0165683 -0.0183949 0.0905976 
0.0106445 -0.0190405 -0.00495196 0.00621896 -0.0190405 0.0912641 0.00619989 -0.0166006 -0.00495196 0.00619989 0.00974008 -0.0183644 0.00621896 -0.0166006 -0.0183644 0.0906393 
0.0106558 -0.0190474 -0.00496024 0.00623868 -0.0190474 0.0913229 0.00622751 -0.0166463 -0.00496024 0.00622751 0.00975862 -0.018325 0.00623868 -0.0166463 -0.018325 0.0905852 
0.0106887 -0.0190246 -0.0049384 0.00625004 -0.0190246 0.0912464 0.00624337 -0.0166984 -0.0049384 0.00624337 0.00970004 -0.0183471 0.00625004 -0.0166984 -0.0183471 0.09057 
0.0107605 -0.0190695 -0.00489539 0.00622872 -0.0190695 0.091318 0.00622803 -0.0166991 -0.00489539 0.00622803 0.00961521 -0.018296 0.00622872 -0.0166991 -0.018296 0.0905464 
0.010826 -0.0191211 -0.00485912 0.00617576 -0.0191211 0.0913875 0.00618367 -0.0166276 -0.00485912 0.00618367 0.00950648 -0.018198 0.00617576 -0.0166276 -0.018198 0.0903666 
0.0108963 -0.0192417 -0.00481773 0.00611933 -0.0192417 0.0916482 0.00613541 -0.0164914 -0.00481773 0.00613541 0.00943211 -0.0180213 0.00611933 -0.0164914 -0.0180213 0.0899482 
0.0109603 -0.0193639 -0.00480777 0.00606784 -0.0193639 0.0920084 0.00608652 -0.0163564 -0.00480777 0.00608652 0.00941412 -0.0179148 0.00606784 -0.0163564 -0.0179148 0.0896036 
0.0109912 -0.0194234 -0.00477836 0.00604412 -0.0194234 0.0921734 0.00606093 -0.016252 -0.00477836 0.00606093 0.0094173 -0.0178726 0.00604412 -0.016252 -0.0178726 0.0893361 
0.0110124 -0.0194915 -0.00476323 0.00602434 -0.0194915 0.09244 0.00603552 -0.0161985 -0.00476323 0.00603552 0.00948731 -0.0179289 0.00602434 -0.0161985 -0.0179289 0.0894655 
0.0109798 -0.0194964 -0.00477838 0.00599563 -0.0194964 0.0924978 0.00599849 -0.0161092 -0.00477838 0.00599849 0.0095791 -0.0180213 0.00599563 -0.0161092 -0.0180213 0.0896539 
0.0109678 -0.0194239 -0.0047561 0.0060056 -0.0194239 0.0923226 0.00599941 -0.0160685 -0.0047561 0.00599941 0.00958487 -0.0181429 0.0060056 -0.0160685 -0.0181429 0.0899053 
0.0109652 -0.019418 -0.00475401 0.00598631 -0.019418 0.092276 0.00597757 -0.0160344 -0.00475401 0.00597757 0.00958838 -0.0181849 0.00598631 -0.0160344 -0.0181849 0.0901546 
0.0109036 -0.0194096 -0.00480039 0.00597993 -0.0194096 0.0922455 0.00597373 -0.016003 -0.00480039 0.00597373 0.00965129 -0.0181931 0.00597993 -0.016003 -0.0181931 0.0902576 
0.0108823 -0.019325 -0.00482482 0.00604068 -0.019325 0.0920965 0.00603302 -0.0160915 -0.00482482 0.00603302 0.00964893 -0.0182732 0.00604068 -0.0160915 -0.0182732 0.0904233 
0.0108697 -0.0192785 -0.00483444 0.00606788 -0.0192785 0.0918863 0.00606375 -0.0161833 -0.00483444 0.00606375 0.00961264 -0.0182469 0.00606788 -0.0161833 -0.0182469 0.0903917 
0.0108907 -0.0193096 -0.00484594 0.00608476 -0.0193096 0.0919578 0.00608566 -0.0162541 -0.00484594 0.00608566 0.00959509 -0.0181995 0.00608476 -0.0162541 -0.0181995 0.0903307 
0.010895 -0.0193676 -0.00483615 0.00609326 -0.0193676 0.0921382 0.00609818 -0.0162864 -0.00483615 0.00609818 0.00960779 -0.0181589 0.00609326 -0.0162864 -0.0181589 0.0902171 
0.0108125 -0.0193241 -0.00485742 0.00608865 -0.0193241 0.0920675 0.00608985 -0.0163031 -0.00485742 0.00608985 0.00964981 -0.01819 0.00608865 -0.0163031 -0.01819 0.0902193 
0.0107501 -0.0192397 -0.00488134 0.00611333 -0.0192397 0.0919226 0.00610332 -0.0163227 -0.00488134 0.00610332 0.0097094 -0.0182308 0.00611333 -0.0163227 -0.0182308 0.0902874 
0.0107084 -0.0191341 -0.00488901 0.00615484 -0.0191341 0.0916548 0.00613611 -0.0164059 -0.00488901 0.00613611 0.00975894 -0.0183206 0.00615484 -0.0164059 -0.0183206 0.0904884 
0.0106408 -0.0190401 -0.00492517 0.00616651 -0.0190401 0.0913176 0.00614704 -0.016469 -0.00492517 0.00614704 0.0097827 -0.018386 0.00616651 -0.016469 -0.018386 0.0906572 
0.0106266 -0.0189875 -0.0049193 0.00620089 -0.0189875 0.0911326 0.00618579 -0.0165301 -0.0049193 0.00618579 0.00977987 -0.0183843 0.00620089 -0.0165301 -0.0183843 0.0906727 
0.0106484 -0.0189576 -0.00490513 0.00620208 -0.0189576 0.0910092 0.00619324 -0.0165851 -0.00490513 0.00619324 0.00973315 -0.018392 0.00620208 -0.0165851 -0.018392 0.0907056 
0.010635 -0.0189791 -0.00494227 0.00619127 -0.0189791 0.0910221 0.00619028 -0.0166037 -0.00494227 0.00619028 0.00972666 -0.0183577 0.00619127 -0.0166037 -0.0183577 0.0907207 
0.0106491 -0.0189456 -0.00494584 0.00622171 -0.0189456 0.0909056 0.00622652 -0.0166402 -0.00494584 0.00622652 0.00967397 -0.0183002 0.00622171 -0.0166402 -0.0183002 0.0905027 
0.0106356 -0.0189934 -0.00497171 0.00623833 -0.0189934 0.0910016 0.00625135 -0.0167157 -0.00497171 0.00625135 0.00966535 -0.0182408 0.00623833 -0.0167157 -0.0182408 0.090369 
0.010613 -0.0189813 -0.00498521 0.00627321 -0.0189813 0.0910397 0.00628596 -0.0168023 -0.00498521 0.00628596 0.00965232 -0.0182237 0.00627321 -0.0168023 -0.0182237 0.0902758 
0.0106504 -0.0189841 -0.00496862 0.00629481 -0.0189841 0.0911083 0.00630185 -0.0168663 -0.00496862 0.00630185 0.00960435 -0.0181934 0.00629481 -0.0168663 -0.0181934 0.0901965 
0.0106545 -0.0190158 -0.00496313 0.00627363 -0.0190158 0.0911469 0.00627934 -0.0168536 -0.00496313 0.00627934 0.00958968 -0.0181187 0.00627363 -0.0168536 -0.0181187 0.0900096 
0.0106558 -0.0190332 -0.00497297 0.00627286 -0.0190332 0.0912369 0.00627589 -0.0168436 -0.00497297 0.00627589 0.00962054 -0.0181112 0.00627286 -0.0168436 -0.0181112 0.0899575 
0.0106444 -0.0190505 -0.00497751 0.00627939 -0.0190505 0.0913124 0.00627924 -0.0168375 -0.00497751 0.00627924 0.00967494 -0.0181353 0.00627939 -0.0168375 -0.0181353 0.0899611 
0.0105918 -0.0190147 -0.00498394 0.00627925 -0.0190147 0.0912182 0.00627383 -0.0168252 -0.00498394 0.00627383 0.00973513 -0.0181954 0.00627925 -0.0168252 -0.0181954 0.0900169 
0.0105396 -0.0189191 -0.00499061 0.00630273 -0.0189191 0.0910251 0.00629066 -0.0168758 -0.00499061 0.00629066 0.00976607 -0.0183311 0.00630273 -0.0168758 -0.0183311 0.090375 
0.0104824 -0.0188765 -0.00501481 0.00629743 -0.0188765 0.0908746 0.00628254 -0.0168601 -0.00501481 0.00628254 0.00982338 -0.0183319 0.00629743 -0.0168601 -0.0183319 0.0904555 
0.0104645 -0.0188131 -0.00503951 0.00633122 -0.0188131 0.0907422 0.00631443 -0.0169072 -0.00503951 0.00631443 0.00986505 -0.0184118 0.00633122 -0.0169072 -0.0184118 0.090625 
0.0104158 -0.0187525 -0.00507521 0.00635895 -0.0187525 0.0905098 0.00634503 -0.0169798 -0.00507521 0.00634503 0.00987539 -0.0184616 0.00635895 -0.0169798 -0.0184616 0.0907473 
0.010437 -0.0187396 -0.00509812 0.00640742 -0.0187396 0.0905035 0.00639972 -0.017093 -0.00509812 0.00639972 0.00988938 -0.0184804 0.00640742 -0.017093 -0.0184804 0.0908727 
0.0104218 -0.0187348 -0.00511064 0.00643815 -0.0187348 0.0904467 0.0064387 -0.0172115 -0.00511064 0.0064387 0.00989176 -0.0185025 0.00643815 -0.0172115 -0.0185025 0.0909451 
0.0104368 -0.0187333 -0.00508953 0.0064422 -0.0187333 0.0904287 0.00644773 -0.0172533 -0.00508953 0.00644773 0.00987066 -0.0184739 0.0064422 -0.0172533 -0.0184739 0.0908605 
0.0104928 -0.01873 -0.00505989 0.00642845 -0.01873 0.0904077 0.00643333 -0.0172647 -0.00505989 0.00643333 0.00977362 -0.018478 0.00642845 -0.0172647 -0.018478 0.0908826 
0.0104739 -0.0187907 -0.00505908 0.00638811 -0.0187907 0.0904818 0.00639831 -0.0171998 -0.00505908 0.00639831 0.00974796 -0.0183544 0.00638811 -0.0171998 -0.0183544 0.0906869 
0.0103819 -0.0187709 -0.00507274 0.00638757 -0.0187709 0.090497 0.00639612 -0.0171668 -0.00507274 0.00639612 0.00979448 -0.0183024 0.00638757 -0.0171668 -0.0183024 0.0904804 
0.0103048 -0.0186718 -0.00510419 0.00641296 -0.0186718 0.0903461 0.00640656 -0.0171861 -0.00510419 0.00640656 0.00984686 -0.0183396 0.00641296 -0.0171861 -0.0183396 0.0904366 
0.0102672 -0.018565 -0.00513582 0.00645897 -0.018565 0.0900808 0.00644125 -0.0172633 -0.00513582 0.00644125 0.00988551 -0.0184007 0.00645897 -0.0172633 -0.0184007 0.0905295 
0.0102747 -0.0185133 -0.00514746 0.00650716 -0.0185133 0.0898959 0.00649039 -0.0173866 -0.00514746 0.00649039 0.0098853 -0.018462 0.00650716 -0.0173866 -0.018462 0.0907042 
0.0102713 -0.0184898 -0.00514915 0.00651861 -0.0184898 0.0897284 0.00651202 -0.0174723 -0.00514915 0.00651202 0.00987412 -0.0184624 0.00651861 -0.0174723 -0.0184624 0.0907491 
0.0102706 -0.0184864 -0.0051507 0.00652515 -0.0184864 0.0896888 0.00652743 -0.0175299 -0.0051507 0.00652743 0.00983909 -0.0184595 0.00652515 -0.0175299 -0.0184595 0.0907812 
0.0102469 -0.0185083 -0.00513713 0.00652344 -0.0185083 0.0897484 0.0065305 -0.0175455 -0.00513713 0.0065305 0.00982 -0.0183984 0.00652344 -0.0175455 -0.0183984 0.0906742 
0.010197 -0.0184885 -0.00515133 0.00651302 -0.0184885 0.0897687 0.00651567 -0.0175343 -0.00515133 0.00651567 0.00984266 -0.0183684 0.00651302 -0.0175343 -0.0183684 0.0905816 
0.0100976 -0.0184252 -0.00518844 0.00653362 -0.0184252 0.0896645 0.00652675 -0.0175486 -0.00518844 0.00652675 0.00991805 -0.0183832 0.00653362 -0.0175486 -0.0183832 0.0905548 
0.0100256 -0.0182932 -0.00521897 0.00658843 -0.0182932 0.0893984 0.0065702 -0.017641 -0.00521897 0.0065702 0.00996833 -0.0184736 0.00658843 -0.017641 -0.0184736 0.0906962 
0.0100722 -0.0182263 -0.00522432 0.00662912 -0.0182263 0.0891997 0.00660614 -0.0177408 -0.00522432 0.00660614 0.00993619 -0.018515 0.00662912 -0.0177408 -0.018515 0.090807 
0.0100978 -0.0182438 -0.00522329 0.006636 -0.0182438 0.0890855 0.00662436 -0.0178124 -0.00522329 0.00662436 0.00989224 -0.0184896 0.006636 -0.0178124 -0.0184896 0.0908114 
0.0102406 -0.0182928 -0.00513921 0.00662113 -0.0182928 0.0891322 0.00662269 -0.0178114 -0.00513921 0.00662269 0.00973967 -0.0183973 0.00662113 -0.0178114 -0.0183973 0.090578 
0.010317 -0.0184817 -0.00510033 0.00651841 -0.0184817 0.0894902 0.00653717 -0.0176732 -0.00510033 0.00653717 0.00969979 -0.0182219 0.00651841 -0.0176732 -0.0182219 0.090237 
0.0104028 -0.0185939 -0.00504201 0.00646011 -0.0185939 0.0898661 0.00648252 -0.0175022 -0.00504201 0.00648252 0.00965198 -0.0181745 0.00646011 -0.0175022 -0.0181745 0.0900149 
0.0104171 -0.0186849 -0.00503015 0.00639186 -0.0186849 0.0901547 0.00641201 -0.0173365 -0.00503015 0.00641201 0.00965172 -0.0181566 0.00639186 -0.0173365 -0.0181566 0.0899966 
0.0104477 -0.0186568 -0.00502233 0.0063732 -0.0186568 0.0901402 0.00638565 -0.0172233 -0.00502233 0.00638565 0.0095862 -0.0181676 0.0063732 -0.0172233 -0.0181676 0.0899957 
0.0105494 -0.0187448 -0.00498559 0.00636192 -0.0187448 0.0903311 0.00637474 -0.0171589 -0.00498559 0.00637474 0.0094939 -0.0180595 0.00636192 -0.0171589 -0.0180595 0.0898189 
0.0105646 -0.0188467 -0.0049951 0.00631482 -0.0188467 0.0905118 0.00633497 -0.0170749 -0.0049951 0.00633497 0.0094644 -0.0179301 0.00631482 -0.0170749 -0.0179301 0.0894766 
0.0105188 -0.0188765 -0.00502064 0.00633133 -0.0188765 0.090675 0.00635222 -0.01707 -0.00502064 0.00635222 0.00952953 -0.0179029 0.00633133 -0.01707 -0.0179029 0.0893202 
0.0104983 -0.0188187 -0.00500944 0.00636503 -0.0188187 0.0906093 0.00637402 -0.017116 -0.00500944 0.00637402 0.00956388 -0.0179656 0.00636503 -0.017116 -0.0179656 0.0893197 
0.0105225 -0.0188051 -0.00500838 0.00636742 -0.0188051 0.0906063 0.00636543 -0.0171496 -0.00500838 0.00636543 0.00955247 -0.0180503 0.00636742 -0.0171496 -0.0180503 0.0895756 
0.0104886 -0.0188537 -0.00499006 0.00634864 -0.0188537 0.0906849 0.00634628 -0.0170974 -0.00499006 0.00634628 0.00960972 -0.01801 0.00634864 -0.0170974 -0.01801 0.0895611 
0.0104117 -0.0188145 -0.00499244 0.00632614 -0.0188145 0.0906696 0.00631611 -0.0170295 -0.00499244 0.00631611 0.00968467 -0.0180784 0.00632614 -0.0170295 -0.0180784 0.0896377 
0.0104131 -0.0186874 -0.00497188 0.00633356 -0.0186874 0.0904176 0.0063108 -0.0170038 -0.00497188 0.0063108 0.00967002 -0.0182056 0.00633356 -0.0170038 -0.0182056 0.0899339 
0.0104301 -0.0186862 -0.00495648 0.00631294 -0.0186862 0.0903178 0.00628935 -0.0169673 -0.00495648 0.00628935 0.00965 -0.0182108 0.00631294 -0.0169673 -0.0182108 0.0901307 
0.0104463 -0.0186722 -0.00493542 0.00628204 -0.0186722 0.0901836 0.00626773 -0.0168991 -0.00493542 0.00626773 0.00960224 -0.0181601 0.00628204 -0.0168991 -0.0181601 0.090029 
0.0104866 -0.0187277 -0.00491481 0.0062545 -0.0187277 0.0902818 0.00625086 -0.0168396 -0.00491481 0.00625086 0.00957747 -0.0180869 0.0062545 -0.0168396 -0.0180869 0.0898671 
0.0104962 -0.0187281 -0.00492812 0.00622989 -0.0187281 0.090242 0.00623242 -0.0167933 -0.00492812 0.00623242 0.00953075 -0.0180694 0.00622989 -0.0167933 -0.0180694 0.0897612 
0.010459 -0.0187462 -0.004978 0.00625658 -0.0187462 0.0903046 0.00626472 -0.0168361 -0.004978 0.00626472 0.0095533 -0.0180434 0.00625658 -0.0168361 -0.0180434 0.089772 
0.0104084 -0.018678 -0.00500887 0.00631468 -0.018678 0.0901443 0.006325 -0.0169514 -0.00500887 0.006325 0.00956219 -0.0180301 0.00631468 -0.0169514 -0.0180301 0.089647 
0.0103765 -0.0186305 -0.00503973 0.00637317 -0.0186305 0.0900548 0.00637973 -0.0171213 -0.00503973 0.00637973 0.00958842 -0.0180541 0.00637317 -0.0171213 -0.0180541 0.0897013 
0.0102856 -0.0185829 -0.0050645 0.00640352 -0.0185829 0.0898812 0.00640786 -0.0172241 -0.0050645 0.00640786 0.00963841 -0.0180387 0.00640352 -0.0172241 -0.0180387 0.0895845 
0.0102003 -0.0184894 -0.00512036 0.00645675 -0.0184894 0.0897566 0.00645152 -0.0173607 -0.00512036 0.00645152 0.00970895 -0.0181396 0.00645675 -0.0173607 -0.0181396 0.0898079 
0.0100959 -0.0183801 -0.0051796 0.00651715 -0.0183801 0.089475 0.00650402 -0.017485 -0.0051796 0.00650402 0.0097786 -0.0181844 0.00651715 -0.017485 -0.0181844 0.0898847 
0.0100909 -0.0182427 -0.00518626 0.00659711 -0.0182427 0.0891235 0.00657881 -0.0176653 -0.00518626 0.00657881 0.00975639 -0.0182619 0.00659711 -0.0176653 -0.0182619 0.0900142 
0.0101013 -0.0182651 -0.00517776 0.00661584 -0.0182651 0.0890815 0.00660358 -0.0177894 -0.00517776 0.00660358 0.00975384 -0.0182362 0.00661584 -0.0177894 -0.0182362 0.0900686 
0.0100862 -0.0182859 -0.00517202 0.00660114 -0.0182859 0.0891449 0.00659645 -0.0178123 -0.00517202 0.00659645 0.00977238 -0.0182302 0.00660114 -0.0178123 -0.0182302 0.0900641 
0.0100993 -0.0182135 -0.00516125 0.00658425 -0.0182135 0.0889424 0.00657829 -0.0177783 -0.00516125 0.00657829 0.0097386 -0.0182439 0.00658425 -0.0177783 -0.0182439 0.0900187 
0.0100992 -0.0182518 -0.00519006 0.00657912 -0.0182518 0.0889819 0.00657763 -0.0177683 -0.00519006 0.00657763 0.00975665 -0.018225 0.00657912 -0.0177683 -0.018225 0.0900492 
0.0101171 -0.0182385 -0.0051942 0.00660572 -0.0182385 0.0889455 0.00661007 -0.017807 -0.0051942 0.00661007 0.00971853 -0.0182314 0.00660572 -0.017807 -0.0182314 0.0900181 
0.0101165 -0.0182966 -0.00520934 0.00661926 -0.0182966 0.0891021 0.00663021 -0.0178665 -0.00520934 0.00663021 0.00972156 -0.0181924 0.00661926 -0.0178665 -0.0181924 0.0899974 
0.0101183 -0.0182887 -0.00520731 0.00662936 -0.0182887 0.0891144 0.0066403 -0.0178922 -0.00520731 0.0066403 0.00968525 -0.0181613 0.00662936 -0.0178922 -0.0181613 0.0898468 
0.0100733 -0.0183137 -0.00523463 0.00663634 -0.0183137 0.0892138 0.00664513 -0.0179216 -0.00523463 0.00664513 0.00973046 -0.0181283 0.00663634 -0.0179216 -0.0181283 0.0897893 
0.0100121 -0.0182716 -0.00525792 0.0066691 -0.0182716 0.0891958 0.00666897 -0.017965 -0.00525792 0.00666897 0.0098085 -0.0181575 0.0066691 -0.017965 -0.0181575 0.0897646 
0.00995673 -0.0182098 -0.00529697 0.00670921 -0.0182098 0.0891208 0.00669662 -0.0180473 -0.00529697 0.00669662 0.00990777 -0.0182679 0.00670921 -0.0180473 -0.0182679 0.0899843 
0.00993764 -0.0181185 -0.00529485 0.0067477 -0.0181185 0.0888711 0.00672882 -0.0181223 -0.00529485 0.00672882 0.0099535 -0.0183815 0.0067477 -0.0181223 -0.0183815 0.0902118 
0.00996751 -0.0180751 -0.00529237 0.00675171 -0.0180751 0.0886952 0.00673346 -0.018174 -0.00529237 0.00673346 0.00993117 -0.0184807 0.00675171 -0.018174 -0.0184807 0.0905383 
0.00999916 -0.018123 -0.00528104 0.0067392 -0.018123 0.0887321 0.00673156 -0.0181691 -0.00528104 0.00673156 0.00990502 -0.0184611 0.0067392 -0.0181691 -0.0184611 0.0906503 
0.0100159 -0.0181781 -0.005253 0.00670584 -0.0181781 0.0888321 0.00670917 -0.0180994 -0.005253 0.00670917 0.00987026 -0.0183821 0.00670584 -0.0180994 -0.0183821 0.0904515 
0.0100663 -0.0182311 -0.00525062 0.00668226 -0.0182311 0.0890576 0.00668692 -0.0180458 -0.00525062 0.00668692 0.00986389 -0.0183709 0.00668226 -0.0180458 -0.0183709 0.0904435 
0.0100625 -0.0182586 -0.00525126 0.00666288 -0.0182586 0.0890789 0.00666661 -0.0179726 -0.00525126 0.00666661 0.00988532 -0.0183367 0.00666288 -0.0179726 -0.0183367 0.0902958 
0.0100606 -0.0182771 -0.00527095 0.00667674 -0.0182771 0.0892052 0.00667823 -0.0179814 -0.00527095 0.00667823 0.00994672 -0.0184062 0.00667674 -0.0179814 -0.0184062 0.0904625 
0.010011 -0.0182167 -0.00529205 0.00668823 -0.0182167 0.0890171 0.00668769 -0.0179947 -0.00529205 0.00668769 0.00998515 -0.0184748 0.00668823 -0.0179947 -0.0184748 0.0905715 
0.0100254 -0.018207 -0.00528248 0.00672549 -0.018207 0.0890517 0.006724 -0.0180688 -0.00528248 0.006724 0.00999433 -0.0185531 0.00672549 -0.0180688 -0.0185531 0.0908493 
0.0100652 -0.0182069 -0.00524484 0.00669913 -0.0182069 0.0889854 0.00669824 -0.0180434 -0.00524484 0.00669824 0.00994423 -0.0185308 0.00669913 -0.0180434 -0.0185308 0.0908225 
0.0100705 -0.0182253 -0.00524485 0.0066574 -0.0182253 0.0889669 0.0066603 -0.0179755 -0.00524485 0.0066603 0.00990938 -0.0185009 0.0066574 -0.0179755 -0.0185009 0.090803 
0.0100483 -0.0182662 -0.00527498 0.00665777 -0.0182662 0.0891102 0.00666369 -0.017943 -0.00527498 0.00666369 0.00993153 -0.0184603 0.00665777 -0.017943 -0.0184603 0.0907636 
0.0100089 -0.0182057 -0.0052906 0.00669268 -0.0182057 0.0889968 0.00669775 -0.0179898 -0.0052906 0.00669775 0.00991877 -0.0184703 0.00669268 -0.0179898 -0.0184703 0.0907009 
0.0100594 -0.0182084 -0.00526497 0.00672673 -0.0182084 0.0890552 0.00672884 -0.0180771 -0.00526497 0.00672884 0.00986453 -0.0184539 0.00672673 -0.0180771 -0.0184539 0.0907097 
0.010122 -0.0182522 -0.00522231 0.00669526 -0.0182522 0.0891095 0.0066989 -0.0180682 -0.00522231 0.0066989 0.00977777 -0.0183759 0.00669526 -0.0180682 -0.0183759 0.0905563 
0.0101095 -0.0183138 -0.00519318 0.00663276 -0.0183138 0.0891832 0.0066403 -0.0179489 -0.00519318 0.0066403 0.00975001 -0.0182403 0.00663276 -0.0179489 -0.0182403 0.090199 
0.0100917 -0.0182866 -0.00517855 0.00660625 -0.0182866 0.0891859 0.0066095 -0.0178634 -0.00517855 0.0066095 0.00973918 -0.0182243 0.00660625 -0.0178634 -0.0182243 0.0900643 
0.0100798 -0.0182729 -0.00517915 0.00659246 -0.0182729 0.0891579 0.00658882 -0.0178032 -0.00517915 0.00658882 0.00973545 -0.0181979 0.00659246 -0.0178032 -0.0181979 0.0899725 
0.0100503 -0.0182427 -0.00518268 0.00660181 -0.0182427 0.0890826 0.00659354 -0.0178017 -0.00518268 0.00659354 0.00974944 -0.0182045 0.00660181 -0.0178017 -0.0182045 0.0899744 
0.0100144 -0.0182149 -0.00515985 0.00660472 -0.0182149 0.0889969 0.00659511 -0.0178035 -0.00515985 0.00659511 0.00979209 -0.0181918 0.00660472 -0.0178035 -0.0181918 0.0899023 
0.0100339 -0.0181629 -0.00515342 0.00659019 -0.0181629 0.0889036 0.00657388 -0.0177959 -0.00515342 0.00657388 0.00978674 -0.0182779 0.00659019 -0.0177959 -0.0182779 0.0900868 
0.0100072 -0.0181378 -0.00516499 0.00656367 -0.0181378 0.0886881 0.00655081 -0.0177283 -0.00516499 0.00655081 0.00978139 -0.018251 0.00656367 -0.0177283 -0.018251 0.0900357 
0.00996244 -0.0181222 -0.0052117 0.00658553 -0.0181222 0.0886452 0.00657904 -0.0177522 -0.0052117 0.00657904 0.00981923 -0.0182645 0.00658553 -0.0177522 -0.0182645 0.0900893 
0.00995817 -0.018094 -0.00524085 0.00664115 -0.018094 0.0886159 0.00663841 -0.0178567 -0.00524085 0.00663841 0.00984898 -0.0182836 0.00664115 -0.0178567 -0.0182836 0.0901068 
0.00991548 -0.0180933 -0.00527351 0.00668796 -0.0180933 0.0886289 0.00668713 -0.0179981 -0.00527351 0.00668713 0.00991913 -0.0183422 0.00668796 -0.0179981 -0.0183422 0.0902638 
0.00987492 -0.0180081 -0.00531081 0.00671974 -0.0180081 0.0884198 0.00671732 -0.0180946 -0.00531081 0.00671732 0.00994694 -0.0184175 0.00671974 -0.0180946 -0.0184175 0.0903849 
0.00982257 -0.0179449 -0.00536967 0.00677047 -0.0179449 0.0882211 0.00676982 -0.0182194 -0.00536967 0.00676982 0.00998419 -0.0184708 0.00677047 -0.0182194 -0.0184708 0.0905558 
0.0098153 -0.0179289 -0.00539132 0.00684957 -0.0179289 0.0882182 0.00685212 -0.0184032 -0.00539132 0.00685212 0.0100121 -0.0185113 0.00684957 -0.0184032 -0.0185113 0.0907125 
0.00980193 -0.017877 -0.00540554 0.00687076 -0.017877 0.0880319 0.00687647 -0.0185196 -0.00540554 0.00687647 0.00997878 -0.018524 0.00687076 -0.0185196 -0.018524 0.0907013 
0.00981615 -0.0179132 -0.00541359 0.00688966 -0.0179132 0.088116 0.00689854 -0.0185875 -0.00541359 0.00689854 0.00995728 -0.0184752 0.00688966 -0.0185875 -0.0184752 0.0906411 
0.0098114 -0.0179282 -0.00543834 0.00690195 -0.0179282 0.0881845 0.00691214 -0.0186373 -0.00543834 0.00691214 0.00996529 -0.0184487 0.00690195 -0.0186373 -0.0184487 0.0905638 
0.00973922 -0.0179102 -0.00548516 0.00693396 -0.0179102 0.0881662 0.0069436 -0.018709 -0.00548516 0.0069436 0.0100317 -0.0184584 0.00693396 -0.018709 -0.0184584 0.0905472 
0.00964222 -0.0178185 -0.00552518 0.00699525 -0.0178185 0.0879975 0.00699934 -0.0188306 -0.00552518 0.00699934 0.0101089 -0.0185283 0.00699525 -0.0188306 -0.0185283 0.0906269 
0.00962797 -0.0177498 -0.00552307 0.00705562 -0.0177498 0.0879073 0.00705012 -0.018974 -0.00552307 0.00705012 0.0101482 -0.018615 0.00705562 -0.018974 -0.018615 0.0908275 
0.00958565 -0.0176936 -0.00550616 0.00705324 -0.0176936 0.0877075 0.00704264 -0.0190286 -0.00550616 0.00704264 0.0101649 -0.0186717 0.00705324 -0.0190286 -0.0186717 0.0909869 
0.0095668 -0.0176335 -0.00549153 0.00703253 -0.0176335 0.0875359 0.00701763 -0.0189999 -0.00549153 0.00701763 0.0101613 -0.0186989 0.00703253 -0.0189999 -0.0186989 0.0910957 
0.00957604 -0.0176382 -0.00548518 0.00701789 -0.0176382 0.0875495 0.00700437 -0.0189618 -0.00548518 0.00700437 0.0101676 -0.0187022 0.00701789 -0.0189618 -0.0187022 0.0911905 
0.00958412 -0.0176408 -0.00548602 0.0070054 -0.0176408 0.0875471 0.00699407 -0.0189249 -0.00548602 0.00699407 0.0101654 -0.0187044 0.0070054 -0.0189249 -0.0187044 0.0912126 
0.00953597 -0.0176329 -0.00548882 0.00700123 -0.0176329 0.0875008 0.00699467 -0.0189086 -0.00548882 0.00699467 0.0101948 -0.0187015 0.00700123 -0.0189086 -0.0187015 0.0912069 
0.00955611 -0.0176009 -0.00548869 0.00700721 -0.0176009 0.0874766 0.00699852 -0.0189077 -0.00548869 0.00699852 0.0101832 -0.0187204 0.00700721 -0.0189077 -0.0187204 0.0912196 
0.00960947 -0.017604 -0.00547887 0.00699684 -0.017604 0.0873826 0.00699045 -0.018885 -0.00547887 0.00699045 0.0101274 -0.018682 0.00699684 -0.018885 -0.018682 0.0910917 
0.00964699 -0.0177018 -0.00549916 0.00699382 -0.0177018 0.0876052 0.006997 -0.018895 -0.00549916 0.006997 0.0101266 -0.01865 0.00699382 -0.018895 -0.01865 0.0910953 
0.00960538 -0.0177502 -0.00551056 0.00699861 -0.0177502 0.0877353 0.00700903 -0.0188874 -0.00551056 0.00700903 0.010179 -0.0186085 0.00699861 -0.0188874 -0.0186085 0.0909176 
0.00961924 -0.0176879 -0.00554347 0.00703315 -0.0176879 0.0877291 0.00703663 -0.0189639 -0.00554347 0.00703663 0.0101803 -0.0187334 0.00703315 -0.0189639 -0.0187334 0.0911757 
0.00962163 -0.0177098 -0.00555818 0.00706554 -0.0177098 0.0877291 0.00706961 -0.0190329 -0.00555818 0.00706961 0.0101932 -0.0187196 0.00706554 -0.0190329 -0.0187196 0.0912432 
0.00955136 -0.0176859 -0.00557568 0.00707963 -0.0176859 0.0876346 0.00708693 -0.0190903 -0.00557568 0.00708693 0.010242 -0.0187206 0.00707963 -0.0190903 -0.0187206 0.0911975 
0.00956397 -0.0176582 -0.00557546 0.00711022 -0.0176582 0.0876705 0.0071104 -0.0191551 -0.00557546 0.0071104 0.0102755 -0.0187837 0.00711022 -0.0191551 -0.0187837 0.0913264 
