0.00878148 0 0.00260172 0 0 0.00999599 0 0 0.00260172 0 0.00465929 0 0 0 0 0.00999599 
0.0122954 -0.0152261 0.00369312 -0.00455363 -0.0152261 0.0383559 -0.00455363 0.00873103 0.00369312 -0.00455363 0.00671076 -0.0083499 -0.00455363 0.00873103 -0.0083499 0.0251711 
0.0119998 -0.0218854 0.00348505 -0.00600671 -0.0218854 0.0789526 -0.00600671 0.0191824 0.00348505 -0.00600671 0.00692084 -0.0131988 -0.00600671 0.0191824 -0.0131988 0.0512719 
0.0112588 -0.020599 0.00314401 -0.00476967 -0.020599 0.0899474 -0.00476369 0.0176895 0.00314401 -0.00476369 0.00661944 -0.0138729 -0.00476967 0.0176895 -0.0138729 0.0653693 
0.0113809 -0.0198585 0.00315509 -0.00414557 -0.0198585 0.0917134 -0.00414217 0.0141055 0.00315509 -0.00414217 0.006547 -0.0139195 -0.00414557 0.0141055 -0.0139195 0.0724542 
0.0116985 -0.0201091 0.00324303 -0.00413151 -0.0201091 0.0931947 -0.00414156 0.0123921 0.00324303 -0.00414156 0.00655109 -0.0138118 -0.00413151 0.0123921 -0.0138118 0.0754513 
0.0118351 -0.0204649 0.00328956 -0.00427097 -0.0204649 0.0945775 -0.00428982 0.0120662 0.00328956 -0.00428982 0.00661884 -0.0136914 -0.00427097 0.0120662 -0.0136914 0.0763155 
0.0118734 -0.020542 0.00328406 -0.00437562 -0.020542 0.0951932 -0.00438412 0.0121997 0.00328406 -0.00438412 0.00667104 -0.0136906 -0.00437562 0.0121997 -0.0136906 0.0764925 
0.0118515 -0.0204536 0.00333441 -0.00441796 -0.0204536 0.0950296 -0.00441613 0.0123786 0.00333441 -0.00441613 0.0067023 -0.0137515 -0.00441796 0.0123786 -0.0137515 0.0765741 
0.0118518 -0.02045 0.00336833 -0.00446591 -0.02045 0.0949637 -0.00446034 0.0124952 0.00336833 -0.00446034 0.00673345 -0.0137635 -0.00446591 0.0124952 -0.0137635 0.0766054 
0.0118514 -0.0204545 0.00333147 -0.00448997 -0.0204545 0.0949007 -0.0044818 0.012562 0.00333147 -0.0044818 0.00674994 -0.0137659 -0.00448997 0.012562 -0.0137659 0.0765185 
0.0119008 -0.0204883 0.00333632 -0.00445703 -0.0204883 0.0950331 -0.00445099 0.01256 0.00333632 -0.00445099 0.00674753 -0.013833 -0.00445703 0.01256 -0.013833 0.0767156 
0.0118937 -0.0204874 0.00336381 -0.00447342 -0.0204874 0.0949811 -0.00447497 0.0125923 0.00336381 -0.00447497 0.00675264 -0.0138819 -0.00447342 0.0125923 -0.0138819 0.0769196 
0.0119248 -0.020553 0.00339084 -0.00446667 -0.020553 0.0951784 -0.00447362 0.0125502 0.00339084 -0.00447362 0.00672937 -0.0138488 -0.00446667 0.0125502 -0.0138488 0.0769209 
0.0118927 -0.0205681 0.00341942 -0.0045041 -0.0205681 0.0952271 -0.0045106 0.0125952 0.00341942 -0.0045106 0.00675476 -0.0138197 -0.0045041 0.0125952 -0.0138197 0.0768416 
0.0119112 -0.0205878 0.00343752 -0.00453326 -0.0205878 0.0953967 -0.0045278 0.0126406 0.00343752 -0.0045278 0.0067671 -0.0138363 -0.00453326 0.0126406 -0.0138363 0.0768595 
0.0118932 -0.0205782 0.00340162 -0.00456184 -0.0205782 0.0953606 -0.004546 0.0126977 0.00340162 -0.004546 0.00678501 -0.0138554 -0.00456184 0.0126977 -0.0138554 0.0768719 
0.011875 -0.02056 0.00336378 -0.00452206 -0.02056 0.0953353 -0.00450577 0.0126652 0.00336378 -0.00450577 0.00681248 -0.0138946 -0.00452206 0.0126652 -0.0138946 0.0769764 
0.0118369 -0.0204967 0.00334392 -0.00448661 -0.0204967 0.0951594 -0.00447198 0.0125996 0.00334392 -0.00447198 0.00683602 -0.0139666 -0.00448661 0.0125996 -0.0139666 0.0771667 
0.0117986 -0.0204143 0.00334622 -0.00449058 -0.0204143 0.0949474 -0.00447932 0.0126143 0.00334622 -0.00447932 0.00686238 -0.0140611 -0.00449058 0.0126143 -0.0140611 0.0775111 
0.0118188 -0.0203608 0.00336758 -0.00447402 -0.0203608 0.094734 -0.00446836 0.0125801 0.00336758 -0.00446836 0.00682373 -0.0140586 -0.00447402 0.0125801 -0.0140586 0.0775763 
0.0118666 -0.0204054 0.00339111 -0.00449142 -0.0204054 0.0947603 -0.00449857 0.0126003 0.00339111 -0.00449857 0.00677182 -0.0139954 -0.00449142 0.0126003 -0.0139954 0.0774889 
0.0119217 -0.020485 0.00341956 -0.00449927 -0.020485 0.0949118 -0.00451896 0.0126198 0.00341956 -0.00451896 0.00670417 -0.0138803 -0.00449927 0.0126198 -0.0138803 0.0771705 
0.0119818 -0.0205829 0.00344111 -0.00452501 -0.0205829 0.0951754 -0.00455175 0.0126687 0.00344111 -0.00455175 0.00664709 -0.0137704 -0.00452501 0.0126687 -0.0137704 0.0768301 
0.0119764 -0.0206641 0.00344159 -0.00456383 -0.0206641 0.0954339 -0.00459096 0.0127685 0.00344159 -0.00459096 0.00667298 -0.0137063 -0.00456383 0.0127685 -0.0137063 0.0766099 
0.0119735 -0.0206673 0.00343408 -0.00456133 -0.0206673 0.0955438 -0.00457754 0.0127861 0.00343408 -0.00457754 0.00667117 -0.0137218 -0.00456133 0.0127861 -0.0137218 0.0765078 
0.0119769 -0.0206776 0.0034056 -0.00455722 -0.0206776 0.0956377 -0.00456255 0.0127712 0.0034056 -0.00456255 0.00668197 -0.0137432 -0.00455722 0.0127712 -0.0137432 0.0765824 
0.0119673 -0.0206551 0.00339365 -0.00452355 -0.0206551 0.0955796 -0.00452458 0.0127059 0.00339365 -0.00452458 0.00669599 -0.0137588 -0.00452355 0.0127059 -0.0137588 0.0766181 
0.0120128 -0.0207212 0.00338783 -0.00447382 -0.0207212 0.0957974 -0.00447209 0.012549 0.00338783 -0.00447209 0.00669441 -0.0137469 -0.00447382 0.012549 -0.0137469 0.0766261 
0.0120519 -0.0207118 0.0034224 -0.00448653 -0.0207118 0.0957517 -0.00447987 0.0125226 0.0034224 -0.00447987 0.00665623 -0.0137733 -0.00448653 0.0125226 -0.0137733 0.0766621 
0.012091 -0.0207573 0.00345434 -0.00453563 -0.0207573 0.0957992 -0.00452908 0.0126052 0.00345434 -0.00452908 0.00662395 -0.0137475 -0.00453563 0.0126052 -0.0137475 0.0766721 
0.0121312 -0.0207988 0.00347398 -0.00458487 -0.0207988 0.0958727 -0.00458323 0.012742 0.00347398 -0.00458323 0.00657642 -0.013715 -0.00458487 0.012742 -0.013715 0.076621 
0.012118 -0.0208515 0.00345952 -0.00461694 -0.0208515 0.0960007 -0.00462279 0.0128688 0.00345952 -0.00462279 0.00658698 -0.0136692 -0.00461694 0.0128688 -0.0136692 0.0765526 
0.0121039 -0.0208532 0.00341108 -0.00460143 -0.0208532 0.0961039 -0.0046077 0.012898 0.00341108 -0.0046077 0.00660378 -0.0136833 -0.00460143 0.012898 -0.0136833 0.0765643 
0.0120738 -0.0208259 0.00335629 -0.00453511 -0.0208259 0.0960705 -0.00454102 0.0127889 0.00335629 -0.00454102 0.00662748 -0.0137012 -0.00453511 0.0127889 -0.0137012 0.0765963 
0.0120486 -0.0207957 0.00328037 -0.00444625 -0.0207957 0.0960017 -0.00445075 0.012567 0.00328037 -0.00445075 0.00664569 -0.0137071 -0.00444625 0.012567 -0.0137071 0.0765846 
0.0119642 -0.0207187 0.00324587 -0.00436686 -0.0207187 0.0957726 -0.00436838 0.0123649 0.00324587 -0.00436838 0.00670237 -0.0137519 -0.00436686 0.0123649 -0.0137519 0.0766516 
0.0118933 -0.0205942 0.00327302 -0.00434084 -0.0205942 0.0954707 -0.00433258 0.0122468 0.00327302 -0.00433258 0.00675736 -0.0138462 -0.00434084 0.0122468 -0.0138462 0.0768729 
0.0118518 -0.0204803 0.00334782 -0.0043952 -0.0204803 0.0951389 -0.00437338 0.0122979 0.00334782 -0.00437338 0.0068031 -0.0139402 -0.0043952 0.0122979 -0.0139402 0.0771563 
0.0118279 -0.0204366 0.00340348 -0.00448638 -0.0204366 0.0949392 -0.00445711 0.012463 0.00340348 -0.00445711 0.006819 -0.0139791 -0.00448638 0.012463 -0.0139791 0.0773074 
0.0118658 -0.0204375 0.00344629 -0.00455466 -0.0204375 0.0949283 -0.00452615 0.0126484 0.00344629 -0.00452615 0.00679312 -0.0139854 -0.00455466 0.0126484 -0.0139854 0.0773738 
0.0119128 -0.0204768 0.00343508 -0.0045946 -0.0204768 0.0949463 -0.00457727 0.0127844 0.00343508 -0.00457727 0.0067449 -0.0139233 -0.0045946 0.0127844 -0.0139233 0.0772261 
0.0119308 -0.0205358 0.00343849 -0.0045808 -0.0205358 0.0950562 -0.00458346 0.0128446 0.00343849 -0.00458346 0.00672159 -0.0138658 -0.0045808 0.0128446 -0.0138658 0.0770663 
0.0119565 -0.0205819 0.00344029 -0.00458269 -0.0205819 0.0952484 -0.00459744 0.0128736 0.00344029 -0.00459744 0.00670448 -0.0138503 -0.00458269 0.0128736 -0.0138503 0.0770258 
0.0119824 -0.020621 0.00346596 -0.00456732 -0.020621 0.0953744 -0.00458618 0.0128446 0.00346596 -0.00458618 0.00668118 -0.0138046 -0.00456732 0.0128446 -0.0138046 0.0768935 
0.0120272 -0.0206783 0.00346831 -0.0045894 -0.0206783 0.095561 -0.00460661 0.0128504 0.00346831 -0.00460661 0.0066612 -0.0137626 -0.0045894 0.0128504 -0.0137626 0.0767709 
0.0120405 -0.0206442 0.00349536 -0.00464736 -0.0206442 0.0954459 -0.00466177 0.0130146 0.00349536 -0.00466177 0.00663607 -0.0138038 -0.00464736 0.0130146 -0.0138038 0.0768392 
0.0120254 -0.0207294 0.00348471 -0.00463511 -0.0207294 0.0956165 -0.00465555 0.0130133 0.00348471 -0.00465555 0.00664155 -0.0137184 -0.00463511 0.0130133 -0.0137184 0.0766784 
0.0119738 -0.0207158 0.00352001 -0.00463588 -0.0207158 0.0957054 -0.00465354 0.0130212 0.00352001 -0.00465354 0.00669451 -0.0137397 -0.00463588 0.0130212 -0.0137397 0.0766684 
0.0119297 -0.0206351 0.00356492 -0.00467895 -0.0206351 0.0955561 -0.00467959 0.0130624 0.00356492 -0.00467959 0.00673049 -0.0137939 -0.00467895 0.0130624 -0.0137939 0.0767191 
0.0118933 -0.0206117 0.00356723 -0.00474276 -0.0206117 0.0955301 -0.00472498 0.0131696 0.00356723 -0.00472498 0.00677765 -0.0138463 -0.00474276 0.0131696 -0.0138463 0.0768854 
0.0118201 -0.020528 0.00357308 -0.00475579 -0.020528 0.0953068 -0.0047303 0.0132428 0.00357308 -0.0047303 0.00682613 -0.0139065 -0.00475579 0.0132428 -0.0139065 0.0770102 
0.0117716 -0.0204504 0.0035684 -0.00475062 -0.0204504 0.0951015 -0.00472136 0.0132346 0.0035684 -0.00472136 0.00686177 -0.013946 -0.00475062 0.0132346 -0.013946 0.0770988 
0.0118155 -0.0204332 0.00358824 -0.00471976 -0.0204332 0.095044 -0.00468911 0.0131467 0.00358824 -0.00468911 0.0068278 -0.0139494 -0.00471976 0.0131467 -0.0139494 0.077095 
0.0118371 -0.020441 0.00362874 -0.00477758 -0.020441 0.0949994 -0.00475187 0.0132486 0.00362874 -0.00475187 0.00681613 -0.0139701 -0.00477758 0.0132486 -0.0139701 0.0772219 
0.0118469 -0.0204349 0.00365821 -0.00483693 -0.0204349 0.0949136 -0.00482208 0.0134208 0.00365821 -0.00482208 0.00680265 -0.0139632 -0.00483693 0.0134208 -0.0139632 0.0772357 
0.0118736 -0.0204854 0.00370926 -0.00486679 -0.0204854 0.0950403 -0.00486379 0.0135489 0.00370926 -0.00486379 0.00680053 -0.0139387 -0.00486679 0.0135489 -0.0139387 0.077221 
0.0118702 -0.0204678 0.00373413 -0.00494783 -0.0204678 0.0949781 -0.00494792 0.0137497 0.00373413 -0.00494792 0.00679948 -0.0139606 -0.00494783 0.0137497 -0.0139606 0.0772447 
0.0118941 -0.0205383 0.00373667 -0.00494537 -0.0205383 0.0951716 -0.00495108 0.0137999 0.00373667 -0.00495108 0.00678931 -0.0139153 -0.00494537 0.0137999 -0.0139153 0.0771542 
0.0119001 -0.0205692 0.00373479 -0.00495185 -0.0205692 0.095318 -0.00495834 0.013826 0.00373479 -0.00495834 0.00679344 -0.0139165 -0.00495185 0.013826 -0.0139165 0.0771427 
0.0119369 -0.0205562 0.00378532 -0.00494852 -0.0205562 0.095303 -0.00495315 0.0138225 0.00378532 -0.00495315 0.00674944 -0.0139216 -0.00494852 0.0138225 -0.0139216 0.0771245 
0.0119713 -0.0206137 0.00382517 -0.00500709 -0.0206137 0.095408 -0.00501327 0.013905 0.00382517 -0.00501327 0.00672971 -0.0138702 -0.00500709 0.013905 -0.0138702 0.0770595 
0.0119018 -0.0206371 0.00384048 -0.00507149 -0.0206371 0.0954592 -0.00507818 0.0140715 0.00384048 -0.00507818 0.00679785 -0.0138529 -0.00507149 0.0140715 -0.0138529 0.0769836 
0.0118471 -0.02056 0.00385577 -0.00511289 -0.02056 0.0954099 -0.0051083 0.014219 0.00385577 -0.0051083 0.00685619 -0.0139673 -0.00511289 0.014219 -0.0139673 0.0772031 
0.0117912 -0.0204804 0.00385198 -0.00512827 -0.0204804 0.0952224 -0.00511433 0.0142763 0.00385198 -0.00511433 0.00689844 -0.0140441 -0.00512827 0.0142763 -0.0140441 0.0774336 
0.0117185 -0.0203839 0.00384011 -0.00512078 -0.0203839 0.0949328 -0.00510486 0.0142749 0.00384011 -0.00510486 0.00694788 -0.0140892 -0.00512078 0.0142749 -0.0140892 0.0775585 
0.0117067 -0.0203433 0.00385584 -0.00509522 -0.0203433 0.0948589 -0.00507906 0.014217 0.00385584 -0.00507906 0.00697042 -0.0141359 -0.00509522 0.014217 -0.0141359 0.0777039 
0.011713 -0.0203321 0.00387691 -0.00509206 -0.0203321 0.0947901 -0.00507822 0.0141609 0.00387691 -0.00507822 0.00695958 -0.0141295 -0.00509206 0.0141609 -0.0141295 0.0776827 
0.0117118 -0.0203498 0.00389571 -0.00510875 -0.0203498 0.0947934 -0.00509704 0.0141613 0.00389571 -0.00509704 0.00696305 -0.0140908 -0.00510875 0.0141613 -0.0140908 0.0775607 
0.011739 -0.0203535 0.00393166 -0.00515374 -0.0203535 0.0948442 -0.0051407 0.0142624 0.00393166 -0.0051407 0.00695725 -0.0141248 -0.00515374 0.0142624 -0.0141248 0.077626 
0.0117298 -0.0203507 0.00393781 -0.00519741 -0.0203507 0.0947651 -0.00518556 0.0143734 0.00393781 -0.00518556 0.00694596 -0.0141143 -0.00519741 0.0143734 -0.0141143 0.0775935 
0.011691 -0.0203565 0.00392101 -0.00521856 -0.0203565 0.0948105 -0.00521244 0.014477 0.00392101 -0.00521244 0.00698733 -0.0141282 -0.00521856 0.014477 -0.0141282 0.0776725 
0.0116528 -0.0202825 0.00387393 -0.00519904 -0.0202825 0.0946594 -0.00519374 0.014488 0.00387393 -0.00519374 0.00700411 -0.0141797 -0.00519904 0.014488 -0.0141797 0.0777633 
0.0116828 -0.0202892 0.0038157 -0.00511593 -0.0202892 0.0946968 -0.00511491 0.0143308 0.0038157 -0.00511491 0.00698756 -0.0141759 -0.00511593 0.0143308 -0.0141759 0.0778064 
0.0116984 -0.0203314 0.00380352 -0.00501687 -0.0203314 0.094771 -0.00502619 0.0140836 0.00380352 -0.00502619 0.00696598 -0.0141253 -0.00501687 0.0140836 -0.0141253 0.0776869 
0.0116691 -0.0203163 0.00382988 -0.00500847 -0.0203163 0.0947211 -0.0050191 0.013976 0.00382988 -0.0050191 0.00697618 -0.0141109 -0.00500847 0.013976 -0.0141109 0.0776025 
0.0116888 -0.0203173 0.00385865 -0.00504788 -0.0203173 0.0947879 -0.00504726 0.0140001 0.00385865 -0.00504726 0.00697876 -0.01412 -0.00504788 0.0140001 -0.01412 0.0776186 
0.0117501 -0.0203735 0.00380573 -0.00504591 -0.0203735 0.0948757 -0.00503679 0.0139601 0.00380573 -0.00503679 0.0069199 -0.0140337 -0.00504591 0.0139601 -0.0140337 0.0773281 
0.0118385 -0.020456 0.00374582 -0.00499489 -0.020456 0.0950729 -0.00498842 0.0138891 0.00374582 -0.00498842 0.00686482 -0.0139876 -0.00499489 0.0138891 -0.0139876 0.0771866 
0.0119102 -0.020558 0.00371075 -0.00491737 -0.020558 0.0953148 -0.00492331 0.0137453 0.00371075 -0.00492331 0.00682213 -0.0139524 -0.00491737 0.0137453 -0.0139524 0.0771281 
0.0119647 -0.020592 0.00373137 -0.00491358 -0.020592 0.0954404 -0.00492907 0.0137323 0.00373137 -0.00492907 0.00679065 -0.014005 -0.00491358 0.0137323 -0.014005 0.0773588 
0.0119682 -0.0206346 0.00375181 -0.00492206 -0.0206346 0.0954673 -0.00494367 0.0137291 0.00375181 -0.00494367 0.00676242 -0.0139499 -0.00492206 0.0137291 -0.0139499 0.077302 
0.0119422 -0.0206547 0.00375914 -0.00496504 -0.0206547 0.095572 -0.00498631 0.0138224 0.00375914 -0.00498631 0.00679046 -0.0139356 -0.00496504 0.0138224 -0.0139356 0.0773128 
0.0119434 -0.0206739 0.00374519 -0.00494794 -0.0206739 0.0956968 -0.00495853 0.0137916 0.00374519 -0.00495853 0.00679254 -0.0139112 -0.00494794 0.0137916 -0.0139112 0.0772039 
0.0119559 -0.0206413 0.00374313 -0.00494873 -0.0206413 0.0956375 -0.00494815 0.0137828 0.00374313 -0.00494815 0.00678073 -0.0139343 -0.00494873 0.0137828 -0.0139343 0.077218 
0.0119551 -0.0206443 0.00371061 -0.00495553 -0.0206443 0.0956034 -0.0049523 0.0137997 0.00371061 -0.0049523 0.0067858 -0.0139408 -0.00495553 0.0137997 -0.0139408 0.0772722 
0.0120086 -0.0206654 0.00366677 -0.00489385 -0.0206654 0.0956458 -0.00489475 0.0136901 0.00366677 -0.00489475 0.00673398 -0.013913 -0.00489385 0.0136901 -0.013913 0.0771944 
0.0120517 -0.0207258 0.00366653 -0.00483084 -0.0207258 0.0957422 -0.00484328 0.0135443 0.00366653 -0.00484328 0.00668054 -0.0138544 -0.00483084 0.0135443 -0.0138544 0.0770708 
0.0120861 -0.0207737 0.00372354 -0.00484631 -0.0207737 0.0958876 -0.00486478 0.0135339 0.00372354 -0.00486478 0.00666301 -0.0138216 -0.00484631 0.0135339 -0.0138216 0.0770353 
0.0120994 -0.0207873 0.00379859 -0.00492829 -0.0207873 0.0959068 -0.00494214 0.0136754 0.00379859 -0.00494214 0.00663389 -0.0137984 -0.00492829 0.0136754 -0.0137984 0.076949 
0.0121539 -0.0208217 0.0038206 -0.00502717 -0.0208217 0.0959908 -0.00503417 0.0138984 0.0038206 -0.00503417 0.00658472 -0.0137506 -0.00502717 0.0138984 -0.0137506 0.0768341 
0.0121728 -0.0209068 0.00381299 -0.00505337 -0.0209068 0.096178 -0.00506315 0.0140394 0.00381299 -0.00506315 0.00658309 -0.0136718 -0.00505337 0.0140394 -0.0136718 0.0766372 
0.0121654 -0.020909 0.00379053 -0.00506065 -0.020909 0.0962401 -0.00507265 0.0141241 0.00379053 -0.00507265 0.00658485 -0.0136938 -0.00506065 0.0141241 -0.0136938 0.0766114 
0.0121797 -0.0209398 0.00378398 -0.00501015 -0.0209398 0.096373 -0.00502243 0.0140421 0.00378398 -0.00502243 0.00657273 -0.0136814 -0.00501015 0.0140421 -0.0136814 0.076599 
0.0121998 -0.0209275 0.00379445 -0.00499841 -0.0209275 0.09634 -0.0050091 0.0139738 0.00379445 -0.0050091 0.00653448 -0.0136667 -0.00499841 0.0139738 -0.0136667 0.07654 
0.012213 -0.0210259 0.00375731 -0.00497029 -0.0210259 0.0965786 -0.00498076 0.0138547 0.00375731 -0.00498076 0.00653914 -0.0135606 -0.00497029 0.0138547 -0.0135606 0.0762942 
0.0122014 -0.0209856 0.00374198 -0.00497328 -0.0209856 0.0965558 -0.00497736 0.013869 0.00374198 -0.00497736 0.00655066 -0.0136216 -0.00497328 0.013869 -0.0136216 0.0763431 
0.0121939 -0.0209453 0.00370343 -0.00496331 -0.0209453 0.0964276 -0.00496243 0.0138615 0.00370343 -0.00496243 0.00654564 -0.0136573 -0.00496331 0.0138615 -0.0136573 0.0764554 
0.0121185 -0.0209428 0.00366034 -0.00490894 -0.0209428 0.0963859 -0.00491382 0.0137708 0.00366034 -0.00491382 0.0066079 -0.0136489 -0.00490894 0.0137708 -0.0136489 0.0764948 
0.0120991 -0.0209004 0.00358407 -0.00481891 -0.0209004 0.0963665 -0.00481808 0.0135331 0.00358407 -0.00481808 0.00662281 -0.0136702 -0.00481891 0.0135331 -0.0136702 0.0764667 
0.0120967 -0.0208427 0.00355082 -0.00475024 -0.0208427 0.0962376 -0.00474313 0.0133514 0.00355082 -0.00474313 0.00662582 -0.0137348 -0.00475024 0.0133514 -0.0137348 0.0766459 
0.0120817 -0.0208219 0.00356568 -0.00471094 -0.0208219 0.0961295 -0.00470513 0.0132184 0.00356568 -0.00470513 0.00663995 -0.0137501 -0.00471094 0.0132184 -0.0137501 0.0767642 
0.0121166 -0.0208077 0.00358076 -0.00471216 -0.0208077 0.0960523 -0.00470535 0.0131498 0.00358076 -0.00470535 0.00659439 -0.013731 -0.00471216 0.0131498 -0.013731 0.0767063 
0.0121964 -0.0208956 0.00356841 -0.00471064 -0.0208956 0.0962139 -0.00470621 0.0131078 0.00356841 -0.00470621 0.00653757 -0.0136354 -0.00471064 0.0131078 -0.0136354 0.0764871 
0.012265 -0.0209407 0.00355018 -0.00472764 -0.0209407 0.096278 -0.00472992 0.0131761 0.00355018 -0.00472992 0.00648405 -0.0136009 -0.00472764 0.0131761 -0.0136009 0.0763548 
0.0123102 -0.021027 0.00349311 -0.00471243 -0.021027 0.0964556 -0.00472722 0.0132079 0.00349311 -0.00472722 0.0064466 -0.013559 -0.00471243 0.0132079 -0.013559 0.0762839 
0.0123498 -0.021102 0.00347367 -0.00463241 -0.021102 0.0966879 -0.00466259 0.0130992 0.00347367 -0.00466259 0.00642269 -0.013521 -0.00463241 0.0130992 -0.013521 0.0762205 
0.0123266 -0.0211068 0.00347399 -0.00461354 -0.0211068 0.0967034 -0.00464675 0.0130229 0.00347399 -0.00464675 0.00642179 -0.0135073 -0.00461354 0.0130229 -0.0135073 0.076161 
0.0122449 -0.0210907 0.00346144 -0.00463989 -0.0210907 0.0967499 -0.00466418 0.0130572 0.00346144 -0.00466418 0.00649968 -0.0135404 -0.00463989 0.0130572 -0.0135404 0.0762873 
0.0121014 -0.0209554 0.00344301 -0.00461898 -0.0209554 0.0964487 -0.00462637 0.0130161 0.00344301 -0.00462637 0.0065958 -0.0136016 -0.00461898 0.0130161 -0.0136016 0.0763287 
0.0120362 -0.0208056 0.00343507 -0.00459791 -0.0208056 0.096143 -0.00458083 0.0129267 0.00343507 -0.00458083 0.00664909 -0.0137155 -0.00459791 0.0129267 -0.0137155 0.076562 
0.0120163 -0.0207273 0.00342165 -0.00457862 -0.0207273 0.0958857 -0.00454824 0.0128298 0.00342165 -0.00454824 0.00667208 -0.0137657 -0.00457862 0.0128298 -0.0137657 0.0767325 
0.0120288 -0.0206891 0.00342458 -0.0045573 -0.0206891 0.0956931 -0.00452918 0.0127595 0.00342458 -0.00452918 0.00667169 -0.0137807 -0.0045573 0.0127595 -0.0137807 0.0767791 
0.0120456 -0.0206945 0.00341343 -0.00455837 -0.0206945 0.095607 -0.00453869 0.0127428 0.00341343 -0.00453869 0.00665621 -0.0137806 -0.00455837 0.0127428 -0.0137806 0.076773 
0.0120493 -0.0207362 0.00338806 -0.00454283 -0.0207362 0.0956941 -0.00453694 0.0127335 0.00338806 -0.00453694 0.00665801 -0.0137736 -0.00454283 0.0127335 -0.0137736 0.0767937 
0.0120327 -0.0207377 0.00339487 -0.00451812 -0.0207377 0.0957523 -0.00452145 0.0127088 0.00339487 -0.00452145 0.00667821 -0.0137981 -0.00451812 0.0127088 -0.0137981 0.0768826 
0.0120282 -0.0206907 0.00343734 -0.00453725 -0.0206907 0.0956663 -0.00453978 0.0127343 0.00343734 -0.00453978 0.00666975 -0.0138423 -0.00453725 0.0127343 -0.0138423 0.0770136 
0.0120238 -0.0206501 0.00346993 -0.00460545 -0.0206501 0.0955033 -0.0046064 0.0128727 0.00346993 -0.0046064 0.00665789 -0.0138441 -0.00460545 0.0128727 -0.0138441 0.0770761 
0.0120579 -0.0206849 0.00348348 -0.0046192 -0.0206849 0.0955355 -0.00462553 0.0129339 0.00348348 -0.00462553 0.00662012 -0.0137711 -0.0046192 0.0129339 -0.0137711 0.0768946 
0.0121055 -0.0207326 0.00352323 -0.00464905 -0.0207326 0.0956601 -0.00466344 0.0130294 0.00352323 -0.00466344 0.00657795 -0.0137372 -0.00464905 0.0130294 -0.0137372 0.0767927 
0.0121449 -0.0208328 0.00351307 -0.00466518 -0.0208328 0.0959195 -0.00468599 0.0130603 0.00351307 -0.00468599 0.00655091 -0.0136385 -0.00466518 0.0130603 -0.0136385 0.0765344 
0.0121281 -0.0209082 0.00348848 -0.00464125 -0.0209082 0.0961779 -0.00466341 0.0130247 0.00348848 -0.00466341 0.00657059 -0.0135813 -0.00464125 0.0130247 -0.0135813 0.0762977 
0.0121209 -0.0208833 0.00343664 -0.00460282 -0.0208833 0.0962127 -0.00461428 0.0129188 0.00343664 -0.00461428 0.006564 -0.0135932 -0.00460282 0.0129188 -0.0135932 0.0761819 
0.012081 -0.0208401 0.00340797 -0.00456684 -0.0208401 0.0961097 -0.0045702 0.0128383 0.00340797 -0.0045702 0.00660303 -0.013632 -0.00456684 0.0128383 -0.013632 0.076285 
0.0120694 -0.0208327 0.00338403 -0.00450587 -0.0208327 0.0961231 -0.00450374 0.0126662 0.00338403 -0.00450374 0.00662362 -0.0136577 -0.00450587 0.0126662 -0.0136577 0.0763582 
0.0120849 -0.0208156 0.00334447 -0.00447462 -0.0208156 0.0960984 -0.00446546 0.0125349 0.00334447 -0.00446546 0.00661811 -0.0136886 -0.00447462 0.0125349 -0.0136886 0.0764513 
0.0120995 -0.0208162 0.00334787 -0.00444177 -0.0208162 0.0960757 -0.00443352 0.0124571 0.00334787 -0.00443352 0.00662207 -0.0137125 -0.00444177 0.0124571 -0.0137125 0.0765797 
0.0120998 -0.0207907 0.00339612 -0.00447116 -0.0207907 0.0959776 -0.00446536 0.0125054 0.00339612 -0.00446536 0.00663251 -0.0137585 -0.00447116 0.0125054 -0.0137585 0.0767492 
0.0121218 -0.0207638 0.00344716 -0.00452172 -0.0207638 0.0958014 -0.00451653 0.012601 0.00344716 -0.00451653 0.00658886 -0.0137462 -0.00452172 0.012601 -0.0137462 0.0767118 
0.0121091 -0.0208184 0.00349958 -0.00459982 -0.0208184 0.095898 -0.00459957 0.0127947 0.00349958 -0.00459957 0.00660793 -0.0137156 -0.00459982 0.0127947 -0.0137156 0.0767193 
0.012074 -0.0208162 0.00352805 -0.00465306 -0.0208162 0.0959393 -0.00465128 0.0129452 0.00352805 -0.00465128 0.00663816 -0.0137057 -0.00465306 0.0129452 -0.0137057 0.0766309 
0.0120608 -0.0208124 0.0035579 -0.00469752 -0.0208124 0.0960515 -0.00468592 0.0130706 0.0035579 -0.00468592 0.00667702 -0.0137588 -0.00469752 0.0130706 -0.0137588 0.0767619 
0.0120569 -0.0207706 0.0035606 -0.00471936 -0.0207706 0.0959356 -0.00469941 0.0131205 0.0035606 -0.00469941 0.00667101 -0.0137787 -0.00471936 0.0131205 -0.0137787 0.0767654 
0.0120901 -0.0208075 0.00353069 -0.00471027 -0.0208075 0.0960216 -0.0046903 0.0131078 0.00353069 -0.0046903 0.0066486 -0.0137626 -0.00471027 0.0131078 -0.0137626 0.0767641 
0.012116 -0.0208083 0.00354764 -0.00469961 -0.0208083 0.0960274 -0.00468902 0.0131299 0.00354764 -0.00468902 0.00663664 -0.0137847 -0.00469961 0.0131299 -0.0137847 0.0768644 
0.01209 -0.0208105 0.00355719 -0.0047106 -0.0208105 0.0959533 -0.00470884 0.013151 0.00355719 -0.00470884 0.00665715 -0.0137612 -0.0047106 0.013151 -0.0137612 0.076814 
0.0120627 -0.0208078 0.00358677 -0.00473046 -0.0208078 0.0960016 -0.00472938 0.0132063 0.00358677 -0.00472938 0.00670034 -0.013802 -0.00473046 0.0132063 -0.013802 0.0769112 
0.0120115 -0.0207278 0.00360037 -0.00477358 -0.0207278 0.095785 -0.00476475 0.0132939 0.00360037 -0.00476475 0.00673117 -0.0138591 -0.00477358 0.0132939 -0.0138591 0.0770028 
0.0120164 -0.0206875 0.00362075 -0.00480181 -0.0206875 0.095699 -0.00478656 0.0133817 0.00362075 -0.00478656 0.006727 -0.0139199 -0.00480181 0.0133817 -0.0139199 0.0772154 
0.0120217 -0.0206611 0.00363115 -0.00484171 -0.0206611 0.0955853 -0.00483218 0.0135027 0.00363115 -0.00483218 0.00670566 -0.0139429 -0.00484171 0.0135027 -0.0139429 0.0773747 
0.0119797 -0.0206771 0.0036312 -0.00483211 -0.0206771 0.0955563 -0.0048366 0.0135281 0.0036312 -0.0048366 0.00671915 -0.0138745 -0.00483211 0.0135281 -0.0138745 0.0772479 
0.0119763 -0.0206499 0.0036142 -0.00481367 -0.0206499 0.095533 -0.00482166 0.0134849 0.0036142 -0.00482166 0.00669889 -0.0138447 -0.00481367 0.0134849 -0.0138447 0.0770598 
0.0119995 -0.020673 0.00358336 -0.00478696 -0.020673 0.0956106 -0.00479479 0.0134195 0.00358336 -0.00479479 0.00667964 -0.0138067 -0.00478696 0.0134195 -0.0138067 0.0769446 
0.0119889 -0.0206812 0.00355146 -0.00475264 -0.0206812 0.0956169 -0.00476404 0.0133465 0.00355146 -0.00476404 0.00668337 -0.0137829 -0.00475264 0.0133465 -0.0137829 0.0768359 
0.0119923 -0.0206522 0.00355048 -0.00471588 -0.0206522 0.095549 -0.00472898 0.0132636 0.00355048 -0.00472898 0.00667623 -0.0137881 -0.00471588 0.0132636 -0.0137881 0.0767884 
0.0119806 -0.0207032 0.00354299 -0.00470717 -0.0207032 0.095705 -0.00471964 0.0132033 0.00354299 -0.00471964 0.00670106 -0.013783 -0.00470717 0.0132033 -0.013783 0.0768227 
0.0119215 -0.0206878 0.00354079 -0.00468513 -0.0206878 0.09572 -0.00469146 0.0131254 0.00354079 -0.00469146 0.00676201 -0.0137831 -0.00468513 0.0131254 -0.0137831 0.0767669 
0.0118293 -0.0205853 0.00352791 -0.00469455 -0.0205853 0.0954999 -0.0046832 0.0131009 0.00352791 -0.0046832 0.00685219 -0.0138617 -0.00469455 0.0131009 -0.0138617 0.0768501 
0.0117889 -0.0204818 0.00353475 -0.00470461 -0.0204818 0.0952997 -0.00467344 0.0131157 0.00353475 -0.00467344 0.00691369 -0.0140191 -0.00470461 0.0131157 -0.0140191 0.0772517 
0.0117449 -0.0203669 0.0035561 -0.00472252 -0.0203669 0.0949076 -0.00468336 0.0131462 0.0035561 -0.00468336 0.00693483 -0.014119 -0.00472252 0.0131462 -0.014119 0.0775685 
