0.00341218 0 -0.000459039 0 0 0.00999753 0 0 -0.000459039 0 0.0100254 0 0 0 0 0.00999753 
0.00487802 -0.00608811 -0.000569227 0.00069876 -0.00608811 0.0208402 0.00069876 -0.00133978 -0.000569227 0.00069876 0.0141369 -0.0174974 0.00069876 -0.00133978 -0.0174974 0.0427173 
0.00520369 -0.0101315 -0.000518053 0.000908745 -0.0101315 0.0414647 0.000908745 -0.0028837 -0.000518053 0.000908745 0.013722 -0.0249709 0.000908745 -0.0028837 -0.0249709 0.0888262 
0.00512585 -0.0114505 -0.000455693 0.000660924 -0.0114505 0.0561288 0.000650897 -0.00237495 -0.000455693 0.000650897 0.0127167 -0.0229764 0.000660924 -0.00237495 -0.0229764 0.0990086 
0.00502185 -0.0119116 -0.000423428 0.000509989 -0.0119116 0.0652193 0.000488436 -0.00151378 -0.000423428 0.000488436 0.0128585 -0.0218335 0.000509989 -0.00151378 -0.0218335 0.0988725 
0.00498367 -0.0117996 -0.000381759 0.000454001 -0.0117996 0.0692305 0.000427091 -0.00109607 -0.000381759 0.000427091 0.0132148 -0.022046 0.000454001 -0.00109607 -0.022046 0.099249 
0.00500108 -0.0115967 -0.000346688 0.000420452 -0.0115967 0.0702939 0.0003945 -0.000966034 -0.000346688 0.0003945 0.0134162 -0.0224734 0.000420452 -0.000966034 -0.0224734 0.100375 
0.00508325 -0.0114796 -0.000274393 0.000380938 -0.0114796 0.0702491 0.00036096 -0.000884734 -0.000274393 0.00036096 0.0134226 -0.0226556 0.000380938 -0.000884734 -0.0226556 0.101079 
0.0051315 -0.011509 -0.000198207 0.00029627 -0.011509 0.0700771 0.000274714 -0.000730363 -0.000198207 0.000274714 0.0133861 -0.0225904 0.00029627 -0.000730363 -0.0225904 0.101066 
0.00511996 -0.0115972 -0.000127189 0.000214774 -0.0115972 0.0702549 0.000186512 -0.000538671 -0.000127189 0.000186512 0.0134481 -0.0225702 0.000214774 -0.000538671 -0.0225702 0.101074 
0.00506904 -0.0115896 -0.000138052 0.000163923 -0.0115896 0.0702816 0.000129333 -0.000411887 -0.000138052 0.000129333 0.0135083 -0.0226064 0.000163923 -0.000411887 -0.0226064 0.101021 
0.00504709 -0.0115401 -0.000147985 0.000178087 -0.0115401 0.0702343 0.000152532 -0.000395606 -0.000147985 0.000152532 0.0135547 -0.022702 0.000178087 -0.000395606 -0.022702 0.101197 
0.0050648 -0.0115258 -0.000174894 0.000176891 -0.0115258 0.0702267 0.000164778 -0.000401478 -0.000174894 0.000164778 0.0135572 -0.0227869 0.000176891 -0.000401478 -0.0227869 0.101473 
0.00509794 -0.0115616 -0.000179547 0.000185309 -0.0115616 0.0703147 0.00018624 -0.000407408 -0.000179547 0.00018624 0.0135371 -0.0228023 0.000185309 -0.000407408 -0.0228023 0.10163 
0.00505598 -0.0116017 -0.000265857 0.000275025 -0.0116017 0.0703754 0.000283888 -0.000668086 -0.000265857 0.000283888 0.0135557 -0.0227388 0.000275025 -0.000668086 -0.0227388 0.101484 
0.0050352 -0.0115711 -0.000328254 0.000340802 -0.0115711 0.0704358 0.000359179 -0.000840326 -0.000328254 0.000359179 0.0135909 -0.0227877 0.000340802 -0.000840326 -0.0227877 0.101568 
0.00499164 -0.0115298 -0.000392987 0.000414672 -0.0115298 0.0703313 0.000441279 -0.00103725 -0.000392987 0.000441279 0.0136276 -0.0228182 0.000414672 -0.00103725 -0.0228182 0.101614 
0.00495014 -0.0114925 -0.000415648 0.000496164 -0.0114925 0.0703144 0.000529562 -0.00125756 -0.000415648 0.000529562 0.0137013 -0.022909 0.000496164 -0.00125756 -0.022909 0.101899 
0.00491549 -0.0114135 -0.000309424 0.000443498 -0.0114135 0.0700897 0.000471595 -0.00115861 -0.000309424 0.000471595 0.0137371 -0.0229712 0.000443498 -0.00115861 -0.0229712 0.102023 
0.00491857 -0.0113701 -0.000242745 0.000335534 -0.0113701 0.0699231 0.000340494 -0.000937557 -0.000242745 0.000340494 0.0137301 -0.0230222 0.000335534 -0.000937557 -0.0230222 0.102171 
0.00494598 -0.0113838 -0.000194386 0.000295686 -0.0113838 0.0699013 0.000280421 -0.000790261 -0.000194386 0.000280421 0.013713 -0.0230218 0.000295686 -0.000790261 -0.0230218 0.102242 
0.00497403 -0.0114352 -0.000209588 0.000271764 -0.0114352 0.0700291 0.000245884 -0.000727663 -0.000209588 0.000245884 0.0136999 -0.0230093 0.000271764 -0.000727663 -0.0230093 0.102275 
0.00495645 -0.0114692 -0.000267709 0.000276693 -0.0114692 0.0701073 0.000253573 -0.000695242 -0.000267709 0.000253573 0.0136972 -0.0229649 0.000276693 -0.000695242 -0.0229649 0.102143 
0.00498516 -0.0114652 -0.000335736 0.000328453 -0.0114652 0.0702094 0.000325268 -0.000774527 -0.000335736 0.000325268 0.0136924 -0.0229913 0.000328453 -0.000774527 -0.0229913 0.102207 
0.00499324 -0.0114936 -0.000341009 0.00038747 -0.0114936 0.0702656 0.000406633 -0.000911762 -0.000341009 0.000406633 0.0137012 -0.0229807 0.00038747 -0.000911762 -0.0229807 0.102215 
0.00498841 -0.0114954 -0.000313166 0.000384857 -0.0114954 0.0702436 0.000409677 -0.00096894 -0.000313166 0.000409677 0.0136905 -0.0229643 0.000384857 -0.00096894 -0.0229643 0.102113 
0.00497501 -0.0115042 -0.000288617 0.000378694 -0.0115042 0.0702893 0.000393962 -0.000995307 -0.000288617 0.000393962 0.0137104 -0.0229705 0.000378694 -0.000995307 -0.0229705 0.102131 
0.00492996 -0.0114972 -0.000310653 0.000372326 -0.0114972 0.0703346 0.000374175 -0.000998107 -0.000310653 0.000374175 0.0137711 -0.0230081 0.000372326 -0.000998107 -0.0230081 0.102235 
0.00483345 -0.0114403 -0.000333096 0.000408658 -0.0114403 0.0702549 0.000407749 -0.00105842 -0.000333096 0.000407749 0.0138534 -0.0230786 0.000408658 -0.00105842 -0.0230786 0.102377 
0.0047521 -0.0112987 -0.000297759 0.000394059 -0.0112987 0.0699327 0.000393652 -0.00101544 -0.000297759 0.000393652 0.0139047 -0.0231659 0.000394059 -0.00101544 -0.0231659 0.102528 
0.00471134 -0.0111865 -0.000263245 0.000369217 -0.0111865 0.069622 0.000366139 -0.0009815 -0.000263245 0.000366139 0.013943 -0.0232583 0.000369217 -0.0009815 -0.0232583 0.102804 
0.00474611 -0.0111254 -0.000219024 0.000281718 -0.0111254 0.0693948 0.000271395 -0.000759786 -0.000219024 0.000271395 0.0139125 -0.0233203 0.000281718 -0.000759786 -0.0233203 0.103049 
0.00482386 -0.0111574 -0.000168391 0.000228163 -0.0111574 0.0693285 0.000215047 -0.000577468 -0.000168391 0.000215047 0.0138314 -0.0232707 0.000228163 -0.000577468 -0.0232707 0.103035 
0.00489843 -0.0112559 -9.17572e-05 0.000180699 -0.0112559 0.069452 0.000166068 -0.000451802 -9.17572e-05 0.000166068 0.0137502 -0.023147 0.000180699 -0.000451802 -0.023147 0.102768 
0.0049664 -0.0113707 -9.50972e-06 7.17227e-05 -0.0113707 0.0697541 4.8036e-05 -0.000202823 -9.50972e-06 4.8036e-05 0.0136933 -0.0230533 7.17227e-05 -0.000202823 -0.0230533 0.102537 
0.00503265 -0.0114653 4.01369e-05 -3.44431e-05 -0.0114653 0.0700372 -6.69921e-05 9.14256e-05 4.01369e-05 -6.69921e-05 0.0136444 -0.0229685 -3.44431e-05 9.14256e-05 -0.0229685 0.102285 
0.00505822 -0.0115475 -7.965e-06 -2.28051e-05 -0.0115475 0.0702492 -5.23035e-05 0.000100466 -7.965e-06 -5.23035e-05 0.0136063 -0.0228841 -2.28051e-05 0.000100466 -0.0228841 0.101991 
0.00500851 -0.0115981 -0.000110622 9.07387e-05 -0.0115981 0.0704705 7.7346e-05 -0.000171857 -0.000110622 7.7346e-05 0.0136439 -0.0228554 9.07387e-05 -0.000171857 -0.0228554 0.101882 
0.00499841 -0.0115364 -9.57969e-05 0.000128307 -0.0115364 0.0704696 0.000135615 -0.00027707 -9.57969e-05 0.000135615 0.0136438 -0.0229033 0.000128307 -0.00027707 -0.0229033 0.101923 
0.00494528 -0.0115056 -8.10375e-05 0.000104558 -0.0115056 0.0703743 0.000115534 -0.000287318 -8.10375e-05 0.000115534 0.0136875 -0.0229106 0.000104558 -0.000287318 -0.0229106 0.101977 
0.00495299 -0.0114247 -0.000141502 0.000155226 -0.0114247 0.0701685 0.000160809 -0.000431917 -0.000141502 0.000160809 0.0136681 -0.0229476 0.000155226 -0.000431917 -0.0229476 0.102008 
0.0049846 -0.0114295 -0.000212677 0.000223217 -0.0114295 0.0701079 0.000230165 -0.000589629 -0.000212677 0.000230165 0.0136411 -0.0229517 0.000223217 -0.000589629 -0.0229517 0.102107 
0.00498783 -0.0114493 -0.000239068 0.000285737 -0.0114493 0.0700353 0.000301056 -0.000735606 -0.000239068 0.000301056 0.0136116 -0.0228735 0.000285737 -0.000735606 -0.0228735 0.101896 
0.00503394 -0.0114745 -0.000232889 0.000304887 -0.0114745 0.0701428 0.000321788 -0.00081513 -0.000232889 0.000321788 0.0135929 -0.0228743 0.000304887 -0.00081513 -0.0228743 0.101911 
0.00509578 -0.0115267 -0.000209166 0.000276383 -0.0115267 0.070242 0.000285792 -0.000759888 -0.000209166 0.000285792 0.013545 -0.0228385 0.000276383 -0.000759888 -0.0228385 0.101838 
0.00516731 -0.0116111 -0.000199442 0.000255044 -0.0116111 0.0704226 0.000254682 -0.000690232 -0.000199442 0.000254682 0.013489 -0.0227731 0.000255044 -0.000690232 -0.0227731 0.101688 
0.00522951 -0.0117095 -0.000163289 0.00018315 -0.0117095 0.0706637 0.000178993 -0.000469843 -0.000163289 0.000178993 0.0134417 -0.0226953 0.00018315 -0.000469843 -0.0226953 0.101485 
0.00531707 -0.0117987 -0.000121219 0.000147044 -0.0117987 0.0709097 0.000141796 -0.0003306 -0.000121219 0.000141796 0.0133603 -0.0226239 0.000147044 -0.0003306 -0.0226239 0.101254 
0.00536856 -0.011929 -9.60619e-05 0.000113481 -0.011929 0.0712568 0.000107209 -0.000247783 -9.60619e-05 0.000107209 0.0133117 -0.0225322 0.000113481 -0.000247783 -0.0225322 0.101046 
0.00534605 -0.0120046 -9.54365e-05 0.000102317 -0.0120046 0.0715308 9.55105e-05 -0.000221409 -9.54365e-05 9.55105e-05 0.0133198 -0.0224542 0.000102317 -0.000221409 -0.0224542 0.100796 
0.00532429 -0.0119965 -0.000153635 0.000136045 -0.0119965 0.0717015 0.000131573 -0.000310914 -0.000153635 0.000131573 0.013356 -0.0224906 0.000136045 -0.000310914 -0.0224906 0.100832 
0.00525979 -0.0119484 -0.000243035 0.000221455 -0.0119484 0.0716146 0.00022871 -0.000517413 -0.000243035 0.00022871 0.0134011 -0.0225162 0.000221455 -0.000517413 -0.0225162 0.100842 
0.00524357 -0.0118553 -0.000285114 0.000321721 -0.0118553 0.0713969 0.000346725 -0.000780112 -0.000285114 0.000346725 0.0133989 -0.0225709 0.000321721 -0.000780112 -0.0225709 0.100922 
0.0052217 -0.0118279 -0.000276361 0.000340459 -0.0118279 0.0712764 0.000370169 -0.000889122 -0.000276361 0.000370169 0.0134288 -0.0225979 0.000340459 -0.000889122 -0.0225979 0.101074 
0.00524472 -0.0117976 -0.000188215 0.00028718 -0.0117976 0.0712002 0.000308952 -0.000779277 -0.000188215 0.000308952 0.0134281 -0.0226417 0.00028718 -0.000779277 -0.0226417 0.101219 
0.00522148 -0.0118125 -0.00011259 0.000202176 -0.0118125 0.0711188 0.00020213 -0.000592945 -0.00011259 0.00020213 0.0134373 -0.0226091 0.000202176 -0.000592945 -0.0226091 0.101145 
0.00516515 -0.0117992 -4.55543e-05 0.000112341 -0.0117992 0.0711161 9.23269e-05 -0.000340915 -4.55543e-05 9.23269e-05 0.0134965 -0.0226332 0.000112341 -0.000340915 -0.0226332 0.101175 
0.00511036 -0.0117348 -5.47525e-05 8.18139e-05 -0.0117348 0.0710335 5.12671e-05 -0.000238185 -5.47525e-05 5.12671e-05 0.013544 -0.0227148 8.18139e-05 -0.000238185 -0.0227148 0.101342 
0.00505751 -0.0116501 -0.000109024 9.48442e-05 -0.0116501 0.0708178 6.89793e-05 -0.000228524 -0.000109024 6.89793e-05 0.0135757 -0.0227681 9.48442e-05 -0.000228524 -0.0227681 0.101478 
0.00499743 -0.0115787 -0.000200963 0.000209777 -0.0115787 0.0706245 0.000203638 -0.000498718 -0.000200963 0.000203638 0.013632 -0.0228216 0.000209777 -0.000498718 -0.0228216 0.101654 
0.0049383 -0.0114828 -0.000218133 0.000282209 -0.0114828 0.0703308 0.00029491 -0.000713062 -0.000218133 0.00029491 0.0136642 -0.0228711 0.000282209 -0.000713062 -0.0228711 0.101743 
0.00488453 -0.0114101 -0.000197983 0.000263728 -0.0114101 0.0701471 0.000278385 -0.000727505 -0.000197983 0.000278385 0.0137299 -0.0229519 0.000263728 -0.000727505 -0.0229519 0.102008 
0.00488594 -0.0113249 -0.000144193 0.000218199 -0.0113249 0.0698907 0.000224385 -0.000611732 -0.000144193 0.000224385 0.0137286 -0.0230175 0.000218199 -0.000611732 -0.0230175 0.102179 
0.00491709 -0.0113146 -0.000131754 0.000165821 -0.0113146 0.0697324 0.000160283 -0.000476935 -0.000131754 0.000160283 0.0136948 -0.0230125 0.000165821 -0.000476935 -0.0230125 0.102223 
0.00493147 -0.0113544 -8.90417e-05 0.000142916 -0.0113544 0.0697309 0.000134278 -0.000365126 -8.90417e-05 0.000134278 0.0136871 -0.02296 0.000142916 -0.000365126 -0.02296 0.102127 
0.00497453 -0.0113969 -2.34907e-05 7.70775e-05 -0.0113969 0.0698858 6.46942e-05 -0.000204528 -2.34907e-05 6.46942e-05 0.0136827 -0.0229752 7.70775e-05 -0.000204528 -0.0229752 0.102178 
0.00494792 -0.0114551 -1.20922e-06 2.56717e-06 -0.0114551 0.0700198 -1.6977e-05 -1.87292e-05 -1.20922e-06 -1.6977e-05 0.0137102 -0.0229521 2.56717e-06 -1.87292e-05 -0.0229521 0.102119 
0.00489789 -0.0114402 2.07205e-05 -2.58394e-05 -0.0114402 0.0701038 -4.3966e-05 0.000105762 2.07205e-05 -4.3966e-05 0.0137619 -0.022994 -2.58394e-05 0.000105762 -0.022994 0.102184 
0.00489429 -0.011367 4.08382e-05 -5.9723e-05 -0.011367 0.0699691 -7.15355e-05 0.000199838 4.08382e-05 -7.15355e-05 0.0137513 -0.0230449 -5.9723e-05 0.000199838 -0.0230449 0.102252 
0.00489591 -0.0113486 -8.40378e-06 -4.84801e-05 -0.0113486 0.0698436 -5.5509e-05 0.000165955 -8.40378e-06 -5.5509e-05 0.0137376 -0.0230334 -4.84801e-05 0.000165955 -0.0230334 0.102259 
0.00489218 -0.0113649 3.44093e-06 -4.33031e-05 -0.0113649 0.0698898 -3.74582e-05 0.00019122 3.44093e-06 -3.74582e-05 0.0137507 -0.0230448 -4.33031e-05 0.00019122 -0.0230448 0.102348 
0.004895 -0.0113541 5.89516e-05 -2.38522e-05 -0.0113541 0.0698536 -9.50615e-06 0.000106793 5.89516e-05 -9.50615e-06 0.0137419 -0.0230354 -2.38522e-05 0.000106793 -0.0230354 0.102304 
0.00488897 -0.0113573 9.82526e-05 -4.80665e-05 -0.0113573 0.0698514 -4.51915e-05 7.08122e-05 9.82526e-05 -4.51915e-05 0.0137568 -0.0230313 -4.80665e-05 7.08122e-05 -0.0230313 0.102298 
0.00486212 -0.0113498 7.48089e-05 -8.60224e-05 -0.0113498 0.0698335 -0.000100268 0.000140508 7.48089e-05 -0.000100268 0.0137808 -0.0230458 -8.60224e-05 0.000140508 -0.0230458 0.102307 
0.0048475 -0.0113167 7.1983e-05 -7.67543e-05 -0.0113167 0.0697684 -9.09326e-05 0.000184886 7.1983e-05 -9.09326e-05 0.0138008 -0.0230755 -7.67543e-05 0.000184886 -0.0230755 0.102354 
0.00488946 -0.0113108 9.17553e-05 -0.000109539 -0.0113108 0.0697865 -0.000117421 0.000277115 9.17553e-05 -0.000117421 0.0138026 -0.023131 -0.000109539 0.000277115 -0.023131 0.102546 
0.00488919 -0.0113586 7.42684e-05 -0.000121822 -0.0113586 0.0698315 -0.00012501 0.000311985 7.42684e-05 -0.00012501 0.0138051 -0.0231132 -0.000121822 0.000311985 -0.0231132 0.102542 
0.00486117 -0.0113759 4.65176e-05 -8.61654e-05 -0.0113759 0.0699206 -8.27813e-05 0.000245563 4.65176e-05 -8.27813e-05 0.0138254 -0.0231187 -8.61654e-05 0.000245563 -0.0231187 0.102546 
0.00484986 -0.0113529 2.83509e-05 -4.91557e-05 -0.0113529 0.069968 -3.8084e-05 0.000139061 2.83509e-05 -3.8084e-05 0.013849 -0.0231621 -4.91557e-05 0.000139061 -0.0231621 0.102667 
0.0048228 -0.0113232 2.46233e-05 -2.39479e-05 -0.0113232 0.0698752 -1.09212e-05 4.75098e-05 2.46233e-05 -1.09212e-05 0.0138593 -0.0231686 -2.39479e-05 4.75098e-05 -0.0231686 0.10267 
0.00479044 -0.0112803 3.85096e-05 -2.25966e-05 -0.0112803 0.0697388 -1.28797e-05 1.79637e-05 3.85096e-05 -1.28797e-05 0.0138703 -0.023173 -2.25966e-05 1.79637e-05 -0.023173 0.102646 
0.00480281 -0.0112553 2.08892e-05 -2.25115e-05 -0.0112553 0.069732 -1.99045e-05 -1.95985e-07 2.08892e-05 -1.99045e-05 0.0138989 -0.023235 -2.25115e-05 -1.95985e-07 -0.023235 0.102866 
0.00483083 -0.0112475 2.5916e-05 -1.12202e-05 -0.0112475 0.0696168 -9.59022e-06 -6.83255e-06 2.5916e-05 -9.59022e-06 0.0138706 -0.0232268 -1.12202e-05 -6.83255e-06 -0.0232268 0.102823 
0.0048442 -0.0112967 2.55857e-05 7.21865e-06 -0.0112967 0.0696874 8.22566e-06 -7.29026e-05 2.55857e-05 8.22566e-06 0.013866 -0.0232073 7.21865e-06 -7.29026e-05 -0.0232073 0.102813 
0.00482764 -0.0113373 8.3923e-05 -4.37567e-05 -0.0113373 0.0698568 -4.71204e-05 5.04379e-05 8.3923e-05 -4.71204e-05 0.0138963 -0.02322 -4.37567e-05 5.04379e-05 -0.02322 0.102876 
0.00478212 -0.0113066 0.000160562 -0.000136255 -0.0113066 0.0698124 -0.000147635 0.000286646 0.000160562 -0.000147635 0.0139121 -0.0232199 -0.000136255 0.000286646 -0.0232199 0.102798 
0.00467177 -0.0112489 0.000221077 -0.000208354 -0.0112489 0.0697119 -0.000229023 0.000486424 0.000221077 -0.000229023 0.0140037 -0.0232549 -0.000208354 0.000486424 -0.0232549 0.10286 
0.00458915 -0.0111172 0.000335599 -0.000331815 -0.0111172 0.0695114 -0.000358295 0.000831054 0.000335599 -0.000358295 0.0140993 -0.0233997 -0.000331815 0.000831054 -0.0233997 0.1032 
0.0045884 -0.0109812 0.000358971 -0.000444942 -0.0109812 0.0691107 -0.000478985 0.00112224 0.000358971 -0.000478985 0.0141013 -0.0235009 -0.000444942 0.00112224 -0.0235009 0.10345 
0.00461942 -0.0109734 0.000367103 -0.000449386 -0.0109734 0.0689433 -0.000477035 0.0012134 0.000367103 -0.000477035 0.01409 -0.023531 -0.000449386 0.0012134 -0.023531 0.103664 
0.00463955 -0.0110137 0.000339534 -0.000439163 -0.0110137 0.0689407 -0.000455369 0.00117597 0.000339534 -0.000455369 0.01407 -0.0235003 -0.000439163 0.00117597 -0.0235003 0.103647 
0.00463272 -0.0110519 0.000323777 -0.000375722 -0.0110519 0.06904 -0.000380409 0.00100604 0.000323777 -0.000380409 0.0140711 -0.0234789 -0.000375722 0.00100604 -0.0234789 0.103611 
0.00456006 -0.0110381 0.000301399 -0.000367136 -0.0110381 0.0690213 -0.000367703 0.000922718 0.000301399 -0.000367703 0.0141105 -0.0234529 -0.000367136 0.000922718 -0.0234529 0.10348 
0.00456919 -0.0109553 0.000185296 -0.000287348 -0.0109553 0.0689471 -0.00028669 0.000704808 0.000185296 -0.00028669 0.0141308 -0.0235439 -0.000287348 0.000704808 -0.0235439 0.103682 
0.0046088 -0.01095 0.000164223 -0.000224371 -0.01095 0.0688387 -0.000210277 0.000598232 0.000164223 -0.000210277 0.014107 -0.0235533 -0.000224371 0.000598232 -0.0235533 0.103751 
0.00466937 -0.0110083 0.000144729 -0.000189454 -0.0110083 0.0689108 -0.000168925 0.000469342 0.000144729 -0.000168925 0.0140716 -0.0235268 -0.000189454 0.000469342 -0.0235268 0.103739 
0.00472066 -0.0110946 0.000153995 -0.000186328 -0.0110946 0.0690826 -0.000168025 0.000449161 0.000153995 -0.000168025 0.0140311 -0.0234638 -0.000186328 0.000449161 -0.0234638 0.103579 
0.00477547 -0.0111922 0.000151529 -0.000204184 -0.0111922 0.0693993 -0.000192327 0.000492532 0.000151529 -0.000192327 0.0140128 -0.0234375 -0.000204184 0.000492532 -0.0234375 0.103535 
0.0047455 -0.0112705 0.000150067 -0.000162452 -0.0112705 0.0696479 -0.000154417 0.000407803 0.000150067 -0.000154417 0.0140229 -0.0233966 -0.000162452 0.000407803 -0.0233966 0.103408 
0.00472383 -0.0112446 0.000140327 -0.000198973 -0.0112446 0.0697269 -0.000195542 0.000476198 0.000140327 -0.000195542 0.0140246 -0.0234036 -0.000198973 0.000476198 -0.0234036 0.103357 
0.00465839 -0.0112119 7.41177e-05 -0.000154107 -0.0112119 0.0697121 -0.000149439 0.000400624 7.41177e-05 -0.000149439 0.014077 -0.0234281 -0.000154107 0.000400624 -0.0234281 0.103439 
0.00460835 -0.0111081 5.61857e-05 -7.86812e-05 -0.0111081 0.0694745 -6.32275e-05 0.000235868 5.61857e-05 -6.32275e-05 0.0140985 -0.0234691 -7.86812e-05 0.000235868 -0.0234691 0.10347 
0.00456669 -0.0110296 8.06213e-05 -6.87991e-05 -0.0110296 0.0692378 -5.07106e-05 0.000153941 8.06213e-05 -5.07106e-05 0.0141298 -0.0235147 -6.87991e-05 0.000153941 -0.0235147 0.103605 
0.00455621 -0.0109714 0.000179469 -0.00017882 -0.0109714 0.0690557 -0.000169451 0.000409924 0.000179469 -0.000169451 0.0141596 -0.0235662 -0.00017882 0.000409924 -0.0235662 0.103774 
0.00451945 -0.0109499 0.000237715 -0.000271217 -0.0109499 0.068927 -0.000275958 0.000653471 0.000237715 -0.000275958 0.0142155 -0.0235994 -0.000271217 0.000653471 -0.0235994 0.103883 
0.00451975 -0.0109068 0.000313184 -0.000340164 -0.0109068 0.0688047 -0.00035256 0.000871378 0.000313184 -0.00035256 0.0142262 -0.0236615 -0.000340164 0.000871378 -0.0236615 0.104004 
0.00450325 -0.0109 0.000357335 -0.000383808 -0.0109 0.0687112 -0.000401916 0.000968605 0.000357335 -0.000401916 0.0142324 -0.0236679 -0.000383808 0.000968605 -0.0236679 0.104038 
0.00449931 -0.010897 0.000431648 -0.000458926 -0.010897 0.0687308 -0.000480974 0.00115452 0.000431648 -0.000480974 0.0142365 -0.023697 -0.000458926 0.00115452 -0.023697 0.104147 
0.0045783 -0.0108808 0.000460997 -0.00053222 -0.0108808 0.0686634 -0.000558854 0.00132717 0.000460997 -0.000558854 0.0141455 -0.0236776 -0.00053222 0.00132717 -0.0236776 0.104092 
0.00470804 -0.0109845 0.000495542 -0.000562671 -0.0109845 0.0688326 -0.000586996 0.00143656 0.000495542 -0.000586996 0.0140506 -0.0235901 -0.000562671 0.00143656 -0.0235901 0.103994 
0.00476809 -0.0111581 0.000515304 -0.000579166 -0.0111581 0.0691946 -0.000599679 0.00146216 0.000515304 -0.000599679 0.0140005 -0.0234555 -0.000579166 0.00146216 -0.0234555 0.103698 
0.00473624 -0.0112525 0.000486803 -0.000584719 -0.0112525 0.0695289 -0.000603855 0.0014552 0.000486803 -0.000603855 0.0140232 -0.0233768 -0.000584719 0.0014552 -0.0233768 0.103414 
0.0046868 -0.0112312 0.000484521 -0.000615367 -0.0112312 0.0696732 -0.000627361 0.00156909 0.000484521 -0.000627361 0.0140805 -0.0234118 -0.000615367 0.00156909 -0.0234118 0.103387 
0.00465765 -0.0111519 0.000470308 -0.000592295 -0.0111519 0.0695365 -0.000591417 0.0015326 0.000470308 -0.000591417 0.0140974 -0.0234776 -0.000592295 0.0015326 -0.0234776 0.103468 
0.00468122 -0.0111147 0.000549347 -0.0006316 -0.0111147 0.0694185 -0.000623404 0.00163111 0.000549347 -0.000623404 0.0140804 -0.0235131 -0.0006316 0.00163111 -0.0235131 0.103598 
0.00472232 -0.0111349 0.000590104 -0.000687498 -0.0111349 0.0693814 -0.000686269 0.00171689 0.000590104 -0.000686269 0.0140441 -0.0234897 -0.000687498 0.00171689 -0.0234897 0.103598 
0.00478322 -0.011191 0.000624094 -0.000728813 -0.011191 0.0694766 -0.000737567 0.00182962 0.000624094 -0.000737567 0.0139921 -0.0234449 -0.000728813 0.00182962 -0.0234449 0.103519 
0.00480505 -0.0112746 0.000570819 -0.000687182 -0.0112746 0.0696934 -0.00070038 0.00171598 0.000570819 -0.00070038 0.0139772 -0.0234001 -0.000687182 0.00171598 -0.0234001 0.103471 
0.00482059 -0.0113093 0.000558432 -0.000654039 -0.0113093 0.0698417 -0.000661498 0.00164437 0.000558432 -0.000661498 0.0139607 -0.0233611 -0.000654039 0.00164437 -0.0233611 0.103346 
0.00479305 -0.0113207 0.000529725 -0.000666128 -0.0113207 0.0698688 -0.000668158 0.00165087 0.000529725 -0.000668158 0.0139667 -0.0233143 -0.000666128 0.00165087 -0.0233143 0.103157 
0.00478616 -0.0112898 0.0005252 -0.00064027 -0.0112898 0.0698453 -0.000635363 0.00162108 0.0005252 -0.000635363 0.0139646 -0.0233333 -0.00064027 0.00162108 -0.0233333 0.103139 
0.00477477 -0.0112873 0.000550711 -0.000639475 -0.0112873 0.0698684 -0.000629837 0.00159927 0.000550711 -0.000629837 0.0139836 -0.0233599 -0.000639475 0.00159927 -0.0233599 0.103262 
0.00476376 -0.0112488 0.000517083 -0.000623521 -0.0112488 0.0697429 -0.000619273 0.00151913 0.000517083 -0.000619273 0.0139681 -0.0233523 -0.000623521 0.00151913 -0.0233523 0.103213 
0.00477016 -0.0112332 0.000505335 -0.000599922 -0.0112332 0.0696796 -0.000598016 0.00148309 0.000505335 -0.000598016 0.0139625 -0.0233472 -0.000599922 0.00148309 -0.0233472 0.103218 
0.00477011 -0.011241 0.000508713 -0.000583486 -0.011241 0.0696762 -0.000580331 0.00143345 0.000508713 -0.000580331 0.0139648 -0.0233458 -0.000583486 0.00143345 -0.0233458 0.103236 
0.00479608 -0.0112399 0.000525325 -0.000624594 -0.0112399 0.0696674 -0.00062438 0.00152604 0.000525325 -0.00062438 0.0139441 -0.0233373 -0.000624594 0.00152604 -0.0233373 0.103206 
0.00480071 -0.0112696 0.000503211 -0.000623593 -0.0112696 0.0697055 -0.000626898 0.00154791 0.000503211 -0.000626898 0.0139416 -0.0233141 -0.000623593 0.00154791 -0.0233141 0.103165 
0.00479258 -0.0112769 0.000453465 -0.000566131 -0.0112769 0.0697373 -0.000565146 0.00142304 0.000453465 -0.000565146 0.0139382 -0.0233087 -0.000566131 0.00142304 -0.0233087 0.103133 
0.00477352 -0.0112614 0.000410656 -0.000515545 -0.0112614 0.0697005 -0.000507866 0.00129216 0.000410656 -0.000507866 0.0139394 -0.023291 -0.000515545 0.00129216 -0.023291 0.103059 
0.00480496 -0.0112281 0.000358284 -0.000445952 -0.0112281 0.0696118 -0.000432404 0.00109858 0.000358284 -0.000432404 0.0138988 -0.0232912 -0.000445952 0.00109858 -0.0232912 0.103018 
0.00480883 -0.0112745 0.000376923 -0.000430393 -0.0112745 0.0696756 -0.000413774 0.00105041 0.000376923 -0.000413774 0.0139073 -0.0232578 -0.000430393 0.00105041 -0.0232578 0.103002 
0.00479257 -0.0112865 0.000405146 -0.00045353 -0.0112865 0.0697408 -0.000444035 0.00107867 0.000405146 -0.000444035 0.0139267 -0.0232602 -0.00045353 0.00107867 -0.0232602 0.102975 
0.00476442 -0.0112634 0.00042278 -0.00049341 -0.0112634 0.0697091 -0.000493979 0.00118348 0.00042278 -0.000493979 0.0139461 -0.0232741 -0.00049341 0.00118348 -0.0232741 0.102966 
0.00467409 -0.0112137 0.000321318 -0.000440565 -0.0112137 0.069584 -0.000446813 0.00106525 0.000321318 -0.000446813 0.0140181 -0.0233001 -0.000440565 0.00106525 -0.0233001 0.102999 
0.00464216 -0.0111086 0.000275513 -0.000389919 -0.0111086 0.0693956 -0.000384938 0.00101143 0.000275513 -0.000384938 0.0140531 -0.0234039 -0.000389919 0.00101143 -0.0234039 0.103215 
0.00470371 -0.0110645 0.000303597 -0.000361992 -0.0110645 0.0692564 -0.0003418 0.000945154 0.000303597 -0.0003418 0.0140156 -0.0234715 -0.000361992 0.000945154 -0.0234715 0.103478 
0.00474619 -0.0111316 0.000319402 -0.000346216 -0.0111316 0.0692828 -0.000328098 0.000832346 0.000319402 -0.000328098 0.0139656 -0.0234154 -0.000346216 0.000832346 -0.0234154 0.103469 
0.00480311 -0.0111935 0.000361584 -0.000368667 -0.0111935 0.0694187 -0.000363616 0.000853716 0.000361584 -0.000363616 0.0139043 -0.023336 -0.000368667 0.000853716 -0.023336 0.103287 
0.00482238 -0.0112657 0.000345525 -0.000379367 -0.0112657 0.069587 -0.000388724 0.000856511 0.000345525 -0.000388724 0.013868 -0.0232542 -0.000379367 0.000856511 -0.0232542 0.103069 
0.00478906 -0.0112895 0.000373196 -0.000426724 -0.0112895 0.0696736 -0.000441022 0.00102469 0.000373196 -0.000441022 0.0138715 -0.0231848 -0.000426724 0.00102469 -0.0231848 0.102817 
0.00480692 -0.0112572 0.000404732 -0.000493598 -0.0112572 0.0697092 -0.000505545 0.00123219 0.000404732 -0.000505545 0.0138706 -0.0232157 -0.000493598 0.00123219 -0.0232157 0.102845 
0.00483689 -0.0112556 0.00038599 -0.000499743 -0.0112556 0.0696448 -0.000506398 0.00127812 0.00038599 -0.000506398 0.0138369 -0.0232031 -0.000499743 0.00127812 -0.0232031 0.102811 
0.00486322 -0.0112938 0.000398454 -0.000507471 -0.0112938 0.0696791 -0.000505797 0.0013308 0.000398454 -0.000505797 0.0138185 -0.0231579 -0.000507471 0.0013308 -0.0231579 0.102718 
0.00487784 -0.011322 0.000406114 -0.000476867 -0.011322 0.0697164 -0.000470189 0.00123318 0.000406114 -0.000470189 0.0138012 -0.023119 -0.000476867 0.00123318 -0.023119 0.102569 
0.00491463 -0.0113679 0.000416025 -0.000493722 -0.0113679 0.0699072 -0.000490225 0.00123137 0.000416025 -0.000490225 0.0137933 -0.0231418 -0.000493722 0.00123137 -0.0231418 0.102668 
0.00493996 -0.0114014 0.000399363 -0.00047465 -0.0114014 0.0699707 -0.000474562 0.00117297 0.000399363 -0.000474562 0.0137475 -0.0230972 -0.00047465 0.00117297 -0.0230972 0.102548 
0.00498013 -0.011433 0.000429004 -0.000485218 -0.011433 0.0700368 -0.000484992 0.00120045 0.000429004 -0.000484992 0.0136861 -0.0230287 -0.000485218 0.00120045 -0.0230287 0.102359 
0.00506036 -0.0114903 0.000438109 -0.000521192 -0.0114903 0.0701841 -0.000524733 0.00127088 0.000438109 -0.000524733 0.0136169 -0.022966 -0.000521192 0.00127088 -0.022966 0.102218 
0.00514018 -0.0115938 0.000485236 -0.000538031 -0.0115938 0.0704166 -0.00054135 0.00133857 0.000485236 -0.00054135 0.0135668 -0.0228764 -0.000538031 0.00133857 -0.0228764 0.102019 
0.00518374 -0.0117155 0.000523108 -0.000618334 -0.0117155 0.0707505 -0.000627474 0.00152081 0.000523108 -0.000627474 0.0135445 -0.0228154 -0.000618334 0.00152081 -0.0228154 0.101853 
