0.0101715 0 0.000470961 0 0 0.00998455 0 0 0.000470961 0 0.00329343 0 0 0 0 0.00998455 
0.014308 -0.0177076 0.000803754 -0.000995181 -0.0177076 0.0431158 -0.000995181 0.00190873 0.000803754 -0.000995181 0.0047583 -0.00594436 -0.000995181 0.00190873 -0.00594436 0.0205618 
0.0138838 -0.0252435 0.00066588 -0.00134572 -0.0252435 0.0896882 -0.00134572 0.0043281 0.00066588 -0.00134572 0.00510575 -0.0100027 -0.00134572 0.0043281 -0.0100027 0.0410774 
0.0128853 -0.0232192 0.000482629 -0.000951918 -0.0232192 0.0998764 -0.000978921 0.00402981 0.000482629 -0.000978921 0.00505049 -0.0114138 -0.000951918 0.00402981 -0.0114138 0.0561659 
0.0129465 -0.0220571 0.00024701 -0.000533491 -0.0220571 0.0995417 -0.000582127 0.00258738 0.00024701 -0.000582127 0.00507686 -0.011853 -0.000533491 0.00258738 -0.011853 0.0653113 
0.0132822 -0.02218 0.000159936 -0.000338042 -0.02218 0.0997611 -0.000393422 0.00177031 0.000159936 -0.000393422 0.00510587 -0.0119363 -0.000338042 0.00177031 -0.0119363 0.0696539 
0.0134632 -0.0225075 0.000187379 -0.000314315 -0.0225075 0.100495 -0.000366396 0.00146023 0.000187379 -0.000366396 0.00512615 -0.0118435 -0.000314315 0.00146023 -0.0118435 0.0709885 
0.013568 -0.0226926 0.00027101 -0.000413118 -0.0226926 0.101152 -0.000450675 0.00155138 0.00027101 -0.000450675 0.0051009 -0.0117737 -0.000413118 0.00155138 -0.0117737 0.0712306 
0.0135794 -0.0227593 0.000351053 -0.000513101 -0.0227593 0.101355 -0.000532932 0.00173553 0.000351053 -0.000532932 0.00509642 -0.0116651 -0.000513101 0.00173553 -0.0116651 0.0709569 
0.0136002 -0.0227764 0.000413853 -0.000604127 -0.0227764 0.101436 -0.00060687 0.00193311 0.000413853 -0.00060687 0.00507773 -0.011633 -0.000604127 0.00193311 -0.011633 0.0707283 
0.0136029 -0.0228185 0.000509892 -0.000713771 -0.0228185 0.10157 -0.000702625 0.00221091 0.000509892 -0.000702625 0.00509429 -0.0116283 -0.000713771 0.00221091 -0.0116283 0.0706853 
0.0135619 -0.0228074 0.000573288 -0.000836848 -0.0228074 0.101566 -0.000810896 0.00250093 0.000573288 -0.000810896 0.00513153 -0.0116491 -0.000836848 0.00250093 -0.0116491 0.0706774 
0.0135136 -0.0227798 0.000593037 -0.000887781 -0.0227798 0.101568 -0.000853887 0.00265704 0.000593037 -0.000853887 0.00519568 -0.0117078 -0.000887781 0.00265704 -0.0117078 0.0708205 
0.0135217 -0.0226926 0.000604849 -0.000916686 -0.0226926 0.101362 -0.000881608 0.00276285 0.000604849 -0.000881608 0.00518265 -0.0117912 -0.000916686 0.00276285 -0.0117912 0.070996 
0.0135589 -0.0227366 0.00061432 -0.000910428 -0.0227366 0.101434 -0.000885157 0.00277634 0.00061432 -0.000885157 0.00517765 -0.011804 -0.000910428 0.00277634 -0.011804 0.071197 
0.0135563 -0.0227358 0.000625048 -0.000966154 -0.0227358 0.101364 -0.000950955 0.00293274 0.000625048 -0.000950955 0.00516203 -0.0117896 -0.000966154 0.00293274 -0.0117896 0.0711721 
0.0135628 -0.0227586 0.000648467 -0.000969362 -0.0227586 0.101434 -0.000966061 0.00300741 0.000648467 -0.000966061 0.00515747 -0.0117761 -0.000969362 0.00300741 -0.0117761 0.0711704 
0.0135219 -0.0227732 0.000645056 -0.000962709 -0.0227732 0.101493 -0.000966181 0.00298145 0.000645056 -0.000966181 0.00521234 -0.01176 -0.000962709 0.00298145 -0.01176 0.0711303 
0.0134985 -0.022717 0.000632905 -0.00093571 -0.022717 0.101398 -0.000937835 0.00290096 0.000632905 -0.000937835 0.00523208 -0.0118177 -0.00093571 0.00290096 -0.0118177 0.0711688 
0.0134885 -0.0226759 0.000680339 -0.000965309 -0.0226759 0.101275 -0.000966351 0.00296447 0.000680339 -0.000966351 0.00522073 -0.0118685 -0.000965309 0.00296447 -0.0118685 0.0713166 
0.0135062 -0.0226918 0.00069885 -0.000993912 -0.0226918 0.101324 -0.000989124 0.0029901 0.00069885 -0.000989124 0.00521459 -0.0118618 -0.000993912 0.0029901 -0.0118618 0.0714221 
0.0135202 -0.0226765 0.000755521 -0.00107352 -0.0226765 0.10124 -0.00106566 0.00319518 0.000755521 -0.00106566 0.00517397 -0.0118464 -0.00107352 0.00319518 -0.0118464 0.071377 
0.0135301 -0.0227189 0.000776865 -0.00111232 -0.0227189 0.101331 -0.00110363 0.00330119 0.000776865 -0.00110363 0.00516129 -0.0117887 -0.00111232 0.00330119 -0.0117887 0.0712854 
0.0135311 -0.0227535 0.00074736 -0.00109173 -0.0227535 0.101467 -0.00108602 0.00325564 0.00074736 -0.00108602 0.0051636 -0.0117525 -0.00109173 0.00325564 -0.0117525 0.0711678 
0.0135065 -0.0227125 0.00077984 -0.00107105 -0.0227125 0.101347 -0.00107006 0.00322592 0.00077984 -0.00107006 0.00516383 -0.011737 -0.00107105 0.00322592 -0.011737 0.0710123 
0.013477 -0.0227113 0.000809395 -0.001135 -0.0227113 0.101384 -0.00113015 0.00333108 0.000809395 -0.00113015 0.00520328 -0.0117591 -0.001135 0.00333108 -0.0117591 0.0710731 
0.0134708 -0.0226576 0.000804869 -0.00113509 -0.0226576 0.101254 -0.00112282 0.00332904 0.000804869 -0.00112282 0.00520034 -0.0117874 -0.00113509 0.00332904 -0.0117874 0.0710795 
0.0134939 -0.0226486 0.000798279 -0.00113902 -0.0226486 0.101186 -0.00112703 0.00334318 0.000798279 -0.00112703 0.0051676 -0.0117927 -0.00113902 0.00334318 -0.0117927 0.0711148 
0.0135281 -0.0227022 0.000743279 -0.00108096 -0.0227022 0.101293 -0.00107492 0.00320523 0.000743279 -0.00107492 0.00515828 -0.0117453 -0.00108096 0.00320523 -0.0117453 0.0710628 
0.0135854 -0.0227508 0.000686441 -0.0010196 -0.0227508 0.10144 -0.00102426 0.00307295 0.000686441 -0.00102426 0.00513446 -0.0117344 -0.0010196 0.00307295 -0.0117344 0.0710224 
0.0136123 -0.0227929 0.000687984 -0.000981994 -0.0227929 0.101495 -0.000998738 0.0030137 0.000687984 -0.000998738 0.00511227 -0.0117107 -0.000981994 0.0030137 -0.0117107 0.0709473 
0.0136347 -0.022821 0.000734705 -0.00103379 -0.022821 0.101564 -0.00105291 0.00313211 0.000734705 -0.00105291 0.00507476 -0.0117014 -0.00103379 0.00313211 -0.0117014 0.0709212 
0.0136693 -0.0228887 0.000750735 -0.00106101 -0.0228887 0.101786 -0.00107463 0.00318741 0.000750735 -0.00107463 0.00505305 -0.0116614 -0.00106101 0.00318741 -0.0116614 0.0709076 
0.0136451 -0.0229204 0.000764377 -0.00103985 -0.0229204 0.101875 -0.00104852 0.00312141 0.000764377 -0.00104852 0.00507374 -0.0116098 -0.00103985 0.00312141 -0.0116098 0.0707482 
0.0136415 -0.022887 0.000785656 -0.00107812 -0.022887 0.10185 -0.00107503 0.00315947 0.000785656 -0.00107503 0.00507189 -0.0116342 -0.00107812 0.00315947 -0.0116342 0.070714 
0.0136683 -0.0228846 0.000872863 -0.00115855 -0.0228846 0.101855 -0.00114727 0.00336233 0.000872863 -0.00114727 0.00504135 -0.0116598 -0.00115855 0.00336233 -0.0116598 0.0708137 
0.0136606 -0.0229014 0.000962093 -0.00128744 -0.0229014 0.101855 -0.00126675 0.00366015 0.000962093 -0.00126675 0.00504111 -0.0116225 -0.00128744 0.00366015 -0.0116225 0.070786 
0.0136287 -0.0228794 0.0010298 -0.00142839 -0.0228794 0.1018 -0.00139959 0.00403607 0.0010298 -0.00139959 0.00506172 -0.0116136 -0.00142839 0.00403607 -0.0116136 0.0707211 
0.0136304 -0.0228569 0.00109137 -0.001482 -0.0228569 0.101771 -0.00145308 0.00423805 0.00109137 -0.00145308 0.00505029 -0.0116301 -0.001482 0.00423805 -0.0116301 0.0707253 
0.0136609 -0.0228791 0.0011146 -0.00151019 -0.0228791 0.101827 -0.00148329 0.00429415 0.0011146 -0.00148329 0.0050256 -0.0116097 -0.00151019 0.00429415 -0.0116097 0.0707122 
0.0136617 -0.0229009 0.00111354 -0.00153493 -0.0229009 0.101846 -0.0015115 0.00435492 0.00111354 -0.0015115 0.00502445 -0.011565 -0.00153493 0.00435492 -0.011565 0.0705893 
0.0137008 -0.0229424 0.00105879 -0.0014727 -0.0229424 0.101995 -0.00145716 0.00421665 0.00105879 -0.00145716 0.00499982 -0.0115522 -0.0014727 0.00421665 -0.0115522 0.0705223 
0.0137335 -0.0229908 0.000965796 -0.0014013 -0.0229908 0.102137 -0.00139625 0.00405198 0.000965796 -0.00139625 0.00497625 -0.0115292 -0.0014013 0.00405198 -0.0115292 0.0704828 
0.0137109 -0.0230104 0.000909595 -0.00129294 -0.0230104 0.102172 -0.00130594 0.00384587 0.000909595 -0.00130594 0.00500843 -0.0114987 -0.00129294 0.00384587 -0.0114987 0.0703888 
0.0137221 -0.023009 0.000874764 -0.00122378 -0.023009 0.102262 -0.00124562 0.00365908 0.000874764 -0.00124562 0.00502719 -0.0115563 -0.00122378 0.00365908 -0.0115563 0.0705026 
0.0137103 -0.0229805 0.000822776 -0.00118423 -0.0229805 0.102134 -0.00120338 0.0035246 0.000822776 -0.00120338 0.00503537 -0.0115788 -0.00118423 0.0035246 -0.0115788 0.0705408 
0.0137183 -0.0229747 0.000743171 -0.00111369 -0.0229747 0.102091 -0.00113243 0.00335997 0.000743171 -0.00113243 0.00502552 -0.011598 -0.00111369 0.00335997 -0.011598 0.0706044 
0.0137531 -0.0229989 0.000701681 -0.00103302 -0.0229989 0.102156 -0.00105877 0.003199 0.000701681 -0.00105877 0.0049949 -0.0116059 -0.00103302 0.003199 -0.0116059 0.0706987 
0.0137752 -0.0230381 0.000666088 -0.000950926 -0.0230381 0.102227 -0.000981475 0.00296818 0.000666088 -0.000981475 0.00498019 -0.0115593 -0.000950926 0.00296818 -0.0115593 0.0706362 
0.0137756 -0.0230514 0.000694014 -0.000969454 -0.0230514 0.102257 -0.00099552 0.00297639 0.000694014 -0.00099552 0.00496831 -0.0115442 -0.000969454 0.00297639 -0.0115442 0.0705709 
0.0137759 -0.0230776 0.000697667 -0.000994764 -0.0230776 0.102372 -0.00100984 0.00300144 0.000697667 -0.00100984 0.00496371 -0.0115346 -0.000994764 0.00300144 -0.0115346 0.0705715 
0.0137848 -0.0230669 0.000681824 -0.00100586 -0.0230669 0.102378 -0.00101101 0.00303033 0.000681824 -0.00101101 0.00493698 -0.0115203 -0.00100586 0.00303033 -0.0115203 0.0705286 
0.0137328 -0.0230572 0.000668834 -0.000987948 -0.0230572 0.102305 -0.000993212 0.0030156 0.000668834 -0.000993212 0.00496142 -0.0114709 -0.000987948 0.0030156 -0.0114709 0.070385 
0.0137198 -0.0230173 0.000593678 -0.00091597 -0.0230173 0.102257 -0.000920383 0.00282395 0.000593678 -0.000920383 0.00498482 -0.0114819 -0.00091597 0.00282395 -0.0114819 0.070324 
0.013714 -0.0230172 0.000600864 -0.000849416 -0.0230172 0.1023 -0.000857708 0.00267729 0.000600864 -0.000857708 0.00502472 -0.0115326 -0.000849416 0.00267729 -0.0115326 0.0704593 
0.0136815 -0.0229708 0.000609122 -0.000882591 -0.0229708 0.102155 -0.000886068 0.00268592 0.000609122 -0.000886068 0.00505576 -0.0115806 -0.000882591 0.00268592 -0.0115806 0.0705481 
0.0135879 -0.0229066 0.000590852 -0.000938784 -0.0229066 0.101944 -0.000933419 0.00283664 0.000590852 -0.000933419 0.00514138 -0.0116268 -0.000938784 0.00283664 -0.0116268 0.0706451 
0.0135514 -0.0228445 0.000503182 -0.000832629 -0.0228445 0.101877 -0.00082975 0.00263979 0.000503182 -0.00082975 0.005208 -0.011739 -0.000832629 0.00263979 -0.011739 0.070922 
0.0134884 -0.0227742 0.00042172 -0.000705814 -0.0227742 0.101675 -0.000712836 0.00233843 0.00042172 -0.000712836 0.00528764 -0.0118301 -0.000705814 0.00233843 -0.0118301 0.0711806 
0.0134946 -0.0226973 0.00035796 -0.000568245 -0.0226973 0.101467 -0.000581763 0.00195943 0.00035796 -0.000581763 0.00530272 -0.0119363 -0.000568245 0.00195943 -0.0119363 0.0714573 
0.0135068 -0.0226725 0.000351857 -0.000564275 -0.0226725 0.101283 -0.000576499 0.00188961 0.000351857 -0.000576499 0.00530371 -0.0119802 -0.000564275 0.00188961 -0.0119802 0.071659 
0.013563 -0.0227007 0.000423053 -0.00060689 -0.0227007 0.101308 -0.000617202 0.00199841 0.000423053 -0.000617202 0.00525767 -0.0120045 -0.00060689 0.00199841 -0.0120045 0.0718223 
0.0136632 -0.0227834 0.000517082 -0.000713399 -0.0227834 0.101491 -0.000714075 0.00222426 0.000517082 -0.000714075 0.00516603 -0.0119591 -0.000713399 0.00222426 -0.0119591 0.0718484 
0.0137025 -0.022916 0.000530168 -0.000804223 -0.022916 0.101785 -0.000794401 0.00242479 0.000530168 -0.000794401 0.00512094 -0.0118312 -0.000804223 0.00242479 -0.0118312 0.0716239 
0.0137082 -0.0229603 0.000479223 -0.000757986 -0.0229603 0.101924 -0.000747687 0.00236222 0.000479223 -0.000747687 0.00511124 -0.0117338 -0.000757986 0.00236222 -0.0117338 0.0712587 
0.0136971 -0.0229777 0.000495999 -0.000751817 -0.0229777 0.102044 -0.000749106 0.00239241 0.000495999 -0.000749106 0.00513411 -0.0117392 -0.000751817 0.00239241 -0.0117392 0.071173 
0.0136891 -0.0229547 0.000565746 -0.000813985 -0.0229547 0.102045 -0.000811092 0.00254685 0.000565746 -0.000811092 0.00513876 -0.0117862 -0.000813985 0.00254685 -0.0117862 0.0712551 
0.013713 -0.0229453 0.000541206 -0.00084472 -0.0229453 0.102005 -0.000833275 0.00258209 0.000541206 -0.000833275 0.0051112 -0.0117866 -0.00084472 0.00258209 -0.0117866 0.0712821 
0.013794 -0.0230094 0.000512885 -0.0008268 -0.0230094 0.102193 -0.000819411 0.00259641 0.000512885 -0.000819411 0.00504744 -0.0117745 -0.0008268 0.00259641 -0.0117745 0.0713599 
0.0138676 -0.02306 0.000533863 -0.000806827 -0.02306 0.102224 -0.00081234 0.00259741 0.000533863 -0.00081234 0.00493757 -0.0116728 -0.000806827 0.00259741 -0.0116728 0.071129 
0.0139198 -0.0231712 0.000595734 -0.000820694 -0.0231712 0.102455 -0.000835889 0.00261175 0.000595734 -0.000835889 0.00486133 -0.0115221 -0.000820694 0.00261175 -0.0115221 0.0707805 
0.0139548 -0.0232483 0.000673469 -0.000930316 -0.0232483 0.102713 -0.000937946 0.00282348 0.000673469 -0.000937946 0.00480964 -0.0114133 -0.000930316 0.00282348 -0.0114133 0.0704461 
0.0139797 -0.0233243 0.000679632 -0.000979793 -0.0233243 0.102995 -0.000974914 0.00292424 0.000679632 -0.000974914 0.00479991 -0.0113331 -0.000979793 0.00292424 -0.0113331 0.0701931 
0.0139674 -0.0233406 0.000668779 -0.00098563 -0.0233406 0.103094 -0.00097516 0.00296416 0.000668779 -0.00097516 0.00481974 -0.0113046 -0.00098563 0.00296416 -0.0113046 0.0700058 
0.0139476 -0.0233034 0.000669033 -0.00100287 -0.0233034 0.10302 -0.00099338 0.00303927 0.000669033 -0.00099338 0.00482823 -0.0113317 -0.00100287 0.00303927 -0.0113317 0.0699612 
0.0139353 -0.0232762 0.000697416 -0.00101201 -0.0232762 0.102945 -0.00100753 0.00309843 0.000697416 -0.00100753 0.00484337 -0.0113541 -0.00101201 0.00309843 -0.0113541 0.0700107 
0.0139545 -0.0232835 0.000661728 -0.00100167 -0.0232835 0.102973 -0.000997308 0.00304506 0.000661728 -0.000997308 0.0048459 -0.0113746 -0.00100167 0.00304506 -0.0113746 0.0700888 
0.0139983 -0.0233158 0.000651905 -0.00095463 -0.0233158 0.10306 -0.000955311 0.00295744 0.000651905 -0.000955311 0.00482814 -0.0113888 -0.00095463 0.00295744 -0.0113888 0.0701717 
0.0140047 -0.0233589 0.000662955 -0.000931148 -0.0233589 0.103132 -0.000936028 0.00286996 0.000662955 -0.000936028 0.00483532 -0.0113677 -0.000931148 0.00286996 -0.0113677 0.0701519 
0.0140035 -0.0233692 0.000698733 -0.000986895 -0.0233692 0.103199 -0.000987153 0.00296892 0.000698733 -0.000987153 0.00484577 -0.0113894 -0.000986895 0.00296892 -0.0113894 0.0701965 
0.0140136 -0.0233685 0.000658311 -0.00102842 -0.0233685 0.10322 -0.00102146 0.00307096 0.000658311 -0.00102146 0.00483892 -0.0114097 -0.00102842 0.00307096 -0.0114097 0.0702635 
0.0140313 -0.0233612 0.000608824 -0.000975167 -0.0233612 0.103154 -0.000975025 0.00303785 0.000608824 -0.000975025 0.00481111 -0.0113966 -0.000975167 0.00303785 -0.0113966 0.070237 
0.0140843 -0.0233951 0.000568708 -0.000872061 -0.0233951 0.103195 -0.000887926 0.00281691 0.000568708 -0.000887926 0.00475683 -0.011357 -0.000872061 0.00281691 -0.011357 0.0701579 
0.0140927 -0.0234709 0.000609827 -0.000843861 -0.0234709 0.103361 -0.000867978 0.00271359 0.000609827 -0.000867978 0.00476106 -0.0112982 -0.000843861 0.00271359 -0.0112982 0.0700499 
0.0141386 -0.0235067 0.00067936 -0.000910941 -0.0235067 0.103563 -0.000925063 0.00278585 0.00067936 -0.000925063 0.00474577 -0.0113112 -0.000910941 0.00278585 -0.0113112 0.0700612 
0.014175 -0.0235392 0.000712743 -0.000996246 -0.0235392 0.10362 -0.000992404 0.00294094 0.000712743 -0.000992404 0.00470606 -0.0112901 -0.000996246 0.00294094 -0.0112901 0.0700073 
0.0141726 -0.0235918 0.000694449 -0.00104091 -0.0235918 0.103742 -0.00102942 0.00307289 0.000694449 -0.00102942 0.00469949 -0.0112449 -0.00104091 0.00307289 -0.0112449 0.0699258 
0.014166 -0.0236008 0.000685671 -0.00102263 -0.0236008 0.103835 -0.00101619 0.00310617 0.000685671 -0.00101619 0.00470533 -0.0112377 -0.00102263 0.00310617 -0.0112377 0.0698933 
0.0141484 -0.0235857 0.000741087 -0.0010434 -0.0235857 0.103845 -0.00104235 0.00318494 0.000741087 -0.00104235 0.00471443 -0.0112511 -0.0010434 0.00318494 -0.0112511 0.0699225 
0.0141124 -0.0235315 0.000793722 -0.00110402 -0.0235315 0.103676 -0.00109884 0.00329324 0.000793722 -0.00109884 0.00473414 -0.0112464 -0.00110402 0.00329324 -0.0112464 0.0698605 
0.0141121 -0.0235311 0.000711155 -0.00109297 -0.0235311 0.103694 -0.00107963 0.0032242 0.000711155 -0.00107963 0.0047747 -0.0112669 -0.00109297 0.0032242 -0.0112669 0.0699048 
0.0141272 -0.0235131 0.000725069 -0.00106514 -0.0235131 0.103657 -0.00105802 0.0032575 0.000725069 -0.00105802 0.0047816 -0.011339 -0.00106514 0.0032575 -0.011339 0.0700616 
0.0141412 -0.0235079 0.000793282 -0.00106829 -0.0235079 0.103569 -0.00107068 0.00325426 0.000793282 -0.00107068 0.00476424 -0.0113533 -0.00106829 0.00325426 -0.0113533 0.070131 
0.0142495 -0.0235708 0.000845928 -0.0011498 -0.0235708 0.103753 -0.00114494 0.00336905 0.000845928 -0.00114494 0.00466125 -0.0113542 -0.0011498 0.00336905 -0.0113542 0.0702479 
0.0143046 -0.0236793 0.000878807 -0.00121288 -0.0236793 0.103923 -0.00120365 0.00351988 0.000878807 -0.00120365 0.00457428 -0.0112136 -0.00121288 0.00351988 -0.0112136 0.0700175 
0.0142812 -0.0237466 0.000922594 -0.00127431 -0.0237466 0.104102 -0.00126846 0.00370841 0.000922594 -0.00126846 0.0045637 -0.0110821 -0.00127431 0.00370841 -0.0110821 0.0696506 
0.0142559 -0.0237522 0.000957551 -0.00130695 -0.0237522 0.104255 -0.00129947 0.00380201 0.000957551 -0.00129947 0.0045841 -0.0110531 -0.00130695 0.00380201 -0.0110531 0.0694629 
0.0142639 -0.0237179 0.000986094 -0.0013366 -0.0237179 0.104245 -0.0013222 0.00385487 0.000986094 -0.0013222 0.00456946 -0.0110714 -0.0013366 0.00385487 -0.0110714 0.0694207 
0.0142668 -0.0237375 0.000906371 -0.00134373 -0.0237375 0.104286 -0.00132399 0.00384846 0.000906371 -0.00132399 0.00458552 -0.0110529 -0.00134373 0.00384846 -0.0110529 0.0694024 
0.0142906 -0.0237354 0.000792655 -0.00123089 -0.0237354 0.10429 -0.00122246 0.00367277 0.000792655 -0.00122246 0.00457807 -0.0110637 -0.00123089 0.00367277 -0.0110637 0.069382 
0.0143127 -0.023743 0.000679127 -0.00104451 -0.023743 0.104227 -0.00105807 0.00326664 0.000679127 -0.00105807 0.00455801 -0.0110447 -0.00104451 0.00326664 -0.0110447 0.0692914 
0.0143239 -0.0237989 0.00058498 -0.000908634 -0.0237989 0.104372 -0.000937678 0.00290451 0.00058498 -0.000937678 0.00457786 -0.0110426 -0.000908634 0.00290451 -0.0110426 0.0693186 
0.0142944 -0.0237858 0.000507525 -0.000838309 -0.0237858 0.104353 -0.000872318 0.00271788 0.000507525 -0.000872318 0.00461946 -0.011073 -0.000838309 0.00271788 -0.011073 0.0693516 
0.0143266 -0.023774 0.000456613 -0.000750047 -0.023774 0.104392 -0.000785436 0.00252228 0.000456613 -0.000785436 0.00460964 -0.0111477 -0.000750047 0.00252228 -0.0111477 0.0695561 
0.014358 -0.023799 0.000505796 -0.000707207 -0.023799 0.104414 -0.000742095 0.00239783 0.000505796 -0.000742095 0.00457325 -0.0111469 -0.000707207 0.00239783 -0.0111469 0.069658 
0.0143516 -0.0238324 0.000530249 -0.000780538 -0.0238324 0.104471 -0.00080137 0.00246208 0.000530249 -0.00080137 0.00454881 -0.0110967 -0.000780538 0.00246208 -0.0110967 0.0695944 
0.0143281 -0.0238184 0.000487566 -0.000784715 -0.0238184 0.10444 -0.000789681 0.00246143 0.000487566 -0.000789681 0.00454853 -0.0110412 -0.000784715 0.00246143 -0.0110412 0.0694143 
0.0143474 -0.0238341 0.000443678 -0.000704899 -0.0238341 0.104554 -0.000706833 0.00230037 0.000443678 -0.000706833 0.00458723 -0.0110429 -0.000704899 0.00230037 -0.0110429 0.0694022 
0.0143524 -0.0238178 0.000436773 -0.000655736 -0.0238178 0.104475 -0.000659728 0.00215437 0.000436773 -0.000659728 0.00461352 -0.0110826 -0.000655736 0.00215437 -0.0110826 0.0693978 
0.0143825 -0.0238359 0.00042385 -0.000668394 -0.0238359 0.104505 -0.000668399 0.00213785 0.00042385 -0.000668399 0.00462582 -0.0111439 -0.000668394 0.00213785 -0.0111439 0.0695531 
0.01438 -0.0238583 0.000443474 -0.000670015 -0.0238583 0.104512 -0.000668855 0.00216292 0.000443474 -0.000668855 0.00465893 -0.0111767 -0.000670015 0.00216292 -0.0111767 0.0696743 
0.0143858 -0.0238556 0.000492672 -0.000769543 -0.0238556 0.104535 -0.00076537 0.00241653 0.000492672 -0.00076537 0.00466182 -0.0112447 -0.000769543 0.00241653 -0.0112447 0.0698716 
0.0143889 -0.0238709 0.000563952 -0.000858319 -0.0238709 0.104597 -0.000852682 0.00269876 0.000563952 -0.000852682 0.00464712 -0.0112719 -0.000858319 0.00269876 -0.0112719 0.0700571 
0.0143673 -0.0238881 0.000565332 -0.000861711 -0.0238881 0.104656 -0.000853588 0.0027071 0.000565332 -0.000853588 0.00467723 -0.011247 -0.000861711 0.0027071 -0.011247 0.0700889 
0.0143096 -0.0238204 0.000582956 -0.000899186 -0.0238204 0.104477 -0.000888104 0.00280294 0.000582956 -0.000888104 0.00470598 -0.0112684 -0.000899186 0.00280294 -0.0112684 0.0700469 
0.0143364 -0.023773 0.000624567 -0.000928188 -0.023773 0.10439 -0.000916243 0.00289307 0.000624567 -0.000916243 0.00466165 -0.0113199 -0.000928188 0.00289307 -0.0113199 0.0701781 
0.0143761 -0.0238034 0.000669196 -0.00096556 -0.0238034 0.104394 -0.000954489 0.00296917 0.000669196 -0.000954489 0.00460645 -0.0112666 -0.00096556 0.00296917 -0.0112666 0.0701649 
0.0144263 -0.0238547 0.000726764 -0.000994909 -0.0238547 0.104481 -0.000985013 0.00301777 0.000726764 -0.000985013 0.00454359 -0.0111766 -0.000994909 0.00301777 -0.0111766 0.0699643 
0.0144847 -0.023949 0.000721802 -0.00105417 -0.023949 0.104747 -0.00104099 0.00311195 0.000721802 -0.00104099 0.00450672 -0.0110928 -0.00105417 0.00311195 -0.0110928 0.0697724 
0.0144876 -0.0240108 0.000707966 -0.00106178 -0.0240108 0.104928 -0.00105254 0.00319273 0.000707966 -0.00105254 0.00451727 -0.0110355 -0.00106178 0.00319273 -0.0110355 0.0695668 
0.014474 -0.0240126 0.000713304 -0.00105848 -0.0240126 0.104999 -0.00105733 0.00323758 0.000713304 -0.00105733 0.00453243 -0.0110487 -0.00105848 0.00323758 -0.0110487 0.0695016 
0.0144715 -0.0239924 0.000705528 -0.00105556 -0.0239924 0.104981 -0.00105676 0.00323778 0.000705528 -0.00105676 0.00452525 -0.0110732 -0.00105556 0.00323778 -0.0110732 0.0695352 
0.0144579 -0.0239775 0.000729084 -0.00104148 -0.0239775 0.104914 -0.0010444 0.00321198 0.000729084 -0.0010444 0.00452479 -0.0110643 -0.00104148 0.00321198 -0.0110643 0.0695264 
0.0144355 -0.0239713 0.00076678 -0.00106859 -0.0239713 0.104908 -0.00106781 0.00323334 0.00076678 -0.00106781 0.00454845 -0.0110638 -0.00106859 0.00323334 -0.0110638 0.0695317 
0.0144545 -0.0239596 0.000738389 -0.00109687 -0.0239596 0.104922 -0.001087 0.00325614 0.000738389 -0.001087 0.00454505 -0.0110945 -0.00109687 0.00325614 -0.0110945 0.069601 
0.0145007 -0.0239527 0.000717689 -0.00106207 -0.0239527 0.104832 -0.00105319 0.00322164 0.000717689 -0.00105319 0.00449285 -0.0110838 -0.00106207 0.00322164 -0.0110838 0.0695703 
0.0145307 -0.0240165 0.000726455 -0.00105191 -0.0240165 0.10492 -0.00105227 0.0032142 0.000726455 -0.00105227 0.00447316 -0.0110259 -0.00105191 0.0032142 -0.0110259 0.0694819 
0.0145418 -0.0240734 0.00072842 -0.001045 -0.0240734 0.105094 -0.00105029 0.00318418 0.00072842 -0.00105029 0.00448505 -0.0109987 -0.001045 0.00318418 -0.0109987 0.0694 
0.014567 -0.0240755 0.000746036 -0.00107819 -0.0240755 0.10514 -0.00108062 0.00325927 0.000746036 -0.00108062 0.00445892 -0.0110176 -0.00107819 0.00325927 -0.0110176 0.0693855 
0.0146243 -0.0241357 0.000800315 -0.00108953 -0.0241357 0.105321 -0.00109156 0.00329767 0.000800315 -0.00109156 0.00442389 -0.0110046 -0.00108953 0.00329767 -0.0110046 0.0694438 
0.0146337 -0.024185 0.000809209 -0.00114859 -0.024185 0.105418 -0.00114516 0.00338562 0.000809209 -0.00114516 0.00441971 -0.0109536 -0.00114859 0.00338562 -0.0109536 0.0693399 
0.0146333 -0.0242001 0.000738316 -0.00116299 -0.0242001 0.105482 -0.00115644 0.00345276 0.000738316 -0.00115644 0.0044222 -0.0109443 -0.00116299 0.00345276 -0.0109443 0.0692652 
0.0146616 -0.0242302 0.000639605 -0.00105405 -0.0242302 0.105623 -0.00105894 0.00329525 0.000639605 -0.00105894 0.00442886 -0.0109637 -0.00105405 0.00329525 -0.0109637 0.0693332 
0.0146571 -0.0242102 0.000646905 -0.000947949 -0.0242102 0.105514 -0.000969944 0.00308817 0.000646905 -0.000969944 0.00441115 -0.010962 -0.000947949 0.00308817 -0.010962 0.0692805 
0.0146753 -0.0242433 0.000691607 -0.000949276 -0.0242433 0.105616 -0.000972451 0.00298836 0.000691607 -0.000972451 0.00440551 -0.0109579 -0.000949276 0.00298836 -0.0109579 0.0693232 
0.0146745 -0.0242374 0.000747461 -0.00105045 -0.0242374 0.105592 -0.00105942 0.00316005 0.000747461 -0.00105942 0.0043648 -0.0109443 -0.00105045 0.00316005 -0.0109443 0.069274 
0.0146749 -0.0242674 0.000795546 -0.00112234 -0.0242674 0.105704 -0.00111882 0.00334399 0.000795546 -0.00111882 0.00434423 -0.0108991 -0.00112234 0.00334399 -0.0108991 0.0692381 
0.0146243 -0.0242347 0.000872087 -0.0011972 -0.0242347 0.105619 -0.00118735 0.00354363 0.000872087 -0.00118735 0.0043663 -0.0108461 -0.0011972 0.00354363 -0.0108461 0.0690535 
0.0145918 -0.0241884 0.000886098 -0.00125846 -0.0241884 0.105542 -0.00123965 0.00366513 0.000886098 -0.00123965 0.00439477 -0.010859 -0.00125846 0.00366513 -0.010859 0.0689907 
0.0145963 -0.0241595 0.000846161 -0.00126609 -0.0241595 0.10549 -0.00124351 0.00371257 0.000846161 -0.00124351 0.00440586 -0.0108984 -0.00126609 0.00371257 -0.0108984 0.0690632 
0.0145918 -0.0241511 0.000831479 -0.00124036 -0.0241511 0.105437 -0.00122798 0.00372933 0.000831479 -0.00122798 0.00439666 -0.0109213 -0.00124036 0.00372933 -0.0109213 0.0691381 
0.0145942 -0.0241453 0.00081696 -0.0012017 -0.0241453 0.105406 -0.00120146 0.00365577 0.00081696 -0.00120146 0.00438615 -0.0109042 -0.0012017 0.00365577 -0.0109042 0.0691348 
0.0145885 -0.0241349 0.000765102 -0.00112161 -0.0241349 0.105318 -0.00112738 0.00343053 0.000765102 -0.00112738 0.0043953 -0.0108663 -0.00112161 0.00343053 -0.0108663 0.0689948 
0.0146093 -0.0241441 0.000725117 -0.00107619 -0.0241441 0.10534 -0.00108511 0.00329458 0.000725117 -0.00108511 0.00438546 -0.0108832 -0.00107619 0.00329458 -0.0108832 0.068986 
0.0146448 -0.0241698 0.000669525 -0.00103091 -0.0241698 0.10539 -0.00104316 0.00318183 0.000669525 -0.00104316 0.00435195 -0.0108815 -0.00103091 0.00318183 -0.0108815 0.0690021 
0.0147142 -0.0242625 0.00059538 -0.000911487 -0.0242625 0.105672 -0.000930603 0.0028973 0.00059538 -0.000930603 0.00433502 -0.0108561 -0.000911487 0.0028973 -0.0108561 0.0690495 
0.014741 -0.0242997 0.000641808 -0.000906707 -0.0242997 0.105747 -0.00093075 0.00288285 0.000641808 -0.00093075 0.00430534 -0.0108287 -0.000906707 0.00288285 -0.0108287 0.0689572 
0.01472 -0.0243219 0.000719499 -0.000952869 -0.0243219 0.105778 -0.000971511 0.00292981 0.000719499 -0.000971511 0.00430445 -0.0107835 -0.000952869 0.00292981 -0.0107835 0.0688133 
0.0147401 -0.0243377 0.000786029 -0.00105482 -0.0243377 0.105915 -0.00105452 0.00310075 0.000786029 -0.00105452 0.00429464 -0.010794 -0.00105482 0.00310075 -0.010794 0.0688347 
0.0147444 -0.0243403 0.000842287 -0.00117271 -0.0243403 0.105927 -0.00115616 0.00339006 0.000842287 -0.00115616 0.00429809 -0.010784 -0.00117271 0.00339006 -0.010784 0.0688209 
