0.00517474 0 -0.00305809 0 0 0.00998227 0 0 -0.00305809 0 0.00828495 0 0 0 0 0.00998227 
0.00742192 -0.00922723 -0.00430973 0.00531013 -0.00922723 0.0268625 0.00531013 -0.0101833 -0.00430973 0.00531013 0.0116612 -0.0144458 0.00531013 -0.0101833 -0.0144458 0.0368691 
0.00755381 -0.0142617 -0.00399154 0.00689465 -0.0142617 0.0546795 0.00689465 -0.022006 -0.00399154 0.00689465 0.0114231 -0.0210165 0.00689465 -0.022006 -0.0210165 0.0762011 
0.00730353 -0.0147291 -0.00351733 0.00538547 -0.0147291 0.0685031 0.0054006 -0.0199681 -0.00351733 0.0054006 0.0105634 -0.0198384 0.00538547 -0.0199681 -0.0198384 0.087382 
0.00734653 -0.0148437 -0.00352184 0.0045823 -0.0148437 0.0753471 0.0046298 -0.0156708 -0.00352184 0.0046298 0.0105719 -0.0190026 0.0045823 -0.0156708 -0.0190026 0.0894547 
0.00742582 -0.0148901 -0.00364199 0.00457752 -0.0148901 0.0784594 0.00463362 -0.0137085 -0.00364199 0.00463362 0.0108016 -0.0190381 0.00457752 -0.0137085 -0.0190381 0.0905478 
0.00747215 -0.0148696 -0.00372361 0.00478699 -0.0148696 0.0795034 0.00482683 -0.0134438 -0.00372361 0.00482683 0.0109602 -0.0192182 0.00478699 -0.0134438 -0.0192182 0.0913332 
0.00753554 -0.0148403 -0.00379292 0.00494606 -0.0148403 0.0796708 0.00496274 -0.0137092 -0.00379292 0.00496274 0.0109802 -0.0192987 0.00494606 -0.0137092 -0.0192987 0.0916501 
0.00755203 -0.0148302 -0.003836 0.00503756 -0.0148302 0.0795628 0.00504559 -0.0139691 -0.003836 0.00504559 0.011016 -0.0193312 0.00503756 -0.0139691 -0.0193312 0.0918095 
0.00757791 -0.0148611 -0.00387688 0.0051013 -0.0148611 0.079562 0.00510706 -0.0141847 -0.00387688 0.00510706 0.0110278 -0.0193537 0.0051013 -0.0141847 -0.0193537 0.0918417 
0.00759461 -0.0149195 -0.00393976 0.00515235 -0.0149195 0.0797068 0.00515848 -0.0143481 -0.00393976 0.00515848 0.0110494 -0.0193871 0.00515235 -0.0143481 -0.0193871 0.0919431 
0.00759627 -0.0150228 -0.0039988 0.00524991 -0.0150228 0.0800413 0.0052555 -0.0145847 -0.0039988 0.0052555 0.0110689 -0.0193607 0.00524991 -0.0145847 -0.0193607 0.0918793 
0.00757905 -0.0149682 -0.00402181 0.00529932 -0.0149682 0.0799979 0.00529598 -0.0147155 -0.00402181 0.00529598 0.0110661 -0.0194324 0.00529932 -0.0147155 -0.0194324 0.0919951 
0.00761744 -0.0149302 -0.00402317 0.00532362 -0.0149302 0.0799588 0.00531404 -0.0147835 -0.00402317 0.00531404 0.0110568 -0.0195218 0.00532362 -0.0147835 -0.0195218 0.092384 
0.00763488 -0.0149456 -0.00403395 0.00530454 -0.0149456 0.0798694 0.00530541 -0.0147666 -0.00403395 0.00530541 0.0110304 -0.0194896 0.00530454 -0.0147666 -0.0194896 0.0924083 
0.0076392 -0.0150166 -0.00406649 0.00532493 -0.0150166 0.0800211 0.00534101 -0.0148129 -0.00406649 0.00534101 0.0110264 -0.019413 0.00532493 -0.0148129 -0.019413 0.0922321 
0.00763003 -0.0150451 -0.0040394 0.00537057 -0.0150451 0.0801998 0.00538859 -0.0149174 -0.0040394 0.00538859 0.011056 -0.0194217 0.00537057 -0.0149174 -0.0194217 0.0922174 
0.00765839 -0.0150481 -0.00401224 0.00535298 -0.0150481 0.0802328 0.00535749 -0.0149381 -0.00401224 0.00535749 0.0110076 -0.0193952 0.00535298 -0.0149381 -0.0193952 0.0920526 
0.00768285 -0.0151097 -0.00402268 0.00532812 -0.0151097 0.0804293 0.00532369 -0.0148929 -0.00402268 0.00532369 0.0109938 -0.019373 0.00532812 -0.0148929 -0.019373 0.0920667 
0.00770054 -0.0151404 -0.00406478 0.00533619 -0.0151404 0.0805232 0.00532985 -0.014871 -0.00406478 0.00532985 0.0109607 -0.019311 0.00533619 -0.014871 -0.019311 0.0918748 
0.00774454 -0.0151091 -0.00404587 0.00536979 -0.0151091 0.0804525 0.00536501 -0.0149004 -0.00404587 0.00536501 0.0109007 -0.019329 0.00536979 -0.0149004 -0.019329 0.091905 
0.00778382 -0.0151523 -0.00405508 0.00534801 -0.0151523 0.080503 0.00535224 -0.0149019 -0.00405508 0.00535224 0.0108787 -0.0192903 0.00534801 -0.0149019 -0.0192903 0.0919463 
0.00774311 -0.0151926 -0.00409568 0.00534596 -0.0151926 0.0805208 0.00536064 -0.0148903 -0.00409568 0.00536064 0.0108985 -0.0192055 0.00534596 -0.0148903 -0.0192055 0.0916812 
0.00772856 -0.0151617 -0.00408543 0.00540812 -0.0151617 0.0805602 0.00541672 -0.0149888 -0.00408543 0.00541672 0.0109179 -0.0192625 0.00540812 -0.0149888 -0.0192625 0.091752 
0.00767397 -0.0150967 -0.00406616 0.00539377 -0.0150967 0.080385 0.00538909 -0.0149989 -0.00406616 0.00538909 0.0109683 -0.0193152 0.00539377 -0.0149989 -0.0193152 0.0919037 
0.00765478 -0.0150071 -0.00407034 0.00536715 -0.0150071 0.0801475 0.00535103 -0.0149302 -0.00407034 0.00535103 0.0109988 -0.0193994 0.00536715 -0.0149302 -0.0193994 0.0921309 
0.00766384 -0.0149537 -0.00407276 0.00536088 -0.0149537 0.0798821 0.0053448 -0.0148742 -0.00407276 0.0053448 0.0109851 -0.019426 0.00536088 -0.0148742 -0.019426 0.092213 
0.00768679 -0.0149988 -0.00406419 0.00537015 -0.0149988 0.0799207 0.00536744 -0.0149 -0.00406419 0.00536744 0.0109712 -0.0194091 0.00537015 -0.0149 -0.0194091 0.0922382 
0.00766685 -0.015064 -0.00405056 0.00536322 -0.015064 0.0800924 0.00537277 -0.0149234 -0.00405056 0.00537277 0.010986 -0.0193582 0.00536322 -0.0149234 -0.0193582 0.0921114 
0.00762862 -0.0150511 -0.00402064 0.00534862 -0.0150511 0.0801619 0.00535428 -0.0149018 -0.00402064 0.00535428 0.0110181 -0.0193646 0.00534862 -0.0149018 -0.0193646 0.0920453 
0.00760286 -0.0149939 -0.00400791 0.00531415 -0.0149939 0.0801136 0.00530354 -0.0148187 -0.00400791 0.00530354 0.0110574 -0.0194467 0.00531415 -0.0148187 -0.0194467 0.0922452 
0.00760911 -0.0149388 -0.00400036 0.00529328 -0.0149388 0.0799242 0.00527364 -0.0147262 -0.00400036 0.00527364 0.0110261 -0.0194701 0.00529328 -0.0147262 -0.0194701 0.0922957 
0.00763917 -0.0149897 -0.00401256 0.00530063 -0.0149897 0.0800148 0.00528908 -0.0147355 -0.00401256 0.00528908 0.0109917 -0.0194217 0.00530063 -0.0147355 -0.0194217 0.0922647 
0.00761963 -0.0149908 -0.00404886 0.00529822 -0.0149908 0.0799993 0.00529806 -0.0147333 -0.00404886 0.00529806 0.0110061 -0.0193859 0.00529822 -0.0147333 -0.0193859 0.0921703 
0.00760217 -0.0149475 -0.00409309 0.00533687 -0.0149475 0.0799266 0.00534122 -0.0147948 -0.00409309 0.00534122 0.0110447 -0.0194365 0.00533687 -0.0147948 -0.0194365 0.0922706 
0.00758648 -0.0149093 -0.00411726 0.00539088 -0.0149093 0.0797629 0.00539664 -0.0149154 -0.00411726 0.00539664 0.011054 -0.0194602 0.00539088 -0.0149154 -0.0194602 0.0922824 
0.00765009 -0.0149462 -0.00414873 0.0054479 -0.0149462 0.0798885 0.00545434 -0.0150928 -0.00414873 0.00545434 0.0110176 -0.0194831 0.0054479 -0.0150928 -0.0194831 0.0924036 
0.00765204 -0.015022 -0.00416219 0.00547878 -0.015022 0.0800256 0.00549556 -0.0152128 -0.00416219 0.00549556 0.0110175 -0.0194157 0.00547878 -0.0152128 -0.0194157 0.0922863 
0.00763643 -0.0150167 -0.00413284 0.00548689 -0.0150167 0.0800529 0.00550353 -0.015263 -0.00413284 0.00550353 0.011034 -0.0194038 0.00548689 -0.015263 -0.0194038 0.0921652 
0.00760449 -0.0150082 -0.00410636 0.00545978 -0.0150082 0.0800681 0.00546473 -0.0152316 -0.00410636 0.00546473 0.0110623 -0.01943 0.00545978 -0.0152316 -0.01943 0.0921823 
0.00761588 -0.0149577 -0.00411583 0.00542076 -0.0149577 0.0800238 0.00541214 -0.0151219 -0.00411583 0.00541214 0.0110844 -0.0195248 0.00542076 -0.0151219 -0.0195248 0.0924628 
0.00763028 -0.0150065 -0.0041555 0.00543983 -0.0150065 0.0800898 0.0054322 -0.0151118 -0.0041555 0.0054322 0.0110698 -0.0194952 0.00543983 -0.0151118 -0.0194952 0.0924418 
0.00757244 -0.0150228 -0.00416855 0.00548321 -0.0150228 0.0801202 0.0054839 -0.0151881 -0.00416855 0.0054839 0.0111029 -0.0194527 0.00548321 -0.0151881 -0.0194527 0.0922933 
0.00753352 -0.0149411 -0.00414156 0.0055061 -0.0149411 0.0800205 0.00549842 -0.0152583 -0.00414156 0.00549842 0.011125 -0.0195314 0.0055061 -0.0152583 -0.0195314 0.0924214 
0.00752601 -0.0148648 -0.00412775 0.00547449 -0.0148648 0.0798142 0.0054567 -0.0152229 -0.00412775 0.0054567 0.0111286 -0.0195852 0.00547449 -0.0152229 -0.0195852 0.0926137 
0.00748332 -0.0148076 -0.00410209 0.00543691 -0.0148076 0.07957 0.00542026 -0.0151169 -0.00410209 0.00542026 0.0111713 -0.0196205 0.00543691 -0.0151169 -0.0196205 0.0927746 
0.00743966 -0.0147753 -0.00414376 0.00541072 -0.0147753 0.0794883 0.00539864 -0.0150489 -0.00414376 0.00539864 0.0112401 -0.0196794 0.00541072 -0.0150489 -0.0196794 0.0929623 
0.00746331 -0.0147375 -0.00416841 0.00546577 -0.0147375 0.0793702 0.00545662 -0.0151155 -0.00416841 0.00545662 0.0112177 -0.0197047 0.00546577 -0.0151155 -0.0197047 0.092959 
0.00751156 -0.0148174 -0.00419943 0.00552069 -0.0148174 0.0795348 0.00552043 -0.0152882 -0.00419943 0.00552043 0.011186 -0.0196606 0.00552069 -0.0152882 -0.0196606 0.0929031 
0.00752663 -0.0148291 -0.00422695 0.00553104 -0.0148291 0.0795378 0.00553986 -0.0153517 -0.00422695 0.00553986 0.0111697 -0.0196401 0.00553104 -0.0153517 -0.0196401 0.0928186 
0.00757659 -0.0148956 -0.00423334 0.00557554 -0.0148956 0.0797294 0.00559241 -0.0154669 -0.00423334 0.00559241 0.0111313 -0.0196086 0.00557554 -0.0154669 -0.0196086 0.0927467 
0.00760111 -0.0150023 -0.00425008 0.00559553 -0.0150023 0.0800668 0.00561732 -0.01557 -0.00425008 0.00561732 0.011122 -0.0195533 0.00559553 -0.01557 -0.0195533 0.0926549 
0.00757715 -0.0150084 -0.00425034 0.00560204 -0.0150084 0.0801466 0.00561888 -0.0155872 -0.00425034 0.00561888 0.011131 -0.0195277 0.00560204 -0.0155872 -0.0195277 0.0925127 
0.00758052 -0.0150102 -0.00427392 0.00562315 -0.0150102 0.080257 0.00562756 -0.0156324 -0.00427392 0.00562756 0.0111329 -0.0195487 0.00562315 -0.0156324 -0.0195487 0.0925517 
0.00759104 -0.0149163 -0.0042609 0.00561834 -0.0149163 0.0800079 0.00561381 -0.0155896 -0.0042609 0.00561381 0.0111293 -0.0196283 0.00561834 -0.0155896 -0.0196283 0.0927792 
0.00762213 -0.014945 -0.00426462 0.00560994 -0.014945 0.079921 0.00561293 -0.0155809 -0.00426462 0.00561293 0.0110794 -0.0195678 0.00560994 -0.0155809 -0.0195678 0.0926739 
0.00763359 -0.0150321 -0.00426697 0.00562512 -0.0150321 0.0801302 0.00563979 -0.0156282 -0.00426697 0.00563979 0.0110748 -0.0194926 0.00562512 -0.0156282 -0.0194926 0.0925131 
0.00763338 -0.0150941 -0.00426792 0.00564411 -0.0150941 0.0803634 0.0056569 -0.0156991 -0.00426792 0.0056569 0.0110521 -0.019422 0.00564411 -0.0156991 -0.019422 0.0922326 
0.0076121 -0.0150685 -0.0042501 0.00564463 -0.0150685 0.0803813 0.00564503 -0.0157066 -0.0042501 0.00564503 0.0110637 -0.0194203 0.00564463 -0.0157066 -0.0194203 0.0921611 
0.00760202 -0.0150379 -0.00424403 0.00563399 -0.0150379 0.0803528 0.0056201 -0.0156834 -0.00424403 0.0056201 0.0110768 -0.0194591 0.00563399 -0.0156834 -0.0194591 0.0922641 
0.00758963 -0.0149929 -0.00427676 0.00561948 -0.0149929 0.0802023 0.0055975 -0.015628 -0.00427676 0.0055975 0.0110759 -0.0194785 0.00561948 -0.015628 -0.0194785 0.0923267 
0.00763454 -0.0149424 -0.00428278 0.00564762 -0.0149424 0.0800348 0.00562905 -0.0156397 -0.00428278 0.00562905 0.0110334 -0.0195224 0.00564762 -0.0156397 -0.0195224 0.092492 
0.0076779 -0.0149568 -0.00426486 0.00564019 -0.0149568 0.0798735 0.00563688 -0.015648 -0.00426486 0.00563688 0.0109632 -0.0194497 0.00564019 -0.015648 -0.0194497 0.0923627 
0.00768971 -0.015045 -0.00424475 0.00562362 -0.015045 0.080072 0.00564116 -0.0156579 -0.00424475 0.00564116 0.0109852 -0.0193914 0.00562362 -0.0156579 -0.0193914 0.0923081 
0.00768938 -0.0150476 -0.0042211 0.00558507 -0.0150476 0.0801223 0.00560297 -0.0155844 -0.0042211 0.00560297 0.0109855 -0.0194005 0.00558507 -0.0155844 -0.0194005 0.092235 
0.0076957 -0.0150781 -0.00418138 0.00556536 -0.0150781 0.0802074 0.0055761 -0.0155203 -0.00418138 0.0055761 0.0109638 -0.0193692 0.00556536 -0.0155203 -0.0193692 0.0921245 
0.00770636 -0.0150778 -0.00417681 0.00551466 -0.0150778 0.0802503 0.00551817 -0.0154023 -0.00417681 0.00551817 0.0109426 -0.0193656 0.00551466 -0.0154023 -0.0193656 0.0921191 
0.0077367 -0.0150921 -0.00417367 0.00550715 -0.0150921 0.0802888 0.00551064 -0.0153325 -0.00417367 0.00551064 0.0109031 -0.0193335 0.00550715 -0.0153325 -0.0193335 0.0920612 
0.00772585 -0.0151058 -0.00416648 0.00549654 -0.0151058 0.0803059 0.00550623 -0.0152972 -0.00416648 0.00550623 0.0109293 -0.0193069 0.00549654 -0.0152972 -0.0193069 0.0920289 
0.00769534 -0.0151285 -0.00417265 0.00550237 -0.0151285 0.0803778 0.00551171 -0.0153149 -0.00417265 0.00551171 0.0109756 -0.019281 0.00550237 -0.0153149 -0.019281 0.0918778 
0.00769469 -0.0151026 -0.00418216 0.00552044 -0.0151026 0.0803767 0.00551615 -0.0153443 -0.00418216 0.00551615 0.0109867 -0.0193377 0.00552044 -0.0153443 -0.0193377 0.0919073 
0.00770662 -0.0150881 -0.00418466 0.00552938 -0.0150881 0.0803409 0.00551565 -0.0153543 -0.00418466 0.00551565 0.0109897 -0.019387 0.00552938 -0.0153543 -0.019387 0.0920727 
0.0077232 -0.0151076 -0.0041698 0.00552966 -0.0151076 0.0803199 0.00551782 -0.0153551 -0.0041698 0.00551782 0.0109455 -0.0193547 0.00552966 -0.0153551 -0.0193547 0.0920013 
0.00775269 -0.0151315 -0.00415197 0.00550614 -0.0151315 0.080421 0.0055009 -0.0153208 -0.00415197 0.0055009 0.0109205 -0.0193585 0.00550614 -0.0153208 -0.0193585 0.0921027 
0.00774601 -0.0151212 -0.0041144 0.00546005 -0.0151212 0.080351 0.00546281 -0.0152087 -0.0041144 0.00546281 0.0109132 -0.0193288 0.00546005 -0.0152087 -0.0193288 0.0920542 
0.00775651 -0.0151956 -0.00407023 0.00544265 -0.0151956 0.0805924 0.00544877 -0.0151762 -0.00407023 0.00544877 0.0109236 -0.0192795 0.00544265 -0.0151762 -0.0192795 0.0919563 
0.00775287 -0.0151724 -0.00403571 0.005376 -0.0151724 0.080556 0.00537167 -0.0150308 -0.00403571 0.00537167 0.0109137 -0.0192721 0.005376 -0.0150308 -0.0192721 0.0918248 
0.0077286 -0.015138 -0.00403027 0.00532306 -0.015138 0.0804744 0.00530915 -0.0148533 -0.00403027 0.00530915 0.0109381 -0.0193245 0.00532306 -0.0148533 -0.0193245 0.0919768 
0.00771535 -0.0150849 -0.00406156 0.00530629 -0.0150849 0.0802889 0.00529189 -0.0147418 -0.00406156 0.00529189 0.0109322 -0.0193381 0.00530629 -0.0147418 -0.0193381 0.0920038 
0.00776119 -0.0150948 -0.0040567 0.00535612 -0.0150948 0.0802643 0.00535039 -0.0148102 -0.0040567 0.00535039 0.0108647 -0.0193073 0.00535612 -0.0148102 -0.0193073 0.0919412 
0.00778261 -0.0151379 -0.00401546 0.00534852 -0.0151379 0.0803293 0.00535708 -0.014858 -0.00401546 0.00535708 0.0108338 -0.0192537 0.00534852 -0.014858 -0.0192537 0.0918869 
0.00782459 -0.0151579 -0.00396044 0.00529227 -0.0151579 0.0804037 0.0053074 -0.0147861 -0.00396044 0.0053074 0.0107951 -0.0192221 0.00529227 -0.0147861 -0.0192221 0.091825 
0.00783843 -0.0151731 -0.00389612 0.00520569 -0.0151731 0.0803629 0.00522432 -0.0145947 -0.00389612 0.00522432 0.0107625 -0.0191575 0.00520569 -0.0145947 -0.0191575 0.0916328 
0.00781707 -0.0152326 -0.00391006 0.00513587 -0.0152326 0.080526 0.00515622 -0.0144182 -0.00391006 0.00515622 0.0107935 -0.019099 0.00513587 -0.0144182 -0.019099 0.0914666 
0.00779489 -0.0151723 -0.00392253 0.00513935 -0.0151723 0.0804815 0.00515062 -0.0143204 -0.00392253 0.00515062 0.0108392 -0.0191862 0.00513935 -0.0143204 -0.0191862 0.0916108 
0.00774962 -0.0151725 -0.00394383 0.00517334 -0.0151725 0.080422 0.00517983 -0.0143652 -0.00394383 0.00517983 0.0108676 -0.019163 0.00517334 -0.0143652 -0.019163 0.0914966 
0.00770191 -0.0151148 -0.00398151 0.00520751 -0.0151148 0.0803557 0.00520488 -0.0144417 -0.00398151 0.00520488 0.0109353 -0.0192486 0.00520751 -0.0144417 -0.0192486 0.0916822 
0.00770974 -0.0150785 -0.00398802 0.0052706 -0.0150785 0.0802641 0.00525927 -0.0145787 -0.00398802 0.00525927 0.010919 -0.0192843 0.0052706 -0.0145787 -0.0192843 0.091734 
0.00778112 -0.0151346 -0.00401427 0.00530099 -0.0151346 0.0803783 0.00529187 -0.0147169 -0.00401427 0.00529187 0.0108527 -0.0192344 0.00530099 -0.0147169 -0.0192344 0.091652 
0.00782767 -0.0152231 -0.00405164 0.00532272 -0.0152231 0.0805973 0.00532527 -0.0148045 -0.00405164 0.00532527 0.0108134 -0.0191746 0.00532272 -0.0148045 -0.0191746 0.0915667 
0.00783473 -0.0152296 -0.00405305 0.00533926 -0.0152296 0.0806128 0.00535368 -0.0148434 -0.00405305 0.00535368 0.010789 -0.0191489 0.00533926 -0.0148434 -0.0191489 0.0914786 
0.00786246 -0.0152913 -0.00406087 0.0053627 -0.0152913 0.0808067 0.00538039 -0.0149285 -0.00406087 0.00538039 0.0107616 -0.0190936 0.0053627 -0.0149285 -0.0190936 0.091362 
0.00790308 -0.0153265 -0.00407209 0.00537425 -0.0153265 0.0809502 0.00538951 -0.0149782 -0.00407209 0.00538951 0.0107389 -0.0190581 0.00537425 -0.0149782 -0.0190581 0.0912639 
0.00791432 -0.0153873 -0.00410194 0.00539355 -0.0153873 0.0810555 0.00540451 -0.0150279 -0.00410194 0.00540451 0.0107151 -0.0189666 0.00539355 -0.0150279 -0.0189666 0.0909541 
0.00790602 -0.0153871 -0.00409358 0.00542932 -0.0153871 0.0810995 0.0054326 -0.0150899 -0.00409358 0.0054326 0.0107182 -0.0189754 0.00542932 -0.0150899 -0.0189754 0.0909061 
0.00789119 -0.0153834 -0.00408587 0.00543027 -0.0153834 0.081136 0.00542111 -0.0151175 -0.00408587 0.00542111 0.0107373 -0.0190019 0.00543027 -0.0151175 -0.0190019 0.0909941 
0.00786091 -0.0153216 -0.00408733 0.00540957 -0.0153216 0.0809666 0.00538859 -0.015058 -0.00408733 0.00538859 0.010748 -0.0190359 0.00540957 -0.015058 -0.0190359 0.0910719 
0.00788704 -0.0152585 -0.00411118 0.00540665 -0.0152585 0.0807986 0.00538137 -0.0150113 -0.00411118 0.00538137 0.0107386 -0.0191065 0.00540665 -0.0150113 -0.0191065 0.0913297 
0.00791129 -0.0152685 -0.00412026 0.00542595 -0.0152685 0.080671 0.00541252 -0.015029 -0.00412026 0.00541252 0.0106988 -0.0190715 0.00542595 -0.015029 -0.0190715 0.0913114 
0.00796876 -0.0153428 -0.0041009 0.00544752 -0.0153428 0.0808488 0.00545169 -0.0151161 -0.0041009 0.00545169 0.0106637 -0.0190226 0.00544752 -0.0151161 -0.0190226 0.0912647 
0.00801011 -0.015369 -0.00410115 0.00540157 -0.015369 0.0808902 0.00541406 -0.0150653 -0.00410115 0.00541406 0.0106255 -0.0189987 0.00540157 -0.0150653 -0.0189987 0.0912029 
0.00802031 -0.0153841 -0.00408037 0.00537713 -0.0153841 0.080854 0.00539824 -0.0149768 -0.00408037 0.00539824 0.0105983 -0.0189612 0.00537713 -0.0149768 -0.0189612 0.0911005 
0.00800231 -0.015433 -0.00408185 0.0053613 -0.015433 0.0810156 0.00538862 -0.0149405 -0.00408185 0.00538862 0.0106293 -0.018944 0.0053613 -0.0149405 -0.018944 0.0910982 
0.00794025 -0.0153973 -0.00407635 0.00535785 -0.0153973 0.0809709 0.00537839 -0.0149046 -0.00407635 0.00537839 0.0106793 -0.0189548 0.00535785 -0.0149046 -0.0189548 0.0910356 
0.00792103 -0.0153425 -0.00409689 0.00537 -0.0153425 0.0809072 0.00537333 -0.0149127 -0.00409689 0.00537333 0.0107023 -0.0190169 0.00537 -0.0149127 -0.0190169 0.0911365 
0.00793883 -0.0153168 -0.00412591 0.00540139 -0.0153168 0.0807938 0.00539659 -0.0149598 -0.00412591 0.00539659 0.0106817 -0.0190149 0.00540139 -0.0149598 -0.0190149 0.0911146 
0.0079401 -0.0154079 -0.00417555 0.00546232 -0.0154079 0.0809967 0.00546405 -0.0151177 -0.00417555 0.00546405 0.0106797 -0.018941 0.00546232 -0.0151177 -0.018941 0.0909415 
0.00794152 -0.0153894 -0.0041943 0.00551776 -0.0153894 0.0810739 0.00551841 -0.0152649 -0.0041943 0.00551841 0.010695 -0.0189962 0.00551776 -0.0152649 -0.0189962 0.0910498 
0.00794224 -0.0153534 -0.00420063 0.00553371 -0.0153534 0.0809955 0.00553157 -0.0153379 -0.00420063 0.00553157 0.010719 -0.0190507 0.00553371 -0.0153379 -0.0190507 0.0912415 
0.00795452 -0.0153943 -0.00422158 0.00555137 -0.0153943 0.0810199 0.00555061 -0.0154031 -0.00422158 0.00555061 0.0106917 -0.0189952 0.00555137 -0.0154031 -0.0189952 0.0910744 
0.00790973 -0.0154095 -0.00426737 0.00557438 -0.0154095 0.0810794 0.00557363 -0.0154595 -0.00426737 0.00557363 0.0107453 -0.0189893 0.00557438 -0.0154595 -0.0189893 0.0910434 
0.00787947 -0.0153252 -0.00427605 0.00562486 -0.0153252 0.0809856 0.00561541 -0.0155395 -0.00427605 0.00561541 0.010803 -0.0191348 0.00562486 -0.0155395 -0.0191348 0.0914044 
0.00789685 -0.0152743 -0.00425023 0.00563667 -0.0152743 0.0808091 0.00562201 -0.015591 -0.00425023 0.00562201 0.010787 -0.0191964 0.00563667 -0.015591 -0.0191964 0.0916311 
0.00787329 -0.0152549 -0.00425219 0.00558407 -0.0152549 0.0806229 0.00557587 -0.0155113 -0.00425219 0.00557587 0.010793 -0.0191862 0.00558407 -0.0155113 -0.0191862 0.0916776 
0.0078946 -0.0152927 -0.00424677 0.00560014 -0.0152927 0.0807718 0.00560107 -0.0155187 -0.00424677 0.00560107 0.010806 -0.0191939 0.00560014 -0.0155187 -0.0191939 0.0917599 
0.00792266 -0.0153283 -0.00421388 0.00559183 -0.0153283 0.0808765 0.00559659 -0.0155225 -0.00421388 0.00559659 0.010768 -0.0191766 0.00559183 -0.0155225 -0.0191766 0.0916968 
0.00791519 -0.0153897 -0.00418933 0.00555572 -0.0153897 0.0810369 0.0055625 -0.0154716 -0.00418933 0.0055625 0.0107563 -0.0190967 0.00555572 -0.0154716 -0.0190967 0.0914981 
0.00787986 -0.0153834 -0.00419666 0.00552636 -0.0153834 0.0811119 0.00552711 -0.0153897 -0.00419666 0.00552711 0.0107874 -0.0190833 0.00552636 -0.0153897 -0.0190833 0.0913967 
0.00782122 -0.01526 -0.00418747 0.00551553 -0.01526 0.080823 0.00550324 -0.0152972 -0.00418747 0.00550324 0.0108223 -0.0191784 0.00551553 -0.0152972 -0.0191784 0.0915627 
0.00773911 -0.0151468 -0.00415541 0.0055009 -0.0151468 0.0804788 0.00548327 -0.015234 -0.00415541 0.00548327 0.0108989 -0.0192699 0.0055009 -0.015234 -0.0192699 0.0918641 
0.00776767 -0.0151171 -0.00409215 0.00549559 -0.0151171 0.080395 0.00547556 -0.0152406 -0.00409215 0.00547556 0.0108581 -0.0192923 0.00549559 -0.0152406 -0.0192923 0.0919406 
0.00781009 -0.0150709 -0.00404481 0.00538847 -0.0150709 0.0801514 0.0053731 -0.0150493 -0.00404481 0.0053731 0.0108027 -0.0192804 0.00538847 -0.0150493 -0.0192804 0.0919576 
0.00781849 -0.0151649 -0.0040633 0.00532863 -0.0151649 0.0802946 0.00533445 -0.0148905 -0.0040633 0.00533445 0.0108068 -0.0191965 0.00532863 -0.0148905 -0.0191965 0.0918415 
0.00783022 -0.0152281 -0.00411043 0.00535664 -0.0152281 0.0805079 0.00537548 -0.0149007 -0.00411043 0.00537548 0.0107915 -0.0191183 0.00535664 -0.0149007 -0.0191183 0.0915185 
0.00783721 -0.0152199 -0.00411127 0.00541357 -0.0152199 0.0805462 0.00543259 -0.0150064 -0.00411127 0.00543259 0.0107844 -0.0191232 0.00541357 -0.0150064 -0.0191232 0.0914306 
0.00778918 -0.0152024 -0.00410935 0.00541623 -0.0152024 0.0805124 0.0054311 -0.0150606 -0.00410935 0.0054311 0.0108407 -0.0191612 0.00541623 -0.0150606 -0.0191612 0.0915353 
0.00780783 -0.0152114 -0.00411076 0.00543873 -0.0152114 0.0805818 0.00544358 -0.0151269 -0.00411076 0.00544358 0.010818 -0.0191479 0.00543873 -0.0151269 -0.0191479 0.0914411 
0.00779813 -0.0151858 -0.0041329 0.00542824 -0.0151858 0.0805073 0.00542546 -0.0151087 -0.0041329 0.00542546 0.0108342 -0.0191752 0.00542824 -0.0151087 -0.0191752 0.0915199 
0.00774467 -0.0151629 -0.00417156 0.00544705 -0.0151629 0.0804149 0.00544623 -0.0151196 -0.00417156 0.00544623 0.0108985 -0.019197 0.00544705 -0.0151196 -0.019197 0.0915729 
0.00770277 -0.0151313 -0.00419026 0.00551002 -0.0151313 0.0804095 0.00550517 -0.0152402 -0.00419026 0.00550517 0.0109683 -0.0192842 0.00551002 -0.0152402 -0.0192842 0.091772 
0.00766553 -0.0150499 -0.00418242 0.0055286 -0.0150499 0.0801989 0.00551401 -0.0153071 -0.00418242 0.00551401 0.0110066 -0.0193725 0.0055286 -0.0153071 -0.0193725 0.0919622 
0.00769126 -0.0150325 -0.00417582 0.00552939 -0.0150325 0.0801868 0.00551098 -0.0153357 -0.00417582 0.00551098 0.0110166 -0.0194672 0.00552939 -0.0153357 -0.0194672 0.0923226 
0.00769075 -0.0150653 -0.00415841 0.00550792 -0.0150653 0.0801631 0.00549826 -0.0153047 -0.00415841 0.00549826 0.0109909 -0.019411 0.00550792 -0.0153047 -0.019411 0.0922157 
0.00771331 -0.0151482 -0.00415644 0.00550942 -0.0151482 0.0804268 0.00550755 -0.0153288 -0.00415644 0.00550755 0.0109613 -0.0193272 0.00550942 -0.0153288 -0.0193272 0.0919881 
0.00771918 -0.0151272 -0.00413078 0.00548664 -0.0151272 0.080489 0.00548276 -0.0152732 -0.00413078 0.00548276 0.0109667 -0.0193801 0.00548664 -0.0152732 -0.0193801 0.0921291 
0.00771276 -0.0151379 -0.00413954 0.00545624 -0.0151379 0.0804902 0.00545132 -0.0152019 -0.00413954 0.00545132 0.0109595 -0.0193447 0.00545624 -0.0152019 -0.0193447 0.0920587 
0.00774444 -0.0151042 -0.00413273 0.00545809 -0.0151042 0.0803795 0.00545368 -0.0151615 -0.00413273 0.00545368 0.0109098 -0.019326 0.00545809 -0.0151615 -0.019326 0.0919488 
0.00773728 -0.01513 -0.00415509 0.0054488 -0.01513 0.0803821 0.00545154 -0.0151483 -0.00415509 0.00545154 0.010925 -0.0193065 0.0054488 -0.0151483 -0.0193065 0.0919625 
0.00770236 -0.0151128 -0.00416147 0.00546824 -0.0151128 0.0803608 0.0054744 -0.0151664 -0.00416147 0.0054744 0.0109771 -0.0193395 0.00546824 -0.0151664 -0.0193395 0.092035 
0.00767331 -0.0151112 -0.00418477 0.00549631 -0.0151112 0.0804003 0.00549834 -0.015245 -0.00418477 0.00549834 0.01101 -0.0193644 0.00549631 -0.015245 -0.0193644 0.0920638 
0.00766949 -0.0150586 -0.00421448 0.00552479 -0.0150586 0.0802968 0.005515 -0.0153015 -0.00421448 0.005515 0.0110091 -0.0194158 0.00552479 -0.0153015 -0.0194158 0.0921642 
0.00768881 -0.0150412 -0.00425192 0.00556091 -0.0150412 0.0801835 0.00555165 -0.0153799 -0.00425192 0.00555165 0.0109837 -0.0194105 0.00556091 -0.0153799 -0.0194105 0.0921782 
