0.0093611 0 0.00386995 0 0 0.00999461 0 0 0.00386995 0 0.00688676 0 0 0 0 0.00999461 
0.0131878 -0.0163615 0.00544296 -0.00666409 -0.0163615 0.0405343 -0.00666409 0.0127769 0.00544296 -0.00666409 0.00967669 -0.0120598 -0.00666409 0.0127769 -0.0120598 0.0322868 
0.0130977 -0.0241903 0.0048204 -0.00774924 -0.0241903 0.0865406 -0.00774924 0.0244613 0.0048204 -0.00774924 0.00989693 -0.0191513 -0.00774924 0.0244613 -0.0191513 0.0706185 
0.0122319 -0.0228335 0.00425226 -0.00556891 -0.0228335 0.0993887 -0.00557814 0.0191608 0.00425226 -0.00557814 0.00933169 -0.0190992 -0.00556891 0.0191608 -0.0190992 0.0866426 
0.0122842 -0.0215944 0.00434284 -0.00503343 -0.0215944 0.0994258 -0.00505473 0.0150511 0.00434284 -0.00505473 0.00912089 -0.0181089 -0.00503343 0.0150511 -0.0181089 0.0890806 
0.0125351 -0.0215827 0.00455337 -0.00530634 -0.0215827 0.0990318 -0.00533163 0.0143078 0.00455337 -0.00533163 0.00915795 -0.0176636 -0.00530634 0.0143078 -0.0176636 0.088679 
0.0126813 -0.0218346 0.00464097 -0.00560893 -0.0218346 0.0994332 -0.00562671 0.0146807 0.00464097 -0.00562671 0.00929385 -0.0176321 -0.00560893 0.0146807 -0.0176321 0.0884849 
0.012779 -0.0219631 0.00463998 -0.00572475 -0.0219631 0.0998047 -0.0057314 0.01503 0.00463998 -0.0057314 0.0092939 -0.017751 -0.00572475 0.01503 -0.017751 0.0886312 
0.0128262 -0.0220573 0.00460602 -0.00570083 -0.0220573 0.100037 -0.00570926 0.0150668 0.00460602 -0.00570926 0.00928839 -0.0177449 -0.00570083 0.0150668 -0.0177449 0.0887096 
0.0127913 -0.0221349 0.00463047 -0.00566118 -0.0221349 0.100301 -0.00567376 0.0150031 0.00463047 -0.00567376 0.00930908 -0.0177373 -0.00566118 0.0150031 -0.0177373 0.0887302 
0.0127712 -0.0220759 0.00468447 -0.00569671 -0.0220759 0.100266 -0.0057039 0.0150293 0.00468447 -0.0057039 0.00918841 -0.0177358 -0.00569671 0.0150293 -0.0177358 0.0886619 
0.0127761 -0.0220443 0.00472085 -0.0057742 -0.0220443 0.100185 -0.0057752 0.0151759 0.00472085 -0.0057752 0.0090832 -0.0176001 -0.0057742 0.0151759 -0.0176001 0.088454 
0.0128386 -0.0220221 0.00471836 -0.00582361 -0.0220221 0.100048 -0.00582493 0.0153295 0.00471836 -0.00582493 0.0089156 -0.0174467 -0.00582361 0.0153295 -0.0174467 0.0880456 
0.0128608 -0.0221125 0.00474396 -0.00583366 -0.0221125 0.100192 -0.00584345 0.015432 0.00474396 -0.00584345 0.00881939 -0.0172507 -0.00583366 0.015432 -0.0172507 0.0876214 
0.0128514 -0.0221271 0.00475023 -0.00585347 -0.0221271 0.100252 -0.00586607 0.0154794 0.00475023 -0.00586607 0.00879979 -0.0171196 -0.00585347 0.0154794 -0.0171196 0.0871936 
0.0127972 -0.0221201 0.00479204 -0.00587935 -0.0221201 0.100285 -0.00588724 0.0155566 0.00479204 -0.00588724 0.00881291 -0.0170939 -0.00587935 0.0155566 -0.0170939 0.0870122 
0.0126933 -0.0220585 0.00482366 -0.00592373 -0.0220585 0.100202 -0.00592097 0.0156242 0.00482366 -0.00592097 0.00894912 -0.0171311 -0.00592373 0.0156242 -0.0171311 0.0870596 
0.0125955 -0.0219417 0.00486212 -0.00597401 -0.0219417 0.100004 -0.00596025 0.0157366 0.00486212 -0.00596025 0.00907002 -0.0172981 -0.00597401 0.0157366 -0.0172981 0.0873729 
0.0125368 -0.0218074 0.00488242 -0.00601346 -0.0218074 0.0996568 -0.00599393 0.0158248 0.00488242 -0.00599393 0.0091124 -0.0174382 -0.00601346 0.0158248 -0.0174382 0.0877066 
0.0124921 -0.0217509 0.00487869 -0.00602889 -0.0217509 0.0994645 -0.0060119 0.0158694 0.00487869 -0.0060119 0.00920268 -0.0175088 -0.00602889 0.0158694 -0.0175088 0.0879977 
0.0124976 -0.0216821 0.00484659 -0.00601389 -0.0216821 0.0992329 -0.00600176 0.0158548 0.00484659 -0.00600176 0.00922356 -0.0175928 -0.00601389 0.0158548 -0.0175928 0.0881528 
0.0125355 -0.0217285 0.00482411 -0.00597616 -0.0217285 0.0993156 -0.00597421 0.0158045 0.00482411 -0.00597421 0.00925525 -0.0176405 -0.00597616 0.0158045 -0.0176405 0.0883719 
0.0125738 -0.0217652 0.00478997 -0.00593442 -0.0217652 0.0993866 -0.00593867 0.0157036 0.00478997 -0.00593867 0.00926937 -0.0176586 -0.00593442 0.0157036 -0.0176586 0.0884177 
0.0125467 -0.021809 0.00478488 -0.00588912 -0.021809 0.0994733 -0.00589437 0.0155907 0.00478488 -0.00589437 0.0093164 -0.0176756 -0.00588912 0.0155907 -0.0176756 0.0884439 
0.012507 -0.0217768 0.00480738 -0.00588946 -0.0217768 0.0994581 -0.00588943 0.0155486 0.00480738 -0.00588943 0.00931623 -0.0177265 -0.00588946 0.0155486 -0.0177265 0.0885185 
0.0124702 -0.0217417 0.00482957 -0.00591583 -0.0217417 0.0994198 -0.00591087 0.0155645 0.00482957 -0.00591087 0.00933466 -0.017753 -0.00591583 0.0155645 -0.017753 0.0886577 
0.0124585 -0.0217022 0.00487017 -0.00595824 -0.0217022 0.0993635 -0.00595157 0.0156673 0.00487017 -0.00595157 0.00927982 -0.0177632 -0.00595824 0.0156673 -0.0177632 0.0887229 
0.0124276 -0.0216656 0.00490861 -0.00600759 -0.0216656 0.0992268 -0.00600542 0.0157945 0.00490861 -0.00600542 0.00922129 -0.0176697 -0.00600759 0.0157945 -0.0176697 0.088541 
0.012493 -0.0216149 0.00488663 -0.00604654 -0.0216149 0.0990621 -0.00604652 0.0158942 0.00488663 -0.00604652 0.00912147 -0.0175935 -0.00604654 0.0158942 -0.0175935 0.0883103 
0.0125825 -0.0217213 0.00485868 -0.00603215 -0.0217213 0.0992489 -0.00603855 0.015937 0.00485868 -0.00603855 0.00907855 -0.017498 -0.00603215 0.015937 -0.017498 0.0881581 
0.0126239 -0.0218125 0.00481106 -0.00598011 -0.0218125 0.0994341 -0.00599293 0.0158471 0.00481106 -0.00599293 0.00911871 -0.0174344 -0.00598011 0.0158471 -0.0174344 0.08794 
0.0126871 -0.0218607 0.00478381 -0.00593008 -0.0218607 0.0995787 -0.00593917 0.0157375 0.00478381 -0.00593917 0.00906131 -0.0174731 -0.00593008 0.0157375 -0.0174731 0.0878908 
0.0127067 -0.0219409 0.00477716 -0.00588903 -0.0219409 0.0997686 -0.00589563 0.0156085 0.00477716 -0.00589563 0.00903768 -0.0174366 -0.00588903 0.0156085 -0.0174366 0.0878943 
0.012672 -0.0219785 0.00477228 -0.00587847 -0.0219785 0.0999437 -0.00588441 0.0155336 0.00477228 -0.00588441 0.00914059 -0.0174272 -0.00587847 0.0155336 -0.0174272 0.0879202 
0.0126815 -0.0219123 0.00476528 -0.00588391 -0.0219123 0.0998277 -0.00588371 0.0155338 0.00476528 -0.00588371 0.00912083 -0.0175082 -0.00588391 0.0155338 -0.0175082 0.087955 
0.0126504 -0.0219237 0.00480837 -0.00588461 -0.0219237 0.0997992 -0.00588065 0.0155466 0.00480837 -0.00588065 0.00906713 -0.0174964 -0.00588461 0.0155466 -0.0174964 0.0879973 
0.0126456 -0.021894 0.00483529 -0.00593649 -0.021894 0.0997786 -0.00593021 0.0156211 0.00483529 -0.00593021 0.00902196 -0.0174483 -0.00593649 0.0156211 -0.0174483 0.0879699 
0.0126542 -0.021881 0.00482673 -0.00596807 -0.021881 0.0997336 -0.00596115 0.0157041 0.00482673 -0.00596115 0.00903638 -0.0173996 -0.00596807 0.0157041 -0.0173996 0.087887 
0.0127632 -0.0218784 0.00477853 -0.00596468 -0.0218784 0.0996807 -0.00595958 0.0157493 0.00477853 -0.00595958 0.00892839 -0.0173971 -0.00596468 0.0157493 -0.0173971 0.0878035 
0.0127821 -0.0220069 0.00479249 -0.00591212 -0.0220069 0.099863 -0.00591742 0.0157042 0.00479249 -0.00591742 0.0088539 -0.0172663 -0.00591212 0.0157042 -0.0172663 0.0875811 
0.0127695 -0.0220138 0.00481909 -0.00592779 -0.0220138 0.099928 -0.00593659 0.0157034 0.00481909 -0.00593659 0.00876905 -0.0171512 -0.00592779 0.0157034 -0.0171512 0.0872313 
0.0127266 -0.0220083 0.00485216 -0.00596588 -0.0220083 0.0999652 -0.00596966 0.0157631 0.00485216 -0.00596966 0.00877568 -0.0170693 -0.00596588 0.0157631 -0.0170693 0.0870257 
0.0127419 -0.0219527 0.00482304 -0.00600484 -0.0219527 0.0998767 -0.00600038 0.0158386 0.00482304 -0.00600038 0.00882489 -0.0170843 -0.00600484 0.0158386 -0.0170843 0.0869809 
0.0127501 -0.0219761 0.00482702 -0.00599131 -0.0219761 0.0998974 -0.00598371 0.0158801 0.00482702 -0.00598371 0.00883783 -0.0171502 -0.00599131 0.0158801 -0.0171502 0.0871126 
0.0127404 -0.0219762 0.00483424 -0.0059853 -0.0219762 0.0998919 -0.00597768 0.0158609 0.00483424 -0.00597768 0.00884058 -0.0171672 -0.0059853 0.0158609 -0.0171672 0.087194 
0.0127729 -0.0219509 0.00478598 -0.00597303 -0.0219509 0.0997993 -0.00596576 0.015802 0.00478598 -0.00596576 0.00885941 -0.0171732 -0.00597303 0.015802 -0.0171732 0.0872087 
0.0127873 -0.0220214 0.00476723 -0.00592472 -0.0220214 0.0999542 -0.00592219 0.0157308 0.00476723 -0.00592219 0.00892592 -0.017222 -0.00592472 0.0157308 -0.017222 0.0873671 
0.0127753 -0.0220173 0.00475505 -0.00588783 -0.0220173 0.0999528 -0.00588666 0.0156236 0.00475505 -0.00588666 0.00895443 -0.017284 -0.00588783 0.0156236 -0.017284 0.0874607 
0.0127508 -0.0220193 0.00479121 -0.00589342 -0.0220193 0.100009 -0.00589081 0.0156196 0.00479121 -0.00589081 0.00893503 -0.0173281 -0.00589342 0.0156196 -0.0173281 0.0876195 
0.0126654 -0.0219647 0.00485164 -0.00593129 -0.0219647 0.0998762 -0.00592509 0.015665 0.00485164 -0.00592509 0.00891649 -0.0172923 -0.00593129 0.015665 -0.0172923 0.0875761 
0.0126542 -0.0218705 0.00485384 -0.00600282 -0.0218705 0.0996924 -0.00599284 0.0157869 0.00485384 -0.00599284 0.00893484 -0.0172795 -0.00600282 0.0157869 -0.0172795 0.0875573 
0.0126114 -0.021839 0.0048852 -0.00602859 -0.021839 0.0995257 -0.0060224 0.0159338 0.0048852 -0.0060224 0.00893158 -0.0172677 -0.00602859 0.0159338 -0.0172677 0.0874726 
0.0125743 -0.021799 0.00491906 -0.00606065 -0.021799 0.0994291 -0.0060586 0.0160269 0.00491906 -0.0060586 0.00891638 -0.0172614 -0.00606065 0.0160269 -0.0172614 0.0874347 
0.0126518 -0.0217847 0.00487859 -0.00608961 -0.0217847 0.0994443 -0.00608894 0.0160831 0.00487859 -0.00608894 0.00890515 -0.0172719 -0.00608961 0.0160831 -0.0172719 0.0875197 
0.0127185 -0.021848 0.00482154 -0.00602884 -0.021848 0.0994621 -0.00603335 0.0160078 0.00482154 -0.00603335 0.0088868 -0.0172377 -0.00602884 0.0160078 -0.0172377 0.0874195 
0.0127555 -0.0219351 0.00480221 -0.00596025 -0.0219351 0.0996368 -0.00596858 0.0158678 0.00480221 -0.00596858 0.00884814 -0.0172192 -0.00596025 0.0158678 -0.0172192 0.0873485 
0.012798 -0.021988 0.00479042 -0.00593307 -0.021988 0.0998151 -0.00594283 0.0157572 0.00479042 -0.00594283 0.0087919 -0.0171838 -0.00593307 0.0157572 -0.0171838 0.0872934 
0.0128104 -0.0220337 0.00479682 -0.00592065 -0.0220337 0.0999305 -0.00593445 0.0157123 0.00479682 -0.00593445 0.00873636 -0.0171041 -0.00592065 0.0157123 -0.0171041 0.087123 
0.0128617 -0.0220802 0.00479061 -0.00593761 -0.0220802 0.100141 -0.00595191 0.0157328 0.00479061 -0.00595191 0.00869727 -0.0170512 -0.00593761 0.0157328 -0.0170512 0.0870366 
0.0127685 -0.0220951 0.0048419 -0.00592953 -0.0220951 0.100123 -0.00594217 0.015734 0.0048419 -0.00594217 0.00870796 -0.0169646 -0.00592953 0.015734 -0.0169646 0.0867466 
0.0126441 -0.0220117 0.00490487 -0.00600131 -0.0220117 0.100067 -0.0060025 0.0158344 0.00490487 -0.0060025 0.008825 -0.0169982 -0.00600131 0.0158344 -0.0169982 0.0867559 
0.012538 -0.0218408 0.00492358 -0.00607916 -0.0218408 0.0997047 -0.00606511 0.0159893 0.00492358 -0.00606511 0.00897063 -0.0171288 -0.00607916 0.0159893 -0.0171288 0.0869408 
0.0124752 -0.0217066 0.00495488 -0.0061227 -0.0217066 0.0993212 -0.00610199 0.0161512 0.00495488 -0.00610199 0.00900671 -0.0172895 -0.0061227 0.0161512 -0.0172895 0.0872585 
0.0124702 -0.0216391 0.00499224 -0.00616746 -0.0216391 0.0990917 -0.00614952 0.0162933 0.00499224 -0.00614952 0.00892655 -0.0173275 -0.00616746 0.0162933 -0.0173275 0.08746 
0.0124334 -0.0216201 0.00501631 -0.00619112 -0.0216201 0.0989423 -0.00618736 0.0163684 0.00501631 -0.00618736 0.00889235 -0.0172168 -0.00619112 0.0163684 -0.0172168 0.0873068 
0.0124696 -0.0216089 0.00498202 -0.00620986 -0.0216089 0.0989547 -0.00621365 0.0164114 0.00498202 -0.00621365 0.00893397 -0.0171921 -0.00620986 0.0164114 -0.0171921 0.0872369 
0.0124995 -0.0216659 0.00494987 -0.00616517 -0.0216659 0.0990821 -0.00617233 0.0163641 0.00494987 -0.00617233 0.00899434 -0.017252 -0.00616517 0.0163641 -0.017252 0.0873311 
0.0124941 -0.0216894 0.00492341 -0.00611127 -0.0216894 0.0991361 -0.00611644 0.0162261 0.00492341 -0.00611644 0.00905235 -0.0173231 -0.00611127 0.0162261 -0.0173231 0.0874604 
0.0125158 -0.0216949 0.00490393 -0.00607566 -0.0216949 0.0991856 -0.00607838 0.0161055 0.00490393 -0.00607838 0.00906205 -0.0174047 -0.00607566 0.0161055 -0.0174047 0.0876668 
0.012564 -0.0217324 0.00484746 -0.0060392 -0.0217324 0.0992855 -0.0060428 0.0159786 0.00484746 -0.0060428 0.00911877 -0.0174416 -0.0060392 0.0159786 -0.0174416 0.0878542 
0.0126881 -0.021795 0.00478875 -0.0059725 -0.021795 0.099426 -0.00597853 0.0158416 0.00478875 -0.00597853 0.00904097 -0.0174996 -0.0059725 0.0158416 -0.0174996 0.0879866 
0.0127779 -0.0219386 0.00475128 -0.00589274 -0.0219386 0.0996851 -0.0059103 0.0156683 0.00475128 -0.0059103 0.0089507 -0.0173916 -0.00589274 0.0156683 -0.0173916 0.0878394 
0.0128286 -0.0220734 0.00472875 -0.00584659 -0.0220734 0.100086 -0.00587027 0.0155284 0.00472875 -0.00587027 0.00895293 -0.0172955 -0.00584659 0.0155284 -0.0172955 0.0876495 
0.0127644 -0.0221291 0.0047372 -0.00582038 -0.0221291 0.100317 -0.00583568 0.0154295 0.0047372 -0.00583568 0.0090809 -0.0173022 -0.00582038 0.0154295 -0.0173022 0.0875739 
0.0126857 -0.0220103 0.00475301 -0.00583362 -0.0220103 0.100102 -0.00582813 0.0153918 0.00475301 -0.00582813 0.00913544 -0.0174396 -0.00583362 0.0153918 -0.0174396 0.0876891 
0.0127165 -0.0219346 0.00472989 -0.00585954 -0.0219346 0.0999278 -0.00584213 0.0154115 0.00472989 -0.00584213 0.0091466 -0.0175533 -0.00585954 0.0154115 -0.0175533 0.0880496 
0.012786 -0.0219765 0.0046798 -0.00582339 -0.0219765 0.0999317 -0.00580975 0.0153607 0.0046798 -0.00580975 0.00915831 -0.0175862 -0.00582339 0.0153607 -0.0175862 0.0882788 
0.0128583 -0.0220796 0.0046507 -0.00576298 -0.0220796 0.100168 -0.0057595 0.0152568 0.0046507 -0.0057595 0.00913705 -0.0176062 -0.00576298 0.0152568 -0.0176062 0.0884152 
0.0128931 -0.0221616 0.00463362 -0.00571203 -0.0221616 0.100382 -0.00571492 0.0151173 0.00463362 -0.00571492 0.00912126 -0.0175829 -0.00571203 0.0151173 -0.0175829 0.088417 
0.0127384 -0.022176 0.00469346 -0.00568513 -0.022176 0.100406 -0.00569157 0.0150249 0.00469346 -0.00569157 0.00920134 -0.0175354 -0.00568513 0.0150249 -0.0175354 0.0882534 
0.012728 -0.0220402 0.0046664 -0.00575092 -0.0220402 0.100312 -0.00575063 0.015065 0.0046664 -0.00575063 0.00932867 -0.0176684 -0.00575092 0.015065 -0.0176684 0.088501 
0.0126866 -0.0219932 0.00466526 -0.0057295 -0.0219932 0.100079 -0.00572465 0.0150869 0.00466526 -0.00572465 0.00938319 -0.0177857 -0.0057295 0.0150869 -0.0177857 0.0887059 
0.0126312 -0.0219727 0.00471497 -0.00573924 -0.0219727 0.100047 -0.00573568 0.0151172 0.00471497 -0.00573568 0.0093828 -0.0178516 -0.00573924 0.0151172 -0.0178516 0.0889306 
0.0126418 -0.0218971 0.00472487 -0.00578848 -0.0218971 0.0998951 -0.00578525 0.0151888 0.00472487 -0.00578525 0.00932929 -0.0178433 -0.00578848 0.0151888 -0.0178433 0.0889697 
0.0126405 -0.0218854 0.00474001 -0.00580541 -0.0218854 0.0997481 -0.00580492 0.0152641 0.00474001 -0.00580492 0.00925214 -0.0177535 -0.00580541 0.0152641 -0.0177535 0.0887655 
0.0126124 -0.0219123 0.00476301 -0.00583164 -0.0219123 0.0998267 -0.00583395 0.0153424 0.00476301 -0.00583395 0.00927274 -0.0176819 -0.00583164 0.0153424 -0.0176819 0.0886347 
0.0125872 -0.0218474 0.00478569 -0.00586107 -0.0218474 0.0996713 -0.0058624 0.0154273 0.00478569 -0.0058624 0.00922268 -0.0176604 -0.00586107 0.0154273 -0.0176604 0.088437 
0.0126449 -0.0218299 0.00479231 -0.00589873 -0.0218299 0.0996184 -0.00589938 0.0155274 0.00479231 -0.00589938 0.00910946 -0.0176152 -0.00589873 0.0155274 -0.0176152 0.0883464 
0.012709 -0.0218858 0.00478455 -0.00591046 -0.0218858 0.099667 -0.00591366 0.0155916 0.00478455 -0.00591366 0.00900836 -0.0174744 -0.00591046 0.0155916 -0.0174744 0.0880796 
0.0126908 -0.0219617 0.00480868 -0.00590955 -0.0219617 0.0998288 -0.00591519 0.0156284 0.00480868 -0.00591519 0.00899333 -0.0173517 -0.00590955 0.0156284 -0.0173517 0.0877724 
0.0126477 -0.0219257 0.00481872 -0.00593255 -0.0219257 0.099798 -0.00593603 0.0156609 0.00481872 -0.00593603 0.00902559 -0.0173241 -0.00593255 0.0156609 -0.0173241 0.0875774 
0.0125978 -0.0218988 0.00485165 -0.0059594 -0.0218988 0.0998057 -0.00595687 0.0157283 0.00485165 -0.00595687 0.00907351 -0.0173869 -0.0059594 0.0157283 -0.0173869 0.0876966 
0.0125479 -0.0218131 0.00488436 -0.00599548 -0.0218131 0.0995948 -0.00598976 0.0158066 0.00488436 -0.00598976 0.00905698 -0.0174172 -0.00599548 0.0158066 -0.0174172 0.0877319 
0.0124794 -0.0217699 0.00494671 -0.0060497 -0.0217699 0.0994941 -0.00604519 0.0159463 0.00494671 -0.00604519 0.00904004 -0.0173952 -0.0060497 0.0159463 -0.0173952 0.0877464 
0.0123954 -0.0216761 0.00497902 -0.00611473 -0.0216761 0.0992834 -0.00610952 0.0160799 0.00497902 -0.00610952 0.00908546 -0.0173674 -0.00611473 0.0160799 -0.0173674 0.0876735 
0.0123156 -0.0215593 0.00499952 -0.00616127 -0.0215593 0.0989657 -0.00615539 0.0162227 0.00499952 -0.00615539 0.00913008 -0.0173906 -0.00616127 0.0162227 -0.0173906 0.087608 
0.0122925 -0.0214687 0.00503294 -0.00620015 -0.0214687 0.0987114 -0.00619318 0.0163564 0.00503294 -0.00619318 0.00908562 -0.0174315 -0.00620015 0.0163564 -0.0174315 0.0876467 
0.0123483 -0.0214581 0.00502834 -0.00624105 -0.0214581 0.0986578 -0.00623422 0.0164629 0.00502834 -0.00623422 0.00903974 -0.0174053 -0.00624105 0.0164629 -0.0174053 0.0877048 
0.0123676 -0.0215126 0.00503899 -0.00624004 -0.0215126 0.0987094 -0.00623757 0.0165182 0.00503899 -0.00623757 0.00899345 -0.0173381 -0.00624004 0.0165182 -0.0173381 0.0875785 
0.0123753 -0.0215192 0.00504656 -0.00624863 -0.0215192 0.0987112 -0.0062496 0.0165462 0.00504656 -0.0062496 0.00893555 -0.0172674 -0.00624863 0.0165462 -0.0172674 0.0873692 
0.0122924 -0.0215197 0.00508159 -0.00625781 -0.0215197 0.0986839 -0.00626097 0.0165738 0.00508159 -0.00626097 0.00896302 -0.017192 -0.00625781 0.0165738 -0.017192 0.087154 
0.012282 -0.021456 0.0051072 -0.00631215 -0.021456 0.0986805 -0.00630967 0.0166707 0.0051072 -0.00630967 0.00895475 -0.0172511 -0.00631215 0.0166707 -0.0172511 0.0872527 
0.0123915 -0.0214271 0.0050586 -0.00633426 -0.0214271 0.0985771 -0.00633219 0.0167354 0.0050586 -0.00633219 0.0088912 -0.0172442 -0.00633426 0.0167354 -0.0172442 0.0872988 
0.0124628 -0.0215511 0.00499892 -0.0062651 -0.0215511 0.0987076 -0.00627305 0.0166553 0.00499892 -0.00627305 0.00890427 -0.0171606 -0.0062651 0.0166553 -0.0171606 0.0871556 
0.0124775 -0.0216557 0.00498651 -0.00619008 -0.0216557 0.0989845 -0.00620519 0.0165056 0.00498651 -0.00620519 0.0089059 -0.0171661 -0.00619008 0.0165056 -0.0171661 0.0870763 
0.0124512 -0.0216558 0.00500478 -0.00616802 -0.0216558 0.0990281 -0.0061835 0.0163997 0.00500478 -0.0061835 0.00885945 -0.01714 -0.00616802 0.0163997 -0.01714 0.0869374 
0.0124108 -0.0216367 0.00503701 -0.00619984 -0.0216367 0.0990424 -0.00621086 0.0164198 0.00503701 -0.00621086 0.00884989 -0.0170891 -0.00619984 0.0164198 -0.0170891 0.0868346 
0.0124125 -0.0216074 0.00503576 -0.00625019 -0.0216074 0.0990624 -0.00625342 0.0165119 0.00503576 -0.00625342 0.00890679 -0.0171011 -0.00625019 0.0165119 -0.0171011 0.0868779 
0.0123646 -0.0215833 0.00504306 -0.00625269 -0.0215833 0.0989662 -0.00624781 0.0165563 0.00504306 -0.00624781 0.00898406 -0.0171579 -0.00625269 0.0165563 -0.0171579 0.0869394 
0.0122551 -0.0215285 0.00506018 -0.00626096 -0.0215285 0.0988539 -0.00624584 0.0165633 0.00506018 -0.00624584 0.00912678 -0.0172701 -0.00626096 0.0165633 -0.0172701 0.0871803 
0.0121634 -0.0213896 0.00506773 -0.00627922 -0.0213896 0.0985624 -0.00625581 0.0165789 0.00506773 -0.00625581 0.00924558 -0.0174471 -0.00627922 0.0165789 -0.0174471 0.0875586 
0.0121046 -0.0212721 0.00509529 -0.00629657 -0.0212721 0.0982296 -0.00626917 0.0166247 0.00509529 -0.00626917 0.0092442 -0.0175786 -0.00629657 0.0166247 -0.0175786 0.0879016 
0.0120457 -0.0212157 0.00511214 -0.00631941 -0.0212157 0.0980464 -0.00630131 0.0166697 0.00511214 -0.00630131 0.00928589 -0.0175964 -0.00631941 0.0166697 -0.0175964 0.0881123 
0.0120194 -0.0211587 0.00511944 -0.00634067 -0.0211587 0.0979289 -0.00633045 0.0167355 0.00511944 -0.00633045 0.00930965 -0.0176363 -0.00634067 0.0167355 -0.0176363 0.0882331 
0.0120324 -0.021118 0.00514547 -0.00635099 -0.021118 0.097788 -0.00634753 0.0167974 0.00514547 -0.00634753 0.0092144 -0.0176284 -0.00635099 0.0167974 -0.0176284 0.0882 
0.0120113 -0.0211295 0.0051646 -0.0063734 -0.0211295 0.09775 -0.00637926 0.0168477 0.0051646 -0.00637926 0.00918012 -0.0175137 -0.0063734 0.0168477 -0.0175137 0.0880003 
0.012072 -0.0211217 0.00516206 -0.00640851 -0.0211217 0.0977864 -0.00641762 0.0169446 0.00516206 -0.00641762 0.0091222 -0.0174688 -0.00640851 0.0169446 -0.0174688 0.0878529 
0.0122295 -0.0211763 0.00511103 -0.00640039 -0.0211763 0.0978403 -0.00640993 0.016963 0.00511103 -0.00640993 0.00900166 -0.0173987 -0.00640039 0.016963 -0.0173987 0.0876747 
0.0123261 -0.0213682 0.00508969 -0.00634401 -0.0213682 0.0981826 -0.00635879 0.0168959 0.00508969 -0.00635879 0.00891793 -0.0172571 -0.00634401 0.0168959 -0.0172571 0.0873875 
0.0122879 -0.0214715 0.00512413 -0.00631761 -0.0214715 0.0984675 -0.00633377 0.0168221 0.00512413 -0.00633377 0.00887517 -0.0171394 -0.00631761 0.0168221 -0.0171394 0.0870299 
0.0122434 -0.0214399 0.00515328 -0.00635946 -0.0214399 0.0985657 -0.006368 0.0168409 0.00515328 -0.006368 0.0088865 -0.017114 -0.00635946 0.0168409 -0.017114 0.086931 
0.012235 -0.0213818 0.00513834 -0.00640009 -0.0213818 0.0984861 -0.00640141 0.0169145 0.00513834 -0.00640141 0.0089358 -0.0171346 -0.00640009 0.0169145 -0.0171346 0.0869574 
0.0122153 -0.0213684 0.00511288 -0.00637928 -0.0213684 0.0984131 -0.00638094 0.0169145 0.00511288 -0.00638094 0.0090234 -0.0171922 -0.00637928 0.0169145 -0.0171922 0.0870551 
0.0122004 -0.021336 0.00508528 -0.00633329 -0.021336 0.0982908 -0.00633436 0.0168184 0.00508528 -0.00633436 0.00907073 -0.0172809 -0.00633329 0.0168184 -0.0172809 0.0871741 
0.0122168 -0.0213428 0.00508544 -0.00630303 -0.0213428 0.0983092 -0.00630505 0.016733 0.00508544 -0.00630505 0.00905147 -0.0173452 -0.00630303 0.016733 -0.0173452 0.0873622 
0.0122315 -0.0213565 0.00506906 -0.00628993 -0.0213565 0.0983267 -0.00629224 0.0166575 0.00506906 -0.00629224 0.00906356 -0.0173307 -0.00628993 0.0166575 -0.0173307 0.0874136 
0.0122876 -0.021375 0.00504575 -0.00627602 -0.021375 0.0983666 -0.00627772 0.0166201 0.00504575 -0.00627772 0.00903647 -0.0173396 -0.00627602 0.0166201 -0.0173396 0.0874153 
0.0122759 -0.0214614 0.00505788 -0.00626128 -0.0214614 0.0985771 -0.00626305 0.016604 0.00505788 -0.00626305 0.00905804 -0.0173219 -0.00626128 0.016604 -0.0173219 0.0874417 
0.0122689 -0.0214209 0.00503554 -0.00625326 -0.0214209 0.0985243 -0.00625297 0.0165475 0.00503554 -0.00625297 0.00909306 -0.0173428 -0.00625326 0.0165475 -0.0173428 0.0874332 
0.0123415 -0.0214487 0.00499806 -0.00623105 -0.0214487 0.0986276 -0.00623009 0.0164977 0.00499806 -0.00623009 0.00911354 -0.0174242 -0.00623105 0.0164977 -0.0174242 0.0876685 
0.0123365 -0.0215262 0.00496014 -0.00617326 -0.0215262 0.098763 -0.00617494 0.0163768 0.00496014 -0.00617494 0.0092192 -0.017447 -0.00617326 0.0163768 -0.017447 0.0877811 
0.0123269 -0.021514 0.00494434 -0.00612186 -0.021514 0.0987679 -0.00612186 0.0162372 0.00494434 -0.00612186 0.00925422 -0.0175522 -0.00612186 0.0162372 -0.0175522 0.0879154 
0.0123611 -0.0215264 0.00492878 -0.0060997 -0.0215264 0.0988433 -0.00609545 0.016133 0.00492878 -0.00609545 0.00926149 -0.0176348 -0.0060997 0.016133 -0.0176348 0.0882041 
0.0123814 -0.0215719 0.00491061 -0.00607299 -0.0215719 0.0989562 -0.00606836 0.0160412 0.00491061 -0.00606836 0.00929208 -0.0176653 -0.00607299 0.0160412 -0.0176653 0.0884003 
0.0124076 -0.0215643 0.00488426 -0.00604114 -0.0215643 0.0988945 -0.0060391 0.0159535 0.00488426 -0.0060391 0.00925042 -0.0176679 -0.00604114 0.0159535 -0.0176679 0.0883649 
0.012444 -0.0216311 0.00486956 -0.00601873 -0.0216311 0.0990641 -0.00602225 0.0159032 0.00486956 -0.00602225 0.00925747 -0.0176404 -0.00601873 0.0159032 -0.0176404 0.0883918 
0.0124549 -0.0216605 0.0048529 -0.00599184 -0.0216605 0.0991351 -0.00599792 0.0158383 0.0048529 -0.00599792 0.00927225 -0.0176287 -0.00599184 0.0158383 -0.0176287 0.088308 
0.0123948 -0.0216896 0.00483391 -0.00596608 -0.0216896 0.0992498 -0.0059694 0.0157545 0.00483391 -0.0059694 0.00941839 -0.0176775 -0.00596608 0.0157545 -0.0176775 0.0884209 
0.0122898 -0.0216056 0.00484781 -0.00594251 -0.0216056 0.0991108 -0.00593811 0.015682 0.00484781 -0.00593811 0.00952518 -0.017831 -0.00594251 0.015682 -0.017831 0.0886428 
0.0122165 -0.0214927 0.00486484 -0.00596228 -0.0214927 0.0988954 -0.00595072 0.0156759 0.00486484 -0.00595072 0.00960701 -0.0179721 -0.00596228 0.0156759 -0.0179721 0.0890046 
0.0122905 -0.0214247 0.00484802 -0.00598646 -0.0214247 0.0987584 -0.0059698 0.0157127 0.00484802 -0.0059698 0.00958846 -0.0180968 -0.00598646 0.0157127 -0.0180968 0.0894137 
0.012417 -0.0214733 0.00479455 -0.00595046 -0.0214733 0.0986753 -0.00593755 0.0156578 0.00479455 -0.00593755 0.00948538 -0.0180634 -0.00595046 0.0156578 -0.0180634 0.0894475 
0.0124486 -0.0216473 0.0047462 -0.00587888 -0.0216473 0.0989969 -0.00587825 0.0155243 0.0047462 -0.00587825 0.00956862 -0.0179731 -0.00587888 0.0155243 -0.0179731 0.0893705 
0.012438 -0.0216992 0.00472807 -0.00581917 -0.0216992 0.099246 -0.00582213 0.0153799 0.00472807 -0.00582213 0.00965363 -0.018063 -0.00581917 0.0153799 -0.018063 0.0894485 
0.0123864 -0.0216701 0.00473864 -0.00579123 -0.0216701 0.0992316 -0.00578848 0.0152667 0.00473864 -0.00578848 0.00969414 -0.018158 -0.00579123 0.0152667 -0.018158 0.0896184 
0.0124893 -0.0216272 0.0046972 -0.00579906 -0.0216272 0.0991977 -0.00579143 0.0152198 0.0046972 -0.00579143 0.00965023 -0.0182431 -0.00579906 0.0152198 -0.0182431 0.0899069 
0.0124761 -0.0217282 0.00470409 -0.00575998 -0.0217282 0.0992868 -0.00575568 0.0151755 0.00470409 -0.00575568 0.00965392 -0.018174 -0.00575998 0.0151755 -0.018174 0.0898661 
0.0125088 -0.0217131 0.00470935 -0.00576872 -0.0217131 0.099315 -0.00576596 0.01517 0.00470935 -0.00576596 0.00957154 -0.0181631 -0.00576872 0.01517 -0.0181631 0.0897748 
0.0124873 -0.0217752 0.00475304 -0.0057848 -0.0217752 0.0994833 -0.00578625 0.0152153 0.00475304 -0.00578625 0.0095455 -0.0180909 -0.0057848 0.0152153 -0.0180909 0.0897263 
0.0124846 -0.0217376 0.0047729 -0.00583122 -0.0217376 0.0994679 -0.00583481 0.0152999 0.0047729 -0.00583481 0.00950521 -0.0180412 -0.00583122 0.0152999 -0.0180412 0.089577 
