0.0041865 0 -0.00216378 0 0 0.00999888 0 0 -0.00216378 0 0.00921339 0 0 0 0 0.00999888 
0.00598165 -0.00744768 -0.00304903 0.00375763 -0.00744768 0.0234412 0.00375763 -0.00720588 -0.00304903 0.00375763 0.0129616 -0.0160478 0.00375763 -0.00720588 -0.0160478 0.0399309 
0.00609399 -0.0119163 -0.00292273 0.00496523 -0.0119163 0.0471498 0.00496523 -0.0158536 -0.00292273 0.00496523 0.0127338 -0.0230055 0.00496523 -0.0158536 -0.0230055 0.0825377 
0.00580443 -0.0125917 -0.00260023 0.00394747 -0.0125917 0.0607302 0.00393654 -0.0145008 -0.00260023 0.00393654 0.0119967 -0.021655 0.00394747 -0.0145008 -0.021655 0.0936711 
0.00583889 -0.012712 -0.00254576 0.00339836 -0.012712 0.0681932 0.00336833 -0.0114578 -0.00254576 0.00336833 0.0120587 -0.0209225 0.00339836 -0.0114578 -0.0209225 0.0952449 
0.00591125 -0.0128337 -0.00263668 0.00336086 -0.0128337 0.072021 0.00333229 -0.0100519 -0.00263668 0.00333229 0.0123305 -0.0210315 0.00336086 -0.0100519 -0.0210315 0.0962378 
0.00601778 -0.0128117 -0.00271957 0.00347537 -0.0128117 0.0734101 0.00346425 -0.00975786 -0.00271957 0.00346425 0.0124205 -0.0212852 0.00347537 -0.00975786 -0.0212852 0.0971078 
0.00613766 -0.0128756 -0.00275371 0.00361059 -0.0128756 0.0739404 0.00362805 -0.00998931 -0.00275371 0.00362805 0.0124 -0.0213249 0.00361059 -0.00998931 -0.0213249 0.0975108 
0.0062169 -0.0129954 -0.00274827 0.00367914 -0.0129954 0.0742213 0.00371774 -0.0102735 -0.00274827 0.00371774 0.0123363 -0.0212005 0.00367914 -0.0102735 -0.0212005 0.0972632 
0.00629896 -0.0130852 -0.00273591 0.00365483 -0.0130852 0.0744891 0.00369297 -0.0103244 -0.00273591 0.00369297 0.0122881 -0.0211419 0.00365483 -0.0103244 -0.0211419 0.0970846 
0.00629156 -0.0131933 -0.00273598 0.00363488 -0.0131933 0.0747395 0.00366808 -0.0102856 -0.00273598 0.00366808 0.0123072 -0.0210592 0.00363488 -0.0102856 -0.0210592 0.096823 
0.00623519 -0.0131986 -0.00273676 0.00363298 -0.0131986 0.074873 0.0036527 -0.0102398 -0.00273676 0.0036527 0.0123786 -0.0210841 0.00363298 -0.0102398 -0.0210841 0.0967477 
0.006223 -0.0131589 -0.00275094 0.00366821 -0.0131589 0.0748961 0.00366588 -0.0102908 -0.00275094 0.00366588 0.0123954 -0.0211635 0.00366821 -0.0102908 -0.0211635 0.0968521 
0.00621829 -0.0131484 -0.00279422 0.00369371 -0.0131484 0.0749114 0.00367835 -0.0103416 -0.00279422 0.00367835 0.0124072 -0.0212175 0.00369371 -0.0103416 -0.0212175 0.097068 
0.00613098 -0.0131101 -0.00281926 0.0037114 -0.0131101 0.0748149 0.00369809 -0.010347 -0.00281926 0.00369809 0.0124927 -0.0212573 0.0037114 -0.010347 -0.0212573 0.0972374 
0.00608798 -0.0130107 -0.00285622 0.00375579 -0.0130107 0.0746391 0.00374084 -0.0104364 -0.00285622 0.00374084 0.0125444 -0.0213591 0.00375579 -0.0104364 -0.0213591 0.0974596 
0.00603729 -0.0129395 -0.0028986 0.0038136 -0.0129395 0.0743728 0.00379827 -0.0105775 -0.0028986 0.00379827 0.0125738 -0.0213963 0.0038136 -0.0105775 -0.0213963 0.0975452 
0.00604022 -0.0128738 -0.00293232 0.00385908 -0.0128738 0.0741998 0.00384519 -0.010702 -0.00293232 0.00384519 0.0125861 -0.0214764 0.00385908 -0.010702 -0.0214764 0.0977959 
0.00603474 -0.0128589 -0.00292384 0.00388289 -0.0128589 0.0740751 0.003878 -0.0107795 -0.00292384 0.003878 0.0125987 -0.0215067 0.00388289 -0.0107795 -0.0215067 0.0979612 
0.00602506 -0.0128976 -0.00293651 0.00391859 -0.0128976 0.0741343 0.00391751 -0.0109291 -0.00293651 0.00391751 0.0125899 -0.0214658 0.00391859 -0.0109291 -0.0214658 0.0978698 
0.0059796 -0.0128492 -0.00293825 0.00389053 -0.0128492 0.0740603 0.00388457 -0.0108796 -0.00293825 0.00388457 0.012632 -0.0214997 0.00389053 -0.0108796 -0.0214997 0.0979444 
0.00594712 -0.012787 -0.00292758 0.00388791 -0.012787 0.0739377 0.00387625 -0.0108337 -0.00292758 0.00387625 0.0126809 -0.0215727 0.00388791 -0.0108337 -0.0215727 0.0981426 
0.00597604 -0.0127595 -0.00294149 0.00389946 -0.0127595 0.0738483 0.00388445 -0.0108629 -0.00294149 0.00388445 0.0126624 -0.0216141 0.00389946 -0.0108629 -0.0216141 0.0982686 
0.00596949 -0.0127447 -0.00294023 0.0038556 -0.0127447 0.0737198 0.00384631 -0.0107397 -0.00294023 0.00384631 0.012685 -0.0216429 0.0038556 -0.0107397 -0.0216429 0.0984216 
0.00593553 -0.0127116 -0.00289076 0.00381048 -0.0127116 0.073586 0.00381312 -0.0105803 -0.00289076 0.00381312 0.0127388 -0.0216935 0.00381048 -0.0105803 -0.0216935 0.098573 
0.00600404 -0.0127597 -0.00288526 0.00383614 -0.0127597 0.0737305 0.00384258 -0.0106754 -0.00288526 0.00384258 0.0126714 -0.0216879 0.00383614 -0.0106754 -0.0216879 0.0985423 
0.00602806 -0.0128611 -0.00288338 0.00383113 -0.0128611 0.073985 0.00384091 -0.0107115 -0.00288338 0.00384091 0.0126441 -0.0216077 0.00383113 -0.0107115 -0.0216077 0.0984213 
0.00600912 -0.0128808 -0.00287359 0.00380371 -0.0128808 0.0741158 0.00381408 -0.0106474 -0.00287359 0.00381408 0.012662 -0.0215772 0.00380371 -0.0106474 -0.0215772 0.0983011 
0.00598497 -0.0128752 -0.00286445 0.00381551 -0.0128752 0.0741727 0.00382083 -0.0106597 -0.00286445 0.00382083 0.0126741 -0.0215766 0.00381551 -0.0106597 -0.0215766 0.098225 
0.00600362 -0.0128325 -0.00284352 0.0038095 -0.0128325 0.0740742 0.00380555 -0.0106556 -0.00284352 0.00380555 0.0126358 -0.0215764 0.0038095 -0.0106556 -0.0215764 0.0981556 
0.00606954 -0.0128733 -0.00285542 0.00380297 -0.0128733 0.0741627 0.00379513 -0.0106601 -0.00285542 0.00379513 0.0125868 -0.0215533 0.00380297 -0.0106601 -0.0215533 0.0981794 
0.00612897 -0.0129333 -0.00284645 0.00379632 -0.0129333 0.074229 0.0037983 -0.0106344 -0.00284645 0.0037983 0.0125191 -0.0214681 0.00379632 -0.0106344 -0.0214681 0.0979736 
0.00614255 -0.0130368 -0.00291945 0.00380504 -0.0130368 0.0744622 0.00381599 -0.0106793 -0.00291945 0.00381599 0.0124871 -0.0213569 0.00380504 -0.0106793 -0.0213569 0.0976763 
0.00610911 -0.013052 -0.00294975 0.00387206 -0.013052 0.0746196 0.00389133 -0.0107799 -0.00294975 0.00389133 0.0125263 -0.0213503 0.00387206 -0.0107799 -0.0213503 0.0976096 
0.00602936 -0.0129885 -0.00296648 0.00391277 -0.0129885 0.0745168 0.0039257 -0.0108955 -0.00296648 0.0039257 0.012593 -0.0213869 0.00391277 -0.0108955 -0.0213869 0.0976094 
0.00597057 -0.0128686 -0.00298896 0.00392542 -0.0128686 0.0742892 0.00392055 -0.0109238 -0.00298896 0.00392055 0.0126868 -0.0215248 0.00392542 -0.0109238 -0.0215248 0.0979462 
0.00598415 -0.0127489 -0.00299094 0.00393594 -0.0127489 0.0738687 0.00392053 -0.0109093 -0.00299094 0.00392053 0.0126748 -0.0216273 0.00393594 -0.0109093 -0.0216273 0.0981801 
0.00602605 -0.0127686 -0.00299632 0.00392545 -0.0127686 0.0737772 0.00391827 -0.0108857 -0.00299632 0.00391827 0.0126675 -0.0216694 0.00392545 -0.0108857 -0.0216694 0.098463 
0.00607042 -0.0128419 -0.00299299 0.00393098 -0.0128419 0.0738742 0.00394199 -0.0109074 -0.00299299 0.00394199 0.0126213 -0.0216236 0.00393098 -0.0109074 -0.0216236 0.0984034 
0.00605758 -0.0129287 -0.00299596 0.00392013 -0.0129287 0.0741529 0.00394345 -0.0109084 -0.00299596 0.00394345 0.0126583 -0.0215925 0.00392013 -0.0109084 -0.0215925 0.0983935 
0.00599307 -0.0129514 -0.00300538 0.0039503 -0.0129514 0.0743511 0.00397264 -0.0109854 -0.00300538 0.00397264 0.0127193 -0.0215923 0.0039503 -0.0109854 -0.0215923 0.0983178 
0.00597609 -0.0128876 -0.0030234 0.00399585 -0.0128876 0.0743205 0.004001 -0.0111066 -0.0030234 0.004001 0.0127187 -0.0216348 0.00399585 -0.0111066 -0.0216348 0.0982996 
0.00599935 -0.0128698 -0.00306782 0.00403275 -0.0128698 0.0743088 0.00402706 -0.0112171 -0.00306782 0.00402706 0.0127111 -0.0216687 0.00403275 -0.0112171 -0.0216687 0.0984493 
0.00596588 -0.012905 -0.00313355 0.00410405 -0.012905 0.0743536 0.00410154 -0.0113953 -0.00313355 0.00410154 0.0127318 -0.0216303 0.00410405 -0.0113953 -0.0216303 0.0983988 
0.00588868 -0.0128221 -0.00311713 0.00414408 -0.0128221 0.0741993 0.00414409 -0.0114882 -0.00311713 0.00414409 0.0127981 -0.02169 0.00414408 -0.0114882 -0.02169 0.0984967 
0.00585374 -0.0126986 -0.00307557 0.00413308 -0.0126986 0.0738406 0.00412127 -0.0115086 -0.00307557 0.00412127 0.0127936 -0.0217446 0.00413308 -0.0115086 -0.0217446 0.0985466 
0.00582516 -0.0126378 -0.00303429 0.00407728 -0.0126378 0.073594 0.00405483 -0.0113989 -0.00303429 0.00405483 0.0128134 -0.0217794 0.00407728 -0.0113989 -0.0217794 0.0987095 
0.00583004 -0.0126016 -0.00301399 0.00402753 -0.0126016 0.0734495 0.00400051 -0.0112609 -0.00301399 0.00400051 0.01282 -0.0218049 0.00402753 -0.0112609 -0.0218049 0.0988168 
0.0058082 -0.0125828 -0.00301727 0.00396376 -0.0125828 0.0733517 0.00394082 -0.0110637 -0.00301727 0.00394082 0.012859 -0.0218563 0.00396376 -0.0110637 -0.0218563 0.0990139 
0.00581271 -0.0125448 -0.00300378 0.00395088 -0.0125448 0.0732137 0.00393902 -0.0109597 -0.00300378 0.00393902 0.0128571 -0.0218868 0.00395088 -0.0109597 -0.0218868 0.0990829 
0.00582346 -0.0125632 -0.00297399 0.00394707 -0.0125632 0.073192 0.0039486 -0.0109596 -0.00297399 0.0039486 0.012847 -0.0218671 0.00394707 -0.0109596 -0.0218671 0.0990534 
0.0058127 -0.0125761 -0.00292555 0.00389549 -0.0125761 0.0732312 0.00390104 -0.0108689 -0.00292555 0.00390104 0.0128734 -0.0218784 0.00389549 -0.0108689 -0.0218784 0.0990914 
0.00585191 -0.0126129 -0.00288469 0.00387541 -0.0126129 0.0733786 0.00387784 -0.010839 -0.00288469 0.00387784 0.0128513 -0.0218774 0.00387541 -0.010839 -0.0218774 0.0990746 
0.00586807 -0.0126917 -0.00290315 0.00384216 -0.0126917 0.0736228 0.00383993 -0.0107883 -0.00290315 0.00383993 0.0128551 -0.0218482 0.00384216 -0.0107883 -0.0218482 0.0990481 
0.00587444 -0.0127362 -0.00295207 0.00388389 -0.0127362 0.0738066 0.00388281 -0.0108505 -0.00295207 0.00388281 0.0128382 -0.0218056 0.00388389 -0.0108505 -0.0218056 0.0988801 
0.00582071 -0.0127353 -0.003008 0.00393439 -0.0127353 0.073863 0.00393713 -0.0109588 -0.003008 0.00393713 0.0128781 -0.0217945 0.00393439 -0.0109588 -0.0217945 0.0988064 
0.00584255 -0.0126567 -0.00303857 0.00400931 -0.0126567 0.0737207 0.00401032 -0.0111302 -0.00303857 0.00401032 0.0128416 -0.0218322 0.00400931 -0.0111302 -0.0218322 0.0987991 
0.00588869 -0.0126697 -0.00304 0.00403807 -0.0126697 0.0736986 0.00404155 -0.0112433 -0.00304 0.00404155 0.0128073 -0.0218454 0.00403807 -0.0112433 -0.0218454 0.0989571 
0.00590823 -0.0127188 -0.00304754 0.00402816 -0.0127188 0.0737597 0.00403691 -0.0112599 -0.00304754 0.00403691 0.012786 -0.0217981 0.00402816 -0.0112599 -0.0217981 0.0989239 
0.0059602 -0.0127404 -0.003037 0.00403753 -0.0127404 0.0737845 0.00405068 -0.0112788 -0.003037 0.00405068 0.0127055 -0.0217288 0.00403753 -0.0112788 -0.0217288 0.0986957 
0.00602593 -0.0128206 -0.00302509 0.0040309 -0.0128206 0.0739837 0.00404664 -0.0112897 -0.00302509 0.00404664 0.012646 -0.0216586 0.0040309 -0.0112897 -0.0216586 0.0985828 
0.00602677 -0.0128556 -0.00299589 0.00397341 -0.0128556 0.0740287 0.0039915 -0.0111508 -0.00299589 0.0039915 0.0126313 -0.0215827 0.00397341 -0.0111508 -0.0215827 0.0983638 
0.00601528 -0.012877 -0.00297296 0.00395263 -0.012877 0.0741135 0.0039669 -0.0110726 -0.00297296 0.0039669 0.0126436 -0.021552 0.00395263 -0.0110726 -0.021552 0.0982201 
0.00604749 -0.0129037 -0.00299145 0.00397334 -0.0129037 0.0742413 0.00397804 -0.0111232 -0.00299145 0.00397804 0.0126254 -0.0215321 0.00397334 -0.0111232 -0.0215321 0.0981022 
0.00602704 -0.0129071 -0.00301805 0.00396673 -0.0129071 0.0742183 0.0039655 -0.0110895 -0.00301805 0.0039655 0.0126476 -0.0215237 0.00396673 -0.0110895 -0.0215237 0.0980406 
0.00601992 -0.0128929 -0.00304736 0.00399216 -0.0128929 0.0742542 0.00398981 -0.0111056 -0.00304736 0.00398981 0.0126831 -0.0215967 0.00399216 -0.0111056 -0.0215967 0.0982345 
0.00598499 -0.0129074 -0.0030883 0.00405611 -0.0129074 0.0743023 0.0040564 -0.0112545 -0.0030883 0.0040564 0.0127178 -0.021608 0.00405611 -0.0112545 -0.021608 0.0982873 
0.00595587 -0.0128671 -0.00309995 0.00411755 -0.0128671 0.0742435 0.00411547 -0.011423 -0.00309995 0.00411547 0.0127251 -0.0216307 0.00411755 -0.011423 -0.0216307 0.0982914 
0.00594499 -0.0127844 -0.00309115 0.00409779 -0.0127844 0.0740251 0.00408718 -0.0114064 -0.00309115 0.00408718 0.0127214 -0.0216859 0.00409779 -0.0114064 -0.0216859 0.0984463 
0.00593879 -0.0127504 -0.00307622 0.00407323 -0.0127504 0.0738541 0.00406256 -0.0113345 -0.00307622 0.00406256 0.0127288 -0.0216969 0.00407323 -0.0113345 -0.0216969 0.09855 
0.00597032 -0.0127467 -0.00305743 0.00404804 -0.0127467 0.0738269 0.0040415 -0.0112624 -0.00305743 0.0040415 0.0127227 -0.0217332 0.00404804 -0.0112624 -0.0217332 0.0987082 
0.0060231 -0.0127662 -0.00302074 0.00401 -0.0127662 0.0737551 0.00401087 -0.0111672 -0.00302074 0.00401087 0.0126592 -0.0216843 0.00401 -0.0111672 -0.0216843 0.0985757 
0.00605595 -0.0128962 -0.00305496 0.00399911 -0.0128962 0.0740872 0.00400913 -0.0111674 -0.00305496 0.00400913 0.0126566 -0.021615 0.00399911 -0.0111674 -0.021615 0.0984908 
0.00605065 -0.0129232 -0.00308693 0.00402046 -0.0129232 0.074201 0.00403575 -0.0111797 -0.00308693 0.00403575 0.0126427 -0.021567 0.00402046 -0.0111797 -0.021567 0.0982448 
0.00607626 -0.0129453 -0.00312458 0.00408074 -0.0129453 0.0743404 0.00409826 -0.0113134 -0.00312458 0.00409826 0.0126163 -0.0215631 0.00408074 -0.0113134 -0.0215631 0.0981983 
0.00608913 -0.0129723 -0.00312311 0.00412317 -0.0129723 0.0744451 0.00414276 -0.011438 -0.00312311 0.00414276 0.0126175 -0.0215513 0.00412317 -0.011438 -0.0215513 0.0982094 
0.00611112 -0.0130079 -0.00315153 0.00414689 -0.0130079 0.0745658 0.00416265 -0.0115511 -0.00315153 0.00416265 0.0126066 -0.0215244 0.00414689 -0.0115511 -0.0215244 0.0981317 
0.00615673 -0.0130393 -0.00319228 0.00419159 -0.0130393 0.0746301 0.00420207 -0.0116639 -0.00319228 0.00420207 0.0125412 -0.0214758 0.00419159 -0.0116639 -0.0214758 0.0979441 
0.0061203 -0.013078 -0.00319455 0.00421347 -0.013078 0.0747334 0.00422681 -0.0117141 -0.00319455 0.00422681 0.0125813 -0.0214519 0.00421347 -0.0117141 -0.0214519 0.0979425 
0.00607886 -0.013046 -0.0032106 0.0042321 -0.013046 0.0747522 0.00423784 -0.0117726 -0.0032106 0.00423784 0.0126168 -0.0214883 0.0042321 -0.0117726 -0.0214883 0.0979771 
0.00606512 -0.0129621 -0.00325151 0.0042474 -0.0129621 0.0745336 0.00424074 -0.0117914 -0.00325151 0.00424074 0.0126094 -0.0215186 0.0042474 -0.0117914 -0.0215186 0.0979973 
0.00606147 -0.0129283 -0.00325802 0.00429228 -0.0129283 0.0743728 0.00428561 -0.0118602 -0.00325802 0.00428561 0.0126088 -0.0215378 0.00429228 -0.0118602 -0.0215378 0.0980943 
0.00606285 -0.0128761 -0.00321747 0.00424942 -0.0128761 0.0741984 0.00424815 -0.0117769 -0.00321747 0.00424815 0.01264 -0.0216094 0.00424942 -0.0117769 -0.0216094 0.0983556 
0.00607214 -0.0129088 -0.00318719 0.004235 -0.0129088 0.0741775 0.00423602 -0.0117614 -0.00318719 0.00423602 0.0126344 -0.0215784 0.004235 -0.0117614 -0.0215784 0.0982863 
0.00605621 -0.0129416 -0.00315516 0.00419707 -0.0129416 0.0742836 0.00419608 -0.0116902 -0.00315516 0.00419608 0.0126615 -0.0215893 0.00419707 -0.0116902 -0.0215893 0.0983153 
0.00600399 -0.0129189 -0.00313887 0.00414297 -0.0129189 0.0742981 0.00413381 -0.0115414 -0.00313887 0.00413381 0.0127117 -0.0216357 0.00414297 -0.0115414 -0.0216357 0.09842 
0.00598983 -0.0128669 -0.00313389 0.00413861 -0.0128669 0.0742184 0.00412288 -0.0114806 -0.00313389 0.00412288 0.0127105 -0.0216715 0.00413861 -0.0114806 -0.0216715 0.0984756 
0.00595371 -0.0128525 -0.00315667 0.00414234 -0.0128525 0.0741787 0.00412761 -0.0114816 -0.00315667 0.00412761 0.0127485 -0.0216806 0.00414234 -0.0114816 -0.0216806 0.0985517 
0.00587618 -0.0127636 -0.00314675 0.00412757 -0.0127636 0.0739802 0.00411543 -0.0114118 -0.00314675 0.00411543 0.0128379 -0.0217698 0.00412757 -0.0114118 -0.0217698 0.0987687 
0.00583521 -0.0127079 -0.00315473 0.00416658 -0.0127079 0.0738559 0.00415423 -0.0115143 -0.00315473 0.00415423 0.0128857 -0.0218401 0.00416658 -0.0115143 -0.0218401 0.0989243 
0.00580118 -0.0126512 -0.00315628 0.00419328 -0.0126512 0.0736521 0.00417619 -0.0116147 -0.00315628 0.00417619 0.0128875 -0.0218576 0.00419328 -0.0116147 -0.0218576 0.0989196 
0.00581806 -0.0125959 -0.00314948 0.00418367 -0.0125959 0.0734876 0.00416363 -0.0116183 -0.00314948 0.00416363 0.0128591 -0.0218962 0.00418367 -0.0116183 -0.0218962 0.0990407 
0.00585574 -0.0125809 -0.00310653 0.00413432 -0.0125809 0.0733718 0.00412077 -0.0114975 -0.00310653 0.00412077 0.0128336 -0.0219076 0.00413432 -0.0114975 -0.0219076 0.0991811 
0.00592374 -0.0126414 -0.00310414 0.00408855 -0.0126414 0.0734333 0.00408639 -0.0114019 -0.00310414 0.00408639 0.012781 -0.0218474 0.00408855 -0.0114019 -0.0218474 0.099086 
0.00596754 -0.0127881 -0.00314143 0.00412519 -0.0127881 0.0737838 0.00413761 -0.0114867 -0.00314143 0.00413761 0.0127372 -0.0217341 0.00412519 -0.0114867 -0.0217341 0.0988166 
0.00599997 -0.012849 -0.00316574 0.00415893 -0.012849 0.0740507 0.00417764 -0.011574 -0.00316574 0.00417764 0.0127064 -0.0216858 0.00415893 -0.011574 -0.0216858 0.0986308 
0.00598541 -0.0128611 -0.00318807 0.00416889 -0.0128611 0.0741086 0.00418863 -0.0116042 -0.00318807 0.00418863 0.0127085 -0.0216462 0.00416889 -0.0116042 -0.0216462 0.0984738 
0.00591079 -0.0128724 -0.00323258 0.0042248 -0.0128724 0.0742128 0.00424095 -0.0117312 -0.00323258 0.00424095 0.0127958 -0.02165 0.0042248 -0.0117312 -0.02165 0.0984522 
0.00585091 -0.0127791 -0.00327658 0.00429453 -0.0127791 0.0740936 0.0042956 -0.0118931 -0.00327658 0.0042956 0.0128579 -0.0217489 0.00429453 -0.0118931 -0.0217489 0.0985824 
0.00585769 -0.0126832 -0.00330951 0.00435216 -0.0126832 0.073845 0.00433932 -0.0120337 -0.00330951 0.00433932 0.0128505 -0.0218464 0.00435216 -0.0120337 -0.0218464 0.0988328 
0.00585874 -0.0126767 -0.00334894 0.00438904 -0.0126767 0.0737013 0.00437748 -0.0121428 -0.00334894 0.00437748 0.0128467 -0.0218486 0.00438904 -0.0121428 -0.0218486 0.0989555 
0.00586354 -0.0126591 -0.00334186 0.004414 -0.0126591 0.0735922 0.00441102 -0.0122051 -0.00334186 0.00441102 0.0128337 -0.021849 0.004414 -0.0122051 -0.021849 0.0989771 
0.00592368 -0.0126852 -0.00334905 0.00442077 -0.0126852 0.0736319 0.00442205 -0.0122697 -0.00334905 0.00442205 0.0127842 -0.0218294 0.00442077 -0.0122697 -0.0218294 0.0989654 
0.00597488 -0.0127306 -0.00335902 0.00439335 -0.0127306 0.0736778 0.00439859 -0.0122043 -0.00335902 0.00439859 0.0127339 -0.0217908 0.00439335 -0.0122043 -0.0217908 0.0989154 
0.00600561 -0.0128147 -0.00337753 0.0043968 -0.0128147 0.0739083 0.00441257 -0.0121839 -0.00337753 0.00441257 0.0127372 -0.0217546 0.0043968 -0.0121839 -0.0217546 0.098912 
0.00603366 -0.0128619 -0.00340074 0.00442558 -0.0128619 0.0740404 0.00444801 -0.012242 -0.00340074 0.00444801 0.0126983 -0.0217032 0.00442558 -0.012242 -0.0217032 0.0987021 
0.00602964 -0.0129102 -0.00341812 0.00446355 -0.0129102 0.0741858 0.00448787 -0.0123416 -0.00341812 0.00448787 0.012695 -0.0216524 0.00446355 -0.0123416 -0.0216524 0.0985431 
0.00600075 -0.0128889 -0.00340519 0.00446645 -0.0128889 0.0742115 0.00448502 -0.0123553 -0.00340519 0.00448502 0.0127309 -0.0216862 0.00446645 -0.0123553 -0.0216862 0.0985913 
0.00594927 -0.0128221 -0.00334455 0.00442359 -0.0128221 0.0740918 0.00443175 -0.0122457 -0.00334455 0.00443175 0.0128054 -0.0217789 0.00442359 -0.0122457 -0.0217789 0.0988461 
0.00592676 -0.0127924 -0.00333551 0.00439352 -0.0127924 0.0739933 0.00438739 -0.0121858 -0.00333551 0.00438739 0.0128226 -0.0218055 0.00439352 -0.0121858 -0.0218055 0.0988797 
0.0059278 -0.0127701 -0.00333054 0.00437753 -0.0127701 0.073961 0.00436523 -0.0121152 -0.00333054 0.00436523 0.0128363 -0.0218586 0.00437753 -0.0121152 -0.0218586 0.0990504 
0.0058635 -0.0127935 -0.00335232 0.00438973 -0.0127935 0.0740216 0.00437978 -0.0121345 -0.00335232 0.00437978 0.0129054 -0.0218596 0.00438973 -0.0121345 -0.0218596 0.0991042 
0.00579544 -0.0127238 -0.00335551 0.00442516 -0.0127238 0.0739432 0.00441434 -0.0122104 -0.00335551 0.00441434 0.0129708 -0.0219233 0.00442516 -0.0122104 -0.0219233 0.0991746 
0.00573608 -0.0126252 -0.00338445 0.00443577 -0.0126252 0.0737177 0.00441452 -0.012256 -0.00338445 0.00441452 0.0130188 -0.0220098 0.00443577 -0.012256 -0.0220098 0.099352 
0.00574743 -0.0125691 -0.00340679 0.00450178 -0.0125691 0.0735485 0.00447835 -0.0124091 -0.00340679 0.00447835 0.0129914 -0.0220489 0.00450178 -0.0124091 -0.0220489 0.0994621 
0.00573148 -0.0125562 -0.00342924 0.00450483 -0.0125562 0.0734579 0.00448753 -0.0124587 -0.00342924 0.00448753 0.0130149 -0.0220683 0.00450483 -0.0124587 -0.0220683 0.0996351 
0.00573781 -0.0125165 -0.00342653 0.00451392 -0.0125165 0.0733146 0.0045038 -0.0124747 -0.00342653 0.0045038 0.013005 -0.0220805 0.00451392 -0.0124747 -0.0220805 0.0996626 
0.0057554 -0.0125381 -0.00344345 0.00452097 -0.0125381 0.0733318 0.00451563 -0.0125134 -0.00344345 0.00451563 0.0130053 -0.0220841 0.00452097 -0.0125134 -0.0220841 0.0997311 
0.00577714 -0.012571 -0.00347165 0.00454766 -0.012571 0.0733939 0.00454662 -0.0125817 -0.00347165 0.00454662 0.0129918 -0.0220581 0.00454766 -0.0125817 -0.0220581 0.0996677 
0.00587327 -0.0125977 -0.00350132 0.00458379 -0.0125977 0.073425 0.00458699 -0.0126731 -0.00350132 0.00458699 0.0128741 -0.0220112 0.00458379 -0.0126731 -0.0220112 0.0994952 
0.00600382 -0.0127371 -0.00351817 0.00461903 -0.0127371 0.0737436 0.0046335 -0.0127796 -0.00351817 0.0046335 0.0127505 -0.0219138 0.00461903 -0.0127796 -0.0219138 0.0994037 
0.00609484 -0.0128822 -0.00353133 0.0046186 -0.0128822 0.0740407 0.00464862 -0.0128147 -0.00353133 0.00464862 0.0126344 -0.0217176 0.0046186 -0.0128147 -0.0217176 0.098927 
0.00620054 -0.012993 -0.00354144 0.00461659 -0.012993 0.0743692 0.00465422 -0.0128114 -0.00354144 0.00465422 0.012534 -0.0215937 0.00461659 -0.0128114 -0.0215937 0.0985766 
0.00621136 -0.0131019 -0.00356251 0.00460908 -0.0131019 0.0746097 0.00465199 -0.0127799 -0.00356251 0.00465199 0.0125202 -0.0214627 0.00460908 -0.0127799 -0.0214627 0.0982031 
0.00618481 -0.013142 -0.00357972 0.00464909 -0.013142 0.0748489 0.00468679 -0.0128406 -0.00357972 0.00468679 0.012567 -0.0214572 0.00464909 -0.0128406 -0.0214572 0.0980947 
0.00618495 -0.013098 -0.00359303 0.00468083 -0.013098 0.0747951 0.00470295 -0.0129108 -0.00359303 0.00470295 0.0125593 -0.0214832 0.00468083 -0.0129108 -0.0214832 0.0980195 
0.00618006 -0.0130927 -0.00361312 0.0046966 -0.0130927 0.0747912 0.00470638 -0.0129437 -0.00361312 0.00470638 0.0125909 -0.0215304 0.0046966 -0.0129437 -0.0215304 0.0982 
0.00615018 -0.0131084 -0.00363807 0.00473623 -0.0131084 0.0748392 0.00474293 -0.0130312 -0.00363807 0.00474293 0.0126288 -0.0215496 0.00473623 -0.0130312 -0.0215496 0.0982705 
0.00615106 -0.0130803 -0.00365909 0.00477558 -0.0130803 0.0748209 0.00477721 -0.0131332 -0.00365909 0.00477721 0.0126294 -0.0215832 0.00477558 -0.0131332 -0.0215832 0.0983208 
0.00611665 -0.0130502 -0.00363744 0.00478265 -0.0130502 0.0747066 0.00478089 -0.0131574 -0.00363744 0.00478089 0.0126559 -0.0216014 0.00478265 -0.0131574 -0.0216014 0.0983831 
0.00610724 -0.0130491 -0.00364944 0.00478926 -0.0130491 0.074749 0.00478139 -0.0132071 -0.00364944 0.00478139 0.0126754 -0.02163 0.00478926 -0.0132071 -0.02163 0.0984778 
0.00607123 -0.0129839 -0.00364444 0.00476372 -0.0129839 0.0745453 0.00475181 -0.0131245 -0.00364444 0.00475181 0.0126799 -0.0216603 0.00476372 -0.0131245 -0.0216603 0.0985234 
0.00603108 -0.0129665 -0.00362453 0.004777 -0.0129665 0.0745267 0.0047642 -0.0131347 -0.00362453 0.0047642 0.0127326 -0.0216928 0.004777 -0.0131347 -0.0216928 0.0986874 
0.00600846 -0.012869 -0.00360608 0.00472587 -0.012869 0.0742574 0.00470984 -0.0130292 -0.00360608 0.00470984 0.0127347 -0.0217461 0.00472587 -0.0130292 -0.0217461 0.0987673 
0.0059687 -0.0128258 -0.003579 0.00469571 -0.0128258 0.0740581 0.00467983 -0.0129215 -0.003579 0.00467983 0.0127751 -0.0217683 0.00469571 -0.0129215 -0.0217683 0.0988761 
0.00596283 -0.0127692 -0.00357317 0.00465603 -0.0127692 0.0738823 0.00464163 -0.0128146 -0.00357317 0.00464163 0.0127961 -0.0218212 0.00465603 -0.0128146 -0.0218212 0.0989932 
0.00594163 -0.0127735 -0.00355079 0.0046458 -0.0127735 0.073859 0.00463854 -0.0127638 -0.00355079 0.00463854 0.012842 -0.0218693 0.0046458 -0.0127638 -0.0218693 0.0991754 
0.00591558 -0.0127895 -0.00353633 0.00464653 -0.0127895 0.0739434 0.0046421 -0.0127872 -0.00353633 0.0046421 0.0128741 -0.0218942 0.00464653 -0.0127872 -0.0218942 0.0992488 
0.00582529 -0.0127531 -0.00353397 0.00462651 -0.0127531 0.0738784 0.00461782 -0.0127541 -0.00353397 0.00461782 0.0129443 -0.0219088 0.00462651 -0.0127541 -0.0219088 0.0992299 
0.0057202 -0.0126669 -0.00355378 0.00464222 -0.0126669 0.073812 0.00462423 -0.0127705 -0.00355378 0.00462423 0.0130557 -0.0220289 0.00464222 -0.0127705 -0.0220289 0.0995121 
0.00564463 -0.01249 -0.00355598 0.00464653 -0.01249 0.0733823 0.0046207 -0.0127524 -0.00355598 0.0046207 0.013111 -0.0221572 0.00464653 -0.0127524 -0.0221572 0.0997743 
0.00563891 -0.0124051 -0.00355737 0.00467555 -0.0124051 0.0730993 0.00464812 -0.0128257 -0.00355737 0.00464812 0.0131299 -0.0222413 0.00467555 -0.0128257 -0.0222413 0.100071 
0.00569748 -0.0123963 -0.00356894 0.00468243 -0.0123963 0.0729772 0.00466227 -0.0128848 -0.00356894 0.00466227 0.0130793 -0.0222603 0.00468243 -0.0128848 -0.0222603 0.100212 
0.00577816 -0.0124555 -0.00359663 0.00467225 -0.0124555 0.072996 0.00466679 -0.0128803 -0.00359663 0.00466679 0.0130089 -0.0221958 0.00467225 -0.0128803 -0.0221958 0.100135 
0.00580547 -0.0125722 -0.00362647 0.00469554 -0.0125722 0.0732317 0.00471134 -0.0129308 -0.00362647 0.00471134 0.0129937 -0.0221056 0.00469554 -0.0129308 -0.0221056 0.0999513 
0.00585322 -0.0126174 -0.00365226 0.0047266 -0.0126174 0.0734054 0.00475287 -0.0130131 -0.00365226 0.00475287 0.0129351 -0.0220658 0.0047266 -0.0130131 -0.0220658 0.0997519 
0.00587473 -0.0127026 -0.00368986 0.00477602 -0.0127026 0.0736517 0.00480707 -0.0131519 -0.00368986 0.00480707 0.0129196 -0.0219927 0.00477602 -0.0131519 -0.0219927 0.0995905 
0.00591047 -0.0127454 -0.00370367 0.00483418 -0.0127454 0.0738474 0.00486374 -0.0133111 -0.00370367 0.00486374 0.0128752 -0.0219591 0.00483418 -0.0133111 -0.0219591 0.0994481 
0.00594129 -0.01278 -0.00371558 0.00484667 -0.01278 0.0739762 0.00487008 -0.0133814 -0.00371558 0.00487008 0.012852 -0.0219276 0.00484667 -0.0133814 -0.0219276 0.0993925 
0.00595064 -0.0127893 -0.00371459 0.00484406 -0.0127893 0.0739659 0.00486323 -0.013373 -0.00371459 0.00486323 0.0128413 -0.0218826 0.00484406 -0.013373 -0.0218826 0.0992361 
