0.00539828 0 -0.00343854 0 0 0.009987 0 0 -0.00343854 0 0.00888023 0 0 0 0 0.009987 
0.00799944 -0.00997342 -0.00489141 0.00601816 -0.00997342 0.0282983 0.00601816 -0.01154 -0.00489141 0.00601816 0.0121968 -0.0151055 0.00601816 -0.01154 -0.0151055 0.0381384 
0.00831313 -0.0159942 -0.00453336 0.00756985 -0.0159942 0.060443 0.00756985 -0.0240934 -0.00453336 0.00756985 0.0119165 -0.0218311 0.00756985 -0.0240934 -0.0218311 0.0787769 
0.00786545 -0.0166583 -0.00406772 0.00581071 -0.0166583 0.0771158 0.00582389 -0.0209399 -0.00406772 0.00582389 0.0112163 -0.0206763 0.00581071 -0.0209399 -0.0206763 0.0903505 
0.00767488 -0.0161295 -0.00408663 0.00510731 -0.0161295 0.082425 0.00513181 -0.0164739 -0.00408663 0.00513181 0.0113302 -0.0198694 0.00510731 -0.0164739 -0.0198694 0.0918833 
0.00779814 -0.0157259 -0.00429172 0.00520206 -0.0157259 0.0832977 0.00522404 -0.0148769 -0.00429172 0.00522404 0.0115967 -0.0200711 0.00520206 -0.0148769 -0.0200711 0.093117 
0.00802569 -0.0157819 -0.00444735 0.00551672 -0.0157819 0.0834626 0.00553924 -0.0149764 -0.00444735 0.00553924 0.0117032 -0.0202958 0.00551672 -0.0149764 -0.0202958 0.0941243 
0.00816332 -0.0160806 -0.00449902 0.00574022 -0.0160806 0.0840068 0.00576895 -0.015501 -0.00449902 0.00576895 0.0117258 -0.0202666 0.00574022 -0.015501 -0.0202666 0.0943307 
0.00823339 -0.0162584 -0.00449858 0.00580484 -0.0162584 0.084537 0.00582268 -0.015792 -0.00449858 0.00582268 0.0117139 -0.0202516 0.00580484 -0.015792 -0.0202516 0.0942839 
0.00825737 -0.016339 -0.00448628 0.00579481 -0.016339 0.0848405 0.00579664 -0.0158262 -0.00448628 0.00579664 0.0116948 -0.0202469 0.00579481 -0.0158262 -0.0202469 0.0942405 
0.0082816 -0.0164085 -0.00449542 0.00578803 -0.0164085 0.0851451 0.00578307 -0.0158175 -0.00449542 0.00578307 0.011657 -0.0202279 0.00578803 -0.0158175 -0.0202279 0.0942275 
0.00820635 -0.0164175 -0.00446262 0.00578671 -0.0164175 0.0852184 0.00578333 -0.0157935 -0.00446262 0.00578333 0.0116847 -0.0201747 0.00578671 -0.0157935 -0.0201747 0.0940969 
0.00821061 -0.016323 -0.00448252 0.00575436 -0.016323 0.0851327 0.00574458 -0.015735 -0.00448252 0.00574458 0.0116751 -0.0202412 0.00575436 -0.015735 -0.0202412 0.0942172 
0.00822286 -0.0163016 -0.00448965 0.00577502 -0.0163016 0.0849846 0.00576459 -0.0157332 -0.00448965 0.00576459 0.0116463 -0.0202236 0.00577502 -0.0157332 -0.0202236 0.0942268 
0.00820196 -0.0163141 -0.00448359 0.00578567 -0.0163141 0.0849496 0.00578251 -0.015771 -0.00448359 0.00578251 0.0116469 -0.0201823 0.00578567 -0.015771 -0.0201823 0.0941518 
0.00817476 -0.0162898 -0.00447103 0.00577895 -0.0162898 0.0849348 0.0057767 -0.0157773 -0.00447103 0.0057767 0.0116601 -0.0202064 0.00577895 -0.0157773 -0.0202064 0.0942038 
0.00820373 -0.0162334 -0.00450841 0.00575932 -0.0162334 0.0847787 0.00575537 -0.0157343 -0.00450841 0.00575537 0.0116091 -0.02021 0.00575932 -0.0157343 -0.02021 0.0941983 
0.00824585 -0.0162672 -0.00456122 0.00580431 -0.0162672 0.0847622 0.00580648 -0.0157946 -0.00456122 0.00580648 0.0115541 -0.0201447 0.00580431 -0.0157946 -0.0201447 0.0940969 
0.00828128 -0.0163126 -0.00463116 0.00586646 -0.0163126 0.0848374 0.00587772 -0.015935 -0.00463116 0.00587772 0.0115324 -0.0200858 0.00586646 -0.015935 -0.0200858 0.0939618 
0.00832348 -0.0163426 -0.00469169 0.00594878 -0.0163426 0.0848937 0.00596114 -0.0161205 -0.00469169 0.00596114 0.0115093 -0.0200685 0.00594878 -0.0161205 -0.0200685 0.0938811 
0.00833836 -0.0164236 -0.00474025 0.0060402 -0.0164236 0.0850656 0.00604801 -0.0163629 -0.00474025 0.00604801 0.0114858 -0.0200023 0.0060402 -0.0163629 -0.0200023 0.0936944 
0.00829163 -0.0164461 -0.00474374 0.00610725 -0.0164461 0.0851803 0.00611053 -0.0165676 -0.00474374 0.00611053 0.0114937 -0.0199696 0.00610725 -0.0165676 -0.0199696 0.0935631 
0.00834125 -0.0163696 -0.00478896 0.00611632 -0.0163696 0.0850959 0.00610768 -0.0166438 -0.00478896 0.00610768 0.0114358 -0.0200221 0.00611632 -0.0166438 -0.0200221 0.0936746 
0.00840525 -0.0164039 -0.00481564 0.00615802 -0.0164039 0.0850777 0.00615562 -0.0167165 -0.00481564 0.00615562 0.0113984 -0.0199948 0.00615802 -0.0167165 -0.0199948 0.0937608 
0.00844686 -0.0164849 -0.00481108 0.00618429 -0.0164849 0.0851839 0.00619563 -0.0168082 -0.00481108 0.00619563 0.0113454 -0.0199065 0.00618429 -0.0168082 -0.0199065 0.0935613 
0.00850125 -0.0165545 -0.00482275 0.0061753 -0.0165545 0.0853985 0.00619521 -0.0168366 -0.00482275 0.00619521 0.0112959 -0.0198568 0.0061753 -0.0168366 -0.0198568 0.0934411 
0.00851301 -0.0166171 -0.00481596 0.00617777 -0.0166171 0.0855516 0.00620345 -0.0168359 -0.00481596 0.00620345 0.0112748 -0.0197747 0.00617777 -0.0168359 -0.0197747 0.093216 
0.00848349 -0.016651 -0.00477019 0.00617623 -0.016651 0.0857126 0.00619962 -0.0168403 -0.00477019 0.00619962 0.0112846 -0.0197466 0.00617623 -0.0168403 -0.0197466 0.0930924 
0.00835059 -0.0166263 -0.00466096 0.00613073 -0.0166263 0.0857498 0.00614579 -0.0167717 -0.00466096 0.00614579 0.0113952 -0.0197372 0.00613073 -0.0167717 -0.0197372 0.0930164 
0.00827192 -0.0164336 -0.00461145 0.0060018 -0.0164336 0.0853683 0.00599454 -0.0165086 -0.00461145 0.00599454 0.0114408 -0.0198458 0.0060018 -0.0165086 -0.0198458 0.0930767 
0.00819347 -0.0163471 -0.00457771 0.00595936 -0.0163471 0.0851146 0.00593641 -0.0163224 -0.00457771 0.00593641 0.0115058 -0.0199298 0.00595936 -0.0163224 -0.0199298 0.0933403 
0.00817199 -0.0162074 -0.00456789 0.00591262 -0.0162074 0.0847289 0.00588252 -0.0161679 -0.00456789 0.00588252 0.0115145 -0.0200243 0.00591262 -0.0161679 -0.0200243 0.0935783 
0.00818451 -0.0161777 -0.00454548 0.00590378 -0.0161777 0.0845514 0.00587982 -0.0161091 -0.00454548 0.00587982 0.0115302 -0.0200662 0.00590378 -0.0161091 -0.0200662 0.0938105 
0.00825247 -0.0161974 -0.00459539 0.00587072 -0.0161974 0.0845167 0.00585911 -0.0160557 -0.00459539 0.00585911 0.0114656 -0.020067 0.00587072 -0.0160557 -0.020067 0.0938587 
0.00832703 -0.0163045 -0.00466533 0.00592372 -0.0163045 0.0847102 0.00593061 -0.0161322 -0.00466533 0.00593061 0.0113877 -0.019964 0.00592372 -0.0161322 -0.019964 0.093684 
0.00835513 -0.0163975 -0.00471712 0.00600488 -0.0163975 0.0849291 0.00602525 -0.0163169 -0.00471712 0.00602525 0.0113464 -0.0198417 0.00600488 -0.0163169 -0.0198417 0.0933493 
0.00834994 -0.0164337 -0.00470556 0.00607448 -0.0164337 0.0851077 0.00609371 -0.0165118 -0.00470556 0.00609371 0.011367 -0.0198161 0.00607448 -0.0165118 -0.0198161 0.0932244 
0.00832469 -0.0164055 -0.00465726 0.00606046 -0.0164055 0.0850755 0.00606922 -0.0165506 -0.00465726 0.00606922 0.0114132 -0.0198486 0.00606046 -0.0165506 -0.0198486 0.093231 
0.00838253 -0.0163781 -0.00468516 0.00600252 -0.0163781 0.0850115 0.00599909 -0.0164455 -0.00468516 0.00599909 0.0113835 -0.0199133 0.00600252 -0.0164455 -0.0199133 0.0933561 
0.00842214 -0.016477 -0.00476359 0.00603409 -0.016477 0.0851946 0.00603319 -0.0164406 -0.00476359 0.00603319 0.0113422 -0.0198794 0.00603409 -0.0164406 -0.0198794 0.0933898 
0.0084127 -0.0165303 -0.00482669 0.00612423 -0.0165303 0.0853674 0.00613011 -0.0165936 -0.00482669 0.00613011 0.0113355 -0.0198162 0.00612423 -0.0165936 -0.0198162 0.0932577 
0.00837699 -0.0165034 -0.00486835 0.00620939 -0.0165034 0.0853759 0.00621067 -0.0168015 -0.00486835 0.00621067 0.0113552 -0.0198207 0.00620939 -0.0168015 -0.0198207 0.0932233 
0.0083907 -0.0164331 -0.00489596 0.00626634 -0.0164331 0.0852352 0.00625868 -0.0169651 -0.00489596 0.00625868 0.0113631 -0.0198833 0.00626634 -0.0169651 -0.0198833 0.093378 
0.00835416 -0.0164403 -0.00488284 0.00630344 -0.0164403 0.0851101 0.00629478 -0.0170931 -0.00488284 0.00629478 0.0113755 -0.0198474 0.00630344 -0.0170931 -0.0198474 0.0932914 
0.00834672 -0.0163947 -0.00484705 0.00628695 -0.0163947 0.0850335 0.00627666 -0.0171103 -0.00484705 0.00627666 0.0114038 -0.0199093 0.00628695 -0.0171103 -0.0199093 0.0934293 
0.00839699 -0.0164061 -0.00484349 0.00624597 -0.0164061 0.0850604 0.00623759 -0.0170517 -0.00484349 0.00623759 0.0113823 -0.019949 0.00624597 -0.0170517 -0.019949 0.0935918 
0.00849568 -0.0164833 -0.00488293 0.00623188 -0.0164833 0.0851989 0.00623368 -0.017005 -0.00488293 0.00623368 0.0112952 -0.0198853 0.00623188 -0.017005 -0.0198853 0.0934951 
0.00850169 -0.0165937 -0.00487577 0.00625986 -0.0165937 0.0854191 0.00627681 -0.017028 -0.00487577 0.00627681 0.0112868 -0.019786 0.00625986 -0.017028 -0.019786 0.0932843 
0.0084196 -0.0166204 -0.0048011 0.00625318 -0.0166204 0.0856077 0.00627361 -0.0170414 -0.0048011 0.00627361 0.0113811 -0.0197887 0.00625318 -0.0170414 -0.0197887 0.0932276 
0.00836533 -0.0164991 -0.00472387 0.00615934 -0.0164991 0.0854289 0.0061624 -0.0168655 -0.00472387 0.0061624 0.0114463 -0.0199049 0.00615934 -0.0168655 -0.0199049 0.0933724 
0.00837451 -0.0164591 -0.00470118 0.00607726 -0.0164591 0.0853134 0.00606744 -0.0166514 -0.00470118 0.00606744 0.0114542 -0.0199706 0.00607726 -0.0166514 -0.0199706 0.0935566 
0.00836894 -0.0164712 -0.00465636 0.00604179 -0.0164712 0.0852878 0.00603294 -0.0165015 -0.00465636 0.00603294 0.011455 -0.0199742 0.00604179 -0.0165015 -0.0199742 0.093621 
0.00834114 -0.016472 -0.00461381 0.00598453 -0.016472 0.0853128 0.0059819 -0.0163654 -0.00461381 0.0059819 0.0114917 -0.0199857 0.00598453 -0.0163654 -0.0199857 0.0936755 
0.00836465 -0.0164478 -0.00462649 0.00593271 -0.0164478 0.0852647 0.00592986 -0.0162338 -0.00462649 0.00592986 0.0114406 -0.0199777 0.00593271 -0.0162338 -0.0199777 0.0935832 
0.00837515 -0.016467 -0.00461553 0.00594273 -0.016467 0.0853085 0.00594411 -0.0161869 -0.00461553 0.00594411 0.0114549 -0.0199797 0.00594273 -0.0161869 -0.0199797 0.0936747 
0.00836404 -0.0164692 -0.00462746 0.00592581 -0.0164692 0.0852699 0.0059305 -0.0161579 -0.00462746 0.0059305 0.0114398 -0.0199508 0.00592581 -0.0161579 -0.0199508 0.0935467 
0.00833608 -0.0165046 -0.00464087 0.00596044 -0.0165046 0.0854093 0.00596476 -0.0162243 -0.00464087 0.00596476 0.0114362 -0.0199134 0.00596044 -0.0162243 -0.0199134 0.0934559 
0.00829587 -0.0164597 -0.00464852 0.00598474 -0.0164597 0.0853886 0.00598315 -0.0162955 -0.00464852 0.00598315 0.0114293 -0.0199108 0.00598474 -0.0162955 -0.0199108 0.0934217 
0.0082546 -0.0163554 -0.00462512 0.00598945 -0.0163554 0.0850809 0.00598311 -0.0163175 -0.00462512 0.00598311 0.0114081 -0.0198893 0.00598945 -0.0163175 -0.0198893 0.0933127 
0.00824231 -0.0163323 -0.00461308 0.00598797 -0.0163323 0.0850194 0.00598128 -0.0163601 -0.00461308 0.00598128 0.0114248 -0.0198811 0.00598797 -0.0163601 -0.0198811 0.0933469 
0.00819427 -0.016269 -0.0045786 0.00596116 -0.016269 0.0847701 0.00595292 -0.0163142 -0.0045786 0.00595292 0.0114315 -0.0198689 0.00596116 -0.0163142 -0.0198689 0.0932308 
0.00815787 -0.0161823 -0.00455156 0.00591461 -0.0161823 0.0845213 0.00590444 -0.016211 -0.00455156 0.00590444 0.0114657 -0.0199244 0.00591461 -0.016211 -0.0199244 0.0933471 
0.00814853 -0.0161214 -0.00454218 0.00587748 -0.0161214 0.0843115 0.00586409 -0.0160946 -0.00454218 0.00586409 0.0114942 -0.0199993 0.00587748 -0.0160946 -0.0199993 0.0935651 
0.00815916 -0.0161063 -0.00452796 0.0058581 -0.0161063 0.0842245 0.00584786 -0.0160103 -0.00452796 0.00584786 0.0115356 -0.020067 0.0058581 -0.0160103 -0.020067 0.0938184 
0.00820384 -0.0161424 -0.00452491 0.00583757 -0.0161424 0.0843144 0.00583307 -0.0159526 -0.00452491 0.00583307 0.0115551 -0.0201397 0.00583757 -0.0159526 -0.0201397 0.0940862 
0.00821773 -0.0162091 -0.00449687 0.00581899 -0.0162091 0.0844201 0.00582306 -0.0158972 -0.00449687 0.00582306 0.011544 -0.0201105 0.00581899 -0.0158972 -0.0201105 0.0940294 
0.00825596 -0.0162615 -0.004488 0.00578608 -0.0162615 0.0846208 0.00579655 -0.0158348 -0.004488 0.00579655 0.0115282 -0.0200897 0.00578608 -0.0158348 -0.0200897 0.0939776 
0.00831524 -0.0163396 -0.00452469 0.00577787 -0.0163396 0.0848544 0.00579171 -0.0158036 -0.00452469 0.00579171 0.0114826 -0.0200363 0.00577787 -0.0158036 -0.0200363 0.0938275 
0.00838054 -0.0163971 -0.00458918 0.00580975 -0.0163971 0.0850202 0.00582564 -0.0158266 -0.00458918 0.00582564 0.0114385 -0.0200009 0.00580975 -0.0158266 -0.0200009 0.0937275 
0.00842972 -0.0164845 -0.00463229 0.00588866 -0.0164845 0.0852488 0.00590697 -0.015969 -0.00463229 0.00590697 0.0114172 -0.019962 0.00588866 -0.015969 -0.019962 0.0936581 
0.00837815 -0.0165438 -0.00457502 0.00593873 -0.0165438 0.085434 0.00595714 -0.0161113 -0.00457502 0.00595714 0.0114655 -0.0199441 0.00593873 -0.0161113 -0.0199441 0.0936082 
0.00829823 -0.0164958 -0.00451242 0.0058777 -0.0164958 0.0854428 0.00588615 -0.0160688 -0.00451242 0.00588615 0.0115205 -0.0199825 0.0058777 -0.0160688 -0.0199825 0.0936157 
0.00825455 -0.0163984 -0.0045045 0.00580601 -0.0163984 0.085245 0.00580149 -0.0159079 -0.0045045 0.00580149 0.0115243 -0.0200115 0.00580601 -0.0159079 -0.0200115 0.0936036 
0.00819693 -0.0163114 -0.00442857 0.00579208 -0.0163114 0.0849893 0.0057802 -0.015797 -0.00442857 0.0057802 0.011602 -0.0200582 0.00579208 -0.015797 -0.0200582 0.0937376 
0.00819898 -0.0162643 -0.00441882 0.00571952 -0.0162643 0.0848718 0.00570256 -0.0156749 -0.00441882 0.00570256 0.0116223 -0.020151 0.00571952 -0.0156749 -0.020151 0.093959 
0.00816224 -0.0162612 -0.00439183 0.00569786 -0.0162612 0.0847785 0.00568164 -0.0155718 -0.00439183 0.00568164 0.0116547 -0.0201481 0.00569786 -0.0155718 -0.0201481 0.0939838 
0.00815483 -0.0162201 -0.00443212 0.0056673 -0.0162201 0.0846899 0.00565161 -0.0154967 -0.00443212 0.00565161 0.0116672 -0.020183 0.0056673 -0.0154967 -0.020183 0.0940247 
0.0082109 -0.0162211 -0.00451934 0.00572126 -0.0162211 0.0847135 0.00570331 -0.0155491 -0.00451934 0.00570331 0.0116431 -0.0202429 0.00572126 -0.0155491 -0.0202429 0.0942402 
0.00829014 -0.0162644 -0.00460066 0.00581559 -0.0162644 0.0847353 0.00580634 -0.0157263 -0.00460066 0.00580634 0.0115725 -0.0202231 0.00581559 -0.0157263 -0.0202231 0.0942849 
0.00835377 -0.0163619 -0.00464487 0.00590949 -0.0163619 0.0849011 0.00591617 -0.0159698 -0.00464487 0.00591617 0.011525 -0.0201353 0.00590949 -0.0159698 -0.0201353 0.0941498 
0.00840056 -0.0164723 -0.00467912 0.00596843 -0.0164723 0.0851805 0.00598513 -0.01619 -0.00467912 0.00598513 0.0114776 -0.0200359 0.00596843 -0.01619 -0.0200359 0.0938702 
0.00838551 -0.0165221 -0.00466247 0.00600135 -0.0165221 0.0853673 0.00601963 -0.0163071 -0.00466247 0.00601963 0.0114882 -0.0199996 0.00600135 -0.0163071 -0.0199996 0.0937326 
0.00832005 -0.0165238 -0.00462716 0.00599014 -0.0165238 0.0854861 0.00600065 -0.0163324 -0.00462716 0.00600065 0.0115482 -0.0200172 0.00599014 -0.0163324 -0.0200172 0.0937439 
0.00830362 -0.0164424 -0.00465102 0.00595381 -0.0164424 0.0853771 0.00595065 -0.0162643 -0.00465102 0.00595065 0.0115346 -0.0200656 0.00595381 -0.0162643 -0.0200656 0.0937879 
0.00828997 -0.0164169 -0.00469251 0.00599129 -0.0164169 0.0852601 0.00598249 -0.0162945 -0.00469251 0.00598249 0.0115106 -0.0200267 0.00599129 -0.0162945 -0.0200267 0.0937199 
0.00830776 -0.0163776 -0.00472062 0.0060476 -0.0163776 0.0851426 0.00603804 -0.0164109 -0.00472062 0.00603804 0.011491 -0.0200236 0.0060476 -0.0164109 -0.0200236 0.0937198 
0.00831837 -0.0163737 -0.00473881 0.00608103 -0.0163737 0.0850302 0.00607413 -0.0165207 -0.00473881 0.00607413 0.0114759 -0.0199985 0.00608103 -0.0165207 -0.0199985 0.0936571 
0.00833488 -0.0163774 -0.00475338 0.00609775 -0.0163774 0.0850014 0.00609405 -0.0165831 -0.00475338 0.00609405 0.0114821 -0.0200125 0.00609775 -0.0165831 -0.0200125 0.0937039 
0.00842786 -0.016419 -0.00482738 0.00611812 -0.016419 0.0851262 0.00611606 -0.0166416 -0.00482738 0.00611606 0.0114312 -0.0200475 0.00611812 -0.0166416 -0.0200475 0.0938552 
0.00847378 -0.0165208 -0.00485504 0.00618742 -0.0165208 0.0852992 0.0061954 -0.0167564 -0.00485504 0.0061954 0.0113986 -0.0199881 0.00618742 -0.0167564 -0.0199881 0.0938096 
0.00851109 -0.0166059 -0.0048882 0.00622668 -0.0166059 0.0855563 0.00624189 -0.0168942 -0.0048882 0.00624189 0.0113697 -0.0199238 0.00622668 -0.0168942 -0.0199238 0.0936506 
0.00852784 -0.0166291 -0.00489592 0.00625321 -0.0166291 0.0856293 0.00626932 -0.0169639 -0.00489592 0.00626932 0.0113684 -0.0198853 0.00625321 -0.0169639 -0.0198853 0.093487 
0.00853082 -0.0166756 -0.00490659 0.00627477 -0.0166756 0.0858043 0.0062846 -0.0170304 -0.00490659 0.0062846 0.0114088 -0.0199106 0.00627477 -0.0170304 -0.0199106 0.0935459 
0.00852479 -0.0166918 -0.00490585 0.00629122 -0.0166918 0.0858914 0.00629128 -0.0170727 -0.00490585 0.00629128 0.011408 -0.0199358 0.00629122 -0.0170727 -0.0199358 0.0935705 
0.00854429 -0.016664 -0.00491543 0.00628124 -0.016664 0.0858488 0.00627681 -0.0170495 -0.00491543 0.00627681 0.011411 -0.0199651 0.00628124 -0.0170495 -0.0199651 0.0936668 
0.0086046 -0.0166826 -0.00493616 0.00628554 -0.0166826 0.0858632 0.00628199 -0.0170324 -0.00493616 0.00628199 0.0113883 -0.0199966 0.00628554 -0.0170324 -0.0199966 0.0938009 
0.00861928 -0.0167724 -0.00491258 0.0063035 -0.0167724 0.0860471 0.00630855 -0.0170601 -0.00491258 0.00630855 0.0114234 -0.0199801 0.0063035 -0.0170601 -0.0199801 0.0938518 
0.008623 -0.016789 -0.00486245 0.00626126 -0.016789 0.0861051 0.0062692 -0.0170006 -0.00486245 0.0062692 0.0114362 -0.0199822 0.00626126 -0.0170006 -0.0199822 0.0937629 
0.00864512 -0.016859 -0.00488027 0.00622336 -0.016859 0.0863525 0.00622843 -0.0169355 -0.00488027 0.00622843 0.0114016 -0.0199755 0.00622336 -0.0169355 -0.0199755 0.0937478 
0.0085881 -0.0168703 -0.00482075 0.00622903 -0.0168703 0.0864256 0.00623546 -0.0168933 -0.00482075 0.00623546 0.0114078 -0.0199235 0.00622903 -0.0168933 -0.0199235 0.0936218 
0.0085875 -0.0167968 -0.00483168 0.00616368 -0.0167968 0.0863461 0.00616855 -0.0167896 -0.00483168 0.00616855 0.0113792 -0.0199426 0.00616368 -0.0167896 -0.0199426 0.0936203 
0.00859643 -0.0167782 -0.00483963 0.00616977 -0.0167782 0.0862693 0.00617596 -0.0167357 -0.00483963 0.00617596 0.0113759 -0.0199356 0.00616977 -0.0167357 -0.0199356 0.0936671 
0.00854971 -0.0167846 -0.00479892 0.00618222 -0.0167846 0.0862138 0.00619258 -0.0167612 -0.00479892 0.00619258 0.0114143 -0.0198862 0.00618222 -0.0167612 -0.0198862 0.093512 
0.00854502 -0.016733 -0.00480089 0.00614414 -0.016733 0.0861333 0.00614777 -0.0167216 -0.00480089 0.00614777 0.0114275 -0.0199293 0.00614414 -0.0167216 -0.0199293 0.0935117 
0.0085223 -0.0167342 -0.00483107 0.00615586 -0.0167342 0.0860711 0.00615175 -0.0167186 -0.00483107 0.00615175 0.0114333 -0.019903 0.00615586 -0.0167186 -0.019903 0.093407 
0.00856323 -0.0167035 -0.00489139 0.00619796 -0.0167035 0.0860569 0.0061861 -0.0167804 -0.00489139 0.0061861 0.011424 -0.0199754 0.00619796 -0.0167804 -0.0199754 0.0935995 
0.00856677 -0.0167148 -0.00489413 0.00625732 -0.0167148 0.0859752 0.00624504 -0.0168844 -0.00489413 0.00624504 0.0114456 -0.0199782 0.00625732 -0.0168844 -0.0199782 0.093673 
0.00857817 -0.0167249 -0.00487681 0.00625899 -0.0167249 0.085994 0.00624938 -0.0169356 -0.00487681 0.00624938 0.0114701 -0.0200357 0.00625899 -0.0169356 -0.0200357 0.0938393 
0.00866432 -0.0167522 -0.00487788 0.00622956 -0.0167522 0.0860702 0.00622297 -0.0168923 -0.00487788 0.00622297 0.0114465 -0.0200801 0.00622956 -0.0168923 -0.0200801 0.0940155 
0.00863373 -0.0168824 -0.00486107 0.00622401 -0.0168824 0.086292 0.00622829 -0.0168715 -0.00486107 0.00622829 0.0114639 -0.0199888 0.00622401 -0.0168715 -0.0199888 0.0938285 
0.00862859 -0.0168584 -0.004843 0.00619634 -0.0168584 0.0864148 0.00620002 -0.0168071 -0.004843 0.00620002 0.0114974 -0.0200466 0.00619634 -0.0168071 -0.0200466 0.0938975 
0.00862442 -0.0168586 -0.00485247 0.00618103 -0.0168586 0.0864308 0.00617825 -0.0167557 -0.00485247 0.00617825 0.0114847 -0.0200618 0.00618103 -0.0167557 -0.0200618 0.0939204 
0.00861046 -0.0168583 -0.00486124 0.00619094 -0.0168583 0.0864758 0.00618758 -0.0167479 -0.00486124 0.00618758 0.0115006 -0.0200772 0.00619094 -0.0167479 -0.0200772 0.0940258 
0.00859926 -0.0168266 -0.00488432 0.00620223 -0.0168266 0.0863762 0.00619828 -0.0167669 -0.00488432 0.00619828 0.0114726 -0.0200552 0.00620223 -0.0167669 -0.0200552 0.0939318 
0.00860298 -0.0168153 -0.00489549 0.00623601 -0.0168153 0.0863797 0.00623357 -0.0168338 -0.00489549 0.00623357 0.0114924 -0.0200767 0.00623601 -0.0168338 -0.0200767 0.0940482 
0.00863926 -0.0167968 -0.00491816 0.00624126 -0.0167968 0.0862964 0.00624027 -0.0168646 -0.00491816 0.00624027 0.0114845 -0.0200972 0.00624126 -0.0168646 -0.0200972 0.0940984 
0.00874508 -0.0168596 -0.00502712 0.00627912 -0.0168596 0.0863476 0.00628015 -0.0169587 -0.00502712 0.00628015 0.0113521 -0.0200214 0.00627912 -0.0169587 -0.0200214 0.093886 
0.00885517 -0.0170003 -0.00512774 0.00641345 -0.0170003 0.0866371 0.00642417 -0.0172239 -0.00512774 0.00642417 0.0112303 -0.0198749 0.00641345 -0.0172239 -0.0198749 0.0936045 
0.0088438 -0.0171381 -0.00515226 0.00654223 -0.0171381 0.0870017 0.00656101 -0.0175678 -0.00515226 0.00656101 0.0112252 -0.0197323 0.00654223 -0.0175678 -0.0197323 0.0932775 
0.00882573 -0.0171158 -0.00514246 0.00657745 -0.0171158 0.0871145 0.0065886 -0.0177527 -0.00514246 0.0065886 0.0112296 -0.0197454 0.00657745 -0.0177527 -0.0197454 0.0932009 
0.00873149 -0.0170713 -0.00509357 0.0065622 -0.0170713 0.0870108 0.00656576 -0.017774 -0.00509357 0.00656576 0.0112947 -0.0197443 0.0065622 -0.017774 -0.0197443 0.0931701 
0.00863742 -0.0169658 -0.00504329 0.00651755 -0.0169658 0.0868013 0.00651167 -0.0177099 -0.00504329 0.00651167 0.011347 -0.0197898 0.00651755 -0.0177099 -0.0197898 0.0931831 
0.00861037 -0.0168595 -0.00507869 0.00647398 -0.0168595 0.0865705 0.00645858 -0.0176205 -0.00507869 0.00645858 0.0113278 -0.0198451 0.00647398 -0.0176205 -0.0198451 0.0933009 
0.00861893 -0.0167751 -0.0051259 0.00650393 -0.0167751 0.0862552 0.00648748 -0.0176035 -0.0051259 0.00648748 0.0112871 -0.0198387 0.00650393 -0.0176035 -0.0198387 0.0933302 
0.00869078 -0.0167747 -0.00517111 0.0065679 -0.0167747 0.0861505 0.0065579 -0.0177286 -0.00517111 0.0065579 0.0112243 -0.0198201 0.0065679 -0.0177286 -0.0198201 0.0933685 
0.0087071 -0.0168294 -0.00517944 0.00660692 -0.0168294 0.0861238 0.0066096 -0.0178456 -0.00517944 0.0066096 0.011215 -0.019742 0.00660692 -0.0178456 -0.019742 0.0932136 
0.00869271 -0.0168639 -0.00513813 0.00661533 -0.0168639 0.0862201 0.00662356 -0.0179077 -0.00513813 0.00662356 0.0112483 -0.0197513 0.00661533 -0.0179077 -0.0197513 0.0931955 
0.00880168 -0.0168625 -0.00510788 0.00656324 -0.0168625 0.0863111 0.00656886 -0.0178353 -0.00510788 0.00656886 0.0112285 -0.0198259 0.00656324 -0.0178353 -0.0198259 0.0933935 
0.00885584 -0.0169963 -0.00503778 0.00650177 -0.0169963 0.0865349 0.00651499 -0.0176765 -0.00503778 0.00651499 0.0112755 -0.0198114 0.00650177 -0.0176765 -0.0198114 0.0934679 
0.00880699 -0.0171117 -0.00495458 0.00640507 -0.0171117 0.0868903 0.00642285 -0.0174548 -0.00495458 0.00642285 0.0113795 -0.019846 0.00640507 -0.0174548 -0.019846 0.0935067 
0.0087263 -0.0170959 -0.00492431 0.00630531 -0.0170959 0.0870231 0.00631204 -0.0171964 -0.00492431 0.00631204 0.0114204 -0.0198982 0.00630531 -0.0171964 -0.0198982 0.0934804 
0.00866811 -0.01699 -0.00490456 0.00626947 -0.01699 0.0868919 0.0062612 -0.0170056 -0.00490456 0.0062612 0.0114408 -0.0199731 0.00626947 -0.0170056 -0.0199731 0.0936395 
0.00860121 -0.0169048 -0.00488664 0.00625324 -0.0169048 0.086692 0.00623903 -0.0169167 -0.00488664 0.00623903 0.0115055 -0.0200254 0.00625324 -0.0169167 -0.0200254 0.0938361 
0.00854866 -0.0168359 -0.00488254 0.00625112 -0.0168359 0.0865259 0.0062333 -0.0169093 -0.00488254 0.0062333 0.0115318 -0.0200751 0.00625112 -0.0169093 -0.0200751 0.0939546 
0.00852604 -0.0167386 -0.00490051 0.00624213 -0.0167386 0.0862371 0.00622278 -0.0168874 -0.00490051 0.00622278 0.0115165 -0.0201046 0.00624213 -0.0168874 -0.0201046 0.0940187 
0.00854909 -0.0167276 -0.00496571 0.0062785 -0.0167276 0.0861772 0.00626411 -0.0169626 -0.00496571 0.00626411 0.0114776 -0.0201086 0.0062785 -0.0169626 -0.0201086 0.0941275 
0.00857845 -0.0167057 -0.00499281 0.00633766 -0.0167057 0.0860266 0.00633261 -0.0170722 -0.00499281 0.00633261 0.0114428 -0.0200712 0.00633766 -0.0170722 -0.0200712 0.0940756 
0.00856751 -0.016731 -0.00495069 0.00636899 -0.016731 0.085999 0.00637305 -0.0171882 -0.00495069 0.00637305 0.0114883 -0.0200383 0.00636899 -0.0171882 -0.0200383 0.0940044 
0.00867555 -0.016741 -0.00494369 0.00632227 -0.016741 0.0860677 0.00632626 -0.0171655 -0.00494369 0.00632626 0.0114558 -0.0201092 0.00632227 -0.0171655 -0.0201092 0.0941286 
0.00875437 -0.0168735 -0.00489991 0.00629001 -0.0168735 0.0862732 0.00630181 -0.0170688 -0.00489991 0.00630181 0.0114721 -0.0200716 0.00629001 -0.0170688 -0.0200716 0.0941234 
0.00881478 -0.0170292 -0.00490939 0.00623743 -0.0170292 0.0867093 0.00625395 -0.0169645 -0.00490939 0.00625395 0.0114432 -0.0200604 0.00623743 -0.0169645 -0.0200604 0.0940624 
0.00880551 -0.0171083 -0.00488524 0.00622526 -0.0171083 0.0870119 0.00624241 -0.0168612 -0.00488524 0.00624241 0.0114671 -0.0200397 0.00622526 -0.0168612 -0.0200397 0.0940177 
0.00873288 -0.0171238 -0.00486553 0.00620818 -0.0171238 0.0871691 0.00622014 -0.0168142 -0.00486553 0.00622014 0.0114927 -0.0200237 0.00620818 -0.0168142 -0.0200237 0.0939077 
0.00872431 -0.0170404 -0.00491165 0.00619822 -0.0170404 0.0870981 0.00619852 -0.01678 -0.00491165 0.00619852 0.0114314 -0.0200409 0.00619822 -0.01678 -0.0200409 0.0938834 
0.00867672 -0.0169941 -0.00492527 0.00625425 -0.0169941 0.0869328 0.00625294 -0.016846 -0.00492527 0.00625294 0.0114322 -0.0199851 0.00625425 -0.016846 -0.0199851 0.0938165 
0.00866976 -0.0169128 -0.00491019 0.00627786 -0.0169128 0.086735 0.00627595 -0.0169278 -0.00491019 0.00627595 0.0114477 -0.0200165 0.00627786 -0.0169278 -0.0200165 0.0938719 
0.00867421 -0.0168982 -0.00489391 0.00626317 -0.0168982 0.0866356 0.00626145 -0.0169425 -0.00489391 0.00626145 0.0114814 -0.0200524 0.00626317 -0.0169425 -0.0200524 0.0939973 
0.00867519 -0.016902 -0.00489829 0.00623829 -0.016902 0.0865528 0.00623789 -0.0169046 -0.00489829 0.00623789 0.0114792 -0.0200372 0.00623829 -0.0169046 -0.0200372 0.0939002 
0.00868378 -0.016905 -0.00489395 0.00623818 -0.016905 0.0865573 0.00623599 -0.0168722 -0.00489395 0.00623599 0.0114999 -0.0200715 0.00623818 -0.0168722 -0.0200715 0.0939788 
0.00867667 -0.0169158 -0.00487177 0.00622871 -0.0169158 0.0865734 0.0062249 -0.0168397 -0.00487177 0.0062249 0.0115525 -0.0201085 0.00622871 -0.0168397 -0.0201085 0.0940827 
