0.00703377 0 0.00402435 0 0 0.00998613 0 0 0.00402435 0 0.0090244 0 0 0 0 0.00998613 
0.00993217 -0.0123728 0.00567141 -0.00694753 -0.0123728 0.0328845 -0.00694753 0.0133211 0.00567141 -0.00694753 0.0126844 -0.0157404 -0.00694753 0.0133211 -0.0157404 0.0393414 
0.0101833 -0.0194968 0.00501714 -0.00814222 -0.0194968 0.0717123 -0.00814222 0.0257244 0.00501714 -0.00814222 0.0126346 -0.023387 -0.00814222 0.0257244 -0.023387 0.0839714 
0.00952998 -0.0194184 0.00437219 -0.00584291 -0.0194184 0.0876008 -0.00584227 0.0202411 0.00437219 -0.00584227 0.0119283 -0.022225 -0.00584291 0.0202411 -0.022225 0.0971118 
0.00936179 -0.0183745 0.00441258 -0.00521028 -0.0183745 0.0899635 -0.00520215 0.0157528 0.00441258 -0.00520215 0.0120239 -0.0211817 -0.00521028 0.0157528 -0.0211817 0.0977804 
0.00949574 -0.0180166 0.00459093 -0.0054153 -0.0180166 0.0896824 -0.00540468 0.0147132 0.00459093 -0.00540468 0.0122643 -0.0212129 -0.0054153 0.0147132 -0.0212129 0.0977303 
0.00965944 -0.0181145 0.00470887 -0.00568468 -0.0181145 0.0897682 -0.00568046 0.0149668 0.00470887 -0.00568046 0.0123631 -0.0214543 -0.00568468 0.0149668 -0.0214543 0.0982528 
0.00972302 -0.0182796 0.00474493 -0.0058182 -0.0182796 0.0901177 -0.00582464 0.0152982 0.00474493 -0.00582464 0.012389 -0.0215191 -0.0058182 0.0152982 -0.0215191 0.0985599 
0.00978676 -0.0183253 0.00479922 -0.00585902 -0.0183253 0.0903004 -0.00586593 0.015471 0.00479922 -0.00586593 0.0122711 -0.0215079 -0.00585902 0.015471 -0.0215079 0.0985597 
0.00984609 -0.018369 0.00487636 -0.00593052 -0.018369 0.090365 -0.0059384 0.0156436 0.00487636 -0.0059384 0.0120979 -0.021355 -0.00593052 0.0156436 -0.021355 0.0982806 
0.00985599 -0.0184639 0.00492348 -0.00602306 -0.0184639 0.0906176 -0.00603791 0.0158611 0.00492348 -0.00603791 0.0120418 -0.0211806 -0.00602306 0.0158611 -0.0211806 0.0979702 
0.00980497 -0.0184544 0.00498136 -0.00608536 -0.0184544 0.090651 -0.00610307 0.0160661 0.00498136 -0.00610307 0.0119825 -0.0210808 -0.00608536 0.0160661 -0.0210808 0.097609 
0.00978175 -0.0183885 0.00498711 -0.00613927 -0.0183885 0.0905282 -0.00615174 0.0161873 0.00498711 -0.00615174 0.0119689 -0.0210086 -0.00613927 0.0161873 -0.0210086 0.0973446 
0.00981174 -0.018382 0.00492495 -0.00614563 -0.018382 0.0905254 -0.00615117 0.0162264 0.00492495 -0.00615117 0.0120617 -0.0210281 -0.00614563 0.0162264 -0.0210281 0.097361 
0.00978915 -0.0183969 0.00487719 -0.0060761 -0.0183969 0.0904914 -0.00607187 0.0161281 0.00487719 -0.00607187 0.0121447 -0.021123 -0.0060761 0.0161281 -0.021123 0.0974732 
0.00985072 -0.0183994 0.00482365 -0.00600344 -0.0183994 0.0905579 -0.00598861 0.0159199 0.00482365 -0.00598861 0.0121996 -0.0212603 -0.00600344 0.0159199 -0.0212603 0.097824 
0.00993923 -0.0184748 0.00478281 -0.00592728 -0.0184748 0.0906884 -0.00590725 0.0156922 0.00478281 -0.00590725 0.0122105 -0.021343 -0.00592728 0.0156922 -0.021343 0.0981184 
0.0100524 -0.0185853 0.00478759 -0.00587265 -0.0185853 0.0909375 -0.00585681 0.0155204 0.00478759 -0.00585681 0.0121399 -0.0213731 -0.00587265 0.0155204 -0.0213731 0.0983038 
0.0100814 -0.0187152 0.00480803 -0.00586617 -0.0187152 0.0912191 -0.00586154 0.0154463 0.00480803 -0.00586154 0.0120822 -0.0212848 -0.00586617 0.0154463 -0.0212848 0.098215 
0.0100891 -0.0187424 0.00485567 -0.00589787 -0.0187424 0.0913757 -0.00589953 0.015496 0.00485567 -0.00589953 0.0119994 -0.0212112 -0.00589787 0.015496 -0.0212112 0.0980412 
0.0100751 -0.0187203 0.00491285 -0.00596333 -0.0187203 0.0913187 -0.00596586 0.0156395 0.00491285 -0.00596586 0.0118985 -0.0210943 -0.00596333 0.0156395 -0.0210943 0.0977505 
0.010119 -0.0187193 0.00494544 -0.00603841 -0.0187193 0.091348 -0.00604412 0.0158242 0.00494544 -0.00604412 0.0118311 -0.0209963 -0.00603841 0.0158242 -0.0209963 0.0975498 
0.0101103 -0.018743 0.00493495 -0.00607567 -0.018743 0.0913179 -0.00608309 0.0159608 0.00493495 -0.00608309 0.0118412 -0.0208877 -0.00607567 0.0159608 -0.0208877 0.0972304 
0.0100298 -0.0187657 0.00487489 -0.00606321 -0.0187657 0.0914255 -0.00606996 0.015986 0.00487489 -0.00606996 0.012009 -0.0209208 -0.00606321 0.015986 -0.0209208 0.0972168 
0.00997918 -0.0186763 0.00481502 -0.00598767 -0.0186763 0.0913159 -0.00598617 0.0158551 0.00481502 -0.00598617 0.0121378 -0.0211107 -0.00598767 0.0158551 -0.0211107 0.0974938 
0.0100047 -0.0186293 0.00476175 -0.00590696 -0.0186293 0.0911988 -0.00590151 0.0156477 0.00476175 -0.00590151 0.012204 -0.0212717 -0.00590696 0.0156477 -0.0212717 0.0978963 
0.00998916 -0.0186759 0.00476911 -0.00585563 -0.0186759 0.0912746 -0.00585377 0.0155117 0.00476911 -0.00585377 0.0122222 -0.0213554 -0.00585563 0.0155117 -0.0213554 0.0982168 
0.00993367 -0.0186569 0.00473844 -0.00583411 -0.0186569 0.0912479 -0.00583715 0.0153889 0.00473844 -0.00583715 0.0122764 -0.0213493 -0.00583411 0.0153889 -0.0213493 0.0982289 
0.00986343 -0.0186134 0.0047069 -0.0058136 -0.0186134 0.0912393 -0.00581091 0.0153334 0.0047069 -0.00581091 0.0123775 -0.021436 -0.0058136 0.0153334 -0.021436 0.0984214 
0.0098608 -0.0185202 0.00470132 -0.00578375 -0.0185202 0.091065 -0.00577309 0.0152656 0.00470132 -0.00577309 0.0123967 -0.0215533 -0.00578375 0.0152656 -0.0215533 0.0986779 
0.0098674 -0.0184968 0.00466767 -0.00575935 -0.0184968 0.0908789 -0.00574779 0.0151729 0.00466767 -0.00574779 0.0124128 -0.0215606 -0.00575935 0.0151729 -0.0215606 0.0987325 
0.00990304 -0.0185214 0.0046899 -0.00573436 -0.0185214 0.0909066 -0.00572791 0.0151322 0.0046899 -0.00572791 0.0123673 -0.0215907 -0.00573436 0.0151322 -0.0215907 0.0988344 
0.00996094 -0.018568 0.00471529 -0.00575423 -0.018568 0.0910051 -0.00575623 0.0151477 0.00471529 -0.00575623 0.0123002 -0.0215348 -0.00575423 0.0151477 -0.0215348 0.0987858 
0.00993625 -0.0186371 0.00474833 -0.0057905 -0.0186371 0.0911626 -0.00579986 0.0152407 0.00474833 -0.00579986 0.0122725 -0.0214492 -0.0057905 0.0152407 -0.0214492 0.0986207 
0.00988517 -0.0186111 0.00476566 -0.00583121 -0.0186111 0.0912013 -0.00584193 0.0153441 0.00476566 -0.00584193 0.01228 -0.0214113 -0.00583121 0.0153441 -0.0214113 0.0984893 
0.00971284 -0.018537 0.00476929 -0.00586254 -0.018537 0.0910625 -0.00586987 0.0154452 0.00476929 -0.00586987 0.0123612 -0.0214077 -0.00586254 0.0154452 -0.0214077 0.098414 
0.00958433 -0.0183147 0.0047864 -0.00587897 -0.0183147 0.0906078 -0.00587719 0.0155115 0.0047864 -0.00587719 0.0123876 -0.0214763 -0.00587897 0.0155115 -0.0214763 0.0984388 
0.00954243 -0.018158 0.00481936 -0.00590695 -0.018158 0.0901735 -0.00590001 0.0155778 0.00481936 -0.00590001 0.0123652 -0.0215144 -0.00590695 0.0155778 -0.0215144 0.0985444 
0.00954372 -0.0181039 0.00483336 -0.00595122 -0.0181039 0.0899349 -0.00594413 0.0156761 0.00483336 -0.00594413 0.0123518 -0.0214929 -0.00595122 0.0156761 -0.0214929 0.0985619 
0.00954049 -0.018114 0.00478649 -0.00596064 -0.018114 0.0898996 -0.0059556 0.0157214 0.00478649 -0.0059556 0.0124245 -0.0214923 -0.00596064 0.0157214 -0.0214923 0.0985848 
0.00954664 -0.0180958 0.00479166 -0.00591078 -0.0180958 0.0898211 -0.00590522 0.0156737 0.00479166 -0.00590522 0.0124007 -0.0215564 -0.00591078 0.0156737 -0.0215564 0.0986406 
0.00943998 -0.0181097 0.00479027 -0.00591486 -0.0181097 0.0898204 -0.0059123 0.015649 0.00479027 -0.0059123 0.012445 -0.0215316 -0.00591486 0.015649 -0.0215316 0.0986512 
0.00939463 -0.0179904 0.00481514 -0.00591983 -0.0179904 0.0896668 -0.00591995 0.0156646 0.00481514 -0.00591995 0.0124353 -0.0215751 -0.00591983 0.0156646 -0.0215751 0.0987026 
0.00935941 -0.0179383 0.00479217 -0.00595075 -0.0179383 0.0895242 -0.00595036 0.0157159 0.00479217 -0.00595036 0.0124852 -0.0215737 -0.00595075 0.0157159 -0.0215737 0.0987639 
0.00930084 -0.0178742 0.00478146 -0.00592632 -0.0178742 0.0893046 -0.00592563 0.0157123 0.00478146 -0.00592563 0.0125113 -0.0215984 -0.00592632 0.0157123 -0.0215984 0.0987287 
0.00918528 -0.0178176 0.00477284 -0.00592528 -0.0178176 0.0891788 -0.00592214 0.0157152 0.00477284 -0.00592214 0.0125722 -0.0216414 -0.00592528 0.0157152 -0.0216414 0.0988304 
0.00922337 -0.0176629 0.00479099 -0.0059156 -0.0176629 0.0888398 -0.00590826 0.0156945 0.00479099 -0.00590826 0.0125084 -0.021692 -0.0059156 0.0156945 -0.021692 0.0988925 
0.00928013 -0.0177164 0.00482494 -0.00594819 -0.0177164 0.0888248 -0.00594774 0.0157591 0.00482494 -0.00594774 0.012453 -0.0216395 -0.00594819 0.0157591 -0.0216395 0.0989129 
0.00926379 -0.0177688 0.00485195 -0.00598501 -0.0177688 0.0888693 -0.00599512 0.0158643 0.00485195 -0.00599512 0.0123948 -0.0215312 -0.00598501 0.0158643 -0.0215312 0.0986368 
0.0092147 -0.0177795 0.00486049 -0.00601825 -0.0177795 0.0890004 -0.00603337 0.0159612 0.00486049 -0.00603337 0.0124189 -0.0214874 -0.00601825 0.0159612 -0.0214874 0.0985282 
0.00918257 -0.0176901 0.00488421 -0.00603068 -0.0176901 0.0888111 -0.00604232 0.0160187 0.00488421 -0.00604232 0.0123802 -0.0214687 -0.00603068 0.0160187 -0.0214687 0.0983467 
0.00916852 -0.0176681 0.00490706 -0.0060734 -0.0176681 0.0887696 -0.00607986 0.0161115 0.00490706 -0.00607986 0.0123719 -0.0214595 -0.0060734 0.0161115 -0.0214595 0.0983743 
0.00914884 -0.0176129 0.00493473 -0.00609909 -0.0176129 0.0885603 -0.00610367 0.0161889 0.00493473 -0.00610367 0.012313 -0.0214045 -0.00609909 0.0161889 -0.0214045 0.0981776 
0.009133 -0.0175982 0.0049871 -0.00614404 -0.0175982 0.0885033 -0.00614987 0.0163023 0.0049871 -0.00614987 0.012259 -0.0213521 -0.00614404 0.0163023 -0.0213521 0.0980716 
0.00906173 -0.0175703 0.00499853 -0.00620563 -0.0175703 0.0884291 -0.00621212 0.0164403 0.00499853 -0.00621212 0.0122805 -0.021283 -0.00620563 0.0164403 -0.021283 0.0979075 
0.00904036 -0.01748 0.00505959 -0.00624659 -0.01748 0.0882736 -0.00624627 0.0165939 0.00505959 -0.00624627 0.0122283 -0.0213056 -0.00624659 0.0165939 -0.0213056 0.0978902 
0.00899964 -0.0174331 0.00510054 -0.00631844 -0.0174331 0.0881016 -0.00631674 0.0167507 0.00510054 -0.00631674 0.01221 -0.0212504 -0.00631844 0.0167507 -0.0212504 0.0978238 
0.00891231 -0.0173532 0.00505899 -0.00635977 -0.0173532 0.0878403 -0.00635504 0.0168652 0.00505899 -0.00635504 0.0122809 -0.0212095 -0.00635977 0.0168652 -0.0212095 0.0976551 
0.00882691 -0.0172703 0.00499378 -0.00632479 -0.0172703 0.0876834 -0.00631254 0.0168622 0.00499378 -0.00631254 0.0124138 -0.0213318 -0.00632479 0.0168622 -0.0213318 0.0978816 
0.0087697 -0.0171565 0.00494637 -0.00623809 -0.0171565 0.0873895 -0.00621822 0.0166899 0.00494637 -0.00621822 0.0124895 -0.0214779 -0.00623809 0.0166899 -0.0214779 0.0981751 
0.00886202 -0.0170975 0.00500468 -0.00619247 -0.0170975 0.0872069 -0.00617153 0.0165582 0.00500468 -0.00617153 0.0123826 -0.0215724 -0.00619247 0.0165582 -0.0215724 0.0984767 
0.00895564 -0.0171955 0.0050416 -0.0062419 -0.0171955 0.0872531 -0.00623763 0.0165775 0.0050416 -0.00623763 0.0122798 -0.0214359 -0.0062419 0.0165775 -0.0214359 0.0983413 
0.00907348 -0.0173237 0.00508843 -0.00628902 -0.0173237 0.0875383 -0.00630073 0.0167069 0.00508843 -0.00630073 0.0121683 -0.0213114 -0.00628902 0.0167069 -0.0213114 0.0980672 
0.00914829 -0.0174698 0.0051132 -0.0063381 -0.0174698 0.0878969 -0.00635981 0.0168418 0.0051132 -0.00635981 0.0121097 -0.0211783 -0.0063381 0.0168418 -0.0211783 0.0977529 
0.00913082 -0.0175672 0.00509222 -0.00637062 -0.0175672 0.0882174 -0.00639203 0.0169505 0.00509222 -0.00639203 0.0121548 -0.0211112 -0.00637062 0.0169505 -0.0211112 0.0975369 
0.00908855 -0.0175178 0.00507261 -0.0063433 -0.0175178 0.0881632 -0.0063542 0.0169321 0.00507261 -0.0063542 0.0121696 -0.0211299 -0.0063433 0.0169321 -0.0211299 0.097387 
0.00902332 -0.0174873 0.00505711 -0.00633416 -0.0174873 0.0881452 -0.00633565 0.0169016 0.00505711 -0.00633565 0.0122251 -0.0211822 -0.00633416 0.0169016 -0.0211822 0.0975251 
0.00892316 -0.0173962 0.00507956 -0.00632949 -0.0173962 0.0879522 -0.00632578 0.0168997 0.00507956 -0.00632578 0.0122208 -0.0212197 -0.00632949 0.0168997 -0.0212197 0.0975888 
0.00892804 -0.0172689 0.00509082 -0.00634515 -0.0172689 0.0876591 -0.00634258 0.016901 0.00509082 -0.00634258 0.0121849 -0.0212141 -0.00634515 0.016901 -0.0212141 0.0975956 
0.00895042 -0.0172896 0.00508315 -0.00636663 -0.0172896 0.0876341 -0.0063703 0.0169562 0.00508315 -0.0063703 0.0122021 -0.0211949 -0.00636663 0.0169562 -0.0211949 0.0976356 
0.00893036 -0.0173027 0.00507653 -0.00634845 -0.0173027 0.0876026 -0.00635459 0.0169512 0.00507653 -0.00635459 0.0122153 -0.0211815 -0.00634845 0.0169512 -0.0211815 0.0975308 
0.00882187 -0.017288 0.00506894 -0.00634745 -0.017288 0.0876048 -0.00635036 0.0169444 0.00506894 -0.00635036 0.0122927 -0.0212052 -0.00634745 0.0169444 -0.0212052 0.0975547 
0.00873547 -0.0171639 0.00504654 -0.00634146 -0.0171639 0.087448 -0.00632938 0.0169083 0.00504654 -0.00632938 0.0123807 -0.0213256 -0.00634146 0.0169083 -0.0213256 0.0978102 
0.00875898 -0.0170237 0.00505865 -0.00631657 -0.0170237 0.0870547 -0.0062927 0.0168443 0.00505865 -0.0062927 0.0123382 -0.0214143 -0.00631657 0.0168443 -0.0214143 0.0980061 
0.00877598 -0.0170494 0.00507339 -0.00633412 -0.0170494 0.0869432 -0.00631659 0.0168545 0.00507339 -0.00631659 0.012316 -0.0213804 -0.00633412 0.0168545 -0.0213804 0.0980746 
0.00882755 -0.017075 0.00510803 -0.00634781 -0.017075 0.0869679 -0.00634167 0.0168994 0.00510803 -0.00634167 0.0122467 -0.0213447 -0.00634781 0.0168994 -0.0213447 0.0980063 
0.00893975 -0.0171645 0.00509527 -0.00637492 -0.0171645 0.087212 -0.0063788 0.0169457 0.00509527 -0.0063788 0.012236 -0.0213052 -0.00637492 0.0169457 -0.0213052 0.0980203 
0.0090269 -0.0172787 0.00504257 -0.00634111 -0.0172787 0.0873959 -0.00635276 0.0169092 0.00504257 -0.00635276 0.0122378 -0.0212499 -0.00634111 0.0169092 -0.0212499 0.0978138 
0.00900825 -0.0174247 0.0049908 -0.00628321 -0.0174247 0.0877978 -0.00629614 0.0168089 0.0049908 -0.00629614 0.0123345 -0.0212767 -0.00628321 0.0168089 -0.0212767 0.0978507 
0.00893604 -0.0174021 0.00496919 -0.00621748 -0.0174021 0.0878939 -0.00622111 0.0166474 0.00496919 -0.00622111 0.0123926 -0.0213669 -0.00621748 0.0166474 -0.0213669 0.0979492 
0.00890054 -0.0173271 0.00490767 -0.00618812 -0.0173271 0.0878315 -0.00617809 0.0165012 0.00490767 -0.00617809 0.0125021 -0.0214701 -0.00618812 0.0165012 -0.0214701 0.0982294 
0.00889901 -0.0172691 0.00489932 -0.00612985 -0.0172691 0.0876666 -0.00611021 0.0163765 0.00489932 -0.00611021 0.0125048 -0.0215898 -0.00612985 0.0163765 -0.0215898 0.0984998 
0.00893173 -0.0172675 0.00491062 -0.00610639 -0.0172675 0.0875822 -0.00609132 0.0162707 0.00491062 -0.00609132 0.0124551 -0.0215975 -0.00610639 0.0162707 -0.0215975 0.0986222 
0.00897836 -0.0173078 0.0049818 -0.00612697 -0.0173078 0.0876163 -0.00612565 0.0163017 0.0049818 -0.00612565 0.0123328 -0.0215167 -0.00612697 0.0163017 -0.0215167 0.0985015 
0.00899064 -0.017369 0.00501389 -0.00620291 -0.017369 0.0877552 -0.00621673 0.0164433 0.00501389 -0.00621673 0.0122827 -0.0213714 -0.00620291 0.0164433 -0.0213714 0.0982164 
0.00898113 -0.0173788 0.00501905 -0.0062497 -0.0173788 0.0878197 -0.00626803 0.0166043 0.00501905 -0.00626803 0.0122772 -0.0212953 -0.0062497 0.0166043 -0.0212953 0.0979453 
0.0089906 -0.0173715 0.00503781 -0.00626677 -0.0173715 0.0878581 -0.00627865 0.0166957 0.00503781 -0.00627865 0.012265 -0.0213011 -0.00626677 0.0166957 -0.0213011 0.0978961 
0.00894148 -0.0173624 0.00505955 -0.00628524 -0.0173624 0.0877947 -0.00629201 0.016741 0.00505955 -0.00629201 0.012263 -0.0212695 -0.00628524 0.016741 -0.0212695 0.0977899 
0.00890216 -0.0173065 0.00506108 -0.00631406 -0.0173065 0.0877126 -0.00631266 0.0167891 0.00506108 -0.00631266 0.0122956 -0.0212867 -0.00631406 0.0167891 -0.0212867 0.0978103 
0.00890948 -0.0172526 0.00506088 -0.00632811 -0.0172526 0.0875981 -0.00631711 0.0168362 0.00506088 -0.00631711 0.0123071 -0.0213426 -0.00632811 0.0168362 -0.0213426 0.0979522 
0.00888915 -0.0172291 0.00505986 -0.00632594 -0.0172291 0.0874149 -0.00631346 0.0168462 0.00505986 -0.00631346 0.0122956 -0.0213299 -0.00632594 0.0168462 -0.0213299 0.0979178 
0.00892645 -0.0172348 0.00507116 -0.00633131 -0.0172348 0.0874596 -0.0063236 0.0168689 0.00507116 -0.0063236 0.0122792 -0.0213495 -0.00633131 0.0168689 -0.0213495 0.0980335 
0.00896122 -0.0172686 0.00504681 -0.00632285 -0.0172686 0.087478 -0.0063236 0.0168469 0.00504681 -0.0063236 0.0122776 -0.0213101 -0.00632285 0.0168469 -0.0213101 0.0979544 
0.0090111 -0.0173214 0.00505312 -0.00630038 -0.0173214 0.0875967 -0.00630708 0.016827 0.00505312 -0.00630708 0.0122408 -0.021302 -0.00630038 0.016827 -0.021302 0.0979022 
0.00902113 -0.0174001 0.00505302 -0.00630421 -0.0174001 0.0878181 -0.00631507 0.0168182 0.00505302 -0.00631507 0.0122476 -0.0212723 -0.00630421 0.0168182 -0.0212723 0.0978789 
0.00901616 -0.0174015 0.00503619 -0.00628972 -0.0174015 0.087864 -0.0062993 0.0167739 0.00503619 -0.0062993 0.0122441 -0.0212573 -0.00628972 0.0167739 -0.0212573 0.0977727 
0.00899699 -0.0174241 0.00501594 -0.00627714 -0.0174241 0.0879949 -0.00628436 0.0167378 0.00501594 -0.00628436 0.012301 -0.0212889 -0.00627714 0.0167378 -0.0212889 0.0978797 
0.00897294 -0.0173819 0.00498182 -0.00624455 -0.0173819 0.0879074 -0.00624666 0.016657 0.00498182 -0.00624666 0.0123454 -0.0213245 -0.00624455 0.016657 -0.0213245 0.0978915 
0.00891046 -0.0173666 0.00494237 -0.00620754 -0.0173666 0.0878875 -0.00620328 0.0165601 0.00494237 -0.00620328 0.0124349 -0.021403 -0.00620754 0.0165601 -0.021403 0.0980786 
0.00891999 -0.0173023 0.00496327 -0.00616954 -0.0173023 0.0878096 -0.00615659 0.0164632 0.00496327 -0.00615659 0.0124218 -0.0215187 -0.00616954 0.0164632 -0.0215187 0.0983667 
0.00890415 -0.0172933 0.00498988 -0.00618699 -0.0172933 0.0877014 -0.0061747 0.0164405 0.00498988 -0.0061747 0.0123898 -0.0214942 -0.00618699 0.0164405 -0.0214942 0.0984156 
0.00893971 -0.0172743 0.00499933 -0.00621435 -0.0172743 0.0876438 -0.00620899 0.0164837 0.00499933 -0.00620899 0.0123725 -0.0214587 -0.00621435 0.0164837 -0.0214587 0.0983615 
0.00895696 -0.0172952 0.00499874 -0.00623192 -0.0172952 0.0875946 -0.00622886 0.0165511 0.00499874 -0.00622886 0.012359 -0.0214168 -0.00623192 0.0165511 -0.0214168 0.0982148 
0.00895374 -0.0173294 0.00499528 -0.00623446 -0.0173294 0.087683 -0.00623063 0.0165839 0.00499528 -0.00623063 0.0123748 -0.021428 -0.00623446 0.0165839 -0.021428 0.0982405 
0.00902318 -0.0173391 0.00495744 -0.00621903 -0.0173391 0.0877664 -0.00621274 0.0165441 0.00495744 -0.00621274 0.0124052 -0.0214679 -0.00621903 0.0165441 -0.0214679 0.098361 
0.00915655 -0.0174101 0.00498893 -0.00617422 -0.0174101 0.0878504 -0.0061706 0.0164709 0.00498893 -0.0061706 0.0122975 -0.0214815 -0.00617422 0.0164709 -0.0214815 0.0983785 
0.0093159 -0.0175884 0.00501478 -0.00618864 -0.0175884 0.0882081 -0.00619578 0.0164341 0.00501478 -0.00619578 0.0121878 -0.0213741 -0.00618864 0.0164341 -0.0213741 0.0982601 
0.00939868 -0.0177951 0.00503327 -0.00621302 -0.0177951 0.0887209 -0.00622949 0.0164761 0.00503327 -0.00622949 0.0121314 -0.0212504 -0.00621302 0.0164761 -0.0212504 0.0980173 
0.00928544 -0.0178901 0.00501668 -0.00623254 -0.0178901 0.089065 -0.00624997 0.0165279 0.00501668 -0.00624997 0.012208 -0.0211743 -0.00623254 0.0165279 -0.0211743 0.0977746 
0.00923365 -0.0177644 0.00501834 -0.0062262 -0.0177644 0.089025 -0.00623075 0.016531 0.00501834 -0.00623075 0.0122415 -0.0212738 -0.0062262 0.016531 -0.0212738 0.0978747 
0.00926635 -0.017685 0.00498004 -0.00621829 -0.017685 0.0887962 -0.00621351 0.016484 0.00498004 -0.00621351 0.0122662 -0.0213158 -0.00621829 0.016484 -0.0213158 0.0979944 
0.00937239 -0.0177273 0.00495905 -0.00617444 -0.0177273 0.0887774 -0.00617241 0.0164092 0.00495905 -0.00617241 0.0122394 -0.0213452 -0.00617444 0.0164092 -0.0213452 0.0980845 
0.00949701 -0.0178535 0.00494102 -0.0061338 -0.0178535 0.088947 -0.00613933 0.0163063 0.00494102 -0.00613933 0.0121848 -0.021296 -0.0061338 0.0163063 -0.021296 0.0979816 
0.00959945 -0.0180528 0.0049158 -0.00611083 -0.0180528 0.0894781 -0.00612128 0.016234 0.0049158 -0.00612128 0.0122081 -0.0212774 -0.00611083 0.016234 -0.0212774 0.0980248 
0.00969011 -0.0181656 0.00488594 -0.00606283 -0.0181656 0.0898209 -0.0060694 0.0161063 0.00488594 -0.0060694 0.0121986 -0.02129 -0.00606283 0.0161063 -0.02129 0.0979947 
0.00965266 -0.0182655 0.00484993 -0.00601887 -0.0182655 0.0900638 -0.00601959 0.0159684 0.00484993 -0.00601959 0.0122552 -0.0212827 -0.00601887 0.0159684 -0.0212827 0.0979671 
0.00963234 -0.0182626 0.00481382 -0.00598245 -0.0182626 0.0902725 -0.00597696 0.0158538 0.00481382 -0.00597696 0.0123448 -0.0213965 -0.00598245 0.0158538 -0.0213965 0.0982598 
0.00954676 -0.0182253 0.00476246 -0.00593084 -0.0182253 0.0902203 -0.0059222 0.0157146 0.00476246 -0.0059222 0.012451 -0.0214856 -0.00593084 0.0157146 -0.0214856 0.0984802 
0.00940676 -0.0181044 0.00474597 -0.00587296 -0.0181044 0.0899306 -0.00586353 0.0155767 0.00474597 -0.00586353 0.0125149 -0.0215703 -0.00587296 0.0155767 -0.0215703 0.0985998 
0.00932556 -0.0179755 0.00474915 -0.0058664 -0.0179755 0.0897331 -0.00585383 0.01552 0.00474915 -0.00585383 0.0125805 -0.0216889 -0.0058664 0.01552 -0.0216889 0.0989536 
0.00935276 -0.0178542 0.00474967 -0.00585641 -0.0178542 0.0893891 -0.0058397 0.0154631 0.00474967 -0.0058397 0.0125593 -0.0217495 -0.00585641 0.0154631 -0.0217495 0.0991183 
0.00939391 -0.0178898 0.00474055 -0.00586701 -0.0178898 0.0893422 -0.00585403 0.0154815 0.00474055 -0.00585403 0.0125654 -0.021744 -0.00586701 0.0154815 -0.021744 0.099224 
0.00943197 -0.0179217 0.00472288 -0.00584038 -0.0179217 0.0893197 -0.00583463 0.0154417 0.00472288 -0.00583463 0.0125434 -0.0217197 -0.00584038 0.0154417 -0.0217197 0.0991207 
0.00956465 -0.0179888 0.00470842 -0.00581216 -0.0179888 0.0894662 -0.00581297 0.0153759 0.00470842 -0.00581297 0.0124914 -0.0217115 -0.00581216 0.0153759 -0.0217115 0.0991075 
0.0096718 -0.0181674 0.00468083 -0.00579131 -0.0181674 0.0898555 -0.00580177 0.0153274 0.00468083 -0.00580177 0.0124923 -0.0216663 -0.00579131 0.0153274 -0.0216663 0.0990796 
0.00967718 -0.0182887 0.00465 -0.00575083 -0.0182887 0.0901663 -0.00576367 0.0152498 0.00465 -0.00576367 0.0125142 -0.0216374 -0.00575083 0.0152498 -0.0216374 0.0989349 
0.00970604 -0.018317 0.00468522 -0.0057294 -0.018317 0.0903895 -0.00573997 0.0152008 0.00468522 -0.00573997 0.0124632 -0.0216752 -0.0057294 0.0152008 -0.0216752 0.0989976 
0.00975959 -0.0183439 0.00472737 -0.0057633 -0.0183439 0.0904802 -0.00577386 0.01522 0.00472737 -0.00577386 0.0123702 -0.02161 -0.0057633 0.01522 -0.02161 0.0989121 
0.00975669 -0.0183901 0.00475708 -0.00580937 -0.0183901 0.090529 -0.00582539 0.0153114 0.00475708 -0.00582539 0.0123145 -0.0214752 -0.00580937 0.0153114 -0.0214752 0.098592 
0.00975225 -0.01842 0.0047824 -0.00585134 -0.01842 0.0907161 -0.00586487 0.0154166 0.0047824 -0.00586487 0.0123138 -0.0214497 -0.00585134 0.0154166 -0.0214497 0.0985246 
0.00977077 -0.0184011 0.00474241 -0.00586623 -0.0184011 0.0907142 -0.00587108 0.0154427 0.00474241 -0.00587108 0.0123627 -0.0214481 -0.00586623 0.0154427 -0.0214481 0.098481 
0.00982891 -0.0184134 0.00469362 -0.00581655 -0.0184134 0.090689 -0.0058132 0.0153602 0.00469362 -0.0058132 0.0123972 -0.0215079 -0.00581655 0.0153602 -0.0215079 0.0985464 
0.00987113 -0.0184879 0.00473506 -0.00577747 -0.0184879 0.0908361 -0.00576836 0.0152799 0.00473506 -0.00576836 0.0123373 -0.0215692 -0.00577747 0.0152799 -0.0215692 0.0987412 
0.00993787 -0.0185111 0.00476628 -0.00580958 -0.0185111 0.0908562 -0.00580099 0.0152735 0.00476628 -0.00580099 0.0122291 -0.0214793 -0.00580958 0.0152735 -0.0214793 0.0986111 
0.00996653 -0.0186006 0.00480827 -0.00586963 -0.0186006 0.0910688 -0.00586875 0.0154208 0.00480827 -0.00586875 0.012179 -0.0213809 -0.00586963 0.0154208 -0.0213809 0.0984857 
0.00996947 -0.0185978 0.00485848 -0.00591469 -0.0185978 0.0910469 -0.00591801 0.0155579 0.00485848 -0.00591801 0.0120755 -0.0212792 -0.00591469 0.0155579 -0.0212792 0.0981601 
0.010006 -0.018619 0.0048845 -0.00597119 -0.018619 0.0911122 -0.00598173 0.0156946 0.0048845 -0.00598173 0.0120139 -0.0211741 -0.00597119 0.0156946 -0.0211741 0.0979311 
0.010029 -0.0186668 0.00489325 -0.00600649 -0.0186668 0.0912261 -0.00602183 0.0158193 0.00489325 -0.00602183 0.0119952 -0.0210968 -0.00600649 0.0158193 -0.0210968 0.09772 
0.00994946 -0.0186906 0.00488212 -0.00602196 -0.0186906 0.0913088 -0.00603536 0.0158942 0.00488212 -0.00603536 0.0120663 -0.0210676 -0.00602196 0.0158942 -0.0210676 0.0975827 
0.0097439 -0.0185797 0.00488265 -0.00601386 -0.0185797 0.091121 -0.0060172 0.0159018 0.00488265 -0.0060172 0.0121709 -0.0211319 -0.00601386 0.0159018 -0.0211319 0.0975852 
0.00954904 -0.0183332 0.00485463 -0.0060263 -0.0183332 0.0906512 -0.00601406 0.0159049 0.00485463 -0.00601406 0.0123115 -0.0212616 -0.0060263 0.0159049 -0.0212616 0.0978192 
0.009507 -0.0180872 0.00483779 -0.00599907 -0.0180872 0.0900288 -0.00597567 0.0158561 0.00483779 -0.00597567 0.012352 -0.0214237 -0.00599907 0.0158561 -0.0214237 0.098156 
0.0095198 -0.0180366 0.00482095 -0.00597674 -0.0180366 0.0897091 -0.00595439 0.0157967 0.00482095 -0.00595439 0.0123606 -0.0214832 -0.00597674 0.0157967 -0.0214832 0.0984115 
0.00939396 -0.018069 0.00481676 -0.00596972 -0.018069 0.0897108 -0.00595748 0.0157987 0.00481676 -0.00595748 0.0124398 -0.0214994 -0.00596972 0.0157987 -0.0214994 0.0985566 
0.00929746 -0.0179396 0.00477074 -0.00594506 -0.0179396 0.0895635 -0.00593724 0.01573 0.00477074 -0.00593724 0.0125509 -0.0215873 -0.00594506 0.01573 -0.0215873 0.0987268 
0.00929667 -0.0177948 0.00477889 -0.00589433 -0.0177948 0.0891725 -0.00588361 0.0156337 0.00477889 -0.00588361 0.0125258 -0.0216858 -0.00589433 0.0156337 -0.0216858 0.0988653 
0.00944223 -0.0178112 0.00481712 -0.00591326 -0.0178112 0.0891139 -0.00590245 0.0156308 0.00481712 -0.00590245 0.0124243 -0.0216927 -0.00591326 0.0156308 -0.0216927 0.0990345 
0.00954093 -0.0179626 0.00489133 -0.00597092 -0.0179626 0.0893078 -0.00597158 0.0157733 0.00489133 -0.00597158 0.012271 -0.0215537 -0.00597092 0.0157733 -0.0215537 0.0988395 
0.00959952 -0.0180951 0.00490313 -0.00603179 -0.0180951 0.08963 -0.00604941 0.0159056 0.00490313 -0.00604941 0.0122161 -0.021372 -0.00603179 0.0159056 -0.021372 0.0984507 
0.00954141 -0.0181557 0.0048967 -0.00604787 -0.0181557 0.0898105 -0.00607214 0.0160045 0.0048967 -0.00607214 0.0122316 -0.0212761 -0.00604787 0.0160045 -0.0212761 0.0980689 
