0.00745639 0 0.00347422 0 0 0.0099816 0 0 0.00347422 0 0.00627552 0 0 0 0 0.0099816 
0.0108482 -0.0134607 0.00474358 -0.0058369 -0.0134607 0.0349949 -0.0058369 0.0111921 0.00474358 -0.0058369 0.00862675 -0.0107065 -0.0058369 0.0111921 -0.0107065 0.0297126 
0.0108924 -0.0201565 0.0043789 -0.00732141 -0.0201565 0.0735817 -0.00732141 0.0232981 0.0043789 -0.00732141 0.00848598 -0.0159604 -0.00732141 0.0232981 -0.0159604 0.060056 
0.0102215 -0.0195651 0.00399082 -0.00568443 -0.0195651 0.0869706 -0.00569517 0.0204312 0.00399082 -0.00569517 0.00810978 -0.0159775 -0.00568443 0.0204312 -0.0159775 0.0730586 
0.0100933 -0.0188263 0.00407393 -0.0050324 -0.0188263 0.0899165 -0.00505005 0.016028 0.00407393 -0.00505005 0.00822771 -0.0157698 -0.0050324 0.016028 -0.0157698 0.0780638 
0.0102021 -0.0186796 0.00424095 -0.00522314 -0.0186796 0.0908367 -0.0052289 0.0146461 0.00424095 -0.0052289 0.00849443 -0.0160008 -0.00522314 0.0146461 -0.0160008 0.0810322 
0.0103251 -0.0186624 0.00432105 -0.0054701 -0.0186624 0.0908829 -0.00546167 0.0147277 0.00432105 -0.00546167 0.00857293 -0.0161931 -0.0054701 0.0147277 -0.0161931 0.0824507 
0.0104708 -0.0188269 0.00435995 -0.00559331 -0.0188269 0.091279 -0.00558827 0.0150633 0.00435995 -0.00558827 0.00857943 -0.0162393 -0.00559331 0.0150633 -0.0162393 0.0831684 
0.0105762 -0.0190078 0.00434732 -0.0055924 -0.0190078 0.0916512 -0.00559913 0.0151578 0.00434732 -0.00559913 0.00851322 -0.0161003 -0.0055924 0.0151578 -0.0161003 0.0829315 
0.010661 -0.0191433 0.00432144 -0.0055702 -0.0191433 0.0920236 -0.00558275 0.0151455 0.00432144 -0.00558275 0.00846241 -0.0160078 -0.0055702 0.0151455 -0.0160078 0.0826341 
0.0107531 -0.0192748 0.00431818 -0.00552573 -0.0192748 0.0924148 -0.00554045 0.015049 0.00431818 -0.00554045 0.00840004 -0.015936 -0.00552573 0.015049 -0.015936 0.0823834 
0.0107691 -0.0193728 0.004342 -0.00551353 -0.0193728 0.0926812 -0.00552842 0.0149706 0.004342 -0.00552842 0.00840234 -0.0158763 -0.00551353 0.0149706 -0.0158763 0.0821888 
0.010717 -0.0193666 0.00437467 -0.005579 -0.0193666 0.0927923 -0.00558134 0.0150614 0.00437467 -0.00558134 0.00849697 -0.0159832 -0.005579 0.0150614 -0.0159832 0.0824539 
0.0107074 -0.0192985 0.00438036 -0.00561796 -0.0192985 0.0926814 -0.0056027 0.0151418 0.00438036 -0.0056027 0.0085233 -0.0160962 -0.00561796 0.0151418 -0.0160962 0.0827265 
0.0106546 -0.0192877 0.00436186 -0.00561191 -0.0192877 0.0925662 -0.00559305 0.0151424 0.00436186 -0.00559305 0.00855028 -0.0161065 -0.00561191 0.0151424 -0.0161065 0.082802 
0.0106702 -0.0193083 0.00436229 -0.00559757 -0.0193083 0.0927878 -0.00558058 0.0151275 0.00436229 -0.00558058 0.00855951 -0.016172 -0.00559757 0.0151275 -0.016172 0.0830854 
0.0107123 -0.0193022 0.00436708 -0.00556676 -0.0193022 0.0927529 -0.00555531 0.0150411 0.00436708 -0.00555531 0.00848603 -0.0161182 -0.00556676 0.0150411 -0.0161182 0.0829612 
0.0107497 -0.0192869 0.00438902 -0.00558044 -0.0192869 0.0925891 -0.00557914 0.0150478 0.00438902 -0.00557914 0.00841654 -0.0160511 -0.00558044 0.0150478 -0.0160511 0.0827842 
0.0107957 -0.0193712 0.00441526 -0.00562605 -0.0193712 0.0927888 -0.00563438 0.0151649 0.00441526 -0.00563438 0.0083912 -0.0160081 -0.00562605 0.0151649 -0.0160081 0.0827678 
0.0108458 -0.0194239 0.00442093 -0.0056402 -0.0194239 0.0929081 -0.00565392 0.0152274 0.00442093 -0.00565392 0.00833022 -0.0159217 -0.0056402 0.0152274 -0.0159217 0.0825033 
0.0108904 -0.0194611 0.00445571 -0.00565758 -0.0194611 0.0929744 -0.00567419 0.0152942 0.00445571 -0.00567419 0.00827953 -0.0158738 -0.00565758 0.0152942 -0.0158738 0.0823522 
0.0109724 -0.0195341 0.00450087 -0.0057 -0.0195341 0.0931537 -0.0057173 0.0153838 0.00450087 -0.0057173 0.00821223 -0.0158113 -0.0057 0.0153838 -0.0158113 0.0822094 
0.0110224 -0.0196921 0.00451556 -0.00576219 -0.0196921 0.0936204 -0.00578011 0.0155309 0.00451556 -0.00578011 0.00819733 -0.015739 -0.00576219 0.0155309 -0.015739 0.0821244 
0.0109782 -0.0196911 0.00448853 -0.00575939 -0.0196911 0.0936141 -0.00577507 0.0155646 0.00448853 -0.00577507 0.0081908 -0.0156567 -0.00575939 0.0155646 -0.0156567 0.0817514 
0.0110161 -0.0196892 0.00446954 -0.00574131 -0.0196892 0.0937331 -0.00574914 0.0155507 0.00446954 -0.00574914 0.00817903 -0.0156682 -0.00574131 0.0155507 -0.0156682 0.0817247 
0.0110235 -0.0197376 0.00445756 -0.00571375 -0.0197376 0.0938514 -0.00571888 0.0154871 0.00445756 -0.00571888 0.00817447 -0.0156554 -0.00571375 0.0154871 -0.0156554 0.0817178 
0.0110347 -0.0197267 0.00445733 -0.00568543 -0.0197267 0.0938195 -0.00568973 0.0153981 0.00445733 -0.00568973 0.00813953 -0.0156265 -0.00568543 0.0153981 -0.0156265 0.0815912 
0.011056 -0.0197392 0.00447244 -0.00568275 -0.0197392 0.0938002 -0.00568492 0.0153516 0.00447244 -0.00568492 0.00809526 -0.0155665 -0.00568275 0.0153516 -0.0155665 0.0814094 
0.0110639 -0.0197856 0.00449363 -0.00572579 -0.0197856 0.0939568 -0.00572451 0.0154285 0.00449363 -0.00572451 0.00810122 -0.015556 -0.00572579 0.0154285 -0.015556 0.0814364 
0.010985 -0.0197381 0.0044682 -0.00575468 -0.0197381 0.093808 -0.00574696 0.0155062 0.0044682 -0.00574696 0.00813873 -0.0155523 -0.00575468 0.0155062 -0.0155523 0.0813615 
0.0109551 -0.0196642 0.00445329 -0.00575439 -0.0196642 0.0937345 -0.00574003 0.0155646 0.00445329 -0.00574003 0.00816328 -0.0156565 -0.00575439 0.0155646 -0.0156565 0.0816544 
0.0109258 -0.019594 0.00444221 -0.00570966 -0.019594 0.0934651 -0.00569981 0.0154871 0.00444221 -0.00569981 0.00814837 -0.0156335 -0.00570966 0.0154871 -0.0156335 0.0816138 
0.0109867 -0.0195773 0.00447657 -0.00572888 -0.0195773 0.0934748 -0.00572311 0.0155214 0.00447657 -0.00572311 0.00811841 -0.015692 -0.00572888 0.0155214 -0.015692 0.0818865 
0.0110206 -0.0196442 0.00449414 -0.00574857 -0.0196442 0.0935317 -0.00575308 0.0155641 0.00449414 -0.00575308 0.00808891 -0.0156037 -0.00574857 0.0155641 -0.0156037 0.0817513 
0.011096 -0.0196815 0.00454627 -0.00577001 -0.0196815 0.0936083 -0.00577987 0.0156272 0.00454627 -0.00577987 0.00801223 -0.0155455 -0.00577001 0.0156272 -0.0155455 0.0815381 
0.0112416 -0.0197795 0.00459185 -0.0058236 -0.0197795 0.0937686 -0.00583492 0.0157298 0.00459185 -0.00583492 0.00786988 -0.0154163 -0.0058236 0.0157298 -0.0154163 0.0811798 
0.0112906 -0.0199803 0.00459459 -0.00588714 -0.0199803 0.0942 -0.00590502 0.0158968 0.00459459 -0.00590502 0.00783276 -0.0152471 -0.00588714 0.0158968 -0.0152471 0.0807891 
0.0112657 -0.0200176 0.00454596 -0.00588277 -0.0200176 0.0943529 -0.00590003 0.0159526 0.00454596 -0.00590003 0.00780632 -0.0151658 -0.00588277 0.0159526 -0.0151658 0.0803764 
0.0112679 -0.0200298 0.00450556 -0.00583003 -0.0200298 0.0945176 -0.00584227 0.0158832 0.00450556 -0.00584227 0.00778395 -0.0151502 -0.00583003 0.0158832 -0.0151502 0.0802853 
0.011336 -0.0200436 0.00452802 -0.00579985 -0.0200436 0.094695 -0.00581007 0.0158119 0.00452802 -0.00581007 0.00775696 -0.0151895 -0.00579985 0.0158119 -0.0151895 0.0805023 
0.0113868 -0.0200307 0.00454882 -0.00581276 -0.0200307 0.0945073 -0.00582501 0.0157841 0.00454882 -0.00582501 0.00767068 -0.0151374 -0.00581276 0.0157841 -0.0151374 0.0803759 
0.0113887 -0.0201497 0.00456567 -0.00585678 -0.0201497 0.0947902 -0.00587539 0.0158853 0.00456567 -0.00587539 0.00769745 -0.0150637 -0.00585678 0.0158853 -0.0150637 0.0803375 
0.0113473 -0.0200865 0.00459122 -0.00586704 -0.0200865 0.0946262 -0.00588095 0.0159296 0.00459122 -0.00588095 0.00770875 -0.0150479 -0.00586704 0.0159296 -0.0150479 0.0801045 
0.0113279 -0.0200658 0.00460973 -0.00590851 -0.0200658 0.0945692 -0.00590955 0.0160007 0.00460973 -0.00590955 0.00773192 -0.0150615 -0.00590851 0.0160007 -0.0150615 0.080071 
0.0113473 -0.0201183 0.00460503 -0.00594824 -0.0201183 0.0948321 -0.00593878 0.0161059 0.00460503 -0.00593878 0.00777313 -0.0151171 -0.00594824 0.0161059 -0.0151171 0.0802947 
0.0113203 -0.0200537 0.00456476 -0.00591046 -0.0200537 0.094561 -0.00589746 0.0160474 0.00456476 -0.00589746 0.0077473 -0.0150981 -0.00591046 0.0160474 -0.0150981 0.0801073 
0.0113181 -0.0200634 0.00454875 -0.00587498 -0.0200634 0.0945921 -0.0058662 0.0159814 0.00454875 -0.0058662 0.00774986 -0.0151114 -0.00587498 0.0159814 -0.0151114 0.0801855 
0.0113918 -0.0200429 0.00457246 -0.00587438 -0.0200429 0.0945991 -0.00587025 0.0159732 0.00457246 -0.00587025 0.00770294 -0.0151848 -0.00587438 0.0159732 -0.0151848 0.0804636 
0.0114553 -0.0201233 0.00458717 -0.00587559 -0.0201233 0.0946662 -0.00588339 0.0159574 0.00458717 -0.00588339 0.00762151 -0.0150879 -0.00587559 0.0159574 -0.0150879 0.0803359 
0.0114718 -0.0202165 0.00460306 -0.00588907 -0.0202165 0.0948811 -0.00590867 0.0159863 0.00460306 -0.00590867 0.00759062 -0.0149703 -0.00588907 0.0159863 -0.0149703 0.0800596 
0.0114712 -0.020249 0.00461911 -0.00591628 -0.020249 0.0950532 -0.00593539 0.0160535 0.00461911 -0.00593539 0.00759967 -0.0149294 -0.00591628 0.0160535 -0.0149294 0.0798893 
0.0115323 -0.0202136 0.00463319 -0.00593699 -0.0202136 0.0949591 -0.0059462 0.0161029 0.00463319 -0.0059462 0.00752606 -0.01492 -0.00593699 0.0161029 -0.01492 0.0797361 
0.0116125 -0.0203616 0.00465009 -0.00596059 -0.0203616 0.0953192 -0.00596886 0.0161679 0.00465009 -0.00596886 0.00747622 -0.0148416 -0.00596059 0.0161679 -0.0148416 0.0796633 
0.0116546 -0.0204661 0.00464502 -0.00597529 -0.0204661 0.0956559 -0.00598713 0.0162151 0.00464502 -0.00598713 0.00744587 -0.0147689 -0.00597529 0.0162151 -0.0147689 0.0794921 
0.0116214 -0.0204838 0.00462891 -0.00594585 -0.0204838 0.0956845 -0.00595786 0.0161641 0.00462891 -0.00595786 0.0074303 -0.0146749 -0.00594585 0.0161641 -0.0146749 0.0791174 
0.0115782 -0.0205018 0.00461544 -0.00595302 -0.0205018 0.0958966 -0.00595679 0.0161695 0.00461544 -0.00595679 0.00749593 -0.0146991 -0.00595302 0.0161695 -0.0146991 0.0791703 
0.0115351 -0.0203558 0.00457984 -0.00592344 -0.0203558 0.0954868 -0.0059138 0.0160947 0.00457984 -0.0059138 0.00747411 -0.0147348 -0.00592344 0.0160947 -0.0147348 0.0790698 
0.0115953 -0.0203718 0.004581 -0.00589897 -0.0203718 0.0955289 -0.00588634 0.0160437 0.004581 -0.00588634 0.0074359 -0.0147447 -0.00589897 0.0160437 -0.0147447 0.0792195 
0.0116245 -0.0203865 0.00458805 -0.00590012 -0.0203865 0.0954581 -0.00589371 0.0160289 0.00458805 -0.00589371 0.0073915 -0.0147079 -0.00590012 0.0160289 -0.0147079 0.0791807 
0.0116646 -0.0204189 0.00460954 -0.00593944 -0.0204189 0.0955535 -0.00594 0.0161343 0.00460954 -0.00594 0.00738677 -0.0147228 -0.00593944 0.0161343 -0.0147228 0.0793326 
0.0116286 -0.0204372 0.00458034 -0.00594606 -0.0204372 0.0955059 -0.0059514 0.016175 0.00458034 -0.0059514 0.00740166 -0.0146751 -0.00594606 0.016175 -0.0146751 0.0791916 
0.0115331 -0.0204167 0.00454394 -0.00591953 -0.0204167 0.09553 -0.00592655 0.0161623 0.00454394 -0.00592655 0.00750831 -0.0147134 -0.00591953 0.0161623 -0.0147134 0.0792555 
0.0114608 -0.0202803 0.00452763 -0.00586624 -0.0202803 0.0952514 -0.00586158 0.0160381 0.00452763 -0.00586158 0.00757754 -0.0148275 -0.00586624 0.0160381 -0.0148275 0.079409 
0.0114746 -0.0202021 0.00453343 -0.00583835 -0.0202021 0.0950142 -0.0058236 0.0159144 0.00453343 -0.0058236 0.00754691 -0.0149113 -0.00583835 0.0159144 -0.0149113 0.079624 
0.0114821 -0.0202312 0.00455065 -0.00584845 -0.0202312 0.0950137 -0.00583639 0.0158905 0.00455065 -0.00583639 0.00753841 -0.0148921 -0.00584845 0.0158905 -0.0148921 0.0797359 
0.011478 -0.0202221 0.00454324 -0.00587257 -0.0202221 0.0949757 -0.00586599 0.0159353 0.00454324 -0.00586599 0.00752113 -0.0148734 -0.00587257 0.0159353 -0.0148734 0.0796986 
0.0114645 -0.0202066 0.00451257 -0.00586113 -0.0202066 0.0948942 -0.0058604 0.0159467 0.00451257 -0.0058604 0.00750778 -0.0148302 -0.00586113 0.0159467 -0.0148302 0.079558 
0.0115284 -0.020257 0.00452102 -0.00583135 -0.020257 0.0951229 -0.00583651 0.0159218 0.00452102 -0.00583651 0.00748275 -0.01483 -0.00583135 0.0159218 -0.01483 0.0796171 
0.0115301 -0.0202897 0.00453607 -0.00583108 -0.0202897 0.0951586 -0.00584079 0.0158964 0.00453607 -0.00584079 0.00749257 -0.0147894 -0.00583108 0.0158964 -0.0147894 0.079519 
0.0115281 -0.0202489 0.00456337 -0.00586939 -0.0202489 0.0950495 -0.00587529 0.0159678 0.00456337 -0.00587529 0.007512 -0.0148363 -0.00586939 0.0159678 -0.0148363 0.0795703 
0.0115539 -0.0202928 0.00457998 -0.00589643 -0.0202928 0.0951488 -0.00589782 0.0160323 0.00457998 -0.00589782 0.0075123 -0.0148468 -0.00589643 0.0160323 -0.0148468 0.0796288 
0.0115624 -0.0203258 0.00459349 -0.00591835 -0.0203258 0.0952555 -0.00591646 0.0160883 0.00459349 -0.00591646 0.00751527 -0.0148607 -0.00591835 0.0160883 -0.0148607 0.0796953 
0.0115834 -0.0203094 0.00460231 -0.0059272 -0.0203094 0.0951938 -0.00592671 0.0161137 0.00460231 -0.00592671 0.00746669 -0.0148578 -0.0059272 0.0161137 -0.0148578 0.0796665 
0.0116091 -0.0203385 0.00461314 -0.00594947 -0.0203385 0.095244 -0.00595405 0.016175 0.00461314 -0.00595405 0.00745974 -0.014829 -0.00594947 0.016175 -0.014829 0.0796775 
0.0115897 -0.0203777 0.00461538 -0.0059458 -0.0203777 0.0953152 -0.00595747 0.0161864 0.00461538 -0.00595747 0.00748831 -0.0147864 -0.0059458 0.0161864 -0.0147864 0.0795353 
0.0116042 -0.0203719 0.00463907 -0.00596433 -0.0203719 0.095407 -0.00597169 0.016228 0.00463907 -0.00597169 0.00751122 -0.0148585 -0.00596433 0.016228 -0.0148585 0.0796792 
0.0115953 -0.0204107 0.0046456 -0.00598514 -0.0204107 0.0955376 -0.00598778 0.0162608 0.0046456 -0.00598778 0.00755364 -0.0148895 -0.00598514 0.0162608 -0.0148895 0.0798221 
0.0115654 -0.0203989 0.00462035 -0.00598101 -0.0203989 0.0955554 -0.0059804 0.01625 0.00462035 -0.0059804 0.0075879 -0.0149238 -0.00598101 0.01625 -0.0149238 0.079883 
0.0115009 -0.0203498 0.00460953 -0.00593339 -0.0203498 0.0954132 -0.00593086 0.0161476 0.00460953 -0.00593086 0.00760422 -0.0149342 -0.00593339 0.0161476 -0.0149342 0.0798365 
0.0114102 -0.0202504 0.004575 -0.00592221 -0.0202504 0.0951514 -0.00591662 0.0160767 0.004575 -0.00591662 0.0076624 -0.0149584 -0.00592221 0.0160767 -0.0149584 0.0798405 
0.0113266 -0.0201585 0.00455251 -0.00589001 -0.0201585 0.0949521 -0.00588133 0.0160123 0.00455251 -0.00588133 0.00773971 -0.0150336 -0.00589001 0.0160123 -0.0150336 0.0799923 
0.0112675 -0.0200832 0.00454383 -0.00586575 -0.0200832 0.0948263 -0.00585119 0.0159414 0.00454383 -0.00585119 0.0078156 -0.0151339 -0.00586575 0.0159414 -0.0151339 0.080264 
0.0112671 -0.0199523 0.00457063 -0.00584498 -0.0199523 0.0944148 -0.00582487 0.0158597 0.00457063 -0.00582487 0.00779049 -0.0151996 -0.00584498 0.0158597 -0.0151996 0.0803636 
0.0113625 -0.0200096 0.00462396 -0.00590148 -0.0200096 0.0945291 -0.00588439 0.015948 0.00462396 -0.00588439 0.00773938 -0.0152263 -0.00590148 0.015948 -0.0152263 0.0806376 
0.0113535 -0.0200517 0.00460746 -0.00594725 -0.0200517 0.0944482 -0.00594355 0.0160637 0.00460746 -0.00594355 0.00773837 -0.0151195 -0.00594725 0.0160637 -0.0151195 0.0803912 
0.0113387 -0.0201484 0.00458269 -0.00592577 -0.0201484 0.0948079 -0.0059284 0.0160953 0.00458269 -0.0059284 0.00779046 -0.0150947 -0.00592577 0.0160953 -0.0150947 0.0802863 
0.0112817 -0.0201191 0.00457259 -0.00587773 -0.0201191 0.0948455 -0.00587473 0.0159925 0.00457259 -0.00587473 0.00783088 -0.0151324 -0.00587773 0.0159925 -0.0151324 0.0802411 
0.011338 -0.020049 0.00455882 -0.00587349 -0.020049 0.0947544 -0.00585837 0.0159269 0.00455882 -0.00585837 0.00777813 -0.0152077 -0.00587349 0.0159269 -0.0152077 0.0804129 
0.0113422 -0.0201374 0.0045159 -0.00584212 -0.0201374 0.094867 -0.00583184 0.0158515 0.0045159 -0.00583184 0.0077586 -0.0151178 -0.00584212 0.0158515 -0.0151178 0.0803245 
0.0113095 -0.0200859 0.0044739 -0.00580063 -0.0200859 0.0947535 -0.0057971 0.0157753 0.0044739 -0.0057971 0.00775335 -0.0151212 -0.00580063 0.0157753 -0.0151212 0.0802749 
0.0113025 -0.0200467 0.00448133 -0.00575914 -0.0200467 0.094677 -0.00576087 0.0156943 0.00448133 -0.00576087 0.00775383 -0.0151479 -0.00575914 0.0156943 -0.0151479 0.0803894 
0.011287 -0.0199876 0.00449435 -0.00578559 -0.0199876 0.0944844 -0.00578773 0.0157156 0.00449435 -0.00578773 0.0077672 -0.0151932 -0.00578559 0.0157156 -0.0151932 0.0805614 
0.011262 -0.0199612 0.00447753 -0.00579453 -0.0199612 0.0943268 -0.00579833 0.0157443 0.00447753 -0.00579833 0.00777857 -0.0151774 -0.00579453 0.0157443 -0.0151774 0.0805357 
0.0112278 -0.0199279 0.00447209 -0.00578087 -0.0199279 0.0942164 -0.00578574 0.0157473 0.00447209 -0.00578574 0.00781086 -0.015197 -0.00578087 0.0157473 -0.015197 0.0805571 
0.0111716 -0.0198461 0.00446487 -0.00577829 -0.0198461 0.09396 -0.00578094 0.015739 0.00446487 -0.00578094 0.00785785 -0.0152494 -0.00577829 0.015739 -0.0152494 0.0806268 
0.0111853 -0.0198228 0.0044777 -0.00576365 -0.0198228 0.0939058 -0.00576413 0.0157031 0.0044777 -0.00576413 0.00784903 -0.0152951 -0.00576365 0.0157031 -0.0152951 0.0807465 
0.0112268 -0.0198855 0.00448124 -0.00574138 -0.0198855 0.0940136 -0.00574449 0.0156147 0.00448124 -0.00574449 0.00779799 -0.0152042 -0.00574138 0.0156147 -0.0152042 0.080528 
0.0113244 -0.0199433 0.00450359 -0.00577407 -0.0199433 0.0942329 -0.00577925 0.0156659 0.00450359 -0.00577925 0.00773986 -0.0151987 -0.00577407 0.0156659 -0.0151987 0.0805513 
0.011373 -0.0200694 0.00451103 -0.00580005 -0.0200694 0.0945402 -0.0058123 0.0157423 0.00451103 -0.0058123 0.00772648 -0.0151335 -0.00580005 0.0157423 -0.0151335 0.0804851 
0.0113606 -0.0201547 0.00452644 -0.00577331 -0.0201547 0.0947962 -0.0057889 0.0156979 0.00452644 -0.0057889 0.0077196 -0.0150358 -0.00577331 0.0156979 -0.0150358 0.080139 
0.0113445 -0.0201003 0.00454152 -0.00580335 -0.0201003 0.0947162 -0.00580647 0.0157124 0.00454152 -0.00580647 0.00770146 -0.015035 -0.00580335 0.0157124 -0.015035 0.0799688 
0.0113526 -0.020111 0.00457011 -0.00586084 -0.020111 0.0948173 -0.00585193 0.0158438 0.00457011 -0.00585193 0.00772469 -0.0150797 -0.00586084 0.0158438 -0.0150797 0.0801712 
0.0113981 -0.0200682 0.00459621 -0.00589663 -0.0200682 0.0946682 -0.00588356 0.0159519 0.00459621 -0.00588356 0.00767265 -0.0151043 -0.00589663 0.0159519 -0.0151043 0.0802332 
0.0114102 -0.0200893 0.00461472 -0.00592289 -0.0200893 0.094541 -0.00591678 0.0160381 0.00461472 -0.00591678 0.00763287 -0.0150324 -0.00592289 0.0160381 -0.0150324 0.0800874 
0.0114101 -0.0201721 0.00462037 -0.00597946 -0.0201721 0.0948677 -0.00598232 0.0162119 0.00462037 -0.00598232 0.00770479 -0.0150652 -0.00597946 0.0162119 -0.0150652 0.0803122 
0.0113334 -0.0201048 0.00459521 -0.00593856 -0.0201048 0.0946368 -0.00594204 0.0161676 0.00459521 -0.00594204 0.00773538 -0.0150522 -0.00593856 0.0161676 -0.0150522 0.0800824 
0.0113114 -0.0200464 0.00458027 -0.00592891 -0.0200464 0.0945613 -0.00592568 0.0161346 0.00458027 -0.00592568 0.00777045 -0.0151429 -0.00592891 0.0161346 -0.0151429 0.0802835 
0.0113223 -0.0200913 0.00455571 -0.00589738 -0.0200913 0.0947471 -0.00589244 0.0160563 0.00455571 -0.00589244 0.00779285 -0.0151718 -0.00589738 0.0160563 -0.0151718 0.0804709 
0.0112126 -0.0200486 0.00449662 -0.00583379 -0.0200486 0.0945736 -0.00583226 0.0158885 0.00449662 -0.00583226 0.00784063 -0.0151343 -0.00583379 0.0158885 -0.0151343 0.0802813 
0.0111158 -0.0199128 0.00447739 -0.00579247 -0.0199128 0.0943496 -0.00578407 0.0157796 0.00447739 -0.00578407 0.00794002 -0.0152538 -0.00579247 0.0157796 -0.0152538 0.0805144 
0.0111087 -0.0197332 0.00447565 -0.00578808 -0.0197332 0.0938744 -0.00576839 0.0157298 0.00447565 -0.00576839 0.00796112 -0.0154216 -0.00578808 0.0157298 -0.0154216 0.0809324 
0.0111636 -0.0197495 0.00447007 -0.00578356 -0.0197495 0.09377 -0.00576978 0.0157143 0.00447007 -0.00576978 0.00794967 -0.0154625 -0.00578356 0.0157143 -0.0154625 0.0812319 
0.0112471 -0.0199052 0.00446525 -0.00573901 -0.0199052 0.094143 -0.00574358 0.0156265 0.00446525 -0.00574358 0.00789802 -0.0153892 -0.00573901 0.0156265 -0.0153892 0.0811746 
0.0111496 -0.0199415 0.00443595 -0.00571877 -0.0199415 0.0942026 -0.00573537 0.0155513 0.00443595 -0.00573537 0.0079633 -0.0153177 -0.00571877 0.0155513 -0.0153177 0.0809318 
0.0110873 -0.0198558 0.00440469 -0.00567937 -0.0198558 0.0941342 -0.00568692 0.0154452 0.00440469 -0.00568692 0.00799549 -0.0153654 -0.00567937 0.0154452 -0.0153654 0.0808598 
0.0110338 -0.0197793 0.00438685 -0.00564454 -0.0197793 0.0939658 -0.00563884 0.0153318 0.00438685 -0.00563884 0.00802881 -0.0154049 -0.00564454 0.0153318 -0.0154049 0.0809244 
0.0110463 -0.0197114 0.00437932 -0.00564001 -0.0197114 0.093821 -0.00562556 0.0152868 0.00437932 -0.00562556 0.00801686 -0.0154741 -0.00564001 0.0152868 -0.0154741 0.0811302 
0.0110467 -0.0196767 0.00438278 -0.00566466 -0.0196767 0.0936817 -0.00565409 0.0153525 0.00438278 -0.00565409 0.00805732 -0.0155473 -0.00566466 0.0153525 -0.0155473 0.0814768 
0.0110704 -0.0196859 0.00439422 -0.0056254 -0.0196859 0.09358 -0.00562467 0.0152883 0.00439422 -0.00562467 0.00800573 -0.0154987 -0.0056254 0.0152883 -0.0154987 0.0813287 
0.0111143 -0.0197423 0.00441405 -0.00562627 -0.0197423 0.0936732 -0.00563269 0.0152528 0.00441405 -0.00563269 0.00795321 -0.0154125 -0.00562627 0.0152528 -0.0154125 0.0810984 
0.0111377 -0.019813 0.00439702 -0.0056731 -0.019813 0.0939026 -0.00568092 0.0153447 0.00439702 -0.00568092 0.00796238 -0.0153888 -0.0056731 0.0153447 -0.0153888 0.0810651 
0.0111133 -0.0197812 0.00438443 -0.00565737 -0.0197812 0.0938056 -0.00566347 0.0153683 0.00438443 -0.00566347 0.00794951 -0.0154051 -0.00565737 0.0153683 -0.0154051 0.0810226 
0.0111186 -0.0197905 0.00436957 -0.00562451 -0.0197905 0.093842 -0.00563419 0.0153012 0.00436957 -0.00563419 0.00792053 -0.0153687 -0.00562451 0.0153012 -0.0153687 0.0809512 
0.0110799 -0.0197717 0.0043598 -0.00561788 -0.0197717 0.0937988 -0.00563 0.0152727 0.0043598 -0.00563 0.00795168 -0.0153582 -0.00561788 0.0152727 -0.0153582 0.0809369 
0.0110046 -0.0197591 0.00433127 -0.00560136 -0.0197591 0.0938295 -0.00561014 0.0152306 0.00433127 -0.00561014 0.00804044 -0.0153725 -0.00560136 0.0152306 -0.0153725 0.0809448 
0.0109847 -0.0196878 0.00431882 -0.00556535 -0.0196878 0.0937663 -0.0055609 0.0151405 0.00431882 -0.0055609 0.0080714 -0.0154605 -0.00556535 0.0151405 -0.0154605 0.0810751 
0.0109658 -0.0196454 0.00427951 -0.00554539 -0.0196454 0.0936177 -0.00553187 0.015051 0.00427951 -0.00553187 0.00807753 -0.01549 -0.00554539 0.015051 -0.01549 0.08116 
0.0108941 -0.0195934 0.00425784 -0.0055182 -0.0195934 0.0934683 -0.00550558 0.0150021 0.00425784 -0.00550558 0.00813864 -0.0155477 -0.0055182 0.0150021 -0.0155477 0.0813598 
0.0108475 -0.0195018 0.00424259 -0.00548315 -0.0195018 0.0932503 -0.00547081 0.0149144 0.00424259 -0.00547081 0.00816208 -0.0156029 -0.00548315 0.0149144 -0.0156029 0.0814839 
0.0108074 -0.0194307 0.00422415 -0.00545885 -0.0194307 0.0930033 -0.00544657 0.0148342 0.00422415 -0.00544657 0.00817849 -0.0156092 -0.00545885 0.0148342 -0.0156092 0.0814943 
0.0108377 -0.0193462 0.0042629 -0.0054413 -0.0193462 0.0926948 -0.00543079 0.0147879 0.0042629 -0.00543079 0.00812422 -0.0156285 -0.0054413 0.0147879 -0.0156285 0.081486 
0.0108429 -0.0194141 0.00428434 -0.00548826 -0.0194141 0.0927435 -0.00548304 0.0148494 0.00428434 -0.00548304 0.0081166 -0.0155555 -0.00548826 0.0148494 -0.0155555 0.0813903 
0.0109188 -0.0194788 0.00429388 -0.00551746 -0.0194788 0.0930077 -0.00551469 0.0149408 0.00429388 -0.00551469 0.0080735 -0.0155243 -0.00551746 0.0149408 -0.0155243 0.0813017 
0.0109871 -0.0195544 0.00427702 -0.00550868 -0.0195544 0.0931311 -0.00550695 0.0149458 0.00427702 -0.00550695 0.00797003 -0.0154161 -0.00550868 0.0149458 -0.0154161 0.0809652 
0.0110093 -0.019632 0.00427305 -0.00550961 -0.019632 0.0933498 -0.00551755 0.0149835 0.00427305 -0.00551755 0.00793539 -0.0153497 -0.00550961 0.0149835 -0.0153497 0.0808488 
0.0110577 -0.0196597 0.00431062 -0.00550895 -0.0196597 0.0935043 -0.00552129 0.0150038 0.00431062 -0.00552129 0.00788633 -0.0153166 -0.00550895 0.0150038 -0.0153166 0.0807814 
0.0110869 -0.0196842 0.00429693 -0.00554274 -0.0196842 0.0934846 -0.00555406 0.0150462 0.00429693 -0.00555406 0.00782813 -0.0152171 -0.00554274 0.0150462 -0.0152171 0.0804921 
0.0111283 -0.0197181 0.00432084 -0.0055597 -0.0197181 0.0935824 -0.00557217 0.0151429 0.00432084 -0.00557217 0.00781041 -0.0151965 -0.0055597 0.0151429 -0.0151965 0.0804571 
0.0110856 -0.0197496 0.0043193 -0.00556853 -0.0197496 0.0935795 -0.00558131 0.0151678 0.0043193 -0.00558131 0.00784244 -0.0151294 -0.00556853 0.0151678 -0.0151294 0.0802189 
0.0111169 -0.0197496 0.00434068 -0.00559212 -0.0197496 0.09374 -0.00559193 0.0152292 0.00434068 -0.00559193 0.00785566 -0.0152134 -0.00559212 0.0152292 -0.0152134 0.0804002 
0.0111433 -0.019766 0.00434918 -0.00561951 -0.019766 0.0937769 -0.00561111 0.0152846 0.00434918 -0.00561111 0.00785847 -0.0152491 -0.00561951 0.0152846 -0.0152491 0.0805657 
0.0111164 -0.0197163 0.00433145 -0.00562318 -0.0197163 0.0935039 -0.00561598 0.0153046 0.00433145 -0.00561598 0.0078373 -0.015243 -0.00562318 0.0153046 -0.015243 0.0804995 
0.011135 -0.0197489 0.00433817 -0.00561119 -0.0197489 0.0936256 -0.00561152 0.0153139 0.00433817 -0.00561152 0.00783026 -0.015258 -0.00561119 0.0153139 -0.015258 0.0806391 
0.0111276 -0.0197272 0.00434018 -0.00561537 -0.0197272 0.0935477 -0.00562337 0.0153204 0.00434018 -0.00562337 0.00783421 -0.0152568 -0.00561537 0.0153204 -0.0152568 0.0806624 
0.0112042 -0.0197401 0.00436548 -0.00561314 -0.0197401 0.09358 -0.00562571 0.0153227 0.00436548 -0.00562571 0.00777869 -0.0152537 -0.00561314 0.0153227 -0.0152537 0.0806704 
0.0113045 -0.0199276 0.00438948 -0.00561535 -0.0199276 0.0940601 -0.00563483 0.0153039 0.00438948 -0.00563483 0.00772152 -0.01514 -0.00561535 0.0153039 -0.01514 0.0804936 
0.0113218 -0.0199674 0.00440139 -0.00563713 -0.0199674 0.0941138 -0.00565926 0.0153266 0.00440139 -0.00565926 0.00766895 -0.0150477 -0.00563713 0.0153266 -0.0150477 0.0801162 
0.0113623 -0.0200417 0.00441649 -0.00566965 -0.0200417 0.0943839 -0.00568819 0.0154062 0.00441649 -0.00568819 0.00764276 -0.0150112 -0.00566965 0.0154062 -0.0150112 0.0800179 
0.011329 -0.0200526 0.00441813 -0.00569589 -0.0200526 0.0944253 -0.00570938 0.0154789 0.00441813 -0.00570938 0.00767728 -0.0149912 -0.00569589 0.0154789 -0.0149912 0.0799356 
0.0112703 -0.0200506 0.0044146 -0.00568814 -0.0200506 0.0944938 -0.00569507 0.0154772 0.0044146 -0.00569507 0.00773092 -0.0150069 -0.00568814 0.0154772 -0.0150069 0.0799072 
