0.00920805 0 -0.00224859 0 0 0.00999225 0 0 -0.00224859 0 0.00425783 0 0 0 0 0.00999225 
0.0128475 -0.0159046 -0.00325171 0.00400976 -0.0159046 0.0396568 0.00400976 -0.00768718 -0.00325171 0.00400976 0.00619425 -0.00771596 0.00400976 -0.00768718 -0.00771596 0.0239536 
0.0125273 -0.0227586 -0.00311407 0.00533838 -0.0227586 0.0817322 0.00533838 -0.0170625 -0.00311407 0.00533838 0.00643347 -0.0124268 0.00533838 -0.0170625 -0.0124268 0.0488283 
0.0117324 -0.0212799 -0.0028139 0.0043006 -0.0212799 0.0923705 0.00429337 -0.0159549 -0.0028139 0.00429337 0.00618586 -0.013272 0.0043006 -0.0159549 -0.013272 0.0633225 
0.0118172 -0.0204719 -0.00277701 0.00371975 -0.0204719 0.093621 0.00370922 -0.0127723 -0.00277701 0.00370922 0.00616005 -0.0133491 0.00371975 -0.0127723 -0.0133491 0.0707227 
0.0120995 -0.0205864 -0.00289593 0.00373308 -0.0205864 0.0945585 0.00372336 -0.0113679 -0.00289593 0.00372336 0.00620023 -0.0134049 0.00373308 -0.0113679 -0.0134049 0.0742406 
0.0123131 -0.0209461 -0.00299478 0.00386691 -0.0209461 0.0958338 0.00386224 -0.0110386 -0.00299478 0.00386224 0.00621781 -0.0133104 0.00386691 -0.0110386 -0.0133104 0.0753389 
0.0123787 -0.0211184 -0.00302031 0.00399898 -0.0211184 0.0965208 0.00399866 -0.0111722 -0.00302031 0.00399866 0.00623582 -0.0132007 0.00399898 -0.0111722 -0.0132007 0.0753044 
0.0124146 -0.0211594 -0.00305675 0.0040758 -0.0211594 0.0968188 0.00407722 -0.0114263 -0.00305675 0.00407722 0.0062475 -0.0132177 0.0040758 -0.0114263 -0.0132177 0.0752924 
0.0124007 -0.0211965 -0.00305677 0.00410835 -0.0211965 0.0969355 0.00411334 -0.0115608 -0.00305677 0.00411334 0.00628805 -0.0132128 0.00410835 -0.0115608 -0.0132128 0.0752406 
0.0123833 -0.0212215 -0.00298944 0.00405572 -0.0212215 0.0970288 0.00405921 -0.0114624 -0.00298944 0.00405921 0.00632764 -0.0132067 0.00405572 -0.0114624 -0.0132067 0.0751037 
0.0123604 -0.021173 -0.0029933 0.00401956 -0.021173 0.0969927 0.00401614 -0.0114079 -0.0029933 0.00401614 0.00637722 -0.0133432 0.00401956 -0.0114079 -0.0133432 0.0754219 
0.0123193 -0.021091 -0.00299019 0.00402227 -0.021091 0.0967191 0.00401085 -0.0113672 -0.00299019 0.00401085 0.00639543 -0.0134256 0.00402227 -0.0113672 -0.0134256 0.0756781 
0.0123198 -0.0210434 -0.00301145 0.00404649 -0.0210434 0.0965876 0.00403383 -0.0114241 -0.00301145 0.00403383 0.00640081 -0.0134991 0.00404649 -0.0114241 -0.0134991 0.0760137 
0.0122917 -0.0210078 -0.00302334 0.00407359 -0.0210078 0.0964012 0.00406888 -0.0115043 -0.00302334 0.00406888 0.00639799 -0.0135031 0.00407359 -0.0115043 -0.0135031 0.0761099 
0.0122816 -0.0210143 -0.00307761 0.00407602 -0.0210143 0.0964258 0.00408046 -0.0115398 -0.00307761 0.00408046 0.0064083 -0.0134832 0.00407602 -0.0115398 -0.0134832 0.0761188 
0.0123021 -0.021054 -0.0031435 0.00410657 -0.021054 0.0965757 0.00411027 -0.0115499 -0.0031435 0.00411027 0.0064125 -0.0134461 0.00410657 -0.0115499 -0.0134461 0.0760063 
0.0123873 -0.0210847 -0.00318751 0.00419011 -0.0210847 0.0966877 0.00418124 -0.0116766 -0.00318751 0.00418124 0.00634832 -0.0134384 0.00419011 -0.0116766 -0.0134384 0.075922 
0.0124749 -0.0211921 -0.00317955 0.00423916 -0.0211921 0.0968797 0.00423346 -0.0118126 -0.00317955 0.00423346 0.00626623 -0.0133504 0.00423916 -0.0118126 -0.0133504 0.0757261 
0.012472 -0.0212831 -0.00319332 0.00425593 -0.0212831 0.0971043 0.0042669 -0.0119498 -0.00319332 0.0042669 0.00626881 -0.0132853 0.00425593 -0.0119498 -0.0132853 0.0755889 
0.012439 -0.0213035 -0.00318873 0.00423789 -0.0213035 0.0972352 0.0042547 -0.0119277 -0.00318873 0.0042547 0.00629425 -0.013244 0.00423789 -0.0119277 -0.013244 0.0753801 
0.0124258 -0.0212899 -0.0032015 0.00424253 -0.0212899 0.0973392 0.00424731 -0.0119184 -0.0032015 0.00424731 0.00632738 -0.0132998 0.00424253 -0.0119184 -0.0132998 0.0754741 
0.0124677 -0.0212822 -0.0031861 0.00424909 -0.0212822 0.0973624 0.00423847 -0.0118913 -0.0031861 0.00423847 0.00631616 -0.0133377 0.00424909 -0.0118913 -0.0133377 0.0755853 
0.0124634 -0.0212837 -0.00316141 0.00424546 -0.0212837 0.0972725 0.00423361 -0.0118958 -0.00316141 0.00423361 0.0063161 -0.0133436 0.00424546 -0.0118958 -0.0133436 0.0756313 
0.0125166 -0.0213034 -0.00314473 0.00422382 -0.0213034 0.0973552 0.00421931 -0.0118835 -0.00314473 0.00421931 0.00628925 -0.0133759 0.00422382 -0.0118835 -0.0133759 0.0757845 
0.0125559 -0.0213507 -0.00314087 0.004176 -0.0213507 0.0973899 0.00418403 -0.0117829 -0.00314087 0.00418403 0.00624984 -0.0133188 0.004176 -0.0117829 -0.0133188 0.0756832 
0.0125789 -0.0214039 -0.00311114 0.00417123 -0.0214039 0.0975056 0.00418788 -0.0117415 -0.00311114 0.00418788 0.00621498 -0.013276 0.00417123 -0.0117415 -0.013276 0.0755711 
0.012588 -0.0214815 -0.0030627 0.00412793 -0.0214815 0.0977842 0.00414823 -0.0116632 -0.0030627 0.00414823 0.00621559 -0.0132362 0.00412793 -0.0116632 -0.0132362 0.0755209 
0.012605 -0.0214919 -0.0030394 0.00405279 -0.0214919 0.0978928 0.00407036 -0.011484 -0.0030394 0.00407036 0.00619807 -0.0132146 0.00405279 -0.011484 -0.0132146 0.0754202 
0.0126257 -0.0215263 -0.00301667 0.00400826 -0.0215263 0.0979973 0.00401926 -0.0113101 -0.00301667 0.00401926 0.00618007 -0.0131815 0.00400826 -0.0113101 -0.0131815 0.0753252 
0.0126422 -0.0215336 -0.00302453 0.00399942 -0.0215336 0.0980246 0.00400109 -0.0112421 -0.00302453 0.00400109 0.00617976 -0.0131718 0.00399942 -0.0112421 -0.0131718 0.0752845 
0.0126058 -0.0214837 -0.00300751 0.00405253 -0.0214837 0.0978361 0.00404554 -0.0113474 -0.00300751 0.00404554 0.00619667 -0.0132061 0.00405253 -0.0113474 -0.0132061 0.0753259 
0.0125667 -0.0214357 -0.00300078 0.00405704 -0.0214357 0.0977057 0.00404859 -0.0114376 -0.00300078 0.00404859 0.00622396 -0.0132571 0.00405704 -0.0114376 -0.0132571 0.075491 
0.0125619 -0.0213682 -0.00300666 0.00403753 -0.0213682 0.0974844 0.00402998 -0.0114228 -0.00300666 0.00402998 0.00621057 -0.0132734 0.00403753 -0.0114228 -0.0132734 0.0755302 
0.0125301 -0.0213788 -0.0030173 0.00403508 -0.0213788 0.0974424 0.00403293 -0.0114059 -0.0030173 0.00403293 0.0062325 -0.0132489 0.00403508 -0.0114059 -0.0132489 0.0755131 
0.0125588 -0.0213916 -0.00296319 0.00402834 -0.0213916 0.0975525 0.00402292 -0.0113639 -0.00296319 0.00402292 0.00623081 -0.0132527 0.00402834 -0.0113639 -0.0132527 0.0755079 
0.0125486 -0.0213872 -0.00286976 0.00396389 -0.0213872 0.0974871 0.00396088 -0.0112572 -0.00286976 0.00396088 0.00623422 -0.0132459 0.00396389 -0.0112572 -0.0132459 0.075446 
0.0125594 -0.0213835 -0.00283996 0.00386687 -0.0213835 0.0975249 0.003874 -0.0110889 -0.00283996 0.003874 0.0062519 -0.0132965 0.00386687 -0.0110889 -0.0132965 0.0756108 
0.0125666 -0.021342 -0.00285335 0.00382077 -0.021342 0.0973435 0.00383439 -0.0109343 -0.00285335 0.00383439 0.0062272 -0.0133131 0.00382077 -0.0109343 -0.0133131 0.0756412 
0.0125964 -0.021385 -0.00286044 0.00382728 -0.021385 0.0974053 0.0038435 -0.0108793 -0.00286044 0.0038435 0.00619914 -0.013283 0.00382728 -0.0108793 -0.013283 0.075634 
0.0125914 -0.0214219 -0.0028593 0.00385023 -0.0214219 0.0975073 0.00386839 -0.0109255 -0.0028593 0.00386839 0.0062071 -0.0132565 0.00385023 -0.0109255 -0.0132565 0.0755995 
0.0126016 -0.0214642 -0.00286343 0.00382859 -0.0214642 0.0977024 0.00384439 -0.0108822 -0.00286343 0.00384439 0.00621518 -0.0132431 0.00382859 -0.0108822 -0.0132431 0.0755587 
0.0125652 -0.0214475 -0.00286757 0.0038284 -0.0214475 0.0976691 0.00383581 -0.0108404 -0.00286757 0.00383581 0.00624787 -0.013237 0.0038284 -0.0108404 -0.013237 0.0754682 
0.0125855 -0.0213863 -0.00291297 0.0038563 -0.0213863 0.0975347 0.00385048 -0.0108794 -0.00291297 0.00385048 0.00622768 -0.0132967 0.0038563 -0.0108794 -0.0132967 0.0755509 
0.012608 -0.0214317 -0.00294619 0.00392199 -0.0214317 0.0976164 0.00391226 -0.0110087 -0.00294619 0.00391226 0.00623092 -0.013304 0.00392199 -0.0110087 -0.013304 0.0757007 
0.0125462 -0.021406 -0.0029481 0.00398178 -0.021406 0.097507 0.00397557 -0.0111884 -0.0029481 0.00397557 0.00625546 -0.013311 0.00398178 -0.0111884 -0.013311 0.0757069 
0.0124675 -0.0213365 -0.00294498 0.00398412 -0.0213365 0.0973621 0.00398031 -0.011267 -0.00294498 0.00398031 0.00629703 -0.0133361 0.00398412 -0.011267 -0.0133361 0.0757394 
0.0124098 -0.021237 -0.00296398 0.00398411 -0.021237 0.0971505 0.00397465 -0.0112841 -0.00296398 0.00397465 0.00632575 -0.0133862 0.00398411 -0.0112841 -0.0133862 0.0758461 
0.0123699 -0.0211725 -0.00300239 0.00401454 -0.0211725 0.0969972 0.00400026 -0.0113371 -0.00300239 0.00400026 0.00635699 -0.0134308 0.00401454 -0.0113371 -0.0134308 0.0760071 
0.0123659 -0.0211303 -0.003021 0.00404144 -0.0211303 0.0968633 0.00402455 -0.011375 -0.003021 0.00402455 0.00634602 -0.013427 0.00404144 -0.011375 -0.013427 0.0759969 
0.0124216 -0.0211159 -0.00308342 0.00406663 -0.0211159 0.0967668 0.00405202 -0.0114396 -0.00308342 0.00405202 0.00628862 -0.0133978 0.00406663 -0.0114396 -0.0133978 0.0759074 
0.0124463 -0.0211947 -0.00310151 0.00412888 -0.0211947 0.0968548 0.00412533 -0.0115596 -0.00310151 0.00412533 0.00626269 -0.0133005 0.00412888 -0.0115596 -0.0133005 0.0756659 
0.0124847 -0.0212331 -0.003144 0.00417196 -0.0212331 0.0969973 0.00417749 -0.0117236 -0.003144 0.00417749 0.00622081 -0.0132787 0.00417196 -0.0117236 -0.0132787 0.0755469 
0.0124887 -0.0213201 -0.00311387 0.00418439 -0.0213201 0.0972328 0.00419634 -0.0117628 -0.00311387 0.00419634 0.00621473 -0.0131855 0.00418439 -0.0117628 -0.0131855 0.0753048 
0.0125148 -0.0213799 -0.00308247 0.00411213 -0.0213799 0.0974958 0.00412349 -0.0116202 -0.00308247 0.00412349 0.0062158 -0.0131304 0.00411213 -0.0116202 -0.0131304 0.0750593 
0.012518 -0.0214016 -0.00302378 0.00406327 -0.0214016 0.0975918 0.00406651 -0.0114509 -0.00302378 0.00406651 0.00622892 -0.0131275 0.00406327 -0.0114509 -0.0131275 0.0749357 
0.0125205 -0.0214222 -0.0029723 0.00399384 -0.0214222 0.0976955 0.00398864 -0.0112672 -0.0029723 0.00398864 0.0062603 -0.0131706 0.00399384 -0.0112672 -0.0131706 0.075021 
0.0125587 -0.021392 -0.00296739 0.0039493 -0.021392 0.0976428 0.00393709 -0.0111334 -0.00296739 0.00393709 0.0062638 -0.0132546 0.0039493 -0.0111334 -0.0132546 0.0752529 
0.0125716 -0.0213848 -0.00297916 0.00399796 -0.0213848 0.097569 0.00398464 -0.0112229 -0.00297916 0.00398464 0.00627283 -0.0133537 0.00399796 -0.0112229 -0.0133537 0.0756608 
0.0125975 -0.021407 -0.00298906 0.00399088 -0.021407 0.0975612 0.00398619 -0.0112449 -0.00298906 0.00398619 0.00624179 -0.0133493 0.00399088 -0.0112449 -0.0133493 0.0757812 
0.0126316 -0.0214192 -0.0029963 0.00402198 -0.0214192 0.0975663 0.00402528 -0.0113337 -0.0029963 0.00402528 0.00619695 -0.0133357 0.00402198 -0.0113337 -0.0133357 0.0758343 
0.0126995 -0.0215144 -0.0030129 0.00399238 -0.0215144 0.0977896 0.00400746 -0.0112952 -0.0030129 0.00400746 0.00614348 -0.0132374 0.00399238 -0.0112952 -0.0132374 0.0756542 
0.0126744 -0.0215333 -0.00305775 0.00404584 -0.0215333 0.0977972 0.00406657 -0.0114068 -0.00305775 0.00406657 0.00614847 -0.0131859 0.00404584 -0.0114068 -0.0131859 0.0754596 
0.0126318 -0.021523 -0.00307592 0.00411271 -0.021523 0.097833 0.00412718 -0.0115707 -0.00307592 0.00412718 0.0061753 -0.0131965 0.00411271 -0.0115707 -0.0131965 0.075419 
0.0125931 -0.0214532 -0.00307274 0.00416223 -0.0214532 0.0977247 0.00416483 -0.0117377 -0.00307274 0.00416483 0.00618888 -0.0132512 0.00416223 -0.0117377 -0.0132512 0.0755357 
0.0125154 -0.0214013 -0.00303626 0.00415853 -0.0214013 0.0975908 0.00415948 -0.0117898 -0.00303626 0.00415948 0.00624142 -0.0132642 0.00415853 -0.0117898 -0.0132642 0.0756124 
0.0124678 -0.0213229 -0.00298456 0.0040707 -0.0213229 0.0974008 0.00407184 -0.0116119 -0.00298456 0.00407184 0.0062593 -0.0132652 0.0040707 -0.0116119 -0.0132652 0.0755234 
0.0124797 -0.0212976 -0.00295728 0.00398967 -0.0212976 0.0973541 0.00399059 -0.0113784 -0.00295728 0.00399059 0.00625864 -0.0132769 0.00398967 -0.0113784 -0.0132769 0.0755314 
0.0125233 -0.0212992 -0.00293502 0.00393586 -0.0212992 0.097285 0.00393706 -0.0111757 -0.00293502 0.00393706 0.00621155 -0.0132479 0.00393586 -0.0111757 -0.0132479 0.0754175 
0.0125473 -0.0213732 -0.0029519 0.00389442 -0.0213732 0.0974069 0.00390301 -0.0110272 -0.0029519 0.00390301 0.00619972 -0.0131784 0.00389442 -0.0110272 -0.0131784 0.0752454 
0.0125481 -0.0213996 -0.00296906 0.00393293 -0.0213996 0.0975156 0.00393891 -0.011051 -0.00296906 0.00393891 0.00622071 -0.0131825 0.00393293 -0.011051 -0.0131825 0.0752019 
0.0125473 -0.0214104 -0.00297724 0.00397551 -0.0214104 0.0976126 0.00397126 -0.0111505 -0.00297724 0.00397126 0.00623635 -0.0132366 0.00397551 -0.0111505 -0.0132366 0.0753443 
0.0125361 -0.0213761 -0.00296649 0.00400548 -0.0213761 0.0975414 0.00399443 -0.0112537 -0.00296649 0.00399443 0.00624303 -0.0132818 0.00400548 -0.0112537 -0.0132818 0.0755059 
0.0125375 -0.0213596 -0.00291152 0.00396736 -0.0213596 0.0974406 0.00396003 -0.0112063 -0.00291152 0.00396003 0.00622824 -0.0132578 0.00396736 -0.0112063 -0.0132578 0.0754618 
0.0125431 -0.021361 -0.00289253 0.00393582 -0.021361 0.0974748 0.00393936 -0.0111934 -0.00289253 0.00393936 0.00623555 -0.0133 0.00393582 -0.0111934 -0.0133 0.0756432 
0.0125262 -0.0213674 -0.00289581 0.00386193 -0.0213674 0.097436 0.00387529 -0.0110133 -0.00289581 0.00387529 0.00623243 -0.0132485 0.00386193 -0.0110133 -0.0132485 0.0755034 
0.0125308 -0.0213618 -0.00291012 0.0038789 -0.0213618 0.0974696 0.00388762 -0.010974 -0.00291012 0.00388762 0.006239 -0.0132615 0.0038789 -0.010974 -0.0132615 0.0755146 
0.0125081 -0.0213501 -0.00293041 0.003916 -0.0213501 0.0974392 0.00391599 -0.011043 -0.00293041 0.00391599 0.00625849 -0.0132829 0.003916 -0.011043 -0.0132829 0.0755723 
0.012536 -0.0213501 -0.0029382 0.00391475 -0.0213501 0.0974548 0.00391026 -0.0110328 -0.0029382 0.00391026 0.00624308 -0.0132724 0.00391475 -0.0110328 -0.0132724 0.0755304 
0.0125262 -0.0213314 -0.00300178 0.00394352 -0.0213314 0.0973219 0.00393794 -0.0110959 -0.00300178 0.00393794 0.00622612 -0.0132637 0.00394352 -0.0110959 -0.0132637 0.0754673 
0.0125789 -0.0214164 -0.00300289 0.0039941 -0.0214164 0.097595 0.003985 -0.0111592 -0.00300289 0.003985 0.00619789 -0.0132276 0.0039941 -0.0111592 -0.0132276 0.075445 
0.0126025 -0.0214343 -0.00300949 0.00400889 -0.0214343 0.0976277 0.00400051 -0.0112363 -0.00300949 0.00400051 0.0061634 -0.0131873 0.00400889 -0.0112363 -0.0131873 0.0753073 
0.0126128 -0.021458 -0.00298542 0.0040456 -0.021458 0.0977093 0.00404186 -0.0113615 -0.00298542 0.00404186 0.00616132 -0.013181 0.0040456 -0.0113615 -0.013181 0.0753264 
0.0126181 -0.0214543 -0.00295415 0.00400106 -0.0214543 0.0976728 0.00400515 -0.0113372 -0.00295415 0.00400515 0.00614219 -0.0131524 0.00400106 -0.0113372 -0.0131524 0.0752144 
0.0126155 -0.0214746 -0.00292937 0.00395517 -0.0214746 0.0977223 0.00396697 -0.0112468 -0.00292937 0.00396697 0.00614722 -0.0131328 0.00395517 -0.0112468 -0.0131328 0.0751602 
0.0126787 -0.0214952 -0.00289279 0.00390689 -0.0214952 0.0978139 0.00391879 -0.0111089 -0.00289279 0.00391879 0.00609763 -0.013125 0.00390689 -0.0111089 -0.013125 0.0751143 
0.0127271 -0.0215814 -0.00284504 0.00383283 -0.0215814 0.0979645 0.00384997 -0.0109122 -0.00284504 0.00384997 0.0060567 -0.0130401 0.00383283 -0.0109122 -0.0130401 0.0749171 
0.0127468 -0.021652 -0.00283814 0.0037967 -0.021652 0.0982033 0.00381898 -0.0108088 -0.00283814 0.00381898 0.00607006 -0.013025 0.0037967 -0.0108088 -0.013025 0.0748898 
0.0127317 -0.0216539 -0.00284353 0.00379455 -0.0216539 0.0982523 0.00380992 -0.010765 -0.00284353 0.00380992 0.00609986 -0.0130475 0.00379455 -0.010765 -0.0130475 0.0749023 
0.0126697 -0.0215892 -0.00283526 0.00384064 -0.0215892 0.0980964 0.00384255 -0.0108563 -0.00283526 0.00384255 0.00616068 -0.0131247 0.00384064 -0.0108563 -0.0131247 0.0750733 
0.0126568 -0.0215004 -0.00285915 0.0038338 -0.0215004 0.0978547 0.00382563 -0.0108782 -0.00285915 0.00382563 0.00615714 -0.0132037 0.0038338 -0.0108782 -0.0132037 0.0752627 
0.0126849 -0.0215109 -0.0028718 0.00386904 -0.0215109 0.0978543 0.00385971 -0.0109388 -0.0028718 0.00385971 0.00614343 -0.0132313 0.00386904 -0.0109388 -0.0132313 0.0754933 
0.0126496 -0.0215056 -0.00288373 0.0038752 -0.0215056 0.0977395 0.00387425 -0.0109769 -0.00288373 0.00387425 0.00614454 -0.0131849 0.0038752 -0.0109769 -0.0131849 0.0753929 
0.0126385 -0.021486 -0.00292268 0.00390095 -0.021486 0.0977384 0.00390337 -0.0110494 -0.00292268 0.00390337 0.0061457 -0.013194 0.00390095 -0.0110494 -0.013194 0.0754023 
0.0125903 -0.0214599 -0.00298547 0.00395603 -0.0214599 0.0976749 0.00395629 -0.0111705 -0.00298547 0.00395629 0.00617704 -0.0131952 0.00395603 -0.0111705 -0.0131952 0.0754062 
0.0125792 -0.0214621 -0.00299847 0.00400103 -0.0214621 0.0977555 0.0039912 -0.0112368 -0.00299847 0.0039912 0.00620555 -0.0131907 0.00400103 -0.0112368 -0.0131907 0.0753737 
0.0125544 -0.0214417 -0.00293899 0.00399744 -0.0214417 0.0976989 0.00397879 -0.0112279 -0.00293899 0.00397879 0.00623809 -0.0131863 0.00399744 -0.0112279 -0.0131863 0.0752611 
0.0125106 -0.0213715 -0.00289193 0.00396011 -0.0213715 0.0975172 0.00394105 -0.0112065 -0.00289193 0.00394105 0.00628153 -0.0132718 0.00396011 -0.0112065 -0.0132718 0.0754051 
0.0124725 -0.0213141 -0.0028606 0.00391183 -0.0213141 0.097382 0.00389794 -0.0111281 -0.0028606 0.00389794 0.00632911 -0.0133707 0.00391183 -0.0111281 -0.0133707 0.075722 
0.0124727 -0.0212871 -0.00286978 0.00382538 -0.0212871 0.0972815 0.00381774 -0.0109019 -0.00286978 0.00381774 0.00633313 -0.013392 0.00382538 -0.0109019 -0.013392 0.0758195 
0.0124238 -0.021247 -0.00292833 0.0038648 -0.021247 0.097132 0.00385685 -0.0109038 -0.00292833 0.00385685 0.00636433 -0.0134362 0.0038648 -0.0109038 -0.0134362 0.0759681 
0.0124069 -0.0212388 -0.002989 0.00391189 -0.0212388 0.097139 0.00389605 -0.0109498 -0.002989 0.00389605 0.0063791 -0.0134389 0.00391189 -0.0109498 -0.0134389 0.0760083 
0.0124191 -0.0211868 -0.00302046 0.00401271 -0.0211868 0.0970081 0.00398401 -0.0111491 -0.00302046 0.00398401 0.00635881 -0.013468 0.00401271 -0.0111491 -0.013468 0.0760616 
0.0124384 -0.0212095 -0.00304848 0.00406106 -0.0212095 0.0970136 0.00403489 -0.0113312 -0.00304848 0.00403489 0.00635284 -0.0134492 0.00406106 -0.0113312 -0.0134492 0.0760854 
0.0124752 -0.0212133 -0.00302522 0.00409628 -0.0212133 0.0969806 0.00408111 -0.0114679 -0.00302522 0.00408111 0.00630873 -0.0134346 0.00409628 -0.0114679 -0.0134346 0.0760253 
0.0125309 -0.0212853 -0.00300646 0.00404623 -0.0212853 0.0971212 0.00404967 -0.0114439 -0.00300646 0.00404967 0.00625448 -0.0133653 0.00404623 -0.0114439 -0.0133653 0.0758834 
0.0125611 -0.0213828 -0.00297135 0.00400819 -0.0213828 0.0974003 0.00402983 -0.0113671 -0.00297135 0.00402983 0.00625015 -0.013299 0.00400819 -0.0113671 -0.013299 0.0757435 
0.0125376 -0.0214006 -0.00302168 0.00397132 -0.0214006 0.0975091 0.00399695 -0.0112931 -0.00302168 0.00399695 0.00628074 -0.0132967 0.00397132 -0.0112931 -0.0132967 0.0756656 
0.012546 -0.0213818 -0.00308998 0.00402897 -0.0213818 0.0975336 0.00403856 -0.0113193 -0.00308998 0.00403856 0.0062852 -0.0133353 0.00402897 -0.0113193 -0.0133353 0.0757066 
0.0125809 -0.0213719 -0.00315649 0.00414732 -0.0213719 0.0975004 0.00413813 -0.0115462 -0.00315649 0.00413813 0.00625241 -0.0133733 0.00414732 -0.0115462 -0.0133733 0.0758462 
0.0126096 -0.0214304 -0.00314384 0.00420299 -0.0214304 0.0975603 0.00419242 -0.011701 -0.00314384 0.00419242 0.00622233 -0.0132915 0.00420299 -0.011701 -0.0132915 0.0756912 
0.0126642 -0.0215253 -0.00316014 0.00418765 -0.0215253 0.0978834 0.00418466 -0.0117501 -0.00316014 0.00418466 0.00621085 -0.0132634 0.00418765 -0.0117501 -0.0132634 0.075646 
0.0126824 -0.0214906 -0.00324192 0.00425078 -0.0214906 0.0977832 0.00425282 -0.0119158 -0.00324192 0.00425282 0.00616303 -0.0132972 0.00425078 -0.0119158 -0.0132972 0.0756837 
0.0126791 -0.021515 -0.00327576 0.00435105 -0.021515 0.0977744 0.00435698 -0.0121457 -0.00327576 0.00435698 0.00613698 -0.013239 0.00435105 -0.0121457 -0.013239 0.0756153 
0.0126505 -0.021538 -0.00332286 0.00438937 -0.021538 0.0978578 0.00439985 -0.0123105 -0.00332286 0.00439985 0.00613746 -0.0131811 0.00438937 -0.0123105 -0.0131811 0.0754591 
0.0126259 -0.0215668 -0.00330598 0.00441956 -0.0215668 0.0980484 0.00442528 -0.0123717 -0.00330598 0.00442528 0.0061736 -0.0131418 0.00441956 -0.0123717 -0.0131418 0.0753178 
0.0125748 -0.0215299 -0.00323731 0.00440226 -0.0215299 0.0980494 0.00439641 -0.0123604 -0.00323731 0.00439641 0.00623987 -0.0131737 0.00440226 -0.0123604 -0.0131737 0.0752915 
0.0125369 -0.0214297 -0.00317171 0.00430903 -0.0214297 0.0977841 0.00429494 -0.0121825 -0.00317171 0.00429494 0.00627888 -0.0132435 0.00430903 -0.0121825 -0.0132435 0.0753294 
0.0124748 -0.0213578 -0.00317144 0.00424761 -0.0213578 0.0975467 0.00423484 -0.0120278 -0.00317144 0.00423484 0.00635206 -0.0133464 0.00424761 -0.0120278 -0.0133464 0.0756094 
0.0124848 -0.0213255 -0.00309344 0.00420435 -0.0213255 0.0974545 0.0041864 -0.0118336 -0.00309344 0.0041864 0.00634914 -0.0134097 0.00420435 -0.0118336 -0.0134097 0.0757944 
0.0124924 -0.0213014 -0.00306504 0.00414394 -0.0213014 0.0973569 0.00413175 -0.0117229 -0.00306504 0.00413175 0.00634606 -0.0134672 0.00414394 -0.0117229 -0.0134672 0.0760583 
0.0125209 -0.0213289 -0.00305844 0.00409088 -0.0213289 0.0974102 0.00409226 -0.0115825 -0.00305844 0.00409226 0.00632341 -0.0134645 0.00409088 -0.0115825 -0.0134645 0.0761801 
0.0125317 -0.0213617 -0.00303353 0.00406194 -0.0213617 0.0974534 0.00407228 -0.0114678 -0.00303353 0.00407228 0.00629977 -0.0134041 0.00406194 -0.0114678 -0.0134041 0.0760553 
0.0125085 -0.021341 -0.00299281 0.00404847 -0.021341 0.0973726 0.00406089 -0.0114334 -0.00299281 0.00406089 0.00628988 -0.0133753 0.00404847 -0.0114334 -0.0133753 0.0759195 
0.0124994 -0.0213403 -0.00296035 0.00399097 -0.0213403 0.0973912 0.0040045 -0.0113268 -0.00296035 0.0040045 0.00628687 -0.0133522 0.00399097 -0.0113268 -0.0133522 0.0758398 
0.0124805 -0.0212918 -0.00297263 0.00400548 -0.0212918 0.0973204 0.0040173 -0.0113631 -0.00297263 0.0040173 0.00629921 -0.0134124 0.00400548 -0.0113631 -0.0134124 0.0760225 
0.0124173 -0.0212395 -0.00301262 0.00400551 -0.0212395 0.0971144 0.00401669 -0.011362 -0.00301262 0.00401669 0.00632011 -0.0133887 0.00400551 -0.011362 -0.0133887 0.0759621 
0.0124017 -0.0211612 -0.0030383 0.00406661 -0.0211612 0.0969221 0.00406739 -0.0114599 -0.0030383 0.00406739 0.00630044 -0.0134039 0.00406661 -0.0114599 -0.0134039 0.0759442 
0.012409 -0.0211663 -0.00303872 0.00408041 -0.0211663 0.0968706 0.00407993 -0.0115082 -0.00303872 0.00407993 0.00627338 -0.0133376 0.00408041 -0.0115082 -0.0133376 0.0757861 
0.0124028 -0.0211944 -0.00301911 0.00406173 -0.0211944 0.0969162 0.00406625 -0.0114796 -0.00301911 0.00406625 0.00627356 -0.0132607 0.00406173 -0.0114796 -0.0132607 0.0755184 
0.0124384 -0.0212267 -0.00299964 0.00403836 -0.0212267 0.0970916 0.00404449 -0.0114326 -0.00299964 0.00404449 0.00626913 -0.0132625 0.00403836 -0.0114326 -0.0132625 0.0754603 
0.0124393 -0.0212206 -0.00297952 0.00400323 -0.0212206 0.09701 0.00400961 -0.0113426 -0.00297952 0.00400961 0.00625241 -0.0132357 0.00400323 -0.0113426 -0.0132357 0.0752971 
0.0124003 -0.021227 -0.00298887 0.00401899 -0.021227 0.0970667 0.00402781 -0.0113826 -0.00298887 0.00402781 0.00631654 -0.0132793 0.00401899 -0.0113826 -0.0132793 0.0754527 
0.0123714 -0.0212147 -0.00298299 0.00398072 -0.0212147 0.0970874 0.00398295 -0.0112694 -0.00298299 0.00398295 0.00634712 -0.0133007 0.00398072 -0.0112694 -0.0133007 0.0754515 
0.0123816 -0.0211905 -0.00299609 0.00397706 -0.0211905 0.0970874 0.00396632 -0.0112013 -0.00299609 0.00396632 0.00635768 -0.0133556 0.00397706 -0.0112013 -0.0133556 0.0755885 
0.0124032 -0.0211743 -0.00299195 0.00400214 -0.0211743 0.0969933 0.0039826 -0.0112155 -0.00299195 0.0039826 0.00635919 -0.0133793 0.00400214 -0.0112155 -0.0133793 0.0756775 
0.0124029 -0.0211648 -0.00302874 0.00403935 -0.0211648 0.0969177 0.00402352 -0.0113447 -0.00302874 0.00402352 0.00637407 -0.0134409 0.00403935 -0.0113447 -0.0134409 0.0758956 
0.012365 -0.021166 -0.00305948 0.00405035 -0.021166 0.0968394 0.00404157 -0.0113767 -0.00305948 0.00404157 0.00639138 -0.0134222 0.00405035 -0.0113767 -0.0134222 0.0758561 
0.012339 -0.0211294 -0.00309232 0.00411381 -0.0211294 0.0968139 0.00410249 -0.011516 -0.00309232 0.00410249 0.00641833 -0.0134831 0.00411381 -0.011516 -0.0134831 0.0760194 
0.0122147 -0.0210346 -0.00312842 0.00419991 -0.0210346 0.0965661 0.00418371 -0.0117636 -0.00312842 0.00418371 0.00650918 -0.0135669 0.00419991 -0.0117636 -0.0135669 0.0762798 
0.0121844 -0.0209222 -0.00314991 0.00422303 -0.0209222 0.0963596 0.00419969 -0.0118597 -0.00314991 0.00419969 0.00652848 -0.0136473 0.00422303 -0.0118597 -0.0136473 0.0764936 
0.0121565 -0.0208666 -0.00319258 0.00425355 -0.0208666 0.0961539 0.00423007 -0.0119425 -0.00319258 0.00423007 0.00653939 -0.0136745 0.00425355 -0.0119425 -0.0136745 0.0766349 
0.0121165 -0.020807 -0.00325626 0.00429253 -0.020807 0.0959033 0.00427513 -0.012028 -0.00325626 0.00427513 0.00654061 -0.0136477 0.00429253 -0.012028 -0.0136477 0.0765345 
0.0121214 -0.0208172 -0.00328939 0.00437076 -0.0208172 0.0959681 0.00435613 -0.0121922 -0.00328939 0.00435613 0.00654057 -0.0136457 0.00437076 -0.0121922 -0.0136457 0.0765434 
0.0122021 -0.0208413 -0.00328997 0.0043772 -0.0208413 0.0960126 0.00436629 -0.0122382 -0.00328997 0.00436629 0.00645734 -0.013574 0.0043772 -0.0122382 -0.013574 0.0763 
0.0123071 -0.0209937 -0.00325764 0.00434813 -0.0209937 0.0963582 0.00435196 -0.0121901 -0.00325764 0.00435196 0.00637634 -0.0134406 0.00434813 -0.0121901 -0.0134406 0.0759742 
0.0123924 -0.0211452 -0.00322957 0.00429501 -0.0211452 0.0967861 0.00431648 -0.0120922 -0.00322957 0.00431648 0.00632911 -0.0133328 0.00429501 -0.0120922 -0.0133328 0.0756546 
0.0123985 -0.0211703 -0.00318999 0.00429041 -0.0211703 0.0968512 0.00431898 -0.0120878 -0.00318999 0.00431898 0.0062935 -0.0133104 0.00429041 -0.0120878 -0.0133104 0.0754825 
0.0124078 -0.0212353 -0.00312682 0.00423942 -0.0212353 0.0971087 0.0042703 -0.0120077 -0.00312682 0.0042703 0.00630063 -0.0132905 0.00423942 -0.0120077 -0.0132905 0.0754937 
0.0124315 -0.021231 -0.00308787 0.00412792 -0.021231 0.0971195 0.00415828 -0.0117515 -0.00308787 0.00415828 0.0062682 -0.0132537 0.00412792 -0.0117515 -0.0132537 0.0753229 
