0.00745639 0 0.00347422 0 0 0.0099816 0 0 0.00347422 0 0.00627552 0 0 0 0 0.0099816 
0.0108282 -0.0134359 0.00473484 -0.00582615 -0.0134359 0.0349305 -0.00582615 0.0111715 0.00473484 -0.00582615 0.00861087 -0.0106868 -0.00582615 0.0111715 -0.0106868 0.0296579 
0.0108924 -0.0201565 0.0043789 -0.00732141 -0.0201565 0.0735817 -0.00732141 0.0232981 0.0043789 -0.00732141 0.00848598 -0.0159604 -0.00732141 0.0232981 -0.0159604 0.060056 
0.0102019 -0.0195277 0.00398319 -0.00567356 -0.0195277 0.0868043 -0.00568428 0.0203922 0.00398319 -0.00568428 0.00809428 -0.0159469 -0.00567356 0.0203922 -0.0159469 0.0729189 
0.0100933 -0.0188263 0.00407393 -0.0050324 -0.0188263 0.0899165 -0.00505005 0.016028 0.00407393 -0.00505005 0.00822771 -0.0157698 -0.0050324 0.016028 -0.0157698 0.0780638 
0.0101842 -0.0186468 0.00423349 -0.00521396 -0.0186468 0.0906771 -0.00521971 0.0146204 0.00423349 -0.00521971 0.0084795 -0.0159727 -0.00521396 0.0146204 -0.0159727 0.0808898 
0.0103251 -0.0186624 0.00432105 -0.0054701 -0.0186624 0.0908829 -0.00546167 0.0147277 0.00432105 -0.00546167 0.00857293 -0.0161931 -0.0054701 0.0147277 -0.0161931 0.0824507 
0.0104537 -0.0187961 0.00435281 -0.00558415 -0.0187961 0.0911296 -0.00557913 0.0150387 0.00435281 -0.00557913 0.00856538 -0.0162127 -0.00558415 0.0150387 -0.0162127 0.0830323 
0.0105593 -0.0189775 0.00434039 -0.00558348 -0.0189775 0.091505 -0.0055902 0.0151337 0.00434039 -0.0055902 0.00849964 -0.0160746 -0.00558348 0.0151337 -0.0160746 0.0827992 
0.0106443 -0.0191134 0.00431467 -0.00556148 -0.0191134 0.0918795 -0.00557402 0.0151218 0.00431467 -0.00557402 0.00844916 -0.0159827 -0.00556148 0.0151218 -0.0159827 0.0825048 
0.0107365 -0.0192451 0.00431153 -0.00551722 -0.0192451 0.0922724 -0.00553191 0.0150258 0.00431153 -0.00553191 0.0083871 -0.0159115 -0.00551722 0.0150258 -0.0159115 0.0822564 
0.0107528 -0.0193433 0.00433539 -0.00550513 -0.0193433 0.0925402 -0.00552 0.0149478 0.00433539 -0.00552 0.00838955 -0.0158522 -0.00550513 0.0149478 -0.0158522 0.0820637 
0.0107007 -0.0193371 0.00436801 -0.00557051 -0.0193371 0.0926511 -0.00557285 0.0150384 0.00436801 -0.00557285 0.00848404 -0.0159588 -0.00557051 0.0150384 -0.0159588 0.0823284 
0.0106911 -0.0192691 0.0043737 -0.00560941 -0.0192691 0.0925403 -0.00559417 0.0151188 0.0043737 -0.00559417 0.00851033 -0.0160717 -0.00560941 0.0151188 -0.0160717 0.0826005 
0.0106546 -0.0192877 0.00436186 -0.00561191 -0.0192877 0.0925662 -0.00559305 0.0151424 0.00436186 -0.00559305 0.00855028 -0.0161065 -0.00561191 0.0151424 -0.0161065 0.082802 
0.0106538 -0.0192787 0.00435559 -0.00558897 -0.0192787 0.0926453 -0.00557201 0.0151042 0.00435559 -0.00557201 0.00854637 -0.0161471 -0.00558897 0.0151042 -0.0161471 0.0829577 
0.0106959 -0.0192726 0.00436039 -0.00555823 -0.0192726 0.0926108 -0.0055468 0.0150181 0.00436039 -0.0055468 0.00847304 -0.0160935 -0.00555823 0.0150181 -0.0160935 0.0828342 
0.0107497 -0.0192869 0.00438902 -0.00558044 -0.0192869 0.0925891 -0.00557914 0.0150478 0.00438902 -0.00557914 0.00841654 -0.0160511 -0.00558044 0.0150478 -0.0160511 0.0827842 
0.0107791 -0.0193415 0.00440848 -0.00561741 -0.0193415 0.0926463 -0.00562573 0.0151416 0.00440848 -0.00562573 0.00837831 -0.0159835 -0.00561741 0.0151416 -0.0159835 0.0826407 
0.0108458 -0.0194239 0.00442093 -0.0056402 -0.0194239 0.0929081 -0.00565392 0.0152274 0.00442093 -0.00565392 0.00833022 -0.0159217 -0.0056402 0.0152274 -0.0159217 0.0825033 
0.0108904 -0.0194611 0.00445571 -0.00565758 -0.0194611 0.0929744 -0.00567419 0.0152942 0.00445571 -0.00567419 0.00827953 -0.0158738 -0.00565758 0.0152942 -0.0158738 0.0823522 
0.0109724 -0.0195341 0.00450087 -0.0057 -0.0195341 0.0931537 -0.0057173 0.0153838 0.00450087 -0.0057173 0.00821223 -0.0158113 -0.0057 0.0153838 -0.0158113 0.0822094 
0.0110055 -0.019662 0.00450864 -0.00575337 -0.019662 0.093477 -0.00577126 0.0155072 0.00450864 -0.00577126 0.00818478 -0.0157149 -0.00575337 0.0155072 -0.0157149 0.0819986 
0.0109782 -0.0196911 0.00448853 -0.00575939 -0.0196911 0.0936141 -0.00577507 0.0155646 0.00448853 -0.00577507 0.0081908 -0.0156567 -0.00575939 0.0155646 -0.0156567 0.0817514 
0.0110161 -0.0196892 0.00446954 -0.00574131 -0.0196892 0.0937331 -0.00574914 0.0155507 0.00446954 -0.00574914 0.00817903 -0.0156682 -0.00574131 0.0155507 -0.0156682 0.0817247 
0.0110068 -0.0197077 0.00445079 -0.00570508 -0.0197077 0.093709 -0.0057102 0.0154636 0.00445079 -0.0057102 0.00816207 -0.0156316 -0.00570508 0.0154636 -0.0156316 0.0815938 
0.0110347 -0.0197267 0.00445733 -0.00568543 -0.0197267 0.0938195 -0.00568973 0.0153981 0.00445733 -0.00568973 0.00813953 -0.0156265 -0.00568543 0.0153981 -0.0156265 0.0815912 
0.011056 -0.0197392 0.00447244 -0.00568275 -0.0197392 0.0938002 -0.00568492 0.0153516 0.00447244 -0.00568492 0.00809526 -0.0155665 -0.00568275 0.0153516 -0.0155665 0.0814094 
0.0110639 -0.0197856 0.00449363 -0.00572579 -0.0197856 0.0939568 -0.00572451 0.0154285 0.00449363 -0.00572451 0.00810122 -0.015556 -0.00572579 0.0154285 -0.015556 0.0814364 
0.010985 -0.0197381 0.0044682 -0.00575468 -0.0197381 0.093808 -0.00574696 0.0155062 0.0044682 -0.00574696 0.00813873 -0.0155523 -0.00575468 0.0155062 -0.0155523 0.0813615 
0.0109551 -0.0196642 0.00445329 -0.00575439 -0.0196642 0.0937345 -0.00574003 0.0155646 0.00445329 -0.00574003 0.00816328 -0.0156565 -0.00575439 0.0155646 -0.0156565 0.0816544 
0.0109258 -0.019594 0.00444221 -0.00570966 -0.019594 0.0934651 -0.00569981 0.0154871 0.00444221 -0.00569981 0.00814837 -0.0156335 -0.00570966 0.0154871 -0.0156335 0.0816138 
0.0109698 -0.0195473 0.00446969 -0.00572008 -0.0195473 0.0933312 -0.00571432 0.0154975 0.00446969 -0.00571432 0.00810594 -0.0156679 -0.00572008 0.0154975 -0.0156679 0.0817607 
0.0110037 -0.0196141 0.00448726 -0.00573977 -0.0196141 0.0933884 -0.00574427 0.0155403 0.00448726 -0.00574427 0.00807652 -0.0155798 -0.00573977 0.0155403 -0.0155798 0.0816261 
0.0110791 -0.0196515 0.00453933 -0.0057612 -0.0196515 0.0934654 -0.00577105 0.0156033 0.00453933 -0.00577105 0.00799999 -0.0155218 -0.0057612 0.0156033 -0.0155218 0.0814136 
0.0112247 -0.0197497 0.00458493 -0.00581482 -0.0197497 0.0936271 -0.00582611 0.0157061 0.00458493 -0.00582611 0.00785801 -0.015393 -0.00581482 0.0157061 -0.015393 0.0810574 
0.0112737 -0.0199504 0.0045877 -0.00587831 -0.0199504 0.0940588 -0.00589616 0.015873 0.0045877 -0.00589616 0.00782102 -0.0152243 -0.00587831 0.015873 -0.0152243 0.080668 
0.0112657 -0.0200176 0.00454596 -0.00588277 -0.0200176 0.0943529 -0.00590003 0.0159526 0.00454596 -0.00590003 0.00780632 -0.0151658 -0.00588277 0.0159526 -0.0151658 0.0803764 
0.0112679 -0.0200298 0.00450556 -0.00583003 -0.0200298 0.0945176 -0.00584227 0.0158832 0.00450556 -0.00584227 0.00778395 -0.0151502 -0.00583003 0.0158832 -0.0151502 0.0802853 
0.011319 -0.0200135 0.00452121 -0.00579113 -0.0200135 0.0945526 -0.00580133 0.0157881 0.00452121 -0.00580133 0.00774529 -0.0151666 -0.00579113 0.0157881 -0.0151666 0.0803812 
0.0113868 -0.0200307 0.00454882 -0.00581276 -0.0200307 0.0945073 -0.00582501 0.0157841 0.00454882 -0.00582501 0.00767068 -0.0151374 -0.00581276 0.0157841 -0.0151374 0.0803759 
0.0113714 -0.0201193 0.00455876 -0.00584792 -0.0201193 0.0946468 -0.0058665 0.0158612 0.00455876 -0.0058665 0.0076858 -0.0150409 -0.00584792 0.0158612 -0.0150409 0.0802159 
0.0113473 -0.0200865 0.00459122 -0.00586704 -0.0200865 0.0946262 -0.00588095 0.0159296 0.00459122 -0.00588095 0.00770875 -0.0150479 -0.00586704 0.0159296 -0.0150479 0.0801045 
0.0113279 -0.0200658 0.00460973 -0.00590851 -0.0200658 0.0945692 -0.00590955 0.0160007 0.00460973 -0.00590955 0.00773192 -0.0150615 -0.00590851 0.0160007 -0.0150615 0.080071 
0.0113304 -0.0200882 0.00459814 -0.00593935 -0.0200882 0.0946903 -0.0059299 0.0160818 0.00459814 -0.0059299 0.00776151 -0.0150945 -0.00593935 0.0160818 -0.0150945 0.0801746 
0.0113203 -0.0200537 0.00456476 -0.00591046 -0.0200537 0.094561 -0.00589746 0.0160474 0.00456476 -0.00589746 0.0077473 -0.0150981 -0.00591046 0.0160474 -0.0150981 0.0801073 
0.0113181 -0.0200634 0.00454875 -0.00587498 -0.0200634 0.0945921 -0.0058662 0.0159814 0.00454875 -0.0058662 0.00774986 -0.0151114 -0.00587498 0.0159814 -0.0151114 0.0801855 
0.0113747 -0.0200129 0.00456561 -0.00586558 -0.0200129 0.0944573 -0.00586145 0.0159493 0.00456561 -0.00586145 0.00769139 -0.015162 -0.00586558 0.0159493 -0.015162 0.080343 
0.0114553 -0.0201233 0.00458717 -0.00587559 -0.0201233 0.0946662 -0.00588339 0.0159574 0.00458717 -0.00588339 0.00762151 -0.0150879 -0.00587559 0.0159574 -0.0150879 0.0803359 
0.0114718 -0.0202165 0.00460306 -0.00588907 -0.0202165 0.0948811 -0.00590867 0.0159863 0.00460306 -0.00590867 0.00759062 -0.0149703 -0.00588907 0.0159863 -0.0149703 0.0800596 
0.0114712 -0.020249 0.00461911 -0.00591628 -0.020249 0.0950532 -0.00593539 0.0160535 0.00461911 -0.00593539 0.00759967 -0.0149294 -0.00591628 0.0160535 -0.0149294 0.0798893 
0.0115323 -0.0202136 0.00463319 -0.00593699 -0.0202136 0.0949591 -0.0059462 0.0161029 0.00463319 -0.0059462 0.00752606 -0.01492 -0.00593699 0.0161029 -0.01492 0.0797361 
0.011595 -0.0203311 0.00464311 -0.00595165 -0.0203311 0.0951763 -0.00595991 0.0161437 0.00464311 -0.00595991 0.00746501 -0.0148193 -0.00595165 0.0161437 -0.0148193 0.0795438 
0.0116372 -0.0204355 0.00463808 -0.00596635 -0.0204355 0.0955129 -0.00597818 0.0161908 0.00463808 -0.00597818 0.00743474 -0.0147468 -0.00596635 0.0161908 -0.0147468 0.0793733 
0.0116214 -0.0204838 0.00462891 -0.00594585 -0.0204838 0.0956845 -0.00595786 0.0161641 0.00462891 -0.00595786 0.0074303 -0.0146749 -0.00594585 0.0161641 -0.0146749 0.0791174 
0.011561 -0.0204713 0.00460858 -0.00594418 -0.0204713 0.0957541 -0.00594794 0.0161455 0.00460858 -0.00594794 0.00748479 -0.0146772 -0.00594418 0.0161455 -0.0146772 0.0790526 
0.0115351 -0.0203558 0.00457984 -0.00592344 -0.0203558 0.0954868 -0.0059138 0.0160947 0.00457984 -0.0059138 0.00747411 -0.0147348 -0.00592344 0.0160947 -0.0147348 0.0790698 
0.0115782 -0.0203417 0.00457423 -0.00589026 -0.0203417 0.0953878 -0.00587765 0.01602 0.00457423 -0.00587765 0.00742492 -0.0147229 -0.00589026 0.01602 -0.0147229 0.0791025 
0.0116245 -0.0203865 0.00458805 -0.00590012 -0.0203865 0.0954581 -0.00589371 0.0160289 0.00458805 -0.00589371 0.0073915 -0.0147079 -0.00590012 0.0160289 -0.0147079 0.0791807 
0.0116475 -0.0203888 0.00460275 -0.00593069 -0.0203888 0.0954128 -0.00593125 0.0161105 0.00460275 -0.00593125 0.00737589 -0.0147011 -0.00593069 0.0161105 -0.0147011 0.0792157 
0.0116114 -0.020407 0.00457358 -0.00593727 -0.020407 0.0953648 -0.00594261 0.0161511 0.00457358 -0.00594261 0.00739073 -0.0146534 -0.00593727 0.0161511 -0.0146534 0.0790747 
0.0115161 -0.0203866 0.00453723 -0.00591078 -0.0203866 0.0953889 -0.0059178 0.0161385 0.00453723 -0.0059178 0.00749722 -0.0146917 -0.00591078 0.0161385 -0.0146917 0.0791385 
0.0114608 -0.0202803 0.00452763 -0.00586624 -0.0202803 0.0952514 -0.00586158 0.0160381 0.00452763 -0.00586158 0.00757754 -0.0148275 -0.00586624 0.0160381 -0.0148275 0.079409 
0.0114746 -0.0202021 0.00453343 -0.00583835 -0.0202021 0.0950142 -0.0058236 0.0159144 0.00453343 -0.0058236 0.00754691 -0.0149113 -0.00583835 0.0159144 -0.0149113 0.079624 
0.0114821 -0.0202312 0.00455065 -0.00584845 -0.0202312 0.0950137 -0.00583639 0.0158905 0.00455065 -0.00583639 0.00753841 -0.0148921 -0.00584845 0.0158905 -0.0148921 0.0797359 
0.011478 -0.0202221 0.00454324 -0.00587257 -0.0202221 0.0949757 -0.00586599 0.0159353 0.00454324 -0.00586599 0.00752113 -0.0148734 -0.00587257 0.0159353 -0.0148734 0.0796986 
0.0114645 -0.0202066 0.00451257 -0.00586113 -0.0202066 0.0948942 -0.0058604 0.0159467 0.00451257 -0.0058604 0.00750778 -0.0148302 -0.00586113 0.0159467 -0.0148302 0.079558 
0.0115112 -0.0202268 0.00451428 -0.00582266 -0.0202268 0.0949811 -0.00582781 0.015898 0.00451428 -0.00582781 0.0074716 -0.0148079 -0.00582266 0.015898 -0.0148079 0.0794985 
0.011513 -0.0202596 0.00452935 -0.00582244 -0.0202596 0.0950176 -0.00583213 0.0158728 0.00452935 -0.00583213 0.00748147 -0.0147675 -0.00582244 0.0158728 -0.0147675 0.0794012 
0.0115111 -0.020219 0.00455663 -0.00586072 -0.020219 0.0949091 -0.00586661 0.0159442 0.00455663 -0.00586661 0.0075009 -0.0148144 -0.00586072 0.0159442 -0.0148144 0.0794528 
0.0115369 -0.0202629 0.00457324 -0.00588774 -0.0202629 0.0950086 -0.00588913 0.0160087 0.00457324 -0.00588913 0.00750124 -0.0148249 -0.00588774 0.0160087 -0.0148249 0.0795115 
0.0115454 -0.0202958 0.00458671 -0.00590961 -0.0202958 0.0951148 -0.00590772 0.0160645 0.00458671 -0.00590772 0.00750417 -0.0148387 -0.00590961 0.0160645 -0.0148387 0.0795776 
0.0115662 -0.0202791 0.00459545 -0.00591837 -0.0202791 0.0950519 -0.00591788 0.0160897 0.00459545 -0.00591788 0.00745557 -0.0148356 -0.00591837 0.0160897 -0.0148356 0.0795478 
0.0115919 -0.0203082 0.00460629 -0.00594063 -0.0203082 0.0951025 -0.0059452 0.016151 0.00460629 -0.0059452 0.00744865 -0.0148069 -0.00594063 0.016151 -0.0148069 0.0795591 
0.0115897 -0.0203777 0.00461538 -0.0059458 -0.0203777 0.0953152 -0.00595747 0.0161864 0.00461538 -0.00595747 0.00748831 -0.0147864 -0.0059458 0.0161864 -0.0147864 0.0795353 
0.011587 -0.0203418 0.0046322 -0.00595549 -0.0203418 0.0952657 -0.00596284 0.0162039 0.0046322 -0.00596284 0.00750009 -0.0148365 -0.00595549 0.0162039 -0.0148365 0.0795611 
0.0115781 -0.0203804 0.00463872 -0.00597627 -0.0203804 0.0953961 -0.00597891 0.0162367 0.00463872 -0.00597891 0.00754245 -0.0148675 -0.00597627 0.0162367 -0.0148675 0.0797038 
0.0115482 -0.0203686 0.00461349 -0.00597213 -0.0203686 0.0954134 -0.00597151 0.0162259 0.00461349 -0.00597151 0.00757663 -0.0149016 -0.00597213 0.0162259 -0.0149016 0.0797643 
0.0115009 -0.0203498 0.00460953 -0.00593339 -0.0203498 0.0954132 -0.00593086 0.0161476 0.00460953 -0.00593086 0.00760422 -0.0149342 -0.00593339 0.0161476 -0.0149342 0.0798365 
0.0114102 -0.0202504 0.004575 -0.00592221 -0.0202504 0.0951514 -0.00591662 0.0160767 0.004575 -0.00591662 0.0076624 -0.0149584 -0.00592221 0.0160767 -0.0149584 0.0798405 
0.0113266 -0.0201585 0.00455251 -0.00589001 -0.0201585 0.0949521 -0.00588133 0.0160123 0.00455251 -0.00588133 0.00773971 -0.0150336 -0.00589001 0.0160123 -0.0150336 0.0799923 
0.0112675 -0.0200832 0.00454383 -0.00586575 -0.0200832 0.0948263 -0.00585119 0.0159414 0.00454383 -0.00585119 0.0078156 -0.0151339 -0.00586575 0.0159414 -0.0151339 0.080264 
0.0112671 -0.0199523 0.00457063 -0.00584498 -0.0199523 0.0944148 -0.00582487 0.0158597 0.00457063 -0.00582487 0.00779049 -0.0151996 -0.00584498 0.0158597 -0.0151996 0.0803636 
0.0113453 -0.0199793 0.00461696 -0.00589256 -0.0199793 0.0943861 -0.00587548 0.0159238 0.00461696 -0.00587548 0.00772767 -0.0152033 -0.00589256 0.0159238 -0.0152033 0.0805156 
0.0113535 -0.0200517 0.00460746 -0.00594725 -0.0200517 0.0944482 -0.00594355 0.0160637 0.00460746 -0.00594355 0.00773837 -0.0151195 -0.00594725 0.0160637 -0.0151195 0.0803912 
0.0113218 -0.0201183 0.00457586 -0.00591693 -0.0201183 0.0946666 -0.00591956 0.0160713 0.00457586 -0.00591956 0.00777885 -0.0150722 -0.00591693 0.0160713 -0.0150722 0.0801666 
0.0112649 -0.0200891 0.00456577 -0.00586897 -0.0200891 0.0947041 -0.00586598 0.0159687 0.00456577 -0.00586598 0.00781921 -0.0151098 -0.00586897 0.0159687 -0.0151098 0.0801215 
0.0113212 -0.0200193 0.00455206 -0.00586479 -0.0200193 0.0946141 -0.00584969 0.0159033 0.00455206 -0.00584969 0.00776661 -0.0151852 -0.00586479 0.0159033 -0.0151852 0.0802938 
0.0113255 -0.0201077 0.00450923 -0.00583349 -0.0201077 0.0947268 -0.00582323 0.015828 0.00450923 -0.00582323 0.00774714 -0.0150955 -0.00583349 0.015828 -0.0150955 0.0802059 
0.0112927 -0.020056 0.00446726 -0.00579201 -0.020056 0.0946127 -0.00578848 0.0157519 0.00446726 -0.00578848 0.00774183 -0.0150988 -0.00579201 0.0157519 -0.0150988 0.0801556 
0.0112856 -0.0200169 0.00447465 -0.00575056 -0.0200169 0.0945359 -0.00575228 0.015671 0.00447465 -0.00575228 0.00774228 -0.0151253 -0.00575056 0.015671 -0.0151253 0.0802696 
0.0112701 -0.0199576 0.00448761 -0.00577691 -0.0199576 0.0943428 -0.00577905 0.0156921 0.00448761 -0.00577905 0.00775555 -0.0151704 -0.00577691 0.0156921 -0.0151704 0.0804406 
0.0112451 -0.0199312 0.0044708 -0.00578582 -0.0199312 0.0941849 -0.00578961 0.0157206 0.0044708 -0.00578961 0.00776688 -0.0151546 -0.00578582 0.0157206 -0.0151546 0.0804146 
0.0112278 -0.0199279 0.00447209 -0.00578087 -0.0199279 0.0942164 -0.00578574 0.0157473 0.00447209 -0.00578574 0.00781086 -0.015197 -0.00578087 0.0157473 -0.015197 0.0805571 
0.0111716 -0.0198461 0.00446487 -0.00577829 -0.0198461 0.09396 -0.00578094 0.015739 0.00446487 -0.00578094 0.00785785 -0.0152494 -0.00577829 0.015739 -0.0152494 0.0806268 
0.0111853 -0.0198228 0.0044777 -0.00576365 -0.0198228 0.0939058 -0.00576413 0.0157031 0.0044777 -0.00576413 0.00784903 -0.0152951 -0.00576365 0.0157031 -0.0152951 0.0807465 
0.0112268 -0.0198855 0.00448124 -0.00574138 -0.0198855 0.0940136 -0.00574449 0.0156147 0.00448124 -0.00574449 0.00779799 -0.0152042 -0.00574138 0.0156147 -0.0152042 0.080528 
0.0113073 -0.0199132 0.0044968 -0.00576536 -0.0199132 0.0940907 -0.00577053 0.0156422 0.0044968 -0.00577053 0.00772819 -0.0151758 -0.00576536 0.0156422 -0.0151758 0.0804298 
0.0113559 -0.0200393 0.00450425 -0.00579133 -0.0200393 0.094398 -0.00580356 0.0157186 0.00450425 -0.00580356 0.00771487 -0.0151107 -0.00579133 0.0157186 -0.0151107 0.0803641 
0.0113436 -0.0201245 0.00451966 -0.00576465 -0.0201245 0.0946541 -0.00578022 0.0156744 0.00451966 -0.00578022 0.00770803 -0.0150133 -0.00576465 0.0156744 -0.0150133 0.0800189 
0.0113445 -0.0201003 0.00454152 -0.00580335 -0.0201003 0.0947162 -0.00580647 0.0157124 0.00454152 -0.00580647 0.00770146 -0.015035 -0.00580335 0.0157124 -0.015035 0.0799688 
0.0113357 -0.020081 0.00456328 -0.00585208 -0.020081 0.0946756 -0.00584318 0.0158201 0.00456328 -0.00584318 0.00771314 -0.0150572 -0.00585208 0.0158201 -0.0150572 0.0800514 
0.011381 -0.0200382 0.00458934 -0.00588781 -0.0200382 0.0945267 -0.00587476 0.015928 0.00458934 -0.00587476 0.00766118 -0.0150817 -0.00588781 0.015928 -0.0150817 0.0801132 
0.0114102 -0.0200893 0.00461472 -0.00592289 -0.0200893 0.094541 -0.00591678 0.0160381 0.00461472 -0.00591678 0.00763287 -0.0150324 -0.00592289 0.0160381 -0.0150324 0.0800874 
0.011393 -0.0201419 0.00461347 -0.00597052 -0.0201419 0.0947259 -0.00597338 0.0161877 0.00461347 -0.00597338 0.00769328 -0.0150427 -0.00597052 0.0161877 -0.0150427 0.0801922 
0.0113334 -0.0201048 0.00459521 -0.00593856 -0.0201048 0.0946368 -0.00594204 0.0161676 0.00459521 -0.00594204 0.00773538 -0.0150522 -0.00593856 0.0161676 -0.0150522 0.0800824 
0.0113114 -0.0200464 0.00458027 -0.00592891 -0.0200464 0.0945613 -0.00592568 0.0161346 0.00458027 -0.00592568 0.00777045 -0.0151429 -0.00592891 0.0161346 -0.0151429 0.0802835 
0.0113054 -0.0200612 0.00454888 -0.00588854 -0.0200612 0.0946051 -0.0058836 0.0160322 0.00454888 -0.0058836 0.00778116 -0.015149 -0.00588854 0.0160322 -0.015149 0.0803502 
0.0112126 -0.0200486 0.00449662 -0.00583379 -0.0200486 0.0945736 -0.00583226 0.0158885 0.00449662 -0.00583226 0.00784063 -0.0151343 -0.00583379 0.0158885 -0.0151343 0.0802813 
0.0111158 -0.0199128 0.00447739 -0.00579247 -0.0199128 0.0943496 -0.00578407 0.0157796 0.00447739 -0.00578407 0.00794002 -0.0152538 -0.00579247 0.0157796 -0.0152538 0.0805144 
0.0111087 -0.0197332 0.00447565 -0.00578808 -0.0197332 0.0938744 -0.00576839 0.0157298 0.00447565 -0.00576839 0.00796112 -0.0154216 -0.00578808 0.0157298 -0.0154216 0.0809324 
0.0111636 -0.0197495 0.00447007 -0.00578356 -0.0197495 0.09377 -0.00576978 0.0157143 0.00447007 -0.00576978 0.00794967 -0.0154625 -0.00578356 0.0157143 -0.0154625 0.0812319 
0.0112302 -0.0198754 0.00445855 -0.0057304 -0.0198754 0.0940018 -0.00573496 0.0156031 0.00445855 -0.00573496 0.00788618 -0.0153661 -0.0057304 0.0156031 -0.0153661 0.0810529 
0.0111328 -0.0199114 0.00442926 -0.00571014 -0.0199114 0.0940605 -0.00572672 0.0155279 0.00442926 -0.00572672 0.00795129 -0.0152946 -0.00571014 0.0155279 -0.0152946 0.0808098 
0.0110873 -0.0198558 0.00440469 -0.00567937 -0.0198558 0.0941342 -0.00568692 0.0154452 0.00440469 -0.00568692 0.00799549 -0.0153654 -0.00567937 0.0154452 -0.0153654 0.0808598 
0.0110338 -0.0197793 0.00438685 -0.00564454 -0.0197793 0.0939658 -0.00563884 0.0153318 0.00438685 -0.00563884 0.00802881 -0.0154049 -0.00564454 0.0153318 -0.0154049 0.0809244 
0.0110463 -0.0197114 0.00437932 -0.00564001 -0.0197114 0.093821 -0.00562556 0.0152868 0.00437932 -0.00562556 0.00801686 -0.0154741 -0.00564001 0.0152868 -0.0154741 0.0811302 
0.01103 -0.019647 0.00437615 -0.00565609 -0.019647 0.09354 -0.00564554 0.0153292 0.00437615 -0.00564554 0.00804513 -0.0155238 -0.00565609 0.0153292 -0.0155238 0.0813536 
0.0110704 -0.0196859 0.00439422 -0.0056254 -0.0196859 0.09358 -0.00562467 0.0152883 0.00439422 -0.00562467 0.00800573 -0.0154987 -0.0056254 0.0152883 -0.0154987 0.0813287 
0.0111143 -0.0197423 0.00441405 -0.00562627 -0.0197423 0.0936732 -0.00563269 0.0152528 0.00441405 -0.00563269 0.00795321 -0.0154125 -0.00562627 0.0152528 -0.0154125 0.0810984 
0.011121 -0.0197833 0.00439043 -0.00566459 -0.0197833 0.0937618 -0.0056724 0.0153217 0.00439043 -0.0056724 0.00795044 -0.0153657 -0.00566459 0.0153217 -0.0153657 0.0809436 
0.0111133 -0.0197812 0.00438443 -0.00565737 -0.0197812 0.0938056 -0.00566347 0.0153683 0.00438443 -0.00566347 0.00794951 -0.0154051 -0.00565737 0.0153683 -0.0154051 0.0810226 
0.0111186 -0.0197905 0.00436957 -0.00562451 -0.0197905 0.093842 -0.00563419 0.0153012 0.00436957 -0.00563419 0.00792053 -0.0153687 -0.00562451 0.0153012 -0.0153687 0.0809512 
0.0110799 -0.0197717 0.0043598 -0.00561788 -0.0197717 0.0937988 -0.00563 0.0152727 0.0043598 -0.00563 0.00795168 -0.0153582 -0.00561788 0.0152727 -0.0153582 0.0809369 
0.0110046 -0.0197591 0.00433127 -0.00560136 -0.0197591 0.0938295 -0.00561014 0.0152306 0.00433127 -0.00561014 0.00804044 -0.0153725 -0.00560136 0.0152306 -0.0153725 0.0809448 
0.0109679 -0.0196577 0.00431223 -0.00555686 -0.0196577 0.0936231 -0.00555241 0.0151174 0.00431223 -0.00555241 0.00805907 -0.0154369 -0.00555686 0.0151174 -0.0154369 0.0809513 
0.0109491 -0.0196154 0.00427297 -0.00553692 -0.0196154 0.0934748 -0.00552342 0.015028 0.00427297 -0.00552342 0.0080652 -0.0154664 -0.00553692 0.015028 -0.0154664 0.0810361 
0.0108773 -0.0195632 0.00425128 -0.00550969 -0.0195632 0.0933243 -0.0054971 0.014979 0.00425128 -0.0054971 0.0081261 -0.0155237 -0.00550969 0.014979 -0.0155237 0.0812344 
0.0108306 -0.0194715 0.00423601 -0.00547464 -0.0194715 0.0931058 -0.00546233 0.0148913 0.00423601 -0.00546233 0.00814943 -0.0155787 -0.00547464 0.0148913 -0.0155787 0.0813576 
0.0107906 -0.0194006 0.0042176 -0.00545038 -0.0194006 0.0928591 -0.00543812 0.0148112 0.0042176 -0.00543812 0.00816581 -0.015585 -0.00545038 0.0148112 -0.015585 0.0813679 
0.0108377 -0.0193462 0.0042629 -0.0054413 -0.0193462 0.0926948 -0.00543079 0.0147879 0.0042629 -0.00543079 0.00812422 -0.0156285 -0.0054413 0.0147879 -0.0156285 0.081486 
0.0108429 -0.0194141 0.00428434 -0.00548826 -0.0194141 0.0927435 -0.00548304 0.0148494 0.00428434 -0.00548304 0.0081166 -0.0155555 -0.00548826 0.0148494 -0.0155555 0.0813903 
0.010902 -0.019449 0.00428731 -0.00550901 -0.019449 0.0928653 -0.00550624 0.0149179 0.00428731 -0.00550624 0.00806113 -0.0155006 -0.00550901 0.0149179 -0.0155006 0.0811771 
0.0109871 -0.0195544 0.00427702 -0.00550868 -0.0195544 0.0931311 -0.00550695 0.0149458 0.00427702 -0.00550695 0.00797003 -0.0154161 -0.00550868 0.0149458 -0.0154161 0.0809652 
0.0109923 -0.0196018 0.00426646 -0.00550113 -0.0196018 0.0932059 -0.00550905 0.0149604 0.00426646 -0.00550905 0.00792316 -0.015326 -0.00550113 0.0149604 -0.015326 0.0807242 
0.0110407 -0.0196294 0.00430397 -0.00550046 -0.0196294 0.0933603 -0.00551279 0.0149807 0.00430397 -0.00551279 0.00787417 -0.015293 -0.00550046 0.0149807 -0.015293 0.0806569 
0.0110869 -0.0196842 0.00429693 -0.00554274 -0.0196842 0.0934846 -0.00555406 0.0150462 0.00429693 -0.00555406 0.00782813 -0.0152171 -0.00554274 0.0150462 -0.0152171 0.0804921 
0.0111113 -0.019688 0.00431424 -0.00555122 -0.019688 0.0934395 -0.00556366 0.0151197 0.00431424 -0.00556366 0.00779849 -0.0151733 -0.00555122 0.0151197 -0.0151733 0.0803343 
0.0110856 -0.0197496 0.0043193 -0.00556853 -0.0197496 0.0935795 -0.00558131 0.0151678 0.0043193 -0.00558131 0.00784244 -0.0151294 -0.00556853 0.0151678 -0.0151294 0.0802189 
0.0111001 -0.0197198 0.00433413 -0.00558369 -0.0197198 0.0935986 -0.00558349 0.0152062 0.00433413 -0.00558349 0.00784382 -0.0151905 -0.00558369 0.0152062 -0.0151905 0.0802789 
0.0111266 -0.0197364 0.00434266 -0.00561109 -0.0197364 0.0936363 -0.00560269 0.0152617 0.00434266 -0.00560269 0.00784669 -0.0152263 -0.00561109 0.0152617 -0.0152263 0.0804449 
0.0111164 -0.0197163 0.00433145 -0.00562318 -0.0197163 0.0935039 -0.00561598 0.0153046 0.00433145 -0.00561598 0.0078373 -0.015243 -0.00562318 0.0153046 -0.015243 0.0804995 
0.011135 -0.0197489 0.00433817 -0.00561119 -0.0197489 0.0936256 -0.00561152 0.0153139 0.00433817 -0.00561152 0.00783026 -0.015258 -0.00561119 0.0153139 -0.015258 0.0806391 
0.0111276 -0.0197272 0.00434018 -0.00561537 -0.0197272 0.0935477 -0.00562337 0.0153204 0.00434018 -0.00562337 0.00783421 -0.0152568 -0.00561537 0.0153204 -0.0152568 0.0806624 
0.0112042 -0.0197401 0.00436548 -0.00561314 -0.0197401 0.09358 -0.00562571 0.0153227 0.00436548 -0.00562571 0.00777869 -0.0152537 -0.00561314 0.0153227 -0.0152537 0.0806704 
0.0112874 -0.0198975 0.00438286 -0.00560688 -0.0198975 0.0939183 -0.00562633 0.0152809 0.00438286 -0.00562633 0.00770987 -0.0151172 -0.00560688 0.0152809 -0.0151172 0.0803722 
0.0113218 -0.0199674 0.00440139 -0.00563713 -0.0199674 0.0941138 -0.00565926 0.0153266 0.00440139 -0.00565926 0.00766895 -0.0150477 -0.00563713 0.0153266 -0.0150477 0.0801162 
0.0113623 -0.0200417 0.00441649 -0.00566965 -0.0200417 0.0943839 -0.00568819 0.0154062 0.00441649 -0.00568819 0.00764276 -0.0150112 -0.00566965 0.0154062 -0.0150112 0.0800179 
0.011329 -0.0200526 0.00441813 -0.00569589 -0.0200526 0.0944253 -0.00570938 0.0154789 0.00441813 -0.00570938 0.00767728 -0.0149912 -0.00569589 0.0154789 -0.0149912 0.0799356 
0.0112703 -0.0200506 0.0044146 -0.00568814 -0.0200506 0.0944938 -0.00569507 0.0154772 0.0044146 -0.00569507 0.00773092 -0.0150069 -0.00568814 0.0154772 -0.0150069 0.0799072 
