0.0101863 0 -0.00181599 0 0 0.00999416 0 0 -0.00181599 0 0.00365389 0 0 0 0 0.00999416 
0.0141483 -0.0175078 -0.00276819 0.00341686 -0.0175078 0.0427422 0.00341686 -0.00655084 -0.00276819 0.00341686 0.00543052 -0.00679134 0.00341686 -0.00655084 -0.00679134 0.0221945 
0.0137484 -0.0248642 -0.00257673 0.00456625 -0.0248642 0.0884553 0.00456625 -0.0146101 -0.00257673 0.00456625 0.00580994 -0.0115764 0.00456625 -0.0146101 -0.0115764 0.0462446 
0.012883 -0.0230419 -0.00221588 0.00347331 -0.0230419 0.0988727 0.00348283 -0.0132191 -0.00221588 0.00348283 0.00562879 -0.0128662 0.00347331 -0.0132191 -0.0128662 0.0626112 
0.0130122 -0.0220031 -0.00223911 0.00291683 -0.0220031 0.0988006 0.00292711 -0.0103965 -0.00223911 0.00292711 0.00553513 -0.0129781 0.00291683 -0.0103965 -0.0129781 0.0707921 
0.0133371 -0.0222152 -0.00229857 0.00297318 -0.0222152 0.0993284 0.00296657 -0.00915269 -0.00229857 0.00296657 0.00557161 -0.0127991 0.00297318 -0.00915269 -0.0127991 0.0736865 
0.0135377 -0.0225533 -0.0023916 0.00314116 -0.0225533 0.100369 0.0031209 -0.00905944 -0.0023916 0.0031209 0.0056376 -0.0127571 0.00314116 -0.00905944 -0.0127571 0.074542 
0.0135957 -0.0226664 -0.0024643 0.00327625 -0.0226664 0.100798 0.00325604 -0.00926812 -0.0024643 0.00325604 0.00568083 -0.0127454 0.00327625 -0.00926812 -0.0127454 0.0746067 
0.0135997 -0.0227334 -0.00247941 0.00338505 -0.0227334 0.101086 0.00337362 -0.00956169 -0.00247941 0.00337362 0.00574544 -0.0128006 0.00338505 -0.00956169 -0.0128006 0.0747509 
0.0135554 -0.0226719 -0.00254882 0.0034285 -0.0226719 0.100947 0.00342754 -0.00979865 -0.00254882 0.00342754 0.00576132 -0.0128898 0.0034285 -0.00979865 -0.0128898 0.0749037 
0.0135286 -0.0226559 -0.00260877 0.00348582 -0.0226559 0.100911 0.0034874 -0.00993744 -0.00260877 0.0034874 0.00578043 -0.0129126 0.00348582 -0.00993744 -0.0129126 0.0750418 
0.0135441 -0.0226851 -0.00264279 0.00352155 -0.0226851 0.101053 0.00351725 -0.00999735 -0.00264279 0.00351725 0.00580625 -0.0129194 0.00352155 -0.00999735 -0.0129194 0.0751262 
0.0135553 -0.0226915 -0.00269039 0.00357769 -0.0226915 0.101105 0.00356499 -0.0101175 -0.00269039 0.00356499 0.00583778 -0.0129645 0.00357769 -0.0101175 -0.0129645 0.0752431 
0.0135223 -0.0226584 -0.00272891 0.00366987 -0.0226584 0.101 0.00365371 -0.0103508 -0.00272891 0.00365371 0.00584991 -0.013033 0.00366987 -0.0103508 -0.013033 0.0754137 
0.0135251 -0.0226524 -0.00273478 0.00368682 -0.0226524 0.100997 0.00367116 -0.0104315 -0.00273478 0.00367116 0.0058377 -0.0130365 0.00368682 -0.0104315 -0.0130365 0.0754936 
0.0134806 -0.0226275 -0.00272796 0.00371253 -0.0226275 0.100913 0.00370251 -0.0105274 -0.00272796 0.00370251 0.00584599 -0.0130318 0.00371253 -0.0105274 -0.0130318 0.0755143 
0.0134544 -0.0225755 -0.00273572 0.00369323 -0.0225755 0.100795 0.00368664 -0.0105225 -0.00273572 0.00368664 0.00585272 -0.0130227 0.00369323 -0.0105225 -0.0130227 0.0754683 
0.013424 -0.0225248 -0.0027869 0.00372132 -0.0225248 0.100646 0.00371405 -0.0105807 -0.0027869 0.00371405 0.00585879 -0.0130382 0.00372132 -0.0105807 -0.0130382 0.0754857 
0.013432 -0.0224869 -0.00280708 0.00376623 -0.0224869 0.100499 0.00375752 -0.010653 -0.00280708 0.00375752 0.00582247 -0.0130177 0.00376623 -0.010653 -0.0130177 0.0754055 
0.0134817 -0.0225599 -0.00279407 0.00375387 -0.0225599 0.100657 0.00374864 -0.0106255 -0.00279407 0.00374864 0.00579982 -0.0129443 0.00375387 -0.0106255 -0.0129443 0.0752587 
0.0135231 -0.0226352 -0.00278266 0.00373358 -0.0226352 0.100879 0.00373543 -0.0105852 -0.00278266 0.00373543 0.00579892 -0.0129156 0.00373358 -0.0105852 -0.0129156 0.075152 
0.0135151 -0.0226241 -0.00282666 0.00375551 -0.0226241 0.100844 0.00376232 -0.0106535 -0.00282666 0.00376232 0.00579377 -0.0129386 0.00375551 -0.0106535 -0.0129386 0.0751316 
0.013584 -0.0226891 -0.00284678 0.00376768 -0.0226891 0.10106 0.00377255 -0.0106417 -0.00284678 0.00377255 0.00577425 -0.012924 0.00376768 -0.0106417 -0.012924 0.0751542 
0.013599 -0.0227539 -0.00282915 0.00380503 -0.0227539 0.101215 0.00381052 -0.0107175 -0.00282915 0.00381052 0.00577826 -0.0129127 0.00380503 -0.0107175 -0.0129127 0.0751448 
0.0135637 -0.0227362 -0.00282941 0.00381356 -0.0227362 0.101193 0.00381998 -0.0108036 -0.00282941 0.00381998 0.00579098 -0.012936 0.00381356 -0.0108036 -0.012936 0.0751704 
0.0135733 -0.0227231 -0.00281959 0.0038059 -0.0227231 0.101229 0.00381043 -0.0108029 -0.00281959 0.00381043 0.00576842 -0.0129604 0.0038059 -0.0108029 -0.0129604 0.0752757 
0.0135823 -0.0227225 -0.0028084 0.00376649 -0.0227225 0.101178 0.00376968 -0.0107024 -0.0028084 0.00376968 0.00574829 -0.0129027 0.00376649 -0.0107024 -0.0129027 0.0751566 
0.0135996 -0.0227537 -0.00286113 0.00376897 -0.0227537 0.101278 0.00377346 -0.0106854 -0.00286113 0.00377346 0.00574883 -0.0128905 0.00376897 -0.0106854 -0.0128905 0.0751354 
0.0136065 -0.0227475 -0.00286297 0.00384488 -0.0227475 0.101254 0.00384429 -0.0108096 -0.00286297 0.00384429 0.00573714 -0.0128889 0.00384488 -0.0108096 -0.0128889 0.0750923 
0.0135597 -0.0227369 -0.00292657 0.00386017 -0.0227369 0.101181 0.00386008 -0.0109159 -0.00292657 0.00386008 0.00576095 -0.0128708 0.00386017 -0.0109159 -0.0128708 0.0750236 
0.0135343 -0.022731 -0.00298249 0.00390891 -0.022731 0.101234 0.00390293 -0.0109753 -0.00298249 0.00390293 0.00581688 -0.0128845 0.00390891 -0.0109753 -0.0128845 0.0750262 
0.0135358 -0.0227017 -0.00295955 0.00397507 -0.0227017 0.101199 0.00395388 -0.011087 -0.00295955 0.00395388 0.00585937 -0.012953 0.00397507 -0.011087 -0.012953 0.0751311 
0.01353 -0.0226668 -0.00295111 0.00397998 -0.0226668 0.101076 0.00395563 -0.0111851 -0.00295111 0.00395563 0.00588784 -0.0130449 0.00397998 -0.0111851 -0.0130449 0.0753694 
0.0135106 -0.0226427 -0.00291335 0.00397999 -0.0226427 0.100977 0.00396338 -0.0112337 -0.00291335 0.00396338 0.00589617 -0.0131141 0.00397999 -0.0112337 -0.0131141 0.0756269 
0.0134588 -0.0225653 -0.00290406 0.00396816 -0.0225653 0.100744 0.00396354 -0.0112915 -0.00290406 0.00396354 0.00586878 -0.0131525 0.00396816 -0.0112915 -0.0131525 0.0758028 
0.0134805 -0.0225715 -0.00290858 0.00389143 -0.0225715 0.100756 0.00389679 -0.0111131 -0.00290858 0.00389679 0.0058175 -0.013068 0.00389143 -0.0111131 -0.013068 0.0757051 
0.0134876 -0.0226004 -0.00289207 0.00388744 -0.0226004 0.100805 0.00389744 -0.0110259 -0.00289207 0.00389744 0.00580351 -0.012974 0.00388744 -0.0110259 -0.012974 0.075457 
0.0134624 -0.0225857 -0.00293963 0.00390213 -0.0225857 0.100784 0.00391061 -0.0110726 -0.00293963 0.00391061 0.00581782 -0.0129586 0.00390213 -0.0110726 -0.0129586 0.0753178 
0.0134659 -0.0226091 -0.00295957 0.0039244 -0.0226091 0.100899 0.00392674 -0.0110682 -0.00295957 0.00392674 0.00583685 -0.0129496 0.0039244 -0.0110682 -0.0129496 0.0752552 
0.0134448 -0.0225698 -0.00295516 0.00396121 -0.0225698 0.100779 0.00395429 -0.0111344 -0.00295516 0.00395429 0.00584936 -0.0129667 0.00396121 -0.0111344 -0.0129667 0.0751988 
0.013454 -0.0225597 -0.00293169 0.00396162 -0.0225597 0.100752 0.00395262 -0.0111664 -0.00293169 0.00395262 0.00585236 -0.0129976 0.00396162 -0.0111664 -0.0129976 0.0752737 
0.0134391 -0.0225469 -0.00298442 0.00396358 -0.0225469 0.100716 0.00396044 -0.0112265 -0.00298442 0.00396044 0.005848 -0.0130389 0.00396358 -0.0112265 -0.0130389 0.0754364 
0.013435 -0.0225388 -0.00299082 0.00398931 -0.0225388 0.100671 0.00398741 -0.011234 -0.00299082 0.00398741 0.00583703 -0.0129982 0.00398931 -0.011234 -0.0129982 0.075366 
0.013438 -0.0225336 -0.00297432 0.00401471 -0.0225336 0.100657 0.00401214 -0.0113088 -0.00297432 0.00401214 0.00582315 -0.0129872 0.00401471 -0.0113088 -0.0129872 0.0753246 
0.013441 -0.0225406 -0.00298089 0.00399589 -0.0225406 0.100672 0.00399835 -0.0113177 -0.00298089 0.00399835 0.00581171 -0.0129669 0.00399589 -0.0113177 -0.0129669 0.0752792 
0.013397 -0.0225566 -0.00298768 0.00399304 -0.0225566 0.100732 0.00399932 -0.0112994 -0.00298768 0.00399932 0.00583806 -0.0129448 0.00399304 -0.0112994 -0.0129448 0.0752255 
0.0133652 -0.022521 -0.00298554 0.00398242 -0.022521 0.100718 0.00398072 -0.0112411 -0.00298554 0.00398072 0.00586657 -0.0129527 0.00398242 -0.0112411 -0.0129527 0.0751793 
0.0133168 -0.0224388 -0.00295048 0.00401278 -0.0224388 0.100511 0.00399978 -0.0112925 -0.00295048 0.00399978 0.00589706 -0.0130044 0.00401278 -0.0112925 -0.0130044 0.0752548 
0.0132745 -0.0223434 -0.00297576 0.00399331 -0.0223434 0.10022 0.00397739 -0.0113155 -0.00297576 0.00397739 0.00590241 -0.0130556 0.00399331 -0.0113155 -0.0130556 0.0753729 
0.0132898 -0.022324 -0.00302051 0.00400727 -0.022324 0.100145 0.00399364 -0.0113163 -0.00302051 0.00399364 0.00587749 -0.0130573 0.00400727 -0.0113163 -0.0130573 0.0754588 
0.0132884 -0.0223392 -0.0030393 0.00405916 -0.0223392 0.100125 0.0040488 -0.0114055 -0.0030393 0.0040488 0.00587131 -0.0130084 0.00405916 -0.0114055 -0.0130084 0.0753771 
0.0133003 -0.0223554 -0.00303441 0.00406991 -0.0223554 0.100174 0.00406466 -0.0114602 -0.00303441 0.00406466 0.00585926 -0.0129726 0.00406991 -0.0114602 -0.0129726 0.0752388 
0.0133375 -0.022381 -0.00302586 0.00405054 -0.022381 0.100241 0.00404932 -0.0114373 -0.00302586 0.00404932 0.00583603 -0.012941 0.00405054 -0.0114373 -0.012941 0.0751119 
0.0133831 -0.022471 -0.00301335 0.00400936 -0.022471 0.100481 0.0040135 -0.0113265 -0.00301335 0.0040135 0.00584596 -0.0129009 0.00400936 -0.0113265 -0.0129009 0.075008 
0.0133948 -0.0224938 -0.0029809 0.0039941 -0.0224938 0.100532 0.00399807 -0.0112563 -0.0029809 0.00399807 0.00585994 -0.0129144 0.0039941 -0.0112563 -0.0129144 0.0749358 
0.0134495 -0.0225307 -0.00297211 0.00395609 -0.0225307 0.100658 0.00395878 -0.0111718 -0.00297211 0.00395878 0.00584913 -0.0129618 0.00395609 -0.0111718 -0.0129618 0.0750568 
0.0135203 -0.0225811 -0.00296113 0.00395827 -0.0225811 0.100765 0.00396209 -0.0111538 -0.00296113 0.00396209 0.00582182 -0.0129865 0.00395827 -0.0111538 -0.0129865 0.0752036 
0.0135638 -0.0226518 -0.00295789 0.00395122 -0.0226518 0.100888 0.0039638 -0.0111614 -0.00295789 0.0039638 0.00578284 -0.012971 0.00395122 -0.0111614 -0.012971 0.0752436 
0.0136066 -0.0227448 -0.0029444 0.00395367 -0.0227448 0.101198 0.00397495 -0.0111872 -0.0029444 0.00397495 0.0057691 -0.0129514 0.00395367 -0.0111872 -0.0129514 0.0753162 
0.013599 -0.0227916 -0.0029236 0.00391926 -0.0227916 0.10136 0.00394257 -0.0111217 -0.0029236 0.00394257 0.0057708 -0.0129118 0.00391926 -0.0111217 -0.0129118 0.0752214 
0.0135993 -0.022768 -0.00287817 0.00390232 -0.022768 0.101356 0.00391925 -0.011067 -0.00287817 0.00391925 0.00577364 -0.0129152 0.00390232 -0.011067 -0.0129152 0.0751728 
0.0136273 -0.0227597 -0.00289556 0.00384466 -0.0227597 0.101307 0.00385649 -0.0109467 -0.00289556 0.00385649 0.00575818 -0.0129149 0.00384466 -0.0109467 -0.0129149 0.075141 
0.013647 -0.0228014 -0.00296975 0.00387947 -0.0228014 0.101392 0.00388995 -0.0109628 -0.00296975 0.00388995 0.00575652 -0.0129228 0.00387947 -0.0109628 -0.0129228 0.0752037 
0.0136114 -0.0228088 -0.00305499 0.00397115 -0.0228088 0.10139 0.00397567 -0.0111166 -0.00305499 0.00397567 0.00575691 -0.0129116 0.00397115 -0.0111166 -0.0129116 0.0751619 
0.0135967 -0.0227689 -0.0030638 0.00410809 -0.0227689 0.101362 0.00410052 -0.011428 -0.0030638 0.00410052 0.00574472 -0.0129283 0.00410809 -0.011428 -0.0129283 0.075216 
0.0135947 -0.0227713 -0.00302882 0.00407761 -0.0227713 0.101336 0.00406915 -0.0114582 -0.00302882 0.00406915 0.00574413 -0.0128655 0.00407761 -0.0114582 -0.0128655 0.0750621 
0.0136191 -0.0228087 -0.00302121 0.00403978 -0.0228087 0.101507 0.00403542 -0.0114012 -0.00302121 0.00403542 0.00576124 -0.0128819 0.00403978 -0.0114012 -0.0128819 0.0751029 
0.0136008 -0.0228071 -0.00303412 0.00402224 -0.0228071 0.101496 0.00401953 -0.0113358 -0.00303412 0.00401953 0.00580279 -0.0128979 0.00402224 -0.0113358 -0.0128979 0.0751058 
0.0135438 -0.0227546 -0.00307531 0.00404925 -0.0227546 0.101344 0.00404071 -0.011362 -0.00307531 0.00404071 0.00585217 -0.0129576 0.00404925 -0.011362 -0.0129576 0.0751794 
0.0135295 -0.0227051 -0.00309277 0.00410017 -0.0227051 0.101251 0.00408065 -0.0114425 -0.00309277 0.00408065 0.00588839 -0.0130354 0.00410017 -0.0114425 -0.0130354 0.0753871 
0.0135563 -0.0226514 -0.00311264 0.00416283 -0.0226514 0.101088 0.00413962 -0.0116272 -0.00311264 0.00413962 0.0058373 -0.0131199 0.00416283 -0.0116272 -0.0131199 0.075664 
0.0136078 -0.022726 -0.00314006 0.00414128 -0.022726 0.101191 0.00413073 -0.0116229 -0.00314006 0.00413073 0.00579964 -0.0130344 0.00414128 -0.0116229 -0.0130344 0.0756329 
0.013632 -0.0227956 -0.00317677 0.00416094 -0.0227956 0.101359 0.00416261 -0.011643 -0.00317677 0.00416261 0.0057959 -0.0129647 0.00416094 -0.011643 -0.0129647 0.0754423 
0.0136584 -0.0228266 -0.00319102 0.00420817 -0.0228266 0.101472 0.00421079 -0.0117364 -0.00319102 0.00421079 0.00578869 -0.0129536 0.00420817 -0.0117364 -0.0129536 0.0753268 
0.013669 -0.0228574 -0.00322809 0.00425288 -0.0228574 0.101583 0.00425499 -0.0118847 -0.00322809 0.00425499 0.00579828 -0.0129764 0.00425288 -0.0118847 -0.0129764 0.0753879 
0.0136723 -0.022827 -0.00324227 0.00430759 -0.022827 0.101486 0.00431003 -0.0120371 -0.00324227 0.00431003 0.00576543 -0.0129884 0.00430759 -0.0120371 -0.0129884 0.0753856 
0.0136822 -0.0228574 -0.0032775 0.00434081 -0.0228574 0.101573 0.00434592 -0.0121764 -0.0032775 0.00434592 0.00573437 -0.0129707 0.00434081 -0.0121764 -0.0129707 0.0754403 
0.0136592 -0.022854 -0.0033471 0.00437723 -0.022854 0.101564 0.00438687 -0.0122791 -0.0033471 0.00438687 0.00569393 -0.0129084 0.00437723 -0.0122791 -0.0129084 0.0752996 
0.0136598 -0.0228493 -0.00334647 0.00443997 -0.0228493 0.101573 0.00444485 -0.0123804 -0.00334647 0.00444485 0.00566388 -0.012817 0.00443997 -0.0123804 -0.012817 0.0750382 
0.0137097 -0.0229037 -0.00330484 0.00442139 -0.0229037 0.10176 0.00442451 -0.012376 -0.00330484 0.00442451 0.00566137 -0.0127529 0.00442139 -0.012376 -0.0127529 0.0748346 
0.0137008 -0.0229053 -0.00328982 0.00437303 -0.0229053 0.101697 0.00437929 -0.0122991 -0.00328982 0.00437929 0.00566835 -0.0127321 0.00437303 -0.0122991 -0.0127321 0.0746184 
0.0137194 -0.0229629 -0.0033038 0.00433739 -0.0229629 0.101912 0.00434339 -0.012182 -0.0033038 0.00434339 0.00571209 -0.0127641 0.00433739 -0.012182 -0.0127641 0.0746889 
0.013668 -0.0229283 -0.00334448 0.00437814 -0.0229283 0.101835 0.00437736 -0.0122204 -0.00334448 0.00437736 0.00577314 -0.0128404 0.00437814 -0.0122204 -0.0128404 0.074826 
0.0135986 -0.0228506 -0.00342482 0.00444942 -0.0228506 0.10166 0.00443569 -0.0123646 -0.00342482 0.00443569 0.00582695 -0.0129421 0.00444942 -0.0123646 -0.0129421 0.0750805 
0.0136053 -0.0227996 -0.00348178 0.00454202 -0.0227996 0.101575 0.00451537 -0.012541 -0.00348178 0.00451537 0.00584007 -0.0130217 0.00454202 -0.012541 -0.0130217 0.0753755 
0.0135906 -0.0227794 -0.00349479 0.00463633 -0.0227794 0.101474 0.00460704 -0.0128003 -0.00349479 0.00460704 0.00585654 -0.0130583 0.00463633 -0.0128003 -0.0130583 0.0755767 
0.0135786 -0.0227334 -0.00344604 0.0046574 -0.0227334 0.101309 0.00463643 -0.0129547 -0.00344604 0.00463643 0.00584491 -0.0130699 0.0046574 -0.0129547 -0.0130699 0.0756211 
0.013611 -0.0227228 -0.00346013 0.00458399 -0.0227228 0.101225 0.00457848 -0.0128926 -0.00346013 0.00457848 0.00579469 -0.0130432 0.00458399 -0.0128926 -0.0130432 0.0755744 
0.0136326 -0.0227876 -0.0034873 0.00458249 -0.0227876 0.10135 0.00459028 -0.0128426 -0.0034873 0.00459028 0.00577561 -0.0129773 0.00458249 -0.0128426 -0.0129773 0.0754685 
0.0136151 -0.0228184 -0.00349615 0.00459331 -0.0228184 0.101428 0.00460509 -0.0128253 -0.00349615 0.00460509 0.00579242 -0.0129183 0.00459331 -0.0128253 -0.0129183 0.0752425 
0.0136092 -0.0227965 -0.00347118 0.0046363 -0.0227965 0.101452 0.00464211 -0.0129252 -0.00347118 0.00464211 0.00579959 -0.0129616 0.0046363 -0.0129252 -0.0129616 0.0752678 
0.0136107 -0.0228044 -0.00349729 0.00459548 -0.0228044 0.101497 0.0045993 -0.012886 -0.00349729 0.0045993 0.0057991 -0.0129739 0.00459548 -0.012886 -0.0129739 0.0753342 
0.0135492 -0.0227939 -0.00357906 0.00463253 -0.0227939 0.101481 0.00463383 -0.0129149 -0.00357906 0.00463383 0.00584048 -0.0129807 0.00463253 -0.0129149 -0.0129807 0.075378 
0.0135161 -0.022705 -0.00360174 0.00474161 -0.022705 0.101314 0.00472922 -0.0130967 -0.00360174 0.00472922 0.00584719 -0.0130217 0.00474161 -0.0130967 -0.0130217 0.0754308 
0.0135641 -0.022697 -0.00357423 0.00474184 -0.022697 0.101253 0.00472407 -0.013143 -0.00357423 0.00472407 0.00580891 -0.0130021 0.00474184 -0.013143 -0.0130021 0.0754009 
0.0135998 -0.0227567 -0.00354081 0.00471916 -0.0227567 0.101349 0.00471066 -0.0131428 -0.00354081 0.00471066 0.00577831 -0.0129688 0.00471916 -0.0131428 -0.0129688 0.0753687 
0.013656 -0.0228187 -0.00349053 0.00465017 -0.0228187 0.101511 0.00465585 -0.0130097 -0.00349053 0.00465585 0.00574785 -0.0129118 0.00465017 -0.0130097 -0.0129118 0.0752312 
0.0136672 -0.0228758 -0.00348227 0.00460464 -0.0228758 0.101666 0.00461966 -0.0129162 -0.00348227 0.00461966 0.00576017 -0.0128947 0.00460464 -0.0129162 -0.0128947 0.0751761 
0.0136514 -0.0228528 -0.00352821 0.00460911 -0.0228528 0.101625 0.00462382 -0.0129035 -0.00352821 0.00462382 0.00576504 -0.0129164 0.00460911 -0.0129035 -0.0129164 0.0751635 
0.0136265 -0.0228263 -0.00357523 0.00468686 -0.0228263 0.101563 0.00469394 -0.0130418 -0.00357523 0.00469394 0.00576141 -0.0129388 0.00468686 -0.0130418 -0.0129388 0.0752344 
0.0135991 -0.0228057 -0.00364938 0.00472978 -0.0228057 0.1015 0.00473092 -0.013148 -0.00364938 0.00473092 0.00574592 -0.0129117 0.00472978 -0.013148 -0.0129117 0.0751816 
0.0135978 -0.0228125 -0.00364446 0.004802 -0.0228125 0.101552 0.00479539 -0.0132644 -0.00364446 0.00479539 0.00575849 -0.0128696 0.004802 -0.0132644 -0.0128696 0.0750879 
0.0135809 -0.0227918 -0.00358899 0.00480261 -0.0227918 0.101489 0.00479273 -0.0133268 -0.00358899 0.00479273 0.00578658 -0.0128705 0.00480261 -0.0133268 -0.0128705 0.0749925 
0.0135277 -0.0227734 -0.00360119 0.00475994 -0.0227734 0.101482 0.00475213 -0.01331 -0.00360119 0.00475213 0.00586956 -0.0129402 0.00475994 -0.01331 -0.0129402 0.0751489 
0.0135029 -0.0226652 -0.00358345 0.00476416 -0.0226652 0.101199 0.00474951 -0.0132728 -0.00358345 0.00474951 0.00586999 -0.013038 0.00476416 -0.0132728 -0.013038 0.0753131 
0.0135193 -0.0226842 -0.00356981 0.00474313 -0.0226842 0.101235 0.00472925 -0.0132332 -0.00356981 0.00472925 0.00587082 -0.0130716 0.00474313 -0.0132332 -0.0130716 0.0755694 
0.0135534 -0.0227054 -0.00352298 0.00468631 -0.0227054 0.101253 0.00467931 -0.0130828 -0.00352298 0.00467931 0.00584174 -0.0130377 0.00468631 -0.0130828 -0.0130377 0.0755308 
0.0135446 -0.0227089 -0.0035014 0.00465115 -0.0227089 0.101207 0.00465199 -0.0130079 -0.0035014 0.00465199 0.00582962 -0.0130138 0.00465115 -0.0130079 -0.0130138 0.0754584 
0.0135337 -0.022732 -0.00351991 0.00462857 -0.022732 0.101314 0.00463312 -0.0129515 -0.00351991 0.00463312 0.00586113 -0.013011 0.00462857 -0.0129515 -0.013011 0.0754839 
0.0135764 -0.0227238 -0.00351193 0.00463118 -0.0227238 0.101331 0.00463109 -0.0129027 -0.00351193 0.00463109 0.00585079 -0.0130286 0.00463118 -0.0129027 -0.0130286 0.0754835 
0.0135979 -0.0227393 -0.00351584 0.00465332 -0.0227393 0.101304 0.00465332 -0.012968 -0.00351584 0.00465332 0.00583704 -0.0130437 0.00465332 -0.012968 -0.0130437 0.0755358 
0.0135953 -0.0227611 -0.00354934 0.00464559 -0.0227611 0.101303 0.00465194 -0.0129755 -0.00354934 0.00465194 0.00582111 -0.0130168 0.00464559 -0.0129755 -0.0130168 0.0754755 
0.0135996 -0.0227856 -0.00360738 0.00469457 -0.0227856 0.101419 0.00470171 -0.0130626 -0.00360738 0.00470171 0.00581424 -0.0130127 0.00469457 -0.0130626 -0.0130127 0.0754988 
0.0136183 -0.0227564 -0.00362883 0.0047667 -0.0227564 0.101327 0.00476879 -0.013211 -0.00362883 0.00476879 0.00575522 -0.0129826 0.0047667 -0.013211 -0.0129826 0.0753842 
0.0136351 -0.0228148 -0.00366721 0.00478195 -0.0228148 0.101441 0.00478658 -0.0132885 -0.00366721 0.00478658 0.0057435 -0.0128948 0.00478195 -0.0132885 -0.0128948 0.0752085 
0.0136083 -0.0228595 -0.00367665 0.00483987 -0.0228595 0.101637 0.00484635 -0.0134213 -0.00367665 0.00484635 0.00578907 -0.0128868 0.00483987 -0.0134213 -0.0128868 0.0751532 
0.0135973 -0.0228269 -0.00366369 0.00483505 -0.0228269 0.101639 0.00483348 -0.013437 -0.00366369 0.00483348 0.00581708 -0.0129235 0.00483505 -0.013437 -0.0129235 0.0751459 
0.0136214 -0.0228111 -0.00367752 0.00482207 -0.0228111 0.101608 0.00481247 -0.0134078 -0.00367752 0.00481247 0.00583852 -0.0129748 0.00482207 -0.0134078 -0.0129748 0.0752681 
0.01367 -0.0228274 -0.00366411 0.00483572 -0.0228274 0.10159 0.0048268 -0.0134101 -0.00366411 0.0048268 0.00580932 -0.0130151 0.00483572 -0.0134101 -0.0130151 0.0753881 
0.0137029 -0.0228635 -0.00364659 0.00482505 -0.0228635 0.101591 0.00482629 -0.0134213 -0.00364659 0.00482629 0.0057552 -0.0129919 0.00482505 -0.0134213 -0.0129919 0.07539 
0.0137358 -0.0229509 -0.00360251 0.00479428 -0.0229509 0.101843 0.00480776 -0.013377 -0.00360251 0.00480776 0.00574184 -0.0129335 0.00479428 -0.013377 -0.0129335 0.0753541 
0.0137348 -0.0229792 -0.00358251 0.0047422 -0.0229792 0.10197 0.00476183 -0.0132857 -0.00358251 0.00476183 0.00573251 -0.0129103 0.0047422 -0.0132857 -0.0129103 0.0752697 
0.0137189 -0.0229874 -0.00355089 0.00468971 -0.0229874 0.102018 0.00470616 -0.0131205 -0.00355089 0.00470616 0.00575816 -0.0128785 0.00468971 -0.0131205 -0.0128785 0.0751472 
0.013721 -0.0229932 -0.0035533 0.00465654 -0.0229932 0.102111 0.0046629 -0.0129978 -0.0035533 0.0046629 0.0058105 -0.0129231 0.00465654 -0.0129978 -0.0129231 0.0752243 
0.0136891 -0.0229532 -0.0035761 0.00467477 -0.0229532 0.101998 0.00467078 -0.0129842 -0.0035761 0.00467078 0.00586437 -0.013004 0.00467477 -0.0129842 -0.013004 0.0753737 
0.0136662 -0.0229209 -0.0035926 0.00470562 -0.0229209 0.101913 0.00469214 -0.0130258 -0.0035926 0.00469214 0.0059046 -0.0130901 0.00470562 -0.0130258 -0.0130901 0.0756154 
0.0136801 -0.0228953 -0.00359365 0.00470922 -0.0228953 0.101824 0.00469174 -0.0130246 -0.00359365 0.00469174 0.00591895 -0.0131416 0.00470922 -0.0130246 -0.0131416 0.0757894 
0.0137054 -0.0229052 -0.0036032 0.00472453 -0.0229052 0.101803 0.0047101 -0.0130661 -0.0036032 0.0047101 0.00590562 -0.0131846 0.00472453 -0.0130661 -0.0131846 0.0759644 
0.0137374 -0.0229397 -0.00361677 0.00474604 -0.0229397 0.101879 0.00473921 -0.0131427 -0.00361677 0.00473921 0.00587532 -0.0131888 0.00474604 -0.0131427 -0.0131888 0.076087 
0.0137455 -0.0229803 -0.00365217 0.00475512 -0.0229803 0.101976 0.00475716 -0.0131876 -0.00365217 0.00475716 0.00585304 -0.0131437 0.00475512 -0.0131876 -0.0131437 0.0760423 
0.0137581 -0.0229734 -0.00365373 0.00480255 -0.0229734 0.101971 0.00480733 -0.0132889 -0.00365373 0.00480733 0.00581603 -0.0131018 0.00480255 -0.0132889 -0.0131018 0.0759084 
0.0137775 -0.0230088 -0.00368035 0.00480846 -0.0230088 0.102066 0.00481676 -0.0133547 -0.00368035 0.00481676 0.00579933 -0.0130525 0.00480846 -0.0133547 -0.0130525 0.0757942 
0.0137457 -0.0230092 -0.00371762 0.0048359 -0.0230092 0.102041 0.00484491 -0.0134157 -0.00371762 0.00484491 0.0058154 -0.013008 0.0048359 -0.0134157 -0.013008 0.075605 
0.0137224 -0.0229883 -0.00373381 0.00487349 -0.0229883 0.102019 0.00487603 -0.0134785 -0.00373381 0.00487603 0.00585734 -0.013015 0.00487349 -0.0134785 -0.013015 0.0755222 
0.0136958 -0.02298 -0.00379911 0.00490099 -0.02298 0.102047 0.00489463 -0.0135482 -0.00379911 0.00489463 0.00593221 -0.0130858 0.00490099 -0.0135482 -0.0130858 0.0756634 
0.0136776 -0.0229294 -0.00384976 0.00499227 -0.0229294 0.101955 0.00497565 -0.0137169 -0.00384976 0.00497565 0.00595191 -0.0132021 0.00499227 -0.0137169 -0.0132021 0.075936 
0.0136896 -0.02289 -0.00385986 0.00504882 -0.02289 0.101801 0.00502874 -0.0138663 -0.00385986 0.00502874 0.00592181 -0.0132287 0.00504882 -0.0138663 -0.0132287 0.0760803 
0.0137177 -0.0229319 -0.00385917 0.00505189 -0.0229319 0.101862 0.00504084 -0.0139271 -0.00385917 0.00504084 0.00590869 -0.0131933 0.00505189 -0.0139271 -0.0131933 0.0761035 
0.013725 -0.0229917 -0.00386601 0.00504349 -0.0229917 0.102049 0.00504264 -0.0139355 -0.00386601 0.00504264 0.00593941 -0.0131785 0.00504349 -0.0139355 -0.0131785 0.0761019 
0.0136975 -0.0229645 -0.00388847 0.00504013 -0.0229645 0.101982 0.00503979 -0.0139138 -0.00388847 0.00503979 0.0059638 -0.0131975 0.00504013 -0.0139138 -0.0131975 0.0760412 
0.0136912 -0.0229346 -0.00392974 0.00508652 -0.0229346 0.101931 0.00508226 -0.0139985 -0.00392974 0.00508226 0.00597259 -0.0132535 0.00508652 -0.0139985 -0.0132535 0.0761711 
0.0137215 -0.0229399 -0.0039277 0.00513826 -0.0229399 0.101948 0.00513025 -0.0141147 -0.0039277 0.00513025 0.00595265 -0.0132765 0.00513826 -0.0141147 -0.0132765 0.0763012 
0.0137667 -0.0229794 -0.00389433 0.00511057 -0.0229794 0.10199 0.00510889 -0.0140942 -0.00389433 0.00510889 0.00591679 -0.0132312 0.00511057 -0.0140942 -0.0132312 0.0762293 
0.0137899 -0.0230334 -0.00389688 0.00508235 -0.0230334 0.102118 0.00509056 -0.014064 -0.00389688 0.00509056 0.00589484 -0.0131994 0.00508235 -0.014064 -0.0131994 0.076165 
0.0138427 -0.0230878 -0.00382007 0.00505429 -0.0230878 0.102284 0.00506713 -0.013968 -0.00382007 0.00506713 0.00586479 -0.0131578 0.00505429 -0.013968 -0.0131578 0.0760566 
0.0139038 -0.0231693 -0.00371862 0.00496382 -0.0231693 0.102524 0.00498097 -0.0138046 -0.00371862 0.00498097 0.00586951 -0.013135 0.00496382 -0.0138046 -0.013135 0.0760176 
0.0139207 -0.0232347 -0.00366227 0.00482686 -0.0232347 0.102695 0.00484908 -0.013507 -0.00366227 0.00484908 0.00590954 -0.0131452 0.00482686 -0.013507 -0.0131452 0.0760065 
0.0139495 -0.0232509 -0.00366175 0.00476749 -0.0232509 0.102801 0.00478568 -0.0132887 -0.00366175 0.00478568 0.00591341 -0.0132257 0.00476749 -0.0132887 -0.0132257 0.0761808 
0.0139376 -0.0232468 -0.00369357 0.00478094 -0.0232468 0.102748 0.00479272 -0.0132439 -0.00369357 0.00479272 0.00590094 -0.0132482 0.00478094 -0.0132439 -0.0132482 0.0762887 
0.0139379 -0.023244 -0.00370629 0.00484523 -0.023244 0.102773 0.00485191 -0.0133654 -0.00370629 0.00485191 0.00585179 -0.0132487 0.00484523 -0.0133654 -0.0132487 0.0763817 
