0.00998854 0 0.00053215 0 0 0.00998353 0 0 0.00053215 0 0.00347515 0 0 0 0 0.00998353 
0.014076 -0.0174223 0.000865045 -0.00106979 -0.0174223 0.04258 -0.00106979 0.00205002 0.000865045 -0.00106979 0.00501566 -0.00626065 -0.00106979 0.00205002 -0.00626065 0.0211785 
0.0136014 -0.024789 0.000873409 -0.00152702 -0.024789 0.0882273 -0.00152702 0.00490238 0.000873409 -0.00152702 0.00536778 -0.0104141 -0.00152702 0.00490238 -0.0104141 0.0423773 
0.0126191 -0.0228398 0.000852321 -0.00134081 -0.0228398 0.0985398 -0.00132245 0.0050815 0.000852321 -0.00132245 0.00531461 -0.0118013 -0.00134081 0.0050815 -0.0118013 0.0575342 
0.0126413 -0.021629 0.000941133 -0.00128943 -0.021629 0.0981466 -0.00124225 0.0045548 0.000941133 -0.00124225 0.00530092 -0.0122408 -0.00128943 0.0045548 -0.0122408 0.0665358 
0.0129966 -0.0217529 0.000977274 -0.00131475 -0.0217529 0.0984461 -0.00125444 0.00406773 0.000977274 -0.00125444 0.00524826 -0.0122229 -0.00131475 0.00406773 -0.0122229 0.0705855 
0.0132835 -0.0221739 0.000991816 -0.00133193 -0.0221739 0.0995111 -0.00128448 0.0038663 0.000991816 -0.00128448 0.00516395 -0.0119996 -0.00133193 0.0038663 -0.0119996 0.0716244 
0.0133855 -0.0224451 0.000976068 -0.00137368 -0.0224451 0.100311 -0.00134948 0.00390914 0.000976068 -0.00134948 0.00513578 -0.0117477 -0.00137368 0.00390914 -0.0117477 0.0713095 
0.0134112 -0.0225488 0.000972357 -0.00136403 -0.0225488 0.100749 -0.00136162 0.0039603 0.000972357 -0.00136162 0.00516363 -0.0116379 -0.00136403 0.0039603 -0.0116379 0.0708419 
0.0134189 -0.0225681 0.00094426 -0.00133258 -0.0225681 0.100883 -0.00134314 0.00390916 0.00094426 -0.00134314 0.00519369 -0.0116489 -0.00133258 0.00390916 -0.0116489 0.0706084 
0.0133923 -0.0225642 0.000944605 -0.00130602 -0.0225642 0.100873 -0.00132089 0.00386294 0.000944605 -0.00132089 0.00524875 -0.0117097 -0.00130602 0.00386294 -0.0117097 0.0706377 
0.0133737 -0.0225497 0.000948796 -0.00130351 -0.0225497 0.100885 -0.00131419 0.00382847 0.000948796 -0.00131419 0.00528654 -0.0118152 -0.00130351 0.00382847 -0.0118152 0.0709011 
0.0133536 -0.022518 0.00100174 -0.00135094 -0.022518 0.100832 -0.00135277 0.00393261 0.00100174 -0.00135277 0.00531472 -0.0119044 -0.00135094 0.00393261 -0.0119044 0.0712314 
0.0134259 -0.0225161 0.00100818 -0.0013885 -0.0225161 0.100862 -0.0013797 0.00398711 0.00100818 -0.0013797 0.00524761 -0.0119527 -0.0013885 0.00398711 -0.0119527 0.0714942 
0.0134988 -0.0225934 0.00101426 -0.00139429 -0.0225934 0.10096 -0.00138637 0.00402121 0.00101426 -0.00138637 0.0051723 -0.0118667 -0.00139429 0.00402121 -0.0118667 0.0714478 
0.0135038 -0.022672 0.00106042 -0.00141835 -0.022672 0.101104 -0.00141951 0.00410076 0.00106042 -0.00141951 0.0051512 -0.0117547 -0.00141835 0.00410076 -0.0117547 0.0711822 
0.0135043 -0.0227028 0.00110302 -0.00145479 -0.0227028 0.101261 -0.00145361 0.00416153 0.00110302 -0.00145361 0.00514736 -0.0117118 -0.00145479 0.00416153 -0.0117118 0.0709833 
0.013515 -0.0226965 0.00109405 -0.0015346 -0.0226965 0.101292 -0.00152319 0.00433179 0.00109405 -0.00152319 0.00513217 -0.0117097 -0.0015346 0.00433179 -0.0117097 0.0709086 
0.0135244 -0.022732 0.00106626 -0.00150841 -0.022732 0.101411 -0.00150025 0.00435278 0.00106626 -0.00150025 0.00513521 -0.0116973 -0.00150841 0.00435278 -0.0116973 0.0709076 
0.0135098 -0.0227253 0.00104901 -0.00148152 -0.0227253 0.101411 -0.00148531 0.00433045 0.00104901 -0.00148531 0.00515035 -0.0116994 -0.00148152 0.00433045 -0.0116994 0.0708868 
0.0135187 -0.0227151 0.00104742 -0.00144694 -0.0227151 0.101414 -0.00145698 0.0042573 0.00104742 -0.00145698 0.00515696 -0.0117202 -0.00144694 0.0042573 -0.0117202 0.0709279 
0.0135831 -0.0227162 0.0010669 -0.00142245 -0.0227162 0.101385 -0.00143453 0.00416044 0.0010669 -0.00143453 0.005099 -0.0117218 -0.00142245 0.00416044 -0.0117218 0.0709215 
0.0136108 -0.0227976 0.00113774 -0.00146475 -0.0227976 0.101506 -0.00147154 0.00420262 0.00113774 -0.00147154 0.0050774 -0.0116612 -0.00146475 0.00420262 -0.0116612 0.0708418 
0.013593 -0.0228152 0.00120874 -0.00158692 -0.0228152 0.101547 -0.00158074 0.0044458 0.00120874 -0.00158074 0.00507388 -0.0116282 -0.00158692 0.0044458 -0.0116282 0.0707057 
0.0135747 -0.0228241 0.00127 -0.00169457 -0.0228241 0.101658 -0.0016753 0.00472943 0.00127 -0.0016753 0.00509924 -0.0116407 -0.00169457 0.00472943 -0.0116407 0.0707389 
0.0135986 -0.0228089 0.00126769 -0.00172163 -0.0228089 0.101668 -0.00169524 0.00481392 0.00126769 -0.00169524 0.00507558 -0.0116526 -0.00172163 0.00481392 -0.0116526 0.0707468 
0.0136539 -0.0228394 0.00121626 -0.00169293 -0.0228394 0.10171 -0.00167243 0.00477548 0.00121626 -0.00167243 0.00501862 -0.0116185 -0.00169293 0.00477548 -0.0116185 0.0706937 
0.0136897 -0.0229294 0.00117601 -0.00162711 -0.0229294 0.101934 -0.00162333 0.00466973 0.00117601 -0.00162333 0.00500168 -0.0115561 -0.00162711 0.00466973 -0.0115561 0.0706114 
0.0137058 -0.0229307 0.00118481 -0.00160261 -0.0229307 0.101929 -0.00161256 0.00462807 0.00118481 -0.00161256 0.00496685 -0.0115238 -0.00160261 0.00462807 -0.0115238 0.0704432 
0.0137585 -0.0229601 0.00121718 -0.00160697 -0.0229601 0.101985 -0.00162018 0.00461609 0.00121718 -0.00162018 0.00491028 -0.0114815 -0.00160697 0.00461609 -0.0114815 0.0703227 
0.013829 -0.0230453 0.00121175 -0.00163048 -0.0230453 0.102178 -0.00163836 0.00462669 0.00121175 -0.00163836 0.00484716 -0.0114062 -0.00163048 0.00462669 -0.0114062 0.0701635 
0.013872 -0.0231458 0.00117573 -0.00163279 -0.0231458 0.102451 -0.00163943 0.00465151 0.00117573 -0.00163943 0.00482528 -0.0113268 -0.00163279 0.00465151 -0.0113268 0.0699794 
0.013871 -0.0232068 0.00116431 -0.00160515 -0.0232068 0.102685 -0.00161858 0.00464715 0.00116431 -0.00161858 0.00485731 -0.0113068 -0.00160515 0.00464715 -0.0113068 0.0698906 
0.0138298 -0.0231885 0.00120858 -0.00160908 -0.0231885 0.102712 -0.00162457 0.00466699 0.00120858 -0.00162457 0.00490177 -0.0113566 -0.00160908 0.00466699 -0.0113566 0.0699363 
0.0137895 -0.0231295 0.00121508 -0.00163934 -0.0231295 0.102588 -0.00164392 0.00467599 0.00121508 -0.00164392 0.00493462 -0.011414 -0.00163934 0.00467599 -0.011414 0.0700419 
0.013768 -0.0230861 0.00124828 -0.00169404 -0.0230861 0.10251 -0.00168836 0.00481489 0.00124828 -0.00168836 0.00496165 -0.0114867 -0.00169404 0.00481489 -0.0114867 0.0702868 
0.0137378 -0.0230276 0.00132241 -0.00173689 -0.0230276 0.102302 -0.00172802 0.00493615 0.00132241 -0.00172802 0.0049675 -0.0115147 -0.00173689 0.00493615 -0.0115147 0.0703839 
0.0137562 -0.0230196 0.00137855 -0.00178871 -0.0230196 0.102263 -0.00177208 0.00500459 0.00137855 -0.00177208 0.00494591 -0.0115141 -0.00178871 0.00500459 -0.0115141 0.0704312 
0.013788 -0.0230515 0.00143495 -0.00188487 -0.0230515 0.102339 -0.00186054 0.00520865 0.00143495 -0.00186054 0.00492009 -0.0114946 -0.00188487 0.00520865 -0.0114946 0.0704488 
0.0138451 -0.0230814 0.00143884 -0.00196025 -0.0230814 0.102398 -0.00193401 0.00541956 0.00143884 -0.00193401 0.00485616 -0.0114495 -0.00196025 0.00541956 -0.0114495 0.0703482 
0.0138974 -0.0231521 0.00141663 -0.00194994 -0.0231521 0.102522 -0.00193755 0.00549053 0.00141663 -0.00193755 0.00480393 -0.0113547 -0.00194994 0.00549053 -0.0113547 0.070123 
0.0138717 -0.0232023 0.00141772 -0.00192138 -0.0232023 0.102613 -0.00192647 0.00548355 0.00141772 -0.00192647 0.00482446 -0.0112735 -0.00192138 0.00548355 -0.0112735 0.0698396 
0.0138472 -0.0232164 0.00147931 -0.00194229 -0.0232164 0.102803 -0.00195407 0.005537 0.00147931 -0.00195407 0.00487445 -0.0113239 -0.00194229 0.005537 -0.0113239 0.0698993 
0.0138463 -0.0231595 0.00150531 -0.00195651 -0.0231595 0.102683 -0.00195777 0.00549096 0.00150531 -0.00195777 0.0048619 -0.0113597 -0.00195651 0.00549096 -0.0113597 0.0699094 
0.0138427 -0.0231677 0.00154138 -0.00203652 -0.0231677 0.102686 -0.00202693 0.00564708 0.00154138 -0.00202693 0.00487749 -0.011378 -0.00203652 0.00564708 -0.011378 0.0700311 
0.0138337 -0.0231639 0.00156973 -0.00208092 -0.0231639 0.10269 -0.00206609 0.00577729 0.00156973 -0.00206609 0.00490701 -0.0113947 -0.00208092 0.00577729 -0.0113947 0.0700966 
0.0137974 -0.0231367 0.00159093 -0.00210304 -0.0231367 0.102597 -0.00208778 0.00584498 0.00159093 -0.00208778 0.00493672 -0.0114227 -0.00210304 0.00584498 -0.0114227 0.0701211 
0.0137852 -0.0231233 0.00154436 -0.0020754 -0.0231233 0.10259 -0.00206076 0.00576113 0.00154436 -0.00206076 0.00496538 -0.011453 -0.0020754 0.00576113 -0.011453 0.0701955 
0.0137615 -0.0231059 0.00150169 -0.00204249 -0.0231059 0.10257 -0.00203233 0.00571147 0.00150169 -0.00203233 0.00501397 -0.0115132 -0.00204249 0.00571147 -0.0115132 0.0703681 
0.0137526 -0.0230359 0.00154428 -0.0020207 -0.0230359 0.102365 -0.00201928 0.00569767 0.00154428 -0.00201928 0.00500159 -0.0115889 -0.0020207 0.00569767 -0.0115889 0.0705436 
0.0137669 -0.0230338 0.00163179 -0.00209244 -0.0230338 0.102314 -0.00209125 0.00582129 0.00163179 -0.00209125 0.00496631 -0.011601 -0.00209244 0.00582129 -0.011601 0.0707087 
0.0138539 -0.023057 0.00165944 -0.00216935 -0.023057 0.102324 -0.00215882 0.00595319 0.00165944 -0.00215882 0.00486372 -0.0115289 -0.00216935 0.00595319 -0.0115289 0.0706013 
0.01392 -0.0231739 0.00165471 -0.0022053 -0.0231739 0.102532 -0.00219628 0.00607932 0.00165471 -0.00219628 0.00479372 -0.0113838 -0.0022053 0.00607932 -0.0113838 0.0702977 
0.0139583 -0.0233008 0.00161669 -0.00218365 -0.0233008 0.102931 -0.00218479 0.00608617 0.00161669 -0.00218479 0.00477018 -0.0112844 -0.00218365 0.00608617 -0.0112844 0.0700223 
0.0139688 -0.0233421 0.00155381 -0.00209334 -0.0233421 0.103118 -0.00210484 0.00590148 0.00155381 -0.00210484 0.00475812 -0.0112244 -0.00209334 0.00590148 -0.0112244 0.0697453 
0.0139383 -0.0233259 0.00153293 -0.00203512 -0.0233259 0.103097 -0.00205226 0.00575869 0.00153293 -0.00205226 0.00477605 -0.0112118 -0.00203512 0.00575869 -0.0112118 0.0695967 
0.0138703 -0.0233159 0.00153234 -0.00201689 -0.0233159 0.103145 -0.00203255 0.00567877 0.00153234 -0.00203255 0.00487178 -0.0112541 -0.00201689 0.00567877 -0.0112541 0.0696854 
0.0138134 -0.0232298 0.00148392 -0.00199186 -0.0232298 0.103012 -0.00199538 0.0055662 0.00148392 -0.00199538 0.00494529 -0.0113678 -0.00199186 0.0055662 -0.0113678 0.0698905 
0.0137338 -0.0231088 0.00151102 -0.00199767 -0.0231088 0.102666 -0.00199404 0.00560397 0.00151102 -0.00199404 0.00502007 -0.0114945 -0.00199767 0.00560397 -0.0114945 0.0702057 
0.0137266 -0.0230044 0.00154365 -0.00203729 -0.0230044 0.102358 -0.00202652 0.00567481 0.00154365 -0.00202652 0.00501837 -0.0116039 -0.00203729 0.00567481 -0.0116039 0.0705371 
0.013765 -0.0230308 0.00153669 -0.00205184 -0.0230308 0.102362 -0.0020398 0.00569971 0.00153669 -0.0020398 0.00500627 -0.0116134 -0.00205184 0.00569971 -0.0116134 0.070752 
0.0138292 -0.0230548 0.0014865 -0.00200686 -0.0230548 0.102327 -0.0020001 0.00560542 0.0014865 -0.0020001 0.00492204 -0.0115628 -0.00200686 0.00560542 -0.0115628 0.0706361 
0.0138562 -0.0231644 0.00145842 -0.0019708 -0.0231644 0.10258 -0.00197763 0.00555689 0.00145842 -0.00197763 0.00490596 -0.0114815 -0.0019708 0.00555689 -0.0114815 0.0705367 
0.0138481 -0.0231954 0.00138171 -0.00188221 -0.0231954 0.102701 -0.00189869 0.00534092 0.00138171 -0.00189869 0.00489874 -0.0114229 -0.00188221 0.00534092 -0.0114229 0.0703011 
0.0137742 -0.0231969 0.00137779 -0.00181545 -0.0231969 0.102791 -0.00183706 0.00518901 0.00137779 -0.00183706 0.00497789 -0.0114324 -0.00181545 0.00518901 -0.0114324 0.0702848 
0.0136835 -0.0230884 0.00139208 -0.00183756 -0.0230884 0.10263 -0.00184868 0.00517547 0.00139208 -0.00184868 0.0050648 -0.0115394 -0.00183756 0.00517547 -0.0115394 0.0704591 
0.0136123 -0.0229601 0.00140713 -0.00185119 -0.0229601 0.10231 -0.00184565 0.00517601 0.00140713 -0.00184565 0.00512463 -0.011648 -0.00185119 0.00517601 -0.011648 0.0707092 
0.0136095 -0.0228336 0.00141218 -0.00189636 -0.0228336 0.101897 -0.00187779 0.00526338 0.00141218 -0.00187779 0.0051074 -0.011725 -0.00189636 0.00526338 -0.011725 0.0709072 
0.013693 -0.0228698 0.00139802 -0.0018742 -0.0228698 0.10188 -0.00185751 0.00523954 0.00139802 -0.00185751 0.00505207 -0.0117082 -0.0018742 0.00523954 -0.0117082 0.0710147 
0.0137686 -0.0229636 0.00141023 -0.00187415 -0.0229636 0.102022 -0.00186903 0.00526237 0.00141023 -0.00186903 0.00497738 -0.0116398 -0.00187415 0.00526237 -0.0116398 0.0709211 
0.0138244 -0.0230685 0.00137649 -0.00186208 -0.0230685 0.10226 -0.00186616 0.00523265 0.00137649 -0.00186616 0.00491319 -0.0115281 -0.00186208 0.00523265 -0.0115281 0.0706595 
0.013929 -0.0231617 0.00134538 -0.00182693 -0.0231617 0.102566 -0.00183895 0.00518708 0.00134538 -0.00183895 0.00481209 -0.0114488 -0.00182693 0.00518708 -0.0114488 0.0704502 
0.0140033 -0.0232923 0.00126036 -0.0017466 -0.0232923 0.10287 -0.00176827 0.00500018 0.00126036 -0.00176827 0.00474719 -0.0113012 -0.0017466 0.00500018 -0.0113012 0.0700908 
0.0139956 -0.0233746 0.00116218 -0.00162334 -0.0233746 0.103085 -0.00165631 0.00472378 0.00116218 -0.00165631 0.004765 -0.0111971 -0.00162334 0.00472378 -0.0111971 0.0697022 
0.0140036 -0.0233935 0.00121677 -0.00157737 -0.0233935 0.103305 -0.00161509 0.00463133 0.00121677 -0.00161509 0.00478597 -0.0112651 -0.00157737 0.00463133 -0.0112651 0.0697799 
0.0140159 -0.0233737 0.00128027 -0.00163612 -0.0233737 0.103277 -0.00165763 0.00464917 0.00128027 -0.00165763 0.00477639 -0.0112992 -0.00163612 0.00464917 -0.0112992 0.0698699 
0.0140631 -0.0233752 0.00133602 -0.00175867 -0.0233752 0.10324 -0.00175705 0.00489032 0.00133602 -0.00175705 0.00471302 -0.0113018 -0.00175867 0.00489032 -0.0113018 0.0699273 
0.0141148 -0.0234484 0.00129269 -0.0017815 -0.0234484 0.103346 -0.00177046 0.00496648 0.00129269 -0.00177046 0.00464102 -0.0112027 -0.0017815 0.00496648 -0.0112027 0.0697633 
0.0141569 -0.0235375 0.00127718 -0.00172939 -0.0235375 0.103599 -0.00172768 0.00492869 0.00127718 -0.00172768 0.00460342 -0.0111091 -0.00172939 0.00492869 -0.0111091 0.0695508 
0.014178 -0.0235839 0.00121862 -0.00168112 -0.0235839 0.103743 -0.00168828 0.00479587 0.00121862 -0.00168828 0.0045689 -0.0110369 -0.00168112 0.00479587 -0.0110369 0.0692885 
0.0141552 -0.0236127 0.00123505 -0.00164129 -0.0236127 0.103864 -0.00165425 0.00473107 0.00123505 -0.00165425 0.00458239 -0.0110026 -0.00164129 0.00473107 -0.0110026 0.0691594 
0.0141329 -0.0235986 0.00124057 -0.00164853 -0.0235986 0.103925 -0.00165674 0.00468921 0.00124057 -0.00165674 0.00462466 -0.0110162 -0.00164853 0.00468921 -0.0110162 0.0691472 
0.0141019 -0.0235352 0.00125428 -0.00167053 -0.0235352 0.103758 -0.00166765 0.00472033 0.00125428 -0.00166765 0.00466108 -0.0110608 -0.00167053 0.00472033 -0.0110608 0.0691667 
0.0141089 -0.0234866 0.00128526 -0.00172306 -0.0234866 0.1036 -0.00171129 0.00485094 0.00128526 -0.00171129 0.00465105 -0.011123 -0.00172306 0.00485094 -0.011123 0.0693042 
0.0141184 -0.0235195 0.00128236 -0.00175616 -0.0235195 0.103651 -0.00174251 0.00494837 0.00128236 -0.00174251 0.00465667 -0.0111295 -0.00175616 0.00494837 -0.0111295 0.0694361 
0.0141258 -0.0235011 0.001264 -0.00175394 -0.0235011 0.103566 -0.00174414 0.00499407 0.001264 -0.00174414 0.00464098 -0.0111233 -0.00175394 0.00499407 -0.0111233 0.0694016 
0.0141736 -0.0235268 0.00122549 -0.00169714 -0.0235268 0.103596 -0.00169697 0.0048907 0.00122549 -0.00169697 0.00460507 -0.011099 -0.00169714 0.0048907 -0.011099 0.0693518 
0.0141907 -0.0236108 0.00118255 -0.00166248 -0.0236108 0.103814 -0.00167247 0.00481689 0.00118255 -0.00167247 0.00461282 -0.011073 -0.00166248 0.00481689 -0.011073 0.0693533 
0.014179 -0.0236231 0.00112593 -0.00156803 -0.0236231 0.103887 -0.00158547 0.00459674 0.00112593 -0.00158547 0.00462402 -0.0110684 -0.00156803 0.00459674 -0.0110684 0.069289 
0.0141714 -0.0236146 0.0010828 -0.00149177 -0.0236146 0.10391 -0.00151149 0.00437807 0.0010828 -0.00151149 0.00464171 -0.0110911 -0.00149177 0.00437807 -0.0110911 0.0693292 
0.014155 -0.023627 0.00105379 -0.00144127 -0.023627 0.103998 -0.00145757 0.00421218 0.00105379 -0.00145757 0.00468729 -0.0111335 -0.00144127 0.00421218 -0.0111335 0.0694837 
0.0141141 -0.0235721 0.00107883 -0.00142688 -0.0235721 0.103868 -0.00143694 0.00414284 0.00107883 -0.00143694 0.00473076 -0.0111933 -0.00142688 0.00414284 -0.0111933 0.0696095 
0.0141128 -0.0235253 0.00109725 -0.00148012 -0.0235253 0.103758 -0.00147557 0.00420822 0.00109725 -0.00147557 0.00472871 -0.0112648 -0.00148012 0.00420822 -0.0112648 0.0698184 
0.0140951 -0.0234847 0.00109609 -0.00151526 -0.0234847 0.103546 -0.00150321 0.00430934 0.00109609 -0.00150321 0.00471323 -0.011257 -0.00151526 0.00430934 -0.011257 0.0698392 
0.0141067 -0.0235102 0.00104277 -0.00147165 -0.0235102 0.103607 -0.00146126 0.00423258 0.00104277 -0.00146126 0.00470797 -0.0112327 -0.00147165 0.00423258 -0.0112327 0.0698406 
0.0141261 -0.0235225 0.000982928 -0.00139466 -0.0235225 0.103651 -0.00139255 0.00407618 0.000982928 -0.00139255 0.00470304 -0.0112182 -0.00139466 0.00407618 -0.0112182 0.0697952 
0.0141139 -0.0235219 0.000901543 -0.00134278 -0.0235219 0.103612 -0.00134983 0.00396531 0.000901543 -0.00134983 0.00472664 -0.0112113 -0.00134278 0.00396531 -0.0112113 0.0697387 
0.0140967 -0.0235303 0.000895509 -0.00130148 -0.0235303 0.103698 -0.00131968 0.00394662 0.000895509 -0.00131968 0.00476944 -0.0112742 -0.00130148 0.00394662 -0.0112742 0.0699107 
0.0141403 -0.023461 0.000970115 -0.00130767 -0.023461 0.103507 -0.00132799 0.00395835 0.000970115 -0.00132799 0.00469067 -0.0113226 -0.00130767 0.00395835 -0.0113226 0.0699994 
0.0141942 -0.0235269 0.000998478 -0.00136661 -0.0235269 0.103545 -0.00137855 0.0040093 0.000998478 -0.00137855 0.00462596 -0.011223 -0.00136661 0.0040093 -0.011223 0.0698962 
0.0142339 -0.0236086 0.00104162 -0.00140314 -0.0236086 0.103726 -0.00140887 0.00409711 0.00104162 -0.00140887 0.00457554 -0.011123 -0.00140314 0.00409711 -0.011123 0.0696443 
0.0142641 -0.0236982 0.000986999 -0.00141048 -0.0236982 0.104024 -0.00140928 0.00407379 0.000986999 -0.00140928 0.00455821 -0.0110469 -0.00141048 0.00407379 -0.0110469 0.0694316 
0.0142633 -0.0237169 0.000926912 -0.00131903 -0.0237169 0.104109 -0.00132204 0.00390013 0.000926912 -0.00132204 0.0045552 -0.0110041 -0.00131903 0.00390013 -0.0110041 0.0692116 
0.0142589 -0.0237303 0.000944168 -0.00129152 -0.0237303 0.104218 -0.00130039 0.00383611 0.000944168 -0.00130039 0.00457658 -0.0110255 -0.00129152 0.00383611 -0.0110255 0.0692342 
0.0142672 -0.0237131 0.000952961 -0.00128595 -0.0237131 0.104194 -0.00128978 0.00376214 0.000952961 -0.00128978 0.00458068 -0.0110472 -0.00128595 0.00376214 -0.0110472 0.0692619 
0.0142858 -0.0237153 0.00102992 -0.00138302 -0.0237153 0.104202 -0.00137825 0.003987 0.00102992 -0.00137825 0.00457757 -0.0110811 -0.00138302 0.003987 -0.0110811 0.0693879 
0.0143139 -0.023708 0.00108329 -0.00146816 -0.023708 0.10411 -0.00145517 0.00419616 0.00108329 -0.00145517 0.00453076 -0.0110646 -0.00146816 0.00419616 -0.0110646 0.069348 
0.0143208 -0.0237564 0.00108253 -0.00153157 -0.0237564 0.104174 -0.00151675 0.00437998 0.00108253 -0.00151675 0.00451563 -0.0110067 -0.00153157 0.00437998 -0.0110067 0.0692461 
0.0143237 -0.0237776 0.00107733 -0.00154253 -0.0237776 0.104271 -0.00153454 0.00449445 0.00107733 -0.00153454 0.00450534 -0.010987 -0.00154253 0.00449445 -0.010987 0.0691761 
0.0143238 -0.0237949 0.00104072 -0.00149435 -0.0237949 0.104354 -0.00149697 0.00441577 0.00104072 -0.00149697 0.00451897 -0.0109668 -0.00149435 0.00441577 -0.0109668 0.0691191 
0.0142988 -0.0237846 0.00100784 -0.00144503 -0.0237846 0.104343 -0.00145429 0.00430268 0.00100784 -0.00145429 0.00454491 -0.0109796 -0.00144503 0.00430268 -0.0109796 0.0690963 
0.0142948 -0.0237855 0.00100004 -0.00139302 -0.0237855 0.104426 -0.00140641 0.00416313 0.00100004 -0.00140641 0.00457451 -0.0110308 -0.00139302 0.00416313 -0.0110308 0.0692455 
0.0142993 -0.0237308 0.0010568 -0.00141193 -0.0237308 0.104256 -0.0014213 0.00416273 0.0010568 -0.0014213 0.00454723 -0.0110659 -0.00141193 0.00416273 -0.0110659 0.0693114 
0.0142978 -0.0237425 0.00113581 -0.00150869 -0.0237425 0.104228 -0.00150772 0.00433741 0.00113581 -0.00150772 0.00453616 -0.0110439 -0.00150869 0.00433741 -0.0110439 0.0693406 
0.014288 -0.0237444 0.00120113 -0.00162318 -0.0237444 0.104243 -0.0016118 0.00460732 0.00120113 -0.0016118 0.00453553 -0.0110241 -0.00162318 0.00460732 -0.0110241 0.0693056 
0.0142564 -0.0237241 0.00122875 -0.00168077 -0.0237241 0.104179 -0.00166257 0.00477217 0.00122875 -0.00166257 0.00456199 -0.0110012 -0.00168077 0.00477217 -0.0110012 0.0691992 
0.0142247 -0.0237163 0.00122836 -0.00168837 -0.0237163 0.104206 -0.00167121 0.0048145 0.00122836 -0.00167121 0.00462035 -0.0110339 -0.00168837 0.0048145 -0.0110339 0.0692381 
0.0142405 -0.0236869 0.00118275 -0.00166278 -0.0236869 0.104195 -0.00164623 0.00475611 0.00118275 -0.00164623 0.00461988 -0.0111134 -0.00166278 0.00475611 -0.0111134 0.0694117 
0.014279 -0.0236773 0.00117029 -0.0016132 -0.0236773 0.104105 -0.00160598 0.004671 0.00117029 -0.00160598 0.00457256 -0.0111245 -0.0016132 0.004671 -0.0111245 0.0695014 
0.0143386 -0.0237287 0.00123958 -0.00162514 -0.0237287 0.104178 -0.00162947 0.00469607 0.00123958 -0.00162947 0.00450006 -0.0110799 -0.00162514 0.00469607 -0.0110799 0.0694975 
0.014371 -0.0237888 0.00132432 -0.00169395 -0.0237888 0.104257 -0.00169623 0.00479281 0.00132432 -0.00169623 0.0044452 -0.0109639 -0.00169395 0.00479281 -0.0109639 0.0692316 
0.0144066 -0.0238844 0.00136537 -0.00179855 -0.0238844 0.104575 -0.00178941 0.00499373 0.00136537 -0.00178941 0.0044306 -0.0108931 -0.00179855 0.00499373 -0.0108931 0.0690559 
0.014399 -0.0239159 0.00136169 -0.00184452 -0.0239159 0.104712 -0.00182825 0.00514103 0.00136169 -0.00182825 0.00444069 -0.0108579 -0.00184452 0.00514103 -0.0108579 0.0688811 
0.0143842 -0.0238971 0.00132676 -0.00185057 -0.0238971 0.104715 -0.00183471 0.00521806 0.00132676 -0.00183471 0.00446226 -0.0108714 -0.00185057 0.00521806 -0.0108714 0.068831 
0.0143743 -0.0238752 0.00128406 -0.00179728 -0.0238752 0.10466 -0.00179055 0.00515915 0.00128406 -0.00179055 0.00447564 -0.0109029 -0.00179728 0.00515915 -0.0109029 0.0688721 
0.0143598 -0.0238593 0.0012738 -0.0017634 -0.0238593 0.104622 -0.00176768 0.00510907 0.0012738 -0.00176768 0.00449974 -0.0109392 -0.0017634 0.00510907 -0.0109392 0.0689869 
0.0143639 -0.0238243 0.00126457 -0.00174377 -0.0238243 0.104509 -0.0017523 0.00505264 0.00126457 -0.0017523 0.00448795 -0.0109668 -0.00174377 0.00505264 -0.0109668 0.0690511 
0.0143658 -0.023829 0.0013153 -0.00172754 -0.023829 0.104457 -0.00173811 0.00500497 0.0013153 -0.00173811 0.00447813 -0.0109553 -0.00172754 0.00500497 -0.0109553 0.0690585 
0.0143828 -0.0238612 0.00135033 -0.00179597 -0.0238612 0.104574 -0.00179857 0.00508513 0.00135033 -0.00179857 0.00446745 -0.0109532 -0.00179597 0.00508513 -0.0109532 0.0691064 
0.0144044 -0.0238615 0.00133627 -0.00184961 -0.0238615 0.104571 -0.00184324 0.0052147 0.00133627 -0.00184324 0.00442492 -0.0109305 -0.00184961 0.0052147 -0.0109305 0.0690491 
0.014404 -0.0238682 0.00141019 -0.00188158 -0.0238682 0.104543 -0.00188169 0.00538855 0.00141019 -0.00188169 0.00440119 -0.0108793 -0.00188158 0.00538855 -0.0108793 0.0689343 
0.0144039 -0.0239108 0.00146861 -0.00192628 -0.0239108 0.104695 -0.00192759 0.00546118 0.00146861 -0.00192759 0.00441356 -0.0108361 -0.00192628 0.00546118 -0.0108361 0.0688357 
0.0143776 -0.0239089 0.00149933 -0.00199056 -0.0239089 0.104748 -0.00198205 0.00557245 0.00149933 -0.00198205 0.00443286 -0.0108378 -0.00199056 0.00557245 -0.0108378 0.0687713 
0.0143334 -0.023871 0.00150204 -0.00201539 -0.023871 0.104685 -0.00199995 0.00563768 0.00150204 -0.00199995 0.00446147 -0.0108531 -0.00201539 0.00563768 -0.0108531 0.0687539 
0.0143018 -0.0237967 0.00150993 -0.00203757 -0.0237967 0.104494 -0.00202065 0.00571143 0.00150993 -0.00202065 0.00447276 -0.0108877 -0.00203757 0.00571143 -0.0108877 0.0687839 
0.0142964 -0.0237664 0.00149555 -0.00203878 -0.0237664 0.104393 -0.00202507 0.00573591 0.00149555 -0.00202507 0.00446953 -0.0109021 -0.00203878 0.00573591 -0.0109021 0.0688434 
0.0142806 -0.0237483 0.00145818 -0.00200643 -0.0237483 0.104294 -0.00200169 0.00568829 0.00145818 -0.00200169 0.00448702 -0.0108854 -0.00200643 0.00568829 -0.0108854 0.0687996 
0.0142713 -0.0237314 0.00145878 -0.00198412 -0.0237314 0.104248 -0.00198777 0.00566963 0.00145878 -0.00198777 0.00449272 -0.0109123 -0.00198412 0.00566963 -0.0109123 0.0688339 
0.014264 -0.0237438 0.00144328 -0.00194621 -0.0237438 0.1043 -0.00195453 0.00555965 0.00144328 -0.00195453 0.00451962 -0.0109192 -0.00194621 0.00555965 -0.0109192 0.0688877 
0.0142541 -0.0237296 0.00145274 -0.00192006 -0.0237296 0.104294 -0.001927 0.00546275 0.00145274 -0.001927 0.00454725 -0.0109498 -0.00192006 0.00546275 -0.0109498 0.0689452 
0.0142553 -0.0236986 0.00145081 -0.00191973 -0.0236986 0.10418 -0.00192005 0.00540119 0.00145081 -0.00192005 0.00453611 -0.0109786 -0.00191973 0.00540119 -0.0109786 0.0689781 
0.014288 -0.0237032 0.00141826 -0.00193814 -0.0237032 0.104152 -0.00193332 0.00542918 0.00141826 -0.00193332 0.00449983 -0.0109796 -0.00193814 0.00542918 -0.0109796 0.0690284 
0.0142972 -0.0237639 0.00140818 -0.0019193 -0.0237639 0.104302 -0.00192095 0.00544911 0.00140818 -0.00192095 0.0045122 -0.0109524 -0.0019193 0.00544911 -0.0109524 0.0690624 
0.0142774 -0.023745 0.00142876 -0.00192497 -0.023745 0.104272 -0.00193326 0.00548741 0.00142876 -0.00193326 0.00452051 -0.0109584 -0.00192497 0.00548741 -0.0109584 0.0690278 
0.0142406 -0.0237234 0.00146459 -0.00191793 -0.0237234 0.104208 -0.00192639 0.00545356 0.00146459 -0.00192639 0.00454017 -0.0109592 -0.00191793 0.00545356 -0.0109592 0.0689971 
0.014218 -0.023692 0.00149617 -0.00199437 -0.023692 0.104185 -0.00199216 0.00558444 0.00149617 -0.00199216 0.00455343 -0.0110013 -0.00199437 0.00558444 -0.0110013 0.0691065 
0.0142198 -0.0236522 0.0014332 -0.00198141 -0.0236522 0.104054 -0.00197191 0.00555366 0.0014332 -0.00197191 0.00454026 -0.0109881 -0.00198141 0.00555366 -0.0109881 0.0690661 
0.0142189 -0.0236745 0.00141205 -0.00189708 -0.0236745 0.104088 -0.00189576 0.00541034 0.00141205 -0.00189576 0.00455809 -0.0109728 -0.00189708 0.00541034 -0.0109728 0.0690474 
0.0142002 -0.0236618 0.00141896 -0.00187194 -0.0236618 0.104061 -0.00187586 0.00530532 0.00141896 -0.00187586 0.00459742 -0.0109926 -0.00187194 0.00530532 -0.0109926 0.0690455 
0.0142205 -0.0236416 0.00147552 -0.00192454 -0.0236416 0.10405 -0.00192467 0.00539887 0.00147552 -0.00192467 0.00459683 -0.0110686 -0.00192454 0.00539887 -0.0110686 0.0692301 
