0.00905452 0 0.00257304 0 0 0.00998794 0 0 0.00257304 0 0.00446517 0 0 0 0 0.00998794 
0.0126066 -0.0156083 0.00370164 -0.00456393 -0.0156083 0.0390872 -0.00456393 0.00875135 0.00370164 -0.00456393 0.00651906 -0.00811888 -0.00456393 0.00875135 -0.00811888 0.0247268 
0.0122626 -0.0223437 0.00349266 -0.00602815 -0.0223437 0.0804016 -0.00602815 0.0192599 0.00349266 -0.00602815 0.00678419 -0.013023 -0.00602815 0.0192599 -0.013023 0.0507496 
0.0115569 -0.0210521 0.00300346 -0.00471169 -0.0210521 0.0915854 -0.00470272 0.0175036 0.00300346 -0.00470272 0.00647212 -0.0137517 -0.00471169 0.0175036 -0.0137517 0.0651836 
0.0116223 -0.0202034 0.00297999 -0.00399558 -0.0202034 0.0928065 -0.00399262 0.0138825 0.00297999 -0.00399262 0.00644882 -0.0138851 -0.00399558 0.0138825 -0.0138851 0.0727666 
0.0118913 -0.0204045 0.00308902 -0.0039209 -0.0204045 0.094062 -0.00392479 0.0119827 0.00308902 -0.00392479 0.0065106 -0.0138095 -0.0039209 0.0119827 -0.0138095 0.0758672 
0.0120308 -0.0206481 0.00318596 -0.00409118 -0.0206481 0.095077 -0.00408547 0.0115972 0.00318596 -0.00408547 0.00656964 -0.0137413 -0.00409118 0.0115972 -0.0137413 0.0767049 
0.0119913 -0.0206756 0.00325265 -0.00430446 -0.0206756 0.0954225 -0.00428475 0.0119453 0.00325265 -0.00428475 0.00668522 -0.0137991 -0.00430446 0.0119453 -0.0137991 0.0770563 
0.0119617 -0.0205611 0.00328801 -0.00439495 -0.0205611 0.0951984 -0.00436642 0.0122438 0.00328801 -0.00436642 0.00671878 -0.0138646 -0.00439495 0.0122438 -0.0138646 0.0771059 
0.0119554 -0.0205268 0.00328538 -0.00443446 -0.0205268 0.0950244 -0.00441079 0.0124217 0.00328538 -0.00441079 0.00675066 -0.0138961 -0.00443446 0.0124217 -0.0138961 0.0771709 
0.0119812 -0.020556 0.00327952 -0.00441231 -0.020556 0.0950546 -0.00440195 0.0124489 0.00327952 -0.00440195 0.00676165 -0.0139241 -0.00441231 0.0124489 -0.0139241 0.0772346 
0.0119266 -0.0206022 0.00326693 -0.00440436 -0.0206022 0.0952007 -0.00440555 0.0124527 0.00326693 -0.00440555 0.00684592 -0.0139812 -0.00440436 0.0124527 -0.0139812 0.0774435 
0.0119118 -0.0205441 0.00327693 -0.00437163 -0.0205441 0.0951712 -0.00436676 0.0123679 0.00327693 -0.00436676 0.00686703 -0.0140741 -0.00437163 0.0123679 -0.0140741 0.0776451 
0.0119365 -0.0204876 0.00331615 -0.00438665 -0.0204876 0.0949821 -0.00437442 0.0123428 0.00331615 -0.00437442 0.00682479 -0.0141226 -0.00438665 0.0123428 -0.0141226 0.0778247 
0.0119643 -0.0205474 0.00335062 -0.00443059 -0.0205474 0.0950646 -0.00442596 0.0124101 0.00335062 -0.00442596 0.00678851 -0.0140751 -0.00443059 0.0124101 -0.0140751 0.0778601 
0.0119559 -0.0205446 0.00338295 -0.00449485 -0.0205446 0.0950535 -0.00450017 0.0125858 0.00338295 -0.00450017 0.00677121 -0.0140432 -0.00449485 0.0125858 -0.0140432 0.0778008 
0.0119396 -0.0205679 0.00341002 -0.00451745 -0.0205679 0.0951203 -0.00453076 0.012684 0.00341002 -0.00453076 0.00678097 -0.0139753 -0.00451745 0.012684 -0.0139753 0.077605 
0.0118896 -0.0205237 0.00347764 -0.00457123 -0.0205237 0.0950555 -0.00457988 0.0128249 0.00347764 -0.00457988 0.00681627 -0.0139992 -0.00457123 0.0128249 -0.0139992 0.0775684 
0.0118858 -0.0205085 0.00351966 -0.00464795 -0.0205085 0.0950831 -0.00464269 0.0129723 0.00351966 -0.00464269 0.00682608 -0.0140226 -0.00464795 0.0129723 -0.0140226 0.0776064 
0.0119319 -0.0205134 0.00354099 -0.00468566 -0.0205134 0.0950798 -0.00467243 0.0130671 0.00354099 -0.00467243 0.00678011 -0.0139936 -0.00468566 0.0130671 -0.0139936 0.0775 
0.0119599 -0.0205649 0.00357676 -0.00471464 -0.0205649 0.0951515 -0.00470786 0.0131619 0.00357676 -0.00470786 0.00675515 -0.0139397 -0.00471464 0.0131619 -0.0139397 0.0773704 
0.0119204 -0.0205535 0.00357639 -0.00478511 -0.0205535 0.0951075 -0.00478403 0.0133498 0.00357639 -0.00478403 0.00677683 -0.0139447 -0.00478511 0.0133498 -0.0139447 0.0773466 
0.011942 -0.0205656 0.00356754 -0.0047725 -0.0205656 0.0952289 -0.00477425 0.0133995 0.00356754 -0.00477425 0.00677005 -0.0139558 -0.0047725 0.0133995 -0.0139558 0.0773828 
0.011976 -0.0205967 0.00354154 -0.00472275 -0.0205967 0.0952681 -0.00472762 0.0132843 0.00354154 -0.00472762 0.00673284 -0.0138898 -0.00472275 0.0132843 -0.0138898 0.0771725 
0.0119971 -0.0206276 0.00354452 -0.00470878 -0.0206276 0.0953458 -0.00471824 0.013241 0.00354452 -0.00471824 0.00672809 -0.0138826 -0.00470878 0.013241 -0.0138826 0.0771415 
0.012041 -0.0207285 0.00355542 -0.00468559 -0.0207285 0.0956711 -0.0046953 0.0131543 0.00355542 -0.0046953 0.00672214 -0.0138529 -0.00468559 0.0131543 -0.0138529 0.0770993 
0.0120332 -0.0207385 0.00354793 -0.00471743 -0.0207385 0.095747 -0.00471993 0.0131826 0.00354793 -0.00471993 0.00674476 -0.0138772 -0.00471743 0.0131826 -0.0138772 0.0771393 
0.0120204 -0.0207266 0.00349192 -0.00469087 -0.0207266 0.0956984 -0.00468637 0.0131276 0.00349192 -0.00468637 0.00674693 -0.0138714 -0.00469087 0.0131276 -0.0138714 0.0770641 
0.0120925 -0.0207638 0.00344829 -0.00462411 -0.0207638 0.0958669 -0.00461616 0.0129931 0.00344829 -0.00461616 0.00671277 -0.0139026 -0.00462411 0.0129931 -0.0139026 0.077196 
0.0121274 -0.0207975 0.00342394 -0.00456179 -0.0207975 0.0958646 -0.00456079 0.0128328 0.00342394 -0.00456079 0.00667634 -0.0138703 -0.00456179 0.0128328 -0.0138703 0.0771675 
0.0121375 -0.0208218 0.00342365 -0.00454372 -0.0208218 0.0958905 -0.00455227 0.012766 0.00342365 -0.00455227 0.00667115 -0.0138567 -0.00454372 0.012766 -0.0138567 0.0771681 
0.0121421 -0.0208211 0.00343353 -0.00457461 -0.0208211 0.0959275 -0.00458344 0.0128376 0.00343353 -0.00458344 0.00668053 -0.0139049 -0.00457461 0.0128376 -0.0139049 0.0773543 
0.012185 -0.0208282 0.00344919 -0.00457911 -0.0208282 0.0959389 -0.00458845 0.0128682 0.00344919 -0.00458845 0.00664148 -0.0139019 -0.00457911 0.0128682 -0.0139019 0.0774013 
0.0122168 -0.0208686 0.00347719 -0.00460323 -0.0208686 0.0959846 -0.00461785 0.012929 0.00347719 -0.00461785 0.00660791 -0.0138608 -0.00460323 0.012929 -0.0138608 0.0773561 
0.0122748 -0.0209604 0.00346699 -0.0046046 -0.0209604 0.0962181 -0.00462516 0.0129263 0.00346699 -0.00462516 0.00654954 -0.0137657 -0.0046046 0.0129263 -0.0137657 0.0771106 
0.012264 -0.0210053 0.00346276 -0.00460995 -0.0210053 0.0963459 -0.00463416 0.0129636 0.00346276 -0.00463416 0.00654063 -0.0137089 -0.00460995 0.0129636 -0.0137089 0.0769212 
0.0122562 -0.0210089 0.00345881 -0.00459604 -0.0210089 0.0964164 -0.00461552 0.0129362 0.00345881 -0.00461552 0.00654445 -0.0136741 -0.00459604 0.0129362 -0.0136741 0.0767544 
0.012229 -0.0209864 0.00348879 -0.00460961 -0.0209864 0.0963948 -0.00461891 0.012951 0.00348879 -0.00461891 0.00658044 -0.0136982 -0.00460961 0.012951 -0.0136982 0.0767602 
0.0121881 -0.0209804 0.00350474 -0.00464036 -0.0209804 0.0964235 -0.00463705 0.0129816 0.00350474 -0.00463705 0.00664306 -0.013737 -0.00464036 0.0129816 -0.013737 0.0768439 
0.0121282 -0.0209042 0.00348644 -0.00467667 -0.0209042 0.0962729 -0.0046574 0.0130551 0.00348644 -0.0046574 0.0067104 -0.0138328 -0.00467667 0.0130551 -0.0138328 0.077045 
0.0120702 -0.0207797 0.00353193 -0.00468217 -0.0207797 0.0959434 -0.00465288 0.0131167 0.00353193 -0.00465288 0.00675047 -0.0139632 -0.00468217 0.0131167 -0.0139632 0.0773928 
0.0120318 -0.0206591 0.00359871 -0.00475842 -0.0206591 0.0955527 -0.00472711 0.0132736 0.00359871 -0.00472711 0.0067644 -0.0140566 -0.00475842 0.0132736 -0.0140566 0.0777386 
0.0120456 -0.0206725 0.00360566 -0.00481183 -0.0206725 0.0955109 -0.00479107 0.0134032 0.00360566 -0.00479107 0.00674776 -0.0140246 -0.00481183 0.0134032 -0.0140246 0.0777828 
0.0120699 -0.0207171 0.00364181 -0.00478843 -0.0207171 0.0955826 -0.00478303 0.0134077 0.00364181 -0.00478303 0.00671933 -0.01394 -0.00478843 0.0134077 -0.01394 0.0775388 
0.0120735 -0.0207602 0.00367114 -0.0048208 -0.0207602 0.0956894 -0.00482212 0.0134421 0.00367114 -0.00482212 0.00671489 -0.0138828 -0.0048208 0.0134421 -0.0138828 0.0772997 
0.0120926 -0.0207798 0.00369002 -0.00486937 -0.0207798 0.095808 -0.00486658 0.0135487 0.00369002 -0.00486658 0.00670046 -0.0138894 -0.00486937 0.0135487 -0.0138894 0.0772546 
0.0121499 -0.0208275 0.00371123 -0.0048822 -0.0208275 0.0959603 -0.00487793 0.0135976 0.00371123 -0.00487793 0.00665775 -0.0138609 -0.0048822 0.0135976 -0.0138609 0.0771962 
0.0121873 -0.0208923 0.0037218 -0.00490873 -0.0208923 0.0961138 -0.00490774 0.0136597 0.0037218 -0.00490774 0.00662468 -0.0138132 -0.00490873 0.0136597 -0.0138132 0.0771021 
0.0122431 -0.0209564 0.00368394 -0.00492128 -0.0209564 0.0963215 -0.00492422 0.0137112 0.00368394 -0.00492422 0.00659522 -0.0137742 -0.00492128 0.0137112 -0.0137742 0.0770167 
0.0122689 -0.0210082 0.00362204 -0.00488415 -0.0210082 0.0964627 -0.00489461 0.0136977 0.00362204 -0.00489461 0.0065907 -0.013758 -0.00488415 0.0136977 -0.013758 0.0769833 
0.0122727 -0.0209989 0.00358744 -0.00481107 -0.0209989 0.0964298 -0.00482763 0.0135814 0.00358744 -0.00482763 0.00657726 -0.0137697 -0.00481107 0.0135814 -0.0137697 0.076981 
0.0122948 -0.0210181 0.00354091 -0.0047577 -0.0210181 0.0964702 -0.00477791 0.0134323 0.00354091 -0.00477791 0.00655008 -0.0137597 -0.0047577 0.0134323 -0.0137597 0.0769937 
0.0123126 -0.0210721 0.00353339 -0.0046758 -0.0210721 0.0965961 -0.0046995 0.0132216 0.00353339 -0.0046995 0.00653692 -0.0136972 -0.0046758 0.0132216 -0.0136972 0.0768601 
0.0122708 -0.0210648 0.00357118 -0.00469822 -0.0210648 0.0966263 -0.00471573 0.0131989 0.00357118 -0.00471573 0.00657963 -0.0137243 -0.00469822 0.0131989 -0.0137243 0.0769121 
0.012226 -0.0210286 0.00359665 -0.00474732 -0.0210286 0.0966029 -0.00474983 0.0132604 0.00359665 -0.00474983 0.00663081 -0.0137697 -0.00474732 0.0132604 -0.0137697 0.0770107 
0.0121893 -0.0209314 0.00361929 -0.00479783 -0.0209314 0.0963532 -0.00478116 0.0133715 0.00361929 -0.00478116 0.00665513 -0.0138401 -0.00479783 0.0133715 -0.0138401 0.0771438 
0.0121793 -0.020858 0.0036309 -0.00483801 -0.020858 0.0960816 -0.00481629 0.0134877 0.0036309 -0.00481629 0.0066364 -0.0138823 -0.00483801 0.0134877 -0.0138823 0.0772694 
0.0122453 -0.0209095 0.00363717 -0.00483468 -0.0209095 0.0961772 -0.00482257 0.0135173 0.00363717 -0.00482257 0.00658641 -0.0138405 -0.00483468 0.0135173 -0.0138405 0.0772839 
0.0123158 -0.0210316 0.00363762 -0.00478426 -0.0210316 0.0964198 -0.00478898 0.0133971 0.00363762 -0.00478898 0.00653061 -0.0136941 -0.00478426 0.0133971 -0.0136941 0.0768926 
0.0123473 -0.0211231 0.00360195 -0.00480674 -0.0211231 0.0967212 -0.00481903 0.0134209 0.00360195 -0.00481903 0.00653422 -0.0136643 -0.00480674 0.0134209 -0.0136643 0.0767593 
0.0123422 -0.0211233 0.00358307 -0.00478422 -0.0211233 0.0967793 -0.00479581 0.0134294 0.00358307 -0.00479581 0.00653897 -0.0137015 -0.00478422 0.0134294 -0.0137015 0.0767958 
0.0123476 -0.021133 0.0035524 -0.00475437 -0.021133 0.0968475 -0.00476366 0.0133615 0.0035524 -0.00476366 0.00653191 -0.0137201 -0.00475437 0.0133615 -0.0137201 0.0768937 
0.0123302 -0.0210953 0.00353849 -0.00471615 -0.0210953 0.0967101 -0.00472473 0.0132715 0.00353849 -0.00472473 0.00651165 -0.0137084 -0.00471615 0.0132715 -0.0137084 0.0768641 
0.0123263 -0.0210952 0.00356984 -0.00470867 -0.0210952 0.0967258 -0.00471637 0.0132327 0.00356984 -0.00471637 0.00651634 -0.0136984 -0.00470867 0.0132327 -0.0136984 0.0768993 
0.0123121 -0.0210742 0.00356625 -0.00473545 -0.0210742 0.0966297 -0.00473799 0.0132395 0.00356625 -0.00473799 0.00652756 -0.0136636 -0.00473545 0.0132395 -0.0136636 0.0767536 
0.0123742 -0.0210978 0.00358272 -0.00474145 -0.0210978 0.0967274 -0.00473819 0.0132697 0.00358272 -0.00473819 0.00649971 -0.0136858 -0.00474145 0.0132697 -0.0136858 0.0767895 
0.0124106 -0.0211519 0.00356722 -0.00476464 -0.0211519 0.0968143 -0.00476469 0.013324 0.00356722 -0.00476469 0.00647512 -0.0136678 -0.00476464 0.013324 -0.0136678 0.0767932 
0.0124412 -0.0211928 0.00353961 -0.00473425 -0.0211928 0.0968877 -0.00474394 0.0132999 0.00353961 -0.00474394 0.00643622 -0.0136216 -0.00473425 0.0132999 -0.0136216 0.0766675 
0.012461 -0.0212261 0.00352504 -0.00470364 -0.0212261 0.096972 -0.00472152 0.0132522 0.00352504 -0.00472152 0.00640853 -0.0135879 -0.00470364 0.0132522 -0.0135879 0.0765825 
0.0125035 -0.0213369 0.00350596 -0.00464692 -0.0213369 0.0973275 -0.00466903 0.0130953 0.00350596 -0.00466903 0.00639938 -0.0135177 -0.00464692 0.0130953 -0.0135177 0.0764422 
0.0124825 -0.0213408 0.00345905 -0.00462687 -0.0213408 0.0973626 -0.00464277 0.0129962 0.00345905 -0.00464277 0.00642187 -0.0135012 -0.00462687 0.0129962 -0.0135012 0.0762885 
0.0124072 -0.0212968 0.00345122 -0.00460075 -0.0212968 0.0972976 -0.00460546 0.0129458 0.00345122 -0.00460546 0.00650139 -0.0135728 -0.00460075 0.0129458 -0.0135728 0.076419 
0.0123239 -0.0212065 0.00344449 -0.00460705 -0.0212065 0.0971648 -0.00459397 0.0129248 0.00344449 -0.00459397 0.0065902 -0.0137103 -0.00460705 0.0129248 -0.0137103 0.0767868 
0.012284 -0.0210465 0.00343429 -0.00459938 -0.0210465 0.0967129 -0.00456776 0.0128835 0.00343429 -0.00456776 0.00661545 -0.0138129 -0.00459938 0.0128835 -0.0138129 0.0770377 
0.0122876 -0.0209752 0.00345545 -0.00461425 -0.0209752 0.0964177 -0.00458178 0.0129236 0.00345545 -0.00458178 0.0066119 -0.0138966 -0.00461425 0.0129236 -0.0138966 0.0773735 
0.0122454 -0.0209749 0.00345577 -0.0046307 -0.0209749 0.0962951 -0.00461427 0.0129756 0.00345577 -0.00461427 0.00663474 -0.0138834 -0.0046307 0.0129756 -0.0138834 0.0774625 
0.0122163 -0.0209528 0.0034398 -0.00461173 -0.0209528 0.0962603 -0.00460603 0.0129601 0.0034398 -0.00460603 0.00665027 -0.0138738 -0.00461173 0.0129601 -0.0138738 0.0774135 
0.012171 -0.020921 0.00344933 -0.00460131 -0.020921 0.0962248 -0.00459682 0.012947 0.00344933 -0.00459682 0.00669515 -0.0139061 -0.00460131 0.012947 -0.0139061 0.077488 
0.0120949 -0.0208343 0.00349846 -0.00461103 -0.0208343 0.096 -0.00460176 0.0129457 0.00349846 -0.00460176 0.00673505 -0.0139507 -0.00461103 0.0129457 -0.0139507 0.0775397 
0.0121199 -0.0207692 0.00351549 -0.00465543 -0.0207692 0.0958351 -0.004635 0.0129772 0.00351549 -0.004635 0.00669403 -0.0139643 -0.00465543 0.0129772 -0.0139643 0.0775405 
0.0121923 -0.0207983 0.00350593 -0.00469467 -0.0207983 0.0958329 -0.00467867 0.0130937 0.00350593 -0.00467867 0.00662421 -0.0139326 -0.00469467 0.0130937 -0.0139326 0.0775476 
0.0122462 -0.0209055 0.00347444 -0.00467424 -0.0209055 0.0960505 -0.00468159 0.0131304 0.00347444 -0.00468159 0.00657243 -0.0138355 -0.00467424 0.0131304 -0.0138355 0.0773858 
0.0122606 -0.0209905 0.00345715 -0.0045977 -0.0209905 0.0962709 -0.00462615 0.0129997 0.00345715 -0.00462615 0.00655092 -0.0137106 -0.0045977 0.0129997 -0.0137106 0.0769925 
0.0122793 -0.0210175 0.00344454 -0.00459289 -0.0210175 0.0964595 -0.00462102 0.0129511 0.00344454 -0.00462102 0.00654958 -0.01371 -0.00459289 0.0129511 -0.01371 0.0769005 
0.0122763 -0.0210262 0.0034269 -0.00457191 -0.0210262 0.096488 -0.00459236 0.0128895 0.0034269 -0.00459236 0.00654607 -0.0136953 -0.00457191 0.0128895 -0.0136953 0.0768091 
0.0123015 -0.021028 0.00343954 -0.00456342 -0.021028 0.0965292 -0.00457622 0.012856 0.00343954 -0.00457622 0.00653149 -0.0137105 -0.00456342 0.012856 -0.0137105 0.0768482 
0.0122927 -0.0210429 0.00348363 -0.00457951 -0.0210429 0.0965323 -0.00458859 0.0128613 0.00348363 -0.00458859 0.00653982 -0.0136923 -0.00457951 0.0128613 -0.0136923 0.0768227 
0.0122822 -0.0210366 0.00353501 -0.00462148 -0.0210366 0.0965015 -0.00462334 0.0129102 0.00353501 -0.00462334 0.00654574 -0.0136715 -0.00462148 0.0129102 -0.0136715 0.0767029 
0.0123101 -0.0210863 0.00359263 -0.00468973 -0.0210863 0.0967071 -0.00468047 0.0130325 0.00359263 -0.00468047 0.00656701 -0.0136877 -0.00468973 0.0130325 -0.0136877 0.0767626 
0.0122836 -0.0210453 0.003646 -0.00480353 -0.0210453 0.0966067 -0.0047837 0.0133062 0.003646 -0.0047837 0.00660084 -0.0137673 -0.00480353 0.0133062 -0.0137673 0.0769525 
0.0122869 -0.0210062 0.0036612 -0.00487043 -0.0210062 0.0964785 -0.00484797 0.0135223 0.0036612 -0.00484797 0.00659236 -0.013813 -0.00487043 0.0135223 -0.013813 0.0770992 
0.0123326 -0.0210495 0.00365104 -0.00487225 -0.0210495 0.0965651 -0.00485921 0.0135986 0.00365104 -0.00485921 0.00655981 -0.0137946 -0.00487225 0.0135986 -0.0137946 0.0771483 
0.012356 -0.0210608 0.00360697 -0.00485998 -0.0210608 0.0965277 -0.00486162 0.013621 0.00360697 -0.00486162 0.00651307 -0.0137586 -0.00485998 0.013621 -0.0137586 0.077062 
0.0123477 -0.0211211 0.00356711 -0.00478888 -0.0211211 0.0966681 -0.00480748 0.0135186 0.00356711 -0.00480748 0.00650879 -0.013691 -0.00478888 0.0135186 -0.013691 0.0769206 
0.012363 -0.0211331 0.00354823 -0.00471614 -0.0211331 0.0967696 -0.00473979 0.0133272 0.00354823 -0.00473979 0.0064774 -0.0136529 -0.00471614 0.0133272 -0.0136529 0.0767463 
0.012359 -0.0211818 0.00354516 -0.00467923 -0.0211818 0.0969257 -0.00469757 0.0131648 0.00354516 -0.00469757 0.00648509 -0.0135983 -0.00467923 0.0131648 -0.0135983 0.0765959 
0.0123317 -0.0211558 0.00355704 -0.00471207 -0.0211558 0.0969539 -0.00471684 0.0131852 0.00355704 -0.00471684 0.00652984 -0.0136464 -0.00471207 0.0131852 -0.0136464 0.076684 
0.0122841 -0.0210973 0.00357856 -0.00473477 -0.0210973 0.0968121 -0.00472589 0.0132309 0.00357856 -0.00472589 0.00657779 -0.0137012 -0.00473477 0.0132309 -0.0137012 0.076791 
0.0122854 -0.0210504 0.00355422 -0.00473671 -0.0210504 0.096652 -0.0047158 0.0132053 0.00355422 -0.0047158 0.00657055 -0.0137168 -0.00473671 0.0132053 -0.0137168 0.0767775 
0.0123626 -0.0210914 0.00356208 -0.004708 -0.0210914 0.0967409 -0.00468608 0.0131518 0.00356208 -0.00468608 0.00653735 -0.0137236 -0.004708 0.0131518 -0.0137236 0.076853 
0.0124188 -0.0211601 0.00352452 -0.00470686 -0.0211601 0.0968201 -0.00469638 0.0131241 0.00352452 -0.00469638 0.00651029 -0.0136838 -0.00470686 0.0131241 -0.0136838 0.076782 
0.0125168 -0.0212623 0.0035366 -0.00467171 -0.0212623 0.0971273 -0.00467362 0.0130981 0.0035366 -0.00467362 0.00648645 -0.0136952 -0.00467171 0.0130981 -0.0136952 0.0768814 
0.0125406 -0.0213611 0.00351424 -0.00465866 -0.0213611 0.0973198 -0.00467185 0.0130374 0.00351424 -0.00467185 0.00648631 -0.0136546 -0.00465866 0.0130374 -0.0136546 0.0767891 
0.0125315 -0.0214015 0.00350535 -0.00465069 -0.0214015 0.0975172 -0.00466361 0.0130296 0.00350535 -0.00466361 0.00651879 -0.013703 -0.00465069 0.0130296 -0.013703 0.0769215 
0.0125157 -0.0213374 0.00352238 -0.00466985 -0.0213374 0.0974203 -0.00467399 0.0130804 0.00352238 -0.00467399 0.00652386 -0.0137992 -0.00466985 0.0130804 -0.0137992 0.0772022 
0.0125342 -0.021318 0.00353114 -0.0046888 -0.021318 0.0973382 -0.00468842 0.0131179 0.00353114 -0.00468842 0.00647711 -0.0138125 -0.0046888 0.0131179 -0.0138125 0.0773626 
0.0125206 -0.0213421 0.00355129 -0.00470216 -0.0213421 0.0973584 -0.00470847 0.0131692 0.00355129 -0.00470847 0.00646383 -0.013751 -0.00470216 0.0131692 -0.013751 0.07733 
0.0124968 -0.021324 0.00357425 -0.00471966 -0.021324 0.0973211 -0.00472771 0.0132104 0.00357425 -0.00472771 0.00645838 -0.0136918 -0.00471966 0.0132104 -0.0136918 0.077127 
0.0125128 -0.0213161 0.00353691 -0.00474726 -0.0213161 0.0973307 -0.00474957 0.0132664 0.00353691 -0.00474957 0.0064403 -0.0136638 -0.00474726 0.0132664 -0.0136638 0.0769843 
0.0125399 -0.0213538 0.00351394 -0.00468892 -0.0213538 0.0974079 -0.00469273 0.0131891 0.00351394 -0.00469273 0.00642977 -0.0136151 -0.00468892 0.0131891 -0.0136151 0.076819 
0.0125855 -0.0213681 0.00354141 -0.00464816 -0.0213681 0.0973997 -0.00465484 0.0130689 0.00354141 -0.00465484 0.00639107 -0.0135853 -0.00464816 0.0130689 -0.0135853 0.0766404 
0.0126259 -0.0214486 0.00362025 -0.00467966 -0.0214486 0.0975732 -0.00468773 0.01307 0.00362025 -0.00468773 0.00636609 -0.0135524 -0.00467966 0.01307 -0.0135524 0.0765633 
0.0126818 -0.0215133 0.00364941 -0.00480594 -0.0215133 0.0978225 -0.00480883 0.013307 0.00364941 -0.00480883 0.00633831 -0.0135656 -0.00480594 0.013307 -0.0135656 0.0766581 
0.0126629 -0.0215513 0.00365396 -0.00483217 -0.0215513 0.0978786 -0.00483677 0.0134518 0.00365396 -0.00483677 0.00636393 -0.0135012 -0.00483217 0.0134518 -0.0135012 0.0764963 
0.0126371 -0.0215185 0.00366459 -0.00485684 -0.0215185 0.0978501 -0.00485781 0.0135557 0.00366459 -0.00485781 0.00639495 -0.013553 -0.00485684 0.0135557 -0.013553 0.0765309 
0.0126019 -0.0214973 0.00368627 -0.00488988 -0.0214973 0.0978613 -0.00488425 0.0136608 0.00368627 -0.00488425 0.00644407 -0.0136403 -0.00488988 0.0136608 -0.0136403 0.0768143 
0.012551 -0.0213861 0.00369772 -0.00491648 -0.0213861 0.0975332 -0.00490467 0.0137339 0.00369772 -0.00490467 0.00644938 -0.0136948 -0.00491648 0.0137339 -0.0136948 0.0769335 
0.0125893 -0.0214128 0.0036782 -0.00489525 -0.0214128 0.0975895 -0.00488328 0.0136811 0.0036782 -0.00488328 0.00643143 -0.0136645 -0.00489525 0.0136811 -0.0136645 0.0769476 
0.0126321 -0.0214482 0.00369779 -0.00487388 -0.0214482 0.0976597 -0.00486915 0.0136374 0.00369779 -0.00486915 0.0064072 -0.0136474 -0.00487388 0.0136374 -0.0136474 0.0769152 
0.012669 -0.0214649 0.00372178 -0.00491419 -0.0214649 0.0976675 -0.00491589 0.0137122 0.00372178 -0.00491589 0.00637396 -0.0136421 -0.00491419 0.0137122 -0.0136421 0.0769108 
0.0127133 -0.021558 0.00372511 -0.00493087 -0.021558 0.0979098 -0.00494281 0.0137721 0.00372511 -0.00494281 0.00634725 -0.0135933 -0.00493087 0.0137721 -0.0135933 0.076859 
0.012672 -0.0215955 0.00373016 -0.00493717 -0.0215955 0.0980341 -0.00495526 0.0138161 0.00373016 -0.00495526 0.00637193 -0.0135574 -0.00493717 0.0138161 -0.0135574 0.0767466 
0.0126168 -0.0215352 0.00372039 -0.00493961 -0.0215352 0.0979511 -0.00494915 0.0138177 0.00372039 -0.00494915 0.0063986 -0.0135694 -0.00493961 0.0138177 -0.0135694 0.0766661 
0.012565 -0.0214622 0.0036952 -0.00494771 -0.0214622 0.0978066 -0.00494426 0.0138366 0.0036952 -0.00494426 0.00643688 -0.0136233 -0.00494771 0.0138366 -0.0136233 0.0767796 
0.0124939 -0.0213513 0.0037221 -0.00494191 -0.0213513 0.0975081 -0.00493111 0.013857 0.0037221 -0.00493111 0.0064763 -0.0136965 -0.00494191 0.013857 -0.0136965 0.0769657 
0.0124352 -0.0212677 0.0037547 -0.00495404 -0.0212677 0.0972337 -0.00493924 0.0138463 0.0037547 -0.00493924 0.00650376 -0.0137104 -0.00495404 0.0138463 -0.0137104 0.0770041 
0.012456 -0.0212377 0.00378655 -0.00498836 -0.0212377 0.0971612 -0.00496889 0.0138852 0.00378655 -0.00496889 0.00649699 -0.0137254 -0.00498836 0.0138852 -0.0137254 0.0770449 
0.0124668 -0.0211883 0.0037902 -0.00505831 -0.0211883 0.0969267 -0.0050427 0.0140652 0.0037902 -0.0050427 0.00645666 -0.0137434 -0.00505831 0.0140652 -0.0137434 0.0770789 
0.0124986 -0.0212899 0.00374709 -0.00504179 -0.0212899 0.0971755 -0.00504297 0.0141108 0.00374709 -0.00504297 0.0064313 -0.0136743 -0.00504179 0.0141108 -0.0136743 0.0770329 
0.0125003 -0.0213224 0.00366424 -0.00494469 -0.0213224 0.0972569 -0.00496141 0.0139323 0.00366424 -0.00496141 0.00640026 -0.0135707 -0.00494469 0.0139323 -0.0135707 0.0766663 
0.012508 -0.0213231 0.00361524 -0.00485585 -0.0213231 0.0973116 -0.00487787 0.013735 0.00361524 -0.00487787 0.00638248 -0.0135533 -0.00485585 0.013735 -0.0135533 0.0765384 
0.0124997 -0.0213255 0.00361645 -0.00479636 -0.0213255 0.0973335 -0.00481926 0.0135598 0.00361645 -0.00481926 0.00638071 -0.0135388 -0.00479636 0.0135598 -0.0135388 0.0764923 
0.0124879 -0.0213142 0.00367744 -0.0048167 -0.0213142 0.0973585 -0.00483309 0.0135381 0.00367744 -0.00483309 0.00639565 -0.013558 -0.0048167 0.0135381 -0.013558 0.0765638 
0.0124114 -0.0212586 0.00373871 -0.00490602 -0.0212586 0.0971936 -0.00491138 0.0136836 0.00373871 -0.00491138 0.00644531 -0.0135694 -0.00490602 0.0136836 -0.0135694 0.0765643 
0.0123733 -0.0212163 0.00375444 -0.00496918 -0.0212163 0.0971377 -0.00495909 0.0138177 0.00375444 -0.00495909 0.006483 -0.0135883 -0.00496918 0.0138177 -0.0135883 0.0765577 
0.0123289 -0.021174 0.00375734 -0.00498465 -0.021174 0.0970336 -0.00496222 0.0138765 0.00375734 -0.00496222 0.00653879 -0.0136115 -0.00498465 0.0138765 -0.0136115 0.0765535 
0.0122888 -0.0210826 0.0037801 -0.00499968 -0.0210826 0.0967766 -0.00496991 0.0139205 0.0037801 -0.00496991 0.00657139 -0.013693 -0.00499968 0.0139205 -0.013693 0.0766665 
0.0123064 -0.0210662 0.00380833 -0.00502094 -0.0210662 0.0967119 -0.00498865 0.0139545 0.00380833 -0.00498865 0.00658095 -0.013744 -0.00502094 0.0139545 -0.013744 0.0768523 
0.012288 -0.0210488 0.00384727 -0.00507689 -0.0210488 0.0966208 -0.00505105 0.0140948 0.00384727 -0.00505105 0.0066073 -0.0138023 -0.00507689 0.0140948 -0.0138023 0.077074 
0.0122976 -0.0210433 0.0038771 -0.00510749 -0.0210433 0.0965893 -0.00508848 0.0141891 0.0038771 -0.00508848 0.00660838 -0.0138132 -0.00510749 0.0141891 -0.0138132 0.0771431 
0.0123381 -0.0210955 0.0038862 -0.00512785 -0.0210955 0.0967322 -0.0051159 0.0142444 0.0038862 -0.0051159 0.00660279 -0.0138035 -0.00512785 0.0142444 -0.0138035 0.0771628 
0.0123208 -0.0211017 0.00388911 -0.00514713 -0.0211017 0.0967144 -0.00514165 0.0143174 0.00388911 -0.00514165 0.00660196 -0.013815 -0.00514713 0.0143174 -0.013815 0.0771705 
0.012335 -0.0210739 0.00390465 -0.00516083 -0.0210739 0.0966692 -0.00515818 0.0143815 0.00390465 -0.00515818 0.00657187 -0.0138366 -0.00516083 0.0143815 -0.0138366 0.0772499 
0.0123468 -0.0210993 0.00389547 -0.00517083 -0.0210993 0.0966908 -0.00517517 0.0144155 0.00389547 -0.00517517 0.00653492 -0.0137909 -0.00517083 0.0144155 -0.0137909 0.0772019 
0.0124043 -0.0211633 0.00387592 -0.0051532 -0.0211633 0.0969166 -0.00516395 0.0144032 0.00387592 -0.00516395 0.00648698 -0.0137317 -0.0051532 0.0144032 -0.0137317 0.0771113 
0.0124421 -0.0212118 0.00387577 -0.00512072 -0.0212118 0.0970252 -0.00513883 0.0143438 0.00387577 -0.00513883 0.00644431 -0.0136484 -0.00512072 0.0143438 -0.0136484 0.0768725 
0.0124257 -0.0212857 0.00390114 -0.00510955 -0.0212857 0.0972323 -0.00513138 0.0142932 0.00390114 -0.00513138 0.00646641 -0.0135766 -0.00510955 0.0142932 -0.0135766 0.0766496 
0.0124142 -0.0212351 0.00394112 -0.00516418 -0.0212351 0.0971932 -0.00517243 0.0143734 0.00394112 -0.00517243 0.00647686 -0.0136175 -0.00516418 0.0143734 -0.0136175 0.0766225 
0.0124125 -0.021201 0.0039695 -0.00521356 -0.021201 0.0970423 -0.00520845 0.0144738 0.0039695 -0.00520845 0.00648166 -0.0136163 -0.00521356 0.0144738 -0.0136163 0.0765725 
0.0124092 -0.0212034 0.00404943 -0.0052645 -0.0212034 0.097008 -0.00525577 0.0146131 0.00404943 -0.00525577 0.00650124 -0.0136435 -0.0052645 0.0146131 -0.0136435 0.0766366 
