0.0119699 0 -0.00104453 0 0 0.00997927 0 0 -0.00104453 0 0.00434194 0 0 0 0 0.00997927 
0.0168992 -0.0209056 -0.0013744 0.00167498 -0.0209056 0.0492514 0.00167498 -0.00321122 -0.0013744 0.00167498 0.00609635 -0.00767846 0.00167498 -0.00321122 -0.00767846 0.023889 
0.0163612 -0.0294816 -0.00117821 0.00181108 -0.0294816 0.103249 0.00181108 -0.00566408 -0.00117821 0.00181108 0.00657624 -0.0139513 0.00181108 -0.00566408 -0.0139513 0.0542019 
0.0150965 -0.0266174 -0.00104673 0.00125095 -0.0266174 0.112475 0.00125631 -0.00403029 -0.00104673 0.00125631 0.00608174 -0.0150659 0.00125095 -0.00403029 -0.0150659 0.072818 
0.0151354 -0.0249957 -0.0011319 0.00116657 -0.0249957 0.109655 0.00117948 -0.00310866 -0.0011319 0.00117948 0.00586575 -0.0141697 0.00116657 -0.00310866 -0.0141697 0.0775233 
0.0154796 -0.0250277 -0.00116854 0.00131228 -0.0250277 0.108361 0.00132252 -0.00315407 -0.00116854 0.00132252 0.00590493 -0.0135951 0.00131228 -0.00315407 -0.0135951 0.0774968 
0.0157017 -0.0254837 -0.00122503 0.00137892 -0.0254837 0.109001 0.00138348 -0.00337473 -0.00122503 0.00138348 0.00606763 -0.0135841 0.00137892 -0.00337473 -0.0135841 0.077549 
0.015776 -0.0256824 -0.00118094 0.00142304 -0.0256824 0.109542 0.0014204 -0.0034929 -0.00118094 0.0014204 0.00603652 -0.0137 0.00142304 -0.0034929 -0.0137 0.0776929 
0.0158015 -0.0257704 -0.00114911 0.00136773 -0.0257704 0.109891 0.00136706 -0.00344654 -0.00114911 0.00136706 0.00598521 -0.0136762 0.00136773 -0.00344654 -0.0136762 0.0778373 
0.0157855 -0.0257854 -0.0011882 0.00133013 -0.0257854 0.109994 0.00133308 -0.00335491 -0.0011882 0.00133308 0.00600573 -0.0136293 0.00133013 -0.00335491 -0.0136293 0.0778267 
0.0157963 -0.0257793 -0.00118622 0.0013781 -0.0257793 0.11005 0.001376 -0.00338775 -0.00118622 0.001376 0.00595308 -0.013645 0.0013781 -0.00338775 -0.013645 0.0778332 
0.0158123 -0.0257743 -0.0011284 0.00138621 -0.0257743 0.110018 0.00138435 -0.00343925 -0.0011284 0.00138435 0.00595619 -0.0136064 0.00138621 -0.00343925 -0.0136064 0.077814 
0.0158205 -0.0257917 -0.00109077 0.00131426 -0.0257917 0.110027 0.00131712 -0.003348 -0.00109077 0.00131712 0.00596965 -0.0135983 0.00131426 -0.003348 -0.0135983 0.0777538 
0.0158236 -0.0258111 -0.00109762 0.00125552 -0.0258111 0.110092 0.00126287 -0.00319506 -0.00109762 0.00126287 0.00583825 -0.0135791 0.00125552 -0.00319506 -0.0135791 0.0776484 
0.0158181 -0.0258175 -0.00112872 0.00126444 -0.0258175 0.110134 0.00127086 -0.00314876 -0.00112872 0.00127086 0.00575325 -0.0134238 0.00126444 -0.00314876 -0.0134238 0.0773938 
0.0158069 -0.0257986 -0.00115152 0.00131076 -0.0257986 0.110091 0.0013129 -0.00321721 -0.00115152 0.0013129 0.00568597 -0.013303 0.00131076 -0.00321721 -0.013303 0.0770514 
0.0158006 -0.0257904 -0.00115746 0.00134249 -0.0257904 0.110067 0.00134202 -0.00330494 -0.00115746 0.00134202 0.00564201 -0.0132011 0.00134249 -0.00330494 -0.0132011 0.0767327 
0.0157861 -0.0257707 -0.001172 0.00135663 -0.0257707 0.110001 0.00135733 -0.00336872 -0.001172 0.00135733 0.00567315 -0.0131608 0.00135663 -0.00336872 -0.0131608 0.0765691 
0.0157596 -0.0257621 -0.00124149 0.00137564 -0.0257621 0.10998 0.00137695 -0.00341916 -0.00124149 0.00137695 0.00579386 -0.0132207 0.00137564 -0.00341916 -0.0132207 0.076655 
0.0157337 -0.0257303 -0.00130743 0.00145334 -0.0257303 0.109921 0.00144863 -0.00354313 -0.00130743 0.00144863 0.00589767 -0.0133701 0.00145334 -0.00354313 -0.0133701 0.0769274 
0.0157389 -0.0257109 -0.00130617 0.00153074 -0.0257109 0.109893 0.00152061 -0.00371396 -0.00130617 0.00152061 0.00596219 -0.0135106 0.00153074 -0.00371396 -0.0135106 0.0773068 
0.0157512 -0.0257027 -0.00126625 0.00152998 -0.0257027 0.109835 0.00152084 -0.0037855 -0.00126625 0.00152084 0.00600816 -0.0136084 0.00152998 -0.0037855 -0.0136084 0.0776248 
0.0157718 -0.0257053 -0.00118594 0.00147137 -0.0257053 0.109784 0.00146782 -0.00370541 -0.00118594 0.00146782 0.00596987 -0.0136534 0.00147137 -0.00370541 -0.0136534 0.0777681 
0.0158195 -0.0257633 -0.00111025 0.0013734 -0.0257633 0.109939 0.00137733 -0.00351536 -0.00111025 0.00137733 0.00587272 -0.0136223 0.0013734 -0.00351536 -0.0136223 0.0778302 
0.0158414 -0.0257924 -0.00102712 0.00128399 -0.0257924 0.109986 0.00129166 -0.00330044 -0.00102712 0.00129166 0.00576944 -0.0134928 0.00128399 -0.00330044 -0.0134928 0.0775942 
0.0158424 -0.0258173 -0.00100357 0.00119316 -0.0258173 0.110031 0.00120282 -0.00309102 -0.00100357 0.00120282 0.00575194 -0.0133578 0.00119316 -0.00309102 -0.0133578 0.0772575 
0.0158546 -0.025846 -0.000995419 0.00117138 -0.025846 0.11017 0.00118056 -0.00298126 -0.000995419 0.00118056 0.00586459 -0.0133555 0.00117138 -0.00298126 -0.0133555 0.0771897 
0.0158513 -0.0258512 -0.00101526 0.00115844 -0.0258512 0.110209 0.00116521 -0.00292688 -0.00101526 0.00116521 0.00594338 -0.0134838 0.00115844 -0.00292688 -0.0134838 0.0773394 
0.0158381 -0.0258112 -0.0010116 0.00117504 -0.0258112 0.110061 0.00117713 -0.00291855 -0.0010116 0.00117713 0.00593408 -0.0135606 0.00117504 -0.00291855 -0.0135606 0.0774605 
0.0158551 -0.025842 -0.00101988 0.0011793 -0.025842 0.110168 0.00117701 -0.00293048 -0.00101988 0.00117701 0.00595461 -0.0135863 0.0011793 -0.00293048 -0.0135863 0.0776692 
0.0158483 -0.0258412 -0.00102873 0.00119446 -0.0258412 0.110163 0.00118854 -0.00295693 -0.00102873 0.00118854 0.00596309 -0.0136056 0.00119446 -0.00295693 -0.0136056 0.0777322 
0.0158273 -0.0258325 -0.0010777 0.00120604 -0.0258325 0.11014 0.00120076 -0.00299298 -0.0010777 0.00120076 0.0059948 -0.0136197 0.00120604 -0.00299298 -0.0136197 0.0777825 
0.0158192 -0.0258231 -0.00110837 0.00125576 -0.0258231 0.110155 0.0012498 -0.00307584 -0.00110837 0.0012498 0.00598321 -0.0136325 0.00125576 -0.00307584 -0.0136325 0.0777909 
0.0158151 -0.0257884 -0.00110302 0.00129555 -0.0257884 0.110041 0.00128994 -0.00318023 -0.00110302 0.00128994 0.00596012 -0.0136459 0.00129555 -0.00318023 -0.0136459 0.0778429 
0.015849 -0.0258164 -0.00105373 0.00128132 -0.0258164 0.110128 0.00128011 -0.00319222 -0.00105373 0.00128011 0.00582293 -0.0135855 0.00128132 -0.00319222 -0.0135855 0.0777484 
0.0158348 -0.0258087 -0.00105844 0.0012232 -0.0258087 0.110029 0.00122533 -0.00310224 -0.00105844 0.00122533 0.00565528 -0.0133873 0.0012232 -0.00310224 -0.0133873 0.0772906 
0.0158261 -0.0258131 -0.00109106 0.00123758 -0.0258131 0.110051 0.00123963 -0.00308941 -0.00109106 0.00123963 0.00556047 -0.0131798 0.00123758 -0.00308941 -0.0131798 0.0768007 
0.0158193 -0.0258199 -0.00112855 0.00129245 -0.0258199 0.110114 0.0012898 -0.00319392 -0.00112855 0.0012898 0.00558643 -0.0130781 0.00129245 -0.00319392 -0.0130781 0.0765036 
0.0158284 -0.0258088 -0.00110329 0.00134159 -0.0258088 0.110119 0.00133776 -0.00332275 -0.00110329 0.00133776 0.00570038 -0.0131126 0.00134159 -0.00332275 -0.0131126 0.076453 
0.0158381 -0.0257962 -0.001031 0.00129885 -0.0257962 0.110037 0.00129949 -0.00330272 -0.001031 0.00129949 0.00573715 -0.0132255 0.00129885 -0.00330272 -0.0132255 0.0765459 
0.0158468 -0.0258408 -0.00103928 0.00120911 -0.0258408 0.110161 0.00121708 -0.00314426 -0.00103928 0.00121708 0.00589339 -0.0133444 0.00120911 -0.00314426 -0.0133444 0.0769554 
0.0158645 -0.0258325 -0.000978952 0.00120902 -0.0258325 0.110156 0.00121533 -0.00305352 -0.000978952 0.00121533 0.0060124 -0.0135393 0.00120902 -0.00305352 -0.0135393 0.077391 
0.0158468 -0.0258343 -0.000997371 0.00113651 -0.0258343 0.110098 0.00114042 -0.00291876 -0.000997371 0.00114042 0.0060553 -0.0136847 0.00113651 -0.00291876 -0.0136847 0.0777662 
0.0158453 -0.0258279 -0.00099307 0.00115961 -0.0258279 0.110101 0.00115864 -0.00288284 -0.00099307 0.00115864 0.0060444 -0.0137613 0.00115961 -0.00288284 -0.0137613 0.0780828 
0.0158622 -0.0258569 -0.00100836 0.0011598 -0.0258569 0.110228 0.0011573 -0.00289047 -0.00100836 0.0011573 0.00599493 -0.0137556 0.0011598 -0.00289047 -0.0137556 0.0782379 
0.0158521 -0.0258379 -0.00100991 0.00117468 -0.0258379 0.110149 0.00117237 -0.0029117 -0.00100991 0.00117237 0.00595318 -0.0136639 0.00117468 -0.0029117 -0.0136639 0.0780469 
0.0158702 -0.025849 -0.000967765 0.00118434 -0.025849 0.110193 0.00118204 -0.00294674 -0.000967765 0.00118204 0.00596867 -0.0136329 0.00118434 -0.00294674 -0.0136329 0.0779752 
0.0158599 -0.0258441 -0.000958122 0.00113561 -0.0258441 0.110135 0.00113715 -0.00289223 -0.000958122 0.00113715 0.00605715 -0.0136566 0.00113561 -0.00289223 -0.0136566 0.0779598 
0.0158576 -0.0258601 -0.000978334 0.00111667 -0.0258601 0.110209 0.00111957 -0.00282559 -0.000978334 0.00111957 0.00615049 -0.0137734 0.00111667 -0.00282559 -0.0137734 0.078183 
0.0158332 -0.0258409 -0.00103973 0.00112992 -0.0258409 0.110165 0.00113171 -0.00281231 -0.00103973 0.00113171 0.00605605 -0.0138518 0.00112992 -0.00281231 -0.0138518 0.0783226 
0.0158063 -0.0258098 -0.00110945 0.00120567 -0.0258098 0.110088 0.00120403 -0.00292421 -0.00110945 0.00120403 0.0060079 -0.0137616 0.00120567 -0.00292421 -0.0137616 0.0782899 
0.0158046 -0.0257985 -0.00115202 0.00129936 -0.0257985 0.110094 0.00129478 -0.00312843 -0.00115202 0.00129478 0.00604153 -0.0137256 0.00129936 -0.00312843 -0.0137256 0.078264 
0.0158083 -0.0257806 -0.00113311 0.00134349 -0.0257806 0.110029 0.00133572 -0.00327304 -0.00113311 0.00133572 0.0059621 -0.0136988 0.00134349 -0.00327304 -0.0136988 0.0780708 
0.0158003 -0.0257725 -0.00112948 0.00132301 -0.0257725 0.109958 0.00131962 -0.00329962 -0.00112948 0.00131962 0.00592405 -0.0136068 0.00132301 -0.00329962 -0.0136068 0.0778588 
0.0158255 -0.0258055 -0.00111126 0.00132275 -0.0258055 0.110096 0.00132344 -0.0033032 -0.00111126 0.00132344 0.00599278 -0.0135977 0.00132275 -0.0033032 -0.0135977 0.077869 
0.0157963 -0.0258061 -0.0011738 0.00129566 -0.0258061 0.110084 0.00129707 -0.00326358 -0.0011738 0.00129707 0.00607682 -0.0136638 0.00129566 -0.00326358 -0.0136638 0.077912 
0.0157571 -0.0257555 -0.00121583 0.0013637 -0.0257555 0.109949 0.00136147 -0.00333343 -0.00121583 0.00136147 0.00614642 -0.0137553 0.0013637 -0.00333343 -0.0137553 0.0780403 
0.015752 -0.0257466 -0.00124458 0.00141461 -0.0257466 0.109971 0.0014098 -0.00345547 -0.00124458 0.0014098 0.00615784 -0.0138621 0.00141461 -0.00345547 -0.0138621 0.0783424 
0.0157494 -0.0257049 -0.00121553 0.0014359 -0.0257049 0.109824 0.00143265 -0.00352206 -0.00121553 0.00143265 0.00607039 -0.0138456 0.0014359 -0.00352206 -0.0138456 0.0783461 
0.0157492 -0.0257201 -0.00123246 0.00139489 -0.0257201 0.109835 0.00139848 -0.00348165 -0.00123246 0.00139848 0.00596118 -0.0137262 0.00139489 -0.00348165 -0.0137262 0.0781513 
0.0157553 -0.0257257 -0.00122715 0.00141916 -0.0257257 0.109872 0.00142192 -0.00349018 -0.00122715 0.00142192 0.00589992 -0.0135902 0.00141916 -0.00349018 -0.0135902 0.0778523 
0.0157538 -0.0257311 -0.00124409 0.00142067 -0.0257311 0.109892 0.00142349 -0.00351625 -0.00124409 0.00142349 0.00588456 -0.0135107 0.00142067 -0.00351625 -0.0135107 0.0775996 
0.015732 -0.0257235 -0.0013077 0.00144328 -0.0257235 0.109874 0.00144492 -0.00355839 -0.0013077 0.00144492 0.00587152 -0.0134883 0.00144328 -0.00355839 -0.0134883 0.0774636 
0.015725 -0.0257067 -0.00132277 0.00152642 -0.0257067 0.109868 0.00152188 -0.00370479 -0.00132277 0.00152188 0.00596327 -0.0134893 0.00152642 -0.00370479 -0.0134893 0.0774688 
0.0157096 -0.0256739 -0.00132634 0.00153288 -0.0256739 0.10974 0.00152669 -0.00377251 -0.00132634 0.00152669 0.00587468 -0.0135292 0.00153288 -0.00377251 -0.0135292 0.0773724 
0.0157324 -0.0256821 -0.00128942 0.00153435 -0.0256821 0.109771 0.00153199 -0.00379271 -0.00128942 0.00153199 0.00574802 -0.0134454 0.00153435 -0.00379271 -0.0134454 0.0772968 
0.0157601 -0.025711 -0.00124495 0.0014891 -0.025711 0.10984 0.00149202 -0.00373043 -0.00124495 0.00149202 0.00555816 -0.0132605 0.0014891 -0.00373043 -0.0132605 0.076921 
0.0157692 -0.0257342 -0.00123906 0.0014411 -0.0257342 0.109886 0.00144898 -0.00363602 -0.00123906 0.00144898 0.0054162 -0.0130141 0.0014411 -0.00363602 -0.0130141 0.0763546 
0.0157685 -0.0257424 -0.00124423 0.00144605 -0.0257424 0.109915 0.00145431 -0.00361642 -0.00124423 0.00145431 0.00538056 -0.0128271 0.00144605 -0.00361642 -0.0128271 0.075816 
0.0157794 -0.0257346 -0.0011972 0.00146864 -0.0257346 0.109895 0.00147359 -0.00366721 -0.0011972 0.00147359 0.00544927 -0.0127903 0.00146864 -0.00366721 -0.0127903 0.0755642 
0.0157845 -0.0257502 -0.00117658 0.00140536 -0.0257502 0.109912 0.00141032 -0.0035883 -0.00117658 0.00141032 0.00549829 -0.0128452 0.00140536 -0.0035883 -0.0128452 0.0755088 
0.0157966 -0.0257718 -0.00116757 0.00137906 -0.0257718 0.11 0.00138381 -0.00349798 -0.00116757 0.00138381 0.00559731 -0.012949 0.00137906 -0.00349798 -0.012949 0.0757615 
0.0158214 -0.0257805 -0.00110627 0.00135825 -0.0257805 0.110029 0.00135985 -0.00342006 -0.00110627 0.00135985 0.00556641 -0.0130533 0.00135825 -0.00342006 -0.0130533 0.0759897 
0.015822 -0.0258007 -0.00110247 0.00128529 -0.0258007 0.110048 0.00128794 -0.00328173 -0.00110247 0.00128794 0.00549769 -0.0130201 0.00128529 -0.00328173 -0.0130201 0.0760299 
0.0158355 -0.0258055 -0.00106396 0.00128739 -0.0258055 0.110076 0.00128924 -0.00322542 -0.00106396 0.00128924 0.0054307 -0.0129529 0.00128739 -0.00322542 -0.0129529 0.0759603 
0.0158246 -0.0258146 -0.00109441 0.00124571 -0.0258146 0.110079 0.00124968 -0.00316164 -0.00109441 0.00124968 0.00537645 -0.0128503 0.00124571 -0.00316164 -0.0128503 0.0757235 
0.0158088 -0.0258135 -0.00115022 0.00128571 -0.0258135 0.110112 0.0012857 -0.00318937 -0.00115022 0.0012857 0.00533385 -0.0127809 0.00128571 -0.00318937 -0.0127809 0.0755315 
0.0157858 -0.0257764 -0.00118456 0.00136059 -0.0257764 0.110014 0.00135628 -0.0033335 -0.00118456 0.00135628 0.00530843 -0.0127202 0.00136059 -0.0033335 -0.0127202 0.0753365 
0.0157935 -0.0257719 -0.00118419 0.0014067 -0.0257719 0.110031 0.00140284 -0.00347689 -0.00118419 0.00140284 0.0053329 -0.012696 0.0014067 -0.00347689 -0.012696 0.0752723 
0.0157908 -0.0257728 -0.00119701 0.00140049 -0.0257728 0.110019 0.00139929 -0.00351755 -0.00119701 0.00139929 0.00535324 -0.0127093 0.00140049 -0.00351755 -0.0127093 0.0752305 
0.0157671 -0.025765 -0.00126715 0.00141274 -0.025765 0.109994 0.00141313 -0.00353812 -0.00126715 0.00141313 0.00537316 -0.0127453 0.00141274 -0.00353812 -0.0127453 0.0752893 
0.0157543 -0.0257405 -0.00131084 0.00150034 -0.0257405 0.10996 0.00149421 -0.00367784 -0.00131084 0.00149421 0.00545523 -0.0127834 0.00150034 -0.00367784 -0.0127834 0.0754078 
0.0157459 -0.0257041 -0.00129747 0.00156172 -0.0257041 0.109829 0.001551 -0.0038447 -0.00129747 0.001551 0.0055747 -0.0128907 0.00156172 -0.0038447 -0.0128907 0.0756006 
0.0157467 -0.0257133 -0.00128787 0.00153454 -0.0257133 0.109831 0.00152691 -0.00386142 -0.00128787 0.00152691 0.00567583 -0.0130309 0.00153454 -0.00386142 -0.0130309 0.0758968 
0.0157422 -0.0257088 -0.00127437 0.00150957 -0.0257088 0.109814 0.00150528 -0.0038028 -0.00127437 0.00150528 0.00573673 -0.0131592 0.00150957 -0.0038028 -0.0131592 0.0762138 
0.0157496 -0.0257309 -0.00127619 0.00148349 -0.0257309 0.109909 0.00148138 -0.00373162 -0.00127619 0.00148138 0.0057207 -0.0132472 0.00148349 -0.00373162 -0.0132472 0.0765232 
0.0157815 -0.0257252 -0.00120411 0.00148511 -0.0257252 0.109906 0.00148497 -0.00370528 -0.00120411 0.00148497 0.00564701 -0.0132487 0.00148511 -0.00370528 -0.0132487 0.0766659 
0.0157983 -0.0257558 -0.0011735 0.00140416 -0.0257558 0.109937 0.00141037 -0.00358751 -0.0011735 0.00141037 0.00562286 -0.0131738 0.00140416 -0.00358751 -0.0131738 0.0766152 
0.0157995 -0.0257521 -0.00113218 0.00137069 -0.0257521 0.109883 0.00137635 -0.00347513 -0.00113218 0.00137635 0.00560046 -0.0131378 0.00137069 -0.00347513 -0.0131378 0.0764815 
0.0158159 -0.0257779 -0.00108721 0.00132968 -0.0257779 0.109963 0.00133542 -0.00338489 -0.00108721 0.00133542 0.00565253 -0.0131353 0.00132968 -0.00338489 -0.0131353 0.0765006 
0.0158114 -0.0257886 -0.00108459 0.00126802 -0.0257886 0.109987 0.00127543 -0.00325152 -0.00108459 0.00127543 0.00568188 -0.0131742 0.00126802 -0.00325152 -0.0131742 0.0765092 
0.0157933 -0.0258044 -0.00115095 0.00126493 -0.0258044 0.110074 0.00127042 -0.00318429 -0.00115095 0.00127042 0.00573964 -0.0132347 0.00126493 -0.00318429 -0.0132347 0.0766839 
0.0157243 -0.0257836 -0.00131587 0.0013451 -0.0257836 0.110078 0.00134407 -0.0032845 -0.00131587 0.00134407 0.00589319 -0.0133234 0.0013451 -0.0032845 -0.0133234 0.0769282 
0.015671 -0.0256792 -0.00140835 0.00153701 -0.0256792 0.109852 0.00152485 -0.00361539 -0.00140835 0.00152485 0.0059543 -0.0134924 0.00153701 -0.00361539 -0.0134924 0.0772256 
0.015675 -0.025617 -0.00140476 0.00166423 -0.025617 0.109665 0.00164785 -0.00397421 -0.00140476 0.00164785 0.00607765 -0.0136327 0.00166423 -0.00397421 -0.0136327 0.0776989 
0.0156952 -0.025637 -0.00138256 0.00164613 -0.025637 0.109661 0.00163375 -0.00406879 -0.00138256 0.00163375 0.00614925 -0.0137711 0.00164613 -0.00406879 -0.0137711 0.0780737 
0.015697 -0.0256529 -0.00137833 0.0016031 -0.0256529 0.109674 0.00159621 -0.00400103 -0.00137833 0.00159621 0.00613775 -0.0138447 0.0016031 -0.00400103 -0.0138447 0.0782918 
0.0157064 -0.0256672 -0.00135831 0.00159795 -0.0256672 0.109731 0.00159413 -0.00396256 -0.00135831 0.00159413 0.00616324 -0.0138518 0.00159795 -0.00396256 -0.0138518 0.0784312 
0.0157374 -0.0256787 -0.00129222 0.00156642 -0.0256787 0.109769 0.00156442 -0.00390004 -0.00129222 0.00156442 0.00610338 -0.0138409 0.00156642 -0.00390004 -0.0138409 0.0783727 
0.0157484 -0.0256814 -0.00121697 0.0014845 -0.0256814 0.109699 0.0014884 -0.0037506 -0.00121697 0.0014884 0.00600833 -0.0137458 0.0014845 -0.0037506 -0.0137458 0.0781256 
0.0157415 -0.0257291 -0.00126893 0.001401 -0.0257291 0.109838 0.00140967 -0.00356794 -0.00126893 0.00140967 0.00596198 -0.0136622 0.001401 -0.00356794 -0.0136622 0.0779829 
0.0157352 -0.0257236 -0.0013131 0.00146933 -0.0257236 0.109897 0.00147444 -0.00359637 -0.0013131 0.00147444 0.00600939 -0.0136243 0.00146933 -0.00359637 -0.0136243 0.0779052 
0.0157115 -0.0257142 -0.00138676 0.00152761 -0.0257142 0.109895 0.00152387 -0.00372387 -0.00138676 0.00152387 0.00600258 -0.0136577 0.00152761 -0.00372387 -0.0136577 0.0778911 
0.0156955 -0.0256566 -0.00138754 0.00161792 -0.0256566 0.109728 0.00160843 -0.00391041 -0.00138754 0.00160843 0.00599614 -0.0136454 0.00161792 -0.00391041 -0.0136454 0.0778422 
0.0157273 -0.0256581 -0.00130638 0.00162819 -0.0256581 0.109709 0.00162034 -0.00401916 -0.00130638 0.00162034 0.00604589 -0.0136591 0.00162819 -0.00401916 -0.0136591 0.0779058 
0.0157876 -0.0257041 -0.00116039 0.00151781 -0.0257041 0.1098 0.00151971 -0.00387751 -0.00116039 0.00151971 0.00600166 -0.0136994 0.00151781 -0.00387751 -0.0136994 0.077956 
0.0158176 -0.0257601 -0.00106557 0.00133398 -0.0257601 0.109892 0.00134836 -0.00351987 -0.00106557 0.00134836 0.00593751 -0.0136547 0.00133398 -0.00351987 -0.0136547 0.0779093 
0.0158045 -0.0257943 -0.00109047 0.00121436 -0.0257943 0.109978 0.00123402 -0.00317473 -0.00109047 0.00123402 0.00587639 -0.0135683 0.00121436 -0.00317473 -0.0135683 0.0777253 
0.0157918 -0.0257875 -0.00113279 0.00125041 -0.0257875 0.110022 0.00126356 -0.00310197 -0.00113279 0.00126356 0.00588179 -0.0135001 0.00125041 -0.00310197 -0.0135001 0.0775671 
0.0157797 -0.0257806 -0.00118939 0.00131024 -0.0257806 0.110045 0.00131352 -0.00319433 -0.00118939 0.00131352 0.00593184 -0.0134953 0.00131024 -0.00319433 -0.0134953 0.0774886 
0.015732 -0.0257474 -0.00129491 0.00138024 -0.0257474 0.109951 0.00137636 -0.00334041 -0.00129491 0.00137636 0.00597161 -0.0135408 0.00138024 -0.00334041 -0.0135408 0.0774901 
0.0157121 -0.0256883 -0.00132764 0.00151099 -0.0256883 0.109813 0.00149804 -0.00359471 -0.00132764 0.00149804 0.00600931 -0.0136037 0.00151099 -0.00359471 -0.0136037 0.0776236 
0.0157161 -0.0256939 -0.00133999 0.00154886 -0.0256939 0.109839 0.00153521 -0.00376426 -0.00133999 0.00153521 0.00597416 -0.0136374 0.00154886 -0.00376426 -0.0136374 0.0777415 
0.0156897 -0.0256679 -0.00136045 0.00156071 -0.0256679 0.109738 0.00155345 -0.00383899 -0.00136045 0.00155345 0.00600482 -0.0136059 0.00156071 -0.00383899 -0.0136059 0.0777281 
0.0156968 -0.0256467 -0.00132564 0.00156604 -0.0256467 0.109683 0.00156479 -0.00385812 -0.00132564 0.00156479 0.00598176 -0.0135949 0.00156604 -0.00385812 -0.0135949 0.077611 
0.0157299 -0.025676 -0.00126996 0.00152341 -0.025676 0.109764 0.00152703 -0.00380282 -0.00126996 0.00152703 0.00592776 -0.0135838 0.00152341 -0.00380282 -0.0135838 0.0776116 
0.0157225 -0.0256919 -0.00127092 0.00145905 -0.0256919 0.10977 0.00146719 -0.00367928 -0.00127092 0.00146719 0.00593399 -0.0135377 0.00145905 -0.00367928 -0.0135377 0.0775538 
0.0157246 -0.0256973 -0.00128893 0.00146006 -0.0256973 0.10982 0.00146748 -0.00362057 -0.00128893 0.00146748 0.00583994 -0.0135503 0.00146006 -0.00362057 -0.0135503 0.0775665 
0.0156797 -0.0256724 -0.00137384 0.00148395 -0.0256724 0.109724 0.00148801 -0.00364456 -0.00137384 0.00148801 0.00579159 -0.013427 0.00148395 -0.00364456 -0.013427 0.0773524 
0.0156809 -0.0256255 -0.00135641 0.00160408 -0.0256255 0.109629 0.00159978 -0.00385026 -0.00135641 0.00159978 0.00583684 -0.0133796 0.00160408 -0.00385026 -0.0133796 0.0772184 
0.0157114 -0.0256531 -0.0013203 0.00159448 -0.0256531 0.109698 0.00159018 -0.00395071 -0.0013203 0.00159018 0.00592755 -0.0134474 0.00159448 -0.00395071 -0.0134474 0.0773268 
0.0157197 -0.0256646 -0.00129099 0.00153333 -0.0256646 0.109689 0.00153382 -0.00386254 -0.00129099 0.00153382 0.00594439 -0.0135398 0.00153333 -0.00386254 -0.0135398 0.0774569 
0.0157441 -0.0256928 -0.00125326 0.00150085 -0.0256928 0.109779 0.00150334 -0.00376998 -0.00125326 0.00150334 0.00603651 -0.0136139 0.00150085 -0.00376998 -0.0136139 0.0777454 
0.0157584 -0.0257245 -0.00123009 0.00144352 -0.0257245 0.109871 0.00144653 -0.00363634 -0.00123009 0.00144653 0.00606053 -0.0136966 0.00144352 -0.00363634 -0.0136966 0.0779232 
0.0157365 -0.0257138 -0.00125251 0.00141579 -0.0257138 0.109818 0.00141788 -0.00353755 -0.00125251 0.00141788 0.00609836 -0.0137338 0.00141579 -0.00353755 -0.0137338 0.0780322 
0.0157296 -0.0257008 -0.00127379 0.00144207 -0.0257008 0.109801 0.00144053 -0.00353769 -0.00127379 0.00144053 0.00610853 -0.0137744 0.00144207 -0.00353769 -0.0137744 0.0781304 
0.015747 -0.0256949 -0.00124162 0.00147497 -0.0256949 0.109788 0.00146966 -0.00360273 -0.00124162 0.00146966 0.00610456 -0.0138043 0.00147497 -0.00360273 -0.0138043 0.0782455 
0.015761 -0.0257097 -0.0012114 0.00143381 -0.0257097 0.109787 0.00142967 -0.00356668 -0.0012114 0.00142967 0.00599105 -0.0137638 0.00143381 -0.00356668 -0.0137638 0.0781513 
0.0157689 -0.0257275 -0.00119854 0.00140112 -0.0257275 0.109824 0.00140031 -0.00349822 -0.00119854 0.00140031 0.00588304 -0.0136313 0.00140112 -0.00349822 -0.0136313 0.0779212 
0.0158098 -0.0257739 -0.00115565 0.00138118 -0.0257739 0.110007 0.00138251 -0.00344045 -0.00115565 0.00138251 0.00565099 -0.0134478 0.00138118 -0.00344045 -0.0134478 0.0774846 
0.0158239 -0.0257956 -0.00112075 0.00134177 -0.0257956 0.110053 0.00134491 -0.00337696 -0.00112075 0.00134491 0.00552256 -0.0131515 0.00134177 -0.00337696 -0.0131515 0.0768149 
0.0158079 -0.0257978 -0.00113464 0.00130862 -0.0257978 0.110039 0.00131582 -0.00331348 -0.00113464 0.00131582 0.00548065 -0.0129724 0.00130862 -0.00331348 -0.0129724 0.0762101 
0.015788 -0.0257729 -0.00115276 0.00132862 -0.0257729 0.109978 0.00133409 -0.00332115 -0.00115276 0.00133409 0.00548566 -0.0129157 0.00132862 -0.00332115 -0.0129157 0.0758812 
0.0158104 -0.0257787 -0.00111735 0.00135866 -0.0257787 0.110036 0.00136161 -0.00338516 -0.00111735 0.00136161 0.00555643 -0.012959 0.00135866 -0.00338516 -0.012959 0.0759485 
0.0158161 -0.0257804 -0.00109602 0.00130738 -0.0257804 0.109998 0.00131317 -0.00332857 -0.00109602 0.00131317 0.00558365 -0.0130321 0.00130738 -0.00332857 -0.0130321 0.0760462 
0.0158204 -0.0257904 -0.00109432 0.00127544 -0.0257904 0.110004 0.0012807 -0.00323054 -0.00109432 0.0012807 0.00556434 -0.0130659 0.00127544 -0.00323054 -0.0130659 0.0761455 
0.0158451 -0.0258181 -0.00107518 0.00128405 -0.0258181 0.110112 0.00128425 -0.0032117 -0.00107518 0.00128425 0.00556687 -0.0130755 0.00128405 -0.0032117 -0.0130755 0.076289 
0.0158518 -0.0258161 -0.00102255 0.00126728 -0.0258161 0.11007 0.00126413 -0.00318832 -0.00102255 0.00126413 0.00555893 -0.0130565 0.00126728 -0.00318832 -0.0130565 0.0762286 
0.0158666 -0.0258449 -0.000990721 0.00120599 -0.0258449 0.110149 0.00120417 -0.00308918 -0.000990721 0.00120417 0.00550574 -0.0130343 0.00120599 -0.00308918 -0.0130343 0.0761667 
0.015871 -0.0258364 -0.000929144 0.00116688 -0.0258364 0.1101 0.0011694 -0.00298804 -0.000929144 0.0011694 0.00546454 -0.0129741 0.00116688 -0.00298804 -0.0129741 0.0760273 
0.0158691 -0.0258698 -0.000967785 0.00109467 -0.0258698 0.110203 0.00109982 -0.00284644 -0.000967785 0.00109982 0.00548472 -0.0129186 0.00109467 -0.00284644 -0.0129186 0.0759028 
0.0158694 -0.0258576 -0.000975243 0.00113952 -0.0258576 0.110203 0.0011428 -0.00284807 -0.000975243 0.0011428 0.00549848 -0.0129397 0.00113952 -0.00284807 -0.0129397 0.0758687 
0.015867 -0.0258443 -0.000953465 0.00115642 -0.0258443 0.110143 0.00115473 -0.00289848 -0.000953465 0.00115473 0.00554142 -0.0129646 0.00115642 -0.00289848 -0.0129646 0.0758992 
0.015889 -0.025872 -0.000915497 0.00113079 -0.025872 0.110238 0.00112934 -0.00287993 -0.000915497 0.00112934 0.00556656 -0.0130305 0.00113079 -0.00287993 -0.0130305 0.0760722 
0.0158718 -0.0258673 -0.000936047 0.00108263 -0.0258673 0.110197 0.00108478 -0.00279179 -0.000936047 0.00108478 0.00563216 -0.0130885 0.00108263 -0.00279179 -0.0130885 0.0762508 
0.0158728 -0.0258653 -0.000947658 0.00110111 -0.0258653 0.110219 0.00110301 -0.00277076 -0.000947658 0.00110301 0.00565984 -0.0131665 0.00110111 -0.00277076 -0.0131665 0.0764476 
0.0158686 -0.025875 -0.000997128 0.00111926 -0.025875 0.110264 0.00111853 -0.0028022 -0.000997128 0.00111853 0.00574118 -0.0132292 0.00111926 -0.0028022 -0.0132292 0.0766936 
0.0158569 -0.0258681 -0.00104248 0.00117974 -0.0258681 0.110272 0.00117376 -0.00290273 -0.00104248 0.00117376 0.00583589 -0.0133367 0.00117974 -0.00290273 -0.0133367 0.0769609 
0.0158437 -0.0258417 -0.00106024 0.00123193 -0.0258417 0.110199 0.00122473 -0.00303019 -0.00106024 0.00122473 0.00590378 -0.0134596 0.00123193 -0.00303019 -0.0134596 0.077255 
0.0158458 -0.0258255 -0.00103484 0.00124873 -0.0258255 0.110141 0.00124191 -0.003101 -0.00103484 0.00124191 0.00592769 -0.0135528 0.00124873 -0.003101 -0.0135528 0.0775292 
