0.00397279 0 -0.00177797 0 0 0.00999245 0 0 -0.00177797 0 0.0096031 0 0 0 0 0.00999245 
0.00581532 -0.00725378 -0.00264327 0.00326064 -0.00725378 0.0230767 0.00326064 -0.00625233 -0.00264327 0.00326064 0.0134004 -0.0165876 0.00326064 -0.00625233 -0.0165876 0.0409744 
0.00609189 -0.0119115 -0.0025185 0.00438201 -0.0119115 0.0472098 0.00438201 -0.0140169 -0.0025185 0.00438201 0.0130208 -0.0236209 0.00438201 -0.0140169 -0.0236209 0.0844794 
0.00584873 -0.0129989 -0.00225815 0.00353655 -0.0129989 0.0625629 0.0035363 -0.0132796 -0.00225815 0.0035363 0.0122106 -0.0219743 0.00353655 -0.0132796 -0.0219743 0.0949802 
0.00573836 -0.0130628 -0.0022974 0.00303779 -0.0130628 0.0703645 0.00302471 -0.0106645 -0.0022974 0.00302471 0.012339 -0.021103 0.00303779 -0.0106645 -0.021103 0.0957769 
0.00571529 -0.0128777 -0.00241264 0.00307092 -0.0128777 0.0733451 0.00305703 -0.0093997 -0.00241264 0.00305703 0.0126688 -0.0213413 0.00307092 -0.0093997 -0.0213413 0.0967919 
0.00572083 -0.0126975 -0.00247844 0.00325736 -0.0126975 0.0739356 0.00325527 -0.00929499 -0.00247844 0.00325527 0.0128372 -0.0216616 0.00325736 -0.00929499 -0.0216616 0.0978587 
0.00572016 -0.0125808 -0.00246538 0.0033604 -0.0125808 0.0737514 0.00336209 -0.00948493 -0.00246538 0.00336209 0.0128971 -0.0218068 0.0033604 -0.00948493 -0.0218068 0.0984942 
0.00575598 -0.0124952 -0.00244965 0.00333426 -0.0124952 0.073377 0.00332636 -0.00949446 -0.00244965 0.00332636 0.0128777 -0.0218514 0.00333426 -0.00949446 -0.0218514 0.0987215 
0.00578933 -0.0125495 -0.00243153 0.00333274 -0.0125495 0.0733365 0.00332508 -0.00950375 -0.00243153 0.00332508 0.0128875 -0.0218229 0.00333274 -0.00950375 -0.0218229 0.0987613 
0.0058316 -0.0126229 -0.00246082 0.00332906 -0.0126229 0.073481 0.00332329 -0.00953597 -0.00246082 0.00332329 0.0128755 -0.0217999 0.00332906 -0.00953597 -0.0217999 0.0986655 
0.00584235 -0.0126508 -0.00246281 0.00331764 -0.0126508 0.0735267 0.00331663 -0.00947429 -0.00246281 0.00331663 0.0128842 -0.0217991 0.00331764 -0.00947429 -0.0217991 0.0986044 
0.00588004 -0.0126915 -0.00245026 0.0033121 -0.0126915 0.0736924 0.00331591 -0.00944444 -0.00245026 0.00331591 0.01289 -0.0218482 0.0033121 -0.00944444 -0.0218482 0.0987494 
0.00591616 -0.0127602 -0.00245076 0.00330864 -0.0127602 0.0738629 0.0033169 -0.00944809 -0.00245076 0.0033169 0.0128647 -0.0218209 0.00330864 -0.00944809 -0.0218209 0.098691 
0.00593933 -0.0128163 -0.00244308 0.00328534 -0.0128163 0.0740639 0.00329847 -0.00938647 -0.00244308 0.00329847 0.0128653 -0.0218184 0.00328534 -0.00938647 -0.0218184 0.0987079 
0.00593361 -0.0128812 -0.00244265 0.00328184 -0.0128812 0.0743364 0.00329827 -0.00936552 -0.00244265 0.00329827 0.0129095 -0.0218329 0.00328184 -0.00936552 -0.0218329 0.0987894 
0.00591072 -0.0129355 -0.0024829 0.00334426 -0.0129355 0.0745991 0.00335562 -0.00952646 -0.0024829 0.00335562 0.0129289 -0.021819 0.00334426 -0.00952646 -0.021819 0.0987101 
0.0058559 -0.0128902 -0.00252231 0.00338594 -0.0128902 0.0745978 0.00338574 -0.00963203 -0.00252231 0.00338574 0.0129683 -0.0218502 0.00338594 -0.00963203 -0.0218502 0.0987227 
0.00582238 -0.0128003 -0.00255399 0.00343157 -0.0128003 0.0744107 0.00341972 -0.00972603 -0.00255399 0.00341972 0.0129947 -0.0219149 0.00343157 -0.00972603 -0.0219149 0.098853 
0.00582741 -0.0127231 -0.002579 0.00344119 -0.0127231 0.0741734 0.00342575 -0.00973724 -0.002579 0.00342575 0.0129968 -0.0219986 0.00344119 -0.00973724 -0.0219986 0.0991246 
0.00581903 -0.0127177 -0.00261233 0.00346764 -0.0127177 0.0740204 0.00346277 -0.00979123 -0.00261233 0.00346277 0.0129973 -0.0219828 0.00346764 -0.00979123 -0.0219828 0.0991556 
0.00578146 -0.0127448 -0.00263085 0.00353325 -0.0127448 0.0740879 0.00354111 -0.00996756 -0.00263085 0.00354111 0.0130362 -0.0219737 0.00353325 -0.00996756 -0.0219737 0.0991557 
0.00577076 -0.0126478 -0.00260287 0.00349651 -0.0126478 0.0739087 0.00350053 -0.00990606 -0.00260287 0.00350053 0.0130743 -0.0220742 0.00349651 -0.00990606 -0.0220742 0.0993683 
0.00575072 -0.0126531 -0.00258965 0.00348037 -0.0126531 0.0738751 0.00348021 -0.0098619 -0.00258965 0.00348021 0.0131464 -0.0221322 0.00348037 -0.0098619 -0.0221322 0.0996 
0.00571579 -0.0126786 -0.00258941 0.00351947 -0.0126786 0.0739342 0.00351366 -0.00996713 -0.00258941 0.00351366 0.0131708 -0.0221452 0.00351947 -0.00996713 -0.0221452 0.0995775 
0.00569756 -0.0126651 -0.00262427 0.00354641 -0.0126651 0.0740039 0.00353042 -0.0100731 -0.00262427 0.00353042 0.0131814 -0.0221783 0.00354641 -0.0100731 -0.0221783 0.0996518 
0.00569686 -0.0126154 -0.00264923 0.0035621 -0.0126154 0.0739139 0.00354175 -0.010094 -0.00264923 0.00354175 0.0131824 -0.0222209 0.0035621 -0.010094 -0.0222209 0.0997883 
0.00569581 -0.0126046 -0.00271778 0.00359038 -0.0126046 0.073841 0.00357561 -0.0101533 -0.00271778 0.00357561 0.0131729 -0.022224 0.00359038 -0.0101533 -0.022224 0.0998508 
0.00571112 -0.0125968 -0.0027856 0.00367177 -0.0125968 0.0737607 0.00367172 -0.0103224 -0.0027856 0.00367172 0.0131306 -0.0221852 0.00367177 -0.0103224 -0.0221852 0.0997435 
0.00573076 -0.0125985 -0.00280303 0.00373135 -0.0125985 0.0737343 0.00374652 -0.0104839 -0.00280303 0.00374652 0.0131048 -0.0221686 0.00373135 -0.0104839 -0.0221686 0.099734 
0.00578681 -0.0126353 -0.00281372 0.00375936 -0.0126353 0.0738325 0.00378082 -0.0106126 -0.00281372 0.00378082 0.0130591 -0.0221511 0.00375936 -0.0106126 -0.0221511 0.0997521 
0.00580049 -0.0126587 -0.00274871 0.00372992 -0.0126587 0.073792 0.00375654 -0.0105634 -0.00274871 0.00375654 0.0130311 -0.0220786 0.00372992 -0.0105634 -0.0220786 0.0995573 
0.00580031 -0.0127344 -0.00268113 0.00370575 -0.0127344 0.0740002 0.00372648 -0.010565 -0.00268113 0.00372648 0.013035 -0.0220127 0.00370575 -0.010565 -0.0220127 0.099362 
0.00579349 -0.0127561 -0.00261922 0.00365734 -0.0127561 0.0741296 0.00365746 -0.0104925 -0.00261922 0.00365746 0.0130165 -0.0219736 0.00365734 -0.0104925 -0.0219736 0.099152 
0.00582656 -0.0127254 -0.00261075 0.00356061 -0.0127254 0.074125 0.00353729 -0.0102454 -0.00261075 0.00353729 0.012986 -0.0219963 0.00356061 -0.0102454 -0.0219963 0.0991925 
0.00589136 -0.0127624 -0.00264528 0.00355137 -0.0127624 0.0741593 0.00352791 -0.0101243 -0.00264528 0.00352791 0.012916 -0.0219506 0.00355137 -0.0101243 -0.0219506 0.0991341 
0.00592243 -0.0128299 -0.00267222 0.00357039 -0.0128299 0.0742547 0.0035673 -0.0101194 -0.00267222 0.0035673 0.0128629 -0.0218626 0.00357039 -0.0101194 -0.0218626 0.0989508 
0.0059379 -0.0128683 -0.00270827 0.00359539 -0.0128683 0.0743723 0.00361088 -0.0101813 -0.00270827 0.00361088 0.0128247 -0.0217947 0.00359539 -0.0101813 -0.0217947 0.098759 
0.00597852 -0.0128848 -0.00269109 0.00363586 -0.0128848 0.0744614 0.0036587 -0.0102768 -0.00269109 0.0036587 0.0127826 -0.02176 0.00363586 -0.0102768 -0.02176 0.0986654 
0.00597474 -0.0129007 -0.0026827 0.00360049 -0.0129007 0.0744322 0.00362168 -0.0102442 -0.0026827 0.00362168 0.0127736 -0.0216951 0.00360049 -0.0102442 -0.0216951 0.098476 
0.00596776 -0.0129085 -0.00270506 0.0035897 -0.0129085 0.0745032 0.00360432 -0.0101921 -0.00270506 0.00360432 0.0127972 -0.0217179 0.0035897 -0.0101921 -0.0217179 0.0985238 
0.00592134 -0.0129008 -0.00271919 0.00362905 -0.0129008 0.0744972 0.00363948 -0.0102408 -0.00271919 0.00363948 0.0128339 -0.0217205 0.00362905 -0.0102408 -0.0217205 0.0985055 
0.00593736 -0.0128598 -0.0027337 0.00368379 -0.0128598 0.0744384 0.00368547 -0.010391 -0.0027337 0.00368547 0.0128032 -0.0217347 0.00368379 -0.010391 -0.0217347 0.0984737 
0.00595143 -0.0128591 -0.0027492 0.00370665 -0.0128591 0.0743495 0.00370375 -0.0104867 -0.0027492 0.00370375 0.012768 -0.0216881 0.00370665 -0.0104867 -0.0216881 0.0983633 
0.00595686 -0.0128843 -0.00279805 0.00372258 -0.0128843 0.0744187 0.00371962 -0.010543 -0.00279805 0.00371962 0.012777 -0.021681 0.00372258 -0.010543 -0.021681 0.0983943 
0.00598251 -0.0128343 -0.00275966 0.00372701 -0.0128343 0.074261 0.00372906 -0.0105066 -0.00275966 0.00372906 0.0127464 -0.0217062 0.00372701 -0.0105066 -0.0217062 0.0984188 
0.00601442 -0.0128799 -0.00272344 0.00369062 -0.0128799 0.0743057 0.00369611 -0.0104618 -0.00272344 0.00369611 0.0127302 -0.0216848 0.00369062 -0.0104618 -0.0216848 0.098452 
0.00601947 -0.0129234 -0.00272269 0.00364316 -0.0129234 0.0743711 0.00364999 -0.0103575 -0.00272269 0.00364999 0.0127162 -0.0216287 0.00364316 -0.0103575 -0.0216287 0.0982857 
0.00598104 -0.0129006 -0.00270626 0.00359017 -0.0129006 0.0743544 0.00359671 -0.0101603 -0.00270626 0.00359671 0.0127809 -0.021671 0.00359017 -0.0101603 -0.021671 0.0983698 
0.00595689 -0.0128964 -0.00271696 0.00360154 -0.0128964 0.0744209 0.00360578 -0.0101383 -0.00271696 0.00360578 0.0128435 -0.0217471 0.00360154 -0.0101383 -0.0217471 0.0985573 
0.00594405 -0.0128982 -0.00269203 0.00365675 -0.0128982 0.074457 0.0036564 -0.0102694 -0.00269203 0.0036564 0.0128431 -0.0217698 0.00365675 -0.0102694 -0.0217698 0.0985822 
0.00593025 -0.0128464 -0.00265747 0.00359532 -0.0128464 0.0743307 0.00358645 -0.0101821 -0.00265747 0.00358645 0.01285 -0.0217999 0.00359532 -0.0101821 -0.0217999 0.0986575 
0.00595122 -0.0128647 -0.00265099 0.00357412 -0.0128647 0.0744072 0.00356144 -0.0101201 -0.00265099 0.00356144 0.0128486 -0.0218276 0.00357412 -0.0101201 -0.0218276 0.0988119 
0.00594505 -0.0128396 -0.00262869 0.00350754 -0.0128396 0.0743151 0.00349988 -0.00992581 -0.00262869 0.00349988 0.01287 -0.0218487 0.00350754 -0.00992581 -0.0218487 0.0988993 
0.00590006 -0.0128441 -0.00259691 0.00348758 -0.0128441 0.0742718 0.00348967 -0.00984159 -0.00259691 0.00348967 0.0129224 -0.0218437 0.00348758 -0.00984159 -0.0218437 0.098855 
0.00587587 -0.0128424 -0.00263275 0.00349283 -0.0128424 0.0743617 0.00349124 -0.00987544 -0.00263275 0.00349124 0.0129652 -0.0218971 0.00349283 -0.00987544 -0.0218971 0.098941 
0.00587136 -0.0128221 -0.00265166 0.00354102 -0.0128221 0.0743859 0.00353572 -0.00995957 -0.00265166 0.00353572 0.0129874 -0.0219608 0.00354102 -0.00995957 -0.0219608 0.0991138 
0.00589076 -0.0128188 -0.00263219 0.00358389 -0.0128188 0.0743557 0.00358066 -0.0100971 -0.00263219 0.00358066 0.0129556 -0.0219534 0.00358389 -0.0100971 -0.0219534 0.0990988 
0.00588598 -0.0128636 -0.0026018 0.00357803 -0.0128636 0.0744675 0.00357514 -0.010169 -0.0026018 0.00357514 0.0129478 -0.0219194 0.00357803 -0.010169 -0.0219194 0.0990696 
0.00591577 -0.0128124 -0.00253228 0.00350293 -0.0128124 0.0743265 0.00349352 -0.010013 -0.00253228 0.00349352 0.0128828 -0.021896 0.00350293 -0.010013 -0.021896 0.0989307 
0.00594956 -0.0128904 -0.00251559 0.0034511 -0.0128904 0.0745056 0.00344019 -0.00990111 -0.00251559 0.00344019 0.0128659 -0.0218371 0.0034511 -0.00990111 -0.0218371 0.0988975 
0.00596543 -0.0129001 -0.00249444 0.00339594 -0.0129001 0.0745239 0.0033881 -0.00972709 -0.00249444 0.0033881 0.0128457 -0.0217979 0.00339594 -0.00972709 -0.0217979 0.098739 
0.00598261 -0.0129305 -0.00253952 0.00338504 -0.0129305 0.0745682 0.00338059 -0.00966963 -0.00253952 0.00338059 0.0128104 -0.021745 0.00338504 -0.00966963 -0.021745 0.0985495 
0.00596769 -0.0129401 -0.00256807 0.00341344 -0.0129401 0.0746153 0.00341691 -0.00966936 -0.00256807 0.00341691 0.0128245 -0.0217436 0.00341344 -0.00966936 -0.0217436 0.0985475 
0.00594196 -0.0129395 -0.00259576 0.00347065 -0.0129395 0.0746601 0.00348154 -0.00980865 -0.00259576 0.00348154 0.0128418 -0.021745 0.00347065 -0.00980865 -0.021745 0.0985397 
0.00591871 -0.0128787 -0.00257695 0.00350131 -0.0128787 0.0744968 0.00350852 -0.00990707 -0.00257695 0.00350852 0.01283 -0.0217431 0.00350131 -0.00990707 -0.0217431 0.0984627 
0.00593497 -0.0128371 -0.00253677 0.0034776 -0.0128371 0.0743713 0.00347487 -0.00989319 -0.00253677 0.00347487 0.0128075 -0.0217649 0.0034776 -0.00989319 -0.0217649 0.0985426 
0.00591721 -0.0128562 -0.00256861 0.00344261 -0.0128562 0.0743263 0.003435 -0.0098325 -0.00256861 0.003435 0.0128097 -0.0217126 0.00344261 -0.0098325 -0.0217126 0.0984494 
0.00591854 -0.012825 -0.00260602 0.00346356 -0.012825 0.0742707 0.00345799 -0.00981506 -0.00260602 0.00345799 0.0128125 -0.021728 0.00346356 -0.00981506 -0.021728 0.0984495 
0.00595657 -0.0128182 -0.00260951 0.00349892 -0.0128182 0.0742492 0.00350137 -0.00987377 -0.00260951 0.00350137 0.0128091 -0.0217641 0.00349892 -0.00987377 -0.0217641 0.098585 
0.00596554 -0.012879 -0.0026545 0.00352973 -0.012879 0.074301 0.00354019 -0.009997 -0.0026545 0.00354019 0.0127935 -0.0217027 0.00352973 -0.009997 -0.0217027 0.0984302 
0.00599684 -0.0128984 -0.00263773 0.00357326 -0.0128984 0.0743919 0.00358739 -0.0101004 -0.00263773 0.00358739 0.0127671 -0.0217003 0.00357326 -0.0101004 -0.0217003 0.0983846 
0.00602111 -0.0129417 -0.00260257 0.00354199 -0.0129417 0.0745486 0.00355304 -0.0100805 -0.00260257 0.00355304 0.0127651 -0.0217142 0.00354199 -0.0100805 -0.0217142 0.0985039 
0.00600962 -0.0129785 -0.00261828 0.00351656 -0.0129785 0.0746123 0.00352265 -0.0100328 -0.00261828 0.00352265 0.0127255 -0.0216387 0.00351656 -0.0100328 -0.0216387 0.0982729 
0.00600446 -0.0130001 -0.00266553 0.00356512 -0.0130001 0.074755 0.0035693 -0.0101181 -0.00266553 0.0035693 0.0126985 -0.0215835 0.00356512 -0.0101181 -0.0215835 0.0981183 
0.00601755 -0.0129404 -0.00266638 0.00359102 -0.0129404 0.0746315 0.00359509 -0.0101612 -0.00266638 0.00359509 0.0126612 -0.0215688 0.00359102 -0.0101612 -0.0215688 0.0980413 
0.00605824 -0.0129513 -0.00267551 0.0036125 -0.0129513 0.0745873 0.00361797 -0.0102459 -0.00267551 0.00361797 0.0126091 -0.0215158 0.0036125 -0.0102459 -0.0215158 0.0979361 
0.00608868 -0.0129775 -0.00265027 0.00359832 -0.0129775 0.0746002 0.00360926 -0.0102316 -0.00265027 0.00360926 0.0125809 -0.021479 0.00359832 -0.0102316 -0.021479 0.0978797 
0.00608632 -0.0129956 -0.00259121 0.00355334 -0.0129956 0.0745927 0.00356471 -0.010137 -0.00259121 0.00356471 0.0125767 -0.0214344 0.00355334 -0.010137 -0.0214344 0.0977494 
0.00611209 -0.0129852 -0.00252638 0.00346722 -0.0129852 0.0745854 0.00346861 -0.00993014 -0.00252638 0.00346861 0.0125781 -0.0214541 0.00346722 -0.00993014 -0.0214541 0.0977765 
0.00609733 -0.0130101 -0.00251023 0.00338219 -0.0130101 0.074584 0.00337559 -0.00968741 -0.00251023 0.00337559 0.0126015 -0.0214444 0.00338219 -0.00968741 -0.0214444 0.0977445 
0.00606972 -0.0129933 -0.0024916 0.00334597 -0.0129933 0.0745586 0.00333821 -0.00950929 -0.0024916 0.00333821 0.0126473 -0.0214777 0.00334597 -0.00950929 -0.0214777 0.0977762 
0.00605131 -0.0129825 -0.00247494 0.00333656 -0.0129825 0.0745788 0.0033284 -0.00944738 -0.00247494 0.0033284 0.0126913 -0.0215467 0.00333656 -0.00944738 -0.0215467 0.0979396 
0.00604171 -0.0129931 -0.00251332 0.00335196 -0.0129931 0.0746378 0.0033409 -0.00949318 -0.00251332 0.0033409 0.0126957 -0.021567 0.00335196 -0.00949318 -0.021567 0.0979927 
0.00604303 -0.0129715 -0.00254947 0.00337365 -0.0129715 0.0746348 0.00336765 -0.00952044 -0.00254947 0.00336765 0.0127095 -0.0216065 0.00337365 -0.00952044 -0.0216065 0.0981299 
0.00602176 -0.0129667 -0.00256209 0.00342042 -0.0129667 0.0745772 0.00342425 -0.00962613 -0.00256209 0.00342425 0.012721 -0.0215957 0.00342042 -0.00962613 -0.0215957 0.098094 
0.00599246 -0.0129452 -0.00255581 0.00343349 -0.0129452 0.0745551 0.00344146 -0.00969894 -0.00255581 0.00344146 0.0127642 -0.0216315 0.00343349 -0.00969894 -0.0216315 0.0981772 
0.00595785 -0.0129519 -0.00258925 0.00346574 -0.0129519 0.074634 0.00346809 -0.00981598 -0.00258925 0.00346809 0.0128173 -0.0216719 0.00346574 -0.00981598 -0.0216719 0.0982919 
0.00594741 -0.0128733 -0.0025862 0.00347699 -0.0128733 0.0744723 0.00346935 -0.00982546 -0.0025862 0.00346935 0.0128282 -0.0217517 0.00347699 -0.00982546 -0.0217517 0.098454 
0.00596933 -0.0128657 -0.00256075 0.00349126 -0.0128657 0.0743811 0.00348293 -0.00987452 -0.00256075 0.00348293 0.0128034 -0.0217526 0.00349126 -0.00987452 -0.0217526 0.0985051 
0.00603172 -0.012926 -0.00255221 0.00348253 -0.012926 0.0745233 0.00347709 -0.00991153 -0.00255221 0.00347709 0.0127555 -0.021724 0.00348253 -0.00991153 -0.021724 0.0985128 
0.00605462 -0.0130138 -0.00258827 0.00347178 -0.0130138 0.0747119 0.00347333 -0.0099139 -0.00258827 0.00347333 0.0127221 -0.0216302 0.00347178 -0.0099139 -0.0216302 0.098295 
0.00607648 -0.0130298 -0.00260953 0.00348954 -0.0130298 0.0748012 0.00349726 -0.00991287 -0.00260953 0.00349726 0.0126895 -0.0215949 0.00348954 -0.00991287 -0.0215949 0.0981397 
0.00609002 -0.0130273 -0.00260142 0.00347614 -0.0130273 0.074822 0.00348936 -0.00985805 -0.00260142 0.00348936 0.01269 -0.021614 0.00347614 -0.00985805 -0.021614 0.0982118 
0.00603556 -0.0130535 -0.00258122 0.00348179 -0.0130535 0.0748521 0.00349934 -0.00987153 -0.00258122 0.00349934 0.0127333 -0.0215768 0.00348179 -0.00987153 -0.0215768 0.098113 
0.00599802 -0.0129947 -0.00253834 0.00346716 -0.0129947 0.0747961 0.0034722 -0.00984844 -0.00253834 0.0034722 0.0127688 -0.0216332 0.00346716 -0.00984844 -0.0216332 0.098167 
0.00595349 -0.0129512 -0.00251866 0.0034387 -0.0129512 0.0746935 0.00342427 -0.0097923 -0.00251866 0.00342427 0.0128081 -0.0216721 0.0034387 -0.0097923 -0.0216721 0.0982587 
0.00589817 -0.0128627 -0.00248847 0.0033768 -0.0128627 0.0745012 0.00334881 -0.00960252 -0.00248847 0.00334881 0.0128786 -0.0217806 0.0033768 -0.00960252 -0.0217806 0.0985676 
0.00586007 -0.0127957 -0.00249863 0.00336182 -0.0127957 0.0742689 0.00333091 -0.00952559 -0.00249863 0.00333091 0.01291 -0.0218217 0.00336182 -0.00952559 -0.0218217 0.0986653 
0.00584162 -0.0127425 -0.00251464 0.00337383 -0.0127425 0.074081 0.00334654 -0.0095229 -0.00251464 0.00334654 0.0129237 -0.0218648 0.00337383 -0.0095229 -0.0218648 0.0987737 
0.00583855 -0.0127329 -0.00253582 0.00339721 -0.0127329 0.0740459 0.00338055 -0.00958457 -0.00253582 0.00338055 0.0129376 -0.0219085 0.00339721 -0.00958457 -0.0219085 0.0989533 
0.0058341 -0.0127274 -0.00254626 0.00341419 -0.0127274 0.0740317 0.00340978 -0.00964566 -0.00254626 0.00340978 0.0129434 -0.0219286 0.00341419 -0.00964566 -0.0219286 0.0990614 
0.00586903 -0.0126898 -0.0024811 0.00340029 -0.0126898 0.0738741 0.00340389 -0.00962769 -0.0024811 0.00340389 0.0128967 -0.0219173 0.00340029 -0.00962769 -0.0219173 0.0990055 
0.00590312 -0.0127825 -0.00248358 0.00337228 -0.0127825 0.0740445 0.00337899 -0.00964599 -0.00248358 0.00337899 0.0128712 -0.0218388 0.00337228 -0.00964599 -0.0218388 0.0988675 
0.00591268 -0.0128364 -0.00252088 0.00337427 -0.0128364 0.0742039 0.0033825 -0.0096465 -0.00252088 0.0033825 0.01286 -0.021773 0.00337427 -0.0096465 -0.021773 0.0986302 
0.00590352 -0.0128566 -0.0025442 0.00341508 -0.0128566 0.0743416 0.00342342 -0.00970653 -0.0025442 0.00342342 0.0128958 -0.0217845 0.00341508 -0.00970653 -0.0217845 0.0986136 
0.00593594 -0.0128612 -0.0025864 0.00346081 -0.0128612 0.0744352 0.00346424 -0.00982668 -0.0025864 0.00346424 0.0128712 -0.0218324 0.00346081 -0.00982668 -0.0218324 0.0987136 
0.00589758 -0.012877 -0.00263542 0.00349073 -0.012877 0.0744415 0.00349647 -0.00989586 -0.00263542 0.00349647 0.0128845 -0.021809 0.00349073 -0.00989586 -0.021809 0.0987172 
0.0058551 -0.0128064 -0.00266373 0.00352946 -0.0128064 0.0742945 0.00353877 -0.00996061 -0.00266373 0.00353877 0.012905 -0.0218287 0.00352946 -0.00996061 -0.0218287 0.0987181 
0.00580562 -0.0127491 -0.00266473 0.0035816 -0.0127491 0.0741253 0.00359013 -0.0100934 -0.00266473 0.00359013 0.0129416 -0.0218483 0.0035816 -0.0100934 -0.0218483 0.0987484 
0.00578763 -0.0126765 -0.00264517 0.00358109 -0.0126765 0.0739514 0.00357979 -0.0101309 -0.00264517 0.00357979 0.0129764 -0.0219284 0.00358109 -0.0101309 -0.0219284 0.0989571 
0.00581879 -0.0126656 -0.00262261 0.00357768 -0.0126656 0.073882 0.00356775 -0.0101476 -0.00262261 0.00356775 0.0129752 -0.0219674 0.00357768 -0.0101476 -0.0219674 0.0991182 
0.00587034 -0.012661 -0.00256776 0.00350466 -0.012661 0.0737485 0.00349323 -0.00997901 -0.00256776 0.00349323 0.0129379 -0.0219686 0.00350466 -0.00997901 -0.0219686 0.099131 
0.00590412 -0.0127683 -0.00259047 0.0034515 -0.0127683 0.0739502 0.00344712 -0.00984837 -0.00259047 0.00344712 0.0129328 -0.0219221 0.0034515 -0.00984837 -0.0219221 0.0990901 
0.00596188 -0.0128921 -0.00267186 0.00352942 -0.0128921 0.0743629 0.00353775 -0.00999535 -0.00267186 0.00353775 0.0128727 -0.0218617 0.00352942 -0.00999535 -0.0218617 0.0989176 
0.00598606 -0.0129673 -0.00272761 0.00361636 -0.0129673 0.0746619 0.0036391 -0.0102069 -0.00272761 0.0036391 0.0128312 -0.0217934 0.00361636 -0.0102069 -0.0217934 0.0987549 
0.0059531 -0.0129812 -0.00274955 0.0036858 -0.0129812 0.074738 0.00371429 -0.0104157 -0.00274955 0.00371429 0.0128167 -0.0217066 0.0036858 -0.0104157 -0.0217066 0.0984613 
0.00593051 -0.0129398 -0.00275013 0.00373319 -0.0129398 0.0747112 0.00375022 -0.0105826 -0.00275013 0.00375022 0.0128003 -0.0216906 0.00373319 -0.0105826 -0.0216906 0.0983365 
0.00592772 -0.0128755 -0.00276106 0.00373083 -0.0128755 0.0745387 0.00373064 -0.0106116 -0.00276106 0.00373064 0.012775 -0.0216878 0.00373083 -0.0106116 -0.0216878 0.0983146 
0.00594114 -0.0128498 -0.00273442 0.00374847 -0.0128498 0.0743839 0.00374085 -0.0106353 -0.00273442 0.00374085 0.0127237 -0.0216531 0.00374847 -0.0106353 -0.0216531 0.0982462 
0.00598953 -0.0128583 -0.00272526 0.00371454 -0.0128583 0.0743697 0.00370494 -0.0105914 -0.00272526 0.00370494 0.0126845 -0.0216201 0.00371454 -0.0105914 -0.0216201 0.0982476 
0.00603911 -0.0128787 -0.00271454 0.00367263 -0.0128787 0.0743144 0.00366723 -0.0104676 -0.00271454 0.00366723 0.0126299 -0.0215621 0.00367263 -0.0104676 -0.0215621 0.0981075 
0.00609683 -0.012921 -0.00269592 0.00364092 -0.012921 0.0742952 0.00364523 -0.0103607 -0.00269592 0.00364523 0.0125464 -0.0214745 0.00364092 -0.0103607 -0.0214745 0.0978461 
0.00610954 -0.012993 -0.00265817 0.00359069 -0.012993 0.0744688 0.00360558 -0.0102235 -0.00265817 0.00360558 0.0125506 -0.02143 0.00359069 -0.0102235 -0.02143 0.0977998 
0.00612206 -0.0130073 -0.00259627 0.00353237 -0.0130073 0.0745735 0.00354759 -0.0100595 -0.00259627 0.00354759 0.0125555 -0.0214342 0.00353237 -0.0100595 -0.0214342 0.0977833 
0.00612739 -0.0130305 -0.00257427 0.00346787 -0.0130305 0.0746313 0.00347474 -0.00989626 -0.00257427 0.00347474 0.0125558 -0.0214154 0.00346787 -0.00989626 -0.0214154 0.0977071 
0.00614353 -0.0130202 -0.00252222 0.00341547 -0.0130202 0.0746186 0.00341679 -0.00970331 -0.00252222 0.00341679 0.0125646 -0.0214382 0.00341547 -0.00970331 -0.0214382 0.0977352 
0.00612944 -0.013075 -0.0025561 0.0033942 -0.013075 0.0746987 0.00339507 -0.00965159 -0.0025561 0.00339507 0.0125722 -0.021384 0.0033942 -0.00965159 -0.021384 0.0975483 
0.00608928 -0.0130975 -0.00261917 0.00345442 -0.0130975 0.0748627 0.00345551 -0.00974617 -0.00261917 0.00345551 0.0126271 -0.0213983 0.00345442 -0.00974617 -0.0213983 0.0975261 
0.00608653 -0.013082 -0.00271657 0.00357712 -0.013082 0.0749315 0.00357553 -0.0100397 -0.00271657 0.00357553 0.0126184 -0.0214286 0.00357712 -0.0100397 -0.0214286 0.0975151 
0.00607427 -0.0130404 -0.00275307 0.00365522 -0.0130404 0.0748848 0.00365435 -0.0102373 -0.00275307 0.00365435 0.0126468 -0.0215074 0.00365522 -0.0102373 -0.0215074 0.0978053 
0.00605147 -0.0130151 -0.00279718 0.00371508 -0.0130151 0.0747456 0.00371798 -0.0104369 -0.00279718 0.00371798 0.0126364 -0.0214877 0.00371508 -0.0104369 -0.0214877 0.0977605 
0.00605471 -0.0129695 -0.00280443 0.00374215 -0.0129695 0.074656 0.00374693 -0.0105212 -0.00280443 0.00374693 0.0126434 -0.021541 0.00374215 -0.0105212 -0.021541 0.0979526 
0.00605916 -0.0129916 -0.00281611 0.00378041 -0.0129916 0.074665 0.00378652 -0.0106505 -0.00281611 0.00378652 0.0126415 -0.0215164 0.00378041 -0.0106505 -0.0215164 0.0979524 
0.00608394 -0.0129667 -0.00280622 0.00378074 -0.0129667 0.0745356 0.0037836 -0.0106781 -0.00280622 0.0037836 0.0125883 -0.0214813 0.00378074 -0.0106781 -0.0214813 0.0977879 
0.00609518 -0.0129973 -0.00278407 0.00374857 -0.0129973 0.0746084 0.00375238 -0.0106118 -0.00278407 0.00375238 0.0126121 -0.0214937 0.00374857 -0.0106118 -0.0214937 0.0979186 
0.00610613 -0.0130253 -0.00278891 0.00374268 -0.0130253 0.0746365 0.00374487 -0.0105944 -0.00278891 0.00374487 0.0125845 -0.0214461 0.00374268 -0.0105944 -0.0214461 0.0977315 
0.00610358 -0.0130326 -0.00281297 0.00372573 -0.0130326 0.0746931 0.00372687 -0.0105306 -0.00281297 0.00372687 0.0126042 -0.0214634 0.00372573 -0.0105306 -0.0214634 0.0977845 
0.00610161 -0.013 -0.00281539 0.00372665 -0.013 0.0746025 0.00373003 -0.0104727 -0.00281539 0.00373003 0.012605 -0.0214947 0.00372665 -0.0104727 -0.0214947 0.0978387 
0.00613648 -0.0130621 -0.00283366 0.00379338 -0.0130621 0.0747387 0.00380233 -0.0106493 -0.00283366 0.00380233 0.0125481 -0.0214407 0.00379338 -0.0106493 -0.0214407 0.0977187 
0.00620767 -0.0131173 -0.00282977 0.00381232 -0.0131173 0.0749632 0.00382463 -0.0107536 -0.00282977 0.00382463 0.012484 -0.0214086 0.00381232 -0.0107536 -0.0214086 0.0977192 
0.00623224 -0.0131677 -0.00282509 0.00378053 -0.0131677 0.0750469 0.00379752 -0.0107111 -0.00282509 0.00379752 0.0124463 -0.0213155 0.00378053 -0.0107111 -0.0213155 0.0975109 
0.00626744 -0.0131932 -0.00281216 0.00376476 -0.0131932 0.0751166 0.00378353 -0.0106548 -0.00281216 0.00378353 0.0124172 -0.0212636 0.00376476 -0.0106548 -0.0212636 0.0973261 
0.00625271 -0.0132565 -0.00283438 0.0037671 -0.0132565 0.0752738 0.00378498 -0.0106602 -0.00283438 0.00378498 0.012439 -0.0212158 0.0037671 -0.0106602 -0.0212158 0.0971826 
0.00621303 -0.0132638 -0.00288112 0.00381625 -0.0132638 0.0753841 0.00382722 -0.0107556 -0.00288112 0.00382722 0.0124814 -0.0212209 0.00381625 -0.0107556 -0.0212209 0.0971027 
0.00617774 -0.013211 -0.00289949 0.00389093 -0.013211 0.0753144 0.00388786 -0.0109171 -0.00289949 0.00388786 0.0124992 -0.0212601 0.00389093 -0.0109171 -0.0212601 0.0971101 
0.00616137 -0.0131267 -0.00288858 0.00389068 -0.0131267 0.0751177 0.00387425 -0.0109389 -0.00288858 0.00387425 0.0125159 -0.0213473 0.00389068 -0.0109389 -0.0213473 0.0973688 
0.00617846 -0.0131042 -0.0028961 0.00389235 -0.0131042 0.0749687 0.00387076 -0.010955 -0.0028961 0.00387076 0.0124939 -0.0213419 0.00389235 -0.010955 -0.0213419 0.097416 
0.00619617 -0.0130873 -0.00287934 0.00386229 -0.0130873 0.0748381 0.00384533 -0.0108651 -0.00287934 0.00384533 0.0124694 -0.0213492 0.00386229 -0.0108651 -0.0213492 0.0974762 
0.00626176 -0.0131176 -0.00287 0.00383129 -0.0131176 0.0748755 0.00382594 -0.0107835 -0.00287 0.00382594 0.0124153 -0.0213417 0.00383129 -0.0107835 -0.0213417 0.09754 
