0.00389582 0 0.00214106 0 0 0.00998124 0 0 0.00214106 0 0.00981771 0 0 0 0 0.00998124 
0.00544466 -0.0067927 0.00271471 -0.00333344 -0.0067927 0.0221869 -0.00333344 0.00639126 0.00271471 -0.00333344 0.0139582 -0.0172843 -0.00333344 0.00639126 -0.0172843 0.0423027 
0.00574579 -0.0111916 0.00244797 -0.00401343 -0.0111916 0.0448966 -0.00401343 0.0127179 0.00244797 -0.00401343 0.013656 -0.0248773 -0.00401343 0.0127179 -0.0248773 0.0885801 
0.00567404 -0.012415 0.00220601 -0.00297474 -0.012415 0.0600286 -0.00298462 0.0103337 0.00220601 -0.00298462 0.0126467 -0.0230784 -0.00297474 0.0103337 -0.0230784 0.0996079 
0.00574679 -0.0127622 0.00227606 -0.00265435 -0.0127622 0.0684285 -0.00266257 0.00777244 0.00227606 -0.00266257 0.0126226 -0.0218518 -0.00265435 0.00777244 -0.0218518 0.0994965 
0.00580191 -0.012809 0.00230765 -0.00274159 -0.012809 0.0721284 -0.00273365 0.00701987 0.00230765 -0.00273365 0.0129046 -0.0218581 -0.00274159 0.00701987 -0.0218581 0.099421 
0.00586165 -0.0127686 0.00232265 -0.00281495 -0.0127686 0.0734633 -0.00279085 0.00706902 0.00232265 -0.00279085 0.0130635 -0.0221669 -0.00281495 0.00706902 -0.0221669 0.100052 
0.00586363 -0.0127417 0.0023444 -0.00283968 -0.0127417 0.0737669 -0.00281521 0.00719155 0.0023444 -0.00281521 0.0131191 -0.0222865 -0.00283968 0.00719155 -0.0222865 0.10043 
0.00582365 -0.0126969 0.00231619 -0.00283936 -0.0126969 0.0737569 -0.00283098 0.00723177 0.00231619 -0.00283098 0.0131916 -0.0223465 -0.00283936 0.00723177 -0.0223465 0.100658 
0.00575432 -0.012601 0.00229964 -0.00278469 -0.012601 0.0734629 -0.00278723 0.00715539 0.00229964 -0.00278723 0.0132289 -0.0223987 -0.00278469 0.00715539 -0.0223987 0.100706 
0.00567315 -0.0125295 0.00226811 -0.00278245 -0.0125295 0.073285 -0.00279119 0.00713739 0.00226811 -0.00279119 0.0133183 -0.0224789 -0.00278245 0.00713739 -0.0224789 0.100941 
0.0056268 -0.01245 0.0022309 -0.00278966 -0.01245 0.0731234 -0.00279507 0.00719624 0.0022309 -0.00279507 0.0133788 -0.0225826 -0.00278966 0.00719624 -0.0225826 0.1012 
0.00565313 -0.0123594 0.00218663 -0.00272974 -0.0123594 0.0727996 -0.00272256 0.00709234 0.00218663 -0.00272256 0.0133411 -0.022624 -0.00272974 0.00709234 -0.022624 0.101271 
0.00568511 -0.0124237 0.00216673 -0.00270125 -0.0124237 0.0728678 -0.00268729 0.00701846 0.00216673 -0.00268729 0.0133367 -0.0226103 -0.00270125 0.00701846 -0.0226103 0.101369 
0.00567332 -0.012476 0.0021633 -0.00267046 -0.012476 0.0730023 -0.00265578 0.00692944 0.0021633 -0.00265578 0.0133417 -0.0225855 -0.00267046 0.00692944 -0.0225855 0.101307 
0.00560119 -0.0124656 0.00212293 -0.002649 -0.0124656 0.0730516 -0.00263723 0.00684473 0.00212293 -0.00263723 0.013402 -0.0225917 -0.002649 0.00684473 -0.0225917 0.101286 
0.00553993 -0.0123968 0.00213553 -0.00262897 -0.0123968 0.0730129 -0.00261277 0.00681172 0.00213553 -0.00261277 0.0134665 -0.0226757 -0.00262897 0.00681172 -0.0226757 0.101451 
0.00548199 -0.0123029 0.00213147 -0.00262514 -0.0123029 0.0728121 -0.00260818 0.00676166 0.00213147 -0.00260818 0.0135282 -0.0227664 -0.00262514 0.00676166 -0.0227664 0.101692 
0.00547635 -0.0122211 0.00213024 -0.00262549 -0.0122211 0.0725789 -0.00261303 0.00676436 0.00213024 -0.00261303 0.0135378 -0.0228404 -0.00262549 0.00676436 -0.0228404 0.101898 
0.00545093 -0.0121899 0.00210299 -0.00260202 -0.0121899 0.0723807 -0.00259352 0.00671065 0.00210299 -0.00259352 0.0135568 -0.0228497 -0.00260202 0.00671065 -0.0228497 0.101971 
0.00545536 -0.01216 0.00206349 -0.00254222 -0.01216 0.0722988 -0.00253648 0.00656772 0.00206349 -0.00253648 0.0135648 -0.0229025 -0.00254222 0.00656772 -0.0229025 0.102149 
0.00544001 -0.0121717 0.00204225 -0.0025109 -0.0121717 0.0722819 -0.00250454 0.00647763 0.00204225 -0.00250454 0.0135765 -0.0228958 -0.0025109 0.00647763 -0.0228958 0.102175 
0.00548801 -0.0121523 0.00208203 -0.00249683 -0.0121523 0.0722121 -0.00249054 0.00643431 0.00208203 -0.00249054 0.0135072 -0.022874 -0.00249683 0.00643431 -0.022874 0.102056 
0.00554683 -0.0122639 0.00215916 -0.00261719 -0.0122639 0.0724774 -0.00262375 0.00670671 0.00215916 -0.00262375 0.0134794 -0.0228022 -0.00261719 0.00670671 -0.0228022 0.101965 
0.00557275 -0.0123348 0.00218319 -0.00268295 -0.0123348 0.0727066 -0.00270171 0.006918 0.00218319 -0.00270171 0.0134658 -0.0227699 -0.00268295 0.006918 -0.0227699 0.101865 
0.00561654 -0.0123561 0.00220867 -0.00269438 -0.0123561 0.0727989 -0.00271255 0.00700182 0.00220867 -0.00271255 0.0134148 -0.0227453 -0.00269438 0.00700182 -0.0227453 0.101757 
0.00559583 -0.012418 0.00221373 -0.00272147 -0.012418 0.0729694 -0.00273803 0.007059 0.00221373 -0.00273803 0.0134401 -0.022708 -0.00272147 0.007059 -0.022708 0.101728 
0.00554399 -0.0123592 0.00218778 -0.00269046 -0.0123592 0.0728628 -0.00270099 0.0069837 0.00218778 -0.00270099 0.0134552 -0.0227166 -0.00269046 0.0069837 -0.0227166 0.10165 
0.00553126 -0.0122813 0.00217523 -0.00266482 -0.0122813 0.0726535 -0.00266705 0.00690206 0.00217523 -0.00266705 0.0134443 -0.022736 -0.00266482 0.00690206 -0.022736 0.101654 
0.00549973 -0.012265 0.00213582 -0.0026537 -0.012265 0.0725726 -0.00265404 0.00685321 0.00213582 -0.00265404 0.0134733 -0.022751 -0.0026537 0.00685321 -0.022751 0.101761 
0.0054734 -0.0122342 0.00211008 -0.00263989 -0.0122342 0.072501 -0.00263455 0.00685048 0.00211008 -0.00263455 0.0134942 -0.0227629 -0.00263989 0.00685048 -0.0227629 0.101774 
0.00542171 -0.0121816 0.0020667 -0.00257986 -0.0121816 0.0723557 -0.00256538 0.00670743 0.0020667 -0.00256538 0.0135339 -0.0227965 -0.00257986 0.00670743 -0.0227965 0.101844 
0.00534072 -0.0121023 0.00198374 -0.00251053 -0.0121023 0.0721464 -0.00249089 0.00650931 0.00198374 -0.00249089 0.0135996 -0.022848 -0.00251053 0.00650931 -0.022848 0.101954 
0.00528028 -0.0119892 0.00192229 -0.00241375 -0.0119892 0.0718384 -0.00238577 0.00627426 0.00192229 -0.00238577 0.0136422 -0.0229131 -0.00241375 0.00627426 -0.0229131 0.102059 
0.00530348 -0.0119379 0.00195196 -0.00237844 -0.0119379 0.0717049 -0.00234702 0.00616203 0.00195196 -0.00234702 0.0136255 -0.022986 -0.00237844 0.00616203 -0.022986 0.102286 
0.00535221 -0.011943 0.00196169 -0.00240076 -0.011943 0.0715757 -0.00238366 0.00615747 0.00196169 -0.00238366 0.0135657 -0.0229298 -0.00240076 0.00615747 -0.0229298 0.10219 
0.00537389 -0.0120218 0.0019482 -0.00241165 -0.0120218 0.0717305 -0.00241143 0.00621244 0.0019482 -0.00241143 0.0135582 -0.0228857 -0.00241165 0.00621244 -0.0228857 0.102146 
0.00537389 -0.0120702 0.00195627 -0.00241121 -0.0120702 0.0719246 -0.00241494 0.00626063 0.00195627 -0.00241494 0.0135698 -0.0228688 -0.00241121 0.00626063 -0.0228688 0.102095 
0.0053748 -0.0120739 0.00198321 -0.00243693 -0.0120739 0.0719745 -0.00243975 0.00633174 0.00198321 -0.00243975 0.0135661 -0.0228511 -0.00243693 0.00633174 -0.0228511 0.101974 
0.00543188 -0.012094 0.0020268 -0.0024838 -0.012094 0.0720858 -0.00248761 0.00645172 0.0020268 -0.00248761 0.013541 -0.0228748 -0.0024838 0.00645172 -0.0228748 0.102046 
0.00546362 -0.0121404 0.00207398 -0.00251393 -0.0121404 0.0721144 -0.00252383 0.00653062 0.00207398 -0.00252383 0.0134826 -0.0228167 -0.00251393 0.00653062 -0.0228167 0.101899 
0.00545701 -0.0121962 0.00206821 -0.0025492 -0.0121962 0.0723112 -0.0025677 0.00659978 0.00206821 -0.0025677 0.0134998 -0.0227952 -0.0025492 0.00659978 -0.0227952 0.101925 
0.00545233 -0.0121623 0.00202096 -0.00252517 -0.0121623 0.0722541 -0.00254041 0.00657359 0.00202096 -0.00254041 0.013489 -0.022782 -0.00252517 0.00657359 -0.022782 0.101815 
0.00542169 -0.0121574 0.00199937 -0.00247711 -0.0121574 0.072227 -0.00248051 0.00647686 0.00199937 -0.00248051 0.0135143 -0.0227818 -0.00247711 0.00647686 -0.0227818 0.101818 
0.00542514 -0.0121043 0.00197853 -0.00241734 -0.0121043 0.0721174 -0.00241194 0.00628233 0.00197853 -0.00241194 0.0134922 -0.0228246 -0.00241734 0.00628233 -0.0228246 0.101905 
0.00544877 -0.0121202 0.00199182 -0.00244589 -0.0121202 0.0720954 -0.00244313 0.00631708 0.00199182 -0.00244313 0.0134481 -0.0227708 -0.00244589 0.00631708 -0.0227708 0.101814 
0.005479 -0.0121722 0.0020181 -0.00249738 -0.0121722 0.0722422 -0.00250033 0.00646997 0.0020181 -0.00250033 0.0134452 -0.0227226 -0.00249738 0.00646997 -0.0227226 0.101732 
0.00555348 -0.0121779 0.00200556 -0.00247138 -0.0121779 0.0722514 -0.00247601 0.00642998 0.00200556 -0.00247601 0.0133644 -0.0227196 -0.00247138 0.00642998 -0.0227196 0.101673 
0.0055823 -0.0122588 0.00195191 -0.00244505 -0.0122588 0.0723408 -0.00245379 0.00636344 0.00195191 -0.00245379 0.0133182 -0.022611 -0.00244505 0.00636344 -0.022611 0.101454 
0.00551056 -0.0123128 0.00189552 -0.00239191 -0.0123128 0.0725145 -0.00239501 0.00626062 0.00189552 -0.00239501 0.0133779 -0.0225501 -0.00239191 0.00626062 -0.0225501 0.101262 
0.00537195 -0.012235 0.00184263 -0.00235067 -0.012235 0.0724602 -0.00233854 0.00615842 0.00184263 -0.00233854 0.0135035 -0.0226007 -0.00235067 0.00615842 -0.0226007 0.101216 
0.00518237 -0.0120429 0.00175375 -0.00224816 -0.0120429 0.0721137 -0.00221805 0.00588409 0.00175375 -0.00221805 0.0136814 -0.0227952 -0.00224816 0.00588409 -0.0227952 0.101608 
0.00508922 -0.0117816 0.00172886 -0.00215994 -0.0117816 0.0714669 -0.00211555 0.00563592 0.00172886 -0.00211555 0.0137371 -0.0229938 -0.00215994 0.00563592 -0.0229938 0.102026 
0.00509759 -0.0116468 0.00170924 -0.0021088 -0.0116468 0.0710054 -0.00206835 0.00543726 0.00170924 -0.00206835 0.0137237 -0.0231181 -0.0021088 0.00543726 -0.0231181 0.102527 
0.00509204 -0.0116436 0.00175141 -0.00212006 -0.0116436 0.0707578 -0.00209868 0.00545669 0.00175141 -0.00209868 0.0136908 -0.0230509 -0.00212006 0.00545669 -0.0230509 0.102488 
0.00509897 -0.0116573 0.00179455 -0.00216748 -0.0116573 0.070803 -0.00216655 0.00556961 0.00179455 -0.00216655 0.0136992 -0.0230469 -0.00216748 0.00556961 -0.0230469 0.10255 
0.00509986 -0.0116458 0.00177184 -0.002223 -0.0116458 0.0707243 -0.00223902 0.00574067 0.00177184 -0.00223902 0.0137038 -0.0230119 -0.002223 0.00574067 -0.0230119 0.102407 
0.00510843 -0.0116456 0.00170091 -0.00220219 -0.0116456 0.0706843 -0.0022159 0.00579039 0.00170091 -0.0022159 0.0137047 -0.0230199 -0.00220219 0.00579039 -0.0230199 0.102368 
0.00510156 -0.0116773 0.00162761 -0.00211954 -0.0116773 0.0707821 -0.00211464 0.00564934 0.00162761 -0.00211464 0.0137484 -0.0230492 -0.00211954 0.00564934 -0.0230492 0.10248 
0.00511612 -0.0116842 0.00161904 -0.00205766 -0.0116842 0.0708241 -0.00203401 0.00548837 0.00161904 -0.00203401 0.0137442 -0.0230665 -0.00205766 0.00548837 -0.0230665 0.102465 
0.00519671 -0.0117168 0.00165622 -0.00204727 -0.0117168 0.0709138 -0.00202122 0.00539609 0.00165622 -0.00202122 0.0136818 -0.0230668 -0.00204727 0.00539609 -0.0230668 0.102472 
0.0051857 -0.0118297 0.0016829 -0.00206389 -0.0118297 0.0711769 -0.00205245 0.00537873 0.0016829 -0.00205245 0.0137119 -0.0230158 -0.00206389 0.00537873 -0.0230158 0.102454 
0.00515363 -0.0118228 0.00168237 -0.00206784 -0.0118228 0.0712906 -0.00207156 0.00537378 0.00168237 -0.00207156 0.0137403 -0.0230423 -0.00206784 0.00537378 -0.0230423 0.102445 
0.00510118 -0.0117967 0.00171174 -0.00209222 -0.0117967 0.0713239 -0.0020998 0.00544969 0.00171174 -0.0020998 0.0137845 -0.0230917 -0.00209222 0.00544969 -0.0230917 0.102573 
0.00506488 -0.011743 0.00179919 -0.00220014 -0.011743 0.0712358 -0.00220765 0.00573118 0.00179919 -0.00220765 0.0138049 -0.0231096 -0.00220014 0.00573118 -0.0231096 0.102582 
0.00512859 -0.0116898 0.00190988 -0.00232409 -0.0116898 0.0710866 -0.00233516 0.00606845 0.00190988 -0.00233516 0.0137536 -0.0231319 -0.00232409 0.00606845 -0.0231319 0.102607 
0.00522902 -0.011753 0.00201524 -0.00242373 -0.011753 0.0711092 -0.00244576 0.00633346 0.00201524 -0.00244576 0.0136735 -0.0230981 -0.00242373 0.00633346 -0.0230981 0.102623 
0.00522898 -0.0118749 0.00203974 -0.00251994 -0.0118749 0.0713179 -0.00255832 0.00657504 0.00203974 -0.00255832 0.0136811 -0.0229994 -0.00251994 0.00657504 -0.0229994 0.102457 
0.00520424 -0.011866 0.00201875 -0.00250937 -0.011866 0.0713965 -0.00254544 0.00660723 0.00201875 -0.00254544 0.0137045 -0.0230156 -0.00250937 0.00660723 -0.0230156 0.102408 
0.00516096 -0.0118244 0.00191669 -0.00245758 -0.0118244 0.0713517 -0.00247831 0.00647318 0.00191669 -0.00247831 0.013773 -0.0230765 -0.00245758 0.00647318 -0.0230765 0.10257 
0.0051695 -0.0117922 0.00190801 -0.00241478 -0.0117922 0.0712609 -0.00241069 0.00640874 0.00190801 -0.00241069 0.0137777 -0.0231104 -0.00241478 0.00640874 -0.0231104 0.102591 
0.00513906 -0.011814 0.00192288 -0.00238076 -0.011814 0.0713159 -0.00236346 0.00626927 0.00192288 -0.00236346 0.0138346 -0.023161 -0.00238076 0.00626927 -0.023161 0.102787 
0.00508637 -0.0117865 0.00192915 -0.00241514 -0.0117865 0.0712813 -0.00240093 0.00629365 0.00192915 -0.00240093 0.0138843 -0.023194 -0.00241514 0.00629365 -0.023194 0.102823 
0.0050617 -0.0117377 0.00194876 -0.0024186 -0.0117377 0.0712569 -0.00240726 0.00631826 0.00194876 -0.00240726 0.0139278 -0.0232985 -0.0024186 0.00631826 -0.0232985 0.103109 
0.0050287 -0.0116919 0.00194489 -0.00244216 -0.0116919 0.0711066 -0.00243452 0.00636844 0.00194489 -0.00243452 0.0139543 -0.0233235 -0.00244216 0.00636844 -0.0233235 0.103191 
0.00506674 -0.0116407 0.00198131 -0.00242408 -0.0116407 0.0709493 -0.00241621 0.00634566 0.00198131 -0.00241621 0.0139064 -0.0233637 -0.00242408 0.00634566 -0.0233637 0.103283 
0.00507878 -0.0116786 0.0020105 -0.00242097 -0.0116786 0.0709774 -0.00242139 0.00627907 0.0020105 -0.00242139 0.0139125 -0.0233544 -0.00242097 0.00627907 -0.0233544 0.103421 
0.00509474 -0.0116912 0.00198127 -0.00245432 -0.0116912 0.0709923 -0.00246754 0.00632631 0.00198127 -0.00246754 0.0139179 -0.0233337 -0.00245432 0.00632631 -0.0233337 0.103363 
0.00507324 -0.0117255 0.00197239 -0.00245182 -0.0117255 0.0710534 -0.00246481 0.00639214 0.00197239 -0.00246481 0.0139524 -0.0233231 -0.00245182 0.00639214 -0.0233231 0.103293 
0.00503504 -0.0117083 0.00195248 -0.00243511 -0.0117083 0.0710626 -0.00244126 0.00636562 0.00195248 -0.00244126 0.0139895 -0.0233677 -0.00243511 0.00636562 -0.0233677 0.103332 
0.00499544 -0.0116672 0.00194377 -0.00241376 -0.0116672 0.0710085 -0.00241064 0.00630635 0.00194377 -0.00241064 0.0140188 -0.0234209 -0.00241376 0.00630635 -0.0234209 0.103453 
0.00503959 -0.0116459 0.00196949 -0.00244109 -0.0116459 0.071028 -0.00243408 0.00636442 0.00196949 -0.00243408 0.0139975 -0.023474 -0.00244109 0.00636442 -0.023474 0.103642 
0.00506965 -0.0116731 0.00199185 -0.00243756 -0.0116731 0.07101 -0.00243358 0.00634845 0.00199185 -0.00243358 0.013947 -0.023438 -0.00243756 0.00634845 -0.023438 0.103622 
0.00510053 -0.0117283 0.00202071 -0.00246699 -0.0117283 0.0711655 -0.0024708 0.00640145 0.00202071 -0.0024708 0.0139167 -0.0233948 -0.00246699 0.00640145 -0.0233948 0.103595 
0.00512073 -0.0117557 0.00203638 -0.00251164 -0.0117557 0.0712086 -0.00252157 0.0065193 0.00203638 -0.00252157 0.0138824 -0.0233104 -0.00251164 0.0065193 -0.0233104 0.103335 
0.00510048 -0.0117843 0.00202402 -0.00252634 -0.0117843 0.0713189 -0.00253591 0.00658543 0.00202402 -0.00253591 0.0139205 -0.0233012 -0.00252634 0.00658543 -0.0233012 0.103303 
0.00506057 -0.0117346 0.00199917 -0.00249078 -0.0117346 0.0711946 -0.00249326 0.00651752 0.00199917 -0.00249326 0.0139277 -0.0233191 -0.00249078 0.00651752 -0.0233191 0.103235 
0.00503402 -0.011671 0.00193833 -0.00243842 -0.011671 0.0710295 -0.00243347 0.00636281 0.00193833 -0.00243347 0.0139512 -0.0233548 -0.00243842 0.00636281 -0.0233548 0.103326 
0.0049757 -0.0116342 0.00188069 -0.00236704 -0.0116342 0.0709029 -0.00235447 0.00618497 0.00188069 -0.00235447 0.0140076 -0.0233897 -0.00236704 0.00618497 -0.0233897 0.103437 
0.00493765 -0.011568 0.00187906 -0.00232221 -0.011568 0.0707412 -0.00230301 0.00606021 0.00187906 -0.00230301 0.0140381 -0.0234353 -0.00232221 0.00606021 -0.0234353 0.103498 
0.00492051 -0.0115371 0.00193227 -0.00235131 -0.0115371 0.0706674 -0.00233428 0.00609267 0.00193227 -0.00233428 0.0140707 -0.023483 -0.00235131 0.00609267 -0.023483 0.103634 
0.00484509 -0.0115282 0.00193201 -0.00241457 -0.0115282 0.0706712 -0.00241145 0.00623256 0.00193201 -0.00241145 0.0141674 -0.0235445 -0.00241457 0.00623256 -0.0235445 0.103843 
0.0047891 -0.0114155 0.0018972 -0.00239155 -0.0114155 0.0704451 -0.0023916 0.00624437 0.0018972 -0.0023916 0.0142201 -0.0236491 -0.00239155 0.00624437 -0.0236491 0.104038 
0.00479898 -0.0113406 0.00189892 -0.00236103 -0.0113406 0.0702118 -0.00235478 0.00619677 0.00189892 -0.00235478 0.0142166 -0.0237185 -0.00236103 0.00619677 -0.0237185 0.10424 
0.00484089 -0.0113523 0.00194422 -0.00236336 -0.0113523 0.0701308 -0.00235625 0.00617417 0.00194422 -0.00235625 0.0141829 -0.0237152 -0.00236336 0.00617417 -0.0237152 0.104307 
0.00488882 -0.011441 0.00199846 -0.00243989 -0.011441 0.0703486 -0.00244464 0.00632746 0.00199846 -0.00244464 0.0141645 -0.0236942 -0.00243989 0.00632746 -0.0236942 0.104362 
0.00492661 -0.0115078 0.00203712 -0.00250107 -0.0115078 0.070549 -0.00251497 0.00650324 0.00203712 -0.00251497 0.0141484 -0.0236558 -0.00250107 0.00650324 -0.0236558 0.104277 
0.00493311 -0.0115438 0.00207646 -0.00253291 -0.0115438 0.07063 -0.00254968 0.00661052 0.00207646 -0.00254968 0.0141202 -0.0236097 -0.00253291 0.00661052 -0.0236097 0.104095 
0.00495436 -0.0115698 0.00211126 -0.00259657 -0.0115698 0.0707448 -0.00261483 0.00676776 0.00211126 -0.00261483 0.0141009 -0.0235865 -0.00259657 0.00676776 -0.0235865 0.104021 
0.00501684 -0.0116116 0.00215329 -0.00266195 -0.0116116 0.0708966 -0.0026775 0.00695625 0.00215329 -0.0026775 0.0140698 -0.0235746 -0.00266195 0.00695625 -0.0235746 0.104014 
0.00508064 -0.0116843 0.00220356 -0.00270094 -0.0116843 0.0710543 -0.00271495 0.00707457 0.00220356 -0.00271495 0.0140358 -0.0235345 -0.00270094 0.00707457 -0.0235345 0.10394 
0.00519787 -0.0117641 0.00229864 -0.0027553 -0.0117641 0.0712149 -0.00277024 0.00719484 0.00229864 -0.00277024 0.01394 -0.0234702 -0.0027553 0.00719484 -0.0234702 0.103744 
0.00525495 -0.0119516 0.00235944 -0.00288429 -0.0119516 0.0716928 -0.0029128 0.00747494 0.00235944 -0.0029128 0.0139326 -0.0233918 -0.00288429 0.00747494 -0.0233918 0.103657 
0.00522813 -0.0120203 0.0023635 -0.00292805 -0.0120203 0.0719818 -0.00296004 0.00763737 0.0023635 -0.00296004 0.0139662 -0.0233683 -0.00292805 0.00763737 -0.0233683 0.10353 
0.0051894 -0.0119594 0.00233981 -0.00289005 -0.0119594 0.0719428 -0.00290814 0.00756283 0.00233981 -0.00290814 0.0140026 -0.023423 -0.00289005 0.00756283 -0.023423 0.103584 
0.00511 -0.0118858 0.00226745 -0.00284627 -0.0118858 0.0717371 -0.00285236 0.00741903 0.00226745 -0.00285236 0.0140711 -0.02347 -0.00284627 0.00741903 -0.02347 0.103681 
0.00504217 -0.0117748 0.00218128 -0.00275432 -0.0117748 0.0714444 -0.00274566 0.00719316 0.00218128 -0.00274566 0.0141223 -0.0235551 -0.00275432 0.00719316 -0.0235551 0.10385 
0.00497599 -0.0117136 0.0021474 -0.00267855 -0.0117136 0.0712905 -0.00265608 0.00699242 0.0021474 -0.00265608 0.0141975 -0.0236405 -0.00267855 0.00699242 -0.0236405 0.104119 
0.00491682 -0.0116184 0.00211894 -0.00260525 -0.0116184 0.0710726 -0.0025796 0.00675096 0.00211894 -0.0025796 0.014252 -0.0237446 -0.00260525 0.00675096 -0.0237446 0.104413 
0.00485997 -0.0115363 0.00210202 -0.00259433 -0.0115363 0.0707932 -0.00257492 0.00668011 0.00210202 -0.00257492 0.0142738 -0.0237653 -0.00259433 0.00668011 -0.0237653 0.104449 
0.00482008 -0.011475 0.00207499 -0.00257946 -0.011475 0.070647 -0.00256672 0.00665635 0.00207499 -0.00256672 0.0143114 -0.023828 -0.00257946 0.00665635 -0.023828 0.104644 
0.00482597 -0.0114253 0.00206838 -0.00257376 -0.0114253 0.0704793 -0.00256257 0.0066746 0.00206838 -0.00256257 0.0143017 -0.0238406 -0.00257376 0.0066746 -0.0238406 0.104666 
0.00488005 -0.0114439 0.00209961 -0.00257294 -0.0114439 0.0704858 -0.00256328 0.00669118 0.00209961 -0.00256328 0.0142852 -0.0238483 -0.00257294 0.00669118 -0.0238483 0.104736 
0.00494862 -0.0115272 0.0021364 -0.00260854 -0.0115272 0.070664 -0.00260692 0.00676041 0.0021364 -0.00260692 0.0142585 -0.0238341 -0.00260854 0.00676041 -0.0238341 0.10476 
0.00500163 -0.011604 0.00217441 -0.0026233 -0.011604 0.0708113 -0.00263063 0.00679575 0.00217441 -0.00263063 0.0142079 -0.0237755 -0.0026233 0.00679575 -0.0237755 0.104594 
0.00501756 -0.011714 0.00219563 -0.00268587 -0.011714 0.0711769 -0.00270211 0.00693627 0.00219563 -0.00270211 0.0142494 -0.0237523 -0.00268587 0.00693627 -0.0237523 0.104601 
0.00495792 -0.0117139 0.002151 -0.00266969 -0.0117139 0.0712558 -0.00268714 0.00692655 0.002151 -0.00268714 0.0142992 -0.0237841 -0.00266969 0.00692655 -0.0237841 0.104586 
0.00490432 -0.0116667 0.0021152 -0.00265557 -0.0116667 0.0712428 -0.00266258 0.0069278 0.0021152 -0.00266258 0.0143461 -0.0238395 -0.00265557 0.0069278 -0.0238395 0.10467 
0.00484581 -0.0116045 0.00208152 -0.00262261 -0.0116045 0.0711463 -0.00261547 0.00686066 0.00208152 -0.00261547 0.0143926 -0.0239079 -0.00262261 0.00686066 -0.0239079 0.104843 
0.00485881 -0.0115447 0.00209755 -0.00260469 -0.0115447 0.0710435 -0.00258751 0.00681255 0.00209755 -0.00258751 0.014402 -0.0239697 -0.00260469 0.00681255 -0.0239697 0.105027 
0.00491813 -0.0115497 0.00214332 -0.00262448 -0.0115497 0.0709588 -0.00260681 0.00682283 0.00214332 -0.00260681 0.014357 -0.0239602 -0.00262448 0.00682283 -0.0239602 0.105031 
0.0049906 -0.01162 0.00221436 -0.00265061 -0.01162 0.0710451 -0.00264546 0.00685673 0.00221436 -0.00264546 0.014295 -0.0239226 -0.00265061 0.00685673 -0.0239226 0.104995 
0.00500432 -0.0116903 0.00222936 -0.00268243 -0.0116903 0.0711851 -0.00269292 0.00688114 0.00222936 -0.00269292 0.0142611 -0.0238648 -0.00268243 0.00688114 -0.0238648 0.104913 
0.00506251 -0.0117255 0.00228356 -0.00273266 -0.0117255 0.0713167 -0.00275198 0.00702695 0.00228356 -0.00275198 0.0141838 -0.0237982 -0.00273266 0.00702695 -0.0237982 0.104727 
0.00511946 -0.0117764 0.00228766 -0.00278286 -0.0117764 0.0714063 -0.0028055 0.00714734 0.00228766 -0.0028055 0.0141276 -0.0237071 -0.00278286 0.00714734 -0.0237071 0.104514 
0.00508444 -0.0118436 0.00226074 -0.00278373 -0.0118436 0.0715641 -0.00280403 0.00719352 0.00226074 -0.00280403 0.0141533 -0.0236521 -0.00278373 0.00719352 -0.0236521 0.104379 
0.00505195 -0.011811 0.00223803 -0.00276527 -0.011811 0.0715989 -0.00277292 0.00717482 0.00223803 -0.00277292 0.0141819 -0.0236749 -0.00276527 0.00717482 -0.0236749 0.104354 
0.00503218 -0.0117483 0.00219464 -0.00272432 -0.0117483 0.0714553 -0.00272233 0.00706699 0.00219464 -0.00272233 0.0141798 -0.023712 -0.00272432 0.00706699 -0.023712 0.10441 
0.00504807 -0.0117055 0.00218772 -0.00266465 -0.0117055 0.0712929 -0.00265403 0.00691087 0.00218772 -0.00265403 0.014135 -0.0237102 -0.00266465 0.00691087 -0.0237102 0.104433 
0.00502868 -0.0117266 0.00217476 -0.0026858 -0.0117266 0.0712382 -0.00267849 0.00691734 0.00217476 -0.00267849 0.0141265 -0.0236194 -0.0026858 0.00691734 -0.0236194 0.104217 
0.00500358 -0.0117106 0.00214161 -0.00267334 -0.0117106 0.0712493 -0.00266674 0.0069169 0.00214161 -0.00266674 0.0141584 -0.0236301 -0.00267334 0.0069169 -0.0236301 0.104197 
0.00497203 -0.0116664 0.00210764 -0.00263184 -0.0116664 0.0711277 -0.00262142 0.00684212 0.00210764 -0.00262142 0.0141769 -0.0236504 -0.00263184 0.00684212 -0.0236504 0.104177 
0.00493925 -0.0116305 0.00208514 -0.00258132 -0.0116305 0.0710662 -0.00256613 0.00671111 0.00208514 -0.00256613 0.0142169 -0.0237098 -0.00258132 0.00671111 -0.0237098 0.104359 
0.00492229 -0.011581 0.00207037 -0.00254008 -0.011581 0.0709504 -0.00252631 0.00657627 0.00207037 -0.00252631 0.0142319 -0.0237599 -0.00254008 0.00657627 -0.0237599 0.104512 
0.00486106 -0.011525 0.00201829 -0.00249519 -0.011525 0.0707109 -0.0024862 0.0064332 0.00201829 -0.0024862 0.0142482 -0.0237479 -0.00249519 0.0064332 -0.0237479 0.104462 
0.00481387 -0.0114668 0.00194538 -0.0024651 -0.0114668 0.0705817 -0.00245785 0.0063756 0.00194538 -0.00245785 0.0142942 -0.0237786 -0.0024651 0.0063756 -0.0237786 0.104523 
0.00478533 -0.0114179 0.00191119 -0.00240789 -0.0114179 0.0704612 -0.00239187 0.00629175 0.00191119 -0.00239187 0.0143219 -0.0238251 -0.00240789 0.00629175 -0.0238251 0.104607 
0.00480793 -0.0113951 0.00192061 -0.00236355 -0.0113951 0.0704343 -0.00234199 0.00616551 0.00192061 -0.00234199 0.0143428 -0.0238901 -0.00236355 0.00616551 -0.0238901 0.104826 
0.00481669 -0.0114128 0.00195291 -0.00235344 -0.0114128 0.070409 -0.00233953 0.00608763 0.00195291 -0.00233953 0.0143327 -0.0238972 -0.00235344 0.00608763 -0.0238972 0.104874 
0.00478801 -0.0114392 0.00200052 -0.00241605 -0.0114392 0.0704508 -0.00241643 0.00620814 0.00200052 -0.00241643 0.0143414 -0.0238599 -0.00241605 0.00620814 -0.0238599 0.104767 
0.00475405 -0.011402 0.00199953 -0.00245378 -0.011402 0.0704323 -0.00246638 0.00632096 0.00199953 -0.00246638 0.0143673 -0.0238918 -0.00245378 0.00632096 -0.0238918 0.104812 
0.00470111 -0.0113787 0.00198248 -0.00248378 -0.0113787 0.0704461 -0.00249713 0.00645428 0.00198248 -0.00249713 0.0144391 -0.0239468 -0.00248378 0.00645428 -0.0239468 0.104995 
0.00464745 -0.0113137 0.00196588 -0.00248473 -0.0113137 0.0703274 -0.0024886 0.00651726 0.00196588 -0.0024886 0.0144953 -0.0240127 -0.00248473 0.00651726 -0.0240127 0.105123 
0.00462807 -0.0112286 0.0019566 -0.0024587 -0.0112286 0.0700843 -0.00245023 0.00647009 0.0019566 -0.00245023 0.0145057 -0.0240681 -0.0024587 0.00647009 -0.0240681 0.105221 
0.00468266 -0.0112208 0.00201852 -0.00246905 -0.0112208 0.0700266 -0.00245755 0.00648385 0.00201852 -0.00245755 0.0144853 -0.0241044 -0.00246905 0.00648385 -0.0241044 0.105382 
0.0046894 -0.0112793 0.00207265 -0.00251811 -0.0112793 0.0700567 -0.00251603 0.00654782 0.00207265 -0.00251603 0.0144864 -0.0240677 -0.00251811 0.00654782 -0.0240677 0.105342 
0.00469623 -0.0112978 0.00207415 -0.00256192 -0.0112978 0.0701626 -0.00257244 0.00664504 0.00207415 -0.00257244 0.0145027 -0.0240951 -0.00256192 0.00664504 -0.0240951 0.105424 
0.00470274 -0.0112915 0.00205083 -0.00254709 -0.0112915 0.0701391 -0.00255994 0.00664991 0.00205083 -0.00255994 0.0144895 -0.0241025 -0.00254709 0.00664991 -0.0241025 0.105427 
0.00468105 -0.0113124 0.00203025 -0.00252611 -0.0113124 0.0702066 -0.00253344 0.00661068 0.00203025 -0.00253344 0.0145271 -0.0241055 -0.00252611 0.00661068 -0.0241055 0.105491 
0.00462279 -0.0112769 0.00199063 -0.00249766 -0.0112769 0.0701279 -0.00249626 0.00652858 0.00199063 -0.00249626 0.0145792 -0.0241205 -0.00249766 0.00652858 -0.0241205 0.105455 
