0.00475022 0 -0.002966 0 0 0.00999232 0 0 -0.002966 0 0.00905474 0 0 0 0 0.00999232 
0.00703002 -0.00876159 -0.00426227 0.00525231 -0.00876159 0.025964 0.00525231 -0.0100713 -0.00426227 0.00525231 0.0124891 -0.0154621 0.00525231 -0.0100713 -0.0154621 0.0388124 
0.00727208 -0.0140925 -0.00391795 0.00679199 -0.0140925 0.0542716 0.00679199 -0.021673 -0.00391795 0.00679199 0.0122304 -0.0222619 0.00679199 -0.021673 -0.0222619 0.0801442 
0.00693617 -0.0147937 -0.00343705 0.00518213 -0.0147937 0.0697909 0.00517964 -0.019211 -0.00343705 0.00517964 0.0115686 -0.0211169 0.00518213 -0.019211 -0.0211169 0.0917882 
0.00684775 -0.0146882 -0.00342972 0.00443285 -0.0146882 0.0765925 0.00444023 -0.015 -0.00342972 0.00444023 0.0116956 -0.0202894 0.00443285 -0.015 -0.0202894 0.093113 
0.00686776 -0.0145569 -0.00358162 0.0044794 -0.0145569 0.0788925 0.0044956 -0.0133297 -0.00358162 0.0044956 0.0119485 -0.0203419 0.0044794 -0.0133297 -0.0203419 0.0937123 
0.00691974 -0.014469 -0.00372215 0.00472127 -0.014469 0.0794811 0.0047313 -0.0132034 -0.00372215 0.0047313 0.0121278 -0.0206634 0.00472127 -0.0132034 -0.0206634 0.0948623 
0.00696025 -0.014456 -0.00380593 0.00494057 -0.014456 0.0794784 0.00493959 -0.0135983 -0.00380593 0.00493959 0.012154 -0.0207552 0.00494057 -0.0135983 -0.0207552 0.0953499 
0.00701099 -0.0144708 -0.00383563 0.00506752 -0.0144708 0.079453 0.00505737 -0.0139826 -0.00383563 0.00505737 0.0121206 -0.0207735 0.00506752 -0.0139826 -0.0207735 0.0955408 
0.0070691 -0.0144946 -0.00384525 0.00509293 -0.0144946 0.0794163 0.0050826 -0.0141555 -0.00384525 0.0050826 0.0120791 -0.0207466 0.00509293 -0.0141555 -0.0207466 0.0955539 
0.00713724 -0.0145943 -0.00382201 0.00510573 -0.0145943 0.0796206 0.00510502 -0.0142499 -0.00382201 0.00510502 0.0120347 -0.0206889 0.00510573 -0.0142499 -0.0206889 0.0954629 
0.00721394 -0.0146877 -0.00383996 0.00506133 -0.0146877 0.0798805 0.00507017 -0.014208 -0.00383996 0.00507017 0.0119878 -0.0206451 0.00506133 -0.014208 -0.0206451 0.095365 
0.00728299 -0.0147914 -0.00389118 0.005064 -0.0147914 0.0801562 0.00508276 -0.0141722 -0.00389118 0.00508276 0.0119269 -0.0205794 0.005064 -0.0141722 -0.0205794 0.0952037 
0.00729605 -0.0148765 -0.00391143 0.00511079 -0.0148765 0.0804038 0.00513934 -0.0142262 -0.00391143 0.00513934 0.0119143 -0.0205121 0.00511079 -0.0142262 -0.0205121 0.0950358 
0.0072855 -0.0148781 -0.00396243 0.00512854 -0.0148781 0.0804621 0.00515565 -0.0142702 -0.00396243 0.00515565 0.0119236 -0.0204959 0.00512854 -0.0142702 -0.0204959 0.0949118 
0.0072637 -0.0148921 -0.0039097 0.00520795 -0.0148921 0.0805741 0.00522423 -0.0144125 -0.0039097 0.00522423 0.0119655 -0.0205243 0.00520795 -0.0144125 -0.0205243 0.0949748 
0.00720073 -0.0148528 -0.00382207 0.00515061 -0.0148528 0.0805227 0.00515027 -0.0143743 -0.00382207 0.00515027 0.0120418 -0.0205825 0.00515061 -0.0143743 -0.0205825 0.0950959 
0.007191 -0.0148101 -0.0038467 0.00505876 -0.0148101 0.0805441 0.00503567 -0.0141807 -0.0038467 0.00503567 0.0121084 -0.0207156 0.00505876 -0.0141807 -0.0207156 0.0954795 
0.00716402 -0.0147536 -0.00387477 0.00506383 -0.0147536 0.0802934 0.00503298 -0.014052 -0.00387477 0.00503298 0.012094 -0.0207471 0.00506383 -0.014052 -0.0207471 0.0955282 
0.00713858 -0.0147103 -0.00387439 0.00509458 -0.0147103 0.0801383 0.00507057 -0.0140715 -0.00387439 0.00507057 0.01211 -0.0207715 0.00509458 -0.0140715 -0.0207715 0.0956516 
0.00715619 -0.014707 -0.00386594 0.00510179 -0.014707 0.080214 0.00508808 -0.0141239 -0.00386594 0.00508808 0.0121557 -0.0208622 0.00510179 -0.0141239 -0.0208622 0.096023 
0.00715305 -0.0147452 -0.0038843 0.00509784 -0.0147452 0.0802579 0.00509089 -0.0141561 -0.0038843 0.00509089 0.0121472 -0.020832 0.00509784 -0.0141561 -0.020832 0.0959624 
0.00714317 -0.0147288 -0.00386067 0.00510328 -0.0147288 0.0802802 0.00510163 -0.0141544 -0.00386067 0.00510163 0.0121718 -0.0208723 0.00510328 -0.0141544 -0.0208723 0.0960831 
0.00715423 -0.0146691 -0.00384547 0.00505402 -0.0146691 0.0800444 0.00505233 -0.0140573 -0.00384547 0.00505233 0.012166 -0.0208716 0.00505402 -0.0140573 -0.0208716 0.0960143 
0.00716466 -0.0147139 -0.00383107 0.00504611 -0.0147139 0.0800645 0.00504807 -0.0140168 -0.00383107 0.00504807 0.0121684 -0.0208555 0.00504611 -0.0140168 -0.0208555 0.0959615 
0.00714922 -0.0147835 -0.00376625 0.00503981 -0.0147835 0.0803555 0.00504407 -0.0140163 -0.00376625 0.00504407 0.0122375 -0.0208974 0.00503981 -0.0140163 -0.0208974 0.0961323 
0.00712298 -0.0147751 -0.00372475 0.00496388 -0.0147751 0.0804449 0.00495714 -0.0138852 -0.00372475 0.00495714 0.0122597 -0.0209482 0.00496388 -0.0138852 -0.0209482 0.0962102 
0.00710491 -0.0147332 -0.0037503 0.00491399 -0.0147332 0.0803074 0.00489912 -0.0137312 -0.0037503 0.00489912 0.012208 -0.0209031 0.00491399 -0.0137312 -0.0209031 0.0960116 
0.00711866 -0.0147182 -0.00380984 0.00494762 -0.0147182 0.0803256 0.00493603 -0.0137287 -0.00380984 0.00493603 0.012205 -0.0209143 0.00494762 -0.0137287 -0.0209143 0.0961241 
0.0071231 -0.0146796 -0.00386404 0.00499864 -0.0146796 0.0801561 0.00499622 -0.0138076 -0.00386404 0.00499622 0.0122052 -0.0209131 0.00499864 -0.0138076 -0.0209131 0.0961179 
0.00712426 -0.0147047 -0.00389104 0.00507346 -0.0147047 0.0802159 0.00507891 -0.0139884 -0.00389104 0.00507891 0.0122636 -0.0209588 0.00507346 -0.0139884 -0.0209588 0.0963017 
0.00709492 -0.0147015 -0.00389403 0.00510517 -0.0147015 0.0801767 0.00510913 -0.0141138 -0.00389403 0.00510913 0.0122965 -0.0209869 0.00510517 -0.0141138 -0.0209869 0.0963161 
0.00709718 -0.01469 -0.00387195 0.0051176 -0.01469 0.0802369 0.00511328 -0.0141727 -0.00387195 0.00511328 0.012348 -0.0210739 0.0051176 -0.0141727 -0.0210739 0.0965782 
0.00710485 -0.0147123 -0.00385315 0.00511 -0.0147123 0.0802079 0.00509934 -0.0141999 -0.00385315 0.00509934 0.0122797 -0.0210204 0.00511 -0.0141999 -0.0210204 0.0963694 
0.00712493 -0.014773 -0.00383655 0.00510537 -0.014773 0.0804569 0.00509712 -0.0142234 -0.00383655 0.00509712 0.0122544 -0.02098 0.00510537 -0.0142234 -0.02098 0.0963706 
0.00714659 -0.0147425 -0.00380988 0.00506072 -0.0147425 0.0803393 0.00505744 -0.0141373 -0.00380988 0.00505744 0.0121438 -0.0208898 0.00506072 -0.0141373 -0.0208898 0.0960421 
0.00714853 -0.0147926 -0.00381468 0.00503602 -0.0147926 0.080492 0.00504311 -0.0140851 -0.00381468 0.00504311 0.0121092 -0.0208132 0.00503602 -0.0140851 -0.0208132 0.0959698 
0.00711687 -0.0147248 -0.00381143 0.00501582 -0.0147248 0.0802402 0.00503015 -0.0140102 -0.00381143 0.00503015 0.0120474 -0.0206904 0.00501582 -0.0140102 -0.0206904 0.095507 
0.00711569 -0.0146604 -0.00376099 0.0050137 -0.0146604 0.0800742 0.00502691 -0.0139803 -0.00376099 0.00502691 0.0120394 -0.0206982 0.0050137 -0.0139803 -0.0206982 0.0955058 
0.00710754 -0.0146179 -0.00369812 0.00494777 -0.0146179 0.0798533 0.00495773 -0.0138611 -0.00369812 0.00495773 0.012051 -0.020686 0.00494777 -0.0138611 -0.020686 0.0954633 
0.00713119 -0.0146472 -0.00366777 0.00488752 -0.0146472 0.0799092 0.00489349 -0.0137289 -0.00366777 0.00489349 0.0120505 -0.0206982 0.00488752 -0.0137289 -0.0206982 0.0955104 
0.00715274 -0.0146585 -0.00365913 0.00483534 -0.0146585 0.079896 0.00483937 -0.013569 -0.00365913 0.00483937 0.012027 -0.0206778 0.00483534 -0.013569 -0.0206778 0.0954346 
0.00716896 -0.0147203 -0.00368434 0.0048343 -0.0147203 0.0800806 0.00484219 -0.0135209 -0.00368434 0.00484219 0.0120409 -0.0206584 0.0048343 -0.0135209 -0.0206584 0.0954288 
0.00716867 -0.0147377 -0.00371865 0.00485711 -0.0147377 0.0802105 0.00486485 -0.0135336 -0.00371865 0.00486485 0.0120807 -0.0207036 0.00485711 -0.0135336 -0.0207036 0.095547 
0.00716739 -0.014703 -0.00374797 0.00488559 -0.014703 0.0801144 0.00488919 -0.0135635 -0.00374797 0.00488919 0.0121079 -0.0207494 0.00488559 -0.0135635 -0.0207494 0.0956227 
0.00713691 -0.0147152 -0.00374251 0.00493473 -0.0147152 0.0800315 0.0049357 -0.0136739 -0.00374251 0.0049357 0.0120975 -0.0207124 0.00493473 -0.0136739 -0.0207124 0.0954428 
0.0071449 -0.0147753 -0.00377082 0.00498049 -0.0147753 0.0803124 0.00497664 -0.0138526 -0.00377082 0.00497664 0.0120776 -0.0206941 0.00498049 -0.0138526 -0.0206941 0.095425 
0.00710315 -0.0147683 -0.0037511 0.00501827 -0.0147683 0.0803341 0.00500813 -0.0139709 -0.0037511 0.00500813 0.0120493 -0.0206187 0.00501827 -0.0139709 -0.0206187 0.0951877 
0.00707893 -0.0146387 -0.00372247 0.00496941 -0.0146387 0.0800627 0.00495054 -0.0138947 -0.00372247 0.00495054 0.0120546 -0.0206783 0.00496941 -0.0138947 -0.0206783 0.095317 
0.00712405 -0.0145951 -0.00372144 0.00493441 -0.0145951 0.0798851 0.00491462 -0.0137998 -0.00372144 0.00491462 0.0120312 -0.0207137 0.00493441 -0.0137998 -0.0207137 0.0955084 
0.00714293 -0.0146257 -0.00376437 0.00491737 -0.0146257 0.0797603 0.00491303 -0.0137384 -0.00376437 0.00491303 0.0119864 -0.0206324 0.00491737 -0.0137384 -0.0206324 0.0953227 
0.00718976 -0.0146142 -0.0037942 0.00493632 -0.0146142 0.0797011 0.00494573 -0.0137171 -0.0037942 0.00494573 0.011974 -0.0206599 0.00493632 -0.0137171 -0.0206599 0.0954062 
0.00726274 -0.0147141 -0.00386676 0.00498438 -0.0147141 0.0798883 0.00500813 -0.0138346 -0.00386676 0.00500813 0.0119176 -0.0206131 0.00498438 -0.0138346 -0.0206131 0.0953396 
0.00728556 -0.0148581 -0.00392198 0.00508334 -0.0148581 0.0802737 0.00512181 -0.0140726 -0.00392198 0.00512181 0.0118952 -0.0204988 0.00508334 -0.0140726 -0.0204988 0.0950766 
0.00728145 -0.0148954 -0.00390353 0.00515103 -0.0148954 0.0805766 0.00518727 -0.0142735 -0.00390353 0.00518727 0.0119271 -0.0205286 0.00515103 -0.0142735 -0.0205286 0.0951385 
0.00724886 -0.0148498 -0.00387177 0.00512257 -0.0148498 0.0805007 0.00514173 -0.0142744 -0.00387177 0.00514173 0.0119504 -0.0205448 0.00512257 -0.0142744 -0.0205448 0.0951156 
0.00721161 -0.0148397 -0.00390092 0.00511042 -0.0148397 0.0804191 0.00511528 -0.0142548 -0.00390092 0.00511528 0.0119299 -0.0204782 0.00511042 -0.0142548 -0.0204782 0.0948364 
0.00721197 -0.0147959 -0.00396061 0.00515262 -0.0147959 0.0804335 0.0051459 -0.0142981 -0.00396061 0.0051459 0.0119656 -0.0205559 0.00515262 -0.0142981 -0.0205559 0.0950717 
0.0072647 -0.0147708 -0.00403534 0.00522372 -0.0147708 0.0803576 0.00521401 -0.0144297 -0.00403534 0.00521401 0.011941 -0.0206147 0.00522372 -0.0144297 -0.0206147 0.0952854 
0.00728804 -0.0148218 -0.00409553 0.00531095 -0.0148218 0.0803165 0.00531453 -0.0146435 -0.00409553 0.00531453 0.0118963 -0.0205298 0.00531095 -0.0146435 -0.0205298 0.0951057 
0.00729581 -0.0148547 -0.00414292 0.00537969 -0.0148547 0.0804091 0.00539358 -0.0148503 -0.00414292 0.00539358 0.0119209 -0.0205133 0.00537969 -0.0148503 -0.0205133 0.0950703 
0.00726052 -0.0148555 -0.00412089 0.00543293 -0.0148555 0.0803919 0.00544597 -0.0150086 -0.00412089 0.00544597 0.0119762 -0.0205196 0.00543293 -0.0150086 -0.0205196 0.0949939 
0.00726739 -0.0148532 -0.0041181 0.00542594 -0.0148532 0.0805135 0.00542277 -0.0150604 -0.0041181 0.00542277 0.0120191 -0.0206478 0.00542594 -0.0150604 -0.0206478 0.0953291 
0.00727091 -0.0148649 -0.00412134 0.00541975 -0.0148649 0.0804934 0.0054074 -0.0150394 -0.00412134 0.0054074 0.0119784 -0.0206298 0.00541975 -0.0150394 -0.0206298 0.0952883 
0.00725928 -0.014863 -0.00410259 0.00541186 -0.014863 0.0805197 0.00540366 -0.0150032 -0.00410259 0.00540366 0.0119859 -0.0206311 0.00541186 -0.0150032 -0.0206311 0.0953631 
0.00722521 -0.0148403 -0.00406191 0.00538278 -0.0148403 0.0804808 0.00537879 -0.0149428 -0.00406191 0.00537879 0.0120091 -0.0206414 0.00538278 -0.0149428 -0.0206414 0.0954001 
0.00719789 -0.0147851 -0.00405038 0.00532914 -0.0147851 0.0803234 0.00532351 -0.0148271 -0.00405038 0.00532351 0.0120228 -0.020647 0.00532914 -0.0148271 -0.020647 0.0953615 
0.0071682 -0.0147674 -0.00403838 0.00532306 -0.0147674 0.0803029 0.00531515 -0.0147721 -0.00403838 0.00531515 0.0120982 -0.020697 0.00532306 -0.0147721 -0.020697 0.0955196 
0.0071294 -0.0147345 -0.00396691 0.00531638 -0.0147345 0.0802137 0.00530176 -0.0147486 -0.00396691 0.00530176 0.0121461 -0.0207535 0.00531638 -0.0147486 -0.0207535 0.0955972 
0.00714577 -0.0146878 -0.00389938 0.00522832 -0.0146878 0.0801675 0.00520217 -0.0145862 -0.00389938 0.00520217 0.0121752 -0.0208875 0.00522832 -0.0145862 -0.0208875 0.0959961 
0.00713216 -0.0146751 -0.00383563 0.00511798 -0.0146751 0.0799881 0.00509458 -0.0143028 -0.00383563 0.00509458 0.0121602 -0.0208738 0.00511798 -0.0143028 -0.0208738 0.0959917 
0.007114 -0.0146929 -0.00382036 0.00503386 -0.0146929 0.0800771 0.00502236 -0.0140632 -0.00382036 0.00502236 0.0122224 -0.0209054 0.00503386 -0.0140632 -0.0209054 0.0961557 
0.00709979 -0.0146944 -0.00382236 0.00502296 -0.0146944 0.0800954 0.00501511 -0.0139687 -0.00382236 0.00501511 0.0122281 -0.0209019 0.00502296 -0.0139687 -0.0209019 0.096062 
0.00710788 -0.0146966 -0.00390311 0.0050365 -0.0146966 0.0801624 0.00502709 -0.0139761 -0.00390311 0.00502709 0.0122276 -0.0209314 0.0050365 -0.0139761 -0.0209314 0.0961357 
0.00713406 -0.0147063 -0.00399015 0.00514265 -0.0147063 0.0801453 0.00513716 -0.0141666 -0.00399015 0.00513716 0.0121665 -0.0208703 0.00514265 -0.0141666 -0.0208703 0.0959449 
0.00717404 -0.0147688 -0.0040499 0.00527057 -0.0147688 0.0803618 0.00527281 -0.0144965 -0.0040499 0.00527281 0.0121233 -0.0208471 0.00527057 -0.0144965 -0.0208471 0.0959776 
0.00720395 -0.0147627 -0.00401131 0.00531689 -0.0147627 0.0803474 0.00532861 -0.0146831 -0.00401131 0.00532861 0.0120883 -0.0208168 0.00531689 -0.0146831 -0.0208168 0.0959434 
0.00721807 -0.0148169 -0.0039637 0.00527909 -0.0148169 0.080474 0.00529636 -0.0147137 -0.0039637 0.00529636 0.0120818 -0.0207709 0.00527909 -0.0147137 -0.0207709 0.0958825 
0.00718911 -0.0148238 -0.00390028 0.00520903 -0.0148238 0.0804712 0.00522507 -0.014583 -0.00390028 0.00522507 0.012083 -0.0207104 0.00520903 -0.014583 -0.0207104 0.0956401 
0.0071927 -0.0147861 -0.00388374 0.00513318 -0.0147861 0.0804137 0.0051373 -0.0143867 -0.00388374 0.0051373 0.0120581 -0.0207201 0.00513318 -0.0143867 -0.0207201 0.0955762 
0.00720627 -0.0147954 -0.00385578 0.00511591 -0.0147954 0.0804496 0.00511573 -0.0142742 -0.00385578 0.00511573 0.0120453 -0.0207216 0.00511591 -0.0142742 -0.0207216 0.0956492 
0.00720493 -0.0147281 -0.00383682 0.00504555 -0.0147281 0.0801545 0.0050477 -0.0140844 -0.00383682 0.0050477 0.0120136 -0.0206891 0.00504555 -0.0140844 -0.0206891 0.0954942 
0.00723438 -0.0147924 -0.00383987 0.00505108 -0.0147924 0.0802756 0.00506083 -0.0140653 -0.00383987 0.00506083 0.0119792 -0.020637 0.00505108 -0.0140653 -0.020637 0.0953925 
0.00721539 -0.0148197 -0.0038431 0.005046 -0.0148197 0.080355 0.0050613 -0.0140549 -0.0038431 0.0050613 0.011993 -0.0205931 0.005046 -0.0140549 -0.0205931 0.0952611 
0.00724028 -0.0148792 -0.00389424 0.00509522 -0.0148792 0.0806373 0.00510507 -0.0141804 -0.00389424 0.00510507 0.0119685 -0.0205656 0.00509522 -0.0141804 -0.0205656 0.0951702 
0.00721774 -0.0148602 -0.00393207 0.00514902 -0.0148602 0.0805993 0.00515163 -0.014295 -0.00393207 0.00515163 0.0119472 -0.0205159 0.00514902 -0.014295 -0.0205159 0.0949794 
0.00718477 -0.0147806 -0.00391697 0.00518625 -0.0147806 0.0803995 0.00518223 -0.014381 -0.00391697 0.00518223 0.011958 -0.0205464 0.00518625 -0.014381 -0.0205464 0.0950319 
0.00715157 -0.014687 -0.00387423 0.00515589 -0.014687 0.0800957 0.00514587 -0.0143455 -0.00387423 0.00514587 0.0119966 -0.020608 0.00515589 -0.0143455 -0.020608 0.0952112 
0.00716423 -0.0146436 -0.00386383 0.0051023 -0.0146436 0.0799142 0.00509117 -0.0142356 -0.00386383 0.00509117 0.0120151 -0.0206693 0.0051023 -0.0142356 -0.0206693 0.0954115 
0.00718675 -0.0146898 -0.00389433 0.00509629 -0.0146898 0.0799173 0.00509127 -0.0141949 -0.00389433 0.00509127 0.0119873 -0.0206302 0.00509629 -0.0141949 -0.0206302 0.0953266 
0.00721091 -0.0147189 -0.00396327 0.00511677 -0.0147189 0.0800542 0.00512024 -0.0142016 -0.00396327 0.00512024 0.0120257 -0.0206807 0.00511677 -0.0142016 -0.0206807 0.0955315 
0.00723049 -0.0147677 -0.0040234 0.00520483 -0.0147677 0.0801688 0.0052142 -0.0143638 -0.0040234 0.0052142 0.0120149 -0.0206688 0.00520483 -0.0143638 -0.0206688 0.0954803 
0.00726325 -0.0148185 -0.00407886 0.00529167 -0.0148185 0.0803285 0.00530439 -0.014597 -0.00407886 0.00530439 0.0119833 -0.0206423 0.00529167 -0.014597 -0.0206423 0.0954035 
0.00727412 -0.0148668 -0.00407525 0.00536057 -0.0148668 0.080537 0.00537456 -0.0147995 -0.00407525 0.00537456 0.0119922 -0.0206523 0.00536057 -0.0147995 -0.0206523 0.0955022 
0.00726506 -0.0148334 -0.00403057 0.00533759 -0.0148334 0.080368 0.00535069 -0.0148215 -0.00403057 0.00535069 0.0119443 -0.0205778 0.00533759 -0.0148215 -0.0205778 0.0951834 
0.0072771 -0.014872 -0.00402857 0.00530273 -0.014872 0.0805468 0.00531148 -0.0147788 -0.00402857 0.00531148 0.0119749 -0.0206014 0.00530273 -0.0147788 -0.0206014 0.0953202 
0.00725315 -0.0148925 -0.00401776 0.00529617 -0.0148925 0.0806482 0.00530274 -0.0147343 -0.00401776 0.00530274 0.0120252 -0.0206119 0.00529617 -0.0147343 -0.0206119 0.0953445 
0.00723688 -0.0148466 -0.00398767 0.00527735 -0.0148466 0.0805932 0.00527273 -0.0146678 -0.00398767 0.00527273 0.0120603 -0.0206905 0.00527735 -0.0146678 -0.0206905 0.0954922 
0.00720942 -0.0148002 -0.00395164 0.00523529 -0.0148002 0.0803623 0.00522248 -0.0145586 -0.00395164 0.00522248 0.0120448 -0.0206828 0.00523529 -0.0145586 -0.0206828 0.0954041 
0.00723486 -0.0148411 -0.00393472 0.00522007 -0.0148411 0.0805694 0.005208 -0.0145272 -0.00393472 0.005208 0.0120598 -0.0207261 0.00522007 -0.0145272 -0.0207261 0.0956453 
0.0072153 -0.0148147 -0.0039152 0.0051716 -0.0148147 0.0804015 0.00516352 -0.0144098 -0.0039152 0.00516352 0.0120261 -0.0206621 0.0051716 -0.0144098 -0.0206621 0.0954 
0.00723195 -0.0147943 -0.00391999 0.00514633 -0.0147943 0.0803364 0.00514223 -0.014326 -0.00391999 0.00514223 0.0120044 -0.0206491 0.00514633 -0.014326 -0.0206491 0.0953394 
0.00726446 -0.014868 -0.00392306 0.00517353 -0.014868 0.0805843 0.0051751 -0.0143729 -0.00392306 0.0051751 0.0120008 -0.0206554 0.00517353 -0.0143729 -0.0206554 0.0954596 
0.00726277 -0.0148963 -0.00391493 0.00517797 -0.0148963 0.0805991 0.00518345 -0.014414 -0.00391493 0.00518345 0.011916 -0.0205315 0.00517797 -0.014414 -0.0205315 0.0950475 
0.00728904 -0.0148639 -0.00392362 0.00515197 -0.0148639 0.0805948 0.0051594 -0.0143659 -0.00392362 0.0051594 0.0118824 -0.0205319 0.00515197 -0.0143659 -0.0205319 0.0950805 
0.00730946 -0.0148658 -0.00397773 0.00515369 -0.0148658 0.0805166 0.00516748 -0.0143422 -0.00397773 0.00516748 0.0118601 -0.0204689 0.00515369 -0.0143422 -0.0204689 0.094941 
0.00735037 -0.0148938 -0.00398315 0.00521733 -0.0148938 0.0806096 0.00523647 -0.0144397 -0.00398315 0.00523647 0.0118703 -0.0205046 0.00521733 -0.0144397 -0.0205046 0.0950768 
0.00732827 -0.0149738 -0.00394557 0.00524031 -0.0149738 0.0807715 0.00526231 -0.0145566 -0.00394557 0.00526231 0.0118934 -0.0204459 0.00524031 -0.0145566 -0.0204459 0.0949257 
0.00725415 -0.0149109 -0.00392177 0.00518133 -0.0149109 0.0806304 0.00519003 -0.0144679 -0.00392177 0.00519003 0.011936 -0.0204473 0.00518133 -0.0144679 -0.0204473 0.0947526 
0.00723303 -0.0148347 -0.0039027 0.00516459 -0.0148347 0.0805316 0.00515201 -0.0143741 -0.0039027 0.00515201 0.0119874 -0.0205673 0.00516459 -0.0143741 -0.0205673 0.0950339 
0.0072261 -0.0147984 -0.00392227 0.00514555 -0.0147984 0.0803611 0.00512334 -0.0143045 -0.00392227 0.00512334 0.0119855 -0.0205969 0.00514555 -0.0143045 -0.0205969 0.0951221 
0.00724294 -0.0148084 -0.00401051 0.00517229 -0.0148084 0.0804089 0.00515361 -0.0143249 -0.00401051 0.00515361 0.0120109 -0.0206464 0.00517229 -0.0143249 -0.0206464 0.0953621 
0.00724149 -0.0148393 -0.00406642 0.00527827 -0.0148393 0.0804851 0.00526959 -0.0145181 -0.00406642 0.00526959 0.0120274 -0.020663 0.00527827 -0.0145181 -0.020663 0.0954534 
0.00721536 -0.0148304 -0.00406194 0.00534711 -0.0148304 0.0804938 0.00534295 -0.0147264 -0.00406194 0.00534295 0.0120601 -0.0206882 0.00534711 -0.0147264 -0.0206882 0.0955258 
0.00719985 -0.0147692 -0.00399484 0.00533515 -0.0147692 0.0803002 0.00532811 -0.0147766 -0.00399484 0.00532811 0.012041 -0.0207031 0.00533515 -0.0147766 -0.0207031 0.0954911 
0.00720914 -0.014764 -0.00397365 0.0052593 -0.014764 0.0802408 0.00525108 -0.0146713 -0.00397365 0.00525108 0.012033 -0.0206922 0.0052593 -0.0146713 -0.0206922 0.0955016 
0.00721319 -0.014758 -0.00398583 0.00520784 -0.014758 0.0802178 0.00520285 -0.0145038 -0.00398583 0.00520285 0.0120726 -0.0207282 0.00520784 -0.0145038 -0.0207282 0.0956309 
0.00723078 -0.0148036 -0.00400362 0.00522811 -0.0148036 0.0803959 0.00522764 -0.0144835 -0.00400362 0.00522764 0.0121173 -0.0208045 0.00522811 -0.0144835 -0.0208045 0.0958951 
0.00725576 -0.0148281 -0.00405335 0.00525187 -0.0148281 0.0803924 0.00525322 -0.0145324 -0.00405335 0.00525322 0.012061 -0.0207456 0.00525187 -0.0145324 -0.0207456 0.0956602 
0.00727685 -0.0149051 -0.00409247 0.00532858 -0.0149051 0.080652 0.00533585 -0.014701 -0.00409247 0.00533585 0.0120564 -0.020718 0.00532858 -0.014701 -0.020718 0.0956507 
0.00724437 -0.0149247 -0.00410402 0.00537354 -0.0149247 0.0807839 0.00538159 -0.0148448 -0.00410402 0.00538159 0.0120827 -0.0207156 0.00537354 -0.0148448 -0.0207156 0.0956396 
0.00724748 -0.0148667 -0.00410933 0.00538386 -0.0148667 0.080735 0.00538389 -0.0148961 -0.00410933 0.00538389 0.0120978 -0.020779 0.00538386 -0.0148961 -0.020779 0.0957876 
0.00725484 -0.0148592 -0.00409922 0.00539013 -0.0148592 0.080661 0.00538591 -0.0149151 -0.00409922 0.00538591 0.0120996 -0.0207965 0.00539013 -0.0149151 -0.0207965 0.0958751 
0.00728561 -0.0149173 -0.00411604 0.00540458 -0.0149173 0.0807726 0.00540293 -0.0149855 -0.00411604 0.00540293 0.0120383 -0.020725 0.00540458 -0.0149855 -0.020725 0.0956959 
0.00726064 -0.0149118 -0.00410906 0.00540531 -0.0149118 0.0806661 0.00540862 -0.0149956 -0.00410906 0.00540862 0.0119744 -0.0206015 0.00540531 -0.0149956 -0.0206015 0.0952718 
0.0072879 -0.0149168 -0.00412983 0.00541686 -0.0149168 0.0808281 0.0054206 -0.0150415 -0.00412983 0.0054206 0.0119622 -0.0206246 0.00541686 -0.0150415 -0.0206246 0.0954009 
0.00728352 -0.0148904 -0.00410219 0.00542043 -0.0148904 0.0806784 0.00542656 -0.0150397 -0.00410219 0.00542656 0.0119262 -0.0205661 0.00542043 -0.0150397 -0.0205661 0.0952311 
0.00726688 -0.014873 -0.00406474 0.00539112 -0.014873 0.0805609 0.00539902 -0.0150056 -0.00406474 0.00539902 0.01191 -0.0205079 0.00539112 -0.0150056 -0.0205079 0.0950374 
0.00729254 -0.014873 -0.00405007 0.00535967 -0.014873 0.0805694 0.00536386 -0.0149525 -0.00405007 0.00536386 0.011871 -0.0204886 0.00535967 -0.0149525 -0.0204886 0.0949594 
0.0073303 -0.0148843 -0.00406231 0.0053334 -0.0148843 0.0805584 0.00533707 -0.014874 -0.00406231 0.00533707 0.011813 -0.020449 0.0053334 -0.014874 -0.020449 0.0948764 
0.00734468 -0.0149092 -0.00406155 0.00533467 -0.0149092 0.0805784 0.00534691 -0.0148383 -0.00406155 0.00534691 0.0117948 -0.0203982 0.00533467 -0.0148383 -0.0203982 0.0947915 
0.00733695 -0.0148949 -0.00406286 0.00531621 -0.0148949 0.0805641 0.0053328 -0.0147844 -0.00406286 0.0053328 0.0118439 -0.0204363 0.00531621 -0.0147844 -0.0204363 0.0949094 
0.00733923 -0.014923 -0.00408355 0.00533565 -0.014923 0.0806337 0.00534955 -0.0148113 -0.00408355 0.00534955 0.0118704 -0.0204448 0.00533565 -0.0148113 -0.0204448 0.094904 
0.00731679 -0.0149176 -0.00404823 0.00535831 -0.0149176 0.0806136 0.00536346 -0.0148457 -0.00404823 0.00536346 0.0118893 -0.0204671 0.00535831 -0.0148457 -0.0204671 0.0948961 
0.00730707 -0.0148962 -0.00398304 0.00532085 -0.0148962 0.0805959 0.00531661 -0.0147981 -0.00398304 0.00531661 0.0119022 -0.0205109 0.00532085 -0.0147981 -0.0205109 0.0950083 
0.00727318 -0.0148937 -0.00391434 0.00524421 -0.0148937 0.0805483 0.00523487 -0.0146467 -0.00391434 0.00523487 0.0118945 -0.0204814 0.00524421 -0.0146467 -0.0204814 0.0949145 
0.00726107 -0.0148558 -0.00389076 0.00515966 -0.0148558 0.0804846 0.00514786 -0.0144397 -0.00389076 0.00514786 0.0118778 -0.0204678 0.00515966 -0.0144397 -0.0204678 0.0948502 
0.00725075 -0.0148125 -0.00386956 0.00511419 -0.0148125 0.0804111 0.00510496 -0.0142608 -0.00386956 0.00510496 0.0119227 -0.0205267 0.00511419 -0.0142608 -0.0205267 0.0950659 
0.00722745 -0.0148268 -0.00383347 0.00510182 -0.0148268 0.0804349 0.00509574 -0.0142044 -0.00383347 0.00509574 0.0119698 -0.0205443 0.00510182 -0.0142044 -0.0205443 0.0951356 
0.00722201 -0.0148061 -0.00381349 0.00506271 -0.0148061 0.0804361 0.00505135 -0.0141275 -0.00381349 0.00505135 0.0119905 -0.0206005 0.00506271 -0.0141275 -0.0206005 0.0952551 
0.00720297 -0.0147481 -0.00378894 0.00501187 -0.0147481 0.0802359 0.00499732 -0.0139726 -0.00378894 0.00499732 0.0120084 -0.0206464 0.00501187 -0.0139726 -0.0206464 0.095363 
0.00722857 -0.0147495 -0.0038544 0.00498584 -0.0147495 0.0802402 0.00497532 -0.0138805 -0.0038544 0.00497532 0.0120268 -0.0207012 0.00498584 -0.0138805 -0.0207012 0.0955827 
0.00722075 -0.0147889 -0.00390148 0.00506182 -0.0147889 0.0802327 0.00506279 -0.0139781 -0.00390148 0.00506279 0.0120095 -0.0206386 0.00506182 -0.0139781 -0.0206386 0.095383 
0.00719684 -0.0148018 -0.00393619 0.00513456 -0.0148018 0.0803117 0.00514014 -0.0141753 -0.00393619 0.00514014 0.0120344 -0.0206254 0.00513456 -0.0141753 -0.0206254 0.0953032 
0.00719448 -0.0147689 -0.00392037 0.00518511 -0.0147689 0.0802749 0.00518436 -0.0143335 -0.00392037 0.00518436 0.0120301 -0.020656 0.00518511 -0.0143335 -0.020656 0.0953117 
0.00723658 -0.0147919 -0.00390544 0.00518079 -0.0147919 0.080403 0.00517405 -0.0143983 -0.00390544 0.00517405 0.0120148 -0.0207092 0.00518079 -0.0143983 -0.0207092 0.0955658 
0.00722348 -0.0148042 -0.00384854 0.00513417 -0.0148042 0.0803295 0.00513504 -0.0143153 -0.00384854 0.00513504 0.0119885 -0.0206358 0.00513417 -0.0143153 -0.0206358 0.0953915 
0.00722881 -0.014847 -0.00387811 0.00508422 -0.014847 0.0805388 0.00509014 -0.0142316 -0.00387811 0.00509014 0.0119971 -0.0206231 0.00508422 -0.0142316 -0.0206231 0.0954034 
0.00719902 -0.0147757 -0.00388363 0.00508463 -0.0147757 0.0802885 0.00508973 -0.014144 -0.00388363 0.00508973 0.0119827 -0.0205806 0.00508463 -0.014144 -0.0205806 0.0951499 
0.00719771 -0.0147468 -0.00386547 0.00510129 -0.0147468 0.0802675 0.00510274 -0.0141547 -0.00386547 0.00510274 0.0120513 -0.0206786 0.00510129 -0.0141547 -0.0206786 0.0954648 
