0.00536623 0 0.00341795 0 0 0.0099918 0 0 0.00341795 0 0.00941425 0 0 0 0 0.0099918 
0.00791848 -0.00988779 0.00489263 -0.00601403 -0.00988779 0.0281334 -0.00601403 0.0115315 0.00489263 -0.00601403 0.0129595 -0.0160481 -0.00601403 0.0115315 -0.0160481 0.0399436 
0.00830534 -0.0162162 0.00444561 -0.00746363 -0.0162162 0.0612568 -0.00746363 0.0237197 0.00444561 -0.00746363 0.0126806 -0.0231483 -0.00746363 0.0237197 -0.0231483 0.0830143 
0.00782878 -0.0168975 0.00392953 -0.00553902 -0.0168975 0.0785352 -0.00554759 0.0199196 0.00392953 -0.00554759 0.0119116 -0.0217883 -0.00553902 0.0199196 -0.0217883 0.0945112 
0.00759863 -0.0162609 0.00398796 -0.00487579 -0.0162609 0.0834869 -0.00489504 0.0155881 0.00398796 -0.00489504 0.0120242 -0.0207963 -0.00487579 0.0155881 -0.0207963 0.0951609 
0.00767218 -0.0158075 0.00415511 -0.00504795 -0.0158075 0.0840298 -0.00506247 0.014268 0.00415511 -0.00506247 0.0123507 -0.0209799 -0.00504795 0.014268 -0.0209799 0.0959321 
0.00780432 -0.0157663 0.00426208 -0.00532679 -0.0157663 0.0837898 -0.00533221 0.0144288 0.00426208 -0.00533221 0.0124351 -0.0212193 -0.00532679 0.0144288 -0.0212193 0.0966492 
0.00791304 -0.015907 0.00430325 -0.00548352 -0.015907 0.0839391 -0.00549022 0.0148126 0.00430325 -0.00549022 0.0123945 -0.0212592 -0.00548352 0.0148126 -0.0212592 0.0970322 
0.00797995 -0.0160679 0.00434197 -0.00554843 -0.0160679 0.0843456 -0.00556227 0.0150842 0.00434197 -0.00556227 0.0123201 -0.0211498 -0.00554843 0.0150842 -0.0211498 0.0969415 
0.00797031 -0.0160904 0.00430722 -0.00556083 -0.0160904 0.0844094 -0.00557748 0.0151456 0.00430722 -0.00557748 0.0123346 -0.0210399 -0.00556083 0.0151456 -0.0210399 0.0965904 
0.00799116 -0.0160883 0.00426217 -0.00553043 -0.0160883 0.0844814 -0.00553421 0.015115 0.00426217 -0.00553421 0.0123604 -0.0210995 -0.00553043 0.015115 -0.0210995 0.0966204 
0.00803019 -0.0161492 0.00429963 -0.00549409 -0.0161492 0.0846594 -0.00548743 0.0150512 0.00429963 -0.00548743 0.0123029 -0.021127 -0.00549409 0.0150512 -0.021127 0.0967186 
0.00800232 -0.0161957 0.00432329 -0.00552802 -0.0161957 0.0847849 -0.00552812 0.0150712 0.00432329 -0.00552812 0.0122585 -0.0210317 -0.00552802 0.0150712 -0.0210317 0.0965595 
0.00792612 -0.0161278 0.00429503 -0.00554906 -0.0161278 0.0846614 -0.00555307 0.0151159 0.00429503 -0.00555307 0.0122644 -0.0209649 -0.00554906 0.0151159 -0.0209649 0.0963221 
0.00787204 -0.0160203 0.00424354 -0.00552422 -0.0160203 0.0844556 -0.00552197 0.0150948 0.00424354 -0.00552197 0.0122816 -0.0210165 -0.00552422 0.0150948 -0.0210165 0.0964005 
0.00789346 -0.0159063 0.0042316 -0.00544399 -0.0159063 0.0841082 -0.00543704 0.0149197 0.0042316 -0.00543704 0.0122534 -0.0210699 -0.00544399 0.0149197 -0.0210699 0.0965575 
0.0079295 -0.0159312 0.00419186 -0.00542059 -0.0159312 0.0840348 -0.00542219 0.0148025 0.00419186 -0.00542219 0.0122758 -0.0210601 -0.00542059 0.0148025 -0.0210601 0.0966635 
0.00795245 -0.0160199 0.00418997 -0.00538544 -0.0160199 0.0842109 -0.00539587 0.0147487 0.00418997 -0.00539587 0.0122819 -0.0210276 -0.00538544 0.0147487 -0.0210276 0.0965594 
0.00795741 -0.0160668 0.00425852 -0.00539113 -0.0160668 0.0843441 -0.0054 0.0147416 0.00425852 -0.0054 0.0122162 -0.0209666 -0.00539113 0.0147416 -0.0209666 0.0962924 
0.00794819 -0.0160795 0.00429627 -0.00547622 -0.0160795 0.0844847 -0.00548212 0.0148697 0.00429627 -0.00548212 0.0122211 -0.0209448 -0.00547622 0.0148697 -0.0209448 0.0962819 
0.00793491 -0.0160327 0.004335 -0.00552783 -0.0160327 0.0843522 -0.0055278 0.0150188 0.004335 -0.0055278 0.0121751 -0.0209104 -0.00552783 0.0150188 -0.0209104 0.0961122 
0.00790173 -0.0160041 0.00436316 -0.0055792 -0.0160041 0.0842692 -0.00557665 0.0151537 0.00436316 -0.00557665 0.0121941 -0.0209016 -0.0055792 0.0151537 -0.0209016 0.0961319 
0.00792048 -0.0159424 0.00440691 -0.00560561 -0.0159424 0.0841569 -0.00559832 0.0152255 0.00440691 -0.00559832 0.0122146 -0.0209879 -0.00560561 0.0152255 -0.0209879 0.0963853 
0.0079161 -0.0159439 0.00442374 -0.00565713 -0.0159439 0.0839903 -0.00565053 0.0153343 0.00442374 -0.00565053 0.0122006 -0.0209456 -0.00565713 0.0153343 -0.0209456 0.0962715 
0.00790836 -0.0159698 0.00441806 -0.00569331 -0.0159698 0.0840728 -0.00568866 0.0154631 0.00441806 -0.00568866 0.0122143 -0.0209555 -0.00569331 0.0154631 -0.0209555 0.0963213 
0.00792612 -0.0159657 0.00441958 -0.0056879 -0.0159657 0.0841241 -0.00568133 0.0154972 0.00441958 -0.00568133 0.0122077 -0.0209868 -0.0056879 0.0154972 -0.0209868 0.0964302 
0.007948 -0.0159471 0.00441112 -0.00566535 -0.0159471 0.0839903 -0.00566327 0.0154432 0.00441112 -0.00566327 0.0121735 -0.0209519 -0.00566535 0.0154432 -0.0209519 0.0963236 
0.00797694 -0.0159921 0.0043867 -0.00565413 -0.0159921 0.0840722 -0.00566021 0.0154128 0.0043867 -0.00566021 0.0121533 -0.0209394 -0.00565413 0.0154128 -0.0209394 0.0963289 
0.00802075 -0.016055 0.00439976 -0.00562562 -0.016055 0.0842761 -0.00563853 0.0153707 0.00439976 -0.00563853 0.0121264 -0.0209171 -0.00562562 0.0153707 -0.0209171 0.096324 
0.00810034 -0.0161108 0.00445742 -0.00563324 -0.0161108 0.0844254 -0.0056523 0.0153575 0.00445742 -0.0056523 0.0120531 -0.020852 -0.00563324 0.0153575 -0.020852 0.0961554 
0.00810244 -0.0162022 0.00445468 -0.00569725 -0.0162022 0.0845976 -0.00572218 0.0154614 0.00445468 -0.00572218 0.0120461 -0.0207401 -0.00569725 0.0154614 -0.0207401 0.0958559 
0.00809847 -0.0162073 0.00444234 -0.00569585 -0.0162073 0.0847192 -0.00571508 0.0155031 0.00444234 -0.00571508 0.0120856 -0.0207721 -0.00569585 0.0155031 -0.0207721 0.0958516 
0.00808993 -0.0161995 0.00444244 -0.00568078 -0.0161995 0.0847212 -0.00568789 0.0154677 0.00444244 -0.00568789 0.0121166 -0.0208161 -0.00568078 0.0154677 -0.0208161 0.095917 
0.00820469 -0.0162054 0.00453841 -0.00568561 -0.0162054 0.0847821 -0.00568348 0.0154475 0.00453841 -0.00568348 0.012069 -0.0208845 -0.00568561 0.0154475 -0.0208845 0.0961256 
0.00830862 -0.016353 0.00462522 -0.00580371 -0.016353 0.0849999 -0.00580702 0.0156399 0.00462522 -0.00580702 0.0119669 -0.0207736 -0.00580371 0.0156399 -0.0207736 0.0959393 
0.00833874 -0.0164958 0.00461353 -0.00590752 -0.0164958 0.0853682 -0.0059222 0.0159168 0.00461353 -0.0059222 0.0119468 -0.0206603 -0.00590752 0.0159168 -0.0206603 0.0956926 
0.00833081 -0.0165501 0.00461634 -0.00590532 -0.0165501 0.085602 -0.0059208 0.0160464 0.00461634 -0.0059208 0.0118875 -0.0205876 -0.00590532 0.0160464 -0.0205876 0.0954013 
0.00829677 -0.0165398 0.00465639 -0.00590329 -0.0165398 0.0856881 -0.00591693 0.016058 0.00465639 -0.00591693 0.0118657 -0.0205406 -0.00590329 0.016058 -0.0205406 0.0952793 
0.00827545 -0.0164765 0.00469531 -0.00595268 -0.0164765 0.0855766 -0.00596141 0.0161262 0.00469531 -0.00596141 0.0118283 -0.020508 -0.00595268 0.0161262 -0.020508 0.0951638 
0.00830138 -0.0164358 0.00475844 -0.00601484 -0.0164358 0.0854585 -0.00602019 0.0162742 0.00475844 -0.00602019 0.0117692 -0.0204714 -0.00601484 0.0162742 -0.0204714 0.0950928 
0.00824777 -0.0164442 0.00479966 -0.00610108 -0.0164442 0.0853476 -0.00610801 0.0164908 0.00479966 -0.00610801 0.0117272 -0.0203478 -0.00610108 0.0164908 -0.0203478 0.0947633 
0.00817422 -0.0163589 0.00477465 -0.00615767 -0.0163589 0.0852048 -0.00616135 0.0166668 0.00477465 -0.00616135 0.0117913 -0.0203521 -0.00615767 0.0166668 -0.0203521 0.0947372 
0.00813276 -0.0162419 0.00475649 -0.00614044 -0.0162419 0.0848938 -0.00613142 0.0167065 0.00475649 -0.00613142 0.0118213 -0.0204161 -0.00614044 0.0167065 -0.0204161 0.0948 
0.00813566 -0.0161795 0.00479157 -0.00612348 -0.0161795 0.0846264 -0.00610668 0.0166817 0.00479157 -0.00610668 0.0118079 -0.0204421 -0.00612348 0.0166817 -0.0204421 0.0948524 
0.00808884 -0.016199 0.00479883 -0.00617783 -0.016199 0.0845909 -0.00616249 0.0167743 0.00479883 -0.00616249 0.0118209 -0.0204155 -0.00617783 0.0167743 -0.0204155 0.0948311 
0.0079938 -0.0161284 0.00472422 -0.00618523 -0.0161284 0.0844986 -0.00616905 0.0168231 0.00472422 -0.00616905 0.0119082 -0.0204812 -0.00618523 0.0168231 -0.0204812 0.0950084 
0.00797823 -0.0159688 0.00467655 -0.00607877 -0.0159688 0.0841421 -0.00605462 0.0166382 0.00467655 -0.00605462 0.0119615 -0.0206281 -0.00607877 0.0166382 -0.0206281 0.0953559 
0.00810709 -0.0159244 0.00471207 -0.00599826 -0.0159244 0.083853 -0.00597651 0.0163938 0.00471207 -0.00597651 0.011888 -0.0207017 -0.00599826 0.0163938 -0.0207017 0.0956096 
0.00818779 -0.0161575 0.00476481 -0.00605383 -0.0161575 0.0842482 -0.00605583 0.0164395 0.00476481 -0.00605583 0.0118409 -0.0205859 -0.00605383 0.0164395 -0.0205859 0.0955358 
0.00821508 -0.0162675 0.00479503 -0.0060984 -0.0162675 0.0846142 -0.00611775 0.0165476 0.00479503 -0.00611775 0.0118112 -0.0205007 -0.0060984 0.0165476 -0.0205007 0.0952745 
0.00824435 -0.0162992 0.00481335 -0.00613223 -0.0162992 0.0847987 -0.00615156 0.0166391 0.00481335 -0.00615156 0.0117853 -0.0204713 -0.00613223 0.0166391 -0.0204713 0.0951323 
0.00831979 -0.0163279 0.00485766 -0.00614833 -0.0163279 0.084929 -0.00616371 0.0166784 0.00485766 -0.00616371 0.0118024 -0.0204953 -0.00614833 0.0166784 -0.0204953 0.0952261 
0.00837768 -0.0164317 0.00487886 -0.00620148 -0.0164317 0.0851321 -0.00621327 0.0167729 0.00487886 -0.00621327 0.0117878 -0.0204934 -0.00620148 0.0167729 -0.0204934 0.0952149 
0.00838753 -0.0165105 0.00488236 -0.00622183 -0.0165105 0.0853297 -0.00623032 0.016836 0.00488236 -0.00623032 0.011797 -0.0204671 -0.00622183 0.016836 -0.0204671 0.0951384 
0.00838056 -0.0165576 0.00485372 -0.00623412 -0.0165576 0.085571 -0.00623865 0.0168811 0.00485372 -0.00623865 0.0118418 -0.020497 -0.00623412 0.0168811 -0.020497 0.0952191 
0.00839827 -0.0165305 0.00482563 -0.00618488 -0.0165305 0.0855625 -0.00618227 0.0167847 0.00482563 -0.00618227 0.0118557 -0.0205606 -0.00618488 0.0167847 -0.0205606 0.0953408 
0.00833072 -0.0165622 0.00474956 -0.00614544 -0.0165622 0.0856187 -0.00614233 0.0166683 0.00474956 -0.00614233 0.0119525 -0.0205857 -0.00614544 0.0166683 -0.0205857 0.0954576 
0.00823014 -0.0165008 0.00467403 -0.00605952 -0.0165008 0.0855574 -0.00604996 0.0164931 0.00467403 -0.00604996 0.0120354 -0.0206676 -0.00605952 0.0164931 -0.0206676 0.0955605 
0.0082269 -0.0164016 0.00468755 -0.00598131 -0.0164016 0.0854467 -0.00596055 0.0162924 0.00468755 -0.00596055 0.0120364 -0.0207954 -0.00598131 0.0162924 -0.0207954 0.0958997 
0.00828139 -0.0163589 0.00472103 -0.00597344 -0.0163589 0.0852645 -0.00595587 0.0161657 0.00472103 -0.00595587 0.0119888 -0.0208266 -0.00597344 0.0161657 -0.0208266 0.0961085 
0.00834249 -0.0164068 0.00474152 -0.00600372 -0.0164068 0.0851919 -0.00600435 0.0161967 0.00474152 -0.00600435 0.0119153 -0.0207196 -0.00600372 0.0161967 -0.0207196 0.0958911 
0.00836041 -0.016523 0.00474167 -0.0060427 -0.016523 0.085461 -0.00605981 0.0163261 0.00474167 -0.00605981 0.0119117 -0.0206329 -0.0060427 0.0163261 -0.0206329 0.0956955 
0.00840226 -0.0165362 0.00472972 -0.00603064 -0.0165362 0.0855835 -0.00604773 0.0163381 0.00472972 -0.00604773 0.0119143 -0.020637 -0.00603064 0.0163381 -0.020637 0.0956179 
0.00845434 -0.0165903 0.00470968 -0.00600956 -0.0165903 0.0857133 -0.00602318 0.0162895 0.00470968 -0.00602318 0.0119346 -0.0206572 -0.00600956 0.0162895 -0.0206572 0.0956637 
0.00843167 -0.0166709 0.00466897 -0.00598036 -0.0166709 0.0859053 -0.00599136 0.0162151 0.00466897 -0.00599136 0.0120102 -0.0206722 -0.00598036 0.0162151 -0.0206722 0.0956845 
0.00839431 -0.0166828 0.0046173 -0.0059406 -0.0166828 0.0860919 -0.00594033 0.0161167 0.0046173 -0.00594033 0.0120826 -0.0207738 -0.0059406 0.0161167 -0.0207738 0.0958942 
0.00835676 -0.0166157 0.00457178 -0.00586861 -0.0166157 0.0859556 -0.00585786 0.0159371 0.00457178 -0.00585786 0.012109 -0.0208275 -0.00586861 0.0159371 -0.0208275 0.0959739 
0.00837213 -0.0165964 0.00455369 -0.00581949 -0.0165964 0.0859685 -0.00580462 0.0157821 0.00455369 -0.00580462 0.012159 -0.0209188 -0.00581949 0.0157821 -0.0209188 0.0962937 
0.00836102 -0.0165949 0.00454558 -0.00578726 -0.0165949 0.0858635 -0.00577473 0.0156681 0.00454558 -0.00577473 0.0121606 -0.0209199 -0.00578726 0.0156681 -0.0209199 0.0962694 
0.00832075 -0.0166198 0.00457733 -0.00579541 -0.0166198 0.0859627 -0.00578577 0.0156688 0.00457733 -0.00578577 0.0121788 -0.02093 -0.00579541 0.0156688 -0.02093 0.0963205 
0.00831106 -0.0165785 0.00463026 -0.00584462 -0.0165785 0.085963 -0.00583192 0.0157607 0.00463026 -0.00583192 0.0121431 -0.0209478 -0.00584462 0.0157607 -0.0209478 0.0963747 
0.00837565 -0.0165221 0.00470196 -0.0058934 -0.0165221 0.0857987 -0.00588278 0.0158572 0.00470196 -0.00588278 0.0120689 -0.0209385 -0.0058934 0.0158572 -0.0209385 0.0964202 
0.00839754 -0.0165821 0.00468384 -0.00596939 -0.0165821 0.0857982 -0.00597222 0.0160234 0.00468384 -0.00597222 0.0120898 -0.0208628 -0.00596939 0.0160234 -0.0208628 0.0963327 
0.00843256 -0.0166062 0.00467954 -0.00594647 -0.0166062 0.0858169 -0.00595243 0.01607 0.00467954 -0.00595243 0.0120777 -0.0208588 -0.00594647 0.01607 -0.0208588 0.0962029 
0.00855873 -0.0166847 0.00473772 -0.00593999 -0.0166847 0.0860556 -0.00594568 0.0160548 0.00473772 -0.00594568 0.0120176 -0.020895 -0.00593999 0.0160548 -0.020895 0.0963522 
0.00863611 -0.0168264 0.00476329 -0.00599255 -0.0168264 0.0862837 -0.00600654 0.016121 0.00476329 -0.00600654 0.0119344 -0.0207703 -0.00599255 0.016121 -0.0207703 0.0960839 
0.0087385 -0.0169587 0.00479949 -0.00602615 -0.0169587 0.0867211 -0.0060476 0.0162194 0.00479949 -0.0060476 0.011902 -0.0207178 -0.00602615 0.0162194 -0.0207178 0.0960064 
0.00875108 -0.0170649 0.00481734 -0.00605452 -0.0170649 0.0869532 -0.00607743 0.0162881 0.00481734 -0.00607743 0.0118796 -0.0206213 -0.00605452 0.0162881 -0.0206213 0.095683 
0.0087639 -0.0171193 0.0048551 -0.00609281 -0.0171193 0.0872458 -0.00610793 0.0163827 0.0048551 -0.00610793 0.0119077 -0.0206272 -0.00609281 0.0163827 -0.0206272 0.0956655 
0.00873546 -0.0171018 0.00487015 -0.0061295 -0.0171018 0.0872345 -0.00613008 0.0164404 0.00487015 -0.00613008 0.0119395 -0.0206579 -0.0061295 0.0164404 -0.0206579 0.0956678 
0.00864746 -0.0170878 0.00483449 -0.00616594 -0.0170878 0.0872794 -0.00615374 0.0165261 0.00483449 -0.00615374 0.0120574 -0.0207389 -0.00616594 0.0165261 -0.0207389 0.0959148 
0.00849321 -0.0169659 0.00475588 -0.00612905 -0.0169659 0.0870452 -0.00610291 0.0164938 0.00475588 -0.00610291 0.012192 -0.0208589 -0.00612905 0.0164938 -0.0208589 0.0961475 
0.00839278 -0.0167724 0.00467891 -0.006039 -0.0167724 0.0866371 -0.0059995 0.0163123 0.00467891 -0.0059995 0.0122859 -0.0210458 -0.006039 0.0163123 -0.0210458 0.096587 
0.00846438 -0.0166202 0.00468714 -0.00592611 -0.0166202 0.0861557 -0.00588588 0.0160261 0.00468714 -0.00588588 0.012252 -0.0211735 -0.00592611 0.0160261 -0.0211735 0.0969651 
0.00863205 -0.0167372 0.00474221 -0.00592898 -0.0167372 0.0862445 -0.00590784 0.0159322 0.00474221 -0.00590784 0.0121677 -0.0211722 -0.00592898 0.0159322 -0.0211722 0.0972145 
0.00869225 -0.0169372 0.00477233 -0.0059727 -0.0169372 0.0865503 -0.00598171 0.0160043 0.00477233 -0.00598171 0.0121004 -0.0209985 -0.0059727 0.0160043 -0.0209985 0.0968505 
0.00879385 -0.0170506 0.00483064 -0.00601155 -0.0170506 0.0869707 -0.00603251 0.0161237 0.00483064 -0.00603251 0.0120382 -0.0209323 -0.00601155 0.0161237 -0.0209323 0.0966307 
0.00891132 -0.0171875 0.00489955 -0.0060827 -0.0171875 0.0873806 -0.006104 0.0162785 0.00489955 -0.006104 0.0119538 -0.0208757 -0.0060827 0.0162785 -0.0208757 0.0965185 
0.00889512 -0.017295 0.0048598 -0.00614561 -0.017295 0.0875935 -0.00616732 0.0164153 0.0048598 -0.00616732 0.0119692 -0.0207467 -0.00614561 0.0164153 -0.0207467 0.0961725 
0.00890358 -0.0173134 0.00481398 -0.00611343 -0.0173134 0.0878244 -0.00612741 0.0164301 0.00481398 -0.00612741 0.0120115 -0.0208071 -0.00611343 0.0164301 -0.0208071 0.0962389 
0.00894129 -0.0173039 0.00480433 -0.00604625 -0.0173039 0.0877902 -0.00605417 0.0162925 0.00480433 -0.00605417 0.0120022 -0.0208175 -0.00604625 0.0162925 -0.0208175 0.0962018 
0.00894399 -0.017383 0.00485387 -0.00604907 -0.017383 0.0879788 -0.00605451 0.0162535 0.00485387 -0.00605451 0.011994 -0.0208077 -0.00604907 0.0162535 -0.0208077 0.0962133 
0.00889445 -0.017381 0.00484143 -0.00609281 -0.017381 0.0880726 -0.00609325 0.0162781 0.00484143 -0.00609325 0.0120899 -0.0208376 -0.00609281 0.0162781 -0.0208376 0.0963128 
0.00884465 -0.0173064 0.00482709 -0.00609109 -0.0173064 0.0879345 -0.0060767 0.0162965 0.00482709 -0.0060767 0.0121377 -0.0209359 -0.00609109 0.0162965 -0.0209359 0.0964594 
0.00877266 -0.0172472 0.00482263 -0.00609333 -0.0172472 0.0877735 -0.00606987 0.0163181 0.00482263 -0.00606987 0.0121405 -0.0209853 -0.00609333 0.0163181 -0.0209853 0.0966093 
0.00882352 -0.0171586 0.00485202 -0.00608282 -0.0171586 0.0875916 -0.00606311 0.0162993 0.00485202 -0.00606311 0.0120682 -0.0210192 -0.00608282 0.0162993 -0.0210192 0.0967859 
0.00894876 -0.0172048 0.00491554 -0.00610692 -0.0172048 0.0875563 -0.00610413 0.0163391 0.00491554 -0.00610413 0.011933 -0.0209218 -0.00610692 0.0163391 -0.0209218 0.0966798 
0.00901259 -0.0173637 0.0049368 -0.00617506 -0.0173637 0.0878235 -0.00619586 0.0164917 0.0049368 -0.00619586 0.0118784 -0.0207485 -0.00617506 0.0164917 -0.0207485 0.0963296 
0.00897502 -0.017428 0.00492144 -0.00618706 -0.017428 0.0879929 -0.00621532 0.0165742 0.00492144 -0.00621532 0.0119028 -0.0206514 -0.00618706 0.0165742 -0.0206514 0.0959351 
0.00895291 -0.0174046 0.00490369 -0.00618207 -0.0174046 0.0880823 -0.00619766 0.0165887 0.00490369 -0.00619766 0.0119391 -0.020702 -0.00618207 0.0165887 -0.020702 0.0959327 
0.00888466 -0.0173651 0.00488433 -0.00617069 -0.0173651 0.087995 -0.00617292 0.0165655 0.00488433 -0.00617292 0.0119894 -0.0207261 -0.00617069 0.0165655 -0.0207261 0.0959436 
0.00881864 -0.0172838 0.00486778 -0.00615392 -0.0172838 0.087841 -0.00614449 0.0165179 0.00486778 -0.00614449 0.012044 -0.0208013 -0.00615392 0.0165179 -0.0208013 0.0960976 
0.0088838 -0.0171972 0.00490558 -0.00612962 -0.0171972 0.0876484 -0.00611282 0.0164382 0.00490558 -0.00611282 0.0120208 -0.0209029 -0.00612962 0.0164382 -0.0209029 0.0963859 
0.00898423 -0.0172816 0.00494333 -0.00617412 -0.0172816 0.0877272 -0.00616217 0.0164831 0.00494333 -0.00616217 0.0119792 -0.0208954 -0.00617412 0.0164831 -0.0208954 0.0965403 
0.00906907 -0.0173845 0.00493664 -0.00619664 -0.0173845 0.0878736 -0.0061956 0.016534 0.00493664 -0.0061956 0.0119502 -0.0208273 -0.00619664 0.016534 -0.0208273 0.0964068 
0.00914486 -0.0175142 0.00489977 -0.00617802 -0.0175142 0.0882084 -0.00618376 0.0165188 0.00489977 -0.00618376 0.0120052 -0.0208291 -0.00617802 0.0165188 -0.0208291 0.096425 
0.00922269 -0.0176128 0.00489316 -0.00612329 -0.0176128 0.0884697 -0.006127 0.0164109 0.00489316 -0.006127 0.012002 -0.0208698 -0.00612329 0.0164109 -0.0208698 0.0964329 
0.0093055 -0.0177425 0.00492614 -0.00611723 -0.0177425 0.0888618 -0.00611565 0.0163442 0.00492614 -0.00611565 0.0119569 -0.0209009 -0.00611723 0.0163442 -0.0209009 0.0965866 
0.0093754 -0.0178502 0.00499007 -0.00615914 -0.0178502 0.0891925 -0.0061603 0.0163978 0.00499007 -0.0061603 0.011855 -0.0208349 -0.00615914 0.0163978 -0.0208349 0.0965321 
0.00932179 -0.0179082 0.0050015 -0.0062268 -0.0179082 0.0893305 -0.00623518 0.0165309 0.0050015 -0.00623518 0.0118251 -0.0206832 -0.0062268 0.0165309 -0.0206832 0.0961847 
0.00925649 -0.017842 0.00500213 -0.00625278 -0.017842 0.089278 -0.00626172 0.0166491 0.00500213 -0.00626172 0.0118336 -0.0206366 -0.00625278 0.0166491 -0.0206366 0.0959509 
0.00917117 -0.0177539 0.00498957 -0.00626529 -0.0177539 0.0890865 -0.00626975 0.0167179 0.00498957 -0.00626975 0.0118852 -0.0206409 -0.00626529 0.0167179 -0.0206409 0.0958763 
0.00915251 -0.0176577 0.00501954 -0.00626637 -0.0176577 0.0888957 -0.00626254 0.0167547 0.00501954 -0.00626254 0.011888 -0.0207149 -0.00626637 0.0167547 -0.0207149 0.096017 
0.00914323 -0.017608 0.00503872 -0.00629218 -0.017608 0.088684 -0.00628254 0.0167768 0.00503872 -0.00628254 0.0118951 -0.0207299 -0.00629218 0.0167768 -0.0207299 0.0960994 
0.00915399 -0.0175991 0.00505029 -0.00632414 -0.0175991 0.088615 -0.00631301 0.0168535 0.00505029 -0.00631301 0.0118841 -0.0207455 -0.00632414 0.0168535 -0.0207455 0.0961716 
0.00920379 -0.0176064 0.00506314 -0.00633776 -0.0176064 0.0885931 -0.00632941 0.0169115 0.00506314 -0.00632941 0.0118371 -0.0207331 -0.00633776 0.0169115 -0.0207331 0.0961786 
0.00921925 -0.0176514 0.00505529 -0.00634571 -0.0176514 0.0885978 -0.00634583 0.0169467 0.00505529 -0.00634583 0.0118147 -0.0206486 -0.00634571 0.0169467 -0.0206486 0.0959791 
0.00924659 -0.0176886 0.00505369 -0.00633509 -0.0176886 0.0887192 -0.00634055 0.0169482 0.00505369 -0.00634055 0.0118163 -0.0206389 -0.00633509 0.0169482 -0.0206389 0.0959202 
0.00928834 -0.0177215 0.00509688 -0.00633521 -0.0177215 0.0888004 -0.00633902 0.01695 0.00509688 -0.00633902 0.0117358 -0.0206221 -0.00633521 0.01695 -0.0206221 0.0958425 
0.00931417 -0.0177684 0.00513836 -0.00638025 -0.0177684 0.0889056 -0.0063865 0.0170093 0.00513836 -0.0063865 0.0116725 -0.0205396 -0.00638025 0.0170093 -0.0205396 0.0957061 
0.00929798 -0.0178062 0.00513319 -0.00642565 -0.0178062 0.0890535 -0.00643533 0.0171017 0.00513319 -0.00643533 0.0117014 -0.0204968 -0.00642565 0.0171017 -0.0204968 0.0956479 
0.00921395 -0.0177888 0.00510198 -0.00643237 -0.0177888 0.0890939 -0.00643788 0.0171674 0.00510198 -0.00643788 0.011778 -0.0205195 -0.00643237 0.0171674 -0.0205195 0.0956545 
0.00908972 -0.0176683 0.00504451 -0.00639418 -0.0176683 0.0888458 -0.00639103 0.0171126 0.00504451 -0.00639103 0.0118645 -0.0205841 -0.00639418 0.0171126 -0.0205841 0.0957005 
0.00902236 -0.0175107 0.00500509 -0.00632737 -0.0175107 0.0884658 -0.00631614 0.01697 0.00500509 -0.00631614 0.0119262 -0.0206872 -0.00632737 0.01697 -0.0206872 0.0958798 
0.00904145 -0.017458 0.0050311 -0.00630002 -0.017458 0.0883222 -0.00628552 0.0168896 0.0050311 -0.00628552 0.011925 -0.0207862 -0.00630002 0.0168896 -0.0207862 0.0962016 
0.00912117 -0.0174573 0.00504617 -0.00630921 -0.0174573 0.0882167 -0.00629945 0.0168477 0.00504617 -0.00629945 0.0118663 -0.0207826 -0.00630921 0.0168477 -0.0207826 0.0962834 
0.00921066 -0.0175617 0.00508476 -0.00632875 -0.0175617 0.088366 -0.00632996 0.0168955 0.00508476 -0.00632996 0.0117615 -0.0207094 -0.00632875 0.0168955 -0.0207094 0.0961887 
0.00927852 -0.0176602 0.00511236 -0.00635496 -0.0176602 0.088557 -0.00637064 0.016947 0.00511236 -0.00637064 0.0116878 -0.0205719 -0.00635496 0.016947 -0.0205719 0.0958796 
0.00924379 -0.0177583 0.00512294 -0.00639927 -0.0177583 0.0888272 -0.00642131 0.0170662 0.00512294 -0.00642131 0.0117035 -0.0204703 -0.00639927 0.0170662 -0.0204703 0.0955845 
0.00916451 -0.0177071 0.00509335 -0.00641309 -0.0177071 0.0888287 -0.00642559 0.0171248 0.00509335 -0.00642559 0.0117787 -0.0204829 -0.00641309 0.0171248 -0.0204829 0.0954656 
0.00918517 -0.0176245 0.00505772 -0.00638483 -0.0176245 0.0887505 -0.00637981 0.017075 0.00505772 -0.00637981 0.0118696 -0.0206362 -0.00638483 0.017075 -0.0206362 0.0958115 
0.00931181 -0.0176309 0.00503182 -0.00632699 -0.0176309 0.0886549 -0.00631285 0.0169265 0.00503182 -0.00631285 0.0118719 -0.0207477 -0.00632699 0.0169265 -0.0207477 0.0961139 
0.00934643 -0.0177942 0.00498932 -0.00628999 -0.0177942 0.0888733 -0.00628005 0.0168144 0.00498932 -0.00628005 0.0119031 -0.0207351 -0.00628999 0.0168144 -0.0207351 0.0961765 
0.00940114 -0.0178842 0.00497902 -0.00623542 -0.0178842 0.0892421 -0.00622868 0.0166856 0.00497902 -0.00622868 0.0119142 -0.0208055 -0.00623542 0.0166856 -0.0208055 0.096381 
0.00944834 -0.0179289 0.00500592 -0.00620536 -0.0179289 0.0893456 -0.00620257 0.0165702 0.00500592 -0.00620257 0.0118341 -0.0207746 -0.00620536 0.0165702 -0.0207746 0.0963021 
0.00940223 -0.0180095 0.00499441 -0.00624055 -0.0180095 0.089582 -0.00624449 0.0165957 0.00499441 -0.00624449 0.0118528 -0.0207056 -0.00624055 0.0165957 -0.0207056 0.0962351 
0.00931077 -0.0179588 0.00494874 -0.00622481 -0.0179588 0.0896159 -0.00623061 0.0165886 0.00494874 -0.00623061 0.0119517 -0.020732 -0.00622481 0.0165886 -0.020732 0.0962483 
0.00941416 -0.0178447 0.00492831 -0.0061605 -0.0178447 0.0894297 -0.00615869 0.0164498 0.00492831 -0.00615869 0.0119458 -0.0208681 -0.0061605 0.0164498 -0.0208681 0.0964988 
0.00948366 -0.0179505 0.00496025 -0.00614121 -0.0179505 0.0894253 -0.00614106 0.0163809 0.00496025 -0.00614106 0.0118526 -0.020813 -0.00614121 0.0163809 -0.020813 0.096427 
0.00955554 -0.0180565 0.00497578 -0.00616602 -0.0180565 0.0896772 -0.00617438 0.0163861 0.00497578 -0.00617438 0.0118044 -0.020726 -0.00616602 0.0163861 -0.020726 0.0962865 
0.00954277 -0.0181504 0.00495971 -0.00619402 -0.0181504 0.0899432 -0.00620686 0.0164646 0.00495971 -0.00620686 0.0118131 -0.0206561 -0.00619402 0.0164646 -0.0206561 0.0960976 
0.00940752 -0.0181338 0.00495978 -0.00618928 -0.0181338 0.0899957 -0.00619913 0.0165086 0.00495978 -0.00619913 0.0118445 -0.0206315 -0.00618928 0.0165086 -0.0206315 0.0959287 
0.00931292 -0.0179835 0.00497539 -0.00619906 -0.0179835 0.0898243 -0.0062011 0.0165311 0.00497539 -0.0062011 0.0118605 -0.020686 -0.00619906 0.0165311 -0.020686 0.0960188 
0.00925302 -0.0178327 0.00499811 -0.0062223 -0.0178327 0.0894121 -0.00621979 0.0165742 0.00499811 -0.00621979 0.011851 -0.0206789 -0.0062223 0.0165742 -0.0206789 0.0959857 
0.00921393 -0.0177574 0.00502814 -0.00626466 -0.0177574 0.0891556 -0.00626081 0.0166772 0.00502814 -0.00626081 0.0118519 -0.0206778 -0.00626466 0.0166772 -0.0206778 0.0960008 
0.00919345 -0.0176887 0.00504316 -0.00629729 -0.0176887 0.0889185 -0.00629088 0.0167645 0.00504316 -0.00629088 0.0118448 -0.0206809 -0.00629729 0.0167645 -0.0206809 0.0959936 
0.00923551 -0.0176673 0.00502535 -0.00631569 -0.0176673 0.0888354 -0.00630905 0.0168209 0.00502535 -0.00630905 0.01186 -0.0207085 -0.00631569 0.0168209 -0.0207085 0.0961128 
0.00918091 -0.0177014 0.00500206 -0.00630687 -0.0177014 0.0887764 -0.00630404 0.0168632 0.00500206 -0.00630404 0.0118534 -0.0206597 -0.00630687 0.0168632 -0.0206597 0.0959463 
0.00917761 -0.0176579 0.00500391 -0.00627034 -0.0176579 0.0887659 -0.00627093 0.0168044 0.00500391 -0.00627093 0.0118621 -0.0206817 -0.00627034 0.0168044 -0.0206817 0.0959855 
0.00918633 -0.0176428 0.00503494 -0.00626891 -0.0176428 0.0886931 -0.00627084 0.0167714 0.00503494 -0.00627084 0.0118334 -0.0206761 -0.00626891 0.0167714 -0.0206761 0.0959539 
