0.00670786 0 0.0033188 0 0 0.00998741 0 0 0.0033188 0 0.006747 0 0 0 0 0.00998741 
0.00946734 -0.0117429 0.00465242 -0.00573261 -0.0117429 0.0317046 -0.00573261 0.0109926 0.00465242 -0.00573261 0.00963841 -0.0119568 -0.00573261 0.0109926 -0.0119568 0.0321146 
0.00939567 -0.0173838 0.00436293 -0.00742038 -0.0173838 0.0646052 -0.00742038 0.0236791 0.00436293 -0.00742038 0.00956109 -0.0178358 -0.00742038 0.0236791 -0.0178358 0.0660752 
0.00893046 -0.0171717 0.00398089 -0.00587974 -0.0171717 0.0773388 -0.00589387 0.0215908 0.00398089 -0.00589387 0.00897493 -0.017438 -0.00587974 0.0215908 -0.017438 0.0787067 
0.00896626 -0.0168674 0.00405376 -0.00517428 -0.0168674 0.0818821 -0.00520156 0.0172192 0.00405376 -0.00520156 0.00896794 -0.0169786 -0.00517428 0.0172192 -0.0169786 0.082842 
0.00914065 -0.0169496 0.00422214 -0.00529684 -0.0169496 0.0842232 -0.00532078 0.0154899 0.00422214 -0.00532078 0.00911681 -0.0170108 -0.00529684 0.0154899 -0.0170108 0.0848433 
0.00924423 -0.0170655 0.00429556 -0.00556733 -0.0170655 0.0853827 -0.00558225 0.0154416 0.00429556 -0.00558225 0.00924225 -0.0171344 -0.00556733 0.0154416 -0.0171344 0.0858953 
0.00929386 -0.017149 0.00431197 -0.00568269 -0.017149 0.0858435 -0.00569203 0.0157057 0.00431197 -0.00569203 0.00925565 -0.0170877 -0.00568269 0.0157057 -0.0170877 0.0859116 
0.00926913 -0.017093 0.00431656 -0.00572034 -0.017093 0.085801 -0.00572132 0.0158839 0.00431656 -0.00572132 0.00933038 -0.0171748 -0.00572034 0.0158839 -0.0171748 0.0861351 
0.00922682 -0.0169942 0.00429916 -0.00570777 -0.0169942 0.0853783 -0.00570095 0.0158941 0.00429916 -0.00570095 0.00934429 -0.0171936 -0.00570777 0.0158941 -0.0171936 0.0860186 
0.00923218 -0.0169945 0.0043362 -0.00569695 -0.0169945 0.0853143 -0.00568735 0.0158862 0.0043362 -0.00568735 0.00935305 -0.0172311 -0.00569695 0.0158862 -0.0172311 0.0861075 
0.00925595 -0.0170139 0.00434076 -0.00574303 -0.0170139 0.0854005 -0.00573646 0.0159527 0.00434076 -0.00573646 0.00937401 -0.0173045 -0.00574303 0.0159527 -0.0173045 0.0863989 
0.00926343 -0.0170854 0.00432019 -0.00573906 -0.0170854 0.085568 -0.00574047 0.0159797 0.00432019 -0.00574047 0.00937828 -0.017266 -0.00573906 0.0159797 -0.017266 0.0863418 
0.00925967 -0.0170596 0.00431615 -0.00570085 -0.0170596 0.0855253 -0.00570162 0.0159077 0.00431615 -0.00570162 0.00937257 -0.0172805 -0.00570085 0.0159077 -0.0172805 0.0863055 
0.00928959 -0.0170852 0.00433884 -0.00569878 -0.0170852 0.0856257 -0.00569825 0.0158663 0.00433884 -0.00569825 0.00936777 -0.017303 -0.00569878 0.0158663 -0.017303 0.0864188 
0.0093534 -0.0171676 0.00434056 -0.00572775 -0.0171676 0.0858978 -0.00573228 0.0159031 0.00434056 -0.00573228 0.0093462 -0.0173009 -0.00572775 0.0159031 -0.0173009 0.086509 
0.00936882 -0.0172216 0.00435753 -0.00572041 -0.0172216 0.086062 -0.0057316 0.0159128 0.00435753 -0.0057316 0.00935808 -0.0172969 -0.00572041 0.0159128 -0.0172969 0.0865549 
0.00939531 -0.0173059 0.00437329 -0.00573252 -0.0173059 0.0863187 -0.00574549 0.0159181 0.00437329 -0.00574549 0.00933374 -0.01723 -0.00573252 0.0159181 -0.01723 0.0863429 
0.00942161 -0.0173659 0.00439225 -0.00575948 -0.0173659 0.0865777 -0.00576604 0.0159627 0.00439225 -0.00576604 0.0093189 -0.0172119 -0.00575948 0.0159627 -0.0172119 0.0862746 
0.0094421 -0.0173527 0.00440582 -0.00578622 -0.0173527 0.0866111 -0.00578409 0.0160147 0.00440582 -0.00578409 0.00930459 -0.0172511 -0.00578622 0.0160147 -0.0172511 0.0863974 
0.00945155 -0.0173668 0.00440953 -0.00579535 -0.0173668 0.0865698 -0.00579131 0.0160382 0.00440953 -0.00579131 0.00927193 -0.0171939 -0.00579535 0.0160382 -0.0171939 0.0862648 
0.0094823 -0.0173548 0.00438901 -0.00580217 -0.0173548 0.0865101 -0.00579971 0.0160635 0.00438901 -0.00579971 0.00923692 -0.0171817 -0.00580217 0.0160635 -0.0171817 0.0862204 
0.00947574 -0.0173388 0.00440195 -0.00577554 -0.0173388 0.08639 -0.00577923 0.0160401 0.00440195 -0.00577923 0.00923787 -0.0171922 -0.00577554 0.0160401 -0.0171922 0.0862871 
0.00949559 -0.0173886 0.00443112 -0.00579878 -0.0173886 0.0865722 -0.0058082 0.0160749 0.00443112 -0.0058082 0.00924337 -0.0172095 -0.00579878 0.0160749 -0.0172095 0.0864369 
0.00949947 -0.0174043 0.00441286 -0.00581584 -0.0174043 0.086554 -0.00582732 0.0161022 0.00441286 -0.00582732 0.00920339 -0.0171206 -0.00581584 0.0161022 -0.0171206 0.0861335 
0.00951971 -0.0174107 0.00440924 -0.00580955 -0.0174107 0.0865905 -0.00581785 0.0161223 0.00440924 -0.00581785 0.00918654 -0.0171032 -0.00580955 0.0161223 -0.0171032 0.0860544 
0.00948805 -0.0173995 0.0044329 -0.00580218 -0.0173995 0.0865318 -0.00580929 0.01611 0.0044329 -0.00580929 0.00921953 -0.0171096 -0.00580218 0.01611 -0.0171096 0.0860613 
0.00947756 -0.0174252 0.00443329 -0.0058438 -0.0174252 0.0866993 -0.00584537 0.0161752 0.00443329 -0.00584537 0.00925711 -0.0171539 -0.0058438 0.0161752 -0.0171539 0.0862042 
0.00946943 -0.017414 0.00445406 -0.00583968 -0.017414 0.0866964 -0.00583182 0.0161837 0.00445406 -0.00583182 0.00925987 -0.0171447 -0.00583968 0.0161837 -0.0171447 0.0861344 
0.0094534 -0.0173964 0.00450757 -0.00586309 -0.0173964 0.0866123 -0.005847 0.0162019 0.00450757 -0.005847 0.00926023 -0.0171233 -0.00586309 0.0162019 -0.0171233 0.0860078 
0.00946461 -0.0173645 0.00454641 -0.00594223 -0.0173645 0.0865516 -0.00592092 0.0163461 0.00454641 -0.00592092 0.00926822 -0.0171818 -0.00594223 0.0163461 -0.0171818 0.0861572 
0.00948175 -0.0173428 0.00451431 -0.00598569 -0.0173428 0.0863997 -0.00596841 0.0164847 0.00451431 -0.00596841 0.00923535 -0.0171901 -0.00598569 0.0164847 -0.0171901 0.086197 
0.00953508 -0.017365 0.00447256 -0.00596093 -0.017365 0.0864878 -0.0059535 0.016534 0.00447256 -0.0059535 0.00920598 -0.0172512 -0.00596093 0.016534 -0.0172512 0.0865364 
0.00956012 -0.017422 0.00444306 -0.00587964 -0.017422 0.086539 -0.00588916 0.0163975 0.00444306 -0.00588916 0.0091666 -0.0171526 -0.00587964 0.0163975 -0.0171526 0.0863728 
0.00954738 -0.0174109 0.00442574 -0.00582953 -0.0174109 0.0864709 -0.00584984 0.0162515 0.00442574 -0.00584984 0.00915278 -0.0171071 -0.00582953 0.0162515 -0.0171071 0.086188 
0.00958073 -0.017486 0.0044193 -0.00582158 -0.017486 0.0867414 -0.00584326 0.0162038 0.0044193 -0.00584326 0.00914146 -0.0170693 -0.00582158 0.0162038 -0.0170693 0.0861077 
0.00956801 -0.0174849 0.00438803 -0.00580048 -0.0174849 0.0867017 -0.00581672 0.0161339 0.00438803 -0.00581672 0.00910932 -0.0170051 -0.00580048 0.0161339 -0.0170051 0.0858205 
0.00957962 -0.017461 0.00438195 -0.00577873 -0.017461 0.0866826 -0.00578645 0.0160823 0.00438195 -0.00578645 0.00910256 -0.0170172 -0.00577873 0.0160823 -0.0170172 0.085836 
0.00960982 -0.0175189 0.00434496 -0.00576568 -0.0175189 0.0867881 -0.00577288 0.0160293 0.00434496 -0.00577288 0.00906776 -0.0169364 -0.00576568 0.0160293 -0.0169364 0.085607 
0.00961814 -0.0175624 0.00432995 -0.00572479 -0.0175624 0.0869269 -0.00573086 0.0159535 0.00432995 -0.00573086 0.00908645 -0.0169049 -0.00572479 0.0159535 -0.0169049 0.0854892 
0.00962416 -0.0175479 0.00434295 -0.00570418 -0.0175479 0.086935 -0.0057017 0.0158728 0.00434295 -0.0057017 0.00910022 -0.0169614 -0.00570418 0.0158728 -0.0169614 0.0855766 
0.00964597 -0.017551 0.00433362 -0.00571872 -0.017551 0.0869316 -0.00571081 0.0158508 0.00433362 -0.00571081 0.00909032 -0.0169986 -0.00571872 0.0158508 -0.0169986 0.0857141 
0.00965487 -0.0175049 0.00430341 -0.00570168 -0.0175049 0.0867464 -0.00569753 0.0158222 0.00430341 -0.00569753 0.00906426 -0.0170426 -0.00570168 0.0158222 -0.0170426 0.0858858 
0.00965984 -0.0175324 0.00424544 -0.00566127 -0.0175324 0.0867651 -0.00567078 0.0157584 0.00424544 -0.00567078 0.00902918 -0.0170215 -0.00566127 0.0157584 -0.0170215 0.0859612 
0.00965564 -0.0175715 0.00421523 -0.00558465 -0.0175715 0.0868994 -0.00560688 0.015618 0.00421523 -0.00560688 0.00901498 -0.016948 -0.00558465 0.015618 -0.016948 0.0858409 
0.00962233 -0.0175868 0.00422162 -0.00555199 -0.0175868 0.0870495 -0.00557342 0.0155069 0.00422162 -0.00557342 0.0090544 -0.0169285 -0.00555199 0.0155069 -0.0169285 0.0857936 
0.0095983 -0.0176125 0.00425198 -0.00555443 -0.0176125 0.087155 -0.00556294 0.0154439 0.00425198 -0.00556294 0.00906075 -0.016825 -0.00555443 0.0154439 -0.016825 0.0853618 
0.00952585 -0.0174663 0.00428262 -0.00560785 -0.0174663 0.0867909 -0.00559337 0.0155048 0.00428262 -0.00559337 0.00913275 -0.0169123 -0.00560785 0.0155048 -0.0169123 0.0853903 
0.00956018 -0.017416 0.00428837 -0.00566889 -0.017416 0.0866297 -0.00563699 0.0156396 0.00428837 -0.00563699 0.00912535 -0.0170021 -0.00566889 0.0156396 -0.0170021 0.0855976 
0.00957629 -0.0173591 0.00429163 -0.00566477 -0.0173591 0.0863072 -0.00564016 0.0156907 0.00429163 -0.00564016 0.00909489 -0.0170613 -0.00566477 0.0156907 -0.0170613 0.08582 
0.00961587 -0.0175086 0.00432403 -0.00567004 -0.0175086 0.0866938 -0.00567202 0.0157446 0.00432403 -0.00567202 0.00910513 -0.0170146 -0.00567004 0.0157446 -0.0170146 0.0859308 
0.00961524 -0.0175185 0.00434338 -0.00568526 -0.0175185 0.0867575 -0.00569895 0.0157727 0.00434338 -0.00569895 0.00909656 -0.0169836 -0.00568526 0.0157727 -0.0169836 0.0857615 
0.0096095 -0.0175335 0.00438194 -0.00570936 -0.0175335 0.0867931 -0.00572136 0.0158217 0.00438194 -0.00572136 0.00908158 -0.0169444 -0.00570936 0.0158217 -0.0169444 0.0855825 
0.00962827 -0.0175871 0.00440958 -0.00578185 -0.0175871 0.0870946 -0.0057882 0.0159793 0.00440958 -0.0057882 0.00911279 -0.0169959 -0.00578185 0.0159793 -0.0169959 0.0858121 
0.00958724 -0.0175238 0.00438916 -0.00579802 -0.0175238 0.0868698 -0.00579691 0.0160399 0.00438916 -0.00579691 0.00909797 -0.0169829 -0.00579802 0.0160399 -0.0169829 0.0856846 
0.00962891 -0.0175354 0.00434721 -0.00579491 -0.0175354 0.0869612 -0.00578882 0.0160761 0.00434721 -0.00578882 0.00907454 -0.0169929 -0.00579491 0.0160761 -0.0169929 0.0857823 
0.00962485 -0.0176012 0.0043295 -0.00573856 -0.0176012 0.087124 -0.00573583 0.0159949 0.0043295 -0.00573583 0.00908985 -0.016945 -0.00573856 0.0159949 -0.016945 0.0857322 
0.0096054 -0.0175535 0.0043294 -0.00569794 -0.0175535 0.0869938 -0.00569094 0.0158607 0.0043294 -0.00569094 0.00908409 -0.0169268 -0.00569794 0.0158607 -0.0169268 0.0855451 
0.00958427 -0.0174884 0.00433825 -0.00570962 -0.0174884 0.0868137 -0.00569561 0.0158335 0.00433825 -0.00569561 0.00911261 -0.0169965 -0.00570962 0.0158335 -0.0169965 0.085722 
0.00960135 -0.017433 0.00437544 -0.00572412 -0.017433 0.0866266 -0.00571077 0.0158604 0.00437544 -0.00571077 0.00911198 -0.0170727 -0.00572412 0.0158604 -0.0170727 0.0859834 
0.00961756 -0.0174503 0.00443734 -0.00575258 -0.0174503 0.0864882 -0.00575196 0.015911 0.00443734 -0.00575196 0.00906374 -0.016998 -0.00575258 0.015911 -0.016998 0.0857988 
0.00968075 -0.0175568 0.00449188 -0.00584668 -0.0175568 0.0868366 -0.00586346 0.0161296 0.00449188 -0.00586346 0.00903763 -0.0169735 -0.00584668 0.0161296 -0.0169735 0.0858282 
0.00970227 -0.0176299 0.00452006 -0.00591036 -0.0176299 0.0870639 -0.00593533 0.0163343 0.00452006 -0.00593533 0.00902793 -0.0169151 -0.00591036 0.0163343 -0.0169151 0.0856844 
0.00972454 -0.0176616 0.00450311 -0.00594735 -0.0176616 0.0872031 -0.00597096 0.0164733 0.00450311 -0.00597096 0.0089995 -0.0168882 -0.00594735 0.0164733 -0.0168882 0.0855509 
0.00971306 -0.0176897 0.00446581 -0.0059212 -0.0176897 0.087253 -0.0059393 0.0164706 0.00446581 -0.0059393 0.00898152 -0.0168177 -0.0059212 0.0164706 -0.0168177 0.0853065 
0.00971721 -0.0176564 0.00445537 -0.0058938 -0.0176564 0.0872878 -0.00590126 0.0164256 0.00445537 -0.00590126 0.00901009 -0.0168957 -0.0058938 0.0164256 -0.0168957 0.0855386 
0.00973918 -0.0176376 0.00449236 -0.00587011 -0.0176376 0.0872005 -0.00587272 0.0163438 0.00449236 -0.00587272 0.00899893 -0.0169172 -0.00587011 0.0163438 -0.0169172 0.0856268 
0.00973366 -0.0175998 0.00451417 -0.00590219 -0.0175998 0.0869631 -0.00591077 0.0163538 0.00451417 -0.00591077 0.0089845 -0.0169069 -0.00590219 0.0163538 -0.0169069 0.0855844 
0.00973478 -0.0176803 0.00454367 -0.00593538 -0.0176803 0.0871377 -0.00595482 0.0164457 0.00454367 -0.00595482 0.00900323 -0.0168436 -0.00593538 0.0164457 -0.0168436 0.0854348 
0.00973002 -0.0177976 0.00461705 -0.00598193 -0.0177976 0.087614 -0.00599866 0.0165633 0.00461705 -0.00599866 0.0090683 -0.0168292 -0.00598193 0.0165633 -0.0168292 0.0853667 
0.00971454 -0.0177862 0.00468675 -0.0060672 -0.0177862 0.0877258 -0.00606136 0.0167018 0.00468675 -0.00606136 0.00910945 -0.0168794 -0.0060672 0.0167018 -0.0168794 0.0853306 
0.00972287 -0.0177264 0.0047145 -0.00616997 -0.0177264 0.0876284 -0.00614346 0.0169149 0.0047145 -0.00614346 0.00912807 -0.0170098 -0.00616997 0.0169149 -0.0170098 0.0856623 
0.00978193 -0.0177102 0.00465717 -0.00619583 -0.0177102 0.0874772 -0.00616887 0.0170344 0.00465717 -0.00616887 0.00905678 -0.0170365 -0.00619583 0.0170344 -0.0170365 0.0858081 
0.0098045 -0.0177636 0.00462727 -0.00613288 -0.0177636 0.0875939 -0.00612395 0.0170112 0.00462727 -0.00612395 0.00906168 -0.0170787 -0.00613288 0.0170112 -0.0170787 0.0861949 
0.00978598 -0.0178221 0.00457232 -0.00606267 -0.0178221 0.0877454 -0.00607167 0.0168502 0.00457232 -0.00607167 0.00905922 -0.0170103 -0.00606267 0.0168502 -0.0170103 0.0860954 
0.00973016 -0.0177936 0.00451018 -0.00598246 -0.0177936 0.0877059 -0.00599091 0.0166427 0.00451018 -0.00599091 0.00906311 -0.0169584 -0.00598246 0.0166427 -0.0169584 0.0858527 
0.00967758 -0.0176818 0.00445488 -0.0059153 -0.0176818 0.0874402 -0.00590706 0.0164425 0.00445488 -0.00590706 0.00906435 -0.0169859 -0.0059153 0.0164425 -0.0169859 0.0858245 
0.00967557 -0.0176711 0.00441167 -0.00585677 -0.0176711 0.0873873 -0.00583909 0.016266 0.00441167 -0.00583909 0.00905557 -0.0169397 -0.00585677 0.016266 -0.0169397 0.0857184 
0.00967874 -0.0175789 0.00438345 -0.00580658 -0.0175789 0.0871071 -0.0057845 0.0161221 0.00438345 -0.0057845 0.00903538 -0.0169897 -0.00580658 0.0161221 -0.0169897 0.0858086 
0.00976395 -0.0176193 0.00434085 -0.0057795 -0.0176193 0.0871632 -0.00576668 0.0160474 0.00434085 -0.00576668 0.00896829 -0.0169797 -0.0057795 0.0160474 -0.0169797 0.0859252 
0.00978413 -0.0176787 0.00433005 -0.00569516 -0.0176787 0.0871005 -0.00570749 0.0158855 0.00433005 -0.00570749 0.00889747 -0.0168048 -0.00569516 0.0158855 -0.0168048 0.0854425 
0.00981927 -0.01781 0.00437404 -0.00569151 -0.01781 0.087522 -0.00571808 0.0158424 0.00437404 -0.00571808 0.00890067 -0.0167046 -0.00569151 0.0158424 -0.0167046 0.0851526 
0.00982614 -0.0178637 0.00442525 -0.00575399 -0.0178637 0.0878099 -0.00577184 0.0159303 0.00442525 -0.00577184 0.00892862 -0.0167132 -0.00575399 0.0159303 -0.0167132 0.0850769 
0.00983084 -0.0178536 0.00443245 -0.00582728 -0.0178536 0.0878539 -0.0058264 0.016079 0.00443245 -0.0058264 0.00895874 -0.0167527 -0.00582728 0.016079 -0.0167527 0.0851147 
0.00982882 -0.0177692 0.00438969 -0.00583168 -0.0177692 0.0875245 -0.00581678 0.0161285 0.00438969 -0.00581678 0.00893572 -0.0168042 -0.00583168 0.0161285 -0.0168042 0.0851477 
0.00987103 -0.0177862 0.00439486 -0.00578801 -0.0177862 0.0875124 -0.00577551 0.0160857 0.00439486 -0.00577551 0.00892282 -0.0168485 -0.00578801 0.0160857 -0.0168485 0.0854076 
0.00992866 -0.017846 0.00440681 -0.00577464 -0.017846 0.0876122 -0.00577588 0.0160246 0.00440681 -0.00577588 0.00886911 -0.0168263 -0.00577464 0.0160246 -0.0168263 0.0854526 
0.00998732 -0.0179658 0.00443272 -0.00578802 -0.0179658 0.0879615 -0.00580564 0.0160443 0.00443272 -0.00580564 0.00885021 -0.0167668 -0.00578802 0.0160443 -0.0167668 0.0854337 
0.00997338 -0.0179695 0.00448137 -0.0057988 -0.0179695 0.0879282 -0.00582501 0.0160619 0.00448137 -0.00582501 0.00882604 -0.0167114 -0.0057988 0.0160619 -0.0167114 0.0851838 
0.0099791 -0.0180397 0.00453307 -0.00587729 -0.0180397 0.0882108 -0.00590006 0.0162085 0.00453307 -0.00590006 0.00884387 -0.0166834 -0.00587729 0.0162085 -0.0166834 0.0851263 
0.00994312 -0.0179401 0.00453669 -0.005944 -0.0179401 0.0879514 -0.00595425 0.01637 0.00453669 -0.00595425 0.00884032 -0.0167287 -0.005944 0.01637 -0.0167287 0.0851222 
0.00994507 -0.0179513 0.00455244 -0.00596853 -0.0179513 0.0879866 -0.00597252 0.0164918 0.00455244 -0.00597252 0.00885298 -0.0167358 -0.00596853 0.0164918 -0.0167358 0.085226 
0.0098971 -0.0178897 0.00455478 -0.00598539 -0.0178897 0.087805 -0.00598811 0.0165553 0.00455478 -0.00598811 0.00889397 -0.0167841 -0.00598539 0.0165553 -0.0167841 0.0853454 
0.00986796 -0.0178629 0.00458718 -0.00599884 -0.0178629 0.0877853 -0.00599824 0.0166093 0.00458718 -0.00599824 0.00894802 -0.016851 -0.00599884 0.0166093 -0.016851 0.0855772 
0.0098307 -0.0177673 0.00463213 -0.00601742 -0.0177673 0.08744 -0.00601468 0.016629 0.00463213 -0.00601468 0.00894629 -0.0168683 -0.00601742 0.016629 -0.0168683 0.0855216 
0.0098248 -0.0178327 0.00466383 -0.00608337 -0.0178327 0.0875989 -0.00608428 0.0167572 0.00466383 -0.00608428 0.00895973 -0.0168217 -0.00608337 0.0167572 -0.0168217 0.0854335 
0.00986707 -0.017884 0.00467343 -0.00614259 -0.017884 0.0879199 -0.00614129 0.0169315 0.00467343 -0.00614129 0.00896623 -0.0168682 -0.00614259 0.0169315 -0.0168682 0.0855844 
0.00985654 -0.0179259 0.00468228 -0.0061359 -0.0179259 0.0880199 -0.00613278 0.0169632 0.00468228 -0.00613278 0.00896929 -0.0168105 -0.0061359 0.0169632 -0.0168105 0.0854095 
0.00980794 -0.01783 0.00467061 -0.00613975 -0.01783 0.0877552 -0.0061304 0.0169572 0.00467061 -0.0061304 0.00898526 -0.0168418 -0.00613975 0.0169572 -0.0168418 0.085351 
0.00977801 -0.0178028 0.00470336 -0.00615191 -0.0178028 0.0877405 -0.00613671 0.0169981 0.00470336 -0.00613671 0.00904995 -0.0169381 -0.00615191 0.0169981 -0.0169381 0.0856931 
0.00975404 -0.0177254 0.00474124 -0.00617367 -0.0177254 0.0874863 -0.00615511 0.0170181 0.00474124 -0.00615511 0.00906051 -0.016981 -0.00617367 0.0170181 -0.016981 0.085778 
0.00977316 -0.0177126 0.00473625 -0.00622466 -0.0177126 0.0873872 -0.00620887 0.0171188 0.00473625 -0.00620887 0.00904391 -0.0169915 -0.00622466 0.0171188 -0.0169915 0.0858341 
0.00979895 -0.0177655 0.00472456 -0.00622418 -0.0177655 0.0875105 -0.00621926 0.0171877 0.00472456 -0.00621926 0.00902384 -0.016982 -0.00622418 0.0171877 -0.016982 0.0858877 
0.00984017 -0.0178442 0.0046925 -0.0061924 -0.0178442 0.0877179 -0.00619545 0.0171447 0.0046925 -0.00619545 0.00897841 -0.0168848 -0.0061924 0.0171447 -0.0168848 0.0856301 
0.00984353 -0.0178458 0.00466073 -0.00615825 -0.0178458 0.0877721 -0.00616174 0.017077 0.00466073 -0.00616174 0.00897663 -0.0169001 -0.00615825 0.017077 -0.0169001 0.0856578 
0.0098942 -0.0178757 0.00462934 -0.00611919 -0.0178757 0.0878984 -0.00612196 0.0169846 0.00462934 -0.00612196 0.00893877 -0.0169012 -0.00611919 0.0169846 -0.0169012 0.0857153 
0.00993203 -0.0179069 0.0046081 -0.00605963 -0.0179069 0.0878733 -0.00606693 0.0168317 0.0046081 -0.00606693 0.00888411 -0.0168018 -0.00605963 0.0168317 -0.0168018 0.0854394 
0.00993661 -0.0179102 0.00462813 -0.00604705 -0.0179102 0.0878819 -0.00605997 0.0167762 0.00462813 -0.00605997 0.00889982 -0.0168313 -0.00604705 0.0167762 -0.0168313 0.0855444 
0.00990663 -0.0178895 0.00470736 -0.00606259 -0.0178895 0.0877806 -0.00607927 0.01678 0.00470736 -0.00607927 0.00892976 -0.0168384 -0.00606259 0.01678 -0.0168384 0.0855469 
0.00986336 -0.0178693 0.00474425 -0.00616289 -0.0178693 0.0877176 -0.0061779 0.0169442 0.00474425 -0.0061779 0.00895743 -0.0168587 -0.00616289 0.0169442 -0.0168587 0.0855503 
0.00982515 -0.0178323 0.00476777 -0.00623062 -0.0178323 0.0876924 -0.00623878 0.0171509 0.00476777 -0.00623878 0.00898563 -0.0169185 -0.00623062 0.0171509 -0.0169185 0.0857174 
0.0098309 -0.0178408 0.00478273 -0.00626838 -0.0178408 0.0878026 -0.00627053 0.0172885 0.00478273 -0.00627053 0.00899468 -0.0169299 -0.00626838 0.0172885 -0.0169299 0.0858207 
0.00978016 -0.0178049 0.00475997 -0.006271 -0.0178049 0.0876456 -0.00627038 0.0173175 0.00475997 -0.00627038 0.00901555 -0.016882 -0.006271 0.0173175 -0.016882 0.0856115 
0.00981529 -0.0178111 0.0047174 -0.00625749 -0.0178111 0.0877291 -0.00624931 0.0173126 0.0047174 -0.00624931 0.00899962 -0.0168911 -0.00625749 0.0173126 -0.0168911 0.0855661 
0.00992756 -0.0178588 0.00469406 -0.00620479 -0.0178588 0.0878685 -0.00619534 0.0172226 0.00469406 -0.00619534 0.00892083 -0.0168984 -0.00620479 0.0172226 -0.0168984 0.0856294 
0.00995729 -0.0179625 0.00467015 -0.00614687 -0.0179625 0.0879879 -0.00615509 0.0170739 0.00467015 -0.00615509 0.00887721 -0.0167843 -0.00614687 0.0170739 -0.0167843 0.0853983 
0.00996048 -0.0180026 0.00469531 -0.0061132 -0.0180026 0.0881369 -0.00613209 0.0169728 0.00469531 -0.00613209 0.00886816 -0.0167504 -0.0061132 0.0169728 -0.0167504 0.0852691 
0.01 -0.0180393 0.00468839 -0.00615474 -0.0180393 0.0883457 -0.00617066 0.0170049 0.00468839 -0.00617066 0.00884746 -0.0167631 -0.00615474 0.0170049 -0.0167631 0.0853338 
0.00995768 -0.0180214 0.00467916 -0.0061357 -0.0180214 0.0882151 -0.00614934 0.0169862 0.00467916 -0.00614934 0.00885658 -0.016706 -0.0061357 0.0169862 -0.016706 0.0851426 
0.00990474 -0.018008 0.00468569 -0.00614679 -0.018008 0.0882794 -0.00615263 0.0170076 0.00468569 -0.00615263 0.00893465 -0.016761 -0.00614679 0.0170076 -0.016761 0.085289 
0.00983814 -0.0178848 0.00468697 -0.00614443 -0.0178848 0.0879417 -0.006134 0.0169805 0.00468697 -0.006134 0.00897229 -0.0168248 -0.00614443 0.0169805 -0.0168248 0.0853204 
0.00985476 -0.0178289 0.0046603 -0.00616633 -0.0178289 0.0878057 -0.00614402 0.0170105 0.0046603 -0.00614402 0.00895656 -0.0169154 -0.00616633 0.0170105 -0.0169154 0.085613 
0.00988724 -0.0178991 0.00464011 -0.00612485 -0.0178991 0.0879118 -0.00611026 0.0169568 0.00464011 -0.00611026 0.00893211 -0.0168374 -0.00612485 0.0169568 -0.0168374 0.0855342 
0.00995107 -0.0179775 0.00463016 -0.00609501 -0.0179775 0.0881721 -0.00608866 0.0168857 0.00463016 -0.00608866 0.00889539 -0.0167916 -0.00609501 0.0168857 -0.0167916 0.0854211 
0.00993223 -0.017952 0.00461331 -0.00606973 -0.017952 0.0880519 -0.00606978 0.0168137 0.00461331 -0.00606978 0.00889634 -0.0167876 -0.00606973 0.0168137 -0.0167876 0.0853596 
0.00991276 -0.0179577 0.00464626 -0.00605624 -0.0179577 0.0880883 -0.00605751 0.0167783 0.00464626 -0.00605751 0.00894395 -0.0168063 -0.00605624 0.0167783 -0.0168063 0.0854327 
0.00982692 -0.0178802 0.00465362 -0.0060865 -0.0178802 0.0878436 -0.00608323 0.0167911 0.00465362 -0.00608323 0.0090116 -0.0168559 -0.0060865 0.0167911 -0.0168559 0.0854604 
0.00979476 -0.0178642 0.00464277 -0.00611105 -0.0178642 0.0878759 -0.00609664 0.016845 0.00464277 -0.00609664 0.00905371 -0.0169165 -0.00611105 0.016845 -0.0169165 0.0855966 
0.00971846 -0.0177407 0.00462406 -0.006097 -0.0177407 0.0875487 -0.00606814 0.0168247 0.00462406 -0.00606814 0.00909517 -0.0170147 -0.006097 0.0168247 -0.0170147 0.0858322 
0.00974745 -0.0176712 0.0046039 -0.00609013 -0.0176712 0.087428 -0.00605617 0.0168084 0.0046039 -0.00605617 0.00909356 -0.0171282 -0.00609013 0.0168084 -0.0171282 0.0862827 
0.00972587 -0.0176322 0.00454739 -0.00604587 -0.0176322 0.0871723 -0.00602636 0.0167302 0.00454739 -0.00602636 0.00908941 -0.0171287 -0.00604587 0.0167302 -0.0171287 0.0864106 
0.00976619 -0.017637 0.00450887 -0.00596882 -0.017637 0.0871317 -0.00596628 0.0165908 0.00450887 -0.00596628 0.00903239 -0.0170834 -0.00596882 0.0165908 -0.0170834 0.0863215 
0.00976544 -0.017701 0.00451442 -0.00590228 -0.017701 0.0871873 -0.00591804 0.0164256 0.00451442 -0.00591804 0.00899294 -0.0169474 -0.00590228 0.0164256 -0.0169474 0.0859351 
0.00978007 -0.0177308 0.00450036 -0.00592627 -0.0177308 0.0873972 -0.00594803 0.0164263 0.00450036 -0.00594803 0.00899081 -0.0169479 -0.00592627 0.0164263 -0.0169479 0.0859209 
0.00975721 -0.0177097 0.00445489 -0.00590031 -0.0177097 0.0873036 -0.0059195 0.016388 0.00445489 -0.0059195 0.00897464 -0.0168841 -0.00590031 0.016388 -0.0168841 0.0856569 
0.00975726 -0.0177441 0.00444345 -0.00586295 -0.0177441 0.0874722 -0.00587694 0.016326 0.00444345 -0.00587694 0.00899113 -0.0168682 -0.00586295 0.016326 -0.0168682 0.0856083 
0.00968166 -0.0176574 0.00443607 -0.00583337 -0.0176574 0.0871964 -0.0058375 0.0162169 0.00443607 -0.0058375 0.00902053 -0.0168676 -0.00583337 0.0162169 -0.0168676 0.0854557 
0.00963492 -0.0176017 0.00447656 -0.00584039 -0.0176017 0.0870753 -0.00583271 0.0161908 0.00447656 -0.00583271 0.009069 -0.016907 -0.00584039 0.0161908 -0.016907 0.0855076 
0.00964016 -0.0175813 0.00450567 -0.00590243 -0.0175813 0.0870682 -0.0058846 0.0162797 0.00450567 -0.0058846 0.00909326 -0.0169586 -0.00590243 0.0162797 -0.0169586 0.0856387 
0.00966258 -0.0175889 0.00450605 -0.00594109 -0.0175889 0.0870692 -0.00592217 0.0163907 0.00450605 -0.00592217 0.00909479 -0.0169818 -0.00594109 0.0163907 -0.0169818 0.0857159 
0.00962056 -0.0175762 0.00451765 -0.00593352 -0.0175762 0.0869736 -0.00591971 0.0164215 0.00451765 -0.00591971 0.00913384 -0.0170045 -0.00593352 0.0164215 -0.0170045 0.0857742 
0.00961439 -0.0175277 0.00456369 -0.0059586 -0.0175277 0.0869655 -0.0059444 0.0164776 0.00456369 -0.0059444 0.00917804 -0.0171417 -0.0059586 0.0164776 -0.0171417 0.0862142 
0.00957228 -0.0175305 0.00461307 -0.00600361 -0.0175305 0.0869356 -0.00599332 0.0165581 0.00461307 -0.00599332 0.00922209 -0.0171557 -0.00600361 0.0165581 -0.0171557 0.0863411 
0.00959221 -0.0174421 0.00463868 -0.00605705 -0.0174421 0.0866843 -0.00604665 0.0166712 0.00463868 -0.00604665 0.00917607 -0.0171845 -0.00605705 0.0166712 -0.0171845 0.0863265 
0.00965447 -0.0174886 0.0046365 -0.00609622 -0.0174886 0.0866998 -0.00609743 0.0168089 0.0046365 -0.00609743 0.0091225 -0.0171378 -0.00609622 0.0168089 -0.0171378 0.0862964 
0.00966614 -0.0175676 0.00463901 -0.00608194 -0.0175676 0.0868187 -0.00610249 0.0168533 0.00463901 -0.00610249 0.0090977 -0.0170441 -0.00608194 0.0168533 -0.0170441 0.0860542 
0.00967256 -0.0176222 0.0046881 -0.0060869 -0.0176222 0.087061 -0.00611318 0.0168806 0.0046881 -0.00611318 0.00910247 -0.017027 -0.0060869 0.0168806 -0.017027 0.0859793 
0.00969464 -0.0177282 0.00474807 -0.00615076 -0.0177282 0.0874806 -0.00617195 0.0169816 0.00474807 -0.00617195 0.0091054 -0.0169753 -0.00615076 0.0169816 -0.0169753 0.0858449 
0.0097028 -0.0177343 0.00475611 -0.00622905 -0.0177343 0.0875972 -0.0062355 0.0171371 0.00475611 -0.0062355 0.00909521 -0.0169645 -0.00622905 0.0171371 -0.0169645 0.0857222 
0.00967716 -0.0177069 0.00474808 -0.00624722 -0.0177069 0.0875101 -0.00624089 0.0172289 0.00474808 -0.00624089 0.00911222 -0.016961 -0.00624722 0.0172289 -0.016961 0.085657 
