0.0107798 0 -0.00250753 0 0 0.00999181 0 0 -0.00250753 0 0.00437449 0 0 0 0 0.00999181 
0.0153038 -0.0189516 -0.00325835 0.00398412 -0.0189516 0.0455007 0.00398412 -0.00763932 -0.00325835 0.00398412 0.00605782 -0.00759136 0.00398412 -0.00763932 -0.00759136 0.023717 
0.0150675 -0.0272086 -0.00277077 0.00457177 -0.0272086 0.0960814 0.00457177 -0.0143781 -0.00277077 0.00457177 0.00648155 -0.0132331 0.00457177 -0.0143781 -0.0132331 0.0516949 
0.0139636 -0.0251341 -0.00251392 0.00311737 -0.0251341 0.107196 0.00314376 -0.0106447 -0.00251392 0.00314376 0.00638308 -0.0145417 0.00311737 -0.0106447 -0.0145417 0.0697934 
0.0139556 -0.0236707 -0.00264337 0.00285163 -0.0236707 0.105788 0.00288187 -0.00789826 -0.00264337 0.00288187 0.00632449 -0.0143279 0.00285163 -0.00789826 -0.0143279 0.0762789 
0.0142243 -0.0236528 -0.00280068 0.00310377 -0.0236528 0.104897 0.00312332 -0.00764514 -0.00280068 0.00312332 0.00640591 -0.0140407 0.00310377 -0.00764514 -0.0140407 0.0777948 
0.0144189 -0.0239635 -0.00283136 0.00328492 -0.0239635 0.105224 0.00329207 -0.00801747 -0.00283136 0.00329207 0.00640967 -0.0139385 0.00328492 -0.00801747 -0.0139385 0.0779228 
0.0144973 -0.0241876 -0.00282379 0.00330636 -0.0241876 0.105806 0.00330805 -0.00820679 -0.00282379 0.00330805 0.00635741 -0.0138708 0.00330636 -0.00820679 -0.0138708 0.0778659 
0.0145472 -0.0242294 -0.00277995 0.00331971 -0.0242294 0.106003 0.00331784 -0.00829075 -0.00277995 0.00331784 0.00632875 -0.0138192 0.00331971 -0.00829075 -0.0138192 0.0777918 
0.014529 -0.0243017 -0.00277799 0.00326096 -0.0243017 0.106205 0.00325987 -0.00821596 -0.00277799 0.00325987 0.00636122 -0.0137652 0.00326096 -0.00821596 -0.0137652 0.0776582 
0.0144998 -0.0242688 -0.00276662 0.00325591 -0.0242688 0.106202 0.00325241 -0.00815688 -0.00276662 0.00325241 0.00635293 -0.0137942 0.00325591 -0.00815688 -0.0137942 0.0776084 
0.0144387 -0.0242158 -0.00276864 0.00325095 -0.0242158 0.106059 0.00324691 -0.0081419 -0.00276864 0.00324691 0.006384 -0.0137956 0.00325095 -0.0081419 -0.0137956 0.077607 
0.0143999 -0.0241571 -0.00278403 0.00323998 -0.0241571 0.105944 0.00323979 -0.00810951 -0.00278403 0.00323979 0.0063626 -0.0138192 0.00323998 -0.00810951 -0.0138192 0.0776305 
0.0143727 -0.0240951 -0.00279433 0.00327991 -0.0240951 0.105781 0.00328116 -0.00817713 -0.00279433 0.00328116 0.00637948 -0.0138277 0.00327991 -0.00817713 -0.0138277 0.0777214 
0.0143471 -0.0240526 -0.00282325 0.00331095 -0.0240526 0.105638 0.00331266 -0.00827716 -0.00282325 0.00331266 0.0064413 -0.0138661 0.00331095 -0.00827716 -0.0138661 0.0778427 
0.0143522 -0.024033 -0.00283388 0.00335711 -0.024033 0.105594 0.00335571 -0.00839405 -0.00283388 0.00335571 0.00652569 -0.0139694 0.00335711 -0.00839405 -0.0139694 0.078119 
0.0143418 -0.024032 -0.00284341 0.0033474 -0.024032 0.105539 0.0033428 -0.00839855 -0.00284341 0.0033428 0.00652978 -0.0140488 0.0033474 -0.00839855 -0.0140488 0.0782949 
0.0143474 -0.0240285 -0.00285922 0.00334378 -0.0240285 0.105528 0.00333807 -0.00836987 -0.00285922 0.00333807 0.00646602 -0.0140473 0.00334378 -0.00836987 -0.0140473 0.0783542 
0.0143511 -0.0240366 -0.00285 0.00334885 -0.0240366 0.105529 0.00334433 -0.00835089 -0.00285 0.00334433 0.00638794 -0.0139312 0.00334885 -0.00835089 -0.0139312 0.0781191 
0.0143892 -0.0240596 -0.00280929 0.0033487 -0.0240596 0.10562 0.00334673 -0.00836493 -0.00280929 0.00334673 0.00632382 -0.0138227 0.0033487 -0.00836493 -0.0138227 0.0778491 
0.0144025 -0.0240936 -0.00278848 0.00330378 -0.0240936 0.10569 0.00331088 -0.00832091 -0.00278848 0.00331088 0.00627978 -0.0137362 0.00330378 -0.00832091 -0.0137362 0.0775851 
0.0143548 -0.0240869 -0.00281962 0.00327848 -0.0240869 0.105654 0.00328907 -0.00825825 -0.00281962 0.00328907 0.00628377 -0.013674 0.00327848 -0.00825825 -0.013674 0.077346 
0.0143216 -0.0240429 -0.00284702 0.00334401 -0.0240429 0.105622 0.00334894 -0.00835564 -0.00284702 0.00334894 0.00636739 -0.0137157 0.00334401 -0.00835564 -0.0137157 0.0774178 
0.014333 -0.0240109 -0.00282213 0.00336844 -0.0240109 0.10556 0.0033648 -0.00842734 -0.00282213 0.0033648 0.0064032 -0.0137997 0.00336844 -0.00842734 -0.0137997 0.0775614 
0.0143754 -0.0240203 -0.00277413 0.00329687 -0.0240203 0.105518 0.00329414 -0.0083004 -0.00277413 0.00329414 0.00626743 -0.0137921 0.00329687 -0.0083004 -0.0137921 0.0775091 
0.0144164 -0.0240681 -0.00274798 0.00325294 -0.0240681 0.105591 0.00325887 -0.00819012 -0.00274798 0.00325887 0.00615029 -0.0136577 0.00325294 -0.00819012 -0.0136577 0.0773395 
0.0144025 -0.024114 -0.00275681 0.0032221 -0.024114 0.105689 0.0032353 -0.00810917 -0.00275681 0.0032353 0.00609781 -0.0134921 0.0032221 -0.00810917 -0.0134921 0.0769532 
0.0143426 -0.0241078 -0.00280003 0.00323785 -0.0241078 0.105748 0.00324793 -0.00810728 -0.00280003 0.00324793 0.00612794 -0.0134028 0.00323785 -0.00810728 -0.0134028 0.0766319 
0.0143101 -0.0240275 -0.00282337 0.00331226 -0.0240275 0.105628 0.00331121 -0.0082407 -0.00282337 0.00331121 0.00614507 -0.013439 0.00331226 -0.0082407 -0.013439 0.0765763 
0.014283 -0.0239707 -0.00283968 0.00335592 -0.0239707 0.105448 0.00334701 -0.0083796 -0.00283968 0.00334701 0.00614858 -0.0134636 0.00335592 -0.0083796 -0.0134636 0.0766115 
0.0142445 -0.0239232 -0.0028676 0.00339068 -0.0239232 0.105278 0.00338176 -0.00850121 -0.0028676 0.00338176 0.00614612 -0.0134812 0.00339068 -0.00850121 -0.0134812 0.0766708 
0.0142327 -0.0238942 -0.00288356 0.00343136 -0.0238942 0.105217 0.00342472 -0.00861861 -0.00288356 0.00342472 0.00614093 -0.0134907 0.00343136 -0.00861861 -0.0134907 0.076756 
0.0142577 -0.0238695 -0.00285861 0.00345778 -0.0238695 0.105138 0.00345384 -0.00871759 -0.00285861 0.00345384 0.00614236 -0.0134829 0.00345778 -0.00871759 -0.0134829 0.0767715 
0.0143239 -0.0239034 -0.00278412 0.00338553 -0.0239034 0.105147 0.00338955 -0.00860986 -0.00278412 0.00338955 0.00604781 -0.0134269 0.00338553 -0.00860986 -0.0134269 0.0765733 
0.0143741 -0.0239964 -0.00273435 0.00327576 -0.0239964 0.105329 0.00328989 -0.00837597 -0.00273435 0.00328989 0.00593004 -0.0132985 0.00327576 -0.00837597 -0.0132985 0.076279 
0.0144015 -0.0240482 -0.00273701 0.00324961 -0.0240482 0.105496 0.00327063 -0.00827443 -0.00273701 0.00327063 0.00588273 -0.0131934 0.00324961 -0.00827443 -0.0131934 0.0760664 
0.014377 -0.024057 -0.00274356 0.00325571 -0.024057 0.105509 0.00327382 -0.00825291 -0.00274356 0.00327382 0.00591217 -0.0131133 0.00325571 -0.00825291 -0.0131133 0.0757893 
0.0143167 -0.0240259 -0.00279025 0.00329289 -0.0240259 0.105464 0.00330146 -0.0083306 -0.00279025 0.00330146 0.00602048 -0.0131691 0.00329289 -0.0083306 -0.0131691 0.0758072 
0.0142166 -0.0239726 -0.00286288 0.00332765 -0.0239726 0.105388 0.00332508 -0.00838054 -0.00286288 0.00332508 0.00611289 -0.0132866 0.00332765 -0.00838054 -0.0132866 0.0759954 
0.0141368 -0.0238394 -0.00290335 0.00340703 -0.0238394 0.105103 0.00339091 -0.00849714 -0.00290335 0.00339091 0.00614282 -0.0133848 0.00340703 -0.00849714 -0.0133848 0.0762007 
0.0141712 -0.0237525 -0.00287529 0.00347643 -0.0237525 0.104884 0.00345585 -0.00867767 -0.00287529 0.00345585 0.0061088 -0.0134382 0.00347643 -0.00867767 -0.0134382 0.076422 
0.0142174 -0.0237868 -0.00283385 0.00341433 -0.0237868 0.104821 0.00340512 -0.0086393 -0.00283385 0.00340512 0.00600054 -0.0133507 0.00341433 -0.0086393 -0.0133507 0.0762722 
0.0141332 -0.0238287 -0.00287677 0.00338908 -0.0238287 0.104866 0.00339432 -0.00860949 -0.00287677 0.00339432 0.00609056 -0.0132468 0.00338908 -0.00860949 -0.0132468 0.0760761 
0.0141022 -0.0237558 -0.0028899 0.00344798 -0.0237558 0.104854 0.0034501 -0.00868888 -0.0028899 0.0034501 0.00618685 -0.0133589 0.00344798 -0.00868888 -0.0133589 0.0761941 
0.0140946 -0.0236901 -0.00288177 0.00345884 -0.0236901 0.104651 0.0034546 -0.00874085 -0.00288177 0.0034546 0.00621352 -0.0134745 0.00345884 -0.00874085 -0.0134745 0.0764188 
0.0141068 -0.0236814 -0.0028874 0.00345925 -0.0236814 0.104571 0.00345587 -0.00876591 -0.0028874 0.00345587 0.00625612 -0.0135479 0.00345925 -0.00876591 -0.0135479 0.0767016 
0.014147 -0.0237191 -0.00286884 0.00343854 -0.0237191 0.104649 0.00343732 -0.00870951 -0.00286884 0.00343732 0.00623968 -0.0135891 0.00343854 -0.00870951 -0.0135891 0.0768604 
0.0141902 -0.0237741 -0.00285684 0.00342412 -0.0237741 0.104794 0.00342535 -0.00867508 -0.00285684 0.00342535 0.00624982 -0.0135985 0.00342412 -0.00867508 -0.0135985 0.0769949 
0.0141637 -0.0237969 -0.00288825 0.00339453 -0.0237969 0.104803 0.00339675 -0.00859829 -0.00288825 0.00339675 0.00625388 -0.0135878 0.00339453 -0.00859829 -0.0135878 0.0769346 
0.0141455 -0.0238091 -0.00293818 0.00345052 -0.0238091 0.104943 0.00344724 -0.00866437 -0.00293818 0.00344724 0.00630058 -0.0136344 0.00345052 -0.00866437 -0.0136344 0.0771097 
0.0140994 -0.0237526 -0.0029432 0.00349236 -0.0237526 0.104796 0.00348063 -0.00873831 -0.0029432 0.00348063 0.00631011 -0.0136416 0.00349236 -0.00873831 -0.0136416 0.0770592 
0.0140673 -0.0237284 -0.0029495 0.00348997 -0.0237284 0.104767 0.003478 -0.0087606 -0.0029495 0.003478 0.00629548 -0.0136373 0.00348997 -0.0087606 -0.0136373 0.0770381 
0.0140983 -0.0236828 -0.00291837 0.00349403 -0.0236828 0.104669 0.0034863 -0.00877316 -0.00291837 0.0034863 0.00619223 -0.0136075 0.00349403 -0.00877316 -0.0136075 0.0769603 
0.0141911 -0.0237248 -0.00286606 0.0034575 -0.0237248 0.104722 0.00346048 -0.00873748 -0.00286606 0.00346048 0.00603586 -0.0134762 0.0034575 -0.00873748 -0.0134762 0.0767352 
0.0141704 -0.0237861 -0.00288021 0.00341587 -0.0237861 0.104739 0.00343333 -0.00869295 -0.00288021 0.00343333 0.00602258 -0.0132813 0.00341587 -0.00869295 -0.0132813 0.0762778 
0.0141394 -0.023781 -0.0029003 0.00342767 -0.023781 0.104788 0.00344359 -0.0086806 -0.0029003 0.00344359 0.00605227 -0.0132347 0.00342767 -0.0086806 -0.0132347 0.0759658 
0.0141352 -0.0237661 -0.00289206 0.00345753 -0.0237661 0.104834 0.00346162 -0.00872508 -0.00289206 0.00346162 0.00607235 -0.0132706 0.00345753 -0.00872508 -0.0132706 0.0759537 
0.0141218 -0.0237554 -0.00287815 0.00344823 -0.0237554 0.104814 0.00344818 -0.00872894 -0.00287815 0.00344818 0.00607664 -0.0132965 0.00344823 -0.00872894 -0.0132965 0.0760021 
0.0140687 -0.0237221 -0.00287389 0.00342801 -0.0237221 0.104717 0.00342894 -0.00869019 -0.00287389 0.00342894 0.00610863 -0.0132992 0.00342801 -0.00869019 -0.0132992 0.0760094 
0.0141125 -0.0236469 -0.002821 0.00343018 -0.0236469 0.104543 0.00343359 -0.0086862 -0.002821 0.00343359 0.00606131 -0.0133467 0.00343018 -0.0086862 -0.0133467 0.0760929 
0.0140959 -0.0236977 -0.00280427 0.00333605 -0.0236977 0.104524 0.00334749 -0.00851684 -0.00280427 0.00334749 0.00605656 -0.0132611 0.00333605 -0.00851684 -0.0132611 0.0759419 
0.0140863 -0.0237187 -0.00282927 0.00332014 -0.0237187 0.104675 0.00333293 -0.00841541 -0.00282927 0.00333293 0.00608381 -0.0132725 0.00332014 -0.00841541 -0.0132725 0.0759588 
0.0139997 -0.0236724 -0.00287359 0.0033583 -0.0236724 0.104571 0.00336053 -0.00843657 -0.00287359 0.00336053 0.00616047 -0.0132974 0.0033583 -0.00843657 -0.0132974 0.0759663 
0.0139503 -0.0235596 -0.00288294 0.00342368 -0.0235596 0.104319 0.00341145 -0.00855091 -0.00288294 0.00341145 0.00616711 -0.013386 0.00342368 -0.00855091 -0.013386 0.07609 
0.0139529 -0.0235382 -0.0028837 0.00345161 -0.0235382 0.104294 0.00343768 -0.00866506 -0.0028837 0.00343768 0.00614973 -0.0134283 0.00345161 -0.00866506 -0.0134283 0.0763397 
0.0138435 -0.0234738 -0.00295617 0.00347881 -0.0234738 0.10404 0.00347349 -0.00878525 -0.00295617 0.00347349 0.00623061 -0.0134175 0.00347881 -0.00878525 -0.0134175 0.0763736 
0.0138034 -0.023359 -0.00298441 0.00355221 -0.023359 0.103794 0.00354323 -0.00891912 -0.00298441 0.00354323 0.00626159 -0.0134876 0.00355221 -0.00891912 -0.0134876 0.0764458 
0.0138102 -0.0233191 -0.00296846 0.00357505 -0.0233191 0.103635 0.00356192 -0.00900133 -0.00296846 0.00356192 0.00625059 -0.0135027 0.00357505 -0.00900133 -0.0135027 0.0764833 
0.0138521 -0.0233324 -0.00295985 0.00357073 -0.0233324 0.10363 0.0035633 -0.00904878 -0.00295985 0.0035633 0.0062137 -0.0135083 0.00357073 -0.00904878 -0.0135083 0.0765462 
0.013849 -0.023382 -0.00297412 0.00357681 -0.023382 0.103729 0.00357642 -0.00909661 -0.00297412 0.00357642 0.00627295 -0.0134937 0.00357681 -0.00909661 -0.0134937 0.0766027 
0.0138434 -0.023372 -0.0029575 0.00354956 -0.023372 0.103712 0.00355128 -0.00902458 -0.0029575 0.00355128 0.00628722 -0.0135078 0.00354956 -0.00902458 -0.0135078 0.0765077 
0.013913 -0.0233977 -0.00291756 0.00353605 -0.0233977 0.10383 0.00353576 -0.00897905 -0.00291756 0.00353576 0.00623144 -0.0135569 0.00353605 -0.00897905 -0.0135569 0.0766516 
0.0139311 -0.0234555 -0.00290332 0.00347993 -0.0234555 0.103901 0.00348603 -0.00887456 -0.00290332 0.00348603 0.00620339 -0.0134899 0.00347993 -0.00887456 -0.0134899 0.0765796 
0.0139768 -0.0234729 -0.00288201 0.00344104 -0.0234729 0.103934 0.00345037 -0.0087422 -0.00288201 0.00345037 0.00612309 -0.0134222 0.00344104 -0.0087422 -0.0134222 0.0763524 
0.0139891 -0.0235304 -0.00291227 0.00345633 -0.0235304 0.104061 0.00346559 -0.0087621 -0.00291227 0.00346559 0.00613576 -0.013371 0.00345633 -0.0087621 -0.013371 0.0762823 
0.0139832 -0.0235526 -0.00294359 0.00348783 -0.0235526 0.104155 0.00348979 -0.00880957 -0.00294359 0.00348979 0.00616463 -0.0133704 0.00348783 -0.00880957 -0.0133704 0.0762197 
0.0139671 -0.0235492 -0.00296526 0.00356428 -0.0235492 0.104209 0.00355558 -0.00898502 -0.00296526 0.00355558 0.00625278 -0.0134536 0.00356428 -0.00898502 -0.0134536 0.0764307 
0.0140746 -0.0235355 -0.00291585 0.003586 -0.0235355 0.104218 0.00357314 -0.00908512 -0.00291585 0.00357314 0.00620201 -0.0135717 0.003586 -0.00908512 -0.0135717 0.0767246 
0.0141643 -0.023634 -0.00284733 0.00348652 -0.023634 0.104267 0.00348674 -0.00893713 -0.00284733 0.00348674 0.00611646 -0.0134871 0.00348652 -0.00893713 -0.0134871 0.0766233 
0.0142317 -0.0238006 -0.0028102 0.00337863 -0.0238006 0.104701 0.0033926 -0.00868 -0.0028102 0.0033926 0.00605514 -0.0133847 0.00337863 -0.00868 -0.0133847 0.0764519 
0.014191 -0.023871 -0.00283497 0.00330874 -0.023871 0.104945 0.00332557 -0.00844156 -0.00283497 0.00332557 0.00602757 -0.0132782 0.00330874 -0.00844156 -0.0132782 0.0761293 
0.0141813 -0.0238521 -0.00285385 0.00334568 -0.0238521 0.105083 0.00335281 -0.00840605 -0.00285385 0.00335281 0.00600586 -0.0132423 0.00334568 -0.00840605 -0.0132423 0.0759895 
0.0141841 -0.0237957 -0.00285855 0.00340991 -0.0237957 0.104942 0.00340713 -0.0085448 -0.00285855 0.00340713 0.00598744 -0.0132256 0.00340991 -0.0085448 -0.0132256 0.0759117 
0.0142156 -0.0238047 -0.00283854 0.00342424 -0.0238047 0.104918 0.00341945 -0.00863647 -0.00283854 0.00341945 0.0059508 -0.0131985 0.00342424 -0.00863647 -0.0131985 0.0758446 
0.0142749 -0.0238282 -0.00279371 0.00340673 -0.0238282 0.104918 0.00340681 -0.00865524 -0.00279371 0.00340681 0.00589602 -0.0131595 0.00340673 -0.00865524 -0.0131595 0.0757492 
0.0143151 -0.0239046 -0.00277307 0.00332742 -0.0239046 0.105038 0.00333547 -0.00851574 -0.00277307 0.00333547 0.00582582 -0.013068 0.00332742 -0.00851574 -0.013068 0.0755183 
0.0143171 -0.0239583 -0.00276959 0.00330987 -0.0239583 0.105193 0.00332082 -0.0084343 -0.00276959 0.00332082 0.00584376 -0.0129942 0.00330987 -0.0084343 -0.0129942 0.0753342 
0.0143657 -0.0239644 -0.0027242 0.00331717 -0.0239644 0.105272 0.00332268 -0.00842664 -0.0027242 0.00332268 0.00583271 -0.01302 0.00331717 -0.00842664 -0.01302 0.0753128 
0.0143971 -0.0240108 -0.00268252 0.00324555 -0.0240108 0.105322 0.00325144 -0.008304 -0.00268252 0.00325144 0.00579176 -0.0129964 0.00324555 -0.008304 -0.0129964 0.0752419 
0.0144051 -0.0240693 -0.00269093 0.0032234 -0.0240693 0.105514 0.00323336 -0.0082443 -0.00269093 0.00323336 0.00583469 -0.0130093 0.0032234 -0.0082443 -0.0130093 0.0753764 
0.0144235 -0.0240779 -0.00267749 0.00322863 -0.0240779 0.105602 0.00323587 -0.00821902 -0.00267749 0.00323587 0.00585218 -0.0130688 0.00322863 -0.00821902 -0.0130688 0.0755274 
0.0143993 -0.0240851 -0.00271042 0.00320024 -0.0240851 0.105593 0.00320662 -0.00815728 -0.00271042 0.00320662 0.0058266 -0.0130856 0.00320024 -0.00815728 -0.0130856 0.0755933 
0.0143718 -0.0240348 -0.00273819 0.00325629 -0.0240348 0.105467 0.00325887 -0.00822401 -0.00273819 0.00325887 0.00584086 -0.0130685 0.00325629 -0.00822401 -0.0130685 0.0756004 
0.0142888 -0.0240173 -0.00280251 0.0032948 -0.0240173 0.10542 0.00329329 -0.00832564 -0.00280251 0.00329329 0.00594846 -0.013076 0.0032948 -0.00832564 -0.013076 0.0756088 
0.0142151 -0.0239409 -0.0028838 0.00339684 -0.0239409 0.105361 0.0033857 -0.00853584 -0.0028838 0.0033857 0.00610003 -0.0132394 0.00339684 -0.00853584 -0.0132394 0.0759524 
0.0142005 -0.0238147 -0.00290336 0.00348512 -0.0238147 0.105029 0.00346373 -0.00874307 -0.00290336 0.00346373 0.00615711 -0.0134132 0.00348512 -0.00874307 -0.0134132 0.0763079 
0.0142261 -0.0238399 -0.00289302 0.00347376 -0.0238399 0.105017 0.0034532 -0.00877043 -0.00289302 0.0034532 0.00616507 -0.0134642 0.00347376 -0.00877043 -0.0134642 0.0765396 
0.01425 -0.0238619 -0.00286281 0.00345743 -0.0238619 0.105038 0.00344203 -0.00874393 -0.00286281 0.00344203 0.00615907 -0.0134778 0.00345743 -0.00874393 -0.0134778 0.0766225 
0.0142878 -0.0238739 -0.00281579 0.00341064 -0.0238739 0.105018 0.00340491 -0.00866087 -0.00281579 0.00340491 0.00609384 -0.0134617 0.00341064 -0.00866087 -0.0134617 0.0765758 
0.0143278 -0.0239353 -0.00278141 0.00334797 -0.0239353 0.105145 0.00335476 -0.00853357 -0.00278141 0.00335476 0.00604973 -0.0133953 0.00334797 -0.00853357 -0.0133953 0.076483 
0.014346 -0.0239815 -0.00277415 0.00331062 -0.0239815 0.105275 0.00332422 -0.00843255 -0.00277415 0.00332422 0.00603511 -0.0133531 0.00331062 -0.00843255 -0.0133531 0.0763912 
0.014352 -0.0240192 -0.00280708 0.00328307 -0.0240192 0.105414 0.00329586 -0.00833048 -0.00280708 0.00329586 0.00599996 -0.0133147 0.00328307 -0.00833048 -0.0133147 0.0762707 
0.0143852 -0.0240022 -0.00280331 0.00334057 -0.0240022 0.105383 0.00334355 -0.00838745 -0.00280331 0.00334355 0.00594115 -0.0132724 0.00334057 -0.00838745 -0.0132724 0.0761445 
0.014388 -0.0240656 -0.00282126 0.00337252 -0.0240656 0.105541 0.00337221 -0.00851222 -0.00282126 0.00337221 0.0059976 -0.0132365 0.00337252 -0.00851222 -0.0132365 0.0761429 
0.0143682 -0.0240412 -0.00281366 0.00337242 -0.0240412 0.105484 0.00336897 -0.00853278 -0.00281366 0.00336897 0.00604073 -0.0132602 0.00337242 -0.00853278 -0.0132602 0.0760424 
0.0144359 -0.0240635 -0.0027636 0.00334637 -0.0240635 0.105599 0.00334174 -0.00847785 -0.0027636 0.00334174 0.00600599 -0.0133153 0.00334637 -0.00847785 -0.0133153 0.0761535 
0.0145461 -0.024109 -0.00266139 0.00325763 -0.024109 0.105607 0.00325812 -0.008291 -0.00266139 0.00325812 0.00583302 -0.0132398 0.00325763 -0.008291 -0.0132398 0.0759794 
0.014632 -0.0242505 -0.00260467 0.00317233 -0.0242505 0.105884 0.00318598 -0.00813285 -0.00260467 0.00318598 0.00581141 -0.0130972 0.00317233 -0.00813285 -0.0130972 0.075816 
0.0146438 -0.0243826 -0.00261103 0.00307335 -0.0243826 0.106271 0.00309269 -0.00788478 -0.00261103 0.00309269 0.00581655 -0.0130379 0.00307335 -0.00788478 -0.0130379 0.0755888 
0.0146147 -0.0243807 -0.00263181 0.00310196 -0.0243807 0.106387 0.00311139 -0.00784119 -0.00263181 0.00311139 0.00584607 -0.0130779 0.00310196 -0.00784119 -0.0130779 0.0756264 
0.0146067 -0.0243247 -0.00263316 0.00313568 -0.0243247 0.106272 0.00313599 -0.00789407 -0.00263316 0.00313599 0.00583303 -0.0131187 0.00313568 -0.00789407 -0.0131187 0.0757097 
0.0145538 -0.0243123 -0.00267865 0.00315592 -0.0243123 0.106203 0.00315401 -0.00796803 -0.00267865 0.00315401 0.00588462 -0.0131308 0.00315592 -0.00796803 -0.0131308 0.0758226 
0.0144998 -0.0242759 -0.00273534 0.00319582 -0.0242759 0.106182 0.00319175 -0.0080348 -0.00273534 0.00319175 0.00591624 -0.0131761 0.00319582 -0.0080348 -0.0131761 0.0759256 
0.0144805 -0.0241924 -0.00275364 0.00327954 -0.0241924 0.106006 0.00327012 -0.00820618 -0.00275364 0.00327012 0.00593997 -0.0132241 0.00327954 -0.00820618 -0.0132241 0.0760585 
0.0145027 -0.0241621 -0.00274155 0.00331825 -0.0241621 0.105876 0.0033093 -0.00836155 -0.00274155 0.0033093 0.00599492 -0.0132667 0.00331825 -0.00836155 -0.0132667 0.0762021 
0.0144857 -0.0242034 -0.00275665 0.00328618 -0.0242034 0.105925 0.00328311 -0.00835673 -0.00275665 0.00328311 0.00608856 -0.0133302 0.00328618 -0.00835673 -0.0133302 0.0763429 
0.014448 -0.0241727 -0.00276808 0.00325813 -0.0241727 0.105848 0.00325391 -0.00824482 -0.00276808 0.00325391 0.00610289 -0.0133944 0.00325813 -0.00824482 -0.0133944 0.0763748 
0.0144403 -0.0241643 -0.00278221 0.00327948 -0.0241643 0.105896 0.00326995 -0.00823581 -0.00278221 0.00326995 0.00610688 -0.0134442 0.00327948 -0.00823581 -0.0134442 0.0765721 
0.0144082 -0.0241235 -0.00280341 0.00330609 -0.0241235 0.105772 0.00329615 -0.00828877 -0.00280341 0.00329615 0.00613318 -0.0134472 0.00330609 -0.00828877 -0.0134472 0.0766174 
0.0143637 -0.0241089 -0.00283045 0.00332538 -0.0241089 0.105759 0.00331462 -0.0083351 -0.00283045 0.00331462 0.00616722 -0.0134684 0.00332538 -0.0083351 -0.0134684 0.0766654 
0.0143862 -0.0240464 -0.00282932 0.00339516 -0.0240464 0.105662 0.00338397 -0.00850033 -0.00282932 0.00338397 0.00616919 -0.0135654 0.00339516 -0.00850033 -0.0135654 0.0769391 
0.0144299 -0.0240357 -0.00278839 0.00337922 -0.0240357 0.105495 0.00337332 -0.00854009 -0.00278839 0.00337332 0.00612149 -0.0135461 0.00337922 -0.00854009 -0.0135461 0.0769408 
0.0145161 -0.0241346 -0.00270613 0.00329798 -0.0241346 0.105696 0.00330194 -0.00839541 -0.00270613 0.00330194 0.00602794 -0.0134609 0.00329798 -0.00839541 -0.0134609 0.0767883 
0.0146016 -0.0242325 -0.00264507 0.00318098 -0.0242325 0.105922 0.00319757 -0.00814474 -0.00264507 0.00319757 0.00587844 -0.0133276 0.00318098 -0.00814474 -0.0133276 0.0764651 
0.0146197 -0.0243329 -0.00264841 0.0031337 -0.0243329 0.106179 0.00315589 -0.00799873 -0.00264841 0.00315589 0.00587799 -0.0131819 0.0031337 -0.00799873 -0.0131819 0.0761821 
0.0146084 -0.0243321 -0.00267193 0.00315656 -0.0243321 0.106226 0.00317285 -0.00799547 -0.00267193 0.00317285 0.00592651 -0.013182 0.00315656 -0.00799547 -0.013182 0.0760359 
0.0146059 -0.0243478 -0.00269887 0.00320545 -0.0243478 0.106337 0.00320894 -0.00808811 -0.00269887 0.00320894 0.00602228 -0.01328 0.00320545 -0.00808811 -0.01328 0.076253 
0.0146495 -0.0243194 -0.00266805 0.00321381 -0.0243194 0.106253 0.00320831 -0.00810664 -0.00266805 0.00320831 0.00596458 -0.0133689 0.00321381 -0.00810664 -0.0133689 0.0763996 
0.0146751 -0.024405 -0.00267206 0.00317935 -0.024405 0.106437 0.00317583 -0.00806351 -0.00267206 0.00317583 0.00594638 -0.0133309 0.00317935 -0.00806351 -0.0133309 0.0765044 
0.0146827 -0.0243986 -0.00263003 0.0031879 -0.0243986 0.106417 0.00318629 -0.00805665 -0.00263003 0.00318629 0.00596435 -0.0133016 0.0031879 -0.00805665 -0.0133016 0.0764197 
0.0145875 -0.024428 -0.00268865 0.00314475 -0.024428 0.106503 0.00314938 -0.00801467 -0.00268865 0.00314938 0.00613261 -0.0133476 0.00314475 -0.00801467 -0.0133476 0.0765162 
0.0144725 -0.0243315 -0.00275935 0.00319423 -0.0243315 0.106426 0.00319371 -0.00803024 -0.00275935 0.00319371 0.00630836 -0.013551 0.00319423 -0.00803024 -0.013551 0.0768798 
0.0143616 -0.0241549 -0.00280763 0.00326965 -0.0241549 0.105991 0.00325688 -0.00814108 -0.00280763 0.00325688 0.00646113 -0.0137573 0.00326965 -0.00814108 -0.0137573 0.0773112 
0.0143555 -0.0240468 -0.00282544 0.00334232 -0.0240468 0.105715 0.00332256 -0.00830894 -0.00282544 0.00332256 0.00655337 -0.0139929 0.00334232 -0.00830894 -0.0139929 0.077969 
0.0144123 -0.0240455 -0.00280496 0.0033413 -0.0240455 0.105614 0.00332327 -0.00835069 -0.00280496 0.00332327 0.00650908 -0.0141027 0.0033413 -0.00835069 -0.0141027 0.0783923 
0.014511 -0.0241243 -0.00275648 0.00331411 -0.0241243 0.105741 0.00330528 -0.00831849 -0.00275648 0.00330528 0.00645004 -0.0140683 0.00331411 -0.00831849 -0.0140683 0.0785304 
0.0146083 -0.0242393 -0.00268147 0.00324763 -0.0242393 0.105971 0.00324839 -0.00820344 -0.00268147 0.00324839 0.00639829 -0.0139883 0.00324763 -0.00820344 -0.0139883 0.0784041 
0.0146345 -0.0243447 -0.00265738 0.00313971 -0.0243447 0.10619 0.00314882 -0.00797687 -0.00265738 0.00314882 0.00634117 -0.0138984 0.00313971 -0.00797687 -0.0138984 0.0781275 
0.0146849 -0.0244198 -0.00265508 0.00311906 -0.0244198 0.10651 0.00312945 -0.0078579 -0.00265508 0.00312945 0.00630036 -0.0138679 0.00311906 -0.0078579 -0.0138679 0.078088 
0.0147635 -0.0244432 -0.00258772 0.00310445 -0.0244432 0.106561 0.00311046 -0.00778229 -0.00258772 0.00311046 0.00614607 -0.0137742 0.00310445 -0.00778229 -0.0137742 0.0778092 
0.0147796 -0.0245447 -0.00259154 0.00305479 -0.0245447 0.106767 0.00306485 -0.00772433 -0.00259154 0.00306485 0.0061459 -0.0136277 0.00305479 -0.00772433 -0.0136277 0.0775678 
0.01471 -0.0245455 -0.00263946 0.00304611 -0.0245455 0.106799 0.00305267 -0.00766224 -0.00263946 0.00305267 0.00621502 -0.0135805 0.00304611 -0.00766224 -0.0135805 0.0772649 
0.0146894 -0.0244879 -0.00268287 0.00310666 -0.0244879 0.106774 0.00310295 -0.00772949 -0.00268287 0.00310295 0.00619727 -0.0136622 0.00310666 -0.00772949 -0.0136622 0.0773137 
0.0147068 -0.0244538 -0.00268082 0.00318553 -0.0244538 0.106692 0.00317479 -0.00790954 -0.00268082 0.00317479 0.0062133 -0.0136811 0.00318553 -0.00790954 -0.0136811 0.0774687 
0.0147237 -0.0244683 -0.00265935 0.00317723 -0.0244683 0.106666 0.00316769 -0.00797266 -0.00265935 0.00316769 0.00619247 -0.0136785 0.00317723 -0.00797266 -0.0136785 0.0774666 
0.0147697 -0.0244745 -0.00261801 0.00314681 -0.0244745 0.106631 0.003144 -0.00794103 -0.00261801 0.003144 0.00611282 -0.0136525 0.00314681 -0.00794103 -0.0136525 0.0773963 
0.0148322 -0.0245641 -0.00258198 0.00310259 -0.0245641 0.106857 0.00310788 -0.00786929 -0.00258198 0.00310788 0.00611831 -0.0135864 0.00310259 -0.00786929 -0.0135864 0.0773641 
0.0148682 -0.0246296 -0.00255077 0.00305467 -0.0246296 0.107032 0.00306347 -0.00776289 -0.00255077 0.00306347 0.00612377 -0.0135869 0.00305467 -0.00776289 -0.0135869 0.0773136 
0.0148816 -0.0246424 -0.00252019 0.0030116 -0.0246424 0.107035 0.00301922 -0.00764529 -0.00252019 0.00301922 0.00614259 -0.0135888 0.0030116 -0.00764529 -0.0135888 0.0772534 
0.0148948 -0.0246927 -0.00252564 0.00296107 -0.0246927 0.107188 0.00296795 -0.00750783 -0.00252564 0.00296795 0.00617271 -0.0136078 0.00296107 -0.00750783 -0.0136078 0.0772823 
