0.00863709 0 0.00341646 0 0 0.00999782 0 0 0.00341646 0 0.00554762 0 0 0 0 0.00999782 
0.011825 -0.0146464 0.00483021 -0.00594333 -0.0146464 0.0372478 -0.00594333 0.0113958 0.00483021 -0.00594333 0.00820215 -0.0102192 -0.00594333 0.0113958 -0.0102192 0.0287588 
0.0115479 -0.0211668 0.00447015 -0.00752103 -0.0211668 0.0766525 -0.00752103 0.0239418 0.00447015 -0.00752103 0.00848103 -0.016306 -0.00752103 0.0239418 -0.016306 0.0614126 
0.0108927 -0.0202242 0.00405792 -0.00574573 -0.0202242 0.0886203 -0.0057355 0.020744 0.00405792 -0.0057355 0.00802948 -0.0167284 -0.00574573 0.020744 -0.0167284 0.077356 
0.0110499 -0.0195727 0.00413638 -0.0051155 -0.0195727 0.0909705 -0.00508598 0.0163093 0.00413638 -0.00508598 0.00791829 -0.0162554 -0.0051155 0.0163093 -0.0162554 0.0826339 
0.0112868 -0.0196487 0.00426528 -0.00529557 -0.0196487 0.0919518 -0.00526045 0.014924 0.00426528 -0.00526045 0.00799158 -0.0160252 -0.00529557 0.014924 -0.0160252 0.0838241 
0.0114027 -0.0197891 0.0043132 -0.00552912 -0.0197891 0.0926585 -0.00549667 0.0150151 0.0043132 -0.00549667 0.00810115 -0.016067 -0.00552912 0.0150151 -0.016067 0.0841833 
0.0114035 -0.0198406 0.00433582 -0.00560133 -0.0198406 0.092989 -0.00557877 0.0152374 0.00433582 -0.00557877 0.00821827 -0.0161595 -0.00560133 0.0152374 -0.0161595 0.0844051 
0.0112919 -0.0197698 0.00439241 -0.00562394 -0.0197698 0.0928829 -0.00561146 0.0153526 0.00439241 -0.00561146 0.00835466 -0.0163004 -0.00562394 0.0153526 -0.0163004 0.0846872 
0.0112401 -0.0196168 0.00439044 -0.00569393 -0.0196168 0.0925599 -0.00567971 0.0155002 0.00439044 -0.00567971 0.00839905 -0.0164898 -0.00569393 0.0155002 -0.0164898 0.0851465 
0.011205 -0.0195345 0.004386 -0.00568538 -0.0195345 0.0922081 -0.00567362 0.0155505 0.004386 -0.00567362 0.00838032 -0.0165244 -0.00568538 0.0155505 -0.0165244 0.0853346 
0.0111839 -0.0195512 0.00440208 -0.00568281 -0.0195512 0.0922417 -0.00568154 0.0155694 0.00440208 -0.00568154 0.00837478 -0.0165101 -0.00568281 0.0155694 -0.0165101 0.085456 
0.01111 -0.0195037 0.00444943 -0.00569689 -0.0195037 0.0921353 -0.00569944 0.0155984 0.00444943 -0.00569944 0.00839624 -0.0164757 -0.00569689 0.0155984 -0.0164757 0.0853671 
0.0110511 -0.0194318 0.00450831 -0.00575283 -0.0194318 0.0919775 -0.00575029 0.0156846 0.00450831 -0.00575029 0.00842199 -0.0164442 -0.00575283 0.0156846 -0.0164442 0.0851831 
0.0110401 -0.0194087 0.00456185 -0.00583634 -0.0194087 0.09196 -0.0058265 0.015858 0.00456185 -0.0058265 0.00846631 -0.0164521 -0.00583634 0.015858 -0.0164521 0.0851279 
0.0110715 -0.0194178 0.00461263 -0.00590434 -0.0194178 0.0920063 -0.00589249 0.0160393 0.00461263 -0.00589249 0.00850424 -0.0164978 -0.00590434 0.0160393 -0.0164978 0.0851792 
0.0110958 -0.0194738 0.00465027 -0.00595848 -0.0194738 0.092133 -0.00595111 0.0161906 0.00465027 -0.00595111 0.00855425 -0.016548 -0.00595848 0.0161906 -0.016548 0.0852867 
0.0110562 -0.0194139 0.00466296 -0.00600498 -0.0194139 0.0919485 -0.0060042 0.0163391 0.00466296 -0.0060042 0.00857759 -0.0166719 -0.00600498 0.0163391 -0.0166719 0.0855594 
0.0110636 -0.0194207 0.00465918 -0.00601417 -0.0194207 0.0919868 -0.00601601 0.016399 0.00465918 -0.00601601 0.00857453 -0.0167029 -0.00601417 0.016399 -0.0167029 0.0857622 
0.0111054 -0.0194413 0.00463362 -0.006007 -0.0194413 0.0920726 -0.00601081 0.0164029 0.00463362 -0.00601081 0.00853816 -0.0167094 -0.006007 0.0164029 -0.0167094 0.0858717 
0.0111576 -0.0195295 0.00459481 -0.00595796 -0.0195295 0.0922796 -0.00596807 0.0163043 0.00459481 -0.00596807 0.0084881 -0.0166248 -0.00595796 0.0163043 -0.0166248 0.0857178 
0.0111126 -0.0195439 0.00461969 -0.0059126 -0.0195439 0.0923138 -0.00592562 0.0161999 0.00461969 -0.00592562 0.0084898 -0.0165852 -0.0059126 0.0161999 -0.0165852 0.085583 
0.0111105 -0.0195349 0.00464971 -0.00594931 -0.0195349 0.0924217 -0.00595695 0.0162086 0.00464971 -0.00595695 0.00850245 -0.016588 -0.00594931 0.0162086 -0.016588 0.0855934 
0.0110499 -0.0195064 0.00471143 -0.00599223 -0.0195064 0.0923472 -0.00599127 0.0162892 0.00471143 -0.00599127 0.00854537 -0.0165884 -0.00599223 0.0162892 -0.0165884 0.085558 
0.0110104 -0.0193954 0.00475084 -0.00608391 -0.0193954 0.0920976 -0.00607406 0.0164819 0.00475084 -0.00607406 0.00857484 -0.0166637 -0.00608391 0.0164819 -0.0166637 0.0856888 
0.0109973 -0.0193829 0.00476554 -0.00613579 -0.0193829 0.0920218 -0.00612433 0.0166484 0.00476554 -0.00612433 0.00860436 -0.0166758 -0.00613579 0.0166484 -0.0166758 0.0857549 
0.0109654 -0.0193379 0.00475644 -0.00614458 -0.0193379 0.0918364 -0.00613471 0.016716 0.00475644 -0.00613471 0.00863751 -0.0166845 -0.00614458 0.016716 -0.0166845 0.0856915 
0.0110169 -0.019328 0.00471948 -0.00614417 -0.019328 0.0918477 -0.0061324 0.0167505 0.00471948 -0.0061324 0.00861507 -0.0167675 -0.00614417 0.0167505 -0.0167675 0.0859126 
0.0111052 -0.0193921 0.00466098 -0.00608248 -0.0193921 0.0919381 -0.006079 0.0166506 0.00466098 -0.006079 0.00854427 -0.0167346 -0.00608248 0.0166506 -0.0167346 0.0859365 
0.0110717 -0.0194583 0.00467975 -0.00599686 -0.0194583 0.0920011 -0.00600893 0.0164733 0.00467975 -0.00600893 0.00854183 -0.0166536 -0.00599686 0.0164733 -0.0166536 0.0857722 
0.0110074 -0.0194559 0.00471868 -0.00602395 -0.0194559 0.0921314 -0.0060376 0.0164418 0.00471868 -0.0060376 0.00858929 -0.0166629 -0.00602395 0.0164418 -0.0166629 0.0857748 
0.0109447 -0.0193692 0.00478536 -0.00608483 -0.0193692 0.0920268 -0.00608483 0.0165397 0.00478536 -0.00608483 0.00864072 -0.0167184 -0.00608483 0.0165397 -0.0167184 0.0858716 
0.0109127 -0.0192464 0.00478685 -0.00616804 -0.0192464 0.0916558 -0.00615571 0.016703 0.00478685 -0.00615571 0.0086399 -0.0167531 -0.00616804 0.016703 -0.0167531 0.0858791 
0.0109368 -0.0192235 0.00476046 -0.00619336 -0.0192235 0.0915425 -0.00618108 0.0168462 0.00476046 -0.00618108 0.0086176 -0.016782 -0.00619336 0.0168462 -0.016782 0.0860206 
0.0109477 -0.0192381 0.00472665 -0.00614986 -0.0192381 0.0914867 -0.00614798 0.0168283 0.00472665 -0.00614798 0.00856512 -0.0167382 -0.00614986 0.0168283 -0.0167382 0.0859522 
0.010981 -0.0193069 0.00470669 -0.00609448 -0.0193069 0.0916676 -0.00610259 0.0167129 0.00470669 -0.00610259 0.00853229 -0.0166355 -0.00609448 0.0167129 -0.0166355 0.0857242 
0.0109917 -0.0193338 0.00471882 -0.00607287 -0.0193338 0.0917722 -0.00608284 0.016637 0.00471882 -0.00608284 0.00853256 -0.0166001 -0.00607287 0.016637 -0.0166001 0.0855752 
0.011017 -0.019356 0.00471101 -0.00607937 -0.019356 0.0918307 -0.00608758 0.016606 0.00471101 -0.00608758 0.00852017 -0.0165714 -0.00607937 0.016606 -0.0165714 0.0854155 
0.0110307 -0.0194012 0.0047064 -0.00607893 -0.0194012 0.0919693 -0.00608692 0.0166135 0.0047064 -0.00608692 0.0085312 -0.0165815 -0.00607893 0.0166135 -0.0165815 0.0854373 
0.0110129 -0.0193872 0.00472437 -0.00607944 -0.0193872 0.0919735 -0.00608587 0.0166226 0.00472437 -0.00608587 0.00852722 -0.0166297 -0.00607944 0.0166226 -0.0166297 0.0855696 
0.0109964 -0.0193729 0.00473396 -0.0060886 -0.0193729 0.0919225 -0.00609215 0.0166128 0.00473396 -0.00609215 0.00851662 -0.016585 -0.0060886 0.0166128 -0.016585 0.0854762 
0.0109865 -0.0193674 0.00475228 -0.00611917 -0.0193674 0.0919621 -0.00611986 0.0166806 0.00475228 -0.00611986 0.00853636 -0.0165969 -0.00611917 0.0166806 -0.0165969 0.085531 
0.010994 -0.0193468 0.00475261 -0.00612788 -0.0193468 0.0918687 -0.00612475 0.0167007 0.00475261 -0.00612475 0.00852504 -0.0165657 -0.00612788 0.0167007 -0.0165657 0.085374 
0.0110601 -0.0194093 0.00476251 -0.00613315 -0.0194093 0.0920382 -0.00613062 0.0167213 0.00476251 -0.00613062 0.00852442 -0.0165571 -0.00613315 0.0167213 -0.0165571 0.0853515 
0.0110812 -0.0194565 0.00476604 -0.00614225 -0.0194565 0.0921353 -0.0061448 0.0167512 0.00476604 -0.0061448 0.00852973 -0.0165863 -0.00614225 0.0167512 -0.0165863 0.0854145 
0.0111102 -0.0194895 0.00472797 -0.00613779 -0.0194895 0.0922307 -0.00614505 0.0167504 0.00472797 -0.00614505 0.00851075 -0.0165969 -0.00613779 0.0167504 -0.0165969 0.0854575 
0.0111509 -0.0195201 0.00469674 -0.00609407 -0.0195201 0.0923231 -0.00610167 0.0166841 0.00469674 -0.00610167 0.00848896 -0.0165958 -0.00609407 0.0166841 -0.0165958 0.0855114 
0.0111592 -0.0195682 0.00467842 -0.00604728 -0.0195682 0.092431 -0.00605809 0.0165705 0.00467842 -0.00605809 0.00848126 -0.016575 -0.00604728 0.0165705 -0.016575 0.0855038 
0.0111763 -0.0195759 0.00463624 -0.00602073 -0.0195759 0.0924731 -0.00602901 0.0164715 0.00463624 -0.00602901 0.00845297 -0.0165597 -0.00602073 0.0164715 -0.0165597 0.0854507 
0.0112577 -0.0196433 0.00457342 -0.00596568 -0.0196433 0.0926706 -0.00597218 0.0163405 0.00457342 -0.00597218 0.00839711 -0.016512 -0.00596568 0.0163405 -0.016512 0.0853743 
0.0113648 -0.0197264 0.00451092 -0.00588547 -0.0197264 0.0928584 -0.00589497 0.0161612 0.00451092 -0.00589497 0.00832913 -0.0164548 -0.00588547 0.0161612 -0.0164548 0.0852596 
0.0113597 -0.0198253 0.00446555 -0.00579652 -0.0198253 0.0930113 -0.00581645 0.0159465 0.00446555 -0.00581645 0.00832633 -0.0163682 -0.00579652 0.0159465 -0.0163682 0.0850293 
0.0113297 -0.019827 0.00444507 -0.00574891 -0.019827 0.0931284 -0.00576631 0.0157926 0.00444507 -0.00576631 0.00835789 -0.0163957 -0.00574891 0.0157926 -0.0163957 0.0850388 
0.0113752 -0.0198313 0.00440916 -0.00572182 -0.0198313 0.0932379 -0.0057242 0.0156662 0.00440916 -0.0057242 0.00834155 -0.0164247 -0.00572182 0.0156662 -0.0164247 0.0851247 
0.0114022 -0.0198824 0.00441735 -0.00567273 -0.0198824 0.0933339 -0.00567053 0.0155283 0.00441735 -0.00567053 0.00833182 -0.0164029 -0.00567273 0.0155283 -0.0164029 0.0851187 
0.0113613 -0.0198835 0.00446031 -0.00567855 -0.0198835 0.093316 -0.00567647 0.0154777 0.00446031 -0.00567647 0.00837589 -0.0163973 -0.00567855 0.0154777 -0.0163973 0.0850845 
0.011289 -0.0197848 0.00455138 -0.00574517 -0.0197848 0.0930753 -0.00573755 0.0155849 0.00455138 -0.00573755 0.00844806 -0.0164768 -0.00574517 0.0155849 -0.0164768 0.0852037 
0.0112567 -0.0197347 0.00465846 -0.00587138 -0.0197347 0.0929904 -0.00585851 0.0158462 0.00465846 -0.00585851 0.00851673 -0.01659 -0.00587138 0.0158462 -0.01659 0.0855343 
0.0112609 -0.019733 0.00468412 -0.00597994 -0.019733 0.0929456 -0.00596848 0.0160976 0.00468412 -0.00596848 0.00854953 -0.0166067 -0.00597994 0.0160976 -0.0166067 0.0855588 
0.0112789 -0.0197548 0.00467176 -0.00602225 -0.0197548 0.0930224 -0.00601385 0.016287 0.00467176 -0.00601385 0.00857979 -0.0166776 -0.00602225 0.016287 -0.0166776 0.0857423 
0.0113182 -0.0197791 0.00463921 -0.00599839 -0.0197791 0.0931053 -0.00599044 0.0163041 0.00463921 -0.00599044 0.00858122 -0.0167333 -0.00599839 0.0163041 -0.0167333 0.0859314 
0.0113133 -0.0197658 0.00463669 -0.00596057 -0.0197658 0.0930479 -0.00595764 0.0162529 0.00463669 -0.00595764 0.00855958 -0.0167917 -0.00596057 0.0162529 -0.0167917 0.086164 
0.0113788 -0.0198134 0.00459501 -0.00593834 -0.0198134 0.0931737 -0.00593959 0.0161621 0.00459501 -0.00593959 0.00850115 -0.0167334 -0.00593834 0.0161621 -0.0167334 0.0861348 
0.011403 -0.0198345 0.0045424 -0.00588437 -0.0198345 0.0931283 -0.00589376 0.0160594 0.0045424 -0.00589376 0.00844562 -0.0166505 -0.00588437 0.0160594 -0.0166505 0.0859039 
0.0114334 -0.0199007 0.00451668 -0.00583056 -0.0199007 0.0933225 -0.00584488 0.0159508 0.00451668 -0.00584488 0.00842187 -0.0166056 -0.00583056 0.0159508 -0.0166056 0.0858247 
0.0113935 -0.0199318 0.00454511 -0.00578468 -0.0199318 0.0934021 -0.00579912 0.0158162 0.00454511 -0.00579912 0.00844683 -0.0165438 -0.00578468 0.0158162 -0.0165438 0.0856169 
0.0113738 -0.0199028 0.00457204 -0.0058257 -0.0199028 0.0934304 -0.00582981 0.0158192 0.00457204 -0.00582981 0.00849148 -0.0165763 -0.0058257 0.0158192 -0.0165763 0.0856083 
0.0114295 -0.019892 0.00455822 -0.00586906 -0.019892 0.0934486 -0.00586144 0.0159009 0.00455822 -0.00586144 0.00849572 -0.0166442 -0.00586906 0.0159009 -0.0166442 0.0857698 
0.0114484 -0.0199121 0.00457223 -0.00584811 -0.0199121 0.0933811 -0.00584403 0.0159056 0.00457223 -0.00584403 0.00848893 -0.0166556 -0.00584811 0.0159056 -0.0166556 0.0858178 
0.0114051 -0.0199504 0.00463465 -0.00585536 -0.0199504 0.0934464 -0.00586131 0.0159082 0.00463465 -0.00586131 0.00854234 -0.0166525 -0.00585536 0.0159082 -0.0166525 0.0858332 
0.0113748 -0.0199611 0.00469164 -0.00593239 -0.0199611 0.0936331 -0.00593677 0.01603 0.00469164 -0.00593677 0.00861539 -0.0167304 -0.00593239 0.01603 -0.0167304 0.0860329 
0.011332 -0.0199017 0.00474692 -0.00600638 -0.0199017 0.0935561 -0.00600045 0.0161964 0.00474692 -0.00600045 0.00868126 -0.0168246 -0.00600638 0.0161964 -0.0168246 0.0862531 
0.0112513 -0.0197946 0.00479536 -0.00607235 -0.0197946 0.0932265 -0.00605954 0.0163596 0.00479536 -0.00605954 0.0087183 -0.0169002 -0.00607235 0.0163596 -0.0169002 0.0864034 
0.0112541 -0.019761 0.00480128 -0.00613913 -0.019761 0.0931856 -0.0061232 0.0165245 0.00480128 -0.0061232 0.00873154 -0.0169558 -0.00613913 0.0165245 -0.0169558 0.0866265 
0.0113044 -0.0197263 0.00473813 -0.00615008 -0.0197263 0.0930583 -0.00613727 0.0166234 0.00473813 -0.00613727 0.00866121 -0.0169846 -0.00615008 0.0166234 -0.0169846 0.086757 
0.011336 -0.0197544 0.00470721 -0.00606654 -0.0197544 0.0929813 -0.00606395 0.0165328 0.00470721 -0.00606395 0.00860119 -0.0168928 -0.00606654 0.0165328 -0.0168928 0.0866151 
0.0114092 -0.0198092 0.00465379 -0.00602583 -0.0198092 0.0930965 -0.00603365 0.0164233 0.00465379 -0.00603365 0.00851081 -0.0168158 -0.00602583 0.0164233 -0.0168158 0.0864387 
0.011411 -0.0198535 0.00465524 -0.00597055 -0.0198535 0.0931543 -0.00599064 0.0163357 0.00465524 -0.00599064 0.00846499 -0.016724 -0.00597055 0.0163357 -0.016724 0.0862402 
0.0114218 -0.0198895 0.00467804 -0.00596797 -0.0198895 0.09329 -0.00599196 0.0162885 0.00467804 -0.00599196 0.00841427 -0.0166362 -0.00596797 0.0162885 -0.0166362 0.0859901 
0.0114126 -0.0199111 0.00469527 -0.00599085 -0.0199111 0.0933417 -0.0060142 0.0163052 0.00469527 -0.0060142 0.00838712 -0.0165241 -0.00599085 0.0163052 -0.0165241 0.0856188 
0.0113985 -0.0199521 0.00472249 -0.00602356 -0.0199521 0.0935322 -0.00604126 0.0163749 0.00472249 -0.00604126 0.00842739 -0.0164791 -0.00602356 0.0163749 -0.0164791 0.0854292 
0.0112997 -0.0198935 0.0047995 -0.00606201 -0.0198935 0.0934241 -0.00606762 0.0164593 0.0047995 -0.00606762 0.00851966 -0.0165207 -0.00606201 0.0164593 -0.0165207 0.0853691 
0.0112179 -0.0198287 0.00489436 -0.00616659 -0.0198287 0.0934009 -0.00615548 0.0166407 0.00489436 -0.00615548 0.00866546 -0.0166532 -0.00616659 0.0166407 -0.0166532 0.0856588 
0.0111164 -0.0196669 0.00496142 -0.00628575 -0.0196669 0.0929917 -0.00625721 0.0168959 0.00496142 -0.00625721 0.00878261 -0.0168357 -0.00628575 0.0168959 -0.0168357 0.0860186 
0.0110654 -0.0195516 0.00498499 -0.00637445 -0.0195516 0.0926716 -0.00634036 0.017141 0.00498499 -0.00634036 0.00882972 -0.017004 -0.00637445 0.017141 -0.017004 0.0864906 
0.0110901 -0.0195212 0.00491116 -0.00639182 -0.0195212 0.0925487 -0.00636175 0.0172452 0.00491116 -0.00636175 0.00880987 -0.0170547 -0.00639182 0.0172452 -0.0170547 0.0867579 
0.0111668 -0.0195823 0.00483247 -0.00628893 -0.0195823 0.0926507 -0.00626801 0.0171073 0.00483247 -0.00626801 0.00877544 -0.0170208 -0.00628893 0.0171073 -0.0170208 0.086793 
0.0112007 -0.0196103 0.00480472 -0.00619363 -0.0196103 0.0926847 -0.00618204 0.0169061 0.00480472 -0.00618204 0.0087368 -0.0170384 -0.00619363 0.0169061 -0.0170384 0.0869002 
0.0112304 -0.019683 0.00477124 -0.006136 -0.019683 0.0928457 -0.00613477 0.0167087 0.00477124 -0.00613477 0.00872571 -0.0169654 -0.006136 0.0167087 -0.0169654 0.086798 
0.0112837 -0.0196905 0.00473672 -0.00609851 -0.0196905 0.0928777 -0.00610168 0.0165943 0.00473672 -0.00610168 0.00866496 -0.0169585 -0.00609851 0.0165943 -0.0169585 0.0867272 
0.0113484 -0.0197741 0.00470389 -0.00605284 -0.0197741 0.0930407 -0.0060629 0.0164826 0.00470389 -0.0060629 0.00862084 -0.0168819 -0.00605284 0.0164826 -0.0168819 0.0865995 
0.011365 -0.019831 0.00467068 -0.00600459 -0.019831 0.0931405 -0.0060215 0.0163675 0.00467068 -0.0060215 0.00858201 -0.0168135 -0.00600459 0.0163675 -0.0168135 0.0863756 
0.0114153 -0.0198706 0.00462898 -0.00596401 -0.0198706 0.0932737 -0.00598114 0.0162569 0.00462898 -0.00598114 0.00853486 -0.0167626 -0.00596401 0.0162569 -0.0167626 0.0862104 
0.0114111 -0.0199118 0.00462217 -0.00592245 -0.0199118 0.0933715 -0.00593993 0.0161635 0.00462217 -0.00593993 0.00852097 -0.0167305 -0.00592245 0.0161635 -0.0167305 0.0861385 
0.0113839 -0.0198788 0.0046493 -0.00593175 -0.0198788 0.0933513 -0.00594412 0.0161571 0.0046493 -0.00594412 0.00850716 -0.016747 -0.00593175 0.0161571 -0.016747 0.0862002 
0.0113623 -0.0198607 0.00464727 -0.00595869 -0.0198607 0.0933035 -0.00596712 0.0161865 0.00464727 -0.00596712 0.00849875 -0.0166901 -0.00595869 0.0161865 -0.0166901 0.0860775 
0.0113752 -0.0198274 0.00462677 -0.00596187 -0.0198274 0.0932014 -0.00596588 0.0162112 0.00462677 -0.00596588 0.00846408 -0.016649 -0.00596187 0.0162112 -0.016649 0.0858969 
0.0113123 -0.0198536 0.00468808 -0.00595001 -0.0198536 0.093251 -0.00595339 0.0162189 0.00468808 -0.00595339 0.00852607 -0.0166284 -0.00595001 0.0162189 -0.0166284 0.0858621 
0.0112727 -0.0197787 0.00471593 -0.00600959 -0.0197787 0.0931178 -0.00600673 0.0162767 0.00471593 -0.00600673 0.00856084 -0.0166557 -0.00600959 0.0162767 -0.0166557 0.0857789 
0.0112929 -0.0197555 0.004746 -0.00606219 -0.0197555 0.0930921 -0.00605147 0.0164087 0.004746 -0.00605147 0.00857367 -0.0167255 -0.00606219 0.0164087 -0.0167255 0.0859538 
0.0113156 -0.0198065 0.0047412 -0.00608132 -0.0198065 0.0931798 -0.00607467 0.0164687 0.0047412 -0.00607467 0.0085945 -0.016715 -0.00608132 0.0164687 -0.016715 0.0859646 
0.0112961 -0.0198487 0.00476137 -0.00607076 -0.0198487 0.0933203 -0.00606775 0.0164738 0.00476137 -0.00606775 0.0086668 -0.0167498 -0.00607076 0.0164738 -0.0167498 0.086034 
0.0112747 -0.0197685 0.00477625 -0.00609384 -0.0197685 0.0931474 -0.00608498 0.016501 0.00477625 -0.00608498 0.00868246 -0.0168638 -0.00609384 0.016501 -0.0168638 0.0862352 
0.0113254 -0.0197838 0.0047514 -0.00611712 -0.0197838 0.0931978 -0.00610822 0.016552 0.0047514 -0.00610822 0.00865776 -0.0169166 -0.00611712 0.016552 -0.0169166 0.0865171 
0.0113314 -0.0198584 0.0047534 -0.00607207 -0.0198584 0.093343 -0.00607111 0.016493 0.0047534 -0.00607111 0.00867025 -0.0168676 -0.00607207 0.016493 -0.0168676 0.0865067 
0.0113728 -0.0198522 0.00470319 -0.00606448 -0.0198522 0.0933612 -0.00606439 0.0164357 0.00470319 -0.00606439 0.00863881 -0.0168696 -0.00606448 0.0164357 -0.0168696 0.0864428 
0.0113863 -0.0199169 0.00467956 -0.00600354 -0.0199169 0.0934901 -0.00600514 0.0163276 0.00467956 -0.00600514 0.00866106 -0.0168437 -0.00600354 0.0163276 -0.0168437 0.086416 
0.0114104 -0.019908 0.00463844 -0.00596624 -0.019908 0.0934739 -0.0059667 0.0162071 0.00463844 -0.0059667 0.00865743 -0.016872 -0.00596624 0.0162071 -0.016872 0.0864131 
0.0113968 -0.0199316 0.0046728 -0.00592442 -0.0199316 0.0935169 -0.00592278 0.0161062 0.0046728 -0.00592278 0.0086975 -0.0169092 -0.00592442 0.0161062 -0.0169092 0.0865587 
0.0113827 -0.0199227 0.00470378 -0.00596285 -0.0199227 0.0935411 -0.00596018 0.0161145 0.00470378 -0.00596018 0.00873053 -0.016968 -0.00596285 0.0161145 -0.016968 0.0867347 
0.0112848 -0.0198557 0.00474973 -0.00600709 -0.0198557 0.0933478 -0.00600439 0.016217 0.00474973 -0.00600439 0.00877802 -0.0170201 -0.00600709 0.016217 -0.0170201 0.0868702 
0.0111974 -0.019722 0.00480297 -0.0060699 -0.019722 0.0930319 -0.00606118 0.016359 0.00480297 -0.00606118 0.00879738 -0.0170723 -0.0060699 0.016359 -0.0170723 0.086982 
0.0112199 -0.0196705 0.004816 -0.00614782 -0.0196705 0.0929415 -0.00613316 0.0165407 0.004816 -0.00613316 0.00877677 -0.0170945 -0.00614782 0.0165407 -0.0170945 0.0871307 
0.0112453 -0.019644 0.00477192 -0.00616226 -0.019644 0.0927454 -0.00615373 0.0166511 0.00477192 -0.00615373 0.00870365 -0.0170423 -0.00616226 0.0166511 -0.0170423 0.0870121 
0.0112364 -0.019686 0.00475171 -0.00611259 -0.019686 0.0927815 -0.00611586 0.016632 0.00475171 -0.00611586 0.00867224 -0.016955 -0.00611259 0.016632 -0.016955 0.0868338 
0.0112473 -0.0197053 0.00473741 -0.00607888 -0.0197053 0.0928833 -0.00608606 0.0165483 0.00473741 -0.00608606 0.00866832 -0.0168875 -0.00607888 0.0165483 -0.0168875 0.0866215 
0.0112426 -0.019728 0.00476004 -0.00605592 -0.019728 0.0929526 -0.00605982 0.0164677 0.00476004 -0.00605982 0.0087039 -0.0168587 -0.00605592 0.0164677 -0.0168587 0.0864559 
0.0112671 -0.0196823 0.00475417 -0.0060902 -0.0196823 0.0928406 -0.00608942 0.016497 0.00475417 -0.00608942 0.00867842 -0.0169237 -0.0060902 0.016497 -0.0169237 0.0865066 
0.0112577 -0.0197454 0.00476676 -0.00608813 -0.0197454 0.0929688 -0.00609196 0.0165268 0.00476676 -0.00609196 0.0086769 -0.0169144 -0.00608813 0.0165268 -0.0169144 0.086603 
0.0112033 -0.0197244 0.00480181 -0.0060941 -0.0197244 0.0929577 -0.00610014 0.0165313 0.00480181 -0.00610014 0.00870114 -0.0168904 -0.0060941 0.0165313 -0.0168904 0.0865278 
0.0111609 -0.0196635 0.0048664 -0.00614861 -0.0196635 0.092885 -0.00614775 0.0166231 0.0048664 -0.00614775 0.00873999 -0.016926 -0.00614861 0.0166231 -0.016926 0.0865848 
0.0110859 -0.0195636 0.00491367 -0.00623744 -0.0195636 0.0926031 -0.006231 0.0168172 0.00491367 -0.006231 0.00877944 -0.0169784 -0.00623744 0.0168172 -0.0169784 0.086676 
0.0110391 -0.019487 0.00495648 -0.00631004 -0.019487 0.0924141 -0.00630008 0.0170274 0.00495648 -0.00630008 0.00879798 -0.0170288 -0.00631004 0.0170274 -0.0170288 0.0868207 
0.0110013 -0.0194127 0.00495784 -0.00635475 -0.0194127 0.0921556 -0.00634522 0.0171694 0.00495784 -0.00634522 0.00877938 -0.0170107 -0.00635475 0.0171694 -0.0170107 0.0867495 
0.0109821 -0.0193868 0.00499702 -0.00636673 -0.0193868 0.0920658 -0.00635896 0.0172582 0.00499702 -0.00635896 0.00879406 -0.0169885 -0.00636673 0.0172582 -0.0169885 0.0867101 
0.0109851 -0.0193851 0.00501918 -0.00640472 -0.0193851 0.09205 -0.0064004 0.0173336 0.00501918 -0.0064004 0.00880064 -0.0169747 -0.00640472 0.0173336 -0.0169747 0.0866187 
0.0110422 -0.0194283 0.00501744 -0.00643832 -0.0194283 0.0922069 -0.00643696 0.0174312 0.00501744 -0.00643696 0.00879046 -0.0169938 -0.00643832 0.0174312 -0.0169938 0.0866763 
0.011078 -0.0194827 0.00499136 -0.00641993 -0.0194827 0.0922968 -0.00642511 0.0174307 0.00499136 -0.00642511 0.00877846 -0.0169635 -0.00641993 0.0174307 -0.0169635 0.0865845 
0.0110451 -0.019497 0.00501724 -0.00639525 -0.019497 0.0923334 -0.00640381 0.0174025 0.00501724 -0.00640381 0.0088009 -0.0169844 -0.00639525 0.0174025 -0.0169844 0.0866254 
0.011007 -0.0194914 0.00503961 -0.00642648 -0.0194914 0.0924193 -0.00643192 0.0174254 0.00503961 -0.00643192 0.00884931 -0.0170235 -0.00642648 0.0174254 -0.0170235 0.0867605 
0.0109771 -0.0194593 0.00503398 -0.00644345 -0.0194593 0.0923804 -0.00643907 0.0174378 0.00503398 -0.00643907 0.00889488 -0.0170429 -0.00644345 0.0174378 -0.0170429 0.0867638 
0.0109422 -0.0193793 0.00504303 -0.00644492 -0.0193793 0.0921598 -0.00643193 0.0174513 0.00504303 -0.00643193 0.00891571 -0.0171187 -0.00644492 0.0174513 -0.0171187 0.0868893 
0.0109343 -0.0193498 0.00507243 -0.00645912 -0.0193498 0.0920621 -0.00644371 0.0174736 0.00507243 -0.00644371 0.00893693 -0.0171644 -0.00645912 0.0174736 -0.0171644 0.0870742 
0.0109243 -0.0193575 0.00512191 -0.00649067 -0.0193575 0.0920758 -0.00647849 0.0175297 0.00512191 -0.00647849 0.00898093 -0.0171887 -0.00649067 0.0175297 -0.0171887 0.0871917 
0.0108197 -0.0193088 0.00518653 -0.00654989 -0.0193088 0.0919314 -0.00654352 0.0176576 0.00518653 -0.00654352 0.00909909 -0.0172415 -0.00654989 0.0176576 -0.0172415 0.0872814 
0.0107979 -0.019192 0.00520378 -0.00664503 -0.019192 0.0917441 -0.00663332 0.0178813 0.00520378 -0.00663332 0.00914359 -0.0174178 -0.00664503 0.0178813 -0.0174178 0.0876724 
0.010796 -0.0191727 0.00518007 -0.00664882 -0.0191727 0.0915935 -0.0066372 0.0179562 0.00518007 -0.0066372 0.00913544 -0.0174402 -0.00664882 0.0179562 -0.0174402 0.0878026 
0.010791 -0.0191904 0.00518214 -0.006621 -0.0191904 0.0916359 -0.00661462 0.0179363 0.00518214 -0.00661462 0.00914402 -0.0174512 -0.006621 0.0179363 -0.0174512 0.0879133 
0.0107724 -0.0191866 0.00521549 -0.00661266 -0.0191866 0.0916555 -0.00660663 0.0178926 0.00521549 -0.00660663 0.00915697 -0.0174538 -0.00661266 0.0178926 -0.0174538 0.0879415 
0.0108122 -0.0191871 0.00519925 -0.00664614 -0.0191871 0.0916835 -0.00664128 0.0179144 0.00519925 -0.00664128 0.00913461 -0.0174524 -0.00664614 0.0179144 -0.0174524 0.0879246 
0.0108524 -0.0192156 0.00517081 -0.00662596 -0.0192156 0.091687 -0.00662508 0.0179102 0.00517081 -0.00662508 0.00910912 -0.0174189 -0.00662596 0.0179102 -0.0174189 0.0878332 
0.010946 -0.0192429 0.00514522 -0.00660785 -0.0192429 0.0917544 -0.00661187 0.0179059 0.00514522 -0.00661187 0.00901385 -0.0174419 -0.00660785 0.0179059 -0.0174419 0.0879318 
0.0110328 -0.0193485 0.00511212 -0.00655652 -0.0193485 0.0918965 -0.00657423 0.0178128 0.00511212 -0.00657423 0.00888358 -0.0172989 -0.00655652 0.0178128 -0.0172989 0.087681 
0.0111218 -0.0194859 0.00509568 -0.00652437 -0.0194859 0.0922731 -0.00655545 0.0177505 0.00509568 -0.00655545 0.0087703 -0.0171508 -0.00652437 0.0177505 -0.0171508 0.0873941 
0.0111438 -0.0195955 0.00507742 -0.00648381 -0.0195955 0.0925349 -0.00652081 0.0176443 0.00507742 -0.00652081 0.00873604 -0.0169409 -0.00648381 0.0176443 -0.0169409 0.0867891 
0.0111247 -0.0196551 0.00511457 -0.00647472 -0.0196551 0.092801 -0.00650467 0.0175976 0.00511457 -0.00650467 0.00881804 -0.0168951 -0.00647472 0.0175976 -0.0168951 0.0864922 
0.0110806 -0.0196471 0.00516387 -0.00653156 -0.0196471 0.0929331 -0.00654354 0.0176634 0.00516387 -0.00654354 0.00892613 -0.0170245 -0.00653156 0.0176634 -0.0170245 0.0866672 
0.0110679 -0.0195913 0.00515527 -0.00659089 -0.0195913 0.0928751 -0.00658675 0.0177679 0.00515527 -0.00658675 0.00898582 -0.0171733 -0.00659089 0.0177679 -0.0171733 0.0870138 
0.0110896 -0.0195673 0.00511997 -0.00657723 -0.0195673 0.0927843 -0.00656391 0.0177751 0.00511997 -0.00656391 0.00899689 -0.0172603 -0.00657723 0.0177751 -0.0172603 0.0873064 
0.0111045 -0.0195919 0.00509268 -0.00651906 -0.0195919 0.0927745 -0.00650762 0.0176564 0.00509268 -0.00650762 0.00903309 -0.0172767 -0.00651906 0.0176564 -0.0172767 0.0874266 
