0.00876568 0 0.00402071 0 0 0.0100036 0 0 0.00402071 0 0.00745046 0 0 0 0 0.0100036 
0.0122762 -0.0152392 0.00566327 -0.00693603 -0.0152392 0.0383868 -0.00693603 0.0132987 0.00566327 -0.00693603 0.0105339 -0.0131136 -0.00693603 0.0132987 -0.0131136 0.0343115 
0.0122391 -0.0227275 0.0050541 -0.00812242 -0.0227275 0.081872 -0.00812242 0.025654 0.0050541 -0.00812242 0.0106016 -0.0203834 -0.00812242 0.025654 -0.0203834 0.0745266 
0.0115446 -0.0218133 0.00445834 -0.00589884 -0.0218133 0.0956808 -0.00590436 0.0203254 0.00445834 -0.00590436 0.00997868 -0.0200025 -0.00589884 0.0203254 -0.0200025 0.0900362 
0.0114711 -0.0207079 0.00456488 -0.00531177 -0.0207079 0.0964629 -0.00531794 0.0159896 0.00456488 -0.00531794 0.00991994 -0.0189284 -0.00531177 0.0159896 -0.0189284 0.0917999 
0.0116835 -0.0204892 0.00475471 -0.00558398 -0.0204892 0.0959335 -0.00557816 0.0150697 0.00475471 -0.00557816 0.00996932 -0.0186861 -0.00558398 0.0150697 -0.0186861 0.0914166 
0.0118468 -0.0206836 0.00484889 -0.00587991 -0.0206836 0.0961521 -0.00587065 0.0154127 0.00484889 -0.00587065 0.0100353 -0.0187028 -0.00587991 0.0154127 -0.0187028 0.0913955 
0.0119746 -0.0208955 0.00489907 -0.00602229 -0.0208955 0.096813 -0.00602083 0.0158329 0.00489907 -0.00602083 0.0099974 -0.0187984 -0.00602229 0.0158329 -0.0187984 0.0917529 
0.0119498 -0.0209489 0.00491899 -0.00605034 -0.0209489 0.0969213 -0.00605848 0.0159847 0.00491899 -0.00605848 0.00993359 -0.0186677 -0.00605034 0.0159847 -0.0186677 0.0914737 
0.0119302 -0.02091 0.00495221 -0.00608885 -0.02091 0.0968772 -0.00609921 0.0161088 0.00495221 -0.00609921 0.00984281 -0.018571 -0.00608885 0.0161088 -0.018571 0.0911614 
0.0119172 -0.0209509 0.00497811 -0.00614178 -0.0209509 0.0970793 -0.00615249 0.0162482 0.00497811 -0.00615249 0.00988988 -0.0185082 -0.00614178 0.0162482 -0.0185082 0.0911026 
0.0118468 -0.0208958 0.0050101 -0.00617123 -0.0208958 0.0969639 -0.00617863 0.0163556 0.0050101 -0.00617863 0.00991707 -0.0185179 -0.00617123 0.0163556 -0.0185179 0.0909711 
0.0116907 -0.0207784 0.00504465 -0.00620006 -0.0207784 0.0966241 -0.0061997 0.0164169 0.00504465 -0.0061997 0.0100058 -0.0185216 -0.00620006 0.0164169 -0.0185216 0.0908428 
0.0116281 -0.0206329 0.00504095 -0.00623838 -0.0206329 0.0963444 -0.00622874 0.0164714 0.00504095 -0.00622874 0.0101081 -0.0186525 -0.00623838 0.0164714 -0.0186525 0.0910704 
0.0117311 -0.0206174 0.00503701 -0.00625828 -0.0206174 0.0963845 -0.00624519 0.016553 0.00503701 -0.00624519 0.0100823 -0.018834 -0.00625828 0.016553 -0.018834 0.091649 
0.0117722 -0.0207015 0.00503324 -0.00622788 -0.0207015 0.0964304 -0.00622552 0.0165148 0.00503324 -0.00622552 0.010033 -0.0187719 -0.00622788 0.0165148 -0.0187719 0.0916849 
0.0117309 -0.0207145 0.00502715 -0.00619467 -0.0207145 0.096366 -0.00620255 0.0164184 0.00502715 -0.00620255 0.0100101 -0.0186616 -0.00619467 0.0164184 -0.0186616 0.0913333 
0.0117954 -0.0207534 0.00502455 -0.00621595 -0.0207534 0.0966618 -0.00622247 0.016441 0.00502455 -0.00622247 0.010013 -0.0187063 -0.00621595 0.016441 -0.0187063 0.0914957 
0.0117948 -0.0207542 0.00502688 -0.00619998 -0.0207542 0.0965609 -0.00620469 0.0164197 0.00502688 -0.00620469 0.0099531 -0.0186521 -0.00619998 0.0164197 -0.0186521 0.0913059 
0.011782 -0.0207717 0.00506113 -0.00621871 -0.0207717 0.0966105 -0.00622605 0.0164607 0.00506113 -0.00622605 0.00990413 -0.0185943 -0.00621871 0.0164607 -0.0185943 0.0911906 
0.0116664 -0.0207401 0.00510418 -0.00625486 -0.0207401 0.0965283 -0.00626335 0.0165297 0.00510418 -0.00626335 0.00994855 -0.0185107 -0.00625486 0.0165297 -0.0185107 0.0909469 
0.0115953 -0.0206637 0.00514498 -0.00632857 -0.0206637 0.0965479 -0.00633226 0.0166946 0.00514498 -0.00633226 0.0100414 -0.0185985 -0.00632857 0.0166946 -0.0185985 0.091128 
0.0115301 -0.0205217 0.00517196 -0.00637272 -0.0205217 0.0961676 -0.00636788 0.016821 0.00517196 -0.00636788 0.0100354 -0.0186585 -0.00637272 0.016821 -0.0186585 0.091166 
0.0115424 -0.0204676 0.00516486 -0.00640657 -0.0204676 0.095997 -0.00639768 0.0169052 0.00516486 -0.00639768 0.0100426 -0.0186779 -0.00640657 0.0169052 -0.0186779 0.0912879 
0.0115579 -0.020475 0.00513459 -0.00639498 -0.020475 0.0959332 -0.00638878 0.0169222 0.00513459 -0.00638878 0.0100781 -0.0186815 -0.00639498 0.0169222 -0.0186815 0.0913121 
0.0115948 -0.0204667 0.00505191 -0.00633398 -0.0204667 0.0958053 -0.00632614 0.0167914 0.00505191 -0.00632614 0.0101409 -0.0187025 -0.00633398 0.0167914 -0.0187025 0.0912561 
0.0117211 -0.0205858 0.00500846 -0.00625737 -0.0205858 0.0961658 -0.00624789 0.0166429 0.00500846 -0.00624789 0.0101525 -0.0188631 -0.00625737 0.0166429 -0.0188631 0.0917268 
0.0116474 -0.0206537 0.00503105 -0.00617954 -0.0206537 0.0961949 -0.00617399 0.0164352 0.00503105 -0.00617399 0.01014 -0.0188273 -0.00617954 0.0164352 -0.0188273 0.0916819 
0.0115353 -0.0206344 0.00507428 -0.00621373 -0.0206344 0.0963629 -0.0062118 0.0164102 0.00507428 -0.0062118 0.0102513 -0.0188597 -0.00621373 0.0164102 -0.0188597 0.0918565 
0.0114714 -0.0204852 0.00509133 -0.0062692 -0.0204852 0.0961354 -0.00626035 0.016502 0.00509133 -0.00626035 0.0103156 -0.0189697 -0.0062692 0.016502 -0.0189697 0.0920491 
0.011447 -0.0204097 0.0050945 -0.0062925 -0.0204097 0.0959158 -0.00628187 0.0165844 0.0050945 -0.00628187 0.0103549 -0.0190507 -0.0062925 0.0165844 -0.0190507 0.0922808 
0.0114148 -0.0203344 0.00507928 -0.00628325 -0.0203344 0.0955773 -0.00627294 0.0165865 0.00507928 -0.00627294 0.0103556 -0.0190523 -0.00628325 0.0165865 -0.0190523 0.092224 
0.0114877 -0.0203216 0.00508465 -0.00628219 -0.0203216 0.0955102 -0.0062734 0.0166054 0.00508465 -0.0062734 0.0102435 -0.0190778 -0.00628219 0.0166054 -0.0190778 0.0923073 
0.0114931 -0.0204237 0.00510206 -0.0062829 -0.0204237 0.0956973 -0.00628257 0.0166105 0.00510206 -0.00628257 0.0102292 -0.0189663 -0.0062829 0.0166105 -0.0189663 0.0922285 
0.0114608 -0.0204323 0.00509446 -0.00629633 -0.0204323 0.0957996 -0.00629906 0.0166268 0.00509446 -0.00629906 0.0103011 -0.0189364 -0.00629633 0.0166268 -0.0189364 0.0921026 
0.0113977 -0.0203565 0.00505803 -0.00627207 -0.0203565 0.0955842 -0.0062718 0.0165776 0.00505803 -0.0062718 0.0103972 -0.0189837 -0.00627207 0.0165776 -0.0189837 0.0920114 
0.0113557 -0.0203534 0.00504129 -0.00625391 -0.0203534 0.0957022 -0.00624741 0.0165495 0.00504129 -0.00624741 0.0105674 -0.0191729 -0.00625391 0.0165495 -0.0191729 0.0925047 
0.0114452 -0.0202967 0.00498004 -0.00620677 -0.0202967 0.0956158 -0.00619239 0.0164121 0.00498004 -0.00619239 0.0105991 -0.0193723 -0.00620677 0.0164121 -0.0193723 0.0929873 
0.0115105 -0.0203496 0.00493357 -0.00611532 -0.0203496 0.0954978 -0.00610541 0.0162053 0.00493357 -0.00610541 0.0105327 -0.0193772 -0.00611532 0.0162053 -0.0193772 0.0930566 
0.0115472 -0.0204524 0.00493079 -0.00606383 -0.0204524 0.0957059 -0.00606101 0.016052 0.00493079 -0.00606101 0.0104841 -0.0193243 -0.00606383 0.016052 -0.0193243 0.0930426 
0.0115651 -0.0205595 0.00494682 -0.0060695 -0.0205595 0.0961447 -0.00607124 0.0160172 0.00494682 -0.00607124 0.0105236 -0.0193248 -0.0060695 0.0160172 -0.0193248 0.0932053 
0.011636 -0.0205098 0.00492967 -0.00606837 -0.0205098 0.0960293 -0.00607003 0.0159889 0.00492967 -0.00607003 0.0104128 -0.0193034 -0.00606837 0.0159889 -0.0193034 0.0930303 
0.0116289 -0.020636 0.00495691 -0.00607245 -0.020636 0.0962969 -0.00608132 0.0160315 0.00495691 -0.00608132 0.0104245 -0.0192144 -0.00607245 0.0160315 -0.0192144 0.0929808 
0.0115919 -0.0205903 0.00496474 -0.00608387 -0.0205903 0.0962217 -0.0060971 0.0160457 0.00496474 -0.0060971 0.0104108 -0.0191682 -0.00608387 0.0160457 -0.0191682 0.0927044 
0.0115457 -0.0205595 0.00497238 -0.00610004 -0.0205595 0.0961521 -0.00611198 0.0160866 0.00497238 -0.00611198 0.0104386 -0.0191558 -0.00610004 0.0160866 -0.0191558 0.0926037 
0.0115124 -0.0205437 0.00498084 -0.0061251 -0.0205437 0.0962165 -0.00613326 0.0161534 0.00498084 -0.00613326 0.0105167 -0.019216 -0.0061251 0.0161534 -0.019216 0.0927588 
0.0114594 -0.0204797 0.00500426 -0.00613868 -0.0204797 0.0960782 -0.00614117 0.0162048 0.00500426 -0.00614117 0.0105349 -0.0192817 -0.00613868 0.0162048 -0.0192817 0.0928617 
0.0113641 -0.0203782 0.00502821 -0.00614889 -0.0203782 0.0957386 -0.00614731 0.0162064 0.00502821 -0.00614731 0.0105248 -0.0192692 -0.00614889 0.0162064 -0.0192692 0.0927668 
0.0113762 -0.0202952 0.00500905 -0.00618376 -0.0202952 0.0955602 -0.00617694 0.0162557 0.00500905 -0.00617694 0.0105449 -0.0192845 -0.00618376 0.0162557 -0.0192845 0.0928259 
0.0113444 -0.0203159 0.00501084 -0.0061759 -0.0203159 0.0955473 -0.00617058 0.0162909 0.00501084 -0.00617058 0.010601 -0.0193172 -0.0061759 0.0162909 -0.0193172 0.0929327 
0.011332 -0.0202731 0.00499665 -0.00615939 -0.0202731 0.0954507 -0.00615777 0.0162511 0.00499665 -0.00615777 0.0106229 -0.0193655 -0.00615939 0.0162511 -0.0193655 0.0929924 
0.011376 -0.0202962 0.00496964 -0.00613563 -0.0202962 0.0955316 -0.00613995 0.0161929 0.00496964 -0.00613995 0.010655 -0.0194168 -0.00613563 0.0161929 -0.0194168 0.0931741 
0.0113696 -0.0203204 0.00497911 -0.0061038 -0.0203204 0.0955201 -0.00611324 0.0161402 0.00497911 -0.00611324 0.0106115 -0.0194055 -0.0061038 0.0161402 -0.0194055 0.0931059 
0.0113326 -0.0203361 0.00501242 -0.00612102 -0.0203361 0.095615 -0.00613269 0.0161475 0.00501242 -0.00613269 0.0105953 -0.0193679 -0.00612102 0.0161475 -0.0193679 0.093064 
0.0112073 -0.0203094 0.00501492 -0.00615979 -0.0203094 0.0956609 -0.00616659 0.0162021 0.00501492 -0.00616659 0.0107458 -0.019366 -0.00615979 0.0162021 -0.019366 0.0930846 
0.0110387 -0.0201353 0.00500687 -0.00616958 -0.0201353 0.0953292 -0.00616461 0.016245 0.00500687 -0.00616461 0.0109112 -0.0195123 -0.00616958 0.016245 -0.0195123 0.0932391 
0.0110314 -0.0199272 0.00500357 -0.00616926 -0.0199272 0.0948357 -0.00615192 0.0162538 0.00500357 -0.00615192 0.010917 -0.0197055 -0.00616926 0.0162538 -0.0197055 0.0936135 
0.0111183 -0.0199571 0.00498707 -0.0061666 -0.0199571 0.0947965 -0.00615041 0.0162473 0.00498707 -0.00615041 0.010915 -0.0197661 -0.0061666 0.0162473 -0.0197661 0.0940098 
0.0111689 -0.0200531 0.00497798 -0.00613849 -0.0200531 0.0949362 -0.00613372 0.0162122 0.00497798 -0.00613372 0.0109041 -0.0197445 -0.00613849 0.0162122 -0.0197445 0.0940606 
0.0112298 -0.0200906 0.00493617 -0.0061037 -0.0200906 0.0949842 -0.00610288 0.0161136 0.00493617 -0.00610288 0.0108859 -0.0197088 -0.0061037 0.0161136 -0.0197088 0.0939178 
0.0112909 -0.0202091 0.00491068 -0.00606603 -0.0202091 0.0953241 -0.00606559 0.0160304 0.00491068 -0.00606559 0.0109242 -0.0197431 -0.00606603 0.0160304 -0.0197431 0.0940712 
0.0112326 -0.0202227 0.00490457 -0.0060183 -0.0202227 0.0953033 -0.00601578 0.015905 0.00490457 -0.00601578 0.0109372 -0.0197367 -0.0060183 0.015905 -0.0197367 0.0939544 
0.0111371 -0.0201799 0.00492669 -0.00602357 -0.0201799 0.0952967 -0.00602021 0.0158759 0.00492669 -0.00602021 0.0109859 -0.0197757 -0.00602357 0.0158759 -0.0197757 0.0940522 
0.0111157 -0.020053 0.00496751 -0.00605418 -0.020053 0.0950399 -0.00604841 0.0159226 0.00496751 -0.00604841 0.0109077 -0.0198121 -0.00605418 0.0159226 -0.0198121 0.0941011 
0.0110153 -0.0200594 0.00503888 -0.00612734 -0.0200594 0.095058 -0.00612653 0.0160954 0.00503888 -0.00612653 0.0109119 -0.0197472 -0.00612734 0.0160954 -0.0197472 0.0941418 
0.0108932 -0.0199157 0.00509424 -0.00621141 -0.0199157 0.0947816 -0.00621499 0.0163045 0.00509424 -0.00621499 0.0109073 -0.0196979 -0.00621141 0.0163045 -0.0196979 0.0939432 
0.0108922 -0.0197713 0.00507954 -0.00626612 -0.0197713 0.0944419 -0.00626897 0.0164461 0.00507954 -0.00626897 0.0109251 -0.0197003 -0.00626612 0.0164461 -0.0197003 0.0938866 
0.0108892 -0.0197524 0.00503361 -0.00625067 -0.0197524 0.0942277 -0.00625371 0.0164846 0.00503361 -0.00625371 0.0109927 -0.0197043 -0.00625067 0.0164846 -0.0197043 0.0938258 
0.0109327 -0.0197833 0.00500375 -0.00620133 -0.0197833 0.0943017 -0.00620155 0.0164156 0.00500375 -0.00620155 0.011035 -0.0198102 -0.00620133 0.0164156 -0.0198102 0.0940385 
0.0108361 -0.0197986 0.00496808 -0.00614784 -0.0197986 0.0942371 -0.00614604 0.0162747 0.00496808 -0.00614604 0.011137 -0.0198271 -0.00614784 0.0162747 -0.0198271 0.0940408 
0.0108542 -0.019746 0.00495477 -0.00611456 -0.019746 0.0943111 -0.00610458 0.0161607 0.00495477 -0.00610458 0.0111876 -0.020009 -0.00611456 0.0161607 -0.020009 0.0944863 
0.0109118 -0.0197531 0.00495803 -0.00609366 -0.0197531 0.0942871 -0.0060844 0.0160825 0.00495803 -0.0060844 0.0111399 -0.0200611 -0.00609366 0.0160825 -0.0200611 0.0947346 
0.0108915 -0.0198319 0.00493254 -0.00608121 -0.0198319 0.0944379 -0.00608076 0.0160216 0.00493254 -0.00608076 0.0112148 -0.0200175 -0.00608121 0.0160216 -0.0200175 0.0947785 
0.0108421 -0.0197805 0.00491447 -0.00605478 -0.0197805 0.0943327 -0.00605442 0.0159764 0.00491447 -0.00605442 0.0112544 -0.0200509 -0.00605478 0.0159764 -0.0200509 0.0946851 
0.0108636 -0.0197704 0.00493181 -0.00605463 -0.0197704 0.09442 -0.00604993 0.015976 0.00493181 -0.00604993 0.0112586 -0.0201549 -0.00605463 0.015976 -0.0201549 0.0949954 
0.0109327 -0.0197715 0.0049582 -0.00606614 -0.0197715 0.0943817 -0.00606092 0.0159832 0.0049582 -0.00606092 0.0111546 -0.0201383 -0.00606614 0.0159832 -0.0201383 0.0950398 
0.0109218 -0.0198306 0.00500436 -0.00609712 -0.0198306 0.0944045 -0.00610172 0.0160556 0.00500436 -0.00610172 0.0110594 -0.0199885 -0.00609712 0.0160556 -0.0199885 0.0947452 
0.0109323 -0.0197939 0.00500928 -0.00614266 -0.0197939 0.0942942 -0.00614961 0.0161463 0.00500928 -0.00614961 0.0109904 -0.0198499 -0.00614266 0.0161463 -0.0198499 0.0943124 
0.0110119 -0.0198112 0.00501136 -0.00616215 -0.0198112 0.0942904 -0.00617009 0.0162363 0.00501136 -0.00617009 0.0109003 -0.0197788 -0.00616215 0.0162363 -0.0197788 0.0940647 
0.0110692 -0.0199155 0.00502561 -0.00617041 -0.0199155 0.0944877 -0.00618009 0.0162879 0.00502561 -0.00618009 0.0108394 -0.0196892 -0.00617041 0.0162879 -0.0196892 0.0938829 
0.0111068 -0.0200198 0.00506158 -0.00620481 -0.0200198 0.0948724 -0.00621393 0.0163785 0.00506158 -0.00621393 0.0108076 -0.0196531 -0.00620481 0.0163785 -0.0196531 0.0938778 
0.0110378 -0.0200068 0.00506436 -0.00622257 -0.0200068 0.0948284 -0.00622904 0.0164044 0.00506436 -0.00622904 0.0108241 -0.0195687 -0.00622257 0.0164044 -0.0195687 0.0935989 
0.0110214 -0.019932 0.00508867 -0.00624276 -0.019932 0.0947086 -0.00624539 0.0164676 0.00508867 -0.00624539 0.0107764 -0.019585 -0.00624276 0.0164676 -0.019585 0.0935312 
0.0109686 -0.0199452 0.0050995 -0.00627753 -0.0199452 0.0947767 -0.00628273 0.0165464 0.0050995 -0.00628273 0.0108436 -0.0195663 -0.00627753 0.0165464 -0.0195663 0.0936096 
0.0109535 -0.0198295 0.00510262 -0.00627918 -0.0198295 0.0944606 -0.00628326 0.016575 0.00510262 -0.00628326 0.0108006 -0.01957 -0.00627918 0.016575 -0.01957 0.0934308 
0.0110244 -0.0198615 0.00511624 -0.0063091 -0.0198615 0.0945433 -0.00631079 0.0166534 0.00511624 -0.00631079 0.0107604 -0.0195769 -0.0063091 0.0166534 -0.0195769 0.0935557 
0.0109545 -0.0198989 0.00512288 -0.00631603 -0.0198989 0.0945145 -0.00631961 0.0166926 0.00512288 -0.00631961 0.0107826 -0.0194839 -0.00631603 0.0166926 -0.0194839 0.0933236 
0.0107962 -0.0198385 0.00518493 -0.00635152 -0.0198385 0.0944928 -0.00635224 0.0167981 0.00518493 -0.00635224 0.010833 -0.0195123 -0.00635152 0.0167981 -0.0195123 0.0933122 
0.0107283 -0.0196405 0.00522059 -0.00641878 -0.0196405 0.0941443 -0.00640971 0.0169135 0.00522059 -0.00640971 0.0108316 -0.0195759 -0.00641878 0.0169135 -0.0195759 0.0934219 
0.0106728 -0.019514 0.00521522 -0.00645689 -0.019514 0.0936759 -0.00644473 0.0170108 0.00521522 -0.00644473 0.0108505 -0.0195515 -0.00645689 0.0170108 -0.0195515 0.0933553 
0.0105928 -0.0194755 0.00524089 -0.00648095 -0.0194755 0.0935421 -0.00646949 0.0171295 0.00524089 -0.00646949 0.0109067 -0.0195935 -0.00648095 0.0171295 -0.0195935 0.0934674 
0.0105967 -0.0193304 0.00524818 -0.00649559 -0.0193304 0.0931234 -0.00647981 0.0171675 0.00524818 -0.00647981 0.0108348 -0.0196148 -0.00649559 0.0171675 -0.0196148 0.0934036 
0.010692 -0.0193838 0.00527334 -0.00653473 -0.0193838 0.0932081 -0.00652508 0.0172864 0.00527334 -0.00652508 0.0107494 -0.0195906 -0.00653473 0.0172864 -0.0195906 0.093544 
0.010678 -0.0194661 0.00530222 -0.00654538 -0.0194661 0.0932854 -0.00655142 0.0173525 0.00530222 -0.00655142 0.0106735 -0.0194397 -0.00654538 0.0173525 -0.0194397 0.0932301 
0.0106687 -0.0194501 0.00530241 -0.00656427 -0.0194501 0.0932848 -0.0065825 0.0173954 0.00530241 -0.0065825 0.0106283 -0.0193257 -0.00656427 0.0173954 -0.0193257 0.0928535 
0.0106777 -0.019469 0.0052823 -0.00656995 -0.019469 0.0933891 -0.00659199 0.0174291 0.0052823 -0.00659199 0.0106621 -0.0192927 -0.00656995 0.0174291 -0.0192927 0.0927328 
0.0106461 -0.0194543 0.00524509 -0.00653932 -0.0194543 0.0933178 -0.00655864 0.0173857 0.00524509 -0.00655864 0.0107315 -0.0192915 -0.00653932 0.0173857 -0.0192915 0.0925752 
0.0106713 -0.0194722 0.00523158 -0.00651441 -0.0194722 0.0934857 -0.0065224 0.0173298 0.00523158 -0.0065224 0.0108075 -0.0194292 -0.00651441 0.0173298 -0.0194292 0.0928953 
0.0107323 -0.0194422 0.00520359 -0.00647006 -0.0194422 0.0933114 -0.00646577 0.017187 0.00520359 -0.00646577 0.0107625 -0.0194795 -0.00647006 0.017187 -0.0194795 0.0929516 
0.0107692 -0.0195442 0.00518493 -0.00644623 -0.0195442 0.093494 -0.00643862 0.0170988 0.00518493 -0.00643862 0.0107728 -0.0194755 -0.00644623 0.0170988 -0.0194755 0.0930848 
0.0107991 -0.0195986 0.00517173 -0.00641524 -0.0195986 0.0936786 -0.00641148 0.0170109 0.00517173 -0.00641148 0.0107702 -0.0194948 -0.00641524 0.0170109 -0.0194948 0.093163 
0.0107386 -0.019628 0.00517196 -0.00639463 -0.019628 0.093764 -0.00639559 0.0169465 0.00517196 -0.00639559 0.0107994 -0.0194767 -0.00639463 0.0169465 -0.0194767 0.0931356 
0.0106425 -0.019597 0.00516337 -0.00639984 -0.019597 0.0938634 -0.00640289 0.0169361 0.00516337 -0.00640289 0.0109248 -0.0195411 -0.00639984 0.0169361 -0.0195411 0.0933187 
0.0105126 -0.0194677 0.00516943 -0.00639611 -0.0194677 0.0936436 -0.00639298 0.0169347 0.00516943 -0.00639298 0.0110168 -0.0196566 -0.00639611 0.0169347 -0.0196566 0.0935075 
0.0104345 -0.0193097 0.00516741 -0.00640945 -0.0193097 0.093302 -0.00639897 0.0169503 0.00516741 -0.00639897 0.0110765 -0.0197647 -0.00640945 0.0169503 -0.0197647 0.0937645 
0.0104275 -0.0192162 0.00513163 -0.00640123 -0.0192162 0.0930244 -0.00638875 0.0169309 0.00513163 -0.00638875 0.0111389 -0.0198523 -0.00640123 0.0169309 -0.0198523 0.0940327 
0.0104896 -0.0192128 0.00513604 -0.00636646 -0.0192128 0.0929189 -0.00635783 0.016893 0.00513604 -0.00635783 0.0110817 -0.0199073 -0.00636646 0.016893 -0.0199073 0.0941899 
0.010498 -0.0192959 0.00515085 -0.0063612 -0.0192959 0.0930416 -0.00636285 0.0168627 0.00515085 -0.00636285 0.0110545 -0.0198421 -0.0063612 0.0168627 -0.0198421 0.0941563 
0.0105394 -0.0192597 0.00514159 -0.00635554 -0.0192597 0.0928934 -0.00636338 0.0168279 0.00514159 -0.00636338 0.0109753 -0.0197498 -0.00635554 0.0168279 -0.0197498 0.0937937 
0.0104996 -0.0193593 0.00518009 -0.00638501 -0.0193593 0.0931441 -0.00639339 0.0169204 0.00518009 -0.00639339 0.010987 -0.0196952 -0.00638501 0.0169204 -0.0196952 0.0937171 
0.0104541 -0.019319 0.00519827 -0.00642783 -0.019319 0.0932264 -0.00643064 0.0170036 0.00519827 -0.00643064 0.0110306 -0.0197279 -0.00642783 0.0170036 -0.0197279 0.0937815 
0.0103735 -0.0192027 0.00523882 -0.00645113 -0.0192027 0.0928835 -0.00644404 0.0170723 0.00523882 -0.00644404 0.0109867 -0.0197229 -0.00645113 0.0170723 -0.0197229 0.093648 
0.0103844 -0.0191112 0.00528461 -0.00651279 -0.0191112 0.0926398 -0.00650227 0.017198 0.00528461 -0.00650227 0.0108961 -0.0196961 -0.00651279 0.017198 -0.0196961 0.093628 
0.010402 -0.0191356 0.0052797 -0.00657125 -0.0191356 0.0926457 -0.00656626 0.0173457 0.0052797 -0.00656626 0.0109325 -0.0196284 -0.00657125 0.0173457 -0.0196284 0.0936138 
0.0103979 -0.0191158 0.00526555 -0.00655583 -0.0191158 0.0925022 -0.00655304 0.0173841 0.00526555 -0.00655304 0.0109214 -0.019616 -0.00655583 0.0173841 -0.019616 0.0934236 
0.0103474 -0.019163 0.00527859 -0.0065599 -0.019163 0.092677 -0.00655787 0.0174198 0.00527859 -0.00655787 0.0109801 -0.019654 -0.0065599 0.0174198 -0.019654 0.093583 
0.0103514 -0.0190618 0.00527419 -0.00655341 -0.0190618 0.0924626 -0.00654984 0.01739 0.00527419 -0.00654984 0.0109466 -0.0196779 -0.00655341 0.01739 -0.0196779 0.093549 
0.0103556 -0.0190969 0.00528848 -0.00656721 -0.0190969 0.0925218 -0.00656609 0.0174287 0.00528848 -0.00656609 0.010962 -0.019673 -0.00656721 0.0174287 -0.019673 0.0936493 
0.0103085 -0.0190878 0.00526861 -0.00657113 -0.0190878 0.0925009 -0.00656993 0.0174343 0.00526861 -0.00656993 0.0110338 -0.0196765 -0.00657113 0.0174343 -0.0196765 0.0936335 
0.0102922 -0.0190274 0.00526635 -0.00655406 -0.0190274 0.0923864 -0.00654704 0.0174126 0.00526635 -0.00654704 0.0110387 -0.0197592 -0.00655406 0.0174126 -0.0197592 0.0937429 
0.010408 -0.0190093 0.00527365 -0.00654832 -0.0190093 0.0923095 -0.00654037 0.0173816 0.00527365 -0.00654037 0.0109314 -0.0197802 -0.00654832 0.0173816 -0.0197802 0.0938653 
0.0104803 -0.0191278 0.0052647 -0.00654277 -0.0191278 0.0924037 -0.00654874 0.0173676 0.0052647 -0.00654874 0.0108621 -0.0196309 -0.00654277 0.0173676 -0.0196309 0.0936114 
0.0105603 -0.0192252 0.00524849 -0.00652506 -0.0192252 0.0926243 -0.00653963 0.0173391 0.00524849 -0.00653963 0.010811 -0.0195408 -0.00652506 0.0173391 -0.0195408 0.0933202 
0.0106678 -0.0193584 0.00525395 -0.00651749 -0.0193584 0.0930326 -0.00653397 0.0173344 0.00525395 -0.00653397 0.0107459 -0.0195116 -0.00651749 0.0173344 -0.0195116 0.0932702 
0.0106788 -0.0194778 0.00528035 -0.00651871 -0.0194778 0.0933417 -0.00653687 0.0173296 0.00528035 -0.00653687 0.0106923 -0.0194173 -0.00651871 0.0173296 -0.0194173 0.0930715 
0.0106366 -0.0194621 0.00530998 -0.00654076 -0.0194621 0.0933483 -0.00655657 0.0173455 0.00530998 -0.00655657 0.0106371 -0.0193197 -0.00654076 0.0173455 -0.0193197 0.0927347 
0.0106172 -0.0194466 0.00535413 -0.00660724 -0.0194466 0.0934416 -0.00661658 0.0174887 0.00535413 -0.00661658 0.0106315 -0.0192916 -0.00660724 0.0174887 -0.0192916 0.0926954 
0.0105054 -0.0193862 0.00538597 -0.00666878 -0.0193862 0.093298 -0.00666963 0.0176467 0.00538597 -0.00666963 0.0106734 -0.0192592 -0.00666878 0.0176467 -0.0192592 0.0925683 
0.0103782 -0.0192149 0.005384 -0.00670796 -0.0192149 0.0928703 -0.00669693 0.0177555 0.005384 -0.00669693 0.0107477 -0.0192885 -0.00670796 0.0177555 -0.0192885 0.092492 
0.0103538 -0.0190864 0.00538742 -0.00672254 -0.0190864 0.0925808 -0.00670206 0.0178202 0.00538742 -0.00670206 0.0107922 -0.0194256 -0.00672254 0.0178202 -0.0194256 0.0928148 
0.0103846 -0.0190445 0.00539186 -0.00672561 -0.0190445 0.092374 -0.00670445 0.0178438 0.00539186 -0.00670445 0.0107684 -0.0194785 -0.00672561 0.0178438 -0.0194785 0.0930308 
0.0105404 -0.0190468 0.00536865 -0.00670269 -0.0190468 0.0921958 -0.0066903 0.0177895 0.00536865 -0.0066903 0.0106235 -0.019424 -0.00670269 0.0177895 -0.019424 0.0929197 
0.0106639 -0.0192985 0.00534217 -0.00668539 -0.0192985 0.0927172 -0.0066917 0.0177792 0.00534217 -0.0066917 0.0106373 -0.0193112 -0.00668539 0.0177792 -0.0193112 0.0928733 
0.0106467 -0.0194419 0.00533419 -0.00664493 -0.0194419 0.0931505 -0.00665654 0.0177166 0.00533419 -0.00665654 0.0106884 -0.0192976 -0.00664493 0.0177166 -0.0192976 0.0927339 
0.0105956 -0.0194122 0.00534799 -0.00663548 -0.0194122 0.0932391 -0.00663572 0.017657 0.00534799 -0.00663572 0.010706 -0.0193548 -0.00663548 0.017657 -0.0193548 0.0927709 
0.0105045 -0.0193344 0.00533242 -0.00664659 -0.0193344 0.0930766 -0.00663904 0.0176302 0.00533242 -0.00663904 0.0107795 -0.01938 -0.00664659 0.0176302 -0.01938 0.0928314 
0.0103961 -0.0192158 0.0053466 -0.00664568 -0.0192158 0.0927871 -0.0066351 0.0176533 0.0053466 -0.0066351 0.0108108 -0.0194441 -0.00664568 0.0176533 -0.0194441 0.0929103 
0.0103969 -0.0191062 0.00537711 -0.00666901 -0.0191062 0.0925549 -0.00665949 0.0176976 0.00537711 -0.00665949 0.0107756 -0.0194968 -0.00666901 0.0176976 -0.0194968 0.0930891 
0.0104694 -0.019099 0.00537547 -0.00668745 -0.019099 0.0924408 -0.00668357 0.0177251 0.00537547 -0.00668357 0.0107188 -0.019464 -0.00668745 0.0177251 -0.019464 0.0931075 
0.0105358 -0.0191923 0.00538321 -0.00669187 -0.0191923 0.0925807 -0.00669557 0.0177674 0.00538321 -0.00669557 0.01067 -0.0193976 -0.00669187 0.0177674 -0.0193976 0.0930066 
0.0107075 -0.019241 0.00537231 -0.00667861 -0.019241 0.0926217 -0.00668654 0.0177362 0.00537231 -0.00668654 0.0104852 -0.0193085 -0.00667861 0.0177362 -0.0193085 0.0927104 
0.0107469 -0.0194925 0.00537667 -0.00668499 -0.0194925 0.0931807 -0.00669961 0.0177641 0.00537667 -0.00669961 0.0105001 -0.0191468 -0.00668499 0.0177641 -0.0191468 0.0925214 
0.0107672 -0.0195093 0.00534963 -0.00666821 -0.0195093 0.0933435 -0.00667975 0.0177178 0.00534963 -0.00667975 0.0105078 -0.0191247 -0.00666821 0.0177178 -0.0191247 0.0922629 
0.0107734 -0.0195297 0.00531398 -0.00663811 -0.0195297 0.0934002 -0.00664024 0.0176423 0.00531398 -0.00664024 0.0105538 -0.0191516 -0.00663811 0.0176423 -0.0191516 0.0922543 
0.0108188 -0.0195722 0.00526914 -0.00659549 -0.0195722 0.0935777 -0.006594 0.0175358 0.00526914 -0.006594 0.0106296 -0.0192503 -0.00659549 0.0175358 -0.0192503 0.092526 
0.0108265 -0.0196418 0.00525002 -0.00654271 -0.0196418 0.0937876 -0.00653983 0.0174129 0.00525002 -0.00653983 0.0106907 -0.0193493 -0.00654271 0.0174129 -0.0193493 0.0928248 
0.0108773 -0.0196018 0.00521967 -0.00648831 -0.0196018 0.0936383 -0.00648689 0.0172438 0.00521967 -0.00648689 0.0106188 -0.0193654 -0.00648831 0.0172438 -0.0193654 0.0927839 
0.0108759 -0.0197476 0.0052154 -0.00647316 -0.0197476 0.0940462 -0.00648105 0.0171905 0.0052154 -0.00648105 0.0107058 -0.0193569 -0.00647316 0.0171905 -0.0193569 0.0929958 
0.0107339 -0.0196968 0.00519625 -0.0064396 -0.0196968 0.0939742 -0.00644652 0.0170895 0.00519625 -0.00644652 0.01082 -0.0193886 -0.0064396 0.0170895 -0.0193886 0.0928967 
0.0106742 -0.019534 0.00517571 -0.00642328 -0.019534 0.0936863 -0.00641684 0.0170109 0.00517571 -0.00641684 0.0108853 -0.0195369 -0.00642328 0.0170109 -0.0195369 0.0931176 
