0.0107757 0 0.00266924 0 0 0.0100032 0 0 0.00266924 0 0.00452554 0 0 0 0 0.0100032 
0.0153278 -0.0189832 0.00353032 -0.00431913 -0.0189832 0.0455885 -0.00431913 0.0082814 0.00353032 -0.00431913 0.00627832 -0.00786518 -0.00431913 0.0082814 -0.00786518 0.0242704 
0.0149718 -0.0272152 0.00311767 -0.00500135 -0.0272152 0.0961242 -0.00500135 0.0157435 0.00311767 -0.00500135 0.00686764 -0.0137025 -0.00500135 0.0157435 -0.0137025 0.0532216 
0.0137661 -0.0250379 0.00289707 -0.00355999 -0.0250379 0.107132 -0.00355912 0.0119784 0.00289707 -0.00355912 0.00683937 -0.0151551 -0.00355999 0.0119784 -0.0151551 0.0718189 
0.0136489 -0.023405 0.003059 -0.00334197 -0.023405 0.105251 -0.00333142 0.00921598 0.003059 -0.00333142 0.00687154 -0.014942 -0.00334197 0.00921598 -0.014942 0.0781655 
0.0139787 -0.0233366 0.00319534 -0.00363951 -0.0233366 0.104294 -0.00362361 0.00903627 0.00319534 -0.00362361 0.00690967 -0.0147479 -0.00363951 0.00903627 -0.0147479 0.0797489 
0.0141981 -0.0236592 0.00320629 -0.0038185 -0.0236592 0.10448 -0.00380862 0.00947169 0.00320629 -0.00380862 0.00693244 -0.0146382 -0.0038185 0.00947169 -0.0146382 0.0799455 
0.0143789 -0.0239448 0.00312367 -0.00381629 -0.0239448 0.105198 -0.00381565 0.00965406 0.00312367 -0.00381565 0.0068936 -0.0146256 -0.00381629 0.00965406 -0.0146256 0.0800505 
0.0144729 -0.0241498 0.00305853 -0.00368324 -0.0241498 0.105789 -0.00369398 0.00946312 0.00305853 -0.00369398 0.00681011 -0.0145454 -0.00368324 0.00946312 -0.0145454 0.0799397 
0.0144424 -0.024254 0.00307571 -0.0035755 -0.024254 0.106144 -0.00359149 0.00916115 0.00307571 -0.00359149 0.006735 -0.0143902 -0.0035755 0.00916115 -0.0143902 0.0795392 
0.0143649 -0.0241388 0.00308375 -0.00362187 -0.0241388 0.105905 -0.0036307 0.00912949 0.00308375 -0.0036307 0.00675403 -0.0143161 -0.00362187 0.00912949 -0.0143161 0.0792031 
0.0143677 -0.0240997 0.00309355 -0.00364216 -0.0240997 0.105851 -0.00364351 0.00917939 0.00309355 -0.00364351 0.00668108 -0.0143206 -0.00364216 0.00917939 -0.0143206 0.0791087 
0.0144189 -0.0241029 0.0030775 -0.0036544 -0.0241029 0.105836 -0.00365443 0.00921402 0.0030775 -0.00365443 0.00654548 -0.0142226 -0.0036544 0.00921402 -0.0142226 0.0789242 
0.0144518 -0.0241707 0.00307788 -0.00366074 -0.0241707 0.105989 -0.00366463 0.00926585 0.00307788 -0.00366463 0.0064782 -0.0140908 -0.00366074 0.00926585 -0.0140908 0.0787242 
0.0143968 -0.0241311 0.00308298 -0.00367357 -0.0241311 0.105807 -0.00367974 0.00931925 0.00308298 -0.00367974 0.00650237 -0.0139989 -0.00367357 0.00931925 -0.0139989 0.0783915 
0.0143374 -0.0240887 0.0031141 -0.00369246 -0.0240887 0.105727 -0.00369804 0.00938427 0.0031141 -0.00369804 0.00660722 -0.0140468 -0.00369246 0.00938427 -0.0140468 0.0784014 
0.0143059 -0.0240351 0.0031207 -0.00371304 -0.0240351 0.105628 -0.00371233 0.00941613 0.0031207 -0.00371233 0.00668032 -0.0141531 -0.00371304 0.00941613 -0.0141531 0.0785611 
0.0143258 -0.0240566 0.00313378 -0.0037106 -0.0240566 0.10577 -0.00370525 0.00941093 0.00313378 -0.00370525 0.00668684 -0.0142466 -0.0037106 0.00941093 -0.0142466 0.078866 
0.014384 -0.0240155 0.00309864 -0.00371566 -0.0240155 0.105597 -0.00370905 0.00939887 0.00309864 -0.00370905 0.00655009 -0.0142304 -0.00371566 0.00939887 -0.0142304 0.078847 
0.0144715 -0.0240913 0.00306292 -0.0036865 -0.0240913 0.105673 -0.0036861 0.00936949 0.00306292 -0.0036861 0.00641117 -0.0140756 -0.0036865 0.00936949 -0.0140756 0.0786208 
0.0145088 -0.024219 0.00307171 -0.00366251 -0.024219 0.105991 -0.00366916 0.00934404 0.00307171 -0.00366916 0.00637806 -0.013934 -0.00366251 0.00934404 -0.013934 0.0783653 
0.0144752 -0.0241961 0.00307004 -0.00367018 -0.0241961 0.105905 -0.00367598 0.00934147 0.00307004 -0.00367598 0.00637602 -0.01385 -0.00367018 0.00934147 -0.01385 0.0779655 
0.0144667 -0.024253 0.00310228 -0.00369519 -0.024253 0.106214 -0.00369649 0.00941255 0.00310228 -0.00369649 0.00647571 -0.0139093 -0.00369519 0.00941255 -0.0139093 0.0781499 
0.014419 -0.0241782 0.00311323 -0.00370836 -0.0241782 0.106036 -0.00370367 0.00942992 0.00311323 -0.00370367 0.00651593 -0.0139762 -0.00370836 0.00942992 -0.0139762 0.0781646 
0.0143937 -0.0241117 0.00310846 -0.0037013 -0.0241117 0.105804 -0.00369504 0.00940588 0.00310846 -0.00369504 0.0064708 -0.0139826 -0.0037013 0.00940588 -0.0139826 0.0780961 
0.0144569 -0.0241559 0.00308349 -0.00371016 -0.0241559 0.105987 -0.0037047 0.00942257 0.00308349 -0.0037047 0.00642554 -0.0139674 -0.00371016 0.00942257 -0.0139674 0.078207 
0.0145025 -0.0241562 0.00303235 -0.00367228 -0.0241562 0.105871 -0.00367221 0.00937047 0.00303235 -0.00367221 0.00631141 -0.0138747 -0.00367228 0.00937047 -0.0138747 0.0779462 
0.0145809 -0.0242692 0.00299815 -0.00361917 -0.0242692 0.106167 -0.00362723 0.00928015 0.00299815 -0.00362723 0.00620324 -0.0137668 -0.00361917 0.00928015 -0.0137668 0.0777921 
0.0146373 -0.0242938 0.00293861 -0.00358123 -0.0242938 0.10616 -0.00359562 0.00918943 0.00293861 -0.00359562 0.00609341 -0.0136214 -0.00358123 0.00918943 -0.0136214 0.0774055 
0.0147167 -0.024395 0.00288727 -0.00352574 -0.024395 0.106404 -0.00354472 0.00909508 0.00288727 -0.00354472 0.00603063 -0.0135172 -0.00352574 0.00909508 -0.0135172 0.0771821 
0.014735 -0.0245152 0.00289608 -0.00345526 -0.0245152 0.106752 -0.00347635 0.00893721 0.00289608 -0.00347635 0.00601441 -0.013426 -0.00345526 0.00893721 -0.013426 0.0769554 
0.01472 -0.0245025 0.00292164 -0.00347069 -0.0245025 0.10679 -0.00348384 0.00888975 0.00292164 -0.00348384 0.00599392 -0.0134033 -0.00347069 0.00888975 -0.0134033 0.0767983 
0.0146991 -0.024502 0.00296373 -0.00352764 -0.024502 0.106848 -0.00353143 0.00898853 0.00296373 -0.00353143 0.00604715 -0.0134162 -0.00352764 0.00898853 -0.0134162 0.0768712 
0.0146774 -0.0244438 0.00297025 -0.00357517 -0.0244438 0.106686 -0.00357023 0.00909811 0.00297025 -0.00357023 0.00609821 -0.0134508 -0.00357517 0.00909811 -0.0134508 0.0768601 
0.0146936 -0.0244075 0.00294329 -0.00357232 -0.0244075 0.106513 -0.00356407 0.00912418 0.00294329 -0.00356407 0.00605326 -0.013478 -0.00357232 0.00912418 -0.013478 0.0768142 
0.0147442 -0.0244608 0.00291178 -0.00353546 -0.0244608 0.106607 -0.00353035 0.00907276 0.00291178 -0.00353035 0.00597452 -0.0134278 -0.00353546 0.00907276 -0.0134278 0.0767596 
0.0148246 -0.0245544 0.00287602 -0.00351563 -0.0245544 0.106911 -0.00351743 0.00903912 0.00287602 -0.00351743 0.00594877 -0.0133783 -0.00351563 0.00903912 -0.0133783 0.0767885 
0.0148035 -0.0245662 0.00285676 -0.0034596 -0.0245662 0.106826 -0.00346558 0.0089338 0.00285676 -0.00346558 0.00594443 -0.0133071 -0.0034596 0.0089338 -0.0133071 0.0765008 
0.0147569 -0.0245785 0.00289462 -0.00344512 -0.0245785 0.106906 -0.00345118 0.00887391 0.00289462 -0.00345118 0.00601815 -0.0133316 -0.00344512 0.00887391 -0.0133316 0.0765148 
0.0147381 -0.0245478 0.00292865 -0.00348482 -0.0245478 0.106946 -0.00348447 0.00890278 0.00292865 -0.00348447 0.00604548 -0.0134214 -0.00348482 0.00890278 -0.0134214 0.0767 
0.0147121 -0.0245039 0.00294696 -0.00351957 -0.0245039 0.106823 -0.0035142 0.0089661 0.00294696 -0.0035142 0.00603615 -0.0134368 -0.00351957 0.0089661 -0.0134368 0.0767562 
0.0146967 -0.0244703 0.00295461 -0.00355659 -0.0244703 0.106726 -0.0035494 0.0090627 0.00295461 -0.0035494 0.0060583 -0.013444 -0.00355659 0.0090627 -0.013444 0.0768236 
0.0146863 -0.0244511 0.00295531 -0.00357356 -0.0244511 0.106661 -0.00356833 0.00913764 0.00295531 -0.00356833 0.00614815 -0.0134886 -0.00357356 0.00913764 -0.0134886 0.0769425 
0.0146731 -0.0244706 0.00297866 -0.00356922 -0.0244706 0.106756 -0.00356517 0.00915218 0.00297866 -0.00356517 0.00625356 -0.0136123 -0.00356922 0.00915218 -0.0136123 0.0772409 
0.0146566 -0.0244387 0.00298764 -0.00357763 -0.0244387 0.106696 -0.00357047 0.00914173 0.00298764 -0.00357047 0.00628381 -0.0137327 -0.00357763 0.00914173 -0.0137327 0.077515 
0.0146375 -0.024412 0.00299525 -0.00357331 -0.024412 0.106594 -0.00356558 0.00911643 0.00299525 -0.00356558 0.00623114 -0.0137488 -0.00357331 0.00911643 -0.0137488 0.0776009 
0.0146905 -0.024413 0.00295021 -0.00357801 -0.024413 0.106613 -0.00357343 0.00911107 0.00295021 -0.00357343 0.00611195 -0.0136684 -0.00357801 0.00911107 -0.0136684 0.0775006 
0.0146801 -0.0244356 0.00292121 -0.00352757 -0.0244356 0.106555 -0.00353228 0.0090526 0.00292121 -0.00353228 0.00608628 -0.0135041 -0.00352757 0.0090526 -0.0135041 0.0771124 
0.0146757 -0.0244458 0.00292655 -0.00350349 -0.0244458 0.106625 -0.00351398 0.00900094 0.00292655 -0.00351398 0.00609578 -0.0134897 -0.00350349 0.00900094 -0.0134897 0.0769791 
0.0146594 -0.0244353 0.00294882 -0.00351349 -0.0244353 0.106625 -0.00352242 0.00899603 0.00294882 -0.00352242 0.00613847 -0.0135172 -0.00351349 0.00899603 -0.0135172 0.0770152 
0.0146802 -0.0244419 0.00295491 -0.00355309 -0.0244419 0.106709 -0.00355536 0.00906272 0.00295491 -0.00355536 0.00616853 -0.0136062 -0.00355309 0.00906272 -0.0136062 0.0772781 
0.0146273 -0.0244312 0.00298961 -0.0035552 -0.0244312 0.106635 -0.00355433 0.00908849 0.00298961 -0.00355433 0.00624451 -0.0136354 -0.0035552 0.00908849 -0.0136354 0.0773832 
0.0145693 -0.0243668 0.00301282 -0.00358137 -0.0243668 0.106485 -0.00357643 0.00911176 0.00301282 -0.00357643 0.00627207 -0.0136946 -0.00358137 0.00911176 -0.0136946 0.0774352 
0.0146574 -0.0243291 0.00294853 -0.00360211 -0.0243291 0.106434 -0.00359392 0.0091517 0.00294853 -0.00359392 0.00611513 -0.0137158 -0.00360211 0.0091517 -0.0137158 0.0775123 
0.0146792 -0.0243829 0.0029241 -0.00352355 -0.0243829 0.106364 -0.00352784 0.00905805 0.0029241 -0.00352784 0.00600776 -0.0135056 -0.00352355 0.00905805 -0.0135056 0.0771286 
0.0147297 -0.0244667 0.00292264 -0.00350033 -0.0244667 0.10664 -0.00351058 0.00898198 0.00292264 -0.00351058 0.00591808 -0.0133728 -0.00350033 0.00898198 -0.0133728 0.0767952 
0.0147199 -0.0245274 0.00296307 -0.00351242 -0.0245274 0.106859 -0.0035226 0.00899176 0.00296307 -0.0035226 0.00590103 -0.0132616 -0.00351242 0.00899176 -0.0132616 0.0765071 
0.0146846 -0.0244732 0.0029979 -0.00358046 -0.0244732 0.106759 -0.00358182 0.00911644 0.0029979 -0.00358182 0.00593307 -0.0132365 -0.00358046 0.00911644 -0.0132365 0.0763137 
0.0147196 -0.0244363 0.00297057 -0.00363601 -0.0244363 0.106664 -0.0036292 0.00926932 0.00297057 -0.0036292 0.00593521 -0.0132776 -0.00363601 0.00926932 -0.0132776 0.0763322 
0.0147479 -0.0244391 0.0029178 -0.00360698 -0.0244391 0.106531 -0.00360206 0.0092945 0.0029178 -0.00360206 0.00595572 -0.0132928 -0.00360698 0.0092945 -0.0132928 0.0763457 
0.0148392 -0.0245577 0.00286098 -0.00353247 -0.0245577 0.106883 -0.00353371 0.00917089 0.00286098 -0.00353371 0.00592947 -0.0133431 -0.00353247 0.00917089 -0.0133431 0.076552 
0.0148909 -0.0245955 0.00277696 -0.00343084 -0.0245955 0.106888 -0.00344034 0.00892755 0.00277696 -0.00344034 0.00582531 -0.0132671 -0.00343084 0.00892755 -0.0132671 0.0763442 
0.0149728 -0.024739 0.00274091 -0.0033378 -0.024739 0.107326 -0.00335422 0.00870067 0.00274091 -0.00335422 0.00574567 -0.0131807 -0.0033378 0.00870067 -0.0131807 0.0762863 
0.0149683 -0.0247575 0.0027355 -0.0032835 -0.0247575 0.107327 -0.0033018 0.00851433 0.0027355 -0.0033018 0.00567411 -0.0130412 -0.0032835 0.00851433 -0.0130412 0.0758705 
0.0149704 -0.0247949 0.00275575 -0.00330148 -0.0247949 0.107492 -0.00331275 0.0084932 0.00275575 -0.00331275 0.00567672 -0.0129794 -0.00330148 0.0084932 -0.0129794 0.075706 
0.0149039 -0.0247789 0.00280804 -0.00333356 -0.0247789 0.107482 -0.00333568 0.0085489 0.00280804 -0.00333568 0.00575073 -0.0129675 -0.00333356 0.0085489 -0.0129675 0.0755867 
0.0148227 -0.0246705 0.00285686 -0.00339037 -0.0246705 0.107212 -0.00338346 0.00864654 0.00285686 -0.00338346 0.00581159 -0.013018 -0.00339037 0.00864654 -0.013018 0.0755127 
0.0148731 -0.0246568 0.00285483 -0.00346554 -0.0246568 0.107299 -0.00345146 0.00881773 0.00285483 -0.00345146 0.0058258 -0.0131399 -0.00346554 0.00881773 -0.0131399 0.0758791 
0.01493 -0.024667 0.00280002 -0.00345668 -0.024667 0.10723 -0.00344399 0.00886874 0.00280002 -0.00344399 0.00578446 -0.0131492 -0.00345668 0.00886874 -0.0131492 0.0759805 
0.0149468 -0.0247282 0.00278542 -0.00339691 -0.0247282 0.1073 -0.00339381 0.00880096 0.00278542 -0.00339381 0.00580335 -0.013133 -0.00339691 0.00880096 -0.013133 0.076035 
0.0149962 -0.024773 0.00275374 -0.00336808 -0.024773 0.107463 -0.00336884 0.00871005 0.00275374 -0.00336884 0.00576815 -0.0131605 -0.00336808 0.00871005 -0.0131605 0.0761136 
0.0150317 -0.0247994 0.00270924 -0.00331312 -0.0247994 0.107468 -0.00331637 0.00857951 0.00270924 -0.00331637 0.00565229 -0.01308 -0.00331312 0.00857951 -0.01308 0.0759167 
0.0149707 -0.0248384 0.0027603 -0.00327653 -0.0248384 0.107524 -0.00328308 0.00849089 0.0027603 -0.00328308 0.00567421 -0.0129662 -0.00327653 0.00849089 -0.0129662 0.0757055 
0.0148954 -0.024792 0.00283305 -0.0033623 -0.024792 0.107556 -0.00336257 0.00860325 0.00283305 -0.00336257 0.00583333 -0.0130316 -0.0033623 0.00860325 -0.0130316 0.0758195 
0.014902 -0.02468 0.00279934 -0.00344076 -0.02468 0.107317 -0.00343234 0.00877365 0.00279934 -0.00343234 0.00585318 -0.0131978 -0.00344076 0.00877365 -0.0131978 0.076062 
0.014897 -0.0247172 0.00280846 -0.00339912 -0.0247172 0.107353 -0.00339454 0.00878589 0.00280846 -0.00339454 0.00590052 -0.0132597 -0.00339912 0.00878589 -0.0132597 0.0763835 
0.014831 -0.0247012 0.00286499 -0.0033781 -0.0247012 0.107323 -0.00337976 0.00870718 0.00286499 -0.00337976 0.0059456 -0.0132777 -0.0033781 0.00870718 -0.0132777 0.0764309 
0.0147378 -0.0245894 0.0029293 -0.00343659 -0.0245894 0.107039 -0.00343358 0.00874935 0.0029293 -0.00343358 0.00595781 -0.0132958 -0.00343659 0.00874935 -0.0132958 0.0763642 
0.0147354 -0.0245431 0.00296386 -0.00354565 -0.0245431 0.107032 -0.0035346 0.00897156 0.00296386 -0.0035346 0.00599787 -0.0133631 -0.00354565 0.00897156 -0.0133631 0.0766293 
0.0147119 -0.0244734 0.00296222 -0.00358671 -0.0244734 0.106752 -0.00357461 0.00913001 0.00296222 -0.00357461 0.00602251 -0.0133825 -0.00358671 0.00913001 -0.0133825 0.0766395 
0.0146853 -0.0244662 0.00298102 -0.00359762 -0.0244662 0.106698 -0.00358878 0.00921857 0.00298102 -0.00358878 0.00612943 -0.0134513 -0.00359762 0.00921857 -0.0134513 0.0768398 
0.0146884 -0.0244548 0.00296496 -0.00362552 -0.0244548 0.106725 -0.00361812 0.00929244 0.00296496 -0.00361812 0.00630708 -0.0136357 -0.00362552 0.00929244 -0.0136357 0.0773178 
0.014701 -0.0244235 0.00290212 -0.0035672 -0.0244235 0.106567 -0.00356104 0.00919587 0.00290212 -0.00356104 0.00634032 -0.0138146 -0.0035672 0.00919587 -0.0138146 0.0776639 
0.014711 -0.0244573 0.00287987 -0.00347253 -0.0244573 0.106595 -0.00347572 0.0089868 0.00287987 -0.00347572 0.00635698 -0.0138871 -0.00347253 0.0089868 -0.0138871 0.0779818 
0.0147548 -0.0245167 0.00286597 -0.00342349 -0.0245167 0.106818 -0.00343125 0.0087963 0.00286597 -0.00343125 0.00628991 -0.0138995 -0.00342349 0.0087963 -0.0138995 0.0781419 
0.0147115 -0.0245058 0.00289178 -0.00340445 -0.0245058 0.106725 -0.00341319 0.00869507 0.00289178 -0.00341319 0.00628075 -0.0137969 -0.00340445 0.00869507 -0.0137969 0.0779273 
0.014704 -0.02449 0.00292333 -0.00346535 -0.02449 0.106767 -0.00346842 0.00877891 0.00292333 -0.00346842 0.00634824 -0.0138331 -0.00346535 0.00877891 -0.0138331 0.0780069 
0.0146672 -0.0244812 0.00296148 -0.00351306 -0.0244812 0.10677 -0.00350793 0.00889986 0.00296148 -0.00350793 0.00644024 -0.0139247 -0.00351306 0.00889986 -0.0139247 0.0782093 
0.0146907 -0.0244428 0.00293851 -0.00355164 -0.0244428 0.106722 -0.00354108 0.00899528 0.00293851 -0.00354108 0.00646578 -0.0140284 -0.00355164 0.00899528 -0.0140284 0.0784504 
0.014732 -0.0244633 0.00288795 -0.00349924 -0.0244633 0.106694 -0.00349278 0.00893677 0.00288795 -0.00349278 0.00638597 -0.014016 -0.00349924 0.00893677 -0.014016 0.0784363 
0.0147633 -0.0245281 0.00286985 -0.00343298 -0.0245281 0.106834 -0.00343609 0.00880001 0.00286985 -0.00343609 0.00633559 -0.0139226 -0.00343298 0.00880001 -0.0139226 0.0782963 
0.0147547 -0.0245449 0.00287374 -0.0034061 -0.0245449 0.106865 -0.00341368 0.00869868 0.00287374 -0.00341368 0.00631841 -0.0138406 -0.0034061 0.00869868 -0.0138406 0.0780339 
0.0148319 -0.0245725 0.00283695 -0.00342326 -0.0245725 0.10702 -0.00342619 0.00870016 0.00283695 -0.00342619 0.00621659 -0.0138349 -0.00342326 0.00870016 -0.0138349 0.0779972 
0.0148855 -0.0246434 0.00280863 -0.00338772 -0.0246434 0.107142 -0.00339178 0.00866456 0.00280863 -0.00339178 0.00614242 -0.0137185 -0.00338772 0.00866456 -0.0137185 0.0778121 
0.0149093 -0.0246655 0.00277868 -0.0033529 -0.0246655 0.10712 -0.00335855 0.00859008 0.00277868 -0.00335855 0.00602952 -0.0135997 -0.0033529 0.00859008 -0.0135997 0.0774349 
0.0149194 -0.0246985 0.00276786 -0.00333419 -0.0246985 0.107175 -0.00334126 0.0085552 0.00276786 -0.00334126 0.00600189 -0.01349 -0.00333419 0.0085552 -0.01349 0.0771745 
0.0149423 -0.0247378 0.00275541 -0.00333191 -0.0247378 0.107327 -0.00333775 0.00854932 0.00275541 -0.00333775 0.00602765 -0.0134673 -0.00333191 0.00854932 -0.0134673 0.0770883 
0.0149691 -0.0247776 0.00273489 -0.00330715 -0.0247776 0.107476 -0.00331099 0.00849932 0.00273489 -0.00331099 0.00601184 -0.0134686 -0.00330715 0.00849932 -0.0134686 0.0770245 
0.0149803 -0.0248013 0.00272642 -0.00327423 -0.0248013 0.107548 -0.00327827 0.00842253 0.00272642 -0.00327827 0.00597683 -0.0134381 -0.00327423 0.00842253 -0.0134381 0.0769365 
0.0149564 -0.0247991 0.00274617 -0.00326284 -0.0247991 0.10753 -0.0032658 0.0083675 0.00274617 -0.0032658 0.00595695 -0.0133804 -0.00326284 0.0083675 -0.0133804 0.0767693 
0.01496 -0.0247842 0.00275755 -0.00329053 -0.0247842 0.107536 -0.00329043 0.00839369 0.00275755 -0.00329043 0.00589921 -0.0133497 -0.00329053 0.00839369 -0.0133497 0.0766548 
0.0149571 -0.024775 0.00275548 -0.00330804 -0.024775 0.107485 -0.00330617 0.00844366 0.00275548 -0.00330617 0.00584946 -0.0132624 -0.00330804 0.00844366 -0.0132624 0.0764381 
0.0149626 -0.0248075 0.00276393 -0.00332725 -0.0248075 0.107621 -0.00332564 0.00851282 0.00276393 -0.00332564 0.00587541 -0.0132339 -0.00332725 0.00851282 -0.0132339 0.076419 
0.0149067 -0.0247876 0.00280671 -0.0033359 -0.0247876 0.107589 -0.00333491 0.00855482 0.00280671 -0.00333491 0.00593897 -0.013264 -0.0033359 0.00855482 -0.013264 0.076433 
0.0148592 -0.024701 0.00282277 -0.0033918 -0.024701 0.107394 -0.00338774 0.00865302 0.00282277 -0.00338774 0.00602311 -0.0133659 -0.0033918 0.00865302 -0.0133659 0.0766333 
0.0148238 -0.0246186 0.00282611 -0.0033989 -0.0246186 0.107101 -0.00339494 0.008697 0.00282611 -0.00339494 0.00603782 -0.0134512 -0.0033989 0.008697 -0.0134512 0.0767867 
0.0148414 -0.0245864 0.00280218 -0.00340163 -0.0245864 0.106957 -0.00339854 0.00870784 0.00280218 -0.00339854 0.00603543 -0.0134874 -0.00340163 0.00870784 -0.0134874 0.0769463 
0.014903 -0.0246771 0.00278868 -0.00338066 -0.0246771 0.107237 -0.00338271 0.00868984 0.00278868 -0.00338271 0.00605241 -0.0135297 -0.00338066 0.00868984 -0.0135297 0.0772288 
0.0148242 -0.0246717 0.00283735 -0.00335079 -0.0246717 0.10714 -0.00335453 0.00861792 0.00283735 -0.00335453 0.00615088 -0.0135263 -0.00335079 0.00861792 -0.0135263 0.0771861 
0.0147946 -0.0246668 0.00290932 -0.00340552 -0.0246668 0.107317 -0.00340181 0.0086593 0.00290932 -0.00340181 0.00620932 -0.0136472 -0.00340552 0.0086593 -0.0136472 0.0774504 
0.0147712 -0.0245607 0.00291211 -0.00348903 -0.0245607 0.107025 -0.0034744 0.00880369 0.00291211 -0.0034744 0.0061827 -0.0136916 -0.00348903 0.00880369 -0.0136916 0.07752 
0.014807 -0.0245457 0.00288462 -0.00349261 -0.0245457 0.106905 -0.00347918 0.00888086 0.00288462 -0.00347918 0.0060718 -0.0136341 -0.00349261 0.00888086 -0.0136341 0.0774205 
0.0148626 -0.0245779 0.00283806 -0.00346993 -0.0245779 0.106895 -0.00346604 0.00888514 0.00283806 -0.00346604 0.00597735 -0.0135132 -0.00346993 0.00888514 -0.0135132 0.0771931 
0.0149548 -0.0247011 0.0027894 -0.00341987 -0.0247011 0.107245 -0.00342559 0.00882243 0.0027894 -0.00342559 0.00591798 -0.0134078 -0.00341987 0.00882243 -0.0134078 0.0770089 
0.0149799 -0.024728 0.00272331 -0.00335065 -0.024728 0.107216 -0.00336166 0.00868228 0.00272331 -0.00336166 0.0058744 -0.0132972 -0.00335065 0.00868228 -0.0132972 0.0765938 
0.0150498 -0.0248612 0.00270146 -0.00327493 -0.0248612 0.107669 -0.00328853 0.00851745 0.00270146 -0.00328853 0.00581225 -0.0132629 -0.00327493 0.00851745 -0.0132629 0.0765267 
0.0150221 -0.0248543 0.00270632 -0.00325276 -0.0248543 0.107619 -0.00326514 0.00841337 0.00270632 -0.00326514 0.00581003 -0.0131996 -0.00325276 0.00841337 -0.0131996 0.0763438 
0.0150621 -0.024856 0.00267312 -0.00326033 -0.024856 0.107676 -0.00326681 0.00838884 0.00267312 -0.00326681 0.00574934 -0.0131842 -0.00326033 0.00838884 -0.0131842 0.0762576 
0.0151055 -0.0249282 0.00265541 -0.00323003 -0.0249282 0.107883 -0.00323774 0.00835209 0.00265541 -0.00323774 0.00570893 -0.0131306 -0.00323003 0.00835209 -0.0131306 0.0762283 
0.015083 -0.0249128 0.00266113 -0.00320598 -0.0249128 0.107774 -0.00321441 0.0082914 0.00266113 -0.00321441 0.0057451 -0.0130619 -0.00320598 0.0082914 -0.0130619 0.0759926 
0.0150528 -0.0249192 0.00269867 -0.00321877 -0.0249192 0.107818 -0.00322212 0.00828857 0.00269867 -0.00322212 0.00580346 -0.0131119 -0.00321877 0.00828857 -0.0131119 0.0760118 
0.0150152 -0.0248943 0.00273975 -0.00327136 -0.0248943 0.107823 -0.00326624 0.00837052 0.00273975 -0.00326624 0.00585446 -0.0132049 -0.00327136 0.00837052 -0.0132049 0.0762286 
0.0149652 -0.0248483 0.00278982 -0.00332183 -0.0248483 0.107751 -0.00331235 0.00848536 0.00278982 -0.00331235 0.00595395 -0.0132764 -0.00332183 0.00848536 -0.0132764 0.076458 
0.0149434 -0.0247612 0.00278875 -0.00337303 -0.0247612 0.107505 -0.00336193 0.008599 0.00278875 -0.00336193 0.00603183 -0.013378 -0.00337303 0.008599 -0.013378 0.0766326 
0.0149598 -0.0247217 0.00274224 -0.0033607 -0.0247217 0.107296 -0.00334983 0.00861727 0.00274224 -0.00334983 0.00603943 -0.0134549 -0.0033607 0.00861727 -0.0134549 0.0767621 
0.0150434 -0.024818 0.00268708 -0.00330593 -0.024818 0.107568 -0.00330116 0.00853818 0.00268708 -0.00330116 0.00601466 -0.013513 -0.00330593 0.00853818 -0.013513 0.0770666 
0.0150719 -0.0248639 0.00263352 -0.0032167 -0.0248639 0.107613 -0.00321975 0.00834322 0.00263352 -0.00321975 0.00590395 -0.0134457 -0.0032167 0.00834322 -0.0134457 0.0769392 
0.0150744 -0.0249132 0.00263482 -0.00315565 -0.0249132 0.107751 -0.00316632 0.00817973 0.00263482 -0.00316632 0.00587012 -0.0133319 -0.00315565 0.00817973 -0.0133319 0.0767561 
0.0150279 -0.0249091 0.00267868 -0.00315679 -0.0249091 0.107777 -0.00316709 0.00811683 0.00267868 -0.00316709 0.00586728 -0.0132681 -0.00315679 0.00811683 -0.0132681 0.0765264 
0.014967 -0.0248598 0.00273954 -0.00321662 -0.0248598 0.107719 -0.00321872 0.00819556 0.00273954 -0.00321872 0.00589876 -0.0132538 -0.00321662 0.00819556 -0.0132538 0.0764144 
0.0149065 -0.0248013 0.00280901 -0.00329846 -0.0248013 0.107635 -0.00329203 0.00836386 0.00280901 -0.00329203 0.00592957 -0.0132872 -0.00329846 0.00836386 -0.0132872 0.0764508 
0.0148756 -0.0247457 0.0028598 -0.00338945 -0.0247457 0.107569 -0.00337797 0.00857701 0.0028598 -0.00337797 0.00591966 -0.0133316 -0.00338945 0.00857701 -0.0133316 0.0765905 
0.0148557 -0.0246195 0.00282981 -0.00345704 -0.0246195 0.107122 -0.00344546 0.00877245 0.00282981 -0.00344546 0.00588089 -0.0133102 -0.00345704 0.00877245 -0.0133102 0.0765105 
0.0148999 -0.0246694 0.00281287 -0.00342571 -0.0246694 0.107215 -0.00342378 0.00881793 0.00281287 -0.00342378 0.00586359 -0.0132777 -0.00342571 0.00881793 -0.0132777 0.076533 
0.0149616 -0.0247129 0.00277272 -0.00339664 -0.0247129 0.107318 -0.00340257 0.00876772 0.00277272 -0.00340257 0.0058157 -0.0132513 -0.00339664 0.00876772 -0.0132513 0.0764769 
0.0149445 -0.0247214 0.00275482 -0.00333934 -0.0247214 0.107201 -0.00334876 0.00865247 0.00275482 -0.00334876 0.00583131 -0.013165 -0.00333934 0.00865247 -0.013165 0.0761881 
0.0149664 -0.0248068 0.00277094 -0.00333589 -0.0248068 0.107565 -0.00334202 0.00861164 0.00277094 -0.00334202 0.00591217 -0.0132403 -0.00333589 0.00861164 -0.0132403 0.0764001 
0.0149375 -0.0247883 0.00278952 -0.00334326 -0.0247883 0.107564 -0.00334404 0.00859501 0.00278952 -0.00334404 0.0059873 -0.0133258 -0.00334326 0.00859501 -0.0133258 0.0765572 
0.0148983 -0.0247125 0.00279221 -0.00334755 -0.0247125 0.107311 -0.00334321 0.00857524 0.00279221 -0.00334321 0.00595825 -0.0133737 -0.00334755 0.00857524 -0.0133737 0.0765668 
0.0149211 -0.0247427 0.00279158 -0.0033681 -0.0247427 0.107461 -0.003363 0.00861641 0.00279158 -0.003363 0.00593839 -0.0133967 -0.0033681 0.00861641 -0.0133967 0.0768066 
0.0148294 -0.0246989 0.00284897 -0.0033524 -0.0246989 0.107272 -0.00335143 0.00859959 0.00284897 -0.00335143 0.0059695 -0.0133253 -0.0033524 0.00859959 -0.0133253 0.0766144 
0.0148309 -0.0246474 0.00287325 -0.0034278 -0.0246474 0.107267 -0.00342512 0.00870741 0.00287325 -0.00342512 0.00594589 -0.0133722 -0.0034278 0.00870741 -0.0133722 0.0766877 
0.0148347 -0.0245736 0.00284335 -0.00345948 -0.0245736 0.106948 -0.00345504 0.00881493 0.00284335 -0.00345504 0.00593128 -0.0133177 -0.00345948 0.00881493 -0.0133177 0.0765227 
0.0149105 -0.0246658 0.00281732 -0.00343758 -0.0246658 0.107204 -0.00343631 0.00883879 0.00281732 -0.00343631 0.00591997 -0.0133328 -0.00343758 0.00883879 -0.0133328 0.0766277 
0.0149315 -0.0247085 0.00280156 -0.00339418 -0.0247085 0.10726 -0.00339554 0.00875944 0.00280156 -0.00339554 0.00590739 -0.0133044 -0.00339418 0.00875944 -0.0133044 0.0765412 
0.0148851 -0.0247618 0.00286257 -0.00339294 -0.0247618 0.107454 -0.00339415 0.00873858 0.00286257 -0.00339415 0.00606485 -0.0133489 -0.00339294 0.00873858 -0.0133489 0.0767193 
0.0148439 -0.0246316 0.00286544 -0.00344563 -0.0246316 0.107107 -0.00343631 0.00878215 0.00286544 -0.00343631 0.0060745 -0.0134819 -0.00344563 0.00878215 -0.0134819 0.0767853 
0.0149383 -0.0246712 0.00280535 -0.00347408 -0.0246712 0.107254 -0.00346056 0.00887807 0.00280535 -0.00346056 0.00600312 -0.0135825 -0.00347408 0.00887807 -0.0135825 0.077259 
0.015004 -0.0247205 0.00272001 -0.00338416 -0.0247205 0.107227 -0.00338264 0.00876709 0.00272001 -0.00338264 0.00589075 -0.0134634 -0.00338416 0.00876709 -0.0134634 0.0771156 
0.015063 -0.0248495 0.00267996 -0.00327604 -0.0248495 0.10756 -0.00328955 0.00855268 0.00267996 -0.00328955 0.00582631 -0.0133323 -0.00327604 0.00855268 -0.0133323 0.0768961 
