0.0110323 0 0.000486244 0 0 0.0099984 0 0 0.000486244 0 0.00320405 0 0 0 0 0.0099984 
0.0154683 -0.0191401 0.000337877 -0.000401784 -0.0191401 0.0458592 -0.000401784 0.000769659 0.000337877 -0.000401784 0.00461547 -0.00579661 -0.000401784 0.000769659 -0.00579661 0.0202732 
0.0150693 -0.0271726 0.000217743 -0.000199468 -0.0271726 0.0958667 -0.000199468 0.000526822 0.000217743 -0.000199468 0.00511363 -0.0105001 -0.000199468 0.000526822 -0.0105001 0.0428715 
0.0139682 -0.0249273 0.000342559 -9.06059e-05 -0.0249273 0.106088 -8.98086e-05 -0.000349122 0.000342559 -8.98086e-05 0.00520049 -0.0123186 -9.06059e-05 -0.000349122 -0.0123186 0.0609232 
0.0139765 -0.0235209 0.000534757 -0.000243514 -0.0235209 0.104612 -0.00024226 -0.000497772 0.000534757 -0.00024226 0.00523741 -0.0126291 -0.000243514 -0.000497772 -0.0126291 0.0698771 
0.0142763 -0.0235163 0.000549901 -0.000468542 -0.0235163 0.103877 -0.000466003 5.57983e-05 0.000549901 -0.000466003 0.00527789 -0.0125229 -0.000468542 5.57983e-05 -0.0125229 0.0728698 
0.0145409 -0.0238791 0.000436875 -0.000446451 -0.0238791 0.104501 -0.000454778 0.000364124 0.000436875 -0.000454778 0.00526419 -0.0124561 -0.000446451 0.000364124 -0.0124561 0.0737257 
0.0146226 -0.024129 0.00043367 -0.000308947 -0.024129 0.10511 -0.00033029 0.00029758 0.00043367 -0.00033029 0.00530056 -0.0123681 -0.000308947 0.00029758 -0.0123681 0.0737804 
0.0146354 -0.0242209 0.000431627 -0.00024674 -0.0242209 0.105509 -0.000259615 6.01229e-05 0.000431627 -0.000259615 0.00532404 -0.0123867 -0.00024674 6.01229e-05 -0.0123867 0.073793 
0.0146262 -0.0242111 0.00036679 -0.000253632 -0.0242111 0.105552 -0.000249452 -2.66675e-05 0.00036679 -0.000249452 0.00535527 -0.0124038 -0.000253632 -2.66675e-05 -0.0124038 0.0737892 
0.0146494 -0.0242028 0.000311716 -0.000206464 -0.0242028 0.105536 -0.000199889 -9.01501e-05 0.000311716 -0.000199889 0.00533292 -0.0124525 -0.000206464 -9.01501e-05 -0.0124525 0.0738705 
0.0147038 -0.0242405 0.000298953 -0.000161652 -0.0242405 0.105599 -0.000162938 -0.000161267 0.000298953 -0.000162938 0.00529273 -0.012449 -0.000161652 -0.000161267 -0.012449 0.0739485 
0.0147641 -0.0243357 0.000285607 -0.00012732 -0.0243357 0.105859 -0.00013114 -0.000272708 0.000285607 -0.00013114 0.00525663 -0.012415 -0.00012732 -0.000272708 -0.012415 0.073981 
0.0147897 -0.0244011 0.000275194 -0.000108896 -0.0244011 0.106048 -0.00010721 -0.00035012 0.000275194 -0.00010721 0.00523893 -0.0123617 -0.000108896 -0.00035012 -0.0123617 0.0738749 
0.0147757 -0.024394 0.000218909 -7.26883e-05 -0.024394 0.106009 -6.83306e-05 -0.000462997 0.000218909 -6.83306e-05 0.00519927 -0.0123086 -7.26883e-05 -0.000462997 -0.0123086 0.0736374 
0.0147922 -0.0244023 0.000185266 -6.28913e-06 -0.0244023 0.106064 -6.09604e-06 -0.000598723 0.000185266 -6.09604e-06 0.00513605 -0.0122656 -6.28913e-06 -0.000598723 -0.0122656 0.0735189 
0.0148169 -0.0244178 0.000145732 3.75791e-05 -0.0244178 0.106102 3.40409e-05 -0.000728538 0.000145732 3.40409e-05 0.00505097 -0.0121782 3.75791e-05 -0.000728538 -0.0121782 0.0733232 
0.0148649 -0.0244827 0.000136368 3.13263e-05 -0.0244827 0.106297 2.76545e-05 -0.000698068 0.000136368 2.76545e-05 0.00501533 -0.0120805 3.13263e-05 -0.000698068 -0.0120805 0.0731495 
0.0148597 -0.0245235 0.000169371 2.59408e-05 -0.0245235 0.106397 2.20143e-05 -0.00065309 0.000169371 2.20143e-05 0.00504768 -0.0120148 2.59408e-05 -0.00065309 -0.0120148 0.0729171 
0.0148533 -0.0245253 0.000228932 -2.40898e-05 -0.0245253 0.106453 -2.4003e-05 -0.000549052 0.000228932 -2.4003e-05 0.00511818 -0.0120578 -2.40898e-05 -0.000549052 -0.0120578 0.0728991 
0.014835 -0.0244869 0.000187459 -2.85876e-05 -0.0244869 0.106347 -2.25981e-05 -0.000584657 0.000187459 -2.25981e-05 0.00512599 -0.0121357 -2.85876e-05 -0.000584657 -0.0121357 0.0729714 
0.0148198 -0.0244804 0.000143119 4.92725e-06 -0.0244804 0.106326 9.03092e-06 -0.000625549 0.000143119 9.03092e-06 0.00515265 -0.0121716 4.92725e-06 -0.000625549 -0.0121716 0.0731278 
0.0148091 -0.0244581 0.000129677 6.09282e-05 -0.0244581 0.10628 5.60085e-05 -0.00072707 0.000129677 5.60085e-05 0.00517493 -0.0122107 6.09282e-05 -0.00072707 -0.0122107 0.0732561 
0.0148225 -0.0244504 3.8944e-05 0.000108527 -0.0244504 0.106272 9.80249e-05 -0.000880398 3.8944e-05 9.80249e-05 0.00514863 -0.0122461 0.000108527 -0.000880398 -0.0122461 0.073386 
0.0147957 -0.0244431 -7.79087e-06 0.000225397 -0.0244431 0.106202 0.000207491 -0.00111759 -7.79087e-06 0.000207491 0.0051256 -0.0122086 0.000225397 -0.00111759 -0.0122086 0.0733462 
0.0147987 -0.0244231 6.38294e-06 0.000267868 -0.0244231 0.106176 0.000246232 -0.00126741 6.38294e-06 0.000246232 0.0050918 -0.0121804 0.000267868 -0.00126741 -0.0121804 0.073298 
0.0148086 -0.0244299 3.12823e-05 0.000249901 -0.0244299 0.106183 0.000235996 -0.00130221 3.12823e-05 0.000235996 0.00506652 -0.0121314 0.000249901 -0.00130221 -0.0121314 0.0732073 
0.0148247 -0.0244162 1.40263e-05 0.000215687 -0.0244162 0.106098 0.00021508 -0.00126232 1.40263e-05 0.00021508 0.00500193 -0.0120717 0.000215687 -0.00126232 -0.0120717 0.0729924 
0.0148563 -0.0244762 9.12522e-06 0.000198735 -0.0244762 0.106253 0.000204407 -0.00117647 9.12522e-06 0.000204407 0.00498099 -0.0120005 0.000198735 -0.00117647 -0.0120005 0.0728578 
0.0148627 -0.024489 -3.45554e-05 0.000207462 -0.024489 0.106267 0.000214179 -0.00116594 -3.45554e-05 0.000214179 0.0049655 -0.0119474 0.000207462 -0.00116594 -0.0119474 0.0726331 
0.0148498 -0.0245111 -8.84698e-06 0.000285557 -0.0245111 0.10635 0.000286732 -0.001307 -8.84698e-06 0.000286732 0.00495647 -0.0119293 0.000285557 -0.001307 -0.0119293 0.0725357 
0.0148064 -0.0244916 1.49606e-05 0.000226764 -0.0244916 0.106332 0.000230007 -0.00125201 1.49606e-05 0.000230007 0.00499874 -0.0119177 0.000226764 -0.00125201 -0.0119177 0.0724834 
0.0148025 -0.024472 5.28047e-05 0.000203559 -0.024472 0.106386 0.000207518 -0.00118221 5.28047e-05 0.000207518 0.0050339 -0.0119836 0.000203559 -0.00118221 -0.0119836 0.0726343 
0.0147938 -0.0244028 3.82959e-05 0.000153147 -0.0244028 0.10613 0.000158609 -0.0010742 3.82959e-05 0.000158609 0.00502063 -0.0120091 0.000153147 -0.0010742 -0.0120091 0.0726419 
0.0148207 -0.0244063 -3.40895e-05 0.00022961 -0.0244063 0.106082 0.000232271 -0.00121479 -3.40895e-05 0.000232271 0.00492066 -0.0119916 0.00022961 -0.00121479 -0.0119916 0.0726354 
0.0148413 -0.024457 -0.000109153 0.000293795 -0.024457 0.106188 0.000293125 -0.00135223 -0.000109153 0.000293125 0.00484096 -0.0118676 0.000293795 -0.00135223 -0.0118676 0.0724602 
0.0147961 -0.0244759 -0.000103589 0.000351719 -0.0244759 0.106245 0.000342741 -0.00144634 -0.000103589 0.000342741 0.00485436 -0.0117409 0.000351719 -0.00144634 -0.0117409 0.0721231 
0.0147853 -0.0244349 -0.000129814 0.000374332 -0.0244349 0.106249 0.000360999 -0.00155305 -0.000129814 0.000360999 0.00484616 -0.0117388 0.000374332 -0.00155305 -0.0117388 0.0719695 
0.0147642 -0.0243848 -0.000144408 0.00039163 -0.0243848 0.106068 0.0003777 -0.00159445 -0.000144408 0.0003777 0.00484267 -0.0117129 0.00039163 -0.00159445 -0.0117129 0.0718295 
0.0147987 -0.0243804 -0.000141756 0.000385113 -0.0243804 0.106039 0.000371876 -0.00157196 -0.000141756 0.000371876 0.00482653 -0.011714 0.000385113 -0.00157196 -0.011714 0.0718141 
0.0148568 -0.0244387 -0.000146454 0.000336052 -0.0244387 0.106151 0.000328501 -0.00143834 -0.000146454 0.000328501 0.00486122 -0.0117079 0.000336052 -0.00143834 -0.0117079 0.0718396 
0.014859 -0.0245081 -0.000172145 0.000409134 -0.0245081 0.106328 0.000404206 -0.00158415 -0.000172145 0.000404206 0.0048838 -0.0117562 0.000409134 -0.00158415 -0.0117562 0.0719207 
0.0148685 -0.0245125 -0.000169241 0.000394097 -0.0245125 0.106391 0.000390347 -0.00157219 -0.000169241 0.000390347 0.00491865 -0.0118051 0.000394097 -0.00157219 -0.0118051 0.0720661 
0.0148828 -0.0245237 -0.000184634 0.000417718 -0.0245237 0.106435 0.000412817 -0.00162958 -0.000184634 0.000412817 0.00492692 -0.0118647 0.000417718 -0.00162958 -0.0118647 0.0722477 
0.0148911 -0.0245287 -0.000179868 0.000435158 -0.0245287 0.106426 0.000429976 -0.00167987 -0.000179868 0.000429976 0.00493252 -0.011886 0.000435158 -0.00167987 -0.011886 0.0723542 
0.0149303 -0.0245569 -0.0001781 0.000442838 -0.0245569 0.106514 0.000439484 -0.00173187 -0.0001781 0.000439484 0.00489218 -0.011905 0.000442838 -0.00173187 -0.011905 0.0724626 
0.014967 -0.0245898 -0.000114488 0.000379989 -0.0245898 0.106539 0.000382302 -0.00158274 -0.000114488 0.000382302 0.00488636 -0.0118574 0.000379989 -0.00158274 -0.0118574 0.0724068 
0.0149869 -0.0246502 -6.92314e-05 0.00035486 -0.0246502 0.106695 0.00036589 -0.00155884 -6.92314e-05 0.00036589 0.00487295 -0.0118435 0.00035486 -0.00155884 -0.0118435 0.0723516 
0.0150022 -0.0246991 2.21206e-05 0.000262297 -0.0246991 0.10689 0.000283795 -0.00136921 2.21206e-05 0.000283795 0.00489819 -0.0118414 0.000262297 -0.00136921 -0.0118414 0.0723763 
0.0150019 -0.024707 5.77633e-05 0.000152874 -0.024707 0.106951 0.000181374 -0.00112683 5.77633e-05 0.000181374 0.00493161 -0.0118682 0.000152874 -0.00112683 -0.0118682 0.0724035 
0.0149948 -0.0246905 4.44254e-05 0.000118021 -0.0246905 0.106907 0.000145341 -0.00097532 4.44254e-05 0.000145341 0.00493223 -0.0119058 0.000118021 -0.00097532 -0.0119058 0.0724465 
0.0149942 -0.0246888 1.18246e-05 0.000151523 -0.0246888 0.106903 0.000168174 -0.000982438 1.18246e-05 0.000168174 0.00491464 -0.0119165 0.000151523 -0.000982438 -0.0119165 0.0725046 
0.0149503 -0.0246704 -3.60249e-06 0.00020845 -0.0246704 0.106833 0.000210832 -0.00108929 -3.60249e-06 0.000210832 0.00493278 -0.0118849 0.00020845 -0.00108929 -0.0118849 0.0724402 
0.0149233 -0.0246382 -1.17834e-06 0.000223909 -0.0246382 0.106806 0.000217362 -0.00114367 -1.17834e-06 0.000217362 0.00498631 -0.011913 0.000223909 -0.00114367 -0.011913 0.0724882 
0.0149052 -0.0245808 -5.00822e-05 0.000234418 -0.0245808 0.106643 0.000223624 -0.00118881 -5.00822e-05 0.000223624 0.00502944 -0.0119739 0.000234418 -0.00118881 -0.0119739 0.0725718 
0.0149458 -0.0245921 -9.59705e-05 0.000288849 -0.0245921 0.106685 0.000273465 -0.00127788 -9.59705e-05 0.000273465 0.00502642 -0.0120612 0.000288849 -0.00127788 -0.0120612 0.072848 
0.0150066 -0.0246147 -0.000187472 0.00034694 -0.0246147 0.106679 0.000328606 -0.00141225 -0.000187472 0.000328606 0.00498484 -0.0120647 0.00034694 -0.00141225 -0.0120647 0.0729547 
0.0150556 -0.0246915 -0.000192681 0.000424824 -0.0246915 0.106792 0.000405183 -0.00154378 -0.000192681 0.000405183 0.00498073 -0.0120257 0.000424824 -0.00154378 -0.0120257 0.0729368 
0.0150741 -0.024775 -0.000110901 0.000434191 -0.024775 0.107022 0.000421556 -0.00163357 -0.000110901 0.000421556 0.00502449 -0.0120334 0.000434191 -0.00163357 -0.0120334 0.0729662 
0.0150807 -0.0247875 -0.000107986 0.000361956 -0.0247875 0.107115 0.000367811 -0.00160824 -0.000107986 0.000367811 0.0050061 -0.0120857 0.000361956 -0.00160824 -0.0120857 0.0730406 
0.0151135 -0.0248185 -9.98416e-05 0.000334482 -0.0248185 0.107249 0.000347596 -0.00150845 -9.98416e-05 0.000347596 0.00500938 -0.0120864 0.000334482 -0.00150845 -0.0120864 0.0731536 
0.0151269 -0.0248331 -0.000137373 0.000354882 -0.0248331 0.107265 0.000367918 -0.00154531 -0.000137373 0.000367918 0.00494997 -0.0120695 0.000354882 -0.00154531 -0.0120695 0.0730946 
0.0151423 -0.0248494 -0.000224898 0.000397221 -0.0248494 0.107295 0.0004053 -0.00162079 -0.000224898 0.0004053 0.00489731 -0.0119917 0.000397221 -0.00162079 -0.0119917 0.0729393 
0.0151693 -0.0248838 -0.000323487 0.000512043 -0.0248838 0.107405 0.000509879 -0.00182673 -0.000323487 0.000509879 0.00483378 -0.0119187 0.000512043 -0.00182673 -0.0119187 0.0727587 
0.0151618 -0.0249064 -0.00035127 0.000629901 -0.0249064 0.107459 0.000614257 -0.00208457 -0.00035127 0.000614257 0.00480685 -0.0118272 0.000629901 -0.00208457 -0.0118272 0.0725158 
0.0151624 -0.0248804 -0.000398556 0.000662128 -0.0248804 0.10739 0.0006453 -0.00223799 -0.000398556 0.0006453 0.00477021 -0.0117731 0.000662128 -0.00223799 -0.0117731 0.0722758 
0.0151678 -0.0248915 -0.000385554 0.000720147 -0.0248915 0.107403 0.000703795 -0.00237664 -0.000385554 0.000703795 0.00475184 -0.0117246 0.000720147 -0.00237664 -0.0117246 0.0721222 
0.0152041 -0.0249207 -0.000392923 0.0007099 -0.0249207 0.107519 0.00070208 -0.00243763 -0.000392923 0.00070208 0.00470883 -0.0117019 0.0007099 -0.00243763 -0.0117019 0.0720591 
0.0152141 -0.024935 -0.000415418 0.000695776 -0.024935 0.107508 0.000696661 -0.00241105 -0.000415418 0.000696661 0.00467829 -0.0116337 0.000695776 -0.00241105 -0.0116337 0.0718691 
0.0152196 -0.0249721 -0.000381159 0.000694606 -0.0249721 0.107614 0.000697689 -0.00236288 -0.000381159 0.000697689 0.00470375 -0.0115994 0.000694606 -0.00236288 -0.0115994 0.0717623 
0.0152025 -0.0249774 -0.000349653 0.000648046 -0.0249774 0.107659 0.000653414 -0.00227494 -0.000349653 0.000653414 0.0047758 -0.0116318 0.000648046 -0.00227494 -0.0116318 0.0717669 
0.0151807 -0.0249413 -0.000414932 0.000664833 -0.0249413 0.107593 0.000670409 -0.00232426 -0.000414932 0.000670409 0.00479423 -0.0117158 0.000664833 -0.00232426 -0.0117158 0.0718786 
0.0151902 -0.0249089 -0.000464911 0.00071614 -0.0249089 0.107489 0.000713565 -0.00237749 -0.000464911 0.000713565 0.00478753 -0.0117631 0.00071614 -0.00237749 -0.0117631 0.0720455 
0.0152345 -0.0249501 -0.000485212 0.000771122 -0.0249501 0.107587 0.000759944 -0.00247948 -0.000485212 0.000759944 0.00476964 -0.0117831 0.000771122 -0.00247948 -0.0117831 0.0722251 
0.0152655 -0.0249942 -0.0005292 0.000800039 -0.0249942 0.107676 0.000789633 -0.00257611 -0.0005292 0.000789633 0.00475973 -0.0117606 0.000800039 -0.00257611 -0.0117606 0.0722416 
0.0152732 -0.0250208 -0.00058294 0.000868575 -0.0250208 0.107729 0.000861292 -0.00273901 -0.00058294 0.000861292 0.00471012 -0.0117368 0.000868575 -0.00273901 -0.0117368 0.0721659 
0.0152907 -0.0250451 -0.000632798 0.000936855 -0.0250451 0.107826 0.000928573 -0.00291345 -0.000632798 0.000928573 0.00466646 -0.0116783 0.000936855 -0.00291345 -0.0116783 0.0720694 
0.0152972 -0.0250582 -0.000673739 0.00100027 -0.0250582 0.107866 0.000991147 -0.00308507 -0.000673739 0.000991147 0.0046409 -0.0116049 0.00100027 -0.00308507 -0.0116049 0.0718784 
0.0152971 -0.0250575 -0.000659799 0.00104402 -0.0250575 0.107852 0.00103501 -0.00321344 -0.000659799 0.00103501 0.00460859 -0.0115576 0.00104402 -0.00321344 -0.0115576 0.0716844 
0.0153057 -0.0250767 -0.000654944 0.00101819 -0.0250767 0.107922 0.00101563 -0.00321938 -0.000654944 0.00101563 0.00460567 -0.0115202 0.00101819 -0.00321938 -0.0115202 0.0715798 
0.015291 -0.0251012 -0.000584931 0.00099057 -0.0251012 0.108022 0.000992172 -0.00314416 -0.000584931 0.000992172 0.00464722 -0.0115209 0.00099057 -0.00314416 -0.0115209 0.0715651 
0.0152649 -0.0250474 -0.00053565 0.000887974 -0.0250474 0.107879 0.000895347 -0.0029421 -0.00053565 0.000895347 0.00468809 -0.0115632 0.000887974 -0.0029421 -0.0115632 0.0715659 
0.0152692 -0.0250349 -0.000499738 0.000817659 -0.0250349 0.107839 0.000826383 -0.00272652 -0.000499738 0.000826383 0.00473458 -0.0116368 0.000817659 -0.00272652 -0.0116368 0.0717479 
0.0152972 -0.025069 -0.000470629 0.000784561 -0.025069 0.107963 0.000792033 -0.00260781 -0.000470629 0.000792033 0.00478078 -0.0117238 0.000784561 -0.00260781 -0.0117238 0.0720463 
0.0152985 -0.0250632 -0.000482733 0.000774319 -0.0250632 0.107913 0.000781428 -0.00258052 -0.000482733 0.000781428 0.00475773 -0.0117754 0.000774319 -0.00258052 -0.0117754 0.0721887 
0.0152732 -0.0250664 -0.000456793 0.000787715 -0.0250664 0.107895 0.000792921 -0.00258668 -0.000456793 0.000792921 0.00476534 -0.0117545 0.000787715 -0.00258668 -0.0117545 0.072221 
0.0152573 -0.0250471 -0.000431972 0.000764041 -0.0250471 0.107889 0.000767924 -0.00256756 -0.000431972 0.000767924 0.00477723 -0.0117587 0.000764041 -0.00256756 -0.0117587 0.0722319 
0.0152701 -0.0250402 -0.000415327 0.000730166 -0.0250402 0.107909 0.000732884 -0.00249316 -0.000415327 0.000732884 0.00480057 -0.01178 0.000730166 -0.00249316 -0.01178 0.0723026 
0.0152623 -0.024999 -0.000451015 0.000746029 -0.024999 0.107718 0.000748966 -0.00253398 -0.000451015 0.000748966 0.00474881 -0.0117745 0.000746029 -0.00253398 -0.0117745 0.0721987 
0.0152749 -0.0250151 -0.000497569 0.00077711 -0.0250151 0.107723 0.000779613 -0.00258715 -0.000497569 0.000779613 0.0047027 -0.0117195 0.00077711 -0.00258715 -0.0117195 0.072112 
0.0153023 -0.02507 -0.000538818 0.000789077 -0.02507 0.107904 0.000788619 -0.00257218 -0.000538818 0.000788619 0.00475312 -0.0116795 0.000789077 -0.00257218 -0.0116795 0.0720832 
0.0153064 -0.0250746 -0.000537773 0.000840754 -0.0250746 0.107909 0.000833566 -0.00264068 -0.000537773 0.000833566 0.0047978 -0.0117303 0.000840754 -0.00264068 -0.0117303 0.0720838 
0.0153113 -0.0251027 -0.000504898 0.000833971 -0.0251027 0.108006 0.000825248 -0.00265381 -0.000504898 0.000825248 0.00490477 -0.0118245 0.000833971 -0.00265381 -0.0118245 0.0723326 
0.0153077 -0.0250836 -0.000489822 0.000820727 -0.0250836 0.107958 0.000815875 -0.00266907 -0.000489822 0.000815875 0.00494171 -0.0119673 0.000820727 -0.00266907 -0.0119673 0.0726402 
0.0153245 -0.0250882 -0.000520019 0.000820388 -0.0250882 0.107978 0.000821051 -0.00269879 -0.000520019 0.000821051 0.00491542 -0.0120429 0.000820388 -0.00269879 -0.0120429 0.0729552 
0.01534 -0.0251196 -0.000538942 0.000855495 -0.0251196 0.108065 0.000856505 -0.00276371 -0.000538942 0.000856505 0.00487364 -0.0120205 0.000855495 -0.00276371 -0.0120205 0.0730748 
0.0153375 -0.0251197 -0.000577686 0.0008755 -0.0251197 0.108053 0.000876589 -0.00282051 -0.000577686 0.000876589 0.00485821 -0.0119497 0.0008755 -0.00282051 -0.0119497 0.0729418 
0.0153395 -0.0251188 -0.000549671 0.000907875 -0.0251188 0.108044 0.000905803 -0.00287059 -0.000549671 0.000905803 0.00485687 -0.0119211 0.000907875 -0.00287059 -0.0119211 0.0728164 
0.0153563 -0.0251372 -0.000549442 0.000885908 -0.0251372 0.108111 0.000887078 -0.00288069 -0.000549442 0.000887078 0.00481598 -0.0119216 0.000885908 -0.00288069 -0.0119216 0.0727945 
0.015345 -0.0251371 -0.00052935 0.000863361 -0.0251371 0.10808 0.00086759 -0.00281521 -0.00052935 0.00086759 0.00480172 -0.0118661 0.000863361 -0.00281521 -0.0118661 0.0726711 
0.0153482 -0.0251373 -0.000538716 0.000835085 -0.0251373 0.108099 0.000840986 -0.00274178 -0.000538716 0.000840986 0.00480331 -0.0118416 0.000835085 -0.00274178 -0.0118416 0.0725829 
0.0153626 -0.0251483 -0.000566273 0.000838986 -0.0251483 0.108138 0.000841878 -0.00270254 -0.000566273 0.000841878 0.00484658 -0.0118482 0.000838986 -0.00270254 -0.0118482 0.0725728 
0.0153644 -0.025151 -0.000609931 0.000888119 -0.025151 0.108122 0.000885579 -0.00278065 -0.000609931 0.000885579 0.00488017 -0.0118995 0.000888119 -0.00278065 -0.0118995 0.0726226 
0.0153856 -0.0251807 -0.000643519 0.000956001 -0.0251807 0.108243 0.000948117 -0.00293524 -0.000643519 0.000948117 0.00490839 -0.0119688 0.000956001 -0.00293524 -0.0119688 0.0728408 
0.0153957 -0.0251644 -0.000616756 0.000980398 -0.0251644 0.108151 0.000971268 -0.00301758 -0.000616756 0.000971268 0.00487945 -0.0120074 0.000980398 -0.00301758 -0.0120074 0.0729407 
0.015425 -0.0251997 -0.000625945 0.000949421 -0.0251997 0.108221 0.000948289 -0.00301134 -0.000625945 0.000948289 0.00483527 -0.0119878 0.000949421 -0.00301134 -0.0119878 0.0729988 
0.0154469 -0.0252464 -0.000632511 0.000944348 -0.0252464 0.108344 0.000949335 -0.00297647 -0.000632511 0.000949335 0.00480604 -0.0119318 0.000944348 -0.00297647 -0.0119318 0.0729317 
0.015453 -0.0252621 -0.000629343 0.000967307 -0.0252621 0.1084 0.000972996 -0.00302076 -0.000629343 0.000972996 0.00476843 -0.0118712 0.000967307 -0.00302076 -0.0118712 0.0727484 
0.0154713 -0.0253032 -0.00062103 0.000947367 -0.0253032 0.108567 0.000954223 -0.00299083 -0.00062103 0.000954223 0.00480744 -0.0118349 0.000947367 -0.00299083 -0.0118349 0.07268 
0.0154674 -0.0252917 -0.00062165 0.000941466 -0.0252917 0.10853 0.000946999 -0.00296756 -0.00062165 0.000946999 0.00485255 -0.0118629 0.000941466 -0.00296756 -0.0118629 0.0726138 
0.0154703 -0.0252907 -0.00067749 0.000974008 -0.0252907 0.108532 0.000977165 -0.00304632 -0.00067749 0.000977165 0.00483325 -0.0119212 0.000974008 -0.00304632 -0.0119212 0.0726923 
0.0154631 -0.0252868 -0.000767001 0.00106088 -0.0252868 0.10851 0.0010602 -0.00323382 -0.000767001 0.0010602 0.00475949 -0.0118957 0.00106088 -0.00323382 -0.0118957 0.0726825 
0.0154587 -0.0252928 -0.000820156 0.00118462 -0.0252928 0.108559 0.00117586 -0.00351621 -0.000820156 0.00117586 0.00464049 -0.0117961 0.00118462 -0.00351621 -0.0117961 0.0725302 
0.0154323 -0.0252697 -0.000806027 0.00123126 -0.0252697 0.108493 0.00121792 -0.00368039 -0.000806027 0.00121792 0.0045802 -0.0116223 0.00123126 -0.00368039 -0.0116223 0.0721353 
0.0154225 -0.0252432 -0.000833742 0.00120617 -0.0252432 0.108437 0.0011969 -0.00369275 -0.000833742 0.0011969 0.00452141 -0.0115123 0.00120617 -0.00369275 -0.0115123 0.0717509 
0.0154139 -0.0252341 -0.000822907 0.00121448 -0.0252341 0.108402 0.00120662 -0.00366885 -0.000822907 0.00120662 0.00452111 -0.011423 0.00121448 -0.00366885 -0.011423 0.0714521 
0.0154128 -0.0252048 -0.000819757 0.00118898 -0.0252048 0.108288 0.00118184 -0.00361165 -0.000819757 0.00118184 0.00453461 -0.0114041 0.00118898 -0.00361165 -0.0114041 0.0712469 
0.0153703 -0.0252088 -0.000823234 0.00122048 -0.0252088 0.108269 0.00121624 -0.00368557 -0.000823234 0.00121624 0.00456753 -0.0114126 0.00122048 -0.00368557 -0.0114126 0.0711791 
0.0153629 -0.0251951 -0.000799884 0.0012206 -0.0251951 0.108342 0.00121594 -0.00371086 -0.000799884 0.00121594 0.00459804 -0.0114768 0.0012206 -0.00371086 -0.0114768 0.071347 
0.0153158 -0.0251295 -0.000721071 0.00118443 -0.0251295 0.108121 0.00117914 -0.00365046 -0.000721071 0.00117914 0.00463044 -0.0115058 0.00118443 -0.00365046 -0.0115058 0.0713939 
0.0153076 -0.0251163 -0.000658166 0.00109134 -0.0251163 0.108132 0.00109256 -0.00349226 -0.000658166 0.00109256 0.00467418 -0.0115679 0.00109134 -0.00349226 -0.0115679 0.0716043 
0.0153025 -0.0250867 -0.000662253 0.0010045 -0.0250867 0.108045 0.00101207 -0.00328031 -0.000662253 0.00101207 0.00467516 -0.0116231 0.0010045 -0.00328031 -0.0116231 0.0717584 
0.0153025 -0.0250632 -0.00069706 0.000990226 -0.0250632 0.107919 0.000995141 -0.0031436 -0.00069706 0.000995141 0.00468168 -0.0116267 0.000990226 -0.0031436 -0.0116267 0.0718097 
0.0153234 -0.0250858 -0.000701477 0.00104565 -0.0250858 0.10797 0.00104287 -0.00319538 -0.000701477 0.00104287 0.00468431 -0.0116438 0.00104565 -0.00319538 -0.0116438 0.071892 
0.0153424 -0.0251226 -0.00069399 0.0010347 -0.0251226 0.10807 0.00103118 -0.00319298 -0.00069399 0.00103118 0.00471051 -0.0116632 0.0010347 -0.00319298 -0.0116632 0.0719904 
0.0153365 -0.0251189 -0.000611564 0.00102964 -0.0251189 0.108034 0.00102711 -0.00318124 -0.000611564 0.00102711 0.00471543 -0.0116901 0.00102964 -0.00318124 -0.0116901 0.0720213 
0.0153497 -0.0251455 -0.000554479 0.000950761 -0.0251455 0.108151 0.0009577 -0.00309506 -0.000554479 0.0009577 0.00471004 -0.0117104 0.000950761 -0.00309506 -0.0117104 0.0721358 
0.0153115 -0.0251098 -0.000581904 0.000908709 -0.0251098 0.108024 0.000925605 -0.00302687 -0.000581904 0.000925605 0.00468312 -0.0116676 0.000908709 -0.00302687 -0.0116676 0.0719905 
0.0152936 -0.0250908 -0.000580832 0.00090809 -0.0250908 0.108 0.000920777 -0.00294833 -0.000580832 0.000920777 0.00468659 -0.0116392 0.00090809 -0.00294833 -0.0116392 0.0719221 
0.0153073 -0.0250743 -0.000618285 0.000933274 -0.0250743 0.107983 0.000936383 -0.00298913 -0.000618285 0.000936383 0.00464738 -0.0116342 0.000933274 -0.00298913 -0.0116342 0.0718789 
0.0153264 -0.0250873 -0.000675289 0.000966387 -0.0250873 0.107989 0.000963726 -0.00303841 -0.000675289 0.000963726 0.00462316 -0.0115858 0.000966387 -0.00303841 -0.0115858 0.0717952 
0.0153239 -0.0251034 -0.000703478 0.00102232 -0.0251034 0.107991 0.00101526 -0.00312638 -0.000703478 0.00101526 0.00464612 -0.0115461 0.00102232 -0.00312638 -0.0115461 0.071663 
0.0153391 -0.0251149 -0.000666005 0.00106727 -0.0251149 0.108053 0.00105726 -0.00324698 -0.000666005 0.00105726 0.00465979 -0.0115792 0.00106727 -0.00324698 -0.0115792 0.0716803 
0.0153333 -0.0251218 -0.00071794 0.00104305 -0.0251218 0.108067 0.00103971 -0.00329264 -0.00071794 0.00103971 0.00468163 -0.0115964 0.00104305 -0.00329264 -0.0115964 0.0717186 
0.0153076 -0.0250909 -0.000714112 0.00109396 -0.0250909 0.107959 0.00109292 -0.00335803 -0.000714112 0.00109292 0.0046593 -0.0116191 0.00109396 -0.00335803 -0.0116191 0.0717249 
0.0153104 -0.0250836 -0.000745749 0.00108016 -0.0250836 0.107955 0.00107795 -0.00336308 -0.000745749 0.00107795 0.00464241 -0.0116093 0.00108016 -0.00336308 -0.0116093 0.0717776 
0.0153524 -0.025113 -0.00075589 0.00111612 -0.025113 0.108068 0.00111202 -0.00340551 -0.00075589 0.00111202 0.0045897 -0.0115978 0.00111612 -0.00340551 -0.0115978 0.0718265 
0.01536 -0.0251294 -0.000759985 0.00111359 -0.0251294 0.108049 0.00111087 -0.00340901 -0.000759985 0.00111087 0.00454781 -0.0115141 0.00111359 -0.00340901 -0.0115141 0.0716486 
0.0153793 -0.0251686 -0.000794351 0.00111904 -0.0251686 0.108176 0.00111894 -0.00341887 -0.000794351 0.00111894 0.00451545 -0.0114548 0.00111904 -0.00341887 -0.0114548 0.071497 
0.0153797 -0.0251627 -0.000773262 0.00115805 -0.0251627 0.108145 0.00115598 -0.00347656 -0.000773262 0.00115598 0.00448757 -0.0113912 0.00115805 -0.00347656 -0.0113912 0.071261 
0.0153914 -0.0251888 -0.000737191 0.00114205 -0.0251888 0.108236 0.00114222 -0.00349773 -0.000737191 0.00114222 0.00448594 -0.0113549 0.00114205 -0.00349773 -0.0113549 0.0711383 
0.0153784 -0.0251792 -0.000747483 0.00107838 -0.0251792 0.108187 0.00108493 -0.00338156 -0.000747483 0.00108493 0.00454064 -0.0113379 0.00107838 -0.00338156 -0.0113379 0.0710059 
0.0153945 -0.0251925 -0.000758749 0.00106982 -0.0251925 0.108254 0.00107459 -0.00328456 -0.000758749 0.00107459 0.00461759 -0.0114292 0.00106982 -0.00328456 -0.0114292 0.0711607 
0.0154301 -0.0252211 -0.000757619 0.00109182 -0.0252211 0.108348 0.00108911 -0.00328879 -0.000757619 0.00108911 0.00468583 -0.011561 0.00109182 -0.00328879 -0.011561 0.0715086 
0.0154399 -0.0252324 -0.000813208 0.00113125 -0.0252324 0.108341 0.00112894 -0.00341249 -0.000813208 0.00112894 0.00468377 -0.0116571 0.00113125 -0.00341249 -0.0116571 0.0717815 
0.0154496 -0.0252539 -0.000897017 0.00122244 -0.0252539 0.108402 0.00121868 -0.00363015 -0.000897017 0.00121868 0.00464426 -0.0116665 0.00122244 -0.00363015 -0.0116665 0.0719383 
0.01545 -0.0252537 -0.000924818 0.00131871 -0.0252537 0.108394 0.00131117 -0.00385951 -0.000924818 0.00131117 0.00457609 -0.0116109 0.00131871 -0.00385951 -0.0116109 0.0718741 
0.0154646 -0.0252849 -0.000902164 0.00133382 -0.0252849 0.108511 0.00132723 -0.00395503 -0.000902164 0.00132723 0.00454978 -0.0115314 0.00133382 -0.00395503 -0.0115314 0.071764 
0.0154603 -0.0252671 -0.000907567 0.00129034 -0.0252671 0.108431 0.00129023 -0.0039026 -0.000907567 0.00129023 0.00452793 -0.011467 0.00129034 -0.0039026 -0.011467 0.0715133 
0.0154786 -0.0252985 -0.000981495 0.00128901 -0.0252985 0.108533 0.00129107 -0.00386048 -0.000981495 0.00129107 0.00454767 -0.0114478 0.00128901 -0.00386048 -0.0114478 0.0714391 
