0.0101352 0 0.00061837 0 0 0.0100134 0 0 0.00061837 0 0.00352975 0 0 0 0 0.0100134 
0.0142661 -0.0176586 0.000616125 -0.000750548 -0.0176586 0.043036 -0.000750548 0.00143931 0.000616125 -0.000750548 0.00505192 -0.00631024 -0.000750548 0.00143931 -0.00631024 0.0212767 
0.0139169 -0.0251447 0.000423746 -0.00063269 -0.0251447 0.0893802 -0.00063269 0.00195208 0.000423746 -0.00063269 0.0052724 -0.0105792 -0.00063269 0.00195208 -0.0105792 0.0429434 
0.0130154 -0.0233133 0.000390087 -0.000365163 -0.0233133 0.100041 -0.000372573 0.000927092 0.000390087 -0.000372573 0.00510805 -0.0118194 -0.000365163 0.000927092 -0.0118194 0.0582393 
0.0131179 -0.0222526 0.000483719 -0.00035123 -0.0222526 0.10006 -0.000370034 0.000388873 0.000483719 -0.000370034 0.00502237 -0.0120444 -0.00035123 0.000388873 -0.0120444 0.0667076 
0.0134981 -0.0224505 0.000495293 -0.000453846 -0.0224505 0.100549 -0.000468787 0.000492657 0.000495293 -0.000468787 0.00495838 -0.0119139 -0.000453846 0.000492657 -0.0119139 0.0702151 
0.0137249 -0.0228013 0.000463621 -0.000481661 -0.0228013 0.101305 -0.000490422 0.000730761 0.000463621 -0.000490422 0.00486223 -0.0116395 -0.000481661 0.000730761 -0.0116395 0.0707802 
0.0138116 -0.0230707 0.000458807 -0.000486762 -0.0230707 0.102139 -0.000494222 0.000916974 0.000458807 -0.000494222 0.0048716 -0.0114037 -0.000486762 0.000916974 -0.0114037 0.0704676 
0.0138754 -0.0231657 0.000409726 -0.000461825 -0.0231657 0.102612 -0.000467053 0.000919955 0.000409726 -0.000467053 0.00488507 -0.0113488 -0.000461825 0.000919955 -0.0113488 0.0701354 
0.0138717 -0.0231911 0.000407371 -0.000429476 -0.0231911 0.10267 -0.000435874 0.000900932 0.000407371 -0.000435874 0.00491285 -0.0113466 -0.000429476 0.000900932 -0.0113466 0.0699084 
0.0138596 -0.0232051 0.000394473 -0.000395025 -0.0232051 0.102748 -0.000402665 0.000790487 0.000394473 -0.000402665 0.00494637 -0.0114088 -0.000395025 0.000790487 -0.0114088 0.0699796 
0.0138287 -0.0232019 0.000368363 -0.000332088 -0.0232019 0.102809 -0.00034021 0.000587359 0.000368363 -0.00034021 0.00500218 -0.0114805 -0.000332088 0.000587359 -0.0114805 0.0702008 
0.0138006 -0.0231631 0.000372433 -0.000297209 -0.0231631 0.102777 -0.000303871 0.000442782 0.000372433 -0.000303871 0.00504227 -0.0115687 -0.000297209 0.000442782 -0.0115687 0.0704705 
0.0137807 -0.0230937 0.000348927 -0.000310468 -0.0230937 0.102557 -0.000311449 0.000410134 0.000348927 -0.000311449 0.00504797 -0.0116187 -0.000310468 0.000410134 -0.0116187 0.0706203 
0.0137935 -0.0231 0.000338047 -0.000301887 -0.0231 0.10256 -0.000301159 0.000414147 0.000338047 -0.000301159 0.00506442 -0.0116465 -0.000301887 0.000414147 -0.0116465 0.0707994 
0.013792 -0.0230823 0.000257573 -0.00027145 -0.0230823 0.102453 -0.000272708 0.000347419 0.000257573 -0.000272708 0.00505342 -0.0116542 -0.00027145 0.000347419 -0.0116542 0.0708102 
0.0138391 -0.0231312 0.000204972 -0.000182094 -0.0231312 0.102624 -0.000195224 0.000213428 0.000204972 -0.000195224 0.00502452 -0.0116701 -0.000182094 0.000213428 -0.0116701 0.0709517 
0.0138463 -0.0231122 0.000193304 -9.9859e-05 -0.0231122 0.102452 -0.000122872 9.07147e-06 0.000193304 -0.000122872 0.0049627 -0.0116015 -9.9859e-05 9.07147e-06 -0.0116015 0.0707445 
0.013881 -0.0232191 0.000208888 -7.66675e-05 -0.0232191 0.102808 -9.37507e-05 -0.000130183 0.000208888 -9.37507e-05 0.00496959 -0.0115606 -7.66675e-05 -0.000130183 -0.0115606 0.0707733 
0.013833 -0.0232105 0.000285047 -0.00019442 -0.0232105 0.102794 -0.00019529 0.000108201 0.000285047 -0.00019529 0.00501104 -0.0115337 -0.00019442 0.000108201 -0.0115337 0.0706108 
0.0137735 -0.0231497 0.000385297 -0.000316146 -0.0231497 0.102673 -0.000304601 0.00042659 0.000385297 -0.000304601 0.00507366 -0.0115857 -0.000316146 0.00042659 -0.0115857 0.0706201 
0.0137416 -0.0230848 0.00044304 -0.000413005 -0.0230848 0.10254 -0.0003905 0.000662433 0.00044304 -0.0003905 0.00513362 -0.0116826 -0.000413005 0.000662433 -0.0116826 0.07083 
0.0137929 -0.0230928 0.00050805 -0.000513269 -0.0230928 0.102635 -0.000485573 0.000941411 0.00050805 -0.000485573 0.0051496 -0.0118011 -0.000513269 0.000941411 -0.0118011 0.0712512 
0.0138478 -0.0230945 0.000517434 -0.000580258 -0.0230945 0.102517 -0.000552827 0.00114252 0.000517434 -0.000552827 0.00509254 -0.0118111 -0.000580258 0.00114252 -0.0118111 0.0713466 
0.0138829 -0.0231768 0.000467914 -0.00054159 -0.0231768 0.102636 -0.000522064 0.00110857 0.000467914 -0.000522064 0.00504976 -0.0117446 -0.00054159 0.00110857 -0.0117446 0.0712852 
0.0139027 -0.0232645 0.000439545 -0.000462315 -0.0232645 0.102944 -0.000458908 0.000957549 0.000439545 -0.000458908 0.00504758 -0.0117022 -0.000462315 0.000957549 -0.0117022 0.0712413 
0.0138871 -0.0232692 0.000389057 -0.000394636 -0.0232692 0.103026 -0.000402471 0.000755863 0.000389057 -0.000402471 0.00505329 -0.0116866 -0.000394636 0.000755863 -0.0116866 0.0711536 
0.0138534 -0.0232153 0.00037863 -0.00033097 -0.0232153 0.102874 -0.000346543 0.000588116 0.00037863 -0.000346543 0.00503827 -0.0116783 -0.00033097 0.000588116 -0.0116783 0.0710437 
0.0138947 -0.0232318 0.000420332 -0.000344839 -0.0232318 0.102994 -0.000359221 0.000569202 0.000420332 -0.000359221 0.00501357 -0.0116866 -0.000344839 0.000569202 -0.0116866 0.0711492 
0.0139158 -0.0232258 0.000411558 -0.00040506 -0.0232258 0.102884 -0.000407355 0.000657959 0.000411558 -0.000407355 0.00495745 -0.0116245 -0.00040506 0.000657959 -0.0116245 0.0709748 
0.0139926 -0.023263 0.000399802 -0.000428343 -0.023263 0.102923 -0.000426376 0.000776893 0.000399802 -0.000426376 0.00486274 -0.0115434 -0.000428343 0.000776893 -0.0115434 0.0707582 
0.0140064 -0.023343 0.000402895 -0.000400551 -0.023343 0.103016 -0.000402368 0.000764419 0.000402895 -0.000402368 0.00484172 -0.0114022 -0.000400551 0.000764419 -0.0114022 0.0703756 
0.0140588 -0.0234565 0.00041594 -0.000393153 -0.0234565 0.103493 -0.000395777 0.000724992 0.00041594 -0.000395777 0.00486525 -0.011402 -0.000393153 0.000724992 -0.011402 0.0703635 
0.0140098 -0.0234691 0.000493875 -0.000432452 -0.0234691 0.103568 -0.000431399 0.00079829 0.000493875 -0.000431399 0.00494215 -0.0114202 -0.000432452 0.00079829 -0.0114202 0.0703206 
0.0139512 -0.0233716 0.00057218 -0.000522941 -0.0233716 0.103331 -0.000511362 0.000951273 0.00057218 -0.000511362 0.00499795 -0.0115111 -0.000522941 0.000951273 -0.0115111 0.0703864 
0.0139133 -0.0233111 0.000655587 -0.000643003 -0.0233111 0.103156 -0.000618171 0.00122029 0.000655587 -0.000618171 0.00504501 -0.0116113 -0.000643003 0.00122029 -0.0116113 0.0706486 
0.0139226 -0.0233147 0.000665769 -0.000741777 -0.0233147 0.103229 -0.00070784 0.00146949 0.000665769 -0.00070784 0.00508024 -0.0117094 -0.000741777 0.00146949 -0.0117094 0.0710442 
0.0139183 -0.0232716 0.000629101 -0.000724324 -0.0232716 0.103056 -0.000699954 0.00152217 0.000629101 -0.000699954 0.00507736 -0.0117377 -0.000724324 0.00152217 -0.0117377 0.0711529 
0.01394 -0.0232679 0.000566447 -0.000648704 -0.0232679 0.102979 -0.000642299 0.00139775 0.000566447 -0.000642299 0.00505035 -0.0117359 -0.000648704 0.00139775 -0.0117359 0.0711831 
0.013987 -0.0233235 0.00050297 -0.000525391 -0.0233235 0.103122 -0.000536811 0.00110946 0.00050297 -0.000536811 0.00500503 -0.0117171 -0.000525391 0.00110946 -0.0117171 0.0712166 
0.014048 -0.0234103 0.000512008 -0.000514198 -0.0234103 0.103396 -0.000532234 0.00105695 0.000512008 -0.000532234 0.00497808 -0.0116796 -0.000514198 0.00105695 -0.0116796 0.0712439 
0.0140634 -0.0234472 0.000504929 -0.000520483 -0.0234472 0.103462 -0.000535799 0.00104375 0.000504929 -0.000535799 0.00497267 -0.0116234 -0.000520483 0.00104375 -0.0116234 0.071072 
0.0141077 -0.023488 0.000508123 -0.000517866 -0.023488 0.103603 -0.000528896 0.00104376 0.000508123 -0.000528896 0.00495603 -0.0116248 -0.000517866 0.00104376 -0.0116248 0.0710363 
0.0141234 -0.0235461 0.000537921 -0.000519106 -0.0235461 0.103758 -0.000527399 0.00103674 0.000537921 -0.000527399 0.00496366 -0.0116179 -0.000519106 0.00103674 -0.0116179 0.0710412 
0.0141001 -0.0235267 0.000558648 -0.000538478 -0.0235267 0.103678 -0.000538937 0.00103353 0.000558648 -0.000538937 0.00496854 -0.0116117 -0.000538478 0.00103353 -0.0116117 0.0709481 
0.0141517 -0.0235806 0.000565441 -0.000581987 -0.0235806 0.103942 -0.000575669 0.00111794 0.000565441 -0.000575669 0.00496598 -0.011663 -0.000581987 0.00111794 -0.011663 0.0711737 
0.014143 -0.0235399 0.000603119 -0.000578756 -0.0235399 0.1037 -0.000572249 0.00113531 0.000603119 -0.000572249 0.00491958 -0.0116202 -0.000578756 0.00113531 -0.0116202 0.0709997 
0.0141818 -0.0235952 0.000551631 -0.000578567 -0.0235952 0.103862 -0.000566596 0.00106809 0.000551631 -0.000566596 0.00487002 -0.0115796 -0.000578567 0.00106809 -0.0115796 0.0709648 
0.0142368 -0.023666 0.000533299 -0.000568569 -0.023666 0.104105 -0.000560339 0.00110422 0.000533299 -0.000560339 0.00482481 -0.0115252 -0.000568569 0.00110422 -0.0115252 0.0709059 
0.0142768 -0.0237103 0.000540048 -0.000586912 -0.0237103 0.104207 -0.000588056 0.00120423 0.000540048 -0.000588056 0.00479 -0.0114548 -0.000586912 0.00120423 -0.0114548 0.0707178 
0.0142998 -0.0237349 0.000512 -0.000559502 -0.0237349 0.104216 -0.000566673 0.00116374 0.000512 -0.000566673 0.00475692 -0.0113883 -0.000559502 0.00116374 -0.0113883 0.0704548 
0.0142593 -0.0238292 0.000521542 -0.000459171 -0.0238292 0.104552 -0.000472311 0.000915828 0.000521542 -0.000472311 0.00482569 -0.0113683 -0.000459171 0.000915828 -0.0113683 0.0704343 
0.0142015 -0.0237421 0.00056598 -0.000500779 -0.0237421 0.104453 -0.000506444 0.000900139 0.00056598 -0.000506444 0.00488449 -0.0114396 -0.000500779 0.000900139 -0.0114396 0.0704713 
0.0141317 -0.0236202 0.00060482 -0.000541033 -0.0236202 0.104074 -0.000536574 0.000942283 0.00060482 -0.000536574 0.00491581 -0.011501 -0.000541033 0.000942283 -0.011501 0.0705228 
0.0141396 -0.0235993 0.000610019 -0.000587659 -0.0235993 0.104064 -0.000572452 0.00101906 0.000610019 -0.000572452 0.0049159 -0.0115734 -0.000587659 0.00101906 -0.0115734 0.0708064 
0.0140796 -0.023544 0.000654172 -0.000636016 -0.023544 0.103802 -0.000618083 0.00117957 0.000654172 -0.000618083 0.00495591 -0.0115485 -0.000636016 0.00117957 -0.0115485 0.0707617 
0.0140975 -0.0235352 0.000650494 -0.000708065 -0.0235352 0.103861 -0.000688811 0.00136922 0.000650494 -0.000688811 0.00498416 -0.0116198 -0.000708065 0.00136922 -0.0116198 0.0709543 
0.0140831 -0.0234848 0.000599772 -0.00068118 -0.0234848 0.103615 -0.000669074 0.00139468 0.000599772 -0.000669074 0.00497892 -0.0116312 -0.00068118 0.00139468 -0.0116312 0.0709263 
0.0140927 -0.0235244 0.000537186 -0.000588237 -0.0235244 0.103731 -0.000591475 0.00123212 0.000537186 -0.000591475 0.00497827 -0.0116547 -0.000588237 0.00123212 -0.0116547 0.0710647 
0.0140618 -0.0235057 0.000481093 -0.000476513 -0.0235057 0.103677 -0.000493907 0.000956959 0.000481093 -0.000493907 0.00498789 -0.0116434 -0.000476513 0.000956959 -0.0116434 0.0710464 
0.0140826 -0.0235232 0.000498465 -0.00045354 -0.0235232 0.103834 -0.00047644 0.000868211 0.000498465 -0.00047644 0.00500033 -0.0116851 -0.00045354 0.000868211 -0.0116851 0.071239 
0.0140367 -0.023476 0.000491609 -0.000453047 -0.023476 0.103632 -0.000469478 0.000804893 0.000491609 -0.000469478 0.00500793 -0.0116709 -0.000453047 0.000804893 -0.0116709 0.0711616 
0.0140081 -0.0234208 0.000459562 -0.000404234 -0.0234208 0.103469 -0.000412014 0.000651095 0.000459562 -0.000412014 0.00499001 -0.0116688 -0.000404234 0.000651095 -0.0116688 0.0711032 
0.0140305 -0.0233897 0.000371455 -0.000373419 -0.0233897 0.103362 -0.00037693 0.000544943 0.000371455 -0.00037693 0.00494113 -0.0116416 -0.000373419 0.000544943 -0.0116416 0.0710418 
0.0141344 -0.0234704 0.000320908 -0.000315651 -0.0234704 0.103592 -0.000325423 0.000485866 0.000320908 -0.000325423 0.00486046 -0.0115999 -0.000315651 0.000485866 -0.0115999 0.0710574 
0.0141939 -0.023561 0.000360893 -0.000301782 -0.023561 0.103732 -0.00031874 0.000501039 0.000360893 -0.00031874 0.00479566 -0.0114768 -0.000301782 0.000501039 -0.0114768 0.0707829 
0.0142251 -0.0236338 0.000352746 -0.00029892 -0.0236338 0.103904 -0.000307933 0.000424947 0.000352746 -0.000307933 0.00474261 -0.0113741 -0.00029892 0.000424947 -0.0113741 0.0704487 
0.0142135 -0.0237165 0.000310292 -0.000266371 -0.0237165 0.104217 -0.000265712 0.000314825 0.000310292 -0.000265712 0.00476232 -0.0113123 -0.000266371 0.000314825 -0.0113123 0.0702802 
0.0141829 -0.0236247 0.000283316 -0.00026072 -0.0236247 0.103982 -0.000259288 0.000321461 0.000283316 -0.000259288 0.00474371 -0.0112951 -0.00026072 0.000321461 -0.0112951 0.0700154 
0.0142394 -0.0236403 0.000254977 -0.000254085 -0.0236403 0.104034 -0.000258983 0.000353521 0.000254977 -0.000258983 0.00471236 -0.0113013 -0.000254085 0.000353521 -0.0113013 0.0700516 
0.0142529 -0.0236957 0.000235444 -0.000220794 -0.0236957 0.104107 -0.000233334 0.000324514 0.000235444 -0.000233334 0.00472958 -0.011262 -0.000220794 0.000324514 -0.011262 0.0699864 
0.014245 -0.0237087 0.000293685 -0.000175273 -0.0237087 0.104152 -0.000191825 0.000215492 0.000293685 -0.000191825 0.00475967 -0.0112831 -0.000175273 0.000215492 -0.0112831 0.0699658 
0.0142598 -0.0237142 0.000347982 -0.000236874 -0.0237142 0.104207 -0.000240483 0.000233194 0.000347982 -0.000240483 0.00476273 -0.0113407 -0.000236874 0.000233194 -0.0113407 0.070104 
0.0143212 -0.0237771 0.000302003 -0.000291298 -0.0237771 0.104454 -0.000276732 0.0003035 0.000302003 -0.000276732 0.00473465 -0.0113793 -0.000291298 0.0003035 -0.0113793 0.0703525 
0.0143478 -0.0237753 0.00026314 -0.000249866 -0.0237753 0.10435 -0.000237171 0.000297239 0.00026314 -0.000237171 0.00465884 -0.0113161 -0.000249866 0.000297239 -0.0113161 0.0702031 
0.0144342 -0.0238989 0.000289126 -0.000246079 -0.0238989 0.104736 -0.000244131 0.000339598 0.000289126 -0.000244131 0.00462125 -0.0112554 -0.000246079 0.000339598 -0.0112554 0.0702097 
0.0144751 -0.0239646 0.000246968 -0.000230155 -0.0239646 0.104892 -0.000229869 0.000272213 0.000246968 -0.000229869 0.00456749 -0.0111799 -0.000230155 0.000272213 -0.0111799 0.0699796 
0.0144745 -0.0239708 0.000188637 -0.000134476 -0.0239708 0.104844 -0.000137311 5.33631e-05 0.000188637 -0.000137311 0.00450693 -0.0110814 -0.000134476 5.33631e-05 -0.0110814 0.0696145 
0.0145194 -0.0240271 0.000144593 -8.83031e-05 -0.0240271 0.105048 -9.52666e-05 -7.80599e-05 0.000144593 -9.52666e-05 0.00446095 -0.011019 -8.83031e-05 -7.80599e-05 -0.011019 0.069458 
0.0145229 -0.0240772 0.000133981 -5.2386e-05 -0.0240772 0.105196 -6.15041e-05 -0.000158173 0.000133981 -6.15041e-05 0.0044676 -0.010952 -5.2386e-05 -0.000158173 -0.010952 0.0692755 
0.0145132 -0.0240826 0.000153309 -4.16179e-05 -0.0240826 0.105266 -5.06797e-05 -0.000204028 0.000153309 -5.06797e-05 0.0044875 -0.0109547 -4.16179e-05 -0.000204028 -0.0109547 0.0691905 
0.0145529 -0.0240934 0.000169994 -0.000102886 -0.0240934 0.105366 -0.000106637 -8.48024e-05 0.000169994 -0.000106637 0.00448709 -0.0109993 -0.000102886 -8.48024e-05 -0.0109993 0.0693033 
0.0145313 -0.0240806 0.00012682 -6.37663e-05 -0.0240806 0.10523 -6.36921e-05 -0.000166164 0.00012682 -6.36921e-05 0.00449181 -0.0109823 -6.37663e-05 -0.000166164 -0.0109823 0.0692263 
0.0144892 -0.0241007 9.8717e-05 -1.88677e-05 -0.0241007 0.105325 -2.10755e-05 -0.000261356 9.8717e-05 -2.10755e-05 0.0045626 -0.0110089 -1.88677e-05 -0.000261356 -0.0110089 0.0693151 
0.0144477 -0.0239934 7.03776e-05 2.62684e-05 -0.0239934 0.105045 1.92127e-05 -0.000378576 7.03776e-05 1.92127e-05 0.00456643 -0.0110824 2.62684e-05 -0.000378576 -0.0110824 0.0693662 
0.0144615 -0.0239897 3.93209e-05 5.20473e-05 -0.0239897 0.105043 4.07539e-05 -0.000450189 3.93209e-05 4.07539e-05 0.00457198 -0.0111261 5.20473e-05 -0.000450189 -0.0111261 0.0696021 
0.0145198 -0.0240124 3.06604e-05 9.38437e-05 -0.0240124 0.105103 8.03288e-05 -0.000543712 3.06604e-05 8.03288e-05 0.00452002 -0.0111411 9.38437e-05 -0.000543712 -0.0111411 0.0697425 
0.0145622 -0.0240574 -3.42098e-05 0.000129811 -0.0240574 0.10514 0.000121865 -0.000680884 -3.42098e-05 0.000121865 0.00444892 -0.0110644 0.000129811 -0.000680884 -0.0110644 0.0696276 
0.0145719 -0.0241011 -0.000123656 0.000211013 -0.0241011 0.105199 0.000203404 -0.000857475 -0.000123656 0.000203404 0.00439686 -0.0109525 0.000211013 -0.000857475 -0.0109525 0.0693353 
0.0145978 -0.0241592 -8.78792e-05 0.000265401 -0.0241592 0.105423 0.000251253 -0.000940348 -8.78792e-05 0.000251253 0.00437334 -0.0108878 0.000265401 -0.000940348 -0.0108878 0.0691627 
0.0145906 -0.0241576 -0.000104362 0.000238015 -0.0241576 0.105418 0.000228708 -0.00096416 -0.000104362 0.000228708 0.00436117 -0.0108349 0.000238015 -0.00096416 -0.0108349 0.0689302 
0.0146015 -0.0241638 -8.27075e-05 0.000226848 -0.0241638 0.105459 0.000221417 -0.000902919 -8.27075e-05 0.000221417 0.00435502 -0.0108182 0.000226848 -0.000902919 -0.0108182 0.0688322 
0.0146401 -0.0242209 -1.36769e-05 0.000184564 -0.0242209 0.105681 0.000183113 -0.000804687 -1.36769e-05 0.000183113 0.00436344 -0.01083 0.000184564 -0.000804687 -0.01083 0.0689089 
0.0146288 -0.0241894 4.30668e-05 8.82749e-05 -0.0241894 0.105509 9.66887e-05 -0.000611302 4.30668e-05 9.66887e-05 0.00435729 -0.0108127 8.82749e-05 -0.000611302 -0.0108127 0.0687624 
0.0146523 -0.0242081 -2.34111e-05 6.19336e-05 -0.0242081 0.105553 7.99718e-05 -0.000548583 -2.34111e-05 7.99718e-05 0.00434152 -0.0108188 6.19336e-05 -0.000548583 -0.0108188 0.0687703 
0.0146842 -0.0242852 -5.56963e-05 0.000128992 -0.0242852 0.105822 0.000137186 -0.000599067 -5.56963e-05 0.000137186 0.00435039 -0.0108258 0.000128992 -0.000599067 -0.0108258 0.0688922 
0.0146612 -0.0242538 -6.85278e-05 0.000185101 -0.0242538 0.105694 0.000179477 -0.000728412 -6.85278e-05 0.000179477 0.00435479 -0.0108128 0.000185101 -0.000728412 -0.0108128 0.0687844 
0.0146939 -0.0242467 -5.58863e-05 0.000197474 -0.0242467 0.105677 0.000187506 -0.000790817 -5.58863e-05 0.000187506 0.00433156 -0.0108311 0.000197474 -0.000790817 -0.0108311 0.0688129 
0.0147324 -0.0243118 6.5501e-06 0.000180054 -0.0243118 0.105836 0.000176065 -0.000791505 6.5501e-06 0.000176065 0.00431607 -0.0108223 0.000180054 -0.000791505 -0.0108223 0.0688806 
0.0147513 -0.0243684 0.000100515 6.17117e-05 -0.0243684 0.106013 7.09235e-05 -0.000569017 0.000100515 7.09235e-05 0.0043252 -0.0108105 6.17117e-05 -0.000569017 -0.0108105 0.0689026 
0.0147731 -0.0243675 0.00014058 -7.29935e-05 -0.0243675 0.106012 -4.98165e-05 -0.000250119 0.00014058 -4.98165e-05 0.0043132 -0.0108143 -7.29935e-05 -0.000250119 -0.0108143 0.0688658 
0.0147898 -0.0244305 0.000132341 -0.000108324 -0.0244305 0.106203 -8.3118e-05 -7.88576e-05 0.000132341 -8.3118e-05 0.00432972 -0.0108215 -0.000108324 -7.88576e-05 -0.0108215 0.068946 
0.0147681 -0.0244144 6.06371e-05 -6.62167e-05 -0.0244144 0.106161 -5.28588e-05 -0.000110979 6.06371e-05 -5.28588e-05 0.00433548 -0.010831 -6.62167e-05 -0.000110979 -0.010831 0.0689202 
0.014758 -0.0243923 -8.39013e-06 6.86334e-05 -0.0243923 0.106121 6.19934e-05 -0.000374458 -8.39013e-06 6.19934e-05 0.00433126 -0.0108438 6.86334e-05 -0.000374458 -0.0108438 0.0689465 
0.0147318 -0.024374 -2.48293e-05 0.000172227 -0.024374 0.106064 0.000151216 -0.000661557 -2.48293e-05 0.000151216 0.0043475 -0.0108386 0.000172227 -0.000661557 -0.0108386 0.0689508 
0.0147264 -0.024384 -3.11575e-05 0.000187916 -0.024384 0.106172 0.000169055 -0.000800432 -3.11575e-05 0.000169055 0.00437229 -0.0108744 0.000187916 -0.000800432 -0.0108744 0.0690907 
0.0147027 -0.024301 -5.66684e-05 0.000192465 -0.024301 0.105887 0.000179229 -0.000852079 -5.66684e-05 0.000179229 0.0043431 -0.0108764 0.000192465 -0.000852079 -0.0108764 0.0690128 
0.0147349 -0.0243385 -2.18816e-05 0.00020188 -0.0243385 0.106002 0.000191744 -0.000860003 -2.18816e-05 0.000191744 0.00431549 -0.0108644 0.00020188 -0.000860003 -0.0108644 0.0690959 
0.0147654 -0.0243633 -5.86886e-06 0.000146782 -0.0243633 0.106058 0.000145789 -0.00078205 -5.86886e-06 0.000145789 0.00427173 -0.0108143 0.000146782 -0.00078205 -0.0108143 0.0690059 
0.0147538 -0.0244112 5.67745e-05 9.40537e-05 -0.0244112 0.106182 0.000100249 -0.000625312 5.67745e-05 0.000100249 0.00429986 -0.0107509 9.40537e-05 -0.000625312 -0.0107509 0.0688637 
0.0146772 -0.0243378 0.000131529 1.2351e-05 -0.0243378 0.10596 2.43948e-05 -0.000437094 0.000131529 2.43948e-05 0.0043682 -0.0107468 1.2351e-05 -0.000437094 -0.0107468 0.0686458 
0.014654 -0.0243278 0.000272237 -0.000149284 -0.0243278 0.106055 -0.000130122 -3.27912e-05 0.000272237 -0.000130122 0.0044888 -0.0108792 -0.000149284 -3.27912e-05 -0.0108792 0.068948 
0.0145703 -0.0242194 0.000343957 -0.000288268 -0.0242194 0.105717 -0.000260641 0.000300923 0.000343957 -0.000260641 0.00459309 -0.0110268 -0.000288268 0.000300923 -0.0110268 0.0692104 
0.0145584 -0.0241669 0.000350619 -0.000300761 -0.0241669 0.105636 -0.000272488 0.00036871 0.000350619 -0.000272488 0.00461357 -0.0112024 -0.000300761 0.00036871 -0.0112024 0.0697392 
0.0145825 -0.024158 0.000311433 -0.000278818 -0.024158 0.105624 -0.000257259 0.000319782 0.000311433 -0.000257259 0.00458517 -0.0112551 -0.000278818 0.000319782 -0.0112551 0.0701111 
0.0145918 -0.0241448 0.000270797 -0.000229436 -0.0241448 0.105496 -0.000218956 0.000229286 0.000270797 -0.000218956 0.00452394 -0.0111937 -0.000229436 0.000229286 -0.0111937 0.0700594 
0.014539 -0.024125 0.000238796 -0.00018185 -0.024125 0.105329 -0.000180345 0.000125907 0.000238796 -0.000180345 0.00451108 -0.0110805 -0.00018185 0.000125907 -0.0110805 0.0697367 
0.0145342 -0.0241567 0.000249844 -0.000184905 -0.0241567 0.10556 -0.000189688 0.000147087 0.000249844 -0.000189688 0.00455448 -0.0110829 -0.000184905 0.000147087 -0.0110829 0.0697511 
0.014481 -0.0240582 0.000192671 -0.00015204 -0.0240582 0.105262 -0.000159215 5.67117e-05 0.000192671 -0.000159215 0.00455591 -0.0110922 -0.00015204 5.67117e-05 -0.0110922 0.069594 
0.0144626 -0.0240117 0.000122909 -9.11198e-05 -0.0240117 0.105112 -0.000104538 -5.26507e-05 0.000122909 -0.000104538 0.00455233 -0.0111027 -9.11198e-05 -5.26507e-05 -0.0111027 0.0696008 
0.0144718 -0.0240541 0.000173795 -4.47201e-05 -0.0240541 0.1053 -6.76454e-05 -0.000116315 0.000173795 -6.76454e-05 0.00458921 -0.0111293 -4.47201e-05 -0.000116315 -0.0111293 0.0697908 
0.0144492 -0.0240175 0.000243304 -0.000108302 -0.0240175 0.105204 -0.000124794 -5.82283e-05 0.000243304 -0.000124794 0.0046119 -0.0111548 -0.000108302 -5.82283e-05 -0.0111548 0.0698213 
0.014461 -0.0239716 0.000240483 -0.000173151 -0.0239716 0.10505 -0.000172653 3.5703e-05 0.000240483 -0.000172653 0.00458734 -0.0111739 -0.000173151 3.5703e-05 -0.0111739 0.0698308 
0.0144654 -0.0239604 0.000223445 -0.000159167 -0.0239604 0.104896 -0.000151787 3.97385e-05 0.000223445 -0.000151787 0.00453838 -0.0111299 -0.000159167 3.97385e-05 -0.0111299 0.0697039 
0.014479 -0.024019 0.000180795 -0.000116443 -0.024019 0.10507 -0.000109469 -6.3398e-05 0.000180795 -0.000109469 0.00451532 -0.0110771 -0.000116443 -6.3398e-05 -0.0110771 0.0696388 
0.0145023 -0.024042 0.000150975 -6.97785e-05 -0.024042 0.105199 -6.70842e-05 -0.00016862 0.000150975 -6.70842e-05 0.00448499 -0.011036 -6.97785e-05 -0.00016862 -0.011036 0.0695351 
0.0145003 -0.0240233 8.38036e-05 -1.19555e-05 -0.0240233 0.105102 -1.43426e-05 -0.000321783 8.38036e-05 -1.43426e-05 0.00445453 -0.0109667 -1.19555e-05 -0.000321783 -0.0109667 0.0692795 
0.0145141 -0.0240521 3.40182e-05 2.96674e-05 -0.0240521 0.105181 2.30843e-05 -0.000389677 3.40182e-05 2.30843e-05 0.00445152 -0.0109309 2.96674e-05 -0.000389677 -0.0109309 0.0691579 
0.0145187 -0.0240532 -8.89564e-06 8.23595e-05 -0.0240532 0.105168 6.8309e-05 -0.000479584 -8.89564e-06 6.8309e-05 0.00445293 -0.010919 8.23595e-05 -0.000479584 -0.010919 0.0690513 
0.014486 -0.0240794 -3.74555e-06 0.000128289 -0.0240794 0.105256 0.000109369 -0.000576487 -3.74555e-06 0.000109369 0.00452047 -0.0109353 0.000128289 -0.000576487 -0.0109353 0.0690901 
0.0144574 -0.024017 -1.56956e-05 0.000138377 -0.024017 0.105137 0.000121911 -0.000654478 -1.56956e-05 0.000121911 0.0045417 -0.0110216 0.000138377 -0.000654478 -0.0110216 0.0692147 
0.0144025 -0.0239764 -8.81984e-06 0.000178534 -0.0239764 0.105009 0.000165694 -0.000775459 -8.81984e-06 0.000165694 0.00457921 -0.0110675 0.000178534 -0.000775459 -0.0110675 0.0693827 
0.0143354 -0.0238963 -7.15935e-06 0.000174398 -0.0238963 0.104802 0.000168987 -0.000834688 -7.15935e-06 0.000168987 0.00461512 -0.0111102 0.000174398 -0.000834688 -0.0111102 0.0694959 
0.0143283 -0.023872 -6.83496e-05 0.000186314 -0.023872 0.104848 0.000187337 -0.000892588 -6.83496e-05 0.000187337 0.00463791 -0.0111801 0.000186314 -0.000892588 -0.0111801 0.0697855 
0.0143075 -0.0238027 -0.000107824 0.000203759 -0.0238027 0.104601 0.000200385 -0.000864162 -0.000107824 0.000200385 0.0046458 -0.0111815 0.000203759 -0.000864162 -0.0111815 0.0697985 
0.0143242 -0.023791 -0.000127946 0.000266737 -0.023791 0.104529 0.000253368 -0.0009631 -0.000127946 0.000253368 0.00464188 -0.0111938 0.000266737 -0.0009631 -0.0111938 0.0698369 
0.0143298 -0.0238055 -0.000163574 0.000302234 -0.0238055 0.104509 0.000287251 -0.00107565 -0.000163574 0.000287251 0.004627 -0.0111864 0.000302234 -0.00107565 -0.0111864 0.0698251 
0.0143359 -0.0238312 -0.000135195 0.000321741 -0.0238312 0.104591 0.000309298 -0.00112081 -0.000135195 0.000309298 0.00460766 -0.0111731 0.000321741 -0.00112081 -0.0111731 0.0698278 
0.014306 -0.0237928 -8.80946e-05 0.000252753 -0.0237928 0.104427 0.000248268 -0.00100073 -8.80946e-05 0.000248268 0.00458787 -0.0111214 0.000252753 -0.00100073 -0.0111214 0.0696379 
0.0143709 -0.023821 -0.000104196 0.000206514 -0.023821 0.104581 0.000212386 -0.000897842 -0.000104196 0.000212386 0.0045229 -0.0111139 0.000206514 -0.000897842 -0.0111139 0.0696621 
0.0143613 -0.0238336 -0.000131351 0.000217436 -0.0238336 0.104479 0.000223179 -0.000857977 -0.000131351 0.000223179 0.00449608 -0.0109957 0.000217436 -0.000857977 -0.0109957 0.0693442 
0.0143638 -0.0239104 -9.0475e-05 0.000266869 -0.0239104 0.104801 0.000264312 -0.000935433 -9.0475e-05 0.000264312 0.0045337 -0.0109759 0.000266869 -0.000935433 -0.0109759 0.0693011 
0.0142884 -0.0238481 -6.9098e-05 0.000243968 -0.0238481 0.10467 0.000244681 -0.000981084 -6.9098e-05 0.000244681 0.00460006 -0.0109937 0.000243968 -0.000981084 -0.0109937 0.0691914 
0.0142337 -0.0237804 -3.09249e-05 0.000178163 -0.0237804 0.104562 0.000186696 -0.000843531 -3.09249e-05 0.000186696 0.00467531 -0.0110904 0.000178163 -0.000843531 -0.0110904 0.0693636 
0.0142149 -0.0236746 2.8879e-06 0.000105181 -0.0236746 0.104252 0.000116372 -0.000643444 2.8879e-06 0.000116372 0.00467691 -0.0111848 0.000105181 -0.000643444 -0.0111848 0.0695517 
0.0142601 -0.0236893 -5.57789e-06 0.00010298 -0.0236893 0.104261 0.00011291 -0.000604259 -5.57789e-06 0.00011291 0.00464505 -0.0112195 0.00010298 -0.000604259 -0.0112195 0.0698013 
0.0142468 -0.0237148 2.57211e-05 8.89807e-05 -0.0237148 0.10423 9.64934e-05 -0.000541132 2.57211e-05 9.64934e-05 0.00465567 -0.0111634 8.89807e-05 -0.000541132 -0.0111634 0.069737 
0.0142353 -0.023715 5.67326e-05 2.22158e-05 -0.023715 0.104259 2.99936e-05 -0.000379891 5.67326e-05 2.99936e-05 0.00468987 -0.0111686 2.22158e-05 -0.000379891 -0.0111686 0.069697 
0.0141706 -0.0236781 0.000115022 -1.88998e-05 -0.0236781 0.104141 -1.28766e-05 -0.000239835 0.000115022 -1.28766e-05 0.0047563 -0.011207 -1.88998e-05 -0.000239835 -0.011207 0.0697048 
0.0141556 -0.0236428 0.000137081 -5.2939e-05 -0.0236428 0.104162 -4.50506e-05 -0.000182252 0.000137081 -4.50506e-05 0.00481088 -0.0113244 -5.2939e-05 -0.000182252 -0.0113244 0.0700127 
