0.0102939 0 -0.000169892 0 0 0.0100096 0 0 -0.000169892 0 0.00336099 0 0 0 0 0.0100096 
0.0144334 -0.0178629 1.62104e-05 -2.8517e-05 -0.0178629 0.043414 -2.8517e-05 5.4822e-05 1.62104e-05 -2.8517e-05 0.00484397 -0.00605534 -2.8517e-05 5.4822e-05 -0.00605534 0.0207731 
0.0140882 -0.0254872 0.000123963 -0.000340437 -0.0254872 0.0904927 -0.000340437 0.00115343 0.000123963 -0.000340437 0.00517261 -0.0103337 -0.000340437 0.00115343 -0.0103337 0.0421963 
0.0131727 -0.0235392 2.12375e-05 -0.00031489 -0.0235392 0.100947 -0.000316588 0.00164186 2.12375e-05 -0.000316588 0.00503398 -0.0117184 -0.00031489 0.00164186 -0.0117184 0.0578193 
0.0132388 -0.0224005 -0.000181882 -0.000120067 -0.0224005 0.100496 -0.00012888 0.00135044 -0.000181882 -0.00012888 0.00497647 -0.0119624 -0.000120067 0.00135044 -0.0119624 0.0664606 
0.0135782 -0.0225447 -0.000181185 7.50695e-05 -0.0225447 0.100692 4.49191e-05 0.000852066 -0.000181185 4.49191e-05 0.00493272 -0.0118629 7.50695e-05 0.000852066 -0.0118629 0.0700028 
0.0138019 -0.0229611 -0.000201802 0.000140153 -0.0229611 0.101754 0.000111024 0.00032892 -0.000201802 0.000111024 0.00494577 -0.0116733 0.000140153 0.00032892 -0.0116733 0.0709386 
0.0138714 -0.0231995 -0.000228531 0.000169037 -0.0231995 0.102617 0.000152102 4.82123e-05 -0.000228531 0.000152102 0.00501983 -0.011583 0.000169037 4.82123e-05 -0.011583 0.0709798 
0.013905 -0.023209 -0.000220447 0.000158288 -0.023209 0.102789 0.000147263 2.91502e-06 -0.000220447 0.000147263 0.00503731 -0.0116175 0.000158288 2.91502e-06 -0.0116175 0.0708774 
0.0139771 -0.0232131 -0.000122814 8.73719e-05 -0.0232131 0.102747 7.72076e-05 0.000178532 -0.000122814 7.72076e-05 0.00496996 -0.0116448 8.73719e-05 0.000178532 -0.0116448 0.0708626 
0.014045 -0.0233549 -9.02437e-06 -6.26123e-05 -0.0233549 0.103086 -6.42573e-05 0.000521864 -9.02437e-06 -6.42573e-05 0.00493996 -0.0116025 -6.26123e-05 0.000521864 -0.0116025 0.0709218 
0.0140684 -0.0234156 5.59859e-05 -0.000198905 -0.0234156 0.103257 -0.000187041 0.000866209 5.59859e-05 -0.000187041 0.00490915 -0.0115544 -0.000198905 0.000866209 -0.0115544 0.0707888 
0.0140765 -0.0234435 6.96261e-05 -0.000270666 -0.0234435 0.103347 -0.000251493 0.00109756 6.96261e-05 -0.000251493 0.00487899 -0.0115165 -0.000270666 0.00109756 -0.0115165 0.0706665 
0.0141017 -0.0235134 3.96189e-05 -0.000251433 -0.0235134 0.10364 -0.000236815 0.00111746 3.96189e-05 -0.000236815 0.00488987 -0.011505 -0.000251433 0.00111746 -0.011505 0.0707264 
0.0141041 -0.0234845 4.82814e-05 -0.000210474 -0.0234845 0.103553 -0.000206266 0.00105571 4.82814e-05 -0.000206266 0.00486177 -0.0114937 -0.000210474 0.00105571 -0.0114937 0.0706164 
0.014097 -0.0235044 9.97864e-05 -0.000269033 -0.0235044 0.1036 -0.000268591 0.00117675 9.97864e-05 -0.000268591 0.00486903 -0.0114728 -0.000269033 0.00117675 -0.0114728 0.0705935 
0.0139939 -0.0234535 0.000100472 -0.000308327 -0.0234535 0.103417 -0.000304122 0.00125622 0.000100472 -0.000304122 0.00492796 -0.0114555 -0.000308327 0.00125622 -0.0114555 0.0704446 
0.0138925 -0.023378 9.85733e-05 -0.00028822 -0.023378 0.103351 -0.000280632 0.00123277 9.85733e-05 -0.000280632 0.0050463 -0.0115476 -0.00028822 0.00123277 -0.0115476 0.0706249 
0.0138295 -0.0232678 7.0383e-05 -0.000285641 -0.0232678 0.103207 -0.000271495 0.00120036 7.0383e-05 -0.000271495 0.0051416 -0.0117215 -0.000285641 0.00120036 -0.0117215 0.0710683 
0.0138004 -0.0230955 6.57541e-05 -0.000229435 -0.0230955 0.102621 -0.000213946 0.00107339 6.57541e-05 -0.000213946 0.00512763 -0.0118176 -0.000229435 0.00107339 -0.0118176 0.0712683 
0.0138675 -0.0231281 9.8527e-05 -0.00026734 -0.0231281 0.102642 -0.000253331 0.00113198 9.8527e-05 -0.000253331 0.00508882 -0.0118512 -0.00026734 0.00113198 -0.0118512 0.071587 
0.0139399 -0.0232 5.49975e-05 -0.000263021 -0.0232 0.10274 -0.000251963 0.00110891 5.49975e-05 -0.000251963 0.0050291 -0.011784 -0.000263021 0.00110891 -0.011784 0.0715438 
0.0139726 -0.0232927 2.59286e-05 -0.000227512 -0.0232927 0.102942 -0.00022927 0.00108879 2.59286e-05 -0.00022927 0.00500181 -0.0116976 -0.000227512 0.00108879 -0.0116976 0.0713544 
0.0139294 -0.0232944 4.24329e-06 -0.000235009 -0.0232944 0.102922 -0.000248983 0.00115206 4.24329e-06 -0.000248983 0.00499744 -0.0116348 -0.000235009 0.00115206 -0.0116348 0.0710639 
0.0138507 -0.0232907 -3.89493e-05 -0.000155926 -0.0232907 0.103014 -0.000179466 0.001004 -3.89493e-05 -0.000179466 0.00508491 -0.011636 -0.000155926 0.001004 -0.011636 0.071016 
0.0137716 -0.0231681 -9.28249e-05 -6.33003e-05 -0.0231681 0.102781 -8.56393e-05 0.000737273 -9.28249e-05 -8.56393e-05 0.00515404 -0.0117301 -6.33003e-05 0.000737273 -0.0117301 0.0710917 
0.0137685 -0.0231194 -0.00013465 3.5331e-05 -0.0231194 0.102737 1.89383e-05 0.00043058 -0.00013465 1.89383e-05 0.00521631 -0.0118571 3.5331e-05 0.00043058 -0.0118571 0.0714863 
0.0137885 -0.0230701 -0.000129041 1.2042e-05 -0.0230701 0.102553 5.65324e-06 0.0004214 -0.000129041 5.65324e-06 0.00519992 -0.0119422 1.2042e-05 0.0004214 -0.0119422 0.0717557 
0.0138017 -0.0230856 -0.000125437 -1.14237e-05 -0.0230856 0.102488 -1.31414e-05 0.000479445 -0.000125437 -1.31414e-05 0.00518328 -0.0119268 -1.14237e-05 0.000479445 -0.0119268 0.0718377 
0.0138282 -0.0231046 -0.000102682 -2.97113e-05 -0.0231046 0.102509 -3.20662e-05 0.000553134 -0.000102682 -3.20662e-05 0.00514633 -0.0118969 -2.97113e-05 0.000553134 -0.0118969 0.0717928 
0.0138278 -0.0231379 -0.000128273 -2.16084e-05 -0.0231379 0.102555 -2.41409e-05 0.000525135 -0.000128273 -2.41409e-05 0.00514644 -0.0118395 -2.16084e-05 0.000525135 -0.0118395 0.071652 
0.013837 -0.0231749 -0.000157219 1.49441e-05 -0.0231749 0.10273 9.23805e-06 0.000457582 -0.000157219 9.23805e-06 0.00516213 -0.0118497 1.49441e-05 0.000457582 -0.0118497 0.0716623 
0.0138353 -0.0231218 -0.000141417 3.97984e-05 -0.0231218 0.102539 2.98269e-05 0.000403969 -0.000141417 2.98269e-05 0.00512511 -0.0118422 3.97984e-05 0.000403969 -0.0118422 0.0715343 
0.0138728 -0.0231813 -0.000155676 2.92142e-05 -0.0231813 0.102712 2.28949e-05 0.000383397 -0.000155676 2.28949e-05 0.00511224 -0.011829 2.92142e-05 0.000383397 -0.011829 0.0715952 
0.0139029 -0.0232164 -0.000155061 5.10051e-05 -0.0232164 0.102813 4.49735e-05 0.000342765 -0.000155061 4.49735e-05 0.00508466 -0.0118043 5.10051e-05 0.000342765 -0.0118043 0.0715478 
0.0139266 -0.0232186 -0.000118371 2.59581e-05 -0.0232186 0.102764 2.15071e-05 0.000385786 -0.000118371 2.15071e-05 0.00503524 -0.0117513 2.59581e-05 0.000385786 -0.0117513 0.071366 
0.0139816 -0.023303 -0.000107845 -5.25255e-06 -0.023303 0.103016 -3.47887e-06 0.000432484 -0.000107845 -3.47887e-06 0.00499736 -0.0117092 -5.25255e-06 0.000432484 -0.0117092 0.0713222 
0.0139861 -0.0233392 -0.00010111 -2.80041e-05 -0.0233392 0.103092 -2.4044e-05 0.000500552 -0.00010111 -2.4044e-05 0.00498171 -0.0116419 -2.80041e-05 0.000500552 -0.0116419 0.0711201 
0.0139529 -0.023318 -9.11559e-05 -5.3889e-05 -0.023318 0.103011 -5.02445e-05 0.000586718 -9.11559e-05 -5.02445e-05 0.00498374 -0.0116014 -5.3889e-05 0.000586718 -0.0116014 0.0708954 
0.0139612 -0.0233619 -0.000119306 -2.40628e-05 -0.0233619 0.103263 -2.15318e-05 0.000524089 -0.000119306 -2.15318e-05 0.00503565 -0.0116386 -2.40628e-05 0.000524089 -0.0116386 0.0710341 
0.0139553 -0.0233382 -0.00019229 7.04884e-05 -0.0233382 0.103227 7.23011e-05 0.000274539 -0.00019229 7.23011e-05 0.00509662 -0.0116948 7.04884e-05 0.000274539 -0.0116948 0.0711285 
0.0138862 -0.0233069 -0.000246361 0.00012981 -0.0233069 0.103098 0.000128039 0.000120393 -0.000246361 0.000128039 0.00519857 -0.0117837 0.00012981 0.000120393 -0.0117837 0.0712941 
0.013892 -0.0232464 -0.000269212 0.0001697 -0.0232464 0.103027 0.000165 3.29923e-05 -0.000269212 0.000165 0.00523162 -0.0119489 0.0001697 3.29923e-05 -0.0119489 0.0717186 
0.0138809 -0.0232356 -0.000289898 0.000199089 -0.0232356 0.102924 0.000193686 -4.69565e-05 -0.000289898 0.000193686 0.00527302 -0.0120166 0.000199089 -4.69565e-05 -0.0120166 0.0720322 
0.013918 -0.023248 -0.000240643 0.000148097 -0.023248 0.103007 0.000145203 9.588e-05 -0.000240643 0.000145203 0.00525474 -0.0120948 0.000148097 9.588e-05 -0.0120948 0.0723554 
0.0139419 -0.0232474 -0.000208792 0.000110973 -0.0232474 0.102907 0.0001118 0.000183025 -0.000208792 0.0001118 0.00519422 -0.0120584 0.000110973 0.000183025 -0.0120584 0.072341 
0.0139886 -0.0232824 -0.000176022 6.1585e-05 -0.0232824 0.102933 6.68236e-05 0.000307061 -0.000176022 6.68236e-05 0.00511002 -0.0119743 6.1585e-05 0.000307061 -0.0119743 0.0721782 
0.0140538 -0.0233325 -0.000120388 -1.89484e-05 -0.0233325 0.103002 -1.22158e-05 0.00053148 -0.000120388 -1.22158e-05 0.00498925 -0.0118492 -1.89484e-05 0.00053148 -0.0118492 0.0718605 
0.0140771 -0.0234358 -5.93485e-05 -9.55405e-05 -0.0234358 0.103253 -9.19217e-05 0.000757817 -5.93485e-05 -9.19217e-05 0.00492016 -0.011685 -9.55405e-05 0.000757817 -0.011685 0.0714725 
0.0140997 -0.0235145 -3.38587e-05 -0.000135922 -0.0235145 0.103612 -0.000133207 0.000867473 -3.38587e-05 -0.000133207 0.00489916 -0.0115871 -0.000135922 0.000867473 -0.0115871 0.0711983 
0.014062 -0.0234916 -4.8133e-05 -0.000126502 -0.0234916 0.103574 -0.000121797 0.000838225 -4.8133e-05 -0.000121797 0.0049235 -0.011518 -0.000126502 0.000838225 -0.011518 0.0708532 
0.0140401 -0.0234565 -8.7144e-05 -9.8784e-05 -0.0234565 0.103525 -9.43853e-05 0.000766818 -8.7144e-05 -9.43853e-05 0.0049701 -0.011545 -9.8784e-05 0.000766818 -0.011545 0.0707727 
0.0140206 -0.0233957 -9.00312e-05 -6.25652e-05 -0.0233957 0.103319 -6.36599e-05 0.000698904 -9.00312e-05 -6.36599e-05 0.00499836 -0.0116007 -6.25652e-05 0.000698904 -0.0116007 0.0707925 
0.0140397 -0.0234414 -6.8919e-05 -6.78259e-05 -0.0234414 0.103497 -7.2794e-05 0.000692118 -6.8919e-05 -7.2794e-05 0.00503144 -0.0116867 -6.78259e-05 0.000692118 -0.0116867 0.071118 
0.0140504 -0.0234306 -5.0176e-05 -8.96265e-05 -0.0234306 0.103472 -9.15667e-05 0.000717716 -5.0176e-05 -9.15667e-05 0.00502337 -0.0117292 -8.96265e-05 0.000717716 -0.0117292 0.0712798 
0.0141294 -0.0234518 -4.05744e-06 -0.000102958 -0.0234518 0.103512 -0.000100004 0.000734432 -4.05744e-06 -0.000100004 0.00494535 -0.0117315 -0.000102958 0.000734432 -0.0117315 0.0713785 
0.0141876 -0.0235054 1.31598e-05 -0.000155519 -0.0235054 0.103489 -0.000147337 0.000809749 1.31598e-05 -0.000147337 0.00485184 -0.011613 -0.000155519 0.000809749 -0.011613 0.0711304 
0.0141931 -0.0236436 2.38708e-05 -0.000201207 -0.0236436 0.103875 -0.000195184 0.000954167 2.38708e-05 -0.000195184 0.00487389 -0.0115096 -0.000201207 0.000954167 -0.0115096 0.0709483 
0.0142169 -0.0236607 4.01461e-05 -0.000214265 -0.0236607 0.104093 -0.000211285 0.00103164 4.01461e-05 -0.000211285 0.00485655 -0.0115293 -0.000214265 0.00103164 -0.0115293 0.070891 
0.0142193 -0.0236287 1.03635e-06 -0.000195708 -0.0236287 0.103943 -0.000193696 0.000979045 1.03635e-06 -0.000193696 0.00482138 -0.0114873 -0.000195708 0.000979045 -0.0114873 0.0707145 
0.0142381 -0.0236808 -6.06326e-06 -0.000159647 -0.0236808 0.10409 -0.000164365 0.000927591 -6.06326e-06 -0.000164365 0.00481773 -0.0114624 -0.000159647 0.000927591 -0.0114624 0.0706943 
0.0142095 -0.0236591 -2.12878e-05 -0.00012851 -0.0236591 0.103989 -0.000135654 0.000824911 -2.12878e-05 -0.000135654 0.00483527 -0.0114322 -0.00012851 0.000824911 -0.0114322 0.070524 
0.0142512 -0.023647 1.61321e-06 -0.000124993 -0.023647 0.103987 -0.000130094 0.000796456 1.61321e-06 -0.000130094 0.00480121 -0.0114644 -0.000124993 0.000796456 -0.0114644 0.0705488 
0.0142719 -0.0237162 8.79956e-06 -0.000160241 -0.0237162 0.104137 -0.000160628 0.000844829 8.79956e-06 -0.000160628 0.00480053 -0.0114428 -0.000160241 0.000844829 -0.0114428 0.0705914 
0.0142756 -0.0237527 6.24913e-05 -0.000246641 -0.0237527 0.104316 -0.000245018 0.00109992 6.24913e-05 -0.000245018 0.00479614 -0.0114488 -0.000246641 0.00109992 -0.0114488 0.0706421 
0.0142298 -0.0236794 0.000168488 -0.000328423 -0.0236794 0.104071 -0.000323775 0.00134505 0.000168488 -0.000323775 0.00476361 -0.0114075 -0.000328423 0.00134505 -0.0114075 0.0704457 
0.0142475 -0.023711 0.000176216 -0.000402345 -0.023711 0.104236 -0.000387277 0.00147172 0.000176216 -0.000387277 0.00476204 -0.0113923 -0.000402345 0.00147172 -0.0113923 0.0704987 
0.0142062 -0.0237034 0.00013139 -0.000371915 -0.0237034 0.104216 -0.000354436 0.00143373 0.00013139 -0.000354436 0.00481025 -0.0113658 -0.000371915 0.00143373 -0.0113658 0.0704112 
0.0142257 -0.0236561 0.000137663 -0.00032943 -0.0236561 0.104148 -0.000319541 0.00136294 0.000137663 -0.000319541 0.0047876 -0.0114256 -0.00032943 0.00136294 -0.0114256 0.0704702 
0.0142396 -0.0236807 0.000104384 -0.000291139 -0.0236807 0.104154 -0.000285856 0.00121669 0.000104384 -0.000285856 0.00480526 -0.0114051 -0.000291139 0.00121669 -0.0114051 0.0705002 
0.0142304 -0.0236672 9.66814e-05 -0.000273535 -0.0236672 0.104058 -0.000271174 0.00117043 9.66814e-05 -0.000271174 0.00482457 -0.0114106 -0.000273535 0.00117043 -0.0114106 0.0704324 
0.014241 -0.0237021 6.84657e-05 -0.000287778 -0.0237021 0.104201 -0.000287409 0.00120604 6.84657e-05 -0.000287409 0.00485142 -0.0114664 -0.000287778 0.00120604 -0.0114664 0.070602 
0.0141835 -0.0236694 3.31912e-05 -0.000266923 -0.0236694 0.104088 -0.000272276 0.00121451 3.31912e-05 -0.000272276 0.00489374 -0.0114944 -0.000266923 0.00121451 -0.0114944 0.0706515 
0.0141805 -0.0236073 6.17618e-05 -0.000213937 -0.0236073 0.103959 -0.000226496 0.00113029 6.17618e-05 -0.000226496 0.00489459 -0.0115547 -0.000213937 0.00113029 -0.0115547 0.070785 
0.0142015 -0.0236125 0.000126424 -0.000265308 -0.0236125 0.103943 -0.000271745 0.00117851 0.000126424 -0.000271745 0.00487859 -0.011571 -0.000265308 0.00117851 -0.011571 0.070916 
0.0142014 -0.0236255 0.000199707 -0.000354713 -0.0236255 0.10393 -0.000348651 0.00134678 0.000199707 -0.000348651 0.00486364 -0.0115481 -0.000354713 0.00134678 -0.0115481 0.0708991 
0.0142071 -0.0236147 0.000327606 -0.000471872 -0.0236147 0.103881 -0.000453766 0.00162222 0.000327606 -0.000453766 0.00482935 -0.0115209 -0.000471872 0.00162222 -0.0115209 0.0708127 
0.0142511 -0.0236608 0.000342907 -0.000589447 -0.0236608 0.104024 -0.000556247 0.00184789 0.000342907 -0.000556247 0.0048053 -0.0114888 -0.000589447 0.00184789 -0.0114888 0.0707956 
0.0142604 -0.0237056 0.000318179 -0.000616199 -0.0237056 0.104133 -0.000583895 0.00200237 0.000318179 -0.000583895 0.00480844 -0.0114523 -0.000616199 0.00200237 -0.0114523 0.07071 
0.0142746 -0.0237299 0.000258199 -0.000561722 -0.0237299 0.104244 -0.00054653 0.00195935 0.000258199 -0.00054653 0.00481814 -0.011457 -0.000561722 0.00195935 -0.011457 0.0706961 
0.0143 -0.0237245 0.00022685 -0.000480053 -0.0237245 0.104215 -0.000484133 0.00181599 0.00022685 -0.000484133 0.00478565 -0.0114672 -0.000480053 0.00181599 -0.0114672 0.0706756 
0.0143455 -0.0237766 0.000231124 -0.000413306 -0.0237766 0.104329 -0.000429662 0.00162767 0.000231124 -0.000429662 0.00477336 -0.0114381 -0.000413306 0.00162767 -0.0114381 0.070667 
0.0143443 -0.0237972 0.000238106 -0.000432649 -0.0237972 0.104311 -0.000446703 0.00159751 0.000238106 -0.000446703 0.00476992 -0.0114076 -0.000432649 0.00159751 -0.0114076 0.0705251 
0.0143908 -0.0238766 0.000202807 -0.00044246 -0.0238766 0.104637 -0.000450389 0.00160698 0.000202807 -0.000450389 0.00477997 -0.0114447 -0.00044246 0.00160698 -0.0114447 0.0706869 
0.0143752 -0.0238583 0.000205128 -0.000406107 -0.0238583 0.104538 -0.000415956 0.00156764 0.000205128 -0.000415956 0.00477121 -0.0114374 -0.000406107 0.00156764 -0.0114374 0.0706194 
0.0144357 -0.0239124 0.000224912 -0.000426349 -0.0239124 0.10478 -0.000434448 0.00159305 0.000224912 -0.000434448 0.00472202 -0.0114661 -0.000426349 0.00159305 -0.0114661 0.0707957 
0.0144981 -0.0239601 0.000265055 -0.000446813 -0.0239601 0.104891 -0.000451046 0.0016306 0.000265055 -0.000451046 0.00463504 -0.0113981 -0.000446813 0.0016306 -0.0113981 0.0707282 
0.0145133 -0.0239833 0.000332459 -0.000511834 -0.0239833 0.104826 -0.000511686 0.00176046 0.000332459 -0.000511686 0.00455882 -0.0112462 -0.000511834 0.00176046 -0.0112462 0.0703099 
0.0145582 -0.0240741 0.000420193 -0.000600748 -0.0240741 0.105127 -0.00059313 0.00195592 0.000420193 -0.00059313 0.00453221 -0.0111538 -0.000600748 0.00195592 -0.0111538 0.0700698 
0.0145702 -0.0240635 0.000479758 -0.000720403 -0.0240635 0.105059 -0.000702681 0.00222477 0.000479758 -0.000702681 0.00447315 -0.0110806 -0.000720403 0.00222477 -0.0110806 0.0697048 
0.0145918 -0.0241372 0.000492186 -0.000795575 -0.0241372 0.10529 -0.000774494 0.00245589 0.000492186 -0.000774494 0.00448047 -0.0110258 -0.000795575 0.00245589 -0.0110258 0.069583 
0.014557 -0.0241505 0.00048477 -0.000774834 -0.0241505 0.105361 -0.000759647 0.00247453 0.00048477 -0.000759647 0.0045633 -0.0110214 -0.000774834 0.00247453 -0.0110214 0.069481 
0.0145641 -0.0241046 0.000482666 -0.000739682 -0.0241046 0.105294 -0.000729522 0.00238825 0.000482666 -0.000729522 0.00460382 -0.0111334 -0.000739682 0.00238825 -0.0111334 0.0696213 
0.0145896 -0.0241041 0.000475902 -0.000748815 -0.0241041 0.105239 -0.000738678 0.00237973 0.000475902 -0.000738678 0.00459978 -0.0112225 -0.000748815 0.00237973 -0.0112225 0.0698871 
0.0145997 -0.0241526 0.000451561 -0.000754905 -0.0241526 0.105344 -0.000748386 0.00241326 0.000451561 -0.000748386 0.00460817 -0.0112518 -0.000754905 0.00241326 -0.0112518 0.07012 
0.0146389 -0.0242092 0.00039081 -0.000747698 -0.0242092 0.105611 -0.000747944 0.0024514 0.00039081 -0.000747944 0.00461002 -0.0112919 -0.000747698 0.0024514 -0.0112919 0.0703783 
0.0146777 -0.0242225 0.000368849 -0.000672094 -0.0242225 0.105653 -0.000686628 0.00236186 0.000368849 -0.000686628 0.00455679 -0.0112829 -0.000672094 0.00236186 -0.0112829 0.0704164 
0.0147119 -0.0242341 0.000415793 -0.00060992 -0.0242341 0.105575 -0.000633748 0.00218497 0.000415793 -0.000633748 0.00448038 -0.0111915 -0.00060992 0.00218497 -0.0111915 0.0701877 
0.0147659 -0.0243315 0.000446726 -0.000655132 -0.0243315 0.105833 -0.000671545 0.00216051 0.000446726 -0.000671545 0.00441996 -0.0111026 -0.000655132 0.00216051 -0.0111026 0.0700126 
0.0147417 -0.0243853 0.000505062 -0.000736843 -0.0243853 0.106001 -0.000741266 0.0023338 0.000505062 -0.000741266 0.00444506 -0.011009 -0.000736843 0.0023338 -0.011009 0.0697473 
0.0147115 -0.0243173 0.000494498 -0.000809414 -0.0243173 0.105852 -0.000801624 0.00250258 0.000494498 -0.000801624 0.00445376 -0.0110104 -0.000809414 0.00250258 -0.0110104 0.06953 
0.0146819 -0.0243274 0.000501981 -0.000808719 -0.0243274 0.105922 -0.000800445 0.00258669 0.000501981 -0.000800445 0.00453262 -0.0110506 -0.000808719 0.00258669 -0.0110506 0.0696353 
0.0147034 -0.0243106 0.000528203 -0.000792095 -0.0243106 0.105984 -0.00078576 0.00255322 0.000528203 -0.00078576 0.0045433 -0.0111702 -0.000792095 0.00255322 -0.0111702 0.0699317 
0.0147243 -0.0242788 0.00051631 -0.000824993 -0.0242788 0.105809 -0.000815674 0.00258304 0.00051631 -0.000815674 0.00448153 -0.0111852 -0.000824993 0.00258304 -0.0111852 0.0700288 
0.0148069 -0.0243446 0.000591103 -0.000867501 -0.0243446 0.105966 -0.000863301 0.00274853 0.000591103 -0.000863301 0.00437525 -0.0111275 -0.000867501 0.00274853 -0.0111275 0.0700638 
0.0148215 -0.0243688 0.00063084 -0.000922293 -0.0243688 0.105853 -0.000922117 0.00285339 0.00063084 -0.000922117 0.00427464 -0.0109371 -0.000922293 0.00285339 -0.0109371 0.0695592 
0.0148516 -0.0244517 0.000651604 -0.000965413 -0.0244517 0.106094 -0.000966943 0.00296497 0.000651604 -0.000966943 0.00421872 -0.0107955 -0.000965413 0.00296497 -0.0107955 0.0691582 
0.0148737 -0.0245316 0.000706706 -0.000992263 -0.0245316 0.10643 -0.000994768 0.00305384 0.000706706 -0.000994768 0.0042044 -0.0107193 -0.000992263 0.00305384 -0.0107193 0.0689199 
0.0148549 -0.0245095 0.000691318 -0.00102503 -0.0245095 0.106394 -0.00102201 0.0030824 0.000691318 -0.00102201 0.00419463 -0.010666 -0.00102503 0.0030824 -0.010666 0.0686306 
0.0148661 -0.0245324 0.000711861 -0.00103241 -0.0245324 0.106534 -0.00102796 0.00314096 0.000711861 -0.00102796 0.00421286 -0.0106677 -0.00103241 0.00314096 -0.0106677 0.0686102 
0.0148377 -0.0244812 0.000731193 -0.00105617 -0.0244812 0.106349 -0.00105087 0.00319078 0.000731193 -0.00105087 0.00421328 -0.0106657 -0.00105617 0.00319078 -0.0106657 0.0684879 
0.0148544 -0.0244613 0.000757995 -0.00107005 -0.0244613 0.106271 -0.00106392 0.00322113 0.000757995 -0.00106392 0.00418332 -0.0106718 -0.00107005 0.00322113 -0.0106718 0.0684742 
0.0148829 -0.0245156 0.000776107 -0.00110805 -0.0245156 0.106418 -0.00110084 0.00329949 0.000776107 -0.00110084 0.00418229 -0.0106503 -0.00110805 0.00329949 -0.0106503 0.0685099 
0.0148813 -0.0245179 0.000784015 -0.00113627 -0.0245179 0.106401 -0.00112993 0.00338553 0.000784015 -0.00112993 0.00417706 -0.0106327 -0.00113627 0.00338553 -0.0106327 0.0684168 
0.0148748 -0.0245727 0.000779503 -0.00111668 -0.0245727 0.10662 -0.00111241 0.00335529 0.000779503 -0.00111241 0.0042324 -0.0106479 -0.00111668 0.00335529 -0.0106479 0.068509 
0.014825 -0.0245334 0.000746359 -0.00111841 -0.0245334 0.106572 -0.00111438 0.00334861 0.000746359 -0.00111438 0.0042901 -0.0107141 -0.00111841 0.00334861 -0.0107141 0.0686098 
0.0148248 -0.0244588 0.000752318 -0.00107558 -0.0244588 0.106398 -0.00107237 0.00328024 0.000752318 -0.00107237 0.00429234 -0.0107968 -0.00107558 0.00328024 -0.0107968 0.0687979 
0.0148527 -0.0244356 0.000725062 -0.0010946 -0.0244356 0.10623 -0.00109079 0.00328656 0.000725062 -0.00109079 0.00424576 -0.0108072 -0.0010946 0.00328656 -0.0108072 0.0688847 
0.0148772 -0.0244979 0.000728127 -0.00110484 -0.0244979 0.106351 -0.00110883 0.00338146 0.000728127 -0.00110883 0.00420939 -0.0107624 -0.00110484 0.00338146 -0.0107624 0.0689019 
0.0148471 -0.0245012 0.00072329 -0.00109437 -0.0245012 0.106334 -0.0011075 0.00339118 0.00072329 -0.0011075 0.00421275 -0.0106879 -0.00109437 0.00339118 -0.0106879 0.0686899 
0.014832 -0.0245211 0.000747603 -0.0010717 -0.0245211 0.106502 -0.00108674 0.0033396 0.000747603 -0.00108674 0.00423025 -0.0106965 -0.0010717 0.0033396 -0.0106965 0.0686881 
0.0147696 -0.0244692 0.000767305 -0.00108368 -0.0244692 0.106399 -0.00109234 0.00330037 0.000767305 -0.00109234 0.00428812 -0.0107037 -0.00108368 0.00330037 -0.0107037 0.068649 
0.0147221 -0.0243871 0.000820015 -0.00114396 -0.0243871 0.106226 -0.00113974 0.00341115 0.000820015 -0.00113974 0.00431657 -0.0107768 -0.00114396 0.00341115 -0.0107768 0.0687547 
0.0146957 -0.0243066 0.00086442 -0.00117933 -0.0243066 0.105962 -0.00116514 0.00346495 0.00086442 -0.00116514 0.00431695 -0.0108072 -0.00117933 0.00346495 -0.0108072 0.0688259 
0.0146358 -0.0242574 0.000898931 -0.00124088 -0.0242574 0.105735 -0.00121942 0.0035819 0.000898931 -0.00121942 0.00435885 -0.0107986 -0.00124088 0.0035819 -0.0107986 0.0688043 
0.0146333 -0.024229 0.000891988 -0.00129289 -0.024229 0.105726 -0.00126766 0.00372285 0.000891988 -0.00126766 0.0043708 -0.0108644 -0.00129289 0.00372285 -0.0108644 0.0689677 
0.0145908 -0.024179 0.000886397 -0.00132012 -0.024179 0.105538 -0.00130163 0.00387411 0.000886397 -0.00130163 0.00438879 -0.0108749 -0.00132012 0.00387411 -0.0108749 0.0690104 
0.0145577 -0.024121 0.000851839 -0.00128615 -0.024121 0.105348 -0.00127873 0.00385604 0.000851839 -0.00127873 0.00437877 -0.0108829 -0.00128615 0.00385604 -0.0108829 0.0689983 
0.0145504 -0.0241014 0.000852172 -0.00121906 -0.0241014 0.105292 -0.0012252 0.00372392 0.000852172 -0.0012252 0.00436498 -0.0108681 -0.00121906 0.00372392 -0.0108681 0.0689957 
0.0145697 -0.0240853 0.000875898 -0.00120956 -0.0240853 0.105226 -0.00121774 0.00363837 0.000875898 -0.00121774 0.00431776 -0.0108325 -0.00120956 0.00363837 -0.0108325 0.0689 
0.0145766 -0.0241135 0.000933314 -0.00126476 -0.0241135 0.105268 -0.00126948 0.00372711 0.000933314 -0.00126948 0.00429846 -0.0107659 -0.00126476 0.00372711 -0.0107659 0.0687527 
0.0145496 -0.0241184 0.000943328 -0.00128974 -0.0241184 0.105267 -0.00128559 0.00374122 0.000943328 -0.00128559 0.00433099 -0.0107082 -0.00128974 0.00374122 -0.0107082 0.0685234 
0.0145362 -0.0241242 0.000942513 -0.00132484 -0.0241242 0.105383 -0.00131463 0.00382536 0.000942513 -0.00131463 0.00437688 -0.0107616 -0.00132484 0.00382536 -0.0107616 0.0685845 
0.0144827 -0.0240481 0.000923056 -0.00131713 -0.0240481 0.10515 -0.0013056 0.00383769 0.000923056 -0.0013056 0.00440713 -0.0108086 -0.00131713 0.00383769 -0.0108086 0.0686044 
0.0144592 -0.0240109 0.000891193 -0.00129468 -0.0240109 0.105072 -0.00128634 0.00380759 0.000891193 -0.00128634 0.00445898 -0.0108688 -0.00129468 0.00380759 -0.0108688 0.0687903 
0.0144536 -0.0240237 0.00086361 -0.00124235 -0.0240237 0.105182 -0.00124096 0.00370455 0.00086361 -0.00124096 0.00451646 -0.0109617 -0.00124235 0.00370455 -0.0109617 0.0691192 
0.0144303 -0.0239356 0.000845777 -0.00121516 -0.0239356 0.104883 -0.0012169 0.00362578 0.000845777 -0.0012169 0.0045116 -0.0110181 -0.00121516 0.00362578 -0.0110181 0.0692197 
0.0144727 -0.0239654 0.000816889 -0.00117345 -0.0239654 0.104955 -0.00117776 0.0035135 0.000816889 -0.00117776 0.0044892 -0.0110415 -0.00117345 0.0035135 -0.0110415 0.0694218 
0.0144784 -0.0239599 0.000850423 -0.00115973 -0.0239599 0.104835 -0.00116678 0.00347647 0.000850423 -0.00116678 0.00443864 -0.0109947 -0.00115973 0.00347647 -0.0109947 0.069318 
0.0145106 -0.0240397 0.00088282 -0.00124503 -0.0240397 0.105121 -0.00124935 0.00364516 0.00088282 -0.00124935 0.00442521 -0.0109584 -0.00124503 0.00364516 -0.0109584 0.0693557 
0.0144626 -0.0240249 0.000927333 -0.00130577 -0.0240249 0.105084 -0.00130715 0.00384129 0.000927333 -0.00130715 0.00443561 -0.0109081 -0.00130577 0.00384129 -0.0109081 0.0691697 
0.0144207 -0.0239623 0.000901717 -0.00129257 -0.0239623 0.104929 -0.00129085 0.00380937 0.000901717 -0.00129085 0.00443776 -0.0108872 -0.00129257 0.00380937 -0.0108872 0.0689893 
0.0143963 -0.0239091 0.000828114 -0.0012202 -0.0239091 0.104752 -0.00121845 0.00363091 0.000828114 -0.00121845 0.0044447 -0.0108711 -0.0012202 0.00363091 -0.0108711 0.0688593 
0.0144063 -0.0239362 0.000792374 -0.00116352 -0.0239362 0.104893 -0.00116813 0.00351536 0.000792374 -0.00116813 0.00448379 -0.0109112 -0.00116352 0.00351536 -0.0109112 0.0690038 
0.0143357 -0.0238842 0.000745338 -0.0011035 -0.0238842 0.104707 -0.00111423 0.00335612 0.000745338 -0.00111423 0.0045596 -0.0109364 -0.0011035 0.00335612 -0.0109364 0.068985 
0.0143476 -0.023856 0.000742622 -0.00106592 -0.023856 0.104751 -0.00107806 0.00326149 0.000742622 -0.00107806 0.00458645 -0.0110688 -0.00106592 0.00326149 -0.0110688 0.0693248 
0.0143033 -0.0237777 0.00080445 -0.00108529 -0.0237777 0.10441 -0.00109466 0.00327748 0.00080445 -0.00109466 0.00458856 -0.0110941 -0.00108529 0.00327748 -0.0110941 0.0693955 
0.0143545 -0.0238123 0.000841734 -0.00115494 -0.0238123 0.104564 -0.00115282 0.00337313 0.000841734 -0.00115282 0.00455703 -0.0111307 -0.00115494 0.00337313 -0.0111307 0.0696438 
0.0143082 -0.0237958 0.000867888 -0.00123434 -0.0237958 0.104409 -0.0012244 0.00358156 0.000867888 -0.0012244 0.00456274 -0.0110639 -0.00123434 0.00358156 -0.0110639 0.0694997 
0.0143086 -0.0237976 0.000910068 -0.00128562 -0.0237976 0.104511 -0.00127575 0.00376837 0.000910068 -0.00127575 0.00456418 -0.0110802 -0.00128562 0.00376837 -0.0110802 0.0695424 
