0.00792063 0 -0.0030662 0 0 0.00998652 0 0 -0.0030662 0 0.00551291 0 0 0 0 0.00998652 
0.0113112 -0.0140196 -0.00422825 0.00520827 -0.0140196 0.036044 0.00520827 -0.00998713 -0.00422825 0.00520827 0.00770716 -0.00957152 0.00520827 -0.00998713 -0.00957152 0.0275156 
0.0111156 -0.0204686 -0.00392104 0.00674374 -0.0204686 0.0744726 0.00674374 -0.0215071 -0.00392104 0.00674374 0.00779803 -0.0146105 0.00674374 -0.0215071 -0.0146105 0.0557225 
0.0103789 -0.0195364 -0.00354866 0.0052745 -0.0195364 0.0863947 0.00526985 -0.0194093 -0.00354866 0.00526985 0.00749476 -0.0149243 0.0052745 -0.0194093 -0.0149243 0.0688778 
0.0103768 -0.01882 -0.00363544 0.00462354 -0.01882 0.0890507 0.00461341 -0.0153281 -0.00363544 0.00461341 0.00758221 -0.0149919 0.00462354 -0.0153281 -0.0149919 0.0752718 
0.010552 -0.01886 -0.0037752 0.0047199 -0.01886 0.0903191 0.00471012 -0.0136602 -0.0037752 0.00471012 0.00771679 -0.0150831 0.0047199 -0.0136602 -0.0150831 0.0783581 
0.0107702 -0.0191292 -0.00381913 0.0049006 -0.0191292 0.0915022 0.00489323 -0.0134626 -0.00381913 0.00489323 0.00772081 -0.0150714 0.0049006 -0.0134626 -0.0150714 0.0795252 
0.0108694 -0.0192004 -0.00385818 0.00500763 -0.0192004 0.0917679 0.00500564 -0.0136934 -0.00385818 0.00500564 0.00768629 -0.015026 0.00500763 -0.0136934 -0.015026 0.0797613 
0.0108919 -0.0192707 -0.00388484 0.00507627 -0.0192707 0.0918996 0.00508652 -0.0139422 -0.00388484 0.00508652 0.00769944 -0.0149683 0.00507627 -0.0139422 -0.0149683 0.0797116 
0.010916 -0.0193278 -0.00391635 0.00511639 -0.0193278 0.0921143 0.00512962 -0.0141154 -0.00391635 0.00512962 0.00772988 -0.0149871 0.00511639 -0.0141154 -0.0149871 0.0797358 
0.0109545 -0.019364 -0.00391456 0.00512615 -0.019364 0.0921985 0.00513279 -0.0141497 -0.00391456 0.00513279 0.00770945 -0.0149713 0.00512615 -0.0141497 -0.0149713 0.0795956 
0.0109996 -0.0194523 -0.00390715 0.00511539 -0.0194523 0.0924426 0.00512048 -0.0141301 -0.00390715 0.00512048 0.00769013 -0.0149528 0.00511539 -0.0141301 -0.0149528 0.0795477 
0.011043 -0.0195382 -0.00389394 0.00508885 -0.0195382 0.0927257 0.00509531 -0.0140543 -0.00389394 0.00509531 0.00766663 -0.014923 0.00508885 -0.0140543 -0.014923 0.0794815 
0.0110709 -0.0195786 -0.003915 0.00507333 -0.0195786 0.0928822 0.00507965 -0.013994 -0.003915 0.00507965 0.00764541 -0.0149165 0.00507333 -0.013994 -0.0149165 0.0794708 
0.0110847 -0.019618 -0.00393259 0.00510974 -0.019618 0.0930435 0.00511394 -0.014032 -0.00393259 0.00511394 0.00765122 -0.0149298 0.00510974 -0.014032 -0.0149298 0.0795755 
0.0111032 -0.0196493 -0.00391919 0.0051147 -0.0196493 0.0931448 0.00511467 -0.0140387 -0.00391919 0.00511467 0.00762318 -0.0148996 0.0051147 -0.0140387 -0.0148996 0.0794999 
0.0111002 -0.0196405 -0.0039013 0.00512371 -0.0196405 0.0931475 0.00512236 -0.0140841 -0.0039013 0.00512236 0.00763149 -0.0149189 0.00512371 -0.0140841 -0.0149189 0.079586 
0.0110666 -0.0196038 -0.00386962 0.0051076 -0.0196038 0.0930261 0.00511013 -0.0140855 -0.00386962 0.00511013 0.00764108 -0.0149452 0.0051076 -0.0140855 -0.0149452 0.079667 
0.0110253 -0.0195964 -0.00385366 0.00504732 -0.0195964 0.0930116 0.0050553 -0.0139677 -0.00385366 0.0050553 0.00767559 -0.014925 0.00504732 -0.0139677 -0.014925 0.0796366 
0.0110267 -0.019567 -0.00385435 0.00500856 -0.019567 0.092971 0.00501021 -0.0138228 -0.00385435 0.00501021 0.00766443 -0.014925 0.00500856 -0.0138228 -0.014925 0.0795538 
0.0110442 -0.0195336 -0.00386537 0.00502846 -0.0195336 0.0928473 0.00502161 -0.0138078 -0.00386537 0.00502161 0.00762901 -0.0149366 0.00502846 -0.0138078 -0.0149366 0.0795701 
0.0111181 -0.0196116 -0.00390364 0.00503378 -0.0196116 0.0930306 0.00502789 -0.0138131 -0.00390364 0.00502789 0.00757086 -0.0148703 0.00503378 -0.0138131 -0.0148703 0.0794849 
0.0111457 -0.019662 -0.0039342 0.00509854 -0.019662 0.0931302 0.00509688 -0.0139448 -0.0039342 0.00509688 0.00754625 -0.014824 0.00509854 -0.0139448 -0.014824 0.0793848 
0.0111597 -0.0196377 -0.00396993 0.0051761 -0.0196377 0.0930662 0.00517635 -0.0141787 -0.00396993 0.00517635 0.00754252 -0.0148518 0.0051761 -0.0141787 -0.0148518 0.0794603 
0.0111907 -0.0196819 -0.00397649 0.00519178 -0.0196819 0.0931009 0.00519688 -0.0142727 -0.00397649 0.00519688 0.00751078 -0.0147886 0.00519178 -0.0142727 -0.0147886 0.0792871 
0.0111958 -0.0197426 -0.00398502 0.00520512 -0.0197426 0.0932789 0.00521587 -0.0143404 -0.00398502 0.00521587 0.0075184 -0.0147702 0.00520512 -0.0143404 -0.0147702 0.079246 
0.0112185 -0.0197705 -0.00399984 0.00520127 -0.0197705 0.0934196 0.00520995 -0.0143385 -0.00399984 0.00520995 0.00750222 -0.0147586 0.00520127 -0.0143385 -0.0147586 0.0791826 
0.0112485 -0.0198156 -0.00401 0.00520961 -0.0198156 0.093555 0.00521266 -0.0143264 -0.00401 0.00521266 0.00746834 -0.014723 0.00520961 -0.0143264 -0.014723 0.0790831 
0.011247 -0.0198493 -0.00395657 0.00522105 -0.0198493 0.0936477 0.00522125 -0.0143365 -0.00395657 0.00522125 0.00745934 -0.0146701 0.00522105 -0.0143365 -0.0146701 0.0789345 
0.0112003 -0.0197943 -0.00392053 0.00518941 -0.0197943 0.0935381 0.00519105 -0.0143381 -0.00392053 0.00519105 0.00749752 -0.0147199 0.00518941 -0.0143381 -0.0147199 0.0790296 
0.011176 -0.0197744 -0.00389518 0.00512451 -0.0197744 0.0935247 0.00512706 -0.0142022 -0.00389518 0.00512706 0.00752228 -0.0147486 0.00512451 -0.0142022 -0.0147486 0.079124 
0.0111691 -0.0197244 -0.0038955 0.00508863 -0.0197244 0.0933964 0.00508948 -0.0140764 -0.0038955 0.00508948 0.00751637 -0.0147782 0.00508863 -0.0140764 -0.0147782 0.0791937 
0.0111704 -0.0196735 -0.003939 0.00510088 -0.0196735 0.0931839 0.00509974 -0.0140592 -0.003939 0.00509974 0.00749433 -0.014788 0.00510088 -0.0140592 -0.014788 0.079235 
0.0111935 -0.0196737 -0.00398831 0.00516533 -0.0196737 0.0931103 0.00516462 -0.0141734 -0.00398831 0.00516462 0.00747152 -0.0147652 0.00516533 -0.0141734 -0.0147652 0.0792276 
0.0112636 -0.0197377 -0.00406004 0.0052263 -0.0197377 0.0932577 0.00522865 -0.0143323 -0.00406004 0.00522865 0.00742152 -0.0147209 0.0052263 -0.0143323 -0.0147209 0.0791468 
0.0112717 -0.0198227 -0.00407462 0.00531334 -0.0198227 0.0934357 0.00531843 -0.0145377 -0.00407462 0.00531843 0.00742255 -0.0146441 0.00531334 -0.0145377 -0.0146441 0.0789533 
0.0112396 -0.0198681 -0.00405434 0.0053384 -0.0198681 0.0936641 0.00534261 -0.0146746 -0.00405434 0.00534261 0.00747827 -0.01464 0.0053384 -0.0146746 -0.01464 0.0788859 
0.0112358 -0.0198026 -0.00404892 0.00531227 -0.0198026 0.0935813 0.00530753 -0.0146661 -0.00404892 0.00530753 0.007477 -0.0147111 0.00531227 -0.0146661 -0.0147111 0.0789499 
0.0112079 -0.0197842 -0.00402629 0.0052968 -0.0197842 0.0934697 0.0052918 -0.0146144 -0.00402629 0.0052918 0.00749344 -0.0147186 0.0052968 -0.0146144 -0.0147186 0.0790058 
0.011222 -0.0197867 -0.0040111 0.00526359 -0.0197867 0.0935168 0.00525922 -0.0145367 -0.0040111 0.00525922 0.00748674 -0.0147375 0.00526359 -0.0145367 -0.0147375 0.0790776 
0.0112198 -0.019761 -0.00402649 0.00526058 -0.019761 0.0934392 0.00526012 -0.0145197 -0.00402649 0.00526012 0.00749284 -0.0147732 0.00526058 -0.0145197 -0.0147732 0.07922 
0.0112428 -0.0197925 -0.0040128 0.00525852 -0.0197925 0.0935087 0.00526365 -0.0144933 -0.0040128 0.00526365 0.00747606 -0.0147468 0.00525852 -0.0144933 -0.0147468 0.0791987 
0.011235 -0.019852 -0.00399826 0.00522251 -0.019852 0.09367 0.00523177 -0.014415 -0.00399826 0.00523177 0.0074915 -0.0146871 0.00522251 -0.014415 -0.0146871 0.079037 
0.0112058 -0.0198147 -0.00399886 0.00521643 -0.0198147 0.093631 0.00521935 -0.014376 -0.00399886 0.00521935 0.00752361 -0.0147228 0.00521643 -0.014376 -0.0147228 0.0790285 
0.0112099 -0.0198025 -0.00400141 0.00521597 -0.0198025 0.093633 0.00520791 -0.014344 -0.00400141 0.00520791 0.00752486 -0.0147582 0.00521597 -0.014344 -0.0147582 0.0791093 
0.0112014 -0.019796 -0.00397356 0.00520575 -0.019796 0.0935599 0.00519269 -0.0142931 -0.00397356 0.00519269 0.007521 -0.0147298 0.00520575 -0.0142931 -0.0147298 0.079018 
0.0112151 -0.0197971 -0.00395644 0.00519764 -0.0197971 0.0936127 0.00518311 -0.0142928 -0.00395644 0.00518311 0.00752888 -0.0147797 0.00519764 -0.0142928 -0.0147797 0.0791859 
0.0111584 -0.0197584 -0.00393285 0.00519049 -0.0197584 0.0934882 0.00518038 -0.0143006 -0.00393285 0.00518038 0.00757842 -0.0148358 0.00519049 -0.0143006 -0.0148358 0.0793919 
0.0111294 -0.0196447 -0.00394955 0.00517441 -0.0196447 0.0931935 0.00516638 -0.0142932 -0.00394955 0.00516638 0.00758829 -0.0149296 0.00517441 -0.0142932 -0.0149296 0.0796488 
0.0111076 -0.0196398 -0.00395182 0.00515696 -0.0196398 0.0930644 0.00515569 -0.014222 -0.00395182 0.00515569 0.00757689 -0.0148768 0.00515696 -0.014222 -0.0148768 0.0795668 
0.0111397 -0.0196844 -0.00398316 0.00515853 -0.0196844 0.093253 0.00515966 -0.0142028 -0.00398316 0.00515966 0.00756683 -0.0148463 0.00515853 -0.0142028 -0.0148463 0.07952 
0.0111725 -0.0196818 -0.0040037 0.00519694 -0.0196818 0.0932205 0.0051933 -0.0142529 -0.0040037 0.0051933 0.00752692 -0.0148115 0.00519694 -0.0142529 -0.0148115 0.0793606 
0.0111855 -0.0197194 -0.00398816 0.00523512 -0.0197194 0.093261 0.0052309 -0.0143577 -0.00398816 0.0052309 0.00750747 -0.0147697 0.00523512 -0.0143577 -0.0147697 0.079242 
0.0112449 -0.0197825 -0.00399075 0.00520318 -0.0197825 0.0934634 0.00520407 -0.0143453 -0.00399075 0.00520407 0.00744921 -0.0147169 0.00520318 -0.0143453 -0.0147169 0.079091 
0.0112143 -0.019811 -0.00399765 0.00522553 -0.019811 0.0935395 0.005232 -0.0143935 -0.00399765 0.005232 0.0074804 -0.0146979 0.00522553 -0.0143935 -0.0146979 0.0790775 
0.0112088 -0.0197392 -0.00402623 0.00524486 -0.0197392 0.0933913 0.0052468 -0.0144543 -0.00402623 0.0052468 0.00748202 -0.0147397 0.00524486 -0.0144543 -0.0147397 0.0791101 
0.0112484 -0.0197696 -0.0040234 0.00527461 -0.0197696 0.0934378 0.00527186 -0.0145117 -0.0040234 0.00527186 0.00746864 -0.0147318 0.00527461 -0.0145117 -0.0147318 0.0791412 
0.0112493 -0.0197625 -0.00403101 0.00527835 -0.0197625 0.0933312 0.00527961 -0.0145612 -0.00403101 0.00527961 0.00746808 -0.0147289 0.00527835 -0.0145612 -0.0147289 0.0791078 
0.0112881 -0.0197868 -0.00406435 0.00529865 -0.0197868 0.0934123 0.00530431 -0.0146261 -0.00406435 0.00530431 0.00745037 -0.0147699 0.00529865 -0.0146261 -0.0147699 0.0792626 
0.0112673 -0.0198137 -0.00409482 0.00533656 -0.0198137 0.0934463 0.00534842 -0.0147133 -0.00409482 0.00534842 0.00746375 -0.0147635 0.00533656 -0.0147133 -0.0147635 0.0793202 
0.0112668 -0.0197911 -0.00413352 0.00538775 -0.0197911 0.0934607 0.00540192 -0.0148479 -0.00413352 0.00540192 0.00747814 -0.0148041 0.00538775 -0.0148479 -0.0148041 0.0794575 
0.0112927 -0.0198476 -0.0041208 0.00539479 -0.0198476 0.0936006 0.00540886 -0.0148657 -0.0041208 0.00540886 0.00745932 -0.01474 0.00539479 -0.0148657 -0.01474 0.0792938 
0.0113485 -0.0199006 -0.00410851 0.00537083 -0.0199006 0.0937719 0.00538539 -0.0148241 -0.00410851 0.00538539 0.00741246 -0.0146927 0.00537083 -0.0148241 -0.0146927 0.0791103 
0.0113563 -0.0199633 -0.00411648 0.00534755 -0.0199633 0.0939191 0.00536654 -0.014762 -0.00411648 0.00536654 0.00740462 -0.0146341 0.00534755 -0.014762 -0.0146341 0.0789323 
0.0113566 -0.0200389 -0.00412304 0.00533623 -0.0200389 0.0942112 0.00535135 -0.0146865 -0.00412304 0.00535135 0.00740377 -0.0145881 0.00533623 -0.0146865 -0.0145881 0.0787659 
0.0113019 -0.0200187 -0.00404666 0.00534417 -0.0200187 0.094226 0.00534579 -0.0146504 -0.00404666 0.00534579 0.00743494 -0.0145662 0.00534417 -0.0146504 -0.0145662 0.0786012 
0.0112193 -0.0199305 -0.00399232 0.00528701 -0.0199305 0.0940917 0.00527802 -0.0145854 -0.00399232 0.00527802 0.0075067 -0.0146614 0.00528701 -0.0145854 -0.0146614 0.0787983 
0.0111414 -0.0197863 -0.00397631 0.0052286 -0.0197863 0.0937421 0.00521166 -0.0144498 -0.00397631 0.00521166 0.00756841 -0.0147817 0.0052286 -0.0144498 -0.0147817 0.0791127 
0.0111389 -0.0196928 -0.00396697 0.00518254 -0.0196928 0.0934112 0.00516173 -0.014281 -0.00396697 0.00516173 0.00754137 -0.0148064 0.00518254 -0.014281 -0.0148064 0.0791867 
0.0111947 -0.019693 -0.00398486 0.00517427 -0.019693 0.0932971 0.00515841 -0.0142189 -0.00398486 0.00515841 0.00747906 -0.0147719 0.00517427 -0.0142189 -0.0147719 0.0791691 
0.0112603 -0.0197898 -0.00396054 0.00517877 -0.0197898 0.093437 0.00517383 -0.0142062 -0.00396054 0.00517383 0.00740994 -0.0146511 0.00517877 -0.0142062 -0.0146511 0.0788929 
0.0112747 -0.0198649 -0.00392444 0.00516453 -0.0198649 0.0936384 0.00517001 -0.0142214 -0.00392444 0.00517001 0.00740782 -0.0145842 0.00516453 -0.0142214 -0.0145842 0.0787005 
0.0113165 -0.0198951 -0.00391175 0.00510382 -0.0198951 0.0937619 0.00511233 -0.0141141 -0.00391175 0.00511233 0.00736372 -0.0145532 0.00510382 -0.0141141 -0.0145532 0.0785215 
0.011308 -0.0198959 -0.00392033 0.00512276 -0.0198959 0.0937693 0.00512931 -0.0141289 -0.00392033 0.00512931 0.00739064 -0.0145865 0.00512276 -0.0141289 -0.0145865 0.0786567 
0.0112638 -0.0198326 -0.00395473 0.00516763 -0.0198326 0.093608 0.00516815 -0.0142418 -0.00395473 0.00516815 0.00744244 -0.0146791 0.00516763 -0.0142418 -0.0146791 0.0789357 
0.0112411 -0.0197824 -0.00400954 0.00519684 -0.0197824 0.0934377 0.00519223 -0.0143132 -0.00400954 0.00519223 0.00746632 -0.0147207 0.00519684 -0.0143132 -0.0147207 0.0790683 
0.0113003 -0.0197714 -0.00408241 0.00526931 -0.0197714 0.0933967 0.00525877 -0.0144539 -0.00408241 0.00525877 0.0074312 -0.0147614 0.00526931 -0.0144539 -0.0147614 0.0792198 
0.011348 -0.0198705 -0.0041354 0.00535295 -0.0198705 0.0935759 0.0053468 -0.0146465 -0.0041354 0.0053468 0.00740621 -0.0147067 0.00535295 -0.0146465 -0.0147067 0.0791941 
0.0113433 -0.0199525 -0.00416543 0.00541054 -0.0199525 0.0938225 0.00541016 -0.014819 -0.00416543 0.00541016 0.00741979 -0.0146546 0.00541054 -0.014819 -0.0146546 0.0790538 
0.0113613 -0.0199648 -0.00416256 0.00544632 -0.0199648 0.0939683 0.00544269 -0.0149346 -0.00416256 0.00544269 0.00740818 -0.0146639 0.00544632 -0.0149346 -0.0146639 0.0790027 
0.0114408 -0.0199801 -0.00414068 0.00542866 -0.0199801 0.0939906 0.00542352 -0.0149311 -0.00414068 0.00542352 0.00731173 -0.0146259 0.00542866 -0.0149311 -0.0146259 0.0788697 
0.0115036 -0.020079 -0.0041645 0.00540737 -0.020079 0.0941919 0.00541823 -0.0149153 -0.0041645 0.00541823 0.00724999 -0.0145455 0.00540737 -0.0149153 -0.0145455 0.0787752 
0.0115274 -0.0201789 -0.00419588 0.00542309 -0.0201789 0.0944814 0.00544551 -0.0149279 -0.00419588 0.00544551 0.00722827 -0.0144546 0.00542309 -0.0149279 -0.0144546 0.0785703 
0.0115701 -0.0201942 -0.00419184 0.00547181 -0.0201942 0.094596 0.00548918 -0.0150209 -0.00419184 0.00548918 0.00719005 -0.0144254 0.00547181 -0.0150209 -0.0144254 0.0784233 
0.0115911 -0.0202352 -0.00418283 0.00547935 -0.0202352 0.0946779 0.0054947 -0.0150915 -0.00418283 0.0054947 0.00718727 -0.0143903 0.00547935 -0.0150915 -0.0143903 0.0783385 
0.0116102 -0.020276 -0.0041856 0.00544728 -0.020276 0.0947727 0.00546299 -0.0150386 -0.0041856 0.00546299 0.0071587 -0.0143518 0.00544728 -0.0150386 -0.0143518 0.0781726 
0.011566 -0.0203305 -0.00420214 0.00543977 -0.0203305 0.0949482 0.00545285 -0.0149816 -0.00420214 0.00545285 0.00719829 -0.0143099 0.00543977 -0.0149816 -0.0143099 0.0780507 
0.0115094 -0.0202421 -0.00423493 0.00550265 -0.0202421 0.0948673 0.00549788 -0.0150845 -0.00423493 0.00549788 0.00725646 -0.0144204 0.00550265 -0.0150845 -0.0144204 0.078279 
0.0114526 -0.0201175 -0.00424671 0.00556334 -0.0201175 0.0945195 0.0055427 -0.0152298 -0.00424671 0.0055427 0.00729218 -0.0145142 0.00556334 -0.0152298 -0.0145142 0.0785342 
0.0114382 -0.0200832 -0.00424673 0.00556375 -0.0200832 0.094372 0.00554132 -0.0152737 -0.00424673 0.00554132 0.00728449 -0.0145187 0.00556375 -0.0152737 -0.0145187 0.0786049 
0.0114444 -0.0200495 -0.00424053 0.00556537 -0.0200495 0.0942405 0.00555083 -0.0153011 -0.00424053 0.00555083 0.00726194 -0.0145091 0.00556537 -0.0153011 -0.0145091 0.0785985 
0.0114792 -0.020086 -0.00423905 0.00553656 -0.020086 0.0942764 0.00553288 -0.0152575 -0.00423905 0.00553288 0.00723647 -0.0144315 0.00553656 -0.0152575 -0.0144315 0.0783982 
0.0115576 -0.0201426 -0.00425371 0.00554008 -0.0201426 0.0944354 0.00554294 -0.0152616 -0.00425371 0.00554294 0.00719059 -0.0144126 0.00554008 -0.0152616 -0.0144126 0.0783218 
0.0115798 -0.0202062 -0.00423321 0.00555731 -0.0202062 0.0945244 0.00556581 -0.0152992 -0.00423321 0.00556581 0.00716901 -0.0143627 0.00555731 -0.0152992 -0.0143627 0.0781887 
0.0116244 -0.0202791 -0.00421444 0.00553803 -0.0202791 0.0947973 0.00555227 -0.0153035 -0.00421444 0.00555227 0.00714114 -0.014361 0.00553803 -0.0153035 -0.014361 0.0782207 
0.011691 -0.0203483 -0.00419503 0.00547573 -0.0203483 0.0949943 0.00549506 -0.0151588 -0.00419503 0.00549506 0.00707544 -0.0142733 0.00547573 -0.0151588 -0.0142733 0.0780009 
0.0116874 -0.0203949 -0.00421939 0.00547343 -0.0203949 0.095114 0.00549556 -0.0151195 -0.00421939 0.00549556 0.00708018 -0.0142409 0.00547343 -0.0151195 -0.0142409 0.0779283 
0.0116611 -0.0204107 -0.00422491 0.00549474 -0.0204107 0.0952068 0.00550905 -0.0151207 -0.00422491 0.00550905 0.00709354 -0.0142226 0.00549474 -0.0151207 -0.0142226 0.0778328 
0.0116937 -0.0203828 -0.00423642 0.00550365 -0.0203828 0.095184 0.005504 -0.0151258 -0.00423642 0.005504 0.00704346 -0.0142209 0.00550365 -0.0151258 -0.0142209 0.0777648 
0.0117321 -0.0204643 -0.00423129 0.00551317 -0.0204643 0.0953762 0.00551024 -0.0151325 -0.00423129 0.00551024 0.00702558 -0.0141458 0.00551317 -0.0151325 -0.0141458 0.07765 
0.0117423 -0.020442 -0.00421836 0.00552414 -0.020442 0.0952839 0.00551841 -0.0151738 -0.00421836 0.00551841 0.00700696 -0.0141343 0.00552414 -0.0151738 -0.0141343 0.0775243 
0.0117676 -0.0204724 -0.00420841 0.00552874 -0.0204724 0.0953694 0.00552436 -0.0152265 -0.00420841 0.00552436 0.00701501 -0.0141612 0.00552874 -0.0152265 -0.0141612 0.0776457 
0.0118431 -0.0205041 -0.00423 0.00550035 -0.0205041 0.095438 0.00550054 -0.0151854 -0.00423 0.00550054 0.00695028 -0.0141607 0.00550035 -0.0151854 -0.0141607 0.0776692 
0.0119265 -0.0205761 -0.00424296 0.00551953 -0.0205761 0.0955256 0.00552668 -0.0151911 -0.00424296 0.00552668 0.00685036 -0.0140865 0.00551953 -0.0151911 -0.0140865 0.0775506 
0.011967 -0.0207129 -0.00421606 0.00552066 -0.0207129 0.0958268 0.00553912 -0.0152024 -0.00421606 0.00553912 0.00678721 -0.0139407 0.00552066 -0.0152024 -0.0139407 0.077238 
0.011943 -0.0207425 -0.00420852 0.00552636 -0.0207425 0.0960223 0.00555051 -0.0152701 -0.00420852 0.00555051 0.00681401 -0.0139184 0.00552636 -0.0152701 -0.0139184 0.0771758 
0.011918 -0.0206937 -0.00419694 0.00551684 -0.0206937 0.0959674 0.00553426 -0.0152671 -0.00419694 0.00553426 0.00683566 -0.0139389 0.00551684 -0.0152671 -0.0139389 0.0771519 
0.0118761 -0.0206814 -0.00417169 0.00549547 -0.0206814 0.095948 0.00550573 -0.0152146 -0.00417169 0.00550573 0.0068816 -0.0139527 0.00549547 -0.0152146 -0.0139527 0.0771733 
0.0118454 -0.0206268 -0.00415109 0.00545794 -0.0206268 0.0958337 0.00545829 -0.0151109 -0.00415109 0.00545829 0.00689745 -0.0139911 0.00545794 -0.0151109 -0.0139911 0.0772014 
0.0118046 -0.0205968 -0.00414396 0.00543525 -0.0205968 0.0957645 0.00542926 -0.015028 -0.00414396 0.00542926 0.00694502 -0.014021 0.00543525 -0.015028 -0.014021 0.077302 
0.0117744 -0.020535 -0.00412619 0.00542077 -0.020535 0.0955997 0.00540723 -0.0149553 -0.00412619 0.00540723 0.0069609 -0.0140574 0.00542077 -0.0149553 -0.0140574 0.0773405 
0.0117649 -0.0205016 -0.00412284 0.00540588 -0.0205016 0.0954937 0.00538772 -0.0149093 -0.00412284 0.00538772 0.00697836 -0.0140864 0.00540588 -0.0149093 -0.0140864 0.0774319 
0.0117297 -0.020494 -0.00413118 0.00540659 -0.020494 0.095463 0.00538861 -0.0148982 -0.00413118 0.00538861 0.00701809 -0.0141209 0.00540659 -0.0148982 -0.0141209 0.077555 
0.0117014 -0.0203854 -0.00412813 0.00543217 -0.0203854 0.0951571 0.00541047 -0.0149492 -0.00412813 0.00541047 0.00701807 -0.01419 0.00543217 -0.0149492 -0.01419 0.0776846 
0.0117513 -0.0203375 -0.004121 0.00545338 -0.0203375 0.0949701 0.00543592 -0.0150426 -0.004121 0.00543592 0.0069742 -0.0142354 0.00545338 -0.0150426 -0.0142354 0.0779106 
0.0117612 -0.0204356 -0.00408723 0.0054119 -0.0204356 0.0950942 0.00541562 -0.0150063 -0.00408723 0.00541562 0.00697136 -0.0141391 0.0054119 -0.0150063 -0.0141391 0.0777936 
0.0117382 -0.0204156 -0.00411685 0.00536955 -0.0204156 0.0950627 0.00538556 -0.0149337 -0.00411685 0.00538556 0.00699883 -0.0141318 0.00536955 -0.0149337 -0.0141318 0.0776659 
0.0117059 -0.0204151 -0.00416887 0.00539711 -0.0204151 0.0950887 0.00540801 -0.0149238 -0.00416887 0.00540801 0.00704724 -0.0141603 0.00539711 -0.0149238 -0.0141603 0.0776768 
0.0116949 -0.0204228 -0.00422179 0.00546087 -0.0204228 0.0951988 0.00545402 -0.0150033 -0.00422179 0.00545402 0.00708391 -0.0142141 0.00546087 -0.0150033 -0.0142141 0.0777986 
0.0117332 -0.0203748 -0.00423729 0.00555059 -0.0203748 0.0951198 0.00552789 -0.0151929 -0.00423729 0.00552789 0.00706235 -0.0143 0.00555059 -0.0151929 -0.0143 0.078036 
0.0117868 -0.0204039 -0.0042875 0.00557873 -0.0204039 0.0950999 0.00556248 -0.0153366 -0.0042875 0.00556248 0.00701424 -0.0142965 0.00557873 -0.0153366 -0.0142965 0.0781655 
0.0117867 -0.0204864 -0.00429319 0.00561656 -0.0204864 0.0952418 0.00561698 -0.0154341 -0.00429319 0.00561698 0.00699238 -0.0142116 0.00561656 -0.0154341 -0.0142116 0.0780205 
0.0117966 -0.0204998 -0.00427952 0.00561655 -0.0204998 0.0953411 0.00562589 -0.0154822 -0.00427952 0.00562589 0.00696231 -0.0141617 0.00561655 -0.0154822 -0.0141617 0.0778307 
0.0117936 -0.0205389 -0.00429901 0.00559657 -0.0205389 0.0954941 0.00560864 -0.0154638 -0.00429901 0.00560864 0.00698071 -0.0141141 0.00559657 -0.0154638 -0.0141141 0.0777018 
0.01175 -0.0205007 -0.00431395 0.00562968 -0.0205007 0.0954287 0.00563533 -0.0155042 -0.00431395 0.00563533 0.00702027 -0.0141437 0.00562968 -0.0155042 -0.0141437 0.0776743 
0.0117957 -0.0204556 -0.00432652 0.00565243 -0.0204556 0.0953361 0.00564651 -0.0155538 -0.00432652 0.00564651 0.00698055 -0.0141915 0.00565243 -0.0155538 -0.0141915 0.0777481 
0.0118572 -0.0205117 -0.00432029 0.00567616 -0.0205117 0.0954009 0.00567333 -0.0156254 -0.00432029 0.00567333 0.00693355 -0.01417 0.00567616 -0.0156254 -0.01417 0.0778122 
0.0118909 -0.020591 -0.00430778 0.00563909 -0.020591 0.0955234 0.00565164 -0.0155814 -0.00430778 0.00565164 0.00688005 -0.0140659 0.00563909 -0.0155814 -0.0140659 0.0775547 
0.0119321 -0.0206844 -0.00430419 0.00560438 -0.0206844 0.0958201 0.00562638 -0.0154926 -0.00430419 0.00562638 0.00684035 -0.0139748 0.00560438 -0.0154926 -0.0139748 0.077295 
0.0120025 -0.0207462 -0.00430663 0.00559486 -0.0207462 0.096051 0.0056139 -0.0154303 -0.00430663 0.0056139 0.00677627 -0.0139117 0.00559486 -0.0154303 -0.0139117 0.0770762 
0.0119979 -0.0208439 -0.00431026 0.00561049 -0.0208439 0.0963363 0.00562629 -0.0154454 -0.00431026 0.00562629 0.00679708 -0.0138555 0.00561049 -0.0154454 -0.0138555 0.0769691 
0.0119347 -0.0207793 -0.00430914 0.00563013 -0.0207793 0.096227 0.0056353 -0.0154893 -0.00430914 0.0056353 0.00684268 -0.0138866 0.00563013 -0.0154893 -0.0138866 0.0769205 
0.0119214 -0.0206844 -0.00434405 0.0056685 -0.0206844 0.0960415 0.00565901 -0.0155933 -0.00434405 0.00565901 0.00686717 -0.0140065 0.0056685 -0.0155933 -0.0140065 0.077227 
0.0119136 -0.020644 -0.00436571 0.00569808 -0.020644 0.0958176 0.00568475 -0.0156601 -0.00436571 0.00568475 0.00685044 -0.0140176 0.00569808 -0.0156601 -0.0140176 0.0773181 
0.0119186 -0.0206365 -0.00440275 0.00574434 -0.0206365 0.0957595 0.0057356 -0.0157905 -0.00440275 0.0057356 0.00682895 -0.0140257 0.00574434 -0.0157905 -0.0140257 0.0774235 
0.0119198 -0.0206563 -0.00443184 0.0057807 -0.0206563 0.0957923 0.00577997 -0.0159017 -0.00443184 0.00577997 0.00683336 -0.0139749 0.0057807 -0.0159017 -0.0139749 0.0773509 
0.0119862 -0.020702 -0.00444705 0.00579851 -0.020702 0.095944 0.0058007 -0.0159597 -0.00444705 0.0058007 0.00678643 -0.01393 0.00579851 -0.0159597 -0.01393 0.077183 
0.0120415 -0.020791 -0.00444788 0.00580958 -0.020791 0.0961433 0.00581437 -0.0159963 -0.00444788 0.00581437 0.00675489 -0.0138568 0.00580958 -0.0159963 -0.0138568 0.0769729 
0.0120186 -0.0208436 -0.00446436 0.00581259 -0.0208436 0.0962753 0.00581986 -0.0160204 -0.00446436 0.00581986 0.00679504 -0.013825 0.00581259 -0.0160204 -0.013825 0.0768198 
0.0120188 -0.0208168 -0.00446743 0.00584522 -0.0208168 0.096305 0.00584382 -0.0160802 -0.00446743 0.00584382 0.00681312 -0.0139056 0.00584522 -0.0160802 -0.0139056 0.0769422 
0.0119964 -0.0207757 -0.00447652 0.00587155 -0.0207757 0.0961894 0.00586517 -0.0161661 -0.00447652 0.00586517 0.00684312 -0.0139906 0.00587155 -0.0161661 -0.0139906 0.0772268 
0.0119802 -0.0207463 -0.00450384 0.00586882 -0.0207463 0.0960731 0.00586543 -0.0161761 -0.00450384 0.00586543 0.0068457 -0.0140222 0.00586882 -0.0161761 -0.0140222 0.0773655 
0.0120028 -0.0207801 -0.00453791 0.00590116 -0.0207801 0.0962143 0.00590117 -0.016227 -0.00453791 0.00590117 0.00684958 -0.0140378 0.00590116 -0.016227 -0.0140378 0.0775281 
0.0119425 -0.0207644 -0.00456172 0.00593053 -0.0207644 0.0961252 0.00593095 -0.0162854 -0.00456172 0.00593095 0.00687235 -0.0140122 0.00593053 -0.0162854 -0.0140122 0.0774373 
0.011894 -0.0207694 -0.00451956 0.00594259 -0.0207694 0.0962393 0.00593957 -0.0163041 -0.00451956 0.00593957 0.00691259 -0.0139931 0.00594259 -0.0163041 -0.0139931 0.0773458 
0.0118459 -0.0206944 -0.00449081 0.00590895 -0.0206944 0.0961534 0.00589794 -0.0162718 -0.00449081 0.00589794 0.00695611 -0.0140552 0.00590895 -0.0162718 -0.0140552 0.0774323 
0.011757 -0.0205989 -0.00447389 0.00586485 -0.0205989 0.0958727 0.00585076 -0.0161663 -0.00447389 0.00585076 0.00702897 -0.0140951 0.00586485 -0.0161663 -0.0140951 0.0774848 
0.0117495 -0.0204808 -0.00446491 0.00585182 -0.0204808 0.095562 0.00583108 -0.0161013 -0.00446491 0.00583108 0.0070379 -0.01419 0.00585182 -0.0161013 -0.01419 0.0776578 
0.0117408 -0.0204517 -0.00446555 0.00585559 -0.0204517 0.0953764 0.00583563 -0.0161046 -0.00446555 0.00583563 0.00705269 -0.0142365 0.00585559 -0.0161046 -0.0142365 0.0778691 
0.0117127 -0.0204497 -0.00443961 0.00584317 -0.0204497 0.0953179 0.00583249 -0.0160882 -0.00443961 0.00583249 0.00707892 -0.0142418 0.00584317 -0.0160882 -0.0142418 0.077926 
