0.010779 0 -0.00228649 0 0 0.00997951 0 0 -0.00228649 0 0.00424558 0 0 0 0 0.00997951 
0.0149706 -0.0185224 -0.00342406 0.00421489 -0.0185224 0.0446849 0.00421489 -0.00808141 -0.00342406 0.00421489 0.00625588 -0.00785146 0.00421489 -0.00808141 -0.00785146 0.0242226 
0.0145463 -0.0263449 -0.00316764 0.00527532 -0.0263449 0.0931914 0.00527532 -0.016808 -0.00316764 0.00527532 0.00687699 -0.0138036 0.00527532 -0.016808 -0.0138036 0.0536273 
0.0135703 -0.024198 -0.00281179 0.00404254 -0.024198 0.103366 0.00402749 -0.0146031 -0.00281179 0.00402749 0.00663624 -0.0152822 0.00404254 -0.0146031 -0.0152822 0.0727709 
0.0136578 -0.0229065 -0.0028107 0.00358776 -0.0229065 0.102147 0.00356537 -0.011735 -0.0028107 0.00356537 0.00641759 -0.0148438 0.00358776 -0.011735 -0.0148438 0.0790275 
0.0139809 -0.0230153 -0.00286967 0.00368336 -0.0230153 0.101901 0.00366722 -0.0108032 -0.00286967 0.00366722 0.00633191 -0.0143578 0.00368336 -0.0108032 -0.0143578 0.0798497 
0.0141288 -0.023372 -0.00294 0.00377769 -0.023372 0.102667 0.00377319 -0.0106529 -0.00294 0.00377319 0.00640152 -0.0141061 0.00377769 -0.0106529 -0.0141061 0.0794652 
0.0141224 -0.0234845 -0.00301916 0.00390373 -0.0234845 0.103193 0.00390028 -0.0108409 -0.00301916 0.00390028 0.00646758 -0.0141418 0.00390373 -0.0108409 -0.0141418 0.0793261 
0.0141219 -0.0234336 -0.00303597 0.00399439 -0.0234336 0.103216 0.00398358 -0.0110429 -0.00303597 0.00398358 0.00645862 -0.0142036 0.00399439 -0.0110429 -0.0142036 0.0793804 
0.0141016 -0.0234194 -0.00305726 0.00402354 -0.0234194 0.103143 0.00401803 -0.0111913 -0.00305726 0.00401803 0.00646157 -0.0141931 0.00402354 -0.0111913 -0.0141931 0.0794121 
0.0140558 -0.0233646 -0.00308673 0.00403941 -0.0233646 0.102938 0.00404116 -0.0112654 -0.00308673 0.00404116 0.00644148 -0.0141605 0.00403941 -0.0112654 -0.0141605 0.0792609 
0.0140538 -0.0233953 -0.00313317 0.00405411 -0.0233953 0.103083 0.00405773 -0.0112899 -0.00313317 0.00405773 0.00648506 -0.0141501 0.00405411 -0.0112899 -0.0141501 0.0792888 
0.0140418 -0.0233514 -0.00316434 0.00409612 -0.0233514 0.10295 0.00409402 -0.0113429 -0.00316434 0.00409402 0.00648757 -0.0141716 0.00409612 -0.0113429 -0.0141716 0.0792179 
0.014086 -0.0233683 -0.00319121 0.00415094 -0.0233683 0.103011 0.0041458 -0.0114714 -0.00319121 0.0041458 0.00646729 -0.0142053 0.00415094 -0.0114714 -0.0142053 0.0793495 
0.0141061 -0.0233881 -0.00313862 0.0041801 -0.0233881 0.10298 0.00418266 -0.011575 -0.00313862 0.00418266 0.00640022 -0.0141659 0.0041801 -0.011575 -0.0141659 0.079273 
0.0141103 -0.0234661 -0.00313635 0.00411793 -0.0234661 0.103235 0.00413324 -0.0115356 -0.00313635 0.00413324 0.00637209 -0.0140982 0.00411793 -0.0115356 -0.0140982 0.0792165 
0.0140544 -0.0234388 -0.00317696 0.00411373 -0.0234388 0.103228 0.00412847 -0.0114883 -0.00317696 0.00412847 0.00635916 -0.0140376 0.00411373 -0.0114883 -0.0140376 0.0790089 
0.0140069 -0.0233726 -0.00326161 0.00415471 -0.0233726 0.103101 0.00415661 -0.0115098 -0.00326161 0.00415661 0.00638675 -0.0139994 0.00415471 -0.0115098 -0.0139994 0.0788374 
0.0140137 -0.0232959 -0.00326334 0.00427342 -0.0232959 0.102882 0.00426018 -0.0117145 -0.00326334 0.00426018 0.00637315 -0.0140231 0.00427342 -0.0117145 -0.0140231 0.0787801 
0.0140072 -0.0233047 -0.00332009 0.00430605 -0.0233047 0.102838 0.00429489 -0.0119107 -0.00332009 0.00429489 0.00635054 -0.0140261 0.00430605 -0.0119107 -0.0140261 0.0788283 
0.0139963 -0.0233051 -0.00333143 0.00434408 -0.0233051 0.102821 0.00434001 -0.0119955 -0.00333143 0.00434001 0.00633392 -0.0139738 0.00434408 -0.0119955 -0.0139738 0.0787124 
0.0139938 -0.0232922 -0.00334311 0.00437564 -0.0232922 0.102814 0.00437466 -0.0121121 -0.00334311 0.00437466 0.00627958 -0.0139513 0.00437564 -0.0121121 -0.0139513 0.0786313 
0.0139864 -0.0233173 -0.00331919 0.00437782 -0.0233173 0.102911 0.00438004 -0.0121439 -0.00331919 0.00438004 0.00626584 -0.0138799 0.00437782 -0.0121439 -0.0138799 0.0785217 
0.0139416 -0.0232856 -0.00331306 0.00433432 -0.0232856 0.102828 0.00433655 -0.012062 -0.00331306 0.00433655 0.00629679 -0.0138261 0.00433432 -0.012062 -0.0138261 0.0782889 
0.0139126 -0.0232358 -0.00328614 0.00432207 -0.0232358 0.102718 0.00431576 -0.0119869 -0.00328614 0.00431576 0.00633694 -0.0138591 0.00432207 -0.0119869 -0.0138591 0.0782437 
0.0139203 -0.0232282 -0.0032876 0.0043071 -0.0232282 0.102748 0.00429319 -0.0119523 -0.0032876 0.00429319 0.00637781 -0.0139453 0.0043071 -0.0119523 -0.0139453 0.0784875 
0.0139414 -0.0232121 -0.00327041 0.00429985 -0.0232121 0.102672 0.0042848 -0.0119091 -0.00327041 0.0042848 0.0063891 -0.0139991 0.00429985 -0.0119091 -0.0139991 0.0786533 
0.0139454 -0.0232085 -0.00324097 0.00428129 -0.0232085 0.102568 0.00427211 -0.0118801 -0.00324097 0.00427211 0.00638869 -0.0140129 0.00428129 -0.0118801 -0.0140129 0.0787068 
0.013899 -0.0232172 -0.00325146 0.00426312 -0.0232172 0.102574 0.00426302 -0.0118757 -0.00325146 0.00426302 0.00641411 -0.0140312 0.00426312 -0.0118757 -0.0140312 0.078794 
0.0138476 -0.0231539 -0.00320449 0.00428229 -0.0231539 0.102479 0.00427971 -0.0119055 -0.00320449 0.00427971 0.00641646 -0.0140656 0.00428229 -0.0119055 -0.0140656 0.0788796 
0.0138366 -0.0230943 -0.00315584 0.00420833 -0.0230943 0.102326 0.0042004 -0.0117763 -0.00315584 0.0042004 0.00639152 -0.0140523 0.00420833 -0.0117763 -0.0140523 0.078874 
0.0138739 -0.0230923 -0.00310118 0.00413327 -0.0230923 0.102273 0.00412521 -0.0115731 -0.00310118 0.00412521 0.00635265 -0.014014 0.00413327 -0.0115731 -0.014014 0.0788091 
0.0139321 -0.0231438 -0.00312409 0.00407797 -0.0231438 0.102375 0.0040779 -0.0114344 -0.00312409 0.0040779 0.00630182 -0.0139782 0.00407797 -0.0114344 -0.0139782 0.078767 
0.01401 -0.0232331 -0.00311532 0.00407638 -0.0232331 0.102569 0.00408619 -0.011353 -0.00311532 0.00408619 0.00626278 -0.013894 0.00407638 -0.011353 -0.013894 0.0785851 
0.0140621 -0.0233184 -0.00307195 0.00406586 -0.0233184 0.10275 0.00408548 -0.0113338 -0.00307195 0.00408548 0.00626711 -0.0138309 0.00406586 -0.0113338 -0.0138309 0.0783531 
0.0140692 -0.0233934 -0.00309382 0.00404148 -0.0233934 0.103 0.00406895 -0.0113408 -0.00309382 0.00406895 0.00629879 -0.0138632 0.00404148 -0.0113408 -0.0138632 0.0783741 
0.0140149 -0.023376 -0.00310143 0.00404897 -0.023376 0.102986 0.00407066 -0.0113108 -0.00310143 0.00407066 0.00635746 -0.0138889 0.00404897 -0.0113108 -0.0138889 0.0783582 
0.0139931 -0.0233525 -0.00316578 0.00407336 -0.0233525 0.103051 0.00407907 -0.0113368 -0.00316578 0.00407907 0.00641758 -0.0139968 0.00407336 -0.0113368 -0.0139968 0.0786355 
0.0139666 -0.0232713 -0.00321278 0.00414824 -0.0232713 0.102804 0.00413761 -0.011441 -0.00321278 0.00413761 0.00641189 -0.0140642 0.00414824 -0.011441 -0.0140642 0.0787873 
0.0139868 -0.0232933 -0.00327423 0.0041995 -0.0232933 0.102853 0.00418493 -0.0115531 -0.00327423 0.00418493 0.00643786 -0.0140795 0.0041995 -0.0115531 -0.0140795 0.0789703 
0.0139747 -0.0233024 -0.00333022 0.00426525 -0.0233024 0.10285 0.00425164 -0.0116908 -0.00333022 0.00425164 0.0064887 -0.0140986 0.00426525 -0.0116908 -0.0140986 0.0790137 
0.0139649 -0.02328 -0.00338265 0.00436004 -0.02328 0.102829 0.00434758 -0.0119362 -0.00338265 0.00434758 0.00649377 -0.0141805 0.00436004 -0.0119362 -0.0141805 0.0791921 
0.0139748 -0.0232735 -0.0033741 0.0044108 -0.0232735 0.102808 0.00440025 -0.012097 -0.0033741 0.00440025 0.00649171 -0.0141877 0.0044108 -0.012097 -0.0141877 0.079285 
0.0139691 -0.023271 -0.00334501 0.00441388 -0.023271 0.102778 0.00441019 -0.0121884 -0.00334501 0.00441019 0.0064488 -0.0141863 0.00441388 -0.0121884 -0.0141863 0.0793011 
0.0139741 -0.0232627 -0.00330401 0.00435825 -0.0232627 0.102734 0.00436073 -0.0121067 -0.00330401 0.00436073 0.00641146 -0.0141162 0.00435825 -0.0121067 -0.0141162 0.0791545 
0.013938 -0.0232649 -0.00334678 0.00434223 -0.0232649 0.10276 0.00434841 -0.0120948 -0.00334678 0.00434841 0.00638717 -0.0140842 0.00434223 -0.0120948 -0.0140842 0.0790848 
0.013904 -0.0231947 -0.00335666 0.00439825 -0.0231947 0.102602 0.00439935 -0.0121741 -0.00335666 0.00439935 0.00632739 -0.0140304 0.00439825 -0.0121741 -0.0140304 0.0789148 
0.0139148 -0.0231681 -0.00331511 0.00438644 -0.0231681 0.102484 0.00438405 -0.012163 -0.00331511 0.00438405 0.00626942 -0.0139173 0.00438644 -0.012163 -0.0139173 0.0786154 
0.0139172 -0.0232162 -0.00334364 0.00433911 -0.0232162 0.102599 0.00434141 -0.0120914 -0.00334364 0.00434141 0.00630451 -0.0138412 0.00433911 -0.0120914 -0.0138412 0.0784099 
0.0138819 -0.0231864 -0.00331425 0.00436801 -0.0231864 0.102519 0.00436788 -0.0120924 -0.00331425 0.00436788 0.00635957 -0.0138604 0.00436801 -0.0120924 -0.0138604 0.07827 
0.0138824 -0.0231808 -0.00330798 0.00434638 -0.0231808 0.102582 0.00434041 -0.0120814 -0.00330798 0.00434041 0.00640659 -0.0139647 0.00434638 -0.0120814 -0.0139647 0.0785014 
0.0138564 -0.0231412 -0.00332204 0.00433726 -0.0231412 0.102454 0.00432743 -0.0120452 -0.00332204 0.00432743 0.00642565 -0.0140314 0.00433726 -0.0120452 -0.0140314 0.0786885 
0.0138478 -0.023102 -0.0033443 0.00436588 -0.023102 0.102342 0.00435434 -0.0120884 -0.0033443 0.00435434 0.00638662 -0.0140703 0.00436588 -0.0120884 -0.0140703 0.0788557 
0.0138491 -0.023067 -0.00329431 0.00439062 -0.023067 0.102177 0.00438129 -0.0121504 -0.00329431 0.00438129 0.00630897 -0.0140055 0.00439062 -0.0121504 -0.0140055 0.0787644 
0.0138457 -0.0230952 -0.00328365 0.00435312 -0.0230952 0.102248 0.00435612 -0.0121673 -0.00328365 0.00435612 0.006257 -0.0139169 0.00435312 -0.0121673 -0.0139169 0.0786379 
0.0138766 -0.0230944 -0.00326657 0.00431397 -0.0230944 0.102263 0.00432248 -0.0120712 -0.00326657 0.00432248 0.00619026 -0.0138086 0.00431397 -0.0120712 -0.0138086 0.0783308 
0.0138681 -0.0231081 -0.00328991 0.00429395 -0.0231081 0.102222 0.00430679 -0.0120138 -0.00328991 0.00430679 0.00615287 -0.0136946 0.00429395 -0.0120138 -0.0136946 0.0779536 
0.0138867 -0.0231486 -0.00331414 0.0043137 -0.0231486 0.102379 0.00432559 -0.0120107 -0.00331414 0.00432559 0.00616112 -0.0136389 0.0043137 -0.0120107 -0.0136389 0.0777461 
0.0138505 -0.023159 -0.00331961 0.00433076 -0.023159 0.102402 0.00433766 -0.0120221 -0.00331961 0.00433766 0.0062298 -0.0136251 0.00433076 -0.0120221 -0.0136251 0.0775787 
0.0138428 -0.023113 -0.00329959 0.00436766 -0.023113 0.102367 0.00436311 -0.0121115 -0.00329959 0.00436311 0.00625655 -0.0137396 0.00436766 -0.0121115 -0.0137396 0.0777533 
0.0138289 -0.0231016 -0.00329729 0.00434547 -0.0231016 0.102329 0.00433619 -0.0121061 -0.00329729 0.00433619 0.00628155 -0.0137964 0.00434547 -0.0121061 -0.0137964 0.077982 
0.0138598 -0.0231132 -0.00326906 0.0042953 -0.0231132 0.102352 0.00428607 -0.0119492 -0.00326906 0.00428607 0.00631971 -0.0138138 0.0042953 -0.0119492 -0.0138138 0.0780746 
0.0139144 -0.023154 -0.0032232 0.00426256 -0.023154 0.10244 0.00425531 -0.011841 -0.0032232 0.00425531 0.00634624 -0.0138809 0.00426256 -0.011841 -0.0138809 0.0782468 
0.0139751 -0.0232171 -0.00311624 0.00421164 -0.0232171 0.102585 0.00421204 -0.0117399 -0.00311624 0.00421204 0.00635069 -0.0139463 0.00421164 -0.0117399 -0.0139463 0.0784723 
0.0140122 -0.0232751 -0.00310179 0.00407299 -0.0232751 0.102693 0.00408635 -0.0114885 -0.00310179 0.00408635 0.0063402 -0.0139637 0.00407299 -0.0114885 -0.0139637 0.0785778 
0.0140381 -0.0233222 -0.00304533 0.00406387 -0.0233222 0.10284 0.00408344 -0.0113766 -0.00304533 0.00408344 0.00631676 -0.0139745 0.00406387 -0.0113766 -0.0139745 0.0786817 
0.0140421 -0.0233568 -0.0030623 0.00398655 -0.0233568 0.102939 0.00400787 -0.0112208 -0.0030623 0.00400787 0.0063056 -0.0139365 0.00398655 -0.0112208 -0.0139365 0.0786346 
0.013989 -0.0233391 -0.00314493 0.00401478 -0.0233391 0.102898 0.00403051 -0.0111971 -0.00314493 0.00403051 0.00633024 -0.0139142 0.00401478 -0.0111971 -0.0139142 0.0785292 
0.0139604 -0.023311 -0.00324458 0.0041156 -0.023311 0.102909 0.00411442 -0.0113351 -0.00324458 0.00411442 0.00638892 -0.0139468 0.0041156 -0.0113351 -0.0139468 0.0785794 
0.01399 -0.0232948 -0.0032801 0.00423479 -0.0232948 0.102918 0.00421801 -0.0115638 -0.0032801 0.00421801 0.00643183 -0.0140253 0.00423479 -0.0115638 -0.0140253 0.0787593 
0.0139804 -0.0233168 -0.0033496 0.0042861 -0.0233168 0.102932 0.00426801 -0.011755 -0.0033496 0.00426801 0.00651895 -0.0140948 0.0042861 -0.011755 -0.0140948 0.0789613 
0.0139385 -0.0232694 -0.00341334 0.00437717 -0.0232694 0.102794 0.00436073 -0.0119759 -0.00341334 0.00436073 0.00656722 -0.014207 0.00437717 -0.0119759 -0.014207 0.0791785 
0.0139552 -0.0232167 -0.00338016 0.00445091 -0.0232167 0.10264 0.00443438 -0.012175 -0.00338016 0.00443438 0.00653376 -0.014277 0.00445091 -0.012175 -0.014277 0.0793883 
0.0140167 -0.0232928 -0.00329887 0.00437586 -0.0232928 0.102792 0.00436888 -0.0120973 -0.00329887 0.00436888 0.00655313 -0.0142463 0.00437586 -0.0120973 -0.0142463 0.0794785 
0.014065 -0.0233354 -0.00326462 0.004302 -0.0233354 0.102899 0.00430884 -0.0119879 -0.00326462 0.00430884 0.00650534 -0.0142836 0.004302 -0.0119879 -0.0142836 0.0795523 
0.0140836 -0.0234003 -0.00329723 0.00425327 -0.0234003 0.103059 0.00427143 -0.0118647 -0.00329723 0.00427143 0.00645928 -0.014235 0.00425327 -0.0118647 -0.014235 0.0795402 
0.0140696 -0.0234293 -0.00336234 0.00427989 -0.0234293 0.103174 0.00429923 -0.0118421 -0.00336234 0.00429923 0.00644257 -0.0141604 0.00427989 -0.0118421 -0.0141604 0.079374 
0.0140528 -0.0233924 -0.00340318 0.00437476 -0.0233924 0.103111 0.00438546 -0.0120064 -0.00340318 0.00438546 0.00640497 -0.0141171 0.00437476 -0.0120064 -0.0141171 0.0791734 
0.0140309 -0.0234113 -0.00348229 0.00442831 -0.0234113 0.103201 0.00443344 -0.0121636 -0.00348229 0.00443344 0.00644511 -0.0140725 0.00442831 -0.0121636 -0.0140725 0.0790835 
0.014004 -0.0233599 -0.00350159 0.00453036 -0.0233599 0.103105 0.0045278 -0.0123792 -0.00350159 0.0045278 0.00645169 -0.0141036 0.00453036 -0.0123792 -0.0141036 0.0790346 
0.013947 -0.0233139 -0.00351736 0.00455958 -0.0233139 0.102953 0.00455091 -0.0125158 -0.00351736 0.00455091 0.00649177 -0.0141086 0.00455958 -0.0125158 -0.0141086 0.0790154 
0.0138434 -0.0232108 -0.00357931 0.00460635 -0.0232108 0.102685 0.0045925 -0.0126638 -0.00357931 0.0045925 0.00652997 -0.0141594 0.00460635 -0.0126638 -0.0141594 0.0790675 
0.0138191 -0.0230934 -0.00359525 0.00468595 -0.0230934 0.102423 0.00466031 -0.0128317 -0.00359525 0.00466031 0.00649605 -0.014217 0.00468595 -0.0128317 -0.014217 0.0792221 
0.0138374 -0.0230806 -0.00362179 0.00469903 -0.0230806 0.102327 0.00467484 -0.0129146 -0.00362179 0.00467484 0.00645747 -0.0141743 0.00469903 -0.0129146 -0.0141743 0.0792567 
0.0138839 -0.0231068 -0.00359245 0.00471386 -0.0231068 0.102335 0.00470177 -0.0129558 -0.00359245 0.00470177 0.00640086 -0.014101 0.00471386 -0.0129558 -0.014101 0.079102 
0.0139253 -0.0231817 -0.00353931 0.00465851 -0.0231817 0.10248 0.00466199 -0.0128842 -0.00353931 0.00466199 0.0063792 -0.0140117 0.00465851 -0.0128842 -0.0140117 0.0788664 
0.0139313 -0.02321 -0.00349529 0.00460123 -0.02321 0.102546 0.00461522 -0.0127848 -0.00349529 0.00461522 0.00633779 -0.0139757 0.00460123 -0.0127848 -0.0139757 0.0786713 
0.0139281 -0.0232157 -0.00349216 0.0045608 -0.0232157 0.102594 0.00457783 -0.0126964 -0.00349216 0.00457783 0.00630154 -0.0139337 0.0045608 -0.0126964 -0.0139337 0.0785569 
0.0139068 -0.023252 -0.00351091 0.0045293 -0.023252 0.102731 0.00454349 -0.0125672 -0.00351091 0.00454349 0.00636732 -0.0138768 0.0045293 -0.0125672 -0.0138768 0.0784391 
0.0138806 -0.0232195 -0.00357472 0.00455671 -0.0232195 0.102718 0.00455839 -0.012554 -0.00357472 0.00455839 0.00645041 -0.013953 0.00455671 -0.012554 -0.013953 0.0784863 
0.0138967 -0.023186 -0.00360808 0.00464734 -0.023186 0.102662 0.00463489 -0.0126971 -0.00360808 0.00463489 0.00647567 -0.0140819 0.00464734 -0.0126971 -0.0140819 0.0787765 
0.0139177 -0.0231736 -0.00359608 0.00469657 -0.0231736 0.102551 0.00468351 -0.012856 -0.00359608 0.00468351 0.00642198 -0.0141255 0.00469657 -0.012856 -0.0141255 0.0789624 
0.0139151 -0.0231828 -0.00358314 0.00468573 -0.0231828 0.102485 0.00468476 -0.0129171 -0.00358314 0.00468476 0.00634481 -0.014054 0.00468573 -0.0129171 -0.014054 0.0788829 
0.0139347 -0.0232452 -0.00358391 0.00464221 -0.0232452 0.102692 0.00465177 -0.0128352 -0.00358391 0.00465177 0.00634309 -0.0139481 0.00464221 -0.0128352 -0.0139481 0.0787112 
0.0139315 -0.0232554 -0.00355342 0.00464341 -0.0232554 0.102764 0.00465327 -0.0128035 -0.00355342 0.00465327 0.0063849 -0.0139269 0.00464341 -0.0128035 -0.0139269 0.0785482 
0.0139313 -0.0232581 -0.00354296 0.00459259 -0.0232581 0.102787 0.0045964 -0.0126914 -0.00354296 0.0045964 0.00645736 -0.0139757 0.00459259 -0.0126914 -0.0139757 0.0785565 
0.0139157 -0.0232605 -0.00357401 0.00457442 -0.0232605 0.102801 0.0045706 -0.0125962 -0.00357401 0.0045706 0.0065565 -0.0140897 0.00457442 -0.0125962 -0.0140897 0.0787863 
0.0139334 -0.0231997 -0.00359197 0.00464885 -0.0231997 0.102654 0.00463875 -0.0127196 -0.00359197 0.00463875 0.00650788 -0.0142459 0.00464885 -0.0127196 -0.0142459 0.0791617 
0.0139814 -0.0232745 -0.00361165 0.00464236 -0.0232745 0.102802 0.00463707 -0.0127339 -0.00361165 0.00463707 0.00652209 -0.0142089 0.00464236 -0.0127339 -0.0142089 0.0793536 
0.0139293 -0.0232858 -0.00371076 0.00468459 -0.0232858 0.102802 0.00469036 -0.0128425 -0.00371076 0.00469036 0.00654203 -0.0142059 0.00468459 -0.0128425 -0.0142059 0.0793115 
0.0138729 -0.023257 -0.0037962 0.00480321 -0.023257 0.102836 0.00480549 -0.0130644 -0.0037962 0.00480549 0.00659326 -0.0142337 0.00480321 -0.0130644 -0.0142337 0.0793765 
0.013817 -0.0231425 -0.00384364 0.00492065 -0.0231425 0.102559 0.00491101 -0.0133528 -0.00384364 0.00491101 0.00657802 -0.0142753 0.00492065 -0.0133528 -0.0142753 0.0793837 
0.0138197 -0.0231166 -0.0038404 0.00497131 -0.0231166 0.102486 0.00495623 -0.0135268 -0.0038404 0.00495623 0.00655919 -0.0142653 0.00497131 -0.0135268 -0.0142653 0.0794438 
0.0138065 -0.0230951 -0.00381919 0.00497392 -0.0230951 0.102383 0.00496164 -0.0136026 -0.00381919 0.00496164 0.00654871 -0.014229 0.00497392 -0.0136026 -0.014229 0.0793589 
0.0137611 -0.0230854 -0.00384251 0.00494857 -0.0230854 0.102355 0.00494134 -0.0135905 -0.00384251 0.00494134 0.00657181 -0.0142127 0.00494857 -0.0135905 -0.0142127 0.0793054 
0.0137483 -0.0230119 -0.00383931 0.00497659 -0.0230119 0.10219 0.00496528 -0.0136176 -0.00383931 0.00496528 0.0065381 -0.0142318 0.00497659 -0.0136176 -0.0142318 0.0792823 
0.0137638 -0.0229927 -0.00380392 0.0049901 -0.0229927 0.102098 0.0049781 -0.0136815 -0.00380392 0.0049781 0.00647876 -0.0142002 0.0049901 -0.0136815 -0.0142002 0.079265 
0.013817 -0.0230271 -0.00376527 0.00493497 -0.0230271 0.102145 0.00493259 -0.0136129 -0.00376527 0.00493259 0.00641316 -0.0141116 0.00493497 -0.0136129 -0.0141116 0.0791084 
0.0138396 -0.0231147 -0.00378502 0.00484778 -0.0231147 0.102318 0.00485795 -0.0134031 -0.00378502 0.00485795 0.00645141 -0.0140011 0.00484778 -0.0134031 -0.0140011 0.078817 
0.0138559 -0.0231218 -0.00382301 0.0049037 -0.0231218 0.102388 0.00491488 -0.0134554 -0.00382301 0.00491488 0.00643365 -0.0140562 0.0049037 -0.0134554 -0.0140562 0.07878 
0.0138885 -0.023157 -0.0038145 0.00494583 -0.023157 0.102491 0.00495627 -0.0135515 -0.0038145 0.00495627 0.00639232 -0.0140456 0.00494583 -0.0135515 -0.0140456 0.0788037 
0.0138793 -0.0231901 -0.00383814 0.00493884 -0.0231901 0.102573 0.00495422 -0.0135913 -0.00383814 0.00495422 0.00638644 -0.0139847 0.00493884 -0.0135913 -0.0139847 0.0786902 
0.0138498 -0.0231802 -0.00386324 0.00494928 -0.0231802 0.102567 0.00496156 -0.0135822 -0.00386324 0.00496156 0.00643009 -0.0139531 0.00494928 -0.0135822 -0.0139531 0.0785259 
0.0138082 -0.0231876 -0.0039243 0.00497576 -0.0231876 0.102667 0.00497803 -0.0136019 -0.0039243 0.00497803 0.00653359 -0.0140228 0.00497576 -0.0136019 -0.0140228 0.0786394 
0.0138423 -0.0231099 -0.00387512 0.00505096 -0.0231099 0.102514 0.00503815 -0.0137101 -0.00387512 0.00503815 0.00654813 -0.0141561 0.00505096 -0.0137101 -0.0141561 0.0788766 
0.013884 -0.0231606 -0.00382392 0.00500612 -0.0231606 0.102565 0.00499567 -0.0137176 -0.00382392 0.00499567 0.00655266 -0.0142152 0.00500612 -0.0137176 -0.0142152 0.07917 
0.0138351 -0.0231793 -0.00386878 0.00494727 -0.0231793 0.102575 0.00494946 -0.0136339 -0.00386878 0.00494946 0.00656315 -0.0142259 0.00494727 -0.0136339 -0.0142259 0.0792676 
0.0137916 -0.0231431 -0.00393401 0.00498813 -0.0231431 0.102572 0.00498723 -0.0136299 -0.00393401 0.00498723 0.00659933 -0.0142406 0.00498813 -0.0136299 -0.0142406 0.0793452 
0.0137677 -0.0230753 -0.00398768 0.00507732 -0.0230753 0.102422 0.00506631 -0.0137827 -0.00398768 0.00506631 0.00660915 -0.014275 0.00507732 -0.0137827 -0.014275 0.0794061 
0.0137728 -0.0230456 -0.0039983 0.00514146 -0.0230456 0.102302 0.00512762 -0.0139497 -0.0039983 0.00512762 0.00658488 -0.0142821 0.00514146 -0.0139497 -0.0142821 0.0794352 
0.0137786 -0.0230729 -0.00399861 0.00513956 -0.0230729 0.102332 0.00513263 -0.0140012 -0.00399861 0.00513263 0.0066075 -0.014246 0.00513956 -0.0140012 -0.014246 0.0793916 
0.0137757 -0.0230681 -0.00399533 0.00515642 -0.0230681 0.102334 0.00515388 -0.0140676 -0.00399533 0.00515388 0.00663312 -0.0142739 0.00515642 -0.0140676 -0.0142739 0.0794011 
0.013774 -0.0230362 -0.00400691 0.00515268 -0.0230362 0.102223 0.00515186 -0.0140942 -0.00400691 0.00515186 0.00659354 -0.0143015 0.00515268 -0.0140942 -0.0143015 0.0794137 
0.0137851 -0.0230426 -0.00403452 0.00516895 -0.0230426 0.102205 0.00517149 -0.0141311 -0.00403452 0.00517149 0.00653643 -0.0142591 0.00516895 -0.0141311 -0.0142591 0.0793822 
0.0138246 -0.0230922 -0.00402736 0.00519734 -0.0230922 0.102357 0.0052055 -0.0141919 -0.00402736 0.0052055 0.00647641 -0.0141858 0.00519734 -0.0141919 -0.0141858 0.0792787 
0.01381 -0.0231463 -0.00404568 0.00516554 -0.0231463 0.102494 0.00517955 -0.014143 -0.00404568 0.00517955 0.00652562 -0.0140829 0.00516554 -0.014143 -0.0140829 0.0790138 
0.0137312 -0.0231035 -0.0041203 0.00521206 -0.0231035 0.102449 0.00522076 -0.014219 -0.0041203 0.00522076 0.00659011 -0.0141332 0.00521206 -0.014219 -0.0141332 0.0789386 
0.0136582 -0.0230049 -0.00418324 0.00530482 -0.0230049 0.102254 0.00529652 -0.0143788 -0.00418324 0.00529652 0.00666005 -0.0142178 0.00530482 -0.0143788 -0.0142178 0.0790695 
0.0136378 -0.0229684 -0.00420881 0.00538058 -0.0229684 0.102232 0.00535971 -0.0145445 -0.00420881 0.00535971 0.00676035 -0.0143356 0.00538058 -0.0145445 -0.0143356 0.0794297 
0.0135977 -0.0228951 -0.00422658 0.00540319 -0.0228951 0.101988 0.00537671 -0.0146314 -0.00422658 0.00537671 0.00684066 -0.0144502 0.00540319 -0.0146314 -0.0144502 0.0796818 
0.0136619 -0.022829 -0.00415317 0.00543954 -0.022829 0.101773 0.00541392 -0.0147386 -0.00415317 0.00541392 0.00675644 -0.0145719 0.00543954 -0.0147386 -0.0145719 0.0800041 
0.0137465 -0.0229182 -0.00408977 0.00533995 -0.0229182 0.101846 0.00533351 -0.0146354 -0.00408977 0.00533351 0.0066551 -0.0144857 0.00533995 -0.0146354 -0.0144857 0.0800413 
0.0137854 -0.0230211 -0.00408236 0.00526534 -0.0230211 0.102076 0.00528337 -0.0144976 -0.00408236 0.00528337 0.0065516 -0.0143512 0.00526534 -0.0144976 -0.0143512 0.0798027 
0.0137923 -0.0230569 -0.00408075 0.00524237 -0.0230569 0.102181 0.00527142 -0.0143993 -0.00408075 0.00527142 0.00644757 -0.0141821 0.00524237 -0.0143993 -0.0141821 0.0793384 
0.013785 -0.0231271 -0.00415023 0.00523293 -0.0231271 0.102459 0.00526121 -0.0143383 -0.00415023 0.00526121 0.00645 -0.014046 0.00523293 -0.0143383 -0.014046 0.0789909 
0.0137118 -0.0231253 -0.00425989 0.00531423 -0.0231253 0.102572 0.0053303 -0.0144237 -0.00425989 0.0053303 0.00655384 -0.0140262 0.00531423 -0.0144237 -0.0140262 0.07879 
0.0136337 -0.0230182 -0.00432942 0.00545051 -0.0230182 0.102379 0.00544453 -0.0146591 -0.00432942 0.00544453 0.00668783 -0.0141382 0.00545051 -0.0146591 -0.0141382 0.0788437 
0.0136613 -0.0229154 -0.00428907 0.00555825 -0.0229154 0.102124 0.00553366 -0.0149423 -0.00428907 0.00553366 0.00670867 -0.0143261 0.00555825 -0.0149423 -0.0143261 0.0792182 
0.0137188 -0.0229559 -0.00423746 0.00551717 -0.0229559 0.102122 0.00549858 -0.0150065 -0.00423746 0.00549858 0.00667004 -0.0143916 0.00551717 -0.0150065 -0.0143916 0.0795716 
0.0137207 -0.0230172 -0.00422777 0.00542149 -0.0230172 0.102199 0.00541947 -0.0148314 -0.00422777 0.00541947 0.00669232 -0.0143394 0.00542149 -0.0148314 -0.0143394 0.0795764 
0.0137104 -0.0230017 -0.00422467 0.00541841 -0.0230017 0.102183 0.0054225 -0.0147709 -0.00422467 0.0054225 0.00668807 -0.0143577 0.00541841 -0.0147709 -0.0143577 0.0795509 
0.0136779 -0.0229889 -0.00425288 0.00543047 -0.0229889 0.102163 0.00543332 -0.0147986 -0.00425288 0.00543332 0.00668598 -0.0143622 0.00543047 -0.0147986 -0.0143622 0.0795806 
0.0137046 -0.0229402 -0.00421898 0.00546157 -0.0229402 0.102047 0.00546022 -0.0148486 -0.00421898 0.00546022 0.00659538 -0.0143486 0.00546157 -0.0148486 -0.0143486 0.0795378 
0.0137011 -0.0229882 -0.00423021 0.00543743 -0.0229882 0.102129 0.00544099 -0.0148656 -0.00423021 0.00544099 0.00655042 -0.0142465 0.00543743 -0.0148656 -0.0142465 0.0794164 
0.013693 -0.0229699 -0.00422176 0.0054474 -0.0229699 0.102105 0.00545334 -0.0148754 -0.00422176 0.00545334 0.0064975 -0.0141589 0.0054474 -0.0148754 -0.0141589 0.0791473 
0.013633 -0.0229347 -0.00425823 0.00544417 -0.0229347 0.101975 0.00544803 -0.0148873 -0.00425823 0.00544803 0.00648944 -0.0140694 0.00544417 -0.0148873 -0.0140694 0.0788361 
0.0135783 -0.022894 -0.00430793 0.00548503 -0.022894 0.101924 0.00548177 -0.0149347 -0.00430793 0.00548177 0.00652831 -0.0140506 0.00548503 -0.0149347 -0.0140506 0.078709 
0.0135146 -0.0228349 -0.00436848 0.00556827 -0.0228349 0.10185 0.00555359 -0.0151063 -0.00436848 0.00555359 0.00659105 -0.0141074 0.00556827 -0.0151063 -0.0141074 0.0788029 
0.0134997 -0.0227256 -0.00435523 0.005641 -0.0227256 0.101563 0.00561536 -0.0152769 -0.00435523 0.00561536 0.006589 -0.0141699 0.005641 -0.0152769 -0.0141699 0.0788938 
0.0135228 -0.0226938 -0.0043115 0.00563692 -0.0226938 0.101378 0.00561258 -0.0153636 -0.0043115 0.00561258 0.0065585 -0.0141747 0.00563692 -0.0153636 -0.0141747 0.0789572 
