0.0113395 0 0.000318653 0 0 0.0099986 0 0 0.000318653 0 0.00353473 0 0 0 0 0.0099986 
0.0158727 -0.0196357 0.00077143 -0.000963473 -0.0196357 0.0468341 -0.000963473 0.00184731 0.00077143 -0.000963473 0.00514097 -0.00646999 -0.000963473 0.00184731 -0.00646999 0.0215878 
0.0154034 -0.0277219 0.000894289 -0.00149628 -0.0277219 0.0976033 -0.00149628 0.00487218 0.000894289 -0.00149628 0.00566703 -0.0118755 -0.00149628 0.00487218 -0.0118755 0.0474264 
0.0143207 -0.0253202 0.000869376 -0.00143406 -0.0253202 0.107436 -0.00141325 0.00553669 0.000869376 -0.00141325 0.00545512 -0.0135413 -0.00143406 0.00553669 -0.0135413 0.0664463 
0.0143767 -0.0238948 0.000821358 -0.00131736 -0.0238948 0.105527 -0.00127711 0.00500011 0.000821358 -0.00127711 0.00525563 -0.0131948 -0.00131736 0.00500011 -0.0131948 0.0734599 
0.0147312 -0.0240067 0.000791929 -0.0012429 -0.0240067 0.104985 -0.00120359 0.00438388 0.000791929 -0.00120359 0.00522523 -0.0127113 -0.0012429 0.00438388 -0.0127113 0.0747303 
0.0149333 -0.0243981 0.00074693 -0.00123385 -0.0243981 0.105664 -0.00121029 0.00408211 0.00074693 -0.00121029 0.00529252 -0.0125183 -0.00123385 0.00408211 -0.0125183 0.074601 
0.0149713 -0.0246065 0.000746736 -0.00119559 -0.0246065 0.106337 -0.00119325 0.0039322 0.000746736 -0.00119325 0.00539181 -0.0125505 -0.00119559 0.0039322 -0.0125505 0.074575 
0.0150012 -0.024661 0.000819872 -0.00116922 -0.024661 0.106719 -0.00117765 0.0038026 0.000819872 -0.00117765 0.0055051 -0.0126923 -0.00116922 0.0038026 -0.0126923 0.0748979 
0.0150229 -0.0246509 0.000937603 -0.00128798 -0.0246509 0.10673 -0.00128944 0.00397548 0.000937603 -0.00128944 0.00553045 -0.0128439 -0.00128798 0.00397548 -0.0128439 0.0752632 
0.0150072 -0.0246143 0.00101852 -0.00145936 -0.0246143 0.106507 -0.00145207 0.00436407 0.00101852 -0.00145207 0.00547079 -0.0128706 -0.00145936 0.00436407 -0.0128706 0.075367 
0.0150419 -0.0246637 0.00104925 -0.00153937 -0.0246637 0.106649 -0.00153035 0.00463176 0.00104925 -0.00153035 0.00541328 -0.0128269 -0.00153937 0.00463176 -0.0128269 0.0754461 
0.0150675 -0.024748 0.00101366 -0.00156704 -0.024748 0.10695 -0.00156387 0.00476768 0.00101366 -0.00156387 0.00538567 -0.0127624 -0.00156704 0.00476768 -0.0127624 0.0754264 
0.0150139 -0.0246997 0.000944381 -0.00150418 -0.0246997 0.106783 -0.00150964 0.00469774 0.000944381 -0.00150964 0.00537839 -0.0126708 -0.00150418 0.00469774 -0.0126708 0.0750726 
0.0150029 -0.0246824 0.000932678 -0.00141411 -0.0246824 0.106804 -0.00142606 0.00451519 0.000932678 -0.00142606 0.00539385 -0.0126721 -0.00141411 0.00451519 -0.0126721 0.075005 
0.0149902 -0.0246603 0.000975118 -0.00138869 -0.0246603 0.106751 -0.00139757 0.00437505 0.000975118 -0.00139757 0.00543281 -0.0126902 -0.00138869 0.00437505 -0.0126902 0.0750097 
0.0150101 -0.0246841 0.00097712 -0.00145731 -0.0246841 0.106883 -0.00145518 0.0044424 0.00097712 -0.00145518 0.00545836 -0.0127672 -0.00145731 0.0044424 -0.0127672 0.0752378 
0.0149864 -0.0246272 0.00103701 -0.00148668 -0.0246272 0.106654 -0.00147876 0.00455662 0.00103701 -0.00147876 0.00541621 -0.012775 -0.00148668 0.00455662 -0.012775 0.0752178 
0.0149581 -0.0245886 0.00113652 -0.00156023 -0.0245886 0.106468 -0.00155078 0.00471169 0.00113652 -0.00155078 0.0053506 -0.0127133 -0.00156023 0.00471169 -0.0127133 0.0750819 
0.0149664 -0.0246204 0.00116632 -0.00169476 -0.0246204 0.106624 -0.00167877 0.0049983 0.00116632 -0.00167877 0.00531628 -0.0126481 -0.00169476 0.0049983 -0.0126481 0.0750329 
0.0149445 -0.0245755 0.00112932 -0.00171084 -0.0245755 0.106468 -0.00169471 0.00512025 0.00112932 -0.00169471 0.00529427 -0.0125604 -0.00171084 0.00512025 -0.0125604 0.0747332 
0.0149482 -0.0246102 0.00111918 -0.00164499 -0.0246102 0.106603 -0.00163851 0.00503986 0.00111918 -0.00163851 0.00535084 -0.0125475 -0.00164499 0.00503986 -0.0125475 0.0746889 
0.0149153 -0.0245532 0.0011597 -0.00162348 -0.0245532 0.106412 -0.00162051 0.00495002 0.0011597 -0.00162051 0.00540142 -0.0125897 -0.00162348 0.00495002 -0.0125897 0.0746161 
0.014927 -0.0245403 0.00118529 -0.00168264 -0.0245403 0.106382 -0.00167364 0.00501544 0.00118529 -0.00167364 0.00541403 -0.0126831 -0.00168264 0.00501544 -0.0126831 0.0748279 
0.0149185 -0.0245402 0.00118312 -0.00173405 -0.0245402 0.106343 -0.00172303 0.00516034 0.00118312 -0.00172303 0.00538004 -0.0127131 -0.00173405 0.00516034 -0.0127131 0.0749811 
0.0149644 -0.0246026 0.00108341 -0.00168618 -0.0246026 0.106596 -0.00168015 0.00509116 0.00108341 -0.00168015 0.00539817 -0.0127023 -0.00168618 0.00509116 -0.0127023 0.075162 
0.0149516 -0.0245841 0.00109612 -0.00159894 -0.0245841 0.106504 -0.00160561 0.00497675 0.00109612 -0.00160561 0.00538097 -0.0126881 -0.00159894 0.00497675 -0.0126881 0.0750556 
0.0149591 -0.0245875 0.00114211 -0.00161563 -0.0245875 0.106525 -0.00162578 0.00494821 0.00114211 -0.00162578 0.00533335 -0.0126703 -0.00161563 0.00494821 -0.0126703 0.0750171 
0.0149502 -0.0245892 0.00118721 -0.00163771 -0.0245892 0.106494 -0.00164215 0.00493287 0.00118721 -0.00164215 0.00535792 -0.0125972 -0.00163771 0.00493287 -0.0125972 0.074849 
0.0149617 -0.0246308 0.00118429 -0.00169882 -0.0246308 0.106683 -0.00169355 0.00502612 0.00118429 -0.00169355 0.00541763 -0.0126455 -0.00169882 0.00502612 -0.0126455 0.0749371 
0.0149362 -0.0245887 0.00114193 -0.0017152 -0.0245887 0.106564 -0.00170536 0.00511582 0.00114193 -0.00170536 0.00545733 -0.0127114 -0.0017152 0.00511582 -0.0127114 0.0750099 
0.0149148 -0.0245544 0.00110044 -0.0016799 -0.0245544 0.106459 -0.00167421 0.00511385 0.00110044 -0.00167421 0.00548783 -0.0127758 -0.0016799 0.00511385 -0.0127758 0.075174 
0.014914 -0.0245311 0.00109904 -0.00164103 -0.0245311 0.106396 -0.00164256 0.00506627 0.00109904 -0.00164256 0.00543858 -0.0128241 -0.00164103 0.00506627 -0.0128241 0.0753422 
0.0149553 -0.0245632 0.00116795 -0.001613 -0.0245632 0.106501 -0.00161856 0.00497273 0.00116795 -0.00161856 0.00538067 -0.0127781 -0.001613 0.00497273 -0.0127781 0.0754072 
0.0149587 -0.0245509 0.00126858 -0.00167243 -0.0245509 0.106346 -0.00167415 0.00499386 0.00126858 -0.00167415 0.00531822 -0.0126567 -0.00167243 0.00499386 -0.0126567 0.0750578 
0.0150199 -0.0246337 0.00130075 -0.00178195 -0.0246337 0.106596 -0.00177462 0.00516117 0.00130075 -0.00177462 0.00531396 -0.012597 -0.00178195 0.00516117 -0.012597 0.0749274 
0.0150515 -0.0246842 0.00129046 -0.00183917 -0.0246842 0.106721 -0.00183114 0.00535355 0.00129046 -0.00183114 0.00531293 -0.0125787 -0.00183917 0.00535355 -0.0125787 0.0747946 
0.0150491 -0.0247036 0.00129899 -0.00182789 -0.0247036 0.10675 -0.00182801 0.00541821 0.00129899 -0.00182801 0.00531061 -0.0125724 -0.00182789 0.00541821 -0.0125724 0.0746998 
0.0150503 -0.0247231 0.00129388 -0.00184136 -0.0247231 0.106851 -0.0018468 0.00545898 0.00129388 -0.0018468 0.00532445 -0.0125827 -0.00184136 0.00545898 -0.0125827 0.0747279 
0.0150896 -0.0247574 0.00127913 -0.00181806 -0.0247574 0.107019 -0.00182201 0.00541472 0.00127913 -0.00182201 0.00535793 -0.0126198 -0.00181806 0.00541472 -0.0126198 0.0748706 
0.0151009 -0.0247768 0.00119173 -0.00179303 -0.0247768 0.107044 -0.00179843 0.00534719 0.00119173 -0.00179843 0.00538846 -0.0126605 -0.00179303 0.00534719 -0.0126605 0.0749545 
0.0151335 -0.02482 0.00119518 -0.00170539 -0.02482 0.10721 -0.00171844 0.00521813 0.00119518 -0.00171844 0.00537017 -0.0127237 -0.00170539 0.00521813 -0.0127237 0.075167 
0.0150884 -0.0247782 0.00123751 -0.00169727 -0.0247782 0.10699 -0.00171233 0.00512342 0.00123751 -0.00171233 0.00535563 -0.0126685 -0.00169727 0.00512342 -0.0126685 0.0750065 
0.0150541 -0.0247796 0.00127565 -0.00178992 -0.0247796 0.107067 -0.00179501 0.00528648 0.00127565 -0.00179501 0.00535764 -0.0126639 -0.00178992 0.00528648 -0.0126639 0.0750165 
0.0150115 -0.0246876 0.00136022 -0.00186799 -0.0246876 0.106846 -0.00186105 0.00550502 0.00136022 -0.00186105 0.0052956 -0.0126391 -0.00186799 0.00550502 -0.0126391 0.0748871 
0.0150069 -0.0246511 0.00145175 -0.00197285 -0.0246511 0.106732 -0.00195454 0.0057414 0.00145175 -0.00195454 0.00523024 -0.0125607 -0.00197285 0.0057414 -0.0125607 0.0747475 
0.0150409 -0.0246811 0.00149356 -0.00205799 -0.0246811 0.106819 -0.00203636 0.00594036 0.00149356 -0.00203636 0.00521076 -0.0124742 -0.00205799 0.00594036 -0.0124742 0.0745928 
0.0150238 -0.024676 0.00147865 -0.00207529 -0.024676 0.106708 -0.00205842 0.00601208 0.00147865 -0.00205842 0.00523533 -0.0124094 -0.00207529 0.00601208 -0.0124094 0.0742889 
0.0150526 -0.0246779 0.00145613 -0.00205011 -0.0246779 0.106714 -0.00204177 0.00599562 0.00145613 -0.00204177 0.00524112 -0.0124457 -0.00205011 0.00599562 -0.0124457 0.0742531 
0.0151236 -0.0247926 0.00150384 -0.00200977 -0.0247926 0.1071 -0.00201088 0.00591289 0.00150384 -0.00201088 0.00528313 -0.0125096 -0.00200977 0.00591289 -0.0125096 0.0745478 
0.0151222 -0.0248093 0.00153456 -0.00208826 -0.0248093 0.107132 -0.00209038 0.0060243 0.00153456 -0.00209038 0.00525038 -0.0125455 -0.00208826 0.0060243 -0.0125455 0.0746176 
0.0151053 -0.0248193 0.00158593 -0.00215776 -0.0248193 0.107201 -0.00215902 0.00623312 0.00158593 -0.00215902 0.00519221 -0.0125135 -0.00215776 0.00623312 -0.0125135 0.074632 
0.0150566 -0.0247469 0.00154855 -0.00218287 -0.0247469 0.106951 -0.0021802 0.00629502 0.00154855 -0.0021802 0.00517386 -0.0124008 -0.00218287 0.00629502 -0.0124008 0.0743117 
0.0150291 -0.0247036 0.0015603 -0.00216436 -0.0247036 0.106829 -0.00216132 0.00632384 0.0015603 -0.00216132 0.00517691 -0.0123635 -0.00216436 0.00632384 -0.0123635 0.0741123 
0.0150177 -0.0246841 0.00152088 -0.00217962 -0.0246841 0.10679 -0.00217532 0.00634794 0.00152088 -0.00217532 0.00517575 -0.012368 -0.00217962 0.00634794 -0.012368 0.0740696 
0.0150147 -0.0246817 0.00148055 -0.00214547 -0.0246817 0.106813 -0.00214458 0.00633469 0.00148055 -0.00214458 0.00514393 -0.0123746 -0.00214547 0.00633469 -0.0123746 0.0741049 
0.0150312 -0.0246883 0.00147325 -0.00208054 -0.0246883 0.106858 -0.0020854 0.00620623 0.00147325 -0.0020854 0.00509839 -0.0123339 -0.00208054 0.00620623 -0.0123339 0.0740797 
0.0149938 -0.024648 0.00147332 -0.00203445 -0.024648 0.106639 -0.00204179 0.00603335 0.00147332 -0.00204179 0.00508617 -0.0122309 -0.00203445 0.00603335 -0.0122309 0.0737475 
0.0150152 -0.0246902 0.00146087 -0.00204375 -0.0246902 0.106841 -0.00204706 0.00599311 0.00146087 -0.00204706 0.00510648 -0.0122389 -0.00204375 0.00599311 -0.0122389 0.0737636 
0.0149825 -0.0246487 0.00145413 -0.00204626 -0.0246487 0.106697 -0.00204639 0.0060084 0.00145413 -0.00204639 0.00511497 -0.0122386 -0.00204626 0.0060084 -0.0122386 0.0736605 
0.0150139 -0.0246737 0.00149276 -0.00203746 -0.0246737 0.106849 -0.002035 0.00599173 0.00149276 -0.002035 0.00512702 -0.0122805 -0.00203746 0.00599173 -0.0122805 0.0738297 
0.0149935 -0.024669 0.00150815 -0.00210345 -0.024669 0.106812 -0.00209725 0.00610772 0.00150815 -0.00209725 0.00512758 -0.012286 -0.00210345 0.00610772 -0.012286 0.0738521 
0.0150076 -0.0246564 0.00141683 -0.00208195 -0.0246564 0.106782 -0.0020739 0.00607665 0.00141683 -0.0020739 0.00514814 -0.0122847 -0.00208195 0.00607665 -0.0122847 0.0738617 
0.0149852 -0.0246282 0.00132545 -0.00195767 -0.0246282 0.106595 -0.00196074 0.00586473 0.00132545 -0.00196074 0.00518986 -0.0122943 -0.00195767 0.00586473 -0.0122943 0.0737784 
0.0150075 -0.0246648 0.0012735 -0.00183525 -0.0246648 0.106732 -0.00184769 0.00557043 0.0012735 -0.00184769 0.00526051 -0.012384 -0.00183525 0.00557043 -0.012384 0.0740157 
0.0150562 -0.0247026 0.00131293 -0.00179479 -0.0247026 0.106898 -0.00181041 0.00541911 0.00131293 -0.00181041 0.0052503 -0.0125036 -0.00179479 0.00541911 -0.0125036 0.0743787 
0.0150314 -0.0246747 0.00137156 -0.00183152 -0.0246747 0.106681 -0.00184074 0.00540014 0.00137156 -0.00184074 0.00523182 -0.0124684 -0.00183152 0.00540014 -0.0124684 0.0743234 
0.0150759 -0.0247646 0.00135829 -0.0019002 -0.0247646 0.107036 -0.00189965 0.00549714 0.00135829 -0.00189965 0.00528617 -0.0124961 -0.0019002 0.00549714 -0.0124961 0.074549 
0.0150687 -0.0247551 0.00128168 -0.00188818 -0.0247551 0.107006 -0.00188506 0.00553065 0.00128168 -0.00188506 0.00532661 -0.0125437 -0.00188818 0.00553065 -0.0125437 0.0745966 
0.0150835 -0.0247667 0.00125317 -0.00181231 -0.0247667 0.107072 -0.00181422 0.0054436 0.00125317 -0.00181422 0.00535126 -0.0126195 -0.00181231 0.0054436 -0.0126195 0.0748084 
0.0150512 -0.0247358 0.00123822 -0.00179115 -0.0247358 0.106932 -0.00179782 0.00538433 0.00123822 -0.00179782 0.00536139 -0.0126381 -0.00179115 0.00538433 -0.0126381 0.0748498 
0.0150318 -0.0246915 0.00129898 -0.00179359 -0.0246915 0.106802 -0.00179995 0.00539462 0.00129898 -0.00179995 0.0053335 -0.0126468 -0.00179359 0.00539462 -0.0126468 0.0748588 
0.0150517 -0.0247225 0.00134021 -0.00188007 -0.0247225 0.106948 -0.00188012 0.00554355 0.00134021 -0.00188012 0.00528533 -0.0126358 -0.00188007 0.00554355 -0.0126358 0.0749614 
0.0150542 -0.0246968 0.00139231 -0.00188656 -0.0246968 0.106816 -0.00188258 0.00556737 0.00139231 -0.00188258 0.00526343 -0.0125411 -0.00188656 0.00556737 -0.0125411 0.0747271 
0.0150981 -0.0247496 0.0014477 -0.00194309 -0.0247496 0.106962 -0.00193609 0.00564669 0.0014477 -0.00193609 0.00526931 -0.0125216 -0.00194309 0.00564669 -0.0125216 0.0746597 
0.0151176 -0.0247916 0.00147837 -0.00202666 -0.0247916 0.107075 -0.00201887 0.00583763 0.00147837 -0.00201887 0.0052547 -0.0125293 -0.00202666 0.00583763 -0.0125293 0.0746357 
0.0151205 -0.024777 0.00142161 -0.00204905 -0.024777 0.106984 -0.00204372 0.00593109 0.00142161 -0.00204372 0.00521728 -0.0124951 -0.00204905 0.00593109 -0.0124951 0.0744968 
0.0151638 -0.0248557 0.00146013 -0.00196279 -0.0248557 0.107248 -0.00196958 0.00582205 0.00146013 -0.00196958 0.0052337 -0.012481 -0.00196279 0.00582205 -0.012481 0.0745588 
0.0151755 -0.0248822 0.00142242 -0.00201174 -0.0248822 0.107341 -0.00201863 0.00583487 0.00142242 -0.00201863 0.0052533 -0.0124888 -0.00201174 0.00583487 -0.0124888 0.0745368 
0.0151622 -0.0248743 0.00145537 -0.00197948 -0.0248743 0.107309 -0.00198691 0.00582939 0.00145537 -0.00198691 0.00527283 -0.0125087 -0.00197948 0.00582939 -0.0125087 0.0745225 
0.0151609 -0.024888 0.00148608 -0.00200793 -0.024888 0.107385 -0.00201204 0.00583632 0.00148608 -0.00201204 0.00530473 -0.0125536 -0.00200793 0.00583632 -0.0125536 0.0746581 
0.0151518 -0.024853 0.00152951 -0.00204597 -0.024853 0.10727 -0.00204216 0.00589726 0.00152951 -0.00204216 0.00532389 -0.0125891 -0.00204597 0.00589726 -0.0125891 0.0747164 
0.0151463 -0.0248263 0.00155385 -0.00212594 -0.0248263 0.107148 -0.00211533 0.00607636 0.00155385 -0.00211533 0.00530317 -0.012612 -0.00212594 0.00607636 -0.012612 0.0747576 
0.0151808 -0.0248765 0.00155991 -0.00215591 -0.0248765 0.107326 -0.00214707 0.00620217 0.00155991 -0.00214707 0.0052828 -0.012616 -0.00215591 0.00620217 -0.012616 0.0749017 
0.0152198 -0.024939 0.00151127 -0.00213038 -0.024939 0.107542 -0.00212831 0.0061725 0.00151127 -0.00212831 0.00530871 -0.0126006 -0.00213038 0.0061725 -0.0126006 0.0749689 
0.0151819 -0.0249145 0.00150767 -0.00209804 -0.0249145 0.107427 -0.0021042 0.00615113 0.00150767 -0.0021042 0.00530003 -0.0125924 -0.00209804 0.00615113 -0.0125924 0.0748248 
0.0151595 -0.0249016 0.00147901 -0.00207567 -0.0249016 0.10743 -0.00208154 0.00607378 0.00147901 -0.00208154 0.00531993 -0.0125979 -0.00207567 0.00607378 -0.0125979 0.074841 
0.0151089 -0.0248168 0.00152422 -0.00207579 -0.0248168 0.107167 -0.00207799 0.00608582 0.00152422 -0.00207799 0.00526534 -0.0125942 -0.00207579 0.00608582 -0.0125942 0.0747298 
0.0150946 -0.0247866 0.00150319 -0.00211423 -0.0247866 0.107073 -0.00210883 0.00611841 0.00150319 -0.00210883 0.00525329 -0.0125362 -0.00211423 0.00611841 -0.0125362 0.0746589 
0.0151138 -0.0248337 0.00157985 -0.00211274 -0.0248337 0.107303 -0.00210601 0.00616937 0.00157985 -0.00210601 0.00527709 -0.0125406 -0.00211274 0.00616937 -0.0125406 0.0747549 
0.0150934 -0.0247743 0.00164 -0.00216984 -0.0247743 0.107079 -0.00215772 0.00621735 0.00164 -0.00215772 0.00527069 -0.0125296 -0.00216984 0.00621735 -0.0125296 0.074611 
0.0151379 -0.024798 0.00166437 -0.0022481 -0.024798 0.107143 -0.00223177 0.00637351 0.00166437 -0.00223177 0.00527383 -0.0125477 -0.0022481 0.00637351 -0.0125477 0.074687 
0.0151147 -0.024788 0.00168028 -0.00230659 -0.024788 0.107007 -0.00229515 0.00657995 0.00168028 -0.00229515 0.00524419 -0.0125242 -0.00230659 0.00657995 -0.0125242 0.0745593 
0.0151154 -0.0248236 0.00165167 -0.00231662 -0.0248236 0.107162 -0.00231314 0.00666619 0.00165167 -0.00231314 0.00524484 -0.0125084 -0.00231662 0.00666619 -0.0125084 0.0745888 
0.0151117 -0.0248174 0.00159025 -0.00227554 -0.0248174 0.107201 -0.00227731 0.00662622 0.00159025 -0.00227731 0.00522146 -0.0125026 -0.00227554 0.00662622 -0.0125026 0.074571 
0.0151082 -0.0247843 0.00154556 -0.00217949 -0.0247843 0.107079 -0.00218725 0.00643179 0.00154556 -0.00218725 0.00519209 -0.0124572 -0.00217949 0.00643179 -0.0124572 0.0744368 
0.0151359 -0.0247997 0.00153658 -0.00210781 -0.0247997 0.10709 -0.0021197 0.00621732 0.00153658 -0.0021197 0.00518217 -0.0124217 -0.00210781 0.00621732 -0.0124217 0.0743451 
0.0151758 -0.0248791 0.00152245 -0.0021124 -0.0248791 0.10735 -0.00212425 0.00616471 0.00152245 -0.00212425 0.00516237 -0.0124274 -0.0021124 0.00616471 -0.0124274 0.0744047 
0.0151751 -0.0248894 0.00156144 -0.00210584 -0.0248894 0.10739 -0.00211841 0.00615873 0.00156144 -0.00211841 0.00513608 -0.012383 -0.00210584 0.00615873 -0.012383 0.0742915 
0.0151326 -0.0248684 0.00159544 -0.00217739 -0.0248684 0.107331 -0.00218494 0.00629195 0.00159544 -0.00218494 0.00511451 -0.0123283 -0.00217739 0.00629195 -0.0123283 0.0740995 
0.0150838 -0.0247986 0.00159312 -0.00222685 -0.0247986 0.107147 -0.00222544 0.00642633 0.00159312 -0.00222544 0.00508118 -0.0122785 -0.00222685 0.00642633 -0.0122785 0.0738818 
0.0151026 -0.0248048 0.00157484 -0.00220621 -0.0248048 0.10724 -0.00220102 0.00641964 0.00157484 -0.00220102 0.0050785 -0.0122578 -0.00220621 0.00641964 -0.0122578 0.0738908 
0.0150593 -0.0247354 0.00156326 -0.0021926 -0.0247354 0.106943 -0.00218788 0.00640022 0.00156326 -0.00218788 0.00504478 -0.0122068 -0.0021926 0.00640022 -0.0122068 0.0736278 
0.0150672 -0.0247374 0.00162097 -0.00217925 -0.0247374 0.106964 -0.00217718 0.0063747 0.00162097 -0.00217718 0.00501785 -0.012177 -0.00217925 0.0063747 -0.012177 0.0735685 
0.015054 -0.0247371 0.00167726 -0.00225143 -0.0247371 0.106954 -0.00224699 0.0064765 0.00167726 -0.00224699 0.00499711 -0.0121297 -0.00225143 0.0064765 -0.0121297 0.0734438 
0.0150202 -0.0246878 0.00169482 -0.00231398 -0.0246878 0.106775 -0.00230458 0.00661318 0.00169482 -0.00230458 0.00499284 -0.0120759 -0.00231398 0.00661318 -0.0120759 0.0732134 
0.015036 -0.0247349 0.00168369 -0.00234374 -0.0247349 0.10701 -0.00233312 0.00672584 0.00168369 -0.00233312 0.00501919 -0.0121031 -0.00234374 0.00672584 -0.0121031 0.0733369 
0.0149989 -0.0247017 0.0016722 -0.00230825 -0.0247017 0.106917 -0.00229899 0.00668401 0.0016722 -0.00229899 0.00506941 -0.0121171 -0.00230825 0.00668401 -0.0121171 0.073324 
0.0149349 -0.0245915 0.00167161 -0.00231926 -0.0245915 0.106553 -0.00230881 0.00670404 0.00167161 -0.00230881 0.005061 -0.0121586 -0.00231926 0.00670404 -0.0121586 0.0732701 
0.0149489 -0.024599 0.00165034 -0.00229761 -0.024599 0.106618 -0.00228622 0.00665212 0.00165034 -0.00228622 0.00509036 -0.0121899 -0.00229761 0.00665212 -0.0121899 0.0734876 
0.0149658 -0.0245673 0.00160664 -0.00224365 -0.0245673 0.106457 -0.00223428 0.00651512 0.00160664 -0.00223428 0.00507206 -0.0122047 -0.00224365 0.00651512 -0.0122047 0.0734888 
0.0150482 -0.024682 0.00153707 -0.00218219 -0.024682 0.106812 -0.00218165 0.00636434 0.00153707 -0.00218165 0.00509795 -0.0122322 -0.00218219 0.00636434 -0.0122322 0.0737317 
0.0150434 -0.0246889 0.00149255 -0.00209312 -0.0246889 0.106733 -0.00210435 0.00617687 0.00149255 -0.00210435 0.00511762 -0.0122302 -0.00209312 0.00617687 -0.0122302 0.0736385 
0.0150707 -0.0247304 0.00146219 -0.00201435 -0.0247304 0.106864 -0.00203082 0.00594617 0.00146219 -0.00203082 0.00518771 -0.0122805 -0.00201435 0.00594617 -0.0122805 0.0737606 
0.0150968 -0.0247679 0.00149651 -0.00202068 -0.0247679 0.107009 -0.00203512 0.00592015 0.00149651 -0.00203512 0.00521254 -0.0123937 -0.00202068 0.00592015 -0.0123937 0.0740368 
0.0151069 -0.0248049 0.00145904 -0.0020522 -0.0248049 0.10713 -0.0020595 0.00594542 0.00145904 -0.0020595 0.00526391 -0.0124513 -0.0020522 0.00594542 -0.0124513 0.0742953 
0.0150953 -0.0247769 0.00143405 -0.00201603 -0.0247769 0.107035 -0.00202063 0.00591503 0.00143405 -0.00202063 0.00526941 -0.0125088 -0.00201603 0.00591503 -0.0125088 0.0744123 
0.0151174 -0.0247797 0.00142609 -0.00198135 -0.0247797 0.107036 -0.00198628 0.00583195 0.00142609 -0.00198628 0.00527136 -0.0125342 -0.00198135 0.00583195 -0.0125342 0.0745503 
0.0151255 -0.024823 0.00145279 -0.00196867 -0.024823 0.107144 -0.00197536 0.00577821 0.00145279 -0.00197536 0.00531365 -0.0125491 -0.00196867 0.00577821 -0.0125491 0.0746576 
0.0151278 -0.0248499 0.00150271 -0.00203026 -0.0248499 0.107302 -0.00203221 0.00588499 0.00150271 -0.00203221 0.00535011 -0.0126148 -0.00203026 0.00588499 -0.0126148 0.0748432 
0.0151115 -0.0248211 0.00153737 -0.0021044 -0.0248211 0.107249 -0.00209787 0.00605845 0.00153737 -0.00209787 0.00533069 -0.0126568 -0.0021044 0.00605845 -0.0126568 0.0749551 
0.0150458 -0.0247386 0.00159467 -0.00216616 -0.0247386 0.106939 -0.00215517 0.00624685 0.00159467 -0.00215517 0.00528259 -0.0126059 -0.00216616 0.00624685 -0.0126059 0.0748017 
0.015057 -0.02473 0.00156897 -0.00224484 -0.02473 0.106985 -0.00222991 0.00644449 0.00156897 -0.00222991 0.0052236 -0.0125634 -0.00224484 0.00644449 -0.0125634 0.0747886 
0.0150626 -0.0247254 0.00151604 -0.00218179 -0.0247254 0.106939 -0.00217297 0.00640025 0.00151604 -0.00217297 0.00519141 -0.0124662 -0.00218179 0.00640025 -0.0124662 0.0745741 
0.0150149 -0.0246864 0.00150712 -0.00211193 -0.0246864 0.106742 -0.00211546 0.00626497 0.00150712 -0.00211546 0.00518367 -0.0123822 -0.00211193 0.00626497 -0.0123822 0.0742153 
0.0150125 -0.0246641 0.00148938 -0.0020917 -0.0246641 0.106708 -0.00209561 0.0061605 0.00148938 -0.00209561 0.00517682 -0.0123733 -0.0020917 0.0061605 -0.0123733 0.0740994 
0.015039 -0.0247026 0.00149712 -0.00208386 -0.0247026 0.10687 -0.00208681 0.00613324 0.00149712 -0.00208681 0.00518742 -0.0123872 -0.00208386 0.00613324 -0.0123872 0.0741835 
0.0150486 -0.0247181 0.0014795 -0.00208664 -0.0247181 0.106923 -0.00208921 0.00611981 0.0014795 -0.00208921 0.00518429 -0.0123946 -0.00208664 0.00611981 -0.0123946 0.0742076 
0.015042 -0.0247215 0.00148627 -0.00206679 -0.0247215 0.106932 -0.00207041 0.00609042 0.00148627 -0.00207041 0.00516353 -0.0123873 -0.00206679 0.00609042 -0.0123873 0.0741977 
0.0149929 -0.0246478 0.00151323 -0.00209024 -0.0246478 0.106656 -0.00209223 0.00612621 0.00151323 -0.00209223 0.00512692 -0.0123264 -0.00209024 0.00612621 -0.0123264 0.073957 
0.0150204 -0.0246632 0.00145523 -0.00210059 -0.0246632 0.106736 -0.00209923 0.00612796 0.00145523 -0.00209923 0.00511215 -0.0122998 -0.00210059 0.00612796 -0.0122998 0.0739302 
0.0150245 -0.0247069 0.00147219 -0.00206115 -0.0247069 0.106894 -0.00206534 0.00612025 0.00147219 -0.00206534 0.00510071 -0.0122825 -0.00206115 0.00612025 -0.0122825 0.0739278 
0.0149622 -0.0246368 0.00143327 -0.00206838 -0.0246368 0.106653 -0.00207328 0.00609612 0.00143327 -0.00207328 0.00507252 -0.012225 -0.00206838 0.00609612 -0.012225 0.0736678 
0.0149359 -0.0246111 0.00140942 -0.00203153 -0.0246111 0.106644 -0.00203533 0.0060503 0.00140942 -0.00203533 0.00506808 -0.012199 -0.00203153 0.0060503 -0.012199 0.0736069 
0.0149042 -0.024575 0.00137054 -0.00197658 -0.024575 0.106561 -0.00197807 0.00590439 0.00137054 -0.00197807 0.00510436 -0.01218 -0.00197658 0.00590439 -0.01218 0.0735342 
0.0148685 -0.0244953 0.00141332 -0.00195531 -0.0244953 0.106315 -0.00195296 0.00583942 0.00141332 -0.00195296 0.0051014 -0.0122043 -0.00195531 0.00583942 -0.0122043 0.0734669 
0.0148613 -0.024472 0.0014642 -0.00201937 -0.024472 0.106243 -0.00201071 0.00592345 0.0014642 -0.00201071 0.00509522 -0.0122156 -0.00201937 0.00592345 -0.0122156 0.0735276 
0.0148655 -0.0244499 0.00153401 -0.00206059 -0.0244499 0.106132 -0.00204681 0.00600408 0.00153401 -0.00204681 0.00508591 -0.0121934 -0.00206059 0.00600408 -0.0121934 0.0734732 
0.014904 -0.0244941 0.00163465 -0.00215202 -0.0244941 0.10626 -0.00213483 0.00618331 0.00163465 -0.00213483 0.00508826 -0.0121971 -0.00215202 0.00618331 -0.0121971 0.0735282 
0.014937 -0.0245132 0.00163131 -0.00225143 -0.0245132 0.106253 -0.00223158 0.00638158 0.00163131 -0.00223158 0.0050744 -0.0121856 -0.00225143 0.00638158 -0.0121856 0.0734618 
0.0149768 -0.0245763 0.00163365 -0.00223935 -0.0245763 0.106396 -0.00222789 0.00645112 0.00163365 -0.00222789 0.00507264 -0.012183 -0.00223935 0.00645112 -0.012183 0.0734715 
0.0150233 -0.0246572 0.0015688 -0.00222209 -0.0246572 0.106657 -0.00222165 0.00642182 0.0015688 -0.00222165 0.00510932 -0.012203 -0.00222209 0.00642182 -0.012203 0.0735712 
0.0150261 -0.0246733 0.00152293 -0.00213449 -0.0246733 0.106679 -0.00214505 0.00627378 0.00152293 -0.00214505 0.00514065 -0.0122424 -0.00213449 0.00627378 -0.0122424 0.0736035 
0.0150721 -0.0247443 0.00150514 -0.00210832 -0.0247443 0.10699 -0.00212358 0.00620705 0.00150514 -0.00212358 0.0051487 -0.0123326 -0.00210832 0.00620705 -0.0123326 0.0739369 
0.0150379 -0.0247495 0.00154407 -0.00209707 -0.0247495 0.107011 -0.00211248 0.00617625 0.00154407 -0.00211248 0.00517103 -0.0123374 -0.00209707 0.00617625 -0.0123374 0.0740188 
0.0150078 -0.0246931 0.00162402 -0.00214633 -0.0246931 0.106892 -0.00215115 0.0062291 0.00162402 -0.00215115 0.0051589 -0.0123551 -0.00214633 0.0062291 -0.0123551 0.0740312 
0.014983 -0.0246375 0.00165473 -0.00224112 -0.0246375 0.10669 -0.00222972 0.00638371 0.00165473 -0.00222972 0.00516372 -0.0123308 -0.00224112 0.00638371 -0.0123308 0.0739631 
0.015026 -0.0246759 0.00165116 -0.00225335 -0.0246759 0.106821 -0.00223674 0.00643757 0.00165116 -0.00223674 0.00520864 -0.0123625 -0.00225335 0.00643757 -0.0123625 0.0740978 
0.0150273 -0.0246585 0.00161284 -0.00228288 -0.0246585 0.106698 -0.00226973 0.00654698 0.00161284 -0.00226973 0.00520272 -0.0124024 -0.00228288 0.00654698 -0.0124024 0.074108 
0.015045 -0.0246713 0.00157314 -0.00221286 -0.0246713 0.106676 -0.00221151 0.00646492 0.00157314 -0.00221151 0.00521004 -0.0124066 -0.00221286 0.00646492 -0.0124066 0.0741423 
