0.0105973 0 0.00197702 0 0 0.0099857 0 0 0.00197702 0 0.00394389 0 0 0 0 0.0099857 
0.0150338 -0.0186144 0.00242615 -0.00296614 -0.0186144 0.044861 -0.00296614 0.00568784 0.00242615 -0.00296614 0.00551599 -0.00690862 -0.00296614 0.00568784 -0.00690862 0.0224168 
0.0147467 -0.0266386 0.0020077 -0.00325275 -0.0266386 0.0942142 -0.00325275 0.0102074 0.0020077 -0.00325275 0.00576351 -0.0119173 -0.00325275 0.0102074 -0.0119173 0.047388 
0.0137661 -0.0246676 0.00178388 -0.00216783 -0.0246676 0.105373 -0.00219434 0.00716118 0.00178388 -0.00219434 0.00553576 -0.0131974 -0.00216783 0.00716118 -0.0131974 0.0645397 
0.0138111 -0.0233652 0.00183018 -0.00187879 -0.0233652 0.104425 -0.00192893 0.00481604 0.00183018 -0.00192893 0.0053397 -0.0129453 -0.00187879 0.00481604 -0.0129453 0.0713372 
0.0140378 -0.0233966 0.00201176 -0.00209395 -0.0233966 0.103852 -0.0021465 0.0047881 0.00201176 -0.0021465 0.00540761 -0.0125764 -0.00209395 0.0047881 -0.0125764 0.0732553 
0.014183 -0.023651 0.00210127 -0.00235832 -0.023651 0.104256 -0.00239048 0.00543039 0.00210127 -0.00239048 0.00554928 -0.0125082 -0.00235832 0.00543039 -0.0125082 0.0737101 
0.0142149 -0.0237683 0.0020717 -0.00242324 -0.0237683 0.104561 -0.00242863 0.00577108 0.0020717 -0.00242863 0.00563388 -0.012572 -0.00242324 0.00577108 -0.012572 0.0738396 
0.0141707 -0.0237747 0.00207676 -0.00238844 -0.0237747 0.104619 -0.00238218 0.00581959 0.00207676 -0.00238218 0.00572352 -0.0126686 -0.00238844 0.00581959 -0.0126686 0.0740517 
0.0142611 -0.0237471 0.002043 -0.00241855 -0.0237471 0.104659 -0.00240359 0.00586844 0.002043 -0.00240359 0.00571433 -0.0128269 -0.00241855 0.00586844 -0.0128269 0.0745082 
0.0143362 -0.0238161 0.00197477 -0.00233509 -0.0238161 0.104645 -0.00232161 0.00570721 0.00197477 -0.00232161 0.0056303 -0.0127918 -0.00233509 0.00570721 -0.0127918 0.0745315 
0.0144436 -0.0239373 0.00189295 -0.00226742 -0.0239373 0.104918 -0.00226232 0.00554992 0.00189295 -0.00226232 0.00551301 -0.0127163 -0.00226742 0.00554992 -0.0127163 0.0744658 
0.0145408 -0.0240766 0.00180765 -0.00216455 -0.0240766 0.105272 -0.00217194 0.00533745 0.00180765 -0.00217194 0.00540697 -0.012578 -0.00216455 0.00533745 -0.012578 0.074221 
0.0145751 -0.0242011 0.0017935 -0.00207352 -0.0242011 0.105629 -0.00209305 0.00513689 0.0017935 -0.00209305 0.0053953 -0.0124575 -0.00207352 0.00513689 -0.0124575 0.0739538 
0.0145773 -0.0242463 0.00177978 -0.0020222 -0.0242463 0.105846 -0.00204022 0.00493752 0.00177978 -0.00204022 0.00538304 -0.0124184 -0.0020222 0.00493752 -0.0124184 0.0737386 
0.0145644 -0.0242403 0.0018133 -0.00205355 -0.0242403 0.1059 -0.00206411 0.00496609 0.0018133 -0.00206411 0.00540539 -0.0124374 -0.00205355 0.00496609 -0.0124374 0.0737625 
0.014556 -0.0242131 0.00184046 -0.00210967 -0.0242131 0.105839 -0.00211099 0.00507825 0.00184046 -0.00211099 0.00543969 -0.0124706 -0.00210967 0.00507825 -0.0124706 0.0738344 
0.014595 -0.0242276 0.00182548 -0.00213945 -0.0242276 0.105899 -0.002135 0.00516458 0.00182548 -0.002135 0.00543075 -0.0125256 -0.00213945 0.00516458 -0.0125256 0.0740013 
0.0146088 -0.024262 0.00181781 -0.00211084 -0.024262 0.105946 -0.00210905 0.00514309 0.00181781 -0.00210905 0.00542911 -0.0125133 -0.00211084 0.00514309 -0.0125133 0.0740318 
0.0146025 -0.02428 0.00183084 -0.00207411 -0.02428 0.105995 -0.00207486 0.00504141 0.00183084 -0.00207486 0.00540403 -0.0124942 -0.00207411 0.00504141 -0.0124942 0.0739683 
0.0145829 -0.0242559 0.00184169 -0.00208 -0.0242559 0.105927 -0.00207785 0.00499233 0.00184169 -0.00207785 0.0053392 -0.0124424 -0.00208 0.00499233 -0.0124424 0.0738027 
0.0146163 -0.0242707 0.00181721 -0.00211414 -0.0242707 0.106023 -0.0021091 0.00505197 0.00181721 -0.0021091 0.00530022 -0.0123716 -0.00211414 0.00505197 -0.0123716 0.0737 
0.0146433 -0.0242911 0.00177049 -0.00208219 -0.0242911 0.106045 -0.00208117 0.00503885 0.00177049 -0.00208117 0.00527246 -0.0122936 -0.00208219 0.00503885 -0.0122936 0.0734593 
0.0146435 -0.024294 0.00174605 -0.00203252 -0.024294 0.105982 -0.00203781 0.00496653 0.00174605 -0.00203781 0.0052657 -0.0122462 -0.00203252 0.00496653 -0.0122462 0.073226 
0.0147313 -0.0243146 0.00167044 -0.00200573 -0.0243146 0.10604 -0.00201376 0.00489625 0.00167044 -0.00201376 0.00521193 -0.0122538 -0.00200573 0.00489625 -0.0122538 0.0731936 
0.0148141 -0.0244508 0.001602 -0.00188636 -0.0244508 0.106349 -0.00189917 0.00465717 0.001602 -0.00189917 0.0051274 -0.012195 -0.00188636 0.00465717 -0.012195 0.0731407 
0.0148654 -0.0245204 0.00155996 -0.0018229 -0.0245204 0.106516 -0.00183954 0.00447947 0.00155996 -0.00183954 0.00505647 -0.0120997 -0.0018229 0.00447947 -0.0120997 0.0729416 
0.0148894 -0.0245994 0.00156161 -0.00180378 -0.0245994 0.106747 -0.00182013 0.00442187 0.00156161 -0.00182013 0.00507018 -0.0120356 -0.00180378 0.00442187 -0.0120356 0.0728222 
0.0148488 -0.0246262 0.00158779 -0.00178273 -0.0246262 0.106865 -0.00179258 0.00433666 0.00158779 -0.00179258 0.00512629 -0.0120313 -0.00178273 0.00433666 -0.0120313 0.0727173 
0.0147615 -0.0245757 0.00162584 -0.00179667 -0.0245757 0.106818 -0.00179891 0.00430084 0.00162584 -0.00179891 0.00521985 -0.012093 -0.00179667 0.00430084 -0.012093 0.0727643 
0.0147169 -0.0244822 0.00168467 -0.00188202 -0.0244822 0.106691 -0.00187453 0.00445868 0.00168467 -0.00187453 0.00528328 -0.0122511 -0.00188202 0.00445868 -0.0122511 0.073146 
0.0146664 -0.0243878 0.00176164 -0.00197356 -0.0243878 0.106382 -0.00196135 0.00468823 0.00176164 -0.00196135 0.00532632 -0.0123447 -0.00197356 0.00468823 -0.0123447 0.0734492 
0.0146478 -0.0243382 0.00182962 -0.00205601 -0.0243382 0.106211 -0.00203988 0.00488893 0.00182962 -0.00203988 0.00533177 -0.0123949 -0.00205601 0.00488893 -0.0123949 0.073646 
0.0146474 -0.0243453 0.0018504 -0.00213368 -0.0243453 0.106234 -0.00211315 0.00507602 0.0018504 -0.00211315 0.00534078 -0.0123987 -0.00213368 0.00507602 -0.0123987 0.0737547 
0.0146146 -0.0243051 0.00185504 -0.0021669 -0.0243051 0.106081 -0.00214837 0.00521801 0.00185504 -0.00214837 0.00535803 -0.0123862 -0.0021669 0.00521801 -0.0123862 0.0736776 
0.0146211 -0.0243061 0.00185183 -0.0021572 -0.0243061 0.10613 -0.00214664 0.0052458 0.00185183 -0.00214664 0.00537595 -0.0124109 -0.0021572 0.0052458 -0.0124109 0.0737344 
0.0146274 -0.0242975 0.00182597 -0.00212037 -0.0242975 0.106093 -0.00211659 0.00516299 0.00182597 -0.00211659 0.00535613 -0.0124073 -0.00212037 0.00516299 -0.0124073 0.0736894 
0.0146035 -0.0243054 0.00182601 -0.00209024 -0.0243054 0.106092 -0.00209124 0.00508546 0.00182601 -0.00209124 0.00539815 -0.0123849 -0.00209024 0.00508546 -0.0123849 0.0736412 
0.0145984 -0.0242692 0.00177378 -0.00205256 -0.0242692 0.106008 -0.00205199 0.00495158 0.00177378 -0.00205199 0.00537853 -0.0124017 -0.00205256 0.00495158 -0.0124017 0.0735593 
0.0146143 -0.0242821 0.00173169 -0.00200997 -0.0242821 0.10605 -0.00201194 0.00486162 0.00173169 -0.00201194 0.00533598 -0.0124101 -0.00200997 0.00486162 -0.0124101 0.073636 
0.0146437 -0.0242912 0.0017198 -0.00198278 -0.0242912 0.106066 -0.00199169 0.00481664 0.0017198 -0.00199169 0.0052948 -0.0123777 -0.00198278 0.00481664 -0.0123777 0.0736491 
0.0147154 -0.0242911 0.00165834 -0.00197678 -0.0242911 0.10598 -0.0019868 0.00479913 0.00165834 -0.0019868 0.0051815 -0.0123129 -0.00197678 0.00479913 -0.0123129 0.0734833 
0.0147196 -0.0243936 0.00167733 -0.00191563 -0.0243936 0.106149 -0.00193121 0.0047255 0.00167733 -0.00193121 0.0051848 -0.0121832 -0.00191563 0.0047255 -0.0121832 0.0732456 
0.0147188 -0.0244214 0.00169038 -0.00193052 -0.0244214 0.10632 -0.00194058 0.00469057 0.00169038 -0.00194058 0.0051768 -0.0121731 -0.00193052 0.00469057 -0.0121731 0.0731165 
0.0147275 -0.0244166 0.00168106 -0.00194188 -0.0244166 0.106359 -0.00194481 0.00469404 0.00168106 -0.00194481 0.00514725 -0.0121568 -0.00194188 0.00469404 -0.0121568 0.0730446 
0.0146871 -0.0244209 0.00167217 -0.00190419 -0.0244209 0.106358 -0.00190593 0.0046072 0.00167217 -0.00190593 0.0051439 -0.0120903 -0.00190419 0.0046072 -0.0120903 0.0728581 
0.0146216 -0.0243572 0.0017244 -0.00192855 -0.0243572 0.106226 -0.00193036 0.00464858 0.0017244 -0.00193036 0.0051559 -0.0120903 -0.00192855 0.00464858 -0.0120903 0.0727772 
0.0146415 -0.024286 0.00166075 -0.00196011 -0.024286 0.106074 -0.00195768 0.00467511 0.00166075 -0.00195768 0.00507399 -0.0120743 -0.00196011 0.00467511 -0.0120743 0.0726883 
0.0146784 -0.0243245 0.00160879 -0.00188611 -0.0243245 0.106124 -0.00188983 0.00459191 0.00160879 -0.00188983 0.00500725 -0.0119674 -0.00188611 0.00459191 -0.0119674 0.0725151 
0.0146708 -0.0243576 0.0015682 -0.00182463 -0.0243576 0.106188 -0.00183862 0.00445943 0.0015682 -0.00183862 0.00500818 -0.0118631 -0.00182463 0.00445943 -0.0118631 0.0722248 
0.0146353 -0.024308 0.00158215 -0.00180294 -0.024308 0.106036 -0.00181976 0.00441062 0.00158215 -0.00181976 0.00504063 -0.0118512 -0.00180294 0.00441062 -0.0118512 0.0720197 
0.014589 -0.0243087 0.0016592 -0.00184404 -0.0243087 0.106087 -0.00185477 0.00447439 0.0016592 -0.00185477 0.00511862 -0.0119298 -0.00184404 0.00447439 -0.0119298 0.0721962 
0.0145065 -0.0242364 0.00174787 -0.00194173 -0.0242364 0.105957 -0.00193839 0.00464303 0.00174787 -0.00193839 0.00520677 -0.0120317 -0.00194173 0.00464303 -0.0120317 0.0724304 
0.0144391 -0.0241273 0.00179925 -0.00206242 -0.0241273 0.105707 -0.00204468 0.00490688 0.00179925 -0.00204468 0.00527149 -0.0121473 -0.00206242 0.00490688 -0.0121473 0.072721 
0.0144164 -0.0240155 0.00180695 -0.00214424 -0.0240155 0.105353 -0.00212247 0.00516422 0.00180695 -0.00212247 0.00530408 -0.0122286 -0.00214424 0.00516422 -0.0122286 0.0729433 
0.0144061 -0.0240202 0.00177764 -0.00209213 -0.0240202 0.105295 -0.00208099 0.00512062 0.00177764 -0.00208099 0.00530306 -0.0122501 -0.00209213 0.00512062 -0.0122501 0.0730539 
0.0143841 -0.0239979 0.00176469 -0.00205087 -0.0239979 0.105222 -0.00204932 0.00502628 0.00176469 -0.00204932 0.00532671 -0.0122455 -0.00205087 0.00502628 -0.0122455 0.0730594 
0.0144025 -0.0239858 0.00175905 -0.00204346 -0.0239858 0.10522 -0.00204697 0.00498991 0.00175905 -0.00204697 0.00531974 -0.0122884 -0.00204346 0.00498991 -0.0122884 0.0731695 
0.0144724 -0.0240104 0.00175163 -0.00204473 -0.0240104 0.105268 -0.00204989 0.00498974 0.00175163 -0.00204989 0.00527603 -0.0122942 -0.00204473 0.00498974 -0.0122942 0.0732585 
0.0144919 -0.0240911 0.00178388 -0.00202959 -0.0240911 0.105404 -0.00203478 0.00496025 0.00178388 -0.00203478 0.00525259 -0.0122361 -0.00202959 0.00496025 -0.0122361 0.0731835 
0.0144966 -0.0241234 0.00176709 -0.00201943 -0.0241234 0.105522 -0.00201674 0.00485829 0.00176709 -0.00201674 0.00519872 -0.0121624 -0.00201943 0.00485829 -0.0121624 0.0729457 
0.0145457 -0.0241278 0.00166525 -0.00198698 -0.0241278 0.105562 -0.00197924 0.00475986 0.00166525 -0.00197924 0.00506471 -0.0120669 -0.00198698 0.00475986 -0.0120669 0.0726507 
0.014592 -0.0241744 0.00162053 -0.00194065 -0.0241744 0.105632 -0.00194439 0.00475707 0.00162053 -0.00194439 0.00499817 -0.0119296 -0.00194065 0.00475707 -0.0119296 0.0723767 
0.0145734 -0.0242382 0.00162529 -0.00186574 -0.0242382 0.105784 -0.00188281 0.00462078 0.00162529 -0.00188281 0.00501943 -0.0118227 -0.00186574 0.00462078 -0.0118227 0.0720507 
0.0145588 -0.0242003 0.00163149 -0.00186583 -0.0242003 0.105741 -0.00188009 0.00455272 0.00163149 -0.00188009 0.00502604 -0.0118289 -0.00186583 0.00455272 -0.0118289 0.0718751 
0.0146118 -0.0241988 0.00160468 -0.00188204 -0.0241988 0.105752 -0.00188683 0.00456119 0.00160468 -0.00188683 0.00498136 -0.0118526 -0.00188204 0.00456119 -0.0118526 0.0719134 
0.0146278 -0.0242465 0.00159838 -0.00186188 -0.0242465 0.10579 -0.00186433 0.00455029 0.00159838 -0.00186433 0.00495154 -0.0118024 -0.00186188 0.00455029 -0.0118024 0.0718483 
0.0146232 -0.0242728 0.00160566 -0.00185394 -0.0242728 0.105868 -0.00185566 0.00452527 0.00160566 -0.00185566 0.00495735 -0.0117613 -0.00185394 0.00452527 -0.0117613 0.0717399 
0.0146287 -0.0242735 0.00158811 -0.00184677 -0.0242735 0.105908 -0.00184528 0.00448242 0.00158811 -0.00184528 0.00493817 -0.0117546 -0.00184677 0.00448242 -0.0117546 0.0716644 
0.014657 -0.0242785 0.00156322 -0.00186023 -0.0242785 0.105933 -0.00185818 0.00453312 0.00156322 -0.00185818 0.0049173 -0.0117541 -0.00186023 0.00453312 -0.0117541 0.0716881 
0.0146909 -0.0243027 0.00154284 -0.00183853 -0.0243027 0.105956 -0.00184192 0.00453771 0.00154284 -0.00184192 0.00488468 -0.0117329 -0.00183853 0.00453771 -0.0117329 0.0716636 
0.0147013 -0.0243616 0.00157388 -0.00182964 -0.0243616 0.106108 -0.00183817 0.00454646 0.00157388 -0.00183817 0.00492187 -0.0117144 -0.00182964 0.00454646 -0.0117144 0.0716831 
0.0146766 -0.0243762 0.00163369 -0.00186465 -0.0243762 0.106201 -0.00186976 0.00459271 0.00163369 -0.00186976 0.00499354 -0.0117636 -0.00186465 0.00459271 -0.0117636 0.071767 
0.0146616 -0.0243224 0.00159586 -0.00187665 -0.0243224 0.106067 -0.00187123 0.00455027 0.00159586 -0.00187123 0.00498533 -0.0118137 -0.00187665 0.00455027 -0.0118137 0.0717735 
0.0146366 -0.024325 0.00157102 -0.00184646 -0.024325 0.106069 -0.00184043 0.00451327 0.00157102 -0.00184043 0.00501992 -0.0118303 -0.00184646 0.00451327 -0.0118303 0.0718875 
0.0146147 -0.0243007 0.00158233 -0.00180936 -0.0243007 0.106056 -0.00181009 0.00443157 0.00158233 -0.00181009 0.00504874 -0.0118794 -0.00180936 0.00443157 -0.0118794 0.0720168 
0.0145396 -0.0242547 0.00169738 -0.00187617 -0.0242547 0.105938 -0.00187711 0.00455984 0.00169738 -0.00187711 0.00515147 -0.0119516 -0.00187617 0.00455984 -0.0119516 0.0722405 
0.0145028 -0.0241701 0.00172446 -0.00201643 -0.0241701 0.105778 -0.00200484 0.00481952 0.00172446 -0.00200484 0.00524807 -0.012085 -0.00201643 0.00481952 -0.012085 0.0725581 
0.01451 -0.0241196 0.00170484 -0.00205524 -0.0241196 0.10561 -0.00203966 0.00500487 0.00170484 -0.00203966 0.00527846 -0.0122196 -0.00205524 0.00500487 -0.0122196 0.0729198 
0.0145563 -0.0241453 0.00172219 -0.00204849 -0.0241453 0.105643 -0.0020441 0.00508693 0.00172219 -0.0020441 0.00529181 -0.0123083 -0.00204849 0.00508693 -0.0123083 0.0733159 
0.0145215 -0.0241776 0.0017739 -0.00199498 -0.0241776 0.105641 -0.00199981 0.0049443 0.0017739 -0.00199981 0.00530271 -0.0122912 -0.00199498 0.0049443 -0.0122912 0.0733322 
0.0144917 -0.0241527 0.00181245 -0.00203798 -0.0241527 0.105636 -0.00203612 0.00491379 0.00181245 -0.00203612 0.00531133 -0.0122888 -0.00203798 0.00491379 -0.0122888 0.0733043 
0.014483 -0.0241243 0.00184341 -0.00212848 -0.0241243 0.105606 -0.0021163 0.00509744 0.00184341 -0.0021163 0.00534267 -0.0123149 -0.00212848 0.00509744 -0.0123149 0.07338 
0.0144865 -0.0241056 0.00182655 -0.00212473 -0.0241056 0.105529 -0.00211027 0.00512428 0.00182655 -0.00211027 0.00531344 -0.0123133 -0.00212473 0.00512428 -0.0123133 0.0733185 
0.0144936 -0.024114 0.00179739 -0.0020827 -0.024114 0.105525 -0.00207392 0.00504047 0.00179739 -0.00207392 0.00525396 -0.0122627 -0.0020827 0.00504047 -0.0122627 0.0731889 
0.0144953 -0.0241325 0.00177233 -0.00205917 -0.0241325 0.105587 -0.00205701 0.00498792 0.00177233 -0.00205701 0.00523346 -0.0121908 -0.00205917 0.00498792 -0.0121908 0.0730419 
0.014498 -0.0241185 0.0017357 -0.00204027 -0.0241185 0.105554 -0.00204342 0.00495809 0.0017357 -0.00204342 0.00522703 -0.0121523 -0.00204027 0.00495809 -0.0121523 0.0728808 
0.0144909 -0.0241301 0.00173103 -0.00201756 -0.0241301 0.105586 -0.00202632 0.00494552 0.00173103 -0.00202632 0.00526173 -0.0121624 -0.00201756 0.00494552 -0.0121624 0.0728849 
0.0144607 -0.0240876 0.00178221 -0.00203194 -0.0240876 0.10545 -0.00204209 0.00498393 0.00178221 -0.00204209 0.00527837 -0.0122158 -0.00203194 0.00498393 -0.0122158 0.0729528 
0.0143842 -0.0240715 0.00185176 -0.0020753 -0.0240715 0.105414 -0.00207947 0.00503579 0.00185176 -0.00207947 0.00536149 -0.0122421 -0.0020753 0.00503579 -0.0122421 0.073061 
0.0143236 -0.0239931 0.00189891 -0.0021473 -0.0239931 0.105316 -0.00213872 0.00514349 0.00189891 -0.00213872 0.00542337 -0.012334 -0.0021473 0.00514349 -0.012334 0.073243 
0.0142942 -0.0239009 0.00190721 -0.00222612 -0.0239009 0.105083 -0.00220909 0.00533394 0.00190721 -0.00220909 0.00545193 -0.0124166 -0.00222612 0.00533394 -0.0124166 0.0734562 
0.0142953 -0.0238551 0.00190434 -0.00224731 -0.0238551 0.104895 -0.00223362 0.00546152 0.00190434 -0.00223362 0.00546692 -0.012459 -0.00224731 0.00546152 -0.012459 0.073609 
0.014326 -0.0238774 0.00189817 -0.00221696 -0.0238774 0.104918 -0.00221293 0.00543524 0.00189817 -0.00221293 0.00546628 -0.0124761 -0.00221696 0.00543524 -0.0124761 0.0737092 
0.0143904 -0.0239234 0.0018574 -0.00218319 -0.0239234 0.105024 -0.00218303 0.00533456 0.0018574 -0.00218303 0.00539875 -0.0124666 -0.00218319 0.00533456 -0.0124666 0.0737167 
0.0144192 -0.0239665 0.00181516 -0.00210524 -0.0239665 0.105036 -0.00210954 0.00514617 0.00181516 -0.00210954 0.00530134 -0.0123493 -0.00210524 0.00514617 -0.0123493 0.0734222 
0.0144546 -0.024036 0.0018048 -0.00209016 -0.024036 0.105246 -0.00209655 0.00508895 0.0018048 -0.00209655 0.00525361 -0.0122512 -0.00209016 0.00508895 -0.0122512 0.0732239 
0.0144584 -0.0240886 0.00182138 -0.00210226 -0.0240886 0.105439 -0.00210811 0.00511965 0.00182138 -0.00210811 0.00527784 -0.0121967 -0.00210226 0.00511965 -0.0121967 0.073082 
0.0144825 -0.0240653 0.0017989 -0.00213608 -0.0240653 0.105409 -0.0021374 0.00519856 0.0017989 -0.0021374 0.0052844 -0.0122173 -0.00213608 0.00519856 -0.0122173 0.0730148 
0.0145103 -0.0240928 0.00180012 -0.00210663 -0.0240928 0.105423 -0.00211013 0.00519311 0.00180012 -0.00211013 0.00527871 -0.0122382 -0.00210663 0.00519311 -0.0122382 0.0730451 
0.0145356 -0.0241311 0.00176123 -0.00206452 -0.0241311 0.105489 -0.00206773 0.00506135 0.00176123 -0.00206773 0.00524026 -0.0122169 -0.00206452 0.00506135 -0.0122169 0.0729925 
0.01454 -0.0241732 0.00172753 -0.0020188 -0.0241732 0.105607 -0.0020226 0.00494196 0.00172753 -0.0020226 0.00522628 -0.0121776 -0.0020188 0.00494196 -0.0121776 0.0729282 
0.0145406 -0.0241924 0.00172804 -0.00199228 -0.0241924 0.105728 -0.00199913 0.00487272 0.00172804 -0.00199913 0.00524084 -0.0121758 -0.00199228 0.00487272 -0.0121758 0.0729436 
0.0145308 -0.0241704 0.00172909 -0.00199112 -0.0241704 0.105679 -0.00199714 0.00484073 0.00172909 -0.00199714 0.00526179 -0.0121863 -0.00199112 0.00484073 -0.0121863 0.0729355 
0.0145573 -0.0241776 0.00171354 -0.00198809 -0.0241776 0.105716 -0.0019912 0.00482 0.00171354 -0.0019912 0.0052342 -0.0122215 -0.00198809 0.00482 -0.0122215 0.0730269 
0.0145631 -0.0242072 0.00172671 -0.00198202 -0.0242072 0.105779 -0.00198488 0.00481617 0.00172671 -0.00198488 0.00522205 -0.0122016 -0.00198202 0.00481617 -0.0122016 0.0730677 
0.0145573 -0.0242072 0.00172639 -0.00197127 -0.0242072 0.105783 -0.0019726 0.004765 0.00172639 -0.0019726 0.00518227 -0.0121599 -0.00197127 0.004765 -0.0121599 0.0729507 
0.0145763 -0.0242075 0.00168943 -0.00196735 -0.0242075 0.105804 -0.00196612 0.00473203 0.00168943 -0.00196612 0.00511329 -0.0120974 -0.00196735 0.00473203 -0.0120974 0.0727949 
0.0145492 -0.0242029 0.00170614 -0.00194477 -0.0242029 0.105739 -0.00194765 0.0047221 0.00170614 -0.00194765 0.00509839 -0.0119985 -0.00194477 0.0047221 -0.0119985 0.0725299 
0.0145284 -0.0241887 0.00171955 -0.00198037 -0.0241887 0.105738 -0.00198165 0.00478069 0.00171955 -0.00198165 0.00511665 -0.0119753 -0.00198037 0.00478069 -0.0119753 0.072396 
0.0144593 -0.0241679 0.00176148 -0.00199244 -0.0241679 0.105717 -0.00199084 0.00482544 0.00176148 -0.00199084 0.00517221 -0.0119889 -0.00199244 0.00482544 -0.0119889 0.0723662 
0.0144271 -0.0240553 0.00173988 -0.00205728 -0.0240553 0.105462 -0.00205118 0.00495153 0.00173988 -0.00205118 0.0052128 -0.0120496 -0.00205728 0.00495153 -0.0120496 0.072417 
0.0143912 -0.0240424 0.0017342 -0.00203264 -0.0240424 0.105406 -0.00202968 0.00498091 0.0017342 -0.00202968 0.00530166 -0.0121203 -0.00203264 0.00498091 -0.0121203 0.072631 
0.0143532 -0.0239606 0.00174891 -0.00200034 -0.0239606 0.105163 -0.0020028 0.00490359 0.00174891 -0.0020028 0.00531755 -0.0122171 -0.00200034 0.00490359 -0.0122171 0.0727908 
0.0143751 -0.0239264 0.00172298 -0.00200323 -0.0239264 0.105037 -0.00200454 0.00485054 0.00172298 -0.00200454 0.00526958 -0.0122498 -0.00200323 0.00485054 -0.0122498 0.0729516 
0.0144176 -0.0239812 0.00170225 -0.00199231 -0.0239812 0.105161 -0.00199425 0.00484481 0.00170225 -0.00199425 0.00523615 -0.0122131 -0.00199231 0.00484481 -0.0122131 0.0730361 
0.0144147 -0.0240065 0.00171356 -0.00198469 -0.0240065 0.105195 -0.00199105 0.00485422 0.00171356 -0.00199105 0.00524571 -0.0121617 -0.00198469 0.00485422 -0.0121617 0.072929 
0.0143888 -0.0240026 0.00175629 -0.00199713 -0.0240026 0.105197 -0.00200222 0.00487371 0.00175629 -0.00200222 0.00530453 -0.0121656 -0.00199713 0.00487371 -0.0121656 0.0728678 
0.0143626 -0.023968 0.0017896 -0.00204828 -0.023968 0.105122 -0.00204321 0.00494915 0.0017896 -0.00204321 0.00534093 -0.0122387 -0.00204828 0.00494915 -0.0122387 0.0729504 
0.01438 -0.0239635 0.00178515 -0.00207599 -0.0239635 0.10515 -0.00206297 0.00500337 0.00178515 -0.00206297 0.00532819 -0.0122985 -0.00207599 0.00500337 -0.0122985 0.0731429 
0.0143719 -0.0239503 0.00181771 -0.00212247 -0.0239503 0.105061 -0.00211109 0.00516256 0.00181771 -0.00211109 0.00534913 -0.0123087 -0.00212247 0.00516256 -0.0123087 0.0732519 
0.0144233 -0.0239801 0.00180243 -0.00214513 -0.0239801 0.105174 -0.00213698 0.00524053 0.00180243 -0.00213698 0.0053238 -0.0123419 -0.00214513 0.00524053 -0.0123419 0.0733899 
0.0144816 -0.0240133 0.00176208 -0.00212277 -0.0240133 0.105196 -0.00212234 0.00524148 0.00176208 -0.00212234 0.00526921 -0.0123045 -0.00212277 0.00524148 -0.0123045 0.073342 
0.014484 -0.0241045 0.00176176 -0.00206038 -0.0241045 0.105398 -0.00206934 0.00513586 0.00176176 -0.00206934 0.00529235 -0.0122409 -0.00206038 0.00513586 -0.0122409 0.0732391 
0.0144745 -0.0240954 0.0017381 -0.00202195 -0.0240954 0.10543 -0.00203269 0.00498116 0.0017381 -0.00203269 0.00529172 -0.0122393 -0.00202195 0.00498116 -0.0122393 0.0731039 
0.0144263 -0.0240939 0.0017805 -0.00201218 -0.0240939 0.105458 -0.00202144 0.00493262 0.0017805 -0.00202144 0.00534624 -0.0122623 -0.00201218 0.00493262 -0.0122623 0.0731556 
0.0143952 -0.0240437 0.00178014 -0.00202581 -0.0240437 0.105402 -0.00202693 0.00487776 0.00178014 -0.00202693 0.00534628 -0.0123099 -0.00202581 0.00487776 -0.0123099 0.0732207 
0.0143895 -0.0240169 0.00179145 -0.00204806 -0.0240169 0.105374 -0.00204591 0.00492115 0.00179145 -0.00204591 0.00533068 -0.0123281 -0.00204806 0.00492115 -0.0123281 0.0733461 
0.0143571 -0.0239786 0.00185234 -0.00208999 -0.0239786 0.105237 -0.00208744 0.0050358 0.00185234 -0.00208744 0.00534155 -0.012305 -0.00208999 0.0050358 -0.012305 0.0733268 
0.0143426 -0.0239185 0.00187424 -0.00215603 -0.0239185 0.105028 -0.00214884 0.00516822 0.00187424 -0.00214884 0.0053196 -0.0122844 -0.00215603 0.00516822 -0.0122844 0.0731914 
0.0143289 -0.0239209 0.00187503 -0.00218631 -0.0239209 0.104996 -0.00217457 0.00527392 0.00187503 -0.00217457 0.00531281 -0.0122501 -0.00218631 0.00527392 -0.0122501 0.0730968 
0.0143065 -0.0239213 0.00190906 -0.00219177 -0.0239213 0.105037 -0.00218418 0.00533116 0.00190906 -0.00218418 0.00533811 -0.0122408 -0.00219177 0.00533116 -0.0122408 0.073062 
0.0142947 -0.0238755 0.00184011 -0.0021837 -0.0238755 0.104926 -0.00217574 0.00527788 0.00184011 -0.00217574 0.00530992 -0.0122249 -0.0021837 0.00527788 -0.0122249 0.072915 
0.0142812 -0.0238711 0.00184161 -0.00216015 -0.0238711 0.104921 -0.00216034 0.00530906 0.00184161 -0.00216034 0.00534613 -0.0122307 -0.00216015 0.00530906 -0.0122307 0.0729742 
0.0142343 -0.0238195 0.0018379 -0.00212039 -0.0238195 0.104739 -0.00212721 0.00520712 0.0018379 -0.00212721 0.00534141 -0.0122412 -0.00212039 0.00520712 -0.0122412 0.0728974 
0.0141959 -0.0237981 0.00185414 -0.00212709 -0.0237981 0.104733 -0.0021336 0.00518776 0.00185414 -0.0021336 0.00540553 -0.012259 -0.00212709 0.00518776 -0.012259 0.0729957 
0.0141295 -0.0237269 0.00189813 -0.00216055 -0.0237269 0.104561 -0.00216256 0.00524713 0.00189813 -0.00216256 0.00548638 -0.0123318 -0.00216055 0.00524713 -0.0123318 0.0731139 
0.014123 -0.0236516 0.00189045 -0.00218316 -0.0236516 0.104379 -0.0021761 0.00526116 0.00189045 -0.0021761 0.00546777 -0.01242 -0.00218316 0.00526116 -0.01242 0.0732887 
0.0141515 -0.0236228 0.00184433 -0.00218234 -0.0236228 0.104208 -0.00217316 0.0052761 0.00184433 -0.00217316 0.00538539 -0.012398 -0.00218234 0.0052761 -0.012398 0.0733145 
0.0142298 -0.023686 0.00180865 -0.00216098 -0.023686 0.104332 -0.0021613 0.0052982 0.00180865 -0.0021613 0.00529917 -0.0123202 -0.00216098 0.0052982 -0.0123202 0.0732782 
0.0142811 -0.0237646 0.00177084 -0.00208627 -0.0237646 0.104467 -0.00209959 0.00516408 0.00177084 -0.00209959 0.00521564 -0.0121758 -0.00208627 0.00516408 -0.0121758 0.0729323 
0.0143157 -0.023823 0.00168218 -0.00201925 -0.023823 0.104598 -0.00203624 0.00497965 0.00168218 -0.00203624 0.00516514 -0.0120376 -0.00201925 0.00497965 -0.0120376 0.0725002 
0.0143417 -0.0238792 0.00166517 -0.0019338 -0.0238792 0.104776 -0.00195556 0.00481314 0.00166517 -0.00195556 0.00516711 -0.0119837 -0.0019338 0.00481314 -0.0119837 0.0722719 
0.0143591 -0.0239255 0.00168466 -0.00191975 -0.0239255 0.104958 -0.00193838 0.00471837 0.00168466 -0.00193838 0.00520268 -0.0120025 -0.00191975 0.00471837 -0.0120025 0.0722695 
0.0143894 -0.0239417 0.0016837 -0.00193957 -0.0239417 0.105039 -0.00194514 0.00469903 0.0016837 -0.00194514 0.00517944 -0.0120548 -0.00193957 0.00469903 -0.0120548 0.0723662 
0.0143673 -0.0239571 0.00172189 -0.00198009 -0.0239571 0.105031 -0.00197642 0.004801 0.00172189 -0.00197642 0.00520505 -0.0120503 -0.00198009 0.004801 -0.0120503 0.072426 
0.0142975 -0.0239646 0.00176262 -0.00200565 -0.0239646 0.105129 -0.00199592 0.00484979 0.00176262 -0.00199592 0.00527423 -0.0120825 -0.00200565 0.00484979 -0.0120825 0.0725263 
0.0142185 -0.0238551 0.00176054 -0.00205412 -0.0238551 0.104927 -0.00203919 0.00493954 0.00176054 -0.00203919 0.00532683 -0.0121566 -0.00205412 0.00493954 -0.0121566 0.0726414 
0.0141717 -0.023766 0.00174705 -0.00204949 -0.023766 0.10472 -0.00203876 0.00497932 0.00174705 -0.00203876 0.00536541 -0.0122286 -0.00204949 0.00497932 -0.0122286 0.0728437 
0.0141956 -0.0236964 0.00169031 -0.00201745 -0.0236964 0.104505 -0.00201596 0.00493004 0.00169031 -0.00201596 0.00533911 -0.0122724 -0.00201745 0.00493004 -0.0122724 0.0729778 
