0.00356153 0 0.000241817 0 0 0.00999028 0 0 0.000241817 0 0.0117679 0 0 0 0 0.00999028 
0.00510669 -0.00644032 0.000591163 -0.000739652 -0.00644032 0.0215212 -0.000739652 0.00141943 0.000591163 -0.000739652 0.0165231 -0.0204384 -0.000739652 0.00141943 -0.0204384 0.0483616 
0.00582048 -0.012128 0.00063762 -0.00113621 -0.012128 0.0483105 -0.00113621 0.00370494 0.00063762 -0.00113621 0.0159843 -0.0288064 -0.00113621 0.00370494 -0.0288064 0.10107 
0.00586565 -0.0140174 0.000549534 -0.000943409 -0.0140174 0.068288 -0.000957487 0.0038315 0.000549534 -0.000957487 0.0147913 -0.0260666 -0.000943409 0.0038315 -0.0260666 0.110312 
0.00576553 -0.0138706 0.000582441 -0.000839035 -0.0138706 0.0754824 -0.000864577 0.00342885 0.000582441 -0.000864577 0.0148626 -0.0245343 -0.000839035 0.00342885 -0.0245343 0.107818 
0.0057588 -0.0135297 0.000579974 -0.000894761 -0.0135297 0.0770238 -0.000922912 0.00319491 0.000579974 -0.000922912 0.0152337 -0.0246861 -0.000894761 0.00319491 -0.0246861 0.107133 
0.00587351 -0.0133922 0.000564029 -0.000896846 -0.0133922 0.0771227 -0.000916799 0.0030361 0.000564029 -0.000916799 0.0154114 -0.0250689 -0.000896846 0.0030361 -0.0250689 0.107655 
0.005945 -0.0134972 0.000581699 -0.000922865 -0.0134972 0.0773465 -0.000935421 0.00302712 0.000581699 -0.000935421 0.015469 -0.0252667 -0.000922865 0.00302712 -0.0252667 0.108302 
0.00595096 -0.0135717 0.000701901 -0.000957582 -0.0135717 0.0775462 -0.000964398 0.00308329 0.000701901 -0.000964398 0.0154678 -0.0252725 -0.000957582 0.00308329 -0.0252725 0.108416 
0.00600665 -0.0136156 0.000802527 -0.00107257 -0.0136156 0.0777993 -0.00108124 0.00325531 0.000802527 -0.00108124 0.0154905 -0.025299 -0.00107257 0.00325531 -0.025299 0.108536 
0.00604039 -0.0136767 0.000882288 -0.00119577 -0.0136767 0.0779446 -0.00120841 0.00354888 0.000882288 -0.00120841 0.0154984 -0.02531 -0.00119577 0.00354888 -0.02531 0.108551 
0.00598182 -0.01371 0.000882348 -0.00130838 -0.01371 0.0780234 -0.00132077 0.00386842 0.000882348 -0.00132077 0.0154937 -0.0253088 -0.00130838 0.00386842 -0.0253088 0.108531 
0.00587631 -0.0136482 0.000851313 -0.00131568 -0.0136482 0.0779998 -0.00132107 0.00400071 0.000851313 -0.00132107 0.0155038 -0.0253239 -0.00131568 0.00400071 -0.0253239 0.1086 
0.00580397 -0.0135107 0.000836364 -0.00125938 -0.0135107 0.0777561 -0.00125447 0.00390506 0.000836364 -0.00125447 0.0155155 -0.025336 -0.00125938 0.00390506 -0.025336 0.108639 
0.00585926 -0.0134175 0.00085825 -0.00120697 -0.0134175 0.0774943 -0.00119713 0.00371989 0.00085825 -0.00119713 0.0155269 -0.0253526 -0.00120697 0.00371989 -0.0253526 0.108671 
0.00593187 -0.0134766 0.000883842 -0.00122429 -0.0134766 0.0774399 -0.00121766 0.00366884 0.000883842 -0.00121766 0.0155389 -0.0253562 -0.00122429 0.00366884 -0.0253562 0.108655 
0.00597022 -0.013592 0.000873901 -0.00126013 -0.013592 0.0776818 -0.00125621 0.00372781 0.000873901 -0.00125621 0.015573 -0.0253893 -0.00126013 0.00372781 -0.0253893 0.108745 
0.00587017 -0.0136322 0.000900562 -0.00127257 -0.0136322 0.0778252 -0.00126452 0.00380268 0.000900562 -0.00126452 0.0155898 -0.0254161 -0.00127257 0.00380268 -0.0254161 0.108797 
0.00574665 -0.0134998 0.000974093 -0.00130202 -0.0134998 0.0776504 -0.00128972 0.00386012 0.000974093 -0.00128972 0.0155935 -0.0254348 -0.00130202 0.00386012 -0.0254348 0.108837 
0.00571802 -0.0133447 0.00102792 -0.00136525 -0.0133447 0.0773288 -0.00135679 0.00394894 0.00102792 -0.00135679 0.0156015 -0.0254611 -0.00136525 0.00394894 -0.0254611 0.108938 
0.0057228 -0.013295 0.0010143 -0.00142934 -0.013295 0.0771185 -0.00142807 0.00410209 0.0010143 -0.00142807 0.0156184 -0.0254912 -0.00142934 0.00410209 -0.0254912 0.109082 
0.0057344 -0.013283 0.00104917 -0.00141745 -0.013283 0.0769659 -0.00141739 0.00415309 0.00104917 -0.00141739 0.0156095 -0.0254827 -0.00141745 0.00415309 -0.0254827 0.109053 
0.0056664 -0.0132713 0.00112625 -0.00148228 -0.0132713 0.0768383 -0.00148431 0.00429194 0.00112625 -0.00148431 0.0155912 -0.0254596 -0.00148228 0.00429194 -0.0254596 0.108987 
0.00560662 -0.013195 0.0011566 -0.00155837 -0.013195 0.0766876 -0.0015655 0.0044576 0.0011566 -0.0015655 0.0155816 -0.0254337 -0.00155837 0.0044576 -0.0254337 0.108903 
0.00561646 -0.0131154 0.00126337 -0.00159346 -0.0131154 0.0764991 -0.00160253 0.00458741 0.00126337 -0.00160253 0.0155737 -0.0254333 -0.00159346 0.00458741 -0.0254333 0.10889 
0.00564492 -0.0131171 0.00136663 -0.00171754 -0.0131171 0.0764105 -0.00173109 0.00482323 0.00136663 -0.00173109 0.0155597 -0.0254274 -0.00171754 0.00482323 -0.0254274 0.108891 
0.00574889 -0.0131802 0.00138851 -0.00181539 -0.0131802 0.0765431 -0.00183614 0.0050598 0.00138851 -0.00183614 0.0155497 -0.0254154 -0.00181539 0.0050598 -0.0254154 0.108879 
0.00575943 -0.0133051 0.00138123 -0.00186772 -0.0133051 0.0767775 -0.00188866 0.00526884 0.00138123 -0.00188866 0.0155376 -0.0253931 -0.00186772 0.00526884 -0.0253931 0.108827 
0.00569254 -0.0133258 0.00128852 -0.00186745 -0.0133258 0.0769184 -0.00188295 0.00534149 0.00128852 -0.00188295 0.0155332 -0.0253617 -0.00186745 0.00534149 -0.0253617 0.108715 
0.00563035 -0.0132609 0.00121943 -0.00175241 -0.0132609 0.0769238 -0.00175502 0.00515777 0.00121943 -0.00175502 0.0155562 -0.0253773 -0.00175241 0.00515777 -0.0253773 0.108741 
0.00552139 -0.0131629 0.00122044 -0.00167828 -0.0131629 0.0767234 -0.00166846 0.00494522 0.00122044 -0.00166846 0.0155785 -0.0254068 -0.00167828 0.00494522 -0.0254068 0.108813 
0.00542495 -0.0130027 0.00119516 -0.0016715 -0.0130027 0.0763357 -0.00165638 0.0048351 0.00119516 -0.00165638 0.015582 -0.0254227 -0.0016715 0.0048351 -0.0254227 0.108832 
0.00534835 -0.0128428 0.0011827 -0.00165463 -0.0128428 0.0758544 -0.00163869 0.00479675 0.0011827 -0.00163869 0.0155669 -0.0254267 -0.00165463 0.00479675 -0.0254267 0.108841 
0.00532652 -0.0127504 0.00114481 -0.00162162 -0.0127504 0.0755655 -0.00161025 0.00470893 0.00114481 -0.00161025 0.0155773 -0.02544 -0.00162162 0.00470893 -0.02544 0.108941 
0.00536723 -0.0127167 0.00115906 -0.00156158 -0.0127167 0.0753805 -0.0015518 0.0045659 0.00115906 -0.0015518 0.015579 -0.0254369 -0.00156158 0.0045659 -0.0254369 0.108933 
0.00544089 -0.0127627 0.00120829 -0.00157942 -0.0127627 0.0753706 -0.0015766 0.00454159 0.00120829 -0.0015766 0.0155739 -0.0254325 -0.00157942 0.00454159 -0.0254325 0.108908 
0.00554626 -0.0128748 0.0012172 -0.0016296 -0.0128748 0.0755898 -0.0016339 0.00462442 0.0012172 -0.0016339 0.0155723 -0.0254302 -0.0016296 0.00462442 -0.0254302 0.108899 
0.00555499 -0.013011 0.00122527 -0.00168066 -0.013011 0.0759287 -0.00168904 0.00480598 0.00122527 -0.00168904 0.0155808 -0.0254448 -0.00168066 0.00480598 -0.0254448 0.108982 
0.00550077 -0.0130116 0.00123754 -0.00169027 -0.0130116 0.0759847 -0.0016971 0.00488501 0.00123754 -0.0016971 0.0155525 -0.0253975 -0.00169027 0.00488501 -0.0253975 0.108793 
0.0055054 -0.0129868 0.00123425 -0.00168445 -0.0129868 0.0761009 -0.00168842 0.00486767 0.00123425 -0.00168842 0.0155685 -0.0254266 -0.00168445 0.00486767 -0.0254266 0.108913 
0.00553187 -0.0129749 0.00117234 -0.00167897 -0.0129749 0.0760605 -0.00168198 0.00484977 0.00117234 -0.00168198 0.0155689 -0.0254234 -0.00167897 0.00484977 -0.0254234 0.108905 
0.00556497 -0.0129923 0.00121867 -0.00161547 -0.0129923 0.0760158 -0.00161327 0.00475022 0.00121867 -0.00161327 0.0155475 -0.0254002 -0.00161547 0.00475022 -0.0254002 0.108806 
0.0055154 -0.013034 0.00129254 -0.00168034 -0.013034 0.0760801 -0.00168199 0.00481472 0.00129254 -0.00168199 0.0155411 -0.0253867 -0.00168034 0.00481472 -0.0253867 0.108777 
0.00549353 -0.012983 0.00128323 -0.00176124 -0.012983 0.0760602 -0.00176995 0.00498469 0.00128323 -0.00176995 0.0155342 -0.0253788 -0.00176124 0.00498469 -0.0253788 0.108753 
0.0054022 -0.0129362 0.00127206 -0.00175866 -0.0129362 0.0759196 -0.00176694 0.00506933 0.00127206 -0.00176694 0.0155262 -0.0253614 -0.00175866 0.00506933 -0.0253614 0.108693 
0.00535922 -0.0128239 0.00125949 -0.00174244 -0.0128239 0.075717 -0.00174483 0.00504781 0.00125949 -0.00174483 0.0155214 -0.0253661 -0.00174244 0.00504781 -0.0253661 0.108713 
0.00535209 -0.0127539 0.00126449 -0.00171707 -0.0127539 0.0754905 -0.00171839 0.00498053 0.00126449 -0.00171839 0.0155205 -0.0253581 -0.00171707 0.00498053 -0.0253581 0.108701 
0.00534467 -0.0127246 0.00128956 -0.00173442 -0.0127246 0.0753145 -0.00173576 0.00499765 0.00128956 -0.00173576 0.0155212 -0.0253466 -0.00173442 0.00499765 -0.0253466 0.108655 
0.0054014 -0.0127499 0.00122115 -0.001739 -0.0127499 0.0754003 -0.00174122 0.00498599 0.00122115 -0.00174122 0.0155571 -0.025388 -0.001739 0.00498599 -0.025388 0.108794 
0.00549581 -0.0128164 0.00114283 -0.0016562 -0.0128164 0.0754931 -0.00165173 0.00484699 0.00114283 -0.00165173 0.0155538 -0.0253995 -0.0016562 0.00484699 -0.0253995 0.108789 
0.00558893 -0.0129498 0.00107443 -0.00157323 -0.0129498 0.0757847 -0.00156165 0.00464928 0.00107443 -0.00156165 0.0155514 -0.0254105 -0.00157323 0.00464928 -0.0254105 0.108846 
0.00560568 -0.0130839 0.00104318 -0.00149622 -0.0130839 0.0761323 -0.00148438 0.00445215 0.00104318 -0.00148438 0.0155457 -0.025398 -0.00149622 0.00445215 -0.025398 0.108826 
0.00561726 -0.0131424 0.000995217 -0.00144374 -0.0131424 0.0764518 -0.0014351 0.00427887 0.000995217 -0.0014351 0.0155625 -0.0254074 -0.00144374 0.00427887 -0.0254074 0.108869 
0.00564017 -0.0131449 0.000917908 -0.00139016 -0.0131449 0.0765138 -0.00138214 0.00414253 0.000917908 -0.00138214 0.01555 -0.0254006 -0.00139016 0.00414253 -0.0254006 0.108808 
0.00565718 -0.0131707 0.000924495 -0.00132144 -0.0131707 0.0765965 -0.00131077 0.00400867 0.000924495 -0.00131077 0.0155463 -0.0254134 -0.00132144 0.00400867 -0.0254134 0.108884 
0.00560738 -0.0131775 0.000954196 -0.00132414 -0.0131775 0.0765727 -0.00131717 0.00394909 0.000954196 -0.00131717 0.0155288 -0.0253747 -0.00132414 0.00394909 -0.0253747 0.108764 
0.00551665 -0.0131132 0.000981168 -0.00138207 -0.0131132 0.0764985 -0.00138404 0.00407364 0.000981168 -0.00138404 0.0155349 -0.0253777 -0.00138207 0.00407364 -0.0253777 0.108795 
0.00542365 -0.0129717 0.000999188 -0.00142253 -0.0129717 0.0761776 -0.00142713 0.00421169 0.000999188 -0.00142713 0.0155263 -0.0253673 -0.00142253 0.00421169 -0.0253673 0.108754 
0.00536289 -0.012836 0.000946814 -0.00143104 -0.012836 0.0757977 -0.00143482 0.00425878 0.000946814 -0.00143482 0.015509 -0.0253561 -0.00143104 0.00425878 -0.0253561 0.108714 
0.00538096 -0.0127695 0.000932605 -0.00132929 -0.0127695 0.0755725 -0.00132813 0.00405973 0.000932605 -0.00132813 0.0155255 -0.0253494 -0.00132929 0.00405973 -0.0253494 0.108701 
0.00535068 -0.0127609 0.000935793 -0.00133173 -0.0127609 0.0753964 -0.00132849 0.00399317 0.000935793 -0.00132849 0.0155195 -0.0253472 -0.00133173 0.00399317 -0.0253472 0.108641 
0.00535601 -0.0127411 0.000933515 -0.00134277 -0.0127411 0.0753851 -0.00133903 0.00400613 0.000933515 -0.00133903 0.0155275 -0.0253792 -0.00134277 0.00400613 -0.0253792 0.10877 
0.00537875 -0.0127278 0.000985978 -0.00134913 -0.0127278 0.0753049 -0.00134716 0.00403615 0.000985978 -0.00134716 0.0155129 -0.0253668 -0.00134913 0.00403615 -0.0253668 0.108756 
0.00534317 -0.012739 0.000993756 -0.00142095 -0.012739 0.0752397 -0.00142622 0.00417886 0.000993756 -0.00142622 0.0154918 -0.0253291 -0.00142095 0.00417886 -0.0253291 0.108646 
0.00534846 -0.0127119 0.00100948 -0.00141699 -0.0127119 0.0752243 -0.00142398 0.00422679 0.00100948 -0.00142398 0.0154898 -0.0253131 -0.00141699 0.00422679 -0.0253131 0.108591 
0.00533755 -0.0127032 0.00102287 -0.00144551 -0.0127032 0.0751643 -0.00145194 0.00429392 0.00102287 -0.00145194 0.015487 -0.025305 -0.00144551 0.00429392 -0.025305 0.108544 
0.00525042 -0.0126916 0.00107687 -0.00147884 -0.0126916 0.0751557 -0.0014834 0.00439581 0.00107687 -0.0014834 0.0154963 -0.0253206 -0.00147884 0.00439581 -0.0253206 0.108612 
0.00517945 -0.0125589 0.00115026 -0.00152922 -0.0125589 0.0748547 -0.00153372 0.00448909 0.00115026 -0.00153372 0.0154728 -0.0252847 -0.00152922 0.00448909 -0.0252847 0.108459 
0.00516465 -0.0124868 0.00112963 -0.00160158 -0.0124868 0.0747185 -0.0016094 0.00462831 0.00112963 -0.0016094 0.0154953 -0.0253241 -0.00160158 0.00462831 -0.0253241 0.108626 
0.0051853 -0.0124436 0.0011447 -0.00156941 -0.0124436 0.0745156 -0.00157464 0.00462781 0.0011447 -0.00157464 0.0154894 -0.0253137 -0.00156941 0.00462781 -0.0253137 0.108577 
0.0051956 -0.0124718 0.00119101 -0.00158852 -0.0124718 0.0745023 -0.0015917 0.00463833 0.00119101 -0.0015917 0.0155044 -0.0253184 -0.00158852 0.00463833 -0.0253184 0.108597 
0.00513463 -0.0124628 0.00125768 -0.00166784 -0.0124628 0.0744149 -0.00167157 0.00480279 0.00125768 -0.00167157 0.0154974 -0.0253032 -0.00166784 0.00480279 -0.0253032 0.108497 
0.00507938 -0.0124107 0.00132939 -0.00174686 -0.0124107 0.0744145 -0.00175152 0.00499792 0.00132939 -0.00175152 0.0155172 -0.0253525 -0.00174686 0.00499792 -0.0253525 0.108682 
0.00499281 -0.012308 0.00140223 -0.00182802 -0.012308 0.0741358 -0.00183434 0.00519683 0.00140223 -0.00183434 0.0155043 -0.025333 -0.00182802 0.00519683 -0.025333 0.108619 
0.00500361 -0.0122099 0.00139674 -0.00188644 -0.0122099 0.073936 -0.00189585 0.00533235 0.00139674 -0.00189585 0.0155212 -0.0253537 -0.00188644 0.00533235 -0.0253537 0.108703 
0.00504786 -0.0121968 0.0013292 -0.00187095 -0.0121968 0.0737321 -0.0018776 0.00534778 0.0013292 -0.0018776 0.0155171 -0.0253368 -0.00187095 0.00534778 -0.0253368 0.108607 
0.00507899 -0.0122605 0.0012794 -0.00181772 -0.0122605 0.073806 -0.00181535 0.0052837 0.0012794 -0.00181535 0.0155254 -0.0253616 -0.00181772 0.0052837 -0.0253616 0.108688 
0.00513125 -0.0123131 0.00126652 -0.00174924 -0.0123131 0.0739388 -0.0017403 0.0051146 0.00126652 -0.0017403 0.0155088 -0.025361 -0.00174924 0.0051146 -0.025361 0.108692 
0.00514514 -0.0123904 0.00130262 -0.00172821 -0.0123904 0.0741319 -0.00172106 0.00500553 0.00130262 -0.00172106 0.0154916 -0.0253403 -0.00172821 0.00500553 -0.0253403 0.108658 
0.00513416 -0.012424 0.00128696 -0.00178566 -0.012424 0.074323 -0.00178951 0.00509375 0.00128696 -0.00178951 0.0154855 -0.0253372 -0.00178566 0.00509375 -0.0253372 0.108696 
0.00517137 -0.012407 0.00123921 -0.00175274 -0.012407 0.0743277 -0.0017604 0.00508135 0.00123921 -0.0017604 0.0154606 -0.0252977 -0.00175274 0.00508135 -0.0252977 0.108564 
0.00522406 -0.0124517 0.0011278 -0.00169756 -0.0124517 0.0743902 -0.0017034 0.00498084 0.0011278 -0.0017034 0.0154547 -0.0252718 -0.00169756 0.00498084 -0.0252718 0.108479 
0.00529286 -0.0125424 0.00110096 -0.00156949 -0.0125424 0.0746361 -0.00156585 0.00473635 0.00110096 -0.00156585 0.0154723 -0.0252891 -0.00156949 0.00473635 -0.0252891 0.108542 
0.00527645 -0.0126251 0.00110729 -0.00155442 -0.0126251 0.074844 -0.00154651 0.00461326 0.00110729 -0.00154651 0.0154689 -0.0252921 -0.00155442 0.00461326 -0.0252921 0.108537 
0.00521153 -0.0126098 0.00105309 -0.00156671 -0.0126098 0.0749078 -0.00156211 0.0046106 0.00105309 -0.00156211 0.0154606 -0.0252807 -0.00156671 0.0046106 -0.0252807 0.108501 
0.00520716 -0.0125378 0.000978173 -0.00147529 -0.0125378 0.0748396 -0.00146766 0.00443864 0.000978173 -0.00146766 0.0154645 -0.0252831 -0.00147529 0.00443864 -0.0252831 0.108505 
0.00518682 -0.0124984 0.000973418 -0.0014065 -0.0124984 0.0746629 -0.00139417 0.00427302 0.000973418 -0.00139417 0.0154678 -0.0252744 -0.0014065 0.00427302 -0.0252744 0.108466 
0.0052606 -0.0124892 0.000960481 -0.00136485 -0.0124892 0.0746219 -0.00135263 0.00409459 0.000960481 -0.00135263 0.0154699 -0.0252931 -0.00136485 0.00409459 -0.0252931 0.108504 
0.00530134 -0.0125785 0.000951136 -0.00137346 -0.0125785 0.0747472 -0.00136739 0.00408743 0.000951136 -0.00136739 0.0154656 -0.0253054 -0.00137346 0.00408743 -0.0253054 0.108572 
0.00529021 -0.0126218 0.000950591 -0.00139181 -0.0126218 0.0748364 -0.00138901 0.00416091 0.000950591 -0.00138901 0.0154352 -0.0252693 -0.00139181 0.00416091 -0.0252693 0.108482 
0.00520434 -0.0125965 0.000951371 -0.00140843 -0.0125965 0.0747957 -0.00141041 0.00424294 0.000951371 -0.00141041 0.0154061 -0.025216 -0.00140843 0.00424294 -0.025216 0.108325 
0.00519606 -0.0125165 0.000901802 -0.00137115 -0.0125165 0.0747602 -0.00137406 0.00417172 0.000901802 -0.00137406 0.0154119 -0.0252286 -0.00137115 0.00417172 -0.0252286 0.108385 
0.00517572 -0.0124718 0.000844882 -0.00132026 -0.0124718 0.0745732 -0.00131937 0.00406727 0.000844882 -0.00131937 0.0153958 -0.0252076 -0.00132026 0.00406727 -0.0252076 0.108315 
0.00515642 -0.0124382 0.000842503 -0.00125526 -0.0124382 0.0744437 -0.00124977 0.00391857 0.000842503 -0.00124977 0.0153863 -0.0251904 -0.00125526 0.00391857 -0.0251904 0.108266 
0.0051243 -0.0124048 0.000830354 -0.00125392 -0.0124048 0.0743325 -0.00124916 0.00385559 0.000830354 -0.00124916 0.0153886 -0.0251778 -0.00125392 0.00385559 -0.0251778 0.10823 
0.00510695 -0.012345 0.000913011 -0.00124917 -0.012345 0.0741358 -0.00124472 0.00385012 0.000913011 -0.00124472 0.0153729 -0.0251608 -0.00124917 0.00385012 -0.0251608 0.108135 
0.00507144 -0.0123216 0.00103372 -0.00134484 -0.0123216 0.0740509 -0.00134868 0.00400013 0.00103372 -0.00134868 0.0153825 -0.0251671 -0.00134484 0.00400013 -0.0251671 0.108177 
0.00504977 -0.0122643 0.00106598 -0.00148401 -0.0122643 0.0738766 -0.00150032 0.00430319 0.00106598 -0.00150032 0.0153595 -0.0251502 -0.00148401 0.00430319 -0.0251502 0.108094 
0.00499654 -0.0122394 0.00106953 -0.00153555 -0.0122394 0.0738109 -0.00155383 0.0045378 0.00106953 -0.00155383 0.0153656 -0.0251518 -0.00153555 0.0045378 -0.0251518 0.108143 
0.00491729 -0.0121507 0.00110951 -0.00155982 -0.0121507 0.0735975 -0.00157165 0.00466955 0.00110951 -0.00157165 0.0153595 -0.0251369 -0.00155982 0.00466955 -0.0251369 0.108092 
0.00489421 -0.0120347 0.00108869 -0.00158152 -0.0120347 0.073298 -0.0015881 0.00470131 0.00108869 -0.0015881 0.0153436 -0.0251265 -0.00158152 0.00470131 -0.0251265 0.108039 
0.00486273 -0.0120015 0.00111536 -0.00154242 -0.0120015 0.0731528 -0.00154442 0.00463394 0.00111536 -0.00154442 0.0153603 -0.0251381 -0.00154242 0.00463394 -0.0251381 0.108108 
0.00485512 -0.0119453 0.00111504 -0.00156573 -0.0119453 0.0729505 -0.00156792 0.004619 0.00111504 -0.00156792 0.0153476 -0.025126 -0.00156573 0.004619 -0.025126 0.108029 
0.00493044 -0.0119621 0.00105123 -0.00153089 -0.0119621 0.0730008 -0.00153414 0.00452981 0.00105123 -0.00153414 0.0153691 -0.025163 -0.00153089 0.00452981 -0.025163 0.108176 
0.0049795 -0.0120399 0.00100218 -0.00149349 -0.0120399 0.0730721 -0.00149298 0.00447753 0.00100218 -0.00149298 0.0153554 -0.0251486 -0.00149349 0.00447753 -0.0251486 0.108128 
0.00501936 -0.0121181 0.000992368 -0.0014358 -0.0121181 0.0732628 -0.00143113 0.00435654 0.000992368 -0.00143113 0.0153678 -0.0251321 -0.0014358 0.00435654 -0.0251321 0.108078 
0.00496566 -0.0121805 0.00107002 -0.00144917 -0.0121805 0.0734641 -0.00144154 0.00435246 0.00107002 -0.00144154 0.0154014 -0.0251537 -0.00144917 0.00435246 -0.0251537 0.108118 
0.00491587 -0.0121034 0.00111481 -0.00154472 -0.0121034 0.0733702 -0.0015396 0.00451579 0.00111481 -0.0015396 0.0153808 -0.0251673 -0.00154472 0.00451579 -0.0251673 0.108087 
0.00493491 -0.0120427 0.00112222 -0.00157722 -0.0120427 0.0732544 -0.00157732 0.0046246 0.00112222 -0.00157732 0.0153619 -0.0251752 -0.00157722 0.0046246 -0.0251752 0.108162 
0.00491023 -0.0120516 0.00110932 -0.00158657 -0.0120516 0.0731793 -0.00159057 0.00467926 0.00110932 -0.00159057 0.0153534 -0.0251401 -0.00158657 0.00467926 -0.0251401 0.108105 
0.00488632 -0.0120298 0.00110298 -0.00158764 -0.0120298 0.0731784 -0.00159263 0.00472285 0.00110298 -0.00159263 0.0153443 -0.0251489 -0.00158764 0.00472285 -0.0251489 0.10815 
0.00489806 -0.0119857 0.00109801 -0.00156185 -0.0119857 0.0730635 -0.00156507 0.00466791 0.00109801 -0.00156507 0.0153234 -0.0251151 -0.00156185 0.00466791 -0.0251151 0.108059 
0.00493639 -0.0119937 0.001051 -0.00155835 -0.0119937 0.0730261 -0.00156285 0.00464401 0.001051 -0.00156285 0.0152914 -0.0250967 -0.00155835 0.00464401 -0.0250967 0.10801 
0.00499969 -0.0120494 0.00098904 -0.00149268 -0.0120494 0.0731147 -0.00149657 0.00452423 0.00098904 -0.00149657 0.0152658 -0.0250572 -0.00149268 0.00452423 -0.0250572 0.107927 
0.00504304 -0.0121327 0.000984048 -0.00142777 -0.0121327 0.0732885 -0.00142899 0.00437615 0.000984048 -0.00142899 0.0152566 -0.025014 -0.00142777 0.00437615 -0.025014 0.1078 
0.00505189 -0.0122026 0.000991671 -0.00141777 -0.0122026 0.0734966 -0.00141866 0.00429522 0.000991671 -0.00141866 0.015263 -0.0250007 -0.00141777 0.00429522 -0.0250007 0.10772 
0.00500932 -0.0122198 0.000994897 -0.00144507 -0.0122198 0.0736149 -0.00144665 0.00433907 0.000994897 -0.00144665 0.0152738 -0.0250059 -0.00144507 0.00433907 -0.0250059 0.107701 
0.00496055 -0.0121733 0.00098253 -0.0014467 -0.0121733 0.0736142 -0.00144508 0.00435977 0.00098253 -0.00144508 0.0152859 -0.0250356 -0.0014467 0.00435977 -0.0250356 0.107782 
0.00492966 -0.0120955 0.00094971 -0.00141469 -0.0120955 0.0734424 -0.0014098 0.00428861 0.00094971 -0.0014098 0.0152828 -0.0250429 -0.00141469 0.00428861 -0.0250429 0.107798 
0.00492037 -0.0120549 0.000937075 -0.00135621 -0.0120549 0.0733233 -0.0013488 0.00413641 0.000937075 -0.0013488 0.0153025 -0.0250607 -0.00135621 0.00413641 -0.0250607 0.107876 
0.00488808 -0.0120051 0.000935216 -0.00138358 -0.0120051 0.0730889 -0.0013768 0.00417212 0.000935216 -0.0013768 0.0152747 -0.0250408 -0.00138358 0.00417212 -0.0250408 0.10778 
0.00492821 -0.0119901 0.000881051 -0.00135275 -0.0119901 0.0730906 -0.00134818 0.00411222 0.000881051 -0.00134818 0.0152871 -0.0250689 -0.00135275 0.00411222 -0.0250689 0.107932 
0.00497402 -0.012006 0.000813805 -0.00129821 -0.012006 0.0729768 -0.00129315 0.00401485 0.000813805 -0.00129315 0.0152486 -0.0250185 -0.00129821 0.00401485 -0.0250185 0.107751 
0.00499507 -0.0120902 0.000790814 -0.00123183 -0.0120902 0.0731769 -0.00122209 0.00388026 0.000790814 -0.00122209 0.0152651 -0.0250216 -0.00123183 0.00388026 -0.0250216 0.107815 
0.0050657 -0.0121289 0.000826442 -0.00116537 -0.0121289 0.073321 -0.0011551 0.00367054 0.000826442 -0.0011551 0.0152715 -0.0250187 -0.00116537 0.00367054 -0.0250187 0.107768 
0.0050937 -0.0122318 0.000862425 -0.00122559 -0.0122318 0.0735681 -0.00122269 0.00371517 0.000862425 -0.00122269 0.0152849 -0.025041 -0.00122559 0.00371517 -0.025041 0.107832 
0.00507589 -0.0122691 0.00088665 -0.00129593 -0.0122691 0.0736928 -0.00130108 0.00390697 0.00088665 -0.00130108 0.0152591 -0.0250231 -0.00129593 0.00390697 -0.0250231 0.10775 
0.00504822 -0.0122662 0.000908211 -0.00132066 -0.0122662 0.0738147 -0.0013279 0.00401997 0.000908211 -0.0013279 0.0152755 -0.0250265 -0.00132066 0.00401997 -0.0250265 0.10781 
0.00501376 -0.0122127 0.000903198 -0.00133241 -0.0122127 0.0736937 -0.00133907 0.00405647 0.000903198 -0.00133907 0.0152659 -0.0250095 -0.00133241 0.00405647 -0.0250095 0.107705 
0.00501892 -0.0121655 0.000902638 -0.0013252 -0.0121655 0.0735731 -0.00132729 0.0040496 0.000902638 -0.00132729 0.015251 -0.0250143 -0.0013252 0.0040496 -0.0250143 0.107707 
0.00495662 -0.0121524 0.000923774 -0.00135505 -0.0121524 0.0734612 -0.00135629 0.00412619 0.000923774 -0.00135629 0.0152294 -0.0249888 -0.00135505 0.00412619 -0.0249888 0.107662 
0.00489205 -0.012096 0.000916297 -0.001344 -0.012096 0.0734346 -0.00134765 0.00409672 0.000916297 -0.00134765 0.0152707 -0.0250025 -0.001344 0.00409672 -0.0250025 0.107758 
0.00487186 -0.0119915 0.000883978 -0.00132632 -0.0119915 0.0732014 -0.00132785 0.00404656 0.000883978 -0.00132785 0.0152963 -0.0250338 -0.00132632 0.00404656 -0.0250338 0.107798 
0.00491081 -0.0119416 0.000815644 -0.00127998 -0.0119416 0.0729558 -0.0012748 0.00393516 0.000815644 -0.0012748 0.0152801 -0.0250528 -0.00127998 0.00393516 -0.0250528 0.107807 
0.0049359 -0.0119909 0.000785353 -0.00121584 -0.0119909 0.0729526 -0.00120485 0.00380371 0.000785353 -0.00120485 0.0152751 -0.0250496 -0.00121584 0.00380371 -0.0250496 0.107853 
0.00491675 -0.012024 0.00078556 -0.00118568 -0.012024 0.0729984 -0.00117368 0.00370305 0.00078556 -0.00117368 0.0152693 -0.0250235 -0.00118568 0.00370305 -0.0250235 0.107776 
0.00496039 -0.0120191 0.000755006 -0.00116237 -0.0120191 0.0730683 -0.00115463 0.00360866 0.000755006 -0.00115463 0.0152781 -0.0250378 -0.00116237 0.00360866 -0.0250378 0.107811 
0.00501146 -0.0120705 0.000769607 -0.00114206 -0.0120705 0.0731597 -0.00113623 0.00357117 0.000769607 -0.00113623 0.0152805 -0.0250477 -0.00114206 0.00357117 -0.0250477 0.107853 
0.00506128 -0.0121396 0.000768998 -0.00114764 -0.0121396 0.0732829 -0.00114618 0.00355153 0.000768998 -0.00114618 0.0152732 -0.0250275 -0.00114764 0.00355153 -0.0250275 0.10777 
0.00511327 -0.0122342 0.00081066 -0.0011549 -0.0122342 0.0735691 -0.00115657 0.00357555 0.00081066 -0.00115657 0.0152761 -0.0250481 -0.0011549 0.00357555 -0.0250481 0.107846 
0.00515655 -0.0123116 0.000825241 -0.00119255 -0.0123116 0.0738018 -0.00120062 0.00363639 0.000825241 -0.00120062 0.015275 -0.0250306 -0.00119255 0.00363639 -0.0250306 0.107799 
0.00516517 -0.0123823 0.000891569 -0.00123771 -0.0123823 0.0740501 -0.00124852 0.00377581 0.000891569 -0.00124852 0.0152966 -0.0250404 -0.00123771 0.00377581 -0.0250404 0.107832 
0.00513313 -0.0124098 0.000912616 -0.00130362 -0.0124098 0.0742215 -0.00131534 0.00391779 0.000912616 -0.00131534 0.0153363 -0.0250698 -0.00130362 0.00391779 -0.0250698 0.107897 
0.00510491 -0.0123611 0.000832724 -0.00133365 -0.0123611 0.074161 -0.00133981 0.00402438 0.000832724 -0.00133981 0.0153395 -0.0250951 -0.00133365 0.00402438 -0.0250951 0.107901 
0.00506902 -0.0123208 0.000779634 -0.00125199 -0.0123208 0.0740716 -0.00124296 0.00393062 0.000779634 -0.00124296 0.0153521 -0.0251208 -0.00125199 0.00393062 -0.0251208 0.107995 
0.00503279 -0.0122634 0.000779536 -0.0011768 -0.0122634 0.0739175 -0.00115674 0.00372244 0.000779536 -0.00115674 0.0153564 -0.0251327 -0.0011768 0.00372244 -0.0251327 0.108033 
0.00504059 -0.0122097 0.000792488 -0.00116962 -0.0122097 0.0737611 -0.00115149 0.00361959 0.000792488 -0.00115149 0.0153609 -0.0251441 -0.00116962 0.00361959 -0.0251441 0.108078 
0.00504787 -0.0122021 0.000844997 -0.00119537 -0.0122021 0.0736371 -0.00118623 0.00365628 0.000844997 -0.00118623 0.0153465 -0.0251354 -0.00119537 0.00365628 -0.0251354 0.108053 
0.00500004 -0.0122034 0.000958618 -0.00129075 -0.0122034 0.0735835 -0.00129212 0.00388172 0.000958618 -0.00129212 0.0153246 -0.0251177 -0.00129075 0.00388172 -0.0251177 0.10803 
0.00498257 -0.0121541 0.000987838 -0.00139902 -0.0121541 0.0735261 -0.00141387 0.00412865 0.000987838 -0.00141387 0.0153151 -0.0250961 -0.00139902 0.00412865 -0.0250961 0.107997 
