0.00412316 0 -0.00218966 0 0 0.00999637 0 0 -0.00218966 0 0.00947464 0 0 0 0 0.00999637 
0.00605155 -0.00754667 -0.00320801 0.00395625 -0.00754667 0.0236287 0.00395625 -0.00758656 -0.00320801 0.00395625 0.0131666 -0.0162975 0.00395625 -0.00758656 -0.0162975 0.0404101 
0.00631212 -0.0122924 -0.00301051 0.0052194 -0.0122924 0.0484382 0.0052194 -0.0166826 -0.00301051 0.0052194 0.0128492 -0.023301 0.0052194 -0.0166826 -0.023301 0.0834536 
0.00605376 -0.0132593 -0.00264663 0.0040969 -0.0132593 0.0635739 0.00409401 -0.0153067 -0.00264663 0.00409401 0.0120673 -0.0218023 0.0040969 -0.0153067 -0.0218023 0.0942721 
0.00596898 -0.0133353 -0.00261655 0.00348741 -0.0133353 0.071274 0.00348081 -0.0121123 -0.00261655 0.00348081 0.0122179 -0.0209417 0.00348741 -0.0121123 -0.0209417 0.095225 
0.00596251 -0.0132608 -0.00271589 0.00349883 -0.0132608 0.0744906 0.00349127 -0.0106967 -0.00271589 0.00349127 0.0125684 -0.0211568 0.00349883 -0.0106967 -0.0211568 0.0962094 
0.00596728 -0.0131069 -0.00276472 0.00365042 -0.0131069 0.0752346 0.00363914 -0.0104396 -0.00276472 0.00363914 0.0127576 -0.0215247 0.00365042 -0.0104396 -0.0215247 0.097386 
0.00598842 -0.0129785 -0.00274008 0.00371438 -0.0129785 0.0750571 0.00369856 -0.0104727 -0.00274008 0.00369856 0.0128233 -0.0217109 0.00371438 -0.0104727 -0.0217109 0.098152 
0.00604443 -0.012977 -0.00275959 0.00371076 -0.012977 0.0749209 0.00369337 -0.0105171 -0.00275959 0.00369337 0.0128221 -0.0217504 0.00371076 -0.0105171 -0.0217504 0.0984479 
0.00610798 -0.0130328 -0.0027848 0.00372413 -0.0130328 0.0748868 0.00371532 -0.0105455 -0.0027848 0.00371532 0.0127803 -0.021704 0.00372413 -0.0105455 -0.021704 0.0983502 
0.00615409 -0.0131699 -0.00285065 0.0037718 -0.0131699 0.0752164 0.0037798 -0.0106846 -0.00285065 0.0037798 0.0127773 -0.0216558 0.0037718 -0.0106846 -0.0216558 0.0982611 
0.00614004 -0.0132553 -0.0028853 0.00385359 -0.0132553 0.0755143 0.0038721 -0.0108909 -0.0028853 0.0038721 0.0127976 -0.021619 0.00385359 -0.0108909 -0.021619 0.0980916 
0.00613141 -0.0132525 -0.00289956 0.00389809 -0.0132525 0.0756732 0.00390946 -0.0110423 -0.00289956 0.00390946 0.012819 -0.0216686 0.00389809 -0.0110423 -0.0216686 0.0981552 
0.00611249 -0.0132049 -0.00290332 0.003893 -0.0132049 0.0755636 0.00389168 -0.0110401 -0.00290332 0.00389168 0.0128296 -0.0217071 0.003893 -0.0110401 -0.0217071 0.0982284 
0.00609661 -0.0131919 -0.00289512 0.00389508 -0.0131919 0.0755586 0.00388963 -0.0110249 -0.00289512 0.00388963 0.0128644 -0.0217665 0.00389508 -0.0110249 -0.0217665 0.0984597 
0.00610923 -0.0131788 -0.00285395 0.00388536 -0.0131788 0.0755572 0.00387914 -0.0110012 -0.00285395 0.00387914 0.0128769 -0.0218147 0.00388536 -0.0110012 -0.0218147 0.0986431 
0.0060869 -0.0131852 -0.00283883 0.00383354 -0.0131852 0.0755011 0.00382622 -0.0109066 -0.00283883 0.00382622 0.0128965 -0.0217924 0.00383354 -0.0109066 -0.0217924 0.098585 
0.00611056 -0.013213 -0.00286117 0.00384676 -0.013213 0.0756537 0.0038363 -0.0109169 -0.00286117 0.0038363 0.0128856 -0.0218186 0.00384676 -0.0109169 -0.0218186 0.0986519 
0.00610071 -0.0132322 -0.0028584 0.00387249 -0.0132322 0.0756851 0.00386509 -0.0109691 -0.0028584 0.00386509 0.0128624 -0.021773 0.00387249 -0.0109691 -0.021773 0.0985335 
0.00608977 -0.0132196 -0.00288881 0.00387052 -0.0132196 0.0756943 0.00386405 -0.0109927 -0.00288881 0.00386405 0.0128542 -0.0217569 0.00387052 -0.0109927 -0.0217569 0.0984845 
0.00606103 -0.0131827 -0.00291969 0.00389062 -0.0131827 0.0756142 0.00388606 -0.0110084 -0.00291969 0.00388606 0.0128866 -0.021769 0.00389062 -0.0110084 -0.021769 0.0985178 
0.0060715 -0.0131099 -0.00296397 0.00390458 -0.0131099 0.0754056 0.00389991 -0.0110131 -0.00296397 0.00389991 0.0129013 -0.0218285 0.00390458 -0.0110131 -0.0218285 0.0986387 
0.00608235 -0.0131441 -0.00301671 0.00398548 -0.0131441 0.0753692 0.00398806 -0.0111881 -0.00301671 0.00398806 0.0128828 -0.021812 0.00398548 -0.0111881 -0.021812 0.0986112 
0.00614289 -0.0131897 -0.00307376 0.00406404 -0.0131897 0.075512 0.00407415 -0.0114177 -0.00307376 0.00407415 0.012819 -0.0217989 0.00406404 -0.0114177 -0.0217989 0.0986155 
0.00618419 -0.0132737 -0.00314375 0.00413386 -0.0132737 0.0757184 0.00415555 -0.0116334 -0.00314375 0.00415555 0.0127559 -0.021712 0.00413386 -0.0116334 -0.021712 0.098478 
0.00620594 -0.0133082 -0.00316407 0.00420944 -0.0133082 0.0757961 0.00424184 -0.0118363 -0.00316407 0.00424184 0.0126946 -0.0215943 0.00420944 -0.0118363 -0.0215943 0.0981261 
0.00624768 -0.0133478 -0.00317532 0.00425171 -0.0133478 0.0759341 0.00428405 -0.0120102 -0.00317532 0.00428405 0.0126382 -0.0215263 0.00425171 -0.0120102 -0.0215263 0.0979162 
0.00626486 -0.0133894 -0.00317479 0.00425964 -0.0133894 0.0760722 0.00428553 -0.0120666 -0.00317479 0.00428553 0.012629 -0.0214875 0.00425964 -0.0120666 -0.0214875 0.0978497 
0.00621666 -0.0133918 -0.00316083 0.00425483 -0.0133918 0.0760745 0.00427337 -0.0120593 -0.00316083 0.00427337 0.012667 -0.021449 0.00425483 -0.0120593 -0.021449 0.0976951 
0.00616564 -0.0132946 -0.00312343 0.00421506 -0.0132946 0.0758893 0.00421309 -0.0119351 -0.00312343 0.00421309 0.0127305 -0.021545 0.00421506 -0.0119351 -0.021545 0.0978554 
0.00615599 -0.01325 -0.00311825 0.00421642 -0.01325 0.0756867 0.00419605 -0.0119162 -0.00311825 0.00419605 0.0126933 -0.0215489 0.00421642 -0.0119162 -0.0215489 0.0978025 
0.00618644 -0.0132143 -0.00309589 0.00418501 -0.0132143 0.0755813 0.00416002 -0.0118206 -0.00309589 0.00416002 0.0126685 -0.0215871 0.00418501 -0.0118206 -0.0215871 0.0980005 
0.00619691 -0.0132485 -0.00307492 0.00415503 -0.0132485 0.0755789 0.00414105 -0.011747 -0.00307492 0.00414105 0.0126509 -0.0215392 0.00415503 -0.011747 -0.0215392 0.0979692 
0.00618839 -0.0132473 -0.00308474 0.00410153 -0.0132473 0.0755901 0.00409692 -0.0116123 -0.00308474 0.00409692 0.0126704 -0.0215457 0.00410153 -0.0116123 -0.0215457 0.0980045 
0.00617257 -0.0132109 -0.00311201 0.00409172 -0.0132109 0.0754619 0.00409213 -0.0115194 -0.00311201 0.00409213 0.0126901 -0.0215579 0.00409172 -0.0115194 -0.0215579 0.0979832 
0.00618947 -0.0132302 -0.0031862 0.0041491 -0.0132302 0.075542 0.00415669 -0.011621 -0.0031862 0.00415669 0.0127168 -0.021599 0.0041491 -0.011621 -0.021599 0.0981198 
0.00624493 -0.0132421 -0.00317254 0.00422999 -0.0132421 0.0755491 0.00424541 -0.011794 -0.00317254 0.00424541 0.0126799 -0.0216201 0.00422999 -0.011794 -0.0216201 0.0981619 
0.00626252 -0.0133352 -0.00317932 0.00422509 -0.0133352 0.075741 0.00424617 -0.0118902 -0.00317932 0.00424617 0.0126766 -0.0215754 0.00422509 -0.0118902 -0.0215754 0.0981269 
0.00627282 -0.0133999 -0.00318841 0.00424665 -0.0133999 0.0759991 0.00426861 -0.0119645 -0.00318841 0.00426861 0.0126648 -0.02154 0.00424665 -0.0119645 -0.02154 0.0980082 
0.00628063 -0.0134489 -0.00322892 0.00429471 -0.0134489 0.0761985 0.00431046 -0.0121061 -0.00322892 0.00431046 0.0126161 -0.0214631 0.00429471 -0.0121061 -0.0214631 0.0977449 
0.00625668 -0.0134149 -0.00324257 0.00431974 -0.0134149 0.07615 0.00432972 -0.0121611 -0.00324257 0.00432972 0.0126117 -0.0214287 0.00431974 -0.0121611 -0.0214287 0.0975987 
0.00620812 -0.0133387 -0.00325037 0.00431241 -0.0133387 0.0759647 0.00431538 -0.0121313 -0.00325037 0.00431538 0.0126634 -0.0214788 0.00431241 -0.0121313 -0.0214788 0.0977039 
0.00621303 -0.0133127 -0.00328603 0.00435641 -0.0133127 0.0759202 0.00435231 -0.0122223 -0.00328603 0.00435231 0.0126876 -0.02154 0.00435641 -0.0122223 -0.02154 0.0978878 
0.00621959 -0.0133034 -0.00334452 0.0044007 -0.0133034 0.0758269 0.00439542 -0.0123313 -0.00334452 0.00439542 0.0126865 -0.0215454 0.0044007 -0.0123313 -0.0215454 0.0979098 
0.00622103 -0.013322 -0.00337955 0.0044832 -0.013322 0.0758208 0.00448225 -0.0125252 -0.00337955 0.00448225 0.0126709 -0.0215237 0.0044832 -0.0125252 -0.0215237 0.0978429 
0.0062062 -0.013304 -0.00338637 0.0045097 -0.013304 0.0757638 0.00451158 -0.0126326 -0.00338637 0.00451158 0.0126741 -0.0215261 0.0045097 -0.0126326 -0.0215261 0.0978359 
0.00621843 -0.01331 -0.00339961 0.00453131 -0.01331 0.0758329 0.00453044 -0.0127155 -0.00339961 0.00453044 0.0126669 -0.021558 0.00453131 -0.0127155 -0.021558 0.0979734 
0.00626697 -0.0133356 -0.00342047 0.00456237 -0.0133356 0.075893 0.00456154 -0.0128107 -0.00342047 0.00456154 0.012594 -0.021511 0.00456237 -0.0128107 -0.021511 0.0978973 
0.00631058 -0.013358 -0.00339407 0.00456626 -0.013358 0.0758572 0.00457385 -0.0128365 -0.00339407 0.00457385 0.0125158 -0.0214041 0.00456626 -0.0128365 -0.0214041 0.0976242 
0.00632987 -0.0134133 -0.00335647 0.00452673 -0.0134133 0.0759856 0.00454051 -0.0127867 -0.00335647 0.00454051 0.0125028 -0.0213468 0.00452673 -0.0127867 -0.0213468 0.09751 
0.0063064 -0.013392 -0.00335663 0.00444264 -0.013392 0.0759213 0.00445266 -0.012575 -0.00335663 0.00445266 0.0125414 -0.0213419 0.00444264 -0.012575 -0.0213419 0.0974298 
0.00632494 -0.013406 -0.0034028 0.00447271 -0.013406 0.0759753 0.00447692 -0.0125579 -0.0034028 0.00447692 0.0125314 -0.0213623 0.00447271 -0.0125579 -0.0213623 0.0974233 
0.00632328 -0.0134394 -0.00343508 0.00453998 -0.0134394 0.0760528 0.00454515 -0.0126832 -0.00343508 0.00454515 0.0125204 -0.0213423 0.00453998 -0.0126832 -0.0213423 0.0973841 
0.0063232 -0.0134163 -0.00346658 0.00456278 -0.0134163 0.0760446 0.00456978 -0.012757 -0.00346658 0.00456978 0.0125086 -0.0213664 0.00456278 -0.012757 -0.0213664 0.0974585 
0.00631527 -0.0134085 -0.00347348 0.00459709 -0.0134085 0.0760267 0.00460752 -0.0128375 -0.00347348 0.00460752 0.0125199 -0.0213642 0.00459709 -0.0128375 -0.0213642 0.0975153 
0.00626463 -0.0133918 -0.00347248 0.00460457 -0.0133918 0.0759941 0.0046153 -0.0128837 -0.00347248 0.0046153 0.0125816 -0.0213854 0.00460457 -0.0128837 -0.0213854 0.0975839 
0.00623079 -0.0133174 -0.00346812 0.00460631 -0.0133174 0.0758161 0.00460774 -0.0128902 -0.00346812 0.00460774 0.0126146 -0.0214391 0.00460631 -0.0128902 -0.0214391 0.0976368 
0.00620828 -0.0132941 -0.00345631 0.00462595 -0.0132941 0.0757284 0.00461859 -0.0129422 -0.00345631 0.00461859 0.0126364 -0.0214735 0.00462595 -0.0129422 -0.0214735 0.0977277 
0.00621082 -0.0132389 -0.00345211 0.00459104 -0.0132389 0.0755731 0.00457734 -0.0128773 -0.00345211 0.00457734 0.012655 -0.0215294 0.00459104 -0.0128773 -0.0215294 0.0978784 
0.00621037 -0.0132605 -0.0034578 0.00459671 -0.0132605 0.0755608 0.0045858 -0.0128721 -0.0034578 0.0045858 0.0126705 -0.021532 0.00459671 -0.0128721 -0.021532 0.0979189 
0.00625171 -0.0132671 -0.00347735 0.00459218 -0.0132671 0.0756103 0.00458592 -0.0128578 -0.00347735 0.00458592 0.0126606 -0.021581 0.00459218 -0.0128578 -0.021581 0.0980606 
0.00626495 -0.0133042 -0.00348524 0.00459224 -0.0133042 0.0756428 0.00459644 -0.0128353 -0.00348524 0.00459644 0.012675 -0.0215704 0.00459224 -0.0128353 -0.0215704 0.098079 
0.00622682 -0.0133685 -0.00348501 0.00462172 -0.0133685 0.0758252 0.00463415 -0.0129137 -0.00348501 0.00463415 0.0127255 -0.0215545 0.00462172 -0.0129137 -0.0215545 0.0980088 
0.00621146 -0.0133513 -0.0034509 0.00462445 -0.0133513 0.0759817 0.00462724 -0.01294 -0.0034509 0.00462724 0.0127856 -0.0216666 0.00462445 -0.01294 -0.0216666 0.0982787 
0.0061786 -0.0132825 -0.00342251 0.00454606 -0.0132825 0.0758097 0.00453563 -0.0127573 -0.00342251 0.00453563 0.0128417 -0.0217554 0.00454606 -0.0127573 -0.0217554 0.0985062 
0.00617304 -0.0133041 -0.00345791 0.00455638 -0.0133041 0.0758574 0.00454155 -0.0127394 -0.00345791 0.00454155 0.0128383 -0.0217781 0.00455638 -0.0127394 -0.0217781 0.0985892 
0.00616737 -0.0133027 -0.00348651 0.00460047 -0.0133027 0.0758718 0.00459017 -0.0128123 -0.00348651 0.00459017 0.0128168 -0.0217584 0.00460047 -0.0128123 -0.0217584 0.0985516 
0.00619051 -0.013322 -0.00352625 0.00465836 -0.013322 0.075977 0.00465562 -0.0129825 -0.00352625 0.00465562 0.0127824 -0.0217322 0.00465836 -0.0129825 -0.0217322 0.0985268 
0.00617457 -0.013311 -0.0035242 0.00468448 -0.013311 0.0759219 0.00468944 -0.013075 -0.0035242 0.00468944 0.0127871 -0.0216898 0.00468448 -0.013075 -0.0216898 0.0984174 
0.00612158 -0.0132894 -0.00348573 0.0046903 -0.0132894 0.0758648 0.00469439 -0.0131315 -0.00348573 0.00469439 0.0128256 -0.0216908 0.0046903 -0.0131315 -0.0216908 0.0983676 
0.00609622 -0.0132265 -0.00348222 0.0046592 -0.0132265 0.0757413 0.00464899 -0.0131014 -0.00348222 0.00464899 0.0128207 -0.0217311 0.0046592 -0.0131014 -0.0217311 0.098408 
0.00608927 -0.0131398 -0.00345921 0.00461684 -0.0131398 0.0754786 0.00459959 -0.0129542 -0.00345921 0.00459959 0.0128243 -0.0217762 0.00461684 -0.0129542 -0.0217762 0.0985656 
0.00607761 -0.0131246 -0.00345747 0.00458438 -0.0131246 0.0753678 0.00457181 -0.0128487 -0.00345747 0.00457181 0.0128605 -0.0218063 0.00458438 -0.0128487 -0.0218063 0.0987353 
0.00606771 -0.013136 -0.00346103 0.00460327 -0.013136 0.0753514 0.00459794 -0.012877 -0.00346103 0.00459794 0.0128796 -0.0217957 0.00460327 -0.012877 -0.0217957 0.0986896 
0.00607789 -0.0131198 -0.00348356 0.00459912 -0.0131198 0.0753449 0.00459447 -0.0128792 -0.00348356 0.00459447 0.0128934 -0.0218501 0.00459912 -0.0128792 -0.0218501 0.0988137 
0.00608226 -0.0131335 -0.00353711 0.00462626 -0.0131335 0.0753222 0.0046248 -0.0129248 -0.00353711 0.0046248 0.0128889 -0.021839 0.00462626 -0.0129248 -0.021839 0.0987855 
0.00609275 -0.0131531 -0.00364443 0.00469184 -0.0131531 0.0753944 0.00469776 -0.0130601 -0.00364443 0.00469776 0.0128951 -0.0218518 0.00469184 -0.0130601 -0.0218518 0.0988327 
0.00610512 -0.0131484 -0.00369004 0.00480287 -0.0131484 0.0753733 0.0048191 -0.0132794 -0.00369004 0.0048191 0.0129031 -0.0218674 0.00480287 -0.0132794 -0.0218674 0.0988623 
0.00607807 -0.0131893 -0.00371167 0.00487948 -0.0131893 0.0754687 0.00490053 -0.0135337 -0.00371167 0.00490053 0.0129461 -0.0218732 0.00487948 -0.0135337 -0.0218732 0.0988886 
0.006038 -0.0131721 -0.0037136 0.00491389 -0.0131721 0.0755112 0.00492602 -0.0136818 -0.0037136 0.00492602 0.0130034 -0.0219219 0.00491389 -0.0136818 -0.0219219 0.0989678 
0.00602501 -0.0131144 -0.00367625 0.00490996 -0.0131144 0.0754183 0.00490624 -0.0136919 -0.00367625 0.00490624 0.0130413 -0.0220129 0.00490996 -0.0136919 -0.0220129 0.0991735 
0.00604831 -0.0131409 -0.00367235 0.00489936 -0.0131409 0.0755032 0.00488483 -0.0137018 -0.00367235 0.00488483 0.0130285 -0.0220553 0.00489936 -0.0137018 -0.0220553 0.0993664 
0.00606426 -0.0131473 -0.00360589 0.00486128 -0.0131473 0.0755063 0.00484871 -0.0135979 -0.00360589 0.00484871 0.0130033 -0.0220484 0.00486128 -0.0135979 -0.0220484 0.0994175 
0.00605238 -0.0131845 -0.0035741 0.00478912 -0.0131845 0.0755901 0.00478208 -0.0134653 -0.0035741 0.00478208 0.0130021 -0.021996 0.00478912 -0.0134653 -0.021996 0.0993224 
0.0060529 -0.013196 -0.00360408 0.00477294 -0.013196 0.0756791 0.00476704 -0.0134073 -0.00360408 0.00476704 0.0129796 -0.021954 0.00477294 -0.0134073 -0.021954 0.099161 
0.00606305 -0.0131623 -0.00360062 0.00478386 -0.0131623 0.075618 0.00477943 -0.0133757 -0.00360062 0.00477943 0.0129627 -0.021958 0.00478386 -0.0133757 -0.021958 0.0991466 
0.00607955 -0.013146 -0.00357718 0.00476554 -0.013146 0.0755158 0.00476333 -0.0133301 -0.00357718 0.00476333 0.0129519 -0.0219549 0.00476554 -0.0133301 -0.0219549 0.0991543 
0.00610131 -0.0131832 -0.00359077 0.00475726 -0.0131832 0.0755218 0.00475987 -0.0133326 -0.00359077 0.00475987 0.0129012 -0.0218924 0.00475726 -0.0133326 -0.0218924 0.0989687 
0.00613166 -0.0132358 -0.00360177 0.00477849 -0.0132358 0.0757135 0.00478635 -0.0133773 -0.00360177 0.00478635 0.0128786 -0.0218668 0.00477849 -0.0133773 -0.0218668 0.0989609 
0.00613078 -0.0132579 -0.00363354 0.00478479 -0.0132579 0.075776 0.00479482 -0.0134029 -0.00363354 0.00479482 0.0128643 -0.0218141 0.00478479 -0.0134029 -0.0218141 0.0988108 
0.00613509 -0.0132573 -0.00366228 0.00483744 -0.0132573 0.0757632 0.00484818 -0.0135102 -0.00366228 0.00484818 0.0128165 -0.0217546 0.00483744 -0.0135102 -0.0217546 0.0985723 
0.00616196 -0.0132747 -0.00365331 0.00488898 -0.0132747 0.0758517 0.00489749 -0.0136598 -0.00365331 0.00489749 0.0127824 -0.0217328 0.00488898 -0.0136598 -0.0217328 0.0985493 
0.00615866 -0.0132533 -0.00359301 0.00484817 -0.0132533 0.0757574 0.00485519 -0.0136148 -0.00359301 0.00485519 0.0127725 -0.0217038 0.00484817 -0.0136148 -0.0217038 0.098485 
0.00614646 -0.0132461 -0.0036167 0.00477555 -0.0132461 0.0757126 0.00477553 -0.0134671 -0.0036167 0.00477553 0.0127846 -0.0216947 0.00477555 -0.0134671 -0.0216947 0.0984542 
0.00614257 -0.0132194 -0.00363552 0.00479547 -0.0132194 0.0756155 0.00479424 -0.0134126 -0.00363552 0.00479424 0.0127761 -0.021697 0.00479547 -0.0134126 -0.021697 0.0984106 
0.00613101 -0.0132282 -0.00364701 0.00483497 -0.0132282 0.0756268 0.00483602 -0.0134945 -0.00364701 0.00483602 0.01278 -0.0216944 0.00483497 -0.0134945 -0.0216944 0.098429 
0.00614552 -0.0132034 -0.00367068 0.00485412 -0.0132034 0.0755551 0.00485417 -0.0135647 -0.00367068 0.00485417 0.0127499 -0.0216775 0.00485412 -0.0135647 -0.0216775 0.0983541 
0.00615215 -0.0132161 -0.00368871 0.0048849 -0.0132161 0.0755435 0.00488794 -0.0136452 -0.00368871 0.00488794 0.0127314 -0.0216463 0.0048849 -0.0136452 -0.0216463 0.0982964 
0.00613303 -0.0132195 -0.00369341 0.00491011 -0.0132195 0.0755268 0.00491489 -0.0137251 -0.00369341 0.00491489 0.0127322 -0.0216083 0.00491011 -0.0137251 -0.0216083 0.0981738 
0.00613741 -0.0131965 -0.00367602 0.0049181 -0.0131965 0.0755225 0.00491811 -0.0137653 -0.00367602 0.00491811 0.0127379 -0.0216392 0.0049181 -0.0137653 -0.0216392 0.0982445 
0.00615072 -0.0131657 -0.00365644 0.00487493 -0.0131657 0.0754015 0.00486894 -0.0136753 -0.00365644 0.00486894 0.0127267 -0.021666 0.00487493 -0.0136753 -0.021666 0.0983288 
0.00619731 -0.0131689 -0.00361196 0.00483551 -0.0131689 0.0753311 0.00483179 -0.0135546 -0.00361196 0.00483179 0.0126909 -0.0216562 0.00483551 -0.0135546 -0.0216562 0.0983423 
0.00625964 -0.0132196 -0.00357897 0.00476317 -0.0132196 0.0753745 0.00476735 -0.0133835 -0.00357897 0.00476735 0.0126444 -0.0216207 0.00476317 -0.0133835 -0.0216207 0.098289 
0.00630158 -0.0133392 -0.00357486 0.00472333 -0.0133392 0.075686 0.00473929 -0.0132648 -0.00357486 0.00473929 0.0126386 -0.0215739 0.00472333 -0.0132648 -0.0215739 0.0982449 
0.00635307 -0.0134584 -0.00362264 0.00475418 -0.0134584 0.0760667 0.00477717 -0.0133206 -0.00362264 0.00477717 0.0125822 -0.0214803 0.00475418 -0.0133206 -0.0214803 0.0979458 
0.00632915 -0.01354 -0.00365046 0.00482781 -0.01354 0.0763314 0.0048528 -0.0134895 -0.00365046 0.0048528 0.0125546 -0.0213569 0.00482781 -0.0134895 -0.0213569 0.0975291 
0.00633004 -0.0135142 -0.00368483 0.00487976 -0.0135142 0.0764383 0.00489262 -0.013647 -0.00368483 0.00489262 0.0125269 -0.0213453 0.00487976 -0.013647 -0.0213453 0.0973996 
0.00633235 -0.0134321 -0.00371321 0.00487681 -0.0134321 0.0762352 0.00487951 -0.0136314 -0.00371321 0.00487951 0.0125205 -0.0213896 0.00487681 -0.0136314 -0.0213896 0.0975328 
0.00635051 -0.0134114 -0.00372691 0.00490896 -0.0134114 0.0760663 0.00491397 -0.0136713 -0.00372691 0.00491397 0.0125038 -0.0213752 0.00490896 -0.0136713 -0.0213752 0.0975433 
0.00629307 -0.0134175 -0.00377246 0.00491215 -0.0134175 0.0759992 0.00492413 -0.0136918 -0.00377246 0.00492413 0.0125907 -0.0213793 0.00491215 -0.0136918 -0.0213793 0.0975858 
0.00626014 -0.0133727 -0.00382582 0.00498425 -0.0133727 0.0759379 0.004991 -0.013823 -0.00382582 0.004991 0.0126457 -0.0214622 0.00498425 -0.013823 -0.0214622 0.0976912 
0.00621625 -0.0133648 -0.00384082 0.00507519 -0.0133648 0.0759674 0.00507529 -0.0140485 -0.00384082 0.00507529 0.0127102 -0.0215476 0.00507519 -0.0140485 -0.0215476 0.0979467 
0.00620711 -0.0133214 -0.00386556 0.00511093 -0.0133214 0.075911 0.00509911 -0.0142029 -0.00386556 0.00509911 0.0127129 -0.0216065 0.00511093 -0.0142029 -0.0216065 0.0981047 
0.00617039 -0.0132866 -0.00390927 0.00513429 -0.0132866 0.0757523 0.00511919 -0.014275 -0.00390927 0.00511919 0.0127196 -0.0215896 0.00513429 -0.014275 -0.0215896 0.0980752 
0.00615666 -0.0132352 -0.00394813 0.00517813 -0.0132352 0.0756566 0.00516454 -0.0143586 -0.00394813 0.00516454 0.0127437 -0.0216536 0.00517813 -0.0143586 -0.0216536 0.098271 
0.00617623 -0.0132037 -0.00397116 0.00522275 -0.0132037 0.0755205 0.00521446 -0.0144708 -0.00397116 0.00521446 0.0127163 -0.0216727 0.00522275 -0.0144708 -0.0216727 0.0983485 
0.00620626 -0.0132298 -0.003979 0.00525114 -0.0132298 0.0755195 0.00525245 -0.0145753 -0.003979 0.00525245 0.0126928 -0.0216465 0.00525114 -0.0145753 -0.0216465 0.0983585 
0.00622849 -0.0132722 -0.00398762 0.0052564 -0.0132722 0.0756061 0.00526532 -0.0146288 -0.00398762 0.00526532 0.0126726 -0.0216173 0.0052564 -0.0146288 -0.0216173 0.0983099 
0.0062396 -0.0132898 -0.00401083 0.00525317 -0.0132898 0.0756467 0.00526501 -0.0146277 -0.00401083 0.00526501 0.0126624 -0.0215866 0.00525317 -0.0146277 -0.0215866 0.0982163 
0.00623457 -0.0133107 -0.00399952 0.00527431 -0.0133107 0.0757569 0.00528902 -0.014653 -0.00399952 0.00528902 0.0126987 -0.0216175 0.00527431 -0.014653 -0.0216175 0.0983307 
0.00624335 -0.0133238 -0.00398533 0.00528062 -0.0133238 0.0758083 0.00529138 -0.0146992 -0.00398533 0.00529138 0.0126922 -0.0216097 0.00528062 -0.0146992 -0.0216097 0.0982705 
0.00624873 -0.0133363 -0.00399682 0.00526618 -0.0133363 0.0758413 0.00526986 -0.0146832 -0.00399682 0.00526986 0.0126763 -0.0215978 0.00526618 -0.0146832 -0.0215978 0.098216 
0.00623098 -0.0133341 -0.00400073 0.00526983 -0.0133341 0.0758339 0.00527241 -0.0146626 -0.00400073 0.00527241 0.0126867 -0.0215834 0.00526983 -0.0146626 -0.0215834 0.0981702 
0.00621998 -0.0133249 -0.00402823 0.00528224 -0.0133249 0.0758688 0.00528347 -0.0146858 -0.00402823 0.00528347 0.0127201 -0.0216183 0.00528224 -0.0146858 -0.0216183 0.0982665 
0.00615884 -0.0132984 -0.00402562 0.00531254 -0.0132984 0.0757771 0.00531134 -0.014737 -0.00402562 0.00531134 0.0127737 -0.0216335 0.00531254 -0.014737 -0.0216335 0.0982591 
0.0061236 -0.0132182 -0.00400289 0.00530833 -0.0132182 0.0756495 0.00529828 -0.0147411 -0.00400289 0.00529828 0.0128348 -0.0217468 0.00530833 -0.0147411 -0.0217468 0.0985282 
0.00610773 -0.0131834 -0.00398859 0.00529398 -0.0131834 0.0755379 0.00527633 -0.0147214 -0.00398859 0.00527633 0.012857 -0.0218111 0.00529398 -0.0147214 -0.0218111 0.0987343 
0.00610979 -0.0131728 -0.00397369 0.00528438 -0.0131728 0.0754586 0.00526553 -0.0147008 -0.00397369 0.00526553 0.0128303 -0.021804 0.00528438 -0.0147008 -0.021804 0.0987337 
0.00608439 -0.0131532 -0.00396306 0.00523716 -0.0131532 0.0754096 0.00522414 -0.0145911 -0.00396306 0.00522414 0.012866 -0.0218285 0.00523716 -0.0145911 -0.0218285 0.0988627 
0.00609088 -0.0131345 -0.00399041 0.00523627 -0.0131345 0.0753413 0.00522649 -0.0145633 -0.00399041 0.00522649 0.0128517 -0.0218221 0.00523627 -0.0145633 -0.0218221 0.0988052 
0.00612952 -0.0131602 -0.00405365 0.00528238 -0.0131602 0.0754027 0.00527846 -0.0146529 -0.00405365 0.00527846 0.0128348 -0.0218128 0.00528238 -0.0146529 -0.0218128 0.0988121 
0.00616593 -0.0132058 -0.00411391 0.00535543 -0.0132058 0.0754845 0.00536144 -0.0148185 -0.00411391 0.00536144 0.0127949 -0.0217836 0.00535543 -0.0148185 -0.0217836 0.0987419 
0.00616094 -0.0132571 -0.00413343 0.00542774 -0.0132571 0.0756099 0.00544419 -0.0150179 -0.00413343 0.00544419 0.0127943 -0.021732 0.00542774 -0.0150179 -0.021732 0.0986282 
0.00618922 -0.0132632 -0.00415046 0.00546718 -0.0132632 0.0756837 0.0054815 -0.0151773 -0.00415046 0.0054815 0.012755 -0.0217108 0.00546718 -0.0151773 -0.0217108 0.098511 
0.00623008 -0.01332 -0.00411662 0.00550779 -0.01332 0.0758439 0.00551827 -0.0153167 -0.00411662 0.00551827 0.0126929 -0.021662 0.00550779 -0.0153167 -0.021662 0.0984266 
0.00624204 -0.0133168 -0.00407977 0.00543149 -0.0133168 0.0758104 0.00543842 -0.0151981 -0.00407977 0.00543842 0.0126578 -0.0216011 0.00543149 -0.0151981 -0.0216011 0.0982758 
0.00625979 -0.0133365 -0.00407207 0.00538233 -0.0133365 0.0758683 0.00538781 -0.0150529 -0.00407207 0.00538781 0.0126484 -0.0215806 0.00538233 -0.0150529 -0.0215806 0.0982429 
0.00625082 -0.0133417 -0.00409289 0.00536423 -0.0133417 0.0758366 0.00537026 -0.0149566 -0.00409289 0.00537026 0.012634 -0.0215396 0.00536423 -0.0149566 -0.0215396 0.0980922 
0.00623735 -0.0133651 -0.00413664 0.00542142 -0.0133651 0.075928 0.00542773 -0.0150523 -0.00413664 0.00542773 0.0126375 -0.0215048 0.00542142 -0.0150523 -0.0215048 0.0979824 
0.00626899 -0.0133217 -0.00417551 0.00546768 -0.0133217 0.0758633 0.00547022 -0.0151586 -0.00417551 0.00547022 0.012608 -0.0215296 0.00546768 -0.0151586 -0.0215296 0.0980041 
0.00628121 -0.0133191 -0.00421324 0.00549221 -0.0133191 0.075766 0.00549807 -0.0152185 -0.00421324 0.00549807 0.012624 -0.0215304 0.00549221 -0.0152185 -0.0215304 0.0980683 
0.00623429 -0.013352 -0.00422271 0.00554624 -0.013352 0.0758099 0.00555669 -0.0153431 -0.00422271 0.00555669 0.012689 -0.0215384 0.00554624 -0.0153431 -0.0215384 0.0980857 
0.00621648 -0.0132942 -0.00422125 0.00554987 -0.0132942 0.0757637 0.00555298 -0.0153817 -0.00422125 0.00555298 0.0127435 -0.0216507 0.00554987 -0.0153817 -0.0216507 0.0983224 
0.00619873 -0.0132786 -0.00422017 0.00555568 -0.0132786 0.0756727 0.00554879 -0.0153938 -0.00422017 0.00554879 0.0127589 -0.021686 0.00555568 -0.0153938 -0.021686 0.0984129 
0.00625429 -0.0132861 -0.00425845 0.00556327 -0.0132861 0.0757389 0.00555304 -0.0154106 -0.00425845 0.00555304 0.0127149 -0.0217349 0.00556327 -0.0154106 -0.0217349 0.0986056 
0.00626357 -0.0133341 -0.00424922 0.00558094 -0.0133341 0.0758094 0.00558286 -0.0154218 -0.00424922 0.00558286 0.0127141 -0.0216939 0.00558094 -0.0154218 -0.0216939 0.0986226 
0.00623045 -0.0133774 -0.00424508 0.00558603 -0.0133774 0.0759495 0.00559562 -0.0154732 -0.00424508 0.00559562 0.0127336 -0.0216555 0.00558603 -0.0154732 -0.0216555 0.0984979 
0.00620567 -0.0133418 -0.00421225 0.00558489 -0.0133418 0.0759626 0.0055884 -0.0154839 -0.00421225 0.0055884 0.0127426 -0.0216781 0.00558489 -0.0154839 -0.0216781 0.098488 
0.00621966 -0.0132893 -0.00417505 0.00554737 -0.0132893 0.0758137 0.00554143 -0.0154177 -0.00417505 0.00554143 0.0127006 -0.0216741 0.00554737 -0.0154177 -0.0216741 0.0984393 
0.00623549 -0.0132873 -0.00412834 0.00549327 -0.0132873 0.07573 0.00548619 -0.015289 -0.00412834 0.00548619 0.0126846 -0.021645 0.00549327 -0.015289 -0.021645 0.0984152 
