0.0093046 0 -0.00359494 0 0 0.00999361 0 0 -0.00359494 0 0.00574849 0 0 0 0 0.00999361 
0.0128012 -0.0158556 -0.00511387 0.00628105 -0.0158556 0.0395633 0.00628105 -0.0120436 -0.00511387 0.00628105 0.00841815 -0.0105087 0.00628105 -0.0120436 -0.0105087 0.0293113 
0.0124967 -0.0229397 -0.00468762 0.00771193 -0.0229397 0.0823594 0.00771193 -0.0244782 -0.00468762 0.00771193 0.00877865 -0.0171189 0.00771193 -0.0244782 -0.0171189 0.0641521 
0.0117945 -0.021636 -0.00412774 0.00577315 -0.021636 0.0941753 0.00576052 -0.020406 -0.00412774 0.00576052 0.00825608 -0.0176087 0.00577315 -0.020406 -0.0176087 0.0813211 
0.0118551 -0.020727 -0.00421703 0.00508199 -0.020727 0.0950943 0.00506602 -0.0159492 -0.00421703 0.00506602 0.00814239 -0.0168209 0.00508199 -0.0159492 -0.0168209 0.0854919 
0.0121722 -0.0207558 -0.00435105 0.00531142 -0.0207558 0.0954983 0.00529474 -0.014766 -0.00435105 0.00529474 0.00816007 -0.0165178 0.00531142 -0.014766 -0.0165178 0.0858668 
0.0123482 -0.0210453 -0.00438456 0.00554018 -0.0210453 0.0962669 0.00553305 -0.0149224 -0.00438456 0.00553305 0.00821723 -0.0164591 0.00554018 -0.0149224 -0.0164591 0.0857641 
0.0123237 -0.0211548 -0.00444464 0.0055933 -0.0211548 0.096701 0.00559604 -0.0151196 -0.00444464 0.00559604 0.0082863 -0.0164872 0.0055933 -0.0151196 -0.0164872 0.0856953 
0.0122732 -0.02111 -0.00449062 0.0056669 -0.02111 0.0967965 0.00566932 -0.0152791 -0.00449062 0.00566932 0.00834028 -0.0165703 0.0056669 -0.0152791 -0.0165703 0.0858508 
0.0122668 -0.0210596 -0.00451548 0.00571466 -0.0210596 0.0967169 0.00571385 -0.015399 -0.00451548 0.00571385 0.00838625 -0.0166118 0.00571466 -0.015399 -0.0166118 0.0859588 
0.0122404 -0.0210968 -0.00455396 0.00573713 -0.0210968 0.0968114 0.0057402 -0.0154792 -0.00455396 0.0057402 0.00850506 -0.0166686 0.00573713 -0.0154792 -0.0166686 0.0861243 
0.0121954 -0.0210439 -0.00458138 0.00577982 -0.0210439 0.0967166 0.00578115 -0.0155723 -0.00458138 0.00578115 0.00856581 -0.0168121 0.00577982 -0.0155723 -0.0168121 0.0863749 
0.0121239 -0.0209723 -0.00463542 0.00581185 -0.0209723 0.0965213 0.00580751 -0.0156558 -0.00463542 0.00580751 0.00859994 -0.0168993 0.00581185 -0.0156558 -0.0168993 0.0866269 
0.0120784 -0.0209444 -0.00468071 0.00586929 -0.0209444 0.0965206 0.00586128 -0.015749 -0.00468071 0.00586128 0.00867501 -0.0169483 0.00586929 -0.015749 -0.0169483 0.0868605 
0.0120088 -0.0208238 -0.00474318 0.00594024 -0.0208238 0.0962131 0.00592768 -0.0159249 -0.00474318 0.00592768 0.00867811 -0.0170373 0.00594024 -0.0159249 -0.0170373 0.0870324 
0.011935 -0.0207562 -0.00481094 0.00600271 -0.0207562 0.0959854 0.0059906 -0.0160688 -0.00481094 0.0059906 0.00871348 -0.0170177 0.00600271 -0.0160688 -0.0170177 0.0870398 
0.0118711 -0.0206956 -0.00487186 0.00609544 -0.0206956 0.0958789 0.00608471 -0.0162846 -0.00487186 0.00608471 0.00877862 -0.017063 0.00609544 -0.0162846 -0.017063 0.0871361 
0.0118887 -0.0205896 -0.00485533 0.00617218 -0.0205896 0.0956066 0.00616028 -0.0165003 -0.00485533 0.00616028 0.00873162 -0.0171247 0.00617218 -0.0165003 -0.0171247 0.0872178 
0.011923 -0.0206151 -0.0048454 0.00616379 -0.0206151 0.0955729 0.00615985 -0.0165979 -0.0048454 0.00615985 0.00865384 -0.0170866 0.00616379 -0.0165979 -0.0170866 0.0872523 
0.0119465 -0.0206691 -0.00479442 0.00612728 -0.0206691 0.0956522 0.00613335 -0.01654 -0.00479442 0.00613335 0.00860839 -0.016956 0.00612728 -0.01654 -0.016956 0.0869722 
0.0119398 -0.0207319 -0.00478277 0.00606628 -0.0207319 0.0958629 0.00607375 -0.0164175 -0.00478277 0.00607375 0.00865066 -0.0168982 0.00606628 -0.0164175 -0.0168982 0.0867843 
0.0118224 -0.0206937 -0.00483518 0.00605186 -0.0206937 0.0958253 0.00605116 -0.016332 -0.00483518 0.00605116 0.00877095 -0.0169494 0.00605186 -0.016332 -0.0169494 0.0867674 
0.0118187 -0.0205538 -0.00484915 0.00612246 -0.0205538 0.095597 0.00610488 -0.0163974 -0.00484915 0.00610488 0.0087789 -0.0171125 0.00612246 -0.0163974 -0.0171125 0.0870732 
0.0118889 -0.0205002 -0.00481539 0.00615045 -0.0205002 0.0953081 0.00613164 -0.0164995 -0.00481539 0.00613164 0.00865663 -0.0171351 0.00615045 -0.0164995 -0.0171351 0.0872465 
0.0119399 -0.0206275 -0.00479071 0.00610959 -0.0206275 0.0955114 0.00611042 -0.0164948 -0.00479071 0.00611042 0.0085736 -0.0169979 0.00610959 -0.0164948 -0.0169979 0.0871531 
0.0119973 -0.0206624 -0.00474315 0.00607196 -0.0206624 0.0956056 0.00608504 -0.0164304 -0.00474315 0.00608504 0.00847183 -0.0168587 0.00607196 -0.0164304 -0.0168587 0.0867673 
0.0120019 -0.0207569 -0.00474317 0.00601143 -0.0207569 0.0958259 0.00603174 -0.0163167 -0.00474317 0.00603174 0.00847852 -0.016721 0.00601143 -0.0163167 -0.016721 0.0864009 
0.0119345 -0.0207475 -0.00478304 0.00601224 -0.0207475 0.0958609 0.00602708 -0.016264 -0.00478304 0.00602708 0.00853755 -0.0167122 0.00601224 -0.016264 -0.0167122 0.0861913 
0.0119348 -0.0206869 -0.00479356 0.00607271 -0.0206869 0.0958276 0.00607366 -0.0163415 -0.00479356 0.00607366 0.00854506 -0.0168032 0.00607271 -0.0163415 -0.0168032 0.0863325 
0.0118925 -0.0206688 -0.00480593 0.00608313 -0.0206688 0.0957183 0.0060785 -0.0163863 -0.00480593 0.0060785 0.0085929 -0.0168043 0.00608313 -0.0163863 -0.0168043 0.086371 
0.0118921 -0.0206029 -0.00481896 0.00611219 -0.0206029 0.0955782 0.00610457 -0.016465 -0.00481896 0.00610457 0.00857566 -0.0168812 0.00611219 -0.016465 -0.0168812 0.0865313 
0.011888 -0.0206218 -0.00483065 0.00611077 -0.0206218 0.0955551 0.00610492 -0.0164666 -0.00483065 0.00610492 0.00860782 -0.0168414 0.00611077 -0.0164666 -0.0168414 0.0865097 
0.0119062 -0.0206581 -0.00482536 0.00613284 -0.0206581 0.095725 0.00613062 -0.0165133 -0.00482536 0.00613062 0.00863103 -0.0169036 0.00613284 -0.0165133 -0.0169036 0.0866712 
0.0119169 -0.0206581 -0.00479679 0.00610201 -0.0206581 0.0956972 0.00610045 -0.0164555 -0.00479679 0.00610045 0.00864031 -0.0168996 0.00610201 -0.0164555 -0.0168996 0.0866308 
0.0119365 -0.0206782 -0.00480488 0.00607975 -0.0206782 0.0957677 0.00607811 -0.0164091 -0.00480488 0.00607811 0.00862422 -0.016948 0.00607975 -0.0164091 -0.016948 0.0867731 
0.0118711 -0.0206774 -0.00484986 0.0060886 -0.0206774 0.0957518 0.00608913 -0.0164052 -0.00484986 0.00608913 0.00865146 -0.0169342 0.0060886 -0.0164052 -0.0169342 0.0868073 
0.0118109 -0.0206013 -0.00487158 0.00614388 -0.0206013 0.0956271 0.00614004 -0.0164861 -0.00487158 0.00614004 0.00869597 -0.0169496 0.00614388 -0.0164861 -0.0169496 0.0868037 
0.0117273 -0.0205364 -0.00492538 0.00618461 -0.0205364 0.0954959 0.00617305 -0.0166006 -0.00492538 0.00617305 0.00878245 -0.0170117 0.00618461 -0.0166006 -0.0170117 0.0869381 
0.0117075 -0.0204154 -0.00490971 0.00623837 -0.0204154 0.0951814 0.00621814 -0.0166995 -0.00490971 0.00621814 0.00881849 -0.0170893 0.00623837 -0.0166995 -0.0170893 0.087037 
0.0117431 -0.0204043 -0.00489545 0.00622926 -0.0204043 0.0950756 0.00620865 -0.0167432 -0.00489545 0.00620865 0.00882524 -0.0171596 0.00622926 -0.0167432 -0.0171596 0.0872588 
0.0116793 -0.0204475 -0.00494415 0.00620461 -0.0204475 0.0951265 0.00619416 -0.0167179 -0.00494415 0.00619416 0.00891399 -0.0171851 0.00620461 -0.0167179 -0.0171851 0.08742 
0.0116619 -0.0203676 -0.0049829 0.00625855 -0.0203676 0.0950254 0.00624937 -0.016782 -0.0049829 0.00624937 0.00892243 -0.017292 0.00625855 -0.016782 -0.017292 0.08763 
0.0116997 -0.0203089 -0.00497992 0.00631786 -0.0203089 0.0948173 0.00631117 -0.0169372 -0.00497992 0.00631117 0.00880989 -0.0173115 0.00631786 -0.0169372 -0.0173115 0.0877616 
0.0116875 -0.0203377 -0.00500225 0.00631136 -0.0203377 0.0947313 0.00631868 -0.0170027 -0.00500225 0.00631868 0.00873694 -0.0171463 0.00631136 -0.0170027 -0.0171463 0.0874689 
0.0116669 -0.0203621 -0.00505593 0.00634942 -0.0203621 0.0948506 0.00636474 -0.0171032 -0.00505593 0.00636474 0.00871366 -0.017051 0.00634942 -0.0171032 -0.017051 0.0872124 
0.0116542 -0.0203355 -0.00508586 0.00641101 -0.0203355 0.0948251 0.00642547 -0.0172358 -0.00508586 0.00642547 0.00870497 -0.0169818 0.00641101 -0.0172358 -0.0169818 0.0869294 
0.0116485 -0.0203547 -0.00510853 0.00645157 -0.0203547 0.0949036 0.00646331 -0.0173572 -0.00510853 0.00646331 0.00873669 -0.016962 0.00645157 -0.0173572 -0.016962 0.0868057 
0.0116881 -0.0203459 -0.00509635 0.00648301 -0.0203459 0.0949246 0.0064908 -0.017453 -0.00509635 0.0064908 0.00873366 -0.0170009 0.00648301 -0.017453 -0.0170009 0.086825 
0.0117126 -0.0203756 -0.00504104 0.00645804 -0.0203756 0.0949158 0.00646604 -0.0174404 -0.00504104 0.00646604 0.00871241 -0.0169879 0.00645804 -0.0174404 -0.0169879 0.0867717 
0.0116922 -0.020428 -0.00502632 0.00640451 -0.020428 0.095092 0.00641345 -0.0173609 -0.00502632 0.00641345 0.00874496 -0.0170013 0.00640451 -0.0173609 -0.0170013 0.0868699 
0.0116754 -0.0203845 -0.00501368 0.00637117 -0.0203845 0.0950397 0.00637055 -0.0172305 -0.00501368 0.00637055 0.00873187 -0.017025 0.00637117 -0.0172305 -0.017025 0.0868856 
0.0116756 -0.0203494 -0.00498457 0.00636068 -0.0203494 0.0949263 0.00635239 -0.0171613 -0.00498457 0.00635239 0.00868303 -0.017019 0.00636068 -0.0171613 -0.017019 0.0868981 
0.0116823 -0.0203639 -0.00496242 0.00632388 -0.0203639 0.0949266 0.00631586 -0.0170739 -0.00496242 0.00631586 0.00865543 -0.0169503 0.00632388 -0.0170739 -0.0169503 0.086797 
0.0117175 -0.0203922 -0.00494331 0.00628531 -0.0203922 0.0949951 0.00627864 -0.0169608 -0.00494331 0.00627864 0.00867745 -0.0168962 0.00628531 -0.0169608 -0.0168962 0.0866357 
0.0117646 -0.0204478 -0.00493945 0.00626971 -0.0204478 0.0951588 0.00626485 -0.0169075 -0.00493945 0.00626485 0.00870732 -0.0169478 0.00626971 -0.0169075 -0.0169478 0.0867202 
0.0117829 -0.020455 -0.00494659 0.00626742 -0.020455 0.0951422 0.00626728 -0.0169037 -0.00494659 0.00626728 0.00869289 -0.0170021 0.00626742 -0.0169037 -0.0170021 0.0868414 
0.0118351 -0.0204798 -0.00490215 0.00626773 -0.0204798 0.0951663 0.00627443 -0.0168993 -0.00490215 0.00627443 0.00861622 -0.0169813 0.00626773 -0.0168993 -0.0169813 0.0868442 
0.0118897 -0.0206042 -0.00486316 0.00620851 -0.0206042 0.0955027 0.00622306 -0.0168073 -0.00486316 0.00622306 0.00861423 -0.0168953 0.00620851 -0.0168073 -0.0168953 0.0867665 
0.0119135 -0.0206603 -0.00480717 0.00613396 -0.0206603 0.0956599 0.00614771 -0.0166078 -0.00480717 0.00614771 0.00864956 -0.0168509 0.00613396 -0.0166078 -0.0168509 0.0865335 
0.0119339 -0.0207081 -0.00476242 0.00607956 -0.0207081 0.0958661 0.00608492 -0.016452 -0.00476242 0.00608492 0.00871 -0.0169445 0.00607956 -0.016452 -0.0169445 0.0867078 
0.0119213 -0.0206738 -0.00474404 0.0060228 -0.0206738 0.0957666 0.00601949 -0.0162901 -0.00474404 0.00601949 0.00870043 -0.0170328 0.0060228 -0.0162901 -0.0170328 0.0869022 
0.0119309 -0.0206677 -0.00474848 0.00601254 -0.0206677 0.0957695 0.00600459 -0.0162172 -0.00474848 0.00600459 0.00864508 -0.017067 0.00601254 -0.0162172 -0.017067 0.0871501 
0.0119373 -0.0206564 -0.0047624 0.00601979 -0.0206564 0.0957112 0.00601456 -0.0162113 -0.0047624 0.00601456 0.00859307 -0.0169897 0.00601979 -0.0162113 -0.0169897 0.0870906 
0.0119585 -0.0206668 -0.00476492 0.00604133 -0.0206668 0.0957043 0.00604265 -0.0162621 -0.00476492 0.00604265 0.00855768 -0.0169028 0.00604133 -0.0162621 -0.0169028 0.0868869 
0.0119757 -0.0207203 -0.00476324 0.00603477 -0.0207203 0.09582 0.00604309 -0.0162727 -0.00476324 0.00604309 0.0086004 -0.0168301 0.00603477 -0.0162727 -0.0168301 0.0866486 
0.0119673 -0.0207011 -0.00477993 0.00604504 -0.0207011 0.0957731 0.00605287 -0.0163182 -0.00477993 0.00605287 0.0085974 -0.0168916 0.00604504 -0.0163182 -0.0168916 0.0866359 
0.011918 -0.0207013 -0.00484623 0.00606653 -0.0207013 0.0957698 0.00607493 -0.0163681 -0.00484623 0.00607493 0.00859659 -0.0169028 0.00606653 -0.0163681 -0.0169028 0.0867035 
0.0118866 -0.0206359 -0.00487396 0.00614521 -0.0206359 0.0956452 0.00615084 -0.0165032 -0.00487396 0.00615084 0.00856184 -0.0168826 0.00614521 -0.0165032 -0.0168826 0.086653 
0.0118371 -0.0206234 -0.00490987 0.00619746 -0.0206234 0.0956418 0.00620056 -0.0166662 -0.00490987 0.00620056 0.00859646 -0.0168435 0.00619746 -0.0166662 -0.0168435 0.0866124 
0.0117977 -0.0205114 -0.00492911 0.00624453 -0.0205114 0.0953518 0.00624178 -0.016804 -0.00492911 0.00624178 0.00857444 -0.0168531 0.00624453 -0.016804 -0.0168531 0.0865021 
0.011776 -0.0205071 -0.00494783 0.00627728 -0.0205071 0.09533 0.00627188 -0.0169117 -0.00494783 0.00627188 0.00859713 -0.0168394 0.00627728 -0.0169117 -0.0168394 0.0865245 
0.0117757 -0.0204304 -0.0049242 0.00629359 -0.0204304 0.0950785 0.00628731 -0.0169709 -0.0049242 0.00628731 0.00853795 -0.0168324 0.00629359 -0.0169709 -0.0168324 0.0863969 
0.011795 -0.0204516 -0.00492257 0.00628079 -0.0204516 0.0950885 0.00627845 -0.0169991 -0.00492257 0.00627845 0.00849287 -0.0167868 0.00628079 -0.0169991 -0.0167868 0.0863726 
0.0117987 -0.0204959 -0.00489988 0.00626108 -0.0204959 0.0951878 0.00626486 -0.0169502 -0.00489988 0.00626486 0.00849499 -0.0166993 0.00626108 -0.0169502 -0.0166993 0.0861698 
0.0117321 -0.0204577 -0.00492034 0.0062462 -0.0204577 0.0950971 0.00624861 -0.0169316 -0.00492034 0.00624861 0.00851916 -0.0167023 0.0062462 -0.0169316 -0.0167023 0.0860547 
0.0116921 -0.0203933 -0.00495159 0.00627377 -0.0203933 0.0949963 0.00626872 -0.0169541 -0.00495159 0.00626872 0.00854483 -0.0167373 0.00627377 -0.0169541 -0.0167373 0.0861071 
0.0116809 -0.0203505 -0.00496592 0.00632124 -0.0203505 0.0949028 0.00631109 -0.0170473 -0.00496592 0.00631109 0.00852801 -0.0167766 0.00632124 -0.0170473 -0.0167766 0.0862331 
0.011668 -0.0203484 -0.00494562 0.00632483 -0.0203484 0.0948559 0.00631644 -0.0170717 -0.00494562 0.00631644 0.00853677 -0.0167233 0.00632483 -0.0170717 -0.0167233 0.0861409 
0.0116884 -0.0203541 -0.0049596 0.00630574 -0.0203541 0.0949134 0.00629654 -0.0170544 -0.0049596 0.00629654 0.00855473 -0.0167404 0.00630574 -0.0170544 -0.0167404 0.0861563 
0.0116307 -0.0203318 -0.00499575 0.00631804 -0.0203318 0.0948002 0.00631091 -0.0170635 -0.00499575 0.00631091 0.00858471 -0.0167624 0.00631804 -0.0170635 -0.0167624 0.086162 
0.0116431 -0.020259 -0.00498621 0.00638056 -0.020259 0.0946687 0.00637371 -0.0171941 -0.00498621 0.00637371 0.00853348 -0.0168244 0.00638056 -0.0171941 -0.0168244 0.0863273 
0.0115545 -0.0202401 -0.00501303 0.00637079 -0.0202401 0.0945022 0.00636822 -0.0172482 -0.00501303 0.00636822 0.00855672 -0.0167452 0.00637079 -0.0172482 -0.0167452 0.0862175 
0.0114638 -0.020163 -0.00504995 0.00640469 -0.020163 0.0943921 0.00639885 -0.0173063 -0.00504995 0.00639885 0.00862496 -0.0167544 0.00640469 -0.0173063 -0.0167544 0.0861641 
0.0113455 -0.0200219 -0.00513482 0.00645894 -0.0200219 0.094051 0.00643973 -0.0174162 -0.00513482 0.00643973 0.0087313 -0.0168255 0.00645894 -0.0174162 -0.0168255 0.0862249 
0.0113269 -0.0198888 -0.00519769 0.00657834 -0.0198888 0.0937446 0.00655045 -0.0176587 -0.00519769 0.00655045 0.00877443 -0.0169755 0.00657834 -0.0176587 -0.0169755 0.0865648 
0.0113273 -0.0198219 -0.00522446 0.00665239 -0.0198219 0.0934026 0.00663343 -0.0178955 -0.00522446 0.00663343 0.00871613 -0.017015 0.00665239 -0.0178955 -0.017015 0.0867065 
0.0113809 -0.0198624 -0.00520069 0.0066826 -0.0198624 0.0934315 0.00668276 -0.0180505 -0.00520069 0.00668276 0.00862094 -0.0169378 0.0066826 -0.0180505 -0.0169378 0.0866539 
0.0114808 -0.019958 -0.00513054 0.00665054 -0.019958 0.0936758 0.00666669 -0.0180688 -0.00513054 0.00666669 0.00849752 -0.0168073 0.00665054 -0.0180688 -0.0168073 0.0864088 
0.0115337 -0.0200652 -0.00507613 0.00654975 -0.0200652 0.0938921 0.00657708 -0.0179042 -0.00507613 0.00657708 0.0084087 -0.0166214 0.00654975 -0.0179042 -0.0166214 0.0859172 
0.0115752 -0.0201393 -0.00503824 0.00648882 -0.0201393 0.0941406 0.00651597 -0.0177359 -0.00503824 0.00651597 0.00836284 -0.0165125 0.00648882 -0.0177359 -0.0165125 0.0855712 
0.0115174 -0.0201647 -0.00504561 0.00644895 -0.0201647 0.0942202 0.00647136 -0.0176135 -0.00504561 0.00647136 0.00838913 -0.0164524 0.00644895 -0.0176135 -0.0164524 0.085322 
0.0114301 -0.0200753 -0.00505063 0.00646579 -0.0200753 0.0940702 0.00647317 -0.0175863 -0.00505063 0.00647317 0.00841049 -0.0164786 0.00646579 -0.0175863 -0.0164786 0.0852493 
0.0113828 -0.0199925 -0.00506975 0.00649149 -0.0199925 0.0939365 0.00648175 -0.0176223 -0.00506975 0.00648175 0.00844305 -0.0165196 0.00649149 -0.0176223 -0.0165196 0.0853701 
0.0113653 -0.0199057 -0.00508327 0.00651057 -0.0199057 0.0936556 0.00649071 -0.0176488 -0.00508327 0.00649071 0.00842492 -0.0165278 0.00651057 -0.0176488 -0.0165278 0.0853494 
0.0113135 -0.0199056 -0.00512411 0.00652772 -0.0199056 0.0935758 0.00651094 -0.0176887 -0.00512411 0.00651094 0.00848311 -0.0164944 0.00652772 -0.0176887 -0.0164944 0.0852919 
0.0113284 -0.0198781 -0.00514742 0.00658529 -0.0198781 0.0936076 0.00656952 -0.0178054 -0.00514742 0.00656952 0.00851172 -0.0165745 0.00658529 -0.0178054 -0.0165745 0.0854423 
0.0113367 -0.0198496 -0.00514746 0.00660829 -0.0198496 0.0934556 0.00659478 -0.0178951 -0.00514746 0.00659478 0.00850072 -0.0166034 0.00660829 -0.0178951 -0.0166034 0.0855034 
0.0113719 -0.0198683 -0.00513234 0.00661896 -0.0198683 0.093483 0.00661395 -0.0179701 -0.00513234 0.00661395 0.00847906 -0.0166236 0.00661896 -0.0179701 -0.0166236 0.085639 
0.0113608 -0.0199165 -0.00511206 0.00658106 -0.0199165 0.0935531 0.00658532 -0.0179229 -0.00511206 0.00658532 0.00849617 -0.0165672 0.00658106 -0.0179229 -0.0165672 0.0855313 
0.0113731 -0.0198846 -0.00509906 0.00655325 -0.0198846 0.0934917 0.00655613 -0.0178505 -0.00509906 0.00655613 0.00848073 -0.0165832 0.00655325 -0.0178505 -0.0165832 0.0854679 
0.0114037 -0.0199307 -0.00508675 0.00654259 -0.0199307 0.0936156 0.00654426 -0.0178076 -0.00508675 0.00654426 0.00848235 -0.0165905 0.00654259 -0.0178076 -0.0165905 0.0855523 
0.0114277 -0.0199268 -0.00508406 0.00652965 -0.0199268 0.0935894 0.00653318 -0.0177828 -0.00508406 0.00653318 0.00843586 -0.016603 0.00652965 -0.0177828 -0.016603 0.0855857 
0.0115147 -0.0199959 -0.005032 0.00651973 -0.0199959 0.0937605 0.00652921 -0.0177492 -0.005032 0.00652921 0.00834824 -0.0165412 0.00651973 -0.0177492 -0.0165412 0.0855309 
0.011525 -0.0201137 -0.00501232 0.0064405 -0.0201137 0.094009 0.00646021 -0.0176055 -0.00501232 0.00646021 0.00834856 -0.0164013 0.0064405 -0.0176055 -0.0164013 0.0852139 
0.0114902 -0.020157 -0.00506392 0.00640944 -0.020157 0.0942383 0.00642608 -0.0174778 -0.00506392 0.00642608 0.00843903 -0.0163934 0.00640944 -0.0174778 -0.0163934 0.085062 
0.0114292 -0.0201332 -0.00511646 0.006472 -0.0201332 0.0943159 0.00647327 -0.0175058 -0.00511646 0.00647327 0.00859063 -0.0165155 0.006472 -0.0175058 -0.0165155 0.0852404 
0.0114013 -0.0200208 -0.00514827 0.00654557 -0.0200208 0.0940815 0.0065284 -0.017639 -0.00514827 0.0065284 0.00865298 -0.0167303 0.00654557 -0.017639 -0.0167303 0.0856778 
0.0114357 -0.0199859 -0.00514072 0.0065848 -0.0199859 0.0939328 0.00656479 -0.0177519 -0.00514072 0.00656479 0.00864924 -0.0168429 0.0065848 -0.0177519 -0.0168429 0.086108 
0.011464 -0.0200383 -0.00513018 0.0065672 -0.0200383 0.0939884 0.00655967 -0.0177693 -0.00513018 0.00655967 0.0086374 -0.0168487 0.0065672 -0.0177693 -0.0168487 0.0862996 
0.0114865 -0.0200769 -0.0051054 0.0065439 -0.0200769 0.0940924 0.00654628 -0.01773 -0.0051054 0.00654628 0.00861832 -0.0168341 0.0065439 -0.01773 -0.0168341 0.0863252 
0.0114269 -0.0200748 -0.00514672 0.00652295 -0.0200748 0.0940988 0.00652815 -0.0176998 -0.00514672 0.00652815 0.0086428 -0.016827 0.00652295 -0.0176998 -0.016827 0.0863325 
0.0113578 -0.0199773 -0.00520499 0.00657714 -0.0199773 0.0938977 0.00657709 -0.0177693 -0.00520499 0.00657709 0.00863597 -0.0168486 0.00657714 -0.0177693 -0.0168486 0.0863391 
0.0113345 -0.0199162 -0.00525329 0.00665395 -0.0199162 0.0937467 0.00664867 -0.0179241 -0.00525329 0.00664867 0.00862848 -0.0168198 0.00665395 -0.0179241 -0.0168198 0.0862945 
0.0112585 -0.0198848 -0.00530949 0.0067138 -0.0198848 0.0936072 0.00671078 -0.018092 -0.00530949 0.00671078 0.00870693 -0.0167767 0.0067138 -0.018092 -0.0167767 0.0861348 
0.0112355 -0.0198581 -0.00534015 0.00678647 -0.0198581 0.093652 0.00678035 -0.0182678 -0.00534015 0.00678035 0.00882733 -0.0168688 0.00678647 -0.0182678 -0.0168688 0.0862581 
0.0112441 -0.0197617 -0.00530885 0.0068246 -0.0197617 0.0933618 0.00681163 -0.0184012 -0.00530885 0.00681163 0.00882181 -0.0170195 0.0068246 -0.0184012 -0.0170195 0.0864972 
0.0112762 -0.0197872 -0.00526337 0.00678755 -0.0197872 0.0933362 0.00677951 -0.0183989 -0.00526337 0.00677951 0.00877412 -0.0170536 0.00678755 -0.0183989 -0.0170536 0.0867479 
0.0113218 -0.0198162 -0.00523115 0.00673143 -0.0198162 0.0934011 0.00673088 -0.0183024 -0.00523115 0.00673088 0.00867422 -0.0170158 0.00673143 -0.0183024 -0.0170158 0.0868045 
0.0113499 -0.0198571 -0.00521799 0.00667652 -0.0198571 0.0934407 0.00668365 -0.0181597 -0.00521799 0.00668365 0.00858825 -0.0168627 0.00667652 -0.0181597 -0.0168627 0.086503 
0.01138 -0.019925 -0.00522093 0.00666931 -0.019925 0.0936498 0.00668275 -0.0181083 -0.00522093 0.00668275 0.00854727 -0.0167499 0.00666931 -0.0181083 -0.0167499 0.0862262 
0.0113555 -0.0199377 -0.00523614 0.00667391 -0.0199377 0.0936906 0.00668841 -0.0181098 -0.00523614 0.00668841 0.00851736 -0.0166718 0.00667391 -0.0181098 -0.0166718 0.0859262 
0.0113756 -0.0199104 -0.00521205 0.00669309 -0.0199104 0.0936368 0.0067024 -0.0181356 -0.00521205 0.0067024 0.00845363 -0.0166062 0.00669309 -0.0181356 -0.0166062 0.0856536 
0.0113771 -0.0199495 -0.00522308 0.00668874 -0.0199495 0.0937426 0.00669647 -0.0181756 -0.00522308 0.00669647 0.00846714 -0.0165537 0.00668874 -0.0181756 -0.0165537 0.0855585 
0.0113698 -0.0198957 -0.00522296 0.00669918 -0.0198957 0.0935736 0.00670402 -0.0181984 -0.00522296 0.00670402 0.0084517 -0.0165418 0.00669918 -0.0181984 -0.0165418 0.0853922 
0.0113254 -0.0199187 -0.00524461 0.00670218 -0.0199187 0.0936013 0.00670632 -0.0182193 -0.00524461 0.00670632 0.0084883 -0.0165261 0.00670218 -0.0182193 -0.0165261 0.0853462 
0.0113273 -0.0199027 -0.00522606 0.00672876 -0.0199027 0.0936721 0.00672746 -0.0182528 -0.00522606 0.00672746 0.00851418 -0.0165691 0.00672876 -0.0182528 -0.0165691 0.0854217 
0.0113207 -0.0198718 -0.00521217 0.0067121 -0.0198718 0.0935889 0.00670455 -0.0182494 -0.00521217 0.00670455 0.00850785 -0.016612 0.0067121 -0.0182494 -0.016612 0.0855318 
0.0113023 -0.0198721 -0.00520462 0.00668391 -0.0198721 0.0935609 0.00667494 -0.0181748 -0.00520462 0.00667494 0.00852812 -0.0165952 0.00668391 -0.0181748 -0.0165952 0.0855351 
0.0112564 -0.0198389 -0.00522611 0.00668409 -0.0198389 0.0935036 0.00667354 -0.0181563 -0.00522611 0.00667354 0.00859735 -0.01664 0.00668409 -0.0181563 -0.01664 0.0856355 
0.0112394 -0.0197511 -0.0052051 0.00670626 -0.0197511 0.0932554 0.0066918 -0.0181786 -0.0052051 0.0066918 0.00860632 -0.0167134 0.00670626 -0.0181786 -0.0167134 0.0857388 
0.0112005 -0.0197832 -0.00521942 0.00667758 -0.0197832 0.0933062 0.0066641 -0.018142 -0.00521942 0.0066641 0.00868547 -0.0167334 0.00667758 -0.018142 -0.0167334 0.0858814 
0.0112317 -0.0196944 -0.00519861 0.00668892 -0.0196944 0.0931073 0.00667256 -0.0181256 -0.00519861 0.00667256 0.00863273 -0.0168294 0.00668892 -0.0181256 -0.0168294 0.0860299 
0.0112776 -0.0197046 -0.00516716 0.00666868 -0.0197046 0.0929925 0.00666048 -0.0181144 -0.00516716 0.00666048 0.0085478 -0.0167913 0.00666868 -0.0181144 -0.0167913 0.0860795 
0.0113117 -0.0197783 -0.00515563 0.00662957 -0.0197783 0.0931267 0.00663785 -0.0180642 -0.00515563 0.00663785 0.00847293 -0.016686 0.00662957 -0.0180642 -0.016686 0.0859344 
0.011241 -0.019831 -0.0051828 0.00660979 -0.019831 0.093284 0.00662758 -0.0180102 -0.0051828 0.00662758 0.00849649 -0.0165661 0.00660979 -0.0180102 -0.0165661 0.0856306 
0.0111786 -0.0197718 -0.0052099 0.00664535 -0.0197718 0.093294 0.00665207 -0.0180334 -0.0052099 0.00665207 0.00855991 -0.0165605 0.00664535 -0.0180334 -0.0165605 0.0854644 
0.0111443 -0.0196488 -0.00522677 0.00669795 -0.0196488 0.0929998 0.00668591 -0.0181394 -0.00522677 0.00668591 0.00858974 -0.0166446 0.00669795 -0.0181394 -0.0166446 0.0855301 
0.0111919 -0.0196001 -0.0051943 0.00672634 -0.0196001 0.0927876 0.0067092 -0.018235 -0.0051943 0.0067092 0.00854675 -0.0166921 0.00672634 -0.018235 -0.0166921 0.0856692 
0.0111973 -0.0196631 -0.00517145 0.00668475 -0.0196631 0.0928282 0.00667902 -0.0182193 -0.00517145 0.00667902 0.00854862 -0.0166496 0.00668475 -0.0182193 -0.0166496 0.0856799 
0.0112151 -0.0196519 -0.00516178 0.00666219 -0.0196519 0.0928473 0.00666401 -0.0181869 -0.00516178 0.00666401 0.00850444 -0.016674 0.00666219 -0.0181869 -0.016674 0.0857412 
0.0112553 -0.0196658 -0.0051563 0.00664412 -0.0196658 0.0928488 0.00665087 -0.018141 -0.0051563 0.00665087 0.00841681 -0.0166111 0.00664412 -0.018141 -0.0166111 0.0856563 
0.0112541 -0.0197243 -0.00517298 0.006631 -0.0197243 0.0929413 0.00664799 -0.0181061 -0.00517298 0.00664799 0.00837409 -0.0164709 0.006631 -0.0181061 -0.0164709 0.0853416 
0.0111954 -0.0197201 -0.00522378 0.00665431 -0.0197201 0.0929558 0.00667311 -0.0181386 -0.00522378 0.00667311 0.00839065 -0.0163854 0.00665431 -0.0181386 -0.0163854 0.085007 
0.0111633 -0.0196881 -0.00524563 0.00672602 -0.0196881 0.0929776 0.00673555 -0.0182642 -0.00524563 0.00673555 0.00841788 -0.0163854 0.00672602 -0.0182642 -0.0163854 0.0848767 
0.0112103 -0.0196837 -0.00521648 0.00676177 -0.0196837 0.09304 0.00675981 -0.0183726 -0.00521648 0.00675981 0.00841449 -0.016411 0.00676177 -0.0183726 -0.016411 0.0849023 
0.0111423 -0.0197181 -0.00524705 0.0067251 -0.0197181 0.0930749 0.00672072 -0.0183544 -0.00524705 0.00672072 0.00851713 -0.0164168 0.0067251 -0.0183544 -0.0164168 0.0849235 
0.0110946 -0.0196046 -0.00523515 0.00676152 -0.0196046 0.09287 0.0067482 -0.0183785 -0.00523515 0.0067482 0.00855261 -0.0165598 0.00676152 -0.0183785 -0.0165598 0.0851486 
0.0110708 -0.0195093 -0.00521273 0.00675717 -0.0195093 0.0925659 0.00673696 -0.018398 -0.00521273 0.00673696 0.00853167 -0.0166331 0.00675717 -0.018398 -0.0166331 0.0854093 
0.0110865 -0.0195094 -0.00518062 0.00672321 -0.0195094 0.0924977 0.00670749 -0.0183351 -0.00518062 0.00670749 0.00850556 -0.0165964 0.00672321 -0.0183351 -0.0165964 0.0854563 
0.01114 -0.0195596 -0.00513387 0.00667668 -0.0195596 0.0926172 0.00666852 -0.0182347 -0.00513387 0.00666852 0.00846807 -0.0165489 0.00667668 -0.0182347 -0.0165489 0.0853868 
