0.00358413 0 0.000961763 0 0 0.00998294 0 0 0.000961763 0 0.0107986 0 0 0 0 0.00998294 
0.00530041 -0.00665175 0.00166047 -0.00205492 -0.00665175 0.0219161 -0.00205492 0.00393973 0.00166047 -0.00205492 0.0150204 -0.018584 -0.00205492 0.00393973 -0.018584 0.0447948 
0.00575166 -0.0118651 0.00157476 -0.0029403 -0.0118651 0.0473046 -0.0029403 0.00945151 0.00157476 -0.0029403 0.0145745 -0.0263041 -0.0029403 0.00945151 -0.0263041 0.093062 
0.00552088 -0.0133372 0.00126844 -0.00227128 -0.0133372 0.0653099 -0.00225749 0.00899015 0.00126844 -0.00225749 0.0135932 -0.02415 -0.00227128 0.00899015 -0.02415 0.103042 
0.00531646 -0.0131145 0.00118524 -0.00179957 -0.0131145 0.0726655 -0.00177189 0.00707393 0.00118524 -0.00177189 0.0137165 -0.0229285 -0.00179957 0.00707393 -0.0229285 0.102051 
0.00524961 -0.0126741 0.00124993 -0.00168952 -0.0126741 0.0743541 -0.00166393 0.0058661 0.00124993 -0.00166393 0.0141097 -0.0231482 -0.00168952 0.0058661 -0.0231482 0.1022 
0.00522163 -0.0124272 0.00141329 -0.00183962 -0.0124272 0.0742004 -0.00182668 0.00568904 0.00141329 -0.00182668 0.0143068 -0.0235317 -0.00183962 0.00568904 -0.0235317 0.103043 
0.00523326 -0.0123135 0.00159513 -0.00206471 -0.0123135 0.0738559 -0.00206684 0.00603711 0.00159513 -0.00206684 0.0143474 -0.0237223 -0.00206471 0.00603711 -0.0237223 0.103729 
0.00525018 -0.0122878 0.00167346 -0.00228591 -0.0122878 0.0736352 -0.00230396 0.00655993 0.00167346 -0.00230396 0.0143376 -0.0237444 -0.00228591 0.00655993 -0.0237444 0.103977 
0.00526197 -0.0123119 0.00171212 -0.00241768 -0.0123119 0.0736185 -0.00243948 0.00704149 0.00171212 -0.00243948 0.0143272 -0.0237175 -0.00241768 0.00704149 -0.0237175 0.103994 
0.00526748 -0.0123064 0.00171172 -0.00244563 -0.0123064 0.0735518 -0.00245567 0.00722299 0.00171172 -0.00245567 0.0143136 -0.0236893 -0.00244563 0.00722299 -0.0236893 0.103884 
0.00531499 -0.0123118 0.00170951 -0.00240769 -0.0123118 0.0735776 -0.00240561 0.00715635 0.00170951 -0.00240561 0.0143143 -0.023724 -0.00240769 0.00715635 -0.023724 0.10399 
0.00535609 -0.0123751 0.00170244 -0.00239071 -0.0123751 0.0736782 -0.00238697 0.00707043 0.00170244 -0.00238697 0.0142993 -0.0237238 -0.00239071 0.00707043 -0.0237238 0.104024 
0.00538696 -0.0124394 0.00169678 -0.00238652 -0.0124394 0.0738197 -0.00238709 0.00704445 0.00169678 -0.00238709 0.0142655 -0.0236789 -0.00238652 0.00704445 -0.0236789 0.103904 
0.00543387 -0.012495 0.00169912 -0.00235458 -0.012495 0.0740289 -0.00235881 0.00695714 0.00169912 -0.00235881 0.0142535 -0.0236691 -0.00235458 0.00695714 -0.0236691 0.103897 
0.00547601 -0.0125742 0.00176032 -0.0023509 -0.0125742 0.0742891 -0.00236101 0.00691334 0.00176032 -0.00236101 0.0142528 -0.023668 -0.0023509 0.00691334 -0.023668 0.103934 
0.00544718 -0.012633 0.00181582 -0.00244868 -0.012633 0.0744336 -0.00246997 0.00709468 0.00181582 -0.00246997 0.0142365 -0.0236052 -0.00244868 0.00709468 -0.0236052 0.103718 
0.00542014 -0.01262 0.00180085 -0.00252121 -0.01262 0.0745632 -0.00254392 0.00730419 0.00180085 -0.00254392 0.0142632 -0.023621 -0.00252121 0.00730419 -0.023621 0.103749 
0.00538476 -0.0125581 0.0017552 -0.00250421 -0.0125581 0.0744181 -0.00251598 0.00734762 0.0017552 -0.00251598 0.0142665 -0.0236247 -0.00250421 0.00734762 -0.0236247 0.103689 
0.00537169 -0.0125099 0.00170496 -0.00244152 -0.0125099 0.074312 -0.00243594 0.00721677 0.00170496 -0.00243594 0.0142988 -0.0236719 -0.00244152 0.00721677 -0.0236719 0.103835 
0.00533356 -0.0124825 0.00164559 -0.00237934 -0.0124825 0.0741932 -0.00236241 0.00704108 0.00164559 -0.00236241 0.0143503 -0.0237049 -0.00237934 0.00704108 -0.0237049 0.103927 
0.0053607 -0.01243 0.00153817 -0.00228406 -0.01243 0.0740689 -0.0022573 0.00677924 0.00153817 -0.0022573 0.0143743 -0.0237888 -0.00228406 0.00677924 -0.0237888 0.104119 
0.00540511 -0.0124777 0.00144289 -0.00215698 -0.0124777 0.0741298 -0.00212361 0.00646938 0.00144289 -0.00212361 0.0144015 -0.0238453 -0.00215698 0.00646938 -0.0238453 0.104355 
0.00543473 -0.0125403 0.00142478 -0.00206272 -0.0125403 0.0742088 -0.00202819 0.00621706 0.00142478 -0.00202819 0.0143726 -0.0238224 -0.00206272 0.00621706 -0.0238224 0.10428 
0.00545799 -0.0126207 0.00153794 -0.00207759 -0.0126207 0.0744822 -0.0020538 0.00620264 0.00153794 -0.0020538 0.0143259 -0.0238024 -0.00207759 0.00620264 -0.0238024 0.104295 
0.00547447 -0.01265 0.00164393 -0.00220479 -0.01265 0.0746201 -0.00220834 0.00643317 0.00164393 -0.00220834 0.0142695 -0.0237211 -0.00220479 0.00643317 -0.0237211 0.104125 
0.00546797 -0.0126653 0.00168645 -0.00235774 -0.0126653 0.0746646 -0.00238735 0.00686097 0.00168645 -0.00238735 0.0141988 -0.0236138 -0.00235774 0.00686097 -0.0236138 0.10382 
0.00546245 -0.012635 0.0016785 -0.00237525 -0.012635 0.0746225 -0.00240994 0.00702616 0.0016785 -0.00240994 0.0141695 -0.023546 -0.00237525 0.00702616 -0.023546 0.103613 
0.00546404 -0.0126037 0.00162958 -0.00236259 -0.0126037 0.0745032 -0.00238879 0.00703909 0.00162958 -0.00238879 0.0141274 -0.0234977 -0.00236259 0.00703909 -0.0234977 0.10342 
0.0054762 -0.0125882 0.00160762 -0.00229541 -0.0125882 0.0744055 -0.00230732 0.00689959 0.00160762 -0.00230732 0.0141016 -0.0234539 -0.00229541 0.00689959 -0.0234539 0.103284 
0.00546873 -0.0126112 0.00160687 -0.00231003 -0.0126112 0.0744094 -0.00231489 0.00689728 0.00160687 -0.00231489 0.0140604 -0.0233991 -0.00231003 0.00689728 -0.0233991 0.103124 
0.00543809 -0.0125966 0.0016013 -0.00228164 -0.0125966 0.0744344 -0.00228495 0.00682485 0.0016013 -0.00228495 0.0140795 -0.0233872 -0.00228164 0.00682485 -0.0233872 0.103123 
0.00541114 -0.0125291 0.00159232 -0.00227392 -0.0125291 0.074251 -0.00227182 0.00677513 0.00159232 -0.00227182 0.0140724 -0.0233764 -0.00227392 0.00677513 -0.0233764 0.103018 
0.00540267 -0.0124921 0.00162847 -0.00225512 -0.0124921 0.0741596 -0.00224942 0.00671376 0.00162847 -0.00224942 0.0140862 -0.0234158 -0.00225512 0.00671376 -0.0234158 0.103153 
0.00540065 -0.0124481 0.00161514 -0.0022553 -0.0124481 0.0739754 -0.00225371 0.00663685 0.00161514 -0.00225371 0.0141078 -0.0234266 -0.0022553 0.00663685 -0.0234266 0.10318 
0.00536789 -0.0124624 0.00167371 -0.00229219 -0.0124624 0.0739315 -0.0022928 0.00674497 0.00167371 -0.0022928 0.014124 -0.0234226 -0.00229219 0.00674497 -0.0234226 0.103145 
0.00531199 -0.012423 0.00174958 -0.00235878 -0.012423 0.0738647 -0.00236154 0.00688712 0.00174958 -0.00236154 0.014164 -0.0234461 -0.00235878 0.00688712 -0.0234461 0.103168 
0.00524551 -0.01235 0.00182229 -0.00245635 -0.01235 0.0737237 -0.00245924 0.00710984 0.00182229 -0.00245924 0.0142247 -0.023508 -0.00245635 0.00710984 -0.023508 0.103301 
0.00519791 -0.0122563 0.00191984 -0.00254951 -0.0122563 0.0734977 -0.00254991 0.00735263 0.00191984 -0.00254991 0.0142528 -0.0235903 -0.00254951 0.00735263 -0.0235903 0.103504 
0.00519378 -0.0121883 0.00188495 -0.00264931 -0.0121883 0.0733222 -0.00265163 0.00757908 0.00188495 -0.00265163 0.0142885 -0.0236688 -0.00264931 0.00757908 -0.0236688 0.103803 
0.00524928 -0.012169 0.00178071 -0.0026009 -0.012169 0.0731812 -0.00259873 0.00758787 0.00178071 -0.00259873 0.0142549 -0.023706 -0.0026009 0.00758787 -0.023706 0.103951 
0.00533465 -0.0122365 0.00170747 -0.00244963 -0.0122365 0.0732316 -0.00243852 0.00728734 0.00170747 -0.00243852 0.0142252 -0.023672 -0.00244963 0.00728734 -0.023672 0.103954 
0.00540282 -0.0123786 0.00168053 -0.00237361 -0.0123786 0.0735408 -0.00236463 0.00704751 0.00168053 -0.00236463 0.0142086 -0.0236181 -0.00237361 0.00704751 -0.0236181 0.103846 
0.00544177 -0.0124798 0.00162313 -0.00230928 -0.0124798 0.0738383 -0.00230831 0.00683057 0.00162313 -0.00230831 0.014209 -0.0235862 -0.00230928 0.00683057 -0.0235862 0.1037 
0.00546852 -0.0125626 0.00163726 -0.00226924 -0.0125626 0.0741307 -0.00226794 0.00672691 0.00163726 -0.00226794 0.0141901 -0.0235733 -0.00226924 0.00672691 -0.0235733 0.10361 
0.00547047 -0.0126286 0.00169652 -0.00230271 -0.0126286 0.0744235 -0.0023063 0.00676347 0.00169652 -0.0023063 0.0141865 -0.0235633 -0.00230271 0.00676347 -0.0235633 0.103616 
0.00543529 -0.0126278 0.00176773 -0.00239408 -0.0126278 0.0744944 -0.00240639 0.00696883 0.00176773 -0.00240639 0.0141914 -0.0235167 -0.00239408 0.00696883 -0.0235167 0.103457 
0.00538628 -0.0125852 0.00178908 -0.00247318 -0.0125852 0.0744948 -0.00248748 0.00717833 0.00178908 -0.00248748 0.0142412 -0.0235585 -0.00247318 0.00717833 -0.0235585 0.103542 
0.00538901 -0.0124971 0.00175851 -0.00248017 -0.0124971 0.0743018 -0.00248536 0.0072371 0.00175851 -0.00248536 0.0142478 -0.0236283 -0.00248017 0.0072371 -0.0236283 0.103687 
0.00540577 -0.0124782 0.00173073 -0.00243255 -0.0124782 0.0741228 -0.00242829 0.00714973 0.00173073 -0.00242829 0.0142423 -0.023634 -0.00243255 0.00714973 -0.023634 0.10373 
0.00545748 -0.0125264 0.0018006 -0.00244745 -0.0125264 0.0741792 -0.00244146 0.00718633 0.0018006 -0.00244146 0.014186 -0.0236096 -0.00244745 0.00718633 -0.0236096 0.103702 
0.00546751 -0.0125946 0.00182962 -0.00250556 -0.0125946 0.0743379 -0.00251285 0.00727574 0.00182962 -0.00251285 0.014173 -0.0235514 -0.00250556 0.00727574 -0.0235514 0.103617 
0.00545025 -0.0126096 0.00182785 -0.00251112 -0.0126096 0.0744496 -0.00252817 0.00731092 0.00182785 -0.00252817 0.0142147 -0.0235479 -0.00251112 0.00731092 -0.0235479 0.10358 
0.00538784 -0.0125942 0.00183293 -0.0025509 -0.0125942 0.0744305 -0.00256232 0.00742839 0.00183293 -0.00256232 0.0142399 -0.0235528 -0.0025509 0.00742839 -0.0235528 0.103491 
0.00532763 -0.0125093 0.00183535 -0.00255089 -0.0125093 0.0742966 -0.00254839 0.00744563 0.00183535 -0.00254839 0.0142725 -0.0236115 -0.00255089 0.00744563 -0.0236115 0.103605 
0.00535476 -0.0124086 0.00184789 -0.002511 -0.0124086 0.0740598 -0.00249828 0.00731344 0.00184789 -0.00249828 0.0142939 -0.023697 -0.002511 0.00731344 -0.023697 0.10386 
0.00538617 -0.0124476 0.00188055 -0.00255344 -0.0124476 0.0740199 -0.00254547 0.00736732 0.00188055 -0.00254547 0.0143049 -0.0237126 -0.00255344 0.00736732 -0.0237126 0.103987 
0.00540715 -0.012501 0.00195629 -0.00260896 -0.012501 0.0740969 -0.00261071 0.00752105 0.00195629 -0.00261071 0.0142974 -0.0236936 -0.00260896 0.00752105 -0.0236936 0.103936 
0.00537042 -0.0125517 0.00196737 -0.00268926 -0.0125517 0.0742918 -0.0027002 0.00770554 0.00196737 -0.0027002 0.0143621 -0.0237154 -0.00268926 0.00770554 -0.0237154 0.104023 
0.00534788 -0.012493 0.00197436 -0.002687 -0.012493 0.0742066 -0.00269176 0.00775318 0.00197436 -0.00269176 0.014391 -0.0237663 -0.002687 0.00775318 -0.0237663 0.10404 
0.00532753 -0.0124787 0.00203524 -0.00271335 -0.0124787 0.0741862 -0.00270842 0.00780825 0.00203524 -0.00270842 0.0144274 -0.0238325 -0.00271335 0.00780825 -0.0238325 0.104237 
0.00532117 -0.0124646 0.00208264 -0.00280511 -0.0124646 0.0741771 -0.00279944 0.00799402 0.00208264 -0.00279944 0.0144342 -0.0238751 -0.00280511 0.00799402 -0.0238751 0.104392 
0.00533329 -0.0124466 0.00209123 -0.0028684 -0.0124466 0.0741022 -0.00286664 0.00818859 0.00209123 -0.00286664 0.0143925 -0.0238628 -0.0028684 0.00818859 -0.0238628 0.104386 
0.00533973 -0.0124617 0.00209439 -0.00287691 -0.0124617 0.0741084 -0.00287977 0.00827805 0.00209439 -0.00287977 0.0143623 -0.0238222 -0.00287691 0.00827805 -0.0238222 0.104342 
0.00534027 -0.0124698 0.00212553 -0.00286367 -0.0124698 0.0741547 -0.00286876 0.00826365 0.00212553 -0.00286876 0.014358 -0.0238001 -0.00286367 0.00826365 -0.0238001 0.104316 
0.00530979 -0.0124577 0.00215028 -0.00291977 -0.0124577 0.0740782 -0.00292874 0.00837145 0.00215028 -0.00292874 0.014325 -0.023738 -0.00291977 0.00837145 -0.023738 0.10409 
0.00528821 -0.0124168 0.00213635 -0.00291827 -0.0124168 0.0740498 -0.00292689 0.00838012 0.00213635 -0.00292689 0.0143446 -0.0237622 -0.00291827 0.00838012 -0.0237622 0.104169 
0.00527514 -0.0123661 0.00214733 -0.00291034 -0.0123661 0.0738709 -0.00291513 0.00837485 0.00214733 -0.00291513 0.0143298 -0.023748 -0.00291034 0.00837485 -0.023748 0.104093 
0.00528746 -0.012358 0.00215666 -0.00292605 -0.012358 0.0738514 -0.00292891 0.00839186 0.00215666 -0.00292891 0.0143496 -0.0237714 -0.00292605 0.00839186 -0.0237714 0.104208 
0.00526438 -0.0123496 0.00218399 -0.0029468 -0.0123496 0.0737225 -0.00294903 0.00844727 0.00218399 -0.00294903 0.0143355 -0.0237334 -0.0029468 0.00844727 -0.0237334 0.104044 
0.00524952 -0.0123418 0.00218543 -0.00296805 -0.0123418 0.0737743 -0.00297024 0.00848658 0.00218543 -0.00297024 0.0143899 -0.0237856 -0.00296805 0.00848658 -0.0237856 0.104219 
0.00521658 -0.0122931 0.00219841 -0.00294823 -0.0122931 0.0736044 -0.0029466 0.00843997 0.00219841 -0.0029466 0.0144258 -0.0238125 -0.00294823 0.00843997 -0.0238125 0.104213 
0.00519468 -0.0122755 0.00222429 -0.002971 -0.0122755 0.0735938 -0.00296437 0.00845411 0.00222429 -0.00296437 0.0144771 -0.0239049 -0.002971 0.00845411 -0.0239049 0.104477 
0.00518325 -0.0122511 0.00223219 -0.00301225 -0.0122511 0.0735387 -0.00300442 0.00853607 0.00223219 -0.00300442 0.0144888 -0.0239556 -0.00301225 0.00853607 -0.0239556 0.104641 
0.00522191 -0.0122368 0.00222961 -0.0030377 -0.0122368 0.0734853 -0.00303137 0.00863696 0.00222961 -0.00303137 0.0144402 -0.0239581 -0.0030377 0.00863696 -0.0239581 0.104689 
0.00524532 -0.0122763 0.00221055 -0.00302659 -0.0122763 0.0734952 -0.00302659 0.00865443 0.00221055 -0.00302659 0.0144103 -0.0238879 -0.00302659 0.00865443 -0.0238879 0.104566 
0.00527065 -0.0123191 0.00217213 -0.00298838 -0.0123191 0.0736326 -0.00299343 0.00858411 0.00217213 -0.00299343 0.0144293 -0.023875 -0.00298838 0.00858411 -0.023875 0.104539 
0.00527479 -0.0123496 0.00217623 -0.00295395 -0.0123496 0.0736916 -0.00295614 0.00851071 0.00217623 -0.00295614 0.0144292 -0.0238576 -0.00295395 0.00851071 -0.0238576 0.104413 
0.00527403 -0.0123757 0.0021981 -0.0029842 -0.0123757 0.0737926 -0.00298201 0.00855429 0.0021981 -0.00298201 0.0144164 -0.0238575 -0.0029842 0.00855429 -0.0238575 0.104386 
0.00526255 -0.0123808 0.00222001 -0.00299973 -0.0123808 0.0738833 -0.00299814 0.00858826 0.00222001 -0.00299814 0.0144311 -0.0238728 -0.00299973 0.00858826 -0.0238728 0.10447 
0.00522241 -0.0123592 0.0022306 -0.00303282 -0.0123592 0.073857 -0.00303151 0.00866241 0.0022306 -0.00303151 0.0144266 -0.0238717 -0.00303282 0.00866241 -0.0238717 0.104465 
0.00519904 -0.0122776 0.00224971 -0.0030108 -0.0122776 0.0736395 -0.00300821 0.00861191 0.00224971 -0.00300821 0.0144203 -0.0238607 -0.0030108 0.00861191 -0.0238607 0.104395 
0.00520004 -0.01226 0.00230728 -0.0030665 -0.01226 0.0735763 -0.00306703 0.00871946 0.00230728 -0.00306703 0.0144073 -0.0238752 -0.0030665 0.00871946 -0.0238752 0.104474 
0.00519917 -0.012245 0.00232847 -0.00313905 -0.012245 0.0734774 -0.00314624 0.00889425 0.00232847 -0.00314624 0.0143743 -0.0238343 -0.00313905 0.00889425 -0.0238343 0.104383 
0.00519385 -0.0122353 0.00232602 -0.00315772 -0.0122353 0.0734289 -0.00316856 0.00899698 0.00232602 -0.00316856 0.0143574 -0.0238033 -0.00315772 0.00899698 -0.0238033 0.104315 
0.00517996 -0.0122224 0.00233247 -0.00312919 -0.0122224 0.0734165 -0.00313795 0.00895048 0.00233247 -0.00313795 0.0143984 -0.0238146 -0.00312919 0.00895048 -0.0238146 0.104365 
0.00516965 -0.0121933 0.00235309 -0.00314132 -0.0121933 0.073305 -0.00314548 0.00894195 0.00235309 -0.00314548 0.0144214 -0.0238307 -0.00314132 0.00894195 -0.0238307 0.104332 
0.00515839 -0.0121797 0.0024092 -0.00318281 -0.0121797 0.073216 -0.00318321 0.0090259 0.0024092 -0.00318321 0.0144209 -0.0238475 -0.00318281 0.0090259 -0.0238475 0.104321 
0.00515006 -0.0121841 0.0024222 -0.00324108 -0.0121841 0.0732772 -0.0032426 0.00913823 0.0024222 -0.0032426 0.0144629 -0.0239023 -0.00324108 0.00913823 -0.0239023 0.104534 
0.00514292 -0.0121673 0.00244214 -0.00327029 -0.0121673 0.0732227 -0.00327012 0.00925311 0.00244214 -0.00327012 0.0144454 -0.0239153 -0.00327029 0.00925311 -0.0239153 0.104553 
0.00516191 -0.0121605 0.00245054 -0.00329887 -0.0121605 0.0732043 -0.0032991 0.00934085 0.00245054 -0.0032991 0.0144225 -0.0239023 -0.00329887 0.00934085 -0.0239023 0.104566 
0.00520651 -0.0121763 0.00248627 -0.00329028 -0.0121763 0.0732201 -0.00329368 0.00933839 0.00248627 -0.00329368 0.0143911 -0.0238851 -0.00329028 0.00933839 -0.0238851 0.104554 
0.00523879 -0.0122448 0.00249895 -0.00334 -0.0122448 0.0733628 -0.00335162 0.00943175 0.00249895 -0.00335162 0.0143807 -0.0238435 -0.00334 0.00943175 -0.0238435 0.10449 
0.00524376 -0.0122966 0.00253792 -0.00337105 -0.0122966 0.0735089 -0.00338696 0.0095536 0.00253792 -0.00338696 0.0143546 -0.0238034 -0.00337105 0.0095536 -0.0238034 0.104351 
0.005214 -0.0122945 0.00256938 -0.00340701 -0.0122945 0.073528 -0.00342232 0.00963586 0.00256938 -0.00342232 0.01434 -0.0237571 -0.00340701 0.00963586 -0.0237571 0.104176 
0.00516812 -0.0122564 0.00263893 -0.00343616 -0.0122564 0.0735111 -0.00344994 0.00970113 0.00263893 -0.00344994 0.0143792 -0.0237756 -0.00343616 0.00970113 -0.0237756 0.104212 
0.00513658 -0.0121824 0.00265387 -0.00350754 -0.0121824 0.0733585 -0.00351705 0.00981307 0.00265387 -0.00351705 0.0144275 -0.0238329 -0.00350754 0.00981307 -0.0238329 0.104329 
0.00512828 -0.012143 0.00267698 -0.00355205 -0.012143 0.0732334 -0.00355357 0.00996142 0.00267698 -0.00355357 0.0144527 -0.0238984 -0.00355205 0.00996142 -0.0238984 0.10451 
0.00512575 -0.0121194 0.00278599 -0.00360309 -0.0121194 0.073069 -0.00360049 0.0101178 0.00278599 -0.00360049 0.0144182 -0.0238822 -0.00360309 0.0101178 -0.0238822 0.104453 
0.00510888 -0.012128 0.00283073 -0.00373877 -0.012128 0.0730874 -0.00374298 0.0104017 0.00283073 -0.00374298 0.0144101 -0.0238755 -0.00373877 0.0104017 -0.0238755 0.104509 
0.00510267 -0.0120852 0.00277866 -0.00374069 -0.0120852 0.0730208 -0.00374956 0.010468 0.00277866 -0.00374956 0.01445 -0.023898 -0.00374069 0.010468 -0.023898 0.104597 
0.00510505 -0.0120609 0.00271028 -0.00368276 -0.0120609 0.0728702 -0.00368559 0.0103936 0.00271028 -0.00368559 0.0144571 -0.0239068 -0.00368276 0.0103936 -0.0239068 0.104545 
0.00514054 -0.0120804 0.00269086 -0.00359235 -0.0120804 0.0728856 -0.00358337 0.0101835 0.00269086 -0.00358337 0.0144755 -0.0239455 -0.00359235 0.0101835 -0.0239455 0.104651 
0.0051629 -0.0121411 0.00264674 -0.00356048 -0.0121411 0.0730159 -0.00355125 0.0100272 0.00264674 -0.00355125 0.0145 -0.0239702 -0.00356048 0.0100272 -0.0239702 0.104736 
0.00519231 -0.012208 0.00262503 -0.0035022 -0.012208 0.0732829 -0.0034933 0.00987795 0.00262503 -0.0034933 0.0145484 -0.024037 -0.0035022 0.00987795 -0.024037 0.104964 
0.00522023 -0.012252 0.00261146 -0.00347545 -0.012252 0.0734247 -0.00346756 0.00977385 0.00261146 -0.00346756 0.0145725 -0.024056 -0.00347545 0.00977385 -0.024056 0.104991 
0.00523962 -0.0123119 0.00263635 -0.00348344 -0.0123119 0.0736071 -0.00347557 0.0097818 0.00263635 -0.00347557 0.0145796 -0.0240783 -0.00348344 0.0097818 -0.0240783 0.105037 
0.00519422 -0.0123447 0.00259688 -0.00351324 -0.0123447 0.0737275 -0.00350887 0.00983955 0.00259688 -0.00350887 0.0146054 -0.0240748 -0.00351324 0.00983955 -0.0240748 0.105018 
0.00518689 -0.0122985 0.00265296 -0.00348045 -0.0122985 0.0737222 -0.00346966 0.00982809 0.00265296 -0.00346966 0.0145861 -0.0241115 -0.00348045 0.00982809 -0.0241115 0.105078 
0.00518794 -0.0122775 0.00264863 -0.00352555 -0.0122775 0.0736643 -0.00351889 0.00985198 0.00264863 -0.00351889 0.0145835 -0.0241062 -0.00352555 0.00985198 -0.0241062 0.105133 
0.00519278 -0.0122834 0.00262731 -0.00353032 -0.0122834 0.0736854 -0.00352936 0.0099064 0.00262731 -0.00352936 0.0145956 -0.0241159 -0.00353032 0.0099064 -0.0241159 0.105209 
0.0051882 -0.0122742 0.00261022 -0.00350808 -0.0122742 0.073602 -0.00350649 0.00989284 0.00261022 -0.00350649 0.0145595 -0.0240854 -0.00350808 0.00989284 -0.0240854 0.10508 
0.00517566 -0.0122731 0.00262806 -0.00350603 -0.0122731 0.0735844 -0.00350518 0.00990228 0.00262806 -0.00350518 0.0145148 -0.0240414 -0.00350603 0.00990228 -0.0240414 0.104977 
0.00517483 -0.0122644 0.00264287 -0.00354049 -0.0122644 0.0736205 -0.00354407 0.00998287 0.00264287 -0.00354407 0.0144805 -0.0240054 -0.00354049 0.00998287 -0.0240054 0.104948 
0.00514925 -0.0122273 0.00265392 -0.00355417 -0.0122273 0.0734678 -0.00356387 0.0100443 0.00265392 -0.00356387 0.0144153 -0.0239159 -0.00355417 0.0100443 -0.0239159 0.104675 
0.00516709 -0.0121864 0.00266 -0.0035545 -0.0121864 0.0733923 -0.00356703 0.0100566 0.00266 -0.00356703 0.0143891 -0.0238792 -0.0035545 0.0100566 -0.0238792 0.104611 
0.00518187 -0.0121726 0.00262574 -0.00353711 -0.0121726 0.0732534 -0.00355117 0.010006 0.00262574 -0.00355117 0.0143619 -0.0238299 -0.00353711 0.010006 -0.0238299 0.104447 
0.0052243 -0.0121945 0.00259076 -0.00348751 -0.0121945 0.0732792 -0.00350006 0.00989725 0.00259076 -0.00350006 0.0143682 -0.0238251 -0.00348751 0.00989725 -0.0238251 0.104439 
0.00520668 -0.0122463 0.00252655 -0.00344871 -0.0122463 0.0733322 -0.00345881 0.00979144 0.00252655 -0.00345881 0.0143895 -0.0237996 -0.00344871 0.00979144 -0.0237996 0.104319 
0.00518541 -0.0122513 0.00249688 -0.00340274 -0.0122513 0.073419 -0.00340186 0.0097043 0.00249688 -0.00340186 0.0144096 -0.023822 -0.00340274 0.0097043 -0.023822 0.104315 
0.00520539 -0.0122224 0.00248776 -0.00334804 -0.0122224 0.0734184 -0.00333605 0.00953822 0.00248776 -0.00333605 0.0144226 -0.0238738 -0.00334804 0.00953822 -0.0238738 0.104451 
0.00521804 -0.0122336 0.0024894 -0.00332287 -0.0122336 0.0733788 -0.00331014 0.0094151 0.0024894 -0.00331014 0.0144284 -0.0238778 -0.00332287 0.0094151 -0.0238778 0.104471 
0.00524203 -0.0122693 0.00252477 -0.00333514 -0.0122693 0.0734672 -0.0033281 0.00941148 0.00252477 -0.0033281 0.0144341 -0.0238918 -0.00333514 0.00941148 -0.0238918 0.104521 
0.00521312 -0.0123138 0.00251632 -0.00337528 -0.0123138 0.0735974 -0.00337677 0.00948689 0.00251632 -0.00337677 0.0144758 -0.023902 -0.00337528 0.00948689 -0.023902 0.104563 
0.00520858 -0.0122766 0.00252577 -0.00334881 -0.0122766 0.0735787 -0.00334682 0.00945633 0.00252577 -0.00334682 0.0144942 -0.0239499 -0.00334881 0.00945633 -0.0239499 0.104624 
0.00520833 -0.0122967 0.00253894 -0.00341577 -0.0122967 0.0736636 -0.00341069 0.00960626 0.00253894 -0.00341069 0.0144777 -0.0239789 -0.00341577 0.00960626 -0.0239789 0.104768 
0.00520955 -0.012287 0.00256892 -0.00342945 -0.012287 0.073646 -0.00342635 0.00969151 0.00256892 -0.00342635 0.0144356 -0.0239404 -0.00342945 0.00969151 -0.0239404 0.104719 
0.00520142 -0.0122624 0.00263678 -0.00345572 -0.0122624 0.073526 -0.00345997 0.00975822 0.00263678 -0.00345997 0.0143951 -0.0238589 -0.00345572 0.00975822 -0.0238589 0.104487 
0.00515349 -0.0122714 0.00271993 -0.00359309 -0.0122714 0.0735535 -0.00360518 0.0100871 0.00271993 -0.00360518 0.0143696 -0.0238082 -0.00359309 0.0100871 -0.0238082 0.104365 
0.00509878 -0.0121766 0.00277619 -0.00365791 -0.0121766 0.0733779 -0.00367235 0.0102852 0.00277619 -0.00367235 0.0143683 -0.0237923 -0.00365791 0.0102852 -0.0237923 0.104296 
0.00504828 -0.0120637 0.00280403 -0.0037137 -0.0120637 0.0730391 -0.00372416 0.0104251 0.00280403 -0.00372416 0.0143737 -0.0237885 -0.0037137 0.0104251 -0.0237885 0.10424 
0.0050201 -0.0119704 0.00281978 -0.00373685 -0.0119704 0.0727123 -0.00374245 0.0104952 0.00281978 -0.00374245 0.0143959 -0.0238115 -0.00373685 0.0104952 -0.0238115 0.104279 
0.00502582 -0.0119195 0.00285211 -0.0037438 -0.0119195 0.0724927 -0.00374438 0.0105065 0.00285211 -0.00374438 0.0144203 -0.0238605 -0.0037438 0.0105065 -0.0238605 0.104411 
0.00509054 -0.0119285 0.00290094 -0.00379608 -0.0119285 0.0723994 -0.00379605 0.0106079 0.00290094 -0.00379605 0.0143812 -0.0238736 -0.00379608 0.0106079 -0.0238736 0.104449 
0.00515186 -0.0120281 0.00294528 -0.00384557 -0.0120281 0.0725825 -0.00385395 0.0107258 0.00294528 -0.00385395 0.0143592 -0.0238531 -0.00384557 0.0107258 -0.0238531 0.104498 
0.00516855 -0.0121243 0.00290793 -0.00390009 -0.0121243 0.0728282 -0.00391929 0.0108738 0.00290793 -0.00391929 0.0143463 -0.0237979 -0.00390009 0.0108738 -0.0237979 0.10436 
0.00519236 -0.01217 0.00289103 -0.00386791 -0.01217 0.0730595 -0.0038845 0.0108986 0.00289103 -0.0038845 0.0143299 -0.0237834 -0.00386791 0.0108986 -0.0237834 0.104298 
0.00517802 -0.0122042 0.00280137 -0.00383519 -0.0122042 0.0732165 -0.00384426 0.0108142 0.00280137 -0.00384426 0.0143467 -0.0237743 -0.00383519 0.0108142 -0.0237743 0.104285 
0.00514845 -0.0121813 0.00280654 -0.00372944 -0.0121813 0.0732078 -0.00372691 0.0106015 0.00280654 -0.00372691 0.0143747 -0.0237727 -0.00372944 0.0106015 -0.0237727 0.104222 
0.00509785 -0.0121566 0.00282518 -0.0037454 -0.0121566 0.0732138 -0.00373429 0.0105275 0.00282518 -0.00373429 0.0144224 -0.023832 -0.0037454 0.0105275 -0.023832 0.104366 
0.00505466 -0.0120691 0.00287597 -0.00376722 -0.0120691 0.0729861 -0.00375408 0.0105473 0.00287597 -0.00375408 0.014435 -0.0238589 -0.00376722 0.0105473 -0.0238589 0.104379 
0.00504879 -0.0120166 0.00293785 -0.00386726 -0.0120166 0.0728236 -0.00385507 0.0107651 0.00293785 -0.00385507 0.0144134 -0.0238815 -0.00386726 0.0107651 -0.0238815 0.104462 
0.00500102 -0.011996 0.00295673 -0.00393222 -0.011996 0.0727323 -0.00392692 0.0109575 0.00295673 -0.00392692 0.0144303 -0.0238813 -0.00393222 0.0109575 -0.0238813 0.10455 
0.00499193 -0.0119016 0.00296224 -0.0039263 -0.0119016 0.0724591 -0.00392182 0.0109883 0.00296224 -0.00392182 0.0144026 -0.0238757 -0.0039263 0.0109883 -0.0238757 0.104477 
0.00501743 -0.0118738 0.00293716 -0.00389941 -0.0118738 0.0723119 -0.00389763 0.0109083 0.00293716 -0.00389763 0.0144122 -0.0238916 -0.00389941 0.0109083 -0.0238916 0.104565 
0.00506012 -0.0119129 0.00290567 -0.00387526 -0.0119129 0.0723182 -0.00387633 0.0108503 0.00290567 -0.00387633 0.0144068 -0.0238929 -0.00387526 0.0108503 -0.0238929 0.104584 
0.00510666 -0.0119886 0.00292586 -0.00385095 -0.0119886 0.0724778 -0.00385322 0.0108094 0.00292586 -0.00385322 0.0143868 -0.0238731 -0.00385095 0.0108094 -0.0238731 0.104546 
0.005164 -0.0120786 0.00292724 -0.00387054 -0.0120786 0.07278 -0.00387784 0.0108176 0.00292724 -0.00387784 0.0143785 -0.0238752 -0.00387054 0.0108176 -0.0238752 0.104607 
0.00516909 -0.0121498 0.00294421 -0.00387986 -0.0121498 0.0729504 -0.00389216 0.0108595 0.00294421 -0.00389216 0.0143479 -0.0238062 -0.00387986 0.0108595 -0.0238062 0.104387 
0.00518013 -0.0121715 0.00300221 -0.00390126 -0.0121715 0.0730937 -0.00391419 0.0109104 0.00300221 -0.00391419 0.0143235 -0.0237786 -0.00390126 0.0109104 -0.0237786 0.104277 
