0.00893654 0 0.00287054 0 0 0.00999921 0 0 0.00287054 0 0.00470691 0 0 0 0 0.00999921 
0.0123954 -0.0153483 0.00411306 -0.00506946 -0.0153483 0.0385983 -0.00506946 0.00972107 0.00411306 -0.00506946 0.00690217 -0.00859629 -0.00506946 0.00972107 -0.00859629 0.0256516 
0.0120535 -0.0219946 0.00378352 -0.0066348 -0.0219946 0.0792886 -0.0066348 0.0211843 0.00378352 -0.0066348 0.00716591 -0.0137628 -0.0066348 0.0211843 -0.0137628 0.0531553 
0.011235 -0.0206194 0.00330787 -0.00515253 -0.0206194 0.0899957 -0.00515236 0.0192748 0.00330787 -0.00515236 0.00687448 -0.014561 -0.00515253 0.0192748 -0.014561 0.0684423 
0.0112714 -0.0197393 0.00330082 -0.00435615 -0.0197393 0.0912845 -0.00435046 0.0150665 0.00330082 -0.00435046 0.00678655 -0.0144996 -0.00435615 0.0150665 -0.0144996 0.0753468 
0.0115353 -0.0199231 0.0034152 -0.00432589 -0.0199231 0.0925923 -0.00431766 0.0130483 0.0034152 -0.00431766 0.00682495 -0.0142763 -0.00432589 0.0130483 -0.0142763 0.0777008 
0.0117478 -0.0202192 0.00345726 -0.00449351 -0.0202192 0.0938064 -0.00447978 0.0126427 0.00345726 -0.00447978 0.00683829 -0.0141083 -0.00449351 0.0126427 -0.0141083 0.0779843 
0.0118407 -0.0203813 0.00344937 -0.00459157 -0.0203813 0.0944663 -0.00457814 0.0127711 0.00344937 -0.00457814 0.00687367 -0.0140428 -0.00459157 0.0127711 -0.0140428 0.0778123 
0.0118856 -0.0204708 0.00348578 -0.00459355 -0.0204708 0.0948343 -0.00458827 0.0128605 0.00348578 -0.00458827 0.00693151 -0.0140711 -0.00459355 0.0128605 -0.0140711 0.0777556 
0.0119269 -0.020477 0.00354151 -0.00465113 -0.020477 0.0948979 -0.00464435 0.0129886 0.00354151 -0.00464435 0.00697474 -0.0142006 -0.00465113 0.0129886 -0.0142006 0.0780054 
0.0119565 -0.0205059 0.00361002 -0.00470923 -0.0205059 0.0948709 -0.00470353 0.0131269 0.00361002 -0.00470353 0.00697199 -0.0142769 -0.00470923 0.0131269 -0.0142769 0.0782332 
0.0119846 -0.020532 0.00363175 -0.00482323 -0.020532 0.0949392 -0.00482071 0.0134043 0.00363175 -0.00482071 0.00697062 -0.0143699 -0.00482323 0.0134043 -0.0143699 0.078652 
0.0119778 -0.0205858 0.00363067 -0.00484021 -0.0205858 0.0950774 -0.00484867 0.0135492 0.00363067 -0.00484867 0.00698348 -0.0143712 -0.00484021 0.0135492 -0.0143712 0.078828 
0.0120059 -0.0206223 0.00359913 -0.00479775 -0.0206223 0.0952233 -0.00480937 0.0134762 0.00359913 -0.00480937 0.00695655 -0.0143242 -0.00479775 0.0134762 -0.0143242 0.0787089 
0.0120198 -0.0206296 0.00364171 -0.00478196 -0.0206296 0.0952788 -0.00479323 0.0134418 0.00364171 -0.00479323 0.00694884 -0.0143454 -0.00478196 0.0134418 -0.0143454 0.0787844 
0.0119979 -0.0205892 0.0036953 -0.00485118 -0.0205892 0.0951435 -0.0048603 0.0135518 0.0036953 -0.0048603 0.00693787 -0.0143691 -0.00485118 0.0135518 -0.0143691 0.0788709 
0.0119951 -0.0206436 0.0037255 -0.00490657 -0.0206436 0.0953278 -0.00491475 0.013679 0.0037255 -0.00491475 0.00694911 -0.0143266 -0.00490657 0.013679 -0.0143266 0.078863 
0.0119615 -0.0206222 0.0037578 -0.00494049 -0.0206222 0.0953102 -0.00494333 0.0137737 0.0037578 -0.00494333 0.00696413 -0.0143042 -0.00494049 0.0137737 -0.0143042 0.0787194 
0.011905 -0.0205381 0.0037712 -0.00499979 -0.0205381 0.0950933 -0.00499298 0.0139163 0.0037712 -0.00499298 0.00699716 -0.0143368 -0.00499979 0.0139163 -0.0143368 0.07871 
0.0118599 -0.0205033 0.00376974 -0.00502065 -0.0205033 0.0950243 -0.00500562 0.0140015 0.00376974 -0.00500562 0.00704099 -0.0143756 -0.00502065 0.0140015 -0.0143756 0.0788099 
0.0118197 -0.0204275 0.00379087 -0.00503259 -0.0204275 0.0948741 -0.00501304 0.0140602 0.00379087 -0.00501304 0.00706918 -0.0144582 -0.00503259 0.0140602 -0.0144582 0.0790284 
0.0118246 -0.020358 0.00376427 -0.00504069 -0.020358 0.0946236 -0.00501992 0.0140668 0.00376427 -0.00501992 0.0070373 -0.0144551 -0.00504069 0.0140668 -0.0144551 0.0790265 
0.0118729 -0.0203796 0.00377393 -0.00501447 -0.0203796 0.0946128 -0.00500646 0.0140566 0.00377393 -0.00500646 0.00700516 -0.0144262 -0.00501447 0.0140566 -0.0144262 0.0790211 
0.0118851 -0.020439 0.00380638 -0.00499999 -0.020439 0.0946652 -0.00500973 0.0140152 0.00380638 -0.00500973 0.00698212 -0.0143434 -0.00499999 0.0140152 -0.0143434 0.0787764 
0.0119071 -0.0204943 0.00383094 -0.00503365 -0.0204943 0.0948571 -0.00504974 0.0140553 0.00383094 -0.00504974 0.00697626 -0.0143027 -0.00503365 0.0140553 -0.0143027 0.0786106 
0.0119189 -0.0205349 0.00380627 -0.00506486 -0.0205349 0.0950113 -0.00507624 0.0141233 0.00380627 -0.00507624 0.00697745 -0.0142902 -0.00506486 0.0141233 -0.0142902 0.0785213 
0.0119455 -0.0205763 0.0037494 -0.00502818 -0.0205763 0.0951792 -0.00503573 0.014081 0.0037494 -0.00503573 0.00696089 -0.0142885 -0.00502818 0.014081 -0.0142885 0.0784958 
0.0119409 -0.0205863 0.00370838 -0.00496957 -0.0205863 0.0952484 -0.0049772 0.0139747 0.00370838 -0.0049772 0.0069626 -0.0143095 -0.00496957 0.0139747 -0.0143095 0.0785929 
0.0118998 -0.0205444 0.00372032 -0.00492594 -0.0205444 0.0951627 -0.00493226 0.0138605 0.00372032 -0.00493226 0.00699485 -0.0143348 -0.00492594 0.0138605 -0.0143348 0.0786955 
0.0118847 -0.0204979 0.00376059 -0.00493635 -0.0204979 0.095055 -0.00493535 0.0138153 0.00376059 -0.00493535 0.0070088 -0.0143619 -0.00493635 0.0138153 -0.0143619 0.0787656 
0.0118749 -0.0204662 0.00378996 -0.00499413 -0.0204662 0.0949302 -0.00498579 0.0138983 0.00378996 -0.00498579 0.00701519 -0.014379 -0.00499413 0.0138983 -0.014379 0.0788123 
0.0118497 -0.020462 0.00383122 -0.00503479 -0.020462 0.0948869 -0.00502586 0.0140115 0.00383122 -0.00502586 0.00704996 -0.0143783 -0.00503479 0.0140115 -0.0143783 0.0788204 
0.0118164 -0.0203822 0.00387151 -0.00509915 -0.0203822 0.0946581 -0.00508678 0.0141731 0.00387151 -0.00508678 0.00706926 -0.0144354 -0.00509915 0.0141731 -0.0144354 0.0788874 
0.0117905 -0.020377 0.00385685 -0.0051542 -0.020377 0.0946394 -0.00514216 0.0143314 0.00385685 -0.00514216 0.00708907 -0.0144751 -0.0051542 0.0143314 -0.0144751 0.0790508 
0.0117694 -0.0203488 0.00387119 -0.00513704 -0.0203488 0.0946091 -0.00512918 0.0143732 0.00387119 -0.00512918 0.00710351 -0.0145013 -0.00513704 0.0143732 -0.0145013 0.0791669 
0.0117385 -0.0203017 0.00391835 -0.00513213 -0.0203017 0.0944401 -0.00512648 0.0143412 0.00391835 -0.00512648 0.00710513 -0.0144767 -0.00513213 0.0143412 -0.0144767 0.0790634 
0.0117452 -0.0202863 0.00392822 -0.00521019 -0.0202863 0.094439 -0.00520402 0.0144764 0.00392822 -0.00520402 0.00710746 -0.0145109 -0.00521019 0.0144764 -0.0145109 0.0791728 
0.0117712 -0.0203019 0.00391216 -0.00519681 -0.0203019 0.0944084 -0.00519384 0.0144951 0.00391216 -0.00519384 0.0070625 -0.014444 -0.00519681 0.0144951 -0.014444 0.0789649 
0.0117932 -0.0203639 0.00388118 -0.00518962 -0.0203639 0.0946078 -0.00519645 0.0145117 0.00388118 -0.00519645 0.00706213 -0.0144226 -0.00518962 0.0145117 -0.0144226 0.0789521 
0.0118439 -0.0204394 0.00385397 -0.00509859 -0.0204394 0.0948137 -0.00511255 0.0143168 0.00385397 -0.00511255 0.00701834 -0.0143278 -0.00509859 0.0143168 -0.0143278 0.0786259 
0.0118737 -0.0205148 0.0038313 -0.00506926 -0.0205148 0.0950623 -0.00508261 0.0141854 0.0038313 -0.00508261 0.00700542 -0.0142999 -0.00506926 0.0141854 -0.0142999 0.0785146 
0.0119144 -0.0205492 0.00381782 -0.00505183 -0.0205492 0.0952309 -0.0050583 0.0141149 0.00381782 -0.0050583 0.00699499 -0.0143109 -0.00505183 0.0141149 -0.0143109 0.0785455 
0.0119553 -0.0205632 0.00379617 -0.00503838 -0.0205632 0.095242 -0.00504104 0.0140655 0.00379617 -0.00504104 0.00696021 -0.0143114 -0.00503838 0.0140655 -0.0143114 0.0785542 
0.0119786 -0.020593 0.0037692 -0.00502117 -0.020593 0.0952691 -0.00502823 0.0140394 0.0037692 -0.00502823 0.00693942 -0.0142968 -0.00502117 0.0140394 -0.0142968 0.078574 
0.0120206 -0.0206216 0.00375284 -0.00498864 -0.0206216 0.0953333 -0.00500123 0.0139873 0.00375284 -0.00500123 0.00690388 -0.0142789 -0.00498864 0.0139873 -0.0142789 0.0785648 
0.0120467 -0.0206945 0.00373601 -0.00494903 -0.0206945 0.0954863 -0.00496771 0.0138851 0.00373601 -0.00496771 0.00689163 -0.0142099 -0.00494903 0.0138851 -0.0142099 0.0784143 
0.0120345 -0.0207172 0.00373679 -0.00494565 -0.0207172 0.0956024 -0.00496359 0.0138614 0.00373679 -0.00496359 0.00691073 -0.0142269 -0.00494565 0.0138614 -0.0142269 0.0784337 
0.0120457 -0.0207682 0.00374868 -0.00490881 -0.0207682 0.0957899 -0.00491756 0.013734 0.00374868 -0.00491756 0.00693363 -0.0141885 -0.00490881 0.013734 -0.0141885 0.0783066 
0.0120197 -0.0207267 0.00378389 -0.00494547 -0.0207267 0.0956972 -0.00493557 0.0137414 0.00378389 -0.00493557 0.00697575 -0.0142479 -0.00494547 0.0137414 -0.0142479 0.0783519 
0.0120362 -0.0206914 0.00376467 -0.0050205 -0.0206914 0.0956444 -0.00499646 0.0138928 0.00376467 -0.00499646 0.00698083 -0.0143695 -0.0050205 0.0138928 -0.0143695 0.0787162 
0.0120273 -0.0206238 0.00377538 -0.0050243 -0.0206238 0.0953772 -0.00500373 0.0140075 0.00377538 -0.00500373 0.00697537 -0.014432 -0.0050243 0.0140075 -0.014432 0.0790083 
0.0120636 -0.0206912 0.00377508 -0.00499729 -0.0206912 0.095496 -0.00499348 0.0139645 0.00377508 -0.00499348 0.00695876 -0.0143773 -0.00499729 0.0139645 -0.0143773 0.0790017 
0.0120684 -0.0207251 0.00378517 -0.00498811 -0.0207251 0.095572 -0.00499393 0.013937 0.00378517 -0.00499393 0.00695356 -0.0143437 -0.00498811 0.013937 -0.0143437 0.0788893 
0.0120657 -0.0207316 0.00379247 -0.00500378 -0.0207316 0.0956192 -0.00501032 0.0139587 0.00379247 -0.00501032 0.00695029 -0.0143437 -0.00500378 0.0139587 -0.0143437 0.0788543 
0.0120097 -0.0206918 0.00381188 -0.00502866 -0.0206918 0.0955088 -0.00503163 0.0140248 0.00381188 -0.00503163 0.00696986 -0.014358 -0.00502866 0.0140248 -0.014358 0.0788703 
0.0119794 -0.020622 0.00388436 -0.00507877 -0.020622 0.0954044 -0.00507553 0.0141541 0.00388436 -0.00507553 0.00699529 -0.0144231 -0.00507877 0.0141541 -0.0144231 0.0790794 
0.0119958 -0.0206278 0.00392283 -0.00512542 -0.0206278 0.0953698 -0.00511587 0.0142133 0.00392283 -0.00511587 0.00698381 -0.0143591 -0.00512542 0.0142133 -0.0143591 0.0789115 
0.0119883 -0.0206314 0.00395678 -0.00519926 -0.0206314 0.0953604 -0.00518815 0.0143939 0.00395678 -0.00518815 0.00700521 -0.0143722 -0.00519926 0.0143939 -0.0143722 0.0788953 
0.0119714 -0.0206051 0.00398476 -0.00524684 -0.0206051 0.0952837 -0.00523691 0.0145548 0.00398476 -0.00523691 0.00702559 -0.0144058 -0.00524684 0.0145548 -0.0144058 0.0789359 
0.0119578 -0.0205973 0.00400923 -0.0052798 -0.0205973 0.0952695 -0.0052703 0.0146652 0.00400923 -0.0052703 0.00703849 -0.0144389 -0.0052798 0.0146652 -0.0144389 0.079033 
0.0119616 -0.020583 0.0040498 -0.00529761 -0.020583 0.0952235 -0.00529001 0.0147184 0.0040498 -0.00529001 0.00702882 -0.0144381 -0.00529761 0.0147184 -0.0144381 0.0790293 
0.0119815 -0.0205915 0.00405499 -0.00536634 -0.0205915 0.0952669 -0.00536015 0.0148682 0.00405499 -0.00536015 0.00700987 -0.0144646 -0.00536634 0.0148682 -0.0144646 0.0791617 
0.0119881 -0.0206298 0.00400367 -0.0053598 -0.0206298 0.0953549 -0.00536238 0.0149212 0.00400367 -0.00536238 0.00699718 -0.0144162 -0.0053598 0.0149212 -0.0144162 0.0790985 
0.0119912 -0.0206592 0.00399664 -0.00526867 -0.0206592 0.0954338 -0.00527839 0.014766 0.00399664 -0.00527839 0.00698048 -0.0143475 -0.00526867 0.014766 -0.0143475 0.0788542 
0.0120147 -0.0206447 0.00404902 -0.00528896 -0.0206447 0.0954812 -0.005296 0.0147536 0.00404902 -0.005296 0.00696756 -0.0143906 -0.00528896 0.0147536 -0.0143906 0.0789587 
0.0120429 -0.0206692 0.00407751 -0.00533243 -0.0206692 0.0954707 -0.0053374 0.0147979 0.00407751 -0.0053374 0.006925 -0.0143287 -0.00533243 0.0147979 -0.0143287 0.0788063 
0.0120475 -0.020705 0.00411785 -0.00537473 -0.020705 0.0955218 -0.00538217 0.0149067 0.00411785 -0.00538217 0.00691462 -0.0142651 -0.00537473 0.0149067 -0.0142651 0.0786133 
0.0120473 -0.0207083 0.0041854 -0.00545875 -0.0207083 0.0956007 -0.00546484 0.0151253 0.0041854 -0.00546484 0.00693328 -0.0143011 -0.00545875 0.0151253 -0.0143011 0.078698 
0.0120217 -0.0207107 0.00418329 -0.00553551 -0.0207107 0.0956192 -0.00553752 0.0153225 0.00418329 -0.00553752 0.00697015 -0.0143043 -0.00553551 0.0153225 -0.0143043 0.0787021 
0.0119922 -0.0207022 0.00417894 -0.00550908 -0.0207022 0.0956026 -0.0055065 0.0153277 0.00417894 -0.0055065 0.00699937 -0.0142982 -0.00550908 0.0153277 -0.0142982 0.0785915 
0.0120093 -0.0206647 0.00419568 -0.0055215 -0.0206647 0.0955751 -0.00550969 0.0153427 0.00419568 -0.00550969 0.00700248 -0.0143816 -0.0055215 0.0153427 -0.0143816 0.078782 
0.0120557 -0.020682 0.00415126 -0.00552863 -0.020682 0.095561 -0.00551682 0.0153414 0.00415126 -0.00551682 0.00695949 -0.014383 -0.00552863 0.0153414 -0.014383 0.0788576 
0.0120864 -0.0207351 0.00411324 -0.00548294 -0.0207351 0.0956666 -0.00548447 0.0153022 0.00411324 -0.00548447 0.00692781 -0.014362 -0.00548294 0.0153022 -0.014362 0.078908 
0.0120704 -0.0207582 0.00407455 -0.00542409 -0.0207582 0.0957126 -0.00543858 0.0151857 0.00407455 -0.00543858 0.00692364 -0.0143122 -0.00542409 0.0151857 -0.0143122 0.0788013 
0.0120473 -0.0207985 0.00408114 -0.00534853 -0.0207985 0.0958805 -0.0053659 0.0149844 0.00408114 -0.0053659 0.00696566 -0.0142589 -0.00534853 0.0149844 -0.0142589 0.0786296 
0.0119937 -0.0207373 0.00410088 -0.00538426 -0.0207373 0.0958278 -0.00538467 0.0149702 0.00410088 -0.00538467 0.0070349 -0.0143518 -0.00538426 0.0149702 -0.0143518 0.0787686 
0.0119204 -0.0206103 0.00410903 -0.00542942 -0.0206103 0.0954762 -0.0054103 0.0150498 0.00410903 -0.0054103 0.00709342 -0.0144608 -0.00542942 0.0150498 -0.0144608 0.0790028 
0.011908 -0.0205535 0.00410114 -0.00543884 -0.0205535 0.095313 -0.00541112 0.0150846 0.00410114 -0.00541112 0.00711114 -0.0145352 -0.00543884 0.0150846 -0.0145352 0.0792607 
0.0118895 -0.0205185 0.00413799 -0.00541924 -0.0205185 0.0951358 -0.00539439 0.0150566 0.00413799 -0.00539439 0.00711835 -0.0145477 -0.00541924 0.0150566 -0.0145477 0.0793397 
0.0118881 -0.0205116 0.00416087 -0.00545824 -0.0205116 0.0950947 -0.00544087 0.015102 0.00416087 -0.00544087 0.00712378 -0.0145558 -0.00545824 0.015102 -0.0145558 0.0793872 
0.0118353 -0.0204801 0.0042099 -0.00549649 -0.0204801 0.0949781 -0.00548356 0.0152114 0.0042099 -0.00548356 0.00716094 -0.0145728 -0.00549649 0.0152114 -0.0145728 0.0794202 
0.0118066 -0.0204391 0.00424249 -0.00556472 -0.0204391 0.0949359 -0.00554916 0.0153663 0.00424249 -0.00554916 0.00719344 -0.0146279 -0.00556472 0.0153663 -0.0146279 0.079569 
0.011813 -0.0203699 0.00427694 -0.0056172 -0.0203699 0.0947509 -0.00559921 0.0155293 0.00427694 -0.00559921 0.0071821 -0.0146818 -0.0056172 0.0155293 -0.0146818 0.0797241 
0.0117751 -0.0203221 0.00434509 -0.00566596 -0.0203221 0.0944876 -0.00565734 0.0156897 0.00434509 -0.00565734 0.00716775 -0.0146755 -0.00566596 0.0156897 -0.0146755 0.0797438 
0.0117597 -0.0203547 0.00439357 -0.00572854 -0.0203547 0.0945693 -0.00573016 0.0158336 0.00439357 -0.00573016 0.00717015 -0.014605 -0.00572854 0.0158336 -0.014605 0.0795932 
0.0117676 -0.0203225 0.00437715 -0.00580438 -0.0203225 0.0945466 -0.00580576 0.016039 0.00437715 -0.00580576 0.00714787 -0.0146084 -0.00580438 0.016039 -0.0146084 0.0795284 
0.011797 -0.0203421 0.00434766 -0.005791 -0.0203421 0.094593 -0.00579578 0.0161172 0.00434766 -0.00579578 0.00711101 -0.0145808 -0.005791 0.0161172 -0.0145808 0.0794837 
0.0117816 -0.0203253 0.00432378 -0.00575208 -0.0203253 0.0944795 -0.00576879 0.0160835 0.00432378 -0.00576879 0.00707766 -0.0145298 -0.00575208 0.0160835 -0.0145298 0.0793201 
0.0117614 -0.0203766 0.00432039 -0.00571051 -0.0203766 0.094661 -0.00573461 0.0159954 0.00432039 -0.00573461 0.00709998 -0.0144642 -0.00571051 0.0159954 -0.0144642 0.0791774 
0.0117634 -0.0203579 0.0043306 -0.00568447 -0.0203579 0.0946735 -0.00570283 0.0158816 0.0043306 -0.00570283 0.00707464 -0.0144291 -0.00568447 0.0158816 -0.0144291 0.0789317 
0.0117416 -0.0203184 0.00437548 -0.0057324 -0.0203184 0.0945756 -0.0057412 0.0159478 0.00437548 -0.0057412 0.00708539 -0.0144493 -0.0057324 0.0159478 -0.0144493 0.0789561 
0.0116859 -0.0203108 0.00442173 -0.0057808 -0.0203108 0.0945373 -0.00578507 0.0160419 0.00442173 -0.00578507 0.00713524 -0.014426 -0.0057808 0.0160419 -0.014426 0.0788742 
0.0116563 -0.0202704 0.00446295 -0.0058385 -0.0202704 0.0945042 -0.00583113 0.0161611 0.00446295 -0.00583113 0.00718063 -0.0144624 -0.0058385 0.0161611 -0.0144624 0.0788688 
0.0116319 -0.0202345 0.00447071 -0.00589965 -0.0202345 0.0944373 -0.00588058 0.016304 0.00447071 -0.00588058 0.00722872 -0.0145304 -0.00589965 0.016304 -0.0145304 0.079009 
0.0115878 -0.020194 0.00447246 -0.00590173 -0.020194 0.0942995 -0.00587894 0.01635 0.00447246 -0.00587894 0.00726392 -0.0145788 -0.00590173 0.01635 -0.0145788 0.0791007 
0.0115592 -0.020181 0.00446972 -0.00591026 -0.020181 0.0943457 -0.00588477 0.0163751 0.00446972 -0.00588477 0.00733187 -0.0146588 -0.00591026 0.0163751 -0.0146588 0.0793797 
0.0115426 -0.020096 0.00450363 -0.00590823 -0.020096 0.094141 -0.00587994 0.0163765 0.00450363 -0.00587994 0.0073538 -0.0147604 -0.00590823 0.0163765 -0.0147604 0.0796465 
0.0115736 -0.0200789 0.00451896 -0.00594084 -0.0200789 0.0940267 -0.00591544 0.0164156 0.00451896 -0.00591544 0.00732866 -0.0147936 -0.00594084 0.0164156 -0.0147936 0.0798212 
0.0116051 -0.0201085 0.00453371 -0.0059487 -0.0201085 0.0939935 -0.00593747 0.0164585 0.00453371 -0.00593747 0.00728493 -0.014747 -0.0059487 0.0164585 -0.014747 0.0797622 
0.0116678 -0.020214 0.00456725 -0.00595418 -0.020214 0.0942829 -0.00595861 0.0164858 0.00456725 -0.00595861 0.007245 -0.014677 -0.00595418 0.0164858 -0.014677 0.079639 
0.0116763 -0.0202772 0.004615 -0.00599811 -0.0202772 0.0944835 -0.00601017 0.0165801 0.004615 -0.00601017 0.00724093 -0.0146392 -0.00599811 0.0165801 -0.0146392 0.0795367 
0.01168 -0.020256 0.00461147 -0.0060557 -0.020256 0.0944396 -0.00606405 0.0167048 0.00461147 -0.00606405 0.00722229 -0.0146174 -0.0060557 0.0167048 -0.0146174 0.079385 
0.0116986 -0.020275 0.00459565 -0.00606677 -0.020275 0.0944913 -0.00607211 0.0167946 0.00459565 -0.00607211 0.0072061 -0.0146152 -0.00606677 0.0167946 -0.0146152 0.0793838 
0.0117159 -0.0203259 0.00462072 -0.00604864 -0.0203259 0.0946692 -0.006056 0.0167956 0.00462072 -0.006056 0.00721648 -0.0146076 -0.00604864 0.0167956 -0.0146076 0.0794326 
0.011727 -0.0203225 0.00463845 -0.00607365 -0.0203225 0.0946831 -0.00607924 0.0168178 0.00463845 -0.00607924 0.0072056 -0.0146189 -0.00607365 0.0168178 -0.0146189 0.0794398 
0.0116933 -0.0202831 0.00464046 -0.006104 -0.0202831 0.0945104 -0.0061079 0.0168912 0.00464046 -0.0061079 0.00720318 -0.0146151 -0.006104 0.0168912 -0.0146151 0.0794048 
0.0116762 -0.020274 0.00470958 -0.00610839 -0.020274 0.0944917 -0.00611188 0.0169316 0.00470958 -0.00611188 0.00722493 -0.0146034 -0.00610839 0.0169316 -0.0146034 0.0793837 
0.0116815 -0.0203262 0.00475398 -0.00618124 -0.0203262 0.094696 -0.00617884 0.0170282 0.00475398 -0.00617884 0.00726108 -0.0146003 -0.00618124 0.0170282 -0.0146003 0.0793746 
0.0116924 -0.0203274 0.00479764 -0.00623177 -0.0203274 0.094742 -0.0062202 0.0171437 0.00479764 -0.0062202 0.00727787 -0.0146268 -0.00623177 0.0171437 -0.0146268 0.0793563 
0.0116998 -0.0203084 0.00482574 -0.00629771 -0.0203084 0.0946723 -0.00628003 0.0172994 0.00482574 -0.00628003 0.00728917 -0.0146807 -0.00629771 0.0172994 -0.0146807 0.0794723 
0.0117082 -0.020303 0.00483498 -0.0063507 -0.020303 0.0946543 -0.00633514 0.0174739 0.00483498 -0.00633514 0.00729974 -0.0147541 -0.0063507 0.0174739 -0.0147541 0.0797466 
0.0116437 -0.020295 0.0048599 -0.00635938 -0.020295 0.0946066 -0.00635204 0.0175582 0.0048599 -0.00635204 0.00734726 -0.0147834 -0.00635938 0.0175582 -0.0147834 0.0799139 
0.0116444 -0.0202226 0.00489149 -0.00638314 -0.0202226 0.0944866 -0.00637477 0.0176098 0.00489149 -0.00637477 0.00733352 -0.014835 -0.00638314 0.0176098 -0.014835 0.0800431 
0.0116767 -0.0202225 0.00490365 -0.00641998 -0.0202225 0.0944183 -0.00641327 0.0176866 0.00490365 -0.00641327 0.00729188 -0.0148078 -0.00641998 0.0176866 -0.0148078 0.0800456 
0.011727 -0.020301 0.00490209 -0.00642276 -0.020301 0.0945751 -0.00642667 0.0177257 0.00490209 -0.00642667 0.00725583 -0.0147217 -0.00642276 0.0177257 -0.0147217 0.0798643 
0.0117567 -0.0203921 0.00486518 -0.00641653 -0.0203921 0.0948537 -0.0064295 0.0177365 0.00486518 -0.0064295 0.00725055 -0.0146728 -0.00641653 0.0177365 -0.0146728 0.0797182 
0.0117613 -0.020386 0.00483095 -0.00636423 -0.020386 0.0948507 -0.00637717 0.0176502 0.00483095 -0.00637717 0.00722167 -0.0146585 -0.00636423 0.0176502 -0.0146585 0.0795691 
0.011771 -0.0204078 0.00477979 -0.00633432 -0.0204078 0.0949545 -0.00634712 0.0175734 0.00477979 -0.00634712 0.00721847 -0.0146642 -0.00633432 0.0175734 -0.0146642 0.0796387 
0.0117453 -0.0203683 0.00473166 -0.00628827 -0.0203683 0.0948639 -0.00630031 0.0174904 0.00473166 -0.00630031 0.00721508 -0.0146938 -0.00628827 0.0174904 -0.0146938 0.0797398 
0.011743 -0.0203401 0.00469426 -0.00620062 -0.0203401 0.094732 -0.00621426 0.0172828 0.00469426 -0.00621426 0.00717027 -0.014632 -0.00620062 0.0172828 -0.014632 0.0795697 
0.0117638 -0.0204068 0.00470594 -0.006143 -0.0204068 0.0949127 -0.00615896 0.0170926 0.00470594 -0.00615896 0.00714948 -0.0145443 -0.006143 0.0170926 -0.0145443 0.079368 
0.0117159 -0.0203836 0.0047074 -0.00616501 -0.0203836 0.0948535 -0.00617553 0.0170595 0.0047074 -0.00617553 0.00718481 -0.0145074 -0.00616501 0.0170595 -0.0145074 0.0791583 
0.0116783 -0.0203223 0.00470514 -0.0061952 -0.0203223 0.094754 -0.00619421 0.0171294 0.00470514 -0.00619421 0.00722068 -0.014573 -0.0061952 0.0171294 -0.014573 0.0792319 
0.0116781 -0.0202696 0.00470841 -0.00619374 -0.0202696 0.0946027 -0.00618346 0.0171455 0.00470841 -0.00618346 0.0072072 -0.014614 -0.00619374 0.0171455 -0.014614 0.0793247 
0.0116654 -0.0202726 0.00477602 -0.00619674 -0.0202726 0.0945566 -0.0061884 0.0171513 0.00477602 -0.0061884 0.00721767 -0.014598 -0.00619674 0.0171513 -0.014598 0.0793493 
0.0116553 -0.0203054 0.00479822 -0.00626635 -0.0203054 0.0946757 -0.00625946 0.0172465 0.00479822 -0.00625946 0.00724207 -0.0145759 -0.00626635 0.0172465 -0.0145759 0.0792913 
0.0116192 -0.0202726 0.00481036 -0.00629602 -0.0202726 0.0946032 -0.00628179 0.0173421 0.00481036 -0.00628179 0.00728289 -0.0145836 -0.00629602 0.0173421 -0.0145836 0.0792063 
0.0116301 -0.020215 0.00481335 -0.00633914 -0.020215 0.0945001 -0.00631698 0.0174687 0.00481335 -0.00631698 0.00729963 -0.0146909 -0.00633914 0.0174687 -0.0146909 0.0794561 
0.0116904 -0.0202113 0.00480752 -0.00634192 -0.0202113 0.0944243 -0.00632261 0.017526 0.00480752 -0.00632261 0.0072533 -0.0147343 -0.00634192 0.017526 -0.0147343 0.0796672 
0.0117742 -0.0203071 0.00477877 -0.00630082 -0.0203071 0.0945499 -0.00629973 0.0174607 0.00477877 -0.00629973 0.00717344 -0.0146411 -0.00630082 0.0174607 -0.0146411 0.0795313 
0.011801 -0.0204187 0.00476871 -0.00626086 -0.0204187 0.0948143 -0.00627934 0.0173885 0.00476871 -0.00627934 0.00715799 -0.0145532 -0.00626086 0.0173885 -0.0145532 0.0793433 
0.0118202 -0.0204808 0.00478168 -0.00624409 -0.0204808 0.0950896 -0.0062669 0.0173313 0.00478168 -0.0062669 0.0071596 -0.0145374 -0.00624409 0.0173313 -0.0145374 0.0792683 
0.0118256 -0.0204976 0.00480956 -0.00625999 -0.0204976 0.0952011 -0.00627391 0.0173204 0.00480956 -0.00627391 0.00715882 -0.0145446 -0.00625999 0.0173204 -0.0145446 0.0792584 
0.0118526 -0.020497 0.00483904 -0.00629552 -0.020497 0.0952106 -0.00629996 0.0173624 0.00483904 -0.00629996 0.00714098 -0.0145375 -0.00629552 0.0173624 -0.0145375 0.0792295 
0.0118224 -0.0205353 0.00488207 -0.00632337 -0.0205353 0.0952512 -0.00632493 0.0174149 0.00488207 -0.00632493 0.00718068 -0.0144938 -0.00632337 0.0174149 -0.0144938 0.079097 
0.0118399 -0.0205386 0.00486962 -0.00639449 -0.0205386 0.0953893 -0.00638569 0.0175562 0.00486962 -0.00638569 0.00721149 -0.0145746 -0.00639449 0.0175562 -0.0145746 0.0792668 
0.011884 -0.0205152 0.00483076 -0.00638814 -0.0205152 0.0953235 -0.00637387 0.0176162 0.00483076 -0.00637387 0.00717399 -0.0146457 -0.00638814 0.0176162 -0.0146457 0.0794846 
0.0119251 -0.0205298 0.00476279 -0.00632707 -0.0205298 0.0952216 -0.0063226 0.0175262 0.00476279 -0.0063226 0.0071007 -0.014604 -0.00632707 0.0175262 -0.014604 0.07947 
0.0119781 -0.0206098 0.00470427 -0.0062377 -0.0206098 0.0953898 -0.00625126 0.0173576 0.00470427 -0.00625126 0.00704668 -0.0145211 -0.0062377 0.0173576 -0.0145211 0.0793662 
0.0120191 -0.0206953 0.00463398 -0.00614919 -0.0206953 0.0956264 -0.00617407 0.0171406 0.00463398 -0.00617407 0.00700991 -0.014433 -0.00614919 0.0171406 -0.014433 0.0791534 
0.011995 -0.020742 0.00459371 -0.00605715 -0.020742 0.0957794 -0.00608464 0.0169067 0.00459371 -0.00608464 0.00704345 -0.0143766 -0.00605715 0.0169067 -0.0143766 0.0789499 
0.0119792 -0.0206991 0.0045629 -0.00601881 -0.0206991 0.0957633 -0.0060336 0.0167515 0.0045629 -0.0060336 0.00706799 -0.0144383 -0.00601881 0.0167515 -0.0144383 0.0790002 
0.0119666 -0.0206735 0.00455525 -0.00597726 -0.0206735 0.0956771 -0.00597838 0.0166065 0.00455525 -0.00597838 0.00708662 -0.0144659 -0.00597726 0.0166065 -0.0144659 0.079069 
0.0119403 -0.020649 0.00457046 -0.00598775 -0.020649 0.0956244 -0.00598107 0.0165794 0.00457046 -0.00598107 0.0071325 -0.0145312 -0.00598775 0.0165794 -0.0145312 0.0792831 
0.0119341 -0.0206055 0.00458309 -0.00598703 -0.0206055 0.0954619 -0.00597614 0.0165424 0.00458309 -0.00597614 0.00713747 -0.0145494 -0.00598703 0.0165424 -0.0145494 0.0792958 
0.0119732 -0.0206162 0.00460706 -0.00601837 -0.0206162 0.0954855 -0.00600667 0.0165976 0.00460706 -0.00600667 0.00711536 -0.0145921 -0.00601837 0.0165976 -0.0145921 0.0794654 
0.0119941 -0.0206442 0.00464845 -0.00603648 -0.0206442 0.0954789 -0.00603295 0.016649 0.00464845 -0.00603295 0.00709278 -0.0145561 -0.00603648 0.016649 -0.0145561 0.0794278 
0.0120022 -0.0206775 0.00468913 -0.0060964 -0.0206775 0.0955655 -0.00609918 0.0167834 0.00468913 -0.00609918 0.00709336 -0.0145439 -0.0060964 0.0167834 -0.0145439 0.0794226 
0.0120389 -0.020723 0.00469066 -0.00614293 -0.020723 0.0957388 -0.00614827 0.0169129 0.00469066 -0.00614827 0.00708334 -0.0145366 -0.00614293 0.0169129 -0.0145366 0.0794204 
0.0120175 -0.0207793 0.0047106 -0.00613876 -0.0207793 0.0959145 -0.00614626 0.0169539 0.0047106 -0.00614626 0.00711533 -0.014519 -0.00613876 0.0169539 -0.014519 0.0793932 
