0.00956165 0 0.00139594 0 0 0.00999234 0 0 0.00139594 0 0.00385835 0 0 0 0 0.00999234 
0.0134939 -0.0167054 0.00194284 -0.00239422 -0.0167054 0.041198 -0.00239422 0.00459026 0.00194284 -0.00239422 0.00550582 -0.00686156 -0.00239422 0.00459026 -0.00686156 0.0223219 
0.0131853 -0.0238948 0.0018943 -0.00320692 -0.0238948 0.0853948 -0.00320692 0.0102333 0.0018943 -0.00320692 0.00571827 -0.0111711 -0.00320692 0.0102333 -0.0111711 0.0447821 
0.0123223 -0.022226 0.00179271 -0.00261608 -0.022226 0.0960047 -0.00260894 0.00956264 0.00179271 -0.00260894 0.00551849 -0.0121732 -0.00261608 0.00956264 -0.0121732 0.0590441 
0.0124426 -0.0213224 0.00182534 -0.00235289 -0.0213224 0.0968418 -0.00233629 0.00771806 0.00182534 -0.00233629 0.00547114 -0.0124154 -0.00235289 0.00771806 -0.0124154 0.0671946 
0.0127779 -0.0215045 0.00193458 -0.00240625 -0.0215045 0.0975854 -0.00239412 0.00699291 0.00193458 -0.00239412 0.00542831 -0.0123737 -0.00240625 0.00699291 -0.0123737 0.0708889 
0.0129048 -0.0218818 0.00198823 -0.00257927 -0.0218818 0.098705 -0.00257508 0.00708592 0.00198823 -0.00257508 0.0055055 -0.0122048 -0.00257927 0.00708592 -0.0122048 0.0719886 
0.0129177 -0.0219949 0.00195404 -0.00257404 -0.0219949 0.099292 -0.00257238 0.00707514 0.00195404 -0.00257238 0.00555882 -0.0121122 -0.00257404 0.00707514 -0.0121122 0.0719128 
0.0129143 -0.0219916 0.00193868 -0.00253151 -0.0219916 0.0994785 -0.00252785 0.0069943 0.00193868 -0.00252785 0.00561209 -0.0121355 -0.00253151 0.0069943 -0.0121355 0.0718608 
0.0128996 -0.0219055 0.00194422 -0.00256747 -0.0219055 0.0992239 -0.00255667 0.00706663 0.00194422 -0.00255667 0.00563522 -0.0122122 -0.00256747 0.00706663 -0.0122122 0.0719099 
0.0129259 -0.0218926 0.00196767 -0.00260296 -0.0218926 0.0991249 -0.00259113 0.00719052 0.00196767 -0.00259113 0.00563679 -0.0122818 -0.00260296 0.00719052 -0.0122818 0.0721266 
0.0129785 -0.021938 0.00200307 -0.00261599 -0.021938 0.0991855 -0.00261157 0.0072498 0.00200307 -0.00261157 0.00560575 -0.0122947 -0.00261599 0.0072498 -0.0122947 0.0722586 
0.0129696 -0.0220096 0.00200555 -0.00261291 -0.0220096 0.0993074 -0.00261384 0.00721419 0.00200555 -0.00261384 0.00561385 -0.0122321 -0.00261291 0.00721419 -0.0122321 0.0721439 
0.0129363 -0.0220442 0.00198588 -0.00259459 -0.0220442 0.099511 -0.00259413 0.00714459 0.00198588 -0.00259413 0.00567166 -0.01224 -0.00259459 0.00714459 -0.01224 0.0721323 
0.0128932 -0.0219899 0.00197828 -0.00258219 -0.0219899 0.0994767 -0.00257321 0.00709904 0.00197828 -0.00257321 0.00572808 -0.0123246 -0.00258219 0.00709904 -0.0123246 0.0722793 
0.0129013 -0.0219129 0.00199084 -0.00261576 -0.0219129 0.099304 -0.00259965 0.00717244 0.00199084 -0.00259965 0.00574276 -0.0124385 -0.00261576 0.00717244 -0.0124385 0.0725981 
0.0129825 -0.0219481 0.00194911 -0.00259633 -0.0219481 0.0993305 -0.00258313 0.00713624 0.00194911 -0.00258313 0.00569005 -0.0124631 -0.00259633 0.00713624 -0.0124631 0.0728032 
0.0130477 -0.0220282 0.00190173 -0.00252057 -0.0220282 0.0994068 -0.00252584 0.00699629 0.00190173 -0.00252584 0.00561726 -0.0123829 -0.00252057 0.00699629 -0.0123829 0.0726868 
0.0130671 -0.0221503 0.0018956 -0.0024681 -0.0221503 0.0997556 -0.00249179 0.00688202 0.0018956 -0.00249179 0.00561864 -0.0123205 -0.0024681 0.00688202 -0.0123205 0.072621 
0.0130994 -0.0221509 0.00192226 -0.00246149 -0.0221509 0.0998323 -0.0024852 0.0068223 0.00192226 -0.0024852 0.00555098 -0.0123095 -0.00246149 0.0068223 -0.0123095 0.0725144 
0.0131109 -0.0221991 0.00198239 -0.00252892 -0.0221991 0.0999738 -0.00254276 0.00693861 0.00198239 -0.00254276 0.00553557 -0.0122536 -0.00252892 0.00693861 -0.0122536 0.072475 
0.013118 -0.0221722 0.00204345 -0.00263602 -0.0221722 0.0998926 -0.00263629 0.00718503 0.00204345 -0.00263629 0.00550697 -0.0122131 -0.00263602 0.00718503 -0.0122131 0.0723079 
0.0131573 -0.0222015 0.00208706 -0.00272691 -0.0222015 0.0999565 -0.00271985 0.00744305 0.00208706 -0.00271985 0.0054729 -0.0121795 -0.00272691 0.00744305 -0.0121795 0.0722219 
0.0131837 -0.0222744 0.00204883 -0.00271016 -0.0222744 0.100107 -0.00270456 0.00743848 0.00204883 -0.00270456 0.00544588 -0.012086 -0.00271016 0.00743848 -0.012086 0.07195 
0.0131889 -0.0223236 0.00204127 -0.00266528 -0.0223236 0.100292 -0.00266755 0.00737188 0.00204127 -0.00266755 0.00544337 -0.0120567 -0.00266528 0.00737188 -0.0120567 0.0718067 
0.0132316 -0.0223377 0.00204721 -0.00266874 -0.0223377 0.100427 -0.00267397 0.00735845 0.00204721 -0.00267397 0.00540136 -0.0120726 -0.00266874 0.00735845 -0.0120726 0.0718352 
0.0132526 -0.0223475 0.00206893 -0.00266744 -0.0223475 0.100374 -0.00267313 0.00734452 0.00206893 -0.00267313 0.00535869 -0.0119999 -0.00266744 0.00734452 -0.0119999 0.0716551 
0.0132899 -0.0224025 0.00207706 -0.00269735 -0.0224025 0.100513 -0.00270131 0.00738802 0.00207706 -0.00270131 0.00533814 -0.0119446 -0.00269735 0.00738802 -0.0119446 0.071513 
0.0133183 -0.022467 0.00209338 -0.00270705 -0.022467 0.100714 -0.00270875 0.00742474 0.00209338 -0.00270875 0.00534766 -0.0119182 -0.00270705 0.00742474 -0.0119182 0.0714251 
0.0133296 -0.0224694 0.00210929 -0.00273514 -0.0224694 0.100711 -0.00273158 0.00748509 0.00210929 -0.00273158 0.00533337 -0.0119246 -0.00273514 0.00748509 -0.0119246 0.0713452 
0.0133236 -0.022509 0.00212781 -0.00274718 -0.022509 0.100822 -0.00274111 0.00751713 0.00212781 -0.00274111 0.00534152 -0.0119215 -0.00274718 0.00751713 -0.0119215 0.071365 
0.0132981 -0.0225006 0.00213588 -0.00276446 -0.0225006 0.100845 -0.00275393 0.0075422 0.00213588 -0.00275393 0.00536537 -0.0119305 -0.00276446 0.0075422 -0.0119305 0.0713769 
0.0133152 -0.0224825 0.00214027 -0.00280891 -0.0224825 0.100882 -0.00279238 0.00765593 0.00214027 -0.00279238 0.00536951 -0.0119936 -0.00280891 0.00765593 -0.0119936 0.0715722 
0.013311 -0.0224521 0.00217413 -0.0028375 -0.0224521 0.100732 -0.00282469 0.00778289 0.00217413 -0.00282469 0.00536441 -0.0120055 -0.0028375 0.00778289 -0.0120055 0.0716403 
0.0133604 -0.022459 0.00222005 -0.00289504 -0.022459 0.100727 -0.00288713 0.00794424 0.00222005 -0.00288713 0.00531276 -0.0120169 -0.00289504 0.00794424 -0.0120169 0.0717281 
0.0133681 -0.0225454 0.00222035 -0.00287646 -0.0225454 0.100875 -0.00287476 0.00790092 0.00222035 -0.00287476 0.00530894 -0.0119064 -0.00287646 0.00790092 -0.0119064 0.0715118 
0.0134149 -0.0225938 0.00218596 -0.00287183 -0.0225938 0.101111 -0.00286915 0.00786655 0.00218596 -0.00286915 0.00528557 -0.0118961 -0.00287183 0.00786655 -0.0118961 0.0714175 
0.0134567 -0.0226097 0.00217364 -0.00285352 -0.0226097 0.101133 -0.00285451 0.00785907 0.00217364 -0.00285451 0.00524703 -0.0118764 -0.00285352 0.00785907 -0.0118764 0.0713367 
0.0135542 -0.0226932 0.0021532 -0.00282243 -0.0226932 0.101344 -0.00283105 0.00779229 0.0021532 -0.00283105 0.00516888 -0.0118389 -0.00282243 0.00779229 -0.0118389 0.0712934 
0.0135692 -0.0228131 0.00210353 -0.00275767 -0.0228131 0.101589 -0.00277548 0.00762694 0.00210353 -0.00277548 0.00514819 -0.0117197 -0.00275767 0.00762694 -0.0117197 0.071027 
0.0135523 -0.0228344 0.0021115 -0.00275946 -0.0228344 0.101775 -0.0027792 0.00763989 0.0021115 -0.0027792 0.00517156 -0.0117314 -0.00275946 0.00763989 -0.0117314 0.07101 
0.0134854 -0.0227787 0.00218977 -0.00281317 -0.0227787 0.101694 -0.00282874 0.00777603 0.00218977 -0.00282874 0.0052298 -0.0117852 -0.00281317 0.00777603 -0.0117852 0.0711243 
0.0134355 -0.0227008 0.00223349 -0.0028932 -0.0227008 0.101534 -0.00289211 0.00791807 0.00223349 -0.00289211 0.00527702 -0.0118473 -0.0028932 0.00791807 -0.0118473 0.071264 
0.0133797 -0.0226468 0.00222365 -0.00289407 -0.0226468 0.101354 -0.00287983 0.00790328 0.00222365 -0.00287983 0.0053139 -0.0118667 -0.00289407 0.00790328 -0.0118667 0.0712754 
0.0133387 -0.0225955 0.00216995 -0.00285387 -0.0225955 0.101225 -0.00283428 0.00779098 0.00216995 -0.00283428 0.005336 -0.0118943 -0.00285387 0.00779098 -0.0118943 0.0712998 
0.0133937 -0.0225408 0.00216834 -0.00285451 -0.0225408 0.10114 -0.00283746 0.00782554 0.00216834 -0.00283746 0.00529177 -0.0119731 -0.00285451 0.00782554 -0.0119731 0.0715562 
0.0134161 -0.0225717 0.0021493 -0.00282882 -0.0225717 0.101051 -0.00282543 0.00778676 0.0021493 -0.00282543 0.00524809 -0.0118987 -0.00282882 0.00778676 -0.0118987 0.0714687 
0.0134242 -0.022623 0.00212543 -0.00279811 -0.022623 0.101162 -0.0028076 0.00773264 0.00212543 -0.0028076 0.00524803 -0.0118314 -0.00279811 0.00773264 -0.0118314 0.0713059 
0.0134662 -0.0226474 0.00211761 -0.00275938 -0.0226474 0.101284 -0.00277375 0.00764525 0.00211761 -0.00277375 0.00522251 -0.0118225 -0.00275938 0.00764525 -0.0118225 0.0712189 
0.0134767 -0.0226837 0.0021347 -0.00275526 -0.0226837 0.101351 -0.0027683 0.00760743 0.0021347 -0.0027683 0.00521633 -0.0117945 -0.00275526 0.00760743 -0.0117945 0.07114 
0.0134975 -0.0226872 0.00216207 -0.00278793 -0.0226872 0.101357 -0.00279396 0.0076507 0.00216207 -0.00279396 0.0051952 -0.0117864 -0.00278793 0.0076507 -0.0117864 0.0710768 
0.013472 -0.0227039 0.00220805 -0.00285617 -0.0227039 0.101372 -0.00285485 0.00781349 0.00220805 -0.00285485 0.00521964 -0.0117797 -0.00285617 0.00781349 -0.0117797 0.0710723 
0.0134641 -0.0226987 0.0022223 -0.00292673 -0.0226987 0.101445 -0.00291825 0.00799882 0.0022223 -0.00291825 0.00525102 -0.0118265 -0.00292673 0.00799882 -0.0118265 0.0712013 
0.0134107 -0.0226454 0.00223388 -0.00294356 -0.0226454 0.10127 -0.00293528 0.00810196 0.00223388 -0.00293528 0.00528893 -0.0118547 -0.00294356 0.00810196 -0.0118547 0.0712337 
0.0133923 -0.0226314 0.00221122 -0.00290883 -0.0226314 0.101282 -0.00290338 0.00802325 0.00221122 -0.00290338 0.00532151 -0.0118951 -0.00290883 0.00802325 -0.0118951 0.0713455 
0.0133331 -0.0225878 0.00222423 -0.00287006 -0.0225878 0.101159 -0.00286706 0.00791613 0.00222423 -0.00286706 0.00537905 -0.0119301 -0.00287006 0.00791613 -0.0119301 0.0714119 
0.013307 -0.0225308 0.00222268 -0.00287935 -0.0225308 0.101059 -0.00286897 0.00786322 0.00222268 -0.00286897 0.00541107 -0.0120092 -0.00287935 0.00786322 -0.0120092 0.0715904 
0.0132745 -0.0224673 0.0022581 -0.00294733 -0.0224673 0.10089 -0.00293145 0.00803408 0.0022581 -0.00293145 0.00544787 -0.0120986 -0.00294733 0.00803408 -0.0120986 0.0718909 
0.0132731 -0.0224291 0.0022998 -0.00298108 -0.0224291 0.100772 -0.0029672 0.00814777 0.0022998 -0.0029672 0.00545368 -0.0121432 -0.00298108 0.00814777 -0.0121432 0.0720852 
0.0132898 -0.0224094 0.00230787 -0.00300388 -0.0224094 0.100622 -0.00299242 0.00819397 0.00230787 -0.00299242 0.00540983 -0.0121203 -0.00300388 0.00819397 -0.0121203 0.0720331 
0.0133164 -0.0224841 0.00229805 -0.00300462 -0.0224841 0.100817 -0.00300009 0.00821521 0.00229805 -0.00300009 0.00539109 -0.0120713 -0.00300462 0.00821521 -0.0120713 0.0720024 
0.0132557 -0.0224822 0.00231035 -0.00300929 -0.0224822 0.100825 -0.00301222 0.00825832 0.00231035 -0.00301222 0.00544329 -0.0120385 -0.00300929 0.00825832 -0.0120385 0.0718756 
0.0132024 -0.0224252 0.00230097 -0.00300077 -0.0224252 0.100762 -0.00300204 0.00822651 0.00230097 -0.00300204 0.00550817 -0.012083 -0.00300077 0.00822651 -0.012083 0.0718696 
0.0132291 -0.0223534 0.00227201 -0.00297188 -0.0223534 0.100591 -0.00296701 0.00814009 0.00227201 -0.00296701 0.00547265 -0.0121562 -0.00297188 0.00814009 -0.0121562 0.0719726 
0.0132648 -0.0223822 0.00224204 -0.00292394 -0.0223822 0.100549 -0.00292445 0.00802251 0.00224204 -0.00292445 0.00543094 -0.0121193 -0.00292394 0.00802251 -0.0121193 0.0719748 
0.0133193 -0.022446 0.00220151 -0.00285969 -0.022446 0.100678 -0.00286945 0.0078494 0.00220151 -0.00286945 0.00538103 -0.0120507 -0.00285969 0.0078494 -0.0120507 0.0718315 
0.0133613 -0.0225208 0.00222245 -0.00283645 -0.0225208 0.10089 -0.00285205 0.00778191 0.00222245 -0.00285205 0.00535036 -0.0120081 -0.00283645 0.00778191 -0.0120081 0.0717514 
0.0133692 -0.0225313 0.00227852 -0.00290248 -0.0225313 0.100904 -0.00291379 0.00790174 0.00227852 -0.00291379 0.00532306 -0.0119791 -0.00290248 0.00790174 -0.0119791 0.0716492 
0.013382 -0.0225852 0.00230708 -0.00298581 -0.0225852 0.101111 -0.00298712 0.00809553 0.00230708 -0.00298712 0.0053279 -0.0119636 -0.00298581 0.00809553 -0.0119636 0.0716733 
0.0133521 -0.0225626 0.00231385 -0.0030203 -0.0225626 0.101054 -0.0030154 0.00822605 0.00231385 -0.0030154 0.00533536 -0.0119418 -0.0030203 0.00822605 -0.0119418 0.0715542 
0.0133617 -0.0225544 0.00229713 -0.00298139 -0.0225544 0.101051 -0.0029772 0.00815701 0.00229713 -0.0029772 0.00531694 -0.0119213 -0.00298139 0.00815701 -0.0119213 0.0714404 
0.0133515 -0.0225797 0.00227114 -0.0029732 -0.0225797 0.10114 -0.00297106 0.00812849 0.00227114 -0.00297106 0.00534751 -0.0119161 -0.0029732 0.00812849 -0.0119161 0.0714476 
0.0133515 -0.0225484 0.00223133 -0.00293025 -0.0225484 0.101075 -0.00292959 0.00803856 0.00223133 -0.00292959 0.00534314 -0.0119373 -0.00293025 0.00803856 -0.0119373 0.0714253 
0.0133477 -0.0225299 0.00219792 -0.00289762 -0.0225299 0.10098 -0.00290281 0.0079754 0.00219792 -0.00290281 0.0053379 -0.0119489 -0.00289762 0.0079754 -0.0119489 0.0714576 
0.013342 -0.0225384 0.00222499 -0.00286793 -0.0225384 0.101008 -0.00288015 0.00792498 0.00222499 -0.00288015 0.00535043 -0.0119649 -0.00286793 0.00792498 -0.0119649 0.0715534 
0.0133179 -0.0225167 0.00227902 -0.00288942 -0.0225167 0.100941 -0.00289849 0.00791464 0.00227902 -0.00289849 0.00536056 -0.0119665 -0.00288942 0.00791464 -0.0119665 0.0715483 
0.0132293 -0.0224782 0.00232796 -0.00298124 -0.0224782 0.100836 -0.00297541 0.00807289 0.00232796 -0.00297541 0.00543971 -0.0119828 -0.00298124 0.00807289 -0.0119828 0.0715718 
0.0131436 -0.0223864 0.00235808 -0.00306588 -0.0223864 0.100703 -0.00304351 0.00828867 0.00235808 -0.00304351 0.00555215 -0.012092 -0.00306588 0.00828867 -0.012092 0.0717963 
0.0131585 -0.0222819 0.00231593 -0.00305568 -0.0222819 0.100449 -0.00302246 0.00828838 0.00231593 -0.00302246 0.00554239 -0.012202 -0.00305568 0.00828838 -0.012202 0.07201 
0.0131783 -0.022281 0.00231211 -0.00300855 -0.022281 0.100306 -0.00298674 0.00822907 0.00231211 -0.00298674 0.0055306 -0.0122125 -0.00300855 0.00822907 -0.0122125 0.0721485 
0.0132102 -0.0223096 0.0022855 -0.00303188 -0.0223096 0.100345 -0.00302406 0.00828308 0.0022855 -0.00302406 0.00551687 -0.0122318 -0.00303188 0.00828308 -0.0122318 0.0722865 
0.0132393 -0.0223648 0.00227754 -0.00296673 -0.0223648 0.100476 -0.00297613 0.00819496 0.00227754 -0.00297613 0.00548814 -0.0122042 -0.00296673 0.00819496 -0.0122042 0.0722828 
0.0132192 -0.0223986 0.00229692 -0.00296321 -0.0223986 0.100592 -0.00298109 0.00815864 0.00229692 -0.00298109 0.00549723 -0.0121784 -0.00296321 0.00815864 -0.0121784 0.0722582 
0.0131618 -0.0223597 0.00232589 -0.0029978 -0.0223597 0.100542 -0.00301078 0.00820745 0.00232589 -0.00301078 0.00555219 -0.0121828 -0.0029978 0.00820745 -0.0121828 0.0722251 
0.0131724 -0.0223104 0.00235983 -0.00302038 -0.0223104 0.100487 -0.00302139 0.00823675 0.00235983 -0.00302139 0.00554118 -0.0122406 -0.00302038 0.00823675 -0.0122406 0.0723144 
0.0131478 -0.0222689 0.00238391 -0.00309263 -0.0222689 0.100267 -0.00308571 0.00838756 0.00238391 -0.00308571 0.00554402 -0.0122323 -0.00309263 0.00838756 -0.0122323 0.072304 
0.013159 -0.0223058 0.00240413 -0.00309708 -0.0223058 0.100396 -0.00308867 0.00842723 0.00240413 -0.00308867 0.00555658 -0.0122288 -0.00309708 0.00842723 -0.0122288 0.0723394 
0.0131477 -0.0222836 0.00241518 -0.00311477 -0.0222836 0.100319 -0.00310697 0.00845815 0.00241518 -0.00310697 0.00556255 -0.0122229 -0.00311477 0.00845815 -0.0122229 0.0722585 
0.0131069 -0.0222753 0.00238481 -0.00312359 -0.0222753 0.100276 -0.00311536 0.00847787 0.00238481 -0.00311536 0.00561164 -0.0122267 -0.00312359 0.00847787 -0.0122267 0.0722237 
0.0130752 -0.0222303 0.00239058 -0.00309729 -0.0222303 0.100212 -0.00309157 0.00846329 0.00239058 -0.00309157 0.00564546 -0.0123056 -0.00309729 0.00846329 -0.0123056 0.0723683 
0.0130731 -0.0221918 0.00238759 -0.00308108 -0.0221918 0.100111 -0.00307657 0.00839441 0.00238759 -0.00307657 0.00565007 -0.0123499 -0.00308108 0.00839441 -0.0123499 0.0725078 
0.0131165 -0.0222262 0.0023588 -0.00307045 -0.0222262 0.100223 -0.00306751 0.0083438 0.0023588 -0.00306751 0.0056295 -0.0123718 -0.00307045 0.0083438 -0.0123718 0.072676 
0.0131378 -0.0222374 0.00237703 -0.00306703 -0.0222374 0.10021 -0.00307221 0.00836989 0.00237703 -0.00307221 0.00559473 -0.0123599 -0.00306703 0.00836989 -0.0123599 0.0727113 
0.0131329 -0.0222705 0.00238472 -0.00307839 -0.0222705 0.100274 -0.00309002 0.00838856 0.00238472 -0.00309002 0.00558971 -0.0123089 -0.00307839 0.00838856 -0.0123089 0.0726296 
0.0131088 -0.0222579 0.00240462 -0.00308046 -0.0222579 0.100254 -0.00309229 0.0083939 0.00240462 -0.00309229 0.00559225 -0.0122775 -0.00308046 0.0083939 -0.0122775 0.0724847 
0.0131226 -0.0222443 0.00238842 -0.00306435 -0.0222443 0.10023 -0.00306929 0.00831333 0.00238842 -0.00306929 0.00556017 -0.0122443 -0.00306435 0.00831333 -0.0122443 0.0723163 
0.0131315 -0.0222803 0.00239924 -0.00307666 -0.0222803 0.10035 -0.00307788 0.00833518 0.00239924 -0.00307788 0.00556635 -0.0122308 -0.00307666 0.00833518 -0.0122308 0.0723161 
0.0131338 -0.0222568 0.00242184 -0.00308095 -0.0222568 0.100262 -0.00307889 0.0083364 0.00242184 -0.00307889 0.00556205 -0.0122092 -0.00308095 0.0083364 -0.0122092 0.07218 
0.0131343 -0.022292 0.00246992 -0.00312467 -0.022292 0.100374 -0.00311576 0.00841511 0.00246992 -0.00311576 0.00558184 -0.0122252 -0.00312467 0.00841511 -0.0122252 0.0722303 
0.0131265 -0.0222433 0.00248163 -0.00319251 -0.0222433 0.10021 -0.00317401 0.0085563 0.00248163 -0.00317401 0.00555846 -0.0122333 -0.00319251 0.0085563 -0.0122333 0.0721724 
0.0131878 -0.0222827 0.00246804 -0.00322028 -0.0222827 0.100335 -0.00320143 0.00867921 0.00246804 -0.00320143 0.00551528 -0.0122333 -0.00322028 0.00867921 -0.0122333 0.0722652 
0.0132158 -0.0223521 0.00243118 -0.00319042 -0.0223521 0.10048 -0.00318464 0.00868078 0.00243118 -0.00318464 0.00550321 -0.012171 -0.00319042 0.00868078 -0.012171 0.0721806 
0.0132097 -0.0223719 0.0024497 -0.00313963 -0.0223719 0.100537 -0.00314919 0.00860859 0.0024497 -0.00314919 0.00551101 -0.0121476 -0.00313963 0.00860859 -0.0121476 0.0720624 
0.0131979 -0.0223738 0.0024872 -0.00315628 -0.0223738 0.100579 -0.00316506 0.00858797 0.0024872 -0.00316506 0.00552144 -0.0121629 -0.00315628 0.00858797 -0.0121629 0.0720585 
0.0132029 -0.0223811 0.00247568 -0.00318248 -0.0223811 0.100641 -0.00317839 0.008587 0.00247568 -0.00317839 0.00552291 -0.0121658 -0.00318248 0.008587 -0.0121658 0.072071 
0.0132097 -0.022343 0.00245504 -0.00320047 -0.022343 0.100502 -0.00319041 0.00865431 0.00245504 -0.00319041 0.00550493 -0.0121719 -0.00320047 0.00865431 -0.0121719 0.0720484 
0.0132537 -0.0223875 0.00242909 -0.00315273 -0.0223875 0.100595 -0.00314925 0.00858579 0.00242909 -0.00314925 0.00548048 -0.01215 -0.00315273 0.00858579 -0.01215 0.0720418 
0.0133135 -0.0224212 0.00242015 -0.0031318 -0.0224212 0.100646 -0.00313704 0.00854297 0.00242015 -0.00313704 0.00541515 -0.0121304 -0.0031318 0.00854297 -0.0121304 0.0719985 
0.0133681 -0.0225382 0.00240233 -0.003105 -0.0225382 0.100958 -0.00311761 0.00847501 0.00240233 -0.00311761 0.00538951 -0.0120608 -0.003105 0.00847501 -0.0120608 0.0719403 
0.0133366 -0.0225532 0.0023986 -0.00311252 -0.0225532 0.100993 -0.00312881 0.0085016 0.0023986 -0.00312881 0.00541723 -0.012029 -0.00311252 0.0085016 -0.012029 0.0717978 
0.0133035 -0.0225675 0.00239229 -0.00306767 -0.0225675 0.101129 -0.00308084 0.00839047 0.00239229 -0.00308084 0.00546601 -0.0120536 -0.00306767 0.00839047 -0.0120536 0.0718065 
0.0132655 -0.022502 0.00239194 -0.00307112 -0.022502 0.101019 -0.00307367 0.00834554 0.00239194 -0.00307367 0.00549533 -0.0121243 -0.00307112 0.00834554 -0.0121243 0.0719271 
0.0132156 -0.0224477 0.00244231 -0.0030912 -0.0224477 0.10088 -0.00308448 0.00837457 0.00244231 -0.00308448 0.00553511 -0.0121828 -0.0030912 0.00837457 -0.0121828 0.0721219 
0.0132232 -0.0223818 0.00247929 -0.00315744 -0.0223818 0.10071 -0.00313878 0.00847752 0.00247929 -0.00313878 0.005507 -0.0122295 -0.00315744 0.00847752 -0.0122295 0.0722666 
0.0132263 -0.0223746 0.00250398 -0.00326754 -0.0223746 0.100637 -0.00324397 0.00877399 0.00250398 -0.00324397 0.00551551 -0.0122336 -0.00326754 0.00877399 -0.0122336 0.0724109 
0.0132608 -0.0223827 0.00246276 -0.00322781 -0.0223827 0.100579 -0.00321385 0.0087665 0.00246276 -0.00321385 0.00545152 -0.012171 -0.00322781 0.0087665 -0.012171 0.0722056 
0.0132888 -0.0224427 0.00241491 -0.00318465 -0.0224427 0.100712 -0.0031872 0.00871545 0.00241491 -0.0031872 0.00542945 -0.0121057 -0.00318465 0.00871545 -0.0121057 0.0720661 
0.0132918 -0.0224869 0.00233001 -0.0030833 -0.0224869 0.100838 -0.00310127 0.00850275 0.00233001 -0.00310127 0.00542691 -0.0120465 -0.0030833 0.00850275 -0.0120465 0.0718508 
0.0132387 -0.0225075 0.00226926 -0.00294402 -0.0225075 0.100946 -0.00297301 0.00816498 0.00226926 -0.00297301 0.00548265 -0.0120301 -0.00294402 0.00816498 -0.0120301 0.0717265 
0.0131684 -0.02241 0.00226406 -0.00290739 -0.02241 0.100786 -0.00293093 0.00800067 0.00226406 -0.00293093 0.00554777 -0.0121284 -0.00290739 0.00800067 -0.0121284 0.071867 
0.0130566 -0.0222972 0.00233379 -0.00296342 -0.0222972 0.100514 -0.00297121 0.00808152 0.00233379 -0.00297121 0.00566282 -0.0122604 -0.00296342 0.00808152 -0.0122604 0.0722374 
0.0129859 -0.0221606 0.00238885 -0.00304678 -0.0221606 0.100192 -0.00303173 0.00822071 0.00238885 -0.00303173 0.00573567 -0.0124035 -0.00304678 0.00822071 -0.0124035 0.0726202 
0.0129525 -0.0220459 0.00241672 -0.00313049 -0.0220459 0.0998154 -0.00309853 0.00841281 0.00241672 -0.00309853 0.00575101 -0.0124927 -0.00313049 0.00841281 -0.0124927 0.0728999 
0.0129321 -0.0220152 0.00241765 -0.00317011 -0.0220152 0.0996549 -0.00313853 0.0085631 0.00241765 -0.00313853 0.00576469 -0.012518 -0.00317011 0.0085631 -0.012518 0.0730738 
0.0129532 -0.0219972 0.00236819 -0.00310634 -0.0219972 0.0995427 -0.00308976 0.00846169 0.00236819 -0.00308976 0.005719 -0.0124771 -0.00310634 0.00846169 -0.0124771 0.0729484 
0.0129459 -0.0220157 0.00237928 -0.00307565 -0.0220157 0.0995365 -0.00307669 0.00842227 0.00237928 -0.00307669 0.00572796 -0.0124427 -0.00307565 0.00842227 -0.0124427 0.0728828 
0.0128836 -0.0220173 0.00241128 -0.00308738 -0.0220173 0.0995719 -0.00309446 0.00842483 0.00241128 -0.00309446 0.00580038 -0.0124526 -0.00308738 0.00842483 -0.0124526 0.0728706 
0.0128662 -0.0219723 0.00237118 -0.00308708 -0.0219723 0.0995689 -0.00308284 0.00836772 0.00237118 -0.00308284 0.00582257 -0.012517 -0.00308708 0.00836772 -0.012517 0.0729503 
0.0128951 -0.021931 0.00231991 -0.00303657 -0.021931 0.0994446 -0.00302895 0.00826661 0.00231991 -0.00302895 0.00578764 -0.012543 -0.00303657 0.00826661 -0.012543 0.0730221 
0.0128839 -0.0219447 0.00227673 -0.00299631 -0.0219447 0.0993872 -0.00300021 0.00819815 0.00227673 -0.00300021 0.00579714 -0.0125208 -0.00299631 0.00819815 -0.0125208 0.0730421 
0.0128995 -0.0219272 0.00225229 -0.00293608 -0.0219272 0.0993394 -0.00295337 0.0080831 0.00225229 -0.00295337 0.00577073 -0.0125273 -0.00293608 0.0080831 -0.0125273 0.073028 
0.0128517 -0.0219378 0.00228052 -0.0029088 -0.0219378 0.0993136 -0.00293288 0.00800169 0.00228052 -0.00293288 0.00581811 -0.0125027 -0.0029088 0.00800169 -0.0125027 0.0729946 
0.0128908 -0.0219014 0.00229909 -0.00292444 -0.0219014 0.0992945 -0.00293831 0.00795731 0.00229909 -0.00293831 0.00576981 -0.0125446 -0.00292444 0.00795731 -0.0125446 0.0730295 
0.0129297 -0.0219441 0.002329 -0.00299162 -0.0219441 0.0993616 -0.00299353 0.00809113 0.002329 -0.00299353 0.00574301 -0.0125207 -0.00299162 0.00809113 -0.0125207 0.0730954 
0.0128469 -0.0219403 0.00240472 -0.00306075 -0.0219403 0.0992679 -0.00306203 0.00829912 0.00240472 -0.00306203 0.00580853 -0.0124752 -0.00306075 0.00829912 -0.0124752 0.0729591 
0.0128036 -0.0218768 0.00246772 -0.00316272 -0.0218768 0.0992365 -0.00315194 0.0085336 0.00246772 -0.00315194 0.00587117 -0.0125621 -0.00316272 0.0085336 -0.0125621 0.073083 
0.01276 -0.0218277 0.00251461 -0.00323076 -0.0218277 0.0991339 -0.00320738 0.0087109 0.00251461 -0.00320738 0.00593024 -0.0126387 -0.00323076 0.0087109 -0.0126387 0.0732754 
0.0127501 -0.0217943 0.00249902 -0.0032277 -0.0217943 0.0990448 -0.003199 0.00869245 0.00249902 -0.003199 0.00593505 -0.0126708 -0.0032277 0.00869245 -0.0126708 0.0733342 
0.0127684 -0.0217691 0.00246214 -0.00321386 -0.0217691 0.0989446 -0.00318814 0.00866919 0.00246214 -0.00318814 0.00590659 -0.0126817 -0.00321386 0.00866919 -0.0126817 0.0733683 
0.0128092 -0.0218145 0.00243897 -0.00317992 -0.0218145 0.0990601 -0.00317038 0.00863772 0.00243897 -0.00317038 0.0058788 -0.0126743 -0.00317992 0.00863772 -0.0126743 0.0734539 
0.0128076 -0.0218279 0.00242982 -0.00313536 -0.0218279 0.0990321 -0.00314372 0.00855384 0.00242982 -0.00314372 0.00585843 -0.0126187 -0.00313536 0.00855384 -0.0126187 0.0733048 
0.0127427 -0.0218205 0.00243309 -0.00313614 -0.0218205 0.0990058 -0.00315127 0.00854347 0.00243309 -0.00315127 0.00590841 -0.0125957 -0.00313614 0.00854347 -0.0125957 0.0732068 
0.0126776 -0.0217542 0.00243412 -0.00315205 -0.0217542 0.0989305 -0.00316243 0.00857477 0.00243412 -0.00316243 0.00598246 -0.0126664 -0.00315205 0.00857477 -0.0126664 0.0733112 
0.0126547 -0.0216825 0.00242676 -0.00312491 -0.0216825 0.0987868 -0.00312712 0.00850221 0.00242676 -0.00312712 0.00601321 -0.0127457 -0.00312491 0.00850221 -0.0127457 0.0734769 
0.012647 -0.0216594 0.00244579 -0.00310834 -0.0216594 0.0987061 -0.003106 0.00842667 0.00244579 -0.003106 0.00604204 -0.0127909 -0.00310834 0.00842667 -0.0127909 0.0736457 
0.0126588 -0.0216566 0.0024132 -0.00310799 -0.0216566 0.0986773 -0.0030985 0.00835677 0.0024132 -0.0030985 0.00604436 -0.0128096 -0.00310799 0.00835677 -0.0128096 0.0737062 
0.0126124 -0.0216496 0.00236853 -0.00305418 -0.0216496 0.0985783 -0.00304511 0.00823859 0.00236853 -0.00304511 0.00608151 -0.0127912 -0.00305418 0.00823859 -0.0127912 0.0736196 
0.0125934 -0.0216063 0.00239687 -0.00303315 -0.0216063 0.0985392 -0.00302549 0.00819193 0.00239687 -0.00302549 0.00611596 -0.0128799 -0.00303315 0.00819193 -0.0128799 0.073817 
0.0125728 -0.0215394 0.00246457 -0.0031207 -0.0215394 0.0983396 -0.00310606 0.00836267 0.00246457 -0.00310606 0.00613288 -0.0129695 -0.0031207 0.00836267 -0.0129695 0.0741048 
0.0125954 -0.021513 0.00253949 -0.00321965 -0.021513 0.098221 -0.00319751 0.00860675 0.00253949 -0.00319751 0.00611424 -0.0130049 -0.00321965 0.00860675 -0.0130049 0.0743039 
