0.00373472 0 -0.00187781 0 0 0.00998574 0 0 -0.00187781 0 0.010311 0 0 0 0 0.00998574 
0.0055756 -0.00697991 -0.00287496 0.00354645 -0.00697991 0.0225527 0.00354645 -0.00680181 -0.00287496 0.00354645 0.0142937 -0.0176864 0.00354645 -0.00680181 -0.0176864 0.0430838 
0.00603366 -0.0119733 -0.00262884 0.00462229 -0.0119733 0.0475775 0.00462229 -0.0147844 -0.00262884 0.00462229 0.0139455 -0.0251953 0.00462229 -0.0147844 -0.0251953 0.0895092 
0.00590181 -0.0134407 -0.00218336 0.00352157 -0.0134407 0.0649369 0.00351558 -0.0132965 -0.00218336 0.00351558 0.0130402 -0.0233183 0.00352157 -0.0132965 -0.0233183 0.099874 
0.00575959 -0.0135454 -0.00213668 0.00291085 -0.0135454 0.0731307 0.00290166 -0.0104433 -0.00213668 0.00290166 0.0131652 -0.0221754 0.00291085 -0.0104433 -0.0221754 0.0994119 
0.00568957 -0.0132666 -0.00222467 0.00286052 -0.0132666 0.0756577 0.00285349 -0.009007 -0.00222467 0.00285349 0.0135669 -0.0223975 0.00286052 -0.009007 -0.0223975 0.0998414 
0.00569107 -0.0130379 -0.00235576 0.00303612 -0.0130379 0.0758917 0.00302734 -0.00881369 -0.00235576 0.00302734 0.013782 -0.0228009 0.00303612 -0.00881369 -0.0228009 0.100859 
0.00575743 -0.0129301 -0.00243343 0.00320859 -0.0129301 0.0755865 0.0031994 -0.00904903 -0.00243343 0.0031994 0.0138249 -0.0230108 0.00320859 -0.00904903 -0.0230108 0.101614 
0.00583932 -0.0130234 -0.00248076 0.00337091 -0.0130234 0.0756334 0.00336585 -0.00950426 -0.00248076 0.00336585 0.0137669 -0.0230088 0.00337091 -0.00950426 -0.0230088 0.101855 
0.00588849 -0.0131097 -0.00245326 0.00338523 -0.0131097 0.0758037 0.00338705 -0.00965992 -0.00245326 0.00338705 0.013753 -0.0229631 0.00338523 -0.00965992 -0.0229631 0.101866 
0.00589205 -0.0131863 -0.00247453 0.00336287 -0.0131863 0.0759959 0.00336416 -0.0096897 -0.00247453 0.00336416 0.0137377 -0.022904 0.00336287 -0.0096897 -0.022904 0.101676 
0.0058962 -0.0131918 -0.00247671 0.00336979 -0.0131918 0.0760902 0.00336848 -0.00967095 -0.00247671 0.00336848 0.0137301 -0.0228984 0.00336979 -0.00967095 -0.0228984 0.101601 
0.005884 -0.0131933 -0.00249103 0.00337548 -0.0131933 0.076108 0.00337198 -0.00967858 -0.00249103 0.00337198 0.0137214 -0.0228894 0.00337548 -0.00967858 -0.0228894 0.101558 
0.00588395 -0.013149 -0.00240559 0.00333807 -0.013149 0.076028 0.00333557 -0.00955183 -0.00240559 0.00333557 0.0137542 -0.0229347 0.00333807 -0.00955183 -0.0229347 0.101686 
0.00588879 -0.013171 -0.00236367 0.0032589 -0.013171 0.0760687 0.00325192 -0.00940625 -0.00236367 0.00325192 0.0137771 -0.0229732 0.0032589 -0.00940625 -0.0229732 0.101821 
0.0058788 -0.0131801 -0.00233002 0.00321042 -0.0131801 0.0760734 0.00319767 -0.009252 -0.00233002 0.00319767 0.0137713 -0.022971 0.00321042 -0.009252 -0.022971 0.101801 
0.00589943 -0.0132104 -0.00234423 0.00321306 -0.0132104 0.076222 0.00320126 -0.00925634 -0.00234423 0.00320126 0.0137323 -0.0229597 0.00321306 -0.00925634 -0.0229597 0.101821 
0.00589924 -0.0132106 -0.00237956 0.00322786 -0.0132106 0.0761871 0.0032227 -0.0092914 -0.00237956 0.0032227 0.0136766 -0.0228636 0.00322786 -0.0092914 -0.0228636 0.101563 
0.00590975 -0.0132097 -0.00244901 0.00326163 -0.0132097 0.0762173 0.00326539 -0.00936444 -0.00244901 0.00326539 0.013643 -0.0228298 0.00326163 -0.00936444 -0.0228298 0.101483 
0.00591034 -0.0131824 -0.00244821 0.00330738 -0.0131824 0.0761115 0.00332256 -0.00943455 -0.00244821 0.00332256 0.0136256 -0.0227958 0.00330738 -0.00943455 -0.0227958 0.101377 
0.00592576 -0.0131958 -0.00242707 0.00332438 -0.0131958 0.0761391 0.00334181 -0.0095265 -0.00242707 0.00334181 0.0136147 -0.0227848 0.00332438 -0.0095265 -0.0227848 0.101367 
0.00593341 -0.0131948 -0.00238923 0.00328739 -0.0131948 0.0760897 0.00330034 -0.00947591 -0.00238923 0.00330034 0.0136067 -0.0227531 0.00328739 -0.00947591 -0.0227531 0.101255 
0.00594923 -0.0132382 -0.00241993 0.00329309 -0.0132382 0.0761846 0.00329859 -0.00951247 -0.00241993 0.00329859 0.0135696 -0.0227033 0.00329309 -0.00951247 -0.0227033 0.101096 
0.00594804 -0.0132578 -0.00252563 0.00332928 -0.0132578 0.0762711 0.00333201 -0.00957574 -0.00252563 0.00333201 0.0135372 -0.0226652 0.00332928 -0.00957574 -0.0226652 0.100995 
0.0058962 -0.0132372 -0.00260386 0.00345578 -0.0132372 0.0762135 0.00346698 -0.00981114 -0.00260386 0.00346698 0.0135148 -0.0225998 0.00345578 -0.00981114 -0.0225998 0.100788 
0.00586831 -0.0131272 -0.00264221 0.00351532 -0.0131272 0.0759681 0.00352751 -0.00997075 -0.00264221 0.00352751 0.0135048 -0.0226176 0.00351532 -0.00997075 -0.0226176 0.100787 
0.00584987 -0.0130812 -0.00265368 0.00358091 -0.0130812 0.0757727 0.00359296 -0.0101575 -0.00265368 0.00359296 0.0135011 -0.0226035 0.00358091 -0.0101575 -0.0226035 0.100785 
0.00584282 -0.0130566 -0.00262903 0.00360145 -0.0130566 0.0757039 0.00360942 -0.0102651 -0.00262903 0.00360942 0.013506 -0.0226258 0.00360145 -0.0102651 -0.0226258 0.100891 
0.00583954 -0.0130269 -0.00262276 0.00358964 -0.0130269 0.0755183 0.00358988 -0.0102942 -0.00262276 0.00358988 0.0134393 -0.0225589 0.00358964 -0.0102942 -0.0225589 0.100666 
0.00590272 -0.0130231 -0.00259062 0.00358257 -0.0130231 0.0754929 0.00358075 -0.0102815 -0.00259062 0.00358075 0.0133548 -0.0225141 0.00358257 -0.0102815 -0.0225141 0.100597 
0.00593319 -0.0130549 -0.00257172 0.00350127 -0.0130549 0.0754464 0.00350792 -0.0101092 -0.00257172 0.00350792 0.0133191 -0.0224155 0.00350127 -0.0101092 -0.0224155 0.100386 
0.00597015 -0.0131131 -0.0025774 0.00346952 -0.0131131 0.075612 0.00348445 -0.00998517 -0.0025774 0.00348445 0.0133279 -0.0223974 0.00346952 -0.00998517 -0.0223974 0.100346 
0.00597693 -0.0131672 -0.00256232 0.00348637 -0.0131672 0.0757355 0.00350388 -0.00998372 -0.00256232 0.00350388 0.0133205 -0.0223628 0.00348637 -0.00998372 -0.0223628 0.100186 
0.00596503 -0.0131751 -0.00256331 0.00345291 -0.0131751 0.0758289 0.00346261 -0.00990932 -0.00256331 0.00346261 0.0133575 -0.0223922 0.00345291 -0.00990932 -0.0223922 0.100242 
0.00595765 -0.0131763 -0.00257598 0.0034753 -0.0131763 0.0758685 0.00347742 -0.009923 -0.00257598 0.00347742 0.0133646 -0.0224119 0.0034753 -0.009923 -0.0224119 0.100257 
0.00592209 -0.0131463 -0.00254631 0.00348237 -0.0131463 0.0757687 0.00347964 -0.00992585 -0.00254631 0.00347964 0.0133613 -0.0224114 0.00348237 -0.00992585 -0.0224114 0.100214 
0.00590392 -0.0130977 -0.00250151 0.00342638 -0.0130977 0.0757175 0.00341758 -0.00980694 -0.00250151 0.00341758 0.0134041 -0.0224813 0.00342638 -0.00980694 -0.0224813 0.100458 
0.00590719 -0.0130797 -0.00247217 0.00338473 -0.0130797 0.0756561 0.00337346 -0.00969962 -0.00247217 0.00337346 0.0134204 -0.022511 0.00338473 -0.00969962 -0.022511 0.100568 
0.00591947 -0.0130676 -0.00246503 0.0033318 -0.0130676 0.075564 0.00332129 -0.00955235 -0.00246503 0.00332129 0.0134356 -0.0225261 0.0033318 -0.00955235 -0.0225261 0.100599 
0.00593433 -0.0131313 -0.00251162 0.00336543 -0.0131313 0.0757164 0.00335872 -0.00960719 -0.00251162 0.00335872 0.0134388 -0.0225223 0.00336543 -0.00960719 -0.0225223 0.100609 
0.00593072 -0.0131642 -0.00255699 0.00343098 -0.0131642 0.0758383 0.00343114 -0.00976335 -0.00255699 0.00343114 0.0134342 -0.0225015 0.00343098 -0.00976335 -0.0225015 0.100532 
0.00591458 -0.0131389 -0.00254759 0.00345473 -0.0131389 0.0758323 0.00345664 -0.00982948 -0.00254759 0.00345664 0.0134694 -0.0225355 0.00345473 -0.00982948 -0.0225355 0.100607 
0.00586517 -0.0131117 -0.00252355 0.00345723 -0.0131117 0.0757179 0.00345391 -0.00987097 -0.00252355 0.00345391 0.0134918 -0.0225395 0.00345723 -0.00987097 -0.0225395 0.10055 
0.00586802 -0.0130657 -0.00256903 0.00344542 -0.0130657 0.0756544 0.00343138 -0.00986776 -0.00256903 0.00343138 0.0134793 -0.0225884 0.00344542 -0.00986776 -0.0225884 0.100666 
0.0059135 -0.0130446 -0.00258974 0.00347329 -0.0130446 0.0755467 0.00346314 -0.00986996 -0.00258974 0.00346314 0.0134392 -0.022593 0.00347329 -0.00986996 -0.022593 0.100742 
0.00593549 -0.01311 -0.00259347 0.00349045 -0.01311 0.0756529 0.00349601 -0.00992159 -0.00259347 0.00349601 0.0134519 -0.0225662 0.00349045 -0.00992159 -0.0225662 0.100785 
0.00594633 -0.0131559 -0.00265506 0.00349802 -0.0131559 0.0758024 0.00351083 -0.00996895 -0.00265506 0.00351083 0.0134697 -0.022562 0.00349802 -0.00996895 -0.022562 0.100755 
0.00596927 -0.0131798 -0.00279604 0.00356926 -0.0131798 0.0759201 0.00358349 -0.0100901 -0.00279604 0.00358349 0.0134541 -0.0225853 0.00356926 -0.0100901 -0.0225853 0.100792 
0.00600192 -0.0132048 -0.00286048 0.00373157 -0.0132048 0.0759819 0.00375628 -0.0104007 -0.00286048 0.00375628 0.0134205 -0.0225631 0.00373157 -0.0104007 -0.0225631 0.100756 
0.00598324 -0.0132481 -0.00279128 0.00382573 -0.0132481 0.0760451 0.00386029 -0.0107288 -0.00279128 0.00386029 0.013417 -0.0224902 0.00382573 -0.0107288 -0.0224902 0.100556 
0.0059619 -0.0132156 -0.00272961 0.00371903 -0.0132156 0.0760543 0.00373868 -0.0106351 -0.00272961 0.00373868 0.0134723 -0.0225403 0.00371903 -0.0106351 -0.0225403 0.100641 
0.005927 -0.0132149 -0.00268729 0.00368084 -0.0132149 0.0760595 0.00367864 -0.0105168 -0.00268729 0.00367864 0.0135053 -0.0225664 0.00368084 -0.0105168 -0.0225664 0.100667 
0.00591617 -0.0131786 -0.00269687 0.00362684 -0.0131786 0.0760615 0.00360832 -0.0103607 -0.00269687 0.00360832 0.0135362 -0.0226507 0.00362684 -0.0103607 -0.0226507 0.100908 
0.0058874 -0.0131462 -0.00270181 0.00364436 -0.0131462 0.0759129 0.00362569 -0.0103308 -0.00270181 0.00362569 0.0135319 -0.0226343 0.00364436 -0.0103308 -0.0226343 0.100856 
0.00588454 -0.0131109 -0.0027277 0.00364862 -0.0131109 0.0758297 0.00363368 -0.0103446 -0.0027277 0.00363368 0.0135304 -0.0226589 0.00364862 -0.0103446 -0.0226589 0.100933 
0.00591498 -0.013099 -0.00276134 0.00365811 -0.013099 0.0758024 0.00365025 -0.010346 -0.00276134 0.00365025 0.0135422 -0.0227014 0.00365811 -0.010346 -0.0227014 0.101118 
0.00592049 -0.013126 -0.00280183 0.00368457 -0.013126 0.0757927 0.0036889 -0.010389 -0.00280183 0.0036889 0.0135678 -0.0226991 0.00368457 -0.010389 -0.0226991 0.101138 
0.00593605 -0.0131626 -0.00288888 0.00375269 -0.0131626 0.0758875 0.00376335 -0.0105501 -0.00288888 0.00376335 0.0135867 -0.0227102 0.00375269 -0.0105501 -0.0227102 0.101131 
0.00591356 -0.0131919 -0.00291478 0.00386585 -0.0131919 0.0759648 0.00387855 -0.0108069 -0.00291478 0.00387855 0.0135929 -0.0227164 0.00386585 -0.0108069 -0.0227164 0.101102 
0.0058859 -0.0131749 -0.00282184 0.0038853 -0.0131749 0.0760492 0.00389364 -0.010924 -0.00282184 0.00389364 0.0136456 -0.0227912 0.0038853 -0.010924 -0.0227912 0.101349 
0.00586262 -0.0131208 -0.00274822 0.00377951 -0.0131208 0.0758893 0.00377146 -0.0107822 -0.00274822 0.00377146 0.0136489 -0.0228027 0.00377951 -0.0107822 -0.0228027 0.101333 
0.00588535 -0.0130995 -0.00270606 0.00366605 -0.0130995 0.0758777 0.00364795 -0.0104763 -0.00270606 0.00364795 0.0136907 -0.0228853 0.00366605 -0.0104763 -0.0228853 0.101627 
0.00592486 -0.0131221 -0.00266149 0.0036148 -0.0131221 0.0758352 0.00359891 -0.0102751 -0.00266149 0.00359891 0.0136864 -0.0228821 0.0036148 -0.0102751 -0.0228821 0.101614 
0.00596841 -0.0131918 -0.00264098 0.00355651 -0.0131918 0.0759716 0.0035472 -0.010122 -0.00264098 0.0035472 0.0136899 -0.0228853 0.00355651 -0.010122 -0.0228853 0.101627 
0.00600187 -0.0132825 -0.0025966 0.00352503 -0.0132825 0.076266 0.00352228 -0.0100124 -0.0025966 0.00352228 0.013736 -0.0229161 0.00352503 -0.0100124 -0.0229161 0.101747 
0.00601176 -0.013355 -0.00255551 0.00348482 -0.013355 0.0765263 0.0034818 -0.00992807 -0.00255551 0.0034818 0.0137497 -0.0229463 0.00348482 -0.00992807 -0.0229463 0.101795 
0.00598019 -0.0134069 -0.00257671 0.00350026 -0.0134069 0.0767112 0.00349324 -0.00999554 -0.00257671 0.00349324 0.0136839 -0.0228759 0.00350026 -0.00999554 -0.0228759 0.101567 
0.00593856 -0.0133726 -0.00263394 0.00352147 -0.0133726 0.0767913 0.00351512 -0.0100492 -0.00263394 0.00351512 0.0136556 -0.0228357 0.00352147 -0.0100492 -0.0228357 0.101514 
0.00591025 -0.0132862 -0.00273294 0.00359104 -0.0132862 0.076613 0.00359047 -0.0101917 -0.00273294 0.00359047 0.0136093 -0.0227843 0.00359104 -0.0101917 -0.0227843 0.101372 
0.00591269 -0.013181 -0.00280965 0.0036749 -0.013181 0.0762522 0.00368507 -0.0103556 -0.00280965 0.00368507 0.0135772 -0.0227376 0.0036749 -0.0103556 -0.0227376 0.101223 
0.00591404 -0.0131547 -0.00281871 0.00375635 -0.0131547 0.076025 0.00377633 -0.0105588 -0.00281871 0.00377633 0.0135844 -0.0227178 0.00375635 -0.0105588 -0.0227178 0.101156 
0.0059672 -0.0131621 -0.00279625 0.00375958 -0.0131621 0.0760211 0.00377768 -0.0106355 -0.00279625 0.00377768 0.0135958 -0.0227769 0.00375958 -0.0106355 -0.0227769 0.101336 
0.00601508 -0.0132365 -0.00276003 0.00373212 -0.0132365 0.0761232 0.00374516 -0.0106031 -0.00276003 0.00374516 0.0135912 -0.0227701 0.00373212 -0.0106031 -0.0227701 0.101356 
0.00601128 -0.0133345 -0.00268366 0.00371082 -0.0133345 0.0763716 0.00372197 -0.0105731 -0.00268366 0.00372197 0.0135902 -0.022728 0.00371082 -0.0105731 -0.022728 0.101245 
0.00596613 -0.0133355 -0.00266056 0.00362033 -0.0133355 0.076463 0.00361882 -0.0103997 -0.00266056 0.00361882 0.0135998 -0.0227054 0.00362033 -0.0103997 -0.0227054 0.101104 
0.00593883 -0.013293 -0.00270022 0.00360017 -0.013293 0.0764807 0.00358753 -0.0102811 -0.00270022 0.00358753 0.0136175 -0.022744 0.00360017 -0.0102811 -0.022744 0.101185 
0.00590496 -0.0132378 -0.00274664 0.00364722 -0.0132378 0.0763538 0.00363318 -0.0103111 -0.00274664 0.00363318 0.0136368 -0.0227659 0.00364722 -0.0103111 -0.0227659 0.101252 
0.0058707 -0.0131751 -0.00277975 0.00370646 -0.0131751 0.0761478 0.00369603 -0.0104415 -0.00277975 0.00369603 0.0136482 -0.022777 0.00370646 -0.0104415 -0.022777 0.10126 
0.00583505 -0.0131231 -0.00276645 0.00374601 -0.0131231 0.075989 0.00373702 -0.0105602 -0.00276645 0.00373702 0.0136724 -0.0228158 0.00374601 -0.0105602 -0.0228158 0.101373 
0.00582531 -0.0130593 -0.00273308 0.0037259 -0.0130593 0.0757763 0.00371343 -0.010564 -0.00273308 0.00371343 0.0136518 -0.0228407 0.0037259 -0.010564 -0.0228407 0.10143 
0.00583883 -0.01305 -0.00275788 0.00369626 -0.01305 0.0756923 0.00368396 -0.0105248 -0.00275788 0.00368396 0.0136177 -0.0228173 0.00369626 -0.0105248 -0.0228173 0.101439 
0.00583234 -0.0130524 -0.00280252 0.00369904 -0.0130524 0.0756589 0.00369686 -0.0104853 -0.00280252 0.00369686 0.0136263 -0.0227912 0.00369904 -0.0104853 -0.0227912 0.101417 
0.005838 -0.0130554 -0.00290887 0.00376817 -0.0130554 0.0756714 0.0037752 -0.0106176 -0.00290887 0.0037752 0.0136145 -0.0227829 0.00376817 -0.0106176 -0.0227829 0.101373 
0.00587807 -0.0130368 -0.00299303 0.00386418 -0.0130368 0.0756153 0.00388025 -0.0107992 -0.00299303 0.00388025 0.013613 -0.0227988 0.00386418 -0.0107992 -0.0227988 0.101414 
0.00591096 -0.0130747 -0.00294519 0.003959 -0.0130747 0.0756034 0.00398428 -0.0110325 -0.00294519 0.00398428 0.013616 -0.0227858 0.003959 -0.0110325 -0.0227858 0.101371 
0.00592271 -0.0131715 -0.00290395 0.00394532 -0.0131715 0.0758703 0.00396558 -0.011162 -0.00290395 0.00396558 0.0136367 -0.0227883 0.00394532 -0.011162 -0.0227883 0.101397 
0.0059333 -0.013178 -0.00293797 0.00385837 -0.013178 0.075972 0.00386409 -0.0109797 -0.00293797 0.00386409 0.0136519 -0.0228261 0.00385837 -0.0109797 -0.0228261 0.101456 
0.00596572 -0.0132091 -0.00301961 0.00390309 -0.0132091 0.0760733 0.00390564 -0.0109617 -0.00301961 0.00390564 0.0136524 -0.022838 0.00390309 -0.0109617 -0.022838 0.101496 
0.00599718 -0.0132884 -0.00310245 0.00403658 -0.0132884 0.0763129 0.00404735 -0.0112408 -0.00310245 0.00404735 0.0136365 -0.0228255 0.00403658 -0.0112408 -0.0228255 0.101506 
0.00595716 -0.0133321 -0.00309159 0.00416262 -0.0133321 0.0764325 0.00417951 -0.0116073 -0.00309159 0.00417951 0.0136208 -0.0227424 0.00416262 -0.0116073 -0.0227424 0.10125 
0.00592295 -0.0132904 -0.0030889 0.00415914 -0.0132904 0.07648 0.00416451 -0.0117417 -0.0030889 0.00416451 0.0136266 -0.0227671 0.00415914 -0.0117417 -0.0227671 0.101284 
0.00593389 -0.0132151 -0.00312402 0.00414261 -0.0132151 0.0762978 0.00413533 -0.0117108 -0.00312402 0.00413533 0.0135771 -0.0227725 0.00414261 -0.0117108 -0.0227725 0.101298 
0.0059366 -0.0131778 -0.00320413 0.00414965 -0.0131778 0.0760662 0.00414675 -0.0116614 -0.00320413 0.00414675 0.0135432 -0.0227215 0.00414965 -0.0116614 -0.0227215 0.101202 
0.00593679 -0.0132007 -0.00328065 0.00425126 -0.0132007 0.0761051 0.00426234 -0.011833 -0.00328065 0.00426234 0.0135521 -0.0227151 0.00425126 -0.011833 -0.0227151 0.10125 
0.00595084 -0.0131884 -0.00332788 0.00434235 -0.0131884 0.0760729 0.00436146 -0.0120678 -0.00332788 0.00436146 0.0135544 -0.0227104 0.00434235 -0.0120678 -0.0227104 0.101218 
0.00594711 -0.0132088 -0.00334021 0.00442504 -0.0132088 0.0760587 0.0044433 -0.0123252 -0.00334021 0.0044433 0.0135459 -0.0226744 0.00442504 -0.0123252 -0.0226744 0.101081 
0.0059235 -0.0132228 -0.00332208 0.00445726 -0.0132228 0.0761399 0.00446651 -0.0124841 -0.00332208 0.00446651 0.0135718 -0.0226845 0.00445726 -0.0124841 -0.0226845 0.101104 
0.00592157 -0.0131703 -0.00325627 0.00441572 -0.0131703 0.0760401 0.00441076 -0.0124243 -0.00325627 0.00441076 0.0135714 -0.0227232 0.00441572 -0.0124243 -0.0227232 0.101166 
0.00588576 -0.0131622 -0.00322341 0.00432752 -0.0131622 0.0759858 0.00431373 -0.0122277 -0.00322341 0.00431373 0.0136086 -0.0227486 0.00432752 -0.0122277 -0.0227486 0.101285 
0.00587678 -0.0130951 -0.00322285 0.00425224 -0.0130951 0.0758148 0.00423447 -0.0119698 -0.00322285 0.00423447 0.0136273 -0.0228 0.00425224 -0.0119698 -0.0228 0.101386 
0.0058758 -0.0130932 -0.00326758 0.00426208 -0.0130932 0.0757455 0.0042489 -0.0119049 -0.00326758 0.0042489 0.0136414 -0.0228183 0.00426208 -0.0119049 -0.0228183 0.101456 
0.00588545 -0.0131131 -0.00330641 0.00432051 -0.0131131 0.0758194 0.00431602 -0.012001 -0.00330641 0.00431602 0.0136669 -0.0228584 0.00432051 -0.012001 -0.0228584 0.101604 
0.00588876 -0.0131351 -0.00337873 0.00438045 -0.0131351 0.0758856 0.00438151 -0.0121673 -0.00337873 0.00438151 0.0136754 -0.022869 0.00438045 -0.0121673 -0.022869 0.101643 
0.00592697 -0.0131372 -0.00339865 0.00445304 -0.0131372 0.0759187 0.00445786 -0.0123297 -0.00339865 0.00445786 0.013664 -0.0228969 0.00445304 -0.0123297 -0.0228969 0.101726 
0.00594667 -0.0131805 -0.00337568 0.00448509 -0.0131805 0.0759425 0.0044948 -0.0124681 -0.00337568 0.0044948 0.0136198 -0.0228454 0.00448509 -0.0124681 -0.0228454 0.101592 
0.00592769 -0.0132248 -0.00331118 0.00444145 -0.0132248 0.0761361 0.00445192 -0.0124267 -0.00331118 0.00445192 0.0136747 -0.0228571 0.00444145 -0.0124267 -0.0228571 0.101698 
0.00592106 -0.0131918 -0.00330122 0.00435529 -0.0131918 0.0760888 0.00435821 -0.0122439 -0.00330122 0.00435821 0.013695 -0.0228758 0.00435529 -0.0122439 -0.0228758 0.101646 
0.00594512 -0.0132076 -0.00331178 0.00436052 -0.0132076 0.0761503 0.00435672 -0.0121828 -0.00331178 0.00435672 0.013697 -0.0229173 0.00436052 -0.0121828 -0.0229173 0.101758 
0.0059384 -0.013235 -0.00325455 0.00437316 -0.013235 0.0761809 0.00437093 -0.012193 -0.00325455 0.00437093 0.0137006 -0.0228973 0.00437316 -0.012193 -0.0228973 0.101717 
0.00592928 -0.0132384 -0.00319256 0.00430941 -0.0132384 0.0762397 0.00430497 -0.0121069 -0.00319256 0.00430497 0.0137156 -0.0229131 0.00430941 -0.0121069 -0.0229131 0.101748 
0.00590603 -0.0132263 -0.00311408 0.00421778 -0.0132263 0.0762578 0.00420887 -0.0118893 -0.00311408 0.00420887 0.0137543 -0.0229541 0.00421778 -0.0118893 -0.0229541 0.101867 
0.00587016 -0.013213 -0.00305001 0.00413536 -0.013213 0.0762662 0.00412007 -0.0116792 -0.00305001 0.00412007 0.0137912 -0.0229931 0.00413536 -0.0116792 -0.0229931 0.10198 
0.00588149 -0.0131574 -0.00309852 0.0040741 -0.0131574 0.0761106 0.00405315 -0.0115104 -0.00309852 0.00405315 0.0137416 -0.0229852 0.0040741 -0.0115104 -0.0229852 0.101896 
0.00590576 -0.0131665 -0.00313594 0.00412225 -0.0131665 0.0760734 0.0041121 -0.0115218 -0.00313594 0.0041121 0.0137145 -0.0229516 0.00412225 -0.0115218 -0.0229516 0.101871 
0.00590474 -0.0131863 -0.00311909 0.00413842 -0.0131863 0.0761182 0.00414316 -0.0115562 -0.00311909 0.00414316 0.0137556 -0.0229613 0.00413842 -0.0115562 -0.0229613 0.101942 
0.00590679 -0.0131964 -0.00309178 0.00414089 -0.0131964 0.0761428 0.00414692 -0.011612 -0.00309178 0.00414692 0.0137512 -0.0229669 0.00414089 -0.011612 -0.0229669 0.101899 
0.00592201 -0.0131854 -0.00303005 0.00407283 -0.0131854 0.0761289 0.00407405 -0.0114678 -0.00303005 0.00407405 0.0137813 -0.0230033 0.00407283 -0.0114678 -0.0230033 0.101999 
0.00593146 -0.0132357 -0.00298904 0.00402672 -0.0132357 0.0762485 0.00402439 -0.0113635 -0.00298904 0.00402439 0.0138207 -0.0230212 0.00402672 -0.0113635 -0.0230212 0.102063 
0.00592517 -0.0132733 -0.002991 0.00399945 -0.0132733 0.0763811 0.00399019 -0.0112984 -0.002991 0.00399019 0.0138204 -0.0230392 0.00399945 -0.0112984 -0.0230392 0.102069 
0.00594633 -0.0132524 -0.00298651 0.00398878 -0.0132524 0.0763488 0.00397641 -0.0112327 -0.00298651 0.00397641 0.0137678 -0.0230275 0.00398878 -0.0112327 -0.0230275 0.102006 
0.00593727 -0.0132878 -0.00300837 0.00400315 -0.0132878 0.0763983 0.00399901 -0.0112715 -0.00300837 0.00399901 0.0137283 -0.0229533 0.00400315 -0.0112715 -0.0229533 0.101864 
0.00592973 -0.0132696 -0.00304294 0.00401517 -0.0132696 0.0764059 0.00401867 -0.0113003 -0.00304294 0.00401867 0.013706 -0.0229165 0.00401517 -0.0113003 -0.0229165 0.101762 
0.00589363 -0.0132606 -0.00306345 0.00406918 -0.0132606 0.0764029 0.00407783 -0.0114225 -0.00306345 0.00407783 0.0137042 -0.022889 0.00406918 -0.0114225 -0.022889 0.101696 
0.00587266 -0.0131816 -0.0030055 0.00407072 -0.0131816 0.0762352 0.00407614 -0.0114422 -0.0030055 0.00407614 0.0137134 -0.0229069 0.00407072 -0.0114422 -0.0229069 0.101712 
0.00586457 -0.0131353 -0.00292446 0.00400371 -0.0131353 0.0760476 0.00400151 -0.011338 -0.00292446 0.00400151 0.0137069 -0.0229162 0.00400371 -0.011338 -0.0229162 0.10173 
0.00588013 -0.0131156 -0.00286185 0.00391098 -0.0131156 0.0758994 0.00390342 -0.0111386 -0.00286185 0.00390342 0.0136715 -0.0228822 0.00391098 -0.0111386 -0.0228822 0.101627 
0.00592711 -0.0131201 -0.00276874 0.00378729 -0.0131201 0.0758873 0.00377881 -0.0107964 -0.00276874 0.00377881 0.0136979 -0.0229095 0.00378729 -0.0107964 -0.0229095 0.101747 
0.00595297 -0.0132101 -0.00272247 0.0037015 -0.0132101 0.0760408 0.00369609 -0.0105682 -0.00272247 0.00369609 0.0137027 -0.0228926 0.0037015 -0.0105682 -0.0228926 0.101693 
0.00593484 -0.0132855 -0.00275517 0.00366025 -0.0132855 0.0763197 0.00365523 -0.0104352 -0.00275517 0.00365523 0.0137361 -0.0228975 0.00366025 -0.0104352 -0.0228975 0.101705 
0.00593185 -0.013262 -0.00275745 0.00368914 -0.013262 0.0763871 0.00368302 -0.0104138 -0.00275745 0.00368302 0.0137483 -0.0229363 0.00368914 -0.0104138 -0.0229363 0.101753 
0.00589313 -0.013225 -0.0027556 0.00367087 -0.013225 0.0762596 0.00366395 -0.0103645 -0.0027556 0.00366395 0.0137847 -0.0229536 0.00367087 -0.0103645 -0.0229536 0.101768 
0.00592688 -0.0132061 -0.00282069 0.00368907 -0.0132061 0.0762624 0.00368077 -0.0103951 -0.00282069 0.00368077 0.0137952 -0.0230234 0.00368907 -0.0103951 -0.0230234 0.101964 
0.00592262 -0.0132594 -0.00285726 0.00378899 -0.0132594 0.0763404 0.00378705 -0.010601 -0.00285726 0.00378705 0.0137872 -0.0230096 0.00378899 -0.010601 -0.0230096 0.101988 
0.00587978 -0.0132589 -0.00282717 0.00383383 -0.0132589 0.0763915 0.00383687 -0.0107734 -0.00282717 0.00383687 0.0138132 -0.0229971 0.00383383 -0.0107734 -0.0229971 0.101965 
0.00582778 -0.0132071 -0.00280383 0.00381763 -0.0132071 0.0763273 0.00381227 -0.0108267 -0.00280383 0.00381227 0.0138371 -0.0230164 0.00381763 -0.0108267 -0.0230164 0.10197 
0.00581477 -0.0131025 -0.00272962 0.00376835 -0.0131025 0.076039 0.00374996 -0.0107087 -0.00272962 0.00374996 0.0138074 -0.0230462 0.00376835 -0.0107087 -0.0230462 0.101987 
0.00584967 -0.0130842 -0.00278084 0.00368664 -0.0130842 0.0759095 0.00366503 -0.0105378 -0.00278084 0.00366503 0.0137576 -0.0230345 0.00368664 -0.0105378 -0.0230345 0.102047 
0.00589215 -0.0131237 -0.00282257 0.0037301 -0.0131237 0.0759286 0.003726 -0.0105275 -0.00282257 0.003726 0.0137116 -0.0229727 0.0037301 -0.0105275 -0.0229727 0.10197 
0.00591227 -0.0131841 -0.00287696 0.00380113 -0.0131841 0.0760208 0.00381753 -0.0107143 -0.00287696 0.00381753 0.0136437 -0.0228649 0.00380113 -0.0107143 -0.0228649 0.101673 
0.00590648 -0.0131987 -0.00291547 0.00384632 -0.0131987 0.0760909 0.00387329 -0.0108541 -0.00291547 0.00387329 0.0136268 -0.0227983 0.00384632 -0.0108541 -0.0227983 0.101469 
0.00588827 -0.0131843 -0.00295306 0.00389071 -0.0131843 0.0760963 0.00391635 -0.0109716 -0.00295306 0.00391635 0.0136287 -0.0227889 0.00389071 -0.0109716 -0.0227889 0.101398 
0.0059118 -0.0131333 -0.00297293 0.00392105 -0.0131333 0.075963 0.0039392 -0.0110325 -0.00297293 0.0039392 0.0136136 -0.022799 0.00392105 -0.0110325 -0.022799 0.101384 
0.00598697 -0.0131619 -0.0029515 0.00394731 -0.0131619 0.0759693 0.00396289 -0.0110953 -0.0029515 0.00396289 0.0135916 -0.0228034 0.00394731 -0.0110953 -0.0228034 0.101446 
0.00601974 -0.0133048 -0.00295285 0.00397063 -0.0133048 0.0762649 0.00398953 -0.0112276 -0.00295285 0.00398953 0.0135621 -0.0227298 0.00397063 -0.0112276 -0.0227298 0.101308 
0.00601364 -0.013337 -0.00299238 0.00395053 -0.013337 0.0764035 0.00396611 -0.0112093 -0.00299238 0.00396611 0.0135287 -0.0226648 0.00395053 -0.0112093 -0.0226648 0.101055 
0.00598979 -0.0133427 -0.00304198 0.0040072 -0.0133427 0.0765132 0.00402024 -0.0112871 -0.00304198 0.00402024 0.0135279 -0.0226412 0.0040072 -0.0112871 -0.0226412 0.100976 
0.00593435 -0.0132903 -0.00303045 0.00405069 -0.0132903 0.0764556 0.00405995 -0.0113719 -0.00303045 0.00405995 0.0135719 -0.0226728 0.00405069 -0.0113719 -0.0226728 0.101044 
0.00587876 -0.0131923 -0.00302853 0.00405055 -0.0131923 0.0761722 0.00404935 -0.0114106 -0.00302853 0.00404935 0.0135632 -0.0226853 0.00405055 -0.0114106 -0.0226853 0.100988 
0.00584157 -0.0131181 -0.0030145 0.0040514 -0.0131181 0.075988 0.00404153 -0.0114086 -0.0030145 0.00404153 0.0136075 -0.0227291 0.0040514 -0.0114086 -0.0227291 0.101169 
0.00579019 -0.013063 -0.00300335 0.00404827 -0.013063 0.0758057 0.00403293 -0.0114156 -0.00300335 0.00403293 0.0136532 -0.0227682 0.00404827 -0.0114156 -0.0227682 0.101281 
