0.00746682 0 -0.00401141 0 0 0.0099795 0 0 -0.00401141 0 0.00729031 0 0 0 0 0.0099795 
0.0102443 -0.0127128 -0.00557053 0.00683782 -0.0127128 0.0335544 0.00683782 -0.0131119 -0.00557053 0.00683782 0.0106349 -0.0132242 0.00683782 -0.0131119 -0.0132242 0.0345361 
0.0103429 -0.0191347 -0.00499131 0.00830465 -0.0191347 0.0702747 0.00830465 -0.0263245 -0.00499131 0.00830465 0.0106846 -0.020233 0.00830465 -0.0263245 -0.020233 0.0739958 
0.00996977 -0.0189517 -0.00442322 0.00609718 -0.0189517 0.0842982 0.0061049 -0.0215818 -0.00442322 0.0061049 0.00989743 -0.0199049 0.00609718 -0.0215818 -0.0199049 0.0893434 
0.0100001 -0.0184679 -0.00453738 0.00536404 -0.0184679 0.0877418 0.00537848 -0.0165738 -0.00453738 0.00537848 0.00976489 -0.0188329 0.00536404 -0.0165738 -0.0188329 0.0918109 
0.0100611 -0.018333 -0.00475223 0.00561423 -0.018333 0.0885705 0.00561707 -0.0152878 -0.00475223 0.00561707 0.00990946 -0.0184865 0.00561423 -0.0152878 -0.0184865 0.091329 
0.0101806 -0.0183599 -0.00484115 0.00597379 -0.0183599 0.0891671 0.00596235 -0.0156752 -0.00484115 0.00596235 0.0100525 -0.0186273 0.00597379 -0.0156752 -0.0186273 0.0914266 
0.0102929 -0.0184339 -0.00483346 0.00610842 -0.0184339 0.0895506 0.0060956 -0.016136 -0.00483346 0.0060956 0.0101124 -0.0188124 0.00610842 -0.016136 -0.0188124 0.0918902 
0.0103466 -0.0185089 -0.0047951 0.00607062 -0.0185089 0.0896964 0.00607296 -0.0162175 -0.0047951 0.00607296 0.0100946 -0.0188479 0.00607062 -0.0162175 -0.0188479 0.0920342 
0.0103063 -0.0185522 -0.00477675 0.00600225 -0.0185522 0.0897466 0.00601804 -0.0161008 -0.00477675 0.00601804 0.0101296 -0.0188052 0.00600225 -0.0161008 -0.0188052 0.0919363 
0.0102196 -0.0184648 -0.00480027 0.00597261 -0.0184648 0.0895255 0.00598755 -0.0159961 -0.00480027 0.00598755 0.010165 -0.0188377 0.00597261 -0.0159961 -0.0188377 0.0918783 
0.01015 -0.0184142 -0.00483562 0.00601657 -0.0184142 0.0894535 0.0060243 -0.0160311 -0.00483562 0.0060243 0.0102138 -0.0188984 0.00601657 -0.0160311 -0.0188984 0.0920399 
0.0100291 -0.0183501 -0.00491286 0.0060767 -0.0183501 0.0893981 0.00607799 -0.0161622 -0.00491286 0.00607799 0.0103434 -0.0189847 0.0060767 -0.0161622 -0.0189847 0.0923318 
0.00996631 -0.0182163 -0.00494652 0.00616965 -0.0182163 0.089159 0.00616216 -0.0163457 -0.00494652 0.00616216 0.0104238 -0.0191014 0.00616965 -0.0163457 -0.0191014 0.0925553 
0.00996251 -0.0181137 -0.00492491 0.00620619 -0.0181137 0.0887954 0.00619386 -0.0164747 -0.00492491 0.00619386 0.0104012 -0.0191628 0.00620619 -0.0164747 -0.0191628 0.0926387 
0.00990806 -0.0181941 -0.00494761 0.00619844 -0.0181941 0.0890205 0.00619089 -0.0165315 -0.00494761 0.00619089 0.0105238 -0.0191967 0.00619844 -0.0165315 -0.0191967 0.0929266 
0.00979654 -0.0180521 -0.00497354 0.00619233 -0.0180521 0.0886826 0.00617972 -0.016488 -0.00497354 0.00617972 0.0105967 -0.0192772 0.00619233 -0.016488 -0.0192772 0.0929186 
0.00976799 -0.0179391 -0.00499193 0.00623401 -0.0179391 0.0884155 0.00621559 -0.0165356 -0.00499193 0.00621559 0.0106212 -0.0193929 0.00623401 -0.0165356 -0.0193929 0.0931841 
0.00979545 -0.0179616 -0.00501233 0.00627535 -0.0179616 0.0885256 0.00626221 -0.016654 -0.00501233 0.00626221 0.0106524 -0.0194839 0.00627535 -0.016654 -0.0194839 0.0936314 
0.00981643 -0.0179248 -0.00498899 0.00626159 -0.0179248 0.088277 0.00625622 -0.0166459 -0.00498899 0.00625622 0.0105631 -0.0194222 0.00626159 -0.0166459 -0.0194222 0.0934048 
0.00980941 -0.0180146 -0.00498473 0.00625125 -0.0180146 0.088493 0.00625424 -0.0166483 -0.00498473 0.00625424 0.0105854 -0.0193544 0.00625125 -0.0166483 -0.0193544 0.0933394 
0.00977948 -0.0180375 -0.00499977 0.00625297 -0.0180375 0.0887309 0.0062538 -0.0166547 -0.00499977 0.0062538 0.0106849 -0.0194057 0.00625297 -0.0166547 -0.0194057 0.0934696 
0.00981612 -0.0179602 -0.00498672 0.00625709 -0.0179602 0.0885777 0.00624799 -0.0166351 -0.00498672 0.00624799 0.0106797 -0.0195006 0.00625709 -0.0166351 -0.0195006 0.0935899 
0.00988692 -0.0180281 -0.00495814 0.00623375 -0.0180281 0.0886244 0.00622665 -0.0165829 -0.00495814 0.00622665 0.0106627 -0.0194839 0.00623375 -0.0165829 -0.0194839 0.0936074 
0.00991904 -0.018114 -0.00493299 0.00619821 -0.018114 0.0888304 0.00619911 -0.0165177 -0.00493299 0.00619911 0.0106811 -0.0195096 0.00619821 -0.0165177 -0.0195096 0.0937309 
0.00992506 -0.0181493 -0.00490778 0.00614968 -0.0181493 0.0889361 0.00615228 -0.0163916 -0.00490778 0.00615228 0.0107037 -0.0195115 0.00614968 -0.0163916 -0.0195115 0.0937161 
0.00996483 -0.0181056 -0.00490236 0.00611772 -0.0181056 0.0888304 0.00611576 -0.0162916 -0.00490236 0.00611576 0.010616 -0.0195769 0.00611772 -0.0162916 -0.0195769 0.0938503 
0.0100174 -0.0181757 -0.00490142 0.00611509 -0.0181757 0.0889549 0.00611967 -0.0162562 -0.00490142 0.00611967 0.0105479 -0.0194929 0.00611509 -0.0162562 -0.0194929 0.0938563 
0.010005 -0.0182453 -0.00490916 0.00611232 -0.0182453 0.0891235 0.00612453 -0.0162504 -0.00490916 0.00612453 0.0105422 -0.0193829 0.00611232 -0.0162504 -0.0193829 0.093612 
0.00998477 -0.0182095 -0.0049171 0.00612301 -0.0182095 0.0890751 0.00613204 -0.0162671 -0.0049171 0.00613204 0.0105264 -0.0193521 0.00612301 -0.0162671 -0.0193521 0.0933961 
0.00994021 -0.0182463 -0.00493769 0.00614899 -0.0182463 0.0892431 0.00615418 -0.0163239 -0.00493769 0.00615418 0.010636 -0.0193497 0.00614899 -0.0163239 -0.0193497 0.093416 
0.00988652 -0.0181453 -0.00495692 0.00617367 -0.0181453 0.0890719 0.00616953 -0.0163838 -0.00495692 0.00616953 0.0107044 -0.0194911 0.00617367 -0.0163838 -0.0194911 0.0936314 
0.00979521 -0.018092 -0.00497099 0.00619467 -0.018092 0.0889211 0.00618543 -0.0164283 -0.00497099 0.00618543 0.0107993 -0.0195723 0.00619467 -0.0164283 -0.0195723 0.0938679 
0.00972144 -0.0179889 -0.00497333 0.00619937 -0.0179889 0.0886541 0.00618436 -0.0164241 -0.00497333 0.00618436 0.0108504 -0.0196355 0.00619937 -0.0164241 -0.0196355 0.0939237 
0.00966689 -0.0179042 -0.00497543 0.00621981 -0.0179042 0.0884866 0.00620129 -0.0164734 -0.00497543 0.00620129 0.0109154 -0.0197652 0.00621981 -0.0164734 -0.0197652 0.0943122 
0.00967073 -0.0177986 -0.00497173 0.00621278 -0.0177986 0.0881668 0.00619152 -0.0164695 -0.00497173 0.00619152 0.0108721 -0.0198267 0.00621278 -0.0164695 -0.0198267 0.0944974 
0.00967558 -0.0177938 -0.00497774 0.00619775 -0.0177938 0.0879764 0.00618462 -0.0164341 -0.00497774 0.00618462 0.0108125 -0.0197416 0.00619775 -0.0164341 -0.0197416 0.0943445 
0.009678 -0.0178514 -0.00502226 0.00622968 -0.0178514 0.0882011 0.00622659 -0.0165123 -0.00502226 0.00622659 0.0108485 -0.0197403 0.00622968 -0.0165123 -0.0197403 0.0944848 
0.00960418 -0.0178081 -0.00506531 0.00626744 -0.0178081 0.088087 0.00627028 -0.0165979 -0.00506531 0.00627028 0.0108949 -0.0197254 0.00626744 -0.0165979 -0.0197254 0.0943553 
0.00954731 -0.0177208 -0.00509737 0.00633184 -0.0177208 0.0879118 0.00633582 -0.016756 -0.00509737 0.00633582 0.0109303 -0.0197872 0.00633184 -0.016756 -0.0197872 0.0944286 
0.00957478 -0.0176327 -0.00509363 0.00637243 -0.0176327 0.08763 0.00637516 -0.0168895 -0.00509363 0.00637516 0.0108611 -0.019802 0.00637243 -0.0168895 -0.019802 0.0944144 
0.00964526 -0.0177059 -0.00508977 0.00638109 -0.0177059 0.0877381 0.00638993 -0.0169738 -0.00508977 0.00638993 0.0107962 -0.019738 0.00638109 -0.0169738 -0.019738 0.0943833 
0.00964194 -0.0177699 -0.00507872 0.00636193 -0.0177699 0.0878163 0.00637641 -0.0169612 -0.00507872 0.00637641 0.0107761 -0.0196173 0.00636193 -0.0169612 -0.0196173 0.094051 
0.0095277 -0.0178081 -0.0051189 0.00636995 -0.0178081 0.0880749 0.00638184 -0.0169892 -0.0051189 0.00638184 0.010909 -0.0196539 0.00636995 -0.0169892 -0.0196539 0.0941497 
0.00939414 -0.0176175 -0.00513982 0.00640283 -0.0176175 0.0877078 0.00639865 -0.0170114 -0.00513982 0.00639865 0.0109711 -0.019758 0.00640283 -0.0170114 -0.019758 0.0941926 
0.00928656 -0.0174221 -0.00516346 0.00644525 -0.0174221 0.0871816 0.00642726 -0.0170986 -0.00516346 0.00642726 0.010998 -0.0198511 0.00644525 -0.0170986 -0.0198511 0.0944027 
0.00923841 -0.0172995 -0.00518311 0.00649325 -0.0172995 0.086837 0.00647273 -0.0172277 -0.00518311 0.00647273 0.0110258 -0.0199008 0.00649325 -0.0172277 -0.0199008 0.0946358 
0.00920605 -0.0172187 -0.00519961 0.00651556 -0.0172187 0.0865115 0.00649897 -0.0173194 -0.00519961 0.00649897 0.0110374 -0.0198991 0.00651556 -0.0173194 -0.0198991 0.0946251 
0.00925164 -0.0172042 -0.00520715 0.00654239 -0.0172042 0.0864195 0.00653363 -0.0174106 -0.00520715 0.00653363 0.0110098 -0.0199097 0.00654239 -0.0174106 -0.0199097 0.0946498 
0.00934706 -0.01726 -0.00519714 0.00654213 -0.01726 0.086456 0.00654627 -0.0174552 -0.00519714 0.00654627 0.0108959 -0.0198585 0.00654213 -0.0174552 -0.0198585 0.0945348 
0.00946073 -0.0174584 -0.00518232 0.00653816 -0.0174584 0.0869965 0.00655561 -0.0174823 -0.00518232 0.00655561 0.0108578 -0.0197522 0.00653816 -0.0174823 -0.0197522 0.0944483 
0.00941837 -0.0175562 -0.0051814 0.00650276 -0.0175562 0.0872858 0.00652433 -0.0174241 -0.0051814 0.00652433 0.0109145 -0.0196849 0.00650276 -0.0174241 -0.0196849 0.0942122 
0.00931861 -0.0174847 -0.00518981 0.00649158 -0.0174847 0.0872031 0.00650169 -0.0173509 -0.00518981 0.00650169 0.0109916 -0.0197246 0.00649158 -0.0173509 -0.0197246 0.094093 
0.00923962 -0.0173443 -0.00521839 0.00651252 -0.0173443 0.0869026 0.00650913 -0.0173538 -0.00521839 0.00650913 0.0110131 -0.0198437 0.00651252 -0.0173538 -0.0198437 0.0942935 
0.00921819 -0.0172857 -0.00524474 0.00656955 -0.0172857 0.0868088 0.00656069 -0.0174634 -0.00524474 0.00656069 0.0110493 -0.0199168 0.00656955 -0.0174634 -0.0199168 0.0946461 
0.00912865 -0.0172434 -0.00525371 0.00659705 -0.0172434 0.0866563 0.00658984 -0.0175552 -0.00525371 0.00658984 0.0111001 -0.0199258 0.00659705 -0.0175552 -0.0199258 0.0947117 
0.00903829 -0.0171328 -0.00525649 0.00660777 -0.0171328 0.0864027 0.00659657 -0.0175985 -0.00525649 0.00659657 0.0111388 -0.0199528 0.00660777 -0.0175985 -0.0199528 0.0946924 
0.00897184 -0.0170167 -0.00526188 0.00662195 -0.0170167 0.0861153 0.00660334 -0.0176377 -0.00526188 0.00660334 0.0112015 -0.020011 0.00662195 -0.0176377 -0.020011 0.0948083 
0.00893296 -0.0169202 -0.00527275 0.00663647 -0.0169202 0.0858448 0.0066147 -0.0176841 -0.00527275 0.0066147 0.0112407 -0.0201051 0.00663647 -0.0176841 -0.0201051 0.0950472 
0.00895694 -0.0168801 -0.0052419 0.00663381 -0.0168801 0.0856161 0.00661534 -0.0176776 -0.0052419 0.00661534 0.0112428 -0.0200904 0.00663381 -0.0176776 -0.0200904 0.0949754 
0.00897806 -0.0169299 -0.00524422 0.00660978 -0.0169299 0.0857103 0.00659911 -0.0176699 -0.00524422 0.00659911 0.0112671 -0.0201542 0.00660978 -0.0176699 -0.0201542 0.0951913 
0.00891317 -0.0169035 -0.00524777 0.00658859 -0.0169035 0.0855929 0.00658454 -0.017611 -0.00524777 0.00658454 0.0112886 -0.0201709 0.00658859 -0.017611 -0.0201709 0.0952249 
0.00901331 -0.0168836 -0.00527198 0.0066144 -0.0168836 0.0857043 0.00661028 -0.0176508 -0.00527198 0.00661028 0.0112134 -0.0202567 0.0066144 -0.0176508 -0.0202567 0.0955593 
0.00907629 -0.0169832 -0.00525543 0.00662319 -0.0169832 0.0857969 0.00663068 -0.0176727 -0.00525543 0.00663068 0.0111335 -0.0201091 0.00662319 -0.0176727 -0.0201091 0.0953274 
0.00914136 -0.0170349 -0.0052268 0.00659487 -0.0170349 0.0858533 0.00661069 -0.0176467 -0.0052268 0.00661069 0.0110089 -0.0199754 0.00659487 -0.0176467 -0.0199754 0.0948873 
0.00925994 -0.0171965 -0.00519738 0.00658443 -0.0171965 0.0863527 0.00660101 -0.0176357 -0.00519738 0.00660101 0.0109324 -0.0198756 0.00658443 -0.0176357 -0.0198756 0.0947522 
0.00928719 -0.0172774 -0.00518221 0.00652721 -0.0172774 0.086524 0.0065433 -0.0175211 -0.00518221 0.0065433 0.0108579 -0.0197487 0.00652721 -0.0175211 -0.0197487 0.0943696 
0.00928359 -0.0173402 -0.00519166 0.00652084 -0.0173402 0.0867851 0.00653247 -0.0174617 -0.00519166 0.00653247 0.0108748 -0.0196835 0.00652084 -0.0174617 -0.0196835 0.0942108 
0.00925316 -0.0172698 -0.00518793 0.00651827 -0.0172698 0.0865758 0.00652262 -0.0174184 -0.00518793 0.00652262 0.0108507 -0.0196488 0.00651827 -0.0174184 -0.0196488 0.0939254 
0.00926854 -0.0172465 -0.00520127 0.00653732 -0.0172465 0.0865156 0.0065377 -0.0174589 -0.00520127 0.0065377 0.0108334 -0.0196638 0.00653732 -0.0174589 -0.0196638 0.0939694 
0.00924732 -0.0172964 -0.00520698 0.00656563 -0.0172964 0.0866607 0.00656798 -0.0175359 -0.00520698 0.00656798 0.0108867 -0.0196644 0.00656563 -0.0175359 -0.0196644 0.0940746 
0.00913578 -0.0172143 -0.00523909 0.00656564 -0.0172143 0.0864885 0.00656593 -0.0175662 -0.00523909 0.00656593 0.0109358 -0.0197199 0.00656564 -0.0175662 -0.0197199 0.0941378 
0.00909715 -0.0170561 -0.00525623 0.00659864 -0.0170561 0.0860657 0.00659025 -0.0176034 -0.00525623 0.00659025 0.0108925 -0.0197316 0.00659864 -0.0176034 -0.0197316 0.0940664 
0.00905819 -0.0170608 -0.00527129 0.00665514 -0.0170608 0.0860674 0.00664889 -0.0177543 -0.00527129 0.00664889 0.0109741 -0.0197283 0.00665514 -0.0177543 -0.0197283 0.0942145 
0.00901329 -0.0169534 -0.00526796 0.00665544 -0.0169534 0.0857247 0.00664972 -0.0178039 -0.00526796 0.00664972 0.0109813 -0.0197561 0.00665544 -0.0178039 -0.0197561 0.0940902 
0.0089767 -0.0169402 -0.00527243 0.00667253 -0.0169402 0.0857082 0.00666583 -0.017868 -0.00527243 0.00666583 0.0110464 -0.0198244 0.00667253 -0.017868 -0.0198244 0.094337 
0.00893199 -0.0168731 -0.0052726 0.00666412 -0.0168731 0.0855208 0.00665598 -0.017859 -0.0052726 0.00665598 0.0110646 -0.0198664 0.00666412 -0.017859 -0.0198664 0.0943904 
0.00887978 -0.0168351 -0.00527392 0.00667048 -0.0168351 0.0854343 0.00665987 -0.0178645 -0.00527392 0.00665987 0.0111249 -0.0199058 0.00667048 -0.0178645 -0.0199058 0.0945292 
0.00892211 -0.0168099 -0.0052662 0.00667446 -0.0168099 0.0854264 0.00666227 -0.0178674 -0.0052662 0.00666227 0.0110944 -0.0199655 0.00667446 -0.0178674 -0.0199655 0.0946693 
0.00905992 -0.0168163 -0.00524172 0.00664628 -0.0168163 0.0853081 0.00663905 -0.0178109 -0.00524172 0.00663905 0.0109271 -0.0199045 0.00664628 -0.0178109 -0.0199045 0.0945365 
0.00907897 -0.0169489 -0.00524213 0.00661589 -0.0169489 0.0854589 0.00662661 -0.0177676 -0.00524213 0.00662661 0.0108552 -0.0197487 0.00661589 -0.0177676 -0.0197487 0.0943103 
0.0090639 -0.0170155 -0.00524578 0.00661914 -0.0170155 0.0857273 0.0066382 -0.0177646 -0.00524578 0.0066382 0.0108502 -0.0196374 0.00661914 -0.0177646 -0.0196374 0.0940091 
0.00899655 -0.0169944 -0.00525317 0.00662749 -0.0169944 0.0857614 0.00664054 -0.0177771 -0.00525317 0.00664054 0.010902 -0.0195962 0.00662749 -0.0177771 -0.0195962 0.0937606 
0.00893672 -0.0169127 -0.00526681 0.00665239 -0.0169127 0.0856539 0.00665193 -0.0178253 -0.00526681 0.00665193 0.0109466 -0.0196787 0.00665239 -0.0178253 -0.0196787 0.0938616 
0.00891973 -0.0168312 -0.00525946 0.00667778 -0.0168312 0.0854648 0.00666544 -0.0178781 -0.00525946 0.00666544 0.0109413 -0.0197434 0.00667778 -0.0178781 -0.0197434 0.0940438 
0.00892845 -0.016775 -0.00525608 0.00666279 -0.016775 0.0852038 0.006649 -0.0178691 -0.00525608 0.006649 0.0108894 -0.0197058 0.00666279 -0.0178691 -0.0197058 0.0939649 
0.00889591 -0.0168252 -0.00525371 0.00666805 -0.0168252 0.0852732 0.00666078 -0.0178836 -0.00525371 0.00666078 0.0109677 -0.0196417 0.00666805 -0.0178836 -0.0196417 0.0938603 
0.00887794 -0.0167691 -0.00525426 0.00666399 -0.0167691 0.0851992 0.00665525 -0.0178896 -0.00525426 0.00665525 0.0110127 -0.0197417 0.00666399 -0.0178896 -0.0197417 0.0939617 
0.00890711 -0.0167423 -0.00523605 0.0066608 -0.0167423 0.0851058 0.0066512 -0.0178774 -0.00523605 0.0066512 0.0109924 -0.019812 0.0066608 -0.0178774 -0.019812 0.094161 
0.00894676 -0.0167784 -0.00526041 0.00663674 -0.0167784 0.0851559 0.00663102 -0.0178401 -0.00526041 0.00663102 0.0109639 -0.019818 0.00663674 -0.0178401 -0.019818 0.0943148 
0.00890322 -0.0167727 -0.0052742 0.00664135 -0.0167727 0.0850173 0.00664607 -0.0178106 -0.0052742 0.00664607 0.010951 -0.0197361 0.00664135 -0.0178106 -0.0197361 0.0940806 
0.00888823 -0.0167656 -0.00530522 0.00667815 -0.0167656 0.0850681 0.00668879 -0.0178947 -0.00530522 0.00668879 0.0109517 -0.0197373 0.00667815 -0.0178947 -0.0197373 0.094056 
0.00892694 -0.0167827 -0.00531043 0.00672064 -0.0167827 0.0851493 0.00673141 -0.0179993 -0.00531043 0.00673141 0.0109438 -0.0197049 0.00672064 -0.0179993 -0.0197049 0.0939558 
0.00894923 -0.0168093 -0.00532111 0.00672865 -0.0168093 0.0851931 0.00673972 -0.0180653 -0.00532111 0.00673972 0.0109276 -0.0197065 0.00672865 -0.0180653 -0.0197065 0.0939294 
0.00893431 -0.0168591 -0.00534173 0.00674687 -0.0168591 0.0853632 0.00675926 -0.0181192 -0.00534173 0.00675926 0.0109673 -0.0197129 0.00674687 -0.0181192 -0.0197129 0.094005 
0.00885771 -0.0168379 -0.00536977 0.00676356 -0.0168379 0.0853689 0.00677339 -0.0181516 -0.00536977 0.00677339 0.011051 -0.0197343 0.00676356 -0.0181516 -0.0197343 0.0939951 
0.00879703 -0.0167571 -0.00537723 0.00680079 -0.0167571 0.0852469 0.00680183 -0.018214 -0.00537723 0.00680183 0.0111416 -0.019827 0.00680079 -0.018214 -0.019827 0.0941227 
0.00870019 -0.0167347 -0.0053873 0.00683106 -0.0167347 0.0853083 0.00682357 -0.0183023 -0.0053873 0.00682357 0.0113172 -0.0199915 0.00683106 -0.0183023 -0.0199915 0.0946075 
0.0085971 -0.0165596 -0.00538692 0.00682499 -0.0165596 0.0849212 0.00680682 -0.0182949 -0.00538692 0.00680682 0.0114149 -0.0201919 0.00682499 -0.0182949 -0.0201919 0.0950305 
0.0085644 -0.0164388 -0.0054084 0.00682796 -0.0164388 0.0846005 0.00680302 -0.018287 -0.0054084 0.00680302 0.0114358 -0.0203374 0.00682796 -0.018287 -0.0203374 0.0955012 
0.00856499 -0.0163847 -0.00542203 0.0068407 -0.0163847 0.0843269 0.00682325 -0.0182947 -0.00542203 0.00682325 0.0113998 -0.0203328 0.0068407 -0.0182947 -0.0203328 0.0955864 
0.00860523 -0.0163945 -0.00543318 0.00685928 -0.0163945 0.0842688 0.00685558 -0.0183519 -0.00543318 0.00685558 0.0113223 -0.0202826 0.00685928 -0.0183519 -0.0202826 0.0955162 
0.00866113 -0.0164948 -0.00541549 0.00687597 -0.0164948 0.0844943 0.00688338 -0.0184117 -0.00541549 0.00688338 0.0112804 -0.0201653 0.00687597 -0.0184117 -0.0201653 0.095276 
0.00869807 -0.0165989 -0.00538708 0.00686206 -0.0165989 0.0848555 0.00687203 -0.0184278 -0.00538708 0.00687203 0.0113286 -0.0201306 0.00686206 -0.0184278 -0.0201306 0.0951864 
0.00859925 -0.0165513 -0.00538324 0.00680318 -0.0165513 0.0847015 0.00680318 -0.0183055 -0.00538324 0.00680318 0.0113969 -0.0201669 0.00680318 -0.0183055 -0.0201669 0.0950787 
0.0085326 -0.016444 -0.00539696 0.00680588 -0.016444 0.0845117 0.00679642 -0.018245 -0.00539696 0.00679642 0.0114353 -0.0202841 0.00680588 -0.018245 -0.0202841 0.0953202 
0.00861887 -0.0163917 -0.00539707 0.00683775 -0.0163917 0.0844349 0.00682456 -0.0182868 -0.00539707 0.00682456 0.0113746 -0.0203619 0.00683775 -0.0182868 -0.0203619 0.0956492 
0.00864825 -0.0164702 -0.00539414 0.00682869 -0.0164702 0.0844575 0.00682457 -0.0183002 -0.00539414 0.00682457 0.0113318 -0.0202689 0.00682869 -0.0183002 -0.0202689 0.0955716 
0.0086388 -0.0164802 -0.00539817 0.00681607 -0.0164802 0.0844397 0.00682009 -0.0182871 -0.00539817 0.00682009 0.0113112 -0.0201964 0.00681607 -0.0182871 -0.0201964 0.0953363 
0.00874084 -0.0165568 -0.00539599 0.00683955 -0.0165568 0.0847552 0.00684617 -0.0183323 -0.00539599 0.00684617 0.0112917 -0.0201896 0.00683955 -0.0183323 -0.0201896 0.095353 
0.00870121 -0.0166316 -0.00539079 0.0068157 -0.0166316 0.0848463 0.00682472 -0.0183019 -0.00539079 0.00682472 0.0113456 -0.020134 0.0068157 -0.0183019 -0.020134 0.0951598 
0.00866485 -0.0166237 -0.00538906 0.00681726 -0.0166237 0.0849943 0.00682209 -0.0182901 -0.00538906 0.00682209 0.0114278 -0.0202374 0.00681726 -0.0182901 -0.0202374 0.0953448 
0.00871429 -0.0165872 -0.00538633 0.00680383 -0.0165872 0.0849582 0.00679978 -0.0182357 -0.00538633 0.00679978 0.0114028 -0.0203144 0.00680383 -0.0182357 -0.0203144 0.0954999 
0.00874792 -0.016625 -0.00540092 0.00679933 -0.016625 0.0849745 0.00679587 -0.0182078 -0.00540092 0.00679587 0.0113915 -0.0203186 0.00679933 -0.0182078 -0.0203186 0.095631 
0.00872858 -0.0166485 -0.00539399 0.00679736 -0.0166485 0.0849404 0.00680324 -0.0181834 -0.00539399 0.00680324 0.011387 -0.0202605 0.00679736 -0.0181834 -0.0202605 0.0954473 
0.00879988 -0.016689 -0.00534417 0.00679837 -0.016689 0.0851191 0.00680618 -0.0181841 -0.00534417 0.00680618 0.0113749 -0.0202607 0.00679837 -0.0181841 -0.0202607 0.095409 
0.00887349 -0.0167583 -0.00531044 0.0067339 -0.0167583 0.0852622 0.00673754 -0.0180826 -0.00531044 0.00673754 0.0113283 -0.0202637 0.0067339 -0.0180826 -0.0202637 0.0954212 
0.00887118 -0.0168625 -0.00531101 0.00669798 -0.0168625 0.085596 0.00669894 -0.0179771 -0.00531101 0.00669894 0.0113611 -0.0202819 0.00669798 -0.0179771 -0.0202819 0.095636 
0.00883712 -0.0168018 -0.00529361 0.00667026 -0.0168018 0.0854624 0.00666693 -0.0178533 -0.00529361 0.00666693 0.0113353 -0.0202664 0.00667026 -0.0178533 -0.0202664 0.0955194 
0.00882196 -0.0167808 -0.00528389 0.00666169 -0.0167808 0.0854108 0.00665415 -0.0178011 -0.00528389 0.00665415 0.011354 -0.020245 0.00666169 -0.0178011 -0.020245 0.0954885 
0.00885814 -0.0167459 -0.00527915 0.00665353 -0.0167459 0.0853073 0.00664279 -0.0177735 -0.00527915 0.00664279 0.011321 -0.0202721 0.00665353 -0.0177735 -0.0202721 0.0955205 
0.00891732 -0.0167925 -0.00527862 0.00664501 -0.0167925 0.0853369 0.00663932 -0.0177517 -0.00527862 0.00663932 0.011277 -0.0202319 0.00664501 -0.0177517 -0.0202319 0.095478 
0.00893321 -0.0168508 -0.00528814 0.00663685 -0.0168508 0.0854201 0.00664242 -0.0177408 -0.00528814 0.00664242 0.0112274 -0.0201778 0.00663685 -0.0177408 -0.0201778 0.0953532 
0.00894901 -0.0168668 -0.00528691 0.00664941 -0.0168668 0.0854825 0.00665943 -0.0177634 -0.00528691 0.00665943 0.0111764 -0.0201171 0.00664941 -0.0177634 -0.0201171 0.0952032 
0.00899566 -0.0169172 -0.00530481 0.00666809 -0.0169172 0.0857032 0.00667854 -0.0178307 -0.00530481 0.00667854 0.0111243 -0.0200933 0.00666809 -0.0178307 -0.0200933 0.0952355 
0.0089205 -0.0169235 -0.00529353 0.00666371 -0.0169235 0.0855985 0.00667506 -0.017815 -0.00529353 0.00667506 0.0111285 -0.0199331 0.00666371 -0.017815 -0.0199331 0.0947382 
0.00884753 -0.0168325 -0.00529894 0.00667838 -0.0168325 0.0854793 0.00668014 -0.0178617 -0.00529894 0.00668014 0.0111813 -0.0199836 0.00667838 -0.0178617 -0.0199836 0.0947303 
0.00884873 -0.0167614 -0.00529131 0.00669567 -0.0167614 0.0853359 0.00668654 -0.0178983 -0.00529131 0.00668654 0.011184 -0.0200435 0.00669567 -0.0178983 -0.0200435 0.0948547 
0.00885395 -0.0167649 -0.00526706 0.00668204 -0.0167649 0.085254 0.00667083 -0.0178817 -0.00526706 0.00667083 0.0111866 -0.0200217 0.00668204 -0.0178817 -0.0200217 0.0948214 
0.00891793 -0.0167904 -0.00524497 0.00665773 -0.0167904 0.0853377 0.00664648 -0.0178381 -0.00524497 0.00664648 0.0111655 -0.0200496 0.00665773 -0.0178381 -0.0200496 0.094913 
0.00889988 -0.0168131 -0.0052225 0.00660926 -0.0168131 0.0852741 0.00660137 -0.0177248 -0.0052225 0.00660137 0.0111574 -0.0200099 0.00660926 -0.0177248 -0.0200099 0.0948089 
0.00889658 -0.0168265 -0.00523126 0.00659382 -0.0168265 0.085411 0.00658821 -0.0176709 -0.00523126 0.00658821 0.0111656 -0.020054 0.00659382 -0.0176709 -0.020054 0.0949833 
0.00887797 -0.0167313 -0.00524279 0.00658227 -0.0167313 0.0850865 0.0065767 -0.0176113 -0.00524279 0.0065767 0.0110667 -0.0200252 0.00658227 -0.0176113 -0.0200252 0.0948563 
0.00884962 -0.0167299 -0.00526797 0.00661863 -0.0167299 0.0850304 0.00661854 -0.0176778 -0.00526797 0.00661854 0.0110508 -0.0199276 0.00661863 -0.0176778 -0.0199276 0.0947415 
0.00886203 -0.0167434 -0.00528197 0.00667084 -0.0167434 0.0851533 0.00667501 -0.0178218 -0.00528197 0.00667501 0.0110899 -0.0198938 0.00667084 -0.0178218 -0.0198938 0.0946634 
0.00890824 -0.01671 -0.00526575 0.00667805 -0.01671 0.0849988 0.00668186 -0.01789 -0.00526575 0.00668186 0.0110386 -0.0198965 0.00667805 -0.01789 -0.0198965 0.0945063 
0.00898109 -0.0167666 -0.0052529 0.006659 -0.0167666 0.0850321 0.0066672 -0.0178914 -0.0052529 0.0066672 0.0109506 -0.0198531 0.006659 -0.0178914 -0.0198531 0.0944242 
0.00904876 -0.0168867 -0.00523526 0.00663683 -0.0168867 0.085291 0.0066531 -0.0178479 -0.00523526 0.0066531 0.0108664 -0.0197295 0.00663683 -0.0178479 -0.0197295 0.0941673 
0.00915351 -0.0170296 -0.00520793 0.00662607 -0.0170296 0.0857775 0.00664551 -0.0178238 -0.00520793 0.00664551 0.010802 -0.0196465 0.00662607 -0.0178238 -0.0196465 0.0940214 
0.00924084 -0.0170831 -0.00519977 0.00657207 -0.0170831 0.0858806 0.0065899 -0.0177089 -0.00519977 0.0065899 0.0106955 -0.0195438 0.00657207 -0.0177089 -0.0195438 0.0936863 
0.00925807 -0.0172182 -0.00521985 0.00657352 -0.0172182 0.0862334 0.00659598 -0.0176765 -0.00521985 0.00659598 0.0107182 -0.0194572 0.00657352 -0.0176765 -0.0194572 0.0935511 
0.00920602 -0.0172596 -0.00521637 0.00658026 -0.0172596 0.0863799 0.00660222 -0.0176545 -0.00521637 0.00660222 0.0107885 -0.0193925 0.00658026 -0.0176545 -0.0193925 0.0931786 
0.00911773 -0.0172263 -0.00524008 0.0066042 -0.0172263 0.0865155 0.0066116 -0.017707 -0.00524008 0.0066116 0.0109282 -0.0195642 0.0066042 -0.017707 -0.0195642 0.0935291 
0.00910586 -0.0171262 -0.00522977 0.0066299 -0.0171262 0.0863989 0.00661848 -0.017731 -0.00522977 0.00661848 0.0109655 -0.0197345 0.0066299 -0.017731 -0.0197345 0.093956 
0.0091243 -0.01708 -0.00521602 0.0066042 -0.01708 0.0861763 0.00658656 -0.0176784 -0.00521602 0.00658656 0.0109482 -0.0197625 0.0066042 -0.0176784 -0.0197625 0.0941074 
0.00916781 -0.0170748 -0.00522691 0.00658277 -0.0170748 0.0860565 0.00657007 -0.0176225 -0.00522691 0.00657007 0.0108848 -0.0197651 0.00658277 -0.0176225 -0.0197651 0.0941825 
0.00915312 -0.0171375 -0.00526338 0.00659729 -0.0171375 0.0861636 0.00659759 -0.0176429 -0.00526338 0.00659759 0.0108829 -0.0197123 0.00659729 -0.0176429 -0.0197123 0.0941905 
0.00914732 -0.0171275 -0.00526887 0.00664305 -0.0171275 0.0862095 0.00665123 -0.017738 -0.00526887 0.00665123 0.0109022 -0.0196875 0.00664305 -0.017738 -0.0196875 0.0941084 
0.00918106 -0.0170947 -0.00523663 0.00665436 -0.0170947 0.0861119 0.00666242 -0.0178141 -0.00523663 0.00666242 0.0108523 -0.0197036 0.00665436 -0.0178141 -0.0197036 0.0940729 
0.00924357 -0.017165 -0.00517075 0.00661503 -0.017165 0.0862075 0.00662171 -0.0177714 -0.00517075 0.00662171 0.0107811 -0.0196219 0.00661503 -0.0177714 -0.0196219 0.0939052 
