0.00996917 0 0.000833223 0 0 0.00998539 0 0 0.000833223 0 0.00353548 0 0 0 0 0.00998539 
0.0139847 -0.0173087 0.00133368 -0.00164878 -0.0173087 0.0423511 -0.00164878 0.00316132 0.00133368 -0.00164878 0.00513168 -0.0064055 -0.00164878 0.00316132 -0.0064055 0.0214451 
0.0136282 -0.0246496 0.00133419 -0.00233437 -0.0246496 0.0877834 -0.00233437 0.00749031 0.00133419 -0.00233437 0.00538352 -0.0106976 -0.00233437 0.00749031 -0.0106976 0.0433089 
0.0126823 -0.0228282 0.00121643 -0.00197764 -0.0228282 0.0981677 -0.00197491 0.00753462 0.00121643 -0.00197491 0.00526546 -0.0118919 -0.00197764 0.00753462 -0.0118919 0.0583512 
0.0127575 -0.0217536 0.00120552 -0.00170002 -0.0217536 0.0982732 -0.00169113 0.00623185 0.00120552 -0.00169113 0.00524088 -0.0121852 -0.00170002 0.00623185 -0.0121852 0.0668714 
0.0131022 -0.0218918 0.00123976 -0.00167853 -0.0218918 0.098702 -0.00166276 0.00544768 0.00123976 -0.00166276 0.00522763 -0.0121522 -0.00167853 0.00544768 -0.0121522 0.0706043 
0.013323 -0.0222648 0.00123801 -0.00172927 -0.0222648 0.099669 -0.00171708 0.00519773 0.00123801 -0.00171708 0.00520657 -0.0119947 -0.00172927 0.00519773 -0.0119947 0.071608 
0.0133918 -0.0224972 0.00122572 -0.00172026 -0.0224972 0.100466 -0.00172402 0.005101 0.00122572 -0.00172402 0.00523264 -0.0118499 -0.00172026 0.005101 -0.0118499 0.0715567 
0.013395 -0.0225322 0.0012011 -0.00166348 -0.0225322 0.100688 -0.00167824 0.00493127 0.0012011 -0.00167824 0.0052584 -0.0117928 -0.00166348 0.00493127 -0.0117928 0.0712136 
0.013379 -0.0225357 0.00120004 -0.00168075 -0.0225357 0.100784 -0.00169442 0.00494758 0.00120004 -0.00169442 0.00531261 -0.0118564 -0.00168075 0.00494758 -0.0118564 0.0712472 
0.0133959 -0.0225165 0.00121448 -0.00170483 -0.0225165 0.100797 -0.00171288 0.00502334 0.00121448 -0.00171288 0.00532584 -0.0119612 -0.00170483 0.00502334 -0.0119612 0.0715067 
0.0133943 -0.0225002 0.00127958 -0.00175637 -0.0225002 0.100695 -0.00176221 0.00517651 0.00127958 -0.00176221 0.00532469 -0.0120043 -0.00175637 0.00517651 -0.0120043 0.0717036 
0.0133831 -0.0225134 0.00132056 -0.00181373 -0.0225134 0.100698 -0.00181464 0.00529336 0.00132056 -0.00181464 0.00532959 -0.0120006 -0.00181373 0.00529336 -0.0120006 0.0717736 
0.013371 -0.0224818 0.00136773 -0.00189013 -0.0224818 0.100616 -0.0018842 0.00548659 0.00136773 -0.0018842 0.00532146 -0.0120068 -0.00189013 0.00548659 -0.0120068 0.0717841 
0.0133765 -0.0225126 0.00137285 -0.00191894 -0.0225126 0.100731 -0.00191006 0.00556798 0.00137285 -0.00191006 0.00532223 -0.0119987 -0.00191894 0.00556798 -0.0119987 0.07183 
0.0133536 -0.0224826 0.00140713 -0.00194815 -0.0224826 0.100649 -0.00194237 0.00567407 0.00140713 -0.00194237 0.0053194 -0.0119913 -0.00194815 0.00567407 -0.0119913 0.0717836 
0.0133786 -0.0224963 0.00143032 -0.00193426 -0.0224963 0.100713 -0.00193068 0.00562322 0.00143032 -0.00193068 0.00530292 -0.011971 -0.00193426 0.00562322 -0.011971 0.071743 
0.0133615 -0.0225063 0.00146277 -0.00198347 -0.0225063 0.100717 -0.00197771 0.00569876 0.00146277 -0.00197771 0.0053086 -0.0119487 -0.00198347 0.00569876 -0.0119487 0.0716695 
0.013297 -0.0224797 0.0015109 -0.00205764 -0.0224797 0.100687 -0.00204767 0.00588924 0.0015109 -0.00204767 0.00536468 -0.0119655 -0.00205764 0.00588924 -0.0119655 0.0716839 
0.0132735 -0.0223989 0.00155832 -0.00210765 -0.0223989 0.100538 -0.00208952 0.00601879 0.00155832 -0.00208952 0.00537369 -0.0120244 -0.00210765 0.00601879 -0.0120244 0.0717648 
0.0132387 -0.0223456 0.00161019 -0.00218528 -0.0223456 0.100341 -0.00216368 0.00621044 0.00161019 -0.00216368 0.00539269 -0.0120431 -0.00218528 0.00621044 -0.0120431 0.0718354 
0.013187 -0.0222963 0.00165368 -0.00224263 -0.0222963 0.100163 -0.00221945 0.00636991 0.00165368 -0.00221945 0.00542859 -0.0120496 -0.00224263 0.00636991 -0.0120496 0.0718286 
0.0131665 -0.0222974 0.00161891 -0.00224136 -0.0222974 0.100232 -0.00221737 0.00636031 0.00161891 -0.00221737 0.00547596 -0.0120822 -0.00224136 0.00636031 -0.0120822 0.0719169 
0.0131413 -0.0222388 0.00157265 -0.00217281 -0.0222388 0.100066 -0.00215378 0.00622235 0.00157265 -0.00215378 0.00549307 -0.0121143 -0.00217281 0.00622235 -0.0121143 0.0719163 
0.0131655 -0.0222103 0.00157992 -0.00210873 -0.0222103 0.0999605 -0.00209905 0.00605883 0.00157992 -0.00209905 0.00547547 -0.0121489 -0.00210873 0.00605883 -0.0121489 0.0719978 
0.0132328 -0.0222628 0.00162077 -0.0021453 -0.0222628 0.100088 -0.00213728 0.00608374 0.00162077 -0.00213728 0.00543556 -0.0121688 -0.0021453 0.00608374 -0.0121688 0.0721752 
0.0132978 -0.0223326 0.00160247 -0.00216975 -0.0223326 0.100196 -0.00216194 0.00611026 0.00160247 -0.00216194 0.00536723 -0.0120921 -0.00216975 0.00611026 -0.0120921 0.0720453 
0.013364 -0.0224032 0.0016059 -0.00217371 -0.0224032 0.100332 -0.00217443 0.00618052 0.0016059 -0.00217443 0.00529888 -0.0120092 -0.00217371 0.00618052 -0.0120092 0.0718389 
0.0134017 -0.0224873 0.00160721 -0.00220154 -0.0224873 0.100535 -0.00221283 0.00629033 0.00160721 -0.00221283 0.00527477 -0.0119345 -0.00220154 0.00629033 -0.0119345 0.0716557 
0.0134157 -0.0225709 0.00164828 -0.00219726 -0.0225709 0.100843 -0.00221611 0.0063322 0.00164828 -0.00221611 0.00528494 -0.0119122 -0.00219726 0.0063322 -0.0119122 0.0715943 
0.0133788 -0.0225633 0.00166761 -0.0022293 -0.0225633 0.100869 -0.0022398 0.00635582 0.00166761 -0.0022398 0.00531946 -0.0119062 -0.0022293 0.00635582 -0.0119062 0.0714907 
0.0134124 -0.022546 0.00164321 -0.00226213 -0.022546 0.10092 -0.00225775 0.00641569 0.00164321 -0.00225775 0.00530094 -0.0119699 -0.00226213 0.00641569 -0.0119699 0.0716262 
0.013413 -0.0225572 0.00161775 -0.00224474 -0.0225572 0.100883 -0.0022433 0.00643259 0.00161775 -0.0022433 0.00528982 -0.0119588 -0.00224474 0.00643259 -0.0119588 0.0716685 
0.0134045 -0.0225578 0.00161329 -0.00219903 -0.0225578 0.100869 -0.00220823 0.00635601 0.00161329 -0.00220823 0.00528263 -0.0119374 -0.00219903 0.00635601 -0.0119374 0.0716208 
0.0134467 -0.0225792 0.00156771 -0.00213001 -0.0225792 0.100938 -0.00214265 0.00613694 0.00156771 -0.00214265 0.0052327 -0.0118999 -0.00213001 0.00613694 -0.0118999 0.0715102 
0.0134856 -0.0226333 0.00154436 -0.00208576 -0.0226333 0.101062 -0.00210001 0.00599858 0.00154436 -0.00210001 0.00519146 -0.0118451 -0.00208576 0.00599858 -0.0118451 0.0714004 
0.0134596 -0.0226511 0.00158379 -0.00212092 -0.0226511 0.101104 -0.00213467 0.00607841 0.00158379 -0.00213467 0.00520742 -0.0118113 -0.00212092 0.00607841 -0.0118113 0.0713099 
0.0134068 -0.0226195 0.00166428 -0.00221872 -0.0226195 0.101107 -0.00222469 0.0063178 0.00166428 -0.00222469 0.00525635 -0.0118491 -0.00221872 0.0063178 -0.0118491 0.0713773 
0.0133745 -0.0225715 0.0016763 -0.00227028 -0.0225715 0.101039 -0.0022609 0.00642093 0.0016763 -0.0022609 0.00529316 -0.0118799 -0.00227028 0.00642093 -0.0118799 0.0714248 
0.0132808 -0.0224909 0.00163936 -0.00229273 -0.0224909 0.100778 -0.00227407 0.00649862 0.00163936 -0.00227407 0.00536314 -0.0119107 -0.00229273 0.00649862 -0.0119107 0.0714257 
0.0132495 -0.022414 0.00159297 -0.00219833 -0.022414 0.100625 -0.00218244 0.00632475 0.00159297 -0.00218244 0.00540492 -0.0119854 -0.00219833 0.00632475 -0.0119854 0.0715576 
0.0132344 -0.0223613 0.00155823 -0.00213566 -0.0223613 0.100451 -0.00212544 0.00613895 0.00155823 -0.00212544 0.00543788 -0.0120493 -0.00213566 0.00613895 -0.0120493 0.0717301 
0.013248 -0.0223584 0.00149614 -0.00206895 -0.0223584 0.100413 -0.00206212 0.00593741 0.00149614 -0.00206212 0.00546093 -0.0120962 -0.00206895 0.00593741 -0.0120962 0.0718957 
0.0132424 -0.0223331 0.00148053 -0.0020499 -0.0223331 0.100291 -0.00205031 0.00591047 0.00148053 -0.00205031 0.00546839 -0.0121603 -0.0020499 0.00591047 -0.0121603 0.0720835 
0.013291 -0.0223396 0.00147556 -0.00203006 -0.0223396 0.100292 -0.0020387 0.00587793 0.00147556 -0.0020387 0.00542481 -0.0121891 -0.00203006 0.00587793 -0.0121891 0.0722556 
0.0133262 -0.0223955 0.00147207 -0.00204929 -0.0223955 0.100391 -0.00206602 0.00593804 0.00147207 -0.00206602 0.00538286 -0.0121549 -0.00204929 0.00593804 -0.0121549 0.0723117 
0.0132904 -0.0224326 0.00148344 -0.00203188 -0.0224326 0.100469 -0.00205806 0.00593483 0.00148344 -0.00205806 0.00538252 -0.0120782 -0.00203188 0.00593483 -0.0120782 0.0721458 
0.0132649 -0.0224158 0.00151161 -0.00201116 -0.0224158 0.100518 -0.00203464 0.00585072 0.00151161 -0.00203464 0.00539378 -0.0120493 -0.00201116 0.00585072 -0.0120493 0.0719972 
0.0131701 -0.0223855 0.00151664 -0.00206422 -0.0223855 0.100501 -0.00206987 0.00589744 0.00151664 -0.00206987 0.00549545 -0.0120653 -0.00206422 0.00589744 -0.0120653 0.0719867 
0.0131042 -0.0222316 0.00153409 -0.00208568 -0.0222316 0.100161 -0.0020733 0.00595345 0.00153409 -0.0020733 0.0055412 -0.0121744 -0.00208568 0.00595345 -0.0121744 0.0720869 
0.013095 -0.0221541 0.00154074 -0.00212294 -0.0221541 0.0999248 -0.00209994 0.00603411 0.00154074 -0.00209994 0.00555855 -0.0122611 -0.00212294 0.00603411 -0.0122611 0.0723576 
0.0131111 -0.0221286 0.00158429 -0.00213523 -0.0221286 0.0997682 -0.00211843 0.00610166 0.00158429 -0.00211843 0.00554078 -0.0122851 -0.00213523 0.00610166 -0.0122851 0.0724998 
0.013134 -0.022169 0.00160977 -0.00213619 -0.022169 0.0997958 -0.00212549 0.00606651 0.00160977 -0.00212549 0.00552353 -0.012235 -0.00213619 0.00606651 -0.012235 0.0724249 
0.0131235 -0.0222005 0.00163856 -0.00217426 -0.0222005 0.0998654 -0.00216248 0.00612444 0.00163856 -0.00216248 0.00553405 -0.0122082 -0.00217426 0.00612444 -0.0122082 0.0723251 
0.013149 -0.022211 0.00169245 -0.00219991 -0.022211 0.0999597 -0.00218313 0.00617219 0.00169245 -0.00218313 0.00550678 -0.012219 -0.00219991 0.00617219 -0.012219 0.0723194 
0.0131754 -0.0222377 0.0016984 -0.00227948 -0.0222377 0.100025 -0.00225292 0.00631808 0.0016984 -0.00225292 0.00548079 -0.012193 -0.00227948 0.00631808 -0.012193 0.0722979 
0.0131909 -0.0222315 0.00168167 -0.00230719 -0.0222315 0.0999459 -0.00228372 0.00645949 0.00168167 -0.00228372 0.00544538 -0.0121467 -0.00230719 0.00645949 -0.0121467 0.0721432 
0.0132081 -0.0223006 0.00168107 -0.0022747 -0.0223006 0.100147 -0.0022668 0.00646746 0.00168107 -0.0022668 0.00545358 -0.0121155 -0.0022747 0.00646746 -0.0121155 0.0721086 
0.0132135 -0.0222942 0.00165264 -0.00227892 -0.0222942 0.100158 -0.00227844 0.00648362 0.00165264 -0.00227844 0.00545401 -0.0121197 -0.00227892 0.00648362 -0.0121197 0.072057 
0.0132439 -0.0222764 0.00163905 -0.0022673 -0.0222764 0.100079 -0.00227353 0.00651458 0.00163905 -0.00227353 0.00541303 -0.0121326 -0.0022673 0.00651458 -0.0121326 0.0720623 
0.0132585 -0.0223486 0.00163479 -0.00221893 -0.0223486 0.100234 -0.0022383 0.00642365 0.00163479 -0.0022383 0.0054084 -0.0120868 -0.00221893 0.00642365 -0.0120868 0.0720343 
0.0133229 -0.0223861 0.00166962 -0.00219892 -0.0223861 0.100409 -0.00222058 0.00633552 0.00166962 -0.00222058 0.00534951 -0.0120759 -0.00219892 0.00633552 -0.0120759 0.0720026 
0.0133299 -0.0224289 0.00170366 -0.00227351 -0.0224289 0.100461 -0.00228646 0.00644576 0.00170366 -0.00228646 0.005329 -0.0120056 -0.00227351 0.00644576 -0.0120056 0.0718578 
0.0133603 -0.0224677 0.00173766 -0.00232363 -0.0224677 0.100621 -0.00232923 0.00658221 0.00173766 -0.00232923 0.00531231 -0.0119779 -0.00232363 0.00658221 -0.0119779 0.0717732 
0.0133538 -0.0224674 0.00179309 -0.00240718 -0.0224674 0.100606 -0.00240876 0.00681192 0.00179309 -0.00240876 0.00530558 -0.0119644 -0.00240718 0.00681192 -0.0119644 0.0716955 
0.0133331 -0.0224977 0.00180614 -0.0024321 -0.0224977 0.100719 -0.00243199 0.00688818 0.00180614 -0.00243199 0.00532558 -0.0119379 -0.0024321 0.00688818 -0.0119379 0.0716277 
0.0133451 -0.0224887 0.0017641 -0.0024073 -0.0224887 0.100765 -0.00240379 0.00681913 0.0017641 -0.00240379 0.00531148 -0.0119368 -0.0024073 0.00681913 -0.0119368 0.071561 
0.0133109 -0.0224854 0.00176809 -0.00237157 -0.0224854 0.100735 -0.00237191 0.00675522 0.00176809 -0.00237191 0.00533837 -0.0119289 -0.00237157 0.00675522 -0.0119289 0.0715288 
0.0133119 -0.0224431 0.00179687 -0.00238428 -0.0224431 0.10067 -0.00238454 0.00675121 0.00179687 -0.00238454 0.00534886 -0.0119684 -0.00238428 0.00675121 -0.0119684 0.0715888 
0.0132824 -0.0224003 0.00183733 -0.00244379 -0.0224003 0.100469 -0.00243736 0.00686772 0.00183733 -0.00243736 0.00535944 -0.0119829 -0.00244379 0.00686772 -0.0119829 0.071597 
0.0132839 -0.0223933 0.00189357 -0.00249305 -0.0223933 0.100451 -0.00248266 0.00699309 0.00189357 -0.00248266 0.00536144 -0.0120043 -0.00249305 0.00699309 -0.0120043 0.0716776 
0.0132915 -0.0224083 0.00194573 -0.00257327 -0.0224083 0.100514 -0.00255783 0.00717372 0.00194573 -0.00255783 0.00536425 -0.0120221 -0.00257327 0.00717372 -0.0120221 0.071782 
0.0133131 -0.0224242 0.00194413 -0.00260206 -0.0224242 0.100552 -0.00258359 0.00724784 0.00194413 -0.00258359 0.00534539 -0.0119969 -0.00260206 0.00724784 -0.0119969 0.0717297 
0.0132706 -0.0224277 0.00197015 -0.0026231 -0.0224277 0.100525 -0.00261032 0.00734503 0.00197015 -0.00261032 0.0053774 -0.011977 -0.0026231 0.00734503 -0.011977 0.0716565 
0.0132132 -0.022403 0.00193896 -0.00264343 -0.022403 0.100543 -0.00263136 0.00739504 0.00193896 -0.00263136 0.00543888 -0.0120177 -0.00264343 0.00739504 -0.0120177 0.071716 
0.0131191 -0.0223008 0.00193183 -0.00261791 -0.0223008 0.100318 -0.00260831 0.00739568 0.00193183 -0.00260831 0.00552258 -0.0120981 -0.00261791 0.00739568 -0.0120981 0.0718553 
0.0130608 -0.0221692 0.00197376 -0.00264782 -0.0221692 0.100018 -0.00263707 0.00747595 0.00197376 -0.00263707 0.00558412 -0.0122408 -0.00264782 0.00747595 -0.0122408 0.0722157 
0.013023 -0.0220785 0.0020369 -0.0027062 -0.0220785 0.099719 -0.00269322 0.0076074 0.0020369 -0.00269322 0.00561495 -0.0123314 -0.0027062 0.0076074 -0.0123314 0.0725272 
0.0130163 -0.0220304 0.00207021 -0.00274157 -0.0220304 0.0994954 -0.00272646 0.00766197 0.00207021 -0.00272646 0.0056087 -0.0123345 -0.00274157 0.00766197 -0.0123345 0.0725754 
0.0130881 -0.0220981 0.00206482 -0.00270521 -0.0220981 0.0996533 -0.00269151 0.00753788 0.00206482 -0.00269151 0.00555407 -0.012287 -0.00270521 0.00753788 -0.012287 0.072506 
0.0131294 -0.022184 0.00202119 -0.00269051 -0.022184 0.0998406 -0.00268131 0.00745785 0.00202119 -0.00268131 0.00551401 -0.0122084 -0.00269051 0.00745785 -0.0122084 0.0723125 
0.0131763 -0.0222184 0.0019823 -0.00267187 -0.0222184 0.0999492 -0.00267109 0.00745296 0.0019823 -0.00267109 0.00546468 -0.012171 -0.00267187 0.00745296 -0.012171 0.0721727 
0.0131671 -0.0222865 0.00199242 -0.00264071 -0.0222865 0.100145 -0.00265567 0.00743852 0.00199242 -0.00265567 0.00549251 -0.0121345 -0.00264071 0.00743852 -0.0121345 0.0721307 
0.0131281 -0.0222403 0.00204557 -0.00265898 -0.0222403 0.100066 -0.00267457 0.00746363 0.00204557 -0.00267457 0.00551289 -0.0121587 -0.00265898 0.00746363 -0.0121587 0.0720841 
0.0130997 -0.0222136 0.00210075 -0.00274913 -0.0222136 0.10006 -0.00275054 0.00762997 0.00210075 -0.00275054 0.005558 -0.0122144 -0.00274913 0.00762997 -0.0122144 0.0722559 
0.0130572 -0.0221409 0.00214915 -0.00281686 -0.0221409 0.0998311 -0.00280353 0.00779291 0.00214915 -0.00280353 0.00557821 -0.0122489 -0.00281686 0.00779291 -0.0122489 0.0722962 
0.0130626 -0.0221413 0.00219044 -0.00285627 -0.0221413 0.0998572 -0.00283483 0.0078839 0.00219044 -0.00283483 0.00559063 -0.0122782 -0.00285627 0.0078839 -0.0122782 0.0724236 
0.0129973 -0.0221085 0.00224276 -0.00293561 -0.0221085 0.0997417 -0.00290941 0.00807027 0.00224276 -0.00290941 0.00564146 -0.0122985 -0.00293561 0.00807027 -0.0122985 0.0724799 
0.0131048 -0.0220845 0.00223231 -0.00294004 -0.0220845 0.0997514 -0.00290907 0.00807581 0.00223231 -0.00290907 0.00554558 -0.012327 -0.00294004 0.00807581 -0.012327 0.0725253 
0.0131743 -0.0221838 0.00221184 -0.00295143 -0.0221838 0.0998441 -0.00293231 0.00813832 0.00221184 -0.00293231 0.00548474 -0.0122268 -0.00295143 0.00813832 -0.0122268 0.0724042 
0.0132166 -0.022287 0.00218312 -0.00293826 -0.022287 0.100115 -0.00294201 0.00818794 0.00218312 -0.00294201 0.00545755 -0.0121584 -0.00293826 0.00818794 -0.0121584 0.0722517 
0.0132268 -0.0223503 0.00213319 -0.00283715 -0.0223503 0.100305 -0.00285838 0.00798856 0.00213319 -0.00285838 0.00545582 -0.0120814 -0.00283715 0.00798856 -0.0120814 0.0719708 
0.0132438 -0.0223646 0.00211274 -0.00277846 -0.0223646 0.100402 -0.0028021 0.00781222 0.00211274 -0.0028021 0.00544654 -0.0120886 -0.00277846 0.00781222 -0.0120886 0.071889 
0.013321 -0.0223987 0.00207081 -0.00274061 -0.0223987 0.100514 -0.00275857 0.00765825 0.00207081 -0.00275857 0.0053797 -0.0120889 -0.00274061 0.00765825 -0.0120889 0.0718991 
0.0133562 -0.0224922 0.00204268 -0.00267921 -0.0224922 0.100685 -0.00269935 0.00749828 0.00204268 -0.00269935 0.00534577 -0.0120094 -0.00267921 0.00749828 -0.0120094 0.0717781 
0.0134201 -0.0225499 0.00204673 -0.00266203 -0.0225499 0.100899 -0.00268104 0.0074228 0.00204673 -0.00268104 0.00529243 -0.0119811 -0.00266203 0.0074228 -0.0119811 0.0717144 
0.0134707 -0.0226157 0.00208328 -0.00269188 -0.0226157 0.101065 -0.00270595 0.00746863 0.00208328 -0.00270595 0.00525221 -0.0119301 -0.00269188 0.00746863 -0.0119301 0.0716316 
0.0134599 -0.0226856 0.00213001 -0.00275347 -0.0226856 0.101265 -0.0027592 0.00759848 0.00213001 -0.0027592 0.00528261 -0.011885 -0.00275347 0.00759848 -0.011885 0.0715432 
0.0134391 -0.0226363 0.00215441 -0.00284298 -0.0226363 0.101183 -0.00283512 0.00781768 0.00215441 -0.00283512 0.00529171 -0.0119211 -0.00284298 0.00781768 -0.0119211 0.0715146 
0.0134259 -0.0226322 0.00215984 -0.00292268 -0.0226322 0.101229 -0.00290856 0.00808838 0.00215984 -0.00290856 0.00532384 -0.0119868 -0.00292268 0.00808838 -0.0119868 0.0717621 
0.0134148 -0.0226027 0.00217066 -0.00289085 -0.0226027 0.101147 -0.00288508 0.00810807 0.00217066 -0.00288508 0.00531704 -0.0120025 -0.00289085 0.00810807 -0.0120025 0.0718264 
0.0133383 -0.0225803 0.00220174 -0.00287878 -0.0225803 0.101039 -0.00287882 0.00805674 0.00220174 -0.00287882 0.0053558 -0.0119745 -0.00287878 0.00805674 -0.0119745 0.0717585 
0.0133377 -0.0225234 0.00220563 -0.00289852 -0.0225234 0.100992 -0.00289009 0.00803332 0.00220563 -0.00289009 0.00534776 -0.0120083 -0.00289852 0.00803332 -0.0120083 0.0717903 
0.0133176 -0.0225106 0.00215179 -0.00289565 -0.0225106 0.100912 -0.00288252 0.00801411 0.00215179 -0.00288252 0.0053646 -0.0119837 -0.00289565 0.00801411 -0.0119837 0.0717425 
0.0133063 -0.0224688 0.00208651 -0.00282668 -0.0224688 0.100774 -0.00282039 0.00790606 0.00208651 -0.00282039 0.00537176 -0.0119869 -0.00282668 0.00790606 -0.0119869 0.0716625 
0.0133264 -0.0224573 0.00205058 -0.00275902 -0.0224573 0.100724 -0.00276519 0.0077788 0.00205058 -0.00276519 0.00536173 -0.0120171 -0.00275902 0.0077788 -0.0120171 0.0717318 
0.0133716 -0.0224946 0.00202822 -0.0026857 -0.0224946 0.100787 -0.0027028 0.00758687 0.00202822 -0.0027028 0.00533526 -0.0120047 -0.0026857 0.00758687 -0.0120047 0.0717485 
0.0133443 -0.0225654 0.00203521 -0.00265199 -0.0225654 0.100965 -0.00267165 0.00745154 0.00203521 -0.00267165 0.00537302 -0.011977 -0.00265199 0.00745154 -0.011977 0.071732 
0.0133186 -0.0225119 0.00204235 -0.00269498 -0.0225119 0.100928 -0.00270128 0.00749341 0.00204235 -0.00270128 0.00538581 -0.0120345 -0.00269498 0.00749341 -0.0120345 0.0718121 
0.0133365 -0.0224852 0.00204337 -0.002688 -0.0224852 0.100857 -0.00268354 0.00747486 0.00204337 -0.00268354 0.00535153 -0.012042 -0.002688 0.00747486 -0.012042 0.0718637 
0.0132625 -0.0224641 0.00204548 -0.00271403 -0.0224641 0.100699 -0.00270799 0.00753644 0.00204548 -0.00270799 0.00539228 -0.0119963 -0.00271403 0.00753644 -0.0119963 0.071764 
0.0132675 -0.022401 0.0020565 -0.00272413 -0.022401 0.100617 -0.00271445 0.00758476 0.0020565 -0.00271445 0.00538684 -0.0120424 -0.00272413 0.00758476 -0.0120424 0.0718117 
0.0133094 -0.0224154 0.00201201 -0.00271972 -0.0224154 0.100611 -0.00270867 0.00757194 0.00201201 -0.00270867 0.0053577 -0.0120304 -0.00271972 0.00757194 -0.0120304 0.0718316 
0.0133537 -0.0224564 0.00193013 -0.00263775 -0.0224564 0.100633 -0.00263888 0.00742638 0.00193013 -0.00263888 0.00531537 -0.0119693 -0.00263775 0.00742638 -0.0119693 0.0716667 
0.0133964 -0.0225272 0.00185207 -0.00251143 -0.0225272 0.100784 -0.00252987 0.00715547 0.00185207 -0.00252987 0.00528373 -0.0119103 -0.00251143 0.00715547 -0.0119103 0.0714915 
0.0133853 -0.0225766 0.00179891 -0.00242796 -0.0225766 0.10093 -0.00245814 0.00693798 0.00179891 -0.00245814 0.00530678 -0.0118882 -0.00242796 0.00693798 -0.0118882 0.0714143 
0.0133818 -0.0225796 0.00172253 -0.00235 -0.0225796 0.101029 -0.00237922 0.00671599 0.00172253 -0.00237922 0.00532541 -0.0119239 -0.00235 0.00671599 -0.0119239 0.0714673 
0.0133678 -0.0225526 0.0017254 -0.00227308 -0.0225526 0.100974 -0.00229918 0.00652505 0.0017254 -0.00229918 0.0053481 -0.0119649 -0.00227308 0.00652505 -0.0119649 0.0715792 
0.0133212 -0.0225476 0.00175604 -0.00230453 -0.0225476 0.100998 -0.00231797 0.00650893 0.00175604 -0.00231797 0.00541797 -0.0120275 -0.00230453 0.00650893 -0.0120275 0.0718149 
0.0132647 -0.0224513 0.00178523 -0.00237204 -0.0224513 0.100774 -0.00236473 0.00663342 0.00178523 -0.00236473 0.00545373 -0.0121181 -0.00237204 0.00663342 -0.0121181 0.0720193 
0.0132639 -0.0223874 0.00180927 -0.00242462 -0.0223874 0.100601 -0.00240278 0.00677292 0.00180927 -0.00240278 0.00544035 -0.0121777 -0.00242462 0.00677292 -0.0121777 0.0722513 
0.0132964 -0.0223558 0.00178633 -0.00245147 -0.0223558 0.100403 -0.00243013 0.00686784 0.00178633 -0.00243013 0.00537379 -0.0121428 -0.00245147 0.00686784 -0.0121428 0.0722251 
0.013301 -0.0224228 0.00177411 -0.00241742 -0.0224228 0.100503 -0.00241412 0.00687274 0.00177411 -0.00241412 0.00535678 -0.0120535 -0.00241742 0.00687274 -0.0120535 0.0720875 
0.0133116 -0.0224682 0.00167594 -0.00231971 -0.0224682 0.100675 -0.00232983 0.00662987 0.00167594 -0.00232983 0.00534904 -0.0119755 -0.00231971 0.00662987 -0.0119755 0.0718128 
0.0133162 -0.0224477 0.00161395 -0.00222326 -0.0224477 0.100639 -0.00224109 0.00641862 0.00161395 -0.00224109 0.00533979 -0.0119626 -0.00222326 0.00641862 -0.0119626 0.0716482 
0.0133215 -0.0224622 0.00158675 -0.00214855 -0.0224622 0.100677 -0.00217295 0.00622365 0.00158675 -0.00217295 0.00534806 -0.0119663 -0.00214855 0.00622365 -0.0119663 0.0716411 
0.0133486 -0.0224361 0.00158527 -0.00212399 -0.0224361 0.100571 -0.00214508 0.00611384 0.00158527 -0.00214508 0.0053076 -0.011973 -0.00212399 0.00611384 -0.011973 0.071602 
0.0134113 -0.02251 0.00158738 -0.00212073 -0.02251 0.100745 -0.00213642 0.00606204 0.00158738 -0.00213642 0.00526479 -0.0119412 -0.00212073 0.00606204 -0.0119412 0.0716195 
0.0134388 -0.0225626 0.00155006 -0.00211405 -0.0225626 0.10082 -0.00212559 0.00602143 0.00155006 -0.00212559 0.00523853 -0.0118629 -0.00211405 0.00602143 -0.0118629 0.0714096 
0.0134308 -0.0225957 0.00154442 -0.00212034 -0.0225957 0.100927 -0.00213339 0.00608698 0.00154442 -0.00213339 0.00525457 -0.0118547 -0.00212034 0.00608698 -0.0118547 0.0713537 
0.0133922 -0.0226089 0.00152892 -0.00211242 -0.0226089 0.101051 -0.00212612 0.00609388 0.00152892 -0.00212612 0.00531151 -0.011889 -0.00211242 0.00609388 -0.011889 0.0714421 
0.0132908 -0.0225176 0.00153459 -0.00210972 -0.0225176 0.100854 -0.00212001 0.00610678 0.00153459 -0.00212001 0.00539814 -0.0119612 -0.00210972 0.00610678 -0.0119612 0.0715545 
0.0131936 -0.0224113 0.00156621 -0.00210918 -0.0224113 0.100648 -0.00210827 0.00608247 0.00156621 -0.00210827 0.00550481 -0.0120827 -0.00210918 0.00608247 -0.0120827 0.0718487 
0.0132001 -0.0222439 0.00162839 -0.00218217 -0.0222439 0.100207 -0.00216323 0.00620222 0.00162839 -0.00216323 0.00546896 -0.0122315 -0.00218217 0.00620222 -0.0122315 0.0721975 
0.01329 -0.0222847 0.00165952 -0.00223047 -0.0222847 0.100157 -0.00220623 0.00629342 0.00165952 -0.00220623 0.00537877 -0.0121939 -0.00223047 0.00629342 -0.0121939 0.0723511 
0.0133824 -0.0224185 0.001632 -0.00222218 -0.0224185 0.100394 -0.00221029 0.00627817 0.001632 -0.00221029 0.00529484 -0.0120418 -0.00222218 0.00627817 -0.0120418 0.0720813 
0.0134155 -0.0225492 0.00157503 -0.00215744 -0.0225492 0.100717 -0.0021635 0.0061569 0.00157503 -0.0021635 0.00528504 -0.0119003 -0.00215744 0.0061569 -0.0119003 0.0716587 
0.0133912 -0.0226099 0.00155891 -0.0021061 -0.0226099 0.101008 -0.00212306 0.00605902 0.00155891 -0.00212306 0.0053363 -0.0119048 -0.0021061 0.00605902 -0.0119048 0.0715402 
0.0133338 -0.0225386 0.00156182 -0.00211483 -0.0225386 0.10091 -0.00212674 0.00605499 0.00156182 -0.00212674 0.00537677 -0.0119856 -0.00211483 0.00605499 -0.0119856 0.0716236 
0.0133231 -0.0224982 0.00155463 -0.00209105 -0.0224982 0.100859 -0.00209131 0.00597209 0.00155463 -0.00209131 0.00540271 -0.0120494 -0.00209105 0.00597209 -0.0120494 0.0718358 
0.0132806 -0.0224691 0.00148009 -0.00204323 -0.0224691 0.100723 -0.00203589 0.00580638 0.00148009 -0.00203589 0.00545105 -0.0120582 -0.00204323 0.00580638 -0.0120582 0.0718682 
0.0133124 -0.0224378 0.0014715 -0.00199356 -0.0224378 0.100713 -0.00198553 0.00571707 0.0014715 -0.00198553 0.00544172 -0.0121618 -0.00199356 0.00571707 -0.0121618 0.0721494 
0.0133431 -0.0224045 0.00151653 -0.00201681 -0.0224045 0.100488 -0.0020111 0.00575469 0.00151653 -0.0020111 0.00539052 -0.0121616 -0.00201681 0.00575469 -0.0121616 0.0722222 
0.0134225 -0.0224774 0.00160325 -0.00210188 -0.0224774 0.100628 -0.00209744 0.00595047 0.00160325 -0.00209744 0.00532779 -0.0121254 -0.00210188 0.00595047 -0.0121254 0.0722841 
0.0134975 -0.0225815 0.00160484 -0.00218376 -0.0225815 0.100842 -0.00217691 0.00613032 0.00160484 -0.00217691 0.00525054 -0.0120177 -0.00218376 0.00613032 -0.0120177 0.0720646 
0.0135021 -0.0226734 0.00159041 -0.00219282 -0.0226734 0.101064 -0.00219443 0.00624932 0.00159041 -0.00219443 0.00523421 -0.0119074 -0.00219282 0.00624932 -0.0119074 0.0717562 
0.0134806 -0.0226972 0.00159503 -0.00219183 -0.0226972 0.101253 -0.00220232 0.00631749 0.00159503 -0.00220232 0.00524882 -0.0118961 -0.00219183 0.00631749 -0.0118961 0.0716513 
0.0134452 -0.0226523 0.00153631 -0.0021684 -0.0226523 0.101184 -0.00217925 0.00626254 0.00153631 -0.00217925 0.00526843 -0.0118899 -0.0021684 0.00626254 -0.0118899 0.0715439 
0.0134237 -0.0226137 0.0015421 -0.00210822 -0.0226137 0.101118 -0.00212234 0.00616714 0.0015421 -0.00212234 0.00528403 -0.0119269 -0.00210822 0.00616714 -0.0119269 0.0716033 
0.01342 -0.0225504 0.00157859 -0.00212982 -0.0225504 0.100907 -0.00214223 0.00616377 0.00157859 -0.00214223 0.00525614 -0.0119452 -0.00212982 0.00616377 -0.0119452 0.0716222 
