0.00433419 0 -0.00179553 0 0 0.00998275 0 0 -0.00179553 0 0.0117628 0 0 0 0 0.00998275 
0.00610443 -0.00768354 -0.00252536 0.00309318 -0.00768354 0.0238924 0.00309318 -0.00593082 -0.00252536 0.00309318 0.0165709 -0.0205019 0.00309318 -0.00593082 -0.0205019 0.0484706 
0.00704521 -0.0140894 -0.00235535 0.00359105 -0.0140894 0.0546322 0.00359105 -0.0113367 -0.00235535 0.00359105 0.0159761 -0.0289869 0.00359105 -0.0113367 -0.0289869 0.101668 
0.00702435 -0.0157752 -0.00221756 0.00272482 -0.0157752 0.0745185 0.00274128 -0.00913392 -0.00221756 0.00274128 0.0146672 -0.0261563 0.00272482 -0.00913392 -0.0261563 0.111025 
0.0067497 -0.0153622 -0.00228434 0.00261327 -0.0153622 0.0802498 0.00263754 -0.00754443 -0.00228434 0.00263754 0.0147002 -0.0244629 0.00261327 -0.00754443 -0.0244629 0.10818 
0.00668462 -0.014808 -0.00239672 0.00277211 -0.014808 0.0808591 0.00278591 -0.0073428 -0.00239672 0.00278591 0.0150558 -0.0245446 0.00277211 -0.0073428 -0.0245446 0.107122 
0.0065927 -0.0145606 -0.00239328 0.00293307 -0.0145606 0.080427 0.00293613 -0.00759707 -0.00239328 0.00293613 0.0153082 -0.0249483 0.00293307 -0.00759707 -0.0249483 0.107618 
0.00664413 -0.0144439 -0.00236391 0.0029245 -0.0144439 0.080149 0.00291893 -0.00766029 -0.00236391 0.00291893 0.0153791 -0.0251879 0.0029245 -0.00766029 -0.0251879 0.108182 
0.00667234 -0.0144943 -0.00235253 0.00288755 -0.0144943 0.0801533 0.00287877 -0.00759366 -0.00235253 0.00287877 0.0153947 -0.0252782 0.00288755 -0.00759366 -0.0252782 0.108567 
0.0065772 -0.0144852 -0.00237874 0.00287485 -0.0144852 0.0800851 0.00286734 -0.00754483 -0.00237874 0.00286734 0.015382 -0.0252799 0.00287485 -0.00754483 -0.0252799 0.108651 
0.00655213 -0.0143987 -0.00237437 0.00290404 -0.0143987 0.0800013 0.00289876 -0.00756974 -0.00237437 0.00289876 0.0153962 -0.0252802 0.00290404 -0.00756974 -0.0252802 0.108716 
0.00644403 -0.014308 -0.00236271 0.00290222 -0.014308 0.0796527 0.00289708 -0.00759653 -0.00236271 0.00289708 0.0153946 -0.0252582 0.00290222 -0.00759653 -0.0252582 0.108603 
0.00642673 -0.0142014 -0.00238397 0.00289549 -0.0142014 0.0794294 0.0028905 -0.00759448 -0.00238397 0.0028905 0.0153962 -0.0252857 0.00289549 -0.00759448 -0.0252857 0.108677 
0.00649609 -0.0142011 -0.00235926 0.00291834 -0.0142011 0.0793744 0.00291892 -0.00762817 -0.00235926 0.00291892 0.0154123 -0.0252861 0.00291834 -0.00762817 -0.0252861 0.108713 
0.00646914 -0.0142364 -0.00235811 0.00290003 -0.0142364 0.0793134 0.00290536 -0.00764966 -0.00235811 0.00290536 0.0154123 -0.0252878 0.00290003 -0.00764966 -0.0252878 0.108688 
0.00644432 -0.0142491 -0.00232747 0.00289082 -0.0142491 0.0794052 0.00289732 -0.00762479 -0.00232747 0.00289732 0.0154238 -0.025285 0.00289082 -0.00762479 -0.025285 0.108665 
0.00645572 -0.0142452 -0.00230089 0.00285378 -0.0142452 0.0794751 0.00285676 -0.00755166 -0.00230089 0.00285676 0.0154316 -0.0252977 0.00285378 -0.00755166 -0.0252977 0.108671 
0.00638619 -0.0142626 -0.00222934 0.00282412 -0.0142626 0.0795507 0.00282299 -0.00746965 -0.00222934 0.00282299 0.0154782 -0.025327 0.00282412 -0.00746965 -0.025327 0.108767 
0.00630888 -0.0141706 -0.00220213 0.00274321 -0.0141706 0.0794177 0.00273527 -0.00730778 -0.00220213 0.00273527 0.0154943 -0.0253702 0.00274321 -0.00730778 -0.0253702 0.108844 
0.00628291 -0.0140742 -0.00218991 0.00271217 -0.0140742 0.0792084 0.002702 -0.00718152 -0.00218991 0.002702 0.015503 -0.0253936 0.00271217 -0.00718152 -0.0253936 0.10893 
0.00625902 -0.0140241 -0.0022117 0.0027021 -0.0140241 0.079004 0.00269712 -0.00713861 -0.0022117 0.00269712 0.0154914 -0.0253936 0.0027021 -0.00713861 -0.0253936 0.108935 
0.00625112 -0.0139914 -0.00222601 0.00273349 -0.0139914 0.0788985 0.00273233 -0.00719004 -0.00222601 0.00273233 0.0154953 -0.0253967 0.00273349 -0.00719004 -0.0253967 0.108985 
0.00620986 -0.0139639 -0.00223959 0.00275287 -0.0139639 0.0787824 0.00275491 -0.00726181 -0.00223959 0.00275491 0.0154941 -0.0253934 0.00275287 -0.00726181 -0.0253934 0.108981 
0.00629769 -0.0139391 -0.00223551 0.00276167 -0.0139391 0.0787306 0.00276413 -0.00728479 -0.00223551 0.00276413 0.0154821 -0.0253759 0.00276167 -0.00728479 -0.0253759 0.10891 
0.00638312 -0.0140206 -0.00223587 0.00276075 -0.0140206 0.0787654 0.00276465 -0.00730399 -0.00223587 0.00276465 0.0154659 -0.0253537 0.00276075 -0.00730399 -0.0253537 0.108821 
0.00645078 -0.0141463 -0.00230751 0.00275852 -0.0141463 0.0790516 0.0027621 -0.00730469 -0.00230751 0.0027621 0.0154309 -0.0253568 0.00275852 -0.00730469 -0.0253568 0.108845 
0.00640031 -0.0142319 -0.00234896 0.00283973 -0.0142319 0.0793388 0.00284448 -0.00742608 -0.00234896 0.00284448 0.0154295 -0.0253368 0.00283973 -0.00742608 -0.0253368 0.108882 
0.00648145 -0.0142137 -0.00235346 0.00287655 -0.0142137 0.0794884 0.00287965 -0.00751743 -0.00235346 0.00287965 0.0154237 -0.0253212 0.00287655 -0.00751743 -0.0253212 0.108829 
0.00664171 -0.0143005 -0.00235895 0.00287612 -0.0143005 0.079611 0.00287645 -0.0075379 -0.00235895 0.00287645 0.0153982 -0.0252966 0.00287612 -0.0075379 -0.0252966 0.108729 
0.00668497 -0.0145092 -0.00235443 0.00288213 -0.0145092 0.0800427 0.00288507 -0.00755235 -0.00235443 0.00288507 0.0154094 -0.0252975 0.00288213 -0.00755235 -0.0252975 0.10877 
0.00660705 -0.0145487 -0.00232891 0.00287483 -0.0145487 0.0802578 0.0028806 -0.00755079 -0.00232891 0.0028806 0.0154268 -0.0252957 0.00287483 -0.00755079 -0.0252957 0.108746 
0.00646152 -0.0144386 -0.00236469 0.00284763 -0.0144386 0.0801048 0.00284873 -0.00750419 -0.00236469 0.00284873 0.0154034 -0.0252964 0.00284763 -0.00750419 -0.0252964 0.108689 
0.00637435 -0.0142716 -0.00237109 0.00289479 -0.0142716 0.0798203 0.00289243 -0.00755013 -0.00237109 0.00289243 0.015413 -0.0252997 0.00289479 -0.00755013 -0.0252997 0.108751 
0.0063418 -0.0141382 -0.0023679 0.00290552 -0.0141382 0.0794226 0.00289937 -0.00759589 -0.0023679 0.00289937 0.0154097 -0.0252902 0.00290552 -0.00759589 -0.0252902 0.108703 
0.00640819 -0.0140889 -0.00234851 0.00290262 -0.0140889 0.0791816 0.00289356 -0.00760095 -0.00234851 0.00289356 0.0154148 -0.025293 0.00290262 -0.00760095 -0.025293 0.108702 
0.00653247 -0.0141751 -0.0023553 0.00287434 -0.0141751 0.079231 0.00286736 -0.00755436 -0.0023553 0.00286736 0.0154012 -0.0252975 0.00287434 -0.00755436 -0.0252975 0.108708 
0.0065891 -0.0143316 -0.00239362 0.00288183 -0.0143316 0.0795449 0.00288102 -0.00755255 -0.00239362 0.00288102 0.0153925 -0.025306 0.00288183 -0.00755255 -0.025306 0.108787 
0.00661021 -0.0144351 -0.00238237 0.00291451 -0.0144351 0.0798768 0.00292125 -0.00759561 -0.00238237 0.00292125 0.0153908 -0.0252676 0.00291451 -0.00759561 -0.0252676 0.108686 
0.006684 -0.0144741 -0.00241695 0.00289954 -0.0144741 0.0800659 0.00290927 -0.00760005 -0.00241695 0.00290927 0.0153524 -0.0252508 0.00289954 -0.00760005 -0.0252508 0.108579 
0.0066702 -0.014565 -0.00241845 0.00294399 -0.014565 0.0803026 0.00295466 -0.00767052 -0.00241845 0.00295466 0.0153634 -0.0252384 0.00294399 -0.00767052 -0.0252384 0.108606 
0.00673987 -0.0145407 -0.00239016 0.00294724 -0.0145407 0.0803272 0.00295562 -0.00771226 -0.00239016 0.00295562 0.0153688 -0.0252277 0.00294724 -0.00771226 -0.0252277 0.108532 
0.00677086 -0.0146342 -0.00231586 0.00292078 -0.0146342 0.0805106 0.00292735 -0.00768776 -0.00231586 0.00292735 0.0154211 -0.025264 0.00292078 -0.00768776 -0.025264 0.108644 
0.00671555 -0.0146796 -0.00222294 0.0028292 -0.0146796 0.0806384 0.00283041 -0.00752157 -0.00222294 0.00283041 0.0154599 -0.0252927 0.0028292 -0.00752157 -0.0252927 0.10865 
0.00671168 -0.0146487 -0.00218339 0.00272385 -0.0146487 0.0807367 0.00271578 -0.00727296 -0.00218339 0.00271578 0.0154934 -0.0253709 0.00272385 -0.00727296 -0.0253709 0.108865 
0.00662446 -0.0146163 -0.0021729 0.00267613 -0.0146163 0.0806498 0.00266535 -0.00709519 -0.0021729 0.00266535 0.015506 -0.0254014 0.00267613 -0.00709519 -0.0254014 0.108978 
0.0065373 -0.0145006 -0.00215038 0.00266527 -0.0145006 0.0804173 0.00265292 -0.00701925 -0.00215038 0.00265292 0.0155191 -0.0254112 0.00266527 -0.00701925 -0.0254112 0.109016 
0.00645072 -0.0143585 -0.00221409 0.0026481 -0.0143585 0.0800385 0.00263715 -0.0069859 -0.00221409 0.00263715 0.0154961 -0.0254293 0.0026481 -0.0069859 -0.0254293 0.109065 
0.00639313 -0.0142391 -0.0022416 0.00272174 -0.0142391 0.0796702 0.00271742 -0.00708838 -0.0022416 0.00271742 0.0154818 -0.0253913 0.00272174 -0.00708838 -0.0253913 0.109002 
0.00631841 -0.0141349 -0.00224633 0.00276514 -0.0141349 0.079294 0.00277064 -0.00724417 -0.00224633 0.00277064 0.0154729 -0.0253587 0.00276514 -0.00724417 -0.0253587 0.108881 
0.00634233 -0.0140763 -0.00224315 0.00277737 -0.0140763 0.0791625 0.0027856 -0.00732914 -0.00224315 0.0027856 0.0154872 -0.0253782 0.00277737 -0.00732914 -0.0253782 0.108944 
0.00628446 -0.0140952 -0.00218282 0.00277021 -0.0140952 0.0790874 0.00277726 -0.00734238 -0.00218282 0.00277726 0.0155075 -0.0253647 0.00277021 -0.00734238 -0.0253647 0.108873 
0.00625134 -0.0140376 -0.00215625 0.00270146 -0.0140376 0.0790135 0.00269946 -0.00723108 -0.00215625 0.00269946 0.0155183 -0.0253943 0.00270146 -0.00723108 -0.0253943 0.108901 
0.00628794 -0.0139964 -0.00222706 0.00266595 -0.0139964 0.0789197 0.00265656 -0.0071025 -0.00222706 0.00265656 0.0154841 -0.0254161 0.00266595 -0.0071025 -0.0254161 0.108973 
0.00645164 -0.0140423 -0.00235822 0.00273985 -0.0140423 0.0789508 0.00273543 -0.00715802 -0.00235822 0.00273543 0.0154025 -0.0253715 0.00273985 -0.00715802 -0.0253715 0.108917 
0.00656627 -0.0142469 -0.00242435 0.00288755 -0.0142469 0.0793079 0.00289734 -0.0074418 -0.00242435 0.00289734 0.0153655 -0.0252861 0.00288755 -0.0074418 -0.0252861 0.108773 
0.00654529 -0.0143954 -0.00238131 0.00296745 -0.0143954 0.0797345 0.00298295 -0.00770588 -0.00238131 0.00298295 0.0154002 -0.0252504 0.00296745 -0.00770588 -0.0252504 0.108684 
0.00649107 -0.0143537 -0.00240361 0.00292002 -0.0143537 0.0797961 0.00292646 -0.0077196 -0.00240361 0.00292646 0.0153921 -0.0252821 0.00292002 -0.0077196 -0.0252821 0.108679 
0.00640838 -0.0142689 -0.00246563 0.00294223 -0.0142689 0.0796177 0.00294236 -0.00771436 -0.00246563 0.00294236 0.0153555 -0.0252666 0.00294223 -0.00771436 -0.0252666 0.108645 
0.00632813 -0.0141539 -0.00254247 0.00301946 -0.0141539 0.0793527 0.00301889 -0.00784373 -0.00254247 0.00301889 0.015318 -0.0252327 0.00301946 -0.00784373 -0.0252327 0.108598 
0.00625907 -0.0140367 -0.00257402 0.00311029 -0.0140367 0.079025 0.00311188 -0.00804847 -0.00257402 0.00311188 0.015301 -0.0251792 0.00311029 -0.00804847 -0.0251792 0.108472 
0.00624924 -0.0139441 -0.00257289 0.00315485 -0.0139441 0.0787553 0.00315522 -0.00820634 -0.00257289 0.00315522 0.0153058 -0.025167 0.00315485 -0.00820634 -0.025167 0.108423 
0.00618847 -0.0139103 -0.00253664 0.00315488 -0.0139103 0.0785477 0.00315376 -0.00826162 -0.00253664 0.00315376 0.0153251 -0.0251631 0.00315488 -0.00826162 -0.0251631 0.108377 
0.00617082 -0.0138362 -0.00256428 0.00311766 -0.0138362 0.0783907 0.00311173 -0.00821918 -0.00256428 0.00311173 0.015319 -0.0252041 0.00311766 -0.00821918 -0.0252041 0.108475 
0.00607942 -0.0137628 -0.00260574 0.00314834 -0.0137628 0.0780971 0.00314278 -0.00823928 -0.00260574 0.00314278 0.0152962 -0.0251792 0.00314834 -0.00823928 -0.0251792 0.108433 
0.00610183 -0.0136962 -0.00263123 0.00319837 -0.0136962 0.0779896 0.00319689 -0.00833258 -0.00263123 0.00319689 0.0152853 -0.0251651 0.00319837 -0.00833258 -0.0251651 0.108425 
0.00609565 -0.0136794 -0.00258586 0.00323091 -0.0136794 0.0778131 0.00323398 -0.00843994 -0.00258586 0.00323398 0.0153024 -0.0251302 0.00323091 -0.00843994 -0.0251302 0.10831 
0.0060551 -0.013691 -0.00256451 0.00318322 -0.013691 0.0778268 0.00318348 -0.00841226 -0.00256451 0.00318348 0.0153243 -0.025168 0.00318322 -0.00841226 -0.025168 0.10837 
0.00592658 -0.0136165 -0.00255629 0.00315688 -0.0136165 0.0776666 0.00315313 -0.00834027 -0.00255629 0.00315313 0.0153369 -0.0251881 0.00315688 -0.00834027 -0.0251881 0.108414 
0.00588838 -0.0134681 -0.00255918 0.00314746 -0.0134681 0.0773725 0.00314033 -0.00829011 -0.00255918 0.00314033 0.0153262 -0.0251881 0.00314746 -0.00829011 -0.0251881 0.108394 
0.00592708 -0.0134229 -0.002577 0.00315688 -0.0134229 0.0772057 0.00315064 -0.0082923 -0.002577 0.00315064 0.0153195 -0.0251983 0.00315688 -0.0082923 -0.0251983 0.108458 
0.0060295 -0.0134583 -0.00268599 0.00317693 -0.0134583 0.077192 0.00317343 -0.00833536 -0.00268599 0.00317343 0.015255 -0.0251937 0.00317693 -0.00833536 -0.0251937 0.108485 
0.00598783 -0.0135508 -0.00274825 0.00329816 -0.0135508 0.0772797 0.00330718 -0.00854964 -0.00274825 0.00330718 0.0152253 -0.0251122 0.00329816 -0.00854964 -0.0251122 0.108356 
0.00588643 -0.0134942 -0.00278254 0.0033741 -0.0134942 0.0772062 0.00338972 -0.0087806 -0.00278254 0.00338972 0.0151957 -0.0250436 0.0033741 -0.0087806 -0.0250436 0.108103 
0.00581301 -0.0133911 -0.002751 0.00342728 -0.0133911 0.0770866 0.00344069 -0.0089556 -0.002751 0.00344069 0.0152313 -0.0250403 0.00342728 -0.0089556 -0.0250403 0.10809 
0.00575663 -0.0132893 -0.00268197 0.00339986 -0.0132893 0.0768509 0.00340279 -0.0089747 -0.00268197 0.00340279 0.0152849 -0.0250808 0.00339986 -0.0089747 -0.0250808 0.108155 
0.00572009 -0.0132009 -0.00261592 0.00331753 -0.0132009 0.0765516 0.00331037 -0.00882625 -0.00261592 0.00331037 0.0153147 -0.0251192 0.00331753 -0.00882625 -0.0251192 0.108177 
0.0057076 -0.0131693 -0.00253888 0.00324086 -0.0131693 0.0764164 0.00322916 -0.00863295 -0.00253888 0.00322916 0.0153553 -0.0251643 0.00324086 -0.00863295 -0.0251643 0.108285 
0.00572269 -0.0131493 -0.00251733 0.00315203 -0.0131493 0.0763289 0.00313958 -0.00842469 -0.00251733 0.00313958 0.0153662 -0.0252141 0.00315203 -0.00842469 -0.0252141 0.108405 
0.00583256 -0.013219 -0.0025176 0.00311936 -0.013219 0.076516 0.00311107 -0.00828251 -0.0025176 0.00311107 0.01537 -0.0252457 0.00311936 -0.00828251 -0.0252457 0.10855 
0.00583636 -0.0133198 -0.0025504 0.00312001 -0.0133198 0.0766769 0.0031185 -0.00825663 -0.0025504 0.0031185 0.0153529 -0.0252372 0.00312001 -0.00825663 -0.0252372 0.108558 
0.00588045 -0.0133646 -0.00257519 0.00315025 -0.0133646 0.0768878 0.00315351 -0.00828994 -0.00257519 0.00315351 0.0153311 -0.0252098 0.00315025 -0.00828994 -0.0252098 0.108494 
0.00580292 -0.0133911 -0.00256939 0.00318452 -0.0133911 0.07697 0.00318973 -0.00837922 -0.00256939 0.00318973 0.0153458 -0.0251977 0.00318452 -0.00837922 -0.0251977 0.108485 
0.00573735 -0.0133159 -0.00250498 0.00317984 -0.0133159 0.0769245 0.00318143 -0.00839765 -0.00250498 0.00318143 0.0153885 -0.0252148 0.00317984 -0.00839765 -0.0252148 0.108507 
0.00568737 -0.0132211 -0.00242731 0.00310926 -0.0132211 0.076717 0.00310487 -0.00829065 -0.00242731 0.00310487 0.0154338 -0.0252636 0.00310926 -0.00829065 -0.0252636 0.108596 
0.00565551 -0.0131465 -0.00237097 0.00301705 -0.0131465 0.0764562 0.00300653 -0.008084 -0.00237097 0.00300653 0.0154485 -0.0252929 0.00301705 -0.008084 -0.0252929 0.108615 
0.00554245 -0.0130715 -0.00241667 0.00296282 -0.0130715 0.076196 0.00295064 -0.00793494 -0.00241667 0.00295064 0.0154383 -0.0253322 0.00296282 -0.00793494 -0.0253322 0.10874 
0.00540158 -0.0129135 -0.0024699 0.00302058 -0.0129135 0.0758385 0.0030148 -0.00798309 -0.0024699 0.0030148 0.0154286 -0.0253238 0.00302058 -0.00798309 -0.0253238 0.108791 
0.00539096 -0.0127422 -0.0025073 0.00308399 -0.0127422 0.0754247 0.00308467 -0.00812367 -0.0025073 0.00308467 0.0154047 -0.0252922 0.00308399 -0.00812367 -0.0252922 0.108704 
0.00538521 -0.0126968 -0.00248525 0.00313447 -0.0126968 0.0751187 0.00314024 -0.00828088 -0.00248525 0.00314024 0.0154086 -0.0252564 0.00313447 -0.00828088 -0.0252564 0.108594 
0.00544217 -0.0127244 -0.00241194 0.00310805 -0.0127244 0.0751357 0.00311265 -0.00829681 -0.00241194 0.00311265 0.0154421 -0.0252734 0.00310805 -0.00829681 -0.0252734 0.108606 
0.00548547 -0.0128146 -0.00230752 0.00302265 -0.0128146 0.0753399 0.00301985 -0.00815104 -0.00230752 0.00301985 0.0154989 -0.0253316 0.00302265 -0.00815104 -0.0253316 0.108754 
0.00548552 -0.0128419 -0.00227974 0.00289485 -0.0128419 0.0753693 0.00288315 -0.00787137 -0.00227974 0.00288315 0.0154923 -0.0253584 0.00289485 -0.00787137 -0.0253584 0.108751 
0.00544477 -0.0128664 -0.00229937 0.00285941 -0.0128664 0.0754875 0.00284976 -0.00769207 -0.00229937 0.00284976 0.0154901 -0.0253781 0.00285941 -0.00769207 -0.0253781 0.108852 
0.00542957 -0.012835 -0.00223266 0.00287915 -0.012835 0.0755167 0.00287641 -0.00767002 -0.00223266 0.00287641 0.0155154 -0.0253684 0.00287915 -0.00767002 -0.0253684 0.108855 
0.00541938 -0.0127956 -0.00227699 0.00281139 -0.0127956 0.0754103 0.00280894 -0.00759005 -0.00227699 0.00280894 0.0154941 -0.0253902 0.00281139 -0.00759005 -0.0253902 0.108866 
0.00545974 -0.0127992 -0.00237096 0.00285398 -0.0127992 0.0754119 0.00285554 -0.00759848 -0.00237096 0.00285554 0.0154507 -0.0253723 0.00285398 -0.00759848 -0.0253723 0.108865 
0.00545938 -0.0128383 -0.00237011 0.00296954 -0.0128383 0.0754566 0.00298485 -0.00782204 -0.00237011 0.00298485 0.0154519 -0.0253155 0.00296954 -0.00782204 -0.0253155 0.108761 
0.00538958 -0.0128178 -0.00227483 0.00298504 -0.0128178 0.0754079 0.00299983 -0.00797834 -0.00227483 0.00299983 0.0154896 -0.0253069 0.00298504 -0.00797834 -0.0253069 0.108679 
0.00535777 -0.0127297 -0.00223411 0.00287857 -0.0127297 0.0752492 0.00287957 -0.00785097 -0.00223411 0.00287957 0.0155085 -0.0253586 0.00287857 -0.00785097 -0.0253586 0.108749 
0.00537542 -0.0127144 -0.00224122 0.00281797 -0.0127144 0.0752003 0.00280974 -0.00764699 -0.00224122 0.00280974 0.0155091 -0.02539 0.00281797 -0.00764699 -0.02539 0.108856 
0.00543676 -0.0127362 -0.00228239 0.00282883 -0.0127362 0.0752379 0.00282541 -0.00759898 -0.00228239 0.00282541 0.0154996 -0.0254009 0.00282883 -0.00759898 -0.0254009 0.108942 
0.00547459 -0.0128168 -0.00218906 0.00287388 -0.0128168 0.0753771 0.00287789 -0.00767132 -0.00218906 0.00287789 0.0155272 -0.0253771 0.00287388 -0.00767132 -0.0253771 0.108906 
0.00544054 -0.01288 -0.00210937 0.00277102 -0.01288 0.0755678 0.00277252 -0.00756018 -0.00210937 0.00277252 0.0155539 -0.0254094 0.00277102 -0.00756018 -0.0254094 0.108938 
0.00538025 -0.0128474 -0.00208279 0.0026773 -0.0128474 0.075601 0.00267271 -0.00733642 -0.00208279 0.00267271 0.0155627 -0.0254372 0.0026773 -0.00733642 -0.0254372 0.108996 
0.00537161 -0.0127722 -0.00208611 0.00263822 -0.0127722 0.0754674 0.00263308 -0.00717293 -0.00208611 0.00263308 0.0155516 -0.0254286 0.00263822 -0.00717293 -0.0254286 0.108952 
0.00538229 -0.0127647 -0.00201753 0.00264927 -0.0127647 0.075446 0.00264626 -0.00715062 -0.00201753 0.00264626 0.0155883 -0.0254537 0.00264927 -0.00715062 -0.0254537 0.109066 
0.00535847 -0.0127571 -0.00191217 0.00257691 -0.0127571 0.0753759 0.00257014 -0.00705259 -0.00191217 0.00257014 0.0156181 -0.0254813 0.00257691 -0.00705259 -0.0254813 0.109117 
0.0053133 -0.0127321 -0.00185536 0.00245075 -0.0127321 0.0753149 0.00243636 -0.00679501 -0.00185536 0.00243636 0.015631 -0.0255151 0.00245075 -0.00679501 -0.0255151 0.109188 
0.00524539 -0.012672 -0.00185017 0.0023861 -0.012672 0.075186 0.00237089 -0.00658103 -0.00185017 0.00237089 0.0156363 -0.0255316 0.0023861 -0.00658103 -0.0255316 0.10925 
0.0051826 -0.0125681 -0.00181409 0.00237419 -0.0125681 0.0749054 0.00236359 -0.00648848 -0.00181409 0.00236359 0.0156268 -0.025508 0.00237419 -0.00648848 -0.025508 0.109149 
0.00520243 -0.0125101 -0.00178453 0.00233523 -0.0125101 0.0747986 0.00232699 -0.00641173 -0.00178453 0.00232699 0.0156532 -0.0255498 0.00233523 -0.00641173 -0.0255498 0.109311 
0.00528923 -0.0125255 -0.00180055 0.00228548 -0.0125255 0.0747206 0.00227788 -0.00628459 -0.00180055 0.00227788 0.0156391 -0.0255444 0.00228548 -0.00628459 -0.0255444 0.109269 
0.00536837 -0.012651 -0.00178651 0.00230349 -0.012651 0.0749438 0.00230119 -0.00626655 -0.00178651 0.00230119 0.0156464 -0.0255483 0.00230349 -0.00626655 -0.0255483 0.109312 
0.0053587 -0.0127253 -0.00180258 0.00231228 -0.0127253 0.0751075 0.00231331 -0.00632816 -0.00180258 0.00231331 0.0156317 -0.0255438 0.00231228 -0.00632816 -0.0255438 0.109298 
0.00527475 -0.0127046 -0.00183849 0.00233789 -0.0127046 0.0751086 0.00234267 -0.00640049 -0.00183849 0.00234267 0.0156133 -0.0255112 0.00233789 -0.00640049 -0.0255112 0.109209 
0.00532051 -0.0126406 -0.00183896 0.00235674 -0.0126406 0.0750878 0.00236485 -0.00643079 -0.00183896 0.00236485 0.0156095 -0.0254999 0.00235674 -0.00643079 -0.0254999 0.109171 
0.00526961 -0.012649 -0.00183074 0.00237669 -0.012649 0.0749613 0.0023862 -0.00651067 -0.00183074 0.0023862 0.0156034 -0.0254744 0.00237669 -0.00651067 -0.0254744 0.109065 
0.00521701 -0.0126026 -0.00185838 0.00237223 -0.0126026 0.074915 0.00237608 -0.00653241 -0.00185838 0.00237608 0.0156036 -0.0254925 0.00237223 -0.00653241 -0.0254925 0.109117 
0.00522738 -0.0125456 -0.00181036 0.00238163 -0.0125456 0.0748008 0.00238358 -0.0065112 -0.00181036 0.00238358 0.0156018 -0.0254747 0.00238163 -0.0065112 -0.0254747 0.109057 
0.00520246 -0.0125351 -0.00175939 0.00234513 -0.0125351 0.0746991 0.00234461 -0.00647802 -0.00175939 0.00234461 0.0156091 -0.0254777 0.00234513 -0.00647802 -0.0254777 0.109057 
0.00517321 -0.012514 -0.0017451 0.00229545 -0.012514 0.0746941 0.00229193 -0.00638734 -0.0017451 0.00229193 0.0156237 -0.0255167 0.00229545 -0.00638734 -0.0255167 0.109207 
0.00511511 -0.0124373 -0.00174498 0.00228006 -0.0124373 0.0744309 0.00227718 -0.0063262 -0.00174498 0.00227718 0.0155926 -0.0254716 0.00228006 -0.0063262 -0.0254716 0.109041 
0.00512035 -0.0123933 -0.0017279 0.00226582 -0.0123933 0.0743541 0.00226668 -0.00627089 -0.0017279 0.00226668 0.0155949 -0.0254691 0.00226582 -0.00627089 -0.0254691 0.109047 
0.00515123 -0.0124076 -0.00168909 0.00224776 -0.0124076 0.074379 0.00225019 -0.00623419 -0.00168909 0.00225019 0.015612 -0.02549 0.00224776 -0.00623419 -0.02549 0.109131 
0.00516965 -0.0124453 -0.00169038 0.00220538 -0.0124453 0.0744426 0.0022052 -0.00615574 -0.00169038 0.0022052 0.0156179 -0.0254976 0.00220538 -0.00615574 -0.0254976 0.109149 
0.0051591 -0.0124442 -0.00175941 0.00221244 -0.0124442 0.0743838 0.00221294 -0.0061388 -0.00175941 0.00221294 0.0155824 -0.0254646 0.00221244 -0.0061388 -0.0254646 0.109005 
0.00511834 -0.0124634 -0.00169867 0.00228882 -0.0124634 0.0745107 0.00229372 -0.00625393 -0.00169867 0.00229372 0.0156202 -0.025479 0.00228882 -0.00625393 -0.025479 0.109109 
0.00507179 -0.0123929 -0.00169828 0.00222026 -0.0123929 0.074367 0.00221947 -0.00620876 -0.00169828 0.00221947 0.0156161 -0.0254805 0.00222026 -0.00620876 -0.0254805 0.109036 
0.00506484 -0.012337 -0.00169538 0.00220669 -0.012337 0.0742318 0.00219919 -0.00611795 -0.00169538 0.00219919 0.015621 -0.0254952 0.00220669 -0.00611795 -0.0254952 0.109075 
0.0050443 -0.0123253 -0.00166347 0.00220646 -0.0123253 0.0741809 0.00219848 -0.00609265 -0.00166347 0.00219848 0.015642 -0.0255234 0.00220646 -0.00609265 -0.0255234 0.109193 
0.00504204 -0.0122861 -0.001642 0.00216931 -0.0122861 0.0740573 0.00216037 -0.00602814 -0.001642 0.00216037 0.0156446 -0.0255251 0.00216931 -0.00602814 -0.0255251 0.109185 
0.00515412 -0.0123135 -0.00170263 0.00212812 -0.0123135 0.0741405 0.00211898 -0.00590828 -0.00170263 0.00211898 0.0156508 -0.0255626 0.00212812 -0.00590828 -0.0255626 0.109323 
0.00525122 -0.0124468 -0.00174887 0.00219551 -0.0124468 0.0743449 0.00219416 -0.00597053 -0.00174887 0.00219416 0.0156429 -0.0255512 0.00219551 -0.00597053 -0.0255512 0.109315 
0.00529669 -0.0125688 -0.00175857 0.00225667 -0.0125688 0.0745987 0.00226382 -0.00613191 -0.00175857 0.00226382 0.0156244 -0.0255163 0.00225667 -0.00613191 -0.0255163 0.10919 
0.0053508 -0.0126539 -0.00178187 0.00226632 -0.0126539 0.0748903 0.00227253 -0.0062051 -0.00178187 0.00227253 0.0156176 -0.0255054 0.00226632 -0.0062051 -0.0255054 0.109144 
0.00533486 -0.0127129 -0.00185846 0.00231296 -0.0127129 0.0750996 0.00231822 -0.00632282 -0.00185846 0.00231822 0.0156088 -0.0255188 0.00231296 -0.00632282 -0.0255188 0.109215 
0.00529462 -0.0126962 -0.00188082 0.00238611 -0.0126962 0.0751153 0.00239535 -0.00646059 -0.00188082 0.00239535 0.0155881 -0.0254707 0.00238611 -0.00646059 -0.0254707 0.10907 
0.00531265 -0.0126795 -0.00186639 0.00241193 -0.0126795 0.0752152 0.00242207 -0.00656105 -0.00186639 0.00242207 0.0156178 -0.0255011 0.00241193 -0.00656105 -0.0255011 0.109194 
0.00538777 -0.0126918 -0.00181956 0.00237863 -0.0126918 0.0751806 0.00238256 -0.00651344 -0.00181956 0.00238256 0.0156142 -0.0254836 0.00237863 -0.00651344 -0.0254836 0.109078 
0.00540164 -0.0127948 -0.00179604 0.00234069 -0.0127948 0.0754031 0.00233828 -0.00644271 -0.00179604 0.00233828 0.0156436 -0.0255322 0.00234069 -0.00644271 -0.0255322 0.109248 
0.00540829 -0.0128226 -0.00177728 0.00230361 -0.0128226 0.0755469 0.0022971 -0.00633429 -0.00177728 0.0022971 0.0156467 -0.025546 0.00230361 -0.00633429 -0.025546 0.109289 
0.00540712 -0.0128384 -0.00170362 0.00227795 -0.0128384 0.0756314 0.00227066 -0.00624703 -0.00170362 0.00227066 0.0156622 -0.0255525 0.00227795 -0.00624703 -0.0255525 0.109319 
0.00545643 -0.0128346 -0.00169402 0.0021932 -0.0128346 0.0756324 0.00218442 -0.00608565 -0.00169402 0.00218442 0.0156554 -0.0255599 0.0021932 -0.00608565 -0.0255599 0.10931 
0.0055103 -0.0128743 -0.00170166 0.00218365 -0.0128743 0.0756263 0.00217833 -0.00600479 -0.00170166 0.00217833 0.0156319 -0.0255337 0.00218365 -0.00600479 -0.0255337 0.10922 
0.00553884 -0.0129673 -0.00170103 0.00220039 -0.0129673 0.075866 0.00220145 -0.00603163 -0.00170103 0.00220145 0.0156447 -0.0255465 0.00220039 -0.00603163 -0.0255465 0.109312 
0.0054754 -0.0129963 -0.00162351 0.00219987 -0.0129963 0.0759551 0.00220464 -0.006052 -0.00162351 0.00220464 0.0156464 -0.0255185 0.00219987 -0.006052 -0.0255185 0.109198 
0.00546838 -0.0129505 -0.00159308 0.0021112 -0.0129505 0.0760192 0.00210978 -0.00591879 -0.00159308 0.00210978 0.0156653 -0.0255604 0.0021112 -0.00591879 -0.0255604 0.109317 
0.00544693 -0.0129175 -0.00155674 0.00206973 -0.0129175 0.075896 0.00206394 -0.00577264 -0.00155674 0.00206394 0.0156639 -0.0255508 0.00206973 -0.00577264 -0.0255508 0.109276 
0.00539528 -0.0128678 -0.00160977 0.00203861 -0.0128678 0.0757237 0.00203226 -0.00569144 -0.00160977 0.00203226 0.0156469 -0.0255427 0.00203861 -0.00569144 -0.0255427 0.109221 
0.00536901 -0.0128125 -0.00167127 0.00209002 -0.0128125 0.0756036 0.00208741 -0.00572795 -0.00167127 0.00208741 0.0156432 -0.0255362 0.00209002 -0.00572795 -0.0255362 0.10922 
