0.00904709 0 0.00233783 0 0 0.00998035 0 0 0.00233783 0 0.00445891 0 0 0 0 0.00998035 
0.0128845 -0.015959 0.00313335 -0.00385581 -0.015959 0.0397666 -0.00385581 0.00739298 0.00313335 -0.00385581 0.00625244 -0.00778188 -0.00385581 0.00739298 -0.00778188 0.0240862 
0.0126223 -0.0231421 0.00287379 -0.00481448 -0.0231421 0.0830281 -0.00481448 0.0153242 0.00287379 -0.00481448 0.00642417 -0.0122761 -0.00481448 0.0153242 -0.0122761 0.0483111 
0.0117325 -0.0215988 0.00267352 -0.00381097 -0.0215988 0.0941898 -0.00379327 0.0136631 0.00267352 -0.00379327 0.00624039 -0.0131911 -0.00381097 0.0136631 -0.0131911 0.0626428 
0.0117772 -0.020599 0.00277735 -0.00342823 -0.020599 0.0951355 -0.00340103 0.0108065 0.00277735 -0.00340103 0.00621964 -0.0133874 -0.00342823 0.0108065 -0.0133874 0.0702648 
0.0121084 -0.0207071 0.00290723 -0.00356933 -0.0207071 0.0957983 -0.00355293 0.00989786 0.00290723 -0.00355293 0.00621701 -0.0133583 -0.00356933 0.00989786 -0.0133583 0.0737183 
0.0123313 -0.0210735 0.00292409 -0.00371076 -0.0210735 0.0967242 -0.00371349 0.00992605 0.00292409 -0.00371349 0.00618581 -0.0131603 -0.00371076 0.00992605 -0.0131603 0.0745277 
0.0124599 -0.0212853 0.00294263 -0.00377747 -0.0212853 0.0974246 -0.00379434 0.0101804 0.00294263 -0.00379434 0.00614744 -0.0130355 -0.00377747 0.0101804 -0.0130355 0.0745105 
0.0125136 -0.0213905 0.0029517 -0.00380334 -0.0213905 0.0977335 -0.00382431 0.0103292 0.0029517 -0.00382431 0.00612817 -0.0129294 -0.00380334 0.0103292 -0.0129294 0.0741889 
0.0125383 -0.0214889 0.00292202 -0.00376547 -0.0214889 0.0980189 -0.00378185 0.0102575 0.00292202 -0.00378185 0.00612831 -0.0128502 -0.00376547 0.0102575 -0.0128502 0.0738325 
0.0125165 -0.0215507 0.0028935 -0.00374423 -0.0215507 0.0983125 -0.00375101 0.010191 0.0028935 -0.00375101 0.00619982 -0.0128833 -0.00374423 0.010191 -0.0128833 0.0738352 
0.0124554 -0.0214779 0.00291726 -0.0037486 -0.0214779 0.0982294 -0.00374364 0.0101986 0.00291726 -0.00374364 0.00627673 -0.0130224 -0.0037486 0.0101986 -0.0130224 0.0741121 
0.0124714 -0.0213844 0.00288459 -0.00375331 -0.0213844 0.0979665 -0.00373666 0.0101579 0.00288459 -0.00373666 0.00625138 -0.0131139 -0.00375331 0.0101579 -0.0131139 0.0743427 
0.0124751 -0.0213885 0.00289488 -0.00376322 -0.0213885 0.0978776 -0.00375344 0.0102309 0.00289488 -0.00375344 0.0062587 -0.0131549 -0.00376322 0.0102309 -0.0131549 0.074639 
0.0125055 -0.0214354 0.00291368 -0.00375017 -0.0214354 0.0980287 -0.00375506 0.0102231 0.00291368 -0.00375506 0.00626404 -0.013167 -0.00375017 0.0102231 -0.013167 0.0748096 
0.0125399 -0.021486 0.00291215 -0.00372831 -0.021486 0.0981689 -0.00373935 0.0101341 0.00291215 -0.00373935 0.00624419 -0.0131366 -0.00372831 0.0101341 -0.0131366 0.0747555 
0.0125714 -0.0215468 0.00289551 -0.00369923 -0.0215468 0.0983299 -0.0037082 0.01002 0.00289551 -0.0037082 0.00621825 -0.0130877 -0.00369923 0.01002 -0.0130877 0.0746113 
0.0125901 -0.0215944 0.00288995 -0.00367024 -0.0215944 0.098479 -0.00367544 0.0099141 0.00288995 -0.00367544 0.00619388 -0.0130482 -0.00367024 0.0099141 -0.0130482 0.0744764 
0.0126348 -0.0215787 0.00290517 -0.00371817 -0.0215787 0.0984564 -0.00371836 0.0100038 0.00290517 -0.00371836 0.00614115 -0.0130631 -0.00371817 0.0100038 -0.0130631 0.0745 
0.0126966 -0.021672 0.00288909 -0.00371786 -0.021672 0.0986677 -0.00372056 0.0100276 0.00288909 -0.00372056 0.00609732 -0.0129941 -0.00371786 0.0100276 -0.0129941 0.0744391 
0.0126181 -0.0217222 0.00287143 -0.00368683 -0.0217222 0.0987578 -0.00369776 0.00998562 0.00287143 -0.00369776 0.00616185 -0.0129135 -0.00368683 0.00998562 -0.0129135 0.0741876 
0.012583 -0.0216553 0.0028878 -0.00367558 -0.0216553 0.0987721 -0.00367935 0.0099499 0.0028878 -0.00367935 0.00618919 -0.013009 -0.00367558 0.0099499 -0.013009 0.0742945 
0.0125978 -0.0216179 0.00288524 -0.0036823 -0.0216179 0.0987089 -0.00367373 0.00990917 0.00288524 -0.00367373 0.00616959 -0.0130439 -0.0036823 0.00990917 -0.0130439 0.0744372 
0.0126255 -0.0215853 0.00291696 -0.00374326 -0.0215853 0.0985688 -0.00373096 0.0100667 0.00291696 -0.00373096 0.00614159 -0.0130648 -0.00374326 0.0100667 -0.0130648 0.0745857 
0.0126279 -0.021616 0.00290493 -0.0037328 -0.021616 0.098502 -0.00372744 0.0100683 0.00290493 -0.00372744 0.00609908 -0.0129646 -0.0037328 0.0100683 -0.0129646 0.0743343 
0.0126039 -0.0216395 0.00286871 -0.00372564 -0.0216395 0.0985784 -0.00372723 0.0100772 0.00286871 -0.00372723 0.00611158 -0.0129125 -0.00372564 0.0100772 -0.0129125 0.0741599 
0.0126308 -0.0216325 0.0028646 -0.00368993 -0.0216325 0.0986668 -0.00369607 0.0100425 0.0028646 -0.00369607 0.00609283 -0.0129389 -0.00368993 0.0100425 -0.0129389 0.0741886 
0.0126818 -0.0216309 0.00285257 -0.00369248 -0.0216309 0.0986277 -0.00369952 0.0100342 0.00285257 -0.00369952 0.00604366 -0.012921 -0.00369248 0.0100342 -0.012921 0.0741738 
0.0127705 -0.0216607 0.00284188 -0.00367376 -0.0216607 0.0985696 -0.0036887 0.0100144 0.00284188 -0.0036887 0.00594256 -0.0128394 -0.00367376 0.0100144 -0.0128394 0.0739552 
0.0128343 -0.0218 0.00286576 -0.0036585 -0.0218 0.0988437 -0.00368563 0.00999432 0.00286576 -0.00368563 0.00589467 -0.0127218 -0.0036585 0.00999432 -0.0127218 0.0737131 
0.0128232 -0.0219017 0.00290156 -0.00368156 -0.0219017 0.0991641 -0.00370757 0.0100102 0.00290156 -0.00370757 0.00592237 -0.0126535 -0.00368156 0.0100102 -0.0126535 0.0734874 
0.0128338 -0.0218934 0.00291186 -0.00374783 -0.0218934 0.099298 -0.00375653 0.0101293 0.00291186 -0.00375653 0.00594502 -0.0127017 -0.00374783 0.0101293 -0.0127017 0.0735072 
0.0128143 -0.0219101 0.00292129 -0.0037462 -0.0219101 0.0993498 -0.00374327 0.0101485 0.00292129 -0.00374327 0.0059643 -0.0127255 -0.0037462 0.0101485 -0.0127255 0.0735592 
0.0127181 -0.0218617 0.00296087 -0.00378646 -0.0218617 0.0992636 -0.00377864 0.0102368 0.00296087 -0.00377864 0.00605859 -0.0127814 -0.00378646 0.0102368 -0.0127814 0.0737095 
0.0126623 -0.0217541 0.00301014 -0.00383569 -0.0217541 0.0990833 -0.00381663 0.0103356 0.00301014 -0.00381663 0.00612668 -0.0129022 -0.00383569 0.0103356 -0.0129022 0.0739818 
0.0126556 -0.0216867 0.00303972 -0.00387838 -0.0216867 0.0988792 -0.00384723 0.0104048 0.00303972 -0.00384723 0.00612505 -0.0129725 -0.00387838 0.0104048 -0.0129725 0.0741883 
0.012667 -0.0216628 0.00305108 -0.00391956 -0.0216628 0.0987197 -0.00388841 0.010506 0.00305108 -0.00388841 0.00609873 -0.0129691 -0.00391956 0.010506 -0.0129691 0.0742418 
0.0126959 -0.0217104 0.00305895 -0.0039485 -0.0217104 0.0988498 -0.00392709 0.010626 0.00305895 -0.00392709 0.00610173 -0.0129606 -0.0039485 0.010626 -0.0129606 0.074328 
0.0127195 -0.0217259 0.0030634 -0.00395768 -0.0217259 0.0988861 -0.00394665 0.0106982 0.0030634 -0.00394665 0.00609111 -0.0129571 -0.00395768 0.0106982 -0.0129571 0.0743136 
0.0127001 -0.0217411 0.0030798 -0.00394436 -0.0217411 0.0988672 -0.00394439 0.0106972 0.0030798 -0.00394439 0.00610477 -0.0129276 -0.00394436 0.0106972 -0.0129276 0.0742052 
0.0126514 -0.0217442 0.003108 -0.00397522 -0.0217442 0.0989437 -0.00397501 0.0107514 0.003108 -0.00397501 0.0061601 -0.0129681 -0.00397522 0.0107514 -0.0129681 0.0742932 
0.0125859 -0.0216791 0.00306713 -0.0039768 -0.0216791 0.0988148 -0.00396769 0.0107284 0.00306713 -0.00396769 0.00621508 -0.0129976 -0.0039768 0.0107284 -0.0129976 0.074288 
0.0125048 -0.0215911 0.00303871 -0.00395377 -0.0215911 0.0986287 -0.00394145 0.0107128 0.00303871 -0.00394145 0.0063009 -0.0130963 -0.00395377 0.0107128 -0.0130963 0.0745063 
0.0125286 -0.0215126 0.00303239 -0.00391297 -0.0215126 0.0984958 -0.00390201 0.010629 0.00303239 -0.00390201 0.00629744 -0.0132264 -0.00391297 0.010629 -0.0132264 0.0748793 
0.012558 -0.0214852 0.0030623 -0.00390569 -0.0214852 0.0982688 -0.00390331 0.0105894 0.0030623 -0.00390331 0.0062529 -0.0132301 -0.00390569 0.0105894 -0.0132301 0.0750019 
0.0126301 -0.0215389 0.00310613 -0.00395031 -0.0215389 0.0983231 -0.0039552 0.0106634 0.00310613 -0.0039552 0.00618139 -0.0131839 -0.00395031 0.0106634 -0.0131839 0.0749984 
0.0126746 -0.0216212 0.00311942 -0.00399592 -0.0216212 0.0984483 -0.00400703 0.0107733 0.00311942 -0.00400703 0.0061247 -0.0130685 -0.00399592 0.0107733 -0.0130685 0.0747352 
0.0126158 -0.0217476 0.00312869 -0.00399017 -0.0217476 0.0988565 -0.00400507 0.0107915 0.00312869 -0.00400507 0.00620202 -0.0129764 -0.00399017 0.0107915 -0.0129764 0.074503 
0.0125634 -0.0216479 0.00310967 -0.00398861 -0.0216479 0.0987732 -0.00399189 0.0107576 0.00310967 -0.00399189 0.00623961 -0.0130316 -0.00398861 0.0107576 -0.0130316 0.0743739 
0.012538 -0.0215783 0.00312923 -0.00401394 -0.0215783 0.098646 -0.00400456 0.0108273 0.00312923 -0.00400456 0.00629313 -0.0131431 -0.00401394 0.0108273 -0.0131431 0.0746672 
0.0125043 -0.0215014 0.00315355 -0.00403035 -0.0215014 0.0983485 -0.00401791 0.0108633 0.00315355 -0.00401791 0.00631483 -0.0131965 -0.00403035 0.0108633 -0.0131965 0.074796 
0.0125061 -0.0215008 0.00319066 -0.00405369 -0.0215008 0.0983352 -0.00404037 0.0109055 0.00319066 -0.00404037 0.00632552 -0.0132368 -0.00405369 0.0109055 -0.0132368 0.0749715 
0.0125383 -0.0215023 0.0032045 -0.0041096 -0.0215023 0.0983464 -0.00409547 0.01102 0.0032045 -0.00409547 0.00631278 -0.0132617 -0.0041096 0.01102 -0.0132617 0.0751004 
0.0125581 -0.0215404 0.00318344 -0.00408351 -0.0215404 0.0983578 -0.00407549 0.0109887 0.00318344 -0.00407549 0.00627178 -0.0131908 -0.00408351 0.0109887 -0.0131908 0.0749124 
0.0125769 -0.0215815 0.00316551 -0.00405665 -0.0215815 0.0984749 -0.00405694 0.0109401 0.00316551 -0.00405694 0.00626131 -0.013144 -0.00405665 0.0109401 -0.013144 0.0747748 
0.0126093 -0.0216281 0.00311974 -0.00403123 -0.0216281 0.0986554 -0.00403633 0.0108801 0.00311974 -0.00403633 0.00625134 -0.0131393 -0.00403123 0.0108801 -0.0131393 0.0747515 
0.0126698 -0.0216363 0.00307817 -0.00396539 -0.0216363 0.0986523 -0.00397777 0.0107509 0.00307817 -0.00397777 0.00617374 -0.0131184 -0.00396539 0.0107509 -0.0131184 0.0746604 
0.0127572 -0.0217529 0.00304991 -0.00390467 -0.0217529 0.098946 -0.0039278 0.0105983 0.00304991 -0.0039278 0.00610778 -0.0130464 -0.00390467 0.0105983 -0.0130464 0.0746078 
0.0128071 -0.0218339 0.00302896 -0.00383868 -0.0218339 0.0990988 -0.00387071 0.0104086 0.00302896 -0.00387071 0.00602885 -0.0129235 -0.00383868 0.0104086 -0.0129235 0.0742613 
0.0128062 -0.0218884 0.00308164 -0.00387899 -0.0218884 0.0992863 -0.00390905 0.0104704 0.00308164 -0.00390905 0.00604633 -0.0128881 -0.00387899 0.0104704 -0.0128881 0.0741912 
0.0127896 -0.0218974 0.00313473 -0.00393906 -0.0218974 0.099386 -0.00395319 0.0105709 0.00313473 -0.00395319 0.00608476 -0.012894 -0.00393906 0.0105709 -0.012894 0.0741535 
0.0127714 -0.0218762 0.00314252 -0.00400293 -0.0218762 0.0993636 -0.00399639 0.0106901 0.00314252 -0.00399639 0.0061025 -0.0129271 -0.00400293 0.0106901 -0.0129271 0.0741658 
0.0127684 -0.0218656 0.00312505 -0.00400803 -0.0218656 0.0993446 -0.00399128 0.0107316 0.00312505 -0.00399128 0.00609645 -0.0129438 -0.00400803 0.0107316 -0.0129438 0.0742016 
0.012779 -0.0218544 0.00311594 -0.00399331 -0.0218544 0.0993132 -0.00397897 0.0107308 0.00311594 -0.00397897 0.00608322 -0.0129484 -0.00399331 0.0107308 -0.0129484 0.0742429 
0.0127749 -0.0218771 0.00313836 -0.00399587 -0.0218771 0.0993859 -0.00399006 0.0107549 0.00313836 -0.00399006 0.00612307 -0.0129591 -0.00399587 0.0107549 -0.0129591 0.0743459 
0.0127284 -0.0218348 0.00318007 -0.00404659 -0.0218348 0.0992842 -0.00403952 0.0108702 0.00318007 -0.00403952 0.00618921 -0.0130253 -0.00404659 0.0108702 -0.0130253 0.0744823 
0.0126517 -0.0217685 0.00322314 -0.0041029 -0.0217685 0.0991071 -0.00408798 0.011005 0.00322314 -0.00408798 0.00626891 -0.0131164 -0.0041029 0.011005 -0.0131164 0.0746848 
0.0127091 -0.0217064 0.00322993 -0.00414898 -0.0217064 0.0990077 -0.00412593 0.0111114 0.00322993 -0.00412593 0.00621832 -0.0132242 -0.00414898 0.0111114 -0.0132242 0.0749879 
0.0127421 -0.0217574 0.00324646 -0.00415103 -0.0217574 0.0989933 -0.00413855 0.0111651 0.00324646 -0.00413855 0.00617706 -0.0131675 -0.00415103 0.0111651 -0.0131675 0.0750208 
0.0127283 -0.0218245 0.00325572 -0.0041437 -0.0218245 0.0991532 -0.00414445 0.0111529 0.00325572 -0.00414445 0.00618017 -0.0130848 -0.0041437 0.0111529 -0.0130848 0.0748378 
0.0127326 -0.021835 0.00325114 -0.00412993 -0.021835 0.0992787 -0.00413292 0.0110977 0.00325114 -0.00413292 0.00617465 -0.0130533 -0.00412993 0.0110977 -0.0130533 0.0746583 
0.0127425 -0.0217966 0.00326043 -0.00414865 -0.0217966 0.0991629 -0.00414604 0.0111287 0.00326043 -0.00414604 0.00614892 -0.0130529 -0.00414865 0.0111287 -0.0130529 0.0745674 
0.0128023 -0.0218401 0.00328863 -0.00416559 -0.0218401 0.0992702 -0.00416331 0.011179 0.00328863 -0.00416331 0.00610443 -0.0130398 -0.00416559 0.011179 -0.0130398 0.074589 
0.0127913 -0.0218939 0.00329858 -0.00422076 -0.0218939 0.0993721 -0.00422066 0.0113114 0.00329858 -0.00422066 0.00612921 -0.0130011 -0.00422076 0.0113114 -0.0130011 0.0745492 
0.0127968 -0.0218893 0.00328039 -0.0042075 -0.0218893 0.0994033 -0.004208 0.0113207 0.00328039 -0.004208 0.00612234 -0.0129928 -0.0042075 0.0113207 -0.0129928 0.0744325 
0.0128143 -0.0219156 0.00327414 -0.00415514 -0.0219156 0.09947 -0.00415649 0.011203 0.00327414 -0.00415649 0.00608867 -0.0129638 -0.00415514 0.011203 -0.0129638 0.0743214 
0.0128384 -0.0219268 0.00327158 -0.00415528 -0.0219268 0.0994915 -0.00415627 0.0111566 0.00327158 -0.00415627 0.00605752 -0.012931 -0.00415528 0.0111566 -0.012931 0.0742323 
0.0129376 -0.0219823 0.00322997 -0.0041426 -0.0219823 0.0996394 -0.00414251 0.011113 0.00322997 -0.00414251 0.00595729 -0.0128826 -0.0041426 0.011113 -0.0128826 0.0741218 
0.0129375 -0.0220713 0.00323572 -0.00414374 -0.0220713 0.0998138 -0.00415378 0.0111767 0.00323572 -0.00415378 0.00598287 -0.0128147 -0.00414374 0.0111767 -0.0128147 0.074063 
0.0129201 -0.0220817 0.00327104 -0.00412749 -0.0220817 0.0999122 -0.00414125 0.0111479 0.00327104 -0.00414125 0.00600294 -0.012819 -0.00412749 0.0111479 -0.012819 0.0739813 
0.0128649 -0.022074 0.0033019 -0.00416578 -0.022074 0.0999567 -0.00416721 0.0111726 0.0033019 -0.00416721 0.00606278 -0.0128479 -0.00416578 0.0111726 -0.0128479 0.0740279 
0.0128228 -0.0219924 0.00330676 -0.0042232 -0.0219924 0.0998147 -0.00420683 0.0112812 0.00330676 -0.00420683 0.00610479 -0.012928 -0.0042232 0.0112812 -0.012928 0.0741809 
0.0127235 -0.0218819 0.00334965 -0.00430636 -0.0218819 0.0995054 -0.00428353 0.0115403 0.00334965 -0.00428353 0.0062266 -0.0130573 -0.00430636 0.0115403 -0.0130573 0.0745617 
0.0126994 -0.0217854 0.00337467 -0.00433088 -0.0217854 0.0992739 -0.00430623 0.0116453 0.00337467 -0.00430623 0.00626879 -0.0131939 -0.00433088 0.0116453 -0.0131939 0.0749183 
0.0127618 -0.0217294 0.00337789 -0.00433838 -0.0217294 0.0990009 -0.00431771 0.0116691 0.00337789 -0.00431771 0.0061941 -0.0132298 -0.00433838 0.0116691 -0.0132298 0.0750551 
0.0128499 -0.0218224 0.00342407 -0.00435131 -0.0218224 0.0991018 -0.00434846 0.0117332 0.00342407 -0.00434846 0.00611364 -0.0131691 -0.00435131 0.0117332 -0.0131691 0.0750835 
0.0129396 -0.0219885 0.0034113 -0.00437895 -0.0219885 0.0995429 -0.00439019 0.0117805 0.0034113 -0.00439019 0.00606263 -0.0130496 -0.00437895 0.0117805 -0.0130496 0.0748965 
0.0128799 -0.0220816 0.00341817 -0.00434777 -0.0220816 0.0998041 -0.00436869 0.0117529 0.00341817 -0.00436869 0.00612458 -0.0129505 -0.00434777 0.0117529 -0.0129505 0.0745528 
0.0128937 -0.0220537 0.00342512 -0.00430858 -0.0220537 0.0999194 -0.00432199 0.0116049 0.00342512 -0.00432199 0.00608709 -0.0129781 -0.00430858 0.0116049 -0.0129781 0.0743902 
0.0130025 -0.0220869 0.00341265 -0.00432018 -0.0220869 0.100041 -0.00432015 0.0115467 0.00341265 -0.00432015 0.00597332 -0.0129463 -0.00432018 0.0115467 -0.0129463 0.0743601 
0.0130957 -0.0222024 0.00338345 -0.00430975 -0.0222024 0.100237 -0.00431296 0.0115272 0.00338345 -0.00431296 0.0058616 -0.0127964 -0.00430975 0.0115272 -0.0127964 0.0740771 
0.0131521 -0.0223052 0.00335534 -0.00428713 -0.0223052 0.100467 -0.0043008 0.0115162 0.00335534 -0.0043008 0.00578688 -0.0126542 -0.00428713 0.0115162 -0.0126542 0.0736958 
0.0131294 -0.0223294 0.00338107 -0.00429968 -0.0223294 0.100526 -0.0043212 0.0115943 0.00338107 -0.0043212 0.00580913 -0.0125918 -0.00429968 0.0115943 -0.0125918 0.0734668 
0.0131133 -0.0223131 0.00342696 -0.0043384 -0.0223131 0.100547 -0.00435382 0.0116857 0.00342696 -0.00435382 0.00585383 -0.0126277 -0.0043384 0.0116857 -0.0126277 0.0734591 
0.0131318 -0.0223205 0.00343642 -0.0043754 -0.0223205 0.100599 -0.00437789 0.0117434 0.00343642 -0.00437789 0.00586625 -0.0126718 -0.0043754 0.0117434 -0.0126718 0.0735415 
0.0131314 -0.0223651 0.00343873 -0.00438 -0.0223651 0.100737 -0.00437426 0.0117583 0.00343873 -0.00437426 0.00590419 -0.0126945 -0.00438 0.0117583 -0.0126945 0.0736491 
0.0131555 -0.0223675 0.00341809 -0.00435836 -0.0223675 0.10078 -0.00434894 0.0116932 0.00341809 -0.00434894 0.00588815 -0.012724 -0.00435836 0.0116932 -0.012724 0.0736892 
0.0131865 -0.0223914 0.00340488 -0.0043282 -0.0223914 0.100815 -0.0043201 0.0116134 0.00340488 -0.0043201 0.00584445 -0.0127136 -0.0043282 0.0116134 -0.0127136 0.0737016 
0.0131836 -0.0224188 0.00339118 -0.00432934 -0.0224188 0.100864 -0.00432617 0.0116056 0.00339118 -0.00432617 0.00583337 -0.0126865 -0.00432934 0.0116056 -0.0126865 0.0736987 
0.013244 -0.0224528 0.00336596 -0.00429058 -0.0224528 0.101015 -0.00429391 0.0115297 0.00336596 -0.00429391 0.00577624 -0.012655 -0.00429058 0.0115297 -0.012655 0.0736515 
0.0132867 -0.0225295 0.00333086 -0.00423705 -0.0225295 0.101183 -0.00424508 0.0113922 0.00333086 -0.00424508 0.00572897 -0.0125613 -0.00423705 0.0113922 -0.0125613 0.0734459 
0.0132685 -0.02256 0.00332629 -0.00422316 -0.02256 0.101278 -0.00423364 0.0113524 0.00332629 -0.00423364 0.00574606 -0.0125244 -0.00422316 0.0113524 -0.0125244 0.073325 
0.0132579 -0.0225168 0.00329318 -0.00421651 -0.0225168 0.101184 -0.00422157 0.0113213 0.00329318 -0.00422157 0.00574594 -0.0125329 -0.00421651 0.0113213 -0.0125329 0.0732418 
0.0132193 -0.0225189 0.00331666 -0.00421233 -0.0225189 0.101216 -0.00421522 0.0113474 0.00331666 -0.00421522 0.00578986 -0.0125865 -0.00421233 0.0113474 -0.0125865 0.073436 
0.0131862 -0.0224216 0.00335217 -0.00426235 -0.0224216 0.100974 -0.00425906 0.0114436 0.00335217 -0.00425906 0.00579736 -0.0126564 -0.00426235 0.0114436 -0.0126564 0.0736103 
0.0131413 -0.0224071 0.00336919 -0.00430357 -0.0224071 0.100918 -0.00429843 0.0115496 0.00336919 -0.00429843 0.00583862 -0.0126691 -0.00430357 0.0115496 -0.0126691 0.0737511 
0.0131237 -0.0223361 0.0033881 -0.00429826 -0.0223361 0.100719 -0.00429035 0.0115521 0.0033881 -0.00429035 0.00581606 -0.0126653 -0.00429826 0.0115521 -0.0126653 0.0736655 
0.0131463 -0.0223102 0.00337418 -0.00433111 -0.0223102 0.100589 -0.00432194 0.0116104 0.00337418 -0.00432194 0.0057931 -0.0126343 -0.00433111 0.0116104 -0.0126343 0.0735826 
0.0131477 -0.0223549 0.00334114 -0.00431782 -0.0223549 0.100652 -0.00431417 0.0116328 0.00334114 -0.00431417 0.00580073 -0.0126006 -0.00431782 0.0116328 -0.0126006 0.0734958 
0.0130861 -0.0223534 0.00333817 -0.00426772 -0.0223534 0.100672 -0.00427143 0.0115577 0.00333817 -0.00427143 0.00584934 -0.0126032 -0.00426772 0.0115577 -0.0126032 0.073436 
0.013137 -0.0222773 0.00332327 -0.0042748 -0.0222773 0.100578 -0.00427708 0.0115387 0.00332327 -0.00427708 0.0058052 -0.012683 -0.0042748 0.0115387 -0.012683 0.0735894 
0.013202 -0.0223108 0.00332702 -0.00425534 -0.0223108 0.100509 -0.00426189 0.0115115 0.00332702 -0.00426189 0.00572339 -0.0126317 -0.00425534 0.0115115 -0.0126317 0.0735629 
0.013269 -0.022474 0.00331239 -0.00420515 -0.022474 0.100917 -0.00422177 0.011365 0.00331239 -0.00422177 0.00565478 -0.0124868 -0.00420515 0.011365 -0.0124868 0.0733012 
0.0133405 -0.022528 0.00328335 -0.00418652 -0.022528 0.101097 -0.00420285 0.01128 0.00328335 -0.00420285 0.00556381 -0.0123698 -0.00418652 0.01128 -0.0123698 0.0729058 
0.0133897 -0.0226167 0.00328019 -0.00418468 -0.0226167 0.101331 -0.00420052 0.0112877 0.00328019 -0.00420052 0.00551794 -0.0122784 -0.00418468 0.0112877 -0.0122784 0.0726638 
0.0134415 -0.0226761 0.00325693 -0.00417905 -0.0226761 0.101509 -0.00419415 0.01128 0.00325693 -0.00419415 0.0054713 -0.012209 -0.00417905 0.01128 -0.012209 0.0724302 
0.0134621 -0.0227054 0.00326206 -0.00417948 -0.0227054 0.101555 -0.00419434 0.0113152 0.00326206 -0.00419434 0.00545075 -0.0121703 -0.00417948 0.0113152 -0.0121703 0.072285 
0.0134798 -0.022774 0.00320738 -0.00414272 -0.022774 0.101747 -0.00415562 0.0112164 0.00320738 -0.00415562 0.00542846 -0.0121133 -0.00414272 0.0112164 -0.0121133 0.0721085 
0.0134712 -0.0227896 0.00315611 -0.00407302 -0.0227896 0.10183 -0.0040862 0.0110671 0.00315611 -0.0040862 0.00540343 -0.012085 -0.00407302 0.0110671 -0.012085 0.0719854 
0.0133911 -0.0227614 0.00315789 -0.00402088 -0.0227614 0.101781 -0.00403616 0.0109341 0.00315789 -0.00403616 0.00545887 -0.0120647 -0.00402088 0.0109341 -0.0120647 0.0719216 
0.0132725 -0.0226539 0.00320303 -0.0040829 -0.0226539 0.10163 -0.00408791 0.0110286 0.00320303 -0.00408791 0.00560935 -0.0121837 -0.0040829 0.0110286 -0.0121837 0.072194 
0.0131236 -0.0224735 0.00326564 -0.00416992 -0.0224735 0.10122 -0.00415466 0.0112252 0.00326564 -0.00415466 0.00579243 -0.0123912 -0.00416992 0.0112252 -0.0123912 0.0726574 
0.0130497 -0.0222802 0.00327634 -0.00423628 -0.0222802 0.100706 -0.00419997 0.0113728 0.00327634 -0.00419997 0.00587042 -0.0126141 -0.00423628 0.0113728 -0.0126141 0.0731867 
0.0130061 -0.0221955 0.00328101 -0.00422262 -0.0221955 0.100355 -0.00418604 0.0113818 0.00328101 -0.00418604 0.00590163 -0.0127061 -0.00422262 0.0113818 -0.0127061 0.073544 
0.0129781 -0.0221405 0.00328076 -0.00421321 -0.0221405 0.100129 -0.00418566 0.0113506 0.00328076 -0.00418566 0.00590215 -0.0127334 -0.00421321 0.0113506 -0.0127334 0.0736887 
0.0130457 -0.022168 0.00325668 -0.00417787 -0.022168 0.100221 -0.00416114 0.0112561 0.00325668 -0.00416114 0.00584037 -0.0127119 -0.00417787 0.0112561 -0.0127119 0.0737212 
0.0130673 -0.0222252 0.00318988 -0.00412078 -0.0222252 0.100263 -0.00411628 0.0111121 0.00318988 -0.00411628 0.00580145 -0.0125901 -0.00412078 0.0111121 -0.0125901 0.0734183 
0.0131172 -0.0222561 0.00314922 -0.0040669 -0.0222561 0.10038 -0.00407345 0.0110216 0.00314922 -0.00407345 0.00576567 -0.0125653 -0.0040669 0.0110216 -0.0125653 0.073296 
0.0131845 -0.0222875 0.00312574 -0.00404165 -0.0222875 0.100427 -0.00405785 0.0109822 0.00312574 -0.00405785 0.00569785 -0.0125537 -0.00404165 0.0109822 -0.0125537 0.0732775 
0.013204 -0.0223684 0.00314311 -0.00403077 -0.0223684 0.100592 -0.00405653 0.0109835 0.00314311 -0.00405653 0.0056932 -0.0125042 -0.00403077 0.0109835 -0.0125042 0.0732625 
0.0131324 -0.0223991 0.00315844 -0.00404307 -0.0223991 0.100721 -0.00406865 0.0109909 0.00315844 -0.00406865 0.00577186 -0.0124872 -0.00404307 0.0109909 -0.0124872 0.073202 
0.0130509 -0.0222986 0.00316702 -0.0040347 -0.0222986 0.10054 -0.00404758 0.0109358 0.00316702 -0.00404758 0.00583466 -0.0125419 -0.0040347 0.0109358 -0.0125419 0.0731589 
0.0130223 -0.0222448 0.00316924 -0.00405128 -0.0222448 0.10049 -0.00404661 0.0109227 0.00316924 -0.00404661 0.00587976 -0.0126437 -0.00405128 0.0109227 -0.0126437 0.0734225 
0.0129594 -0.0221767 0.00317142 -0.00403914 -0.0221767 0.100264 -0.00402579 0.0108709 0.00317142 -0.00402579 0.00592534 -0.0126774 -0.00403914 0.0108709 -0.0126774 0.0735071 
0.0128794 -0.0220937 0.00320964 -0.00407823 -0.0220937 0.100069 -0.00405896 0.0109439 0.00320964 -0.00405896 0.00600553 -0.0127669 -0.00407823 0.0109439 -0.0127669 0.0737453 
0.0128123 -0.0219654 0.00321546 -0.00414403 -0.0219654 0.0997268 -0.00411626 0.0110903 0.00321546 -0.00411626 0.00607405 -0.0128759 -0.00414403 0.0110903 -0.0128759 0.0740012 
0.012817 -0.0219192 0.00319824 -0.00415049 -0.0219192 0.0996127 -0.00412423 0.0111666 0.00319824 -0.00412423 0.00609403 -0.0129753 -0.00415049 0.0111666 -0.0129753 0.074339 
0.0128733 -0.0219405 0.00311418 -0.0040496 -0.0219405 0.099578 -0.00403692 0.0109582 0.00311418 -0.00403692 0.00601719 -0.0129313 -0.0040496 0.0109582 -0.0129313 0.0742727 
0.0129094 -0.022005 0.00307351 -0.00396426 -0.022005 0.099698 -0.00397249 0.0107794 0.00307351 -0.00397249 0.00597261 -0.0128694 -0.00396426 0.0107794 -0.0128694 0.0742029 
0.0128417 -0.0220103 0.0030692 -0.00392377 -0.0220103 0.0996816 -0.00394641 0.010668 0.0030692 -0.00394641 0.00601115 -0.012815 -0.00392377 0.010668 -0.012815 0.0740439 
0.0128643 -0.0219589 0.00311185 -0.00391381 -0.0219589 0.0996703 -0.00393223 0.0106004 0.00311185 -0.00393223 0.00599035 -0.0128555 -0.00391381 0.0106004 -0.0128555 0.0740647 
0.0128122 -0.0219685 0.0031391 -0.00398425 -0.0219685 0.0996336 -0.00398897 0.0106873 0.0031391 -0.00398897 0.00605175 -0.0128374 -0.00398425 0.0106873 -0.0128374 0.0740708 
0.0127571 -0.0218922 0.00314272 -0.00400617 -0.0218922 0.0994409 -0.00399406 0.01074 0.00314272 -0.00399406 0.00607867 -0.0128664 -0.00400617 0.01074 -0.0128664 0.0739896 
0.012803 -0.0218382 0.00313654 -0.00404947 -0.0218382 0.0993466 -0.00402889 0.0108616 0.00313654 -0.00402889 0.00605275 -0.0129456 -0.00404947 0.0108616 -0.0129456 0.0742122 
0.0128458 -0.0218821 0.00312271 -0.00403957 -0.0218821 0.0993489 -0.00402839 0.0109058 0.00312271 -0.00402839 0.00602195 -0.012921 -0.00403957 0.0109058 -0.012921 0.074273 
0.0128406 -0.0219231 0.00315529 -0.00403388 -0.0219231 0.0994127 -0.00403774 0.0109405 0.00315529 -0.00403774 0.00604419 -0.0128991 -0.00403388 0.0109405 -0.0128991 0.0742629 
0.0128384 -0.0219114 0.00319993 -0.00405621 -0.0219114 0.0993931 -0.00406244 0.0109665 0.00319993 -0.00406244 0.00604618 -0.0129083 -0.00405621 0.0109665 -0.0129083 0.0742142 
0.0129439 -0.0219556 0.00317612 -0.00406654 -0.0219556 0.0995091 -0.00406383 0.0109311 0.00317612 -0.00406383 0.00594275 -0.0128715 -0.00406654 0.0109311 -0.0128715 0.0741011 
0.0130677 -0.0220801 0.00316324 -0.00408578 -0.0220801 0.0997871 -0.00408818 0.0110197 0.00316324 -0.00408818 0.00585745 -0.0128028 -0.00408578 0.0110197 -0.0128028 0.0740681 
0.0130978 -0.0222316 0.00315258 -0.00403429 -0.0222316 0.100111 -0.004053 0.0109494 0.00315258 -0.004053 0.00582064 -0.0126632 -0.00403429 0.0109494 -0.0126632 0.0737366 
