0.00797831 0 -0.00411566 0 0 0.00998395 0 0 -0.00411566 0 0.00813056 0 0 0 0 0.00998395 
0.0112102 -0.0139336 -0.00579539 0.00709678 -0.0139336 0.0358774 0.00709678 -0.0136087 -0.00579539 0.00709678 0.0114796 -0.0142691 0.00709678 -0.0136087 -0.0142691 0.0365197 
0.0114372 -0.0213058 -0.00510062 0.00828045 -0.0213058 0.0774036 0.00828045 -0.0261469 -0.00510062 0.00828045 0.0114965 -0.0217529 0.00828045 -0.0261469 -0.0217529 0.0788437 
0.0108462 -0.020856 -0.00445812 0.00590794 -0.020856 0.0921928 0.00591782 -0.0204602 -0.00445812 0.00591782 0.0107641 -0.020973 0.00590794 -0.0204602 -0.020973 0.0931817 
0.0108279 -0.0199029 -0.00460939 0.00530014 -0.0199029 0.0939724 0.00531324 -0.0159899 -0.00460939 0.00531324 0.0105832 -0.0198546 0.00530014 -0.0159899 -0.0198546 0.0943779 
0.0109283 -0.0197382 -0.00485661 0.00562363 -0.0197382 0.0938579 0.00563407 -0.015121 -0.00485661 0.00563407 0.0107041 -0.0195021 0.00562363 -0.015121 -0.0195021 0.0937321 
0.0110936 -0.0198044 -0.00495556 0.00598555 -0.0198044 0.0940367 0.00599161 -0.0155951 -0.00495556 0.00599161 0.010787 -0.019593 0.00598555 -0.0155951 -0.019593 0.0937123 
0.0112463 -0.0199742 -0.00494077 0.00611375 -0.0199742 0.0944394 0.0061179 -0.0160114 -0.00494077 0.0061179 0.0108201 -0.019678 0.00611375 -0.0160114 -0.019678 0.0939591 
0.0113169 -0.0201304 -0.00487736 0.00607641 -0.0201304 0.0948136 0.00608259 -0.0160582 -0.00487736 0.00608259 0.0108932 -0.0196988 0.00607641 -0.0160582 -0.0196988 0.0940522 
0.0113493 -0.0201896 -0.00482874 0.00598673 -0.0201896 0.0949709 0.00599193 -0.0158936 -0.00482874 0.00599193 0.0109113 -0.0197618 0.00598673 -0.0158936 -0.0197618 0.0940977 
0.0112918 -0.0202484 -0.00482358 0.00593169 -0.0202484 0.0951598 0.00593476 -0.0157326 -0.00482358 0.00593476 0.0109948 -0.0198131 0.00593169 -0.0157326 -0.0198131 0.0942713 
0.0112343 -0.0201831 -0.00482254 0.00592156 -0.0201831 0.0951271 0.00591752 -0.0156438 -0.00482254 0.00591752 0.0110657 -0.0199139 0.00592156 -0.0156438 -0.0199139 0.0944846 
0.0112091 -0.0201162 -0.00483872 0.0059251 -0.0201162 0.0949922 0.00591705 -0.015626 -0.00483872 0.00591705 0.0110768 -0.0200044 0.0059251 -0.015626 -0.0200044 0.0947321 
0.0113067 -0.020086 -0.00483048 0.00593433 -0.020086 0.0948737 0.00592996 -0.0156262 -0.00483048 0.00592996 0.0109761 -0.0200097 0.00593433 -0.0156262 -0.0200097 0.0948158 
0.0113558 -0.0202085 -0.00486503 0.00593194 -0.0202085 0.095048 0.00593909 -0.0156556 -0.00486503 0.00593909 0.0108674 -0.019893 0.00593194 -0.0156556 -0.019893 0.0946755 
0.0112916 -0.0202682 -0.00489187 0.00595686 -0.0202682 0.0952226 0.00597474 -0.015691 -0.00489187 0.00597474 0.010874 -0.0197418 0.00595686 -0.015691 -0.0197418 0.0943143 
0.011124 -0.020205 -0.00497169 0.00601484 -0.020205 0.0952448 0.00602969 -0.0158343 -0.00497169 0.00602969 0.0109204 -0.0197479 0.00601484 -0.0158343 -0.0197479 0.0942078 
0.0110431 -0.0199888 -0.00499463 0.00610202 -0.0199888 0.094845 0.00610328 -0.0159881 -0.00499463 0.00610328 0.010936 -0.0197825 0.00610202 -0.0159881 -0.0197825 0.0941811 
0.0110575 -0.0198776 -0.00500955 0.00615236 -0.0198776 0.0944756 0.0061448 -0.0161533 -0.00500955 0.0061448 0.0108792 -0.019801 0.00615236 -0.0161533 -0.019801 0.0942182 
0.0110464 -0.0198906 -0.00501012 0.00617468 -0.0198906 0.0943699 0.00616687 -0.0162492 -0.00501012 0.00616687 0.010889 -0.0197409 0.00617468 -0.0162492 -0.0197409 0.0941566 
0.0110854 -0.0198824 -0.00499518 0.00617419 -0.0198824 0.0943551 0.00616417 -0.016276 -0.00499518 0.00616417 0.010884 -0.019759 0.00617419 -0.016276 -0.019759 0.0941605 
0.0110639 -0.0199203 -0.00499855 0.00615646 -0.0199203 0.0943948 0.00614769 -0.0162592 -0.00499855 0.00614769 0.010905 -0.019762 0.00615646 -0.0162592 -0.019762 0.0941941 
0.0111517 -0.0198733 -0.00500494 0.00615327 -0.0198733 0.0942818 0.00614439 -0.0162336 -0.00500494 0.00614439 0.01075 -0.019769 0.00615327 -0.0162336 -0.019769 0.09416 
0.0112248 -0.0199863 -0.00504486 0.00617956 -0.0199863 0.0944588 0.00617903 -0.0163027 -0.00504486 0.00617903 0.0105957 -0.0196138 0.00617956 -0.0163027 -0.0196138 0.0940058 
0.0112228 -0.0200609 -0.00507098 0.00621859 -0.0200609 0.0946358 0.00622774 -0.0163911 -0.00507098 0.00622774 0.010537 -0.0194085 0.00621859 -0.0163911 -0.0194085 0.0935493 
0.0111649 -0.0200358 -0.00511081 0.00626523 -0.0200358 0.094621 0.00627446 -0.0165296 -0.00511081 0.00627446 0.0105054 -0.0193174 0.00626523 -0.0165296 -0.0193174 0.0931741 
0.0110962 -0.0199618 -0.00513268 0.00631239 -0.0199618 0.0944654 0.00631584 -0.0166435 -0.00513268 0.00631584 0.0105242 -0.0192718 0.00631239 -0.0166435 -0.0192718 0.0929583 
0.0110283 -0.0199154 -0.00513033 0.00634578 -0.0199154 0.0944201 0.00634253 -0.0167315 -0.00513033 0.00634253 0.0106532 -0.0193231 0.00634578 -0.0167315 -0.0193231 0.0930551 
0.0109595 -0.0198211 -0.00511644 0.00634086 -0.0198211 0.0942117 0.00633126 -0.0167497 -0.00511644 0.00633126 0.0107687 -0.0194619 0.00634086 -0.0167497 -0.0194619 0.0932782 
0.0109682 -0.019725 -0.0051266 0.00632836 -0.019725 0.0939368 0.00631463 -0.0167366 -0.0051266 0.00631463 0.0107142 -0.0195918 0.00632836 -0.0167366 -0.0195918 0.0935601 
0.0110614 -0.0197482 -0.00514651 0.006346 -0.0197482 0.093922 0.00633835 -0.0167667 -0.00514651 0.00633835 0.0105758 -0.0195512 0.006346 -0.0167667 -0.0195512 0.0936776 
0.0111186 -0.019838 -0.00513565 0.00635962 -0.019838 0.0940212 0.0063621 -0.0168062 -0.00513565 0.0063621 0.0104862 -0.0193642 0.00635962 -0.0168062 -0.0193642 0.0933484 
0.0111498 -0.0199234 -0.0050824 0.00633315 -0.0199234 0.0942316 0.00633811 -0.0167589 -0.0050824 0.00633811 0.0105359 -0.0192565 0.00633315 -0.0167589 -0.0192565 0.0930248 
0.0111556 -0.0199643 -0.00505459 0.00628261 -0.0199643 0.0944023 0.00628092 -0.0166718 -0.00505459 0.00628092 0.0105877 -0.0193404 0.00628261 -0.0166718 -0.0193404 0.0930881 
0.0111544 -0.0199381 -0.00505549 0.00624997 -0.0199381 0.0943543 0.00623824 -0.0165713 -0.00505549 0.00623824 0.0105551 -0.0194086 0.00624997 -0.0165713 -0.0194086 0.0932365 
0.0111962 -0.0199358 -0.00505936 0.00624866 -0.0199358 0.0943283 0.00623454 -0.016521 -0.00505936 0.00623454 0.0104915 -0.0193873 0.00624866 -0.016521 -0.0193873 0.0933048 
0.0112292 -0.0199528 -0.00506606 0.00625155 -0.0199528 0.094258 0.00624552 -0.016522 -0.00506606 0.00624552 0.0104123 -0.0192874 0.00625155 -0.016522 -0.0192874 0.093093 
0.0111962 -0.0200371 -0.00509831 0.00627149 -0.0200371 0.0944916 0.0062761 -0.0165825 -0.00509831 0.0062761 0.0104496 -0.0192213 0.00627149 -0.0165825 -0.0192213 0.0930034 
0.0111444 -0.0199904 -0.00509676 0.00629345 -0.0199904 0.0944704 0.00630117 -0.0166252 -0.00509676 0.00630117 0.0105218 -0.0192288 0.00629345 -0.0166252 -0.0192288 0.0928887 
0.0112521 -0.0199311 -0.00505947 0.00629814 -0.0199311 0.0943553 0.00630143 -0.0166577 -0.00505947 0.00630143 0.0104507 -0.0193146 0.00629814 -0.0166577 -0.0193146 0.0929924 
0.0112896 -0.0200546 -0.00506614 0.00626126 -0.0200546 0.0945027 0.00626895 -0.0166294 -0.00506614 0.00626895 0.0103823 -0.0192463 0.00626126 -0.0166294 -0.0192463 0.0929768 
0.0113178 -0.0201009 -0.00506566 0.00626048 -0.0201009 0.0946637 0.00627047 -0.0165973 -0.00506566 0.00627047 0.0103173 -0.0191558 0.00626048 -0.0165973 -0.0191558 0.0927846 
0.0112875 -0.0201044 -0.00508384 0.00626038 -0.0201044 0.0946503 0.00626639 -0.0165857 -0.00508384 0.00626639 0.0102761 -0.0190614 0.00626038 -0.0165857 -0.0190614 0.0924936 
0.0111867 -0.0200993 -0.00512431 0.00629886 -0.0200993 0.0947345 0.00630058 -0.0166529 -0.00512431 0.00630058 0.0103694 -0.0190431 0.00629886 -0.0166529 -0.0190431 0.0924615 
0.0112078 -0.0199555 -0.0051327 0.00634892 -0.0199555 0.0944663 0.0063425 -0.016754 -0.0051327 0.0063425 0.0102915 -0.0191265 0.00634892 -0.016754 -0.0191265 0.0925109 
0.0112566 -0.019961 -0.00513835 0.00636739 -0.019961 0.0943165 0.00636238 -0.0168395 -0.00513835 0.00636238 0.0101707 -0.0190368 0.00636739 -0.0168395 -0.0190368 0.0924171 
0.0113672 -0.020032 -0.00511566 0.00638011 -0.020032 0.0944395 0.00638245 -0.0169024 -0.00511566 0.00638245 0.0100346 -0.0188966 0.00638011 -0.0169024 -0.0188966 0.0921735 
0.0114 -0.020121 -0.00510479 0.00634856 -0.020121 0.0945254 0.00635698 -0.0168844 -0.00510479 0.00635698 0.00995584 -0.0187029 0.00634856 -0.0168844 -0.0187029 0.0916636 
0.0113998 -0.0201667 -0.00512576 0.00634666 -0.0201667 0.0946699 0.00635713 -0.0168863 -0.00512576 0.00635713 0.00992303 -0.0186161 0.00634666 -0.0168863 -0.0186161 0.0913571 
0.0114714 -0.0201941 -0.00509931 0.00636176 -0.0201941 0.0948018 0.00637028 -0.0168869 -0.00509931 0.00637028 0.00989514 -0.0185759 0.00636176 -0.0168869 -0.0185759 0.0912046 
0.0115076 -0.0202516 -0.00509707 0.00634903 -0.0202516 0.0948902 0.00636053 -0.0169125 -0.00509707 0.00636053 0.00984051 -0.0185423 0.00634903 -0.0169125 -0.0185423 0.0910931 
0.0115127 -0.0202966 -0.00512071 0.00634478 -0.0202966 0.0950125 0.0063592 -0.0169117 -0.00512071 0.0063592 0.00978397 -0.0184763 0.00634478 -0.0169117 -0.0184763 0.0909519 
0.0115608 -0.0203081 -0.00513328 0.00637357 -0.0203081 0.0950917 0.00638756 -0.0169527 -0.00513328 0.00638756 0.00968309 -0.0184042 0.00637357 -0.0169527 -0.0184042 0.0907783 
0.0115711 -0.0203435 -0.0051462 0.00639478 -0.0203435 0.0951139 0.00641151 -0.0170219 -0.0051462 0.00641151 0.00957281 -0.0182605 0.00639478 -0.0170219 -0.0182605 0.0904356 
0.0116111 -0.0203844 -0.00514347 0.00641708 -0.0203844 0.0952686 0.00643318 -0.0170845 -0.00514347 0.00643318 0.0095038 -0.0181311 0.00641708 -0.0170845 -0.0181311 0.0901281 
0.0116094 -0.0204391 -0.0051406 0.00641919 -0.0204391 0.095436 0.00643119 -0.0171092 -0.0051406 0.00643119 0.00952569 -0.0180454 0.00641919 -0.0171092 -0.0180454 0.0898843 
0.0114867 -0.0204188 -0.00517197 0.00641352 -0.0204188 0.0954201 0.00641803 -0.0170968 -0.00517197 0.00641803 0.00965691 -0.0180572 0.00641352 -0.0170968 -0.0180572 0.0897642 
0.0115118 -0.0202816 -0.00516084 0.00645945 -0.0202816 0.0952241 0.00644925 -0.017151 -0.00516084 0.00644925 0.00966416 -0.0182308 0.00645945 -0.017151 -0.0182308 0.090043 
0.0114836 -0.0202809 -0.00516628 0.0064509 -0.0202809 0.0950599 0.00644083 -0.0171768 -0.00516628 0.00644083 0.00968411 -0.0182465 0.0064509 -0.0171768 -0.0182465 0.0902026 
0.0114469 -0.020211 -0.00517911 0.00646565 -0.020211 0.0948353 0.00645816 -0.0172241 -0.00517911 0.00645816 0.00960744 -0.0182524 0.00646565 -0.0172241 -0.0182524 0.0901915 
0.0114945 -0.0202091 -0.00516116 0.0064767 -0.0202091 0.0948386 0.00646996 -0.0172456 -0.00516116 0.00646996 0.00953976 -0.0181754 0.0064767 -0.0172456 -0.0181754 0.0901319 
0.0114895 -0.0202441 -0.00515633 0.00646074 -0.0202441 0.0948599 0.00645707 -0.0172442 -0.00515633 0.00645707 0.00951718 -0.0180846 0.00646074 -0.0172442 -0.0180846 0.0899293 
0.0113773 -0.0202468 -0.00520079 0.00645848 -0.0202468 0.0949085 0.00645361 -0.0172361 -0.00520079 0.00645361 0.00960842 -0.0180619 0.00645848 -0.0172361 -0.0180619 0.0898361 
0.0112864 -0.0200891 -0.00524685 0.00652525 -0.0200891 0.0946444 0.006509 -0.0173415 -0.00524685 0.006509 0.00964372 -0.0181685 0.00652525 -0.0173415 -0.0181685 0.0899673 
0.011246 -0.0199442 -0.0052721 0.0065854 -0.0199442 0.0942064 0.00656322 -0.0174853 -0.0052721 0.00656322 0.00961462 -0.0181955 0.0065854 -0.0174853 -0.0181955 0.0900345 
0.0112671 -0.0198901 -0.00527411 0.00662538 -0.0198901 0.0939442 0.0066092 -0.017627 -0.00527411 0.0066092 0.00954112 -0.0181556 0.00662538 -0.017627 -0.0181556 0.0899932 
0.011336 -0.0199184 -0.00526473 0.00662477 -0.0199184 0.0938958 0.00661976 -0.0176896 -0.00526473 0.00661976 0.00943749 -0.0180504 0.00662477 -0.0176896 -0.0180504 0.0897725 
0.0114229 -0.0200328 -0.00525385 0.00661857 -0.0200328 0.0941562 0.00662678 -0.0177206 -0.00525385 0.00662678 0.00935223 -0.0179361 0.00661857 -0.0177206 -0.0179361 0.0895603 
0.0113553 -0.0200959 -0.00528514 0.00659891 -0.0200959 0.0942624 0.00661861 -0.0177135 -0.00528514 0.00661861 0.00935615 -0.0177991 0.00659891 -0.0177135 -0.0177991 0.0891531 
0.0113035 -0.0200841 -0.00530605 0.00663769 -0.0200841 0.094439 0.00665068 -0.0177457 -0.00530605 0.00665068 0.00946221 -0.0178122 0.00663769 -0.0177457 -0.0178122 0.0890868 
0.0112629 -0.0200131 -0.00530908 0.00665878 -0.0200131 0.0943416 0.00665779 -0.0177797 -0.00530908 0.00665779 0.00956008 -0.0179302 0.00665878 -0.0177797 -0.0179302 0.0892294 
0.0112955 -0.0199631 -0.00525805 0.00665159 -0.0199631 0.0941889 0.00664073 -0.01775 -0.00525805 0.00664073 0.00960598 -0.0180512 0.00665159 -0.01775 -0.0180512 0.0894797 
0.011388 -0.0199847 -0.0052208 0.00659486 -0.0199847 0.0941437 0.00658567 -0.0176634 -0.0052208 0.00658567 0.0095306 -0.0181307 0.00659486 -0.0176634 -0.0181307 0.0897343 
0.0114546 -0.0201289 -0.00521164 0.00654501 -0.0201289 0.0944555 0.00654734 -0.0175454 -0.00521164 0.00654734 0.00950186 -0.0180777 0.00654501 -0.0175454 -0.0180777 0.0898466 
0.0113881 -0.0202099 -0.00523349 0.00651025 -0.0202099 0.0946983 0.00652286 -0.0174243 -0.00523349 0.00652286 0.00958859 -0.0180163 0.00651025 -0.0174243 -0.0180163 0.0897024 
0.0113707 -0.0201463 -0.00524756 0.00654148 -0.0201463 0.094723 0.00654706 -0.0174273 -0.00524756 0.00654706 0.00962987 -0.0181246 0.00654148 -0.0174273 -0.0181246 0.0898264 
0.0113294 -0.0201056 -0.00524515 0.00655464 -0.0201056 0.0945818 0.00655394 -0.0174449 -0.00524515 0.00655394 0.00967454 -0.0181643 0.00655464 -0.0174449 -0.0181643 0.0899215 
0.0114423 -0.0200608 -0.00521184 0.00657178 -0.0200608 0.0945042 0.00656712 -0.0175061 -0.00521184 0.00656712 0.00954361 -0.0182416 0.00657178 -0.0175061 -0.0182416 0.0901334 
0.0115369 -0.0201673 -0.00515825 0.00651547 -0.0201673 0.0945503 0.00652093 -0.0174324 -0.00515825 0.00652093 0.00943292 -0.0180671 0.00651547 -0.0174324 -0.0180671 0.0898818 
0.0115568 -0.0202842 -0.00516213 0.006461 -0.0202842 0.0948041 0.00647475 -0.0173386 -0.00516213 0.00647475 0.00938769 -0.017939 0.006461 -0.0173386 -0.017939 0.0895628 
0.011588 -0.0203407 -0.00515885 0.00646158 -0.0203407 0.0950714 0.0064763 -0.0172894 -0.00515885 0.0064763 0.00937924 -0.0178914 0.00646158 -0.0172894 -0.0178914 0.0894111 
0.0116599 -0.0203516 -0.005118 0.00645406 -0.0203516 0.0951022 0.0064645 -0.0172575 -0.005118 0.0064645 0.00928599 -0.0178599 0.00645406 -0.0172575 -0.0178599 0.0892464 
0.0115769 -0.0204517 -0.00515851 0.00640888 -0.0204517 0.0953044 0.00642098 -0.0171837 -0.00515851 0.00642098 0.0093682 -0.0177637 0.00640888 -0.0171837 -0.0177637 0.0890872 
0.0115134 -0.0203481 -0.00517149 0.00646168 -0.0203481 0.0952301 0.0064649 -0.0172216 -0.00517149 0.0064649 0.00944777 -0.0178542 0.00646168 -0.0172216 -0.0178542 0.089129 
0.0115404 -0.0202491 -0.00514399 0.00648957 -0.0202491 0.0949737 0.00647997 -0.0172984 -0.00514399 0.00647997 0.00939966 -0.0179551 0.00648957 -0.0172984 -0.0179551 0.0893294 
0.011594 -0.0202754 -0.00510673 0.00645331 -0.0202754 0.094899 0.0064441 -0.0172635 -0.00510673 0.0064441 0.00930644 -0.0179047 0.00645331 -0.0172635 -0.0179047 0.0893449 
0.0115688 -0.0203343 -0.00510715 0.00640646 -0.0203343 0.0949724 0.00640418 -0.0171727 -0.00510715 0.00640418 0.0092851 -0.0177901 0.00640646 -0.0171727 -0.0177901 0.0891444 
0.0114883 -0.0203071 -0.0051587 0.00642214 -0.0203071 0.095008 0.00641798 -0.0171759 -0.0051587 0.00641798 0.00932789 -0.017777 0.00642214 -0.0171759 -0.017777 0.0890794 
0.0113862 -0.0201741 -0.005243 0.00650248 -0.0201741 0.0947443 0.00649027 -0.0173259 -0.005243 0.00649027 0.00934087 -0.0178235 0.00650248 -0.0173259 -0.0178235 0.0891276 
0.0113265 -0.0200481 -0.00528894 0.00659952 -0.0200481 0.0943937 0.00658413 -0.0175314 -0.00528894 0.00658413 0.00934592 -0.0178056 0.00659952 -0.0175314 -0.0178056 0.089073 
0.0112948 -0.0199848 -0.00530652 0.00666018 -0.0199848 0.0941606 0.00664919 -0.0177248 -0.00530652 0.00664919 0.0093929 -0.0177889 0.00666018 -0.0177248 -0.0177889 0.0889877 
0.0112754 -0.0199501 -0.00532295 0.00669706 -0.0199501 0.0940501 0.0066903 -0.0178883 -0.00532295 0.0066903 0.00942989 -0.0178531 0.00669706 -0.0178883 -0.0178531 0.0890797 
0.0112903 -0.019912 -0.00534198 0.0067155 -0.019912 0.0939242 0.0067131 -0.0179837 -0.00534198 0.0067131 0.0093684 -0.0178941 0.0067155 -0.0179837 -0.0178941 0.0891718 
0.0112841 -0.0199599 -0.00534837 0.00672179 -0.0199599 0.0939961 0.00672618 -0.0180027 -0.00534837 0.00672618 0.00936286 -0.0178125 0.00672179 -0.0180027 -0.0178125 0.0890823 
0.0112795 -0.0199601 -0.00533424 0.00672375 -0.0199601 0.0940377 0.00672988 -0.0180054 -0.00533424 0.00672988 0.00938998 -0.017785 0.00672375 -0.0180054 -0.017785 0.0889423 
0.011326 -0.0199422 -0.00532051 0.00671515 -0.0199422 0.0940029 0.00671741 -0.0180032 -0.00532051 0.00671741 0.00933789 -0.0178244 0.00671515 -0.0180032 -0.0178244 0.0889558 
0.011368 -0.0200238 -0.00530719 0.00670565 -0.0200238 0.0941955 0.00671094 -0.0179947 -0.00530719 0.00671094 0.00930388 -0.0177956 0.00670565 -0.0179947 -0.0177956 0.0890301 
0.011256 -0.0200186 -0.00532825 0.00668282 -0.0200186 0.0941441 0.00668962 -0.0179546 -0.00532825 0.00668962 0.00934065 -0.0177211 0.00668282 -0.0179546 -0.0177211 0.0888121 
0.0111549 -0.0198871 -0.00536407 0.00671888 -0.0198871 0.0939317 0.00671307 -0.0179855 -0.00536407 0.00671307 0.00938001 -0.0177628 0.00671888 -0.0179855 -0.0177628 0.0887917 
0.0111549 -0.0197895 -0.00537886 0.00677811 -0.0197895 0.0937494 0.00675919 -0.018094 -0.00537886 0.00675919 0.00938951 -0.0178325 0.00677811 -0.018094 -0.0178325 0.0889956 
0.0111816 -0.0197554 -0.00536412 0.00679534 -0.0197554 0.0935376 0.00677805 -0.0181728 -0.00536412 0.00677805 0.0093494 -0.0178264 0.00679534 -0.0181728 -0.0178264 0.0890213 
0.0112039 -0.0197741 -0.00534053 0.00676986 -0.0197741 0.093452 0.00676131 -0.0181648 -0.00534053 0.00676131 0.0092924 -0.0177606 0.00676986 -0.0181648 -0.0177606 0.0888664 
0.0112343 -0.0198196 -0.00531703 0.00674693 -0.0198196 0.09356 0.00674704 -0.018139 -0.00531703 0.00674704 0.00922798 -0.0177072 0.00674693 -0.018139 -0.0177072 0.0887652 
0.0112484 -0.0198377 -0.00529926 0.00672093 -0.0198377 0.093603 0.00672289 -0.01809 -0.00529926 0.00672289 0.00917469 -0.0176236 0.00672093 -0.01809 -0.0176236 0.0885736 
0.011189 -0.0198292 -0.00534101 0.00670752 -0.0198292 0.0935593 0.00670891 -0.0180598 -0.00534101 0.00670891 0.00919205 -0.0175532 0.00670752 -0.0180598 -0.0175532 0.0883655 
0.0111511 -0.019752 -0.00537391 0.00676835 -0.019752 0.0934159 0.00676603 -0.0181536 -0.00537391 0.00676603 0.00918249 -0.0175688 0.00676835 -0.0181536 -0.0175688 0.0883137 
0.0112001 -0.0197199 -0.00535122 0.00681484 -0.0197199 0.0933243 0.00681074 -0.0182807 -0.00535122 0.00681074 0.00912379 -0.0175494 0.00681484 -0.0182807 -0.0175494 0.0882871 
0.0112096 -0.0198029 -0.00535787 0.00678695 -0.0198029 0.0934724 0.00678954 -0.0182918 -0.00535787 0.00678954 0.00914231 -0.0174761 0.00678695 -0.0182918 -0.0174761 0.0881752 
0.0111678 -0.0197831 -0.00537666 0.00678097 -0.0197831 0.0934231 0.00678497 -0.0182637 -0.00537666 0.00678497 0.00916023 -0.0174677 0.00678097 -0.0182637 -0.0174677 0.0880098 
0.0111836 -0.019772 -0.00538444 0.00680941 -0.019772 0.0934699 0.00681092 -0.0182964 -0.00538444 0.00681092 0.00915159 -0.0175096 0.00680941 -0.0182964 -0.0175096 0.0880969 
0.0112594 -0.0197618 -0.0053637 0.0068211 -0.0197618 0.093409 0.00682262 -0.0183404 -0.0053637 0.00682262 0.00904623 -0.017496 0.0068211 -0.0183404 -0.017496 0.0880891 
0.0113278 -0.0198748 -0.00533188 0.00679862 -0.0198748 0.093616 0.00681005 -0.0183341 -0.00533188 0.00681005 0.00897707 -0.017374 0.00679862 -0.0183341 -0.017374 0.0879303 
0.0113383 -0.0199419 -0.00531922 0.00675701 -0.0199419 0.0937857 0.00677579 -0.0182699 -0.00531922 0.00677579 0.00893509 -0.0172722 0.00675701 -0.0182699 -0.0172722 0.087635 
0.0113597 -0.0199758 -0.00530354 0.00674311 -0.0199758 0.0939522 0.00675779 -0.018212 -0.00530354 0.00675779 0.00892824 -0.0172211 0.00674311 -0.018212 -0.0172211 0.0874628 
0.0113798 -0.0199983 -0.00526648 0.00672479 -0.0199983 0.094033 0.0067334 -0.0181571 -0.00526648 0.0067334 0.00892665 -0.0172078 0.00672479 -0.0181571 -0.0172078 0.0873726 
0.0113649 -0.0200157 -0.0052517 0.00668021 -0.0200157 0.0940732 0.00668202 -0.0180569 -0.0052517 0.00668202 0.00894579 -0.0172108 0.00668021 -0.0180569 -0.0172108 0.0873476 
0.0113268 -0.0199825 -0.0052381 0.00666116 -0.0199825 0.0940053 0.00665634 -0.0179742 -0.0052381 0.00665634 0.00899388 -0.0172404 0.00666116 -0.0179742 -0.0172404 0.0873852 
0.011291 -0.0199406 -0.00525424 0.00665256 -0.0199406 0.0939329 0.00663963 -0.0179326 -0.00525424 0.00663963 0.00904265 -0.0173192 0.00665256 -0.0179326 -0.0173192 0.0875767 
0.0112935 -0.0198486 -0.00526253 0.0066743 -0.0198486 0.0936598 0.00665828 -0.0179516 -0.00526253 0.00665828 0.00897586 -0.0173784 0.0066743 -0.0179516 -0.0173784 0.0877165 
0.0113097 -0.0198736 -0.00526397 0.00668886 -0.0198736 0.0936389 0.006681 -0.018001 -0.00526397 0.006681 0.0089339 -0.0173056 0.00668886 -0.018001 -0.0173056 0.0877093 
0.0113137 -0.0199218 -0.00526367 0.00668384 -0.0199218 0.0937653 0.00668545 -0.018013 -0.00526367 0.00668545 0.00894553 -0.0172289 0.00668384 -0.018013 -0.0172289 0.087537 
0.0112853 -0.0199164 -0.00529005 0.00668078 -0.0199164 0.0937794 0.00668393 -0.0180121 -0.00529005 0.00668393 0.00899181 -0.0172268 0.00668078 -0.0180121 -0.0172268 0.0874181 
0.0112589 -0.0198773 -0.00532384 0.00672032 -0.0198773 0.0937212 0.00671889 -0.01808 -0.00532384 0.00671889 0.00903373 -0.0172989 0.00672032 -0.01808 -0.0172989 0.0875255 
0.0112212 -0.0198024 -0.00536117 0.00676216 -0.0198024 0.0934698 0.00675963 -0.0181817 -0.00536117 0.00675963 0.00901599 -0.0173389 0.00676216 -0.0181817 -0.0173389 0.0875772 
0.0112054 -0.0198041 -0.00539528 0.00680239 -0.0198041 0.093456 0.00680367 -0.0182767 -0.00539528 0.00680367 0.00903421 -0.0173114 0.00680239 -0.0182767 -0.0173114 0.0875764 
0.011235 -0.0198377 -0.00539625 0.00684387 -0.0198377 0.0936221 0.00684855 -0.0183777 -0.00539625 0.00684855 0.00909168 -0.0173346 0.00684387 -0.0183777 -0.0173346 0.0876439 
0.0112386 -0.0198527 -0.00538952 0.00684169 -0.0198527 0.0936675 0.00684685 -0.0184208 -0.00538952 0.00684685 0.00912658 -0.0174032 0.00684169 -0.0184208 -0.0174032 0.0877539 
0.0111394 -0.0198469 -0.00543396 0.00683515 -0.0198469 0.0936693 0.00683814 -0.0184206 -0.00543396 0.00683814 0.0092247 -0.0174643 0.00683515 -0.0184206 -0.0174643 0.0879243 
0.0110667 -0.0197547 -0.00546138 0.00687734 -0.0197547 0.0935725 0.00687149 -0.018448 -0.00546138 0.00687149 0.00932081 -0.0175819 0.00687734 -0.018448 -0.0175819 0.0881796 
0.0110082 -0.0196219 -0.00547825 0.0069128 -0.0196219 0.0932 0.00689615 -0.0185166 -0.00547825 0.00689615 0.00935797 -0.0176866 0.0069128 -0.0185166 -0.0176866 0.088386 
0.0110182 -0.0195802 -0.0054882 0.00693768 -0.0195802 0.0930566 0.00692233 -0.0185874 -0.0054882 0.00692233 0.00935791 -0.0177522 0.00693768 -0.0185874 -0.0177522 0.0886382 
0.0110822 -0.0196035 -0.00547419 0.00695536 -0.0196035 0.0930932 0.00694736 -0.0186563 -0.00547419 0.00694736 0.00930174 -0.0177673 0.00695536 -0.0186563 -0.0177673 0.0888034 
0.0111191 -0.0196684 -0.00545719 0.00692044 -0.0196684 0.0931666 0.00692286 -0.0186205 -0.00545719 0.00692286 0.0092611 -0.0176732 0.00692044 -0.0186205 -0.0176732 0.0886396 
0.0111572 -0.0197319 -0.00542341 0.00689235 -0.0197319 0.0933391 0.0069011 -0.0185537 -0.00542341 0.0069011 0.00925956 -0.0176181 0.00689235 -0.0185537 -0.0176181 0.0884719 
0.0111724 -0.0197852 -0.00543638 0.00685699 -0.0197852 0.0935182 0.00686457 -0.0184799 -0.00543638 0.00686457 0.00926903 -0.0176336 0.00685699 -0.0184799 -0.0176336 0.0884701 
0.0111717 -0.019788 -0.0054551 0.0068668 -0.019788 0.0935526 0.00687286 -0.0184528 -0.0054551 0.00687286 0.00925992 -0.0176446 0.0068668 -0.0184528 -0.0176446 0.0884795 
0.0111162 -0.0197917 -0.00546118 0.00688424 -0.0197917 0.0935566 0.00689171 -0.0184691 -0.00546118 0.00689171 0.0093133 -0.0176215 0.00688424 -0.0184691 -0.0176215 0.0884243 
0.0110943 -0.0197356 -0.00547116 0.00691063 -0.0197356 0.0935211 0.00691157 -0.0185411 -0.00547116 0.00691157 0.00934265 -0.0177026 0.00691063 -0.0185411 -0.0177026 0.0885733 
0.0110902 -0.0196874 -0.00545258 0.00690903 -0.0196874 0.0933447 0.00690218 -0.0185354 -0.00545258 0.00690218 0.009357 -0.0177163 0.00690903 -0.0185354 -0.0177163 0.0885913 
0.0111108 -0.0196785 -0.00543858 0.00690308 -0.0196785 0.0932846 0.0068968 -0.0185484 -0.00543858 0.0068968 0.00933211 -0.0177599 0.00690308 -0.0185484 -0.0177599 0.0887204 
0.0110624 -0.0196862 -0.00544189 0.00687469 -0.0196862 0.0932269 0.00687125 -0.0184971 -0.00544189 0.00687125 0.00935947 -0.0177186 0.00687469 -0.0184971 -0.0177186 0.088662 
0.0110613 -0.0196797 -0.00545234 0.00687915 -0.0196797 0.0933204 0.00687389 -0.0184696 -0.00545234 0.00687389 0.0094122 -0.017767 0.00687915 -0.0184696 -0.017767 0.0887779 
0.0110954 -0.0196627 -0.00544852 0.0068918 -0.0196627 0.0932884 0.00688451 -0.018483 -0.00544852 0.00688451 0.00940188 -0.0178346 0.0068918 -0.018483 -0.0178346 0.0889354 
0.0110476 -0.0196902 -0.0054521 0.00686757 -0.0196902 0.0932515 0.00686632 -0.0184355 -0.0054521 0.00686632 0.00945212 -0.0178019 0.00686757 -0.0184355 -0.0178019 0.0888821 
0.0109977 -0.0196511 -0.00547276 0.00687703 -0.0196511 0.0932334 0.00687502 -0.018433 -0.00547276 0.00687502 0.00949806 -0.017871 0.00687703 -0.018433 -0.017871 0.0889831 
0.0109713 -0.0195945 -0.00547563 0.00690227 -0.0195945 0.093138 0.0068981 -0.0184685 -0.00547563 0.0068981 0.00952802 -0.0179344 0.00690227 -0.0184685 -0.0179344 0.0891495 
0.0109904 -0.0195812 -0.00547858 0.00691308 -0.0195812 0.0931357 0.00690499 -0.0185059 -0.00547858 0.00690499 0.00953012 -0.0179895 0.00691308 -0.0185059 -0.0179895 0.0893612 
0.0109791 -0.0195733 -0.00547821 0.00689928 -0.0195733 0.0930282 0.00689249 -0.0184779 -0.00547821 0.00689249 0.00953474 -0.017963 0.00689928 -0.0184779 -0.017963 0.0893071 
0.0110672 -0.0196053 -0.00546152 0.00691171 -0.0196053 0.0931733 0.00690832 -0.0185028 -0.00546152 0.00690832 0.00950793 -0.0180033 0.00691171 -0.0185028 -0.0180033 0.0894586 
0.0111117 -0.0197004 -0.00542805 0.00687267 -0.0197004 0.0933321 0.00687783 -0.0184436 -0.00542805 0.00687783 0.00952175 -0.0179549 0.00687267 -0.0184436 -0.0179549 0.0893927 
