0.0103277 0 0.00192256 0 0 0.0099928 0 0 0.00192256 0 0.0037971 0 0 0 0 0.0099928 
0.0146389 -0.018125 0.00235854 -0.00288805 -0.018125 0.043918 -0.00288805 0.00553802 0.00235854 -0.00288805 0.00531905 -0.00665309 -0.00288805 0.00553802 -0.00665309 0.0219216 
0.014336 -0.0259902 0.00207647 -0.00337366 -0.0259902 0.0921467 -0.00337366 0.0106316 0.00207647 -0.00337366 0.00569186 -0.0113925 -0.00337366 0.0106316 -0.0113925 0.0456465 
0.0133648 -0.0240926 0.00195626 -0.00245611 -0.0240926 0.103341 -0.00246455 0.00827965 0.00195626 -0.00246455 0.00562297 -0.0128942 -0.00245611 0.00827965 -0.0128942 0.0626649 
0.013272 -0.0227675 0.00210762 -0.00222298 -0.0227675 0.102445 -0.00223626 0.00599292 0.00210762 -0.00223626 0.00565161 -0.0129679 -0.00222298 0.00599292 -0.0129679 0.0704972 
0.0135203 -0.0227786 0.00227291 -0.00247908 -0.0227786 0.10227 -0.00248462 0.00583795 0.00227291 -0.00248462 0.0057581 -0.0129297 -0.00247908 0.00583795 -0.0129297 0.0736096 
0.0137104 -0.0229826 0.00229205 -0.00268005 -0.0229826 0.102516 -0.00267462 0.00631133 0.00229205 -0.00267462 0.00575496 -0.0128739 -0.00268005 0.00631133 -0.0128739 0.0744109 
0.0138041 -0.023197 0.00220639 -0.00264731 -0.023197 0.103029 -0.00264212 0.00644186 0.00220639 -0.00264212 0.00570609 -0.0127578 -0.00264731 0.00644186 -0.0127578 0.0744106 
0.0138297 -0.0232119 0.00212594 -0.00255889 -0.0232119 0.103023 -0.00256139 0.00636178 0.00212594 -0.00256139 0.00564873 -0.0126302 -0.00255889 0.00636178 -0.0126302 0.0739955 
0.0139285 -0.0233228 0.00207517 -0.00248878 -0.0233228 0.10341 -0.00249896 0.00623846 0.00207517 -0.00249896 0.00561383 -0.0126036 -0.00248878 0.00623846 -0.0126036 0.073967 
0.0139306 -0.0233625 0.00206715 -0.00239569 -0.0233625 0.103395 -0.00241061 0.00600345 0.00206715 -0.00241061 0.0055605 -0.0125115 -0.00239569 0.00600345 -0.0125115 0.073617 
0.0140168 -0.0234441 0.0020806 -0.0024564 -0.0234441 0.103743 -0.00246311 0.00606672 0.0020806 -0.00246311 0.00554502 -0.0125211 -0.0024564 0.00606672 -0.0125211 0.0737249 
0.0140324 -0.0235084 0.00208126 -0.00245745 -0.0235084 0.103863 -0.00245749 0.00608422 0.00208126 -0.00245749 0.00553979 -0.0124746 -0.00245745 0.00608422 -0.0124746 0.0736005 
0.0140654 -0.0235397 0.00209864 -0.00248628 -0.0235397 0.103999 -0.00248295 0.0061647 0.00209864 -0.00248295 0.00552869 -0.0124926 -0.00248628 0.0061647 -0.0124926 0.0736294 
0.0140371 -0.0235412 0.00209909 -0.00251201 -0.0235412 0.103941 -0.00250787 0.00624457 0.00209909 -0.00250787 0.00558957 -0.0124752 -0.00251201 0.00624457 -0.0124752 0.0735648 
0.0141108 -0.0235841 0.00201535 -0.00243462 -0.0235841 0.104159 -0.00243084 0.00606493 0.00201535 -0.00243084 0.00553894 -0.0125346 -0.00243462 0.00606493 -0.0125346 0.073666 
0.0141198 -0.0236502 0.00198848 -0.00234765 -0.0236502 0.104301 -0.00235337 0.00588099 0.00198848 -0.00235337 0.00552599 -0.0125036 -0.00234765 0.00588099 -0.0125036 0.0737091 
0.0140304 -0.0236119 0.00201101 -0.00230276 -0.0236119 0.104162 -0.0023145 0.00572216 0.00201101 -0.0023145 0.00556588 -0.012463 -0.00230276 0.00572216 -0.012463 0.0735353 
0.0140017 -0.0235596 0.00208459 -0.00238956 -0.0235596 0.104187 -0.00239368 0.00585579 0.00208459 -0.00239368 0.00564894 -0.0125692 -0.00238956 0.00585579 -0.0125692 0.0738148 
0.0140284 -0.0235014 0.00207849 -0.00246735 -0.0235014 0.10403 -0.00245681 0.00601518 0.00207849 -0.00245681 0.00563814 -0.01266 -0.00246735 0.00601518 -0.01266 0.0740398 
0.0140786 -0.0235447 0.00206112 -0.00242735 -0.0235447 0.104055 -0.00241653 0.00598423 0.00206112 -0.00241653 0.00555696 -0.0126364 -0.00242735 0.00598423 -0.0126364 0.074084 
0.0141619 -0.0236142 0.0020277 -0.00243817 -0.0236142 0.104223 -0.00243372 0.0060203 0.0020277 -0.00243372 0.00546532 -0.0125603 -0.00243817 0.0060203 -0.0125603 0.0740314 
0.0142354 -0.0236954 0.00201052 -0.00241073 -0.0236954 0.104369 -0.00241624 0.00602471 0.00201052 -0.00241624 0.00537777 -0.012434 -0.00241073 0.00602471 -0.012434 0.0737559 
0.0142298 -0.0237723 0.00207028 -0.00240255 -0.0237723 0.104513 -0.00241531 0.00603127 0.00207028 -0.00241531 0.00538966 -0.0123172 -0.00240255 0.00603127 -0.0123172 0.0734165 
0.0142704 -0.0237596 0.00204125 -0.00245301 -0.0237596 0.104512 -0.00245634 0.00607326 0.00204125 -0.00245634 0.00535803 -0.0122973 -0.00245301 0.00607326 -0.0122973 0.073159 
0.0142266 -0.0238327 0.0020756 -0.00244309 -0.0238327 0.104674 -0.00244248 0.0061196 0.0020756 -0.00244248 0.00547879 -0.0122913 -0.00244309 0.0061196 -0.0122913 0.0731446 
0.0142286 -0.0237976 0.00207629 -0.00246408 -0.0237976 0.104726 -0.0024575 0.00612296 0.00207629 -0.0024575 0.00552985 -0.0124454 -0.00246408 0.00612296 -0.0124454 0.0733865 
0.0142502 -0.0238201 0.00201743 -0.00239806 -0.0238201 0.104803 -0.00239018 0.0059464 0.00201743 -0.00239018 0.00550878 -0.0125048 -0.00239806 0.0059464 -0.0125048 0.0736104 
0.0142743 -0.0237994 0.00196708 -0.00231385 -0.0237994 0.104686 -0.00231352 0.00573571 0.00196708 -0.00231352 0.00541873 -0.0124671 -0.00231385 0.00573571 -0.0124671 0.0735585 
0.0143841 -0.0238618 0.00185663 -0.0022446 -0.0238618 0.10482 -0.00225159 0.00553528 0.00185663 -0.00225159 0.00526539 -0.0123605 -0.0022446 0.00553528 -0.0123605 0.0734057 
0.0144886 -0.0240009 0.00178112 -0.00214852 -0.0240009 0.105132 -0.00216875 0.00537248 0.00178112 -0.00216875 0.00513972 -0.01219 -0.00214852 0.00537248 -0.01219 0.0731218 
0.0145791 -0.0241305 0.00175021 -0.00206901 -0.0241305 0.10548 -0.00209872 0.00520473 0.00175021 -0.00209872 0.00502382 -0.0120292 -0.00206901 0.00520473 -0.0120292 0.0727428 
0.0145736 -0.0241983 0.00181383 -0.00206087 -0.0241983 0.105616 -0.0020897 0.00515976 0.00181383 -0.0020897 0.00500423 -0.0118706 -0.00206087 0.00515976 -0.0118706 0.072273 
0.0145437 -0.0242381 0.00191544 -0.00217148 -0.0242381 0.10585 -0.00218283 0.00533561 0.00191544 -0.00218283 0.00510158 -0.0118589 -0.00217148 0.00533561 -0.0118589 0.0721465 
0.0145382 -0.0242023 0.00195019 -0.00228375 -0.0242023 0.105872 -0.0022703 0.00555695 0.00195019 -0.0022703 0.00515506 -0.0119621 -0.00228375 0.00555695 -0.0119621 0.0722382 
0.0145557 -0.0241947 0.00193561 -0.00232124 -0.0241947 0.105855 -0.00229686 0.00569361 0.00193561 -0.00229686 0.00516213 -0.0120385 -0.00232124 0.00569361 -0.0120385 0.0724355 
0.0145566 -0.0241788 0.00190608 -0.00229806 -0.0241788 0.10573 -0.00228034 0.00570791 0.00190608 -0.00228034 0.00513919 -0.0120472 -0.00229806 0.00570791 -0.0120472 0.0724778 
0.0146174 -0.0242385 0.00186909 -0.00226227 -0.0242385 0.105933 -0.00225693 0.00566154 0.00186909 -0.00225693 0.00511825 -0.0120547 -0.00226227 0.00566154 -0.0120547 0.0726273 
0.0145906 -0.0242243 0.00185241 -0.00219178 -0.0242243 0.105753 -0.00219786 0.00551513 0.00185241 -0.00219786 0.00511132 -0.0119861 -0.00219178 0.00551513 -0.0119861 0.0723811 
0.014585 -0.0242611 0.00185052 -0.00214878 -0.0242611 0.105906 -0.00215706 0.00535843 0.00185052 -0.00215706 0.00512001 -0.0119866 -0.00214878 0.00535843 -0.0119866 0.072359 
0.0145808 -0.0242261 0.00183685 -0.00215554 -0.0242261 0.105838 -0.0021584 0.00531564 0.00183685 -0.0021584 0.00509909 -0.0119946 -0.00215554 0.00531564 -0.0119946 0.0723334 
0.0145859 -0.024254 0.00183775 -0.00214204 -0.024254 0.105937 -0.00214364 0.00528754 0.00183775 -0.00214364 0.00508128 -0.0119832 -0.00214204 0.00528754 -0.0119832 0.0723814 
0.0146252 -0.0242883 0.00179794 -0.0021304 -0.0242883 0.106116 -0.00213137 0.00524005 0.00179794 -0.00213137 0.00504643 -0.011959 -0.0021304 0.00524005 -0.011959 0.0723988 
0.0145945 -0.0242371 0.00177095 -0.00210546 -0.0242371 0.105853 -0.00211059 0.00522123 0.00177095 -0.00211059 0.0050242 -0.011884 -0.00210546 0.00522123 -0.011884 0.0721224 
0.0146404 -0.0242973 0.0017524 -0.00206886 -0.0242973 0.1061 -0.00207817 0.00515066 0.0017524 -0.00207817 0.00500837 -0.0118833 -0.00206886 0.00515066 -0.0118833 0.0721718 
0.0146381 -0.024305 0.00173799 -0.00206043 -0.024305 0.106099 -0.00207003 0.00512387 0.00173799 -0.00207003 0.00498615 -0.0118605 -0.00206043 0.00512387 -0.0118605 0.0721087 
0.0145848 -0.0242833 0.00175266 -0.00202854 -0.0242833 0.10601 -0.0020391 0.00505383 0.00175266 -0.0020391 0.0049986 -0.0118109 -0.00202854 0.00505383 -0.0118109 0.0719439 
0.0144866 -0.0242134 0.00179477 -0.00203293 -0.0242134 0.105839 -0.00203951 0.00500832 0.00179477 -0.00203951 0.00505256 -0.0118017 -0.00203293 0.00500832 -0.0118017 0.0718069 
0.0144615 -0.0241063 0.00180486 -0.00211215 -0.0241063 0.105633 -0.00210784 0.00513819 0.00180486 -0.00210784 0.00506939 -0.0118772 -0.00211215 0.00513819 -0.0118772 0.0719161 
0.0144546 -0.0240498 0.00180571 -0.00212359 -0.0240498 0.10539 -0.00211622 0.00521458 0.00180571 -0.00211622 0.00504362 -0.0118856 -0.00212359 0.00521458 -0.0118856 0.0719416 
0.0144947 -0.024077 0.00179314 -0.00209342 -0.024077 0.105435 -0.00208823 0.00515343 0.00179314 -0.00208823 0.0049681 -0.0118419 -0.00209342 0.00515343 -0.0118419 0.0718944 
0.0145217 -0.0240934 0.00177438 -0.00212308 -0.0240934 0.105409 -0.00211989 0.00522642 0.00177438 -0.00211989 0.00491739 -0.0117469 -0.00212308 0.00522642 -0.0117469 0.071692 
0.0145531 -0.0241989 0.00177085 -0.00209279 -0.0241989 0.105764 -0.0020927 0.00520834 0.00177085 -0.0020927 0.00490412 -0.0116868 -0.00209279 0.00520834 -0.0116868 0.0716013 
0.0145426 -0.0241724 0.00175255 -0.00209777 -0.0241724 0.105705 -0.00209964 0.00521644 0.00175255 -0.00209964 0.00488774 -0.0116415 -0.00209777 0.00521644 -0.0116415 0.0713746 
0.01453 -0.0241966 0.00174927 -0.0020792 -0.0241966 0.105815 -0.00208291 0.00520609 0.00174927 -0.00208291 0.00491044 -0.0116336 -0.0020792 0.00520609 -0.0116336 0.0713509 
0.0144975 -0.0241497 0.00174571 -0.00208148 -0.0241497 0.105706 -0.00208653 0.00520908 0.00174571 -0.00208653 0.00492943 -0.0116533 -0.00208148 0.00520908 -0.0116533 0.071328 
0.0144802 -0.0240712 0.00165277 -0.00200661 -0.0240712 0.105412 -0.00201346 0.00501835 0.00165277 -0.00201346 0.00487328 -0.0116196 -0.00200661 0.00501835 -0.0116196 0.0711114 
0.0144958 -0.0241208 0.0015798 -0.00188736 -0.0241208 0.105562 -0.00190155 0.00475515 0.0015798 -0.00190155 0.0048416 -0.0115727 -0.00188736 0.00475515 -0.0115727 0.0710823 
0.0144295 -0.0240853 0.00160141 -0.0018449 -0.0240853 0.10545 -0.00186664 0.00463821 0.00160141 -0.00186664 0.00488025 -0.0115332 -0.0018449 0.00463821 -0.0115332 0.0709543 
0.0144703 -0.0240479 0.00161139 -0.00192474 -0.0240479 0.105476 -0.00193868 0.00476713 0.00161139 -0.00193868 0.00488565 -0.0116162 -0.00192474 0.00476713 -0.0116162 0.0711667 
0.0144914 -0.0240378 0.001629 -0.00193343 -0.0240378 0.105311 -0.00194365 0.00484341 0.001629 -0.00194365 0.00486939 -0.0116067 -0.00193343 0.00484341 -0.0116067 0.0711565 
0.0145171 -0.0240875 0.00166111 -0.00196553 -0.0240875 0.105387 -0.0019707 0.00492191 0.00166111 -0.0019707 0.0048852 -0.0116007 -0.00196553 0.00492191 -0.0116007 0.071178 
0.01456 -0.0241499 0.00165033 -0.00197029 -0.0241499 0.10559 -0.00196808 0.00490945 0.00165033 -0.00196808 0.00488031 -0.0116163 -0.00197029 0.00490945 -0.0116163 0.0712232 
0.0145472 -0.0241626 0.00164067 -0.00196006 -0.0241626 0.105579 -0.00195503 0.00489186 0.00164067 -0.00195503 0.00488435 -0.0116055 -0.00196006 0.00489186 -0.0116055 0.0711617 
0.0144684 -0.0241485 0.00170455 -0.0019645 -0.0241485 0.105547 -0.00196102 0.00490807 0.00170455 -0.00196102 0.00496866 -0.0116252 -0.0019645 0.00490807 -0.0116252 0.0711833 
0.0144058 -0.0240764 0.00173731 -0.00201373 -0.0240764 0.105472 -0.00200381 0.00494664 0.00173731 -0.00200381 0.00502748 -0.0117291 -0.00201373 0.00494664 -0.0117291 0.0713766 
0.0143971 -0.0240074 0.00176182 -0.00205966 -0.0240074 0.105353 -0.00204434 0.00504469 0.00176182 -0.00204434 0.00504996 -0.0118204 -0.00205966 0.00504469 -0.0118204 0.0716638 
0.0144318 -0.0239634 0.00173816 -0.00208036 -0.0239634 0.105146 -0.00206454 0.00510562 0.00173816 -0.00206454 0.00499773 -0.011832 -0.00208036 0.00510562 -0.011832 0.071736 
0.0145327 -0.0240642 0.00169579 -0.00208596 -0.0240642 0.105395 -0.00207709 0.00518596 0.00169579 -0.00207709 0.00497284 -0.0118112 -0.00208596 0.00518596 -0.0118112 0.0718783 
0.0145768 -0.024139 0.00168377 -0.00203324 -0.024139 0.105497 -0.00203584 0.00514569 0.00168377 -0.00203584 0.00494732 -0.0117656 -0.00203324 0.00514569 -0.0117656 0.0717542 
0.0145744 -0.02423 0.00167754 -0.00199504 -0.02423 0.105775 -0.00200309 0.00503555 0.00167754 -0.00200309 0.00500036 -0.0117478 -0.00199504 0.00503555 -0.0117478 0.0717262 
0.0145326 -0.0241728 0.0016798 -0.00198894 -0.0241728 0.105643 -0.00199605 0.00498765 0.0016798 -0.00199605 0.00503813 -0.0118025 -0.00198894 0.00498765 -0.0118025 0.0717076 
0.0145295 -0.0241494 0.00170757 -0.0019927 -0.0241494 0.105599 -0.00199548 0.00497473 0.00170757 -0.00199548 0.0050403 -0.0118813 -0.0019927 0.00497473 -0.0118813 0.0719192 
0.0146034 -0.0241743 0.00169574 -0.00201734 -0.0241743 0.105693 -0.00201634 0.00499097 0.00169574 -0.00201634 0.00498187 -0.011907 -0.00201734 0.00499097 -0.011907 0.0721239 
0.0146577 -0.0242298 0.00166226 -0.00197914 -0.0242298 0.105722 -0.00197808 0.00491451 0.00166226 -0.00197808 0.00486434 -0.0118023 -0.00197914 0.00491451 -0.0118023 0.0719358 
0.0146704 -0.0243356 0.00168173 -0.00196811 -0.0243356 0.106015 -0.00197048 0.00489983 0.00168173 -0.00197048 0.00485103 -0.011673 -0.00196811 0.00489983 -0.011673 0.0717177 
0.0146125 -0.0243556 0.00175508 -0.00200371 -0.0243556 0.106187 -0.0020056 0.00496272 0.00175508 -0.0020056 0.00491717 -0.0116409 -0.00200371 0.00496272 -0.0116409 0.0715529 
0.0145841 -0.0242896 0.00179578 -0.00211066 -0.0242896 0.106164 -0.00210285 0.00517059 0.00179578 -0.00210285 0.00499525 -0.0117264 -0.00211066 0.00517059 -0.0117264 0.0716541 
0.0145657 -0.0241679 0.00177376 -0.00214777 -0.0241679 0.10572 -0.00213455 0.00530556 0.00177376 -0.00213455 0.00497619 -0.0117887 -0.00214777 0.00530556 -0.0117887 0.0716428 
0.0146092 -0.0242143 0.00172593 -0.00209202 -0.0242143 0.105786 -0.00208581 0.00523878 0.00172593 -0.00208581 0.00492356 -0.0117854 -0.00209202 0.00523878 -0.0117854 0.0717473 
0.0146255 -0.0242734 0.00170527 -0.00201042 -0.0242734 0.105931 -0.00201588 0.00505801 0.00170527 -0.00201588 0.00488092 -0.0117117 -0.00201042 0.00505801 -0.0117117 0.0716513 
0.0145975 -0.0242649 0.00172287 -0.00201952 -0.0242649 0.10592 -0.00202938 0.00503853 0.00172287 -0.00202938 0.00488584 -0.0116572 -0.00201952 0.00503853 -0.0116572 0.0714922 
0.0145829 -0.0242744 0.00174876 -0.00202773 -0.0242744 0.106041 -0.00203514 0.00503292 0.00174876 -0.00203514 0.0049178 -0.0116583 -0.00202773 0.00503292 -0.0116583 0.0714737 
0.014473 -0.0241802 0.00181925 -0.00206863 -0.0241802 0.105737 -0.00206946 0.00510132 0.00181925 -0.00206946 0.00499538 -0.0116669 -0.00206863 0.00510132 -0.0116669 0.0713427 
0.0144475 -0.0241315 0.00182895 -0.00215187 -0.0241315 0.105758 -0.00213921 0.00523957 0.00182895 -0.00213921 0.00507849 -0.0117849 -0.00215187 0.00523957 -0.0117849 0.071623 
0.0143739 -0.0240025 0.00183785 -0.00219308 -0.0240025 0.105313 -0.00217802 0.0054049 0.00183785 -0.00217802 0.00515688 -0.0118793 -0.00219308 0.0054049 -0.0118793 0.0717723 
0.0143525 -0.0239439 0.00186765 -0.00221268 -0.0239439 0.105123 -0.00220165 0.00550682 0.00186765 -0.00220165 0.00521809 -0.0120123 -0.00221268 0.00550682 -0.0120123 0.0721338 
0.014381 -0.023968 0.00184928 -0.00220415 -0.023968 0.105217 -0.00219626 0.00547534 0.00184928 -0.00219626 0.00523555 -0.0121094 -0.00220415 0.00547534 -0.0121094 0.0725202 
0.0143537 -0.0239424 0.00184312 -0.00216597 -0.0239424 0.105058 -0.00216273 0.00538863 0.00184312 -0.00216273 0.005228 -0.0121114 -0.00216597 0.00538863 -0.0121114 0.0725639 
0.0143697 -0.0239723 0.00183394 -0.00216603 -0.0239723 0.105214 -0.00216622 0.00536272 0.00183394 -0.00216622 0.00523191 -0.0121345 -0.00216603 0.00536272 -0.0121345 0.072743 
0.014342 -0.023961 0.00185132 -0.00215886 -0.023961 0.105184 -0.00216092 0.00535184 0.00185132 -0.00216092 0.00524226 -0.0121312 -0.00215886 0.00535184 -0.0121312 0.0727597 
0.0143362 -0.0239345 0.00185312 -0.00216918 -0.0239345 0.105151 -0.00217062 0.00534666 0.00185312 -0.00217062 0.00523818 -0.0121342 -0.00216918 0.00534666 -0.0121342 0.0727661 
0.0143177 -0.0239241 0.00187236 -0.00219053 -0.0239241 0.105119 -0.00219101 0.00540466 0.00187236 -0.00219101 0.00526964 -0.0121336 -0.00219053 0.00540466 -0.0121336 0.0727859 
0.0143436 -0.023878 0.00185774 -0.00221377 -0.023878 0.104971 -0.00221168 0.00546257 0.00185774 -0.00221168 0.00523014 -0.0121574 -0.00221377 0.00546257 -0.0121574 0.0727695 
0.0144146 -0.0239015 0.00181473 -0.00219238 -0.0239015 0.104919 -0.00219271 0.00545093 0.00181473 -0.00219271 0.00514815 -0.012107 -0.00219238 0.00545093 -0.012107 0.0726722 
0.014497 -0.0240062 0.00176955 -0.00215977 -0.0240062 0.105114 -0.00216691 0.00542223 0.00176955 -0.00216691 0.0050978 -0.0120242 -0.00215977 0.00542223 -0.0120242 0.07254 
0.0145029 -0.0241338 0.00181149 -0.00208125 -0.0241338 0.105461 -0.00209499 0.00526552 0.00181149 -0.00209499 0.00512636 -0.0119594 -0.00208125 0.00526552 -0.0119594 0.0723859 
0.0144689 -0.0241051 0.0018451 -0.00211847 -0.0241051 0.105451 -0.00212298 0.00522165 0.0018451 -0.00212298 0.00514267 -0.0119707 -0.00211847 0.00522165 -0.0119707 0.0722476 
0.014456 -0.0241029 0.00189538 -0.00218539 -0.0241029 0.105529 -0.00217632 0.00534043 0.00189538 -0.00217632 0.0051724 -0.0120246 -0.00218539 0.00534043 -0.0120246 0.072399 
0.0145123 -0.024078 0.00187012 -0.0022234 -0.024078 0.105489 -0.00220604 0.00541602 0.00187012 -0.00220604 0.00506241 -0.0120416 -0.0022234 0.00541602 -0.0120416 0.0724456 
0.014537 -0.0241342 0.0018767 -0.0022002 -0.0241342 0.10553 -0.00218811 0.00542895 0.0018767 -0.00218811 0.00496596 -0.011899 -0.0022002 0.00542895 -0.011899 0.0722269 
0.0146194 -0.0241932 0.00178408 -0.00221555 -0.0241932 0.105729 -0.00220833 0.0054607 0.00178408 -0.00220833 0.00485784 -0.0117626 -0.00221555 0.0054607 -0.0117626 0.0719097 
0.0146394 -0.024259 0.00173582 -0.00211972 -0.024259 0.105827 -0.00212939 0.0053807 0.00173582 -0.00212939 0.00482828 -0.0116025 -0.00211972 0.0053807 -0.0116025 0.0714502 
0.0146956 -0.0243383 0.00168035 -0.00201514 -0.0243383 0.106135 -0.00203666 0.00512789 0.00168035 -0.00203666 0.00480173 -0.0115484 -0.00201514 0.00512789 -0.0115484 0.0712022 
0.0146891 -0.0243562 0.00165723 -0.00195144 -0.0243562 0.106156 -0.00197344 0.00493071 0.00165723 -0.00197344 0.00480527 -0.0115054 -0.00195144 0.00493071 -0.0115054 0.0709774 
0.0146438 -0.024327 0.00168449 -0.0019475 -0.024327 0.106055 -0.00196327 0.00487206 0.00168449 -0.00196327 0.0048456 -0.0115183 -0.0019475 0.00487206 -0.0115183 0.0708978 
0.0146093 -0.0243148 0.00175658 -0.00202181 -0.0243148 0.106112 -0.00202566 0.00500292 0.00175658 -0.00202566 0.00494032 -0.0116183 -0.00202181 0.00500292 -0.0116183 0.0711759 
0.0145694 -0.0242504 0.00180934 -0.00209742 -0.0242504 0.105963 -0.00208834 0.00515053 0.00180934 -0.00208834 0.0049932 -0.0117342 -0.00209742 0.00515053 -0.0117342 0.0714428 
0.01453 -0.0242045 0.00182919 -0.00216687 -0.0242045 0.105836 -0.0021489 0.00531527 0.00182919 -0.0021489 0.00503959 -0.0118172 -0.00216687 0.00531527 -0.0118172 0.0717229 
0.0144838 -0.0241533 0.0018227 -0.00218146 -0.0241533 0.105694 -0.00216387 0.00539568 0.0018227 -0.00216387 0.00509184 -0.0118726 -0.00218146 0.00539568 -0.0118726 0.0719063 
0.0144891 -0.0241183 0.00179283 -0.00216893 -0.0241183 0.105645 -0.00216038 0.00540875 0.00179283 -0.00216038 0.00510839 -0.0119534 -0.00216893 0.00540875 -0.0119534 0.0721603 
0.0144289 -0.0240648 0.00181561 -0.00212026 -0.0240648 0.105388 -0.0021235 0.00533188 0.00181561 -0.0021235 0.00514281 -0.0119595 -0.00212026 0.00533188 -0.0119595 0.0721756 
0.0144552 -0.0240633 0.00184388 -0.00215497 -0.0240633 0.105478 -0.00215939 0.00535331 0.00184388 -0.00215939 0.0051621 -0.0120383 -0.00215497 0.00535331 -0.0120383 0.0724462 
0.0144441 -0.0240407 0.00185425 -0.00217501 -0.0240407 0.105328 -0.00217389 0.00537792 0.00185425 -0.00217389 0.00516278 -0.012036 -0.00217501 0.00537792 -0.012036 0.0724441 
0.0144374 -0.0240611 0.00189246 -0.00222409 -0.0240611 0.1054 -0.00221964 0.00550484 0.00189246 -0.00221964 0.00522339 -0.0120701 -0.00222409 0.00550484 -0.0120701 0.0725894 
0.0144057 -0.0240517 0.00188579 -0.00221292 -0.0240517 0.105395 -0.00220465 0.00546565 0.00188579 -0.00220465 0.00526047 -0.0121095 -0.00221292 0.00546565 -0.0121095 0.0726246 
0.0143755 -0.0240161 0.00191405 -0.00222912 -0.0240161 0.10535 -0.00222058 0.00550353 0.00191405 -0.00222058 0.00530497 -0.0121828 -0.00222912 0.00550353 -0.0121828 0.0728167 
0.0143589 -0.023969 0.00190751 -0.00222577 -0.023969 0.10522 -0.00221636 0.00546462 0.00190751 -0.00221636 0.00529865 -0.0122174 -0.00222577 0.00546462 -0.0122174 0.0728978 
0.0144283 -0.0239975 0.00186744 -0.00222501 -0.0239975 0.10535 -0.00221563 0.00545869 0.00186744 -0.00221563 0.00520307 -0.0122368 -0.00222501 0.00545869 -0.0122368 0.0730736 
0.014473 -0.0240367 0.00183085 -0.0021925 -0.0240367 0.105363 -0.00219316 0.0054364 0.00183085 -0.00219316 0.00511104 -0.0121089 -0.0021925 0.0054364 -0.0121089 0.0728856 
0.0145465 -0.0240897 0.00177578 -0.0021492 -0.0240897 0.105455 -0.00216017 0.00537071 0.00177578 -0.00216017 0.00500527 -0.011971 -0.0021492 0.00537071 -0.011971 0.0725313 
0.0145915 -0.0241926 0.00171559 -0.00205958 -0.0241926 0.105684 -0.00207754 0.00518467 0.00171559 -0.00207754 0.00492073 -0.0118099 -0.00205958 0.00518467 -0.0118099 0.0720943 
0.0145972 -0.0242399 0.00165126 -0.0019863 -0.0242399 0.105829 -0.00200888 0.004998 0.00165126 -0.00200888 0.00489125 -0.0116828 -0.0019863 0.004998 -0.0116828 0.0716665 
0.0146255 -0.0242503 0.00159074 -0.00188504 -0.0242503 0.105905 -0.00190955 0.00474738 0.00159074 -0.00190955 0.00482207 -0.0116217 -0.00188504 0.00474738 -0.0116217 0.0713633 
0.0146678 -0.0242892 0.00158622 -0.00184892 -0.0242892 0.106014 -0.00187369 0.00463173 0.00158622 -0.00187369 0.00476656 -0.0115587 -0.00184892 0.00463173 -0.0115587 0.071223 
0.014682 -0.0242966 0.0015982 -0.00184146 -0.0242966 0.105952 -0.00185829 0.00456462 0.0015982 -0.00185829 0.00471707 -0.0114575 -0.00184146 0.00456462 -0.0114575 0.0708962 
0.0146745 -0.024357 0.00161162 -0.00184073 -0.024357 0.106121 -0.00184566 0.00450757 0.00161162 -0.00184566 0.00471029 -0.0113802 -0.00184073 0.00450757 -0.0113802 0.0706546 
0.0146627 -0.0243614 0.00163473 -0.00190698 -0.0243614 0.106241 -0.00189877 0.00463963 0.00163473 -0.00189877 0.00474721 -0.011387 -0.00190698 0.00463963 -0.011387 0.0706235 
0.014594 -0.0242858 0.00161891 -0.00192446 -0.0242858 0.105998 -0.00191011 0.00471125 0.00161891 -0.00191011 0.0047697 -0.0113985 -0.00192446 0.00471125 -0.0113985 0.0705059 
0.0145916 -0.0242148 0.00156278 -0.00191371 -0.0242148 0.105819 -0.00190398 0.00473772 0.00156278 -0.00190398 0.00476942 -0.0114403 -0.00191371 0.00473772 -0.0114403 0.0705719 
0.0146502 -0.0242701 0.00150172 -0.00186225 -0.0242701 0.105999 -0.00186395 0.00469672 0.00150172 -0.00186395 0.00477574 -0.0114887 -0.00186225 0.00469672 -0.0114887 0.0708484 
0.0146844 -0.0242584 0.00146387 -0.00176204 -0.0242584 0.105846 -0.00177805 0.00450517 0.00146387 -0.00177805 0.00471784 -0.0114718 -0.00176204 0.00450517 -0.0114718 0.0707788 
0.0147461 -0.0243511 0.00145114 -0.00169559 -0.0243511 0.106055 -0.00171537 0.0042935 0.00145114 -0.00171537 0.00465711 -0.0114181 -0.00169559 0.0042935 -0.0114181 0.0707516 
0.0147542 -0.0244002 0.00147341 -0.00169829 -0.0244002 0.106146 -0.00171177 0.00423016 0.00147341 -0.00171177 0.00462888 -0.0113353 -0.00169829 0.00423016 -0.0113353 0.0705523 
0.014766 -0.0244626 0.0014693 -0.00175604 -0.0244626 0.106417 -0.00175653 0.00432527 0.0014693 -0.00175653 0.00465847 -0.011322 -0.00175604 0.00432527 -0.011322 0.0705498 
0.0147707 -0.0244669 0.00142497 -0.00173179 -0.0244669 0.106503 -0.00172914 0.00431282 0.00142497 -0.00172914 0.004647 -0.0113436 -0.00173179 0.00431282 -0.0113436 0.0705506 
0.0147341 -0.0244177 0.0014446 -0.00168578 -0.0244177 0.106312 -0.00168972 0.00424726 0.0014446 -0.00168972 0.00463059 -0.0113229 -0.00168578 0.00424726 -0.0113229 0.0704567 
0.0147703 -0.0243976 0.00142704 -0.00170852 -0.0243976 0.106264 -0.00171267 0.00424424 0.00142704 -0.00171267 0.0045774 -0.0113079 -0.00170852 0.00424424 -0.0113079 0.0704333 
0.0148192 -0.0244543 0.00142054 -0.00167964 -0.0244543 0.106363 -0.00168442 0.00420135 0.00142054 -0.00168442 0.00451407 -0.0112332 -0.00167964 0.00420135 -0.0112332 0.0703073 
0.0148558 -0.0244854 0.00135898 -0.0016625 -0.0244854 0.106378 -0.0016652 0.00413818 0.00135898 -0.0016652 0.00445051 -0.0111205 -0.0016625 0.00413818 -0.0111205 0.0699727 
0.0149167 -0.0245698 0.00130132 -0.00160996 -0.0245698 0.106619 -0.00161702 0.00407053 0.00130132 -0.00161702 0.00440508 -0.0110527 -0.00160996 0.00407053 -0.0110527 0.0697886 
0.0149356 -0.0246222 0.00129877 -0.00155605 -0.0246222 0.106749 -0.00156989 0.00398209 0.00129877 -0.00156989 0.00440205 -0.0109982 -0.00155605 0.00398209 -0.0109982 0.0696109 
0.0149557 -0.0246663 0.00134327 -0.00154691 -0.0246663 0.106917 -0.00156011 0.00391701 0.00134327 -0.00156011 0.00440726 -0.0110023 -0.00154691 0.00391701 -0.0110023 0.0695822 
0.0149752 -0.0246847 0.00133479 -0.00157862 -0.0246847 0.106986 -0.0015803 0.00390378 0.00133479 -0.0015803 0.00437534 -0.0109998 -0.00157862 0.00390378 -0.0109998 0.0695482 
0.0149971 -0.0247279 0.00131823 -0.00157267 -0.0247279 0.107131 -0.00156792 0.00389953 0.00131823 -0.00156792 0.00437412 -0.0109672 -0.00157267 0.00389953 -0.0109672 0.0695252 
0.014979 -0.0247155 0.00128722 -0.00153883 -0.0247155 0.107067 -0.00153301 0.00382604 0.00128722 -0.00153301 0.00435399 -0.0109398 -0.00153883 0.00382604 -0.0109398 0.0693674 
0.0150179 -0.0247653 0.00120196 -0.00149411 -0.0247653 0.107301 -0.00149246 0.00372279 0.00120196 -0.00149246 0.00431771 -0.0109383 -0.00149411 0.00372279 -0.0109383 0.0694361 
0.0150179 -0.0247158 0.00113153 -0.00137843 -0.0247158 0.107071 -0.00138833 0.00350506 0.00113153 -0.00138833 0.00422355 -0.0108538 -0.00137843 0.00350506 -0.0108538 0.0691556 
0.0150455 -0.0248065 0.00115682 -0.001337 -0.0248065 0.107365 -0.00135647 0.00340469 0.00115682 -0.00135647 0.00421541 -0.010783 -0.001337 0.00340469 -0.010783 0.0691359 
0.0150607 -0.0247802 0.00112934 -0.00136284 -0.0247802 0.107294 -0.00137735 0.00339467 0.00112934 -0.00137735 0.00417504 -0.010728 -0.00136284 0.00339467 -0.010728 0.0688888 
