0.0115194 0 0.000672881 0 0 0.00999746 0 0 0.000672881 0 0.00357587 0 0 0 0 0.00999746 
0.0161866 -0.020027 0.00064027 -0.000768927 -0.020027 0.0475612 -0.000768927 0.00147484 0.00064027 -0.000768927 0.00508092 -0.00639779 -0.000768927 0.00147484 -0.00639779 0.0214282 
0.0156855 -0.0283248 0.000501174 -0.000620184 -0.0283248 0.0995446 -0.000620184 0.00184209 0.000501174 -0.000620184 0.00571089 -0.0118452 -0.000620184 0.00184209 -0.0118452 0.0473228 
0.0144938 -0.0257737 0.000599657 -0.000326423 -0.0257737 0.109374 -0.000329141 0.000406433 0.000599657 -0.000329141 0.00561082 -0.013659 -0.000326423 0.000406433 -0.013659 0.0666714 
0.0145491 -0.02422 0.000671376 -0.000493608 -0.02422 0.107126 -0.000494875 0.000150041 0.000671376 -0.000494875 0.00540551 -0.0134184 -0.000493608 0.000150041 -0.0134184 0.0738791 
0.0148901 -0.0242728 0.000723614 -0.00064502 -0.0242728 0.106123 -0.000652412 0.000683981 0.000723614 -0.000652412 0.00533613 -0.0129119 -0.00064502 0.000683981 -0.0129119 0.0751488 
0.0151262 -0.024681 0.000696347 -0.000681644 -0.024681 0.106703 -0.000693131 0.00103391 0.000696347 -0.000693131 0.00532068 -0.0126626 -0.000681644 0.00103391 -0.0126626 0.0749625 
0.015174 -0.0249278 0.000638799 -0.000617258 -0.0249278 0.107382 -0.000628194 0.00104714 0.000638799 -0.000628194 0.00542102 -0.0125666 -0.000617258 0.00104714 -0.0125666 0.0746688 
0.0151601 -0.0249635 0.00056351 -0.000522215 -0.0249635 0.107667 -0.000530208 0.000855784 0.00056351 -0.000530208 0.00553625 -0.0126656 -0.000522215 0.000855784 -0.0126656 0.0746965 
0.0151448 -0.0249364 0.000541593 -0.000444212 -0.0249364 0.107683 -0.000455125 0.000667006 0.000541593 -0.000455125 0.00562152 -0.0128471 -0.000444212 0.000667006 -0.0128471 0.0750864 
0.0151477 -0.0249206 0.000567441 -0.00040964 -0.0249206 0.107662 -0.000419207 0.000515611 0.000567441 -0.000419207 0.00565317 -0.0129886 -0.00040964 0.000515611 -0.0129886 0.0755445 
0.0151542 -0.0248864 0.000560831 -0.000444403 -0.0248864 0.107491 -0.000446184 0.000504387 0.000560831 -0.000446184 0.0055952 -0.0130274 -0.000444403 0.000504387 -0.0130274 0.0757284 
0.0151864 -0.0249395 0.000527298 -0.000439339 -0.0249395 0.107622 -0.000433344 0.00049385 0.000527298 -0.000433344 0.00553332 -0.0129692 -0.000439339 0.00049385 -0.0129692 0.0757707 
0.0151831 -0.0249691 0.000508918 -0.000429159 -0.0249691 0.1077 -0.0004241 0.000513893 0.000508918 -0.0004241 0.00555343 -0.0128881 -0.000429159 0.000513893 -0.0128881 0.0756249 
0.0152193 -0.024982 0.000449793 -0.000388832 -0.024982 0.107798 -0.000387818 0.000440209 0.000449793 -0.000387818 0.00549258 -0.0129028 -0.000388832 0.000440209 -0.0129028 0.0755828 
0.0152137 -0.0249888 0.000394778 -0.000297296 -0.0249888 0.107753 -0.000303102 0.000252941 0.000394778 -0.000303102 0.00540801 -0.0128098 -0.000297296 0.000252941 -0.0128098 0.0753663 
0.0152184 -0.0249922 0.000412985 -0.00024423 -0.0249922 0.107768 -0.000255161 0.00011042 0.000412985 -0.000255161 0.00536787 -0.0127036 -0.00024423 0.00011042 -0.0127036 0.0751194 
0.0152659 -0.0250291 0.000413356 -0.000302776 -0.0250291 0.107903 -0.000308593 0.000183674 0.000413356 -0.000308593 0.00536344 -0.0126702 -0.000302776 0.000183674 -0.0126702 0.0750367 
0.0152852 -0.0250654 0.000346837 -0.000276588 -0.0250654 0.107967 -0.000274141 0.000143622 0.000346837 -0.000274141 0.00531927 -0.0126294 -0.000276588 0.000143622 -0.0126294 0.0748621 
0.0152537 -0.0250856 0.000319431 -0.000193913 -0.0250856 0.108022 -0.000194507 -1.77187e-06 0.000319431 -0.000194507 0.0053016 -0.0125696 -0.000193913 -1.77187e-06 -0.0125696 0.0746871 
0.0152491 -0.0250323 0.000310613 -0.000185538 -0.0250323 0.107909 -0.000191808 -4.16909e-05 0.000310613 -0.000191808 0.00528167 -0.0125508 -0.000185538 -4.16909e-05 -0.0125508 0.0745746 
0.0152634 -0.025064 0.000307018 -0.000157789 -0.025064 0.108013 -0.000166496 -0.000113452 0.000307018 -0.000166496 0.00526646 -0.0125377 -0.000157789 -0.000113452 -0.0125377 0.0745891 
0.0152471 -0.0250355 0.000287707 -0.000149649 -0.0250355 0.107895 -0.000156186 -0.000162845 0.000287707 -0.000156186 0.00525263 -0.0124913 -0.000149649 -0.000162845 -0.0124913 0.0744206 
0.0152379 -0.0250466 0.00029584 -0.000128396 -0.0250466 0.107947 -0.000133725 -0.00021036 0.00029584 -0.000133725 0.00524563 -0.0124797 -0.000128396 -0.00021036 -0.0124797 0.0743866 
0.0151986 -0.0250103 0.00030434 -0.000152812 -0.0250103 0.107843 -0.000155016 -0.00018095 0.00030434 -0.000155016 0.00526168 -0.0124638 -0.000152812 -0.00018095 -0.0124638 0.0743106 
0.0151768 -0.0249651 0.000310373 -0.000148288 -0.0249651 0.107736 -0.00015261 -0.000182929 0.000310373 -0.00015261 0.00522959 -0.0124746 -0.000148288 -0.000182929 -0.0124746 0.0742855 
0.0151598 -0.0249448 0.000353262 -0.000169564 -0.0249448 0.107678 -0.000174841 -0.000135064 0.000353262 -0.000174841 0.00522882 -0.0124441 -0.000169564 -0.000135064 -0.0124441 0.0742686 
0.0151396 -0.0249225 0.000442885 -0.000203823 -0.0249225 0.107621 -0.000205479 -9.03158e-05 0.000442885 -0.000205479 0.00519201 -0.0124216 -0.000203823 -9.03158e-05 -0.0124216 0.0741859 
0.0151303 -0.024916 0.000515163 -0.000332788 -0.024916 0.107634 -0.000321291 0.000133615 0.000515163 -0.000321291 0.00517671 -0.0123758 -0.000332788 0.000133615 -0.0123758 0.0741126 
0.0151137 -0.024862 0.00048596 -0.000422125 -0.024862 0.107443 -0.000400894 0.000368554 0.00048596 -0.000400894 0.00513102 -0.0123076 -0.000422125 0.000368554 -0.0123076 0.0738385 
0.0151081 -0.0248626 0.00047171 -0.000401997 -0.0248626 0.10742 -0.000387941 0.000458747 0.00047171 -0.000387941 0.00511643 -0.0122497 -0.000401997 0.000458747 -0.0122497 0.0736614 
0.0151083 -0.0248806 0.000465709 -0.000370478 -0.0248806 0.107511 -0.000366833 0.000420829 0.000465709 -0.000366833 0.00512539 -0.0122318 -0.000370478 0.000420829 -0.0122318 0.0735946 
0.0150917 -0.0248479 0.000502769 -0.000393919 -0.0248479 0.107409 -0.00039605 0.000482979 0.000502769 -0.00039605 0.00517501 -0.0122433 -0.000393919 0.000482979 -0.0122433 0.0735577 
0.0150947 -0.024856 0.00050886 -0.000440065 -0.024856 0.107448 -0.000440786 0.000581005 0.00050886 -0.000440786 0.00525012 -0.0123251 -0.000440065 0.000581005 -0.0123251 0.0737424 
0.0150716 -0.0248396 0.00050852 -0.000408194 -0.0248396 0.107397 -0.000409209 0.00053126 0.00050852 -0.000409209 0.00528999 -0.0124112 -0.000408194 0.00053126 -0.0124112 0.0739169 
0.0150498 -0.0248036 0.000518482 -0.000399736 -0.0248036 0.1073 -0.000401752 0.000480459 0.000518482 -0.000401752 0.00528653 -0.0124734 -0.000399736 0.000480459 -0.0124734 0.0740968 
0.0150145 -0.024794 0.000534588 -0.000402088 -0.024794 0.107289 -0.000404033 0.00045224 0.000534588 -0.000404033 0.00529884 -0.0124779 -0.000402088 0.00045224 -0.0124779 0.0742152 
0.0149876 -0.0247224 0.000515845 -0.000426076 -0.0247224 0.107099 -0.000427031 0.000486232 0.000515845 -0.000427031 0.00526995 -0.0124729 -0.000426076 0.000486232 -0.0124729 0.0741789 
0.0149994 -0.0247224 0.000476183 -0.00035671 -0.0247224 0.10712 -0.000362476 0.000341756 0.000476183 -0.000362476 0.00517746 -0.0124273 -0.00035671 0.000341756 -0.0124273 0.0741251 
0.0150096 -0.0246885 0.000446577 -0.000357887 -0.0246885 0.10695 -0.000366134 0.000341841 0.000446577 -0.000366134 0.00509683 -0.0122947 -0.000357887 0.000341841 -0.0122947 0.0738163 
0.0150393 -0.0247325 0.000435433 -0.000337726 -0.0247325 0.107035 -0.000346854 0.00033001 0.000435433 -0.000346854 0.00506734 -0.0121856 -0.000337726 0.00033001 -0.0121856 0.0735359 
0.0150784 -0.0247771 0.000356652 -0.000306743 -0.0247771 0.107168 -0.000313226 0.000249317 0.000356652 -0.000313226 0.00504308 -0.0121271 -0.000306743 0.000249317 -0.0121271 0.073303 
0.0150765 -0.0247841 0.000369711 -0.000222219 -0.0247841 0.107123 -0.000232202 0.000106583 0.000369711 -0.000232202 0.0050247 -0.0120791 -0.000222219 0.000106583 -0.0120791 0.0730596 
0.0150839 -0.0248256 0.000393615 -0.000250932 -0.0248256 0.107272 -0.000255133 8.94922e-05 0.000393615 -0.000255133 0.00505823 -0.0120817 -0.000250932 8.94922e-05 -0.0120817 0.0730644 
0.0150614 -0.0248167 0.000398654 -0.000278416 -0.0248167 0.10727 -0.000274892 0.00013086 0.000398654 -0.000274892 0.00508803 -0.0121166 -0.000278416 0.00013086 -0.0121166 0.0730875 
0.0150537 -0.0248065 0.00042373 -0.000287018 -0.0248065 0.107297 -0.000282156 0.00016767 0.00042373 -0.000282156 0.00513716 -0.0121712 -0.000287018 0.00016767 -0.0121712 0.0732417 
0.0150335 -0.0247761 0.000484556 -0.000351575 -0.0247761 0.107195 -0.000346496 0.000321981 0.000484556 -0.000346496 0.00519787 -0.0122494 -0.000351575 0.000321981 -0.0122494 0.0734313 
0.015077 -0.0247893 0.000447618 -0.000396483 -0.0247893 0.107281 -0.000387864 0.000416346 0.000447618 -0.000387864 0.0051701 -0.0123465 -0.000396483 0.000416346 -0.0123465 0.0737421 
0.0150786 -0.0247869 0.000400656 -0.000346781 -0.0247869 0.107167 -0.000343078 0.00038336 0.000400656 -0.000343078 0.00513888 -0.012298 -0.000346781 0.00038336 -0.012298 0.0737052 
0.0151293 -0.0248188 0.000330988 -0.00030454 -0.0248188 0.107251 -0.000309195 0.000316985 0.000330988 -0.000309195 0.00513119 -0.0122725 -0.00030454 0.000316985 -0.0122725 0.073686 
0.0151765 -0.0249043 0.000328442 -0.000211478 -0.0249043 0.107479 -0.000223029 0.000141949 0.000328442 -0.000223029 0.00516211 -0.0122764 -0.000211478 0.000141949 -0.0122764 0.0737277 
0.0152205 -0.0249608 0.000361781 -0.000226218 -0.0249608 0.107655 -0.000234316 0.000102509 0.000361781 -0.000234316 0.00519523 -0.0123378 -0.000226218 0.000102509 -0.0123378 0.0738696 
0.0152516 -0.0249911 0.000330042 -0.000259658 -0.0249911 0.107709 -0.000255997 0.000128633 0.000330042 -0.000255997 0.00517988 -0.0123818 -0.000259658 0.000128633 -0.0123818 0.0739695 
0.0152893 -0.0250572 0.000302708 -0.000207402 -0.0250572 0.107903 -0.000201819 4.88149e-05 0.000302708 -0.000201819 0.00512088 -0.0123766 -0.000207402 4.88149e-05 -0.0123766 0.0740547 
0.0153116 -0.0250977 0.000279285 -0.000176983 -0.0250977 0.108035 -0.000173877 -3.57185e-05 0.000279285 -0.000173877 0.00508169 -0.0123026 -0.000176983 -3.57185e-05 -0.0123026 0.07396 
0.0153155 -0.0251295 0.000273643 -0.000162519 -0.0251295 0.108144 -0.000162255 -6.64869e-05 0.000273643 -0.000162255 0.00510453 -0.0122508 -0.000162519 -6.64869e-05 -0.0122508 0.0738278 
0.015275 -0.0251116 0.000364353 -0.000162305 -0.0251116 0.108091 -0.000163705 -6.69117e-05 0.000364353 -0.000163705 0.00520078 -0.0122676 -0.000162305 -6.69117e-05 -0.0122676 0.0737455 
0.0152512 -0.0250783 0.000383012 -0.00022504 -0.0250783 0.108061 -0.00021907 -3.66707e-05 0.000383012 -0.00021907 0.00523233 -0.0123781 -0.00022504 -3.66707e-05 -0.0123781 0.0738922 
0.0152166 -0.0250441 0.00039163 -0.000240222 -0.0250441 0.107982 -0.000231383 4.72493e-06 0.00039163 -0.000231383 0.00524346 -0.0124252 -0.000240222 4.72493e-06 -0.0124252 0.0740519 
0.0151896 -0.0250077 0.000411308 -0.000266746 -0.0250077 0.107914 -0.000259593 7.89218e-05 0.000411308 -0.000259593 0.0052428 -0.0124538 -0.000266746 7.89218e-05 -0.0124538 0.074196 
0.0151641 -0.0249567 0.000425048 -0.000270458 -0.0249567 0.107763 -0.000268506 9.4629e-05 0.000425048 -0.000268506 0.00518518 -0.0124347 -0.000270458 9.4629e-05 -0.0124347 0.0741666 
0.0151534 -0.0249327 0.000421647 -0.000285791 -0.0249327 0.107687 -0.000285593 0.000121087 0.000421647 -0.000285593 0.00511987 -0.0123529 -0.000285791 0.000121087 -0.0123529 0.0740276 
0.0151446 -0.0249121 0.000387505 -0.000270941 -0.0249121 0.107611 -0.000272013 9.73055e-05 0.000387505 -0.000272013 0.00503417 -0.0122369 -0.000270941 9.73055e-05 -0.0122369 0.0737186 
0.0151402 -0.0248983 0.000358252 -0.000251249 -0.0248983 0.107555 -0.000255819 8.27514e-05 0.000358252 -0.000255819 0.00499516 -0.0121111 -0.000251249 8.27514e-05 -0.0121111 0.0733688 
0.0151367 -0.0248768 0.000367927 -0.000242177 -0.0248768 0.107453 -0.000251007 0.000100789 0.000367927 -0.000251007 0.00500482 -0.0120436 -0.000242177 0.000100789 -0.0120436 0.0730725 
0.015124 -0.0248955 0.000424537 -0.000255984 -0.0248955 0.107497 -0.000261679 0.000122073 0.000424537 -0.000261679 0.00504689 -0.0120599 -0.000255984 0.000122073 -0.0120599 0.0730191 
0.015085 -0.0248687 0.000452221 -0.000323864 -0.0248687 0.10744 -0.000320235 0.000226402 0.000452221 -0.000320235 0.00509985 -0.0121113 -0.000323864 0.000226402 -0.0121113 0.0730713 
0.0150662 -0.024821 0.000428116 -0.000349127 -0.024821 0.107342 -0.000341579 0.000305072 0.000428116 -0.000341579 0.00511566 -0.0121812 -0.000349127 0.000305072 -0.0121812 0.0732157 
0.0150957 -0.0248227 0.000382047 -0.000306171 -0.0248227 0.107377 -0.000305996 0.000259593 0.000382047 -0.000305996 0.00507189 -0.0122211 -0.000306171 0.000259593 -0.0122211 0.0734139 
0.0150723 -0.0248235 0.000403596 -0.000260546 -0.0248235 0.107302 -0.000268272 0.000180999 0.000403596 -0.000268272 0.00506981 -0.0121603 -0.000260546 0.000180999 -0.0121603 0.0733477 
0.0150373 -0.0248066 0.000469771 -0.000311363 -0.0248066 0.107274 -0.000317415 0.000249411 0.000469771 -0.000317415 0.00512456 -0.0121592 -0.000311363 0.000249411 -0.0121592 0.0733175 
0.0150232 -0.0247925 0.000521779 -0.000385422 -0.0247925 0.107315 -0.000383897 0.000383801 0.000521779 -0.000383897 0.00518076 -0.0122362 -0.000385422 0.000383801 -0.0122362 0.0734808 
0.0149976 -0.0247488 0.000521129 -0.00042103 -0.0247488 0.1072 -0.000413626 0.000463053 0.000521129 -0.000413626 0.00519869 -0.0122912 -0.00042103 0.000463053 -0.0122912 0.0735937 
0.0150012 -0.0246854 0.000424875 -0.00038547 -0.0246854 0.106976 -0.000379958 0.000398255 0.000424875 -0.000379958 0.00510016 -0.0122891 -0.00038547 0.000398255 -0.0122891 0.0735519 
0.0150321 -0.0247203 0.00039423 -0.00029774 -0.0247203 0.10702 -0.000303376 0.000275334 0.00039423 -0.000303376 0.00504689 -0.012187 -0.00029774 0.000275334 -0.012187 0.073455 
0.0150282 -0.0247581 0.000404308 -0.000249324 -0.0247581 0.107107 -0.000259732 0.000126835 0.000404308 -0.000259732 0.00502099 -0.0120989 -0.000249324 0.000126835 -0.0120989 0.073221 
0.0149859 -0.0247336 0.000522252 -0.000307686 -0.0247336 0.10704 -0.000312616 0.000213355 0.000522252 -0.000312616 0.00505941 -0.0120555 -0.000307686 0.000213355 -0.0120555 0.0730166 
0.0150137 -0.0247162 0.000509204 -0.000441979 -0.0247162 0.107068 -0.000431084 0.00043555 0.000509204 -0.000431084 0.00504003 -0.0121029 -0.000441979 0.00043555 -0.0121029 0.0730554 
0.015023 -0.0247237 0.00045239 -0.000410614 -0.0247237 0.107026 -0.000397066 0.000475832 0.00045239 -0.000397066 0.00498989 -0.0120639 -0.000410614 0.000475832 -0.0120639 0.0729689 
0.0150397 -0.0247305 0.000372022 -0.000332115 -0.0247305 0.107014 -0.000327453 0.000348726 0.000372022 -0.000327453 0.00492029 -0.0119885 -0.000332115 0.000348726 -0.0119885 0.0727772 
0.0150736 -0.0247778 0.000332601 -0.000251228 -0.0247778 0.107153 -0.000259241 0.000200243 0.000332601 -0.000259241 0.00489334 -0.0119121 -0.000251228 0.000200243 -0.0119121 0.0726312 
0.0150901 -0.0247888 0.000282548 -0.000204976 -0.0247888 0.107148 -0.000218405 7.11026e-05 0.000282548 -0.000218405 0.00487844 -0.0118581 -0.000204976 7.11026e-05 -0.0118581 0.0724126 
0.0151222 -0.0248579 0.000281464 -0.00015731 -0.0248579 0.107381 -0.000171146 -3.33773e-05 0.000281464 -0.000171146 0.00490028 -0.0118664 -0.00015731 -3.33773e-05 -0.0118664 0.0724488 
0.0150772 -0.0248421 0.000331053 -0.000138362 -0.0248421 0.107307 -0.000148655 -0.000131757 0.000331053 -0.000148655 0.00491896 -0.0118725 -0.000138362 -0.000131757 -0.0118725 0.0723703 
0.0151038 -0.0248449 0.000348276 -0.000215063 -0.0248449 0.107426 -0.000215568 -3.88745e-05 0.000348276 -0.000215568 0.00493366 -0.0119293 -0.000215063 -3.88745e-05 -0.0119293 0.0725654 
0.0151078 -0.024839 0.000351153 -0.000242205 -0.024839 0.107366 -0.000235969 5.87375e-05 0.000351153 -0.000235969 0.00494138 -0.0119393 -0.000242205 5.87375e-05 -0.0119393 0.0726099 
0.0151389 -0.0248353 0.000259351 -0.000213703 -0.0248353 0.107315 -0.000207282 5.98021e-06 0.000259351 -0.000207282 0.00486997 -0.011932 -0.000213703 5.98021e-06 -0.011932 0.0725623 
0.0151929 -0.0248867 0.000100764 -0.000100344 -0.0248867 0.10741 -0.000101173 -0.000187405 0.000100764 -0.000101173 0.00478473 -0.0118491 -0.000100344 -0.000187405 -0.0118491 0.0724381 
0.0152387 -0.0249642 4.87214e-07 6.38044e-05 -0.0249642 0.107598 4.52022e-05 -0.000473969 4.87214e-07 4.52022e-05 0.00476219 -0.0117522 6.38044e-05 -0.000473969 -0.0117522 0.0722561 
0.0152542 -0.0250305 9.43201e-06 0.00018865 -0.0250305 0.107806 0.000159757 -0.000787895 9.43201e-06 0.000159757 0.00480648 -0.0117291 0.00018865 -0.000787895 -0.0117291 0.0721564 
0.0152511 -0.0250177 -2.86219e-07 0.000187321 -0.0250177 0.107789 0.000165698 -0.000930104 -2.86219e-07 0.000165698 0.00480928 -0.01178 0.000187321 -0.000930104 -0.01178 0.0721521 
0.015263 -0.0250475 2.6931e-05 0.000198335 -0.0250475 0.107904 0.000187087 -0.000993089 2.6931e-05 0.000187087 0.00480346 -0.0118107 0.000198335 -0.000993089 -0.0118107 0.0723054 
0.0152722 -0.0250563 8.53351e-05 0.000156824 -0.0250563 0.107956 0.000154576 -0.000953303 8.53351e-05 0.000154576 0.00478775 -0.0118087 0.000156824 -0.000953303 -0.0118087 0.0723684 
0.015264 -0.0250385 9.5715e-05 7.10965e-05 -0.0250385 0.107866 8.0127e-05 -0.000792381 9.5715e-05 8.0127e-05 0.00478325 -0.0117709 7.10965e-05 -0.000792381 -0.0117709 0.0722636 
0.0152465 -0.0250424 5.05098e-05 7.74899e-05 -0.0250424 0.107869 8.99531e-05 -0.000756077 5.05098e-05 8.99531e-05 0.00478744 -0.0117498 7.74899e-05 -0.000756077 -0.0117498 0.0721664 
0.0152254 -0.0250381 -3.63234e-06 0.000163039 -0.0250381 0.107921 0.000165497 -0.000907207 -3.63234e-06 0.000165497 0.00478031 -0.0117506 0.000163039 -0.000907207 -0.0117506 0.072142 
0.0151861 -0.024999 2.11179e-05 0.000207263 -0.024999 0.107846 0.000197917 -0.00100478 2.11179e-05 0.000197917 0.00480278 -0.0117497 0.000207263 -0.00100478 -0.0117497 0.0721449 
0.0151305 -0.0249219 6.14683e-05 0.000199194 -0.0249219 0.107619 0.000188264 -0.0010586 6.14683e-05 0.000188264 0.00480444 -0.0117558 0.000199194 -0.0010586 -0.0117558 0.0720885 
0.0150888 -0.0248573 0.000127143 0.000152292 -0.0248573 0.107437 0.000147359 -0.00100837 0.000127143 0.000147359 0.00480051 -0.0117515 0.000152292 -0.00100837 -0.0117515 0.0720637 
0.0150885 -0.0248214 0.000171882 3.5284e-05 -0.0248214 0.107339 4.17306e-05 -0.00077042 0.000171882 4.17306e-05 0.00478184 -0.0117494 3.5284e-05 -0.00077042 -0.0117494 0.0720812 
0.0150681 -0.0248075 0.000160254 -1.47886e-05 -0.0248075 0.107249 -2.68874e-06 -0.000601481 0.000160254 -2.68874e-06 0.00476887 -0.0117047 -1.47886e-05 -0.000601481 -0.0117047 0.0719691 
0.0150603 -0.0248105 0.000153194 -1.65944e-05 -0.0248105 0.107297 -7.77113e-06 -0.000513296 0.000153194 -7.77113e-06 0.00477223 -0.0116914 -1.65944e-05 -0.000513296 -0.0116914 0.0719405 
0.0150785 -0.024799 0.000145168 -8.97057e-06 -0.024799 0.107296 -8.93863e-06 -0.000486719 0.000145168 -8.93863e-06 0.00476136 -0.0116931 -8.97057e-06 -0.000486719 -0.0116931 0.0719343 
0.0150717 -0.0247841 0.00019154 -2.0021e-05 -0.0247841 0.107171 -2.47747e-05 -0.000432085 0.00019154 -2.47747e-05 0.00479288 -0.0116707 -2.0021e-05 -0.000432085 -0.0116707 0.0718409 
0.0150805 -0.0248086 0.000181992 -2.67637e-05 -0.0248086 0.107253 -2.60763e-05 -0.000472454 0.000181992 -2.60763e-05 0.00480427 -0.0117092 -2.67637e-05 -0.000472454 -0.0117092 0.0718891 
0.0150581 -0.0247976 0.000155988 -1.61356e-05 -0.0247976 0.10721 -1.10976e-05 -0.000502534 0.000155988 -1.10976e-05 0.00479832 -0.0117194 -1.61356e-05 -0.000502534 -0.0117194 0.0718981 
0.0150743 -0.0247797 0.000128507 3.79844e-06 -0.0247797 0.107185 4.47535e-06 -0.000527802 0.000128507 4.47535e-06 0.00477702 -0.0117216 3.79844e-06 -0.000527802 -0.0117216 0.0719302 
0.0151137 -0.024802 5.32916e-05 6.48947e-05 -0.024802 0.107223 6.11052e-05 -0.000662422 5.32916e-05 6.11052e-05 0.00471169 -0.0116894 6.48947e-05 -0.000662422 -0.0116894 0.0718908 
0.0151145 -0.0248249 2.65866e-05 0.000144281 -0.0248249 0.107206 0.000135287 -0.000822891 2.65866e-05 0.000135287 0.00465574 -0.0115936 0.000144281 -0.000822891 -0.0115936 0.0716632 
0.0151239 -0.024854 -2.80451e-05 0.000199026 -0.024854 0.107326 0.000189428 -0.00100624 -2.80451e-05 0.000189428 0.00460984 -0.0115125 0.000199026 -0.00100624 -0.0115125 0.071451 
0.0151355 -0.0248864 2.53783e-05 0.000193507 -0.0248864 0.107464 0.000183838 -0.000973417 2.53783e-05 0.000183838 0.00463682 -0.0114672 0.000193507 -0.000973417 -0.0114672 0.0713526 
0.0151201 -0.0248745 5.86092e-05 0.000160774 -0.0248745 0.107444 0.000156574 -0.000956289 5.86092e-05 0.000156574 0.0046393 -0.0114771 0.000160774 -0.000956289 -0.0114771 0.0712591 
0.0151042 -0.0248507 5.77857e-05 0.000141105 -0.0248507 0.107384 0.000144593 -0.000943893 5.77857e-05 0.000144593 0.00464553 -0.0114726 0.000141105 -0.000943893 -0.0114726 0.0712079 
0.0151115 -0.0248127 -3.33551e-05 0.000126805 -0.0248127 0.10725 0.000133159 -0.000897718 -3.33551e-05 0.000133159 0.00461559 -0.0114722 0.000126805 -0.000897718 -0.0114722 0.0711486 
0.0151143 -0.0248372 -8.59675e-05 0.000242195 -0.0248372 0.107275 0.000238385 -0.00105066 -8.59675e-05 0.000238385 0.00461492 -0.0114419 0.000242195 -0.00105066 -0.0114419 0.0711088 
0.0151181 -0.0248662 -0.000105345 0.000316582 -0.0248662 0.107403 0.000303868 -0.00125172 -0.000105345 0.000303868 0.00461308 -0.0114524 0.000316582 -0.00125172 -0.0114524 0.0711521 
0.0151001 -0.0248442 -0.00012804 0.000361438 -0.0248442 0.107361 0.000347393 -0.00142216 -0.00012804 0.000347393 0.00458722 -0.0114374 0.000361438 -0.00142216 -0.0114374 0.0711099 
0.0150727 -0.0248156 -6.58864e-05 0.000328298 -0.0248156 0.107266 0.000318394 -0.00136222 -6.58864e-05 0.000318394 0.00460032 -0.0114099 0.000328298 -0.00136222 -0.0114099 0.0710535 
0.0150612 -0.0248 3.99769e-06 0.000250511 -0.0248 0.107242 0.000248893 -0.00122182 3.99769e-06 0.000248893 0.00463498 -0.0114247 0.000250511 -0.00122182 -0.0114247 0.0710705 
0.0150666 -0.0247796 4.88951e-05 0.000179856 -0.0247796 0.107198 0.000188074 -0.00107498 4.88951e-05 0.000188074 0.00462384 -0.0114621 0.000179856 -0.00107498 -0.0114621 0.0711277 
0.0150508 -0.0247627 2.18215e-05 0.00013224 -0.0247627 0.107089 0.000148404 -0.000960214 2.18215e-05 0.000148404 0.00460039 -0.0114357 0.00013224 -0.000960214 -0.0114357 0.0710632 
0.015061 -0.0247918 -3.07999e-05 0.000167105 -0.0247918 0.107225 0.000178243 -0.000962402 -3.07999e-05 0.000178243 0.00459686 -0.0114163 0.000167105 -0.000962402 -0.0114163 0.0710765 
0.0150357 -0.0247487 -8.38103e-05 0.000239797 -0.0247487 0.107072 0.000238466 -0.0010827 -8.38103e-05 0.000238466 0.00457288 -0.0113824 0.000239797 -0.0010827 -0.0113824 0.0709084 
0.0150499 -0.0247644 -8.07586e-05 0.0002979 -0.0247644 0.107153 0.000285671 -0.00120802 -8.07586e-05 0.000285671 0.00455298 -0.0113697 0.0002979 -0.00120802 -0.0113697 0.0709154 
0.0150216 -0.0247551 -5.76854e-06 0.000273225 -0.0247551 0.107099 0.000261684 -0.00119785 -5.76854e-06 0.000261684 0.00458504 -0.0113336 0.000273225 -0.00119785 -0.0113336 0.0708183 
0.014996 -0.0247341 2.43485e-05 0.000204294 -0.0247341 0.107086 0.000204797 -0.00112204 2.43485e-05 0.000204797 0.00462057 -0.0113649 0.000204294 -0.00112204 -0.0113649 0.0708255 
0.0149407 -0.02468 3.48314e-05 0.000166488 -0.02468 0.106939 0.000174457 -0.00102474 3.48314e-05 0.000174457 0.00466097 -0.0114018 0.000166488 -0.00102474 -0.0114018 0.0708563 
0.0149091 -0.0246118 4.11507e-05 0.000143477 -0.0246118 0.106768 0.000149939 -0.00093747 4.11507e-05 0.000149939 0.00468832 -0.0114563 0.000143477 -0.00093747 -0.0114563 0.0709671 
0.0149169 -0.0245984 0.000129324 0.000108449 -0.0245984 0.10674 0.000110805 -0.000814747 0.000129324 0.000110805 0.00472573 -0.0115152 0.000108449 -0.000814747 -0.0115152 0.0711861 
0.0149091 -0.0245982 0.000169125 1.93603e-05 -0.0245982 0.106713 2.92087e-05 -0.000665967 0.000169125 2.92087e-05 0.00472149 -0.0115627 1.93603e-05 -0.000665967 -0.0115627 0.0713384 
0.0148952 -0.0245625 0.000190708 -6.1879e-05 -0.0245625 0.106571 -4.61065e-05 -0.000431693 0.000190708 -4.61065e-05 0.00469056 -0.0115526 -6.1879e-05 -0.000431693 -0.0115526 0.0713371 
0.0148978 -0.0245786 0.000207489 -9.84835e-05 -0.0245786 0.106619 -8.54758e-05 -0.000270025 0.000207489 -8.54758e-05 0.00470622 -0.0115213 -9.84835e-05 -0.000270025 -0.0115213 0.0713347 
0.0149091 -0.0245655 0.000176267 -9.72001e-05 -0.0245655 0.106582 -9.0852e-05 -0.000230268 0.000176267 -9.0852e-05 0.00470651 -0.0115216 -9.72001e-05 -0.000230268 -0.0115216 0.0712706 
0.0149455 -0.0245996 0.000123873 -3.87659e-05 -0.0245996 0.106676 -4.09917e-05 -0.000325545 0.000123873 -4.09917e-05 0.0046907 -0.011531 -3.87659e-05 -0.000325545 -0.011531 0.0713048 
0.014964 -0.0246187 8.98475e-05 4.87729e-05 -0.0246187 0.106687 3.86275e-05 -0.00052842 8.98475e-05 3.86275e-05 0.00463825 -0.0115025 4.87729e-05 -0.00052842 -0.0115025 0.0712284 
0.014975 -0.0246539 8.81185e-05 8.97615e-05 -0.0246539 0.106777 7.80694e-05 -0.000677209 8.81185e-05 7.80694e-05 0.00463357 -0.0114387 8.97615e-05 -0.000677209 -0.0114387 0.0711124 
0.0149478 -0.0246556 0.000137614 5.24854e-05 -0.0246556 0.106774 4.58185e-05 -0.000631761 0.000137614 4.58185e-05 0.00468487 -0.0114233 5.24854e-05 -0.000631761 -0.0114233 0.0709956 
0.0149468 -0.0246334 0.000134999 3.48085e-05 -0.0246334 0.106768 3.57772e-05 -0.00063982 0.000134999 3.57772e-05 0.00470603 -0.0114849 3.48085e-05 -0.00063982 -0.0114849 0.0710548 
0.0149371 -0.0246226 0.000151234 3.92479e-05 -0.0246226 0.106726 4.36889e-05 -0.000652297 0.000151234 4.36889e-05 0.00470726 -0.0115212 3.92479e-05 -0.000652297 -0.0115212 0.0711563 
0.0149532 -0.0246268 0.000167046 -9.59874e-06 -0.0246268 0.106752 -1.97604e-06 -0.000552355 0.000167046 -1.97604e-06 0.00470853 -0.0115415 -9.59874e-06 -0.000552355 -0.0115415 0.0712786 
0.0149956 -0.0246509 0.000114591 1.60275e-05 -0.0246509 0.106823 2.46551e-05 -0.000605641 0.000114591 2.46551e-05 0.0046261 -0.0115348 1.60275e-05 -0.000605641 -0.0115348 0.0713106 
0.0149776 -0.0246783 5.26285e-05 8.63794e-05 -0.0246783 0.106836 9.21464e-05 -0.000744463 5.26285e-05 9.21464e-05 0.00457076 -0.0114136 8.63794e-05 -0.000744463 -0.0114136 0.0710721 
0.0149556 -0.0246802 5.3083e-05 0.000119049 -0.0246802 0.106902 0.000116494 -0.000790645 5.3083e-05 0.000116494 0.00455753 -0.0113362 0.000119049 -0.000790645 -0.0113362 0.0708577 
0.0149244 -0.0246374 7.8529e-05 0.000100949 -0.0246374 0.10681 9.29649e-05 -0.000752673 7.8529e-05 9.29649e-05 0.00457941 -0.0112997 0.000100949 -0.000752673 -0.0112997 0.0706707 
0.0148968 -0.0245869 4.17575e-05 0.000106431 -0.0245869 0.106671 9.87562e-05 -0.000784024 4.17575e-05 9.87562e-05 0.00456802 -0.0113086 0.000106431 -0.000784024 -0.0113086 0.0705758 
0.0148847 -0.0245754 2.27085e-05 0.000153671 -0.0245754 0.106659 0.000142896 -0.000865694 2.27085e-05 0.000142896 0.00457003 -0.0113027 0.000153671 -0.000865694 -0.0113027 0.0705886 
0.0148384 -0.0245433 3.99629e-05 0.000156587 -0.0245433 0.106566 0.000144796 -0.000886342 3.99629e-05 0.000144796 0.00462466 -0.0112937 0.000156587 -0.000886342 -0.0112937 0.0705477 
0.014822 -0.0245016 0.000119963 9.78398e-05 -0.0245016 0.106497 8.73949e-05 -0.00075778 0.000119963 8.73949e-05 0.00470909 -0.0113693 9.78398e-05 -0.00075778 -0.0113693 0.0706815 
0.0147888 -0.0244369 0.000153753 1.7128e-05 -0.0244369 0.106248 1.69507e-05 -0.000611373 0.000153753 1.69507e-05 0.00476157 -0.0114716 1.7128e-05 -0.000611373 -0.0114716 0.0708366 
0.0147926 -0.0244177 0.000184062 -2.71186e-05 -0.0244177 0.106175 -2.10822e-05 -0.000479035 0.000184062 -2.10822e-05 0.00479273 -0.0115689 -2.71186e-05 -0.000479035 -0.0115689 0.0711329 
