0.00599914 0 0.00369007 0 0 0.00998677 0 0 0.00369007 0 0.00866687 0 0 0 0 0.00998677 
0.0088245 -0.0109986 0.00520021 -0.00639123 -0.0109986 0.0302488 -0.00639123 0.012254 0.00520021 -0.00639123 0.0118693 -0.0147072 -0.00639123 0.012254 -0.0147072 0.0373576 
0.00907821 -0.017533 0.00472874 -0.00789476 -0.017533 0.0654086 -0.00789476 0.0250725 0.00472874 -0.00789476 0.0117077 -0.0214425 -0.00789476 0.0250725 -0.0214425 0.0775663 
0.0086387 -0.017817 0.00425251 -0.00587468 -0.017817 0.0818647 -0.00587315 0.020963 0.00425251 -0.00587315 0.0110674 -0.0206449 -0.00587468 0.020963 -0.0206449 0.0902978 
0.00862077 -0.0172345 0.0043986 -0.00523532 -0.0172345 0.0863034 -0.00524789 0.0163978 0.0043986 -0.00524789 0.0110686 -0.0197717 -0.00523532 0.0163978 -0.0197717 0.0919381 
0.00875714 -0.0170795 0.00460922 -0.00551768 -0.0170795 0.0870982 -0.00554306 0.0152756 0.00460922 -0.00554306 0.0112419 -0.0196921 -0.00551768 0.0152756 -0.0196921 0.0923949 
0.00882597 -0.0171891 0.00468364 -0.00584803 -0.0171891 0.0874571 -0.00587316 0.0156368 0.00468364 -0.00587316 0.0113969 -0.0198013 -0.00584803 0.0156368 -0.0198013 0.0929126 
0.00889684 -0.017227 0.0046912 -0.00595846 -0.017227 0.0876414 -0.00596762 0.015983 0.0046912 -0.00596762 0.0114456 -0.0199556 -0.00595846 0.015983 -0.0199556 0.0934361 
0.00896147 -0.0172932 0.00471299 -0.00596492 -0.0172932 0.0877619 -0.00596222 0.0160786 0.00471299 -0.00596222 0.0113956 -0.0199761 -0.00596492 0.0160786 -0.0199761 0.0936285 
0.0089814 -0.0173667 0.00472394 -0.00598577 -0.0173667 0.0878804 -0.00598321 0.0161237 0.00472394 -0.00598321 0.0113321 -0.0198592 -0.00598577 0.0161237 -0.0198592 0.093382 
0.00901017 -0.0173646 0.00470292 -0.0059909 -0.0173646 0.0879203 -0.00599052 0.0161379 0.00470292 -0.00599052 0.0113152 -0.0198419 -0.0059909 0.0161379 -0.0198419 0.093319 
0.00901003 -0.0174405 0.00469544 -0.00598017 -0.0174405 0.0881308 -0.00598413 0.0161607 0.00469544 -0.00598413 0.0113199 -0.0198044 -0.00598017 0.0161607 -0.0198044 0.0932509 
0.00899635 -0.017407 0.00469203 -0.00595266 -0.017407 0.0880694 -0.00595557 0.0160956 0.00469203 -0.00595557 0.0113014 -0.0197874 -0.00595266 0.0160956 -0.0197874 0.0931106 
0.00900131 -0.0173922 0.00470599 -0.00595311 -0.0173922 0.0880429 -0.00595332 0.0160678 0.00470599 -0.00595332 0.0112871 -0.0197926 -0.00595311 0.0160678 -0.0197926 0.09313 
0.00904209 -0.0174059 0.00473164 -0.00597467 -0.0174059 0.0880974 -0.0059747 0.0160977 0.00473164 -0.0059747 0.0112768 -0.0198006 -0.00597467 0.0160977 -0.0198006 0.0932131 
0.00910662 -0.0174236 0.0047642 -0.00599164 -0.0174236 0.0880843 -0.00599271 0.0161171 0.0047642 -0.00599271 0.0112446 -0.0198085 -0.00599164 0.0161171 -0.0198085 0.0932616 
0.00912538 -0.0175261 0.00480433 -0.00603435 -0.0175261 0.0882705 -0.00604054 0.0162081 0.00480433 -0.00604054 0.0112198 -0.0197422 -0.00603435 0.0162081 -0.0197422 0.0931389 
0.00911345 -0.0175733 0.00487188 -0.00609126 -0.0175733 0.0884653 -0.00609618 0.0163485 0.00487188 -0.00609618 0.0112022 -0.019688 -0.00609126 0.0163485 -0.019688 0.0929699 
0.00909336 -0.017518 0.00488751 -0.00617091 -0.017518 0.0883821 -0.00616695 0.016505 0.00488751 -0.00616695 0.0111963 -0.0196953 -0.00617091 0.016505 -0.0196953 0.0929373 
0.00912419 -0.0174727 0.00486001 -0.00619549 -0.0174727 0.088281 -0.0061868 0.0166062 0.00486001 -0.0061868 0.0112385 -0.0197647 -0.00619549 0.0166062 -0.0197647 0.0931855 
0.0092004 -0.0174994 0.0048313 -0.0061503 -0.0174994 0.0882137 -0.0061448 0.0165653 0.0048313 -0.0061448 0.0112091 -0.0197882 -0.0061503 0.0165653 -0.0197882 0.0932453 
0.00925419 -0.0176316 0.00479528 -0.00610579 -0.0176316 0.0884781 -0.0061126 0.0164737 0.00479528 -0.0061126 0.0111964 -0.0197511 -0.00610579 0.0164737 -0.0197511 0.0932336 
0.00921011 -0.0177594 0.00476137 -0.0060614 -0.0177594 0.0888921 -0.00607801 0.0163867 0.00476137 -0.00607801 0.0112117 -0.0196863 -0.0060614 0.0163867 -0.0196863 0.0930744 
0.00919315 -0.0176897 0.00477028 -0.00600828 -0.0176897 0.0889046 -0.00602074 0.0162373 0.00477028 -0.00602074 0.0111967 -0.0196963 -0.00600828 0.0162373 -0.0196963 0.0929841 
0.00917785 -0.0176492 0.00479944 -0.00602221 -0.0176492 0.0887717 -0.00602943 0.0161956 0.00479944 -0.00602943 0.0111498 -0.0196613 -0.00602221 0.0161956 -0.0196613 0.0928632 
0.0091118 -0.0176455 0.00482688 -0.00607897 -0.0176455 0.0887607 -0.00608374 0.0163047 0.00482688 -0.00608374 0.0111454 -0.019598 -0.00607897 0.0163047 -0.019598 0.092725 
0.00904793 -0.0175383 0.00481816 -0.00612217 -0.0175383 0.0885694 -0.00612083 0.0164236 0.00481816 -0.00612083 0.0111676 -0.0196101 -0.00612217 0.0164236 -0.0196101 0.0927096 
0.00900553 -0.0174279 0.00479797 -0.00612145 -0.0174279 0.0882572 -0.00611287 0.0164717 0.00479797 -0.00611287 0.0112123 -0.0196485 -0.00612145 0.0164717 -0.0196485 0.0927831 
0.00900256 -0.0173495 0.00477312 -0.00609437 -0.0173495 0.0879707 -0.00608186 0.0164316 0.00477312 -0.00608186 0.0112409 -0.0197214 -0.00609437 0.0164316 -0.0197214 0.0929474 
0.00902972 -0.0173688 0.00476736 -0.00606692 -0.0173688 0.0879405 -0.00605713 0.0163793 0.00476736 -0.00605713 0.0112718 -0.0197601 -0.00606692 0.0163793 -0.0197601 0.0931045 
0.00905288 -0.0173834 0.00476051 -0.00603933 -0.0173834 0.0878942 -0.00603306 0.0162938 0.00476051 -0.00603306 0.0112941 -0.0197832 -0.00603933 0.0162938 -0.0197832 0.0931289 
0.00911672 -0.0174487 0.00477923 -0.00603548 -0.0174487 0.0880783 -0.00602839 0.0162565 0.00477923 -0.00602839 0.0112966 -0.0198469 -0.00603548 0.0162565 -0.0198469 0.0933302 
0.00920666 -0.0175301 0.00482287 -0.0060436 -0.0175301 0.0882827 -0.00603961 0.0162402 0.00482287 -0.00603961 0.0112486 -0.019866 -0.0060436 0.0162402 -0.019866 0.0934618 
0.00924761 -0.0176435 0.00484563 -0.00608434 -0.0176435 0.088523 -0.00608847 0.0162962 0.00484563 -0.00608847 0.0112016 -0.0197882 -0.00608434 0.0162962 -0.0197882 0.0933352 
0.00926254 -0.0177502 0.00489534 -0.0061305 -0.0177502 0.0888957 -0.00614098 0.0164372 0.00489534 -0.00614098 0.0111688 -0.0196942 -0.0061305 0.0164372 -0.0196942 0.0931112 
0.00927273 -0.0177536 0.00495029 -0.00619153 -0.0177536 0.0889973 -0.00619899 0.0165858 0.00495029 -0.00619899 0.0110873 -0.0196248 -0.00619153 0.0165858 -0.0196248 0.0928496 
0.00923797 -0.0177513 0.00497471 -0.00627059 -0.0177513 0.0890181 -0.00627411 0.0167779 0.00497471 -0.00627411 0.0110581 -0.0195439 -0.00627059 0.0167779 -0.0195439 0.0926721 
0.00921574 -0.0176802 0.00499952 -0.00630603 -0.0176802 0.0888464 -0.00630824 0.0169209 0.00499952 -0.00630824 0.0110061 -0.0194894 -0.00630603 0.0169209 -0.0194894 0.0924601 
0.00924072 -0.0176471 0.00500841 -0.00634886 -0.0176471 0.0887483 -0.00635136 0.0170523 0.00500841 -0.00635136 0.0109579 -0.0194521 -0.00634886 0.0170523 -0.0194521 0.0923922 
0.009257 -0.0176625 0.00501619 -0.00636011 -0.0176625 0.0887082 -0.00636859 0.0171338 0.00501619 -0.00636859 0.0109153 -0.0193845 -0.00636011 0.0171338 -0.0193845 0.0922454 
0.00933928 -0.0176438 0.00503489 -0.00635343 -0.0176438 0.0886184 -0.00636589 0.0171275 0.00503489 -0.00636589 0.0108673 -0.0193646 -0.00635343 0.0171275 -0.0193646 0.0921788 
0.00935002 -0.0177666 0.00501925 -0.00637701 -0.0177666 0.0888117 -0.00639588 0.0171732 0.00501925 -0.00639588 0.0108916 -0.0192974 -0.00637701 0.0171732 -0.0192974 0.0920541 
0.0092843 -0.0177968 0.00498038 -0.00635862 -0.0177968 0.0889706 -0.00637277 0.0171619 0.00498038 -0.00637277 0.0109739 -0.0193069 -0.00635862 0.0171619 -0.0193069 0.0919733 
0.00922386 -0.0177187 0.00496355 -0.00631437 -0.0177187 0.0888684 -0.00631226 0.0170639 0.00496355 -0.00631226 0.011003 -0.019377 -0.00631437 0.0170639 -0.019377 0.0919971 
0.00920581 -0.0176347 0.0049601 -0.00629807 -0.0176347 0.0887067 -0.00628349 0.0169717 0.0049601 -0.00628349 0.011053 -0.0194802 -0.00629807 0.0169717 -0.0194802 0.0923088 
0.00915751 -0.0176143 0.00495637 -0.00629666 -0.0176143 0.0885921 -0.00627937 0.0169397 0.00495637 -0.00627937 0.0111132 -0.0195219 -0.00629666 0.0169397 -0.0195219 0.0924634 
0.0091828 -0.0175585 0.00497081 -0.00629416 -0.0175585 0.0884954 -0.00627287 0.0169221 0.00497081 -0.00627287 0.0111157 -0.0196234 -0.00629416 0.0169221 -0.0196234 0.0927309 
0.00920723 -0.0175772 0.00498291 -0.00630476 -0.0175772 0.088419 -0.00628854 0.0169352 0.00498291 -0.00628854 0.0110655 -0.0195961 -0.00630476 0.0169352 -0.0195961 0.0927255 
0.00924551 -0.0176259 0.00502203 -0.00632407 -0.0176259 0.0885006 -0.00631877 0.0169978 0.00502203 -0.00631877 0.0109805 -0.019509 -0.00632407 0.0169978 -0.019509 0.0925427 
0.00926 -0.0176541 0.00502758 -0.00636057 -0.0176541 0.0885778 -0.00636527 0.0170738 0.00502758 -0.00636527 0.0109714 -0.0194467 -0.00636057 0.0170738 -0.0194467 0.0924256 
0.00920672 -0.017677 0.0049927 -0.00637208 -0.017677 0.0886457 -0.00638162 0.0171423 0.0049927 -0.00638162 0.0110129 -0.0194141 -0.00637208 0.0171423 -0.0194141 0.0922939 
0.00916458 -0.0176097 0.00494215 -0.00633059 -0.0176097 0.0885795 -0.00633342 0.017089 0.00494215 -0.00633342 0.0110708 -0.0194899 -0.00633059 0.017089 -0.0194899 0.0924132 
0.00923713 -0.0175388 0.00495369 -0.00625986 -0.0175388 0.088401 -0.00625563 0.0169212 0.00495369 -0.00625563 0.011065 -0.0195892 -0.00625986 0.0169212 -0.0195892 0.0926662 
0.0093446 -0.0176492 0.00498011 -0.00626781 -0.0176492 0.0885566 -0.00626886 0.0168606 0.00498011 -0.00626886 0.01103 -0.0195998 -0.00626781 0.0168606 -0.0195998 0.0928364 
0.00944997 -0.0177871 0.00501818 -0.00628303 -0.0177871 0.0888372 -0.00629349 0.0168678 0.00501818 -0.00629349 0.0109591 -0.0195344 -0.00628303 0.0168678 -0.0195344 0.0927269 
0.00947918 -0.0179344 0.00501163 -0.0063216 -0.0179344 0.0892053 -0.00633995 0.0169373 0.00501163 -0.00633995 0.0109492 -0.0194364 -0.0063216 0.0169373 -0.0194364 0.0924969 
0.00937693 -0.0180055 0.00497948 -0.00632684 -0.0180055 0.0895118 -0.00634307 0.0169977 0.00497948 -0.00634307 0.0110151 -0.0193792 -0.00632684 0.0169977 -0.0193792 0.0922547 
0.00932386 -0.0178755 0.00494855 -0.00629185 -0.0178755 0.0894354 -0.0062921 0.0169349 0.00494855 -0.0062921 0.0110756 -0.0195016 -0.00629185 0.0169349 -0.0195016 0.0924356 
0.00932147 -0.017799 0.00495828 -0.00626332 -0.017799 0.0892059 -0.00625208 0.0168559 0.00495828 -0.00625208 0.0110552 -0.0195459 -0.00626332 0.0168559 -0.0195459 0.0925464 
0.00931538 -0.0177845 0.0049684 -0.00626976 -0.0177845 0.0890991 -0.0062611 0.0168282 0.0049684 -0.0062611 0.0110525 -0.0195558 -0.00626976 0.0168282 -0.0195558 0.0926621 
0.00920992 -0.0177748 0.00491269 -0.00628118 -0.0177748 0.0890597 -0.00627752 0.0168487 0.00491269 -0.00627752 0.0111331 -0.0195573 -0.00628118 0.0168487 -0.0195573 0.0927085 
0.00914693 -0.0176358 0.00485844 -0.00621313 -0.0176358 0.0888227 -0.00620539 0.0167434 0.00485844 -0.00620539 0.0111985 -0.0196723 -0.00621313 0.0167434 -0.0196723 0.0929253 
0.00916827 -0.017536 0.00486717 -0.00614002 -0.017536 0.0884794 -0.00613028 0.0165643 0.00486717 -0.00613028 0.0111786 -0.0197248 -0.00614002 0.0165643 -0.0197248 0.0930344 
0.00921298 -0.0175822 0.00486187 -0.00615114 -0.0175822 0.0884721 -0.00614898 0.0165198 0.00486187 -0.00614898 0.0111971 -0.0197124 -0.00615114 0.0165198 -0.0197124 0.0930955 
0.00919261 -0.0176592 0.00486875 -0.00614997 -0.0176592 0.0886215 -0.00615199 0.0165358 0.00486875 -0.00615199 0.0112297 -0.0196904 -0.00614997 0.0165358 -0.0196904 0.0929931 
0.00919987 -0.0176337 0.00487026 -0.00615566 -0.0176337 0.0886567 -0.00615042 0.0165314 0.00487026 -0.00615042 0.011242 -0.019756 -0.00615566 0.0165314 -0.019756 0.0930931 
0.00923048 -0.0176401 0.00485805 -0.00615802 -0.0176401 0.0886725 -0.0061488 0.0165282 0.00485805 -0.0061488 0.0112597 -0.0197967 -0.00615802 0.0165282 -0.0197967 0.093254 
0.00926318 -0.0176849 0.00483263 -0.00613794 -0.0176849 0.0887591 -0.00613063 0.0164947 0.00483263 -0.00613063 0.0112715 -0.0198216 -0.00613794 0.0164947 -0.0198216 0.0933588 
0.00922032 -0.0177336 0.00477744 -0.0060952 -0.0177336 0.0888854 -0.00609377 0.0164029 0.00477744 -0.00609377 0.0113298 -0.0198431 -0.0060952 0.0164029 -0.0198431 0.0934394 
0.00926296 -0.0177039 0.00479585 -0.00602756 -0.0177039 0.0889071 -0.00602674 0.0162603 0.00479585 -0.00602674 0.0112869 -0.0198785 -0.00602756 0.0162603 -0.0198785 0.0934691 
0.00927941 -0.0177487 0.00481311 -0.00603939 -0.0177487 0.0889599 -0.00604221 0.0162048 0.00481311 -0.00604221 0.0112659 -0.0198361 -0.00603939 0.0162048 -0.0198361 0.0934347 
0.0092916 -0.017799 0.00484439 -0.00607328 -0.017799 0.0891444 -0.00607992 0.0162739 0.00484439 -0.00607992 0.0112548 -0.0198029 -0.00607328 0.0162739 -0.0198029 0.0933733 
0.0093127 -0.0177907 0.00487334 -0.0061072 -0.0177907 0.089149 -0.00610997 0.0163465 0.00487334 -0.00610997 0.0111959 -0.0197866 -0.0061072 0.0163465 -0.0197866 0.0932931 
0.00940789 -0.0178138 0.0049397 -0.00614957 -0.0178138 0.0891735 -0.00615411 0.0164571 0.0049397 -0.00615411 0.0110728 -0.0197018 -0.00614957 0.0164571 -0.0197018 0.0931171 
0.00942162 -0.0179172 0.00498535 -0.00622613 -0.0179172 0.0893147 -0.00624124 0.0166352 0.00498535 -0.00624124 0.0110163 -0.0195357 -0.00622613 0.0166352 -0.0195357 0.0927427 
0.00948363 -0.017948 0.00503629 -0.00629428 -0.017948 0.0895122 -0.00630859 0.0168261 0.00503629 -0.00630859 0.0109738 -0.0195077 -0.00629428 0.0168261 -0.0195077 0.0926381 
0.00940579 -0.017991 0.00502558 -0.00635236 -0.017991 0.0895369 -0.00636373 0.0169867 0.00502558 -0.00636373 0.0110033 -0.0194133 -0.00635236 0.0169867 -0.0194133 0.0923521 
0.00938783 -0.0178955 0.00501086 -0.00634907 -0.0178955 0.0894444 -0.00634852 0.0170332 0.00501086 -0.00634852 0.0110663 -0.0195021 -0.00634907 0.0170332 -0.0195021 0.0924797 
0.00938194 -0.0178541 0.005011 -0.00632915 -0.0178541 0.0892538 -0.00631896 0.016998 0.005011 -0.00631896 0.0110903 -0.0195611 -0.00632915 0.016998 -0.0195611 0.0925892 
0.00935294 -0.0178563 0.00500779 -0.0063291 -0.0178563 0.0892154 -0.00631527 0.016972 0.00500779 -0.00631527 0.0111126 -0.0196133 -0.0063291 0.016972 -0.0196133 0.0927653 
0.00933271 -0.0178161 0.00498197 -0.00631724 -0.0178161 0.0891473 -0.00630459 0.0169324 0.00498197 -0.00630459 0.0111538 -0.0196679 -0.00631724 0.0169324 -0.0196679 0.0929581 
0.00932464 -0.017808 0.00496611 -0.00629064 -0.017808 0.0891387 -0.00628133 0.0168866 0.00496611 -0.00628133 0.0111936 -0.0197135 -0.00629064 0.0168866 -0.0197135 0.0931175 
0.00944028 -0.0177944 0.00497564 -0.00625823 -0.0177944 0.0891252 -0.0062505 0.0167965 0.00497564 -0.0062505 0.0111684 -0.0197937 -0.00625823 0.0167965 -0.0197937 0.0933526 
0.00957531 -0.0179531 0.00501877 -0.00626432 -0.0179531 0.0893665 -0.00626577 0.0167841 0.00501877 -0.00626577 0.0110837 -0.0197272 -0.00626432 0.0167841 -0.0197272 0.093289 
0.00961049 -0.0181356 0.00501295 -0.00630593 -0.0181356 0.0897937 -0.00631845 0.0168541 0.00501295 -0.00631845 0.011076 -0.0196156 -0.00630593 0.0168541 -0.0196156 0.0930506 
0.00957501 -0.0181948 0.00499026 -0.0063013 -0.0181948 0.0900799 -0.00631323 0.0168877 0.00499026 -0.00631323 0.0111127 -0.0195866 -0.0063013 0.0168877 -0.0195866 0.0928681 
0.00953328 -0.018152 0.00497926 -0.00627668 -0.018152 0.090099 -0.00627758 0.0168431 0.00497926 -0.00627758 0.0111105 -0.0196285 -0.00627668 0.0168431 -0.0196285 0.0928702 
0.00947262 -0.0181234 0.00501369 -0.00627784 -0.0181234 0.0901078 -0.00627538 0.0168335 0.00501369 -0.00627538 0.0110867 -0.0196329 -0.00627784 0.0168335 -0.0196329 0.0929467 
0.00936472 -0.0180118 0.0050315 -0.00631649 -0.0180118 0.0898292 -0.00631301 0.0168867 0.0050315 -0.00631301 0.0110694 -0.0195589 -0.00631649 0.0168867 -0.0195589 0.0927461 
0.00938761 -0.0178675 0.00509187 -0.00635918 -0.0178675 0.0895096 -0.00635343 0.0170027 0.00509187 -0.00635343 0.0109743 -0.0195605 -0.00635918 0.0170027 -0.0195605 0.09272 
0.00946264 -0.0178501 0.0051383 -0.00642871 -0.0178501 0.0892985 -0.00643066 0.0171574 0.0051383 -0.00643066 0.0109097 -0.0194863 -0.00642871 0.0171574 -0.0194863 0.0926623 
0.00956656 -0.0179295 0.00515848 -0.00648584 -0.0179295 0.0893321 -0.00649754 0.0173347 0.00515848 -0.00649754 0.0108383 -0.0193886 -0.00648584 0.0173347 -0.0193886 0.0924277 
0.00969812 -0.018073 0.00518558 -0.00650985 -0.018073 0.0896161 -0.00652904 0.0174564 0.00518558 -0.00652904 0.0107382 -0.0192985 -0.00650985 0.0174564 -0.0192985 0.0921912 
0.00975496 -0.0182546 0.00522007 -0.00653741 -0.0182546 0.0900502 -0.0065638 0.0175486 0.00522007 -0.0065638 0.0106761 -0.0191566 -0.00653741 0.0175486 -0.0191566 0.0918546 
0.00974867 -0.0183114 0.005257 -0.00657098 -0.0183114 0.0902565 -0.00659552 0.0176215 0.005257 -0.00659552 0.0106304 -0.0190472 -0.00657098 0.0176215 -0.0190472 0.09145 
0.00977248 -0.0182985 0.00529501 -0.0066274 -0.0182985 0.0903205 -0.00664135 0.0177316 0.00529501 -0.00664135 0.0105949 -0.019021 -0.0066274 0.0177316 -0.019021 0.0913161 
0.00970446 -0.0183323 0.00530317 -0.00669342 -0.0183323 0.0904075 -0.00669693 0.0178953 0.00530317 -0.00669693 0.0106455 -0.0189846 -0.00669342 0.0178953 -0.0189846 0.0912488 
0.00966406 -0.01823 0.00528908 -0.00670844 -0.01823 0.0902474 -0.00670009 0.0179716 0.00528908 -0.00670009 0.010703 -0.0190499 -0.00670844 0.0179716 -0.0190499 0.0913182 
0.00962636 -0.0181701 0.00529203 -0.00669802 -0.0181701 0.0900352 -0.00668095 0.0179818 0.00529203 -0.00668095 0.0106972 -0.0191065 -0.00669802 0.0179818 -0.0191065 0.0914189 
0.00960564 -0.0181352 0.00526583 -0.00670149 -0.0181352 0.089972 -0.00668625 0.0179805 0.00526583 -0.00668625 0.010745 -0.0191572 -0.00670149 0.0179805 -0.0191572 0.091672 
0.00961978 -0.0180801 0.00526927 -0.00665622 -0.0180801 0.0897636 -0.00664524 0.0179012 0.00526927 -0.00664524 0.0107153 -0.0191754 -0.00665622 0.0179012 -0.0191754 0.0916852 
0.00973811 -0.0181301 0.00530465 -0.00666405 -0.0181301 0.089871 -0.00666074 0.0178886 0.00530465 -0.00666074 0.0106399 -0.0191813 -0.00666405 0.0178886 -0.0191813 0.0918185 
0.00982314 -0.0182329 0.00531826 -0.00667778 -0.0182329 0.0899614 -0.00668675 0.0178906 0.00531826 -0.00668675 0.0105763 -0.0190693 -0.00667778 0.0178906 -0.0190693 0.0915919 
0.00984466 -0.0183799 0.00529515 -0.00670242 -0.0183799 0.0903614 -0.0067188 0.0179533 0.00529515 -0.0067188 0.0106138 -0.0190245 -0.00670242 0.0179533 -0.0190245 0.0915127 
0.00980402 -0.0184119 0.00528004 -0.00667057 -0.0184119 0.090527 -0.00668312 0.0179294 0.00528004 -0.00668312 0.0106228 -0.0190095 -0.00667057 0.0179294 -0.0190095 0.0913373 
0.00973023 -0.0183636 0.00523938 -0.00665045 -0.0183636 0.0905213 -0.00665441 0.0178552 0.00523938 -0.00665441 0.0106939 -0.0190521 -0.00665045 0.0178552 -0.0190521 0.0914063 
0.00968135 -0.0182796 0.00520752 -0.00661054 -0.0182796 0.0903737 -0.00660649 0.0177675 0.00520752 -0.00660649 0.0107152 -0.019119 -0.00661054 0.0177675 -0.019119 0.0915189 
0.00954629 -0.0182238 0.00514272 -0.00657314 -0.0182238 0.0902577 -0.00656894 0.0176689 0.00514272 -0.00656894 0.0108466 -0.0191707 -0.00657314 0.0176689 -0.0191707 0.0917169 
0.00941684 -0.0180578 0.00511201 -0.00649868 -0.0180578 0.0899326 -0.00648797 0.0175132 0.00511201 -0.00648797 0.0109406 -0.0192947 -0.00649868 0.0175132 -0.0192947 0.0919103 
0.00931149 -0.0178931 0.00504219 -0.00646609 -0.0178931 0.08955 -0.00644516 0.0173804 0.00504219 -0.00644516 0.0110423 -0.0194407 -0.00646609 0.0173804 -0.0194407 0.0922938 
0.00932784 -0.0177374 0.00499163 -0.00637708 -0.0177374 0.08911 -0.00635399 0.0171845 0.00499163 -0.00635399 0.0110889 -0.0195857 -0.00637708 0.0171845 -0.0195857 0.0926897 
0.00937383 -0.0177815 0.00499251 -0.00631297 -0.0177815 0.0890332 -0.00630059 0.0170212 0.00499251 -0.00630059 0.0110758 -0.0196134 -0.00631297 0.0170212 -0.0196134 0.0928557 
0.00945323 -0.0178518 0.00501787 -0.00630116 -0.0178518 0.089149 -0.00629928 0.0169409 0.00501787 -0.00629928 0.0109892 -0.0195761 -0.00630116 0.0169409 -0.0195761 0.0928012 
0.00947254 -0.0179514 0.0050161 -0.00632315 -0.0179514 0.0893632 -0.00633392 0.0169562 0.0050161 -0.00633392 0.0109634 -0.0194739 -0.00632315 0.0169562 -0.0194739 0.092606 
0.00945566 -0.017982 0.0050059 -0.00632124 -0.017982 0.0894963 -0.00633666 0.016978 0.0050059 -0.00633666 0.0109602 -0.0194117 -0.00632124 0.016978 -0.0194117 0.0923616 
0.00945807 -0.0179749 0.00499419 -0.00631706 -0.0179749 0.0895936 -0.00632811 0.0169753 0.00499419 -0.00632811 0.0109711 -0.0194456 -0.00631706 0.0169753 -0.0194456 0.0924173 
0.00949954 -0.0179456 0.00502139 -0.0062916 -0.0179456 0.0894902 -0.00629784 0.0169107 0.00502139 -0.00629784 0.0109306 -0.0194475 -0.0062916 0.0169107 -0.0194475 0.0923947 
0.00957814 -0.0180261 0.00507538 -0.00633383 -0.0180261 0.0896496 -0.00634159 0.0169635 0.00507538 -0.00634159 0.0108838 -0.0194034 -0.00633383 0.0169635 -0.0194034 0.0923616 
0.00956833 -0.018128 0.00511722 -0.0064051 -0.018128 0.0898856 -0.0064132 0.0171171 0.00511722 -0.0064132 0.0108918 -0.0193228 -0.0064051 0.0171171 -0.0193228 0.0921722 
0.00959564 -0.0180929 0.00514795 -0.00645773 -0.0180929 0.0898639 -0.00645596 0.0172543 0.00514795 -0.00645596 0.010821 -0.0193217 -0.00645773 0.0172543 -0.0193217 0.0920369 
0.00966477 -0.0181342 0.00518781 -0.00651089 -0.0181342 0.0899465 -0.0065069 0.0174071 0.00518781 -0.0065069 0.0107284 -0.0192642 -0.00651089 0.0174071 -0.0192642 0.0919898 
0.00964139 -0.0181955 0.00520009 -0.00655017 -0.0181955 0.0900144 -0.00655538 0.0175305 0.00520009 -0.00655538 0.0107034 -0.0191255 -0.00655017 0.0175305 -0.0191255 0.0916799 
0.00962927 -0.0181725 0.00520693 -0.0065678 -0.0181725 0.090055 -0.00657621 0.0176106 0.00520693 -0.00657621 0.0107115 -0.0191224 -0.0065678 0.0176106 -0.0191224 0.0916051 
0.00957502 -0.0181522 0.00523837 -0.00658476 -0.0181522 0.0899798 -0.00658792 0.0176747 0.00523837 -0.00658792 0.0106996 -0.0190813 -0.00658476 0.0176747 -0.0190813 0.0914299 
0.00954813 -0.0180781 0.00526687 -0.00663206 -0.0180781 0.0898527 -0.00662788 0.0177649 0.00526687 -0.00662788 0.0106976 -0.0190991 -0.00663206 0.0177649 -0.0190991 0.0914593 
0.00955436 -0.0180327 0.0053043 -0.00668263 -0.0180327 0.0896906 -0.0066734 0.0179009 0.0053043 -0.0066734 0.0106461 -0.0190741 -0.00668263 0.0179009 -0.0190741 0.0913971 
0.00954553 -0.0180272 0.00534032 -0.00673516 -0.0180272 0.0895993 -0.00672788 0.018054 0.00534032 -0.00672788 0.0106063 -0.0190029 -0.00673516 0.018054 -0.0190029 0.0912472 
0.00957111 -0.0179763 0.00533803 -0.00677025 -0.0179763 0.0894439 -0.00676562 0.0181528 0.00533803 -0.00676562 0.0106063 -0.0190008 -0.00677025 0.0181528 -0.0190008 0.0912335 
0.00957251 -0.0180351 0.00533609 -0.00678329 -0.0180351 0.0895427 -0.00678171 0.0182424 0.00533609 -0.00678171 0.0106458 -0.0190042 -0.00678329 0.0182424 -0.0190042 0.0912827 
0.00957504 -0.0180215 0.00533371 -0.00676718 -0.0180215 0.089503 -0.00676293 0.0182264 0.00533371 -0.00676293 0.0106273 -0.0190249 -0.00676718 0.0182264 -0.0190249 0.091251 
0.00958357 -0.0180408 0.0053164 -0.00676533 -0.0180408 0.0895627 -0.00676169 0.0182133 0.0053164 -0.00676169 0.0106222 -0.0190267 -0.00676533 0.0182133 -0.0190267 0.0913179 
0.0095174 -0.0180546 0.00531545 -0.00674358 -0.0180546 0.0895764 -0.00674439 0.0181842 0.00531545 -0.00674439 0.0106353 -0.0189729 -0.00674358 0.0181842 -0.0189729 0.0911655 
0.00954943 -0.0179762 0.00533877 -0.0067444 -0.0179762 0.0895058 -0.00674241 0.0181652 0.00533877 -0.00674241 0.0105645 -0.0190196 -0.0067444 0.0181652 -0.0190196 0.0912413 
0.00952719 -0.0179967 0.00534394 -0.00677385 -0.0179967 0.0894572 -0.00677688 0.0182121 0.00534394 -0.00677688 0.0105458 -0.0189296 -0.00677385 0.0182121 -0.0189296 0.091133 
0.00957413 -0.0179621 0.00534317 -0.00678418 -0.0179621 0.0893916 -0.00679121 0.0182617 0.00534317 -0.00679121 0.0104971 -0.0188975 -0.00678418 0.0182617 -0.0188975 0.0910043 
0.00953798 -0.0180096 0.00534048 -0.00678252 -0.0180096 0.0893866 -0.00679461 0.018292 0.00534048 -0.00679461 0.0105003 -0.0188036 -0.00678252 0.018292 -0.0188036 0.0907426 
0.00946969 -0.017974 0.00532274 -0.00678519 -0.017974 0.089395 -0.00679328 0.0183005 0.00532274 -0.00679328 0.0105759 -0.0188412 -0.00678519 0.0183005 -0.0188412 0.0907633 
0.00941746 -0.017898 0.00533144 -0.00677732 -0.017898 0.0892838 -0.0067723 0.0182911 0.00533144 -0.0067723 0.0106111 -0.0189254 -0.00677732 0.0182911 -0.0189254 0.0909161 
0.00942784 -0.0178083 0.00533291 -0.00678684 -0.0178083 0.0890426 -0.00677249 0.0182806 0.00533291 -0.00677249 0.0105654 -0.0189779 -0.00678684 0.0182806 -0.0189779 0.0910699 
0.0094688 -0.0178187 0.00532864 -0.00679261 -0.0178187 0.0889665 -0.0067864 0.0183083 0.00532864 -0.0067864 0.0104998 -0.0189212 -0.00679261 0.0183083 -0.0189212 0.0910551 
0.00952166 -0.0178613 0.00534105 -0.00677936 -0.0178613 0.0890007 -0.00678858 0.0183116 0.00534105 -0.00678858 0.010437 -0.0188272 -0.00677936 0.0183116 -0.0188272 0.0908555 
0.0095266 -0.0179258 0.0053331 -0.00678846 -0.0179258 0.0891052 -0.00680909 0.0183349 0.0053331 -0.00680909 0.0104204 -0.018722 -0.00678846 0.0183349 -0.018722 0.0905439 
0.00944824 -0.0179515 0.00527473 -0.00678918 -0.0179515 0.0892546 -0.00680743 0.0183585 0.00527473 -0.00680743 0.0104986 -0.0187151 -0.00678918 0.0183585 -0.0187151 0.090454 
0.00943132 -0.0178092 0.00522935 -0.00670679 -0.0178092 0.0889764 -0.00671127 0.0181986 0.00522935 -0.00671127 0.0105143 -0.0188167 -0.00670679 0.0181986 -0.0188167 0.0905427 
0.00950455 -0.0178212 0.00527006 -0.00665957 -0.0178212 0.0889211 -0.00666129 0.0180582 0.00527006 -0.00666129 0.0104375 -0.0188248 -0.00665957 0.0180582 -0.0188248 0.0906289 
0.00954577 -0.0179116 0.00530447 -0.00670054 -0.0179116 0.0890637 -0.00670939 0.0180636 0.00530447 -0.00670939 0.0103989 -0.0187329 -0.00670054 0.0180636 -0.0187329 0.090508 
0.00952603 -0.0179817 0.00532922 -0.00675249 -0.0179817 0.0892727 -0.00676488 0.0181865 0.00532922 -0.00676488 0.0103925 -0.0186506 -0.00675249 0.0181865 -0.0186506 0.0902611 
0.00950484 -0.0179441 0.00534874 -0.00679142 -0.0179441 0.0892946 -0.00679555 0.0182952 0.00534874 -0.00679555 0.0104141 -0.0186738 -0.00679142 0.0182952 -0.0186738 0.0902557 
0.00947964 -0.017919 0.00536263 -0.00682726 -0.017919 0.0892538 -0.00682294 0.0183985 0.00536263 -0.00682294 0.010442 -0.0186974 -0.00682726 0.0183985 -0.0186974 0.0903112 
0.0094683 -0.0178533 0.00537886 -0.00683953 -0.0178533 0.0890583 -0.00682762 0.0184419 0.00537886 -0.00682762 0.0104561 -0.0187342 -0.00683953 0.0184419 -0.0187342 0.0903677 
