0.00920806 0 -0.00224859 0 0 0.00999226 0 0 -0.00224859 0 0.00425783 0 0 0 0 0.00999226 
0.0128475 -0.0159046 -0.00325171 0.00400977 -0.0159046 0.0396569 0.00400977 -0.0076872 -0.00325171 0.00400977 0.00619426 -0.00771598 0.00400977 -0.0076872 -0.00771598 0.0239537 
0.0125273 -0.0227586 -0.00311408 0.00533839 -0.0227586 0.0817323 0.00533839 -0.0170625 -0.00311408 0.00533839 0.00643348 -0.0124268 0.00533839 -0.0170625 -0.0124268 0.0488283 
0.0117324 -0.0212799 -0.00281391 0.00430061 -0.0212799 0.0923707 0.00429339 -0.015955 -0.00281391 0.00429339 0.00618588 -0.013272 0.00430061 -0.015955 -0.013272 0.0633226 
0.0118172 -0.0204719 -0.00277701 0.00371975 -0.0204719 0.0936212 0.00370923 -0.0127724 -0.00277701 0.00370923 0.00616006 -0.0133491 0.00371975 -0.0127724 -0.0133491 0.0707228 
0.0120995 -0.0205865 -0.00289594 0.00373309 -0.0205865 0.0945588 0.00372337 -0.011368 -0.00289594 0.00372337 0.00620025 -0.0134049 0.00373309 -0.011368 -0.0134049 0.0742408 
0.0123131 -0.0209462 -0.00299479 0.00386692 -0.0209462 0.095834 0.00386225 -0.0110386 -0.00299479 0.00386225 0.00621783 -0.0133104 0.00386692 -0.0110386 -0.0133104 0.0753391 
0.0123788 -0.0211185 -0.00302032 0.00399898 -0.0211185 0.096521 0.00399867 -0.0111722 -0.00302032 0.00399867 0.00623583 -0.0132007 0.00399898 -0.0111722 -0.0132007 0.0753045 
0.0124146 -0.0211595 -0.00305676 0.00407581 -0.0211595 0.096819 0.00407723 -0.0114263 -0.00305676 0.00407723 0.00624751 -0.0132177 0.00407581 -0.0114263 -0.0132177 0.0752925 
0.0124008 -0.0211965 -0.00305678 0.00410836 -0.0211965 0.0969358 0.00411335 -0.0115608 -0.00305678 0.00411335 0.00628807 -0.0132129 0.00410836 -0.0115608 -0.0132129 0.0752408 
0.0123833 -0.0212215 -0.00298945 0.00405573 -0.0212215 0.097029 0.00405922 -0.0114625 -0.00298945 0.00405922 0.00632765 -0.0132067 0.00405573 -0.0114625 -0.0132067 0.0751039 
0.0123604 -0.021173 -0.00299331 0.00401957 -0.021173 0.0969929 0.00401615 -0.0114079 -0.00299331 0.00401615 0.00637724 -0.0133432 0.00401957 -0.0114079 -0.0133432 0.0754221 
0.0123193 -0.0210911 -0.0029902 0.00402228 -0.0210911 0.0967193 0.00401086 -0.0113672 -0.0029902 0.00401086 0.00639545 -0.0134257 0.00402228 -0.0113672 -0.0134257 0.0756783 
0.0123198 -0.0210434 -0.00301146 0.0040465 -0.0210434 0.0965878 0.00403384 -0.0114241 -0.00301146 0.00403384 0.00640083 -0.0134992 0.0040465 -0.0114241 -0.0134992 0.0760139 
0.0122917 -0.0210078 -0.00302335 0.00407361 -0.0210078 0.0964015 0.0040689 -0.0115043 -0.00302335 0.0040689 0.00639802 -0.0135032 0.00407361 -0.0115043 -0.0135032 0.0761101 
0.0122817 -0.0210144 -0.00307762 0.00407603 -0.0210144 0.096426 0.00408047 -0.0115398 -0.00307762 0.00408047 0.00640832 -0.0134832 0.00407603 -0.0115398 -0.0134832 0.076119 
0.0123021 -0.0210541 -0.00314351 0.00410658 -0.0210541 0.096576 0.00411028 -0.01155 -0.00314351 0.00411028 0.00641252 -0.0134461 0.00410658 -0.01155 -0.0134461 0.0760066 
0.0123874 -0.0210847 -0.00318752 0.00419012 -0.0210847 0.096688 0.00418126 -0.0116767 -0.00318752 0.00418126 0.00634834 -0.0134385 0.00419012 -0.0116767 -0.0134385 0.0759222 
0.012475 -0.0211922 -0.00317956 0.00423917 -0.0211922 0.0968799 0.00423347 -0.0118127 -0.00317956 0.00423347 0.00626624 -0.0133504 0.00423917 -0.0118127 -0.0133504 0.0757263 
0.012472 -0.0212831 -0.00319333 0.00425594 -0.0212831 0.0971045 0.0042669 -0.0119498 -0.00319333 0.0042669 0.00626883 -0.0132853 0.00425594 -0.0119498 -0.0132853 0.075589 
0.0124391 -0.0213035 -0.00318873 0.0042379 -0.0213035 0.0972354 0.00425471 -0.0119277 -0.00318873 0.00425471 0.00629426 -0.013244 0.0042379 -0.0119277 -0.013244 0.0753803 
0.0124258 -0.0212899 -0.0032015 0.00424254 -0.0212899 0.0973394 0.00424732 -0.0119184 -0.0032015 0.00424732 0.0063274 -0.0132998 0.00424254 -0.0119184 -0.0132998 0.0754743 
0.0124678 -0.0212822 -0.00318611 0.0042491 -0.0212822 0.0973626 0.00423849 -0.0118914 -0.00318611 0.00423849 0.00631618 -0.0133377 0.0042491 -0.0118914 -0.0133377 0.0755855 
0.0124635 -0.0212837 -0.00316142 0.00424547 -0.0212837 0.0972727 0.00423363 -0.0118958 -0.00316142 0.00423363 0.00631612 -0.0133436 0.00424547 -0.0118958 -0.0133436 0.0756315 
0.0125167 -0.0213034 -0.00314473 0.00422383 -0.0213034 0.0973554 0.00421932 -0.0118835 -0.00314473 0.00421932 0.00628927 -0.013376 0.00422383 -0.0118835 -0.013376 0.0757846 
0.0125559 -0.0213507 -0.00314088 0.00417601 -0.0213507 0.0973901 0.00418404 -0.0117829 -0.00314088 0.00418404 0.00624985 -0.0133189 0.00417601 -0.0117829 -0.0133189 0.0756834 
0.0125789 -0.0214039 -0.00311115 0.00417124 -0.0214039 0.0975058 0.00418789 -0.0117415 -0.00311115 0.00418789 0.00621499 -0.0132761 0.00417124 -0.0117415 -0.0132761 0.0755713 
0.0125881 -0.0214816 -0.00306271 0.00412794 -0.0214816 0.0977844 0.00414824 -0.0116632 -0.00306271 0.00414824 0.0062156 -0.0132362 0.00412794 -0.0116632 -0.0132362 0.0755211 
0.012605 -0.021492 -0.00303941 0.0040528 -0.021492 0.0978931 0.00407037 -0.0114841 -0.00303941 0.00407037 0.00619809 -0.0132147 0.0040528 -0.0114841 -0.0132147 0.0754204 
0.0126258 -0.0215264 -0.00301668 0.00400827 -0.0215264 0.0979975 0.00401927 -0.0113101 -0.00301668 0.00401927 0.00618009 -0.0131815 0.00400827 -0.0113101 -0.0131815 0.0753254 
0.0126422 -0.0215337 -0.00302454 0.00399943 -0.0215337 0.0980248 0.0040011 -0.0112422 -0.00302454 0.0040011 0.00617978 -0.0131718 0.00399943 -0.0112422 -0.0131718 0.0752846 
0.0126058 -0.0214838 -0.00300752 0.00405254 -0.0214838 0.0978362 0.00404555 -0.0113474 -0.00300752 0.00404555 0.00619668 -0.0132062 0.00405254 -0.0113474 -0.0132062 0.075326 
0.0125668 -0.0214357 -0.00300079 0.00405705 -0.0214357 0.097706 0.0040486 -0.0114376 -0.00300079 0.0040486 0.00622398 -0.0132571 0.00405705 -0.0114376 -0.0132571 0.0754912 
0.0125619 -0.0213682 -0.00300667 0.00403754 -0.0213682 0.0974845 0.00402999 -0.0114229 -0.00300667 0.00402999 0.00621059 -0.0132734 0.00403754 -0.0114229 -0.0132734 0.0755303 
0.0125301 -0.0213789 -0.00301731 0.00403509 -0.0213789 0.0974427 0.00403295 -0.0114059 -0.00301731 0.00403295 0.00623252 -0.0132489 0.00403509 -0.0114059 -0.0132489 0.0755133 
0.0125588 -0.0213916 -0.0029632 0.00402835 -0.0213916 0.0975527 0.00402293 -0.011364 -0.0029632 0.00402293 0.00623083 -0.0132527 0.00402835 -0.011364 -0.0132527 0.0755081 
0.0125486 -0.0213872 -0.00286978 0.00396391 -0.0213872 0.0974874 0.0039609 -0.0112572 -0.00286978 0.0039609 0.00623424 -0.0132459 0.00396391 -0.0112572 -0.0132459 0.0754462 
0.0125595 -0.0213835 -0.00283996 0.00386687 -0.0213835 0.0975251 0.003874 -0.0110889 -0.00283996 0.003874 0.00625191 -0.0132965 0.00386687 -0.0110889 -0.0132965 0.0756109 
0.0125666 -0.021342 -0.00285336 0.00382079 -0.021342 0.0973438 0.00383441 -0.0109344 -0.00285336 0.00383441 0.00622722 -0.0133131 0.00382079 -0.0109344 -0.0133131 0.0756414 
0.0125964 -0.0213851 -0.00286045 0.00382729 -0.0213851 0.0974054 0.0038435 -0.0108794 -0.00286045 0.0038435 0.00619915 -0.013283 0.00382729 -0.0108794 -0.013283 0.0756341 
0.0125914 -0.0214219 -0.00285931 0.00385024 -0.0214219 0.0975075 0.0038684 -0.0109255 -0.00285931 0.0038684 0.00620712 -0.0132565 0.00385024 -0.0109255 -0.0132565 0.0755997 
0.0126016 -0.0214642 -0.00286344 0.0038286 -0.0214642 0.0977027 0.00384441 -0.0108822 -0.00286344 0.00384441 0.0062152 -0.0132431 0.0038286 -0.0108822 -0.0132431 0.075559 
0.0125652 -0.0214476 -0.00286758 0.00382841 -0.0214476 0.0976693 0.00383582 -0.0108405 -0.00286758 0.00383582 0.00624788 -0.013237 0.00382841 -0.0108405 -0.013237 0.0754684 
0.0125856 -0.0213863 -0.00291297 0.00385631 -0.0213863 0.0975349 0.0038505 -0.0108794 -0.00291297 0.0038505 0.0062277 -0.0132967 0.00385631 -0.0108794 -0.0132967 0.0755511 
0.012608 -0.0214317 -0.00294619 0.00392199 -0.0214317 0.0976165 0.00391226 -0.0110087 -0.00294619 0.00391226 0.00623093 -0.013304 0.00392199 -0.0110087 -0.013304 0.0757009 
0.0125463 -0.021406 -0.00294811 0.00398179 -0.021406 0.0975073 0.00397557 -0.0111884 -0.00294811 0.00397557 0.00625548 -0.013311 0.00398179 -0.0111884 -0.013311 0.0757071 
0.0124675 -0.0213366 -0.00294498 0.00398413 -0.0213366 0.0973623 0.00398032 -0.011267 -0.00294498 0.00398032 0.00629705 -0.0133362 0.00398413 -0.011267 -0.0133362 0.0757396 
0.0124098 -0.0212371 -0.00296399 0.00398412 -0.0212371 0.0971506 0.00397466 -0.0112841 -0.00296399 0.00397466 0.00632577 -0.0133863 0.00398412 -0.0112841 -0.0133863 0.0758462 
0.0123699 -0.0211726 -0.0030024 0.00401455 -0.0211726 0.0969974 0.00400027 -0.0113371 -0.0030024 0.00400027 0.006357 -0.0134309 0.00401455 -0.0113371 -0.0134309 0.0760073 
0.0123659 -0.0211303 -0.003021 0.00404145 -0.0211303 0.0968634 0.00402456 -0.011375 -0.003021 0.00402456 0.00634603 -0.013427 0.00404145 -0.011375 -0.013427 0.075997 
0.0124216 -0.021116 -0.00308343 0.00406664 -0.021116 0.0967671 0.00405203 -0.0114397 -0.00308343 0.00405203 0.00628864 -0.0133979 0.00406664 -0.0114397 -0.0133979 0.0759076 
0.0124463 -0.0211948 -0.00310152 0.00412889 -0.0211948 0.096855 0.00412535 -0.0115596 -0.00310152 0.00412535 0.0062627 -0.0133005 0.00412889 -0.0115596 -0.0133005 0.0756661 
0.0124847 -0.0212332 -0.00314401 0.00417197 -0.0212332 0.0969975 0.0041775 -0.0117237 -0.00314401 0.0041775 0.00622083 -0.0132788 0.00417197 -0.0117237 -0.0132788 0.0755471 
0.0124887 -0.0213201 -0.00311388 0.0041844 -0.0213201 0.0972329 0.00419634 -0.0117628 -0.00311388 0.00419634 0.00621474 -0.0131855 0.0041844 -0.0117628 -0.0131855 0.0753049 
0.0125149 -0.0213799 -0.00308248 0.00411214 -0.0213799 0.097496 0.0041235 -0.0116202 -0.00308248 0.0041235 0.00621582 -0.0131304 0.00411214 -0.0116202 -0.0131304 0.0750594 
0.0125181 -0.0214017 -0.00302379 0.00406329 -0.0214017 0.097592 0.00406653 -0.0114509 -0.00302379 0.00406653 0.00622894 -0.0131275 0.00406329 -0.0114509 -0.0131275 0.0749359 
0.0125206 -0.0214222 -0.00297231 0.00399385 -0.0214222 0.0976958 0.00398865 -0.0112672 -0.00297231 0.00398865 0.00626032 -0.0131707 0.00399385 -0.0112672 -0.0131707 0.0750212 
0.0125587 -0.021392 -0.0029674 0.00394931 -0.021392 0.097643 0.0039371 -0.0111334 -0.0029674 0.0039371 0.00626381 -0.0132546 0.00394931 -0.0111334 -0.0132546 0.0752531 
0.0125717 -0.0213848 -0.00297917 0.00399797 -0.0213848 0.0975693 0.00398465 -0.011223 -0.00297917 0.00398465 0.00627284 -0.0133537 0.00399797 -0.011223 -0.0133537 0.075661 
0.0125975 -0.0214071 -0.00298907 0.0039909 -0.0214071 0.0975614 0.0039862 -0.0112449 -0.00298907 0.0039862 0.00624181 -0.0133493 0.0039909 -0.0112449 -0.0133493 0.0757815 
0.0126316 -0.0214193 -0.00299631 0.00402199 -0.0214193 0.0975665 0.00402529 -0.0113338 -0.00299631 0.00402529 0.00619697 -0.0133358 0.00402199 -0.0113338 -0.0133358 0.0758345 
0.0126995 -0.0215144 -0.00301292 0.0039924 -0.0215144 0.0977898 0.00400748 -0.0112952 -0.00301292 0.00400748 0.0061435 -0.0132374 0.0039924 -0.0112952 -0.0132374 0.0756544 
0.0126745 -0.0215333 -0.00305775 0.00404585 -0.0215333 0.0977974 0.00406658 -0.0114068 -0.00305775 0.00406658 0.00614848 -0.0131859 0.00404585 -0.0114068 -0.0131859 0.0754598 
0.0126318 -0.0215231 -0.00307593 0.00411272 -0.0215231 0.0978333 0.0041272 -0.0115707 -0.00307593 0.0041272 0.00617532 -0.0131966 0.00411272 -0.0115707 -0.0131966 0.0754192 
0.0125931 -0.0214532 -0.00307274 0.00416223 -0.0214532 0.0977249 0.00416484 -0.0117377 -0.00307274 0.00416484 0.00618889 -0.0132512 0.00416223 -0.0117377 -0.0132512 0.0755358 
0.0125154 -0.0214014 -0.00303627 0.00415854 -0.0214014 0.097591 0.00415949 -0.0117899 -0.00303627 0.00415949 0.00624144 -0.0132642 0.00415854 -0.0117899 -0.0132642 0.0756126 
0.0124679 -0.0213229 -0.00298457 0.00407072 -0.0213229 0.097401 0.00407185 -0.0116119 -0.00298457 0.00407185 0.00625932 -0.0132653 0.00407072 -0.0116119 -0.0132653 0.0755236 
0.0124797 -0.0212976 -0.00295728 0.00398968 -0.0212976 0.0973542 0.0039906 -0.0113784 -0.00295728 0.0039906 0.00625865 -0.0132769 0.00398968 -0.0113784 -0.0132769 0.0755315 
0.0125233 -0.0212992 -0.00293502 0.00393587 -0.0212992 0.0972852 0.00393707 -0.0111758 -0.00293502 0.00393707 0.00621156 -0.0132479 0.00393587 -0.0111758 -0.0132479 0.0754176 
0.0125474 -0.0213733 -0.00295191 0.00389443 -0.0213733 0.0974072 0.00390302 -0.0110273 -0.00295191 0.00390302 0.00619974 -0.0131784 0.00389443 -0.0110273 -0.0131784 0.0752456 
0.0125482 -0.0213997 -0.00296907 0.00393295 -0.0213997 0.0975159 0.00393893 -0.011051 -0.00296907 0.00393893 0.00622073 -0.0131825 0.00393295 -0.011051 -0.0131825 0.0752022 
0.0125473 -0.0214104 -0.00297725 0.00397553 -0.0214104 0.0976128 0.00397127 -0.0111505 -0.00297725 0.00397127 0.00623637 -0.0132366 0.00397553 -0.0111505 -0.0132366 0.0753445 
0.0125361 -0.0213762 -0.0029665 0.00400549 -0.0213762 0.0975416 0.00399444 -0.0112537 -0.0029665 0.00399444 0.00624304 -0.0132818 0.00400549 -0.0112537 -0.0132818 0.0755062 
0.0125375 -0.0213597 -0.00291153 0.00396737 -0.0213597 0.0974408 0.00396004 -0.0112063 -0.00291153 0.00396004 0.00622826 -0.0132579 0.00396737 -0.0112063 -0.0132579 0.075462 
0.0125431 -0.021361 -0.00289253 0.00393582 -0.021361 0.0974749 0.00393936 -0.0111935 -0.00289253 0.00393936 0.00623556 -0.0133001 0.00393582 -0.0111935 -0.0133001 0.0756433 
0.0125263 -0.0213674 -0.00289582 0.00386194 -0.0213674 0.0974361 0.0038753 -0.0110133 -0.00289582 0.0038753 0.00623245 -0.0132485 0.00386194 -0.0110133 -0.0132485 0.0755036 
0.0125308 -0.0213618 -0.00291013 0.00387891 -0.0213618 0.0974698 0.00388764 -0.010974 -0.00291013 0.00388764 0.00623901 -0.0132616 0.00387891 -0.010974 -0.0132616 0.0755148 
0.0125081 -0.0213501 -0.00293042 0.00391601 -0.0213501 0.0974395 0.003916 -0.011043 -0.00293042 0.003916 0.00625851 -0.0132829 0.00391601 -0.011043 -0.0132829 0.0755725 
0.0125361 -0.0213502 -0.00293821 0.00391477 -0.0213502 0.0974551 0.00391028 -0.0110329 -0.00293821 0.00391028 0.00624311 -0.0132724 0.00391477 -0.0110329 -0.0132724 0.0755307 
0.0125262 -0.0213315 -0.00300179 0.00394353 -0.0213315 0.0973221 0.00393795 -0.0110959 -0.00300179 0.00393795 0.00622614 -0.0132638 0.00394353 -0.0110959 -0.0132638 0.0754675 
0.012579 -0.0214164 -0.0030029 0.00399412 -0.0214164 0.0975952 0.00398502 -0.0111592 -0.0030029 0.00398502 0.00619791 -0.0132276 0.00399412 -0.0111592 -0.0132276 0.0754452 
0.0126025 -0.0214344 -0.0030095 0.0040089 -0.0214344 0.0976279 0.00400052 -0.0112363 -0.0030095 0.00400052 0.00616342 -0.0131873 0.0040089 -0.0112363 -0.0131873 0.0753075 
0.0126128 -0.0214581 -0.00298543 0.00404562 -0.0214581 0.0977096 0.00404188 -0.0113615 -0.00298543 0.00404188 0.00616135 -0.013181 0.00404562 -0.0113615 -0.013181 0.0753267 
0.0126182 -0.0214544 -0.00295416 0.00400107 -0.0214544 0.097673 0.00400516 -0.0113372 -0.00295416 0.00400516 0.00614221 -0.0131525 0.00400107 -0.0113372 -0.0131525 0.0752146 
0.0126156 -0.0214746 -0.00292937 0.00395518 -0.0214746 0.0977225 0.00396697 -0.0112469 -0.00292937 0.00396697 0.00614723 -0.0131328 0.00395518 -0.0112469 -0.0131328 0.0751603 
0.0126787 -0.0214953 -0.0028928 0.0039069 -0.0214953 0.0978141 0.0039188 -0.0111089 -0.0028928 0.0039188 0.00609764 -0.013125 0.0039069 -0.0111089 -0.013125 0.0751145 
0.0127271 -0.0215815 -0.00284504 0.00383283 -0.0215815 0.0979647 0.00384998 -0.0109122 -0.00284504 0.00384998 0.00605671 -0.0130402 0.00383283 -0.0109122 -0.0130402 0.0749172 
0.0127468 -0.0216521 -0.00283814 0.00379671 -0.0216521 0.0982035 0.00381899 -0.0108088 -0.00283814 0.00381899 0.00607007 -0.013025 0.00379671 -0.0108088 -0.013025 0.0748899 
0.0127318 -0.021654 -0.00284354 0.00379456 -0.021654 0.0982525 0.00380992 -0.010765 -0.00284354 0.00380992 0.00609987 -0.0130475 0.00379456 -0.010765 -0.0130475 0.0749024 
0.0126697 -0.0215893 -0.00283527 0.00384066 -0.0215893 0.0980967 0.00384257 -0.0108563 -0.00283527 0.00384257 0.0061607 -0.0131248 0.00384066 -0.0108563 -0.0131248 0.0750735 
0.0126568 -0.0215005 -0.00285915 0.0038338 -0.0215005 0.0978549 0.00382564 -0.0108782 -0.00285915 0.00382564 0.00615715 -0.0132038 0.0038338 -0.0108782 -0.0132038 0.0752629 
0.0126849 -0.0215109 -0.00287181 0.00386906 -0.0215109 0.0978545 0.00385973 -0.0109388 -0.00287181 0.00385973 0.00614345 -0.0132314 0.00386906 -0.0109388 -0.0132314 0.0754935 
0.0126496 -0.0215057 -0.00288374 0.00387521 -0.0215057 0.0977397 0.00387426 -0.0109769 -0.00288374 0.00387426 0.00614455 -0.0131849 0.00387521 -0.0109769 -0.0131849 0.0753931 
0.0126385 -0.0214861 -0.00292269 0.00390096 -0.0214861 0.0977387 0.00390338 -0.0110494 -0.00292269 0.00390338 0.00614572 -0.0131941 0.00390096 -0.0110494 -0.0131941 0.0754025 
0.0125903 -0.0214599 -0.00298548 0.00395605 -0.0214599 0.0976751 0.0039563 -0.0111706 -0.00298548 0.0039563 0.00617706 -0.0131952 0.00395605 -0.0111706 -0.0131952 0.0754063 
0.0125793 -0.0214621 -0.00299847 0.00400104 -0.0214621 0.0977557 0.00399121 -0.0112369 -0.00299847 0.00399121 0.00620556 -0.0131908 0.00400104 -0.0112369 -0.0131908 0.0753739 
0.0125544 -0.0214418 -0.002939 0.00399745 -0.0214418 0.0976992 0.0039788 -0.011228 -0.002939 0.0039788 0.0062381 -0.0131863 0.00399745 -0.011228 -0.0131863 0.0752612 
0.0125107 -0.0213716 -0.00289194 0.00396012 -0.0213716 0.0975175 0.00394107 -0.0112065 -0.00289194 0.00394107 0.00628155 -0.0132719 0.00396012 -0.0112065 -0.0132719 0.0754053 
0.0124725 -0.0213142 -0.00286061 0.00391185 -0.0213142 0.0973823 0.00389796 -0.0111282 -0.00286061 0.00389796 0.00632913 -0.0133707 0.00391185 -0.0111282 -0.0133707 0.0757222 
0.0124727 -0.0212872 -0.00286979 0.00382539 -0.0212872 0.0972817 0.00381775 -0.0109019 -0.00286979 0.00381775 0.00633314 -0.0133921 0.00382539 -0.0109019 -0.0133921 0.0758196 
0.0124238 -0.0212471 -0.00292834 0.00386481 -0.0212471 0.0971323 0.00385686 -0.0109038 -0.00292834 0.00385686 0.00636435 -0.0134362 0.00386481 -0.0109038 -0.0134362 0.0759683 
0.0124069 -0.0212389 -0.002989 0.0039119 -0.0212389 0.0971392 0.00389605 -0.0109498 -0.002989 0.00389605 0.00637911 -0.0134389 0.0039119 -0.0109498 -0.0134389 0.0760085 
0.0124191 -0.0211868 -0.00302047 0.00401272 -0.0211868 0.0970083 0.00398403 -0.0111491 -0.00302047 0.00398403 0.00635883 -0.0134681 0.00401272 -0.0111491 -0.0134681 0.0760617 
0.0124385 -0.0212095 -0.00304849 0.00406107 -0.0212095 0.0970138 0.0040349 -0.0113312 -0.00304849 0.0040349 0.00635285 -0.0134492 0.00406107 -0.0113312 -0.0134492 0.0760856 
0.0124753 -0.0212133 -0.00302522 0.00409629 -0.0212133 0.0969809 0.00408112 -0.0114679 -0.00302522 0.00408112 0.00630875 -0.0134347 0.00409629 -0.0114679 -0.0134347 0.0760255 
0.0125309 -0.0212854 -0.00300647 0.00404624 -0.0212854 0.0971214 0.00404968 -0.0114439 -0.00300647 0.00404968 0.0062545 -0.0133653 0.00404624 -0.0114439 -0.0133653 0.0758836 
0.0125611 -0.0213828 -0.00297135 0.0040082 -0.0213828 0.0974005 0.00402983 -0.0113671 -0.00297135 0.00402983 0.00625016 -0.013299 0.0040082 -0.0113671 -0.013299 0.0757436 
0.0125377 -0.0214006 -0.00302168 0.00397133 -0.0214006 0.0975093 0.00399696 -0.0112931 -0.00302168 0.00399696 0.00628075 -0.0132967 0.00397133 -0.0112931 -0.0132967 0.0756658 
0.0125461 -0.0213818 -0.00308999 0.00402899 -0.0213818 0.0975339 0.00403858 -0.0113193 -0.00308999 0.00403858 0.00628522 -0.0133354 0.00402899 -0.0113193 -0.0133354 0.0757068 
0.012581 -0.0213719 -0.0031565 0.00414734 -0.0213719 0.0975008 0.00413814 -0.0115463 -0.0031565 0.00413814 0.00625243 -0.0133733 0.00414734 -0.0115463 -0.0133733 0.0758465 
0.0126097 -0.0214304 -0.00314384 0.004203 -0.0214304 0.0975604 0.00419243 -0.011701 -0.00314384 0.00419243 0.00622234 -0.0132915 0.004203 -0.011701 -0.0132915 0.0756913 
0.0126642 -0.0215254 -0.00316015 0.00418767 -0.0215254 0.0978837 0.00418468 -0.0117501 -0.00316015 0.00418468 0.00621087 -0.0132634 0.00418767 -0.0117501 -0.0132634 0.0756463 
0.0126824 -0.0214907 -0.00324193 0.0042508 -0.0214907 0.0977835 0.00425284 -0.0119159 -0.00324193 0.00425284 0.00616305 -0.0132972 0.0042508 -0.0119159 -0.0132972 0.075684 
0.0126791 -0.021515 -0.00327577 0.00435106 -0.021515 0.0977746 0.00435699 -0.0121457 -0.00327577 0.00435699 0.00613699 -0.0132391 0.00435106 -0.0121457 -0.0132391 0.0756154 
0.0126506 -0.021538 -0.00332287 0.00438939 -0.021538 0.0978581 0.00439987 -0.0123106 -0.00332287 0.00439987 0.00613749 -0.0131811 0.00438939 -0.0123106 -0.0131811 0.0754594 
0.012626 -0.0215669 -0.00330599 0.00441958 -0.0215669 0.0980487 0.00442529 -0.0123717 -0.00330599 0.00442529 0.00617362 -0.0131418 0.00441958 -0.0123717 -0.0131418 0.075318 
0.0125749 -0.0215299 -0.00323732 0.00440227 -0.0215299 0.0980495 0.00439642 -0.0123604 -0.00323732 0.00439642 0.00623988 -0.0131738 0.00440227 -0.0123604 -0.0131738 0.0752916 
0.0125369 -0.0214298 -0.00317171 0.00430904 -0.0214298 0.0977843 0.00429495 -0.0121825 -0.00317171 0.00429495 0.00627889 -0.0132436 0.00430904 -0.0121825 -0.0132436 0.0753296 
0.0124749 -0.0213579 -0.00317146 0.00424763 -0.0213579 0.097547 0.00423485 -0.0120278 -0.00317146 0.00423485 0.00635208 -0.0133465 0.00424763 -0.0120278 -0.0133465 0.0756097 
0.0124848 -0.0213255 -0.00309345 0.00420436 -0.0213255 0.0974547 0.00418641 -0.0118336 -0.00309345 0.00418641 0.00634916 -0.0134097 0.00420436 -0.0118336 -0.0134097 0.0757945 
0.0124924 -0.0213014 -0.00306505 0.00414396 -0.0213014 0.0973573 0.00413177 -0.0117229 -0.00306505 0.00413177 0.00634608 -0.0134672 0.00414396 -0.0117229 -0.0134672 0.0760585 
0.0125209 -0.021329 -0.00305845 0.0040909 -0.021329 0.0974104 0.00409228 -0.0115825 -0.00305845 0.00409228 0.00632343 -0.0134645 0.0040909 -0.0115825 -0.0134645 0.0761803 
0.0125317 -0.0213618 -0.00303354 0.00406195 -0.0213618 0.0974537 0.00407229 -0.0114678 -0.00303354 0.00407229 0.00629979 -0.0134041 0.00406195 -0.0114678 -0.0134041 0.0760555 
0.0125086 -0.021341 -0.00299281 0.00404848 -0.021341 0.0973728 0.0040609 -0.0114335 -0.00299281 0.0040609 0.00628989 -0.0133753 0.00404848 -0.0114335 -0.0133753 0.0759196 
0.0124994 -0.0213404 -0.00296036 0.00399098 -0.0213404 0.0973914 0.00400451 -0.0113269 -0.00296036 0.00400451 0.00628688 -0.0133522 0.00399098 -0.0113269 -0.0133522 0.07584 
0.0124806 -0.0212918 -0.00297265 0.00400549 -0.0212918 0.0973207 0.00401732 -0.0113631 -0.00297265 0.00401732 0.00629923 -0.0134125 0.00400549 -0.0113631 -0.0134125 0.0760227 
0.0124174 -0.0212396 -0.00301263 0.00400551 -0.0212396 0.0971146 0.0040167 -0.0113621 -0.00301263 0.0040167 0.00632012 -0.0133888 0.00400551 -0.0113621 -0.0133888 0.0759622 
0.0124017 -0.0211613 -0.00303831 0.00406662 -0.0211613 0.0969224 0.0040674 -0.0114599 -0.00303831 0.0040674 0.00630046 -0.013404 0.00406662 -0.0114599 -0.013404 0.0759444 
0.0124091 -0.0211664 -0.00303872 0.00408042 -0.0211664 0.0968709 0.00407994 -0.0115083 -0.00303872 0.00407994 0.00627339 -0.0133377 0.00408042 -0.0115083 -0.0133377 0.0757863 
0.0124029 -0.0211945 -0.00301911 0.00406174 -0.0211945 0.0969164 0.00406626 -0.0114796 -0.00301911 0.00406626 0.00627358 -0.0132607 0.00406174 -0.0114796 -0.0132607 0.0755186 
0.0124385 -0.0212268 -0.00299965 0.00403837 -0.0212268 0.0970919 0.00404451 -0.0114326 -0.00299965 0.00404451 0.00626915 -0.0132625 0.00403837 -0.0114326 -0.0132625 0.0754606 
0.0124393 -0.0212207 -0.00297952 0.00400324 -0.0212207 0.0970102 0.00400962 -0.0113427 -0.00297952 0.00400962 0.00625242 -0.0132357 0.00400324 -0.0113427 -0.0132357 0.0752973 
0.0124003 -0.021227 -0.00298887 0.004019 -0.021227 0.097067 0.00402782 -0.0113827 -0.00298887 0.00402782 0.00631656 -0.0132793 0.004019 -0.0113827 -0.0132793 0.0754529 
0.0123714 -0.0212148 -0.00298299 0.00398073 -0.0212148 0.0970876 0.00398295 -0.0112695 -0.00298299 0.00398295 0.00634714 -0.0133007 0.00398073 -0.0112695 -0.0133007 0.0754517 
0.0123816 -0.0211906 -0.00299609 0.00397707 -0.0211906 0.0970876 0.00396633 -0.0112013 -0.00299609 0.00396633 0.00635769 -0.0133556 0.00397707 -0.0112013 -0.0133556 0.0755887 
0.0124032 -0.0211744 -0.00299196 0.00400215 -0.0211744 0.0969936 0.00398261 -0.0112155 -0.00299196 0.00398261 0.00635921 -0.0133794 0.00400215 -0.0112155 -0.0133794 0.0756777 
0.0124029 -0.0211649 -0.00302875 0.00403937 -0.0211649 0.096918 0.00402353 -0.0113447 -0.00302875 0.00402353 0.00637409 -0.0134409 0.00403937 -0.0113447 -0.0134409 0.0758958 
0.012365 -0.0211661 -0.00305949 0.00405036 -0.0211661 0.0968396 0.00404158 -0.0113767 -0.00305949 0.00404158 0.0063914 -0.0134223 0.00405036 -0.0113767 -0.0134223 0.0758563 
0.012339 -0.0211294 -0.00309233 0.00411383 -0.0211294 0.0968141 0.0041025 -0.011516 -0.00309233 0.0041025 0.00641835 -0.0134831 0.00411383 -0.011516 -0.0134831 0.0760195 
0.0122147 -0.0210347 -0.00312843 0.00419992 -0.0210347 0.0965663 0.00418372 -0.0117636 -0.00312843 0.00418372 0.00650919 -0.0135669 0.00419992 -0.0117636 -0.0135669 0.07628 
0.0121845 -0.0209222 -0.00314991 0.00422304 -0.0209222 0.0963599 0.0041997 -0.0118597 -0.00314991 0.0041997 0.00652849 -0.0136474 0.00422304 -0.0118597 -0.0136474 0.0764938 
0.0121566 -0.0208667 -0.00319259 0.00425357 -0.0208667 0.0961541 0.00423009 -0.0119426 -0.00319259 0.00423009 0.00653941 -0.0136746 0.00425357 -0.0119426 -0.0136746 0.0766351 
0.0121166 -0.0208071 -0.00325627 0.00429254 -0.0208071 0.0959036 0.00427514 -0.012028 -0.00325627 0.00427514 0.00654063 -0.0136478 0.00429254 -0.012028 -0.0136478 0.0765347 
0.0121215 -0.0208172 -0.00328939 0.00437077 -0.0208172 0.0959684 0.00435614 -0.0121922 -0.00328939 0.00435614 0.00654059 -0.0136457 0.00437077 -0.0121922 -0.0136457 0.0765436 
0.0122021 -0.0208414 -0.00328998 0.00437721 -0.0208414 0.0960128 0.0043663 -0.0122382 -0.00328998 0.0043663 0.00645735 -0.013574 0.00437721 -0.0122382 -0.013574 0.0763001 
0.0123072 -0.0209938 -0.00325765 0.00434814 -0.0209938 0.0963583 0.00435198 -0.0121901 -0.00325765 0.00435198 0.00637635 -0.0134407 0.00434814 -0.0121901 -0.0134407 0.0759744 
0.0123924 -0.0211452 -0.00322958 0.00429502 -0.0211452 0.0967863 0.00431649 -0.0120922 -0.00322958 0.00431649 0.00632913 -0.0133328 0.00429502 -0.0120922 -0.0133328 0.0756548 
0.0123985 -0.0211704 -0.00319 0.00429043 -0.0211704 0.0968515 0.004319 -0.0120878 -0.00319 0.004319 0.00629352 -0.0133105 0.00429043 -0.0120878 -0.0133105 0.0754827 
0.0124078 -0.0212354 -0.00312682 0.00423943 -0.0212354 0.0971089 0.00427031 -0.0120077 -0.00312682 0.00427031 0.00630064 -0.0132905 0.00423943 -0.0120077 -0.0132905 0.0754938 
0.0124315 -0.0212311 -0.00308788 0.00412792 -0.0212311 0.0971197 0.00415829 -0.0117515 -0.00308788 0.00415829 0.00626821 -0.0132537 0.00412792 -0.0117515 -0.0132537 0.075323 
