0.0108015 0 -0.00229126 0 0 0.0100003 0 0 -0.00229126 0 0.00425443 0 0 0 0 0.0100003 
0.0149707 -0.0185224 -0.00342407 0.00421491 -0.0185224 0.044685 0.00421491 -0.00808143 -0.00342407 0.00421491 0.00625589 -0.00785148 0.00421491 -0.00808143 -0.00785148 0.0242227 
0.0145463 -0.026345 -0.00316766 0.00527534 -0.026345 0.0931916 0.00527534 -0.0168081 -0.00316766 0.00527534 0.00687701 -0.0138036 0.00527534 -0.0168081 -0.0138036 0.0536274 
0.0135951 -0.024242 -0.00281691 0.0040499 -0.024242 0.103554 0.00403482 -0.0146298 -0.00281691 0.00403482 0.00664833 -0.01531 0.0040499 -0.0146298 -0.01531 0.0729034 
0.0136579 -0.0229065 -0.00281072 0.00358777 -0.0229065 0.102147 0.00356539 -0.0117351 -0.00281072 0.00356539 0.00641761 -0.0148438 0.00358777 -0.0117351 -0.0148438 0.0790277 
0.013981 -0.0230154 -0.00286968 0.00368337 -0.0230154 0.101902 0.00366723 -0.0108033 -0.00286968 0.00366723 0.00633193 -0.0143578 0.00368337 -0.0108033 -0.0143578 0.0798499 
0.0141519 -0.0234102 -0.00294482 0.00378388 -0.0234102 0.102835 0.00377938 -0.0106704 -0.00294482 0.00377938 0.006412 -0.0141292 0.00378388 -0.0106704 -0.0141292 0.0795953 
0.0141225 -0.0234845 -0.00301917 0.00390374 -0.0234845 0.103193 0.00390029 -0.010841 -0.00301917 0.00390029 0.0064676 -0.0141418 0.00390374 -0.010841 -0.0141418 0.0793263 
0.014122 -0.0234337 -0.00303597 0.0039944 -0.0234337 0.103216 0.00398359 -0.0110429 -0.00303597 0.00398359 0.00645863 -0.0142037 0.0039944 -0.0110429 -0.0142037 0.0793806 
0.0141232 -0.0234552 -0.00306194 0.00402971 -0.0234552 0.103301 0.00402419 -0.0112085 -0.00306194 0.00402419 0.00647147 -0.0142148 0.00402971 -0.0112085 -0.0142148 0.0795337 
0.0140558 -0.0233646 -0.00308674 0.00403942 -0.0233646 0.102938 0.00404117 -0.0112655 -0.00308674 0.00404117 0.0064415 -0.0141605 0.00403942 -0.0112655 -0.0141605 0.0792612 
0.0140538 -0.0233953 -0.00313317 0.00405411 -0.0233953 0.103083 0.00405774 -0.0112899 -0.00313317 0.00405774 0.00648507 -0.0141501 0.00405411 -0.0112899 -0.0141501 0.0792889 
0.0140418 -0.0233515 -0.00316436 0.00409614 -0.0233515 0.10295 0.00409404 -0.011343 -0.00316436 0.00409404 0.0064876 -0.0141717 0.00409614 -0.011343 -0.0141717 0.0792182 
0.0141072 -0.0234033 -0.003196 0.00415717 -0.0234033 0.103165 0.00415203 -0.0114887 -0.003196 0.00415203 0.00647699 -0.0142266 0.00415717 -0.0114887 -0.0142266 0.0794685 
0.0141273 -0.0234233 -0.00314334 0.00418638 -0.0234233 0.103135 0.00418895 -0.0115924 -0.00314334 0.00418895 0.00640984 -0.0141872 0.00418638 -0.0115924 -0.0141872 0.0793922 
0.0141316 -0.0235016 -0.00314109 0.00412415 -0.0235016 0.103391 0.00413948 -0.0115531 -0.00314109 0.00413948 0.00638171 -0.0141195 0.00412415 -0.0115531 -0.0141195 0.0793361 
0.0140756 -0.0234742 -0.00318177 0.00411996 -0.0234742 0.103385 0.00413472 -0.0115057 -0.00318177 0.00413472 0.00636879 -0.0140588 0.00411996 -0.0115057 -0.0140588 0.0791285 
0.014007 -0.0233727 -0.00326162 0.00415472 -0.0233727 0.103101 0.00415662 -0.0115099 -0.00326162 0.00415662 0.00638676 -0.0139995 0.00415472 -0.0115099 -0.0139995 0.0788375 
0.0140137 -0.0232959 -0.00326335 0.00427344 -0.0232959 0.102882 0.0042602 -0.0117145 -0.00326335 0.0042602 0.00637317 -0.0140232 0.00427344 -0.0117145 -0.0140232 0.0787803 
0.0140282 -0.0233395 -0.00332506 0.00431249 -0.0233395 0.102992 0.00430132 -0.0119285 -0.00332506 0.00430132 0.00636004 -0.0140471 0.00431249 -0.0119285 -0.0140471 0.0789462 
0.0140172 -0.02334 -0.00333642 0.00435058 -0.02334 0.102975 0.0043465 -0.0120135 -0.00333642 0.0043465 0.00634339 -0.0139947 0.00435058 -0.0120135 -0.0139947 0.0788301 
0.0139938 -0.0232923 -0.00334312 0.00437566 -0.0232923 0.102814 0.00437468 -0.0121121 -0.00334312 0.00437468 0.00627959 -0.0139513 0.00437566 -0.0121121 -0.0139513 0.0786315 
0.0140075 -0.0233524 -0.00332419 0.00438441 -0.0233524 0.103066 0.00438664 -0.0121622 -0.00332419 0.00438664 0.00627527 -0.0139008 0.00438441 -0.0121622 -0.0139008 0.0786398 
0.0139417 -0.0232856 -0.00331307 0.00433434 -0.0232856 0.102829 0.00433657 -0.012062 -0.00331307 0.00433657 0.0062968 -0.0138261 0.00433434 -0.012062 -0.0138261 0.078289 
0.0139336 -0.0232708 -0.00329108 0.00432857 -0.0232708 0.102873 0.00432226 -0.012005 -0.00329108 0.00432226 0.00634648 -0.0138799 0.00432857 -0.012005 -0.0138799 0.0783614 
0.0139204 -0.0232283 -0.00328761 0.00430712 -0.0232283 0.102748 0.00429321 -0.0119523 -0.00328761 0.00429321 0.00637783 -0.0139453 0.00430712 -0.0119523 -0.0139453 0.0784877 
0.0139624 -0.0232469 -0.00327532 0.0043063 -0.0232469 0.102826 0.00429123 -0.011927 -0.00327532 0.00429123 0.00639868 -0.0140201 0.0043063 -0.011927 -0.0140201 0.0787713 
0.0139454 -0.0232085 -0.00324098 0.0042813 -0.0232085 0.102568 0.00427212 -0.0118801 -0.00324098 0.00427212 0.0063887 -0.0140129 0.0042813 -0.0118801 -0.0140129 0.0787069 
0.013899 -0.0232172 -0.00325147 0.00426314 -0.0232172 0.102574 0.00426304 -0.0118757 -0.00325147 0.00426304 0.00641413 -0.0140312 0.00426314 -0.0118757 -0.0140312 0.0787942 
0.0138684 -0.0231886 -0.00320929 0.00428871 -0.0231886 0.102632 0.00428613 -0.0119234 -0.00320929 0.00428613 0.00642608 -0.0140867 0.00428871 -0.0119234 -0.0140867 0.0789979 
0.0138366 -0.0230944 -0.00315585 0.00420834 -0.0230944 0.102326 0.00420041 -0.0117763 -0.00315585 0.00420041 0.00639153 -0.0140523 0.00420834 -0.0117763 -0.0140523 0.0788741 
0.0138949 -0.0231273 -0.00310588 0.00413953 -0.0231273 0.102428 0.00413146 -0.0115906 -0.00310588 0.00413146 0.00636227 -0.0140352 0.00413953 -0.0115906 -0.0140352 0.0789284 
0.0139533 -0.0231789 -0.00312884 0.00408416 -0.0231789 0.10253 0.00408409 -0.0114518 -0.00312884 0.00408409 0.00631139 -0.0139994 0.00408416 -0.0114518 -0.0139994 0.0788865 
0.0140313 -0.0232684 -0.00312005 0.00408257 -0.0232684 0.102725 0.0040924 -0.0113702 -0.00312005 0.0040924 0.00627228 -0.0139151 0.00408257 -0.0113702 -0.0139151 0.0787044 
0.0140621 -0.0233185 -0.00307196 0.00406587 -0.0233185 0.10275 0.0040855 -0.0113338 -0.00307196 0.0040855 0.00626712 -0.0138309 0.00406587 -0.0113338 -0.0138309 0.0783533 
0.0140692 -0.0233934 -0.00309383 0.0040415 -0.0233934 0.103 0.00406897 -0.0113409 -0.00309383 0.00406897 0.00629881 -0.0138633 0.0040415 -0.0113409 -0.0138633 0.0783743 
0.0140358 -0.0234109 -0.00310606 0.00405501 -0.0234109 0.10314 0.00407674 -0.0113277 -0.00310606 0.00407674 0.00636694 -0.0139096 0.00405501 -0.0113277 -0.0139096 0.0784751 
0.0140139 -0.0233871 -0.00317049 0.00407941 -0.0233871 0.103204 0.00408512 -0.0113536 -0.00317049 0.00408512 0.00642711 -0.0140176 0.00407941 -0.0113536 -0.0140176 0.0787523 
0.0139667 -0.0232713 -0.00321279 0.00414826 -0.0232713 0.102805 0.00413763 -0.011441 -0.00321279 0.00413763 0.00641191 -0.0140642 0.00414826 -0.011441 -0.0140642 0.0787876 
0.0140076 -0.023328 -0.00327911 0.00420577 -0.023328 0.103007 0.00419117 -0.0115703 -0.00327911 0.00419117 0.00644746 -0.0141005 0.00420577 -0.0115703 -0.0141005 0.0790881 
0.0139747 -0.0233024 -0.00333024 0.00426526 -0.0233024 0.10285 0.00425165 -0.0116909 -0.00333024 0.00425165 0.00648872 -0.0140987 0.00426526 -0.0116909 -0.0140987 0.0790139 
0.0139857 -0.0233147 -0.00338769 0.00436654 -0.0233147 0.102982 0.00435406 -0.011954 -0.00338769 0.00435406 0.00650345 -0.0142017 0.00436654 -0.011954 -0.0142017 0.0793101 
0.0139955 -0.0233081 -0.00337912 0.00441737 -0.0233081 0.10296 0.0044068 -0.012115 -0.00337912 0.0044068 0.00650136 -0.0142088 0.00441737 -0.012115 -0.0142088 0.0794029 
0.01399 -0.0233058 -0.00335002 0.00442048 -0.0233058 0.102931 0.00441679 -0.0122066 -0.00335002 0.00441679 0.00645844 -0.0142075 0.00442048 -0.0122066 -0.0142075 0.0794196 
0.0139741 -0.0232627 -0.00330402 0.00435826 -0.0232627 0.102735 0.00436074 -0.0121067 -0.00330402 0.00436074 0.00641147 -0.0141162 0.00435826 -0.0121067 -0.0141162 0.0791547 
0.013938 -0.0232649 -0.00334679 0.00434225 -0.0232649 0.10276 0.00434843 -0.0120948 -0.00334679 0.00434843 0.00638719 -0.0140842 0.00434225 -0.0120948 -0.0140842 0.079085 
0.0139041 -0.0231948 -0.00335668 0.00439827 -0.0231948 0.102603 0.00439937 -0.0121742 -0.00335668 0.00439937 0.00632741 -0.0140305 0.00439827 -0.0121742 -0.0140305 0.0789151 
0.0139149 -0.0231681 -0.00331512 0.00438646 -0.0231681 0.102485 0.00438406 -0.0121631 -0.00331512 0.00438406 0.00626944 -0.0139174 0.00438646 -0.0121631 -0.0139174 0.0786157 
0.013938 -0.023251 -0.00334866 0.00434562 -0.023251 0.102753 0.00434792 -0.0121095 -0.00334866 0.00434792 0.00631397 -0.013862 0.00434562 -0.0121095 -0.013862 0.0785274 
0.0139026 -0.023221 -0.0033192 0.00437454 -0.023221 0.102672 0.0043744 -0.0121104 -0.0033192 0.0043744 0.00636906 -0.013881 0.00437454 -0.0121104 -0.013881 0.0783867 
0.0138825 -0.0231809 -0.00330799 0.0043464 -0.0231809 0.102582 0.00434042 -0.0120814 -0.00330799 0.00434042 0.00640661 -0.0139648 0.0043464 -0.0120814 -0.0139648 0.0785017 
0.013877 -0.0231757 -0.00332699 0.00434372 -0.0231757 0.102607 0.00433388 -0.0120632 -0.00332699 0.00433388 0.00643523 -0.0140523 0.00434372 -0.0120632 -0.0140523 0.0788058 
0.0138479 -0.0231021 -0.00334431 0.00436589 -0.0231021 0.102342 0.00435436 -0.0120885 -0.00334431 0.00435436 0.00638664 -0.0140704 0.00436589 -0.0120885 -0.0140704 0.0788559 
0.0138492 -0.0230671 -0.00329433 0.00439064 -0.0230671 0.102177 0.00438131 -0.0121504 -0.00329433 0.00438131 0.00630899 -0.0140056 0.00439064 -0.0121504 -0.0140056 0.0787646 
0.0138458 -0.0230952 -0.00328366 0.00435313 -0.0230952 0.102248 0.00435613 -0.0121674 -0.00328366 0.00435613 0.00625701 -0.0139169 0.00435313 -0.0121674 -0.0139169 0.0786381 
0.0138766 -0.0230944 -0.00326658 0.00431399 -0.0230944 0.102263 0.00432249 -0.0120712 -0.00326658 0.00432249 0.00619028 -0.0138087 0.00431399 -0.0120712 -0.0138087 0.078331 
0.0138891 -0.0231431 -0.0032949 0.00430047 -0.0231431 0.102377 0.00431333 -0.012032 -0.0032949 0.00431333 0.00616221 -0.0137154 0.00430047 -0.012032 -0.0137154 0.0780718 
0.0138867 -0.0231487 -0.00331415 0.00431371 -0.0231487 0.102379 0.0043256 -0.0120108 -0.00331415 0.0043256 0.00616113 -0.013639 0.00431371 -0.0120108 -0.013639 0.0777463 
0.0138506 -0.023159 -0.00331962 0.00433078 -0.023159 0.102403 0.00433768 -0.0120222 -0.00331962 0.00433768 0.00622982 -0.0136252 0.00433078 -0.0120222 -0.0136252 0.0775789 
0.0138429 -0.023113 -0.0032996 0.00436767 -0.023113 0.102368 0.00436312 -0.0121116 -0.0032996 0.00436312 0.00625657 -0.0137396 0.00436767 -0.0121116 -0.0137396 0.0777535 
0.013829 -0.0231017 -0.00329731 0.00434549 -0.0231017 0.102329 0.0043362 -0.0121061 -0.00329731 0.0043362 0.00628156 -0.0137965 0.00434549 -0.0121061 -0.0137965 0.0779823 
0.0138599 -0.0231132 -0.00326908 0.00429532 -0.0231132 0.102352 0.00428609 -0.0119493 -0.00326908 0.00428609 0.00631973 -0.0138138 0.00429532 -0.0119493 -0.0138138 0.0780749 
0.0139144 -0.0231541 -0.00322321 0.00426257 -0.0231541 0.102441 0.00425532 -0.011841 -0.00322321 0.00425532 0.00634626 -0.013881 0.00426257 -0.011841 -0.013881 0.078247 
0.0139751 -0.0232172 -0.00311624 0.00421164 -0.0232172 0.102585 0.00421204 -0.0117399 -0.00311624 0.00421204 0.0063507 -0.0139463 0.00421164 -0.0117399 -0.0139463 0.0784724 
0.0140123 -0.0232752 -0.0031018 0.004073 -0.0232752 0.102694 0.00408636 -0.0114885 -0.0031018 0.00408636 0.00634022 -0.0139637 0.004073 -0.0114885 -0.0139637 0.078578 
0.0140592 -0.0233574 -0.00304993 0.00407001 -0.0233574 0.102995 0.00408961 -0.0113938 -0.00304993 0.00408961 0.0063263 -0.0139956 0.00407001 -0.0113938 -0.0139956 0.0788004 
0.0140634 -0.0233922 -0.00306694 0.00399259 -0.0233922 0.103095 0.00401394 -0.0112378 -0.00306694 0.00401394 0.00631515 -0.0139576 0.00399259 -0.0112378 -0.0139576 0.0787536 
0.013989 -0.0233392 -0.00314494 0.00401479 -0.0233392 0.102898 0.00403052 -0.0111971 -0.00314494 0.00403052 0.00633026 -0.0139142 0.00401479 -0.0111971 -0.0139142 0.0785294 
0.0139605 -0.023311 -0.0032446 0.00411562 -0.023311 0.102909 0.00411443 -0.0113351 -0.0032446 0.00411443 0.00638894 -0.0139468 0.00411562 -0.0113351 -0.0139468 0.0785796 
0.01399 -0.0232948 -0.00328011 0.0042348 -0.0232948 0.102918 0.00421802 -0.0115638 -0.00328011 0.00421802 0.00643184 -0.0140254 0.0042348 -0.0115638 -0.0140254 0.0787595 
0.0139805 -0.0233169 -0.00334962 0.00428612 -0.0233169 0.102932 0.00426803 -0.011755 -0.00334962 0.00426803 0.00651896 -0.0140949 0.00428612 -0.011755 -0.0140949 0.0789615 
0.0139593 -0.0233042 -0.00341845 0.00438373 -0.0233042 0.102948 0.00436726 -0.0119938 -0.00341845 0.00436726 0.00657705 -0.0142282 0.00438373 -0.0119938 -0.0142282 0.079297 
0.0139553 -0.0232168 -0.00338017 0.00445093 -0.0232168 0.10264 0.0044344 -0.0121751 -0.00338017 0.0044344 0.00653379 -0.014277 0.00445093 -0.0121751 -0.014277 0.0793886 
0.0140167 -0.0232928 -0.00329887 0.00437587 -0.0232928 0.102793 0.00436889 -0.0120973 -0.00329887 0.00436889 0.00655314 -0.0142463 0.00437587 -0.0120973 -0.0142463 0.0794787 
0.014086 -0.0233703 -0.00326951 0.00430843 -0.0233703 0.103053 0.00431529 -0.0120058 -0.00326951 0.00431529 0.00651506 -0.014305 0.00430843 -0.0120058 -0.014305 0.0796712 
0.0141047 -0.0234354 -0.00330217 0.00425965 -0.0234354 0.103214 0.00427784 -0.0118825 -0.00330217 0.00427784 0.00646896 -0.0142563 0.00425965 -0.0118825 -0.0142563 0.0796595 
0.0140907 -0.0234646 -0.0033674 0.00428634 -0.0234646 0.103329 0.0043057 -0.0118599 -0.0033674 0.0043057 0.00645227 -0.0141817 0.00428634 -0.0118599 -0.0141817 0.0794934 
0.0140528 -0.0233924 -0.00340319 0.00437477 -0.0233924 0.103111 0.00438547 -0.0120064 -0.00340319 0.00438547 0.00640498 -0.0141171 0.00437477 -0.0120064 -0.0141171 0.0791735 
0.0140309 -0.0234113 -0.00348231 0.00442833 -0.0234113 0.103201 0.00443346 -0.0121636 -0.00348231 0.00443346 0.00644513 -0.0140725 0.00442833 -0.0121636 -0.0140725 0.0790838 
0.014004 -0.02336 -0.0035016 0.00453038 -0.02336 0.103105 0.00452781 -0.0123793 -0.0035016 0.00452781 0.00645171 -0.0141036 0.00453038 -0.0123793 -0.0141036 0.0790348 
0.013947 -0.0233139 -0.00351737 0.0045596 -0.0233139 0.102954 0.00455092 -0.0125158 -0.00351737 0.00455092 0.00649178 -0.0141086 0.0045596 -0.0125158 -0.0141086 0.0790156 
0.0138435 -0.0232109 -0.00357932 0.00460636 -0.0232109 0.102685 0.00459251 -0.0126639 -0.00357932 0.00459251 0.00652998 -0.0141594 0.00460636 -0.0126639 -0.0141594 0.0790677 
0.0138191 -0.0230934 -0.00359526 0.00468596 -0.0230934 0.102424 0.00466032 -0.0128318 -0.00359526 0.00466032 0.00649607 -0.014217 0.00468596 -0.0128318 -0.014217 0.0792222 
0.013858 -0.0231149 -0.00362717 0.00470601 -0.0231149 0.102479 0.0046818 -0.0129338 -0.00362717 0.0046818 0.00646707 -0.0141953 0.00470601 -0.0129338 -0.0141953 0.0793745 
0.0139045 -0.0231412 -0.0035978 0.00472087 -0.0231412 0.102487 0.00470876 -0.0129751 -0.0035978 0.00470876 0.00641038 -0.014122 0.00472087 -0.0129751 -0.014122 0.0792196 
0.013946 -0.0232161 -0.00354457 0.00466543 -0.0232161 0.102632 0.00466892 -0.0129033 -0.00354457 0.00466892 0.00638868 -0.0140325 0.00466543 -0.0129033 -0.0140325 0.0789836 
0.0139522 -0.0232447 -0.00350051 0.00460811 -0.0232447 0.102699 0.00462213 -0.0128039 -0.00350051 0.00462213 0.00634727 -0.0139966 0.00460811 -0.0128039 -0.0139966 0.0787889 
0.0139489 -0.0232504 -0.00349739 0.00456762 -0.0232504 0.102748 0.00458468 -0.0127154 -0.00349739 0.00458468 0.00631096 -0.0139545 0.00456762 -0.0127154 -0.0139545 0.0786744 
0.0139069 -0.0232521 -0.00351092 0.00452932 -0.0232521 0.102731 0.00454351 -0.0125672 -0.00351092 0.00454351 0.00636734 -0.0138769 0.00452932 -0.0125672 -0.0138769 0.0784393 
0.0138806 -0.0232195 -0.00357473 0.00455672 -0.0232195 0.102719 0.0045584 -0.012554 -0.00357473 0.0045584 0.00645042 -0.013953 0.00455672 -0.012554 -0.013953 0.0784864 
0.0138967 -0.0231861 -0.00360809 0.00464735 -0.0231861 0.102662 0.0046349 -0.0126972 -0.00360809 0.0046349 0.00647568 -0.0140819 0.00464735 -0.0126972 -0.0140819 0.0787766 
0.0139384 -0.023208 -0.00360143 0.00470354 -0.023208 0.102703 0.00469047 -0.0128751 -0.00360143 0.00469047 0.00643152 -0.0141465 0.00470354 -0.0128751 -0.0141465 0.0790797 
0.0139151 -0.0231829 -0.00358315 0.00468574 -0.0231829 0.102485 0.00468477 -0.0129171 -0.00358315 0.00468477 0.00634482 -0.014054 0.00468574 -0.0129171 -0.014054 0.0788831 
0.0139555 -0.0232799 -0.00358927 0.00464916 -0.0232799 0.102846 0.00465873 -0.0128544 -0.00358927 0.00465873 0.00635257 -0.0139689 0.00464916 -0.0128544 -0.0139689 0.0788289 
0.0139316 -0.0232555 -0.00355343 0.00464342 -0.0232555 0.102764 0.00465328 -0.0128036 -0.00355343 0.00465328 0.00638492 -0.0139269 0.00464342 -0.0128036 -0.0139269 0.0785484 
0.0139519 -0.0232925 -0.00354819 0.00459938 -0.0232925 0.102939 0.00460319 -0.0127101 -0.00354819 0.00460319 0.0064669 -0.0139963 0.00459938 -0.0127101 -0.0139963 0.0786726 
0.0139158 -0.0232606 -0.00357402 0.00457443 -0.0232606 0.102802 0.00457061 -0.0125963 -0.00357402 0.00457061 0.00655652 -0.0140898 0.00457443 -0.0125963 -0.0140898 0.0787865 
0.0139541 -0.0232342 -0.00359731 0.00465576 -0.0232342 0.102807 0.00464565 -0.0127385 -0.00359731 0.00464565 0.00651755 -0.0142671 0.00465576 -0.0127385 -0.0142671 0.0792793 
0.0140021 -0.0233089 -0.00361699 0.00464923 -0.0233089 0.102954 0.00464392 -0.0127527 -0.00361699 0.00464392 0.00653173 -0.0142299 0.00464923 -0.0127527 -0.0142299 0.0794708 
0.0139499 -0.0233202 -0.00371624 0.00469152 -0.0233202 0.102954 0.00469729 -0.0128615 -0.00371624 0.00469729 0.0065517 -0.0142269 0.00469152 -0.0128615 -0.0142269 0.0794286 
0.0138729 -0.0232571 -0.00379621 0.00480322 -0.0232571 0.102836 0.0048055 -0.0130644 -0.00379621 0.0048055 0.00659327 -0.0142337 0.00480322 -0.0130644 -0.0142337 0.0793767 
0.0138373 -0.0231766 -0.0038493 0.00492791 -0.0231766 0.10271 0.00491825 -0.0133725 -0.0038493 0.00491825 0.00658771 -0.0142964 0.00492791 -0.0133725 -0.0142964 0.0795007 
0.0138402 -0.0231508 -0.00384608 0.00497866 -0.0231508 0.102638 0.00496355 -0.0135468 -0.00384608 0.00496355 0.00656888 -0.0142864 0.00497866 -0.0135468 -0.0142864 0.0795612 
0.0138065 -0.0230952 -0.0038192 0.00497393 -0.0230952 0.102383 0.00496166 -0.0136027 -0.0038192 0.00496166 0.00654872 -0.0142291 0.00497393 -0.0136027 -0.0142291 0.0793591 
0.0137815 -0.0231195 -0.00384819 0.00495588 -0.0231195 0.102506 0.00494865 -0.0136106 -0.00384819 0.00494865 0.00658152 -0.0142337 0.00495588 -0.0136106 -0.0142337 0.0794226 
0.0137483 -0.023012 -0.00383932 0.0049766 -0.023012 0.102191 0.00496529 -0.0136177 -0.00383932 0.00496529 0.00653812 -0.0142318 0.0049766 -0.0136177 -0.0142318 0.0792825 
0.0137842 -0.0230269 -0.00380957 0.00499752 -0.0230269 0.10225 0.0049855 -0.0137018 -0.00380957 0.0049855 0.00648838 -0.0142213 0.00499752 -0.0137018 -0.0142213 0.0793828 
0.0138375 -0.0230613 -0.00377087 0.00494231 -0.0230613 0.102297 0.00493993 -0.0136332 -0.00377087 0.00493993 0.00642269 -0.0141326 0.00494231 -0.0136332 -0.0141326 0.079226 
0.01386 -0.0231488 -0.00379061 0.00485494 -0.0231488 0.102469 0.00486513 -0.0134229 -0.00379061 0.00486513 0.00646095 -0.0140218 0.00485494 -0.0134229 -0.0140218 0.0789334 
0.013856 -0.0231219 -0.00382302 0.00490371 -0.0231219 0.102389 0.00491489 -0.0134554 -0.00382302 0.00491489 0.00643367 -0.0140562 0.00490371 -0.0134554 -0.0140562 0.0787802 
0.0138885 -0.0231571 -0.00381451 0.00494584 -0.0231571 0.102491 0.00495628 -0.0135515 -0.00381451 0.00495628 0.00639233 -0.0140456 0.00494584 -0.0135515 -0.0140456 0.0788039 
0.0138793 -0.0231902 -0.00383816 0.00493885 -0.0231902 0.102573 0.00495424 -0.0135914 -0.00383816 0.00495424 0.00638646 -0.0139847 0.00493885 -0.0135914 -0.0139847 0.0786904 
0.0138499 -0.0231802 -0.00386325 0.0049493 -0.0231802 0.102567 0.00496157 -0.0135822 -0.00386325 0.00496157 0.0064301 -0.0139531 0.0049493 -0.0135822 -0.0139531 0.078526 
0.0138083 -0.0231877 -0.00392431 0.00497577 -0.0231877 0.102667 0.00497804 -0.0136019 -0.00392431 0.00497804 0.0065336 -0.0140229 0.00497577 -0.0136019 -0.0140229 0.0786395 
0.0138626 -0.0231439 -0.00388081 0.00505838 -0.0231439 0.102664 0.00504555 -0.0137302 -0.00388081 0.00504555 0.00655774 -0.0141769 0.00505838 -0.0137302 -0.0141769 0.0789924 
0.0139043 -0.0231946 -0.00382953 0.00501347 -0.0231946 0.102715 0.00500301 -0.0137377 -0.00382953 0.00500301 0.00656228 -0.0142361 0.00501347 -0.0137377 -0.0142361 0.0792862 
0.0138555 -0.0232134 -0.00387448 0.00495456 -0.0232134 0.102726 0.00495675 -0.013654 -0.00387448 0.00495675 0.00657282 -0.0142468 0.00495456 -0.013654 -0.0142468 0.0793844 
0.0137916 -0.0231431 -0.00393402 0.00498814 -0.0231431 0.102573 0.00498724 -0.01363 -0.00393402 0.00498724 0.00659934 -0.0142406 0.00498814 -0.01363 -0.0142406 0.0793454 
0.013788 -0.0231092 -0.00399355 0.00508478 -0.0231092 0.102573 0.00507376 -0.013803 -0.00399355 0.00507376 0.00661887 -0.014296 0.00508478 -0.013803 -0.014296 0.0795228 
0.0137729 -0.0230456 -0.00399831 0.00514147 -0.0230456 0.102302 0.00512763 -0.0139497 -0.00399831 0.00512763 0.00658489 -0.0142821 0.00514147 -0.0139497 -0.0142821 0.0794353 
0.0137787 -0.0230729 -0.00399861 0.00513957 -0.0230729 0.102332 0.00513264 -0.0140012 -0.00399861 0.00513264 0.00660751 -0.014246 0.00513957 -0.0140012 -0.014246 0.0793917 
0.0137959 -0.0231019 -0.00400118 0.00516397 -0.0231019 0.102484 0.00516143 -0.0140882 -0.00400118 0.00516143 0.00664283 -0.0142948 0.00516397 -0.0140882 -0.0142948 0.0795173 
0.0137942 -0.02307 -0.00401279 0.00516024 -0.02307 0.102373 0.00515942 -0.0141149 -0.00401279 0.00515942 0.00660322 -0.0143225 0.00516024 -0.0141149 -0.0143225 0.0795303 
0.0137851 -0.0230427 -0.00403453 0.00516897 -0.0230427 0.102205 0.0051715 -0.0141312 -0.00403453 0.0051715 0.00653644 -0.0142592 0.00516897 -0.0141312 -0.0142592 0.0793824 
0.0138246 -0.0230923 -0.00402737 0.00519736 -0.0230923 0.102357 0.00520551 -0.014192 -0.00402737 0.00520551 0.00647643 -0.0141858 0.00519736 -0.014192 -0.0141858 0.0792788 
0.01381 -0.0231464 -0.00404569 0.00516556 -0.0231464 0.102495 0.00517957 -0.014143 -0.00404569 0.00517957 0.00652563 -0.0140829 0.00516556 -0.014143 -0.0140829 0.079014 
0.0137513 -0.0231374 -0.00412633 0.0052197 -0.0231374 0.102599 0.00522841 -0.0142398 -0.00412633 0.00522841 0.00659976 -0.0141539 0.0052197 -0.0142398 -0.0141539 0.0790543 
0.0136583 -0.0230049 -0.00418325 0.00530483 -0.0230049 0.102254 0.00529653 -0.0143789 -0.00418325 0.00529653 0.00666006 -0.0142179 0.00530483 -0.0143789 -0.0142179 0.0790697 
0.0136378 -0.0229684 -0.00420882 0.0053806 -0.0229684 0.102232 0.00535972 -0.0145445 -0.00420882 0.00535972 0.00676036 -0.0143356 0.0053806 -0.0145445 -0.0143356 0.0794299 
0.0135977 -0.0228952 -0.00422659 0.00540321 -0.0228952 0.101988 0.00537674 -0.0146315 -0.00422659 0.00537674 0.00684068 -0.0144502 0.00540321 -0.0146315 -0.0144502 0.0796821 
0.0136619 -0.0228291 -0.00415318 0.00543956 -0.0228291 0.101774 0.00541394 -0.0147386 -0.00415318 0.00541394 0.00675646 -0.0145719 0.00543956 -0.0147386 -0.0145719 0.0800043 
0.0137664 -0.0229515 -0.00409571 0.0053477 -0.0229515 0.101994 0.00534125 -0.0146567 -0.00409571 0.00534125 0.00666476 -0.0145067 0.0053477 -0.0146567 -0.0145067 0.0801575 
0.0138055 -0.0230546 -0.00408831 0.00527301 -0.0230546 0.102224 0.00529107 -0.0145188 -0.00408831 0.00529107 0.00656114 -0.0143721 0.00527301 -0.0145188 -0.0143721 0.0799189 
0.0138125 -0.0230906 -0.00408673 0.00525005 -0.0230906 0.102331 0.00527914 -0.0144204 -0.00408673 0.00527914 0.00645702 -0.0142028 0.00525005 -0.0144204 -0.0142028 0.0794545 
0.0137851 -0.0231271 -0.00415024 0.00523295 -0.0231271 0.10246 0.00526123 -0.0143384 -0.00415024 0.00526123 0.00645002 -0.014046 0.00523295 -0.0143384 -0.014046 0.0789912 
0.0137118 -0.0231254 -0.0042599 0.00531425 -0.0231254 0.102573 0.00533031 -0.0144237 -0.0042599 0.00533031 0.00655386 -0.0140262 0.00531425 -0.0144237 -0.0140262 0.0787902 
0.0136536 -0.0230518 -0.00433575 0.00545847 -0.0230518 0.102528 0.00545249 -0.0146805 -0.00433575 0.00545249 0.0066976 -0.0141589 0.00545847 -0.0146805 -0.0141589 0.0789589 
0.0136614 -0.0229155 -0.00428909 0.00555826 -0.0229155 0.102124 0.00553368 -0.0149424 -0.00428909 0.00553368 0.00670869 -0.0143262 0.00555826 -0.0149424 -0.0143262 0.0792184 
0.0137389 -0.0229895 -0.00424367 0.00552526 -0.0229895 0.102272 0.00550664 -0.0150285 -0.00424367 0.00550664 0.00667981 -0.0144127 0.00552526 -0.0150285 -0.0144127 0.0796882 
0.0137207 -0.0230173 -0.00422779 0.00542151 -0.0230173 0.102199 0.00541949 -0.0148314 -0.00422779 0.00541949 0.00669234 -0.0143394 0.00542151 -0.0148314 -0.0143394 0.0795766 
0.0137105 -0.0230017 -0.00422468 0.00541843 -0.0230017 0.102184 0.00542252 -0.014771 -0.00422468 0.00542252 0.00668809 -0.0143577 0.00541843 -0.014771 -0.0143577 0.0795511 
0.013678 -0.0229889 -0.00425289 0.00543048 -0.0229889 0.102163 0.00543334 -0.0147986 -0.00425289 0.00543334 0.00668599 -0.0143622 0.00543048 -0.0147986 -0.0143622 0.0795808 
0.0137246 -0.0229737 -0.00422514 0.00546955 -0.0229737 0.102196 0.0054682 -0.0148703 -0.00422514 0.0054682 0.00660501 -0.0143696 0.00546955 -0.0148703 -0.0143696 0.079654 
0.0137011 -0.0229883 -0.00423023 0.00543744 -0.0229883 0.102129 0.005441 -0.0148656 -0.00423023 0.005441 0.00655043 -0.0142466 0.00543744 -0.0148656 -0.0142466 0.0794166 
0.013693 -0.02297 -0.00422177 0.00544741 -0.02297 0.102105 0.00545335 -0.0148754 -0.00422177 0.00545335 0.00649751 -0.0141589 0.00544741 -0.0148754 -0.0141589 0.0791475 
0.0136331 -0.0229348 -0.00425825 0.00544419 -0.0229348 0.101975 0.00544805 -0.0148873 -0.00425825 0.00544805 0.00648947 -0.0140695 0.00544419 -0.0148873 -0.0140695 0.0788364 
0.0135982 -0.0229276 -0.00431424 0.00549308 -0.0229276 0.102073 0.00548981 -0.0149566 -0.00431424 0.00548981 0.00653788 -0.0140712 0.00549308 -0.0149566 -0.0140712 0.0788243 
0.0135344 -0.0228684 -0.00437488 0.00557643 -0.0228684 0.101999 0.00556172 -0.0151284 -0.00437488 0.00556172 0.0066007 -0.0141281 0.00557643 -0.0151284 -0.0141281 0.0789182 
0.0135195 -0.0227589 -0.00436162 0.00564927 -0.0227589 0.101712 0.00562359 -0.0152993 -0.00436162 0.00562359 0.00659866 -0.0141907 0.00564927 -0.0152993 -0.0141907 0.0790093 
0.0135228 -0.0226938 -0.00431151 0.00563694 -0.0226938 0.101378 0.0056126 -0.0153636 -0.00431151 0.0056126 0.00655852 -0.0141748 0.00563694 -0.0153636 -0.0141748 0.0789574 
