0.00552476 0 -0.00316666 0 0 0.00998248 0 0 -0.00316666 0 0.00792176 0 0 0 0 0.00998248 
0.00777686 -0.00966 -0.00440041 0.00542169 -0.00966 0.027685 0.00542169 -0.0103961 -0.00440041 0.00542169 0.0112734 -0.0139723 0.00542169 -0.0103961 -0.0139723 0.0359548 
0.00788935 -0.0147638 -0.00410975 0.00702379 -0.0147638 0.0562411 0.00702379 -0.0224042 -0.00410975 0.00702379 0.0110693 -0.0204484 0.00702379 -0.0224042 -0.0204484 0.0744157 
0.00754021 -0.0150531 -0.00369257 0.00549708 -0.0150531 0.0694394 0.0055175 -0.0202207 -0.00369257 0.0055175 0.0103487 -0.0195186 0.00549708 -0.0202207 -0.0195186 0.0864106 
0.00763157 -0.0150258 -0.00370799 0.00477246 -0.0150258 0.0756068 0.00480639 -0.0159328 -0.00370799 0.00480639 0.0102867 -0.0188081 0.00477246 -0.0159328 -0.0188081 0.0890352 
0.00781099 -0.0151994 -0.00385716 0.00482078 -0.0151994 0.078832 0.00486112 -0.014165 -0.00385716 0.00486112 0.0104149 -0.0187064 0.00482078 -0.014165 -0.0187064 0.0899975 
0.00789616 -0.015368 -0.00397826 0.00507281 -0.015368 0.0804498 0.00511431 -0.014089 -0.00397826 0.00511431 0.0105423 -0.0187535 0.00507281 -0.014089 -0.0187535 0.0904788 
0.00788421 -0.0152738 -0.00399579 0.00522467 -0.0152738 0.0806275 0.00524907 -0.0143643 -0.00399579 0.00524907 0.0106272 -0.0188827 0.00522467 -0.0143643 -0.0188827 0.0908024 
0.00788157 -0.015205 -0.00399353 0.00527704 -0.015205 0.0804184 0.00528307 -0.0145859 -0.00399353 0.00528307 0.0106504 -0.0189264 0.00527704 -0.0145859 -0.0189264 0.0908775 
0.00791168 -0.0151824 -0.0039876 0.00527687 -0.0151824 0.0802957 0.00527488 -0.0146569 -0.0039876 0.00527488 0.0106775 -0.0190054 0.00527687 -0.0146569 -0.0190054 0.0911235 
0.00796622 -0.0152681 -0.00400154 0.00527534 -0.0152681 0.0804087 0.00527623 -0.0146839 -0.00400154 0.00527623 0.0106541 -0.01898 0.00527534 -0.0146839 -0.01898 0.0910784 
0.00800614 -0.0153334 -0.00401498 0.00527001 -0.0153334 0.0805861 0.0052786 -0.0146636 -0.00401498 0.0052786 0.0106342 -0.0189964 0.00527001 -0.0146636 -0.0189964 0.0911519 
0.00803399 -0.0154324 -0.00400108 0.00528887 -0.0154324 0.0808396 0.00530545 -0.0146938 -0.00400108 0.00530545 0.0105917 -0.0189055 0.00528887 -0.0146938 -0.0189055 0.0909176 
0.00809034 -0.0154916 -0.00396407 0.00527685 -0.0154916 0.081121 0.00529091 -0.0146896 -0.00396407 0.00529091 0.0105372 -0.0188876 0.00527685 -0.0146896 -0.0188876 0.0908788 
0.00809501 -0.0155383 -0.00397509 0.00521795 -0.0155383 0.0812962 0.00522747 -0.0145669 -0.00397509 0.00522747 0.0105564 -0.0188628 0.00521795 -0.0145669 -0.0188628 0.0909079 
0.00803539 -0.0155044 -0.00401083 0.00521104 -0.0155044 0.0812152 0.00521533 -0.0144627 -0.00401083 0.00521533 0.0105992 -0.018871 0.00521104 -0.0144627 -0.018871 0.0908555 
0.00793504 -0.0153834 -0.00403325 0.00524801 -0.0153834 0.0809327 0.00524311 -0.0144638 -0.00403325 0.00524311 0.0106903 -0.0189815 0.00524801 -0.0144638 -0.0189815 0.0910964 
0.00790292 -0.0152516 -0.00400898 0.00528941 -0.0152516 0.0805792 0.00527495 -0.0145453 -0.00400898 0.00527495 0.0107077 -0.0190913 0.00528941 -0.0145453 -0.0190913 0.0913627 
0.00791476 -0.0152695 -0.00399751 0.00529068 -0.0152695 0.0805818 0.00527498 -0.01462 -0.00399751 0.00527498 0.0107173 -0.0191062 0.00529068 -0.01462 -0.0191062 0.0915481 
0.00790139 -0.0152637 -0.00397952 0.00526104 -0.0152637 0.0805243 0.00524897 -0.0145819 -0.00397952 0.00524897 0.0107293 -0.019091 0.00526104 -0.0145819 -0.019091 0.0915075 
0.00784502 -0.0151931 -0.00397125 0.00521199 -0.0151931 0.0803244 0.00520172 -0.0144581 -0.00397125 0.00520172 0.0107757 -0.019157 0.00521199 -0.0144581 -0.019157 0.091645 
0.00786097 -0.0151696 -0.00395867 0.00521674 -0.0151696 0.0802963 0.0052078 -0.014431 -0.00395867 0.0052078 0.0107746 -0.0192026 0.00521674 -0.014431 -0.0192026 0.0917985 
0.00787093 -0.0152049 -0.00397498 0.00520691 -0.0152049 0.080305 0.0052056 -0.0144292 -0.00397498 0.0052056 0.0107534 -0.0191359 0.00520691 -0.0144292 -0.0191359 0.091621 
0.00786833 -0.0152605 -0.00401606 0.00523695 -0.0152605 0.0805082 0.00524216 -0.0144944 -0.00401606 0.00524216 0.0107745 -0.0191177 0.00523695 -0.0144944 -0.0191177 0.0915654 
0.0078806 -0.0152971 -0.00407594 0.00530308 -0.0152971 0.0806961 0.00530821 -0.0146461 -0.00407594 0.00530821 0.0107734 -0.0191045 0.00530308 -0.0146461 -0.0191045 0.0914708 
0.00787588 -0.0152273 -0.00412039 0.00535017 -0.0152273 0.0805081 0.00535088 -0.014747 -0.00412039 0.00535088 0.0107726 -0.0191502 0.00535017 -0.014747 -0.0191502 0.091525 
0.00785008 -0.015282 -0.00418086 0.00543102 -0.015282 0.0806375 0.00543688 -0.0149546 -0.00418086 0.00543688 0.0108165 -0.0191489 0.00543102 -0.0149546 -0.0191489 0.0916066 
0.00778763 -0.0152567 -0.00419742 0.00550988 -0.0152567 0.0806411 0.00551224 -0.0151648 -0.00419742 0.00551224 0.0108833 -0.0191713 0.00550988 -0.0151648 -0.0191713 0.0915934 
0.00769124 -0.0151054 -0.00418592 0.00551474 -0.0151054 0.0803229 0.00549876 -0.0152168 -0.00418592 0.00549876 0.0109974 -0.0193463 0.00551474 -0.0152168 -0.0193463 0.0920037 
0.00763151 -0.0149389 -0.00415918 0.00548545 -0.0149389 0.079864 0.00545163 -0.0151401 -0.00415918 0.00545163 0.0110784 -0.0195499 0.00548545 -0.0151401 -0.0195499 0.0925905 
0.00764551 -0.0148774 -0.00415882 0.00545235 -0.0148774 0.0795825 0.00541964 -0.0150484 -0.00415882 0.00541964 0.0110622 -0.0196288 0.00545235 -0.0150484 -0.0196288 0.0929159 
0.00770112 -0.014936 -0.00417937 0.00545157 -0.014936 0.0796588 0.00543928 -0.0150332 -0.00417937 0.00543928 0.0110263 -0.0196079 0.00545157 -0.0150332 -0.0196079 0.0930341 
0.00774367 -0.0150404 -0.00419314 0.00547214 -0.0150404 0.0798958 0.00548768 -0.0150983 -0.00419314 0.00548768 0.0109875 -0.0195084 0.00547214 -0.0150983 -0.0195084 0.092811 
0.00776516 -0.0150973 -0.00414559 0.00548289 -0.0150973 0.0800879 0.00551089 -0.0151559 -0.00414559 0.00551089 0.0109565 -0.0194513 0.00548289 -0.0151559 -0.0194513 0.0925924 
0.00782349 -0.0151739 -0.00410951 0.00544269 -0.0151739 0.0803795 0.00546771 -0.0151361 -0.00410951 0.00546771 0.0108974 -0.0194 0.00544269 -0.0151361 -0.0194 0.0924469 
0.00784553 -0.0152517 -0.00411041 0.00539421 -0.0152517 0.0805731 0.00541551 -0.0150271 -0.00411041 0.00541551 0.0108463 -0.0192719 0.00539421 -0.0150271 -0.0192719 0.0920706 
0.00785216 -0.0152856 -0.00415089 0.00539536 -0.0152856 0.0807562 0.00541201 -0.0149748 -0.00415089 0.00541201 0.0108472 -0.0192374 0.00539536 -0.0149748 -0.0192374 0.0919316 
0.00781795 -0.0152819 -0.00417483 0.00544924 -0.0152819 0.0808005 0.00545957 -0.0150395 -0.00417483 0.00545957 0.0108727 -0.0192449 0.00544924 -0.0150395 -0.0192449 0.0919044 
0.00777425 -0.0151868 -0.00417441 0.00547405 -0.0151868 0.0805558 0.00547475 -0.0150988 -0.00417441 0.00547475 0.0108864 -0.0192835 0.00547405 -0.0150988 -0.0192835 0.0919262 
0.00775645 -0.0151385 -0.00422249 0.00549074 -0.0151385 0.0803999 0.00548416 -0.0151588 -0.00422249 0.00548416 0.0108992 -0.0193119 0.00549074 -0.0151588 -0.0193119 0.0920294 
0.00770458 -0.0150868 -0.00422195 0.00554271 -0.0150868 0.0802157 0.00553784 -0.0152555 -0.00422195 0.00553784 0.0109485 -0.0193429 0.00554271 -0.0152555 -0.0193429 0.092131 
0.00766835 -0.0150007 -0.00417984 0.00554496 -0.0150007 0.0799887 0.00553679 -0.0153094 -0.00417984 0.00553679 0.0109853 -0.0194266 0.00554496 -0.0153094 -0.0194266 0.0923339 
0.00762841 -0.0150027 -0.00414718 0.00551507 -0.0150027 0.0799714 0.00550341 -0.0153005 -0.00414718 0.00550341 0.0110378 -0.0194405 0.00551507 -0.0153005 -0.0194405 0.0924258 
0.00763155 -0.0149717 -0.00412357 0.00547909 -0.0149717 0.0799186 0.00545777 -0.0152234 -0.00412357 0.00545777 0.0110255 -0.0194596 0.00547909 -0.0152234 -0.0194596 0.0923999 
0.00760572 -0.0149262 -0.00412982 0.0054283 -0.0149262 0.0797896 0.00540339 -0.0150787 -0.00412982 0.00540339 0.0110567 -0.0195178 0.0054283 -0.0150787 -0.0195178 0.0926055 
0.00758204 -0.0148861 -0.00412656 0.00542698 -0.0148861 0.0796257 0.00540858 -0.0150136 -0.00412656 0.00540858 0.011067 -0.0195256 0.00542698 -0.0150136 -0.0195256 0.0926207 
0.0075245 -0.014862 -0.00410937 0.00542728 -0.014862 0.0795572 0.00541682 -0.0150149 -0.00410937 0.00541682 0.0111298 -0.0195567 0.00542728 -0.0150149 -0.0195567 0.0927212 
0.00748924 -0.0148079 -0.00411101 0.00541633 -0.0148079 0.0794874 0.00540196 -0.0150071 -0.00411101 0.00540196 0.0111733 -0.0196348 0.00541633 -0.0150071 -0.0196348 0.0928998 
0.00744488 -0.0147523 -0.00412638 0.00541446 -0.0147523 0.0793303 0.00539576 -0.0149868 -0.00412638 0.00539576 0.0112169 -0.0196802 0.00541446 -0.0149868 -0.0196802 0.0930238 
0.00739708 -0.0146751 -0.0041202 0.00542926 -0.0146751 0.0790749 0.00540907 -0.0149946 -0.0041202 0.00540907 0.0112486 -0.019715 0.00542926 -0.0149946 -0.019715 0.0930566 
0.00737306 -0.0146286 -0.00414208 0.00542866 -0.0146286 0.0789862 0.00540943 -0.0150155 -0.00414208 0.00540943 0.0112963 -0.0198151 0.00542866 -0.0150155 -0.0198151 0.0933745 
0.00735639 -0.0145785 -0.00413013 0.00544372 -0.0145785 0.0787808 0.00542978 -0.0150342 -0.00413013 0.00542978 0.0113004 -0.0198314 0.00544372 -0.0150342 -0.0198314 0.0934112 
0.00735696 -0.0145743 -0.00412267 0.00543551 -0.0145743 0.0787403 0.00542879 -0.0150532 -0.00412267 0.00542879 0.0113076 -0.0198486 0.00543551 -0.0150532 -0.0198486 0.0934875 
0.00736341 -0.014615 -0.0041225 0.00543442 -0.014615 0.0788866 0.00543345 -0.0150739 -0.0041225 0.00543345 0.0113294 -0.0198634 0.00543442 -0.0150739 -0.0198634 0.0935846 
0.00737382 -0.0146398 -0.00411245 0.00543553 -0.0146398 0.0789812 0.00543599 -0.0150846 -0.00411245 0.00543599 0.0113205 -0.0198468 0.00543553 -0.0150846 -0.0198468 0.0935114 
0.00740432 -0.0146922 -0.00412472 0.0054401 -0.0146922 0.0791638 0.00543916 -0.0151129 -0.00412472 0.00543916 0.0112893 -0.0198146 0.0054401 -0.0151129 -0.0198146 0.0934191 
0.00744166 -0.0147097 -0.00411658 0.00544103 -0.0147097 0.0792331 0.0054406 -0.0151066 -0.00411658 0.0054406 0.0112465 -0.0197905 0.00544103 -0.0151066 -0.0197905 0.0933549 
0.00749447 -0.0147323 -0.00410929 0.00542057 -0.0147323 0.0792457 0.00542401 -0.0150663 -0.00410929 0.00542401 0.0111756 -0.0197393 0.00542057 -0.0150663 -0.0197393 0.0932295 
0.00754463 -0.0148404 -0.00414566 0.00542509 -0.0148404 0.0794824 0.00543875 -0.0150851 -0.00414566 0.00543875 0.0111197 -0.0196154 0.00542509 -0.0150851 -0.0196154 0.0929473 
0.00753997 -0.0148763 -0.00419359 0.00545253 -0.0148763 0.0796022 0.00547279 -0.0151244 -0.00419359 0.00547279 0.0111183 -0.0195617 0.00545253 -0.0151244 -0.0195617 0.0927462 
0.00747375 -0.0148464 -0.00425095 0.00550859 -0.0148464 0.0795816 0.00552561 -0.0152245 -0.00425095 0.00552561 0.011191 -0.0195966 0.00550859 -0.0152245 -0.0195966 0.0927892 
0.00745074 -0.0147703 -0.00431107 0.00559739 -0.0147703 0.0794254 0.0056019 -0.0154137 -0.00431107 0.0056019 0.011217 -0.0196572 0.00559739 -0.0154137 -0.0196572 0.0928487 
0.00746677 -0.0147438 -0.00433146 0.00568705 -0.0147438 0.079345 0.0056834 -0.0156449 -0.00433146 0.0056834 0.0112194 -0.0197232 0.00568705 -0.0156449 -0.0197232 0.093072 
0.00749641 -0.0147645 -0.00433206 0.00571572 -0.0147645 0.0793387 0.00571257 -0.0157906 -0.00433206 0.00571257 0.0111985 -0.0197205 0.00571572 -0.0157906 -0.0197205 0.0931403 
0.00751835 -0.0147996 -0.00431438 0.00570726 -0.0147996 0.0793785 0.00570792 -0.0158208 -0.00431438 0.00570792 0.0111867 -0.0196807 0.00570726 -0.0158208 -0.0196807 0.0930604 
0.0075684 -0.0148008 -0.00433278 0.00566467 -0.0148008 0.0794001 0.00566591 -0.0157345 -0.00433278 0.00566591 0.0111528 -0.0197289 0.00566467 -0.0157345 -0.0197289 0.093203 
0.00761508 -0.0148753 -0.00435465 0.00567765 -0.0148753 0.079509 0.00568859 -0.0157116 -0.00435465 0.00568859 0.0111018 -0.019657 0.00567765 -0.0157116 -0.019657 0.0930909 
0.00758823 -0.0149335 -0.00439534 0.00569576 -0.0149335 0.0797016 0.00572098 -0.0157472 -0.00439534 0.00572098 0.0111588 -0.0196375 0.00569576 -0.0157472 -0.0196375 0.0930954 
0.0075876 -0.0149096 -0.00443524 0.00574846 -0.0149096 0.0797388 0.00577003 -0.0158446 -0.00443524 0.00577003 0.0111794 -0.0196834 0.00574846 -0.0158446 -0.0196834 0.0931172 
0.00758203 -0.014945 -0.0044592 0.00581666 -0.014945 0.0798427 0.00583311 -0.0160125 -0.0044592 0.00583311 0.0111944 -0.0196929 0.00581666 -0.0160125 -0.0196929 0.093145 
0.00757132 -0.0149501 -0.00446716 0.00585295 -0.0149501 0.0799172 0.00586167 -0.0161358 -0.00446716 0.00586167 0.0112118 -0.0197089 0.00585295 -0.0161358 -0.0197089 0.0931741 
0.00753333 -0.014911 -0.00446309 0.00585371 -0.014911 0.0798508 0.00585359 -0.0161566 -0.00446309 0.00585359 0.0112408 -0.0197579 0.00585371 -0.0161566 -0.0197579 0.0932953 
0.00751163 -0.0148462 -0.00447432 0.00584234 -0.0148462 0.0797077 0.00583581 -0.0161241 -0.00447432 0.00583581 0.0112549 -0.019821 0.00584234 -0.0161241 -0.019821 0.0934875 
0.00752065 -0.014842 -0.004444 0.00586576 -0.014842 0.0796442 0.00586121 -0.0161586 -0.004444 0.00586121 0.0112376 -0.0197958 0.00586576 -0.0161586 -0.0197958 0.0934558 
0.00753832 -0.0148856 -0.0044256 0.00584685 -0.0148856 0.0797666 0.00584443 -0.0161763 -0.0044256 0.00584443 0.0112308 -0.0197686 0.00584685 -0.0161763 -0.0197686 0.0934166 
0.00753167 -0.0148926 -0.00440244 0.00581157 -0.0148926 0.0797728 0.00580803 -0.0161045 -0.00440244 0.00580803 0.0112005 -0.0197342 0.00581157 -0.0161045 -0.0197342 0.0932716 
0.0075447 -0.0148991 -0.00438957 0.00579168 -0.0148991 0.0798278 0.00578606 -0.0160458 -0.00438957 0.00578606 0.0111672 -0.0197009 0.00579168 -0.0160458 -0.0197009 0.0931919 
0.00747033 -0.0148815 -0.00440761 0.00576674 -0.0148815 0.0797506 0.00576127 -0.0159743 -0.00440761 0.00576127 0.0112236 -0.0196553 0.00576674 -0.0159743 -0.0196553 0.0930575 
0.00742715 -0.0147655 -0.00442574 0.00579027 -0.0147655 0.0795275 0.00577577 -0.0159746 -0.00442574 0.00577577 0.0112735 -0.0197536 0.00579027 -0.0159746 -0.0197536 0.0932084 
0.00739023 -0.0147016 -0.00441536 0.00582547 -0.0147016 0.079271 0.00580513 -0.016046 -0.00441536 0.00580513 0.0112925 -0.0197941 0.00582547 -0.016046 -0.0197941 0.0933016 
0.0073965 -0.0146669 -0.00438312 0.00582415 -0.0146669 0.0791819 0.00580276 -0.0160916 -0.00438312 0.00580276 0.011312 -0.0198556 0.00582415 -0.0160916 -0.0198556 0.0935305 
0.00736154 -0.0146472 -0.00435783 0.00577023 -0.0146472 0.0790529 0.00574926 -0.0160042 -0.00435783 0.00574926 0.0113645 -0.0198729 0.00577023 -0.0160042 -0.0198729 0.093613 
0.00734194 -0.014576 -0.00436844 0.00571663 -0.014576 0.0788461 0.00569388 -0.0158463 -0.00436844 0.00569388 0.011388 -0.0199573 0.00571663 -0.0158463 -0.0199573 0.0937786 
0.00736602 -0.014538 -0.00436722 0.00571227 -0.014538 0.0787067 0.00569602 -0.0157615 -0.00436722 0.00569602 0.0113713 -0.0200362 0.00571227 -0.0157615 -0.0200362 0.0940669 
0.00742307 -0.0146234 -0.00437655 0.0057263 -0.0146234 0.0788648 0.0057291 -0.0158028 -0.00437655 0.0057291 0.0113236 -0.0199731 0.0057263 -0.0158028 -0.0199731 0.0940341 
0.00746479 -0.0147267 -0.00441016 0.00573971 -0.0147267 0.0791501 0.00575976 -0.0158686 -0.00441016 0.00575976 0.011291 -0.0198819 0.00573971 -0.0158686 -0.0198819 0.0938208 
0.00746797 -0.0147723 -0.00441773 0.00577207 -0.0147723 0.0793214 0.00579874 -0.0159419 -0.00441773 0.00579874 0.0112868 -0.0198357 0.00577207 -0.0159419 -0.0198357 0.0936261 
0.00742242 -0.0147224 -0.0044398 0.00576262 -0.0147224 0.0792207 0.00578446 -0.0159328 -0.0044398 0.00578446 0.0113246 -0.0198671 0.00576262 -0.0159328 -0.0198671 0.0936225 
0.00741451 -0.0147135 -0.00446185 0.00581181 -0.0147135 0.0792705 0.00582651 -0.0160187 -0.00446185 0.00582651 0.0113677 -0.0199263 0.00581181 -0.0160187 -0.0199263 0.0937962 
0.00740788 -0.0146861 -0.00445153 0.00583531 -0.0146861 0.0791792 0.00584435 -0.0160845 -0.00445153 0.00584435 0.0113734 -0.0199556 0.00583531 -0.0160845 -0.0199556 0.0938402 
0.00739995 -0.0146801 -0.00442139 0.00582209 -0.0146801 0.0791642 0.00582841 -0.0160855 -0.00442139 0.00582841 0.0113946 -0.0199965 0.00582209 -0.0160855 -0.0199965 0.0939884 
0.00737587 -0.0147436 -0.00442316 0.00580921 -0.0147436 0.0793289 0.00581494 -0.016087 -0.00442316 0.00581494 0.0114096 -0.019934 0.00580921 -0.016087 -0.019934 0.0938127 
0.00736614 -0.014762 -0.0044399 0.00583036 -0.014762 0.0795378 0.00582749 -0.0161217 -0.0044399 0.00582749 0.011432 -0.0199522 0.00583036 -0.0161217 -0.0199522 0.0938055 
0.00734269 -0.0147018 -0.00449661 0.00583548 -0.0147018 0.0794512 0.00582114 -0.0161126 -0.00449661 0.00582114 0.0114578 -0.0200179 0.00583548 -0.0161126 -0.0200179 0.0939563 
0.0072996 -0.0146586 -0.00456602 0.00590186 -0.0146586 0.0793222 0.00588841 -0.016209 -0.00456602 0.00588841 0.0114987 -0.0200616 0.00590186 -0.016209 -0.0200616 0.0941044 
0.00731994 -0.0145875 -0.00459033 0.0059875 -0.0145875 0.0791069 0.00597824 -0.0164004 -0.00459033 0.00597824 0.0114646 -0.0200998 0.0059875 -0.0164004 -0.0200998 0.0941764 
0.0073523 -0.0146488 -0.00461742 0.00604245 -0.0146488 0.079155 0.0060434 -0.0166178 -0.00461742 0.0060434 0.011416 -0.020025 0.00604245 -0.0166178 -0.020025 0.0940552 
0.00736535 -0.0147127 -0.00462577 0.00608161 -0.0147127 0.079362 0.00608925 -0.0167768 -0.00462577 0.00608925 0.0114151 -0.0199769 0.00608161 -0.0167768 -0.0199769 0.0939736 
0.00736997 -0.0147082 -0.00462738 0.00608509 -0.0147082 0.0793844 0.00608905 -0.0168275 -0.00462738 0.00608905 0.0114066 -0.0199614 0.00608509 -0.0168275 -0.0199614 0.0938681 
0.00738071 -0.0147022 -0.00462992 0.00608597 -0.0147022 0.0793423 0.00608343 -0.0168332 -0.00462992 0.00608343 0.0113807 -0.0199485 0.00608597 -0.0168332 -0.0199485 0.0937944 
0.00735662 -0.0146994 -0.00462265 0.00608431 -0.0146994 0.0792957 0.00607951 -0.0168224 -0.00462265 0.00607951 0.0113926 -0.019927 0.00608431 -0.0168224 -0.019927 0.0937461 
0.00738024 -0.0146893 -0.00464989 0.00608847 -0.0146893 0.0793006 0.00607899 -0.0168341 -0.00464989 0.00607899 0.0113765 -0.019935 0.00608847 -0.0168341 -0.019935 0.0937454 
0.00737734 -0.0146513 -0.00466661 0.00609446 -0.0146513 0.0791458 0.00608429 -0.0168117 -0.00466661 0.00608429 0.0113899 -0.0199733 0.00609446 -0.0168117 -0.0199733 0.0938751 
0.00740329 -0.0146341 -0.00468431 0.00610689 -0.0146341 0.0790251 0.00610318 -0.0168263 -0.00468431 0.00610318 0.0113652 -0.0199948 0.00610689 -0.0168263 -0.0199948 0.0939575 
0.00741507 -0.0146738 -0.00468284 0.00612672 -0.0146738 0.0790728 0.00613389 -0.0168769 -0.00468284 0.00613389 0.0113563 -0.019983 0.00612672 -0.0168769 -0.019983 0.0940168 
0.00742072 -0.0146982 -0.00467402 0.00612487 -0.0146982 0.0791689 0.00613845 -0.016904 -0.00467402 0.00613845 0.011354 -0.0199751 0.00612487 -0.016904 -0.0199751 0.0940354 
0.00740103 -0.0147058 -0.00469061 0.0061113 -0.0147058 0.0791785 0.00612421 -0.0168868 -0.00469061 0.00612421 0.0113628 -0.0199291 0.0061113 -0.0168868 -0.0199291 0.0938771 
0.00737695 -0.0147115 -0.00472861 0.00614716 -0.0147115 0.0792554 0.00615467 -0.0169437 -0.00472861 0.00615467 0.0114063 -0.0199415 0.00614716 -0.0169437 -0.0199415 0.0938637 
0.00735206 -0.0146491 -0.00474966 0.00618634 -0.0146491 0.0791559 0.00618627 -0.0170147 -0.00474966 0.00618627 0.0114534 -0.020036 0.00618634 -0.0170147 -0.020036 0.0940724 
0.00732486 -0.0146293 -0.00475065 0.00621932 -0.0146293 0.0790577 0.0062166 -0.0171038 -0.00475065 0.0062166 0.0114793 -0.0200628 0.00621932 -0.0171038 -0.0200628 0.0941383 
0.0073271 -0.014586 -0.00473464 0.00621675 -0.014586 0.0789943 0.00621045 -0.017125 -0.00473464 0.00621045 0.0114957 -0.0201584 0.00621675 -0.017125 -0.0201584 0.094435 
0.00729679 -0.0145997 -0.0047051 0.00619513 -0.0145997 0.0789654 0.00619153 -0.0170934 -0.0047051 0.00619153 0.0115047 -0.0201343 0.00619513 -0.0170934 -0.0201343 0.0944308 
0.00729418 -0.0145878 -0.00470881 0.00616659 -0.0145878 0.0789839 0.00616185 -0.017039 -0.00470881 0.00616185 0.0114861 -0.020127 0.00616659 -0.017039 -0.020127 0.0943857 
0.00725136 -0.0145934 -0.00468817 0.00617622 -0.0145934 0.0790321 0.00617115 -0.0170332 -0.00468817 0.00617115 0.0115203 -0.0201113 0.00617622 -0.0170332 -0.0201113 0.0943781 
0.00722855 -0.0144859 -0.00468297 0.00613678 -0.0144859 0.0787855 0.00612551 -0.0169543 -0.00468297 0.00612551 0.0115302 -0.0201609 0.00613678 -0.0169543 -0.0201609 0.0944216 
0.00721392 -0.0144326 -0.0046947 0.00612611 -0.0144326 0.0785799 0.00611426 -0.0168951 -0.0046947 0.00611426 0.011571 -0.0202151 0.00612611 -0.0168951 -0.0202151 0.0946119 
0.0071786 -0.0143991 -0.0046782 0.0061311 -0.0143991 0.0784203 0.00612585 -0.0168836 -0.0046782 0.00612585 0.0116339 -0.0202744 0.0061311 -0.0168836 -0.0202744 0.09478 
0.00717727 -0.0144012 -0.00469312 0.00612512 -0.0144012 0.0783973 0.00612324 -0.0169006 -0.00469312 0.00612324 0.0116465 -0.0202955 0.00612512 -0.0169006 -0.0202955 0.0947832 
0.0072102 -0.0144503 -0.00467804 0.00615564 -0.0144503 0.0785651 0.00615471 -0.0169641 -0.00467804 0.00615471 0.011632 -0.0203122 0.00615564 -0.0169641 -0.0203122 0.0948478 
0.00720458 -0.0144819 -0.00465188 0.00612471 -0.0144819 0.0786465 0.00612759 -0.0169324 -0.00465188 0.00612759 0.0116138 -0.0202836 0.00612471 -0.0169324 -0.0202836 0.0947791 
0.00718408 -0.0145126 -0.00464086 0.00610185 -0.0145126 0.0788148 0.00610329 -0.0168826 -0.00464086 0.00610329 0.0116348 -0.0202604 0.00610185 -0.0168826 -0.0202604 0.0947408 
0.00713762 -0.0144685 -0.00460423 0.00608096 -0.0144685 0.0787606 0.00607622 -0.0168102 -0.00460423 0.00607622 0.0116721 -0.0202714 0.00608096 -0.0168102 -0.0202714 0.0946929 
0.00719452 -0.0143901 -0.00459169 0.00603702 -0.0143901 0.0785881 0.00602083 -0.0167 -0.00459169 0.00602083 0.0116085 -0.0203429 0.00603702 -0.0167 -0.0203429 0.094831 
0.00728235 -0.0144664 -0.0046172 0.00601995 -0.0144664 0.0786358 0.00601331 -0.0166343 -0.0046172 0.00601331 0.0115273 -0.0202623 0.00601995 -0.0166343 -0.0202623 0.0947762 
0.00733219 -0.01458 -0.00462601 0.00603645 -0.01458 0.0788993 0.00605263 -0.016652 -0.00462601 0.00605263 0.0114988 -0.0201879 0.00603645 -0.016652 -0.0201879 0.0946811 
0.00733743 -0.0146866 -0.00462361 0.00605876 -0.0146866 0.079212 0.0060874 -0.0167352 -0.00462361 0.0060874 0.0114875 -0.0200825 0.00605876 -0.0167352 -0.0200825 0.0943542 
0.00730594 -0.0146867 -0.00462248 0.00605618 -0.0146867 0.0793336 0.00607626 -0.0167533 -0.00462248 0.00607626 0.0115064 -0.0200772 0.00605618 -0.0167533 -0.0200772 0.0942302 
0.00725768 -0.0146613 -0.00461562 0.00607347 -0.0146613 0.0793293 0.00607737 -0.0167793 -0.00461562 0.00607737 0.0115318 -0.0200685 0.00607347 -0.0167793 -0.0200685 0.0941294 
0.00724998 -0.0146148 -0.00462602 0.00608702 -0.0146148 0.0793004 0.00607274 -0.0168154 -0.00462602 0.00607274 0.011553 -0.0201183 0.00608702 -0.0168154 -0.0201183 0.0942359 
0.00728822 -0.0145365 -0.00461692 0.00607968 -0.0145365 0.0789931 0.00605581 -0.0167784 -0.00461692 0.00605581 0.0114869 -0.0201349 0.00607968 -0.0167784 -0.0201349 0.0942282 
0.00733684 -0.0145804 -0.00459061 0.00606732 -0.0145804 0.0789895 0.0060526 -0.016758 -0.00459061 0.0060526 0.0114463 -0.0201147 0.00606732 -0.016758 -0.0201147 0.0943314 
0.00734707 -0.0146113 -0.00455523 0.00601118 -0.0146113 0.0789912 0.00601016 -0.0166513 -0.00455523 0.00601016 0.0114233 -0.0200619 0.00601118 -0.0166513 -0.0200619 0.0942454 
0.00735153 -0.0146182 -0.00452443 0.00595714 -0.0146182 0.0790355 0.00596254 -0.0165153 -0.00452443 0.00596254 0.0114292 -0.0200646 0.00595714 -0.0165153 -0.0200646 0.094277 
0.00735553 -0.014628 -0.00447708 0.00592003 -0.014628 0.0790226 0.00592449 -0.0163996 -0.00447708 0.00592449 0.0114027 -0.0200204 0.00592003 -0.0163996 -0.0200204 0.0941196 
0.00738904 -0.014636 -0.00444989 0.00586568 -0.014636 0.0790443 0.00586829 -0.016273 -0.00444989 0.00586829 0.0113547 -0.0199938 0.00586568 -0.016273 -0.0199938 0.0940349 
0.00736177 -0.0146514 -0.00442668 0.00581828 -0.0146514 0.0790359 0.0058227 -0.0161317 -0.00442668 0.0058227 0.011365 -0.0199499 0.00581828 -0.0161317 -0.0199499 0.0939427 
0.00733478 -0.0146216 -0.00439726 0.00579377 -0.0146216 0.0790031 0.00579752 -0.0160413 -0.00439726 0.00579752 0.0113811 -0.019956 0.00579377 -0.0160413 -0.019956 0.0939041 
0.00734241 -0.0146108 -0.00440743 0.00577722 -0.0146108 0.0790244 0.00577514 -0.0159993 -0.00440743 0.00577514 0.0113927 -0.0199759 0.00577722 -0.0159993 -0.0199759 0.0939609 
0.0073511 -0.0146015 -0.00440104 0.00578357 -0.0146015 0.0789488 0.0057804 -0.0159845 -0.00440104 0.0057804 0.0113682 -0.019959 0.00578357 -0.0159845 -0.019959 0.0938784 
0.00735817 -0.0145831 -0.00435457 0.00576409 -0.0145831 0.0788865 0.00576604 -0.0159489 -0.00435457 0.00576604 0.0113809 -0.0199866 0.00576409 -0.0159489 -0.0199866 0.0939859 
0.00735761 -0.0146205 -0.00432707 0.00571632 -0.0146205 0.0789512 0.00572064 -0.0158759 -0.00432707 0.00572064 0.0113881 -0.019969 0.00571632 -0.0158759 -0.019969 0.0939544 
0.00741697 -0.0146615 -0.00432543 0.00569184 -0.0146615 0.0790853 0.0056948 -0.0158092 -0.00432543 0.0056948 0.0113277 -0.0199269 0.00569184 -0.0158092 -0.0199269 0.0937925 
0.00751551 -0.0147987 -0.00437646 0.0057133 -0.0147987 0.0794444 0.00572077 -0.0158475 -0.00437646 0.00572077 0.0112246 -0.0198064 0.0057133 -0.0158475 -0.0198064 0.0935023 
0.00753197 -0.0148551 -0.00436581 0.00573595 -0.0148551 0.07962 0.00575572 -0.0158706 -0.00436581 0.00575572 0.0112256 -0.0197548 0.00573595 -0.0158706 -0.0197548 0.0933967 
0.00751771 -0.0148416 -0.00436323 0.00571136 -0.0148416 0.0795991 0.00573195 -0.0158387 -0.00436323 0.00573195 0.0112322 -0.0197589 0.00571136 -0.0158387 -0.0197589 0.093329 
0.0075287 -0.0148918 -0.00439665 0.00573593 -0.0148918 0.0797771 0.00575172 -0.0158829 -0.00439665 0.00575172 0.0112309 -0.0197391 0.00573593 -0.0158829 -0.0197391 0.0932823 
0.00757166 -0.0149118 -0.00440894 0.00578311 -0.0149118 0.0798709 0.0057916 -0.0159715 -0.00440894 0.0057916 0.0111781 -0.0197155 0.00578311 -0.0159715 -0.0197155 0.0931875 
0.0075944 -0.014937 -0.00439558 0.00579236 -0.014937 0.0798715 0.00580082 -0.0160198 -0.00439558 0.00580082 0.0111387 -0.0196435 0.00579236 -0.0160198 -0.0196435 0.0929963 
0.0075876 -0.0149535 -0.00437398 0.00577235 -0.0149535 0.0799119 0.00578003 -0.0160005 -0.00437398 0.00578003 0.011131 -0.0196304 0.00577235 -0.0160005 -0.0196304 0.0929601 
0.00757389 -0.0149125 -0.00435436 0.00573286 -0.0149125 0.0798137 0.00573644 -0.015903 -0.00435436 0.00573644 0.0111346 -0.0196389 0.00573286 -0.015903 -0.0196389 0.0929687 
