0.00670786 0 0.0033188 0 0 0.00998741 0 0 0.0033188 0 0.006747 0 0 0 0 0.00998741 
0.0094504 -0.0117218 0.0046441 -0.00572236 -0.0117218 0.0316479 -0.00572236 0.010973 0.0046441 -0.00572236 0.00962117 -0.0119354 -0.00572236 0.010973 -0.0119354 0.0320571 
0.00939567 -0.0173838 0.00436293 -0.00742038 -0.0173838 0.0646052 -0.00742038 0.0236791 0.00436293 -0.00742038 0.00956109 -0.0178358 -0.00742038 0.0236791 -0.0178358 0.0660752 
0.00891326 -0.0171386 0.00397322 -0.00586841 -0.0171386 0.0771898 -0.00588251 0.0215492 0.00397322 -0.00588251 0.00895764 -0.0174044 -0.00586841 0.0215492 -0.0174044 0.078555 
0.00896626 -0.0168674 0.00405376 -0.00517428 -0.0168674 0.0818821 -0.00520156 0.0172192 0.00405376 -0.00520156 0.00896794 -0.0169786 -0.00517428 0.0172192 -0.0169786 0.082842 
0.00914065 -0.0169496 0.00422214 -0.00529684 -0.0169496 0.0842232 -0.00532078 0.0154899 0.00422214 -0.00532078 0.00911681 -0.0170108 -0.00529684 0.0154899 -0.0170108 0.0848433 
0.0092288 -0.017037 0.00428839 -0.00555804 -0.017037 0.0852402 -0.00557293 0.0154158 0.00428839 -0.00557293 0.00922682 -0.0171058 -0.00555804 0.0154158 -0.0171058 0.0857519 
0.0092788 -0.0171212 0.00430498 -0.00567348 -0.0171212 0.0857044 -0.0056828 0.0156803 0.00430498 -0.0056828 0.00924065 -0.01706 -0.00567348 0.0156803 -0.01706 0.0857724 
0.00925444 -0.0170659 0.00430972 -0.00571127 -0.0170659 0.085665 -0.00571225 0.0158587 0.00430972 -0.00571225 0.00931559 -0.0171475 -0.00571127 0.0158587 -0.0171475 0.0859986 
0.00922682 -0.0169942 0.00429916 -0.00570777 -0.0169942 0.0853783 -0.00570095 0.0158941 0.00429916 -0.00570095 0.00934429 -0.0171936 -0.00570777 0.0158941 -0.0171936 0.0860186 
0.00923218 -0.0169945 0.0043362 -0.00569695 -0.0169945 0.0853143 -0.00568735 0.0158862 0.0043362 -0.00568735 0.00935305 -0.0172311 -0.00569695 0.0158862 -0.0172311 0.0861075 
0.00924155 -0.0169874 0.00433401 -0.0057341 -0.0169874 0.0852677 -0.00572754 0.0159279 0.00433401 -0.00572754 0.00935943 -0.0172776 -0.0057341 0.0159279 -0.0172776 0.0862645 
0.00926343 -0.0170854 0.00432019 -0.00573906 -0.0170854 0.085568 -0.00574047 0.0159797 0.00432019 -0.00574047 0.00937828 -0.017266 -0.00573906 0.0159797 -0.017266 0.0863418 
0.00925967 -0.0170596 0.00431615 -0.00570085 -0.0170596 0.0855253 -0.00570162 0.0159077 0.00431615 -0.00570162 0.00937257 -0.0172805 -0.00570085 0.0159077 -0.0172805 0.0863055 
0.00928959 -0.0170852 0.00433884 -0.00569878 -0.0170852 0.0856257 -0.00569825 0.0158663 0.00433884 -0.00569825 0.00936777 -0.017303 -0.00569878 0.0158663 -0.017303 0.0864188 
0.00933912 -0.0171414 0.00433393 -0.005719 -0.0171414 0.0857667 -0.00572353 0.0158788 0.00433393 -0.00572353 0.00933193 -0.0172745 -0.005719 0.0158788 -0.0172745 0.0863769 
0.00935461 -0.0171955 0.00435091 -0.00571173 -0.0171955 0.0859314 -0.0057229 0.0158886 0.00435091 -0.0057229 0.00934388 -0.0172706 -0.00571173 0.0158886 -0.0172706 0.0864235 
0.00938106 -0.0172797 0.00436666 -0.00572382 -0.0172797 0.0861877 -0.00573677 0.015894 0.00436666 -0.00573677 0.00931957 -0.0172038 -0.00572382 0.015894 -0.0172038 0.0862119 
0.00940727 -0.0173394 0.00438556 -0.00575071 -0.0173394 0.086446 -0.00575726 0.0159384 0.00438556 -0.00575726 0.00930472 -0.0171857 -0.00575071 0.0159384 -0.0171857 0.0861433 
0.00942768 -0.0173262 0.00439909 -0.00577738 -0.0173262 0.0864789 -0.00577526 0.0159903 0.00439909 -0.00577526 0.00929038 -0.0172247 -0.00577738 0.0159903 -0.0172247 0.0862655 
0.00943708 -0.0173402 0.00440278 -0.00578647 -0.0173402 0.0864372 -0.00578244 0.0160136 0.00440278 -0.00578244 0.00925773 -0.0171676 -0.00578647 0.0160136 -0.0171676 0.0861327 
0.0094823 -0.0173548 0.00438901 -0.00580217 -0.0173548 0.0865101 -0.00579971 0.0160635 0.00438901 -0.00579971 0.00923692 -0.0171817 -0.00580217 0.0160635 -0.0171817 0.0862204 
0.00947574 -0.0173388 0.00440195 -0.00577554 -0.0173388 0.08639 -0.00577923 0.0160401 0.00440195 -0.00577923 0.00923787 -0.0171922 -0.00577554 0.0160401 -0.0171922 0.0862871 
0.00948104 -0.0173619 0.00442433 -0.0057899 -0.0173619 0.0864396 -0.00579931 0.0160503 0.00442433 -0.00579931 0.00922922 -0.0171831 -0.0057899 0.0160503 -0.0171831 0.0863046 
0.00949947 -0.0174043 0.00441286 -0.00581584 -0.0174043 0.086554 -0.00582732 0.0161022 0.00441286 -0.00582732 0.00920339 -0.0171206 -0.00581584 0.0161022 -0.0171206 0.0861335 
0.00951971 -0.0174107 0.00440924 -0.00580955 -0.0174107 0.0865905 -0.00581785 0.0161223 0.00440924 -0.00581785 0.00918654 -0.0171032 -0.00580955 0.0161223 -0.0171032 0.0860544 
0.00948805 -0.0173995 0.0044329 -0.00580218 -0.0173995 0.0865318 -0.00580929 0.01611 0.0044329 -0.00580929 0.00921953 -0.0171096 -0.00580218 0.01611 -0.0171096 0.0860613 
0.00946304 -0.0173985 0.0044265 -0.00583485 -0.0173985 0.0865666 -0.00583641 0.0161504 0.0044265 -0.00583641 0.00924293 -0.0171276 -0.00583485 0.0161504 -0.0171276 0.0860722 
0.00945493 -0.0173873 0.00444724 -0.00583074 -0.0173873 0.0865636 -0.00582289 0.0161589 0.00444724 -0.00582289 0.00924569 -0.0171185 -0.00583074 0.0161589 -0.0171185 0.0860024 
0.0094534 -0.0173964 0.00450757 -0.00586309 -0.0173964 0.0866123 -0.005847 0.0162019 0.00450757 -0.005847 0.00926023 -0.0171233 -0.00586309 0.0162019 -0.0171233 0.0860078 
0.00946461 -0.0173645 0.00454641 -0.00594223 -0.0173645 0.0865516 -0.00592092 0.0163461 0.00454641 -0.00592092 0.00926822 -0.0171818 -0.00594223 0.0163461 -0.0171818 0.0861572 
0.00948175 -0.0173428 0.00451431 -0.00598569 -0.0173428 0.0863997 -0.00596841 0.0164847 0.00451431 -0.00596841 0.00923535 -0.0171901 -0.00598569 0.0164847 -0.0171901 0.086197 
0.00952039 -0.0173383 0.00446567 -0.00595174 -0.0173383 0.0863545 -0.00594433 0.0165086 0.00446567 -0.00594433 0.0091918 -0.0172247 -0.00595174 0.0165086 -0.0172247 0.0864031 
0.00954539 -0.0173952 0.00443622 -0.00587058 -0.0173952 0.0864056 -0.00588009 0.0163722 0.00443622 -0.00588009 0.00915248 -0.0171262 -0.00587058 0.0163722 -0.0171262 0.0862397 
0.00954738 -0.0174109 0.00442574 -0.00582953 -0.0174109 0.0864709 -0.00584984 0.0162515 0.00442574 -0.00584984 0.00915278 -0.0171071 -0.00582953 0.0162515 -0.0171071 0.086188 
0.00956597 -0.017459 0.00441249 -0.00581261 -0.017459 0.0866078 -0.00583426 0.0161789 0.00441249 -0.00583426 0.00912737 -0.017043 -0.00581261 0.0161789 -0.017043 0.0859751 
0.00956801 -0.0174849 0.00438803 -0.00580048 -0.0174849 0.0867017 -0.00581672 0.0161339 0.00438803 -0.00581672 0.00910932 -0.0170051 -0.00580048 0.0161339 -0.0170051 0.0858205 
0.00957962 -0.017461 0.00438195 -0.00577873 -0.017461 0.0866826 -0.00578645 0.0160823 0.00438195 -0.00578645 0.00910256 -0.0170172 -0.00577873 0.0160823 -0.0170172 0.085836 
0.00960982 -0.0175189 0.00434496 -0.00576568 -0.0175189 0.0867881 -0.00577288 0.0160293 0.00434496 -0.00577288 0.00906776 -0.0169364 -0.00576568 0.0160293 -0.0169364 0.085607 
0.00961814 -0.0175624 0.00432995 -0.00572479 -0.0175624 0.0869269 -0.00573086 0.0159535 0.00432995 -0.00573086 0.00908645 -0.0169049 -0.00572479 0.0159535 -0.0169049 0.0854892 
0.00962416 -0.0175479 0.00434295 -0.00570418 -0.0175479 0.086935 -0.0057017 0.0158728 0.00434295 -0.0057017 0.00910022 -0.0169614 -0.00570418 0.0158728 -0.0169614 0.0855766 
0.00964597 -0.017551 0.00433362 -0.00571872 -0.017551 0.0869316 -0.00571081 0.0158508 0.00433362 -0.00571081 0.00909032 -0.0169986 -0.00571872 0.0158508 -0.0169986 0.0857141 
0.00965487 -0.0175049 0.00430341 -0.00570168 -0.0175049 0.0867464 -0.00569753 0.0158222 0.00430341 -0.00569753 0.00906426 -0.0170426 -0.00570168 0.0158222 -0.0170426 0.0858858 
0.00965984 -0.0175324 0.00424544 -0.00566127 -0.0175324 0.0867651 -0.00567078 0.0157584 0.00424544 -0.00567078 0.00902918 -0.0170215 -0.00566127 0.0157584 -0.0170215 0.0859612 
0.00965564 -0.0175715 0.00421523 -0.00558465 -0.0175715 0.0868994 -0.00560688 0.015618 0.00421523 -0.00560688 0.00901498 -0.016948 -0.00558465 0.015618 -0.016948 0.0858409 
0.00960718 -0.0175591 0.00421497 -0.00554325 -0.0175591 0.0869125 -0.00556464 0.0154825 0.00421497 -0.00556464 0.00904015 -0.0169018 -0.00554325 0.0154825 -0.0169018 0.0856585 
0.00958319 -0.0175848 0.00424528 -0.00554568 -0.0175848 0.0870177 -0.00555418 0.0154196 0.00424528 -0.00555418 0.00904648 -0.0167985 -0.00554568 0.0154196 -0.0167985 0.0852274 
0.00952585 -0.0174663 0.00428262 -0.00560785 -0.0174663 0.0867909 -0.00559337 0.0155048 0.00428262 -0.00559337 0.00913275 -0.0169123 -0.00560785 0.0155048 -0.0169123 0.0853903 
0.00956018 -0.017416 0.00428837 -0.00566889 -0.017416 0.0866297 -0.00563699 0.0156396 0.00428837 -0.00563699 0.00912535 -0.0170021 -0.00566889 0.0156396 -0.0170021 0.0855976 
0.00957629 -0.0173591 0.00429163 -0.00566477 -0.0173591 0.0863072 -0.00564016 0.0156907 0.00429163 -0.00564016 0.00909489 -0.0170613 -0.00566477 0.0156907 -0.0170613 0.08582 
0.00960105 -0.0174817 0.00431737 -0.00566131 -0.0174817 0.0865603 -0.00566328 0.0157203 0.00431737 -0.00566328 0.0090911 -0.0169883 -0.00566131 0.0157203 -0.0169883 0.0857984 
0.00961524 -0.0175185 0.00434338 -0.00568526 -0.0175185 0.0867575 -0.00569895 0.0157727 0.00434338 -0.00569895 0.00909656 -0.0169836 -0.00568526 0.0157727 -0.0169836 0.0857615 
0.0096095 -0.0175335 0.00438194 -0.00570936 -0.0175335 0.0867931 -0.00572136 0.0158217 0.00438194 -0.00572136 0.00908158 -0.0169444 -0.00570936 0.0158217 -0.0169444 0.0855825 
0.00961344 -0.01756 0.00440279 -0.00577294 -0.01756 0.0869604 -0.00577929 0.0159546 0.00440279 -0.00577929 0.00909875 -0.0169697 -0.00577294 0.0159546 -0.0169697 0.0856799 
0.00958724 -0.0175238 0.00438916 -0.00579802 -0.0175238 0.0868698 -0.00579691 0.0160399 0.00438916 -0.00579691 0.00909797 -0.0169829 -0.00579802 0.0160399 -0.0169829 0.0856846 
0.00961394 -0.0175081 0.00434045 -0.0057859 -0.0175081 0.086826 -0.00577982 0.0160511 0.00434045 -0.00577982 0.00906043 -0.0169664 -0.0057859 0.0160511 -0.0169664 0.0856489 
0.00960984 -0.0175738 0.00432274 -0.00572961 -0.0175738 0.086988 -0.00572688 0.01597 0.00432274 -0.00572688 0.00907567 -0.0169185 -0.00572961 0.01597 -0.0169185 0.0855984 
0.0096054 -0.0175535 0.0043294 -0.00569794 -0.0175535 0.0869938 -0.00569094 0.0158607 0.0043294 -0.00569094 0.00908409 -0.0169268 -0.00569794 0.0158607 -0.0169268 0.0855451 
0.00956936 -0.0174613 0.00433151 -0.00570074 -0.0174613 0.0866787 -0.00568675 0.0158088 0.00433151 -0.00568675 0.00909843 -0.0169701 -0.00570074 0.0158088 -0.0169701 0.0855887 
0.00958651 -0.0174061 0.00436867 -0.00571527 -0.0174061 0.0864927 -0.00570194 0.0158359 0.00436867 -0.00570194 0.00909789 -0.0170464 -0.00571527 0.0158359 -0.0170464 0.0858505 
0.00961756 -0.0174503 0.00443734 -0.00575258 -0.0174503 0.0864882 -0.00575196 0.015911 0.00443734 -0.00575196 0.00906374 -0.016998 -0.00575258 0.015911 -0.016998 0.0857988 
0.00966579 -0.0175297 0.00448494 -0.00583764 -0.0175297 0.0867024 -0.0058544 0.0161047 0.00448494 -0.0058544 0.00902366 -0.0169473 -0.00583764 0.0161047 -0.0169473 0.0856955 
0.00968732 -0.0176028 0.00451309 -0.00590125 -0.0176028 0.0869297 -0.00592618 0.0163091 0.00451309 -0.00592618 0.00901402 -0.0168891 -0.00590125 0.0163091 -0.0168891 0.0855524 
0.00970951 -0.0176343 0.00449615 -0.00593815 -0.0176343 0.0870684 -0.00596173 0.0164478 0.00449615 -0.00596173 0.00898559 -0.0168621 -0.00593815 0.0164478 -0.0168621 0.0854187 
0.00971306 -0.0176897 0.00446581 -0.0059212 -0.0176897 0.087253 -0.0059393 0.0164706 0.00446581 -0.0059393 0.00898152 -0.0168177 -0.0059212 0.0164706 -0.0168177 0.0853065 
0.00970219 -0.0176291 0.00444848 -0.00588469 -0.0176291 0.0871529 -0.00589214 0.0164002 0.00444848 -0.00589214 0.00899616 -0.0168696 -0.00588469 0.0164002 -0.0168696 0.0854064 
0.00972422 -0.0176105 0.00448546 -0.00586109 -0.0176105 0.0870666 -0.0058637 0.0163187 0.00448546 -0.0058637 0.00898511 -0.0168912 -0.00586109 0.0163187 -0.0168912 0.0854953 
0.00973366 -0.0175998 0.00451417 -0.00590219 -0.0175998 0.0869631 -0.00591077 0.0163538 0.00451417 -0.00591077 0.0089845 -0.0169069 -0.00590219 0.0163538 -0.0169069 0.0855844 
0.00973478 -0.0176803 0.00454367 -0.00593538 -0.0176803 0.0871377 -0.00595482 0.0164457 0.00454367 -0.00595482 0.00900323 -0.0168436 -0.00593538 0.0164457 -0.0168436 0.0854348 
0.00971543 -0.0177709 0.00461013 -0.00597297 -0.0177709 0.0874827 -0.00598967 0.0165385 0.00461013 -0.00598967 0.00905471 -0.016804 -0.00597297 0.0165385 -0.016804 0.0852387 
0.00970006 -0.0177597 0.00467976 -0.00605816 -0.0177597 0.0875951 -0.00605233 0.0166769 0.00467976 -0.00605233 0.00909588 -0.0168543 -0.00605816 0.0166769 -0.0168543 0.0852034 
0.00970842 -0.0177001 0.0047075 -0.0061608 -0.0177001 0.0874982 -0.00613433 0.0168897 0.0047075 -0.00613433 0.00911451 -0.0169846 -0.0061608 0.0168897 -0.0169846 0.085535 
0.00978193 -0.0177102 0.00465717 -0.00619583 -0.0177102 0.0874772 -0.00616887 0.0170344 0.00465717 -0.00616887 0.00905678 -0.0170365 -0.00619583 0.0170344 -0.0170365 0.0858081 
0.00978985 -0.0177371 0.00462035 -0.00612372 -0.0177371 0.0874629 -0.0061148 0.0169857 0.00462035 -0.0061148 0.00904814 -0.0170532 -0.00612372 0.0169857 -0.0170532 0.0860661 
0.00977122 -0.0177952 0.00456542 -0.00605352 -0.0177952 0.087613 -0.00606251 0.0168248 0.00456542 -0.00606251 0.00904555 -0.0169846 -0.00605352 0.0168248 -0.0169846 0.0859655 
0.00973016 -0.0177936 0.00451018 -0.00598246 -0.0177936 0.0877059 -0.00599091 0.0166427 0.00451018 -0.00599091 0.00906311 -0.0169584 -0.00598246 0.0166427 -0.0169584 0.0858527 
0.00967758 -0.0176818 0.00445488 -0.0059153 -0.0176818 0.0874402 -0.00590706 0.0164425 0.00445488 -0.00590706 0.00906435 -0.0169859 -0.0059153 0.0164425 -0.0169859 0.0858245 
0.00967557 -0.0176711 0.00441167 -0.00585677 -0.0176711 0.0873873 -0.00583909 0.016266 0.00441167 -0.00583909 0.00905557 -0.0169397 -0.00585677 0.016266 -0.0169397 0.0857184 
0.00967874 -0.0175789 0.00438345 -0.00580658 -0.0175789 0.0871071 -0.0057845 0.0161221 0.00438345 -0.0057845 0.00903538 -0.0169897 -0.00580658 0.0161221 -0.0169897 0.0858086 
0.00974871 -0.0175918 0.00433408 -0.00577048 -0.0175918 0.0870272 -0.00575768 0.0160223 0.00433408 -0.00575768 0.0089543 -0.0169532 -0.00577048 0.0160223 -0.0169532 0.0857911 
0.00978413 -0.0176787 0.00433005 -0.00569516 -0.0176787 0.0871005 -0.00570749 0.0158855 0.00433005 -0.00570749 0.00889747 -0.0168048 -0.00569516 0.0158855 -0.0168048 0.0854425 
0.00981927 -0.01781 0.00437404 -0.00569151 -0.01781 0.087522 -0.00571808 0.0158424 0.00437404 -0.00571808 0.00890067 -0.0167046 -0.00569151 0.0158424 -0.0167046 0.0851526 
0.00981086 -0.0178359 0.00441837 -0.00574505 -0.0178359 0.0876733 -0.00576287 0.0159056 0.00441837 -0.00576287 0.00891474 -0.0166872 -0.00574505 0.0159056 -0.0166872 0.0849446 
0.00981569 -0.017826 0.00442562 -0.0058183 -0.017826 0.0877186 -0.00581742 0.0160542 0.00442562 -0.00581742 0.00894493 -0.0167268 -0.0058183 0.0160542 -0.0167268 0.0849836 
0.00982882 -0.0177692 0.00438969 -0.00583168 -0.0177692 0.0875245 -0.00581678 0.0161285 0.00438969 -0.00581678 0.00893572 -0.0168042 -0.00583168 0.0161285 -0.0168042 0.0851477 
0.00987103 -0.0177862 0.00439486 -0.00578801 -0.0177862 0.0875124 -0.00577551 0.0160857 0.00439486 -0.00577551 0.00892282 -0.0168485 -0.00578801 0.0160857 -0.0168485 0.0854076 
0.00992866 -0.017846 0.00440681 -0.00577464 -0.017846 0.0876122 -0.00577588 0.0160246 0.00440681 -0.00577588 0.00886911 -0.0168263 -0.00577464 0.0160246 -0.0168263 0.0854526 
0.00997207 -0.0179384 0.00442595 -0.00577918 -0.0179384 0.0878272 -0.00579678 0.0160198 0.00442595 -0.00579678 0.0088367 -0.0167412 -0.00577918 0.0160198 -0.0167412 0.0853033 
0.00997338 -0.0179695 0.00448137 -0.0057988 -0.0179695 0.0879282 -0.00582501 0.0160619 0.00448137 -0.00582501 0.00882604 -0.0167114 -0.0057988 0.0160619 -0.0167114 0.0851838 
0.00996382 -0.0180121 0.00452613 -0.00586829 -0.0180121 0.0880757 -0.00589102 0.0161837 0.00452613 -0.00589102 0.00883033 -0.0166578 -0.00586829 0.0161837 -0.0166578 0.0849959 
0.00994312 -0.0179401 0.00453669 -0.005944 -0.0179401 0.0879514 -0.00595425 0.01637 0.00453669 -0.00595425 0.00884032 -0.0167287 -0.005944 0.01637 -0.0167287 0.0851222 
0.00994507 -0.0179513 0.00455244 -0.00596853 -0.0179513 0.0879866 -0.00597252 0.0164918 0.00455244 -0.00597252 0.00885298 -0.0167358 -0.00596853 0.0164918 -0.0167358 0.085226 
0.0098971 -0.0178897 0.00455478 -0.00598539 -0.0178897 0.087805 -0.00598811 0.0165553 0.00455478 -0.00598811 0.00889397 -0.0167841 -0.00598539 0.0165553 -0.0167841 0.0853454 
0.00985298 -0.0178358 0.00458022 -0.00598974 -0.0178358 0.087652 -0.00598914 0.0165841 0.00458022 -0.00598914 0.00893444 -0.0168254 -0.00598974 0.0165841 -0.0168254 0.0854473 
0.0098307 -0.0177673 0.00463213 -0.00601742 -0.0177673 0.08744 -0.00601468 0.016629 0.00463213 -0.00601468 0.00894629 -0.0168683 -0.00601742 0.016629 -0.0168683 0.0855216 
0.0098248 -0.0178327 0.00466383 -0.00608337 -0.0178327 0.0875989 -0.00608428 0.0167572 0.00466383 -0.00608428 0.00895973 -0.0168217 -0.00608337 0.0167572 -0.0168217 0.0854335 
0.00985214 -0.0178569 0.00466636 -0.0061333 -0.0178569 0.0877869 -0.006132 0.0169058 0.00466636 -0.006132 0.00895266 -0.0168426 -0.0061333 0.0169058 -0.0168426 0.085455 
0.00984158 -0.0178987 0.00467517 -0.00612658 -0.0178987 0.0878863 -0.00612347 0.0169375 0.00467517 -0.00612347 0.00895568 -0.0167849 -0.00612658 0.0169375 -0.0167849 0.0852799 
0.00980794 -0.01783 0.00467061 -0.00613975 -0.01783 0.0877552 -0.0061304 0.0169572 0.00467061 -0.0061304 0.00898526 -0.0168418 -0.00613975 0.0169572 -0.0168418 0.085351 
0.00976322 -0.0177759 0.00469624 -0.0061426 -0.0177759 0.0876078 -0.00612743 0.0169723 0.00469624 -0.00612743 0.00903626 -0.0169125 -0.0061426 0.0169723 -0.0169125 0.0855634 
0.00975404 -0.0177254 0.00474124 -0.00617367 -0.0177254 0.0874863 -0.00615511 0.0170181 0.00474124 -0.00615511 0.00906051 -0.016981 -0.00617367 0.0170181 -0.016981 0.085778 
0.00977316 -0.0177126 0.00473625 -0.00622466 -0.0177126 0.0873872 -0.00620887 0.0171188 0.00473625 -0.00620887 0.00904391 -0.0169915 -0.00622466 0.0171188 -0.0169915 0.0858341 
0.00979895 -0.0177655 0.00472456 -0.00622418 -0.0177655 0.0875105 -0.00621926 0.0171877 0.00472456 -0.00621926 0.00902384 -0.016982 -0.00622418 0.0171877 -0.016982 0.0858877 
0.00984017 -0.0178442 0.0046925 -0.0061924 -0.0178442 0.0877179 -0.00619545 0.0171447 0.0046925 -0.00619545 0.00897841 -0.0168848 -0.0061924 0.0171447 -0.0168848 0.0856301 
0.00984353 -0.0178458 0.00466073 -0.00615825 -0.0178458 0.0877721 -0.00616174 0.017077 0.00466073 -0.00616174 0.00897663 -0.0169001 -0.00615825 0.017077 -0.0169001 0.0856578 
0.00987909 -0.0178485 0.00462228 -0.00610985 -0.0178485 0.0877642 -0.00611261 0.0169587 0.00462228 -0.00611261 0.00892512 -0.0168754 -0.00610985 0.0169587 -0.0168754 0.0855844 
0.00993203 -0.0179069 0.0046081 -0.00605963 -0.0179069 0.0878733 -0.00606693 0.0168317 0.0046081 -0.00606693 0.00888411 -0.0168018 -0.00605963 0.0168317 -0.0168018 0.0854394 
0.00993661 -0.0179102 0.00462813 -0.00604705 -0.0179102 0.0878819 -0.00605997 0.0167762 0.00462813 -0.00605997 0.00889982 -0.0168313 -0.00604705 0.0167762 -0.0168313 0.0855444 
0.00990663 -0.0178895 0.00470736 -0.00606259 -0.0178895 0.0877806 -0.00607927 0.01678 0.00470736 -0.00607927 0.00892976 -0.0168384 -0.00606259 0.01678 -0.0168384 0.0855469 
0.00986336 -0.0178693 0.00474425 -0.00616289 -0.0178693 0.0877176 -0.0061779 0.0169442 0.00474425 -0.0061779 0.00895743 -0.0168587 -0.00616289 0.0169442 -0.0168587 0.0855503 
0.00982515 -0.0178323 0.00476777 -0.00623062 -0.0178323 0.0876924 -0.00623878 0.0171509 0.00476777 -0.00623878 0.00898563 -0.0169185 -0.00623062 0.0171509 -0.0169185 0.0857174 
0.00981602 -0.0178139 0.00477549 -0.0062589 -0.0178139 0.0876698 -0.00626105 0.0172624 0.00477549 -0.00626105 0.00898107 -0.0169043 -0.0062589 0.0172624 -0.0169043 0.0856909 
0.00978016 -0.0178049 0.00475997 -0.006271 -0.0178049 0.0876456 -0.00627038 0.0173175 0.00475997 -0.00627038 0.00901555 -0.016882 -0.006271 0.0173175 -0.016882 0.0856115 
0.00981529 -0.0178111 0.0047174 -0.00625749 -0.0178111 0.0877291 -0.00624931 0.0173126 0.0047174 -0.00624931 0.00899962 -0.0168911 -0.00625749 0.0173126 -0.0168911 0.0855661 
0.00991268 -0.017832 0.00468702 -0.00619549 -0.017832 0.0877368 -0.00618605 0.0171968 0.00468702 -0.00618605 0.00890745 -0.016873 -0.00619549 0.0171968 -0.016873 0.085501 
0.00995729 -0.0179625 0.00467015 -0.00614687 -0.0179625 0.0879879 -0.00615509 0.0170739 0.00467015 -0.00615509 0.00887721 -0.0167843 -0.00614687 0.0170739 -0.0167843 0.0853983 
0.00996048 -0.0180026 0.00469531 -0.0061132 -0.0180026 0.0881369 -0.00613209 0.0169728 0.00469531 -0.00613209 0.00886816 -0.0167504 -0.0061132 0.0169728 -0.0167504 0.0852691 
0.00998491 -0.018012 0.00468129 -0.00614543 -0.018012 0.0882121 -0.00616133 0.0169792 0.00468129 -0.00616133 0.00883408 -0.0167378 -0.00614543 0.0169792 -0.0167378 0.0852047 
0.00995768 -0.0180214 0.00467916 -0.0061357 -0.0180214 0.0882151 -0.00614934 0.0169862 0.00467916 -0.00614934 0.00885658 -0.016706 -0.0061357 0.0169862 -0.016706 0.0851426 
0.0098898 -0.0179808 0.00467862 -0.00613752 -0.0179808 0.0881462 -0.00614335 0.0169819 0.00467862 -0.00614335 0.00892118 -0.0167357 -0.00613752 0.0169819 -0.0167357 0.0851604 
0.00983814 -0.0178848 0.00468697 -0.00614443 -0.0178848 0.0879417 -0.006134 0.0169805 0.00468697 -0.006134 0.00897229 -0.0168248 -0.00614443 0.0169805 -0.0168248 0.0853204 
0.00985476 -0.0178289 0.0046603 -0.00616633 -0.0178289 0.0878057 -0.00614402 0.0170105 0.0046603 -0.00614402 0.00895656 -0.0169154 -0.00616633 0.0170105 -0.0169154 0.085613 
0.00988724 -0.0178991 0.00464011 -0.00612485 -0.0178991 0.0879118 -0.00611026 0.0169568 0.00464011 -0.00611026 0.00893211 -0.0168374 -0.00612485 0.0169568 -0.0168374 0.0855342 
0.00993597 -0.0179503 0.00462313 -0.00608576 -0.0179503 0.0880383 -0.00607942 0.01686 0.00462313 -0.00607942 0.00888189 -0.0167661 -0.00608576 0.01686 -0.0167661 0.0852915 
0.00993223 -0.017952 0.00461331 -0.00606973 -0.017952 0.0880519 -0.00606978 0.0168137 0.00461331 -0.00606978 0.00889634 -0.0167876 -0.00606973 0.0168137 -0.0167876 0.0853596 
0.00989786 -0.0179307 0.00463927 -0.00604713 -0.0179307 0.0879559 -0.0060484 0.0167531 0.00463927 -0.0060484 0.0089305 -0.016781 -0.00604713 0.0167531 -0.016781 0.0853042 
0.00982692 -0.0178802 0.00465362 -0.0060865 -0.0178802 0.0878436 -0.00608323 0.0167911 0.00465362 -0.00608323 0.0090116 -0.0168559 -0.0060865 0.0167911 -0.0168559 0.0854604 
0.00979476 -0.0178642 0.00464277 -0.00611105 -0.0178642 0.0878759 -0.00609664 0.016845 0.00464277 -0.00609664 0.00905371 -0.0169165 -0.00611105 0.016845 -0.0169165 0.0855966 
0.00971846 -0.0177407 0.00462406 -0.006097 -0.0177407 0.0875487 -0.00606814 0.0168247 0.00462406 -0.00606814 0.00909517 -0.0170147 -0.006097 0.0168247 -0.0170147 0.0858322 
0.00973265 -0.0176443 0.00459691 -0.00608089 -0.0176443 0.0872954 -0.00604698 0.0167829 0.00459691 -0.00604698 0.00907976 -0.0171022 -0.00608089 0.0167829 -0.0171022 0.0861518 
0.00971106 -0.0176054 0.00454047 -0.00603667 -0.0176054 0.0870396 -0.00601719 0.0167048 0.00454047 -0.00601719 0.00907558 -0.0171026 -0.00603667 0.0167048 -0.0171026 0.0862791 
0.00975132 -0.0176101 0.00450201 -0.00595974 -0.0176101 0.0869991 -0.0059572 0.0165656 0.00450201 -0.0059572 0.00901864 -0.0170574 -0.00595974 0.0165656 -0.0170574 0.0861901 
0.00976544 -0.017701 0.00451442 -0.00590228 -0.017701 0.0871873 -0.00591804 0.0164256 0.00451442 -0.00591804 0.00899294 -0.0169474 -0.00590228 0.0164256 -0.0169474 0.0859351 
0.00976505 -0.0177036 0.00449345 -0.00591717 -0.0177036 0.0872629 -0.0059389 0.0164011 0.00449345 -0.0059389 0.008977 -0.0169219 -0.00591717 0.0164011 -0.0169219 0.0857889 
0.00975721 -0.0177097 0.00445489 -0.00590031 -0.0177097 0.0873036 -0.0059195 0.016388 0.00445489 -0.0059195 0.00897464 -0.0168841 -0.00590031 0.016388 -0.0168841 0.0856569 
0.00974223 -0.0177167 0.0044366 -0.00585391 -0.0177167 0.0873374 -0.00586788 0.0163008 0.0044366 -0.00586788 0.00897727 -0.0168423 -0.00585391 0.0163008 -0.0168423 0.0854764 
0.00968166 -0.0176574 0.00443607 -0.00583337 -0.0176574 0.0871964 -0.0058375 0.0162169 0.00443607 -0.0058375 0.00902053 -0.0168676 -0.00583337 0.0162169 -0.0168676 0.0854557 
0.00963492 -0.0176017 0.00447656 -0.00584039 -0.0176017 0.0870753 -0.00583271 0.0161908 0.00447656 -0.00583271 0.009069 -0.016907 -0.00584039 0.0161908 -0.016907 0.0855076 
0.00964016 -0.0175813 0.00450567 -0.00590243 -0.0175813 0.0870682 -0.0058846 0.0162797 0.00450567 -0.0058846 0.00909326 -0.0169586 -0.00590243 0.0162797 -0.0169586 0.0856387 
0.00966258 -0.0175889 0.00450605 -0.00594109 -0.0175889 0.0870692 -0.00592217 0.0163907 0.00450605 -0.00592217 0.00909479 -0.0169818 -0.00594109 0.0163907 -0.0169818 0.0857159 
0.00962056 -0.0175762 0.00451765 -0.00593352 -0.0175762 0.0869736 -0.00591971 0.0164215 0.00451765 -0.00591971 0.00913384 -0.0170045 -0.00593352 0.0164215 -0.0170045 0.0857742 
0.0095998 -0.0175011 0.00455676 -0.00594955 -0.0175011 0.0868336 -0.00593538 0.0164526 0.00455676 -0.00593538 0.00916411 -0.0171157 -0.00594955 0.0164526 -0.0171157 0.0860833 
0.00955775 -0.0175039 0.00460607 -0.0059945 -0.0175039 0.0868037 -0.00598423 0.0165329 0.00460607 -0.00598423 0.0092081 -0.0171297 -0.0059945 0.0165329 -0.0171297 0.0862101 
0.00959221 -0.0174421 0.00463868 -0.00605705 -0.0174421 0.0866843 -0.00604665 0.0166712 0.00463868 -0.00604665 0.00917607 -0.0171845 -0.00605705 0.0166712 -0.0171845 0.0863265 
0.00965447 -0.0174886 0.0046365 -0.00609622 -0.0174886 0.0866998 -0.00609743 0.0168089 0.0046365 -0.00609743 0.0091225 -0.0171378 -0.00609622 0.0168089 -0.0171378 0.0862964 
0.00966614 -0.0175676 0.00463901 -0.00608194 -0.0175676 0.0868187 -0.00610249 0.0168533 0.00463901 -0.00610249 0.0090977 -0.0170441 -0.00608194 0.0168533 -0.0170441 0.0860542 
0.00967256 -0.0176222 0.0046881 -0.0060869 -0.0176222 0.087061 -0.00611318 0.0168806 0.0046881 -0.00611318 0.00910247 -0.017027 -0.0060869 0.0168806 -0.017027 0.0859793 
0.00968001 -0.0177015 0.00474091 -0.00614148 -0.0177015 0.0873487 -0.00616265 0.016956 0.00474091 -0.00616265 0.00909167 -0.0169497 -0.00614148 0.016956 -0.0169497 0.0857154 
0.00968812 -0.0177075 0.00474892 -0.00621963 -0.0177075 0.0874647 -0.00622607 0.0171112 0.00474892 -0.00622607 0.00908145 -0.0169388 -0.00621963 0.0171112 -0.0169388 0.0855925 
0.00967716 -0.0177069 0.00474808 -0.00624722 -0.0177069 0.0875101 -0.00624089 0.0172289 0.00474808 -0.00624089 0.00911222 -0.016961 -0.00624722 0.0172289 -0.016961 0.085657 
