0.0105936 0 0.00324554 0 0 0.0100148 0 0 0.00324554 0 0.0054238 0 0 0 0 0.0100148 
0.0148031 -0.0183308 0.00461067 -0.00565222 -0.0183308 0.0443119 -0.00565222 0.0108389 0.00461067 -0.00565222 0.00770369 -0.00964403 -0.00565222 0.0108389 -0.00964403 0.0276557 
0.014352 -0.026343 0.00418789 -0.00667115 -0.026343 0.0932719 -0.00667115 0.0211055 0.00418789 -0.00667115 0.00837194 -0.0163281 -0.00667115 0.0211055 -0.0163281 0.0617125 
0.013263 -0.0242208 0.00377508 -0.00495231 -0.0242208 0.104208 -0.00493411 0.0170354 0.00377508 -0.00493411 0.00814303 -0.0173807 -0.00495231 0.0170354 -0.0173807 0.0803354 
0.0132801 -0.0227101 0.00378813 -0.00450972 -0.0227101 0.102626 -0.00448338 0.0134832 0.00378813 -0.00448338 0.00810943 -0.0167615 -0.00450972 0.0134832 -0.0167615 0.0848884 
0.0136375 -0.0227857 0.00391738 -0.00468861 -0.0227857 0.102166 -0.0046726 0.0127599 0.00391738 -0.0046726 0.00820531 -0.016542 -0.00468861 0.0127599 -0.016542 0.0856197 
0.0138059 -0.0230788 0.00396695 -0.00486159 -0.0230788 0.102426 -0.00485418 0.0128881 0.00396695 -0.00485418 0.00825172 -0.0165039 -0.00486159 0.0128881 -0.0165039 0.0855143 
0.0138622 -0.0233046 0.00401219 -0.00493253 -0.0233046 0.103107 -0.00492956 0.0130695 0.00401219 -0.00492956 0.00830709 -0.0165783 -0.00493253 0.0130695 -0.0165783 0.0857752 
0.0138167 -0.0233512 0.00405973 -0.0049763 -0.0233512 0.103408 -0.00497789 0.0131829 0.00405973 -0.00497789 0.00839157 -0.0166286 -0.0049763 0.0131829 -0.0166286 0.0859668 
0.0137991 -0.0232894 0.00410392 -0.00504266 -0.0232894 0.103394 -0.00504275 0.0133403 0.00410392 -0.00504275 0.00832491 -0.0167057 -0.00504266 0.0133403 -0.0167057 0.0861236 
0.0137815 -0.0232403 0.0041355 -0.00509775 -0.0232403 0.103223 -0.0050964 0.0134943 0.0041355 -0.0050964 0.00822507 -0.0166044 -0.00509775 0.0134943 -0.0166044 0.0859709 
0.0137695 -0.02323 0.0041559 -0.00513424 -0.02323 0.103171 -0.00513483 0.013607 0.0041559 -0.00513483 0.00817265 -0.0164833 -0.00513424 0.013607 -0.0164833 0.0857103 
0.0137035 -0.0232065 0.00419536 -0.00514458 -0.0232065 0.10308 -0.00514427 0.0136424 0.00419536 -0.00514427 0.00822189 -0.0164153 -0.00514458 0.0136424 -0.0164153 0.0854637 
0.0136291 -0.0231486 0.00427739 -0.00521873 -0.0231486 0.103031 -0.00521197 0.0137994 0.00427739 -0.00521197 0.00825843 -0.0164786 -0.00521873 0.0137994 -0.0164786 0.0855202 
0.013588 -0.0230179 0.00432188 -0.00530973 -0.0230179 0.102681 -0.00529621 0.0139891 0.00432188 -0.00529621 0.00817616 -0.0164943 -0.00530973 0.0139891 -0.0164943 0.0854965 
0.01358 -0.0229988 0.00434495 -0.00535981 -0.0229988 0.102583 -0.00535113 0.0141416 0.00434495 -0.00535113 0.008155 -0.0164179 -0.00535981 0.0141416 -0.0164179 0.0854529 
0.0136225 -0.0229777 0.00430182 -0.00538129 -0.0229777 0.102483 -0.00538004 0.0142309 0.00430182 -0.00538004 0.00811438 -0.0163601 -0.00538129 0.0142309 -0.0163601 0.0852532 
0.0136989 -0.0230969 0.0042551 -0.00532857 -0.0230969 0.102813 -0.00533421 0.0141798 0.0042551 -0.00533421 0.00817795 -0.0163644 -0.00532857 0.0141798 -0.0163644 0.0853507 
0.0137115 -0.0231413 0.0042265 -0.00526203 -0.0231413 0.102908 -0.00527039 0.0140416 0.0042265 -0.00527039 0.00821569 -0.0164079 -0.00526203 0.0140416 -0.0164079 0.0853411 
0.0137023 -0.0231257 0.00420453 -0.00521289 -0.0231257 0.102821 -0.00522027 0.0138859 0.00420453 -0.00522027 0.0082128 -0.0164396 -0.00521289 0.0138859 -0.0164396 0.0853253 
0.0137496 -0.0231886 0.00418919 -0.00519407 -0.0231886 0.103068 -0.00520172 0.0138007 0.00418919 -0.00520172 0.00822473 -0.0164944 -0.00519407 0.0138007 -0.0164944 0.0855896 
0.0137122 -0.0231865 0.00421603 -0.005171 -0.0231865 0.103006 -0.00518165 0.0137442 0.00421603 -0.00518165 0.00818251 -0.0164533 -0.005171 0.0137442 -0.0164533 0.0854613 
0.0136837 -0.0231784 0.00425492 -0.00520882 -0.0231784 0.103066 -0.00521781 0.0137822 0.00425492 -0.00521781 0.00816968 -0.0164177 -0.00520882 0.0137822 -0.0164177 0.0854154 
0.0136849 -0.0231636 0.00429152 -0.00527 -0.0231636 0.103127 -0.00527329 0.0139112 0.00429152 -0.00527329 0.00812313 -0.016408 -0.00527 0.0139112 -0.016408 0.0854217 
0.0137045 -0.0230855 0.00424604 -0.00530338 -0.0230855 0.102813 -0.00530265 0.0139985 0.00424604 -0.00530265 0.00803961 -0.0163004 -0.00530338 0.0139985 -0.0163004 0.0850802 
0.0137357 -0.0231956 0.00424462 -0.00527792 -0.0231956 0.103104 -0.00527786 0.0140284 0.00424462 -0.00527786 0.00809049 -0.0162575 -0.00527792 0.0140284 -0.0162575 0.0850879 
0.0136654 -0.0231124 0.00426116 -0.00527067 -0.0231124 0.102795 -0.005268 0.0140181 0.00426116 -0.005268 0.00802781 -0.0162255 -0.00527067 0.0140181 -0.0162255 0.0847306 
0.0136337 -0.0230759 0.00428977 -0.00530344 -0.0230759 0.102734 -0.0052927 0.0140622 0.00428977 -0.0052927 0.00800527 -0.016203 -0.00530344 0.0140622 -0.016203 0.0847246 
0.0136343 -0.0230686 0.00430668 -0.00534261 -0.0230686 0.102782 -0.00532681 0.0141379 0.00430668 -0.00532681 0.0080441 -0.0162144 -0.00534261 0.0141379 -0.0162144 0.0848528 
0.0136243 -0.0230246 0.00431437 -0.00536881 -0.0230246 0.102624 -0.00535261 0.0142286 0.00431437 -0.00535261 0.00803431 -0.0162286 -0.00536881 0.0142286 -0.0162286 0.0848325 
0.0136554 -0.023027 0.00429421 -0.005373 -0.023027 0.102601 -0.00536194 0.0142668 0.00429421 -0.00536194 0.00802189 -0.0162303 -0.005373 0.0142668 -0.0162303 0.0848768 
0.0136815 -0.023022 0.00425902 -0.00534584 -0.023022 0.102476 -0.00534323 0.0142536 0.00425902 -0.00534323 0.00793298 -0.0161748 -0.00534584 0.0142536 -0.0161748 0.0846893 
0.0137648 -0.0230898 0.00421442 -0.00531038 -0.0230898 0.102637 -0.00531657 0.014204 0.00421442 -0.00531657 0.00779762 -0.0160881 -0.00531038 0.014204 -0.0160881 0.0845524 
0.0137414 -0.023196 0.00425063 -0.00525449 -0.023196 0.10289 -0.00526926 0.0140979 0.00425063 -0.00526926 0.00779078 -0.0159265 -0.00525449 0.0140979 -0.0159265 0.0842533 
0.0137574 -0.0231714 0.00426003 -0.00529767 -0.0231714 0.102972 -0.00530815 0.0141118 0.00426003 -0.00530815 0.00770399 -0.0159053 -0.00529767 0.0141118 -0.0159053 0.084073 
0.0137674 -0.0231829 0.00427769 -0.00531693 -0.0231829 0.102988 -0.00532192 0.0141647 0.00427769 -0.00532192 0.00763958 -0.0158033 -0.00531693 0.0141647 -0.0158033 0.0838782 
0.0138411 -0.0231973 0.00422518 -0.00533041 -0.0231973 0.103019 -0.0053371 0.0141929 0.00422518 -0.0053371 0.00757308 -0.0157164 -0.00533041 0.0141929 -0.0157164 0.0836502 
0.0139308 -0.0232857 0.00416833 -0.00529323 -0.0232857 0.103189 -0.00530846 0.0142053 0.00416833 -0.00530846 0.00742741 -0.0156151 -0.00529323 0.0142053 -0.0156151 0.08338 
0.0138843 -0.0233428 0.00416913 -0.00518898 -0.0233428 0.103198 -0.00521367 0.013997 0.00416913 -0.00521367 0.00741551 -0.0154014 -0.00518898 0.013997 -0.0154014 0.0827982 
0.0138402 -0.023371 0.00424794 -0.00522753 -0.023371 0.10349 -0.0052448 0.014002 0.00424794 -0.0052448 0.00747025 -0.0154185 -0.00522753 0.014002 -0.0154185 0.0827405 
0.0137363 -0.0232299 0.00431456 -0.00532064 -0.0232299 0.103138 -0.00532061 0.0141449 0.00431456 -0.00532061 0.00749756 -0.015434 -0.00532064 0.0141449 -0.015434 0.0825854 
0.0137481 -0.0231716 0.0043244 -0.00542378 -0.0231716 0.103075 -0.00541032 0.0143801 0.0043244 -0.00541032 0.00752601 -0.0155154 -0.00542378 0.0143801 -0.0155154 0.0828391 
0.0137452 -0.0231396 0.0043253 -0.00543846 -0.0231396 0.102892 -0.00542296 0.0145057 0.0043253 -0.00542296 0.00749007 -0.0155252 -0.00543846 0.0145057 -0.0155252 0.0828734 
0.0137753 -0.0231649 0.00432578 -0.0054436 -0.0231649 0.102951 -0.00543348 0.0145598 0.00432578 -0.00543348 0.00743773 -0.0155008 -0.0054436 0.0145598 -0.0155008 0.0829157 
0.0137152 -0.0231293 0.00432476 -0.00541559 -0.0231293 0.102719 -0.00541271 0.0145061 0.00432476 -0.00541271 0.00744088 -0.0153868 -0.00541559 0.0145061 -0.0153868 0.0825674 
0.0136981 -0.0231235 0.00435213 -0.00544271 -0.0231235 0.102806 -0.00543924 0.01456 0.00435213 -0.00543924 0.00746394 -0.0154198 -0.00544271 0.01456 -0.0154198 0.0826041 
0.0136432 -0.0230724 0.00437526 -0.00546261 -0.0230724 0.10267 -0.00545255 0.0145871 0.00437526 -0.00545255 0.00753704 -0.0154429 -0.00546261 0.0145871 -0.0154429 0.0826264 
0.0136643 -0.0230283 0.00436495 -0.00550567 -0.0230283 0.102614 -0.00548955 0.0146792 0.00436495 -0.00548955 0.00754229 -0.0155531 -0.00550567 0.0146792 -0.0155531 0.0828819 
0.0136897 -0.0230591 0.00435846 -0.00549351 -0.0230591 0.102659 -0.00547958 0.0147038 0.00435846 -0.00547958 0.00755334 -0.0155795 -0.00549351 0.0147038 -0.0155795 0.0830898 
0.013731 -0.0230527 0.00431839 -0.00546782 -0.0230527 0.102574 -0.00546033 0.0146503 0.00431839 -0.00546033 0.00750594 -0.0155686 -0.00546782 0.0146503 -0.0155686 0.0830505 
0.0137593 -0.0231533 0.00431079 -0.00540948 -0.0231533 0.102819 -0.00541528 0.0145402 0.00431079 -0.00541528 0.00753491 -0.0155425 -0.00540948 0.0145402 -0.0155425 0.0831007 
0.0137588 -0.0231702 0.00427926 -0.00536203 -0.0231702 0.102876 -0.00537314 0.0143689 0.00427926 -0.00537314 0.00761833 -0.015563 -0.00536203 0.0143689 -0.015563 0.0830663 
0.0137337 -0.0231558 0.00428445 -0.00533743 -0.0231558 0.10283 -0.00534736 0.0142934 0.00428445 -0.00534736 0.00764917 -0.0156527 -0.00533743 0.0142934 -0.0156527 0.0831522 
0.0137208 -0.0232016 0.0043286 -0.00535788 -0.0232016 0.103086 -0.0053652 0.014305 0.0043286 -0.0053652 0.00774806 -0.0157455 -0.00535788 0.014305 -0.0157455 0.0835348 
0.0136692 -0.0230829 0.0043337 -0.00539314 -0.0230829 0.102721 -0.00539384 0.0143459 0.0043337 -0.00539384 0.00771702 -0.0157901 -0.00539314 0.0143459 -0.0157901 0.0834908 
0.013648 -0.0230672 0.00433741 -0.005402 -0.0230672 0.102651 -0.00540043 0.0143739 0.00433741 -0.00540043 0.00778697 -0.0157911 -0.005402 0.0143739 -0.0157911 0.0835854 
0.0136649 -0.0230499 0.00432501 -0.00541548 -0.0230499 0.102633 -0.00541197 0.0144168 0.00432501 -0.00541197 0.0077866 -0.0158735 -0.00541548 0.0144168 -0.0158735 0.0837421 
0.013652 -0.0230644 0.00434338 -0.0054064 -0.0230644 0.102642 -0.00540331 0.0144273 0.00434338 -0.00540331 0.00778484 -0.0158779 -0.0054064 0.0144273 -0.0158779 0.0838268 
0.0136011 -0.0230173 0.00441378 -0.00544529 -0.0230173 0.102516 -0.0054416 0.0145163 0.00441378 -0.0054416 0.00769302 -0.0158427 -0.00544529 0.0145163 -0.0158427 0.083715 
0.0135302 -0.0229596 0.00450421 -0.00553868 -0.0229596 0.102383 -0.00553468 0.0147107 0.00450421 -0.00553468 0.00761189 -0.0157208 -0.00553868 0.0147107 -0.0157208 0.0834802 
0.0135185 -0.0229469 0.00455651 -0.00564586 -0.0229469 0.102494 -0.00564222 0.0149462 0.00455651 -0.00564222 0.0076316 -0.0156556 -0.00564586 0.0149462 -0.0156556 0.0834289 
0.0134705 -0.0228384 0.00456219 -0.00569726 -0.0228384 0.102115 -0.00568994 0.015112 0.00456219 -0.00568994 0.00763544 -0.0156042 -0.00569726 0.015112 -0.0156042 0.0830873 
0.0134416 -0.0228506 0.00458608 -0.00571528 -0.0228506 0.102168 -0.00570769 0.0152044 0.00458608 -0.00570769 0.00776206 -0.0156576 -0.00571528 0.0152044 -0.0156576 0.0832175 
0.0134473 -0.0227975 0.00458217 -0.00573937 -0.0227975 0.102063 -0.00573054 0.0152695 0.00458217 -0.00573054 0.00779331 -0.0157941 -0.00573937 0.0152695 -0.0157941 0.083436 
0.0134921 -0.022806 0.00454705 -0.00572173 -0.022806 0.102027 -0.0057187 0.0152598 0.00454705 -0.0057187 0.00776434 -0.0158431 -0.00572173 0.0152598 -0.0158431 0.0836352 
0.0134565 -0.0228691 0.00456987 -0.00567475 -0.0228691 0.10214 -0.00568082 0.0151815 0.00456987 -0.00568082 0.00781221 -0.015807 -0.00567475 0.0151815 -0.015807 0.0836462 
0.0134149 -0.0228267 0.00460412 -0.00570019 -0.0228267 0.102127 -0.00570448 0.0151793 0.00460412 -0.00570448 0.00781698 -0.0158501 -0.00570019 0.0151793 -0.0158501 0.0836692 
0.0134065 -0.0227544 0.00459946 -0.00573877 -0.0227544 0.101934 -0.00573634 0.015231 0.00459946 -0.00573634 0.00778929 -0.0158529 -0.00573877 0.015231 -0.0158529 0.0836609 
0.0134116 -0.0227601 0.00459021 -0.00573728 -0.0227601 0.101898 -0.00573346 0.0152546 0.00459021 -0.00573346 0.0078179 -0.0158349 -0.00573728 0.0152546 -0.0158349 0.0836719 
0.0134477 -0.0228094 0.00458396 -0.0057338 -0.0228094 0.102095 -0.00573193 0.015268 0.00458396 -0.00573193 0.00785485 -0.0158962 -0.0057338 0.015268 -0.0158962 0.0838649 
0.0134973 -0.0228084 0.00454175 -0.00571616 -0.0228084 0.102054 -0.005718 0.0152441 0.00454175 -0.005718 0.00778541 -0.0159066 -0.00571616 0.0152441 -0.0159066 0.0838524 
0.0135012 -0.0228487 0.00453032 -0.00566894 -0.0228487 0.102053 -0.00567571 0.0151719 0.00453032 -0.00567571 0.00772036 -0.0158069 -0.00566894 0.0151719 -0.0158069 0.0836417 
0.0135398 -0.0228817 0.00452645 -0.00566893 -0.0228817 0.102199 -0.00567571 0.0151511 0.00452645 -0.00567571 0.00762665 -0.015743 -0.00566893 0.0151511 -0.015743 0.0835037 
0.0135355 -0.0228862 0.0045432 -0.00567021 -0.0228862 0.102162 -0.00567438 0.0151572 0.0045432 -0.00567438 0.00751937 -0.0156042 -0.00567021 0.0151572 -0.0156042 0.0831579 
0.0135385 -0.0229036 0.00455328 -0.0056972 -0.0229036 0.102226 -0.00570103 0.0152083 0.00455328 -0.00570103 0.00748083 -0.0154795 -0.0056972 0.0152083 -0.0154795 0.0828669 
0.0134927 -0.0228768 0.00457882 -0.00571258 -0.0228768 0.102131 -0.00571558 0.015261 0.00457882 -0.00571558 0.00748857 -0.0154 -0.00571258 0.015261 -0.0154 0.0825404 
0.0134804 -0.0228145 0.0045851 -0.00575025 -0.0228145 0.101976 -0.00574689 0.0153411 0.0045851 -0.00574689 0.00745193 -0.0154002 -0.00575025 0.0153411 -0.0154002 0.0823995 
0.013519 -0.022856 0.00457426 -0.00576486 -0.022856 0.102122 -0.00576143 0.0154 0.00457426 -0.00576143 0.00748706 -0.0154022 -0.00576486 0.0154 -0.0154022 0.0825179 
0.0135128 -0.0228984 0.00457369 -0.00574226 -0.0228984 0.102245 -0.00574073 0.0153763 0.00457369 -0.00574073 0.00758211 -0.0154433 -0.00574226 0.0153763 -0.0154433 0.0826175 
0.0135127 -0.0228839 0.0045629 -0.00573373 -0.0228839 0.102258 -0.00573113 0.0153383 0.0045629 -0.00573113 0.00762959 -0.0155607 -0.00573373 0.0153383 -0.0155607 0.0828326 
0.0135129 -0.0228503 0.00454411 -0.0057138 -0.0228503 0.102114 -0.00570896 0.0152832 0.00454411 -0.00570896 0.00760931 -0.0156119 -0.0057138 0.0152832 -0.0156119 0.0829558 
0.0134958 -0.0228484 0.00454386 -0.00568686 -0.0228484 0.102037 -0.00568336 0.0152121 0.00454386 -0.00568336 0.00761244 -0.0155904 -0.00568686 0.0152121 -0.0155904 0.0829645 
0.0135103 -0.0228634 0.00453132 -0.00567892 -0.0228634 0.102113 -0.00567898 0.0151614 0.00453132 -0.00567898 0.00765566 -0.0156169 -0.00567892 0.0151614 -0.0156169 0.0830647 
0.0135276 -0.0228745 0.00451934 -0.00566434 -0.0228745 0.102144 -0.00566688 0.0151312 0.00451934 -0.00566688 0.00765421 -0.0156614 -0.00566434 0.0151312 -0.0156614 0.0831507 
0.0135139 -0.0228875 0.00454355 -0.00564816 -0.0228875 0.10215 -0.00565447 0.0150994 0.00454355 -0.00565447 0.00760543 -0.0156482 -0.00564816 0.0150994 -0.0156482 0.0831376 
0.0134054 -0.0229156 0.00464287 -0.00567747 -0.0229156 0.102317 -0.00568513 0.015125 0.00464287 -0.00568513 0.00771481 -0.0156144 -0.00567747 0.015125 -0.0156144 0.0831716 
0.0133298 -0.0227783 0.00473257 -0.00581748 -0.0227783 0.102156 -0.0058179 0.0153858 0.00473257 -0.0058179 0.00771426 -0.0157005 -0.00581748 0.0153858 -0.0157005 0.0832362 
0.0132376 -0.0226493 0.00478619 -0.00592027 -0.0226493 0.101765 -0.00591351 0.0156453 0.00478619 -0.00591351 0.00775495 -0.0156753 -0.00592027 0.0156453 -0.0156753 0.0831644 
0.0132716 -0.0225386 0.0047424 -0.00598121 -0.0225386 0.10144 -0.00597047 0.0158271 0.0047424 -0.00597047 0.00774207 -0.0157189 -0.00598121 0.0158271 -0.0157189 0.0831718 
0.0133104 -0.0226182 0.00473241 -0.00594922 -0.0226182 0.101551 -0.00594442 0.0158842 0.00473241 -0.00594442 0.00775177 -0.0157247 -0.00594922 0.0158842 -0.0157247 0.0832826 
0.013298 -0.0226057 0.00471642 -0.00591097 -0.0226057 0.101426 -0.00591302 0.015806 0.00471642 -0.00591302 0.00772016 -0.0156889 -0.00591097 0.015806 -0.0156889 0.0830933 
0.0132591 -0.0226367 0.00473695 -0.00589625 -0.0226367 0.101543 -0.00589842 0.015748 0.00473695 -0.00589842 0.00779627 -0.0156913 -0.00589625 0.015748 -0.0156913 0.083139 
0.0133384 -0.022595 0.0047109 -0.00593457 -0.022595 0.101552 -0.00592901 0.0157973 0.0047109 -0.00592901 0.00768417 -0.0157831 -0.00593457 0.0157973 -0.0157831 0.083309 
0.0133811 -0.0226573 0.00469532 -0.00589383 -0.0226573 0.101558 -0.00589395 0.0157563 0.00469532 -0.00589395 0.00756053 -0.0156473 -0.00589383 0.0157563 -0.0156473 0.0831589 
0.0134529 -0.0227288 0.00468158 -0.00588843 -0.0227288 0.101753 -0.00589706 0.0157498 0.00468158 -0.00589706 0.00740805 -0.0154878 -0.00588843 0.0157498 -0.0154878 0.0828333 
0.0134364 -0.0228171 0.00472881 -0.00588512 -0.0228171 0.101992 -0.00590182 0.0157758 0.00472881 -0.00590182 0.00733985 -0.0152846 -0.00588512 0.0157758 -0.0152846 0.082377 
0.0134143 -0.0227197 0.00473003 -0.00594319 -0.0227197 0.10173 -0.00595443 0.0158744 0.00473003 -0.00595443 0.00721229 -0.0151233 -0.00594319 0.0158744 -0.0151233 0.0817117 
0.0134196 -0.0227267 0.00472086 -0.00595368 -0.0227267 0.101704 -0.00595884 0.0159339 0.00472086 -0.00595884 0.00720887 -0.0150004 -0.00595368 0.0159339 -0.0150004 0.0813799 
0.0133831 -0.0227632 0.00476585 -0.00596306 -0.0227632 0.101847 -0.00596376 0.0159884 0.00476585 -0.00596376 0.00727991 -0.0150073 -0.00596306 0.0159884 -0.0150073 0.0813232 
0.0132955 -0.0226953 0.00482596 -0.00601157 -0.0226953 0.101733 -0.00600599 0.0160674 0.00482596 -0.00600599 0.00736913 -0.0150791 -0.00601157 0.0160674 -0.0150791 0.0813789 
0.0132494 -0.0225857 0.00484848 -0.00608006 -0.0225857 0.101487 -0.00606696 0.0161963 0.00484848 -0.00606696 0.00742733 -0.01519 -0.00608006 0.0161963 -0.01519 0.0815891 
0.0132649 -0.0225763 0.0048566 -0.00612078 -0.0225763 0.101507 -0.00610625 0.0163292 0.0048566 -0.00610625 0.00747509 -0.0152992 -0.00612078 0.0163292 -0.0152992 0.0819828 
0.0132109 -0.0225159 0.00488056 -0.00612123 -0.0225159 0.101219 -0.0061112 0.0163831 0.00488056 -0.0061112 0.00744079 -0.0152927 -0.00612123 0.0163831 -0.0152927 0.0819185 
0.0131936 -0.0224925 0.00490137 -0.00615699 -0.0224925 0.101187 -0.00614858 0.0164552 0.00490137 -0.00614858 0.0074402 -0.0152764 -0.00615699 0.0164552 -0.0152764 0.0819529 
0.0132396 -0.0224597 0.00486636 -0.00617997 -0.0224597 0.101092 -0.00617243 0.0165219 0.00486636 -0.00617243 0.00739055 -0.0152662 -0.00617997 0.0165219 -0.0152662 0.0819152 
0.0132414 -0.0225217 0.00487153 -0.0061422 -0.0225217 0.101176 -0.00613959 0.0165025 0.00487153 -0.00613959 0.0073903 -0.0152189 -0.0061422 0.0165025 -0.0152189 0.0818619 
0.0132208 -0.0224917 0.00489095 -0.00614457 -0.0224917 0.101087 -0.0061435 0.0164866 0.00489095 -0.0061435 0.00732704 -0.015187 -0.00614457 0.0164866 -0.015187 0.0816864 
0.0132212 -0.0224881 0.00492811 -0.00618721 -0.0224881 0.101097 -0.00618836 0.0165821 0.00492811 -0.00618836 0.0072342 -0.0151114 -0.00618721 0.0165821 -0.0151114 0.081552 
0.0132306 -0.0225274 0.00496363 -0.00623363 -0.0225274 0.101273 -0.00623994 0.016697 0.00496363 -0.00623994 0.00719973 -0.0150142 -0.00623363 0.016697 -0.0150142 0.0814289 
0.0132276 -0.0225196 0.00496324 -0.00626337 -0.0225196 0.101281 -0.00627054 0.0167684 0.00496324 -0.00627054 0.0072204 -0.0149461 -0.00626337 0.0167684 -0.0149461 0.0812061 
0.0132491 -0.022506 0.00494217 -0.00627386 -0.022506 0.101239 -0.00627893 0.0168335 0.00494217 -0.00627893 0.00721475 -0.0149508 -0.00627386 0.0168335 -0.0149508 0.0810856 
0.0132809 -0.0225118 0.00490175 -0.00624319 -0.0225118 0.101175 -0.00624686 0.0167982 0.00490175 -0.00624686 0.00718527 -0.0149391 -0.00624319 0.0167982 -0.0149391 0.080995 
0.0133011 -0.022576 0.00490068 -0.00620512 -0.022576 0.101332 -0.00621077 0.0167379 0.00490068 -0.00621077 0.00716651 -0.0149212 -0.00620512 0.0167379 -0.0149212 0.0809945 
0.0133074 -0.0225861 0.00489207 -0.00619578 -0.0225861 0.101375 -0.00620201 0.0166815 0.00489207 -0.00620201 0.0071496 -0.0148912 -0.00619578 0.0166815 -0.0148912 0.0809132 
0.0132501 -0.0225442 0.00489076 -0.0061783 -0.0225442 0.101178 -0.00618306 0.0166314 0.00489076 -0.00618306 0.00716528 -0.0148347 -0.0061783 0.0166314 -0.0148347 0.080665 
0.0132184 -0.0225024 0.00491275 -0.00620508 -0.0225024 0.101117 -0.00620119 0.0166798 0.00491275 -0.00620119 0.0071608 -0.0148702 -0.00620508 0.0166798 -0.0148702 0.0806797 
0.0132471 -0.022496 0.00491463 -0.00624178 -0.022496 0.101176 -0.0062282 0.016751 0.00491463 -0.0062282 0.00714274 -0.0149069 -0.00624178 0.016751 -0.0149069 0.0808824 
0.0132605 -0.0224939 0.00490091 -0.00622992 -0.0224939 0.101097 -0.00621606 0.0167444 0.00490091 -0.00621606 0.0071276 -0.0148739 -0.00622992 0.0167444 -0.0148739 0.0808595 
0.0132848 -0.0225018 0.00487629 -0.00620747 -0.0225018 0.101056 -0.00620082 0.0167057 0.00487629 -0.00620082 0.00710077 -0.0148465 -0.00620747 0.0167057 -0.0148465 0.0807712 
0.0133064 -0.0225266 0.00485428 -0.00618192 -0.0225266 0.101066 -0.00618446 0.0166736 0.00485428 -0.00618446 0.00706334 -0.0148014 -0.00618192 0.0166736 -0.0148014 0.0806372 
0.0133622 -0.0226373 0.00482738 -0.00614708 -0.0226373 0.101457 -0.00615643 0.0165907 0.00482738 -0.00615643 0.00712689 -0.0148091 -0.00614708 0.0165907 -0.0148091 0.0807813 
0.0133571 -0.0226207 0.00481074 -0.00609885 -0.0226207 0.101372 -0.00610619 0.0164683 0.00481074 -0.00610619 0.00709973 -0.0148375 -0.00609885 0.0164683 -0.0148375 0.0806862 
0.0133678 -0.0226599 0.00483405 -0.00610646 -0.0226599 0.10153 -0.00611305 0.0164658 0.00483405 -0.00611305 0.00706406 -0.0148379 -0.00610646 0.0164658 -0.0148379 0.0807915 
0.0133131 -0.0226245 0.00485998 -0.00611008 -0.0226245 0.101395 -0.00611658 0.0164413 0.00485998 -0.00611658 0.00706986 -0.0147609 -0.00611008 0.0164413 -0.0147609 0.0805839 
0.0132966 -0.0226269 0.00490019 -0.00617094 -0.0226269 0.101535 -0.0061727 0.0165598 0.00490019 -0.0061727 0.00713083 -0.0147966 -0.00617094 0.0165598 -0.0147966 0.080691 
0.0132303 -0.0225655 0.00494413 -0.00621848 -0.0225655 0.101384 -0.00621344 0.0166841 0.00494413 -0.00621344 0.00717518 -0.0148414 -0.00621848 0.0166841 -0.0148414 0.0807181 
0.013228 -0.022456 0.00492911 -0.00626053 -0.022456 0.101061 -0.0062479 0.0167678 0.00492911 -0.0062479 0.00712076 -0.0148839 -0.00626053 0.0167678 -0.0148839 0.0807361 
0.0132468 -0.0225049 0.00494458 -0.00626132 -0.0225049 0.101152 -0.00625231 0.0168303 0.00494458 -0.00625231 0.0071227 -0.0148579 -0.00626132 0.0168303 -0.0148579 0.0808538 
0.0131958 -0.0224653 0.00498329 -0.00628032 -0.0224653 0.100984 -0.00627816 0.016898 0.00498329 -0.00627816 0.00706799 -0.0147978 -0.00628032 0.016898 -0.0147978 0.0806122 
0.0132352 -0.0224543 0.00498602 -0.00633754 -0.0224543 0.101037 -0.0063384 0.0170244 0.00498602 -0.0063384 0.00698808 -0.0147494 -0.00633754 0.0170244 -0.0147494 0.0805427 
0.0132538 -0.022454 0.00494623 -0.00631966 -0.022454 0.100912 -0.00632424 0.0170275 0.00494623 -0.00632424 0.0069595 -0.0146174 -0.00631966 0.0170275 -0.0146174 0.0801896 
0.0132543 -0.0225021 0.00495144 -0.00629136 -0.0225021 0.101022 -0.0062997 0.0170128 0.00495144 -0.0062997 0.00695725 -0.0145823 -0.00629136 0.0170128 -0.0145823 0.0800121 
0.013289 -0.0225075 0.00492818 -0.0062844 -0.0225075 0.101078 -0.00628965 0.0169632 0.00492818 -0.00628965 0.00693477 -0.0145872 -0.0062844 0.0169632 -0.0145872 0.0799725 
0.0133059 -0.0225634 0.0049119 -0.0062474 -0.0225634 0.10121 -0.00625458 0.0168778 0.0049119 -0.00625458 0.00698146 -0.0145784 -0.0062474 0.0168778 -0.0145784 0.0799982 
0.013292 -0.0225771 0.00492023 -0.00622921 -0.0225771 0.10127 -0.0062376 0.0168203 0.00492023 -0.0062376 0.00700794 -0.0146236 -0.00622921 0.0168203 -0.0146236 0.0800414 
0.0132592 -0.0225713 0.00493878 -0.00623232 -0.0225713 0.101309 -0.00623756 0.0167876 0.00493878 -0.00623756 0.00707009 -0.0146718 -0.00623232 0.0167876 -0.0146718 0.0801771 
0.0132533 -0.0225373 0.00494117 -0.00625944 -0.0225373 0.101281 -0.00625746 0.0168151 0.00494117 -0.00625746 0.00710112 -0.014753 -0.00625944 0.0168151 -0.014753 0.0803725 
0.0132737 -0.0225109 0.00491268 -0.00625127 -0.0225109 0.101169 -0.00624632 0.016797 0.00491268 -0.00624632 0.00710106 -0.0147936 -0.00625127 0.016797 -0.0147936 0.0804953 
0.0132578 -0.0225733 0.00494111 -0.0062296 -0.0225733 0.101329 -0.00622846 0.0167787 0.00494111 -0.00622846 0.00715469 -0.0148182 -0.0062296 0.0167787 -0.0148182 0.0806665 
0.0132619 -0.0225339 0.00493317 -0.00624658 -0.0225339 0.101282 -0.00624677 0.0167723 0.00493317 -0.00624677 0.00715696 -0.0148661 -0.00624658 0.0167723 -0.0148661 0.0807365 
0.0132395 -0.0225416 0.00493645 -0.00623249 -0.0225416 0.101267 -0.00623385 0.01675 0.00493645 -0.00623385 0.00720465 -0.0148767 -0.00623249 0.01675 -0.0148767 0.0808036 
0.0131823 -0.0225018 0.00496529 -0.00623793 -0.0225018 0.101165 -0.00623693 0.0167488 0.00496529 -0.00623693 0.0072411 -0.0149174 -0.00623793 0.0167488 -0.0149174 0.0808317 
0.0132141 -0.022475 0.00498489 -0.00630139 -0.022475 0.101213 -0.00629514 0.0168794 0.00498489 -0.00629514 0.00718386 -0.0149836 -0.00630139 0.0168794 -0.0149836 0.0810533 
0.0132236 -0.022437 0.00496088 -0.00630746 -0.022437 0.100965 -0.00630298 0.0169256 0.00496088 -0.00630298 0.0071008 -0.0148729 -0.00630746 0.0169256 -0.0148729 0.0808159 
0.0132581 -0.0225092 0.00495891 -0.00630016 -0.0225092 0.101157 -0.00630165 0.0169619 0.00495891 -0.00630165 0.00707886 -0.0147974 -0.00630016 0.0169619 -0.0147974 0.0807081 
0.013256 -0.0224859 0.00494482 -0.00627821 -0.0224859 0.101025 -0.00628128 0.0169193 0.00494482 -0.00628128 0.00701108 -0.014724 -0.00627821 0.0169193 -0.014724 0.0803805 
0.0132879 -0.0225096 0.00492874 -0.00627148 -0.0225096 0.101068 -0.00627594 0.0169038 0.00492874 -0.00627594 0.00694232 -0.0146561 -0.00627148 0.0169038 -0.0146561 0.0802125 
0.0132802 -0.0225715 0.00492989 -0.00624805 -0.0225715 0.101245 -0.00625682 0.0168584 0.00492989 -0.00625682 0.00700095 -0.0145861 -0.00624805 0.0168584 -0.0145861 0.0800928 
0.0132645 -0.0225355 0.00492499 -0.00624909 -0.0225355 0.101193 -0.00625136 0.0168338 0.00492499 -0.00625136 0.00701929 -0.0146338 -0.00624909 0.0168338 -0.0146338 0.0800349 
0.0132593 -0.0225687 0.00494897 -0.00626522 -0.0225687 0.10137 -0.0062604 0.0168696 0.00494897 -0.0062604 0.00710222 -0.0147077 -0.00626522 0.0168696 -0.0147077 0.0803137 
