0.00392639 0 -0.00201231 0 0 0.00998857 0 0 -0.00201231 0 0.010097 0 0 0 0 0.00998857 
0.00549599 -0.00686698 -0.00250196 0.00306643 -0.00686698 0.0223356 0.00306643 -0.00587906 -0.00250196 0.00306643 0.0143396 -0.0177572 0.00306643 -0.00587906 -0.0177572 0.0432171 
0.00589011 -0.011571 -0.00228029 0.00363414 -0.011571 0.0461767 0.00363414 -0.0114694 -0.00228029 0.00363414 0.0139306 -0.0254805 0.00363414 -0.0114694 -0.0254805 0.0905132 
0.00586883 -0.0130247 -0.00216436 0.00275705 -0.0130247 0.0627824 0.00276967 -0.00927947 -0.00216436 0.00276967 0.0128684 -0.0235 0.00275705 -0.00927947 -0.0235 0.101423 
0.00585776 -0.013223 -0.00230148 0.00250898 -0.013223 0.0708696 0.00252275 -0.00691477 -0.00230148 0.00252275 0.012838 -0.022186 0.00250898 -0.00691477 -0.022186 0.100865 
0.005768 -0.0131315 -0.00240318 0.0027573 -0.0131315 0.0739925 0.00276386 -0.00669874 -0.00240318 0.00276386 0.013236 -0.0221815 0.0027573 -0.00669874 -0.0221815 0.100586 
0.00574788 -0.0128281 -0.00243734 0.00288221 -0.0128281 0.0744304 0.00287423 -0.00701944 -0.00243734 0.00287423 0.0134466 -0.0226086 0.00288221 -0.00701944 -0.0226086 0.10124 
0.00571003 -0.0126389 -0.00238921 0.00289045 -0.0126389 0.0739758 0.00287878 -0.00716345 -0.00238921 0.00287878 0.0135218 -0.0228101 0.00289045 -0.00716345 -0.0228101 0.101802 
0.00571484 -0.0125628 -0.00235157 0.00284901 -0.0125628 0.0736777 0.00284256 -0.00717867 -0.00235157 0.00284256 0.0135501 -0.0229025 0.00284901 -0.00717867 -0.0229025 0.102188 
0.00566724 -0.0125494 -0.0022668 0.00279861 -0.0125494 0.0734841 0.00279788 -0.00709161 -0.0022668 0.00279788 0.013608 -0.0229098 0.00279861 -0.00709161 -0.0229098 0.102268 
0.00561291 -0.0124592 -0.00212861 0.00265522 -0.0124592 0.0731763 0.00264623 -0.00676692 -0.00212861 0.00264623 0.0136391 -0.0229578 0.00265522 -0.00676692 -0.0229578 0.102284 
0.00563148 -0.0124376 -0.00209368 0.00253064 -0.0124376 0.0731193 0.0025035 -0.00645501 -0.00209368 0.0025035 0.0136286 -0.0230239 0.00253064 -0.00645501 -0.0230239 0.102481 
0.00568689 -0.0124983 -0.00213711 0.00252534 -0.0124983 0.0732704 0.0024958 -0.00634823 -0.00213711 0.0024958 0.0135931 -0.0230036 0.00252534 -0.00634823 -0.0230036 0.102536 
0.00572301 -0.0125707 -0.00218465 0.00256096 -0.0125707 0.0734553 0.00254787 -0.00637633 -0.00218465 0.00254787 0.0135684 -0.0229502 0.00256096 -0.00637633 -0.0229502 0.102436 
0.00567238 -0.0125976 -0.0021644 0.00258358 -0.0125976 0.0735398 0.00259016 -0.00642149 -0.0021644 0.00259016 0.0136049 -0.0229148 0.00258358 -0.00642149 -0.0229148 0.102307 
0.00566546 -0.0125475 -0.00214419 0.00257715 -0.0125475 0.0735252 0.00258721 -0.00646459 -0.00214419 0.00258721 0.013614 -0.0229659 0.00257715 -0.00646459 -0.0229659 0.102358 
0.00563836 -0.012541 -0.00212272 0.00256532 -0.012541 0.0735027 0.00257076 -0.00646742 -0.00212272 0.00257076 0.0136489 -0.0229845 0.00256532 -0.00646742 -0.0229845 0.102442 
0.00561183 -0.0125201 -0.00212228 0.00256995 -0.0125201 0.0734633 0.00256801 -0.00649806 -0.00212228 0.00256801 0.0136776 -0.0230028 0.00256995 -0.00649806 -0.0230028 0.102442 
0.005633 -0.0125063 -0.00214742 0.00257349 -0.0125063 0.0734932 0.00256625 -0.0065126 -0.00214742 0.00256625 0.0136924 -0.023069 0.00257349 -0.0065126 -0.023069 0.102632 
0.00567353 -0.0124905 -0.00216697 0.00255979 -0.0124905 0.0733477 0.00255645 -0.00644805 -0.00216697 0.00255645 0.0136204 -0.0230532 0.00255979 -0.00644805 -0.0230532 0.102571 
0.00571272 -0.0125732 -0.00220108 0.00261562 -0.0125732 0.0735074 0.00262273 -0.0065666 -0.00220108 0.00262273 0.0135952 -0.0229834 0.00261562 -0.0065666 -0.0229834 0.102489 
0.00574221 -0.0126311 -0.00221554 0.00264909 -0.0126311 0.0737034 0.00266333 -0.00667256 -0.00221554 0.00266333 0.0135879 -0.0229601 0.00264909 -0.00667256 -0.0229601 0.10243 
0.00574889 -0.012692 -0.00219349 0.00268437 -0.012692 0.0739342 0.00269735 -0.00678954 -0.00219349 0.00269735 0.0136346 -0.0229611 0.00268437 -0.00678954 -0.0229611 0.102451 
0.00576691 -0.0126944 -0.00221074 0.00266414 -0.0126944 0.073964 0.00266601 -0.00679632 -0.00221074 0.00266601 0.013628 -0.0229764 0.00266414 -0.00679632 -0.0229764 0.102377 
0.00584622 -0.0127297 -0.00225107 0.0026741 -0.0127297 0.074054 0.00267127 -0.00677913 -0.00225107 0.00267127 0.0135868 -0.0229928 0.0026741 -0.00677913 -0.0229928 0.102429 
0.00593588 -0.0128445 -0.00230298 0.0027172 -0.0128445 0.0743142 0.00272228 -0.0068456 -0.00230298 0.00272228 0.0135423 -0.0229587 0.0027172 -0.0068456 -0.0229587 0.102434 
0.0059779 -0.0129583 -0.00230797 0.00274954 -0.0129583 0.0746089 0.00276635 -0.00690776 -0.00230797 0.00276635 0.0135169 -0.0229078 0.00274954 -0.00690776 -0.0229078 0.102345 
0.00594957 -0.0130246 -0.00229375 0.00274345 -0.0130246 0.0748855 0.00276024 -0.00691197 -0.00229375 0.00276024 0.0135547 -0.0228973 0.00274345 -0.00691197 -0.0228973 0.102344 
0.00593408 -0.0129857 -0.00228029 0.00273486 -0.0129857 0.0748835 0.00274213 -0.00689031 -0.00228029 0.00274213 0.0135693 -0.0229098 0.00273486 -0.00689031 -0.0229098 0.102281 
0.00591437 -0.0129662 -0.0022822 0.00273326 -0.0129662 0.074821 0.00273104 -0.00687938 -0.0022822 0.00273104 0.0135961 -0.0229233 0.00273326 -0.00687938 -0.0229233 0.102273 
0.00584568 -0.0129616 -0.00228176 0.00273605 -0.0129616 0.0748633 0.00273004 -0.0068723 -0.00228176 0.00273004 0.0136922 -0.0229946 0.00273605 -0.0068723 -0.0229946 0.10248 
0.00576623 -0.0128701 -0.00228539 0.00272043 -0.0128701 0.07472 0.00271382 -0.00682789 -0.00228539 0.00271382 0.0137796 -0.0231104 0.00272043 -0.00682789 -0.0231104 0.102736 
0.00569919 -0.0127439 -0.00227973 0.00270675 -0.0127439 0.0743774 0.00270092 -0.0067668 -0.00227973 0.00270092 0.0138248 -0.0232078 0.00270675 -0.0067668 -0.0232078 0.102956 
0.00562805 -0.0126648 -0.00226498 0.0027051 -0.0126648 0.0741618 0.00270353 -0.00675557 -0.00226498 0.00270353 0.0138987 -0.0232992 0.0027051 -0.00675557 -0.0232992 0.103279 
0.00562431 -0.0125642 -0.00225427 0.00269832 -0.0125642 0.073858 0.00269677 -0.00675791 -0.00225427 0.00269677 0.0138873 -0.0233562 0.00269832 -0.00675791 -0.0233562 0.103402 
0.00569685 -0.0125791 -0.00227686 0.00271436 -0.0125791 0.0738122 0.00271258 -0.00681969 -0.00227686 0.00271258 0.0138432 -0.0233568 0.00271436 -0.00681969 -0.0233568 0.1035 
0.00578819 -0.0126692 -0.00228151 0.00273593 -0.0126692 0.0739267 0.00273753 -0.00687719 -0.00228151 0.00273753 0.0137854 -0.0232848 0.00273593 -0.00687719 -0.0232848 0.103369 
0.00588374 -0.0128209 -0.0023151 0.00274755 -0.0128209 0.0743236 0.00275015 -0.00692786 -0.0023151 0.00275015 0.0137417 -0.0232395 0.00274755 -0.00692786 -0.0232395 0.103309 
0.00601923 -0.0129595 -0.00237183 0.00279252 -0.0129595 0.074709 0.00279949 -0.00702213 -0.00237183 0.00279949 0.0136698 -0.0231531 0.00279252 -0.00702213 -0.0231531 0.103073 
0.0060539 -0.0131441 -0.00239826 0.00284311 -0.0131441 0.0751876 0.00285815 -0.00713092 -0.00239826 0.00285815 0.0136848 -0.0230832 0.00284311 -0.00713092 -0.0230832 0.102902 
0.00591961 -0.013173 -0.00234046 0.00281181 -0.013173 0.0754105 0.00282846 -0.00705532 -0.00234046 0.00282846 0.0137956 -0.0231211 0.00281181 -0.00705532 -0.0231211 0.102918 
0.00575377 -0.0129922 -0.00227835 0.00273753 -0.0129922 0.0751424 0.00274026 -0.00687812 -0.00227835 0.00274026 0.0138821 -0.0232386 0.00273753 -0.00687812 -0.0232386 0.103062 
0.00565032 -0.0127808 -0.00227992 0.00268569 -0.0127808 0.074689 0.00267058 -0.00671774 -0.00227992 0.00267058 0.0139437 -0.0233676 0.00268569 -0.00671774 -0.0233676 0.103404 
0.00561557 -0.0126309 -0.00232477 0.00270024 -0.0126309 0.0742282 0.00268417 -0.00668935 -0.00232477 0.00268417 0.0139487 -0.0234437 0.00270024 -0.00668935 -0.0234437 0.103661 
0.00565078 -0.0125825 -0.00237002 0.00278223 -0.0125825 0.0739703 0.00278035 -0.00687098 -0.00237002 0.00278035 0.0139022 -0.023443 0.00278223 -0.00687098 -0.023443 0.103748 
0.00567872 -0.0126263 -0.002371 0.00285415 -0.0126263 0.073953 0.00286466 -0.00711058 -0.002371 0.00286466 0.0138788 -0.0233801 0.00285415 -0.00711058 -0.0233801 0.103668 
0.00568306 -0.0126469 -0.00235194 0.00283969 -0.0126469 0.0739614 0.00284632 -0.00716354 -0.00235194 0.00284632 0.0138759 -0.0233419 0.00283969 -0.00716354 -0.0233419 0.103541 
0.00575112 -0.012658 -0.00236108 0.00281431 -0.012658 0.0740042 0.00281254 -0.00711503 -0.00236108 0.00281254 0.013843 -0.0233454 0.00281431 -0.00711503 -0.0233454 0.103522 
0.00572938 -0.0127389 -0.00233711 0.00281894 -0.0127389 0.0741183 0.00281664 -0.00708747 -0.00233711 0.00281664 0.0138686 -0.0232955 0.00281894 -0.00708747 -0.0232955 0.103414 
0.00570735 -0.0127122 -0.00230655 0.00277156 -0.0127122 0.0741209 0.00276728 -0.0069836 -0.00230655 0.00276728 0.0138836 -0.0233215 0.00277156 -0.0069836 -0.0233215 0.103383 
0.00577149 -0.012698 -0.00232432 0.00274066 -0.012698 0.0741408 0.00273057 -0.00688324 -0.00232432 0.00273057 0.0138361 -0.023367 0.00274066 -0.00688324 -0.023367 0.103526 
0.00578517 -0.0127703 -0.00232254 0.00275624 -0.0127703 0.0742242 0.00275226 -0.00686976 -0.00232254 0.00275226 0.0138154 -0.0232935 0.00275624 -0.00686976 -0.0232935 0.10343 
0.00582499 -0.0127771 -0.00234229 0.00273106 -0.0127771 0.0742693 0.00273025 -0.00681017 -0.00234229 0.00273025 0.0137625 -0.0232678 0.00273106 -0.00681017 -0.0232678 0.103327 
0.00584452 -0.0128457 -0.00236355 0.00277113 -0.0128457 0.0744446 0.00277729 -0.00687344 -0.00236355 0.00277729 0.0137398 -0.023219 0.00277113 -0.00687344 -0.023219 0.103265 
0.00580926 -0.0128487 -0.00235282 0.0027928 -0.0128487 0.0744478 0.00280335 -0.00694245 -0.00235282 0.00280335 0.0137476 -0.0231513 0.0027928 -0.00694245 -0.0231513 0.103024 
0.00577832 -0.0128305 -0.00234022 0.00279696 -0.0128305 0.0745191 0.00280398 -0.0069901 -0.00234022 0.00280398 0.0138034 -0.0232068 0.00279696 -0.0069901 -0.0232068 0.103145 
0.00581264 -0.0127771 -0.00233424 0.00280257 -0.0127771 0.0743582 0.00280315 -0.00703272 -0.00233424 0.00280315 0.0137873 -0.0232156 0.00280257 -0.00703272 -0.0232156 0.103064 
0.0058678 -0.0128511 -0.00236367 0.00282322 -0.0128511 0.0744795 0.00282025 -0.00710737 -0.00236367 0.00282025 0.0138006 -0.0232209 0.00282322 -0.00710737 -0.0232209 0.103113 
0.00590366 -0.0129469 -0.00238201 0.00284044 -0.0129469 0.0747595 0.00284217 -0.00714675 -0.00238201 0.00284217 0.0138441 -0.0232618 0.00284044 -0.00714675 -0.0232618 0.103253 
0.00597199 -0.0130004 -0.00243098 0.00283613 -0.0130004 0.0749688 0.00284177 -0.00713038 -0.00243098 0.00284177 0.013813 -0.0233213 0.00283613 -0.00713038 -0.0233213 0.103403 
0.00597582 -0.0130761 -0.00243877 0.00287004 -0.0130761 0.0751331 0.00288548 -0.00715568 -0.00243877 0.00288548 0.0137969 -0.0232784 0.00287004 -0.00715568 -0.0232784 0.10337 
0.00591601 -0.013089 -0.00240242 0.00286549 -0.013089 0.0752745 0.00288301 -0.00715509 -0.00240242 0.00288301 0.0138395 -0.0232875 0.00286549 -0.00715509 -0.0232875 0.10343 
0.00575272 -0.0129826 -0.00231991 0.00280771 -0.0129826 0.0750555 0.00281297 -0.00703277 -0.00231991 0.00281297 0.0139312 -0.0233067 0.00280771 -0.00703277 -0.0233067 0.103394 
0.00568244 -0.0127946 -0.00230555 0.0027473 -0.0127946 0.0747064 0.00273252 -0.0068985 -0.00230555 0.00273252 0.0139761 -0.0234275 0.0027473 -0.0068985 -0.0234275 0.103611 
0.00559538 -0.0126602 -0.00225925 0.00270122 -0.0126602 0.0742479 0.0026811 -0.00672297 -0.00225925 0.0026811 0.0140251 -0.0234894 0.00270122 -0.00672297 -0.0234894 0.103813 
0.00550779 -0.0125739 -0.00221985 0.00270107 -0.0125739 0.0739779 0.00268154 -0.00673071 -0.00221985 0.00268154 0.0141057 -0.0235317 0.00270107 -0.00673071 -0.0235317 0.103926 
0.00550337 -0.0124664 -0.00221982 0.00264672 -0.0124664 0.0737472 0.00262557 -0.00664197 -0.00221982 0.00262557 0.0141285 -0.0236617 0.00264672 -0.00664197 -0.0236617 0.104253 
0.00546161 -0.0124526 -0.00221416 0.00265637 -0.0124526 0.073579 0.00263997 -0.00663322 -0.00221416 0.00263997 0.0141586 -0.0236598 0.00265637 -0.00663322 -0.0236598 0.104315 
0.00545894 -0.0123959 -0.00223306 0.00264173 -0.0123959 0.0734161 0.00263105 -0.00661575 -0.00223306 0.00263105 0.0141441 -0.0236837 0.00264173 -0.00661575 -0.0236837 0.104329 
0.00554104 -0.0124284 -0.0022791 0.00270498 -0.0124284 0.0734868 0.00270182 -0.0067635 -0.0022791 0.00270182 0.0141178 -0.0236839 0.00270498 -0.0067635 -0.0236839 0.104392 
0.00561505 -0.012494 -0.00231694 0.00270843 -0.012494 0.0735382 0.00271272 -0.0067858 -0.00231694 0.00271272 0.014065 -0.0236448 0.00270843 -0.0067858 -0.0236448 0.104313 
0.00564683 -0.01259 -0.00231156 0.00272545 -0.01259 0.073754 0.00274039 -0.00679805 -0.00231156 0.00274039 0.0140619 -0.0236078 0.00272545 -0.00679805 -0.0236078 0.104284 
0.00558588 -0.0126451 -0.00228057 0.0027285 -0.0126451 0.0739423 0.00274568 -0.00682577 -0.00228057 0.00274568 0.0141298 -0.0235877 0.0027285 -0.00682577 -0.0235877 0.1042 
0.00550223 -0.0125635 -0.00221769 0.00266531 -0.0125635 0.0738955 0.00267287 -0.00669097 -0.00221769 0.00267287 0.0141935 -0.0236946 0.00266531 -0.00669097 -0.0236946 0.104388 
0.00537654 -0.0124527 -0.00215758 0.00260604 -0.0124527 0.0736409 0.00260156 -0.00654005 -0.00215758 0.00260156 0.0142651 -0.0237508 0.00260604 -0.00654005 -0.0237508 0.104518 
0.00528867 -0.0122857 -0.00207233 0.00253533 -0.0122857 0.0732644 0.00251889 -0.00635438 -0.00207233 0.00251889 0.0143243 -0.0238456 0.00253533 -0.00635438 -0.0238456 0.104731 
0.00527045 -0.0121957 -0.00207605 0.00248766 -0.0121957 0.0730049 0.00246258 -0.00625994 -0.00207605 0.00246258 0.0143508 -0.0239116 0.00248766 -0.00625994 -0.0239116 0.104923 
0.00527737 -0.0121468 -0.00208305 0.00244786 -0.0121468 0.0727954 0.00242569 -0.00610858 -0.00208305 0.00242569 0.0143411 -0.0239609 0.00244786 -0.00610858 -0.0239609 0.105104 
0.00532862 -0.0121752 -0.00210549 0.00248128 -0.0121752 0.0728048 0.0024721 -0.00615719 -0.00210549 0.0024721 0.0143177 -0.0239422 0.00248128 -0.00615719 -0.0239422 0.105136 
0.00537753 -0.0122163 -0.00211648 0.00248443 -0.0122163 0.0728047 0.00248602 -0.00618275 -0.00211648 0.00248602 0.0142569 -0.023884 0.00248443 -0.00618275 -0.023884 0.104963 
0.00542095 -0.0122949 -0.00213002 0.00250056 -0.0122949 0.0729832 0.00250969 -0.00622883 -0.00213002 0.00250969 0.0141966 -0.0238259 0.00250056 -0.00622883 -0.0238259 0.104841 
0.00536325 -0.0123329 -0.00207918 0.00248192 -0.0123329 0.0731063 0.00249077 -0.00617858 -0.00207918 0.00249077 0.0142021 -0.0237632 0.00248192 -0.00617858 -0.0237632 0.104711 
0.00529394 -0.0122758 -0.00203476 0.00245947 -0.0122758 0.0730783 0.00245931 -0.00615414 -0.00203476 0.00245931 0.0142283 -0.0237436 0.00245947 -0.00615414 -0.0237436 0.104579 
0.00530408 -0.0121771 -0.00204195 0.00241861 -0.0121771 0.0728809 0.00240619 -0.00607478 -0.00204195 0.00240619 0.0141967 -0.0237734 0.00241861 -0.00607478 -0.0237734 0.10458 
0.00529912 -0.0121727 -0.00202667 0.00242447 -0.0121727 0.0727646 0.0024114 -0.0060406 -0.00202667 0.0024114 0.0141961 -0.0237446 0.00242447 -0.0060406 -0.0237446 0.104567 
0.00529117 -0.0121677 -0.00202527 0.00240463 -0.0121677 0.0727451 0.00239504 -0.00601075 -0.00202527 0.00239504 0.0142013 -0.0237503 0.00240463 -0.00601075 -0.0237503 0.104589 
0.00533374 -0.012153 -0.00207397 0.00241852 -0.012153 0.0726715 0.00241255 -0.00604034 -0.00207397 0.00241255 0.0141398 -0.0237219 0.00241852 -0.00604034 -0.0237219 0.10447 
0.00534741 -0.0122154 -0.00210286 0.00247108 -0.0122154 0.0728143 0.00247562 -0.00613963 -0.00210286 0.00247562 0.0141437 -0.0236934 0.00247108 -0.00613963 -0.0236934 0.1045 
0.00537778 -0.0122099 -0.00213916 0.00249402 -0.0122099 0.0727847 0.002505 -0.00622185 -0.00213916 0.002505 0.0140811 -0.023655 0.00249402 -0.00622185 -0.023655 0.104332 
0.00534954 -0.0122432 -0.00213914 0.00254063 -0.0122432 0.0728198 0.00255764 -0.00633683 -0.00213914 0.00255764 0.0140763 -0.0235876 0.00254063 -0.00633683 -0.0235876 0.104185 
0.00535797 -0.0122425 -0.00215817 0.00259117 -0.0122425 0.0729289 0.00260507 -0.00651915 -0.00215817 0.00260507 0.01409 -0.0235905 0.00259117 -0.00651915 -0.0235905 0.104174 
0.00542213 -0.0122361 -0.00219392 0.00262335 -0.0122361 0.072885 0.0026297 -0.00663764 -0.00219392 0.0026297 0.014041 -0.0235753 0.00262335 -0.00663764 -0.0235753 0.104071 
0.00541557 -0.012297 -0.00217058 0.00262727 -0.012297 0.0729449 0.00263323 -0.00663949 -0.00217058 0.00263323 0.0140546 -0.0235436 0.00262727 -0.00663949 -0.0235436 0.104037 
0.00539221 -0.0122953 -0.00215072 0.0026042 -0.0122953 0.0729649 0.002606 -0.00660763 -0.00215072 0.002606 0.0140636 -0.0235368 0.0026042 -0.00660763 -0.0235368 0.103947 
0.0054429 -0.0122752 -0.00217538 0.00256937 -0.0122752 0.0729941 0.00256422 -0.00650833 -0.00217538 0.00256422 0.0140266 -0.0235878 0.00256937 -0.00650833 -0.0235878 0.104102 
0.00546093 -0.0123028 -0.00217548 0.00257622 -0.0123028 0.0729296 0.00257478 -0.00645337 -0.00217548 0.00257478 0.0139814 -0.023507 0.00257622 -0.00645337 -0.023507 0.103936 
0.00549793 -0.0123392 -0.00219085 0.00258173 -0.0123392 0.0730299 0.00258649 -0.00646632 -0.00219085 0.00258649 0.0139458 -0.0234733 0.00258173 -0.00646632 -0.0234733 0.103865 
0.00548745 -0.0123979 -0.00217645 0.00262086 -0.0123979 0.0731888 0.0026294 -0.00656076 -0.00217645 0.0026294 0.0139549 -0.023423 0.00262086 -0.00656076 -0.023423 0.103757 
0.00545189 -0.012397 -0.00215484 0.0026147 -0.012397 0.0732842 0.00261824 -0.00660017 -0.00215484 0.00261824 0.0139837 -0.0234364 0.0026147 -0.00660017 -0.0234364 0.103749 
0.00547848 -0.0123206 -0.00218064 0.00257377 -0.0123206 0.0730892 0.00256626 -0.00651054 -0.00218064 0.00256626 0.013921 -0.0234358 0.00257377 -0.00651054 -0.0234358 0.103649 
0.00554172 -0.0123732 -0.00222831 0.0026316 -0.0123732 0.0731658 0.00262794 -0.00659129 -0.00222831 0.00262794 0.0138717 -0.023393 0.0026316 -0.00659129 -0.023393 0.103649 
0.00557652 -0.0124189 -0.00221389 0.00264734 -0.0124189 0.0732071 0.00265401 -0.006629 -0.00221389 0.00265401 0.0138244 -0.0233203 0.00264734 -0.006629 -0.0233203 0.103476 
0.00556822 -0.0124582 -0.00217534 0.00262845 -0.0124582 0.0732763 0.00263649 -0.00661897 -0.00217534 0.00263649 0.0138299 -0.0232537 0.00262845 -0.00661897 -0.0232537 0.103279 
0.00563548 -0.0124994 -0.00221778 0.0026537 -0.0124994 0.0734637 0.00265364 -0.00672037 -0.00221778 0.00265364 0.013827 -0.02325 0.0026537 -0.00672037 -0.02325 0.1032 
0.0056255 -0.0125966 -0.0022187 0.00269287 -0.0125966 0.0737235 0.00269338 -0.00680113 -0.0022187 0.00269338 0.0138886 -0.0232708 0.00269287 -0.00680113 -0.0232708 0.103269 
0.00558422 -0.0125957 -0.00217694 0.00268136 -0.0125957 0.0738391 0.00268074 -0.00680206 -0.00217694 0.00268074 0.0139651 -0.0233397 0.00268136 -0.00680206 -0.0233397 0.103382 
0.00559396 -0.0125246 -0.00216794 0.00259828 -0.0125246 0.0736951 0.00258759 -0.00661789 -0.00216794 0.00258759 0.0139543 -0.0234257 0.00259828 -0.00661789 -0.0234257 0.103526 
0.00565165 -0.0125553 -0.00222027 0.00257861 -0.0125553 0.0737559 0.00256725 -0.00648696 -0.00222027 0.00256725 0.0139058 -0.0234615 0.00257861 -0.00648696 -0.0234615 0.103767 
0.00569502 -0.0126231 -0.0022582 0.00263019 -0.0126231 0.0738812 0.00263307 -0.006527 -0.0022582 0.00263307 0.0138422 -0.0233879 0.00263019 -0.006527 -0.0233879 0.1037 
0.00565106 -0.0126634 -0.00225778 0.00266882 -0.0126634 0.0739733 0.00268306 -0.00662808 -0.00225778 0.00268306 0.0138495 -0.0232945 0.00266882 -0.00662808 -0.0232945 0.10347 
0.00554376 -0.0126025 -0.00223942 0.00266908 -0.0126025 0.073915 0.00268109 -0.00666886 -0.00223942 0.00268109 0.0139361 -0.023306 0.00266908 -0.00666886 -0.023306 0.103407 
0.00550007 -0.0124792 -0.00226216 0.00269819 -0.0124792 0.07368 0.0027015 -0.00677231 -0.00226216 0.0027015 0.0139929 -0.0233908 0.00269819 -0.00677231 -0.0233908 0.103486 
0.00547346 -0.0124085 -0.0022612 0.00272795 -0.0124085 0.0734192 0.00273001 -0.00685822 -0.0022612 0.00273001 0.0140432 -0.0234684 0.00272795 -0.00685822 -0.0234684 0.103657 
0.00551434 -0.0123875 -0.00226806 0.00273598 -0.0123875 0.073312 0.00273724 -0.00692091 -0.00226806 0.00273724 0.014027 -0.0235408 0.00273598 -0.00692091 -0.0235408 0.103865 
0.00552246 -0.0124567 -0.00222237 0.00273422 -0.0124567 0.0734541 0.00273541 -0.00692586 -0.00222237 0.00273541 0.0140904 -0.0235578 0.00273422 -0.00692586 -0.0235578 0.104067 
0.00550364 -0.0124708 -0.00219289 0.00267145 -0.0124708 0.0735083 0.00266375 -0.00681244 -0.00219289 0.00266375 0.014139 -0.0235968 0.00267145 -0.00681244 -0.0235968 0.104097 
0.00552534 -0.012461 -0.00219517 0.00261717 -0.012461 0.073537 0.00260406 -0.00663784 -0.00219517 0.00260406 0.0141413 -0.0236739 0.00261717 -0.00663784 -0.0236739 0.104268 
0.00552111 -0.0124868 -0.00220465 0.00260259 -0.0124868 0.0735655 0.00259458 -0.00653014 -0.00220465 0.00259458 0.0141465 -0.0236751 0.00260259 -0.00653014 -0.0236751 0.104328 
0.00550309 -0.0124911 -0.00219135 0.00259208 -0.0124911 0.0736624 0.00259173 -0.00646234 -0.00219135 0.00259173 0.0141742 -0.0237251 0.00259208 -0.00646234 -0.0237251 0.104528 
0.00562589 -0.0124779 -0.00226123 0.00260856 -0.0124779 0.0736464 0.00261074 -0.00651164 -0.00226123 0.00261074 0.0140497 -0.0237137 0.00260856 -0.00651164 -0.0237137 0.104485 
0.00564271 -0.0126295 -0.00227693 0.00268519 -0.0126295 0.0738954 0.00269792 -0.00665317 -0.00227693 0.00269792 0.014039 -0.0235841 0.00268519 -0.00665317 -0.0235841 0.10432 
0.00556245 -0.012649 -0.00224959 0.00270103 -0.012649 0.0740086 0.00271602 -0.00675047 -0.00224959 0.00271602 0.0140928 -0.023531 0.00270103 -0.00675047 -0.023531 0.104047 
0.00548133 -0.0125828 -0.00224643 0.00269981 -0.0125828 0.0740359 0.00270456 -0.00680084 -0.00224643 0.00270456 0.0141736 -0.0236274 0.00269981 -0.00680084 -0.0236274 0.104194 
0.00543565 -0.0124696 -0.00224054 0.00271049 -0.0124696 0.0737954 0.00270475 -0.00682875 -0.00224054 0.00270475 0.0142276 -0.0237034 0.00271049 -0.00682875 -0.0237034 0.104328 
0.00542184 -0.0123905 -0.0022535 0.00267203 -0.0123905 0.0735726 0.00266135 -0.00673708 -0.0022535 0.00266135 0.0142397 -0.0238188 0.00267203 -0.00673708 -0.0238188 0.104676 
0.00545385 -0.0123634 -0.00229632 0.00269718 -0.0123634 0.0733799 0.00269128 -0.00675439 -0.00229632 0.00269128 0.0141925 -0.0237949 0.00269718 -0.00675439 -0.0237949 0.10468 
0.00549112 -0.0124035 -0.00230988 0.00274954 -0.0124035 0.0733971 0.00275429 -0.00686661 -0.00230988 0.00275429 0.0141721 -0.0237499 0.00274954 -0.00686661 -0.0237499 0.104629 
0.00552036 -0.0124546 -0.00232942 0.00276433 -0.0124546 0.0735014 0.00277188 -0.00694558 -0.00232942 0.00277188 0.0141625 -0.0237269 0.00276433 -0.00694558 -0.0237269 0.10457 
0.00552565 -0.0124703 -0.002346 0.00275466 -0.0124703 0.0735241 0.00276324 -0.00691824 -0.002346 0.00276324 0.0141469 -0.0237127 0.00275466 -0.00691824 -0.0237127 0.104511 
0.00558204 -0.0124675 -0.00237382 0.00276826 -0.0124675 0.0734967 0.00277905 -0.00692004 -0.00237382 0.00277905 0.0140739 -0.0236858 0.00276826 -0.00692004 -0.0236858 0.104423 
0.00563702 -0.0125339 -0.00237255 0.00279009 -0.0125339 0.0736201 0.00280635 -0.00695334 -0.00237255 0.00280635 0.0140197 -0.0236332 0.00279009 -0.00695334 -0.0236332 0.104395 
0.00563995 -0.0126175 -0.00236372 0.00281336 -0.0126175 0.0738265 0.00283005 -0.0070386 -0.00236372 0.00283005 0.0140017 -0.0235442 0.00281336 -0.0070386 -0.0235442 0.104195 
0.00564098 -0.0126151 -0.00232377 0.00279891 -0.0126151 0.0738878 0.00280605 -0.00702815 -0.00232377 0.00280605 0.0139908 -0.0235068 0.00279891 -0.00702815 -0.0235068 0.10402 
0.00558595 -0.0125899 -0.00223063 0.00272818 -0.0125899 0.0738078 0.00272433 -0.0068686 -0.00223063 0.00272433 0.0140385 -0.0234926 0.00272818 -0.0068686 -0.0234926 0.103928 
0.00555727 -0.0125472 -0.0021545 0.00263517 -0.0125472 0.0737761 0.00261661 -0.00665619 -0.0021545 0.00261661 0.0140956 -0.0235691 0.00263517 -0.00665619 -0.0235691 0.104071 
0.0054791 -0.0125146 -0.00211715 0.00255654 -0.0125146 0.0736687 0.00252945 -0.00644513 -0.00211715 0.00252945 0.0141524 -0.0236045 0.00255654 -0.00644513 -0.0236045 0.104106 
0.00532729 -0.0124275 -0.00205217 0.00248306 -0.0124275 0.0735705 0.00245411 -0.00620422 -0.00205217 0.00245411 0.0142892 -0.0237279 0.00248306 -0.00620422 -0.0237279 0.104445 
0.00520964 -0.0122358 -0.00202951 0.00243996 -0.0122358 0.0731545 0.0024139 -0.00609447 -0.00202951 0.0024139 0.0143513 -0.0238337 0.00243996 -0.00609447 -0.0238337 0.104597 
0.00513982 -0.0120994 -0.00203451 0.00243126 -0.0120994 0.0728459 0.00240944 -0.0060675 -0.00203451 0.00240944 0.0144192 -0.023966 0.00243126 -0.0060675 -0.023966 0.105016 
0.00514461 -0.0120186 -0.00208667 0.00247604 -0.0120186 0.0725916 0.00246119 -0.00619018 -0.00208667 0.00246119 0.0144368 -0.024025 0.00247604 -0.00619018 -0.024025 0.105221 
0.00515982 -0.012018 -0.00211087 0.0025342 -0.012018 0.0724866 0.00253142 -0.00634807 -0.00211087 0.00253142 0.0144516 -0.0240512 0.0025342 -0.00634807 -0.0240512 0.105344 
0.00525343 -0.0120227 -0.00216875 0.00253841 -0.0120227 0.0724203 0.00254162 -0.0064044 -0.00216875 0.00254162 0.0143712 -0.0240611 0.00253841 -0.0064044 -0.0240611 0.105374 
0.00536415 -0.0121353 -0.00223041 0.00258602 -0.0121353 0.0725763 0.00259862 -0.00647977 -0.00223041 0.00259862 0.0142827 -0.023979 0.00258602 -0.00647977 -0.023979 0.105287 
0.00535864 -0.0122776 -0.0022347 0.00264926 -0.0122776 0.0728793 0.00267219 -0.00661681 -0.0022347 0.00267219 0.0142742 -0.023862 0.00264926 -0.00661681 -0.023862 0.105031 
0.00536851 -0.0122872 -0.00222745 0.00267157 -0.0122872 0.0730402 0.00269137 -0.0067249 -0.00222745 0.00269137 0.0142708 -0.0238323 0.00267157 -0.0067249 -0.0238323 0.104837 
0.00535835 -0.0122893 -0.00222706 0.00265356 -0.0122893 0.0730758 0.00266348 -0.00670732 -0.00222706 0.00266348 0.0142637 -0.0238427 0.00265356 -0.00670732 -0.0238427 0.104823 
0.00534044 -0.0122829 -0.00220591 0.0026528 -0.0122829 0.0731062 0.00265382 -0.00667718 -0.00220591 0.00265382 0.0142848 -0.0238528 0.0026528 -0.00667718 -0.0238528 0.10489 
0.00536665 -0.012241 -0.00220185 0.00263361 -0.012241 0.0729735 0.00262924 -0.00663792 -0.00220185 0.00262924 0.0142555 -0.023837 0.00263361 -0.00663792 -0.023837 0.104784 
0.00541051 -0.0122706 -0.00219527 0.00262109 -0.0122706 0.0729743 0.00261577 -0.00658847 -0.00219527 0.00261577 0.0142174 -0.0238232 0.00262109 -0.00658847 -0.0238232 0.10477 
0.00547345 -0.0123318 -0.00222237 0.00259711 -0.0123318 0.0731134 0.00259339 -0.00651819 -0.00222237 0.00259339 0.0141429 -0.0237974 0.00259711 -0.00651819 -0.0237974 0.104776 
