0.0101143 0 0.000617095 0 0 0.00999272 0 0 0.000617095 0 0.00352247 0 0 0 0 0.00999272 
0.0142404 -0.0176268 0.000615015 -0.000749196 -0.0176268 0.0429584 -0.000749196 0.00143671 0.000615015 -0.000749196 0.00504282 -0.00629887 -0.000749196 0.00143671 -0.00629887 0.0212384 
0.0139169 -0.0251447 0.000423746 -0.00063269 -0.0251447 0.0893802 -0.00063269 0.00195208 0.000423746 -0.00063269 0.0052724 -0.0105792 -0.00063269 0.00195208 -0.0105792 0.0429434 
0.0130154 -0.0233133 0.000390087 -0.000365163 -0.0233133 0.100041 -0.000372573 0.000927092 0.000390087 -0.000372573 0.00510805 -0.0118194 -0.000365163 0.000927092 -0.0118194 0.0582393 
0.0131179 -0.0222526 0.000483719 -0.00035123 -0.0222526 0.10006 -0.000370034 0.000388873 0.000483719 -0.000370034 0.00502237 -0.0120444 -0.00035123 0.000388873 -0.0120444 0.0667076 
0.0134742 -0.0224108 0.000494416 -0.000453043 -0.0224108 0.100371 -0.000467957 0.000491785 0.000494416 -0.000467957 0.0049496 -0.0118928 -0.000453043 0.000491785 -0.0118928 0.0700908 
0.0137249 -0.0228013 0.000463621 -0.000481661 -0.0228013 0.101305 -0.000490422 0.000730761 0.000463621 -0.000490422 0.00486223 -0.0116395 -0.000481661 0.000730761 -0.0116395 0.0707802 
0.0138116 -0.0230707 0.000458807 -0.000486762 -0.0230707 0.102139 -0.000494222 0.000916974 0.000458807 -0.000494222 0.0048716 -0.0114037 -0.000486762 0.000916974 -0.0114037 0.0704676 
0.0138533 -0.0231287 0.000409072 -0.000461088 -0.0231287 0.102448 -0.000466308 0.000918487 0.000409072 -0.000466308 0.00487728 -0.0113307 -0.000461088 0.000918487 -0.0113307 0.0700236 
0.0138717 -0.0231911 0.000407371 -0.000429476 -0.0231911 0.10267 -0.000435874 0.000900932 0.000407371 -0.000435874 0.00491285 -0.0113466 -0.000429476 0.000900932 -0.0113466 0.0699084 
0.0138596 -0.0232051 0.000394473 -0.000395025 -0.0232051 0.102748 -0.000402665 0.000790487 0.000394473 -0.000402665 0.00494637 -0.0114088 -0.000395025 0.000790487 -0.0114088 0.0699796 
0.0138069 -0.0231654 0.000367785 -0.000331567 -0.0231654 0.102648 -0.000339675 0.000586437 0.000367785 -0.000339675 0.00499433 -0.0114625 -0.000331567 0.000586437 -0.0114625 0.0700906 
0.013779 -0.0231268 0.00037185 -0.000296744 -0.0231268 0.102616 -0.000303395 0.000442089 0.00037185 -0.000303395 0.00503438 -0.0115506 -0.000296744 0.000442089 -0.0115506 0.0703602 
0.0137807 -0.0230937 0.000348927 -0.000310468 -0.0230937 0.102557 -0.000311449 0.000410134 0.000348927 -0.000311449 0.00504797 -0.0116187 -0.000310468 0.000410134 -0.0116187 0.0706203 
0.0137721 -0.0230643 0.000337525 -0.00030142 -0.0230643 0.102402 -0.000300694 0.000413507 0.000337525 -0.000300694 0.0050566 -0.0116285 -0.00030142 0.000413507 -0.0116285 0.07069 
0.013792 -0.0230823 0.000257573 -0.00027145 -0.0230823 0.102453 -0.000272708 0.000347419 0.000257573 -0.000272708 0.00505342 -0.0116542 -0.00027145 0.000347419 -0.0116542 0.0708102 
0.0138177 -0.0230955 0.000204655 -0.000181812 -0.0230955 0.102465 -0.000194923 0.000213098 0.000204655 -0.000194923 0.00501675 -0.0116521 -0.000181812 0.000213098 -0.0116521 0.070842 
0.0138463 -0.0231122 0.000193304 -9.9859e-05 -0.0231122 0.102452 -0.000122872 9.07147e-06 0.000193304 -0.000122872 0.0049627 -0.0116015 -9.9859e-05 9.07147e-06 -0.0116015 0.0707445 
0.0138596 -0.0231833 0.000208566 -7.65494e-05 -0.0231833 0.10265 -9.36062e-05 -0.000129982 0.000208566 -9.36062e-05 0.00496194 -0.0115428 -7.65494e-05 -0.000129982 -0.0115428 0.0706642 
0.013833 -0.0232105 0.000285047 -0.00019442 -0.0232105 0.102794 -0.00019529 0.000108201 0.000285047 -0.00019529 0.00501104 -0.0115337 -0.00019442 0.000108201 -0.0115337 0.0706108 
0.0137735 -0.0231497 0.000385297 -0.000316146 -0.0231497 0.102673 -0.000304601 0.00042659 0.000385297 -0.000304601 0.00507366 -0.0115857 -0.000316146 0.00042659 -0.0115857 0.0706201 
0.0137416 -0.0230848 0.00044304 -0.000413005 -0.0230848 0.10254 -0.0003905 0.000662433 0.00044304 -0.0003905 0.00513362 -0.0116826 -0.000413005 0.000662433 -0.0116826 0.07083 
0.0137719 -0.0230575 0.000507275 -0.000512485 -0.0230575 0.102478 -0.000484831 0.000939973 0.000507275 -0.000484831 0.00514174 -0.0117831 -0.000512485 0.000939973 -0.0117831 0.0711424 
0.0138478 -0.0230945 0.000517434 -0.000580258 -0.0230945 0.102517 -0.000552827 0.00114252 0.000517434 -0.000552827 0.00509254 -0.0118111 -0.000580258 0.00114252 -0.0118111 0.0713466 
0.0138829 -0.0231768 0.000467914 -0.00054159 -0.0231768 0.102636 -0.000522064 0.00110857 0.000467914 -0.000522064 0.00504976 -0.0117446 -0.00054159 0.00110857 -0.0117446 0.0712852 
0.0138814 -0.0232288 0.00043887 -0.000461605 -0.0232288 0.102786 -0.000458203 0.000956078 0.00043887 -0.000458203 0.00503983 -0.0116843 -0.000461605 0.000956078 -0.0116843 0.0711319 
0.0138658 -0.0232335 0.000388459 -0.00039403 -0.0232335 0.102868 -0.000401853 0.000754702 0.000388459 -0.000401853 0.00504553 -0.0116686 -0.00039403 0.000754702 -0.0116686 0.0710443 
0.0138534 -0.0232153 0.00037863 -0.00033097 -0.0232153 0.102874 -0.000346543 0.000588116 0.00037863 -0.000346543 0.00503827 -0.0116783 -0.00033097 0.000588116 -0.0116783 0.0710437 
0.0138731 -0.0231957 0.000419679 -0.000344303 -0.0231957 0.102833 -0.000358663 0.000568317 0.000419679 -0.000358663 0.00500578 -0.0116684 -0.000344303 0.000568317 -0.0116684 0.0710385 
0.013894 -0.0231895 0.000410914 -0.000404426 -0.0231895 0.102723 -0.000406717 0.000656929 0.000410914 -0.000406717 0.00494969 -0.0116063 -0.000404426 0.000656929 -0.0116063 0.0708637 
0.0139926 -0.023263 0.000399802 -0.000428343 -0.023263 0.102923 -0.000426376 0.000776893 0.000399802 -0.000426376 0.00486274 -0.0115434 -0.000428343 0.000776893 -0.0115434 0.0707582 
0.0140064 -0.023343 0.000402895 -0.000400551 -0.023343 0.103016 -0.000402368 0.000764419 0.000402895 -0.000402368 0.00484172 -0.0114022 -0.000400551 0.000764419 -0.0114022 0.0703756 
0.014037 -0.0234201 0.000415296 -0.000392543 -0.0234201 0.103333 -0.000395163 0.000723868 0.000415296 -0.000395163 0.00485771 -0.0113843 -0.000392543 0.000723868 -0.0113843 0.0702545 
0.0139883 -0.0234329 0.000493114 -0.000431786 -0.0234329 0.103409 -0.000430734 0.00079706 0.000493114 -0.000430734 0.00493453 -0.0114026 -0.000431786 0.00079706 -0.0114026 0.0702122 
0.0139512 -0.0233716 0.00057218 -0.000522941 -0.0233716 0.103331 -0.000511362 0.000951273 0.00057218 -0.000511362 0.00499795 -0.0115111 -0.000522941 0.000951273 -0.0115111 0.0703864 
0.0139133 -0.0233111 0.000655587 -0.000643003 -0.0233111 0.103156 -0.000618171 0.00122029 0.000655587 -0.000618171 0.00504501 -0.0116113 -0.000643003 0.00122029 -0.0116113 0.0706486 
0.0139011 -0.0232788 0.000664743 -0.000740634 -0.0232788 0.10307 -0.000706749 0.00146723 0.000664743 -0.000706749 0.00507242 -0.0116914 -0.000740634 0.00146723 -0.0116914 0.0709347 
0.0139183 -0.0232716 0.000629101 -0.000724324 -0.0232716 0.103056 -0.000699954 0.00152217 0.000629101 -0.000699954 0.00507736 -0.0117377 -0.000724324 0.00152217 -0.0117377 0.0711529 
0.01394 -0.0232679 0.000566447 -0.000648704 -0.0232679 0.102979 -0.000642299 0.00139775 0.000566447 -0.000642299 0.00505035 -0.0117359 -0.000648704 0.00139775 -0.0117359 0.0711831 
0.013987 -0.0233235 0.00050297 -0.000525391 -0.0233235 0.103122 -0.000536811 0.00110946 0.00050297 -0.000536811 0.00500503 -0.0117171 -0.000525391 0.00110946 -0.0117171 0.0712166 
0.0140265 -0.0233744 0.000511224 -0.000513411 -0.0233744 0.103238 -0.000531419 0.00105534 0.000511224 -0.000531419 0.00497046 -0.0116617 -0.000513411 0.00105534 -0.0116617 0.0711348 
0.014042 -0.0234115 0.00050416 -0.000519691 -0.0234115 0.103304 -0.000534983 0.00104216 0.00050416 -0.000534983 0.0049651 -0.0116057 -0.000519691 0.00104216 -0.0116057 0.0709638 
0.0140863 -0.0234523 0.000507352 -0.00051708 -0.0234523 0.103446 -0.000528093 0.00104218 0.000507352 -0.000528093 0.00494851 -0.0116072 -0.00051708 0.00104218 -0.0116072 0.0709285 
0.014102 -0.0235104 0.000537105 -0.000518318 -0.0235104 0.1036 -0.000526598 0.00103517 0.000537105 -0.000526598 0.00495613 -0.0116003 -0.000518318 0.00103517 -0.0116003 0.0709334 
0.0141001 -0.0235267 0.000558648 -0.000538478 -0.0235267 0.103678 -0.000538937 0.00103353 0.000558648 -0.000538937 0.00496854 -0.0116117 -0.000538478 0.00103353 -0.0116117 0.0709481 
0.0141302 -0.0235448 0.000564583 -0.000581104 -0.0235448 0.103784 -0.000574796 0.00111625 0.000564583 -0.000574796 0.00495844 -0.0116453 -0.000581104 0.00111625 -0.0116453 0.0710657 
0.014143 -0.0235399 0.000603119 -0.000578756 -0.0235399 0.1037 -0.000572249 0.00113531 0.000603119 -0.000572249 0.00491958 -0.0116202 -0.000578756 0.00113531 -0.0116202 0.0709997 
0.0141818 -0.0235952 0.000551631 -0.000578567 -0.0235952 0.103862 -0.000566596 0.00106809 0.000551631 -0.000566596 0.00487002 -0.0115796 -0.000578567 0.00106809 -0.0115796 0.0709648 
0.0142149 -0.0236297 0.00053248 -0.000567696 -0.0236297 0.103945 -0.000559479 0.00110252 0.00053248 -0.000559479 0.0048174 -0.0115075 -0.000567696 0.00110252 -0.0115075 0.070797 
0.0142548 -0.0236737 0.000539216 -0.000586008 -0.0236737 0.104047 -0.00058715 0.00120238 0.000539216 -0.00058715 0.00478262 -0.0114372 -0.000586008 0.00120238 -0.0114372 0.0706088 
0.0142998 -0.0237349 0.000512 -0.000559502 -0.0237349 0.104216 -0.000566673 0.00116374 0.000512 -0.000566673 0.00475692 -0.0113883 -0.000559502 0.00116374 -0.0113883 0.0704548 
0.0142374 -0.0237926 0.000520741 -0.000458465 -0.0237926 0.104392 -0.000471586 0.000914422 0.000520741 -0.000471586 0.00481828 -0.0113508 -0.000458465 0.000914422 -0.0113508 0.0703261 
0.0141797 -0.0237058 0.000565114 -0.000500012 -0.0237058 0.104293 -0.000505669 0.00089876 0.000565114 -0.000505669 0.00487701 -0.0114221 -0.000500012 0.00089876 -0.0114221 0.0703634 
0.0141317 -0.0236202 0.00060482 -0.000541033 -0.0236202 0.104074 -0.000536574 0.000942283 0.00060482 -0.000536574 0.00491581 -0.011501 -0.000541033 0.000942283 -0.011501 0.0705228 
0.0141178 -0.023563 0.000609082 -0.000586757 -0.023563 0.103905 -0.000571573 0.00101749 0.000609082 -0.000571573 0.00490835 -0.0115556 -0.000586757 0.00101749 -0.0115556 0.0706977 
0.0140796 -0.023544 0.000654172 -0.000636016 -0.023544 0.103802 -0.000618083 0.00117957 0.000654172 -0.000618083 0.00495591 -0.0115485 -0.000636016 0.00117957 -0.0115485 0.0707617 
0.0140761 -0.0234995 0.000649507 -0.000706991 -0.0234995 0.103704 -0.000687766 0.00136714 0.000649507 -0.000687766 0.0049766 -0.0116021 -0.000706991 0.00136714 -0.0116021 0.0708466 
0.0140831 -0.0234848 0.000599772 -0.00068118 -0.0234848 0.103615 -0.000669074 0.00139468 0.000599772 -0.000669074 0.00497892 -0.0116312 -0.00068118 0.00139468 -0.0116312 0.0709263 
0.0140927 -0.0235244 0.000537186 -0.000588237 -0.0235244 0.103731 -0.000591475 0.00123212 0.000537186 -0.000591475 0.00497827 -0.0116547 -0.000588237 0.00123212 -0.0116547 0.0710647 
0.0140618 -0.0235057 0.000481093 -0.000476513 -0.0235057 0.103677 -0.000493907 0.000956959 0.000481093 -0.000493907 0.00498789 -0.0116434 -0.000476513 0.000956959 -0.0116434 0.0710464 
0.0140613 -0.0234877 0.000497711 -0.000452854 -0.0234877 0.103677 -0.00047572 0.000866898 0.000497711 -0.00047572 0.00499277 -0.0116674 -0.000452854 0.000866898 -0.0116674 0.0711313 
0.0140367 -0.023476 0.000491609 -0.000453047 -0.023476 0.103632 -0.000469478 0.000804893 0.000491609 -0.000469478 0.00500793 -0.0116709 -0.000453047 0.000804893 -0.0116709 0.0711616 
0.0140081 -0.0234208 0.000459562 -0.000404234 -0.0234208 0.103469 -0.000412014 0.000651095 0.000459562 -0.000412014 0.00499001 -0.0116688 -0.000404234 0.000651095 -0.0116688 0.0711032 
0.0140305 -0.0233897 0.000371455 -0.000373419 -0.0233897 0.103362 -0.00037693 0.000544943 0.000371455 -0.00037693 0.00494113 -0.0116416 -0.000373419 0.000544943 -0.0116416 0.0710418 
0.014113 -0.0234348 0.000320421 -0.000315172 -0.0234348 0.103435 -0.000324929 0.000485129 0.000320421 -0.000324929 0.00485308 -0.0115823 -0.000315172 0.000485129 -0.0115823 0.0709495 
0.0141723 -0.0235252 0.000360344 -0.000301322 -0.0235252 0.103574 -0.000318255 0.000500276 0.000360344 -0.000318255 0.00478836 -0.0114594 -0.000301322 0.000500276 -0.0114594 0.0706752 
0.0142034 -0.0235978 0.000352207 -0.000298463 -0.0235978 0.103746 -0.000307463 0.000424299 0.000352207 -0.000307463 0.00473537 -0.0113568 -0.000298463 0.000424299 -0.0113568 0.0703412 
0.0141919 -0.0236804 0.00030982 -0.000265966 -0.0236804 0.104058 -0.000265308 0.000314346 0.00030982 -0.000265308 0.00475507 -0.0112951 -0.000265966 0.000314346 -0.0112951 0.0701732 
0.0141829 -0.0236247 0.000283316 -0.00026072 -0.0236247 0.103982 -0.000259288 0.000321461 0.000283316 -0.000259288 0.00474371 -0.0112951 -0.00026072 0.000321461 -0.0112951 0.0700154 
0.0142394 -0.0236403 0.000254977 -0.000254085 -0.0236403 0.104034 -0.000258983 0.000353521 0.000254977 -0.000258983 0.00471236 -0.0113013 -0.000254085 0.000353521 -0.0113013 0.0700516 
0.0142529 -0.0236957 0.000235444 -0.000220794 -0.0236957 0.104107 -0.000233334 0.000324514 0.000235444 -0.000233334 0.00472958 -0.011262 -0.000220794 0.000324514 -0.011262 0.0699864 
0.014245 -0.0237087 0.000293685 -0.000175273 -0.0237087 0.104152 -0.000191825 0.000215492 0.000293685 -0.000191825 0.00475967 -0.0112831 -0.000175273 0.000215492 -0.0112831 0.0699658 
0.0142598 -0.0237142 0.000347982 -0.000236874 -0.0237142 0.104207 -0.000240483 0.000233194 0.000347982 -0.000240483 0.00476273 -0.0113407 -0.000236874 0.000233194 -0.0113407 0.070104 
0.0142998 -0.0237415 0.000301552 -0.000290862 -0.0237415 0.104298 -0.000276318 0.000303046 0.000301552 -0.000276318 0.00472757 -0.0113623 -0.000290862 0.000303046 -0.0113623 0.0702473 
0.0143478 -0.0237753 0.00026314 -0.000249866 -0.0237753 0.10435 -0.000237171 0.000297239 0.00026314 -0.000237171 0.00465884 -0.0113161 -0.000249866 0.000297239 -0.0113161 0.0702031 
0.0144126 -0.0238631 0.000288692 -0.00024571 -0.0238631 0.104579 -0.000243765 0.000339089 0.000288692 -0.000243765 0.00461432 -0.0112385 -0.00024571 0.000339089 -0.0112385 0.0701044 
0.0144534 -0.0239286 0.000246597 -0.000229808 -0.0239286 0.104734 -0.000229524 0.000271804 0.000246597 -0.000229524 0.00456062 -0.0111631 -0.000229808 0.000271804 -0.0111631 0.0698744 
0.0144745 -0.0239708 0.000188637 -0.000134476 -0.0239708 0.104844 -0.000137311 5.33631e-05 0.000188637 -0.000137311 0.00450693 -0.0110814 -0.000134476 5.33631e-05 -0.0110814 0.0696145 
0.0145194 -0.0240271 0.000144593 -8.83031e-05 -0.0240271 0.105048 -9.52666e-05 -7.80599e-05 0.000144593 -9.52666e-05 0.00446095 -0.011019 -8.83031e-05 -7.80599e-05 -0.011019 0.069458 
0.0145011 -0.0240411 0.00013378 -5.23074e-05 -0.0240411 0.105038 -6.14119e-05 -0.000157936 0.00013378 -6.14119e-05 0.0044609 -0.0109355 -5.23074e-05 -0.000157936 -0.0109355 0.0691716 
0.0144915 -0.0240466 0.00015308 -4.15557e-05 -0.0240466 0.105108 -5.0604e-05 -0.000203723 0.00015308 -5.0604e-05 0.00448079 -0.0109383 -4.15557e-05 -0.000203723 -0.0109383 0.0690871 
0.0145312 -0.0240575 0.000169741 -0.000102733 -0.0240575 0.105209 -0.000106478 -8.46761e-05 0.000169741 -0.000106478 0.0044804 -0.0109829 -0.000102733 -8.46761e-05 -0.0109829 0.0692 
0.0145313 -0.0240806 0.00012682 -6.37663e-05 -0.0240806 0.10523 -6.36921e-05 -0.000166164 0.00012682 -6.36921e-05 0.00449181 -0.0109823 -6.37663e-05 -0.000166164 -0.0109823 0.0692263 
0.0144679 -0.0240653 9.8572e-05 -1.884e-05 -0.0240653 0.105171 -2.10445e-05 -0.000260972 9.8572e-05 -2.10445e-05 0.0045559 -0.0109928 -1.884e-05 -0.000260972 -0.0109928 0.0692133 
0.0144477 -0.0239934 7.03776e-05 2.62684e-05 -0.0239934 0.105045 1.92127e-05 -0.000378576 7.03776e-05 1.92127e-05 0.00456643 -0.0110824 2.62684e-05 -0.000378576 -0.0110824 0.0693662 
0.0144615 -0.0239897 3.93209e-05 5.20473e-05 -0.0239897 0.105043 4.07539e-05 -0.000450189 3.93209e-05 4.07539e-05 0.00457198 -0.0111261 5.20473e-05 -0.000450189 -0.0111261 0.0696021 
0.0144984 -0.023977 3.06152e-05 9.37055e-05 -0.023977 0.104948 8.02105e-05 -0.000542911 3.06152e-05 8.02105e-05 0.00451337 -0.0111247 9.37055e-05 -0.000542911 -0.0111247 0.0696398 
0.0145406 -0.0240218 -3.41593e-05 0.000129619 -0.0240218 0.104985 0.000121685 -0.000679879 -3.41593e-05 0.000121685 0.00444235 -0.0110481 0.000129619 -0.000679879 -0.0110481 0.0695248 
0.0145719 -0.0241011 -0.000123656 0.000211013 -0.0241011 0.105199 0.000203404 -0.000857475 -0.000123656 0.000203404 0.00439686 -0.0109525 0.000211013 -0.000857475 -0.0109525 0.0693353 
0.0145761 -0.0241233 -8.77486e-05 0.000265007 -0.0241233 0.105267 0.000250879 -0.00093895 -8.77486e-05 0.000250879 0.00436684 -0.0108716 0.000265007 -0.00093895 -0.0108716 0.0690599 
0.0145906 -0.0241576 -0.000104362 0.000238015 -0.0241576 0.105418 0.000228708 -0.00096416 -0.000104362 0.000228708 0.00436117 -0.0108349 0.000238015 -0.00096416 -0.0108349 0.0689302 
0.0146015 -0.0241638 -8.27075e-05 0.000226848 -0.0241638 0.105459 0.000221417 -0.000902919 -8.27075e-05 0.000221417 0.00435502 -0.0108182 0.000226848 -0.000902919 -0.0108182 0.0688322 
0.0146184 -0.024185 -1.36567e-05 0.000184291 -0.024185 0.105524 0.000182842 -0.000803495 -1.36567e-05 0.000182842 0.00435697 -0.0108139 0.000184291 -0.000803495 -0.0108139 0.0688069 
0.0146288 -0.0241894 4.30668e-05 8.82749e-05 -0.0241894 0.105509 9.66887e-05 -0.000611302 4.30668e-05 9.66887e-05 0.00435729 -0.0108127 8.82749e-05 -0.000611302 -0.0108127 0.0687624 
0.0146523 -0.0242081 -2.34111e-05 6.19336e-05 -0.0242081 0.105553 7.99718e-05 -0.000548583 -2.34111e-05 7.99718e-05 0.00434152 -0.0108188 6.19336e-05 -0.000548583 -0.0108188 0.0687703 
0.0146626 -0.0242494 -5.56143e-05 0.000128802 -0.0242494 0.105666 0.000136984 -0.000598185 -5.56143e-05 0.000136984 0.00434398 -0.0108099 0.000128802 -0.000598185 -0.0108099 0.0687908 
0.0146612 -0.0242538 -6.85278e-05 0.000185101 -0.0242538 0.105694 0.000179477 -0.000728412 -6.85278e-05 0.000179477 0.00435479 -0.0108128 0.000185101 -0.000728412 -0.0108128 0.0687844 
0.0146939 -0.0242467 -5.58863e-05 0.000197474 -0.0242467 0.105677 0.000187506 -0.000790817 -5.58863e-05 0.000187506 0.00433156 -0.0108311 0.000197474 -0.000790817 -0.0108311 0.0688129 
0.0147324 -0.0243118 6.5501e-06 0.000180054 -0.0243118 0.105836 0.000176065 -0.000791505 6.5501e-06 0.000176065 0.00431607 -0.0108223 0.000180054 -0.000791505 -0.0108223 0.0688806 
0.0147297 -0.0243327 0.000100367 6.16213e-05 -0.0243327 0.105857 7.08197e-05 -0.000568184 0.000100367 7.08197e-05 0.00431887 -0.0107947 6.16213e-05 -0.000568184 -0.0107947 0.0688018 
0.0147731 -0.0243675 0.00014058 -7.29935e-05 -0.0243675 0.106012 -4.98165e-05 -0.000250119 0.00014058 -4.98165e-05 0.0043132 -0.0108143 -7.29935e-05 -0.000250119 -0.0108143 0.0688658 
0.0147682 -0.0243948 0.000132148 -0.000108166 -0.0243948 0.106048 -8.29963e-05 -7.87421e-05 0.000132148 -8.29963e-05 0.00432338 -0.0108057 -0.000108166 -7.87421e-05 -0.0108057 0.0688451 
0.0147681 -0.0244144 6.06371e-05 -6.62167e-05 -0.0244144 0.106161 -5.28588e-05 -0.000110979 6.06371e-05 -5.28588e-05 0.00433548 -0.010831 -6.62167e-05 -0.000110979 -0.010831 0.0689202 
0.014758 -0.0243923 -8.39013e-06 6.86334e-05 -0.0243923 0.106121 6.19934e-05 -0.000374458 -8.39013e-06 6.19934e-05 0.00433126 -0.0108438 6.86334e-05 -0.000374458 -0.0108438 0.0689465 
0.0147318 -0.024374 -2.48293e-05 0.000172227 -0.024374 0.106064 0.000151216 -0.000661557 -2.48293e-05 0.000151216 0.0043475 -0.0108386 0.000172227 -0.000661557 -0.0108386 0.0689508 
0.0147049 -0.0243483 -3.11119e-05 0.000187641 -0.0243483 0.106017 0.000168808 -0.00079926 -3.11119e-05 0.000168808 0.00436589 -0.0108585 0.000187641 -0.00079926 -0.0108585 0.0689896 
0.0147027 -0.024301 -5.66684e-05 0.000192465 -0.024301 0.105887 0.000179229 -0.000852079 -5.66684e-05 0.000179229 0.0043431 -0.0108764 0.000192465 -0.000852079 -0.0108764 0.0690128 
0.0147131 -0.0243025 -2.18491e-05 0.000201581 -0.0243025 0.105845 0.00019146 -0.000858729 -2.18491e-05 0.00019146 0.0043091 -0.0108483 0.000201581 -0.000858729 -0.0108483 0.0689935 
0.0147434 -0.024327 -5.86012e-06 0.000146563 -0.024327 0.105899 0.000145572 -0.000780884 -5.86012e-06 0.000145572 0.00426536 -0.0107982 0.000146563 -0.000780884 -0.0107982 0.0689031 
0.0147319 -0.0243749 5.66902e-05 9.39139e-05 -0.0243749 0.106024 0.0001001 -0.000624383 5.66902e-05 0.0001001 0.00429348 -0.010735 9.39139e-05 -0.000624383 -0.010735 0.0687614 
0.0146772 -0.0243378 0.000131529 1.2351e-05 -0.0243378 0.10596 2.43948e-05 -0.000437094 0.000131529 2.43948e-05 0.0043682 -0.0107468 1.2351e-05 -0.000437094 -0.0107468 0.0686458 
0.0146327 -0.0242923 0.00027184 -0.000149066 -0.0242923 0.105901 -0.000129932 -3.27433e-05 0.00027184 -0.000129932 0.00448225 -0.0108633 -0.000149066 -3.27433e-05 -0.0108633 0.0688473 
0.0145703 -0.0242194 0.000343957 -0.000288268 -0.0242194 0.105717 -0.000260641 0.000300923 0.000343957 -0.000260641 0.00459309 -0.0110268 -0.000288268 0.000300923 -0.0110268 0.0692104 
0.0145584 -0.0241669 0.000350619 -0.000300761 -0.0241669 0.105636 -0.000272488 0.00036871 0.000350619 -0.000272488 0.00461357 -0.0112024 -0.000300761 0.00036871 -0.0112024 0.0697392 
0.0145611 -0.0241225 0.000310974 -0.000278407 -0.0241225 0.105468 -0.00025688 0.000319311 0.000310974 -0.00025688 0.00457842 -0.0112385 -0.000278407 0.000319311 -0.0112385 0.0700078 
0.0145702 -0.024109 0.000270396 -0.000229096 -0.024109 0.10534 -0.000218631 0.000228946 0.000270396 -0.000218631 0.00451724 -0.0111771 -0.000229096 0.000228946 -0.0111771 0.0699556 
0.014539 -0.024125 0.000238796 -0.00018185 -0.024125 0.105329 -0.000180345 0.000125907 0.000238796 -0.000180345 0.00451108 -0.0110805 -0.00018185 0.000125907 -0.0110805 0.0697367 
0.0145127 -0.024121 0.000249473 -0.000184631 -0.024121 0.105404 -0.000189407 0.000146869 0.000249473 -0.000189407 0.00454774 -0.0110665 -0.000184631 0.000146869 -0.0110665 0.0696478 
0.014481 -0.0240582 0.000192671 -0.00015204 -0.0240582 0.105262 -0.000159215 5.67117e-05 0.000192671 -0.000159215 0.00455591 -0.0110922 -0.00015204 5.67117e-05 -0.0110922 0.069594 
0.0144626 -0.0240117 0.000122909 -9.11198e-05 -0.0240117 0.105112 -0.000104538 -5.26507e-05 0.000122909 -0.000104538 0.00455233 -0.0111027 -9.11198e-05 -5.26507e-05 -0.0111027 0.0696008 
0.0144502 -0.0240183 0.000173536 -4.46535e-05 -0.0240183 0.105143 -6.75446e-05 -0.000116141 0.000173536 -6.75446e-05 0.00458237 -0.0111127 -4.46535e-05 -0.000116141 -0.0111127 0.0696868 
0.0144276 -0.0239816 0.000242941 -0.00010814 -0.0239816 0.105047 -0.000124607 -5.81412e-05 0.000242941 -0.000124607 0.00460501 -0.0111382 -0.00010814 -5.81412e-05 -0.0111382 0.0697169 
0.0144393 -0.0239358 0.000240124 -0.000172893 -0.0239358 0.104893 -0.000172395 3.56497e-05 0.000240124 -0.000172395 0.00458049 -0.0111572 -0.000172893 3.56497e-05 -0.0111572 0.0697264 
0.0144654 -0.0239604 0.000223445 -0.000159167 -0.0239604 0.104896 -0.000151787 3.97385e-05 0.000223445 -0.000151787 0.00453838 -0.0111299 -0.000159167 3.97385e-05 -0.0111299 0.0697039 
0.0144572 -0.0239827 0.000180522 -0.000116267 -0.0239827 0.104912 -0.000109304 -6.33024e-05 0.000180522 -0.000109304 0.00450851 -0.0110604 -0.000116267 -6.33024e-05 -0.0110604 0.0695337 
0.0144805 -0.0240057 0.000150748 -6.96733e-05 -0.0240057 0.105041 -6.69831e-05 -0.000168366 0.000150748 -6.69831e-05 0.00447823 -0.0110194 -6.96733e-05 -0.000168366 -0.0110194 0.0694302 
0.0144786 -0.0239873 8.36779e-05 -1.19376e-05 -0.0239873 0.104944 -1.43211e-05 -0.000321301 8.36779e-05 -1.43211e-05 0.00444785 -0.0109503 -1.19376e-05 -0.000321301 -0.0109503 0.0691756 
0.0144925 -0.0240162 3.39675e-05 2.96232e-05 -0.0240162 0.105024 2.30499e-05 -0.000389097 3.39675e-05 2.30499e-05 0.00444488 -0.0109146 2.96232e-05 -0.000389097 -0.0109146 0.0690549 
0.0144972 -0.0240175 -8.88246e-06 8.22375e-05 -0.0240175 0.105012 6.82078e-05 -0.000478874 -8.88246e-06 6.82078e-05 0.00444633 -0.0109028 8.22375e-05 -0.000478874 -0.0109028 0.068949 
0.0144647 -0.0240441 -3.74005e-06 0.0001281 -0.0240441 0.105101 0.000109208 -0.000575641 -3.74005e-06 0.000109208 0.00451383 -0.0109192 0.0001281 -0.000575641 -0.0109192 0.0689886 
0.0144574 -0.024017 -1.56956e-05 0.000138377 -0.024017 0.105137 0.000121911 -0.000654478 -1.56956e-05 0.000121911 0.0045417 -0.0110216 0.000138377 -0.000654478 -0.0110216 0.0692147 
0.0144025 -0.0239764 -8.81984e-06 0.000178534 -0.0239764 0.105009 0.000165694 -0.000775459 -8.81984e-06 0.000165694 0.00457921 -0.0110675 0.000178534 -0.000775459 -0.0110675 0.0693827 
0.0143354 -0.0238963 -7.15935e-06 0.000174398 -0.0238963 0.104802 0.000168987 -0.000834688 -7.15935e-06 0.000168987 0.00461512 -0.0111102 0.000174398 -0.000834688 -0.0111102 0.0694959 
0.0143071 -0.0238366 -6.82484e-05 0.000186038 -0.0238366 0.104692 0.00018706 -0.000891266 -6.82484e-05 0.00018706 0.00463104 -0.0111635 0.000186038 -0.000891266 -0.0111635 0.0696821 
0.0142865 -0.0237676 -0.000107665 0.000203459 -0.0237676 0.104447 0.00020009 -0.00086289 -0.000107665 0.00020009 0.00463896 -0.0111651 0.000203459 -0.00086289 -0.0111651 0.0696957 
0.0143032 -0.0237562 -0.000127759 0.000266346 -0.0237562 0.104376 0.000252997 -0.00096169 -0.000127759 0.000252997 0.00463509 -0.0111774 0.000266346 -0.00096169 -0.0111774 0.0697347 
0.0143088 -0.0237706 -0.000163333 0.00030179 -0.0237706 0.104356 0.000286829 -0.00107407 -0.000163333 0.000286829 0.0046202 -0.01117 0.00030179 -0.00107407 -0.01117 0.0697226 
0.0143146 -0.0237959 -0.000134994 0.000321264 -0.0237959 0.104436 0.00030884 -0.00111915 -0.000134994 0.00030884 0.00460083 -0.0111566 0.000321264 -0.00111915 -0.0111566 0.0697244 
0.014306 -0.0237928 -8.80946e-05 0.000252753 -0.0237928 0.104427 0.000248268 -0.00100073 -8.80946e-05 0.000248268 0.00458787 -0.0111214 0.000252753 -0.00100073 -0.0111214 0.0696379 
0.0143493 -0.0237851 -0.000104038 0.000206203 -0.0237851 0.104423 0.000212066 -0.000896488 -0.000104038 0.000212066 0.00451608 -0.0110971 0.000206203 -0.000896488 -0.0110971 0.069557 
0.0143613 -0.0238336 -0.000131351 0.000217436 -0.0238336 0.104479 0.000223179 -0.000857977 -0.000131351 0.000223179 0.00449608 -0.0109957 0.000217436 -0.000857977 -0.0109957 0.0693442 
0.0143422 -0.0238745 -9.03389e-05 0.000266468 -0.0238745 0.104643 0.000263915 -0.000934026 -9.03389e-05 0.000263915 0.00452688 -0.0109594 0.000266468 -0.000934026 -0.0109594 0.0691969 
0.0142671 -0.0238125 -6.89947e-05 0.000243603 -0.0238125 0.104513 0.000244315 -0.000979618 -6.89947e-05 0.000244315 0.00459319 -0.0109773 0.000243603 -0.000979618 -0.0109773 0.0690879 
0.0142124 -0.023745 -3.08788e-05 0.000177897 -0.023745 0.104407 0.000186417 -0.000842274 -3.08788e-05 0.000186417 0.00466834 -0.0110739 0.000177897 -0.000842274 -0.0110739 0.0692603 
0.0142149 -0.0236746 2.8879e-06 0.000105181 -0.0236746 0.104252 0.000116372 -0.000643444 2.8879e-06 0.000116372 0.00467691 -0.0111848 0.000105181 -0.000643444 -0.0111848 0.0695517 
0.0142387 -0.0236537 -5.5695e-06 0.000102825 -0.0236537 0.104104 0.00011274 -0.000603351 -5.5695e-06 0.00011274 0.00463807 -0.0112027 0.000102825 -0.000603351 -0.0112027 0.0696963 
0.0142255 -0.0236792 2.56825e-05 8.88472e-05 -0.0236792 0.104074 9.63488e-05 -0.000540321 2.56825e-05 9.63488e-05 0.00464869 -0.0111467 8.88472e-05 -0.000540321 -0.0111467 0.0696324 
0.014214 -0.0236797 5.66481e-05 2.21826e-05 -0.0236797 0.104104 2.99489e-05 -0.000379325 5.66481e-05 2.99489e-05 0.00468288 -0.011152 2.21826e-05 -0.000379325 -0.011152 0.0695931 
0.0141706 -0.0236781 0.000115022 -1.88998e-05 -0.0236781 0.104141 -1.28766e-05 -0.000239835 0.000115022 -1.28766e-05 0.0047563 -0.011207 -1.88998e-05 -0.000239835 -0.011207 0.0697048 
0.0141346 -0.0236077 0.000136878 -5.28603e-05 -0.0236077 0.104007 -4.49836e-05 -0.000181982 0.000136878 -4.49836e-05 0.00480373 -0.0113076 -5.28603e-05 -0.000181982 -0.0113076 0.0699087 
