0.0035618 0 -0.000799057 0 0 0.00998086 0 0 -0.000799057 0 0.00984881 0 0 0 0 0.00998086 
0.00509676 -0.00635752 -0.00111957 0.00137918 -0.00635752 0.0213486 0.00137918 -0.00264398 -0.00111957 0.00137918 0.0138956 -0.0171998 0.00137918 -0.00264398 -0.0171998 0.0421386 
0.00537174 -0.0105027 -0.00113071 0.00188231 -0.0105027 0.0426461 0.00188231 -0.00600852 -0.00113071 0.00188231 0.0135324 -0.0245695 0.00188231 -0.00600852 -0.0245695 0.0875434 
0.00527915 -0.0116968 -0.00109621 0.00151831 -0.0116968 0.0571936 0.00153782 -0.00554978 -0.00109621 0.00153782 0.0125882 -0.0227508 0.00151831 -0.00554978 -0.0227508 0.0980738 
0.00520205 -0.012093 -0.00108878 0.00135036 -0.012093 0.0659219 0.00140278 -0.00441604 -0.00108878 0.00140278 0.0127179 -0.0216767 0.00135036 -0.00441604 -0.0216767 0.0982529 
0.00521099 -0.0120256 -0.00111332 0.00136802 -0.0120256 0.0698587 0.00141868 -0.0039976 -0.00111332 0.00141868 0.013015 -0.0218642 0.00136802 -0.0039976 -0.0218642 0.0987022 
0.00524715 -0.0119277 -0.00117611 0.00150284 -0.0119277 0.071146 0.00153378 -0.00417714 -0.00117611 0.00153378 0.0131793 -0.0222006 0.00150284 -0.00417714 -0.0222006 0.0996937 
0.00524691 -0.0118311 -0.00116996 0.00157915 -0.0118311 0.0712067 0.00159715 -0.00436577 -0.00116996 0.00159715 0.0132376 -0.0223141 0.00157915 -0.00436577 -0.0223141 0.100165 
0.00523997 -0.0117801 -0.00118405 0.00158717 -0.0117801 0.0710733 0.0015885 -0.00445453 -0.00118405 0.0015885 0.0132904 -0.0223722 0.00158717 -0.00445453 -0.0223722 0.100421 
0.00525837 -0.0117203 -0.00115262 0.00155098 -0.0117203 0.0707786 0.00154281 -0.0043429 -0.00115262 0.00154281 0.0132821 -0.022407 0.00155098 -0.0043429 -0.022407 0.100455 
0.00527181 -0.0117383 -0.00108375 0.0014721 -0.0117383 0.0706777 0.00146259 -0.0041256 -0.00108375 0.00146259 0.0132805 -0.0224198 0.0014721 -0.0041256 -0.0224198 0.100523 
0.00530673 -0.0117941 -0.00108022 0.00144229 -0.0117941 0.0708007 0.00142943 -0.00404975 -0.00108022 0.00142943 0.0132637 -0.0224109 0.00144229 -0.00404975 -0.0224109 0.10053 
0.00526544 -0.0118464 -0.00107711 0.00140602 -0.0118464 0.0709587 0.00139551 -0.00392118 -0.00107711 0.00139551 0.0133099 -0.0223972 0.00140602 -0.00392118 -0.0223972 0.100518 
0.0052515 -0.0118118 -0.0010562 0.0013977 -0.0118118 0.0710105 0.00139104 -0.00386229 -0.0010562 0.00139104 0.0133431 -0.0224591 0.0013977 -0.00386229 -0.0224591 0.100622 
0.00522578 -0.0117853 -0.00104966 0.00137545 -0.0117853 0.0709418 0.0013708 -0.00381701 -0.00104966 0.0013708 0.0133712 -0.0224934 0.00137545 -0.00381701 -0.0224934 0.1007 
0.00528108 -0.0117756 -0.00108292 0.00142678 -0.0117756 0.0709378 0.00142356 -0.0039509 -0.00108292 0.00142356 0.0133174 -0.0225226 0.00142678 -0.0039509 -0.0225226 0.100778 
0.00531538 -0.0118634 -0.00110556 0.00145908 -0.0118634 0.0711499 0.00146244 -0.00406014 -0.00110556 0.00146244 0.0133069 -0.0224955 0.00145908 -0.00406014 -0.0224955 0.100874 
0.00532445 -0.011881 -0.00105897 0.00143284 -0.011881 0.0711843 0.00144183 -0.00400586 -0.00105897 0.00144183 0.0132702 -0.0224391 0.00143284 -0.00400586 -0.0224391 0.100683 
0.00537051 -0.0119169 -0.00105441 0.001431 -0.0119169 0.0713163 0.00143473 -0.00403871 -0.00105441 0.00143473 0.0132329 -0.0223988 0.001431 -0.00403871 -0.0223988 0.10058 
0.00541828 -0.0119697 -0.00105978 0.00143181 -0.0119697 0.0714203 0.00142892 -0.00404514 -0.00105978 0.00142892 0.0131767 -0.022335 0.00143181 -0.00404514 -0.022335 0.100397 
0.00540442 -0.0120354 -0.00106803 0.0014147 -0.0120354 0.0716062 0.00141135 -0.00399024 -0.00106803 0.00141135 0.0132016 -0.022286 0.0014147 -0.00399024 -0.022286 0.100297 
0.00535645 -0.0120009 -0.00105009 0.00135248 -0.0120009 0.0716011 0.00134947 -0.0037827 -0.00105009 0.00134947 0.01325 -0.0223221 0.00135248 -0.0037827 -0.0223221 0.100304 
0.00532764 -0.0119301 -0.00100359 0.00131693 -0.0119301 0.0714468 0.00131934 -0.00363389 -0.00100359 0.00131934 0.0132761 -0.0223844 0.00131693 -0.00363389 -0.0223844 0.100407 
0.00523998 -0.0119225 -0.00103789 0.00136364 -0.0119225 0.0714216 0.00136427 -0.00377921 -0.00103789 0.00136427 0.0133622 -0.0224116 0.00136364 -0.00377921 -0.0224116 0.100522 
0.00515299 -0.0118089 -0.00106632 0.00142276 -0.0118089 0.0712142 0.00141964 -0.00394747 -0.00106632 0.00141964 0.0134305 -0.0224998 0.00142276 -0.00394747 -0.0224998 0.100652 
0.00514741 -0.0116761 -0.00104658 0.00144311 -0.0116761 0.0708605 0.00143433 -0.00402399 -0.00104658 0.00143433 0.0134229 -0.0225957 0.00144311 -0.00402399 -0.0225957 0.100873 
0.0051511 -0.0116694 -0.0010576 0.00141667 -0.0116694 0.0707563 0.00140205 -0.0040021 -0.0010576 0.00140205 0.0134477 -0.0226356 0.00141667 -0.0040021 -0.0226356 0.101153 
0.00515049 -0.0116617 -0.00104968 0.00141104 -0.0116617 0.0706639 0.00139921 -0.00395472 -0.00104968 0.00139921 0.013453 -0.0226348 0.00141104 -0.00395472 -0.0226348 0.101169 
0.00515746 -0.0116542 -0.00101936 0.00138019 -0.0116542 0.0705889 0.00137121 -0.00386878 -0.00101936 0.00137121 0.0134493 -0.0226332 0.00138019 -0.00386878 -0.0226332 0.101137 
0.00511056 -0.0116734 -0.00100835 0.00133598 -0.0116734 0.0706203 0.00132746 -0.00375605 -0.00100835 0.00132746 0.0135009 -0.0226452 0.00133598 -0.00375605 -0.0226452 0.101181 
0.00513057 -0.0116255 -0.000995727 0.00131921 -0.0116255 0.0705807 0.0013103 -0.00367577 -0.000995727 0.0013103 0.0134953 -0.0227093 0.00131921 -0.00367577 -0.0227093 0.101299 
0.00514004 -0.0116579 -0.0010144 0.00132493 -0.0116579 0.0706243 0.00131933 -0.00368644 -0.0010144 0.00131933 0.0135001 -0.0227126 0.00132493 -0.00368644 -0.0227126 0.101391 
0.00511642 -0.0116965 -0.00107364 0.0013844 -0.0116965 0.0707726 0.00138586 -0.00384065 -0.00107364 0.00138586 0.0135356 -0.022717 0.0013844 -0.00384065 -0.022717 0.101444 
0.00505287 -0.0116512 -0.00107877 0.00138636 -0.0116512 0.0707385 0.00139459 -0.00383161 -0.00107877 0.00139459 0.0135992 -0.02277 0.00138636 -0.00383161 -0.02277 0.101543 
0.00499261 -0.0115616 -0.00107898 0.00140947 -0.0115616 0.0705314 0.00142125 -0.00389243 -0.00107898 0.00142125 0.0136454 -0.0228302 0.00140947 -0.00389243 -0.0228302 0.101633 
0.00498797 -0.0114822 -0.00108968 0.00143236 -0.0114822 0.0703008 0.00143999 -0.00397752 -0.00108968 0.00143999 0.0136383 -0.02289 0.00143236 -0.00397752 -0.02289 0.101771 
0.00499728 -0.0114695 -0.00106072 0.00143906 -0.0114695 0.0701884 0.00144473 -0.00400867 -0.00106072 0.00144473 0.0136172 -0.0228978 0.00143906 -0.00400867 -0.0228978 0.101873 
0.0049964 -0.0114981 -0.00110401 0.00145372 -0.0114981 0.0702322 0.0014543 -0.00409994 -0.00110401 0.0014543 0.0136073 -0.0228637 0.00145372 -0.00409994 -0.0228637 0.101854 
0.00498102 -0.011483 -0.00111734 0.00149009 -0.011483 0.0701872 0.00149104 -0.00416542 -0.00111734 0.00149104 0.0136016 -0.0228286 0.00149009 -0.00416542 -0.0228286 0.101724 
0.00499299 -0.011465 -0.00111645 0.00149698 -0.011465 0.0701792 0.00149888 -0.00419985 -0.00111645 0.00149888 0.0136068 -0.0228511 0.00149698 -0.00419985 -0.0228511 0.101791 
0.00498848 -0.0114429 -0.00106557 0.00143932 -0.0114429 0.0700391 0.00143884 -0.00405055 -0.00106557 0.00143884 0.0136097 -0.022841 0.00143932 -0.00405055 -0.022841 0.101736 
0.00496763 -0.0114446 -0.000994968 0.00136373 -0.0114446 0.0700258 0.00135941 -0.00384519 -0.000994968 0.00135941 0.013645 -0.0228703 0.00136373 -0.00384519 -0.0228703 0.101819 
0.00498768 -0.0114216 -0.000879947 0.00125037 -0.0114216 0.0699888 0.0012366 -0.00353645 -0.000879947 0.0012366 0.0136427 -0.022922 0.00125037 -0.00353645 -0.022922 0.101946 
0.00504082 -0.011458 -0.00085546 0.00115076 -0.011458 0.0700348 0.00112583 -0.00328964 -0.00085546 0.00112583 0.0136085 -0.0229044 0.00115076 -0.00328964 -0.0229044 0.101951 
0.00505294 -0.0115423 -0.000852583 0.00113421 -0.0115423 0.0702191 0.00111456 -0.00318095 -0.000852583 0.00111456 0.013609 -0.0228542 0.00113421 -0.00318095 -0.0228542 0.101854 
0.00506117 -0.01159 -0.000873711 0.00114338 -0.01159 0.0704624 0.00113468 -0.00319617 -0.000873711 0.00113468 0.0136353 -0.0228697 0.00114338 -0.00319617 -0.0228697 0.101885 
0.00505172 -0.0116093 -0.00089594 0.00121865 -0.0116093 0.0705612 0.00122082 -0.00340426 -0.00089594 0.00122082 0.0136462 -0.0228652 0.00121865 -0.00340426 -0.0228652 0.101815 
0.0050487 -0.0115972 -0.000888491 0.00123085 -0.0115972 0.070575 0.00123382 -0.00350027 -0.000888491 0.00123382 0.0136539 -0.0228856 0.00123085 -0.00350027 -0.0228856 0.101821 
0.00499735 -0.0116104 -0.000926058 0.00125406 -0.0116104 0.0706389 0.00125094 -0.00359857 -0.000926058 0.00125094 0.0137036 -0.0229075 0.00125406 -0.00359857 -0.0229075 0.1019 
0.00493325 -0.0115308 -0.000958498 0.00123336 -0.0115308 0.0705068 0.0012277 -0.00351373 -0.000958498 0.0012277 0.0137512 -0.022971 0.00123336 -0.00351373 -0.022971 0.10201 
0.00485257 -0.0114392 -0.000950153 0.00125408 -0.0114392 0.0702888 0.00125556 -0.00349686 -0.000950153 0.00125556 0.0138135 -0.023046 0.00125408 -0.00349686 -0.023046 0.102206 
0.00481709 -0.0113351 -0.000953961 0.00127535 -0.0113351 0.0700347 0.00127999 -0.00357708 -0.000953961 0.00127999 0.0138253 -0.0231259 0.00127535 -0.00357708 -0.0231259 0.102423 
0.00484453 -0.0112863 -0.000958149 0.00129083 -0.0112863 0.069884 0.00129287 -0.00364058 -0.000958149 0.00129287 0.0137953 -0.0231692 0.00129083 -0.00364058 -0.0231692 0.102659 
0.00488262 -0.0112854 -0.000926691 0.00124693 -0.0112854 0.0697458 0.00124927 -0.00353486 -0.000926691 0.00124927 0.0137457 -0.0231138 0.00124693 -0.00353486 -0.0231138 0.102605 
0.00493249 -0.0113278 -0.000863893 0.00122576 -0.0113278 0.0697383 0.00123051 -0.00348224 -0.000863893 0.00123051 0.0136884 -0.0230267 0.00122576 -0.00348224 -0.0230267 0.102381 
0.00499378 -0.011392 -0.000789687 0.00115531 -0.011392 0.0698318 0.00115349 -0.0033534 -0.000789687 0.00115349 0.0136296 -0.0229427 0.00115531 -0.0033534 -0.0229427 0.102126 
0.00506405 -0.011489 -0.000753088 0.00108865 -0.011489 0.0700745 0.00107395 -0.00320208 -0.000753088 0.00107395 0.0135899 -0.0228755 0.00108865 -0.00320208 -0.0228755 0.101948 
0.0050812 -0.0115858 -0.000695175 0.00100969 -0.0115858 0.0703444 0.000989502 -0.00296395 -0.000695175 0.000989502 0.0135959 -0.0228298 0.00100969 -0.00296395 -0.0228298 0.101809 
0.00507716 -0.0116435 -0.000763049 0.00102598 -0.0116435 0.0706077 0.00100362 -0.00300029 -0.000763049 0.00100362 0.013602 -0.0228212 0.00102598 -0.00300029 -0.0228212 0.101731 
0.00505123 -0.0116331 -0.000846437 0.00110967 -0.0116331 0.0706516 0.00109771 -0.00315985 -0.000846437 0.00109771 0.0135994 -0.0228064 0.00110967 -0.00315985 -0.0228064 0.101623 
0.00504925 -0.011592 -0.000878022 0.00116168 -0.011592 0.0706068 0.00116786 -0.00328423 -0.000878022 0.00116786 0.0136025 -0.0228323 0.00116168 -0.00328423 -0.0228323 0.10168 
0.00508186 -0.0115854 -0.000885172 0.00121846 -0.0115854 0.0705688 0.00123294 -0.00346086 -0.000885172 0.00123294 0.0135648 -0.0228388 0.00121846 -0.00346086 -0.0228388 0.101725 
0.00515845 -0.0116195 -0.000883279 0.0011891 -0.0116195 0.0706202 0.00120143 -0.00343599 -0.000883279 0.00120143 0.0135052 -0.0228106 0.0011891 -0.00343599 -0.0228106 0.101739 
0.00517666 -0.0117158 -0.000854553 0.00117519 -0.0117158 0.0707923 0.00118696 -0.00337468 -0.000854553 0.00118696 0.0134919 -0.0227282 0.00117519 -0.00337468 -0.0227282 0.101591 
0.00517528 -0.0117557 -0.000908632 0.00120222 -0.0117557 0.0709349 0.00120872 -0.00346212 -0.000908632 0.00120872 0.013479 -0.0226693 0.00120222 -0.00346212 -0.0226693 0.101349 
0.00516717 -0.011759 -0.000969907 0.00126403 -0.011759 0.0710177 0.00126989 -0.00358268 -0.000969907 0.00126989 0.0134799 -0.0226682 0.00126403 -0.00358268 -0.0226682 0.101295 
0.00515476 -0.0117415 -0.00102421 0.00133043 -0.0117415 0.0710085 0.00134178 -0.00373957 -0.00102421 0.00134178 0.0134815 -0.0226751 0.00133043 -0.00373957 -0.0226751 0.101301 
0.00517017 -0.0117231 -0.00111864 0.00143482 -0.0117231 0.0709549 0.00145247 -0.0040242 -0.00111864 0.00145247 0.0134451 -0.0226616 0.00143482 -0.0040242 -0.0226616 0.101254 
0.00522373 -0.0117071 -0.00111015 0.00148079 -0.0117071 0.0708394 0.00150604 -0.00413617 -0.00111015 0.00150604 0.0133716 -0.02262 0.00148079 -0.00413617 -0.02262 0.101152 
0.00530093 -0.0117767 -0.00111459 0.00149269 -0.0117767 0.0709143 0.00151695 -0.00422649 -0.00111459 0.00151695 0.0132968 -0.0225314 0.00149269 -0.00422649 -0.0225314 0.100986 
0.00532222 -0.0118933 -0.00114415 0.0015176 -0.0118933 0.0711945 0.00153628 -0.00430649 -0.00114415 0.00153628 0.0132872 -0.0224427 0.0015176 -0.00430649 -0.0224427 0.100802 
0.00536031 -0.0119234 -0.0012078 0.00155146 -0.0119234 0.0713499 0.00156315 -0.00437295 -0.0012078 0.00156315 0.0132471 -0.022406 0.00155146 -0.00437295 -0.022406 0.100617 
0.00540217 -0.0119642 -0.00123389 0.00162362 -0.0119642 0.071446 0.00164061 -0.00451378 -0.00123389 0.00164061 0.0132133 -0.022355 0.00162362 -0.00451378 -0.022355 0.100462 
0.00541806 -0.0120009 -0.00123305 0.00159292 -0.0120009 0.0715346 0.00161123 -0.00445375 -0.00123305 0.00161123 0.0132171 -0.0223393 0.00159292 -0.00445375 -0.0223393 0.100415 
0.00539177 -0.0120303 -0.00125663 0.00159758 -0.0120303 0.0716216 0.00161437 -0.0044339 -0.00125663 0.00161437 0.0132535 -0.0223371 0.00159758 -0.0044339 -0.0223371 0.100377 
0.00532767 -0.0120237 -0.00132275 0.00165781 -0.0120237 0.0717055 0.00167496 -0.00455726 -0.00132275 0.00167496 0.013336 -0.0223911 0.00165781 -0.00455726 -0.0223911 0.100486 
0.00524389 -0.0119234 -0.00130475 0.0017087 -0.0119234 0.0715186 0.00172656 -0.00465319 -0.00130475 0.00172656 0.0134035 -0.0224877 0.0017087 -0.00465319 -0.0224877 0.100646 
0.00516405 -0.0118194 -0.00127849 0.0017275 -0.0118194 0.071263 0.00173608 -0.00476693 -0.00127849 0.00173608 0.0134653 -0.0225729 0.0017275 -0.00476693 -0.0225729 0.100856 
0.00516514 -0.0117218 -0.00123467 0.00169279 -0.0117218 0.0710511 0.00168224 -0.00472003 -0.00123467 0.00168224 0.013479 -0.0226906 0.00169279 -0.00472003 -0.0226906 0.101223 
0.00519531 -0.0116892 -0.00119306 0.00160174 -0.0116892 0.0708263 0.00157673 -0.00448485 -0.00119306 0.00157673 0.0134378 -0.0226957 0.00160174 -0.00448485 -0.0226957 0.10133 
0.00522971 -0.0117561 -0.0012474 0.00162922 -0.0117561 0.0708956 0.00160485 -0.00452077 -0.0012474 0.00160485 0.0134015 -0.0226208 0.00162922 -0.00452077 -0.0226208 0.101218 
0.00527445 -0.0117973 -0.00126107 0.00162476 -0.0117973 0.0710283 0.00161439 -0.00446729 -0.00126107 0.00161439 0.013373 -0.0226027 0.00162476 -0.00446729 -0.0226027 0.101186 
0.00520842 -0.0118325 -0.00122136 0.00158332 -0.0118325 0.07109 0.00158865 -0.00433986 -0.00122136 0.00158865 0.0134297 -0.0225639 0.00158332 -0.00433986 -0.0225639 0.101089 
0.00518475 -0.0117617 -0.00118835 0.00154285 -0.0117617 0.0710282 0.00154998 -0.00423928 -0.00118835 0.00154998 0.0134521 -0.0226323 0.00154285 -0.00423928 -0.0226323 0.101156 
0.00516397 -0.0117186 -0.00115102 0.00152116 -0.0117186 0.0708812 0.00152407 -0.00417926 -0.00115102 0.00152407 0.0134619 -0.0226522 0.00152116 -0.00417926 -0.0226522 0.101208 
0.00519414 -0.0117064 -0.00108343 0.0014803 -0.0117064 0.0708688 0.00147754 -0.00409243 -0.00108343 0.00147754 0.0134526 -0.0226982 0.0014803 -0.00409243 -0.0226982 0.101389 
0.00515454 -0.0117257 -0.00100372 0.00139345 -0.0117257 0.0708157 0.00138196 -0.00390636 -0.00100372 0.00138196 0.0134816 -0.0226491 0.00139345 -0.00390636 -0.0226491 0.10128 
0.00510532 -0.0117128 -0.000974767 0.00134639 -0.0117128 0.0708805 0.00132247 -0.0037972 -0.000974767 0.00132247 0.0135488 -0.0226972 0.00134639 -0.0037972 -0.0226972 0.101362 
0.00506585 -0.0116345 -0.000971847 0.00129994 -0.0116345 0.0707148 0.0012687 -0.00365598 -0.000971847 0.0012687 0.0135708 -0.0227599 0.00129994 -0.00365598 -0.0227599 0.101438 
0.00502446 -0.011587 -0.000995974 0.00129417 -0.011587 0.0705952 0.00126885 -0.00359724 -0.000995974 0.00126885 0.0136155 -0.0228162 0.00129417 -0.00359724 -0.0228162 0.101633 
0.00502422 -0.0115423 -0.00108299 0.00138512 -0.0115423 0.0704719 0.00137455 -0.00382009 -0.00108299 0.00137455 0.0136086 -0.0228473 0.00138512 -0.00382009 -0.0228473 0.101711 
0.00499055 -0.0115355 -0.00107062 0.00145662 -0.0115355 0.0704214 0.00146407 -0.00401363 -0.00107062 0.00146407 0.0136387 -0.0228641 0.00145662 -0.00401363 -0.0228641 0.101825 
0.00494831 -0.0114706 -0.0010284 0.00141456 -0.0114706 0.0702415 0.00142154 -0.00399986 -0.0010284 0.00142154 0.0136551 -0.022881 0.00141456 -0.00399986 -0.022881 0.101825 
0.00491259 -0.0114064 -0.000993832 0.00136434 -0.0114064 0.0700355 0.00135845 -0.00388495 -0.000993832 0.00135845 0.0136756 -0.0229007 0.00136434 -0.00388495 -0.0229007 0.10185 
0.0049096 -0.0113586 -0.000936872 0.0012879 -0.0113586 0.0699145 0.00127256 -0.00365699 -0.000936872 0.00127256 0.0136984 -0.0229672 0.0012879 -0.00365699 -0.0229672 0.102061 
0.00494763 -0.011352 -0.00087872 0.00123711 -0.011352 0.069835 0.00121835 -0.00350417 -0.00087872 0.00121835 0.0136767 -0.0229805 0.00123711 -0.00350417 -0.0229805 0.10214 
0.00499238 -0.0113909 -0.000833306 0.00115462 -0.0113909 0.069819 0.00113313 -0.00329881 -0.000833306 0.00113313 0.013624 -0.0229308 0.00115462 -0.00329881 -0.0229308 0.102025 
0.00506205 -0.0114714 -0.000785063 0.0010995 -0.0114714 0.0700222 0.00108076 -0.00312954 -0.000785063 0.00108076 0.0135723 -0.0228864 0.0010995 -0.00312954 -0.0228864 0.101962 
0.0051302 -0.0115792 -0.000764126 0.00104532 -0.0115792 0.0703253 0.00103071 -0.00299442 -0.000764126 0.00103071 0.0135288 -0.0228235 0.00104532 -0.00299442 -0.0228235 0.101852 
0.00516393 -0.011671 -0.00074474 0.00100272 -0.011671 0.0706 0.000993783 -0.0028618 -0.00074474 0.000993783 0.0135075 -0.0227537 0.00100272 -0.0028618 -0.0227537 0.10166 
0.00516458 -0.0117137 -0.000677083 0.000969784 -0.0117137 0.0707499 0.000968916 -0.00276195 -0.000677083 0.000968916 0.0135029 -0.0227049 0.000969784 -0.00276195 -0.0227049 0.101442 
0.00516818 -0.0117399 -0.000658051 0.000918776 -0.0117399 0.0709198 0.000912225 -0.00267913 -0.000658051 0.000912225 0.0135241 -0.0227217 0.000918776 -0.00267913 -0.0227217 0.101456 
0.00515483 -0.0117402 -0.000670069 0.000920946 -0.0117402 0.070934 0.00090984 -0.00266749 -0.000670069 0.00090984 0.0135179 -0.0227171 0.000920946 -0.00266749 -0.0227171 0.101378 
0.00513811 -0.0117401 -0.000739239 0.00095933 -0.0117401 0.0709978 0.0009516 -0.00276098 -0.000739239 0.0009516 0.0135443 -0.022732 0.00095933 -0.00276098 -0.022732 0.10144 
0.00509265 -0.0117186 -0.000796189 0.00104821 -0.0117186 0.0709832 0.00105377 -0.00296509 -0.000796189 0.00105377 0.0135993 -0.0227609 0.00104821 -0.00296509 -0.0227609 0.101501 
0.00503584 -0.0116381 -0.00083468 0.00105282 -0.0116381 0.0707914 0.00106667 -0.0029967 -0.00083468 0.00106667 0.0136458 -0.0228289 0.00105282 -0.0029967 -0.0228289 0.101605 
0.00500618 -0.0115737 -0.000846729 0.00112014 -0.0115737 0.070629 0.00114179 -0.00314691 -0.000846729 0.00114179 0.0136738 -0.022904 0.00112014 -0.00314691 -0.022904 0.101812 
0.00500125 -0.0115427 -0.000862677 0.00115294 -0.0115427 0.0705449 0.00117361 -0.00328602 -0.000862677 0.00117361 0.0136955 -0.0229553 0.00115294 -0.00328602 -0.0229553 0.102025 
0.00491774 -0.0115143 -0.000768936 0.00110773 -0.0115143 0.0704249 0.00112347 -0.00317837 -0.000768936 0.00112347 0.0137736 -0.0229837 0.00110773 -0.00317837 -0.0229837 0.10213 
0.00487506 -0.0114171 -0.000694771 0.00104407 -0.0114171 0.0702163 0.00104103 -0.00306992 -0.000694771 0.00104103 0.0138043 -0.0230561 0.00104407 -0.00306992 -0.0230561 0.102232 
0.00485814 -0.0113666 -0.000616837 0.000944545 -0.0113666 0.0700899 0.000919417 -0.0028188 -0.000616837 0.000919417 0.013844 -0.0231395 0.000944545 -0.0028188 -0.0231395 0.102519 
0.00484041 -0.01134 -0.000539177 0.000849694 -0.01134 0.0699806 0.000812422 -0.00254632 -0.000539177 0.000812422 0.0138704 -0.0231792 0.000849694 -0.00254632 -0.0231792 0.102674 
0.00484513 -0.0113167 -0.000525064 0.000787587 -0.0113167 0.0698809 0.000745602 -0.0023758 -0.000525064 0.000745602 0.0138773 -0.0231894 0.000787587 -0.0023758 -0.0231894 0.102694 
0.00485415 -0.0113261 -0.000540449 0.00075788 -0.0113261 0.0698568 0.000722788 -0.00225671 -0.000540449 0.000722788 0.0138873 -0.0232032 0.00075788 -0.00225671 -0.0232032 0.102728 
0.00487183 -0.0113465 -0.000575593 0.000767712 -0.0113465 0.069884 0.000749041 -0.00224331 -0.000575593 0.000749041 0.0138754 -0.0232112 0.000767712 -0.00224331 -0.0232112 0.102737 
0.00489826 -0.0114029 -0.000641459 0.000843597 -0.0114029 0.0700863 0.000844937 -0.00243532 -0.000641459 0.000844937 0.013861 -0.023226 0.000843597 -0.00243532 -0.023226 0.102855 
0.00492585 -0.0114248 -0.000635955 0.000914814 -0.0114248 0.0701368 0.000932687 -0.00264146 -0.000635955 0.000932687 0.0137961 -0.0231624 0.000914814 -0.00264146 -0.0231624 0.102683 
0.0049631 -0.0114647 -0.000634166 0.000913691 -0.0114647 0.0702528 0.000930775 -0.00273478 -0.000634166 0.000930775 0.0137477 -0.0230961 0.000913691 -0.00273478 -0.0230961 0.102543 
0.00497771 -0.0114918 -0.000543914 0.000802302 -0.0114918 0.0703254 0.00081175 -0.00243975 -0.000543914 0.00081175 0.0137481 -0.0230532 0.000802302 -0.00243975 -0.0230532 0.102434 
0.00498768 -0.0115378 -0.000541644 0.000787573 -0.0115378 0.0704926 0.000787084 -0.00239434 -0.000541644 0.000787084 0.0137559 -0.0230536 0.000787573 -0.00239434 -0.0230536 0.102429 
0.00499365 -0.0115424 -0.000623072 0.000824798 -0.0115424 0.0704981 0.000819292 -0.00247479 -0.000623072 0.000819292 0.0137308 -0.0230178 0.000824798 -0.00247479 -0.0230178 0.102266 
0.00497628 -0.0115465 -0.000651713 0.000865939 -0.0115465 0.0705306 0.000871367 -0.00251732 -0.000651713 0.000871367 0.0137537 -0.0230193 0.000865939 -0.00251732 -0.0230193 0.102272 
0.00498478 -0.0115298 -0.000681964 0.000928316 -0.0115298 0.0705247 0.000945318 -0.00269623 -0.000681964 0.000945318 0.013759 -0.0230418 0.000928316 -0.00269623 -0.0230418 0.102307 
0.00491716 -0.0115222 -0.000667579 0.000931686 -0.0115222 0.0704464 0.000950466 -0.00273833 -0.000667579 0.000950466 0.0138268 -0.0230362 0.000931686 -0.00273833 -0.0230362 0.102267 
0.00482815 -0.011461 -0.00068301 0.000948417 -0.011461 0.070391 0.0009583 -0.00280752 -0.00068301 0.0009583 0.0139279 -0.0231417 0.000948417 -0.00280752 -0.0231417 0.102474 
0.00474901 -0.0113402 -0.000667608 0.000950981 -0.0113402 0.0701453 0.000950697 -0.00279769 -0.000667608 0.000950697 0.0140097 -0.0232737 0.000950981 -0.00279769 -0.0232737 0.102774 
0.00470804 -0.0112441 -0.000686528 0.000961303 -0.0112441 0.0699099 0.000951601 -0.00283401 -0.000686528 0.000951601 0.0140604 -0.0233969 0.000961303 -0.00283401 -0.0233969 0.103151 
0.00468436 -0.0111788 -0.000680809 0.000988513 -0.0111788 0.0696652 0.000977994 -0.00289064 -0.000680809 0.000977994 0.0140647 -0.0234443 0.000988513 -0.00289064 -0.0234443 0.103333 
0.00469423 -0.0111406 -0.000657145 0.000947256 -0.0111406 0.0695035 0.000936767 -0.00281011 -0.000657145 0.000936767 0.0140377 -0.0234596 0.000947256 -0.00281011 -0.0234596 0.103433 
0.00475269 -0.011145 -0.000598922 0.000897817 -0.011145 0.0694364 0.000888636 -0.00267097 -0.000598922 0.000888636 0.0139757 -0.0234251 0.000897817 -0.00267097 -0.0234251 0.103408 
0.00480583 -0.0112276 -0.000574792 0.000858816 -0.0112276 0.069566 0.000850417 -0.0025954 -0.000574792 0.000850417 0.0139267 -0.0233451 0.000858816 -0.0025954 -0.0233451 0.103272 
0.00485932 -0.0113142 -0.000601027 0.000867346 -0.0113142 0.0698168 0.000858071 -0.00261875 -0.000601027 0.000858071 0.013879 -0.0232808 0.000867346 -0.00261875 -0.0232808 0.103125 
0.00489204 -0.011375 -0.000613512 0.00086852 -0.011375 0.0699899 0.00086446 -0.00260228 -0.000613512 0.00086446 0.0138358 -0.0232056 0.00086852 -0.00260228 -0.0232056 0.102908 
0.00492669 -0.0114124 -0.000577374 0.000847876 -0.0114124 0.0701191 0.000851332 -0.00253543 -0.000577374 0.000851332 0.0138071 -0.0231556 0.000847876 -0.00253543 -0.0231556 0.102753 
0.00487869 -0.0114392 -0.000571385 0.000829718 -0.0114392 0.0701265 0.000833002 -0.00251461 -0.000571385 0.000833002 0.0138116 -0.0230755 0.000829718 -0.00251461 -0.0230755 0.10245 
0.00484855 -0.0113948 -0.000582071 0.0008374 -0.0113948 0.0701211 0.00083476 -0.00252443 -0.000582071 0.00083476 0.0138305 -0.0231073 0.0008374 -0.00252443 -0.0231073 0.102451 
0.00481688 -0.0113378 -0.000568331 0.000787494 -0.0113378 0.0700092 0.000782295 -0.00236931 -0.000568331 0.000782295 0.0138632 -0.0231599 0.000787494 -0.00236931 -0.0231599 0.102601 
0.00480286 -0.0112835 -0.00059182 0.000816315 -0.0112835 0.0698187 0.000814217 -0.00241047 -0.00059182 0.000814217 0.0138638 -0.023172 0.000816315 -0.00241047 -0.023172 0.102614 
0.00479314 -0.0112585 -0.000554667 0.000817413 -0.0112585 0.0697126 0.000821155 -0.00241009 -0.000554667 0.000821155 0.0138879 -0.0231939 0.000817413 -0.00241009 -0.0231939 0.102703 
0.00482214 -0.011243 -0.000530822 0.00075537 -0.011243 0.0696408 0.0007558 -0.00229264 -0.000530822 0.0007558 0.0138876 -0.0232254 0.00075537 -0.00229264 -0.0232254 0.102787 
0.00487259 -0.0112845 -0.000566989 0.000768443 -0.0112845 0.069654 0.000766491 -0.00230342 -0.000566989 0.000766491 0.0138514 -0.0232026 0.000768443 -0.00230342 -0.0232026 0.102734 
0.00489342 -0.0113774 -0.000550009 0.00078421 -0.0113774 0.0699157 0.000791765 -0.00231596 -0.000550009 0.000791765 0.0138768 -0.0232003 0.00078421 -0.00231596 -0.0232003 0.102811 
0.0048867 -0.01142 -0.000556399 0.000807678 -0.01142 0.0700803 0.000817901 -0.0024258 -0.000556399 0.000817901 0.0138852 -0.0231902 0.000807678 -0.0024258 -0.0231902 0.102729 
0.00490778 -0.0114165 -0.000528415 0.000794946 -0.0114165 0.0701431 0.000800034 -0.00241382 -0.000528415 0.000800034 0.0138683 -0.0232048 0.000794946 -0.00241382 -0.0232048 0.102718 
0.00487243 -0.0114473 -0.000462609 0.00074087 -0.0114473 0.0702299 0.000738753 -0.0022885 -0.000462609 0.000738753 0.0139085 -0.0232023 0.00074087 -0.0022885 -0.0232023 0.10275 
0.00484897 -0.0114164 -0.000418533 0.000670044 -0.0114164 0.0702493 0.000657678 -0.00212171 -0.000418533 0.000657678 0.0139353 -0.0232535 0.000670044 -0.00212171 -0.0232535 0.102846 
0.00481147 -0.0113784 -0.00040783 0.000617145 -0.0113784 0.0701545 0.00059756 -0.00195646 -0.00040783 0.00059756 0.013957 -0.0232789 0.000617145 -0.00195646 -0.0232789 0.102905 
0.00478239 -0.011335 -0.000437602 0.000662723 -0.011335 0.070054 0.000645831 -0.00203742 -0.000437602 0.000645831 0.0139752 -0.0233013 0.000662723 -0.00203742 -0.0233013 0.102964 
0.00478415 -0.0113019 -0.000468954 0.000720738 -0.0113019 0.0699983 0.000710573 -0.00220786 -0.000468954 0.000710573 0.0139891 -0.023346 0.000720738 -0.00220786 -0.023346 0.103122 
0.00474777 -0.0112786 -0.000499748 0.000755011 -0.0112786 0.069846 0.000747732 -0.00233258 -0.000499748 0.000747732 0.0139951 -0.0233255 0.000755011 -0.00233258 -0.0233255 0.103053 
