0.00412316 0 -0.00218966 0 0 0.00999636 0 0 -0.00218966 0 0.00947464 0 0 0 0 0.00999636 
0.00605154 -0.00754665 -0.00320801 0.00395624 -0.00754665 0.0236287 0.00395624 -0.00758654 -0.00320801 0.00395624 0.0131666 -0.0162975 0.00395624 -0.00758654 -0.0162975 0.0404101 
0.00631211 -0.0122924 -0.0030105 0.00521939 -0.0122924 0.0484382 0.00521939 -0.0166826 -0.0030105 0.00521939 0.0128492 -0.023301 0.00521939 -0.0166826 -0.023301 0.0834534 
0.00605374 -0.0132592 -0.00264662 0.00409689 -0.0132592 0.0635737 0.004094 -0.0153067 -0.00264662 0.004094 0.0120672 -0.0218023 0.00409689 -0.0153067 -0.0218023 0.0942719 
0.00596897 -0.0133353 -0.00261655 0.0034874 -0.0133353 0.0712739 0.00348081 -0.0121123 -0.00261655 0.00348081 0.0122179 -0.0209416 0.0034874 -0.0121123 -0.0209416 0.0952248 
0.0059625 -0.0132608 -0.00271588 0.00349882 -0.0132608 0.0744905 0.00349126 -0.0106967 -0.00271588 0.00349126 0.0125684 -0.0211568 0.00349882 -0.0106967 -0.0211568 0.0962093 
0.00596727 -0.0131068 -0.00276471 0.00365041 -0.0131068 0.0752344 0.00363913 -0.0104396 -0.00276471 0.00363913 0.0127576 -0.0215246 0.00365041 -0.0104396 -0.0215246 0.0973858 
0.00598841 -0.0129785 -0.00274008 0.00371438 -0.0129785 0.075057 0.00369855 -0.0104727 -0.00274008 0.00369855 0.0128233 -0.0217109 0.00371438 -0.0104727 -0.0217109 0.0981519 
0.00604441 -0.0129769 -0.00275958 0.00371074 -0.0129769 0.0749207 0.00369335 -0.0105171 -0.00275958 0.00369335 0.012822 -0.0217504 0.00371074 -0.0105171 -0.0217504 0.0984477 
0.00610796 -0.0130328 -0.0027848 0.00372412 -0.0130328 0.0748866 0.00371531 -0.0105455 -0.0027848 0.00371531 0.0127803 -0.021704 0.00372412 -0.0105455 -0.021704 0.09835 
0.00615408 -0.0131699 -0.00285064 0.00377179 -0.0131699 0.0752162 0.00377979 -0.0106846 -0.00285064 0.00377979 0.0127772 -0.0216558 0.00377179 -0.0106846 -0.0216558 0.0982609 
0.00614002 -0.0132553 -0.00288529 0.00385358 -0.0132553 0.0755141 0.00387209 -0.0108908 -0.00288529 0.00387209 0.0127976 -0.0216189 0.00385358 -0.0108908 -0.0216189 0.0980914 
0.00613139 -0.0132525 -0.00289955 0.00389808 -0.0132525 0.075673 0.00390945 -0.0110423 -0.00289955 0.00390945 0.012819 -0.0216686 0.00389808 -0.0110423 -0.0216686 0.098155 
0.00611248 -0.0132049 -0.00290331 0.00389299 -0.0132049 0.0755635 0.00389167 -0.0110401 -0.00290331 0.00389167 0.0128296 -0.0217071 0.00389299 -0.0110401 -0.0217071 0.0982283 
0.0060966 -0.0131918 -0.00289511 0.00389507 -0.0131918 0.0755584 0.00388962 -0.0110249 -0.00289511 0.00388962 0.0128643 -0.0217664 0.00389507 -0.0110249 -0.0217664 0.0984594 
0.00610921 -0.0131788 -0.00285394 0.00388534 -0.0131788 0.075557 0.00387913 -0.0110012 -0.00285394 0.00387913 0.0128769 -0.0218147 0.00388534 -0.0110012 -0.0218147 0.0986428 
0.00608688 -0.0131851 -0.00283883 0.00383353 -0.0131851 0.0755009 0.00382621 -0.0109066 -0.00283883 0.00382621 0.0128964 -0.0217924 0.00383353 -0.0109066 -0.0217924 0.0985847 
0.00611055 -0.0132129 -0.00286117 0.00384675 -0.0132129 0.0756535 0.0038363 -0.0109169 -0.00286117 0.0038363 0.0128856 -0.0218185 0.00384675 -0.0109169 -0.0218185 0.0986517 
0.00610069 -0.0132322 -0.00285839 0.00387248 -0.0132322 0.0756849 0.00386507 -0.010969 -0.00285839 0.00386507 0.0128624 -0.0217729 0.00387248 -0.010969 -0.0217729 0.0985333 
0.00608976 -0.0132196 -0.0028888 0.00387051 -0.0132196 0.0756941 0.00386403 -0.0109926 -0.0028888 0.00386403 0.0128541 -0.0217569 0.00387051 -0.0109926 -0.0217569 0.0984843 
0.00606101 -0.0131826 -0.00291968 0.00389061 -0.0131826 0.075614 0.00388605 -0.0110084 -0.00291968 0.00388605 0.0128866 -0.021769 0.00389061 -0.0110084 -0.021769 0.0985176 
0.00607148 -0.0131099 -0.00296396 0.00390457 -0.0131099 0.0754054 0.0038999 -0.0110131 -0.00296396 0.0038999 0.0129013 -0.0218285 0.00390457 -0.0110131 -0.0218285 0.0986385 
0.00608234 -0.0131441 -0.00301671 0.00398547 -0.0131441 0.075369 0.00398805 -0.0111881 -0.00301671 0.00398805 0.0128828 -0.021812 0.00398547 -0.0111881 -0.021812 0.098611 
0.00614288 -0.0131897 -0.00307376 0.00406404 -0.0131897 0.0755119 0.00407415 -0.0114177 -0.00307376 0.00407415 0.012819 -0.0217989 0.00406404 -0.0114177 -0.0217989 0.0986153 
0.00618417 -0.0132736 -0.00314373 0.00413384 -0.0132736 0.0757182 0.00415553 -0.0116333 -0.00314373 0.00415553 0.0127559 -0.021712 0.00413384 -0.0116333 -0.021712 0.0984777 
0.00620592 -0.0133082 -0.00316406 0.00420942 -0.0133082 0.0757958 0.00424183 -0.0118363 -0.00316406 0.00424183 0.0126946 -0.0215942 0.00420942 -0.0118363 -0.0215942 0.0981258 
0.00624767 -0.0133478 -0.00317532 0.0042517 -0.0133478 0.075934 0.00428404 -0.0120102 -0.00317532 0.00428404 0.0126382 -0.0215262 0.0042517 -0.0120102 -0.0215262 0.097916 
0.00626484 -0.0133894 -0.00317478 0.00425963 -0.0133894 0.0760721 0.00428552 -0.0120666 -0.00317478 0.00428552 0.012629 -0.0214875 0.00425963 -0.0120666 -0.0214875 0.0978495 
0.00621665 -0.0133918 -0.00316083 0.00425482 -0.0133918 0.0760744 0.00427336 -0.0120593 -0.00316083 0.00427336 0.012667 -0.021449 0.00425482 -0.0120593 -0.021449 0.0976949 
0.00616562 -0.0132946 -0.00312342 0.00421505 -0.0132946 0.075889 0.00421308 -0.0119351 -0.00312342 0.00421308 0.0127304 -0.0215449 0.00421505 -0.0119351 -0.0215449 0.0978551 
0.00616546 -0.0132703 -0.00312304 0.00422291 -0.0132703 0.0758031 0.0042025 -0.0119345 -0.00312304 0.0042025 0.0127128 -0.0215821 0.00422291 -0.0119345 -0.0215821 0.0979529 
0.00618643 -0.0132143 -0.00309589 0.004185 -0.0132143 0.0755811 0.00416001 -0.0118205 -0.00309589 0.00416001 0.0126685 -0.0215871 0.004185 -0.0118205 -0.0215871 0.0980003 
0.00619689 -0.0132485 -0.00307491 0.00415502 -0.0132485 0.0755787 0.00414103 -0.011747 -0.00307491 0.00414103 0.0126509 -0.0215392 0.00415502 -0.011747 -0.0215392 0.097969 
0.00618838 -0.0132473 -0.00308473 0.00410152 -0.0132473 0.0755899 0.00409691 -0.0116123 -0.00308473 0.00409691 0.0126704 -0.0215456 0.00410152 -0.0116123 -0.0215456 0.0980042 
0.00617257 -0.0132109 -0.00311201 0.00409172 -0.0132109 0.0754618 0.00409213 -0.0115194 -0.00311201 0.00409213 0.0126901 -0.0215579 0.00409172 -0.0115194 -0.0215579 0.0979831 
0.00618946 -0.0132302 -0.00318619 0.00414909 -0.0132302 0.0755418 0.00415668 -0.011621 -0.00318619 0.00415668 0.0127168 -0.021599 0.00414909 -0.011621 -0.021599 0.0981196 
0.00624491 -0.0132421 -0.00317253 0.00422997 -0.0132421 0.0755489 0.0042454 -0.011794 -0.00317253 0.0042454 0.0126799 -0.0216201 0.00422997 -0.011794 -0.0216201 0.0981617 
0.0062625 -0.0133352 -0.00317931 0.00422508 -0.0133352 0.0757408 0.00424616 -0.0118901 -0.00317931 0.00424616 0.0126766 -0.0215753 0.00422508 -0.0118901 -0.0215753 0.0981267 
0.0062728 -0.0133999 -0.0031884 0.00424664 -0.0133999 0.0759989 0.0042686 -0.0119644 -0.0031884 0.0042686 0.0126647 -0.02154 0.00424664 -0.0119644 -0.02154 0.098008 
0.00628061 -0.0134489 -0.00322892 0.0042947 -0.0134489 0.0761984 0.00431045 -0.0121061 -0.00322892 0.00431045 0.0126161 -0.0214631 0.0042947 -0.0121061 -0.0214631 0.0977447 
0.00625667 -0.0134149 -0.00324256 0.00431973 -0.0134149 0.0761498 0.00432971 -0.012161 -0.00324256 0.00432971 0.0126117 -0.0214287 0.00431973 -0.012161 -0.0214287 0.0975985 
0.00620811 -0.0133387 -0.00325036 0.0043124 -0.0133387 0.0759646 0.00431538 -0.0121313 -0.00325036 0.00431538 0.0126633 -0.0214788 0.0043124 -0.0121313 -0.0214788 0.0977038 
0.00621301 -0.0133126 -0.00328602 0.0043564 -0.0133126 0.07592 0.0043523 -0.0122223 -0.00328602 0.0043523 0.0126875 -0.0215399 0.0043564 -0.0122223 -0.0215399 0.0978875 
0.00621958 -0.0133034 -0.00334452 0.00440069 -0.0133034 0.0758267 0.00439541 -0.0123313 -0.00334452 0.00439541 0.0126865 -0.0215454 0.00440069 -0.0123313 -0.0215454 0.0979096 
0.00622102 -0.013322 -0.00337954 0.00448318 -0.013322 0.0758206 0.00448224 -0.0125251 -0.00337954 0.00448224 0.0126709 -0.0215237 0.00448318 -0.0125251 -0.0215237 0.0978427 
0.00620619 -0.013304 -0.00338636 0.00450969 -0.013304 0.0757637 0.00451157 -0.0126326 -0.00338636 0.00451157 0.0126741 -0.0215261 0.00450969 -0.0126326 -0.0215261 0.0978356 
0.00621841 -0.01331 -0.00339959 0.00453129 -0.01331 0.0758327 0.00453042 -0.0127154 -0.00339959 0.00453042 0.0126668 -0.0215579 0.00453129 -0.0127154 -0.0215579 0.0979732 
0.00626695 -0.0133356 -0.00342046 0.00456236 -0.0133356 0.0758928 0.00456153 -0.0128107 -0.00342046 0.00456153 0.012594 -0.021511 0.00456236 -0.0128107 -0.021511 0.097897 
0.00631056 -0.0133579 -0.00339406 0.00456624 -0.0133579 0.075857 0.00457384 -0.0128365 -0.00339406 0.00457384 0.0125158 -0.021404 0.00456624 -0.0128365 -0.021404 0.0976239 
0.00632984 -0.0134132 -0.00335646 0.00452671 -0.0134132 0.0759853 0.00454049 -0.0127867 -0.00335646 0.00454049 0.0125028 -0.0213467 0.00452671 -0.0127867 -0.0213467 0.0975097 
0.00630638 -0.013392 -0.00335662 0.00444263 -0.013392 0.0759211 0.00445265 -0.012575 -0.00335662 0.00445265 0.0125413 -0.0213419 0.00444263 -0.012575 -0.0213419 0.0974295 
0.00632492 -0.0134059 -0.00340279 0.0044727 -0.0134059 0.0759751 0.0044769 -0.0125579 -0.00340279 0.0044769 0.0125313 -0.0213622 0.0044727 -0.0125579 -0.0213622 0.0974231 
0.00632325 -0.0134393 -0.00343506 0.00453996 -0.0134393 0.0760525 0.00454513 -0.0126831 -0.00343506 0.00454513 0.0125203 -0.0213422 0.00453996 -0.0126831 -0.0213422 0.0973838 
0.00632318 -0.0134162 -0.00346657 0.00456277 -0.0134162 0.0760444 0.00456977 -0.0127569 -0.00346657 0.00456977 0.0125086 -0.0213663 0.00456277 -0.0127569 -0.0213663 0.0974583 
0.00631525 -0.0134085 -0.00347347 0.00459707 -0.0134085 0.0760265 0.0046075 -0.0128375 -0.00347347 0.0046075 0.0125199 -0.0213642 0.00459707 -0.0128375 -0.0213642 0.0975151 
0.00626462 -0.0133918 -0.00347248 0.00460456 -0.0133918 0.0759939 0.00461529 -0.0128837 -0.00347248 0.00461529 0.0125816 -0.0213853 0.00460456 -0.0128837 -0.0213853 0.0975837 
0.00623078 -0.0133173 -0.00346811 0.0046063 -0.0133173 0.0758159 0.00460773 -0.0128902 -0.00346811 0.00460773 0.0126146 -0.021439 0.0046063 -0.0128902 -0.021439 0.0976366 
0.00620826 -0.0132941 -0.0034563 0.00462593 -0.0132941 0.0757282 0.00461857 -0.0129421 -0.0034563 0.00461857 0.0126363 -0.0214734 0.00462593 -0.0129421 -0.0214734 0.0977274 
0.0062108 -0.0132389 -0.0034521 0.00459103 -0.0132389 0.075573 0.00457733 -0.0128773 -0.0034521 0.00457733 0.012655 -0.0215293 0.00459103 -0.0128773 -0.0215293 0.0978783 
0.00621035 -0.0132605 -0.00345779 0.00459669 -0.0132605 0.0755606 0.00458579 -0.012872 -0.00345779 0.00458579 0.0126705 -0.0215319 0.00459669 -0.012872 -0.0215319 0.0979186 
0.00625169 -0.013267 -0.00347734 0.00459216 -0.013267 0.07561 0.00458591 -0.0128578 -0.00347734 0.00458591 0.0126605 -0.0215809 0.00459216 -0.0128578 -0.0215809 0.0980603 
0.00626493 -0.0133042 -0.00348523 0.00459223 -0.0133042 0.0756427 0.00459643 -0.0128353 -0.00348523 0.00459643 0.012675 -0.0215703 0.00459223 -0.0128353 -0.0215703 0.0980788 
0.00622681 -0.0133684 -0.003485 0.00462171 -0.0133684 0.0758251 0.00463414 -0.0129137 -0.003485 0.00463414 0.0127255 -0.0215545 0.00462171 -0.0129137 -0.0215545 0.0980087 
0.00621145 -0.0133513 -0.00345089 0.00462444 -0.0133513 0.0759815 0.00462723 -0.01294 -0.00345089 0.00462723 0.0127856 -0.0216665 0.00462444 -0.01294 -0.0216665 0.0982785 
0.00617858 -0.0132825 -0.0034225 0.00454605 -0.0132825 0.0758095 0.00453562 -0.0127573 -0.0034225 0.00453562 0.0128417 -0.0217553 0.00454605 -0.0127573 -0.0217553 0.098506 
0.00617302 -0.0133041 -0.0034579 0.00455636 -0.0133041 0.0758571 0.00454153 -0.0127394 -0.0034579 0.00454153 0.0128382 -0.0217781 0.00455636 -0.0127394 -0.0217781 0.098589 
0.00616736 -0.0133027 -0.00348651 0.00460046 -0.0133027 0.0758716 0.00459016 -0.0128123 -0.00348651 0.00459016 0.0128168 -0.0217584 0.00460046 -0.0128123 -0.0217584 0.0985513 
0.00619049 -0.0133219 -0.00352624 0.00465835 -0.0133219 0.0759768 0.0046556 -0.0129825 -0.00352624 0.0046556 0.0127824 -0.0217322 0.00465835 -0.0129825 -0.0217322 0.0985266 
0.00617455 -0.013311 -0.00352419 0.00468447 -0.013311 0.0759217 0.00468943 -0.0130749 -0.00352419 0.00468943 0.012787 -0.0216897 0.00468447 -0.0130749 -0.0216897 0.0984172 
0.00612156 -0.0132894 -0.00348571 0.00469028 -0.0132894 0.0758646 0.00469438 -0.0131315 -0.00348571 0.00469438 0.0128255 -0.0216908 0.00469028 -0.0131315 -0.0216908 0.0983673 
0.00609622 -0.0132265 -0.00348222 0.00465919 -0.0132265 0.0757412 0.00464898 -0.0131014 -0.00348222 0.00464898 0.0128207 -0.021731 0.00465919 -0.0131014 -0.021731 0.0984079 
0.00608924 -0.0131397 -0.00345919 0.00461682 -0.0131397 0.0754784 0.00459957 -0.0129542 -0.00345919 0.00459957 0.0128243 -0.0217762 0.00461682 -0.0129542 -0.0217762 0.0985653 
0.00607759 -0.0131246 -0.00345746 0.00458437 -0.0131246 0.0753676 0.0045718 -0.0128487 -0.00345746 0.0045718 0.0128605 -0.0218062 0.00458437 -0.0128487 -0.0218062 0.098735 
0.00606769 -0.0131359 -0.00346102 0.00460326 -0.0131359 0.0753513 0.00459793 -0.0128769 -0.00346102 0.00459793 0.0128796 -0.0217957 0.00460326 -0.0128769 -0.0217957 0.0986894 
0.00607787 -0.0131198 -0.00348355 0.0045991 -0.0131198 0.0753446 0.00459445 -0.0128791 -0.00348355 0.00459445 0.0128934 -0.0218501 0.0045991 -0.0128791 -0.0218501 0.0988134 
0.00608224 -0.0131334 -0.0035371 0.00462624 -0.0131334 0.075322 0.00462479 -0.0129248 -0.0035371 0.00462479 0.0128889 -0.0218389 0.00462624 -0.0129248 -0.0218389 0.0987853 
0.00609273 -0.013153 -0.00364442 0.00469182 -0.013153 0.0753941 0.00469775 -0.0130601 -0.00364442 0.00469775 0.0128951 -0.0218517 0.00469182 -0.0130601 -0.0218517 0.0988325 
0.00610511 -0.0131484 -0.00369003 0.00480285 -0.0131484 0.0753731 0.00481909 -0.0132793 -0.00369003 0.00481909 0.0129031 -0.0218674 0.00480285 -0.0132793 -0.0218674 0.0988621 
0.00607805 -0.0131893 -0.00371166 0.00487946 -0.0131893 0.0754685 0.00490051 -0.0135337 -0.00371166 0.00490051 0.012946 -0.0218731 0.00487946 -0.0135337 -0.0218731 0.0988883 
0.00603798 -0.013172 -0.00371359 0.00491387 -0.013172 0.0755111 0.00492601 -0.0136817 -0.00371359 0.00492601 0.0130034 -0.0219218 0.00491387 -0.0136817 -0.0219218 0.0989676 
0.00602499 -0.0131144 -0.00367624 0.00490994 -0.0131144 0.0754181 0.00490622 -0.0136918 -0.00367624 0.00490622 0.0130413 -0.0220129 0.00490994 -0.0136918 -0.0220129 0.0991732 
0.00604829 -0.0131409 -0.00367234 0.00489935 -0.0131409 0.075503 0.00488481 -0.0137017 -0.00367234 0.00488481 0.0130285 -0.0220553 0.00489935 -0.0137017 -0.0220553 0.0993663 
0.00606425 -0.0131473 -0.00360588 0.00486127 -0.0131473 0.0755062 0.0048487 -0.0135979 -0.00360588 0.0048487 0.0130033 -0.0220483 0.00486127 -0.0135979 -0.0220483 0.0994172 
0.00605237 -0.0131844 -0.00357409 0.00478911 -0.0131844 0.07559 0.00478207 -0.0134652 -0.00357409 0.00478207 0.0130021 -0.0219959 0.00478911 -0.0134652 -0.0219959 0.0993222 
0.00605289 -0.013196 -0.00360407 0.00477293 -0.013196 0.0756788 0.00476703 -0.0134072 -0.00360407 0.00476703 0.0129796 -0.0219539 0.00477293 -0.0134072 -0.0219539 0.0991607 
0.00606303 -0.0131623 -0.00360061 0.00478384 -0.0131623 0.0756177 0.00477941 -0.0133756 -0.00360061 0.00477941 0.0129626 -0.0219579 0.00478384 -0.0133756 -0.0219579 0.0991463 
0.00607954 -0.013146 -0.00357717 0.00476553 -0.013146 0.0755157 0.00476332 -0.0133301 -0.00357717 0.00476332 0.0129519 -0.0219549 0.00476553 -0.0133301 -0.0219549 0.0991541 
0.0061013 -0.0131831 -0.00359076 0.00475724 -0.0131831 0.0755216 0.00475986 -0.0133325 -0.00359076 0.00475986 0.0129012 -0.0218924 0.00475724 -0.0133325 -0.0218924 0.0989685 
0.00613165 -0.0132358 -0.00360177 0.00477848 -0.0132358 0.0757134 0.00478634 -0.0133773 -0.00360177 0.00478634 0.0128786 -0.0218668 0.00477848 -0.0133773 -0.0218668 0.0989608 
0.00613075 -0.0132578 -0.00363353 0.00478477 -0.0132578 0.0757757 0.0047948 -0.0134029 -0.00363353 0.0047948 0.0128643 -0.0218141 0.00478477 -0.0134029 -0.0218141 0.0988105 
0.00613508 -0.0132573 -0.00366227 0.00483743 -0.0132573 0.075763 0.00484817 -0.0135102 -0.00366227 0.00484817 0.0128164 -0.0217546 0.00483743 -0.0135102 -0.0217546 0.0985721 
0.00616195 -0.0132747 -0.0036533 0.00488897 -0.0132747 0.0758516 0.00489748 -0.0136598 -0.0036533 0.00489748 0.0127824 -0.0217327 0.00488897 -0.0136598 -0.0217327 0.0985491 
0.00615864 -0.0132532 -0.003593 0.00484816 -0.0132532 0.0757572 0.00485517 -0.0136147 -0.003593 0.00485517 0.0127724 -0.0217037 0.00484816 -0.0136147 -0.0217037 0.0984847 
0.00614644 -0.013246 -0.00361669 0.00477554 -0.013246 0.0757124 0.00477551 -0.013467 -0.00361669 0.00477551 0.0127846 -0.0216946 0.00477554 -0.013467 -0.0216946 0.098454 
0.00614256 -0.0132194 -0.00363552 0.00479546 -0.0132194 0.0756153 0.00479423 -0.0134126 -0.00363552 0.00479423 0.0127761 -0.021697 0.00479546 -0.0134126 -0.021697 0.0984105 
0.00613099 -0.0132282 -0.00364699 0.00483496 -0.0132282 0.0756266 0.004836 -0.0134945 -0.00364699 0.004836 0.0127799 -0.0216943 0.00483496 -0.0134945 -0.0216943 0.0984287 
0.00614551 -0.0132033 -0.00367067 0.00485411 -0.0132033 0.0755549 0.00485416 -0.0135646 -0.00367067 0.00485416 0.0127499 -0.0216775 0.00485411 -0.0135646 -0.0216775 0.0983539 
0.00615214 -0.013216 -0.00368871 0.00488489 -0.013216 0.0755434 0.00488793 -0.0136452 -0.00368871 0.00488793 0.0127314 -0.0216463 0.00488489 -0.0136452 -0.0216463 0.0982962 
0.00613301 -0.0132194 -0.0036934 0.0049101 -0.0132194 0.0755266 0.00491488 -0.0137251 -0.0036934 0.00491488 0.0127321 -0.0216082 0.0049101 -0.0137251 -0.0216082 0.0981736 
0.0061374 -0.0131965 -0.00367601 0.00491809 -0.0131965 0.0755224 0.0049181 -0.0137653 -0.00367601 0.0049181 0.0127378 -0.0216392 0.00491809 -0.0137653 -0.0216392 0.0982443 
0.00615069 -0.0131657 -0.00365642 0.00487491 -0.0131657 0.0754012 0.00486892 -0.0136752 -0.00365642 0.00486892 0.0127267 -0.021666 0.00487491 -0.0136752 -0.021666 0.0983285 
0.00619729 -0.0131688 -0.00361195 0.0048355 -0.0131688 0.0753309 0.00483177 -0.0135545 -0.00361195 0.00483177 0.0126909 -0.0216561 0.0048355 -0.0135545 -0.0216561 0.0983421 
0.00625962 -0.0132195 -0.00357896 0.00476315 -0.0132195 0.0753742 0.00476733 -0.0133834 -0.00357896 0.00476733 0.0126444 -0.0216207 0.00476315 -0.0133834 -0.0216207 0.0982887 
0.00630157 -0.0133392 -0.00357485 0.00472332 -0.0133392 0.0756858 0.00473928 -0.0132648 -0.00357485 0.00473928 0.0126386 -0.0215739 0.00472332 -0.0132648 -0.0215739 0.0982446 
0.00635306 -0.0134583 -0.00362263 0.00475416 -0.0134583 0.0760665 0.00477716 -0.0133206 -0.00362263 0.00477716 0.0125822 -0.0214802 0.00475416 -0.0133206 -0.0214802 0.0979455 
0.00632913 -0.01354 -0.00365045 0.0048278 -0.01354 0.0763312 0.00485279 -0.0134895 -0.00365045 0.00485279 0.0125545 -0.0213569 0.0048278 -0.0134895 -0.0213569 0.0975289 
0.00633003 -0.0135141 -0.00368482 0.00487976 -0.0135141 0.0764382 0.00489262 -0.013647 -0.00368482 0.00489262 0.0125268 -0.0213453 0.00487976 -0.013647 -0.0213453 0.0973994 
0.00633234 -0.013432 -0.00371321 0.0048768 -0.013432 0.076235 0.0048795 -0.0136314 -0.00371321 0.0048795 0.0125205 -0.0213895 0.0048768 -0.0136314 -0.0213895 0.0975326 
0.00635048 -0.0134113 -0.0037269 0.00490894 -0.0134113 0.076066 0.00491395 -0.0136713 -0.0037269 0.00491395 0.0125038 -0.0213751 0.00490894 -0.0136713 -0.0213751 0.097543 
0.00629305 -0.0134175 -0.00377245 0.00491214 -0.0134175 0.075999 0.00492412 -0.0136917 -0.00377245 0.00492412 0.0125906 -0.0213792 0.00491214 -0.0136917 -0.0213792 0.0975856 
0.00626012 -0.0133727 -0.00382581 0.00498423 -0.0133727 0.0759377 0.00499099 -0.0138229 -0.00382581 0.00499099 0.0126456 -0.0214622 0.00498423 -0.0138229 -0.0214622 0.097691 
0.00621623 -0.0133648 -0.0038408 0.00507517 -0.0133648 0.0759672 0.00507527 -0.0140484 -0.0038408 0.00507527 0.0127102 -0.0215475 0.00507517 -0.0140484 -0.0215475 0.0979464 
0.0062071 -0.0133214 -0.00386555 0.00511092 -0.0133214 0.0759108 0.0050991 -0.0142028 -0.00386555 0.0050991 0.0127128 -0.0216065 0.00511092 -0.0142028 -0.0216065 0.0981044 
0.00617037 -0.0132865 -0.00390926 0.00513427 -0.0132865 0.0757522 0.00511917 -0.014275 -0.00390926 0.00511917 0.0127195 -0.0215895 0.00513427 -0.014275 -0.0215895 0.098075 
0.00615664 -0.0132351 -0.00394812 0.00517811 -0.0132351 0.0756564 0.00516452 -0.0143586 -0.00394812 0.00516452 0.0127436 -0.0216535 0.00517811 -0.0143586 -0.0216535 0.0982707 
0.00617622 -0.0132037 -0.00397115 0.00522274 -0.0132037 0.0755204 0.00521445 -0.0144708 -0.00397115 0.00521445 0.0127163 -0.0216727 0.00522274 -0.0144708 -0.0216727 0.0983483 
0.00620623 -0.0132297 -0.00397899 0.00525112 -0.0132297 0.0755192 0.00525243 -0.0145752 -0.00397899 0.00525243 0.0126927 -0.0216464 0.00525112 -0.0145752 -0.0216464 0.0983581 
0.00622847 -0.0132721 -0.00398761 0.00525639 -0.0132721 0.0756059 0.0052653 -0.0146288 -0.00398761 0.0052653 0.0126726 -0.0216173 0.00525639 -0.0146288 -0.0216173 0.0983097 
0.00623958 -0.0132898 -0.00401082 0.00525315 -0.0132898 0.0756465 0.005265 -0.0146276 -0.00401082 0.005265 0.0126624 -0.0215866 0.00525315 -0.0146276 -0.0215866 0.0982161 
0.00623455 -0.0133107 -0.00399951 0.00527429 -0.0133107 0.0757567 0.005289 -0.014653 -0.00399951 0.005289 0.0126987 -0.0216175 0.00527429 -0.014653 -0.0216175 0.0983305 
0.00624332 -0.0133237 -0.00398531 0.0052806 -0.0133237 0.075808 0.00529136 -0.0146991 -0.00398531 0.00529136 0.0126922 -0.0216096 0.0052806 -0.0146991 -0.0216096 0.0982702 
0.00624871 -0.0133363 -0.0039968 0.00526617 -0.0133363 0.075841 0.00526984 -0.0146831 -0.0039968 0.00526984 0.0126763 -0.0215977 0.00526617 -0.0146831 -0.0215977 0.0982157 
0.00623097 -0.0133341 -0.00400072 0.00526981 -0.0133341 0.0758337 0.0052724 -0.0146626 -0.00400072 0.0052724 0.0126866 -0.0215833 0.00526981 -0.0146626 -0.0215833 0.0981699 
0.00621996 -0.0133248 -0.00402822 0.00528222 -0.0133248 0.0758686 0.00528345 -0.0146858 -0.00402822 0.00528345 0.0127201 -0.0216182 0.00528222 -0.0146858 -0.0216182 0.0982662 
0.00615883 -0.0132984 -0.00402561 0.00531253 -0.0132984 0.0757769 0.00531133 -0.014737 -0.00402561 0.00531133 0.0127737 -0.0216335 0.00531253 -0.014737 -0.0216335 0.098259 
0.00612357 -0.0132181 -0.00400287 0.00530831 -0.0132181 0.0756493 0.00529826 -0.014741 -0.00400287 0.00529826 0.0128348 -0.0217468 0.00530831 -0.014741 -0.0217468 0.0985279 
0.00610772 -0.0131834 -0.00398858 0.00529397 -0.0131834 0.0755378 0.00527632 -0.0147213 -0.00398858 0.00527632 0.012857 -0.0218111 0.00529397 -0.0147213 -0.0218111 0.0987341 
0.00610977 -0.0131728 -0.00397368 0.00528436 -0.0131728 0.0754584 0.00526552 -0.0147007 -0.00397368 0.00526552 0.0128303 -0.021804 0.00528436 -0.0147007 -0.021804 0.0987334 
0.00608437 -0.0131532 -0.00396305 0.00523715 -0.0131532 0.0754094 0.00522413 -0.014591 -0.00396305 0.00522413 0.012866 -0.0218284 0.00523715 -0.014591 -0.0218284 0.0988625 
0.00609086 -0.0131345 -0.0039904 0.00523626 -0.0131345 0.0753411 0.00522647 -0.0145632 -0.0039904 0.00522647 0.0128517 -0.021822 0.00523626 -0.0145632 -0.021822 0.0988048 
0.0061295 -0.0131602 -0.00405364 0.00528237 -0.0131602 0.0754025 0.00527845 -0.0146529 -0.00405364 0.00527845 0.0128348 -0.0218127 0.00528237 -0.0146529 -0.0218127 0.0988119 
0.00616592 -0.0132057 -0.0041139 0.00535542 -0.0132057 0.0754843 0.00536143 -0.0148185 -0.0041139 0.00536143 0.0127949 -0.0217836 0.00535542 -0.0148185 -0.0217836 0.0987417 
0.00616092 -0.0132571 -0.00413342 0.00542772 -0.0132571 0.0756097 0.00544418 -0.0150178 -0.00413342 0.00544418 0.0127943 -0.021732 0.00542772 -0.0150178 -0.021732 0.098628 
0.0061892 -0.0132632 -0.00415045 0.00546716 -0.0132632 0.0756836 0.00548148 -0.0151773 -0.00415045 0.00548148 0.012755 -0.0217107 0.00546716 -0.0151773 -0.0217107 0.0985108 
0.00623007 -0.01332 -0.00411661 0.00550777 -0.01332 0.0758437 0.00551825 -0.0153166 -0.00411661 0.00551825 0.0126929 -0.021662 0.00550777 -0.0153166 -0.021662 0.0984264 
0.00624202 -0.0133167 -0.00407976 0.00543148 -0.0133167 0.0758102 0.0054384 -0.0151981 -0.00407976 0.0054384 0.0126578 -0.021601 0.00543148 -0.0151981 -0.021601 0.0982756 
0.00625977 -0.0133365 -0.00407206 0.00538232 -0.0133365 0.0758681 0.0053878 -0.0150529 -0.00407206 0.0053878 0.0126484 -0.0215806 0.00538232 -0.0150529 -0.0215806 0.0982427 
0.0062508 -0.0133417 -0.00409288 0.00536421 -0.0133417 0.0758364 0.00537024 -0.0149566 -0.00409288 0.00537024 0.0126339 -0.0215395 0.00536421 -0.0149566 -0.0215395 0.0980919 
0.00623733 -0.013365 -0.00413663 0.0054214 -0.013365 0.0759277 0.00542771 -0.0150523 -0.00413663 0.00542771 0.0126375 -0.0215048 0.0054214 -0.0150523 -0.0215048 0.0979821 
0.00626897 -0.0133217 -0.0041755 0.00546767 -0.0133217 0.0758631 0.00547021 -0.0151585 -0.0041755 0.00547021 0.012608 -0.0215295 0.00546767 -0.0151585 -0.0215295 0.0980038 
0.00628119 -0.0133191 -0.00421323 0.00549219 -0.0133191 0.0757658 0.00549805 -0.0152185 -0.00421323 0.00549805 0.012624 -0.0215304 0.00549219 -0.0152185 -0.0215304 0.098068 
0.00623428 -0.0133519 -0.0042227 0.00554622 -0.0133519 0.0758097 0.00555667 -0.015343 -0.0042227 0.00555667 0.012689 -0.0215384 0.00554622 -0.015343 -0.0215384 0.0980855 
0.00621645 -0.0132941 -0.00422124 0.00554985 -0.0132941 0.0757634 0.00555296 -0.0153817 -0.00422124 0.00555296 0.0127435 -0.0216506 0.00554985 -0.0153817 -0.0216506 0.0983221 
0.00619871 -0.0132785 -0.00422016 0.00555567 -0.0132785 0.0756725 0.00554877 -0.0153938 -0.00422016 0.00554877 0.0127589 -0.021686 0.00555567 -0.0153938 -0.021686 0.0984127 
0.00625427 -0.0132861 -0.00425844 0.00556326 -0.0132861 0.0757387 0.00555302 -0.0154106 -0.00425844 0.00555302 0.0127149 -0.0217349 0.00556326 -0.0154106 -0.0217349 0.0986053 
0.00626355 -0.0133341 -0.00424921 0.00558092 -0.0133341 0.0758091 0.00558284 -0.0154217 -0.00424921 0.00558284 0.0127141 -0.0216938 0.00558092 -0.0154217 -0.0216938 0.0986224 
0.00623043 -0.0133774 -0.00424507 0.00558602 -0.0133774 0.0759493 0.00559561 -0.0154732 -0.00424507 0.00559561 0.0127336 -0.0216554 0.00558602 -0.0154732 -0.0216554 0.0984976 
0.00620566 -0.0133418 -0.00421224 0.00558488 -0.0133418 0.0759624 0.00558839 -0.0154839 -0.00421224 0.00558839 0.0127426 -0.0216781 0.00558488 -0.0154839 -0.0216781 0.0984878 
0.00621964 -0.0132893 -0.00417504 0.00554736 -0.0132893 0.0758135 0.00554141 -0.0154177 -0.00417504 0.00554141 0.0127005 -0.0216741 0.00554736 -0.0154177 -0.0216741 0.0984391 
0.00623548 -0.0132873 -0.00412833 0.00549326 -0.0132873 0.0757299 0.00548618 -0.0152889 -0.00412833 0.00548618 0.0126846 -0.0216449 0.00549326 -0.0152889 -0.0216449 0.098415 
