0.00719445 0 -0.0039784 0 0 0.0099922 0 0 -0.0039784 0 0.00752751 0 0 0 0 0.0099922 
0.00982452 -0.012196 -0.00547739 0.00672402 -0.012196 0.0325445 0.00672402 -0.0128929 -0.00547739 0.00672402 0.0109366 -0.0135937 0.00672402 -0.0128929 -0.0135937 0.0352237 
0.00991311 -0.0183533 -0.00493826 0.00817991 -0.0183533 0.0677853 0.00817991 -0.0259281 -0.00493826 0.00817991 0.0108998 -0.0207973 0.00817991 -0.0259281 -0.0207973 0.075784 
0.00955234 -0.0183001 -0.00440963 0.00603149 -0.0183001 0.0818035 0.00604768 -0.0212934 -0.00440963 0.00604768 0.0100127 -0.0200936 0.00603149 -0.0212934 -0.0200936 0.0902718 
0.00965718 -0.0178737 -0.00450674 0.00535174 -0.0178737 0.0856019 0.00537765 -0.0164522 -0.00450674 0.00537765 0.00980396 -0.0188786 0.00535174 -0.0164522 -0.0188786 0.0919748 
0.00987105 -0.0179259 -0.00471131 0.00561513 -0.0179259 0.0872108 0.00563687 -0.015312 -0.00471131 0.00563687 0.00993964 -0.0185672 0.00561513 -0.015312 -0.0185672 0.0916779 
0.009951 -0.0180276 -0.0047974 0.00592123 -0.0180276 0.0879613 0.00593671 -0.0156443 -0.0047974 0.00593671 0.0100767 -0.0186469 0.00592123 -0.0156443 -0.0186469 0.0915459 
0.00995973 -0.0180284 -0.00479765 0.00604107 -0.0180284 0.088196 0.00605255 -0.0160307 -0.00479765 0.00605255 0.0101571 -0.0187811 0.00604107 -0.0160307 -0.0187811 0.0917005 
0.00988292 -0.0179888 -0.00481518 0.00603529 -0.0179888 0.0881388 0.00604721 -0.0161458 -0.00481518 0.00604721 0.0102403 -0.018869 0.00603529 -0.0161458 -0.018869 0.0918829 
0.00977994 -0.0179235 -0.00484248 0.00605304 -0.0179235 0.0880275 0.00606429 -0.0161802 -0.00484248 0.00606429 0.0103521 -0.0189452 0.00605304 -0.0161802 -0.0189452 0.0920384 
0.0097163 -0.0178405 -0.00486335 0.00609349 -0.0178405 0.0878997 0.0060981 -0.016252 -0.00486335 0.0060981 0.0104245 -0.0190701 0.00609349 -0.016252 -0.0190701 0.0922935 
0.00970149 -0.0178051 -0.004866 0.00612405 -0.0178051 0.0878595 0.00612063 -0.0163244 -0.004866 0.00612063 0.0104557 -0.019157 0.00612405 -0.0163244 -0.019157 0.0925635 
0.00961865 -0.017808 -0.00487075 0.00612368 -0.017808 0.08788 0.00611605 -0.0163372 -0.00487075 0.00611605 0.0105527 -0.0191833 0.00612368 -0.0163372 -0.0191833 0.092692 
0.00961524 -0.0177652 -0.00485325 0.0061339 -0.0177652 0.0879443 0.00611618 -0.0163363 -0.00485325 0.00611618 0.0106049 -0.0193014 0.0061339 -0.0163363 -0.0193014 0.0929529 
0.0096421 -0.0176846 -0.0048139 0.00609636 -0.0176846 0.0876714 0.00606969 -0.0162506 -0.0048139 0.00606969 0.01055 -0.0193709 0.00609636 -0.0162506 -0.0193709 0.0931257 
0.00964554 -0.0177104 -0.00480653 0.00604514 -0.0177104 0.0876297 0.00602474 -0.0161342 -0.00480653 0.00602474 0.0105349 -0.0193404 0.00604514 -0.0161342 -0.0193404 0.0932217 
0.00968562 -0.0177453 -0.00479078 0.00603097 -0.0177453 0.0877279 0.00601826 -0.0160589 -0.00479078 0.00601826 0.0105098 -0.0192975 0.00603097 -0.0160589 -0.0192975 0.0931452 
0.00973163 -0.0177634 -0.00476601 0.00600728 -0.0177634 0.087738 0.00600091 -0.0160071 -0.00476601 0.00600091 0.0104744 -0.0192725 0.00600728 -0.0160071 -0.0192725 0.093063 
0.00981741 -0.017828 -0.00473612 0.00597651 -0.017828 0.0878671 0.00597524 -0.0159463 -0.00473612 0.00597524 0.0104286 -0.0192377 0.00597651 -0.0159463 -0.0192377 0.0930093 
0.00976785 -0.0178865 -0.00476466 0.00592654 -0.0178865 0.0879232 0.00593533 -0.0158444 -0.00476466 0.00593533 0.0104807 -0.0191918 0.00592654 -0.0158444 -0.0191918 0.0928927 
0.00971305 -0.0178298 -0.0047922 0.00596297 -0.0178298 0.0878911 0.00597106 -0.0158603 -0.0047922 0.00597106 0.010528 -0.0192796 0.00596297 -0.0158603 -0.0192796 0.0930357 
0.00968235 -0.0177114 -0.00483299 0.00599626 -0.0177114 0.0875616 0.00600126 -0.0159324 -0.00483299 0.00600126 0.0104871 -0.0193305 0.00599626 -0.0159324 -0.0193305 0.0931369 
0.00965013 -0.0177594 -0.00489873 0.00606248 -0.0177594 0.0876475 0.00607186 -0.0160804 -0.00489873 0.00607186 0.0105201 -0.0192535 0.00606248 -0.0160804 -0.0192535 0.0930671 
0.00956087 -0.0177312 -0.00495511 0.00615329 -0.0177312 0.0876891 0.00616695 -0.0163068 -0.00495511 0.00616695 0.0106073 -0.019294 0.00615329 -0.0163068 -0.019294 0.0931 
0.00941919 -0.0176086 -0.00499429 0.00622632 -0.0176086 0.0874599 0.00623108 -0.0165127 -0.00499429 0.00623108 0.0106945 -0.0193723 0.00622632 -0.0165127 -0.0193723 0.0931777 
0.00933147 -0.017485 -0.00498119 0.00628954 -0.017485 0.0872468 0.00627818 -0.0166797 -0.00498119 0.00627818 0.0107843 -0.0194555 0.00628954 -0.0166797 -0.0194555 0.0933354 
0.00932186 -0.0173688 -0.00495502 0.00628557 -0.0173688 0.0869751 0.00625735 -0.0167304 -0.00495502 0.00625735 0.0108222 -0.0195799 0.00628557 -0.0167304 -0.0195799 0.0936321 
0.0093215 -0.0173327 -0.00493691 0.00624155 -0.0173327 0.0867653 0.00620826 -0.0166509 -0.00493691 0.00620826 0.0108561 -0.0196352 0.00624155 -0.0166509 -0.0196352 0.0938393 
0.00936612 -0.0173155 -0.00491603 0.00620278 -0.0173155 0.0866187 0.00617557 -0.0165379 -0.00491603 0.00617557 0.0108233 -0.0196698 0.00620278 -0.0165379 -0.0196698 0.093929 
0.00936968 -0.0173403 -0.00493802 0.00616853 -0.0173403 0.086589 0.00615462 -0.0164546 -0.00493802 0.00615462 0.010819 -0.0196773 0.00616853 -0.0164546 -0.0196773 0.0940556 
0.00936585 -0.0173128 -0.00496822 0.00618657 -0.0173128 0.0864886 0.00618571 -0.0164581 -0.00496822 0.00618571 0.0107911 -0.0196817 0.00618657 -0.0164581 -0.0196817 0.0941022 
0.0093124 -0.0172907 -0.00500977 0.0062244 -0.0172907 0.0863657 0.00623721 -0.0165519 -0.00500977 0.00623721 0.010808 -0.0196327 0.0062244 -0.0165519 -0.0196327 0.0940028 
0.00929714 -0.017293 -0.00504281 0.00629223 -0.017293 0.0864459 0.00631022 -0.0167237 -0.00504281 0.00631022 0.0108518 -0.0196303 0.00629223 -0.0167237 -0.0196303 0.0939581 
0.0092987 -0.0172744 -0.00505421 0.00634141 -0.0172744 0.0864537 0.00635809 -0.0168855 -0.00505421 0.00635809 0.0108527 -0.0196907 0.00634141 -0.0168855 -0.0196907 0.0940583 
0.00932796 -0.0173012 -0.00504738 0.00635604 -0.0173012 0.0865401 0.00637114 -0.0169669 -0.00504738 0.00637114 0.0108045 -0.0196822 0.00635604 -0.0169669 -0.0196822 0.094088 
0.00929371 -0.0173065 -0.00504304 0.00633964 -0.0173065 0.0865127 0.006351 -0.0169539 -0.00504304 0.006351 0.0107756 -0.0196053 0.00633964 -0.0169539 -0.0196053 0.0939023 
0.00920277 -0.017286 -0.00505528 0.00634734 -0.017286 0.0865445 0.00635276 -0.0169587 -0.00505528 0.00635276 0.0108488 -0.0195822 0.00634734 -0.0169587 -0.0195822 0.0938357 
0.00920478 -0.0171601 -0.00503991 0.00636395 -0.0171601 0.0862947 0.00635605 -0.016972 -0.00503991 0.00635605 0.0108212 -0.0196347 0.00636395 -0.016972 -0.0196347 0.0938097 
0.00921693 -0.0171517 -0.00503904 0.0063567 -0.0171517 0.0861754 0.00634515 -0.0169799 -0.00503904 0.00634515 0.010809 -0.0196318 0.0063567 -0.0169799 -0.0196318 0.0938858 
0.00914256 -0.0171446 -0.00507814 0.00635244 -0.0171446 0.0861122 0.00634713 -0.0169786 -0.00507814 0.00634713 0.0108592 -0.0196311 0.00635244 -0.0169786 -0.0196311 0.0939253 
0.00912145 -0.0170521 -0.00507757 0.00639359 -0.0170521 0.0859005 0.00638913 -0.0170344 -0.00507757 0.00638913 0.0108245 -0.0196472 0.00639359 -0.0170344 -0.0196472 0.0938596 
0.00910518 -0.0170308 -0.00507945 0.00641176 -0.0170308 0.0858145 0.00640943 -0.0171205 -0.00507945 0.00640943 0.0108121 -0.0196286 0.00641176 -0.0171205 -0.0196286 0.093883 
0.00908908 -0.0170532 -0.005067 0.00641847 -0.0170532 0.0858855 0.00641701 -0.0171635 -0.005067 0.00641701 0.0108418 -0.0195738 0.00641847 -0.0171635 -0.0195738 0.0937538 
0.00908744 -0.0170055 -0.00502395 0.00640408 -0.0170055 0.0857963 0.00639618 -0.0171527 -0.00502395 0.00639618 0.0108397 -0.0196186 0.00640408 -0.0171527 -0.0196186 0.0937693 
0.00900538 -0.0169845 -0.00502142 0.00634777 -0.0169845 0.085688 0.00633454 -0.017046 -0.00502142 0.00633454 0.0109163 -0.0196248 0.00634777 -0.017046 -0.0196248 0.093802 
0.00898792 -0.0169052 -0.00502283 0.00634404 -0.0169052 0.0855559 0.0063239 -0.0169699 -0.00502283 0.0063239 0.010939 -0.0197025 0.00634404 -0.0169699 -0.0197025 0.0939144 
0.00899552 -0.0168642 -0.00502252 0.00634461 -0.0168642 0.0854051 0.00632447 -0.0169503 -0.00502252 0.00632447 0.0109144 -0.019754 0.00634461 -0.0169503 -0.019754 0.0940931 
0.00907229 -0.0168806 -0.00499117 0.00634425 -0.0168806 0.0853933 0.00633124 -0.0169514 -0.00499117 0.00633124 0.0108404 -0.0197233 0.00634425 -0.0169514 -0.0197233 0.0941206 
0.00916077 -0.0169543 -0.00497068 0.00630051 -0.0169543 0.08548 0.00630004 -0.0168987 -0.00497068 0.00630004 0.0107391 -0.0196379 0.00630051 -0.0168987 -0.0196379 0.0939853 
0.00915045 -0.0170595 -0.00498446 0.00626636 -0.0170595 0.0856856 0.00627966 -0.0168251 -0.00498446 0.00627966 0.0107302 -0.0195066 0.00626636 -0.0168251 -0.0195066 0.0937014 
0.00912685 -0.0170747 -0.00499824 0.00628446 -0.0170747 0.085818 0.00629914 -0.0168235 -0.00499824 0.00629914 0.0107477 -0.019457 0.00628446 -0.0168235 -0.019457 0.0934341 
0.00911029 -0.0170162 -0.00501568 0.00631403 -0.0170162 0.0857477 0.0063207 -0.0168862 -0.00501568 0.0063207 0.0107519 -0.0195186 0.00631403 -0.0168862 -0.0195186 0.0935164 
0.00910993 -0.0169637 -0.00501749 0.00633384 -0.0169637 0.0855543 0.0063372 -0.0169419 -0.00501749 0.0063372 0.0107131 -0.0195182 0.00633384 -0.0169419 -0.0195182 0.0935295 
0.00914897 -0.0169462 -0.00498672 0.00634166 -0.0169462 0.0854381 0.00634826 -0.0169914 -0.00498672 0.00634826 0.0106437 -0.0194772 0.00634166 -0.0169914 -0.0194772 0.0934785 
0.00919067 -0.0170133 -0.00496608 0.00631114 -0.0170133 0.0855304 0.00632357 -0.0169757 -0.00496608 0.00632357 0.0105723 -0.0193741 0.00631114 -0.0169757 -0.0193741 0.0932667 
0.00914882 -0.0170798 -0.00497021 0.00628506 -0.0170798 0.0857108 0.00630039 -0.016925 -0.00497021 0.00630039 0.0105831 -0.0192692 0.00628506 -0.016925 -0.0192692 0.0929923 
0.00906544 -0.0170374 -0.00497464 0.00629372 -0.0170374 0.0857133 0.0063005 -0.0169064 -0.00497464 0.0063005 0.0106382 -0.0192492 0.00629372 -0.0169064 -0.0192492 0.0927869 
0.00894965 -0.016942 -0.00500734 0.00631823 -0.016942 0.0855865 0.00630881 -0.0169426 -0.00500734 0.00630881 0.0107623 -0.0193344 0.00631823 -0.0169426 -0.0193344 0.0929153 
0.00887173 -0.0167864 -0.00503963 0.00636489 -0.0167864 0.0852604 0.00633885 -0.0170173 -0.00503963 0.00633885 0.0108606 -0.0194935 0.00636489 -0.0170173 -0.0194935 0.0932408 
0.00887151 -0.0167008 -0.00505313 0.00640434 -0.0167008 0.0849533 0.00637529 -0.0171036 -0.00505313 0.00637529 0.0108784 -0.0195704 0.00640434 -0.0171036 -0.0195704 0.0934051 
0.00882636 -0.016723 -0.00507096 0.00642451 -0.016723 0.0849483 0.00640537 -0.0171908 -0.00507096 0.00640537 0.0109572 -0.0196307 0.00642451 -0.0171908 -0.0196307 0.0936596 
0.00875411 -0.0166485 -0.00509039 0.00643254 -0.0166485 0.0848059 0.00641749 -0.0172251 -0.00509039 0.00641749 0.0110173 -0.0197306 0.00643254 -0.0172251 -0.0197306 0.093885 
0.00872283 -0.0165523 -0.00510913 0.00645879 -0.0165523 0.0846035 0.00644094 -0.017276 -0.00510913 0.00644094 0.011053 -0.0198313 0.00645879 -0.017276 -0.0198313 0.0942003 
0.00873158 -0.0164975 -0.00510203 0.00647371 -0.0164975 0.0843558 0.00646036 -0.0173169 -0.00510203 0.00646036 0.0110174 -0.0198357 0.00647371 -0.0173169 -0.0198357 0.0942273 
0.00877435 -0.0165266 -0.00508781 0.0064744 -0.0165266 0.0843858 0.00646879 -0.0173608 -0.00508781 0.00646879 0.0110024 -0.0198226 0.0064744 -0.0173608 -0.0198226 0.0942959 
0.00878004 -0.0165631 -0.00506969 0.00644376 -0.0165631 0.0843971 0.00644438 -0.0173196 -0.00506969 0.00644438 0.0110164 -0.019773 0.00644376 -0.0173196 -0.019773 0.0941477 
0.0088164 -0.0166156 -0.00505737 0.00642982 -0.0166156 0.084617 0.00643114 -0.0172864 -0.00505737 0.00643114 0.0110338 -0.0198274 0.00642982 -0.0172864 -0.0198274 0.0942886 
0.00878818 -0.0165676 -0.00507085 0.0063848 -0.0165676 0.084434 0.00638548 -0.0171747 -0.00507085 0.00638548 0.0109987 -0.0198565 0.0063848 -0.0171747 -0.0198565 0.0943328 
0.0088427 -0.0165583 -0.00506871 0.00640794 -0.0165583 0.084408 0.00641303 -0.0171701 -0.00506871 0.00641303 0.0109058 -0.0198259 0.00640794 -0.0171701 -0.0198259 0.0943544 
0.0088892 -0.0166632 -0.00506051 0.00641468 -0.0166632 0.0846121 0.00643025 -0.0172107 -0.00506051 0.00643025 0.0108369 -0.0196699 0.00641468 -0.0172107 -0.0196699 0.0940549 
0.00888184 -0.0166943 -0.00504302 0.0064046 -0.0166943 0.0847172 0.0064227 -0.0172204 -0.00504302 0.0064227 0.0107994 -0.0195836 0.0064046 -0.0172204 -0.0195836 0.0937652 
0.00889383 -0.0167314 -0.00502848 0.00640187 -0.0167314 0.0849153 0.00641432 -0.0172253 -0.00502848 0.00641432 0.010787 -0.0195311 0.00640187 -0.0172253 -0.0195311 0.0936118 
0.00889525 -0.016732 -0.00500899 0.00638569 -0.016732 0.0849484 0.00638741 -0.0171882 -0.00500899 0.00638741 0.0107821 -0.0194974 0.00638569 -0.0171882 -0.0194974 0.0934628 
0.00893956 -0.016738 -0.00499788 0.00636497 -0.016738 0.08496 0.0063589 -0.0171309 -0.00499788 0.0063589 0.0107684 -0.0194783 0.00636497 -0.0171309 -0.0194783 0.0933567 
0.00900295 -0.0168047 -0.0049685 0.00634661 -0.0168047 0.0850611 0.00634163 -0.0170724 -0.0049685 0.00634163 0.0107427 -0.0194405 0.00634661 -0.0170724 -0.0194405 0.093214 
0.00910383 -0.0168851 -0.00493438 0.00630564 -0.0168851 0.0852675 0.00630444 -0.0169876 -0.00493438 0.00630444 0.0106835 -0.019451 0.00630564 -0.0169876 -0.019451 0.093257 
0.00912047 -0.0169734 -0.00490812 0.00624039 -0.0169734 0.0854042 0.00624591 -0.0168294 -0.00490812 0.00624591 0.0106716 -0.0193806 0.00624039 -0.0168294 -0.0193806 0.0931254 
0.00915662 -0.0170067 -0.0049079 0.00620404 -0.0170067 0.0855589 0.00621053 -0.0167034 -0.0049079 0.00621053 0.0106437 -0.0193878 0.00620404 -0.0167034 -0.0193878 0.0931226 
0.00919775 -0.0170164 -0.00489861 0.00619715 -0.0170164 0.0855699 0.00620469 -0.0166374 -0.00489861 0.00620469 0.0105548 -0.0193773 0.00619715 -0.0166374 -0.0193773 0.0931408 
0.00920668 -0.0170822 -0.00490971 0.00619643 -0.0170822 0.0857295 0.00621028 -0.0166346 -0.00490971 0.00621028 0.0105213 -0.0192772 0.00619643 -0.0166346 -0.0192772 0.0930322 
0.00925539 -0.0171421 -0.00488353 0.00621742 -0.0171421 0.0859375 0.00623195 -0.0166722 -0.00488353 0.00623195 0.0104841 -0.0191629 0.00621742 -0.0166722 -0.0191629 0.0926869 
0.00929305 -0.0171949 -0.00484041 0.00619353 -0.0171949 0.0860938 0.00620283 -0.0166631 -0.00484041 0.00620283 0.0104604 -0.0191269 0.00619353 -0.0166631 -0.0191269 0.0925139 
0.00933548 -0.0172048 -0.00481683 0.00613016 -0.0172048 0.0860833 0.00613006 -0.016532 -0.00481683 0.00613006 0.010407 -0.019094 0.00613016 -0.016532 -0.019094 0.0923582 
0.0093733 -0.0172469 -0.00482093 0.00610128 -0.0172469 0.0861726 0.00610094 -0.0164242 -0.00482093 0.00610094 0.0103893 -0.0190805 0.00610128 -0.0164242 -0.0190805 0.0923927 
0.00932455 -0.0172669 -0.00482492 0.00609445 -0.0172669 0.0861737 0.00609969 -0.01637 -0.00482492 0.00609969 0.0104314 -0.0190443 0.00609445 -0.01637 -0.0190443 0.0922939 
0.00926359 -0.0172148 -0.00484228 0.00610891 -0.0172148 0.0861268 0.00611219 -0.0163864 -0.00484228 0.00611219 0.0105087 -0.0191103 0.00610891 -0.0163864 -0.0191103 0.0923962 
0.00923096 -0.0171077 -0.00484365 0.00612969 -0.0171077 0.0858738 0.00612515 -0.0164242 -0.00484365 0.00612515 0.010527 -0.0192226 0.00612969 -0.0164242 -0.0192226 0.0926417 
0.00918601 -0.01704 -0.00485315 0.00612789 -0.01704 0.0855971 0.00612306 -0.0164348 -0.00485315 0.00612306 0.0105283 -0.0192408 0.00612789 -0.0164348 -0.0192408 0.0927446 
0.00915593 -0.0170383 -0.0048663 0.00614974 -0.0170383 0.0855867 0.00614873 -0.0164823 -0.0048663 0.00614873 0.0105085 -0.0192204 0.00614974 -0.0164823 -0.0192204 0.0927371 
0.00917632 -0.0170486 -0.00486678 0.00618192 -0.0170486 0.0857067 0.00618189 -0.0165672 -0.00486678 0.00618189 0.0104932 -0.0191822 0.00618192 -0.0165672 -0.0191822 0.0926891 
0.00917262 -0.017068 -0.00487485 0.00618006 -0.017068 0.0857245 0.00617884 -0.016594 -0.00487485 0.00617884 0.0105017 -0.019106 0.00618006 -0.016594 -0.019106 0.0924231 
0.00915223 -0.0170293 -0.00488932 0.00618914 -0.0170293 0.0856416 0.00618504 -0.0166156 -0.00488932 0.00618504 0.0105092 -0.0191554 0.00618914 -0.0166156 -0.0191554 0.0924496 
0.00913084 -0.0170319 -0.00490107 0.00621339 -0.0170319 0.0856673 0.00620919 -0.0166679 -0.00490107 0.00620919 0.0105479 -0.0191691 0.00621339 -0.0166679 -0.0191691 0.0925279 
0.00913791 -0.0169739 -0.00490926 0.00622434 -0.0169739 0.0855335 0.00621789 -0.0167042 -0.00490926 0.00621789 0.0105461 -0.0192213 0.00622434 -0.0167042 -0.0192213 0.0926262 
0.00906713 -0.0169348 -0.00494107 0.00622885 -0.0169348 0.0853541 0.00622689 -0.0167298 -0.00494107 0.00622689 0.010595 -0.0192612 0.00622885 -0.0167298 -0.0192612 0.0927928 
0.00903259 -0.0168854 -0.00496186 0.00627118 -0.0168854 0.0852466 0.00627143 -0.0168089 -0.00496186 0.00627143 0.0106305 -0.0192751 0.00627118 -0.0168089 -0.0192751 0.0928031 
0.00904189 -0.0168345 -0.00496796 0.00630419 -0.0168345 0.0851173 0.0063045 -0.0169107 -0.00496796 0.0063045 0.010635 -0.019329 0.00630419 -0.0169107 -0.019329 0.0929136 
0.00901309 -0.0168563 -0.00496561 0.00630803 -0.0168563 0.0850795 0.00631184 -0.0169564 -0.00496561 0.00631184 0.0106722 -0.0193072 0.00630803 -0.0169564 -0.0193072 0.0928604 
0.00896036 -0.0168636 -0.00497178 0.00631022 -0.0168636 0.0851665 0.00631208 -0.0169739 -0.00497178 0.00631208 0.0107433 -0.0193504 0.00631022 -0.0169739 -0.0193504 0.0929161 
0.00892755 -0.0168313 -0.0049861 0.0063178 -0.0168313 0.0851952 0.00631036 -0.0169709 -0.0049861 0.00631036 0.0108083 -0.0194266 0.0063178 -0.0169709 -0.0194266 0.0930519 
0.00895752 -0.0168018 -0.00499186 0.00633373 -0.0168018 0.0851704 0.00631825 -0.0169778 -0.00499186 0.00631825 0.0108035 -0.0195174 0.00633373 -0.0169778 -0.0195174 0.0932776 
0.00904207 -0.0168089 -0.00497368 0.0063303 -0.0168089 0.0851357 0.00631769 -0.0169709 -0.00497368 0.00631769 0.0107268 -0.0195457 0.0063303 -0.0169709 -0.0195457 0.0934635 
0.00911559 -0.0169025 -0.00495386 0.00630019 -0.0169025 0.0852811 0.00630172 -0.0169312 -0.00495386 0.00630172 0.0106439 -0.019473 0.00630019 -0.0169312 -0.019473 0.093454 
0.00911466 -0.0169463 -0.00494678 0.00625886 -0.0169463 0.0853309 0.00627323 -0.016849 -0.00494678 0.00627323 0.0106006 -0.0193655 0.00625886 -0.016849 -0.0193655 0.0932119 
0.00907865 -0.0169881 -0.00496221 0.00626292 -0.0169881 0.0855029 0.00627892 -0.0168352 -0.00496221 0.00627892 0.0106598 -0.0192994 0.00626292 -0.0168352 -0.0192994 0.0930243 
0.00898696 -0.0169355 -0.00497954 0.00628835 -0.0169355 0.0854619 0.00629568 -0.0168721 -0.00497954 0.00629568 0.0107411 -0.0193644 0.00628835 -0.0168721 -0.0193644 0.0930364 
0.00895912 -0.0168565 -0.00499215 0.00632347 -0.0168565 0.0853624 0.00631578 -0.0169381 -0.00499215 0.00631578 0.0108059 -0.0194556 0.00632347 -0.0169381 -0.0194556 0.0932117 
0.00898177 -0.0167587 -0.00496566 0.00632867 -0.0167587 0.0850367 0.00631335 -0.0169588 -0.00496566 0.00631335 0.0107451 -0.0195515 0.00632867 -0.0169588 -0.0195515 0.0934231 
0.0090317 -0.0167741 -0.00494166 0.006292 -0.0167741 0.0849157 0.0062847 -0.0169127 -0.00494166 0.0062847 0.0106439 -0.0194894 0.006292 -0.0169127 -0.0194894 0.0934267 
0.0092302 -0.0169401 -0.00489432 0.00627707 -0.0169401 0.0853404 0.00628356 -0.0168864 -0.00489432 0.00628356 0.0104775 -0.0193298 0.00627707 -0.0168864 -0.0193298 0.093169 
0.00927307 -0.0170677 -0.00485128 0.00619063 -0.0170677 0.0855137 0.00621326 -0.0167437 -0.00485128 0.00621326 0.0103818 -0.019146 0.00619063 -0.0167437 -0.019146 0.092714 
0.00928073 -0.0171898 -0.00485452 0.00614641 -0.0171898 0.085916 0.00617547 -0.0166227 -0.00485452 0.00617547 0.0103859 -0.0190054 0.00614641 -0.0166227 -0.0190054 0.0923174 
0.00920429 -0.0172136 -0.00487775 0.00615666 -0.0172136 0.0861182 0.00617498 -0.0165853 -0.00487775 0.00617498 0.010478 -0.0189881 0.00615666 -0.0165853 -0.0189881 0.092108 
0.00909554 -0.0170918 -0.00489882 0.00619212 -0.0170918 0.0859453 0.00618998 -0.016619 -0.00489882 0.00618998 0.010604 -0.0191186 0.00619212 -0.016619 -0.0191186 0.0922648 
0.00904786 -0.0168971 -0.00488562 0.00621764 -0.0168971 0.0854341 0.00619604 -0.0166551 -0.00488562 0.00619604 0.0106139 -0.0192976 0.00621764 -0.0166551 -0.0192976 0.0926357 
0.00899384 -0.0168617 -0.00489542 0.00621264 -0.0168617 0.0852299 0.00618945 -0.0166691 -0.00489542 0.00618945 0.0106519 -0.0193263 0.00621264 -0.0166691 -0.0193263 0.0929008 
0.00891321 -0.016811 -0.00492758 0.00622315 -0.016811 0.0851109 0.00620376 -0.0166857 -0.00492758 0.00620376 0.0107168 -0.0193521 0.00622315 -0.0166857 -0.0193521 0.0929922 
0.00889792 -0.016699 -0.00493623 0.00626565 -0.016699 0.0848796 0.00624564 -0.0167639 -0.00493623 0.00624564 0.0107062 -0.0194373 0.00626565 -0.0167639 -0.0194373 0.0931737 
0.00888341 -0.0166633 -0.00493027 0.0062756 -0.0166633 0.08466 0.00626165 -0.0168239 -0.00493027 0.00626165 0.0106828 -0.0193918 0.0062756 -0.0168239 -0.0193918 0.0931014 
0.00891603 -0.0166879 -0.0049134 0.00628337 -0.0166879 0.0847277 0.00627446 -0.0168807 -0.0049134 0.00627446 0.0106756 -0.0193689 0.00628337 -0.0168807 -0.0193689 0.0930832 
0.00892384 -0.0166804 -0.00492286 0.00624692 -0.0166804 0.0846283 0.00624245 -0.016836 -0.00492286 0.00624245 0.0106666 -0.0193397 0.00624692 -0.016836 -0.0193397 0.092942 
0.00893231 -0.0166995 -0.00493231 0.00625916 -0.0166995 0.0846788 0.00625978 -0.0168396 -0.00493231 0.00625978 0.0106914 -0.0193653 0.00625916 -0.0168396 -0.0193653 0.0930188 
0.00893764 -0.0166997 -0.00493537 0.0062647 -0.0166997 0.0846663 0.00627019 -0.0168564 -0.00493537 0.00627019 0.0106732 -0.0193929 0.0062647 -0.0168564 -0.0193929 0.0930685 
0.0089309 -0.0166827 -0.00494245 0.00626426 -0.0166827 0.0846072 0.00627336 -0.0168651 -0.00494245 0.00627336 0.0106419 -0.0193923 0.00626426 -0.0168651 -0.0193923 0.0931232 
0.00886872 -0.0166974 -0.00496795 0.00628013 -0.0166974 0.0846526 0.00629398 -0.016904 -0.00496795 0.00629398 0.0106946 -0.0193404 0.00628013 -0.016904 -0.0193404 0.093055 
0.0088468 -0.0166208 -0.00495921 0.00631572 -0.0166208 0.0845245 0.00632334 -0.0169739 -0.00495921 0.00632334 0.0107101 -0.0193667 0.00631572 -0.0169739 -0.0193667 0.0929747 
0.00882542 -0.0165929 -0.00497078 0.00631601 -0.0165929 0.0844331 0.00631824 -0.0170176 -0.00497078 0.00631824 0.0107246 -0.0194061 0.00631601 -0.0170176 -0.0194061 0.0930678 
0.00882269 -0.0165788 -0.00498715 0.00633137 -0.0165788 0.0844151 0.00633135 -0.0170477 -0.00498715 0.00633135 0.0107202 -0.0194304 0.00633137 -0.0170477 -0.0194304 0.0931677 
0.00877431 -0.0165649 -0.00501886 0.00634504 -0.0165649 0.0843285 0.00634823 -0.0170766 -0.00501886 0.00634823 0.0107397 -0.0193844 0.00634504 -0.0170766 -0.0193844 0.0930335 
0.00873375 -0.0165347 -0.00505552 0.00639931 -0.0165347 0.0843461 0.00640222 -0.017193 -0.00505552 0.00640222 0.0107984 -0.0194365 0.00639931 -0.017193 -0.0194365 0.0931483 
0.00876844 -0.016522 -0.00503595 0.0064506 -0.016522 0.0843463 0.00645118 -0.0173247 -0.00503595 0.00645118 0.0107708 -0.0194487 0.0064506 -0.0173247 -0.0194487 0.0931135 
0.00878848 -0.0166024 -0.005026 0.00643727 -0.0166024 0.0845431 0.00643671 -0.0173666 -0.005026 0.00643671 0.0107741 -0.0194168 0.00643727 -0.0173666 -0.0194168 0.0930824 
0.00882938 -0.0166267 -0.00501451 0.00641501 -0.0166267 0.0846712 0.00640994 -0.0173163 -0.00501451 0.00640994 0.0107475 -0.0194249 0.00641501 -0.0173163 -0.0194249 0.0930726 
0.0088524 -0.0166607 -0.00499438 0.00639277 -0.0166607 0.0847458 0.0063857 -0.0172452 -0.00499438 0.0063857 0.0107421 -0.0194082 0.00639277 -0.0172452 -0.0194082 0.0930704 
0.00885377 -0.0166309 -0.00498352 0.00635168 -0.0166309 0.0846198 0.00634394 -0.0171383 -0.00498352 0.00634394 0.0107089 -0.0194122 0.00635168 -0.0171383 -0.0194122 0.0930431 
0.00894791 -0.0166241 -0.00494033 0.00634285 -0.0166241 0.0845933 0.00633788 -0.0170901 -0.00494033 0.00633788 0.0106196 -0.0194245 0.00634285 -0.0170901 -0.0194245 0.0931767 
0.00901183 -0.0167104 -0.00491639 0.00628182 -0.0167104 0.0846546 0.0062884 -0.0169911 -0.00491639 0.0062884 0.0105545 -0.0193063 0.00628182 -0.0169911 -0.0193063 0.0930081 
0.00905178 -0.0168252 -0.00489423 0.00624653 -0.0168252 0.0848891 0.00626519 -0.0168938 -0.00489423 0.00626519 0.0105101 -0.0191668 0.00624653 -0.0168938 -0.0191668 0.0925959 
0.00901211 -0.016858 -0.00490777 0.00622141 -0.016858 0.0850446 0.00623915 -0.0168254 -0.00490777 0.00623915 0.010552 -0.0191528 0.00622141 -0.0168254 -0.0191528 0.0924853 
0.00902894 -0.0168196 -0.00490932 0.00624176 -0.0168196 0.0850502 0.00625077 -0.0168193 -0.00490932 0.00625077 0.0105378 -0.0191991 0.00624176 -0.0168193 -0.0191991 0.0925232 
0.00909177 -0.0168246 -0.004884 0.00624489 -0.0168246 0.0850026 0.0062509 -0.0168278 -0.004884 0.0062509 0.0104505 -0.0191785 0.00624489 -0.0168278 -0.0191785 0.0924962 
0.00910643 -0.0169574 -0.00485122 0.00622246 -0.0169574 0.0852934 0.00623666 -0.0168118 -0.00485122 0.00623666 0.010434 -0.019047 0.00622246 -0.0168118 -0.019047 0.0922711 
0.00911672 -0.0169958 -0.00485301 0.00618662 -0.0169958 0.0855487 0.00619591 -0.016743 -0.00485301 0.00619591 0.0104341 -0.0190343 0.00618662 -0.016743 -0.0190343 0.092178 
0.00908769 -0.0169396 -0.00483745 0.00617362 -0.0169396 0.0854044 0.00617234 -0.0166583 -0.00483745 0.00617234 0.0104334 -0.0190325 0.00617362 -0.0166583 -0.0190325 0.0920942 
0.00899315 -0.0169317 -0.00486624 0.00617164 -0.0169317 0.0854098 0.00616437 -0.0166392 -0.00486624 0.00616437 0.010576 -0.0190502 0.00617164 -0.0166392 -0.0190502 0.0921723 
0.00893242 -0.0167836 -0.00487812 0.00619891 -0.0167836 0.0850818 0.00617947 -0.0166507 -0.00487812 0.00617947 0.0106388 -0.0192001 0.00619891 -0.0166507 -0.0192001 0.0923448 
0.00889479 -0.0166694 -0.00488147 0.00621296 -0.0166694 0.0847152 0.00618934 -0.0166831 -0.00488147 0.00618934 0.0106532 -0.0193399 0.00621296 -0.0166831 -0.0193399 0.0927589 
0.00892684 -0.0166982 -0.00487636 0.00622911 -0.0166982 0.0847563 0.00621278 -0.0167346 -0.00487636 0.00621278 0.0106238 -0.0193346 0.00622911 -0.0167346 -0.0193346 0.0929254 
0.00901392 -0.0167019 -0.00485805 0.00620853 -0.0167019 0.0847122 0.00620156 -0.0167208 -0.00485805 0.00620156 0.0105258 -0.0192841 0.00620853 -0.0167208 -0.0192841 0.0928324 
0.00911246 -0.0168608 -0.0048385 0.00619097 -0.0168608 0.0850404 0.00620009 -0.0167074 -0.0048385 0.00620009 0.0104476 -0.0191421 0.00619097 -0.0167074 -0.0191421 0.092568 
