0.00703378 0 0.00402436 0 0 0.00998614 0 0 0.00402436 0 0.00902441 0 0 0 0 0.00998614 
0.0099322 -0.0123728 0.00567143 -0.00694756 -0.0123728 0.0328846 -0.00694756 0.0133211 0.00567143 -0.00694756 0.0126845 -0.0157405 -0.00694756 0.0133211 -0.0157405 0.0393415 
0.0101834 -0.0194969 0.00501716 -0.00814224 -0.0194969 0.0717125 -0.00814224 0.0257245 0.00501716 -0.00814224 0.0126347 -0.0233871 -0.00814224 0.0257245 -0.0233871 0.0839717 
0.00952999 -0.0194184 0.0043722 -0.00584293 -0.0194184 0.087601 -0.00584228 0.0202412 0.0043722 -0.00584228 0.0119283 -0.022225 -0.00584293 0.0202412 -0.022225 0.097112 
0.00937823 -0.0184068 0.00442033 -0.00521944 -0.0184068 0.0901215 -0.00521129 0.0157805 0.00442033 -0.00521129 0.012045 -0.021219 -0.00521944 0.0157805 -0.021219 0.0979522 
0.00949576 -0.0180166 0.00459094 -0.00541531 -0.0180166 0.0896826 -0.0054047 0.0147133 0.00459094 -0.0054047 0.0122644 -0.0212129 -0.00541531 0.0147133 -0.0212129 0.0977305 
0.00965945 -0.0181145 0.00470888 -0.00568469 -0.0181145 0.0897684 -0.00568047 0.0149669 0.00470888 -0.00568047 0.0123631 -0.0214543 -0.00568469 0.0149669 -0.0214543 0.098253 
0.00972303 -0.0182796 0.00474494 -0.00581821 -0.0182796 0.0901179 -0.00582465 0.0152983 0.00474494 -0.00582465 0.012389 -0.0215191 -0.00581821 0.0152983 -0.0215191 0.09856 
0.00980189 -0.0183537 0.00480665 -0.00586809 -0.0183537 0.09044 -0.00587501 0.0154949 0.00480665 -0.00587501 0.01229 -0.0215411 -0.00586809 0.0154949 -0.0215411 0.0987122 
0.00986098 -0.0183968 0.00488374 -0.0059395 -0.0183968 0.0905017 -0.00594738 0.0156673 0.00488374 -0.00594738 0.0121162 -0.0213873 -0.0059395 0.0156673 -0.0213873 0.0984292 
0.00987072 -0.0184914 0.00493085 -0.00603207 -0.0184914 0.0907531 -0.00604694 0.0158848 0.00493085 -0.00604694 0.0120597 -0.0212122 -0.00603207 0.0158848 -0.0212122 0.0981166 
0.00981958 -0.0184819 0.00498878 -0.00609443 -0.0184819 0.0907861 -0.00611217 0.0160901 0.00498878 -0.00611217 0.0120004 -0.0211122 -0.00609443 0.0160901 -0.0211122 0.0977545 
0.00979634 -0.0184159 0.00499455 -0.00614842 -0.0184159 0.0906632 -0.00616091 0.0162114 0.00499455 -0.00616091 0.0119867 -0.0210399 -0.00614842 0.0162114 -0.0210399 0.0974897 
0.00982628 -0.0184092 0.00493225 -0.00615474 -0.0184092 0.0906595 -0.00616028 0.0162505 0.00493225 -0.00616028 0.0120795 -0.0210592 -0.00615474 0.0162505 -0.0210592 0.0975052 
0.00978918 -0.018397 0.00487721 -0.00607612 -0.018397 0.0904917 -0.00607189 0.0161282 0.00487721 -0.00607189 0.0121448 -0.021123 -0.00607612 0.0161282 -0.021123 0.0974735 
0.00986527 -0.0184266 0.00483078 -0.00601231 -0.0184266 0.0906917 -0.00599747 0.0159435 0.00483078 -0.00599747 0.0122176 -0.0212917 -0.00601231 0.0159435 -0.0212917 0.0979685 
0.00995395 -0.0185022 0.0047899 -0.00593606 -0.0185022 0.0908228 -0.00591601 0.0157154 0.0047899 -0.00591601 0.0122286 -0.0213747 -0.00593606 0.0157154 -0.0213747 0.0982638 
0.0100524 -0.0185853 0.00478761 -0.00587267 -0.0185853 0.0909378 -0.00585683 0.0155204 0.00478761 -0.00585683 0.0121399 -0.0213732 -0.00587267 0.0155204 -0.0213732 0.098304 
0.0100966 -0.0187432 0.00481524 -0.00587497 -0.0187432 0.0913559 -0.00587034 0.0154694 0.00481524 -0.00587034 0.0121003 -0.0213167 -0.00587497 0.0154694 -0.0213167 0.0983623 
0.0100891 -0.0187425 0.00485569 -0.00589788 -0.0187425 0.0913759 -0.00589955 0.015496 0.00485569 -0.00589955 0.0119994 -0.0212112 -0.00589788 0.015496 -0.0212112 0.0980414 
0.0100903 -0.0187485 0.00492026 -0.00597233 -0.0187485 0.0914565 -0.00597486 0.0156631 0.00492026 -0.00597486 0.0119164 -0.0211262 -0.00597233 0.0156631 -0.0211262 0.097898 
0.010119 -0.0187193 0.00494545 -0.00603843 -0.0187193 0.0913482 -0.00604413 0.0158242 0.00494545 -0.00604413 0.0118311 -0.0209963 -0.00603843 0.0158242 -0.0209963 0.09755 
0.0101255 -0.0187711 0.00494236 -0.00608479 -0.0187711 0.0914549 -0.00609222 0.0159848 0.00494236 -0.00609222 0.011859 -0.020919 -0.00608479 0.0159848 -0.020919 0.0973763 
0.0100448 -0.0187938 0.00488218 -0.00607228 -0.0187938 0.0915622 -0.00607904 0.0160099 0.00488218 -0.00607904 0.0120269 -0.020952 -0.00607228 0.0160099 -0.020952 0.0973622 
0.00999409 -0.0187042 0.00482222 -0.00599662 -0.0187042 0.0914524 -0.00599512 0.0158788 0.00482222 -0.00599512 0.0121559 -0.0211423 -0.00599662 0.0158788 -0.0211423 0.0976394 
0.0100048 -0.0186294 0.00476177 -0.00590698 -0.0186294 0.091199 -0.00590154 0.0156478 0.00476177 -0.00590154 0.0122041 -0.0212718 -0.00590698 0.0156478 -0.0212718 0.0978965 
0.00998918 -0.0186759 0.00476912 -0.00585564 -0.0186759 0.0912747 -0.00585379 0.0155118 0.00476912 -0.00585379 0.0122222 -0.0213555 -0.00585564 0.0155118 -0.0213555 0.098217 
0.00994857 -0.0186848 0.00474555 -0.00584286 -0.0186848 0.0913847 -0.00584591 0.015412 0.00474555 -0.00584591 0.0122948 -0.0213813 -0.00584286 0.015412 -0.0213813 0.0983762 
0.00986345 -0.0186134 0.00470691 -0.00581362 -0.0186134 0.0912395 -0.00581093 0.0153335 0.00470691 -0.00581093 0.0123775 -0.0214361 -0.00581362 0.0153335 -0.0214361 0.0984216 
0.00986083 -0.0185203 0.00470134 -0.00578377 -0.0185203 0.0910653 -0.00577311 0.0152656 0.00470134 -0.00577311 0.0123967 -0.0215534 -0.00578377 0.0152656 -0.0215534 0.0986782 
0.00986742 -0.0184969 0.00466769 -0.00575936 -0.0184969 0.0908791 -0.00574781 0.0151729 0.00466769 -0.00574781 0.0124129 -0.0215606 -0.00575936 0.0151729 -0.0215606 0.0987327 
0.00991788 -0.0185492 0.00469693 -0.00574296 -0.0185492 0.0910429 -0.0057365 0.0151549 0.00469693 -0.0057365 0.0123858 -0.021623 -0.00574296 0.0151549 -0.021623 0.0989826 
0.00997582 -0.0185957 0.00472233 -0.00576283 -0.0185957 0.091141 -0.00576483 0.0151704 0.00472233 -0.00576483 0.0123186 -0.0215669 -0.00576283 0.0151704 -0.0215669 0.0989334 
0.00995111 -0.018665 0.00475543 -0.00579916 -0.018665 0.091299 -0.00580853 0.0152635 0.00475543 -0.00580853 0.0122908 -0.0214812 -0.00579916 0.0152635 -0.0214812 0.0987681 
0.0098852 -0.0186112 0.00476568 -0.00583123 -0.0186112 0.0912016 -0.00584195 0.0153442 0.00476568 -0.00584195 0.01228 -0.0214114 -0.00583123 0.0153442 -0.0214114 0.0984895 
0.00971286 -0.018537 0.00476931 -0.00586256 -0.018537 0.0910627 -0.00586989 0.0154452 0.00476931 -0.00586989 0.0123612 -0.0214078 -0.00586256 0.0154452 -0.0214078 0.0984143 
0.00959867 -0.0183421 0.00479356 -0.00588777 -0.0183421 0.0907434 -0.00588598 0.0155347 0.00479356 -0.00588598 0.0124061 -0.0215084 -0.00588777 0.0155347 -0.0215084 0.0985861 
0.00955669 -0.0181851 0.00482657 -0.00591579 -0.0181851 0.0903083 -0.00590883 0.0156011 0.00482657 -0.00590883 0.0123837 -0.0215465 -0.00591579 0.0156011 -0.0215465 0.0986917 
0.00955795 -0.0181309 0.00484057 -0.0059601 -0.0181309 0.0900689 -0.00595299 0.0156994 0.00484057 -0.00595299 0.0123702 -0.0215249 -0.0059601 0.0156994 -0.0215249 0.0987088 
0.00955467 -0.0181409 0.00479361 -0.00596951 -0.0181409 0.0900332 -0.00596445 0.0157448 0.00479361 -0.00596445 0.012443 -0.0215243 -0.00596951 0.0157448 -0.0215243 0.0987313 
0.00956087 -0.0181228 0.0047988 -0.00591959 -0.0181228 0.089955 -0.00591402 0.0156971 0.0047988 -0.00591402 0.0124192 -0.0215885 -0.00591959 0.0156971 -0.0215885 0.0987877 
0.00944 -0.0181098 0.00479028 -0.00591487 -0.0181098 0.0898205 -0.00591232 0.0156491 0.00479028 -0.00591232 0.012445 -0.0215316 -0.00591487 0.0156491 -0.0215316 0.0986514 
0.00939465 -0.0179904 0.00481515 -0.00591985 -0.0179904 0.089667 -0.00591996 0.0156647 0.00481515 -0.00591996 0.0124353 -0.0215751 -0.00591985 0.0156647 -0.0215751 0.0987028 
0.00937336 -0.0179651 0.00479931 -0.00595963 -0.0179651 0.0896576 -0.00595923 0.0157393 0.00479931 -0.00595923 0.0125038 -0.0216058 -0.00595963 0.0157393 -0.0216058 0.0989111 
0.00930086 -0.0178743 0.00478148 -0.00592633 -0.0178743 0.0893048 -0.00592565 0.0157123 0.00478148 -0.00592565 0.0125113 -0.0215984 -0.00592633 0.0157123 -0.0215984 0.0987289 
0.00918531 -0.0178176 0.00477285 -0.0059253 -0.0178176 0.0891791 -0.00592216 0.0157152 0.00477285 -0.00592216 0.0125723 -0.0216414 -0.0059253 0.0157152 -0.0216414 0.0988307 
0.00923708 -0.0176891 0.00479812 -0.00592439 -0.0176891 0.0889718 -0.00591704 0.0157178 0.00479812 -0.00591704 0.012527 -0.0217243 -0.00592439 0.0157178 -0.0217243 0.0990394 
0.00929384 -0.0177426 0.00483207 -0.00595699 -0.0177426 0.088956 -0.00595653 0.0157824 0.00483207 -0.00595653 0.0124714 -0.0216715 -0.00595699 0.0157824 -0.0216715 0.099059 
0.00926381 -0.0177688 0.00485196 -0.00598502 -0.0177688 0.0888694 -0.00599514 0.0158643 0.00485196 -0.00599514 0.0123948 -0.0215312 -0.00598502 0.0158643 -0.0215312 0.098637 
0.00921472 -0.0177795 0.00486051 -0.00601827 -0.0177795 0.0890006 -0.00603338 0.0159612 0.00486051 -0.00603338 0.0124189 -0.0214874 -0.00601827 0.0159612 -0.0214874 0.0985284 
0.0091961 -0.0177161 0.0048914 -0.00603957 -0.0177161 0.0889419 -0.00605122 0.0160423 0.0048914 -0.00605122 0.0123984 -0.0215003 -0.00603957 0.0160423 -0.0215003 0.0984915 
0.00916854 -0.0176682 0.00490707 -0.00607341 -0.0176682 0.0887698 -0.00607987 0.0161116 0.00490707 -0.00607987 0.0123719 -0.0214595 -0.00607341 0.0161116 -0.0214595 0.0983745 
0.00914885 -0.0176129 0.00493474 -0.0060991 -0.0176129 0.0885605 -0.00610369 0.0161889 0.00493474 -0.00610369 0.012313 -0.0214045 -0.0060991 0.0161889 -0.0214045 0.0981778 
0.00913303 -0.0175982 0.00498712 -0.00614406 -0.0175982 0.0885035 -0.00614989 0.0163023 0.00498712 -0.00614989 0.012259 -0.0213521 -0.00614406 0.0163023 -0.0213521 0.0980719 
0.00907511 -0.0175962 0.00500592 -0.0062148 -0.0175962 0.0885598 -0.0062213 0.0164646 0.00500592 -0.0062213 0.0122986 -0.0213145 -0.0062148 0.0164646 -0.0213145 0.0980521 
0.00905372 -0.0175058 0.00506707 -0.00625583 -0.0175058 0.088404 -0.00625551 0.0166184 0.00506707 -0.00625551 0.0122464 -0.0213371 -0.00625583 0.0166184 -0.0213371 0.0980348 
0.00901294 -0.0174589 0.00510808 -0.00632778 -0.0174589 0.0882318 -0.00632608 0.0167755 0.00510808 -0.00632608 0.0122281 -0.0212818 -0.00632778 0.0167755 -0.0212818 0.0979683 
0.00892543 -0.0173787 0.00506644 -0.00636914 -0.0173787 0.0879696 -0.00636441 0.0168901 0.00506644 -0.00636441 0.012299 -0.0212408 -0.00636914 0.0168901 -0.0212408 0.0977989 
0.00883991 -0.0172957 0.00500114 -0.00633411 -0.0172957 0.0878126 -0.00632184 0.016887 0.00500114 -0.00632184 0.0124321 -0.0213632 -0.00633411 0.016887 -0.0213632 0.0980258 
0.00876973 -0.0171566 0.00494639 -0.00623812 -0.0171566 0.0873899 -0.00621825 0.0166899 0.00494639 -0.00621825 0.0124896 -0.021478 -0.00623812 0.0166899 -0.021478 0.0981755 
0.00886204 -0.0170975 0.00500469 -0.00619249 -0.0170975 0.0872071 -0.00617155 0.0165583 0.00500469 -0.00617155 0.0123826 -0.0215724 -0.00619249 0.0165583 -0.0215724 0.0984769 
0.00896887 -0.0172209 0.00504905 -0.00625113 -0.0172209 0.087382 -0.00624685 0.016602 0.00504905 -0.00624685 0.012298 -0.0214676 -0.00625113 0.016602 -0.0214676 0.0984866 
0.0090735 -0.0173237 0.00508845 -0.00628904 -0.0173237 0.0875386 -0.00630075 0.0167069 0.00508845 -0.00630075 0.0121683 -0.0213115 -0.00628904 0.0167069 -0.0213115 0.0980675 
0.00916177 -0.0174955 0.00512074 -0.00634745 -0.0174955 0.0880264 -0.00636918 0.0168666 0.00512074 -0.00636918 0.0121276 -0.0212095 -0.00634745 0.0168666 -0.0212095 0.0978969 
0.00913085 -0.0175672 0.00509224 -0.00637064 -0.0175672 0.0882176 -0.00639205 0.0169506 0.00509224 -0.00639205 0.0121548 -0.0211113 -0.00637064 0.0169506 -0.0211113 0.0975371 
0.00910186 -0.0175435 0.00508004 -0.0063526 -0.0175435 0.0882924 -0.00636351 0.0169569 0.00508004 -0.00636351 0.0121874 -0.0211609 -0.0063526 0.0169569 -0.0211609 0.0975297 
0.00902334 -0.0174873 0.00505713 -0.00633418 -0.0174873 0.0881454 -0.00633567 0.0169016 0.00505713 -0.00633567 0.0122251 -0.0211823 -0.00633418 0.0169016 -0.0211823 0.0975254 
0.00892319 -0.0173963 0.00507958 -0.00632951 -0.0173963 0.0879524 -0.0063258 0.0168997 0.00507958 -0.0063258 0.0122209 -0.0212198 -0.00632951 0.0168997 -0.0212198 0.0975891 
0.00892806 -0.017269 0.00509083 -0.00634517 -0.017269 0.0876592 -0.0063426 0.016901 0.00509083 -0.0063426 0.0121849 -0.0212141 -0.00634517 0.016901 -0.0212141 0.0975958 
0.00896342 -0.0173147 0.00509053 -0.00637588 -0.0173147 0.0877614 -0.00637955 0.0169809 0.00509053 -0.00637955 0.0122198 -0.0212257 -0.00637588 0.0169809 -0.0212257 0.0977775 
0.00894336 -0.0173278 0.00508392 -0.00635769 -0.0173278 0.0877301 -0.00636385 0.0169759 0.00508392 -0.00636385 0.0122331 -0.0212123 -0.00635769 0.0169759 -0.0212123 0.0976728 
0.00882189 -0.0172881 0.00506895 -0.00634748 -0.0172881 0.087605 -0.00635038 0.0169445 0.00506895 -0.00635038 0.0122928 -0.0212053 -0.00634748 0.0169445 -0.0212053 0.097555 
0.00874831 -0.0171892 0.00505396 -0.00635078 -0.0171892 0.0875765 -0.00633869 0.0169331 0.00505396 -0.00633869 0.0123989 -0.0213569 -0.00635078 0.0169331 -0.0213569 0.097954 
0.00875899 -0.0170237 0.00505866 -0.00631658 -0.0170237 0.0870548 -0.00629271 0.0168444 0.00505866 -0.00629271 0.0123382 -0.0214144 -0.00631658 0.0168444 -0.0214144 0.0980063 
0.0087889 -0.0170745 0.00508086 -0.00634345 -0.0170745 0.0870713 -0.00632589 0.0168794 0.00508086 -0.00632589 0.0123342 -0.0214119 -0.00634345 0.0168794 -0.0214119 0.0982191 
0.00882757 -0.017075 0.00510805 -0.00634783 -0.017075 0.0869681 -0.00634169 0.0168995 0.00510805 -0.00634169 0.0122468 -0.0213447 -0.00634783 0.0168995 -0.0213447 0.0980065 
0.00895296 -0.0171898 0.0051028 -0.00638434 -0.0171898 0.0873409 -0.00638823 0.0169707 0.0051028 -0.00638823 0.0122541 -0.0213367 -0.00638434 0.0169707 -0.0213367 0.0981651 
0.00902692 -0.0172788 0.00504258 -0.00634112 -0.0172788 0.0873962 -0.00635277 0.0169093 0.00504258 -0.00635277 0.0122378 -0.0212499 -0.00634112 0.0169093 -0.0212499 0.097814 
0.00900827 -0.0174247 0.00499081 -0.00628322 -0.0174247 0.0877979 -0.00629615 0.0168089 0.00499081 -0.00629615 0.0123345 -0.0212767 -0.00628322 0.0168089 -0.0212767 0.0978509 
0.00894931 -0.017428 0.00497657 -0.00622671 -0.017428 0.0880245 -0.00623035 0.0166722 0.00497657 -0.00623035 0.012411 -0.0213986 -0.00622671 0.0166722 -0.0213986 0.0980946 
0.00890057 -0.0173272 0.00490769 -0.00618814 -0.0173272 0.0878318 -0.00617811 0.0165013 0.00490769 -0.00617811 0.0125022 -0.0214702 -0.00618814 0.0165013 -0.0214702 0.0982297 
0.00891211 -0.0172945 0.00490654 -0.00613888 -0.0172945 0.0877957 -0.00611921 0.0164007 0.00490654 -0.00611921 0.0125233 -0.0216216 -0.00613888 0.0164007 -0.0216216 0.0986448 
0.00894492 -0.017293 0.00491787 -0.00611541 -0.017293 0.0877116 -0.00610032 0.0162947 0.00491787 -0.00610032 0.0124735 -0.0216294 -0.00611541 0.0162947 -0.0216294 0.0987679 
0.00899167 -0.0173335 0.00498919 -0.00613606 -0.0173335 0.0877462 -0.00613474 0.0163259 0.00498919 -0.00613474 0.0123511 -0.0215486 -0.00613606 0.0163259 -0.0215486 0.0986475 
0.00900396 -0.0173947 0.00502132 -0.0062121 -0.0173947 0.0878852 -0.00622594 0.0164677 0.00502132 -0.00622594 0.0123009 -0.0214031 -0.0062121 0.0164677 -0.0214031 0.0983619 
0.00898115 -0.0173788 0.00501906 -0.00624971 -0.0173788 0.0878199 -0.00626805 0.0166043 0.00501906 -0.00626805 0.0122772 -0.0212953 -0.00624971 0.0166043 -0.0212953 0.0979455 
0.00900384 -0.0173971 0.00504523 -0.006276 -0.0173971 0.0879875 -0.0062879 0.0167203 0.00504523 -0.0062879 0.0122831 -0.0213324 -0.006276 0.0167203 -0.0213324 0.0980402 
0.00894149 -0.0173624 0.00505955 -0.00628525 -0.0173624 0.0877949 -0.00629202 0.0167411 0.00505955 -0.00629202 0.012263 -0.0212695 -0.00628525 0.0167411 -0.0212695 0.09779 
0.00891535 -0.0173321 0.00506859 -0.00632342 -0.0173321 0.0878425 -0.00632202 0.016814 0.00506859 -0.00632202 0.0123138 -0.0213183 -0.00632342 0.016814 -0.0213183 0.0979552 
0.00892265 -0.0172781 0.00506836 -0.00633747 -0.0172781 0.0877276 -0.00632645 0.0168611 0.00506836 -0.00632645 0.0123253 -0.0213741 -0.00633747 0.0168611 -0.0213741 0.098097 
0.00888918 -0.0172291 0.00505988 -0.00632596 -0.0172291 0.0874152 -0.00631348 0.0168463 0.00505988 -0.00631348 0.0122956 -0.02133 -0.00632596 0.0168463 -0.02133 0.0979181 
0.00893957 -0.0172602 0.00507862 -0.00634062 -0.0172602 0.0875882 -0.00633289 0.0168937 0.00507862 -0.00633289 0.0122972 -0.0213809 -0.00634062 0.0168937 -0.0213809 0.0981776 
0.00897435 -0.0172939 0.00505421 -0.00633212 -0.0172939 0.0876061 -0.00633286 0.0168716 0.00505421 -0.00633286 0.0122956 -0.0213413 -0.00633212 0.0168716 -0.0213413 0.0980979 
0.00902425 -0.0173467 0.0050605 -0.00630958 -0.0173467 0.0877246 -0.00631629 0.0168515 0.0050605 -0.00631629 0.0122586 -0.0213331 -0.00630958 0.0168515 -0.0213331 0.0980451 
0.00902115 -0.0174002 0.00505303 -0.00630423 -0.0174002 0.0878182 -0.00631508 0.0168183 0.00505303 -0.00631508 0.0122476 -0.0212723 -0.00630423 0.0168183 -0.0212723 0.0978791 
0.00901619 -0.0174016 0.00503621 -0.00628974 -0.0174016 0.0878642 -0.00629933 0.016774 0.00503621 -0.00629933 0.0122441 -0.0212574 -0.00628974 0.016774 -0.0212574 0.097773 
0.00901017 -0.0174496 0.00502329 -0.00628633 -0.0174496 0.0881237 -0.00629356 0.0167624 0.00502329 -0.00629356 0.012319 -0.0213201 -0.00628633 0.0167624 -0.0213201 0.0980231 
0.00897297 -0.017382 0.00498183 -0.00624457 -0.017382 0.0879076 -0.00624668 0.0166571 0.00498183 -0.00624668 0.0123454 -0.0213246 -0.00624457 0.0166571 -0.0213246 0.0978917 
0.00892355 -0.0173921 0.00494964 -0.00621666 -0.0173921 0.0880165 -0.0062124 0.0165844 0.00494964 -0.0062124 0.0124532 -0.0214344 -0.00621666 0.0165844 -0.0214344 0.0982226 
0.00892001 -0.0173023 0.00496329 -0.00616956 -0.0173023 0.0878099 -0.0061566 0.0164632 0.00496329 -0.0061566 0.0124219 -0.0215187 -0.00616956 0.0164632 -0.0215187 0.098367 
0.00891737 -0.017319 0.00499729 -0.00619618 -0.017319 0.0878316 -0.00618387 0.0164649 0.00499729 -0.00618387 0.0124082 -0.0215261 -0.00619618 0.0164649 -0.0215261 0.0985617 
0.00893973 -0.0172744 0.00499934 -0.00621437 -0.0172744 0.087644 -0.00620901 0.0164837 0.00499934 -0.00620901 0.0123726 -0.0214588 -0.00621437 0.0164837 -0.0214588 0.0983617 
0.00895698 -0.0172952 0.00499875 -0.00623193 -0.0172952 0.0875948 -0.00622887 0.0165511 0.00499875 -0.00622887 0.0123591 -0.0214169 -0.00623193 0.0165511 -0.0214169 0.098215 
0.008967 -0.017355 0.00500268 -0.0062437 -0.017355 0.0878129 -0.00623986 0.0166084 0.00500268 -0.00623986 0.0123931 -0.0214598 -0.0062437 0.0166084 -0.0214598 0.098386 
0.00902319 -0.0173391 0.00495745 -0.00621904 -0.0173391 0.0877665 -0.00621275 0.0165442 0.00495745 -0.00621275 0.0124052 -0.0214679 -0.00621904 0.0165442 -0.0214679 0.0983611 
0.00917 -0.0174357 0.00499626 -0.00618329 -0.0174357 0.0879793 -0.00617966 0.0164951 0.00499626 -0.00617966 0.0123155 -0.021513 -0.00618329 0.0164951 -0.021513 0.098523 
0.00931593 -0.0175885 0.00501479 -0.00618866 -0.0175885 0.0882083 -0.0061958 0.0164341 0.00501479 -0.0061958 0.0121878 -0.0213741 -0.00618866 0.0164341 -0.0213741 0.0982604 
0.0093987 -0.0177951 0.00503328 -0.00621304 -0.0177951 0.0887211 -0.00622951 0.0164761 0.00503328 -0.00622951 0.0121314 -0.0212504 -0.00621304 0.0164761 -0.0212504 0.0980175 
0.00928545 -0.0178901 0.00501669 -0.00623255 -0.0178901 0.0890651 -0.00624998 0.0165279 0.00501669 -0.00624998 0.012208 -0.0211744 -0.00623255 0.0165279 -0.0211744 0.0977747 
0.00923368 -0.0177645 0.00501836 -0.00622623 -0.0177645 0.0890253 -0.00623078 0.0165311 0.00501836 -0.00623078 0.0122416 -0.0212739 -0.00622623 0.0165311 -0.0212739 0.097875 
0.00926637 -0.0176851 0.00498006 -0.00621831 -0.0176851 0.0887964 -0.00621353 0.016484 0.00498006 -0.00621353 0.0122662 -0.0213158 -0.00621831 0.016484 -0.0213158 0.0979946 
0.00938636 -0.0177537 0.00496645 -0.00618365 -0.0177537 0.0889097 -0.00618162 0.0164337 0.00496645 -0.00618162 0.0122577 -0.021377 -0.00618365 0.0164337 -0.021377 0.0982306 
0.00951111 -0.01788 0.00494836 -0.00614291 -0.01788 0.0890791 -0.00614845 0.0163305 0.00494836 -0.00614845 0.0122029 -0.0213276 -0.00614291 0.0163305 -0.0213276 0.0981271 
0.00959948 -0.0180528 0.00491582 -0.00611086 -0.0180528 0.0894784 -0.00612131 0.0162341 0.00491582 -0.00612131 0.0122081 -0.0212774 -0.00611086 0.0162341 -0.0212774 0.0980251 
0.00970442 -0.0181925 0.00489317 -0.00607179 -0.0181925 0.0899536 -0.00607837 0.0161301 0.00489317 -0.00607837 0.0122166 -0.0213214 -0.00607179 0.0161301 -0.0213214 0.0981395 
0.00965269 -0.0182656 0.00484994 -0.00601889 -0.0182656 0.090064 -0.00601961 0.0159685 0.00484994 -0.00601961 0.0122552 -0.0212827 -0.00601889 0.0159685 -0.0212827 0.0979674 
0.00964661 -0.0182897 0.00482095 -0.00599131 -0.0182897 0.0904062 -0.00598582 0.0158773 0.00482095 -0.00598582 0.0123631 -0.0214282 -0.00599131 0.0158773 -0.0214282 0.0984054 
0.00956094 -0.0182523 0.00476954 -0.00593966 -0.0182523 0.0903544 -0.00593101 0.015738 0.00476954 -0.00593101 0.0124695 -0.0215175 -0.00593966 0.015738 -0.0215175 0.0986265 
0.00942082 -0.0181314 0.00475306 -0.00588174 -0.0181314 0.090065 -0.00587229 0.0155999 0.00475306 -0.00587229 0.0125336 -0.0216026 -0.00588174 0.0155999 -0.0216026 0.0987471 
0.00932558 -0.0179756 0.00474916 -0.00586642 -0.0179756 0.0897333 -0.00585384 0.01552 0.00474916 -0.00585384 0.0125806 -0.0216889 -0.00586642 0.01552 -0.0216889 0.0989538 
0.00936683 -0.0178811 0.00475682 -0.00586522 -0.0178811 0.0895236 -0.00584849 0.0154863 0.00475682 -0.00584849 0.0125782 -0.0217822 -0.00586522 0.0154863 -0.0217822 0.0992674 
0.00939394 -0.0178899 0.00474056 -0.00586703 -0.0178899 0.0893424 -0.00585405 0.0154816 0.00474056 -0.00585405 0.0125655 -0.0217441 -0.00586703 0.0154816 -0.0217441 0.0992242 
0.00943199 -0.0179218 0.0047229 -0.0058404 -0.0179218 0.0893199 -0.00583465 0.0154418 0.0047229 -0.00583465 0.0125434 -0.0217198 -0.0058404 0.0154418 -0.0217198 0.099121 
0.00957904 -0.0180159 0.00471551 -0.00582091 -0.0180159 0.0896008 -0.00582172 0.015399 0.00471551 -0.00582172 0.0125102 -0.0217442 -0.00582091 0.015399 -0.0217442 0.0992566 
0.00967182 -0.0181674 0.00468084 -0.00579133 -0.0181674 0.0898557 -0.00580178 0.0153274 0.00468084 -0.00580178 0.0124923 -0.0216663 -0.00579133 0.0153274 -0.0216663 0.0990798 
0.00969165 -0.0183161 0.00465696 -0.00575943 -0.0183161 0.0903011 -0.0057723 0.0152726 0.00465696 -0.0057723 0.0125329 -0.0216697 -0.00575943 0.0152726 -0.0216697 0.0990829 
0.00970607 -0.018317 0.00468524 -0.00572942 -0.018317 0.0903898 -0.00574 0.0152009 0.00468524 -0.00574 0.0124633 -0.0216752 -0.00572942 0.0152009 -0.0216752 0.0989979 
0.00975961 -0.018344 0.00472739 -0.00576332 -0.018344 0.0904804 -0.00577388 0.01522 0.00472739 -0.00577388 0.0123703 -0.0216101 -0.00576332 0.01522 -0.0216101 0.0989124 
0.00975672 -0.0183902 0.0047571 -0.00580939 -0.0183902 0.0905292 -0.00582541 0.0153114 0.0047571 -0.00582541 0.0123145 -0.0214753 -0.00580939 0.0153114 -0.0214753 0.0985922 
0.00975227 -0.01842 0.00478241 -0.00585136 -0.01842 0.0907164 -0.00586489 0.0154166 0.00478241 -0.00586489 0.0123138 -0.0214497 -0.00585136 0.0154166 -0.0214497 0.0985248 
0.00978537 -0.0184286 0.0047495 -0.005875 -0.0184286 0.0908498 -0.00587986 0.0154658 0.0047495 -0.00587986 0.0123811 -0.0214802 -0.005875 0.0154658 -0.0214802 0.0986282 
0.00984364 -0.018441 0.00470065 -0.00582528 -0.018441 0.0908249 -0.00582192 0.0153832 0.00470065 -0.00582192 0.0124157 -0.0215402 -0.00582528 0.0153832 -0.0215402 0.0986942 
0.00987116 -0.0184879 0.00473507 -0.00577748 -0.0184879 0.0908363 -0.00576838 0.01528 0.00473507 -0.00576838 0.0123373 -0.0215692 -0.00577748 0.01528 -0.0215692 0.0987415 
0.00995285 -0.018539 0.00477346 -0.00581834 -0.018539 0.0909931 -0.00580973 0.0152965 0.00477346 -0.00580973 0.0122476 -0.0215116 -0.00581834 0.0152965 -0.0215116 0.0987598 
0.00996654 -0.0186006 0.00480829 -0.00586964 -0.0186006 0.091069 -0.00586877 0.0154209 0.00480829 -0.00586877 0.012179 -0.021381 -0.00586964 0.0154209 -0.021381 0.0984859 
0.00998437 -0.0186256 0.00486574 -0.00592354 -0.0186256 0.091183 -0.00592686 0.0155812 0.00486574 -0.00592686 0.0120935 -0.021311 -0.00592354 0.0155812 -0.021311 0.0983069 
0.010006 -0.0186191 0.00488451 -0.00597121 -0.0186191 0.0911124 -0.00598175 0.0156946 0.00488451 -0.00598175 0.0120139 -0.0211741 -0.00597121 0.0156946 -0.0211741 0.0979313 
0.010029 -0.0186668 0.00489326 -0.00600651 -0.0186668 0.0912263 -0.00602185 0.0158194 0.00489326 -0.00602185 0.0119953 -0.0210968 -0.00600651 0.0158194 -0.0210968 0.0977202 
0.00994949 -0.0186907 0.00488214 -0.00602198 -0.0186907 0.091309 -0.00603538 0.0158943 0.00488214 -0.00603538 0.0120663 -0.0210677 -0.00602198 0.0158943 -0.0210677 0.097583 
0.00975847 -0.0186074 0.00488995 -0.00602285 -0.0186074 0.0912573 -0.0060262 0.0159256 0.00488995 -0.0060262 0.0121891 -0.0211635 -0.00602285 0.0159256 -0.0211635 0.0977311 
0.00956328 -0.0183605 0.00486187 -0.00603529 -0.0183605 0.0907864 -0.00602303 0.0159287 0.00486187 -0.00602303 0.0123298 -0.0212933 -0.00603529 0.0159287 -0.0212933 0.0979651 
0.00950702 -0.0180873 0.0048378 -0.00599909 -0.0180873 0.090029 -0.00597569 0.0158562 0.0048378 -0.00597569 0.0123521 -0.0214238 -0.00599909 0.0158562 -0.0214238 0.0981562 
0.00951983 -0.0180367 0.00482097 -0.00597677 -0.0180367 0.0897094 -0.00595441 0.0157968 0.00482097 -0.00595441 0.0123607 -0.0214833 -0.00597677 0.0157968 -0.0214833 0.0984118 
0.00940797 -0.0180959 0.00482395 -0.00597862 -0.0180959 0.0898446 -0.00596636 0.0158223 0.00482395 -0.00596636 0.0124584 -0.0215314 -0.00597862 0.0158223 -0.0215314 0.0987035 
0.00931136 -0.0179664 0.00477787 -0.00595395 -0.0179664 0.0896974 -0.00594612 0.0157535 0.00477787 -0.00594612 0.0125697 -0.0216196 -0.00595395 0.0157535 -0.0216196 0.0988744 
0.00931061 -0.0178214 0.00478605 -0.00590317 -0.0178214 0.0893062 -0.00589243 0.0156572 0.00478605 -0.00589243 0.0125446 -0.0217183 -0.00590317 0.0156572 -0.0217183 0.0990135 
0.0094563 -0.0178378 0.0048243 -0.00592208 -0.0178378 0.0892467 -0.00591125 0.0156541 0.0048243 -0.00591125 0.0124428 -0.021725 -0.00592208 0.0156541 -0.021725 0.0991821 
0.00955506 -0.0179892 0.00489857 -0.00597977 -0.0179892 0.0894401 -0.00598043 0.0157967 0.00489857 -0.00598043 0.0122892 -0.0215857 -0.00597977 0.0157967 -0.0215857 0.0989859 
0.00961371 -0.0181219 0.00491038 -0.00604071 -0.0181219 0.0897625 -0.00605836 0.0159291 0.00491038 -0.00605836 0.0122341 -0.0214035 -0.00604071 0.0159291 -0.0214035 0.0985962 
0.00955554 -0.0181826 0.00490396 -0.00605684 -0.0181826 0.0899436 -0.00608113 0.0160282 0.00490396 -0.00608113 0.0122497 -0.0213076 -0.00605684 0.0160282 -0.0213076 0.0982141 
