0.0119557 0 -0.00086862 0 0 0.0100176 0 0 -0.00086862 0 0.00386829 0 0 0 0 0.0100176 
0.0167624 -0.0207326 -0.00138005 0.00170239 -0.0207326 0.0489326 0.00170239 -0.00326466 -0.00138005 0.00170239 0.00550627 -0.00694538 0.00170239 -0.00326466 -0.00694538 0.022497 
0.0161883 -0.0291216 -0.00121656 0.00218737 -0.0291216 0.10206 0.00218737 -0.00699401 -0.00121656 0.00218737 0.00621104 -0.0129691 0.00218737 -0.00699401 -0.0129691 0.0510463 
0.0149915 -0.0263744 -0.000965412 0.00155613 -0.0263744 0.111407 0.00156258 -0.00596388 -0.000965412 0.00156258 0.00618104 -0.0147336 0.00155613 -0.00596388 -0.0147336 0.0712604 
0.0150421 -0.0247939 -0.000894699 0.00124797 -0.0247939 0.108694 0.00125995 -0.00455342 -0.000894699 0.00125995 0.00610713 -0.0143686 0.00124797 -0.00455342 -0.0143686 0.0776004 
0.0154106 -0.0249018 -0.000908731 0.00120243 -0.0249018 0.107785 0.00121235 -0.00389786 -0.000908731 0.00121235 0.00614831 -0.0140191 0.00120243 -0.00389786 -0.0140191 0.0786246 
0.0156647 -0.0253762 -0.000984471 0.00125754 -0.0253762 0.108611 0.00126236 -0.0037628 -0.000984471 0.00126236 0.00620101 -0.0139841 0.00125754 -0.0037628 -0.0139841 0.0788914 
0.0157357 -0.0255984 -0.00110031 0.00136689 -0.0255984 0.109248 0.00136692 -0.0039027 -0.00110031 0.00136692 0.00614704 -0.0139954 0.00136689 -0.0039027 -0.0139954 0.0789679 
0.0157199 -0.0256376 -0.00124041 0.00149561 -0.0256376 0.109441 0.00149417 -0.00415258 -0.00124041 0.00149417 0.00615056 -0.0139143 0.00149561 -0.00415258 -0.0139143 0.078852 
0.015699 -0.0256315 -0.0013607 0.00167168 -0.0256315 0.109513 0.00166604 -0.00453937 -0.0013607 0.00166604 0.00614753 -0.0138868 0.00167168 -0.00453937 -0.0138868 0.0787186 
0.0156846 -0.0256019 -0.00141216 0.0018091 -0.0256019 0.109462 0.00179905 -0.00489933 -0.00141216 0.00179905 0.00615723 -0.0138803 0.0018091 -0.00489933 -0.0138803 0.0786433 
0.0156711 -0.0255558 -0.00139737 0.00189152 -0.0255558 0.109303 0.00187894 -0.00519104 -0.00139737 0.00187894 0.00602954 -0.0138491 0.00189152 -0.00519104 -0.0138491 0.078456 
0.0156929 -0.0255833 -0.00135022 0.00187756 -0.0255833 0.109397 0.00187207 -0.00528853 -0.00135022 0.00187207 0.00585615 -0.0137069 0.00187756 -0.00528853 -0.0137069 0.0782446 
0.0156909 -0.0255822 -0.00130748 0.00179757 -0.0255822 0.109365 0.00180138 -0.00516322 -0.00130748 0.00180138 0.00572455 -0.01348 0.00179757 -0.00516322 -0.01348 0.0777432 
0.015704 -0.0256035 -0.00127261 0.00173269 -0.0256035 0.109439 0.00174174 -0.00499144 -0.00127261 0.00174174 0.00566655 -0.0133096 0.00173269 -0.00499144 -0.0133096 0.0772884 
0.0157204 -0.0256336 -0.00131705 0.00168445 -0.0256336 0.109556 0.00169496 -0.00484216 -0.00131705 0.00169496 0.0056793 -0.0132363 0.00168445 -0.00484216 -0.0132363 0.0770244 
0.0157054 -0.0256129 -0.00137251 0.00173387 -0.0256129 0.109457 0.00173985 -0.00485079 -0.00137251 0.00173985 0.00569871 -0.0132264 0.00173387 -0.00485079 -0.0132264 0.0768238 
0.0156701 -0.0255775 -0.00145865 0.00180283 -0.0255775 0.10931 0.00180332 -0.00497705 -0.00145865 0.00180332 0.00570545 -0.0132403 0.00180283 -0.00497705 -0.0132403 0.0767349 
0.0156827 -0.0256014 -0.00152703 0.0019171 -0.0256014 0.109459 0.00191193 -0.00521109 -0.00152703 0.00191193 0.00571021 -0.0132773 0.0019171 -0.00521109 -0.0132773 0.0768902 
0.015681 -0.0256146 -0.00160734 0.00200959 -0.0256146 0.109549 0.0019997 -0.00546335 -0.00160734 0.0019997 0.00569563 -0.0132745 0.00200959 -0.00546335 -0.0132745 0.0769466 
0.0156502 -0.0255589 -0.00163268 0.00210198 -0.0255589 0.109361 0.00208823 -0.00568718 -0.00163268 0.00208823 0.00565286 -0.0132288 0.00210198 -0.00568718 -0.0132288 0.0767864 
0.0156542 -0.025546 -0.00158038 0.00214773 -0.025546 0.109327 0.0021345 -0.00587106 -0.00158038 0.0021345 0.00555888 -0.0131682 0.00214773 -0.00587106 -0.0131682 0.0766402 
0.0156606 -0.0255439 -0.00155803 0.00207715 -0.0255439 0.10929 0.00207107 -0.00582356 -0.00155803 0.00207107 0.00549346 -0.0130505 0.00207715 -0.00582356 -0.0130505 0.0763931 
0.0156355 -0.0255237 -0.00160033 0.00204472 -0.0255237 0.109174 0.00204631 -0.00574058 -0.00160033 0.00204631 0.00544864 -0.0129324 0.00204472 -0.00574058 -0.0129324 0.0760055 
0.0156437 -0.0255252 -0.00160588 0.00208339 -0.0255252 0.109202 0.00208455 -0.00575259 -0.00160588 0.00208455 0.00545698 -0.0128897 0.00208339 -0.00575259 -0.0128897 0.0758463 
0.0156628 -0.0255518 -0.00158793 0.0020987 -0.0255518 0.109299 0.0020984 -0.00580664 -0.00158793 0.0020984 0.00547244 -0.0128996 0.0020987 -0.00580664 -0.0128996 0.0758278 
0.0156756 -0.0255889 -0.00160301 0.00206234 -0.0255889 0.109436 0.00206638 -0.00575208 -0.00160301 0.00206638 0.00553708 -0.0129459 0.00206234 -0.00575208 -0.0129459 0.0759701 
0.0156688 -0.0255726 -0.00159441 0.00208123 -0.0255726 0.109388 0.00208236 -0.00574971 -0.00159441 0.00208236 0.00555737 -0.0130117 0.00208123 -0.00574971 -0.0130117 0.0760707 
0.0156395 -0.0255443 -0.00165932 0.00208256 -0.0255443 0.109268 0.00208266 -0.00577105 -0.00165932 0.00208266 0.00549931 -0.013026 0.00208256 -0.00577105 -0.013026 0.0760929 
0.0156467 -0.0255466 -0.0017082 0.0021603 -0.0255466 0.109321 0.0021573 -0.0058894 -0.0017082 0.0021573 0.005466 -0.0129723 0.0021603 -0.0058894 -0.0129723 0.0760951 
0.0156382 -0.0255344 -0.00174922 0.00220969 -0.0255344 0.109261 0.00220397 -0.00600958 -0.00174922 0.00220397 0.00546604 -0.0129211 0.00220969 -0.00600958 -0.0129211 0.0759643 
0.0156435 -0.0255406 -0.00175487 0.00225409 -0.0255406 0.109283 0.00224972 -0.00612002 -0.00175487 0.00224972 0.00552308 -0.0129214 0.00225409 -0.00612002 -0.0129214 0.0759278 
0.015642 -0.0255674 -0.00183496 0.0022685 -0.0255674 0.109398 0.00226636 -0.00620186 -0.00183496 0.00226636 0.00555992 -0.012992 0.0022685 -0.00620186 -0.012992 0.0760477 
0.0155806 -0.0254907 -0.00193115 0.00236032 -0.0254907 0.109127 0.00235571 -0.00636044 -0.00193115 0.00235571 0.00553279 -0.0129951 0.00236032 -0.00636044 -0.0129951 0.0759452 
0.01559 -0.0254717 -0.00193166 0.0024732 -0.0254717 0.109116 0.00246228 -0.00659272 -0.00193166 0.00246228 0.00554151 -0.013003 0.0024732 -0.00659272 -0.013003 0.0760508 
0.0156034 -0.0254667 -0.00187865 0.00248802 -0.0254667 0.10907 0.00247967 -0.00673945 -0.00187865 0.00247967 0.00544532 -0.0129828 0.00248802 -0.00673945 -0.0129828 0.0759821 
0.0156483 -0.0255456 -0.00184001 0.00241761 -0.0255456 0.109344 0.0024193 -0.00667345 -0.00184001 0.0024193 0.00538374 -0.0129004 0.00241761 -0.00667345 -0.0129004 0.0759753 
0.0156151 -0.0254941 -0.00179704 0.00236592 -0.0254941 0.109113 0.00237371 -0.00655299 -0.00179704 0.00237371 0.00528894 -0.0127427 0.00236592 -0.00655299 -0.0127427 0.0754508 
0.0156093 -0.0254901 -0.00176546 0.00231665 -0.0254901 0.109095 0.00232511 -0.00643143 -0.00176546 0.00232511 0.00524375 -0.0126311 0.00231665 -0.00643143 -0.0126311 0.0751169 
0.0156369 -0.0255193 -0.00171562 0.00228449 -0.0255193 0.109227 0.00229042 -0.00633815 -0.00171562 0.00229042 0.00521948 -0.0125861 0.00228449 -0.00633815 -0.0125861 0.0749831 
0.015641 -0.0255283 -0.00167336 0.00222207 -0.0255283 0.109233 0.00222778 -0.00620447 -0.00167336 0.00222778 0.00522713 -0.0125497 0.00222207 -0.00620447 -0.0125497 0.0748495 
0.0156397 -0.0255358 -0.00162718 0.00216613 -0.0255358 0.109252 0.00217253 -0.00605591 -0.00162718 0.00217253 0.00529223 -0.0125644 0.00216613 -0.00605591 -0.0125644 0.0748363 
0.0156623 -0.0255588 -0.00158007 0.0021234 -0.0255588 0.10937 0.00212705 -0.00594737 -0.00158007 0.00212705 0.0052891 -0.0126588 0.0021234 -0.00594737 -0.0126588 0.075039 
0.0156225 -0.0255027 -0.00157808 0.00207706 -0.0255027 0.109118 0.00208099 -0.00584786 -0.00157808 0.00208099 0.00522637 -0.0126182 0.00207706 -0.00584786 -0.0126182 0.0749071 
0.0156385 -0.0255221 -0.00157144 0.00207585 -0.0255221 0.109215 0.00207732 -0.00580372 -0.00157144 0.00207732 0.00521095 -0.012568 0.00207585 -0.00580372 -0.012568 0.0748979 
0.0156366 -0.0255452 -0.00160813 0.00207115 -0.0255452 0.109305 0.00207263 -0.00579176 -0.00160813 0.00207263 0.00525048 -0.0125414 0.00207115 -0.00579176 -0.0125414 0.0748399 
0.0156083 -0.0255134 -0.00166984 0.00212338 -0.0255134 0.109222 0.0021196 -0.00587305 -0.00166984 0.0021196 0.00525873 -0.012566 0.00212338 -0.00587305 -0.012566 0.0747777 
0.0155904 -0.0254856 -0.00171724 0.00220355 -0.0254856 0.109159 0.0021909 -0.00603451 -0.00171724 0.0021909 0.00523486 -0.0125901 0.00220355 -0.00603451 -0.0125901 0.0748368 
0.015601 -0.0254655 -0.00169068 0.00225994 -0.0254655 0.109104 0.00224283 -0.00618346 -0.00169068 0.00224283 0.00521437 -0.0125739 0.00225994 -0.00618346 -0.0125739 0.0748701 
0.0155915 -0.0254373 -0.00161572 0.00220893 -0.0254373 0.108924 0.00219893 -0.00614884 -0.00161572 0.00219893 0.00521526 -0.0125368 0.00220893 -0.00614884 -0.0125368 0.0747518 
0.0156506 -0.0255238 -0.00156241 0.00212606 -0.0255238 0.109248 0.00212861 -0.00601924 -0.00156241 0.00212861 0.00520518 -0.0125722 0.00212606 -0.00601924 -0.0125722 0.0749288 
0.015646 -0.025542 -0.00156192 0.00206232 -0.025542 0.109283 0.00207442 -0.00587277 -0.00156192 0.00207442 0.00514004 -0.0125247 0.00206232 -0.00587277 -0.0125247 0.0748164 
0.0156008 -0.0254914 -0.00162207 0.00204719 -0.0254914 0.109094 0.00205939 -0.00576956 -0.00162207 0.00205939 0.00511841 -0.0124187 0.00204719 -0.00576956 -0.0124187 0.0745006 
0.0156114 -0.0255081 -0.0016735 0.00213241 -0.0255081 0.109219 0.00213321 -0.00587157 -0.0016735 0.00213321 0.00514973 -0.0124059 0.00213241 -0.00587157 -0.0124059 0.0744573 
0.0156232 -0.0255101 -0.00161009 0.00218781 -0.0255101 0.109246 0.00218033 -0.00599498 -0.00161009 0.00218033 0.00521467 -0.012457 0.00218781 -0.00599498 -0.012457 0.0745404 
0.0156491 -0.0255248 -0.0015131 0.00209021 -0.0255248 0.109273 0.00208444 -0.00586846 -0.0015131 0.00208444 0.00532537 -0.0125761 0.00209021 -0.00586846 -0.0125761 0.0748334 
0.0156179 -0.0254824 -0.00146035 0.00197135 -0.0254824 0.109028 0.00197562 -0.00562341 -0.00146035 0.00197562 0.00542662 -0.0126951 0.00197135 -0.00562341 -0.0126951 0.0750025 
0.0156496 -0.0255428 -0.00143626 0.00190854 -0.0255428 0.109271 0.00191798 -0.00542694 -0.00143626 0.00191798 0.00557343 -0.0128914 0.00190854 -0.00542694 -0.0128914 0.075606 
0.0156534 -0.0255522 -0.00142477 0.00189527 -0.0255522 0.109325 0.00190165 -0.00535208 -0.00142477 0.00190165 0.00562791 -0.013075 0.00189527 -0.00535208 -0.013075 0.0761077 
0.0156502 -0.0255399 -0.00136657 0.00189266 -0.0255399 0.109289 0.00189561 -0.00533539 -0.00136657 0.00189561 0.00557941 -0.0131506 0.00189266 -0.00533539 -0.0131506 0.0764228 
0.015625 -0.0255046 -0.00134701 0.00182266 -0.0255046 0.109133 0.0018271 -0.00522468 -0.00134701 0.0018271 0.00552371 -0.0130814 0.00182266 -0.00522468 -0.0130814 0.07637 
0.0156449 -0.0255267 -0.00135004 0.00177938 -0.0255267 0.109229 0.00178333 -0.00507731 -0.00135004 0.00178333 0.00553521 -0.0130415 0.00177938 -0.00507731 -0.0130415 0.0763743 
0.0156252 -0.0254949 -0.00139332 0.00181531 -0.0254949 0.109088 0.00181702 -0.00512031 -0.00139332 0.00181702 0.0054036 -0.0129908 0.00181531 -0.00512031 -0.0129908 0.0761111 
0.0156538 -0.0255366 -0.00142071 0.00185275 -0.0255366 0.109254 0.00185288 -0.00518323 -0.00142071 0.00185288 0.0053448 -0.0128677 0.00185275 -0.00518323 -0.0128677 0.075977 
0.0156574 -0.0255482 -0.00140762 0.00189373 -0.0255482 0.109287 0.00189397 -0.00529072 -0.00140762 0.00189397 0.00529043 -0.0127458 0.00189373 -0.00529072 -0.0127458 0.0756138 
0.0156628 -0.0255545 -0.00134602 0.00187576 -0.0255545 0.109316 0.00187837 -0.0053053 -0.00134602 0.00187837 0.005279 -0.0126615 0.00187576 -0.0053053 -0.0126615 0.0753156 
0.0156598 -0.0255537 -0.00128473 0.00180669 -0.0255537 0.109312 0.00181423 -0.00520826 -0.00128473 0.00181423 0.0052325 -0.0126281 0.00180669 -0.00520826 -0.0126281 0.0751074 
0.0156416 -0.0255292 -0.00118802 0.00171293 -0.0255292 0.109207 0.00172388 -0.00499128 -0.00118802 0.00172388 0.00525206 -0.0125717 0.00171293 -0.00499128 -0.0125717 0.0749263 
0.0156416 -0.0255252 -0.00113118 0.00158767 -0.0255252 0.109194 0.00160075 -0.0047014 -0.00113118 0.00160075 0.00531159 -0.0126084 0.00158767 -0.0047014 -0.0126084 0.0749446 
0.0156365 -0.0255291 -0.00114129 0.00151961 -0.0255291 0.109208 0.00153082 -0.00447285 -0.00114129 0.00153082 0.00541397 -0.0126979 0.00151961 -0.00447285 -0.0126979 0.0751308 
0.0156431 -0.0255487 -0.0012141 0.00156191 -0.0255487 0.109326 0.00156543 -0.00448368 -0.0012141 0.00156543 0.00544906 -0.0128398 0.00156191 -0.00448368 -0.0128398 0.07549 
0.0156151 -0.0254981 -0.00132367 0.00164432 -0.0254981 0.109143 0.00163738 -0.00461082 -0.00132367 0.00163738 0.00547308 -0.0128879 0.00164432 -0.00461082 -0.0128879 0.0756602 
0.0156166 -0.0255048 -0.00141227 0.00181863 -0.0255048 0.109199 0.0018008 -0.00498657 -0.00141227 0.0018008 0.00545055 -0.0129138 0.00181863 -0.00498657 -0.0129138 0.0758034 
0.0155822 -0.0254319 -0.00142038 0.00192243 -0.0254319 0.108914 0.00190103 -0.00529911 -0.00142038 0.00190103 0.00536717 -0.0128502 0.00192243 -0.00529911 -0.0128502 0.0756061 
0.0156194 -0.025488 -0.0014325 0.00192097 -0.025488 0.109127 0.0019082 -0.005412 -0.0014325 0.0019082 0.00532179 -0.0127908 0.00192097 -0.005412 -0.0127908 0.0756242 
0.0156045 -0.0254779 -0.00142277 0.00191394 -0.0254779 0.109061 0.00190979 -0.00540966 -0.00142277 0.00190979 0.00530368 -0.012702 0.00191394 -0.00540966 -0.012702 0.075366 
0.0155933 -0.0254602 -0.00143367 0.0018989 -0.0254602 0.109001 0.00189831 -0.00538334 -0.00143367 0.00189831 0.00526378 -0.0126669 0.0018989 -0.00538334 -0.0126669 0.0751815 
0.0156263 -0.0255038 -0.00140909 0.00190757 -0.0255038 0.109192 0.00190644 -0.00537594 -0.00140909 0.00190644 0.00525833 -0.0126481 0.00190757 -0.00537594 -0.0126481 0.0752175 
0.0156507 -0.025531 -0.00133671 0.00185431 -0.025531 0.109277 0.00185603 -0.0052651 -0.00133671 0.00185603 0.00532307 -0.0126533 0.00185431 -0.0052651 -0.0126533 0.0752535 
0.0156542 -0.0255228 -0.00123556 0.00176737 -0.0255228 0.109203 0.00177461 -0.00509257 -0.00123556 0.00177461 0.00536409 -0.0127141 0.00176737 -0.00509257 -0.0127141 0.0752771 
0.015671 -0.0255731 -0.00121775 0.00165387 -0.0255731 0.109371 0.00166982 -0.00486401 -0.00121775 0.00166982 0.00541147 -0.0127938 0.00165387 -0.00486401 -0.0127938 0.0755196 
0.0156242 -0.0255149 -0.0012321 0.00163105 -0.0255149 0.109147 0.0016455 -0.00472383 -0.0012321 0.0016455 0.00542685 -0.0128172 0.00163105 -0.00472383 -0.0128172 0.0754932 
0.0156316 -0.0255191 -0.00126492 0.00166698 -0.0255191 0.109214 0.00167214 -0.00474861 -0.00126492 0.00167214 0.00543021 -0.0128638 0.00166698 -0.00474861 -0.0128638 0.0756648 
0.0156352 -0.025534 -0.00134612 0.00171801 -0.025534 0.109286 0.0017154 -0.00485268 -0.00134612 0.0017154 0.00547914 -0.0128754 0.00171801 -0.00485268 -0.0128754 0.0757776 
0.0156152 -0.0254887 -0.00142928 0.00182938 -0.0254887 0.109128 0.00181909 -0.0050812 -0.00142928 0.00181909 0.00539156 -0.0129004 0.00182938 -0.0050812 -0.0129004 0.0757342 
0.0156161 -0.0254685 -0.00141445 0.00191353 -0.0254685 0.109026 0.00189957 -0.00528514 -0.00141445 0.00189957 0.00535334 -0.0128117 0.00191353 -0.00528514 -0.0128117 0.0756228 
0.0156226 -0.0254977 -0.00140706 0.00190619 -0.0254977 0.109104 0.00190098 -0.00538436 -0.00140706 0.00190098 0.00530691 -0.0127464 0.00190619 -0.00538436 -0.0127464 0.0754595 
0.0156375 -0.0255363 -0.00142678 0.00189274 -0.0255363 0.109285 0.00189348 -0.00538225 -0.00142678 0.00189348 0.00526064 -0.0126899 0.00189274 -0.00538225 -0.0126899 0.075355 
0.0156092 -0.0254912 -0.00143094 0.00191465 -0.0254912 0.109132 0.00191571 -0.00541071 -0.00143094 0.00191571 0.00518574 -0.0125904 0.00191465 -0.00541071 -0.0125904 0.075019 
0.0156315 -0.0254945 -0.00136496 0.00191028 -0.0254945 0.109161 0.00190875 -0.0054027 -0.00136496 0.00190875 0.00513295 -0.0125147 0.00191028 -0.0054027 -0.0125147 0.0748459 
0.0156325 -0.0254899 -0.00131396 0.0018318 -0.0254899 0.109082 0.00183688 -0.00528818 -0.00131396 0.00183688 0.00508979 -0.0124181 0.0018318 -0.00528818 -0.0124181 0.0745377 
0.0156155 -0.0254936 -0.00133532 0.00174856 -0.0254936 0.109051 0.00176149 -0.00508434 -0.00133532 0.00176149 0.00512702 -0.0123564 0.00174856 -0.00508434 -0.0123564 0.0743026 
0.01562 -0.0255175 -0.00137484 0.00178874 -0.0255175 0.109196 0.00179677 -0.00507427 -0.00137484 0.00179677 0.00515673 -0.0124078 0.00178874 -0.00507427 -0.0124078 0.0743473 
0.0155816 -0.0254562 -0.00141045 0.00185633 -0.0254562 0.108993 0.00185432 -0.00520563 -0.00141045 0.00185432 0.00514941 -0.0124147 0.00185633 -0.00520563 -0.0124147 0.0742671 
0.0156117 -0.0254914 -0.00144584 0.00191397 -0.0254914 0.109178 0.00190425 -0.0053602 -0.00144584 0.00190425 0.005118 -0.0124489 0.00191397 -0.0053602 -0.0124489 0.0744664 
0.0155771 -0.0254324 -0.00138236 0.00193383 -0.0254324 0.108909 0.00192414 -0.00542453 -0.00138236 0.00192414 0.00509928 -0.0123789 0.00193383 -0.00542453 -0.0123789 0.0742771 
0.0155701 -0.0254423 -0.00136294 0.00187164 -0.0254423 0.108952 0.00186832 -0.0053809 -0.00136294 0.00186832 0.00507859 -0.0123588 0.00187164 -0.0053809 -0.0123588 0.0742209 
0.0155825 -0.0254808 -0.00135932 0.00183859 -0.0254808 0.109156 0.00183792 -0.00528474 -0.00135932 0.00183792 0.00511513 -0.0123584 0.00183859 -0.00528474 -0.0123584 0.0743121 
0.0155515 -0.0254264 -0.00134006 0.00183756 -0.0254264 0.108982 0.00183356 -0.00524486 -0.00134006 0.00183356 0.00516422 -0.0123734 0.00183756 -0.00524486 -0.0123734 0.074243 
0.0155602 -0.0254205 -0.00132591 0.00182357 -0.0254205 0.108987 0.00181662 -0.00522566 -0.00132591 0.00181662 0.00518272 -0.012458 0.00182357 -0.00522566 -0.012458 0.0744346 
0.0155398 -0.025371 -0.00128766 0.00179923 -0.025371 0.108754 0.00179323 -0.00517076 -0.00128766 0.00179323 0.00514501 -0.0124718 0.00179923 -0.00517076 -0.0124718 0.0744525 
0.0155665 -0.0254186 -0.00120632 0.00176228 -0.0254186 0.108918 0.00176185 -0.00511389 -0.00120632 0.00176185 0.00512521 -0.0124519 0.00176228 -0.00511389 -0.0124519 0.0745578 
0.0155469 -0.0253902 -0.00117709 0.00166366 -0.0253902 0.108793 0.00167322 -0.00494674 -0.00117709 0.00167322 0.00508435 -0.0123834 0.00166366 -0.00494674 -0.0123834 0.0743388 
0.0155345 -0.0254079 -0.0012104 0.00163493 -0.0254079 0.108877 0.00164828 -0.00483811 -0.0012104 0.00164828 0.00511121 -0.0123301 0.00163493 -0.00483811 -0.0123301 0.0742093 
0.0155089 -0.025353 -0.0012396 0.00164528 -0.025353 0.108706 0.00165005 -0.00476736 -0.0012396 0.00165005 0.0051785 -0.0123548 0.00164528 -0.00476736 -0.0123548 0.074126 
0.01557 -0.0254189 -0.00124014 0.00166286 -0.0254189 0.108975 0.00165733 -0.00474055 -0.00124014 0.00165733 0.00531137 -0.0125186 0.00166286 -0.00474055 -0.0125186 0.0746125 
0.0155845 -0.0254284 -0.0012486 0.00169159 -0.0254284 0.10896 0.00168306 -0.00481579 -0.0012486 0.00168306 0.00533166 -0.0126777 0.00169159 -0.00481579 -0.0126777 0.0749839 
0.0155738 -0.025428 -0.00123789 0.00171717 -0.025428 0.108912 0.00171455 -0.00491395 -0.00123789 0.00171455 0.00524993 -0.0127076 0.00171717 -0.00491395 -0.0127076 0.0751658 
0.0155821 -0.0254384 -0.00119923 0.00168497 -0.0254384 0.108958 0.00168896 -0.00487896 -0.00119923 0.00168896 0.00518716 -0.012619 0.00168497 -0.00487896 -0.012619 0.0751357 
0.0155806 -0.0254313 -0.00117892 0.00163169 -0.0254313 0.108916 0.00164005 -0.00477109 -0.00117892 0.00164005 0.00514149 -0.0125098 0.00163169 -0.00477109 -0.0125098 0.0748559 
0.0155903 -0.0254347 -0.00117721 0.00162271 -0.0254347 0.108918 0.0016332 -0.00473575 -0.00117721 0.0016332 0.00506709 -0.0124206 0.00162271 -0.00473575 -0.0124206 0.0745492 
0.0156169 -0.0254744 -0.00116345 0.0016196 -0.0254744 0.109053 0.00163091 -0.00472193 -0.00116345 0.00163091 0.00500984 -0.0123244 0.0016196 -0.00472193 -0.0123244 0.074312 
0.0155854 -0.0254365 -0.00113808 0.00161065 -0.0254365 0.108868 0.00162316 -0.00471711 -0.00113808 0.00162316 0.00492956 -0.0121902 0.00161065 -0.00471711 -0.0121902 0.0738103 
0.0155859 -0.025454 -0.0011173 0.00157248 -0.025454 0.108952 0.0015867 -0.00464663 -0.0011173 0.0015867 0.00491729 -0.0120967 0.00157248 -0.00464663 -0.0120967 0.073537 
0.015588 -0.0254679 -0.00115529 0.00153616 -0.0254679 0.109044 0.00154817 -0.00453826 -0.00115529 0.00154817 0.00496678 -0.0120827 0.00153616 -0.00453826 -0.0120827 0.07343 
0.0155616 -0.0254545 -0.00125302 0.00160989 -0.0254545 0.109035 0.00161136 -0.00463117 -0.00125302 0.00161136 0.0049646 -0.0121269 0.00160989 -0.00463117 -0.0121269 0.0734229 
0.0155373 -0.0254257 -0.00137146 0.00173251 -0.0254257 0.108997 0.00171877 -0.00485524 -0.00137146 0.00171877 0.00498084 -0.0121457 0.00173251 -0.00485524 -0.0121457 0.0735142 
0.0155099 -0.0253794 -0.00149569 0.00188245 -0.0253794 0.10887 0.00185314 -0.00517575 -0.00149569 0.00185314 0.00499999 -0.0121683 0.00188245 -0.00517575 -0.0121683 0.0735771 
0.015501 -0.0253224 -0.00152361 0.00203722 -0.0253224 0.108662 0.00200002 -0.00554838 -0.00152361 0.00200002 0.00497792 -0.0121863 0.00203722 -0.00554838 -0.0121863 0.0735973 
0.0155242 -0.0253326 -0.00150255 0.00207937 -0.0253326 0.108654 0.00204983 -0.00578987 -0.00150255 0.00204983 0.0049296 -0.0121684 0.00207937 -0.00578987 -0.0121684 0.0736249 
0.0155533 -0.0253815 -0.00151681 0.00204066 -0.0253815 0.108784 0.00203014 -0.0058166 -0.00151681 0.00203014 0.00488619 -0.0121076 0.00204066 -0.0058166 -0.0121076 0.0735616 
0.0155503 -0.0253767 -0.00154087 0.00202593 -0.0253767 0.10872 0.00202896 -0.00576366 -0.00154087 0.00202896 0.00484976 -0.0120237 0.00202593 -0.00576366 -0.0120237 0.0732943 
0.0155399 -0.0253819 -0.00157654 0.00205993 -0.0253819 0.108717 0.00206632 -0.00580982 -0.00157654 0.00206632 0.0048221 -0.0119596 0.00205993 -0.00580982 -0.0119596 0.0730563 
0.0155819 -0.0254311 -0.0015224 0.00208182 -0.0254311 0.108935 0.00208553 -0.00583271 -0.0015224 0.00208553 0.00486441 -0.0119583 0.00208182 -0.00583271 -0.0119583 0.0730903 
0.0155869 -0.0254389 -0.00150052 0.00201973 -0.0254389 0.108933 0.00202608 -0.00575664 -0.00150052 0.00202608 0.00489444 -0.0119945 0.00201973 -0.00575664 -0.0119945 0.0730838 
0.0155858 -0.0254644 -0.00154304 0.0020027 -0.0254644 0.109025 0.00201328 -0.00570355 -0.00154304 0.00201328 0.0048884 -0.0120415 0.0020027 -0.00570355 -0.0120415 0.0731996 
0.0155621 -0.0254281 -0.00157663 0.00205395 -0.0254281 0.108916 0.00205778 -0.00575299 -0.00157663 0.00205778 0.00487648 -0.0120234 0.00205395 -0.00575299 -0.0120234 0.0731611 
0.0155804 -0.0254497 -0.00158512 0.0021094 -0.0254497 0.109033 0.00210615 -0.00587858 -0.00158512 0.00210615 0.00486033 -0.0120247 0.0021094 -0.00587858 -0.0120247 0.0732328 
0.0155758 -0.0254318 -0.00157965 0.00211365 -0.0254318 0.108953 0.00210907 -0.00592826 -0.00157965 0.00210907 0.00481729 -0.0119894 0.00211365 -0.00592826 -0.0119894 0.0731349 
0.0155491 -0.0254128 -0.0016077 0.00209213 -0.0254128 0.108848 0.00209136 -0.0058932 -0.0016077 0.00209136 0.00483181 -0.0119282 0.00209213 -0.0058932 -0.0119282 0.0729673 
0.0155494 -0.0254206 -0.00162727 0.00215037 -0.0254206 0.10893 0.00214655 -0.00599292 -0.00162727 0.00214655 0.00483458 -0.0119402 0.00215037 -0.00599292 -0.0119402 0.0729464 
0.0155649 -0.0254392 -0.00165548 0.00218363 -0.0254392 0.109051 0.0021768 -0.00610111 -0.00165548 0.0021768 0.0048299 -0.0119562 0.00218363 -0.00610111 -0.0119562 0.0730296 
0.0155477 -0.0254049 -0.0016623 0.00218561 -0.0254049 0.108896 0.00217645 -0.00610044 -0.0016623 0.00217645 0.00484946 -0.0119449 0.00218561 -0.00610044 -0.0119449 0.0729821 
0.0155547 -0.0253839 -0.00159393 0.00218546 -0.0253839 0.108792 0.00217798 -0.00609115 -0.00159393 0.00217798 0.00484638 -0.0119759 0.00218546 -0.00609115 -0.0119759 0.0730072 
0.0155712 -0.0254224 -0.00154767 0.00212849 -0.0254224 0.108893 0.00212963 -0.00604606 -0.00154767 0.00212963 0.00480116 -0.0119754 0.00212849 -0.00604606 -0.0119754 0.0730633 
0.0155704 -0.0254271 -0.00150557 0.00205556 -0.0254271 0.108906 0.00206669 -0.00589118 -0.00150557 0.00206669 0.004772 -0.0119107 0.00205556 -0.00589118 -0.0119107 0.0729508 
0.015561 -0.0254124 -0.00143043 0.00198419 -0.0254124 0.10884 0.00199685 -0.00569028 -0.00143043 0.00199685 0.00478648 -0.011863 0.00198419 -0.00569028 -0.011863 0.072785 
0.0155786 -0.0254396 -0.00138062 0.00190607 -0.0254396 0.108958 0.0019196 -0.00551073 -0.00138062 0.0019196 0.00480011 -0.011888 0.00190607 -0.00551073 -0.011888 0.0728119 
0.015573 -0.0254395 -0.00131 0.00186021 -0.0254395 0.10896 0.00187272 -0.00538193 -0.00131 0.00187272 0.00480436 -0.0118948 0.00186021 -0.00538193 -0.0118948 0.0727991 
0.0155907 -0.025469 -0.00123878 0.00178597 -0.025469 0.109111 0.00179889 -0.00523606 -0.00123878 0.00179889 0.00481734 -0.0119136 0.00178597 -0.00523606 -0.0119136 0.0728994 
0.0155662 -0.025461 -0.00123042 0.00170162 -0.025461 0.109093 0.00171639 -0.00504827 -0.00123042 0.00171639 0.00483188 -0.0119182 0.00170162 -0.00504827 -0.0119182 0.072897 
0.0155228 -0.0254002 -0.0012791 0.00166625 -0.0254002 0.108896 0.00167425 -0.00487279 -0.0012791 0.00167425 0.00489438 -0.0119361 0.00166625 -0.00487279 -0.0119361 0.0728831 
0.0155254 -0.0253883 -0.00132856 0.00175571 -0.0253883 0.108912 0.00174814 -0.00497136 -0.00132856 0.00174814 0.00491536 -0.0120354 0.00175571 -0.00497136 -0.0120354 0.0731185 
0.0155389 -0.0253767 -0.00128816 0.00180204 -0.0253767 0.108858 0.00178493 -0.0050722 -0.00128816 0.00178493 0.00492135 -0.0120874 0.00180204 -0.0050722 -0.0120874 0.0733429 
0.015558 -0.0254004 -0.00128149 0.00176737 -0.0254004 0.1089 0.00175718 -0.00508944 -0.00128149 0.00175718 0.00490533 -0.0120999 0.00176737 -0.00508944 -0.0120999 0.0734656 
0.0155559 -0.025419 -0.00124009 0.00171154 -0.025419 0.108919 0.00171031 -0.00494121 -0.00124009 0.00171031 0.00498009 -0.0120939 0.00171154 -0.00494121 -0.0120939 0.0735119 
0.015546 -0.0253914 -0.00115725 0.00168163 -0.0253914 0.108824 0.00168394 -0.00486753 -0.00115725 0.00168394 0.0050023 -0.0121639 0.00168163 -0.00486753 -0.0121639 0.0735501 
0.0155837 -0.0254281 -0.00110858 0.00159055 -0.0254281 0.108966 0.00159887 -0.00471906 -0.00110858 0.00159887 0.0050028 -0.0122273 0.00159055 -0.00471906 -0.0122273 0.0737956 
0.0155849 -0.0254476 -0.00109456 0.00153005 -0.0254476 0.108991 0.00154502 -0.0045628 -0.00109456 0.00154502 0.00500818 -0.0122182 0.00153005 -0.0045628 -0.0122182 0.0738292 
0.0155574 -0.0253916 -0.00114731 0.0015296 -0.0253916 0.108771 0.0015446 -0.00452415 -0.00114731 0.0015446 0.00493304 -0.0121778 0.0015296 -0.00452415 -0.0121778 0.0736118 
