0.00686281 0 -0.000153069 0 0 0.01 0 0 -0.000153069 0 0.00782808 0 0 0 0 0.01 
0.00977626 -0.0121459 -0.000192408 0.000236587 -0.0121459 0.0324635 0.000236587 -0.000453729 -0.000192408 0.000236587 0.0109339 -0.0135731 0.000236587 -0.000453729 -0.0135731 0.0352 
0.00995296 -0.0186795 -0.000132317 0.000279044 -0.0186795 0.0689029 0.000279044 -0.000887109 -0.000132317 0.000279044 0.0108176 -0.0202177 0.000279044 -0.000887109 -0.0202177 0.0738028 
0.00943399 -0.0185323 -8.91819e-05 0.000166754 -0.0185323 0.0833944 0.000164111 -0.000665323 -8.91819e-05 0.000164111 0.0101678 -0.0196149 0.000166754 -0.000665323 -0.0196149 0.0872834 
0.00940159 -0.01792 -8.7543e-05 0.00011052 -0.01792 0.0871102 0.000103605 -0.000376172 -8.7543e-05 0.000103605 0.0101595 -0.0187849 0.00011052 -0.000376172 -0.0187849 0.0895677 
0.00952178 -0.0177755 -6.45034e-05 0.000101886 -0.0177755 0.0880849 9.3447e-05 -0.000244127 -6.45034e-05 9.3447e-05 0.010366 -0.0187463 0.000101886 -0.000244127 -0.0187463 0.0903161 
0.009599 -0.0178108 -6.44253e-05 8.49966e-05 -0.0178108 0.0884239 7.50526e-05 -0.000199843 -6.44253e-05 7.50526e-05 0.0105137 -0.0189209 8.49966e-05 -0.000199843 -0.0189209 0.0909888 
0.00964253 -0.017877 -6.79465e-05 8.3323e-05 -0.017877 0.0886263 7.43971e-05 -0.000184929 -6.79465e-05 7.43971e-05 0.0105483 -0.0189936 8.3323e-05 -0.000184929 -0.0189936 0.0913122 
0.00966365 -0.0178932 -6.65956e-05 7.88368e-05 -0.0178932 0.088666 7.13713e-05 -0.000171339 -6.65956e-05 7.13713e-05 0.0105481 -0.019019 7.88368e-05 -0.000171339 -0.019019 0.0914525 
0.00967605 -0.0179204 -7.96621e-05 9.88579e-05 -0.0179204 0.0887056 9.40276e-05 -0.000225092 -7.96621e-05 9.40276e-05 0.0105521 -0.0190121 9.88579e-05 -0.000225092 -0.0190121 0.0914747 
0.00965613 -0.0179274 -6.34723e-05 9.1934e-05 -0.0179274 0.0887226 8.98123e-05 -0.000215958 -6.34723e-05 8.98123e-05 0.0105651 -0.0190239 9.1934e-05 -0.000215958 -0.0190239 0.0914903 
0.00964129 -0.0179222 -6.42989e-05 8.25067e-05 -0.0179222 0.0887464 8.2242e-05 -0.000213172 -6.42989e-05 8.2242e-05 0.0105706 -0.0190362 8.25067e-05 -0.000213172 -0.0190362 0.0915136 
0.00963522 -0.0179185 -7.65926e-05 7.72592e-05 -0.0179185 0.0887665 7.84907e-05 -0.00019617 -7.65926e-05 7.84907e-05 0.0105679 -0.0190395 7.72592e-05 -0.00019617 -0.0190395 0.0915291 
0.00964082 -0.0179066 -7.43298e-05 8.67217e-05 -0.0179066 0.088754 8.69931e-05 -0.00019925 -7.43298e-05 8.69931e-05 0.0105382 -0.0190367 8.67217e-05 -0.00019925 -0.0190367 0.0915271 
0.0096502 -0.0179027 -7.36255e-05 8.90215e-05 -0.0179027 0.0887332 8.64941e-05 -0.000213714 -7.36255e-05 8.64941e-05 0.0105012 -0.0190092 8.90215e-05 -0.000213714 -0.0190092 0.0914939 
0.00966167 -0.0178935 -6.83497e-05 7.99502e-05 -0.0178935 0.0886909 7.52988e-05 -0.000191793 -6.83497e-05 7.52988e-05 0.0104867 -0.0189888 7.99502e-05 -0.000191793 -0.0189888 0.0914804 
0.00970164 -0.0179535 -6.98861e-05 9.33233e-05 -0.0179535 0.0888207 8.92946e-05 -0.000221776 -6.98861e-05 8.92946e-05 0.0104653 -0.018934 9.33233e-05 -0.000221776 -0.018934 0.0913487 
0.00970203 -0.0179772 -7.51507e-05 9.53804e-05 -0.0179772 0.088883 9.60221e-05 -0.000244827 -7.51507e-05 9.60221e-05 0.0104554 -0.018916 9.53804e-05 -0.000244827 -0.018916 0.0912689 
0.00969366 -0.0179744 -7.23533e-05 8.63885e-05 -0.0179744 0.0888993 9.52527e-05 -0.000230413 -7.23533e-05 9.52527e-05 0.0104357 -0.0189098 8.63885e-05 -0.000230413 -0.0189098 0.0912416 
0.00969951 -0.0179555 -4.16395e-05 7.45146e-05 -0.0179555 0.0888639 8.77042e-05 -0.000202401 -4.16395e-05 8.77042e-05 0.0104072 -0.0188967 7.45146e-05 -0.000202401 -0.0188967 0.0912294 
0.00969234 -0.017956 -3.55904e-05 5.99538e-05 -0.017956 0.0888384 6.91929e-05 -0.000189229 -3.55904e-05 6.91929e-05 0.0103884 -0.0188579 5.99538e-05 -0.000189229 -0.0188579 0.0911569 
0.00968707 -0.017971 -2.81845e-05 2.49767e-05 -0.017971 0.088881 2.73563e-05 -8.76389e-05 -2.81845e-05 2.73563e-05 0.0103742 -0.0188011 2.49767e-05 -8.76389e-05 -0.0188011 0.0909925 
0.00967251 -0.017946 -4.99671e-05 3.23633e-05 -0.017946 0.0888375 3.28941e-05 -7.3008e-05 -4.99671e-05 3.28941e-05 0.0103694 -0.018793 3.23633e-05 -7.3008e-05 -0.018793 0.0909224 
0.00965585 -0.0179097 -6.62147e-05 7.86145e-05 -0.0179097 0.0887362 7.95926e-05 -0.000164211 -6.62147e-05 7.95926e-05 0.0103597 -0.0187964 7.86145e-05 -0.000164211 -0.0187964 0.0909161 
0.00964381 -0.0178955 -5.7474e-05 9.01842e-05 -0.0178955 0.0886798 9.17269e-05 -0.000217511 -5.7474e-05 9.17269e-05 0.0103487 -0.0187813 9.01842e-05 -0.000217511 -0.0187813 0.0908917 
0.00963304 -0.017895 -4.36207e-05 8.4708e-05 -0.017895 0.088675 8.72508e-05 -0.000234453 -4.36207e-05 8.72508e-05 0.0103426 -0.0187543 8.4708e-05 -0.000234453 -0.0187543 0.0908253 
0.00963332 -0.0178762 -3.97865e-05 4.47221e-05 -0.0178762 0.0886397 4.40892e-05 -0.000147354 -3.97865e-05 4.40892e-05 0.0103509 -0.0187529 4.47221e-05 -0.000147354 -0.0187529 0.0908074 
0.00962858 -0.0178714 -3.35361e-05 4.25826e-05 -0.0178714 0.0886091 3.94468e-05 -0.00010025 -3.35361e-05 3.94468e-05 0.0103683 -0.018768 4.25826e-05 -0.00010025 -0.018768 0.0908327 
0.00961511 -0.0178581 -2.52554e-05 4.76243e-05 -0.0178581 0.0885693 4.11325e-05 -0.000105766 -2.52554e-05 4.11325e-05 0.0103805 -0.0187931 4.76243e-05 -0.000105766 -0.0187931 0.0908856 
0.00961812 -0.0178648 -1.85262e-05 3.63574e-05 -0.0178648 0.0885939 2.56847e-05 -8.30352e-05 -1.85262e-05 2.56847e-05 0.0103742 -0.0187965 3.63574e-05 -8.30352e-05 -0.0187965 0.0909044 
0.00962599 -0.0178766 -1.7873e-05 3.76025e-05 -0.0178766 0.0886347 2.41042e-05 -8.38537e-05 -1.7873e-05 2.41042e-05 0.0103846 -0.0187986 3.76025e-05 -8.38537e-05 -0.0187986 0.0909355 
0.00964641 -0.0178761 -2.24902e-05 3.63297e-05 -0.0178761 0.0886416 2.39789e-05 -8.27522e-05 -2.24902e-05 2.39789e-05 0.0103698 -0.0188165 3.63297e-05 -8.27522e-05 -0.0188165 0.090975 
0.00967019 -0.0179224 -1.76998e-05 1.98193e-05 -0.0179224 0.0887386 1.20368e-05 -3.95109e-05 -1.76998e-05 1.20368e-05 0.0103606 -0.0187877 1.98193e-05 -3.95109e-05 -0.0187877 0.0909408 
0.00967115 -0.0179404 -1.1971e-05 2.60682e-05 -0.0179404 0.0887988 2.46137e-05 -5.60352e-05 -1.1971e-05 2.46137e-05 0.0103752 -0.0187889 2.60682e-05 -5.60352e-05 -0.0187889 0.0909389 
0.00965407 -0.0179468 1.34949e-07 2.57632e-06 -0.0179468 0.0888368 3.79901e-06 -1.23914e-05 1.34949e-07 3.79901e-06 0.0104163 -0.0188107 2.57632e-06 -1.23914e-05 -0.0188107 0.0909816 
0.00965207 -0.0179283 3.18454e-06 6.74578e-07 -0.0179283 0.0888208 1.15695e-06 -2.23129e-06 3.18454e-06 1.15695e-06 0.0104379 -0.0188578 6.74578e-07 -2.23129e-06 -0.0188578 0.0910691 
0.00965314 -0.0179214 8.30879e-06 -4.51512e-06 -0.0179214 0.0887932 -2.52459e-06 8.71874e-06 8.30879e-06 -2.52459e-06 0.0104441 -0.0188831 -4.51512e-06 8.71874e-06 -0.0188831 0.0911435 
0.00965794 -0.017915 -9.48457e-06 -1.87756e-08 -0.017915 0.0887615 3.49603e-06 -9.62205e-06 -9.48457e-06 3.49603e-06 0.0104379 -0.0188942 -1.87756e-08 -9.62205e-06 -0.0188942 0.0911904 
0.00965268 -0.0179126 -2.51321e-05 8.92118e-07 -0.0179126 0.0887382 4.48049e-06 2.46528e-06 -2.51321e-05 4.48049e-06 0.0104564 -0.0189004 8.92118e-07 2.46528e-06 -0.0189004 0.0912338 
0.00964539 -0.0179028 -2.55341e-05 1.68295e-05 -0.0179028 0.0887101 2.17941e-05 -1.84064e-05 -2.55341e-05 2.17941e-05 0.0104722 -0.018918 1.68295e-05 -1.84064e-05 -0.018918 0.0912622 
0.00963872 -0.0178986 -2.65748e-05 3.73419e-05 -0.0178986 0.0887009 4.15697e-05 -8.43308e-05 -2.65748e-05 4.15697e-05 0.0105028 -0.0189411 3.73419e-05 -8.43308e-05 -0.0189411 0.0913168 
0.00963356 -0.0178926 -2.25395e-05 3.3572e-05 -0.0178926 0.0886894 3.54816e-05 -9.43143e-05 -2.25395e-05 3.54816e-05 0.0105206 -0.0189782 3.3572e-05 -9.43143e-05 -0.0189782 0.0913944 
0.00964729 -0.0178963 -3.09106e-05 2.74063e-05 -0.0178963 0.0887054 2.71498e-05 -7.76629e-05 -3.09106e-05 2.71498e-05 0.0105167 -0.0189972 2.74063e-05 -7.76629e-05 -0.0189972 0.091454 
0.00966202 -0.0179233 -4.70869e-05 3.67875e-05 -0.0179233 0.0887704 3.68022e-05 -8.48769e-05 -4.70869e-05 3.68022e-05 0.0105207 -0.0189977 3.67875e-05 -8.48769e-05 -0.0189977 0.091488 
0.00965895 -0.0179516 -5.25902e-05 5.43767e-05 -0.0179516 0.088854 5.56251e-05 -0.000114741 -5.25902e-05 5.56251e-05 0.0105353 -0.0189956 5.43767e-05 -0.000114741 -0.0189956 0.0914856 
0.00966506 -0.0179447 -4.67353e-05 6.49758e-05 -0.0179447 0.0888757 6.50635e-05 -0.000148191 -4.67353e-05 6.50635e-05 0.0105337 -0.0190151 6.49758e-05 -0.000148191 -0.0190151 0.091514 
0.00965751 -0.0179573 -3.98088e-05 6.51472e-05 -0.0179573 0.0889008 6.41746e-05 -0.000166925 -3.98088e-05 6.41746e-05 0.0105338 -0.0190084 6.51472e-05 -0.000166925 -0.0190084 0.091516 
0.00968298 -0.01795 -3.70712e-05 5.32324e-05 -0.01795 0.0889057 5.43737e-05 -0.000150067 -3.70712e-05 5.43737e-05 0.0105179 -0.0190132 5.32324e-05 -0.000150067 -0.0190132 0.0915284 
0.00969742 -0.0179624 -2.99114e-05 3.84254e-05 -0.0179624 0.0888988 4.33866e-05 -0.000109369 -2.99114e-05 4.33866e-05 0.010501 -0.0189994 3.84254e-05 -0.000109369 -0.0189994 0.0915148 
0.00970856 -0.0179744 -3.9328e-05 3.26304e-05 -0.0179744 0.0889153 4.04948e-05 -9.53327e-05 -3.9328e-05 4.04948e-05 0.0104966 -0.0189876 3.26304e-05 -9.53327e-05 -0.0189876 0.091498 
0.00970704 -0.0179974 -3.1865e-05 4.21473e-05 -0.0179974 0.0889703 4.82954e-05 -0.000103024 -3.1865e-05 4.82954e-05 0.0105144 -0.0189757 4.21473e-05 -0.000103024 -0.0189757 0.091463 
0.00970768 -0.0180085 -2.22967e-05 3.61588e-05 -0.0180085 0.0890242 3.5911e-05 -9.6083e-05 -2.22967e-05 3.5911e-05 0.0105203 -0.0189822 3.61588e-05 -9.6083e-05 -0.0189822 0.0914367 
0.00968439 -0.0180208 -3.5765e-05 4.31643e-05 -0.0180208 0.0890757 3.88746e-05 -0.000113747 -3.5765e-05 3.88746e-05 0.0105414 -0.0189804 4.31643e-05 -0.000113747 -0.0189804 0.0914173 
0.00967435 -0.0179869 -4.12424e-05 4.84935e-05 -0.0179869 0.089034 4.36446e-05 -0.000115603 -4.12424e-05 4.36446e-05 0.0105357 -0.0190039 4.84935e-05 -0.000115603 -0.0190039 0.0914402 
0.00967174 -0.0179434 -4.1686e-05 5.65469e-05 -0.0179434 0.0889068 4.93316e-05 -0.000127483 -4.1686e-05 4.93316e-05 0.0105247 -0.0190193 5.65469e-05 -0.000127483 -0.0190193 0.091503 
0.00970176 -0.0179406 -3.96276e-05 5.32062e-05 -0.0179406 0.0888518 4.44536e-05 -0.000124763 -3.96276e-05 4.44536e-05 0.0104811 -0.0189957 5.32062e-05 -0.000124763 -0.0189957 0.0914713 
0.00971324 -0.0179639 -3.02971e-05 4.54318e-05 -0.0179639 0.0888543 3.80943e-05 -0.000104928 -3.02971e-05 3.80943e-05 0.010447 -0.0189509 4.54318e-05 -0.000104928 -0.0189509 0.0913941 
0.00972412 -0.017993 -2.70004e-05 3.6125e-05 -0.017993 0.0889289 3.21985e-05 -8.97425e-05 -2.70004e-05 3.21985e-05 0.0104316 -0.0189051 3.6125e-05 -8.97425e-05 -0.0189051 0.0912849 
0.00973324 -0.0180195 -1.10642e-07 2.16123e-05 -0.0180195 0.0890153 1.94081e-05 -5.195e-05 -1.10642e-07 1.94081e-05 0.0104363 -0.0188775 2.16123e-05 -5.195e-05 -0.0188775 0.0911906 
0.00970102 -0.0180271 1.7554e-05 -3.58774e-06 -0.0180271 0.0890532 -4.02798e-06 -8.04875e-06 1.7554e-05 -4.02798e-06 0.0104741 -0.0188821 -3.58774e-06 -8.04875e-06 -0.0188821 0.0911605 
0.00967898 -0.0179825 2.33673e-05 -3.62001e-05 -0.0179825 0.0889911 -3.51692e-05 7.42537e-05 2.33673e-05 -3.51692e-05 0.0104985 -0.0189332 -3.62001e-05 7.42537e-05 -0.0189332 0.0912389 
0.00966067 -0.0179502 2.13345e-05 -3.53541e-05 -0.0179502 0.0888971 -3.30134e-05 9.69699e-05 2.13345e-05 -3.30134e-05 0.0105155 -0.0189704 -3.53541e-05 9.69699e-05 -0.0189704 0.0913502 
0.00965587 -0.0179194 1.76749e-05 -2.64873e-05 -0.0179194 0.0888048 -2.45309e-05 8.00183e-05 1.76749e-05 -2.45309e-05 0.0105059 -0.0189924 -2.64873e-05 8.00183e-05 -0.0189924 0.0914246 
0.00965727 -0.017924 7.98386e-06 -1.18889e-05 -0.017924 0.0887892 -1.01243e-05 3.97018e-05 7.98386e-06 -1.01243e-05 0.0104946 -0.0189755 -1.18889e-05 3.97018e-05 -0.0189755 0.0914227 
0.00964761 -0.0179248 1.80073e-05 -1.12337e-05 -0.0179248 0.0887879 -7.93439e-06 3.03313e-05 1.80073e-05 -7.93439e-06 0.0104814 -0.0189528 -1.12337e-05 3.03313e-05 -0.0189528 0.091365 
0.0096487 -0.0178958 1.43635e-05 -2.64562e-05 -0.0178958 0.0887231 -2.34559e-05 5.42011e-05 1.43635e-05 -2.34559e-05 0.010451 -0.0189461 -2.64562e-05 5.42011e-05 -0.0189461 0.091341 
0.00965162 -0.0179128 1.4896e-05 -2.38063e-05 -0.0179128 0.0887346 -2.38718e-05 6.91916e-05 1.4896e-05 -2.38718e-05 0.010412 -0.0188897 -2.38063e-05 6.91916e-05 -0.0188897 0.0912251 
0.00963529 -0.0178979 6.02308e-06 -1.35925e-05 -0.0178979 0.0887036 -1.7175e-05 5.00039e-05 6.02308e-06 -1.7175e-05 0.0104029 -0.0188584 -1.35925e-05 5.00039e-05 -0.0188584 0.0911463 
0.00964621 -0.0179086 1.83018e-05 -6.31481e-06 -0.0179086 0.0887406 -9.16051e-06 3.5016e-05 1.83018e-05 -9.16051e-06 0.0103962 -0.0188215 -6.31481e-06 3.5016e-05 -0.0188215 0.0910326 
0.00965943 -0.0179045 2.96059e-05 -1.96124e-05 -0.0179045 0.0887274 -1.86751e-05 3.988e-05 2.96059e-05 -1.86751e-05 0.0104041 -0.0188311 -1.96124e-05 3.988e-05 -0.0188311 0.0910275 
0.00966907 -0.0179399 3.01797e-05 -2.65306e-05 -0.0179399 0.0887985 -2.43141e-05 4.85458e-05 3.01797e-05 -2.43141e-05 0.0104262 -0.0188347 -2.65306e-05 4.85458e-05 -0.0188347 0.0910352 
0.00966544 -0.0179321 2.3339e-05 -2.2852e-05 -0.0179321 0.0887945 -2.31165e-05 4.52982e-05 2.3339e-05 -2.31165e-05 0.0104355 -0.0188725 -2.2852e-05 4.52982e-05 -0.0188725 0.0911043 
0.0096484 -0.0179174 1.92067e-05 -3.92561e-05 -0.0179174 0.0887577 -4.19669e-05 9.44502e-05 1.92067e-05 -4.19669e-05 0.0104316 -0.0188913 -3.92561e-05 9.44502e-05 -0.0188913 0.0911731 
0.00962705 -0.0178914 1.25227e-05 -2.29012e-05 -0.0178914 0.0886987 -2.65038e-05 7.75992e-05 1.25227e-05 -2.65038e-05 0.0104264 -0.0188893 -2.29012e-05 7.75992e-05 -0.0188893 0.0911964 
0.00962013 -0.0178966 3.65794e-06 -9.94578e-06 -0.0178966 0.0887154 -1.23121e-05 4.09874e-05 3.65794e-06 -1.23121e-05 0.0104117 -0.0188545 -9.94578e-06 4.09874e-05 -0.0188545 0.0911177 
0.00961513 -0.0178662 4.25042e-06 4.40652e-06 -0.0178662 0.0886505 5.14933e-06 -3.97476e-06 4.25042e-06 5.14933e-06 0.0104117 -0.0188493 4.40652e-06 -3.97476e-06 -0.0188493 0.0910883 
0.0096183 -0.0178647 2.34914e-05 -1.61357e-05 -0.0178647 0.0886208 -1.1428e-05 2.70124e-05 2.34914e-05 -1.1428e-05 0.0104153 -0.018837 -1.61357e-05 2.70124e-05 -0.018837 0.0910443 
0.00960758 -0.0178494 4.73101e-05 -4.41429e-05 -0.0178494 0.0885639 -3.97263e-05 9.06987e-05 4.73101e-05 -3.97263e-05 0.0104224 -0.0188502 -4.41429e-05 9.06987e-05 -0.0188502 0.0910531 
0.00962713 -0.0178344 5.95084e-05 -6.43614e-05 -0.0178344 0.0885172 -6.41756e-05 0.000144889 5.95084e-05 -6.41756e-05 0.010393 -0.0188659 -6.43614e-05 0.000144889 -0.0188659 0.0910954 
0.00965449 -0.0178776 7.47209e-05 -5.9681e-05 -0.0178776 0.0885893 -6.16648e-05 0.000142749 7.47209e-05 -6.16648e-05 0.0103611 -0.0188199 -5.9681e-05 0.000142749 -0.0188199 0.0910338 
0.0096537 -0.0179009 5.82809e-05 -6.72401e-05 -0.0179009 0.08865 -6.74819e-05 0.000139094 5.82809e-05 -6.74819e-05 0.0103355 -0.0187804 -6.72401e-05 0.000139094 -0.0187804 0.090933 
0.00965709 -0.0179054 4.0449e-05 -6.9661e-05 -0.0179054 0.0886895 -6.83745e-05 0.00016375 4.0449e-05 -6.83745e-05 0.0103066 -0.018742 -6.9661e-05 0.00016375 -0.018742 0.0908264 
0.00963514 -0.0178948 4.19555e-05 -6.28623e-05 -0.0178948 0.0886663 -6.56212e-05 0.000182065 4.19555e-05 -6.56212e-05 0.0103057 -0.0187144 -6.28623e-05 0.000182065 -0.0187144 0.0907511 
0.00961889 -0.0178632 3.97731e-05 -5.1068e-05 -0.0178632 0.0886027 -5.84845e-05 0.000157886 3.97731e-05 -5.84845e-05 0.0103052 -0.018715 -5.1068e-05 0.000157886 -0.018715 0.090725 
0.00961858 -0.0178562 2.96273e-05 -4.53406e-05 -0.0178562 0.0885741 -5.53764e-05 0.000137915 2.96273e-05 -5.53764e-05 0.0103061 -0.018704 -4.53406e-05 0.000137915 -0.018704 0.0906968 
0.00962704 -0.0178536 3.40758e-05 -4.35879e-05 -0.0178536 0.0885573 -5.01204e-05 0.000135187 3.40758e-05 -5.01204e-05 0.0103262 -0.0187118 -4.35879e-05 0.000135187 -0.0187118 0.0907102 
0.00961516 -0.0178462 3.93739e-05 -4.32069e-05 -0.0178462 0.0885159 -4.65257e-05 0.000122285 3.93739e-05 -4.65257e-05 0.0103379 -0.0187389 -4.32069e-05 0.000122285 -0.0187389 0.0907518 
0.00959896 -0.0178389 4.24887e-05 -5.96163e-05 -0.0178389 0.0884992 -6.19649e-05 0.000153792 4.24887e-05 -6.19649e-05 0.0103486 -0.0187524 -5.96163e-05 0.000153792 -0.0187524 0.090794 
0.00960524 -0.0178279 3.99191e-05 -5.43716e-05 -0.0178279 0.0884862 -5.54471e-05 0.0001478 3.99191e-05 -5.54471e-05 0.0103397 -0.0187594 -5.43716e-05 0.0001478 -0.0187594 0.0908141 
0.00961414 -0.0178246 5.28433e-05 -4.70214e-05 -0.0178246 0.0884601 -4.46427e-05 0.000122613 5.28433e-05 -4.46427e-05 0.0103206 -0.0187523 -4.70214e-05 0.000122613 -0.0187523 0.0908118 
0.00962822 -0.0178401 2.57829e-05 -5.25864e-05 -0.0178401 0.0884792 -4.91499e-05 0.000107891 2.57829e-05 -4.91499e-05 0.0102747 -0.0187118 -5.25864e-05 0.000107891 -0.0187118 0.0907194 
0.00963484 -0.0178594 3.30429e-05 -4.10885e-05 -0.0178594 0.0885241 -3.77999e-05 0.000113151 3.30429e-05 -3.77999e-05 0.0102375 -0.0186562 -4.10885e-05 0.000113151 -0.0186562 0.0905974 
0.00964252 -0.0178647 4.48386e-05 -5.70186e-05 -0.0178647 0.0885502 -5.18565e-05 0.000136018 4.48386e-05 -5.18565e-05 0.0102231 -0.018617 -5.70186e-05 0.000136018 -0.018617 0.0904984 
0.00964732 -0.0178753 3.39103e-05 -5.98674e-05 -0.0178753 0.0885734 -5.24841e-05 0.000140176 3.39103e-05 -5.24841e-05 0.0102207 -0.0185951 -5.98674e-05 0.000140176 -0.0185951 0.090422 
0.00962229 -0.0178496 2.29614e-05 -3.90793e-05 -0.0178496 0.0885073 -3.1696e-05 0.00010375 2.29614e-05 -3.1696e-05 0.0102309 -0.0186126 -3.90793e-05 0.00010375 -0.0186126 0.0904404 
0.00961403 -0.0178472 4.8417e-06 -1.39076e-05 -0.0178472 0.0885091 -8.77351e-06 3.77226e-05 4.8417e-06 -8.77351e-06 0.0102409 -0.0186106 -1.39076e-05 3.77226e-05 -0.0186106 0.0904404 
0.00961675 -0.0178474 7.66329e-07 5.03915e-06 -0.0178474 0.0885207 3.81323e-06 -5.27109e-06 7.66329e-07 3.81323e-06 0.0102402 -0.0186095 5.03915e-06 -5.27109e-06 -0.0186095 0.0904216 
0.00962601 -0.0178292 3.23059e-06 -2.23558e-06 -0.0178292 0.0884711 -8.12294e-06 7.48911e-06 3.23059e-06 -8.12294e-06 0.0102253 -0.0186191 -2.23558e-06 7.48911e-06 -0.0186191 0.0904372 
0.00961611 -0.0178318 3.10028e-05 -1.421e-05 -0.0178318 0.0884478 -2.10225e-05 4.61665e-05 3.10028e-05 -2.10225e-05 0.0102335 -0.0186119 -1.421e-05 4.61665e-05 -0.0186119 0.0904467 
0.00963137 -0.0178539 5.56696e-05 -4.16654e-05 -0.0178539 0.0885158 -4.5806e-05 9.08633e-05 5.56696e-05 -4.5806e-05 0.0102386 -0.018598 -4.16654e-05 9.08633e-05 -0.018598 0.0904028 
0.0096665 -0.0178873 7.7441e-05 -7.82536e-05 -0.0178873 0.0886072 -8.11235e-05 0.000174235 7.7441e-05 -8.11235e-05 0.0102157 -0.0185901 -7.82536e-05 0.000174235 -0.0185901 0.0903576 
0.00966744 -0.0178949 8.89598e-05 -0.000111042 -0.0178949 0.0886166 -0.000113304 0.000264635 8.89598e-05 -0.000113304 0.0102094 -0.0185957 -0.000111042 0.000264635 -0.0185957 0.0903872 
0.00965375 -0.0178843 8.74515e-05 -0.000109504 -0.0178843 0.0885924 -0.000110919 0.000280236 8.74515e-05 -0.000110919 0.0101919 -0.0185924 -0.000109504 0.000280236 -0.0185924 0.0903939 
0.00965087 -0.0178866 7.36403e-05 -0.000103064 -0.0178866 0.0886063 -0.000103165 0.000267288 7.36403e-05 -0.000103165 0.0101748 -0.018553 -0.000103064 0.000267288 -0.018553 0.0903175 
0.00963969 -0.0178853 6.16258e-05 -7.1963e-05 -0.0178853 0.0886129 -7.2575e-05 0.000197347 6.16258e-05 -7.2575e-05 0.0101831 -0.0185261 -7.1963e-05 0.000197347 -0.0185261 0.0902328 
0.00962222 -0.0178286 8.00543e-05 -6.96032e-05 -0.0178286 0.0884768 -7.19867e-05 0.000177879 8.00543e-05 -7.19867e-05 0.0102009 -0.0185724 -6.96032e-05 0.000177879 -0.0185724 0.0903126 
0.00960984 -0.0178321 0.000103061 -0.00010684 -0.0178321 0.0884485 -0.000110382 0.000249748 0.000103061 -0.000110382 0.0102116 -0.0185686 -0.00010684 0.000249748 -0.0185686 0.0903179 
0.00961801 -0.0178415 0.000109475 -0.000145385 -0.0178415 0.0884874 -0.000146696 0.000352984 0.000109475 -0.000146696 0.0102141 -0.0185656 -0.000145385 0.000352984 -0.0185656 0.0902964 
0.00962103 -0.0178384 9.08201e-05 -0.000149416 -0.0178384 0.0884822 -0.000148897 0.000392247 9.08201e-05 -0.000148897 0.0102094 -0.0185764 -0.000149416 0.000392247 -0.0185764 0.0903104 
0.00961763 -0.017839 7.85941e-05 -0.000117887 -0.017839 0.0884779 -0.000116322 0.00034249 7.85941e-05 -0.000116322 0.0102111 -0.0185794 -0.000117887 0.00034249 -0.0185794 0.0903361 
0.0096204 -0.0178232 6.74142e-05 -8.1602e-05 -0.0178232 0.0884386 -8.08676e-05 0.000237674 6.74142e-05 -8.08676e-05 0.010203 -0.0185946 -8.1602e-05 0.000237674 -0.0185946 0.0903848 
0.00963284 -0.0178308 6.99967e-05 -8.06411e-05 -0.0178308 0.0884394 -7.80405e-05 0.000202974 6.99967e-05 -7.80405e-05 0.0101889 -0.0185807 -8.06411e-05 0.000202974 -0.0185807 0.0903798 
0.00964599 -0.0178551 8.46964e-05 -9.29364e-05 -0.0178551 0.0884901 -8.94434e-05 0.000220706 8.46964e-05 -8.94434e-05 0.0101724 -0.0185505 -9.29364e-05 0.000220706 -0.0185505 0.0903098 
0.00965191 -0.0178934 6.69992e-05 -8.04913e-05 -0.0178934 0.0885972 -8.23057e-05 0.000183212 6.69992e-05 -8.23057e-05 0.0101711 -0.0185102 -8.04913e-05 0.000183212 -0.0185102 0.0901936 
0.00963416 -0.0178913 6.39699e-05 -7.63405e-05 -0.0178913 0.0886269 -8.11954e-05 0.00018718 6.39699e-05 -8.11954e-05 0.0102063 -0.018522 -7.63405e-05 0.00018718 -0.018522 0.0901828 
0.00962163 -0.0178622 7.96031e-05 -8.4624e-05 -0.0178622 0.0885783 -9.0168e-05 0.00021515 7.96031e-05 -9.0168e-05 0.0102492 -0.0185798 -8.4624e-05 0.00021515 -0.0185798 0.0902959 
0.00961535 -0.0178304 8.0155e-05 -9.52877e-05 -0.0178304 0.0884841 -9.9994e-05 0.000231687 8.0155e-05 -9.9994e-05 0.0102762 -0.0186457 -9.52877e-05 0.000231687 -0.0186457 0.0904636 
0.00961143 -0.0178467 9.69281e-05 -9.84775e-05 -0.0178467 0.0885007 -0.000102166 0.00024679 9.69281e-05 -0.000102166 0.0103063 -0.0186663 -9.84775e-05 0.00024679 -0.0186663 0.090551 
0.00960574 -0.0178423 0.00012251 -0.000130579 -0.0178423 0.0885051 -0.000135061 0.000313547 0.00012251 -0.000135061 0.0103269 -0.0187029 -0.000130579 0.000313547 -0.0187029 0.0906344 
0.00960836 -0.0178178 0.000127661 -0.000160157 -0.0178178 0.0884485 -0.000164994 0.000387557 0.000127661 -0.000164994 0.0103251 -0.0187482 -0.000160157 0.000387557 -0.0187482 0.090763 
0.00964903 -0.017861 0.00011073 -0.000158793 -0.017861 0.0885374 -0.000162279 0.000403858 0.00011073 -0.000162279 0.0102905 -0.0187186 -0.000158793 0.000403858 -0.0187186 0.0907417 
0.00965563 -0.0178993 9.69476e-05 -0.000137767 -0.0178993 0.08863 -0.000139189 0.00037192 9.69476e-05 -0.000139189 0.0102947 -0.0186927 -0.000137767 0.00037192 -0.0186927 0.0907016 
0.00964883 -0.0178949 0.000106691 -0.000120937 -0.0178949 0.088651 -0.000117585 0.000320741 0.000106691 -0.000117585 0.0103114 -0.0187091 -0.000120937 0.000320741 -0.0187091 0.0907187 
0.0096688 -0.0179026 0.000126694 -0.000135837 -0.0179026 0.0886831 -0.000130718 0.00032201 0.000126694 -0.000130718 0.0103123 -0.0187177 -0.000135837 0.00032201 -0.0187177 0.0907316 
0.00967004 -0.0179198 0.000148649 -0.000167787 -0.0179198 0.0887085 -0.000164896 0.000387515 0.000148649 -0.000164896 0.0102961 -0.0187133 -0.000167787 0.000387515 -0.0187133 0.0907175 
0.00965796 -0.0179178 0.000141535 -0.000186212 -0.0179178 0.0887161 -0.000187141 0.000441026 0.000141535 -0.000187141 0.0102926 -0.0186992 -0.000186212 0.000441026 -0.0186992 0.0906969 
0.00964279 -0.0178834 0.000100347 -0.000154574 -0.0178834 0.0886384 -0.00015869 0.000393037 0.000100347 -0.00015869 0.0102994 -0.0187083 -0.000154574 0.000393037 -0.0187083 0.0907164 
0.00962522 -0.0178649 8.6186e-05 -0.000119607 -0.0178649 0.0885708 -0.000124158 0.000329849 8.6186e-05 -0.000124158 0.0103136 -0.0187097 -0.000119607 0.000329849 -0.0187097 0.0907196 
0.00962044 -0.0178336 6.55092e-05 -0.000102876 -0.0178336 0.0884878 -0.00010164 0.00026844 6.55092e-05 -0.00010164 0.0103164 -0.0187384 -0.000102876 0.00026844 -0.0187384 0.0907772 
0.00965009 -0.0178691 5.77916e-05 -8.11833e-05 -0.0178691 0.0885571 -7.4122e-05 0.00020915 5.77916e-05 -7.4122e-05 0.0103038 -0.0187142 -8.11833e-05 0.00020915 -0.0187142 0.0907402 
0.0096621 -0.0179034 4.74505e-05 -7.29302e-05 -0.0179034 0.0886436 -6.52945e-05 0.000172505 4.74505e-05 -6.52945e-05 0.0102955 -0.0187014 -7.29302e-05 0.000172505 -0.0187014 0.0907006 
0.00967341 -0.0179059 6.46905e-05 -7.32599e-05 -0.0179059 0.0886737 -6.934e-05 0.00018167 6.46905e-05 -6.934e-05 0.0102822 -0.0187058 -7.32599e-05 0.00018167 -0.0187058 0.0907092 
0.00965646 -0.0179096 7.53019e-05 -0.000104534 -0.0179096 0.0886745 -0.000104763 0.00025322 7.53019e-05 -0.000104763 0.010291 -0.0186925 -0.000104534 0.00025322 -0.0186925 0.0906947 
0.00965699 -0.017921 7.78106e-05 -0.000103698 -0.017921 0.0887327 -0.000105178 0.000273614 7.78106e-05 -0.000105178 0.0102991 -0.0186772 -0.000103698 0.000273614 -0.0186772 0.0906336 
0.00964937 -0.0178912 7.4492e-05 -9.83678e-05 -0.0178912 0.0886694 -9.5613e-05 0.000255836 7.4492e-05 -9.5613e-05 0.0102901 -0.0187014 -9.83678e-05 0.000255836 -0.0187014 0.0906562 
0.0096384 -0.0178607 7.2173e-05 -9.09973e-05 -0.0178607 0.0885705 -8.51309e-05 0.0002302 7.2173e-05 -8.51309e-05 0.0102787 -0.0187085 -9.09973e-05 0.0002302 -0.0187085 0.0907019 
0.00965219 -0.0178716 9.92523e-05 -8.96486e-05 -0.0178716 0.0885767 -8.38515e-05 0.000218051 9.92523e-05 -8.38515e-05 0.0102751 -0.0186807 -8.96486e-05 0.000218051 -0.0186807 0.0906641 
0.00965567 -0.0179052 0.000125915 -0.000133962 -0.0179052 0.0886531 -0.000129628 0.000296904 0.000125915 -0.000129628 0.0102795 -0.0186575 -0.000133962 0.000296904 -0.0186575 0.0905848 
0.00966304 -0.0179211 0.000136118 -0.000151552 -0.0179211 0.088726 -0.000150858 0.000352894 0.000136118 -0.000150858 0.0102723 -0.0186554 -0.000151552 0.000352894 -0.0186554 0.090542 
0.00967862 -0.0179263 0.000144855 -0.000180722 -0.0179263 0.0887602 -0.000180993 0.000439244 0.000144855 -0.000180993 0.0102823 -0.0186628 -0.000180722 0.000439244 -0.0186628 0.0905651 
0.00969148 -0.0179452 0.000127095 -0.000182023 -0.0179452 0.0888002 -0.000182506 0.000463956 0.000127095 -0.000182506 0.0102916 -0.0186755 -0.000182023 0.000463956 -0.0186755 0.0905935 
0.0096826 -0.0179601 0.000112832 -0.000147599 -0.0179601 0.0888408 -0.000150565 0.000404338 0.000112832 -0.000150565 0.0103287 -0.0186953 -0.000147599 0.000404338 -0.0186953 0.0906471 
0.00967456 -0.0179406 0.000106953 -0.00013318 -0.0179406 0.0888153 -0.000137567 0.000360008 0.000106953 -0.000137567 0.0103563 -0.0187482 -0.00013318 0.000360008 -0.0187482 0.090758 
0.00968594 -0.0179477 0.0001266 -0.000148723 -0.0179477 0.0888321 -0.000149736 0.000388111 0.0001266 -0.000149736 0.0103846 -0.018784 -0.000148723 0.000388111 -0.018784 0.0908735 
0.00968569 -0.0179477 0.000119824 -0.000154934 -0.0179477 0.0888228 -0.000152002 0.000385257 0.000119824 -0.000152002 0.0104 -0.0188262 -0.000154934 0.000385257 -0.0188262 0.090984 
0.00967293 -0.0179581 0.000120461 -0.000141946 -0.0179581 0.0888493 -0.00013789 0.000359688 0.000120461 -0.00013789 0.0104026 -0.0188331 -0.000141946 0.000359688 -0.0188331 0.0910208 
0.00968762 -0.0179605 0.0001148 -0.000141521 -0.0179605 0.0888903 -0.000139657 0.000348071 0.0001148 -0.000139657 0.0103999 -0.0188341 -0.000141521 0.000348071 -0.0188341 0.0910361 
0.0097033 -0.017978 0.000115587 -0.000135153 -0.017978 0.0889298 -0.000137313 0.000339755 0.000115587 -0.000137313 0.0104113 -0.0188347 -0.000135153 0.000339755 -0.0188347 0.0910472 
0.00972333 -0.0179986 0.000138256 -0.000148484 -0.0179986 0.0889804 -0.00015308 0.000373831 0.000138256 -0.00015308 0.010418 -0.018847 -0.000148484 0.000373831 -0.018847 0.0910653 
0.00972522 -0.0180057 0.000138775 -0.00016322 -0.0180057 0.0889923 -0.000166034 0.000395243 0.000138775 -0.000166034 0.0104254 -0.0188711 -0.00016322 0.000395243 -0.0188711 0.0911277 
