0.00748257 0 -0.000466278 0 0 0.01 0 0 -0.000466278 0 0.00717846 0 0 0 0 0.01 
0.0105276 -0.0130719 -0.000557224 0.000686342 -0.0130719 0.0342385 0.000686342 -0.00131606 -0.000557224 0.000686342 0.0101454 -0.0126016 0.000686342 -0.00131606 -0.0126016 0.0333371 
0.0105284 -0.0197209 -0.000427018 0.000708074 -0.0197209 0.072222 0.000708074 -0.0022546 -0.000427018 0.000708074 0.0102731 -0.0191759 0.000708074 -0.0022546 -0.0191759 0.0704883 
0.00990305 -0.0192868 -0.000391215 0.000517927 -0.0192868 0.0861611 0.000513628 -0.001781 -0.000391215 0.000513628 0.00975624 -0.0189532 0.000517927 -0.001781 -0.0189532 0.084812 
0.00989823 -0.0184916 -0.000420644 0.000489576 -0.0184916 0.0889042 0.000484731 -0.00130322 -0.000420644 0.000484731 0.00973128 -0.0183288 0.000489576 -0.00130322 -0.0183288 0.0882186 
0.010069 -0.0184368 -0.000467288 0.000539389 -0.0184368 0.0897063 0.000537743 -0.00124881 -0.000467288 0.000537743 0.00987636 -0.0181814 0.000539389 -0.00124881 -0.0181814 0.0890527 
0.0101574 -0.0185223 -0.000500208 0.000617116 -0.0185223 0.0901403 0.000618752 -0.00143917 -0.000500208 0.000618752 0.00997793 -0.0182783 0.000617116 -0.00143917 -0.0182783 0.0895175 
0.0101603 -0.0185527 -0.00050315 0.000632479 -0.0185527 0.0903095 0.0006323 -0.00154916 -0.00050315 0.0006323 0.0100479 -0.018356 0.000632479 -0.00154916 -0.018356 0.0898039 
0.0101633 -0.0185535 -0.00049963 0.000630063 -0.0185535 0.0903468 0.000626466 -0.00158272 -0.00049963 0.000626466 0.010069 -0.018377 0.000630063 -0.00158272 -0.018377 0.0898586 
0.0101519 -0.0185485 -0.000477796 0.0006048 -0.0185485 0.09032 0.000600176 -0.00152904 -0.000477796 0.000600176 0.0100905 -0.0183975 0.0006048 -0.00152904 -0.0183975 0.0898854 
0.0101464 -0.0185321 -0.000448223 0.000571599 -0.0185321 0.0902805 0.000567984 -0.00144339 -0.000448223 0.000567984 0.0101055 -0.0184434 0.000571599 -0.00144339 -0.0184434 0.0899852 
0.010139 -0.0185151 -0.000421612 0.000544969 -0.0185151 0.090233 0.0005431 -0.00137278 -0.000421612 0.0005431 0.0101138 -0.0184869 0.000544969 -0.00137278 -0.0184869 0.0901232 
0.0101248 -0.0185207 -0.000403234 0.000506732 -0.0185207 0.0902467 0.000506893 -0.00128209 -0.000403234 0.000506893 0.0101304 -0.0185007 0.000506732 -0.00128209 -0.0185007 0.0902061 
0.0101187 -0.018484 -0.000387356 0.000486252 -0.018484 0.0901784 0.000485883 -0.00121382 -0.000387356 0.000485883 0.0101415 -0.018548 0.000486252 -0.00121382 -0.018548 0.090342 
0.0100971 -0.0184941 -0.000391797 0.000469734 -0.0184941 0.090179 0.000468016 -0.00116535 -0.000391797 0.000468016 0.0101372 -0.0185331 0.000469734 -0.00116535 -0.0185331 0.0903421 
0.0101077 -0.0184907 -0.000427387 0.000496487 -0.0184907 0.0902083 0.000495244 -0.00121185 -0.000427387 0.000495244 0.0100889 -0.018498 0.000496487 -0.00121185 -0.018498 0.0902494 
0.0101128 -0.0184805 -0.000441872 0.000534314 -0.0184805 0.0901754 0.000534276 -0.00129016 -0.000441872 0.000534276 0.0100596 -0.0184608 0.000534314 -0.00129016 -0.0184608 0.0901805 
0.010123 -0.0184751 -0.000434135 0.000542757 -0.0184751 0.0901472 0.000543847 -0.00133374 -0.000434135 0.000543847 0.0100492 -0.0184405 0.000542757 -0.00133374 -0.0184405 0.0901335 
0.0101305 -0.0184741 -0.000428658 0.000531987 -0.0184741 0.0901193 0.000533303 -0.00132968 -0.000428658 0.000533303 0.0100376 -0.0184348 0.000531987 -0.00132968 -0.0184348 0.0901116 
0.0101547 -0.0184982 -0.000418803 0.000528868 -0.0184982 0.0901648 0.000528971 -0.00132046 -0.000418803 0.000528971 0.0100045 -0.0184041 0.000528868 -0.00132046 -0.0184041 0.0900388 
0.0101631 -0.0185413 -0.000433423 0.00052782 -0.0185413 0.0902718 0.000528317 -0.00133001 -0.000433423 0.000528317 0.00999507 -0.0183557 0.00052782 -0.00133001 -0.0183557 0.0899266 
0.010168 -0.018556 -0.000449113 0.00053319 -0.018556 0.0903482 0.000535607 -0.00132967 -0.000449113 0.000535607 0.00999973 -0.0183433 0.00053319 -0.00132967 -0.0183433 0.0898576 
0.0101847 -0.0185726 -0.000447493 0.000549593 -0.0185726 0.090414 0.000551418 -0.00135674 -0.000447493 0.000551418 0.00999753 -0.0183459 0.000549593 -0.00135674 -0.0183459 0.0898379 
0.0101743 -0.0185892 -0.000429986 0.000559241 -0.0185892 0.0904504 0.000560642 -0.00139666 -0.000429986 0.000560642 0.00999049 -0.0183285 0.000559241 -0.00139666 -0.0183285 0.0897874 
0.010151 -0.0185748 -0.000398143 0.000517962 -0.0185748 0.0904471 0.00051954 -0.0013224 -0.000398143 0.00051954 0.0100101 -0.0183359 0.000517962 -0.0013224 -0.0183359 0.0897999 
0.010126 -0.0185645 -0.000395689 0.000485938 -0.0185645 0.0904415 0.000487468 -0.00124264 -0.000395689 0.000487468 0.0100235 -0.0183322 0.000485938 -0.00124264 -0.0183322 0.0897691 
0.0101052 -0.0184916 -0.000410105 0.000484863 -0.0184916 0.0902787 0.000484194 -0.00120676 -0.000410105 0.000484194 0.0100353 -0.0183888 0.000484863 -0.00120676 -0.0183888 0.0898901 
0.0101301 -0.0184649 -0.000429936 0.000518004 -0.0184649 0.0901645 0.000513373 -0.00126253 -0.000429936 0.000513373 0.0100096 -0.0184079 0.000518004 -0.00126253 -0.0184079 0.0899817 
0.0101624 -0.0185096 -0.000421682 0.000526212 -0.0185096 0.0902097 0.000521257 -0.00128566 -0.000421682 0.000521257 0.0099838 -0.0183673 0.000526212 -0.00128566 -0.0183673 0.0899423 
0.0101606 -0.0185479 -0.000391953 0.000504806 -0.0185479 0.0902946 0.000503717 -0.0012494 -0.000391953 0.000503717 0.00996395 -0.0183257 0.000504806 -0.0012494 -0.0183257 0.089834 
0.0101668 -0.0185581 -0.000367127 0.000466084 -0.0185581 0.0903628 0.000469295 -0.00117707 -0.000367127 0.000469295 0.00995275 -0.0182917 0.000466084 -0.00117707 -0.0182917 0.0897296 
0.0101478 -0.0185579 -0.000355659 0.000455032 -0.0185579 0.0903731 0.000458401 -0.00114733 -0.000355659 0.000458401 0.00995182 -0.0182732 0.000455032 -0.00114733 -0.0182732 0.0896516 
0.0101392 -0.0185405 -0.000352204 0.000444536 -0.0185405 0.0903552 0.00044561 -0.0011225 -0.000352204 0.00044561 0.00994152 -0.0182645 0.000444536 -0.0011225 -0.0182645 0.0896016 
0.0101408 -0.0185238 -0.00036141 0.000438092 -0.0185238 0.0903107 0.000437786 -0.00109848 -0.00036141 0.000437786 0.00993296 -0.0182615 0.000438092 -0.00109848 -0.0182615 0.0895965 
0.0101401 -0.0185031 -0.000362066 0.000430532 -0.0185031 0.0902332 0.000430483 -0.00106091 -0.000362066 0.000430483 0.00992128 -0.0182714 0.000430532 -0.00106091 -0.0182714 0.0896325 
0.0101492 -0.0185086 -0.000357093 0.000447385 -0.0185086 0.0902191 0.00044863 -0.00109369 -0.000357093 0.00044863 0.00990909 -0.0182497 0.000447385 -0.00109369 -0.0182497 0.0896071 
0.0101023 -0.0185067 -0.000372818 0.000448215 -0.0185067 0.0901964 0.000450604 -0.001119 -0.000372818 0.000450604 0.00993594 -0.0182339 0.000448215 -0.001119 -0.0182339 0.0895643 
0.0100696 -0.0184471 -0.000397331 0.000463149 -0.0184471 0.0900943 0.000466444 -0.00114735 -0.000397331 0.000466444 0.00996713 -0.0182727 0.000463149 -0.00114735 -0.0182727 0.0896169 
0.0100693 -0.0184114 -0.000412873 0.000496368 -0.0184114 0.0899916 0.000501162 -0.00121944 -0.000412873 0.000501162 0.00996502 -0.0183012 0.000496368 -0.00121944 -0.0183012 0.0896781 
0.0100874 -0.0184256 -0.000414184 0.000522454 -0.0184256 0.0899921 0.000525778 -0.00129959 -0.000414184 0.000525778 0.00995839 -0.0182917 0.000522454 -0.00129959 -0.0182917 0.0896863 
0.0101005 -0.0184413 -0.000384873 0.000507628 -0.0184413 0.0900212 0.000506663 -0.00128547 -0.000384873 0.000506663 0.00998244 -0.0183056 0.000507628 -0.00128547 -0.0183056 0.0897324 
0.0101258 -0.0184749 -0.00034501 0.000469173 -0.0184749 0.0901119 0.000464763 -0.00120792 -0.00034501 0.000464763 0.00999027 -0.0183268 0.000469173 -0.00120792 -0.0183268 0.0897712 
0.0101248 -0.0184996 -0.00034329 0.000436007 -0.0184996 0.0901769 0.000432354 -0.00113775 -0.00034329 0.000432354 0.00999577 -0.0183365 0.000436007 -0.00113775 -0.0183365 0.0898043 
0.0101193 -0.0184976 -0.000352896 0.000425437 -0.0184976 0.0902 0.000423549 -0.00107972 -0.000352896 0.000423549 0.00998084 -0.0183421 0.000425437 -0.00107972 -0.0183421 0.0898206 
0.0101262 -0.0185151 -0.000362059 0.00043317 -0.0185151 0.0902682 0.000430713 -0.00106801 -0.000362059 0.000430713 0.00997827 -0.0183206 0.00043317 -0.00106801 -0.0183206 0.089799 
0.010119 -0.0185014 -0.000375851 0.000456455 -0.0185014 0.0902472 0.000451028 -0.00111267 -0.000375851 0.000451028 0.009987 -0.0183307 0.000456455 -0.00111267 -0.0183307 0.0898116 
0.0101058 -0.0184891 -0.000379165 0.000476791 -0.0184891 0.0902077 0.000472269 -0.00116742 -0.000379165 0.000472269 0.00997323 -0.0183267 0.000476791 -0.00116742 -0.0183267 0.0897915 
0.0100924 -0.0184696 -0.000376906 0.000469315 -0.0184696 0.0901563 0.000469152 -0.00117172 -0.000376906 0.000469152 0.00995823 -0.0183056 0.000469315 -0.00117172 -0.0183056 0.0897424 
0.0100803 -0.0184512 -0.00037841 0.000457901 -0.0184512 0.0901056 0.000462109 -0.00114989 -0.00037841 0.000462109 0.00997271 -0.018294 0.000457901 -0.00114989 -0.018294 0.0897152 
0.0100802 -0.0184246 -0.00039147 0.0004662 -0.0184246 0.0900287 0.000471017 -0.00116062 -0.00039147 0.000471017 0.00998301 -0.0183179 0.0004662 -0.00116062 -0.0183179 0.0897446 
0.0100923 -0.0184426 -0.000402751 0.000494347 -0.0184426 0.0900426 0.00049596 -0.00122072 -0.000402751 0.00049596 0.00998519 -0.0183139 0.000494347 -0.00122072 -0.0183139 0.0897386 
0.0100861 -0.0184451 -0.000413825 0.000517425 -0.0184451 0.0900416 0.000517045 -0.00128951 -0.000413825 0.000517045 0.00998666 -0.0183241 0.000517425 -0.00128951 -0.0183241 0.0897551 
0.0101208 -0.0184486 -0.000390238 0.000511916 -0.0184486 0.0900621 0.000513849 -0.00128964 -0.000390238 0.000513849 0.00995343 -0.0183239 0.000511916 -0.00128964 -0.0183239 0.0897637 
0.0101138 -0.0184826 -0.000377654 0.000471242 -0.0184826 0.0901098 0.000476569 -0.00121622 -0.000377654 0.000476569 0.00994639 -0.0182836 0.000471242 -0.00121622 -0.0182836 0.0896992 
0.0101036 -0.0184754 -0.000369729 0.000447732 -0.0184754 0.0901287 0.000452442 -0.00113411 -0.000369729 0.000452442 0.00994828 -0.018279 0.000447732 -0.00113411 -0.018279 0.0896656 
0.0101005 -0.0184741 -0.000362828 0.000444033 -0.0184741 0.0901388 0.000446463 -0.00110031 -0.000362828 0.000446463 0.00993695 -0.018261 0.000444033 -0.00110031 -0.018261 0.0896044 
0.0100936 -0.0184621 -0.000349923 0.000435265 -0.0184621 0.0901099 0.000437187 -0.00107681 -0.000349923 0.000437187 0.00992856 -0.0182533 0.000435265 -0.00107681 -0.0182533 0.0895785 
0.0100895 -0.0184556 -0.000325176 0.000416199 -0.0184556 0.0900892 0.000419283 -0.00104034 -0.000325176 0.000419283 0.00993784 -0.0182435 0.000416199 -0.00104034 -0.0182435 0.0895585 
0.0100677 -0.0184389 -0.000319521 0.00042039 -0.0184389 0.0900416 0.00042122 -0.00106451 -0.000319521 0.00042122 0.00995534 -0.0182547 0.00042039 -0.00106451 -0.0182547 0.089563 
0.0100724 -0.0184316 -0.000330165 0.000412158 -0.0184316 0.0900386 0.000412825 -0.0010587 -0.000330165 0.000412825 0.00995482 -0.0182693 0.000412158 -0.0010587 -0.0182693 0.0895868 
0.0100718 -0.0184208 -0.000355368 0.000422876 -0.0184208 0.0900019 0.000422407 -0.00106787 -0.000355368 0.000422407 0.00995079 -0.0182832 0.000422876 -0.00106787 -0.0182832 0.0896329 
0.0100688 -0.0184334 -0.000372768 0.000438534 -0.0184334 0.0900239 0.000436989 -0.00108161 -0.000372768 0.000436989 0.00994972 -0.0182666 0.000438534 -0.00108161 -0.0182666 0.0896113 
0.0100807 -0.0184176 -0.00040287 0.00048279 -0.0184176 0.0899994 0.0004787 -0.00118197 -0.00040287 0.0004787 0.00994564 -0.0182767 0.00048279 -0.00118197 -0.0182767 0.0896276 
0.0100709 -0.0184279 -0.000412437 0.000515904 -0.0184279 0.0899951 0.000513367 -0.00127296 -0.000412437 0.000513367 0.00994908 -0.0182732 0.000515904 -0.00127296 -0.0182732 0.0896326 
0.0100768 -0.0184266 -0.000398588 0.000512539 -0.0184266 0.0900122 0.000512198 -0.00128889 -0.000398588 0.000512198 0.00994879 -0.0182756 0.000512539 -0.00128889 -0.0182756 0.0896345 
0.0100901 -0.0184381 -0.000390113 0.000485608 -0.0184381 0.0900422 0.000482508 -0.00123529 -0.000390113 0.000482508 0.00996394 -0.0182816 0.000485608 -0.00123529 -0.0182816 0.0896552 
0.0100758 -0.018469 -0.0003922 0.000484661 -0.018469 0.0901132 0.000479287 -0.00121247 -0.0003922 0.000479287 0.00997478 -0.0182667 0.000484661 -0.00121247 -0.0182667 0.0895949 
0.0100683 -0.0184355 -0.000384389 0.000477792 -0.0184355 0.090081 0.000470274 -0.00118323 -0.000384389 0.000470274 0.0100002 -0.0183154 0.000477792 -0.00118323 -0.0183154 0.0896903 
0.0100817 -0.0184223 -0.000368219 0.000468548 -0.0184223 0.0900338 0.000461395 -0.00115782 -0.000368219 0.000461395 0.0100018 -0.0183511 0.000468548 -0.00115782 -0.0183511 0.0897957 
0.0100988 -0.0184478 -0.000360606 0.000446132 -0.0184478 0.0900652 0.000442286 -0.00111469 -0.000360606 0.000442286 0.00999572 -0.0183463 0.000446132 -0.00111469 -0.0183463 0.0898223 
0.0101257 -0.0184683 -0.000364681 0.000439362 -0.0184683 0.090117 0.000441286 -0.00109392 -0.000364681 0.000441286 0.00997184 -0.0183405 0.000439362 -0.00109392 -0.0183405 0.0898176 
0.0101507 -0.0185081 -0.000377462 0.000462478 -0.0185081 0.090204 0.000468766 -0.00114748 -0.000377462 0.000468766 0.00992904 -0.0182907 0.000462478 -0.00114748 -0.0182907 0.0897135 
0.0101732 -0.0185383 -0.000372497 0.000479418 -0.0185383 0.09029 0.000484136 -0.00119909 -0.000372497 0.000484136 0.00991221 -0.01825 0.000479418 -0.00119909 -0.01825 0.0896224 
0.0101896 -0.0185603 -0.000373499 0.000460276 -0.0185603 0.090341 0.000461133 -0.00116921 -0.000373499 0.000461133 0.00988296 -0.0182237 0.000460276 -0.00116921 -0.0182237 0.0895361 
0.0102012 -0.0185692 -0.000379175 0.000467972 -0.0185692 0.0903604 0.000467528 -0.00116987 -0.000379175 0.000467528 0.00985291 -0.0181942 0.000467972 -0.00116987 -0.0181942 0.0894661 
0.0101703 -0.0185748 -0.000359872 0.000462115 -0.0185748 0.0903594 0.000466301 -0.00115478 -0.000359872 0.000466301 0.00984706 -0.018156 0.000462115 -0.00115478 -0.018156 0.0893756 
0.0101208 -0.0185423 -0.000365261 0.000453727 -0.0185423 0.0903162 0.000458831 -0.00115517 -0.000365261 0.000458831 0.00984921 -0.0181315 0.000453727 -0.00115517 -0.0181315 0.0892781 
0.0100907 -0.0184744 -0.000357369 0.000442583 -0.0184744 0.090186 0.000444893 -0.00111354 -0.000357369 0.000444893 0.00987501 -0.0181519 0.000442583 -0.00111354 -0.0181519 0.0893003 
0.0100698 -0.0184326 -0.000336803 0.000439168 -0.0184326 0.0900599 0.000437318 -0.00109332 -0.000336803 0.000437318 0.00990171 -0.0181849 0.000439168 -0.00109332 -0.0181849 0.0893625 
0.010055 -0.0184179 -0.000310457 0.0004136 -0.0184179 0.089997 0.000410156 -0.00104429 -0.000310457 0.000410156 0.00991839 -0.0182 0.0004136 -0.00104429 -0.0182 0.0893919 
0.0100489 -0.0183998 -0.000306015 0.000388066 -0.0183998 0.0899486 0.000383982 -0.000988572 -0.000306015 0.000383982 0.00991017 -0.0182162 0.000388066 -0.000988572 -0.0182162 0.0894211 
0.0100481 -0.0183893 -0.000320882 0.000395873 -0.0183893 0.0899089 0.000391141 -0.000990872 -0.000320882 0.000391141 0.00989325 -0.0182037 0.000395873 -0.000990872 -0.0182037 0.0894115 
0.0100442 -0.0183868 -0.000330854 0.000405559 -0.0183868 0.0898898 0.000401597 -0.0010041 -0.000330854 0.000401597 0.00988274 -0.0181842 0.000405559 -0.0010041 -0.0181842 0.0893759 
0.0100464 -0.0183904 -0.000324089 0.000403297 -0.0183904 0.0899014 0.000401274 -0.00099851 -0.000324089 0.000401274 0.00988479 -0.018171 0.000403297 -0.00099851 -0.018171 0.0893418 
0.0100526 -0.0183928 -0.000306026 0.000391271 -0.0183928 0.0899099 0.000392569 -0.000976671 -0.000306026 0.000392569 0.00987871 -0.0181753 0.000391271 -0.000976671 -0.0181753 0.0893375 
0.0100558 -0.0183862 -0.000307859 0.000372379 -0.0183862 0.0898883 0.000376519 -0.000945062 -0.000307859 0.000376519 0.00987184 -0.0181806 0.000372379 -0.000945062 -0.0181806 0.0893618 
0.0100304 -0.0183844 -0.000295855 0.000384379 -0.0183844 0.0898644 0.000390191 -0.000959121 -0.000295855 0.000390191 0.00986312 -0.0181603 0.000384379 -0.000959121 -0.0181603 0.0893216 
0.00999104 -0.0183413 -0.000289831 0.000371944 -0.0183413 0.0897789 0.000375861 -0.000948649 -0.000289831 0.000375861 0.0098748 -0.018158 0.000371944 -0.000948649 -0.018158 0.0893087 
0.00996903 -0.0182899 -0.000290521 0.000369453 -0.0182899 0.089655 0.000370108 -0.000938352 -0.000290521 0.000370108 0.00987904 -0.0181672 0.000369453 -0.000938352 -0.0181672 0.0893121 
0.00996123 -0.0182578 -0.000292522 0.000362843 -0.0182578 0.089547 0.000360859 -0.000914733 -0.000292522 0.000360859 0.00988284 -0.018177 0.000362843 -0.000914733 -0.018177 0.0893365 
0.00994914 -0.0182392 -0.000283285 0.000360605 -0.0182392 0.0894629 0.000358605 -0.000896729 -0.000283285 0.000358605 0.00989165 -0.0181862 0.000360605 -0.000896729 -0.0181862 0.0893662 
0.00996292 -0.0182423 -0.000272864 0.000348807 -0.0182423 0.0894625 0.000346839 -0.000874451 -0.000272864 0.000346839 0.00989153 -0.0181863 0.000348807 -0.000874451 -0.0181863 0.0893679 
0.00996457 -0.0182677 -0.000270913 0.000343563 -0.0182677 0.089514 0.0003439 -0.000867665 -0.000270913 0.0003439 0.00988365 -0.018174 0.000343563 -0.000867665 -0.018174 0.0893324 
0.00996794 -0.0182748 -0.000272661 0.000339627 -0.0182748 0.0895583 0.000344845 -0.000865308 -0.000272661 0.000344845 0.00988162 -0.0181687 0.000339627 -0.000865308 -0.0181687 0.0893177 
0.00997066 -0.0182842 -0.000267788 0.000342015 -0.0182842 0.0895953 0.000351857 -0.000874494 -0.000267788 0.000351857 0.00987801 -0.0181576 0.000342015 -0.000874494 -0.0181576 0.0892839 
0.00999313 -0.0182939 -0.000279431 0.000339402 -0.0182939 0.0896312 0.000347228 -0.000876109 -0.000279431 0.000347228 0.00984715 -0.018144 0.000339402 -0.000876109 -0.018144 0.0892378 
0.0100282 -0.0183109 -0.000296557 0.00036106 -0.0183109 0.0896608 0.000361486 -0.000906864 -0.000296557 0.000361486 0.0098066 -0.0181161 0.00036106 -0.000906864 -0.0181161 0.089187 
0.0100359 -0.0183402 -0.000305393 0.000382352 -0.0183402 0.0897001 0.00037918 -0.000949645 -0.000305393 0.00037918 0.00977848 -0.0180674 0.000382352 -0.000949645 -0.0180674 0.0890846 
0.0100258 -0.0183573 -0.000313337 0.000391516 -0.0183573 0.0897579 0.000391035 -0.00098258 -0.000313337 0.000391035 0.00976947 -0.018026 0.000391516 -0.00098258 -0.018026 0.0889683 
0.0100145 -0.0183553 -0.000299702 0.000390267 -0.0183553 0.0897863 0.000392709 -0.000984106 -0.000299702 0.000392709 0.00976507 -0.0180045 0.000390267 -0.000984106 -0.0180045 0.088881 
0.0100011 -0.0183409 -0.000281114 0.000366157 -0.0183409 0.089768 0.000368588 -0.000940351 -0.000281114 0.000368588 0.00976212 -0.0179936 0.000366157 -0.000940351 -0.0179936 0.0888272 
0.0100045 -0.0183224 -0.000281537 0.000346021 -0.0183224 0.0897271 0.000347601 -0.000889977 -0.000281537 0.000347601 0.00975397 -0.0179933 0.000346021 -0.000889977 -0.0179933 0.0888156 
0.00999545 -0.018318 -0.000286701 0.000345533 -0.018318 0.0896983 0.000349938 -0.000873615 -0.000286701 0.000349938 0.00978402 -0.0180005 0.000345533 -0.000873615 -0.0180005 0.0888462 
0.00998383 -0.0182806 -0.000268823 0.000358382 -0.0182806 0.0896002 0.000363418 -0.00090035 -0.000268823 0.000363418 0.00981611 -0.0180625 0.000358382 -0.00090035 -0.0180625 0.0889785 
0.00995383 -0.018267 -0.000240619 0.000327604 -0.018267 0.0895354 0.000329961 -0.000852624 -0.000240619 0.000329961 0.00985014 -0.0181017 0.000327604 -0.000852624 -0.0181017 0.089099 
0.00994748 -0.0182502 -0.00023422 0.000310465 -0.0182502 0.089508 0.000308741 -0.000814891 -0.00023422 0.000308741 0.00985351 -0.0181268 0.000310465 -0.000814891 -0.0181268 0.0891701 
0.00997215 -0.0182539 -0.000220088 0.000286336 -0.0182539 0.089512 0.000281818 -0.000737781 -0.000220088 0.000281818 0.00981589 -0.0181141 0.000286336 -0.000737781 -0.0181141 0.0891576 
0.00998671 -0.0182869 -0.00021921 0.000274291 -0.0182869 0.0895748 0.000269486 -0.000694367 -0.00021921 0.000269486 0.00979571 -0.0180715 0.000274291 -0.000694367 -0.0180715 0.0890891 
0.0100049 -0.0182916 -0.000233006 0.000275473 -0.0182916 0.0896001 0.000270836 -0.000682706 -0.000233006 0.000270836 0.00977391 -0.0180584 0.000275473 -0.000682706 -0.0180584 0.0890459 
0.0100249 -0.0183081 -0.000246548 0.000301455 -0.0183081 0.0896331 0.000299155 -0.000734525 -0.000246548 0.000299155 0.00977418 -0.0180441 0.000301455 -0.000734525 -0.0180441 0.0890211 
0.0100494 -0.0183392 -0.000269802 0.000323831 -0.0183392 0.0896984 0.000323563 -0.000805416 -0.000269802 0.000323563 0.00976501 -0.0180352 0.000323831 -0.000805416 -0.0180352 0.0889866 
0.0100497 -0.0183813 -0.000273349 0.000344766 -0.0183813 0.0898011 0.000343141 -0.000854222 -0.000273349 0.000343141 0.00977735 -0.018013 0.000344766 -0.000854222 -0.018013 0.0889316 
0.0100622 -0.0183764 -0.000281542 0.000349439 -0.0183764 0.0898314 0.000348717 -0.000884154 -0.000281542 0.000348717 0.00979378 -0.0180447 0.000349439 -0.000884154 -0.0180447 0.0889798 
0.0100638 -0.0183809 -0.000294096 0.000355709 -0.0183809 0.0898257 0.000358119 -0.000901263 -0.000294096 0.000358119 0.00979952 -0.0180732 0.000355709 -0.000901263 -0.0180732 0.0890579 
0.0100748 -0.0184063 -0.000294557 0.000367129 -0.0184063 0.0898929 0.000370093 -0.000922161 -0.000294557 0.000370093 0.00979026 -0.0180639 0.000367129 -0.000922161 -0.0180639 0.0890592 
0.0100905 -0.0184254 -0.000289947 0.000378353 -0.0184254 0.0899573 0.000378644 -0.000958757 -0.000289947 0.000378644 0.00976675 -0.0180417 0.000378353 -0.000958757 -0.0180417 0.0890058 
0.0100759 -0.0184441 -0.000279442 0.000361899 -0.0184441 0.0900075 0.000359878 -0.000928575 -0.000279442 0.000359878 0.00975923 -0.0180071 0.000361899 -0.000928575 -0.0180071 0.0889202 
0.0100272 -0.0184192 -0.000264673 0.000341825 -0.0184192 0.089979 0.00034127 -0.000872939 -0.000264673 0.00034127 0.00978368 -0.0179971 0.000341825 -0.000872939 -0.0179971 0.0888665 
0.00997495 -0.018322 -0.000247478 0.000318243 -0.018322 0.0897654 0.000321162 -0.000814096 -0.000247478 0.000321162 0.00981296 -0.0180607 0.000318243 -0.000814096 -0.0180607 0.0889856 
0.00994451 -0.0182646 -0.000248684 0.000294567 -0.0182646 0.0895871 0.000297278 -0.000751796 -0.000248684 0.000297278 0.00982718 -0.018084 0.000294567 -0.000751796 -0.018084 0.0890659 
0.00994127 -0.0182413 -0.000253278 0.000303843 -0.0182413 0.0894985 0.000305167 -0.000748057 -0.000253278 0.000305167 0.00982549 -0.0180792 0.000303843 -0.000748057 -0.0180792 0.0890611 
0.00995777 -0.01824 -0.000238737 0.000308559 -0.01824 0.0894721 0.000308242 -0.000756378 -0.000238737 0.000308242 0.00982194 -0.0180808 0.000308559 -0.000756378 -0.0180808 0.0890633 
0.00996911 -0.0182649 -0.000241966 0.000308394 -0.0182649 0.0895037 0.000304999 -0.000775121 -0.000241966 0.000304999 0.00979648 -0.0180539 0.000308394 -0.000775121 -0.0180539 0.0889891 
0.00995442 -0.0182586 -0.000245595 0.000320703 -0.0182586 0.089493 0.000316098 -0.000806629 -0.000245595 0.000316098 0.00979972 -0.0180489 0.000320703 -0.000806629 -0.0180489 0.0889816 
0.00992958 -0.0182421 -0.000241351 0.000333238 -0.0182421 0.0894633 0.00032858 -0.000848042 -0.000241351 0.00032858 0.00980433 -0.0180466 0.000333238 -0.000848042 -0.0180466 0.088966 
0.00994068 -0.0182187 -0.000245609 0.000318348 -0.0182187 0.0894232 0.000315878 -0.000835061 -0.000245609 0.000315878 0.00977844 -0.0180451 0.000318348 -0.000835061 -0.0180451 0.0889511 
0.00994775 -0.0182308 -0.000244716 0.000296722 -0.0182308 0.0894236 0.000296948 -0.000765025 -0.000244716 0.000296948 0.00976372 -0.0180166 0.000296722 -0.000765025 -0.0180166 0.0889077 
0.00994165 -0.018223 -0.00024488 0.000295557 -0.018223 0.0894019 0.000295366 -0.000735209 -0.00024488 0.000295366 0.00976116 -0.0180152 0.000295557 -0.000735209 -0.0180152 0.0888999 
0.0099433 -0.0182084 -0.000228753 0.000303541 -0.0182084 0.0893643 0.000303462 -0.000747952 -0.000228753 0.000303462 0.00975551 -0.018018 0.000303541 -0.000747952 -0.018018 0.0889096 
0.0099325 -0.0182094 -0.00021303 0.000289722 -0.0182094 0.0893476 0.000291119 -0.000742539 -0.00021303 0.000291119 0.009754 -0.0180099 0.000289722 -0.000742539 -0.0180099 0.0889032 
0.00993753 -0.018211 -0.000212252 0.000277259 -0.018211 0.0893631 0.000277452 -0.000722348 -0.000212252 0.000277452 0.00973616 -0.0179882 0.000277259 -0.000722348 -0.0179882 0.0888408 
0.00991305 -0.0182173 -0.000227494 0.000282206 -0.0182173 0.0893776 0.000282425 -0.000727696 -0.000227494 0.000282425 0.0097454 -0.0179592 0.000282206 -0.000727696 -0.0179592 0.0887618 
0.00988953 -0.0181869 -0.000225033 0.000278938 -0.0181869 0.0893366 0.00028235 -0.000706323 -0.000225033 0.00028235 0.00976216 -0.0179688 0.000278938 -0.000706323 -0.0179688 0.0887413 
0.00986875 -0.0181345 -0.000213881 0.000275469 -0.0181345 0.0892058 0.00028147 -0.000699294 -0.000213881 0.00028147 0.00977835 -0.0180131 0.000275469 -0.000699294 -0.0180131 0.0888359 
0.00987952 -0.0181195 -0.000212908 0.000272087 -0.0181195 0.0891398 0.000277267 -0.000704243 -0.000212908 0.000277267 0.00976867 -0.0180248 0.000272087 -0.000704243 -0.0180248 0.0888894 
0.00989376 -0.0181475 -0.000215573 0.000274052 -0.0181475 0.0891764 0.000279956 -0.000712752 -0.000215573 0.000279956 0.00975179 -0.0179972 0.000274052 -0.000712752 -0.0179972 0.0888483 
0.00990636 -0.0181682 -0.000207385 0.000270232 -0.0181682 0.0892316 0.00027556 -0.000701139 -0.000207385 0.00027556 0.00974037 -0.0179677 0.000270232 -0.000701139 -0.0179677 0.0887692 
0.0099084 -0.0181943 -0.000188205 0.000252811 -0.0181943 0.0893065 0.000255775 -0.000659283 -0.000188205 0.000255775 0.00974726 -0.0179445 0.000252811 -0.000659283 -0.0179445 0.0886902 
0.00988355 -0.0181906 -0.000179879 0.000233036 -0.0181906 0.0893198 0.000233954 -0.000609475 -0.000179879 0.000233954 0.00976251 -0.0179539 0.000233036 -0.000609475 -0.0179539 0.0886724 
0.00988923 -0.0181627 -0.000186673 0.000214413 -0.0181627 0.0892842 0.000213954 -0.000548585 -0.000186673 0.000213954 0.00975107 -0.0179798 0.000214413 -0.000548585 -0.0179798 0.0887251 
0.00990518 -0.0181744 -0.000194089 0.000229301 -0.0181744 0.0892889 0.000229507 -0.000554929 -0.000194089 0.000229507 0.00972899 -0.0179611 0.000229301 -0.000554929 -0.0179611 0.0887168 
0.00991022 -0.0181635 -0.000197797 0.000246444 -0.0181635 0.0892507 0.000248301 -0.000602207 -0.000197797 0.000248301 0.00973673 -0.0179713 0.000246444 -0.000602207 -0.0179713 0.0887668 
0.00991339 -0.01816 -0.000207771 0.000243979 -0.01816 0.0892151 0.000244089 -0.000607701 -0.000207771 0.000244089 0.00973201 -0.0179829 0.000243979 -0.000607701 -0.0179829 0.0888018 
0.0099011 -0.0181578 -0.000211266 0.000263917 -0.0181578 0.0891949 0.000259992 -0.000642047 -0.000211266 0.000259992 0.0097473 -0.0179872 0.000263917 -0.000642047 -0.0179872 0.0888362 
0.00988169 -0.0181566 -0.000223356 0.000281286 -0.0181566 0.0891994 0.000272059 -0.000694198 -0.000223356 0.000272059 0.00975582 -0.017985 0.000281286 -0.000694198 -0.017985 0.0888174 
0.00987446 -0.0181314 -0.000236742 0.000296281 -0.0181314 0.0891628 0.000283367 -0.00073231 -0.000236742 0.000283367 0.00975687 -0.0179975 0.000296281 -0.00073231 -0.0179975 0.0888313 
0.00989114 -0.0181419 -0.000221837 0.000300604 -0.0181419 0.089185 0.000290514 -0.000745122 -0.000221837 0.000290514 0.00974376 -0.0179831 0.000300604 -0.000745122 -0.0179831 0.0888017 
0.00990747 -0.0181758 -0.000214315 0.000284224 -0.0181758 0.0892637 0.000281126 -0.000736459 -0.000214315 0.000281126 0.00973606 -0.0179513 0.000284224 -0.000736459 -0.0179513 0.0887187 
0.00991483 -0.018202 -0.000221797 0.000264502 -0.018202 0.0893479 0.000267468 -0.000693509 -0.000221797 0.000267468 0.00974683 -0.0179403 0.000264502 -0.000693509 -0.0179403 0.0886638 
0.00992899 -0.0181927 -0.000202656 0.00025754 -0.0181927 0.0893467 0.000263157 -0.000649345 -0.000202656 0.000263157 0.00976143 -0.01798 0.00025754 -0.000649345 -0.01798 0.0887365 
