0.00693064 0 0.000197834 0 0 0.01 0 0 0.000197834 0 0.00769371 0 0 0 0 0.01 
0.00986747 -0.0122584 0.000235598 -0.00028997 -0.0122584 0.0326787 -0.00028997 0.000556166 0.000235598 -0.00028997 0.0107545 -0.0133513 -0.00028997 0.000556166 -0.0133513 0.0347745 
0.0100078 -0.0188187 0.000161156 -0.000278503 -0.0188187 0.069346 -0.000278503 0.000886014 0.000161156 -0.000278503 0.0107238 -0.0199508 -0.000278503 0.000886014 -0.0199508 0.0729499 
0.00945248 -0.0186042 0.000147844 -0.000213573 -0.0186042 0.0837183 -0.000212999 0.000753794 0.000147844 -0.000212999 0.0101387 -0.0194975 -0.000213573 0.000753794 -0.0194975 0.0867124 
0.00939101 -0.0179471 0.000142149 -0.000160055 -0.0179471 0.0872718 -0.000159523 0.000443561 0.000142149 -0.000159523 0.0101641 -0.0187612 -0.000160055 0.000443561 -0.0187612 0.0893833 
0.00950509 -0.0177868 0.000170896 -0.000186958 -0.0177868 0.0881764 -0.000187267 0.000415189 0.000170896 -0.000187267 0.0103749 -0.0187314 -0.000186958 0.000415189 -0.0187314 0.0902343 
0.00957604 -0.0177828 0.00019996 -0.000231583 -0.0177828 0.088405 -0.000231627 0.000518989 0.00019996 -0.000231627 0.0105329 -0.0189372 -0.000231583 0.000518989 -0.0189372 0.0910025 
0.00963882 -0.0178393 0.000197879 -0.000256657 -0.0178393 0.0885409 -0.000257098 0.000604868 0.000197879 -0.000257098 0.0105613 -0.0190237 -0.000256657 0.000604868 -0.0190237 0.0913816 
0.00968338 -0.0179055 0.000185553 -0.000244944 -0.0179055 0.0886639 -0.000243956 0.000613985 0.000185553 -0.000243956 0.010538 -0.0190122 -0.000244944 0.000613985 -0.0190122 0.0914442 
0.00972637 -0.0179557 0.00016398 -0.000210983 -0.0179557 0.0887807 -0.000207234 0.000537529 0.00016398 -0.000207234 0.0105029 -0.0189902 -0.000210983 0.000537529 -0.0189902 0.0914193 
0.00976006 -0.0180061 0.000163394 -0.000186339 -0.0180061 0.0889048 -0.00018238 0.000466906 0.000163394 -0.00018238 0.0104756 -0.0189624 -0.000186339 0.000466906 -0.0189624 0.0913736 
0.00979406 -0.0180715 0.000181305 -0.000208217 -0.0180715 0.0890887 -0.000207631 0.000502295 0.000181305 -0.000207631 0.0104783 -0.018932 -0.000208217 0.000502295 -0.018932 0.0913151 
0.00977953 -0.0181077 0.000199114 -0.000233931 -0.0181077 0.0892131 -0.000236588 0.000570452 0.000199114 -0.000236588 0.0105 -0.0189368 -0.000233931 0.000570452 -0.0189368 0.0912936 
0.00976304 -0.0180935 0.000208657 -0.000252135 -0.0180935 0.0892461 -0.000255971 0.000624044 0.000208657 -0.000255971 0.0105407 -0.018983 -0.000252135 0.000624044 -0.018983 0.0913978 
0.0097489 -0.0180822 0.000231442 -0.000278004 -0.0180822 0.0892401 -0.000281772 0.00070029 0.000231442 -0.000281772 0.0105759 -0.0190281 -0.000278004 0.00070029 -0.0190281 0.091513 
0.00971831 -0.0180437 0.000214039 -0.000284243 -0.0180437 0.0891536 -0.000288057 0.000713432 0.000214039 -0.000288057 0.0106069 -0.0190857 -0.000284243 0.000713432 -0.0190857 0.0916638 
0.0097009 -0.0180187 0.000178785 -0.000246763 -0.0180187 0.0890928 -0.00024906 0.000638242 0.000178785 -0.00024906 0.0106151 -0.0191125 -0.000246763 0.000638242 -0.0191125 0.0917523 
0.00969391 -0.0180068 0.000162127 -0.000216352 -0.0180068 0.0890604 -0.000214816 0.000559727 0.000162127 -0.000214816 0.0105866 -0.0191053 -0.000216352 0.000559727 -0.0191053 0.0917493 
0.00970063 -0.0179891 0.000166674 -0.000204398 -0.0179891 0.0890152 -0.000199842 0.000514418 0.000166674 -0.000199842 0.0105507 -0.0190815 -0.000204398 0.000514418 -0.0190815 0.0917217 
0.00972634 -0.0179998 0.000155538 -0.000204606 -0.0179998 0.0890143 -0.00020079 0.000497067 0.000155538 -0.00020079 0.0105143 -0.0190307 -0.000204606 0.000497067 -0.0190307 0.0916215 
0.00973564 -0.0180327 0.000139118 -0.000182521 -0.0180327 0.0890684 -0.00018012 0.000451585 0.000139118 -0.00018012 0.0105021 -0.0189806 -0.000182521 0.000451585 -0.0189806 0.0914913 
0.00973382 -0.0180325 0.000132396 -0.000168565 -0.0180325 0.0890822 -0.000167029 0.000417619 0.000132396 -0.000167029 0.0105168 -0.018977 -0.000168565 0.000417619 -0.018977 0.0914464 
0.00970997 -0.0180048 0.000122889 -0.000150404 -0.0180048 0.0890119 -0.000151058 0.000369183 0.000122889 -0.000151058 0.01054 -0.019011 -0.000150404 0.000369183 -0.019011 0.0915021 
0.00971605 -0.0179972 0.00011618 -0.000149665 -0.0179972 0.0889953 -0.000149641 0.000361942 0.00011618 -0.000149641 0.0105448 -0.0190322 -0.000149665 0.000361942 -0.0190322 0.091559 
0.0097333 -0.0180214 0.0001276 -0.000154792 -0.0180214 0.0890437 -0.000152824 0.000377416 0.0001276 -0.000152824 0.0105333 -0.0190197 -0.000154792 0.000377416 -0.0190197 0.0915405 
0.00971952 -0.0180215 0.000137557 -0.000174094 -0.0180215 0.0890443 -0.000171322 0.00042042 0.000137557 -0.000171322 0.0105418 -0.0190219 -0.000174094 0.00042042 -0.0190219 0.0915494 
0.00970679 -0.0180287 0.00013809 -0.000184115 -0.0180287 0.0890855 -0.000182402 0.000455637 0.00013809 -0.000182402 0.0105584 -0.0190181 -0.000184115 0.000455637 -0.0190181 0.0915332 
0.00970292 -0.0180056 0.000129728 -0.000177078 -0.0180056 0.0890587 -0.000175851 0.00044995 0.000129728 -0.000175851 0.0105723 -0.0190545 -0.000177078 0.00044995 -0.0190545 0.091604 
0.00969589 -0.0179949 0.000129123 -0.000157507 -0.0179949 0.089017 -0.000153503 0.000404232 0.000129123 -0.000153503 0.0105738 -0.0190679 -0.000157507 0.000404232 -0.0190679 0.0916498 
0.00968191 -0.0179816 0.000124525 -0.000150491 -0.0179816 0.0889752 -0.00014449 0.000363684 0.000124525 -0.00014449 0.0105564 -0.0190673 -0.000150491 0.000363684 -0.0190673 0.0916597 
0.00964415 -0.017949 0.000120176 -0.000155283 -0.017949 0.0888926 -0.000150957 0.000371732 0.000120176 -0.000150957 0.0105633 -0.0190617 -0.000155283 0.000371732 -0.0190617 0.0916758 
0.00964281 -0.0179191 0.000109044 -0.000149459 -0.0179191 0.0888326 -0.000146631 0.000368421 0.000109044 -0.000146631 0.0105756 -0.0190614 -0.000149459 0.000368421 -0.0190614 0.0916734 
0.00968925 -0.0179327 0.000101873 -0.000128948 -0.0179327 0.0888396 -0.000127862 0.000330122 0.000101873 -0.000127862 0.0105528 -0.0190618 -0.000128948 0.000330122 -0.0190618 0.0916587 
0.00970931 -0.0179863 9.79132e-05 -0.000115352 -0.0179863 0.0889263 -0.000114207 0.000287722 9.79132e-05 -0.000114207 0.0105441 -0.0190343 -0.000115352 0.000287722 -0.0190343 0.0916078 
0.00972489 -0.0180451 0.000114134 -0.000120945 -0.0180451 0.089106 -0.000116133 0.000290832 0.000114134 -0.000116133 0.0105581 -0.0190088 -0.000120945 0.000290832 -0.0190088 0.0915301 
0.00972143 -0.0180372 0.000132181 -0.000146915 -0.0180372 0.0891344 -0.000139387 0.000338377 0.000132181 -0.000139387 0.0105776 -0.0190445 -0.000146915 0.000338377 -0.0190445 0.0915712 
0.00970358 -0.0180138 0.00015566 -0.000179004 -0.0180138 0.0890791 -0.000171367 0.000423124 0.00015566 -0.000171367 0.0105863 -0.019075 -0.000179004 0.000423124 -0.019075 0.0916449 
0.00971169 -0.0179951 0.000148529 -0.000204458 -0.0179951 0.0890331 -0.000198242 0.000494256 0.000148529 -0.000198242 0.0105809 -0.0190923 -0.000204458 0.000494256 -0.0190923 0.0917125 
0.00969145 -0.0180187 0.000132228 -0.000178103 -0.0180187 0.0890637 -0.000174352 0.000464707 0.000132228 -0.000174352 0.0106073 -0.0190712 -0.000178103 0.000464707 -0.0190712 0.0916856 
0.00967627 -0.0179965 0.000109643 -0.000152656 -0.0179965 0.0890471 -0.000153655 0.000404558 0.000109643 -0.000153655 0.0106121 -0.0190991 -0.000152656 0.000404558 -0.0190991 0.0917065 
0.00967018 -0.0179509 8.73446e-05 -0.00011394 -0.0179509 0.08893 -0.000119844 0.000313595 8.73446e-05 -0.000119844 0.0106137 -0.0191272 -0.00011394 0.000313595 -0.0191272 0.0917948 
0.00966805 -0.0179333 8.71172e-05 -0.000102109 -0.0179333 0.0888397 -0.000111941 0.000276102 8.71172e-05 -0.000111941 0.0105775 -0.0191187 -0.000102109 0.000276102 -0.0191187 0.0917949 
0.00966344 -0.017947 9.37138e-05 -0.000101822 -0.017947 0.088847 -0.000112905 0.000263685 9.37138e-05 -0.000112905 0.0105579 -0.0190609 -0.000101822 0.000263685 -0.0190609 0.0916888 
0.00966679 -0.0179396 0.000107611 -0.00012333 -0.0179396 0.0888429 -0.000130542 0.000305758 0.000107611 -0.000130542 0.0105406 -0.0190335 -0.00012333 0.000305758 -0.0190335 0.09159 
0.00966365 -0.0179139 0.000108426 -0.000131522 -0.0179139 0.0887637 -0.000133633 0.000322017 0.000108426 -0.000133633 0.0105083 -0.0190254 -0.000131522 0.000322017 -0.0190254 0.0915498 
0.0096769 -0.0179365 0.000110917 -0.000130904 -0.0179365 0.088799 -0.000132084 0.000324106 0.000110917 -0.000132084 0.0104873 -0.0189756 -0.000130904 0.000324106 -0.0189756 0.0914568 
0.00970134 -0.0179525 0.00010942 -0.000124579 -0.0179525 0.0888452 -0.000127666 0.000308811 0.00010942 -0.000127666 0.0104809 -0.0189555 -0.000124579 0.000308811 -0.0189555 0.0913915 
0.00969883 -0.0179878 0.000109844 -0.000149736 -0.0179878 0.0889231 -0.000153238 0.000370316 0.000109844 -0.000153238 0.0104695 -0.018933 -0.000149736 0.000370316 -0.018933 0.0913108 
0.00971574 -0.018011 0.000120465 -0.000141372 -0.018011 0.0890273 -0.000141096 0.000369786 0.000120465 -0.000141096 0.0104471 -0.0189082 -0.000141372 0.000369786 -0.0189082 0.0912371 
0.00970923 -0.018021 0.000132692 -0.000153638 -0.018021 0.0890668 -0.000148598 0.000377006 0.000132692 -0.000148598 0.0104498 -0.0188908 -0.000153638 0.000377006 -0.0188908 0.091197 
0.0097022 -0.0180021 0.00014605 -0.000180955 -0.0180021 0.0890374 -0.000175017 0.000436748 0.00014605 -0.000175017 0.0104537 -0.0188954 -0.000180955 0.000436748 -0.0188954 0.0911868 
0.00969381 -0.0179792 0.000142899 -0.000173035 -0.0179792 0.0889671 -0.00017181 0.000431276 0.000142899 -0.00017181 0.0104487 -0.018911 -0.000173035 0.000431276 -0.018911 0.0912245 
0.00971194 -0.0179616 0.000127527 -0.000154795 -0.0179616 0.0889013 -0.000158876 0.000387862 0.000127527 -0.000158876 0.0104394 -0.0189205 -0.000154795 0.000387862 -0.0189205 0.0912818 
0.0097122 -0.017983 0.000123941 -0.000144315 -0.017983 0.0889052 -0.000149127 0.000363493 0.000123941 -0.000149127 0.010437 -0.018904 -0.000144315 0.000363493 -0.018904 0.0912693 
0.0096885 -0.0179735 0.000126926 -0.000149901 -0.0179735 0.0888881 -0.00015183 0.000368862 0.000126926 -0.00015183 0.0104438 -0.018904 -0.000149901 0.000368862 -0.018904 0.0912608 
0.00968046 -0.0179688 0.000124334 -0.00016988 -0.0179688 0.088901 -0.000170812 0.000420255 0.000124334 -0.000170812 0.0104416 -0.01889 -0.00016988 0.000420255 -0.01889 0.0912126 
0.00967496 -0.0179554 0.000121952 -0.000163949 -0.0179554 0.088878 -0.000162452 0.000429895 0.000121952 -0.000162452 0.0104303 -0.0188838 -0.000163949 0.000429895 -0.0188838 0.0911769 
0.00965877 -0.0179296 0.00014302 -0.000163199 -0.0179296 0.0888065 -0.00015674 0.00042309 0.00014302 -0.00015674 0.0104313 -0.0188823 -0.000163199 0.00042309 -0.0188823 0.0911743 
0.00964967 -0.0178934 0.000177935 -0.000190682 -0.0178934 0.088705 -0.00018567 0.00046601 0.000177935 -0.00018567 0.0104335 -0.0188998 -0.000190682 0.00046601 -0.0188998 0.0912207 
0.00966499 -0.017908 0.000180903 -0.000214389 -0.017908 0.088714 -0.000214462 0.000508749 0.000180903 -0.000214462 0.0104353 -0.018886 -0.000214389 0.000508749 -0.018886 0.091204 
0.00970834 -0.0179482 0.000179396 -0.000211573 -0.0179482 0.0888109 -0.000216531 0.000525218 0.000179396 -0.000216531 0.0104313 -0.0188856 -0.000211573 0.000525218 -0.0188856 0.0911984 
0.00973535 -0.0180025 0.000164573 -0.000209924 -0.0180025 0.0889388 -0.000216435 0.000527084 0.000164573 -0.000216435 0.0104162 -0.0188765 -0.000209924 0.000527084 -0.0188765 0.091173 
0.00974181 -0.0180272 0.000145098 -0.000197462 -0.0180272 0.0890232 -0.000203008 0.000510938 0.000145098 -0.000203008 0.0104054 -0.0188697 -0.000197462 0.000510938 -0.0188697 0.0911682 
0.00971367 -0.0180222 0.000163448 -0.000191506 -0.0180222 0.0890321 -0.000195112 0.000508545 0.000163448 -0.000195112 0.0104184 -0.0188609 -0.000191506 0.000508545 -0.0188609 0.0911535 
0.00970082 -0.0180182 0.000178189 -0.000214747 -0.0180182 0.0890626 -0.000217582 0.000540952 0.000178189 -0.000217582 0.0104516 -0.0188604 -0.000214747 0.000540952 -0.0188604 0.0911329 
0.00968103 -0.0179943 0.000187169 -0.000236502 -0.0179943 0.0890216 -0.000239028 0.000596364 0.000187169 -0.000239028 0.0104967 -0.0189065 -0.000236502 0.000596364 -0.0189065 0.0912022 
0.00969395 -0.0179718 0.00017767 -0.000214328 -0.0179718 0.0889665 -0.000215763 0.000547589 0.00017767 -0.000215763 0.0105034 -0.0189605 -0.000214328 0.000547589 -0.0189605 0.0913172 
0.00970579 -0.0179768 0.000183096 -0.000218414 -0.0179768 0.0889379 -0.00021839 0.000543482 0.000183096 -0.00021839 0.0105114 -0.0189771 -0.000218414 0.000543482 -0.0189771 0.0914002 
0.00971488 -0.0179794 0.000182344 -0.000209224 -0.0179794 0.0889243 -0.000207854 0.000510265 0.000182344 -0.000207854 0.010506 -0.0189955 -0.000209224 0.000510265 -0.0189955 0.0914598 
0.00973171 -0.018007 0.000176457 -0.000216091 -0.018007 0.0889802 -0.000215696 0.00051721 0.000176457 -0.000215696 0.010474 -0.018968 -0.000216091 0.00051721 -0.018968 0.0914123 
0.00971468 -0.0180078 0.0001861 -0.000225543 -0.0180078 0.0889858 -0.000227902 0.000558363 0.0001861 -0.000227902 0.0104617 -0.0189437 -0.000225543 0.000558363 -0.0189437 0.0913665 
0.00970568 -0.0179825 0.000167668 -0.000229013 -0.0179825 0.0889457 -0.000233706 0.000570058 0.000167668 -0.000233706 0.010454 -0.0189396 -0.000229013 0.000570058 -0.0189396 0.0913568 
0.00972034 -0.017993 0.000146682 -0.000195535 -0.017993 0.0889652 -0.000199355 0.000511012 0.000146682 -0.000199355 0.010431 -0.0189065 -0.000195535 0.000511012 -0.0189065 0.0912738 
0.00970814 -0.0180188 0.000149157 -0.00018125 -0.0180188 0.0890273 -0.000180377 0.000466581 0.000149157 -0.000180377 0.0104419 -0.0188736 -0.00018125 0.000466581 -0.0188736 0.0911836 
0.00970788 -0.0180243 0.000141661 -0.000177586 -0.0180243 0.0890857 -0.000172496 0.000428422 0.000141661 -0.000172496 0.010456 -0.0188721 -0.000177586 0.000428422 -0.0188721 0.0911298 
0.00971028 -0.0180185 0.000137802 -0.000163912 -0.0180185 0.0890871 -0.000158645 0.000393516 0.000137802 -0.000158645 0.0104755 -0.0188987 -0.000163912 0.000393516 -0.0188987 0.0911711 
0.00968932 -0.0179933 0.000137898 -0.000176618 -0.0179933 0.0890097 -0.000172219 0.000421093 0.000137898 -0.000172219 0.0104743 -0.0189303 -0.000176618 0.000421093 -0.0189303 0.0912416 
0.00966923 -0.0179587 0.000129495 -0.000166733 -0.0179587 0.088917 -0.000165139 0.000412477 0.000129495 -0.000165139 0.0104687 -0.0189347 -0.000166733 0.000412477 -0.0189347 0.0912828 
0.00966615 -0.0179258 0.000131558 -0.000165575 -0.0179258 0.0888171 -0.000166764 0.000419193 0.000131558 -0.000166764 0.010457 -0.0189335 -0.000165575 0.000419193 -0.0189335 0.0913029 
0.00969476 -0.0179331 0.000124205 -0.000171376 -0.0179331 0.0888017 -0.000171367 0.000434278 0.000124205 -0.000171367 0.010428 -0.0189141 -0.000171376 0.000434278 -0.0189141 0.0912761 
0.0097203 -0.0179667 0.00011725 -0.000163049 -0.0179667 0.0888492 -0.000160985 0.000424346 0.00011725 -0.000160985 0.0103885 -0.0188712 -0.000163049 0.000424346 -0.0188712 0.0911832 
0.00971067 -0.0179807 0.000120843 -0.000158202 -0.0179807 0.0888745 -0.000157684 0.000414981 0.000120843 -0.000157684 0.0103676 -0.0188268 -0.000158202 0.000414981 -0.0188268 0.0910746 
0.00970936 -0.0179894 0.000138374 -0.000151059 -0.0179894 0.0889247 -0.000152735 0.000391922 0.000138374 -0.000152735 0.0103505 -0.0187844 -0.000151059 0.000391922 -0.0187844 0.0909458 
0.00969142 -0.0179668 0.000148303 -0.000174309 -0.0179668 0.0888791 -0.000177111 0.000424092 0.000148303 -0.000177111 0.0103495 -0.0187724 -0.000174309 0.000424092 -0.0187724 0.0908855 
0.00966435 -0.0179452 0.000146863 -0.000170923 -0.0179452 0.0888219 -0.000175481 0.000421591 0.000146863 -0.000175481 0.0103516 -0.0187613 -0.000170923 0.000421591 -0.0187613 0.090834 
0.00964829 -0.0179274 0.000145949 -0.000181752 -0.0179274 0.0887917 -0.000185725 0.000450317 0.000145949 -0.000185725 0.0103734 -0.0187606 -0.000181752 0.000450317 -0.0187606 0.0908185 
0.00965249 -0.0179031 0.000157711 -0.000187822 -0.0179031 0.0887329 -0.00018862 0.000474489 0.000157711 -0.00018862 0.0103658 -0.0187899 -0.000187822 0.000474489 -0.0187899 0.0908626 
0.00966389 -0.0179009 0.000170584 -0.000205171 -0.0179009 0.0886968 -0.000204231 0.000509413 0.000170584 -0.000204231 0.0103459 -0.0187847 -0.000205171 0.000509413 -0.0187847 0.0908816 
0.00968046 -0.0179156 0.000176268 -0.000210852 -0.0179156 0.0887129 -0.000209561 0.000521971 0.000176268 -0.000209561 0.0103306 -0.0187632 -0.000210852 0.000521971 -0.0187632 0.0908566 
0.00969413 -0.0179661 0.000175202 -0.000214996 -0.0179661 0.0888344 -0.000217573 0.000531964 0.000175202 -0.000217573 0.0103021 -0.0187145 -0.000214996 0.000531964 -0.0187145 0.0907324 
0.00969222 -0.0179575 0.000172693 -0.000218134 -0.0179575 0.0888423 -0.000223162 0.000547792 0.000172693 -0.000223162 0.0102703 -0.0186947 -0.000218134 0.000547792 -0.0186947 0.0906672 
0.00969144 -0.0179518 0.000155913 -0.000207235 -0.0179518 0.0888276 -0.000211143 0.000527314 0.000155913 -0.000211143 0.010267 -0.0186627 -0.000207235 0.000527314 -0.0186627 0.0906094 
0.00968512 -0.0179204 0.000141236 -0.000200098 -0.0179204 0.0887328 -0.000200134 0.00051699 0.000141236 -0.000200134 0.0102603 -0.0186723 -0.000200098 0.00051699 -0.0186723 0.0906102 
0.00966892 -0.0179199 0.000121249 -0.000176796 -0.0179199 0.0886999 -0.000173747 0.000464957 0.000121249 -0.000173747 0.0102532 -0.0186506 -0.000176796 0.000464957 -0.0186506 0.0905618 
0.00966017 -0.0178802 0.000106901 -0.000151126 -0.0178802 0.088604 -0.000147575 0.000400105 0.000106901 -0.000147575 0.0102306 -0.0186492 -0.000151126 0.000400105 -0.0186492 0.0905433 
0.00967298 -0.0178701 0.000100289 -0.000125863 -0.0178701 0.0885453 -0.000122926 0.000329244 0.000100289 -0.000122926 0.0102047 -0.0186229 -0.000125863 0.000329244 -0.0186229 0.0905066 
0.0096861 -0.0178958 0.000116533 -0.000141847 -0.0178958 0.0885752 -0.000139746 0.00035433 0.000116533 -0.000139746 0.0101909 -0.0185826 -0.000141847 0.00035433 -0.0185826 0.0904189 
0.00968654 -0.0179355 0.000141132 -0.000166574 -0.0179355 0.0886858 -0.000166629 0.000416578 0.000141132 -0.000166629 0.0102046 -0.0185502 -0.000166574 0.000416578 -0.0185502 0.090315 
0.0096694 -0.0179364 0.00011702 -0.000158864 -0.0179364 0.0887338 -0.000158328 0.000391621 0.00011702 -0.000158328 0.010223 -0.0185652 -0.000158864 0.000391621 -0.0185652 0.0902919 
0.00966784 -0.0179041 0.000110624 -0.000146772 -0.0179041 0.0886849 -0.000142819 0.000378017 0.000110624 -0.000142819 0.0102161 -0.0185979 -0.000146772 0.000378017 -0.0185979 0.0903542 
0.00967311 -0.0178944 0.000115725 -0.000144178 -0.0178944 0.0886393 -0.000141211 0.000370541 0.000115725 -0.000141211 0.0102042 -0.018601 -0.000144178 0.000370541 -0.018601 0.0904042 
0.00967346 -0.0179239 0.000123744 -0.000153541 -0.0179239 0.0886976 -0.000156613 0.000393726 0.000123744 -0.000156613 0.010196 -0.0185652 -0.000153541 0.000393726 -0.0185652 0.0903389 
0.00968169 -0.0179189 0.000133686 -0.000151783 -0.0179189 0.0887158 -0.000156674 0.000393212 0.000133686 -0.000156674 0.0102019 -0.0185732 -0.000151783 0.000393212 -0.0185732 0.0903482 
0.0096814 -0.0179231 0.000138752 -0.000168683 -0.0179231 0.0887149 -0.000169617 0.000415434 0.000138752 -0.000169617 0.0102046 -0.0185795 -0.000168683 0.000415434 -0.0185795 0.090362 
0.00968139 -0.0179415 0.000151504 -0.000179879 -0.0179415 0.088768 -0.000179577 0.000448734 0.000151504 -0.000179577 0.0102043 -0.0185696 -0.000179879 0.000448734 -0.0185696 0.0903393 
0.00968345 -0.0179383 0.000147153 -0.000179583 -0.0179383 0.088779 -0.000182277 0.000445378 0.000147153 -0.000182277 0.0101967 -0.0185695 -0.000179583 0.000445378 -0.0185695 0.0903296 
0.00968604 -0.0179038 0.000154109 -0.000170366 -0.0179038 0.0886838 -0.000172814 0.000425912 0.000154109 -0.000172814 0.0101921 -0.0185891 -0.000170366 0.000425912 -0.0185891 0.0903895 
0.00967545 -0.0179304 0.000156325 -0.000187798 -0.0179304 0.0887078 -0.000188946 0.000451303 0.000156325 -0.000188946 0.0102047 -0.0185581 -0.000187798 0.000451303 -0.0185581 0.0903375 
0.00966394 -0.0179069 0.00016791 -0.000211332 -0.0179069 0.0886758 -0.000211756 0.000523098 0.00016791 -0.000211756 0.0102308 -0.0185835 -0.000211332 0.000523098 -0.0185835 0.0903608 
0.00966437 -0.0178882 0.000157049 -0.000205744 -0.0178882 0.0886213 -0.000205146 0.000519217 0.000157049 -0.000205146 0.0102367 -0.0186238 -0.000205744 0.000519217 -0.0186238 0.0904494 
0.00965692 -0.0179093 0.000148894 -0.000179846 -0.0179093 0.0886558 -0.00017977 0.000460098 0.000148894 -0.00017977 0.0102421 -0.0186169 -0.000179846 0.000460098 -0.0186169 0.0904617 
0.00965086 -0.017898 0.000136735 -0.000165057 -0.017898 0.0886602 -0.000168932 0.000412051 0.000136735 -0.000168932 0.0102538 -0.0186329 -0.000165057 0.000412051 -0.0186329 0.0904988 
0.00967258 -0.0179012 0.000150155 -0.000169661 -0.0179012 0.0886727 -0.000174325 0.000424602 0.000150155 -0.000174325 0.0102502 -0.0186411 -0.000169661 0.000424602 -0.0186411 0.090526 
0.00969759 -0.0179137 0.000186881 -0.000204361 -0.0179137 0.0886812 -0.000206668 0.000500928 0.000186881 -0.000206668 0.0102455 -0.0186454 -0.000204361 0.000500928 -0.0186454 0.0905497 
0.00969909 -0.0179354 0.000216695 -0.000230641 -0.0179354 0.0887118 -0.000229791 0.000550992 0.000216695 -0.000229791 0.0102711 -0.0186534 -0.000230641 0.000550992 -0.0186534 0.090584 
0.00968939 -0.0179555 0.000225828 -0.000271303 -0.0179555 0.0887791 -0.000269048 0.000638583 0.000225828 -0.000269048 0.0102885 -0.0186653 -0.000271303 0.000638583 -0.0186653 0.0905862 
0.00969638 -0.0179511 0.000202984 -0.000282676 -0.0179511 0.0888048 -0.000281368 0.000693542 0.000202984 -0.000281368 0.0102893 -0.018686 -0.000282676 0.000693542 -0.018686 0.0906249 
0.00970524 -0.0179565 0.000160462 -0.000230326 -0.0179565 0.0888152 -0.000229736 0.000603754 0.000160462 -0.000229736 0.0103005 -0.018693 -0.000230326 0.000603754 -0.018693 0.0906597 
0.00969158 -0.0179651 0.000143532 -0.00020439 -0.0179651 0.0888301 -0.000202548 0.000545122 0.000143532 -0.000202548 0.0103229 -0.0187089 -0.00020439 0.000545122 -0.0187089 0.0906979 
0.00968606 -0.0179623 0.000151171 -0.000196602 -0.0179623 0.0888471 -0.000194448 0.000520801 0.000151171 -0.000194448 0.0103209 -0.0187236 -0.000196602 0.000520801 -0.0187236 0.0907216 
0.00967747 -0.0179423 0.000156059 -0.000198926 -0.0179423 0.0888067 -0.000196077 0.000508003 0.000156059 -0.000196077 0.010321 -0.0187361 -0.000198926 0.000508003 -0.0187361 0.0907708 
0.00967732 -0.0179154 0.000153282 -0.000184989 -0.0179154 0.0887307 -0.000183234 0.000463695 0.000153282 -0.000183234 0.0103199 -0.0187473 -0.000184989 0.000463695 -0.0187473 0.0908149 
0.00969135 -0.0179346 0.000149806 -0.000184398 -0.0179346 0.0887512 -0.000186211 0.000455399 0.000149806 -0.000186211 0.0102935 -0.0187211 -0.000184398 0.000455399 -0.0187211 0.0907573 
0.00970803 -0.0179537 0.000146666 -0.00017215 -0.0179537 0.0888004 -0.000174927 0.000426677 0.000146666 -0.000174927 0.0102795 -0.0186963 -0.00017215 0.000426677 -0.0186963 0.0907045 
0.00972272 -0.0179891 0.000134274 -0.000183357 -0.0179891 0.0888948 -0.000184032 0.000445343 0.000134274 -0.000184032 0.0103035 -0.0186816 -0.000183357 0.000445343 -0.0186816 0.0906717 
0.00972382 -0.0179953 0.000143839 -0.00017974 -0.0179953 0.0889317 -0.000180016 0.000462405 0.000143839 -0.000180016 0.0103477 -0.0187293 -0.00017974 0.000462405 -0.0187293 0.090754 
0.00971225 -0.0179958 0.000168472 -0.000187706 -0.0179958 0.088942 -0.000189705 0.000473762 0.000168472 -0.000189705 0.0103809 -0.0187879 -0.000187706 0.000473762 -0.0187879 0.090889 
0.00969955 -0.0179783 0.000183584 -0.000204017 -0.0179783 0.0889163 -0.000204956 0.000491661 0.000183584 -0.000204956 0.0104149 -0.0188419 -0.000204017 0.000491661 -0.0188419 0.0910489 
0.0097217 -0.017986 0.000202816 -0.000237439 -0.017986 0.0889391 -0.000236119 0.000568034 0.000202816 -0.000236119 0.0104216 -0.0188649 -0.000237439 0.000568034 -0.0188649 0.091126 
0.00972255 -0.018019 0.000197759 -0.000252006 -0.018019 0.0890041 -0.000247666 0.000608262 0.000197759 -0.000247666 0.0104317 -0.0188631 -0.000252006 0.000608262 -0.0188631 0.0911347 
0.00971443 -0.0180102 0.000191895 -0.000244968 -0.0180102 0.0890049 -0.000238696 0.000608834 0.000191895 -0.000238696 0.0104285 -0.018871 -0.000244968 0.000608834 -0.018871 0.0911353 
0.00969469 -0.0179783 0.000189979 -0.000242797 -0.0179783 0.0889303 -0.000238478 0.000608792 0.000189979 -0.000238478 0.0104361 -0.0188877 -0.000242797 0.000608792 -0.0188877 0.0911846 
0.00969493 -0.0179555 0.000192878 -0.000248503 -0.0179555 0.088867 -0.000245497 0.000628521 0.000192878 -0.000245497 0.0104212 -0.0188953 -0.000248503 0.000628521 -0.0188953 0.0912112 
0.00970426 -0.0179583 0.000204497 -0.000250668 -0.0179583 0.0888501 -0.000247881 0.000637126 0.000204497 -0.000247881 0.010402 -0.0188745 -0.000250668 0.000637126 -0.0188745 0.091184 
0.0097069 -0.0179803 0.000185381 -0.000249112 -0.0179803 0.0888915 -0.000249978 0.000623055 0.000185381 -0.000249978 0.0103832 -0.0188323 -0.000249112 0.000623055 -0.0188323 0.0910777 
0.00971092 -0.0179778 0.000161887 -0.000218637 -0.0179778 0.0889031 -0.000224127 0.000570506 0.000161887 -0.000224127 0.0103636 -0.0188169 -0.000218637 0.000570506 -0.0188169 0.0910195 
0.00971008 -0.0179965 0.000150965 -0.000180352 -0.0179965 0.0889493 -0.000186807 0.000476631 0.000150965 -0.000186807 0.0103607 -0.0187806 -0.000180352 0.000476631 -0.0187806 0.0909303 
0.00968743 -0.017984 0.000147545 -0.000175058 -0.017984 0.0889338 -0.000180016 0.000433783 0.000147545 -0.000180016 0.0103694 -0.0187799 -0.000175058 0.000433783 -0.0187799 0.0908934 
0.00968339 -0.0179655 0.000151442 -0.000185517 -0.0179655 0.0889091 -0.000187502 0.000450804 0.000151442 -0.000187502 0.0103609 -0.0187848 -0.000185517 0.000450804 -0.0187848 0.0908877 
0.0096743 -0.0179304 0.000139157 -0.000178934 -0.0179304 0.0888057 -0.000175771 0.000431891 0.000139157 -0.000175771 0.0103616 -0.0187972 -0.000178934 0.000431891 -0.0187972 0.0909329 
0.00966124 -0.017917 0.000134281 -0.000167436 -0.017917 0.0887389 -0.000160655 0.000405184 0.000134281 -0.000160655 0.0103739 -0.0187959 -0.000167436 0.000405184 -0.0187959 0.0909457 
0.00965441 -0.0179136 0.000136862 -0.00016749 -0.0179136 0.0887266 -0.000159552 0.000399722 0.000136862 -0.000159552 0.0103829 -0.0187978 -0.00016749 0.000399722 -0.0187978 0.0909325 
0.00966102 -0.0179234 0.000132288 -0.0001699 -0.0179234 0.0887571 -0.000162475 0.000400588 0.000132288 -0.000162475 0.0103732 -0.0187957 -0.0001699 0.000400588 -0.0187957 0.0909131 
0.0096612 -0.0179261 0.000116733 -0.000149166 -0.0179261 0.0887694 -0.000144233 0.000358361 0.000116733 -0.000144233 0.0103749 -0.0187931 -0.000149166 0.000358361 -0.0187931 0.0909144 
0.00966573 -0.0179199 0.000120474 -0.000147849 -0.0179199 0.0887583 -0.000145045 0.000361149 0.000120474 -0.000145045 0.0103665 -0.018799 -0.000147849 0.000361149 -0.018799 0.0909269 
0.00968206 -0.017938 0.000126798 -0.000169446 -0.017938 0.0887951 -0.000168622 0.000418496 0.000126798 -0.000168622 0.0103502 -0.01878 -0.000169446 0.000418496 -0.01878 0.0908982 
0.00967505 -0.0179441 0.000132269 -0.000172843 -0.0179441 0.0888051 -0.00017492 0.000449902 0.000132269 -0.00017492 0.0103479 -0.0187672 -0.000172843 0.000449902 -0.0187672 0.0908691 
0.00967337 -0.0179366 0.000136328 -0.00016088 -0.0179366 0.0887993 -0.00016488 0.000423844 0.000136328 -0.00016488 0.0103296 -0.0187561 -0.00016088 0.000423844 -0.0187561 0.0908254 
0.00969159 -0.0179145 0.000147987 -0.000170688 -0.0179145 0.0887375 -0.000174775 0.00043364 0.000147987 -0.000174775 0.0103097 -0.0187535 -0.000170688 0.00043364 -0.0187535 0.0908315 
0.00970417 -0.01795 0.000168009 -0.000179955 -0.01795 0.0887811 -0.000184118 0.000448729 0.000168009 -0.000184118 0.0103128 -0.0187222 -0.000179955 0.000448729 -0.0187222 0.0907805 
