0.00778099 0 -0.000154581 0 0 0.01 0 0 -0.000154581 0 0.00687493 0 0 0 0 0.01 
0.0108793 -0.0135054 -0.000186154 0.000229509 -0.0135054 0.0350699 0.000229509 -0.0004399 -0.000186154 0.000229509 0.00978437 -0.0121557 0.000229509 -0.0004399 -0.0121557 0.0324821 
0.0108081 -0.0201716 -0.000131791 0.00024769 -0.0201716 0.0736565 0.00024769 -0.000788953 -0.000131791 0.00024769 0.00997655 -0.0186804 0.00024769 -0.000788953 -0.0186804 0.0689043 
0.0101752 -0.0196284 -0.000119911 0.000167943 -0.0196284 0.0873022 0.000171494 -0.000631675 -0.000119911 0.000171494 0.00945095 -0.018534 0.000167943 -0.000631675 -0.018534 0.083323 
0.0101685 -0.0188357 -0.000128779 0.000145577 -0.0188357 0.0897669 0.000154515 -0.0004327 -0.000128779 0.000154515 0.00940907 -0.0179165 0.000145577 -0.0004327 -0.0179165 0.0870299 
0.0103625 -0.0187425 -0.000151434 0.000165784 -0.0187425 0.0904028 0.000176666 -0.000409051 -0.000151434 0.000176666 0.00954568 -0.0178186 0.000165784 -0.000409051 -0.0178186 0.088159 
0.0105047 -0.0189281 -0.000162815 0.000196333 -0.0189281 0.091055 0.000205945 -0.000471474 -0.000162815 0.000205945 0.00962404 -0.0178368 0.000196333 -0.000471474 -0.0178368 0.0884996 
0.0105275 -0.0190273 -0.000164393 0.000211443 -0.0190273 0.0914491 0.000216951 -0.000528149 -0.000164393 0.000216951 0.0096663 -0.0178622 0.000211443 -0.000528149 -0.0178622 0.0885835 
0.0105041 -0.0189971 -0.00012972 0.000186755 -0.0189971 0.0914749 0.000187703 -0.000477761 -0.00012972 0.000187703 0.00968272 -0.0179124 0.000186755 -0.000477761 -0.0179124 0.0886678 
0.0104648 -0.0189363 -0.000116698 0.000163147 -0.0189363 0.0913252 0.000161138 -0.000434068 -0.000116698 0.000161138 0.00971013 -0.0179557 0.000163147 -0.000434068 -0.0179557 0.0887844 
0.010446 -0.0188965 -0.00013539 0.000148035 -0.0188965 0.0911946 0.000147061 -0.000392001 -0.00013539 0.000147061 0.00970772 -0.017975 0.000148035 -0.000392001 -0.017975 0.0888419 
0.0104303 -0.0188662 -0.000147461 0.000165625 -0.0188662 0.0910901 0.000164896 -0.000397805 -0.000147461 0.000164896 0.00971396 -0.0179932 0.000165625 -0.000397805 -0.0179932 0.0889173 
0.0104337 -0.0188566 -0.000155191 0.00019368 -0.0188566 0.0910444 0.000192126 -0.000463696 -0.000155191 0.000192126 0.00967719 -0.0179841 0.00019368 -0.000463696 -0.0179841 0.0889108 
0.0104346 -0.0188581 -0.000152924 0.000191385 -0.0188581 0.0910332 0.000188013 -0.000471257 -0.000152924 0.000188013 0.00965897 -0.0179537 0.000191385 -0.000471257 -0.0179537 0.0888835 
0.0104312 -0.0188777 -0.00014833 0.00018575 -0.0188777 0.0910908 0.000182637 -0.00045958 -0.00014833 0.000182637 0.00965507 -0.0179144 0.00018575 -0.00045958 -0.0179144 0.0887852 
0.0104249 -0.0188608 -0.000123222 0.000178811 -0.0188608 0.0910832 0.000177262 -0.000445687 -0.000123222 0.000177262 0.00967472 -0.0179363 0.000178811 -0.000445687 -0.0179363 0.0888105 
0.0104199 -0.0188536 -0.000115731 0.000152573 -0.0188536 0.0910655 0.00015322 -0.000405504 -0.000115731 0.00015322 0.00967951 -0.0179551 0.000152573 -0.000405504 -0.0179551 0.0888488 
0.0104001 -0.0188809 -0.000108074 0.000137647 -0.0188809 0.0911396 0.000138629 -0.000356751 -0.000108074 0.000138629 0.00968151 -0.0179186 0.000137647 -0.000356751 -0.0179186 0.0887611 
0.0103605 -0.0188467 -9.35969e-05 0.000140187 -0.0188467 0.0911093 0.000137279 -0.000351794 -9.35969e-05 0.000137279 0.00969731 -0.0179264 0.000140187 -0.000351794 -0.0179264 0.088737 
0.0103402 -0.018789 -9.75691e-05 0.000126715 -0.018789 0.0909878 0.000121084 -0.000331407 -9.75691e-05 0.000121084 0.00970275 -0.0179532 0.000126715 -0.000331407 -0.0179532 0.088786 
0.0103412 -0.0187841 -0.000104747 0.000120593 -0.0187841 0.0909518 0.000116322 -0.00030114 -0.000104747 0.000116322 0.00971163 -0.017945 0.000120593 -0.00030114 -0.017945 0.0887834 
0.0103267 -0.0187555 -0.000109173 0.000122647 -0.0187555 0.0908566 0.000121615 -0.000291666 -0.000109173 0.000121615 0.00969923 -0.0179743 0.000122647 -0.000291666 -0.0179743 0.0888416 
0.010347 -0.0187373 -0.000107685 0.000128909 -0.0187373 0.0908039 0.000129806 -0.000303756 -0.000107685 0.000129806 0.00966359 -0.0179806 0.000128909 -0.000303756 -0.0179806 0.0889073 
0.0103748 -0.018758 -0.000106379 0.000135999 -0.018758 0.0908128 0.000138513 -0.00033115 -0.000106379 0.000138513 0.00962307 -0.0179362 0.000135999 -0.00033115 -0.0179362 0.0888581 
0.0103978 -0.0188029 -9.32321e-05 0.000124577 -0.0188029 0.0909076 0.000130094 -0.000318924 -9.32321e-05 0.000130094 0.00959695 -0.0178712 0.000124577 -0.000318924 -0.0178712 0.0887094 
0.0104043 -0.0188114 -6.37025e-05 0.000106508 -0.0188114 0.0909376 0.000112935 -0.000282693 -6.37025e-05 0.000112935 0.00958641 -0.0178469 0.000106508 -0.000282693 -0.0178469 0.0886108 
0.0104015 -0.0188307 -4.34364e-05 6.82505e-05 -0.0188307 0.0909882 7.24895e-05 -0.000202141 -4.34364e-05 7.24895e-05 0.00959823 -0.0178212 6.82505e-05 -0.000202141 -0.0178212 0.088523 
0.0104008 -0.0188279 -4.98217e-05 5.03737e-05 -0.0188279 0.0909994 5.07942e-05 -0.000138584 -4.98217e-05 5.07942e-05 0.00959423 -0.0178267 5.03737e-05 -0.000138584 -0.0178267 0.0884856 
0.01039 -0.0188243 -7.00743e-05 5.28066e-05 -0.0188243 0.0909883 5.40466e-05 -0.00011792 -7.00743e-05 5.40466e-05 0.00959124 -0.0178218 5.28066e-05 -0.00011792 -0.0178218 0.0884699 
0.0103909 -0.0188134 -9.82186e-05 9.23749e-05 -0.0188134 0.0909721 9.68637e-05 -0.000198643 -9.82186e-05 9.68637e-05 0.00958887 -0.0178228 9.23749e-05 -0.000198643 -0.0178228 0.0884748 
0.0103768 -0.018812 -9.52176e-05 0.000128775 -0.018812 0.0909617 0.000132379 -0.000293301 -9.52176e-05 0.000132379 0.00960497 -0.0178254 0.000128775 -0.000293301 -0.0178254 0.088486 
0.010364 -0.0188038 -8.47183e-05 0.000123561 -0.0188038 0.0909566 0.000124302 -0.000321446 -8.47183e-05 0.000124302 0.00962082 -0.0178362 0.000123561 -0.000321446 -0.0178362 0.0884971 
0.0103293 -0.0187722 -6.17392e-05 0.000125044 -0.0187722 0.0908821 0.00012333 -0.000337082 -6.17392e-05 0.00012333 0.00964624 -0.0178669 0.000125044 -0.000337082 -0.0178669 0.088564 
0.0103035 -0.0187267 -5.36608e-05 7.86435e-05 -0.0187267 0.0907767 7.65579e-05 -0.000249399 -5.36608e-05 7.65579e-05 0.00966159 -0.0179001 7.86435e-05 -0.000249399 -0.0179001 0.0886477 
0.0102916 -0.0187073 -5.42088e-05 6.21879e-05 -0.0187073 0.0907177 6.18666e-05 -0.000175323 -5.42088e-05 6.18666e-05 0.00966676 -0.0179068 6.21879e-05 -0.000175323 -0.0179068 0.0886793 
0.0102909 -0.0186874 -4.73365e-05 6.16014e-05 -0.0186874 0.0906609 6.22371e-05 -0.00014924 -4.73365e-05 6.22371e-05 0.00966144 -0.017917 6.16014e-05 -0.00014924 -0.017917 0.0887062 
0.0102811 -0.0186799 -3.41004e-05 5.11108e-05 -0.0186799 0.090616 5.38026e-05 -0.000126483 -3.41004e-05 5.38026e-05 0.00965322 -0.0179109 5.11108e-05 -0.000126483 -0.0179109 0.0887092 
0.0102838 -0.0186796 -2.11021e-05 3.38991e-05 -0.0186796 0.0906233 3.89381e-05 -9.32678e-05 -2.11021e-05 3.89381e-05 0.00966006 -0.0179001 3.38991e-05 -9.32678e-05 -0.0179001 0.0886921 
0.0102786 -0.0186715 -1.88043e-05 1.54892e-05 -0.0186715 0.0906019 2.08169e-05 -4.80255e-05 -1.88043e-05 2.08169e-05 0.00968432 -0.0179216 1.54892e-05 -4.80255e-05 -0.0179216 0.0887293 
0.0102951 -0.0186844 -1.39699e-05 1.38229e-05 -0.0186844 0.0906393 1.7422e-05 -2.5916e-05 -1.39699e-05 1.7422e-05 0.00969635 -0.0179426 1.38229e-05 -2.5916e-05 -0.0179426 0.0887723 
0.0103138 -0.0187129 -1.77706e-05 2.17667e-05 -0.0187129 0.0907092 2.23079e-05 -4.54864e-05 -1.77706e-05 2.23079e-05 0.00970496 -0.0179535 2.17667e-05 -4.54864e-05 -0.0179535 0.0888039 
0.0103507 -0.0187429 -3.3691e-05 2.6741e-05 -0.0187429 0.0907906 2.25213e-05 -5.43881e-05 -3.3691e-05 2.25213e-05 0.00968119 -0.0179522 2.6741e-05 -5.43881e-05 -0.0179522 0.0887988 
0.0103633 -0.0187742 -5.33535e-05 6.83084e-05 -0.0187742 0.0908554 5.91967e-05 -0.000141167 -5.33535e-05 5.91967e-05 0.00966748 -0.0179385 6.83084e-05 -0.000141167 -0.0179385 0.0887904 
0.0103627 -0.0187917 -4.83023e-05 7.71466e-05 -0.0187917 0.0909068 6.7219e-05 -0.000176103 -4.83023e-05 6.7219e-05 0.00964855 -0.0179123 7.71466e-05 -0.000176103 -0.0179123 0.0887327 
0.0103458 -0.0187777 -4.0535e-05 5.92262e-05 -0.0187777 0.0908854 5.21348e-05 -0.000154587 -4.0535e-05 5.21348e-05 0.0096428 -0.0178986 5.92262e-05 -0.000154587 -0.0178986 0.0887015 
0.0103405 -0.0187766 -3.40043e-05 4.00064e-05 -0.0187766 0.090896 3.87303e-05 -0.000107375 -3.40043e-05 3.87303e-05 0.00963411 -0.0178718 4.00064e-05 -0.000107375 -0.0178718 0.0886257 
0.0103707 -0.018775 -3.51513e-05 4.14182e-05 -0.018775 0.0909054 4.63028e-05 -0.000109853 -3.51513e-05 4.63028e-05 0.00961088 -0.0178581 4.14182e-05 -0.000109853 -0.0178581 0.0885705 
0.0103716 -0.0187936 -4.88024e-05 4.21217e-05 -0.0187936 0.0909154 5.15038e-05 -0.000119077 -4.88024e-05 5.15038e-05 0.00962665 -0.0178515 4.21217e-05 -0.000119077 -0.0178515 0.0885657 
0.0103613 -0.018788 -6.59463e-05 5.451e-05 -0.018788 0.0909124 6.51851e-05 -0.000138449 -6.59463e-05 6.51851e-05 0.00965171 -0.0178865 5.451e-05 -0.000138449 -0.0178865 0.0886331 
0.0103416 -0.0187766 -6.84319e-05 6.44678e-05 -0.0187766 0.090887 7.24436e-05 -0.000151218 -6.84319e-05 7.24436e-05 0.00965719 -0.0179076 6.44678e-05 -0.000151218 -0.0179076 0.0886868 
0.0103124 -0.0187521 -6.93643e-05 7.60552e-05 -0.0187521 0.0908371 7.88745e-05 -0.000177481 -6.93643e-05 7.88745e-05 0.00966868 -0.0179159 7.60552e-05 -0.000177481 -0.0179159 0.0887279 
0.0102767 -0.0187105 -6.75478e-05 0.000102171 -0.0187105 0.0907454 0.000101114 -0.00024843 -6.75478e-05 0.000101114 0.00968902 -0.0179318 0.000102171 -0.00024843 -0.0179318 0.0887677 
0.0102469 -0.018672 -4.63295e-05 8.08464e-05 -0.018672 0.0906464 7.8443e-05 -0.000222564 -4.63295e-05 7.8443e-05 0.00969336 -0.0179407 8.08464e-05 -0.000222564 -0.0179407 0.0887798 
0.0102404 -0.018639 -4.47886e-05 6.65897e-05 -0.018639 0.0905601 6.52394e-05 -0.000196349 -4.47886e-05 6.52394e-05 0.00967886 -0.0179394 6.65897e-05 -0.000196349 -0.0179394 0.0887773 
0.0102535 -0.0186336 -4.66858e-05 5.62915e-05 -0.0186336 0.0905208 5.54282e-05 -0.000158737 -4.66858e-05 5.54282e-05 0.00965677 -0.0179169 5.62915e-05 -0.000158737 -0.0179169 0.0887352 
0.0102663 -0.018627 -5.79632e-05 6.93162e-05 -0.018627 0.0904746 6.51175e-05 -0.000174016 -5.79632e-05 6.51175e-05 0.00963601 -0.0179167 6.93162e-05 -0.000174016 -0.0179167 0.0887453 
0.0102825 -0.0186329 -7.76954e-05 8.03782e-05 -0.0186329 0.0904571 7.34277e-05 -0.00019366 -7.76954e-05 7.34277e-05 0.00960791 -0.0178963 8.03782e-05 -0.00019366 -0.0178963 0.0887216 
0.0102603 -0.0186506 -7.21228e-05 9.44547e-05 -0.0186506 0.0904734 8.87057e-05 -0.00021282 -7.21228e-05 8.87057e-05 0.00960886 -0.0178488 9.44547e-05 -0.00021282 -0.0178488 0.0886171 
0.0102418 -0.0186363 -8.26515e-05 9.6057e-05 -0.0186363 0.0904778 9.41955e-05 -0.000239275 -8.26515e-05 9.41955e-05 0.00961535 -0.0178329 9.6057e-05 -0.000239275 -0.0178329 0.088526 
0.0102351 -0.0186251 -7.60656e-05 0.000106139 -0.0186251 0.0904648 0.0001068 -0.000262047 -7.60656e-05 0.0001068 0.00960311 -0.0178162 0.000106139 -0.000262047 -0.0178162 0.0884376 
0.01019 -0.0186074 -5.5894e-05 9.24572e-05 -0.0186074 0.0904182 9.26804e-05 -0.000244085 -5.5894e-05 9.26804e-05 0.0096185 -0.0178014 9.24572e-05 -0.000244085 -0.0178014 0.0883798 
0.0101553 -0.0185518 -4.89439e-05 6.80927e-05 -0.0185518 0.0903163 6.37008e-05 -0.000191785 -4.89439e-05 6.37008e-05 0.00963017 -0.0178179 6.80927e-05 -0.000191785 -0.0178179 0.0883781 
0.0101508 -0.0185036 -4.92548e-05 5.86428e-05 -0.0185036 0.0901936 5.19751e-05 -0.000148319 -4.92548e-05 5.19751e-05 0.00963276 -0.017841 5.86428e-05 -0.000148319 -0.017841 0.0884288 
0.0101467 -0.0184869 -7.01825e-05 7.59574e-05 -0.0184869 0.0901048 7.29228e-05 -0.000183342 -7.01825e-05 7.29228e-05 0.00963194 -0.017851 7.59574e-05 -0.000183342 -0.017851 0.0884714 
0.0101561 -0.0184818 -6.10072e-05 8.33637e-05 -0.0184818 0.0900718 8.44482e-05 -0.000197746 -6.10072e-05 8.44482e-05 0.00962761 -0.0178578 8.33637e-05 -0.000197746 -0.0178578 0.0885079 
0.0101764 -0.0184901 -6.79269e-05 7.14125e-05 -0.0184901 0.090077 7.37943e-05 -0.000189188 -6.79269e-05 7.37943e-05 0.00963263 -0.0178646 7.14125e-05 -0.000189188 -0.0178646 0.0885443 
0.0101975 -0.0185313 -7.57626e-05 8.58531e-05 -0.0185313 0.0901599 8.68546e-05 -0.000208298 -7.57626e-05 8.68546e-05 0.00961638 -0.0178483 8.58531e-05 -0.000208298 -0.0178483 0.0885064 
0.0102176 -0.0185717 -6.73716e-05 7.97429e-05 -0.0185717 0.0902788 7.92706e-05 -0.000188152 -6.73716e-05 7.92706e-05 0.0095973 -0.0178178 7.97429e-05 -0.000188152 -0.0178178 0.0884315 
0.010225 -0.0186099 -5.65018e-05 7.34319e-05 -0.0186099 0.0904021 7.38959e-05 -0.000175924 -5.65018e-05 7.38959e-05 0.00959317 -0.0177851 7.34319e-05 -0.000175924 -0.0177851 0.0883411 
0.0102188 -0.0186141 -6.34328e-05 7.37588e-05 -0.0186141 0.0904513 7.63428e-05 -0.000189807 -6.34328e-05 7.63428e-05 0.00960434 -0.0177888 7.37588e-05 -0.000189807 -0.0177888 0.0883212 
0.0102283 -0.0186101 -6.42272e-05 7.7899e-05 -0.0186101 0.0904654 7.9966e-05 -0.000195273 -6.42272e-05 7.9966e-05 0.00959927 -0.0178033 7.7899e-05 -0.000195273 -0.0178033 0.0883421 
0.0102318 -0.0185999 -7.11094e-05 8.83188e-05 -0.0185999 0.0904327 8.81083e-05 -0.00022441 -7.11094e-05 8.81083e-05 0.00961496 -0.0178298 8.83188e-05 -0.00022441 -0.0178298 0.0884335 
0.0102292 -0.0186092 -6.95488e-05 9.25466e-05 -0.0186092 0.0904384 8.95267e-05 -0.000234018 -6.95488e-05 8.95267e-05 0.00963481 -0.0178444 9.25466e-05 -0.000234018 -0.0178444 0.0884853 
0.0102055 -0.0185993 -7.49392e-05 9.7927e-05 -0.0185993 0.0904207 9.65216e-05 -0.000251444 -7.49392e-05 9.65216e-05 0.00966385 -0.0178772 9.7927e-05 -0.000251444 -0.0178772 0.088564 
0.0101927 -0.0185876 -7.54026e-05 9.32593e-05 -0.0185876 0.0904149 9.69494e-05 -0.00024623 -7.54026e-05 9.69494e-05 0.00968942 -0.0178993 9.32593e-05 -0.00024623 -0.0178993 0.0886187 
0.010209 -0.0185724 -8.20669e-05 9.30916e-05 -0.0185724 0.0903822 0.000100509 -0.000248203 -8.20669e-05 0.000100509 0.00968298 -0.0179254 9.30916e-05 -0.000248203 -0.0179254 0.0886753 
0.0102338 -0.0185678 -8.70349e-05 0.000114686 -0.0185678 0.0903292 0.000118913 -0.000293448 -8.70349e-05 0.000118913 0.00966989 -0.0179467 0.000114686 -0.000293448 -0.0179467 0.0887675 
0.0102665 -0.0186022 -0.000102212 0.000124565 -0.0186022 0.090368 0.000121298 -0.000321995 -0.000102212 0.000121298 0.00964297 -0.0179243 0.000124565 -0.000321995 -0.0179243 0.0887567 
0.0102889 -0.0186775 -0.00010336 0.000133685 -0.0186775 0.0905476 0.000126585 -0.000329771 -0.00010336 0.000126585 0.00961808 -0.0178517 0.000133685 -0.000329771 -0.0178517 0.0885868 
0.0103041 -0.0186966 -9.46202e-05 0.000113178 -0.0186966 0.0906417 0.000107335 -0.000278479 -9.46202e-05 0.000107335 0.00959021 -0.0178257 0.000113178 -0.000278479 -0.0178257 0.088475 
0.0103049 -0.0187052 -8.29792e-05 0.000109201 -0.0187052 0.0906784 0.000106077 -0.000258958 -8.29792e-05 0.000106077 0.00959515 -0.0178085 0.000109201 -0.000258958 -0.0178085 0.0884297 
0.0102842 -0.0186896 -6.85746e-05 9.87043e-05 -0.0186896 0.0906463 9.93348e-05 -0.000244168 -6.85746e-05 9.93348e-05 0.00962462 -0.0178334 9.87043e-05 -0.000244168 -0.0178334 0.0884725 
0.0102865 -0.0186738 -6.97352e-05 9.25901e-05 -0.0186738 0.0906127 9.45288e-05 -0.000242275 -6.97352e-05 9.45288e-05 0.00961418 -0.0178523 9.25901e-05 -0.000242275 -0.0178523 0.088505 
0.0102945 -0.0186846 -8.80331e-05 9.12969e-05 -0.0186846 0.0906302 9.23577e-05 -0.00023689 -8.80331e-05 9.23577e-05 0.00961776 -0.017846 9.12969e-05 -0.00023689 -0.017846 0.0885217 
0.0102822 -0.0187038 -0.000108365 0.000117115 -0.0187038 0.0906823 0.000115463 -0.000276396 -0.000108365 0.000115463 0.00963589 -0.0178417 0.000117115 -0.000276396 -0.0178417 0.0885054 
0.0102529 -0.0186841 -0.000110817 0.000145556 -0.0186841 0.0906597 0.000139758 -0.000339967 -0.000110817 0.000139758 0.0096376 -0.0178515 0.000145556 -0.000339967 -0.0178515 0.0884987 
0.0102262 -0.018639 -0.000118474 0.000148422 -0.018639 0.0905628 0.000141936 -0.000372241 -0.000118474 0.000141936 0.0096282 -0.0178551 0.000148422 -0.000372241 -0.0178551 0.0885077 
0.010217 -0.0186103 -0.000104807 0.000145784 -0.0186103 0.0904831 0.000140673 -0.000364062 -0.000104807 0.000140673 0.00961341 -0.0178406 0.000145784 -0.000364062 -0.0178406 0.0884868 
0.0101999 -0.0185758 -8.81139e-05 0.000116233 -0.0185758 0.0903751 0.000113513 -0.000302317 -8.81139e-05 0.000113513 0.00962771 -0.0178456 0.000116233 -0.000302317 -0.0178456 0.0885078 
0.0101771 -0.0185469 -8.75243e-05 0.000104442 -0.0185469 0.0902796 0.000103375 -0.00026688 -8.75243e-05 0.000103375 0.0096557 -0.0178644 0.000104442 -0.00026688 -0.0178644 0.0885422 
0.0102012 -0.0185521 -0.000109798 0.000103799 -0.0185521 0.0902885 0.000103491 -0.000257546 -0.000109798 0.000103491 0.00964786 -0.0178673 0.000103799 -0.000257546 -0.0178673 0.0885285 
0.0102323 -0.0185602 -0.000117911 0.000131945 -0.0185602 0.090282 0.000129675 -0.000295691 -0.000117911 0.000129675 0.00964094 -0.0178834 0.000131945 -0.000295691 -0.0178834 0.088579 
0.010237 -0.0185951 -0.000107733 0.00014697 -0.0185951 0.0903328 0.000145293 -0.000345788 -0.000107733 0.000145293 0.00965224 -0.0178827 0.00014697 -0.000345788 -0.0178827 0.0886045 
0.0102229 -0.018608 -0.000117224 0.000158075 -0.018608 0.0903874 0.000159022 -0.000412337 -0.000117224 0.000159022 0.0096707 -0.0178933 0.000158075 -0.000412337 -0.0178933 0.0886267 
0.0102392 -0.0186143 -0.000107313 0.000143795 -0.0186143 0.0904456 0.00014868 -0.000387694 -0.000107313 0.00014868 0.00966065 -0.0179013 0.000143795 -0.000387694 -0.0179013 0.0886358 
0.0102602 -0.0186335 -0.000110273 0.000133154 -0.0186335 0.0904932 0.000138925 -0.000363846 -0.000110273 0.000138925 0.00963425 -0.017887 0.000133154 -0.000363846 -0.017887 0.0886163 
0.0102729 -0.0186359 -0.000129312 0.000133508 -0.0186359 0.0904954 0.000138015 -0.000346828 -0.000129312 0.000138015 0.00962148 -0.0178855 0.000133508 -0.000346828 -0.0178855 0.0886376 
0.0102868 -0.0186571 -0.000137603 0.00015855 -0.0186571 0.0905404 0.000157876 -0.00037261 -0.000137603 0.000157876 0.00962365 -0.0178674 0.00015855 -0.00037261 -0.0178674 0.0886119 
0.0102782 -0.0186857 -0.000151368 0.000174725 -0.0186857 0.0906125 0.000171226 -0.000415663 -0.000151368 0.000171226 0.00963613 -0.0178466 0.000174725 -0.000415663 -0.0178466 0.0885361 
0.0102765 -0.0186951 -0.000148233 0.000187002 -0.0186951 0.0906741 0.00018473 -0.0004474 -0.000148233 0.00018473 0.00962345 -0.0178307 0.000187002 -0.0004474 -0.0178307 0.0884463 
0.0102498 -0.0186846 -0.000156708 0.000195898 -0.0186846 0.0906646 0.000191988 -0.000485505 -0.000156708 0.000191988 0.00961557 -0.0178173 0.000195898 -0.000485505 -0.0178173 0.0883966 
0.0101962 -0.0186335 -0.000174851 0.000202495 -0.0186335 0.0905558 0.000196012 -0.000501369 -0.000174851 0.000196012 0.00963516 -0.0178261 0.000202495 -0.000501369 -0.0178261 0.0884133 
0.0101448 -0.0185704 -0.000186176 0.000227122 -0.0185704 0.0904129 0.000220402 -0.000548861 -0.000186176 0.000220402 0.00966826 -0.0178395 0.000227122 -0.000548861 -0.0178395 0.088431 
0.0100928 -0.0184893 -0.000161204 0.000231704 -0.0184893 0.0902065 0.000227255 -0.000571682 -0.000161204 0.000227255 0.00971307 -0.0178967 0.000231704 -0.000571682 -0.0178967 0.0885476 
0.010104 -0.0184339 -0.000146583 0.000198687 -0.0184339 0.0900492 0.000196939 -0.000529769 -0.000146583 0.000196939 0.00971178 -0.0179511 0.000198687 -0.000529769 -0.0179511 0.0886869 
0.0101209 -0.0184331 -0.000139712 0.000177072 -0.0184331 0.0899711 0.000176519 -0.000467664 -0.000139712 0.000176519 0.00971362 -0.0179679 0.000177072 -0.000467664 -0.0179679 0.0887911 
0.0101624 -0.018447 -0.000132726 0.000169537 -0.018447 0.0899662 0.000170282 -0.000434812 -0.000132726 0.000170282 0.00968829 -0.0179791 0.000169537 -0.000434812 -0.0179791 0.0888501 
0.0101988 -0.0185151 -0.000147987 0.00016893 -0.0185151 0.0900958 0.000170011 -0.00043054 -0.000147987 0.000170011 0.00965784 -0.017932 0.00016893 -0.00043054 -0.017932 0.0887773 
0.0102173 -0.0185688 -0.000166973 0.000190176 -0.0185688 0.0902541 0.000191873 -0.000465486 -0.000166973 0.000191873 0.00964867 -0.0178966 0.000190176 -0.000465486 -0.0178966 0.0886901 
0.0102321 -0.0185918 -0.000183364 0.000215816 -0.0185918 0.0903546 0.000217794 -0.000527662 -0.000183364 0.000217794 0.00964694 -0.01789 0.000215816 -0.000527662 -0.01789 0.0886498 
0.0102464 -0.0186221 -0.000183394 0.000234818 -0.0186221 0.090451 0.00023713 -0.000581049 -0.000183394 0.00023713 0.00964756 -0.0178739 0.000234818 -0.000581049 -0.0178739 0.0885952 
0.0102254 -0.0186224 -0.000171993 0.000231367 -0.0186224 0.0904649 0.000234482 -0.000593098 -0.000171993 0.000234482 0.00966833 -0.0178861 0.000231367 -0.000593098 -0.0178861 0.088603 
0.0102268 -0.0186123 -0.000153921 0.00020464 -0.0186123 0.0904737 0.000208606 -0.00053954 -0.000153921 0.000208606 0.00968151 -0.0179033 0.00020464 -0.00053954 -0.0179033 0.0886275 
0.0102365 -0.0186151 -0.000158854 0.000195033 -0.0186151 0.0904754 0.00020193 -0.000517967 -0.000158854 0.00020193 0.00968992 -0.0179203 0.000195033 -0.000517967 -0.0179203 0.0886693 
0.0102392 -0.0186315 -0.000156401 0.000183959 -0.0186315 0.0905087 0.000191377 -0.000473571 -0.000156401 0.000191377 0.00971067 -0.0179326 0.000183959 -0.000473571 -0.0179326 0.0887087 
0.0102535 -0.0186529 -0.000153625 0.000193114 -0.0186529 0.090568 0.000196614 -0.000480146 -0.000153625 0.000196614 0.00967562 -0.0179214 0.000193114 -0.000480146 -0.0179214 0.088661 
0.010246 -0.0186489 -0.000143085 0.000177726 -0.0186489 0.0905618 0.000178669 -0.000444912 -0.000143085 0.000178669 0.00966692 -0.0179109 0.000177726 -0.000444912 -0.0179109 0.0886683 
0.0102535 -0.0186202 -0.000141263 0.000166638 -0.0186202 0.0904936 0.000166876 -0.000413227 -0.000141263 0.000166876 0.00965936 -0.0179243 0.000166638 -0.000413227 -0.0179243 0.0887173 
0.0102532 -0.0186312 -0.000146378 0.000176253 -0.0186312 0.0904775 0.000174669 -0.000426552 -0.000146378 0.000174669 0.00965112 -0.0179035 0.000176253 -0.000426552 -0.0179035 0.0886919 
0.0102407 -0.0186505 -0.000145188 0.000189418 -0.0186505 0.0905319 0.000186037 -0.000459671 -0.000145188 0.000186037 0.0096534 -0.0178718 0.000189418 -0.000459671 -0.0178718 0.0886015 
0.0102346 -0.0186274 -0.000142692 0.000195818 -0.0186274 0.0905104 0.000189611 -0.000489639 -0.000142692 0.000189611 0.00964471 -0.0178808 0.000195818 -0.000489639 -0.0178808 0.0885856 
0.0102333 -0.0186093 -0.000131397 0.000178058 -0.0186093 0.0904582 0.000173192 -0.000459122 -0.000131397 0.000173192 0.00964897 -0.0178902 0.000178058 -0.000459122 -0.0178902 0.0886273 
0.0102331 -0.0186064 -0.00011214 0.0001458 -0.0186064 0.0904246 0.000145587 -0.000378483 -0.00011214 0.000145587 0.00964163 -0.0178863 0.0001458 -0.000378483 -0.0178863 0.0886265 
0.0102275 -0.0185826 -0.000108485 0.000136685 -0.0185826 0.0903532 0.000139081 -0.000352041 -0.000108485 0.000139081 0.00963844 -0.0179046 0.000136685 -0.000352041 -0.0179046 0.0886841 
0.0102497 -0.0185923 -0.000121852 0.000147569 -0.0185923 0.0903654 0.000149846 -0.000377716 -0.000121852 0.000149846 0.00963522 -0.0178929 0.000147569 -0.000377716 -0.0178929 0.088683 
0.0102887 -0.0186443 -0.000131228 0.000160069 -0.0186443 0.0904834 0.000162528 -0.000405463 -0.000131228 0.000162528 0.00963724 -0.0178649 0.000160069 -0.000405463 -0.0178649 0.0886068 
0.01031 -0.0187059 -0.000161237 0.00018514 -0.0187059 0.0906421 0.000187721 -0.000471132 -0.000161237 0.000187721 0.00963139 -0.0178418 0.00018514 -0.000471132 -0.0178418 0.0885012 
0.0103142 -0.0187215 -0.000176652 0.000184728 -0.0187215 0.0907213 0.000187244 -0.000458174 -0.000176652 0.000187244 0.00964659 -0.017862 0.000184728 -0.000458174 -0.017862 0.0885278 
0.0103036 -0.0187323 -0.000178502 0.000215069 -0.0187323 0.0907658 0.000214027 -0.000506654 -0.000178502 0.000214027 0.00966052 -0.0178703 0.000215069 -0.000506654 -0.0178703 0.0885436 
0.0102967 -0.0187186 -0.0001629 0.000219997 -0.0187186 0.0907587 0.000216255 -0.000536895 -0.0001629 0.000216255 0.0096658 -0.0178931 0.000219997 -0.000536895 -0.0178931 0.0885957 
0.0102779 -0.0187 -0.000148587 0.000209842 -0.0187 0.0907144 0.000204737 -0.000538069 -0.000148587 0.000204737 0.0096921 -0.0179176 0.000209842 -0.000538069 -0.0179176 0.0886787 
0.0102683 -0.0186783 -0.000127522 0.000182592 -0.0186783 0.0906635 0.00017827 -0.000481987 -0.000127522 0.00017827 0.00970697 -0.0179503 0.000182592 -0.000481987 -0.0179503 0.0887631 
0.0102517 -0.0186583 -0.000110253 0.000155357 -0.0186583 0.0905974 0.000154969 -0.000415344 -0.000110253 0.000154969 0.0097148 -0.0179711 0.000155357 -0.000415344 -0.0179711 0.088833 
0.0102524 -0.018658 -0.000131273 0.000142801 -0.018658 0.0905974 0.000143326 -0.000377951 -0.000131273 0.000143326 0.00969607 -0.0179559 0.000142801 -0.000377951 -0.0179559 0.0888053 
0.0102555 -0.0186534 -0.000167939 0.000174806 -0.0186534 0.0905846 0.000172663 -0.000417175 -0.000167939 0.000172663 0.00967384 -0.0179365 0.000174806 -0.000417175 -0.0179365 0.0887663 
0.0102338 -0.0186476 -0.000163778 0.000212122 -0.0186476 0.0905573 0.000206707 -0.000482116 -0.000163778 0.000206707 0.00966496 -0.0179078 0.000212122 -0.000482116 -0.0179078 0.0886975 
0.0101956 -0.0185919 -0.000158789 0.000208308 -0.0185919 0.090428 0.000203937 -0.000513067 -0.000158789 0.000203937 0.00967516 -0.0179204 0.000208308 -0.000513067 -0.0179204 0.0887132 
0.0101871 -0.0185583 -0.000149552 0.000207424 -0.0185583 0.0903365 0.000208067 -0.000530681 -0.000149552 0.000208067 0.00968556 -0.0179187 0.000207424 -0.000530681 -0.0179187 0.0887077 
0.010209 -0.0185509 -0.000145315 0.000193818 -0.0185509 0.0902862 0.000197587 -0.000517305 -0.000145315 0.000197587 0.00965882 -0.0179172 0.000193818 -0.000517305 -0.0179172 0.0886836 
0.0102028 -0.018569 -0.000134501 0.000175029 -0.018569 0.0902874 0.000178086 -0.000464133 -0.000134501 0.000178086 0.00965518 -0.0178947 0.000175029 -0.000464133 -0.0178947 0.0886538 
0.0101901 -0.0185686 -0.000138421 0.000171314 -0.0185686 0.0903035 0.000175723 -0.000446887 -0.000138421 0.000175723 0.00964298 -0.017879 0.000171314 -0.000446887 -0.017879 0.0885977 
0.010176 -0.018543 -0.000146804 0.000163804 -0.018543 0.0902593 0.000168509 -0.000417521 -0.000146804 0.000168509 0.00965072 -0.0178793 0.000163804 -0.000417521 -0.0178793 0.0885998 
0.0101757 -0.018543 -0.000154599 0.000181403 -0.018543 0.0902533 0.000181959 -0.000438564 -0.000154599 0.000181959 0.00963536 -0.0178588 0.000181403 -0.000438564 -0.0178588 0.0885328 
0.0101763 -0.0185428 -0.000163335 0.000182832 -0.0185428 0.0902556 0.000178793 -0.000436625 -0.000163335 0.000178793 0.00962739 -0.0178401 0.000182832 -0.000436625 -0.0178401 0.0884767 
0.0101791 -0.0185431 -0.000148272 0.000199086 -0.0185431 0.0902643 0.000193626 -0.000463929 -0.000148272 0.000193626 0.0096322 -0.0178393 0.000199086 -0.000463929 -0.0178393 0.0884635 
0.0101822 -0.0185392 -0.00013635 0.000186696 -0.0185392 0.0902608 0.000182027 -0.000467774 -0.00013635 0.000182027 0.00964579 -0.017864 0.000186696 -0.000467774 -0.017864 0.0885198 
0.0101797 -0.0185486 -0.000153508 0.000185853 -0.0185486 0.0902841 0.000183036 -0.000479581 -0.000153508 0.000183036 0.00965892 -0.0178816 0.000185853 -0.000479581 -0.0178816 0.0885735 
0.0101927 -0.0185599 -0.000172847 0.000206337 -0.0185599 0.0903334 0.00020478 -0.000516553 -0.000172847 0.00020478 0.00965887 -0.0178899 0.000206337 -0.000516553 -0.0178899 0.0885993 
0.0102121 -0.0185782 -0.000178097 0.000217076 -0.0185782 0.0903806 0.000215741 -0.000537788 -0.000178097 0.000215741 0.0096457 -0.0178884 0.000217076 -0.000537788 -0.0178884 0.0886065 
0.0102283 -0.018589 -0.000171604 0.000218931 -0.018589 0.0904038 0.00021912 -0.000546194 -0.000171604 0.00021912 0.00965683 -0.0178904 0.000218931 -0.000546194 -0.0178904 0.0886323 
