0.00758645 0 0.000465297 0 0 0.01 0 0 0.000465297 0 0.00707429 0 0 0 0 0.01 
0.01064 -0.0132105 0.000561224 -0.000690444 -0.0132105 0.0345045 -0.000690444 0.00132433 0.000561224 -0.000690444 0.010031 -0.0124601 -0.000690444 0.00132433 -0.0124601 0.033066 
0.0106112 -0.0198039 0.000408122 -0.000721541 -0.0198039 0.0724842 -0.000721541 0.00229231 0.000408122 -0.000721541 0.0101416 -0.0190492 -0.000721541 0.00229231 -0.0190492 0.070083 
0.0100315 -0.0193258 0.000337687 -0.000492045 -0.0193258 0.08619 -0.000486571 0.00175172 0.000337687 -0.000486571 0.00960807 -0.0188355 -0.000492045 0.00175172 -0.0188355 0.0845452 
0.0100201 -0.0186158 0.000340076 -0.000409116 -0.0186158 0.0889683 -0.000402298 0.00114331 0.000340076 -0.000402298 0.00956995 -0.0181426 -0.000409116 0.00114331 -0.0181426 0.0878489 
0.0102005 -0.0185725 0.000365453 -0.000423021 -0.0185725 0.0898983 -0.00042079 0.000985907 0.000365453 -0.00042079 0.00971408 -0.0179957 -0.000423021 0.000985907 -0.0179957 0.08866 
0.0103262 -0.0187177 0.000390778 -0.000476427 -0.0187177 0.0905507 -0.000473874 0.00110144 0.000390778 -0.000473874 0.00982971 -0.0180619 -0.000476427 0.00110144 -0.0180619 0.0890313 
0.0103581 -0.0187972 0.000415769 -0.000524555 -0.0187972 0.0908902 -0.000518882 0.00126576 0.000415769 -0.000518882 0.00987951 -0.0181258 -0.000524555 0.00126576 -0.0181258 0.0892026 
0.0103764 -0.0188044 0.000399268 -0.00051455 -0.0188044 0.0909827 -0.000509674 0.00128159 0.000399268 -0.000509674 0.00988171 -0.0181689 -0.00051455 0.00128159 -0.0181689 0.0892978 
0.0103808 -0.0188033 0.000381462 -0.000489711 -0.0188033 0.0909656 -0.000488094 0.00124435 0.000381462 -0.000488094 0.00987174 -0.0181831 -0.000489711 0.00124435 -0.0181831 0.0893551 
0.0103389 -0.0187889 0.000364844 -0.000471776 -0.0187889 0.0909054 -0.000472855 0.00120318 0.000364844 -0.000472855 0.00988767 -0.0181955 -0.000471776 0.00120318 -0.0181955 0.0894179 
0.0102992 -0.0187528 0.000347465 -0.000435825 -0.0187528 0.0908399 -0.000438003 0.00111004 0.000347465 -0.000438003 0.00988204 -0.0182047 -0.000435825 0.00111004 -0.0182047 0.0894442 
0.0102776 -0.0187001 0.000333306 -0.000417364 -0.0187001 0.0907278 -0.000419244 0.00104516 0.000333306 -0.000419244 0.00987836 -0.0182105 -0.000417364 0.00104516 -0.0182105 0.0894834 
0.010284 -0.0186687 0.000330972 -0.000408145 -0.0186687 0.0906312 -0.000409062 0.00101509 0.000330972 -0.000409062 0.00984961 -0.0182073 -0.000408145 0.00101509 -0.0182073 0.0894927 
0.0103031 -0.0186827 0.000324729 -0.000388586 -0.0186827 0.0906256 -0.000391737 0.000959867 0.000324729 -0.000391737 0.00982931 -0.0181721 -0.000388586 0.000959867 -0.0181721 0.0894456 
0.010322 -0.0187194 0.000321613 -0.000390842 -0.0187194 0.0907077 -0.000399001 0.000962608 0.000321613 -0.000399001 0.00982063 -0.0181367 -0.000390842 0.000962608 -0.0181367 0.0893538 
0.0103382 -0.0187453 0.000316929 -0.000386785 -0.0187453 0.0907892 -0.000396671 0.000959694 0.000316929 -0.000396671 0.00980335 -0.0181202 -0.000386785 0.000959694 -0.0181202 0.089283 
0.0103407 -0.0187714 0.000307592 -0.00038615 -0.0187714 0.0908661 -0.000392894 0.00096091 0.000307592 -0.000392894 0.00979032 -0.018092 -0.00038615 0.00096091 -0.018092 0.0892117 
0.0103103 -0.0187702 0.000301164 -0.000386334 -0.0187702 0.0908907 -0.000387766 0.00096864 0.000301164 -0.000387766 0.00980243 -0.0180763 -0.000386334 0.00096864 -0.0180763 0.0891573 
0.0102754 -0.018727 0.000299912 -0.000392719 -0.018727 0.090825 -0.000391497 0.000994283 0.000299912 -0.000391497 0.00982357 -0.0180974 -0.000392719 0.000994283 -0.0180974 0.0891778 
0.0102601 -0.0186867 0.000308579 -0.000389755 -0.0186867 0.0907334 -0.000389213 0.00100082 0.000308579 -0.000389213 0.00984402 -0.0181259 -0.000389755 0.00100082 -0.0181259 0.0892437 
0.0102536 -0.0186787 0.000316734 -0.000379986 -0.0186787 0.0906891 -0.000378678 0.000964636 0.000316734 -0.000378678 0.00985073 -0.0181372 -0.000379986 0.000964636 -0.0181372 0.0892756 
0.0102669 -0.0186664 0.000322332 -0.000390273 -0.0186664 0.0906561 -0.000385684 0.000964591 0.000322332 -0.000385684 0.00985292 -0.0181607 -0.000390273 0.000964591 -0.0181607 0.0893422 
0.0102912 -0.0186723 0.000320225 -0.000388188 -0.0186723 0.0906425 -0.00038174 0.000952859 0.000320225 -0.00038174 0.00986611 -0.0181846 -0.000388188 0.000952859 -0.0181846 0.0894334 
0.0103177 -0.0187145 0.000332935 -0.000394958 -0.0187145 0.0907203 -0.000391022 0.000973082 0.000332935 -0.000391022 0.00989213 -0.0181947 -0.000394958 0.000973082 -0.0181947 0.089478 
0.0103205 -0.0187359 0.000364704 -0.00042458 -0.0187359 0.0907723 -0.000422427 0.00104189 0.000364704 -0.000422427 0.00989846 -0.0182295 -0.00042458 0.00104189 -0.0182295 0.089547 
0.0103289 -0.0187505 0.000384541 -0.000455014 -0.0187505 0.0908316 -0.000454991 0.00111112 0.000384541 -0.000454991 0.00989893 -0.0182406 -0.000455014 0.00111112 -0.0182406 0.0896036 
0.0103487 -0.0187816 0.000405444 -0.000479407 -0.0187816 0.0909275 -0.000479012 0.00117779 0.000405444 -0.000479012 0.00988919 -0.0182257 -0.000479407 0.00117779 -0.0182257 0.0895829 
0.0103445 -0.0187837 0.000400052 -0.000500938 -0.0187837 0.0909429 -0.000499289 0.00122848 0.000400052 -0.000499289 0.00988889 -0.0182363 -0.000500938 0.00122848 -0.0182363 0.0896107 
0.0103475 -0.0187785 0.000386772 -0.000493972 -0.0187785 0.0909384 -0.000491366 0.00123719 0.000386772 -0.000491366 0.00987631 -0.01823 -0.000493972 0.00123719 -0.01823 0.0896044 
0.0103668 -0.0188021 0.000366939 -0.00047208 -0.0188021 0.0909954 -0.000469572 0.00119671 0.000366939 -0.000469572 0.00986512 -0.0182012 -0.00047208 0.00119671 -0.0182012 0.0895449 
0.010361 -0.0187882 0.000367706 -0.000451763 -0.0187882 0.0909611 -0.000449196 0.00114741 0.000367706 -0.000449196 0.00989927 -0.0182316 -0.000451763 0.00114741 -0.0182316 0.0896105 
0.0103566 -0.0187885 0.000364171 -0.000454178 -0.0187885 0.09095 -0.0004512 0.0011295 0.000364171 -0.0004512 0.00991707 -0.0182558 -0.000454178 0.0011295 -0.0182558 0.0896551 
0.010382 -0.0188096 0.000365883 -0.000442635 -0.0188096 0.0910097 -0.000440083 0.00110314 0.000365883 -0.000440083 0.0099172 -0.0182582 -0.000442635 0.00110314 -0.0182582 0.0896585 
0.0104044 -0.0188545 0.000368852 -0.000442985 -0.0188545 0.0911258 -0.000442397 0.00109106 0.000368852 -0.000442397 0.00993392 -0.0182566 -0.000442985 0.00109106 -0.0182566 0.0896519 
0.0104051 -0.0188877 0.000362652 -0.0004501 -0.0188877 0.0912253 -0.000447664 0.00109826 0.000362652 -0.000447664 0.00991875 -0.0182567 -0.0004501 0.00109826 -0.0182567 0.0896217 
0.0104063 -0.0188752 0.000373837 -0.000450894 -0.0188752 0.0912317 -0.000448591 0.00111435 0.000373837 -0.000448591 0.00991797 -0.0182616 -0.000450894 0.00111435 -0.0182616 0.0896519 
0.0103901 -0.0188526 0.000381208 -0.000461795 -0.0188526 0.0911592 -0.000463493 0.00113821 0.000381208 -0.000463493 0.00990866 -0.0182701 -0.000461795 0.00113821 -0.0182701 0.0896827 
0.0103794 -0.0188252 0.000382558 -0.000475031 -0.0188252 0.0910794 -0.000482063 0.00117948 0.000382558 -0.000482063 0.00989315 -0.0182657 -0.000475031 0.00117948 -0.0182657 0.0896979 
0.0104062 -0.0188389 0.000372625 -0.000471819 -0.0188389 0.0911063 -0.000478128 0.00118699 0.000372625 -0.000478128 0.00988561 -0.0182328 -0.000471819 0.00118699 -0.0182328 0.0896377 
0.0104304 -0.0188794 0.000384552 -0.000459473 -0.0188794 0.0911886 -0.000461878 0.00116305 0.000384552 -0.000461878 0.00988618 -0.0182088 -0.000459473 0.00116305 -0.0182088 0.0895505 
0.0104075 -0.0188886 0.000385437 -0.000478559 -0.0188886 0.0912103 -0.000479792 0.00118304 0.000385437 -0.000479792 0.00990911 -0.0182229 -0.000478559 0.00118304 -0.0182229 0.0895536 
0.0103835 -0.0188632 0.000376835 -0.000463859 -0.0188632 0.0911789 -0.000466477 0.00115588 0.000376835 -0.000466477 0.00991033 -0.0182472 -0.000463859 0.00115588 -0.0182472 0.0895933 
0.0103742 -0.0188278 0.000362807 -0.000466867 -0.0188278 0.0911005 -0.000472099 0.00116542 0.000362807 -0.000472099 0.00990573 -0.0182594 -0.000466867 0.00116542 -0.0182594 0.0896486 
0.0103802 -0.0188246 0.000346786 -0.000444875 -0.0188246 0.0910668 -0.000451995 0.00113423 0.000346786 -0.000451995 0.00987362 -0.0182365 -0.000444875 0.00113423 -0.0182365 0.0896135 
0.0103746 -0.0188237 0.000321777 -0.0004111 -0.0188237 0.0910522 -0.000415588 0.00104792 0.000321777 -0.000415588 0.00986587 -0.0182105 -0.0004111 0.00104792 -0.0182105 0.0895678 
0.010352 -0.0188181 0.000314888 -0.000387373 -0.0188181 0.0910355 -0.000388611 0.000978854 0.000314888 -0.000388611 0.00985692 -0.0181851 -0.000387373 0.000978854 -0.0181851 0.0894873 
0.0103513 -0.0187977 0.000335816 -0.000390303 -0.0187977 0.0910051 -0.000389801 0.00096797 0.000335816 -0.000389801 0.00982747 -0.0181613 -0.000390303 0.00096797 -0.0181613 0.089409 
0.0103269 -0.0187723 0.000336274 -0.000415724 -0.0187723 0.0909175 -0.000411535 0.00100202 0.000336274 -0.000411535 0.00981825 -0.0181382 -0.000415724 0.00100202 -0.0181382 0.0893557 
0.0103107 -0.0187569 0.000340284 -0.000415781 -0.0187569 0.0908873 -0.000409771 0.00101875 0.000340284 -0.000409771 0.00983698 -0.0181232 -0.000415781 0.00101875 -0.0181232 0.0893066 
0.010285 -0.0187299 0.000342867 -0.000427587 -0.0187299 0.0908245 -0.000422523 0.00104958 0.000342867 -0.000422523 0.00985962 -0.0181476 -0.000427587 0.00104958 -0.0181476 0.0893259 
0.0102677 -0.0186974 0.000325336 -0.000427065 -0.0186974 0.0907467 -0.00042429 0.00106126 0.000325336 -0.00042429 0.0098651 -0.0181807 -0.000427065 0.00106126 -0.0181807 0.0894004 
0.0102711 -0.018673 0.000320214 -0.000399865 -0.018673 0.0906752 -0.000401866 0.00102438 0.000320214 -0.000401866 0.00986478 -0.0181958 -0.000399865 0.00102438 -0.0181958 0.0894686 
0.0102651 -0.0186898 0.000324793 -0.000394603 -0.0186898 0.0906861 -0.000397096 0.000996778 0.000324793 -0.000397096 0.00986584 -0.0181721 -0.000394603 0.000996778 -0.0181721 0.0894266 
0.0102536 -0.0186697 0.000329617 -0.000400846 -0.0186697 0.0906454 -0.000401007 0.000994652 0.000329617 -0.000401007 0.00984401 -0.0181746 -0.000400846 0.000994652 -0.0181746 0.0894073 
0.0102287 -0.0186509 0.000326176 -0.000405086 -0.0186509 0.0905917 -0.000401639 0.000996531 0.000326176 -0.000401639 0.0098435 -0.0181524 -0.000405086 0.000996531 -0.0181524 0.0893759 
0.0102291 -0.0186137 0.00032116 -0.000398684 -0.0186137 0.0905075 -0.000393045 0.000984185 0.00032116 -0.000393045 0.00983166 -0.018157 -0.000398684 0.000984185 -0.018157 0.0893706 
0.010236 -0.018616 0.000320049 -0.000388244 -0.018616 0.0904745 -0.000383106 0.000955158 0.000320049 -0.000383106 0.00982091 -0.0181326 -0.000388244 0.000955158 -0.0181326 0.0893221 
0.0102435 -0.0186297 0.000326513 -0.000394737 -0.0186297 0.0904969 -0.000394458 0.00096671 0.000326513 -0.000394458 0.0098115 -0.0181103 -0.000394737 0.00096671 -0.0181103 0.0892504 
0.0102361 -0.018628 0.000321224 -0.000396106 -0.018628 0.0904954 -0.000398326 0.000972957 0.000321224 -0.000398326 0.00981536 -0.0181096 -0.000396106 0.000972957 -0.0181096 0.0892298 
0.0102207 -0.0186239 0.000304857 -0.000402852 -0.0186239 0.0904921 -0.0004025 0.000996294 0.000304857 -0.0004025 0.00980795 -0.0180995 -0.000402852 0.000996294 -0.0180995 0.0891872 
0.0102132 -0.018608 0.000306074 -0.000388399 -0.018608 0.0904733 -0.000386854 0.000988862 0.000306074 -0.000386854 0.00981041 -0.018095 -0.000388399 0.000988862 -0.018095 0.0891735 
0.0102118 -0.0185857 0.000313016 -0.000374172 -0.0185857 0.0904171 -0.000375256 0.000946403 0.000313016 -0.000375256 0.00982974 -0.0181253 -0.000374172 0.000946403 -0.0181253 0.0892506 
0.0102186 -0.0186132 0.00033034 -0.000387064 -0.0186132 0.090474 -0.000390487 0.000959603 0.00033034 -0.000390487 0.00984492 -0.0181246 -0.000387064 0.000959603 -0.0181246 0.0892561 
0.0101997 -0.018614 0.000349491 -0.000417392 -0.018614 0.0904911 -0.000419322 0.00102268 0.000349491 -0.000419322 0.00984613 -0.0181389 -0.000417392 0.00102268 -0.0181389 0.0892686 
0.010199 -0.0186137 0.000350048 -0.000437963 -0.0186137 0.0905263 -0.000435057 0.00107501 0.000350048 -0.000435057 0.00984836 -0.0181298 -0.000437963 0.00107501 -0.0181298 0.0892569 
0.0102099 -0.0186023 0.00033932 -0.000431445 -0.0186023 0.0905087 -0.000425379 0.00107273 0.00033932 -0.000425379 0.00984455 -0.018145 -0.000431445 0.00107273 -0.018145 0.0892874 
0.0102328 -0.018631 0.000314243 -0.000415467 -0.018631 0.0905605 -0.000410712 0.00103938 0.000314243 -0.000410712 0.00983268 -0.018123 -0.000415467 0.00103938 -0.018123 0.0892467 
0.0102343 -0.0186074 0.000316433 -0.000399641 -0.0186074 0.0904821 -0.000397835 0.00101973 0.000316433 -0.000397835 0.00981103 -0.0181415 -0.000399641 0.00101973 -0.0181415 0.0892862 
0.0102396 -0.0185987 0.000320203 -0.000390823 -0.0185987 0.0904241 -0.000392131 0.000988333 0.000320203 -0.000392131 0.0097969 -0.0181291 -0.000390823 0.000988333 -0.0181291 0.089303 
0.0102496 -0.0186121 0.000317954 -0.000384104 -0.0186121 0.09043 -0.000388636 0.000958012 0.000317954 -0.000388636 0.00978342 -0.0181001 -0.000384104 0.000958012 -0.0181001 0.0892444 
0.0102515 -0.0186374 0.000321976 -0.000384342 -0.0186374 0.0904918 -0.000391975 0.000957522 0.000321976 -0.000391975 0.00979494 -0.0180812 -0.000384342 0.000957522 -0.0180812 0.0891925 
0.0102587 -0.0186661 0.000307963 -0.000387017 -0.0186661 0.0905946 -0.000392963 0.000957474 0.000307963 -0.000392963 0.00979816 -0.0180692 -0.000387017 0.000957474 -0.0180692 0.0891229 
0.0102318 -0.0186645 0.000283219 -0.000370794 -0.0186645 0.0906152 -0.00037296 0.000929961 0.000283219 -0.00037296 0.00981405 -0.018081 -0.000370794 0.000929961 -0.018081 0.0891269 
0.0102191 -0.0186391 0.00027352 -0.000346861 -0.0186391 0.0905929 -0.000346499 0.000884365 0.00027352 -0.000346499 0.00981754 -0.0180991 -0.000346861 0.000884365 -0.0180991 0.0891619 
0.0102326 -0.0186233 0.000277164 -0.000349944 -0.0186233 0.0905558 -0.000350607 0.000885655 0.000277164 -0.000350607 0.00980431 -0.0181063 -0.000349944 0.000885655 -0.0181063 0.0891967 
0.0102579 -0.018646 0.000287626 -0.000348185 -0.018646 0.0905792 -0.000352931 0.000885527 0.000287626 -0.000352931 0.0097788 -0.0180813 -0.000348185 0.000885527 -0.0180813 0.0891631 
0.0102347 -0.018659 0.000303111 -0.000358043 -0.018659 0.0905906 -0.000364681 0.000900105 0.000303111 -0.000364681 0.00978224 -0.0180557 -0.000358043 0.000900105 -0.0180557 0.0891051 
0.0102106 -0.0186234 0.000300877 -0.000372312 -0.0186234 0.0905394 -0.000373764 0.000917651 0.000300877 -0.000373764 0.00978765 -0.0180709 -0.000372312 0.000917651 -0.0180709 0.0891146 
0.0101937 -0.0185843 0.000313645 -0.000383206 -0.0185843 0.0904404 -0.000376893 0.000948353 0.000313645 -0.000376893 0.00980018 -0.0180897 -0.000383206 0.000948353 -0.0180897 0.08917 
0.0101823 -0.0185678 0.000307978 -0.000389995 -0.0185678 0.0903718 -0.000379836 0.000955315 0.000307978 -0.000379836 0.00980005 -0.0180891 -0.000389995 0.000955315 -0.0180891 0.0891728 
0.0101732 -0.0185655 0.000304863 -0.000390809 -0.0185655 0.0903559 -0.000382474 0.000971016 0.000304863 -0.000382474 0.00978454 -0.0180618 -0.000390809 0.000971016 -0.0180618 0.0890927 
0.0101588 -0.0185492 0.000292493 -0.000375939 -0.0185492 0.0903259 -0.000373503 0.000948969 0.000292493 -0.000373503 0.0097966 -0.0180566 -0.000375939 0.000948969 -0.0180566 0.0890689 
0.0101562 -0.0184999 0.000294321 -0.000376998 -0.0184999 0.0902021 -0.000375218 0.000955799 0.000294321 -0.000375218 0.00979879 -0.018103 -0.000376998 0.000955799 -0.018103 0.089166 
0.0101629 -0.0185114 0.000285278 -0.000364668 -0.0185114 0.0901863 -0.000361525 0.000921081 0.000285278 -0.000361525 0.00979709 -0.0180964 -0.000364668 0.000921081 -0.0180964 0.0891915 
0.0101751 -0.0185472 0.000277127 -0.000334457 -0.0185472 0.0902688 -0.000333375 0.000840748 0.000277127 -0.000333375 0.00977867 -0.0180572 -0.000334457 0.000840748 -0.0180572 0.0890912 
0.0101762 -0.0185728 0.000256416 -0.00032332 -0.0185728 0.0903531 -0.000325332 0.000793152 0.000256416 -0.000325332 0.0097656 -0.0180142 -0.00032332 0.000793152 -0.0180142 0.0889576 
0.0101487 -0.0185422 0.000256502 -0.000320597 -0.0185422 0.0903021 -0.000323919 0.000800875 0.000256502 -0.000323919 0.00978501 -0.0180288 -0.000320597 0.000800875 -0.0180288 0.0889603 
0.0101274 -0.0185199 0.000275728 -0.000330967 -0.0185199 0.0902576 -0.000333133 0.000829219 0.000275728 -0.000333133 0.00980212 -0.0180398 -0.000330967 0.000829219 -0.0180398 0.088966 
0.0101209 -0.0184669 0.000294214 -0.000351672 -0.0184669 0.0901187 -0.000353269 0.000869913 0.000294214 -0.000353269 0.00979486 -0.0180823 -0.000351672 0.000869913 -0.0180823 0.0890627 
0.0101031 -0.0184545 0.000313559 -0.00039515 -0.0184545 0.0900348 -0.00039582 0.000979265 0.000313559 -0.00039582 0.0097805 -0.0180692 -0.00039515 0.000979265 -0.0180692 0.0890798 
0.010093 -0.018436 0.000306128 -0.00040328 -0.018436 0.0899928 -0.000404011 0.00102154 0.000306128 -0.000404011 0.00978727 -0.0180613 -0.00040328 0.00102154 -0.0180613 0.0890804 
0.0100947 -0.0184249 0.000285678 -0.000373906 -0.0184249 0.089958 -0.000376307 0.00097025 0.000285678 -0.000376307 0.00978019 -0.0180636 -0.000373906 0.00097025 -0.0180636 0.0890733 
0.0101034 -0.018451 0.000258468 -0.000334406 -0.018451 0.0900119 -0.000336281 0.000868754 0.000258468 -0.000336281 0.00977065 -0.0180293 -0.000334406 0.000868754 -0.0180293 0.088992 
0.0101099 -0.0184567 0.000258674 -0.000325411 -0.0184567 0.0900404 -0.000327975 0.000837779 0.000258674 -0.000327975 0.00974897 -0.0180141 -0.000325411 0.000837779 -0.0180141 0.088925 
0.0101354 -0.0184621 0.000244794 -0.000328513 -0.0184621 0.0900574 -0.000332767 0.000840327 0.000244794 -0.000332767 0.00971243 -0.0179952 -0.000328513 0.000840327 -0.0179952 0.0888852 
0.010152 -0.0184885 0.000237897 -0.000306356 -0.0184885 0.0900997 -0.000310938 0.000804636 0.000237897 -0.000310938 0.00969709 -0.0179578 -0.000306356 0.000804636 -0.0179578 0.0888215 
0.0101825 -0.0185182 0.00022407 -0.000287371 -0.0185182 0.0901791 -0.000289681 0.000741133 0.00022407 -0.000289681 0.00967627 -0.017927 -0.000287371 0.000741133 -0.017927 0.0887259 
0.010178 -0.0185462 0.000219258 -0.00027596 -0.0185462 0.0902432 -0.000275897 0.000703575 0.000219258 -0.000275897 0.00968953 -0.0179135 -0.00027596 0.000703575 -0.0179135 0.0886829 
0.0101591 -0.0185396 0.000214671 -0.00026862 -0.0185396 0.0902589 -0.000265856 0.000672322 0.000214671 -0.000265856 0.00971373 -0.0179336 -0.00026862 0.000672322 -0.0179336 0.0887031 
0.0101474 -0.0185071 0.000216404 -0.000268749 -0.0185071 0.0901986 -0.000267487 0.000668907 0.000216404 -0.000267487 0.00972883 -0.0179758 -0.000268749 0.000668907 -0.0179758 0.0887997 
0.0101447 -0.0184978 0.000227301 -0.000282166 -0.0184978 0.090159 -0.000283511 0.000705344 0.000227301 -0.000283511 0.0097173 -0.0179832 -0.000282166 0.000705344 -0.0179832 0.088839 
0.0101272 -0.0184831 0.000211952 -0.000285809 -0.0184831 0.0901113 -0.000286833 0.000715604 0.000211952 -0.000286833 0.00971927 -0.0179812 -0.000285809 0.000715604 -0.0179812 0.0888629 
0.0101259 -0.0184606 0.000202807 -0.000268572 -0.0184606 0.0900607 -0.000269103 0.000692887 0.000202807 -0.000269103 0.00971046 -0.0179844 -0.000268572 0.000692887 -0.0179844 0.0888713 
0.0101334 -0.0184778 0.000199305 -0.000244134 -0.0184778 0.0900851 -0.000245089 0.000629565 0.000199305 -0.000245089 0.00969893 -0.0179531 -0.000244134 0.000629565 -0.0179531 0.0888059 
0.0101388 -0.0184772 0.000208396 -0.000248516 -0.0184772 0.090091 -0.000249921 0.000623053 0.000208396 -0.000249921 0.00970353 -0.017954 -0.000248516 0.000623053 -0.017954 0.0887956 
0.0101502 -0.0184944 0.000241552 -0.000270988 -0.0184944 0.0901309 -0.000272919 0.000673131 0.000241552 -0.000272919 0.00970496 -0.0179429 -0.000270988 0.000673131 -0.0179429 0.0887537 
0.0101519 -0.0185172 0.000257628 -0.000316684 -0.0185172 0.090188 -0.000316857 0.000768175 0.000257628 -0.000316857 0.00970074 -0.0179281 -0.000316684 0.000768175 -0.0179281 0.0886957 
0.0101508 -0.0185293 0.000248448 -0.00032383 -0.0185293 0.0902403 -0.000321897 0.000805443 0.000248448 -0.000321897 0.00970598 -0.017917 -0.00032383 0.000805443 -0.017917 0.0886529 
0.0101457 -0.0185022 0.000233286 -0.000306812 -0.0185022 0.0901836 -0.000307257 0.000784149 0.000233286 -0.000307257 0.00970803 -0.017948 -0.000306812 0.000784149 -0.017948 0.0887126 
0.0101508 -0.0184927 0.000224015 -0.00027183 -0.0184927 0.0901407 -0.000277562 0.000708828 0.000224015 -0.000277562 0.0097083 -0.0179604 -0.00027183 0.000708828 -0.0179604 0.0887726 
0.0101538 -0.0185006 0.00021713 -0.00026668 -0.0185006 0.0901377 -0.000272859 0.000674509 0.00021713 -0.000272859 0.00970272 -0.0179559 -0.00026668 0.000674509 -0.0179559 0.0887817 
0.0101517 -0.018517 0.000232481 -0.000285747 -0.018517 0.0901795 -0.000287929 0.000719218 0.000232481 -0.000287929 0.00969574 -0.0179321 -0.000285747 0.000719218 -0.0179321 0.088727 
0.0101304 -0.0185154 0.000234184 -0.000292043 -0.0185154 0.0902005 -0.000288213 0.000728125 0.000234184 -0.000288213 0.00970777 -0.0179312 -0.000292043 0.000728125 -0.0179312 0.0887116 
0.0101154 -0.0184873 0.000231937 -0.00030228 -0.0184873 0.0901614 -0.000294816 0.000752095 0.000231937 -0.000294816 0.00971903 -0.0179484 -0.00030228 0.000752095 -0.0179484 0.0887387 
0.0101133 -0.01849 0.000224567 -0.000285973 -0.01849 0.0901713 -0.000280044 0.000724189 0.000224567 -0.000280044 0.00971524 -0.0179422 -0.000285973 0.000724189 -0.0179422 0.0887219 
0.0100972 -0.0184618 0.000220656 -0.000283215 -0.0184618 0.0901046 -0.000278328 0.000714089 0.000220656 -0.000278328 0.00972249 -0.0179625 -0.000283215 0.000714089 -0.0179625 0.0887732 
0.0101041 -0.0184599 0.000225579 -0.000279608 -0.0184599 0.0900929 -0.000274769 0.000707691 0.000225579 -0.000274769 0.00972177 -0.0179518 -0.000279608 0.000707691 -0.0179518 0.0887583 
0.0100971 -0.0184369 0.000249629 -0.000290428 -0.0184369 0.0900183 -0.000287729 0.000730723 0.000249629 -0.000287729 0.00974414 -0.0179872 -0.000290428 0.000730723 -0.0179872 0.0888466 
0.010081 -0.0184306 0.000265427 -0.000320175 -0.0184306 0.0899747 -0.000319457 0.000788782 0.000265427 -0.000319457 0.00975899 -0.0180016 -0.000320175 0.000788782 -0.0180016 0.0888883 
0.0100715 -0.0184063 0.000276573 -0.000343136 -0.0184063 0.0899169 -0.00034434 0.000858421 0.000276573 -0.00034434 0.00976292 -0.0180232 -0.000343136 0.000858421 -0.0180232 0.0889418 
0.0100592 -0.0183738 0.00028019 -0.000356858 -0.0183738 0.0898151 -0.000359082 0.000907785 0.00028019 -0.000359082 0.00976672 -0.0180446 -0.000356858 0.000907785 -0.0180446 0.089014 
0.0100514 -0.0183753 0.000260727 -0.000339819 -0.0183753 0.0897893 -0.00034159 0.000872464 0.000260727 -0.00034159 0.00974821 -0.0180213 -0.000339819 0.000872464 -0.0180213 0.0889713 
0.0100821 -0.0183605 0.000234221 -0.000307607 -0.0183605 0.0897656 -0.000308447 0.000794552 0.000234221 -0.000308447 0.00971413 -0.0180147 -0.000307607 0.000794552 -0.0180147 0.0889567 
0.0101052 -0.0184283 0.000227272 -0.000287265 -0.0184283 0.0898965 -0.000287717 0.000741814 0.000227272 -0.000287717 0.00969177 -0.0179427 -0.000287265 0.000741814 -0.0179427 0.0888054 
0.0100864 -0.0184544 0.000235548 -0.000290845 -0.0184544 0.0899968 -0.000293859 0.000743116 0.000235548 -0.000293859 0.00970618 -0.0179106 -0.000290845 0.000743116 -0.0179106 0.0886774 
0.0100569 -0.0184238 0.000226417 -0.00028763 -0.0184238 0.089979 -0.000292874 0.000731266 0.000226417 -0.000292874 0.00974853 -0.0179419 -0.00028763 0.000731266 -0.0179419 0.0886975 
0.0100391 -0.0183842 0.000232177 -0.000286146 -0.0183842 0.0898967 -0.000289542 0.000735253 0.000232177 -0.000289542 0.00979048 -0.0180014 -0.000286146 0.000735253 -0.0180014 0.0888173 
0.0100419 -0.018366 0.000225191 -0.000282455 -0.018366 0.0898345 -0.000281748 0.00071087 0.000225191 -0.000281748 0.0098067 -0.0180519 -0.000282455 0.00071087 -0.0180519 0.0889474 
0.0100528 -0.0183785 0.000205417 -0.000270634 -0.0183785 0.0898429 -0.000266874 0.000674761 0.000205417 -0.000266874 0.00980166 -0.0180649 -0.000270634 0.000674761 -0.0180649 0.0890107 
0.0100653 -0.0183798 0.000200849 -0.000252352 -0.0183798 0.0898406 -0.000248294 0.000637556 0.000200849 -0.000248294 0.00979282 -0.0180758 -0.000252352 0.000637556 -0.0180758 0.0890684 
0.0100702 -0.0183934 0.000219345 -0.000283163 -0.0183934 0.0898627 -0.000280025 0.00070928 0.000219345 -0.000280025 0.00978549 -0.0180644 -0.000283163 0.00070928 -0.0180644 0.0890694 
0.0100674 -0.0184034 0.00023172 -0.00028167 -0.0184034 0.0898964 -0.000278685 0.000713027 0.00023172 -0.000278685 0.00979511 -0.0180607 -0.00028167 0.000713027 -0.0180607 0.089068 
0.0100689 -0.0184096 0.000248393 -0.000292676 -0.0184096 0.0899308 -0.000291359 0.000730556 0.000248393 -0.000291359 0.00981048 -0.0180706 -0.000292676 0.000730556 -0.0180706 0.0890828 
0.0100878 -0.0184245 0.000259845 -0.000318019 -0.0184245 0.089981 -0.000319945 0.000788366 0.000259845 -0.000319945 0.0098096 -0.0180786 -0.000318019 0.000788366 -0.0180786 0.0890922 
0.0101224 -0.0184629 0.000261977 -0.000332926 -0.0184629 0.0900746 -0.000336037 0.000838268 0.000261977 -0.000336037 0.00977608 -0.0180602 -0.000332926 0.000838268 -0.0180602 0.0890499 
0.0101333 -0.0184846 0.000253954 -0.000325369 -0.0184846 0.0901215 -0.000329269 0.000832929 0.000253954 -0.000329269 0.00975122 -0.018036 -0.000325369 0.000832929 -0.018036 0.0890108 
0.0101278 -0.0184839 0.000247962 -0.000305798 -0.0184839 0.090122 -0.000308764 0.000782515 0.000247962 -0.000308764 0.00974644 -0.0180168 -0.000305798 0.000782515 -0.0180168 0.0889757 
0.0101096 -0.0184934 0.000247171 -0.000304469 -0.0184934 0.0901504 -0.00030227 0.000756321 0.000247171 -0.00030227 0.00975246 -0.0179855 -0.000304469 0.000756321 -0.0179855 0.0888808 
0.0100925 -0.0184649 0.000251005 -0.000289037 -0.0184649 0.0901094 -0.000285307 0.000708234 0.000251005 -0.000285307 0.0097624 -0.0180022 -0.000289037 0.000708234 -0.0180022 0.0888812 
0.0100832 -0.0184251 0.000257305 -0.000322163 -0.0184251 0.0900009 -0.000319201 0.000773207 0.000257305 -0.000319201 0.0097594 -0.0180265 -0.000322163 0.000773207 -0.0180265 0.0889403 
0.0100823 -0.0184067 0.000259574 -0.000322994 -0.0184067 0.089921 -0.000318775 0.000797141 0.000259574 -0.000318775 0.00975849 -0.0180336 -0.000322994 0.000797141 -0.0180336 0.0889915 
0.0100767 -0.0183946 0.000261202 -0.000331046 -0.0183946 0.0898614 -0.000327057 0.000823294 0.000261202 -0.000327057 0.00976406 -0.0180376 -0.000331046 0.000823294 -0.0180376 0.0890168 
0.0100789 -0.0183974 0.000254936 -0.000326322 -0.0183974 0.0898571 -0.000324378 0.000823016 0.000254936 -0.000324378 0.0097728 -0.0180374 -0.000326322 0.000823016 -0.0180374 0.0890159 
0.0100802 -0.018411 0.000255207 -0.000334862 -0.018411 0.0898857 -0.000332514 0.000849881 0.000255207 -0.000332514 0.00975488 -0.0180221 -0.000334862 0.000849881 -0.0180221 0.0889562 
0.0101012 -0.0184236 0.000269324 -0.000351033 -0.0184236 0.0899354 -0.000348627 0.000901258 0.000269324 -0.000348627 0.00972617 -0.0179883 -0.000351033 0.000901258 -0.0179883 0.0888649 
0.010095 -0.0184467 0.000276223 -0.000343691 -0.0184467 0.0899867 -0.000343953 0.00088557 0.000276223 -0.000343953 0.00972018 -0.0179563 -0.000343691 0.00088557 -0.0179563 0.0887801 
0.010068 -0.0184291 0.000266779 -0.000334984 -0.0184291 0.0899767 -0.000336537 0.000849298 0.000266779 -0.000336537 0.00976038 -0.0179705 -0.000334984 0.000849298 -0.0179705 0.0887932 
0.0100695 -0.0184116 0.000262338 -0.000313286 -0.0184116 0.0899553 -0.000314407 0.000789648 0.000262338 -0.000314407 0.00974848 -0.0179993 -0.000313286 0.000789648 -0.0179993 0.0888237 
0.0100652 -0.0184068 0.000255319 -0.000310841 -0.0184068 0.0899274 -0.000313207 0.00076572 0.000255319 -0.000313207 0.00973511 -0.0179912 -0.000310841 0.00076572 -0.0179912 0.0888406 
