0.00788776 0 1.19357e-05 0 0 0.01 0 0 1.19357e-05 0 0.00679998 0 0 0 0 0.01 
0.0110115 -0.0136681 1.11935e-05 -1.41842e-05 -0.0136681 0.0353817 -1.41842e-05 2.71304e-05 1.11935e-05 -1.41842e-05 0.00969616 -0.0120482 -1.41842e-05 2.71304e-05 -0.0120482 0.0322763 
0.010871 -0.0203562 7.23356e-06 -1.78346e-05 -0.0203562 0.0742404 -1.78346e-05 5.77202e-05 7.23356e-06 -1.78346e-05 0.0099014 -0.0185495 -1.78346e-05 5.77202e-05 -0.0185495 0.0684956 
0.0101982 -0.0196837 1.57552e-05 -2.33214e-05 -0.0196837 0.087598 -2.33227e-05 9.10405e-05 1.57552e-05 -2.33227e-05 0.00937932 -0.0184643 -2.33214e-05 9.10405e-05 -0.0184643 0.0830983 
0.0101805 -0.0188215 2.52837e-05 -2.83946e-05 -0.0188215 0.0897413 -2.93392e-05 7.9077e-05 2.52837e-05 -2.93392e-05 0.00933573 -0.0178599 -2.83946e-05 7.9077e-05 -0.0178599 0.0869378 
0.010366 -0.018747 4.40903e-05 -2.69825e-05 -0.018747 0.0903548 -2.911e-05 6.54412e-05 4.40903e-05 -2.911e-05 0.0094854 -0.0177256 -2.69825e-05 6.54412e-05 -0.0177256 0.0879891 
0.0104946 -0.018893 4.55924e-05 -5.05562e-05 -0.018893 0.0909236 -5.30076e-05 9.86663e-05 4.55924e-05 -5.30076e-05 0.00959406 -0.0177961 -5.05562e-05 9.86663e-05 -0.0177961 0.0884024 
0.0105456 -0.0189911 2.76785e-05 -4.02422e-05 -0.0189911 0.0913088 -4.09663e-05 8.66385e-05 2.76785e-05 -4.09663e-05 0.00962997 -0.0178526 -4.02422e-05 8.66385e-05 -0.0178526 0.0885664 
0.0105416 -0.0190098 3.46811e-06 -4.17652e-05 -0.0190098 0.0914354 -4.23721e-05 0.000106952 3.46811e-06 -4.23721e-05 0.00966963 -0.0178898 -4.17652e-05 0.000106952 -0.0178898 0.0886545 
0.0105166 -0.0189883 -4.40752e-06 -1.71138e-05 -0.0189883 0.0914061 -1.82035e-05 8.40524e-05 -4.40752e-06 -1.82035e-05 0.00970382 -0.0179361 -1.71138e-05 8.40524e-05 -0.0179361 0.0887402 
0.0104973 -0.0189716 -1.19695e-05 8.62758e-06 -0.0189716 0.0913659 8.61112e-06 1.00643e-05 -1.19695e-05 8.61112e-06 0.00970674 -0.017963 8.62758e-06 1.00643e-05 -0.017963 0.0887994 
0.0104882 -0.0189429 -1.01981e-05 7.16813e-06 -0.0189429 0.0912978 1.16088e-05 -1.05029e-05 -1.01981e-05 1.16088e-05 0.00970003 -0.017985 7.16813e-06 -1.05029e-05 -0.017985 0.0888809 
0.0104814 -0.0189463 5.59206e-06 7.48551e-06 -0.0189463 0.0912867 1.26152e-05 -1.92089e-05 5.59206e-06 1.26152e-05 0.00967624 -0.0179592 7.48551e-06 -1.92089e-05 -0.0179592 0.0888556 
0.0104936 -0.018944 2.18458e-05 9.25945e-06 -0.018944 0.0912977 1.16497e-05 -4.26829e-05 2.18458e-05 1.16497e-05 0.00964376 -0.0179324 9.25945e-06 -4.26829e-05 -0.0179324 0.088802 
0.0104827 -0.0189571 3.56231e-05 -8.81078e-07 -0.0189571 0.0913267 5.46084e-07 -4.44255e-05 3.56231e-05 5.46084e-07 0.00965679 -0.0179035 -8.81078e-07 -4.44255e-05 -0.0179035 0.0887483 
0.0104588 -0.0189366 3.11968e-05 -3.83298e-05 -0.0189366 0.0913019 -3.38795e-05 3.33374e-05 3.11968e-05 -3.38795e-05 0.00967348 -0.0179271 -3.83298e-05 3.33374e-05 -0.0179271 0.0887717 
0.0104492 -0.018903 2.36261e-05 -4.51188e-05 -0.018903 0.0912333 -3.96736e-05 9.19137e-05 2.36261e-05 -3.96736e-05 0.00968685 -0.0179585 -4.51188e-05 9.19137e-05 -0.0179585 0.0888534 
0.0104453 -0.0188938 1.80901e-05 -4.27897e-05 -0.0188938 0.0911918 -3.88649e-05 0.000112845 1.80901e-05 -3.88649e-05 0.00969525 -0.0179688 -4.27897e-05 0.000112845 -0.0179688 0.0888977 
0.0104689 -0.0188889 1.64524e-05 -1.60169e-05 -0.0188889 0.0911778 -1.67485e-05 6.07153e-05 1.64524e-05 -1.67485e-05 0.00968774 -0.0179907 -1.60169e-05 6.07153e-05 -0.0179907 0.0889601 
0.0104771 -0.0189232 2.62786e-05 -1.85133e-05 -0.0189232 0.0912271 -2.14091e-05 4.78394e-05 2.62786e-05 -2.14091e-05 0.00968042 -0.0179683 -1.85133e-05 4.78394e-05 -0.0179683 0.0889366 
0.0104625 -0.0189341 3.88747e-05 -4.66406e-05 -0.0189341 0.0912696 -4.89673e-05 0.000107868 3.88747e-05 -4.89673e-05 0.00968186 -0.0179539 -4.66406e-05 0.000107868 -0.0179539 0.0888913 
0.0104462 -0.0189178 3.26208e-05 -5.12489e-05 -0.0189178 0.0912587 -5.20695e-05 0.000127493 3.26208e-05 -5.20695e-05 0.00966915 -0.0179472 -5.12489e-05 0.000127493 -0.0179472 0.0888521 
0.0104661 -0.018904 1.10056e-05 -3.7699e-05 -0.018904 0.091238 -3.7839e-05 0.000105464 1.10056e-05 -3.7839e-05 0.00962074 -0.0179225 -3.7699e-05 0.000105464 -0.0179225 0.0887888 
0.0104684 -0.0189096 -2.53015e-06 -1.29295e-05 -0.0189096 0.0912163 -1.46721e-05 5.8344e-05 -2.53015e-06 -1.46721e-05 0.00960452 -0.0178812 -1.29295e-05 5.8344e-05 -0.0178812 0.0887191 
0.0104572 -0.0189165 1.29409e-05 3.10949e-06 -0.0189165 0.0912305 -2.37492e-07 1.31435e-05 1.29409e-05 -2.37492e-07 0.00960117 -0.0178491 3.10949e-06 1.31435e-05 -0.0178491 0.0886161 
0.0104457 -0.0188987 1.47398e-05 -1.14948e-05 -0.0188987 0.0912031 -1.59192e-05 1.31149e-05 1.47398e-05 -1.59192e-05 0.00959964 -0.0178424 -1.14948e-05 1.31149e-05 -0.0178424 0.0885629 
0.0104078 -0.0188949 2.28719e-05 -1.43073e-05 -0.0188949 0.0911937 -1.97226e-05 3.0597e-05 2.28719e-05 -1.97226e-05 0.00961355 -0.0178232 -1.43073e-05 3.0597e-05 -0.0178232 0.0884964 
0.0103501 -0.0188372 2.40343e-05 -3.54858e-05 -0.0188372 0.091088 -3.73089e-05 7.57111e-05 2.40343e-05 -3.73089e-05 0.00965437 -0.0178529 -3.54858e-05 7.57111e-05 -0.0178529 0.0885318 
0.0103219 -0.018757 2.15134e-05 -2.93127e-05 -0.018757 0.0909034 -2.87882e-05 7.57167e-05 2.15134e-05 -2.87882e-05 0.00967256 -0.0179102 -2.93127e-05 7.57167e-05 -0.0179102 0.0886511 
0.0103161 -0.0187283 2.01286e-05 -2.10378e-05 -0.0187283 0.0907933 -2.11793e-05 5.44328e-05 2.01286e-05 -2.11793e-05 0.00968175 -0.0179312 -2.10378e-05 5.44328e-05 -0.0179312 0.0887344 
0.0103423 -0.0187367 2.5614e-05 -8.92506e-06 -0.0187367 0.0907887 -1.22521e-05 1.99381e-05 2.5614e-05 -1.22521e-05 0.00966574 -0.0179288 -8.92506e-06 1.99381e-05 -0.0179288 0.0887451 
0.0103524 -0.0187791 3.5696e-05 -2.11002e-05 -0.0187791 0.0908665 -2.60408e-05 3.62682e-05 3.5696e-05 -2.60408e-05 0.00964402 -0.0178909 -2.11002e-05 3.62682e-05 -0.0178909 0.088665 
0.0103321 -0.0187642 2.95586e-05 -3.0799e-05 -0.0187642 0.0908503 -3.40688e-05 5.54159e-05 2.95586e-05 -3.40688e-05 0.0096466 -0.0178985 -3.0799e-05 5.54159e-05 -0.0178985 0.0886814 
0.0103252 -0.0187302 2.99401e-05 -5.59788e-05 -0.0187302 0.0907768 -5.72073e-05 0.000134765 2.99401e-05 -5.72073e-05 0.00964043 -0.0179069 -5.59788e-05 0.000134765 -0.0179069 0.0887081 
0.0103193 -0.0187379 3.03581e-05 -3.58382e-05 -0.0187379 0.0907696 -3.53671e-05 0.000111448 3.03581e-05 -3.53671e-05 0.00963115 -0.0178708 -3.58382e-05 0.000111448 -0.0178708 0.0886318 
0.0102908 -0.0187264 2.45394e-05 -2.11325e-05 -0.0187264 0.0907494 -1.79415e-05 5.1742e-05 2.45394e-05 -1.79415e-05 0.00965559 -0.0178641 -2.11325e-05 5.1742e-05 -0.0178641 0.0885914 
0.0102923 -0.0186923 4.56871e-05 -3.74693e-05 -0.0186923 0.0906911 -3.15193e-05 7.71722e-05 4.56871e-05 -3.15193e-05 0.00964806 -0.0178949 -3.74693e-05 7.71722e-05 -0.0178949 0.0886248 
0.01027 -0.0186834 7.86132e-05 -6.86132e-05 -0.0186834 0.0906356 -6.11217e-05 0.000140601 7.86132e-05 -6.11217e-05 0.00965925 -0.0178955 -6.86132e-05 0.000140601 -0.0178955 0.0886593 
0.0102288 -0.0186529 0.000104124 -0.000114288 -0.0186529 0.0905653 -0.000107886 0.000248216 0.000104124 -0.000107886 0.00967753 -0.0179038 -0.000114288 0.000248216 -0.0179038 0.0886725 
0.0102199 -0.0185948 9.70449e-05 -0.000127724 -0.0185948 0.0904351 -0.000124268 0.000299632 9.70449e-05 -0.000124268 0.00965945 -0.0179258 -0.000127724 0.000299632 -0.0179258 0.0887118 
0.0102433 -0.0186039 8.7785e-05 -0.000120276 -0.0186039 0.0904163 -0.000118775 0.000308964 8.7785e-05 -0.000118775 0.00962172 -0.0178816 -0.000120276 0.000308964 -0.0178816 0.0886402 
0.0102303 -0.018604 7.40513e-05 -0.000100871 -0.018604 0.0903859 -9.86145e-05 0.000267103 7.40513e-05 -9.86145e-05 0.00963321 -0.0178628 -0.000100871 0.000267103 -0.0178628 0.0886023 
0.0102245 -0.0186097 6.52483e-05 -7.94273e-05 -0.0186097 0.0904168 -7.67567e-05 0.000207617 6.52483e-05 -7.67567e-05 0.00964843 -0.01786 -7.94273e-05 0.000207617 -0.01786 0.0885598 
0.0102008 -0.0185888 5.34966e-05 -6.63086e-05 -0.0185888 0.0903786 -6.13975e-05 0.00015665 5.34966e-05 -6.13975e-05 0.00967228 -0.0178923 -6.63086e-05 0.00015665 -0.0178923 0.0886133 
0.010198 -0.0185716 5.36817e-05 -7.6139e-05 -0.0185716 0.0903434 -7.01397e-05 0.000176219 5.36817e-05 -7.01397e-05 0.00967063 -0.0179004 -7.6139e-05 0.000176219 -0.0179004 0.0886281 
0.0101953 -0.0185642 5.75012e-05 -7.46193e-05 -0.0185642 0.0903123 -6.95858e-05 0.000184788 5.75012e-05 -6.95858e-05 0.00966226 -0.0179001 -7.46193e-05 0.000184788 -0.0179001 0.0886334 
0.0101881 -0.0185491 7.23918e-05 -7.86628e-05 -0.0185491 0.090262 -7.72913e-05 0.000199704 7.23918e-05 -7.72913e-05 0.00964655 -0.0178972 -7.86628e-05 0.000199704 -0.0178972 0.0886377 
0.0101982 -0.0185567 7.71326e-05 -8.29363e-05 -0.0185567 0.0902793 -8.61346e-05 0.000203752 7.71326e-05 -8.61346e-05 0.00962247 -0.0178671 -8.29363e-05 0.000203752 -0.0178671 0.0885802 
0.0101871 -0.0185654 8.84272e-05 -9.59846e-05 -0.0185654 0.0903023 -9.92895e-05 0.000234347 8.84272e-05 -9.92895e-05 0.00963704 -0.0178427 -9.59846e-05 0.000234347 -0.0178427 0.0885203 
0.0101783 -0.0185503 8.64892e-05 -0.000114845 -0.0185503 0.0902837 -0.000116273 0.000277109 8.64892e-05 -0.000116273 0.00963626 -0.0178511 -0.000114845 0.000277109 -0.0178511 0.0884945 
0.0101628 -0.0185522 8.16505e-05 -0.000118257 -0.0185522 0.0902912 -0.000119136 0.000306703 8.16505e-05 -0.000119136 0.00964733 -0.0178351 -0.000118257 0.000306703 -0.0178351 0.0884489 
0.0101559 -0.0185169 7.16474e-05 -9.34964e-05 -0.0185169 0.0902189 -9.37771e-05 0.000253209 7.16474e-05 -9.37771e-05 0.0096562 -0.0178654 -9.34964e-05 0.000253209 -0.0178654 0.0884966 
0.0101762 -0.0185145 8.9061e-05 -8.29269e-05 -0.0185145 0.0901873 -8.54938e-05 0.00021771 8.9061e-05 -8.54938e-05 0.00963179 -0.0178674 -8.29269e-05 0.00021771 -0.0178674 0.0885143 
0.0102201 -0.0185408 9.53639e-05 -0.00011013 -0.0185408 0.0902273 -0.000113971 0.000254648 9.53639e-05 -0.000113971 0.00959665 -0.0178508 -0.00011013 0.000254648 -0.0178508 0.0885121 
0.0102498 -0.0185837 7.5756e-05 -0.000125139 -0.0185837 0.0903073 -0.000127921 0.000307759 7.5756e-05 -0.000127921 0.00958668 -0.0178273 -0.000125139 0.000307759 -0.0178273 0.088492 
0.01026 -0.0186187 7.10904e-05 -9.81235e-05 -0.0186187 0.0903986 -0.000100752 0.000283363 7.10904e-05 -0.000100752 0.00959481 -0.0178208 -9.81235e-05 0.000283363 -0.0178208 0.0884749 
0.0102723 -0.018643 6.22603e-05 -8.30048e-05 -0.018643 0.0904913 -8.21376e-05 0.00022585 6.22603e-05 -8.21376e-05 0.00961777 -0.0178315 -8.30048e-05 0.00022585 -0.0178315 0.088489 
0.01027 -0.0186849 5.92112e-05 -7.6279e-05 -0.0186849 0.090613 -6.93279e-05 0.000189614 5.92112e-05 -6.93279e-05 0.00962431 -0.0178205 -7.6279e-05 0.000189614 -0.0178205 0.0884345 
0.0102456 -0.0186853 6.1394e-05 -8.27962e-05 -0.0186853 0.0906641 -7.52266e-05 0.000195418 6.1394e-05 -7.52266e-05 0.00963155 -0.0178238 -8.27962e-05 0.000195418 -0.0178238 0.0884139 
0.0102082 -0.0186519 7.38556e-05 -7.77982e-05 -0.0186519 0.0906184 -7.33029e-05 0.000187688 7.38556e-05 -7.33029e-05 0.0096311 -0.0178294 -7.77982e-05 0.000187688 -0.0178294 0.0884137 
0.0101875 -0.0185716 7.83708e-05 -8.60062e-05 -0.0185716 0.0904348 -8.41261e-05 0.000193012 7.83708e-05 -8.41261e-05 0.0096423 -0.0178695 -8.60062e-05 0.000193012 -0.0178695 0.0885276 
0.0101975 -0.0185263 7.73798e-05 -0.000103625 -0.0185263 0.0902589 -0.00010492 0.000241779 7.73798e-05 -0.00010492 0.00964527 -0.0179006 -0.000103625 0.000241779 -0.0179006 0.0886416 
0.0102421 -0.0185555 7.74182e-05 -0.000111549 -0.0185555 0.0902581 -0.00011588 0.000290239 7.74182e-05 -0.00011588 0.00963024 -0.0178896 -0.000111549 0.000290239 -0.0178896 0.0886528 
0.0102712 -0.0186282 6.9182e-05 -9.91271e-05 -0.0186282 0.0903973 -0.000105569 0.000277151 6.9182e-05 -0.000105569 0.00959157 -0.0178423 -9.91271e-05 0.000277151 -0.0178423 0.0885391 
0.010272 -0.0186497 4.77166e-05 -7.63836e-05 -0.0186497 0.0904906 -8.40432e-05 0.000222997 4.77166e-05 -8.40432e-05 0.00959681 -0.0178331 -7.63836e-05 0.000222997 -0.0178331 0.0885228 
0.0102864 -0.0186638 3.00007e-05 -5.15654e-05 -0.0186638 0.0905594 -5.85776e-05 0.000164071 3.00007e-05 -5.85776e-05 0.00959476 -0.0178241 -5.15654e-05 0.000164071 -0.0178241 0.0884846 
0.0102694 -0.0186873 2.27207e-05 -2.81158e-05 -0.0186873 0.0906245 -3.22559e-05 9.74935e-05 2.27207e-05 -3.22559e-05 0.0096162 -0.0178123 -2.81158e-05 9.74935e-05 -0.0178123 0.0884429 
0.0102557 -0.0186573 1.70416e-05 -2.87194e-05 -0.0186573 0.09059 -2.96787e-05 7.43073e-05 1.70416e-05 -2.96787e-05 0.00963348 -0.0178413 -2.87194e-05 7.43073e-05 -0.0178413 0.0884737 
0.0102625 -0.0186371 7.63519e-06 -1.8538e-05 -0.0186371 0.0905298 -1.75904e-05 4.69233e-05 7.63519e-06 -1.75904e-05 0.00962585 -0.0178624 -1.8538e-05 4.69233e-05 -0.0178624 0.0885238 
0.0102707 -0.0186467 1.00773e-05 -1.47875e-05 -0.0186467 0.0905138 -1.19065e-05 3.52914e-05 1.00773e-05 -1.19065e-05 0.00959345 -0.0178373 -1.47875e-05 3.52914e-05 -0.0178373 0.0884849 
0.0102617 -0.0186451 3.33686e-05 -2.12233e-05 -0.0186451 0.0904955 -1.81668e-05 4.52445e-05 3.33686e-05 -1.81668e-05 0.009584 -0.0178085 -2.12233e-05 4.52445e-05 -0.0178085 0.0884331 
0.0102434 -0.0186248 2.26258e-05 -2.63632e-05 -0.0186248 0.0904444 -2.55445e-05 3.66773e-05 2.26258e-05 -2.55445e-05 0.00958851 -0.0177989 -2.63632e-05 3.66773e-05 -0.0177989 0.0883947 
0.0102325 -0.0186053 4.48223e-05 -1.68047e-05 -0.0186053 0.090397 -2.07437e-05 3.35069e-05 4.48223e-05 -2.07437e-05 0.00958935 -0.0177998 -1.68047e-05 3.35069e-05 -0.0177998 0.0883764 
0.0102193 -0.0185823 3.77865e-05 -2.40778e-05 -0.0185823 0.0903308 -3.1137e-05 2.38256e-05 3.77865e-05 -3.1137e-05 0.00959063 -0.0178105 -2.40778e-05 2.38256e-05 -0.0178105 0.0883993 
0.0102289 -0.0185893 3.76991e-05 -4.45052e-05 -0.0185893 0.0903443 -4.96352e-05 8.53575e-05 3.76991e-05 -4.96352e-05 0.00956975 -0.0177876 -4.45052e-05 8.53575e-05 -0.0177876 0.0883472 
0.0102288 -0.0186202 3.58497e-05 -5.07524e-05 -0.0186202 0.0904285 -5.19906e-05 0.000121276 3.58497e-05 -5.19906e-05 0.00957374 -0.0177468 -5.07524e-05 0.000121276 -0.0177468 0.0882432 
0.0102145 -0.0185989 1.11672e-05 -4.14538e-05 -0.0185989 0.090409 -3.8465e-05 0.000105303 1.11672e-05 -3.8465e-05 0.0095996 -0.0177757 -4.14538e-05 0.000105303 -0.0177757 0.0882699 
0.010207 -0.0185934 -1.65643e-07 -3.27903e-05 -0.0185934 0.0904026 -2.82124e-05 0.000105081 -1.65643e-07 -2.82124e-05 0.00960438 -0.0177981 -3.27903e-05 0.000105081 -0.0177981 0.0883134 
0.0102028 -0.0185904 -1.26131e-05 -5.90646e-06 -0.0185904 0.0904098 -3.68409e-06 4.749e-05 -1.26131e-05 -3.68409e-06 0.00961957 -0.0178128 -5.90646e-06 4.749e-05 -0.0178128 0.0883698 
0.0102223 -0.018579 -9.99302e-06 1.19646e-05 -0.018579 0.0903905 1.27629e-05 -4.84055e-06 -9.99302e-06 1.27629e-05 0.00962256 -0.0178418 1.19646e-05 -4.84055e-06 -0.0178418 0.0884471 
0.0102091 -0.018578 -5.18888e-06 1.74499e-06 -0.018578 0.090345 2.56235e-06 -3.89538e-06 -5.18888e-06 2.56235e-06 0.0096372 -0.0178654 1.74499e-06 -3.89538e-06 -0.0178654 0.0885365 
0.0102009 -0.0185614 6.31149e-06 9.92065e-06 -0.0185614 0.090305 1.16153e-05 -2.69641e-05 6.31149e-06 1.16153e-05 0.0096424 -0.0178853 9.92065e-06 -2.69641e-05 -0.0178853 0.0886052 
0.0101705 -0.0185547 9.67538e-06 2.66847e-06 -0.0185547 0.0902679 4.11052e-06 -3.31452e-05 9.67538e-06 4.11052e-06 0.00963289 -0.0178648 2.66847e-06 -3.31452e-05 -0.0178648 0.0885685 
0.0101475 -0.0185347 1.26954e-05 -2.17134e-05 -0.0185347 0.0902455 -2.3578e-05 3.4924e-05 1.26954e-05 -2.3578e-05 0.00962007 -0.0178333 -2.17134e-05 3.4924e-05 -0.0178333 0.0884804 
0.0101306 -0.0185025 5.7088e-06 -1.95845e-05 -0.0185025 0.0901807 -2.35682e-05 5.58083e-05 5.7088e-06 -2.35682e-05 0.00962849 -0.0178204 -1.95845e-05 5.58083e-05 -0.0178204 0.0884272 
0.0101163 -0.0184713 -1.06427e-05 4.04264e-06 -0.0184713 0.0900952 -2.4149e-06 1.22694e-05 -1.06427e-05 -2.4149e-06 0.00964871 -0.0178379 4.04264e-06 1.22694e-05 -0.0178379 0.0884382 
0.010127 -0.0184502 -1.42412e-05 1.4044e-05 -0.0184502 0.0900239 6.54338e-06 -1.04238e-05 -1.42412e-05 6.54338e-06 0.00964519 -0.0178653 1.4044e-05 -1.04238e-05 -0.0178653 0.0884895 
0.0101623 -0.0184666 -1.92115e-05 2.51478e-05 -0.0184666 0.0900293 1.94201e-05 -4.72788e-05 -1.92115e-05 1.94201e-05 0.00962482 -0.0178642 2.51478e-05 -4.72788e-05 -0.0178642 0.0885155 
0.0101971 -0.0185271 -2.04363e-05 1.72871e-05 -0.0185271 0.0901494 1.37975e-05 -3.73519e-05 -2.04363e-05 1.37975e-05 0.00959163 -0.0178195 1.72871e-05 -3.73519e-05 -0.0178195 0.0884295 
0.0101967 -0.0185766 -2.89419e-05 2.3147e-05 -0.0185766 0.0902869 1.90907e-05 -4.39237e-05 -2.89419e-05 1.90907e-05 0.00958436 -0.0177678 2.3147e-05 -4.39237e-05 -0.0177678 0.0882973 
0.0101974 -0.0185684 -2.30577e-05 3.03724e-05 -0.0185684 0.0903249 2.59855e-05 -5.39559e-05 -2.30577e-05 2.59855e-05 0.00959305 -0.0177792 3.03724e-05 -5.39559e-05 -0.0177792 0.0882861 
0.0101839 -0.0185506 -2.10881e-05 3.40587e-05 -0.0185506 0.0902832 3.07743e-05 -7.90434e-05 -2.10881e-05 3.07743e-05 0.00960938 -0.0178151 3.40587e-05 -7.90434e-05 -0.0178151 0.0883754 
0.0101912 -0.0185401 -3.78557e-05 3.05255e-05 -0.0185401 0.0902594 3.12995e-05 -8.52064e-05 -3.78557e-05 3.12995e-05 0.00961649 -0.0178368 3.05255e-05 -8.52064e-05 -0.0178368 0.088452 
0.0101918 -0.0185537 -4.85335e-05 4.06575e-05 -0.0185537 0.0902766 4.43272e-05 -9.24378e-05 -4.85335e-05 4.43272e-05 0.00963066 -0.0178462 4.06575e-05 -9.24378e-05 -0.0178462 0.0884994 
0.0101903 -0.0185612 -7.02982e-05 6.07405e-05 -0.0185612 0.0903082 6.34522e-05 -0.000135734 -7.02982e-05 6.34522e-05 0.00965175 -0.0178599 6.07405e-05 -0.000135734 -0.0178599 0.088533 
0.0101927 -0.0185516 -7.53273e-05 9.42084e-05 -0.0185516 0.0902957 9.29577e-05 -0.000206334 -7.53273e-05 9.29577e-05 0.0096738 -0.0178976 9.42084e-05 -0.000206334 -0.0178976 0.0886184 
0.0102159 -0.018559 -7.23911e-05 9.07934e-05 -0.018559 0.0903029 8.7974e-05 -0.000219088 -7.23911e-05 8.7974e-05 0.00966362 -0.0179205 9.07934e-05 -0.000219088 -0.0179205 0.0886836 
0.0102234 -0.018602 -8.87622e-05 9.49555e-05 -0.018602 0.0903864 9.41125e-05 -0.000238326 -8.87622e-05 9.41125e-05 0.00964519 -0.0178868 9.49555e-05 -0.000238326 -0.0178868 0.0886329 
0.0102276 -0.0186087 -8.86908e-05 0.000103033 -0.0186087 0.0904319 0.000105102 -0.000249963 -8.86908e-05 0.000105102 0.00962922 -0.0178666 0.000103033 -0.000249963 -0.0178666 0.0885763 
0.0102276 -0.0185985 -9.73962e-05 0.000112015 -0.0185985 0.0904039 0.000116301 -0.000282498 -9.73962e-05 0.000116301 0.00960665 -0.0178461 0.000112015 -0.000282498 -0.0178461 0.0885194 
0.010209 -0.0185937 -9.95748e-05 0.000122397 -0.0185937 0.0903724 0.000128141 -0.000314591 -9.95748e-05 0.000128141 0.00958967 -0.0178097 0.000122397 -0.000314591 -0.0178097 0.0884269 
0.0101887 -0.0185598 -9.9662e-05 0.000130107 -0.0185598 0.0903048 0.000134229 -0.000341925 -9.9662e-05 0.000134229 0.00960539 -0.0178089 0.000130107 -0.000341925 -0.0178089 0.0884099 
0.0101704 -0.0185596 -9.54996e-05 0.00012798 -0.0185596 0.0903021 0.000128712 -0.000338953 -9.54996e-05 0.000128712 0.00962729 -0.0178005 0.00012798 -0.000338953 -0.0178005 0.0883618 
0.0101765 -0.0185321 -8.33695e-05 0.000127507 -0.0185321 0.0902552 0.000124248 -0.000335005 -8.33695e-05 0.000124248 0.00963101 -0.0178346 0.000127507 -0.000335005 -0.0178346 0.0884063 
0.0101939 -0.0185354 -6.62278e-05 9.58008e-05 -0.0185354 0.0902324 9.18744e-05 -0.000264793 -6.62278e-05 9.18744e-05 0.00962325 -0.0178431 9.58008e-05 -0.000264793 -0.0178431 0.0884476 
0.010176 -0.0185483 -5.06434e-05 8.20043e-05 -0.0185483 0.0902338 8.03755e-05 -0.000220486 -5.06434e-05 8.03755e-05 0.00962935 -0.017831 8.20043e-05 -0.000220486 -0.017831 0.0884344 
0.0101529 -0.0185326 -2.67255e-05 4.99931e-05 -0.0185326 0.0902246 5.08907e-05 -0.000145102 -2.67255e-05 5.08907e-05 0.00964137 -0.0178399 4.99931e-05 -0.000145102 -0.0178399 0.0884442 
0.0101286 -0.0184817 -2.99565e-05 2.41478e-05 -0.0184817 0.0901124 2.80624e-05 -7.96729e-05 -2.99565e-05 2.80624e-05 0.00965872 -0.0178817 2.41478e-05 -7.96729e-05 -0.0178817 0.0885491 
0.0101207 -0.0184591 -2.41574e-05 1.99965e-05 -0.0184591 0.0900339 2.23897e-05 -3.79217e-05 -2.41574e-05 2.23897e-05 0.00965892 -0.01789 1.99965e-05 -3.79217e-05 -0.01789 0.0885936 
0.0101315 -0.0184651 -2.26437e-05 2.52073e-05 -0.0184651 0.0900349 2.31213e-05 -4.00017e-05 -2.26437e-05 2.31213e-05 0.00964259 -0.0178731 2.52073e-05 -4.00017e-05 -0.0178731 0.0885608 
0.0101238 -0.0184898 -2.31545e-05 3.40599e-05 -0.0184898 0.0900903 2.83971e-05 -6.25842e-05 -2.31545e-05 2.83971e-05 0.00963359 -0.0178372 3.40599e-05 -6.25842e-05 -0.0178372 0.088471 
0.0101356 -0.0184887 -3.05315e-05 5.94116e-05 -0.0184887 0.0901277 5.24876e-05 -0.000137529 -3.05315e-05 5.24876e-05 0.00961827 -0.0178211 5.94116e-05 -0.000137529 -0.0178211 0.0884026 
0.0101346 -0.0184873 -3.01423e-05 5.49626e-05 -0.0184873 0.0901169 4.9393e-05 -0.000146885 -3.01423e-05 4.9393e-05 0.00961042 -0.0178138 5.49626e-05 -0.000146885 -0.0178138 0.0883781 
0.0101391 -0.0184826 -2.60428e-05 3.83516e-05 -0.0184826 0.0901018 3.53665e-05 -0.000106538 -2.60428e-05 3.53665e-05 0.00960519 -0.0178082 3.83516e-05 -0.000106538 -0.0178082 0.088365 
0.0101382 -0.018476 -3.1768e-05 4.75799e-05 -0.018476 0.0900715 4.68501e-05 -0.000125321 -3.1768e-05 4.68501e-05 0.00960717 -0.0178115 4.75799e-05 -0.000125321 -0.0178115 0.0883753 
0.0101279 -0.0184667 -3.2715e-05 2.80026e-05 -0.0184667 0.0900324 3.09492e-05 -7.913e-05 -3.2715e-05 3.09492e-05 0.00961352 -0.017819 2.80026e-05 -7.913e-05 -0.017819 0.0883978 
0.010122 -0.018457 -3.64295e-05 2.28269e-05 -0.018457 0.0900047 2.73852e-05 -4.58782e-05 -3.64295e-05 2.73852e-05 0.00961099 -0.0178189 2.28269e-05 -4.58782e-05 -0.0178189 0.0883957 
0.0101221 -0.0184536 -4.2148e-05 2.42308e-05 -0.0184536 0.0899905 2.85388e-05 -3.53128e-05 -4.2148e-05 2.85388e-05 0.00960702 -0.0178098 2.42308e-05 -3.53128e-05 -0.0178098 0.0883754 
0.0101268 -0.0184562 -3.60672e-05 6.05588e-05 -0.0184562 0.0899908 6.15377e-05 -0.000115736 -3.60672e-05 6.15377e-05 0.00959491 -0.0178005 6.05588e-05 -0.000115736 -0.0178005 0.0883469 
0.0101163 -0.0184445 -3.43117e-05 6.58671e-05 -0.0184445 0.0899541 6.23116e-05 -0.000171101 -3.43117e-05 6.23116e-05 0.00959759 -0.0178043 6.58671e-05 -0.000171101 -0.0178043 0.0883634 
0.0101075 -0.0184396 -4.26124e-05 5.42893e-05 -0.0184396 0.0899428 5.05781e-05 -0.000160399 -4.26124e-05 5.05781e-05 0.00959832 -0.0178 5.42893e-05 -0.000160399 -0.0178 0.0883553 
0.0101105 -0.0184345 -3.993e-05 5.59962e-05 -0.0184345 0.0899398 5.27374e-05 -0.000146677 -3.993e-05 5.27374e-05 0.00959012 -0.0177958 5.59962e-05 -0.000146677 -0.0177958 0.0883395 
0.010097 -0.0184378 -4.51888e-05 4.77002e-05 -0.0184378 0.0899379 4.60061e-05 -0.00012624 -4.51888e-05 4.60061e-05 0.00958861 -0.0177725 4.77002e-05 -0.00012624 -0.0177725 0.0882796 
0.0101038 -0.0184374 -4.17823e-05 5.08163e-05 -0.0184374 0.0899609 5.14913e-05 -0.00012209 -4.17823e-05 5.14913e-05 0.00957806 -0.017755 5.08163e-05 -0.00012209 -0.017755 0.088208 
0.0100875 -0.0184287 -4.26457e-05 3.9274e-05 -0.0184287 0.0899342 4.10454e-05 -9.70862e-05 -4.26457e-05 4.10454e-05 0.00958936 -0.0177573 3.9274e-05 -9.70862e-05 -0.0177573 0.0882005 
0.0100725 -0.018413 -5.76139e-05 4.08349e-05 -0.018413 0.0899086 4.58806e-05 -9.04911e-05 -5.76139e-05 4.58806e-05 0.00960723 -0.0177716 4.08349e-05 -9.04911e-05 -0.0177716 0.0882216 
0.0100545 -0.0183879 -6.47465e-05 7.0284e-05 -0.0183879 0.0898449 7.63478e-05 -0.000147362 -6.47465e-05 7.63478e-05 0.00960964 -0.0177953 7.0284e-05 -0.000147362 -0.0177953 0.0882731 
0.0100446 -0.0183453 -4.16602e-05 7.19464e-05 -0.0183453 0.0897284 7.40329e-05 -0.000164874 -4.16602e-05 7.40329e-05 0.00959636 -0.0178194 7.19464e-05 -0.000164874 -0.0178194 0.0883597 
0.0100445 -0.018337 -8.50429e-06 3.32395e-05 -0.018337 0.0896789 3.15938e-05 -9.60843e-05 -8.50429e-06 3.15938e-05 0.00959773 -0.0178043 3.32395e-05 -9.60843e-05 -0.0178043 0.0883741 
0.0100362 -0.0183365 -9.85199e-06 2.47568e-05 -0.0183365 0.0896595 2.44335e-05 -8.44338e-05 -9.85199e-06 2.44335e-05 0.00959679 -0.017795 2.47568e-05 -8.44338e-05 -0.017795 0.0883412 
0.0100268 -0.0183461 -6.62864e-06 1.64571e-05 -0.0183461 0.0896935 1.88124e-05 -5.82236e-05 -6.62864e-06 1.88124e-05 0.00959719 -0.0177723 1.64571e-05 -5.82236e-05 -0.0177723 0.088267 
0.0100436 -0.0183399 5.51131e-07 1.02595e-05 -0.0183399 0.0897089 1.24534e-05 -3.78921e-05 5.51131e-07 1.24534e-05 0.00958789 -0.0177709 1.02595e-05 -3.78921e-05 -0.0177709 0.0882342 
0.0100624 -0.0183537 -9.78391e-06 1.45319e-05 -0.0183537 0.089725 1.88208e-05 -5.58272e-05 -9.78391e-06 1.88208e-05 0.00958443 -0.0177701 1.45319e-05 -5.58272e-05 -0.0177701 0.088237 
0.0100773 -0.0183845 -1.8196e-06 7.0615e-06 -0.0183845 0.0897934 1.46961e-05 -3.53268e-05 -1.8196e-06 1.46961e-05 0.00958068 -0.0177614 7.0615e-06 -3.53268e-05 -0.0177614 0.088217 
0.0100859 -0.0184063 8.81703e-06 -3.19816e-06 -0.0184063 0.0898588 6.32129e-06 -1.18721e-05 8.81703e-06 6.32129e-06 0.00956856 -0.0177512 -3.19816e-06 -1.18721e-05 -0.0177512 0.0881855 
0.0100696 -0.0184116 -2.82257e-07 -1.32727e-05 -0.0184116 0.0898867 -7.01041e-06 1.30638e-05 -2.82257e-07 -7.01041e-06 0.00957245 -0.0177473 -1.32727e-05 1.30638e-05 -0.0177473 0.0881837 
0.0100498 -0.0183972 -5.0568e-06 -5.95681e-06 -0.0183972 0.0898815 -3.86486e-06 2.2971e-05 -5.0568e-06 -3.86486e-06 0.00958539 -0.0177452 -5.95681e-06 2.2971e-05 -0.0177452 0.0881714 
0.0100491 -0.0183573 -8.04946e-06 1.58151e-05 -0.0183573 0.0898018 1.38114e-05 -2.4593e-05 -8.04946e-06 1.38114e-05 0.00960742 -0.0177874 1.58151e-05 -2.4593e-05 -0.0177874 0.0882649 
0.0100827 -0.01836 1.20774e-06 2.16176e-05 -0.01836 0.089768 1.94817e-05 -5.87159e-05 1.20774e-06 1.94817e-05 0.00958955 -0.017806 2.16176e-05 -5.87159e-05 -0.017806 0.0883262 
0.0100803 -0.0183909 9.25309e-06 8.61763e-06 -0.0183909 0.0897919 7.14514e-06 -4.74129e-05 9.25309e-06 7.14514e-06 0.00959652 -0.0177941 8.61763e-06 -4.74129e-05 -0.0177941 0.0883419 
0.0100609 -0.0183832 8.88696e-06 -1.03297e-05 -0.0183832 0.089791 -1.1785e-05 1.49023e-06 8.88696e-06 -1.1785e-05 0.00961595 -0.017808 -1.03297e-05 1.49023e-06 -0.017808 0.0883685 
0.0100549 -0.0183712 8.35222e-06 -1.61898e-05 -0.0183712 0.089785 -1.93207e-05 4.01401e-05 8.35222e-06 -1.93207e-05 0.0096288 -0.0178228 -1.61898e-05 4.01401e-05 -0.0178228 0.0883929 
0.0100539 -0.0183573 -2.43325e-06 -3.90568e-06 -0.0183573 0.0897502 -7.97503e-06 2.26065e-05 -2.43325e-06 -7.97503e-06 0.0096476 -0.0178506 -3.90568e-06 2.26065e-05 -0.0178506 0.0884637 
0.0100688 -0.0183647 -5.77695e-06 -1.85941e-06 -0.0183647 0.0897532 -2.83544e-06 1.95498e-05 -5.77695e-06 -2.83544e-06 0.00964129 -0.0178617 -1.85941e-06 1.95498e-05 -0.0178617 0.0884959 
0.0100935 -0.0183914 2.55873e-05 -4.12259e-06 -0.0183914 0.0898096 -8.10512e-07 2.09872e-05 2.55873e-05 -8.10512e-07 0.00962215 -0.0178496 -4.12259e-06 2.09872e-05 -0.0178496 0.0884839 
0.0101388 -0.0184393 5.29986e-05 -4.8678e-05 -0.0184393 0.0899321 -4.18601e-05 8.97696e-05 5.29986e-05 -4.18601e-05 0.00958829 -0.0178097 -4.8678e-05 8.97696e-05 -0.0178097 0.0883927 
0.0101411 -0.0184892 5.39514e-05 -7.71612e-05 -0.0184892 0.090049 -7.21409e-05 0.000166187 5.39514e-05 -7.21409e-05 0.00958422 -0.0177669 -7.71612e-05 0.000166187 -0.0177669 0.0882835 
0.0101056 -0.0184791 3.15095e-05 -5.23723e-05 -0.0184791 0.0900649 -5.12875e-05 0.000134511 3.15095e-05 -5.12875e-05 0.00961331 -0.0177755 -5.23723e-05 0.000134511 -0.0177755 0.0882685 
0.0100881 -0.018432 -3.72471e-06 -1.19958e-05 -0.018432 0.089985 -1.23592e-05 3.66602e-05 -3.72471e-06 -1.23592e-05 0.00961903 -0.0178128 -1.19958e-05 3.66602e-05 -0.0178128 0.0883283 
0.0100898 -0.018419 -1.59116e-05 1.43592e-05 -0.018419 0.0899373 1.22105e-05 -2.43952e-05 -1.59116e-05 1.22105e-05 0.00960914 -0.0178127 1.43592e-05 -2.43952e-05 -0.0178127 0.0883511 
