0.00774495 0 0.000200849 0 0 0.01 0 0 0.000200849 0 0.00688553 0 0 0 0 0.01 
0.0108263 -0.0134394 0.000242047 -0.000298116 -0.0134394 0.0349434 -0.000298116 0.000571813 0.000242047 -0.000298116 0.00980116 -0.0121763 -0.000298116 0.000571813 -0.0121763 0.0325215 
0.010759 -0.0200604 0.000189221 -0.000339304 -0.0200604 0.0732995 -0.000339304 0.00108006 0.000189221 -0.000339304 0.00996972 -0.018717 -0.000339304 0.00108006 -0.018717 0.0690197 
0.0101641 -0.0195762 0.000157743 -0.000223208 -0.0195762 0.087069 -0.000221321 0.000804241 0.000157743 -0.000221321 0.00943055 -0.018511 -0.000223208 0.000804241 -0.018511 0.0833172 
0.0101999 -0.0188139 0.000158279 -0.000175905 -0.0188139 0.0896138 -0.000175589 0.000491517 0.000158279 -0.000175589 0.00934812 -0.0178704 -0.000175905 0.000491517 -0.0178704 0.0869053 
0.0104101 -0.0187851 0.0001515 -0.000198836 -0.0187851 0.0904051 -0.000201316 0.000459317 0.0001515 -0.000201316 0.00945929 -0.0177124 -0.000198836 0.000459317 -0.0177124 0.087889 
0.0105591 -0.0189585 0.000165797 -0.000202934 -0.0189585 0.0910937 -0.000208709 0.00049756 0.000165797 -0.000208709 0.00957192 -0.0177716 -0.000202934 0.00049756 -0.0177716 0.0883185 
0.0105844 -0.0190706 0.000169573 -0.00021552 -0.0190706 0.0915167 -0.000223597 0.000537441 0.000169573 -0.000223597 0.00964964 -0.0178339 -0.00021552 0.000537441 -0.0178339 0.0884965 
0.0105997 -0.0190774 0.000165602 -0.000217918 -0.0190774 0.0916528 -0.000222379 0.000558236 0.000165602 -0.000222379 0.00966851 -0.0178939 -0.000217918 0.000558236 -0.0178939 0.0886019 
0.010598 -0.0190857 0.000172865 -0.000211544 -0.0190857 0.0916721 -0.000214836 0.000551745 0.000172865 -0.000214836 0.00966992 -0.0179118 -0.000211544 0.000551745 -0.0179118 0.0886583 
0.010592 -0.0190666 0.000147374 -0.000182083 -0.0190666 0.0916177 -0.000186559 0.000458727 0.000147374 -0.000186559 0.00965422 -0.0179356 -0.000182083 0.000458727 -0.0179356 0.0887361 
0.0105849 -0.0190678 0.00013134 -0.000161029 -0.0190678 0.091604 -0.000164546 0.00040062 0.00013134 -0.000164546 0.00964616 -0.0179258 -0.000161029 0.00040062 -0.0179258 0.0887701 
0.0105601 -0.0190434 0.00012969 -0.000148391 -0.0190434 0.0915506 -0.000149514 0.000362859 0.00012969 -0.000149514 0.00968429 -0.0179511 -0.000148391 0.000362859 -0.0179511 0.0888617 
0.0105184 -0.0190197 0.000135294 -0.00017078 -0.0190197 0.0914963 -0.000169501 0.000406219 0.000135294 -0.000169501 0.00971832 -0.0179856 -0.00017078 0.000406219 -0.0179856 0.0889383 
0.0104958 -0.0189819 0.000143729 -0.000174358 -0.0189819 0.0914321 -0.000169995 0.000425089 0.000143729 -0.000169995 0.0097197 -0.0180164 -0.000174358 0.000425089 -0.0180164 0.0890126 
0.0104944 -0.0189463 0.000145899 -0.000177202 -0.0189463 0.0913413 -0.000171672 0.000424123 0.000145899 -0.000171672 0.00970211 -0.0180255 -0.000177202 0.000424123 -0.0180255 0.0890681 
0.0104897 -0.0189604 0.000152588 -0.000193588 -0.0189604 0.0913408 -0.000189532 0.000467022 0.000152588 -0.000189532 0.00966091 -0.0179634 -0.000193588 0.000467022 -0.0179634 0.0889384 
0.0104781 -0.0189432 0.000148238 -0.000185056 -0.0189432 0.091315 -0.000184622 0.000459767 0.000148238 -0.000184622 0.00965289 -0.01793 -0.000185056 0.000459767 -0.01793 0.0888454 
0.0104748 -0.0189265 0.000146311 -0.000190096 -0.0189265 0.0912758 -0.000192533 0.000478031 0.000146311 -0.000192533 0.00965261 -0.0179172 -0.000190096 0.000478031 -0.0179172 0.0887811 
0.0104708 -0.018926 0.000135559 -0.000181919 -0.018926 0.0912629 -0.000183867 0.00046534 0.000135559 -0.000183867 0.0096524 -0.0179105 -0.000181919 0.00046534 -0.0179105 0.0887408 
0.0104586 -0.0189215 0.00014075 -0.000177712 -0.0189215 0.0912589 -0.00017684 0.000458061 0.00014075 -0.00017684 0.0096657 -0.0179174 -0.000177712 0.000458061 -0.0179174 0.0887457 
0.0104468 -0.0189229 0.000136325 -0.000159524 -0.0189229 0.0912842 -0.000156336 0.000399597 0.000136325 -0.000156336 0.00968523 -0.0179294 -0.000159524 0.000399597 -0.0179294 0.0887677 
0.0104513 -0.0189234 0.000139323 -0.000162988 -0.0189234 0.0913117 -0.000159687 0.000391236 0.000139323 -0.000159687 0.00967797 -0.0179365 -0.000162988 0.000391236 -0.0179365 0.0887704 
0.0104378 -0.0189186 0.000132378 -0.000179661 -0.0189186 0.0912988 -0.000176687 0.000431781 0.000132378 -0.000176687 0.00966725 -0.0179278 -0.000179661 0.000431781 -0.0179278 0.0887585 
0.0104153 -0.0188841 0.000124119 -0.000173569 -0.0188841 0.0912189 -0.000170518 0.000442733 0.000124119 -0.000170518 0.00966554 -0.0179284 -0.000173569 0.000442733 -0.0179284 0.0887667 
0.0104015 -0.018856 0.000139201 -0.000168963 -0.018856 0.0911327 -0.000167946 0.000446472 0.000139201 -0.000167946 0.00964764 -0.0179102 -0.000168963 0.000446472 -0.0179102 0.088723 
0.010406 -0.018841 0.000141972 -0.000179812 -0.018841 0.0910817 -0.000183373 0.000463498 0.000141972 -0.000183373 0.00964689 -0.0178935 -0.000179812 0.000463498 -0.0178935 0.0886876 
0.0103961 -0.0188238 0.000132832 -0.000177483 -0.0188238 0.0910074 -0.000182867 0.00046623 0.000132832 -0.000182867 0.00966183 -0.0179133 -0.000177483 0.00046623 -0.0179133 0.0887237 
0.0103923 -0.0188342 0.000116072 -0.000136275 -0.0188342 0.0910234 -0.000140537 0.00036817 0.000116072 -0.000140537 0.00967548 -0.0179129 -0.000136275 0.00036817 -0.0179129 0.0887199 
0.0103962 -0.0188367 0.00010327 -0.000147422 -0.0188367 0.0910513 -0.000150255 0.00037397 0.00010327 -0.000150255 0.00969296 -0.0179353 -0.000147422 0.00037397 -0.0179353 0.0887625 
0.0104115 -0.0188446 8.76884e-05 -0.000121386 -0.0188446 0.0910767 -0.000123611 0.000327379 8.76884e-05 -0.000123611 0.00969687 -0.0179574 -0.000121386 0.000327379 -0.0179574 0.0888181 
0.010426 -0.0188408 8.91331e-05 -0.00010115 -0.0188408 0.0910618 -0.00010659 0.000274439 8.91331e-05 -0.00010659 0.00971007 -0.0180041 -0.00010115 0.000274439 -0.0180041 0.088962 
0.0104408 -0.0188755 0.000106102 -0.000103293 -0.0188755 0.0911247 -0.000111886 0.000259356 0.000106102 -0.000111886 0.00971138 -0.0179973 -0.000103293 0.000259356 -0.0179973 0.0889845 
0.0104525 -0.0188814 0.000133634 -0.000134816 -0.0188814 0.0911533 -0.000139139 0.000311065 0.000133634 -0.000139139 0.00972214 -0.0180209 -0.000134816 0.000311065 -0.0180209 0.0890491 
0.0104497 -0.0189121 0.000155626 -0.000184852 -0.0189121 0.0912246 -0.000182985 0.000421948 0.000155626 -0.000182985 0.00972619 -0.0180068 -0.000184852 0.000421948 -0.0180068 0.0890199 
0.0104478 -0.0189171 0.000163173 -0.000204593 -0.0189171 0.0912718 -0.000198678 0.0004873 0.000163173 -0.000198678 0.00972183 -0.0180014 -0.000204593 0.0004873 -0.0180014 0.0889847 
0.0104528 -0.0189235 0.000131225 -0.000195841 -0.0189235 0.0913059 -0.000188814 0.000477338 0.000131225 -0.000188814 0.00970671 -0.0179894 -0.000195841 0.000477338 -0.0179894 0.0889493 
0.010448 -0.0189121 0.000112656 -0.000157708 -0.0189121 0.0912792 -0.000153403 0.00041664 0.000112656 -0.000153403 0.00969623 -0.017989 -0.000157708 0.00041664 -0.017989 0.0889562 
0.0104371 -0.018897 0.00010841 -0.000132003 -0.018897 0.0912354 -0.00012997 0.000344448 0.00010841 -0.00012997 0.00970361 -0.0179933 -0.000132003 0.000344448 -0.0179933 0.0889888 
0.0104533 -0.0189032 0.000106666 -0.000121411 -0.0189032 0.0912493 -0.000121547 0.000297558 0.000106666 -0.000121547 0.00969185 -0.0179791 -0.000121411 0.000297558 -0.0179791 0.0889546 
0.0104743 -0.0189044 0.000105505 -0.000129804 -0.0189044 0.091241 -0.000129331 0.000304809 0.000105505 -0.000129331 0.00969341 -0.0179947 -0.000129804 0.000304809 -0.0179947 0.0889977 
0.0104913 -0.0189283 0.000123803 -0.000145632 -0.0189283 0.0912724 -0.000145377 0.00035077 0.000123803 -0.000145377 0.00970082 -0.0179979 -0.000145632 0.00035077 -0.0179979 0.0890213 
0.010503 -0.0189711 0.000127278 -0.000150553 -0.0189711 0.0913758 -0.000151872 0.000364548 0.000127278 -0.000151872 0.00967973 -0.0179745 -0.000150553 0.000364548 -0.0179745 0.0889521 
0.0105125 -0.0189786 0.000105541 -0.000146817 -0.0189786 0.091426 -0.000152135 0.000362785 0.000105541 -0.000152135 0.00966571 -0.0179577 -0.000146817 0.000362785 -0.0179577 0.0889074 
0.0105094 -0.018974 7.97643e-05 -0.000118359 -0.018974 0.0914128 -0.000124072 0.000316068 7.97643e-05 -0.000124072 0.00967226 -0.0179559 -0.000118359 0.000316068 -0.0179559 0.0889029 
0.0105066 -0.0189631 5.91366e-05 -9.61915e-05 -0.0189631 0.0913793 -9.93176e-05 0.00026244 5.91366e-05 -9.93176e-05 0.00967034 -0.0179614 -9.61915e-05 0.00026244 -0.0179614 0.0889007 
0.0104931 -0.0189856 5.73978e-05 -7.43402e-05 -0.0189856 0.091425 -7.39706e-05 0.000205343 5.73978e-05 -7.39706e-05 0.00966629 -0.0179185 -7.43402e-05 0.000205343 -0.0179185 0.0887874 
0.0104686 -0.0189724 8.22865e-05 -8.76569e-05 -0.0189724 0.0914292 -8.70026e-05 0.000219335 8.22865e-05 -8.70026e-05 0.00967475 -0.0179098 -8.76569e-05 0.000219335 -0.0179098 0.0887227 
0.0104593 -0.0189183 0.000100126 -0.000101201 -0.0189183 0.0913171 -0.000102908 0.000236298 0.000100126 -0.000102908 0.00968721 -0.0179543 -0.000101201 0.000236298 -0.0179543 0.0888102 
0.0104799 -0.0189123 0.00011356 -0.000134881 -0.0189123 0.0912601 -0.000140065 0.0003161 0.00011356 -0.000140065 0.00966507 -0.0179594 -0.000134881 0.0003161 -0.0179594 0.0888493 
0.0105067 -0.0189656 0.000112586 -0.000135893 -0.0189656 0.0913656 -0.000138919 0.000335386 0.000112586 -0.000138919 0.0096638 -0.0179177 -0.000135893 0.000335386 -0.0179177 0.0887841 
0.0105315 -0.0189926 0.000108995 -0.000123972 -0.0189926 0.0914573 -0.000122863 0.000305971 0.000108995 -0.000122863 0.00966704 -0.0179358 -0.000123972 0.000305971 -0.0179358 0.088799 
0.0105527 -0.0190259 0.000118121 -0.000141527 -0.0190259 0.0915429 -0.000140311 0.000344494 0.000118121 -0.000140311 0.009655 -0.0179332 -0.000141527 0.000344494 -0.0179332 0.0888 
0.0105837 -0.0190348 0.000115317 -0.00015953 -0.0190348 0.0915788 -0.000160907 0.000397486 0.000115317 -0.000160907 0.00966632 -0.0179553 -0.00015953 0.000397486 -0.0179553 0.0888796 
0.0105965 -0.0190755 0.000105177 -0.000145973 -0.0190755 0.0916516 -0.000149343 0.00039046 0.000105177 -0.000149343 0.0096816 -0.0179625 -0.000145973 0.00039046 -0.0179625 0.0889143 
0.0106004 -0.0190935 0.000110808 -0.000117667 -0.0190935 0.0917143 -0.000121006 0.000319539 0.000110808 -0.000121006 0.00969217 -0.0179807 -0.000117667 0.000319539 -0.0179807 0.0889536 
0.0105638 -0.0191018 0.000123809 -0.00013143 -0.0191018 0.0917458 -0.000133655 0.000314976 0.000123809 -0.000133655 0.00971391 -0.0179786 -0.00013143 0.000314976 -0.0179786 0.0889504 
0.0105341 -0.0190657 0.000108044 -0.000141459 -0.0190657 0.0917119 -0.00014243 0.000326765 0.000108044 -0.00014243 0.0097308 -0.0179988 -0.000141459 0.000326765 -0.0179988 0.0889732 
0.0105354 -0.0190168 9.37197e-05 -0.000128919 -0.0190168 0.091601 -0.000129692 0.00032155 9.37197e-05 -0.000129692 0.00972902 -0.0180417 -0.000128919 0.00032155 -0.0180417 0.0890817 
0.0105497 -0.0190257 8.448e-05 -0.00010317 -0.0190257 0.0915748 -0.000104578 0.000270959 8.448e-05 -0.000104578 0.00972657 -0.0180349 -0.00010317 0.000270959 -0.0180349 0.0891156 
0.0105562 -0.0190353 8.20689e-05 -0.000104075 -0.0190353 0.0915746 -0.000105567 0.000264745 8.20689e-05 -0.000105567 0.0097183 -0.0180306 -0.000104075 0.000264745 -0.0180306 0.0891105 
0.0105579 -0.0190505 7.6772e-05 -9.64353e-05 -0.0190505 0.091614 -9.87376e-05 0.000250054 7.6772e-05 -9.87376e-05 0.00972015 -0.0180199 -9.64353e-05 0.000250054 -0.0180199 0.0890889 
0.010545 -0.0190546 9.36774e-05 -9.31206e-05 -0.0190546 0.0916371 -9.60299e-05 0.000243896 9.36774e-05 -9.60299e-05 0.00973417 -0.0180127 -9.31206e-05 0.000243896 -0.0180127 0.0890552 
0.0105221 -0.019033 0.000102725 -0.000110297 -0.019033 0.0915951 -0.000111945 0.000262427 0.000102725 -0.000111945 0.00972211 -0.0180158 -0.000110297 0.000262427 -0.0180158 0.0890285 
0.0105365 -0.0189902 9.37947e-05 -0.000115161 -0.0189902 0.0914991 -0.00011216 0.00026743 9.37947e-05 -0.00011216 0.00972509 -0.01804 -0.000115161 0.00026743 -0.01804 0.0891111 
0.0105648 -0.0190171 0.000101905 -0.000117239 -0.0190171 0.0915024 -0.000112249 0.000283339 0.000101905 -0.000112249 0.00970138 -0.0180192 -0.000117239 0.000283339 -0.0180192 0.0890809 
0.0105737 -0.0190485 0.000118737 -0.000149564 -0.0190485 0.0915599 -0.000143066 0.000357862 0.000118737 -0.000143066 0.00969738 -0.0179953 -0.000149564 0.000357862 -0.0179953 0.0890322 
0.0105517 -0.0190716 0.000123929 -0.000156528 -0.0190716 0.0916257 -0.000149302 0.000385011 0.000123929 -0.000149302 0.00967366 -0.0179554 -0.000156528 0.000385011 -0.0179554 0.0889052 
0.0105225 -0.0190168 0.000109229 -0.000148142 -0.0190168 0.0915429 -0.000143087 0.000365858 0.000109229 -0.000143087 0.00967524 -0.0179714 -0.000148142 0.000365858 -0.0179714 0.0889328 
0.0104961 -0.0189859 8.73013e-05 -0.000119854 -0.0189859 0.0914574 -0.000117511 0.000303045 8.73013e-05 -0.000117511 0.00966901 -0.0179613 -0.000119854 0.000303045 -0.0179613 0.088919 
0.0104712 -0.0189595 7.9243e-05 -0.000117834 -0.0189595 0.0913959 -0.00011672 0.000300037 7.9243e-05 -0.00011672 0.00967007 -0.0179436 -0.000117834 0.000300037 -0.0179436 0.0888696 
0.0104529 -0.0189375 7.52705e-05 -0.000105544 -0.0189375 0.0913471 -0.000105154 0.000279604 7.52705e-05 -0.000105154 0.00966598 -0.0179274 -0.000105544 0.000279604 -0.0179274 0.0888025 
0.0104351 -0.0189024 6.97882e-05 -9.26399e-05 -0.0189024 0.0912597 -9.16032e-05 0.000244459 6.97882e-05 -9.16032e-05 0.00967897 -0.0179346 -9.26399e-05 0.000244459 -0.0179346 0.0888024 
0.0104245 -0.0188821 5.98269e-05 -8.30997e-05 -0.0188821 0.0911913 -8.24767e-05 0.000215891 5.98269e-05 -8.24767e-05 0.00967898 -0.017939 -8.30997e-05 0.000215891 -0.017939 0.0887975 
0.0104094 -0.0188656 6.94544e-05 -6.96137e-05 -0.0188656 0.0911352 -7.15624e-05 0.000184987 6.94544e-05 -7.15624e-05 0.00968548 -0.01794 -6.96137e-05 0.000184987 -0.01794 0.0887998 
0.0104127 -0.0188475 8.72603e-05 -7.48424e-05 -0.0188475 0.0910889 -7.79781e-05 0.000173895 8.72603e-05 -7.79781e-05 0.00968305 -0.0179522 -7.48424e-05 0.000173895 -0.0179522 0.0888251 
0.0104128 -0.0188451 0.000106252 -0.000119433 -0.0188451 0.0910603 -0.000121514 0.000266524 0.000106252 -0.000121514 0.00969732 -0.0179599 -0.000119433 0.000266524 -0.0179599 0.0888623 
0.0104145 -0.0188496 0.000116561 -0.000149064 -0.0188496 0.0910582 -0.000149661 0.000360061 0.000116561 -0.000149661 0.00968253 -0.0179625 -0.000149064 0.000360061 -0.0179625 0.0888598 
0.0104174 -0.0188569 0.000105505 -0.000151581 -0.0188569 0.0910766 -0.000152056 0.000387347 0.000105505 -0.000152056 0.00966426 -0.017939 -0.000151581 0.000387347 -0.017939 0.0888175 
0.010391 -0.0188461 8.88848e-05 -0.00012623 -0.0188461 0.0910465 -0.000126426 0.000339767 8.88848e-05 -0.000126426 0.00964955 -0.0179152 -0.00012623 0.000339767 -0.0179152 0.0887526 
0.0103728 -0.018819 7.08626e-05 -0.00011084 -0.018819 0.0910019 -0.000112866 0.000300992 7.08626e-05 -0.000112866 0.00963624 -0.0178896 -0.00011084 0.000300992 -0.0178896 0.0886773 
0.0103714 -0.0187975 5.23134e-05 -8.68396e-05 -0.0187975 0.0909484 -9.10688e-05 0.000250936 5.23134e-05 -9.10688e-05 0.009621 -0.0178661 -8.68396e-05 0.000250936 -0.0178661 0.0886018 
0.0103734 -0.0187849 5.83807e-05 -6.17598e-05 -0.0187849 0.0909 -6.7076e-05 0.000191798 5.83807e-05 -6.7076e-05 0.00962953 -0.0178675 -6.17598e-05 0.000191798 -0.0178675 0.0886 
0.0103852 -0.0188003 7.67749e-05 -5.43052e-05 -0.0188003 0.0909254 -5.77551e-05 0.000134906 7.67749e-05 -5.77551e-05 0.00963629 -0.0178684 -5.43052e-05 0.000134906 -0.0178684 0.0885898 
0.0103725 -0.0188152 8.62699e-05 -7.83882e-05 -0.0188152 0.0909633 -7.96701e-05 0.000153909 8.62699e-05 -7.96701e-05 0.00967904 -0.0178813 -7.83882e-05 0.000153909 -0.0178813 0.0886125 
0.0103587 -0.018798 7.14346e-05 -0.00010433 -0.018798 0.0909478 -0.000103189 0.000221917 7.14346e-05 -0.000103189 0.00969938 -0.0179358 -0.00010433 0.000221917 -0.0179358 0.0887108 
0.0103475 -0.0187777 4.08841e-05 -8.13076e-05 -0.0187777 0.0909046 -7.84527e-05 0.000204382 4.08841e-05 -7.84527e-05 0.00971147 -0.0179727 -8.13076e-05 0.000204382 -0.0179727 0.0888309 
0.0103521 -0.0187804 3.50914e-05 -5.749e-05 -0.0187804 0.0909147 -5.4361e-05 0.000166912 3.50914e-05 -5.4361e-05 0.00970732 -0.0179766 -5.749e-05 0.000166912 -0.0179766 0.0888716 
0.0103706 -0.0188093 4.9173e-05 -5.76675e-05 -0.0188093 0.0909917 -5.65787e-05 0.000158075 4.9173e-05 -5.65787e-05 0.00967955 -0.0179447 -5.76675e-05 0.000158075 -0.0179447 0.0888053 
0.0103902 -0.0188214 6.14019e-05 -6.30805e-05 -0.0188214 0.0910342 -6.43328e-05 0.000156115 6.14019e-05 -6.43328e-05 0.00966005 -0.0179277 -6.30805e-05 0.000156115 -0.0179277 0.0887686 
0.0103879 -0.0188363 7.45907e-05 -7.47232e-05 -0.0188363 0.0910568 -7.74481e-05 0.000176025 7.45907e-05 -7.74481e-05 0.00964701 -0.0179015 -7.47232e-05 0.000176025 -0.0179015 0.0887081 
0.0103784 -0.0188304 8.47461e-05 -0.000101211 -0.0188304 0.0910494 -0.000101608 0.000235664 8.47461e-05 -0.000101608 0.00962151 -0.0178743 -0.000101211 0.000235664 -0.0178743 0.0886262 
0.0103639 -0.0188042 6.02982e-05 -9.07865e-05 -0.0188042 0.0909839 -8.85587e-05 0.000216617 6.02982e-05 -8.85587e-05 0.00960753 -0.0178546 -9.07865e-05 0.000216617 -0.0178546 0.0885795 
0.0103449 -0.0187706 4.32641e-05 -7.18932e-05 -0.0187706 0.0908873 -7.2302e-05 0.00019184 4.32641e-05 -7.2302e-05 0.0096136 -0.0178509 -7.18932e-05 0.00019184 -0.0178509 0.0885692 
0.0103198 -0.0187518 4.86893e-05 -5.11897e-05 -0.0187518 0.0908271 -5.38439e-05 0.00014987 4.86893e-05 -5.38439e-05 0.0096389 -0.0178589 -5.11897e-05 0.00014987 -0.0178589 0.0885803 
0.01032 -0.0187001 7.26588e-05 -6.36541e-05 -0.0187001 0.0907058 -6.60999e-05 0.000158314 7.26588e-05 -6.60999e-05 0.00966757 -0.0179301 -6.36541e-05 0.000158314 -0.0179301 0.0887485 
0.0103531 -0.0187021 9.04371e-05 -0.00010735 -0.0187021 0.090663 -0.000108904 0.000249319 9.04371e-05 -0.000108904 0.00968309 -0.0179756 -0.00010735 0.000249319 -0.0179756 0.0889048 
0.0104069 -0.0187749 7.43598e-05 -0.000120049 -0.0187749 0.0908034 -0.000121285 0.000299337 7.43598e-05 -0.000121285 0.00967159 -0.0179614 -0.000120049 0.000299337 -0.0179614 0.0889025 
0.0104445 -0.0188509 5.601e-05 -8.76347e-05 -0.0188509 0.0909975 -8.82785e-05 0.000250655 5.601e-05 -8.82785e-05 0.00965619 -0.017939 -8.76347e-05 0.000250655 -0.017939 0.0888495 
0.0104827 -0.0189089 3.23165e-05 -5.72338e-05 -0.0189089 0.0911862 -5.65156e-05 0.00016285 3.23165e-05 -5.65156e-05 0.00964574 -0.0179189 -5.72338e-05 0.00016285 -0.0179189 0.0887913 
0.0105058 -0.0189795 4.3038e-05 -4.53012e-05 -0.0189795 0.0913896 -4.42359e-05 0.000130696 4.3038e-05 -4.42359e-05 0.00962106 -0.0178717 -4.53012e-05 0.000130696 -0.0178717 0.0886539 
0.0104797 -0.0189805 4.91272e-05 -5.43746e-05 -0.0189805 0.0914344 -5.65715e-05 0.000132233 4.91272e-05 -5.65715e-05 0.0096231 -0.0178634 -5.43746e-05 0.000132233 -0.0178634 0.0886097 
0.0104446 -0.0189423 5.81653e-05 -5.49e-05 -0.0189423 0.0913829 -5.99246e-05 0.000136971 5.81653e-05 -5.99246e-05 0.00966431 -0.0178868 -5.49e-05 0.000136971 -0.0178868 0.0886602 
0.0103975 -0.0188951 5.72002e-05 -6.48875e-05 -0.0188951 0.0912695 -6.72452e-05 0.000150607 5.72002e-05 -6.72452e-05 0.0097131 -0.0179293 -6.48875e-05 0.000150607 -0.0179293 0.0887392 
0.0103783 -0.0188404 4.14302e-05 -7.14418e-05 -0.0188404 0.0911351 -7.12601e-05 0.000171457 4.14302e-05 -7.12601e-05 0.00971839 -0.0179767 -7.14418e-05 0.000171457 -0.0179767 0.0888343 
0.0103849 -0.0188039 3.30384e-05 -5.99431e-05 -0.0188039 0.0910106 -5.73137e-05 0.000163477 3.30384e-05 -5.73137e-05 0.00971249 -0.0180072 -5.99431e-05 0.000163477 -0.0180072 0.088954 
0.0103922 -0.0188152 4.43064e-05 -4.36291e-05 -0.0188152 0.0909845 -3.93164e-05 0.000121844 4.43064e-05 -3.93164e-05 0.00970438 -0.0179959 -4.36291e-05 0.000121844 -0.0179959 0.0889756 
0.0103874 -0.0188241 4.7443e-05 -4.58558e-05 -0.0188241 0.0909929 -4.03114e-05 9.20388e-05 4.7443e-05 -4.03114e-05 0.0097049 -0.0179801 -4.58558e-05 9.20388e-05 -0.0179801 0.0889454 
0.0103963 -0.0188146 3.50258e-05 -5.558e-05 -0.0188146 0.090981 -5.03941e-05 0.000107157 3.50258e-05 -5.03941e-05 0.00969464 -0.0179852 -5.558e-05 0.000107157 -0.0179852 0.0889451 
0.0104271 -0.0188453 2.84537e-05 -4.35572e-05 -0.0188453 0.0910401 -4.23749e-05 0.000107823 2.84537e-05 -4.23749e-05 0.00965715 -0.0179449 -4.35572e-05 0.000107823 -0.0179449 0.0888534 
0.0104544 -0.0188829 8.42816e-07 -2.50349e-05 -0.0188829 0.0911317 -2.88499e-05 7.27335e-05 8.42816e-07 -2.88499e-05 0.00964471 -0.017911 -2.50349e-05 7.27335e-05 -0.017911 0.0887759 
0.0104622 -0.0188977 -1.74155e-05 9.21364e-08 -0.0188977 0.0911737 -3.71724e-06 2.83492e-05 -1.74155e-05 -3.71724e-06 0.00965526 -0.0179234 9.21364e-08 2.83492e-05 -0.0179234 0.0887932 
0.0104461 -0.0189018 -2.37816e-05 1.31981e-05 -0.0189018 0.0911912 1.12831e-05 -6.78183e-06 -2.37816e-05 1.12831e-05 0.00967389 -0.0179501 1.31981e-05 -6.78183e-06 -0.0179501 0.0888629 
0.0104447 -0.0189026 -2.10741e-05 3.31528e-05 -0.0189026 0.0912247 3.20654e-05 -6.5179e-05 -2.10741e-05 3.20654e-05 0.00967543 -0.0179548 3.31528e-05 -6.5179e-05 -0.0179548 0.088881 
0.0104657 -0.0189016 -2.96755e-05 3.77291e-05 -0.0189016 0.0912434 3.64005e-05 -0.000102857 -2.96755e-05 3.64005e-05 0.00968555 -0.0179679 3.77291e-05 -0.000102857 -0.0179679 0.0889196 
0.0104936 -0.0189337 -2.03429e-05 3.34403e-05 -0.0189337 0.0913043 3.13013e-05 -8.92404e-05 -2.03429e-05 3.13013e-05 0.00968896 -0.0179694 3.34403e-05 -8.92404e-05 -0.0179694 0.0889212 
0.0105016 -0.0189657 -1.02718e-05 1.3133e-05 -0.0189657 0.0913728 9.45331e-06 -4.20001e-05 -1.02718e-05 9.45331e-06 0.00968556 -0.0179666 1.3133e-05 -4.20001e-05 -0.0179666 0.0889056 
0.0105458 -0.0189827 -9.58684e-07 6.87636e-06 -0.0189827 0.0914373 8.84531e-07 -1.40617e-05 -9.58684e-07 8.84531e-07 0.00965333 -0.0179605 6.87636e-06 -1.40617e-05 -0.0179605 0.0888903 
0.0105353 -0.0190369 -1.03097e-05 2.23384e-05 -0.0190369 0.0915356 1.71572e-05 -5.78284e-05 -1.03097e-05 1.71572e-05 0.00965064 -0.017905 2.23384e-05 -5.78284e-05 -0.017905 0.0887773 
0.0105222 -0.0190189 -8.68076e-06 1.68165e-05 -0.0190189 0.0915517 1.48376e-05 -5.21347e-05 -8.68076e-06 1.48376e-05 0.00966157 -0.0179175 1.68165e-05 -5.21347e-05 -0.0179175 0.0887627 
0.0105125 -0.0189989 5.8047e-06 5.04601e-06 -0.0189989 0.0915116 4.26455e-06 -2.11306e-05 5.8047e-06 4.26455e-06 0.00969349 -0.0179417 5.04601e-06 -2.11306e-05 -0.0179417 0.088818 
0.0105022 -0.0189802 1.03648e-05 -1.59475e-05 -0.0189802 0.0914519 -1.81407e-05 3.08619e-05 1.03648e-05 -1.81407e-05 0.00971519 -0.0179849 -1.59475e-05 3.08619e-05 -0.0179849 0.0889152 
0.0105122 -0.0189794 -3.66314e-07 -2.77831e-05 -0.0189794 0.0914399 -3.11502e-05 8.20596e-05 -3.66314e-07 -3.11502e-05 0.00970418 -0.0180037 -2.77831e-05 8.20596e-05 -0.0180037 0.0889823 
0.0104936 -0.0189667 -1.22188e-05 -5.22007e-06 -0.0189667 0.0913906 -8.13362e-06 5.56234e-05 -1.22188e-05 -8.13362e-06 0.00971771 -0.0180223 -5.22007e-06 5.56234e-05 -0.0180223 0.0890719 
0.0104891 -0.018943 -5.42019e-06 1.5045e-05 -0.018943 0.091337 1.41332e-05 -1.35671e-06 -5.42019e-06 1.41332e-05 0.00972068 -0.0180424 1.5045e-05 -1.35671e-06 -0.0180424 0.0891379 
0.0105274 -0.0189656 -1.12411e-07 1.31596e-05 -0.0189656 0.0913848 1.63371e-05 -3.38066e-05 -1.12411e-07 1.63371e-05 0.00970748 -0.0180234 1.31596e-05 -3.38066e-05 -0.0180234 0.0891134 
0.0105655 -0.019013 4.29426e-06 -8.17218e-06 -0.019013 0.0914833 -3.30731e-06 4.23256e-06 4.29426e-06 -3.30731e-06 0.00970296 -0.018007 -8.17218e-06 4.23256e-06 -0.018007 0.0890688 
0.0105909 -0.0190779 1.85455e-05 -1.63266e-05 -0.0190779 0.0916429 -1.18369e-05 3.90485e-05 1.85455e-05 -1.18369e-05 0.00967638 -0.0179667 -1.63266e-05 3.90485e-05 -0.0179667 0.0889433 
0.0105836 -0.0190886 2.46778e-05 -2.61553e-05 -0.0190886 0.0917067 -2.22961e-05 5.97668e-05 2.46778e-05 -2.22961e-05 0.00968743 -0.017966 -2.61553e-05 5.97668e-05 -0.017966 0.0889267 
0.0105815 -0.0190857 4.68932e-05 -2.95884e-05 -0.0190857 0.0917272 -2.52672e-05 6.83985e-05 4.68932e-05 -2.52672e-05 0.00969424 -0.0179749 -2.95884e-05 6.83985e-05 -0.0179749 0.0889325 
0.0106031 -0.0190915 5.68564e-05 -6.60237e-05 -0.0190915 0.0917467 -6.36014e-05 0.00013769 5.68564e-05 -6.36014e-05 0.00967858 -0.0179729 -6.60237e-05 0.00013769 -0.0179729 0.0889268 
0.0106342 -0.0191188 3.62528e-05 -6.06805e-05 -0.0191188 0.091798 -6.03119e-05 0.000144972 3.62528e-05 -6.03119e-05 0.00965605 -0.0179571 -6.06805e-05 0.000144972 -0.0179571 0.0889042 
0.0106292 -0.019133 1.75199e-05 -2.38716e-05 -0.019133 0.0918164 -2.11862e-05 6.97898e-05 1.75199e-05 -2.11862e-05 0.00967224 -0.0179551 -2.38716e-05 6.97898e-05 -0.0179551 0.0889157 
0.0106127 -0.0191252 1.08295e-05 -1.70264e-05 -0.0191252 0.0918054 -9.13625e-06 3.27934e-05 1.08295e-05 -9.13625e-06 0.00968157 -0.0179711 -1.70264e-05 3.27934e-05 -0.0179711 0.0889409 
0.0106241 -0.0191285 9.53073e-06 -1.8161e-05 -0.0191285 0.0918323 -1.25218e-05 3.48657e-05 9.53073e-06 -1.25218e-05 0.00966941 -0.0179611 -1.8161e-05 3.48657e-05 -0.0179611 0.0889182 
0.0106245 -0.0191208 9.04546e-07 -2.34107e-05 -0.0191208 0.0917995 -2.68208e-05 6.15824e-05 9.04546e-07 -2.68208e-05 0.00965669 -0.0179597 -2.34107e-05 6.15824e-05 -0.0179597 0.0889187 
0.0105921 -0.0191192 -7.2104e-07 1.50579e-06 -0.0191192 0.0917828 -8.8785e-06 2.92611e-05 -7.2104e-07 -8.8785e-06 0.00967776 -0.0179458 1.50579e-06 2.92611e-05 -0.0179458 0.0888971 
0.0105587 -0.0190863 5.1894e-06 -2.22462e-06 -0.0190863 0.0917299 -1.13531e-05 2.53892e-05 5.1894e-06 -1.13531e-05 0.00967774 -0.0179499 -2.22462e-06 2.53892e-05 -0.0179499 0.0888647 
0.0105323 -0.0190575 1.53897e-05 -1.99547e-05 -0.0190575 0.0916726 -2.44534e-05 5.88083e-05 1.53897e-05 -2.44534e-05 0.00967567 -0.017936 -1.99547e-05 5.88083e-05 -0.017936 0.088822 
0.0105083 -0.0190071 2.50774e-05 -2.52398e-05 -0.0190071 0.0915502 -2.54182e-05 6.71838e-05 2.50774e-05 -2.54182e-05 0.0096831 -0.0179483 -2.52398e-05 6.71838e-05 -0.0179483 0.0888366 
0.010495 -0.0189736 6.98321e-06 -1.32094e-05 -0.0189736 0.0914416 -1.18227e-05 2.50669e-05 6.98321e-06 -1.18227e-05 0.00968246 -0.0179525 -1.32094e-05 2.50669e-05 -0.0179525 0.0888424 
0.0105 -0.0189678 2.19728e-05 -1.38519e-05 -0.0189678 0.0914117 -1.34216e-05 3.81228e-05 2.19728e-05 -1.34216e-05 0.0096864 -0.0179538 -1.38519e-05 3.81228e-05 -0.0179538 0.0888515 
0.0105085 -0.0189886 2.91767e-05 -2.35984e-05 -0.0189886 0.0914517 -2.48895e-05 4.89093e-05 2.91767e-05 -2.48895e-05 0.00968005 -0.0179425 -2.35984e-05 4.89093e-05 -0.0179425 0.0888191 
0.0105228 -0.0189992 3.11825e-05 -3.40847e-05 -0.0189992 0.0914891 -3.39898e-05 7.11013e-05 3.11825e-05 -3.39898e-05 0.00966409 -0.017936 -3.40847e-05 7.11013e-05 -0.017936 0.0887978 
0.0105273 -0.0189986 1.49949e-05 -4.10252e-05 -0.0189986 0.0914858 -3.84054e-05 9.01127e-05 1.49949e-05 -3.84054e-05 0.00966091 -0.0179437 -4.10252e-05 9.01127e-05 -0.0179437 0.0888334 
0.0105299 -0.0189955 2.10103e-05 -2.6109e-05 -0.0189955 0.0914658 -2.20034e-05 7.68404e-05 2.10103e-05 -2.20034e-05 0.00965826 -0.0179457 -2.6109e-05 7.68404e-05 -0.0179457 0.0888598 
0.0105108 -0.0189759 4.00424e-05 -3.80589e-05 -0.0189759 0.0913963 -3.4211e-05 9.12615e-05 4.00424e-05 -3.4211e-05 0.00965123 -0.0179573 -3.80589e-05 9.12615e-05 -0.0179573 0.0889019 
0.0104896 -0.0189653 5.07044e-05 -4.40447e-05 -0.0189653 0.0913721 -4.13691e-05 9.44972e-05 5.07044e-05 -4.13691e-05 0.00966829 -0.017945 -4.40447e-05 9.44972e-05 -0.017945 0.0888997 
0.0105047 -0.0189594 4.53247e-05 -5.60639e-05 -0.0189594 0.0913737 -5.55755e-05 0.000120028 4.53247e-05 -5.55755e-05 0.00964408 -0.017934 -5.60639e-05 0.000120028 -0.017934 0.0888407 
0.0105269 -0.0189664 3.10319e-05 -5.49272e-05 -0.0189664 0.0913694 -5.44749e-05 0.000136744 3.10319e-05 -5.44749e-05 0.00962533 -0.0179141 -5.49272e-05 0.000136744 -0.0179141 0.0887993 
