0.00752988 0 -0.000453894 0 0 0.01 0 0 -0.000453894 0 0.00713396 0 0 0 0 0.01 
0.0105975 -0.0131581 -0.000542262 0.000668239 -0.0131581 0.034404 0.000668239 -0.0012813 -0.000542262 0.000668239 0.0100747 -0.0125138 0.000668239 -0.0012813 -0.0125138 0.0331688 
0.0105426 -0.0198752 -0.000442385 0.000709524 -0.0198752 0.0727095 0.000709524 -0.00226094 -0.000442385 0.000709524 0.0102044 -0.0189624 0.000709524 -0.00226094 -0.0189624 0.0698046 
0.00986309 -0.0193074 -0.00039858 0.000546163 -0.0193074 0.0864148 0.000538424 -0.00184867 -0.00039858 0.000538424 0.00975926 -0.0188257 0.000546163 -0.00184867 -0.0188257 0.0841889 
0.00979963 -0.0184472 -0.000430039 0.000509678 -0.0184472 0.0888798 0.000494469 -0.00135886 -0.000430039 0.000494469 0.00976169 -0.0182626 0.000509678 -0.00135886 -0.0182626 0.0877297 
0.00995913 -0.0182715 -0.000477151 0.000552449 -0.0182715 0.0893602 0.000539265 -0.00126549 -0.000477151 0.000539265 0.00990916 -0.0182385 0.000552449 -0.00126549 -0.0182385 0.0889727 
0.0100973 -0.0183702 -0.000467597 0.000596727 -0.0183702 0.0897376 0.000590539 -0.00136777 -0.000467597 0.000590539 0.0100034 -0.0183458 0.000596727 -0.00136777 -0.0183458 0.0896366 
0.0101627 -0.0184752 -0.000446387 0.000592588 -0.0184752 0.0900272 0.000592441 -0.0014546 -0.000446387 0.000592441 0.0100196 -0.0183845 0.000592588 -0.0014546 -0.0183845 0.0898866 
0.0101943 -0.018518 -0.000442742 0.000559126 -0.018518 0.0901554 0.000562535 -0.00143405 -0.000442742 0.000562535 0.00999775 -0.0183759 0.000559126 -0.00143405 -0.0183759 0.0899132 
0.0102198 -0.0185557 -0.000429032 0.000532 -0.0185557 0.0902501 0.000535887 -0.00135812 -0.000429032 0.000535887 0.0100053 -0.0183597 0.000532 -0.00135812 -0.0183597 0.0898962 
0.0102605 -0.0186003 -0.000426071 0.000514555 -0.0186003 0.0903666 0.000519587 -0.00130204 -0.000426071 0.000519587 0.0100001 -0.0183653 0.000514555 -0.00130204 -0.0183653 0.0898851 
0.0102713 -0.0186749 -0.00043556 0.000514813 -0.0186749 0.0905555 0.000523038 -0.00128706 -0.00043556 0.000523038 0.0100056 -0.0183428 0.000514813 -0.00128706 -0.0183428 0.0898308 
0.0102473 -0.0187106 -0.000441164 0.000534147 -0.0187106 0.0907098 0.000539706 -0.00131596 -0.000441164 0.000539706 0.00999417 -0.018321 0.000534147 -0.00131596 -0.018321 0.0897434 
0.0102007 -0.0186653 -0.000423297 0.000527057 -0.0186653 0.0906797 0.000526832 -0.00129684 -0.000423297 0.000526832 0.0100128 -0.0183419 0.000527057 -0.00129684 -0.0183419 0.0897932 
0.0101773 -0.0185894 -0.000431109 0.000522577 -0.0185894 0.0905172 0.000516951 -0.00129171 -0.000431109 0.000516951 0.0100144 -0.0183801 0.000522577 -0.00129171 -0.0183801 0.0898958 
0.0101798 -0.0185569 -0.000426475 0.000526339 -0.0185569 0.090397 0.000516982 -0.00128426 -0.000426475 0.000516982 0.0100247 -0.0183959 0.000526339 -0.00128426 -0.0183959 0.0899851 
0.0102013 -0.0185886 -0.000431293 0.000544154 -0.0185886 0.0904395 0.000536201 -0.00134227 -0.000431293 0.000536201 0.0100335 -0.0183798 0.000544154 -0.00134227 -0.0183798 0.0899589 
0.0102242 -0.0186191 -0.000423931 0.000542118 -0.0186191 0.0905163 0.000539225 -0.00135962 -0.000423931 0.000539225 0.0100228 -0.0183827 0.000542118 -0.00135962 -0.0183827 0.0899356 
0.010219 -0.0186381 -0.000432076 0.00052542 -0.0186381 0.0905693 0.000526772 -0.00133431 -0.000432076 0.000526772 0.0100225 -0.0183792 0.00052542 -0.00133431 -0.0183792 0.089933 
0.0102004 -0.0186184 -0.000436627 0.000514933 -0.0186184 0.0905543 0.000516963 -0.00128472 -0.000436627 0.000516963 0.0100715 -0.0184178 0.000514933 -0.00128472 -0.0184178 0.0900402 
0.0101931 -0.0186204 -0.000458205 0.000529021 -0.0186204 0.0905677 0.000528849 -0.00129427 -0.000458205 0.000528849 0.0100959 -0.0184449 0.000529021 -0.00129427 -0.0184449 0.0900891 
0.010193 -0.0186125 -0.000470844 0.000569827 -0.0186125 0.090561 0.000566535 -0.00137284 -0.000470844 0.000566535 0.0100928 -0.0184723 0.000569827 -0.00137284 -0.0184723 0.0901508 
0.0101754 -0.0185887 -0.000449275 0.000585006 -0.0185887 0.0904897 0.000580292 -0.00143114 -0.000449275 0.000580292 0.0100957 -0.0184872 0.000585006 -0.00143114 -0.0184872 0.0902195 
0.0101559 -0.0185781 -0.00043488 0.00055182 -0.0185781 0.0904613 0.000548034 -0.00139338 -0.00043488 0.000548034 0.0100983 -0.018477 0.00055182 -0.00139338 -0.018477 0.0902081 
0.0101254 -0.0185433 -0.000425129 0.000533408 -0.0185433 0.0903806 0.000528539 -0.00133638 -0.000425129 0.000528539 0.0101123 -0.0184854 0.000533408 -0.00133638 -0.0184854 0.090219 
0.0100895 -0.0184942 -0.000408937 0.000527173 -0.0184942 0.0902538 0.000521785 -0.00130766 -0.000408937 0.000521785 0.0101068 -0.0184945 0.000527173 -0.00130766 -0.0184945 0.090221 
0.0100937 -0.0184374 -0.000390814 0.000493806 -0.0184374 0.0901032 0.000490451 -0.00123493 -0.000390814 0.000490451 0.0100789 -0.018502 0.000493806 -0.00123493 -0.018502 0.0902503 
0.0101426 -0.0184668 -0.000358353 0.000462644 -0.0184668 0.0901171 0.000466028 -0.00115596 -0.000358353 0.000466028 0.0100338 -0.0184472 0.000462644 -0.00115596 -0.0184472 0.0901542 
0.0101612 -0.0185466 -0.000349168 0.000429429 -0.0185466 0.0902799 0.00043874 -0.00109066 -0.000349168 0.00043874 0.0100203 -0.0183681 0.000429429 -0.00109066 -0.0183681 0.0899551 
0.0101496 -0.0185713 -0.000368439 0.000439076 -0.0185713 0.090394 0.000449167 -0.00109941 -0.000368439 0.000449167 0.0100049 -0.0183354 0.000439076 -0.00109941 -0.0183354 0.0897966 
0.010134 -0.0185332 -0.000370301 0.000439742 -0.0185332 0.0903494 0.000446209 -0.00108003 -0.000370301 0.000446209 0.01 -0.0183498 0.000439742 -0.00108003 -0.0183498 0.089806 
0.0101056 -0.0184944 -0.000385942 0.000462946 -0.0184944 0.0902355 0.000464091 -0.00112665 -0.000385942 0.000464091 0.00999504 -0.0183478 0.000462946 -0.00112665 -0.0183478 0.0898141 
0.0101057 -0.0184732 -0.000391668 0.000474066 -0.0184732 0.0901713 0.000472407 -0.00115347 -0.000391668 0.000472407 0.00999175 -0.0183372 0.000474066 -0.00115347 -0.0183372 0.0898081 
0.0100967 -0.0184807 -0.000388911 0.000491927 -0.0184807 0.0901607 0.000489702 -0.00120591 -0.000388911 0.000489702 0.00999152 -0.0183156 0.000491927 -0.00120591 -0.0183156 0.0897504 
0.0100767 -0.018473 -0.000386052 0.00048405 -0.018473 0.0901554 0.000485485 -0.00121783 -0.000386052 0.000485485 0.0100092 -0.0183183 0.00048405 -0.00121783 -0.0183183 0.0897349 
0.0100654 -0.0184433 -0.000371005 0.000463578 -0.0184433 0.0901074 0.000467034 -0.00116787 -0.000371005 0.000467034 0.0100208 -0.0183526 0.000463578 -0.00116787 -0.0183526 0.0897989 
0.0100554 -0.0184164 -0.000352489 0.00045304 -0.0184164 0.0900306 0.000453185 -0.00113535 -0.000352489 0.000453185 0.0100371 -0.0183821 0.00045304 -0.00113535 -0.0183821 0.0898925 
0.0100562 -0.0184003 -0.000350705 0.000456597 -0.0184003 0.0899744 0.000453724 -0.00115211 -0.000350705 0.000453724 0.0100326 -0.0183989 0.000456597 -0.00115211 -0.0183989 0.0899464 
0.0100799 -0.0184119 -0.000328381 0.000435479 -0.0184119 0.089978 0.000429402 -0.00109964 -0.000328381 0.000429402 0.009999 -0.0183864 0.000435479 -0.00109964 -0.0183864 0.0899456 
0.0100693 -0.018419 -0.000321397 0.000412166 -0.018419 0.0899653 0.000406497 -0.00104498 -0.000321397 0.000406497 0.00997908 -0.0183525 0.000412166 -0.00104498 -0.0183525 0.0898917 
0.0100463 -0.0184171 -0.000335621 0.00041172 -0.0184171 0.0899723 0.000409479 -0.00103529 -0.000335621 0.000409479 0.0099581 -0.0183057 0.00041172 -0.00103529 -0.0183057 0.0897656 
0.0100203 -0.0183984 -0.000353974 0.00043877 -0.0183984 0.0899536 0.000439088 -0.00109055 -0.000353974 0.000439088 0.00994578 -0.0182611 0.00043877 -0.00109055 -0.0182611 0.0896243 
0.0100151 -0.0183735 -0.000362876 0.000447111 -0.0183735 0.089912 0.000449891 -0.00112043 -0.000362876 0.000449891 0.00993447 -0.0182353 0.000447111 -0.00112043 -0.0182353 0.0895168 
0.0100023 -0.0183398 -0.000358771 0.00043753 -0.0183398 0.0898124 0.000441252 -0.0010981 -0.000358771 0.000441252 0.0099527 -0.0182551 0.00043753 -0.0010981 -0.0182551 0.0895474 
0.00998551 -0.0182999 -0.000357718 0.000434435 -0.0182999 0.0896828 0.000437562 -0.00108322 -0.000357718 0.000437562 0.00997576 -0.0182998 0.000434435 -0.00108322 -0.0182998 0.0896589 
0.00999419 -0.0182843 -0.000371019 0.000443747 -0.0182843 0.0896121 0.000445358 -0.00110203 -0.000371019 0.000445358 0.00996482 -0.01832 0.000443747 -0.00110203 -0.01832 0.0897283 
0.0100061 -0.0183155 -0.000360721 0.000453415 -0.0183155 0.0896572 0.000452036 -0.00111271 -0.000360721 0.000452036 0.00994223 -0.0182837 0.000453415 -0.00111271 -0.0182837 0.0896726 
0.0100159 -0.0183489 -0.000349557 0.000444857 -0.0183489 0.0897578 0.000442745 -0.00110903 -0.000349557 0.000442745 0.00992287 -0.0182383 0.000444857 -0.00110903 -0.0182383 0.0895532 
0.0100218 -0.0183555 -0.000344867 0.000457289 -0.0183555 0.0897976 0.000458035 -0.0011532 -0.000344867 0.000458035 0.00987495 -0.0181982 0.000457289 -0.0011532 -0.0181982 0.0894155 
0.0100307 -0.0183626 -0.000321717 0.000438061 -0.0183626 0.0898231 0.000437742 -0.00112756 -0.000321717 0.000437742 0.00983685 -0.0181443 0.000438061 -0.00112756 -0.0181443 0.0892902 
0.0100171 -0.0183487 -0.00028805 0.00037765 -0.0183487 0.0897885 0.000375656 -0.000987455 -0.00028805 0.000375656 0.00984195 -0.0181294 0.00037765 -0.000987455 -0.0181294 0.0892512 
0.00999047 -0.0183355 -0.00027507 0.000353462 -0.0183355 0.0897548 0.000353741 -0.000908874 -0.00027507 0.000353741 0.00986309 -0.0181216 0.000353462 -0.000908874 -0.0181216 0.0892084 
0.00999653 -0.0183315 -0.000275369 0.000348981 -0.0183315 0.0897636 0.000352498 -0.00089201 -0.000275369 0.000352498 0.00986535 -0.0181135 0.000348981 -0.00089201 -0.0181135 0.0891453 
0.00999767 -0.0183137 -0.000288204 0.000352604 -0.0183137 0.0897037 0.000356481 -0.000898206 -0.000288204 0.000356481 0.0098635 -0.0181363 0.000352604 -0.000898206 -0.0181363 0.089182 
0.00997243 -0.018292 -0.000285769 0.000358841 -0.018292 0.0896213 0.000360014 -0.000897103 -0.000285769 0.000360014 0.00987175 -0.0181571 0.000358841 -0.000897103 -0.0181571 0.0892567 
0.00996176 -0.018263 -0.000292228 0.000353493 -0.018263 0.0895521 0.000351517 -0.000883954 -0.000292228 0.000351517 0.00987955 -0.0181716 0.000353493 -0.000883954 -0.0181716 0.0893135 
0.00996655 -0.0182718 -0.000288137 0.000358814 -0.0182718 0.0895592 0.000358137 -0.000886108 -0.000288137 0.000358137 0.00987173 -0.0181544 0.000358814 -0.000886108 -0.0181544 0.0892778 
0.00997647 -0.0182783 -0.000273891 0.000347642 -0.0182783 0.0895764 0.000349395 -0.000868492 -0.000273891 0.000349395 0.00985878 -0.0181472 0.000347642 -0.000868492 -0.0181472 0.0892555 
0.00998368 -0.0182804 -0.00025473 0.000336327 -0.0182804 0.0895734 0.000337559 -0.000847744 -0.00025473 0.000337559 0.00983908 -0.0181391 0.000336327 -0.000847744 -0.0181391 0.0892449 
0.00996582 -0.0182857 -0.000235369 0.000318956 -0.0182857 0.0895808 0.000319217 -0.000818229 -0.000235369 0.000319217 0.00984977 -0.0181234 0.000318956 -0.000818229 -0.0181234 0.0892287 
0.00994459 -0.0182633 -0.000236225 0.000310301 -0.0182633 0.0895505 0.000309836 -0.000805652 -0.000236225 0.000309836 0.00984499 -0.0181282 0.000310301 -0.000805652 -0.0181282 0.0892142 
0.00992633 -0.0182495 -0.000249953 0.000303987 -0.0182495 0.0895274 0.000304557 -0.00078507 -0.000249953 0.000304557 0.00984574 -0.0181109 0.000303987 -0.00078507 -0.0181109 0.0891769 
0.00991281 -0.0182276 -0.000248785 0.000312058 -0.0182276 0.0894881 0.000313006 -0.000781677 -0.000248785 0.000313006 0.00985252 -0.0181084 0.000312058 -0.000781677 -0.0181084 0.089149 
0.00992513 -0.018215 -0.000239151 0.00030778 -0.018215 0.0894541 0.000309703 -0.000775638 -0.000239151 0.000309703 0.00984022 -0.0181088 0.00030778 -0.000775638 -0.0181088 0.0891303 
0.00993075 -0.0182173 -0.00022982 0.000292766 -0.0182173 0.0894312 0.000294943 -0.000744986 -0.00022982 0.000294943 0.00984143 -0.0181081 0.000292766 -0.000744986 -0.0181081 0.0891392 
0.0099212 -0.0182126 -0.000239621 0.000294222 -0.0182126 0.0894018 0.000294593 -0.000743852 -0.000239621 0.000294593 0.00984855 -0.0181124 0.000294222 -0.000743852 -0.0181124 0.0891485 
0.00990052 -0.018197 -0.000249833 0.000317981 -0.018197 0.089357 0.000314496 -0.000788204 -0.000249833 0.000314496 0.00984546 -0.018116 0.000317981 -0.000788204 -0.018116 0.0891512 
0.00988147 -0.0181669 -0.000244392 0.0003288 -0.0181669 0.0892875 0.000323229 -0.000822302 -0.000244392 0.000323229 0.00983465 -0.0181122 0.0003288 -0.000822302 -0.0181122 0.0891455 
0.00987097 -0.0181463 -0.000241397 0.000321645 -0.0181463 0.0892294 0.000317211 -0.000826803 -0.000241397 0.000317211 0.00984114 -0.018097 0.000321645 -0.000826803 -0.018097 0.0891208 
0.00988071 -0.018114 -0.000244181 0.000306242 -0.018114 0.0891342 0.000304231 -0.00079181 -0.000244181 0.000304231 0.00983197 -0.0181183 0.000306242 -0.00079181 -0.0181183 0.0891512 
0.00989714 -0.0181481 -0.00025156 0.00030452 -0.0181481 0.0891702 0.000304222 -0.000770741 -0.00025156 0.000304222 0.00980441 -0.0180808 0.00030452 -0.000770741 -0.0180808 0.089079 
0.00992086 -0.0181637 -0.000260923 0.000329578 -0.0181637 0.089221 0.000331251 -0.000825132 -0.000260923 0.000331251 0.00978072 -0.0180588 0.000329578 -0.000825132 -0.0180588 0.0890236 
0.00993083 -0.0182067 -0.000241541 0.000329464 -0.0182067 0.089324 0.000333384 -0.000839843 -0.000241541 0.000333384 0.00976542 -0.0180162 0.000329464 -0.000839843 -0.0180162 0.0889188 
0.00991636 -0.0182147 -0.000222067 0.000290286 -0.0182147 0.0893801 0.000294193 -0.000766789 -0.000222067 0.000294193 0.00977509 -0.0180076 0.000290286 -0.000766789 -0.0180076 0.0888739 
0.0099077 -0.0182032 -0.000210537 0.0002632 -0.0182032 0.0893872 0.000265991 -0.000685295 -0.000210537 0.000265991 0.00978475 -0.0180126 0.0002632 -0.000685295 -0.0180126 0.0888624 
0.00991138 -0.0181902 -0.000245142 0.000272699 -0.0181902 0.0893607 0.000273324 -0.000690418 -0.000245142 0.000273324 0.00979203 -0.0180255 0.000272699 -0.000690418 -0.0180255 0.0888864 
0.00989946 -0.0181963 -0.000273064 0.000313661 -0.0181963 0.089353 0.000312059 -0.000753613 -0.000273064 0.000312059 0.00979529 -0.0180199 0.000313661 -0.000753613 -0.0180199 0.0888668 
0.00988815 -0.0181913 -0.000275042 0.000345362 -0.0181913 0.0893548 0.000342505 -0.000833555 -0.000275042 0.000342505 0.009796 -0.0180111 0.000345362 -0.000833555 -0.0180111 0.0888299 
0.00988699 -0.0181579 -0.000265793 0.000363979 -0.0181579 0.0892799 0.000361474 -0.000912682 -0.000265793 0.000361474 0.00979045 -0.0180302 0.000363979 -0.000912682 -0.0180302 0.0888659 
0.00988762 -0.0181451 -0.000248907 0.00034004 -0.0181451 0.0892149 0.000339173 -0.000889871 -0.000248907 0.000339173 0.00978072 -0.0180334 0.00034004 -0.000889871 -0.0180334 0.0888965 
0.00987607 -0.0181468 -0.00020895 0.000304032 -0.0181468 0.0891929 0.000304775 -0.000803156 -0.00020895 0.000304775 0.00977233 -0.0180188 0.000304032 -0.000803156 -0.0180188 0.0888817 
0.00986398 -0.0181391 -0.000175055 0.000237492 -0.0181391 0.0891846 0.000239905 -0.000646943 -0.000175055 0.000239905 0.00978376 -0.0180059 0.000237492 -0.000646943 -0.0180059 0.088854 
0.00986011 -0.018113 -0.000180483 0.000208804 -0.018113 0.0891271 0.000210715 -0.000547826 -0.000180483 0.000210715 0.00978679 -0.0180287 0.000208804 -0.000547826 -0.0180287 0.0888877 
0.00986386 -0.0181046 -0.00019297 0.000234626 -0.0181046 0.0890834 0.000236079 -0.000574312 -0.00019297 0.000236079 0.00977785 -0.0180356 0.000234626 -0.000574312 -0.0180356 0.0889232 
0.00988935 -0.0181235 -0.000192204 0.000245086 -0.0181235 0.0891136 0.000248527 -0.000609681 -0.000192204 0.000248527 0.00974624 -0.0180064 0.000245086 -0.000609681 -0.0180064 0.0888679 
0.00991371 -0.018147 -0.000219705 0.000275875 -0.018147 0.0891564 0.000278854 -0.00070673 -0.000219705 0.000278854 0.00970482 -0.0179655 0.000275875 -0.00070673 -0.0179655 0.0887725 
0.00992338 -0.0181693 -0.000199951 0.000280686 -0.0181693 0.0892058 0.000279501 -0.000713609 -0.000199951 0.000279501 0.00969886 -0.0179298 0.000280686 -0.000713609 -0.0179298 0.0886962 
0.00990475 -0.0181848 -0.000185546 0.000256876 -0.0181848 0.0892559 0.000253821 -0.000676475 -0.000185546 0.000253821 0.0097174 -0.0179179 0.000256876 -0.000676475 -0.0179179 0.0886376 
0.00991226 -0.0181617 -0.000164344 0.000210069 -0.0181617 0.0892439 0.000208456 -0.000552772 -0.000164344 0.000208456 0.00972843 -0.0179564 0.000210069 -0.000552772 -0.0179564 0.0887009 
0.00990587 -0.018186 -0.00015549 0.000193735 -0.018186 0.089283 0.000195727 -0.000490831 -0.00015549 0.000195727 0.00973701 -0.01795 0.000193735 -0.000490831 -0.01795 0.0886999 
0.00991791 -0.0181846 -0.000168031 0.000190502 -0.0181846 0.0893086 0.000195562 -0.000477117 -0.000168031 0.000195562 0.0097233 -0.017953 0.000190502 -0.000477117 -0.017953 0.0886935 
0.00993809 -0.0181992 -0.000213218 0.000226721 -0.0181992 0.0893389 0.000230981 -0.000554648 -0.000213218 0.000230981 0.00970735 -0.0179376 0.000226721 -0.000554648 -0.0179376 0.0886721 
0.00994736 -0.0182172 -0.000217785 0.000270024 -0.0182172 0.0893733 0.000272491 -0.000642704 -0.000217785 0.000272491 0.00971271 -0.0179271 0.000270024 -0.000642704 -0.0179271 0.0886529 
0.00993075 -0.0182315 -0.000216016 0.000291021 -0.0182315 0.0894112 0.000291482 -0.000729759 -0.000216016 0.000291482 0.00971512 -0.0179219 0.000291021 -0.000729759 -0.0179219 0.0886166 
0.00992341 -0.0182093 -0.000203768 0.000270902 -0.0182093 0.0893934 0.00027092 -0.000707483 -0.000203768 0.00027092 0.00972378 -0.017937 0.000270902 -0.000707483 -0.017937 0.0886464 
0.00991862 -0.0182122 -0.000194411 0.000256867 -0.0182122 0.089395 0.000255269 -0.000671124 -0.000194411 0.000255269 0.00972946 -0.0179314 0.000256867 -0.000671124 -0.0179314 0.0886347 
0.00991238 -0.0182065 -0.000184757 0.000253393 -0.0182065 0.0893878 0.000251679 -0.000658313 -0.000184757 0.000251679 0.00973215 -0.0179388 0.000253393 -0.000658313 -0.0179388 0.0886431 
0.00991364 -0.0181768 -0.000175675 0.000233778 -0.0181768 0.0893093 0.000234484 -0.000617573 -0.000175675 0.000234484 0.00972913 -0.0179645 0.000233778 -0.000617573 -0.0179645 0.0887152 
0.00991264 -0.0181607 -0.000184935 0.000231305 -0.0181607 0.0892292 0.000234056 -0.000606658 -0.000184935 0.000234056 0.0097195 -0.0179708 0.000231305 -0.000606658 -0.0179708 0.0887641 
0.00991081 -0.0181797 -0.00018411 0.000233772 -0.0181797 0.0892542 0.000235638 -0.000594668 -0.00018411 0.000235638 0.00971378 -0.0179384 0.000233772 -0.000594668 -0.0179384 0.0887064 
0.00988633 -0.0181653 -0.000185584 0.000238605 -0.0181653 0.0892318 0.000238192 -0.00060448 -0.000185584 0.000238192 0.00972 -0.017938 0.000238605 -0.00060448 -0.017938 0.0886829 
0.00989342 -0.0181419 -0.000181614 0.000231962 -0.0181419 0.089188 0.000231122 -0.000588856 -0.000181614 0.000231122 0.00970208 -0.0179317 0.000231962 -0.000588856 -0.0179317 0.0886507 
0.00988495 -0.0181535 -0.00017292 0.000227742 -0.0181535 0.0891864 0.000226192 -0.000573734 -0.00017292 0.000226192 0.00969305 -0.0178978 0.000227742 -0.000573734 -0.0178978 0.0885699 
0.00987242 -0.0181347 -0.000170375 0.000226596 -0.0181347 0.0891568 0.000223717 -0.000575307 -0.000170375 0.000223717 0.00969238 -0.0178946 0.000226596 -0.000575307 -0.0178946 0.088536 
0.00987844 -0.0181286 -0.000176103 0.000212572 -0.0181286 0.089141 0.000207942 -0.000540679 -0.000176103 0.000207942 0.00968037 -0.0178829 0.000212572 -0.000540679 -0.0178829 0.088498 
0.00988472 -0.018125 -0.00019912 0.000232699 -0.018125 0.089115 0.000227899 -0.00057147 -0.00019912 0.000227899 0.00966402 -0.0178721 0.000232699 -0.00057147 -0.0178721 0.0884689 
0.00987359 -0.018118 -0.00018739 0.000250148 -0.018118 0.0890787 0.000247794 -0.000606266 -0.00018739 0.000247794 0.00967378 -0.0178675 0.000250148 -0.000606266 -0.0178675 0.0884692 
0.00986899 -0.0180981 -0.000175928 0.000239392 -0.0180981 0.0890301 0.000238804 -0.000613878 -0.000175928 0.000238804 0.00969124 -0.0178908 0.000239392 -0.000613878 -0.0178908 0.0885195 
0.00986955 -0.0181081 -0.000175475 0.000226413 -0.0181081 0.0890385 0.00022796 -0.000593819 -0.000175475 0.00022796 0.00968847 -0.0178913 0.000226413 -0.000593819 -0.0178913 0.0885181 
0.00987819 -0.0181235 -0.000161569 0.000218175 -0.0181235 0.0890925 0.000224146 -0.000570257 -0.000161569 0.000224146 0.00968481 -0.0178869 0.000218175 -0.000570257 -0.0178869 0.088513 
0.00986877 -0.0181251 -0.000167772 0.000203496 -0.0181251 0.0891051 0.000212012 -0.0005476 -0.000167772 0.000212012 0.00969153 -0.0178928 0.000203496 -0.0005476 -0.0178928 0.0885339 
0.00985028 -0.0181258 -0.000166547 0.000215413 -0.0181258 0.0891267 0.000220017 -0.00055402 -0.000166547 0.000220017 0.00970504 -0.0178872 0.000215413 -0.00055402 -0.0178872 0.0885164 
0.00984568 -0.0181011 -0.000162641 0.000201232 -0.0181011 0.0890958 0.000202843 -0.000521826 -0.000162641 0.000202843 0.00971104 -0.0179087 0.000201232 -0.000521826 -0.0179087 0.0885488 
0.00986677 -0.0180865 -0.000158356 0.00018549 -0.0180865 0.089045 0.00018458 -0.000465812 -0.000158356 0.00018458 0.00970042 -0.0179262 0.00018549 -0.000465812 -0.0179262 0.0886058 
0.0098913 -0.0181086 -0.00016425 0.000199064 -0.0181086 0.0890517 0.000198524 -0.000486922 -0.00016425 0.000198524 0.00968404 -0.017912 0.000199064 -0.000486922 -0.017912 0.0886031 
0.00991167 -0.0181517 -0.000172064 0.00021234 -0.0181517 0.0891451 0.000215714 -0.000530845 -0.000172064 0.000215714 0.00967247 -0.0178799 0.00021234 -0.000530845 -0.0178799 0.0885309 
0.00991306 -0.018175 -0.000196525 0.000228287 -0.018175 0.089223 0.000233033 -0.000583432 -0.000196525 0.000233033 0.00967634 -0.017874 0.000228287 -0.000583432 -0.017874 0.0884996 
0.00989902 -0.0181858 -0.000193578 0.000246981 -0.0181858 0.0892795 0.000249912 -0.000615377 -0.000193578 0.000249912 0.00969905 -0.0178725 0.000246981 -0.000615377 -0.0178725 0.0884814 
0.00987923 -0.0181693 -0.000197714 0.000251297 -0.0181693 0.089277 0.000250885 -0.000642566 -0.000197714 0.000250885 0.009732 -0.0179031 0.000251297 -0.000642566 -0.0179031 0.0885249 
0.00987458 -0.0181477 -0.000194718 0.000247567 -0.0181477 0.0892385 0.000244401 -0.000628675 -0.000194718 0.000244401 0.00973949 -0.0179433 0.000247567 -0.000628675 -0.0179433 0.0886104 
0.00987755 -0.0181398 -0.000180319 0.000238573 -0.0181398 0.0892092 0.000235858 -0.000604349 -0.000180319 0.000235858 0.00973786 -0.0179616 0.000238573 -0.000604349 -0.0179616 0.088687 
0.00989533 -0.0181434 -0.000167018 0.000221917 -0.0181434 0.0892097 0.000220726 -0.000572132 -0.000167018 0.000220726 0.00973463 -0.0179695 0.000221917 -0.000572132 -0.0179695 0.088741 
0.00988983 -0.0181711 -0.000158319 0.000211473 -0.0181711 0.0892609 0.00020874 -0.00054517 -0.000158319 0.00020874 0.00975054 -0.0179598 0.000211473 -0.00054517 -0.0179598 0.0887375 
0.00988628 -0.0181698 -0.000156792 0.000188792 -0.0181698 0.0892866 0.0001838 -0.000481367 -0.000156792 0.0001838 0.00974594 -0.0179697 0.000188792 -0.000481367 -0.0179697 0.0887361 
0.00989254 -0.0181511 -0.000163949 0.000201629 -0.0181511 0.0892421 0.000197851 -0.000493998 -0.000163949 0.000197851 0.00972778 -0.0179711 0.000201629 -0.000493998 -0.0179711 0.0887511 
0.00990252 -0.0181535 -0.000176307 0.000214174 -0.0181535 0.0892195 0.000210317 -0.00052833 -0.000176307 0.000210317 0.00972814 -0.0179561 0.000214174 -0.00052833 -0.0179561 0.0887442 
0.00990576 -0.018164 -0.000181023 0.000223743 -0.018164 0.0892258 0.000218527 -0.000548897 -0.000181023 0.000218527 0.00974548 -0.017959 0.000223743 -0.000548897 -0.017959 0.0887428 
0.00991366 -0.0181973 -0.000186402 0.000231552 -0.0181973 0.0893124 0.000227678 -0.00057289 -0.000186402 0.000227678 0.00974237 -0.0179469 0.000231552 -0.00057289 -0.0179469 0.0886837 
0.00990456 -0.0182084 -0.000192859 0.000245308 -0.0182084 0.0893666 0.000243566 -0.000613228 -0.000192859 0.000243566 0.00973967 -0.0179412 0.000245308 -0.000613228 -0.0179412 0.0886495 
0.00988291 -0.0181845 -0.000191372 0.000250927 -0.0181845 0.0893332 0.000250424 -0.00063742 -0.000191372 0.000250424 0.00974846 -0.0179504 0.000250927 -0.00063742 -0.0179504 0.0886672 
0.00985123 -0.0181313 -0.000187717 0.000250575 -0.0181313 0.0892065 0.00025086 -0.000647715 -0.000187717 0.00025086 0.00978329 -0.0179895 0.000250575 -0.000647715 -0.0179895 0.0887678 
0.00983135 -0.018095 -0.000174714 0.000233441 -0.018095 0.0890943 0.000235619 -0.000610334 -0.000174714 0.000235619 0.00979826 -0.0180231 0.000233441 -0.000610334 -0.0180231 0.0888498 
0.00981012 -0.0180543 -0.000185713 0.000232444 -0.0180543 0.0889647 0.000236703 -0.00061178 -0.000185713 0.000236703 0.00980581 -0.0180525 0.000232444 -0.00061178 -0.0180525 0.0889432 
0.00981954 -0.0180399 -0.000175432 0.000238513 -0.0180399 0.0889032 0.000240708 -0.000608609 -0.000175432 0.000240708 0.00977382 -0.0180409 0.000238513 -0.000608609 -0.0180409 0.0889341 
0.00982432 -0.01805 -0.000174258 0.000211542 -0.01805 0.088898 0.000210405 -0.000549609 -0.000174258 0.000210405 0.00975616 -0.0180026 0.000211542 -0.000549609 -0.0180026 0.0888685 
0.00982672 -0.0180445 -0.000188863 0.000240641 -0.0180445 0.0888835 0.000239315 -0.00060135 -0.000188863 0.000239315 0.00974927 -0.0179831 0.000240641 -0.00060135 -0.0179831 0.0888007 
0.00983116 -0.0180779 -0.000198044 0.000255429 -0.0180779 0.0889639 0.000257578 -0.000650272 -0.000198044 0.000257578 0.0097448 -0.0179424 0.000255429 -0.000650272 -0.0179424 0.0886741 
0.00981683 -0.0180788 -0.000218446 0.000260201 -0.0180788 0.0889917 0.000261848 -0.000667548 -0.000218446 0.000261848 0.00974689 -0.0179349 0.000260201 -0.000667548 -0.0179349 0.0886056 
0.00980457 -0.0180549 -0.000216913 0.000267771 -0.0180549 0.0889544 0.000263753 -0.000657692 -0.000216913 0.000263753 0.00974599 -0.017945 0.000267771 -0.000657692 -0.017945 0.0886108 
0.00979932 -0.0180387 -0.000200771 0.000267058 -0.0180387 0.0889103 0.000260234 -0.000655951 -0.000200771 0.000260234 0.0097409 -0.0179496 0.000267058 -0.000655951 -0.0179496 0.0886346 
0.00979506 -0.0180235 -0.000196486 0.00025425 -0.0180235 0.0888615 0.000250477 -0.000648155 -0.000196486 0.000250477 0.00974161 -0.0179569 0.00025425 -0.000648155 -0.0179569 0.0886756 
0.00980147 -0.0180182 -0.000195286 0.000232793 -0.0180182 0.0888354 0.000235622 -0.000598773 -0.000195286 0.000235622 0.00973296 -0.0179572 0.000232793 -0.000598773 -0.0179572 0.0886925 
0.00981618 -0.0180248 -0.000192058 0.000238478 -0.0180248 0.0888366 0.000244112 -0.000599898 -0.000192058 0.000244112 0.00972004 -0.01795 0.000238478 -0.000599898 -0.01795 0.088693 
0.00983695 -0.0180486 -0.000200702 0.000242965 -0.0180486 0.0888875 0.000247615 -0.000620315 -0.000200702 0.000247615 0.00971725 -0.0179348 0.000242965 -0.000620315 -0.0179348 0.0886692 
0.00983524 -0.0180666 -0.000214052 0.000260044 -0.0180666 0.0889279 0.000259646 -0.000654118 -0.000214052 0.000259646 0.00971797 -0.0179389 0.000260044 -0.000654118 -0.0179389 0.0886714 
0.00981505 -0.0180769 -0.000205099 0.00027891 -0.0180769 0.0889798 0.000275545 -0.000696299 -0.000205099 0.000275545 0.00973198 -0.0179306 0.00027891 -0.000696299 -0.0179306 0.0886505 
0.00979552 -0.0180368 -0.000176429 0.00025853 -0.0180368 0.0889154 0.000254496 -0.000670871 -0.000176429 0.000254496 0.00973971 -0.0179582 0.00025853 -0.000670871 -0.0179582 0.0886954 
0.00979103 -0.0180194 -0.000167194 0.000236303 -0.0180194 0.0888599 0.0002331 -0.000636755 -0.000167194 0.0002331 0.00973074 -0.0179506 0.000236303 -0.000636755 -0.0179506 0.088686 
0.00980352 -0.0180119 -0.000162879 0.000211726 -0.0180119 0.0888244 0.000210034 -0.000569491 -0.000162879 0.000210034 0.00971969 -0.0179375 0.000211726 -0.000569491 -0.0179375 0.0886548 
0.0098079 -0.0180338 -0.000175078 0.000212308 -0.0180338 0.0888514 0.000210248 -0.000549006 -0.000175078 0.000210248 0.00971408 -0.0179072 0.000212308 -0.000549006 -0.0179072 0.088569 
