0.0077399 0 -1.70425e-05 0 0 0.01 0 0 -1.70425e-05 0 0.00689355 0 0 0 0 0.01 
0.0108165 -0.0134278 -1.98832e-05 2.46268e-05 -0.0134278 0.0349213 2.46268e-05 -4.71508e-05 -1.98832e-05 2.46268e-05 0.0098173 -0.0121964 2.46268e-05 -4.71508e-05 -0.0121964 0.0325601 
0.0107488 -0.0200506 -3.8186e-05 5.28566e-06 -0.0200506 0.0732686 5.28566e-06 -1.81298e-05 -3.8186e-05 5.28566e-06 0.00996486 -0.0187205 5.28566e-06 -1.81298e-05 -0.0187205 0.0690316 
0.0101458 -0.0195268 -7.46169e-05 6.45639e-05 -0.0195268 0.0869073 6.91694e-05 -0.000145838 -7.46169e-05 6.91694e-05 0.00943245 -0.0185534 6.45639e-05 -0.000145838 -0.0185534 0.0834925 
0.0102033 -0.0187976 -6.66626e-05 7.19678e-05 -0.0187976 0.0895618 8.36515e-05 -0.000164957 -6.66626e-05 8.36515e-05 0.00936492 -0.0179032 7.19678e-05 -0.000164957 -0.0179032 0.0870998 
0.0104473 -0.0188101 -5.79738e-05 7.09493e-05 -0.0188101 0.0904632 8.16416e-05 -0.000180532 -5.79738e-05 8.16416e-05 0.00946984 -0.0177342 7.09493e-05 -0.000180532 -0.0177342 0.088019 
0.0106238 -0.0190247 -5.41197e-05 7.65337e-05 -0.0190247 0.0912382 7.94861e-05 -0.000197481 -5.41197e-05 7.94861e-05 0.00954385 -0.0177632 7.65337e-05 -0.000197481 -0.0177632 0.0883409 
0.0106754 -0.0191696 -4.01659e-05 6.46948e-05 -0.0191696 0.091749 6.22749e-05 -0.000169583 -4.01659e-05 6.22749e-05 0.00957596 -0.0177807 6.46948e-05 -0.000169583 -0.0177807 0.0884103 
0.0106472 -0.019184 -2.69296e-05 5.68366e-05 -0.019184 0.0919072 5.38427e-05 -0.000155524 -2.69296e-05 5.38427e-05 0.00960198 -0.0178108 5.68366e-05 -0.000155524 -0.0178108 0.0884455 
0.0105852 -0.0191282 9.33214e-06 1.83872e-05 -0.0191282 0.0918214 1.68751e-05 -6.78087e-05 9.33214e-06 1.68751e-05 0.00963456 -0.0178451 1.83872e-05 -6.78087e-05 -0.0178451 0.0885063 
0.0105352 -0.0190478 2.20016e-05 -2.06906e-05 -0.0190478 0.0916376 -1.96419e-05 2.19997e-05 2.20016e-05 -1.96419e-05 0.00966113 -0.0178985 -2.06906e-05 2.19997e-05 -0.0178985 0.0886324 
0.0105091 -0.0189783 2.56115e-05 -2.5819e-05 -0.0189783 0.0914366 -2.3089e-05 5.62536e-05 2.56115e-05 -2.3089e-05 0.00967437 -0.0179462 -2.5819e-05 5.62536e-05 -0.0179462 0.0887805 
0.0104767 -0.0189466 1.84431e-05 -1.66058e-05 -0.0189466 0.0913033 -1.35379e-05 3.53279e-05 1.84431e-05 -1.35379e-05 0.00967074 -0.0179534 -1.66058e-05 3.53279e-05 -0.0179534 0.0888411 
0.0104602 -0.0189059 -1.0279e-05 -1.31995e-05 -0.0189059 0.0912012 -1.12904e-05 2.59533e-05 -1.0279e-05 -1.12904e-05 0.00967842 -0.0179645 -1.31995e-05 2.59533e-05 -0.0179645 0.0888984 
0.0104672 -0.0189091 -3.16669e-05 1.59054e-05 -0.0189091 0.091193 1.55184e-05 -1.24523e-05 -3.16669e-05 1.55184e-05 0.00966429 -0.0179462 1.59054e-05 -1.24523e-05 -0.0179462 0.0888608 
0.0104793 -0.0189359 -2.51352e-05 2.63806e-05 -0.0189359 0.0912669 2.57336e-05 -3.28952e-05 -2.51352e-05 2.57336e-05 0.00965419 -0.0179159 2.63806e-05 -3.28952e-05 -0.0179159 0.0887788 
0.0104741 -0.0189368 -1.37742e-05 3.6414e-05 -0.0189368 0.0912865 3.68173e-05 -7.64442e-05 -1.37742e-05 3.68173e-05 0.00965364 -0.0179136 3.6414e-05 -7.64442e-05 -0.0179136 0.088748 
0.0104515 -0.0189382 -1.75547e-05 1.95992e-05 -0.0189382 0.0913025 1.96344e-05 -6.38649e-05 -1.75547e-05 1.96344e-05 0.00966343 -0.0179023 1.95992e-05 -6.38649e-05 -0.0179023 0.0887118 
0.0104235 -0.0188858 -2.90415e-05 3.38941e-05 -0.0188858 0.0911978 3.30768e-05 -8.36609e-05 -2.90415e-05 3.30768e-05 0.00968134 -0.0179372 3.38941e-05 -8.36609e-05 -0.0179372 0.0887774 
0.0104034 -0.0188512 -1.96521e-05 3.2591e-05 -0.0188512 0.0910949 2.92704e-05 -7.38034e-05 -1.96521e-05 2.92704e-05 0.00969177 -0.0179609 3.2591e-05 -7.38034e-05 -0.0179609 0.0888512 
0.0104143 -0.0188392 -1.86512e-05 3.28002e-05 -0.0188392 0.0910523 2.97078e-05 -8.26873e-05 -1.86512e-05 2.97078e-05 0.00966787 -0.0179613 3.28002e-05 -8.26873e-05 -0.0179613 0.0888683 
0.0104318 -0.018867 -3.61233e-06 2.45459e-05 -0.018867 0.0911025 2.36613e-05 -6.5982e-05 -3.61233e-06 2.36613e-05 0.0096502 -0.0179202 2.45459e-05 -6.5982e-05 -0.0179202 0.0887939 
0.0104475 -0.0188852 1.18433e-05 7.35169e-06 -0.0188852 0.0911606 7.81559e-06 -3.83706e-05 1.18433e-05 7.81559e-06 0.009651 -0.0179115 7.35169e-06 -3.83706e-05 -0.0179115 0.0887577 
0.0104678 -0.0189046 3.49101e-05 -2.76315e-05 -0.0189046 0.0912196 -2.50576e-05 4.4254e-05 3.49101e-05 -2.50576e-05 0.0096616 -0.017924 -2.76315e-05 4.4254e-05 -0.017924 0.0887791 
0.0104748 -0.0189238 4.89974e-05 -4.88312e-05 -0.0189238 0.0912674 -4.29481e-05 9.96028e-05 4.89974e-05 -4.29481e-05 0.0096812 -0.017949 -4.88312e-05 9.96028e-05 -0.017949 0.0888427 
0.0104838 -0.0189382 4.4364e-05 -8.16467e-05 -0.0189382 0.0913134 -7.26711e-05 0.000181967 4.4364e-05 -7.26711e-05 0.00968434 -0.0179648 -8.16467e-05 0.000181967 -0.0179648 0.088886 
0.0104947 -0.0189669 3.63653e-05 -7.86946e-05 -0.0189669 0.0913988 -6.72826e-05 0.000210829 3.63653e-05 -6.72826e-05 0.00969724 -0.0179574 -7.86946e-05 0.000210829 -0.0179574 0.0888797 
0.0104954 -0.0189765 3.68573e-05 -5.30532e-05 -0.0189765 0.0914385 -4.58088e-05 0.000164542 3.68573e-05 -4.58088e-05 0.00971082 -0.0179736 -5.30532e-05 0.000164542 -0.0179736 0.0889011 
0.0104953 -0.0189761 2.74544e-05 -3.57048e-05 -0.0189761 0.0914471 -3.83431e-05 0.000107687 2.74544e-05 -3.83431e-05 0.00971213 -0.0179919 -3.57048e-05 0.000107687 -0.0179919 0.0889429 
0.0104911 -0.018963 2.23892e-05 -2.9499e-05 -0.018963 0.0914091 -3.84759e-05 9.39329e-05 2.23892e-05 -3.84759e-05 0.00971444 -0.018007 -2.9499e-05 9.39329e-05 -0.018007 0.0890017 
0.0104896 -0.0189462 1.43821e-05 -2.88548e-05 -0.0189462 0.0913486 -3.79555e-05 9.23458e-05 1.43821e-05 -3.79555e-05 0.00970253 -0.0180153 -2.88548e-05 9.23458e-05 -0.0180153 0.0890418 
0.0104722 -0.018944 -1.14867e-05 4.96967e-06 -0.018944 0.0913153 -2.81343e-06 1.41126e-05 -1.14867e-05 -2.81343e-06 0.00968532 -0.0179876 4.96967e-06 1.41126e-05 -0.0179876 0.0889987 
0.0104525 -0.0189287 -1.48473e-05 1.86821e-05 -0.0189287 0.0912887 1.30692e-05 -2.53269e-05 -1.48473e-05 1.30692e-05 0.00966361 -0.0179543 1.86821e-05 -2.53269e-05 -0.0179543 0.0889091 
0.0104151 -0.0189032 -7.70923e-06 2.45158e-05 -0.0189032 0.0912364 2.25378e-05 -5.69127e-05 -7.70923e-06 2.25378e-05 0.00965749 -0.0179221 2.45158e-05 -5.69127e-05 -0.0179221 0.0888136 
0.0104178 -0.0188627 -6.48646e-06 1.59805e-05 -0.0188627 0.0911696 1.95067e-05 -6.12367e-05 -6.48646e-06 1.95067e-05 0.00966752 -0.0179233 1.59805e-05 -6.12367e-05 -0.0179233 0.08879 
0.0104289 -0.0188618 -8.75422e-06 1.04578e-06 -0.0188618 0.0911193 7.64676e-06 -2.69488e-05 -8.75422e-06 7.64676e-06 0.00963657 -0.0179122 1.04578e-06 -2.69488e-05 -0.0179122 0.0887355 
0.0104414 -0.0188688 1.5565e-06 -6.92429e-07 -0.0188688 0.0911178 4.44126e-06 -1.96699e-06 1.5565e-06 4.44126e-06 0.00963677 -0.0178965 -6.92429e-07 -1.96699e-06 -0.0178965 0.0887176 
0.0104634 -0.0188979 5.96421e-06 5.88673e-06 -0.0188979 0.0911818 8.51603e-06 -2.13732e-05 5.96421e-06 8.51603e-06 0.00961682 -0.0178779 5.88673e-06 -2.13732e-05 -0.0178779 0.0886534 
0.0104512 -0.0189169 5.31373e-06 -9.16388e-08 -0.0189169 0.0912288 3.63111e-06 -1.8918e-05 5.31373e-06 3.63111e-06 0.00962308 -0.0178604 -9.16388e-08 -1.8918e-05 -0.0178604 0.0886093 
0.0104361 -0.0188894 3.1934e-05 -1.17767e-05 -0.0188894 0.0911881 -8.06513e-06 1.58835e-05 3.1934e-05 -8.06513e-06 0.00962811 -0.0178789 -1.17767e-05 1.58835e-05 -0.0178789 0.0886337 
0.0104282 -0.0188824 3.3974e-05 -4.0123e-05 -0.0188824 0.091164 -3.83286e-05 7.10152e-05 3.3974e-05 -3.83286e-05 0.00960901 -0.0178619 -4.0123e-05 7.10152e-05 -0.0178619 0.0885961 
0.0103828 -0.0188595 3.73973e-05 -4.32198e-05 -0.0188595 0.091106 -4.14117e-05 9.94131e-05 3.73973e-05 -4.14117e-05 0.00961666 -0.0178515 -4.32198e-05 9.94131e-05 -0.0178515 0.0885779 
0.0103214 -0.0187919 4.72446e-05 -6.37141e-05 -0.0187919 0.0909656 -6.17832e-05 0.000155768 4.72446e-05 -6.17832e-05 0.00964135 -0.0178704 -6.37141e-05 0.000155768 -0.0178704 0.0886088 
0.0102894 -0.0187169 4.76238e-05 -6.96645e-05 -0.0187169 0.0907929 -6.77964e-05 0.000180184 4.76238e-05 -6.77964e-05 0.00966528 -0.0179026 -6.96645e-05 0.000180184 -0.0179026 0.08868 
0.010281 -0.0186757 4.52286e-05 -4.96861e-05 -0.0186757 0.0906507 -5.06918e-05 0.000138895 4.52286e-05 -5.06918e-05 0.00967194 -0.0179209 -4.96861e-05 0.000138895 -0.0179209 0.088723 
0.0102947 -0.0186801 3.42126e-05 -4.01012e-05 -0.0186801 0.0906172 -4.48339e-05 0.000103707 3.42126e-05 -4.48339e-05 0.00964161 -0.0178944 -4.01012e-05 0.000103707 -0.0178944 0.0886533 
0.0103053 -0.018699 1.09436e-05 -3.15455e-05 -0.018699 0.090647 -3.77382e-05 8.37546e-05 1.09436e-05 -3.77382e-05 0.0096229 -0.0178635 -3.15455e-05 8.37546e-05 -0.0178635 0.0885808 
0.0103187 -0.0187095 -9.8057e-06 -6.64925e-06 -0.0187095 0.0906819 -1.08479e-05 4.07653e-05 -9.8057e-06 -1.08479e-05 0.00962083 -0.0178484 -6.64925e-06 4.07653e-05 -0.0178484 0.0885338 
0.010304 -0.0187268 -1.02184e-05 9.10031e-06 -0.0187268 0.0907202 1.07146e-05 -2.57724e-06 -1.02184e-05 1.07146e-05 0.00964173 -0.0178403 9.10031e-06 -2.57724e-06 -0.0178403 0.0884959 
0.0103038 -0.0187039 -3.91792e-06 1.16633e-05 -0.0187039 0.0906978 1.91832e-05 -3.33083e-05 -3.91792e-06 1.91832e-05 0.00964539 -0.0178808 1.16633e-05 -3.33083e-05 -0.0178808 0.088567 
0.0102749 -0.0187114 1.19503e-05 -4.62158e-06 -0.0187114 0.0906964 2.24948e-06 -6.80251e-06 1.19503e-05 2.24948e-06 0.00965164 -0.0178678 -4.62158e-06 -6.80251e-06 -0.0178678 0.0885649 
0.0102378 -0.0186628 9.89042e-06 -1.98754e-05 -0.0186628 0.0906071 -1.49406e-05 2.87788e-05 9.89042e-06 -1.49406e-05 0.00965005 -0.0178838 -1.98754e-05 2.87788e-05 -0.0178838 0.0885923 
0.010187 -0.0186115 -4.44442e-06 -9.62924e-06 -0.0186115 0.0904817 -7.00809e-06 2.30299e-05 -4.44442e-06 -7.00809e-06 0.00966202 -0.0178838 -9.62924e-06 2.30299e-05 -0.0178838 0.0886089 
0.0101658 -0.0185407 -1.85007e-06 5.81715e-07 -0.0185407 0.0903134 4.92524e-08 1.42188e-05 -1.85007e-06 4.92524e-08 0.00965902 -0.0179048 5.81715e-07 1.42188e-05 -0.0179048 0.0886538 
0.010165 -0.0185203 -1.72749e-05 1.62991e-05 -0.0185203 0.0902196 1.31714e-05 -3.29591e-05 -1.72749e-05 1.31714e-05 0.00965684 -0.0178896 1.62991e-05 -3.29591e-05 -0.0178896 0.0886374 
0.0101898 -0.0185078 -1.43924e-05 1.63555e-05 -0.0185078 0.0901602 1.2882e-05 -2.77885e-05 -1.43924e-05 1.2882e-05 0.00964946 -0.0179009 1.63555e-05 -2.77885e-05 -0.0179009 0.0886565 
0.0102136 -0.0185419 6.82714e-06 4.61584e-06 -0.0185419 0.0901972 5.15425e-07 8.79372e-07 6.82714e-06 5.15425e-07 0.00963959 -0.0178889 4.61584e-06 8.79372e-07 -0.0178889 0.0886406 
0.0102144 -0.018599 2.74327e-05 -1.99377e-05 -0.018599 0.0903412 -2.41631e-05 5.19426e-05 2.74327e-05 -2.41631e-05 0.00963675 -0.0178458 -1.99377e-05 5.19426e-05 -0.0178458 0.0885274 
0.0102146 -0.0186076 1.57901e-05 -2.18733e-05 -0.0186076 0.0904254 -2.49348e-05 4.70737e-05 1.57901e-05 -2.49348e-05 0.00962856 -0.0178376 -2.18733e-05 4.70737e-05 -0.0178376 0.0884636 
0.0102082 -0.0185945 3.02506e-06 -2.68018e-05 -0.0185945 0.0904144 -2.9722e-05 7.15219e-05 3.02506e-06 -2.9722e-05 0.00962934 -0.0178436 -2.68018e-05 7.15219e-05 -0.0178436 0.0884743 
0.0102098 -0.0185716 -1.53824e-05 1.50047e-06 -0.0185716 0.0903571 -6.92323e-07 2.24312e-05 -1.53824e-05 -6.92323e-07 0.0096346 -0.0178653 1.50047e-06 2.24312e-05 -0.0178653 0.0885378 
0.0102157 -0.0185804 -2.65977e-05 1.85696e-05 -0.0185804 0.0903596 1.57675e-05 -2.21596e-05 -2.65977e-05 1.57675e-05 0.00965453 -0.0178716 1.85696e-05 -2.21596e-05 -0.0178716 0.0885735 
0.0102569 -0.0185977 -1.87938e-05 2.1898e-05 -0.0185977 0.0904017 1.76032e-05 -3.04576e-05 -1.87938e-05 1.76032e-05 0.00964414 -0.017885 2.1898e-05 -3.04576e-05 -0.017885 0.0885898 
0.010281 -0.0186686 -1.47142e-05 2.3194e-05 -0.0186686 0.0905512 2.03371e-05 -4.90066e-05 -1.47142e-05 2.03371e-05 0.0096279 -0.0178505 2.3194e-05 -4.90066e-05 -0.0178505 0.088518 
0.0102887 -0.0187049 5.87767e-06 1.20915e-06 -0.0187049 0.0906815 2.74253e-06 -7.25037e-06 5.87767e-06 2.74253e-06 0.00960946 -0.0178252 1.20915e-06 -7.25037e-06 -0.0178252 0.0884396 
0.0102659 -0.0186851 -2.85199e-06 -7.09516e-07 -0.0186851 0.0906643 4.23471e-06 -1.57074e-05 -2.85199e-06 4.23471e-06 0.00962104 -0.0178353 -7.09516e-07 -1.57074e-05 -0.0178353 0.088465 
0.0102515 -0.018644 -1.26082e-05 1.3401e-05 -0.018644 0.0905709 1.69217e-05 -4.14462e-05 -1.26082e-05 1.69217e-05 0.0096427 -0.0178661 1.3401e-05 -4.14462e-05 -0.0178661 0.0885477 
0.0102512 -0.0186276 -1.62585e-05 3.12895e-05 -0.0186276 0.0904993 2.92707e-05 -7.90222e-05 -1.62585e-05 2.92707e-05 0.00964184 -0.0178841 3.12895e-05 -7.90222e-05 -0.0178841 0.0886014 
0.0102629 -0.0186265 -1.85887e-05 1.81429e-05 -0.0186265 0.0904684 1.2497e-05 -5.06563e-05 -1.85887e-05 1.2497e-05 0.00962443 -0.0178811 1.81429e-05 -5.06563e-05 -0.0178811 0.0886181 
0.0102341 -0.0186377 -3.15055e-05 2.18481e-05 -0.0186377 0.090471 1.76947e-05 -4.30809e-05 -3.15055e-05 1.76947e-05 0.0096247 -0.0178552 2.18481e-05 -4.30809e-05 -0.0178552 0.0885734 
0.0102258 -0.0186112 -4.86813e-05 4.32553e-05 -0.0186112 0.0904452 3.93479e-05 -8.33173e-05 -4.86813e-05 3.93479e-05 0.00960643 -0.0178439 4.32553e-05 -8.33173e-05 -0.0178439 0.088521 
0.0102451 -0.0185972 -6.41442e-05 7.10848e-05 -0.0185972 0.0904078 6.8138e-05 -0.000156299 -6.41442e-05 6.8138e-05 0.0095881 -0.017827 7.10848e-05 -0.000156299 -0.017827 0.0884828 
0.0102508 -0.0186128 -7.20477e-05 8.59558e-05 -0.0186128 0.0904067 8.66424e-05 -0.000209016 -7.20477e-05 8.66424e-05 0.00958264 -0.0178068 8.59558e-05 -0.000209016 -0.0178068 0.0884351 
0.0102297 -0.0186324 -7.60729e-05 9.07312e-05 -0.0186324 0.0904587 9.2784e-05 -0.000233292 -7.60729e-05 9.2784e-05 0.00960237 -0.0177875 9.07312e-05 -0.000233292 -0.0177875 0.0883689 
0.010187 -0.0186007 -7.97019e-05 0.000100833 -0.0186007 0.0904193 0.00010521 -0.000265829 -7.97019e-05 0.00010521 0.00961831 -0.0178057 0.000100833 -0.000265829 -0.0178057 0.088362 
0.010157 -0.0185414 -8.51186e-05 0.000100302 -0.0185414 0.090293 0.000105985 -0.000273969 -8.51186e-05 0.000105985 0.0096167 -0.0178227 0.000100302 -0.000273969 -0.0178227 0.0883892 
0.0101417 -0.0185035 -7.84276e-05 9.46397e-05 -0.0185035 0.0901808 0.00010005 -0.000252579 -7.84276e-05 0.00010005 0.00961564 -0.0178231 9.46397e-05 -0.000252579 -0.0178231 0.0884076 
0.0101161 -0.0184684 -5.75815e-05 8.33273e-05 -0.0184684 0.090064 8.64409e-05 -0.00022047 -5.75815e-05 8.64409e-05 0.0096287 -0.0178317 8.33273e-05 -0.00022047 -0.0178317 0.0884342 
0.0101101 -0.0184425 -3.88564e-05 5.7839e-05 -0.0184425 0.0899887 5.73868e-05 -0.000161233 -3.88564e-05 5.73868e-05 0.00964221 -0.0178449 5.7839e-05 -0.000161233 -0.0178449 0.0884631 
0.0101128 -0.0184478 -4.39288e-05 5.03105e-05 -0.0184478 0.0899868 4.68236e-05 -0.000135688 -4.39288e-05 4.68236e-05 0.00966337 -0.0178532 5.03105e-05 -0.000135688 -0.0178532 0.0884764 
0.0101204 -0.0184617 -3.69374e-05 3.83139e-05 -0.0184617 0.0900234 3.23214e-05 -8.57349e-05 -3.69374e-05 3.23214e-05 0.00968251 -0.0178731 3.83139e-05 -8.57349e-05 -0.0178731 0.0885056 
0.0101363 -0.0184722 -5.59488e-05 3.81985e-05 -0.0184722 0.0900572 3.27949e-05 -7.78838e-05 -5.59488e-05 3.27949e-05 0.00967635 -0.017901 3.81985e-05 -7.78838e-05 -0.017901 0.0885689 
0.0101552 -0.0184867 -5.99741e-05 6.38908e-05 -0.0184867 0.0900895 6.08987e-05 -0.000120634 -5.99741e-05 6.08987e-05 0.00966266 -0.0179091 6.38908e-05 -0.000120634 -0.0179091 0.0886303 
0.0101511 -0.0185019 -6.82709e-05 7.82321e-05 -0.0185019 0.0901187 7.77948e-05 -0.000177595 -6.82709e-05 7.77948e-05 0.00966697 -0.0179006 7.82321e-05 -0.000177595 -0.0179006 0.088648 
0.010159 -0.0185106 -8.07385e-05 0.00011197 -0.0185106 0.0901559 0.00011117 -0.000274552 -8.07385e-05 0.00011117 0.00963846 -0.0178796 0.00011197 -0.000274552 -0.0178796 0.0885868 
0.0101643 -0.018519 -7.21298e-05 0.000108223 -0.018519 0.0901803 0.000107323 -0.000287107 -7.21298e-05 0.000107323 0.00962251 -0.017847 0.000108223 -0.000287107 -0.017847 0.088517 
0.0101424 -0.0185077 -5.2469e-05 9.56954e-05 -0.0185077 0.0901472 9.44904e-05 -0.000265155 -5.2469e-05 9.44904e-05 0.00962722 -0.017837 9.56954e-05 -0.000265155 -0.017837 0.0884802 
0.0101224 -0.0184977 -1.08991e-05 7.04079e-05 -0.0184977 0.0901377 6.90218e-05 -0.00021268 -1.08991e-05 6.90218e-05 0.00962918 -0.0178225 7.04079e-05 -0.00021268 -0.0178225 0.0884201 
0.0100975 -0.018459 4.39952e-06 -2.83586e-06 -0.018459 0.090058 -1.2739e-06 -5.38185e-05 4.39952e-06 -1.2739e-06 0.0096551 -0.0178433 -2.83586e-06 -5.38185e-05 -0.0178433 0.0884544 
0.0100775 -0.0184246 1.13301e-05 -1.96781e-05 -0.0184246 0.0899611 -1.41221e-05 3.73505e-05 1.13301e-05 -1.41221e-05 0.00967071 -0.0178698 -1.96781e-05 3.73505e-05 -0.0178698 0.0885041 
0.0100944 -0.0184002 1.91344e-05 -2.69568e-05 -0.0184002 0.0898868 -2.0791e-05 7.34271e-05 1.91344e-05 -2.0791e-05 0.00965319 -0.0178919 -2.69568e-05 7.34271e-05 -0.0178919 0.0885656 
0.0101074 -0.0184196 1.7286e-05 -2.05238e-05 -0.0184196 0.0898862 -1.68662e-05 5.9952e-05 1.7286e-05 -1.68662e-05 0.00963116 -0.0178716 -2.05238e-05 5.9952e-05 -0.0178716 0.088559 
0.0101235 -0.018446 1.63047e-05 -9.06314e-06 -0.018446 0.0899517 -9.02431e-06 3.00965e-05 1.63047e-05 -9.02431e-06 0.00960741 -0.0178352 -9.06314e-06 3.00965e-05 -0.0178352 0.0884804 
0.0101241 -0.0184507 1.12377e-05 -1.52185e-05 -0.0184507 0.0899664 -1.65818e-05 3.69155e-05 1.12377e-05 -1.65818e-05 0.00957833 -0.0178122 -1.52185e-05 3.69155e-05 -0.0178122 0.0884159 
0.0101355 -0.0184676 -1.39769e-05 3.35876e-06 -0.0184676 0.0900219 2.49853e-06 -1.43888e-06 -1.39769e-05 2.49853e-06 0.00955668 -0.0177626 3.35876e-06 -1.43888e-06 -0.0177626 0.0882994 
0.010121 -0.0184726 -3.98932e-05 3.24584e-05 -0.0184726 0.0900414 3.26827e-05 -6.31123e-05 -3.98932e-05 3.26827e-05 0.00956337 -0.0177394 3.24584e-05 -6.31123e-05 -0.0177394 0.0882153 
0.010109 -0.0184584 -3.08518e-05 3.85241e-05 -0.0184584 0.0900298 3.88277e-05 -7.29507e-05 -3.08518e-05 3.88277e-05 0.00956982 -0.0177403 3.85241e-05 -7.29507e-05 -0.0177403 0.0881773 
0.0100885 -0.0184237 -1.88074e-05 2.8464e-05 -0.0184237 0.0899399 2.97946e-05 -6.43067e-05 -1.88074e-05 2.97946e-05 0.00958864 -0.0177619 2.8464e-05 -6.43067e-05 -0.0177619 0.0882165 
0.010057 -0.0183858 -1.49938e-05 2.18359e-05 -0.0183858 0.0898241 2.44643e-05 -5.90684e-05 -1.49938e-05 2.44643e-05 0.00960451 -0.0177916 2.18359e-05 -5.90684e-05 -0.0177916 0.088289 
0.0100597 -0.0183514 -1.36259e-05 1.08801e-05 -0.0183514 0.0897354 1.36527e-05 -3.08938e-05 -1.36259e-05 1.36527e-05 0.00959716 -0.0178148 1.08801e-05 -3.08938e-05 -0.0178148 0.0883604 
0.0100863 -0.0183557 -2.06922e-06 1.45356e-05 -0.0183557 0.0897084 1.4439e-05 -2.68087e-05 -2.06922e-06 1.4439e-05 0.00958345 -0.0178063 1.45356e-05 -2.68087e-05 -0.0178063 0.0883767 
0.0100888 -0.0184121 1.82347e-05 4.17567e-06 -0.0184121 0.089821 -9.33242e-08 -1.04339e-05 1.82347e-05 -9.33242e-08 0.00958579 -0.0177626 4.17567e-06 -1.04339e-05 -0.0177626 0.0882754 
0.0100766 -0.0184136 2.61084e-05 -1.9408e-05 -0.0184136 0.0898764 -2.19464e-05 3.08856e-05 2.61084e-05 -2.19464e-05 0.00960747 -0.0177721 -1.9408e-05 3.08856e-05 -0.0177721 0.0882508 
0.0100711 -0.0184075 2.82283e-05 -4.29289e-05 -0.0184075 0.0898926 -4.18126e-05 9.75977e-05 2.82283e-05 -4.18126e-05 0.00962161 -0.0177916 -4.29289e-05 9.75977e-05 -0.0177916 0.0882707 
0.0100699 -0.0183789 2.39119e-05 -3.85201e-05 -0.0183789 0.089822 -3.76849e-05 0.000107734 2.39119e-05 -3.76849e-05 0.00962828 -0.0178296 -3.85201e-05 0.000107734 -0.0178296 0.0883669 
0.0100773 -0.0183735 2.56637e-05 -3.77241e-05 -0.0183735 0.0897782 -3.90723e-05 0.000113767 2.56637e-05 -3.90723e-05 0.0096216 -0.0178458 -3.77241e-05 0.000113767 -0.0178458 0.0884435 
0.0100715 -0.0183862 1.50287e-05 -2.73932e-05 -0.0183862 0.0897868 -3.15069e-05 8.78777e-05 1.50287e-05 -3.15069e-05 0.00961896 -0.0178296 -2.73932e-05 8.78777e-05 -0.0178296 0.0884344 
0.0100847 -0.0183977 3.52498e-06 -6.75181e-06 -0.0183977 0.0898367 -1.10804e-05 3.71619e-05 3.52498e-06 -1.10804e-05 0.00960465 -0.01781 -6.75181e-06 3.71619e-05 -0.01781 0.0883779 
0.010081 -0.0184225 7.11789e-07 -2.06475e-06 -0.0184225 0.0899018 -2.78166e-06 1.1881e-05 7.11789e-07 -2.78166e-06 0.00959524 -0.0177804 -2.06475e-06 1.1881e-05 -0.0177804 0.0882954 
0.0100643 -0.0184168 -1.89716e-07 8.4524e-06 -0.0184168 0.0899185 1.22676e-05 -2.51145e-05 -1.89716e-07 1.22676e-05 0.00959248 -0.0177694 8.4524e-06 -2.51145e-05 -0.0177694 0.0882467 
0.0100672 -0.0183965 7.11463e-06 -2.20087e-06 -0.0183965 0.0898942 4.92304e-06 -1.62394e-05 7.11463e-06 4.92304e-06 0.00958276 -0.0177695 -2.20087e-06 -1.62394e-05 -0.0177695 0.0882362 
0.0100682 -0.0183782 3.44834e-06 -4.94224e-06 -0.0183782 0.0898337 2.33467e-06 -1.1817e-05 3.44834e-06 2.33467e-06 0.00960285 -0.0177861 -4.94224e-06 -1.1817e-05 -0.0177861 0.0882933 
0.0100869 -0.0183641 1.10261e-05 -8.38512e-06 -0.0183641 0.0897721 -2.13874e-06 4.73196e-06 1.10261e-05 -2.13874e-06 0.00961613 -0.0178328 -8.38512e-06 4.73196e-06 -0.0178328 0.0884125 
0.0101038 -0.0183895 2.76711e-05 -2.61288e-05 -0.0183895 0.0897856 -2.37775e-05 5.39942e-05 2.76711e-05 -2.37775e-05 0.00961361 -0.0178439 -2.61288e-05 5.39942e-05 -0.0178439 0.0884729 
0.0101094 -0.0184248 2.86166e-05 -3.67039e-05 -0.0184248 0.0898683 -3.88046e-05 8.86208e-05 2.86166e-05 -3.88046e-05 0.00960867 -0.0178222 -3.67039e-05 8.86208e-05 -0.0178222 0.0884358 
0.0101234 -0.0184457 3.24447e-05 -3.38566e-05 -0.0184457 0.0899551 -3.4798e-05 9.20228e-05 3.24447e-05 -3.4798e-05 0.00960522 -0.0178083 -3.38566e-05 9.20228e-05 -0.0178083 0.0883873 
0.010129 -0.0184595 4.24923e-05 -4.20594e-05 -0.0184595 0.0900013 -3.96709e-05 0.000101509 4.24923e-05 -3.96709e-05 0.00959685 -0.0178028 -4.20594e-05 0.000101509 -0.0178028 0.0883548 
0.0101293 -0.0184794 4.75425e-05 -5.99955e-05 -0.0184794 0.0900617 -5.49066e-05 0.000136475 4.75425e-05 -5.49066e-05 0.00958202 -0.0177731 -5.99955e-05 0.000136475 -0.0177731 0.0882744 
0.010117 -0.0184875 4.03633e-05 -5.58244e-05 -0.0184875 0.0901126 -5.14913e-05 0.000133373 4.03633e-05 -5.14913e-05 0.00959236 -0.0177558 -5.58244e-05 0.000133373 -0.0177558 0.0882167 
0.0101114 -0.0184695 3.98993e-05 -6.26528e-05 -0.0184695 0.0900956 -6.16231e-05 0.000162288 3.98993e-05 -6.16231e-05 0.00959487 -0.0177639 -6.26528e-05 0.000162288 -0.0177639 0.0882016 
0.0101302 -0.0184553 3.86411e-05 -5.91078e-05 -0.0184553 0.0900564 -5.87887e-05 0.000163805 3.86411e-05 -5.87887e-05 0.00959392 -0.0177804 -5.91078e-05 0.000163805 -0.0177804 0.0882414 
0.0101541 -0.0184711 3.20349e-05 -4.21769e-05 -0.0184711 0.0900524 -4.22795e-05 0.000118889 3.20349e-05 -4.22795e-05 0.00958364 -0.0177858 -4.21769e-05 0.000118889 -0.0177858 0.0882742 
0.0101672 -0.018491 1.23205e-05 -3.18065e-05 -0.018491 0.0900795 -3.37124e-05 8.33793e-05 1.23205e-05 -3.37124e-05 0.00959156 -0.0177945 -3.18065e-05 8.33793e-05 -0.0177945 0.0883253 
0.0101675 -0.0185133 -4.41071e-06 1.45341e-05 -0.0185133 0.0901334 1.06527e-05 -2.31396e-05 -4.41071e-06 1.06527e-05 0.00959737 -0.0177994 1.45341e-05 -2.31396e-05 -0.0177994 0.0883463 
0.0101668 -0.0185164 -6.68132e-06 2.34655e-05 -0.0185164 0.0901634 1.80922e-05 -7.03745e-05 -6.68132e-06 1.80922e-05 0.00959842 -0.0178074 2.34655e-05 -7.03745e-05 -0.0178074 0.0883689 
0.0101679 -0.0185148 -1.58566e-05 1.04841e-05 -0.0185148 0.090174 2.99367e-06 -4.26954e-05 -1.58566e-05 2.99367e-06 0.00961252 -0.017821 1.04841e-05 -4.26954e-05 -0.017821 0.0884189 
0.0101926 -0.0185287 -8.98073e-06 8.6507e-06 -0.0185287 0.0902122 1.72766e-06 -8.61789e-06 -8.98073e-06 1.72766e-06 0.00960175 -0.0178241 8.6507e-06 -8.61789e-06 -0.0178241 0.088425 
0.0102069 -0.0185698 -1.57621e-05 1.19622e-05 -0.0185698 0.0903004 8.21707e-06 -2.07615e-05 -1.57621e-05 8.21707e-06 0.00959818 -0.017799 1.19622e-05 -2.07615e-05 -0.017799 0.0883766 
0.0101975 -0.0185725 -2.89431e-05 1.59726e-05 -0.0185725 0.090324 1.50344e-05 -2.99822e-05 -2.89431e-05 1.50344e-05 0.00961124 -0.0178069 1.59726e-05 -2.99822e-05 -0.0178069 0.0883776 
0.0101917 -0.0185576 -3.87308e-05 3.54894e-05 -0.0185576 0.0903039 3.31548e-05 -6.69891e-05 -3.87308e-05 3.31548e-05 0.00961435 -0.0178265 3.54894e-05 -6.69891e-05 -0.0178265 0.0884132 
0.0101868 -0.0185658 -3.83453e-05 5.42424e-05 -0.0185658 0.0903182 4.97193e-05 -0.000116008 -3.83453e-05 4.97193e-05 0.00960153 -0.0178099 5.42424e-05 -0.000116008 -0.0178099 0.0883834 
0.0101735 -0.0185403 -2.81446e-05 4.88957e-05 -0.0185403 0.0902691 4.41528e-05 -0.000121728 -2.81446e-05 4.41528e-05 0.00961656 -0.0178255 4.88957e-05 -0.000121728 -0.0178255 0.0884307 
0.0101663 -0.0185235 -2.80642e-05 2.91332e-05 -0.0185235 0.0902136 2.77216e-05 -8.72831e-05 -2.80642e-05 2.77216e-05 0.00961169 -0.0178317 2.91332e-05 -8.72831e-05 -0.0178317 0.0884453 
0.0101586 -0.0185211 -3.30197e-05 2.11095e-05 -0.0185211 0.0901958 2.32183e-05 -5.43439e-05 -3.30197e-05 2.32183e-05 0.00962398 -0.0178194 2.11095e-05 -5.43439e-05 -0.0178194 0.0884269 
0.0101625 -0.0184867 -4.57489e-05 3.42459e-05 -0.0184867 0.0901117 3.63392e-05 -6.95316e-05 -4.57489e-05 3.63392e-05 0.00964818 -0.0178656 3.42459e-05 -6.95316e-05 -0.0178656 0.0885216 
0.01017 -0.0185178 -4.99137e-05 5.84698e-05 -0.0185178 0.0901487 5.97744e-05 -0.000123666 -4.99137e-05 5.97744e-05 0.00965073 -0.0178636 5.84698e-05 -0.000123666 -0.0178636 0.0885243 
0.0101644 -0.0185435 -5.60491e-05 5.93316e-05 -0.0185435 0.0902315 6.10655e-05 -0.00014798 -5.60491e-05 6.10655e-05 0.00964983 -0.0178555 5.93316e-05 -0.00014798 -0.0178555 0.0884975 
0.0101748 -0.018538 -5.7349e-05 6.5944e-05 -0.018538 0.0902599 6.7803e-05 -0.000160443 -5.7349e-05 6.7803e-05 0.00963497 -0.0178567 6.5944e-05 -0.000160443 -0.0178567 0.0884918 
0.0101839 -0.0185337 -5.17988e-05 7.48631e-05 -0.0185337 0.0902456 7.59275e-05 -0.00018482 -5.17988e-05 7.59275e-05 0.00964525 -0.0178681 7.48631e-05 -0.00018482 -0.0178681 0.0885452 
0.0102073 -0.0185577 -5.74633e-05 6.76562e-05 -0.0185577 0.0902893 6.71025e-05 -0.000180347 -5.74633e-05 6.71025e-05 0.00963435 -0.0178631 6.76562e-05 -0.000180347 -0.0178631 0.0885352 
0.0102261 -0.0185898 -5.87706e-05 8.67373e-05 -0.0185898 0.0903627 8.51317e-05 -0.000216159 -5.87706e-05 8.51317e-05 0.00963147 -0.0178506 8.67373e-05 -0.000216159 -0.0178506 0.0885149 
0.0102374 -0.0185941 -6.74578e-05 8.40238e-05 -0.0185941 0.0903833 8.36533e-05 -0.000226206 -6.74578e-05 8.36533e-05 0.0096502 -0.0178779 8.40238e-05 -0.000226206 -0.0178779 0.0885823 
0.0102537 -0.018631 -6.53615e-05 8.77019e-05 -0.018631 0.0904671 8.41969e-05 -0.000219718 -6.53615e-05 8.41969e-05 0.00963582 -0.0178718 8.77019e-05 -0.000219718 -0.0178718 0.0885684 
0.0102586 -0.0186512 -7.05079e-05 8.9925e-05 -0.0186512 0.0905395 8.42107e-05 -0.000225026 -7.05079e-05 8.42107e-05 0.00963083 -0.0178683 8.9925e-05 -0.000225026 -0.0178683 0.088577 
0.0102628 -0.0186464 -5.36064e-05 7.5294e-05 -0.0186464 0.0905488 7.04208e-05 -0.000181511 -5.36064e-05 7.04208e-05 0.00962599 -0.0178758 7.5294e-05 -0.000181511 -0.0178758 0.0886061 
0.0102793 -0.0186541 -3.87441e-05 5.69858e-05 -0.0186541 0.0905592 5.35348e-05 -0.000141686 -3.87441e-05 5.35348e-05 0.00960784 -0.0178583 5.69858e-05 -0.000141686 -0.0178583 0.088579 
0.0102711 -0.0186551 -2.88713e-05 3.91345e-05 -0.0186551 0.0905425 3.7656e-05 -0.000100722 -2.88713e-05 3.7656e-05 0.00961898 -0.0178563 3.91345e-05 -0.000100722 -0.0178563 0.0885852 
0.0102543 -0.0186532 -3.51821e-05 3.3074e-05 -0.0186532 0.0905394 3.4191e-05 -8.67796e-05 -3.51821e-05 3.4191e-05 0.00963067 -0.0178541 3.3074e-05 -8.67796e-05 -0.0178541 0.0885634 
0.0102309 -0.01864 -4.68061e-05 4.21463e-05 -0.01864 0.0905234 4.63267e-05 -0.000102933 -4.68061e-05 4.63267e-05 0.00964672 -0.0178593 4.21463e-05 -0.000102933 -0.0178593 0.0885547 
0.0102256 -0.0186016 -6.3947e-05 5.90162e-05 -0.0186016 0.0904464 6.38142e-05 -0.000140988 -6.3947e-05 6.38142e-05 0.00966354 -0.0178961 5.90162e-05 -0.000140988 -0.0178961 0.0886305 
