0.00699004 0 0.000376248 0 0 0.01 0 0 0.000376248 0 0.00764287 0 0 0 0 0.01 
0.00993144 -0.0123371 0.000454647 -0.000560079 -0.0123371 0.03283 -0.000560079 0.00107382 0.000454647 -0.000560079 0.0107018 -0.0132865 -0.000560079 0.00107382 -0.0132865 0.0346499 
0.0100537 -0.0188686 0.000373483 -0.000577065 -0.0188686 0.0695053 -0.000577065 0.00183693 0.000373483 -0.000577065 0.0106704 -0.0199052 -0.000577065 0.00183693 -0.0199052 0.0728032 
0.00953794 -0.0186881 0.000313354 -0.000444099 -0.0186881 0.0839702 -0.000445754 0.0014774 0.000313354 -0.000445754 0.0100666 -0.0194114 -0.000444099 0.0014774 -0.0194114 0.0864787 
0.00948615 -0.0180509 0.000323092 -0.000392059 -0.0180509 0.0875092 -0.000389009 0.00107919 0.000323092 -0.000389009 0.0101095 -0.0186843 -0.000392059 0.00107919 -0.0186843 0.0892215 
0.00962649 -0.0179167 0.000335702 -0.000405538 -0.0179167 0.088476 -0.000398803 0.000962015 0.000335702 -0.000398803 0.0103474 -0.0186867 -0.000405538 0.000962015 -0.0186867 0.0901722 
0.00973279 -0.0179712 0.000354529 -0.000438779 -0.0179712 0.0888473 -0.00043498 0.00104192 0.000354529 -0.00043498 0.0105075 -0.0189012 -0.000438779 0.00104192 -0.0189012 0.090951 
0.00978069 -0.0180324 0.000347208 -0.000432454 -0.0180324 0.0890195 -0.000431963 0.00106013 0.000347208 -0.000431963 0.0105719 -0.0190313 -0.000432454 0.00106013 -0.0190313 0.0914408 
0.00979876 -0.0180771 0.000340604 -0.000421621 -0.0180771 0.0891219 -0.00042328 0.00105678 0.000340604 -0.00042328 0.0105781 -0.0190679 -0.000421621 0.00105678 -0.0190679 0.0916242 
0.00980378 -0.0180933 0.000326625 -0.000408954 -0.0180933 0.0891663 -0.000411582 0.0010273 0.000326625 -0.000411582 0.0105715 -0.0190654 -0.000408954 0.0010273 -0.0190654 0.0916511 
0.00980507 -0.0180981 0.000322182 -0.000388755 -0.0180981 0.0891821 -0.000391034 0.000976659 0.000322182 -0.000391034 0.0105554 -0.0190643 -0.000388755 0.000976659 -0.0190643 0.0916536 
0.00979398 -0.0181048 0.000321546 -0.00038465 -0.0181048 0.0892019 -0.000386641 0.000944882 0.000321546 -0.000386641 0.0105175 -0.0190312 -0.00038465 0.000944882 -0.0190312 0.0915752 
0.00978223 -0.0180968 0.000313812 -0.000393266 -0.0180968 0.0892083 -0.000394582 0.000955579 0.000313812 -0.000394582 0.0104857 -0.0189853 -0.000393266 0.000955579 -0.0189853 0.091474 
0.00979399 -0.018081 0.000308773 -0.000396906 -0.018081 0.0891848 -0.000398008 0.000981972 0.000308773 -0.000398008 0.010442 -0.0189444 -0.000396906 0.000981972 -0.0189444 0.0913646 
0.00981306 -0.0181286 0.000317172 -0.000373032 -0.0181286 0.0892918 -0.000374319 0.000937775 0.000317172 -0.000374319 0.0104321 -0.0188834 -0.000373032 0.000937775 -0.0188834 0.0912311 
0.00980592 -0.0181473 0.000320287 -0.000389734 -0.0181473 0.0893632 -0.000392154 0.000951133 0.000320287 -0.000392154 0.0104377 -0.018868 -0.000389734 0.000951133 -0.018868 0.0911454 
0.00978571 -0.0181067 0.000333305 -0.000401286 -0.0181067 0.0892927 -0.000401594 0.00098698 0.000333305 -0.000401594 0.0104331 -0.0188924 -0.000401286 0.00098698 -0.0188924 0.0911709 
0.00977478 -0.0180898 0.000318276 -0.000395838 -0.0180898 0.089242 -0.00039581 0.000968319 0.000318276 -0.00039581 0.0104372 -0.0188888 -0.000395838 0.000968319 -0.0188888 0.0911902 
0.00977764 -0.0180656 0.00029682 -0.000382183 -0.0180656 0.0891713 -0.000385152 0.000949836 0.00029682 -0.000385152 0.010434 -0.0189039 -0.000382183 0.000949836 -0.0189039 0.0912332 
0.009792 -0.0180692 0.000295016 -0.000379418 -0.0180692 0.0891466 -0.00038128 0.000959518 0.000295016 -0.00038128 0.0104074 -0.0188924 -0.000379418 0.000959518 -0.0188924 0.0912243 
0.00980119 -0.0181196 0.000292068 -0.000359421 -0.0181196 0.089261 -0.000358545 0.000910244 0.000292068 -0.000358545 0.0103988 -0.0188447 -0.000359421 0.000910244 -0.0188447 0.0911326 
0.00980574 -0.0181386 0.000290636 -0.000363405 -0.0181386 0.0893494 -0.00035782 0.000896043 0.000290636 -0.00035782 0.0103835 -0.0188209 -0.000363405 0.000896043 -0.0188209 0.0910373 
0.00979323 -0.0181237 0.000292958 -0.000359645 -0.0181237 0.0893338 -0.000349335 0.000881129 0.000292958 -0.000349335 0.0103892 -0.0188211 -0.000359645 0.000881129 -0.0188211 0.0910264 
0.00977921 -0.0180926 0.000274279 -0.00034778 -0.0180926 0.0892589 -0.000336817 0.000840556 0.000274279 -0.000336817 0.0103842 -0.0188348 -0.00034778 0.000840556 -0.0188348 0.0910488 
0.00976106 -0.018055 0.000277401 -0.000355028 -0.018055 0.089145 -0.000343235 0.000869272 0.000277401 -0.000343235 0.0103603 -0.0188321 -0.000355028 0.000869272 -0.0188321 0.0910531 
0.00974349 -0.0180463 0.000302656 -0.000373761 -0.0180463 0.0891007 -0.000365418 0.000932261 0.000302656 -0.000365418 0.0103533 -0.0187873 -0.000373761 0.000932261 -0.0187873 0.0909693 
0.00974141 -0.0180297 0.000294651 -0.000370362 -0.0180297 0.0890668 -0.000371268 0.000926057 0.000294651 -0.000371268 0.0103362 -0.0187719 -0.000370362 0.000926057 -0.0187719 0.0908959 
0.00976495 -0.0180446 0.000276956 -0.000348385 -0.0180446 0.0890912 -0.000354757 0.000884967 0.000276956 -0.000354757 0.0102977 -0.0187361 -0.000348385 0.000884967 -0.0187361 0.0908033 
0.00977739 -0.018063 0.000250661 -0.000332811 -0.018063 0.0891218 -0.000338105 0.000845578 0.000250661 -0.000338105 0.0102713 -0.0186918 -0.000332811 0.000845578 -0.0186918 0.0906974 
0.00976177 -0.0180508 0.00024046 -0.000300825 -0.0180508 0.089087 -0.000304723 0.000780555 0.00024046 -0.000304723 0.0102735 -0.0186796 -0.000300825 0.000780555 -0.0186796 0.0906554 
0.00977749 -0.0180319 0.000236228 -0.000306899 -0.0180319 0.0890421 -0.000309697 0.000779481 0.000236228 -0.000309697 0.0102492 -0.018674 -0.000306899 0.000779481 -0.018674 0.0906211 
0.00979911 -0.0180665 0.000231966 -0.000287124 -0.0180665 0.0890917 -0.00029078 0.000740926 0.000231966 -0.00029078 0.0102342 -0.0186337 -0.000287124 0.000740926 -0.0186337 0.0905379 
0.00980325 -0.0180853 0.000238506 -0.000283193 -0.0180853 0.0891363 -0.000288843 0.00072085 0.000238506 -0.000288843 0.0102298 -0.0186216 -0.000283193 0.00072085 -0.0186216 0.0904895 
0.00978852 -0.0180867 0.000247315 -0.000294229 -0.0180867 0.0891531 -0.000300193 0.000736485 0.000247315 -0.000300193 0.0102397 -0.0186228 -0.000294229 0.000736485 -0.0186228 0.090485 
0.00976302 -0.0180709 0.000264539 -0.00030814 -0.0180709 0.0891348 -0.000313205 0.000767752 0.000264539 -0.000313205 0.010256 -0.0186354 -0.00030814 0.000767752 -0.0186354 0.0905094 
0.00974248 -0.0180589 0.0002727 -0.000325941 -0.0180589 0.0891298 -0.000328281 0.000800477 0.0002727 -0.000328281 0.0102972 -0.0186541 -0.000325941 0.000800477 -0.0186541 0.0905606 
0.00971468 -0.0180024 0.000290819 -0.000346678 -0.0180024 0.089 -0.000348933 0.000858892 0.000290819 -0.000348933 0.0103398 -0.018725 -0.000346678 0.000858892 -0.018725 0.0907108 
0.00972368 -0.0179735 0.000296665 -0.000355856 -0.0179735 0.0889059 -0.00035672 0.000881844 0.000296665 -0.00035672 0.0103553 -0.0187781 -0.000355856 0.000881844 -0.0187781 0.0908608 
0.00975681 -0.0179951 0.000303643 -0.000369822 -0.0179951 0.0889141 -0.000368519 0.00091478 0.000303643 -0.000368519 0.0103351 -0.0187857 -0.000369822 0.00091478 -0.0187857 0.0909154 
0.00976415 -0.0180343 0.000293517 -0.000398275 -0.0180343 0.0889831 -0.000394905 0.000988829 0.000293517 -0.000394905 0.0103121 -0.018752 -0.000398275 0.000988829 -0.018752 0.0908626 
0.00975242 -0.0180632 0.000284268 -0.000373665 -0.0180632 0.089085 -0.000369599 0.00096699 0.000284268 -0.000369599 0.0102993 -0.0187088 -0.000373665 0.00096699 -0.0187088 0.0907505 
0.00974896 -0.0180409 0.000270731 -0.000356598 -0.0180409 0.0890808 -0.000354033 0.000920493 0.000270731 -0.000354033 0.01029 -0.0187036 -0.000356598 0.000920493 -0.0187036 0.0907125 
0.009764 -0.0180544 0.000277654 -0.00033857 -0.0180544 0.0891078 -0.000338521 0.000876265 0.000277654 -0.000338521 0.0102619 -0.0186663 -0.00033857 0.000876265 -0.0186663 0.0906144 
0.00974625 -0.0180384 0.000264712 -0.000336809 -0.0180384 0.0890547 -0.000335148 0.000840624 0.000264712 -0.000335148 0.0102537 -0.0186544 -0.000336809 0.000840624 -0.0186544 0.0905768 
0.00972873 -0.0180097 0.000269633 -0.000331011 -0.0180097 0.088982 -0.00032421 0.000824487 0.000269633 -0.00032421 0.0102513 -0.018654 -0.000331011 0.000824487 -0.018654 0.0905788 
0.00973329 -0.0179862 0.000287321 -0.000340628 -0.0179862 0.0889127 -0.000334034 0.000837728 0.000287321 -0.000334034 0.0102535 -0.0186606 -0.000340628 0.000837728 -0.0186606 0.0906106 
0.00975307 -0.0179944 0.00029172 -0.000365179 -0.0179944 0.0888997 -0.000362895 0.000895012 0.00029172 -0.000362895 0.0102384 -0.0186576 -0.000365179 0.000895012 -0.0186576 0.0906126 
0.00976661 -0.0180242 0.000278273 -0.000373345 -0.0180242 0.0889541 -0.000374826 0.000939664 0.000278273 -0.000374826 0.0102276 -0.0186334 -0.000373345 0.000939664 -0.0186334 0.0905654 
0.00974891 -0.0180299 0.000286672 -0.000352455 -0.0180299 0.0889774 -0.000357628 0.000923021 0.000286672 -0.000357628 0.0102424 -0.0186283 -0.000352455 0.000923021 -0.0186283 0.0905424 
0.00971727 -0.0180031 0.000285228 -0.000353604 -0.0180031 0.0889353 -0.000359861 0.000903192 0.000285228 -0.000359861 0.0102419 -0.0186391 -0.000353604 0.000903192 -0.0186391 0.0905378 
0.00970655 -0.0179609 0.000273133 -0.000341684 -0.0179609 0.0888441 -0.000345995 0.000866844 0.000273133 -0.000345995 0.010223 -0.0186425 -0.000341684 0.000866844 -0.0186425 0.0905524 
0.00972473 -0.0179725 0.000264275 -0.000325927 -0.0179725 0.0888534 -0.000327961 0.000823188 0.000264275 -0.000327961 0.0101907 -0.0185976 -0.000325927 0.000823188 -0.0185976 0.090465 
0.00971863 -0.0179843 0.000237629 -0.000311583 -0.0179843 0.0888689 -0.000311663 0.000777955 0.000237629 -0.000311663 0.0101763 -0.0185545 -0.000311583 0.000777955 -0.0185545 0.0903448 
0.00972584 -0.0179754 0.000226119 -0.000295159 -0.0179754 0.0888607 -0.00029447 0.000750957 0.000226119 -0.00029447 0.0101533 -0.0185276 -0.000295159 0.000750957 -0.0185276 0.0902416 
0.00972743 -0.0179782 0.000234538 -0.000298946 -0.0179782 0.0888506 -0.000296284 0.000761289 0.000234538 -0.000296284 0.0101381 -0.0184989 -0.000298946 0.000761289 -0.0184989 0.0901586 
0.00971777 -0.0179779 0.000223358 -0.000286441 -0.0179779 0.0888438 -0.000282654 0.000722432 0.000223358 -0.000282654 0.0101523 -0.0184901 -0.000286441 0.000722432 -0.0184901 0.0901293 
0.00971378 -0.0179744 0.0002088 -0.000276366 -0.0179744 0.0888442 -0.000275426 0.000698929 0.0002088 -0.000275426 0.0101625 -0.0185029 -0.000276366 0.000698929 -0.0185029 0.0901375 
0.00970921 -0.0179625 0.000204558 -0.000254336 -0.0179625 0.088817 -0.000255002 0.000651961 0.000204558 -0.000255002 0.0101593 -0.0185208 -0.000254336 0.000651961 -0.0185208 0.0901781 
0.0097132 -0.0179674 0.000183957 -0.000232783 -0.0179674 0.0888277 -0.000233974 0.000581074 0.000183957 -0.000233974 0.010178 -0.0185192 -0.000232783 0.000581074 -0.0185192 0.090202 
0.0097233 -0.0179781 0.000182146 -0.000221108 -0.0179781 0.0888542 -0.000224452 0.000555581 0.000182146 -0.000224452 0.0101985 -0.0185354 -0.000221108 0.000555581 -0.0185354 0.0902253 
0.00971138 -0.0179766 0.000189941 -0.000231076 -0.0179766 0.0888453 -0.000233454 0.000570883 0.000189941 -0.000233454 0.0102248 -0.0185697 -0.000231076 0.000570883 -0.0185697 0.0902974 
0.00970846 -0.0179585 0.000190098 -0.000246092 -0.0179585 0.0888107 -0.000244935 0.000605633 0.000190098 -0.000244935 0.0102363 -0.0186129 -0.000246092 0.000605633 -0.0186129 0.0904101 
0.00971855 -0.0179452 0.000212005 -0.00025289 -0.0179452 0.0887645 -0.000249195 0.000638182 0.000212005 -0.000249195 0.0102377 -0.0186451 -0.00025289 0.000638182 -0.0186451 0.0905304 
0.00972263 -0.0179673 0.000224098 -0.000276026 -0.0179673 0.0887929 -0.000270696 0.000678657 0.000224098 -0.000270696 0.0102472 -0.0186418 -0.000276026 0.000678657 -0.0186418 0.0905649 
0.0097125 -0.0179906 0.000240339 -0.000294368 -0.0179906 0.088867 -0.000289732 0.000730739 0.000240339 -0.000289732 0.010262 -0.0186364 -0.000294368 0.000730739 -0.0186364 0.0905426 
0.00971854 -0.0179718 0.000241963 -0.000293503 -0.0179718 0.0888629 -0.000293464 0.000730512 0.000241963 -0.000293464 0.0102504 -0.0186641 -0.000293503 0.000730512 -0.0186641 0.0905873 
0.00972586 -0.0179789 0.000244685 -0.000292254 -0.0179789 0.0888672 -0.000296006 0.00072996 0.000244685 -0.000296006 0.0102373 -0.018653 -0.000292254 0.00072996 -0.018653 0.0905981 
0.00974852 -0.0179998 0.000239813 -0.000294405 -0.0179998 0.0889215 -0.000298325 0.000731604 0.000239813 -0.000298325 0.0102306 -0.0186315 -0.000294405 0.000731604 -0.0186315 0.090558 
0.00976819 -0.0180471 0.000237497 -0.000295326 -0.0180471 0.0890395 -0.000299231 0.000743248 0.000237497 -0.000299231 0.010236 -0.0186053 -0.000295326 0.000743248 -0.0186053 0.0904781 
0.00976418 -0.0180534 0.000259913 -0.000306363 -0.0180534 0.0890777 -0.000309588 0.00077922 0.000259913 -0.000309588 0.0102533 -0.0186221 -0.000306363 0.00077922 -0.0186221 0.0904781 
0.00976431 -0.018063 0.000272228 -0.000328069 -0.018063 0.0891191 -0.000329907 0.000816943 0.000272228 -0.000329907 0.0102732 -0.0186394 -0.000328069 0.000816943 -0.0186394 0.0905102 
0.00974746 -0.0180379 0.000266145 -0.000331099 -0.0180379 0.0890678 -0.000330315 0.000822527 0.000266145 -0.000330315 0.0103128 -0.0186947 -0.000331099 0.000822527 -0.0186947 0.0906477 
0.00974686 -0.0180169 0.000238436 -0.000312526 -0.0180169 0.0890113 -0.000308356 0.000779214 0.000238436 -0.000308356 0.0103281 -0.0187502 -0.000312526 0.000779214 -0.0187502 0.0908 
0.00974743 -0.0180197 0.000233657 -0.000303274 -0.0180197 0.0889951 -0.000299288 0.000769035 0.000233657 -0.000299288 0.0103285 -0.0187643 -0.000303274 0.000769035 -0.0187643 0.090879 
0.00975868 -0.0180336 0.000222194 -0.000278567 -0.0180336 0.0890326 -0.000277136 0.000708474 0.000222194 -0.000277136 0.0103434 -0.0187665 -0.000278567 0.000708474 -0.0187665 0.0909143 
0.00976484 -0.0180459 0.000225243 -0.000271118 -0.0180459 0.0890634 -0.000271086 0.000679627 0.000225243 -0.000271086 0.0103572 -0.0187839 -0.000271118 0.000679627 -0.0187839 0.0909492 
0.00977268 -0.0180629 0.000236107 -0.000292343 -0.0180629 0.0891148 -0.000292944 0.000722988 0.000236107 -0.000292944 0.0103726 -0.0187954 -0.000292343 0.000722988 -0.0187954 0.090976 
0.00977648 -0.0180527 0.000254993 -0.000304839 -0.0180527 0.0890938 -0.000305351 0.000760342 0.000254993 -0.000305351 0.0103693 -0.018821 -0.000304839 0.000760342 -0.018821 0.0910268 
0.00975805 -0.0180625 0.000265921 -0.000323045 -0.0180625 0.0891032 -0.00032164 0.00079409 0.000265921 -0.00032164 0.0103677 -0.018809 -0.000323045 0.00079409 -0.018809 0.0910175 
0.00974524 -0.0180652 0.000256992 -0.000324933 -0.0180652 0.0891454 -0.000320904 0.000794444 0.000256992 -0.000320904 0.0103597 -0.0187827 -0.000324933 0.000794444 -0.0187827 0.0909371 
0.00972409 -0.0180488 0.000241751 -0.00032709 -0.0180488 0.0891337 -0.000323249 0.000812051 0.000241751 -0.000323249 0.0103717 -0.0187728 -0.00032709 0.000812051 -0.0187728 0.0908895 
0.00971865 -0.018023 0.000242678 -0.00030914 -0.018023 0.0890817 -0.000307709 0.000792285 0.000242678 -0.000307709 0.0103462 -0.0187723 -0.00030914 0.000792285 -0.0187723 0.0908476 
0.00973561 -0.0180049 0.000221093 -0.000287335 -0.0180049 0.0890193 -0.00028744 0.00072538 0.000221093 -0.00028744 0.0103227 -0.0187614 -0.000287335 0.00072538 -0.0187614 0.0908485 
0.00972818 -0.018005 0.00022569 -0.000274033 -0.018005 0.0889709 -0.000273679 0.000694031 0.00022569 -0.000273679 0.0103275 -0.0187408 -0.000274033 0.000694031 -0.0187408 0.0908197 
0.0097191 -0.0179862 0.000229706 -0.000278826 -0.0179862 0.088918 -0.000280425 0.000690371 0.000229706 -0.000280425 0.0103458 -0.0187601 -0.000278826 0.000690371 -0.0187601 0.0908529 
0.00968596 -0.0179726 0.000223358 -0.000286115 -0.0179726 0.0888672 -0.000285711 0.00070496 0.000223358 -0.000285711 0.0103744 -0.0187772 -0.000286115 0.00070496 -0.0187772 0.0908864 
0.00967948 -0.0179593 0.000221729 -0.000284463 -0.0179593 0.0888575 -0.000281136 0.000713909 0.000221729 -0.000281136 0.0103933 -0.0188009 -0.000284463 0.000713909 -0.0188009 0.0909347 
0.0096865 -0.01796 0.000216913 -0.000274288 -0.01796 0.0888615 -0.000270999 0.000691781 0.000216913 -0.000270999 0.0104059 -0.0188215 -0.000274288 0.000691781 -0.0188215 0.0909887 
0.00968526 -0.0179508 0.000198159 -0.000279573 -0.0179508 0.0888311 -0.000275347 0.000699461 0.000198159 -0.000275347 0.0104101 -0.0188444 -0.000279573 0.000699461 -0.0188444 0.0910471 
0.00968569 -0.0179433 0.000186298 -0.000254246 -0.0179433 0.0887993 -0.000251155 0.000665181 0.000186298 -0.000251155 0.010406 -0.0188518 -0.000254246 0.000665181 -0.0188518 0.0910829 
0.00967929 -0.0179444 0.000191725 -0.000232983 -0.0179444 0.088793 -0.000230573 0.000606445 0.000191725 -0.000230573 0.0104278 -0.0188572 -0.000232983 0.000606445 -0.0188572 0.0911186 
0.0096877 -0.0179508 0.000192591 -0.000232401 -0.0179508 0.0888199 -0.000228674 0.000571521 0.000192591 -0.000228674 0.010439 -0.0188741 -0.000232401 0.000571521 -0.0188741 0.0911432 
0.00968057 -0.0179532 0.000188634 -0.000229017 -0.0179532 0.088824 -0.000222599 0.00054785 0.000188634 -0.000222599 0.0104478 -0.0188885 -0.000229017 0.00054785 -0.0188885 0.0911733 
0.00965867 -0.0179158 0.000190568 -0.000230919 -0.0179158 0.0887373 -0.000224287 0.00054961 0.000190568 -0.000224287 0.0104355 -0.0189155 -0.000230919 0.00054961 -0.0189155 0.0912395 
0.00965404 -0.0178993 0.000195641 -0.000240605 -0.0178993 0.0886856 -0.000236066 0.000576307 0.000195641 -0.000236066 0.0103959 -0.0188849 -0.000240605 0.000576307 -0.0188849 0.0911993 
0.00966578 -0.0178988 0.000187867 -0.000237928 -0.0178988 0.0886725 -0.0002357 0.000580237 0.000187867 -0.0002357 0.0103555 -0.0188325 -0.000237928 0.000580237 -0.0188325 0.091094 
0.00970097 -0.0179247 0.000205386 -0.000245877 -0.0179247 0.0887259 -0.000247164 0.000619774 0.000205386 -0.000247164 0.0103277 -0.0187738 -0.000245877 0.000619774 -0.0187738 0.090948 
0.00974094 -0.0179952 0.000222234 -0.000255817 -0.0179952 0.0888957 -0.000262262 0.000644861 0.000222234 -0.000262262 0.0103358 -0.0187275 -0.000255817 0.000644861 -0.0187275 0.0908053 
0.00975634 -0.0180522 0.000230972 -0.000261278 -0.0180522 0.0890661 -0.000270961 0.000652493 0.000230972 -0.000270961 0.0103547 -0.0187344 -0.000261278 0.000652493 -0.0187344 0.0907541 
0.00973825 -0.0180508 0.000236136 -0.00028481 -0.0180508 0.0891092 -0.000293376 0.000704071 0.000236136 -0.000293376 0.0103887 -0.0187857 -0.00028481 0.000704071 -0.0187857 0.0908592 
0.00973443 -0.0180504 0.000239348 -0.000301397 -0.0180504 0.0891443 -0.000307634 0.000759133 0.000239348 -0.000307634 0.0104112 -0.0188199 -0.000301397 0.000759133 -0.0188199 0.0909597 
0.00973144 -0.0180487 0.000249651 -0.000305482 -0.0180487 0.0891566 -0.000309037 0.000783914 0.000249651 -0.000309037 0.0104494 -0.0188559 -0.000305482 0.000783914 -0.0188559 0.0910698 
0.00972711 -0.0180361 0.00024469 -0.000306073 -0.0180361 0.0891285 -0.000308416 0.000773646 0.00024469 -0.000308416 0.0104836 -0.0189148 -0.000306073 0.000773646 -0.0189148 0.0912187 
0.0097292 -0.0180298 0.000221779 -0.000298244 -0.0180298 0.0891077 -0.0002979 0.000750722 0.000221779 -0.0002979 0.0105052 -0.0189667 -0.000298244 0.000750722 -0.0189667 0.0913736 
0.0097424 -0.0180333 0.000197043 -0.000250312 -0.0180333 0.0891042 -0.000247796 0.000639682 0.000197043 -0.000247796 0.0104955 -0.0189909 -0.000250312 0.000639682 -0.0189909 0.0914669 
0.0097578 -0.0180545 0.000189192 -0.000234273 -0.0180545 0.0891426 -0.000227445 0.000574787 0.000189192 -0.000227445 0.0104994 -0.018978 -0.000234273 0.000574787 -0.018978 0.0914808 
0.00973991 -0.0180608 0.000183268 -0.000217657 -0.0180608 0.0891518 -0.00021044 0.000516861 0.000183268 -0.00021044 0.0105121 -0.0189784 -0.000217657 0.000516861 -0.0189784 0.0914658 
0.00971016 -0.0180151 0.00019306 -0.000225182 -0.0180151 0.0890565 -0.00022008 0.000527586 0.00019306 -0.00022008 0.0105069 -0.018999 -0.000225182 0.000527586 -0.018999 0.0914911 
0.0096913 -0.0179774 0.000195872 -0.0002436 -0.0179774 0.0889535 -0.000239037 0.000573514 0.000195872 -0.000239037 0.0104878 -0.0189853 -0.0002436 0.000573514 -0.0189853 0.0914695 
0.00968888 -0.0179737 0.000191774 -0.000250452 -0.0179737 0.0889295 -0.000243366 0.000605646 0.000191774 -0.000243366 0.0104731 -0.0189467 -0.000250452 0.000605646 -0.0189467 0.0913805 
0.00969036 -0.0179883 0.000187716 -0.000243369 -0.0179883 0.0889627 -0.000237146 0.000603535 0.000187716 -0.000237146 0.0104606 -0.0189088 -0.000243369 0.000603535 -0.0189088 0.0912599 
0.00968999 -0.0179708 0.000185552 -0.00025286 -0.0179708 0.0889311 -0.000249076 0.000634903 0.000185552 -0.000249076 0.0104622 -0.0189132 -0.00025286 0.000634903 -0.0189132 0.0912445 
0.00970755 -0.0179834 0.000171214 -0.000217684 -0.0179834 0.08895 -0.000218142 0.000565207 0.000171214 -0.000218142 0.0104544 -0.0189088 -0.000217684 0.000565207 -0.0189088 0.0912314 
0.00972758 -0.0179966 0.00016329 -0.000212156 -0.0179966 0.0889723 -0.000215124 0.000542569 0.00016329 -0.000215124 0.0104511 -0.0189127 -0.000212156 0.000542569 -0.0189127 0.0912512 
0.00973389 -0.0180173 0.000154988 -0.000199781 -0.0180173 0.0890125 -0.000204506 0.000515266 0.000154988 -0.000204506 0.0104758 -0.0189231 -0.000199781 0.000515266 -0.0189231 0.0912969 
0.00973442 -0.0180369 0.000148888 -0.000180224 -0.0180369 0.0890713 -0.000184369 0.00046264 0.000148888 -0.000184369 0.0104954 -0.0189395 -0.000180224 0.00046264 -0.0189395 0.0913215 
0.00973709 -0.0180508 0.000139568 -0.000182656 -0.0180508 0.089132 -0.000183608 0.000453145 0.000139568 -0.000183608 0.010519 -0.0189631 -0.000182656 0.000453145 -0.0189631 0.0913741 
0.00973644 -0.0180494 0.000149234 -0.000179853 -0.0180494 0.0891464 -0.000174798 0.000447629 0.000149234 -0.000174798 0.0105484 -0.0189993 -0.000179853 0.000447629 -0.0189993 0.0914609 
0.00970831 -0.0180309 0.000156503 -0.000186086 -0.0180309 0.0891011 -0.000178601 0.000444922 0.000156503 -0.000178601 0.0105747 -0.0190441 -0.000186086 0.000444922 -0.0190441 0.0915712 
0.00970661 -0.0180006 0.000166759 -0.000192422 -0.0180006 0.0890419 -0.000186691 0.000457322 0.000166759 -0.000186691 0.0105674 -0.0190703 -0.000192422 0.000457322 -0.0190703 0.0916467 
0.00972078 -0.0180117 0.000161789 -0.000207019 -0.0180117 0.0890476 -0.000202269 0.000489451 0.000161789 -0.000202269 0.0105549 -0.0190506 -0.000207019 0.000489451 -0.0190506 0.0916323 
0.00973815 -0.0180081 0.000159009 -0.000199699 -0.0180081 0.0890255 -0.000196597 0.00049159 0.000159009 -0.000196597 0.0105281 -0.0190476 -0.000199699 0.00049159 -0.0190476 0.0916235 
0.00974296 -0.0180295 0.000149988 -0.000191264 -0.0180295 0.0890527 -0.000192445 0.000475234 0.000149988 -0.000192445 0.0105201 -0.0190204 -0.000191264 0.000475234 -0.0190204 0.0915877 
0.00972542 -0.0180295 0.000137669 -0.000185637 -0.0180295 0.0890563 -0.000190253 0.000468702 0.000137669 -0.000190253 0.0105135 -0.019005 -0.000185637 0.000468702 -0.019005 0.0915346 
0.00972386 -0.0180336 0.000151529 -0.000181972 -0.0180336 0.0890939 -0.0001855 0.000471595 0.000151529 -0.0001855 0.010513 -0.0189826 -0.000181972 0.000471595 -0.0189826 0.0914692 
0.00970578 -0.0180143 0.000157944 -0.000199853 -0.0180143 0.0890522 -0.000200805 0.000496682 0.000157944 -0.000200805 0.010501 -0.0189767 -0.000199853 0.000496682 -0.0189767 0.0914196 
0.00967793 -0.0179666 0.000145618 -0.000187317 -0.0179666 0.0889327 -0.000187352 0.000467753 0.000145618 -0.000187352 0.0105025 -0.0189841 -0.000187317 0.000467753 -0.0189841 0.0914396 
0.00968396 -0.0179544 0.000123485 -0.000159869 -0.0179544 0.088886 -0.000160989 0.000399481 0.000123485 -0.000160989 0.0104886 -0.0189682 -0.000159869 0.000399481 -0.0189682 0.0914078 
0.00969016 -0.0179486 0.000117981 -0.000133745 -0.0179486 0.088848 -0.00013333 0.000331681 0.000117981 -0.00013333 0.0104827 -0.0189671 -0.000133745 0.000331681 -0.0189671 0.0914126 
0.00968515 -0.0179552 0.000139873 -0.000158846 -0.0179552 0.0888434 -0.000155359 0.000374225 0.000139873 -0.000155359 0.0104895 -0.0189566 -0.000158846 0.000374225 -0.0189566 0.0913938 
0.00968708 -0.0179685 0.000142745 -0.000173075 -0.0179685 0.0888853 -0.000168455 0.000403938 0.000142745 -0.000168455 0.0104912 -0.0189474 -0.000173075 0.000403938 -0.0189474 0.0913509 
0.00967402 -0.017977 0.000133976 -0.000173223 -0.017977 0.0889218 -0.000169102 0.000415534 0.000133976 -0.000169102 0.0104924 -0.0189419 -0.000173223 0.000415534 -0.0189419 0.0913173 
0.009655 -0.0179418 0.000139573 -0.000175962 -0.0179418 0.0888593 -0.000173763 0.000439026 0.000139573 -0.000173763 0.0104979 -0.0189589 -0.000175962 0.000439026 -0.0189589 0.0913515 
0.00962716 -0.0178921 0.000124106 -0.000171438 -0.0178921 0.0887189 -0.000171159 0.000431029 0.000124106 -0.000171159 0.0104924 -0.0189779 -0.000171438 0.000431029 -0.0189779 0.0914075 
0.00960514 -0.0178687 0.000121881 -0.000148151 -0.0178687 0.0886377 -0.000149525 0.000388404 0.000121881 -0.000149525 0.0104864 -0.0189534 -0.000148151 0.000388404 -0.0189534 0.0913668 
0.00959643 -0.0178389 0.0001203 -0.000154423 -0.0178389 0.0885578 -0.000156017 0.00038692 0.0001203 -0.000156017 0.0104809 -0.0189461 -0.000154423 0.00038692 -0.0189461 0.091337 
0.00961063 -0.0178468 0.000119403 -0.000142203 -0.0178468 0.0885604 -0.000141876 0.00036049 0.000119403 -0.000141876 0.0104724 -0.0189249 -0.000142203 0.00036049 -0.0189249 0.0912787 
0.00963892 -0.0178569 0.000105703 -0.000153613 -0.0178569 0.0885727 -0.000151467 0.000376487 0.000105703 -0.000151467 0.0104493 -0.0189213 -0.000153613 0.000376487 -0.0189213 0.0912553 
0.00967354 -0.0178804 8.78289e-05 -0.000141774 -0.0178804 0.0886023 -0.000138495 0.000370654 8.78289e-05 -0.000138495 0.0103921 -0.0188989 -0.000141774 0.000370654 -0.0188989 0.0912178 
0.0096773 -0.0179204 8.09974e-05 -0.000122979 -0.0179204 0.0886794 -0.000118835 0.000337236 8.09974e-05 -0.000118835 0.0103478 -0.0188279 -0.000122979 0.000337236 -0.0188279 0.0910879 
0.00966754 -0.0179303 9.50981e-05 -9.85359e-05 -0.0179303 0.0887379 -9.77167e-05 0.000271395 9.50981e-05 -9.77167e-05 0.0103284 -0.0187659 -9.85359e-05 0.000271395 -0.0187659 0.0909255 
0.00966518 -0.0179256 0.000115689 -0.00011862 -0.0179256 0.088755 -0.000120305 0.000281809 0.000115689 -0.000120305 0.0103196 -0.0187329 -0.00011862 0.000281809 -0.0187329 0.0908036 
0.00967138 -0.017938 9.83082e-05 -0.000127877 -0.017938 0.0887942 -0.000130474 0.000292719 9.83082e-05 -0.000130474 0.0103252 -0.0187096 -0.000127877 0.000292719 -0.0187096 0.0907124 
0.00966795 -0.0179196 9.24512e-05 -0.000126119 -0.0179196 0.0887513 -0.000129449 0.000320744 9.24512e-05 -0.000129449 0.0103368 -0.0187338 -0.000126119 0.000320744 -0.0187338 0.0907331 
0.00968653 -0.0179345 7.83398e-05 -0.000112233 -0.0179345 0.0887752 -0.000114694 0.000294898 7.83398e-05 -0.000114694 0.0103197 -0.0187346 -0.000112233 0.000294898 -0.0187346 0.0907356 
0.00969978 -0.0179592 6.73862e-05 -8.54033e-05 -0.0179592 0.0888293 -8.30606e-05 0.000224587 6.73862e-05 -8.30606e-05 0.0103073 -0.0187229 -8.54033e-05 0.000224587 -0.0187229 0.0907351 
0.00969004 -0.0179505 6.96044e-05 -8.96142e-05 -0.0179505 0.0888149 -8.3197e-05 0.000215727 6.96044e-05 -8.3197e-05 0.010317 -0.0187264 -8.96142e-05 0.000215727 -0.0187264 0.090756 
0.00966349 -0.0179213 6.85867e-05 -8.87751e-05 -0.0179213 0.0887406 -8.29325e-05 0.000212521 6.85867e-05 -8.29325e-05 0.0103455 -0.0187553 -8.87751e-05 0.000212521 -0.0187553 0.0908315 
0.00962735 -0.0178873 6.84797e-05 -8.31148e-05 -0.0178873 0.0886511 -8.0837e-05 0.00020341 6.84797e-05 -8.0837e-05 0.0103858 -0.0187903 -8.31148e-05 0.00020341 -0.0187903 0.0909183 
0.0096278 -0.0178709 8.44456e-05 -8.40034e-05 -0.0178709 0.0886187 -8.53951e-05 0.000206587 8.44456e-05 -8.53951e-05 0.0103853 -0.0188171 -8.40034e-05 0.000206587 -0.0188171 0.0909719 
