0.00684403 0 -7.42093e-05 0 0 0.01 0 0 -7.42093e-05 0 0.0077425 0 0 0 0 0.01 
0.00974634 -0.0121082 -9.05402e-05 0.000111121 -0.0121082 0.0323911 0.000111121 -0.000213405 -9.05402e-05 0.000111121 0.0108212 -0.0134332 0.000111121 -0.000213405 -0.0134332 0.0349312 
0.00994895 -0.0185965 -3.74292e-05 7.94717e-05 -0.0185965 0.068632 7.94717e-05 -0.000251375 -3.74292e-05 7.94717e-05 0.0107262 -0.0200449 7.94717e-05 -0.000251375 -0.0200449 0.0732466 
0.00947943 -0.0185298 -6.9113e-06 5.25457e-05 -0.0185298 0.0832465 5.12525e-05 -0.000196774 -6.9113e-06 5.12525e-05 0.0100965 -0.0194821 5.25457e-05 -0.000196774 -0.0194821 0.0867867 
0.0094358 -0.0179702 -1.95691e-06 3.94316e-06 -0.0179702 0.0871181 -2.99909e-06 -4.06959e-05 -1.95691e-06 -2.99909e-06 0.0101444 -0.0187091 3.94316e-06 -4.06959e-05 -0.0187091 0.089306 
0.00951835 -0.0178229 -1.19534e-05 -5.59442e-06 -0.0178229 0.0881782 -1.39984e-05 3.67237e-05 -1.19534e-05 -1.39984e-05 0.0104145 -0.0187298 -5.59442e-06 3.67237e-05 -0.0187298 0.0902095 
0.00957441 -0.0178223 -5.03636e-05 4.32427e-05 -0.0178223 0.0884946 4.07316e-05 -7.0883e-05 -5.03636e-05 4.07316e-05 0.0105834 -0.0189751 4.32427e-05 -7.0883e-05 -0.0189751 0.0910424 
0.00960902 -0.0178161 -6.17322e-05 8.22938e-05 -0.0178161 0.088517 8.58978e-05 -0.000181807 -6.17322e-05 8.58978e-05 0.01062 -0.0191182 8.22938e-05 -0.000181807 -0.0191182 0.0915967 
0.00964119 -0.017843 -7.80858e-05 9.01859e-05 -0.017843 0.0885269 9.71606e-05 -0.000241748 -7.80858e-05 9.71606e-05 0.0105885 -0.0191172 9.01859e-05 -0.000241748 -0.0191172 0.0917398 
0.00965362 -0.017887 -8.52995e-05 9.72607e-05 -0.017887 0.0885981 0.000102123 -0.000254569 -8.52995e-05 0.000102123 0.0105424 -0.0190577 9.72607e-05 -0.000254569 -0.0190577 0.0916412 
0.00967013 -0.0179232 -8.55681e-05 0.000105719 -0.0179232 0.0887103 0.000108105 -0.000267913 -8.55681e-05 0.000108105 0.0105032 -0.0189867 0.000105719 -0.000267913 -0.0189867 0.0914581 
0.00968681 -0.0179507 -6.51939e-05 9.71624e-05 -0.0179507 0.0888054 9.4927e-05 -0.00024389 -6.51939e-05 9.4927e-05 0.0104739 -0.0189382 9.71624e-05 -0.00024389 -0.0189382 0.0913041 
0.00967822 -0.0179448 -4.32253e-05 6.75946e-05 -0.0179448 0.088805 6.16103e-05 -0.000174864 -4.32253e-05 6.16103e-05 0.0104553 -0.0189282 6.75946e-05 -0.000174864 -0.0189282 0.0912619 
0.00967193 -0.0179371 -3.54335e-05 4.16608e-05 -0.0179371 0.0887972 3.63225e-05 -0.00010505 -3.54335e-05 3.63225e-05 0.0104444 -0.0189103 4.16608e-05 -0.00010505 -0.0189103 0.091233 
0.00967035 -0.0179385 -2.73031e-05 2.66525e-05 -0.0179385 0.0888075 2.73553e-05 -5.85292e-05 -2.73031e-05 2.73553e-05 0.0104433 -0.0188969 2.66525e-05 -5.85292e-05 -0.0188969 0.091207 
0.00966283 -0.0179567 -2.42377e-05 3.18047e-05 -0.0179567 0.0888627 3.80741e-05 -7.3514e-05 -2.42377e-05 3.80741e-05 0.0104501 -0.0188771 3.18047e-05 -7.3514e-05 -0.0188771 0.0911477 
0.00963051 -0.0179436 -1.40282e-05 3.01212e-05 -0.0179436 0.0888606 3.83252e-05 -8.50721e-05 -1.40282e-05 3.83252e-05 0.0104835 -0.0188906 3.01212e-05 -8.50721e-05 -0.0188906 0.091157 
0.00962914 -0.0179032 -1.57625e-05 1.75352e-05 -0.0179032 0.0887927 2.36846e-05 -6.63905e-05 -1.57625e-05 2.36846e-05 0.0105031 -0.0189331 1.75352e-05 -6.63905e-05 -0.0189331 0.0912326 
0.00964847 -0.017883 -2.88132e-05 3.24801e-05 -0.017883 0.088702 3.17466e-05 -8.52937e-05 -2.88132e-05 3.17466e-05 0.0104928 -0.0189671 3.24801e-05 -8.52937e-05 -0.0189671 0.091333 
0.00965899 -0.0178868 -3.1113e-05 3.99249e-05 -0.0178868 0.0886528 3.38007e-05 -8.98946e-05 -3.1113e-05 3.38007e-05 0.0104739 -0.0189691 3.99249e-05 -8.98946e-05 -0.0189691 0.091388 
0.00964749 -0.0179203 -3.54644e-05 4.9074e-05 -0.0179203 0.0887164 4.18334e-05 -0.000113667 -3.54644e-05 4.18334e-05 0.0104598 -0.0189227 4.9074e-05 -0.000113667 -0.0189227 0.0912993 
0.00964488 -0.0179102 -3.14373e-05 4.54702e-05 -0.0179102 0.0887388 3.88274e-05 -0.000106045 -3.14373e-05 3.88274e-05 0.0104352 -0.0189026 4.54702e-05 -0.000106045 -0.0189026 0.0912236 
0.00964712 -0.0179043 -4.14578e-05 3.42279e-05 -0.0179043 0.0887301 3.02713e-05 -8.27738e-05 -4.14578e-05 3.02713e-05 0.010412 -0.0188733 3.42279e-05 -8.27738e-05 -0.0188733 0.0911549 
0.00964252 -0.0178915 -3.51485e-05 4.13965e-05 -0.0178915 0.0886893 4.11964e-05 -8.45896e-05 -3.51485e-05 4.11964e-05 0.0104111 -0.0188615 4.13965e-05 -8.45896e-05 -0.0188615 0.0911307 
0.00963352 -0.0178757 -3.64633e-05 5.12066e-05 -0.0178757 0.0886337 5.41853e-05 -0.000125972 -3.64633e-05 5.41853e-05 0.010418 -0.0188641 5.12066e-05 -0.000125972 -0.0188641 0.0911302 
0.00965771 -0.0178839 -2.88695e-05 4.7712e-05 -0.0178839 0.0886441 5.07575e-05 -0.000128933 -2.88695e-05 5.07575e-05 0.0103898 -0.0188533 4.7712e-05 -0.000128933 -0.0188533 0.0910944 
0.00967466 -0.0179158 -5.11623e-06 1.7264e-05 -0.0179158 0.0887015 1.86271e-05 -5.54719e-05 -5.11623e-06 1.86271e-05 0.0103731 -0.0188195 1.7264e-05 -5.54719e-05 -0.0188195 0.0910315 
0.009671 -0.017936 6.15899e-06 6.32308e-07 -0.017936 0.0887612 7.85826e-07 -1.27173e-05 6.15899e-06 7.85826e-07 0.0103573 -0.018794 6.32308e-07 -1.27173e-05 -0.018794 0.0909526 
0.00967049 -0.0179256 9.38529e-07 6.73251e-07 -0.0179256 0.0887627 9.51467e-07 -1.0684e-05 9.38529e-07 9.51467e-07 0.0103447 -0.0187822 6.73251e-07 -1.0684e-05 -0.0187822 0.0909166 
0.00968851 -0.0179237 -6.01372e-06 -5.19431e-06 -0.0179237 0.0887522 -8.55526e-06 1.49342e-05 -6.01372e-06 -8.55526e-06 0.0102957 -0.0187521 -5.19431e-06 1.49342e-05 -0.0187521 0.0908326 
0.00969176 -0.0179594 -4.55127e-06 7.12027e-06 -0.0179594 0.0888225 -1.90462e-07 6.54689e-06 -4.55127e-06 -1.90462e-07 0.010287 -0.0186882 7.12027e-06 6.54689e-06 -0.0186882 0.0907021 
0.00967244 -0.0179592 -1.73683e-05 9.57564e-06 -0.0179592 0.08885 2.98653e-06 -1.18369e-05 -1.73683e-05 2.98653e-06 0.0103136 -0.0186811 9.57564e-06 -1.18369e-05 -0.0186811 0.090638 
0.00965444 -0.0179147 -3.32917e-05 2.96237e-05 -0.0179147 0.0887598 3.00718e-05 -5.97966e-05 -3.32917e-05 3.00718e-05 0.0103123 -0.0187217 2.96237e-05 -5.97966e-05 -0.0187217 0.0906874 
0.00964143 -0.0178829 -4.96032e-05 3.71012e-05 -0.0178829 0.0886586 4.58968e-05 -9.10023e-05 -4.96032e-05 4.58968e-05 0.0103159 -0.0187337 3.71012e-05 -9.10023e-05 -0.0187337 0.0907547 
0.00963162 -0.0178574 -4.52236e-05 5.12155e-05 -0.0178574 0.0885678 6.1696e-05 -0.000118869 -4.52236e-05 6.1696e-05 0.0103197 -0.0187427 5.12155e-05 -0.000118869 -0.0187427 0.0907967 
0.00962033 -0.0178513 -4.35647e-05 6.18647e-05 -0.0178513 0.0885307 6.80015e-05 -0.000159487 -4.35647e-05 6.80015e-05 0.0103394 -0.0187453 6.18647e-05 -0.000159487 -0.0187453 0.0908166 
0.00962603 -0.0178701 -3.9658e-05 6.6525e-05 -0.0178701 0.0885834 6.96449e-05 -0.000182154 -3.9658e-05 6.96449e-05 0.0103588 -0.0187469 6.6525e-05 -0.000182154 -0.0187469 0.0908046 
0.0096298 -0.0178941 -3.54728e-05 5.79359e-05 -0.0178941 0.0886607 5.87924e-05 -0.000167305 -3.54728e-05 5.87924e-05 0.0103745 -0.0187568 5.79359e-05 -0.000167305 -0.0187568 0.0908001 
0.00962162 -0.0178802 -2.47377e-05 4.29887e-05 -0.0178802 0.0886497 4.23985e-05 -0.000122771 -2.47377e-05 4.23985e-05 0.0103694 -0.0187875 4.29887e-05 -0.000122771 -0.0187875 0.0908563 
0.00958969 -0.0178333 -1.14864e-05 1.86865e-05 -0.0178333 0.0885278 1.63116e-05 -5.64337e-05 -1.14864e-05 1.63116e-05 0.0103601 -0.0188057 1.86865e-05 -5.64337e-05 -0.0188057 0.0909346 
0.00959036 -0.0177916 -1.92938e-05 1.38721e-05 -0.0177916 0.0884105 1.20457e-05 -3.69293e-05 -1.92938e-05 1.20457e-05 0.0103372 -0.0187994 1.38721e-05 -3.69293e-05 -0.0187994 0.0909624 
0.00961697 -0.0178354 -3.73814e-05 3.20626e-05 -0.0178354 0.0884805 3.2537e-05 -7.31657e-05 -3.73814e-05 3.2537e-05 0.0103135 -0.0187293 3.20626e-05 -7.31657e-05 -0.0187293 0.0908121 
0.00964157 -0.017862 -4.93512e-05 4.96186e-05 -0.017862 0.0885506 4.94456e-05 -0.0001134 -4.93512e-05 4.94456e-05 0.0102907 -0.018703 4.96186e-05 -0.0001134 -0.018703 0.0907039 
0.00965977 -0.0178909 -3.2203e-05 7.05916e-05 -0.0178909 0.0886221 6.54706e-05 -0.000164833 -3.2203e-05 6.54706e-05 0.0102675 -0.0186762 7.05916e-05 -0.000164833 -0.0186762 0.0906264 
0.00965632 -0.0179142 -1.3479e-05 4.98834e-05 -0.0179142 0.088689 4.00617e-05 -0.000143292 -1.3479e-05 4.00617e-05 0.0102533 -0.0186424 4.98834e-05 -0.000143292 -0.0186424 0.0905365 
0.00963978 -0.0178651 1.58646e-06 8.32693e-06 -0.0178651 0.0885883 -7.49011e-07 -4.357e-05 1.58646e-06 -7.49011e-07 0.0102475 -0.0186576 8.32693e-06 -4.357e-05 -0.0186576 0.0905584 
0.00964013 -0.0178525 -1.67471e-07 1.84381e-06 -0.0178525 0.0885274 -3.30232e-06 -9.60885e-06 -1.67471e-07 -3.30232e-06 0.010229 -0.018641 1.84381e-06 -9.60885e-06 -0.018641 0.0905381 
0.00963395 -0.0178767 -1.29528e-05 1.2333e-05 -0.0178767 0.0885696 1.05245e-05 -2.71773e-05 -1.29528e-05 1.05245e-05 0.0102249 -0.0185974 1.2333e-05 -2.71773e-05 -0.0185974 0.0904382 
0.00963446 -0.0178838 -2.8628e-05 1.03311e-05 -0.0178838 0.0886207 1.18662e-05 -2.06932e-05 -2.8628e-05 1.18662e-05 0.0102405 -0.0185871 1.03311e-05 -2.06932e-05 -0.0185871 0.0903794 
0.00961511 -0.0178738 -4.23837e-05 3.25093e-05 -0.0178738 0.0886082 3.61697e-05 -6.02707e-05 -4.23837e-05 3.61697e-05 0.0102827 -0.018615 3.25093e-05 -6.02707e-05 -0.018615 0.0904141 
0.00961102 -0.0178362 -5.67782e-05 5.74478e-05 -0.0178362 0.0885245 6.07235e-05 -0.00012746 -5.67782e-05 6.07235e-05 0.0102993 -0.0186823 5.74478e-05 -0.00012746 -0.0186823 0.090558 
0.00961354 -0.017808 -5.39196e-05 6.90221e-05 -0.017808 0.088419 7.29199e-05 -0.000165231 -5.39196e-05 7.29199e-05 0.010283 -0.0187235 6.90221e-05 -0.000165231 -0.0187235 0.0907071 
0.00962875 -0.0178112 -4.10026e-05 6.80787e-05 -0.0178112 0.0883899 7.26509e-05 -0.000180077 -4.10026e-05 7.26509e-05 0.010273 -0.0187107 6.80787e-05 -0.000180077 -0.0187107 0.0907524 
0.00965448 -0.0178681 -3.66254e-05 4.59882e-05 -0.0178681 0.0885149 4.9848e-05 -0.000140462 -3.66254e-05 4.9848e-05 0.0102546 -0.0186582 4.59882e-05 -0.000140462 -0.0186582 0.0906286 
0.00967072 -0.0179142 -1.93974e-06 3.11088e-05 -0.0179142 0.0886623 3.22119e-05 -8.27155e-05 -1.93974e-06 3.22119e-05 0.0102619 -0.0186332 3.11088e-05 -8.27155e-05 -0.0186332 0.0905364 
0.00968196 -0.017923 2.87838e-05 -6.82285e-06 -0.017923 0.0887201 -9.18961e-06 -4.93926e-06 2.87838e-05 -9.18961e-06 0.0102617 -0.0186508 -6.82285e-06 -4.93926e-06 -0.0186508 0.0905354 
0.00969701 -0.0179506 2.61798e-05 -2.8895e-05 -0.0179506 0.0887989 -3.32755e-05 5.11894e-05 2.61798e-05 -3.32755e-05 0.0102518 -0.018647 -2.8895e-05 5.11894e-05 -0.018647 0.0905351 
0.00967665 -0.0179538 2.35286e-06 -1.71223e-05 -0.0179538 0.0888178 -1.97777e-05 4.40943e-05 2.35286e-06 -1.97777e-05 0.0102579 -0.018641 -1.71223e-05 4.40943e-05 -0.018641 0.0905269 
0.00964153 -0.0179267 -9.87652e-06 -3.43735e-06 -0.0179267 0.0887796 -3.29833e-06 2.80686e-05 -9.87652e-06 -3.29833e-06 0.0102862 -0.0186553 -3.43735e-06 2.80686e-05 -0.0186553 0.0905572 
0.00964364 -0.0178959 -1.4976e-05 1.33976e-05 -0.0178959 0.088725 1.54305e-05 -1.48599e-05 -1.4976e-05 1.54305e-05 0.0103083 -0.018687 1.33976e-05 -1.48599e-05 -0.018687 0.0906235 
0.00965772 -0.0178985 1.4686e-06 4.18839e-07 -0.0178985 0.0886992 4.10909e-06 6.16828e-06 1.4686e-06 4.10909e-06 0.0103101 -0.0187037 4.18839e-07 6.16828e-06 -0.0187037 0.0906603 
0.00967236 -0.017918 1.47407e-05 -1.02571e-05 -0.017918 0.0887293 -6.54561e-06 2.25793e-05 1.47407e-05 -6.54561e-06 0.0103292 -0.018718 -1.02571e-05 2.25793e-05 -0.018718 0.0907157 
0.00966874 -0.0179354 1.07836e-05 -1.93466e-05 -0.0179354 0.0887712 -1.73155e-05 3.91001e-05 1.07836e-05 -1.73155e-05 0.0103553 -0.0187441 -1.93466e-05 3.91001e-05 -0.0187441 0.090775 
0.00966382 -0.0179283 1.5617e-05 -1.25609e-05 -0.0179283 0.0887763 -1.21995e-05 3.70616e-05 1.5617e-05 -1.21995e-05 0.0103781 -0.018784 -1.25609e-05 3.70616e-05 -0.018784 0.0908717 
0.0096465 -0.0179051 2.53932e-05 -2.17718e-05 -0.0179051 0.0887173 -2.09481e-05 5.30738e-05 2.53932e-05 -2.09481e-05 0.010399 -0.0188235 -2.17718e-05 5.30738e-05 -0.0188235 0.090983 
0.00965599 -0.0178896 4.03496e-05 -3.18563e-05 -0.0178896 0.0886733 -3.22369e-05 7.48824e-05 4.03496e-05 -3.22369e-05 0.0103809 -0.0188365 -3.18563e-05 7.48824e-05 -0.0188365 0.0910284 
0.00965476 -0.017904 5.03622e-05 -4.73822e-05 -0.017904 0.0886808 -4.893e-05 0.000106986 5.03622e-05 -4.893e-05 0.0103767 -0.0188104 -4.73822e-05 0.000106986 -0.0188104 0.0909968 
0.00966181 -0.0179136 4.94717e-05 -5.18039e-05 -0.0179136 0.0887162 -5.45269e-05 0.000121957 4.94717e-05 -5.45269e-05 0.0103726 -0.018792 -5.18039e-05 0.000121957 -0.018792 0.0909316 
0.00965901 -0.0179097 5.74179e-05 -5.68201e-05 -0.0179097 0.0887102 -6.23293e-05 0.000145134 5.74179e-05 -6.23293e-05 0.0103771 -0.0188003 -5.68201e-05 0.000145134 -0.0188003 0.090933 
0.00964293 -0.0179134 5.95178e-05 -6.88014e-05 -0.0179134 0.0887204 -7.50082e-05 0.000172118 5.95178e-05 -7.50082e-05 0.0103841 -0.0187991 -6.88014e-05 0.000172118 -0.0187991 0.0909262 
0.00962103 -0.017866 4.51446e-05 -6.28175e-05 -0.017866 0.0886214 -6.76543e-05 0.000162034 4.51446e-05 -6.76543e-05 0.0103907 -0.0188338 -6.28175e-05 0.000162034 -0.0188338 0.0910089 
0.00962276 -0.0178536 3.92748e-05 -5.84058e-05 -0.0178536 0.0885718 -6.08962e-05 0.000160212 3.92748e-05 -6.08962e-05 0.010373 -0.0188243 -5.84058e-05 0.000160212 -0.0188243 0.0910106 
0.00963601 -0.0178619 2.74055e-05 -3.79537e-05 -0.0178619 0.0885743 -3.86084e-05 0.000107466 2.74055e-05 -3.86084e-05 0.0103629 -0.0188041 -3.79537e-05 0.000107466 -0.0188041 0.0909863 
0.00965449 -0.0179232 2.87976e-05 -2.41265e-05 -0.0179232 0.0887263 -2.61096e-05 6.49889e-05 2.87976e-05 -2.61096e-05 0.0103632 -0.0187588 -2.41265e-05 6.49889e-05 -0.0187588 0.0908691 
0.00965313 -0.0179147 5.40017e-05 -4.54637e-05 -0.0179147 0.0887438 -4.89432e-05 0.000105184 5.40017e-05 -4.89432e-05 0.0103579 -0.01878 -4.54637e-05 0.000105184 -0.01878 0.0908711 
0.00966176 -0.0179147 7.33742e-05 -6.73424e-05 -0.0179147 0.0887504 -6.94803e-05 0.000147974 7.33742e-05 -6.94803e-05 0.0103529 -0.018781 -6.73424e-05 0.000147974 -0.018781 0.0908944 
0.00966822 -0.0179266 7.57884e-05 -8.88253e-05 -0.0179266 0.0887709 -8.97194e-05 0.000197523 7.57884e-05 -8.97194e-05 0.0103489 -0.0187677 -8.88253e-05 0.000197523 -0.0187677 0.0908699 
0.00965656 -0.0179144 6.74309e-05 -9.35826e-05 -0.0179144 0.0887365 -9.54464e-05 0.000228302 6.74309e-05 -9.54464e-05 0.0103542 -0.0187745 -9.35826e-05 0.000228302 -0.0187745 0.0908801 
0.00966075 -0.0179036 6.58547e-05 -7.7994e-05 -0.0179036 0.0887091 -7.92922e-05 0.000209795 6.58547e-05 -7.92922e-05 0.0103487 -0.018776 -7.7994e-05 0.000209795 -0.018776 0.0908803 
0.00965847 -0.0179185 5.14012e-05 -6.60393e-05 -0.0179185 0.08873 -6.70653e-05 0.000166067 5.14012e-05 -6.70653e-05 0.0103465 -0.0187607 -6.60393e-05 0.000166067 -0.0187607 0.0908474 
0.00966554 -0.0179238 4.56206e-05 -5.20148e-05 -0.0179238 0.0887606 -5.36492e-05 0.000133733 4.56206e-05 -5.36492e-05 0.0103564 -0.018763 -5.20148e-05 0.000133733 -0.018763 0.0908474 
0.00966941 -0.0179175 2.63339e-05 -4.76779e-05 -0.0179175 0.0887437 -5.10916e-05 0.000117532 2.63339e-05 -5.10916e-05 0.0103594 -0.0187882 -4.76779e-05 0.000117532 -0.0187882 0.0909034 
0.00967477 -0.0179047 1.86319e-05 -2.57281e-05 -0.0179047 0.0886963 -2.95642e-05 8.26845e-05 1.86319e-05 -2.95642e-05 0.010344 -0.0188063 -2.57281e-05 8.26845e-05 -0.0188063 0.0909726 
0.00966989 -0.0179226 2.69866e-05 -3.54132e-05 -0.0179226 0.0887192 -3.46217e-05 9.43046e-05 2.69866e-05 -3.46217e-05 0.0103388 -0.0187744 -3.54132e-05 9.43046e-05 -0.0187744 0.0909326 
0.00967621 -0.0179236 3.16305e-05 -3.91465e-05 -0.0179236 0.0887403 -3.4012e-05 9.36219e-05 3.16305e-05 -3.4012e-05 0.010326 -0.0187555 -3.91465e-05 9.36219e-05 -0.0187555 0.0908659 
0.00966509 -0.0179179 5.90708e-05 -4.5961e-05 -0.0179179 0.0887228 -3.982e-05 0.000106099 5.90708e-05 -3.982e-05 0.0103424 -0.0187564 -4.5961e-05 0.000106099 -0.0187564 0.0908632 
0.00965783 -0.0179303 6.8353e-05 -7.93112e-05 -0.0179303 0.0887645 -7.60463e-05 0.000163732 6.8353e-05 -7.60463e-05 0.0103848 -0.0187637 -7.93112e-05 0.000163732 -0.0187637 0.0908657 
0.00965985 -0.0179438 5.5677e-05 -8.86829e-05 -0.0179438 0.0888246 -8.7955e-05 0.000206234 5.5677e-05 -8.7955e-05 0.0104079 -0.0187968 -8.86829e-05 0.000206234 -0.0187968 0.0908968 
0.00965982 -0.017929 5.43383e-05 -7.74148e-05 -0.017929 0.0888054 -7.69633e-05 0.000208189 5.43383e-05 -7.69633e-05 0.0104106 -0.0188412 -7.74148e-05 0.000208189 -0.0188412 0.0910003 
0.00962656 -0.0179201 4.86366e-05 -7.15142e-05 -0.0179201 0.0887734 -7.17439e-05 0.000186945 4.86366e-05 -7.17439e-05 0.0104341 -0.018851 -7.15142e-05 0.000186945 -0.018851 0.0910644 
0.00961757 -0.0178858 2.56769e-05 -3.66326e-05 -0.0178858 0.0887193 -3.80042e-05 9.66129e-05 2.56769e-05 -3.80042e-05 0.0104482 -0.0188768 -3.66326e-05 9.66129e-05 -0.0188768 0.09112 
0.00963686 -0.0178644 4.52104e-05 -3.29577e-05 -0.0178644 0.0886447 -3.79293e-05 8.54376e-05 4.52104e-05 -3.79293e-05 0.0104431 -0.0189033 -3.29577e-05 8.54376e-05 -0.0189033 0.0911979 
0.00968301 -0.0178994 5.4932e-05 -6.0904e-05 -0.0178994 0.0886831 -6.73315e-05 0.000134267 5.4932e-05 -6.73315e-05 0.0104109 -0.0188914 -6.0904e-05 0.000134267 -0.0188914 0.0912042 
0.00971051 -0.0179615 5.50739e-05 -5.39897e-05 -0.0179615 0.0888103 -5.86853e-05 0.00012623 5.50739e-05 -5.86853e-05 0.0104163 -0.0188557 -5.39897e-05 0.00012623 -0.0188557 0.0911526 
0.00970784 -0.0179897 8.03091e-05 -9.09593e-05 -0.0179897 0.0889041 -9.16506e-05 0.000213534 8.03091e-05 -9.16506e-05 0.0104452 -0.0188657 -9.09593e-05 0.000213534 -0.0188657 0.0911423 
0.00969314 -0.0179667 9.63672e-05 -0.000115806 -0.0179667 0.0888828 -0.000111759 0.000276494 9.63672e-05 -0.000111759 0.0104545 -0.0189166 -0.000115806 0.000276494 -0.0189166 0.0912364 
0.009662 -0.0179404 9.94288e-05 -0.000128658 -0.0179404 0.0888182 -0.000124205 0.000313954 9.94288e-05 -0.000124205 0.0104817 -0.0189454 -0.000128658 0.000313954 -0.0189454 0.0913491 
0.00966393 -0.0179508 9.21687e-05 -0.000116292 -0.0179508 0.0888646 -0.000115289 0.000298443 9.21687e-05 -0.000115289 0.0105172 -0.0189527 -0.000116292 0.000298443 -0.0189527 0.091381 
0.0096836 -0.0179561 7.39375e-05 -0.000103446 -0.0179561 0.0888925 -0.000103139 0.000265296 7.39375e-05 -0.000103139 0.0105046 -0.0189814 -0.000103446 0.000265296 -0.0189814 0.0914091 
0.00969695 -0.0179675 8.22204e-05 -0.000104088 -0.0179675 0.0889071 -0.000102488 0.000276212 8.22204e-05 -0.000102488 0.0104924 -0.0189784 -0.000104088 0.000276212 -0.0189784 0.0914361 
0.00971028 -0.0179788 8.24498e-05 -0.00010146 -0.0179788 0.0889281 -0.000100024 0.000260594 8.24498e-05 -0.000100024 0.0104833 -0.0189639 -0.00010146 0.000260594 -0.0189639 0.0914162 
0.00970187 -0.0179841 7.13768e-05 -9.30375e-05 -0.0179841 0.0889317 -9.20807e-05 0.000233126 7.13768e-05 -9.20807e-05 0.0104759 -0.0189563 -9.30375e-05 0.000233126 -0.0189563 0.0913921 
0.00969415 -0.0179922 6.04717e-05 -8.84418e-05 -0.0179922 0.0889666 -8.70448e-05 0.000221689 6.04717e-05 -8.70448e-05 0.010442 -0.0189255 -8.84418e-05 0.000221689 -0.0189255 0.0913077 
0.00966988 -0.0179997 5.43509e-05 -8.05628e-05 -0.0179997 0.0890139 -7.78662e-05 0.000209427 5.43509e-05 -7.78662e-05 0.0104563 -0.0188831 -8.05628e-05 0.000209427 -0.0188831 0.0912171 
0.00964544 -0.0179512 2.89708e-05 -6.39386e-05 -0.0179512 0.0889326 -6.15426e-05 0.000166638 2.89708e-05 -6.15426e-05 0.0104729 -0.0189032 -6.39386e-05 0.000166638 -0.0189032 0.0912054 
0.0096381 -0.0178863 2.4159e-05 -4.5151e-05 -0.0178863 0.0887476 -4.29485e-05 0.00013398 2.4159e-05 -4.29485e-05 0.0104704 -0.0189429 -4.5151e-05 0.00013398 -0.0189429 0.0912921 
0.00964678 -0.0178878 7.67737e-06 -2.25184e-05 -0.0178878 0.0886846 -1.98785e-05 6.58315e-05 7.67737e-06 -1.98785e-05 0.0104504 -0.018926 -2.25184e-05 6.58315e-05 -0.018926 0.0912859 
0.00967112 -0.0179125 -1.22898e-05 -5.82308e-06 -0.0179125 0.0887262 -3.39611e-06 1.91254e-05 -1.22898e-05 -3.39611e-06 0.0104342 -0.018899 -5.82308e-06 1.91254e-05 -0.018899 0.0912361 
0.00969056 -0.0179367 -1.29839e-05 1.11026e-05 -0.0179367 0.0887791 1.21635e-05 -1.30891e-05 -1.29839e-05 1.21635e-05 0.0104344 -0.0188862 1.11026e-05 -1.30891e-05 -0.0188862 0.091201 
0.0096784 -0.0179549 6.04249e-06 1.94194e-05 -0.0179549 0.0888209 2.08428e-05 -4.61506e-05 6.04249e-06 2.08428e-05 0.0104432 -0.0188832 1.94194e-05 -4.61506e-05 -0.0188832 0.0911741 
0.00963389 -0.0179134 3.12122e-05 -2.34615e-05 -0.0179134 0.0887424 -2.1821e-05 2.88455e-05 3.12122e-05 -2.1821e-05 0.0104578 -0.0189099 -2.34615e-05 2.88455e-05 -0.0189099 0.0912226 
0.0096125 -0.0178823 4.61996e-05 -5.28635e-05 -0.0178823 0.0886811 -5.20696e-05 0.000110941 4.61996e-05 -5.20696e-05 0.0104523 -0.0189092 -5.28635e-05 0.000110941 -0.0189092 0.091228 
0.00960791 -0.0178568 4.97955e-05 -6.27435e-05 -0.0178568 0.0886147 -6.33384e-05 0.000150697 4.97955e-05 -6.33384e-05 0.010432 -0.0188955 -6.27435e-05 0.000150697 -0.0188955 0.0911975 
0.00963378 -0.01786 6.08776e-05 -5.65788e-05 -0.01786 0.0886036 -5.80619e-05 0.000145297 6.08776e-05 -5.80619e-05 0.0103941 -0.0188586 -5.65788e-05 0.000145297 -0.0188586 0.0911119 
0.00965079 -0.0178782 6.5734e-05 -6.79537e-05 -0.0178782 0.0886188 -7.11477e-05 0.000158075 6.5734e-05 -7.11477e-05 0.0103834 -0.0188252 -6.79537e-05 0.000158075 -0.0188252 0.0910385 
0.00965566 -0.0179073 5.7723e-05 -7.30242e-05 -0.0179073 0.0886838 -7.67054e-05 0.000172344 5.7723e-05 -7.67054e-05 0.0103961 -0.01881 -7.30242e-05 0.000172344 -0.01881 0.090983 
0.00966587 -0.0179193 4.07552e-05 -6.76924e-05 -0.0179193 0.0887368 -6.91523e-05 0.000173095 4.07552e-05 -6.91523e-05 0.0103678 -0.0188128 -6.76924e-05 0.000173095 -0.0188128 0.0909475 
0.00969321 -0.0179587 3.49474e-05 -5.12987e-05 -0.0179587 0.088848 -4.96079e-05 0.000148088 3.49474e-05 -4.96079e-05 0.0103251 -0.0187634 -5.12987e-05 0.000148088 -0.0187634 0.090854 
0.00967758 -0.0179611 3.69652e-05 -4.78527e-05 -0.0179611 0.0888601 -4.42883e-05 0.000133259 3.69652e-05 -4.42883e-05 0.0103226 -0.0187306 -4.78527e-05 0.000133259 -0.0187306 0.0907809 
0.0096573 -0.017937 3.77957e-05 -3.41991e-05 -0.017937 0.0888216 -3.11606e-05 8.94822e-05 3.77957e-05 -3.11606e-05 0.0103398 -0.0187285 -3.41991e-05 8.94822e-05 -0.0187285 0.0907484 
0.00961332 -0.0178826 4.15103e-05 -5.08596e-05 -0.0178826 0.088677 -4.8127e-05 0.000115591 4.15103e-05 -4.8127e-05 0.0103769 -0.0187658 -5.08596e-05 0.000115591 -0.0187658 0.0908154 
0.00958531 -0.0178309 3.28737e-05 -6.32141e-05 -0.0178309 0.0885336 -6.24957e-05 0.000161813 3.28737e-05 -6.24957e-05 0.0103937 -0.0188062 -6.32141e-05 0.000161813 -0.0188062 0.0909068 
0.0095877 -0.0178109 4.1618e-05 -6.3381e-05 -0.0178109 0.0884656 -6.49275e-05 0.000192137 4.1618e-05 -6.49275e-05 0.0104006 -0.0188272 -6.3381e-05 0.000192137 -0.0188272 0.0909858 
0.00959633 -0.0178177 4.87373e-05 -7.54894e-05 -0.0178177 0.0884589 -7.9492e-05 0.000220994 4.87373e-05 -7.9492e-05 0.0104108 -0.0188391 -7.54894e-05 0.000220994 -0.0188391 0.0910384 
0.0096265 -0.0178332 5.10963e-05 -6.7104e-05 -0.0178332 0.0884929 -7.14277e-05 0.00020297 5.10963e-05 -7.14277e-05 0.0104031 -0.0188516 -6.7104e-05 0.00020297 -0.0188516 0.091076 
0.00963659 -0.0178777 2.87139e-05 -4.43124e-05 -0.0178777 0.0885851 -4.84373e-05 0.000127964 2.87139e-05 -4.84373e-05 0.0104008 -0.0188348 -4.43124e-05 0.000127964 -0.0188348 0.0910534 
0.00964306 -0.0179023 -8.54767e-06 -6.87252e-06 -0.0179023 0.0886798 -8.91003e-06 2.62274e-05 -8.54767e-06 -8.91003e-06 0.0103953 -0.0188215 -6.87252e-06 2.62274e-05 -0.0188215 0.0910074 
0.00965266 -0.0178854 -3.99361e-05 3.18955e-05 -0.0178854 0.0886584 3.20913e-05 -7.21366e-05 -3.99361e-05 3.20913e-05 0.0103873 -0.0188342 3.18955e-05 -7.21366e-05 -0.0188342 0.09103 
0.00967252 -0.0178981 -4.67889e-05 4.32941e-05 -0.0178981 0.0886624 4.50563e-05 -0.000106314 -4.67889e-05 4.50563e-05 0.0103689 -0.0188146 4.32941e-05 -0.000106314 -0.0188146 0.0909963 
0.00967678 -0.0179147 -3.35106e-05 3.1334e-05 -0.0179147 0.0886859 3.48246e-05 -7.7479e-05 -3.35106e-05 3.48246e-05 0.0103618 -0.0187977 3.1334e-05 -7.7479e-05 -0.0187977 0.0909562 
0.00969015 -0.0179386 -2.30409e-05 2.80413e-05 -0.0179386 0.0887595 3.31038e-05 -7.13835e-05 -2.30409e-05 3.31038e-05 0.0103517 -0.0187807 2.80413e-05 -7.13835e-05 -0.0187807 0.0909046 
0.00967869 -0.017975 -1.74584e-05 2.37295e-05 -0.017975 0.0888674 2.9352e-05 -6.95718e-05 -1.74584e-05 2.9352e-05 0.0103578 -0.0187553 2.37295e-05 -6.95718e-05 -0.0187553 0.0908323 
0.00965988 -0.017959 -8.7842e-06 2.95947e-05 -0.017959 0.0888884 3.47782e-05 -8.97942e-05 -8.7842e-06 3.47782e-05 0.0103709 -0.0187672 2.95947e-05 -8.97942e-05 -0.0187672 0.0908286 
0.00966752 -0.0179158 8.14743e-07 1.82543e-05 -0.0179158 0.0887988 2.26348e-05 -7.74449e-05 8.14743e-07 2.26348e-05 0.0103587 -0.0188013 1.82543e-05 -7.74449e-05 -0.0188013 0.0909099 
0.00967146 -0.017907 -1.31556e-05 6.083e-06 -0.017907 0.088722 9.85327e-06 -5.02684e-05 -1.31556e-05 9.85327e-06 0.0103513 -0.0188011 6.083e-06 -5.02684e-05 -0.0188011 0.0909622 
0.00966947 -0.0178981 -3.19154e-05 3.35022e-05 -0.0178981 0.088666 3.50993e-05 -8.88993e-05 -3.19154e-05 3.50993e-05 0.0103426 -0.0187946 3.35022e-05 -8.88993e-05 -0.0187946 0.0909672 
0.00967781 -0.0179097 -6.08517e-05 4.67225e-05 -0.0179097 0.0886772 4.65751e-05 -0.000116777 -6.08517e-05 4.65751e-05 0.0103217 -0.0187659 4.67225e-05 -0.000116777 -0.0187659 0.0909002 
0.00969081 -0.0179262 -5.68865e-05 5.47366e-05 -0.0179262 0.0887147 5.38358e-05 -0.000109957 -5.68865e-05 5.38358e-05 0.0103015 -0.0187378 5.47366e-05 -0.000109957 -0.0187378 0.0908291 
0.00968099 -0.0179539 -5.89419e-05 5.26641e-05 -0.0179539 0.0887904 5.22047e-05 -0.000109125 -5.89419e-05 5.22047e-05 0.0103139 -0.0187046 5.26641e-05 -0.000109125 -0.0187046 0.0907371 
0.00966914 -0.0179445 -7.14569e-05 7.60066e-05 -0.0179445 0.0888119 7.68584e-05 -0.00016374 -7.14569e-05 7.68584e-05 0.0103315 -0.0187208 7.60066e-05 -0.00016374 -0.0187208 0.0907273 
0.00966175 -0.0179297 -0.000103269 9.41374e-05 -0.0179297 0.0887923 9.7339e-05 -0.000221919 -0.000103269 9.7339e-05 0.0103304 -0.0187405 9.41374e-05 -0.000221919 -0.0187405 0.0907578 
0.00967049 -0.017957 -9.70519e-05 0.000124495 -0.017957 0.0888689 0.000129786 -0.000284714 -9.70519e-05 0.000129786 0.0103293 -0.0187185 0.000124495 -0.000284714 -0.0187185 0.0907219 
0.00966284 -0.0179332 -5.9954e-05 9.9774e-05 -0.0179332 0.0888253 0.000103075 -0.000254984 -5.9954e-05 0.000103075 0.0103251 -0.0187394 9.9774e-05 -0.000254984 -0.0187394 0.0907558 
0.00965543 -0.0178998 -4.05841e-05 6.2029e-05 -0.0178998 0.088724 6.09225e-05 -0.000179325 -4.05841e-05 6.09225e-05 0.0103226 -0.0187545 6.2029e-05 -0.000179325 -0.0187545 0.0908224 
0.00965874 -0.0178838 -2.66453e-05 4.20489e-05 -0.0178838 0.0886483 3.81924e-05 -0.000113575 -2.66453e-05 3.81924e-05 0.0103278 -0.0187577 4.20489e-05 -0.000113575 -0.0187577 0.0908619 
0.00967581 -0.0179107 -2.3296e-05 5.05975e-05 -0.0179107 0.0886844 4.89089e-05 -0.000133576 -2.3296e-05 4.89089e-05 0.0103339 -0.0187463 5.05975e-05 -0.000133576 -0.0187463 0.0908415 
0.0096911 -0.0179263 -3.02554e-05 4.93583e-05 -0.0179263 0.0887193 5.08138e-05 -0.000149729 -3.02554e-05 5.08138e-05 0.010328 -0.0187505 4.93583e-05 -0.000149729 -0.0187505 0.0908273 
0.00966565 -0.017928 -2.75346e-05 3.46769e-05 -0.017928 0.0887181 3.89024e-05 -0.000110344 -2.75346e-05 3.89024e-05 0.0103458 -0.0187555 3.46769e-05 -0.000110344 -0.0187555 0.0908415 
0.0096308 -0.0178786 -1.58764e-05 3.26662e-05 -0.0178786 0.0886224 3.71361e-05 -9.43186e-05 -1.58764e-05 3.71361e-05 0.0103723 -0.0187953 3.26662e-05 -9.43186e-05 -0.0187953 0.0909285 
0.00962624 -0.0178816 -4.58318e-05 4.24876e-05 -0.0178816 0.0886358 4.41517e-05 -0.000125771 -4.58318e-05 4.41517e-05 0.0103755 -0.0187941 4.24876e-05 -0.000125771 -0.0187941 0.0909302 
