0.00703585 0 0.000361619 0 0 0.01 0 0 0.000361619 0 0.00765753 0 0 0 0 0.01 
0.00999594 -0.0124168 0.000432309 -0.000532877 -0.0124168 0.0329826 -0.000532877 0.00102156 0.000432309 -0.000532877 0.0107194 -0.013309 -0.000532877 0.00102156 -0.013309 0.0346934 
0.0101014 -0.0189655 0.000347689 -0.000594733 -0.0189655 0.0698151 -0.000594733 0.00189304 0.000347689 -0.000594733 0.0106956 -0.0199579 -0.000594733 0.00189304 -0.0199579 0.0729762 
0.00957411 -0.0187541 0.000309708 -0.000419212 -0.0187541 0.0842386 -0.000419457 0.00147485 0.000309708 -0.000419457 0.0100754 -0.0194604 -0.000419212 0.00147485 -0.0194604 0.0866723 
0.00952956 -0.0181091 0.000313786 -0.000368406 -0.0181091 0.0877308 -0.000372578 0.00100237 0.000313786 -0.000372578 0.010057 -0.0186651 -0.000368406 0.00100237 -0.0186651 0.0891792 
0.00966559 -0.0179618 0.000315245 -0.000378213 -0.0179618 0.0886226 -0.000384606 0.000886844 0.000315245 -0.000384606 0.0102169 -0.0185897 -0.000378213 0.000886844 -0.0185897 0.0899063 
0.00974064 -0.0179981 0.000336199 -0.000410144 -0.0179981 0.0889243 -0.000415146 0.000972167 0.000336199 -0.000415146 0.0103232 -0.0187204 -0.000410144 0.000972167 -0.0187204 0.0905046 
0.00978639 -0.0180301 0.000331034 -0.000428042 -0.0180301 0.0890276 -0.000432008 0.00104732 0.000331034 -0.000432008 0.0103343 -0.0187705 -0.000428042 0.00104732 -0.0187705 0.0907947 
0.00978947 -0.0180396 0.000315262 -0.000413797 -0.0180396 0.089003 -0.000415956 0.00105158 0.000315262 -0.000415956 0.0103519 -0.0187646 -0.000413797 0.00105158 -0.0187646 0.0908628 
0.00978409 -0.0180253 0.000295397 -0.000375619 -0.0180253 0.0889347 -0.000377872 0.000971369 0.000295397 -0.000377872 0.0103778 -0.0187926 -0.000375619 0.000971369 -0.0187926 0.0909177 
0.00978565 -0.0180645 0.000286939 -0.000347761 -0.0180645 0.0890157 -0.000351706 0.000889246 0.000286939 -0.000351706 0.0103961 -0.018796 -0.000347761 0.000889246 -0.018796 0.0909108 
0.00979628 -0.0180942 0.000298738 -0.000353392 -0.0180942 0.0891336 -0.000357973 0.000882386 0.000298738 -0.000357973 0.0104051 -0.0188083 -0.000353392 0.000882386 -0.0188083 0.0909182 
0.00981838 -0.0181076 0.000318473 -0.000383258 -0.0181076 0.089204 -0.00038688 0.000945987 0.000318473 -0.00038688 0.0103718 -0.0188191 -0.000383258 0.000945987 -0.0188191 0.090935 
0.00983771 -0.0181312 0.000303868 -0.000374307 -0.0181312 0.0892691 -0.000375787 0.000920428 0.000303868 -0.000375787 0.0103477 -0.0187996 -0.000374307 0.000920428 -0.0187996 0.0909437 
0.00983584 -0.0181477 0.000297573 -0.000370336 -0.0181477 0.0893164 -0.000370285 0.000915135 0.000297573 -0.000370285 0.0103593 -0.0187879 -0.000370336 0.000915135 -0.0187879 0.0909511 
0.0098401 -0.0181322 0.000279659 -0.000360121 -0.0181322 0.0893002 -0.000356934 0.000889053 0.000279659 -0.000356934 0.0103635 -0.0188166 -0.000360121 0.000889053 -0.0188166 0.0910127 
0.00983914 -0.018142 0.000282058 -0.000351721 -0.018142 0.089312 -0.000344895 0.000876086 0.000282058 -0.000344895 0.0103823 -0.0188277 -0.000351721 0.000876086 -0.0188277 0.0910738 
0.00984323 -0.0181589 0.00030659 -0.000354535 -0.0181589 0.0893667 -0.000344349 0.000870257 0.00030659 -0.000344349 0.0104054 -0.0188463 -0.000354535 0.000870257 -0.0188463 0.0911261 
0.00985534 -0.0181877 0.00032715 -0.000398388 -0.0181877 0.0894606 -0.000389238 0.000953564 0.00032715 -0.000389238 0.0104088 -0.018854 -0.000398388 0.000953564 -0.018854 0.0911367 
0.00985072 -0.0181971 0.000312133 -0.000411934 -0.0181971 0.089505 -0.000406459 0.00100634 0.000312133 -0.000406459 0.0103944 -0.0188566 -0.000411934 0.00100634 -0.0188566 0.0911393 
0.00984141 -0.0181696 0.000309533 -0.000388276 -0.0181696 0.0894596 -0.00038408 0.000986576 0.000309533 -0.00038408 0.0103975 -0.0188653 -0.000388276 0.000986576 -0.0188653 0.0911847 
0.00982633 -0.0181534 0.000332464 -0.000385857 -0.0181534 0.089407 -0.000383392 0.000971326 0.000332464 -0.000383392 0.0104261 -0.0188692 -0.000385857 0.000971326 -0.0188692 0.0912039 
0.00980861 -0.0181464 0.000326584 -0.000405237 -0.0181464 0.0893815 -0.000403943 0.000986727 0.000326584 -0.000403943 0.0104341 -0.0188744 -0.000405237 0.000986727 -0.0188744 0.0911755 
0.00978829 -0.0181256 0.00032697 -0.00040427 -0.0181256 0.0893424 -0.000403119 0.00100359 0.00032697 -0.000403119 0.0104312 -0.0188788 -0.00040427 0.00100359 -0.0188788 0.0911622 
0.00978991 -0.0180754 0.000333517 -0.000421578 -0.0180754 0.0892227 -0.00042274 0.0010538 0.000333517 -0.00042274 0.0103806 -0.0188808 -0.000421578 0.0010538 -0.0188808 0.0911574 
0.00979166 -0.018109 0.000315698 -0.000406662 -0.018109 0.0892604 -0.000409703 0.0010312 0.000315698 -0.000409703 0.010355 -0.0187988 -0.000406662 0.0010312 -0.0187988 0.0910097 
0.00978613 -0.0181075 0.00032309 -0.000384296 -0.0181075 0.0892799 -0.000386109 0.000983222 0.00032309 -0.000386109 0.0103654 -0.0187791 -0.000384296 0.000983222 -0.0187791 0.0909269 
0.00976923 -0.0180879 0.000327486 -0.000398462 -0.0180879 0.0892318 -0.000398175 0.000984975 0.000327486 -0.000398175 0.0103656 -0.018788 -0.000398462 0.000984975 -0.018788 0.0909068 
0.00976206 -0.018061 0.000320599 -0.000401909 -0.018061 0.089163 -0.000402382 0.000997578 0.000320599 -0.000402382 0.0103465 -0.0187913 -0.000401909 0.000997578 -0.0187913 0.0909147 
0.00977711 -0.0180675 0.000302532 -0.000376915 -0.0180675 0.0891649 -0.000379235 0.000948191 0.000302532 -0.000379235 0.010332 -0.0187662 -0.000376915 0.000948191 -0.0187662 0.0908853 
0.00978451 -0.0180766 0.000285416 -0.000370568 -0.0180766 0.0891692 -0.000373348 0.000931686 0.000285416 -0.000373348 0.0103253 -0.0187514 -0.000370568 0.000931686 -0.0187514 0.0908496 
0.00979245 -0.0180875 0.000272172 -0.000333789 -0.0180875 0.0891919 -0.000337731 0.000855526 0.000272172 -0.000337731 0.0103241 -0.0187439 -0.000333789 0.000855526 -0.0187439 0.0908252 
0.00979951 -0.0180975 0.000275049 -0.000334835 -0.0180975 0.089214 -0.000337386 0.00083895 0.000275049 -0.000337386 0.0103301 -0.0187416 -0.000334835 0.00083895 -0.0187416 0.0908176 
0.00980093 -0.0180827 0.000274182 -0.000326478 -0.0180827 0.0891738 -0.000327373 0.000807461 0.000274182 -0.000327373 0.0103643 -0.0187826 -0.000326478 0.000807461 -0.0187826 0.090923 
0.00981499 -0.0181182 0.000295092 -0.000343464 -0.0181182 0.089248 -0.000342545 0.000839421 0.000295092 -0.000342545 0.0103961 -0.0188023 -0.000343464 0.000839421 -0.0188023 0.090977 
0.00983691 -0.0181184 0.000315343 -0.00037887 -0.0181184 0.0892618 -0.000379209 0.000921904 0.000315343 -0.000379209 0.0103982 -0.0188571 -0.00037887 0.000921904 -0.0188571 0.0910983 
0.00983988 -0.0181407 0.000307518 -0.0003918 -0.0181407 0.0892977 -0.000393109 0.000966683 0.000307518 -0.000393109 0.0103924 -0.0188662 -0.0003918 0.000966683 -0.0188662 0.0911697 
0.00982869 -0.0181552 0.000296819 -0.000376322 -0.0181552 0.0893564 -0.000375467 0.000949476 0.000296819 -0.000375467 0.0103898 -0.018854 -0.000376322 0.000949476 -0.018854 0.091165 
0.00981543 -0.0181633 0.000301842 -0.000368614 -0.0181633 0.0894162 -0.00036482 0.000923704 0.000301842 -0.00036482 0.0103879 -0.0188258 -0.000368614 0.000923704 -0.0188258 0.091084 
0.00979823 -0.018141 0.000308618 -0.000370321 -0.018141 0.0893939 -0.000366309 0.000909682 0.000308618 -0.000366309 0.0104007 -0.0188255 -0.000370321 0.000909682 -0.0188255 0.0910524 
0.00977082 -0.0180966 0.000313199 -0.00038115 -0.0180966 0.0892812 -0.000381329 0.00093161 0.000313199 -0.000381329 0.0104094 -0.0188483 -0.00038115 0.00093161 -0.0188483 0.0910793 
0.0097825 -0.0180605 0.000293379 -0.000373026 -0.0180605 0.0891763 -0.000375793 0.00091898 0.000293379 -0.000375793 0.0103983 -0.0188656 -0.000373026 0.00091898 -0.0188656 0.0911307 
0.00979876 -0.0181033 0.000275699 -0.000366507 -0.0181033 0.0892323 -0.000366106 0.00092063 0.000275699 -0.000366106 0.0104095 -0.0188362 -0.000366507 0.00092063 -0.0188362 0.0910941 
0.00979512 -0.0181408 0.000278576 -0.000341695 -0.0181408 0.089347 -0.000337371 0.00087471 0.000278576 -0.000337371 0.0104568 -0.0188494 -0.000341695 0.00087471 -0.0188494 0.0910957 
0.00979305 -0.0181201 0.000267682 -0.000346575 -0.0181201 0.0893395 -0.000339671 0.000853843 0.000267682 -0.000339671 0.0104831 -0.0189186 -0.000346575 0.000853843 -0.0189186 0.0912185 
0.00978768 -0.0181045 0.000293621 -0.000351101 -0.0181045 0.0892873 -0.000344972 0.000880513 0.000293621 -0.000344972 0.0104859 -0.0189566 -0.000351101 0.000880513 -0.0189566 0.0913417 
0.0097887 -0.0181052 0.000296238 -0.000362455 -0.0181052 0.0892746 -0.000359752 0.000889841 0.000296238 -0.000359752 0.0104872 -0.0189593 -0.000362455 0.000889841 -0.0189593 0.0913939 
0.00976954 -0.0180796 0.000285034 -0.00035528 -0.0180796 0.0892015 -0.000355827 0.000875176 0.000285034 -0.000355827 0.0104896 -0.0189741 -0.00035528 0.000875176 -0.0189741 0.0914386 
0.00977637 -0.0180706 0.000300275 -0.00034585 -0.0180706 0.0891764 -0.000349579 0.000863287 0.000300275 -0.000349579 0.0104959 -0.0189707 -0.00034585 0.000863287 -0.0189707 0.0914461 
0.00978536 -0.0180756 0.00030795 -0.000367588 -0.0180756 0.0891676 -0.00037263 0.000894731 0.00030795 -0.00037263 0.0104921 -0.0189789 -0.000367588 0.000894731 -0.0189789 0.0914584 
0.00981671 -0.018081 0.000299161 -0.000366089 -0.018081 0.08917 -0.000369659 0.000894783 0.000299161 -0.000369659 0.0104567 -0.0189771 -0.000366089 0.000894783 -0.0189771 0.0914623 
0.00983808 -0.01813 0.000292209 -0.000364224 -0.01813 0.0892611 -0.000368222 0.000900318 0.000292209 -0.000368222 0.0104168 -0.0189193 -0.000364224 0.000900318 -0.0189193 0.0913536 
0.00980836 -0.0181423 0.000292842 -0.000356728 -0.0181423 0.0893088 -0.000361653 0.000890241 0.000292842 -0.000361653 0.0103953 -0.0188692 -0.000356728 0.000890241 -0.0188692 0.0912148 
0.00977207 -0.0181211 0.000303538 -0.000371398 -0.0181211 0.089313 -0.00037478 0.000922034 0.000303538 -0.00037478 0.0104031 -0.01883 -0.000371398 0.000922034 -0.01883 0.0910872 
0.00975085 -0.0180578 0.000301935 -0.0003812 -0.0180578 0.0891843 -0.000384297 0.00094882 0.000301935 -0.000384297 0.0104093 -0.0188542 -0.0003812 0.00094882 -0.0188542 0.0910952 
0.00974488 -0.0180359 0.000305719 -0.000381524 -0.0180359 0.0890922 -0.000381079 0.000960633 0.000305719 -0.000381079 0.0103988 -0.0188479 -0.000381524 0.000960633 -0.0188479 0.0910802 
0.00975879 -0.0180355 0.000296587 -0.000370699 -0.0180355 0.0890669 -0.000367631 0.000926902 0.000296587 -0.000367631 0.0103693 -0.0188252 -0.000370699 0.000926902 -0.0188252 0.0910251 
0.00978535 -0.0180623 0.000270004 -0.000341989 -0.0180623 0.0891154 -0.000337643 0.000848128 0.000270004 -0.000337643 0.0103402 -0.0187867 -0.000341989 0.000848128 -0.0187867 0.0909413 
0.00979246 -0.0180933 0.000282329 -0.000334174 -0.0180933 0.0891902 -0.000332473 0.000834467 0.000282329 -0.000332473 0.0103256 -0.0187559 -0.000334174 0.000834467 -0.0187559 0.0908636 
0.00980202 -0.0180976 0.000277678 -0.000353493 -0.0180976 0.0892253 -0.000353066 0.000865082 0.000277678 -0.000353066 0.010307 -0.0187423 -0.000353493 0.000865082 -0.0187423 0.0908179 
0.00983233 -0.0181245 0.000273437 -0.000343999 -0.0181245 0.089297 -0.000341896 0.000862979 0.000273437 -0.000341896 0.010288 -0.0187099 -0.000343999 0.000862979 -0.0187099 0.090744 
0.00983616 -0.0181421 0.000286977 -0.00034244 -0.0181421 0.0893272 -0.000339566 0.000859124 0.000286977 -0.000339566 0.0102946 -0.0186954 -0.00034244 0.000859124 -0.0186954 0.0906982 
0.00982685 -0.01814 0.000291974 -0.00035673 -0.01814 0.0893223 -0.000356645 0.000878395 0.000291974 -0.000356645 0.010297 -0.0187028 -0.00035673 0.000878395 -0.0187028 0.0906928 
0.00980873 -0.0181427 0.00027925 -0.00036043 -0.0181427 0.0893384 -0.000362923 0.000897548 0.00027925 -0.000362923 0.0103186 -0.0187031 -0.00036043 0.000897548 -0.0187031 0.0906984 
0.00979339 -0.0181124 0.000273876 -0.000356826 -0.0181124 0.089289 -0.000359297 0.000912511 0.000273876 -0.000359297 0.0103527 -0.0187465 -0.000356826 0.000912511 -0.0187465 0.0907924 
0.00976931 -0.0180713 0.000270506 -0.000345314 -0.0180713 0.0891733 -0.000346977 0.000889553 0.000270506 -0.000346977 0.010371 -0.0187979 -0.000345314 0.000889553 -0.0187979 0.0909193 
0.00974314 -0.0180341 0.000288119 -0.000351626 -0.0180341 0.0890551 -0.000352357 0.000896867 0.000288119 -0.000352357 0.0103793 -0.0188278 -0.000351626 0.000896867 -0.0188278 0.0910327 
0.00974041 -0.0180142 0.000283587 -0.00035157 -0.0180142 0.0889927 -0.000352134 0.000874055 0.000283587 -0.000352134 0.0103656 -0.0188264 -0.00035157 0.000874055 -0.0188264 0.0910587 
0.0097477 -0.0180132 0.00026838 -0.000343656 -0.0180132 0.0889707 -0.000342798 0.00085297 0.00026838 -0.000342798 0.010337 -0.0188064 -0.000343656 0.00085297 -0.0188064 0.0910304 
0.00975153 -0.0180268 0.000259118 -0.00032809 -0.0180268 0.0889965 -0.000327302 0.0008235 0.000259118 -0.000327302 0.0103255 -0.0187653 -0.00032809 0.0008235 -0.0187653 0.0909432 
0.0097518 -0.0180462 0.000240285 -0.000300098 -0.0180462 0.0890588 -0.000301334 0.000751573 0.000240285 -0.000301334 0.010334 -0.0187439 -0.000300098 0.000751573 -0.0187439 0.090865 
0.00974704 -0.0180579 0.000242463 -0.000287099 -0.0180579 0.0891147 -0.000287301 0.000711095 0.000242463 -0.000287301 0.010345 -0.0187446 -0.000287099 0.000711095 -0.0187446 0.090826 
0.00975294 -0.0180556 0.000255268 -0.000304727 -0.0180556 0.0891387 -0.000302556 0.000737909 0.000255268 -0.000302556 0.0103634 -0.0187598 -0.000304727 0.000737909 -0.0187598 0.0908423 
0.00972202 -0.0180414 0.000262785 -0.000327592 -0.0180414 0.0890944 -0.000324248 0.000793156 0.000262785 -0.000324248 0.0103932 -0.0187898 -0.000327592 0.000793156 -0.0187898 0.0909009 
0.00971635 -0.0180064 0.000259332 -0.000321414 -0.0180064 0.0890293 -0.000316449 0.000791039 0.000259332 -0.000316449 0.0104045 -0.0188303 -0.000321414 0.000791039 -0.0188303 0.0909932 
0.00971967 -0.0179851 0.000254489 -0.000330627 -0.0179851 0.0889462 -0.000323616 0.000813782 0.000254489 -0.000323616 0.0104009 -0.0188524 -0.000330627 0.000813782 -0.0188524 0.0910762 
0.00972415 -0.0179919 0.000234339 -0.000318717 -0.0179919 0.0889295 -0.000310514 0.000795942 0.000234339 -0.000310514 0.0103909 -0.0188491 -0.000318717 0.000795942 -0.0188491 0.0911027 
0.00974219 -0.0179963 0.00023417 -0.000300685 -0.0179963 0.0889338 -0.000293052 0.000765982 0.00023417 -0.000293052 0.0103636 -0.0188283 -0.000300685 0.000765982 -0.0188283 0.0910596 
0.00974176 -0.0180138 0.00021966 -0.000287067 -0.0180138 0.0889547 -0.000283887 0.00071957 0.00021966 -0.000283887 0.0103538 -0.0187914 -0.000287067 0.00071957 -0.0187914 0.0909765 
0.00974643 -0.0180148 0.000224549 -0.000268384 -0.0180148 0.0889719 -0.000269476 0.000682177 0.000224549 -0.000269476 0.0103334 -0.0187762 -0.000268384 0.000682177 -0.0187762 0.0909101 
0.00973899 -0.0180055 0.000220689 -0.000273614 -0.0180055 0.0889422 -0.00027672 0.000674765 0.000220689 -0.00027672 0.0103024 -0.0187544 -0.000273614 0.000674765 -0.0187544 0.0908535 
0.00973353 -0.0180077 0.000216947 -0.000277818 -0.0180077 0.0889478 -0.00027971 0.000691246 0.000216947 -0.00027971 0.0102774 -0.0187036 -0.000277818 0.000691246 -0.0187036 0.0907382 
0.00975491 -0.0180108 0.000217967 -0.000277762 -0.0180108 0.0889684 -0.000276652 0.000700246 0.000217967 -0.000276652 0.010247 -0.0186662 -0.000277762 0.000700246 -0.0186662 0.0906269 
0.00975951 -0.018032 0.00019922 -0.000264225 -0.018032 0.0890025 -0.000261373 0.000660277 0.00019922 -0.000261373 0.0102433 -0.0186334 -0.000264225 0.000660277 -0.0186334 0.0905382 
0.00973872 -0.0180223 0.000202199 -0.00025077 -0.0180223 0.0889858 -0.000249836 0.000637726 0.000202199 -0.000249836 0.0102611 -0.0186388 -0.00025077 0.000637726 -0.0186388 0.090523 
0.00973868 -0.0180057 0.000204438 -0.00025108 -0.0180057 0.088964 -0.000252943 0.000631172 0.000204438 -0.000252943 0.0102715 -0.0186617 -0.00025108 0.000631172 -0.0186617 0.0905636 
0.00972097 -0.0180046 0.000203035 -0.000258705 -0.0180046 0.0889462 -0.000261658 0.000648065 0.000203035 -0.000261658 0.0102816 -0.0186681 -0.000258705 0.000648065 -0.0186681 0.0905838 
0.00970041 -0.0179885 0.000195887 -0.000266566 -0.0179885 0.0889226 -0.000266897 0.000678168 0.000195887 -0.000266897 0.0102806 -0.0186768 -0.000266566 0.000678168 -0.0186768 0.090604 
0.00968411 -0.0179518 0.000200786 -0.000252683 -0.0179518 0.088838 -0.000250788 0.000657177 0.000200786 -0.000250788 0.0102539 -0.0186759 -0.000252683 0.000657177 -0.0186759 0.0906094 
0.00967893 -0.017915 0.000205229 -0.000258973 -0.017915 0.0887253 -0.000257888 0.000655187 0.000205229 -0.000257888 0.0102075 -0.0186454 -0.000258973 0.000655187 -0.0186454 0.090563 
0.00968907 -0.0179312 0.000196342 -0.000248231 -0.0179312 0.0887324 -0.000250365 0.000629707 0.000196342 -0.000250365 0.0101787 -0.0185695 -0.000248231 0.000629707 -0.0185695 0.090407 
0.00970203 -0.0179328 0.000198981 -0.000254737 -0.0179328 0.0887316 -0.000259611 0.000650254 0.000198981 -0.000259611 0.010157 -0.0185362 -0.000254737 0.000650254 -0.0185362 0.0902866 
0.00971765 -0.0179508 0.000207562 -0.000251597 -0.0179508 0.0887581 -0.000258813 0.000652781 0.000207562 -0.000258813 0.0101513 -0.0185079 -0.000251597 0.000652781 -0.0185079 0.0902015 
0.00969568 -0.0179303 0.00019587 -0.000248199 -0.0179303 0.0886938 -0.000255829 0.000630677 0.00019587 -0.000255829 0.0101608 -0.0185291 -0.000248199 0.000630677 -0.0185291 0.0902277 
0.00967707 -0.0179084 0.00017638 -0.000224422 -0.0179084 0.0886395 -0.00022767 0.000570355 0.00017638 -0.00022767 0.0101668 -0.0185379 -0.000224422 0.000570355 -0.0185379 0.0902551 
0.00968494 -0.0179131 0.000159858 -0.00021 -0.0179131 0.0886514 -0.000207067 0.000524409 0.000159858 -0.000207067 0.0101499 -0.01852 -0.00021 0.000524409 -0.01852 0.0902137 
0.00967136 -0.0179107 0.000173573 -0.000219534 -0.0179107 0.0886395 -0.000213238 0.000550234 0.000173573 -0.000213238 0.0101464 -0.0185051 -0.000219534 0.000550234 -0.0185051 0.0901793 
0.00965707 -0.017882 0.000187373 -0.000232055 -0.017882 0.0885775 -0.000225827 0.000576143 0.000187373 -0.000225827 0.0101331 -0.0185038 -0.000232055 0.000576143 -0.0185038 0.0901621 
0.00967255 -0.0178751 0.000181017 -0.000245378 -0.0178751 0.0885535 -0.000239409 0.000610039 0.000181017 -0.000239409 0.0100948 -0.0184726 -0.000245378 0.000610039 -0.0184726 0.0900899 
0.00968495 -0.0179106 0.000168016 -0.000227546 -0.0179106 0.0886194 -0.000223143 0.000588161 0.000168016 -0.000223143 0.0100587 -0.0184041 -0.000227546 0.000588161 -0.0184041 0.0899251 
0.00968386 -0.0179137 0.000147152 -0.000206195 -0.0179137 0.0886437 -0.000200865 0.000533853 0.000147152 -0.000200865 0.0100428 -0.0183679 -0.000206195 0.000533853 -0.0183679 0.0898094 
0.00967031 -0.0179183 0.00014478 -0.000192471 -0.0179183 0.088664 -0.000186327 0.000500079 0.00014478 -0.000186327 0.0100503 -0.0183408 -0.000192471 0.000500079 -0.0183408 0.0897181 
0.00965968 -0.0178901 0.000149099 -0.00018204 -0.0178901 0.088612 -0.000179156 0.000466242 0.000149099 -0.000179156 0.0100772 -0.0183634 -0.00018204 0.000466242 -0.0183634 0.0897401 
0.00965248 -0.0178592 0.000159579 -0.000197842 -0.0178592 0.0885153 -0.000198535 0.000496417 0.000159579 -0.000198535 0.010092 -0.01841 -0.000197842 0.000496417 -0.01841 0.0898415 
0.00966996 -0.0178578 0.000145832 -0.000186915 -0.0178578 0.0884842 -0.000189679 0.000471408 0.000145832 -0.000189679 0.010082 -0.0184318 -0.000186915 0.000471408 -0.0184318 0.0899291 
0.00967816 -0.0178939 0.000149752 -0.000192354 -0.0178939 0.0885501 -0.000193351 0.000491544 0.000149752 -0.000193351 0.0100755 -0.018411 -0.000192354 0.000491544 -0.018411 0.0899217 
0.00967922 -0.0178815 0.000157364 -0.0001938 -0.0178815 0.08854 -0.000191275 0.000495914 0.000157364 -0.000191275 0.0100854 -0.018431 -0.0001938 0.000495914 -0.018431 0.0899784 
0.00967911 -0.017919 0.000149943 -0.000188333 -0.017919 0.0886325 -0.000185965 0.000472054 0.000149943 -0.000185965 0.0100968 -0.0184146 -0.000188333 0.000472054 -0.0184146 0.0899469 
0.00967467 -0.0179179 0.000143893 -0.000183111 -0.0179179 0.0886693 -0.000183455 0.000461155 0.000143893 -0.000183455 0.010101 -0.0184278 -0.000183111 0.000461155 -0.0184278 0.0899486 
0.00966596 -0.0178983 0.000160026 -0.000183942 -0.0178983 0.0886341 -0.000187277 0.000472266 0.000160026 -0.000187277 0.0101173 -0.0184494 -0.000183942 0.000472266 -0.0184494 0.0900089 
0.0096616 -0.0178924 0.000185322 -0.000214232 -0.0178924 0.0886152 -0.000218351 0.000534637 0.000185322 -0.000218351 0.01013 -0.018463 -0.000214232 0.000534637 -0.018463 0.0900447 
0.00967857 -0.0179107 0.000192899 -0.000231028 -0.0179107 0.0886661 -0.000234551 0.00057367 0.000192899 -0.000234551 0.0101543 -0.0184733 -0.000231028 0.00057367 -0.0184733 0.0900753 
0.00966043 -0.0179033 0.000216359 -0.000258487 -0.0179033 0.0886404 -0.000260584 0.000647705 0.000216359 -0.000260584 0.0101784 -0.0185208 -0.000258487 0.000647705 -0.0185208 0.0901725 
0.00964036 -0.0178926 0.000206659 -0.000263861 -0.0178926 0.0886293 -0.000265214 0.000658234 0.000206659 -0.000265214 0.0102039 -0.0185498 -0.000263861 0.000658234 -0.0185498 0.090263 
0.00965223 -0.0178541 0.000201826 -0.000239168 -0.0178541 0.0885472 -0.000241673 0.000611282 0.000201826 -0.000241673 0.0102029 -0.0185967 -0.000239168 0.000611282 -0.0185967 0.0903892 
0.00966841 -0.0178747 0.000193412 -0.000229901 -0.0178747 0.0885488 -0.000235862 0.000574398 0.000193412 -0.000235862 0.0102057 -0.0185955 -0.000229901 0.000574398 -0.0185955 0.090441 
0.0096821 -0.0179033 0.00018499 -0.000244969 -0.0179033 0.0886121 -0.000250862 0.000613224 0.00018499 -0.000250862 0.0101928 -0.0185855 -0.000244969 0.000613224 -0.0185855 0.0904175 
0.00968488 -0.0179347 0.000190335 -0.00024066 -0.0179347 0.0887082 -0.00024149 0.000626789 0.000190335 -0.00024149 0.0102013 -0.0185658 -0.00024066 0.000626789 -0.0185658 0.0903745 
0.0096972 -0.017943 0.00019801 -0.000249882 -0.017943 0.0887656 -0.000246302 0.000637713 0.00019801 -0.000246302 0.0102045 -0.0185732 -0.000249882 0.000637713 -0.0185732 0.0903626 
0.0096805 -0.017955 0.000179183 -0.000236458 -0.017955 0.0887969 -0.000231195 0.000593949 0.000179183 -0.000231195 0.0102286 -0.0185767 -0.000236458 0.000593949 -0.0185767 0.0903637 
0.00966297 -0.0179298 0.000159955 -0.000220204 -0.0179298 0.088766 -0.000218213 0.000562256 0.000159955 -0.000218213 0.0102429 -0.0186052 -0.000220204 0.000562256 -0.0186052 0.0904014 
0.00963803 -0.0178993 0.000148744 -0.000200191 -0.0178993 0.0886877 -0.000199964 0.000521502 0.000148744 -0.000199964 0.0102488 -0.0186269 -0.000200191 0.000521502 -0.0186269 0.0904591 
0.00964084 -0.0178697 0.000142199 -0.000186296 -0.0178697 0.0886154 -0.00018512 0.000481715 0.000142199 -0.00018512 0.0102583 -0.0186447 -0.000186296 0.000481715 -0.0186447 0.0905266 
0.00965572 -0.017889 0.00013509 -0.000171002 -0.017889 0.0886294 -0.000168115 0.000430677 0.00013509 -0.000168115 0.0102733 -0.0186413 -0.000171002 0.000430677 -0.0186413 0.0905295 
0.00965455 -0.0178971 0.000141888 -0.000178757 -0.0178971 0.0886445 -0.00017312 0.000439092 0.000141888 -0.00017312 0.0102879 -0.0186663 -0.000178757 0.000439092 -0.0186663 0.0905675 
0.00967451 -0.0179298 0.000158105 -0.000191018 -0.0179298 0.088742 -0.00018444 0.000467177 0.000158105 -0.00018444 0.010265 -0.0186559 -0.000191018 0.000467177 -0.0186559 0.0905372 
0.00968364 -0.0179577 0.000155034 -0.000189083 -0.0179577 0.0888303 -0.000184176 0.000455015 0.000155034 -0.000184176 0.0102595 -0.018633 -0.000189083 0.000455015 -0.018633 0.090497 
0.00969529 -0.0179441 0.000154834 -0.000191025 -0.0179441 0.088814 -0.00018826 0.000463319 0.000154834 -0.00018826 0.0102318 -0.0186355 -0.000191025 0.000463319 -0.0186355 0.090485 
0.0097198 -0.01794 0.000152022 -0.000194577 -0.01794 0.0887767 -0.000193982 0.000478994 0.000152022 -0.000193982 0.0102039 -0.0186157 -0.000194577 0.000478994 -0.0186157 0.0904685 
0.00971926 -0.0179308 0.000138507 -0.000174512 -0.0179308 0.088701 -0.000176294 0.000437145 0.000138507 -0.000176294 0.0101993 -0.0186096 -0.000174512 0.000437145 -0.0186096 0.090476 
0.00972969 -0.0179579 0.000139322 -0.000173028 -0.0179579 0.0887472 -0.00017679 0.00043718 0.000139322 -0.00017679 0.0101959 -0.0185843 -0.000173028 0.00043718 -0.0185843 0.0904195 
0.00970793 -0.0179695 0.000154536 -0.000181018 -0.0179695 0.0887858 -0.000187121 0.000461015 0.000154536 -0.000187121 0.0101966 -0.0185718 -0.000181018 0.000461015 -0.0185718 0.0903595 
0.00970556 -0.0179719 0.00016261 -0.000199659 -0.0179719 0.08884 -0.00020558 0.000501948 0.00016261 -0.00020558 0.0101805 -0.018551 -0.000199659 0.000501948 -0.018551 0.0902852 
0.00970744 -0.0179754 0.000171275 -0.000205928 -0.0179754 0.0888682 -0.00020757 0.00052004 0.000171275 -0.00020757 0.0101657 -0.0185226 -0.000205928 0.00052004 -0.0185226 0.0902048 
0.00969521 -0.0179623 0.000155185 -0.000205141 -0.0179623 0.0888439 -0.000204337 0.000506627 0.000155185 -0.000204337 0.0101807 -0.0185231 -0.000205141 0.000506627 -0.0185231 0.0901975 
0.00966487 -0.0179378 0.000146374 -0.000200578 -0.0179378 0.0887821 -0.000200646 0.000515254 0.000146374 -0.000200646 0.0102126 -0.0185425 -0.000200578 0.000515254 -0.0185425 0.0902251 
0.00965739 -0.017909 0.000132505 -0.000178888 -0.017909 0.0887189 -0.000180296 0.00047107 0.000132505 -0.000180296 0.0102137 -0.0185683 -0.000178888 0.00047107 -0.0185683 0.0902611 
0.0096601 -0.0178897 0.000133138 -0.000174681 -0.0178897 0.0886485 -0.000172896 0.000453724 0.000133138 -0.000172896 0.0102086 -0.0185846 -0.000174681 0.000453724 -0.0185846 0.0903293 
0.00964987 -0.0178779 0.000141036 -0.000180894 -0.0178779 0.0885855 -0.00017502 0.00045697 0.000141036 -0.00017502 0.0102063 -0.0185899 -0.000180894 0.00045697 -0.0185899 0.0903747 
0.00965313 -0.0178714 0.000155096 -0.00019046 -0.0178714 0.0885624 -0.000184834 0.00047567 0.000155096 -0.000184834 0.010212 -0.0185919 -0.00019046 0.00047567 -0.0185919 0.0904062 
0.00965784 -0.0178815 0.000168037 -0.00019661 -0.0178815 0.0885776 -0.0001936 0.000485941 0.000168037 -0.0001936 0.0102233 -0.0185983 -0.00019661 0.000485941 -0.0185983 0.0904276 
0.00968329 -0.0179124 0.000173205 -0.000207276 -0.0179124 0.0886611 -0.000204634 0.000503501 0.000173205 -0.000204634 0.0102039 -0.0185891 -0.000207276 0.000503501 -0.0185891 0.0903949 
0.00970293 -0.0179385 0.0001681 -0.000205906 -0.0179385 0.0887335 -0.000202015 0.000502768 0.0001681 -0.000202015 0.0102044 -0.0185802 -0.000205906 0.000502768 -0.0185802 0.0903905 
0.00970752 -0.0179516 0.000150627 -0.000212223 -0.0179516 0.0887703 -0.000208283 0.000524703 0.000150627 -0.000208283 0.0102108 -0.0185911 -0.000212223 0.000524703 -0.0185911 0.0904134 
0.00970977 -0.0179566 0.000138375 -0.00018986 -0.0179566 0.0887935 -0.000190579 0.000499864 0.000138375 -0.000190579 0.0102212 -0.018605 -0.00018986 0.000499864 -0.018605 0.0904549 
0.00969729 -0.0179512 0.000128643 -0.000163923 -0.0179512 0.0887817 -0.000169362 0.000440985 0.000128643 -0.000169362 0.0102416 -0.0186233 -0.000163923 0.000440985 -0.0186233 0.0905036 
0.00969479 -0.0179484 0.000129982 -0.000140616 -0.0179484 0.0887861 -0.000146057 0.000369198 0.000129982 -0.000146057 0.010256 -0.0186408 -0.000140616 0.000369198 -0.0186408 0.0905429 
0.00968728 -0.0179369 0.00013981 -0.000162385 -0.0179369 0.0887606 -0.000166313 0.000395497 0.00013981 -0.000166313 0.0102649 -0.0186651 -0.000162385 0.000395497 -0.0186651 0.090601 
0.00969009 -0.0179478 0.000158385 -0.000183219 -0.0179478 0.0887923 -0.000186581 0.000452492 0.000158385 -0.000186581 0.0102663 -0.0186595 -0.000183219 0.000452492 -0.0186595 0.0905961 
0.009675 -0.0179589 0.000182085 -0.000206081 -0.0179589 0.0888307 -0.000208597 0.000510485 0.000182085 -0.000208597 0.0102829 -0.0186482 -0.000206081 0.000510485 -0.0186482 0.0905545 
