0.00690164 0 -7.9881e-05 0 0 0.01 0 0 -7.9881e-05 0 0.00780937 0 0 0 0 0.01 
0.00983408 -0.0122177 -8.63033e-05 0.000106286 -0.0122177 0.0326008 0.000106286 -0.000204106 -8.63033e-05 0.000106286 0.010904 -0.0135367 0.000106286 -0.000204106 -0.0135367 0.03513 
0.00996552 -0.0187518 -7.55563e-05 0.000130603 -0.0187518 0.0691359 0.000130603 -0.000415105 -7.55563e-05 0.000130603 0.0108285 -0.0202031 0.000130603 -0.000415105 -0.0202031 0.0737571 
0.00939978 -0.0185532 -7.63623e-05 8.15052e-05 -0.0185532 0.0835567 7.71655e-05 -0.000277115 -7.63623e-05 7.71655e-05 0.0101968 -0.0196301 8.15052e-05 -0.000277115 -0.0196301 0.0872883 
0.00934873 -0.0178831 -7.76872e-05 8.35385e-05 -0.0178831 0.087129 8.00597e-05 -0.000172075 -7.76872e-05 8.00597e-05 0.0101942 -0.0188266 8.35385e-05 -0.000172075 -0.0188266 0.0896565 
0.00948242 -0.0177453 -9.43686e-05 9.73148e-05 -0.0177453 0.0880751 9.60508e-05 -0.000188773 -9.43686e-05 9.60508e-05 0.0103822 -0.0187543 9.73148e-05 -0.000188773 -0.0187543 0.0903264 
0.00956813 -0.0177858 -0.000109033 0.000130242 -0.0177858 0.088406 0.000130246 -0.000279176 -0.000109033 0.000130246 0.0105279 -0.0189188 0.000130242 -0.000279176 -0.0189188 0.0909654 
0.00962396 -0.0178323 -0.000109538 0.000144216 -0.0178323 0.0885386 0.000145915 -0.00034377 -0.000109538 0.000145915 0.0105674 -0.0190235 0.000144216 -0.00034377 -0.0190235 0.0913729 
0.00963368 -0.0178472 -8.95624e-05 0.000144163 -0.0178472 0.0885263 0.00014688 -0.000370262 -8.95624e-05 0.00014688 0.0105669 -0.0190475 0.000144163 -0.000370262 -0.0190475 0.0915279 
0.00966632 -0.017855 -8.82377e-05 0.000114974 -0.017855 0.0885155 0.000115288 -0.000325148 -8.82377e-05 0.000115288 0.0105376 -0.0190446 0.000114974 -0.000325148 -0.0190446 0.0915601 
0.00967047 -0.0178887 -8.62958e-05 0.000102566 -0.0178887 0.0885522 9.87602e-05 -0.00026244 -8.62958e-05 9.87602e-05 0.0105312 -0.0190178 0.000102566 -0.00026244 -0.0190178 0.0915259 
0.00967494 -0.0179302 -8.32068e-05 0.000109278 -0.0179302 0.0886816 0.000101166 -0.000255541 -8.32068e-05 0.000101166 0.0105239 -0.0189904 0.000109278 -0.000255541 -0.0189904 0.09144 
0.00968015 -0.0179559 -7.43492e-05 9.54534e-05 -0.0179559 0.0888005 8.71724e-05 -0.000222636 -7.43492e-05 8.71724e-05 0.0105178 -0.0189759 9.54534e-05 -0.000222636 -0.0189759 0.0913802 
0.00967124 -0.017956 -7.20376e-05 9.41418e-05 -0.017956 0.088841 9.03108e-05 -0.00022361 -7.20376e-05 9.03108e-05 0.0105173 -0.0189782 9.41418e-05 -0.00022361 -0.0189782 0.0913759 
0.00965774 -0.0179306 -5.08097e-05 7.81461e-05 -0.0179306 0.0888034 7.80122e-05 -0.000191362 -5.08097e-05 7.80122e-05 0.0105156 -0.0189901 7.81461e-05 -0.000191362 -0.0189901 0.091408 
0.00966258 -0.0179219 -5.02526e-05 5.46048e-05 -0.0179219 0.088785 5.54173e-05 -0.000147578 -5.02526e-05 5.54173e-05 0.0105284 -0.0189954 5.46048e-05 -0.000147578 -0.0189954 0.0914463 
0.00965358 -0.0179409 -5.11586e-05 6.9884e-05 -0.0179409 0.0888178 7.33924e-05 -0.000170394 -5.11586e-05 7.33924e-05 0.0105305 -0.0189897 6.9884e-05 -0.000170394 -0.0189897 0.0914241 
0.00965025 -0.0179485 -5.96264e-05 7.35768e-05 -0.0179485 0.0888709 7.80089e-05 -0.000195662 -5.96264e-05 7.80089e-05 0.0105244 -0.018986 7.35768e-05 -0.000195662 -0.018986 0.0914081 
0.00966023 -0.0179464 -8.57629e-05 8.53906e-05 -0.0179464 0.0888875 8.7154e-05 -0.000222066 -8.57629e-05 8.7154e-05 0.0105125 -0.0189795 8.53906e-05 -0.000222066 -0.0189795 0.0913988 
0.00965625 -0.0179389 -9.39776e-05 0.000113289 -0.0179389 0.0888594 0.000111405 -0.000267888 -9.39776e-05 0.000111405 0.0105076 -0.0189766 0.000113289 -0.000267888 -0.0189766 0.0914018 
0.00965902 -0.0179181 -9.45786e-05 0.000117957 -0.0179181 0.0887979 0.000115763 -0.000291256 -9.45786e-05 0.000115763 0.0104874 -0.0189752 0.000117957 -0.000291256 -0.0189752 0.0914008 
0.00966417 -0.0179143 -0.000115049 0.000112519 -0.0179143 0.0887574 0.000110298 -0.000279984 -0.000115049 0.000110298 0.010451 -0.0189465 0.000112519 -0.000279984 -0.0189465 0.0913475 
0.0096646 -0.0179208 -0.000122109 0.000146509 -0.0179208 0.0887526 0.000144582 -0.000334093 -0.000122109 0.000144582 0.0104178 -0.0188952 0.000146509 -0.000334093 -0.0188952 0.0912346 
0.0096852 -0.0179523 -0.000118321 0.000151573 -0.0179523 0.088837 0.000151628 -0.000370614 -0.000118321 0.000151628 0.0103785 -0.0188248 0.000151573 -0.000370614 -0.0188248 0.091043 
0.00967785 -0.0179489 -0.000110299 0.000141218 -0.0179489 0.0888339 0.000142783 -0.000361685 -0.000110299 0.000142783 0.0103688 -0.0188002 0.000141218 -0.000361685 -0.0188002 0.0909553 
0.00967186 -0.0179263 -0.000105029 0.000139191 -0.0179263 0.0887802 0.000140482 -0.00036112 -0.000105029 0.000140482 0.0103652 -0.0188 0.000139191 -0.00036112 -0.0188 0.0909414 
0.0097051 -0.0179173 -0.000109188 0.000122839 -0.0179173 0.0887383 0.00012558 -0.000326572 -0.000109188 0.00012558 0.0103309 -0.0187997 0.000122839 -0.000326572 -0.0187997 0.0909485 
0.00970019 -0.0179631 -0.000108963 0.000124752 -0.0179631 0.0888005 0.000129076 -0.000313303 -0.000108963 0.000129076 0.0103301 -0.0187561 0.000124752 -0.000313303 -0.0187561 0.0908842 
0.00967672 -0.0179591 -0.000103677 0.000113194 -0.0179591 0.0888333 0.000120108 -0.000281585 -0.000103677 0.000120108 0.0103684 -0.018757 0.000113194 -0.000281585 -0.018757 0.0908563 
0.00966064 -0.0179314 -0.000110322 0.000134283 -0.0179314 0.0887934 0.000141928 -0.000332106 -0.000110322 0.000141928 0.0104018 -0.0187977 0.000134283 -0.000332106 -0.0187977 0.0909065 
0.00967091 -0.0179321 -0.000119487 0.000127307 -0.0179321 0.0887959 0.000131796 -0.00032383 -0.000119487 0.000131796 0.0104172 -0.0188243 0.000127307 -0.00032383 -0.0188243 0.0909605 
0.00968856 -0.0179493 -0.000111528 0.000137741 -0.0179493 0.0888293 0.000139053 -0.000327236 -0.000111528 0.000139053 0.0104343 -0.0188513 0.000137741 -0.000327236 -0.0188513 0.0910381 
0.00968491 -0.0179641 -0.000131064 0.000145295 -0.0179641 0.0888609 0.000145607 -0.000361263 -0.000131064 0.000145607 0.0104675 -0.0188876 0.000145295 -0.000361263 -0.0188876 0.0911446 
0.00970371 -0.0179568 -0.000129988 0.00016925 -0.0179568 0.0888633 0.000169069 -0.00040849 -0.000129988 0.000169069 0.0104613 -0.018934 0.00016925 -0.00040849 -0.018934 0.0912632 
0.00969686 -0.0179657 -0.000136025 0.000158147 -0.0179657 0.0888602 0.000156661 -0.000402059 -0.000136025 0.000156661 0.010455 -0.0189351 0.000158147 -0.000402059 -0.0189351 0.091321 
0.00968907 -0.0179637 -0.000144404 0.000161633 -0.0179637 0.0888667 0.000161086 -0.000397436 -0.000144404 0.000161086 0.0104337 -0.018915 0.000161633 -0.000397436 -0.018915 0.0912872 
0.00968957 -0.0179558 -0.000165286 0.000180415 -0.0179558 0.0888569 0.000179975 -0.000436052 -0.000165286 0.000179975 0.0104113 -0.0188869 0.000180415 -0.000436052 -0.0188869 0.0912264 
0.00970253 -0.0179614 -0.000170576 0.000214989 -0.0179614 0.0888694 0.000214487 -0.000516466 -0.000170576 0.000214487 0.0104074 -0.0188627 0.000214989 -0.000516466 -0.0188627 0.0911716 
0.00969646 -0.0179767 -0.000162712 0.000219428 -0.0179767 0.0888973 0.000220495 -0.000558368 -0.000162712 0.000220495 0.0104179 -0.0188526 0.000219428 -0.000558368 -0.0188526 0.0911227 
0.00972561 -0.0179789 -0.000170432 0.00020602 -0.0179789 0.0889251 0.000209037 -0.000546555 -0.000170432 0.000209037 0.0104008 -0.0188608 0.00020602 -0.000546555 -0.0188608 0.0911153 
0.00975874 -0.0180079 -0.000187523 0.000214525 -0.0180079 0.0889693 0.000218219 -0.000550303 -0.000187523 0.000218219 0.010373 -0.0188445 0.000214525 -0.000550303 -0.0188445 0.0910963 
0.00975841 -0.0180472 -0.000188082 0.000228624 -0.0180472 0.0890545 0.000232941 -0.000569137 -0.000188082 0.000232941 0.0103696 -0.0188087 0.000228624 -0.000569137 -0.0188087 0.0910223 
0.00974805 -0.0180385 -0.000176628 0.000225 -0.0180385 0.0890685 0.000228683 -0.000564275 -0.000176628 0.000228683 0.0103546 -0.0188051 0.000225 -0.000564275 -0.0188051 0.0909802 
0.00972902 -0.018031 -0.00015959 0.000215369 -0.018031 0.0890583 0.000215829 -0.000545793 -0.00015959 0.000215829 0.0103254 -0.0187689 0.000215369 -0.000545793 -0.0187689 0.0908864 
0.00967943 -0.0179897 -0.000155949 0.000191959 -0.0179897 0.0889702 0.00019275 -0.000498258 -0.000155949 0.00019275 0.0103419 -0.0187479 0.000191959 -0.000498258 -0.0187479 0.0908325 
0.00966799 -0.0179574 -0.000172438 0.000198619 -0.0179574 0.0889132 0.000201814 -0.000504432 -0.000172438 0.000201814 0.0103409 -0.0187414 0.000198619 -0.000504432 -0.0187414 0.0907753 
0.00965111 -0.0179298 -0.000180801 0.00021315 -0.0179298 0.0888237 0.000216753 -0.000525855 -0.000180801 0.000216753 0.010344 -0.0187475 0.00021315 -0.000525855 -0.0187475 0.090778 
0.00965931 -0.0178961 -0.000174267 0.000228014 -0.0178961 0.0887191 0.000228025 -0.000560525 -0.000174267 0.000228025 0.010315 -0.0187536 0.000228014 -0.000560525 -0.0187536 0.0907924 
0.00965732 -0.0179108 -0.000171175 0.000215285 -0.0179108 0.088704 0.000213255 -0.000547992 -0.000171175 0.000213255 0.0103038 -0.0187127 0.000215285 -0.000547992 -0.0187127 0.090732 
0.00965016 -0.017908 -0.00014909 0.000206705 -0.017908 0.0887 0.000203774 -0.00051795 -0.00014909 0.000203774 0.0102962 -0.0186898 0.000206705 -0.00051795 -0.0186898 0.09065 
0.0096405 -0.0178837 -0.00014071 0.000194672 -0.0178837 0.0886435 0.000192555 -0.000508273 -0.00014071 0.000192555 0.010294 -0.0186928 0.000194672 -0.000508273 -0.0186928 0.0906398 
0.00964558 -0.0178667 -0.000141482 0.000178851 -0.0178667 0.0885857 0.000178192 -0.000471714 -0.000141482 0.000178192 0.0102812 -0.018695 0.000178851 -0.000471714 -0.018695 0.0906499 
0.00967038 -0.0178714 -0.000143491 0.000177196 -0.0178714 0.0885654 0.000176884 -0.000452771 -0.000143491 0.000176884 0.0102365 -0.0186734 0.000177196 -0.000452771 -0.0186734 0.0906115 
0.00967814 -0.0178993 -0.000147362 0.000167033 -0.0178993 0.0886051 0.000168623 -0.000421177 -0.000147362 0.000168623 0.0102074 -0.0186197 0.000167033 -0.000421177 -0.0186197 0.09051 
0.00969924 -0.0179258 -0.000151518 0.000178359 -0.0179258 0.0886884 0.000180011 -0.000431367 -0.000151518 0.000180011 0.0101822 -0.0185716 0.000178359 -0.000431367 -0.0185716 0.0903797 
0.0096983 -0.0179485 -0.000146774 0.000185665 -0.0179485 0.0887515 0.000183921 -0.000446705 -0.000146774 0.000183921 0.010187 -0.0185479 0.000185665 -0.000446705 -0.0185479 0.0903051 
0.00966636 -0.0179428 -0.000133994 0.000194047 -0.0179428 0.0887618 0.000189258 -0.000477826 -0.000133994 0.000189258 0.0102181 -0.0185566 0.000194047 -0.000477826 -0.0185566 0.0902958 
0.00964761 -0.0179178 -0.000129215 0.000178208 -0.0179178 0.0887389 0.000172491 -0.000463996 -0.000129215 0.000172491 0.0102442 -0.0185889 0.000178208 -0.000463996 -0.0185889 0.0903466 
0.00965868 -0.0178828 -0.000118357 0.00016071 -0.0178828 0.0886523 0.000154688 -0.000413586 -0.000118357 0.000154688 0.0102459 -0.0186378 0.00016071 -0.000413586 -0.0186378 0.0904743 
0.00968316 -0.0179027 -0.000117218 0.000157464 -0.0179027 0.0886536 0.000153698 -0.000402578 -0.000117218 0.000153698 0.0102355 -0.0186362 0.000157464 -0.000402578 -0.0186362 0.0905223 
0.00967858 -0.0179236 -0.000124092 0.000160926 -0.0179236 0.0886833 0.000157374 -0.000410425 -0.000124092 0.000157374 0.0102268 -0.0186206 0.000160926 -0.000410425 -0.0186206 0.0904978 
0.00968551 -0.017933 -0.000123079 0.000156233 -0.017933 0.0887352 0.00015505 -0.000395959 -0.000123079 0.00015505 0.0102257 -0.0186019 0.000156233 -0.000395959 -0.0186019 0.0904475 
0.00968559 -0.0179151 -0.000122865 0.000155688 -0.0179151 0.0886931 0.000158839 -0.000397531 -0.000122865 0.000158839 0.0102254 -0.0186158 0.000155688 -0.000397531 -0.0186158 0.0904616 
0.00966726 -0.0178944 -0.000109757 0.000145362 -0.0178944 0.0886148 0.000150932 -0.000373059 -0.000109757 0.000150932 0.0102092 -0.0186191 0.000145362 -0.000373059 -0.0186191 0.0904706 
0.00967265 -0.017874 -0.000108997 0.000132755 -0.017874 0.0885596 0.00013962 -0.000349547 -0.000108997 0.00013962 0.0101728 -0.0185961 0.000132755 -0.000349547 -0.0185961 0.0904325 
0.00965882 -0.017912 -0.000122367 0.000137488 -0.017912 0.0886344 0.000145516 -0.000355323 -0.000122367 0.000145516 0.0101682 -0.0185268 0.000137488 -0.000355323 -0.0185268 0.0902824 
0.00964558 -0.0179101 -0.00011863 0.000158643 -0.0179101 0.0886858 0.000164467 -0.00039369 -0.00011863 0.000164467 0.0101801 -0.0185073 0.000158643 -0.00039369 -0.0185073 0.0901718 
0.00963925 -0.0178743 -0.000106924 0.000145479 -0.0178743 0.0886202 0.000145254 -0.000375308 -0.000106924 0.000145254 0.0101829 -0.0185333 0.000145479 -0.000375308 -0.0185333 0.0901862 
0.00965149 -0.0178705 -9.58412e-05 0.000131798 -0.0178705 0.0885852 0.00012584 -0.000334979 -9.58412e-05 0.00012584 0.010164 -0.0185296 0.000131798 -0.000334979 -0.0185296 0.0901865 
0.00966002 -0.0178945 -7.10627e-05 0.00010668 -0.0178945 0.0886236 9.74721e-05 -0.000262331 -7.10627e-05 9.74721e-05 0.0101619 -0.0185064 0.00010668 -0.000262331 -0.0185064 0.0901536 
0.00962924 -0.017892 -6.69532e-05 8.26091e-05 -0.017892 0.0886249 7.28233e-05 -0.000201664 -6.69532e-05 7.28233e-05 0.0101827 -0.0185067 8.26091e-05 -0.000201664 -0.0185067 0.0901344 
0.00961389 -0.0178463 -7.1362e-05 8.02402e-05 -0.0178463 0.0885423 7.15019e-05 -0.000177696 -7.1362e-05 7.15019e-05 0.0101852 -0.0185415 8.02402e-05 -0.000177696 -0.0185415 0.0901974 
0.00961206 -0.0178233 -6.18316e-05 8.05278e-05 -0.0178233 0.0884588 7.68055e-05 -0.000173207 -6.18316e-05 7.68055e-05 0.0101636 -0.0185404 8.05278e-05 -0.000173207 -0.0185404 0.0902214 
0.00961241 -0.0178062 -5.51065e-05 7.5387e-05 -0.0178062 0.0883855 7.59032e-05 -0.000180732 -5.51065e-05 7.59032e-05 0.0101625 -0.0185339 7.5387e-05 -0.000180732 -0.0185339 0.0902476 
0.00960882 -0.0178136 -7.4536e-05 7.27995e-05 -0.0178136 0.0883793 7.31793e-05 -0.000187913 -7.4536e-05 7.31793e-05 0.0101833 -0.0185274 7.27995e-05 -0.000187913 -0.0185274 0.0902378 
0.00961849 -0.0178329 -9.03939e-05 0.000102992 -0.0178329 0.0884377 0.000104098 -0.000243855 -9.03939e-05 0.000104098 0.010201 -0.0185391 0.000102992 -0.000243855 -0.0185391 0.0902392 
0.00962284 -0.0178298 -9.56183e-05 0.000125453 -0.0178298 0.0884387 0.000129916 -0.000315604 -9.56183e-05 0.000129916 0.0102109 -0.0185735 0.000125453 -0.000315604 -0.0185735 0.0903084 
0.00961958 -0.0178332 -9.85728e-05 0.000130241 -0.0178332 0.0884401 0.000136941 -0.000350833 -9.85728e-05 0.000136941 0.0102266 -0.0185917 0.000130241 -0.000350833 -0.0185917 0.0903759 
0.00964307 -0.0178369 -7.7412e-05 0.000113717 -0.0178369 0.0884587 0.000118277 -0.000312339 -7.7412e-05 0.000118277 0.010231 -0.018614 0.000113717 -0.000312339 -0.018614 0.0904402 
0.00965016 -0.0178603 -7.84133e-05 9.4119e-05 -0.0178603 0.0884931 9.36973e-05 -0.000263036 -7.84133e-05 9.36973e-05 0.0102124 -0.018617 9.4119e-05 -0.000263036 -0.018617 0.0904603 
0.00964995 -0.017882 -9.62246e-05 9.74617e-05 -0.017882 0.0885651 9.45804e-05 -0.000244465 -9.62246e-05 9.45804e-05 0.0101896 -0.0185832 9.74617e-05 -0.000244465 -0.0185832 0.0903989 
0.00964078 -0.01789 -0.000107546 0.000130188 -0.01789 0.088617 0.000127251 -0.000303743 -0.000107546 0.000127251 0.0101861 -0.0185447 0.000130188 -0.000303743 -0.0185447 0.090297 
0.00963891 -0.0178899 -0.000104328 0.000131512 -0.0178899 0.0886462 0.000130914 -0.000321747 -0.000104328 0.000130914 0.0101978 -0.018531 0.000131512 -0.000321747 -0.018531 0.0902256 
0.00962444 -0.0178765 -0.000103366 0.000133234 -0.0178765 0.0886186 0.000132785 -0.000334677 -0.000103366 0.000132785 0.0102042 -0.0185419 0.000133234 -0.000334677 -0.0185419 0.0902049 
0.00962178 -0.0178539 -9.71852e-05 0.000118444 -0.0178539 0.0885639 0.000117041 -0.000298817 -9.71852e-05 0.000117041 0.010204 -0.018554 0.000118444 -0.000298817 -0.018554 0.0902264 
0.00961309 -0.0178316 -8.14147e-05 0.000105939 -0.0178316 0.0884823 0.000106618 -0.000260455 -8.14147e-05 0.000106618 0.0102199 -0.0185722 0.000105939 -0.000260455 -0.0185722 0.0902878 
0.009597 -0.0177969 -7.18322e-05 9.71585e-05 -0.0177969 0.0883692 9.9553e-05 -0.000246569 -7.18322e-05 9.9553e-05 0.0102303 -0.0186135 9.71585e-05 -0.000246569 -0.0186135 0.0904006 
0.00959402 -0.0177987 -7.52307e-05 8.90349e-05 -0.0177987 0.0883522 9.37076e-05 -0.000232818 -7.52307e-05 9.37076e-05 0.0102397 -0.0186147 8.90349e-05 -0.000232818 -0.0186147 0.0904413 
0.00960971 -0.0177932 -7.32856e-05 9.25327e-05 -0.0177932 0.0883415 0.000100992 -0.000236089 -7.32856e-05 0.000100992 0.010233 -0.0186266 9.25327e-05 -0.000236089 -0.0186266 0.090468 
0.00962868 -0.0178391 -8.46757e-05 8.96547e-05 -0.0178391 0.0884395 0.000100762 -0.000239915 -8.46757e-05 0.000100762 0.0102255 -0.0186015 8.96547e-05 -0.000239915 -0.0186015 0.0904248 
0.00965387 -0.0178764 -9.45369e-05 0.000107944 -0.0178764 0.0885596 0.000116108 -0.000268795 -9.45369e-05 0.000116108 0.0102046 -0.0185847 0.000107944 -0.000268795 -0.0185847 0.0903697 
0.00964409 -0.0178887 -7.21053e-05 0.000100113 -0.0178887 0.0886045 0.000100806 -0.000239987 -7.21053e-05 0.000100806 0.0102063 -0.0185737 0.000100113 -0.000239987 -0.0185737 0.0903466 
0.00963134 -0.0178859 -5.80854e-05 8.8931e-05 -0.0178859 0.0886265 8.18963e-05 -0.000218245 -5.80854e-05 8.18963e-05 0.0101969 -0.0185562 8.8931e-05 -0.000218245 -0.0185562 0.0902819 
0.00961284 -0.0178504 -6.33327e-05 8.80433e-05 -0.0178504 0.0885509 7.93649e-05 -0.000221569 -6.33327e-05 7.93649e-05 0.0101908 -0.0185587 8.80433e-05 -0.000221569 -0.0185587 0.0902801 
0.00960915 -0.0178273 -8.39929e-05 9.64619e-05 -0.0178273 0.0884774 8.90724e-05 -0.000241435 -8.39929e-05 8.90724e-05 0.0101668 -0.0185442 9.64619e-05 -0.000241435 -0.0185442 0.0902499 
0.00961388 -0.0178203 -0.000104325 0.000124448 -0.0178203 0.0884319 0.000121644 -0.000302793 -0.000104325 0.000121644 0.0101347 -0.0185055 0.000124448 -0.000302793 -0.0185055 0.0901649 
0.00961606 -0.0178297 -0.0001046 0.000132385 -0.0178297 0.0884362 0.000132664 -0.000329938 -0.0001046 0.000132664 0.010125 -0.0184641 0.000132385 -0.000329938 -0.0184641 0.0900641 
0.00963304 -0.0178447 -0.000104999 0.000138607 -0.0178447 0.0884786 0.000139449 -0.000357116 -0.000104999 0.000139449 0.0101156 -0.0184403 0.000138607 -0.000357116 -0.0184403 0.0899735 
0.00963102 -0.0178407 -9.21416e-05 0.000126821 -0.0178407 0.0884593 0.000125836 -0.000328533 -9.21416e-05 0.000125836 0.0101207 -0.018447 0.000126821 -0.000328533 -0.018447 0.0899694 
0.00963244 -0.0178242 -9.29983e-05 0.000113966 -0.0178242 0.0884122 0.000110547 -0.000297306 -9.29983e-05 0.000110547 0.0101369 -0.018472 0.000113966 -0.000297306 -0.018472 0.0900329 
0.00962504 -0.0178256 -8.15969e-05 0.000116515 -0.0178256 0.0883896 0.000111757 -0.000285835 -8.15969e-05 0.000111757 0.0101537 -0.0184886 0.000116515 -0.000285835 -0.0184886 0.0900802 
0.00962639 -0.0178366 -5.61371e-05 8.88565e-05 -0.0178366 0.0884226 8.48894e-05 -0.000228672 -5.61371e-05 8.48894e-05 0.010158 -0.018496 8.88565e-05 -0.000228672 -0.018496 0.0900977 
0.00962423 -0.0178504 -4.59448e-05 6.02609e-05 -0.0178504 0.0884751 6.11997e-05 -0.000166021 -4.59448e-05 6.11997e-05 0.0101695 -0.0185016 6.02609e-05 -0.000166021 -0.0185016 0.090118 
0.00961805 -0.0178417 -8.85966e-05 6.37967e-05 -0.0178417 0.0884785 7.16068e-05 -0.000170626 -8.85966e-05 7.16068e-05 0.0101797 -0.0185288 6.37967e-05 -0.000170626 -0.0185288 0.0901861 
0.00962492 -0.0178429 -0.000124834 0.000134495 -0.0178429 0.0884901 0.00014488 -0.000308916 -0.000124834 0.00014488 0.0101908 -0.0185408 0.000134495 -0.000308916 -0.0185408 0.0902385 
0.00962943 -0.0178434 -0.000130397 0.000166168 -0.0178434 0.0884833 0.000173078 -0.000406643 -0.000130397 0.000173078 0.0102017 -0.0185622 0.000166168 -0.000406643 -0.0185622 0.090301 
0.00963109 -0.0178289 -0.000129794 0.000166686 -0.0178289 0.0884349 0.000169297 -0.000431671 -0.000129794 0.000169297 0.0101982 -0.0185903 0.000166686 -0.000431671 -0.0185903 0.090383 
0.00961484 -0.01783 -0.000122185 0.000153513 -0.01783 0.0884188 0.000155369 -0.000398984 -0.000122185 0.000155369 0.0102155 -0.0185923 0.000153513 -0.000398984 -0.0185923 0.0904274 
0.00963497 -0.0178378 -0.000145284 0.000161279 -0.0178378 0.0884585 0.000163105 -0.000412431 -0.000145284 0.000163105 0.0102077 -0.0185924 0.000161279 -0.000412431 -0.0185924 0.0904191 
0.00963556 -0.0178666 -0.000149616 0.000193271 -0.0178666 0.0885191 0.000190527 -0.000462166 -0.000149616 0.000190527 0.0101871 -0.0185664 0.000193271 -0.000462166 -0.0185664 0.0903492 
0.00961765 -0.0178567 -0.000143685 0.000190511 -0.0178567 0.0885249 0.000184577 -0.000473627 -0.000143685 0.000184577 0.0101931 -0.0185542 0.000190511 -0.000473627 -0.0185542 0.0903145 
0.00961184 -0.017846 -0.00014583 0.000179223 -0.017846 0.0885202 0.000174599 -0.000455958 -0.00014583 0.000174599 0.0101972 -0.0185477 0.000179223 -0.000455958 -0.0185477 0.0902724 
0.00961465 -0.0178243 -0.000123859 0.000168401 -0.0178243 0.0884629 0.000167177 -0.000420093 -0.000123859 0.000167177 0.0101971 -0.0185643 0.000168401 -0.000420093 -0.0185643 0.0902984 
0.009622 -0.0178283 -0.000111184 0.000140839 -0.0178283 0.0884447 0.000140907 -0.000366151 -0.000111184 0.000140907 0.010199 -0.018564 0.000140839 -0.000366151 -0.018564 0.0903098 
0.00961918 -0.0178369 -0.00010889 0.000145247 -0.0178369 0.0884553 0.000145792 -0.000370684 -0.00010889 0.000145792 0.0102206 -0.0185729 0.000145247 -0.000370684 -0.0185729 0.0903358 
0.00962966 -0.0178558 -0.00010625 0.000129508 -0.0178558 0.0885146 0.000131652 -0.000338742 -0.00010625 0.000131652 0.0102194 -0.0185785 0.000129508 -0.000338742 -0.0185785 0.0903288 
0.0096224 -0.017846 -9.94095e-05 0.0001212 -0.017846 0.0884953 0.000125545 -0.000309532 -9.94095e-05 0.000125545 0.0102022 -0.0185899 0.0001212 -0.000309532 -0.0185899 0.0903549 
0.00962081 -0.0178376 -9.82511e-05 0.000109309 -0.0178376 0.0884776 0.000115485 -0.000279042 -9.82511e-05 0.000115485 0.0102074 -0.0185772 0.000109309 -0.000279042 -0.0185772 0.0903613 
0.00962859 -0.0178361 -0.000111465 0.000117945 -0.0178361 0.0884671 0.000120713 -0.000288431 -0.000111465 0.000120713 0.0102159 -0.0185804 0.000117945 -0.000288431 -0.0185804 0.0903595 
0.00965934 -0.0178668 -0.000120454 0.00014942 -0.0178668 0.0885356 0.000147874 -0.000353326 -0.000120454 0.000147874 0.0102241 -0.0185833 0.00014942 -0.000353326 -0.0185833 0.0903611 
0.00966056 -0.0178966 -0.000120491 0.000166861 -0.0178966 0.0885994 0.000164327 -0.000415176 -0.000120491 0.000164327 0.0102339 -0.0185983 0.000166861 -0.000415176 -0.0185983 0.0903869 
0.00965341 -0.0178993 -0.000115555 0.000153075 -0.0178993 0.0886355 0.000153097 -0.000404831 -0.000115555 0.000153097 0.010241 -0.0186106 0.000153075 -0.000404831 -0.0186106 0.0904173 
0.00964921 -0.017883 -9.70892e-05 0.000125898 -0.017883 0.0886135 0.000126401 -0.000330924 -9.70892e-05 0.000126401 0.0102396 -0.0186275 0.000125898 -0.000330924 -0.0186275 0.0904647 
0.00966362 -0.0178854 -8.61716e-05 0.000117721 -0.0178854 0.088615 0.000116606 -0.000299609 -8.61716e-05 0.000116606 0.0102178 -0.0186207 0.000117721 -0.000299609 -0.0186207 0.0904695 
0.00968412 -0.0179185 -8.04343e-05 0.000104657 -0.0179185 0.0886882 9.99367e-05 -0.000262501 -8.04343e-05 9.99367e-05 0.0101951 -0.0185779 0.000104657 -0.000262501 -0.0185779 0.0903793 
0.00968565 -0.0179328 -7.40477e-05 0.000100047 -0.0179328 0.08873 9.38119e-05 -0.00023799 -7.40477e-05 9.38119e-05 0.0101762 -0.0185506 0.000100047 -0.00023799 -0.0185506 0.0902923 
0.00967272 -0.0179169 -7.93071e-05 0.0001004 -0.0179169 0.0887026 9.44259e-05 -0.000241933 -7.93071e-05 9.44259e-05 0.0101803 -0.0185485 0.0001004 -0.000241933 -0.0185485 0.0902832 
0.00965044 -0.0178966 -7.09914e-05 0.000101899 -0.0178966 0.08865 9.74764e-05 -0.000244545 -7.09914e-05 9.74764e-05 0.0101958 -0.0185533 0.000101899 -0.000244545 -0.0185533 0.0902892 
0.00964852 -0.017872 -6.65733e-05 0.000105007 -0.017872 0.0885918 0.000101047 -0.000267862 -6.65733e-05 0.000101047 0.0102141 -0.0185787 0.000105007 -0.000267862 -0.0185787 0.0903477 
0.00963118 -0.017863 -6.26456e-05 0.000101088 -0.017863 0.0885411 9.76456e-05 -0.000271578 -6.26456e-05 9.76456e-05 0.0102292 -0.0185899 0.000101088 -0.000271578 -0.0185899 0.0903671 
0.00962296 -0.0178728 -6.92571e-05 7.44073e-05 -0.0178728 0.0885749 7.62727e-05 -0.000214726 -6.92571e-05 7.62727e-05 0.0102356 -0.0185849 7.44073e-05 -0.000214726 -0.0185849 0.0903424 
0.00962258 -0.0178629 -8.60079e-05 8.72318e-05 -0.0178629 0.0885777 9.3344e-05 -0.000222078 -8.60079e-05 9.3344e-05 0.0102617 -0.0186054 8.72318e-05 -0.000222078 -0.0186054 0.0903847 
0.00962993 -0.0178507 -0.000105721 0.000116637 -0.0178507 0.0885411 0.00012203 -0.000284873 -0.000105721 0.00012203 0.0102673 -0.0186488 0.000116637 -0.000284873 -0.0186488 0.0904839 
0.00963434 -0.0178404 -0.000111706 0.000127324 -0.0178404 0.0884903 0.000128851 -0.000310777 -0.000111706 0.000128851 0.0102493 -0.0186751 0.000127324 -0.000310777 -0.0186751 0.0905876 
0.00965205 -0.0178737 -0.000107114 0.000145855 -0.0178737 0.0885603 0.000144482 -0.000356674 -0.000107114 0.000144482 0.0102265 -0.0186377 0.000145855 -0.000356674 -0.0186377 0.0905563 
0.0096764 -0.0178894 -9.38909e-05 0.000137651 -0.0178894 0.088613 0.000135593 -0.000357762 -9.38909e-05 0.000135593 0.0102084 -0.0186161 0.000137651 -0.000357762 -0.0186161 0.0905091 
0.00968202 -0.0179422 -0.000106695 0.000120315 -0.0179422 0.0887397 0.000121579 -0.000329999 -0.000106695 0.000121579 0.0102084 -0.0185651 0.000120315 -0.000329999 -0.0185651 0.090373 
0.00966844 -0.0179293 -0.000117605 0.000122567 -0.0179293 0.0887518 0.000124481 -0.000304375 -0.000117605 0.000124481 0.0102257 -0.0185803 0.000122567 -0.000304375 -0.0185803 0.0903544 
0.00965228 -0.0179419 -0.000124642 0.00014697 -0.0179419 0.0888003 0.000146634 -0.000346183 -0.000124642 0.000146634 0.0102569 -0.0185821 0.00014697 -0.000346183 -0.0185821 0.0903402 
0.00963437 -0.01789 -0.000132787 0.00016634 -0.01789 0.0887008 0.0001651 -0.000409814 -0.000132787 0.0001651 0.0102738 -0.0186452 0.00016634 -0.000409814 -0.0186452 0.0904583 
0.00964277 -0.0178639 -0.000148176 0.000178774 -0.0178639 0.08861 0.000179141 -0.000456334 -0.000148176 0.000179141 0.0102633 -0.0186717 0.000178774 -0.000456334 -0.0186717 0.0905626 
0.00964636 -0.0178731 -0.000163007 0.000201545 -0.0178731 0.0885868 0.00020596 -0.00051807 -0.000163007 0.00020596 0.0102537 -0.0186586 0.000201545 -0.00051807 -0.0186586 0.0905797 
0.00964807 -0.0178928 -0.00015348 0.000195579 -0.0178928 0.0886324 0.000199217 -0.000506167 -0.00015348 0.000199217 0.0102452 -0.0186344 0.000195579 -0.000506167 -0.0186344 0.0905281 
0.00967738 -0.0179055 -0.000147268 0.000174488 -0.0179055 0.0886861 0.000173425 -0.000450812 -0.000147268 0.000173425 0.0102371 -0.0186258 0.000174488 -0.000450812 -0.0186258 0.0905016 
0.0096932 -0.0179218 -0.000141217 0.000165129 -0.0179218 0.0887062 0.000161411 -0.000401832 -0.000141217 0.000161411 0.0102436 -0.0186278 0.000165129 -0.000401832 -0.0186278 0.0905042 
0.00969901 -0.0179209 -0.00014592 0.000174811 -0.0179209 0.0886896 0.000172846 -0.000419011 -0.00014592 0.000172846 0.0102267 -0.0186425 0.000174811 -0.000419011 -0.0186425 0.0905284 
0.00968517 -0.0179284 -0.000133528 0.000165003 -0.0179284 0.0886934 0.0001665 -0.000400633 -0.000133528 0.0001665 0.0102131 -0.0186206 0.000165003 -0.000400633 -0.0186206 0.0905049 
0.00965486 -0.0178948 -0.000125651 0.000166656 -0.0178948 0.088626 0.000171506 -0.000417269 -0.000125651 0.000171506 0.0102182 -0.0186125 0.000166656 -0.000417269 -0.0186125 0.0904862 
0.00963995 -0.0178525 -0.000129519 0.000176697 -0.0178525 0.0885197 0.000186151 -0.000466625 -0.000129519 0.000186151 0.0102019 -0.0186115 0.000176697 -0.000466625 -0.0186115 0.0904657 
0.00965654 -0.0178897 -0.000129023 0.000172977 -0.0178897 0.0885986 0.000184819 -0.000475203 -0.000129023 0.000184819 0.0101837 -0.0185494 0.000172977 -0.000475203 -0.0185494 0.0903235 
