0.00712071 0 -0.000369741 0 0 0.01 0 0 -0.000369741 0 0.00752268 0 0 0 0 0.01 
0.0100878 -0.0125289 -0.000431576 0.000532195 -0.0125289 0.0331974 0.000532195 -0.00102019 -0.000431576 0.000532195 0.0105578 -0.0131093 0.000532195 -0.00102019 -0.0131093 0.0343106 
0.0101628 -0.0190946 -0.000334783 0.000576022 -0.0190946 0.0702188 0.000576022 -0.00183532 -0.000334783 0.000576022 0.0105799 -0.019697 0.000576022 -0.00183532 -0.019697 0.0721451 
0.00959177 -0.0187815 -0.000348384 0.000455129 -0.0187815 0.0843298 0.000450574 -0.00159396 -0.000348384 0.000450574 0.010007 -0.0193142 0.000455129 -0.00159396 -0.0193142 0.0860614 
0.00954397 -0.0180892 -0.000390436 0.000423438 -0.0180892 0.0876148 0.000414224 -0.00111489 -0.000390436 0.000414224 0.010011 -0.0186142 0.000423438 -0.00111489 -0.0186142 0.0889691 
0.00969713 -0.0179726 -0.000436823 0.0004846 -0.0179726 0.0885541 0.000474649 -0.00107833 -0.000436823 0.000474649 0.0101942 -0.0185583 0.0004846 -0.00107833 -0.0185583 0.0898714 
0.00980171 -0.0180564 -0.000435421 0.000548225 -0.0180564 0.0889987 0.000544953 -0.00124777 -0.000435421 0.000544953 0.0103098 -0.0186861 0.000548225 -0.00124777 -0.0186861 0.090452 
0.00985366 -0.018108 -0.000426989 0.000546699 -0.018108 0.0891884 0.000549564 -0.00134806 -0.000426989 0.000549564 0.0103552 -0.018771 0.000546699 -0.00134806 -0.018771 0.0908013 
0.00988482 -0.0181454 -0.000424219 0.000533861 -0.0181454 0.0892649 0.000537864 -0.0013621 -0.000424219 0.000537864 0.0103503 -0.0187846 0.000533861 -0.0013621 -0.0187846 0.090896 
0.00990682 -0.0181873 -0.00041288 0.000523004 -0.0181873 0.0893485 0.000525892 -0.00133696 -0.00041288 0.000525892 0.0103292 -0.0187667 0.000523004 -0.00133696 -0.0187667 0.0908702 
0.00993068 -0.0182372 -0.000401628 0.000505881 -0.0182372 0.0894809 0.000508364 -0.00129313 -0.000401628 0.000508364 0.0102938 -0.0187251 0.000505881 -0.00129313 -0.0187251 0.0907652 
0.00993977 -0.0182683 -0.000386467 0.000491787 -0.0182683 0.0895912 0.000494093 -0.00124995 -0.000386467 0.000494093 0.010296 -0.0187044 0.000491787 -0.00124995 -0.0187044 0.0907213 
0.00992933 -0.0182706 -0.000386875 0.000462091 -0.0182706 0.0896292 0.000464435 -0.00117281 -0.000386875 0.000464435 0.0103122 -0.01872 0.000462091 -0.00117281 -0.01872 0.0907404 
0.00990845 -0.0182708 -0.000394538 0.000473266 -0.0182708 0.0896538 0.000475084 -0.00116769 -0.000394538 0.000475084 0.0103225 -0.018725 0.000473266 -0.00116769 -0.018725 0.0907462 
0.00988556 -0.0182289 -0.000405226 0.000500653 -0.0182289 0.0895758 0.000498705 -0.00122744 -0.000405226 0.000498705 0.0102978 -0.0187431 0.000500653 -0.00122744 -0.0187431 0.0907851 
0.00988129 -0.0182183 -0.000388784 0.00048919 -0.0182183 0.0895464 0.000485315 -0.00120601 -0.000388784 0.000485315 0.0102871 -0.0187149 0.00048919 -0.00120601 -0.0187149 0.0907731 
0.00985595 -0.018174 -0.000376541 0.000480015 -0.018174 0.0894209 0.000477456 -0.00119547 -0.000376541 0.000477456 0.010286 -0.0187194 0.000480015 -0.00119547 -0.0187194 0.0907812 
0.00986285 -0.0181622 -0.000370356 0.000463392 -0.0181622 0.0893785 0.00046359 -0.00116733 -0.000370356 0.00046359 0.0102832 -0.0187104 0.000463392 -0.00116733 -0.0187104 0.0907699 
0.00988252 -0.0181855 -0.000378103 0.000462887 -0.0181855 0.0894178 0.00046596 -0.00116845 -0.000378103 0.00046596 0.0102705 -0.0186948 0.000462887 -0.00116845 -0.0186948 0.0907286 
0.00989046 -0.0182119 -0.000384538 0.0004762 -0.0182119 0.0894824 0.000480006 -0.00119774 -0.000384538 0.000480006 0.0102583 -0.0186728 0.0004762 -0.00119774 -0.0186728 0.0906666 
0.00987414 -0.0181917 -0.000399409 0.000485955 -0.0181917 0.0894445 0.000489932 -0.00122795 -0.000399409 0.000489932 0.0102485 -0.0186791 0.000485955 -0.00122795 -0.0186791 0.0906727 
0.0098733 -0.0181898 -0.000383412 0.000495915 -0.0181898 0.0894422 0.000500216 -0.0012489 -0.000383412 0.000500216 0.0102239 -0.0186466 0.000495915 -0.0012489 -0.0186466 0.0906037 
0.00987622 -0.0181917 -0.000350185 0.000470155 -0.0181917 0.0894433 0.00047362 -0.00120758 -0.000350185 0.00047362 0.0101965 -0.0186039 0.000470155 -0.00120758 -0.0186039 0.0904923 
0.00988136 -0.0182001 -0.000326945 0.000427664 -0.0182001 0.0894616 0.000426933 -0.00110709 -0.000326945 0.000426933 0.0101662 -0.0185548 0.000427664 -0.00110709 -0.0185548 0.0903483 
0.00988802 -0.0182108 -0.000327651 0.000407518 -0.0182108 0.0894941 0.000402555 -0.00103588 -0.000327651 0.000402555 0.0101439 -0.0185145 0.000407518 -0.00103588 -0.0185145 0.0902267 
0.00988814 -0.0182067 -0.000322523 0.00039669 -0.0182067 0.0894892 0.000390906 -0.000980468 -0.000322523 0.000390906 0.0101467 -0.0185071 0.00039669 -0.000980468 -0.0185071 0.0901956 
0.00989606 -0.0181907 -0.000310677 0.000386065 -0.0181907 0.0894412 0.000383837 -0.000947751 -0.000310677 0.000383837 0.010136 -0.0185228 0.000386065 -0.000947751 -0.0185228 0.0902232 
0.00989503 -0.0182034 -0.000306821 0.000383205 -0.0182034 0.0894389 0.000385938 -0.000949583 -0.000306821 0.000385938 0.0101173 -0.0184944 0.000383205 -0.000949583 -0.0184944 0.0901751 
0.00987912 -0.018203 -0.000304399 0.000382341 -0.018203 0.0894421 0.000388846 -0.000960637 -0.000304399 0.000388846 0.0101168 -0.0184684 0.000382341 -0.000960637 -0.0184684 0.0901109 
0.00985187 -0.0181488 -0.000312905 0.000390642 -0.0181488 0.0893181 0.000397013 -0.000990011 -0.000312905 0.000397013 0.0101273 -0.0184917 0.000390642 -0.000990011 -0.0184917 0.0901446 
0.00986309 -0.0181446 -0.000311193 0.000393161 -0.0181446 0.0892905 0.000398745 -0.000999203 -0.000311193 0.000398745 0.0101371 -0.0184903 0.000393161 -0.000999203 -0.0184903 0.0901537 
0.00987854 -0.0181567 -0.000317477 0.000393793 -0.0181567 0.0892962 0.000398318 -0.00100381 -0.000317477 0.000398318 0.010123 -0.0184973 0.000393793 -0.00100381 -0.0184973 0.090157 
0.00988268 -0.0181541 -0.000308499 0.000384096 -0.0181541 0.0892771 0.000388547 -0.00097073 -0.000308499 0.000388547 0.0101132 -0.0185069 0.000384096 -0.00097073 -0.0185069 0.0902062 
0.00988618 -0.0181905 -0.00031787 0.000391394 -0.0181905 0.0893653 0.00039369 -0.000987567 -0.00031787 0.00039369 0.0101141 -0.0184706 0.000391394 -0.000987567 -0.0184706 0.0901434 
0.00986444 -0.0181784 -0.000341224 0.000408276 -0.0181784 0.089367 0.000407074 -0.00102031 -0.000341224 0.000407074 0.0101313 -0.0184875 0.000408276 -0.00102031 -0.0184875 0.0901582 
0.00984484 -0.0181697 -0.000359585 0.000419619 -0.0181697 0.0893682 0.000417713 -0.00103428 -0.000359585 0.000417713 0.0101481 -0.0185005 0.000419619 -0.00103428 -0.0185005 0.0901871 
0.00983273 -0.018146 -0.00035986 0.000435089 -0.018146 0.0893301 0.000434374 -0.00105834 -0.00035986 0.000434374 0.0101582 -0.0185218 0.000435089 -0.00105834 -0.0185218 0.0902347 
0.00981871 -0.0181274 -0.000362058 0.000450484 -0.0181274 0.0892752 0.000448439 -0.00110787 -0.000362058 0.000448439 0.0101588 -0.0185274 0.000450484 -0.00110787 -0.0185274 0.0902554 
0.00982107 -0.0181034 -0.000331964 0.000452068 -0.0181034 0.0892127 0.000448874 -0.0011262 -0.000331964 0.000448874 0.0101575 -0.0185327 0.000452068 -0.0011262 -0.0185327 0.0902735 
0.00982735 -0.0181078 -0.000321266 0.000420717 -0.0181078 0.0891857 0.000416976 -0.00108712 -0.000321266 0.000416976 0.0101349 -0.0185135 0.000420717 -0.00108712 -0.0185135 0.0902266 
0.00983538 -0.0181187 -0.000328838 0.000404878 -0.0181187 0.0892012 0.00040259 -0.00103754 -0.000328838 0.00040259 0.0101171 -0.0184837 0.000404878 -0.00103754 -0.0184837 0.0901562 
0.00984315 -0.0181219 -0.000320942 0.00040596 -0.0181219 0.0892054 0.000405523 -0.0010157 -0.000320942 0.000405523 0.0100946 -0.0184606 0.00040596 -0.0010157 -0.0184606 0.0900853 
0.00984478 -0.0181233 -0.000316176 0.000385905 -0.0181233 0.0892097 0.000385725 -0.000974396 -0.000316176 0.000385725 0.010111 -0.0184573 0.000385905 -0.000974396 -0.0184573 0.0900843 
0.00986523 -0.0181282 -0.000315377 0.000394641 -0.0181282 0.089218 0.000393568 -0.000983955 -0.000315377 0.000393568 0.0100881 -0.0184634 0.000394641 -0.000983955 -0.0184634 0.0900718 
0.0098676 -0.018159 -0.000320663 0.00040357 -0.018159 0.0892798 0.000401869 -0.00101381 -0.000320663 0.000401869 0.0100796 -0.0184317 0.00040357 -0.00101381 -0.0184317 0.090017 
0.00986646 -0.0181412 -0.000317826 0.000405547 -0.0181412 0.0892625 0.000404217 -0.00102558 -0.000317826 0.000404217 0.0100773 -0.0184441 0.000405547 -0.00102558 -0.0184441 0.0900334 
0.00988731 -0.0181664 -0.000305966 0.000389473 -0.0181664 0.0893212 0.000391278 -0.000995028 -0.000305966 0.000391278 0.0100582 -0.0184223 0.000389473 -0.000995028 -0.0184223 0.0899913 
0.0098971 -0.0181951 -0.000302185 0.000382343 -0.0181951 0.0893957 0.000386673 -0.000978618 -0.000302185 0.000386673 0.0100388 -0.0183925 0.000382343 -0.000978618 -0.0183925 0.0899171 
0.00990562 -0.0182112 -0.000305308 0.000382437 -0.0182112 0.0894574 0.000387251 -0.000977768 -0.000305308 0.000387251 0.010035 -0.0183723 0.000382437 -0.000977768 -0.0183723 0.0898668 
0.00990424 -0.0182117 -0.000303451 0.000371776 -0.0182117 0.0894704 0.000375103 -0.000943993 -0.000303451 0.000375103 0.0100329 -0.0183756 0.000371776 -0.000943993 -0.0183756 0.0898575 
0.00989371 -0.0182222 -0.000313715 0.000377588 -0.0182222 0.0895059 0.000377975 -0.000945483 -0.000313715 0.000377975 0.0100497 -0.01837 0.000377588 -0.000945483 -0.01837 0.0898508 
0.00988502 -0.0182121 -0.000331501 0.000389093 -0.0182121 0.0895022 0.000387502 -0.00096123 -0.000331501 0.000387502 0.0100696 -0.018387 0.000389093 -0.00096123 -0.018387 0.0898745 
0.00989561 -0.0181785 -0.000332726 0.000414516 -0.0181785 0.0894187 0.000410941 -0.00101208 -0.000332726 0.000410941 0.0100845 -0.01844 0.000414516 -0.00101208 -0.01844 0.0900067 
0.00989183 -0.018197 -0.000336258 0.000417019 -0.018197 0.0894149 0.000413186 -0.00103834 -0.000336258 0.000413186 0.0101088 -0.018455 0.000417019 -0.00103834 -0.018455 0.0900827 
0.00987204 -0.0182106 -0.000344645 0.000421241 -0.0182106 0.0894637 0.000420291 -0.00105575 -0.000344645 0.000420291 0.0101478 -0.0184739 0.000421241 -0.00105575 -0.0184739 0.0901257 
0.00987668 -0.0181933 -0.00033708 0.000426246 -0.0181933 0.0894623 0.000427465 -0.00106627 -0.00033708 0.000427465 0.0101468 -0.0185129 0.000426246 -0.00106627 -0.0185129 0.0901912 
0.0098868 -0.0181831 -0.000322082 0.000400264 -0.0181831 0.0894223 0.000403382 -0.00101224 -0.000322082 0.000403382 0.0101292 -0.0185269 0.000400264 -0.00101224 -0.0185269 0.0902598 
0.0099164 -0.0182073 -0.000318406 0.000386781 -0.0182073 0.0894613 0.000390419 -0.000972112 -0.000318406 0.000390419 0.0101151 -0.0185026 0.000386781 -0.000972112 -0.0185026 0.0902448 
0.00991838 -0.0182135 -0.000347391 0.00039882 -0.0182135 0.0894556 0.00040245 -0.000992014 -0.000347391 0.00040245 0.0101253 -0.0185048 0.00039882 -0.000992014 -0.0185048 0.0902521 
0.00992654 -0.0182379 -0.000358358 0.000440093 -0.0182379 0.0895168 0.000439756 -0.00106745 -0.000358358 0.000439756 0.0101374 -0.0185002 0.000440093 -0.00106745 -0.0185002 0.0902295 
0.00994222 -0.0182914 -0.000363747 0.000452405 -0.0182914 0.0896755 0.000448781 -0.00111962 -0.000363747 0.000448781 0.0101658 -0.0184877 0.000452405 -0.00111962 -0.0184877 0.0901753 
0.00994775 -0.0182949 -0.000348802 0.000440693 -0.0182949 0.0897244 0.000436994 -0.00109902 -0.000348802 0.000436994 0.0102085 -0.018543 0.000440693 -0.00109902 -0.018543 0.0902606 
0.0099326 -0.0182789 -0.000342798 0.000419213 -0.0182789 0.089687 0.000418108 -0.00104996 -0.000342798 0.000418108 0.0102355 -0.0186152 0.000419213 -0.00104996 -0.0186152 0.0904332 
0.00992779 -0.0182693 -0.000342637 0.000418281 -0.0182693 0.0896649 0.000420577 -0.00103787 -0.000342637 0.000420577 0.0102385 -0.0186415 0.000418281 -0.00103787 -0.0186415 0.0905405 
0.00993302 -0.0182649 -0.000365783 0.000429691 -0.0182649 0.0896524 0.000430406 -0.00106557 -0.000365783 0.000430406 0.0102201 -0.0186432 0.000429691 -0.00106557 -0.0186432 0.0905767 
0.00993646 -0.0182637 -0.000384601 0.0004696 -0.0182637 0.0896403 0.000468415 -0.00114886 -0.000384601 0.000468415 0.010192 -0.0186188 0.0004696 -0.00114886 -0.0186188 0.0905399 
0.00995817 -0.01826 -0.000392899 0.000493117 -0.01826 0.0896273 0.000492039 -0.00122644 -0.000392899 0.000492039 0.0101691 -0.0186009 0.000493117 -0.00122644 -0.0186009 0.0905142 
0.00998375 -0.0182982 -0.000382004 0.000494491 -0.0182982 0.0896952 0.000496302 -0.0012524 -0.000382004 0.000496302 0.0101559 -0.0185701 0.000494491 -0.0012524 -0.0185701 0.0904556 
0.0100126 -0.0183458 -0.000345264 0.000459481 -0.0183458 0.089819 0.000463061 -0.00118294 -0.000345264 0.000463061 0.0101284 -0.018535 0.000459481 -0.00118294 -0.018535 0.0903495 
0.00999896 -0.0183806 -0.000339224 0.000416536 -0.0183806 0.0899216 0.000421399 -0.00108584 -0.000339224 0.000421399 0.0101165 -0.0184918 0.000416536 -0.00108584 -0.0184918 0.0902272 
0.00997378 -0.0183616 -0.000363317 0.00042664 -0.0183616 0.0899325 0.000431118 -0.00107879 -0.000363317 0.000431118 0.0101443 -0.0184867 0.00042664 -0.00107879 -0.0184867 0.0901882 
0.00995656 -0.018314 -0.000373065 0.00044438 -0.018314 0.0898279 0.000443025 -0.00108896 -0.000373065 0.000443025 0.0101648 -0.0185267 0.00044438 -0.00108896 -0.0185267 0.0902438 
0.00995067 -0.018276 -0.000368174 0.00048023 -0.018276 0.0896989 0.000477094 -0.00117483 -0.000368174 0.000477094 0.0101722 -0.0185605 0.00048023 -0.00117483 -0.0185605 0.0903367 
0.00997575 -0.0182939 -0.000364149 0.000460751 -0.0182939 0.0897045 0.000457154 -0.00116713 -0.000364149 0.000457154 0.0101664 -0.0185614 0.000460751 -0.00116713 -0.0185614 0.0903729 
0.0099897 -0.018336 -0.000368481 0.000450135 -0.018336 0.0897933 0.000446262 -0.00113228 -0.000368481 0.000446262 0.0101835 -0.0185524 0.000450135 -0.00113228 -0.0185524 0.0903686 
0.00998209 -0.01834 -0.000389689 0.000456842 -0.01834 0.0898207 0.000452535 -0.0011285 -0.000389689 0.000452535 0.0101974 -0.0185788 0.000456842 -0.0011285 -0.0185788 0.0904069 
0.00996422 -0.0183249 -0.000391705 0.000473735 -0.0183249 0.0897961 0.000473104 -0.00115188 -0.000391705 0.000473104 0.0102161 -0.0186032 0.000473735 -0.00115188 -0.0186032 0.0904744 
0.00996489 -0.0182893 -0.000390544 0.000486571 -0.0182893 0.0897119 0.000489035 -0.00120116 -0.000390544 0.000489035 0.0102121 -0.0186357 0.000486571 -0.00120116 -0.0186357 0.0905624 
0.00994516 -0.0183001 -0.000390892 0.000485223 -0.0183001 0.0896986 0.000489337 -0.00121829 -0.000390892 0.000489337 0.0102049 -0.0186082 0.000485223 -0.00121829 -0.0186082 0.0905256 
0.00993411 -0.0182812 -0.000401999 0.000489905 -0.0182812 0.0896801 0.000489813 -0.00122616 -0.000401999 0.000489813 0.0101986 -0.018595 0.000489905 -0.00122616 -0.018595 0.0904772 
0.0099244 -0.0182812 -0.00038103 0.000486087 -0.0182812 0.0896921 0.000482823 -0.0012026 -0.00038103 0.000482823 0.0102299 -0.01859 0.000486087 -0.0012026 -0.01859 0.0904568 
0.00992245 -0.0182644 -0.000376887 0.000462201 -0.0182644 0.0896656 0.000456434 -0.00115744 -0.000376887 0.000456434 0.0102695 -0.0186352 0.000462201 -0.00115744 -0.0186352 0.0905253 
0.00989699 -0.0182492 -0.000381965 0.000479331 -0.0182492 0.0896075 0.000469845 -0.0011789 -0.000381965 0.000469845 0.0102986 -0.0186837 0.000479331 -0.0011789 -0.0186837 0.090633 
0.00988787 -0.0182113 -0.000380508 0.000471138 -0.0182113 0.089522 0.000459764 -0.00116121 -0.000380508 0.000459764 0.0102971 -0.0187341 0.000471138 -0.00116121 -0.0187341 0.0907747 
0.00988393 -0.0181953 -0.000380436 0.000476363 -0.0181953 0.0894528 0.000470265 -0.0011751 -0.000380436 0.000470265 0.0102733 -0.0187295 0.000476363 -0.0011751 -0.0187295 0.0908208 
0.00989697 -0.018199 -0.000389565 0.000481201 -0.018199 0.0894517 0.000479423 -0.00120316 -0.000389565 0.000479423 0.0102558 -0.0186968 0.000481201 -0.00120316 -0.0186968 0.0907749 
0.00989953 -0.0182192 -0.000403139 0.000493417 -0.0182192 0.089489 0.000493454 -0.00123347 -0.000403139 0.000493454 0.0102525 -0.018665 0.000493417 -0.00123347 -0.018665 0.0906874 
0.00989893 -0.0182318 -0.000409976 0.000498579 -0.0182318 0.0895388 0.000500575 -0.00124624 -0.000409976 0.000500575 0.0102534 -0.0186527 0.000498579 -0.00124624 -0.0186527 0.090621 
0.00990902 -0.0182251 -0.000387147 0.000485323 -0.0182251 0.0895433 0.000488944 -0.00120955 -0.000387147 0.000488944 0.0102612 -0.0186675 0.000485323 -0.00120955 -0.0186675 0.0906362 
0.00990109 -0.0182329 -0.000372664 0.000470747 -0.0182329 0.0895435 0.000475284 -0.00118575 -0.000372664 0.000475284 0.0102488 -0.0186609 0.000470747 -0.00118575 -0.0186609 0.0906093 
0.00989561 -0.0182093 -0.000388301 0.000464419 -0.0182093 0.0894988 0.000467798 -0.00117524 -0.000388301 0.000467798 0.0102577 -0.0186721 0.000464419 -0.00117524 -0.0186721 0.0906527 
0.00989331 -0.0181912 -0.00040978 0.000492781 -0.0181912 0.0894387 0.000494513 -0.00122261 -0.00040978 0.000494513 0.01025 -0.0186862 0.000492781 -0.00122261 -0.0186862 0.0906867 
0.00990565 -0.0182298 -0.000415027 0.00050121 -0.0182298 0.0895231 0.000502746 -0.00124151 -0.000415027 0.000502746 0.0102322 -0.0186428 0.00050121 -0.00124151 -0.0186428 0.0905967 
0.00991336 -0.0182376 -0.000406457 0.000500827 -0.0182376 0.0895664 0.000502328 -0.00124078 -0.000406457 0.000502328 0.0102159 -0.018629 0.000500827 -0.00124078 -0.018629 0.0905439 
0.0099189 -0.0182691 -0.000373569 0.000490648 -0.0182691 0.0896521 0.000490848 -0.00122121 -0.000373569 0.000490848 0.0102038 -0.0185911 0.000490648 -0.00122121 -0.0185911 0.0904536 
0.00989706 -0.018251 -0.000348246 0.000452528 -0.018251 0.0896291 0.000452701 -0.00115365 -0.000348246 0.000452701 0.0102045 -0.0185908 0.000452528 -0.00115365 -0.0185908 0.0904293 
0.00988506 -0.0182213 -0.00035209 0.000429666 -0.0182213 0.0895664 0.000428651 -0.0010921 -0.00035209 0.000428651 0.0102067 -0.018593 0.000429666 -0.0010921 -0.018593 0.0904307 
0.00991507 -0.0182038 -0.000356918 0.00044317 -0.0182038 0.0895024 0.000440113 -0.00109652 -0.000356918 0.000440113 0.0101644 -0.0185868 0.00044317 -0.00109652 -0.0185868 0.0904116 
0.00993092 -0.018226 -0.000350304 0.000444439 -0.018226 0.0894899 0.000442232 -0.00110319 -0.000350304 0.000442232 0.0101227 -0.0185404 0.000444439 -0.00110319 -0.0185404 0.0903379 
0.00993176 -0.0182574 -0.000335862 0.00042978 -0.0182574 0.0895599 0.00043027 -0.00108091 -0.000335862 0.00043027 0.0101132 -0.0184821 0.00042978 -0.00108091 -0.0184821 0.0902038 
0.00991303 -0.0182508 -0.000320572 0.000409485 -0.0182508 0.0895691 0.00041132 -0.00103556 -0.000320572 0.00041132 0.0101085 -0.0184659 0.000409485 -0.00103556 -0.0184659 0.0901126 
0.00990235 -0.0182106 -0.000309167 0.000400796 -0.0182106 0.0894905 0.000402587 -0.00101449 -0.000309167 0.000402587 0.0101134 -0.0184814 0.000400796 -0.00101449 -0.0184814 0.0901345 
0.00992029 -0.0182024 -0.000302095 0.000391887 -0.0182024 0.0894477 0.000394823 -0.000999418 -0.000302095 0.000394823 0.0101007 -0.0184839 0.000391887 -0.000999418 -0.0184839 0.0901488 
0.00993652 -0.0182246 -0.000292456 0.000371606 -0.0182246 0.0894651 0.000377525 -0.000954318 -0.000292456 0.000377525 0.0100815 -0.0184631 0.000371606 -0.000954318 -0.0184631 0.0901125 
0.00991902 -0.0182401 -0.000291356 0.000370267 -0.0182401 0.0894902 0.000377038 -0.000944845 -0.000291356 0.000377038 0.0100519 -0.0184211 0.000370267 -0.000944845 -0.0184211 0.0900019 
0.00990174 -0.0182235 -0.000294973 0.000363368 -0.0182235 0.0894846 0.000367553 -0.000924695 -0.000294973 0.000367553 0.0100263 -0.0183847 0.000363368 -0.000924695 -0.0183847 0.0899034 
0.00986525 -0.0181973 -0.000276963 0.000371272 -0.0181973 0.0894302 0.000370245 -0.000925635 -0.000276963 0.000370245 0.0100421 -0.0183552 0.000371272 -0.000925635 -0.0183552 0.0898243 
0.00984885 -0.0181681 -0.000273566 0.000338137 -0.0181681 0.0893811 0.000334935 -0.00086515 -0.000273566 0.000334935 0.0100705 -0.0183646 0.000338137 -0.00086515 -0.0183646 0.0897998 
0.00983039 -0.0181219 -0.000297268 0.000349143 -0.0181219 0.0892519 0.000346662 -0.00086964 -0.000297268 0.000346662 0.0100918 -0.0184159 0.000349143 -0.00086964 -0.0184159 0.0898936 
0.00982716 -0.0181262 -0.000305842 0.000370826 -0.0181262 0.0892377 0.000368209 -0.000902703 -0.000305842 0.000368209 0.0101084 -0.0184212 0.000370826 -0.000902703 -0.0184212 0.0899258 
0.00984157 -0.0181239 -0.000313343 0.000377204 -0.0181239 0.0892404 0.000374805 -0.000926247 -0.000313343 0.000374805 0.010109 -0.0184448 0.000377204 -0.000926247 -0.0184448 0.089972 
0.00985411 -0.0181189 -0.000309984 0.000391853 -0.0181189 0.0892097 0.000389607 -0.000963102 -0.000309984 0.000389607 0.0101011 -0.018469 0.000391853 -0.000963102 -0.018469 0.0900553 
0.0098794 -0.018133 -0.000318888 0.000397882 -0.018133 0.0892254 0.000395176 -0.00100023 -0.000318888 0.000395176 0.0100873 -0.0184722 0.000397882 -0.00100023 -0.0184722 0.090109 
0.00990185 -0.0181711 -0.000314868 0.000408064 -0.0181711 0.0892993 0.000407387 -0.00102779 -0.000314868 0.000407387 0.0100663 -0.0184469 0.000408064 -0.00102779 -0.0184469 0.0900781 
0.00990586 -0.0181939 -0.000297329 0.000390538 -0.0181939 0.089363 0.00039221 -0.000999551 -0.000297329 0.00039221 0.0100594 -0.0184303 0.000390538 -0.000999551 -0.0184303 0.0900478 
0.00989926 -0.0182234 -0.000311319 0.00037069 -0.0182234 0.0894613 0.000373952 -0.000959376 -0.000311319 0.000373952 0.0100655 -0.0184051 0.00037069 -0.000959376 -0.0184051 0.0899836 
0.00990073 -0.0182162 -0.000310536 0.000393385 -0.0182162 0.0894912 0.000393497 -0.000977677 -0.000310536 0.000393497 0.0100674 -0.0184111 0.000393385 -0.000977677 -0.0184111 0.0899645 
0.00990996 -0.0182062 -0.000325062 0.000385408 -0.0182062 0.0894648 0.000382216 -0.000968178 -0.000325062 0.000382216 0.0100542 -0.0184141 0.000385408 -0.000968178 -0.0184141 0.0899627 
0.00990273 -0.0182285 -0.000336371 0.000416097 -0.0182285 0.0894981 0.000414789 -0.00102279 -0.000336371 0.000414789 0.0100466 -0.0183773 0.000416097 -0.00102279 -0.0183773 0.0898788 
0.00987679 -0.0182107 -0.000342423 0.000419682 -0.0182107 0.0894741 0.000422328 -0.00104853 -0.000342423 0.000422328 0.0100558 -0.0183733 0.000419682 -0.00104853 -0.0183733 0.0898417 
0.00986879 -0.0181793 -0.000342435 0.000417872 -0.0181793 0.0894141 0.000419409 -0.00104419 -0.000342435 0.000419409 0.0100642 -0.0183902 0.000417872 -0.00104419 -0.0183902 0.0898653 
0.00988613 -0.0181799 -0.000331252 0.000420062 -0.0181799 0.0894031 0.000419629 -0.00104923 -0.000331252 0.000419629 0.0100837 -0.0184072 0.000420062 -0.00104923 -0.0184072 0.08992 
0.00988281 -0.0181844 -0.000340249 0.000415295 -0.0181844 0.0893857 0.000413949 -0.0010495 -0.000340249 0.000413949 0.0101234 -0.0184495 0.000415295 -0.0010495 -0.0184495 0.0900294 
0.00987037 -0.0181699 -0.000361688 0.000438761 -0.0181699 0.0893477 0.000437068 -0.00109601 -0.000361688 0.000437068 0.010151 -0.0185091 0.000438761 -0.00109601 -0.0185091 0.0901782 
0.00986694 -0.0181579 -0.000374148 0.000461635 -0.0181579 0.0893167 0.000461167 -0.00115211 -0.000374148 0.000461167 0.0101521 -0.0185432 0.000461635 -0.00115211 -0.0185432 0.0902942 
0.00990138 -0.0181757 -0.000360361 0.000449589 -0.0181757 0.0893611 0.000449609 -0.00112711 -0.000360361 0.000449609 0.0101361 -0.0185387 0.000449589 -0.00112711 -0.0185387 0.090328 
0.00991569 -0.0182222 -0.000344557 0.000432177 -0.0182222 0.0894598 0.000432582 -0.00108577 -0.000344557 0.000432582 0.0101464 -0.0185175 0.000432177 -0.00108577 -0.0185175 0.0902986 
0.009944 -0.0182581 -0.000323321 0.000413425 -0.0182581 0.0895814 0.000413622 -0.00103731 -0.000323321 0.000413622 0.010138 -0.0185135 0.000413425 -0.00103731 -0.0185135 0.0902545 
0.0099563 -0.0182684 -0.000316404 0.000390533 -0.0182684 0.0896171 0.00038968 -0.000984201 -0.000316404 0.00038968 0.0101385 -0.0185282 0.000390533 -0.000984201 -0.0185282 0.0902901 
0.00995773 -0.0182946 -0.000336441 0.000416895 -0.0182946 0.089681 0.000417669 -0.00104291 -0.000336441 0.000417669 0.0101246 -0.0185108 0.000416895 -0.00104291 -0.0185108 0.090256 
0.00991831 -0.0182946 -0.000339529 0.000417847 -0.0182946 0.0897085 0.000422785 -0.00105327 -0.000339529 0.000422785 0.0101492 -0.018503 0.000417847 -0.00105327 -0.018503 0.0902388 
0.00990995 -0.0182676 -0.000330055 0.000407838 -0.0182676 0.0897007 0.000412995 -0.00102749 -0.000330055 0.000412995 0.0101801 -0.0185227 0.000407838 -0.00102749 -0.0185227 0.0902547 
0.00991859 -0.0182513 -0.00034394 0.000415229 -0.0182513 0.0896526 0.000415332 -0.00104126 -0.00034394 0.000415332 0.0101887 -0.018557 0.000415229 -0.00104126 -0.018557 0.0903149 
0.00992409 -0.0182243 -0.00036523 0.00043847 -0.0182243 0.0895475 0.000434715 -0.00108445 -0.00036523 0.000434715 0.0101789 -0.0185963 0.00043847 -0.00108445 -0.0185963 0.090431 
0.00993825 -0.0182593 -0.000391247 0.000477018 -0.0182593 0.0895924 0.000475067 -0.00117944 -0.000391247 0.000475067 0.0101504 -0.0185551 0.000477018 -0.00117944 -0.0185551 0.0903807 
0.00995157 -0.0182864 -0.000389479 0.000481503 -0.0182864 0.089674 0.000482757 -0.00120042 -0.000389479 0.000482757 0.0101524 -0.0185182 0.000481503 -0.00120042 -0.0185182 0.0902905 
0.00996444 -0.0182884 -0.000378226 0.000463344 -0.0182884 0.0896927 0.000467453 -0.00116572 -0.000378226 0.000467453 0.0101964 -0.0185489 0.000463344 -0.00116572 -0.0185489 0.0903367 
0.00995578 -0.0182843 -0.000380382 0.000455935 -0.0182843 0.0896605 0.000461161 -0.00114279 -0.000380382 0.000461161 0.0102211 -0.0186076 0.000455935 -0.00114279 -0.0186076 0.0904521 
0.00992956 -0.0182651 -0.000386267 0.000464564 -0.0182651 0.0896091 0.000466396 -0.00114534 -0.000386267 0.000466396 0.0102404 -0.0186484 0.000464564 -0.00114534 -0.0186484 0.0905799 
0.0099319 -0.0182565 -0.000383706 0.000473948 -0.0182565 0.0896009 0.000470832 -0.00115629 -0.000383706 0.000470832 0.0102101 -0.0186416 0.000473948 -0.00115629 -0.0186416 0.090578 
0.00994724 -0.0182717 -0.000380799 0.000474526 -0.0182717 0.089638 0.000468317 -0.00116305 -0.000380799 0.000468317 0.0101851 -0.0186003 0.000474526 -0.00116305 -0.0186003 0.0905073 
0.00993649 -0.018285 -0.000394447 0.000489356 -0.018285 0.0896694 0.000482452 -0.00120776 -0.000394447 0.000482452 0.01017 -0.0185614 0.000489356 -0.00120776 -0.0185614 0.0903963 
0.00993299 -0.0182662 -0.000390736 0.000504888 -0.0182662 0.0896489 0.000500056 -0.0012528 -0.000390736 0.000500056 0.0101523 -0.0185484 0.000504888 -0.0012528 -0.0185484 0.0903397 
0.00992765 -0.018242 -0.000369637 0.000487904 -0.018242 0.0895745 0.000486316 -0.00123617 -0.000369637 0.000486316 0.0101288 -0.0185405 0.000487904 -0.00123617 -0.0185405 0.0903235 
0.00991121 -0.0182417 -0.000352457 0.000438613 -0.0182417 0.0895512 0.000440634 -0.00112952 -0.000352457 0.000440634 0.0101485 -0.0185149 0.000438613 -0.00112952 -0.0185149 0.0902906 
0.00988961 -0.0182292 -0.000373435 0.000435325 -0.0182292 0.0895287 0.000441652 -0.00110228 -0.000373435 0.000441652 0.0101695 -0.0185197 0.000435325 -0.00110228 -0.0185197 0.0902576 
0.00990953 -0.0182186 -0.000382767 0.000457081 -0.0182186 0.0895206 0.000462926 -0.00112549 -0.000382767 0.000462926 0.0101563 -0.0185343 0.000457081 -0.00112549 -0.0185343 0.090263 
0.00993311 -0.0182268 -0.000376317 0.000470416 -0.0182268 0.0895108 0.00047341 -0.00115879 -0.000376317 0.00047341 0.0101375 -0.0185341 0.000470416 -0.00115879 -0.0185341 0.0902845 
0.00995891 -0.0182654 -0.000388874 0.000474125 -0.0182654 0.0895855 0.000475186 -0.00118782 -0.000388874 0.000475186 0.0101261 -0.0185073 0.000474125 -0.00118782 -0.0185073 0.0902455 
0.00996384 -0.0182935 -0.000376473 0.000466271 -0.0182935 0.089661 0.000466536 -0.00115545 -0.000376473 0.000466536 0.0101356 -0.0185053 0.000466271 -0.00115545 -0.0185053 0.0902358 
