0.00715141 0 0.000491166 0 0 0.01 0 0 0.000491166 0 0.00751021 0 0 0 0 0.01 
0.0101248 -0.0125757 0.000591723 -0.000728835 -0.0125757 0.0332873 -0.000728835 0.00139757 0.000591723 -0.000728835 0.010547 -0.0130955 -0.000728835 0.00139757 -0.0130955 0.0342842 
0.0102576 -0.0191561 0.000469134 -0.000788359 -0.0191561 0.0704236 -0.000788359 0.00250774 0.000469134 -0.000788359 0.0105191 -0.0197051 -0.000788359 0.00250774 -0.0197051 0.0721683 
0.00968237 -0.0188957 0.000404541 -0.000587873 -0.0188957 0.0846119 -0.000588 0.00204423 0.000404541 -0.000588 0.00992115 -0.019255 -0.000587873 0.00204423 -0.019255 0.0860094 
0.00965314 -0.0182046 0.000399688 -0.000480667 -0.0182046 0.0879122 -0.000477523 0.00135685 0.000399688 -0.000477523 0.009906 -0.0185207 -0.000480667 0.00135685 -0.0185207 0.0888398 
0.00980801 -0.0180803 0.000416513 -0.000488353 -0.0180803 0.0887747 -0.000484835 0.0011551 0.000416513 -0.000484835 0.0100767 -0.0184415 -0.000488353 0.0011551 -0.0184415 0.0896601 
0.00991436 -0.0181807 0.000420553 -0.000515581 -0.0181807 0.0892528 -0.000516684 0.00120002 0.000420553 -0.000516684 0.0101884 -0.0185464 -0.000515581 0.00120002 -0.0185464 0.0901594 
0.00994767 -0.018251 0.000410872 -0.000526293 -0.018251 0.0895068 -0.000529225 0.00127858 0.000410872 -0.000529225 0.0102172 -0.0185973 -0.000526293 0.00127858 -0.0185973 0.09038 
0.00996507 -0.0182933 0.000392396 -0.000502546 -0.0182933 0.089655 -0.000504648 0.00126763 0.000392396 -0.000504648 0.0102232 -0.0185819 -0.000502546 0.00126763 -0.0185819 0.0903758 
0.00996188 -0.0182921 0.00038955 -0.000482228 -0.0182921 0.0896706 -0.000484803 0.00123067 0.00038955 -0.000484803 0.0102419 -0.0186019 -0.000482228 0.00123067 -0.0186019 0.0903981 
0.00998322 -0.0182867 0.000378601 -0.000469624 -0.0182867 0.0896577 -0.000474351 0.0011844 0.000378601 -0.000474351 0.0102376 -0.0186376 -0.000469624 0.0011844 -0.0186376 0.0904758 
0.0100012 -0.0183215 0.000383248 -0.000466297 -0.0183215 0.0897137 -0.000471176 0.00117219 0.000383248 -0.000471176 0.0102212 -0.0186278 -0.000466297 0.00117219 -0.0186278 0.0904876 
0.0100178 -0.0183466 0.000397806 -0.000481184 -0.0183466 0.0897886 -0.000483597 0.00119635 0.000397806 -0.000483597 0.010191 -0.0186153 -0.000481184 0.00119635 -0.0186153 0.0904783 
0.0100216 -0.0183678 0.000420327 -0.000498081 -0.0183678 0.0898567 -0.000497728 0.00122896 0.000420327 -0.000497728 0.0101753 -0.018587 -0.000498081 0.00122896 -0.018587 0.0904438 
0.010018 -0.0183799 0.000437228 -0.000534108 -0.0183799 0.0899127 -0.000532217 0.00130866 0.000437228 -0.000532217 0.0101604 -0.0185604 -0.000534108 0.00130866 -0.0185604 0.0903787 
0.0100241 -0.0183797 0.000439045 -0.000549013 -0.0183797 0.0899366 -0.000544554 0.00135505 0.000439045 -0.000544554 0.0101364 -0.0185345 -0.000549013 0.00135505 -0.0185345 0.0903061 
0.0100317 -0.0183943 0.00042228 -0.000543618 -0.0183943 0.0899762 -0.000540047 0.00135966 0.00042228 -0.000540047 0.0101424 -0.0185162 -0.000543618 0.00135966 -0.0185162 0.0902743 
0.010027 -0.0184072 0.000428438 -0.000519769 -0.0184072 0.0900184 -0.000520481 0.00132471 0.000428438 -0.000520481 0.0101696 -0.0185233 -0.000519769 0.00132471 -0.0185233 0.0902738 
0.0100048 -0.018384 0.000463773 -0.000535415 -0.018384 0.0899784 -0.000537965 0.00134153 0.000463773 -0.000537965 0.0102092 -0.0185729 -0.000535415 0.00134153 -0.0185729 0.0903721 
0.00999636 -0.0183474 0.000477316 -0.000572012 -0.0183474 0.0898903 -0.000573688 0.00140046 0.000477316 -0.000573688 0.0102282 -0.0186337 -0.000572012 0.00140046 -0.0186337 0.0905259 
0.010026 -0.0183528 0.000451114 -0.000583346 -0.0183528 0.0898768 -0.000584208 0.00144188 0.000451114 -0.000584208 0.0102329 -0.0186551 -0.000583346 0.00144188 -0.0186551 0.0906311 
0.0100526 -0.0183978 0.000431645 -0.000556226 -0.0183978 0.0899565 -0.000557176 0.00142015 0.000431645 -0.000557176 0.0102391 -0.0186566 -0.000556226 0.00142015 -0.0186566 0.0906613 
0.0100515 -0.0184293 0.000428679 -0.000539493 -0.0184293 0.0900431 -0.000538695 0.00137987 0.000428679 -0.000538695 0.0102436 -0.0186605 -0.000539493 0.00137987 -0.0186605 0.0906662 
0.0100471 -0.0184496 0.00042446 -0.00052302 -0.0184496 0.0901337 -0.000521827 0.00132156 0.00042446 -0.000521827 0.0102336 -0.0186442 -0.00052302 0.00132156 -0.0186442 0.0906156 
0.0100413 -0.0184384 0.000427781 -0.000514891 -0.0184384 0.0901441 -0.000513378 0.00128235 0.000427781 -0.000513378 0.0102274 -0.0186337 -0.000514891 0.00128235 -0.0186337 0.0905778 
0.0100289 -0.0184069 0.000447316 -0.000525964 -0.0184069 0.0900626 -0.000524484 0.00129174 0.000447316 -0.000524484 0.0102117 -0.018637 -0.000525964 0.00129174 -0.018637 0.0905778 
0.0100142 -0.0183764 0.000471819 -0.00055121 -0.0183764 0.0899587 -0.000554292 0.00134318 0.000471819 -0.000554292 0.0101929 -0.0186209 -0.00055121 0.00134318 -0.0186209 0.0905561 
0.0100001 -0.0183467 0.000460948 -0.000580131 -0.0183467 0.0898584 -0.000584615 0.00141551 0.000460948 -0.000584615 0.0101973 -0.0186093 -0.000580131 0.00141551 -0.0186093 0.0905425 
0.0100113 -0.018351 0.000443137 -0.000573346 -0.018351 0.0898561 -0.000574281 0.00143965 0.000443137 -0.000574281 0.010215 -0.018602 -0.000573346 0.00143965 -0.018602 0.0905113 
0.0100268 -0.0183691 0.000422914 -0.000541525 -0.0183691 0.0898838 -0.00054325 0.0013814 0.000422914 -0.00054325 0.0102042 -0.0186101 -0.000541525 0.0013814 -0.0186101 0.0904917 
0.0100293 -0.0183994 0.000407677 -0.000512114 -0.0183994 0.0899635 -0.000516407 0.0013074 0.000407677 -0.000516407 0.0102086 -0.0185983 -0.000512114 0.0013074 -0.0185983 0.0904727 
0.0100477 -0.0183978 0.000405767 -0.000497946 -0.0183978 0.0899938 -0.000502618 0.0012584 0.000405767 -0.000502618 0.0101947 -0.0186134 -0.000497946 0.0012584 -0.0186134 0.0904996 
0.0100599 -0.0184247 0.000407286 -0.000491855 -0.0184247 0.0900468 -0.000497284 0.0012277 0.000407286 -0.000497284 0.0101762 -0.0185942 -0.000491855 0.0012277 -0.0185942 0.0904844 
0.010042 -0.0184459 0.000429246 -0.000491045 -0.0184459 0.0901123 -0.000496882 0.00121583 0.000429246 -0.000496882 0.0101918 -0.0185736 -0.000491045 0.00121583 -0.0185736 0.0904481 
0.0100222 -0.0184096 0.00045748 -0.000537763 -0.0184096 0.090064 -0.000541616 0.00130664 0.00045748 -0.000541616 0.0102048 -0.0186002 -0.000537763 0.00130664 -0.0186002 0.0904812 
0.0100241 -0.0183787 0.000470358 -0.000570125 -0.0183787 0.0899824 -0.000571887 0.00139656 0.000470358 -0.000571887 0.010206 -0.0186253 -0.000570125 0.00139656 -0.0186253 0.0905526 
0.0100415 -0.0183906 0.000478265 -0.000585403 -0.0183906 0.0899777 -0.00058518 0.00145323 0.000478265 -0.00058518 0.0101905 -0.0186186 -0.000585403 0.00145323 -0.0186186 0.0905626 
0.0100626 -0.0184207 0.000474308 -0.000590406 -0.0184207 0.0900393 -0.000587279 0.00147109 0.000474308 -0.000587279 0.0101835 -0.018597 -0.000590406 0.00147109 -0.018597 0.0905287 
0.0101056 -0.0184486 0.000459368 -0.000570863 -0.0184486 0.090115 -0.000565736 0.00142721 0.000459368 -0.000565736 0.010171 -0.0185928 -0.000570863 0.00142721 -0.0185928 0.090509 
0.0101209 -0.0184985 0.000457402 -0.000563033 -0.0184985 0.0902153 -0.000559545 0.00140637 0.000457402 -0.000559545 0.0101722 -0.0185719 -0.000563033 0.00140637 -0.0185719 0.0904611 
0.0101036 -0.0185011 0.000476061 -0.000576576 -0.0185011 0.0902452 -0.000573869 0.00143408 0.000476061 -0.000573869 0.0101789 -0.0185752 -0.000576576 0.00143408 -0.0185752 0.0904399 
0.0100718 -0.0185026 0.000476761 -0.000584686 -0.0185026 0.090278 -0.000584464 0.00144516 0.000476761 -0.000584464 0.0101959 -0.0185666 -0.000584686 0.00144516 -0.0185666 0.0904057 
0.0100575 -0.0184619 0.000465178 -0.000567592 -0.0184619 0.0902224 -0.000568102 0.00140823 0.000465178 -0.000568102 0.0102118 -0.0185941 -0.000567592 0.00140823 -0.0185941 0.0904442 
0.0100682 -0.018442 0.000434102 -0.000571664 -0.018442 0.0901582 -0.000569436 0.00141342 0.000434102 -0.000569436 0.0102096 -0.0186118 -0.000571664 0.00141342 -0.0186118 0.0904895 
0.0100708 -0.0184438 0.000422949 -0.000544902 -0.0184438 0.0901188 -0.000540125 0.00138318 0.000422949 -0.000540125 0.0101981 -0.0186056 -0.000544902 0.00138318 -0.0186056 0.0904888 
0.0100684 -0.0184521 0.000419378 -0.000524828 -0.0184521 0.0901253 -0.000522885 0.00132935 0.000419378 -0.000522885 0.0101946 -0.0185849 -0.000524828 0.00132935 -0.0185849 0.090446 
0.010065 -0.0184315 0.000404216 -0.000511794 -0.0184315 0.0900752 -0.000515988 0.00128787 0.000404216 -0.000515988 0.0101786 -0.0185971 -0.000511794 0.00128787 -0.0185971 0.0904646 
0.0100581 -0.0184147 0.000386996 -0.000497069 -0.0184147 0.0900077 -0.000506366 0.00125974 0.000386996 -0.000506366 0.0101371 -0.0185815 -0.000497069 0.00125974 -0.0185815 0.0904577 
0.0100393 -0.0184082 0.000390237 -0.000481988 -0.0184082 0.0899827 -0.000491806 0.00123257 0.000390237 -0.000491806 0.0101112 -0.0185303 -0.000481988 0.00123257 -0.0185303 0.0903719 
0.0100373 -0.0184017 0.000395741 -0.000469037 -0.0184017 0.0899906 -0.000474906 0.00117868 0.000395741 -0.000474906 0.0101118 -0.0184926 -0.000469037 0.00117868 -0.0184926 0.0902695 
0.0100449 -0.0184057 0.000385526 -0.000479485 -0.0184057 0.0900022 -0.000480731 0.00117272 0.000385526 -0.000480731 0.0101095 -0.0184768 -0.000479485 0.00117272 -0.0184768 0.0901833 
0.0100448 -0.0184062 0.000385961 -0.000473365 -0.0184062 0.0899979 -0.000471355 0.00116635 0.000385961 -0.000471355 0.0101014 -0.0184747 -0.000473365 0.00116635 -0.0184747 0.0901482 
0.010037 -0.0184133 0.000385861 -0.000477029 -0.0184133 0.0900137 -0.000475265 0.00117232 0.000385861 -0.000475265 0.0100998 -0.0184582 -0.000477029 0.00117232 -0.0184582 0.0901069 
0.0100306 -0.0184027 0.000398989 -0.000481179 -0.0184027 0.0900064 -0.000479726 0.00119081 0.000398989 -0.000479726 0.0101105 -0.0184579 -0.000481179 0.00119081 -0.0184579 0.0900891 
0.0100396 -0.0183884 0.000401101 -0.000493035 -0.0183884 0.0899679 -0.000490393 0.00120985 0.000401101 -0.000490393 0.0101009 -0.0184755 -0.000493035 0.00120985 -0.0184755 0.0901169 
0.0100313 -0.0183886 0.000388881 -0.000494177 -0.0183886 0.0899382 -0.000492191 0.00122082 0.000388881 -0.000492191 0.0100965 -0.0184765 -0.000494177 0.00122082 -0.0184765 0.0901501 
0.0100276 -0.0183736 0.000380264 -0.00047791 -0.0183736 0.0899018 -0.000477137 0.00119888 0.000380264 -0.000477137 0.0100865 -0.018473 -0.00047791 0.00119888 -0.018473 0.0901567 
0.0100211 -0.0183542 0.000363579 -0.000476024 -0.0183542 0.0898349 -0.000475731 0.00119201 0.000363579 -0.000475731 0.0100423 -0.0184533 -0.000476024 0.00119201 -0.0184533 0.0901116 
0.0100262 -0.018355 0.000370214 -0.000464239 -0.018355 0.0898249 -0.000464592 0.00118512 0.000370214 -0.000464592 0.0100148 -0.0183962 -0.000464239 0.00118512 -0.0183962 0.0900061 
0.0100244 -0.0183735 0.000368361 -0.000451618 -0.0183735 0.0898665 -0.000452437 0.00113874 0.000368361 -0.000452437 0.01001 -0.0183498 -0.000451618 0.00113874 -0.0183498 0.0898693 
0.0100141 -0.0183874 0.000374166 -0.000456261 -0.0183874 0.0899292 -0.000457301 0.00113588 0.000374166 -0.000457301 0.0100216 -0.0183335 -0.000456261 0.00113588 -0.0183335 0.0897815 
0.0100185 -0.0183774 0.000375227 -0.000453759 -0.0183774 0.089941 -0.000455031 0.00112687 0.000375227 -0.000455031 0.0100426 -0.0183601 -0.000453759 0.00112687 -0.0183601 0.0898159 
0.0100271 -0.0183898 0.000377225 -0.000459344 -0.0183898 0.0899679 -0.000459603 0.00113613 0.000377225 -0.000459603 0.0100565 -0.0183837 -0.000459344 0.00113613 -0.0183837 0.0898738 
0.010023 -0.0183774 0.000384255 -0.000472611 -0.0183774 0.0899298 -0.000470288 0.00116667 0.000384255 -0.000470288 0.0100534 -0.0184087 -0.000472611 0.00116667 -0.0184087 0.0899404 
0.0100227 -0.0183529 0.00037978 -0.000471878 -0.0183529 0.0898634 -0.000468128 0.00116608 0.00037978 -0.000468128 0.0100547 -0.0184354 -0.000471878 0.00116608 -0.0184354 0.0900432 
0.0100221 -0.0183627 0.000382474 -0.00047382 -0.0183627 0.089859 -0.000472955 0.00117966 0.000382474 -0.000472955 0.0100471 -0.0184218 -0.00047382 0.00117966 -0.0184218 0.0900423 
0.0100148 -0.0183637 0.000394849 -0.000482371 -0.0183637 0.0898618 -0.000484622 0.00120895 0.000394849 -0.000484622 0.0100462 -0.0184052 -0.000482371 0.00120895 -0.0184052 0.0900029 
0.0100274 -0.0183618 0.000378573 -0.000480226 -0.0183618 0.0898646 -0.00048341 0.00120081 0.000378573 -0.00048341 0.0100384 -0.0183974 -0.000480226 0.00120081 -0.0183974 0.0899685 
0.0100501 -0.0183691 0.000369061 -0.000470029 -0.0183691 0.0898687 -0.000472392 0.00119151 0.000369061 -0.000472392 0.0100191 -0.0183949 -0.000470029 0.00119151 -0.0183949 0.0899564 
0.0100522 -0.0183977 0.00036477 -0.000460158 -0.0183977 0.0899142 -0.000462451 0.00116839 0.00036477 -0.000462451 0.0100059 -0.0183641 -0.000460158 0.00116839 -0.0183641 0.0898949 
0.0100387 -0.0184109 0.000376134 -0.000447721 -0.0184109 0.0899693 -0.000452597 0.00113442 0.000376134 -0.000452597 0.0100016 -0.0183345 -0.000447721 0.00113442 -0.0183345 0.0898045 
0.0100224 -0.0183838 0.000381174 -0.000474508 -0.0183838 0.0899318 -0.000480281 0.00117822 0.000381174 -0.000480281 0.009992 -0.0183282 -0.000474508 0.00117822 -0.0183282 0.0897565 
0.0100058 -0.0183581 0.000378185 -0.000467152 -0.0183581 0.0898643 -0.000471189 0.00117212 0.000378185 -0.000471189 0.00998834 -0.0183224 -0.000467152 0.00117212 -0.0183224 0.0897401 
0.0100042 -0.018341 0.00036468 -0.000460007 -0.018341 0.0898159 -0.000460742 0.00114981 0.00036468 -0.000460742 0.00999656 -0.018323 -0.000460007 0.00114981 -0.018323 0.0897458 
0.00998916 -0.0183299 0.000374912 -0.00045597 -0.0183299 0.0897657 -0.000453615 0.00114421 0.000374912 -0.000453615 0.0100076 -0.0183309 -0.00045597 0.00114421 -0.0183309 0.0897556 
0.00997498 -0.0183039 0.00038283 -0.000456605 -0.0183039 0.0897006 -0.000453793 0.00112666 0.00038283 -0.000453793 0.00999971 -0.0183461 -0.000456605 0.00112666 -0.0183461 0.089779 
0.00998272 -0.0183038 0.000390383 -0.000476742 -0.0183038 0.0896923 -0.000475965 0.00116917 0.000390383 -0.000475965 0.00997924 -0.0183212 -0.000476742 0.00116917 -0.0183212 0.0897412 
0.00999478 -0.0183247 0.000360788 -0.000487831 -0.0183247 0.0897346 -0.000487271 0.00120996 0.000360788 -0.000487271 0.0099611 -0.0182823 -0.000487831 0.00120996 -0.0182823 0.0896481 
0.010007 -0.0183201 0.000346674 -0.000465713 -0.0183201 0.0897301 -0.000466141 0.00121148 0.000346674 -0.000466141 0.00996278 -0.018288 -0.000465713 0.00121148 -0.018288 0.0896519 
0.0100136 -0.0183309 0.000345859 -0.000437435 -0.0183309 0.0897369 -0.000440421 0.00114947 0.000345859 -0.000440421 0.00997238 -0.0182956 -0.000437435 0.00114947 -0.0182956 0.0896745 
0.0100176 -0.018334 0.00034149 -0.000426512 -0.018334 0.0897376 -0.000429908 0.00109477 0.00034149 -0.000429908 0.00996957 -0.0183087 -0.000426512 0.00109477 -0.0183087 0.0897061 
0.0100264 -0.0183462 0.000356174 -0.000433678 -0.0183462 0.0897603 -0.000435288 0.00109926 0.000356174 -0.000435288 0.00994481 -0.0182898 -0.000433678 0.00109926 -0.0182898 0.0896726 
0.0100216 -0.0183653 0.000335671 -0.00042532 -0.0183653 0.0898103 -0.000425686 0.0010608 0.000335671 -0.000425686 0.00994032 -0.0182593 -0.00042532 0.0010608 -0.0182593 0.0896123 
0.00999286 -0.0183648 0.000331979 -0.000421875 -0.0183648 0.0898334 -0.000423329 0.00106522 0.000331979 -0.000423329 0.00994375 -0.0182361 -0.000421875 0.00106522 -0.0182361 0.0895254 
0.00996172 -0.0183278 0.000342258 -0.000424838 -0.0183278 0.0897844 -0.000425262 0.00107619 0.000342258 -0.000425262 0.00994906 -0.0182377 -0.000424838 0.00107619 -0.0182377 0.0894912 
0.00993504 -0.0182799 0.000337111 -0.000429594 -0.0182799 0.0896733 -0.000427193 0.00107489 0.000337111 -0.000427193 0.009959 -0.0182548 -0.000429594 0.00107489 -0.0182548 0.0895228 
0.00991971 -0.0182323 0.000322101 -0.00040659 -0.0182323 0.0895416 -0.000404191 0.00102403 0.000322101 -0.000404191 0.00998085 -0.0182873 -0.00040659 0.00102403 -0.0182873 0.0896123 
0.00992641 -0.0182248 0.000314109 -0.0003927 -0.0182248 0.0894978 -0.000390548 0.000987811 0.000314109 -0.000390548 0.0100045 -0.0183153 -0.0003927 0.000987811 -0.0183153 0.0896946 
0.00991916 -0.0182292 0.000306789 -0.000399397 -0.0182292 0.0894851 -0.000396429 0.00100058 0.000306789 -0.000396429 0.010027 -0.018345 -0.000399397 0.00100058 -0.018345 0.0897726 
0.00991667 -0.018225 0.000284214 -0.000384958 -0.018225 0.0894841 -0.000382885 0.000980712 0.000284214 -0.000382885 0.0100419 -0.0183712 -0.000384958 0.000980712 -0.0183712 0.0898418 
0.00992709 -0.0182043 0.000290467 -0.000368452 -0.0182043 0.0894277 -0.000367882 0.000958247 0.000290467 -0.000367882 0.0100373 -0.0184018 -0.000368452 0.000958247 -0.0184018 0.0899296 
0.00994273 -0.0182382 0.000305116 -0.000360624 -0.0182382 0.0894769 -0.000362984 0.000920658 0.000305116 -0.000362984 0.0100099 -0.0183742 -0.000360624 0.000920658 -0.0183742 0.0898963 
0.00996006 -0.0182652 0.00032994 -0.000376226 -0.0182652 0.0895536 -0.000380175 0.000932843 0.00032994 -0.000380175 0.00998912 -0.0183379 -0.000376226 0.000932843 -0.0183379 0.0898214 
0.00998178 -0.0182807 0.000334314 -0.00041543 -0.0182807 0.0896011 -0.000417209 0.00100999 0.000334314 -0.000417209 0.00997176 -0.0183116 -0.00041543 0.00100999 -0.0183116 0.0897429 
0.00998 -0.018313 0.000325396 -0.000413118 -0.018313 0.0896728 -0.00041084 0.00102509 0.000325396 -0.00041084 0.00997728 -0.0182782 -0.000413118 0.00102509 -0.0182782 0.0896425 
0.00997953 -0.0182986 0.000312221 -0.000411354 -0.0182986 0.0896664 -0.000406568 0.0010292 0.000312221 -0.000406568 0.00996378 -0.0182885 -0.000411354 0.0010292 -0.0182885 0.0896174 
0.00995089 -0.0182873 0.000312314 -0.000398042 -0.0182873 0.0896316 -0.00039315 0.00101132 0.000312314 -0.00039315 0.00997465 -0.018286 -0.000398042 0.00101132 -0.018286 0.0896268 
0.00992288 -0.0182474 0.000327335 -0.000407161 -0.0182474 0.0895567 -0.000401649 0.00102581 0.000327335 -0.000401649 0.00999459 -0.0183085 -0.000407161 0.00102581 -0.0183085 0.0896753 
0.00992296 -0.0182378 0.000336792 -0.00039505 -0.0182378 0.0895343 -0.000390946 0.000983179 0.000336792 -0.000390946 0.00999395 -0.0183116 -0.00039505 0.000983179 -0.0183116 0.0896805 
0.00990888 -0.0182249 0.000344579 -0.000418127 -0.0182249 0.0894889 -0.000418824 0.00102025 0.000344579 -0.000418824 0.010004 -0.0183173 -0.000418127 0.00102025 -0.0183173 0.0896977 
0.00990182 -0.0181938 0.000346736 -0.000422579 -0.0181938 0.0894085 -0.000427929 0.00104745 0.000346736 -0.000427929 0.00999854 -0.0183396 -0.000422579 0.00104745 -0.0183396 0.0897482 
0.00993255 -0.0182168 0.000328542 -0.00042705 -0.0182168 0.0894463 -0.000433517 0.00106844 0.000328542 -0.000433517 0.00995317 -0.0183037 -0.00042705 0.00106844 -0.0183037 0.0896852 
0.00994223 -0.0182362 0.00028934 -0.000386978 -0.0182362 0.0894758 -0.000393378 0.000992981 0.00028934 -0.000393378 0.00993046 -0.0182686 -0.000386978 0.000992981 -0.0182686 0.0896263 
0.00994914 -0.0182452 0.000263292 -0.000360684 -0.0182452 0.0895032 -0.000364195 0.000935921 0.000263292 -0.000364195 0.00991233 -0.018238 -0.000360684 0.000935921 -0.018238 0.0895463 
0.00994883 -0.0182355 0.000252005 -0.000337718 -0.0182355 0.0894737 -0.000338294 0.000884422 0.000252005 -0.000338294 0.00990161 -0.0182213 -0.000337718 0.000884422 -0.0182213 0.0894928 
0.00992595 -0.0182275 0.000254122 -0.000325038 -0.0182275 0.0894372 -0.000323196 0.000841134 0.000254122 -0.000323196 0.009912 -0.0182075 -0.000325038 0.000841134 -0.0182075 0.0894472 
0.00992714 -0.0182187 0.000258641 -0.000326344 -0.0182187 0.0894294 -0.000322864 0.000824282 0.000258641 -0.000322864 0.00989188 -0.0181945 -0.000326344 0.000824282 -0.0181945 0.0893783 
0.00991631 -0.0182225 0.000252646 -0.00032295 -0.0182225 0.0894295 -0.000319018 0.000805157 0.000252646 -0.000319018 0.00989349 -0.0181661 -0.00032295 0.000805157 -0.0181661 0.0893095 
0.00992177 -0.0182048 0.000259826 -0.000317972 -0.0182048 0.0893966 -0.000315404 0.000796554 0.000259826 -0.000315404 0.00989302 -0.0181741 -0.000317972 0.000796554 -0.0181741 0.089303 
0.00991038 -0.0182038 0.000263233 -0.000319176 -0.0182038 0.0893747 -0.000317153 0.000786287 0.000263233 -0.000317153 0.00990986 -0.0181868 -0.000319176 0.000786287 -0.0181868 0.0893396 
0.00988593 -0.0182101 0.000272015 -0.000329862 -0.0182101 0.0894044 -0.000325414 0.000806282 0.000272015 -0.000325414 0.00993985 -0.0181911 -0.000329862 0.000806282 -0.0181911 0.0893429 
0.00988097 -0.0182014 0.00029358 -0.00035899 -0.0182014 0.0894319 -0.000355336 0.000884937 0.00029358 -0.000355336 0.00997316 -0.0182228 -0.00035899 0.000884937 -0.0182228 0.0893953 
0.00985045 -0.0181454 0.000311172 -0.00037993 -0.0181454 0.0892891 -0.000379057 0.000945797 0.000311172 -0.000379057 0.0100045 -0.0183046 -0.00037993 0.000945797 -0.0183046 0.089591 
0.00985501 -0.0181168 0.000326558 -0.000402992 -0.0181168 0.0891956 -0.000403824 0.00100826 0.000326558 -0.000403824 0.00999612 -0.0183354 -0.000402992 0.00100826 -0.0183354 0.0897136 
0.00986288 -0.0181269 0.000330141 -0.000409733 -0.0181269 0.0891835 -0.000409319 0.00103093 0.000330141 -0.000409319 0.00998739 -0.0183259 -0.000409733 0.00103093 -0.0183259 0.0897448 
0.0098698 -0.0181503 0.000320808 -0.000385916 -0.0181503 0.0892438 -0.000387837 0.000972959 0.000320808 -0.000387837 0.0100012 -0.0183168 -0.000385916 0.000972959 -0.0183168 0.0897388 
0.00989738 -0.0181775 0.000321989 -0.000382328 -0.0181775 0.0893347 -0.000385736 0.000953018 0.000321989 -0.000385736 0.0100164 -0.0183244 -0.000382328 0.000953018 -0.0183244 0.0897376 
0.00992317 -0.0182093 0.000320564 -0.000400685 -0.0182093 0.0894144 -0.000401156 0.000988857 0.000320564 -0.000401156 0.0100098 -0.0183356 -0.000400685 0.000988857 -0.0183356 0.0897427 
0.00994107 -0.0182327 0.00029862 -0.000407939 -0.0182327 0.0894741 -0.000406017 0.00102138 0.00029862 -0.000406017 0.00999301 -0.0183346 -0.000407939 0.00102138 -0.0183346 0.0897503 
0.00994142 -0.0182378 0.000293734 -0.000384251 -0.0182378 0.0894877 -0.000380709 0.000997839 0.000293734 -0.000380709 0.00997731 -0.0183292 -0.000384251 0.000997839 -0.0183292 0.0897582 
0.00996738 -0.0182608 0.000287048 -0.000356386 -0.0182608 0.089557 -0.000353432 0.000916472 0.000287048 -0.000353432 0.00995947 -0.018301 -0.000356386 0.000916472 -0.018301 0.0897098 
0.0100077 -0.0183021 0.000279544 -0.000338313 -0.0183021 0.0896623 -0.000334451 0.000844116 0.000279544 -0.000334451 0.00995342 -0.0182793 -0.000338313 0.000844116 -0.0182793 0.0896549 
0.0100144 -0.0183419 0.000299292 -0.000345274 -0.0183419 0.0897536 -0.000342425 0.000846926 0.000299292 -0.000342425 0.00996733 -0.0182736 -0.000345274 0.000846926 -0.0182736 0.0896211 
0.0100084 -0.0183525 0.000317367 -0.000382776 -0.0183525 0.0898138 -0.000384146 0.000927818 0.000317367 -0.000384146 0.0100025 -0.0182965 -0.000382776 0.000927818 -0.0182965 0.0896548 
0.0100105 -0.0183529 0.000327461 -0.000411121 -0.0183529 0.08984 -0.000415209 0.00101939 0.000327461 -0.000415209 0.0100157 -0.01833 -0.000411121 0.00101939 -0.01833 0.0897108 
0.010019 -0.0183527 0.000347793 -0.00043484 -0.0183527 0.0898444 -0.000438119 0.00110412 0.000347793 -0.000438119 0.0100273 -0.018363 -0.00043484 0.00110412 -0.018363 0.0898138 
0.0100259 -0.01838 0.000364593 -0.000445136 -0.01838 0.0899051 -0.000446165 0.00113146 0.000364593 -0.000446165 0.0100382 -0.0183691 -0.000445136 0.00113146 -0.0183691 0.0898581 
0.010017 -0.0183865 0.000388527 -0.000467671 -0.0183865 0.0899379 -0.00046784 0.00117477 0.000388527 -0.00046784 0.0100526 -0.0183831 -0.000467671 0.00117477 -0.0183831 0.0898941 
0.0100234 -0.0183845 0.000381773 -0.000465154 -0.0183845 0.0899632 -0.000465912 0.00115607 0.000381773 -0.000465912 0.0100717 -0.018413 -0.000465154 0.00115607 -0.018413 0.0899729 
0.0100038 -0.0183708 0.000378743 -0.000461417 -0.0183708 0.0899233 -0.000462422 0.00114673 0.000378743 -0.000462422 0.0101143 -0.0184555 -0.000461417 0.00114673 -0.0184555 0.0900903 
0.00997111 -0.0183377 0.000381151 -0.000470925 -0.0183377 0.0898413 -0.000469241 0.00116491 0.000381151 -0.000469241 0.0101432 -0.0185024 -0.000470925 0.00116491 -0.0185024 0.0901978 
0.00995651 -0.0183094 0.000370622 -0.000470262 -0.0183094 0.0897738 -0.000466482 0.00116529 0.000370622 -0.000466482 0.0101464 -0.0185231 -0.000470262 0.00116529 -0.0185231 0.0902564 
0.00996048 -0.0182967 0.00036028 -0.000456705 -0.0182967 0.0897287 -0.000452321 0.00114221 0.00036028 -0.000452321 0.0101308 -0.0185186 -0.000456705 0.00114221 -0.0185186 0.0902602 
0.00998076 -0.0182833 0.000358609 -0.000442319 -0.0182833 0.089673 -0.000440615 0.00111034 0.000358609 -0.000440615 0.0101103 -0.0185189 -0.000442319 0.00111034 -0.0185189 0.0902798 
0.00997516 -0.0183088 0.000362086 -0.000434773 -0.0183088 0.0896896 -0.000436529 0.001085 0.000362086 -0.000436529 0.0101263 -0.0184902 -0.000434773 0.001085 -0.0184902 0.0902367 
0.00994085 -0.0183064 0.000387425 -0.000464175 -0.0183064 0.0897036 -0.000466756 0.00114949 0.000387425 -0.000466756 0.0101495 -0.0184946 -0.000464175 0.00114949 -0.0184946 0.0902005 
0.00993685 -0.018278 0.000402403 -0.000477431 -0.018278 0.0896802 -0.000477681 0.00117857 0.000402403 -0.000477681 0.0101672 -0.0185286 -0.000477431 0.00117857 -0.0185286 0.0902587 
0.00995772 -0.0182696 0.00040038 -0.000496853 -0.0182696 0.0896481 -0.000494553 0.00121727 0.00040038 -0.000494553 0.0101779 -0.018562 -0.000496853 0.00121727 -0.018562 0.0903555 
0.00997754 -0.0183076 0.000398362 -0.000493197 -0.0183076 0.0897124 -0.000488408 0.00122338 0.000398362 -0.000488408 0.0101783 -0.0185681 -0.000493197 0.00122338 -0.0185681 0.0903933 
0.00998151 -0.0183518 0.00041095 -0.000498451 -0.0183518 0.0898354 -0.000493961 0.00123752 0.00041095 -0.000493961 0.0101747 -0.0185417 -0.000498451 0.00123752 -0.0185417 0.0903293 
0.009944 -0.0183144 0.000415368 -0.000517976 -0.0183144 0.0897827 -0.000513846 0.00127635 0.000415368 -0.000513846 0.0101775 -0.0185635 -0.000517976 0.00127635 -0.0185635 0.090354 
0.00991589 -0.0182688 0.000422957 -0.000514072 -0.0182688 0.08968 -0.00051154 0.00128022 0.000422957 -0.00051154 0.0101786 -0.018568 -0.000514072 0.00128022 -0.018568 0.0903799 
0.00991547 -0.0182413 0.000431322 -0.000526108 -0.0182413 0.0896018 -0.000524163 0.00130168 0.000431322 -0.000524163 0.0101695 -0.018562 -0.000526108 0.00130168 -0.018562 0.0903719 
0.00994488 -0.0182444 0.00040782 -0.000516422 -0.0182444 0.0895825 -0.000512312 0.00127531 0.00040782 -0.000512312 0.0101617 -0.0185553 -0.000516422 0.00127531 -0.0185553 0.0903644 
0.00995711 -0.0182671 0.000387204 -0.000499741 -0.0182671 0.0895919 -0.000496319 0.00124929 0.000387204 -0.000496319 0.0101451 -0.0185453 -0.000499741 0.00124929 -0.0185453 0.0903389 
0.00996121 -0.0182852 0.00039126 -0.000461987 -0.0182852 0.0896396 -0.000463548 0.00116853 0.00039126 -0.000463548 0.010128 -0.0185291 -0.000461987 0.00116853 -0.0185291 0.0903085 
0.00996368 -0.0182791 0.000398124 -0.000486199 -0.0182791 0.0896364 -0.00048935 0.00119437 0.000398124 -0.00048935 0.0101216 -0.0185146 -0.000486199 0.00119437 -0.0185146 0.0902825 
0.00995599 -0.0182744 0.000396598 -0.000493778 -0.0182744 0.089615 -0.000494331 0.00122226 0.000396598 -0.000494331 0.0101199 -0.0185101 -0.000493778 0.00122226 -0.0185101 0.0902669 
0.00996833 -0.0183058 0.000399732 -0.000491926 -0.0183058 0.0897044 -0.000490772 0.00123145 0.000399732 -0.000490772 0.010119 -0.0184801 -0.000491926 0.00123145 -0.0184801 0.0901876 
0.00999968 -0.0183091 0.000397931 -0.000500733 -0.0183091 0.0897335 -0.000498239 0.00125036 0.000397931 -0.000498239 0.0101108 -0.0184927 -0.000500733 0.00125036 -0.0184927 0.0901912 
