0.00747872 0 -0.000470557 0 0 0.01 0 0 -0.000470557 0 0.00717867 0 0 0 0 0.01 
0.0105236 -0.0130674 -0.000561984 0.000692333 -0.0130674 0.0342302 0.000692333 -0.00132747 -0.000561984 0.000692333 0.0101396 -0.0125934 0.000692333 -0.00132747 -0.0125934 0.0333213 
0.0105183 -0.0196697 -0.00042433 0.000737013 -0.0196697 0.0720591 0.000737013 -0.00234526 -0.00042433 0.000737013 0.0102264 -0.019147 0.000737013 -0.00234526 -0.019147 0.0703866 
0.00992481 -0.0192581 -0.000338957 0.000523234 -0.0192581 0.0860011 0.000512024 -0.00183556 -0.000338957 0.000512024 0.00969059 -0.0188696 0.000523234 -0.00183556 -0.0188696 0.0845527 
0.00988148 -0.0185163 -0.000351807 0.000422799 -0.0185163 0.0888298 0.00040422 -0.00118327 -0.000351807 0.00040422 0.00967191 -0.0181879 0.000422799 -0.00118327 -0.0181879 0.0877587 
0.010064 -0.0183942 -0.00040543 0.00045438 -0.0183942 0.0895749 0.000439199 -0.00103638 -0.00040543 0.000439199 0.0098134 -0.0181163 0.00045438 -0.00103638 -0.0181163 0.088776 
0.0101792 -0.0185144 -0.000452171 0.00052929 -0.0185144 0.090056 0.000523659 -0.00119599 -0.000452171 0.000523659 0.00991792 -0.0182018 0.00052929 -0.00119599 -0.0182018 0.0893078 
0.0102333 -0.0185793 -0.000451976 0.000593001 -0.0185793 0.0903081 0.000593963 -0.00141607 -0.000451976 0.000593963 0.00993666 -0.0182597 0.000593001 -0.00141607 -0.0182597 0.0895458 
0.0102334 -0.0185939 -0.000437608 0.000572459 -0.0185939 0.090359 0.000575615 -0.00146182 -0.000437608 0.000575615 0.00993213 -0.0182695 0.000572459 -0.00146182 -0.0182695 0.0896107 
0.0102186 -0.0186001 -0.000441026 0.000532838 -0.0186001 0.0903836 0.000540981 -0.0013898 -0.000441026 0.000540981 0.00995616 -0.0182628 0.000532838 -0.0013898 -0.0182628 0.0896076 
0.0102163 -0.018612 -0.000433329 0.000528838 -0.018612 0.0904398 0.000541941 -0.00134533 -0.000433329 0.000541941 0.0099717 -0.0182717 0.000528838 -0.00134533 -0.0182717 0.0895899 
0.0102147 -0.0186078 -0.000427568 0.000512048 -0.0186078 0.0904512 0.000524938 -0.00129651 -0.000427568 0.000524938 0.00998882 -0.0183116 0.000512048 -0.00129651 -0.0183116 0.0896789 
0.0102109 -0.0186139 -0.00041804 0.000510202 -0.0186139 0.0904748 0.000517891 -0.00127205 -0.00041804 0.000517891 0.0100087 -0.0183403 0.000510202 -0.00127205 -0.0183403 0.0897794 
0.0102 -0.0186152 -0.000415626 0.000507474 -0.0186152 0.0904974 0.000510533 -0.00126262 -0.000415626 0.000510533 0.0100297 -0.0183643 0.000507474 -0.00126262 -0.0183643 0.0898567 
0.0101884 -0.0186017 -0.000425822 0.000500372 -0.0186017 0.0904903 0.000500078 -0.00123752 -0.000425822 0.000500078 0.0100465 -0.0184007 0.000500372 -0.00123752 -0.0184007 0.0899569 
0.0101753 -0.018594 -0.000443002 0.000542916 -0.018594 0.0904765 0.000541125 -0.00132288 -0.000443002 0.000541125 0.0100335 -0.0183985 0.000542916 -0.00132288 -0.0183985 0.0899682 
0.0101601 -0.0185825 -0.00043307 0.000562218 -0.0185825 0.0904649 0.00055686 -0.00138498 -0.00043307 0.00055686 0.0100384 -0.0183872 0.000562218 -0.00138498 -0.0183872 0.0899614 
0.0101428 -0.0185448 -0.000430035 0.000552919 -0.0185448 0.0903766 0.000546758 -0.00139528 -0.000430035 0.000546758 0.0100397 -0.0184059 0.000552919 -0.00139528 -0.0184059 0.0899967 
0.0101374 -0.0185136 -0.000426302 0.000525178 -0.0185136 0.0902766 0.000520532 -0.00132764 -0.000426302 0.000520532 0.0100353 -0.0184155 0.000525178 -0.00132764 -0.0184155 0.0900375 
0.0101461 -0.0185144 -0.000417126 0.000518176 -0.0185144 0.0902429 0.000514096 -0.00128517 -0.000417126 0.000514096 0.0100007 -0.0183861 0.000518176 -0.00128517 -0.0183861 0.0899728 
0.0101281 -0.0185167 -0.000411767 0.000504277 -0.0185167 0.090228 0.000498965 -0.00124654 -0.000411767 0.000498965 0.00999361 -0.0183481 0.000504277 -0.00124654 -0.0183481 0.0898895 
0.0100868 -0.0184804 -0.000411951 0.000514463 -0.0184804 0.0901526 0.00051001 -0.00126464 -0.000411951 0.00051001 0.0099913 -0.0183347 0.000514463 -0.00126464 -0.0183347 0.0898169 
0.0100876 -0.0184309 -0.000391097 0.000498631 -0.0184309 0.0900496 0.000497129 -0.00123644 -0.000391097 0.000497129 0.00998754 -0.0183437 0.000498631 -0.00123644 -0.0183437 0.0898252 
0.0100863 -0.0184421 -0.000370648 0.000471911 -0.0184421 0.0900328 0.000473376 -0.00118601 -0.000370648 0.000473376 0.00998894 -0.0183232 0.000471911 -0.00118601 -0.0183232 0.0897789 
0.0100918 -0.0184392 -0.000366508 0.000459855 -0.0184392 0.0900306 0.000464982 -0.00116224 -0.000366508 0.000464982 0.00997213 -0.0183214 0.000459855 -0.00116224 -0.0183214 0.089747 
0.0100833 -0.0184512 -0.000357182 0.000448498 -0.0184512 0.0900563 0.000454525 -0.00113183 -0.000357182 0.000454525 0.00996156 -0.0182983 0.000448498 -0.00113183 -0.0182983 0.0897003 
0.0100844 -0.0184471 -0.000363444 0.000438549 -0.0184471 0.090074 0.000441078 -0.00110369 -0.000363444 0.000441078 0.00994952 -0.0182816 0.000438549 -0.00110369 -0.0182816 0.0896495 
0.010088 -0.0184473 -0.000369248 0.000449501 -0.0184473 0.090081 0.000447468 -0.00110954 -0.000369248 0.000447468 0.00995335 -0.0182738 0.000449501 -0.00110954 -0.0182738 0.0896271 
0.01012 -0.0184677 -0.000359244 0.00047063 -0.0184677 0.0901339 0.000467155 -0.00116149 -0.000359244 0.000467155 0.0099404 -0.0182648 0.00047063 -0.00116149 -0.0182648 0.089594 
0.0101305 -0.0184813 -0.000348583 0.000449559 -0.0184813 0.0901423 0.000450468 -0.00114643 -0.000348583 0.000450468 0.00993066 -0.0182679 0.000449559 -0.00114643 -0.0182679 0.0896056 
0.0101599 -0.0184954 -0.000360945 0.000430904 -0.0184954 0.0901751 0.000435501 -0.00110493 -0.000360945 0.000435501 0.00991223 -0.0182669 0.000430904 -0.00110493 -0.0182669 0.089627 
0.0101715 -0.0185388 -0.000376307 0.000447661 -0.0185388 0.0902609 0.000451605 -0.00111235 -0.000376307 0.000451605 0.0098967 -0.0182335 0.000447661 -0.00111235 -0.0182335 0.0895694 
0.010151 -0.0185634 -0.000369422 0.000471969 -0.0185634 0.0903463 0.000474601 -0.0011635 -0.000369422 0.000474601 0.00988376 -0.018189 0.000471969 -0.0011635 -0.018189 0.0894382 
0.0101056 -0.0185206 -0.000370375 0.000463349 -0.0185206 0.0902937 0.000465544 -0.00117492 -0.000370375 0.000465544 0.00989919 -0.01819 0.000463349 -0.00117492 -0.01819 0.0894069 
0.0100648 -0.0184718 -0.000363692 0.000461969 -0.0184718 0.0901965 0.000462904 -0.00116545 -0.000363692 0.000462904 0.00991533 -0.0181962 0.000461969 -0.00116545 -0.0181962 0.0893926 
0.010014 -0.0184044 -0.00034811 0.000456372 -0.0184044 0.0900238 0.000453452 -0.00114999 -0.00034811 0.000453452 0.00992498 -0.0182142 0.000456372 -0.00114999 -0.0182142 0.0894114 
0.00998698 -0.0183455 -0.000332128 0.000418607 -0.0183455 0.089864 0.000412729 -0.00106089 -0.000332128 0.000412729 0.00993019 -0.0182236 0.000418607 -0.00106089 -0.0182236 0.0894385 
0.0099985 -0.0183092 -0.000297778 0.000395715 -0.0183092 0.0897368 0.000389027 -0.000982591 -0.000297778 0.000389027 0.0099134 -0.0182321 0.000395715 -0.000982591 -0.0182321 0.0894707 
0.0100153 -0.0183169 -0.000274142 0.000385312 -0.0183169 0.0896922 0.00037975 -0.000974316 -0.000274142 0.00037975 0.00987157 -0.018204 0.000385312 -0.000974316 -0.018204 0.0894268 
0.0100238 -0.0183352 -0.000266317 0.000358849 -0.0183352 0.089708 0.000356732 -0.000936014 -0.000266317 0.000356732 0.0098365 -0.0181468 0.000358849 -0.000936014 -0.0181468 0.0893094 
0.0100163 -0.0183583 -0.000268208 0.000345122 -0.0183583 0.089767 0.000345349 -0.000897596 -0.000268208 0.000345349 0.00982411 -0.0180907 0.000345122 -0.000897596 -0.0180907 0.0891581 
0.0100154 -0.0183279 -0.000272441 0.000337488 -0.0183279 0.089723 0.000338745 -0.00086533 -0.000272441 0.000338745 0.00982046 -0.0181017 0.000337488 -0.00086533 -0.0181017 0.0891471 
0.0100153 -0.0183029 -0.000273744 0.000330924 -0.0183029 0.089638 0.000332881 -0.000834922 -0.000273744 0.000332881 0.00984282 -0.0181286 0.000330924 -0.000834922 -0.0181286 0.0892287 
0.0100106 -0.0183119 -0.000295386 0.000339036 -0.0183119 0.0896301 0.000341214 -0.00084299 -0.000295386 0.000341214 0.0098564 -0.018142 0.000339036 -0.00084299 -0.018142 0.0892615 
0.0100108 -0.0183291 -0.000306403 0.000375075 -0.0183291 0.0896857 0.000375418 -0.000913049 -0.000306403 0.000375418 0.00985943 -0.0181408 0.000375075 -0.000913049 -0.0181408 0.0892549 
0.0100054 -0.0183304 -0.000309268 0.000396579 -0.0183304 0.0897113 0.000397442 -0.000987166 -0.000309268 0.000397442 0.0098595 -0.0181406 0.000396579 -0.000987166 -0.0181406 0.089246 
0.0100001 -0.0183154 -0.000302997 0.000404683 -0.0183154 0.0896832 0.00040691 -0.00103059 -0.000302997 0.00040691 0.00983569 -0.018138 0.000404683 -0.00103059 -0.018138 0.0892318 
0.00998915 -0.018311 -0.0002711 0.000380547 -0.018311 0.0896677 0.000385117 -0.000993488 -0.0002711 0.000385117 0.00981479 -0.0181049 0.000380547 -0.000993488 -0.0181049 0.089169 
0.00997339 -0.0183061 -0.000256933 0.000331643 -0.0183061 0.0896684 0.00033841 -0.000894892 -0.000256933 0.00033841 0.00982031 -0.0180767 0.000331643 -0.000894892 -0.0180767 0.0890988 
0.0099387 -0.0182755 -0.000267752 0.000332009 -0.0182755 0.089602 0.000338025 -0.000869255 -0.000267752 0.000338025 0.00983644 -0.0180809 0.000332009 -0.000869255 -0.0180809 0.0890725 
0.00993749 -0.0182615 -0.000283431 0.000351764 -0.0182615 0.0895831 0.000353106 -0.000897822 -0.000283431 0.000353106 0.00981893 -0.0180671 0.000351764 -0.000897822 -0.0180671 0.0890073 
0.00992876 -0.0182377 -0.00027266 0.000348547 -0.0182377 0.0895094 0.000347269 -0.000876399 -0.00027266 0.000347269 0.00980619 -0.0180596 0.000348547 -0.000876399 -0.0180596 0.0889859 
0.00991848 -0.0182151 -0.00026553 0.000333075 -0.0182151 0.0894335 0.000330945 -0.000841602 -0.00026553 0.000330945 0.00980302 -0.0180543 0.000333075 -0.000841602 -0.0180543 0.0889796 
0.00989531 -0.0181836 -0.000250888 0.000321929 -0.0181836 0.0893326 0.000323015 -0.000810736 -0.000250888 0.000323015 0.00981826 -0.0180624 0.000321929 -0.000810736 -0.0180624 0.0890016 
0.00990367 -0.018163 -0.000240011 0.000304596 -0.018163 0.0892719 0.000308517 -0.000776309 -0.000240011 0.000308517 0.00981903 -0.0180739 0.000304596 -0.000776309 -0.0180739 0.0890211 
0.00992197 -0.0181761 -0.000230094 0.000290046 -0.0181761 0.0892677 0.00029125 -0.000733311 -0.000230094 0.00029125 0.0098087 -0.0180718 0.000290046 -0.000733311 -0.0180718 0.0890257 
0.00991364 -0.0182057 -0.000250746 0.000299346 -0.0182057 0.0893251 0.000293914 -0.000746556 -0.000250746 0.000293914 0.00980898 -0.0180504 0.000299346 -0.000746556 -0.0180504 0.0889813 
0.00989507 -0.0182096 -0.000244026 0.000322027 -0.0182096 0.0893771 0.000311991 -0.000779094 -0.000244026 0.000311991 0.00981385 -0.018039 0.000322027 -0.000779094 -0.018039 0.0889291 
0.00987416 -0.0181839 -0.000241296 0.000317023 -0.0181839 0.089352 0.000308475 -0.000796905 -0.000241296 0.000308475 0.00982986 -0.0180511 0.000317023 -0.000796905 -0.0180511 0.088939 
0.00987453 -0.0181553 -0.000249299 0.000306649 -0.0181553 0.0892913 0.000303342 -0.000783966 -0.000249299 0.000303342 0.00983656 -0.0180755 0.000306649 -0.000783966 -0.0180755 0.0889914 
0.00989156 -0.0181466 -0.0002657 0.000322171 -0.0181466 0.0892459 0.000321192 -0.000812294 -0.0002657 0.000321192 0.00984773 -0.0181017 0.000322171 -0.000812294 -0.0181017 0.0890772 
0.0099062 -0.0181666 -0.000292505 0.000346234 -0.0181666 0.0892587 0.000345253 -0.000868132 -0.000292505 0.000345253 0.00985385 -0.0181191 0.000346234 -0.000868132 -0.0181191 0.0891416 
0.009916 -0.0181845 -0.000305228 0.000373786 -0.0181845 0.0892966 0.000371941 -0.000926207 -0.000305228 0.000371941 0.00984953 -0.0181283 0.000373786 -0.000926207 -0.0181283 0.0891806 
0.00990434 -0.0181933 -0.000302851 0.000391235 -0.0181933 0.0893276 0.000388888 -0.000979647 -0.000302851 0.000388888 0.00985229 -0.0181328 0.000391235 -0.000979647 -0.0181328 0.0892132 
0.00988703 -0.0181916 -0.000287503 0.000373326 -0.0181916 0.0893523 0.000371375 -0.000955205 -0.000287503 0.000371375 0.0098592 -0.0181262 0.000373326 -0.000955205 -0.0181262 0.0892046 
0.00987386 -0.0181684 -0.000269627 0.000360293 -0.0181684 0.0893195 0.00036143 -0.000930843 -0.000269627 0.00036143 0.00986287 -0.0181337 0.000360293 -0.000930843 -0.0181337 0.0892119 
0.00983927 -0.0181326 -0.000268969 0.000340896 -0.0181326 0.0892238 0.000343305 -0.00089404 -0.000268969 0.000343305 0.00988068 -0.0181479 0.000340896 -0.00089404 -0.0181479 0.0892465 
0.00983746 -0.0180832 -0.000244335 0.000316033 -0.0180832 0.0891011 0.000316977 -0.000809941 -0.000244335 0.000316977 0.00988753 -0.0181829 0.000316033 -0.000809941 -0.0181829 0.0893337 
0.00985091 -0.01808 -0.000230607 0.00029535 -0.01808 0.0890392 0.000294335 -0.000755312 -0.000230607 0.000294335 0.00988566 -0.0181886 0.00029535 -0.000755312 -0.0181886 0.0893771 
0.00986838 -0.0181258 -0.000240587 0.0003038 -0.0181258 0.0891255 0.000299586 -0.000767394 -0.000240587 0.000299586 0.00987364 -0.0181487 0.0003038 -0.000767394 -0.0181487 0.0892805 
0.00987544 -0.018153 -0.000250126 0.000313467 -0.018153 0.0892192 0.000312702 -0.000790322 -0.000250126 0.000312702 0.00986416 -0.018128 0.000313467 -0.000790322 -0.018128 0.0891921 
0.00986431 -0.0181652 -0.000253146 0.000315199 -0.0181652 0.0892795 0.000319302 -0.000799339 -0.000253146 0.000319302 0.00986525 -0.0181136 0.000315199 -0.000799339 -0.0181136 0.0891316 
0.00984366 -0.0181448 -0.000254968 0.000315324 -0.0181448 0.0892648 0.000320372 -0.000801015 -0.000254968 0.000320372 0.00989173 -0.0181256 0.000315324 -0.000801015 -0.0181256 0.0891401 
0.00983065 -0.0181112 -0.000245955 0.000310182 -0.0181112 0.0891868 0.000311321 -0.000780996 -0.000245955 0.000311321 0.00991422 -0.0181656 0.000310182 -0.000780996 -0.0181656 0.08922 
0.00984046 -0.0180888 -0.000255492 0.000307781 -0.0180888 0.0891051 0.00030394 -0.000771594 -0.000255492 0.00030394 0.00990638 -0.0181959 0.000307781 -0.000771594 -0.0181959 0.0893092 
0.00983154 -0.0180966 -0.00024897 0.000313722 -0.0180966 0.0890777 0.00030862 -0.000768722 -0.00024897 0.00030862 0.00990877 -0.0181904 0.000313722 -0.000768722 -0.0181904 0.0893429 
0.00982732 -0.0180848 -0.000243704 0.000327102 -0.0180848 0.0890552 0.000324059 -0.00081768 -0.000243704 0.000324059 0.00990895 -0.018194 0.000327102 -0.00081768 -0.018194 0.0893566 
0.00983025 -0.018092 -0.000242007 0.000337279 -0.018092 0.0890692 0.000335793 -0.000875248 -0.000242007 0.000335793 0.00989978 -0.0181793 0.000337279 -0.000875248 -0.0181793 0.0893218 
0.0098255 -0.0180825 -0.000257635 0.000324942 -0.0180825 0.0890461 0.000325545 -0.000868058 -0.000257635 0.000325545 0.00989885 -0.0181794 0.000324942 -0.000868058 -0.0181794 0.0893185 
0.00984162 -0.0180634 -0.00026093 0.00032119 -0.0180634 0.0889994 0.000322951 -0.000831674 -0.00026093 0.000322951 0.00988774 -0.0181973 0.00032119 -0.000831674 -0.0181973 0.0893664 
0.00984563 -0.0180971 -0.000274037 0.000323793 -0.0180971 0.0890507 0.000325706 -0.000822731 -0.000274037 0.000325706 0.00988832 -0.0181724 0.000323793 -0.000822731 -0.0181724 0.0893324 
0.00984654 -0.018115 -0.000276506 0.000338212 -0.018115 0.0891215 0.000336598 -0.000834747 -0.000276506 0.000336598 0.0098805 -0.0181534 0.000338212 -0.000834747 -0.0181534 0.0892562 
0.00983275 -0.0181172 -0.000269278 0.000347659 -0.0181172 0.0891545 0.000343215 -0.000860078 -0.000269278 0.000343215 0.00989649 -0.0181465 0.000347659 -0.000860078 -0.0181465 0.0892219 
0.00981742 -0.0181062 -0.000251732 0.000323176 -0.0181062 0.0891562 0.00031792 -0.000811803 -0.000251732 0.00031792 0.00993677 -0.0181709 0.000323176 -0.000811803 -0.0181709 0.0892573 
0.00979968 -0.0180828 -0.000236379 0.000303076 -0.0180828 0.0891101 0.000297679 -0.000758502 -0.000236379 0.000297679 0.00998387 -0.0182294 0.000303076 -0.000758502 -0.0182294 0.0893773 
0.00980652 -0.0180734 -0.000240982 0.000297158 -0.0180734 0.089086 0.000293447 -0.000744782 -0.000240982 0.000293447 0.00999035 -0.0182786 0.000297158 -0.000744782 -0.0182786 0.0895005 
0.00980406 -0.0180581 -0.000242032 0.000302358 -0.0180581 0.0890287 0.000302121 -0.000753992 -0.000242032 0.000302121 0.01001 -0.0183183 0.000302358 -0.000753992 -0.0183183 0.0896496 
0.00980655 -0.018056 -0.000261206 0.000310511 -0.018056 0.0890091 0.000311651 -0.000782391 -0.000261206 0.000311651 0.0100094 -0.0183382 0.000310511 -0.000782391 -0.0183382 0.0897242 
0.00980068 -0.0180669 -0.000281614 0.000340344 -0.0180669 0.0890251 0.000339923 -0.000843558 -0.000281614 0.000339923 0.0100003 -0.018326 0.000340344 -0.000843558 -0.018326 0.0897194 
0.00980708 -0.0180578 -0.00029482 0.000366465 -0.0180578 0.0890178 0.000363838 -0.000909849 -0.00029482 0.000363838 0.00997326 -0.0183148 0.000366465 -0.000909849 -0.0183148 0.0896955 
0.00981718 -0.0180536 -0.000291299 0.000372717 -0.0180536 0.0889912 0.000370163 -0.000933089 -0.000291299 0.000370163 0.0099461 -0.0182851 0.000372717 -0.000933089 -0.0182851 0.0896395 
0.00982868 -0.0180689 -0.00028805 0.000368723 -0.0180689 0.0890083 0.000368793 -0.000938966 -0.00028805 0.000368793 0.00992389 -0.0182442 0.000368723 -0.000938966 -0.0182442 0.0895418 
0.00983582 -0.0180933 -0.000267915 0.000346608 -0.0180933 0.0890648 0.000349013 -0.000888112 -0.000267915 0.000349013 0.00992363 -0.0182127 0.000346608 -0.000888112 -0.0182127 0.0894534 
0.00985536 -0.018117 -0.000257887 0.000330278 -0.018117 0.0891421 0.000335964 -0.000858291 -0.000257887 0.000335964 0.0099294 -0.018203 0.000330278 -0.000858291 -0.018203 0.0893953 
0.00984942 -0.0181233 -0.000286062 0.000333887 -0.0181233 0.0891602 0.000341903 -0.00086983 -0.000286062 0.000341903 0.00993651 -0.0182213 0.000333887 -0.00086983 -0.0182213 0.089413 
0.00985249 -0.0181138 -0.000301678 0.000373574 -0.0181138 0.0891536 0.000378981 -0.00093755 -0.000301678 0.000378981 0.00992882 -0.0182389 0.000373574 -0.00093755 -0.0182389 0.0894636 
0.00984375 -0.0181181 -0.000288556 0.000388039 -0.0181181 0.0891559 0.000389288 -0.00098295 -0.000288556 0.000389288 0.00993218 -0.0182278 0.000388039 -0.00098295 -0.0182278 0.0894641 
0.00983625 -0.0181162 -0.000277647 0.000365921 -0.0181162 0.0891636 0.000365848 -0.000954359 -0.000277647 0.000365848 0.00992299 -0.0182096 0.000365921 -0.000954359 -0.0182096 0.0893987 
0.00982363 -0.018121 -0.000270297 0.000332671 -0.018121 0.0891861 0.000333118 -0.000863531 -0.000270297 0.000333118 0.00991909 -0.0181828 0.000332671 -0.000863531 -0.0181828 0.0893163 
0.00982249 -0.0180982 -0.000269233 0.000330636 -0.0180982 0.0891496 0.00033101 -0.000831397 -0.000269233 0.00033101 0.00991909 -0.0181817 0.000330636 -0.000831397 -0.0181817 0.089286 
0.00983243 -0.0180673 -0.000279834 0.000342127 -0.0180673 0.0890472 0.000342366 -0.000853064 -0.000279834 0.000342366 0.00990033 -0.0182048 0.000342127 -0.000853064 -0.0182048 0.0893377 
0.00983695 -0.0180779 -0.000264315 0.000352013 -0.0180779 0.089019 0.000350372 -0.000873074 -0.000264315 0.000350372 0.00988579 -0.0181866 0.000352013 -0.000873074 -0.0181866 0.0893422 
0.00982976 -0.0180733 -0.000245147 0.000336305 -0.0180733 0.0889975 0.000332537 -0.000859927 -0.000245147 0.000332537 0.00987751 -0.0181755 0.000336305 -0.000859927 -0.0181755 0.0893268 
0.00982743 -0.0180628 -0.000242712 0.000316313 -0.0180628 0.0889694 0.000312225 -0.00082305 -0.000242712 0.000312225 0.0098678 -0.0181624 0.000316313 -0.00082305 -0.0181624 0.0892969 
0.00980439 -0.0180701 -0.000258921 0.000317545 -0.0180701 0.0889809 0.00031394 -0.000813129 -0.000258921 0.00031394 0.00988148 -0.0181361 0.000317545 -0.000813129 -0.0181361 0.0892269 
0.00979324 -0.0180633 -0.000257458 0.000324829 -0.0180633 0.0890062 0.00032098 -0.000811059 -0.000257458 0.00032098 0.00989293 -0.0181362 0.000324829 -0.000811059 -0.0181362 0.0891785 
0.00977417 -0.0180262 -0.000241213 0.000320046 -0.0180262 0.0889257 0.000316922 -0.000805198 -0.000241213 0.000316922 0.00990461 -0.018172 0.000320046 -0.000805198 -0.018172 0.089245 
0.00978841 -0.0180185 -0.000226719 0.000307357 -0.0180185 0.0888984 0.000304201 -0.000789269 -0.000226719 0.000304201 0.00987735 -0.0181628 0.000307357 -0.000789269 -0.0181628 0.0892305 
0.00980727 -0.0180456 -0.000209519 0.000285877 -0.0180456 0.0889417 0.000285599 -0.000745274 -0.000209519 0.000285599 0.00984927 -0.018116 0.000285877 -0.000745274 -0.018116 0.0891337 
0.00981975 -0.0180478 -0.000201394 0.000260208 -0.0180478 0.0889442 0.000263774 -0.000687724 -0.000201394 0.000263774 0.00983957 -0.0181025 0.000260208 -0.000687724 -0.0181025 0.0890931 
0.00980825 -0.0180635 -0.000212029 0.000254689 -0.0180635 0.0889634 0.000257395 -0.000657441 -0.000212029 0.000257395 0.00983725 -0.0180807 0.000254689 -0.000657441 -0.0180807 0.0890315 
0.00977724 -0.0180333 -0.000201532 0.000266295 -0.0180333 0.0889078 0.000266253 -0.000659469 -0.000201532 0.000266253 0.00983826 -0.0180859 0.000266295 -0.000659469 -0.0180859 0.0890206 
0.00976598 -0.0179988 -0.00020317 0.000264961 -0.0179988 0.0888334 0.000265107 -0.000677631 -0.00020317 0.000265107 0.00982634 -0.0180806 0.000264961 -0.000677631 -0.0180806 0.0890047 
0.00975875 -0.0179761 -0.000203866 0.000259153 -0.0179761 0.0887616 0.000259673 -0.000667757 -0.000203866 0.000259673 0.00983862 -0.0180831 0.000259153 -0.000667757 -0.0180831 0.0890274 
0.00975546 -0.0179703 -0.000205658 0.000260509 -0.0179703 0.0887271 0.00026066 -0.000666096 -0.000205658 0.00026066 0.00985061 -0.0180929 0.000260509 -0.000666096 -0.0180929 0.0890441 
0.00974535 -0.0179802 -0.000198548 0.000260138 -0.0179802 0.0887476 0.000260862 -0.000662478 -0.000198548 0.000260862 0.00985002 -0.0180914 0.000260138 -0.000662478 -0.0180914 0.0890285 
0.00976425 -0.0179944 -0.000185651 0.000252235 -0.0179944 0.088812 0.00025563 -0.000655388 -0.000185651 0.00025563 0.0098256 -0.0180705 0.000252235 -0.000655388 -0.0180705 0.0889731 
0.00976694 -0.0179971 -0.000165115 0.000227064 -0.0179971 0.0888151 0.000231027 -0.000601841 -0.000165115 0.000231027 0.00981593 -0.0180563 0.000227064 -0.000601841 -0.0180563 0.0889469 
0.00976579 -0.0179993 -0.000171262 0.00021589 -0.0179993 0.0888195 0.000217414 -0.00057179 -0.000171262 0.000217414 0.00981071 -0.0180429 0.00021589 -0.00057179 -0.0180429 0.0889121 
0.00976303 -0.0179849 -0.00018348 0.000223765 -0.0179849 0.0887812 0.000224671 -0.000570391 -0.00018348 0.000224671 0.00981081 -0.0180458 0.000223765 -0.000570391 -0.0180458 0.0889142 
0.00977275 -0.0179938 -0.000210075 0.000245271 -0.0179938 0.0887914 0.000244763 -0.000614761 -0.000210075 0.000244763 0.00979908 -0.0180298 0.000245271 -0.000614761 -0.0180298 0.0888724 
0.00974837 -0.0179897 -0.000216559 0.000271795 -0.0179897 0.0887695 0.000270844 -0.000667106 -0.000216559 0.000270844 0.00980718 -0.018028 0.000271795 -0.000667106 -0.018028 0.0888661 
0.00974955 -0.0179823 -0.000203182 0.000276301 -0.0179823 0.0887798 0.000278737 -0.000699874 -0.000203182 0.000278737 0.00981613 -0.0180263 0.000276301 -0.000699874 -0.0180263 0.0888547 
0.0097339 -0.0179664 -0.000193174 0.000253383 -0.0179664 0.0887367 0.000255926 -0.000669165 -0.000193174 0.000255926 0.00985027 -0.0180584 0.000253383 -0.000669165 -0.0180584 0.0889272 
0.00972806 -0.0179483 -0.000206855 0.000248184 -0.0179483 0.0886907 0.000245316 -0.000644929 -0.000206855 0.000245316 0.00986207 -0.0180992 0.000248184 -0.000644929 -0.0180992 0.0890201 
0.00972492 -0.0179334 -0.000197371 0.000252227 -0.0179334 0.088641 0.00024615 -0.000622787 -0.000197371 0.00024615 0.00986642 -0.0181273 0.000252227 -0.000622787 -0.0181273 0.0891209 
0.00971933 -0.0179152 -0.000198061 0.000263744 -0.0179152 0.0885768 0.000258703 -0.0006633 -0.000198061 0.000258703 0.00986965 -0.0181442 0.000263744 -0.0006633 -0.0181442 0.0891983 
0.00972972 -0.0179332 -0.000178037 0.00024966 -0.0179332 0.0886098 0.000243424 -0.000637517 -0.000178037 0.000243424 0.00985721 -0.0181254 0.00024966 -0.000637517 -0.0181254 0.0891713 
0.00972616 -0.0179569 -0.000173105 0.000221186 -0.0179569 0.0886765 0.000213322 -0.000574129 -0.000173105 0.000213322 0.0098596 -0.0181005 0.000221186 -0.000574129 -0.0181005 0.0891077 
0.009717 -0.0179391 -0.00018276 0.000219056 -0.0179391 0.0886628 0.000215834 -0.000551634 -0.00018276 0.000215834 0.00987033 -0.018116 0.000219056 -0.000551634 -0.018116 0.0891174 
0.00970692 -0.0179306 -0.000182852 0.000230823 -0.0179306 0.0886402 0.000234072 -0.000572119 -0.000182852 0.000234072 0.00987552 -0.0181193 0.000230823 -0.000572119 -0.0181193 0.0891157 
0.0097135 -0.017924 -0.000174394 0.000222898 -0.017924 0.0886299 0.000228211 -0.000566904 -0.000174394 0.000228211 0.00987355 -0.0181224 0.000222898 -0.000566904 -0.0181224 0.0891162 
0.00971869 -0.0179212 -0.000178024 0.000225318 -0.0179212 0.0886059 0.000229573 -0.000579556 -0.000178024 0.000229573 0.0098676 -0.0181284 0.000225318 -0.000579556 -0.0181284 0.0891348 
0.00972808 -0.0179146 -0.000173418 0.000229359 -0.0179146 0.0885741 0.000233032 -0.000590138 -0.000173418 0.000233032 0.00985203 -0.0181345 0.000229359 -0.000590138 -0.0181345 0.089166 
0.00972518 -0.0179437 -0.000184565 0.000224676 -0.0179437 0.0886273 0.000227787 -0.000588207 -0.000184565 0.000227787 0.00985622 -0.0180975 0.000224676 -0.000588207 -0.0180975 0.0891013 
0.00971753 -0.0179499 -0.000186771 0.000233745 -0.0179499 0.0886756 0.000234802 -0.000592168 -0.000186771 0.000234802 0.0098672 -0.018095 0.000233745 -0.000592168 -0.018095 0.0890557 
0.00971758 -0.0179201 -0.000173291 0.000229044 -0.0179201 0.0886215 0.0002286 -0.000579372 -0.000173291 0.0002286 0.00986085 -0.0181301 0.000229044 -0.000579372 -0.0181301 0.0891218 
0.00970855 -0.0179288 -0.000166469 0.000211588 -0.0179288 0.0886211 0.000211826 -0.00054593 -0.000166469 0.000211826 0.00987171 -0.0181172 0.000211588 -0.00054593 -0.0181172 0.0891296 
0.00971173 -0.0179265 -0.000151653 0.000199742 -0.0179265 0.0886309 0.000198912 -0.000505932 -0.000151653 0.000198912 0.00987207 -0.0181172 0.000199742 -0.000505932 -0.0181172 0.0891087 
0.00969498 -0.017917 -0.000147674 0.000194473 -0.017917 0.0886022 0.000190949 -0.000493604 -0.000147674 0.000190949 0.00989607 -0.0181283 0.000194473 -0.000493604 -0.0181283 0.0891314 
0.0096839 -0.0179043 -0.000151419 0.000202152 -0.0179043 0.0885802 0.000195541 -0.000510035 -0.000151419 0.000195541 0.00991728 -0.0181517 0.000202152 -0.000510035 -0.0181517 0.0891699 
0.0096907 -0.0178933 -0.000159525 0.000199274 -0.0178933 0.0885574 0.000192074 -0.00050576 -0.000159525 0.000192074 0.00992912 -0.0181836 0.000199274 -0.00050576 -0.0181836 0.0892459 
0.00971225 -0.0178885 -0.000177025 0.000205164 -0.0178885 0.0885256 0.000200777 -0.000509559 -0.000177025 0.000200777 0.00992333 -0.0182136 0.000205164 -0.000509559 -0.0182136 0.0893402 
0.00973884 -0.017929 -0.000191916 0.000227519 -0.017929 0.0885955 0.000227793 -0.000555641 -0.000191916 0.000227793 0.00991881 -0.0181998 0.000227519 -0.000555641 -0.0181998 0.0893489 
0.00976355 -0.017973 -0.000181708 0.000236114 -0.017973 0.088711 0.000236757 -0.00058094 -0.000181708 0.000236757 0.00989638 -0.0181857 0.000236114 -0.00058094 -0.0181857 0.0893113 
0.00977988 -0.0180065 -0.000166119 0.000233448 -0.0180065 0.0888188 0.000232456 -0.000595322 -0.000166119 0.000232456 0.00988475 -0.0181641 0.000233448 -0.000595322 -0.0181641 0.0892724 
0.00977589 -0.018017 -0.000172899 0.000222427 -0.018017 0.0888657 0.000222243 -0.000589158 -0.000172899 0.000222243 0.00988243 -0.0181561 0.000222427 -0.000589158 -0.0181561 0.0892481 
0.00975486 -0.0180025 -0.000192433 0.000225829 -0.0180025 0.0888471 0.000227351 -0.000583244 -0.000192433 0.000227351 0.00989601 -0.0181609 0.000225829 -0.000583244 -0.0181609 0.089256 
0.00974428 -0.0179748 -0.000212794 0.000255729 -0.0179748 0.0887886 0.000256545 -0.000635756 -0.000212794 0.000256545 0.00990573 -0.018175 0.000255729 -0.000635756 -0.018175 0.0892796 
0.00973955 -0.0179583 -0.000211595 0.000264722 -0.0179583 0.0887319 0.00026608 -0.000656799 -0.000211595 0.00026608 0.00990994 -0.0181886 0.000264722 -0.000656799 -0.0181886 0.0893125 
