0.00688033 0 -0.000162438 0 0 0.01 0 0 -0.000162438 0 0.00779971 0 0 0 0 0.01 
0.00979509 -0.0121692 -0.000186923 0.000229639 -0.0121692 0.0325077 0.000229639 -0.000440497 -0.000186923 0.000229639 0.0108996 -0.0135309 0.000229639 -0.000440497 -0.0135309 0.035119 
0.00992382 -0.0186442 -0.000147186 0.000202098 -0.0186442 0.0687884 0.000202098 -0.000639032 -0.000147186 0.000202098 0.0108345 -0.0202231 0.000202098 -0.000639032 -0.0202231 0.0738186 
0.00939397 -0.0184643 -0.000140292 0.000146088 -0.0184643 0.0831593 0.000146271 -0.000428845 -0.000140292 0.000146271 0.0102119 -0.0196765 0.000146088 -0.000428845 -0.0196765 0.0874838 
0.00934032 -0.0178599 -0.000153209 0.000172582 -0.0178599 0.0869082 0.0001759 -0.000388519 -0.000153209 0.0001759 0.0102496 -0.0188787 0.000172582 -0.000388519 -0.0188787 0.0898998 
0.00949104 -0.0177252 -0.000165847 0.000209835 -0.0177252 0.0879615 0.000212062 -0.000470871 -0.000165847 0.000212062 0.0104473 -0.0188573 0.000209835 -0.000470871 -0.0188573 0.0906504 
0.00960144 -0.0177826 -0.000178412 0.00024317 -0.0177826 0.0883463 0.00024382 -0.000591722 -0.000178412 0.00024382 0.0105637 -0.01903 0.00024317 -0.000591722 -0.01903 0.0913183 
0.00965984 -0.0178899 -0.000170805 0.000243497 -0.0178899 0.0886295 0.000242702 -0.000629751 -0.000170805 0.000242702 0.0105903 -0.0190641 0.000243497 -0.000629751 -0.0190641 0.0915742 
0.00968565 -0.0179322 -0.000165889 0.000212549 -0.0179322 0.0887551 0.000211467 -0.000572685 -0.000165889 0.000211467 0.0106017 -0.0190676 0.000212549 -0.000572685 -0.0190676 0.091627 
0.00967839 -0.0179398 -0.000156396 0.000191948 -0.0179398 0.0887632 0.000191507 -0.000498801 -0.000156396 0.000191507 0.0105942 -0.0190705 0.000191948 -0.000498801 -0.0190705 0.0916091 
0.00968124 -0.0179392 -0.000145588 0.000172554 -0.0179392 0.0887712 0.000171453 -0.000431756 -0.000145588 0.000171453 0.0105727 -0.019065 0.000172554 -0.000431756 -0.019065 0.0915906 
0.00967662 -0.0179607 -0.000126064 0.00015372 -0.0179607 0.0888303 0.00015266 -0.000369704 -0.000126064 0.00015266 0.0105635 -0.0190368 0.00015372 -0.000369704 -0.0190368 0.091535 
0.00969975 -0.0179807 -0.000115782 0.000137017 -0.0179807 0.0889214 0.000137828 -0.000329656 -0.000115782 0.000137828 0.010534 -0.0190134 0.000137017 -0.000329656 -0.0190134 0.0914621 
0.00971009 -0.0179957 -0.000127072 0.000151494 -0.0179957 0.0889684 0.000153659 -0.000370011 -0.000127072 0.000153659 0.0105257 -0.0189943 0.000151494 -0.000370011 -0.0189943 0.0914285 
0.0097054 -0.0179729 -0.000146003 0.000171526 -0.0179729 0.088915 0.00017267 -0.000424546 -0.000146003 0.00017267 0.0105145 -0.0190098 0.000171526 -0.000424546 -0.0190098 0.0914639 
0.00968037 -0.0179697 -0.000152259 0.000193189 -0.0179697 0.0888897 0.000193581 -0.000478107 -0.000152259 0.000193581 0.0105241 -0.0189986 0.000193189 -0.000478107 -0.0189986 0.0914732 
0.00968006 -0.0179654 -0.000138308 0.000191123 -0.0179654 0.0889063 0.00019219 -0.000487389 -0.000138308 0.00019219 0.0105267 -0.0189982 0.000191123 -0.000487389 -0.0189982 0.0914683 
0.0096855 -0.0179497 -0.000131794 0.000183172 -0.0179497 0.088867 0.00018481 -0.000486645 -0.000131794 0.00018481 0.0105084 -0.0190085 0.000183172 -0.000486645 -0.0190085 0.0914919 
0.00970558 -0.0179828 -0.000126694 0.000164567 -0.0179828 0.0889326 0.00016535 -0.000441256 -0.000126694 0.00016535 0.0104691 -0.0189624 0.000164567 -0.000441256 -0.0189624 0.0914054 
0.00969644 -0.0179824 -0.000133852 0.000160594 -0.0179824 0.0889391 0.000160185 -0.000415637 -0.000133852 0.000160185 0.0104443 -0.0189274 0.000160594 -0.000415637 -0.0189274 0.0913196 
0.00969631 -0.0179933 -0.000141621 0.000160933 -0.0179933 0.0889794 0.000158235 -0.0003951 -0.000141621 0.000158235 0.0104322 -0.0188759 0.000160933 -0.0003951 -0.0188759 0.0911854 
0.00968599 -0.0179774 -0.000138468 0.000163489 -0.0179774 0.0889494 0.000159245 -0.000383976 -0.000138468 0.000159245 0.0104374 -0.0188753 0.000163489 -0.000383976 -0.0188753 0.0911492 
0.00968164 -0.0179587 -0.000126184 0.000170625 -0.0179587 0.0888962 0.000165594 -0.000402242 -0.000126184 0.000165594 0.0104197 -0.018873 0.000170625 -0.000402242 -0.018873 0.0911224 
0.00968955 -0.0179547 -0.000107201 0.000145872 -0.0179547 0.0888706 0.000142207 -0.000362413 -0.000107201 0.000142207 0.0103944 -0.018852 0.000145872 -0.000362413 -0.018852 0.0910839 
0.00968178 -0.0179399 -9.89488e-05 0.000120585 -0.0179399 0.0888137 0.000121141 -0.000305873 -9.89488e-05 0.000121141 0.0103828 -0.0188339 0.000120585 -0.000305873 -0.0188339 0.0910474 
0.00968132 -0.0179408 -0.000106831 0.000125847 -0.0179408 0.0888076 0.000130935 -0.000315567 -0.000106831 0.000130935 0.0103827 -0.0188199 0.000125847 -0.000315567 -0.0188199 0.0910169 
0.00967912 -0.0179682 -0.000117751 0.000136894 -0.0179682 0.0888794 0.000141637 -0.000340918 -0.000117751 0.000141637 0.010408 -0.0188049 0.000136894 -0.000340918 -0.0188049 0.0909724 
0.00966673 -0.0179524 -0.000110135 0.000142821 -0.0179524 0.0888665 0.000144829 -0.000346847 -0.000110135 0.000144829 0.0104383 -0.0188475 0.000142821 -0.000346847 -0.0188475 0.0910368 
0.0096536 -0.0179259 -0.000118934 0.000151958 -0.0179259 0.088799 0.000152312 -0.000386007 -0.000118934 0.000152312 0.0104594 -0.0188982 0.000151958 -0.000386007 -0.0188982 0.0911696 
0.00964411 -0.0178936 -0.000135912 0.000152662 -0.0178936 0.0887028 0.000151237 -0.000388645 -0.000135912 0.000151237 0.0104681 -0.0189395 0.000152662 -0.000388645 -0.0189395 0.0913067 
0.00964084 -0.017881 -0.000143443 0.000161893 -0.017881 0.0886472 0.000159514 -0.000390121 -0.000143443 0.000159514 0.0104636 -0.0189471 0.000161893 -0.000390121 -0.0189471 0.0913623 
0.00964945 -0.0178944 -0.000136968 0.000171715 -0.0178944 0.0886702 0.000170425 -0.000409472 -0.000136968 0.000170425 0.010454 -0.0189287 0.000171715 -0.000409472 -0.0189287 0.0913359 
0.00967633 -0.0179203 -0.000136422 0.000174456 -0.0179203 0.088738 0.000172804 -0.000435079 -0.000136422 0.000172804 0.0104192 -0.0188988 0.000174456 -0.000435079 -0.0188988 0.0912529 
0.00970533 -0.0179607 -0.00015269 0.00017914 -0.0179607 0.0888402 0.000175738 -0.000453136 -0.00015269 0.000175738 0.0103987 -0.0188577 0.00017914 -0.000453136 -0.0188577 0.0911607 
0.009694 -0.0179644 -0.000152515 0.000185677 -0.0179644 0.0888516 0.00018426 -0.000454607 -0.000152515 0.00018426 0.0103955 -0.0188467 0.000185677 -0.000454607 -0.0188467 0.0911116 
0.00969387 -0.0179679 -0.000145342 0.000193088 -0.0179679 0.0888828 0.000193844 -0.00048276 -0.000145342 0.000193844 0.0104178 -0.0188421 0.000193088 -0.00048276 -0.0188421 0.0910957 
0.00968786 -0.0179623 -0.000139747 0.000170445 -0.0179623 0.0888739 0.000171278 -0.00044209 -0.000139747 0.000171278 0.0104272 -0.0188672 0.000170445 -0.00044209 -0.0188672 0.0911206 
0.00967517 -0.0179657 -0.000132331 0.000178905 -0.0179657 0.0888876 0.000180288 -0.000449394 -0.000132331 0.000180288 0.0104302 -0.0188638 0.000178905 -0.000449394 -0.0188638 0.0911113 
0.00964098 -0.0179408 -0.000131557 0.000167436 -0.0179408 0.0888443 0.00017149 -0.000439544 -0.000131557 0.00017149 0.010444 -0.0188763 0.000167436 -0.000439544 -0.0188763 0.0911363 
0.00963608 -0.0179107 -0.000136893 0.000159956 -0.0179107 0.0887929 0.000164667 -0.000415973 -0.000136893 0.000164667 0.0104474 -0.0188885 0.000159956 -0.000415973 -0.0188885 0.0911635 
0.00965221 -0.0179035 -0.000137979 0.000154313 -0.0179035 0.0887543 0.000156065 -0.000382295 -0.000137979 0.000156065 0.0104222 -0.0188883 0.000154313 -0.000382295 -0.0188883 0.0911677 
0.00966512 -0.0179329 -0.000156339 0.000178864 -0.0179329 0.0888011 0.000176567 -0.000429586 -0.000156339 0.000176567 0.0104242 -0.0188575 0.000178864 -0.000429586 -0.0188575 0.0911268 
0.00969492 -0.017961 -0.00016631 0.000202971 -0.017961 0.0888818 0.000199917 -0.000490231 -0.00016631 0.000199917 0.0104198 -0.01885 0.000202971 -0.000490231 -0.01885 0.0910812 
0.00970346 -0.0179907 -0.000161506 0.000201851 -0.0179907 0.0889496 0.000199024 -0.000499519 -0.000161506 0.000199024 0.0104378 -0.0188505 0.000201851 -0.000499519 -0.0188505 0.0910715 
0.00970592 -0.0179785 -0.000150936 0.000206829 -0.0179785 0.0889354 0.000204027 -0.000518459 -0.000150936 0.000204027 0.010449 -0.0188926 0.000206829 -0.000518459 -0.0188926 0.0911535 
0.00971582 -0.0179853 -0.000149343 0.000184196 -0.0179853 0.0889392 0.000182819 -0.000480581 -0.000149343 0.000182819 0.0104569 -0.0189113 0.000184196 -0.000480581 -0.0189113 0.0912308 
0.00972403 -0.0179989 -0.000159582 0.000185531 -0.0179989 0.0889624 0.000185715 -0.000468552 -0.000159582 0.000185715 0.0104706 -0.0189261 0.000185531 -0.000468552 -0.0189261 0.0912916 
0.00971004 -0.0179873 -0.000165162 0.000180234 -0.0179873 0.0889305 0.000182413 -0.000440589 -0.000165162 0.000182413 0.0104925 -0.0189604 0.000180234 -0.000440589 -0.0189604 0.0913839 
0.00971304 -0.0179606 -0.0001515 0.000196562 -0.0179606 0.0888633 0.000200633 -0.000467932 -0.0001515 0.000200633 0.0104792 -0.0189869 0.000196562 -0.000467932 -0.0189869 0.0914569 
0.00972111 -0.0179982 -0.000152406 0.000186276 -0.0179982 0.0889336 0.000190411 -0.000474176 -0.000152406 0.000190411 0.0104742 -0.0189512 0.000186276 -0.000474176 -0.0189512 0.0914139 
0.00972106 -0.0180245 -0.000158644 0.000192265 -0.0180245 0.0890272 0.000194744 -0.000479416 -0.000158644 0.000194744 0.0104654 -0.018924 0.000192265 -0.000479416 -0.018924 0.0913168 
0.00970411 -0.0180157 -0.000159367 0.000208134 -0.0180157 0.0890408 0.000209502 -0.000515943 -0.000159367 0.000209502 0.0104608 -0.018917 0.000208134 -0.000515943 -0.018917 0.0912709 
0.00967527 -0.017993 -0.000159804 0.000198479 -0.017993 0.089004 0.000199872 -0.000507317 -0.000159804 0.000199872 0.0104602 -0.0189053 0.000198479 -0.000507317 -0.0189053 0.0912277 
0.0096614 -0.0179573 -0.000161729 0.000186147 -0.0179573 0.0889282 0.00018709 -0.000468796 -0.000161729 0.00018709 0.0104629 -0.0189026 0.000186147 -0.000468796 -0.0189026 0.0912078 
0.00964457 -0.0179357 -0.000169772 0.000187708 -0.0179357 0.0888558 0.000189705 -0.000458582 -0.000169772 0.000189705 0.0104798 -0.0189095 0.000187708 -0.000458582 -0.0189095 0.0912162 
0.00963848 -0.0178969 -0.00018144 0.00021451 -0.0178969 0.0887486 0.000214279 -0.000513629 -0.00018144 0.000214279 0.0104775 -0.0189405 0.00021451 -0.000513629 -0.0189405 0.0912783 
0.00967277 -0.0179178 -0.000171026 0.000224607 -0.0179178 0.0887701 0.000223223 -0.000547652 -0.000171026 0.000223223 0.0104472 -0.0189189 0.000224607 -0.000547652 -0.0189189 0.091255 
0.00968203 -0.0179122 -0.000159795 0.000220321 -0.0179122 0.0887188 0.00022077 -0.000564656 -0.000159795 0.00022077 0.0104131 -0.0189081 0.000220321 -0.000564656 -0.0189081 0.0912466 
0.00967008 -0.017914 -0.000159488 0.000213235 -0.017914 0.0886926 0.000215156 -0.000562341 -0.000159488 0.000215156 0.0103889 -0.0188661 0.000213235 -0.000562341 -0.0188661 0.0911733 
0.00966186 -0.0179123 -0.000135783 0.000191366 -0.0179123 0.0886983 0.000192847 -0.000503952 -0.000135783 0.000192847 0.010369 -0.0188249 0.000191366 -0.000503952 -0.0188249 0.0910611 
0.00967214 -0.0179401 -0.000122916 0.000162491 -0.0179401 0.0887816 0.00016368 -0.000434423 -0.000122916 0.00016368 0.0103551 -0.0187682 0.000162491 -0.000434423 -0.0187682 0.0908991 
0.00968073 -0.0179355 -0.000124788 0.000126262 -0.0179355 0.0887868 0.000126718 -0.000325705 -0.000124788 0.000126718 0.0103485 -0.0187639 0.000126262 -0.000325705 -0.0187639 0.0908421 
0.00970393 -0.017955 -0.00013578 0.000155573 -0.017955 0.0888267 0.000154569 -0.000357059 -0.00013578 0.000154569 0.0103181 -0.0187474 0.000155573 -0.000357059 -0.0187474 0.0907921 
0.00969306 -0.0179498 -0.000150263 0.000183271 -0.0179498 0.0887991 0.000180639 -0.000435851 -0.000150263 0.000180639 0.0103127 -0.018734 0.000183271 -0.000435851 -0.018734 0.0907776 
0.00969074 -0.017931 -0.000145928 0.0002053 -0.017931 0.0887533 0.000202838 -0.000507543 -0.000145928 0.000202838 0.0102905 -0.0187282 0.0002053 -0.000507543 -0.0187282 0.0907604 
0.00967325 -0.0179272 -0.000157054 0.000195371 -0.0179272 0.0887242 0.000192923 -0.000512698 -0.000157054 0.000192923 0.0102802 -0.0186989 0.000195371 -0.000512698 -0.0186989 0.0907089 
0.00968121 -0.0179262 -0.000156456 0.000203491 -0.0179262 0.0887375 0.000199494 -0.000512497 -0.000156456 0.000199494 0.0102654 -0.0186726 0.000203491 -0.000512497 -0.0186726 0.0906357 
0.00968004 -0.0179206 -0.000153767 0.000189002 -0.0179206 0.0887148 0.000183203 -0.000477098 -0.000153767 0.000183203 0.0102722 -0.0186718 0.000189002 -0.000477098 -0.0186718 0.0906299 
0.00967799 -0.0179145 -0.000122939 0.000171956 -0.0179145 0.0886931 0.000166587 -0.000419299 -0.000122939 0.000166587 0.010281 -0.0186881 0.000171956 -0.000419299 -0.0186881 0.0906645 
0.00967579 -0.0179264 -0.000117462 0.000141509 -0.0179264 0.0887193 0.000142197 -0.000367644 -0.000117462 0.000142197 0.01029 -0.0186869 0.000141509 -0.000367644 -0.0186869 0.0906655 
0.0096892 -0.0179196 -0.000132076 0.000159083 -0.0179196 0.0887178 0.000162508 -0.000399911 -0.000132076 0.000162508 0.0102593 -0.0186966 0.000159083 -0.000399911 -0.0186966 0.0906759 
0.00969578 -0.0179477 -0.000131065 0.00016897 -0.0179477 0.0887709 0.00017157 -0.000421811 -0.000131065 0.00017157 0.0102455 -0.0186545 0.00016897 -0.000421811 -0.0186545 0.0906191 
0.00966207 -0.0179504 -0.00012373 0.000164713 -0.0179504 0.0887954 0.000167574 -0.000423532 -0.00012373 0.000167574 0.0102622 -0.018631 0.000164713 -0.000423532 -0.018631 0.0905362 
0.00963561 -0.0179043 -0.000132659 0.000167515 -0.0179043 0.0887243 0.000169272 -0.000435999 -0.000132659 0.000169272 0.0102673 -0.0186447 0.000167515 -0.000435999 -0.0186447 0.0905151 
0.00962107 -0.0178634 -0.000125663 0.00016052 -0.0178634 0.0886094 0.000160453 -0.000408081 -0.000125663 0.000160453 0.0102617 -0.0186512 0.00016052 -0.000408081 -0.0186512 0.0905253 
0.00961802 -0.0178442 -0.000124298 0.000154534 -0.0178442 0.0885296 0.000151738 -0.000387415 -0.000124298 0.000151738 0.0102489 -0.0186368 0.000154534 -0.000387415 -0.0186368 0.0904956 
0.00962346 -0.0178322 -0.000124323 0.000156017 -0.0178322 0.0884732 0.000150912 -0.000382808 -0.000124323 0.000150912 0.010244 -0.0186251 0.000156017 -0.000382808 -0.0186251 0.0904655 
0.00964321 -0.0178362 -0.00010504 0.000139936 -0.0178362 0.0884568 0.000137086 -0.000342548 -0.00010504 0.000137086 0.0102347 -0.0186263 0.000139936 -0.000342548 -0.0186263 0.0904658 
0.00965655 -0.0178631 -0.000102784 0.000127883 -0.0178631 0.0884984 0.000127626 -0.000321916 -0.000102784 0.000127626 0.0102227 -0.018613 0.000127883 -0.000321916 -0.018613 0.0904431 
0.00966725 -0.0178784 -0.000100877 0.000115632 -0.0178784 0.0885426 0.000119084 -0.000287767 -0.000100877 0.000119084 0.0102044 -0.0186011 0.000115632 -0.000287767 -0.0186011 0.0904166 
0.00967848 -0.0179168 -8.67818e-05 0.000115114 -0.0179168 0.0886512 0.000121477 -0.000281539 -8.67818e-05 0.000121477 0.0101971 -0.0185647 0.000115114 -0.000281539 -0.0185647 0.0903395 
0.00965241 -0.0179196 -9.5355e-05 0.000118779 -0.0179196 0.0886888 0.000121548 -0.000306017 -9.5355e-05 0.000121548 0.0102279 -0.0185678 0.000118779 -0.000306017 -0.0185678 0.0903267 
0.00965493 -0.017905 -8.97035e-05 0.000121796 -0.017905 0.0886996 0.000119922 -0.00030718 -8.97035e-05 0.000119922 0.0102442 -0.0186026 0.000121796 -0.00030718 -0.0186026 0.0903822 
0.00964759 -0.0178901 -8.9576e-05 0.00010619 -0.0178901 0.088654 0.000102146 -0.0002721 -8.9576e-05 0.000102146 0.0102546 -0.0186363 0.00010619 -0.0002721 -0.0186363 0.090477 
0.00964011 -0.0178767 -8.53007e-05 0.000101956 -0.0178767 0.0886113 9.76277e-05 -0.000245608 -8.53007e-05 9.76277e-05 0.0102508 -0.0186533 0.000101956 -0.000245608 -0.0186533 0.0905454 
0.00963104 -0.0178773 -8.22885e-05 0.000106054 -0.0178773 0.0886071 0.000103232 -0.000255032 -8.22885e-05 0.000103232 0.0102503 -0.0186344 0.000106054 -0.000255032 -0.0186344 0.0905233 
0.00962482 -0.0178626 -0.000114147 0.000134753 -0.0178626 0.0885798 0.000133432 -0.000343164 -0.000114147 0.000133432 0.0102504 -0.01863 0.000134753 -0.000343164 -0.01863 0.0904958 
0.00964689 -0.0178719 -0.000135902 0.000159267 -0.0178719 0.0885998 0.000161027 -0.00040498 -0.000135902 0.000161027 0.0102308 -0.0186149 0.000159267 -0.00040498 -0.0186149 0.0904447 
0.00966828 -0.0178686 -0.0001404 0.00017423 -0.0178686 0.0885657 0.000179505 -0.000443444 -0.0001404 0.000179505 0.0102074 -0.018612 0.00017423 -0.000443444 -0.018612 0.0904413 
0.00970014 -0.0179144 -0.000144561 0.000168979 -0.0179144 0.0886487 0.00017407 -0.000438372 -0.000144561 0.00017407 0.0101993 -0.0185812 0.000168979 -0.000438372 -0.0185812 0.0903984 
0.00970558 -0.0179636 -0.000134995 0.00017491 -0.0179636 0.088776 0.0001783 -0.000441855 -0.000134995 0.0001783 0.0102248 -0.0185655 0.00017491 -0.000441855 -0.0185655 0.0903446 
0.00968996 -0.0179736 -0.000122137 0.000157885 -0.0179736 0.0888504 0.000158901 -0.000406925 -0.000122137 0.000158901 0.0102844 -0.0186107 0.000157885 -0.000406925 -0.0186107 0.090416 
0.00969153 -0.0179473 -0.000110108 0.000136393 -0.0179473 0.0888266 0.000136052 -0.000349572 -0.000110108 0.000136052 0.0103335 -0.0187072 0.000136393 -0.000349572 -0.0187072 0.0906339 
0.00969824 -0.0179478 -0.000129073 0.000148053 -0.0179478 0.088809 0.000146821 -0.000369525 -0.000129073 0.000146821 0.0103524 -0.0187665 0.000148053 -0.000369525 -0.0187665 0.0908163 
0.00970268 -0.0179563 -0.000156989 0.000169766 -0.0179563 0.0888206 0.000168834 -0.000410662 -0.000156989 0.000168834 0.0103595 -0.0187978 0.000169766 -0.000410662 -0.0187978 0.0909448 
0.00970945 -0.0179709 -0.000161052 0.000192015 -0.0179709 0.0888613 0.000194121 -0.000458204 -0.000161052 0.000194121 0.0103609 -0.0187976 0.000192015 -0.000458204 -0.0187976 0.0909756 
0.00969698 -0.0179776 -0.000192956 0.000217387 -0.0179776 0.0888827 0.000222216 -0.000546171 -0.000192956 0.000222216 0.0103616 -0.018787 0.000217387 -0.000546171 -0.018787 0.0909462 
0.00966735 -0.0179596 -0.000195819 0.000236142 -0.0179596 0.0888617 0.00024103 -0.000582308 -0.000195819 0.00024103 0.010378 -0.018796 0.000236142 -0.000582308 -0.018796 0.090956 
0.00965294 -0.0179263 -0.000187774 0.000235133 -0.0179263 0.0888031 0.00023918 -0.000591733 -0.000187774 0.00023918 0.0103825 -0.0188156 0.000235133 -0.000591733 -0.0188156 0.0909916 
0.00965803 -0.0179216 -0.000181602 0.000228777 -0.0179216 0.0887857 0.000232473 -0.00058399 -0.000181602 0.000232473 0.0103995 -0.0188162 0.000228777 -0.00058399 -0.0188162 0.0910081 
0.00965999 -0.0179185 -0.000198917 0.000218404 -0.0179185 0.0887636 0.000221338 -0.000560251 -0.000198917 0.000221338 0.0104123 -0.0188401 0.000218404 -0.000560251 -0.0188401 0.0910471 
0.00967447 -0.0179389 -0.000205348 0.000240084 -0.0179389 0.0888069 0.000242002 -0.000579746 -0.000205348 0.000242002 0.0103997 -0.0188377 0.000240084 -0.000579746 -0.0188377 0.09104 
0.00969436 -0.0179499 -0.00017877 0.000245393 -0.0179499 0.0888367 0.000244811 -0.000595316 -0.00017877 0.000244811 0.0104033 -0.0188376 0.000245393 -0.000595316 -0.0188376 0.0910581 
0.00970546 -0.0179557 -0.000156484 0.000221233 -0.0179557 0.0888357 0.000219504 -0.000572586 -0.000156484 0.000219504 0.0103964 -0.018851 0.000221233 -0.000572586 -0.018851 0.0910877 
0.00972543 -0.0179976 -0.000144456 0.000194796 -0.0179976 0.088931 0.000192454 -0.00051482 -0.000144456 0.000192454 0.0103804 -0.0188162 0.000194796 -0.00051482 -0.0188162 0.0910165 
0.00973643 -0.0180113 -0.000143994 0.000183981 -0.0180113 0.0889829 0.00018259 -0.000477583 -0.000143994 0.00018259 0.0103748 -0.018811 0.000183981 -0.000477583 -0.018811 0.0909931 
0.00972198 -0.0180161 -0.000137926 0.00018018 -0.0180161 0.0890001 0.000177203 -0.000454519 -0.000137926 0.000177203 0.0104036 -0.0188123 0.00018018 -0.000454519 -0.0188123 0.0909952 
0.00970047 -0.017981 -0.000138239 0.000181207 -0.017981 0.0889272 0.000176743 -0.000456916 -0.000138239 0.000176743 0.0104172 -0.0188522 0.000181207 -0.000456916 -0.0188522 0.0910578 
0.00968176 -0.0179524 -0.000136239 0.000164664 -0.0179524 0.0888452 0.000161441 -0.000416002 -0.000136239 0.000161441 0.0104018 -0.0188658 0.000164664 -0.000416002 -0.0188658 0.0911036 
0.00968031 -0.0179469 -0.000134556 0.000169178 -0.0179469 0.088828 0.000167236 -0.000415163 -0.000134556 0.000167236 0.0103763 -0.0188308 0.000169178 -0.000415163 -0.0188308 0.0910454 
0.00968734 -0.0179479 -0.000115855 0.000152945 -0.0179479 0.0888306 0.000152263 -0.000377968 -0.000115855 0.000152263 0.0103518 -0.0187978 0.000152945 -0.000377968 -0.0187978 0.0909634 
0.00969154 -0.0179631 -0.000122377 0.000145853 -0.0179631 0.0888642 0.000146723 -0.000367022 -0.000122377 0.000146723 0.0103526 -0.0187628 0.000145853 -0.000367022 -0.0187628 0.0908742 
0.00969644 -0.017956 -0.00012552 0.000155854 -0.017956 0.088849 0.000157346 -0.00038124 -0.00012552 0.000157346 0.0103535 -0.0187682 0.000155854 -0.00038124 -0.0187682 0.0908503 
0.00969165 -0.0179603 -0.000119189 0.000145894 -0.0179603 0.0888429 0.000146163 -0.000358998 -0.000119189 0.000146163 0.0103779 -0.0187783 0.000145894 -0.000358998 -0.0187783 0.0908792 
0.00967215 -0.0179506 -0.000109767 0.000144629 -0.0179506 0.088824 0.000142212 -0.000351243 -0.000109767 0.000142212 0.0103925 -0.0188084 0.000144629 -0.000351243 -0.0188084 0.0909343 
0.00965665 -0.0179089 -0.000105602 0.00012905 -0.0179089 0.0887318 0.000125048 -0.00031916 -0.000105602 0.000125048 0.0103909 -0.0188411 0.00012905 -0.00031916 -0.0188411 0.0910269 
0.0096685 -0.0178937 -0.000117888 0.00013535 -0.0178937 0.0886723 0.000132302 -0.000329299 -0.000117888 0.000132302 0.0103745 -0.0188405 0.00013535 -0.000329299 -0.0188405 0.09107 
0.00967061 -0.017916 -0.000152676 0.000173685 -0.017916 0.0886928 0.000172381 -0.0004203 -0.000152676 0.000172381 0.0103668 -0.0188067 0.000173685 -0.0004203 -0.0188067 0.0910118 
0.0096679 -0.0179344 -0.000179957 0.000217021 -0.0179344 0.0887548 0.000216724 -0.000531646 -0.000179957 0.000216724 0.0103579 -0.0187815 0.000217021 -0.000531646 -0.0187815 0.0909239 
0.00967227 -0.0179443 -0.000187501 0.000240836 -0.0179443 0.0888106 0.00024197 -0.00060541 -0.000187501 0.00024197 0.0103614 -0.0187675 0.000240836 -0.00060541 -0.0187675 0.0908702 
0.00967094 -0.0179459 -0.000182878 0.000250408 -0.0179459 0.0888298 0.000253242 -0.000651239 -0.000182878 0.000253242 0.010377 -0.0187775 0.000250408 -0.000651239 -0.0187775 0.0908732 
0.00969918 -0.0179422 -0.000164083 0.000206194 -0.0179422 0.0888301 0.000210704 -0.000557394 -0.000164083 0.000210704 0.0103946 -0.0188136 0.000206194 -0.000557394 -0.0188136 0.0909606 
0.00971704 -0.0179845 -0.00014068 0.000180929 -0.0179845 0.0888986 0.000184954 -0.000469874 -0.00014068 0.000184954 0.010422 -0.0188359 0.000180929 -0.000469874 -0.0188359 0.0910357 
0.00972817 -0.0179914 -0.000124534 0.00015427 -0.0179914 0.0889277 0.000156746 -0.000395432 -0.000124534 0.000156746 0.0104435 -0.0188895 0.00015427 -0.000395432 -0.0188895 0.0911699 
0.0097184 -0.0179887 -0.000132103 0.000146368 -0.0179887 0.0889168 0.000147238 -0.000360307 -0.000132103 0.000147238 0.0104467 -0.0189242 0.000146368 -0.000360307 -0.0189242 0.0912839 
0.00973218 -0.0180203 -0.000129984 0.00016546 -0.0180203 0.0890139 0.000164744 -0.000385333 -0.000129984 0.000164744 0.0104432 -0.018903 0.00016546 -0.000385333 -0.018903 0.0912704 
0.00972924 -0.0180313 -0.000108102 0.000151231 -0.0180313 0.0890635 0.000147251 -0.000364022 -0.000108102 0.000147251 0.010453 -0.0189005 0.000151231 -0.000364022 -0.0189005 0.0912517 
0.00971584 -0.0180254 -8.6151e-05 0.00012979 -0.0180254 0.0890682 0.000125484 -0.000323662 -8.6151e-05 0.000125484 0.0104636 -0.0189099 0.00012979 -0.000323662 -0.0189099 0.0912541 
0.00970774 -0.0180189 -9.10234e-05 0.000108187 -0.0180189 0.08907 0.000101336 -0.000274539 -9.10234e-05 0.000101336 0.0104856 -0.018917 0.000108187 -0.000274539 -0.018917 0.0912609 
0.00970172 -0.0179763 -9.99054e-05 0.000136315 -0.0179763 0.0889646 0.000130282 -0.000321283 -9.99054e-05 0.000130282 0.0104709 -0.0189576 0.000136315 -0.000321283 -0.0189576 0.0913351 
0.00971445 -0.0179697 -9.81812e-05 0.000130164 -0.0179697 0.0889102 0.000128075 -0.000325548 -9.81812e-05 0.000128075 0.0104308 -0.018938 0.000130164 -0.000325548 -0.018938 0.0913346 
0.0097078 -0.0179804 -8.93922e-05 0.000102863 -0.0179804 0.0889042 0.000103344 -0.000259502 -8.93922e-05 0.000103344 0.0103966 -0.0188833 0.000102863 -0.000259502 -0.0188833 0.0912302 
0.00968781 -0.0179716 -9.13615e-05 0.000110244 -0.0179716 0.0888909 0.000112886 -0.00026466 -9.13615e-05 0.000112886 0.0103851 -0.018839 0.000110244 -0.00026466 -0.018839 0.0911138 
0.00969433 -0.0179753 -9.06707e-05 0.000116107 -0.0179753 0.0889212 0.000120423 -0.000286454 -9.06707e-05 0.000120423 0.0103935 -0.0188081 0.000116107 -0.000286454 -0.0188081 0.0910102 
0.00967924 -0.0179463 -8.39585e-05 0.000117264 -0.0179463 0.0888416 0.000119852 -0.000296911 -8.39585e-05 0.000119852 0.0104004 -0.018836 0.000117264 -0.000296911 -0.018836 0.0910265 
0.00964788 -0.0179259 -6.41594e-05 0.000100468 -0.0179259 0.0887743 9.69776e-05 -0.000259071 -6.41594e-05 9.69776e-05 0.0104091 -0.018841 0.000100468 -0.000259071 -0.018841 0.0910407 
0.00964293 -0.0179104 -4.9186e-05 8.28299e-05 -0.0179104 0.0887539 7.36341e-05 -0.000212766 -4.9186e-05 7.36341e-05 0.0104065 -0.0188341 8.28299e-05 -0.000212766 -0.0188341 0.0910175 
0.00964413 -0.0179105 -6.73507e-05 6.91588e-05 -0.0179105 0.0887513 6.0157e-05 -0.000178292 -6.73507e-05 6.0157e-05 0.0103985 -0.0188237 6.91588e-05 -0.000178292 -0.0188237 0.0909836 
0.00965502 -0.017907 -6.81578e-05 8.43362e-05 -0.017907 0.0887406 7.67898e-05 -0.000183377 -6.81578e-05 7.67898e-05 0.0103763 -0.0188222 8.43362e-05 -0.000183377 -0.0188222 0.0909795 
0.0096501 -0.017903 -8.73641e-05 9.63385e-05 -0.017903 0.088712 8.94812e-05 -0.000224544 -8.73641e-05 8.94812e-05 0.0103953 -0.0188206 9.63385e-05 -0.000224544 -0.0188206 0.0910141 
0.00965974 -0.0179144 -9.6464e-05 0.000121912 -0.0179144 0.0887383 0.00011847 -0.000287217 -9.6464e-05 0.00011847 0.0103939 -0.0188244 0.000121912 -0.000287217 -0.0188244 0.0910066 
0.00967861 -0.0179408 -8.63463e-05 0.000115452 -0.0179408 0.0888075 0.000117326 -0.000290325 -8.63463e-05 0.000117326 0.0103898 -0.018818 0.000115452 -0.000290325 -0.018818 0.0909961 
0.00966727 -0.0179669 -8.9604e-05 9.82348e-05 -0.0179669 0.0888824 0.000102477 -0.000260055 -8.9604e-05 0.000102477 0.010411 -0.0188095 9.82348e-05 -0.000260055 -0.0188095 0.0909706 
0.00962409 -0.0179056 -0.000103377 0.000111099 -0.0179056 0.0887622 0.000115349 -0.000275684 -0.000103377 0.000115349 0.0104389 -0.0188636 0.000111099 -0.000275684 -0.0188636 0.0910689 
0.00961802 -0.017869 -0.000142643 0.000133005 -0.017869 0.0886659 0.000134702 -0.000320874 -0.000142643 0.000134702 0.0104514 -0.018894 0.000133005 -0.000320874 -0.018894 0.0911662 
0.00962619 -0.0178712 -0.000153042 0.000182461 -0.0178712 0.0886389 0.000181351 -0.000413888 -0.000153042 0.000181351 0.010441 -0.018894 0.000182461 -0.000413888 -0.018894 0.0911808 
0.0096448 -0.0178729 -0.000141106 0.000187292 -0.0178729 0.0886279 0.000185105 -0.00045461 -0.000141106 0.000185105 0.0104188 -0.0188937 0.000187292 -0.00045461 -0.0188937 0.0911985 
0.00965868 -0.0179004 -0.000132062 0.00017621 -0.0179004 0.0886727 0.000174746 -0.000452323 -0.000132062 0.000174746 0.0104095 -0.0188642 0.00017621 -0.000452323 -0.0188642 0.0911573 
0.0096703 -0.0179123 -0.000111655 0.000149341 -0.0179123 0.0887064 0.000148875 -0.000390972 -0.000111655 0.000148875 0.0104031 -0.0188534 0.000149341 -0.000390972 -0.0188534 0.0911182 
0.00965906 -0.0179154 -8.48268e-05 0.000113889 -0.0179154 0.0887067 0.000113968 -0.000299109 -8.48268e-05 0.000113968 0.0103835 -0.0188398 0.000113889 -0.000299109 -0.0188398 0.0910676 
