0.00781606 0 0.000128221 0 0 0.01 0 0 0.000128221 0 0.00683602 0 0 0 0 0.01 
0.0109198 -0.013555 0.000158768 -0.000195976 -0.013555 0.035165 -0.000195976 0.000375754 0.000158768 -0.000195976 0.00973826 -0.0120992 -0.000195976 0.000375754 -0.0120992 0.0323738 
0.0108236 -0.0202183 0.000127484 -0.000227431 -0.0202183 0.073801 -0.000227431 0.000726026 0.000127484 -0.000227431 0.00990997 -0.0185923 -0.000227431 0.000726026 -0.0185923 0.0686253 
0.0101642 -0.0196159 9.05486e-05 -0.000150306 -0.0196159 0.0872849 -0.000147971 0.00054086 9.05486e-05 -0.000147971 0.009413 -0.0184846 -0.000150306 0.00054086 -0.0184846 0.0831894 
0.0101342 -0.0187789 9.52662e-05 -0.000110763 -0.0187789 0.0895755 -0.000102682 0.000322094 9.52662e-05 -0.000102682 0.00938636 -0.0178935 -0.000110763 0.000322094 -0.0178935 0.0869795 
0.0103201 -0.0187038 0.000117517 -0.000112698 -0.0187038 0.0902475 -0.00010322 0.000242804 0.000117517 -0.00010322 0.00952957 -0.017765 -0.000112698 0.000242804 -0.017765 0.0880304 
0.0104362 -0.0188487 0.000128545 -0.000148049 -0.0188487 0.0908287 -0.000141061 0.000302226 0.000128545 -0.000141061 0.00964857 -0.0178305 -0.000148049 0.000302226 -0.0178305 0.0884465 
0.0104825 -0.0189121 0.000127155 -0.000168055 -0.0189121 0.0911298 -0.00016177 0.000381592 0.000127155 -0.00016177 0.00967917 -0.0179039 -0.000168055 0.000381592 -0.0179039 0.088641 
0.0104851 -0.0189316 0.000110576 -0.000159033 -0.0189316 0.0912167 -0.000153119 0.000391306 0.000110576 -0.000153119 0.00967488 -0.0179116 -0.000159033 0.000391306 -0.0179116 0.0886753 
0.010481 -0.0189058 9.9791e-05 -0.000130075 -0.0189058 0.0911666 -0.00012429 0.000335635 9.9791e-05 -0.00012429 0.00968317 -0.0179412 -0.000130075 0.000335635 -0.0179412 0.0887547 
0.0104747 -0.018929 8.40277e-05 -0.000125291 -0.018929 0.0912003 -0.000120484 0.000312328 8.40277e-05 -0.000120484 0.00966401 -0.0179187 -0.000125291 0.000312328 -0.0179187 0.0887089 
0.0104531 -0.0189262 7.14803e-05 -0.000110985 -0.0189262 0.0912148 -0.000108043 0.00029229 7.14803e-05 -0.000108043 0.00964416 -0.017893 -0.000110985 0.00029229 -0.017893 0.088647 
0.0104168 -0.0188903 7.31299e-05 -8.82755e-05 -0.0188903 0.0911616 -8.92432e-05 0.000245229 7.31299e-05 -8.92432e-05 0.00965418 -0.0178915 -8.82755e-05 0.000245229 -0.0178915 0.0886467 
0.0103868 -0.0188343 8.2619e-05 -7.16721e-05 -0.0188343 0.091043 -7.65108e-05 0.000185223 8.2619e-05 -7.65108e-05 0.00967795 -0.0179307 -7.16721e-05 0.000185223 -0.0179307 0.088747 
0.0103907 -0.0188181 9.41967e-05 -8.77375e-05 -0.0188181 0.0909973 -9.47888e-05 0.000196443 9.41967e-05 -9.47888e-05 0.00968076 -0.0179449 -8.77375e-05 0.000196443 -0.0179449 0.0887979 
0.0104212 -0.0188156 0.000109871 -0.000131465 -0.0188156 0.0909706 -0.000138093 0.000305894 0.000109871 -0.000138093 0.00965985 -0.0179537 -0.000131465 0.000305894 -0.0179537 0.0888383 
0.0104139 -0.0188524 0.000110904 -0.000149187 -0.0188524 0.0910201 -0.000151206 0.000370856 0.000110904 -0.000151206 0.00966436 -0.0179258 -0.000149187 0.000370856 -0.0179258 0.0888055 
0.0103983 -0.0188359 0.000103519 -0.000149553 -0.0188359 0.0910199 -0.000148639 0.000388667 0.000103519 -0.000148639 0.00967915 -0.017945 -0.000149553 0.000388667 -0.017945 0.0888291 
0.0103777 -0.01883 8.47628e-05 -0.000120023 -0.01883 0.0910198 -0.000120353 0.000325632 8.47628e-05 -0.000120353 0.00970139 -0.0179473 -0.000120023 0.000325632 -0.0179473 0.0888289 
0.0103696 -0.0188128 7.16446e-05 -9.96908e-05 -0.0188128 0.0909989 -0.000101029 0.00027258 7.16446e-05 -0.000101029 0.00970572 -0.0179605 -9.96908e-05 0.00027258 -0.0179605 0.0888335 
0.0103746 -0.018787 5.41466e-05 -7.46728e-05 -0.018787 0.0909312 -7.57432e-05 0.000200492 5.41466e-05 -7.57432e-05 0.00969117 -0.0179839 -7.46728e-05 0.000200492 -0.0179839 0.088893 
0.0103968 -0.0188043 4.37669e-05 -6.71201e-05 -0.0188043 0.0909427 -6.54601e-05 0.000172877 4.37669e-05 -6.54601e-05 0.00966592 -0.0179531 -6.71201e-05 0.000172877 -0.0179531 0.0888574 
0.0104129 -0.0188369 5.63098e-05 -5.92687e-05 -0.0188369 0.0910128 -5.34235e-05 0.000150011 5.63098e-05 -5.34235e-05 0.0096481 -0.0179181 -5.92687e-05 0.000150011 -0.0179181 0.0887764 
0.0104145 -0.0188667 8.09816e-05 -7.09832e-05 -0.0188667 0.0911038 -6.52904e-05 0.00015541 8.09816e-05 -6.52904e-05 0.00964691 -0.0178888 -7.09832e-05 0.00015541 -0.0178888 0.0886877 
0.0103948 -0.0188768 9.4588e-05 -0.000106699 -0.0188768 0.0911595 -0.000104498 0.000229155 9.4588e-05 -0.000104498 0.00965062 -0.0178688 -0.000106699 0.000229155 -0.0178688 0.0886011 
0.0104012 -0.0188462 8.28255e-05 -0.000113298 -0.0188462 0.0911297 -0.000114246 0.00026759 8.28255e-05 -0.000114246 0.00964216 -0.0178913 -0.000113298 0.00026759 -0.0178913 0.0886278 
0.0104024 -0.0188339 8.47648e-05 -0.000104342 -0.0188339 0.0910667 -0.000105318 0.000270783 8.47648e-05 -0.000105318 0.00964661 -0.0179005 -0.000104342 0.000270783 -0.0179005 0.0886812 
0.0104042 -0.0188305 9.97914e-05 -0.000110824 -0.0188305 0.0910323 -0.000110878 0.000279118 9.97914e-05 -0.000110878 0.0096442 -0.0179096 -0.000110824 0.000279118 -0.0179096 0.088719 
0.0104113 -0.0188218 0.000109125 -0.000131635 -0.0188218 0.0910016 -0.000132594 0.000319016 0.000109125 -0.000132594 0.00965255 -0.0179271 -0.000131635 0.000319016 -0.0179271 0.0887831 
0.0103866 -0.0188465 0.000121998 -0.000138084 -0.0188465 0.0910376 -0.000137509 0.000339191 0.000121998 -0.000137509 0.00966518 -0.0179032 -0.000138084 0.000339191 -0.0179032 0.0887276 
0.0103687 -0.018841 0.000121866 -0.000154921 -0.018841 0.0910729 -0.000149265 0.000363859 0.000121866 -0.000149265 0.00964633 -0.0178797 -0.000154921 0.000363859 -0.0178797 0.0886193 
0.0103629 -0.0188059 0.000107249 -0.000151215 -0.0188059 0.0910149 -0.00014431 0.0003672 0.000107249 -0.00014431 0.00963639 -0.0178795 -0.000151215 0.0003672 -0.0178795 0.0886107 
0.010331 -0.0187751 8.74241e-05 -0.000140689 -0.0187751 0.0909107 -0.000137928 0.000360482 8.74241e-05 -0.000137928 0.00966213 -0.0178874 -0.000140689 0.000360482 -0.0178874 0.0886425 
0.0103174 -0.0187402 8.54433e-05 -0.000110819 -0.0187402 0.0908223 -0.000114052 0.000311412 8.54433e-05 -0.000114052 0.00966667 -0.0179138 -0.000110819 0.000311412 -0.0179138 0.0886892 
0.0103253 -0.0187236 7.90149e-05 -9.33682e-05 -0.0187236 0.0907647 -9.78861e-05 0.000245075 7.90149e-05 -9.78861e-05 0.00966804 -0.0179283 -9.33682e-05 0.000245075 -0.0179283 0.0887473 
0.0103214 -0.0187244 8.14106e-05 -8.59195e-05 -0.0187244 0.0907307 -8.83964e-05 0.000209667 8.14106e-05 -8.83964e-05 0.00967525 -0.0179312 -8.59195e-05 0.000209667 -0.0179312 0.0887718 
0.0103301 -0.0187202 8.56917e-05 -9.14866e-05 -0.0187202 0.0907181 -9.36537e-05 0.000208111 8.56917e-05 -9.36537e-05 0.00967433 -0.0179447 -9.14866e-05 0.000208111 -0.0179447 0.0888072 
0.0103515 -0.018744 8.82933e-05 -9.9965e-05 -0.018744 0.0907695 -0.000103618 0.000230767 8.82933e-05 -0.000103618 0.00967216 -0.0179396 -9.9965e-05 0.000230767 -0.0179396 0.0888114 
0.0103696 -0.0187758 7.11004e-05 -9.2037e-05 -0.0187758 0.0908502 -9.48487e-05 0.00021568 7.11004e-05 -9.48487e-05 0.00967832 -0.0179348 -9.2037e-05 0.00021568 -0.0179348 0.0887985 
0.0103624 -0.0188078 6.31328e-05 -9.20063e-05 -0.0188078 0.0909379 -9.23566e-05 0.000226153 6.31328e-05 -9.23566e-05 0.00966688 -0.0179136 -9.20063e-05 0.000226153 -0.0179136 0.0887212 
0.010341 -0.018791 7.45504e-05 -8.10528e-05 -0.018791 0.0909412 -8.1258e-05 0.00021028 7.45504e-05 -8.1258e-05 0.00966328 -0.0179137 -8.10528e-05 0.00021028 -0.0179137 0.088709 
0.0103298 -0.0187743 6.32074e-05 -7.94325e-05 -0.0187743 0.0909188 -8.04153e-05 0.000185066 6.32074e-05 -8.04153e-05 0.00965471 -0.0178986 -7.94325e-05 0.000185066 -0.0178986 0.0886763 
0.0103249 -0.0187476 5.8163e-05 -7.54555e-05 -0.0187476 0.0908495 -7.60097e-05 0.000183661 5.8163e-05 -7.60097e-05 0.0096378 -0.0178935 -7.54555e-05 0.000183661 -0.0178935 0.0886591 
0.010311 -0.0187339 4.81855e-05 -7.9129e-05 -0.0187339 0.0907956 -7.76618e-05 0.000197562 4.81855e-05 -7.76618e-05 0.00965103 -0.0178852 -7.9129e-05 0.000197562 -0.0178852 0.0886539 
0.0103073 -0.0187099 5.41407e-05 -7.37514e-05 -0.0187099 0.0907341 -6.9126e-05 0.000198238 5.41407e-05 -6.9126e-05 0.00967508 -0.0179148 -7.37514e-05 0.000198238 -0.0179148 0.0887124 
0.0102974 -0.0187061 6.41789e-05 -8.3346e-05 -0.0187061 0.0907021 -7.83822e-05 0.000211898 6.41789e-05 -7.83822e-05 0.00970663 -0.0179411 -8.3346e-05 0.000211898 -0.0179411 0.0887742 
0.0103147 -0.0187087 6.4738e-05 -8.24052e-05 -0.0187087 0.0907093 -8.00563e-05 0.000208831 6.4738e-05 -8.00563e-05 0.00969595 -0.0179609 -8.24052e-05 0.000208831 -0.0179609 0.0888089 
0.0103284 -0.0187146 6.48488e-05 -8.32128e-05 -0.0187146 0.0906981 -8.61511e-05 0.000217315 6.48488e-05 -8.61511e-05 0.009663 -0.0179584 -8.32128e-05 0.000217315 -0.0179584 0.0888334 
0.0103107 -0.0187231 5.42314e-05 -7.31953e-05 -0.0187231 0.0907027 -8.01656e-05 0.000199247 5.42314e-05 -8.01656e-05 0.0096576 -0.0179284 -7.31953e-05 0.000199247 -0.0179284 0.0888041 
0.0103016 -0.0187098 6.15539e-05 -6.09976e-05 -0.0187098 0.0906957 -6.89029e-05 0.000174998 6.15539e-05 -6.89029e-05 0.00965499 -0.0179087 -6.09976e-05 0.000174998 -0.0179087 0.0887401 
0.0102966 -0.0187114 7.57379e-05 -6.6269e-05 -0.0187114 0.0907082 -7.35411e-05 0.000167246 7.57379e-05 -7.35411e-05 0.00966441 -0.0178925 -6.6269e-05 0.000167246 -0.0178925 0.0886766 
0.0102996 -0.0187012 9.5201e-05 -9.48477e-05 -0.0187012 0.090687 -9.8228e-05 0.000220311 9.5201e-05 -9.8228e-05 0.00964993 -0.0178965 -9.48477e-05 0.000220311 -0.0178965 0.0886474 
0.0102769 -0.0187007 0.000105463 -0.000134977 -0.0187007 0.0906714 -0.000135772 0.000321913 0.000105463 -0.000135772 0.00965889 -0.0178826 -0.000134977 0.000321913 -0.0178826 0.0886236 
0.010275 -0.0186884 9.61856e-05 -0.000134641 -0.0186884 0.0906767 -0.000132592 0.000344361 9.61856e-05 -0.000132592 0.00968086 -0.0178919 -0.000134641 0.000344361 -0.0178919 0.0886267 
0.0102871 -0.0186621 8.54445e-05 -0.000110989 -0.0186621 0.0906045 -0.00010667 0.000294872 8.54445e-05 -0.00010667 0.00970124 -0.0179475 -0.000110989 0.000294872 -0.0179475 0.0887503 
0.0103111 -0.0186747 7.06014e-05 -9.32064e-05 -0.0186747 0.0905878 -9.07257e-05 0.000241151 7.06014e-05 -9.07257e-05 0.00969096 -0.0179773 -9.32064e-05 0.000241151 -0.0179773 0.088857 
0.0103491 -0.0187151 7.18313e-05 -9.07774e-05 -0.0187151 0.0906667 -9.24838e-05 0.000240463 7.18313e-05 -9.24838e-05 0.00965717 -0.0179589 -9.07774e-05 0.000240463 -0.0179589 0.0888624 
0.0103603 -0.0187793 6.34814e-05 -8.56388e-05 -0.0187793 0.0908215 -8.76898e-05 0.000223894 6.34814e-05 -8.76898e-05 0.00963866 -0.0178948 -8.56388e-05 0.000223894 -0.0178948 0.0887311 
0.0103535 -0.0187893 7.67969e-05 -8.34839e-05 -0.0187893 0.0909026 -8.30225e-05 0.000220986 7.67969e-05 -8.30225e-05 0.0096476 -0.0178794 -8.34839e-05 0.000220986 -0.0178794 0.0886537 
0.0103304 -0.018771 9.58214e-05 -0.000101437 -0.018771 0.0908861 -9.77744e-05 0.000243196 9.58214e-05 -9.77744e-05 0.00966756 -0.0178988 -0.000101437 0.000243196 -0.0178988 0.0886667 
0.01032 -0.0187562 0.000111964 -0.000124792 -0.0187562 0.0908675 -0.000120821 0.000293176 0.000111964 -0.000120821 0.00968126 -0.0179131 -0.000124792 0.000293176 -0.0179131 0.0886912 
0.0102923 -0.0187318 0.000137342 -0.000148405 -0.0187318 0.0907976 -0.00014479 0.000350116 0.000137342 -0.00014479 0.00968355 -0.0179223 -0.000148405 0.000350116 -0.0179223 0.0887037 
0.0102798 -0.0187085 0.00013368 -0.000167184 -0.0187085 0.0907443 -0.000161468 0.000386888 0.00013368 -0.000161468 0.00965923 -0.0179062 -0.000167184 0.000386888 -0.0179062 0.0886629 
0.0102945 -0.0186802 0.000120317 -0.000164241 -0.0186802 0.0906666 -0.000155797 0.000397678 0.000120317 -0.000155797 0.00963947 -0.0178937 -0.000164241 0.000397678 -0.0178937 0.0886471 
0.0103143 -0.0186955 0.00010268 -0.000149555 -0.0186955 0.0906524 -0.000144453 0.000379204 0.00010268 -0.000144453 0.00961857 -0.0178608 -0.000149555 0.000379204 -0.0178608 0.0885731 
0.0103089 -0.0187095 8.04396e-05 -0.000135601 -0.0187095 0.0906627 -0.000136441 0.00036397 8.04396e-05 -0.000136441 0.00962366 -0.017843 -0.000135601 0.00036397 -0.017843 0.0885198 
0.0103062 -0.0187028 8.28093e-05 -0.000103591 -0.0187028 0.0906629 -0.000107021 0.000306264 8.28093e-05 -0.000107021 0.00963555 -0.01786 -0.000103591 0.000306264 -0.01786 0.0885407 
0.0102969 -0.0187065 8.57592e-05 -8.79881e-05 -0.0187065 0.090674 -8.86482e-05 0.000231679 8.57592e-05 -8.86482e-05 0.0096395 -0.0178708 -8.79881e-05 0.000231679 -0.0178708 0.0885683 
0.0102845 -0.0186894 0.000101654 -0.000111061 -0.0186894 0.0906461 -0.000109814 0.000260551 0.000101654 -0.000109814 0.00963513 -0.0178803 -0.000111061 0.000260551 -0.0178803 0.088601 
0.0102807 -0.0186819 0.000117017 -0.00013189 -0.0186819 0.0906264 -0.000132996 0.000316687 0.000117017 -0.000132996 0.00962134 -0.0178625 -0.00013189 0.000316687 -0.0178625 0.0885766 
0.0102483 -0.01867 0.000117199 -0.000133684 -0.01867 0.0905929 -0.000135664 0.000322893 0.000117199 -0.000135664 0.00962089 -0.0178457 -0.000133684 0.000322893 -0.0178457 0.0885333 
0.0102139 -0.0186338 0.000127719 -0.000145301 -0.0186338 0.0905281 -0.000146236 0.000354208 0.000127719 -0.000146236 0.00962888 -0.0178347 -0.000145301 0.000354208 -0.0178347 0.0884868 
0.0101777 -0.0185885 0.00013851 -0.000161586 -0.0185885 0.0904259 -0.000160948 0.000391455 0.00013851 -0.000160948 0.00964715 -0.0178417 -0.000161586 0.000391455 -0.0178417 0.0884753 
0.010173 -0.0185299 0.000135584 -0.000178914 -0.0185299 0.0902771 -0.000178169 0.000438983 0.000135584 -0.000178169 0.00965056 -0.0178774 -0.000178914 0.000438983 -0.0178774 0.0885449 
0.0101886 -0.0185103 0.000123333 -0.000188774 -0.0185103 0.0901693 -0.000186643 0.000487857 0.000123333 -0.000186643 0.00965054 -0.0178985 -0.000188774 0.000487857 -0.0178985 0.08863 
0.0101957 -0.0185207 0.000104338 -0.000163356 -0.0185207 0.0901371 -0.000160675 0.000450326 0.000104338 -0.000160675 0.00965009 -0.0179056 -0.000163356 0.000450326 -0.0179056 0.0886781 
0.0102119 -0.018557 9.57389e-05 -0.000120468 -0.018557 0.0902217 -0.000119779 0.000345427 9.57389e-05 -0.000119779 0.00964128 -0.0178821 -0.000120468 0.000345427 -0.0178821 0.0886322 
0.0102068 -0.0185703 9.36645e-05 -0.000112502 -0.0185703 0.0902749 -0.00011388 0.000294557 9.36645e-05 -0.00011388 0.00965082 -0.0178825 -0.000112502 0.000294557 -0.0178825 0.0886237 
0.0102085 -0.0185654 0.000106118 -0.000116786 -0.0185654 0.0902849 -0.000120494 0.000297273 0.000106118 -0.000120494 0.00963421 -0.0178878 -0.000116786 0.000297273 -0.0178878 0.0886234 
0.0102076 -0.0185725 0.000103675 -0.000122443 -0.0185725 0.0903049 -0.000127194 0.00029983 0.000103675 -0.000127194 0.00963453 -0.0178676 -0.000122443 0.00029983 -0.0178676 0.0885979 
0.0101709 -0.0185737 0.000121475 -0.000147413 -0.0185737 0.0903164 -0.00015106 0.00037066 0.000121475 -0.00015106 0.00965694 -0.0178533 -0.000147413 0.00037066 -0.0178533 0.0885388 
0.0101281 -0.0185274 0.000138795 -0.00016878 -0.0185274 0.0902484 -0.000169308 0.000426843 0.000138795 -0.000169308 0.00969072 -0.01788 -0.00016878 0.000426843 -0.01788 0.0885569 
0.0101037 -0.0184406 0.000147015 -0.000180867 -0.0184406 0.090038 -0.000177893 0.000451392 0.000147015 -0.000177893 0.00970898 -0.0179529 -0.000180867 0.000451392 -0.0179529 0.0887176 
0.0100951 -0.0184227 0.000138187 -0.000191728 -0.0184227 0.0899325 -0.000184204 0.000471598 0.000138187 -0.000184204 0.00971083 -0.0179589 -0.000191728 0.000471598 -0.0179589 0.0887777 
0.0101116 -0.0184341 0.000120799 -0.000171809 -0.0184341 0.0899464 -0.000163443 0.000439147 0.000120799 -0.000163443 0.00969043 -0.0179411 -0.000171809 0.000439147 -0.0179411 0.0887443 
0.0101181 -0.0184532 0.000116257 -0.000170705 -0.0184532 0.089988 -0.000162142 0.000441719 0.000116257 -0.000162142 0.00968527 -0.0179208 -0.000170705 0.000441719 -0.0179208 0.0887005 
0.0101128 -0.0184581 0.000126844 -0.000150638 -0.0184581 0.0900053 -0.00014297 0.000396432 0.000126844 -0.00014297 0.00967053 -0.0179055 -0.000150638 0.000396432 -0.0179055 0.0886444 
0.0101078 -0.0184537 0.000139165 -0.000170103 -0.0184537 0.0900104 -0.000163868 0.000416062 0.000139165 -0.000163868 0.00965551 -0.017887 -0.000170103 0.000416062 -0.017887 0.0885961 
0.0101212 -0.018452 0.000123763 -0.00015668 -0.018452 0.0900138 -0.00015458 0.000382133 0.000123763 -0.00015458 0.00963039 -0.0178621 -0.00015668 0.000382133 -0.0178621 0.0885305 
0.0101287 -0.0184735 0.000117895 -0.000142865 -0.0184735 0.0900556 -0.000145425 0.000358644 0.000117895 -0.000145425 0.0096182 -0.0178228 -0.000142865 0.000358644 -0.0178228 0.0884316 
0.0101374 -0.0184818 0.000114875 -0.000156238 -0.0184818 0.0900871 -0.000160963 0.000392749 0.000114875 -0.000160963 0.00959337 -0.0178005 -0.000156238 0.000392749 -0.0178005 0.088343 
0.0101347 -0.0184944 0.000119115 -0.000156234 -0.0184944 0.0901233 -0.000162035 0.000413242 0.000119115 -0.000162035 0.00958637 -0.0177676 -0.000156234 0.000413242 -0.0177676 0.0882552 
0.0101261 -0.0184939 0.000118375 -0.000146619 -0.0184939 0.0901402 -0.000151447 0.000388916 0.000118375 -0.000151447 0.00959734 -0.0177557 -0.000146619 0.000388916 -0.0177557 0.0881987 
0.0100997 -0.0184649 0.000111298 -0.000145178 -0.0184649 0.0900758 -0.000148874 0.000378205 0.000111298 -0.000148874 0.00963047 -0.0177886 -0.000145178 0.000378205 -0.0177886 0.0882549 
0.0100863 -0.0184289 0.000128801 -0.000142806 -0.0184289 0.0899858 -0.000144851 0.00037679 0.000128801 -0.000144851 0.00964999 -0.0178377 -0.000142806 0.00037679 -0.0178377 0.0883719 
0.0100705 -0.0183974 0.000131567 -0.000138787 -0.0183974 0.0898755 -0.000139838 0.000338855 0.000131567 -0.000139838 0.00965049 -0.0178745 -0.000138787 0.000338855 -0.0178745 0.0884968 
0.0100719 -0.0183819 0.00012199 -0.000159046 -0.0183819 0.0898185 -0.000161005 0.000379791 0.00012199 -0.000161005 0.00963779 -0.0178753 -0.000159046 0.000379791 -0.0178753 0.0885479 
0.0100959 -0.0183931 0.00010149 -0.000146615 -0.0183931 0.0898266 -0.000148191 0.000376093 0.00010149 -0.000148191 0.0096012 -0.0178437 -0.000146615 0.000376093 -0.0178437 0.088494 
0.0100976 -0.0184257 9.09255e-05 -0.000134488 -0.0184257 0.0898873 -0.000135074 0.00036142 9.09255e-05 -0.000135074 0.00958365 -0.0177859 -0.000134488 0.00036142 -0.0177859 0.0883588 
0.0100995 -0.0184182 8.89055e-05 -0.000116349 -0.0184182 0.0898964 -0.00011475 0.000315744 8.89055e-05 -0.00011475 0.00958317 -0.0177729 -0.000116349 0.000315744 -0.0177729 0.0882875 
0.0101008 -0.01842 9.1516e-05 -0.000116941 -0.01842 0.0898983 -0.00011032 0.000294878 9.1516e-05 -0.00011032 0.00959156 -0.0177741 -0.000116941 0.000294878 -0.0177741 0.0882674 
0.0101051 -0.0184292 8.92648e-05 -0.000121862 -0.0184292 0.0899229 -0.000113425 0.000296919 8.92648e-05 -0.000113425 0.00959818 -0.0177829 -0.000121862 0.000296919 -0.0177829 0.0882763 
0.0101095 -0.0184361 9.46642e-05 -0.00012931 -0.0184361 0.089949 -0.000123303 0.000326637 9.46642e-05 -0.000123303 0.00959537 -0.0177967 -0.00012931 0.000326637 -0.0177967 0.0883101 
0.010088 -0.0184312 8.73026e-05 -0.000114718 -0.0184312 0.0899412 -0.000113762 0.000297456 8.73026e-05 -0.000113762 0.00961017 -0.0178076 -0.000114718 0.000297456 -0.0178076 0.08836 
0.0100664 -0.0183971 9.64271e-05 -0.000115069 -0.0183971 0.0898792 -0.000119742 0.000305042 9.64271e-05 -0.000119742 0.0096319 -0.0178381 -0.000115069 0.000305042 -0.0178381 0.0884425 
0.0100633 -0.0183715 9.39597e-05 -0.000116416 -0.0183715 0.0898115 -0.000123725 0.000304583 9.39597e-05 -0.000123725 0.00965026 -0.0178645 -0.000116416 0.000304583 -0.0178645 0.0885199 
0.0100712 -0.0183697 9.56954e-05 -0.000129668 -0.0183697 0.0897831 -0.000135978 0.000342442 9.56954e-05 -0.000135978 0.00967207 -0.0178866 -0.000129668 0.000342442 -0.0178866 0.0885823 
0.0100822 -0.018398 9.525e-05 -0.00011714 -0.018398 0.0898355 -0.00012167 0.000321693 9.525e-05 -0.00012167 0.0096805 -0.0178929 -0.00011714 0.000321693 -0.0178929 0.0885919 
0.0100964 -0.0184173 0.000102457 -0.000118012 -0.0184173 0.0898971 -0.000122209 0.00031168 0.000102457 -0.000122209 0.00968659 -0.0179005 -0.000118012 0.00031168 -0.0179005 0.0886018 
0.0101113 -0.0184264 0.000121437 -0.000123127 -0.0184264 0.0899152 -0.000124844 0.000309083 0.000121437 -0.000124844 0.00966922 -0.0179079 -0.000123127 0.000309083 -0.0179079 0.0886179 
0.0101078 -0.0184543 0.00011239 -0.000128112 -0.0184543 0.0899743 -0.00012592 0.000291412 0.00011239 -0.00012592 0.00966308 -0.0178781 -0.000128112 0.000291412 -0.0178781 0.0885706 
0.0100784 -0.0184453 0.000101911 -0.000133402 -0.0184453 0.0899819 -0.000127052 0.000305485 0.000101911 -0.000127052 0.00967517 -0.0178778 -0.000133402 0.000305485 -0.0178778 0.088554 
0.0100606 -0.0184079 0.000117183 -0.000141697 -0.0184079 0.0899266 -0.000133443 0.000344664 0.000117183 -0.000133443 0.00967946 -0.017897 -0.000141697 0.000344664 -0.017897 0.0885861 
0.0100654 -0.0183858 0.000139549 -0.000163537 -0.0183858 0.0898558 -0.000156848 0.000396495 0.000139549 -0.000156848 0.00964716 -0.0178862 -0.000163537 0.000396495 -0.0178862 0.0885662 
0.0100648 -0.0183711 0.000136836 -0.00019499 -0.0183711 0.0897793 -0.000190986 0.000476851 0.000136836 -0.000190986 0.00960946 -0.017854 -0.00019499 0.000476851 -0.017854 0.0885118 
0.0100609 -0.0183734 0.000123721 -0.000182952 -0.0183734 0.0897746 -0.000181747 0.000489858 0.000123721 -0.000181747 0.00961417 -0.0178152 -0.000182952 0.000489858 -0.0178152 0.088433 
0.0100409 -0.0183886 0.000106096 -0.000153274 -0.0183886 0.0898166 -0.000155917 0.000432163 0.000106096 -0.000155917 0.00963477 -0.0177889 -0.000153274 0.000432163 -0.0177889 0.0883171 
0.0100158 -0.0183561 0.000122435 -0.000133308 -0.0183561 0.0897718 -0.000137689 0.000377498 0.000122435 -0.000137689 0.00965621 -0.0178219 -0.000133308 0.000377498 -0.0178219 0.0883359 
0.0100023 -0.0183078 0.000138988 -0.000149549 -0.0183078 0.0896503 -0.00015365 0.000373414 0.000138988 -0.00015365 0.00966251 -0.017864 -0.000149549 0.000373414 -0.017864 0.0884379 
0.0100146 -0.0182917 0.000127343 -0.000161773 -0.0182917 0.0895821 -0.000164344 0.000385549 0.000127343 -0.000164344 0.00965274 -0.0178795 -0.000161773 0.000385549 -0.0178795 0.0885136 
0.0100568 -0.0183068 0.000124926 -0.000152851 -0.0183068 0.0895891 -0.000152545 0.000383194 0.000124926 -0.000152545 0.00963124 -0.0178776 -0.000152851 0.000383194 -0.0178776 0.0885495 
0.0100975 -0.0183771 0.000113138 -0.000152107 -0.0183771 0.0897224 -0.00014937 0.00037591 0.000113138 -0.00014937 0.00959864 -0.0178258 -0.000152107 0.00037591 -0.0178258 0.0884473 
0.0101104 -0.0184317 0.000100109 -0.000146091 -0.0184317 0.0898787 -0.000143256 0.000372386 0.000100109 -0.000143256 0.00958945 -0.0177844 -0.000146091 0.000372386 -0.0177844 0.0883324 
0.0100924 -0.0184373 0.000108805 -0.000129801 -0.0184373 0.0899394 -0.000128655 0.00034649 0.000108805 -0.000128655 0.00961706 -0.0177906 -0.000129801 0.00034649 -0.0177906 0.0883189 
0.010077 -0.0184316 0.000124375 -0.000138979 -0.0184316 0.0899649 -0.000135443 0.000344665 0.000124375 -0.000135443 0.00963465 -0.01781 -0.000138979 0.000344665 -0.01781 0.0883349 
0.0100633 -0.0184095 0.00013114 -0.000154233 -0.0184095 0.0899365 -0.000150666 0.000368446 0.00013114 -0.000150666 0.00965704 -0.0178452 -0.000154233 0.000368446 -0.0178452 0.0884201 
0.0100896 -0.0184073 0.000139589 -0.000163437 -0.0184073 0.0899345 -0.000161707 0.000397624 0.000139589 -0.000161707 0.00964149 -0.0178572 -0.000163437 0.000397624 -0.0178572 0.0884559 
0.0100999 -0.0184173 0.000145952 -0.000189771 -0.0184173 0.0899201 -0.000191142 0.000468525 0.000145952 -0.000191142 0.00963251 -0.0178542 -0.000189771 0.000468525 -0.0178542 0.0884816 
0.010103 -0.0184224 0.000138617 -0.000183189 -0.0184224 0.0899126 -0.000186256 0.00047637 0.000138617 -0.000186256 0.0096233 -0.0178459 -0.000183189 0.00047637 -0.0178459 0.0884779 
0.0101058 -0.0184228 0.000134162 -0.000179579 -0.0184228 0.0899073 -0.000181056 0.00047295 0.000134162 -0.000181056 0.00961248 -0.0178362 -0.000179579 0.00047295 -0.0178362 0.0884608 
0.0100909 -0.0184302 0.000137081 -0.000177874 -0.0184302 0.0899216 -0.000177055 0.000468558 0.000137081 -0.000177055 0.00962355 -0.0178172 -0.000177874 0.000468558 -0.0178172 0.0884151 
0.010053 -0.0183901 0.000134875 -0.000178745 -0.0183901 0.0898376 -0.000175832 0.000460655 0.000134875 -0.000175832 0.00966087 -0.0178516 -0.000178745 0.000460655 -0.0178516 0.0884746 
0.0100346 -0.0183486 0.000131576 -0.000163876 -0.0183486 0.0897381 -0.00015971 0.000418084 0.000131576 -0.00015971 0.00966924 -0.0178849 -0.000163876 0.000418084 -0.0178849 0.0885375 
0.0100127 -0.0183181 0.000131631 -0.000169347 -0.0183181 0.0896393 -0.000165868 0.000417254 0.000131631 -0.000165868 0.00967242 -0.0178987 -0.000169347 0.000417254 -0.0178987 0.0885889 
0.0100083 -0.0183273 0.000129144 -0.000161178 -0.0183273 0.0896595 -0.000159987 0.000402694 0.000129144 -0.000159987 0.00965048 -0.0178621 -0.000161178 0.000402694 -0.0178621 0.0885039 
0.00999819 -0.0183362 0.000135965 -0.000150096 -0.0183362 0.0897032 -0.000149129 0.000373278 0.000135965 -0.000149129 0.00964882 -0.0178217 -0.000150096 0.000373278 -0.0178217 0.0883897 
0.00999815 -0.0183244 0.000135919 -0.000162729 -0.0183244 0.0897021 -0.000159611 0.000382019 0.000135919 -0.000159611 0.00964495 -0.0178129 -0.000162729 0.000382019 -0.0178129 0.0883199 
0.00998643 -0.0182912 0.000148093 -0.000193182 -0.0182912 0.0896074 -0.000188374 0.0004692 0.000148093 -0.000188374 0.00965137 -0.0178364 -0.000193182 0.0004692 -0.0178364 0.0883644 
0.0099772 -0.0182528 0.00016985 -0.000206679 -0.0182528 0.0894788 -0.00020529 0.000528633 0.00016985 -0.00020529 0.00964855 -0.0178638 -0.000206679 0.000528633 -0.0178638 0.0884507 
0.00996703 -0.0182414 0.000161481 -0.000213764 -0.0182414 0.0894136 -0.000218022 0.000546275 0.000161481 -0.000218022 0.00965899 -0.0178629 -0.000213764 0.000546275 -0.0178629 0.0884876 
0.00996512 -0.0182339 0.000152153 -0.000195639 -0.0182339 0.0893864 -0.00020363 0.000522991 0.000152153 -0.00020363 0.00966389 -0.0178677 -0.000195639 0.000522991 -0.0178677 0.0884915 
0.00996807 -0.0182424 0.000132842 -0.000185823 -0.0182424 0.0894035 -0.000194944 0.000497059 0.000132842 -0.000194944 0.00966175 -0.0178668 -0.000185823 0.000497059 -0.0178668 0.0884858 
0.00998672 -0.0182483 0.000125398 -0.000158907 -0.0182483 0.0894288 -0.000162564 0.000434913 0.000125398 -0.000162564 0.00965105 -0.0178728 -0.000158907 0.000434913 -0.0178728 0.0885058 
0.00999317 -0.0182756 0.000139227 -0.000154266 -0.0182756 0.0894892 -0.00015291 0.000397789 0.000139227 -0.00015291 0.0096518 -0.0178627 -0.000154266 0.000397789 -0.0178627 0.088504 
0.0100109 -0.0182893 0.00015572 -0.000174972 -0.0182893 0.0895472 -0.000169546 0.000415006 0.00015572 -0.000169546 0.009642 -0.0178618 -0.000174972 0.000415006 -0.0178618 0.0884991 
0.0100295 -0.018295 0.000161411 -0.000205481 -0.018295 0.0895621 -0.000198925 0.00048511 0.000161411 -0.000198925 0.00964264 -0.0178734 -0.000205481 0.00048511 -0.0178734 0.0885447 
0.0100124 -0.0183181 0.000151391 -0.000217329 -0.0183181 0.089601 -0.000211144 0.000540826 0.000151391 -0.000211144 0.00966713 -0.0178714 -0.000217329 0.000540826 -0.0178714 0.0885552 
0.010018 -0.0183197 0.000165262 -0.000214724 -0.0183197 0.089652 -0.000209467 0.000567009 0.000165262 -0.000209467 0.00966989 -0.0178808 -0.000214724 0.000567009 -0.0178808 0.0885458 
0.0100328 -0.0183535 0.000175629 -0.000203714 -0.0183535 0.089748 -0.000203484 0.000530865 0.000175629 -0.000203484 0.00966363 -0.0178568 -0.000203714 0.000530865 -0.0178568 0.0884775 
0.010054 -0.0183663 0.000188105 -0.000215652 -0.0183663 0.0898065 -0.000218739 0.000538931 0.000188105 -0.000218739 0.00966551 -0.0178649 -0.000215652 0.000538931 -0.0178649 0.0884782 
