0.00777328 0 0.000271013 0 0 0.01 0 0 0.000271013 0 0.00691056 0 0 0 0 0.01 
0.0108635 -0.0134863 0.000328272 -0.000403485 -0.0134863 0.0350335 -0.000403485 0.000773826 0.000328272 -0.000403485 0.00983721 -0.0122214 -0.000403485 0.000773826 -0.0122214 0.0326081 
0.0107985 -0.0201407 0.000231771 -0.000417811 -0.0201407 0.0735576 -0.000417811 0.00132428 0.000231771 -0.000417811 0.00998243 -0.0187605 -0.000417811 0.00132428 -0.0187605 0.0691621 
0.0101621 -0.0196213 0.000153074 -0.000247769 -0.0196213 0.0872379 -0.000246637 0.000890081 0.000153074 -0.000246637 0.00943634 -0.0185236 -0.000247769 0.000890081 -0.0185236 0.083406 
0.0101363 -0.0187989 0.000152613 -0.000186045 -0.0187989 0.0896293 -0.000183218 0.000544411 0.000152613 -0.000183218 0.00940581 -0.0179089 -0.000186045 0.000544411 -0.0179089 0.0870664 
0.010325 -0.018703 0.000180125 -0.000200668 -0.018703 0.0902786 -0.000195333 0.00046944 0.000180125 -0.000195333 0.00953884 -0.0178044 -0.000200668 0.00046944 -0.0178044 0.0881294 
0.0104638 -0.018861 0.00019291 -0.000239578 -0.018861 0.0908707 -0.000234943 0.000542908 0.00019291 -0.000234943 0.00961544 -0.0178421 -0.000239578 0.000542908 -0.0178421 0.0885031 
0.0105113 -0.0189529 0.000180104 -0.000240669 -0.0189529 0.0912278 -0.000238138 0.000582574 0.000180104 -0.000238138 0.00964629 -0.0178685 -0.000240669 0.000582574 -0.0178685 0.0886096 
0.0105043 -0.0189549 0.000172181 -0.000223882 -0.0189549 0.0913026 -0.000225228 0.000576924 0.000172181 -0.000225228 0.00969226 -0.0179121 -0.000223882 0.000576924 -0.0179121 0.0886989 
0.0105206 -0.0189518 0.000166069 -0.00019324 -0.0189518 0.0913069 -0.000198822 0.000503939 0.000166069 -0.000198822 0.00970293 -0.0179499 -0.00019324 0.000503939 -0.0179499 0.0887585 
0.0105293 -0.0189707 0.000160552 -0.000189588 -0.0189707 0.0913258 -0.000195436 0.000473971 0.000160552 -0.000195436 0.00971939 -0.0179827 -0.000189588 0.000473971 -0.0179827 0.0888607 
0.0105245 -0.0189918 0.000190747 -0.000208416 -0.0189918 0.0913809 -0.000211412 0.000516558 0.000190747 -0.000211412 0.00971728 -0.0180028 -0.000208416 0.000516558 -0.0180028 0.0889335 
0.0105086 -0.0189865 0.000221476 -0.000244263 -0.0189865 0.0914037 -0.000243891 0.000583457 0.000221476 -0.000243891 0.00972907 -0.0180263 -0.000244263 0.000583457 -0.0180263 0.0890368 
0.010495 -0.0189779 0.000219378 -0.000279997 -0.0189779 0.0914109 -0.000277977 0.000668285 0.000219378 -0.000277977 0.0097307 -0.0180351 -0.000279997 0.000668285 -0.0180351 0.0890862 
0.010465 -0.018947 0.000206137 -0.000278651 -0.018947 0.0913437 -0.000276149 0.000699691 0.000206137 -0.000276149 0.00973503 -0.018042 -0.000278651 0.000699691 -0.018042 0.0891223 
0.0104501 -0.018911 0.000195964 -0.000250817 -0.018911 0.0912679 -0.000246908 0.000646122 0.000195964 -0.000246908 0.00975451 -0.0180568 -0.000250817 0.000646122 -0.0180568 0.0891727 
0.0104539 -0.0189064 0.000203347 -0.000230657 -0.0189064 0.0912426 -0.000225921 0.000578009 0.000203347 -0.000225921 0.00975565 -0.0180607 -0.000230657 0.000578009 -0.0180607 0.089174 
0.0104539 -0.0189088 0.00022132 -0.00024049 -0.0189088 0.0912375 -0.000233971 0.000565573 0.00022132 -0.000233971 0.00975536 -0.0180623 -0.00024049 0.000565573 -0.0180623 0.0891747 
0.0104683 -0.0189147 0.000230869 -0.000277951 -0.0189147 0.0912603 -0.000271404 0.000640769 0.000230869 -0.000271404 0.00975064 -0.0180606 -0.000277951 0.000640769 -0.0180606 0.0891686 
0.0104918 -0.0189333 0.000219978 -0.000290719 -0.0189333 0.0913075 -0.000287123 0.000701826 0.000219978 -0.000287123 0.00976485 -0.018068 -0.000290719 0.000701826 -0.018068 0.0891912 
0.0104774 -0.0189703 0.000202975 -0.00028224 -0.0189703 0.0913836 -0.000282177 0.000717535 0.000202975 -0.000282177 0.00978381 -0.0180609 -0.00028224 0.000717535 -0.0180609 0.0891614 
0.0104936 -0.0189568 0.000177546 -0.000249006 -0.0189568 0.0914064 -0.000251632 0.000657074 0.000177546 -0.000251632 0.0097716 -0.018092 -0.000249006 0.000657074 -0.018092 0.0892065 
0.0105155 -0.018982 0.000170762 -0.000217107 -0.018982 0.0914535 -0.000222218 0.000582318 0.000170762 -0.000222218 0.00975327 -0.0180717 -0.000217107 0.000582318 -0.0180717 0.0891914 
0.0105234 -0.0190099 0.000178054 -0.000207047 -0.0190099 0.0915193 -0.000212321 0.000535254 0.000178054 -0.000212321 0.00974324 -0.0180424 -0.000207047 0.000535254 -0.0180424 0.0891233 
0.010536 -0.0190192 0.000190716 -0.000200979 -0.0190192 0.0915632 -0.000204328 0.000490834 0.000190716 -0.000204328 0.00973613 -0.0180375 -0.000200979 0.000490834 -0.0180375 0.0890965 
0.0105681 -0.0190425 0.000199395 -0.000231688 -0.0190425 0.0916208 -0.000236081 0.000544141 0.000199395 -0.000236081 0.00971683 -0.0180222 -0.000231688 0.000544141 -0.0180222 0.0890611 
0.0105774 -0.0190586 0.000206754 -0.000256331 -0.0190586 0.091642 -0.000261564 0.000625673 0.000206754 -0.000261564 0.00971453 -0.018024 -0.000256331 0.000625673 -0.018024 0.0890766 
0.0105972 -0.0190809 0.000201237 -0.00025667 -0.0190809 0.0917006 -0.000262262 0.00064944 0.000201237 -0.000262262 0.00972094 -0.0180222 -0.00025667 0.00064944 -0.0180222 0.0890872 
0.0105893 -0.0191129 0.000184538 -0.000249306 -0.0191129 0.0917789 -0.000254559 0.000642116 0.000184538 -0.000254559 0.00973477 -0.0180147 -0.000249306 0.000642116 -0.0180147 0.0890592 
0.0105822 -0.0190932 0.000179578 -0.000226445 -0.0190932 0.0917618 -0.000229384 0.0005944 0.000179578 -0.000229384 0.00972 -0.0180293 -0.000226445 0.0005944 -0.0180293 0.089067 
0.0105879 -0.0190664 0.000205157 -0.000228297 -0.0190664 0.0916836 -0.00022829 0.00057909 0.000205157 -0.00022829 0.00970478 -0.0180274 -0.000228297 0.00057909 -0.0180274 0.0890913 
0.0105794 -0.0190747 0.000190568 -0.000231634 -0.0190747 0.0916621 -0.000230275 0.000550706 0.000190568 -0.000230275 0.00969709 -0.018003 -0.000231634 0.000550706 -0.018003 0.0890522 
0.0105633 -0.0190419 0.000165759 -0.000225526 -0.0190419 0.0915864 -0.000224537 0.000546477 0.000165759 -0.000224537 0.00971816 -0.0180239 -0.000225526 0.000546477 -0.0180239 0.0890973 
0.0105394 -0.0190373 0.000152029 -0.000194747 -0.0190373 0.0915604 -0.000196056 0.0004975 0.000152029 -0.000196056 0.00972503 -0.018023 -0.000194747 0.0004975 -0.018023 0.089084 
0.010534 -0.0190434 0.000161979 -0.000181477 -0.0190434 0.0916035 -0.000183271 0.000456634 0.000161979 -0.000183271 0.00969427 -0.0179897 -0.000181477 0.000456634 -0.0179897 0.0889828 
0.0104959 -0.019027 0.000164328 -0.00019372 -0.019027 0.0915759 -0.0001953 0.00046265 0.000164328 -0.0001953 0.00968761 -0.0179446 -0.00019372 0.00046265 -0.0179446 0.0888631 
0.0104753 -0.0189637 0.000146136 -0.00019025 -0.0189637 0.0914494 -0.000191967 0.000457179 0.000146136 -0.000191967 0.00968235 -0.0179559 -0.00019025 0.000457179 -0.0179559 0.0888535 
0.0104512 -0.0189188 0.000124702 -0.000170581 -0.0189188 0.0913019 -0.00017052 0.000424786 0.000124702 -0.00017052 0.00969631 -0.0179724 -0.000170581 0.000424786 -0.0179724 0.0889069 
0.0104055 -0.0188808 0.000128877 -0.000162017 -0.0188808 0.0911773 -0.000160576 0.000413887 0.000128877 -0.000160576 0.00972916 -0.0179907 -0.000162017 0.000413887 -0.0179907 0.0889545 
0.0103934 -0.0188271 0.000129098 -0.000156604 -0.0188271 0.0910496 -0.000153881 0.000386444 0.000129098 -0.000153881 0.00972482 -0.0180232 -0.000156604 0.000386444 -0.0180232 0.0890138 
0.0104043 -0.0188116 0.000141883 -0.000170427 -0.0188116 0.0909736 -0.000165288 0.000411665 0.000141883 -0.000165288 0.00969856 -0.0180125 -0.000170427 0.000411665 -0.0180125 0.0890155 
0.0104157 -0.0188608 0.000153942 -0.000187432 -0.0188608 0.0910694 -0.000182798 0.000452152 0.000153942 -0.000182798 0.00966981 -0.0179382 -0.000187432 0.000452152 -0.0179382 0.0888462 
0.0104073 -0.018877 0.000155212 -0.000203725 -0.018877 0.0911511 -0.000200198 0.000498791 0.000155212 -0.000200198 0.00967439 -0.0179083 -0.000203725 0.000498791 -0.0179083 0.0887301 
0.0103903 -0.0188802 0.000156908 -0.000200355 -0.0188802 0.0912036 -0.000198817 0.000510748 0.000156908 -0.000198817 0.00971097 -0.0179054 -0.000200355 0.000510748 -0.0179054 0.0886735 
0.0103742 -0.0188365 0.000143384 -0.000188611 -0.0188365 0.0911203 -0.000189236 0.000478781 0.000143384 -0.000189236 0.00972441 -0.0179667 -0.000188611 0.000478781 -0.0179667 0.0887696 
0.0103662 -0.0188057 0.000134671 -0.000177172 -0.0188057 0.0910143 -0.000177939 0.000454208 0.000134671 -0.000177939 0.00970529 -0.0179876 -0.000177172 0.000454208 -0.0179876 0.0888587 
0.0103669 -0.0187964 0.000120902 -0.000169035 -0.0187964 0.0909596 -0.000170101 0.000432689 0.000120902 -0.000170101 0.0096669 -0.0179569 -0.000169035 0.000432689 -0.0179569 0.0888354 
0.010362 -0.0187854 0.000101139 -0.000146168 -0.0187854 0.0909214 -0.000147163 0.000383996 0.000101139 -0.000147163 0.00966853 -0.0179391 -0.000146168 0.000383996 -0.0179391 0.0888261 
0.0103508 -0.0187897 0.000101672 -0.000135547 -0.0187897 0.090927 -0.000137917 0.000364497 0.000101672 -0.000137917 0.00968602 -0.0179307 -0.000135547 0.000364497 -0.0179307 0.0887949 
0.0103574 -0.0187683 0.000114892 -0.000117944 -0.0187683 0.0908881 -0.000122549 0.000314667 0.000114892 -0.000122549 0.00969114 -0.0179613 -0.000117944 0.000314667 -0.0179613 0.0888441 
0.0103971 -0.0187951 0.000116281 -0.000122679 -0.0187951 0.0909365 -0.000128026 0.000293767 0.000116281 -0.000128026 0.00969148 -0.0179619 -0.000122679 0.000293767 -0.0179619 0.0888675 
0.0104298 -0.0188434 0.000112948 -0.000142443 -0.0188434 0.0910288 -0.000144556 0.00033462 0.000112948 -0.000144556 0.00967645 -0.0179551 -0.000142443 0.00033462 -0.0179551 0.0888543 
0.0104165 -0.0188684 0.000115996 -0.000152265 -0.0188684 0.0910927 -0.000148473 0.000373656 0.000115996 -0.000148473 0.00969408 -0.0179585 -0.000152265 0.000373656 -0.0179585 0.0888784 
0.0103887 -0.018855 0.000120266 -0.000144695 -0.018855 0.0910964 -0.000138182 0.000359504 0.000120266 -0.000138182 0.00969744 -0.0179685 -0.000144695 0.000359504 -0.0179685 0.088887 
0.0103799 -0.0188253 0.000121238 -0.000155068 -0.0188253 0.0910513 -0.000149282 0.000375294 0.000121238 -0.000149282 0.00970012 -0.0179701 -0.000155068 0.000375294 -0.0179701 0.0888946 
0.0103884 -0.0188197 0.000114323 -0.000150555 -0.0188197 0.091025 -0.000148628 0.000375343 0.000114323 -0.000148628 0.00970812 -0.0179669 -0.000150555 0.000375343 -0.0179669 0.0888859 
0.0103852 -0.0188109 0.000115734 -0.000145949 -0.0188109 0.0909759 -0.000149353 0.000377583 0.000115734 -0.000149353 0.00971394 -0.0179888 -0.000145949 0.000377583 -0.0179888 0.0889243 
0.0103915 -0.0188146 0.000132063 -0.000131407 -0.0188146 0.0909764 -0.000138291 0.000344435 0.000132063 -0.000138291 0.00971017 -0.0179946 -0.000131407 0.000344435 -0.0179946 0.0889498 
0.0104197 -0.0188215 0.00013876 -0.000163779 -0.0188215 0.0909928 -0.000170413 0.000393312 0.00013876 -0.000170413 0.00969486 -0.0179981 -0.000163779 0.000393312 -0.0179981 0.0889736 
0.0104389 -0.0188688 0.000137428 -0.000176031 -0.0188688 0.0910868 -0.000179488 0.000438907 0.000137428 -0.000179488 0.00968126 -0.0179632 -0.000176031 0.000438907 -0.0179632 0.0889087 
0.0104403 -0.0188835 0.000131325 -0.000163063 -0.0188835 0.0911386 -0.000164424 0.000419115 0.000131325 -0.000164424 0.00967459 -0.017955 -0.000163063 0.000419115 -0.017955 0.0888756 
0.0104263 -0.018893 0.000125115 -0.000168556 -0.018893 0.091178 -0.000168543 0.00042776 0.000125115 -0.000168543 0.00966975 -0.0179309 -0.000168556 0.00042776 -0.0179309 0.088809 
0.0104007 -0.0188692 0.000114782 -0.000161406 -0.0188692 0.0911474 -0.000160393 0.000420292 0.000114782 -0.000160393 0.00967604 -0.0179294 -0.000161406 0.000420292 -0.0179294 0.0887848 
0.010384 -0.0188169 0.000110499 -0.000137079 -0.0188169 0.0910217 -0.000135286 0.000361688 0.000110499 -0.000135286 0.00968014 -0.0179568 -0.000137079 0.000361688 -0.0179568 0.0888442 
0.0103776 -0.0188284 0.000113631 -0.000121006 -0.0188284 0.0910177 -0.000117664 0.000296134 0.000113631 -0.000117664 0.00965963 -0.0179164 -0.000121006 0.000296134 -0.0179164 0.0887576 
0.010351 -0.018803 0.000117039 -0.000142517 -0.018803 0.090968 -0.000141082 0.000327542 0.000117039 -0.000141082 0.00967043 -0.0179099 -0.000142517 0.000327542 -0.0179099 0.0887259 
0.0103279 -0.0187752 0.000110947 -0.000147506 -0.0187752 0.0909053 -0.000146256 0.000352983 0.000110947 -0.000146256 0.00966719 -0.0179043 -0.000147506 0.000352983 -0.0179043 0.0886819 
0.0103274 -0.0187269 0.000118821 -0.000151408 -0.0187269 0.0907883 -0.000147989 0.000377863 0.000118821 -0.000147989 0.00967116 -0.0179311 -0.000151408 0.000377863 -0.0179311 0.0887436 
0.0103253 -0.018716 0.00011545 -0.000156817 -0.018716 0.0907095 -0.000153468 0.000389965 0.00011545 -0.000153468 0.00967063 -0.0179434 -0.000156817 0.000389965 -0.0179434 0.0887964 
0.010317 -0.0187205 0.000128865 -0.000168463 -0.0187205 0.0907022 -0.000166651 0.00043269 0.000128865 -0.000166651 0.00967585 -0.0179374 -0.000168463 0.00043269 -0.0179374 0.0887997 
0.0103244 -0.0187276 0.000144598 -0.000173203 -0.0187276 0.0907389 -0.000171834 0.00044263 0.000144598 -0.000171834 0.00967377 -0.0179291 -0.000173203 0.00044263 -0.0179291 0.0887666 
0.010352 -0.0187526 0.00013651 -0.000171451 -0.0187526 0.0908072 -0.000171445 0.000424261 0.00013651 -0.000171445 0.0096524 -0.0179083 -0.000171451 0.000424261 -0.0179083 0.088703 
0.0103731 -0.0187689 0.000133224 -0.000157204 -0.0187689 0.0908462 -0.000157881 0.000393718 0.000133224 -0.000157881 0.00965034 -0.0179134 -0.000157204 0.000393718 -0.0179134 0.0887221 
0.0103872 -0.0188005 0.000120326 -0.000172295 -0.0188005 0.090918 -0.000173263 0.000423112 0.000120326 -0.000173263 0.00964247 -0.0179053 -0.000172295 0.000423112 -0.0179053 0.0887117 
0.0104048 -0.0188546 9.20496e-05 -0.000156035 -0.0188546 0.0910719 -0.000157942 0.000413005 9.20496e-05 -0.000157942 0.00960756 -0.0178472 -0.000156035 0.000413005 -0.0178472 0.0885601 
0.0104138 -0.0188447 6.20517e-05 -0.0001125 -0.0188447 0.0910873 -0.00011376 0.000326878 6.20517e-05 -0.00011376 0.00959672 -0.0178474 -0.0001125 0.000326878 -0.0178474 0.0885461 
0.0103937 -0.0188456 5.56441e-05 -7.27937e-05 -0.0188456 0.0910783 -7.48789e-05 0.000223907 5.56441e-05 -7.48789e-05 0.00963148 -0.0178472 -7.27937e-05 0.000223907 -0.0178472 0.0885582 
0.0103706 -0.0188326 4.99436e-05 -5.25807e-05 -0.0188326 0.091069 -5.50013e-05 0.000138241 4.99436e-05 -5.50013e-05 0.00967531 -0.0178777 -5.25807e-05 0.000138241 -0.0178777 0.0885949 
0.010377 -0.0188077 6.96548e-05 -5.8093e-05 -0.0188077 0.0910267 -6.16692e-05 0.000135339 6.96548e-05 -6.16692e-05 0.00969594 -0.0179398 -5.8093e-05 0.000135339 -0.0179398 0.0887266 
0.0103967 -0.0188109 8.47096e-05 -7.26048e-05 -0.0188109 0.0910028 -7.7593e-05 0.000153507 8.47096e-05 -7.7593e-05 0.00968935 -0.0179709 -7.26048e-05 0.000153507 -0.0179709 0.0888424 
0.0104272 -0.0188433 9.78365e-05 -0.000104237 -0.0188433 0.0910615 -0.000107419 0.000226983 9.78365e-05 -0.000107419 0.00968158 -0.0179637 -0.000104237 0.000226983 -0.0179637 0.0888747 
0.0104489 -0.0188793 0.00011617 -0.000128257 -0.0188793 0.0911442 -0.000128264 0.000302158 0.00011617 -0.000128264 0.0096861 -0.0179605 -0.000128257 0.000302158 -0.0179605 0.0888837 
0.0104631 -0.0188999 0.000131839 -0.000168683 -0.0188999 0.0912019 -0.000167559 0.000409509 0.000131839 -0.000167559 0.00968539 -0.0179791 -0.000168683 0.000409509 -0.0179791 0.0889332 
0.0104518 -0.0189292 0.00012717 -0.000170204 -0.0189292 0.0912774 -0.000168644 0.000438801 0.00012717 -0.000168644 0.0096902 -0.0179611 -0.000170204 0.000438801 -0.0179611 0.0889093 
0.0104471 -0.0189128 0.000130348 -0.000164331 -0.0189128 0.0912826 -0.000163704 0.000436033 0.000130348 -0.000163704 0.00969966 -0.0179723 -0.000164331 0.000436033 -0.0179723 0.0889182 
0.0104714 -0.0189118 0.000133086 -0.000161763 -0.0189118 0.0912803 -0.000161805 0.000420298 0.000133086 -0.000161805 0.00968367 -0.0179795 -0.000161763 0.000420298 -0.0179795 0.0889321 
0.0105149 -0.0189466 0.000134173 -0.000154604 -0.0189466 0.0913392 -0.000155846 0.000390097 0.000134173 -0.000155846 0.00966141 -0.0179568 -0.000154604 0.000390097 -0.0179568 0.088899 
0.0105269 -0.0189849 0.000126016 -0.000162134 -0.0189849 0.0914066 -0.000160919 0.000390084 0.000126016 -0.000160919 0.00965519 -0.0179401 -0.000162134 0.000390084 -0.0179401 0.0888632 
0.0105164 -0.0189978 0.000117167 -0.000144159 -0.0189978 0.0914554 -0.000141439 0.000351913 0.000117167 -0.000141439 0.00966276 -0.0179377 -0.000144159 0.000351913 -0.0179377 0.0888497 
0.0104868 -0.0189933 9.37936e-05 -0.000129656 -0.0189933 0.091468 -0.000126665 0.000305946 9.37936e-05 -0.000126665 0.0096591 -0.0179241 -0.000129656 0.000305946 -0.0179241 0.0887984 
0.0104637 -0.0189493 8.89428e-05 -0.000116532 -0.0189493 0.0913929 -0.000112066 0.000284206 8.89428e-05 -0.000112066 0.00966644 -0.0179299 -0.000116532 0.000284206 -0.0179299 0.0888032 
0.0104695 -0.0189072 9.54983e-05 -0.00011157 -0.0189072 0.0912769 -0.000106856 0.000269361 9.54983e-05 -0.000106856 0.00968014 -0.0179592 -0.00011157 0.000269361 -0.0179592 0.0888767 
0.010485 -0.0189237 0.000106706 -0.000116175 -0.0189237 0.0912641 -0.000112802 0.00027315 0.000106706 -0.000112802 0.00968631 -0.0179616 -0.000116175 0.00027315 -0.0179616 0.0888942 
0.0104946 -0.0189609 0.000118516 -0.000135884 -0.0189609 0.0913448 -0.000135368 0.000320195 0.000118516 -0.000135368 0.00968528 -0.0179495 -0.000135884 0.000320195 -0.0179495 0.0888565 
0.0104904 -0.0189628 0.000124231 -0.000149182 -0.0189628 0.0913738 -0.000152298 0.00036668 0.000124231 -0.000152298 0.00969258 -0.0179655 -0.000149182 0.00036668 -0.0179655 0.0888845 
0.0104758 -0.0189476 0.000122404 -0.000151009 -0.0189476 0.091346 -0.000155082 0.000381322 0.000122404 -0.000155082 0.00971263 -0.0179873 -0.000151009 0.000381322 -0.0179873 0.0889479 
0.0104578 -0.0189214 0.000121053 -0.000157439 -0.0189214 0.0912814 -0.000159468 0.00039918 0.000121053 -0.000159468 0.00972068 -0.0180193 -0.000157439 0.00039918 -0.0180193 0.0890321 
0.0104507 -0.0189142 0.000124133 -0.000151419 -0.0189142 0.0912652 -0.000152187 0.000391855 0.000124133 -0.000152187 0.00972687 -0.0180224 -0.000151419 0.000391855 -0.0180224 0.089067 
0.0104568 -0.0189098 0.000125581 -0.00015342 -0.0189098 0.0912593 -0.000154805 0.000388669 0.000125581 -0.000154805 0.00973218 -0.0180273 -0.00015342 0.000388669 -0.0180273 0.0890827 
0.0104725 -0.0189138 0.000124437 -0.00015326 -0.0189138 0.0912552 -0.000155009 0.000386774 0.000124437 -0.000155009 0.009712 -0.0180248 -0.00015326 0.000386774 -0.0180248 0.0890693 
0.0104585 -0.0189479 0.000126783 -0.000155254 -0.0189479 0.0913196 -0.000155769 0.000392666 0.000126783 -0.000155769 0.00968502 -0.0179643 -0.000155254 0.000392666 -0.0179643 0.0889247 
0.0104521 -0.0189258 0.000119619 -0.000146374 -0.0189258 0.0913143 -0.000146708 0.000365971 0.000119619 -0.000146708 0.00967649 -0.0179432 -0.000146374 0.000365971 -0.0179432 0.0888426 
0.010446 -0.0188973 0.000123398 -0.000153504 -0.0188973 0.0912355 -0.00015301 0.000379478 0.000123398 -0.00015301 0.00967725 -0.0179468 -0.000153504 0.000379478 -0.0179468 0.0888319 
0.0104544 -0.0188983 0.000118977 -0.000142982 -0.0188983 0.0912183 -0.000143489 0.000355639 0.000118977 -0.000143489 0.00969769 -0.0179526 -0.000142982 0.000355639 -0.0179526 0.0888499 
0.0104884 -0.0189135 0.000117201 -0.000146262 -0.0189135 0.0912417 -0.000150513 0.000363425 0.000117201 -0.000150513 0.00970134 -0.0179728 -0.000146262 0.000363425 -0.0179728 0.0888816 
0.0105212 -0.0189565 0.0001197 -0.000150306 -0.0189565 0.0913225 -0.000156774 0.000382567 0.0001197 -0.000156774 0.0097036 -0.0179868 -0.000150306 0.000382567 -0.0179868 0.0889314 
0.0105307 -0.0189931 0.000117919 -0.000144342 -0.0189931 0.0914142 -0.000149416 0.000369915 0.000117919 -0.000149416 0.00971302 -0.0180041 -0.000144342 0.000369915 -0.0180041 0.0889941 
0.0105239 -0.0190187 0.000116333 -0.000142536 -0.0190187 0.0915115 -0.000142882 0.000356387 0.000116333 -0.000142882 0.00973465 -0.0180105 -0.000142536 0.000356387 -0.0180105 0.0890245 
0.0105128 -0.0190184 0.000103071 -0.000149282 -0.0190184 0.0915551 -0.00014375 0.000364259 0.000103071 -0.00014375 0.0097522 -0.0180305 -0.000149282 0.000364259 -0.0180305 0.0890618 
0.0105197 -0.0190111 8.71273e-05 -0.00011271 -0.0190111 0.0915607 -0.000104562 0.000288419 8.71273e-05 -0.000104562 0.00974599 -0.018045 -0.00011271 0.000288419 -0.018045 0.0890952 
0.010532 -0.0190076 8.89365e-05 -0.000104364 -0.0190076 0.0915386 -9.93807e-05 0.000255053 8.89365e-05 -9.93807e-05 0.00973282 -0.0180473 -0.000104364 0.000255053 -0.0180473 0.0891253 
0.0105503 -0.0190125 9.94394e-05 -0.000120777 -0.0190125 0.0915216 -0.00012117 0.000290052 9.94394e-05 -0.00012117 0.00969479 -0.0180296 -0.000120777 0.000290052 -0.0180296 0.0891028 
0.0105498 -0.0190132 9.25904e-05 -0.000126623 -0.0190132 0.0914942 -0.000131664 0.00031485 9.25904e-05 -0.000131664 0.00967766 -0.018009 -0.000126623 0.00031485 -0.018009 0.0890874 
0.0105287 -0.0190146 8.97075e-05 -0.000116652 -0.0190146 0.0914911 -0.000123057 0.000308174 8.97075e-05 -0.000123057 0.00968745 -0.0179835 -0.000116652 0.000308174 -0.0179835 0.0890319 
0.0105005 -0.0189861 7.17722e-05 -9.67431e-05 -0.0189861 0.0914369 -0.000101126 0.000250105 7.17722e-05 -0.000101126 0.00969842 -0.0179851 -9.67431e-05 0.000250105 -0.0179851 0.0889973 
0.0105016 -0.0189644 6.0108e-05 -7.7204e-05 -0.0189644 0.0913888 -7.8319e-05 0.000193273 6.0108e-05 -7.8319e-05 0.00969177 -0.0179737 -7.7204e-05 0.000193273 -0.0179737 0.0889416 
0.0104966 -0.0189684 5.15453e-05 -6.74732e-05 -0.0189684 0.0913753 -6.75283e-05 0.000159656 5.15453e-05 -6.75283e-05 0.00968265 -0.017955 -6.74732e-05 0.000159656 -0.017955 0.0888777 
0.0105011 -0.0189615 5.18192e-05 -7.00418e-05 -0.0189615 0.0913686 -7.10228e-05 0.000167068 5.18192e-05 -7.10228e-05 0.00967737 -0.0179576 -7.00418e-05 0.000167068 -0.0179576 0.0888726 
0.0105246 -0.0189668 5.81274e-05 -6.5844e-05 -0.0189668 0.0913755 -6.70859e-05 0.000164017 5.81274e-05 -6.70859e-05 0.00965231 -0.0179581 -6.5844e-05 0.000164017 -0.0179581 0.0888827 
0.0105493 -0.019002 8.08277e-05 -8.28757e-05 -0.019002 0.0914449 -8.38605e-05 0.000197839 8.08277e-05 -8.38605e-05 0.00962138 -0.017924 -8.28757e-05 0.000197839 -0.017924 0.0888305 
0.0105727 -0.0190427 9.35249e-05 -9.66226e-05 -0.0190427 0.0915619 -9.71751e-05 0.000222092 9.35249e-05 -9.71751e-05 0.00960999 -0.0178835 -9.66226e-05 0.000222092 -0.0178835 0.0887374 
0.01055 -0.01907 8.74332e-05 -0.000108301 -0.01907 0.0916479 -0.000105781 0.000243856 8.74332e-05 -0.000105781 0.00964184 -0.0178678 -0.000108301 0.000243856 -0.0178678 0.0886721 
0.0105187 -0.0190279 6.62449e-05 -0.000104754 -0.0190279 0.0915999 -0.000101687 0.00025337 6.62449e-05 -0.000101687 0.00968142 -0.0179266 -0.000104754 0.00025337 -0.0179266 0.0887636 
0.0104941 -0.0189964 1.79933e-05 -7.02716e-05 -0.0189964 0.0915227 -7.11469e-05 0.000196035 1.79933e-05 -7.11469e-05 0.00969916 -0.0179526 -7.02716e-05 0.000196035 -0.0179526 0.0888231 
0.0105019 -0.0189775 5.80406e-06 2.31201e-07 -0.0189775 0.0914693 -5.60396e-06 5.00696e-05 5.80406e-06 -5.60396e-06 0.00967221 -0.0179506 2.31201e-07 5.00696e-05 -0.0179506 0.0888155 
0.0105226 -0.0189799 4.35077e-05 -4.81392e-06 -0.0189799 0.0914462 -9.87136e-06 1.32233e-05 4.35077e-05 -9.87136e-06 0.00964187 -0.0179313 -4.81392e-06 1.32233e-05 -0.0179313 0.0887968 
0.0105327 -0.0189762 6.8586e-05 -7.07527e-05 -0.0189762 0.0914028 -7.28197e-05 0.000128417 6.8586e-05 -7.28197e-05 0.00963465 -0.0179279 -7.07527e-05 0.000128417 -0.0179279 0.0888157 
0.0105058 -0.0189892 7.46624e-05 -9.64927e-05 -0.0189892 0.0914062 -9.89851e-05 0.000223401 7.46624e-05 -9.89851e-05 0.00965638 -0.0179155 -9.64927e-05 0.000223401 -0.0179155 0.0887999 
0.0104819 -0.0189693 5.79932e-05 -8.9498e-05 -0.0189693 0.0913974 -9.31869e-05 0.000232444 5.79932e-05 -9.31869e-05 0.00967722 -0.0179295 -8.9498e-05 0.000232444 -0.0179295 0.0888002 
0.0104534 -0.0189477 4.82171e-05 -6.80238e-05 -0.0189477 0.0913584 -7.00491e-05 0.000194701 4.82171e-05 -7.00491e-05 0.00970057 -0.0179412 -6.80238e-05 0.000194701 -0.0179412 0.0888108 
0.0104246 -0.0189074 2.66716e-05 -4.08804e-05 -0.0189074 0.0912711 -4.21436e-05 0.000117877 2.66716e-05 -4.21436e-05 0.00970967 -0.0179709 -4.08804e-05 0.000117877 -0.0179709 0.0888614 
0.010423 -0.0188782 1.76998e-05 -1.86137e-05 -0.0188782 0.0911974 -1.90297e-05 5.59176e-05 1.76998e-05 -1.90297e-05 0.00969297 -0.0179758 -1.86137e-05 5.59176e-05 -0.0179758 0.0888866 
0.0104461 -0.0188498 9.04607e-06 -1.62232e-05 -0.0188498 0.0910966 -1.68301e-05 3.83667e-05 9.04607e-06 -1.68301e-05 0.00966989 -0.0179869 -1.62232e-05 3.83667e-05 -0.0179869 0.088948 
0.0104629 -0.0188894 2.99161e-05 -2.03277e-05 -0.0188894 0.0911358 -2.15459e-05 5.68176e-05 2.99161e-05 -2.15459e-05 0.00966543 -0.0179468 -2.03277e-05 5.68176e-05 -0.0179468 0.0888926 
0.0104491 -0.0189104 4.68003e-05 -3.50392e-05 -0.0189104 0.091189 -3.45765e-05 7.26574e-05 4.68003e-05 -3.45765e-05 0.0096711 -0.0179291 -3.50392e-05 7.26574e-05 -0.0179291 0.0888179 
0.0104366 -0.0188977 6.62496e-05 -6.93457e-05 -0.0188977 0.0911972 -6.41773e-05 0.000143975 6.62496e-05 -6.41773e-05 0.00967701 -0.0179316 -6.93457e-05 0.000143975 -0.0179316 0.0887897 
0.0104424 -0.0188979 8.16026e-05 -9.38545e-05 -0.0188979 0.0912102 -8.58724e-05 0.000211593 8.16026e-05 -8.58724e-05 0.00965236 -0.0179171 -9.38545e-05 0.000211593 -0.0179171 0.0887371 
0.0104414 -0.0189027 9.57627e-05 -0.000117082 -0.0189027 0.0912255 -0.000110263 0.000278615 9.57627e-05 -0.000110263 0.00964792 -0.0179003 -0.000117082 0.000278615 -0.0179003 0.088707 
0.010461 -0.0189071 0.000103665 -0.000122574 -0.0189071 0.0912518 -0.000118679 0.000300813 0.000103665 -0.000118679 0.00963889 -0.0178968 -0.000122574 0.000300813 -0.0178968 0.0886904 
0.0104801 -0.0189152 0.00010837 -0.000118796 -0.0189152 0.091252 -0.000117392 0.000290939 0.00010837 -0.000117392 0.00962721 -0.017896 -0.000118796 0.000290939 -0.017896 0.088693 
0.0104861 -0.0189332 9.57152e-05 -0.000112196 -0.0189332 0.0912768 -0.000113476 0.000265992 9.57152e-05 -0.000113476 0.00961021 -0.0178865 -0.000112196 0.000265992 -0.0178865 0.0886829 
0.0104787 -0.0189468 9.59059e-05 -0.000123829 -0.0189468 0.0913227 -0.000124349 0.00030316 9.59059e-05 -0.000124349 0.00961751 -0.0178651 -0.000123829 0.00030316 -0.0178651 0.088645 
0.0104574 -0.0189314 9.08663e-05 -0.000115362 -0.0189314 0.0913124 -0.000113832 0.000291767 9.08663e-05 -0.000113832 0.00966756 -0.017892 -0.000115362 0.000291767 -0.017892 0.0886922 
0.0104602 -0.0189106 9.70068e-05 -0.000113043 -0.0189106 0.0912743 -0.000109429 0.000281688 9.70068e-05 -0.000109429 0.0096855 -0.0179467 -0.000113043 0.000281688 -0.0179467 0.0887934 
0.0104766 -0.0189241 9.73652e-05 -0.000121611 -0.0189241 0.0912898 -0.000118045 0.000292723 9.73652e-05 -0.000118045 0.00969329 -0.0179659 -0.000121611 0.000292723 -0.0179659 0.0888708 
0.0104771 -0.0189399 0.000110717 -0.000134326 -0.0189399 0.091317 -0.000133808 0.000337594 0.000110717 -0.000133808 0.00970039 -0.0179753 -0.000134326 0.000337594 -0.0179753 0.0889098 
0.0104701 -0.0189484 0.000117855 -0.00014328 -0.0189484 0.0913504 -0.000144302 0.000362936 0.000117855 -0.000144302 0.00970097 -0.0179737 -0.00014328 0.000362936 -0.0179737 0.0889081 
0.0104916 -0.0189528 0.000110995 -0.00014595 -0.0189528 0.0913889 -0.000145787 0.000368103 0.000110995 -0.000145787 0.00970197 -0.0179733 -0.00014595 0.000368103 -0.0179733 0.0889073 
0.0104946 -0.0189657 0.000108555 -0.000136272 -0.0189657 0.0914006 -0.0001349 0.000351491 0.000108555 -0.0001349 0.00970429 -0.0179786 -0.000136272 0.000351491 -0.0179786 0.0889158 
0.0104777 -0.0189648 0.000106654 -0.000137329 -0.0189648 0.0913999 -0.000135422 0.000347484 0.000106654 -0.000135422 0.00971432 -0.0179908 -0.000137329 0.000347484 -0.0179908 0.0889513 
