0.00766132 0 0.000295342 0 0 0.01 0 0 0.000295342 0 0.00695297 0 0 0 0 0.01 
0.010719 -0.0133074 0.000360534 -0.000443448 -0.0133074 0.0346904 -0.000443448 0.000850515 0.000360534 -0.000443448 0.00988933 -0.0122848 -0.000443448 0.000850515 -0.0122848 0.0327298 
0.0107063 -0.0198986 0.000244304 -0.000445628 -0.0198986 0.0727855 -0.000445628 0.00141741 0.000244304 -0.000445628 0.0100482 -0.018868 -0.000445628 0.00141741 -0.018868 0.0695016 
0.0101136 -0.0194761 0.000196841 -0.000311717 -0.0194761 0.0866116 -0.000303779 0.00111736 0.000196841 -0.000303779 0.00950666 -0.0186572 -0.000311717 0.00111736 -0.0186572 0.0838686 
0.0101626 -0.0187434 0.000196631 -0.000244021 -0.0187434 0.0893705 -0.000232736 0.00070817 0.000196631 -0.000232736 0.00944694 -0.0180202 -0.000244021 0.00070817 -0.0180202 0.0874489 
0.0104033 -0.0187524 0.000223779 -0.000242208 -0.0187524 0.0903014 -0.000233899 0.000562663 0.000223779 -0.000233899 0.0095314 -0.0178419 -0.000242208 0.000562663 -0.0178419 0.0883091 
0.0105357 -0.0189662 0.000233018 -0.00029037 -0.0189662 0.0910736 -0.000287749 0.000649075 0.000233018 -0.000287749 0.00960296 -0.0178253 -0.00029037 0.000649075 -0.0178253 0.0885244 
0.0105553 -0.0190571 0.000233468 -0.000288234 -0.0190571 0.0915013 -0.000291198 0.00070108 0.000233468 -0.000291198 0.00964088 -0.0178387 -0.000288234 0.00070108 -0.0178387 0.0885448 
0.0105301 -0.0190246 0.000222611 -0.000285307 -0.0190246 0.091534 -0.00029011 0.000714263 0.000222611 -0.00029011 0.00967449 -0.0178856 -0.000285307 0.000714263 -0.0178856 0.0886053 
0.0105063 -0.0189769 0.000208315 -0.000272926 -0.0189769 0.0914206 -0.00027863 0.000702202 0.000208315 -0.00027863 0.00969244 -0.0179324 -0.000272926 0.000702202 -0.0179324 0.0887015 
0.0104916 -0.0189538 0.000209222 -0.000254394 -0.0189538 0.0913343 -0.000259561 0.000664851 0.000209222 -0.000259561 0.00970038 -0.0179571 -0.000254394 0.000664851 -0.0179571 0.0887833 
0.0104627 -0.0189327 0.000224464 -0.000254603 -0.0189327 0.0912609 -0.000256947 0.00063992 0.000224464 -0.000256947 0.00970329 -0.0179693 -0.000254603 0.00063992 -0.0179693 0.0888349 
0.0104479 -0.0189044 0.000226869 -0.00026796 -0.0189044 0.0912066 -0.000267037 0.000644102 0.000226869 -0.000267037 0.00970163 -0.0179842 -0.00026796 0.000644102 -0.0179842 0.0888945 
0.0104309 -0.0188844 0.000210103 -0.000274399 -0.0188844 0.0911529 -0.000276077 0.000667485 0.000210103 -0.000276077 0.009701 -0.0179868 -0.000274399 0.000667485 -0.0179868 0.0889306 
0.010423 -0.0188828 0.000193875 -0.000253945 -0.0188828 0.0911622 -0.000259889 0.000648956 0.000193875 -0.000259889 0.00969716 -0.0179688 -0.000253945 0.000648956 -0.0179688 0.0888928 
0.0104137 -0.0188721 0.000183739 -0.000229813 -0.0188721 0.0911484 -0.000237031 0.000595493 0.000183739 -0.000237031 0.00968039 -0.0179535 -0.000229813 0.000595493 -0.0179535 0.0888378 
0.0103878 -0.018847 0.000174722 -0.000219167 -0.018847 0.0910907 -0.000224133 0.00055556 0.000174722 -0.000224133 0.00967947 -0.0179445 -0.000219167 0.00055556 -0.0179445 0.0888154 
0.0103599 -0.0188159 0.000162091 -0.000209778 -0.0188159 0.091015 -0.000208221 0.000518995 0.000162091 -0.000208221 0.0096726 -0.0179308 -0.000209778 0.000518995 -0.0179308 0.0887697 
0.0103638 -0.0187813 0.000162567 -0.000219892 -0.0187813 0.0909376 -0.000213068 0.000543937 0.000162567 -0.000213068 0.00966753 -0.0179298 -0.000219892 0.000543937 -0.0179298 0.0887629 
0.0103566 -0.0187893 0.000162705 -0.000204474 -0.0187893 0.0909154 -0.000197209 0.000513614 0.000162705 -0.000197209 0.00966919 -0.0179091 -0.000204474 0.000513614 -0.0179091 0.0887092 
0.0103366 -0.0187766 0.000175969 -0.000215414 -0.0187766 0.0908878 -0.00021184 0.000533555 0.000175969 -0.00021184 0.00968413 -0.0179151 -0.000215414 0.000533555 -0.0179151 0.0887031 
0.0103145 -0.0187399 0.000202353 -0.000236953 -0.0187399 0.0908078 -0.000237227 0.00058973 0.000202353 -0.000237227 0.00970735 -0.0179521 -0.000236953 0.00058973 -0.0179521 0.088784 
0.0102955 -0.0187003 0.000216567 -0.000261697 -0.0187003 0.0906924 -0.000263268 0.000643817 0.000216567 -0.000263268 0.00972085 -0.0179879 -0.000261697 0.000643817 -0.0179879 0.088884 
0.0102967 -0.0187067 0.000211204 -0.000278171 -0.0187067 0.0906973 -0.000277339 0.00069007 0.000211204 -0.000277339 0.00972694 -0.0179822 -0.000278171 0.00069007 -0.0179822 0.0888906 
0.0103043 -0.018715 0.000188981 -0.000251626 -0.018715 0.090727 -0.00025076 0.000643138 0.000188981 -0.00025076 0.0097327 -0.0179877 -0.000251626 0.000643138 -0.0179877 0.088895 
0.0103134 -0.0187235 0.000163921 -0.000218445 -0.0187235 0.0907499 -0.000218869 0.00055936 0.000163921 -0.000218869 0.0097094 -0.0179907 -0.000218445 0.00055936 -0.0179907 0.0888933 
0.0103412 -0.0187211 0.000178773 -0.000194277 -0.0187211 0.0907462 -0.000196023 0.000495883 0.000178773 -0.000196023 0.00968202 -0.0179886 -0.000194277 0.000495883 -0.0179886 0.0889237 
0.0103544 -0.0187606 0.000188935 -0.000214503 -0.0187606 0.0908127 -0.000214594 0.000505356 0.000188935 -0.000214594 0.00967503 -0.0179498 -0.000214503 0.000505356 -0.0179498 0.0888681 
0.0103562 -0.0187791 0.000192073 -0.000235977 -0.0187791 0.0908828 -0.000235488 0.000563678 0.000192073 -0.000235488 0.00970461 -0.017951 -0.000235977 0.000563678 -0.017951 0.0888547 
0.010324 -0.0187691 0.000179524 -0.000233596 -0.0187691 0.0908709 -0.000233306 0.000575047 0.000179524 -0.000233306 0.00974273 -0.0179872 -0.000233596 0.000575047 -0.0179872 0.088904 
0.0103229 -0.018743 0.000170711 -0.000215121 -0.018743 0.0908377 -0.000215019 0.000546917 0.000170711 -0.000215019 0.00973958 -0.018027 -0.000215121 0.000546917 -0.018027 0.0889902 
0.010332 -0.0187491 0.000168528 -0.000217091 -0.0187491 0.0908338 -0.000215086 0.000545838 0.000168528 -0.000215086 0.00971954 -0.01801 -0.000217091 0.000545838 -0.01801 0.0889897 
0.0103299 -0.0187386 0.000176804 -0.000212969 -0.0187386 0.0907985 -0.000210312 0.000539712 0.000176804 -0.000210312 0.00973658 -0.0180175 -0.000212969 0.000539712 -0.0180175 0.0890313 
0.0103308 -0.0187639 0.000174305 -0.000216638 -0.0187639 0.0908546 -0.000215234 0.000537423 0.000174305 -0.000215234 0.00974157 -0.0180018 -0.000216638 0.000537423 -0.0180018 0.0889761 
0.0103307 -0.0187669 0.000185678 -0.000217624 -0.0187669 0.0908837 -0.000217752 0.000546024 0.000185678 -0.000217752 0.00973871 -0.0180039 -0.000217624 0.000546024 -0.0180039 0.0889526 
0.0103093 -0.0187556 0.000182489 -0.000230304 -0.0187556 0.0908596 -0.000233178 0.000569624 0.000182489 -0.000233178 0.00975241 -0.0180094 -0.000230304 0.000569624 -0.0180094 0.0889664 
0.010298 -0.0187116 0.00017099 -0.000230071 -0.0187116 0.0907588 -0.000235408 0.000587665 0.00017099 -0.000235408 0.00974464 -0.0180402 -0.000230071 0.000587665 -0.0180402 0.0890337 
0.0103083 -0.0186908 0.000172513 -0.000226813 -0.0186908 0.0906778 -0.000229699 0.000595121 0.000172513 -0.000229699 0.00973477 -0.0180428 -0.000226813 0.000595121 -0.0180428 0.0890847 
0.0103044 -0.0187061 0.000191501 -0.000214446 -0.0187061 0.0906686 -0.00021263 0.000554138 0.000191501 -0.00021263 0.00972856 -0.0180154 -0.000214446 0.000554138 -0.0180154 0.0890361 
0.0102811 -0.0186942 0.000199955 -0.000218983 -0.0186942 0.090641 -0.000213175 0.000518071 0.000199955 -0.000213175 0.0097295 -0.01801 -0.000218983 0.000518071 -0.01801 0.0890056 
0.010269 -0.0186701 0.00019421 -0.0002415 -0.0186701 0.0906006 -0.000238227 0.000560805 0.00019421 -0.000238227 0.00972717 -0.018007 -0.0002415 0.000560805 -0.018007 0.088986 
0.0102782 -0.0186772 0.000202274 -0.00024483 -0.0186772 0.0906181 -0.000245696 0.000603347 0.000202274 -0.000245696 0.00970412 -0.0179747 -0.00024483 0.000603347 -0.0179747 0.0888949 
0.0102761 -0.0186838 0.000215341 -0.000270392 -0.0186838 0.090633 -0.000271779 0.00067058 0.000215341 -0.000271779 0.00969158 -0.0179424 -0.000270392 0.00067058 -0.0179424 0.0887981 
0.0102644 -0.0186695 0.000214195 -0.000277421 -0.0186695 0.0906049 -0.000277899 0.00070142 0.000214195 -0.000277899 0.00968237 -0.0179355 -0.000277421 0.00070142 -0.0179355 0.0887543 
0.0102808 -0.0186641 0.000199097 -0.000269669 -0.0186641 0.0905997 -0.00026889 0.000692068 0.000199097 -0.00026889 0.00966499 -0.0179239 -0.000269669 0.000692068 -0.0179239 0.0887255 
0.0102634 -0.0186638 0.000175916 -0.000251002 -0.0186638 0.0905708 -0.000249475 0.000654837 0.000175916 -0.000249475 0.00966955 -0.0179163 -0.000251002 0.000654837 -0.0179163 0.0887152 
0.0102325 -0.0186484 0.000176081 -0.000250155 -0.0186484 0.0905408 -0.000249059 0.000668915 0.000176081 -0.000249059 0.00967322 -0.0179032 -0.000250155 0.000668915 -0.0179032 0.0886683 
0.0102209 -0.0186105 0.00018368 -0.000227067 -0.0186105 0.0904745 -0.000226292 0.000613217 0.00018368 -0.000226292 0.0096823 -0.0179203 -0.000227067 0.000613217 -0.0179203 0.0886959 
0.0102335 -0.0185917 0.000178189 -0.000223104 -0.0185917 0.0904151 -0.000222253 0.00056712 0.000178189 -0.000222253 0.00968811 -0.0179433 -0.000223104 0.00056712 -0.0179433 0.0887585 
0.0102573 -0.0186114 0.000173811 -0.000206768 -0.0186114 0.0904249 -0.000205261 0.000517299 0.000173811 -0.000205261 0.00966703 -0.0179387 -0.000206768 0.000517299 -0.0179387 0.0887598 
0.0102653 -0.0186373 0.000184948 -0.000219103 -0.0186373 0.0904769 -0.000217989 0.000535849 0.000184948 -0.000217989 0.00967473 -0.0179209 -0.000219103 0.000535849 -0.0179209 0.0887383 
0.0102792 -0.0186784 0.000183302 -0.000238536 -0.0186784 0.0905975 -0.000240489 0.000587267 0.000183302 -0.000240489 0.00966745 -0.0178931 -0.000238536 0.000587267 -0.0178931 0.0886397 
0.0102844 -0.0186954 0.00016077 -0.000212859 -0.0186954 0.0906693 -0.000218541 0.000548286 0.00016077 -0.000218541 0.0096647 -0.0178881 -0.000212859 0.000548286 -0.0178881 0.0886018 
0.0102801 -0.0186989 0.000138451 -0.000176162 -0.0186989 0.0906985 -0.000183317 0.00046365 0.000138451 -0.000183317 0.00967898 -0.017899 -0.000176162 0.00046365 -0.017899 0.0886267 
0.0103004 -0.0186773 0.000138891 -0.000163871 -0.0186773 0.0906595 -0.000169939 0.00042456 0.000138891 -0.000169939 0.00967875 -0.0179426 -0.000163871 0.00042456 -0.0179426 0.0887362 
0.0103143 -0.0187083 0.000168871 -0.000179481 -0.0187083 0.0906999 -0.000180986 0.000447582 0.000168871 -0.000180986 0.00970777 -0.0179504 -0.000179481 0.000447582 -0.0179504 0.0888078 
0.0103408 -0.0187246 0.00019743 -0.000242338 -0.0187246 0.0907472 -0.000239626 0.000579927 0.00019743 -0.000239626 0.00972864 -0.0179892 -0.000242338 0.000579927 -0.0179892 0.0888938 
0.0103567 -0.0187843 0.000200655 -0.000262471 -0.0187843 0.0908823 -0.000258654 0.000652958 0.000200655 -0.000258654 0.00972547 -0.0179837 -0.000262471 0.000652958 -0.0179837 0.0888884 
0.0103702 -0.018788 0.00019405 -0.000247605 -0.018788 0.0909337 -0.000244227 0.000635302 0.00019405 -0.000244227 0.00974044 -0.0180224 -0.000247605 0.000635302 -0.0180224 0.0889993 
0.0103742 -0.0187937 0.000192699 -0.000223721 -0.0187937 0.0909429 -0.000221914 0.000566776 0.000192699 -0.000221914 0.00975488 -0.0180564 -0.000223721 0.000566776 -0.0180564 0.0891168 
0.0103751 -0.0188047 0.000199361 -0.000220977 -0.0188047 0.0909694 -0.000221339 0.000534207 0.000199361 -0.000221339 0.00975007 -0.0180687 -0.000220977 0.000534207 -0.0180687 0.0891744 
0.0103934 -0.0188165 0.00021813 -0.000235623 -0.0188165 0.0910131 -0.000237899 0.000556894 0.00021813 -0.000237899 0.00973866 -0.0180543 -0.000235623 0.000556894 -0.0180543 0.0891645 
0.0104019 -0.0188299 0.000219286 -0.000269596 -0.0188299 0.0910332 -0.000270485 0.000632432 0.000219286 -0.000270485 0.00971805 -0.0180292 -0.000269596 0.000632432 -0.0180292 0.0890979 
0.0103921 -0.01885 0.000206284 -0.000280874 -0.01885 0.0910781 -0.000278146 0.000689079 0.000206284 -0.000278146 0.00969994 -0.017978 -0.000280874 0.000689079 -0.017978 0.0889583 
0.0103746 -0.0188331 0.00020695 -0.000260651 -0.0188331 0.09106 -0.000254484 0.000665151 0.00020695 -0.000254484 0.00969476 -0.0179521 -0.000260651 0.000665151 -0.0179521 0.088856 
0.0103669 -0.0188075 0.000187475 -0.000246041 -0.0188075 0.0910027 -0.000240633 0.000609124 0.000187475 -0.000240633 0.00968542 -0.0179484 -0.000246041 0.000609124 -0.0179484 0.0888139 
0.010346 -0.0187857 0.000182869 -0.000240679 -0.0187857 0.0909318 -0.000238647 0.000605556 0.000182869 -0.000238647 0.00969139 -0.0179484 -0.000240679 0.000605556 -0.0179484 0.0888123 
0.0103416 -0.0187701 0.000183362 -0.000231565 -0.0187701 0.0908964 -0.000231645 0.000591906 0.000183362 -0.000231645 0.00969088 -0.0179499 -0.000231565 0.000591906 -0.0179499 0.0888086 
0.0103129 -0.0187684 0.000182842 -0.000242175 -0.0187684 0.0908839 -0.000241518 0.000611715 0.000182842 -0.000241518 0.00970583 -0.0179404 -0.000242175 0.000611715 -0.0179404 0.0887824 
0.0102862 -0.0187297 0.000168009 -0.000216738 -0.0187297 0.0908127 -0.000218768 0.000559739 0.000168009 -0.000218768 0.00970985 -0.0179529 -0.000216738 0.000559739 -0.0179529 0.0887835 
0.0102764 -0.0186881 0.000164398 -0.000206796 -0.0186881 0.0907022 -0.000214137 0.000535272 0.000164398 -0.000214137 0.00969991 -0.0179643 -0.000206796 0.000535272 -0.0179643 0.0888171 
0.0102669 -0.0186653 0.000162805 -0.000199277 -0.0186653 0.0906091 -0.000209022 0.000516201 0.000162805 -0.000209022 0.00969436 -0.0179613 -0.000199277 0.000516201 -0.0179613 0.0888367 
0.0102443 -0.0186473 0.000184012 -0.000206485 -0.0186473 0.0905422 -0.000212605 0.000524953 0.000184012 -0.000212605 0.00969419 -0.0179558 -0.000206485 0.000524953 -0.0179558 0.0888311 
0.0102364 -0.0186112 0.000177582 -0.000223094 -0.0186112 0.0904571 -0.00022438 0.000540181 0.000177582 -0.00022438 0.00969596 -0.0179735 -0.000223094 0.000540181 -0.0179735 0.0888793 
0.0102465 -0.0186066 0.000162595 -0.000224547 -0.0186066 0.0904174 -0.000222266 0.000557847 0.000162595 -0.000222266 0.00968114 -0.0179636 -0.000224547 0.000557847 -0.0179636 0.0888722 
0.0102428 -0.0186235 0.000153495 -0.000213655 -0.0186235 0.0904365 -0.000207271 0.000550328 0.000153495 -0.000207271 0.00967742 -0.0179325 -0.000213655 0.000550328 -0.0179325 0.0887995 
0.0102182 -0.0185952 0.000145328 -0.000192221 -0.0185952 0.0903736 -0.000186875 0.000498557 0.000145328 -0.000186875 0.0096902 -0.0179445 -0.000192221 0.000498557 -0.0179445 0.0888023 
0.0102212 -0.0185904 0.000136957 -0.000173175 -0.0185904 0.0903678 -0.000169489 0.000441462 0.000136957 -0.000169489 0.00967748 -0.0179355 -0.000173175 0.000441462 -0.0179355 0.0887677 
0.0102222 -0.0186112 0.000139038 -0.000170437 -0.0186112 0.090421 -0.000165771 0.000424027 0.000139038 -0.000165771 0.00967394 -0.0179018 -0.000170437 0.000424027 -0.0179018 0.0886795 
0.010233 -0.0186211 0.00014922 -0.000188708 -0.0186211 0.0904773 -0.000182249 0.000461282 0.00014922 -0.000182249 0.00967098 -0.0178939 -0.000188708 0.000461282 -0.0178939 0.0886236 
0.0102276 -0.0186247 0.000140798 -0.000192337 -0.0186247 0.0904899 -0.000187147 0.000474424 0.000140798 -0.000187147 0.00966993 -0.0178973 -0.000192337 0.000474424 -0.0178973 0.0886166 
0.0102008 -0.0186077 0.00014311 -0.0001749 -0.0186077 0.0904578 -0.000176554 0.000456098 0.00014311 -0.000176554 0.00968544 -0.017912 -0.0001749 0.000456098 -0.017912 0.0886608 
0.0101691 -0.0185661 0.000115104 -0.000167342 -0.0185661 0.0903655 -0.00017386 0.000425872 0.000115104 -0.00017386 0.00969123 -0.0179305 -0.000167342 0.000425872 -0.0179305 0.0887054 
0.0101914 -0.0185357 9.28568e-05 -0.000150915 -0.0185357 0.0902939 -0.000159131 0.0004146 9.28568e-05 -0.000159131 0.00967143 -0.0179328 -0.000150915 0.0004146 -0.0179328 0.0887255 
0.0102044 -0.0185606 9.67949e-05 -0.000127848 -0.0185606 0.0902924 -0.000135961 0.000376145 9.67949e-05 -0.000135961 0.00964799 -0.0178939 -0.000127848 0.000376145 -0.0178939 0.0886478 
0.0102265 -0.0185783 9.22522e-05 -0.000118362 -0.0185783 0.0903341 -0.000125837 0.000326135 9.22522e-05 -0.000125837 0.00961769 -0.0178688 -0.000118362 0.000326135 -0.0178688 0.0885778 
0.0102679 -0.0186123 8.15894e-05 -0.000100542 -0.0186123 0.0904147 -0.000108999 0.000268999 8.15894e-05 -0.000108999 0.00957848 -0.0178297 -0.000100542 0.000268999 -0.0178297 0.0884895 
0.0102697 -0.0186441 7.10662e-05 -0.000102405 -0.0186441 0.0904773 -0.000112783 0.00026754 7.10662e-05 -0.000112783 0.0095804 -0.0178013 -0.000102405 0.00026754 -0.0178013 0.08843 
0.0102436 -0.018649 6.84179e-05 -8.94939e-05 -0.018649 0.0905124 -0.000100366 0.000251817 6.84179e-05 -0.000100366 0.00959267 -0.0177934 -8.94939e-05 0.000251817 -0.0177934 0.0883785 
0.0102161 -0.018617 7.14546e-05 -9.1604e-05 -0.018617 0.0904722 -0.000101807 0.000251984 7.14546e-05 -0.000101807 0.00960759 -0.0178055 -9.1604e-05 0.000251984 -0.0178055 0.0883787 
0.0102072 -0.0185774 6.30492e-05 -9.11014e-05 -0.0185774 0.0903836 -9.51541e-05 0.000240351 6.30492e-05 -9.51541e-05 0.0096166 -0.0178356 -9.11014e-05 0.000240351 -0.0178356 0.088447 
0.0101906 -0.0185714 5.20531e-05 -7.82419e-05 -0.0185714 0.0903358 -7.56929e-05 0.000204882 5.20531e-05 -7.56929e-05 0.0096226 -0.0178308 -7.82419e-05 0.000204882 -0.0178308 0.0884505 
0.0101725 -0.0185607 6.01689e-05 -7.39665e-05 -0.0185607 0.0903147 -7.04346e-05 0.000191977 6.01689e-05 -7.04346e-05 0.00962488 -0.0178222 -7.39665e-05 0.000191977 -0.0178222 0.0884157 
0.0101549 -0.0185298 5.77649e-05 -7.0146e-05 -0.0185298 0.090247 -7.11727e-05 0.000173495 5.77649e-05 -7.11727e-05 0.00963502 -0.0178315 -7.0146e-05 0.000173495 -0.0178315 0.0884245 
0.0101556 -0.0184928 7.22906e-05 -6.81014e-05 -0.0184928 0.0901444 -6.84638e-05 0.000168546 7.22906e-05 -6.84638e-05 0.00964948 -0.0178668 -6.81014e-05 0.000168546 -0.0178668 0.0885134 
0.0101688 -0.0184965 8.48036e-05 -8.56833e-05 -0.0184965 0.0901101 -8.34699e-05 0.000190002 8.48036e-05 -8.34699e-05 0.00964637 -0.0178779 -8.56833e-05 0.000190002 -0.0178779 0.0885572 
0.0101494 -0.0185247 9.78957e-05 -0.000110005 -0.0185247 0.0901591 -0.000106378 0.00024817 9.78957e-05 -0.000106378 0.00965684 -0.017859 -0.000110005 0.00024817 -0.017859 0.0885244 
0.010127 -0.0184957 0.00011198 -0.000149873 -0.0184957 0.0901355 -0.000144973 0.000356734 0.00011198 -0.000144973 0.0096638 -0.0178791 -0.000149873 0.000356734 -0.0178791 0.0885473 
0.0101097 -0.0184747 0.000109241 -0.000148868 -0.0184747 0.0900894 -0.000143885 0.000379131 0.000109241 -0.000143885 0.00966516 -0.0178762 -0.000148868 0.000379131 -0.0178762 0.0885467 
0.0101095 -0.018435 9.60006e-05 -0.000124379 -0.018435 0.0899949 -0.00011886 0.000321941 9.60006e-05 -0.00011886 0.00967143 -0.0179105 -0.000124379 0.000321941 -0.0179105 0.0886404 
0.0101244 -0.018445 8.92496e-05 -0.000107823 -0.018445 0.0899841 -0.000102782 0.000270539 8.92496e-05 -0.000102782 0.00967079 -0.0179098 -0.000107823 0.000270539 -0.0179098 0.0886689 
0.0101594 -0.018482 9.365e-05 -0.000120541 -0.018482 0.0900684 -0.000118697 0.000297877 9.365e-05 -0.000118697 0.00965429 -0.0178932 -0.000120541 0.000297877 -0.0178932 0.08863 
0.0101988 -0.0185331 0.000104879 -0.000128617 -0.0185331 0.0901939 -0.000129541 0.000329555 0.000104879 -0.000129541 0.0096204 -0.0178627 -0.000128617 0.000329555 -0.0178627 0.0885504 
0.0102151 -0.0185757 9.73327e-05 -0.000131662 -0.0185757 0.0903094 -0.000136098 0.000339708 9.73327e-05 -0.000136098 0.00960637 -0.0178317 -0.000131662 0.000339708 -0.0178317 0.0884814 
0.0102349 -0.0185964 8.74765e-05 -0.000116658 -0.0185964 0.0903918 -0.000121171 0.000316767 8.74765e-05 -0.000121171 0.00960766 -0.0178225 -0.000116658 0.000316767 -0.0178225 0.0884484 
0.0102376 -0.0186076 6.19405e-05 -9.00067e-05 -0.0186076 0.0904161 -9.09123e-05 0.000244521 6.19405e-05 -9.09123e-05 0.00961623 -0.0178306 -9.00067e-05 0.000244521 -0.0178306 0.088456 
0.0102313 -0.0186098 4.71291e-05 -7.49752e-05 -0.0186098 0.0904265 -7.13478e-05 0.00020253 4.71291e-05 -7.13478e-05 0.00964367 -0.0178511 -7.49752e-05 0.00020253 -0.0178511 0.0885087 
0.0102163 -0.0186148 4.0092e-05 -6.87002e-05 -0.0186148 0.0904484 -6.41189e-05 0.000186302 4.0092e-05 -6.41189e-05 0.00965243 -0.0178667 -6.87002e-05 0.000186302 -0.0178667 0.0885324 
0.0101903 -0.0185791 4.21246e-05 -5.39217e-05 -0.0185791 0.0903786 -5.16841e-05 0.000153356 4.21246e-05 -5.16841e-05 0.00965474 -0.017895 -5.39217e-05 0.000153356 -0.017895 0.0886095 
0.010184 -0.0185481 5.60994e-05 -5.15842e-05 -0.0185481 0.0902982 -4.98247e-05 0.000130502 5.60994e-05 -4.98247e-05 0.00964212 -0.0178942 -5.15842e-05 0.000130502 -0.0178942 0.0886388 
0.010194 -0.0185531 7.07698e-05 -7.64934e-05 -0.0185531 0.0902825 -7.33083e-05 0.000168286 7.07698e-05 -7.33083e-05 0.00960399 -0.0178451 -7.64934e-05 0.000168286 -0.0178451 0.088526 
0.0101857 -0.0185566 7.93213e-05 -8.83043e-05 -0.0185566 0.0902767 -8.55748e-05 0.000201674 7.93213e-05 -8.55748e-05 0.00959101 -0.0178029 -8.83043e-05 0.000201674 -0.0178029 0.088414 
0.0101611 -0.0185366 9.96534e-05 -0.000113 -0.0185366 0.0902308 -0.000114263 0.000272232 9.96534e-05 -0.000114263 0.00958925 -0.0177851 -0.000113 0.000272232 -0.0177851 0.0883357 
0.0101346 -0.0185168 0.000109377 -0.000132761 -0.0185168 0.0901954 -0.000134758 0.000324886 0.000109377 -0.000134758 0.00960039 -0.0177724 -0.000132761 0.000324886 -0.0177724 0.0882764 
0.0101248 -0.0184671 0.000118319 -0.000145951 -0.0184671 0.0900867 -0.00014382 0.000359548 0.000118319 -0.00014382 0.00960795 -0.0178024 -0.000145951 0.000359548 -0.0178024 0.0883172 
0.0101276 -0.0184483 0.000122056 -0.000149929 -0.0184483 0.0900033 -0.000147495 0.000372443 0.000122056 -0.000147495 0.00960677 -0.0178202 -0.000149929 0.000372443 -0.0178202 0.0883762 
0.0101236 -0.0184574 0.000108296 -0.00014929 -0.0184574 0.0899947 -0.000148903 0.000373627 0.000108296 -0.000148903 0.00961468 -0.0178155 -0.00014929 0.000373627 -0.0178155 0.0883901 
0.0101342 -0.0184595 0.00010268 -0.00013105 -0.0184595 0.0900099 -0.000131187 0.000343151 0.00010268 -0.000131187 0.00960828 -0.0178185 -0.00013105 0.000343151 -0.0178185 0.0883877 
0.0101516 -0.0184789 9.47222e-05 -0.000118983 -0.0184789 0.0900575 -0.000118762 0.000304034 9.47222e-05 -0.000118762 0.00960727 -0.0178135 -0.000118983 0.000304034 -0.0178135 0.0883852 
0.0101674 -0.0185029 8.2121e-05 -0.000111327 -0.0185029 0.0901174 -0.000110479 0.000278939 8.2121e-05 -0.000110479 0.00960611 -0.0178087 -0.000111327 0.000278939 -0.0178087 0.0883689 
0.0101819 -0.0185345 6.45157e-05 -0.000107762 -0.0185345 0.0902066 -0.000107203 0.000275058 6.45157e-05 -0.000107203 0.00960089 -0.0177939 -0.000107762 0.000275058 -0.0177939 0.0883228 
0.0101687 -0.0185432 5.09756e-05 -7.81503e-05 -0.0185432 0.0902424 -7.94666e-05 0.000219097 5.09756e-05 -7.94666e-05 0.00961498 -0.0177978 -7.81503e-05 0.000219097 -0.0177978 0.0883234 
0.0101354 -0.0185352 5.60328e-05 -6.15521e-05 -0.0185352 0.0902505 -6.49061e-05 0.000173658 5.60328e-05 -6.49061e-05 0.00964252 -0.0178088 -6.15521e-05 0.000173658 -0.0178088 0.0883375 
0.0101204 -0.0184769 6.30324e-05 -8.30984e-05 -0.0184769 0.0901396 -8.59358e-05 0.000207644 6.30324e-05 -8.59358e-05 0.00964941 -0.0178666 -8.30984e-05 0.000207644 -0.0178666 0.0884658 
0.0101135 -0.018434 7.07368e-05 -8.93227e-05 -0.018434 0.0899914 -9.11443e-05 0.000233228 7.07368e-05 -9.11443e-05 0.00964833 -0.017897 -8.93227e-05 0.000233228 -0.017897 0.0885977 
0.0101262 -0.0184486 6.4027e-05 -8.68807e-05 -0.0184486 0.0899848 -8.78292e-05 0.00022671 6.4027e-05 -8.78292e-05 0.00962828 -0.0178675 -8.68807e-05 0.00022671 -0.0178675 0.0885671 
0.0101281 -0.0184695 6.58488e-05 -8.95713e-05 -0.0184695 0.0900258 -8.90456e-05 0.000236794 6.58488e-05 -8.90456e-05 0.00961969 -0.0178315 -8.95713e-05 0.000236794 -0.0178315 0.0884768 
0.0101425 -0.0184742 6.35074e-05 -7.83873e-05 -0.0184742 0.0900571 -7.67326e-05 0.000205269 6.35074e-05 -7.67326e-05 0.00960107 -0.0178181 -7.83873e-05 0.000205269 -0.0178181 0.0884107 
0.0101445 -0.0184949 6.68592e-05 -7.22052e-05 -0.0184949 0.090102 -7.10507e-05 0.000178223 6.68592e-05 -7.10507e-05 0.009598 -0.0177898 -7.22052e-05 0.000178223 -0.0177898 0.088338 
0.0101493 -0.0184979 8.31292e-05 -9.1336e-05 -0.0184979 0.0901287 -9.24876e-05 0.000217798 8.31292e-05 -9.24876e-05 0.00960149 -0.0177841 -9.1336e-05 0.000217798 -0.0177841 0.0882944 
0.0101424 -0.0184793 8.70818e-05 -0.00011908 -0.0184793 0.0900746 -0.000121787 0.0002893 8.70818e-05 -0.000121787 0.00961031 -0.017808 -0.00011908 0.0002893 -0.017808 0.0883382 
0.0101371 -0.0184747 8.04983e-05 -0.000104205 -0.0184747 0.0900514 -0.000109439 0.000278964 8.04983e-05 -0.000109439 0.00962843 -0.0178264 -0.000104205 0.000278964 -0.0178264 0.0884009 
0.0101414 -0.0184669 7.69173e-05 -0.000105884 -0.0184669 0.0900313 -0.000113113 0.00028673 7.69173e-05 -0.000113113 0.00963557 -0.0178574 -0.000105884 0.00028673 -0.0178574 0.0884837 
0.0101293 -0.0184674 4.7692e-05 -8.13071e-05 -0.0184674 0.0900193 -8.71331e-05 0.000226417 4.7692e-05 -8.71331e-05 0.00965509 -0.0178768 -8.13071e-05 0.000226417 -0.0178768 0.0885634 
0.0101354 -0.0184893 1.93356e-05 -4.93782e-05 -0.0184893 0.0900946 -5.36013e-05 0.000152503 1.93356e-05 -5.36013e-05 0.00965037 -0.0178615 -4.93782e-05 0.000152503 -0.0178615 0.0885233 
0.0101602 -0.0184944 6.60762e-06 -1.87404e-05 -0.0184944 0.0901305 -2.00551e-05 7.40297e-05 6.60762e-06 -2.00551e-05 0.00963198 -0.0178598 -1.87404e-05 7.40297e-05 -0.0178598 0.0885081 
0.0101833 -0.0185331 2.41903e-06 -4.77448e-06 -0.0185331 0.0902107 -3.49133e-06 1.92761e-05 2.41903e-06 -3.49133e-06 0.00960686 -0.0178249 -4.77448e-06 1.92761e-05 -0.0178249 0.0884331 
0.0101983 -0.0185536 1.16962e-05 -1.24668e-05 -0.0185536 0.0902736 -1.08987e-05 2.51279e-05 1.16962e-05 -1.08987e-05 0.00960483 -0.0178107 -1.24668e-05 2.51279e-05 -0.0178107 0.0883978 
0.010197 -0.0185726 6.87161e-06 -1.87326e-05 -0.0185726 0.0903233 -1.63599e-05 3.4402e-05 6.87161e-06 -1.63599e-05 0.00960123 -0.0178048 -1.87326e-05 3.4402e-05 -0.0178048 0.0883719 
0.0102034 -0.0185824 9.80529e-06 -9.39318e-06 -0.0185824 0.0903671 -6.44512e-06 2.40318e-05 9.80529e-06 -6.44512e-06 0.00957917 -0.0177874 -9.39318e-06 2.40318e-05 -0.0177874 0.088326 
0.0101796 -0.0185573 2.62703e-05 -1.94303e-05 -0.0185573 0.090303 -1.926e-05 4.21859e-05 2.62703e-05 -1.926e-05 0.00958131 -0.0177887 -1.94303e-05 4.21859e-05 -0.0177887 0.0883419 
0.010142 -0.0185235 2.84049e-05 -2.69788e-05 -0.0185235 0.0902185 -3.09351e-05 5.5547e-05 2.84049e-05 -3.09351e-05 0.00959704 -0.0177931 -2.69788e-05 5.5547e-05 -0.0177931 0.0883574 
0.0101173 -0.018469 3.87492e-05 -4.28973e-05 -0.018469 0.0900888 -4.73486e-05 0.000105315 3.87492e-05 -4.73486e-05 0.0096067 -0.0178155 -4.28973e-05 0.000105315 -0.0178155 0.0884022 
0.0101024 -0.0184416 4.65712e-05 -4.5191e-05 -0.0184416 0.0899891 -5.10604e-05 0.000116805 4.65712e-05 -5.10604e-05 0.00959894 -0.0178128 -4.5191e-05 0.000116805 -0.0178128 0.0884 
0.0100866 -0.0184199 3.38065e-05 -5.28657e-05 -0.0184199 0.0899223 -6.00597e-05 0.000132361 3.38065e-05 -6.00597e-05 0.00961573 -0.0178121 -5.28657e-05 0.000132361 -0.0178121 0.0884061 
0.0100849 -0.0183822 1.1143e-05 -3.86086e-05 -0.0183822 0.0898194 -4.33206e-05 0.000113975 1.1143e-05 -4.33206e-05 0.00962999 -0.0178509 -3.86086e-05 0.000113975 -0.0178509 0.0884863 
0.0101064 -0.0183807 -1.90818e-06 -1.18341e-05 -0.0183807 0.0897755 -1.00785e-05 5.43404e-05 -1.90818e-06 -1.00785e-05 0.00963127 -0.0178705 -1.18341e-05 5.43404e-05 -0.0178705 0.0885541 
0.0101279 -0.0184301 1.329e-05 -4.60579e-06 -0.0184301 0.0898681 4.77702e-07 2.03578e-05 1.329e-05 4.77702e-07 0.00963114 -0.0178534 -4.60579e-06 2.03578e-05 -0.0178534 0.0885308 
0.0101429 -0.01846 2.51597e-05 -2.48173e-05 -0.01846 0.0899615 -2.01281e-05 4.21801e-05 2.51597e-05 -2.01281e-05 0.00962262 -0.0178505 -2.48173e-05 4.21801e-05 -0.0178505 0.0885077 
0.0101381 -0.0184858 3.03526e-05 -2.63153e-05 -0.0184858 0.0900458 -2.53553e-05 4.88674e-05 3.03526e-05 -2.53553e-05 0.00961945 -0.0178304 -2.63153e-05 4.88674e-05 -0.0178304 0.0884572 
