0.00777844 0 0.000103962 0 0 0.01 0 0 0.000103962 0 0.00689672 0 0 0 0 0.01 
0.0108615 -0.0134836 0.000119229 -0.0001464 -0.0134836 0.0350285 -0.0001464 0.000280745 0.000119229 -0.0001464 0.00982803 -0.0122103 -0.0001464 0.000280745 -0.0122103 0.0325866 
0.0107583 -0.0200524 7.10185e-05 -0.000148092 -0.0200524 0.0732754 -0.000148092 0.000468581 7.10185e-05 -0.000148092 0.00998347 -0.0188141 -0.000148092 0.000468581 -0.0188141 0.0693342 
0.0101748 -0.0194995 4.82388e-05 -7.8031e-05 -0.0194995 0.0867904 -8.51845e-05 0.000315467 4.82388e-05 -8.51845e-05 0.00944598 -0.0186622 -7.8031e-05 0.000315467 -0.0186622 0.0840047 
0.0102238 -0.0187986 4.39075e-05 -4.70619e-05 -0.0187986 0.0894187 -6.05211e-05 0.00015806 4.39075e-05 -6.05211e-05 0.00936823 -0.0179429 -4.70619e-05 0.00015806 -0.0179429 0.0874064 
0.0104383 -0.0188316 6.77339e-05 -4.93331e-05 -0.0188316 0.0904049 -6.45427e-05 0.000126 6.77339e-05 -6.45427e-05 0.0094762 -0.0177148 -4.93331e-05 0.000126 -0.0177148 0.0880632 
0.0105786 -0.0190113 9.57631e-05 -8.67705e-05 -0.0190113 0.0911809 -9.83534e-05 0.000191898 9.57631e-05 -9.83534e-05 0.00957181 -0.0177512 -8.67705e-05 0.000191898 -0.0177512 0.088297 
0.0106358 -0.0191095 0.000113646 -0.000127684 -0.0191095 0.0916179 -0.000133779 0.000293792 0.000113646 -0.000133779 0.00961254 -0.0178081 -0.000127684 0.000293792 -0.0178081 0.0884204 
0.0106094 -0.0191225 0.000129542 -0.000157013 -0.0191225 0.0917315 -0.000158543 0.000383865 0.000129542 -0.000158543 0.00965594 -0.017855 -0.000157013 0.000383865 -0.017855 0.0885155 
0.010576 -0.0190826 0.000121431 -0.000170217 -0.0190826 0.0916842 -0.000167145 0.000425004 0.000121431 -0.000167145 0.00968228 -0.0179142 -0.000170217 0.000425004 -0.0179142 0.0886419 
0.010547 -0.0190416 0.000110178 -0.000146646 -0.0190416 0.0915773 -0.000140119 0.000381008 0.000110178 -0.000140119 0.00967537 -0.0179448 -0.000146646 0.000381008 -0.0179448 0.0887435 
0.0105261 -0.0190134 0.000106133 -0.000134022 -0.0190134 0.0915017 -0.000124989 0.000334522 0.000106133 -0.000124989 0.00968558 -0.017948 -0.000134022 0.000334522 -0.017948 0.0888054 
0.0105222 -0.019003 9.05689e-05 -0.000119345 -0.019003 0.0914764 -0.000109562 0.000282122 9.05689e-05 -0.000109562 0.00968897 -0.0179506 -0.000119345 0.000282122 -0.0179506 0.0888201 
0.0105218 -0.019 7.69756e-05 -0.000111592 -0.019 0.0914706 -0.000108294 0.000273173 7.69756e-05 -0.000108294 0.00968744 -0.0179583 -0.000111592 0.000273173 -0.0179583 0.0888412 
0.0105157 -0.0189917 9.97534e-05 -9.67692e-05 -0.0189917 0.0914548 -0.00010281 0.00026161 9.97534e-05 -0.00010281 0.00969253 -0.0179757 -9.67692e-05 0.00026161 -0.0179757 0.088901 
0.0104959 -0.0189975 0.000128579 -0.000124761 -0.0189975 0.0914674 -0.000132996 0.000300507 0.000128579 -0.000132996 0.0096777 -0.0179531 -0.000124761 0.000300507 -0.0179531 0.0888587 
0.0104593 -0.0189622 0.000153584 -0.000176368 -0.0189622 0.0914062 -0.000179744 0.000413418 0.000153584 -0.000179744 0.00967489 -0.01794 -0.000176368 0.000413418 -0.01794 0.088826 
0.0104384 -0.0189158 0.00014289 -0.000208463 -0.0189158 0.0913038 -0.000207363 0.000507093 0.00014289 -0.000207363 0.0096632 -0.0179336 -0.000208463 0.000507093 -0.0179336 0.0888013 
0.0104352 -0.0188881 0.000132005 -0.000174932 -0.0188881 0.0912156 -0.000172698 0.000468147 0.000132005 -0.000172698 0.00963903 -0.0179166 -0.000174932 0.000468147 -0.0179166 0.0887613 
0.0104333 -0.0188936 0.000121315 -0.000164015 -0.0188936 0.0912049 -0.000163099 0.000429424 0.000121315 -0.000163099 0.00962311 -0.0178744 -0.000164015 0.000429424 -0.0178744 0.0886637 
0.0104136 -0.018881 0.000110074 -0.000142036 -0.018881 0.0911796 -0.000143153 0.000376326 0.000110074 -0.000143153 0.00964481 -0.0178692 -0.000142036 0.000376326 -0.0178692 0.0886276 
0.0104048 -0.0188416 0.000114885 -0.000144698 -0.0188416 0.091086 -0.000146297 0.000375766 0.000114885 -0.000146297 0.00965035 -0.0179068 -0.000144698 0.000375766 -0.0179068 0.088687 
0.0104021 -0.0188183 0.000104493 -0.000148177 -0.0188183 0.0909937 -0.000147798 0.000378115 0.000104493 -0.000147798 0.00964654 -0.0179255 -0.000148177 0.000378115 -0.0179255 0.0887616 
0.0104067 -0.0188281 9.80182e-05 -0.000125792 -0.0188281 0.0909961 -0.000124554 0.00033236 9.80182e-05 -0.000124554 0.00965472 -0.0179142 -0.000125792 0.00033236 -0.0179142 0.0887648 
0.0104064 -0.0188409 8.83951e-05 -0.000121559 -0.0188409 0.0910293 -0.000122129 0.000313564 8.83951e-05 -0.000122129 0.00966126 -0.0179183 -0.000121559 0.000313564 -0.0179183 0.0887606 
0.0104196 -0.018842 7.55409e-05 -9.24581e-05 -0.018842 0.0910491 -9.19904e-05 0.000243033 7.55409e-05 -9.19904e-05 0.0096588 -0.0179302 -9.24581e-05 0.000243033 -0.0179302 0.0887838 
0.0104329 -0.0188575 7.16004e-05 -8.28193e-05 -0.0188575 0.0910801 -8.18373e-05 0.000204924 7.16004e-05 -8.18373e-05 0.00965421 -0.0179311 -8.28193e-05 0.000204924 -0.0179311 0.0888005 
0.0104343 -0.0188934 8.0818e-05 -8.14883e-05 -0.0188934 0.0911701 -8.17726e-05 0.000194331 8.0818e-05 -8.17726e-05 0.00963561 -0.0178964 -8.14883e-05 0.000194331 -0.0178964 0.0887165 
0.0103915 -0.0188886 8.2021e-05 -0.000102106 -0.0188886 0.0911891 -0.000101654 0.000232657 8.2021e-05 -0.000101654 0.00963714 -0.0178681 -0.000102106 0.000232657 -0.0178681 0.088628 
0.0103617 -0.0188238 8.03887e-05 -9.65119e-05 -0.0188238 0.0910842 -9.62716e-05 0.000235777 8.03887e-05 -9.62716e-05 0.00964782 -0.0178893 -9.65119e-05 0.000235777 -0.0178893 0.0886501 
0.0103664 -0.018781 8.86678e-05 -0.000102153 -0.018781 0.0909537 -0.00010195 0.000249979 8.86678e-05 -0.00010195 0.00964018 -0.0178986 -0.000102153 0.000249979 -0.0178986 0.0886744 
0.0103806 -0.018776 8.40824e-05 -0.000112225 -0.018776 0.0908807 -0.000109685 0.000271054 8.40824e-05 -0.000109685 0.00963449 -0.0178971 -0.000112225 0.000271054 -0.0178971 0.0886893 
0.0103783 -0.0187908 6.69609e-05 -9.61607e-05 -0.0187908 0.0908736 -9.2387e-05 0.00024088 6.69609e-05 -9.2387e-05 0.00962964 -0.0178848 -9.61607e-05 0.00024088 -0.0178848 0.0886657 
0.0103576 -0.0187799 5.93517e-05 -8.63519e-05 -0.0187799 0.0908557 -8.53428e-05 0.000227063 5.93517e-05 -8.53428e-05 0.00965156 -0.0178981 -8.63519e-05 0.000227063 -0.0178981 0.0886972 
0.010345 -0.0187716 4.94336e-05 -5.94194e-05 -0.0187716 0.0908524 -6.23005e-05 0.000165439 4.94336e-05 -6.23005e-05 0.00966675 -0.0179032 -5.94194e-05 0.000165439 -0.0179032 0.088694 
0.0103458 -0.0187725 6.72964e-05 -6.37799e-05 -0.0187725 0.0908702 -6.64517e-05 0.000163618 6.72964e-05 -6.64517e-05 0.00967612 -0.017903 -6.37799e-05 0.000163618 -0.017903 0.0886721 
0.0103568 -0.0187803 8.69727e-05 -8.92995e-05 -0.0187803 0.0908963 -8.86058e-05 0.000203801 8.69727e-05 -8.86058e-05 0.00967341 -0.0179077 -8.92995e-05 0.000203801 -0.0179077 0.0886634 
0.0103537 -0.0187966 8.86231e-05 -0.000117846 -0.0187966 0.0909337 -0.000114169 0.000269561 8.86231e-05 -0.000114169 0.00966523 -0.0179018 -0.000117846 0.000269561 -0.0179018 0.0886504 
0.0103392 -0.0187738 9.05484e-05 -0.000129052 -0.0187738 0.0908936 -0.000126477 0.00032676 9.05484e-05 -0.000126477 0.00966347 -0.0179149 -0.000129052 0.00032676 -0.0179149 0.0886941 
0.0103384 -0.018746 0.000100111 -0.000131832 -0.018746 0.0908219 -0.000133153 0.00035311 0.000100111 -0.000133153 0.00965631 -0.0179282 -0.000131832 0.00035311 -0.0179282 0.0887539 
0.0103511 -0.0187415 0.000109261 -0.000134727 -0.0187415 0.0907821 -0.000139411 0.000360587 0.000109261 -0.000139411 0.00964163 -0.0179209 -0.000134727 0.000360587 -0.0179209 0.0887659 
0.010381 -0.0187598 0.000101717 -0.000127677 -0.0187598 0.090807 -0.000132136 0.000334064 0.000101717 -0.000132136 0.00963254 -0.0179091 -0.000127677 0.000334064 -0.0179091 0.0887554 
0.0103948 -0.018794 0.0001055 -0.000120064 -0.018794 0.0908726 -0.000119776 0.00030728 0.0001055 -0.000119776 0.00964051 -0.0179014 -0.000120064 0.00030728 -0.0179014 0.0887371 
0.0104268 -0.0188267 0.000102337 -0.000118174 -0.0188267 0.0909733 -0.000113404 0.000278973 0.000102337 -0.000113404 0.0096321 -0.0179002 -0.000118174 0.000278973 -0.0179002 0.0887153 
0.0104473 -0.0188695 0.000107628 -0.000123296 -0.0188695 0.0910829 -0.000119576 0.000288198 0.000107628 -0.000119576 0.0096328 -0.0178913 -0.000123296 0.000288198 -0.0178913 0.0886967 
0.0104542 -0.0189034 0.00011023 -0.000134452 -0.0189034 0.0911908 -0.000135605 0.000322573 0.00011023 -0.000135605 0.00963989 -0.0178851 -0.000134452 0.000322573 -0.0178851 0.0886721 
0.0104667 -0.018919 9.26964e-05 -0.000135038 -0.018919 0.0912668 -0.00014221 0.000341593 9.26964e-05 -0.00014221 0.00965239 -0.0178968 -0.000135038 0.000341593 -0.0178968 0.0886868 
0.0104847 -0.0189388 5.42485e-05 -9.79728e-05 -0.0189388 0.0913301 -0.00010506 0.000275936 5.42485e-05 -0.00010506 0.00966099 -0.0179141 -9.79728e-05 0.000275936 -0.0179141 0.0887246 
0.0104958 -0.0189735 5.02187e-05 -7.09745e-05 -0.0189735 0.0914163 -7.28366e-05 0.000216413 5.02187e-05 -7.28366e-05 0.00964362 -0.0179008 -7.09745e-05 0.000216413 -0.0179008 0.088691 
0.0104919 -0.0189751 6.61638e-05 -7.71395e-05 -0.0189751 0.0914453 -7.24821e-05 0.00020198 6.61638e-05 -7.24821e-05 0.00965618 -0.017909 -7.71395e-05 0.00020198 -0.017909 0.0887283 
0.0104821 -0.0189626 7.73883e-05 -7.8919e-05 -0.0189626 0.0914226 -7.16556e-05 0.000182613 7.73883e-05 -7.16556e-05 0.00966775 -0.0179316 -7.8919e-05 0.000182613 -0.0179316 0.0887862 
0.0104713 -0.0189422 8.89552e-05 -9.00213e-05 -0.0189422 0.0913677 -8.49748e-05 0.000195905 8.89552e-05 -8.49748e-05 0.00968676 -0.0179555 -9.00213e-05 0.000195905 -0.0179555 0.0888609 
0.0104791 -0.0189221 9.06414e-05 -0.000118789 -0.0189221 0.0913 -0.000118677 0.000268063 9.06414e-05 -0.000118677 0.00968052 -0.017977 -0.000118789 0.000268063 -0.017977 0.0889212 
0.0104965 -0.0189463 8.56247e-05 -0.00011368 -0.0189463 0.0913307 -0.000115121 0.000287674 8.56247e-05 -0.000115121 0.00967538 -0.0179618 -0.00011368 0.000287674 -0.0179618 0.0889143 
0.0104933 -0.0189697 7.45911e-05 -9.03604e-05 -0.0189697 0.0913865 -9.35922e-05 0.000237849 7.45911e-05 -9.35922e-05 0.00968494 -0.0179505 -9.03604e-05 0.000237849 -0.0179505 0.0888803 
0.010472 -0.0189503 7.18456e-05 -0.000100089 -0.0189503 0.0913594 -0.000106042 0.000258255 7.18456e-05 -0.000106042 0.00970566 -0.0179746 -0.000100089 0.000258255 -0.0179746 0.088916 
0.0104773 -0.0189365 6.06252e-05 -8.39793e-05 -0.0189365 0.0913337 -8.96842e-05 0.000231246 6.06252e-05 -8.96842e-05 0.0097034 -0.0179901 -8.39793e-05 0.000231246 -0.0179901 0.0889521 
0.0104762 -0.0189519 4.00439e-05 -5.83934e-05 -0.0189519 0.0913517 -6.18776e-05 0.000161085 4.00439e-05 -6.18776e-05 0.00969194 -0.0179689 -5.83934e-05 0.000161085 -0.0179689 0.0889122 
0.0104629 -0.0189279 4.25679e-05 -5.27048e-05 -0.0189279 0.0913034 -5.1192e-05 0.000140079 4.25679e-05 -5.1192e-05 0.00969731 -0.0179844 -5.27048e-05 0.000140079 -0.0179844 0.0889487 
0.0104422 -0.0189099 5.72306e-05 -6.9109e-05 -0.0189099 0.0912466 -6.40904e-05 0.000166909 5.72306e-05 -6.40904e-05 0.0097 -0.0179825 -6.9109e-05 0.000166909 -0.0179825 0.0889516 
0.0104459 -0.0188981 5.0189e-05 -7.97989e-05 -0.0188981 0.0912221 -7.4948e-05 0.000190351 5.0189e-05 -7.4948e-05 0.00968701 -0.0179689 -7.97989e-05 0.000190351 -0.0179689 0.0889128 
0.0104551 -0.0188942 2.60725e-05 -5.62305e-05 -0.0188942 0.0911991 -5.53539e-05 0.000152539 2.60725e-05 -5.53539e-05 0.0096751 -0.0179626 -5.62305e-05 0.000152539 -0.0179626 0.0888949 
0.010482 -0.0189085 2.25231e-05 -3.52724e-05 -0.0189085 0.0912235 -3.81156e-05 0.000115635 2.25231e-05 -3.81156e-05 0.00967028 -0.0179551 -3.52724e-05 0.000115635 -0.0179551 0.0888846 
0.0105209 -0.0189504 1.95104e-05 -3.26096e-05 -0.0189504 0.091312 -3.59366e-05 9.69175e-05 1.95104e-05 -3.59366e-05 0.00965813 -0.017945 -3.26096e-05 9.69175e-05 -0.017945 0.0888585 
0.0105369 -0.0190111 4.75318e-05 -4.248e-05 -0.0190111 0.0914554 -4.50721e-05 0.000119191 4.75318e-05 -4.50721e-05 0.00963143 -0.0179084 -4.248e-05 0.000119191 -0.0179084 0.0887672 
0.0105317 -0.0190244 3.24787e-05 -4.8657e-05 -0.0190244 0.0915332 -5.20414e-05 0.000112413 3.24787e-05 -5.20414e-05 0.0096266 -0.0178917 -4.8657e-05 0.000112413 -0.0178917 0.0887246 
0.0105414 -0.0190173 3.06864e-06 -1.2017e-05 -0.0190173 0.0915498 -1.66272e-05 4.25458e-05 3.06864e-06 -1.66272e-05 0.00961734 -0.0178891 -1.2017e-05 4.25458e-05 -0.0178891 0.0887077 
0.0105445 -0.0190132 -1.11853e-06 -1.23625e-06 -0.0190132 0.0915263 -6.96047e-06 1.7948e-05 -1.11853e-06 -6.96047e-06 0.00963465 -0.0179007 -1.23625e-06 1.7948e-05 -0.0179007 0.0887494 
0.0105302 -0.0190119 -2.36288e-05 6.25788e-06 -0.0190119 0.0915071 1.23069e-06 -6.92377e-06 -2.36288e-05 1.23069e-06 0.00965921 -0.0179187 6.25788e-06 -6.92377e-06 -0.0179187 0.0887874 
0.0105145 -0.0189873 -3.0348e-05 4.46883e-05 -0.0189873 0.0914473 4.09783e-05 -8.70071e-05 -3.0348e-05 4.09783e-05 0.00966185 -0.0179486 4.46883e-05 -8.70071e-05 -0.0179486 0.088849 
0.0105226 -0.0189897 -1.00007e-05 4.02146e-05 -0.0189897 0.0914467 3.78074e-05 -0.000102073 -1.00007e-05 3.78074e-05 0.00962816 -0.017921 4.02146e-05 -0.000102073 -0.017921 0.0888006 
0.010512 -0.018994 1.09687e-05 -7.18371e-06 -0.018994 0.091447 -6.7569e-06 -1.01467e-05 1.09687e-05 -6.7569e-06 0.00961812 -0.0178792 -7.18371e-06 -1.01467e-05 -0.0178792 0.08871 
0.0104662 -0.0189729 1.50383e-05 -4.08062e-05 -0.0189729 0.0914051 -3.69091e-05 8.97714e-05 1.50383e-05 -3.69091e-05 0.00964372 -0.0178725 -4.08062e-05 8.97714e-05 -0.0178725 0.0886654 
0.0104448 -0.0189174 3.42043e-06 -2.41886e-05 -0.0189174 0.0913042 -2.03081e-05 7.77841e-05 3.42043e-06 -2.03081e-05 0.00966152 -0.0179081 -2.41886e-05 7.77841e-05 -0.0179081 0.0887121 
0.0104505 -0.0188832 -1.7503e-06 3.33026e-06 -0.0188832 0.0911987 5.81553e-06 1.06008e-05 -1.7503e-06 5.81553e-06 0.00967282 -0.0179472 3.33026e-06 1.06008e-05 -0.0179472 0.0888199 
0.0104426 -0.0188914 -1.6373e-05 1.31579e-05 -0.0188914 0.091167 1.42018e-05 -3.47134e-05 -1.6373e-05 1.42018e-05 0.00966442 -0.0179422 1.31579e-05 -3.47134e-05 -0.0179422 0.0888303 
0.0104277 -0.018896 -6.54072e-06 2.30261e-05 -0.018896 0.0911889 2.50363e-05 -5.46964e-05 -6.54072e-06 2.50363e-05 0.00966037 -0.01792 2.30261e-05 -5.46964e-05 -0.01792 0.0887825 
0.0103946 -0.018864 -2.09928e-05 2.11557e-05 -0.018864 0.0911268 2.11322e-05 -6.825e-05 -2.09928e-05 2.11322e-05 0.00965167 -0.0179154 2.11557e-05 -6.825e-05 -0.0179154 0.0887509 
0.0103684 -0.0188278 -2.69111e-05 2.39595e-05 -0.0188278 0.0910513 1.75076e-05 -4.97993e-05 -2.69111e-05 1.75076e-05 0.00964976 -0.0179004 2.39595e-05 -4.97993e-05 -0.0179004 0.0887129 
0.010349 -0.0187698 -1.22219e-05 2.38173e-05 -0.0187698 0.0909045 1.18687e-05 -2.90476e-05 -1.22219e-05 1.18687e-05 0.00967474 -0.0179305 2.38173e-05 -2.90476e-05 -0.0179305 0.0887818 
0.010361 -0.0187655 -1.24888e-06 1.08623e-05 -0.0187655 0.0908632 -1.68415e-06 -7.51352e-06 -1.24888e-06 -1.68415e-06 0.00967873 -0.0179412 1.08623e-05 -7.51352e-06 -0.0179412 0.0888045 
0.0103762 -0.0187906 4.26671e-06 4.3379e-06 -0.0187906 0.0908995 -1.83129e-06 -2.35652e-06 4.26671e-06 -1.83129e-06 0.00967181 -0.0179307 4.3379e-06 -2.35652e-06 -0.0179307 0.0887786 
0.0103562 -0.0188083 -2.23305e-06 8.48837e-06 -0.0188083 0.090948 9.17014e-06 -2.94071e-05 -2.23305e-06 9.17014e-06 0.00968134 -0.0179253 8.48837e-06 -2.94071e-05 -0.0179253 0.0887608 
0.0103548 -0.0187935 -8.76923e-06 -3.15177e-06 -0.0187935 0.0909595 6.07091e-07 -7.45463e-06 -8.76923e-06 6.07091e-07 0.00967233 -0.0179338 -3.15177e-06 -7.45463e-06 -0.0179338 0.0887664 
0.0103665 -0.018786 2.68003e-06 6.79793e-06 -0.018786 0.0909402 1.02421e-05 -1.3444e-05 2.68003e-06 1.02421e-05 0.00965717 -0.0179282 6.79793e-06 -1.3444e-05 -0.0179282 0.0887697 
0.0103813 -0.0187917 1.8831e-05 -6.27211e-06 -0.0187917 0.0909335 -4.33178e-06 4.18786e-06 1.8831e-05 -4.33178e-06 0.00964918 -0.017919 -6.27211e-06 4.18786e-06 -0.017919 0.0887632 
0.0103825 -0.0188107 2.03484e-05 -3.19733e-05 -0.0188107 0.0909613 -2.96625e-05 5.92535e-05 2.03484e-05 -2.96625e-05 0.00964685 -0.017901 -3.19733e-05 5.92535e-05 -0.017901 0.0887196 
0.0103852 -0.0188203 -7.763e-07 -2.45598e-05 -0.0188203 0.0910007 -1.93126e-05 5.81487e-05 -7.763e-07 -1.93126e-05 0.00964759 -0.0178916 -2.45598e-05 5.81487e-05 -0.0178916 0.0886787 
0.010366 -0.0188064 -2.54954e-05 2.30807e-06 -0.0188064 0.0909682 5.82058e-06 1.40013e-05 -2.54954e-05 5.82058e-06 0.00966764 -0.0179061 2.30807e-06 1.40013e-05 -0.0179061 0.0887012 
0.0103757 -0.0188023 -3.67911e-05 3.93576e-05 -0.0188023 0.0909755 3.99919e-05 -6.86882e-05 -3.67911e-05 3.99919e-05 0.00967624 -0.0179225 3.93576e-05 -6.86882e-05 -0.0179225 0.0887301 
0.0103871 -0.0188266 -2.12481e-05 3.70415e-05 -0.0188266 0.0910256 3.6955e-05 -8.08766e-05 -2.12481e-05 3.6955e-05 0.0096725 -0.0179149 3.70415e-05 -8.08766e-05 -0.0179149 0.0887106 
0.0104018 -0.0188387 -2.1041e-05 3.21069e-05 -0.0188387 0.0910677 3.24803e-05 -9.15154e-05 -2.1041e-05 3.24803e-05 0.00966898 -0.0179168 3.21069e-05 -9.15154e-05 -0.0179168 0.0887114 
0.0104141 -0.018842 -2.89095e-05 4.29546e-05 -0.018842 0.0910729 4.19494e-05 -0.000118616 -2.89095e-05 4.19494e-05 0.00967388 -0.0179333 4.29546e-05 -0.000118616 -0.0179333 0.0887599 
0.0104107 -0.0188624 -2.57825e-05 3.40713e-05 -0.0188624 0.0911058 3.17865e-05 -9.51557e-05 -2.57825e-05 3.17865e-05 0.0096764 -0.017927 3.40713e-05 -9.51557e-05 -0.017927 0.0887574 
0.0103991 -0.0188494 -3.52162e-05 3.64568e-05 -0.0188494 0.0910936 3.32892e-05 -9.53887e-05 -3.52162e-05 3.32892e-05 0.00968766 -0.0179479 3.64568e-05 -9.53887e-05 -0.0179479 0.0888089 
0.0104027 -0.0188228 -4.22737e-05 6.32361e-05 -0.0188228 0.0910314 5.70422e-05 -0.000146627 -4.22737e-05 5.70422e-05 0.00969843 -0.0179832 6.32361e-05 -0.000146627 -0.0179832 0.0889139 
0.0104306 -0.0188273 -2.94358e-05 5.05314e-05 -0.0188273 0.0910055 4.62903e-05 -0.000127151 -2.94358e-05 4.62903e-05 0.00967258 -0.017987 5.05314e-05 -0.000127151 -0.017987 0.0889509 
0.0104533 -0.0188684 -1.6506e-05 1.86074e-05 -0.0188684 0.0910675 1.95567e-05 -5.86748e-05 -1.6506e-05 1.95567e-05 0.00963681 -0.0179403 1.86074e-05 -5.86748e-05 -0.0179403 0.0888731 
0.0104814 -0.0188952 -7.77874e-06 1.55887e-05 -0.0188952 0.0911413 2.10338e-05 -4.37477e-05 -7.77874e-06 2.10338e-05 0.00960382 -0.0179009 1.55887e-05 -4.37477e-05 -0.0179009 0.0887789 
0.0104531 -0.0189234 -7.29466e-06 1.00632e-05 -0.0189234 0.0912036 1.74808e-05 -3.98054e-05 -7.29466e-06 1.74808e-05 0.00962184 -0.0178624 1.00632e-05 -3.98054e-05 -0.0178624 0.0886812 
0.0104183 -0.0189034 -4.49071e-06 2.26102e-06 -0.0189034 0.0912167 8.41457e-06 -1.91181e-05 -4.49071e-06 8.41457e-06 0.00964221 -0.0178661 2.26102e-06 -1.91181e-05 -0.0178661 0.088625 
0.0104162 -0.0188696 -3.74256e-06 -6.28936e-06 -0.0188696 0.0911815 -2.81044e-06 8.69123e-06 -3.74256e-06 -2.81044e-06 0.00966427 -0.0178978 -6.28936e-06 8.69123e-06 -0.0178978 0.0886693 
0.0104314 -0.0188795 8.66941e-06 -5.27816e-06 -0.0188795 0.0911911 -3.81479e-06 1.81059e-05 8.66941e-06 -3.81479e-06 0.009669 -0.017908 -5.27816e-06 1.81059e-05 -0.017908 0.0886844 
0.0104422 -0.0189045 1.65343e-05 -1.13488e-05 -0.0189045 0.0912427 -1.17771e-05 2.1541e-05 1.65343e-05 -1.17771e-05 0.00966511 -0.0179017 -1.13488e-05 2.1541e-05 -0.0179017 0.0886663 
0.0104256 -0.0188953 4.4587e-06 -1.90551e-05 -0.0188953 0.0912286 -2.16085e-05 3.99732e-05 4.4587e-06 -2.16085e-05 0.00969212 -0.0179346 -1.90551e-05 3.99732e-05 -0.0179346 0.0887544 
0.0104259 -0.0188664 -1.99241e-05 3.57615e-06 -0.0188664 0.0911652 -1.561e-06 8.3444e-06 -1.99241e-05 -1.561e-06 0.00969527 -0.0179783 3.57615e-06 8.3444e-06 -0.0179783 0.0888735 
0.0104553 -0.0188691 -3.52597e-05 4.08537e-05 -0.0188691 0.0911425 3.40576e-05 -7.4145e-05 -3.52597e-05 3.40576e-05 0.00967141 -0.017985 4.08537e-05 -7.4145e-05 -0.017985 0.0889413 
0.0104885 -0.0189081 -3.47785e-05 3.47773e-05 -0.0189081 0.0912019 2.86429e-05 -7.25143e-05 -3.47785e-05 2.86429e-05 0.00964563 -0.0179507 3.47773e-05 -7.25143e-05 -0.0179507 0.088901 
0.0104903 -0.0189592 -2.76766e-05 4.91223e-05 -0.0189592 0.0913174 4.63761e-05 -0.000109145 -2.76766e-05 4.63761e-05 0.00962764 -0.0178909 4.91223e-05 -0.000109145 -0.0178909 0.0887475 
0.0104611 -0.018965 -2.19811e-05 3.9577e-05 -0.018965 0.0913812 3.964e-05 -0.00010905 -2.19811e-05 3.964e-05 0.00964106 -0.0178644 3.9577e-05 -0.00010905 -0.0178644 0.0886366 
0.0104247 -0.0189108 -2.47786e-05 3.07092e-05 -0.0189108 0.0912883 3.33248e-05 -9.37991e-05 -2.47786e-05 3.33248e-05 0.00966461 -0.0178956 3.07092e-05 -9.37991e-05 -0.0178956 0.0886661 
0.0104081 -0.0188514 -3.07281e-05 3.43274e-05 -0.0188514 0.0911322 3.58175e-05 -8.96816e-05 -3.07281e-05 3.58175e-05 0.00968009 -0.0179414 3.43274e-05 -8.96816e-05 -0.0179414 0.0887785 
0.0103998 -0.0188305 -3.90674e-05 3.57782e-05 -0.0188305 0.0910287 3.46619e-05 -8.15342e-05 -3.90674e-05 3.46619e-05 0.00967016 -0.0179524 3.57782e-05 -8.15342e-05 -0.0179524 0.0888334 
0.0103882 -0.0188289 -3.0017e-05 3.50202e-05 -0.0188289 0.0910043 3.34121e-05 -6.67839e-05 -3.0017e-05 3.34121e-05 0.00966446 -0.017932 3.50202e-05 -6.67839e-05 -0.017932 0.0888109 
0.0104006 -0.0188281 -1.50178e-05 2.64046e-05 -0.0188281 0.0910187 3.00736e-05 -6.24709e-05 -1.50178e-05 3.00736e-05 0.00964364 -0.0179132 2.64046e-05 -6.24709e-05 -0.0179132 0.0887515 
0.0104039 -0.0188342 3.16941e-07 4.3505e-08 -0.0188342 0.0910281 8.95794e-06 -1.67894e-05 3.16941e-07 8.95794e-06 0.00964611 -0.0179042 4.3505e-08 -1.67894e-05 -0.0179042 0.0887336 
0.0103946 -0.0188388 -1.17585e-06 -1.27211e-07 -0.0188388 0.0910413 8.9141e-06 -1.69728e-05 -1.17585e-06 8.9141e-06 0.00965945 -0.017902 -1.27211e-07 -1.69728e-05 -0.017902 0.0887149 
0.0104019 -0.0188387 -1.26194e-05 9.88498e-06 -0.0188387 0.0910605 1.69162e-05 -3.79932e-05 -1.26194e-05 1.69162e-05 0.00965728 -0.0179094 9.88498e-06 -3.79932e-05 -0.0179094 0.088713 
0.0104019 -0.0188327 -2.00156e-05 2.17695e-05 -0.0188327 0.0910349 2.8275e-05 -6.34608e-05 -2.00156e-05 2.8275e-05 0.00964395 -0.0179174 2.17695e-05 -6.34608e-05 -0.0179174 0.0887402 
0.0104041 -0.0188334 -3.06776e-05 3.30184e-05 -0.0188334 0.0910251 3.82533e-05 -9.42009e-05 -3.06776e-05 3.82533e-05 0.00961907 -0.0178939 3.30184e-05 -9.42009e-05 -0.0178939 0.0887036 
0.0103815 -0.0188418 -4.13904e-05 3.98292e-05 -0.0188418 0.0910407 4.21449e-05 -0.000106628 -4.13904e-05 4.21449e-05 0.0096136 -0.0178482 3.98292e-05 -0.000106628 -0.0178482 0.0885949 
0.0103246 -0.0188099 -4.39986e-05 4.76996e-05 -0.0188099 0.0909905 4.41449e-05 -0.000111809 -4.39986e-05 4.41449e-05 0.00962962 -0.0178326 4.76996e-05 -0.000111809 -0.0178326 0.0885111 
0.0102884 -0.018738 -1.29434e-05 3.4386e-05 -0.018738 0.0908571 2.37015e-05 -6.53938e-05 -1.29434e-05 2.37015e-05 0.00964933 -0.0178591 3.4386e-05 -6.53938e-05 -0.0178591 0.0885329 
0.0102679 -0.0186819 -6.32209e-06 2.66993e-05 -0.0186819 0.0906919 1.3482e-05 -6.46919e-05 -6.32209e-06 1.3482e-05 0.00964493 -0.0178848 2.66993e-05 -6.46919e-05 -0.0178848 0.088587 
0.0102376 -0.018661 -1.65045e-05 2.90619e-05 -0.018661 0.0906038 1.72653e-05 -7.51208e-05 -1.65045e-05 1.72653e-05 0.00966227 -0.0178732 2.90619e-05 -7.51208e-05 -0.0178732 0.0885873 
0.0102343 -0.018612 -2.02452e-05 2.68112e-05 -0.018612 0.0904902 2.12413e-05 -7.04129e-05 -2.02452e-05 2.12413e-05 0.0096778 -0.0179114 2.68112e-05 -7.04129e-05 -0.0179114 0.0886588 
0.0102303 -0.0186056 -1.13635e-05 2.4041e-05 -0.0186056 0.0904245 2.5011e-05 -6.55476e-05 -1.13635e-05 2.5011e-05 0.00968381 -0.0179246 2.4041e-05 -6.55476e-05 -0.0179246 0.088704 
0.0102462 -0.0185872 -4.06347e-06 1.99599e-06 -0.0185872 0.0903604 5.02356e-06 -2.17327e-05 -4.06347e-06 5.02356e-06 0.00966312 -0.0179499 1.99599e-06 -2.17327e-05 -0.0179499 0.0887816 
0.0102557 -0.0186124 -9.55077e-06 1.28766e-05 -0.0186124 0.0903829 1.49176e-05 -3.82375e-05 -9.55077e-06 1.49176e-05 0.00964973 -0.0179223 1.28766e-05 -3.82375e-05 -0.0179223 0.0887701 
0.0102496 -0.0186441 -1.97768e-05 1.2099e-05 -0.0186441 0.0904686 1.493e-05 -3.95365e-05 -1.97768e-05 1.493e-05 0.00963442 -0.0178764 1.2099e-05 -3.95365e-05 -0.0178764 0.0886508 
0.0102261 -0.0186378 -3.1278e-05 2.93749e-05 -0.0186378 0.0905008 3.06435e-05 -6.8058e-05 -3.1278e-05 3.06435e-05 0.00965324 -0.0178598 2.93749e-05 -6.8058e-05 -0.0178598 0.0885769 
0.0102279 -0.0186132 -3.21248e-05 2.97743e-05 -0.0186132 0.0904766 3.11699e-05 -6.69344e-05 -3.21248e-05 3.11699e-05 0.00966592 -0.0178762 2.97743e-05 -6.69344e-05 -0.0178762 0.0885669 
0.010224 -0.0185958 -4.31342e-05 3.88973e-05 -0.0185958 0.0904078 4.16237e-05 -8.91317e-05 -4.31342e-05 4.16237e-05 0.00967235 -0.0179072 3.88973e-05 -8.91317e-05 -0.0179072 0.0886324 
0.0102231 -0.0185937 -2.66213e-05 4.13878e-05 -0.0185937 0.0903786 4.58788e-05 -9.27376e-05 -2.66213e-05 4.58788e-05 0.00965055 -0.0179036 4.13878e-05 -9.27376e-05 -0.0179036 0.0886407 
0.0102101 -0.0186114 -3.02675e-05 3.04955e-05 -0.0186114 0.0904184 3.51479e-05 -8.99797e-05 -3.02675e-05 3.51479e-05 0.00962812 -0.017856 3.04955e-05 -8.99797e-05 -0.017856 0.0885463 
0.0102032 -0.0185908 -4.41325e-05 3.98008e-05 -0.0185908 0.0904043 4.09327e-05 -9.93874e-05 -4.41325e-05 4.09327e-05 0.00961669 -0.0178341 3.98008e-05 -9.93874e-05 -0.0178341 0.0884755 
0.0102011 -0.0185779 -4.12833e-05 5.45514e-05 -0.0185779 0.0903658 5.14435e-05 -0.000119555 -4.12833e-05 5.14435e-05 0.00960818 -0.0178163 5.45514e-05 -0.000119555 -0.0178163 0.0884166 
0.0102133 -0.0185783 -3.61146e-05 6.04654e-05 -0.0185783 0.0903554 5.48322e-05 -0.000148072 -3.61146e-05 5.48322e-05 0.0095949 -0.0177982 6.04654e-05 -0.000148072 -0.0177982 0.0883558 
0.0102141 -0.01857 -2.89642e-05 4.05352e-05 -0.01857 0.0903131 3.70712e-05 -0.000112181 -2.89642e-05 3.70712e-05 0.00959664 -0.0178078 4.05352e-05 -0.000112181 -0.0178078 0.088377 
0.0102161 -0.0185805 -2.49439e-05 3.17654e-05 -0.0185805 0.0903318 3.21174e-05 -8.67371e-05 -2.49439e-05 3.21174e-05 0.0096088 -0.0178139 3.17654e-05 -8.67371e-05 -0.0178139 0.0884036 
0.0102281 -0.0185827 -1.2381e-05 1.76157e-05 -0.0185827 0.0903457 1.82917e-05 -4.67341e-05 -1.2381e-05 1.82917e-05 0.00961414 -0.0178321 1.76157e-05 -4.67341e-05 -0.0178321 0.0884452 
0.0102375 -0.0186065 -3.75023e-05 2.7547e-05 -0.0186065 0.0903995 2.73557e-05 -7.15181e-05 -3.75023e-05 2.73557e-05 0.00962475 -0.0178357 2.7547e-05 -7.15181e-05 -0.0178357 0.0884676 
0.0102394 -0.0186137 -6.19892e-05 5.39721e-05 -0.0186137 0.0904282 5.14909e-05 -0.000116471 -6.19892e-05 5.14909e-05 0.00963543 -0.0178563 5.39721e-05 -0.000116471 -0.0178563 0.0885157 
0.0102535 -0.0186254 -6.12912e-05 9.12968e-05 -0.0186254 0.0904713 8.70427e-05 -0.000202993 -6.12912e-05 8.70427e-05 0.00964985 -0.0178721 9.12968e-05 -0.000202993 -0.0178721 0.0885668 
0.0102542 -0.0186361 -5.50813e-05 8.1233e-05 -0.0186361 0.0904943 7.86322e-05 -0.00021716 -5.50813e-05 7.86322e-05 0.00965536 -0.0178966 8.1233e-05 -0.00021716 -0.0178966 0.088632 
0.0102552 -0.0186327 -4.66745e-05 7.53875e-05 -0.0186327 0.0904948 7.38148e-05 -0.000205442 -4.66745e-05 7.38148e-05 0.00964735 -0.0179115 7.53875e-05 -0.000205442 -0.0179115 0.0886927 
0.0102575 -0.0186333 -3.93418e-05 4.6327e-05 -0.0186333 0.0904916 4.416e-05 -0.000132575 -3.93418e-05 4.416e-05 0.00963109 -0.0178977 4.6327e-05 -0.000132575 -0.0178977 0.0886888 
0.0102677 -0.0186589 -5.28785e-05 4.81208e-05 -0.0186589 0.0905591 4.44869e-05 -0.000114428 -5.28785e-05 4.44869e-05 0.00962529 -0.0178546 4.81208e-05 -0.000114428 -0.0178546 0.0885908 
0.0102817 -0.0186839 -6.36408e-05 6.39815e-05 -0.0186839 0.0906378 6.1877e-05 -0.000138187 -6.36408e-05 6.1877e-05 0.00961339 -0.0178264 6.39815e-05 -0.000138187 -0.0178264 0.0884769 
0.0102794 -0.0186702 -6.80095e-05 7.77813e-05 -0.0186702 0.090612 7.70367e-05 -0.000175237 -6.80095e-05 7.70367e-05 0.00962719 -0.0178481 7.77813e-05 -0.000175237 -0.0178481 0.0885084 
