0.0068572 0 5.20164e-05 0 0 0.00998536 0 0 5.20164e-05 0 0.00777377 0 0 0 0 0.00998536 
0.00977691 -0.0121524 6.70772e-05 -8.67096e-05 -0.0121524 0.0324834 -8.67096e-05 0.000161967 6.70772e-05 -8.67096e-05 0.0108681 -0.0134923 -8.67096e-05 0.000161967 -0.0134923 0.0350585 
0.00996073 -0.018744 4.00834e-05 -6.34654e-05 -0.018744 0.0691523 -6.34654e-05 0.000197077 4.00834e-05 -6.34654e-05 0.0107741 -0.0200868 -6.34654e-05 0.000197077 -0.0200868 0.0734112 
0.0094149 -0.0185759 1.45516e-05 -3.71875e-05 -0.0185759 0.0836653 -3.07201e-05 0.000130965 1.45516e-05 -3.07201e-05 0.01017 -0.0195655 -3.71875e-05 0.000130965 -0.0195655 0.0870332 
0.00936801 -0.0179093 1.22478e-05 -2.14336e-05 -0.0179093 0.0872317 -1.37787e-05 8.87964e-05 1.22478e-05 -1.37787e-05 0.0101947 -0.0188202 -2.14336e-05 8.87964e-05 -0.0188202 0.0896292 
0.00948242 -0.0177549 2.91543e-06 8.74628e-06 -0.0177549 0.0881115 1.45771e-05 -1.74926e-05 2.91543e-06 1.45771e-05 0.0104329 -0.0187987 8.74628e-06 -1.74926e-05 -0.0187987 0.0904773 
0.0095531 -0.0177721 9.87182e-06 9.87182e-06 -0.0177721 0.0883937 2.82052e-06 -3.66668e-05 9.87182e-06 2.82052e-06 0.010584 -0.0190018 9.87182e-06 -3.66668e-05 -0.0190018 0.0911917 
0.00958595 -0.0177857 1.66014e-05 -3.18194e-05 -0.0177857 0.0884359 -4.2887e-05 6.36388e-05 1.66014e-05 -4.2887e-05 0.0106125 -0.0191193 -3.18194e-05 6.36388e-05 -0.0191193 0.0916496 
0.00960875 -0.0178095 0 -2.73403e-05 -0.0178095 0.0884459 -3.96434e-05 0.000102526 0 -3.96434e-05 0.0105848 -0.0191122 -2.73403e-05 0.000102526 -0.0191122 0.0917636 
0.00964636 -0.0178696 -1.35406e-06 -5.41626e-06 -0.0178696 0.088568 -9.47845e-06 5.82248e-05 -1.35406e-06 -9.47845e-06 0.0105671 -0.0190571 -5.41626e-06 5.82248e-05 -0.0190571 0.0916621 
0.00966588 -0.0179141 2.02328e-05 -8.09311e-06 -0.0179141 0.0886884 -9.44197e-06 4.04656e-05 2.02328e-05 -9.44197e-06 0.0105548 -0.0190283 -8.09311e-06 4.04656e-05 -0.0190283 0.0915547 
0.00966377 -0.0179503 3.77333e-05 -2.96476e-05 -0.0179503 0.0888134 -3.23428e-05 6.19904e-05 3.77333e-05 -3.23428e-05 0.0105532 -0.0190149 -2.96476e-05 6.19904e-05 -0.0190149 0.0914898 
0.00966141 -0.0179322 3.90768e-05 -4.58142e-05 -0.0179322 0.0888176 -4.71617e-05 9.83658e-05 3.90768e-05 -4.71617e-05 0.01054 -0.0190318 -4.58142e-05 9.83658e-05 -0.0190318 0.0915152 
0.0096869 -0.0179448 3.50828e-05 -3.77815e-05 -0.0179448 0.0888512 -4.18295e-05 9.44537e-05 3.50828e-05 -4.18295e-05 0.0105019 -0.0190135 -3.77815e-05 9.44537e-05 -0.0190135 0.0915108 
0.00969125 -0.0179562 2.16716e-05 -2.97984e-05 -0.0179562 0.0888696 -3.79252e-05 8.12683e-05 2.16716e-05 -3.79252e-05 0.0104674 -0.0189762 -2.97984e-05 8.12683e-05 -0.0189762 0.0914553 
0.00969566 -0.0179797 1.62406e-05 -4.06016e-05 -0.0179797 0.0889324 -4.46618e-05 0.000106918 1.62406e-05 -4.46618e-05 0.010459 -0.0189298 -4.06016e-05 0.000106918 -0.0189298 0.0913604 
0.00971097 -0.0179704 2.56547e-05 -3.64566e-05 -0.0179704 0.0889299 -4.05074e-05 0.000124223 2.56547e-05 -4.05074e-05 0.010455 -0.0189331 -3.64566e-05 0.000124223 -0.0189331 0.0913374 
0.00969888 -0.0179794 5.13812e-05 -4.46205e-05 -0.0179794 0.0889246 -4.32684e-05 0.000125749 5.13812e-05 -4.32684e-05 0.0104615 -0.018934 -4.46205e-05 0.000125749 -0.018934 0.0913369 
0.00967282 -0.017975 4.88047e-05 -6.10059e-05 -0.017975 0.0889276 -6.50729e-05 0.000142347 4.88047e-05 -6.50729e-05 0.0104591 -0.0189186 -6.10059e-05 0.000142347 -0.0189186 0.0912946 
0.00963556 -0.0179442 4.74391e-05 -5.15053e-05 -0.0179442 0.0888805 -5.01499e-05 0.000124697 4.74391e-05 -5.01499e-05 0.0104746 -0.0189146 -5.15053e-05 0.000124697 -0.0189146 0.0912647 
0.0096146 -0.017896 8.82447e-05 -6.38077e-05 -0.017896 0.0887878 -6.51653e-05 0.00014798 8.82447e-05 -6.51653e-05 0.0104808 -0.0189346 -6.38077e-05 0.00014798 -0.0189346 0.0912912 
0.00961902 -0.0178954 8.66212e-05 -8.66212e-05 -0.0178954 0.0887597 -8.79747e-05 0.000175949 8.66212e-05 -8.79747e-05 0.0104974 -0.0189362 -8.66212e-05 0.000175949 -0.0189362 0.0913028 
0.00964206 -0.0178745 9.70271e-05 -0.000103765 -0.0178745 0.0886881 -0.00010107 0.000231787 9.70271e-05 -0.00010107 0.0104937 -0.0189661 -0.000103765 0.000231787 -0.0189661 0.0913631 
0.00966878 -0.0179075 9.14815e-05 -0.000113007 -0.0179075 0.0887263 -0.000108971 0.000262337 9.14815e-05 -0.000108971 0.0104814 -0.0189622 -0.000113007 0.000262337 -0.0189622 0.0913913 
0.009672 -0.0179392 7.9389e-05 -0.000111683 -0.0179392 0.0887852 -0.000108992 0.000277189 7.9389e-05 -0.000108992 0.0104753 -0.0189484 -0.000111683 0.000277189 -0.0189484 0.0913754 
0.0096677 -0.0179578 6.05999e-05 -9.56131e-05 -0.0179578 0.0888784 -9.29198e-05 0.000245093 6.05999e-05 -9.29198e-05 0.0104811 -0.0189408 -9.56131e-05 0.000245093 -0.0189408 0.0913536 
0.00965303 -0.0179625 6.33383e-05 -7.1424e-05 -0.0179625 0.0889216 -7.41193e-05 0.000203491 6.33383e-05 -7.41193e-05 0.010502 -0.0189449 -7.1424e-05 0.000203491 -0.0189449 0.0913514 
0.0096338 -0.017935 6.08194e-05 -6.89287e-05 -0.017935 0.0888815 -6.89287e-05 0.000160834 6.08194e-05 -6.89287e-05 0.0104961 -0.0189567 -6.89287e-05 0.000160834 -0.0189567 0.0913562 
0.0096286 -0.0178923 6.48664e-05 -7.02719e-05 -0.0178923 0.0887656 -7.29746e-05 0.000164869 6.48664e-05 -7.29746e-05 0.0104867 -0.0189748 -7.02719e-05 0.000164869 -0.0189748 0.091417 
0.00964775 -0.0178892 5.27347e-05 -7.70738e-05 -0.0178892 0.088716 -8.24825e-05 0.000179839 5.27347e-05 -8.24825e-05 0.010455 -0.018952 -7.70738e-05 0.000179839 -0.018952 0.0913879 
0.00965227 -0.0178922 6.22291e-05 -8.11684e-05 -0.0178922 0.0886886 -8.92852e-05 0.000212391 6.22291e-05 -8.92852e-05 0.0104261 -0.0189176 -8.11684e-05 0.000212391 -0.0189176 0.0913212 
0.00965018 -0.0178934 7.47654e-05 -7.74842e-05 -0.0178934 0.0886705 -8.02029e-05 0.000193031 7.47654e-05 -8.02029e-05 0.0103883 -0.0188871 -7.74842e-05 0.000193031 -0.0188871 0.0912451 
0.00968051 -0.0179166 8.84873e-05 -9.5294e-05 -0.0179166 0.0887309 -9.80167e-05 0.000221899 8.84873e-05 -9.80167e-05 0.0103448 -0.0188246 -9.5294e-05 0.000221899 -0.0188246 0.0911065 
0.00967077 -0.0179433 0.000106197 -0.000114366 -0.0179433 0.0887933 -0.000119812 0.000269578 0.000106197 -0.000119812 0.0103325 -0.0187547 -0.000114366 0.000269578 -0.0187547 0.0909105 
0.0096533 -0.0179593 9.95467e-05 -0.000130911 -0.0179593 0.0888775 -0.00012682 0.000308186 9.95467e-05 -0.00012682 0.0103324 -0.0187121 -0.000130911 0.000308186 -0.0187121 0.0907416 
0.00965141 -0.0179237 8.19305e-05 -0.000110606 -0.0179237 0.0888209 -0.000110606 0.000278564 8.19305e-05 -0.000110606 0.010326 -0.0187334 -0.000110606 0.000278564 -0.0187334 0.0907367 
0.00964273 -0.0178972 7.93302e-05 -0.000102582 -0.0178972 0.0887295 -9.98467e-05 0.000261243 7.93302e-05 -9.98467e-05 0.0103293 -0.0187425 -0.000102582 0.000261243 -0.0187425 0.0907825 
0.00964782 -0.0178836 7.20291e-05 -0.000103287 -0.0178836 0.0886759 -9.51327e-05 0.00025414 7.20291e-05 -9.51327e-05 0.0103559 -0.0187534 -0.000103287 0.00025414 -0.0187534 0.0908355 
0.00962906 -0.0178587 8.27985e-05 -9.36574e-05 -0.0178587 0.0885809 -9.63721e-05 0.000252468 8.27985e-05 -9.63721e-05 0.0103797 -0.0187993 -9.36574e-05 0.000252468 -0.0187993 0.0909332 
0.00961524 -0.0178384 7.74874e-05 -9.65195e-05 -0.0178384 0.0885219 -9.78789e-05 0.000241978 7.74874e-05 -9.78789e-05 0.0103765 -0.0188281 -9.65195e-05 0.000241978 -0.0188281 0.0910178 
0.00963116 -0.0178633 7.2057e-05 -8.29335e-05 -0.0178633 0.0885784 -8.70122e-05 0.000213452 7.2057e-05 -8.70122e-05 0.010364 -0.0188082 -8.29335e-05 0.000213452 -0.0188082 0.091008 
0.00963926 -0.0179073 6.6459e-05 -7.45968e-05 -0.0179073 0.0886956 -7.32405e-05 0.000177676 6.6459e-05 -7.32405e-05 0.0103757 -0.018774 -7.45968e-05 0.000177676 -0.018774 0.0909321 
0.00964007 -0.0179038 6.51539e-05 -7.32982e-05 -0.0179038 0.0887193 -7.19408e-05 0.000173744 6.51539e-05 -7.19408e-05 0.0103839 -0.018801 -7.32982e-05 0.000173744 -0.018801 0.090944 
0.00962932 -0.0178871 6.11687e-05 -9.10734e-05 -0.0178871 0.0886783 -8.42769e-05 0.000203896 6.11687e-05 -8.42769e-05 0.0103946 -0.0188332 -9.10734e-05 0.000203896 -0.0188332 0.0910245 
0.00962965 -0.0178696 7.21373e-05 -7.89427e-05 -0.0178696 0.0886377 -7.48595e-05 0.000209607 7.21373e-05 -7.48595e-05 0.0103932 -0.0188455 -7.89427e-05 0.000209607 -0.0188455 0.091089 
0.00962802 -0.0178672 0.000103483 -0.000103483 -0.0178672 0.0886184 -0.000102122 0.0002519 0.000103483 -0.000102122 0.0103878 -0.0188326 -0.000103483 0.0002519 -0.0188326 0.0910815 
0.00962957 -0.0178512 0.000128122 -0.000147204 -0.0178512 0.0885675 -0.000143115 0.000348927 0.000128122 -0.000143115 0.010371 -0.018838 -0.000147204 0.000348927 -0.018838 0.0910876 
0.00963162 -0.0178524 0.000132483 -0.000155701 -0.0178524 0.0885434 -0.000161164 0.000386521 0.000132483 -0.000161164 0.0103432 -0.0188112 -0.000155701 0.000386521 -0.0188112 0.0910292 
0.00963764 -0.0178587 0.0001377 -0.000162241 -0.0178587 0.0885562 -0.000167694 0.000406283 0.0001377 -0.000167694 0.0103207 -0.0187613 -0.000162241 0.000406283 -0.0187613 0.0909216 
0.00963898 -0.0178618 0.000133837 -0.000165247 -0.0178618 0.0885604 -0.00017071 0.000419264 0.000133837 -0.00017071 0.0102959 -0.0187372 -0.000165247 0.000419264 -0.0187372 0.090826 
0.00962532 -0.0178846 0.000118966 -0.000164091 -0.0178846 0.0886257 -0.000164091 0.000410228 0.000118966 -0.000164091 0.0102885 -0.0186845 -0.000164091 0.000410228 -0.0186845 0.0906933 
0.00962856 -0.0178879 9.70236e-05 -0.000138019 -0.0178879 0.0886768 -0.000139386 0.000353931 9.70236e-05 -0.000139386 0.0102845 -0.0186668 -0.000138019 0.000353931 -0.0186668 0.0905995 
0.00964145 -0.017896 7.77317e-05 -0.000111824 -0.017896 0.0887095 -0.000110461 0.000294562 7.77317e-05 -0.000110461 0.0102838 -0.0186611 -0.000111824 0.000294562 -0.0186611 0.0905533 
0.00965567 -0.0179076 5.58761e-05 -9.13098e-05 -0.0179076 0.0887408 -8.85841e-05 0.000234407 5.58761e-05 -8.85841e-05 0.0102812 -0.0186544 -9.13098e-05 0.000234407 -0.0186544 0.0905329 
0.00966982 -0.0179138 5.59422e-05 -7.23156e-05 -0.0179138 0.0887366 -7.50444e-05 0.000200573 5.59422e-05 -7.50444e-05 0.0102579 -0.0186642 -7.23156e-05 0.000200573 -0.0186642 0.0905445 
0.00966819 -0.0179142 6.55748e-05 -7.37717e-05 -0.0179142 0.0887173 -7.51378e-05 0.000195358 6.55748e-05 -7.51378e-05 0.0102488 -0.0186506 -7.37717e-05 0.000195358 -0.0186506 0.0905575 
0.00966267 -0.0179311 5.87771e-05 -7.65469e-05 -0.0179311 0.0887602 -7.518e-05 0.000188633 5.87771e-05 -7.518e-05 0.0102573 -0.0186296 -7.65469e-05 0.000188633 -0.0186296 0.090518 
0.00964553 -0.0179005 7.34742e-05 -7.61955e-05 -0.0179005 0.0887106 -7.75561e-05 0.000190489 7.34742e-05 -7.75561e-05 0.0102877 -0.018657 -7.61955e-05 0.000190489 -0.018657 0.0905678 
0.00963443 -0.0178745 9.09677e-05 -9.77564e-05 -0.0178745 0.0886243 -9.50409e-05 0.000224025 9.09677e-05 -9.50409e-05 0.0103133 -0.0187013 -9.77564e-05 0.000224025 -0.0187013 0.0906649 
0.00962466 -0.0178732 0.000107637 -0.000133524 -0.0178732 0.0886098 -0.000129437 0.000318824 0.000107637 -0.000129437 0.0103086 -0.0187139 -0.000133524 0.000318824 -0.0187139 0.0906999 
0.00960336 -0.0178414 0.000110477 -0.000125481 -0.0178414 0.0885416 -0.000126845 0.000319157 0.000110477 -0.000126845 0.0103071 -0.0187225 -0.000125481 0.000319157 -0.0187225 0.0907429 
0.00959402 -0.0178122 0.000105204 -0.000133896 -0.0178122 0.0884626 -0.000124332 0.000314245 0.000105204 -0.000124332 0.010299 -0.018729 -0.000133896 0.000314245 -0.018729 0.0907798 
0.00961802 -0.0178211 8.2832e-05 -0.000127643 -0.0178211 0.0884646 -0.000122211 0.000312318 8.2832e-05 -0.000122211 0.0102983 -0.0187092 -0.000127643 0.000312318 -0.0187092 0.0907581 
0.00962159 -0.0178495 7.72764e-05 -0.000104391 -0.0178495 0.0885086 -9.62566e-05 0.000277924 7.72764e-05 -9.62566e-05 0.0103062 -0.0187036 -0.000104391 0.000277924 -0.0187036 0.0907198 
0.00962786 -0.01784 6.54029e-05 -9.67418e-05 -0.01784 0.0884983 -9.40167e-05 0.000250711 6.54029e-05 -9.40167e-05 0.0102778 -0.0187216 -9.67418e-05 0.000250711 -0.0187216 0.0907534 
0.00963045 -0.0178646 5.87473e-05 -7.24094e-05 -0.0178646 0.0885513 -7.65081e-05 0.0002022 5.87473e-05 -7.65081e-05 0.0102452 -0.0186707 -7.24094e-05 0.0002022 -0.0186707 0.0906675 
0.0096426 -0.0178726 6.72006e-05 -7.13149e-05 -0.0178726 0.0885896 -7.81721e-05 0.000186516 6.72006e-05 -7.81721e-05 0.0102022 -0.0186187 -7.13149e-05 0.000186516 -0.0186187 0.0905151 
0.00965064 -0.0178887 6.59591e-05 -7.97005e-05 -0.0178887 0.0886407 -8.10747e-05 0.000195129 6.59591e-05 -8.10747e-05 0.0101618 -0.0185524 -7.97005e-05 0.000195129 -0.0185524 0.0903447 
0.00967269 -0.0179046 6.59876e-05 -7.56108e-05 -0.0179046 0.0886929 -7.69856e-05 0.000189714 6.59876e-05 -7.69856e-05 0.0101387 -0.018504 -7.56108e-05 0.000189714 -0.018504 0.0901968 
0.00967059 -0.0179065 7.97065e-05 -8.2455e-05 -0.0179065 0.0886886 -8.38292e-05 0.000203389 7.97065e-05 -8.38292e-05 0.0101392 -0.0184878 -8.2455e-05 0.000203389 -0.0184878 0.0901301 
0.00964528 -0.0178934 6.7315e-05 -0.000103033 -0.0178934 0.0886456 -0.000105781 0.000248653 6.7315e-05 -0.000105781 0.0101591 -0.0184951 -0.000103033 0.000248653 -0.0184951 0.0901279 
0.00963129 -0.017845 5.91214e-05 -9.34943e-05 -0.017845 0.0885254 -9.62441e-05 0.000250235 5.91214e-05 -9.62441e-05 0.0101551 -0.0185215 -9.34943e-05 0.000250235 -0.0185215 0.0901739 
0.0096362 -0.0178353 5.63842e-05 -6.87612e-05 -0.0178353 0.0884696 -7.01364e-05 0.000193907 5.63842e-05 -7.01364e-05 0.0101368 -0.0185119 -6.87612e-05 0.000193907 -0.0185119 0.0901858 
0.00964066 -0.017829 5.21636e-05 -6.58909e-05 -0.017829 0.0884187 -6.45182e-05 0.000167473 5.21636e-05 -6.45182e-05 0.0101266 -0.0185057 -6.58909e-05 0.000167473 -0.0185057 0.090184 
0.00963352 -0.017838 8.38176e-05 -8.65657e-05 -0.017838 0.0884207 -8.51916e-05 0.000210231 8.38176e-05 -8.51916e-05 0.0101186 -0.0184825 -8.65657e-05 0.000210231 -0.0184825 0.0901369 
0.00961858 -0.0178442 0.000100279 -0.000112643 -0.0178442 0.0884478 -0.000107148 0.000258254 0.000100279 -0.000107148 0.0101268 -0.0184624 -0.000112643 0.000258254 -0.0184624 0.0900729 
0.00959832 -0.0178321 9.33475e-05 -0.000124921 -0.0178321 0.0884632 -0.000122175 0.000297888 9.33475e-05 -0.000122175 0.0101351 -0.0184608 -0.000124921 0.000297888 -0.0184608 0.090035 
0.00957555 -0.0178149 9.78081e-05 -0.000111584 -0.0178149 0.0884365 -0.000119849 0.00030169 9.78081e-05 -0.000119849 0.0101472 -0.0184733 -0.000111584 0.00030169 -0.0184733 0.0900413 
0.00956163 -0.0177903 8.98779e-05 -0.000110619 -0.0177903 0.0883901 -0.000124446 0.000298671 8.98779e-05 -0.000124446 0.010141 -0.0184789 -0.000110619 0.000298671 -0.0184789 0.0900383 
0.00958149 -0.0177632 7.32361e-05 -8.70542e-05 -0.0177632 0.0883213 -9.53451e-05 0.000239054 7.32361e-05 -9.53451e-05 0.010108 -0.0184679 -8.70542e-05 0.000239054 -0.0184679 0.090021 
0.00959765 -0.0177781 6.04836e-05 -7.14806e-05 -0.0177781 0.0883047 -7.28552e-05 0.000186949 6.04836e-05 -7.28552e-05 0.0100953 -0.0184324 -7.14806e-05 0.000186949 -0.0184324 0.089979 
0.00962982 -0.0178141 7.68739e-05 -8.51104e-05 -0.0178141 0.0883693 -8.37376e-05 0.000214149 7.68739e-05 -8.37376e-05 0.010076 -0.0184113 -8.51104e-05 0.000214149 -0.0184113 0.0899026 
0.00963191 -0.0178264 8.52017e-05 -0.000109938 -0.0178264 0.088394 -0.000107189 0.00026385 8.52017e-05 -0.000107189 0.0100744 -0.0184118 -0.000109938 0.00026385 -0.0184118 0.0899084 
0.00961511 -0.0178291 9.34974e-05 -0.000123747 -0.0178291 0.0884114 -0.000123747 0.000321741 9.34974e-05 -0.000123747 0.0100785 -0.0184066 -0.000123747 0.000321741 -0.0184066 0.0899074 
0.00960833 -0.0178018 9.77212e-05 -0.000136259 -0.0178018 0.0883688 -0.000136259 0.000357852 9.77212e-05 -0.000136259 0.0100832 -0.0184253 -0.000136259 0.000357852 -0.0184253 0.0899406 
0.009607 -0.0178045 9.24016e-05 -0.000125501 -0.0178045 0.0883635 -0.000132396 0.000348919 9.24016e-05 -0.000132396 0.010069 -0.01841 -0.000125501 0.000348919 -0.01841 0.0899122 
0.00960249 -0.0178001 8.5564e-05 -0.000104885 -0.0178001 0.0883531 -0.000110405 0.000292574 8.5564e-05 -0.000110405 0.010062 -0.0183949 -0.000104885 0.000292574 -0.0183949 0.0898753 
0.00961472 -0.0177946 7.58803e-05 -0.000104853 -0.0177946 0.0883412 -0.000104853 0.000274549 7.58803e-05 -0.000104853 0.0100452 -0.0183796 -0.000104853 0.000274549 -0.0183796 0.0898354 
0.00960511 -0.01781 6.62802e-05 -0.000100801 -0.01781 0.0883571 -9.52778e-05 0.000256836 6.62802e-05 -9.52778e-05 0.0100442 -0.01835 -0.000100801 0.000256836 -0.01835 0.0897752 
0.00960364 -0.017813 6.21818e-05 -8.56728e-05 -0.017813 0.0883894 -8.15273e-05 0.000222473 6.21818e-05 -8.15273e-05 0.0100486 -0.018345 -8.56728e-05 0.000222473 -0.018345 0.0897284 
0.00959244 -0.017795 6.20468e-05 -7.85926e-05 -0.017795 0.0883491 -7.03197e-05 0.000197171 6.20468e-05 -7.03197e-05 0.0100654 -0.0183659 -7.85926e-05 0.000197171 -0.0183659 0.0897652 
0.00958254 -0.0177922 5.52467e-05 -7.45831e-05 -0.0177922 0.088345 -7.04396e-05 0.000175408 5.52467e-05 -7.04396e-05 0.0100784 -0.0183778 -7.45831e-05 0.000175408 -0.0183778 0.0897939 
0.00960648 -0.0177792 6.06609e-05 -7.72047e-05 -0.0177792 0.0883181 -7.58261e-05 0.000188876 6.06609e-05 -7.58261e-05 0.0100601 -0.0183954 -7.72047e-05 0.000188876 -0.0183954 0.0898263 
0.00962184 -0.0178143 5.80045e-05 -8.14825e-05 -0.0178143 0.0883671 -7.59582e-05 0.000197491 5.80045e-05 -7.59582e-05 0.0100403 -0.0183612 -8.14825e-05 0.000197491 -0.0183612 0.0897785 
0.00962037 -0.0178414 4.68748e-05 -7.99629e-05 -0.0178414 0.0884473 -7.30696e-05 0.000199907 4.68748e-05 -7.30696e-05 0.0100574 -0.0183432 -7.99629e-05 0.000199907 -0.0183432 0.0897405 
0.00962143 -0.0178356 5.07981e-05 -6.59002e-05 -0.0178356 0.0884628 -7.0019e-05 0.000189463 5.07981e-05 -7.0019e-05 0.0100717 -0.0183642 -6.59002e-05 0.000189463 -0.0183642 0.0897506 
0.00960926 -0.0178098 6.02376e-05 -6.16066e-05 -0.0178098 0.0884 -6.43447e-05 0.000173868 6.02376e-05 -6.43447e-05 0.0101062 -0.018419 -6.16066e-05 0.000173868 -0.018419 0.0898882 
0.00959068 -0.0178025 8.60089e-05 -8.73742e-05 -0.0178025 0.0883639 -9.14698e-05 0.000226627 8.60089e-05 -9.14698e-05 0.0101477 -0.0184646 -8.73742e-05 0.000226627 -0.0184646 0.0900172 
0.00956898 -0.0177932 9.98621e-05 -0.00010123 -0.0177932 0.0883547 -0.00010807 0.000250339 9.98621e-05 -0.00010807 0.0101736 -0.0185018 -0.00010123 0.000250339 -0.0185018 0.0901153 
0.00955442 -0.0177719 9.5983e-05 -0.000108324 -0.0177719 0.0883331 -0.000111066 0.00025504 9.5983e-05 -0.000111066 0.0101824 -0.0185302 -0.000108324 0.00025504 -0.0185302 0.0901966 
0.00956603 -0.0177486 7.96826e-05 -0.000103038 -0.0177486 0.0882732 -0.000101664 0.000243169 7.96826e-05 -0.000101664 0.0101554 -0.0185399 -0.000103038 0.000243169 -0.0185399 0.0902474 
0.00960567 -0.0177825 4.26307e-05 -9.35126e-05 -0.0177825 0.0883185 -9.21374e-05 0.000228281 4.26307e-05 -9.21374e-05 0.010109 -0.0184949 -9.35126e-05 0.000228281 -0.0184949 0.0901736 
0.00963303 -0.0178221 1.78262e-05 -6.30775e-05 -0.0178221 0.0884044 -6.30775e-05 0.000193346 1.78262e-05 -6.30775e-05 0.0101006 -0.0184474 -6.30775e-05 0.000193346 -0.0184474 0.090076 
0.009647 -0.0178376 0 -2.05518e-05 -0.0178376 0.0884398 -1.78115e-05 9.3168e-05 0 -1.78115e-05 0.0100964 -0.0184473 -2.05518e-05 9.3168e-05 -0.0184473 0.0900414 
0.00962921 -0.017855 6.86624e-06 -1.0986e-05 -0.017855 0.0884742 -6.86624e-06 4.53172e-05 6.86624e-06 -6.86624e-06 0.0101126 -0.0184413 -1.0986e-05 4.53172e-05 -0.0184413 0.0900246 
0.00961662 -0.0178496 3.01676e-05 -1.37126e-05 -0.0178496 0.0884899 -1.37126e-05 3.15389e-05 3.01676e-05 -1.37126e-05 0.0101322 -0.0184557 -1.37126e-05 3.15389e-05 -0.0184557 0.0900422 
0.00960338 -0.0178303 3.43076e-05 -3.56799e-05 -0.0178303 0.0884655 -3.84245e-05 6.58705e-05 3.43076e-05 -3.84245e-05 0.0101496 -0.0184808 -3.56799e-05 6.58705e-05 -0.0184808 0.0900835 
0.00959412 -0.017802 2.19608e-05 -3.70588e-05 -0.017802 0.0884004 -3.98039e-05 8.2353e-05 2.19608e-05 -3.98039e-05 0.0101569 -0.0185102 -3.70588e-05 8.2353e-05 -0.0185102 0.0901614 
0.00959653 -0.0177965 3.2893e-05 -3.2893e-05 -0.0177965 0.0883711 -3.97457e-05 0.00010142 3.2893e-05 -3.97457e-05 0.0101749 -0.0185297 -3.2893e-05 0.00010142 -0.0185297 0.0902433 
0.00959639 -0.0178076 3.97338e-05 -2.87727e-05 -0.0178076 0.0883925 -3.28831e-05 8.22078e-05 3.97338e-05 -3.28831e-05 0.010191 -0.0185447 -2.87727e-05 8.22078e-05 -0.0185447 0.0902751 
0.00959789 -0.0178062 3.974e-05 -4.7962e-05 -0.0178062 0.0884009 -4.7962e-05 0.000105516 3.974e-05 -4.7962e-05 0.0102008 -0.0185723 -4.7962e-05 0.000105516 -0.0185723 0.0903358 
0.0096062 -0.0178222 3.9837e-05 -5.08265e-05 -0.0178222 0.0884449 -5.08265e-05 0.000126379 3.9837e-05 -5.08265e-05 0.0101886 -0.0185613 -5.08265e-05 0.000126379 -0.0185613 0.0903173 
0.00960272 -0.0178513 4.81167e-05 -6.18643e-05 -0.0178513 0.0885279 -5.77401e-05 0.000152599 4.81167e-05 -5.77401e-05 0.0101966 -0.0185346 -6.18643e-05 0.000152599 -0.0185346 0.0902587 
0.0096041 -0.017828 5.75671e-05 -5.61964e-05 -0.017828 0.0884997 -5.07138e-05 0.000139806 5.75671e-05 -5.07138e-05 0.0102086 -0.0185572 -5.61964e-05 0.000139806 -0.0185572 0.0902898 
0.0096061 -0.0178221 6.30628e-05 -6.85465e-05 -0.0178221 0.0884757 -6.85465e-05 0.000159028 6.30628e-05 -6.85465e-05 0.0102162 -0.0185734 -6.85465e-05 0.000159028 -0.0185734 0.0903306 
0.0096291 -0.017826 6.69637e-05 -8.19963e-05 -0.017826 0.0884631 -8.06297e-05 0.000198158 6.69637e-05 -8.06297e-05 0.010214 -0.0185954 -8.19963e-05 0.000198158 -0.0185954 0.09039 
0.00963174 -0.0178382 6.54664e-05 -7.77413e-05 -0.0178382 0.0884628 -7.77413e-05 0.000186852 6.54664e-05 -7.77413e-05 0.0102332 -0.0186156 -7.77413e-05 0.000186852 -0.0186156 0.0904731 
0.0096226 -0.0178387 7.33823e-05 -8.42538e-05 -0.0178387 0.088461 -8.96895e-05 0.000214711 7.33823e-05 -8.96895e-05 0.0102694 -0.01865 -8.42538e-05 0.000214711 -0.01865 0.0905755 
0.00962626 -0.0178494 8.70171e-05 -0.000103333 -0.0178494 0.0885045 -0.000108771 0.00026649 8.70171e-05 -0.000108771 0.010287 -0.0186774 -0.000103333 0.00026649 -0.0186774 0.0906487 
0.00964469 -0.0178699 9.39948e-05 -0.000115791 -0.0178699 0.088569 -0.00012124 0.00030378 9.39948e-05 -0.00012124 0.0102672 -0.0186859 -0.000115791 0.00030378 -0.0186859 0.0906655 
0.00964958 -0.0178889 7.91845e-05 -0.000114681 -0.0178889 0.0886211 -0.000113316 0.000294894 7.91845e-05 -0.000113316 0.0102503 -0.018663 -0.000114681 0.000294894 -0.018663 0.0906375 
0.00964525 -0.0178895 8.90162e-05 -9.86026e-05 -0.0178895 0.0886492 -0.000101342 0.000272527 8.90162e-05 -0.000101342 0.0102369 -0.0186386 -9.86026e-05 0.000272527 -0.0186386 0.0905706 
0.00964994 -0.0178869 9.98505e-05 -0.000109425 -0.0178869 0.088659 -0.00010669 0.000261253 9.98505e-05 -0.00010669 0.0102285 -0.0186201 -0.000109425 0.000261253 -0.0186201 0.0905152 
0.00963746 -0.0178649 8.21374e-05 -0.00010541 -0.0178649 0.0885989 -0.000110886 0.000246412 8.21374e-05 -0.000110886 0.0102302 -0.018626 -0.00010541 0.000246412 -0.018626 0.0905045 
0.00962558 -0.0178673 6.58347e-05 -0.000113839 -0.0178673 0.0885929 -0.000109724 0.00027294 6.58347e-05 -0.000109724 0.0102249 -0.0186052 -0.000113839 0.00027294 -0.0186052 0.0904486 
0.00960938 -0.017855 5.64205e-05 -7.98144e-05 -0.017855 0.088572 -7.43099e-05 0.00022293 5.64205e-05 -7.43099e-05 0.0102162 -0.0185899 -7.98144e-05 0.00022293 -0.0185899 0.0903843 
0.00959553 -0.017826 5.92317e-05 -5.92317e-05 -0.017826 0.0885045 -5.92317e-05 0.000159788 5.92317e-05 -5.92317e-05 0.0102113 -0.0185822 -5.92317e-05 0.000159788 -0.0185822 0.0903614 
0.00958353 -0.0178202 6.60364e-05 -6.19091e-05 -0.0178202 0.0884764 -6.32849e-05 0.000144455 6.60364e-05 -6.32849e-05 0.0102136 -0.0185617 -6.19091e-05 0.000144455 -0.0185617 0.090302 
0.00959291 -0.0178158 7.42039e-05 -7.97004e-05 -0.0178158 0.0884661 -8.10746e-05 0.000180013 7.42039e-05 -8.10746e-05 0.0102126 -0.0185647 -7.97004e-05 0.000180013 -0.0185647 0.0902814 
0.00960594 -0.0178118 5.89069e-05 -7.39761e-05 -0.0178118 0.0884399 -7.12363e-05 0.000165761 5.89069e-05 -7.12363e-05 0.0102183 -0.0185817 -7.39761e-05 0.000165761 -0.0185817 0.0903208 
0.00960979 -0.0178255 3.69029e-05 -6.0138e-05 -0.0178255 0.0884549 -5.87713e-05 0.000142144 3.69029e-05 -5.87713e-05 0.0102276 -0.0185868 -6.0138e-05 0.000142144 -0.0185868 0.0903506 
0.00961968 -0.0178257 2.5977e-05 -5.74228e-05 -0.0178257 0.0884502 -5.19539e-05 0.000149026 2.5977e-05 -5.19539e-05 0.0102158 -0.0186077 -5.74228e-05 0.000149026 -0.0186077 0.0903944 
0.00961593 -0.0178411 3.84034e-05 -4.11464e-05 -0.0178411 0.0884827 -3.84034e-05 0.000123439 3.84034e-05 -3.84034e-05 0.0102002 -0.0185831 -4.11464e-05 0.000123439 -0.0185831 0.0903741 
0.00960914 -0.0178432 3.71647e-05 -4.81765e-05 -0.0178432 0.0885029 -4.4047e-05 0.000114247 3.71647e-05 -4.4047e-05 0.0101762 -0.0185521 -4.81765e-05 0.000114247 -0.0185521 0.0902951 
0.00960168 -0.0178268 4.96069e-05 -4.82289e-05 -0.0178268 0.0884766 -4.4095e-05 0.000117127 4.96069e-05 -4.4095e-05 0.0101611 -0.0185254 -4.82289e-05 0.000117127 -0.0185254 0.0902294 
0.00960877 -0.0178188 8.13835e-05 -7.86247e-05 -0.0178188 0.0884528 -7.44866e-05 0.000180699 8.13835e-05 -7.44866e-05 0.010144 -0.0185072 -7.86247e-05 0.000180699 -0.0185072 0.0901743 
0.00960099 -0.0178225 0.000107489 -0.000126782 -0.0178225 0.0884416 -0.000125404 0.000290772 0.000107489 -0.000125404 0.0101577 -0.0184881 -0.000126782 0.000290772 -0.0184881 0.0901215 
0.00959364 -0.0178044 0.000115354 -0.000144193 -0.0178044 0.0884054 -0.000148313 0.000357049 0.000115354 -0.000148313 0.0101732 -0.018502 -0.000144193 0.000357049 -0.018502 0.0901329 
0.00961232 -0.0178122 0.000108544 -0.000130527 -0.0178122 0.0884125 -0.000136023 0.000340745 0.000108544 -0.000136023 0.0101619 -0.0185198 -0.000130527 0.000340745 -0.0185198 0.0901615 
0.00963587 -0.0178296 0.000109983 -0.000133354 -0.0178296 0.0884386 -0.000140228 0.000343696 0.000109983 -0.000140228 0.0101487 -0.0185197 -0.000133354 0.000343696 -0.0185197 0.0901901 
0.00964792 -0.0178413 0.000102915 -0.000131731 -0.0178413 0.0884519 -0.000130359 0.000341677 0.000102915 -0.000130359 0.0101556 -0.0185247 -0.000131731 0.000341677 -0.0185247 0.0902302 
0.00964999 -0.0178585 0.000104235 -0.000122065 -0.0178585 0.0884916 -0.000122065 0.000309963 0.000104235 -0.000122065 0.0101561 -0.0185182 -0.000122065 0.000309963 -0.0185182 0.0902211 
0.00965073 -0.0178518 9.44539e-05 -0.000117725 -0.0178518 0.0884896 -0.000123201 0.000295682 9.44539e-05 -0.000123201 0.0101531 -0.0185294 -0.000117725 0.000295682 -0.0185294 0.0902446 
0.00963797 -0.0178563 0.000109834 -0.000119445 -0.0178563 0.0884909 -0.00012631 0.000310282 0.000109834 -0.00012631 0.0101528 -0.018525 -0.000119445 0.000310282 -0.018525 0.0902359 
0.00962197 -0.0178461 0.000126823 -0.000140608 -0.0178461 0.0884794 -0.000154393 0.000351519 0.000126823 -0.000154393 0.010132 -0.0185092 -0.000140608 0.000351519 -0.0185092 0.090197 
0.00961445 -0.0178408 0.000133975 -0.000160218 -0.0178408 0.088479 -0.000168505 0.000400545 0.000133975 -0.000168505 0.0101227 -0.0184748 -0.000160218 0.000400545 -0.0184748 0.0901115 
0.00960415 -0.0178195 0.000135699 -0.000177239 -0.0178195 0.088434 -0.000182778 0.00045556 0.000135699 -0.000182778 0.0101054 -0.0184536 -0.000177239 0.00045556 -0.0184536 0.0900389 
0.00959323 -0.0177905 0.000111405 -0.000169171 -0.0177905 0.0883485 -0.000169171 0.000437369 0.000111405 -0.000169171 0.010131 -0.0184589 -0.000169171 0.000437369 -0.0184589 0.0900457 
0.00959467 -0.0177645 7.69442e-05 -0.000134652 -0.0177645 0.0882633 -0.00013053 0.000368233 7.69442e-05 -0.00013053 0.0101305 -0.0184831 -0.000134652 0.000368233 -0.0184831 0.0900797 
0.00958981 -0.0177685 7.02803e-05 -8.95729e-05 -0.0177685 0.0882321 -8.81948e-05 0.000268719 7.02803e-05 -8.81948e-05 0.0101162 -0.018481 -8.95729e-05 0.000268719 -0.018481 0.0901021 
