0.00773658 0 0.000254776 0 0 0.00998292 0 0 0.000254776 0 0.00691663 0 0 0 0 0.00998292 
0.0108293 -0.0134405 0.00031413 -0.00038939 -0.0134405 0.034965 -0.00038939 0.00074115 0.00031413 -0.00038939 0.00984601 -0.0122331 -0.00038939 0.00074115 -0.0122331 0.0326384 
0.010733 -0.0200806 0.000211339 -0.000395842 -0.0200806 0.0734018 -0.000395842 0.00125797 0.000211339 -0.000395842 0.00998997 -0.0187673 -0.000395842 0.00125797 -0.0187673 0.0692203 
0.0100686 -0.0195029 0.000144719 -0.000255291 -0.0195029 0.0869275 -0.000256917 0.000951244 0.000144719 -0.000256917 0.00947667 -0.018607 -0.000255291 0.000951244 -0.018607 0.0837209 
0.0100603 -0.0186809 0.000153828 -0.000179979 -0.0186809 0.089354 -0.000175364 0.000561472 0.000153828 -0.000175364 0.00945888 -0.0179779 -0.000179979 0.000561472 -0.0179779 0.0873343 
0.0102748 -0.0186258 0.000196184 -0.000206432 -0.0186258 0.0900953 -0.000197648 0.000472891 0.000196184 -0.000197648 0.00959399 -0.0178571 -0.000206432 0.000472891 -0.0178571 0.0883165 
0.0104369 -0.0188116 0.000234791 -0.000264494 -0.0188116 0.090744 -0.000256007 0.000582735 0.000234791 -0.000256007 0.00968726 -0.0179205 -0.000264494 0.000582735 -0.0179205 0.08872 
0.0104951 -0.0189255 0.000260335 -0.000304648 -0.0189255 0.0911575 -0.000297724 0.000699305 0.000260335 -0.000297724 0.00970302 -0.0179604 -0.000304648 0.000699305 -0.0179604 0.0888588 
0.0105153 -0.0189664 0.000249126 -0.000306617 -0.0189664 0.091328 -0.000303879 0.000737796 0.000249126 -0.000303879 0.00969128 -0.0179617 -0.000306617 0.000737796 -0.0179617 0.0888613 
0.0105309 -0.0189472 0.000249895 -0.00029743 -0.0189472 0.0913137 -0.000298788 0.000742896 0.000249895 -0.000298788 0.00967802 -0.0179843 -0.00029743 0.000742896 -0.0179843 0.0889152 
0.0105198 -0.0189571 0.000254403 -0.000305825 -0.0189571 0.0912848 -0.000304472 0.000753738 0.000254403 -0.000304472 0.00970251 -0.0179963 -0.000305825 0.000753738 -0.0179963 0.0889897 
0.0105008 -0.0189746 0.000252527 -0.000309244 -0.0189746 0.091331 -0.000310595 0.000762983 0.000252527 -0.000310595 0.00972566 -0.018001 -0.000309244 0.000762983 -0.018001 0.0889962 
0.0104901 -0.0189774 0.000244113 -0.000302107 -0.0189774 0.0913901 -0.000303456 0.000762011 0.000244113 -0.000303456 0.0097443 -0.0180118 -0.000302107 0.000762011 -0.0180118 0.0890056 
0.0104701 -0.01896 0.000256454 -0.000315843 -0.01896 0.0913853 -0.000321242 0.000803106 0.000256454 -0.000321242 0.00974795 -0.0180314 -0.000315843 0.000803106 -0.0180314 0.0890489 
0.0104622 -0.0189464 0.000236121 -0.00031303 -0.0189464 0.0913682 -0.000315728 0.000796067 0.000236121 -0.000315728 0.00975249 -0.018037 -0.00031303 0.000796067 -0.018037 0.0890758 
0.0104557 -0.0189477 0.000227766 -0.0002965 -0.0189477 0.0913679 -0.000295153 0.000760119 0.000227766 -0.000295153 0.00974408 -0.0180232 -0.0002965 0.000760119 -0.0180232 0.0890458 
0.0104432 -0.0189159 0.000221333 -0.000288813 -0.0189159 0.0913027 -0.000280715 0.000720683 0.000221333 -0.000280715 0.00972922 -0.0180333 -0.000288813 0.000720683 -0.0180333 0.0890529 
0.010442 -0.0188839 0.000236184 -0.000282071 -0.0188839 0.0912036 -0.000273974 0.000699105 0.000236184 -0.000273974 0.00972269 -0.0180431 -0.000282071 0.000699105 -0.0180431 0.0891224 
0.0104299 -0.0188951 0.000226854 -0.000279517 -0.0188951 0.0912021 -0.000280867 0.000681913 0.000226854 -0.000280867 0.00971962 -0.0180133 -0.000279517 0.000681913 -0.0180133 0.0890646 
0.0103962 -0.0188755 0.000211036 -0.000255678 -0.0188755 0.0911795 -0.000265147 0.000635812 0.000211036 -0.000265147 0.00973334 -0.0180097 -0.000255678 0.000635812 -0.0180097 0.0890259 
0.0103847 -0.0188383 0.000192985 -0.000248316 -0.0188383 0.0911118 -0.000257763 0.00062079 0.000192985 -0.000257763 0.00974101 -0.0180286 -0.000248316 0.00062079 -0.0180286 0.0890578 
0.0103743 -0.0188185 0.000191517 -0.000234675 -0.0188185 0.0910392 -0.000242768 0.000600175 0.000191517 -0.000242768 0.00976195 -0.0180498 -0.000234675 0.000600175 -0.0180498 0.0891119 
0.0103786 -0.0188109 0.000190719 -0.000238061 -0.0188109 0.091015 -0.000243471 0.00059921 0.000190719 -0.000243471 0.00973885 -0.0180507 -0.000238061 0.00059921 -0.0180507 0.0891172 
0.0103797 -0.0188086 0.000213133 -0.000241641 -0.0188086 0.0909955 -0.000244356 0.000612248 0.000213133 -0.000244356 0.00971723 -0.0180389 -0.000241641 0.000612248 -0.0180389 0.0891139 
0.0103704 -0.0188237 0.000240824 -0.000272118 -0.0188237 0.0910234 -0.000265315 0.00064628 0.000240824 -0.000265315 0.00970508 -0.0179951 -0.000272118 0.00064628 -0.0179951 0.0890152 
0.0103517 -0.0188076 0.000253677 -0.000297321 -0.0188076 0.0910115 -0.000290501 0.000698294 0.000253677 -0.000290501 0.00970793 -0.0179756 -0.000297321 0.000698294 -0.0179756 0.088933 
0.0103247 -0.0187821 0.000236141 -0.00030985 -0.0187821 0.0909608 -0.00030166 0.000738454 0.000236141 -0.00030166 0.00970227 -0.0179549 -0.00030985 0.000738454 -0.0179549 0.0888478 
0.0103411 -0.0187559 0.000223414 -0.000295615 -0.0187559 0.0909022 -0.000295615 0.000746529 0.000223414 -0.000295615 0.00968444 -0.0179535 -0.000295615 0.000746529 -0.0179535 0.0888247 
0.0103512 -0.0187547 0.000212025 -0.000274546 -0.0187547 0.0908461 -0.000273187 0.000706751 0.000212025 -0.000273187 0.00968385 -0.0179542 -0.000274546 0.000706751 -0.0179542 0.08884 
0.0103307 -0.0187593 0.000221449 -0.000268999 -0.0187593 0.0908375 -0.000268999 0.000690159 0.000221449 -0.000268999 0.00969891 -0.0179469 -0.000268999 0.000690159 -0.0179469 0.0888308 
0.0103224 -0.0187462 0.000207643 -0.000274143 -0.0187462 0.0908296 -0.000274143 0.000686715 0.000207643 -0.000274143 0.0097063 -0.0179672 -0.000274143 0.000686715 -0.0179672 0.0888455 
0.0103176 -0.0187509 0.000204995 -0.000270159 -0.0187509 0.0908359 -0.000268802 0.000693725 0.000204995 -0.000268802 0.0096945 -0.0179459 -0.000270159 0.000693725 -0.0179459 0.088805 
0.0103131 -0.0187529 0.00019249 -0.000245358 -0.0187529 0.0908568 -0.00025078 0.000646605 0.00019249 -0.00025078 0.00968552 -0.0179233 -0.000245358 0.000646605 -0.0179233 0.0887327 
0.0102858 -0.0187324 0.000169666 -0.000221244 -0.0187324 0.09082 -0.000225316 0.000571434 0.000169666 -0.000225316 0.00968587 -0.0179221 -0.000221244 0.000571434 -0.0179221 0.0887094 
0.0102692 -0.0186896 0.000172398 -0.000217194 -0.0186896 0.0907194 -0.000223982 0.000564706 0.000172398 -0.000223982 0.00968416 -0.0179403 -0.000217194 0.000564706 -0.0179403 0.0887511 
0.0102493 -0.0186641 0.00017898 -0.000219658 -0.0186641 0.0906359 -0.000223725 0.000562703 0.00017898 -0.000223725 0.00969748 -0.0179387 -0.000219658 0.000562703 -0.0179387 0.0887838 
0.0102347 -0.0186346 0.000202064 -0.000225118 -0.0186346 0.0905518 -0.000227831 0.000564152 0.000202064 -0.000227831 0.00970043 -0.0179593 -0.000225118 0.000564152 -0.0179593 0.0888227 
0.0102029 -0.0186179 0.000206971 -0.000251906 -0.0186179 0.0904914 -0.000250544 0.000612744 0.000206971 -0.000250544 0.00970042 -0.0179589 -0.000251906 0.000612744 -0.0179589 0.088837 
0.0101812 -0.0185713 0.000182781 -0.000255075 -0.0185713 0.0903946 -0.000253711 0.000627456 0.000182781 -0.000253711 0.00970784 -0.0179725 -0.000255075 0.000627456 -0.0179725 0.0888778 
0.0101613 -0.0185423 0.000179133 -0.000232462 -0.0185423 0.090298 -0.000231095 0.000612607 0.000179133 -0.000231095 0.00970599 -0.0179707 -0.000232462 0.000612607 -0.0179707 0.0888854 
0.0101654 -0.0185157 0.000183432 -0.000217655 -0.0185157 0.0902241 -0.000221762 0.000576307 0.000183432 -0.000221762 0.00969728 -0.0179791 -0.000217655 0.000576307 -0.0179791 0.0889086 
0.0102011 -0.018513 0.000176094 -0.000221141 -0.018513 0.0901845 -0.000227966 0.000565138 0.000176094 -0.000227966 0.00968242 -0.0179793 -0.000221141 0.000565138 -0.0179793 0.0889341 
0.0102394 -0.0185754 0.000178609 -0.000222239 -0.0185754 0.0902864 -0.000229056 0.000571277 0.000178609 -0.000229056 0.00965991 -0.0179359 -0.000222239 0.000571277 -0.0179359 0.0888398 
0.0102458 -0.0186136 0.000163541 -0.000197611 -0.0186136 0.0904025 -0.000198974 0.000506976 0.000163541 -0.000198974 0.00965979 -0.0179145 -0.000197611 0.000506976 -0.0179145 0.0887753 
0.0102521 -0.0186433 0.000167442 -0.000191946 -0.0186433 0.09051 -0.000185139 0.000468294 0.000167442 -0.000185139 0.00967081 -0.0179054 -0.000191946 0.000468294 -0.0179054 0.088713 
0.0102569 -0.018673 0.00018639 -0.000225845 -0.018673 0.0906292 -0.000217682 0.00053196 0.00018639 -0.000217682 0.00965828 -0.0178785 -0.000225845 0.00053196 -0.0178785 0.0886129 
0.0102459 -0.0186594 0.000207825 -0.000254008 -0.0186594 0.0906264 -0.000248574 0.000611249 0.000207825 -0.000248574 0.0096781 -0.0179014 -0.000254008 0.000611249 -0.0179014 0.0886446 
0.010248 -0.0186549 0.000201234 -0.000256981 -0.0186549 0.0906233 -0.000251543 0.000626817 0.000201234 -0.000251543 0.00967691 -0.017918 -0.000256981 0.000626817 -0.017918 0.088679 
0.0102376 -0.0186482 0.000209653 -0.000266831 -0.0186482 0.0905987 -0.000258663 0.000662994 0.000209653 -0.000258663 0.00967399 -0.0179158 -0.000266831 0.000662994 -0.0179158 0.0887037 
0.0102391 -0.0186129 0.0002204 -0.000266657 -0.0186129 0.0905191 -0.000265296 0.000680247 0.0002204 -0.000265296 0.00967856 -0.0179449 -0.000266657 0.000680247 -0.0179449 0.0887831 
0.0102494 -0.0186122 0.000205532 -0.000264061 -0.0186122 0.0904764 -0.000261339 0.000654709 0.000205532 -0.000261339 0.00967907 -0.0179562 -0.000264061 0.000654709 -0.0179562 0.088843 
0.0102515 -0.018642 0.000197826 -0.000253763 -0.018642 0.0905184 -0.000246942 0.000643958 0.000197826 -0.000246942 0.00966619 -0.0179299 -0.000253763 0.000643958 -0.0179299 0.0887939 
0.0102422 -0.0186495 0.00019539 -0.000235014 -0.0186495 0.0905624 -0.000233648 0.000599832 0.00019539 -0.000233648 0.00966291 -0.0179075 -0.000235014 0.000599832 -0.0179075 0.0887301 
0.0102423 -0.0186168 0.000208748 -0.000241493 -0.0186168 0.090501 -0.000248314 0.0006126 0.000208748 -0.000248314 0.00966789 -0.0179291 -0.000241493 0.0006126 -0.0179291 0.0887656 
0.0102383 -0.0186209 0.000238921 -0.000264714 -0.0186209 0.0904764 -0.000270144 0.00066382 0.000238921 -0.000270144 0.00969938 -0.0179367 -0.000264714 0.00066382 -0.0179367 0.0887985 
0.0102436 -0.0186219 0.000259109 -0.000286241 -0.0186219 0.0904846 -0.000291667 0.000702714 0.000259109 -0.000291667 0.00971048 -0.017964 -0.000286241 0.000702714 -0.017964 0.0888404 
0.0102585 -0.0186436 0.000253682 -0.000331008 -0.0186436 0.0905415 -0.000328295 0.000794961 0.000253682 -0.000328295 0.00970368 -0.0179653 -0.000331008 0.000794961 -0.0179653 0.0888525 
0.0102745 -0.0186653 0.00023546 -0.000311678 -0.0186653 0.0906099 -0.000304873 0.000789403 0.00023546 -0.000304873 0.00968653 -0.017963 -0.000311678 0.000789403 -0.017963 0.0888487 
0.0102767 -0.0186827 0.000235541 -0.000299532 -0.0186827 0.0906562 -0.00028864 0.000765169 0.000235541 -0.00028864 0.00967898 -0.0179406 -0.000299532 0.000765169 -0.0179406 0.0888087 
0.0102689 -0.0186732 0.000235456 -0.000287175 -0.0186732 0.0906453 -0.000279009 0.000717258 0.000235456 -0.000279009 0.00969182 -0.0179464 -0.000287175 0.000717258 -0.0179464 0.0888188 
0.0102593 -0.0186699 0.000259644 -0.000301785 -0.0186699 0.0906485 -0.000301785 0.000753104 0.000259644 -0.000301785 0.00971015 -0.017959 -0.000301785 0.000753104 -0.017959 0.0888432 
0.0102482 -0.0186679 0.000266646 -0.000333307 -0.0186679 0.0906391 -0.00034147 0.000835308 0.000266646 -0.00034147 0.0097244 -0.0179768 -0.000333307 0.000835308 -0.0179768 0.0888719 
0.0102544 -0.0186469 0.00025044 -0.000332105 -0.0186469 0.090602 -0.00033891 0.000850678 0.00025044 -0.00033891 0.0097304 -0.0180058 -0.000332105 0.000850678 -0.0180058 0.0889428 
0.0102401 -0.0186648 0.000227769 -0.000313694 -0.0186648 0.0906248 -0.000316422 0.000818332 0.000227769 -0.000316422 0.0097286 -0.0179815 -0.000313694 0.000818332 -0.0179815 0.0889008 
0.0102111 -0.0186268 0.000212986 -0.000285347 -0.0186268 0.0905547 -0.000288078 0.000752279 0.000212986 -0.000288078 0.00973457 -0.0179919 -0.000285347 0.000752279 -0.0179919 0.0889068 
0.0102269 -0.0186148 0.000209936 -0.000259012 -0.0186148 0.0905275 -0.000263102 0.000682974 0.000209936 -0.000263102 0.00971296 -0.0179795 -0.000259012 0.000682974 -0.0179795 0.0888712 
0.0102321 -0.0186249 0.000211182 -0.000252056 -0.0186249 0.0905058 -0.000254781 0.000632184 0.000211182 -0.000254781 0.0097062 -0.0179614 -0.000252056 0.000632184 -0.0179614 0.0888409 
0.0102307 -0.0186079 0.000208206 -0.000253114 -0.0186079 0.0904622 -0.000254474 0.000617815 0.000208206 -0.000254474 0.00971357 -0.017982 -0.000253114 0.000617815 -0.017982 0.088885 
0.0102346 -0.0186031 0.000196923 -0.000249888 -0.0186031 0.0904446 -0.000243098 0.000602991 0.000196923 -0.000243098 0.0097307 -0.0179987 -0.000249888 0.000602991 -0.0179987 0.0889439 
0.0102424 -0.0186184 0.000188544 -0.000245514 -0.0186184 0.0904713 -0.000238732 0.0006009 0.000188544 -0.000238732 0.00974054 -0.0180121 -0.000245514 0.0006009 -0.0180121 0.0889793 
0.0102387 -0.0186383 0.00021084 -0.000242126 -0.0186383 0.0905254 -0.000236685 0.000597155 0.00021084 -0.000236685 0.00973947 -0.0180167 -0.000242126 0.000597155 -0.0180167 0.0889842 
0.0102584 -0.0186396 0.000213716 -0.000254554 -0.0186396 0.0905599 -0.000254554 0.000619369 0.000213716 -0.000254554 0.00971116 -0.018008 -0.000254554 0.000619369 -0.018008 0.0889604 
0.0102751 -0.0186658 0.000226886 -0.000285306 -0.0186658 0.0906022 -0.000286664 0.000698319 0.000226886 -0.000286664 0.0096936 -0.017962 -0.000285306 0.000698319 -0.017962 0.0888754 
0.01027 -0.0186677 0.00021906 -0.000280288 -0.0186677 0.090612 -0.000278928 0.000704802 0.00021906 -0.000278928 0.00968491 -0.0179493 -0.000280288 0.000704802 -0.0179493 0.0888296 
0.010237 -0.0186644 0.000216996 -0.000279774 -0.0186644 0.0906046 -0.000272951 0.000702848 0.000216996 -0.000272951 0.00969384 -0.0179383 -0.000279774 0.000702848 -0.0179383 0.0887963 
0.0102323 -0.0186382 0.00021736 -0.000263839 -0.0186382 0.0905801 -0.000261105 0.000667116 0.00021736 -0.000261105 0.00968685 -0.0179397 -0.000263839 0.000667116 -0.0179397 0.0887702 
0.01022 -0.0186256 0.000239105 -0.00027463 -0.0186256 0.0905362 -0.000273263 0.000688623 0.000239105 -0.000273263 0.00970085 -0.0179384 -0.00027463 0.000688623 -0.0179384 0.088775 
0.0102303 -0.0186119 0.000230247 -0.00030518 -0.0186119 0.090509 -0.00031063 0.000756138 0.000230247 -0.00031063 0.00970309 -0.0179498 -0.00030518 0.000756138 -0.0179498 0.0887829 
0.010251 -0.0186103 0.000212006 -0.000277238 -0.0186103 0.0904735 -0.000284033 0.000721635 0.000212006 -0.000284033 0.00971014 -0.0179838 -0.000277238 0.000721635 -0.0179838 0.0888821 
0.0102502 -0.0186385 0.00022425 -0.000255509 -0.0186385 0.0905085 -0.000252791 0.000660517 0.00022425 -0.000252791 0.00972972 -0.0179903 -0.000255509 0.000660517 -0.0179903 0.0889306 
0.0102346 -0.0186588 0.000259982 -0.000289927 -0.0186588 0.0905893 -0.000288566 0.000707804 0.000259982 -0.000288566 0.00975408 -0.0179973 -0.000289927 0.000707804 -0.0179973 0.0889423 
0.0102424 -0.0186553 0.000278844 -0.000327811 -0.0186553 0.0906296 -0.00032237 0.000786203 0.000278844 -0.00032237 0.00975953 -0.018016 -0.000327811 0.000786203 -0.018016 0.0889688 
0.0102429 -0.0186598 0.000278199 -0.000360022 -0.0186598 0.0906287 -0.000357294 0.000874144 0.000278199 -0.000357294 0.00975059 -0.0180256 -0.000360022 0.000874144 -0.0180256 0.0889881 
0.0102416 -0.0186519 0.000261418 -0.000337664 -0.0186519 0.0906125 -0.000334941 0.000853692 0.000261418 -0.000334941 0.00976231 -0.0180296 -0.000337664 0.000853692 -0.0180296 0.0890236 
0.0102595 -0.0186374 0.000248083 -0.000306376 -0.0186374 0.0905734 -0.000309087 0.000788986 0.000248083 -0.000309087 0.00977691 -0.0180586 -0.000306376 0.000788986 -0.0180586 0.0891012 
0.0102729 -0.0186566 0.000249732 -0.000305378 -0.0186566 0.0905888 -0.000302664 0.000766839 0.000249732 -0.000302664 0.00977075 -0.0180716 -0.000305378 0.000766839 -0.0180716 0.089142 
0.0102924 -0.0186678 0.000258392 -0.000315211 -0.0186678 0.0906129 -0.000315211 0.000781939 0.000258392 -0.000315211 0.0097783 -0.0180847 -0.000315211 0.000781939 -0.0180847 0.0892019 
0.0103138 -0.0186981 0.000275827 -0.000332614 -0.0186981 0.0906645 -0.00032991 0.000820719 0.000275827 -0.00032991 0.00976751 -0.0180856 -0.000332614 0.000820719 -0.0180856 0.0892096 
0.0103208 -0.0187237 0.000290405 -0.000345784 -0.0187237 0.0907414 -0.000348486 0.000855006 0.000290405 -0.000348486 0.00976705 -0.0180699 -0.000345784 0.000855006 -0.0180699 0.0891853 
0.0102891 -0.0187318 0.000287389 -0.000376859 -0.0187318 0.090766 -0.000378214 0.000935369 0.000287389 -0.000378214 0.00976986 -0.018058 -0.000376859 0.000935369 -0.018058 0.0891461 
0.0102687 -0.0187035 0.000277862 -0.000357833 -0.0187035 0.0907512 -0.000356477 0.000917624 0.000277862 -0.000356477 0.00978347 -0.0180638 -0.000357833 0.000917624 -0.0180638 0.0891424 
0.0102628 -0.0186808 0.000264505 -0.000320118 -0.0186808 0.0906966 -0.000318762 0.000813861 0.000264505 -0.000318762 0.00977853 -0.0180677 -0.000320118 0.000813861 -0.0180677 0.089134 
0.0102627 -0.0186732 0.000258804 -0.000322489 -0.0186732 0.0906641 -0.000318424 0.000792672 0.000258804 -0.000318424 0.00978307 -0.0180702 -0.000322489 0.000792672 -0.0180702 0.0891506 
0.0102989 -0.0186774 0.000267398 -0.000318717 -0.0186774 0.0906764 -0.000313315 0.000785989 0.000267398 -0.000313315 0.009783 -0.0180859 -0.000318717 0.000785989 -0.0180859 0.0891814 
0.0103303 -0.0187267 0.000286916 -0.000339697 -0.0187267 0.0907587 -0.000335637 0.000828266 0.000286916 -0.000335637 0.00975107 -0.0180662 -0.000339697 0.000828266 -0.0180662 0.0891482 
0.010349 -0.0187667 0.000291388 -0.000369995 -0.0187667 0.090871 -0.000369995 0.000902625 0.000291388 -0.000369995 0.00972287 -0.0180254 -0.000369995 0.000902625 -0.0180254 0.0890685 
0.0103631 -0.018785 0.000273069 -0.000362289 -0.018785 0.0909468 -0.000359586 0.000905724 0.000273069 -0.000359586 0.00972909 -0.0180104 -0.000362289 0.000905724 -0.0180104 0.0890259 
0.0103701 -0.0188068 0.000268495 -0.0003454 -0.0188068 0.0910062 -0.000342702 0.000885088 0.000268495 -0.000342702 0.00973732 -0.0180053 -0.0003454 0.000885088 -0.0180053 0.0889945 
0.0103306 -0.018824 0.000257826 -0.000319921 -0.018824 0.0910599 -0.000317221 0.000807226 0.000257826 -0.000317221 0.00976635 -0.0179992 -0.000319921 0.000807226 -0.0179992 0.0889501 
0.0102806 -0.0187634 0.000257795 -0.000317495 -0.0187634 0.0909677 -0.000316138 0.00079238 0.000257795 -0.000316138 0.00977721 -0.0180429 -0.000317495 0.00079238 -0.0180429 0.0889962 
0.0102372 -0.0186798 0.000273137 -0.000334592 -0.0186798 0.0907606 -0.000333227 0.000826239 0.000273137 -0.000333227 0.00977966 -0.0180817 -0.000334592 0.000826239 -0.0180817 0.0891245 
0.0102146 -0.0186143 0.000274704 -0.000330738 -0.0186143 0.0905621 -0.000333471 0.000824112 0.000274704 -0.000333471 0.0097882 -0.0180908 -0.000330738 0.000824112 -0.0180908 0.0892063 
0.0101954 -0.0185861 0.000248199 -0.000340074 -0.0185861 0.0904364 -0.000337331 0.00083373 0.000248199 -0.000337331 0.00976067 -0.0180664 -0.000340074 0.00083373 -0.0180664 0.0891474 
0.0102032 -0.0185709 0.000214732 -0.000298163 -0.0185709 0.0903749 -0.000302266 0.000768659 0.000214732 -0.000302266 0.00973818 -0.0180266 -0.000298163 0.000768659 -0.0180266 0.089051 
0.0102042 -0.0185741 0.000209143 -0.000267921 -0.0185741 0.0903524 -0.000273389 0.000708078 0.000209143 -0.000273389 0.00972582 -0.0179972 -0.000267921 0.000708078 -0.0179972 0.0889608 
0.0102035 -0.0185809 0.000215962 -0.000265169 -0.0185809 0.0903665 -0.000270636 0.000683424 0.000215962 -0.000270636 0.00972513 -0.017985 -0.000265169 0.000683424 -0.017985 0.0889053 
0.0102117 -0.0185738 0.000230688 -0.000283924 -0.0185738 0.0903546 -0.000281194 0.000708444 0.000230688 -0.000281194 0.00971483 -0.0179827 -0.000283924 0.000708444 -0.0179827 0.0888804 
0.0102233 -0.0185881 0.000248351 -0.000296111 -0.0185881 0.0903779 -0.00029884 0.000735501 0.000248351 -0.00029884 0.00969387 -0.0179618 -0.000296111 0.000735501 -0.0179618 0.0888346 
0.010196 -0.0186104 0.000244551 -0.000312861 -0.0186104 0.0904359 -0.000311495 0.000771905 0.000244551 -0.000311495 0.00970961 -0.0179273 -0.000312861 0.000771905 -0.0179273 0.0887609 
0.0101744 -0.0185645 0.00024982 -0.000313982 -0.0185645 0.090383 -0.000307156 0.000782224 0.00024982 -0.000307156 0.00973479 -0.017972 -0.000313982 0.000782224 -0.017972 0.0888172 
0.0101604 -0.0185267 0.000266051 -0.000323355 -0.0185267 0.0902747 -0.00032199 0.000813162 0.000266051 -0.00032199 0.00974158 -0.0180055 -0.000323355 0.000813162 -0.0180055 0.0889171 
0.0101609 -0.0185229 0.000257565 -0.000329792 -0.0185229 0.090235 -0.000325704 0.000820393 0.000257565 -0.000325704 0.00975341 -0.0180187 -0.000329792 0.000820393 -0.0180187 0.0889717 
0.0101693 -0.0185303 0.00024138 -0.000309566 -0.0185303 0.0902419 -0.000313657 0.00078687 0.00024138 -0.000313657 0.00974519 -0.0180162 -0.000309566 0.00078687 -0.0180162 0.0889804 
0.0101622 -0.0185397 0.000225311 -0.000286759 -0.0185397 0.0902623 -0.000293587 0.000736016 0.000225311 -0.000293587 0.00974982 -0.0180194 -0.000286759 0.000736016 -0.0180194 0.0889979 
0.0101632 -0.0185241 0.000223051 -0.000269576 -0.0185241 0.0902561 -0.000276418 0.000700625 0.000223051 -0.000276418 0.00975538 -0.0180315 -0.000269576 0.000700625 -0.0180315 0.0890328 
0.0102008 -0.0185394 0.000234658 -0.000268765 -0.0185394 0.090282 -0.00027013 0.000676689 0.000234658 -0.00027013 0.00974104 -0.0180346 -0.000268765 0.000676689 -0.0180346 0.089031 
0.0102451 -0.018584 0.000246263 -0.000293883 -0.018584 0.0903608 -0.000299325 0.000719741 0.000246263 -0.000299325 0.00972398 -0.0180153 -0.000293883 0.000719741 -0.0180153 0.0890111 
0.0102809 -0.0186364 0.000246947 -0.00028901 -0.0186364 0.0904954 -0.000290367 0.000709635 0.000246947 -0.000290367 0.00973543 -0.0180136 -0.00028901 0.000709635 -0.0180136 0.0890191 
0.0103113 -0.0187059 0.000250767 -0.000306343 -0.0187059 0.0906734 -0.000310409 0.000757724 0.000250767 -0.000310409 0.00973926 -0.0180132 -0.000306343 0.000757724 -0.0180132 0.0889953 
0.0103066 -0.0187494 0.00023603 -0.000316063 -0.0187494 0.0908281 -0.000314706 0.000782697 0.00023603 -0.000314706 0.00975454 -0.0180061 -0.000316063 0.000782697 -0.0180061 0.0889642 
0.0102846 -0.0187429 0.000238797 -0.000294426 -0.0187429 0.0908678 -0.000294426 0.000757096 0.000238797 -0.000294426 0.00977847 -0.0180292 -0.000294426 0.000757096 -0.0180292 0.0889981 
0.0102913 -0.018717 0.000263219 -0.000301209 -0.018717 0.0908282 -0.000297139 0.000746239 0.000263219 -0.000297139 0.00976895 -0.0180536 -0.000301209 0.000746239 -0.0180536 0.0890494 
0.0103009 -0.0187087 0.000277226 -0.000316636 -0.0187087 0.0907767 -0.000319354 0.000769167 0.000277226 -0.000319354 0.0097532 -0.0180646 -0.000316636 0.000769167 -0.0180646 0.0891119 
0.0103261 -0.0187134 0.000271169 -0.000328114 -0.0187134 0.0907629 -0.000325403 0.000783678 0.000271169 -0.000325403 0.00975665 -0.0180639 -0.000328114 0.000783678 -0.0180639 0.0891535 
0.0103429 -0.0187464 0.000275703 -0.000341925 -0.0187464 0.0908142 -0.000337871 0.000837919 0.000275703 -0.000337871 0.00977122 -0.0180585 -0.000341925 0.000837919 -0.0180585 0.0891573 
0.0103662 -0.0187739 0.000303066 -0.000360985 -0.0187739 0.0908874 -0.00035425 0.000894381 0.000303066 -0.00035425 0.00977623 -0.0180708 -0.000360985 0.000894381 -0.0180708 0.0891633 
0.0103581 -0.0188153 0.000312533 -0.000390667 -0.0188153 0.0909916 -0.000383931 0.00095646 0.000312533 -0.000383931 0.00978687 -0.0180623 -0.000390667 0.00095646 -0.0180623 0.089142 
0.0103629 -0.0187944 0.000313823 -0.00037982 -0.0187944 0.0910019 -0.000381167 0.000957631 0.000313823 -0.000381167 0.00979047 -0.0180994 -0.00037982 0.000957631 -0.0180994 0.0892159 
0.0103731 -0.0188035 0.00032559 -0.000388824 -0.0188035 0.0910077 -0.000395551 0.000976769 0.00032559 -0.000395551 0.00980536 -0.018116 -0.000388824 0.000976769 -0.018116 0.0892896 
0.010384 -0.0188278 0.00032786 -0.000408481 -0.0188278 0.0910672 -0.000405794 0.00100508 0.00032786 -0.000405794 0.00982102 -0.0181237 -0.000408481 0.00100508 -0.0181237 0.0893217 
0.0103815 -0.0188391 0.000326225 -0.000396034 -0.0188391 0.0910879 -0.000396034 0.000993442 0.000326225 -0.000396034 0.00983508 -0.0181437 -0.000396034 0.000993442 -0.0181437 0.0893628 
0.0103749 -0.0188447 0.000319333 -0.000402871 -0.0188447 0.0911203 -0.000402871 0.000999767 0.000319333 -0.000402871 0.00982251 -0.01814 -0.000402871 0.000999767 -0.01814 0.0893538 
0.010368 -0.0188158 0.000314631 -0.000391601 -0.0188158 0.0910676 -0.0003862 0.000980354 0.000314631 -0.0003862 0.00981569 -0.0181541 -0.000391601 0.000980354 -0.0181541 0.0894026 
0.0103962 -0.018802 0.00032387 -0.000388644 -0.018802 0.0910303 -0.000384595 0.000971609 0.00032387 -0.000384595 0.0097984 -0.0181502 -0.000388644 0.000971609 -0.0181502 0.0894258 
0.0104243 -0.0188356 0.000332362 -0.000399642 -0.0188356 0.0910698 -0.000394259 0.000979593 0.000332362 -0.000394259 0.00980804 -0.0181453 -0.000399642 0.000979593 -0.0181453 0.0894322 
0.0104109 -0.0188925 0.000333484 -0.000410441 -0.0188925 0.0911936 -0.000405041 0.0010072 0.000333484 -0.000405041 0.00982359 -0.0181202 -0.000410441 0.0010072 -0.0181202 0.0893453 
0.0103957 -0.0188973 0.000350401 -0.000407223 -0.0188973 0.091268 -0.000407223 0.00101062 0.000350401 -0.000407223 0.0098207 -0.0181113 -0.000407223 0.00101062 -0.0181113 0.0892806 
0.0103733 -0.0188685 0.000343925 -0.000406211 -0.0188685 0.0912268 -0.000410273 0.0009898 0.000343925 -0.000410273 0.00982353 -0.0181143 -0.000406211 0.0009898 -0.0181143 0.0892689 
0.0103706 -0.0188156 0.000332398 -0.000424281 -0.0188156 0.0911015 -0.00042293 0.00103368 0.000332398 -0.00042293 0.00983548 -0.0181522 -0.000424281 0.00103368 -0.0181522 0.0893611 
0.0103896 -0.018827 0.000306962 -0.00041736 -0.018827 0.0910733 -0.00041736 0.00104071 0.000306962 -0.00041736 0.00983623 -0.0181498 -0.00041736 0.00104071 -0.0181498 0.089381 
0.0103993 -0.0188423 0.000301391 -0.000368666 -0.0188423 0.0910833 -0.000370011 0.000960683 0.000301391 -0.000370011 0.0098396 -0.0181642 -0.000368666 0.000960683 -0.0181642 0.0894283 
0.0104114 -0.0188412 0.000308276 -0.000371547 -0.0188412 0.0911002 -0.000371547 0.000924828 0.000308276 -0.000371547 0.00983925 -0.0181883 -0.000371547 0.000924828 -0.0181883 0.0894875 
0.010438 -0.0188722 0.000312925 -0.000380076 -0.0188722 0.0911591 -0.000380076 0.000926687 0.000312925 -0.000380076 0.009839 -0.0181832 -0.000380076 0.000926687 -0.0181832 0.0895099 
0.0104604 -0.0188934 0.000348636 -0.000387523 -0.0188934 0.0912113 -0.000387523 0.000953386 0.000348636 -0.000387523 0.0098302 -0.0181814 -0.000387523 0.000953386 -0.0181814 0.0895124 
0.0104611 -0.0189211 0.000367764 -0.000442927 -0.0189211 0.0912766 -0.000438901 0.0010496 0.000367764 -0.000438901 0.0098142 -0.0181614 -0.000442927 0.0010496 -0.0181614 0.0894646 
0.0104627 -0.0189313 0.000375249 -0.000462361 -0.0189313 0.0913249 -0.00045834 0.00112173 0.000375249 -0.00045834 0.00982617 -0.018154 -0.000462361 0.00112173 -0.018154 0.0894487 
0.0104587 -0.0189425 0.000396862 -0.000467682 -0.0189425 0.0913745 -0.000463674 0.00115184 0.000396862 -0.000463674 0.00984538 -0.0181514 -0.000467682 0.00115184 -0.0181514 0.0894169 
0.0104558 -0.0189404 0.000373185 -0.000467813 -0.0189404 0.0913902 -0.000465148 0.00114354 0.000373185 -0.000465148 0.0098694 -0.0181808 -0.000467813 0.00114354 -0.0181808 0.089463 
0.01045 -0.0189265 0.000379224 -0.000455336 -0.0189265 0.0913569 -0.000448659 0.00112832 0.000379224 -0.000448659 0.00987451 -0.0182174 -0.000455336 0.00112832 -0.0182174 0.0895529 
0.0104129 -0.0189051 0.000386803 -0.000476477 -0.0189051 0.0912961 -0.000476477 0.00117245 0.000386803 -0.000476477 0.00988689 -0.0182346 -0.000476477 0.00117245 -0.0182346 0.0896164 
