0.00713702 0 -0.000473044 0 0 0.00998788 0 0 -0.000473044 0 0.00752193 0 0 0 0 0.00998788 
0.0100872 -0.0125344 -0.00055894 0.000693348 -0.0125344 0.0332168 0.000693348 -0.00132605 -0.00055894 0.000693348 0.0105854 -0.0131507 0.000693348 -0.00132605 -0.0131507 0.034397 
0.010169 -0.0190371 -0.00040629 0.000723965 -0.0190371 0.0700658 0.000723965 -0.00229897 -0.00040629 0.000723965 0.0105886 -0.0198447 0.000723965 -0.00229897 -0.0198447 0.072644 
0.00961995 -0.0187908 -0.000358276 0.000523634 -0.0187908 0.0842759 0.000520392 -0.00185785 -0.000358276 0.000520392 0.00996526 -0.0193582 0.000523634 -0.00185785 -0.0193582 0.0864612 
0.00960555 -0.0181163 -0.000377262 0.000437316 -0.0181163 0.087591 0.000434236 -0.00122418 -0.000377262 0.000434236 0.00993046 -0.0185828 0.000437316 -0.00122418 -0.0185828 0.0891647 
0.00978648 -0.0180281 -0.000423326 0.000477712 -0.0180281 0.0885546 0.000471833 -0.00109506 -0.000423326 0.000471833 0.0100408 -0.0184456 0.000477712 -0.00109506 -0.0184456 0.0897775 
0.0099132 -0.018164 -0.000445106 0.000527585 -0.018164 0.0891519 0.000524741 -0.00119169 -0.000445106 0.000524741 0.010135 -0.0184953 0.000527585 -0.00119169 -0.0184953 0.0901332 
0.00996285 -0.0182435 -0.000468137 0.000562598 -0.0182435 0.0894643 0.000563988 -0.0013419 -0.000468137 0.000563988 0.0101698 -0.0185477 0.000562598 -0.0013419 -0.0185477 0.0903075 
0.00998281 -0.0182943 -0.000460913 0.0005758 -0.0182943 0.0896292 0.0005758 -0.00141283 -0.000460913 0.0005758 0.0101934 -0.0185473 0.0005758 -0.00141283 -0.0185473 0.0903212 
0.00998484 -0.0183187 -0.000445703 0.000581588 -0.0183187 0.0897154 0.000588382 -0.00147164 -0.000445703 0.000588382 0.0101846 -0.0185483 0.000581588 -0.00147164 -0.0185483 0.0902861 
0.00996789 -0.0183142 -0.000430444 0.000560389 -0.0183142 0.0897192 0.000571218 -0.00145647 -0.000430444 0.000571218 0.0102007 -0.0185673 0.000560389 -0.00145647 -0.0185673 0.0903229 
0.00996161 -0.0183153 -0.000433993 0.000541817 -0.0183153 0.0897556 0.000544513 -0.00139363 -0.000433993 0.000544513 0.0102042 -0.0185687 0.000541817 -0.00139363 -0.0185687 0.090323 
0.009936 -0.0183027 -0.000427122 0.000533903 -0.0183027 0.0897403 0.000529848 -0.00134219 -0.000427122 0.000529848 0.0101928 -0.0185744 0.000533903 -0.00134219 -0.0185744 0.0903364 
0.00991787 -0.0182819 -0.00041347 0.000522918 -0.0182819 0.0897176 0.000522918 -0.00131067 -0.00041347 0.000522918 0.0101962 -0.0185751 0.000522918 -0.00131067 -0.0185751 0.0903621 
0.0099088 -0.0182466 -0.000381626 0.000502992 -0.0182466 0.0896431 0.000498946 -0.0012568 -0.000381626 0.000498946 0.0102082 -0.0185972 0.000502992 -0.0012568 -0.0185972 0.0904401 
0.00989597 -0.018213 -0.000351935 0.000450368 -0.018213 0.0895289 0.000451717 -0.0011448 -0.000351935 0.000451717 0.0102277 -0.0186364 0.000450368 -0.0011448 -0.0186364 0.0905645 
0.00989626 -0.0182275 -0.000339803 0.0004278 -0.0182275 0.0895361 0.000423739 -0.00107085 -0.000339803 0.000423739 0.0102063 -0.0186255 0.0004278 -0.00107085 -0.0186255 0.0905555 
0.009908 -0.0182297 -0.000344544 0.000418857 -0.0182297 0.0895517 0.000422911 -0.00105255 -0.000344544 0.000422911 0.0101985 -0.018604 0.000418857 -0.00105255 -0.018604 0.0905218 
0.00990864 -0.0182357 -0.000365283 0.000432928 -0.0182357 0.0895593 0.000432928 -0.00107556 -0.000365283 0.000432928 0.0101819 -0.0185888 0.000432928 -0.00107556 -0.0185888 0.0904752 
0.00990851 -0.0182362 -0.000374595 0.000459792 -0.0182362 0.0895675 0.000461144 -0.00112784 -0.000374595 0.000461144 0.0101682 -0.0185634 0.000459792 -0.00112784 -0.0185634 0.0904045 
0.00991564 -0.0182241 -0.000363777 0.000449292 -0.0182241 0.0895434 0.000449292 -0.00111576 -0.000363777 0.000449292 0.0101437 -0.0185594 0.000449292 -0.00111576 -0.0185594 0.0903918 
0.00988465 -0.018222 -0.000370793 0.000468945 -0.018222 0.0895139 0.000463492 -0.00116282 -0.000370793 0.000463492 0.01013 -0.0185247 0.000468945 -0.00116282 -0.0185247 0.0903237 
0.00988681 -0.0182213 -0.000370058 0.000459851 -0.0182213 0.0895377 0.000461212 -0.00115371 -0.000370058 0.000461212 0.0101276 -0.0184798 0.000459851 -0.00115371 -0.0184798 0.090203 
0.00988609 -0.0181886 -0.000359914 0.000453627 -0.0181886 0.0894597 0.000449553 -0.00112456 -0.000359914 0.000449553 0.0101333 -0.0185023 0.000453627 -0.00112456 -0.0185023 0.0902216 
0.0098639 -0.0181894 -0.000358145 0.000443611 -0.0181894 0.0894345 0.000440898 -0.00110428 -0.000358145 0.000440898 0.0101705 -0.0185164 0.000443611 -0.00110428 -0.0185164 0.0902484 
0.00983684 -0.0181609 -0.000347007 0.000448669 -0.0181609 0.0893882 0.000450025 -0.00111557 -0.000347007 0.000450025 0.010196 -0.018554 0.000448669 -0.00111557 -0.018554 0.0903113 
0.00984042 -0.0181466 -0.000312826 0.000414834 -0.0181466 0.0893526 0.000413474 -0.00104593 -0.000312826 0.000413474 0.0101777 -0.0185737 0.000414834 -0.00104593 -0.0185737 0.0903578 
0.00984399 -0.0181439 -0.00029385 0.00038908 -0.0181439 0.0893305 0.000384998 -0.000990385 -0.00029385 0.000384998 0.010165 -0.0185575 0.00038908 -0.000990385 -0.0185575 0.0903576 
0.00983979 -0.0181303 -0.000282925 0.000375419 -0.0181303 0.089275 0.000372699 -0.000953511 -0.000282925 0.000372699 0.0101567 -0.0185533 0.000375419 -0.000953511 -0.0185533 0.0903536 
0.0098479 -0.0181362 -0.000298297 0.000355505 -0.0181362 0.0892712 0.000356867 -0.000905788 -0.000298297 0.000356867 0.0101339 -0.0185285 0.000355505 -0.000905788 -0.0185285 0.0903119 
0.00985451 -0.018142 -0.000305228 0.000355645 -0.018142 0.0892888 0.000355645 -0.000873443 -0.000305228 0.000355645 0.0101257 -0.0185017 0.000355645 -0.000873443 -0.0185017 0.0902549 
0.00984708 -0.0181666 -0.000305505 0.000366879 -0.0181666 0.0893534 0.000364151 -0.00088651 -0.000305505 0.000364151 0.0101226 -0.0184735 0.000366879 -0.00088651 -0.0184735 0.0901595 
0.00982568 -0.0181437 -0.000295806 0.00037078 -0.0181437 0.0893294 0.000368054 -0.000901051 -0.000295806 0.000368054 0.0101515 -0.0184899 0.00037078 -0.000901051 -0.0184899 0.0901705 
0.0098246 -0.0181198 -0.000305618 0.000385758 -0.0181198 0.0892799 0.000380325 -0.000964395 -0.000305618 0.000380325 0.0101683 -0.0185259 0.000385758 -0.000964395 -0.0185259 0.090232 
0.00983036 -0.0181236 -0.000325599 0.000411068 -0.0181236 0.0892696 0.000405642 -0.00103649 -0.000325599 0.000405642 0.0101831 -0.0185483 0.000411068 -0.00103649 -0.0185483 0.090302 
0.00982336 -0.0181269 -0.00034615 0.000413757 -0.0181269 0.0892661 0.00040294 -0.0010371 -0.00034615 0.00040294 0.0102141 -0.0185772 0.000413757 -0.0010371 -0.0185772 0.0903911 
0.00982431 -0.0181282 -0.000359096 0.00042956 -0.0181282 0.0892766 0.000422784 -0.00105425 -0.000359096 0.000422784 0.0102092 -0.0186025 0.00042956 -0.00105425 -0.0186025 0.0904365 
0.00981244 -0.0181317 -0.000346863 0.000440354 -0.0181317 0.0892929 0.000434934 -0.00108124 -0.000346863 0.000434934 0.0102257 -0.0186033 0.000440354 -0.00108124 -0.0186033 0.090473 
0.00978751 -0.0180882 -0.000345298 0.000429253 -0.0180882 0.0891953 0.000431961 -0.00108058 -0.000345298 0.000431961 0.0102317 -0.0186339 0.000429253 -0.00108058 -0.0186339 0.0905386 
0.00976514 -0.0180506 -0.000339681 0.000432074 -0.0180506 0.0890888 0.000430715 -0.00108834 -0.000339681 0.000430715 0.0102285 -0.0186498 0.000432074 -0.00108834 -0.0186498 0.0906037 
0.0097647 -0.0180431 -0.000318503 0.000408337 -0.0180431 0.0890556 0.000411059 -0.00103582 -0.000318503 0.000411059 0.0102125 -0.018627 0.000408337 -0.00103582 -0.018627 0.0905719 
0.00978022 -0.0180324 -0.000284372 0.000382337 -0.0180324 0.0890166 0.000385059 -0.000975573 -0.000284372 0.000385059 0.010187 -0.0186066 0.000382337 -0.000975573 -0.0186066 0.0905146 
0.00980921 -0.0180463 -0.000266326 0.00034106 -0.0180463 0.0890316 0.000343778 -0.000885941 -0.000266326 0.000343778 0.0101516 -0.0185708 0.00034106 -0.000885941 -0.0185708 0.090442 
0.00982241 -0.0180904 -0.000272466 0.000331046 -0.0180904 0.0891169 0.000331046 -0.000840558 -0.000272466 0.000331046 0.0101262 -0.0185223 0.000331046 -0.000840558 -0.0185223 0.0903103 
0.00982664 -0.0181201 -0.000290543 0.00035329 -0.0181201 0.0892214 0.000358746 -0.000885271 -0.000290543 0.000358746 0.0100967 -0.0184679 0.00035329 -0.000885271 -0.0184679 0.0901421 
0.00982112 -0.0181213 -0.000298726 0.000373748 -0.0181213 0.0892481 0.000375112 -0.00093437 -0.000298726 0.000375112 0.010083 -0.0184337 0.000373748 -0.00093437 -0.0184337 0.0900283 
0.00982807 -0.0181119 -0.000297118 0.000365264 -0.0181119 0.0892472 0.000365264 -0.000918613 -0.000297118 0.000365264 0.0100775 -0.0184254 0.000365264 -0.000918613 -0.0184254 0.0899791 
0.00982769 -0.0181199 -0.000294544 0.00036409 -0.0181199 0.089251 0.000365453 -0.000910906 -0.000294544 0.000365453 0.010065 -0.0184049 0.00036409 -0.000910906 -0.0184049 0.0899206 
0.00983113 -0.0181017 -0.000293039 0.000369366 -0.0181017 0.0892066 0.000368003 -0.000925459 -0.000293039 0.000368003 0.0100615 -0.0184206 0.000369366 -0.000925459 -0.0184206 0.0899576 
0.00983694 -0.0181243 -0.000282616 0.000378186 -0.0181243 0.089237 0.000380917 -0.000965263 -0.000282616 0.000380917 0.0100417 -0.0183891 0.000378186 -0.000965263 -0.0183891 0.0899046 
0.00981817 -0.0181308 -0.000291263 0.00035143 -0.0181308 0.0892674 0.000363737 -0.000928487 -0.000291263 0.000363737 0.010052 -0.0183715 0.00035143 -0.000928487 -0.0183715 0.0898472 
0.00980333 -0.0181155 -0.000296326 0.000364604 -0.0181155 0.089261 0.0003687 -0.000923116 -0.000296326 0.0003687 0.0100723 -0.0183777 0.000364604 -0.000923116 -0.0183777 0.0898427 
0.00978996 -0.0180835 -0.00030146 0.000373756 -0.0180835 0.0891995 0.000371028 -0.000939847 -0.00030146 0.000371028 0.0100996 -0.0184164 0.000373756 -0.000939847 -0.0184164 0.0899211 
0.00980451 -0.0180705 -0.000305241 0.000378826 -0.0180705 0.0891468 0.00037065 -0.000945703 -0.000305241 0.00037065 0.0100988 -0.0184521 0.000378826 -0.000945703 -0.0184521 0.090023 
0.00981959 -0.0180782 -0.000311927 0.000385482 -0.0180782 0.0891173 0.00037731 -0.00095349 -0.000311927 0.00037731 0.010092 -0.018465 0.000385482 -0.00095349 -0.018465 0.0900817 
0.00981672 -0.0180923 -0.000313677 0.000394142 -0.0180923 0.0891401 0.00039005 -0.000980581 -0.000313677 0.00039005 0.0100827 -0.0184469 0.000394142 -0.000980581 -0.0184469 0.0900634 
0.00982132 -0.01809 -0.000291885 0.000391921 -0.01809 0.0891469 0.000391921 -0.000978432 -0.000291885 0.000391921 0.0100502 -0.0184312 0.000391921 -0.000978432 -0.0184312 0.0900322 
0.00982901 -0.0180974 -0.000302536 0.00036277 -0.0180974 0.0891578 0.000370983 -0.000945939 -0.000302536 0.000370983 0.0100521 -0.0184068 0.00036277 -0.000945939 -0.0184068 0.0900038 
0.00982508 -0.0181168 -0.000309689 0.000375463 -0.0181168 0.0892082 0.000380945 -0.000949621 -0.000309689 0.000380945 0.0100484 -0.0183813 0.000375463 -0.000949621 -0.0183813 0.0899152 
0.00982174 -0.018114 -0.000303174 0.000368725 -0.018114 0.089226 0.000375553 -0.000931372 -0.000303174 0.000375553 0.0100812 -0.0183926 0.000368725 -0.000931372 -0.0183926 0.0899211 
0.00981677 -0.0181133 -0.000312228 0.000376309 -0.0181133 0.0892276 0.000379036 -0.000942137 -0.000312228 0.000379036 0.0101085 -0.0184255 0.000376309 -0.000942137 -0.0184255 0.0899693 
0.00981142 -0.0180871 -0.000327047 0.000387006 -0.0180871 0.0891531 0.00038428 -0.000952525 -0.000327047 0.00038428 0.0101235 -0.0184782 0.000387006 -0.000952525 -0.0184782 0.0900933 
0.00981141 -0.0180739 -0.000319625 0.000400215 -0.0180739 0.0891072 0.000398849 -0.000976633 -0.000319625 0.000398849 0.0101064 -0.0184932 0.000400215 -0.000976633 -0.0184932 0.0901671 
0.00982076 -0.0181026 -0.000314068 0.000389171 -0.0181026 0.0891475 0.000390536 -0.000970879 -0.000314068 0.000390536 0.0100911 -0.0184535 0.000389171 -0.000970879 -0.0184535 0.0901074 
0.00981262 -0.0181079 -0.00029909 0.000374204 -0.0181079 0.0891822 0.000376936 -0.000938243 -0.00029909 0.000376936 0.0100871 -0.0184303 0.000374204 -0.000938243 -0.0184303 0.0900331 
0.00979679 -0.0180934 -0.000309056 0.000380166 -0.0180934 0.0891625 0.000382901 -0.000951782 -0.000309056 0.000382901 0.0100908 -0.0184312 0.000380166 -0.000951782 -0.0184312 0.0900104 
0.00980553 -0.0180768 -0.00031094 0.000381856 -0.0180768 0.0891389 0.000377765 -0.000946458 -0.00031094 0.000377765 0.0101069 -0.0184532 0.000381856 -0.000946458 -0.0184532 0.0900608 
0.00981329 -0.0180913 -0.000321212 0.000386543 -0.0180913 0.0891553 0.00038246 -0.00095683 -0.000321212 0.00038246 0.0101223 -0.0184601 0.000386543 -0.00095683 -0.0184601 0.090089 
0.00982558 -0.0181043 -0.000345569 0.000413594 -0.0181043 0.0891799 0.000408152 -0.0010163 -0.000345569 0.000408152 0.0101208 -0.0184798 0.000413594 -0.0010163 -0.0184798 0.09012 
0.00984923 -0.0181163 -0.000338457 0.000441761 -0.0181163 0.089214 0.000441761 -0.00109149 -0.000338457 0.000441761 0.0101021 -0.0184792 0.000441761 -0.00109149 -0.0184792 0.0901451 
0.00987035 -0.0181477 -0.000332999 0.000430859 -0.0181477 0.0892857 0.000433578 -0.00110637 -0.000332999 0.000433578 0.0100878 -0.0184617 0.000430859 -0.00110637 -0.0184617 0.0901244 
0.00988224 -0.0181654 -0.000320365 0.000421246 -0.0181654 0.0893219 0.000419883 -0.00108243 -0.000320365 0.000419883 0.010069 -0.0184489 0.000421246 -0.00108243 -0.0184489 0.0901099 
0.00987305 -0.0181935 -0.000310791 0.000391214 -0.0181935 0.0894054 0.000389851 -0.00100598 -0.000310791 0.000389851 0.0100775 -0.0184143 0.000391214 -0.00100598 -0.0184143 0.0900325 
0.00984165 -0.0181629 -0.000314704 0.000396445 -0.0181629 0.0893746 0.000390996 -0.000987707 -0.000314704 0.000390996 0.0100991 -0.0184272 0.000396445 -0.000987707 -0.0184272 0.0900122 
0.00982024 -0.0181242 -0.000284981 0.00038861 -0.0181242 0.0892903 0.000383156 -0.000962662 -0.000284981 0.000383156 0.0101039 -0.0184583 0.00038861 -0.000962662 -0.0184583 0.0900539 
0.00981557 -0.0181057 -0.000255145 0.00034656 -0.0181057 0.0892243 0.00034656 -0.000897782 -0.000255145 0.00034656 0.010098 -0.0184591 0.00034656 -0.000897782 -0.0184591 0.0900798 
0.00981477 -0.0180886 -0.00026069 0.000322109 -0.0180886 0.0891601 0.000322109 -0.000833935 -0.00026069 0.000322109 0.0100823 -0.0184544 0.000322109 -0.000833935 -0.0184544 0.0900732 
0.00980777 -0.0180815 -0.000253403 0.000316072 -0.0180815 0.0891228 0.000316072 -0.000782006 -0.000253403 0.000316072 0.0100857 -0.0184412 0.000316072 -0.000782006 -0.0184412 0.0900505 
0.00978483 -0.0180936 -0.000249182 0.000310457 -0.0180936 0.0891542 0.000309095 -0.000763887 -0.000249182 0.000309095 0.0101035 -0.0184232 0.000310457 -0.000763887 -0.0184232 0.0899848 
0.00979527 -0.0180752 -0.000244848 0.000304699 -0.0180752 0.0891477 0.000299258 -0.000748146 -0.000244848 0.000299258 0.0101054 -0.0184425 0.000304699 -0.000748146 -0.0184425 0.0899978 
0.00980399 -0.0180609 -0.00024241 0.000313226 -0.0180609 0.0890911 0.000307779 -0.000764 -0.00024241 0.000307779 0.01009 -0.0184599 0.000313226 -0.000764 -0.0184599 0.0900594 
0.00978723 -0.0180687 -0.000247311 0.00031153 -0.0180687 0.0890812 0.000308797 -0.000781557 -0.000247311 0.000308797 0.0100878 -0.0184445 0.00031153 -0.000781557 -0.0184445 0.090054 
0.00976375 -0.0180425 -0.00026825 0.000328469 -0.0180425 0.0890302 0.000327101 -0.000819805 -0.00026825 0.000327101 0.0100826 -0.0184394 0.000328469 -0.000819805 -0.0184394 0.0900389 
0.00974526 -0.0180101 -0.000265056 0.000333723 -0.0180101 0.0889543 0.000335096 -0.000829501 -0.000265056 0.000335096 0.010079 -0.0184413 0.000333723 -0.000829501 -0.0184413 0.090042 
0.00975098 -0.0180094 -0.000257474 0.00031668 -0.0180094 0.0889471 0.000323564 -0.00079996 -0.000257474 0.000323564 0.0100553 -0.0184115 0.00031668 -0.00079996 -0.0184115 0.0899618 
0.00975086 -0.0180025 -0.000267956 0.000320173 -0.0180025 0.088923 0.000321547 -0.00080112 -0.000267956 0.000321547 0.0100573 -0.0183955 0.000320173 -0.00080112 -0.0183955 0.0899233 
0.00977938 -0.0180333 -0.000285089 0.000342655 -0.0180333 0.0889931 0.000339914 -0.000842932 -0.000285089 0.000339914 0.0100508 -0.0183718 0.000342655 -0.000842932 -0.0183718 0.0898401 
0.00979786 -0.0180532 -0.000287689 0.000356186 -0.0180532 0.0890411 0.000357556 -0.000882246 -0.000287689 0.000357556 0.0100417 -0.0183683 0.000356186 -0.000882246 -0.0183683 0.0898124 
0.00979053 -0.0180685 -0.000275886 0.000360986 -0.0180685 0.0890797 0.000366476 -0.000912758 -0.000275886 0.000366476 0.0100376 -0.0183595 0.000360986 -0.000912758 -0.0183595 0.089788 
0.00979853 -0.0180638 -0.000280898 0.00035215 -0.0180638 0.0890775 0.000356261 -0.000920796 -0.000280898 0.000356261 0.0100274 -0.0183543 0.00035215 -0.000920796 -0.0183543 0.0897708 
0.00980568 -0.0180787 -0.000271201 0.000353383 -0.0180787 0.0891044 0.00036297 -0.00091359 -0.000271201 0.00036297 0.0100111 -0.0183334 0.000353383 -0.00091359 -0.0183334 0.0897236 
0.00980306 -0.0180785 -0.000265317 0.000346007 -0.0180785 0.0891097 0.00035558 -0.000908096 -0.000265317 0.00035558 0.0100164 -0.0183247 0.000346007 -0.000908096 -0.0183247 0.089706 
0.00978339 -0.0180473 -0.000265081 0.000336133 -0.0180473 0.089022 0.000337499 -0.000882691 -0.000265081 0.000337499 0.0100321 -0.018352 0.000336133 -0.000882691 -0.018352 0.0897749 
0.00978237 -0.0180421 -0.000259697 0.000326671 -0.0180421 0.0890063 0.000328038 -0.000841965 -0.000259697 0.000328038 0.0100257 -0.0183578 0.000326671 -0.000841965 -0.0183578 0.0897868 
0.00979063 -0.0180504 -0.000265166 0.000321206 -0.0180504 0.0890205 0.000319839 -0.000816 -0.000265166 0.000319839 0.0100216 -0.018347 0.000321206 -0.000816 -0.018347 0.0897873 
0.00980811 -0.0180612 -0.000270324 0.000331761 -0.0180612 0.0890457 0.000327665 -0.000817798 -0.000270324 0.000327665 0.0100197 -0.0183506 0.000331761 -0.000817798 -0.0183506 0.0898035 
0.00982077 -0.018082 -0.000269921 0.000343536 -0.018082 0.0890972 0.000338083 -0.000846572 -0.000269921 0.000338083 0.0100307 -0.0183574 0.000343536 -0.000846572 -0.0183574 0.0898306 
0.00981356 -0.0181044 -0.000275363 0.000338069 -0.0181044 0.0891549 0.000335343 -0.000856079 -0.000275363 0.000335343 0.0100562 -0.0183689 0.000338069 -0.000856079 -0.0183689 0.089857 
0.00981138 -0.0181237 -0.000290326 0.000340522 -0.0181237 0.0892385 0.000344592 -0.000854697 -0.000290326 0.000344592 0.0100963 -0.0183909 0.000340522 -0.000854697 -0.0183909 0.0898897 
0.00980768 -0.0180968 -0.000308861 0.000368465 -0.0180968 0.0892065 0.000368465 -0.000906262 -0.000308861 0.000368465 0.0101233 -0.0184531 0.000368465 -0.000906262 -0.0184531 0.0900112 
0.00978581 -0.018064 -0.000311027 0.000385728 -0.018064 0.0891113 0.000385728 -0.00094938 -0.000311027 0.000385728 0.0101308 -0.0185082 0.000385728 -0.00094938 -0.0185082 0.0901762 
0.00978673 -0.0180589 -0.000311618 0.000397348 -0.0180589 0.0890889 0.000400069 -0.00100562 -0.000311618 0.000400069 0.010116 -0.0184998 0.000397348 -0.00100562 -0.0184998 0.0902061 
0.00978535 -0.0180713 -0.000291693 0.00038847 -0.0180713 0.0891054 0.00038847 -0.000984123 -0.000291693 0.00038847 0.0101029 -0.0184666 0.00038847 -0.000984123 -0.0184666 0.090144 
0.00979814 -0.0180649 -0.000283885 0.000364411 -0.0180649 0.08911 0.000365775 -0.0009431 -0.000283885 0.000365775 0.0100711 -0.0184485 0.000364411 -0.0009431 -0.0184485 0.090079 
0.00980087 -0.0180813 -0.000256151 0.000338339 -0.0180813 0.0891325 0.000342448 -0.00086571 -0.000256151 0.000342448 0.0100474 -0.0184004 0.000338339 -0.00086571 -0.0184004 0.0899653 
0.00980852 -0.0181031 -0.000247987 0.000327453 -0.0181031 0.0891891 0.000334303 -0.000849459 -0.000247987 0.000334303 0.0100264 -0.0183483 0.000327453 -0.000849459 -0.0183483 0.0898139 
0.0098141 -0.0180951 -0.000254379 0.000311819 -0.0180951 0.0891817 0.000313187 -0.000808268 -0.000254379 0.000313187 0.010022 -0.0183344 0.000311819 -0.000808268 -0.0183344 0.0897547 
0.00980451 -0.0180858 -0.000257726 0.000309544 -0.0180858 0.089146 0.000313635 -0.000784088 -0.000257726 0.000313635 0.01005 -0.0183558 0.000309544 -0.000784088 -0.0183558 0.0897951 
0.0097963 -0.0180638 -0.000272763 0.000323225 -0.0180638 0.0890859 0.000321861 -0.000796469 -0.000272763 0.000321861 0.0100745 -0.0184061 0.000323225 -0.000796469 -0.0184061 0.0899028 
0.00979707 -0.0180476 -0.000279332 0.000343374 -0.0180476 0.0890239 0.000340649 -0.000843447 -0.000279332 0.000340649 0.0100819 -0.0184455 0.000343374 -0.000843447 -0.0184455 0.0900445 
0.00980012 -0.0180551 -0.00027907 0.000338968 -0.0180551 0.089026 0.000338968 -0.000842655 -0.00027907 0.000338968 0.0100982 -0.0184595 0.000338968 -0.000842655 -0.0184595 0.0901151 
0.00981069 -0.018075 -0.0002772 0.000339705 -0.018075 0.0890762 0.000336988 -0.000838393 -0.0002772 0.000336988 0.010111 -0.0184691 0.000339705 -0.000838393 -0.0184691 0.0901442 
0.00981334 -0.0180891 -0.000298814 0.000358577 -0.0180891 0.089116 0.000361294 -0.000895085 -0.000298814 0.000361294 0.0101189 -0.0184803 0.000358577 -0.000895085 -0.0184803 0.0901672 
0.00979006 -0.0180922 -0.000299765 0.000371981 -0.0180922 0.0891474 0.000377432 -0.000923822 -0.000299765 0.000377432 0.0101334 -0.0184846 0.000371981 -0.000923822 -0.0184846 0.0901762 
0.00977417 -0.0180922 -0.000291766 0.000379023 -0.0180922 0.089185 0.00038175 -0.000948922 -0.000291766 0.00038175 0.010145 -0.0184822 0.000379023 -0.000948922 -0.0184822 0.0901571 
0.00979518 -0.0180862 -0.000287733 0.000342279 -0.0180862 0.0892039 0.00034637 -0.000876834 -0.000287733 0.00034637 0.0101375 -0.0184899 0.000342279 -0.000876834 -0.0184899 0.0901475 
0.00978884 -0.0180679 -0.000302495 0.000359724 -0.0180679 0.0891324 0.000359724 -0.00088432 -0.000302495 0.000359724 0.0101499 -0.0185135 0.000359724 -0.00088432 -0.0185135 0.0902293 
0.00978729 -0.0180689 -0.000313389 0.000373342 -0.0180689 0.0891116 0.000369255 -0.000911555 -0.000313389 0.000369255 0.0101579 -0.0185268 0.000373342 -0.000911555 -0.0185268 0.0902698 
0.00979857 -0.0180777 -0.000328117 0.000394829 -0.0180777 0.0891334 0.000390745 -0.000966651 -0.000328117 0.000390745 0.0101703 -0.018542 0.000394829 -0.000966651 -0.018542 0.0903233 
0.0098243 -0.018098 -0.000341395 0.000414843 -0.018098 0.0891749 0.000413483 -0.00102555 -0.000341395 0.000413483 0.0101698 -0.0185537 0.000414843 -0.00102555 -0.0185537 0.0903487 
0.00986186 -0.0181204 -0.000331537 0.000421215 -0.0181204 0.0892391 0.000421215 -0.0010476 -0.000331537 0.000421215 0.0101608 -0.0185647 0.000421215 -0.0010476 -0.0185647 0.0903899 
0.00988449 -0.0181594 -0.000351805 0.000411571 -0.0181594 0.0893054 0.000425154 -0.00105813 -0.000351805 0.000425154 0.0101439 -0.0185492 0.000411571 -0.00105813 -0.0185492 0.090369 
0.00989427 -0.0181859 -0.000367761 0.000416615 -0.0181859 0.089385 0.000427472 -0.00104222 -0.000367761 0.000427472 0.0101453 -0.0185346 0.000416615 -0.00104222 -0.0185346 0.0903512 
0.00990401 -0.0182025 -0.000379049 0.000439967 -0.0182025 0.0894474 0.000442675 -0.00106811 -0.000379049 0.000442675 0.0101558 -0.0185409 0.000439967 -0.00106811 -0.0185409 0.0903449 
0.00988069 -0.0182108 -0.000391381 0.000480763 -0.0182108 0.089476 0.000480763 -0.00117144 -0.000391381 0.000480763 0.0101786 -0.018548 0.000480763 -0.00117144 -0.018548 0.0903577 
0.00986221 -0.0182093 -0.000397418 0.000504572 -0.0182093 0.0895045 0.000493721 -0.00124515 -0.000397418 0.000493721 0.0101796 -0.0185484 0.000504572 -0.00124515 -0.0185484 0.0903238 
0.00985721 -0.0182044 -0.000394451 0.000505602 -0.0182044 0.0895228 0.000494758 -0.00126604 -0.000394451 0.000494758 0.0101812 -0.0185446 0.000505602 -0.00126604 -0.0185446 0.0902968 
0.00985343 -0.0181793 -0.000371725 0.000478901 -0.0181793 0.0894745 0.000474831 -0.00121828 -0.000371725 0.000474831 0.0101804 -0.0185578 0.000478901 -0.00121828 -0.0185578 0.0903129 
0.00987796 -0.0181654 -0.000352252 0.000440315 -0.0181654 0.0894246 0.000440315 -0.00112856 -0.000352252 0.000440315 0.0101638 -0.018565 0.000440315 -0.00112856 -0.018565 0.0903608 
0.00990534 -0.018205 -0.000337405 0.000413287 -0.018205 0.0894787 0.000417352 -0.00105287 -0.000337405 0.000417352 0.0101655 -0.0185573 0.000413287 -0.00105287 -0.0185573 0.0903838 
0.00990323 -0.0182278 -0.000339059 0.000413652 -0.0182278 0.0895224 0.000417721 -0.00103888 -0.000339059 0.000417721 0.0101772 -0.0185628 0.000413652 -0.00103888 -0.0185628 0.0903863 
0.00991811 -0.0182335 -0.000346815 0.000421326 -0.0182335 0.0895637 0.000425391 -0.00105941 -0.000346815 0.000425391 0.0101782 -0.0185749 0.000421326 -0.00105941 -0.0185749 0.0904118 
0.00991756 -0.0182689 -0.000378005 0.000451168 -0.0182689 0.0896441 0.000457942 -0.0011286 -0.000378005 0.000457942 0.0101872 -0.0185521 0.000451168 -0.0011286 -0.0185521 0.0903663 
0.00990561 -0.0182575 -0.000376248 0.000477754 -0.0182575 0.0896675 0.000479107 -0.00118423 -0.000376248 0.000479107 0.0102088 -0.0185688 0.000477754 -0.00118423 -0.0185688 0.0903862 
0.00991638 -0.018239 -0.000372776 0.000451113 -0.018239 0.0896297 0.000453814 -0.00114264 -0.000372776 0.000453814 0.0102257 -0.0186185 0.000451113 -0.00114264 -0.0186185 0.0904968 
0.00994955 -0.0182505 -0.000372788 0.000453537 -0.0182505 0.0896267 0.000453537 -0.0011224 -0.000372788 0.000453537 0.0102241 -0.0186435 0.000453537 -0.0011224 -0.0186435 0.0905876 
0.00995253 -0.0183057 -0.000373943 0.000450615 -0.0183057 0.0897221 0.000447924 -0.00110838 -0.000373943 0.000447924 0.0102377 -0.0186285 0.000450615 -0.00110838 -0.0186285 0.0905762 
0.00992441 -0.0182932 -0.000363976 0.00044486 -0.0182932 0.0897322 0.000440815 -0.00109058 -0.000363976 0.000440815 0.0102614 -0.0186612 0.00044486 -0.00109058 -0.0186612 0.0906341 
0.00991123 -0.0182594 -0.000361733 0.000442719 -0.0182594 0.0896775 0.00043732 -0.00108385 -0.000361733 0.00043732 0.0102689 -0.0186927 0.000442719 -0.00108385 -0.0186927 0.0907155 
0.00991685 -0.0182506 -0.000370837 0.000450398 -0.0182506 0.0896522 0.000443656 -0.00110307 -0.000370837 0.000443656 0.0102782 -0.0187037 0.000450398 -0.00110307 -0.0187037 0.0907728 
0.00990821 -0.0182479 -0.000384039 0.000467584 -0.0182479 0.0896293 0.000463542 -0.00115481 -0.000384039 0.000463542 0.0102936 -0.0187128 0.000467584 -0.00115481 -0.0187128 0.0907963 
0.0098965 -0.0182561 -0.000389286 0.00048223 -0.0182561 0.0896531 0.00048223 -0.00119345 -0.000389286 0.00048223 0.0103033 -0.0187113 0.00048223 -0.00119345 -0.0187113 0.0907832 
0.00988744 -0.0182363 -0.000374534 0.000474231 -0.0182363 0.0896255 0.000468842 -0.00117884 -0.000374534 0.000468842 0.0103145 -0.0187294 0.000474231 -0.00117884 -0.0187294 0.0908165 
0.00987778 -0.0182081 -0.000376747 0.00046722 -0.0182081 0.0895441 0.00046857 -0.0011748 -0.000376747 0.00046857 0.0102991 -0.0187455 0.00046722 -0.0011748 -0.0187455 0.090854 
0.00989061 -0.0182078 -0.000376824 0.000460562 -0.0182078 0.0895247 0.000460562 -0.00115883 -0.000376824 0.000460562 0.0102769 -0.018725 0.000460562 -0.00115883 -0.018725 0.0908375 
0.0099063 -0.01822 -0.000377589 0.00046794 -0.01822 0.0895384 0.00046794 -0.00115839 -0.000377589 0.00046794 0.0102569 -0.018696 0.00046794 -0.00115839 -0.018696 0.0907696 
0.00990814 -0.0182423 -0.000365922 0.00046951 -0.0182423 0.0895849 0.000476237 -0.00117579 -0.000365922 0.000476237 0.0102593 -0.0186701 0.00046951 -0.00117579 -0.0186701 0.0906921 
0.00991819 -0.0182733 -0.000370232 0.00045101 -0.0182733 0.0896797 0.000456395 -0.00115109 -0.000370232 0.000456395 0.0102561 -0.0186543 0.00045101 -0.00115109 -0.0186543 0.0906248 
0.00990699 -0.0182805 -0.000382697 0.000467591 -0.0182805 0.089737 0.000463548 -0.00116426 -0.000382697 0.000463548 0.0102708 -0.0186538 0.000467591 -0.00116426 -0.0186538 0.0906102 
0.00987522 -0.0182502 -0.000380128 0.000481586 -0.0182502 0.0896819 0.000472117 -0.00118232 -0.000380128 0.000472117 0.0102824 -0.0186804 0.000481586 -0.00118232 -0.0186804 0.0906572 
