0.00716594 0 -0.000393991 0 0 0.00998352 0 0 -0.000393991 0 0.00746957 0 0 0 0 0.00998352 
0.0101535 -0.0126112 -0.000464215 0.000567923 -0.0126112 0.0333626 0.000567923 -0.00109469 -0.000464215 0.000567923 0.0104893 -0.0130293 0.000567923 -0.00109469 -0.0130293 0.0341692 
0.0102242 -0.0192042 -0.000368063 0.000626206 -0.0192042 0.0706064 0.000626206 -0.00200519 -0.000368063 0.000626206 0.0105356 -0.0196222 0.000626206 -0.00200519 -0.0196222 0.0719455 
0.00961165 -0.0188642 -0.000313618 0.000477739 -0.0188642 0.0846491 0.000477739 -0.00168834 -0.000313618 0.000477739 0.00995127 -0.0192525 0.000477739 -0.00168834 -0.0192525 0.0858451 
0.00957881 -0.0181478 -0.000312973 0.000380809 -0.0181478 0.0878574 0.000380809 -0.00109926 -0.000312973 0.000380809 0.00993341 -0.0185255 0.000380809 -0.00109926 -0.0185255 0.0887393 
0.00974307 -0.0180307 -0.00037631 0.000401202 -0.0180307 0.0887331 0.000405595 -0.000947365 -0.00037631 0.000405595 0.0101223 -0.0184465 0.000401202 -0.000947365 -0.0184465 0.089616 
0.00985935 -0.0181051 -0.00043057 0.000492685 -0.0181051 0.089121 0.000499744 -0.00111666 -0.00043057 0.000499744 0.0102391 -0.018602 0.000492685 -0.00111666 -0.018602 0.090232 
0.00989787 -0.0181712 -0.000456633 0.000568716 -0.0181712 0.0893119 0.000575634 -0.00135053 -0.000456633 0.000575634 0.0102618 -0.0186749 0.000568716 -0.00135053 -0.0186749 0.0905586 
0.0099278 -0.0181946 -0.000456608 0.000564608 -0.0181946 0.0893885 0.000572811 -0.00142177 -0.000456608 0.000572811 0.010234 -0.0186744 0.000564608 -0.00142177 -0.0186744 0.0906558 
0.00991822 -0.0182224 -0.000435487 0.000559329 -0.0182224 0.0894287 0.00056069 -0.00141125 -0.000435487 0.00056069 0.0102258 -0.0186402 0.000559329 -0.00141125 -0.0186402 0.0905991 
0.00993409 -0.0182385 -0.000412169 0.000531481 -0.0182385 0.0895017 0.000526058 -0.00135446 -0.000412169 0.000526058 0.0101917 -0.0186046 0.000531481 -0.00135446 -0.0186046 0.0904793 
0.00996005 -0.0182813 -0.000376823 0.00048255 -0.0182813 0.0896134 0.000479839 -0.00122264 -0.000376823 0.000479839 0.0101458 -0.0185402 0.00048255 -0.00122264 -0.0185402 0.0903155 
0.0099527 -0.0182926 -0.000361126 0.000469736 -0.0182926 0.0896788 0.000464305 -0.0011757 -0.000361126 0.000464305 0.0101251 -0.0185125 0.000469736 -0.0011757 -0.0185125 0.09023 
0.00994266 -0.0182884 -0.000370408 0.000442318 -0.0182884 0.0896983 0.000440961 -0.00111258 -0.000370408 0.000440961 0.0101258 -0.0184932 0.000442318 -0.00111258 -0.0184932 0.0901854 
0.0099307 -0.0182782 -0.000386646 0.000455836 -0.0182782 0.0896843 0.000461262 -0.0011206 -0.000386646 0.000461262 0.0101247 -0.0184885 0.000455836 -0.0011206 -0.0184885 0.0901537 
0.00990387 -0.0182386 -0.000390247 0.000476969 -0.0182386 0.0895888 0.000479679 -0.00117074 -0.000390247 0.000479679 0.010141 -0.0185096 0.000476969 -0.00117074 -0.0185096 0.090204 
0.00988365 -0.0182126 -0.000386292 0.000493369 -0.0182126 0.0895181 0.000490659 -0.00121851 -0.000386292 0.000490659 0.010148 -0.018519 0.000493369 -0.00121851 -0.018519 0.090231 
0.00987815 -0.0181874 -0.000376272 0.000475434 -0.0181874 0.0894494 0.000471359 -0.00119538 -0.000376272 0.000471359 0.0101444 -0.0185406 0.000475434 -0.00119538 -0.0185406 0.0902984 
0.00988269 -0.0181925 -0.000359642 0.00046007 -0.0181925 0.0894504 0.000457356 -0.00115628 -0.000359642 0.000457356 0.01015 -0.0185304 0.00046007 -0.00115628 -0.0185304 0.0903041 
0.00988503 -0.0182282 -0.000334649 0.000432199 -0.0182282 0.0895411 0.000428134 -0.0010893 -0.000334649 0.000428134 0.0101736 -0.0185127 0.000432199 -0.0010893 -0.0185127 0.0902605 
0.00988594 -0.0182292 -0.000343412 0.000421829 -0.0182292 0.0895738 0.000420477 -0.00107215 -0.000343412 0.000420477 0.0101996 -0.0185483 0.000421829 -0.00107215 -0.0185483 0.0902985 
0.009881 -0.0182015 -0.000348884 0.000434077 -0.0182015 0.0895118 0.000428668 -0.00107911 -0.000348884 0.000428668 0.0102096 -0.0185977 0.000434077 -0.00107911 -0.0185977 0.0904111 
0.00987529 -0.0181758 -0.000349352 0.000436013 -0.0181758 0.0894179 0.000430597 -0.00108055 -0.000349352 0.000430597 0.0101976 -0.0186253 0.000436013 -0.00108055 -0.0186253 0.0905215 
0.00986522 -0.0181711 -0.000351796 0.000437367 -0.0181711 0.0893778 0.000440084 -0.00109885 -0.000351796 0.000440084 0.0101803 -0.0186031 0.000437367 -0.00109885 -0.0186031 0.0905228 
0.00986983 -0.0181886 -0.000357622 0.000437545 -0.0181886 0.0894286 0.0004389 -0.00110131 -0.000357622 0.0004389 0.0101949 -0.0185733 0.000437545 -0.00110131 -0.0185733 0.090473 
0.0098655 -0.0181975 -0.00034243 0.000422285 -0.0181975 0.0894676 0.000426346 -0.00105165 -0.00034243 0.000426346 0.0102255 -0.0185914 0.000422285 -0.00105165 -0.0185914 0.0904679 
0.00985792 -0.0181864 -0.00034815 0.000419947 -0.0181864 0.089461 0.000417238 -0.00104445 -0.00034815 0.000417238 0.0102426 -0.0186294 0.000419947 -0.00104445 -0.0186294 0.0905284 
0.009862 -0.0181763 -0.000352359 0.000422831 -0.0181763 0.0894369 0.000424186 -0.0010381 -0.000352359 0.000424186 0.010236 -0.0186466 0.000422831 -0.0010381 -0.0186466 0.0905821 
0.00983649 -0.0181574 -0.000357814 0.00045305 -0.0181574 0.0893638 0.000446248 -0.00110337 -0.000357814 0.000446248 0.0102134 -0.0186336 0.00045305 -0.00110337 -0.0186336 0.090561 
0.00981761 -0.0181335 -0.000360142 0.000457992 -0.0181335 0.0893084 0.000449838 -0.0011375 -0.000360142 0.000449838 0.0102117 -0.0186078 0.000457992 -0.0011375 -0.0186078 0.0905125 
0.00986286 -0.0181403 -0.000359534 0.000448742 -0.0181403 0.089351 0.000444687 -0.00113537 -0.000359534 0.000444687 0.0102021 -0.0185958 0.000448742 -0.00113537 -0.0185958 0.0904702 
0.00990331 -0.0181877 -0.000362596 0.00045156 -0.0181877 0.0894264 0.000447516 -0.00114036 -0.000362596 0.000447516 0.0101958 -0.0185908 0.00045156 -0.00114036 -0.0185908 0.0904521 
0.00993435 -0.0182433 -0.000365243 0.000456891 -0.0182433 0.0895628 0.000455543 -0.00115234 -0.000365243 0.000455543 0.010185 -0.0185843 0.000456891 -0.00115234 -0.0185843 0.0904402 
0.00994727 -0.0182724 -0.000368418 0.000433194 -0.0182724 0.089651 0.000437243 -0.00110255 -0.000368418 0.000437243 0.0101767 -0.0185842 0.000433194 -0.00110255 -0.0185842 0.0904404 
0.00994868 -0.0182824 -0.000361868 0.000442884 -0.0182824 0.0896961 0.000446934 -0.00109506 -0.000361868 0.000446934 0.0101701 -0.0185782 0.000442884 -0.00109506 -0.0185782 0.0904347 
0.00992959 -0.0182844 -0.000350711 0.000444144 -0.0182844 0.0897075 0.000445498 -0.00110765 -0.000350711 0.000445498 0.0101638 -0.0185579 0.000444144 -0.00110765 -0.0185579 0.0903846 
0.00990553 -0.0182442 -0.000329371 0.000426962 -0.0182442 0.0896255 0.00043374 -0.0010857 -0.000329371 0.00043374 0.010159 -0.0185613 0.000426962 -0.0010857 -0.0185613 0.0903845 
0.00987352 -0.0182035 -0.000335917 0.000410717 -0.0182035 0.0895063 0.000421597 -0.00106215 -0.000335917 0.000421597 0.0101537 -0.0185503 0.000410717 -0.00106215 -0.0185503 0.0903658 
0.00986799 -0.0181816 -0.000332598 0.000412694 -0.0181816 0.0894486 0.000420839 -0.00103716 -0.000332598 0.000420839 0.0101449 -0.0185264 0.000412694 -0.00103716 -0.0185264 0.0902944 
0.00987384 -0.0182019 -0.000338229 0.000407505 -0.0182019 0.0894758 0.000410221 -0.00102555 -0.000338229 0.000410221 0.0101319 -0.0184898 0.000407505 -0.00102555 -0.0184898 0.0901848 
0.00987765 -0.0181723 -0.000337755 0.000419142 -0.0181723 0.0894224 0.000421855 -0.00104311 -0.000337755 0.000421855 0.0101272 -0.0185074 0.000419142 -0.00104311 -0.0185074 0.0902119 
0.00988269 -0.0181921 -0.000333353 0.000417368 -0.0181921 0.0894307 0.000418724 -0.00104478 -0.000333353 0.000418724 0.010132 -0.0184943 0.000417368 -0.00104478 -0.0184943 0.0901963 
0.00989515 -0.0182128 -0.000348764 0.000410946 -0.0182128 0.0894917 0.000410946 -0.00103548 -0.000348764 0.000410946 0.0101331 -0.0184899 0.000410946 -0.00103548 -0.0184899 0.0901851 
0.00989078 -0.0182292 -0.000360426 0.000429271 -0.0182292 0.0895421 0.000433321 -0.00106238 -0.000360426 0.000433321 0.0101648 -0.0185072 0.000429271 -0.00106238 -0.0185072 0.0902144 
0.00988048 -0.018204 -0.000355141 0.000444264 -0.018204 0.0895117 0.000448315 -0.00110188 -0.000355141 0.000448315 0.0101816 -0.0185578 0.000444264 -0.00110188 -0.0185578 0.0903206 
0.00991164 -0.0182096 -0.000348108 0.000437159 -0.0182096 0.0895137 0.000438508 -0.00109425 -0.000348108 0.000438508 0.0101599 -0.0185685 0.000437159 -0.00109425 -0.0185685 0.0903745 
0.00992733 -0.0182402 -0.000336405 0.000413414 -0.0182402 0.0895554 0.000418818 -0.00104975 -0.000336405 0.000418818 0.0101516 -0.0185496 0.000413414 -0.00104975 -0.0185496 0.0903781 
0.00989432 -0.0182287 -0.000321491 0.000431367 -0.0182287 0.0895277 0.00043408 -0.00107435 -0.000321491 0.00043408 0.0101534 -0.0185461 0.000431367 -0.00107435 -0.0185461 0.0903741 
0.00988511 -0.0182124 -0.000326747 0.000414874 -0.0182124 0.0895178 0.000418941 -0.00106972 -0.000326747 0.000418941 0.0101495 -0.0185364 0.000414874 -0.00106972 -0.0185364 0.0903381 
0.00989334 -0.0181945 -0.000334977 0.000420416 -0.0181945 0.0894618 0.000427197 -0.00107409 -0.000334977 0.000427197 0.0101361 -0.0185322 0.000420416 -0.00107409 -0.0185322 0.090323 
0.00989212 -0.0182043 -0.000336614 0.000407195 -0.0182043 0.0894729 0.000409909 -0.00103427 -0.000336614 0.000409909 0.0101337 -0.018507 0.000407195 -0.00103427 -0.018507 0.0902778 
0.00989672 -0.0182175 -0.000349918 0.000420444 -0.0182175 0.0895072 0.000420444 -0.00104297 -0.000349918 0.000420444 0.0101354 -0.0185036 0.000420444 -0.00104297 -0.0185036 0.090245 
0.00987519 -0.0182168 -0.000364689 0.000457222 -0.0182168 0.0895081 0.00045314 -0.00112809 -0.000364689 0.00045314 0.0101324 -0.0184957 0.000457222 -0.00112809 -0.0184957 0.0902007 
0.00984683 -0.0181907 -0.000373689 0.000471884 -0.0181907 0.0894684 0.00047052 -0.00117971 -0.000373689 0.00047052 0.0101319 -0.0184908 0.000471884 -0.00117971 -0.0184908 0.0901708 
0.00982872 -0.0181501 -0.00037582 0.000467384 -0.0181501 0.0893796 0.000459184 -0.00117529 -0.00037582 0.000459184 0.010128 -0.0184931 0.000467384 -0.00117529 -0.0184931 0.0901736 
0.00983979 -0.0181467 -0.00036277 0.000465055 -0.0181467 0.0893532 0.000450053 -0.00114695 -0.00036277 0.000450053 0.0101303 -0.0184794 0.000465055 -0.00114695 -0.0184794 0.0901524 
0.00985512 -0.0181456 -0.000351628 0.000438854 -0.0181456 0.0893326 0.000429313 -0.00109713 -0.000351628 0.000429313 0.0101318 -0.0184959 0.000438854 -0.00109713 -0.0184959 0.0901694 
0.00986436 -0.0181534 -0.000345831 0.000430247 -0.0181534 0.0893225 0.000428885 -0.00107426 -0.000345831 0.000428885 0.0101353 -0.0185006 0.000430247 -0.00107426 -0.0185006 0.0902048 
0.00983232 -0.0181417 -0.000337969 0.000437052 -0.0181417 0.0892781 0.000437052 -0.00109127 -0.000337969 0.000437052 0.0101703 -0.0185272 0.000437052 -0.00109127 -0.0185272 0.0902676 
0.00984073 -0.0181283 -0.000327979 0.00042827 -0.0181283 0.0892618 0.000433691 -0.00108965 -0.000327979 0.000433691 0.0101646 -0.0185498 0.00042827 -0.00108965 -0.0185498 0.0903027 
0.00984548 -0.0181507 -0.000320267 0.000409833 -0.0181507 0.089315 0.00041119 -0.00104901 -0.000320267 0.00041119 0.0101508 -0.0185239 0.000409833 -0.00104901 -0.0185239 0.0902623 
0.00982604 -0.0181389 -0.000308892 0.000386456 -0.0181389 0.0892916 0.000390538 -0.000983829 -0.000308892 0.000390538 0.0101458 -0.0185227 0.000386456 -0.000983829 -0.0185227 0.0902578 
0.00980528 -0.0181026 -0.000314106 0.000368497 -0.0181026 0.0892143 0.000372576 -0.000924642 -0.000314106 0.000372576 0.0101615 -0.0185363 0.000368497 -0.000924642 -0.0185363 0.0903076 
0.00980343 -0.0180802 -0.0003388 0.000394586 -0.0180802 0.0891493 0.000397308 -0.000970138 -0.0003388 0.000397308 0.0101613 -0.0185524 0.000394586 -0.000970138 -0.0185524 0.0903507 
0.00982452 -0.0181096 -0.000343458 0.000415408 -0.0181096 0.0892217 0.000412692 -0.00100865 -0.000343458 0.000412692 0.0101693 -0.0185345 0.000415408 -0.00100865 -0.0185345 0.0903186 
0.00984646 -0.0181406 -0.000352048 0.000426807 -0.0181406 0.0892978 0.00042137 -0.00104391 -0.000352048 0.00042137 0.0101604 -0.018528 0.000426807 -0.00104391 -0.018528 0.0902859 
0.00985594 -0.0181431 -0.000357954 0.000432528 -0.0181431 0.0893136 0.000432528 -0.00107251 -0.000357954 0.000432528 0.0101759 -0.018558 0.000432528 -0.00107251 -0.018558 0.090359 
0.00988889 -0.0181631 -0.000363044 0.000442968 -0.0181631 0.0893644 0.000441614 -0.00109997 -0.000363044 0.000441614 0.0101734 -0.0185749 0.000442968 -0.00109997 -0.0185749 0.0904183 
0.00989197 -0.0181918 -0.000371593 0.000463813 -0.0181918 0.0894088 0.000465169 -0.0011636 -0.000371593 0.000465169 0.0101795 -0.0185796 0.000463813 -0.0011636 -0.0185796 0.0904558 
0.00987394 -0.0182071 -0.000364848 0.000457077 -0.0182071 0.0894569 0.000465215 -0.001161 -0.000364848 0.000465215 0.0102035 -0.0185855 0.000457077 -0.001161 -0.0185855 0.0904714 
0.00988095 -0.0181829 -0.000374094 0.000463551 -0.0181829 0.0894423 0.000466262 -0.00118463 -0.000374094 0.000466262 0.0102035 -0.0186139 0.000463551 -0.00118463 -0.0186139 0.0905226 
0.00988394 -0.0181864 -0.00036557 0.000445454 -0.0181864 0.0894307 0.0004441 -0.00112108 -0.00036557 0.0004441 0.0102143 -0.0186238 0.000445454 -0.00112108 -0.0186238 0.090564 
0.00989278 -0.0182273 -0.000364492 0.000456632 -0.0182273 0.0895201 0.000447147 -0.00112329 -0.000364492 0.000447147 0.0102071 -0.0185972 0.000456632 -0.00112329 -0.0185972 0.0904957 
0.00990406 -0.0182291 -0.000374785 0.000441082 -0.0182291 0.0895776 0.000434317 -0.00109188 -0.000374785 0.000434317 0.0102125 -0.0185972 0.000441082 -0.00109188 -0.0185972 0.0904787 
0.00989274 -0.0182314 -0.000382779 0.000461228 -0.0182314 0.0895784 0.000454466 -0.00111588 -0.000382779 0.000454466 0.0102255 -0.0186101 0.000461228 -0.00111588 -0.0186101 0.0904995 
0.00989583 -0.0182322 -0.000396971 0.000475552 -0.0182322 0.0895922 0.000467423 -0.00116111 -0.000396971 0.000467423 0.0102332 -0.0186292 0.000475552 -0.00116111 -0.0186292 0.0905311 
0.0098934 -0.0182519 -0.00040035 0.000498063 -0.0182519 0.0896499 0.000496706 -0.00123362 -0.00040035 0.000496706 0.0102313 -0.0186088 0.000498063 -0.00123362 -0.0186088 0.09049 
0.0098882 -0.0182404 -0.00039656 0.000502491 -0.0182404 0.0896416 0.000505207 -0.00126573 -0.00039656 0.000505207 0.0102399 -0.0186193 0.000502491 -0.00126573 -0.0186193 0.0905067 
0.00988354 -0.0182237 -0.000397022 0.000493228 -0.0182237 0.0896009 0.000497293 -0.00125611 -0.000397022 0.000497293 0.0102629 -0.018641 0.000493228 -0.00125611 -0.018641 0.0905684 
0.00989105 -0.0182 -0.000384734 0.00048328 -0.0182 0.0895162 0.00048463 -0.00122035 -0.000384734 0.00048463 0.0102893 -0.0186994 0.00048328 -0.00122035 -0.0186994 0.0907095 
0.00990586 -0.0182116 -0.000370287 0.000463535 -0.0182116 0.0895028 0.000466238 -0.00116627 -0.000370287 0.000466238 0.0102883 -0.0187265 0.000463535 -0.00116627 -0.0187265 0.0908055 
0.00991669 -0.0182324 -0.000371842 0.000447563 -0.0182324 0.0895396 0.000451619 -0.00112364 -0.000371842 0.000451619 0.0102764 -0.0187233 0.000447563 -0.00112364 -0.0187233 0.0908255 
0.00990452 -0.0182407 -0.000376891 0.000460644 -0.0182407 0.0895689 0.000467398 -0.00113743 -0.000376891 0.000467398 0.0102814 -0.0187027 0.000460644 -0.00113743 -0.0187027 0.0907914 
0.00991885 -0.0182182 -0.000388024 0.000474251 -0.0182182 0.0895391 0.000478293 -0.0011762 -0.000388024 0.000478293 0.0102678 -0.0187194 0.000474251 -0.0011762 -0.0187194 0.090815 
0.00993213 -0.0182512 -0.000392804 0.000481893 -0.0182512 0.0895727 0.000484593 -0.00118786 -0.000392804 0.000484593 0.0102358 -0.0186831 0.000481893 -0.00118786 -0.0186831 0.090735 
0.0098948 -0.0182818 -0.000383373 0.000477866 -0.0182818 0.0896674 0.000485966 -0.00119467 -0.000383373 0.000485966 0.0102525 -0.0186192 0.000477866 -0.00119467 -0.0186192 0.0905813 
0.00986723 -0.0182227 -0.000356354 0.000471089 -0.0182227 0.0896001 0.000472439 -0.00117705 -0.000356354 0.000472439 0.0102695 -0.0186573 0.000471089 -0.00117705 -0.0186573 0.0905976 
0.00985821 -0.0181901 -0.000354203 0.000447486 -0.0181901 0.0895134 0.000446134 -0.00114237 -0.000354203 0.000446134 0.0102624 -0.0186741 0.000447486 -0.00114237 -0.0186741 0.0906382 
0.00985678 -0.0181511 -0.000346612 0.000434619 -0.0181511 0.0893934 0.000437327 -0.0010967 -0.000346612 0.000437327 0.0102386 -0.0186818 0.000434619 -0.0010967 -0.0186818 0.0906891 
0.00985549 -0.0181674 -0.000340453 0.00043133 -0.0181674 0.0893803 0.00043133 -0.0010729 -0.000340453 0.00043133 0.0102149 -0.0186394 0.00043133 -0.0010729 -0.0186394 0.0906173 
0.00985561 -0.0181739 -0.000329424 0.000422964 -0.0181739 0.0893959 0.000425676 -0.00105877 -0.000329424 0.000425676 0.0102027 -0.0185982 0.000422964 -0.00105877 -0.0185982 0.0905103 
0.00986889 -0.0181743 -0.000318918 0.000399999 -0.0181743 0.089416 0.000399999 -0.00100946 -0.000318918 0.000399999 0.0102027 -0.0185891 0.000399999 -0.00100946 -0.0185891 0.0904579 
0.00985218 -0.0181688 -0.000313884 0.000396414 -0.0181688 0.089388 0.000384238 -0.000978182 -0.000313884 0.000384238 0.010208 -0.0186003 0.000396414 -0.000978182 -0.0186003 0.0904704 
0.00983735 -0.0181589 -0.000311326 0.000395615 -0.0181589 0.0893682 0.000386098 -0.000973403 -0.000311326 0.000386098 0.0101963 -0.0185993 0.000395615 -0.000973403 -0.0185993 0.090453 
0.00982759 -0.0181444 -0.000323643 0.000401154 -0.0181444 0.0893458 0.000390275 -0.000992685 -0.000323643 0.000390275 0.0101771 -0.0185727 0.000401154 -0.000992685 -0.0185727 0.0904037 
0.00982044 -0.0181165 -0.000316041 0.000410036 -0.0181165 0.0892776 0.000401863 -0.00100261 -0.000316041 0.000401863 0.0101637 -0.0185565 0.000410036 -0.00100261 -0.0185565 0.0903552 
0.0097973 -0.0180915 -0.000301981 0.000388066 -0.0180915 0.0891924 0.000390799 -0.000981097 -0.000301981 0.000390799 0.0101457 -0.0185384 0.000388066 -0.000981097 -0.0185384 0.0903074 
0.00976633 -0.0180593 -0.000281813 0.000366631 -0.0180593 0.0890926 0.000376207 -0.000939833 -0.000281813 0.000376207 0.0101507 -0.0185217 0.000366631 -0.000939833 -0.0185217 0.0902705 
0.00975357 -0.0180264 -0.000281919 0.000353083 -0.0180264 0.0890138 0.000358557 -0.000900498 -0.000281919 0.000358557 0.0101436 -0.0185177 0.000353083 -0.000900498 -0.0185177 0.0902441 
0.00977948 -0.0180324 -0.000280665 0.000345013 -0.0180324 0.0890093 0.00034912 -0.000868009 -0.000280665 0.00034912 0.0101108 -0.0184911 0.000345013 -0.000868009 -0.0184911 0.0901689 
0.00978856 -0.0180448 -0.000284838 0.000351939 -0.0180448 0.0890146 0.000353309 -0.000872316 -0.000284838 0.000353309 0.0101008 -0.0184679 0.000351939 -0.000872316 -0.0184679 0.0901252 
0.00976813 -0.0180532 -0.000294427 0.000349204 -0.0180532 0.0890333 0.000345096 -0.000869587 -0.000294427 0.000345096 0.0101173 -0.018453 0.000349204 -0.000869587 -0.018453 0.0900782 
0.00977225 -0.0180458 -0.000304915 0.000363448 -0.0180458 0.0890583 0.000360725 -0.000894327 -0.000304915 0.000360725 0.0101466 -0.0184705 0.000363448 -0.000894327 -0.0184705 0.090086 
0.00976352 -0.0180385 -0.000308594 0.000388801 -0.0180385 0.08903 0.000384723 -0.000947532 -0.000308594 0.000384723 0.0101727 -0.0185102 0.000388801 -0.000947532 -0.0185102 0.0901665 
0.00979575 -0.0180447 -0.000302849 0.000380259 -0.0180447 0.0890458 0.000376185 -0.000943857 -0.000302849 0.000376185 0.010157 -0.0185458 0.000380259 -0.000943857 -0.0185458 0.0902667 
0.00980515 -0.0180869 -0.000325572 0.000387973 -0.0180869 0.0891159 0.000382547 -0.00096722 -0.000325572 0.000382547 0.0101619 -0.0185291 0.000387973 -0.00096722 -0.0185291 0.0902757 
0.00979336 -0.0180854 -0.000336346 0.000397377 -0.0180854 0.0891344 0.00039602 -0.000983269 -0.000336346 0.00039602 0.0101826 -0.0185492 0.000397377 -0.000983269 -0.0185492 0.0903292 
0.00977292 -0.0180756 -0.000335312 0.000427625 -0.0180756 0.0891252 0.000426267 -0.00105888 -0.000335312 0.000426267 0.0101951 -0.0185657 0.000427625 -0.00105888 -0.0185657 0.0903687 
0.00978629 -0.0180856 -0.000316695 0.000415917 -0.0180856 0.089183 0.000417277 -0.0010629 -0.000316695 0.000417277 0.0101859 -0.0185559 0.000415917 -0.0010629 -0.0185559 0.090337 
0.00978773 -0.0180816 -0.000275692 0.000401994 -0.0180816 0.0891665 0.000397919 -0.00104301 -0.000275692 0.000397919 0.0101802 -0.0185555 0.000401994 -0.00104301 -0.0185555 0.0903399 
0.00980828 -0.0180694 -0.00026351 0.000355874 -0.0180694 0.0891356 0.000355874 -0.000960317 -0.00026351 0.000355874 0.0101546 -0.0185584 0.000355874 -0.000960317 -0.0185584 0.0903527 
0.00981569 -0.018085 -0.00024774 0.000317162 -0.018085 0.0891266 0.000315801 -0.000828977 -0.00024774 0.000315801 0.0101356 -0.0185383 0.000317162 -0.000828977 -0.0185383 0.0903313 
0.00981802 -0.018094 -0.000238599 0.000291773 -0.018094 0.0891598 0.000293136 -0.000747157 -0.000238599 0.000293136 0.0101262 -0.0185099 0.000291773 -0.000747157 -0.0185099 0.0902696 
0.00980507 -0.0180898 -0.000240414 0.000308714 -0.0180898 0.0891472 0.000304616 -0.000756758 -0.000240414 0.000304616 0.0101152 -0.0184887 0.000308714 -0.000756758 -0.0184887 0.0902018 
0.00981435 -0.0180858 -0.00025123 0.000300384 -0.0180858 0.089147 0.000299018 -0.000746863 -0.00025123 0.000299018 0.010097 -0.0184668 0.000300384 -0.000746863 -0.0184668 0.0901328 
0.00979667 -0.018082 -0.000270573 0.000323868 -0.018082 0.089128 0.000315669 -0.00078029 -0.000270573 0.000315669 0.0100946 -0.0184482 0.000323868 -0.00078029 -0.0184482 0.0900832 
0.00978479 -0.0180578 -0.000305903 0.000350969 -0.0180578 0.0890696 0.000340044 -0.000842598 -0.000305903 0.000340044 0.0101043 -0.0184648 0.000350969 -0.000842598 -0.0184648 0.0900938 
0.00977175 -0.0180466 -0.000309759 0.000377988 -0.0180466 0.0890333 0.000379353 -0.000912903 -0.000309759 0.000379353 0.0101129 -0.0184627 0.000377988 -0.000912903 -0.0184627 0.0900854 
0.00976256 -0.0180264 -0.0003191 0.000390011 -0.0180264 0.0889894 0.000395466 -0.000973665 -0.0003191 0.000395466 0.0101144 -0.018471 0.000390011 -0.000973665 -0.018471 0.0900967 
0.00975133 -0.018017 -0.000324999 0.000389179 -0.018017 0.08895 0.000401469 -0.000996846 -0.000324999 0.000401469 0.0101132 -0.0184731 0.000389179 -0.000996846 -0.0184731 0.090108 
0.00973571 -0.0180104 -0.000300922 0.000393513 -0.0180104 0.0889503 0.000403045 -0.00099808 -0.000300922 0.000403045 0.0101415 -0.0184747 0.000393513 -0.00099808 -0.0184747 0.090124 
0.00973289 -0.0179816 -0.00027319 0.000365612 -0.0179816 0.0888858 0.000371048 -0.000948688 -0.00027319 0.000371048 0.0101556 -0.0185184 0.000365612 -0.000948688 -0.0185184 0.0902028 
0.00974108 -0.0180099 -0.00024831 0.00033108 -0.0180099 0.088933 0.000333794 -0.00086705 -0.00024831 0.000333794 0.0101739 -0.0185242 0.00033108 -0.00086705 -0.0185242 0.0902478 
0.00974774 -0.0180202 -0.000252202 0.000318642 -0.0180202 0.0889799 0.000318642 -0.000832538 -0.000252202 0.000318642 0.0101816 -0.0185396 0.000318642 -0.000832538 -0.0185396 0.0902721 
0.00976861 -0.0180208 -0.000259955 0.000324943 -0.0180208 0.0889898 0.00031682 -0.000821836 -0.000259955 0.00031682 0.0101856 -0.0185732 0.000324943 -0.000821836 -0.0185732 0.0903763 
0.00979818 -0.0180564 -0.000279754 0.000340865 -0.0180564 0.089065 0.000334075 -0.000851485 -0.000279754 0.000334075 0.0101594 -0.0185656 0.000340865 -0.000851485 -0.0185656 0.090385 
0.00980556 -0.0181 -0.00029516 0.000353648 -0.0181 0.0891845 0.000346847 -0.000875958 -0.00029516 0.000346847 0.0101524 -0.0185325 0.000353648 -0.000875958 -0.0185325 0.0903298 
0.00980438 -0.0181085 -0.000295698 0.000362469 -0.0181085 0.0892355 0.00035293 -0.000880282 -0.000295698 0.00035293 0.0101573 -0.0185268 0.000362469 -0.000880282 -0.0185268 0.0902956 
0.00978077 -0.018085 -0.000306757 0.000349021 -0.018085 0.0891858 0.000347658 -0.000860282 -0.000306757 0.000347658 0.0101871 -0.0185486 0.000349021 -0.000860282 -0.0185486 0.090346 
0.00977961 -0.0180608 -0.000324804 0.000387582 -0.0180608 0.0891287 0.000386217 -0.000934836 -0.000324804 0.000386217 0.0101808 -0.0185739 0.000387582 -0.000934836 -0.0185739 0.0903816 
0.00978899 -0.0180849 -0.00034089 0.000419976 -0.0180849 0.0891686 0.000418613 -0.0010254 -0.00034089 0.000418613 0.0101871 -0.0185512 0.000419976 -0.0010254 -0.0185512 0.0903453 
0.00980155 -0.018089 -0.000348258 0.000424439 -0.018089 0.0891948 0.000425799 -0.00106382 -0.000348258 0.000425799 0.0102029 -0.0185678 0.000424439 -0.00106382 -0.0185678 0.0903715 
0.00982786 -0.0180891 -0.000339688 0.000428007 -0.0180891 0.0891885 0.000430725 -0.00107613 -0.000339688 0.000430725 0.0102029 -0.0186013 0.000428007 -0.00107613 -0.0186013 0.0904481 
0.00984263 -0.0181208 -0.000321059 0.000408126 -0.0181208 0.0892271 0.000410846 -0.00104344 -0.000321059 0.000410846 0.0101977 -0.0186024 0.000408126 -0.00104344 -0.0186024 0.0904869 
0.00985083 -0.01816 -0.000333559 0.000398644 -0.01816 0.0893477 0.000394576 -0.00101017 -0.000333559 0.000394576 0.0102142 -0.0185844 0.000398644 -0.00101017 -0.0185844 0.0904609 
0.00985139 -0.0181655 -0.000333373 0.00039276 -0.0181655 0.0893886 0.00039006 -0.000974476 -0.000333373 0.00039006 0.0102549 -0.0186244 0.00039276 -0.000974476 -0.0186244 0.0905264 
0.00986456 -0.0181831 -0.000329941 0.000402663 -0.0181831 0.089445 0.000394583 -0.000981743 -0.000329941 0.000394583 0.0102928 -0.0186747 0.000402663 -0.000981743 -0.0186747 0.0906368 
0.0098501 -0.0181903 -0.000320569 0.000412161 -0.0181903 0.0894618 0.000405426 -0.00101424 -0.000320569 0.000405426 0.0103283 -0.0187264 0.000412161 -0.00101424 -0.0187264 0.0907683 
0.00982899 -0.0181504 -0.00033442 0.000407238 -0.0181504 0.0893927 0.000404541 -0.00102888 -0.00033442 0.000404541 0.0103508 -0.0187842 0.000407238 -0.00102888 -0.0187842 0.090938 
0.009833 -0.0181406 -0.000333711 0.000402615 -0.0181406 0.0893589 0.000402615 -0.00100384 -0.000333711 0.000402615 0.0103383 -0.0187973 0.000402615 -0.00100384 -0.0187973 0.0910032 
0.00986372 -0.0181693 -0.00035449 0.000408405 -0.0181693 0.0894231 0.000412448 -0.00101629 -0.00035449 0.000412448 0.0103206 -0.0187664 0.000408405 -0.00101629 -0.0187664 0.0909597 
0.00985689 -0.0181796 -0.000381183 0.000432367 -0.0181796 0.0894353 0.000433714 -0.00105061 -0.000381183 0.000433714 0.0103243 -0.0187588 0.000432367 -0.00105061 -0.0187588 0.090921 
0.00984606 -0.0181662 -0.000406093 0.000480296 -0.0181662 0.0894146 0.000485692 -0.00116701 -0.000406093 0.000485692 0.010325 -0.0187666 0.000480296 -0.00116701 -0.0187666 0.0909283 
0.00984578 -0.0181642 -0.000403438 0.000501936 -0.0181642 0.0894094 0.000504635 -0.00123325 -0.000403438 0.000504635 0.0103221 -0.0187619 0.000501936 -0.00123325 -0.0187619 0.0909314 
0.00986335 -0.0181803 -0.000386613 0.000488992 -0.0181803 0.0894491 0.000491686 -0.00123393 -0.000386613 0.000491686 0.0103227 -0.0187541 0.000488992 -0.00123393 -0.0187541 0.0909053 
0.0098863 -0.0182028 -0.000370635 0.000471352 -0.0182028 0.0895179 0.000476723 -0.00120322 -0.000370635 0.000476723 0.0103254 -0.018748 0.000471352 -0.00120322 -0.018748 0.0908822 
0.00992729 -0.0182343 -0.000343942 0.000464859 -0.0182343 0.0895874 0.000468889 -0.00118499 -0.000343942 0.000468889 0.010286 -0.0187462 0.000464859 -0.00118499 -0.0187462 0.0908557 
0.00992782 -0.0182676 -0.000320035 0.000426713 -0.0182676 0.0896407 0.000425362 -0.00110189 -0.000320035 0.000425362 0.0102573 -0.0187132 0.000426713 -0.00110189 -0.0187132 0.0908169 
0.00990844 -0.0182581 -0.000314468 0.000387663 -0.0182581 0.089649 0.000391729 -0.00100169 -0.000314468 0.000391729 0.0102446 -0.018681 0.000387663 -0.00100169 -0.018681 0.0907334 
0.00988531 -0.0182268 -0.000329465 0.000388006 -0.0182268 0.0895791 0.000389368 -0.000962528 -0.000329465 0.000389368 0.0102134 -0.0186447 0.000388006 -0.000962528 -0.0186447 0.090641 
