0.00716382 0 0.000425947 0 0 0.0099837 0 0 0.000425947 0 0.00748014 0 0 0 0 0.0099837 
0.0101416 -0.0126004 0.00050454 -0.000627399 -0.0126004 0.0333471 -0.000627399 0.00120238 0.00050454 -0.000627399 0.0105167 -0.013064 -0.000627399 0.00120238 -0.013064 0.0342285 
0.0102087 -0.0191593 0.000369954 -0.000666584 -0.0191593 0.0704663 -0.000666584 0.00212141 0.000369954 -0.000666584 0.0105504 -0.0196976 -0.000666584 0.00212141 -0.0196976 0.0721811 
0.00963613 -0.0188592 0.00030938 -0.000453541 -0.0188592 0.0846356 -0.000450302 0.00163923 0.00030938 -0.000450302 0.00995847 -0.0192949 -0.000453541 0.00163923 -0.0192949 0.0861064 
0.00960816 -0.0181666 0.000361647 -0.000396892 -0.0181666 0.0878664 -0.000392295 0.00111559 0.000361647 -0.000392295 0.00994989 -0.0185497 -0.000396892 0.00111559 -0.0185497 0.0889452 
0.00975626 -0.0180522 0.000413041 -0.000443799 -0.0180522 0.0887555 -0.000439405 0.000994521 0.000413041 -0.000439405 0.0101298 -0.0184785 -0.000443799 0.000994521 -0.0184785 0.0897617 
0.00983034 -0.0181108 0.000460265 -0.000538396 -0.0181108 0.0891407 -0.000534134 0.0012089 0.000460265 -0.000534134 0.0102494 -0.018618 -0.000538396 0.0012089 -0.018618 0.0903269 
0.00987089 -0.0181427 0.000473747 -0.000589058 -0.0181427 0.0892896 -0.00058489 0.00139901 0.000473747 -0.00058489 0.0102877 -0.0186957 -0.000589058 0.00139901 -0.0186957 0.0906511 
0.00985653 -0.018133 0.000466744 -0.000616376 -0.018133 0.0892373 -0.000615004 0.00153614 0.000466744 -0.000615004 0.0102752 -0.0187068 -0.000616376 0.00153614 -0.0187068 0.0907213 
0.00987416 -0.0181376 0.000447338 -0.000586449 -0.0181376 0.0892275 -0.000587813 0.00152477 0.000447338 -0.000587813 0.0102397 -0.0186763 -0.000586449 0.00152477 -0.0186763 0.0906704 
0.00986787 -0.0181672 0.000410482 -0.000542325 -0.0181672 0.0892798 -0.000536888 0.00140678 0.000410482 -0.000536888 0.0102417 -0.0186361 -0.000542325 0.00140678 -0.0186361 0.090586 
0.00985488 -0.0181811 0.000372652 -0.000492336 -0.0181811 0.0893577 -0.000490976 0.001273 0.000372652 -0.000490976 0.0102439 -0.0186272 -0.000492336 0.001273 -0.0186272 0.0905137 
0.00984544 -0.0181574 0.000372501 -0.000440475 -0.0181574 0.089358 -0.000439116 0.00113518 0.000372501 -0.000439116 0.0102587 -0.0186509 -0.000440475 0.00113518 -0.0186509 0.0905585 
0.0098884 -0.0181715 0.00039694 -0.000452296 -0.0181715 0.0894033 -0.000450946 0.00110981 0.00039694 -0.000450946 0.0102556 -0.0186616 -0.000452296 0.00110981 -0.0186616 0.0905995 
0.0099223 -0.01821 0.000404607 -0.000482831 -0.01821 0.0894653 -0.000484179 0.00115717 0.000404607 -0.000484179 0.0102379 -0.0186645 -0.000482831 0.00115717 -0.0186645 0.0906251 
0.00991749 -0.0182721 0.00038937 -0.00049446 -0.0182721 0.0896118 -0.000495807 0.00120988 0.00038937 -0.000495807 0.0102584 -0.0186372 -0.00049446 0.00120988 -0.0186372 0.0905926 
0.00988865 -0.0182602 0.000378932 -0.000490859 -0.0182602 0.0896479 -0.000494905 0.00123794 0.000378932 -0.000494905 0.0102757 -0.0186607 -0.000490859 0.00123794 -0.0186607 0.0905986 
0.00987427 -0.0182154 0.000363362 -0.000456567 -0.0182154 0.0895708 -0.000457918 0.00116708 0.000363362 -0.000457918 0.0102836 -0.0187003 -0.000456567 0.00116708 -0.0187003 0.0907068 
0.00988932 -0.018197 0.00038628 -0.000441656 -0.018197 0.0895171 -0.000445708 0.00111832 0.00038628 -0.000445708 0.0102742 -0.0187157 -0.000441656 0.00111832 -0.0187157 0.0907867 
0.00992066 -0.0182048 0.00039726 -0.000475899 -0.0182048 0.0894866 -0.000475899 0.00115111 0.00039726 -0.000475899 0.0102162 -0.018697 -0.000475899 0.00115111 -0.018697 0.0907705 
0.00995467 -0.0182601 0.000396078 -0.000493408 -0.0182601 0.0895921 -0.000500167 0.00121797 0.000396078 -0.000500167 0.0101845 -0.0186157 -0.000493408 0.00121797 -0.0186157 0.0906086 
0.00995449 -0.0183036 0.000418609 -0.000499892 -0.0183036 0.0897083 -0.000509375 0.00125989 0.000418609 -0.000509375 0.0101631 -0.0185624 -0.000499892 0.00125989 -0.0185624 0.090429 
0.00995806 -0.0183036 0.00041836 -0.000517196 -0.0183036 0.0897606 -0.000523966 0.00129705 0.00041836 -0.000523966 0.0101611 -0.0185446 -0.000517196 0.00129705 -0.0185446 0.0903563 
0.00996679 -0.0183047 0.000408575 -0.000512748 -0.0183047 0.0897728 -0.000519512 0.00129337 0.000408575 -0.000519512 0.0101603 -0.0185414 -0.000512748 0.00129337 -0.0185414 0.0903356 
0.00997329 -0.0182988 0.000408897 -0.000510444 -0.0182988 0.0897433 -0.00051586 0.00130116 0.000408897 -0.00051586 0.0101561 -0.0185601 -0.000510444 0.00130116 -0.0185601 0.0903743 
0.00998597 -0.0183065 0.000403173 -0.000499231 -0.0183065 0.0897506 -0.000493819 0.00125417 0.000403173 -0.000493819 0.0101646 -0.018569 -0.000499231 0.00125417 -0.018569 0.0904311 
0.0100039 -0.0183435 0.000397507 -0.000489448 -0.0183435 0.0898285 -0.0004908 0.00122768 0.000397507 -0.0004908 0.0101716 -0.0185666 -0.000489448 0.00122768 -0.0185666 0.0904316 
0.0100164 -0.0183875 0.000396184 -0.000491861 -0.0183875 0.0899647 -0.000483775 0.00121281 0.000396184 -0.000483775 0.010193 -0.0185519 -0.000491861 0.00121281 -0.0185519 0.0903905 
0.0100031 -0.0183937 0.000409169 -0.000498001 -0.0183937 0.0899942 -0.000491272 0.00123154 0.000409169 -0.000491272 0.0102184 -0.0185876 -0.000498001 0.00123154 -0.0185876 0.0904303 
0.00998583 -0.0183487 0.000397332 -0.000502389 -0.0183487 0.0899129 -0.000494308 0.0012324 0.000397332 -0.000494308 0.0102485 -0.0186571 -0.000502389 0.0012324 -0.0186571 0.0906011 
0.00999081 -0.0183488 0.000391717 -0.000476522 -0.0183488 0.0898957 -0.000472484 0.00118592 0.000391717 -0.000472484 0.0102587 -0.0186745 -0.000476522 0.00118592 -0.0186745 0.090694 
0.00999338 -0.0183499 0.000417288 -0.000476516 -0.0183499 0.0898852 -0.000472478 0.00117244 0.000417288 -0.000472478 0.010268 -0.0186905 -0.000476516 0.00117244 -0.0186905 0.0907521 
0.00998547 -0.0183499 0.000443709 -0.000512491 -0.0183499 0.0898895 -0.000513839 0.00123402 0.000443709 -0.000513839 0.0102606 -0.0186911 -0.000512491 0.00123402 -0.0186911 0.0907526 
0.00998357 -0.0183372 0.000433129 -0.000543773 -0.0183372 0.0898696 -0.000538376 0.00131423 0.000433129 -0.000538376 0.0102602 -0.018692 -0.000543773 0.00131423 -0.018692 0.0907575 
0.00998719 -0.0183407 0.000429353 -0.000531966 -0.0183407 0.0898725 -0.000536016 0.00133667 0.000429353 -0.000536016 0.0102505 -0.0186809 -0.000531966 0.00133667 -0.0186809 0.0907339 
0.0100126 -0.0183516 0.000431929 -0.000527763 -0.0183516 0.0898992 -0.000529113 0.00133223 0.000431929 -0.000529113 0.0102286 -0.0186674 -0.000527763 0.00133223 -0.0186674 0.0906983 
0.0100188 -0.0183694 0.000431902 -0.000539878 -0.0183694 0.0899207 -0.000542577 0.001347 0.000431902 -0.000542577 0.0102239 -0.0186528 -0.000539878 0.001347 -0.0186528 0.0906631 
0.0100213 -0.0183975 0.000434184 -0.000536662 -0.0183975 0.0899921 -0.000540707 0.00135514 0.000434184 -0.000540707 0.0102195 -0.0186214 -0.000536662 0.00135514 -0.0186214 0.0905759 
0.00998983 -0.0183535 0.000405521 -0.000532162 -0.0183535 0.0899085 -0.000537551 0.00133782 0.000405521 -0.000537551 0.0102296 -0.0186499 -0.000532162 0.00133782 -0.0186499 0.0906144 
0.00995549 -0.0183214 0.000391311 -0.000493861 -0.0183214 0.0898193 -0.000504656 0.00126974 0.000391311 -0.000504656 0.0102483 -0.0186601 -0.000493861 0.00126974 -0.0186601 0.0906492 
0.00995362 -0.0182935 0.000386167 -0.00046882 -0.0182935 0.0897601 -0.00047424 0.00118831 0.000386167 -0.00047424 0.0102165 -0.0186607 -0.00046882 0.00118831 -0.0186607 0.0906367 
0.0099649 -0.0183103 0.000406233 -0.000486126 -0.0183103 0.0897789 -0.000488834 0.00120516 0.000406233 -0.000488834 0.0101924 -0.0186068 -0.000486126 0.00120516 -0.0186068 0.0905453 
0.00995519 -0.0183185 0.00042397 -0.000506333 -0.0183185 0.0898073 -0.000509034 0.00124761 0.00042397 -0.000509034 0.0102104 -0.0185831 -0.000506333 0.00124761 -0.0185831 0.0904676 
0.00994969 -0.0182981 0.000400306 -0.000517567 -0.0182981 0.0897709 -0.000517567 0.00126561 0.000400306 -0.000517567 0.0102381 -0.0186162 -0.000517567 0.00126561 -0.0186162 0.0905068 
0.00994245 -0.0182831 0.000375136 -0.000499281 -0.0182831 0.0897128 -0.000492534 0.0012536 0.000375136 -0.000492534 0.0102299 -0.0186461 -0.000499281 0.0012536 -0.0186461 0.0905724 
0.00992978 -0.018289 0.000380087 -0.000479181 -0.018289 0.0897223 -0.000473752 0.00121899 0.000380087 -0.000473752 0.0101958 -0.0186134 -0.000479181 0.00121899 -0.0186134 0.0905218 
0.00991595 -0.0182752 0.000380338 -0.000469989 -0.0182752 0.0897053 -0.000469989 0.00118584 0.000380338 -0.000469989 0.0101944 -0.0185917 -0.000469989 0.00118584 -0.0185917 0.0904782 
0.00990236 -0.0182547 0.000390221 -0.00047044 -0.0182547 0.0896597 -0.00047044 0.00117746 0.000390221 -0.00047044 0.0101893 -0.0185742 -0.00047044 0.00117746 -0.0185742 0.0904184 
0.00992689 -0.0182197 0.000403067 -0.000491578 -0.0182197 0.0895572 -0.000495664 0.00121873 0.000403067 -0.000495664 0.0101434 -0.0185779 -0.000491578 0.00121873 -0.0185779 0.0904123 
0.00993293 -0.0182306 0.000398951 -0.000494264 -0.0182306 0.0895053 -0.000503795 0.00123225 0.000398951 -0.000503795 0.0101236 -0.0185356 -0.000494264 0.00123225 -0.0185356 0.0903713 
0.00994733 -0.0182499 0.000385408 -0.000477689 -0.0182499 0.0895491 -0.000485831 0.00121186 0.000385408 -0.000485831 0.0101197 -0.0185077 -0.000477689 0.00121186 -0.0185077 0.0902846 
0.0099651 -0.0182612 0.000380979 -0.000470461 -0.0182612 0.0895842 -0.000478596 0.00119446 0.000380979 -0.000478596 0.0101102 -0.0185039 -0.000470461 0.00119446 -0.0185039 0.0902486 
0.00998225 -0.0182873 0.00037332 -0.000459887 -0.0182873 0.0896482 -0.00046124 0.00115513 0.00037332 -0.00046124 0.0101067 -0.0184902 -0.000459887 0.00115513 -0.0184902 0.0902231 
0.00997399 -0.0183039 0.000388351 -0.000466833 -0.0183039 0.0896888 -0.000469539 0.00116911 0.000388351 -0.000469539 0.0101093 -0.0184879 -0.000466833 0.00116911 -0.0184879 0.0902057 
0.00997811 -0.0183101 0.000394247 -0.000486373 -0.0183101 0.0897352 -0.000490438 0.0012139 0.000394247 -0.000490438 0.0100919 -0.0184768 -0.000486373 0.0012139 -0.0184768 0.0901701 
0.00998278 -0.0183272 0.000382549 -0.000487987 -0.0183272 0.0897828 -0.000494746 0.00123011 0.000382549 -0.000494746 0.0100909 -0.0184556 -0.000487987 0.00123011 -0.0184556 0.0901316 
0.0099874 -0.0183373 0.000361039 -0.000473272 -0.0183373 0.0898203 -0.000469216 0.0011967 0.000361039 -0.000469216 0.0100834 -0.0184468 -0.000473272 0.0011967 -0.0184468 0.0900867 
0.00996235 -0.0183471 0.000358552 -0.000439734 -0.0183471 0.0898641 -0.000438381 0.00112707 0.000358552 -0.000438381 0.0101071 -0.0184364 -0.000439734 0.00112707 -0.0184364 0.0900494 
0.00995457 -0.0183277 0.000365987 -0.000437563 -0.0183277 0.0898639 -0.000434862 0.00108581 0.000365987 -0.000434862 0.0101328 -0.0184668 -0.000437563 0.00108581 -0.0184668 0.0900962 
0.00994429 -0.0183198 0.000387142 -0.000451891 -0.0183198 0.0898358 -0.000453239 0.00111286 0.000387142 -0.000453239 0.0101682 -0.0185086 -0.000451891 0.00111286 -0.0185086 0.0901973 
0.00995326 -0.0182945 0.000397268 -0.000474029 -0.0182945 0.0897854 -0.000479415 0.00116083 0.000397268 -0.000479415 0.010197 -0.0185679 -0.000474029 0.00116083 -0.0185679 0.0903456 
0.0099639 -0.0182809 0.000407682 -0.000488678 -0.0182809 0.0897116 -0.000488678 0.0012001 0.000407682 -0.000488678 0.0101839 -0.0186089 -0.000488678 0.0012001 -0.0186089 0.0904851 
0.00998521 -0.0183051 0.000422747 -0.00051459 -0.0183051 0.0897345 -0.000515941 0.00126959 0.000422747 -0.000515941 0.0101527 -0.018586 -0.00051459 0.00126959 -0.018586 0.0904855 
0.010015 -0.0183361 0.000434907 -0.000534546 -0.0183361 0.0898063 -0.000527813 0.00131819 0.000434907 -0.000527813 0.0101267 -0.0185408 -0.000534546 0.00131819 -0.0185408 0.0903961 
0.0100378 -0.0183676 0.000434083 -0.000540581 -0.0183676 0.0898754 -0.000540581 0.00134404 0.000434083 -0.000540581 0.0100971 -0.0185119 -0.000540581 0.00134404 -0.0185119 0.0903216 
0.010049 -0.0184039 0.000438028 -0.000535367 -0.0184039 0.0899633 -0.000539423 0.00134788 0.000438028 -0.000539423 0.01008 -0.0184783 -0.000535367 0.00134788 -0.0184783 0.0902432 
0.0100409 -0.0184049 0.00043073 -0.000540445 -0.0184049 0.0899888 -0.000544508 0.00135043 0.00043073 -0.000544508 0.0100775 -0.0184632 -0.000540445 0.00135043 -0.0184632 0.0901947 
0.0100331 -0.0183922 0.000407332 -0.000518299 -0.0183922 0.0899798 -0.000527772 0.00131266 0.000407332 -0.000527772 0.0100899 -0.018468 -0.000518299 0.00131266 -0.018468 0.0901895 
0.01005 -0.0183928 0.000408218 -0.0005123 -0.0183928 0.0899742 -0.000519059 0.00131522 0.000408218 -0.000519059 0.0100784 -0.0184604 -0.0005123 0.00131522 -0.0184604 0.0901648 
0.0100501 -0.0183999 0.00039561 -0.000497223 -0.0183999 0.0899729 -0.000502642 0.00126948 0.00039561 -0.000502642 0.0100583 -0.0184487 -0.000497223 0.00126948 -0.0184487 0.0901301 
0.0100418 -0.0184054 0.000404604 -0.000499646 -0.0184054 0.0899769 -0.00049693 0.0012559 0.000404604 -0.00049693 0.0100323 -0.0184122 -0.000499646 0.0012559 -0.0184122 0.0900394 
0.0100463 -0.0184007 0.000406638 -0.000503197 -0.0184007 0.0899744 -0.000499117 0.00124847 0.000406638 -0.000499117 0.00999187 -0.0183667 -0.000503197 0.00124847 -0.0183667 0.0899118 
0.010028 -0.0183917 0.000397431 -0.000503232 -0.0183917 0.0899524 -0.000497807 0.00125062 0.000397431 -0.000497807 0.0099914 -0.0183266 -0.000503232 0.00125062 -0.0183266 0.0898141 
0.00999302 -0.0183732 0.000397119 -0.000474374 -0.0183732 0.0899128 -0.000475729 0.00119407 0.000397119 -0.000475729 0.0100255 -0.0183271 -0.000474374 0.00119407 -0.0183271 0.0897705 
0.00996405 -0.0183327 0.000357705 -0.000477393 -0.0183327 0.0898451 -0.000474673 0.00117104 0.000357705 -0.000474673 0.0100361 -0.0183586 -0.000477393 0.00117104 -0.0183586 0.0898002 
0.00993772 -0.0182745 0.000321274 -0.000446517 -0.0182745 0.0896913 -0.000449239 0.00113535 0.000321274 -0.000449239 0.0100398 -0.0183875 -0.000446517 0.00113535 -0.0183875 0.0898942 
0.00994195 -0.0182539 0.000315402 -0.000403769 -0.0182539 0.0896013 -0.000402409 0.00105089 0.000315402 -0.000402409 0.0100235 -0.0183912 -0.000403769 0.00105089 -0.0183912 0.0899235 
0.00995581 -0.0182672 0.000313152 -0.00038229 -0.0182672 0.0895995 -0.000380934 0.000962503 0.000313152 -0.000380934 0.0100263 -0.0183662 -0.00038229 0.000962503 -0.0183662 0.0899005 
0.00996582 -0.0182957 0.000330703 -0.000391693 -0.0182957 0.089668 -0.000394404 0.000967713 0.000330703 -0.000394404 0.0100146 -0.0183513 -0.000391693 0.000967713 -0.0183513 0.0898279 
0.00996633 -0.0183035 0.000339406 -0.000415433 -0.0183035 0.0897065 -0.000415433 0.00100872 0.000339406 -0.000415433 0.0100071 -0.0183442 -0.000415433 0.00100872 -0.0183442 0.0898056 
0.00996265 -0.0183199 0.000328693 -0.000425127 -0.0183199 0.0897643 -0.000425127 0.00104584 0.000328693 -0.000425127 0.0100088 -0.0183253 -0.000425127 0.00104584 -0.0183253 0.0897562 
0.0099432 -0.0182863 0.000318117 -0.000425516 -0.0182863 0.0896995 -0.000422797 0.00107399 0.000318117 -0.000422797 0.010018 -0.0183488 -0.000425516 0.00107399 -0.0183488 0.0897988 
0.00993093 -0.018271 0.000302706 -0.000393654 -0.018271 0.0896417 -0.000388224 0.00101128 0.000302706 -0.000388224 0.0100327 -0.0183565 -0.000393654 0.00101128 -0.0183565 0.0898264 
0.00992177 -0.0182317 0.000298143 -0.000378465 -0.0182317 0.0895478 -0.000377104 0.000961138 0.000298143 -0.000377104 0.0100198 -0.0183787 -0.000378465 0.000961138 -0.0183787 0.08988 
0.00990537 -0.0182103 0.000293341 -0.000372475 -0.0182103 0.0894607 -0.000367017 0.000933233 0.000293341 -0.000367017 0.0100172 -0.0183795 -0.000372475 0.000933233 -0.0183795 0.0899164 
0.00989229 -0.0181876 0.000310667 -0.00037062 -0.0181876 0.089393 -0.000369258 0.000934726 0.000310667 -0.000369258 0.0100245 -0.018377 -0.00037062 0.000934726 -0.018377 0.0899149 
0.00987754 -0.0181883 0.000331561 -0.000403581 -0.0181883 0.0893925 -0.000398145 0.000991966 0.000331561 -0.000398145 0.0100501 -0.0183718 -0.000403581 0.000991966 -0.0183718 0.0899075 
0.00988596 -0.018202 0.000339211 -0.000421978 -0.018202 0.0894472 -0.000416551 0.00103798 0.000339211 -0.000416551 0.0100596 -0.0183784 -0.000421978 0.00103798 -0.0183784 0.0898813 
0.00990202 -0.0182205 0.000349197 -0.000415517 -0.0182205 0.0895175 -0.00041687 0.00103812 0.000349197 -0.00041687 0.0100753 -0.0183924 -0.000415517 0.00103812 -0.0183924 0.0898978 
0.00989572 -0.0182235 0.000341512 -0.000433666 -0.0182235 0.0895263 -0.000430956 0.00106384 0.000341512 -0.000430956 0.0100868 -0.01842 -0.000433666 0.00106384 -0.01842 0.0899613 
0.00989473 -0.0182173 0.000338061 -0.000423594 -0.0182173 0.0895141 -0.000423594 0.0010617 0.000338061 -0.000423594 0.010078 -0.0184372 -0.000423594 0.0010617 -0.0184372 0.0900165 
0.00991027 -0.0181976 0.000316965 -0.000412191 -0.0181976 0.0894591 -0.00040947 0.00103252 0.000316965 -0.00040947 0.0100436 -0.0184411 -0.000412191 0.00103252 -0.0184411 0.0900481 
0.00989809 -0.0181994 0.000309528 -0.000387251 -0.0181994 0.0894291 -0.000394069 0.000989945 0.000309528 -0.000394069 0.010029 -0.0183999 -0.000387251 0.000989945 -0.0183999 0.0900018 
0.00991804 -0.0182092 0.000304961 -0.000390731 -0.0182092 0.0894639 -0.000393454 0.000988401 0.000304961 -0.000393454 0.0100038 -0.0183603 -0.000390731 0.000988401 -0.0183603 0.0898941 
0.00992019 -0.0182344 0.000306221 -0.000383797 -0.0182344 0.089524 -0.000379714 0.000967658 0.000306221 -0.000379714 0.0100059 -0.0183311 -0.000383797 0.000967658 -0.0183311 0.0897962 
0.00991105 -0.0182353 0.000335852 -0.00039976 -0.0182353 0.089538 -0.000402479 0.00100892 0.000335852 -0.000402479 0.010013 -0.0183318 -0.00039976 0.00100892 -0.0183318 0.0897555 
0.00988646 -0.0182138 0.000381247 -0.000442738 -0.0182138 0.0894837 -0.000442738 0.00109455 0.000381247 -0.000442738 0.0100135 -0.0183477 -0.000442738 0.00109455 -0.0183477 0.0897762 
0.00986862 -0.0181859 0.000385771 -0.000473322 -0.0181859 0.0894263 -0.000470586 0.001145 0.000385771 -0.000470586 0.0100082 -0.0183364 -0.000473322 0.001145 -0.0183364 0.0897752 
0.00984121 -0.0181722 0.000359128 -0.000473831 -0.0181722 0.0894011 -0.000476562 0.00117707 0.000359128 -0.000476562 0.0100337 -0.0183278 -0.000473831 0.00117707 -0.0183278 0.0897452 
0.00983955 -0.0181447 0.000331716 -0.000445018 -0.0181447 0.0893395 -0.000438193 0.00112893 0.000331716 -0.000438193 0.0100375 -0.018355 -0.000445018 0.00112893 -0.018355 0.0897613 
0.00982788 -0.0181176 0.000313641 -0.000418643 -0.0181176 0.0892364 -0.000417279 0.00108138 0.000313641 -0.000417279 0.0100447 -0.018378 -0.000418643 0.00108138 -0.018378 0.0898282 
0.0098153 -0.018093 0.000316799 -0.000405557 -0.018093 0.0891597 -0.000408288 0.00105827 0.000316799 -0.000408288 0.010042 -0.0183853 -0.000405557 0.00105827 -0.0183853 0.0898739 
0.00982063 -0.0180891 0.000318388 -0.000407592 -0.0180891 0.089146 -0.000410337 0.00104849 0.000318388 -0.000410337 0.0100018 -0.0183608 -0.000407592 0.00104849 -0.0183608 0.0898294 
0.00982343 -0.018104 0.000298388 -0.000390517 -0.018104 0.0891603 -0.000391892 0.000999669 0.000298388 -0.000391892 0.00998156 -0.018313 -0.000390517 0.000999669 -0.018313 0.0897323 
0.00982543 -0.0180993 0.000289876 -0.000357514 -0.0180993 0.0891646 -0.000356134 0.000909659 0.000289876 -0.000356134 0.00994966 -0.0182732 -0.000357514 0.000909659 -0.0182732 0.0896173 
0.00981874 -0.018087 0.00027524 -0.000349928 -0.018087 0.0891239 -0.000343013 0.000864448 0.00027524 -0.000343013 0.00993769 -0.0182475 -0.000349928 0.000864448 -0.0182475 0.0895416 
0.00980021 -0.0180671 0.000258555 -0.000342897 -0.0180671 0.0890646 -0.000335983 0.000855859 0.000258555 -0.000335983 0.00993847 -0.0182302 -0.000342897 0.000855859 -0.0182302 0.0894794 
0.00981211 -0.0180553 0.000259193 -0.0003364 -0.0180553 0.0890287 -0.000330885 0.000843756 0.000259193 -0.000330885 0.00992654 -0.0182221 -0.0003364 0.000843756 -0.0182221 0.0894313 
0.00983846 -0.0180713 0.000259811 -0.000310674 -0.0180713 0.0890438 -0.000305175 0.000783558 0.000259811 -0.000305175 0.00992369 -0.0182212 -0.000310674 0.000783558 -0.0182212 0.0894342 
0.00986371 -0.0181006 0.000258599 -0.00032017 -0.0181006 0.089099 -0.000318802 0.000779902 0.000258599 -0.000318802 0.00994033 -0.0182264 -0.00032017 0.000779902 -0.0182264 0.0894602 
0.00985239 -0.0181259 0.000283836 -0.000337055 -0.0181259 0.0891614 -0.000337055 0.000843321 0.000283836 -0.000337055 0.00996975 -0.0182529 -0.000337055 0.000843321 -0.0182529 0.0895094 
0.00986283 -0.0181442 0.000289521 -0.000361901 -0.0181442 0.0892435 -0.000361901 0.000897242 0.000289521 -0.000361901 0.00996116 -0.0182658 -0.000361901 0.000897242 -0.0182658 0.0895316 
0.00986155 -0.0181432 0.000293229 -0.000365852 -0.0181432 0.0892555 -0.000371333 0.000931757 0.000293229 -0.000371333 0.00994925 -0.018272 -0.000365852 0.000931757 -0.018272 0.0895679 
0.00983687 -0.0181295 0.000298129 -0.000370943 -0.0181295 0.0892215 -0.000377813 0.000947966 0.000298129 -0.000377813 0.00994815 -0.01826 -0.000370943 0.000947966 -0.01826 0.0895814 
0.0098323 -0.0180944 0.000309365 -0.000369863 -0.0180944 0.0891493 -0.000379487 0.000950093 0.000309365 -0.000379487 0.00993679 -0.0182663 -0.000369863 0.000950093 -0.0182663 0.0895851 
0.00983967 -0.0181025 0.000304659 -0.000389744 -0.0181025 0.089143 -0.000396606 0.000983967 0.000304659 -0.000396606 0.00993299 -0.0182425 -0.000389744 0.000983967 -0.0182425 0.089541 
0.00984674 -0.0181185 0.000298552 -0.000373875 -0.0181185 0.089178 -0.000383461 0.000972348 0.000298552 -0.000383461 0.00993987 -0.0182322 -0.000373875 0.000972348 -0.0182322 0.0894971 
0.00984772 -0.0181234 0.000313038 -0.000369084 -0.0181234 0.0891968 -0.000374552 0.000950051 0.000313038 -0.000374552 0.00995298 -0.0182423 -0.000369084 0.000950051 -0.0182423 0.0894989 
0.00988464 -0.0181421 0.000339627 -0.000401005 -0.0181421 0.089255 -0.000398277 0.000991601 0.000339627 -0.000398277 0.0099351 -0.0182485 -0.000401005 0.000991601 -0.0182485 0.0895059 
0.00991262 -0.0181957 0.000322095 -0.000420362 -0.0181957 0.0893719 -0.000414903 0.00102907 0.000322095 -0.000414903 0.00991262 -0.0182175 -0.000420362 0.00102907 -0.0182175 0.0894593 
0.00993208 -0.0182193 0.000302924 -0.000398873 -0.0182193 0.0894395 -0.000394761 0.00101432 0.000302924 -0.000394761 0.00987588 -0.0182084 -0.000398873 0.00101432 -0.0182084 0.089434 
0.00992977 -0.0182249 0.00028959 -0.000370565 -0.0182249 0.0894613 -0.00036782 0.000952489 0.00028959 -0.00036782 0.00986938 -0.018181 -0.000370565 0.000952489 -0.018181 0.0893968 
0.00991365 -0.0182331 0.000301827 -0.000359449 -0.0182331 0.0894931 -0.000362193 0.000919201 0.000301827 -0.000362193 0.00988484 -0.0181549 -0.000359449 0.000919201 -0.0181549 0.0893257 
0.00989887 -0.0182317 0.000301962 -0.000358237 -0.0182317 0.0895194 -0.0003651 0.000901769 0.000301962 -0.0003651 0.00990848 -0.0181562 -0.000358237 0.000901769 -0.0181562 0.0892724 
0.00989653 -0.018199 0.000297939 -0.000374827 -0.018199 0.0894656 -0.0003762 0.000922651 0.000297939 -0.0003762 0.00990889 -0.018188 -0.000374827 0.000922651 -0.018188 0.08932 
0.00988724 -0.0181745 0.000293138 -0.000382175 -0.0181745 0.0893687 -0.000380805 0.000965711 0.000293138 -0.000380805 0.0099297 -0.0182197 -0.000382175 0.000965711 -0.0182197 0.0894153 
0.0098966 -0.0181768 0.000304953 -0.000378798 -0.0181768 0.089358 -0.000374695 0.000968191 0.000304953 -0.000374695 0.00992806 -0.0182247 -0.000378798 0.000968191 -0.0182247 0.0894441 
0.00988738 -0.0181881 0.000303135 -0.000374139 -0.0181881 0.0893742 -0.000371408 0.000939444 0.000303135 -0.000371408 0.00994609 -0.0182277 -0.000374139 0.000939444 -0.0182277 0.0894643 
0.00988499 -0.0181708 0.000300705 -0.000373148 -0.0181708 0.0893463 -0.00036768 0.000929452 0.000300705 -0.00036768 0.0099465 -0.0182555 -0.000373148 0.000929452 -0.0182555 0.0895158 
0.00988023 -0.0181827 0.000289351 -0.000367148 -0.0181827 0.0893643 -0.000365783 0.000918552 0.000289351 -0.000365783 0.00995257 -0.0182468 -0.000367148 0.000918552 -0.0182468 0.0895267 
0.00987391 -0.0181726 0.0002957 -0.000376097 -0.0181726 0.0893476 -0.000376097 0.000949781 0.0002957 -0.000376097 0.0099693 -0.0182666 -0.000376097 0.000949781 -0.0182666 0.0895643 
0.00988047 -0.0181786 0.000284212 -0.000377127 -0.0181786 0.0893656 -0.000378494 0.000955116 0.000284212 -0.000378494 0.00994879 -0.0182661 -0.000377127 0.000955116 -0.0182661 0.08955 
0.00986762 -0.01818 0.000281776 -0.0003488 -0.01818 0.0893762 -0.000347432 0.000905512 0.000281776 -0.000347432 0.00996884 -0.0182634 -0.0003488 0.000905512 -0.0182634 0.0895841 
0.00985175 -0.0181436 0.000291205 -0.000337688 -0.0181436 0.0893028 -0.000337688 0.000853107 0.000291205 -0.000337688 0.00999393 -0.0183063 -0.000337688 0.000853107 -0.0183063 0.0896706 
0.00986341 -0.0181312 0.000318307 -0.000363389 -0.0181312 0.0892694 -0.00037022 0.000894811 0.000318307 -0.00037022 0.0100028 -0.0183347 -0.000363389 0.000894811 -0.0183347 0.0897612 
0.00990368 -0.018154 0.000335857 -0.00040139 -0.018154 0.0892929 -0.000405486 0.000988457 0.000335857 -0.000405486 0.00997877 -0.018337 -0.00040139 0.000988457 -0.018337 0.0897857 
0.00993907 -0.0181989 0.000336664 -0.00042117 -0.0181989 0.0893685 -0.000422533 0.0010427 0.000336664 -0.000422533 0.00996633 -0.0183202 -0.00042117 0.0010427 -0.0183202 0.0897747 
0.00994521 -0.0182422 0.000337819 -0.000422273 -0.0182422 0.089477 -0.000418187 0.00105977 0.000337819 -0.000418187 0.00997109 -0.0183021 -0.000422273 0.00105977 -0.0183021 0.0897412 
0.00993869 -0.0182484 0.000347888 -0.000431109 -0.0182484 0.0895287 -0.000429744 0.00108596 0.000347888 -0.000429744 0.00997553 -0.0183057 -0.000431109 0.00108596 -0.0183057 0.0897115 
0.00993554 -0.0182541 0.000351277 -0.000445589 -0.0182541 0.0895634 -0.000442855 0.00112901 0.000351277 -0.000442855 0.00995058 -0.0182801 -0.000445589 0.00112901 -0.0182801 0.0896413 
0.00993665 -0.01828 0.000348151 -0.000434165 -0.01828 0.089651 -0.000438261 0.00111682 0.000348151 -0.000438261 0.0099544 -0.0182349 -0.000434165 0.00111682 -0.0182349 0.0895295 
0.0099241 -0.0182733 0.000331349 -0.000425436 -0.0182733 0.0896633 -0.00043089 0.00107859 0.000331349 -0.00043089 0.00997456 -0.0182474 -0.000425436 0.00107859 -0.0182474 0.0895078 
0.00990707 -0.0182573 0.000320639 -0.00041342 -0.0182573 0.089633 -0.000420242 0.00106971 0.000320639 -0.000420242 0.00998621 -0.018271 -0.00041342 0.00106971 -0.018271 0.0895266 
0.00988476 -0.0182086 0.0003223 -0.000390583 -0.0182086 0.0895105 -0.000393315 0.00100377 0.0003223 -0.000393315 0.0100049 -0.0183164 -0.000390583 0.00100377 -0.0183164 0.0896566 
0.00987847 -0.0181743 0.000335048 -0.000399061 -0.0181743 0.0894034 -0.000397699 0.000994248 0.000335048 -0.000397699 0.0100242 -0.0183486 -0.000399061 0.000994248 -0.0183486 0.0897765 
0.00988287 -0.0181742 0.000337643 -0.000413885 -0.0181742 0.0893597 -0.000409801 0.00101157 0.000337643 -0.000409801 0.0100313 -0.0183689 -0.000413885 0.00101157 -0.0183689 0.0898499 
0.00987968 -0.0181857 0.000310913 -0.00041046 -0.0181857 0.089389 -0.000405006 0.00100638 0.000310913 -0.000405006 0.0100433 -0.0183739 -0.00041046 0.00100638 -0.0183739 0.0898758 
0.0098826 -0.0181924 0.000315097 -0.00039012 -0.0181924 0.0894153 -0.000384664 0.000982121 0.000315097 -0.000384664 0.0100436 -0.0183752 -0.00039012 0.000982121 -0.0183752 0.0898818 
0.0098902 -0.0181747 0.000320049 -0.000386783 -0.0181747 0.0893823 -0.000379973 0.000956062 0.000320049 -0.000379973 0.0100441 -0.0183967 -0.000386783 0.000956062 -0.0183967 0.0899366 
0.0098999 -0.0182013 0.000327865 -0.000402689 -0.0182013 0.0894174 -0.000399968 0.000979515 0.000327865 -0.000399968 0.0100523 -0.0183877 -0.000402689 0.000979515 -0.0183877 0.0899358 
