0.00780497 0 -1.80503e-06 0 0 0.00998726 0 0 -1.80503e-06 0 0.00682845 0 0 0 0 0.00998726 
0.0109116 -0.0135531 -1.64479e-06 -8.22397e-06 -0.0135531 0.0351673 -8.22397e-06 4.93438e-06 -1.64479e-06 -8.22397e-06 0.00974047 -0.0121007 -8.22397e-06 4.93438e-06 -0.0121007 0.0323942 
0.0108034 -0.0201873 -2.51984e-05 -2.51984e-05 -0.0201873 0.0737288 -2.51984e-05 7.55952e-05 -2.51984e-05 -2.51984e-05 0.00991137 -0.0186233 -2.51984e-05 7.55952e-05 -0.0186233 0.0687664 
0.01015 -0.0195936 -9.72066e-06 8.10055e-06 -0.0195936 0.0872316 8.10055e-06 6.31843e-05 -9.72066e-06 8.10055e-06 0.00942904 -0.018513 8.10055e-06 6.31843e-05 -0.018513 0.0833644 
0.0101623 -0.0187554 -1.53394e-06 2.60769e-05 -0.0187554 0.0895343 2.76108e-05 -4.14163e-05 -1.53394e-06 2.76108e-05 0.00941376 -0.0179516 2.60769e-05 -4.14163e-05 -0.0179516 0.0872104 
0.0103986 -0.0187417 -5.83535e-06 2.91768e-06 -0.0187417 0.0903094 2.91768e-06 -2.62591e-05 -5.83535e-06 2.91768e-06 0.00954518 -0.0178197 2.91768e-06 -2.62591e-05 -0.0178197 0.088232 
0.0105676 -0.0189655 -4.65222e-05 1.83269e-05 -0.0189655 0.091082 2.11464e-05 -5.21612e-05 -4.65222e-05 2.11464e-05 0.00961599 -0.0178518 1.83269e-05 -5.21612e-05 -0.0178518 0.0885585 
0.0106211 -0.0191193 -4.97539e-05 6.49565e-05 -0.0191193 0.0916398 6.35745e-05 -0.000135441 -4.97539e-05 6.35745e-05 0.00963568 -0.017852 6.49565e-05 -0.000135441 -0.017852 0.0885938 
0.0106484 -0.019138 -2.45481e-05 6.13702e-05 -0.019138 0.0918248 5.45513e-05 -0.000152744 -2.45481e-05 5.45513e-05 0.00962694 -0.0178737 6.13702e-05 -0.000152744 -0.0178737 0.0886145 
0.010636 -0.0191427 -2.29982e-05 3.92323e-05 -0.0191427 0.0918428 3.65266e-05 -0.000123108 -2.29982e-05 3.65266e-05 0.00964709 -0.0178859 3.92323e-05 -0.000123108 -0.0178859 0.0886555 
0.0106138 -0.0191209 -3.91655e-05 2.70107e-05 -0.0191209 0.0917931 2.43096e-05 -7.96815e-05 -3.91655e-05 2.43096e-05 0.00967117 -0.0179283 2.70107e-05 -7.96815e-05 -0.0179283 0.0887517 
0.0105995 -0.0190977 -5.79207e-05 5.52267e-05 -0.0190977 0.091733 5.65737e-05 -0.00012527 -5.79207e-05 5.65737e-05 0.00968488 -0.0179635 5.52267e-05 -0.00012527 -0.0179635 0.0888639 
0.0105802 -0.0190816 -5.79331e-05 6.60168e-05 -0.0190816 0.0916718 6.73641e-05 -0.000156285 -5.79331e-05 6.73641e-05 0.00969639 -0.0179808 6.60168e-05 -0.000156285 -0.0179808 0.0889395 
0.0105539 -0.0190675 -4.44402e-05 5.52136e-05 -0.0190675 0.0916491 5.65602e-05 -0.000136014 -4.44402e-05 5.65602e-05 0.0097122 -0.0179875 5.52136e-05 -0.000136014 -0.0179875 0.0889747 
0.0105442 -0.0190365 -4.70602e-05 5.24385e-05 -0.0190365 0.0916047 5.37831e-05 -0.000130424 -4.70602e-05 5.37831e-05 0.00973205 -0.0180173 5.24385e-05 -0.000130424 -0.0180173 0.0890514 
0.0105403 -0.0190443 -5.64157e-05 5.64157e-05 -0.0190443 0.091615 5.77589e-05 -0.000138353 -5.64157e-05 5.77589e-05 0.0097317 -0.0180141 5.64157e-05 -0.000138353 -0.0180141 0.0890414 
0.0105225 -0.0190356 -4.1724e-05 5.65293e-05 -0.0190356 0.0915991 5.78753e-05 -0.000127864 -4.1724e-05 5.78753e-05 0.00971093 -0.0180006 5.65293e-05 -0.000127864 -0.0180006 0.0889933 
0.0105078 -0.0190028 -2.42985e-05 4.45473e-05 -0.0190028 0.0915325 4.8597e-05 -0.000117443 -2.42985e-05 4.8597e-05 0.00967486 -0.0179823 4.45473e-05 -0.000117443 -0.0179823 0.0889528 
0.0104893 -0.0189657 -2.02366e-05 2.5633e-05 -0.0189657 0.0914208 2.5633e-05 -7.6899e-05 -2.02366e-05 2.5633e-05 0.00968118 -0.0179755 2.5633e-05 -7.6899e-05 -0.0179755 0.0889681 
0.010482 -0.0189576 -3.09084e-05 2.95646e-05 -0.0189576 0.0913948 2.68769e-05 -7.52553e-05 -3.09084e-05 2.68769e-05 0.00969315 -0.0179618 2.95646e-05 -7.52553e-05 -0.0179618 0.0889289 
0.0104622 -0.0189415 -4.4303e-05 3.89329e-05 -0.0189415 0.0913487 3.49054e-05 -7.92083e-05 -4.4303e-05 3.49054e-05 0.00972115 -0.0179883 3.89329e-05 -7.92083e-05 -0.0179883 0.0889684 
0.0104381 -0.0189162 -5.11869e-05 6.0616e-05 -0.0189162 0.0912783 5.6575e-05 -0.000129314 -5.11869e-05 5.6575e-05 0.00971877 -0.0180178 6.0616e-05 -0.000129314 -0.0180178 0.0890288 
0.0104397 -0.0188992 -6.20929e-05 8.23405e-05 -0.0188992 0.0912373 7.8291e-05 -0.000194378 -6.20929e-05 7.8291e-05 0.00969188 -0.0180042 8.23405e-05 -0.000194378 -0.0180042 0.0890236 
0.0104424 -0.0188922 -7.2948e-05 8.91587e-05 -0.0188922 0.0912094 8.5106e-05 -0.000218844 -7.2948e-05 8.5106e-05 0.00966156 -0.0179668 8.91587e-05 -0.000218844 -0.0179668 0.0889493 
0.0104434 -0.0188742 -8.23376e-05 0.000110683 -0.0188742 0.0911478 0.000107984 -0.000284807 -8.23376e-05 0.000107984 0.0096443 -0.017951 0.000110683 -0.000284807 -0.017951 0.0889111 
0.0104579 -0.018892 -6.34139e-05 9.98432e-05 -0.018892 0.091173 9.8494e-05 -0.000261751 -6.34139e-05 9.8494e-05 0.00963622 -0.0179192 9.98432e-05 -0.000261751 -0.0179192 0.0888443 
0.0104554 -0.0189167 -4.06403e-05 6.09604e-05 -0.0189167 0.0912455 6.36698e-05 -0.000176108 -4.06403e-05 6.36698e-05 0.00961278 -0.017879 6.09604e-05 -0.000176108 -0.017879 0.0887258 
0.0104472 -0.018923 -4.07033e-06 2.30652e-05 -0.018923 0.0912921 2.03516e-05 -6.37685e-05 -4.07033e-06 2.03516e-05 0.00961005 -0.017862 2.30652e-05 -6.37685e-05 -0.017862 0.0886586 
0.0104573 -0.0189098 2.30277e-05 -1.08366e-05 -0.0189098 0.09129 -1.8964e-05 3.38643e-05 2.30277e-05 -1.8964e-05 0.00961475 -0.0178614 -1.08366e-05 3.38643e-05 -0.0178614 0.088635 
0.0104532 -0.0189242 1.7614e-05 -2.98083e-05 -0.0189242 0.0912906 -2.98083e-05 6.9101e-05 1.7614e-05 -2.98083e-05 0.00960911 -0.0178484 -2.98083e-05 6.9101e-05 -0.0178484 0.0885875 
0.0104412 -0.0189117 -1.6253e-05 -1.48985e-05 -0.0189117 0.0912753 -1.08353e-05 5.28221e-05 -1.6253e-05 -1.08353e-05 0.00961498 -0.0178566 -1.48985e-05 5.28221e-05 -0.0178566 0.0885935 
0.0104246 -0.0188859 -6.23253e-05 3.9292e-05 -0.0188859 0.0912158 4.33567e-05 -6.50351e-05 -6.23253e-05 4.33567e-05 0.00963332 -0.0178765 3.9292e-05 -6.50351e-05 -0.0178765 0.0886577 
0.010434 -0.0188702 -9.75137e-05 8.26158e-05 -0.0188702 0.0911753 8.66788e-05 -0.000169295 -9.75137e-05 8.66788e-05 0.00963083 -0.0178978 8.26158e-05 -0.000169295 -0.0178978 0.0887049 
0.0104531 -0.0188783 -0.000103093 0.000120728 -0.0188783 0.0911698 0.000124797 -0.000265872 -0.000103093 0.000124797 0.0096026 -0.0178894 0.000120728 -0.000265872 -0.0178894 0.0887023 
0.0104512 -0.0188897 -8.83965e-05 0.000131915 -0.0188897 0.091179 0.000130555 -0.000319587 -8.83965e-05 0.000130555 0.00958762 -0.0178615 0.000131915 -0.000319587 -0.0178615 0.0886699 
0.0104582 -0.0188894 -7.59809e-05 0.000108544 -0.0188894 0.0911825 0.000107187 -0.000302567 -7.59809e-05 0.000107187 0.00960209 -0.0178623 0.000108544 -0.000302567 -0.0178623 0.0886738 
0.0104852 -0.0189244 -7.15758e-05 9.4534e-05 -0.0189244 0.0912659 9.31836e-05 -0.000264695 -7.15758e-05 9.31836e-05 0.00961141 -0.0178534 9.4534e-05 -0.000264695 -0.0178534 0.0886324 
0.0105044 -0.0189446 -5.66275e-05 8.22447e-05 -0.0189446 0.091324 8.22447e-05 -0.000214376 -5.66275e-05 8.22447e-05 0.00962533 -0.0178835 8.22447e-05 -0.000214376 -0.0178835 0.08868 
0.0105103 -0.0189757 -6.06986e-05 6.6094e-05 -0.0189757 0.0914067 6.6094e-05 -0.000187491 -6.06986e-05 6.6094e-05 0.00963219 -0.0178899 6.6094e-05 -0.000187491 -0.0178899 0.0886982 
0.0104877 -0.0189894 -4.18804e-05 5.13373e-05 -0.0189894 0.0914654 5.13373e-05 -0.000128343 -4.18804e-05 5.13373e-05 0.00963925 -0.0178829 5.13373e-05 -0.000128343 -0.0178829 0.0886797 
0.0104658 -0.0189848 -2.98057e-05 3.25153e-05 -0.0189848 0.0914871 3.11605e-05 -7.18045e-05 -2.98057e-05 3.11605e-05 0.00961503 -0.0178495 3.25153e-05 -7.18045e-05 -0.0178495 0.0885797 
0.0104177 -0.0189213 -2.17517e-05 2.71897e-05 -0.0189213 0.0913667 2.99086e-05 -5.70983e-05 -2.17517e-05 2.99086e-05 0.00962378 -0.0178582 2.71897e-05 -5.70983e-05 -0.0178582 0.0885825 
0.0103993 -0.0188533 -3.12456e-05 3.53211e-05 -0.0188533 0.0912045 3.26041e-05 -7.33592e-05 -3.12456e-05 3.26041e-05 0.00963723 -0.0178888 3.53211e-05 -7.33592e-05 -0.0178888 0.0886627 
0.0103848 -0.018822 -5.03917e-05 5.58394e-05 -0.018822 0.0910632 5.31156e-05 -0.000119851 -5.03917e-05 5.31156e-05 0.00963979 -0.0179027 5.58394e-05 -0.000119851 -0.0179027 0.0887112 
0.0103978 -0.0188092 -5.03428e-05 6.3949e-05 -0.0188092 0.0910062 6.25884e-05 -0.000146947 -5.03428e-05 6.25884e-05 0.00963316 -0.0179112 6.3949e-05 -0.000146947 -0.0179112 0.0887476 
0.0104258 -0.0188304 -7.18459e-05 7.18459e-05 -0.0188304 0.091022 6.91347e-05 -0.000178937 -7.18459e-05 6.91347e-05 0.00963142 -0.0178991 7.18459e-05 -0.000178937 -0.0178991 0.0887405 
0.0104187 -0.0188749 -7.87134e-05 9.4999e-05 -0.0188749 0.091104 9.63561e-05 -0.000222569 -7.87134e-05 9.63561e-05 0.00962747 -0.0178652 9.4999e-05 -0.000222569 -0.0178652 0.0886463 
0.0104073 -0.018868 -8.14447e-05 0.000112665 -0.018868 0.0911475 0.000118095 -0.000286414 -8.14447e-05 0.000118095 0.00963898 -0.0178717 0.000112665 -0.000286414 -0.0178717 0.0886227 
0.0103976 -0.0188498 -7.34143e-05 0.000111481 -0.0188498 0.0911125 0.000120998 -0.000303174 -7.34143e-05 0.000120998 0.00962542 -0.0178791 0.000111481 -0.000303174 -0.0178791 0.088626 
0.010393 -0.0188367 -6.39779e-05 9.66474e-05 -0.0188367 0.0910745 0.000103454 -0.000285859 -6.39779e-05 0.000103454 0.00961438 -0.0178689 9.66474e-05 -0.000285859 -0.0178689 0.0886189 
0.0104021 -0.0188241 -3.94636e-05 7.34839e-05 -0.0188241 0.0910288 7.48447e-05 -0.000209565 -3.94636e-05 7.48447e-05 0.00959373 -0.0178607 7.34839e-05 -0.000209565 -0.0178607 0.088612 
0.0104211 -0.0188256 -2.44277e-05 3.66416e-05 -0.0188256 0.091011 4.07129e-05 -0.00012621 -2.44277e-05 4.07129e-05 0.0095906 -0.017854 3.66416e-05 -0.00012621 -0.017854 0.0886184 
0.0104282 -0.0188412 -2.85369e-05 2.31013e-05 -0.0188412 0.0910192 1.76657e-05 -6.11505e-05 -2.85369e-05 1.76657e-05 0.00959384 -0.0178573 2.31013e-05 -6.11505e-05 -0.0178573 0.0886357 
0.0104372 -0.0188777 -5.69748e-05 2.84874e-05 -0.0188777 0.0911339 2.98439e-05 -5.01921e-05 -5.69748e-05 2.98439e-05 0.00960975 -0.0178426 2.84874e-05 -5.01921e-05 -0.0178426 0.0885945 
0.0104387 -0.0189053 -4.33143e-05 4.87286e-05 -0.0189053 0.091228 4.60214e-05 -7.30929e-05 -4.33143e-05 4.60214e-05 0.00962931 -0.0178441 4.87286e-05 -7.30929e-05 -0.0178441 0.0885683 
0.0104424 -0.0188865 -3.51276e-05 5.26915e-05 -0.0188865 0.0912292 4.72872e-05 -0.000109436 -3.51276e-05 4.72872e-05 0.00965199 -0.0178935 5.26915e-05 -0.000109436 -0.0178935 0.0886635 
0.0104494 -0.0189052 -4.18138e-05 4.99068e-05 -0.0189052 0.091262 4.8558e-05 -0.000122744 -4.18138e-05 4.8558e-05 0.00966573 -0.0179125 4.99068e-05 -0.000122744 -0.0179125 0.0887262 
0.0104461 -0.0189108 -4.30158e-05 5.24255e-05 -0.0189108 0.0912808 4.83928e-05 -0.000127703 -4.30158e-05 4.83928e-05 0.00970678 -0.0179551 5.24255e-05 -0.000127703 -0.0179551 0.0888437 
0.0104829 -0.018929 -4.82713e-05 5.22939e-05 -0.018929 0.0913413 5.22939e-05 -0.000131405 -4.82713e-05 5.22939e-05 0.00971057 -0.0179918 5.22939e-05 -0.000131405 -0.0179918 0.0889318 
0.010502 -0.0189858 -6.57969e-05 6.04257e-05 -0.0189858 0.091459 5.63973e-05 -0.000136965 -6.57969e-05 5.63973e-05 0.00969363 -0.0179706 6.04257e-05 -0.000136965 -0.0179706 0.0889144 
0.0104818 -0.0189781 -7.96323e-05 7.82826e-05 -0.0189781 0.0914679 8.0982e-05 -0.000175461 -7.96323e-05 8.0982e-05 0.0096787 -0.0179713 7.82826e-05 -0.000175461 -0.0179713 0.0889223 
0.0104636 -0.0189401 -9.86747e-05 0.000109488 -0.0189401 0.0913849 0.000109488 -0.000254121 -9.86747e-05 0.000109488 0.00967687 -0.017975 0.000109488 -0.000254121 -0.017975 0.0889572 
0.0104402 -0.018907 -0.000102939 0.000130029 -0.018907 0.0912802 0.000124611 -0.000303401 -0.000102939 0.000124611 0.00968308 -0.0179738 0.000130029 -0.000303401 -0.0179738 0.0889763 
0.0104387 -0.0188796 -0.000103071 0.000139688 -0.0188796 0.0911989 0.000139688 -0.000349899 -0.000103071 0.000139688 0.00967241 -0.0179791 0.000139688 -0.000349899 -0.0179791 0.0889829 
0.010455 -0.018884 -9.91321e-05 0.000137155 -0.018884 0.0911771 0.000135797 -0.000365295 -9.91321e-05 0.000135797 0.00964569 -0.0179497 0.000137155 -0.000365295 -0.0179497 0.0889229 
0.0104799 -0.0189169 -9.07644e-05 0.000117858 -0.0189169 0.0912439 0.000115149 -0.000316998 -9.07644e-05 0.000115149 0.00964541 -0.0179226 0.000117858 -0.000316998 -0.0179226 0.0888556 
0.0105109 -0.0189474 -0.00010925 0.00012004 -0.0189474 0.0913191 0.000115993 -0.000308866 -0.00010925 0.000115993 0.00964363 -0.0179102 0.00012004 -0.000308866 -0.0179102 0.0888023 
0.010525 -0.0189708 -0.000123571 0.000145061 -0.0189708 0.091378 0.000137002 -0.000349222 -0.000123571 0.000137002 0.00966808 -0.0179299 0.000145061 -0.000349222 -0.0179299 0.0888367 
0.0105457 -0.0189994 -0.000111304 0.000154216 -0.0189994 0.0914554 0.000152875 -0.000376823 -0.000111304 0.000152875 0.00967939 -0.0179655 0.000154216 -0.000376823 -0.0179655 0.0889128 
0.0105585 -0.0190301 -9.54125e-05 0.000130352 -0.0190301 0.0915356 0.000127665 -0.000338647 -9.54125e-05 0.000127665 0.00967295 -0.0179765 0.000130352 -0.000338647 -0.0179765 0.0889594 
0.0105527 -0.0190413 -9.16808e-05 0.000117297 -0.0190413 0.0915797 0.00012269 -0.000314141 -9.16808e-05 0.00012269 0.00967097 -0.0179775 0.000117297 -0.000314141 -0.0179775 0.0889829 
0.0105511 -0.019051 -9.33011e-05 0.000112232 -0.019051 0.0916285 0.000118993 -0.000301538 -9.33011e-05 0.000118993 0.00963841 -0.0179341 0.000112232 -0.000301538 -0.0179341 0.0888767 
0.0105031 -0.0190424 -9.48664e-05 9.62216e-05 -0.0190424 0.091626 0.000101643 -0.000250718 -9.48664e-05 0.000101643 0.00964655 -0.0178864 9.62216e-05 -0.000250718 -0.0178864 0.0887475 
0.0104574 -0.0189908 -0.000113888 0.000108465 -0.0189908 0.0915484 0.000115244 -0.000253537 -0.000113888 0.000115244 0.00965609 -0.0178818 0.000108465 -0.000253537 -0.0178818 0.0886605 
0.0104011 -0.0189207 -0.000115387 0.000139822 -0.0189207 0.0913741 0.000137107 -0.000301363 -0.000115387 0.000137107 0.00968299 -0.0178985 0.000139822 -0.000301363 -0.0178985 0.088674 
0.0103614 -0.0188289 -9.34066e-05 0.00014214 -0.0188289 0.0911432 0.000132664 -0.000324892 -9.34066e-05 0.000132664 0.00971428 -0.0179571 0.00014214 -0.000324892 -0.0179571 0.0887999 
0.0103563 -0.0187857 -8.9501e-05 0.000131539 -0.0187857 0.0909656 0.000122047 -0.00032817 -8.9501e-05 0.000122047 0.00969865 -0.017987 0.000131539 -0.00032817 -0.017987 0.0888921 
0.0103512 -0.0187534 -8.85299e-05 0.000121218 -0.0187534 0.0908399 0.000114408 -0.000311898 -8.85299e-05 0.000114408 0.00966883 -0.0179825 0.000121218 -0.000311898 -0.0179825 0.0889453 
0.0103506 -0.0187541 -8.86299e-05 0.00011181 -0.0187541 0.0908088 0.000110446 -0.000286343 -8.86299e-05 0.000110446 0.0096552 -0.017951 0.00011181 -0.000286343 -0.017951 0.0889121 
0.0103598 -0.018769 -7.36092e-05 0.000104961 -0.018769 0.0908433 0.000100872 -0.000250817 -7.36092e-05 0.000100872 0.00962917 -0.017902 0.000104961 -0.000250817 -0.017902 0.0887822 
0.0103657 -0.0187926 -5.31018e-05 8.71415e-05 -0.0187926 0.0909049 8.44183e-05 -0.000211046 -5.31018e-05 8.44183e-05 0.00962913 -0.0178763 8.71415e-05 -0.000211046 -0.0178763 0.0886855 
0.0103861 -0.0188112 -4.34282e-05 6.24281e-05 -0.0188112 0.0909753 5.83567e-05 -0.00015607 -4.34282e-05 5.83567e-05 0.00962885 -0.0178694 6.24281e-05 -0.00015607 -0.0178694 0.0886289 
0.0103835 -0.0188349 -3.12511e-05 4.34798e-05 -0.0188349 0.0910372 4.61973e-05 -0.000114134 -3.12511e-05 4.61973e-05 0.00963757 -0.0178675 4.34798e-05 -0.000114134 -0.0178675 0.088605 
0.0103602 -0.0188271 -4.35245e-05 5.03252e-05 -0.0188271 0.0910492 4.62448e-05 -0.000126493 -4.35245e-05 4.62448e-05 0.00965292 -0.0178763 5.03252e-05 -0.000126493 -0.0178763 0.0886105 
0.0103351 -0.0187802 -5.69878e-05 7.05563e-05 -0.0187802 0.0909634 7.19132e-05 -0.000173677 -5.69878e-05 7.19132e-05 0.00968114 -0.0179104 7.05563e-05 -0.000173677 -0.0179104 0.088692 
0.0103088 -0.0187552 -7.60694e-05 7.87861e-05 -0.0187552 0.0908798 8.01445e-05 -0.000201041 -7.60694e-05 8.01445e-05 0.00968255 -0.0179211 7.87861e-05 -0.000201041 -0.0179211 0.0887214 
0.0102756 -0.0187019 -9.64018e-05 8.82551e-05 -0.0187019 0.0907494 8.82551e-05 -0.000209097 -9.64018e-05 8.82551e-05 0.00970535 -0.0179525 8.82551e-05 -0.000209097 -0.0179525 0.0888078 
0.0103013 -0.0186778 -0.000114096 0.000108663 -0.0186778 0.0906657 0.000108663 -0.000244492 -0.000114096 0.000108663 0.0096615 -0.0179566 0.000108663 -0.000244492 -0.0179566 0.0888252 
0.010311 -0.0187118 -9.93933e-05 0.000147048 -0.0187118 0.0906943 0.000151132 -0.000339026 -9.93933e-05 0.000151132 0.00962617 -0.0178962 0.000147048 -0.000339026 -0.0178962 0.0887391 
0.0102953 -0.0187032 -9.01423e-05 0.00012975 -0.0187032 0.0906845 0.000128384 -0.000349643 -9.01423e-05 0.000128384 0.00962337 -0.0178864 0.00012975 -0.000349643 -0.0178864 0.0886986 
0.010291 -0.0186976 -7.66352e-05 0.000116321 -0.0186976 0.0906772 0.000114953 -0.000313383 -7.66352e-05 0.000114953 0.00961361 -0.0178642 0.000116321 -0.000313383 -0.0178642 0.0886395 
0.0102942 -0.0186851 -5.88398e-05 8.75755e-05 -0.0186851 0.0906516 8.89439e-05 -0.000246306 -5.88398e-05 8.89439e-05 0.00960731 -0.0178545 8.75755e-05 -0.000246306 -0.0178545 0.0886004 
0.0102866 -0.0186825 -4.24728e-05 5.75438e-05 -0.0186825 0.0906328 5.61737e-05 -0.000160301 -4.24728e-05 5.61737e-05 0.00960707 -0.0178468 5.75438e-05 -0.000160301 -0.0178468 0.0885654 
0.0102979 -0.0186879 -3.14336e-05 3.55336e-05 -0.0186879 0.0906544 3.55336e-05 -9.56674e-05 -3.14336e-05 3.55336e-05 0.00960227 -0.017831 3.55336e-05 -9.56674e-05 -0.017831 0.0885183 
0.0102948 -0.018692 -3.27642e-05 3.54945e-05 -0.018692 0.0906531 3.41294e-05 -7.50846e-05 -3.27642e-05 3.41294e-05 0.00961902 -0.0178428 3.54945e-05 -7.50846e-05 -0.0178428 0.0885316 
0.0102842 -0.0186915 -4.50464e-05 3.68561e-05 -0.0186915 0.0906525 4.09513e-05 -8.59977e-05 -4.50464e-05 4.09513e-05 0.00963447 -0.0178534 3.68561e-05 -8.59977e-05 -0.0178534 0.0885407 
0.0102816 -0.0186741 -7.07198e-05 7.61598e-05 -0.0186741 0.0906315 7.47998e-05 -0.00016728 -7.07198e-05 7.47998e-05 0.0096587 -0.0178853 7.61598e-05 -0.00016728 -0.0178853 0.0886187 
0.010289 -0.0186821 -9.21567e-05 0.00011113 -0.0186821 0.0906469 0.000115196 -0.000275115 -9.21567e-05 0.000115196 0.00967374 -0.0179041 0.00011113 -0.000275115 -0.0179041 0.0886628 
0.010296 -0.0187001 -0.000113753 0.000127295 -0.0187001 0.0906933 0.000127295 -0.000330424 -0.000113753 0.000127295 0.00968251 -0.0179255 0.000127295 -0.000330424 -0.0179255 0.0887202 
0.0103087 -0.0187101 -0.000109796 0.000140973 -0.0187101 0.090723 0.000138262 -0.000345655 -0.000109796 0.000138262 0.00967428 -0.0179443 0.000140973 -0.000345655 -0.0179443 0.0887792 
0.0103158 -0.0187176 -9.08817e-05 0.000134288 -0.0187176 0.090742 0.000131575 -0.000341824 -9.08817e-05 0.000131575 0.00966873 -0.0179457 0.000134288 -0.000341824 -0.0179457 0.0888267 
0.0103329 -0.0187328 -7.8732e-05 0.000109953 -0.0187328 0.090774 0.000101809 -0.000290494 -7.8732e-05 0.000101809 0.00965418 -0.0179346 0.000109953 -0.000290494 -0.0179346 0.088807 
0.0103304 -0.0187533 -7.07006e-05 9.78931e-05 -0.0187533 0.0908326 9.24546e-05 -0.000251531 -7.07006e-05 9.24546e-05 0.00965063 -0.0179076 9.78931e-05 -0.000251531 -0.0179076 0.0887537 
0.0103213 -0.0187574 -8.03693e-05 9.39912e-05 -0.0187574 0.0908623 9.80778e-05 -0.000245195 -8.03693e-05 9.80778e-05 0.00963887 -0.0178788 9.39912e-05 -0.000245195 -0.0178788 0.0886637 
0.010334 -0.0187536 -0.000100687 9.52442e-05 -0.0187536 0.0908766 0.000102047 -0.000242192 -0.000100687 0.000102047 0.00962919 -0.0178746 9.52442e-05 -0.000242192 -0.0178746 0.0886288 
0.0103381 -0.0187691 -0.000114098 0.000130397 -0.0187691 0.0908991 0.00014398 -0.00032056 -0.000114098 0.00014398 0.00962766 -0.0178495 0.000130397 -0.00032056 -0.0178495 0.0885682 
0.0103231 -0.0187606 -0.000124899 0.000150693 -0.0187606 0.0908842 0.000156123 -0.000381484 -0.000124899 0.000156123 0.00965657 -0.0178741 0.000150693 -0.000381484 -0.0178741 0.088617 
0.0103226 -0.0187318 -0.000141331 0.000158998 -0.0187318 0.0908177 0.00015628 -0.000402251 -0.000141331 0.00015628 0.0096649 -0.0179301 0.000158998 -0.000402251 -0.0179301 0.0887344 
0.010342 -0.0187519 -0.000133059 0.000169719 -0.0187519 0.090828 0.000165645 -0.000416829 -0.000133059 0.000165645 0.00965088 -0.0179169 0.000169719 -0.000416829 -0.0179169 0.0887479 
0.0103534 -0.0187711 -0.000123174 0.000166488 -0.0187711 0.090886 0.000155659 -0.000411481 -0.000123174 0.000155659 0.00966034 -0.0179049 0.000166488 -0.000411481 -0.0179049 0.0887338 
0.0103552 -0.0187759 -0.000101243 0.00014714 -0.0187759 0.0909016 0.000137691 -0.000371225 -0.000101243 0.000137691 0.00968426 -0.0179322 0.00014714 -0.000371225 -0.0179322 0.088793 
0.0103447 -0.0187785 -7.97304e-05 0.000133785 -0.0187785 0.0909115 0.000125677 -0.000340543 -7.97304e-05 0.000125677 0.00970954 -0.0179664 0.000133785 -0.000340543 -0.0179664 0.0888656 
0.0103571 -0.0187654 -6.63136e-05 9.06737e-05 -0.0187654 0.0909024 9.06737e-05 -0.000261194 -6.63136e-05 9.06737e-05 0.00970344 -0.0179994 9.06737e-05 -0.000261194 -0.0179994 0.0889563 
0.0103651 -0.0187902 -7.19046e-05 8.14014e-05 -0.0187902 0.0909376 8.27581e-05 -0.00021707 -7.19046e-05 8.27581e-05 0.00968948 -0.0179816 8.14014e-05 -0.00021707 -0.0179816 0.0889555 
0.0103767 -0.0188233 -8.27963e-05 7.60097e-05 -0.0188233 0.0910284 7.60097e-05 -0.00018188 -8.27963e-05 7.60097e-05 0.00966273 -0.0179261 7.60097e-05 -0.00018188 -0.0179261 0.0888201 
0.0103884 -0.0188244 -7.71715e-05 7.71715e-05 -0.0188244 0.0910474 7.71715e-05 -0.000157051 -7.71715e-05 7.71715e-05 0.00964508 -0.0179038 7.71715e-05 -0.000157051 -0.0179038 0.0887309 
0.0103822 -0.0188219 -7.03419e-05 0.000100102 -0.0188219 0.0910252 0.000100102 -0.000225906 -7.03419e-05 0.000100102 0.00964767 -0.0179007 0.000100102 -0.000225906 -0.0179007 0.0887188 
0.010362 -0.0188119 -6.50508e-05 9.75762e-05 -0.0188119 0.0909979 9.6221e-05 -0.000245296 -6.50508e-05 9.6221e-05 0.00965869 -0.0179052 9.75762e-05 -0.000245296 -0.0179052 0.0887225 
0.0103343 -0.01878 -7.73341e-05 8.54745e-05 -0.01878 0.0909313 9.09014e-05 -0.000237429 -7.73341e-05 9.09014e-05 0.00966947 -0.0179198 8.54745e-05 -0.000237429 -0.0179198 0.0887619 
0.0103151 -0.0187593 -9.08997e-05 9.22564e-05 -0.0187593 0.0908834 9.08997e-05 -0.000223858 -9.08997e-05 9.08997e-05 0.00968828 -0.017933 9.22564e-05 -0.000223858 -0.017933 0.0887819 
0.0103152 -0.0187171 -0.000111428 0.000101916 -0.0187171 0.0907864 0.000104633 -0.000233726 -0.000111428 0.000104633 0.00968606 -0.017967 0.000101916 -0.000233726 -0.017967 0.0888677 
0.0103338 -0.0187194 -0.000139646 0.000143714 -0.0187194 0.0907498 0.000146425 -0.000328101 -0.000139646 0.000146425 0.00968441 -0.0179696 0.000143714 -0.000328101 -0.0179696 0.0889155 
0.0103595 -0.0187318 -0.000145239 0.000185961 -0.0187318 0.0907379 0.000190033 -0.000438433 -0.000145239 0.000190033 0.00965774 -0.0179717 0.000185961 -0.000438433 -0.0179717 0.0889381 
0.0103611 -0.0187641 -0.000127915 0.00018643 -0.0187641 0.0907885 0.000182347 -0.000472198 -0.000127915 0.000182347 0.00964535 -0.0179353 0.00018643 -0.000472198 -0.0179353 0.0888738 
0.0103469 -0.0187924 -0.000117299 0.000156853 -0.0187924 0.0908945 0.000156853 -0.00042555 -0.000117299 0.000156853 0.00962943 -0.0178758 0.000156853 -0.00042555 -0.0178758 0.0887012 
0.0103045 -0.0187781 -0.000111621 0.00014429 -0.0187781 0.0909204 0.000138845 -0.000379782 -0.000111621 0.000138845 0.00965926 -0.0178538 0.00014429 -0.000379782 -0.0178538 0.0885913 
0.0102813 -0.0187451 -0.000111724 0.000138974 -0.0187451 0.0908835 0.000132161 -0.00034471 -0.000111724 0.000132161 0.00967095 -0.0178718 0.000138974 -0.00034471 -0.0178718 0.0885577 
0.0102912 -0.0186997 -0.000113315 0.00014062 -0.0186997 0.0907719 0.000133793 -0.00034131 -0.000113315 0.000133793 0.00964131 -0.0178955 0.00014062 -0.00034131 -0.0178955 0.0886067 
0.0102906 -0.0186992 -0.00010782 0.000146034 -0.0186992 0.090716 0.00013921 -0.00035485 -0.00010782 0.00013921 0.00962599 -0.0178694 0.000146034 -0.00035485 -0.0178694 0.0885938 
0.01028 -0.0186865 -0.000128449 0.000140747 -0.0186865 0.0906629 0.000138014 -0.000360749 -0.000128449 0.000138014 0.00962955 -0.0178639 0.000140747 -0.000360749 -0.0178639 0.0885858 
0.0102621 -0.0186569 -0.000120553 0.000149321 -0.0186569 0.0905859 0.000153431 -0.000361659 -0.000120553 0.000153431 0.00961957 -0.017872 0.000149321 -0.000361659 -0.017872 0.0885968 
0.0102504 -0.0186509 -0.000108491 0.000148317 -0.0186509 0.0905532 0.000146944 -0.00037354 -0.000108491 0.000146944 0.00961453 -0.017853 0.000148317 -0.00037354 -0.017853 0.0885605 
0.0102367 -0.0186424 -0.000105689 0.000144121 -0.0186424 0.0905382 0.000148239 -0.000381578 -0.000105689 0.000148239 0.00962043 -0.0178326 0.000144121 -0.000381578 -0.0178326 0.0885123 
0.0102462 -0.0186192 -8.7504e-05 0.000131256 -0.0186192 0.0904956 0.000136725 -0.000352751 -8.7504e-05 0.000136725 0.00963365 -0.0178577 0.000131256 -0.000352751 -0.0178577 0.08855 
0.0102736 -0.0186322 -9.3841e-05 0.000114241 -0.0186322 0.0904954 0.000118321 -0.000322324 -9.3841e-05 0.000118321 0.00964931 -0.0178828 0.000114241 -0.000322324 -0.0178828 0.0886036 
0.0102981 -0.018675 -0.000110133 0.000114212 -0.018675 0.0905904 0.00012101 -0.000301846 -0.000110133 0.00012101 0.00964683 -0.0178878 0.000114212 -0.000301846 -0.0178878 0.0886325 
0.0102996 -0.0187041 -0.00012082 0.000141183 -0.0187041 0.0906709 0.000149328 -0.000346171 -0.00012082 0.000149328 0.00966698 -0.0178991 0.000141183 -0.000346171 -0.0178991 0.0886808 
0.0103053 -0.0187045 -0.000112604 0.000146521 -0.0187045 0.0907062 0.000147878 -0.00036766 -0.000112604 0.000147878 0.00968262 -0.017938 0.000146521 -0.00036766 -0.017938 0.0887648 
0.0103032 -0.0187094 -0.000130265 0.000149262 -0.0187094 0.0907231 0.000150619 -0.000389439 -0.000130265 0.000150619 0.00968713 -0.0179481 0.000149262 -0.000389439 -0.0179481 0.0888139 
0.0103003 -0.0187105 -0.000147572 0.000171942 -0.0187105 0.0907367 0.000169234 -0.000425117 -0.000147572 0.000169234 0.00970863 -0.0179605 0.000171942 -0.000425117 -0.0179605 0.0888615 
0.0103079 -0.0187423 -0.000143598 0.000176111 -0.0187423 0.0908178 0.000173402 -0.00043215 -0.000143598 0.000173402 0.00969424 -0.017943 0.000176111 -0.00043215 -0.017943 0.088798 
0.0103082 -0.0187465 -0.000119673 0.00016183 -0.0187465 0.0908588 0.000153671 -0.000398456 -0.000119673 0.000153671 0.00967581 -0.0179305 0.00016183 -0.000398456 -0.0179305 0.0887631 
0.0102893 -0.018722 -0.000126675 0.00014983 -0.018722 0.0908067 0.00014302 -0.000380024 -0.000126675 0.00014302 0.00968993 -0.0179415 0.00014983 -0.000380024 -0.0179415 0.0887976 
0.0102832 -0.0186854 -0.000162079 0.000170251 -0.0186854 0.0907166 0.000159355 -0.00040724 -0.000162079 0.000159355 0.00970839 -0.0179771 0.000170251 -0.00040724 -0.0179771 0.088886 
0.0103151 -0.0186842 -0.000170103 0.000202763 -0.0186842 0.0906815 0.00019732 -0.000472207 -0.000170103 0.00019732 0.00968909 -0.0179861 0.000202763 -0.000472207 -0.0179861 0.0889301 
0.010336 -0.0187267 -0.00016335 0.000213716 -0.0187267 0.0907423 0.000215077 -0.000526804 -0.00016335 0.000215077 0.00966351 -0.0179494 0.000213716 -0.000526804 -0.0179494 0.0888706 
0.0103513 -0.0187661 -0.000165904 0.000225738 -0.0187661 0.0908376 0.000220298 -0.000572503 -0.000165904 0.000220298 0.00965232 -0.0179081 0.000225738 -0.000572503 -0.0179081 0.0887638 
0.0103665 -0.0187833 -0.000173543 0.000220996 -0.0187833 0.090908 0.000220996 -0.000576216 -0.000173543 0.000220996 0.00964112 -0.0178898 0.000220996 -0.000576216 -0.0178898 0.0886872 
0.0103626 -0.0187941 -0.000182441 0.000212172 -0.0187941 0.0909351 0.000212172 -0.00054597 -0.000182441 0.000212172 0.00965989 -0.0178927 0.000212172 -0.00054597 -0.0178927 0.088685 
0.0103463 -0.018783 -0.0001842 0.00021806 -0.018783 0.0909175 0.000212642 -0.000532283 -0.0001842 0.000212642 0.00966642 -0.0179229 0.00021806 -0.000532283 -0.0179229 0.0887369 
