0.00738868 0 -0.00049943 0 0 0.00998861 0 0 -0.00049943 0 0.00724264 0 0 0 0 0.00998861 
0.0104195 -0.0129386 -0.000607985 0.0007493 -0.0129386 0.0339962 0.0007493 -0.00143287 -0.000607985 0.0007493 0.0102306 -0.0127102 0.0007493 -0.00143287 -0.0127102 0.0335542 
0.0104306 -0.0195294 -0.000441721 0.000786396 -0.0195294 0.0716474 0.000786396 -0.00250308 -0.000441721 0.000786396 0.0103252 -0.0193136 0.000786396 -0.00250308 -0.0193136 0.0709597 
0.00981947 -0.0191459 -0.000329208 0.000533544 -0.0191459 0.0856167 0.000528678 -0.00190551 -0.000329208 0.000528678 0.00977406 -0.0189984 0.000533544 -0.00190551 -0.0189984 0.0850556 
0.00978317 -0.0183778 -0.000342864 0.000415127 -0.0183778 0.0884851 0.000402827 -0.00121309 -0.000342864 0.000402827 0.00976318 -0.0183256 0.000415127 -0.00121309 -0.0183256 0.0882514 
0.00996662 -0.0182768 -0.000407519 0.000433905 -0.0182768 0.0892716 0.00041778 -0.000993877 -0.000407519 0.00041778 0.00991238 -0.0182387 0.000433905 -0.000993877 -0.0182387 0.0891689 
0.0100931 -0.0184044 -0.000456776 0.000543309 -0.0184044 0.0897991 0.000533379 -0.00120861 -0.000456776 0.000533379 0.00999234 -0.0183079 0.000543309 -0.00120861 -0.0183079 0.0896034 
0.0101367 -0.0184658 -0.000446696 0.000588196 -0.0184658 0.0900356 0.000584034 -0.0013928 -0.000446696 0.000584034 0.0100201 -0.0183686 0.000588196 -0.0013928 -0.0183686 0.0898428 
0.0101324 -0.0184848 -0.000420017 0.000565039 -0.0184848 0.0901053 0.000563671 -0.0014338 -0.000420017 0.000563671 0.0100284 -0.0183713 0.000565039 -0.0014338 -0.0183713 0.0898932 
0.0101275 -0.018486 -0.00040293 0.000515534 -0.018486 0.090114 0.000518247 -0.00134039 -0.00040293 0.000518247 0.0100393 -0.0183788 0.000515534 -0.00134039 -0.0183788 0.0898955 
0.0101265 -0.0184734 -0.000401008 0.000498222 -0.0184734 0.0900877 0.000502272 -0.00127863 -0.000401008 0.000502272 0.0100508 -0.0184099 0.000498222 -0.00127863 -0.0184099 0.0899662 
0.0101252 -0.0184935 -0.000399588 0.000499824 -0.0184935 0.0901376 0.000502533 -0.00126378 -0.000399588 0.000502533 0.0100168 -0.0183946 0.000499824 -0.00126378 -0.0183946 0.0899466 
0.0101186 -0.0184878 -0.000391943 0.000488234 -0.0184878 0.0901537 0.00048959 -0.00122058 -0.000391943 0.00048959 0.0100047 -0.0183834 0.000488234 -0.00122058 -0.0183834 0.0899408 
0.010112 -0.0184915 -0.000397798 0.000479259 -0.0184915 0.0901794 0.000480616 -0.00119883 -0.000397798 0.000480616 0.00998976 -0.018349 0.000479259 -0.00119883 -0.018349 0.0898739 
0.0100881 -0.0184806 -0.000392974 0.000481359 -0.0184806 0.0901705 0.000481359 -0.00118708 -0.000392974 0.000481359 0.00998616 -0.0183284 0.000481359 -0.00118708 -0.0183284 0.089802 
0.0100703 -0.0184525 -0.000376804 0.000485628 -0.0184525 0.0901228 0.000486989 -0.00119843 -0.000376804 0.000486989 0.00998055 -0.0183151 0.000485628 -0.00119843 -0.0183151 0.0897433 
0.0100693 -0.0184384 -0.000361989 0.000459604 -0.0184384 0.0900838 0.00046096 -0.00116325 -0.000361989 0.00046096 0.00997843 -0.0183042 0.000459604 -0.00116325 -0.0183042 0.0897191 
0.0100254 -0.0184315 -0.000367545 0.000439427 -0.0184315 0.0900445 0.000439427 -0.00111213 -0.000367545 0.000439427 0.0100241 -0.0183162 0.000439427 -0.00111213 -0.0183162 0.0897367 
0.0100141 -0.0183694 -0.000370892 0.000446973 -0.0183694 0.0899284 0.000446973 -0.00109773 -0.000370892 0.000446973 0.0100304 -0.0183789 0.000446973 -0.00109773 -0.0183789 0.0898592 
0.0100358 -0.0183545 -0.000381142 0.000465237 -0.0183545 0.0898627 0.000462525 -0.001138 -0.000381142 0.000462525 0.0100196 -0.0183911 0.000465237 -0.001138 -0.0183911 0.0899414 
0.0100786 -0.0183731 -0.000396327 0.000482896 -0.0183731 0.0898607 0.000477486 -0.00118357 -0.000396327 0.000477486 0.00999203 -0.0183852 0.000482896 -0.00118357 -0.0183852 0.0899635 
0.0101053 -0.0184318 -0.000419703 0.00051552 -0.0184318 0.0899663 0.000508772 -0.00126856 -0.000419703 0.000508772 0.00996761 -0.0183401 0.00051552 -0.00126856 -0.0183401 0.0898785 
0.0101058 -0.0184861 -0.000424272 0.000530677 -0.0184861 0.0901262 0.000530677 -0.00131861 -0.000424272 0.000530677 0.00997242 -0.0182949 0.000530677 -0.00131861 -0.0182949 0.0897504 
0.0100827 -0.0184778 -0.000395981 0.00051316 -0.0184778 0.0901747 0.000514507 -0.00129974 -0.000395981 0.000514507 0.0100032 -0.0183175 0.00051316 -0.00129974 -0.0183175 0.0897571 
0.0100551 -0.0184474 -0.000393072 0.000486275 -0.0184474 0.0901311 0.000488976 -0.00124405 -0.000393072 0.000488976 0.010024 -0.0183623 0.000486275 -0.00124405 -0.0183623 0.0898514 
0.0100439 -0.0184168 -0.000387607 0.000487897 -0.0184168 0.0900659 0.000491963 -0.00123194 -0.000387607 0.000491963 0.0100222 -0.0183842 0.000487897 -0.00123194 -0.0183842 0.0899209 
0.0100589 -0.018417 -0.000391852 0.000477569 -0.018417 0.0900565 0.000476209 -0.00120549 -0.000391852 0.000476209 0.00999766 -0.0183708 0.000477569 -0.00120549 -0.0183708 0.0899177 
0.0100847 -0.0184161 -0.0003979 0.000471234 -0.0184161 0.090045 0.00047395 -0.00117197 -0.0003979 0.00047395 0.00998282 -0.0183564 0.000471234 -0.00117197 -0.0183564 0.0899119 
0.0100913 -0.0184452 -0.000406252 0.000507815 -0.0184452 0.0900661 0.000511877 -0.00125667 -0.000406252 0.000511877 0.00998567 -0.0183328 0.000507815 -0.00125667 -0.0183328 0.0898453 
0.0101076 -0.0184635 -0.000389119 0.000490806 -0.0184635 0.0901157 0.000493517 -0.00123244 -0.000389119 0.000493517 0.00996525 -0.0183184 0.000490806 -0.00123244 -0.0183184 0.0897808 
0.0101206 -0.0184902 -0.000369207 0.000473725 -0.0184902 0.0901923 0.000473725 -0.00119313 -0.000369207 0.000473725 0.00994414 -0.0182866 0.000473725 -0.00119313 -0.0182866 0.0896982 
0.0101253 -0.0185218 -0.000367652 0.000447399 -0.0185218 0.0902787 0.000444696 -0.00113269 -0.000367652 0.000444696 0.00995768 -0.0182515 0.000447399 -0.00113269 -0.0182515 0.0896191 
0.0101052 -0.0185254 -0.000385129 0.000474317 -0.0185254 0.0903202 0.000468911 -0.00117431 -0.000385129 0.000468911 0.00997146 -0.0182565 0.000474317 -0.00117431 -0.0182565 0.0895634 
0.0100891 -0.0185153 -0.000390693 0.000493436 -0.0185153 0.0903353 0.000483973 -0.00121669 -0.000390693 0.000483973 0.00999715 -0.0182828 0.000493436 -0.00121669 -0.0182828 0.089608 
0.0100899 -0.0184785 -0.000390353 0.000485922 -0.0184785 0.0902711 0.000479192 -0.00121548 -0.000390353 0.000479192 0.0100361 -0.0183493 0.000485922 -0.00121548 -0.0183493 0.0897623 
0.0100885 -0.0184568 -0.000390755 0.000468638 -0.0184568 0.0901892 0.000463266 -0.00116958 -0.000390755 0.000463266 0.0100777 -0.0184219 0.000468638 -0.00116958 -0.0184219 0.0899784 
0.0100853 -0.0184457 -0.000405399 0.000469833 -0.0184457 0.0901234 0.000469833 -0.00115847 -0.000405399 0.000469833 0.0101054 -0.0184832 0.000469833 -0.00115847 -0.0184832 0.0901731 
0.0100904 -0.0184484 -0.000430409 0.00050035 -0.0184484 0.0901115 0.000496315 -0.00121053 -0.000430409 0.000496315 0.0100985 -0.018513 0.00050035 -0.00121053 -0.018513 0.0902837 
0.0101016 -0.0184848 -0.000438322 0.000532441 -0.0184848 0.0901949 0.000527062 -0.0012827 -0.000438322 0.000527062 0.0100908 -0.0184714 0.000532441 -0.0012827 -0.0184714 0.0902325 
0.0100619 -0.0184795 -0.000426533 0.000546286 -0.0184795 0.0902044 0.000540903 -0.00134957 -0.000426533 0.000540903 0.0101144 -0.0184634 0.000546286 -0.00134957 -0.0184634 0.0901869 
0.0100326 -0.0184183 -0.000422185 0.000538185 -0.0184183 0.090094 0.000535487 -0.00135693 -0.000422185 0.000535487 0.0101243 -0.0185114 0.000538185 -0.00135693 -0.0185114 0.0902653 
0.010023 -0.0183961 -0.0004196 0.00052247 -0.0183961 0.0900137 0.000518409 -0.00132242 -0.0004196 0.000518409 0.010111 -0.0185084 0.00052247 -0.00132242 -0.0185084 0.0902871 
0.0100285 -0.0183858 -0.000405918 0.00051724 -0.0183858 0.089978 0.000519955 -0.00129785 -0.000405918 0.000519955 0.0100909 -0.018493 0.00051724 -0.00129785 -0.018493 0.0902604 
0.0100552 -0.0184044 -0.000388462 0.000475391 -0.0184044 0.0900051 0.000480824 -0.00120613 -0.000388462 0.000480824 0.0100715 -0.018456 0.000475391 -0.00120613 -0.018456 0.0901925 
0.0100659 -0.0184193 -0.000391525 0.000474165 -0.0184193 0.0900291 0.000476875 -0.00117999 -0.000391525 0.000476875 0.0100808 -0.0184477 0.000474165 -0.00117999 -0.0184477 0.0901551 
0.0100619 -0.0184338 -0.000401881 0.000477657 -0.0184338 0.090062 0.000480363 -0.00118264 -0.000401881 0.000480363 0.0100957 -0.01845 0.000477657 -0.00118264 -0.01845 0.0901337 
0.0100627 -0.0184423 -0.000405919 0.000495222 -0.0184423 0.0900952 0.000495222 -0.00121776 -0.000405919 0.000495222 0.0100871 -0.0184504 0.000495222 -0.00121776 -0.0184504 0.0901019 
0.0100633 -0.0184226 -0.000413154 0.000499848 -0.0184226 0.0900648 0.000499848 -0.00123811 -0.000413154 0.000499848 0.0100755 -0.0184619 0.000499848 -0.00123811 -0.0184619 0.0901339 
0.0100738 -0.0184288 -0.000405385 0.000501326 -0.0184288 0.0900562 0.000498623 -0.00123102 -0.000405385 0.000498623 0.0100779 -0.0184585 0.000501326 -0.00123102 -0.0184585 0.0901508 
0.01007 -0.0184289 -0.000395406 0.00049392 -0.0184289 0.0900406 0.000492571 -0.00122401 -0.000395406 0.000492571 0.0100997 -0.0184748 0.00049392 -0.00122401 -0.0184748 0.0901999 
0.0100635 -0.0184283 -0.000397617 0.00049364 -0.0184283 0.0900373 0.000492288 -0.00122801 -0.000397617 0.000492288 0.0100919 -0.0184811 0.00049364 -0.00122801 -0.0184811 0.090205 
0.0100803 -0.0184496 -0.000431452 0.000504488 -0.0184496 0.0901112 0.000504488 -0.00125919 -0.000431452 0.000504488 0.0100695 -0.0184469 0.000504488 -0.00125919 -0.0184469 0.0901261 
0.0100746 -0.0184748 -0.000431786 0.000525182 -0.0184748 0.0901864 0.000527889 -0.00128724 -0.000431786 0.000527889 0.0100705 -0.0184179 0.000525182 -0.00128724 -0.0184179 0.0900443 
0.0100679 -0.0184628 -0.000415214 0.000523414 -0.0184628 0.0901881 0.000523414 -0.00129839 -0.000415214 0.000523414 0.0100882 -0.0184358 0.000523414 -0.00129839 -0.0184358 0.0900596 
0.0100396 -0.0184137 -0.000409585 0.000509615 -0.0184137 0.0900613 0.000509615 -0.00127742 -0.000409585 0.000509615 0.010122 -0.0184908 0.000509615 -0.00127742 -0.0184908 0.0901911 
0.0100402 -0.018401 -0.00041514 0.000505447 -0.018401 0.0900167 0.000505447 -0.0012589 -0.00041514 0.000505447 0.0101507 -0.018525 0.000505447 -0.0012589 -0.018525 0.0903051 
0.0100619 -0.0184158 -0.000406459 0.00049798 -0.0184158 0.0900442 0.00049798 -0.00123284 -0.000406459 0.00049798 0.0101696 -0.0185585 0.00049798 -0.00123284 -0.0185585 0.0903901 
0.0100811 -0.0184406 -0.000404754 0.000512688 -0.0184406 0.0900915 0.000514038 -0.00126823 -0.000404754 0.000514038 0.0101499 -0.0185661 0.000512688 -0.00126823 -0.0185661 0.0904126 
0.0100652 -0.0184629 -0.000418935 0.000517587 -0.0184629 0.0901412 0.000518939 -0.00130275 -0.000418935 0.000518939 0.0101355 -0.0185277 0.000517587 -0.00130275 -0.0185277 0.090348 
0.010041 -0.0184576 -0.000434805 0.000526627 -0.0184576 0.0901721 0.000525277 -0.00131792 -0.000434805 0.000525277 0.0101423 -0.0185008 0.000526627 -0.00131792 -0.0185008 0.0902558 
0.0100307 -0.0184416 -0.000463745 0.000538106 -0.0184416 0.0901693 0.000538106 -0.00133715 -0.000463745 0.000538106 0.0101429 -0.0184957 0.000538106 -0.00133715 -0.0184957 0.090199 
0.0100253 -0.0184138 -0.000449117 0.000551926 -0.0184138 0.0901047 0.000551926 -0.00134194 -0.000449117 0.000551926 0.0101498 -0.0185193 0.000551926 -0.00134194 -0.0185193 0.0902413 
0.0100286 -0.018365 -0.000428444 0.000547382 -0.018365 0.0899557 0.000547382 -0.00135426 -0.000428444 0.000547382 0.0101489 -0.0185623 0.000547382 -0.00135426 -0.0185623 0.0903572 
0.0100075 -0.0183412 -0.000420472 0.000539448 -0.0183412 0.0898282 0.000538096 -0.0013547 -0.000420472 0.000538096 0.0101468 -0.0185684 0.000539448 -0.0013547 -0.0185684 0.0904312 
0.0100028 -0.0183552 -0.000407893 0.000510541 -0.0183552 0.0898471 0.000506489 -0.00128446 -0.000407893 0.000506489 0.0101487 -0.0185429 0.000510541 -0.00128446 -0.0185429 0.0903874 
0.0100072 -0.0183612 -0.000398452 0.000497052 -0.0183612 0.0898759 0.000497052 -0.00124938 -0.000398452 0.000497052 0.010145 -0.0185328 0.000497052 -0.00124938 -0.0185328 0.0903325 
0.0100145 -0.0183472 -0.000393837 0.00049904 -0.0183472 0.0898502 0.00049904 -0.00125165 -0.000393837 0.00049904 0.0101386 -0.0185441 0.00049904 -0.00125165 -0.0185441 0.0903641 
0.0100308 -0.0183529 -0.000413348 0.000496825 -0.0183529 0.0898513 0.000500864 -0.00125485 -0.000413348 0.000500864 0.0101331 -0.0185428 0.000496825 -0.00125485 -0.0185428 0.0903791 
0.0100358 -0.0183932 -0.000416923 0.000515419 -0.0183932 0.0899393 0.000511372 -0.00126966 -0.000416923 0.000511372 0.0101208 -0.0185146 0.000515419 -0.00126966 -0.0185146 0.0903185 
0.0100192 -0.0184187 -0.000425431 0.000512941 -0.0184187 0.0900393 0.00051698 -0.00127899 -0.000425431 0.00051698 0.0101525 -0.0185022 0.000512941 -0.00127899 -0.0185022 0.0902722 
0.0100158 -0.018413 -0.000432249 0.000525162 -0.018413 0.0900828 0.000525162 -0.00130213 -0.000432249 0.000525162 0.010176 -0.0185301 0.000525162 -0.00130213 -0.0185301 0.0902821 
0.0100052 -0.0183951 -0.000446528 0.000546055 -0.0183951 0.0900668 0.000546055 -0.00135841 -0.000446528 0.000546055 0.0102029 -0.0185659 0.000546055 -0.00135841 -0.0185659 0.0903654 
0.00999968 -0.018378 -0.000447687 0.000551206 -0.018378 0.0900132 0.000547172 -0.0013686 -0.000447687 0.000547172 0.0102215 -0.0186079 0.000551206 -0.0013686 -0.0186079 0.0904784 
0.00999499 -0.0183459 -0.00044864 0.00053595 -0.0183459 0.0899079 0.000537293 -0.00133383 -0.00044864 0.000537293 0.0102435 -0.0186656 0.00053595 -0.00133383 -0.0186656 0.0906547 
0.00999263 -0.0183517 -0.000453476 0.00054767 -0.0183517 0.0898919 0.000546325 -0.00134832 -0.000453476 0.000546325 0.0102483 -0.018676 0.00054767 -0.00134832 -0.018676 0.0907141 
0.00998773 -0.0183546 -0.000460041 0.000555547 -0.0183546 0.089899 0.000555547 -0.00136264 -0.000460041 0.000555547 0.0102514 -0.0186761 0.000555547 -0.00136264 -0.0186761 0.0907222 
0.00997928 -0.0183394 -0.000433765 0.000564433 -0.0183394 0.0898728 0.00056578 -0.0013902 -0.000433765 0.00056578 0.0102325 -0.0186667 0.000564433 -0.0013902 -0.0186667 0.0906918 
0.00997606 -0.0183317 -0.000409495 0.000528034 -0.0183317 0.0898438 0.00052534 -0.0013376 -0.000409495 0.00052534 0.0102293 -0.0186522 0.000528034 -0.0013376 -0.0186522 0.0906669 
0.00998905 -0.0183308 -0.000400047 0.000487599 -0.0183308 0.0898381 0.000484905 -0.00123112 -0.000400047 0.000484905 0.0102153 -0.0186392 0.000487599 -0.00123112 -0.0186392 0.0906369 
0.0100011 -0.0183519 -0.000376587 0.000486873 -0.0183519 0.089871 0.000486873 -0.00120239 -0.000376587 0.000486873 0.0102042 -0.0186155 0.000486873 -0.00120239 -0.0186155 0.0905704 
0.0100043 -0.0183519 -0.00037516 0.000465252 -0.0183519 0.0898743 0.000461218 -0.00116851 -0.00037516 0.000461218 0.0101992 -0.0186181 0.000465252 -0.00116851 -0.0186181 0.0905641 
0.0100217 -0.0183774 -0.000375763 0.000468694 -0.0183774 0.0899353 0.000466 -0.001165 -0.000375763 0.000466 0.010182 -0.0185996 0.000468694 -0.001165 -0.0185996 0.0905226 
0.0100101 -0.0183805 -0.000379924 0.000468842 -0.0183805 0.0899544 0.000472884 -0.00117211 -0.000379924 0.000472884 0.0101825 -0.0185826 0.000468842 -0.00117211 -0.0185826 0.0904852 
0.00998424 -0.0183684 -0.000372687 0.000475311 -0.0183684 0.0899297 0.000475311 -0.00117883 -0.000372687 0.000475311 0.010176 -0.018575 0.000475311 -0.00117883 -0.018575 0.0904388 
0.00998826 -0.0183276 -0.000379061 0.000481949 -0.0183276 0.0898416 0.000477888 -0.00120352 -0.000379061 0.000477888 0.0101291 -0.0185632 0.000481949 -0.00120352 -0.0185632 0.0903953 
0.00998901 -0.0183012 -0.000386741 0.000477341 -0.0183012 0.089728 0.000475989 -0.00120349 -0.000386741 0.000475989 0.010108 -0.0185365 0.000477341 -0.00120349 -0.0185365 0.0903757 
0.00997928 -0.018325 -0.000387004 0.0004807 -0.018325 0.089751 0.000484774 -0.00120039 -0.000387004 0.000484774 0.0100757 -0.0184662 0.0004807 -0.00120039 -0.0184662 0.0902073 
0.00993674 -0.0183181 -0.000381712 0.000482234 -0.0183181 0.0897689 0.000487668 -0.00121985 -0.000381712 0.000487668 0.0100875 -0.0184254 0.000482234 -0.00121985 -0.0184254 0.0900664 
0.00990985 -0.0182754 -0.000361297 0.000467241 -0.0182754 0.0897116 0.000468599 -0.00118304 -0.000361297 0.000468599 0.0101027 -0.0184329 0.000467241 -0.00118304 -0.0184329 0.0900159 
0.00989051 -0.018225 -0.000338381 0.000441662 -0.018225 0.089584 0.000441662 -0.00112386 -0.000338381 0.000441662 0.0101134 -0.0184655 0.000441662 -0.00112386 -0.0184655 0.0900746 
0.00986545 -0.0182038 -0.000322276 0.000426981 -0.0182038 0.0894961 0.000417463 -0.00107153 -0.000322276 0.000417463 0.0101252 -0.018469 0.000426981 -0.00107153 -0.018469 0.0901094 
0.00984696 -0.0181599 -0.000331538 0.000402194 -0.0181599 0.0893822 0.000388606 -0.00100684 -0.000331538 0.000388606 0.0101418 -0.0185036 0.000402194 -0.00100684 -0.0185036 0.0901893 
0.009842 -0.0181583 -0.000339661 0.000404875 -0.0181583 0.089362 0.000398082 -0.000987733 -0.000339661 0.000398082 0.0101423 -0.0184993 0.000404875 -0.000987733 -0.0184993 0.0901907 
0.00983465 -0.0181336 -0.000343527 0.000426354 -0.0181336 0.0892939 0.00042228 -0.00103194 -0.000343527 0.00042228 0.010151 -0.0185138 0.000426354 -0.00103194 -0.0185138 0.0902389 
0.00982716 -0.0181211 -0.000338446 0.000433591 -0.0181211 0.0892478 0.000433591 -0.00107514 -0.000338446 0.000433591 0.0101479 -0.0185316 0.000433591 -0.00107514 -0.0185316 0.0902848 
0.00984232 -0.0181194 -0.000336954 0.00042391 -0.0181194 0.0892358 0.000427986 -0.00107608 -0.000336954 0.000427986 0.0101399 -0.0185325 0.00042391 -0.00107608 -0.0185325 0.0903146 
0.00984897 -0.0181199 -0.000353539 0.000428039 -0.0181199 0.089211 0.000426685 -0.00108635 -0.000353539 0.000426685 0.0101524 -0.0185411 0.000428039 -0.00108635 -0.0185411 0.0903542 
0.0098529 -0.0181371 -0.000355231 0.000439293 -0.0181371 0.0892497 0.000440649 -0.0011023 -0.000355231 0.000440649 0.0101471 -0.0185371 0.000439293 -0.0011023 -0.0185371 0.0903411 
0.00986298 -0.0181484 -0.000359764 0.000456154 -0.0181484 0.0892949 0.000456154 -0.00114853 -0.000359764 0.000456154 0.0101331 -0.0185299 0.000456154 -0.00114853 -0.0185299 0.0903212 
0.00989847 -0.0181905 -0.000358935 0.000441557 -0.0181905 0.0894086 0.000442912 -0.00112556 -0.000358935 0.000442912 0.010122 -0.0184994 0.000441557 -0.00112556 -0.0184994 0.0902578 
0.00990584 -0.0182117 -0.000350589 0.000441282 -0.0182117 0.0894707 0.000446697 -0.00111268 -0.000350589 0.000446697 0.0101265 -0.0185014 0.000441282 -0.00111268 -0.0185014 0.0902409 
0.00992918 -0.0182347 -0.000341824 0.000417785 -0.0182347 0.0895417 0.000419142 -0.0010621 -0.000341824 0.000419142 0.0101055 -0.0185006 0.000417785 -0.0010621 -0.0185006 0.0902307 
0.00993538 -0.0182647 -0.0003329 0.000407633 -0.0182647 0.0896236 0.000413068 -0.0010218 -0.0003329 0.000413068 0.0101079 -0.018478 0.000407633 -0.0010218 -0.018478 0.090201 
0.00991553 -0.0182806 -0.00035257 0.000421995 -0.0182806 0.0896863 0.000421995 -0.0010509 -0.00035257 0.000421995 0.0101224 -0.0184603 0.000421995 -0.0010509 -0.0184603 0.0901355 
0.00987218 -0.0182342 -0.000342112 0.000438885 -0.0182342 0.0896061 0.000441611 -0.00109312 -0.000342112 0.000441611 0.0101434 -0.0184918 0.000438885 -0.00109312 -0.0184918 0.0901649 
0.00984717 -0.0181731 -0.000338199 0.000427843 -0.0181731 0.0894599 0.000433276 -0.00109202 -0.000338199 0.000433276 0.0101772 -0.0185331 0.000427843 -0.00109202 -0.0185331 0.0902653 
0.00985126 -0.0181738 -0.000349653 0.000407928 -0.0181738 0.0894366 0.000409283 -0.00103676 -0.000349653 0.000409283 0.0101833 -0.0185343 0.000407928 -0.00103676 -0.0185343 0.0902646 
0.00984671 -0.0181612 -0.000360676 0.000436607 -0.0181612 0.0893919 0.000431184 -0.00105762 -0.000360676 0.000431184 0.0101965 -0.0185707 0.000436607 -0.00105762 -0.0185707 0.0903438 
0.00985189 -0.0181482 -0.000371538 0.000464083 -0.0181482 0.0893475 0.000458639 -0.00113095 -0.000371538 0.000458639 0.0101785 -0.0185837 0.000464083 -0.00113095 -0.0185837 0.0903968 
0.00985488 -0.0181264 -0.000379139 0.000467786 -0.0181264 0.0892721 0.000460967 -0.00116333 -0.000379139 0.000460967 0.0101426 -0.0185764 0.000467786 -0.00116333 -0.0185764 0.0904218 
0.00986777 -0.0181501 -0.000382684 0.000468787 -0.0181501 0.0892855 0.000464687 -0.00116992 -0.000382684 0.000464687 0.0101028 -0.0185178 0.000468787 -0.00116992 -0.0185178 0.090312 
0.00987735 -0.0181765 -0.000375435 0.000469635 -0.0181765 0.0893603 0.000469635 -0.00117682 -0.000375435 0.000469635 0.0100835 -0.0184509 0.000469635 -0.00117682 -0.0184509 0.0901412 
0.00986917 -0.0181879 -0.00034394 0.000458587 -0.0181879 0.0894107 0.000462681 -0.00115329 -0.00034394 0.000462681 0.0100848 -0.0184267 0.000458587 -0.00115329 -0.0184267 0.0900331 
0.0098796 -0.0182059 -0.000318036 0.000424503 -0.0182059 0.0894842 0.000427233 -0.00110425 -0.000318036 0.000427233 0.0100816 -0.0184065 0.000424503 -0.00110425 -0.0184065 0.0899401 
0.0098808 -0.0181968 -0.000297146 0.000395287 -0.0181968 0.0894683 0.000389834 -0.00101684 -0.000297146 0.000389834 0.0101003 -0.0184258 0.000395287 -0.00101684 -0.0184258 0.0899727 
0.009861 -0.0181793 -0.000299809 0.000366585 -0.0181793 0.0894195 0.000365222 -0.000940311 -0.000299809 0.000365222 0.0101117 -0.0184533 0.000366585 -0.000940311 -0.0184533 0.09003 
0.00983554 -0.0181434 -0.000307446 0.000368663 -0.0181434 0.0893212 0.000372744 -0.000923698 -0.000307446 0.000372744 0.0101375 -0.0184835 0.000368663 -0.000923698 -0.0184835 0.0901238 
0.00984186 -0.0181098 -0.000327564 0.000388727 -0.0181098 0.0892264 0.000384649 -0.000952789 -0.000327564 0.000384649 0.0101219 -0.0185135 0.000388727 -0.000952789 -0.0185135 0.0902023 
0.00985317 -0.0181204 -0.00033481 0.00041614 -0.0181204 0.0892072 0.000413429 -0.0010207 -0.00033481 0.000413429 0.0101229 -0.0185081 0.00041614 -0.0010207 -0.0185081 0.0902428 
0.00984774 -0.0181495 -0.000336907 0.000418417 -0.0181495 0.0892736 0.000419775 -0.00104061 -0.000336907 0.000419775 0.0101208 -0.0184851 0.000418417 -0.00104061 -0.0184851 0.0901946 
0.00984145 -0.0181631 -0.000329866 0.000421192 -0.0181631 0.0893418 0.000417103 -0.00105366 -0.000329866 0.000417103 0.0101236 -0.0184766 0.000421192 -0.00105366 -0.0184766 0.0901583 
0.00981041 -0.018133 -0.000305467 0.00040638 -0.018133 0.0893096 0.000398198 -0.00101595 -0.000305467 0.000398198 0.0101377 -0.0184862 0.00040638 -0.00101595 -0.0184862 0.0901592 
0.00983678 -0.0181172 -0.00027977 0.000368048 -0.0181172 0.0892821 0.000366689 -0.000945244 -0.00027977 0.000366689 0.0101424 -0.0185056 0.000368048 -0.000945244 -0.0185056 0.0901961 
0.0098517 -0.0181233 -0.000290755 0.000354612 -0.0181233 0.0892523 0.000349178 -0.000904873 -0.000290755 0.000349178 0.0101275 -0.0185159 0.000354612 -0.000904873 -0.0185159 0.0902346 
0.00986032 -0.0181434 -0.000300487 0.00037119 -0.0181434 0.0892854 0.000367111 -0.000924575 -0.000300487 0.000367111 0.0101051 -0.0184888 0.00037119 -0.000924575 -0.0184888 0.0901855 
0.00986172 -0.0181555 -0.000310048 0.000386201 -0.0181555 0.089313 0.000386201 -0.000951903 -0.000310048 0.000386201 0.0100847 -0.0184574 0.000386201 -0.000951903 -0.0184574 0.0901153 
0.0098552 -0.0181606 -0.000323054 0.000389846 -0.0181606 0.0893333 0.000396662 -0.000982794 -0.000323054 0.000396662 0.0100583 -0.0184209 0.000389846 -0.000982794 -0.0184209 0.0900081 
0.00982781 -0.018152 -0.000319271 0.000395678 -0.018152 0.0893276 0.000398406 -0.00098783 -0.000319271 0.000398406 0.0100652 -0.0183949 0.000395678 -0.00098783 -0.0183949 0.0899416 
0.00983422 -0.0181122 -0.00032353 0.000395881 -0.0181122 0.089252 0.000397246 -0.000993797 -0.00032353 0.000397246 0.0100608 -0.0184207 0.000395881 -0.000993797 -0.0184207 0.0899728 
0.0098432 -0.0181048 -0.00032888 0.00038756 -0.0181048 0.0891961 0.00038756 -0.000970264 -0.00032888 0.00038756 0.010052 -0.01842 0.00038756 -0.000970264 -0.01842 0.0900026 
0.00985044 -0.0181243 -0.000345653 0.000416697 -0.0181243 0.0892086 0.000418063 -0.00103013 -0.000345653 0.000418063 0.0100362 -0.0183961 0.000416697 -0.00103013 -0.0183961 0.0899532 
0.00987335 -0.0181641 -0.000353351 0.000422929 -0.0181641 0.0893172 0.000422929 -0.0010505 -0.000353351 0.000422929 0.0100316 -0.0183647 0.000422929 -0.0010505 -0.0183647 0.0898752 
0.00989392 -0.0181773 -0.000349406 0.000444947 -0.0181773 0.0893715 0.000447676 -0.00110418 -0.000349406 0.000447676 0.0100127 -0.0183629 0.000444947 -0.00110418 -0.0183629 0.0898356 
0.00990715 -0.018219 -0.000349181 0.00043271 -0.018219 0.0894683 0.00043271 -0.00110095 -0.000349181 0.00043271 0.00999067 -0.0183258 0.00043271 -0.00110095 -0.0183258 0.0897504 
0.0099044 -0.0182196 -0.000337805 0.000434907 -0.0182196 0.0894979 0.00043354 -0.00109547 -0.000337805 0.00043354 0.00999467 -0.018314 0.000434907 -0.00109547 -0.018314 0.0897099 
0.00991019 -0.0182062 -0.000311101 0.000425717 -0.0182062 0.0894769 0.000425717 -0.00109567 -0.000311101 0.000425717 0.0100002 -0.0183249 0.000425717 -0.00109567 -0.0183249 0.089728 
0.00989609 -0.018197 -0.000302941 0.000399828 -0.018197 0.0894237 0.000403922 -0.00105757 -0.000302941 0.000403922 0.0100107 -0.0183361 0.000399828 -0.00105757 -0.0183361 0.0897512 
0.00986267 -0.0181815 -0.000285538 0.000375708 -0.0181815 0.0893856 0.000379806 -0.00098777 -0.000285538 0.000379806 0.0100321 -0.0183455 0.000375708 -0.00098777 -0.0183455 0.0897777 
0.00986004 -0.0181612 -0.000295105 0.000356585 -0.0181612 0.0893675 0.00036205 -0.000935864 -0.000295105 0.00036205 0.0100308 -0.0183552 0.000356585 -0.000935864 -0.0183552 0.089791 
0.00986376 -0.0181733 -0.000305938 0.00036057 -0.0181733 0.0893816 0.00036057 -0.00090279 -0.000305938 0.00036057 0.0100304 -0.0183426 0.00036057 -0.00090279 -0.0183426 0.0897627 
0.00986313 -0.0181482 -0.000301696 0.000364492 -0.0181482 0.0893129 0.000364492 -0.000892801 -0.000301696 0.000364492 0.0100488 -0.0183857 0.000364492 -0.000892801 -0.0183857 0.0898685 
0.00986674 -0.018147 -0.000317842 0.000381956 -0.018147 0.0892917 0.000381956 -0.000943977 -0.000317842 0.000381956 0.0100564 -0.0184021 0.000381956 -0.000943977 -0.0184021 0.0899451 
0.0098867 -0.0181662 -0.000336939 0.000411663 -0.0181662 0.0893309 0.000410304 -0.00102848 -0.000336939 0.000410304 0.010066 -0.018408 0.000411663 -0.00102848 -0.018408 0.0899653 
0.00990767 -0.018193 -0.000337761 0.000427288 -0.018193 0.0893901 0.000427288 -0.00107297 -0.000337761 0.000427288 0.010065 -0.0184182 0.000427288 -0.00107297 -0.0184182 0.0899978 
0.00991661 -0.0182272 -0.000356732 0.000427265 -0.0182272 0.0894841 0.000434047 -0.00109868 -0.000356732 0.000434047 0.0100658 -0.0184158 0.000427265 -0.00109868 -0.0184158 0.0899955 
0.00991147 -0.0182387 -0.000374992 0.00045787 -0.0182387 0.0895307 0.000460588 -0.00115079 -0.000374992 0.000460588 0.0100609 -0.0184126 0.00045787 -0.00115079 -0.0184126 0.0899831 
0.00992033 -0.0182457 -0.000388553 0.000453765 -0.0182457 0.08959 0.000456482 -0.001148 -0.000388553 0.000456482 0.010063 -0.018406 0.000453765 -0.001148 -0.018406 0.0899745 
0.00992886 -0.0182477 -0.000394713 0.000473384 -0.0182477 0.0896012 0.000477453 -0.00116651 -0.000394713 0.000477453 0.0100645 -0.0184145 0.000473384 -0.00116651 -0.0184145 0.0899959 
0.00993647 -0.0182444 -0.000373939 0.000480972 -0.0182444 0.0895786 0.000486391 -0.00119498 -0.000373939 0.000486391 0.0100733 -0.0184368 0.000480972 -0.00119498 -0.0184368 0.0900569 
0.00992524 -0.018239 -0.000337483 0.000437779 -0.018239 0.0895372 0.0004432 -0.00111816 -0.000337483 0.0004432 0.0100933 -0.0184694 0.000437779 -0.00111816 -0.0184694 0.0901512 
