0.00737 0 -0.000488296 0 0 0.00998821 0 0 -0.000488296 0 0.00723152 0 0 0 0 0.00998821 
0.0103893 -0.012902 -0.000586758 0.000725989 -0.012902 0.0339276 0.000725989 -0.00138899 -0.000586758 0.000725989 0.0102069 -0.0126799 0.000725989 -0.00138899 -0.0126799 0.0335032 
0.0104023 -0.0195086 -0.000443262 0.00081068 -0.0195086 0.0715792 0.00081068 -0.0025871 -0.000443262 0.00081068 0.0102776 -0.019185 0.00081068 -0.0025871 -0.019185 0.070546 
0.00981934 -0.0191317 -0.000391996 0.000562077 -0.0191317 0.085609 0.000558837 -0.00207013 -0.000391996 0.000558837 0.00973673 -0.0188774 0.000562077 -0.00207013 -0.0188774 0.0845189 
0.00977624 -0.0183732 -0.000426856 0.000500558 -0.0183732 0.0884452 0.000483668 -0.00141876 -0.000426856 0.000483668 0.00975014 -0.0182658 0.000500558 -0.00141876 -0.0182658 0.0878971 
0.00992626 -0.0182716 -0.000452725 0.000542098 -0.0182716 0.0892602 0.000523052 -0.00125562 -0.000452725 0.000523052 0.00993359 -0.0182116 0.000542098 -0.00125562 -0.0182116 0.0889832 
0.0100201 -0.0183584 -0.000480318 0.000588 -0.0183584 0.0897203 0.000572415 -0.00136019 -0.000480318 0.000572415 0.0100612 -0.0183499 0.000588 -0.00136019 -0.0183499 0.089607 
0.0100659 -0.0183959 -0.00044679 0.000593415 -0.0183959 0.0899197 0.000586499 -0.0014289 -0.00044679 0.000586499 0.0101088 -0.0184512 0.000593415 -0.0014289 -0.0184512 0.0899902 
0.0100691 -0.0184019 -0.00042245 0.00055233 -0.0184019 0.0899218 0.00055233 -0.00140407 -0.00042245 0.00055233 0.010121 -0.0184907 0.00055233 -0.00140407 -0.0184907 0.0901583 
0.010049 -0.0184 -0.000399941 0.000524155 -0.0184 0.0899035 0.000532345 -0.00134997 -0.000399941 0.000532345 0.0100927 -0.0184778 0.000524155 -0.00134997 -0.0184778 0.0901519 
0.0100489 -0.018387 -0.000382466 0.000481826 -0.018387 0.0898919 0.000481826 -0.00123859 -0.000382466 0.000481826 0.010083 -0.0184632 0.000481826 -0.00123859 -0.0184632 0.0901355 
0.0100768 -0.0183948 -0.000371858 0.000453287 -0.0183948 0.0899015 0.000454644 -0.00113593 -0.000371858 0.000454644 0.0100605 -0.0184477 0.000453287 -0.00113593 -0.0184477 0.0900942 
0.0101054 -0.0184195 -0.000379393 0.000443077 -0.0184195 0.0899487 0.000444432 -0.00109888 -0.000379393 0.000444432 0.0100377 -0.0184304 0.000443077 -0.00109888 -0.0184304 0.0900814 
0.0101198 -0.0184546 -0.000411727 0.000475382 -0.0184546 0.0900219 0.000474027 -0.00115934 -0.000411727 0.000474027 0.0100209 -0.0184112 0.000475382 -0.00115934 -0.0184112 0.0900368 
0.0101528 -0.0184983 -0.000428496 0.000521765 -0.0184983 0.090168 0.000523116 -0.00125981 -0.000428496 0.000523116 0.00999869 -0.0183753 0.000521765 -0.00125981 -0.0183753 0.0899504 
0.0101702 -0.018564 -0.000428545 0.000533992 -0.018564 0.0903473 0.000538047 -0.00132619 -0.000428545 0.000538047 0.00997415 -0.0183179 0.000533992 -0.00132619 -0.0183179 0.0897998 
0.0101688 -0.0185725 -0.000434577 0.000531449 -0.0185725 0.0904244 0.000538176 -0.00134813 -0.000434577 0.000538176 0.0100087 -0.0183262 0.000531449 -0.00134813 -0.0183262 0.089796 
0.0101883 -0.0185843 -0.000433974 0.000523993 -0.0185843 0.0904734 0.000530711 -0.00132879 -0.000433974 0.000530711 0.0100136 -0.0183545 0.000523993 -0.00132879 -0.0183545 0.0898325 
0.0102266 -0.0186042 -0.000439164 0.000548955 -0.0186042 0.090532 0.000548955 -0.00137105 -0.000439164 0.000548955 0.0100017 -0.0183712 0.000548955 -0.00137105 -0.0183712 0.0899014 
0.0102728 -0.0186594 -0.00044386 0.000543828 -0.0186594 0.0906447 0.000545161 -0.0013689 -0.00044386 0.000545161 0.0100062 -0.0183715 0.000543828 -0.0013689 -0.0183715 0.0899436 
0.0102776 -0.0187123 -0.000441403 0.000552088 -0.0187123 0.0907704 0.000549421 -0.00137622 -0.000441403 0.000549421 0.0100016 -0.0183642 0.000552088 -0.00137622 -0.0183642 0.0899223 
0.0102453 -0.0187092 -0.000430004 0.000527489 -0.0187092 0.0908109 0.000528824 -0.00132874 -0.000430004 0.000528824 0.0100396 -0.0183847 0.000527489 -0.00132874 -0.0183847 0.0899856 
0.0101995 -0.0186799 -0.000426432 0.000504209 -0.0186799 0.0907844 0.00050555 -0.0012565 -0.000426432 0.00050555 0.0100614 -0.018413 0.000504209 -0.0012565 -0.018413 0.0900254 
0.0101534 -0.0186152 -0.000443026 0.000514179 -0.0186152 0.0906485 0.000519549 -0.00126867 -0.000443026 0.000519549 0.0100916 -0.018446 0.000514179 -0.00126867 -0.018446 0.0901169 
0.0101272 -0.0185465 -0.000438731 0.000542358 -0.0185465 0.0904647 0.000547741 -0.00132561 -0.000438731 0.000547741 0.0100908 -0.0184792 0.000542358 -0.00132561 -0.0184792 0.090205 
0.0101386 -0.0185119 -0.000430196 0.00053943 -0.0185119 0.0903303 0.000542127 -0.00134858 -0.000430196 0.000542127 0.0100671 -0.0184863 0.00053943 -0.00134858 -0.0184863 0.0902548 
0.0101436 -0.0185211 -0.000422257 0.000525114 -0.0185211 0.0902966 0.000525114 -0.00131955 -0.000422257 0.000525114 0.0100489 -0.0184575 0.000525114 -0.00131955 -0.0184575 0.090229 
0.010161 -0.0185374 -0.000429909 0.000524543 -0.0185374 0.0903362 0.000523191 -0.00131271 -0.000429909 0.000523191 0.0100474 -0.0184374 0.000524543 -0.00131271 -0.0184374 0.0901727 
0.0101871 -0.0185543 -0.000424237 0.000518812 -0.0185543 0.0903665 0.000517461 -0.00128757 -0.000424237 0.000517461 0.0100425 -0.0184408 0.000518812 -0.00128757 -0.0184408 0.0901678 
0.0102271 -0.0185983 -0.000420179 0.000533305 -0.0185983 0.0904544 0.000523878 -0.00130363 -0.000420179 0.000523878 0.0100412 -0.0184232 0.000533305 -0.00130363 -0.0184232 0.0901285 
0.0102382 -0.0186519 -0.000406354 0.000524762 -0.0186519 0.0905928 0.000518034 -0.00130652 -0.000406354 0.000518034 0.0100256 -0.0183922 0.000524762 -0.00130652 -0.0183922 0.0900209 
0.010239 -0.0186745 -0.000404507 0.000506641 -0.0186745 0.0906848 0.00049589 -0.00126862 -0.000404507 0.00049589 0.010028 -0.0183789 0.000506641 -0.00126862 -0.0183789 0.0899591 
0.0102213 -0.0186707 -0.000422468 0.000500503 -0.0186707 0.0907149 0.000497812 -0.00124588 -0.000422468 0.000497812 0.0100356 -0.018376 0.000500503 -0.00124588 -0.018376 0.0899291 
0.010183 -0.0186227 -0.000439874 0.000527311 -0.0186227 0.09061 0.000527311 -0.00128196 -0.000439874 0.000527311 0.0100485 -0.0184061 0.000527311 -0.00128196 -0.0184061 0.0899925 
0.0101402 -0.0185737 -0.000448549 0.000549573 -0.0185737 0.090483 0.00055092 -0.00134161 -0.000448549 0.00055092 0.0100701 -0.0184269 0.000549573 -0.00134161 -0.0184269 0.0900573 
0.0101166 -0.0185094 -0.000450526 0.000547646 -0.0185094 0.0903211 0.00054225 -0.00134349 -0.000450526 0.00054225 0.0100721 -0.0184648 0.000547646 -0.00134349 -0.0184648 0.0901471 
0.0101035 -0.0184872 -0.000442097 0.000540491 -0.0184872 0.0902283 0.000541839 -0.00132764 -0.000442097 0.000541839 0.0100779 -0.0184589 0.000540491 -0.00132764 -0.0184589 0.0901703 
0.010075 -0.0184627 -0.000446516 0.000556115 -0.0184627 0.0901555 0.000560174 -0.00137608 -0.000446516 0.000560174 0.0100628 -0.0184506 0.000556115 -0.00137608 -0.0184506 0.0901312 
0.0100669 -0.0184475 -0.000440225 0.000549942 -0.0184475 0.0901201 0.000549942 -0.00136944 -0.000440225 0.000549942 0.0100466 -0.0184285 0.000549942 -0.00136944 -0.0184285 0.0900809 
0.0100739 -0.0184204 -0.000441636 0.000538878 -0.0184204 0.0900493 0.000541579 -0.00135462 -0.000441636 0.000541579 0.0100428 -0.0184258 0.000538878 -0.00135462 -0.0184258 0.0900695 
0.0100868 -0.0184517 -0.000426449 0.000525999 -0.0184517 0.0900991 0.000525999 -0.00130356 -0.000426449 0.000525999 0.0100599 -0.0184059 0.000525999 -0.00130356 -0.0184059 0.0900319 
0.0100978 -0.0184889 -0.000416932 0.000519148 -0.0184889 0.0902026 0.000521838 -0.00129249 -0.000416932 0.000521838 0.0100588 -0.0184002 0.000519148 -0.00129249 -0.0184002 0.0899753 
0.0100816 -0.0184916 -0.000417255 0.000527983 -0.0184916 0.0902433 0.000523932 -0.00132198 -0.000417255 0.000523932 0.0100614 -0.0184146 0.000527983 -0.00132198 -0.0184146 0.0899921 
0.0100488 -0.0184522 -0.000407948 0.000513312 -0.0184522 0.0901728 0.00050926 -0.00128868 -0.000407948 0.00050926 0.0100933 -0.0184401 0.000513312 -0.00128868 -0.0184401 0.0900836 
0.0100321 -0.0183966 -0.000399985 0.000502684 -0.0183966 0.0900385 0.000499981 -0.00126347 -0.000399985 0.000499981 0.010101 -0.0184831 0.000502684 -0.00126347 -0.0184831 0.0901804 
0.0100063 -0.0183713 -0.000391686 0.000490625 -0.0183713 0.0899239 0.000487914 -0.0012225 -0.000391686 0.000487914 0.0101039 -0.0184974 0.000490625 -0.0012225 -0.0184974 0.0902451 
0.00998964 -0.018353 -0.000393667 0.000475115 -0.018353 0.0898647 0.000472401 -0.00118236 -0.000393667 0.000472401 0.0101077 -0.0184847 0.000475115 -0.00118236 -0.0184847 0.0902353 
0.00996634 -0.0183281 -0.000399796 0.000492266 -0.0183281 0.0898018 0.000493626 -0.00121299 -0.000399796 0.000493626 0.0100901 -0.018464 0.000492266 -0.00121299 -0.018464 0.0901635 
0.0099723 -0.018306 -0.000386261 0.000482487 -0.018306 0.0897575 0.000483842 -0.00119131 -0.000386261 0.000483842 0.0100902 -0.0184497 0.000482487 -0.00119131 -0.0184497 0.0901207 
0.00996593 -0.0183077 -0.000379293 0.000475471 -0.0183077 0.0897286 0.000471407 -0.00117852 -0.000379293 0.000471407 0.010077 -0.0184391 0.000475471 -0.00117852 -0.0184391 0.0900632 
0.00995247 -0.018293 -0.000356851 0.0004559 -0.018293 0.0896876 0.000450473 -0.0011194 -0.000356851 0.000450473 0.0100814 -0.018445 0.0004559 -0.0011194 -0.018445 0.0900797 
0.009944 -0.018278 -0.00035325 0.000456508 -0.018278 0.0896685 0.000452432 -0.00113176 -0.00035325 0.000452432 0.0100744 -0.0184342 0.000456508 -0.00113176 -0.0184342 0.0900503 
0.00994764 -0.01826 -0.000353718 0.000436706 -0.01826 0.0896267 0.000436706 -0.00109925 -0.000353718 0.000436706 0.0100401 -0.0184233 0.000436706 -0.00109925 -0.0184233 0.0900185 
0.00995533 -0.0182678 -0.000366904 0.000444362 -0.0182678 0.0896157 0.000445721 -0.00110615 -0.000366904 0.000445721 0.0100301 -0.0183968 0.000444362 -0.00110615 -0.0183968 0.0899798 
0.00995181 -0.0182756 -0.000357705 0.000439311 -0.0182756 0.089618 0.000440671 -0.00108536 -0.000357705 0.000440671 0.010028 -0.0183762 0.000439311 -0.00108536 -0.0183762 0.089924 
0.00993215 -0.0182607 -0.000357409 0.000446419 -0.0182607 0.0895838 0.000447789 -0.00110783 -0.000357409 0.000447789 0.00999788 -0.0183634 0.000446419 -0.00110783 -0.0183634 0.0898645 
0.00992914 -0.0182616 -0.000343706 0.000450515 -0.0182616 0.0896197 0.000446407 -0.00112013 -0.000343706 0.000446407 0.0099798 -0.0183082 0.000450515 -0.00112013 -0.0183082 0.0897361 
0.00992631 -0.0182682 -0.000327 0.000425511 -0.0182682 0.0896378 0.000425511 -0.00108635 -0.000327 0.000425511 0.00996872 -0.0182655 0.000425511 -0.00108635 -0.0182655 0.0895899 
0.00992719 -0.0182566 -0.000313548 0.000393979 -0.0182566 0.0896119 0.000398069 -0.00101153 -0.000313548 0.000398069 0.00998036 -0.0182676 0.000393979 -0.00101153 -0.0182676 0.0895533 
0.00995687 -0.0182547 -0.000328547 0.000373349 -0.0182547 0.0895996 0.000377422 -0.000953057 -0.000328547 0.000377422 0.00998402 -0.0182941 0.000373349 -0.000953057 -0.0182941 0.0896159 
0.00997288 -0.0182669 -0.000358015 0.000420396 -0.0182669 0.0895932 0.000421752 -0.00102251 -0.000358015 0.000421752 0.00998779 -0.0183211 0.000420396 -0.00102251 -0.0183211 0.0897044 
0.0099633 -0.0182826 -0.000351902 0.000452445 -0.0182826 0.0896222 0.000452445 -0.00110869 -0.000351902 0.000452445 0.00999863 -0.0183369 0.000452445 -0.00110869 -0.0183369 0.0897689 
0.00994069 -0.0182815 -0.000346626 0.00045945 -0.0182815 0.089647 0.00045809 -0.00116629 -0.000346626 0.00045809 0.0100114 -0.0183318 0.00045945 -0.00116629 -0.0183318 0.0897734 
0.00992437 -0.0182725 -0.000346643 0.000448998 -0.0182725 0.0896441 0.000448998 -0.00115593 -0.000346643 0.000448998 0.0099967 -0.0183257 0.000448998 -0.00115593 -0.0183257 0.0897465 
0.00990316 -0.0182386 -0.000344743 0.000436401 -0.0182386 0.0895744 0.000436401 -0.00112178 -0.000344743 0.000436401 0.00999345 -0.0183234 0.000436401 -0.00112178 -0.0183234 0.0897454 
0.00990898 -0.0181906 -0.00033039 0.000427323 -0.0181906 0.0894593 0.000432784 -0.0010963 -0.00033039 0.000432784 0.00999362 -0.0183408 0.000427323 -0.0010963 -0.0183408 0.0897979 
0.00992788 -0.0182045 -0.000323987 0.000416554 -0.0182045 0.0894326 0.000417916 -0.00106725 -0.000323987 0.000417916 0.00998369 -0.0183216 0.000416554 -0.00106725 -0.0183216 0.0897702 
0.00994734 -0.0182393 -0.000333529 0.000402958 -0.0182393 0.0894948 0.000401597 -0.00101829 -0.000333529 0.000401597 0.00995687 -0.0182937 0.000402958 -0.00101829 -0.0182937 0.0896935 
0.00992117 -0.0182448 -0.000331798 0.000415089 -0.0182448 0.0895049 0.000412358 -0.00102407 -0.000331798 0.000412358 0.00995941 -0.0182735 0.000415089 -0.00102407 -0.0182735 0.0896428 
0.00990479 -0.0182359 -0.000333026 0.000401269 -0.0182359 0.0895225 0.000397174 -0.000997712 -0.000333026 0.000397174 0.0099744 -0.01827 0.000401269 -0.000997712 -0.01827 0.0896099 
0.00988611 -0.0182143 -0.000338313 0.000411978 -0.0182143 0.0894988 0.000410614 -0.00101221 -0.000338313 0.000410614 0.00999251 -0.0182853 0.000411978 -0.00101221 -0.0182853 0.0896134 
0.00986749 -0.0181728 -0.000341672 0.00041684 -0.0181728 0.0893841 0.000414106 -0.00103048 -0.000341672 0.000414106 0.00999732 -0.0183191 0.00041684 -0.00103048 -0.0183191 0.0896889 
0.00988291 -0.0181443 -0.000337924 0.000429218 -0.0181443 0.0893005 0.00042513 -0.00106555 -0.000337924 0.00042513 0.00999328 -0.0183419 0.000429218 -0.00106555 -0.0183419 0.0897692 
0.00990429 -0.0181848 -0.00032774 0.000414775 -0.0181848 0.0893562 0.000414775 -0.00104986 -0.00032774 0.000414775 0.00998996 -0.0183208 0.000414775 -0.00104986 -0.0183208 0.0897533 
0.00992327 -0.0182269 -0.000322564 0.000412392 -0.0182269 0.0894618 0.000404226 -0.00103438 -0.000322564 0.000404226 0.00998996 -0.0183099 0.000412392 -0.00103438 -0.0183099 0.0897163 
0.0099262 -0.0182483 -0.000314017 0.000403736 -0.0182483 0.089556 0.00039558 -0.00101954 -0.000314017 0.00039558 0.0100091 -0.0183149 0.000403736 -0.00101954 -0.0183149 0.0897205 
0.00993267 -0.0182411 -0.000340309 0.000391829 -0.0182411 0.0895649 0.000393185 -0.000997877 -0.000340309 0.000393185 0.0100357 -0.0183631 0.000391829 -0.000997877 -0.0183631 0.0898265 
0.00993295 -0.0182498 -0.000363665 0.000417944 -0.0182498 0.0895648 0.000423372 -0.00103129 -0.000363665 0.000423372 0.0100456 -0.0183895 0.000417944 -0.00103129 -0.0183895 0.0899109 
0.00995287 -0.0182682 -0.000359236 0.000445995 -0.0182682 0.0896273 0.00044735 -0.00108855 -0.000359236 0.00044735 0.0100491 -0.0183983 0.000445995 -0.00108855 -0.0183983 0.0899554 
0.00993806 -0.0182719 -0.000361631 0.000452719 -0.0182719 0.0896288 0.000455438 -0.00114335 -0.000361631 0.000455438 0.0100631 -0.0184201 0.000452719 -0.00114335 -0.0184201 0.0900217 
0.0099201 -0.0182564 -0.000347571 0.000440257 -0.0182564 0.0896203 0.000438894 -0.00111359 -0.000347571 0.000438894 0.0100864 -0.0184404 0.000440257 -0.00111359 -0.0184404 0.0900796 
0.00993556 -0.0182662 -0.000350907 0.000429793 -0.0182662 0.0896567 0.000424352 -0.00108128 -0.000350907 0.000424352 0.0100961 -0.018443 0.000429793 -0.00108128 -0.018443 0.0900878 
0.00993224 -0.0182569 -0.000367206 0.000446087 -0.0182569 0.0896173 0.000444727 -0.00111658 -0.000367206 0.000444727 0.0100927 -0.0184555 0.000446087 -0.00111658 -0.0184555 0.090092 
0.00991318 -0.0182466 -0.00036665 0.000468876 -0.0182466 0.0895757 0.000471602 -0.00117355 -0.00036665 0.000471602 0.0100917 -0.0184524 0.000468876 -0.00117355 -0.0184524 0.0900909 
0.00991582 -0.0182282 -0.000335991 0.000456183 -0.0182282 0.089547 0.000453451 -0.00115411 -0.000335991 0.000453451 0.0100592 -0.0184372 0.000456183 -0.00115411 -0.0184372 0.0900455 
0.00995068 -0.0182425 -0.000327954 0.000422241 -0.0182425 0.0895603 0.000423608 -0.00110548 -0.000327954 0.000423608 0.0100067 -0.0183887 0.000422241 -0.00110548 -0.0183887 0.0899347 
0.00996257 -0.0182588 -0.000348007 0.000416244 -0.0182588 0.0895607 0.000421703 -0.00107951 -0.000348007 0.000421703 0.0099844 -0.0183434 0.000416244 -0.00107951 -0.0183434 0.0898323 
0.00997658 -0.018282 -0.00035197 0.000443373 -0.018282 0.0896228 0.000446102 -0.00110366 -0.00035197 0.000446102 0.00995611 -0.018297 0.000443373 -0.00110366 -0.018297 0.0896991 
0.00998585 -0.0183197 -0.000366666 0.000445724 -0.0183197 0.0897186 0.000452539 -0.00113135 -0.000366666 0.000452539 0.00993814 -0.0182447 0.000445724 -0.00113135 -0.0182447 0.0895483 
0.00997497 -0.01834 -0.000368486 0.000466387 -0.01834 0.089791 0.000466387 -0.00116937 -0.000368486 0.000466387 0.00994913 -0.018219 0.000466387 -0.00116937 -0.018219 0.0894538 
0.00995298 -0.0183264 -0.000333035 0.000447218 -0.0183264 0.0898052 0.000448577 -0.00113368 -0.000333035 0.000448577 0.00997065 -0.0182313 0.000447218 -0.00113368 -0.0182313 0.0894423 
0.00994977 -0.0182695 -0.00032709 0.000412594 -0.0182695 0.0896891 0.000408523 -0.00106134 -0.00032709 0.000408523 0.0099837 -0.0182967 0.000412594 -0.00106134 -0.0182967 0.0895886 
0.00994478 -0.0182518 -0.000318037 0.00040774 -0.0182518 0.0895778 0.000405022 -0.00103022 -0.000318037 0.000405022 0.00997332 -0.0183198 0.00040774 -0.00103022 -0.0183198 0.089696 
0.00992312 -0.0182446 -0.000313247 0.000407221 -0.0182446 0.0895328 0.000408583 -0.00103644 -0.000313247 0.000408583 0.00998032 -0.0183113 0.000407221 -0.00103644 -0.0183113 0.0897316 
0.00989282 -0.0182126 -0.000302341 0.000379969 -0.0182126 0.0894766 0.000378607 -0.00097648 -0.000302341 0.000378607 0.0100127 -0.0183284 0.000379969 -0.00097648 -0.0183284 0.089783 
0.00988075 -0.0181887 -0.00029822 0.000374477 -0.0181887 0.0894211 0.000373116 -0.000940959 -0.00029822 0.000373116 0.0100428 -0.0183671 0.000374477 -0.000940959 -0.0183671 0.0898745 
0.00988548 -0.0181877 -0.000304106 0.000362745 -0.0181877 0.0894179 0.000361381 -0.000908226 -0.000304106 0.000361381 0.0100559 -0.018395 0.000362745 -0.000908226 -0.018395 0.0899362 
0.00988565 -0.0181931 -0.000322462 0.000393513 -0.0181931 0.0894204 0.000386681 -0.000961921 -0.000322462 0.000386681 0.0100605 -0.0184063 0.000393513 -0.000961921 -0.0184063 0.0899738 
0.00988264 -0.0181646 -0.000338709 0.000415191 -0.0181646 0.0893494 0.00041246 -0.00102432 -0.000338709 0.00041246 0.0100561 -0.0184296 0.000415191 -0.00102432 -0.0184296 0.0900336 
0.00987957 -0.0181641 -0.000359902 0.000417159 -0.0181641 0.0893251 0.000422612 -0.00104426 -0.000359902 0.000422612 0.0100677 -0.0184231 0.000417159 -0.00104426 -0.0184231 0.0900504 
0.00990713 -0.018199 -0.000360458 0.000431457 -0.018199 0.0894058 0.000439649 -0.00106772 -0.000360458 0.000439649 0.0100382 -0.0184011 0.000431457 -0.00106772 -0.0184011 0.0899711 
0.00993045 -0.0182218 -0.000342853 0.000439835 -0.0182218 0.089471 0.000442567 -0.00108866 -0.000342853 0.000442567 0.010011 -0.0183747 0.000439835 -0.00108866 -0.0183747 0.0899013 
0.00992122 -0.0182561 -0.000359355 0.000445437 -0.0182561 0.0895656 0.000445437 -0.00112452 -0.000359355 0.000445437 0.0100059 -0.0183258 0.000445437 -0.00112452 -0.0183258 0.0897815 
0.00992502 -0.0182366 -0.000356269 0.00043817 -0.0182366 0.0895531 0.0004409 -0.00110293 -0.000356269 0.0004409 0.0100247 -0.0183526 0.00043817 -0.00110293 -0.0183526 0.0898111 
0.00994291 -0.0182364 -0.000341592 0.000434135 -0.0182364 0.0895379 0.000434135 -0.00108602 -0.000341592 0.000434135 0.0100409 -0.0183779 0.000434135 -0.00108602 -0.0183779 0.0898849 
0.00996513 -0.0182599 -0.000354153 0.00043014 -0.0182599 0.0895803 0.000426069 -0.00108281 -0.000354153 0.000426069 0.0100438 -0.0183888 0.00043014 -0.00108281 -0.0183888 0.0899236 
0.00997053 -0.0183083 -0.000361625 0.000440476 -0.0183083 0.0896899 0.000435038 -0.00108488 -0.000361625 0.000435038 0.0100344 -0.0183708 0.000440476 -0.00108488 -0.0183708 0.0898761 
0.00995534 -0.0182944 -0.000377261 0.000460041 -0.0182944 0.0896971 0.000461398 -0.00114671 -0.000377261 0.000461398 0.0100503 -0.0183826 0.000460041 -0.00114671 -0.0183826 0.089898 
0.00994542 -0.018284 -0.000376247 0.000479478 -0.018284 0.0896759 0.000478119 -0.00119394 -0.000376247 0.000478119 0.0100527 -0.0183967 0.000479478 -0.00119394 -0.0183967 0.0899217 
0.00994648 -0.0182666 -0.000366228 0.000465245 -0.0182666 0.0896471 0.000465245 -0.00118414 -0.000366228 0.000465245 0.0100631 -0.0184145 0.000465245 -0.00118414 -0.0184145 0.0899876 
0.00997643 -0.0182795 -0.00036342 0.000458344 -0.0182795 0.0896672 0.000450207 -0.00116213 -0.00036342 0.000450207 0.0100524 -0.0184219 0.000458344 -0.00116213 -0.0184219 0.0900252 
0.0100228 -0.0183324 -0.000363232 0.00045133 -0.0183324 0.0897712 0.000441842 -0.00113036 -0.000363232 0.000441842 0.0100295 -0.0184056 0.00045133 -0.00113036 -0.0184056 0.090003 
0.0100513 -0.0183771 -0.000364051 0.000445252 -0.0183771 0.0898773 0.000435779 -0.00110163 -0.000364051 0.000435779 0.0100256 -0.0183893 0.000445252 -0.00110163 -0.0183893 0.0899843 
0.0100718 -0.0184134 -0.000364969 0.000437963 -0.0184134 0.0899824 0.000437963 -0.00108274 -0.000364969 0.000437963 0.0100407 -0.0184012 0.000437963 -0.00108274 -0.0184012 0.0900108 
0.0100808 -0.0184454 -0.000383038 0.000433117 -0.0184454 0.0900707 0.000438531 -0.0010679 -0.000383038 0.000438531 0.010047 -0.0184102 0.000433117 -0.0010679 -0.0184102 0.0900233 
0.0100766 -0.0184483 -0.000402199 0.000479388 -0.0184483 0.0900966 0.000483451 -0.00116326 -0.000402199 0.000483451 0.0100523 -0.0184158 0.000479388 -0.00116326 -0.0184158 0.0900329 
0.0100802 -0.0184497 -0.000429031 0.000507529 -0.0184497 0.0901209 0.000517003 -0.00126409 -0.000429031 0.000517003 0.0100504 -0.0184172 0.000507529 -0.00126409 -0.0184172 0.0900329 
0.0100928 -0.0184585 -0.000438171 0.000523109 -0.0184585 0.0901447 0.000531198 -0.00129699 -0.000438171 0.000531198 0.0100739 -0.0184302 0.000523109 -0.00129699 -0.0184302 0.0900799 
0.0100917 -0.0184981 -0.000448969 0.000541999 -0.0184981 0.0902374 0.000547392 -0.00134556 -0.000448969 0.000547392 0.0100971 -0.0184293 0.000541999 -0.00134556 -0.0184293 0.0900689 
0.0100787 -0.0184958 -0.00044073 0.00055294 -0.0184958 0.0902807 0.000558348 -0.00137897 -0.00044073 0.000558348 0.0101125 -0.0184606 0.00055294 -0.00137897 -0.0184606 0.0901009 
0.0100748 -0.0184579 -0.000433443 0.000551285 -0.0184579 0.0902062 0.000551285 -0.00138973 -0.000433443 0.000551285 0.0101006 -0.018489 0.000551285 -0.00138973 -0.018489 0.0901751 
0.0101032 -0.0184672 -0.000411522 0.000530256 -0.0184672 0.0902056 0.000530256 -0.00134116 -0.000411522 0.000530256 0.0100924 -0.0184686 0.000530256 -0.00134116 -0.0184686 0.0901814 
0.0101288 -0.0184886 -0.000398473 0.000515592 -0.0184886 0.0902192 0.000510208 -0.00130042 -0.000398473 0.000510208 0.0100884 -0.0184765 0.000515592 -0.00130042 -0.0184765 0.0902004 
0.010139 -0.0184944 -0.000415543 0.0004857 -0.0184944 0.0902148 0.000484351 -0.00122369 -0.000415543 0.000484351 0.0100661 -0.0184782 0.0004857 -0.00122369 -0.0184782 0.0902067 
0.0101139 -0.0184917 -0.000417541 0.000507784 -0.0184917 0.0901943 0.000509131 -0.00123781 -0.000417541 0.000509131 0.0100978 -0.0184876 0.000507784 -0.00123781 -0.0184876 0.0902697 
0.010102 -0.0184854 -0.000432021 0.000530268 -0.0184854 0.0901927 0.000531614 -0.0013149 -0.000432021 0.000531614 0.0101155 -0.0185002 0.000530268 -0.0013149 -0.0185002 0.0902896 
0.0101102 -0.0184819 -0.000444731 0.000543111 -0.0184819 0.0902089 0.000545806 -0.0013571 -0.000444731 0.000545806 0.0101035 -0.0185075 0.000543111 -0.0013571 -0.0185075 0.0902871 
0.0101235 -0.0185039 -0.000452629 0.000542886 -0.0185039 0.0902646 0.000544233 -0.00135385 -0.000452629 0.000544233 0.0100899 -0.018481 0.000542886 -0.00135385 -0.018481 0.0902322 
0.0101328 -0.0185254 -0.000474871 0.000565258 -0.0185254 0.0903172 0.000559862 -0.00138954 -0.000474871 0.000559862 0.010064 -0.0184566 0.000565258 -0.00138954 -0.0184566 0.0901607 
0.0101369 -0.0185331 -0.000483801 0.000583805 -0.0185331 0.0903614 0.000582454 -0.00142573 -0.000483801 0.000582454 0.0100666 -0.0184399 0.000583805 -0.00142573 -0.0184399 0.0901195 
0.0101399 -0.0185543 -0.000459431 0.000582396 -0.0185543 0.0904241 0.000581045 -0.00143099 -0.000459431 0.000581045 0.0100683 -0.0184218 0.000582396 -0.00143099 -0.0184218 0.0900593 
0.0101329 -0.0185314 -0.000443088 0.000567369 -0.0185314 0.0903738 0.000570071 -0.00142923 -0.000443088 0.000570071 0.0100776 -0.0184489 0.000567369 -0.00142923 -0.0184489 0.0901036 
0.0101412 -0.0185388 -0.000457832 0.000540215 -0.0185388 0.0903807 0.000542916 -0.0013762 -0.000457832 0.000542916 0.0100845 -0.018451 0.000540215 -0.0013762 -0.018451 0.0901214 
0.0101611 -0.0185428 -0.000483667 0.000557973 -0.0185428 0.0903889 0.000559324 -0.00137399 -0.000483667 0.000559324 0.0100665 -0.0184563 0.000557973 -0.00137399 -0.0184563 0.0901363 
0.010194 -0.0185714 -0.000464285 0.000580356 -0.0185714 0.0904356 0.000581705 -0.0014104 -0.000464285 0.000581705 0.0100415 -0.0184391 0.000580356 -0.0014104 -0.0184391 0.0901103 
0.0102117 -0.0186118 -0.000445807 0.000557935 -0.0186118 0.0905178 0.000564689 -0.00138876 -0.000445807 0.000564689 0.0100185 -0.0183997 0.000557935 -0.00138876 -0.0183997 0.0900274 
0.0101879 -0.0186131 -0.000421399 0.000533502 -0.0186131 0.0905251 0.000547008 -0.00134659 -0.000421399 0.000547008 0.010019 -0.0183795 0.000533502 -0.00134659 -0.0183795 0.0899592 
0.0101533 -0.0185808 -0.000410506 0.00050503 -0.0185808 0.0904706 0.000510431 -0.00128013 -0.000410506 0.000510431 0.0100412 -0.0183823 0.00050503 -0.00128013 -0.0183823 0.0899453 
0.0101273 -0.0185317 -0.000402071 0.000503263 -0.0185317 0.090358 0.000504612 -0.00125344 -0.000402071 0.000504612 0.0100477 -0.0184035 0.000503263 -0.00125344 -0.0184035 0.0899721 
0.0101166 -0.0185078 -0.00039195 0.000494315 -0.0185078 0.0902751 0.000494315 -0.00123646 -0.00039195 0.000494315 0.01006 -0.0184176 0.000494315 -0.00123646 -0.0184176 0.0900245 
0.0101114 -0.0184883 -0.000388432 0.000486888 -0.0184883 0.0902079 0.000482842 -0.00121655 -0.000388432 0.000482842 0.0100561 -0.0184303 0.000486888 -0.00121655 -0.0184303 0.0900636 
0.0101089 -0.0184754 -0.000401169 0.000488967 -0.0184754 0.090163 0.000487616 -0.00122782 -0.000401169 0.000487616 0.01004 -0.0184308 0.000488967 -0.00122782 -0.0184308 0.0900819 
0.0100822 -0.0184756 -0.000407988 0.000507958 -0.0184756 0.0901505 0.000507958 -0.00126044 -0.000407988 0.000507958 0.0100443 -0.0184013 0.000507958 -0.00126044 -0.0184013 0.0900316 
0.0100756 -0.0184631 -0.000416268 0.000504117 -0.0184631 0.0901639 0.000502765 -0.00126367 -0.000416268 0.000502765 0.0100418 -0.0183928 0.000504117 -0.00126367 -0.0183928 0.0899869 
0.0100685 -0.018462 -0.000412309 0.000519104 -0.018462 0.090166 0.000513697 -0.00127613 -0.000412309 0.000513697 0.0100576 -0.0184012 0.000519104 -0.00127613 -0.0184012 0.0899875 
0.0100617 -0.0184437 -0.000401274 0.000511082 -0.0184437 0.09012 0.000507016 -0.00127161 -0.000401274 0.000507016 0.010059 -0.0184179 0.000511082 -0.00127161 -0.0184179 0.0900183 
0.0100569 -0.018424 -0.000413687 0.000513729 -0.018424 0.0900662 0.000502914 -0.00127892 -0.000413687 0.000502914 0.010061 -0.0184213 0.000513729 -0.00127892 -0.0184213 0.09005 
0.0100552 -0.0184034 -0.000406146 0.000511394 -0.0184034 0.089985 0.000504647 -0.00126567 -0.000406146 0.000504647 0.0100633 -0.0184385 0.000511394 -0.00126567 -0.0184385 0.0900916 
0.0100719 -0.0184113 -0.000392046 0.00049713 -0.0184113 0.0899846 0.000490394 -0.00124619 -0.000392046 0.000490394 0.0100477 -0.0184329 0.00049713 -0.00124619 -0.0184329 0.0900924 
0.0100815 -0.0184268 -0.000382516 0.000474105 -0.0184268 0.0900045 0.000471411 -0.00119334 -0.000382516 0.000471411 0.0100397 -0.0184241 0.000474105 -0.00119334 -0.0184241 0.0900826 
