0.00685282 0 -6.68127e-05 0 0 0.00998398 0 0 -6.68127e-05 0 0.00776111 0 0 0 0 0.00998398 
0.00976574 -0.0121348 -8.39038e-05 0.000103646 -0.0121348 0.0324642 0.000103646 -0.000199066 -8.39038e-05 0.000103646 0.0108548 -0.0134789 0.000103646 -0.000199066 -0.0134789 0.0350257 
0.00994396 -0.0186863 -6.68502e-05 0.00012033 -0.0186863 0.068956 0.00012033 -0.000387731 -6.68502e-05 0.00012033 0.0107829 -0.0200952 0.00012033 -0.000387731 -0.0200952 0.0734449 
0.00943097 -0.018545 -7.43742e-05 0.000105094 -0.018545 0.0834883 0.000111561 -0.000379955 -7.43742e-05 0.000111561 0.0101602 -0.0195604 0.000105094 -0.000379955 -0.0195604 0.0870324 
0.00939013 -0.0178813 -9.4788e-05 7.94996e-05 -0.0178813 0.0870322 8.71438e-05 -0.000249201 -9.4788e-05 8.71438e-05 0.0101576 -0.0188063 7.94996e-05 -0.000249201 -0.0188063 0.0895885 
0.00950421 -0.0177707 -9.09214e-05 9.67872e-05 -0.0177707 0.0880529 0.000101187 -0.00020384 -9.09214e-05 0.000101187 0.0103562 -0.0187415 9.67872e-05 -0.00020384 -0.0187415 0.0903436 
0.0095713 -0.0177885 -8.80054e-05 0.000117814 -0.0177885 0.0883915 0.000116394 -0.00025408 -8.80054e-05 0.000116394 0.010501 -0.0189169 0.000117814 -0.00025408 -0.0189169 0.0910146 
0.00961813 -0.0178311 -8.46129e-05 0.000116516 -0.0178311 0.0885384 0.000117903 -0.000292678 -8.46129e-05 0.000117903 0.0105364 -0.0189977 0.000116516 -0.000292678 -0.0189977 0.0913695 
0.00962186 -0.0178635 -8.22381e-05 0.000115133 -0.0178635 0.0885855 0.000113763 -0.000290575 -8.22381e-05 0.000113763 0.010532 -0.0189956 0.000115133 -0.000290575 -0.0189956 0.0914254 
0.00961676 -0.0178447 -7.08016e-05 8.8502e-05 -0.0178447 0.0885346 8.8502e-05 -0.00023419 -7.08016e-05 8.8502e-05 0.0105249 -0.0190007 8.8502e-05 -0.00023419 -0.0190007 0.0914443 
0.00959111 -0.0178297 -7.86824e-05 9.36049e-05 -0.0178297 0.0884743 9.49615e-05 -0.000241473 -7.86824e-05 9.49615e-05 0.0105258 -0.018995 9.36049e-05 -0.000241473 -0.018995 0.0914384 
0.00961452 -0.0178172 -6.9101e-05 9.48445e-05 -0.0178172 0.0884656 9.21347e-05 -0.000231692 -6.9101e-05 9.21347e-05 0.010483 -0.0189879 9.48445e-05 -0.000231692 -0.0189879 0.0914152 
0.00962911 -0.0178712 -7.58518e-05 9.48147e-05 -0.0178712 0.0885691 8.80422e-05 -0.000237037 -7.58518e-05 8.80422e-05 0.0104513 -0.0189223 9.48147e-05 -0.000237037 -0.0189223 0.091289 
0.00964216 -0.0178912 -8.82609e-05 8.14716e-05 -0.0178912 0.0886601 7.60402e-05 -0.000198248 -8.82609e-05 7.60402e-05 0.0104175 -0.0188838 8.14716e-05 -0.000198248 -0.0188838 0.091183 
0.00965764 -0.0179139 -8.69935e-05 0.000100586 -0.0179139 0.0887402 0.000103305 -0.000232436 -8.69935e-05 0.000103305 0.0103821 -0.0188409 0.000100586 -0.000232436 -0.0188409 0.0910713 
0.00966793 -0.0179439 -8.65745e-05 9.8749e-05 -0.0179439 0.0888295 0.00010416 -0.000242138 -8.65745e-05 0.00010416 0.0103998 -0.0188069 9.8749e-05 -0.000242138 -0.0188069 0.0909925 
0.00966962 -0.0179392 -8.09286e-05 9.44167e-05 -0.0179392 0.0888367 9.71144e-05 -0.000240088 -8.09286e-05 9.71144e-05 0.0104196 -0.0188375 9.44167e-05 -0.000240088 -0.0188375 0.091011 
0.00967495 -0.0179388 -7.56172e-05 0.000109375 -0.0179388 0.0888421 0.000109375 -0.000275463 -7.56172e-05 0.000109375 0.0104163 -0.0188611 0.000109375 -0.000275463 -0.0188611 0.0910877 
0.00968282 -0.0179646 -4.19228e-05 8.79027e-05 -0.0179646 0.0888899 8.9255e-05 -0.000240718 -4.19228e-05 8.9255e-05 0.010405 -0.0188504 8.79027e-05 -0.000240718 -0.0188504 0.0910888 
0.00966968 -0.0179589 -4.20362e-05 5.83082e-05 -0.0179589 0.0888902 5.55962e-05 -0.000176281 -4.20362e-05 5.55962e-05 0.0104019 -0.0188485 5.83082e-05 -0.000176281 -0.0188485 0.091091 
0.00967634 -0.0179441 -5.53705e-05 4.72675e-05 -0.0179441 0.0888684 4.8618e-05 -0.000124246 -5.53705e-05 4.8618e-05 0.0104218 -0.018857 4.72675e-05 -0.000124246 -0.018857 0.0911399 
0.00965748 -0.0179374 -6.87413e-05 7.41328e-05 -0.0179374 0.0888367 7.68285e-05 -0.000157701 -6.87413e-05 7.68285e-05 0.0104608 -0.0188917 7.41328e-05 -0.000157701 -0.0188917 0.0912143 
0.00966774 -0.0179403 -7.66854e-05 9.95564e-05 -0.0179403 0.0888487 9.4175e-05 -0.000219293 -7.66854e-05 9.4175e-05 0.0104884 -0.0189332 9.95564e-05 -0.000219293 -0.0189332 0.0913027 
0.00965353 -0.0179363 -8.49165e-05 0.000106483 -0.0179363 0.088824 0.000105135 -0.00025475 -8.49165e-05 0.000105135 0.0104892 -0.0189593 0.000106483 -0.00025475 -0.0189593 0.0913756 
0.00965215 -0.017939 -7.84838e-05 0.000109607 -0.017939 0.0888531 0.000105547 -0.000269281 -7.84838e-05 0.000105547 0.01046 -0.0189376 0.000109607 -0.000269281 -0.0189376 0.0913335 
0.0096602 -0.0179353 -6.77623e-05 0.000102999 -0.0179353 0.0888554 0.000101644 -0.000258852 -6.77623e-05 0.000101644 0.0104368 -0.0189098 0.000102999 -0.000258852 -0.0189098 0.0912745 
0.0096622 -0.0179414 -4.61009e-05 7.18631e-05 -0.0179414 0.0888703 6.77954e-05 -0.000187115 -4.61009e-05 6.77954e-05 0.0104242 -0.0188729 7.18631e-05 -0.000187115 -0.0188729 0.0911862 
0.00965022 -0.0179321 -3.65795e-05 4.47083e-05 -0.0179321 0.0888367 4.19987e-05 -0.000117867 -3.65795e-05 4.19987e-05 0.0104428 -0.0188764 4.47083e-05 -0.000117867 -0.0188764 0.0911751 
0.00964767 -0.0179212 -5.28009e-05 4.73854e-05 -0.0179212 0.0888097 4.46777e-05 -0.000111017 -5.28009e-05 4.46777e-05 0.0104519 -0.0188919 4.73854e-05 -0.000111017 -0.0188919 0.0911885 
0.00966396 -0.0179193 -5.4231e-05 6.37214e-05 -0.0179193 0.0887951 5.96541e-05 -0.000132866 -5.4231e-05 5.96541e-05 0.0104286 -0.0188954 6.37214e-05 -0.000132866 -0.0188954 0.0911907 
0.00968676 -0.017927 -5.56866e-05 8.14926e-05 -0.017927 0.0887862 7.33434e-05 -0.000179284 -5.56866e-05 7.33434e-05 0.0103849 -0.0188778 8.14926e-05 -0.000179284 -0.0188778 0.0911767 
0.00968989 -0.0179499 -4.34524e-05 6.78944e-05 -0.0179499 0.0888249 6.51786e-05 -0.000175167 -4.34524e-05 6.51786e-05 0.0103838 -0.0188353 6.78944e-05 -0.000175167 -0.0188353 0.0911143 
0.00967015 -0.0179425 -5.43878e-05 6.2546e-05 -0.0179425 0.0888112 5.98266e-05 -0.000169962 -5.43878e-05 5.98266e-05 0.0103826 -0.0188318 6.2546e-05 -0.000169962 -0.0188318 0.091071 
0.00963911 -0.0179275 -6.39975e-05 7.21674e-05 -0.0179275 0.0887904 7.08057e-05 -0.000185184 -6.39975e-05 7.08057e-05 0.0103935 -0.0188139 7.21674e-05 -0.000185184 -0.0188139 0.0910153 
0.00962357 -0.0178799 -7.48969e-05 9.39615e-05 -0.0178799 0.088697 9.39615e-05 -0.000234223 -7.48969e-05 9.39615e-05 0.0104011 -0.0188427 9.39615e-05 -0.000234223 -0.0188427 0.0910555 
0.00960231 -0.0178611 -6.80629e-05 8.03142e-05 -0.0178611 0.0886233 8.03142e-05 -0.000210995 -6.80629e-05 8.03142e-05 0.0104177 -0.0188466 8.03142e-05 -0.000210995 -0.0188466 0.0910817 
0.00957958 -0.0178298 -7.35528e-05 8.98979e-05 -0.0178298 0.0885386 9.126e-05 -0.000223383 -7.35528e-05 9.126e-05 0.01042 -0.0188636 8.98979e-05 -0.000223383 -0.0188636 0.0911088 
0.00959844 -0.0178311 -7.33846e-05 9.78462e-05 -0.0178311 0.0885453 0.000103282 -0.000252769 -7.33846e-05 0.000103282 0.0104084 -0.0188531 9.78462e-05 -0.000252769 -0.0188531 0.091088 
0.00962721 -0.0178768 -5.83056e-05 8.81364e-05 -0.0178768 0.0886422 0.00010034 -0.000246782 -5.83056e-05 0.00010034 0.0103987 -0.0188205 8.81364e-05 -0.000246782 -0.0188205 0.0910137 
0.00963571 -0.0178999 -3.65194e-05 6.22182e-05 -0.0178999 0.088711 7.16862e-05 -0.000190712 -3.65194e-05 7.16862e-05 0.0104134 -0.018821 6.22182e-05 -0.000190712 -0.018821 0.0909969 
0.00962857 -0.017893 -2.83909e-05 3.37987e-05 -0.017893 0.0887148 3.51506e-05 -0.000109508 -2.83909e-05 3.51506e-05 0.0104343 -0.018857 3.37987e-05 -0.000109508 -0.018857 0.0910793 
0.00963369 -0.0179184 -4.56828e-05 3.09031e-05 -0.0179184 0.0887952 2.55286e-05 -6.71806e-05 -4.56828e-05 2.55286e-05 0.0104829 -0.0188737 3.09031e-05 -6.71806e-05 -0.0188737 0.0911398 
0.00962943 -0.0179088 -5.78223e-05 6.18564e-05 -0.0179088 0.0887841 5.37882e-05 -0.000116989 -5.78223e-05 5.37882e-05 0.0105021 -0.0189428 6.18564e-05 -0.000116989 -0.0189428 0.0912691 
0.0096534 -0.0179037 -7.12974e-05 8.87855e-05 -0.0179037 0.0887693 8.6095e-05 -0.00020313 -7.12974e-05 8.6095e-05 0.0104955 -0.018988 8.87855e-05 -0.00020313 -0.018988 0.0914167 
0.00968987 -0.0179342 -6.98562e-05 8.86637e-05 -0.0179342 0.0888209 9.26938e-05 -0.000225689 -6.98562e-05 9.26938e-05 0.0104878 -0.0189848 8.86637e-05 -0.000225689 -0.0189848 0.0914875 
0.00971123 -0.0179806 -6.04684e-05 7.92808e-05 -0.0179806 0.0889182 8.59995e-05 -0.000224405 -6.04684e-05 8.59995e-05 0.0104906 -0.0189736 7.92808e-05 -0.000224405 -0.0189736 0.0914874 
0.00970184 -0.0179923 -6.72711e-05 7.13074e-05 -0.0179923 0.0889674 7.39982e-05 -0.000197777 -6.72711e-05 7.39982e-05 0.0105064 -0.0189906 7.13074e-05 -0.000197777 -0.0189906 0.091521 
0.00967587 -0.0179947 -8.09357e-05 7.41911e-05 -0.0179947 0.0889956 8.09357e-05 -0.000190199 -8.09357e-05 8.09357e-05 0.0105284 -0.0189956 7.41911e-05 -0.000190199 -0.0189956 0.0915289 
0.00967319 -0.0179672 -8.35871e-05 0.000101113 -0.0179672 0.0889691 0.00010381 -0.000246717 -8.35871e-05 0.00010381 0.0105333 -0.0190147 0.000101113 -0.000246717 -0.0190147 0.0915481 
0.00966832 -0.0179572 -9.88221e-05 0.000117774 -0.0179572 0.0889372 0.000120482 -0.000303235 -9.88221e-05 0.000120482 0.010513 -0.0190077 0.000117774 -0.000303235 -0.0190077 0.0915282 
0.00966863 -0.0179539 -9.34887e-05 0.000115167 -0.0179539 0.0889186 0.000117877 -0.00029808 -9.34887e-05 0.000117877 0.0105073 -0.0189918 0.000115167 -0.00029808 -0.0189918 0.0915092 
0.00966009 -0.0179515 -7.83615e-05 9.86275e-05 -0.0179515 0.0889106 0.000102681 -0.000262106 -7.83615e-05 0.000102681 0.0105288 -0.0189811 9.86275e-05 -0.000262106 -0.0189811 0.0914803 
0.00968945 -0.0179712 -7.69325e-05 8.23313e-05 -0.0179712 0.0889637 8.90798e-05 -0.000222699 -7.69325e-05 8.90798e-05 0.0105249 -0.0189915 8.23313e-05 -0.000222699 -0.0189915 0.0914485 
0.00970695 -0.0179912 -9.20475e-05 8.2572e-05 -0.0179912 0.0889978 8.39257e-05 -0.000201692 -9.20475e-05 8.39257e-05 0.0105097 -0.018997 8.2572e-05 -0.000201692 -0.018997 0.0914681 
0.00967625 -0.0179933 -0.000101841 0.000119493 -0.0179933 0.0889968 0.000116778 -0.000263429 -0.000101841 0.000116778 0.0105195 -0.0189872 0.000119493 -0.000263429 -0.0189872 0.0914559 
0.00966666 -0.0179437 -0.000113662 0.000150196 -0.0179437 0.0889119 0.000144783 -0.000358576 -0.000113662 0.000144783 0.010534 -0.0190086 0.000150196 -0.000358576 -0.0190086 0.0915085 
0.00967826 -0.0179386 -0.000109382 0.000147193 -0.0179386 0.0888652 0.000143141 -0.000376759 -0.000109382 0.000143141 0.010525 -0.0190149 0.000147193 -0.000376759 -0.0190149 0.0915241 
0.00966701 -0.0179445 -9.20023e-05 0.000121768 -0.0179445 0.0888404 0.000119062 -0.000317949 -9.20023e-05 0.000119062 0.0105045 -0.0189985 0.000121768 -0.000317949 -0.0189985 0.0914868 
0.00966904 -0.0179299 -8.26761e-05 0.000108428 -0.0179299 0.0888104 0.000108428 -0.000288689 -8.26761e-05 0.000108428 0.010466 -0.0189762 0.000108428 -0.000288689 -0.0189762 0.0914303 
0.00966691 -0.0179304 -9.88908e-05 0.000111083 -0.0179304 0.0887972 0.000107019 -0.000281771 -9.88908e-05 0.000107019 0.0104404 -0.0189247 0.000111083 -0.000281771 -0.0189247 0.0913263 
0.00967129 -0.0179318 -0.000105402 0.000117564 -0.0179318 0.0888038 0.000118915 -0.000285126 -0.000105402 0.000118915 0.0104267 -0.0188886 0.000117564 -0.000285126 -0.0188886 0.0912253 
0.00968776 -0.0179568 -0.000110686 0.000137683 -0.0179568 0.0888636 0.000139033 -0.00032801 -0.000110686 0.000139033 0.0104045 -0.0188518 0.000137683 -0.00032801 -0.0188518 0.0911178 
0.00968805 -0.0179766 -0.000104216 0.000129932 -0.0179766 0.0889222 0.000136699 -0.000334304 -0.000104216 0.000136699 0.0103932 -0.018832 0.000129932 -0.000334304 -0.018832 0.0910471 
0.00968355 -0.0179758 -0.000101505 0.000129926 -0.0179758 0.0889493 0.000132633 -0.000331582 -0.000101505 0.000132633 0.0104008 -0.0188312 0.000129926 -0.000331582 -0.0188312 0.0910308 
0.00967542 -0.0179591 -0.000101732 0.000123435 -0.0179591 0.0889167 0.000124792 -0.000314692 -0.000101732 0.000124792 0.0103984 -0.0188408 0.000123435 -0.000314692 -0.0188408 0.091049 
0.00966056 -0.0179537 -0.000111463 0.000125056 -0.0179537 0.0888847 0.000122337 -0.000305843 -0.000111463 0.000122337 0.0103959 -0.0188318 0.000125056 -0.000305843 -0.0188318 0.0910447 
0.00962716 -0.0179179 -0.000123721 0.000135958 -0.0179179 0.0888076 0.000138677 -0.000327658 -0.000123721 0.000138677 0.0104225 -0.0188424 0.000135958 -0.000327658 -0.0188424 0.0910631 
0.00961559 -0.0178787 -0.000110102 0.000134569 -0.0178787 0.0887084 0.000135929 -0.000322151 -0.000110102 0.000135929 0.0104244 -0.0188628 0.000134569 -0.000322151 -0.0188628 0.0910994 
0.00961766 -0.0178402 -0.000101983 0.000131898 -0.0178402 0.0885782 0.000125099 -0.000320906 -0.000101983 0.000125099 0.0103982 -0.0188763 0.000131898 -0.000320906 -0.0188763 0.0911454 
0.00963053 -0.0178344 -0.000107338 0.000138588 -0.0178344 0.0885158 0.000131795 -0.000338318 -0.000107338 0.000131795 0.0103656 -0.0188494 0.000138588 -0.000338318 -0.0188494 0.0911218 
0.00965406 -0.0178907 -0.000108717 0.000141332 -0.0178907 0.0886179 0.000139973 -0.000347894 -0.000108717 0.000139973 0.0103335 -0.0187741 0.000141332 -0.000347894 -0.0187741 0.0909634 
0.00965122 -0.0179004 -9.78164e-05 0.000139932 -0.0179004 0.0886665 0.000144007 -0.00035866 -9.78164e-05 0.000144007 0.0103278 -0.0187509 0.000139932 -0.00035866 -0.0187509 0.0908646 
0.00965612 -0.0178929 -8.1647e-05 0.000107502 -0.0178929 0.0886673 0.000111584 -0.000291208 -8.1647e-05 0.000111584 0.0103107 -0.0187461 0.000107502 -0.000291208 -0.0187461 0.0908295 
0.00965458 -0.0179021 -5.99918e-05 9.27145e-05 -0.0179021 0.0886856 9.13511e-05 -0.000234513 -5.99918e-05 9.13511e-05 0.0102872 -0.0187174 9.27145e-05 -0.000234513 -0.0187174 0.0907634 
0.0096363 -0.0178993 -3.8299e-05 5.19772e-05 -0.0178993 0.0886827 4.92415e-05 -0.000136782 -3.8299e-05 4.92415e-05 0.0102846 -0.0186885 5.19772e-05 -0.000136782 -0.0186885 0.0906947 
0.00961944 -0.0178782 -2.87761e-05 2.74058e-05 -0.0178782 0.0886537 2.60355e-05 -5.89225e-05 -2.87761e-05 2.60355e-05 0.010284 -0.0186771 2.74058e-05 -5.89225e-05 -0.0186771 0.0906379 
0.00962333 -0.0178711 -5.06924e-05 4.79522e-05 -0.0178711 0.0886431 4.3842e-05 -0.000100015 -5.06924e-05 4.3842e-05 0.0102768 -0.0186616 4.79522e-05 -0.000100015 -0.0186616 0.0905859 
0.00962179 -0.0178544 -6.02218e-05 6.84338e-05 -0.0178544 0.0885903 6.56965e-05 -0.000153292 -6.02218e-05 6.56965e-05 0.0102733 -0.018666 6.84338e-05 -0.000153292 -0.018666 0.0905817 
0.00962026 -0.0178594 -5.44826e-05 6.81032e-05 -0.0178594 0.0885818 6.67411e-05 -0.000168896 -5.44826e-05 6.67411e-05 0.0103054 -0.0186684 6.81032e-05 -0.000168896 -0.0186684 0.0906031 
0.00962581 -0.0178724 -5.70137e-05 7.46608e-05 -0.0178724 0.0886237 6.92309e-05 -0.000184616 -5.70137e-05 6.92309e-05 0.0103317 -0.0186991 7.46608e-05 -0.000184616 -0.0186991 0.0906436 
0.00964869 -0.0178793 -5.15175e-05 6.77862e-05 -0.0178793 0.0886346 7.32091e-05 -0.000178956 -5.15175e-05 7.32091e-05 0.0103374 -0.0187483 6.77862e-05 -0.000178956 -0.0187483 0.0907644 
0.0096522 -0.0178979 -7.03947e-05 8.25784e-05 -0.0178979 0.0886648 8.25784e-05 -0.000208477 -7.03947e-05 8.25784e-05 0.0103548 -0.0187724 8.25784e-05 -0.000208477 -0.0187724 0.090866 
0.00965579 -0.017901 -9.74648e-05 9.61112e-05 -0.017901 0.088693 9.88185e-05 -0.000240955 -9.74648e-05 9.88185e-05 0.0103583 -0.0187877 9.61112e-05 -0.000240955 -0.0187877 0.0909212 
0.00964569 -0.0178995 -0.000120385 0.000125796 -0.0178995 0.08869 0.000129854 -0.000293523 -0.000120385 0.000129854 0.0103531 -0.0187895 0.000125796 -0.000293523 -0.0187895 0.0909449 
0.0096487 -0.0178999 -0.000128523 0.000150169 -0.0178999 0.0886985 0.000147463 -0.000350394 -0.000128523 0.000147463 0.0103576 -0.0187901 0.000150169 -0.000350394 -0.0187901 0.0909564 
0.00963358 -0.0178991 -0.000130037 0.000150355 -0.0178991 0.0887042 0.000153064 -0.000365729 -0.000130037 0.000153064 0.0103745 -0.0187985 0.000150355 -0.000365729 -0.0187985 0.0909826 
0.00964239 -0.0179048 -0.000125823 0.000166411 -0.0179048 0.0887392 0.000166411 -0.000415352 -0.000125823 0.000166411 0.0103933 -0.0188126 0.000166411 -0.000415352 -0.0188126 0.0910162 
0.00965403 -0.0179264 -0.000128432 0.000164934 -0.0179264 0.0888006 0.000166286 -0.000436669 -0.000128432 0.000166286 0.0104219 -0.0188335 0.000164934 -0.000436669 -0.0188335 0.0910596 
0.00963537 -0.017926 -0.000109693 0.000158445 -0.017926 0.0888093 0.0001598 -0.000411687 -0.000109693 0.0001598 0.0104493 -0.018874 0.000158445 -0.000411687 -0.018874 0.0911494 
0.00961878 -0.0178967 -8.93889e-05 0.00013002 -0.0178967 0.0887482 0.000131375 -0.00035891 -8.93889e-05 0.000131375 0.0104788 -0.0189234 0.00013002 -0.00035891 -0.0189234 0.0912769 
0.0096328 -0.0178731 -7.43585e-05 9.7342e-05 -0.0178731 0.0886853 0.000100046 -0.000275802 -7.43585e-05 0.000100046 0.0104764 -0.018952 9.7342e-05 -0.000275802 -0.018952 0.0913595 
0.00965526 -0.0178943 -9.32419e-05 8.91879e-05 -0.0178943 0.0887 8.78365e-05 -0.000231078 -9.32419e-05 8.78365e-05 0.0104552 -0.018943 8.91879e-05 -0.000231078 -0.018943 0.0913676 
0.00967128 -0.0179156 -9.71988e-05 9.31488e-05 -0.0179156 0.0887398 9.44988e-05 -0.000213297 -9.71988e-05 9.44988e-05 0.010457 -0.0189349 9.31488e-05 -0.000213297 -0.0189349 0.0913709 
0.00968874 -0.0179528 -0.00011354 0.000118947 -0.0179528 0.0888328 0.000117595 -0.000263575 -0.00011354 0.000117595 0.010447 -0.0189233 0.000118947 -0.000263575 -0.0189233 0.0913293 
0.00969287 -0.0179728 -0.000129924 0.000138044 -0.0179728 0.0889059 0.000139398 -0.000330223 -0.000129924 0.000139398 0.0104467 -0.0189066 0.000138044 -0.000330223 -0.0189066 0.0912905 
0.00970879 -0.0179781 -0.000145834 0.000176892 -0.0179781 0.0889441 0.000176892 -0.000419949 -0.000145834 0.000176892 0.0104461 -0.0189112 0.000176892 -0.000419949 -0.0189112 0.0912829 
0.00973024 -0.0179927 -0.000128047 0.000169831 -0.0179927 0.0889793 0.000172527 -0.000421882 -0.000128047 0.000172527 0.0104406 -0.0189079 0.000169831 -0.000421882 -0.0189079 0.0912761 
0.00972696 -0.0180246 -0.000100846 0.000150597 -0.0180246 0.0890567 0.000149253 -0.000384561 -0.000100846 0.000149253 0.0104638 -0.0188973 0.000150597 -0.000384561 -0.0188973 0.0912565 
0.0097134 -0.0180334 -8.91138e-05 0.000121519 -0.0180334 0.089099 0.000116118 -0.0003227 -8.91138e-05 0.000116118 0.0104574 -0.0189083 0.000121519 -0.0003227 -0.0189083 0.0912363 
0.00969677 -0.0180017 -9.22468e-05 0.000108526 -0.0180017 0.089048 0.000101743 -0.000269958 -9.22468e-05 0.000101743 0.0104415 -0.0189147 0.000108526 -0.000269958 -0.0189147 0.0912592 
0.00968649 -0.0179809 -0.000104477 0.000130257 -0.0179809 0.0889898 0.000130257 -0.00031343 -0.000104477 0.000130257 0.0104368 -0.0188981 0.000130257 -0.00031343 -0.0188981 0.0912421 
0.00969069 -0.017978 -0.000115365 0.000130295 -0.017978 0.0889751 0.000134367 -0.000329809 -0.000115365 0.000134367 0.0104263 -0.0188778 0.000130295 -0.000329809 -0.0188778 0.0911779 
0.00970638 -0.0179671 -0.000107036 0.000132779 -0.0179671 0.0889291 0.000140908 -0.000331946 -0.000107036 0.000140908 0.0104136 -0.0188749 0.000132779 -0.000331946 -0.0188749 0.0911647 
0.00969997 -0.0179914 -8.67642e-05 0.000109811 -0.0179914 0.0889618 0.000122012 -0.000294185 -8.67642e-05 0.000122012 0.0104171 -0.0188482 0.000109811 -0.000294185 -0.0188482 0.0911065 
0.00967018 -0.0179864 -9.48722e-05 0.000112491 -0.0179864 0.0889806 0.000120623 -0.000303591 -9.48722e-05 0.000120623 0.0104549 -0.0188606 0.000112491 -0.000303591 -0.0188606 0.0911071 
0.00967104 -0.0179297 -9.83816e-05 0.000128031 -0.0179297 0.0888722 0.000129378 -0.000326142 -9.83816e-05 0.000129378 0.0104797 -0.0189297 0.000128031 -0.000326142 -0.0189297 0.0912482 
0.00970618 -0.0179438 -8.34535e-05 0.000127872 -0.0179438 0.088851 0.00012518 -0.0003217 -8.34535e-05 0.00012518 0.0104586 -0.0189466 0.000127872 -0.0003217 -0.0189466 0.0913277 
0.00972999 -0.0180049 -7.25517e-05 0.000116889 -0.0180049 0.0889605 0.00010614 -0.000294237 -7.25517e-05 0.00010614 0.0104622 -0.0189239 0.000116889 -0.000294237 -0.0189239 0.0913224 
0.00973076 -0.018022 -8.2065e-05 0.000108972 -0.018022 0.0890325 0.0001009 -0.000294627 -8.2065e-05 0.0001009 0.0104599 -0.0189274 0.000108972 -0.000294627 -0.0189274 0.0913263 
0.00971468 -0.0180186 -8.50507e-05 0.000103951 -0.0180186 0.0890399 9.85508e-05 -0.000265952 -8.50507e-05 9.85508e-05 0.0104612 -0.0189339 0.000103951 -0.000265952 -0.0189339 0.0913444 
0.00969289 -0.0179893 -8.93978e-05 0.000100234 -0.0179893 0.0889888 9.88794e-05 -0.00024923 -8.93978e-05 9.88794e-05 0.010446 -0.0189252 0.000100234 -0.00024923 -0.0189252 0.0913294 
0.0096743 -0.0179791 -0.000101592 0.000101592 -0.0179791 0.0889691 0.000104301 -0.000246531 -0.000101592 0.000104301 0.010445 -0.0188921 0.000101592 -0.000246531 -0.0188921 0.0912461 
0.00965813 -0.0179429 -0.000106787 9.59731e-05 -0.0179429 0.0888859 0.000100028 -0.000216277 -0.000106787 0.000100028 0.0104597 -0.0189026 9.59731e-05 -0.000216277 -0.0189026 0.0912474 
0.00965837 -0.0179272 -0.000114675 0.000124119 -0.0179272 0.0888276 0.000126818 -0.000269825 -0.000114675 0.000126818 0.0104652 -0.0189174 0.000124119 -0.000269825 -0.0189174 0.0912601 
0.00965921 -0.0179183 -9.55825e-05 0.000137316 -0.0179183 0.0887921 0.000138662 -0.000323096 -9.55825e-05 0.000138662 0.0104791 -0.0189388 0.000137316 -0.000323096 -0.0189388 0.0913136 
0.00967925 -0.0179093 -9.41039e-05 0.000127712 -0.0179093 0.0887601 0.000131745 -0.000342807 -9.41039e-05 0.000131745 0.0104711 -0.0189633 0.000127712 -0.000342807 -0.0189633 0.0913923 
0.00969292 -0.0179448 -0.000102257 0.000115712 -0.0179448 0.0888118 0.000115712 -0.000308117 -0.000102257 0.000115712 0.0104612 -0.0189512 0.000115712 -0.000308117 -0.0189512 0.0914046 
0.00968991 -0.0179613 -0.000118663 0.000124057 -0.0179613 0.088857 0.000126754 -0.000312839 -0.000118663 0.000126754 0.0104477 -0.0189375 0.000124057 -0.000312839 -0.0189375 0.0913894 
0.00969415 -0.0179718 -0.000129633 0.000149889 -0.0179718 0.0889042 0.000145838 -0.00034839 -0.000129633 0.000145838 0.0104382 -0.0189184 0.000149889 -0.00034839 -0.0189184 0.0913402 
0.00971241 -0.0180043 -0.000125574 0.000167432 -0.0180043 0.0890252 0.000166082 -0.000402377 -0.000125574 0.000166082 0.0104307 -0.018878 0.000167432 -0.000402377 -0.018878 0.0912289 
0.00973717 -0.0180436 -0.000129094 0.000160023 -0.0180436 0.0891407 0.000161367 -0.000416866 -0.000129094 0.000161367 0.0104418 -0.0188625 0.000160023 -0.000416866 -0.0188625 0.0911497 
0.00973151 -0.0180613 -0.000136001 0.000141388 -0.0180613 0.0891981 0.000146774 -0.000368954 -0.000136001 0.000146774 0.01046 -0.0188746 0.000141388 -0.000368954 -0.0188746 0.0911331 
0.00971597 -0.0180081 -0.000120117 0.000155207 -0.0180081 0.0890903 0.000159256 -0.000367099 -0.000120117 0.000159256 0.0104502 -0.0189272 0.000155207 -0.000367099 -0.0189272 0.091247 
0.00968472 -0.0179993 -0.000121854 0.000152995 -0.0179993 0.0890242 0.000158411 -0.000392642 -0.000121854 0.000158411 0.0104524 -0.0189105 0.000152995 -0.000392642 -0.0189105 0.0912636 
0.00966435 -0.0179448 -0.000127287 0.000162494 -0.0179448 0.088898 0.000162494 -0.00040759 -0.000127287 0.000162494 0.0104538 -0.0189211 0.000162494 -0.00040759 -0.0189211 0.0912921 
0.00965074 -0.0179189 -0.000117923 0.000159942 -0.0179189 0.0887923 0.000157231 -0.000402566 -0.000117923 0.000157231 0.0104383 -0.0189111 0.000159942 -0.000402566 -0.0189111 0.0912795 
0.0096504 -0.0178931 -9.6287e-05 0.000134259 -0.0178931 0.0887088 0.000130191 -0.000347176 -9.6287e-05 0.000130191 0.0104234 -0.0189021 0.000134259 -0.000347176 -0.0189021 0.0912638 
0.00966203 -0.0179255 -8.68131e-05 0.000111229 -0.0179255 0.0887745 0.000103091 -0.000288925 -8.68131e-05 0.000103091 0.0104013 -0.0188439 0.000111229 -0.000288925 -0.0188439 0.0911225 
0.00964554 -0.0179128 -5.69779e-05 9.63198e-05 -0.0179128 0.0887444 8.95367e-05 -0.000236051 -5.69779e-05 8.95367e-05 0.0104066 -0.0188475 9.63198e-05 -0.000236051 -0.0188475 0.0910968 
0.00963075 -0.0178917 -6.23876e-05 8.40876e-05 -0.0178917 0.0886962 8.13751e-05 -0.000225138 -6.23876e-05 8.13751e-05 0.0104079 -0.0188492 8.40876e-05 -0.000225138 -0.0188492 0.0910886 
0.00963125 -0.0178756 -8.6768e-05 0.000107104 -0.0178756 0.0886552 0.000104393 -0.000269794 -8.6768e-05 0.000104393 0.0103932 -0.0188449 0.000107104 -0.000269794 -0.0188449 0.0910725 
0.0096341 -0.0178751 -0.00010435 0.000112481 -0.0178751 0.0886421 0.000115192 -0.000284591 -0.00010435 0.000115192 0.0103849 -0.0188332 0.000112481 -0.000284591 -0.0188332 0.091053 
0.00964442 -0.0178742 -9.91051e-05 0.000112681 -0.0178742 0.0886203 0.000112681 -0.000270163 -9.91051e-05 0.000112681 0.0103572 -0.0188272 0.000112681 -0.000270163 -0.0188272 0.0910368 
0.00966074 -0.0178932 -9.51261e-05 0.000112792 -0.0178932 0.0886576 0.000112792 -0.000266353 -9.51261e-05 0.000112792 0.0103334 -0.0187874 0.000112792 -0.000266353 -0.0187874 0.0909841 
0.00966576 -0.017914 -9.36842e-05 0.000109977 -0.017914 0.0887162 0.000111335 -0.000262044 -9.36842e-05 0.000111335 0.0103311 -0.0187626 0.000109977 -0.000262044 -0.0187626 0.0909171 
0.00966796 -0.0179231 -8.02264e-05 0.000104702 -0.0179231 0.0887494 0.000110141 -0.000261076 -8.02264e-05 0.000110141 0.0103302 -0.0187553 0.000104702 -0.000261076 -0.0187553 0.0908706 
0.00965328 -0.0179425 -5.71764e-05 9.66553e-05 -0.0179425 0.0888167 9.39326e-05 -0.00024368 -5.71764e-05 9.39326e-05 0.0103353 -0.0187266 9.66553e-05 -0.00024368 -0.0187266 0.0907879 
0.00964189 -0.0179186 -2.58861e-05 6.94837e-05 -0.0179186 0.0887961 6.81213e-05 -0.000188015 -2.58861e-05 6.81213e-05 0.0103531 -0.0187497 6.94837e-05 -0.000188015 -0.0187497 0.0908098 
0.0096329 -0.0179142 -2.45494e-05 5.45542e-05 -0.0179142 0.0887801 5.04626e-05 -0.000165026 -2.45494e-05 5.04626e-05 0.0103598 -0.018753 5.45542e-05 -0.000165026 -0.018753 0.0908123 
0.00960152 -0.0178664 -2.58875e-05 3.27e-05 -0.0178664 0.0886605 2.725e-05 -0.000109 -2.58875e-05 2.725e-05 0.0103809 -0.0187888 3.27e-05 -0.000109 -0.0187888 0.0908936 
0.00960018 -0.017834 -2.31592e-05 3.542e-05 -0.017834 0.088569 2.86084e-05 -7.76515e-05 -2.31592e-05 2.86084e-05 0.0103821 -0.0188175 3.542e-05 -7.76515e-05 -0.0188175 0.0909653 
0.00961368 -0.0178341 -1.22693e-05 3.40814e-05 -0.0178341 0.0885285 3.27181e-05 -8.45219e-05 -1.22693e-05 3.27181e-05 0.0103621 -0.0188157 3.40814e-05 -8.45219e-05 -0.0188157 0.0909878 
0.00964162 -0.0178673 -1.09022e-05 1.49905e-05 -0.0178673 0.0885843 1.49905e-05 -4.76971e-05 -1.09022e-05 1.49905e-05 0.010338 -0.0187776 1.49905e-05 -4.76971e-05 -0.0187776 0.0909256 
0.00967001 -0.0179178 -2.72203e-05 1.49712e-05 -0.0179178 0.0887164 1.36101e-05 -3.81084e-05 -2.72203e-05 1.36101e-05 0.0103247 -0.0187384 1.49712e-05 -3.81084e-05 -0.0187384 0.0908341 
0.00967808 -0.0179522 -3.8092e-05 2.44877e-05 -0.0179522 0.0888128 2.17668e-05 -3.67315e-05 -3.8092e-05 2.17668e-05 0.0103379 -0.0187317 2.44877e-05 -3.67315e-05 -0.0187317 0.0907854 
0.00967311 -0.0179326 -3.39169e-05 5.15537e-05 -0.0179326 0.0888013 4.6127e-05 -9.08974e-05 -3.39169e-05 4.6127e-05 0.0103623 -0.0187669 5.15537e-05 -9.08974e-05 -0.0187669 0.0908621 
0.00966173 -0.0179376 -3.93636e-05 5.29373e-05 -0.0179376 0.088803 5.42946e-05 -0.00012895 -3.93636e-05 5.42946e-05 0.0103879 -0.0187941 5.29373e-05 -0.00012895 -0.0187941 0.0909218 
0.00964791 -0.0179131 -5.41713e-05 5.14628e-05 -0.0179131 0.0887638 5.2817e-05 -0.000136783 -5.41713e-05 5.2817e-05 0.0104104 -0.0188354 5.14628e-05 -0.000136783 -0.0188354 0.0910227 
0.0096372 -0.017866 -7.03544e-05 6.08836e-05 -0.017866 0.088633 6.62955e-05 -0.000147474 -7.03544e-05 6.62955e-05 0.0104287 -0.0188875 6.08836e-05 -0.000147474 -0.0188875 0.0911793 
0.00965472 -0.0179057 -8.63836e-05 9.44821e-05 -0.0179057 0.0887106 0.00010393 -0.000218659 -8.63836e-05 0.00010393 0.0104376 -0.0188748 9.44821e-05 -0.000218659 -0.0188748 0.0911941 
