0.00683118 0 -7.28465e-05 0 0 0.00998725 0 0 -7.28465e-05 0 0.00773083 0 0 0 0 0.00998725 
0.00973534 -0.0120938 -9.44696e-05 0.000109386 -0.0120938 0.0323832 0.000109386 -0.0002138 -9.44696e-05 0.000109386 0.0108126 -0.0134196 0.000109386 -0.0002138 -0.0134196 0.0349173 
0.00993486 -0.0185793 -3.69638e-05 7.89681e-05 -0.0185793 0.0686216 7.89681e-05 -0.000253706 -3.69638e-05 7.89681e-05 0.0107128 -0.0200344 7.89681e-05 -0.000253706 -0.0200344 0.0732354 
0.00946756 -0.0185176 -6.47244e-06 5.17795e-05 -0.0185176 0.0832372 4.85433e-05 -0.000197409 -6.47244e-06 4.85433e-05 0.0100841 -0.0194691 5.17795e-05 -0.000197409 -0.0194691 0.0867744 
0.00942424 -0.0179603 -1.52867e-06 0 -0.0179603 0.0871097 -4.58601e-06 -3.82167e-05 -1.52867e-06 -4.58601e-06 0.0101335 -0.0186987 0 -3.82167e-05 -0.0186987 0.0892957 
0.0095089 -0.0178117 -1.16388e-05 -5.8194e-06 -0.0178117 0.0881683 -1.16388e-05 3.63713e-05 -1.16388e-05 -1.16388e-05 0.0104036 -0.0187181 -5.8194e-06 3.63713e-05 -0.0187181 0.0902007 
0.00956281 -0.0178126 -4.93074e-05 4.22635e-05 -0.0178126 0.0884842 3.94459e-05 -7.04391e-05 -4.93074e-05 3.94459e-05 0.0105743 -0.0189636 4.22635e-05 -7.04391e-05 -0.0189636 0.0910355 
0.00959803 -0.0178039 -6.06511e-05 7.99492e-05 -0.0178039 0.0885065 8.40845e-05 -0.000181953 -6.06511e-05 8.40845e-05 0.0106098 -0.0191092 7.99492e-05 -0.000181953 -0.0191092 0.0915859 
0.00963386 -0.0178308 -7.76375e-05 9.12582e-05 -0.0178308 0.0885163 9.39823e-05 -0.000242447 -7.76375e-05 9.39823e-05 0.0105805 -0.0191097 9.12582e-05 -0.000242447 -0.0191097 0.0917294 
0.00964268 -0.0178746 -8.56221e-05 9.51357e-05 -0.0178746 0.0885904 0.000101931 -0.000254148 -8.56221e-05 0.000101931 0.0105302 -0.0190489 9.51357e-05 -0.000254148 -0.0190489 0.0916334 
0.0096589 -0.0179112 -8.53691e-05 0.00010434 -0.0179112 0.0887012 0.00010705 -0.000268303 -8.53691e-05 0.00010705 0.0104936 -0.0189777 0.00010434 -0.000268303 -0.0189777 0.0914493 
0.00967977 -0.0179448 -6.49195e-05 9.73793e-05 -0.0179448 0.0887991 9.60268e-05 -0.000240743 -6.49195e-05 9.60268e-05 0.0104656 -0.0189281 9.73793e-05 -0.000240743 -0.0189281 0.0912944 
0.00966692 -0.0179364 -4.33737e-05 6.6416e-05 -0.0179364 0.0887941 5.96389e-05 -0.000176206 -4.33737e-05 5.96389e-05 0.0104422 -0.0189191 6.6416e-05 -0.000176206 -0.0189191 0.0912542 
0.00966273 -0.0179276 -3.52506e-05 4.06738e-05 -0.0179276 0.0887895 3.66064e-05 -0.000104396 -3.52506e-05 3.66064e-05 0.0104355 -0.0188997 4.06738e-05 -0.000104396 -0.0188997 0.0912231 
0.0096596 -0.0179278 -2.57662e-05 2.44101e-05 -0.0179278 0.0887984 2.98345e-05 -5.42446e-05 -2.57662e-05 2.98345e-05 0.0104339 -0.0188852 2.44101e-05 -5.42446e-05 -0.0188852 0.0911973 
0.0096544 -0.0179416 -2.44381e-05 3.12265e-05 -0.0179416 0.0888569 3.80148e-05 -7.33143e-05 -2.44381e-05 3.80148e-05 0.0104432 -0.0188676 3.12265e-05 -7.33143e-05 -0.0188676 0.0911392 
0.00962133 -0.0179313 -1.35894e-05 2.85378e-05 -0.0179313 0.0888519 3.80505e-05 -8.56135e-05 -1.35894e-05 3.80505e-05 0.010472 -0.0188798 2.85378e-05 -8.56135e-05 -0.0188798 0.0911472 
0.00961988 -0.0178914 -1.48914e-05 1.7599e-05 -0.0178914 0.0887828 2.30141e-05 -6.49809e-05 -1.48914e-05 2.30141e-05 0.0104917 -0.018923 1.7599e-05 -6.49809e-05 -0.018923 0.091225 
0.00964152 -0.0178729 -2.70146e-05 3.5119e-05 -0.0178729 0.0886917 3.24175e-05 -8.64468e-05 -2.70146e-05 3.24175e-05 0.0104844 -0.0189589 3.5119e-05 -8.64468e-05 -0.0189589 0.0913243 
0.00964857 -0.0178771 -2.96962e-05 4.04948e-05 -0.0178771 0.0886419 3.23959e-05 -9.04385e-05 -2.96962e-05 3.23959e-05 0.0104612 -0.0189597 4.04948e-05 -9.04385e-05 -0.0189597 0.0913793 
0.00963513 -0.0179093 -3.38217e-05 4.73504e-05 -0.0179093 0.0887076 4.05861e-05 -0.000113641 -3.38217e-05 4.05861e-05 0.0104523 -0.0189145 4.73504e-05 -0.000113641 -0.0189145 0.0912916 
0.00963646 -0.017899 -2.84821e-05 4.34014e-05 -0.017899 0.0887287 3.93325e-05 -0.000105791 -2.84821e-05 3.93325e-05 0.0104258 -0.0188932 4.34014e-05 -0.000105791 -0.0188932 0.0912147 
0.00963713 -0.0178903 -3.8027e-05 3.39527e-05 -0.0178903 0.0887224 2.85202e-05 -8.01283e-05 -3.8027e-05 2.85202e-05 0.0104017 -0.0188668 3.39527e-05 -8.01283e-05 -0.0188668 0.0911453 
0.00963481 -0.017881 -3.52923e-05 3.93645e-05 -0.017881 0.0886815 4.20793e-05 -8.41586e-05 -3.52923e-05 4.20793e-05 0.0104004 -0.0188515 3.93645e-05 -8.41586e-05 -0.0188515 0.0911234 
0.00962353 -0.0178665 -3.79359e-05 5.14844e-05 -0.0178665 0.0886237 5.28393e-05 -0.000123292 -3.79359e-05 5.28393e-05 0.0104107 -0.0188541 5.14844e-05 -0.000123292 -0.0188541 0.0911248 
0.00964869 -0.0178735 -2.9805e-05 4.60623e-05 -0.0178735 0.0886347 4.87718e-05 -0.000128703 -2.9805e-05 4.87718e-05 0.0103816 -0.0188449 4.60623e-05 -0.000128703 -0.0188449 0.0910868 
0.00966365 -0.0179046 -4.06092e-06 1.75973e-05 -0.0179046 0.0886892 1.75973e-05 -5.68529e-05 -4.06092e-06 1.75973e-05 0.0103608 -0.0188102 1.75973e-05 -5.68529e-05 -0.0188102 0.0910229 
0.00965904 -0.0179246 6.79066e-06 1.35813e-06 -0.0179246 0.0887526 0 -9.50693e-06 6.79066e-06 0 0.010349 -0.0187857 1.35813e-06 -9.50693e-06 -0.0187857 0.0909433 
0.0096616 -0.0179154 2.71775e-06 1.35887e-06 -0.0179154 0.0887549 1.35887e-06 -9.51212e-06 2.71775e-06 1.35887e-06 0.0103342 -0.0187701 1.35887e-06 -9.51212e-06 -0.0187701 0.090906 
0.0096811 -0.0179151 -6.81288e-06 -6.81288e-06 -0.0179151 0.0887432 -9.53803e-06 1.49883e-05 -6.81288e-06 -9.53803e-06 0.0102847 -0.0187395 -6.81288e-06 1.49883e-05 -0.0187395 0.0908225 
0.00968042 -0.0179497 -4.08629e-06 5.44839e-06 -0.0179497 0.0888128 -1.3621e-06 6.81049e-06 -4.08629e-06 -1.3621e-06 0.010277 -0.0186812 5.44839e-06 6.81049e-06 -0.0186812 0.0906925 
0.00966299 -0.0179479 -1.63249e-05 9.52286e-06 -0.0179479 0.0888388 1.36041e-06 -1.08833e-05 -1.63249e-05 1.36041e-06 0.0102997 -0.0186703 9.52286e-06 -1.08833e-05 -0.0186703 0.0906291 
0.00964841 -0.0179038 -3.27759e-05 3.00446e-05 -0.0179038 0.0887517 2.86789e-05 -5.87235e-05 -3.27759e-05 2.86789e-05 0.0103026 -0.0187123 3.00446e-05 -5.87235e-05 -0.0187123 0.0906787 
0.00963337 -0.0178726 -5.05223e-05 3.55022e-05 -0.0178726 0.0886502 4.64259e-05 -8.73899e-05 -5.05223e-05 4.64259e-05 0.0103052 -0.0187247 3.55022e-05 -8.73899e-05 -0.0187247 0.0907462 
0.00962323 -0.0178466 -4.50257e-05 5.18478e-05 -0.0178466 0.0885561 5.86699e-05 -0.00011734 -4.50257e-05 5.86699e-05 0.0103068 -0.0187348 5.18478e-05 -0.00011734 -0.0187348 0.0907869 
0.00960799 -0.0178403 -4.35428e-05 6.25928e-05 -0.0178403 0.0885225 6.80356e-05 -0.000159203 -4.35428e-05 6.80356e-05 0.0103264 -0.0187357 6.25928e-05 -0.000159203 -0.0187357 0.0908072 
0.00961686 -0.0178626 -4.06862e-05 6.37417e-05 -0.0178626 0.0885725 7.05227e-05 -0.000183088 -4.06862e-05 7.05227e-05 0.0103465 -0.0187373 6.37417e-05 -0.000183088 -0.0187373 0.090798 
0.00961772 -0.0178833 -3.92892e-05 5.69015e-05 -0.0178833 0.0886499 5.82563e-05 -0.000163931 -3.92892e-05 5.82563e-05 0.0103642 -0.0187504 5.69015e-05 -0.000163931 -0.0187504 0.0907918 
0.00960945 -0.0178706 -2.44654e-05 4.3494e-05 -0.0178706 0.0886394 4.21348e-05 -0.000123686 -2.44654e-05 4.21348e-05 0.0103597 -0.0187812 4.3494e-05 -0.000123686 -0.0187812 0.0908467 
0.00958454 -0.017826 -9.55451e-06 1.9109e-05 -0.017826 0.0885171 1.63792e-05 -5.45972e-05 -9.55451e-06 1.63792e-05 0.010353 -0.0187951 1.9109e-05 -5.45972e-05 -0.0187951 0.0909221 
0.00958265 -0.0177804 -1.91025e-05 1.22802e-05 -0.0177804 0.0884024 1.09157e-05 -3.68406e-05 -1.91025e-05 1.09157e-05 0.0103276 -0.0187914 1.22802e-05 -3.68406e-05 -0.0187914 0.0909526 
0.00960689 -0.0178256 -3.53845e-05 3.13017e-05 -0.0178256 0.0884708 3.53845e-05 -7.48518e-05 -3.53845e-05 3.53845e-05 0.0103037 -0.0187198 3.13017e-05 -7.48518e-05 -0.0187198 0.0908021 
0.00963431 -0.0178532 -5.03559e-05 4.7634e-05 -0.0178532 0.088542 4.89949e-05 -0.0001116 -5.03559e-05 4.89949e-05 0.0102808 -0.0186943 4.7634e-05 -0.0001116 -0.0186943 0.0906978 
0.00964863 -0.0178827 -3.407e-05 7.35912e-05 -0.0178827 0.0886134 6.54144e-05 -0.000164899 -3.407e-05 6.54144e-05 0.0102578 -0.0186649 7.35912e-05 -0.000164899 -0.0186649 0.0906181 
0.0096483 -0.0179034 -1.23048e-05 4.64847e-05 -0.0179034 0.0886818 4.10159e-05 -0.000143556 -1.23048e-05 4.10159e-05 0.0102403 -0.0186335 4.64847e-05 -0.000143556 -0.0186335 0.0905262 
0.00963025 -0.0178539 0 6.83481e-06 -0.0178539 0.0885792 -2.73392e-06 -4.23758e-05 0 -2.73392e-06 0.0102399 -0.0186481 6.83481e-06 -4.23758e-05 -0.0186481 0.0905503 
0.00963196 -0.0178396 -2.73635e-06 0 -0.0178396 0.0885196 -1.36818e-06 -1.09454e-05 -2.73635e-06 -1.36818e-06 0.0102162 -0.0186318 0 -1.09454e-05 -0.0186318 0.0905254 
0.00962375 -0.0178649 -1.23329e-05 1.37032e-05 -0.0178649 0.0885624 1.09626e-05 -2.60361e-05 -1.23329e-05 1.09626e-05 0.010213 -0.0185911 1.37032e-05 -2.60361e-05 -0.0185911 0.0904287 
0.00962376 -0.0178719 -3.00828e-05 8.2044e-06 -0.0178719 0.088613 1.50414e-05 -1.91436e-05 -3.00828e-05 1.50414e-05 0.0102323 -0.0185789 8.2044e-06 -1.91436e-05 -0.0185789 0.0903687 
0.00960546 -0.0178642 -4.36178e-05 3.40764e-05 -0.0178642 0.088596 3.95287e-05 -6.27006e-05 -4.36178e-05 3.95287e-05 0.0102706 -0.018603 3.40764e-05 -6.27006e-05 -0.018603 0.0904075 
0.00960086 -0.0178265 -5.72454e-05 5.72454e-05 -0.0178265 0.0885149 6.13343e-05 -0.000126758 -5.72454e-05 6.13343e-05 0.0102905 -0.0186743 5.72454e-05 -0.000126758 -0.0186743 0.0905485 
0.00960541 -0.017796 -5.33634e-05 6.84146e-05 -0.017796 0.0884095 7.38878e-05 -0.000164195 -5.33634e-05 7.38878e-05 0.0102731 -0.0187155 6.84146e-05 -0.000164195 -0.0187155 0.0906973 
0.00961881 -0.0178009 -3.95667e-05 6.95829e-05 -0.0178009 0.0883798 7.23116e-05 -0.000177368 -3.95667e-05 7.23116e-05 0.0102642 -0.0187014 6.95829e-05 -0.000177368 -0.0187014 0.0907415 
0.00964309 -0.0178597 -3.54225e-05 4.63217e-05 -0.0178597 0.0885072 5.04089e-05 -0.000137603 -3.54225e-05 5.04089e-05 0.0102439 -0.0186472 4.63217e-05 -0.000137603 -0.0186472 0.0906189 
0.00966138 -0.0179039 -4.07711e-06 3.39759e-05 -0.0179039 0.0886526 2.98988e-05 -8.29012e-05 -4.07711e-06 2.98988e-05 0.0102539 -0.0186215 3.39759e-05 -8.29012e-05 -0.0186215 0.0905253 
0.00967207 -0.0179137 2.71687e-05 -5.43375e-06 -0.0179137 0.0887087 -8.15062e-06 -5.43375e-06 2.71687e-05 -8.15062e-06 0.0102508 -0.0186405 -5.43375e-06 -5.43375e-06 -0.0186405 0.0905276 
0.00968551 -0.0179397 2.58752e-05 -2.72371e-05 -0.0179397 0.0887915 -3.40464e-05 5.17505e-05 2.58752e-05 -3.40464e-05 0.0102439 -0.018637 -2.72371e-05 5.17505e-05 -0.018637 0.0905252 
0.0096654 -0.0179403 2.73188e-06 -1.63913e-05 -0.0179403 0.088808 -1.77572e-05 4.37101e-05 2.73188e-06 -1.77572e-05 0.0102487 -0.0186301 -1.63913e-05 4.37101e-05 -0.0186301 0.0905155 
0.00963263 -0.0179169 -1.09508e-05 -5.47542e-06 -0.0179169 0.0887661 -2.73771e-06 2.73771e-05 -1.09508e-05 -2.73771e-06 0.0102774 -0.0186424 -5.47542e-06 2.73771e-05 -0.0186424 0.090547 
0.00963715 -0.0178872 -1.36523e-05 1.22871e-05 -0.0178872 0.0887139 1.22871e-05 -1.36523e-05 -1.36523e-05 1.22871e-05 0.0102979 -0.0186736 1.22871e-05 -1.36523e-05 -0.0186736 0.0906157 
0.00964899 -0.0178876 0 -1.36401e-06 -0.0178876 0.0886877 2.72801e-06 2.72801e-06 0 2.72801e-06 0.010301 -0.0186937 -1.36401e-06 2.72801e-06 -0.0186937 0.0906519 
0.00966465 -0.0179063 1.4965e-05 -1.08836e-05 -0.0179063 0.0887219 -5.44181e-06 2.31277e-05 1.4965e-05 -5.44181e-06 0.0103204 -0.0187103 -1.08836e-05 2.31277e-05 -0.0187103 0.0907068 
0.00966092 -0.0179242 1.36088e-05 -2.04133e-05 -0.0179242 0.0887637 -1.76915e-05 3.67439e-05 1.36088e-05 -1.76915e-05 0.0103441 -0.0187326 -2.04133e-05 3.67439e-05 -0.0187326 0.0907656 
0.00965167 -0.0179166 1.7692e-05 -1.36092e-05 -0.0179166 0.0887676 -1.36092e-05 3.94668e-05 1.7692e-05 -1.36092e-05 0.0103675 -0.0187712 -1.36092e-05 3.94668e-05 -0.0187712 0.0908634 
0.00963687 -0.0178924 2.5858e-05 -2.44971e-05 -0.0178924 0.0887079 -1.76923e-05 5.3077e-05 2.5858e-05 -1.76923e-05 0.0103908 -0.0188124 -2.44971e-05 5.3077e-05 -0.0188124 0.0909739 
0.00964357 -0.017878 3.94838e-05 -3.26762e-05 -0.017878 0.0886628 -3.26762e-05 7.4883e-05 3.94838e-05 -3.26762e-05 0.0103706 -0.0188256 -3.26762e-05 7.4883e-05 -0.0188256 0.0910196 
0.00964536 -0.0178938 5.03284e-05 -4.62477e-05 -0.0178938 0.0886718 -4.89681e-05 0.000107458 5.03284e-05 -4.89681e-05 0.0103676 -0.0188024 -4.62477e-05 0.000107458 -0.0188024 0.0909869 
0.00965311 -0.0179038 5.01848e-05 -5.42538e-05 -0.0179038 0.0887091 -5.42538e-05 0.000122071 5.01848e-05 -5.42538e-05 0.0103625 -0.0187813 -5.42538e-05 0.000122071 -0.0187813 0.0909213 
0.00964853 -0.0179005 5.68915e-05 -5.82461e-05 -0.0179005 0.0886993 -6.36643e-05 0.000146293 5.68915e-05 -6.36643e-05 0.0103678 -0.0187877 -5.82461e-05 0.000146293 -0.0187877 0.0909235 
0.00963217 -0.0179052 6.10404e-05 -6.91791e-05 -0.0179052 0.088712 -7.59614e-05 0.000170913 6.10404e-05 -7.59614e-05 0.0103742 -0.0187896 -6.91791e-05 0.000170913 -0.0187896 0.0909149 
0.00961206 -0.017856 4.61466e-05 -6.37908e-05 -0.017856 0.088615 -6.78626e-05 0.000164227 4.61466e-05 -6.78626e-05 0.0103789 -0.0188237 -6.37908e-05 0.000164227 -0.0188237 0.0909997 
0.00961234 -0.0178416 4.07188e-05 -5.70063e-05 -0.0178416 0.0885592 -6.10782e-05 0.000162875 4.07188e-05 -6.10782e-05 0.0103616 -0.0188148 -5.70063e-05 0.000162875 -0.0188148 0.0909983 
0.00962596 -0.0178526 2.84471e-05 -3.92841e-05 -0.0178526 0.0885653 -4.06387e-05 0.000109725 2.84471e-05 -4.06387e-05 0.0103547 -0.0187927 -3.92841e-05 0.000109725 -0.0187927 0.0909779 
0.00964421 -0.0179136 2.97995e-05 -2.57359e-05 -0.0179136 0.0887186 -2.43814e-05 6.50171e-05 2.97995e-05 -2.43814e-05 0.0103526 -0.018748 -2.57359e-05 6.50171e-05 -0.018748 0.0908587 
0.00964286 -0.0179045 5.4326e-05 -4.75352e-05 -0.0179045 0.0887361 -4.88934e-05 0.000104578 5.4326e-05 -4.88934e-05 0.0103477 -0.0187669 -4.75352e-05 0.000104578 -0.0187669 0.0908602 
0.00965154 -0.0179062 7.3375e-05 -6.79399e-05 -0.0179062 0.0887403 -7.20163e-05 0.000149468 7.3375e-05 -7.20163e-05 0.0103432 -0.0187718 -6.79399e-05 0.000149468 -0.0187718 0.0908845 
0.00965834 -0.0179175 7.47129e-05 -8.82971e-05 -0.0179175 0.0887617 -9.10139e-05 0.00019697 7.47129e-05 -9.10139e-05 0.0103389 -0.0187584 -8.82971e-05 0.00019697 -0.0187584 0.0908632 
0.00964515 -0.0179047 6.79236e-05 -9.23761e-05 -0.0179047 0.0887259 -9.64515e-05 0.000229582 6.79236e-05 -9.64515e-05 0.0103448 -0.0187646 -9.23761e-05 0.000229582 -0.0187646 0.0908736 
0.00965162 -0.0178931 6.64413e-05 -7.59329e-05 -0.0178931 0.0887019 -8.27126e-05 0.000212883 6.64413e-05 -8.27126e-05 0.0103377 -0.0187636 -7.59329e-05 0.000212883 -0.0187636 0.0908714 
0.00965132 -0.017909 5.02107e-05 -6.64953e-05 -0.017909 0.0887183 -6.78524e-05 0.000166917 5.02107e-05 -6.78524e-05 0.0103366 -0.0187503 -6.64953e-05 0.000166917 -0.0187503 0.0908394 
0.00965478 -0.017914 4.87752e-05 -5.28398e-05 -0.017914 0.0887492 -5.41947e-05 0.000134132 4.87752e-05 -5.41947e-05 0.0103498 -0.01875 -5.28398e-05 0.000134132 -0.01875 0.0908357 
0.00966089 -0.0179097 2.71297e-05 -4.7477e-05 -0.0179097 0.0887359 -5.019e-05 0.000118014 2.71297e-05 -5.019e-05 0.0103513 -0.0187778 -4.7477e-05 0.000118014 -0.0187778 0.0908954 
0.00966533 -0.0178955 1.9045e-05 -2.85675e-05 -0.0178955 0.088687 -3.53692e-05 8.57024e-05 1.9045e-05 -3.53692e-05 0.0103346 -0.0187974 -2.85675e-05 8.57024e-05 -0.0187974 0.0909629 
0.00965924 -0.0179117 2.7236e-05 -3.4045e-05 -0.0179117 0.0887103 -3.26832e-05 9.39641e-05 2.7236e-05 -3.26832e-05 0.0103306 -0.0187656 -3.4045e-05 9.39641e-05 -0.0187656 0.0909232 
0.00966777 -0.0179144 2.9948e-05 -3.94769e-05 -0.0179144 0.0887319 -3.53931e-05 9.52892e-05 2.9948e-05 -3.53931e-05 0.0103171 -0.0187461 -3.94769e-05 9.52892e-05 -0.0187461 0.0908541 
0.00965213 -0.0179106 6.11841e-05 -4.75876e-05 -0.0179106 0.0887129 -3.94298e-05 0.000107412 6.11841e-05 -3.94298e-05 0.010332 -0.0187427 -4.75876e-05 0.000107412 -0.0187427 0.0908516 
0.0096464 -0.0179207 6.90092e-05 -8.11873e-05 -0.0179207 0.0887553 -7.57748e-05 0.000165081 6.90092e-05 -7.57748e-05 0.0103771 -0.0187556 -8.11873e-05 0.000165081 -0.0187556 0.0908567 
0.00965024 -0.0179319 5.82074e-05 -8.93416e-05 -0.0179319 0.088815 -9.34025e-05 0.000208464 5.82074e-05 -9.34025e-05 0.0103988 -0.0187847 -8.93416e-05 0.000208464 -0.0187847 0.0908874 
0.0096499 -0.0179214 5.42663e-05 -7.59728e-05 -0.0179214 0.0887946 -7.73294e-05 0.000208925 5.42663e-05 -7.73294e-05 0.0103974 -0.0188318 -7.59728e-05 0.000208925 -0.0188318 0.0909896 
0.00961728 -0.0179079 4.8936e-05 -7.47633e-05 -0.0179079 0.0887631 -7.3404e-05 0.000188947 4.8936e-05 -7.3404e-05 0.0104247 -0.0188376 -7.47633e-05 0.000188947 -0.0188376 0.0910576 
0.00960636 -0.0178755 2.7152e-05 -3.66551e-05 -0.0178755 0.0887109 -3.93703e-05 9.91047e-05 2.7152e-05 -3.93703e-05 0.0104399 -0.0188638 -3.66551e-05 9.91047e-05 -0.0188638 0.0911111 
0.00962703 -0.0178536 4.4695e-05 -3.25054e-05 -0.0178536 0.0886356 -4.19862e-05 8.53268e-05 4.4695e-05 -4.19862e-05 0.0104302 -0.0188938 -3.25054e-05 8.53268e-05 -0.0188938 0.0911886 
0.00967381 -0.0178882 5.69127e-05 -6.09779e-05 -0.0178882 0.0886768 -6.63982e-05 0.000135506 5.69127e-05 -6.63982e-05 0.0104001 -0.0188828 -6.09779e-05 0.000135506 -0.0188828 0.0911959 
0.00969845 -0.0179526 5.53426e-05 -5.53426e-05 -0.0179526 0.0888006 -5.9392e-05 0.000125533 5.53426e-05 -5.9392e-05 0.0104058 -0.0188435 -5.53426e-05 0.000125533 -0.0188435 0.0911411 
0.00969783 -0.017981 8.21051e-05 -9.4219e-05 -0.017981 0.0888983 -9.4219e-05 0.000212666 8.21051e-05 -9.4219e-05 0.0104368 -0.0188559 -9.4219e-05 0.000212666 -0.0188559 0.0911353 
0.00968234 -0.0179553 9.84553e-05 -0.000115988 -0.0179553 0.0888714 -0.000111942 0.000279182 9.84553e-05 -0.000111942 0.0104457 -0.0189061 -0.000115988 0.000279182 -0.0189061 0.0912276 
0.00965026 -0.01793 9.9821e-05 -0.0001268 -0.01793 0.088807 -0.0001268 0.000314301 9.9821e-05 -0.0001268 0.0104745 -0.0189377 -0.0001268 0.000314301 -0.0189377 0.0913403 
0.00965304 -0.0179411 9.40449e-05 -0.000114197 -0.0179411 0.0888563 -0.000116884 0.000298257 9.40449e-05 -0.000116884 0.0105062 -0.0189433 -0.000114197 0.000298257 -0.0189433 0.0913714 
0.00966943 -0.0179452 7.40591e-05 -0.000105029 -0.0179452 0.0888817 -0.000106376 0.000265266 7.40591e-05 -0.000106376 0.0104922 -0.0189713 -0.000105029 0.000265266 -0.0189713 0.0913997 
0.00968647 -0.0179593 8.48155e-05 -0.00010501 -0.0179593 0.0888974 -0.000102317 0.000274641 8.48155e-05 -0.000102317 0.0104821 -0.0189717 -0.00010501 0.000274641 -0.0189717 0.0914257 
0.00970225 -0.017972 8.592e-05 -9.9345e-05 -0.017972 0.0889178 -0.00010203 0.000260445 8.592e-05 -0.00010203 0.0104742 -0.0189521 -9.9345e-05 0.000260445 -0.0189521 0.0914068 
0.00969342 -0.0179763 7.12653e-05 -9.4124e-05 -0.0179763 0.088923 -9.27793e-05 0.00023531 7.12653e-05 -9.27793e-05 0.0104652 -0.0189458 -9.4124e-05 0.00023531 -0.0189458 0.0913809 
0.0096846 -0.0179824 6.09435e-05 -8.93838e-05 -0.0179824 0.0889585 -8.66752e-05 0.000226168 6.09435e-05 -8.66752e-05 0.0104308 -0.0189169 -8.93838e-05 0.000226168 -0.0189169 0.0913015 
0.0096605 -0.0179888 5.56762e-05 -8.28353e-05 -0.0179888 0.0890059 -7.87614e-05 0.000207767 5.56762e-05 -7.87614e-05 0.0104454 -0.0188688 -8.28353e-05 0.000207767 -0.0188688 0.0912085 
0.00963463 -0.0179401 3.12592e-05 -6.79548e-05 -0.0179401 0.088923 -6.38775e-05 0.000167169 3.12592e-05 -6.38775e-05 0.0104596 -0.0188914 -6.79548e-05 0.000167169 -0.0188914 0.0911967 
0.00962951 -0.017877 2.44369e-05 -4.61586e-05 -0.017877 0.08874 -4.61586e-05 0.000135761 2.44369e-05 -4.61586e-05 0.0104604 -0.0189345 -4.61586e-05 0.000135761 -0.0189345 0.0912842 
0.00963603 -0.0178784 8.15001e-06 -2.445e-05 -0.0178784 0.0886735 -2.0375e-05 6.65585e-05 8.15001e-06 -2.0375e-05 0.0104388 -0.0189148 -2.445e-05 6.65585e-05 -0.0189148 0.0912761 
0.0096598 -0.0179038 -9.50234e-06 -5.42991e-06 -0.0179038 0.0887192 -4.07243e-06 1.76472e-05 -9.50234e-06 -4.07243e-06 0.0104254 -0.0188879 -5.42991e-06 1.76472e-05 -0.0188879 0.0912265 
0.00968199 -0.0179253 -1.21803e-05 9.47357e-06 -0.0179253 0.0887714 1.08269e-05 -1.21803e-05 -1.21803e-05 1.08269e-05 0.0104236 -0.0188754 9.47357e-06 -1.21803e-05 -0.0188754 0.0911926 
0.00966855 -0.0179447 5.41807e-06 2.16723e-05 -0.0179447 0.0888103 2.16723e-05 -4.46991e-05 5.41807e-06 2.16723e-05 0.0104339 -0.0188725 2.16723e-05 -4.46991e-05 -0.0188725 0.0911658 
0.00962202 -0.0179028 3.25802e-05 -2.44351e-05 -0.0179028 0.0887321 -2.17201e-05 2.98652e-05 3.25802e-05 -2.17201e-05 0.0104474 -0.0189019 -2.44351e-05 2.98652e-05 -0.0189019 0.0912137 
0.00960141 -0.0178693 4.49046e-05 -5.17083e-05 -0.0178693 0.0886756 -5.17083e-05 0.000114303 4.49046e-05 -5.17083e-05 0.0104451 -0.0188994 -5.17083e-05 0.000114303 -0.0188994 0.0912188 
0.00959877 -0.0178483 5.04266e-05 -6.67811e-05 -0.0178483 0.088605 -6.40554e-05 0.00015128 5.04266e-05 -6.40554e-05 0.0104219 -0.0188854 -6.67811e-05 0.00015128 -0.0188854 0.0911876 
0.00962333 -0.0178507 6.12864e-05 -5.99245e-05 -0.0178507 0.0885943 -5.99245e-05 0.000144364 6.12864e-05 -5.99245e-05 0.0103833 -0.0188463 -5.99245e-05 0.000144364 -0.0188463 0.091103 
0.00964032 -0.0178709 6.51281e-05 -6.64849e-05 -0.0178709 0.0886068 -6.91986e-05 0.000160107 6.51281e-05 -6.91986e-05 0.0103717 -0.0188139 -6.64849e-05 0.000160107 -0.0188139 0.0910274 
0.00964572 -0.0178982 5.68111e-05 -7.03376e-05 -0.0178982 0.0886727 -7.84534e-05 0.000171786 5.68111e-05 -7.84534e-05 0.0103856 -0.0188004 -7.03376e-05 0.000171786 -0.0188004 0.0909708 
0.00965647 -0.0179105 3.94086e-05 -7.06637e-05 -0.0179105 0.0887278 -7.06637e-05 0.000172582 3.94086e-05 -7.06637e-05 0.0103604 -0.018802 -7.06637e-05 0.000172582 -0.018802 0.090936 
0.00968147 -0.0179516 3.54882e-05 -5.45973e-05 -0.0179516 0.0888353 -5.18674e-05 0.000147413 3.54882e-05 -5.18674e-05 0.0103162 -0.0187528 -5.45973e-05 0.000147413 -0.0187528 0.0908458 
0.00966947 -0.0179525 3.69168e-05 -5.05897e-05 -0.0179525 0.0888506 -4.64878e-05 0.000133994 3.69168e-05 -4.64878e-05 0.0103107 -0.0187182 -5.05897e-05 0.000133994 -0.0187182 0.0907716 
0.00965086 -0.0179291 3.82429e-05 -3.41454e-05 -0.0179291 0.0888095 -3.14138e-05 8.8778e-05 3.82429e-05 -3.14138e-05 0.0103297 -0.0187171 -3.41454e-05 8.8778e-05 -0.0187171 0.0907407 
0.00960374 -0.0178735 3.95552e-05 -5.0467e-05 -0.0178735 0.0886678 -4.91031e-05 0.000114574 3.95552e-05 -4.91031e-05 0.0103689 -0.018756 -5.0467e-05 0.000114574 -0.018756 0.0908065 
0.0095733 -0.0178203 3.13834e-05 -6.41313e-05 -0.0178203 0.0885257 -6.00378e-05 0.000162375 3.13834e-05 -6.00378e-05 0.0103838 -0.0187932 -6.41313e-05 0.000162375 -0.0187932 0.0908985 
0.00957778 -0.0178007 4.36159e-05 -6.40609e-05 -0.0178007 0.0884585 -6.40609e-05 0.000193546 4.36159e-05 -6.40609e-05 0.0103929 -0.0188203 -6.40609e-05 0.000193546 -0.0188203 0.090976 
0.00958488 -0.0178067 4.90205e-05 -7.62542e-05 -0.0178067 0.0884494 -8.30626e-05 0.000220592 4.90205e-05 -8.30626e-05 0.0104005 -0.0188293 -7.62542e-05 0.000220592 -0.0188293 0.0910284 
0.00961937 -0.0178222 5.3018e-05 -6.93313e-05 -0.0178222 0.0884857 -7.06907e-05 0.000206634 5.3018e-05 -7.06907e-05 0.0103943 -0.0188431 -6.93313e-05 0.000206634 -0.0188431 0.09107 
0.00962749 -0.0178682 2.99413e-05 -4.62729e-05 -0.0178682 0.0885759 -5.17168e-05 0.000129292 2.99413e-05 -5.17168e-05 0.010391 -0.0188249 -4.62729e-05 0.000129292 -0.0188249 0.0910406 
0.00963357 -0.0178907 -9.53954e-06 -6.81396e-06 -0.0178907 0.0886714 -1.09023e-05 2.86186e-05 -9.53954e-06 -1.09023e-05 0.0103831 -0.018812 -6.81396e-06 2.86186e-05 -0.018812 0.0909977 
0.00964106 -0.017877 -3.94456e-05 2.99243e-05 -0.017877 0.088648 3.12845e-05 -7.20903e-05 -3.94456e-05 3.12845e-05 0.0103769 -0.0188237 2.99243e-05 -7.20903e-05 -0.0188237 0.0910229 
0.00966155 -0.017889 -4.60848e-05 4.3374e-05 -0.017889 0.0886564 4.3374e-05 -0.000105724 -4.60848e-05 4.3374e-05 0.010361 -0.018804 4.3374e-05 -0.000105724 -0.018804 0.0909891 
0.00966711 -0.0179032 -2.97574e-05 3.24627e-05 -0.0179032 0.0886772 3.38153e-05 -7.70988e-05 -2.97574e-05 3.38153e-05 0.0103542 -0.0187851 3.24627e-05 -7.70988e-05 -0.0187851 0.0909455 
0.00967946 -0.0179296 -2.02641e-05 2.70187e-05 -0.0179296 0.0887498 3.37734e-05 -7.15997e-05 -2.02641e-05 3.37734e-05 0.0103414 -0.0187726 2.70187e-05 -7.15997e-05 -0.0187726 0.0908937 
0.00966834 -0.0179656 -1.89682e-05 2.30328e-05 -0.0179656 0.0888563 2.84522e-05 -6.77434e-05 -1.89682e-05 2.84522e-05 0.0103471 -0.0187433 2.30328e-05 -6.77434e-05 -0.0187433 0.0908209 
0.00965491 -0.0179486 -1.22145e-05 2.98578e-05 -0.0179486 0.0888784 3.52864e-05 -8.95733e-05 -1.22145e-05 3.52864e-05 0.0103606 -0.0187561 2.98578e-05 -8.95733e-05 -0.0187561 0.0908205 
0.00965667 -0.0179035 1.35818e-06 1.90145e-05 -0.0179035 0.0887897 2.17309e-05 -7.74163e-05 1.35818e-06 2.17309e-05 0.010348 -0.0187945 1.90145e-05 -7.74163e-05 -0.0187945 0.0909017 
0.00966137 -0.0178979 -1.08662e-05 6.79135e-06 -0.0178979 0.0887113 8.14962e-06 -5.16142e-05 -1.08662e-05 8.14962e-06 0.0103419 -0.0187903 6.79135e-06 -5.16142e-05 -0.0187903 0.0909551 
0.00966003 -0.0178879 -3.12227e-05 3.12227e-05 -0.0178879 0.0886588 3.66527e-05 -8.68805e-05 -3.12227e-05 3.66527e-05 0.0103333 -0.0187852 3.12227e-05 -8.68805e-05 -0.0187852 0.0909557 
0.00966698 -0.0178985 -5.96978e-05 4.61302e-05 -0.0178985 0.0886689 4.47734e-05 -0.000115325 -5.96978e-05 4.47734e-05 0.0103114 -0.0187573 4.61302e-05 -0.000115325 -0.0187573 0.0908913 
0.00968087 -0.0179129 -5.69782e-05 5.15517e-05 -0.0179129 0.0887069 5.56216e-05 -0.00010853 -5.69782e-05 5.56216e-05 0.0102913 -0.0187282 5.15517e-05 -0.00010853 -0.0187282 0.0908178 
0.00967102 -0.0179427 -5.68963e-05 5.14776e-05 -0.0179427 0.0887826 5.28323e-05 -0.000109729 -5.68963e-05 5.28323e-05 0.010305 -0.0186945 5.14776e-05 -0.000109729 -0.0186945 0.0907266 
0.00965743 -0.0179341 -7.17471e-05 7.44545e-05 -0.0179341 0.0888026 7.7162e-05 -0.000165154 -7.17471e-05 7.7162e-05 0.0103221 -0.0187084 7.44545e-05 -0.000165154 -0.0187084 0.0907194 
0.0096505 -0.0179185 -0.000101756 9.49719e-05 -0.0179185 0.0887825 9.90421e-05 -0.000221149 -0.000101756 9.90421e-05 0.0103207 -0.0187298 9.49719e-05 -0.000221149 -0.0187298 0.090747 
0.00965771 -0.0179482 -9.64956e-05 0.000125037 -0.0179482 0.0888575 0.000126396 -0.00028405 -9.64956e-05 0.000126396 0.0103196 -0.0187106 0.000125037 -0.00028405 -0.0187106 0.0907113 
0.00965272 -0.0179247 -5.73024e-05 0.000100961 -0.0179247 0.0888173 0.000102326 -0.000253768 -5.73024e-05 0.000102326 0.0103131 -0.018727 0.000100961 -0.000253768 -0.018727 0.0907479 
0.00964747 -0.0178904 -4.09891e-05 6.14836e-05 -0.0178904 0.0887154 6.01173e-05 -0.000178986 -4.09891e-05 6.01173e-05 0.0103142 -0.0187443 6.14836e-05 -0.000178986 -0.0187443 0.0908127 
0.00964905 -0.0178737 -2.4535e-05 3.95285e-05 -0.0178737 0.0886421 3.54394e-05 -0.000110407 -2.4535e-05 3.54394e-05 0.0103183 -0.0187474 3.95285e-05 -0.000110407 -0.0187474 0.0908502 
0.00966421 -0.0179029 -2.17632e-05 5.16875e-05 -0.0179029 0.0886768 4.89671e-05 -0.00013466 -2.17632e-05 4.89671e-05 0.0103239 -0.0187381 5.16875e-05 -0.00013466 -0.0187381 0.0908327 
0.00968079 -0.0179175 -2.85288e-05 4.75481e-05 -0.0179175 0.0887098 5.02651e-05 -0.000148078 -2.85288e-05 5.02651e-05 0.0103179 -0.0187394 4.75481e-05 -0.000148078 -0.0187394 0.0908196 
0.00965574 -0.0179216 -2.58138e-05 3.53242e-05 -0.0179216 0.0887086 3.80415e-05 -0.00010869 -2.58138e-05 3.80415e-05 0.0103351 -0.0187449 3.53242e-05 -0.00010869 -0.0187449 0.0908335 
0.00961961 -0.0178669 -1.49162e-05 2.98325e-05 -0.0178669 0.0886119 3.79686e-05 -9.62775e-05 -1.49162e-05 3.79686e-05 0.0103614 -0.0187877 2.98325e-05 -9.62775e-05 -0.0187877 0.0909185 
0.00961424 -0.0178711 -4.88652e-05 4.20784e-05 -0.0178711 0.0886253 4.47931e-05 -0.00012352 -4.88652e-05 4.47931e-05 0.0103649 -0.018786 4.20784e-05 -0.00012352 -0.018786 0.0909192 
