0.00750481 0 -0.000478495 0 0 0.00998723 0 0 -0.000478495 0 0.00715224 0 0 0 0 0.00998723 
0.010556 -0.0131142 -0.000575601 0.000711712 -0.0131142 0.0343262 0.000711712 -0.00136439 -0.000575601 0.000711712 0.010123 -0.012573 0.000711712 -0.00136439 -0.012573 0.0332947 
0.0105318 -0.0197216 -0.000449547 0.000768742 -0.0197216 0.0722451 0.000768742 -0.00244995 -0.000449547 0.000768742 0.0102276 -0.0191584 0.000768742 -0.00244995 -0.0191584 0.0704686 
0.00988969 -0.0192716 -0.000376765 0.000546552 -0.0192716 0.0860868 0.000546552 -0.00191778 -0.000376765 0.000546552 0.00969726 -0.0188755 0.000546552 -0.00191778 -0.0188755 0.0846396 
0.00985517 -0.0184637 -0.000386417 0.000456954 -0.0184637 0.0887763 0.00046002 -0.00129726 -0.000386417 0.00046002 0.0096911 -0.0182383 0.000456954 -0.00129726 -0.0182383 0.087985 
0.0100604 -0.0183803 -0.000421981 0.000465785 -0.0183803 0.0895505 0.000473086 -0.00109511 -0.000421981 0.000473086 0.00984136 -0.0181481 0.000465785 -0.00109511 -0.0181481 0.0889664 
0.0101689 -0.0185107 -0.000455725 0.000527905 -0.0185107 0.0900553 0.000532151 -0.00120017 -0.000455725 0.000532151 0.00996368 -0.0182559 0.000527905 -0.00120017 -0.0182559 0.0894948 
0.0101874 -0.0185743 -0.000450118 0.000576539 -0.0185743 0.090325 0.000582096 -0.00136841 -0.000450118 0.000582096 0.0100026 -0.0183201 0.000576539 -0.00136841 -0.0183201 0.0897332 
0.0101814 -0.0185761 -0.000452874 0.00057913 -0.0185761 0.0903814 0.00057913 -0.00146018 -0.000452874 0.00057913 0.010003 -0.0183318 0.00057913 -0.00146018 -0.0183318 0.0897803 
0.0101727 -0.0185429 -0.000454682 0.000572763 -0.0185429 0.0903093 0.000575478 -0.00146177 -0.000454682 0.000575478 0.0100247 -0.0183501 0.000572763 -0.00146177 -0.0183501 0.0898356 
0.010171 -0.0185384 -0.000417764 0.000543499 -0.0185384 0.0902668 0.000544851 -0.00137903 -0.000417764 0.000544851 0.010025 -0.0183776 0.000543499 -0.00137903 -0.0183776 0.0898828 
0.0101434 -0.0185367 -0.00039221 0.000501759 -0.0185367 0.0902517 0.000503111 -0.00128212 -0.00039221 0.000503111 0.0100514 -0.0184001 0.000501759 -0.00128212 -0.0184001 0.0899582 
0.0101254 -0.0185058 -0.000394231 0.000485 -0.0185058 0.090218 0.00048229 -0.00122063 -0.000394231 0.00048229 0.0100536 -0.0184273 0.000485 -0.00122063 -0.0184273 0.0900297 
0.0101301 -0.0185156 -0.000400213 0.000477542 -0.0185156 0.0902554 0.000476185 -0.00117215 -0.000400213 0.000476185 0.0100284 -0.0183989 0.000477542 -0.00117215 -0.0183989 0.0899895 
0.0101368 -0.0185184 -0.000401188 0.000496064 -0.0185184 0.0902633 0.000494709 -0.00120085 -0.000401188 0.000494709 0.0100053 -0.0183666 0.000496064 -0.00120085 -0.0183666 0.0899136 
0.0101248 -0.0185137 -0.000405479 0.000518037 -0.0185137 0.0902591 0.000523462 -0.0012856 -0.000405479 0.000523462 0.00998916 -0.0183361 0.000518037 -0.0012856 -0.0183361 0.0898293 
0.0101298 -0.0185102 -0.000403726 0.000515192 -0.0185102 0.0902674 0.000513833 -0.0012941 -0.000403726 0.000513833 0.00995993 -0.0183172 0.000515192 -0.0012941 -0.0183172 0.0897644 
0.0101647 -0.0185067 -0.000413641 0.000497725 -0.0185067 0.0902523 0.000495013 -0.00125313 -0.000413641 0.000495013 0.00993823 -0.0183087 0.000497725 -0.00125313 -0.0183087 0.0897641 
0.0101981 -0.0185484 -0.000421924 0.000514177 -0.0185484 0.0903025 0.000512821 -0.00126577 -0.000421924 0.000512821 0.00989961 -0.0182675 0.000514177 -0.00126577 -0.0182675 0.0896744 
0.0102225 -0.0186149 -0.00040473 0.00051708 -0.0186149 0.0904673 0.000521141 -0.00128052 -0.00040473 0.000521141 0.00986377 -0.0181885 0.00051708 -0.00128052 -0.0181885 0.0894738 
0.0102246 -0.0186367 -0.000383287 0.000487206 -0.0186367 0.0905637 0.000488556 -0.00123624 -0.000383287 0.000488556 0.00986694 -0.0181602 0.000487206 -0.00123624 -0.0181602 0.0893774 
0.0101915 -0.0186341 -0.000364368 0.000457484 -0.0186341 0.0905819 0.000458834 -0.00115248 -0.000364368 0.000458834 0.00991351 -0.0181847 0.000457484 -0.00115248 -0.0181847 0.0894024 
0.0101927 -0.0185909 -0.000351892 0.000454359 -0.0185909 0.0905212 0.000448966 -0.00113118 -0.000351892 0.000448966 0.00993387 -0.0182485 0.000454359 -0.00113118 -0.0182485 0.0895396 
0.0101566 -0.0185733 -0.000359597 0.000428543 -0.0185733 0.0904347 0.000427191 -0.00107744 -0.000359597 0.000427191 0.00995788 -0.0182813 0.000428543 -0.00107744 -0.0182813 0.0896574 
0.0101586 -0.0185424 -0.000376544 0.000444025 -0.0185424 0.0903733 0.000441326 -0.00108509 -0.000376544 0.000441326 0.0099683 -0.0183157 0.000444025 -0.00108509 -0.0183157 0.0897579 
0.0101556 -0.0185313 -0.000384888 0.000464567 -0.0185313 0.0903082 0.000465917 -0.00113036 -0.000384888 0.000465917 0.00996793 -0.0183274 0.000464567 -0.00113036 -0.0183274 0.0898221 
0.0101505 -0.0185383 -0.000377147 0.000454199 -0.0185383 0.0903045 0.000455551 -0.00112468 -0.000377147 0.000455551 0.00996399 -0.018318 0.000454199 -0.00112468 -0.018318 0.0898165 
0.0101472 -0.0185287 -0.000376924 0.000474195 -0.0185287 0.0902902 0.00048095 -0.00116995 -0.000376924 0.00048095 0.00997025 -0.0183193 0.000474195 -0.00116995 -0.0183193 0.089816 
0.0101644 -0.0185336 -0.000360947 0.000457918 -0.0185336 0.0903257 0.000467346 -0.00115826 -0.000360947 0.000467346 0.00998127 -0.0183221 0.000457918 -0.00115826 -0.0183221 0.0898206 
0.0101737 -0.0185616 -0.000361755 0.000456244 -0.0185616 0.0903849 0.000461643 -0.00115681 -0.000361755 0.000461643 0.00995907 -0.0183159 0.000456244 -0.00115681 -0.0183159 0.0897774 
0.0101731 -0.018571 -0.000350422 0.000451895 -0.018571 0.090417 0.000450542 -0.00113786 -0.000350422 0.000450542 0.00994305 -0.0183004 0.000451895 -0.00113786 -0.0183004 0.0897486 
0.0101652 -0.0185578 -0.000344215 0.000429591 -0.0185578 0.090393 0.00042417 -0.0010855 -0.000344215 0.00042417 0.00994835 -0.018299 0.000429591 -0.0010855 -0.018299 0.0897561 
0.0101719 -0.0185657 -0.000340692 0.000427562 -0.0185657 0.0904055 0.00042349 -0.00105601 -0.000340692 0.00042349 0.00992893 -0.0182711 0.000427562 -0.00105601 -0.0182711 0.0896861 
0.0101597 -0.0185713 -0.000342583 0.000418412 -0.0185713 0.0904297 0.000414349 -0.00103181 -0.000342583 0.000414349 0.00994439 -0.0182503 0.000418412 -0.00103181 -0.0182503 0.0896268 
0.010143 -0.0185551 -0.000363268 0.000432397 -0.0185551 0.090394 0.000429686 -0.00106269 -0.000363268 0.000429686 0.00995462 -0.0182678 0.000432397 -0.00106269 -0.0182678 0.08962 
0.0101455 -0.01854 -0.000399353 0.000464553 -0.01854 0.0903556 0.000468628 -0.00114644 -0.000399353 0.000468628 0.00992406 -0.0182616 0.000464553 -0.00114644 -0.0182616 0.089595 
0.0101613 -0.0185456 -0.000406344 0.000490322 -0.0185456 0.0903561 0.000494386 -0.00120413 -0.000406344 0.000494386 0.00990939 -0.01823 0.000490322 -0.00120413 -0.01823 0.0895461 
0.0101419 -0.0185621 -0.000384277 0.000488833 -0.0185621 0.0903947 0.000487475 -0.00121122 -0.000384277 0.000487475 0.00991788 -0.018205 0.000488833 -0.00121122 -0.018205 0.0894768 
0.0101113 -0.0185114 -0.000367758 0.000468179 -0.0185114 0.0902921 0.000468179 -0.00118198 -0.000367758 0.000468179 0.00994847 -0.0182509 0.000468179 -0.00118198 -0.0182509 0.0895661 
0.0101127 -0.0184739 -0.000373592 0.000472405 -0.0184739 0.090186 0.000466991 -0.00119252 -0.000373592 0.000466991 0.00995434 -0.0182911 0.000472405 -0.00119252 -0.0182911 0.0896676 
0.0101294 -0.0184745 -0.000366058 0.000470068 -0.0184745 0.0901476 0.000464665 -0.00117787 -0.000366058 0.000464665 0.00994436 -0.0182989 0.000470068 -0.00117787 -0.0182989 0.0897194 
0.0101323 -0.0185087 -0.000377978 0.000460618 -0.0185087 0.0902054 0.000457909 -0.00115697 -0.000377978 0.000457909 0.00992904 -0.0182689 0.000460618 -0.00115697 -0.0182689 0.0896675 
0.010116 -0.0185202 -0.000379044 0.000460559 -0.0185202 0.0902709 0.000457842 -0.00113442 -0.000379044 0.000457842 0.00992036 -0.018239 0.000460559 -0.00113442 -0.018239 0.089574 
0.0101102 -0.0184823 -0.000382159 0.000462398 -0.0184823 0.0902125 0.000461038 -0.0011424 -0.000382159 0.000461038 0.00991436 -0.0182498 0.000462398 -0.0011424 -0.0182498 0.0895842 
0.0100792 -0.0184643 -0.000360412 0.000472358 -0.0184643 0.090133 0.000468263 -0.00115496 -0.000360412 0.000468263 0.00992089 -0.0182431 0.000472358 -0.00115496 -0.0182431 0.089587 
0.0100609 -0.0184274 -0.000360922 0.000444002 -0.0184274 0.0900493 0.00043583 -0.00111545 -0.000360922 0.00043583 0.00993557 -0.0182504 0.000444002 -0.00111545 -0.0182504 0.089589 
0.0100456 -0.0184067 -0.0003595 0.000450736 -0.0184067 0.0899811 0.000448013 -0.0011139 -0.0003595 0.000448013 0.00993662 -0.0182501 0.000450736 -0.0011139 -0.0182501 0.089574 
0.010051 -0.0183901 -0.000345086 0.000452416 -0.0183901 0.0899344 0.000446982 -0.00111949 -0.000345086 0.000446982 0.00992598 -0.0182475 0.000452416 -0.00111949 -0.0182475 0.0895607 
0.0100483 -0.0183923 -0.000336528 0.000424731 -0.0183923 0.0899181 0.000424731 -0.00107472 -0.000336528 0.000424731 0.00993301 -0.0182444 0.000424731 -0.00107472 -0.0182444 0.0895667 
0.0100449 -0.0183855 -0.000339217 0.000420629 -0.0183855 0.0898951 0.000423342 -0.00106243 -0.000339217 0.000423342 0.00992819 -0.0182499 0.000420629 -0.00106243 -0.0182499 0.0895695 
0.0100323 -0.018373 -0.00033586 0.000407927 -0.018373 0.089861 0.000406568 -0.00101846 -0.00033586 0.000406568 0.00992623 -0.0182575 0.000407927 -0.00101846 -0.0182575 0.0896026 
0.0100132 -0.0183704 -0.000328189 0.000404449 -0.0183704 0.0898639 0.000407172 -0.00100363 -0.000328189 0.000407172 0.00993555 -0.0182479 0.000404449 -0.00100363 -0.0182479 0.0895956 
0.0100104 -0.0183674 -0.000325774 0.00041301 -0.0183674 0.089874 0.000414373 -0.0010223 -0.000325774 0.000414373 0.00993678 -0.0182433 0.00041301 -0.0010223 -0.0182433 0.0895496 
0.0100161 -0.0183418 -0.000340016 0.000416486 -0.0183418 0.0898189 0.000421948 -0.00105419 -0.000340016 0.000421948 0.00991646 -0.0182503 0.000416486 -0.00105419 -0.0182503 0.0895608 
0.0100215 -0.0183466 -0.000347448 0.000416938 -0.0183466 0.0898065 0.000429201 -0.00105325 -0.000347448 0.000429201 0.00991386 -0.0182335 0.000416938 -0.00105325 -0.0182335 0.0895477 
0.0100172 -0.0183732 -0.000345842 0.000420729 -0.0183732 0.089863 0.000431621 -0.00105931 -0.000345842 0.000431621 0.00993001 -0.018218 0.000420729 -0.00105931 -0.018218 0.0894981 
0.0100326 -0.0183647 -0.000345528 0.000410825 -0.0183647 0.0898755 0.000420348 -0.00103522 -0.000345528 0.000420348 0.00992782 -0.0182382 0.000410825 -0.00103522 -0.0182382 0.0895191 
0.0100626 -0.0183734 -0.000354144 0.000435556 -0.0183734 0.0898779 0.00043827 -0.00108685 -0.000354144 0.00043827 0.00991738 -0.0182513 0.000435556 -0.00108685 -0.0182513 0.0895617 
0.0100789 -0.0184032 -0.000339493 0.000445414 -0.0184032 0.0899194 0.00044134 -0.00110946 -0.000339493 0.00044134 0.00989553 -0.0182321 0.000445414 -0.00110946 -0.0182321 0.0895459 
0.0100887 -0.0184209 -0.000331982 0.000431305 -0.0184209 0.0899699 0.00042042 -0.00109391 -0.000331982 0.00042042 0.00987511 -0.0182128 0.000431305 -0.00109391 -0.0182128 0.0895128 
0.0100767 -0.0184218 -0.000333259 0.000417594 -0.0184218 0.0899746 0.000414874 -0.00105963 -0.000333259 0.000414874 0.00988488 -0.0182028 0.000417594 -0.00105963 -0.0182028 0.0895053 
0.0100818 -0.018417 -0.000336556 0.00041391 -0.018417 0.08998 0.000415267 -0.00104631 -0.000336556 0.000415267 0.00989313 -0.018212 0.00041391 -0.00104631 -0.018212 0.0895118 
0.0100726 -0.0184252 -0.000330205 0.000408697 -0.0184252 0.0899837 0.000407344 -0.0010231 -0.000330205 0.000407344 0.00993052 -0.0182317 0.000408697 -0.0010231 -0.0182317 0.0895587 
0.0100737 -0.01843 -0.000328358 0.000401327 -0.01843 0.0900161 0.000401327 -0.00100805 -0.000328358 0.000401327 0.00996291 -0.0182732 0.000401327 -0.00100805 -0.0182732 0.0896351 
0.0100854 -0.0184682 -0.000338879 0.000411785 -0.0184682 0.0901324 0.000417186 -0.00103014 -0.000338879 0.000417186 0.00998276 -0.0182806 0.000411785 -0.00103014 -0.0182806 0.0896531 
0.0101137 -0.0184912 -0.00034023 0.000422587 -0.0184912 0.0902405 0.000425287 -0.00105039 -0.00034023 0.000425287 0.00996927 -0.0182914 0.000422587 -0.00105039 -0.0182914 0.0896667 
0.0101305 -0.018499 -0.000352669 0.00041728 -0.018499 0.0902468 0.000419972 -0.00104993 -0.000352669 0.000419972 0.00997702 -0.0183132 0.00041728 -0.00104993 -0.0183132 0.0897474 
0.0101242 -0.0185185 -0.000386644 0.000443227 -0.0185185 0.0902768 0.000441879 -0.00108449 -0.000386644 0.000441879 0.00998135 -0.0183124 0.000443227 -0.00108449 -0.0183124 0.0897648 
0.0101094 -0.0185164 -0.000399625 0.00048333 -0.0185164 0.0902923 0.00047793 -0.00116512 -0.000399625 0.00047793 0.00997848 -0.0183099 0.00048333 -0.00116512 -0.0183099 0.0897496 
0.0101075 -0.0185005 -0.000397222 0.000498554 -0.0185005 0.0902855 0.000495851 -0.00122814 -0.000397222 0.000495851 0.00997513 -0.0183127 0.000498554 -0.00122814 -0.0183127 0.0897559 
0.0100959 -0.0184674 -0.000371164 0.00049037 -0.0184674 0.0901902 0.000489015 -0.00122999 -0.000371164 0.000489015 0.00998215 -0.0183401 0.00049037 -0.00122999 -0.0183401 0.0898339 
0.0100817 -0.0184596 -0.000361127 0.000476525 -0.0184596 0.0901351 0.000475167 -0.0012205 -0.000361127 0.000475167 0.00998258 -0.0183374 0.000476525 -0.0012205 -0.0183374 0.0898487 
0.0100699 -0.0184379 -0.000360221 0.000454014 -0.0184379 0.0900797 0.000454014 -0.00116358 -0.000360221 0.000454014 0.00997472 -0.0183305 0.000454014 -0.00116358 -0.0183305 0.0898268 
0.010068 -0.0184288 -0.00037485 0.00044819 -0.0184288 0.0900373 0.00044819 -0.00112455 -0.00037485 0.00044819 0.00996068 -0.0183024 0.00044819 -0.00112455 -0.0183024 0.0897575 
0.0100448 -0.0184028 -0.000394181 0.000474376 -0.0184028 0.0899575 0.000471658 -0.00116759 -0.000394181 0.000471658 0.0099619 -0.0183022 0.000474376 -0.00116759 -0.0183022 0.0897468 
0.0100669 -0.0183963 -0.000378914 0.000472289 -0.0183963 0.0899488 0.000474996 -0.00116516 -0.000378914 0.000474996 0.00997085 -0.0183043 0.000472289 -0.00116516 -0.0183043 0.0897552 
0.0100872 -0.0184489 -0.000377862 0.000461831 -0.0184489 0.090049 0.00046454 -0.00115796 -0.000377862 0.00046454 0.00994901 -0.0182742 0.000461831 -0.00115796 -0.0182742 0.0896562 
0.0100793 -0.0184592 -0.000391535 0.000477183 -0.0184592 0.0900938 0.000471745 -0.0011814 -0.000391535 0.000471745 0.00992704 -0.0182594 0.000477183 -0.0011814 -0.0182594 0.0896071 
0.0100609 -0.0184254 -0.000392 0.000499903 -0.0184254 0.0900372 0.000498537 -0.00124839 -0.000392 0.000498537 0.00991611 -0.0182615 0.000499903 -0.00124839 -0.0182615 0.0896192 
0.0100589 -0.0184106 -0.00038074 0.000495372 -0.0184106 0.0900048 0.000494007 -0.00125412 -0.00038074 0.000494007 0.00991153 -0.0182346 0.000495372 -0.00125412 -0.0182346 0.0895777 
0.0100699 -0.0184119 -0.000372606 0.000484524 -0.0184119 0.0899918 0.0004777 -0.0012311 -0.000372606 0.0004777 0.00989111 -0.0182154 0.000484524 -0.0012311 -0.0182154 0.08951 
0.0100615 -0.0184148 -0.000367806 0.000468612 -0.0184148 0.0899736 0.00046725 -0.0012015 -0.000367806 0.00046725 0.00990353 -0.0182064 0.000468612 -0.0012015 -0.0182064 0.0894832 
0.0100568 -0.0184159 -0.000352607 0.000454714 -0.0184159 0.0899911 0.000453352 -0.00115993 -0.000352607 0.000453352 0.0099016 -0.0181981 0.000454714 -0.00115993 -0.0181981 0.0894275 
0.0100557 -0.0184289 -0.000352283 0.000425732 -0.0184289 0.0900403 0.000427092 -0.00108405 -0.000352283 0.000427092 0.00991426 -0.0181949 0.000425732 -0.00108405 -0.0181949 0.0893997 
0.0100522 -0.0184091 -0.000356771 0.000435751 -0.0184091 0.0900084 0.000441197 -0.00108801 -0.000356771 0.000441197 0.00991877 -0.0182253 0.000435751 -0.00108801 -0.0182253 0.0894528 
0.0100279 -0.0183747 -0.000351761 0.000439019 -0.0183747 0.0898967 0.000444473 -0.00109891 -0.000351761 0.000444473 0.00992293 -0.0182507 0.000439019 -0.00109891 -0.0182507 0.0895436 
0.0100244 -0.0183504 -0.000353049 0.000447105 -0.0183504 0.0898271 0.000447105 -0.00112458 -0.000353049 0.000447105 0.00991264 -0.0182495 0.000447105 -0.00112458 -0.0182495 0.0895654 
0.0100413 -0.0183697 -0.000346394 0.000448275 -0.0183697 0.08986 0.000445558 -0.00113155 -0.000346394 0.000445558 0.00990823 -0.018219 0.000448275 -0.00113155 -0.018219 0.0895082 
0.010034 -0.0183925 -0.000330747 0.000420579 -0.0183925 0.0899128 0.000424663 -0.00107391 -0.000330747 0.000424663 0.00990471 -0.0181965 0.000420579 -0.00107391 -0.0181965 0.0894337 
0.0100246 -0.0183694 -0.000314204 0.000393096 -0.0183694 0.0898856 0.000395816 -0.000998381 -0.000314204 0.000395816 0.00991988 -0.0182252 0.000393096 -0.000998381 -0.0182252 0.0894816 
0.0100228 -0.0183438 -0.000312275 0.000387276 -0.0183438 0.0898097 0.000390003 -0.00097228 -0.000312275 0.000390003 0.00991098 -0.0182483 0.000387276 -0.00097228 -0.0182483 0.0895493 
0.0100419 -0.0183477 -0.000296152 0.000383496 -0.0183477 0.089794 0.000383496 -0.000956692 -0.000296152 0.000383496 0.00989037 -0.0182358 0.000383496 -0.000956692 -0.0182358 0.0895592 
0.0100359 -0.018363 -0.000298908 0.000373976 -0.018363 0.0898116 0.000372611 -0.000941765 -0.000298908 0.000372611 0.00988717 -0.0182034 0.000373976 -0.000941765 -0.0182034 0.0895004 
0.0100299 -0.0183954 -0.000304474 0.000378203 -0.0183954 0.0899155 0.000375473 -0.000944826 -0.000304474 0.000375473 0.00988654 -0.0181633 0.000378203 -0.000944826 -0.0181633 0.0893652 
0.0100318 -0.0183801 -0.000330165 0.000397017 -0.0183801 0.0899155 0.00040111 -0.00100005 -0.000330165 0.00040111 0.0098804 -0.0181727 0.000397017 -0.00100005 -0.0181727 0.0893316 
0.0100323 -0.0183783 -0.000335913 0.000417843 -0.0183783 0.0899099 0.000420574 -0.00103914 -0.000335913 0.000420574 0.00987392 -0.0181611 0.000417843 -0.00103914 -0.0181611 0.0893077 
0.0100095 -0.0183665 -0.000348549 0.00043056 -0.0183665 0.0898709 0.000431927 -0.00108392 -0.000348549 0.000431927 0.00987828 -0.0181601 0.00043056 -0.00108392 -0.0181601 0.0893091 
0.0100087 -0.018332 -0.000345269 0.000439434 -0.018332 0.0897892 0.000436704 -0.00109449 -0.000345269 0.000436704 0.00987771 -0.018186 0.000439434 -0.00109449 -0.018186 0.0893716 
0.0100138 -0.0183365 -0.000314549 0.000408506 -0.0183365 0.0897637 0.000408506 -0.00103352 -0.000314549 0.000408506 0.00989264 -0.018188 0.000408506 -0.00103352 -0.018188 0.0894001 
0.0100213 -0.0183532 -0.000306428 0.000383713 -0.0183532 0.0898011 0.000385069 -0.000985723 -0.000306428 0.000385069 0.00990061 -0.018185 0.000383713 -0.000985723 -0.018185 0.0893876 
0.0100258 -0.0183521 -0.000301589 0.000365439 -0.0183521 0.0898057 0.000369515 -0.000921071 -0.000301589 0.000369515 0.0098886 -0.018204 0.000365439 -0.000921071 -0.018204 0.0894104 
0.0100145 -0.0183744 -0.000300951 0.000371763 -0.0183744 0.0898605 0.000375849 -0.000917833 -0.000300951 0.000375849 0.00987828 -0.0181674 0.000371763 -0.000917833 -0.0181674 0.0893512 
0.0099737 -0.0183398 -0.000298108 0.000381143 -0.0183398 0.0898178 0.000383866 -0.00095558 -0.000298108 0.000383866 0.00991108 -0.0181833 0.000381143 -0.00095558 -0.0181833 0.0893822 
0.00995756 -0.0182886 -0.000302157 0.000386543 -0.0182886 0.0896997 0.000379738 -0.000967718 -0.000302157 0.000379738 0.00992762 -0.0182247 0.000386543 -0.000967718 -0.0182247 0.0894602 
0.00996024 -0.0182545 -0.00030649 0.000370512 -0.0182545 0.0895795 0.00036915 -0.000935816 -0.00030649 0.00036915 0.00991801 -0.0182504 0.000370512 -0.000935816 -0.0182504 0.0895604 
0.00997459 -0.0182669 -0.000315418 0.000376863 -0.0182669 0.0895719 0.000379594 -0.000940793 -0.000315418 0.000379594 0.00989949 -0.0182383 0.000376863 -0.000940793 -0.0182383 0.0895624 
0.00997258 -0.0182961 -0.000328992 0.000392049 -0.0182961 0.0896271 0.000397533 -0.000977382 -0.000328992 0.000397533 0.00988348 -0.0182001 0.000392049 -0.000977382 -0.0182001 0.0894791 
0.00999745 -0.0183056 -0.000338131 0.000421637 -0.0183056 0.0896882 0.000420268 -0.00104451 -0.000338131 0.000420268 0.00986056 -0.0181687 0.000421637 -0.00104451 -0.0181687 0.0893898 
0.0100277 -0.0183404 -0.000335895 0.000424648 -0.0183404 0.0897605 0.000417821 -0.00106913 -0.000335895 0.000417821 0.0098543 -0.0181383 0.000424648 -0.00106913 -0.0181383 0.089314 
0.0100263 -0.0183769 -0.000347945 0.000431179 -0.0183769 0.0898516 0.000421627 -0.00108477 -0.000347945 0.000421627 0.00986116 -0.0181231 0.000431179 -0.00108477 -0.0181231 0.0892417 
0.0100119 -0.0183594 -0.000366671 0.000444367 -0.0183594 0.0898425 0.000444367 -0.00112182 -0.000366671 0.000444367 0.00989875 -0.0181659 0.000444367 -0.00112182 -0.0181659 0.0893191 
0.0100112 -0.0183441 -0.000361587 0.000440727 -0.0183441 0.0898155 0.000443456 -0.00110659 -0.000361587 0.000443456 0.00991704 -0.0182131 0.000440727 -0.00110659 -0.0182131 0.0894471 
0.0100023 -0.0183492 -0.000361071 0.000449635 -0.0183492 0.0898004 0.000455086 -0.00112954 -0.000361071 0.000455086 0.00994375 -0.0182361 0.000449635 -0.00112954 -0.0182361 0.0895347 
0.0100223 -0.0183389 -0.000363658 0.000427433 -0.0183389 0.0898071 0.000434218 -0.00108012 -0.000363658 0.000434218 0.00997073 -0.0182833 0.000427433 -0.00108012 -0.0182833 0.0896443 
0.0100359 -0.0183638 -0.00036462 0.000452725 -0.0183638 0.0898374 0.000455436 -0.0011169 -0.00036462 0.000455436 0.00998028 -0.0183055 0.000452725 -0.0011169 -0.0183055 0.0897168 
0.0100527 -0.0183666 -0.00036106 0.000476437 -0.0183666 0.0898457 0.000475079 -0.00119991 -0.00036106 0.000475079 0.00995902 -0.0183272 0.000476437 -0.00119991 -0.0183272 0.0897805 
0.0100636 -0.0184104 -0.000352034 0.000463489 -0.0184104 0.0899386 0.000455334 -0.00118523 -0.000352034 0.000455334 0.00993987 -0.0182854 0.000463489 -0.00118523 -0.0182854 0.0897252 
0.0100617 -0.0184321 -0.000351037 0.000439476 -0.0184321 0.0900246 0.000429952 -0.00111978 -0.000351037 0.000429952 0.00993787 -0.018258 0.000439476 -0.00111978 -0.018258 0.0896368 
0.0100506 -0.0184164 -0.000356569 0.000425978 -0.0184164 0.0900269 0.000420534 -0.00105882 -0.000356569 0.000420534 0.009954 -0.0182708 0.000425978 -0.00105882 -0.0182708 0.0896445 
0.010046 -0.0184037 -0.000355911 0.000435002 -0.0184037 0.0899895 0.00042682 -0.00105819 -0.000355911 0.00042682 0.00995459 -0.0182837 0.000435002 -0.00105819 -0.0182837 0.0896609 
0.0100421 -0.0183997 -0.000355522 0.000440301 -0.0183997 0.0899663 0.000438934 -0.00108024 -0.000355522 0.000438934 0.00993685 -0.0182698 0.000440301 -0.00108024 -0.0182698 0.0896259 
0.0100477 -0.0183938 -0.000362991 0.000447598 -0.0183938 0.0899535 0.000453056 -0.00112036 -0.000362991 0.000453056 0.00993312 -0.0182478 0.000447598 -0.00112036 -0.0182478 0.0895782 
0.010053 -0.018388 -0.000368142 0.000448588 -0.018388 0.0899181 0.000452679 -0.00112624 -0.000368142 0.000452679 0.00991803 -0.0182435 0.000448588 -0.00112624 -0.0182435 0.089554 
0.0100689 -0.018392 -0.000364657 0.000455821 -0.018392 0.0899123 0.000461263 -0.00113887 -0.000364657 0.000461263 0.0099056 -0.0182369 0.000455821 -0.00113887 -0.0182369 0.0895368 
0.0100541 -0.0184077 -0.000343635 0.000445907 -0.0184077 0.0899301 0.000448635 -0.00112227 -0.000343635 0.000448635 0.00990269 -0.0182099 0.000445907 -0.00112227 -0.0182099 0.0894869 
0.0100307 -0.0183966 -0.000330771 0.000424693 -0.0183966 0.0899383 0.000434222 -0.00109576 -0.000330771 0.000434222 0.0099204 -0.0182087 0.000424693 -0.00109576 -0.0182087 0.0894551 
0.0100354 -0.0183645 -0.000323855 0.000417746 -0.0183645 0.0898779 0.000421828 -0.00107634 -0.000323855 0.000421828 0.00991159 -0.0182352 0.000417746 -0.00107634 -0.0182352 0.0894983 
0.0100448 -0.0183686 -0.000315131 0.000412931 -0.0183686 0.0898491 0.000419722 -0.00106764 -0.000315131 0.000419722 0.00990219 -0.0182219 0.000412931 -0.00106764 -0.0182219 0.0894932 
0.010054 -0.0183823 -0.000330528 0.00041316 -0.0183823 0.0898861 0.000411806 -0.0010688 -0.000330528 0.000411806 0.00990095 -0.0182089 0.00041316 -0.0010688 -0.0182089 0.089477 
0.0100799 -0.0184113 -0.000316945 0.000395504 -0.0184113 0.089965 0.000398213 -0.00100501 -0.000316945 0.000398213 0.00987948 -0.0182 0.000395504 -0.00100501 -0.0182 0.0894408 
0.0100873 -0.0184299 -0.00030687 0.000385624 -0.0184299 0.0899917 0.000384267 -0.000976281 -0.00030687 0.000384267 0.00986872 -0.0181936 0.000385624 -0.000976281 -0.0181936 0.0894418 
0.0100709 -0.0184462 -0.000327939 0.000398697 -0.0184462 0.0900471 0.000395976 -0.00100151 -0.000327939 0.000395976 0.00985858 -0.0181577 0.000398697 -0.00100151 -0.0181577 0.0893572 
0.0100581 -0.0184113 -0.000333311 0.000413907 -0.0184113 0.0899953 0.000412541 -0.00102316 -0.000333311 0.000412541 0.0098477 -0.0181655 0.000413907 -0.00102316 -0.0181655 0.089367 
0.010092 -0.0184006 -0.000330975 0.000417138 -0.0184006 0.0899664 0.000418506 -0.00104626 -0.000330975 0.000418506 0.0098171 -0.0181544 0.000417138 -0.00104626 -0.0181544 0.0893578 
0.0101054 -0.0184391 -0.000309417 0.000406624 -0.0184391 0.0900144 0.000410731 -0.00102683 -0.000309417 0.000410731 0.00980552 -0.0181091 0.000406624 -0.00102683 -0.0181091 0.089271 
0.010128 -0.0184744 -0.000310139 0.000386649 -0.0184744 0.0901111 0.000394847 -0.00100283 -0.000310139 0.000394847 0.00979465 -0.0180755 0.000386649 -0.00100283 -0.0180755 0.0891561 
0.0101238 -0.0185085 -0.000314836 0.00039116 -0.0185085 0.090204 0.000399338 -0.000994937 -0.000314836 0.000399338 0.00979672 -0.0180411 0.00039116 -0.000994937 -0.0180411 0.0890346 
0.0101115 -0.0185055 -0.000313007 0.000386495 -0.0185055 0.0902357 0.000390578 -0.000981207 -0.000313007 0.000390578 0.00980799 -0.0180482 0.000386495 -0.000981207 -0.0180482 0.0889946 
0.0100765 -0.0184542 -0.000302663 0.0003831 -0.0184542 0.0901144 0.000385827 -0.000963885 -0.000302663 0.000385827 0.00983244 -0.018097 0.0003831 -0.000963885 -0.018097 0.089111 
0.010025 -0.0184055 -0.000290303 0.000364248 -0.0184055 0.089972 0.000364248 -0.000913358 -0.000290303 0.000364248 0.00985523 -0.0181302 0.000364248 -0.000913358 -0.0181302 0.0892188 
0.00999688 -0.0183479 -0.000294388 0.000362851 -0.0183479 0.0898268 0.000360112 -0.000902334 -0.000294388 0.000360112 0.00986954 -0.0181494 0.000362851 -0.000902334 -0.0181494 0.08929 
0.00998029 -0.0183318 -0.000302226 0.000373338 -0.0183318 0.0897693 0.000367868 -0.000921721 -0.000302226 0.000367868 0.00988183 -0.0181459 0.000373338 -0.000921721 -0.0181459 0.0892866 
0.00996905 -0.01829 -0.000299276 0.000378537 -0.01829 0.0896681 0.000378537 -0.000941559 -0.000299276 0.000378537 0.00989935 -0.0181889 0.000378537 -0.000941559 -0.0181889 0.0893757 
0.00998527 -0.0182884 -0.000301509 0.000358809 -0.0182884 0.0896382 0.000357445 -0.000903162 -0.000301509 0.000357445 0.00989522 -0.0182024 0.000358809 -0.000903162 -0.0182024 0.0894254 
0.0100038 -0.018302 -0.000306282 0.000363454 -0.018302 0.0896452 0.00035937 -0.000887536 -0.000306282 0.00035937 0.0098963 -0.0182067 0.000363454 -0.000887536 -0.0182067 0.0894615 
0.0100266 -0.0183222 -0.000308656 0.00038344 -0.0183222 0.0896842 0.000373922 -0.000925967 -0.000308656 0.000373922 0.00988922 -0.0182161 0.00038344 -0.000925967 -0.0182161 0.0894939 
0.0100349 -0.0183479 -0.000313674 0.000388358 -0.0183479 0.089742 0.000382927 -0.000947812 -0.000313674 0.000382927 0.00989907 -0.0182148 0.000388358 -0.000947812 -0.0182148 0.0895261 
0.0100173 -0.0183553 -0.000310783 0.000393932 -0.0183553 0.0897673 0.000392568 -0.000982784 -0.000310783 0.000392568 0.00989327 -0.0182135 0.000393932 -0.000982784 -0.0182135 0.0895056 
0.0100158 -0.0183405 -0.000296431 0.000390687 -0.0183405 0.0897639 0.000392053 -0.000986281 -0.000296431 0.000392053 0.00987647 -0.0182148 0.000390687 -0.000986281 -0.0182148 0.0895057 
0.010007 -0.018349 -0.000303119 0.000385414 -0.018349 0.0897768 0.000378556 -0.000983423 -0.000303119 0.000378556 0.00985755 -0.0181652 0.000385414 -0.000983423 -0.0181652 0.089401 
