0.00698027 0 0.000331881 0 0 0.00998694 0 0 0.000331881 0 0.0076853 0 0 0 0 0.00998694 
0.00992339 -0.0123314 0.000404068 -0.000497315 -0.0123314 0.0328293 -0.000497315 0.000955368 0.000404068 -0.000497315 0.0107675 -0.013367 -0.000497315 0.000955368 -0.013367 0.0348153 
0.0100638 -0.0188724 0.00030714 -0.000537494 -0.0188724 0.0695588 -0.000537494 0.00170262 0.00030714 -0.000537494 0.0107031 -0.0200208 -0.000537494 0.00170262 -0.0200208 0.0732011 
0.00954288 -0.0187332 0.000291089 -0.000392971 -0.0187332 0.0841523 -0.000392971 0.0014037 0.000291089 -0.000392971 0.010062 -0.0194561 -0.000392971 0.0014037 -0.0194561 0.086764 
0.00950837 -0.0180836 0.000305434 -0.000342271 -0.0180836 0.087695 -0.000343806 0.000956209 0.000305434 -0.000343806 0.0100625 -0.0186668 -0.000342271 0.000956209 -0.0186668 0.0892651 
0.00963079 -0.0179371 0.000346157 -0.000375492 -0.0179371 0.0885765 -0.000384293 0.00088886 0.000346157 -0.000384293 0.01026 -0.0186103 -0.000375492 0.00088886 -0.0186103 0.0900066 
0.00969886 -0.0179672 0.000354802 -0.000431439 -0.0179672 0.0888736 -0.000434277 0.000984929 0.000354802 -0.000434277 0.0104085 -0.0187818 -0.000431439 0.000984929 -0.0187818 0.0906575 
0.00976032 -0.0179893 0.000346455 -0.00043099 -0.0179893 0.088964 -0.000433761 0.00105045 0.000346455 -0.000433761 0.0104421 -0.0188943 -0.00043099 0.00105045 -0.0188943 0.0910857 
0.00980554 -0.0180378 0.000339769 -0.00042437 -0.0180378 0.0890126 -0.000431193 0.00106843 0.000339769 -0.000431193 0.010425 -0.0188947 -0.00042437 0.00106843 -0.0188947 0.0911918 
0.00981812 -0.0180756 0.000332473 -0.000424751 -0.0180756 0.0890728 -0.000428822 0.00108427 0.000332473 -0.000428822 0.0103989 -0.0188668 -0.000424751 0.00108427 -0.0188668 0.0911409 
0.00981096 -0.0181195 0.000315652 -0.000405065 -0.0181195 0.0891928 -0.000411838 0.00104992 0.000315652 -0.000411838 0.0103786 -0.0188118 -0.000405065 0.00104992 -0.0188118 0.0910081 
0.00977792 -0.0181127 0.000295684 -0.000391985 -0.0181127 0.0892248 -0.000390629 0.000994204 0.000295684 -0.000390629 0.0103788 -0.0188004 -0.000391985 0.000994204 -0.0188004 0.0909432 
0.00976568 -0.0180715 0.000292524 -0.000369717 -0.0180715 0.0891736 -0.0003643 0.000937159 0.000292524 -0.0003643 0.0103778 -0.0188122 -0.000369717 0.000937159 -0.0188122 0.090964 
0.00976406 -0.0180559 0.000280366 -0.000358923 -0.0180559 0.0891158 -0.000356214 0.000897985 0.000280366 -0.000356214 0.0103681 -0.0188103 -0.000358923 0.000897985 -0.0188103 0.0909836 
0.00975399 -0.0180421 0.000268496 -0.000347146 -0.0180421 0.0890646 -0.00033901 0.000863797 0.000268496 -0.00033901 0.0103574 -0.0188083 -0.000347146 0.000863797 -0.0188083 0.0909956 
0.00976139 -0.0180356 0.000265948 -0.000329722 -0.0180356 0.0890547 -0.000328365 0.000822269 0.000265948 -0.000328365 0.0103394 -0.0187914 -0.000329722 0.000822269 -0.0187914 0.0909801 
0.0097723 -0.0180675 0.000251822 -0.000315454 -0.0180675 0.0891178 -0.000316808 0.000779835 0.000251822 -0.000316808 0.0103477 -0.0187675 -0.000315454 0.000779835 -0.0187675 0.0909388 
0.00976573 -0.0180574 0.000238453 -0.00030755 -0.0180574 0.0891204 -0.000311615 0.000764133 0.000238453 -0.000311615 0.0103524 -0.0187849 -0.00030755 0.000764133 -0.0187849 0.0909427 
0.00976826 -0.0180633 0.000249149 -0.000297896 -0.0180633 0.0891439 -0.00029925 0.000740677 0.000249149 -0.00029925 0.0103573 -0.018785 -0.000297896 0.000740677 -0.018785 0.0909556 
0.00977925 -0.0180884 0.000255605 -0.00029212 -0.0180884 0.0892101 -0.000294824 0.000712718 0.000255605 -0.000294824 0.0103648 -0.0187768 -0.00029212 0.000712718 -0.0187768 0.090929 
0.00976231 -0.0180815 0.000270762 -0.000324914 -0.0180815 0.0892024 -0.000316791 0.000766256 0.000270762 -0.000316791 0.0103715 -0.0187949 -0.000324914 0.000766256 -0.0187949 0.0909448 
0.00975021 -0.0180612 0.000257012 -0.000336821 -0.0180612 0.0891736 -0.000327352 0.000800794 0.000257012 -0.000327352 0.0103873 -0.0188119 -0.000336821 0.000800794 -0.0188119 0.0909862 
0.00976925 -0.0180565 0.000251743 -0.000335657 -0.0180565 0.089163 -0.00032483 0.000822902 0.000251743 -0.00032483 0.0103675 -0.0188144 -0.000335657 0.000822902 -0.0188144 0.0909969 
0.00977599 -0.0180493 0.000241666 -0.000328072 -0.0180493 0.0891086 -0.000319971 0.000818154 0.000241666 -0.000319971 0.0103633 -0.0188175 -0.000328072 0.000818154 -0.0188175 0.0910324 
0.0097819 -0.0180753 0.000224622 -0.000304458 -0.0180753 0.0891494 -0.000303105 0.00077806 0.000224622 -0.000303105 0.0103448 -0.0187925 -0.000304458 0.00077806 -0.0187925 0.0909843 
0.00977726 -0.0180746 0.000218995 -0.000280205 -0.0180746 0.0891556 -0.000280205 0.000730438 0.000218995 -0.000280205 0.0103146 -0.0187724 -0.000280205 0.000730438 -0.0187724 0.0909321 
0.00978185 -0.0180657 0.000217495 -0.000265072 -0.0180657 0.0891418 -0.000267791 0.000671517 0.000217495 -0.000267791 0.010293 -0.0187359 -0.000265072 0.000671517 -0.0187359 0.0908505 
0.00975848 -0.0180514 0.000224944 -0.000278113 -0.0180514 0.089101 -0.000283566 0.000692555 0.000224944 -0.000283566 0.0102847 -0.0187112 -0.000278113 0.000692555 -0.0187112 0.090771 
0.00973761 -0.0180459 0.000203801 -0.000262224 -0.0180459 0.0890869 -0.000264941 0.000664391 0.000203801 -0.000264941 0.0103137 -0.018694 -0.000262224 0.000664391 -0.018694 0.0907213 
0.00969787 -0.018 0.000199001 -0.000260336 -0.018 0.0889996 -0.000260336 0.000658338 0.000199001 -0.000260336 0.0103235 -0.0187224 -0.000260336 0.000658338 -0.0187224 0.0907293 
0.00970009 -0.0179582 0.000194355 -0.000252798 -0.0179582 0.0888924 -0.000254157 0.000641508 0.000194355 -0.000254157 0.0103294 -0.0187478 -0.000252798 0.000641508 -0.0187478 0.0908033 
0.00969367 -0.0179305 0.000198412 -0.000254131 -0.0179305 0.0887678 -0.00025549 0.000648238 0.000198412 -0.00025549 0.0103039 -0.0187595 -0.000254131 0.000648238 -0.0187595 0.0908376 
0.00970335 -0.0179481 0.000214574 -0.000253957 -0.0179481 0.0887941 -0.000258032 0.000646437 0.000214574 -0.000258032 0.0102968 -0.0187209 -0.000253957 0.000646437 -0.0187209 0.0907986 
0.00972144 -0.0179941 0.000222888 -0.000266378 -0.0179941 0.0889187 -0.000269096 0.00065915 0.000222888 -0.000269096 0.0102746 -0.0186804 -0.000266378 0.00065915 -0.0186804 0.0906692 
0.00972556 -0.0180023 0.000226684 -0.000284038 -0.0180023 0.0889612 -0.00027721 0.000689611 0.000226684 -0.00027721 0.010239 -0.0186536 -0.000284038 0.000689611 -0.0186536 0.090578 
0.00970072 -0.0179819 0.000238632 -0.000295903 -0.0179819 0.0889223 -0.000293176 0.000739076 0.000238632 -0.000293176 0.010253 -0.0186351 -0.000295903 0.000739076 -0.0186351 0.0905532 
0.00968212 -0.0179404 0.000241612 -0.00028912 -0.0179404 0.088829 -0.00028912 0.000731622 0.000241612 -0.00028912 0.0102753 -0.0186598 -0.00028912 0.000731622 -0.0186598 0.0905908 
0.00968802 -0.017938 0.000233348 -0.000303895 -0.017938 0.0887958 -0.000301182 0.000757025 0.000233348 -0.000301182 0.0102768 -0.0186746 -0.000303895 0.000757025 -0.0186746 0.0906137 
0.00970256 -0.0179605 0.000225168 -0.000301128 -0.0179605 0.0888477 -0.000298415 0.000769097 0.000225168 -0.000298415 0.0102709 -0.0186713 -0.000301128 0.000769097 -0.0186713 0.0906138 
0.00972958 -0.0179879 0.000221435 -0.000263549 -0.0179879 0.0889193 -0.000260832 0.00067925 0.000221435 -0.000260832 0.0102526 -0.0186604 -0.000263549 0.00067925 -0.0186604 0.0905984 
0.00973935 -0.0180057 0.000253218 -0.000273638 -0.0180057 0.0889611 -0.000270916 0.000676608 0.000253218 -0.000270916 0.0102349 -0.0186455 -0.000273638 0.000676608 -0.0186455 0.0905784 
0.0097432 -0.0180161 0.000271174 -0.00030933 -0.0180161 0.0889984 -0.000310692 0.000738576 0.000271174 -0.000310692 0.0102283 -0.0186334 -0.00030933 0.000738576 -0.0186334 0.0905545 
0.00973748 -0.0180212 0.000278214 -0.000336857 -0.0180212 0.0890161 -0.000342312 0.000825095 0.000278214 -0.000342312 0.0102312 -0.0186199 -0.000336857 0.000825095 -0.0186199 0.0905163 
0.00971705 -0.0180169 0.000278527 -0.000324948 -0.0180169 0.0890154 -0.00033314 0.000823294 0.000278527 -0.00033314 0.0102359 -0.0186067 -0.000324948 0.000823294 -0.0186067 0.0904517 
0.00969893 -0.0179856 0.000264715 -0.000339763 -0.0179856 0.0889537 -0.000342492 0.00085009 0.000264715 -0.000342492 0.0102434 -0.0186174 -0.000339763 0.00085009 -0.0186174 0.0904438 
0.0096854 -0.0179489 0.000247223 -0.000318248 -0.0179489 0.0888568 -0.000322346 0.000816791 0.000247223 -0.000322346 0.0102536 -0.0186414 -0.000318248 0.000816791 -0.0186414 0.0905068 
0.00971961 -0.0179493 0.000231096 -0.000301784 -0.0179493 0.0888386 -0.000305862 0.000784366 0.000231096 -0.000305862 0.0102471 -0.0186467 -0.000301784 0.000784366 -0.0186467 0.0905542 
0.00974645 -0.0179805 0.000240737 -0.000297861 -0.0179805 0.0888646 -0.000296501 0.000771175 0.000240737 -0.000296501 0.0102334 -0.0186469 -0.000297861 0.000771175 -0.0186469 0.0905715 
0.00977079 -0.0180198 0.00027126 -0.000311949 -0.0180198 0.0889462 -0.000309236 0.000786654 0.00027126 -0.000309236 0.010236 -0.0186396 -0.000311949 0.000786654 -0.0186396 0.0905859 
0.00978873 -0.0180559 0.00030594 -0.000351966 -0.0180559 0.0890543 -0.000349259 0.000854195 0.00030594 -0.000349259 0.01023 -0.0186312 -0.000351966 0.000854195 -0.0186312 0.0905488 
0.0098135 -0.0180915 0.000298197 -0.000356217 -0.0180915 0.0891608 -0.000361614 0.000864905 0.000298197 -0.000361614 0.0102277 -0.0186177 -0.000356217 0.000864905 -0.0186177 0.0905168 
0.00980346 -0.0180985 0.000273522 -0.000366953 -0.0180985 0.0891857 -0.000369661 0.000907226 0.000273522 -0.000369661 0.0102056 -0.018613 -0.000366953 0.000907226 -0.018613 0.0904816 
0.00977614 -0.0180696 0.000246206 -0.000346865 -0.0180696 0.0891252 -0.000345504 0.000885525 0.000246206 -0.000345504 0.0101788 -0.0185987 -0.000346865 0.000885525 -0.0185987 0.090465 
0.00974 -0.0180241 0.000238558 -0.000323076 -0.0180241 0.0890109 -0.000321713 0.000847905 0.000238558 -0.000321713 0.0101653 -0.0185707 -0.000323076 0.000847905 -0.0185707 0.090415 
0.00975473 -0.0180207 0.000228093 -0.000289555 -0.0180207 0.0890122 -0.000285458 0.00075257 0.000228093 -0.000285458 0.0101276 -0.0185151 -0.000289555 0.00075257 -0.0185151 0.090266 
0.00974775 -0.018017 0.00021808 -0.000285287 -0.018017 0.0889779 -0.000275686 0.000707731 0.00021808 -0.000275686 0.0100989 -0.0184751 -0.000285287 0.000707731 -0.0184751 0.0901479 
0.00974403 -0.0180209 0.000207639 -0.00026638 -0.0180209 0.0889872 -0.000262281 0.000669364 0.000207639 -0.000262281 0.0101129 -0.0184403 -0.00026638 0.000669364 -0.0184403 0.0900527 
0.0097257 -0.0180084 0.000223673 -0.000261862 -0.0180084 0.0889674 -0.000265953 0.000661473 0.000223673 -0.000265953 0.010139 -0.0184571 -0.000261862 0.000661473 -0.0184571 0.0900381 
0.00968458 -0.0179701 0.000212101 -0.000262407 -0.0179701 0.0888744 -0.000267845 0.00064446 0.000212101 -0.000267845 0.0101958 -0.018514 -0.000262407 0.00064446 -0.018514 0.0901565 
0.00965957 -0.017918 0.000204047 -0.000247577 -0.017918 0.0887426 -0.000250297 0.000616221 0.000204047 -0.000250297 0.0102295 -0.0185887 -0.000247577 0.000616221 -0.0185887 0.0903396 
0.0096434 -0.0178893 0.000204714 -0.000244292 -0.0178893 0.0886617 -0.000241563 0.000603224 0.000204714 -0.000241563 0.0102439 -0.018629 -0.000244292 0.000603224 -0.018629 0.0904823 
0.00963091 -0.0178682 0.000216517 -0.00026585 -0.0178682 0.088598 -0.000260369 0.000646811 0.000216517 -0.000260369 0.0102407 -0.0186452 -0.00026585 0.000646811 -0.0186452 0.0905645 
0.00964909 -0.017875 0.00022644 -0.000285452 -0.017875 0.0886108 -0.000277217 0.000701278 0.00022644 -0.000277217 0.0102159 -0.0186257 -0.000285452 0.000701278 -0.0186257 0.0905389 
0.00966732 -0.0178966 0.000233047 -0.000297477 -0.0178966 0.0886482 -0.000293364 0.00074712 0.000233047 -0.000293364 0.0101992 -0.0185889 -0.000297477 0.00074712 -0.0185889 0.0904454 
0.00967735 -0.0178958 0.000230348 -0.000300275 -0.0178958 0.0886441 -0.000297533 0.000762341 0.000230348 -0.000297533 0.0101805 -0.0185773 -0.000300275 0.000762341 -0.0185773 0.0904019 
0.00970047 -0.0179229 0.000211148 -0.000294785 -0.0179229 0.088689 -0.000286558 0.000749987 0.000211148 -0.000286558 0.0101529 -0.0185413 -0.000294785 0.000749987 -0.0185413 0.0903069 
0.00970476 -0.0179443 0.00022499 -0.000268891 -0.0179443 0.088738 -0.000264775 0.000695549 0.00022499 -0.000264775 0.0101328 -0.0185027 -0.000268891 0.000695549 -0.0185027 0.0901991 
0.00971765 -0.0179518 0.000242462 -0.000276708 -0.0179518 0.0887739 -0.000276708 0.00068355 0.000242462 -0.000276708 0.0101094 -0.0184737 -0.000276708 0.00068355 -0.0184737 0.0901177 
0.00972808 -0.0179625 0.000226107 -0.000291884 -0.0179625 0.0887998 -0.000290513 0.000709839 0.000226107 -0.000290513 0.0100967 -0.0184544 -0.000291884 0.000709839 -0.0184544 0.0900536 
0.009723 -0.0179716 0.000233594 -0.000285809 -0.0179716 0.0888179 -0.000288557 0.000722767 0.000233594 -0.000288557 0.0100816 -0.0184347 -0.000285809 0.000722767 -0.0184347 0.0900009 
0.0097009 -0.0179618 0.000225987 -0.000285239 -0.0179618 0.0887977 -0.000290751 0.00071241 0.000225987 -0.000290751 0.0100785 -0.0184193 -0.000285239 0.00071241 -0.0184193 0.0899634 
0.00968915 -0.0179524 0.000219268 -0.000290978 -0.0179524 0.0887869 -0.000296494 0.000737788 0.000219268 -0.000296494 0.0100725 -0.0183992 -0.000290978 0.000737788 -0.0183992 0.0898942 
0.00968406 -0.0179292 0.000213427 -0.00027952 -0.0179292 0.0887497 -0.000282274 0.00072152 0.000213427 -0.000282274 0.0100737 -0.018396 -0.00027952 0.00072152 -0.018396 0.089865 
0.00968522 -0.0179349 0.000198191 -0.00026976 -0.0179349 0.0887456 -0.000268384 0.000685411 0.000198191 -0.000268384 0.0100706 -0.0183795 -0.00026976 0.000685411 -0.0183795 0.0898026 
0.00969428 -0.0179488 0.000175512 -0.000244071 -0.0179488 0.0887884 -0.000241329 0.000638972 0.000175512 -0.000241329 0.0100864 -0.0183684 -0.000244071 0.000638972 -0.0183684 0.0897729 
0.00970846 -0.0179309 0.000164202 -0.000213463 -0.0179309 0.0887445 -0.000221673 0.000577445 0.000164202 -0.000221673 0.0100807 -0.0184098 -0.000213463 0.000577445 -0.0184098 0.0898528 
0.00972506 -0.0179335 0.000157696 -0.000193349 -0.0179335 0.0887158 -0.000197463 0.000510113 0.000157696 -0.000197463 0.0100624 -0.0184217 -0.000193349 0.000510113 -0.0184217 0.0899308 
0.00972672 -0.0179561 0.000174624 -0.000206249 -0.0179561 0.0887381 -0.000211749 0.000529373 0.000174624 -0.000211749 0.0100402 -0.0183919 -0.000206249 0.000529373 -0.0183919 0.0899082 
0.00970214 -0.0179393 0.000195697 -0.000231528 -0.0179393 0.0887084 -0.000237041 0.000577443 0.000195697 -0.000237041 0.010037 -0.0183817 -0.000231528 0.000577443 -0.0183817 0.0898826 
0.00967553 -0.0179214 0.00019715 -0.00024954 -0.0179214 0.0886749 -0.000250919 0.000617646 0.00019715 -0.000250919 0.0100436 -0.0183584 -0.00024954 0.000617646 -0.0183584 0.0898178 
0.00967046 -0.0179027 0.000177377 -0.000237877 -0.0179027 0.0886526 -0.000237877 0.000600881 0.000177377 -0.000237877 0.0100527 -0.0183537 -0.000237877 0.000600881 -0.0183537 0.0897746 
0.00968067 -0.0178994 0.000167002 -0.000208069 -0.0178994 0.08864 -0.000201224 0.000531123 0.000167002 -0.000201224 0.0100694 -0.0183744 -0.000208069 0.000531123 -0.0183744 0.0898049 
0.00968682 -0.0179226 0.000168693 -0.000197494 -0.0179226 0.0886722 -0.000187894 0.000481392 0.000168693 -0.000187894 0.0100695 -0.0183821 -0.000197494 0.000481392 -0.0183821 0.089816 
0.00969933 -0.017919 0.000182051 -0.000234065 -0.017919 0.088686 -0.000224483 0.000551627 0.000182051 -0.000224483 0.0100662 -0.0184008 -0.000234065 0.000551627 -0.0184008 0.0898646 
0.00970716 -0.0179144 0.00017994 -0.000251367 -0.0179144 0.0886529 -0.000243126 0.000618116 0.00017994 -0.000243126 0.0100437 -0.0184047 -0.000251367 0.000618116 -0.0184047 0.0899001 
0.00971882 -0.0179311 0.000149965 -0.000227011 -0.0179311 0.0886788 -0.000227011 0.000595732 0.000149965 -0.000227011 0.0100091 -0.01837 -0.000227011 0.000595732 -0.01837 0.0898578 
0.00972797 -0.0179369 0.000129339 -0.000187129 -0.0179369 0.0886842 -0.000188505 0.000514606 0.000129339 -0.000188505 0.00999078 -0.0183359 -0.000187129 0.000514606 -0.0183359 0.0897877 
0.00971356 -0.0179618 0.000137586 -0.000158224 -0.0179618 0.0887456 -0.000163727 0.00043202 0.000137586 -0.000163727 0.00999836 -0.0182975 -0.000158224 0.00043202 -0.0182975 0.0896826 
0.0096838 -0.0179336 0.000147539 -0.000168222 -0.0179336 0.088704 -0.000173738 0.00041504 0.000147539 -0.000173738 0.0100078 -0.0183086 -0.000168222 0.00041504 -0.0183086 0.0896499 
0.00964832 -0.0179031 0.000165898 -0.0001894 -0.0179031 0.0886487 -0.00019493 0.000456218 0.000165898 -0.00019493 0.010023 -0.0183068 -0.0001894 0.000456218 -0.0183068 0.0896372 
0.00963201 -0.0178704 0.000171432 -0.00020323 -0.0178704 0.0885891 -0.000204613 0.000486647 0.000171432 -0.000204613 0.0100274 -0.0183156 -0.00020323 0.000486647 -0.0183156 0.0896246 
0.0096379 -0.0178443 0.000175486 -0.000223848 -0.0178443 0.0885084 -0.000221085 0.000541657 0.000175486 -0.000221085 0.0100179 -0.0183238 -0.000223848 0.000541657 -0.0183238 0.0896415 
0.00962694 -0.0178551 0.000164812 -0.000232675 -0.0178551 0.088497 -0.00023129 0.000584458 0.000164812 -0.00023129 0.0100175 -0.0183052 -0.000232675 0.000584458 -0.0183052 0.0896036 
0.00962156 -0.0178362 0.000153558 -0.000214427 -0.0178362 0.0884699 -0.000218577 0.000568578 0.000153558 -0.000218577 0.0100186 -0.0183038 -0.000214427 0.000568578 -0.0183038 0.089596 
0.00960807 -0.0178171 0.000145304 -0.000193739 -0.0178171 0.0884003 -0.000192355 0.000516176 0.000145304 -0.000192355 0.010026 -0.0183166 -0.000193739 0.000516176 -0.0183166 0.0896278 
0.00960438 -0.0177942 0.000147526 -0.00018751 -0.0177942 0.0883366 -0.000191646 0.000490835 0.000147526 -0.000191646 0.010047 -0.0183443 -0.00018751 0.000490835 -0.0183443 0.0897071 
0.00961492 -0.0177807 0.00014229 -0.000185115 -0.0177807 0.0882804 -0.000185115 0.000473839 0.00014229 -0.000185115 0.0100321 -0.0183664 -0.000185115 0.000473839 -0.0183664 0.0897696 
0.00961199 -0.0178103 0.000146621 -0.000182585 -0.0178103 0.0883213 -0.000179819 0.000459229 0.000146621 -0.000179819 0.01002 -0.0183332 -0.000182585 0.000459229 -0.0183332 0.0897281 
0.00960987 -0.0178073 0.000153858 -0.00018851 -0.0178073 0.0883365 -0.000187124 0.000468504 0.000153858 -0.000187124 0.0100118 -0.0183243 -0.00018851 0.000468504 -0.0183243 0.0896865 
0.00960604 -0.0177971 0.000125097 -0.000175135 -0.0177971 0.0883211 -0.000177915 0.000433669 0.000125097 -0.000177915 0.0100036 -0.0183156 -0.000175135 0.000433669 -0.0183156 0.089661 
0.0096265 -0.0178107 0.000113611 -0.000159333 -0.0178107 0.0883551 -0.000160719 0.000418423 0.000113611 -0.000160719 0.00998811 -0.0182845 -0.000159333 0.000418423 -0.0182845 0.0895868 
0.00961249 -0.0178116 9.69979e-05 -0.00015104 -0.0178116 0.0883402 -0.000148268 0.000392149 9.69979e-05 -0.000148268 0.00999494 -0.0182772 -0.00015104 0.000392149 -0.0182772 0.0895526 
0.00960555 -0.0177796 8.59992e-05 -0.000124838 -0.0177796 0.0882685 -0.000119289 0.000331513 8.59992e-05 -0.000119289 0.00999394 -0.0183012 -0.000124838 0.000331513 -0.0183012 0.0895876 
0.00962742 -0.0177772 8.32462e-05 -0.000112382 -0.0177772 0.0882479 -0.000105445 0.000280262 8.32462e-05 -0.000105445 0.0099604 -0.0182836 -0.000112382 0.000280262 -0.0182836 0.0895743 
0.00962701 -0.0178037 0.000106767 -0.000112313 -0.0178037 0.088282 -0.000113699 0.000288408 0.000106767 -0.000113699 0.00995008 -0.0182432 -0.000112313 0.000288408 -0.0182432 0.0894842 
0.00962309 -0.017828 0.000116224 -0.000135595 -0.017828 0.0883622 -0.000135595 0.000315466 0.000116224 -0.000135595 0.00995377 -0.0182098 -0.000135595 0.000315466 -0.0182098 0.0893806 
0.0096377 -0.0178261 0.000109567 -0.000151174 -0.0178261 0.0883869 -0.0001484 0.000363373 0.000109567 -0.0001484 0.00992201 -0.0182061 -0.000151174 0.000363373 -0.0182061 0.0893189 
0.009665 -0.0178227 9.27331e-05 -0.000137023 -0.0178227 0.0883677 -0.000137023 0.00035986 9.27331e-05 -0.000137023 0.00989891 -0.0181951 -0.000137023 0.00035986 -0.0181951 0.0893158 
0.00968003 -0.0178471 8.72075e-05 -0.000120429 -0.0178471 0.0883966 -0.000120429 0.000321145 8.72075e-05 -0.000120429 0.00988075 -0.0181696 -0.000120429 0.000321145 -0.0181696 0.0892839 
0.00966794 -0.0178706 0.000101199 -0.000120607 -0.0178706 0.0884505 -0.00011922 0.000311914 0.000101199 -0.00011922 0.00988698 -0.0181492 -0.000120607 0.000311914 -0.0181492 0.0892323 
0.00966557 -0.0178625 0.000105001 -0.000129869 -0.0178625 0.0884754 -0.000127106 0.000317765 0.000105001 -0.000127106 0.00989768 -0.0181554 -0.000129869 0.000317765 -0.0181554 0.0892173 
0.00964818 -0.0178314 0.000109387 -0.000141233 -0.0178314 0.0883968 -0.000135695 0.000342006 0.000109387 -0.000135695 0.00990434 -0.0181845 -0.000141233 0.000342006 -0.0181845 0.0892816 
0.00964604 -0.0178229 0.000121856 -0.000131549 -0.0178229 0.0883555 -0.000132934 0.000332335 0.000121856 -0.000132934 0.00989806 -0.0181843 -0.000131549 0.000332335 -0.0181843 0.0893054 
0.00963777 -0.017843 0.000134127 -0.00016593 -0.017843 0.0884048 -0.00016593 0.000400998 0.000134127 -0.00016593 0.00990465 -0.0181555 -0.00016593 0.000400998 -0.0181555 0.0892372 
0.00960784 -0.017841 0.000123089 -0.000164579 -0.017841 0.0884386 -0.000167345 0.000423204 0.000123089 -0.000167345 0.00992871 -0.0181521 -0.000164579 0.000423204 -0.0181521 0.0891855 
0.009615 -0.0178379 0.000113362 -0.000149306 -0.0178379 0.088476 -0.000154835 0.000398148 0.000113362 -0.000154835 0.00993158 -0.0181614 -0.000149306 0.000398148 -0.0181614 0.08917 
0.00962846 -0.0178303 0.000110482 -0.000142245 -0.0178303 0.0884543 -0.000140864 0.000370113 0.000110482 -0.000140864 0.00993091 -0.018177 -0.000142245 0.000370113 -0.018177 0.0892111 
0.00962892 -0.0178256 0.000111868 -0.000132584 -0.0178256 0.0884239 -0.000136727 0.00034389 0.000111868 -0.000136727 0.00993552 -0.0181958 -0.000132584 0.00034389 -0.0181958 0.0892815 
0.00961746 -0.017826 0.000123053 -0.000154853 -0.017826 0.0883988 -0.000154853 0.000395427 0.000123053 -0.000154853 0.00994514 -0.0182076 -0.000154853 0.000395427 -0.0182076 0.0893348 
0.00960838 -0.0178046 0.00013831 -0.000163205 -0.0178046 0.0883536 -0.000161822 0.000416312 0.00013831 -0.000161822 0.00995415 -0.0182292 -0.000163205 0.000416312 -0.0182292 0.0893868 
0.00959471 -0.0177893 0.000138352 -0.000175707 -0.0177893 0.0883046 -0.000167406 0.000417823 0.000138352 -0.000167406 0.00995719 -0.0182348 -0.000175707 0.000417823 -0.0182348 0.0894141 
0.00957806 -0.0177706 0.00012054 -0.000157949 -0.0177706 0.0882572 -0.000149635 0.000378245 0.00012054 -0.000149635 0.00996323 -0.0182403 -0.000157949 0.000378245 -0.0182403 0.0894183 
0.00957257 -0.0177576 0.000105345 -0.000148315 -0.0177576 0.0882227 -0.000145543 0.000370095 0.000105345 -0.000145543 0.00995792 -0.0182345 -0.000148315 0.000370095 -0.0182345 0.0894106 
0.0095879 -0.0177568 9.00727e-05 -0.000127488 -0.0177568 0.0882103 -0.000130259 0.000333962 9.00727e-05 -0.000130259 0.00993849 -0.0182183 -0.000127488 0.000333962 -0.0182183 0.0893716 
0.00959958 -0.0177594 8.44498e-05 -8.58342e-05 -0.0177594 0.0882002 -9.41407e-05 0.000239505 8.44498e-05 -9.41407e-05 0.00992631 -0.0182135 -8.58342e-05 0.000239505 -0.0182135 0.0893631 
0.00958092 -0.0177543 8.74526e-05 -9.57815e-05 -0.0177543 0.0881606 -0.000106887 0.000234595 8.74526e-05 -0.000106887 0.00993906 -0.0182165 -9.57815e-05 0.000234595 -0.0182165 0.0893849 
0.00956899 -0.0177485 0.000101428 -0.000109765 -0.0177485 0.0881619 -0.000125048 0.000276496 0.000101428 -0.000125048 0.00994135 -0.0182071 -0.000109765 0.000276496 -0.0182071 0.089361 
0.00957614 -0.0177557 0.000101342 -0.000118001 -0.0177557 0.0881843 -0.000123554 0.00029292 0.000101342 -0.000123554 0.00993153 -0.0181902 -0.000118001 0.00029292 -0.0181902 0.0893005 
0.00957967 -0.0177652 9.85877e-05 -0.000136079 -0.0177652 0.0882152 -0.000136079 0.0003277 9.85877e-05 -0.000136079 0.00992959 -0.0181735 -0.000136079 0.0003277 -0.0181735 0.0892469 
0.00957856 -0.0177421 8.74818e-05 -0.000130528 -0.0177421 0.0881719 -0.000124974 0.000333264 8.74818e-05 -0.000124974 0.00992432 -0.0181865 -0.000130528 0.000333264 -0.0181865 0.0892717 
0.00956479 -0.0177216 7.65963e-05 -0.000123947 -0.0177216 0.0880844 -0.000108628 0.000317527 7.65963e-05 -0.000108628 0.00991853 -0.0181979 -0.000123947 0.000317527 -0.0181979 0.0893044 
0.00957257 -0.0177348 6.1318e-05 -9.89449e-05 -0.0177348 0.0881056 -9.1977e-05 0.000268963 6.1318e-05 -9.1977e-05 0.00990007 -0.0181668 -9.89449e-05 0.000268963 -0.0181668 0.0892511 
0.00960412 -0.0177245 6.11285e-05 -8.19678e-05 -0.0177245 0.0880834 -7.64106e-05 0.000229232 6.11285e-05 -7.64106e-05 0.0098792 -0.0181649 -8.19678e-05 0.000229232 -0.0181649 0.0892449 
0.00961251 -0.0177683 8.30813e-05 -9.41588e-05 -0.0177683 0.0881493 -9.13895e-05 0.000246475 8.30813e-05 -9.13895e-05 0.00988114 -0.0181283 -9.41588e-05 0.000246475 -0.0181283 0.0891753 
0.00960676 -0.0177831 8.87077e-05 -9.56379e-05 -0.0177831 0.0882059 -9.84101e-05 0.000234244 8.87077e-05 -9.84101e-05 0.00988813 -0.0181324 -9.56379e-05 0.000234244 -0.0181324 0.0891554 
0.00959945 -0.0177821 0.000104176 -0.000115288 -0.0177821 0.0882369 -0.000118066 0.000281969 0.000104176 -0.000118066 0.00990087 -0.0181474 -0.000115288 0.000281969 -0.0181474 0.0891731 
0.00961563 -0.0177941 0.000140649 -0.000147611 -0.0177941 0.0882925 -0.000153182 0.000367636 0.000140649 -0.000153182 0.00987603 -0.0181339 -0.000147611 0.000367636 -0.0181339 0.0891405 
0.00960887 -0.0177963 0.000135042 -0.000155925 -0.0177963 0.0883036 -0.000158709 0.000377282 0.000135042 -0.000158709 0.00989009 -0.0181276 -0.000155925 0.000377282 -0.0181276 0.0891486 
0.00960827 -0.0177945 0.000115377 -0.000143179 -0.0177945 0.0883024 -0.000148739 0.000354472 0.000115377 -0.000148739 0.00990714 -0.0181434 -0.000143179 0.000354472 -0.0181434 0.0891601 
0.00961405 -0.0178092 9.16285e-05 -0.000126336 -0.0178092 0.0883382 -0.000130501 0.000323476 9.16285e-05 -0.000130501 0.0099167 -0.0181535 -0.000126336 0.000323476 -0.0181535 0.0891726 
0.00960916 -0.0178021 7.366e-05 -0.000118134 -0.0178021 0.0883225 -0.000119524 0.000315487 7.366e-05 -0.000119524 0.00992186 -0.0181676 -0.000118134 0.000315487 -0.0181676 0.0892092 
0.00961786 -0.0177732 6.79267e-05 -0.000101197 -0.0177732 0.088252 -0.000101197 0.000286956 6.79267e-05 -0.000101197 0.00992007 -0.018203 -0.000101197 0.000286956 -0.018203 0.0893042 
0.00963434 -0.0177738 7.77298e-05 -0.000102714 -0.0177738 0.0882123 -9.85503e-05 0.000277607 7.77298e-05 -9.85503e-05 0.00989667 -0.0182013 -0.000102714 0.000277607 -0.0182013 0.089338 
0.00963898 -0.0177957 9.21188e-05 -0.000101889 -0.0177957 0.0882219 -0.000101889 0.000267982 9.21188e-05 -0.000101889 0.0098609 -0.0181697 -0.000101889 0.000267982 -0.0181697 0.0892994 
0.00962874 -0.0178185 0.000118632 -0.000133984 -0.0178185 0.0882999 -0.00013538 0.000333565 0.000118632 -0.00013538 0.00986461 -0.0181102 -0.000133984 0.000333565 -0.0181102 0.0891639 
0.00960771 -0.0178174 0.000128363 -0.000152083 -0.0178174 0.088346 -0.000156268 0.000378114 0.000128363 -0.000156268 0.00987839 -0.018095 -0.000152083 0.000378114 -0.018095 0.0890534 
0.00959747 -0.0177861 0.000114156 -0.000154529 -0.0177861 0.0882984 -0.000161489 0.000391194 0.000114156 -0.000161489 0.00989539 -0.0181216 -0.000154529 0.000391194 -0.0181216 0.0890683 
0.0096117 -0.0177707 0.000102769 -0.000148599 -0.0177707 0.0882413 -0.000143044 0.000383301 0.000102769 -0.000143044 0.00988806 -0.0181374 -0.000148599 0.000383301 -0.0181374 0.0891092 
0.00961835 -0.0177788 9.73799e-05 -0.000150243 -0.0177788 0.0882318 -0.000147461 0.000397867 9.73799e-05 -0.000147461 0.00987293 -0.0181363 -0.000150243 0.000397867 -0.0181363 0.0891263 
0.00962595 -0.0178008 8.91292e-05 -0.00012116 -0.0178008 0.0882727 -0.000119767 0.000339805 8.91292e-05 -0.000119767 0.00986131 -0.0181127 -0.00012116 0.000339805 -0.0181127 0.0890985 
