0.00767798 0 0.00023937 0 0 0.00998464 0 0 0.00023937 0 0.00695262 0 0 0 0 0.00998464 
0.0107519 -0.013357 0.000278993 -0.000346677 -0.013357 0.0347899 -0.000346677 0.000661988 0.000278993 -0.000346677 0.00988855 -0.0122889 -0.000346677 0.000661988 -0.0122889 0.0327494 
0.0107118 -0.0199878 0.000238486 -0.000421936 -0.0199878 0.0730967 -0.000421936 0.00134586 0.000238486 -0.000421936 0.0100331 -0.018817 -0.000421936 0.00134586 -0.018817 0.0693593 
0.010124 -0.0195196 0.000191779 -0.000288474 -0.0195196 0.0868646 -0.000283639 0.00102497 0.000191779 -0.000283639 0.00946163 -0.0185816 -0.000288474 0.00102497 -0.0185816 0.083556 
0.0101397 -0.0187614 0.000212711 -0.000228014 -0.0187614 0.0894518 -0.000226484 0.000653436 0.000212711 -0.000226484 0.00940213 -0.0179305 -0.000228014 0.000653436 -0.0179305 0.0871151 
0.0103367 -0.0187459 0.000247157 -0.000260319 -0.0187459 0.0903366 -0.000261782 0.000580599 0.000247157 -0.000261782 0.00951627 -0.0177514 -0.000260319 0.000580599 -0.0177514 0.0879981 
0.010444 -0.0188508 0.000264747 -0.000324208 -0.0188508 0.0908803 -0.000321377 0.000713541 0.000264747 -0.000321377 0.00962007 -0.0178428 -0.000324208 0.000713541 -0.0178428 0.0884862 
0.0104693 -0.0189009 0.000248806 -0.000337765 -0.0189009 0.0911311 -0.000336375 0.000814527 0.000248806 -0.000336375 0.00967702 -0.0179321 -0.000337765 0.000814527 -0.0179321 0.0887723 
0.0104726 -0.0189116 0.000248367 -0.000312861 -0.0189116 0.0912044 -0.000314233 0.000808223 0.000248367 -0.000314233 0.00968496 -0.0179456 -0.000312861 0.000808223 -0.0179456 0.0888318 
0.0104857 -0.0189045 0.000235863 -0.000295851 -0.0189045 0.091189 -0.000294488 0.000755307 0.000235863 -0.000294488 0.00966901 -0.0179528 -0.000295851 0.000755307 -0.0179528 0.0888426 
0.0104822 -0.0189306 0.000226869 -0.000286643 -0.0189306 0.091242 -0.000285284 0.000724079 0.000226869 -0.000285284 0.00967657 -0.0179349 -0.000286643 0.000724079 -0.0179349 0.0888158 
0.0104513 -0.0189217 0.000195377 -0.000267286 -0.0189217 0.0912341 -0.000271356 0.000685175 0.000195377 -0.000271356 0.00971185 -0.0179624 -0.000267286 0.000685175 -0.0179624 0.0888611 
0.0104175 -0.0188968 0.000168418 -0.000225463 -0.0188968 0.0911984 -0.000229538 0.000588105 0.000168418 -0.000229538 0.00972479 -0.0179854 -0.000225463 0.000588105 -0.0179854 0.0889003 
0.0103841 -0.0188664 0.000194108 -0.000196822 -0.0188664 0.0911532 -0.000200895 0.000509023 0.000194108 -0.000200895 0.00974338 -0.0179977 -0.000196822 0.000509023 -0.0179977 0.0889257 
0.010363 -0.0188196 0.000193486 -0.000228665 -0.0188196 0.091044 -0.000228665 0.00052363 0.000193486 -0.000228665 0.0097582 -0.0180267 -0.000228665 0.00052363 -0.0180267 0.0890036 
0.0103751 -0.0187736 0.000195502 -0.000234603 -0.0187736 0.0909233 -0.000235951 0.000559541 0.000195502 -0.000235951 0.00976432 -0.0180738 -0.000234603 0.000559541 -0.0180738 0.0891395 
0.0103812 -0.0188099 0.000203605 -0.000238663 -0.0188099 0.0909401 -0.000240012 0.000581152 0.000203605 -0.000240012 0.00974878 -0.0180521 -0.000238663 0.000581152 -0.0180521 0.0891306 
0.0103891 -0.018812 0.000202411 -0.000263134 -0.018812 0.0909674 -0.000264483 0.000640967 0.000202411 -0.000264483 0.0097292 -0.0180456 -0.000263134 0.000640967 -0.0180456 0.0891214 
0.0103956 -0.0188162 0.000174387 -0.000254145 -0.0188162 0.0909826 -0.000252793 0.000639418 0.000174387 -0.000252793 0.00970888 -0.0180281 -0.000254145 0.000639418 -0.0180281 0.0890954 
0.0103944 -0.0188359 0.000150114 -0.000224494 -0.0188359 0.0910405 -0.000225847 0.000600454 0.000150114 -0.000225847 0.00969653 -0.0179825 -0.000224494 0.000600454 -0.0179825 0.0889971 
0.0104 -0.0188495 0.000161868 -0.00019559 -0.0188495 0.0910979 -0.000200986 0.000540909 0.000161868 -0.000200986 0.00969994 -0.01797 -0.00019559 0.000540909 -0.01797 0.088937 
0.0104444 -0.0188408 0.000182999 -0.000203182 -0.0188408 0.0910929 -0.000212601 0.000530158 0.000182999 -0.000212601 0.00968143 -0.0179985 -0.000203182 0.000530158 -0.0179985 0.088979 
0.0104428 -0.0188902 0.000207082 -0.000205737 -0.0188902 0.0911591 -0.000209771 0.000506947 0.000207082 -0.000209771 0.00970327 -0.0179798 -0.000205737 0.000506947 -0.0179798 0.0889861 
0.0104346 -0.018905 0.000222126 -0.000240974 -0.018905 0.0912361 -0.000239627 0.000555989 0.000222126 -0.000239627 0.00972241 -0.0179936 -0.000240974 0.000555989 -0.0179936 0.0889906 
0.0104233 -0.0188814 0.000233186 -0.000264188 -0.0188814 0.0912122 -0.000266884 0.000624077 0.000233186 -0.000266884 0.00973317 -0.0180268 -0.000264188 0.000624077 -0.0180268 0.0890597 
0.0104125 -0.0188763 0.000247306 -0.000302713 -0.0188763 0.091195 -0.000293253 0.000720295 0.000247306 -0.000293253 0.0097206 -0.0180195 -0.000302713 0.000720295 -0.0180195 0.0890652 
0.0104199 -0.0188667 0.000250335 -0.000308209 -0.0188667 0.0911854 -0.000301479 0.000752352 0.000250335 -0.000301479 0.00973751 -0.0180228 -0.000308209 0.000752352 -0.0180228 0.0890858 
0.0104105 -0.0188822 0.000237955 -0.000313667 -0.0188822 0.0911934 -0.000301499 0.000763888 0.000237955 -0.000301499 0.00973721 -0.0180237 -0.000313667 0.000763888 -0.0180237 0.089068 
0.0104041 -0.0188719 0.00025475 -0.000325213 -0.0188719 0.0911939 -0.000311663 0.000810323 0.00025475 -0.000311663 0.00973066 -0.0180222 -0.000325213 0.000810323 -0.0180222 0.0890502 
0.0104139 -0.0188508 0.000256445 -0.000324288 -0.0188508 0.0911453 -0.000318861 0.000815469 0.000256445 -0.000318861 0.00970286 -0.0180163 -0.000324288 0.000815469 -0.0180163 0.0890395 
0.0104204 -0.0188758 0.000268511 -0.000330892 -0.0188758 0.0911785 -0.000324112 0.000828587 0.000268511 -0.000324112 0.00967996 -0.0179631 -0.000330892 0.000828587 -0.0179631 0.0889205 
0.0103918 -0.0188793 0.000282105 -0.000330931 -0.0188793 0.0911905 -0.000330931 0.00083004 0.000282105 -0.000330931 0.00969329 -0.0179327 -0.000330931 0.00083004 -0.0179327 0.0888292 
0.0103731 -0.0188425 0.000295367 -0.000342789 -0.0188425 0.0911371 -0.000342789 0.000837326 0.000295367 -0.000342789 0.00972002 -0.0179632 -0.000342789 0.000837326 -0.0179632 0.0888541 
0.0103539 -0.01881 0.000275565 -0.000344456 -0.01881 0.091039 -0.000341754 0.000837501 0.000275565 -0.000341754 0.00975958 -0.018013 -0.000344456 0.000837501 -0.018013 0.0889642 
0.0103532 -0.0187877 0.000238484 -0.000313937 -0.0187877 0.0909743 -0.000315284 0.000774736 0.000238484 -0.000315284 0.0097765 -0.0180534 -0.000313937 0.000774736 -0.0180534 0.0890731 
0.0103623 -0.0187861 0.000244344 -0.000306442 -0.0187861 0.09095 -0.000307792 0.000780281 0.000244344 -0.000307792 0.00976161 -0.0180761 -0.000306442 0.000780281 -0.0180761 0.0891451 
0.0103783 -0.0188015 0.000254675 -0.000315312 -0.0188015 0.0909729 -0.000313965 0.000790975 0.000254675 -0.000313965 0.00975177 -0.0180604 -0.000315312 0.000790975 -0.0180604 0.0891659 
0.0103728 -0.0187963 0.000270945 -0.000328909 -0.0187963 0.0909541 -0.000328909 0.000827664 0.000270945 -0.000328909 0.00976616 -0.0180792 -0.000328909 0.000827664 -0.0180792 0.0892165 
0.0103533 -0.0187979 0.000275368 -0.00034016 -0.0187979 0.0909565 -0.000336111 0.000842302 0.000275368 -0.000336111 0.00977826 -0.0180784 -0.00034016 0.000842302 -0.0180784 0.0892246 
0.0103472 -0.0187933 0.000281583 -0.00033278 -0.0187933 0.0909663 -0.000334128 0.000831278 0.000281583 -0.000334128 0.00978132 -0.0180752 -0.00033278 0.000831278 -0.0180752 0.0891973 
0.0103485 -0.0187827 0.000274427 -0.000324446 -0.0187827 0.0909435 -0.000323094 0.000790837 0.000274427 -0.000323094 0.00976447 -0.0180757 -0.000324446 0.000790837 -0.0180757 0.0891928 
0.0103333 -0.0187713 0.000263181 -0.000336438 -0.0187713 0.0909102 -0.000335082 0.000818033 0.000263181 -0.000335082 0.00974585 -0.0180551 -0.000336438 0.000818033 -0.0180551 0.0891561 
0.0103323 -0.0187515 0.000257595 -0.000321315 -0.0187515 0.0908726 -0.000322671 0.000812101 0.000257595 -0.000322671 0.00974386 -0.0180479 -0.000321315 0.000812101 -0.0180479 0.0891386 
0.0103325 -0.0187587 0.000243532 -0.000316591 -0.0187587 0.0908658 -0.000319297 0.00079689 0.000243532 -0.000319297 0.00974263 -0.0180227 -0.000316591 0.00079689 -0.0180227 0.0890691 
0.01031 -0.0187546 0.000244024 -0.000305031 -0.0187546 0.0908476 -0.000307742 0.000787657 0.000244024 -0.000307742 0.00974742 -0.0180185 -0.000305031 0.000787657 -0.0180185 0.0890283 
0.0102967 -0.0187309 0.00025949 -0.000298889 -0.0187309 0.0908189 -0.000302965 0.00076081 0.00025949 -0.000302965 0.00974244 -0.0180217 -0.000298889 0.00076081 -0.0180217 0.0890188 
0.0102591 -0.0187064 0.000264488 -0.000328564 -0.0187064 0.0907519 -0.000329928 0.000798916 0.000264488 -0.000329928 0.00974241 -0.0180111 -0.000328564 0.000798916 -0.0180111 0.088985 
0.0102533 -0.0186657 0.000270003 -0.000342277 -0.0186657 0.0906693 -0.000342277 0.000852284 0.000270003 -0.000342277 0.00973376 -0.0180193 -0.000342277 0.000852284 -0.0180193 0.0889907 
0.0102728 -0.0186695 0.000270336 -0.000339619 -0.0186695 0.0906537 -0.000336902 0.00085448 0.000270336 -0.000336902 0.00972803 -0.0179957 -0.000339619 0.00085448 -0.0179957 0.0889488 
0.0102736 -0.0186735 0.00026339 -0.000313624 -0.0186735 0.0906401 -0.000312267 0.000787455 0.00026339 -0.000312267 0.00974 -0.0180083 -0.000313624 0.000787455 -0.0180083 0.0889688 
0.0102567 -0.0186703 0.00027088 -0.000325328 -0.0186703 0.0906248 -0.000318522 0.000788137 0.00027088 -0.000318522 0.00974349 -0.0180223 -0.000325328 0.000788137 -0.0180223 0.0889928 
0.0102314 -0.0186505 0.000274832 -0.000348302 -0.0186505 0.0905965 -0.000341499 0.000839461 0.000274832 -0.000341499 0.0097783 -0.0180382 -0.000348302 0.000839461 -0.0180382 0.089055 
0.01025 -0.0186218 0.000275487 -0.000350126 -0.0186218 0.0905428 -0.000346055 0.000873957 0.000275487 -0.000346055 0.00977367 -0.018079 -0.000350126 0.000873957 -0.018079 0.089126 
0.0102999 -0.0186637 0.000266528 -0.000338233 -0.0186637 0.0906032 -0.000339586 0.000857759 0.000266528 -0.000339586 0.00976006 -0.0180644 -0.000338233 0.000857759 -0.0180644 0.089142 
0.010318 -0.0187025 0.000253212 -0.000315499 -0.0187025 0.0906756 -0.000316853 0.000800258 0.000253212 -0.000316853 0.00974798 -0.0180552 -0.000315499 0.000800258 -0.0180552 0.0891346 
0.0103113 -0.0187399 0.000254835 -0.000315833 -0.0187399 0.0907769 -0.000321255 0.000794326 0.000254835 -0.000321255 0.00975286 -0.018035 -0.000315833 0.000794326 -0.018035 0.0890906 
0.0103174 -0.0187307 0.000241232 -0.000317126 -0.0187307 0.0908063 -0.000322547 0.000803656 0.000241232 -0.000322547 0.00974958 -0.0180477 -0.000317126 0.000803656 -0.0180477 0.0890987 
0.0103059 -0.0187301 0.000244022 -0.000296894 -0.0187301 0.0907953 -0.000305028 0.000768671 0.000244022 -0.000305028 0.00975954 -0.0180495 -0.000296894 0.000768671 -0.0180495 0.0891116 
0.0103106 -0.0187261 0.00025267 -0.000307008 -0.0187261 0.09079 -0.000311083 0.000764802 0.00025267 -0.000311083 0.00974546 -0.0180469 -0.000307008 0.000764802 -0.0180469 0.0890988 
0.0103172 -0.0187394 0.000260213 -0.000311983 -0.0187394 0.0908278 -0.000309258 0.000765652 0.000260213 -0.000309258 0.00971642 -0.0180037 -0.000311983 0.000765652 -0.0180037 0.0889955 
0.0103 -0.0187268 0.000270694 -0.000325105 -0.0187268 0.0907994 -0.000325105 0.000801199 0.000270694 -0.000325105 0.00971641 -0.0179896 -0.000325105 0.000801199 -0.0179896 0.0889508 
0.0102993 -0.0187169 0.000261223 -0.000334693 -0.0187169 0.090767 -0.000336053 0.000820405 0.000261223 -0.000336053 0.00971016 -0.0179768 -0.000334693 0.000820405 -0.0179768 0.0889044 
0.010296 -0.0187098 0.000254675 -0.00032277 -0.0187098 0.090738 -0.00032277 0.000807607 0.000254675 -0.00032277 0.00969537 -0.0179635 -0.00032277 0.000807607 -0.0179635 0.0888572 
0.0102827 -0.0187009 0.000258161 -0.00031553 -0.0187009 0.0907169 -0.000319628 0.000799069 0.000258161 -0.000319628 0.00967488 -0.017947 -0.00031553 0.000799069 -0.017947 0.0888128 
0.0102828 -0.0186829 0.000236371 -0.000316983 -0.0186829 0.0906695 -0.000326547 0.000804755 0.000236371 -0.000326547 0.00967072 -0.0179369 -0.000316983 0.000804755 -0.0179369 0.0887936 
0.0102676 -0.0186739 0.000233697 -0.000299296 -0.0186739 0.0906346 -0.000302029 0.000772155 0.000233697 -0.000302029 0.00967996 -0.0179263 -0.000299296 0.000772155 -0.0179263 0.0887733 
0.0102786 -0.0186757 0.000220869 -0.000272678 -0.0186757 0.0906396 -0.000275405 0.00069533 0.000220869 -0.000275405 0.00967872 -0.01793 -0.000272678 0.00069533 -0.01793 0.0887459 
0.0102545 -0.0186705 0.000203073 -0.000258952 -0.0186705 0.0906183 -0.000258952 0.000646018 0.000203073 -0.000258952 0.00969981 -0.0179318 -0.000258952 0.000646018 -0.0179318 0.0887579 
0.0102391 -0.0186551 0.000206659 -0.000255605 -0.0186551 0.0905969 -0.000252885 0.00064581 0.000206659 -0.000252885 0.00972249 -0.0179494 -0.000255605 0.00064581 -0.0179494 0.0887873 
0.0102265 -0.0186047 0.000193699 -0.000248263 -0.0186047 0.0904685 -0.000249627 0.000616564 0.000193699 -0.000249627 0.00971634 -0.0180004 -0.000248263 0.000616564 -0.0180004 0.0889053 
0.010221 -0.0185823 0.000174905 -0.000232296 -0.0185823 0.090378 -0.000237761 0.000591671 0.000174905 -0.000237761 0.00971132 -0.018007 -0.000232296 0.000591671 -0.018007 0.088987 
0.0102229 -0.0185923 0.000155824 -0.000213233 -0.0185923 0.090374 -0.000221435 0.00055632 0.000155824 -0.000221435 0.00968981 -0.0179704 -0.000213233 0.00055632 -0.0179704 0.0889128 
0.0102222 -0.0186023 0.000170688 -0.000207557 -0.0186023 0.090406 -0.000211653 0.000551664 0.000170688 -0.000211653 0.0096705 -0.0179291 -0.000207557 0.000551664 -0.0179291 0.0888015 
0.0102085 -0.0186067 0.000175985 -0.000227826 -0.0186067 0.0904293 -0.00022919 0.000571612 0.000175985 -0.00022919 0.00967511 -0.0179014 -0.000227826 0.000571612 -0.0179014 0.0886967 
0.0102138 -0.0185867 0.000182999 -0.000228066 -0.0185867 0.0904098 -0.000221238 0.000569482 0.000182999 -0.000221238 0.00965115 -0.0178984 -0.000228066 0.000569482 -0.0178984 0.0886508 
0.010181 -0.018596 0.000190286 -0.000239569 -0.018596 0.090412 -0.000236831 0.000585918 0.000190286 -0.000236831 0.00965669 -0.017865 -0.000239569 0.000585918 -0.017865 0.0885639 
0.0101621 -0.0185603 0.000190214 -0.000231268 -0.0185603 0.0903724 -0.000231268 0.00057338 0.000190214 -0.000231268 0.00965989 -0.0178706 -0.000231268 0.00057338 -0.0178706 0.0885442 
0.0101604 -0.0185246 0.000172373 -0.000225726 -0.0185246 0.0902726 -0.000224358 0.000562263 0.000172373 -0.000224358 0.00965012 -0.0178843 -0.000225726 0.000562263 -0.0178843 0.088568 
0.0101587 -0.0185186 0.000158793 -0.000205336 -0.0185186 0.0902179 -0.000206705 0.000525661 0.000158793 -0.000206705 0.00964259 -0.0178711 -0.000205336 0.000525661 -0.0178711 0.0885602 
0.0101425 -0.0185091 0.000153591 -0.000201588 -0.0185091 0.0901894 -0.000205702 0.000512884 0.000153591 -0.000205702 0.00963646 -0.0178577 -0.000201588 0.000512884 -0.0178577 0.0885301 
0.0101172 -0.0184875 0.000162183 -0.000208914 -0.0184875 0.0901367 -0.000207539 0.000531905 0.000162183 -0.000207539 0.00963065 -0.0178429 -0.000208914 0.000531905 -0.0178429 0.088486 
0.0100999 -0.0184525 0.000175699 -0.000204525 -0.0184525 0.0900677 -0.000199034 0.000510625 0.000175699 -0.000199034 0.0096456 -0.0178527 -0.000204525 0.000510625 -0.0178527 0.088507 
0.0101089 -0.0184456 0.000161852 -0.000209858 -0.0184456 0.0900293 -0.000197514 0.000495156 0.000161852 -0.000197514 0.0096384 -0.0178585 -0.000209858 0.000495156 -0.0178585 0.0885068 
0.0101037 -0.0184365 0.000170226 -0.0002169 -0.0184365 0.0899903 -0.000204545 0.000521659 0.000170226 -0.000204545 0.00964246 -0.0178737 -0.0002169 0.000521659 -0.0178737 0.0885461 
0.0101033 -0.0184478 0.000163511 -0.00022122 -0.0184478 0.0900105 -0.000219846 0.000550989 0.000163511 -0.000219846 0.00964162 -0.0178611 -0.00022122 0.000550989 -0.0178611 0.0885361 
0.0101023 -0.018454 0.00014818 -0.000193458 -0.018454 0.0900375 -0.000196202 0.000503539 0.00014818 -0.000196202 0.00965094 -0.0178626 -0.000193458 0.000503539 -0.0178626 0.088531 
0.0100733 -0.0184424 0.000142013 -0.000175104 -0.0184424 0.0900019 -0.000184755 0.000466024 0.000142013 -0.000184755 0.00965414 -0.0178661 -0.000175104 0.000466024 -0.0178661 0.0885169 
0.0100501 -0.0183791 0.000146414 -0.000187852 -0.0183791 0.0898652 -0.000198902 0.000486206 0.000146414 -0.000198902 0.00964953 -0.0178805 -0.000187852 0.000486206 -0.0178805 0.088571 
0.0100457 -0.0183501 0.000122997 -0.000175513 -0.0183501 0.0897617 -0.000183805 0.000464349 0.000122997 -0.000183805 0.00963247 -0.0178719 -0.000175513 0.000464349 -0.0178719 0.0885732 
0.0100496 -0.0183495 0.000102111 -0.000154546 -0.0183495 0.089722 -0.000158685 0.000425001 0.000102111 -0.000158685 0.00962875 -0.0178486 -0.000154546 0.000425001 -0.0178486 0.0885202 
0.0100463 -0.0183604 0.000110248 -0.000136431 -0.0183604 0.0897361 -0.000133675 0.000373464 0.000110248 -0.000133675 0.00962738 -0.0178257 -0.000136431 0.000373464 -0.0178257 0.0884476 
0.0100392 -0.0183427 0.000114238 -0.00013213 -0.0183427 0.0897055 -0.000130754 0.000333079 0.000114238 -0.000130754 0.00964001 -0.0178417 -0.00013213 0.000333079 -0.0178417 0.0884641 
0.0100423 -0.0183292 0.000125185 -0.000152698 -0.0183292 0.0896706 -0.000152698 0.000372802 0.000125185 -0.000152698 0.00964058 -0.017867 -0.000152698 0.000372802 -0.017867 0.0885233 
0.0100424 -0.0183448 0.000142122 -0.000175238 -0.0183448 0.0896872 -0.000168339 0.000429125 0.000142122 -0.000168339 0.00963255 -0.0178632 -0.000175238 0.000429125 -0.0178632 0.0885378 
0.0100521 -0.0183761 0.000176402 -0.000190183 -0.0183761 0.089787 -0.000191561 0.000474079 0.000176402 -0.000191561 0.00962767 -0.0178276 -0.000190183 0.000474079 -0.0178276 0.0884544 
0.0100484 -0.0183963 0.000188631 -0.000224429 -0.0183963 0.0898694 -0.000221675 0.000535601 0.000188631 -0.000221675 0.00963393 -0.017807 -0.000224429 0.000535601 -0.017807 0.0883728 
0.010042 -0.0183683 0.000182831 -0.00024744 -0.0183683 0.0898332 -0.000244691 0.000610353 0.000182831 -0.000244691 0.0096378 -0.0178322 -0.00024744 0.000610353 -0.0178322 0.0883939 
0.0100221 -0.0183477 0.000155349 -0.00023921 -0.0183477 0.0897533 -0.000229587 0.000611773 0.000155349 -0.000229587 0.00965364 -0.0178541 -0.00023921 0.000611773 -0.0178541 0.0884624 
0.0100056 -0.0183367 0.000156122 -0.000211386 -0.0183367 0.0897204 -0.000210005 0.000576132 0.000156122 -0.000210005 0.0096464 -0.0178559 -0.000211386 0.000576132 -0.0178559 0.0884714 
0.00998796 -0.0183053 0.000148103 -0.0002007 -0.0183053 0.0896605 -0.000199316 0.00053151 0.000148103 -0.000199316 0.00964608 -0.0178485 -0.0002007 0.00053151 -0.0178485 0.0884729 
0.00996867 -0.0182985 0.000142806 -0.000174694 -0.0182985 0.089632 -0.000174694 0.000456146 0.000142806 -0.000174694 0.00965117 -0.0178299 -0.000174694 0.000456146 -0.0178299 0.0884217 
0.00993974 -0.0182476 0.000151001 -0.000159313 -0.0182476 0.0895158 -0.000164854 0.000410057 0.000151001 -0.000164854 0.0096696 -0.0178555 -0.000159313 0.000410057 -0.0178555 0.0884671 
0.00994673 -0.0182135 0.000138495 -0.000166194 -0.0182135 0.089414 -0.000171734 0.000389172 0.000138495 -0.000171734 0.00966005 -0.0178756 -0.000166194 0.000389172 -0.0178756 0.0885054 
0.00995168 -0.0182106 0.000142801 -0.000171915 -0.0182106 0.0893586 -0.000170529 0.000411765 0.000142801 -0.000170529 0.00964667 -0.0178709 -0.000171915 0.000411765 -0.0178709 0.0885253 
0.00996898 -0.018217 0.000161861 -0.000192297 -0.018217 0.0893542 -0.000190913 0.000457915 0.000161861 -0.000190913 0.00963834 -0.0178614 -0.000192297 0.000457915 -0.0178614 0.0885214 
0.00999065 -0.0182556 0.000168026 -0.00021623 -0.0182556 0.0894393 -0.000210721 0.000520605 0.000168026 -0.000210721 0.00963532 -0.0178355 -0.00021623 0.000520605 -0.0178355 0.0884573 
0.0100144 -0.0182807 0.00015242 -0.000207346 -0.0182807 0.0895183 -0.000199107 0.000513558 0.00015242 -0.000199107 0.00964775 -0.0178523 -0.000207346 0.000513558 -0.0178523 0.0884747 
0.0100328 -0.0183323 0.000155196 -0.000199145 -0.0183323 0.0896565 -0.000196398 0.000515031 0.000155196 -0.000196398 0.00964 -0.0178434 -0.000199145 0.000515031 -0.0178434 0.0884493 
0.0100521 -0.0183675 0.000153887 -0.000193733 -0.0183675 0.0897835 -0.000193733 0.000504255 0.000153887 -0.000193733 0.00963993 -0.017844 -0.000193733 0.000504255 -0.017844 0.0884508 
0.0100586 -0.0183755 0.000152465 -0.000188178 -0.0183755 0.0898362 -0.000190925 0.00049036 0.000152465 -0.000190925 0.00966161 -0.01787 -0.000188178 0.00049036 -0.01787 0.0885245 
0.0100356 -0.0183843 0.000151345 -0.000198125 -0.0183843 0.0898524 -0.000198125 0.000510447 0.000151345 -0.000198125 0.00968749 -0.0178849 -0.000198125 0.000510447 -0.0178849 0.0885674 
0.0100341 -0.0183562 0.000167762 -0.00020489 -0.0183562 0.0898104 -0.000199389 0.000522537 0.000167762 -0.000199389 0.00968481 -0.0179065 -0.00020489 0.000522537 -0.0179065 0.0886237 
0.0100252 -0.0183203 0.000177693 -0.000221772 -0.0183203 0.0896964 -0.000224527 0.000559251 0.000177693 -0.000224527 0.00968909 -0.0179456 -0.000221772 0.000559251 -0.0179456 0.0887405 
0.0100374 -0.018333 0.000177204 -0.000215666 -0.018333 0.089709 -0.000222535 0.000554963 0.000177204 -0.000222535 0.00970087 -0.0179347 -0.000215666 0.000554963 -0.0179347 0.0887529 
0.0100516 -0.0183572 0.000159222 -0.000208635 -0.0183572 0.0897598 -0.000214126 0.000528451 0.000159222 -0.000214126 0.00970291 -0.0179385 -0.000208635 0.000528451 -0.0179385 0.0887496 
0.010056 -0.0183836 0.000149639 -0.000185333 -0.0183836 0.08983 -0.000194942 0.000484611 0.000149639 -0.000194942 0.00971006 -0.0179333 -0.000185333 0.000484611 -0.0179333 0.088718 
0.0100618 -0.0183884 0.00015524 -0.000196454 -0.0183884 0.0898716 -0.000196454 0.00049457 0.00015524 -0.000196454 0.00969632 -0.0179378 -0.000196454 0.00049457 -0.0179378 0.0887108 
0.0100924 -0.0184022 0.00015793 -0.000193636 -0.0184022 0.0899046 -0.000195009 0.000486149 0.00015793 -0.000195009 0.0096653 -0.0179188 -0.000193636 0.000486149 -0.0179188 0.0886851 
0.0101215 -0.0184329 0.000161813 -0.000208436 -0.0184329 0.089954 -0.000208436 0.00053069 0.000161813 -0.000208436 0.00964156 -0.0178899 -0.000208436 0.00053069 -0.0178899 0.0886266 
0.0101358 -0.0184415 0.000188611 -0.000210479 -0.0184415 0.0899714 -0.000210479 0.00053713 0.000188611 -0.000210479 0.00964511 -0.0178907 -0.000210479 0.00053713 -0.0178907 0.0886415 
0.0101418 -0.0184781 0.0001991 -0.000246829 -0.0184781 0.0900449 -0.000245465 0.000597299 0.0001991 -0.000245465 0.00966588 -0.0178903 -0.000246829 0.000597299 -0.0178903 0.0886389 
0.0101484 -0.0184983 0.000197864 -0.000256541 -0.0184983 0.0901333 -0.000252447 0.000637259 0.000197864 -0.000252447 0.00966805 -0.0178992 -0.000256541 0.000637259 -0.0178992 0.088635 
0.0101526 -0.0185142 0.000191843 -0.000246655 -0.0185142 0.0901963 -0.000248025 0.000633081 0.000191843 -0.000248025 0.00965244 -0.0178948 -0.000246655 0.000633081 -0.0178948 0.0886218 
0.010143 -0.0185225 0.000208766 -0.000255464 -0.0185225 0.0902391 -0.00025409 0.000645526 0.000208766 -0.00025409 0.00964581 -0.017866 -0.000255464 0.000645526 -0.017866 0.088569 
0.0101287 -0.0184978 0.000200869 -0.000243519 -0.0184978 0.0901929 -0.000247647 0.000609486 0.000200869 -0.000247647 0.00964033 -0.0178622 -0.000243519 0.000609486 -0.0178622 0.0885502 
0.0101373 -0.0184855 0.000184415 -0.000233959 -0.0184855 0.0901514 -0.000236712 0.000587651 0.000184415 -0.000236712 0.00961848 -0.017847 -0.000233959 0.000587651 -0.017847 0.0884931 
0.010126 -0.0184975 0.000175579 -0.000233191 -0.0184975 0.090153 -0.000234563 0.000598066 0.000175579 -0.000234563 0.00962667 -0.0178172 -0.000233191 0.000598066 -0.0178172 0.0884288 
0.0101017 -0.018466 0.000160063 -0.000209313 -0.018466 0.090092 -0.000210681 0.000539014 0.000160063 -0.000210681 0.00966532 -0.0178463 -0.000209313 0.000539014 -0.0178463 0.0884626 
0.0100891 -0.0184317 0.000154543 -0.000202411 -0.0184317 0.0900084 -0.000195572 0.000511497 0.000154543 -0.000195572 0.00968289 -0.0178997 -0.000202411 0.000511497 -0.0178997 0.0885738 
0.01009 -0.0184201 0.000138445 -0.000189163 -0.0184201 0.0899605 -0.000179567 0.000463311 0.000138445 -0.000179567 0.00967608 -0.0179184 -0.000189163 0.000463311 -0.0179184 0.088646 
0.0100845 -0.0184074 0.000130238 -0.000172736 -0.0184074 0.0899107 -0.000169995 0.000435954 0.000130238 -0.000169995 0.00968009 -0.0179303 -0.000172736 0.000435954 -0.0179303 0.0887139 
0.0101144 -0.0184181 0.000132652 -0.000168208 -0.0184181 0.0899201 -0.000168208 0.000429409 0.000132652 -0.000168208 0.0096617 -0.0179162 -0.000168208 0.000429409 -0.0179162 0.0887112 
0.0101427 -0.0184469 0.000133762 -0.000162425 -0.0184469 0.089974 -0.000167885 0.000420395 0.000133762 -0.000167885 0.00964724 -0.017905 -0.000162425 0.000420395 -0.017905 0.0886937 
0.0101684 -0.0185123 0.000136875 -0.000182043 -0.0185123 0.0901305 -0.000184781 0.000457161 0.000136875 -0.000184781 0.00960996 -0.0178498 -0.000182043 0.000457161 -0.0178498 0.0885537 
0.0101633 -0.0185514 0.000123274 -0.000175323 -0.0185514 0.0902752 -0.000179433 0.000456115 0.000123274 -0.000179433 0.00961677 -0.0178131 -0.000175323 0.000456115 -0.0178131 0.088448 
0.0101573 -0.0185278 0.000123036 -0.000153111 -0.0185278 0.0902755 -0.000151744 0.000406018 0.000123036 -0.000151744 0.00963918 -0.0178429 -0.000153111 0.000406018 -0.0178429 0.088471 
0.0101585 -0.0185183 0.000120186 -0.000140673 -0.0185183 0.0902354 -0.000143404 0.000360559 0.000120186 -0.000143404 0.00964632 -0.0178586 -0.000140673 0.000360559 -0.0178586 0.0885091 
0.0101538 -0.0185108 0.000129704 -0.000151549 -0.0185108 0.0902098 -0.00015701 0.000385016 0.000129704 -0.00015701 0.00964725 -0.0178759 -0.000151549 0.000385016 -0.0178759 0.0885592 
0.0101305 -0.0185017 0.000135438 -0.000164167 -0.0185017 0.0901772 -0.00017648 0.000424099 0.000135438 -0.00017648 0.00966809 -0.0178901 -0.000164167 0.000424099 -0.0178901 0.0886053 
0.0101185 -0.018471 0.00011363 -0.000153332 -0.018471 0.0901154 -0.000154701 0.00038333 0.00011363 -0.000154701 0.00968319 -0.017922 -0.000153332 0.00038333 -0.017922 0.0886903 
0.0101462 -0.0184561 0.000118869 -0.000136631 -0.0184561 0.0900683 -0.000139363 0.00035524 0.000118869 -0.000139363 0.00966799 -0.0179382 -0.000136631 0.00035524 -0.0179382 0.0887553 
0.0101635 -0.0185118 0.00013679 -0.000144997 -0.0185118 0.0901487 -0.000144997 0.000352918 0.00013679 -0.000144997 0.00965053 -0.0178935 -0.000144997 0.000352918 -0.0178935 0.0886741 
0.0101732 -0.018535 0.000155608 -0.000173352 -0.018535 0.0902374 -0.000174717 0.000409494 0.000155608 -0.000174717 0.00965313 -0.0178744 -0.000173352 0.000409494 -0.0178744 0.0886131 
0.0101825 -0.0185534 0.000159849 -0.000204935 -0.0185534 0.0903051 -0.000202202 0.000485012 0.000159849 -0.000202202 0.00964695 -0.017873 -0.000204935 0.000485012 -0.017873 0.0885768 
0.0101868 -0.0185767 0.000161132 -0.000214388 -0.0185767 0.0903775 -0.000210291 0.000532556 0.000161132 -0.000210291 0.0096461 -0.0178584 -0.000214388 0.000532556 -0.0178584 0.08853 
0.0102031 -0.0185711 0.000143148 -0.000186774 -0.0185711 0.0903893 -0.000181321 0.000474434 0.000143148 -0.000181321 0.00965092 -0.0178745 -0.000186774 0.000474434 -0.0178745 0.0885734 
0.0102105 -0.01858 0.000147384 -0.000173313 -0.01858 0.0903807 -0.000170584 0.000431236 0.000147384 -0.000170584 0.00965231 -0.0178936 -0.000173313 0.000431236 -0.0178936 0.0886353 
0.0102183 -0.0185733 0.000155505 -0.000181423 -0.0185733 0.0903677 -0.000181423 0.000446055 0.000155505 -0.000181423 0.00966452 -0.0179186 -0.000181423 0.000446055 -0.0179186 0.0887226 
0.0102423 -0.018594 0.000180312 -0.000206266 -0.018594 0.0904018 -0.0002049 0.00051225 0.000180312 -0.0002049 0.00964395 -0.0179137 -0.000206266 0.00051225 -0.0179137 0.0887312 
0.0102534 -0.01862 0.000194001 -0.000228156 -0.01862 0.0904564 -0.000225424 0.000560144 0.000194001 -0.000225424 0.00963447 -0.0178973 -0.000228156 0.000560144 -0.0178973 0.0887145 
