0.00701088 0 0.00027696 0 0 0.00998684 0 0 0.00027696 0 0.00759738 0 0 0 0 0.00998684 
0.00996714 -0.0123856 0.000328062 -0.000402247 -0.0123856 0.0329315 -0.000402247 0.000774819 0.000328062 -0.000402247 0.010648 -0.0132214 -0.000402247 0.000774819 -0.0132214 0.0345388 
0.0100785 -0.0189749 0.00025954 -0.00044038 -0.0189749 0.0698631 -0.00044038 0.00140151 0.00025954 -0.00044038 0.0106495 -0.0198037 -0.00044038 0.00140151 -0.0198037 0.0725087 
0.0094983 -0.0186986 0.00025426 -0.000338473 -0.0186986 0.0841146 -0.000335234 0.00117737 0.00025426 -0.000335234 0.0100959 -0.0193999 -0.000338473 0.00117737 -0.0193999 0.0863657 
0.0094115 -0.0179893 0.000279443 -0.00031032 -0.0179893 0.0874424 -0.00031032 0.000844503 0.000279443 -0.00031032 0.0101217 -0.0187057 -0.00031032 0.000844503 -0.0187057 0.0891715 
0.00951969 -0.0178112 0.000303006 -0.000372139 -0.0178112 0.0882645 -0.000366255 0.000851653 0.000303006 -0.000366255 0.0103566 -0.0186922 -0.000372139 0.000851653 -0.0186922 0.0901458 
0.00958423 -0.0177674 0.000314354 -0.000389742 -0.0177674 0.0883703 -0.000386897 0.000923147 0.000314354 -0.000386897 0.010496 -0.0189423 -0.000389742 0.000923147 -0.0189423 0.0910103 
0.00964613 -0.0178238 0.000303442 -0.000398094 -0.0178238 0.0884688 -0.000393918 0.000970181 0.000303442 -0.000393918 0.0105133 -0.0190111 -0.000398094 0.000970181 -0.0190111 0.0914225 
0.00968708 -0.017908 0.000299841 -0.000380991 -0.017908 0.0886238 -0.000383742 0.000976548 0.000299841 -0.000383742 0.0104862 -0.0189643 -0.000380991 0.000976548 -0.0189643 0.091409 
0.00970031 -0.0179265 0.000297004 -0.000370574 -0.0179265 0.0886884 -0.000376023 0.000953682 0.000297004 -0.000376023 0.0104701 -0.0189374 -0.000370574 0.000953682 -0.0189374 0.0913342 
0.00970648 -0.0179648 0.000292077 -0.000365436 -0.0179648 0.0887834 -0.000364078 0.000926497 0.000292077 -0.000364078 0.0104401 -0.018894 -0.000365436 0.000926497 -0.018894 0.091188 
0.00972141 -0.0179734 0.000297137 -0.000364977 -0.0179734 0.0888346 -0.000371761 0.000930759 0.000297137 -0.000371761 0.0103917 -0.0188621 -0.000364977 0.000930759 -0.0188621 0.091095 
0.00974166 -0.0179846 0.000282367 -0.000362461 -0.0179846 0.0888669 -0.000363819 0.000901402 0.000282367 -0.000363819 0.0103458 -0.0188208 -0.000362461 0.000901402 -0.0188208 0.0910131 
0.009742 -0.0180154 0.00025812 -0.000338273 -0.0180154 0.0889469 -0.00034099 0.000859948 0.00025812 -0.00034099 0.0103289 -0.0187681 -0.000338273 0.000859948 -0.0187681 0.0909113 
0.00973355 -0.0180381 0.000238627 -0.000305063 -0.0180381 0.0890324 -0.000307775 0.000779606 0.000238627 -0.000307775 0.0103464 -0.0187431 -0.000305063 0.000779606 -0.0187431 0.0908302 
0.00973796 -0.0180278 0.000227156 -0.000285297 -0.0180278 0.0890492 -0.000282593 0.000719327 0.000227156 -0.000282593 0.0103653 -0.0187769 -0.000285297 0.000719327 -0.0187769 0.0908773 
0.00975137 -0.0180254 0.000220515 -0.000288158 -0.0180254 0.0890449 -0.000281394 0.000712954 0.000220515 -0.000281394 0.0103656 -0.0188047 -0.000288158 0.000712954 -0.0188047 0.0909497 
0.00975135 -0.0180287 0.000223748 -0.000298331 -0.0180287 0.0890274 -0.000296975 0.000759388 0.000223748 -0.000296975 0.0103467 -0.0188098 -0.000298331 0.000759388 -0.0188098 0.0909937 
0.00973545 -0.0180235 0.000219964 -0.000297359 -0.0180235 0.0890162 -0.000296001 0.00076037 0.000219964 -0.000296001 0.0103465 -0.0187906 -0.000297359 0.00076037 -0.0187906 0.0909918 
0.00972937 -0.0180081 0.000203175 -0.000272254 -0.0180081 0.0889988 -0.000272254 0.000700276 0.000203175 -0.000272254 0.010347 -0.0187842 -0.000272254 0.000700276 -0.0187842 0.0909547 
0.00972157 -0.018016 0.000185676 -0.000234467 -0.018016 0.089012 -0.000233112 0.000603109 0.000185676 -0.000233112 0.0103491 -0.0187696 -0.000234467 0.000603109 -0.0187696 0.0909054 
0.0097033 -0.0180014 0.00019162 -0.000225595 -0.0180014 0.0889904 -0.0002188 0.000550397 0.00019162 -0.0002188 0.0103434 -0.0187638 -0.000225595 0.000550397 -0.0187638 0.0908645 
0.00968865 -0.0179627 0.000205187 -0.000248671 -0.0179627 0.0889045 -0.000241876 0.000592461 0.000205187 -0.000241876 0.0103341 -0.0187658 -0.000248671 0.000592461 -0.0187658 0.0908599 
0.00968001 -0.017948 0.00020561 -0.000264161 -0.017948 0.0888494 -0.000261438 0.000638617 0.00020561 -0.000261438 0.0103077 -0.018735 -0.000264161 0.000638617 -0.018735 0.0907925 
0.00968204 -0.0179533 0.000217666 -0.000273443 -0.0179533 0.0888484 -0.000268001 0.000678845 0.000217666 -0.000268001 0.0102888 -0.0186975 -0.000273443 0.000678845 -0.0186975 0.0907027 
0.00966981 -0.0179279 0.00022076 -0.000282082 -0.0179279 0.0887767 -0.000280719 0.000705886 0.00022076 -0.000280719 0.0102803 -0.0186923 -0.000282082 0.000705886 -0.0186923 0.0906722 
0.00966675 -0.0179151 0.000224176 -0.000269012 -0.0179151 0.0887425 -0.00027037 0.000684757 0.000224176 -0.00027037 0.0102849 -0.0186854 -0.000269012 0.000684757 -0.0186854 0.0906745 
0.00969097 -0.0179298 0.000222781 -0.000268967 -0.0179298 0.0887619 -0.00026625 0.000665626 0.000222781 -0.00026625 0.0102683 -0.018681 -0.000268967 0.000665626 -0.018681 0.0906461 
0.00967689 -0.0179456 0.000217062 -0.000261831 -0.0179456 0.0887864 -0.000265901 0.000648472 0.000217062 -0.000265901 0.0102914 -0.0186741 -0.000261831 0.000648472 -0.0186741 0.0906396 
0.00967324 -0.0179292 0.00020538 -0.000267946 -0.0179292 0.0887702 -0.000270666 0.000673264 0.00020538 -0.000270666 0.0102799 -0.018695 -0.000267946 0.000673264 -0.018695 0.090669 
0.00969288 -0.0179322 0.000200064 -0.00025042 -0.0179322 0.0887643 -0.000253142 0.000642381 0.000200064 -0.000253142 0.0102536 -0.0186835 -0.00025042 0.000642381 -0.0186835 0.0906642 
0.00969519 -0.0179304 0.0001912 -0.00024856 -0.0179304 0.0887453 -0.000249925 0.000625496 0.0001912 -0.000249925 0.0102264 -0.0186611 -0.00024856 0.000625496 -0.0186611 0.0906341 
0.00970945 -0.0179501 0.00016943 -0.000239115 -0.0179501 0.0887843 -0.000241848 0.000610769 0.00016943 -0.000241848 0.0102095 -0.0186223 -0.000239115 0.000610769 -0.0186223 0.0905551 
0.00969497 -0.0179457 0.000151527 -0.000214321 -0.0179457 0.0887713 -0.000214321 0.000559693 0.000151527 -0.000214321 0.0102096 -0.0186009 -0.000214321 0.000559693 -0.0186009 0.0904914 
0.00968177 -0.017933 0.000141957 -0.000192462 -0.017933 0.088748 -0.000185637 0.000499581 0.000141957 -0.000185637 0.0102223 -0.0185992 -0.000192462 0.000499581 -0.0185992 0.0904583 
0.00969437 -0.0179377 0.000155175 -0.000174232 -0.0179377 0.0887752 -0.000167426 0.000438302 0.000155175 -0.000167426 0.010213 -0.0185938 -0.000174232 0.000438302 -0.0185938 0.0904223 
0.00971504 -0.0179744 0.000171418 -0.000190464 -0.0179744 0.0888584 -0.000182302 0.00044351 0.000171418 -0.000182302 0.0102089 -0.0185784 -0.000190464 0.00044351 -0.0185784 0.0903726 
0.00969833 -0.0179835 0.00019525 -0.000219827 -0.0179835 0.0888948 -0.000222558 0.000522943 0.00019525 -0.000222558 0.0102144 -0.0185774 -0.000219827 0.000522943 -0.0185774 0.0903544 
0.00967953 -0.0179595 0.00020618 -0.000240316 -0.0179595 0.0888663 -0.000245777 0.000587135 0.00020618 -0.000245777 0.0102257 -0.0185903 -0.000240316 0.000587135 -0.0185903 0.0903805 
0.00967583 -0.0179202 0.000217388 -0.000272077 -0.0179202 0.0887655 -0.000277546 0.000675408 0.000217388 -0.000277546 0.0102049 -0.0186038 -0.000272077 0.000675408 -0.0186038 0.0904062 
0.00966872 -0.0179011 0.000220241 -0.000276327 -0.0179011 0.0886765 -0.000285903 0.00070997 0.000220241 -0.000285903 0.0101844 -0.0185851 -0.000276327 0.00070997 -0.0185851 0.0904015 
0.00968391 -0.0179114 0.000215866 -0.000267783 -0.0179114 0.088684 -0.000273248 0.000687219 0.000215866 -0.000273248 0.0101689 -0.0185508 -0.000267783 0.000687219 -0.0185508 0.0903276 
0.00969958 -0.0179523 0.000170623 -0.000252522 -0.0179523 0.0887813 -0.000252522 0.000634718 0.000170623 -0.000252522 0.0101528 -0.018501 -0.000252522 0.000634718 -0.018501 0.0901955 
0.00969537 -0.0179512 0.000159342 -0.000208371 -0.0179512 0.0888041 -0.000208371 0.000559741 0.000159342 -0.000208371 0.0101652 -0.018511 -0.000208371 0.000559741 -0.018511 0.0901755 
0.0096651 -0.0179267 0.000166405 -0.000204596 -0.0179267 0.08874 -0.000203232 0.000527857 0.000166405 -0.000203232 0.0101834 -0.0185391 -0.000204596 0.000527857 -0.0185391 0.0902308 
0.00963815 -0.0178912 0.000157867 -0.000207287 -0.0178912 0.0886556 -0.000201796 0.000505176 0.000157867 -0.000201796 0.0101735 -0.0185542 -0.000207287 0.000505176 -0.0185542 0.0902796 
0.00964701 -0.0178603 0.000149258 -0.000188969 -0.0178603 0.08858 -0.0001876 0.000472423 0.000149258 -0.0001876 0.0101674 -0.018545 -0.000188969 0.000472423 -0.018545 0.0902971 
0.00964715 -0.0178389 0.0001643 -0.000195791 -0.0178389 0.0884687 -0.000195791 0.000488793 0.0001643 -0.000195791 0.010151 -0.0185467 -0.000195791 0.000488793 -0.0185467 0.0903075 
0.00965275 -0.0178407 0.00017337 -0.000215689 -0.0178407 0.0884447 -0.000219784 0.000539222 0.00017337 -0.000219784 0.0101387 -0.0185247 -0.000215689 0.000539222 -0.0185247 0.0902739 
0.00964905 -0.0178774 0.000166339 -0.00021406 -0.0178774 0.0885212 -0.000212696 0.000535831 0.000166339 -0.000212696 0.0101426 -0.0184896 -0.00021406 0.000535831 -0.0184896 0.090186 
0.00966022 -0.0178878 0.000145851 -0.000205827 -0.0178878 0.0885954 -0.0002031 0.000522064 0.000145851 -0.0002031 0.0101496 -0.0184944 -0.000205827 0.000522064 -0.0184944 0.0901589 
0.00966413 -0.0178984 0.000143122 -0.000182651 -0.0178984 0.0886333 -0.000178561 0.000479799 0.000143122 -0.000178561 0.0101521 -0.0185009 -0.000182651 0.000479799 -0.0185009 0.0901667 
0.00965779 -0.0178879 0.000138379 -0.000168522 -0.0178879 0.0886245 -0.000165781 0.000427469 0.000138379 -0.000165781 0.0101524 -0.0185264 -0.000168522 0.000427469 -0.0185264 0.0902344 
0.00964876 -0.0178783 0.000134775 -0.000177407 -0.0178783 0.0885978 -0.000171906 0.00043733 0.000134775 -0.000171906 0.0101466 -0.0185246 -0.000177407 0.00043733 -0.0185246 0.0902728 
0.0096561 -0.0178838 0.000146012 -0.000188714 -0.0178838 0.0886116 -0.000188714 0.000480739 0.000146012 -0.000188714 0.010141 -0.0185091 -0.000188714 0.000480739 -0.0185091 0.090237 
0.00966648 -0.017884 0.000158241 -0.000192642 -0.017884 0.0886083 -0.000194018 0.000488484 0.000158241 -0.000194018 0.0101357 -0.0185005 -0.000192642 0.000488484 -0.0185005 0.0902031 
0.00967377 -0.0179106 0.000158901 -0.000191777 -0.0179106 0.0886516 -0.000198626 0.000483552 0.000158901 -0.000198626 0.0101518 -0.0184846 -0.000191777 0.000483552 -0.0184846 0.0901543 
0.00965808 -0.0178862 0.000155996 -0.000192943 -0.0178862 0.0886072 -0.000195679 0.000477567 0.000155996 -0.000195679 0.0101671 -0.0185184 -0.000192943 0.000477567 -0.0185184 0.0901891 
0.00966072 -0.0178821 0.000145027 -0.0001806 -0.0178821 0.088591 -0.000177863 0.000446027 0.000145027 -0.000177863 0.0101587 -0.0185279 -0.0001806 0.000446027 -0.0185279 0.0902205 
0.00965475 -0.0178709 0.000156341 -0.000189255 -0.0178709 0.0885549 -0.000190626 0.000460795 0.000156341 -0.000190626 0.0101457 -0.0185292 -0.000189255 0.000460795 -0.0185292 0.0902321 
0.00965033 -0.0178598 0.000153834 -0.000192292 -0.0178598 0.0885204 -0.000192292 0.000468369 0.000153834 -0.000192292 0.0101269 -0.018515 -0.000192292 0.000468369 -0.018515 0.0902208 
0.00965004 -0.0178843 0.000126091 -0.000183654 -0.0178843 0.0885718 -0.000179542 0.000453652 0.000126091 -0.000179542 0.0101366 -0.0184791 -0.000183654 0.000453652 -0.0184791 0.090152 
0.00964815 -0.017901 0.000110804 -0.000162786 -0.017901 0.0886527 -0.000157314 0.0004268 0.000110804 -0.000157314 0.010168 -0.018481 -0.000162786 0.0004268 -0.018481 0.090111 
0.0096421 -0.0178913 0.000112086 -0.000144891 -0.0178913 0.0886557 -0.00013669 0.000379998 0.000112086 -0.00013669 0.0101971 -0.0185269 -0.000144891 0.000379998 -0.0185269 0.0901853 
0.00963687 -0.0178755 0.00012599 -0.00015064 -0.0178755 0.088619 -0.000146532 0.000372493 0.00012599 -0.000146532 0.0102038 -0.0185671 -0.00015064 0.000372493 -0.0185671 0.0902897 
0.00964277 -0.0178745 0.000128771 -0.000164389 -0.0178745 0.0886192 -0.000163019 0.000400013 0.000128771 -0.000163019 0.0102031 -0.0185732 -0.000164389 0.000400013 -0.0185732 0.0903371 
0.00964289 -0.0178915 0.000116081 -0.00015705 -0.0178915 0.0886556 -0.00015705 0.000391943 0.000116081 -0.00015705 0.0102247 -0.0185716 -0.00015705 0.000391943 -0.0185716 0.0903531 
0.00963759 -0.0178752 0.000102238 -0.000140406 -0.0178752 0.0886263 -0.000136317 0.00035306 0.000102238 -0.000136317 0.0102483 -0.0186113 -0.000140406 0.00035306 -0.0186113 0.0904216 
0.00964286 -0.01788 8.70933e-05 -0.000117032 -0.01788 0.088627 -0.000115671 0.000299383 8.70933e-05 -0.000115671 0.0102512 -0.0186271 -0.000117032 0.000299383 -0.0186271 0.0904668 
0.00962491 -0.0178737 9.39215e-05 -0.000114339 -0.0178737 0.0885979 -0.000110256 0.000291293 9.39215e-05 -0.000110256 0.0102674 -0.0186495 -0.000114339 0.000291293 -0.0186495 0.0905335 
0.00962913 -0.0178531 0.000132205 -0.000145834 -0.0178531 0.0885594 -0.000147197 0.000363903 0.000132205 -0.000147197 0.0102574 -0.0186708 -0.000145834 0.000363903 -0.0186708 0.0906052 
0.0096308 -0.0178634 0.000143234 -0.000171881 -0.0178634 0.0885569 -0.000180066 0.000429703 0.000143234 -0.000180066 0.0102515 -0.0186491 -0.000171881 0.000429703 -0.0186491 0.0905895 
0.00962825 -0.0178487 0.000124139 -0.000166428 -0.0178487 0.0885341 -0.000177341 0.000431075 0.000124139 -0.000177341 0.0102408 -0.0186481 -0.000166428 0.000431075 -0.0186481 0.0905885 
0.00962393 -0.0178486 0.000114668 -0.00014743 -0.0178486 0.0885169 -0.000150161 0.000386322 0.000114668 -0.000150161 0.0102314 -0.0186336 -0.00014743 0.000386322 -0.0186336 0.0905455 
0.00963045 -0.0178458 0.000107702 -0.000137695 -0.0178458 0.0885254 -0.000134968 0.000343555 0.000107702 -0.000134968 0.0102303 -0.0186229 -0.000137695 0.000343555 -0.0186229 0.0905186 
0.00962489 -0.0178791 0.000118657 -0.000136388 -0.0178791 0.0885989 -0.000141843 0.000347789 0.000118657 -0.000141843 0.01024 -0.0185965 -0.000136388 0.000347789 -0.0185965 0.0904443 
0.0096374 -0.0178788 0.000117015 -0.000136064 -0.0178788 0.0886442 -0.000137425 0.000337438 0.000117015 -0.000137425 0.0102442 -0.0186095 -0.000136064 0.000337438 -0.0186095 0.0904294 
0.00964455 -0.0178812 0.000134537 -0.000150845 -0.0178812 0.0886464 -0.000148127 0.000360125 0.000134537 -0.000148127 0.0102547 -0.0186273 -0.000150845 0.000360125 -0.0186273 0.090481 
0.00966548 -0.0179075 0.000131753 -0.00016571 -0.0179075 0.0887184 -0.000161635 0.000392541 0.000131753 -0.000161635 0.0102523 -0.0186315 -0.00016571 0.000392541 -0.0186315 0.0904964 
0.00968113 -0.0179319 0.000118295 -0.000146849 -0.0179319 0.08877 -0.000148208 0.000365762 0.000118295 -0.000148208 0.0102386 -0.0186348 -0.000146849 0.000365762 -0.0186348 0.0905104 
0.00968106 -0.0179359 0.000109812 -0.000134214 -0.0179359 0.0887808 -0.000134214 0.000330791 0.000109812 -0.000134214 0.010264 -0.0186477 -0.000134214 0.000330791 -0.0186477 0.0905662 
0.00965619 -0.0178936 0.000122196 -0.000153424 -0.0178936 0.0886681 -0.000149351 0.000378807 0.000122196 -0.000149351 0.0102767 -0.0186946 -0.000153424 0.000378807 -0.0186946 0.0906789 
0.00964949 -0.0178919 0.000103319 -0.000161776 -0.0178919 0.0886644 -0.000157698 0.000405121 0.000103319 -0.000157698 0.0102626 -0.0186723 -0.000161776 0.000405121 -0.0186723 0.0906546 
0.00965671 -0.0179061 8.16635e-05 -0.000132023 -0.0179061 0.0887097 -0.000129301 0.000363403 8.16635e-05 -0.000129301 0.0102392 -0.0186438 -0.000132023 0.000363403 -0.0186438 0.0905553 
0.00964662 -0.0179097 6.14e-05 -9.41467e-05 -0.0179097 0.0887203 -9.14178e-05 0.000267431 6.14e-05 -9.14178e-05 0.0102197 -0.0186028 -9.41467e-05 0.000267431 -0.0186028 0.0904504 
0.00963683 -0.0178919 7.11407e-05 -6.43002e-05 -0.0178919 0.0886892 -6.84045e-05 0.000183324 7.11407e-05 -6.84045e-05 0.0102005 -0.0185841 -6.43002e-05 0.000183324 -0.0185841 0.090387 
0.00962301 -0.0178678 0.000102751 -7.94611e-05 -0.0178678 0.0886169 -8.49412e-05 0.000182212 0.000102751 -8.49412e-05 0.0101998 -0.0185679 -7.94611e-05 0.000182212 -0.0185679 0.0903418 
0.00963051 -0.0178562 0.000127584 -0.000133071 -0.0178562 0.0885884 -0.000135815 0.000281233 0.000127584 -0.000135815 0.0101642 -0.0185408 -0.000133071 0.000281233 -0.0185408 0.0902483 
0.00964588 -0.0178598 0.000131797 -0.000159254 -0.0178598 0.0885688 -0.000163373 0.000373424 0.000131797 -0.000163373 0.0101401 -0.0185133 -0.000159254 0.000373424 -0.0185133 0.0901957 
0.00963773 -0.017865 0.000107331 -0.000154116 -0.017865 0.0885532 -0.000156868 0.000385289 0.000107331 -0.000156868 0.0101359 -0.0184911 -0.000154116 0.000385289 -0.0184911 0.0901439 
0.00962508 -0.0178543 7.70116e-05 -0.00013202 -0.0178543 0.0885262 -0.000133395 0.000357554 7.70116e-05 -0.000133395 0.0101422 -0.0184842 -0.00013202 0.000357554 -0.0184842 0.090116 
0.00962681 -0.0178443 6.85475e-05 -0.000108305 -0.0178443 0.088514 -0.000109676 0.00031669 6.85475e-05 -0.000109676 0.010167 -0.0184996 -0.000108305 0.00031669 -0.0184996 0.0901523 
0.00962925 -0.0178442 9.43776e-05 -9.02742e-05 -0.0178442 0.088492 -9.02742e-05 0.000262616 9.43776e-05 -9.02742e-05 0.0101873 -0.0185308 -9.02742e-05 0.000262616 -0.0185308 0.0902222 
0.00960056 -0.0178197 0.000117513 -0.000128445 -0.0178197 0.0884192 -0.000124345 0.00029515 0.000117513 -0.000124345 0.0102278 -0.0185849 -0.000128445 0.00029515 -0.0185849 0.0903623 
0.0096044 -0.0177786 0.000125673 -0.000143431 -0.0177786 0.0883165 -0.000142065 0.000336038 0.000125673 -0.000142065 0.0102095 -0.0186296 -0.000143431 0.000336038 -0.0186296 0.0904762 
0.00961882 -0.0178059 0.000134529 -0.000156493 -0.0178059 0.0883416 -0.000153747 0.00038025 0.000134529 -0.000153747 0.0101583 -0.0185815 -0.000156493 0.00038025 -0.0185815 0.0904117 
0.00963754 -0.017844 0.000126719 -0.000174928 -0.017844 0.08845 -0.000172173 0.000421479 0.000126719 -0.000172173 0.0101059 -0.0184941 -0.000174928 0.000421479 -0.0184941 0.0902116 
0.00963927 -0.0178521 9.50021e-05 -0.000140438 -0.0178521 0.0884827 -0.000145945 0.00037037 9.50021e-05 -0.000145945 0.0100799 -0.0184373 -0.000140438 0.00037037 -0.0184373 0.0900496 
0.00961273 -0.0178473 9.51892e-05 -0.000114503 -0.0178473 0.0884777 -0.00012416 0.000324195 9.51892e-05 -0.00012416 0.0100818 -0.0184046 -0.000114503 0.000324195 -0.0184046 0.0899221 
0.00959986 -0.0178242 9.94375e-05 -0.000129821 -0.0178242 0.0884496 -0.00014087 0.000342507 9.94375e-05 -0.00014087 0.0100763 -0.0183918 -0.000129821 0.000342507 -0.0183918 0.0898528 
0.00961077 -0.0178039 0.00010481 -0.000136528 -0.0178039 0.0884069 -0.000137907 0.000361318 0.00010481 -0.000137907 0.0100659 -0.0183886 -0.000136528 0.000361318 -0.0183886 0.0898288 
0.00966188 -0.0178193 0.000101762 -0.000129265 -0.0178193 0.0884104 -0.000126515 0.000332789 0.000101762 -0.000126515 0.0100194 -0.0183708 -0.000129265 0.000332789 -0.0183708 0.0897856 
0.00968414 -0.0178689 9.07888e-05 -0.000130681 -0.0178689 0.0884709 -0.000123803 0.000320512 9.07888e-05 -0.000123803 0.00999227 -0.0183256 -0.000130681 0.000320512 -0.0183256 0.0897035 
0.00964608 -0.0178813 7.70805e-05 -0.000112868 -0.0178813 0.0885091 -0.000110115 0.000294558 7.70805e-05 -0.000110115 0.0100136 -0.0183025 -0.000112868 0.000294558 -0.0183025 0.0896419 
0.00961842 -0.0178411 6.62008e-05 -0.000103439 -0.0178411 0.0884677 -0.00010068 0.00027032 6.62008e-05 -0.00010068 0.0100211 -0.0183252 -0.000103439 0.00027032 -0.0183252 0.0896496 
0.0095841 -0.0178012 7.72466e-05 -8.69024e-05 -0.0178012 0.0883549 -8.27642e-05 0.000228981 7.72466e-05 -8.27642e-05 0.010049 -0.0183461 -8.69024e-05 0.000228981 -0.0183461 0.0897219 
0.00957232 -0.0177625 8.30931e-05 -9.41721e-05 -0.0177625 0.0882739 -9.41721e-05 0.000221581 8.30931e-05 -9.41721e-05 0.0100446 -0.0183636 -9.41721e-05 0.000221581 -0.0183636 0.0897654 
0.00956576 -0.0177482 6.92368e-05 -9.41621e-05 -0.0177482 0.088216 -9.69316e-05 0.000228482 6.92368e-05 -9.69316e-05 0.0100518 -0.0183658 -9.41621e-05 0.000228482 -0.0183658 0.0897905 
0.00955719 -0.0177548 5.67069e-05 -9.40505e-05 -0.0177548 0.088218 -9.12843e-05 0.000226828 5.67069e-05 -9.12843e-05 0.0100676 -0.0183578 -9.40505e-05 0.000226828 -0.0183578 0.0897795 
0.00954249 -0.017732 5.92445e-05 -7.02667e-05 -0.017732 0.0881751 -6.47556e-05 0.000187378 5.92445e-05 -6.47556e-05 0.0101046 -0.0183989 -7.02667e-05 0.000187378 -0.0183989 0.0898367 
0.00956571 -0.0177462 6.0525e-05 -7.42807e-05 -0.0177462 0.0882111 -6.74029e-05 0.000167819 6.0525e-05 -6.74029e-05 0.0101091 -0.0184216 -7.42807e-05 0.000167819 -0.0184216 0.0898962 
0.00959835 -0.0177878 4.12359e-05 -6.46029e-05 -0.0177878 0.0883191 -6.32284e-05 0.000149824 4.12359e-05 -6.32284e-05 0.0101042 -0.0184228 -6.46029e-05 0.000149824 -0.0184228 0.0899067 
0.00961593 -0.0178121 6.31633e-05 -7.68945e-05 -0.0178121 0.0883723 -7.82676e-05 0.000201848 6.31633e-05 -7.82676e-05 0.010102 -0.0184368 -7.68945e-05 0.000201848 -0.0184368 0.0899528 
0.00961455 -0.0178183 8.65433e-05 -8.65433e-05 -0.0178183 0.0883827 -8.7917e-05 0.000223914 8.65433e-05 -8.7917e-05 0.0101022 -0.018442 -8.65433e-05 0.000223914 -0.018442 0.0899927 
0.00961775 -0.017828 8.10987e-05 -9.89678e-05 -0.017828 0.0884182 -9.48442e-05 0.00022955 8.10987e-05 -9.48442e-05 0.0100961 -0.0184341 -9.89678e-05 0.00022955 -0.0184341 0.0899824 
0.00961841 -0.0178117 6.73385e-05 -8.65781e-05 -0.0178117 0.0883921 -8.38296e-05 0.000206138 6.73385e-05 -8.38296e-05 0.0100925 -0.0184425 -8.65781e-05 0.000206138 -0.0184425 0.0900027 
0.00963161 -0.0178114 5.35166e-05 -8.23332e-05 -0.0178114 0.0883737 -8.0961e-05 0.000203089 5.35166e-05 -8.0961e-05 0.0100899 -0.0184468 -8.23332e-05 0.000203089 -0.0184468 0.09003 
0.00964897 -0.0178452 4.38963e-05 -6.99598e-05 -0.0178452 0.0884319 -7.27033e-05 0.00019479 4.38963e-05 -7.27033e-05 0.0100756 -0.0184241 -6.99598e-05 0.00019479 -0.0184241 0.0899848 
0.00964029 -0.0178665 5.90334e-05 -6.72706e-05 -0.0178665 0.0885021 -6.58978e-05 0.000190829 5.90334e-05 -6.58978e-05 0.0100837 -0.0184047 -6.72706e-05 0.000190829 -0.0184047 0.089934 
0.00963103 -0.0178599 6.72923e-05 -7.96521e-05 -0.0178599 0.0885182 -7.41588e-05 0.000188144 6.72923e-05 -7.41588e-05 0.0100938 -0.0184161 -7.96521e-05 0.000188144 -0.0184161 0.0899327 
0.0096268 -0.0178511 9.2037e-05 -9.47844e-05 -0.0178511 0.0885149 -9.34107e-05 0.000229406 9.2037e-05 -9.34107e-05 0.0101103 -0.0184321 -9.47844e-05 0.000229406 -0.0184321 0.0899682 
0.00962704 -0.0178392 0.000105566 -0.000123388 -0.0178392 0.0884859 -0.000123388 0.000296132 0.000105566 -0.000123388 0.0101261 -0.0184603 -0.000123388 0.000296132 -0.0184603 0.0900324 
0.00962253 -0.0178377 0.000101608 -0.000141427 -0.0178377 0.0884674 -0.000144173 0.000357 0.000101608 -0.000144173 0.0101223 -0.0184706 -0.000141427 0.000357 -0.0184706 0.090067 
0.00962935 -0.0178279 8.24666e-05 -0.0001237 -0.0178279 0.0884482 -0.000127823 0.000343611 8.24666e-05 -0.000127823 0.0101132 -0.0184766 -0.0001237 0.000343611 -0.0184766 0.0900879 
0.00964983 -0.0178644 6.88683e-05 -9.50383e-05 -0.0178644 0.0885247 -9.91704e-05 0.000272719 6.88683e-05 -9.91704e-05 0.0100865 -0.0184374 -9.50383e-05 0.000272719 -0.0184374 0.0900095 
0.0096591 -0.0178857 6.18028e-05 -8.24038e-05 -0.0178857 0.0885992 -8.37772e-05 0.00022249 6.18028e-05 -8.37772e-05 0.0100931 -0.0184117 -8.24038e-05 0.00022249 -0.0184117 0.0899492 
0.00965903 -0.0178981 8.62658e-05 -9.58509e-05 -0.0178981 0.0886443 -9.58509e-05 0.000245104 8.62658e-05 -9.58509e-05 0.0101164 -0.0184225 -9.58509e-05 0.000245104 -0.0184225 0.0899355 
0.00963846 -0.0178708 0.000100044 -0.000115119 -0.0178708 0.088573 -0.000115119 0.000275463 0.000100044 -0.000115119 0.0101483 -0.0184834 -0.000115119 0.000275463 -0.0184834 0.0900558 
0.00962875 -0.0178416 0.000126225 -0.000134457 -0.0178416 0.0885082 -0.000134457 0.000326538 0.000126225 -0.000134457 0.0101542 -0.0185125 -0.000134457 0.000326538 -0.0185125 0.0901642 
0.00962902 -0.017819 0.000138953 -0.000155462 -0.017819 0.0884222 -0.000158214 0.000378337 0.000138953 -0.000158214 0.0101271 -0.0185261 -0.000155462 0.000378337 -0.0185261 0.0902217 
0.00962819 -0.0178287 0.000122293 -0.000148401 -0.0178287 0.0884194 -0.000152523 0.000355887 0.000122293 -0.000152523 0.010116 -0.0184828 -0.000148401 0.000355887 -0.0184828 0.0901617 
0.00962687 -0.0178356 0.000108244 -0.000134277 -0.0178356 0.0884382 -0.000141128 0.000339804 0.000108244 -0.000141128 0.0101215 -0.0184659 -0.000134277 0.000339804 -0.0184659 0.0901057 
0.00961456 -0.0178447 9.57625e-05 -0.000129963 -0.0178447 0.0884681 -0.000136804 0.000331065 9.57625e-05 -0.000136804 0.0101344 -0.0184562 -0.000129963 0.000331065 -0.0184562 0.0900482 
0.00959749 -0.0178177 7.39322e-05 -0.000117744 -0.0178177 0.0884188 -0.000120482 0.000303943 7.39322e-05 -0.000120482 0.0101397 -0.0184858 -0.000117744 0.000303943 -0.0184858 0.0900795 
0.00960323 -0.01781 8.2384e-05 -8.92493e-05 -0.01781 0.0884131 -9.06224e-05 0.000249898 8.2384e-05 -9.06224e-05 0.0101154 -0.0184746 -8.92493e-05 0.000249898 -0.0184746 0.0900663 
0.00960668 -0.0178021 7.69524e-05 -0.000101687 -0.0178021 0.0883867 -9.89387e-05 0.000237728 7.69524e-05 -9.89387e-05 0.0100945 -0.0184562 -0.000101687 0.000237728 -0.0184562 0.0900315 
0.00961294 -0.017831 7.84898e-05 -0.000101899 -0.017831 0.0884456 -9.5014e-05 0.000246486 7.84898e-05 -9.5014e-05 0.0100646 -0.0183928 -0.000101899 0.000246486 -0.0183928 0.0898929 
0.00960265 -0.0178357 8.99254e-05 -0.000117595 -0.0178357 0.088477 -0.000112061 0.000286378 8.99254e-05 -0.000112061 0.0100481 -0.0183614 -0.000117595 0.000286378 -0.0183614 0.0897733 
0.00959395 -0.0178128 8.72429e-05 -0.000119093 -0.0178128 0.088431 -0.000117709 0.000303273 8.72429e-05 -0.000117709 0.010044 -0.0183501 -0.000119093 0.000303273 -0.0183501 0.0897258 
0.00959586 -0.017766 8.29733e-05 -9.54193e-05 -0.017766 0.0883057 -9.68022e-05 0.000257217 8.29733e-05 -9.68022e-05 0.0100342 -0.0183675 -9.54193e-05 0.000257217 -0.0183675 0.0897647 
0.00960421 -0.0177692 8.41749e-05 -0.000100734 -0.0177692 0.0882484 -9.93539e-05 0.000241485 8.41749e-05 -9.93539e-05 0.0100251 -0.0183556 -0.000100734 0.000241485 -0.0183556 0.0897649 
0.00959424 -0.017796 8.53923e-05 -0.000104674 -0.017796 0.0882942 -0.000110184 0.000261686 8.53923e-05 -0.000110184 0.0100405 -0.0183304 -0.000104674 0.000261686 -0.0183304 0.0897087 
0.00959739 -0.0177962 7.85429e-05 -0.000106102 -0.0177962 0.0883332 -0.000110236 0.000278345 7.85429e-05 -0.000110236 0.0100494 -0.0183418 -0.000106102 0.000278345 -0.0183418 0.0897029 
0.00960143 -0.0177972 8.68222e-05 -0.000108872 -0.0177972 0.088345 -0.000107494 0.000281139 8.68222e-05 -0.000107494 0.0100397 -0.0183457 -0.000108872 0.000281139 -0.0183457 0.0897011 
0.00959727 -0.0177952 7.05885e-05 -9.68862e-05 -0.0177952 0.0883325 -9.96544e-05 0.000249136 7.05885e-05 -9.96544e-05 0.0100208 -0.0183406 -9.68862e-05 0.000249136 -0.0183406 0.0896931 
0.00959543 -0.0177676 5.82634e-05 -8.87824e-05 -0.0177676 0.0882621 -8.60079e-05 0.000227505 5.82634e-05 -8.60079e-05 0.00999634 -0.0183322 -8.87824e-05 0.000227505 -0.0183322 0.0897007 
0.00960322 -0.0177878 5.27497e-05 -7.21838e-05 -0.0177878 0.0882905 -7.49601e-05 0.000197117 5.27497e-05 -7.49601e-05 0.00997525 -0.0182736 -7.21838e-05 0.000197117 -0.0182736 0.0895801 
0.00960019 -0.0177914 5.55808e-05 -5.69703e-05 -0.0177914 0.0883082 -5.83598e-05 0.000157016 5.55808e-05 -5.83598e-05 0.00996008 -0.018243 -5.69703e-05 0.000157016 -0.018243 0.0894712 
0.00959695 -0.0178062 6.6742e-05 -8.62085e-05 -0.0178062 0.0883637 -8.34275e-05 0.000200226 6.6742e-05 -8.34275e-05 0.00995847 -0.0182067 -8.62085e-05 0.000200226 -0.0182067 0.0893412 
0.00958938 -0.0178031 6.25304e-05 -0.000101438 -0.0178031 0.0883693 -9.31008e-05 0.000244563 6.25304e-05 -9.31008e-05 0.00996318 -0.0182033 -0.000101438 0.000244563 -0.0182033 0.0892892 
