0.00698061 0 -0.000252986 0 0 0.00998753 0 0 -0.000252986 0 0.00765644 0 0 0 0 0.00998753 
0.00993484 -0.0123416 -0.000299609 0.000372042 -0.0123416 0.0328533 0.000372042 -0.00071116 -0.000299609 0.000372042 0.0107119 -0.0133046 0.000372042 -0.00071116 -0.0133046 0.0346938 
0.010038 -0.0188945 -0.000231917 0.000396611 -0.0188945 0.0696187 0.000396611 -0.00125706 -0.000231917 0.000396611 0.0106631 -0.0198961 0.000396611 -0.00125706 -0.0198961 0.0728135 
0.00946945 -0.0186681 -0.000223482 0.000277314 -0.0186681 0.0839771 0.000275683 -0.000964073 -0.000223482 0.000275683 0.0100518 -0.0193777 0.000277314 -0.000964073 -0.0193777 0.0863653 
0.00940956 -0.0179264 -0.000235162 0.000259915 -0.0179264 0.0872434 0.000261463 -0.000668354 -0.000235162 0.000261463 0.0100671 -0.0186799 0.000259915 -0.000668354 -0.0186799 0.0891587 
0.00953473 -0.0177797 -0.000263545 0.000292991 -0.0177797 0.088102 0.000294464 -0.000658126 -0.000263545 0.000294464 0.01029 -0.018644 0.000292991 -0.000658126 -0.018644 0.090072 
0.00964619 -0.0178544 -0.000296391 0.000361626 -0.0178544 0.0885246 0.000363044 -0.000835284 -0.000296391 0.000363044 0.0104333 -0.0188031 0.000361626 -0.000835284 -0.0188031 0.0907028 
0.00970386 -0.0179243 -0.000296691 0.000383628 -0.0179243 0.088723 0.000393288 -0.000946651 -0.000296691 0.000393288 0.010496 -0.0189137 0.000383628 -0.000946651 -0.0189137 0.0911241 
0.00972252 -0.017955 -0.000299364 0.000370122 -0.017955 0.0887886 0.000374205 -0.000955242 -0.000299364 0.000374205 0.0105049 -0.0189661 0.000370122 -0.000955242 -0.0189661 0.0913209 
0.00975289 -0.0179975 -0.000303002 0.000362521 -0.0179975 0.0888798 0.000363873 -0.000923887 -0.000303002 0.000363873 0.0104847 -0.0189647 0.000362521 -0.000923887 -0.0189647 0.0913688 
0.00977983 -0.018048 -0.000310428 0.000357667 -0.018048 0.0890158 0.000360366 -0.000890793 -0.000310428 0.000360366 0.0104479 -0.018928 0.000357667 -0.000890793 -0.018928 0.0913009 
0.00979216 -0.0181059 -0.000313522 0.000382443 -0.0181059 0.0891916 0.0003892 -0.000933809 -0.000313522 0.0003892 0.0104124 -0.0188667 0.000382443 -0.000933809 -0.0188667 0.0911511 
0.00977951 -0.0180877 -0.000294263 0.000382001 -0.0180877 0.0892047 0.000388751 -0.000951629 -0.000294263 0.000388751 0.0104072 -0.0188611 0.000382001 -0.000951629 -0.0188611 0.0911188 
0.00976484 -0.0180841 -0.000256934 0.000355651 -0.0180841 0.089202 0.00036106 -0.000907382 -0.000256934 0.00036106 0.010395 -0.0188387 0.000355651 -0.000907382 -0.0188387 0.0910614 
0.00976049 -0.0180654 -0.000234035 0.000308439 -0.0180654 0.0891728 0.000312498 -0.000818447 -0.000234035 0.000312498 0.0103841 -0.0188337 0.000308439 -0.000818447 -0.0188337 0.0910478 
0.00973825 -0.0180257 -0.000211524 0.000265761 -0.0180257 0.0890666 0.000267117 -0.000679318 -0.000211524 0.000267117 0.0103782 -0.0188406 0.000265761 -0.000679318 -0.0188406 0.091068 
0.00971843 -0.018021 -0.000205939 0.00025065 -0.018021 0.0890511 0.000249295 -0.000616463 -0.000205939 0.000249295 0.0103918 -0.018815 0.00025065 -0.000616463 -0.018815 0.0910414 
0.00972091 -0.0180044 -0.000207087 0.00025446 -0.0180044 0.0890136 0.000250399 -0.000622614 -0.000207087 0.000250399 0.0103895 -0.0188314 0.00025446 -0.000622614 -0.0188314 0.0910425 
0.0097324 -0.0180135 -0.000214655 0.000271357 -0.0180135 0.0890199 0.000264607 -0.000654767 -0.000214655 0.000264607 0.010398 -0.0188276 0.000271357 -0.000654767 -0.0188276 0.0910558 
0.00972328 -0.0180262 -0.000229737 0.000289198 -0.0180262 0.089046 0.000283793 -0.000713536 -0.000229737 0.000283793 0.0104057 -0.0188357 0.000289198 -0.000713536 -0.0188357 0.0910515 
0.00971406 -0.0180009 -0.000244167 0.000294079 -0.0180009 0.0889981 0.000294079 -0.000737896 -0.000244167 0.000294079 0.0104142 -0.0188588 0.000294079 -0.000737896 -0.0188588 0.0911119 
0.00969806 -0.0179718 -0.000256992 0.000317858 -0.0179718 0.0889124 0.000320564 -0.000795322 -0.000256992 0.000320564 0.0104041 -0.018874 0.000317858 -0.000795322 -0.018874 0.0911712 
0.00968448 -0.0179586 -0.000265551 0.000312971 -0.0179586 0.0888688 0.000314326 -0.000795298 -0.000265551 0.000314326 0.0104053 -0.0188677 0.000312971 -0.000795298 -0.0188677 0.0911924 
0.00970245 -0.0179512 -0.000259257 0.00032441 -0.0179512 0.0888464 0.000320338 -0.000796774 -0.000259257 0.000320338 0.0103676 -0.0188484 0.00032441 -0.000796774 -0.0188484 0.0911403 
0.0097214 -0.0179799 -0.000260068 0.000308831 -0.0179799 0.0888959 0.000306122 -0.000777495 -0.000260068 0.000306122 0.010354 -0.0188035 0.000308831 -0.000777495 -0.0188035 0.0910482 
0.00972479 -0.0179943 -0.000269907 0.000320091 -0.0179943 0.0889364 0.000317378 -0.000782595 -0.000269907 0.000317378 0.0103406 -0.018785 0.000320091 -0.000782595 -0.018785 0.090979 
0.00972382 -0.0180195 -0.000279646 0.000340734 -0.0180195 0.0890144 0.000346164 -0.000834866 -0.000279646 0.000346164 0.010351 -0.0187621 0.000340734 -0.000834866 -0.0187621 0.0909095 
0.00971949 -0.0180296 -0.000273483 0.000347947 -0.0180296 0.0890757 0.000350654 -0.000867836 -0.000273483 0.000350654 0.0103761 -0.018762 0.000347947 -0.000867836 -0.018762 0.090875 
0.00974375 -0.0180036 -0.000263783 0.000342242 -0.0180036 0.0890235 0.000339537 -0.000865751 -0.000263783 0.000339537 0.0103538 -0.0188057 0.000342242 -0.000865751 -0.0188057 0.090943 
0.00975438 -0.0180123 -0.000244467 0.000312 -0.0180123 0.0889983 0.000306597 -0.000788779 -0.000244467 0.000306597 0.0103581 -0.0188118 0.000312 -0.000788779 -0.0188118 0.0910202 
0.00974739 -0.0180427 -0.000246957 0.000303636 -0.0180427 0.0890598 0.000302286 -0.000765163 -0.000246957 0.000302286 0.0103722 -0.0187957 0.000303636 -0.000765163 -0.0187957 0.0910017 
0.0097341 -0.0180338 -0.000243116 0.000305246 -0.0180338 0.0890737 0.000311999 -0.00077392 -0.000243116 0.000311999 0.0103743 -0.0188091 0.000305246 -0.00077392 -0.0188091 0.0910024 
0.00970727 -0.0180092 -0.000237624 0.000293296 -0.0180092 0.089022 0.000298727 -0.000749534 -0.000237624 0.000298727 0.0103699 -0.0188171 0.000293296 -0.000749534 -0.0188171 0.0910194 
0.00970281 -0.0179719 -0.000242128 0.000292458 -0.0179719 0.0889399 0.000293818 -0.000734546 -0.000242128 0.000293818 0.0103476 -0.0188112 0.000292458 -0.000734546 -0.0188112 0.0910116 
0.00968895 -0.0179675 -0.000239839 0.000282083 -0.0179675 0.0888957 0.000282083 -0.000694988 -0.000239839 0.000282083 0.0103362 -0.0187797 0.000282083 -0.000694988 -0.0187797 0.090948 
0.00970632 -0.0179636 -0.000244468 0.000290903 -0.0179636 0.0888879 0.000292269 -0.00070882 -0.000244468 0.000292269 0.0103004 -0.0187434 0.000290903 -0.00070882 -0.0187434 0.0908423 
0.00971683 -0.0179685 -0.000249184 0.000314544 -0.0179685 0.0888744 0.000313183 -0.000767978 -0.000249184 0.000313183 0.0102846 -0.0187079 0.000314544 -0.000767978 -0.0187079 0.0907617 
0.00973952 -0.0179949 -0.000226975 0.000311241 -0.0179949 0.088917 0.000311241 -0.000786936 -0.000226975 0.000311241 0.0102614 -0.0186717 0.000311241 -0.000786936 -0.0186717 0.0906567 
0.009734 -0.0179976 -0.000222864 0.000290811 -0.0179976 0.088912 0.000293529 -0.000765077 -0.000222864 0.000293529 0.0102504 -0.018654 0.000290811 -0.000765077 -0.018654 0.0905834 
0.00971409 -0.0179908 -0.000203792 0.000273082 -0.0179908 0.0889104 0.000278516 -0.000713273 -0.000203792 0.000278516 0.0102535 -0.0186483 0.000273082 -0.000713273 -0.0186483 0.0905652 
0.00969234 -0.0179812 -0.00019058 0.000247754 -0.0179812 0.0889013 0.000250476 -0.000645248 -0.00019058 0.000250476 0.0102586 -0.0186387 0.000247754 -0.000645248 -0.0186387 0.0905253 
0.00967204 -0.0179374 -0.000173104 0.000235804 -0.0179374 0.0888053 0.000233078 -0.000599732 -0.000173104 0.000233078 0.0102568 -0.0186571 0.000235804 -0.000599732 -0.0186571 0.090565 
0.00968051 -0.0179195 -0.000175762 0.000232986 -0.0179195 0.0887459 0.000224811 -0.000594047 -0.000175762 0.000224811 0.0102419 -0.0186498 0.000232986 -0.000594047 -0.0186498 0.0905717 
0.00969019 -0.017918 -0.000180757 0.000222888 -0.017918 0.0887175 0.000217452 -0.000565374 -0.000180757 0.000217452 0.0102406 -0.0186465 0.000222888 -0.000565374 -0.0186465 0.0905862 
0.009692 -0.017935 -0.000209925 0.000252183 -0.017935 0.0887356 0.000245367 -0.000627049 -0.000209925 0.000245367 0.0102236 -0.0186343 0.000252183 -0.000627049 -0.0186343 0.0905459 
0.00968761 -0.0179716 -0.000226435 0.00027145 -0.0179716 0.0888472 0.000265993 -0.000661573 -0.000226435 0.000265993 0.0102319 -0.0185936 0.00027145 -0.000661573 -0.0185936 0.09045 
0.00967916 -0.0179611 -0.000219888 0.000279981 -0.0179611 0.0888688 0.000275884 -0.000692441 -0.000219888 0.000275884 0.0102364 -0.018603 0.000279981 -0.000692441 -0.018603 0.0904285 
0.00968357 -0.0179479 -0.000214462 0.000262272 -0.0179479 0.0888473 0.000260906 -0.000665241 -0.000214462 0.000260906 0.0102382 -0.0186158 0.000262272 -0.000665241 -0.0186158 0.0904578 
0.0096779 -0.0179282 -0.000207452 0.000251126 -0.0179282 0.0887744 0.00025795 -0.000633274 -0.000207452 0.00025795 0.0102457 -0.0186379 0.000251126 -0.000633274 -0.0186379 0.0905132 
0.00969282 -0.0179369 -0.00021261 0.000271214 -0.0179369 0.0887863 0.000272576 -0.000682804 -0.00021261 0.000272576 0.0102448 -0.0186374 0.000271214 -0.000682804 -0.0186374 0.0905308 
0.00971048 -0.0179585 -0.000209706 0.000275069 -0.0179585 0.0888323 0.000275069 -0.000698567 -0.000209706 0.000275069 0.0102497 -0.018638 0.000275069 -0.000698567 -0.018638 0.0905454 
0.00970564 -0.017952 -0.000204972 0.000266057 -0.017952 0.0888059 0.000264699 -0.000674644 -0.000204972 0.000264699 0.0102812 -0.0186728 0.000266057 -0.000674644 -0.0186728 0.0906466 
0.00970944 -0.0179673 -0.000193809 0.000254798 -0.0179673 0.0888419 0.000250732 -0.000639706 -0.000193809 0.000250732 0.0102922 -0.0186911 0.000254798 -0.000639706 -0.0186911 0.0906865 
0.00970348 -0.0179978 -0.000197613 0.000246676 -0.0179978 0.0889368 0.000242587 -0.000624185 -0.000197613 0.000242587 0.0102759 -0.0186656 0.000246676 -0.000624185 -0.0186656 0.090609 
0.0097124 -0.0179871 -0.000183792 0.000245056 -0.0179871 0.0889595 0.000247779 -0.000608557 -0.000183792 0.000247779 0.0102583 -0.018657 0.000245056 -0.000608557 -0.018657 0.0905783 
0.00970792 -0.0179837 -0.000167284 0.000208085 -0.0179837 0.088938 0.000206725 -0.000526333 -0.000167284 0.000206725 0.0102628 -0.0186474 0.000208085 -0.000526333 -0.0186474 0.0905619 
0.0097107 -0.0179709 -0.000171293 0.000197123 -0.0179709 0.0888904 0.000201202 -0.00048941 -0.000171293 0.000201202 0.0102559 -0.0186574 0.000197123 -0.00048941 -0.0186574 0.0905639 
0.00970205 -0.0179536 -0.000187782 0.000219079 -0.0179536 0.0888371 0.0002218 -0.000529327 -0.000187782 0.0002218 0.0102504 -0.0186598 0.000219079 -0.000529327 -0.0186598 0.0905856 
0.00970946 -0.0179426 -0.000187767 0.000244914 -0.0179426 0.0887921 0.000246274 -0.000593235 -0.000187767 0.000246274 0.010236 -0.0186611 0.000244914 -0.000593235 -0.0186611 0.0906072 
0.00970477 -0.0179509 -0.000193035 0.000239255 -0.0179509 0.0887866 0.000240614 -0.000610371 -0.000193035 0.000240614 0.0102404 -0.0186442 0.000239255 -0.000610371 -0.0186442 0.0905891 
0.0096903 -0.0179574 -0.00022042 0.000234026 -0.0179574 0.088825 0.000235386 -0.000589146 -0.00022042 0.000235386 0.010255 -0.0186472 0.000234026 -0.000589146 -0.0186472 0.0905788 
0.00967685 -0.0179537 -0.000231984 0.000272683 -0.0179537 0.0888417 0.00027404 -0.000653896 -0.000231984 0.00027404 0.0103009 -0.0186672 0.000272683 -0.000653896 -0.0186672 0.0906216 
0.00967713 -0.0179458 -0.00022546 0.000282504 -0.0179458 0.0888422 0.000292012 -0.000704903 -0.00022546 0.000292012 0.0103182 -0.0187105 0.000282504 -0.000704903 -0.0187105 0.0906988 
0.00968286 -0.0179525 -0.000213542 0.000276109 -0.0179525 0.0888581 0.000280189 -0.000700473 -0.000213542 0.000280189 0.010314 -0.0187251 0.000276109 -0.000700473 -0.0187251 0.0907528 
0.00969348 -0.0179543 -0.000190656 0.000247852 -0.0179543 0.0888605 0.000247852 -0.000635973 -0.000190656 0.000247852 0.0103077 -0.0187292 0.000247852 -0.000635973 -0.0187292 0.0907807 
0.00972556 -0.0179658 -0.00018635 0.000232597 -0.0179658 0.0888794 0.000233958 -0.000599856 -0.00018635 0.000233958 0.0102724 -0.0187084 0.000232597 -0.000599856 -0.0187084 0.0907443 
0.00973482 -0.0180042 -0.000197668 0.000237202 -0.0180042 0.088933 0.000238565 -0.000594368 -0.000197668 0.000238565 0.0102365 -0.0186558 0.000237202 -0.000594368 -0.0186558 0.0906139 
0.00972387 -0.018011 -0.000217362 0.000263842 -0.018011 0.0889748 0.000261108 -0.000647984 -0.000217362 0.000261108 0.0102228 -0.0186152 0.000263842 -0.000647984 -0.0186152 0.0905073 
0.009725 -0.0179823 -0.000212598 0.000275287 -0.0179823 0.088926 0.000273924 -0.00068413 -0.000212598 0.000273924 0.0102238 -0.0186146 0.000275287 -0.00068413 -0.0186146 0.0904864 
0.00973669 -0.017999 -0.000222646 0.000270162 -0.017999 0.0889458 0.000268804 -0.000685587 -0.000222646 0.000268804 0.0102363 -0.0186072 0.000270162 -0.000685587 -0.0186072 0.0904608 
0.00972409 -0.0180093 -0.000258403 0.000304643 -0.0180093 0.0889557 0.000307363 -0.000762967 -0.000258403 0.000307363 0.0102409 -0.0186145 0.000304643 -0.000762967 -0.0186145 0.0904504 
0.00972944 -0.0179905 -0.000264506 0.00032995 -0.0179905 0.0889311 0.000339494 -0.000833056 -0.000264506 0.000339494 0.0102148 -0.0186204 0.00032995 -0.000833056 -0.0186204 0.0904663 
0.00972341 -0.0179592 -0.000248164 0.000325886 -0.0179592 0.0888292 0.00033134 -0.000837214 -0.000248164 0.00033134 0.0101979 -0.0186205 0.000325886 -0.000837214 -0.0186205 0.0905132 
0.00971313 -0.0179587 -0.000230066 0.0003063 -0.0179587 0.088804 0.000302216 -0.000790936 -0.000230066 0.000302216 0.0101991 -0.0185931 0.0003063 -0.000790936 -0.0185931 0.0904757 
0.00970682 -0.0179569 -0.00023209 0.000286699 -0.0179569 0.0887935 0.000282604 -0.000738592 -0.00023209 0.000282604 0.0101846 -0.018589 0.000286699 -0.000738592 -0.018589 0.0904386 
0.00970932 -0.0179427 -0.000228021 0.000284002 -0.0179427 0.0887684 0.000277175 -0.000704544 -0.000228021 0.000277175 0.0101804 -0.018583 0.000284002 -0.000704544 -0.018583 0.0904301 
0.00968991 -0.0179623 -0.000224392 0.000276386 -0.0179623 0.0888101 0.000273649 -0.000689596 -0.000224392 0.000273649 0.0101934 -0.0185575 0.000276386 -0.000689596 -0.0185575 0.0903603 
0.00966424 -0.0179653 -0.000198853 0.000253709 -0.0179653 0.0888625 0.000253709 -0.000632214 -0.000198853 0.000253709 0.0102101 -0.0185399 0.000253709 -0.000632214 -0.0185399 0.0902764 
0.00965695 -0.0179283 -0.000179365 0.000235502 -0.0179283 0.0888116 0.000236871 -0.000590124 -0.000179365 0.000236871 0.0102224 -0.0185691 0.000235502 -0.000590124 -0.0185691 0.0902986 
0.00968119 -0.0178993 -0.000166658 0.000219934 -0.0178993 0.0887222 0.0002213 -0.000562812 -0.000166658 0.0002213 0.0102085 -0.0186001 0.000219934 -0.000562812 -0.0186001 0.0903669 
0.0097061 -0.017933 -0.000179084 0.000215995 -0.017933 0.0887465 0.000217362 -0.000552291 -0.000179084 0.000217362 0.0101859 -0.0185769 0.000215995 -0.000552291 -0.0185769 0.090361 
0.00972409 -0.0179729 -0.000189519 0.000223605 -0.0179729 0.0888257 0.000222242 -0.000552195 -0.000189519 0.000222242 0.0101918 -0.0185565 0.000223605 -0.000552195 -0.0185565 0.0903392 
0.0097285 -0.0179795 -0.000209713 0.000264184 -0.0179795 0.088857 0.000262822 -0.000648204 -0.000209713 0.000262822 0.0101915 -0.0185623 0.000264184 -0.000648204 -0.0185623 0.0903291 
0.00970426 -0.0179703 -0.000220428 0.00026669 -0.0179703 0.0888337 0.000273494 -0.000678972 -0.000220428 0.000273494 0.0102159 -0.0185799 0.00026669 -0.000678972 -0.0185799 0.0903876 
0.00970735 -0.017966 -0.000221517 0.000262287 -0.017966 0.0888407 0.000267723 -0.000657757 -0.000221517 0.000267723 0.0102183 -0.0186007 0.000262287 -0.000657757 -0.0186007 0.0904239 
0.00969576 -0.0179524 -0.000210066 0.000260536 -0.0179524 0.088806 0.000270084 -0.00064793 -0.000210066 0.000270084 0.0102141 -0.0186113 0.000260536 -0.00064793 -0.0186113 0.090466 
0.0097088 -0.017938 -0.000185971 0.000255711 -0.017938 0.0887631 0.000261181 -0.000652268 -0.000185971 0.000261181 0.0101724 -0.018593 0.000255711 -0.000652268 -0.018593 0.090445 
0.00971767 -0.0179586 -0.000198264 0.00025159 -0.0179586 0.0887854 0.00025159 -0.000653588 -0.000198264 0.00025159 0.0101429 -0.0185329 0.00025159 -0.000653588 -0.0185329 0.0903236 
0.00968737 -0.0179518 -0.000187083 0.000237609 -0.0179518 0.0887786 0.000236244 -0.000606314 -0.000187083 0.000236244 0.0101667 -0.0185144 0.000237609 -0.000606314 -0.0185144 0.0902561 
0.00967483 -0.017933 -0.000183241 0.000235204 -0.017933 0.0887568 0.000232469 -0.000592113 -0.000183241 0.000232469 0.0101685 -0.0185278 0.000235204 -0.000592113 -0.0185278 0.0902351 
0.00967106 -0.0179274 -0.000200741 0.000233515 -0.0179274 0.0887383 0.000236246 -0.000598125 -0.000200741 0.000236246 0.0101791 -0.0185296 0.000233515 -0.000598125 -0.0185296 0.0902405 
0.00966977 -0.0179184 -0.000226177 0.000258878 -0.0179184 0.0887242 0.000258878 -0.000637657 -0.000226177 0.000258878 0.0101984 -0.0185506 0.000258878 -0.000637657 -0.0185506 0.0902843 
0.00967474 -0.0179089 -0.000219015 0.000276149 -0.0179089 0.0886969 0.000272068 -0.000663846 -0.000219015 0.000272068 0.0102121 -0.0185891 0.000276149 -0.000663846 -0.0185891 0.090377 
0.00968501 -0.0179164 -0.000201431 0.000273565 -0.0179164 0.0886976 0.00026676 -0.00066826 -0.000201431 0.00026676 0.0102117 -0.0186051 0.000273565 -0.00066826 -0.0186051 0.0904465 
0.00967219 -0.0179185 -0.000169688 0.000247689 -0.0179185 0.088685 0.000243584 -0.000630854 -0.000169688 0.000243584 0.0101949 -0.0185972 0.000247689 -0.000630854 -0.0185972 0.0904489 
0.00967843 -0.0179264 -0.000161833 0.000212577 -0.0179264 0.0887297 0.000209834 -0.000559558 -0.000161833 0.000209834 0.010168 -0.01856 0.000212577 -0.000559558 -0.01856 0.0903714 
0.00968181 -0.0179225 -0.00017688 0.000207046 -0.0179225 0.0887227 0.000205675 -0.000527899 -0.00017688 0.000205675 0.0101603 -0.0185327 0.000207046 -0.000527899 -0.0185327 0.0903009 
0.00969045 -0.0179219 -0.000207055 0.000230366 -0.0179219 0.0887196 0.000233108 -0.000573172 -0.000207055 0.000233108 0.0101416 -0.0185156 0.000230366 -0.000573172 -0.0185156 0.0902335 
0.0097031 -0.0179369 -0.000201292 0.000247849 -0.0179369 0.0887452 0.000249219 -0.000598399 -0.000201292 0.000249219 0.0101358 -0.018497 0.000247849 -0.000598399 -0.018497 0.0901802 
0.00969935 -0.0179352 -0.000199874 0.000249158 -0.0179352 0.0887344 0.000251896 -0.000621525 -0.000199874 0.000251896 0.0101388 -0.0184965 0.000249158 -0.000621525 -0.0184965 0.090165 
0.0096947 -0.0179366 -0.000187595 0.000261538 -0.0179366 0.0887489 0.000261538 -0.000660006 -0.000187595 0.000261538 0.0101329 -0.018487 0.000261538 -0.000660006 -0.018487 0.0901265 
0.00968321 -0.0179496 -0.000192463 0.000241603 -0.0179496 0.0887842 0.000238873 -0.000640179 -0.000192463 0.000238873 0.0101555 -0.0184765 0.000241603 -0.000640179 -0.0184765 0.0900973 
0.00968985 -0.0179424 -0.000207269 0.000234542 -0.0179424 0.0888013 0.000230451 -0.0005959 -0.000207269 0.000230451 0.0101562 -0.0184947 0.000234542 -0.0005959 -0.0184947 0.0901008 
0.00968341 -0.0179305 -0.000212235 0.000254683 -0.0179305 0.0887473 0.000247836 -0.000617537 -0.000212235 0.000247836 0.0101462 -0.0185138 0.000254683 -0.000617537 -0.0185138 0.090159 
0.00968695 -0.0179311 -0.000204355 0.000267444 -0.0179311 0.0887598 0.000261958 -0.000652837 -0.000204355 0.000261958 0.0101245 -0.018492 0.000267444 -0.000652837 -0.018492 0.0901396 
0.00971244 -0.0179178 -0.0001877 0.000241133 -0.0179178 0.0887121 0.000243873 -0.000613792 -0.0001877 0.000243873 0.0100919 -0.018485 0.000241133 -0.000613792 -0.018485 0.0901329 
0.00972643 -0.0179599 -0.000168003 0.000219907 -0.0179599 0.0887617 0.000230834 -0.000568206 -0.000168003 0.000230834 0.0100911 -0.018438 0.000219907 -0.000568206 -0.018438 0.0900511 
0.00972425 -0.0179765 -0.000167801 0.000214184 -0.0179765 0.0888211 0.000223734 -0.000566156 -0.000167801 0.000223734 0.0100967 -0.0184267 0.000214184 -0.000566156 -0.0184267 0.0899834 
0.00971402 -0.0179802 -0.000161172 0.000210343 -0.0179802 0.0888535 0.000218538 -0.000547711 -0.000161172 0.000218538 0.0100965 -0.0184255 0.000210343 -0.000547711 -0.0184255 0.0899585 
0.00969716 -0.0179468 -0.000168444 0.000197202 -0.0179468 0.0887822 0.000201311 -0.000521765 -0.000168444 0.000201311 0.0100998 -0.0184549 0.000197202 -0.000521765 -0.0184549 0.0900229 
0.00968078 -0.0179252 -0.000177314 0.000224048 -0.0179252 0.0887228 0.000221299 -0.000551185 -0.000177314 0.000221299 0.0100821 -0.0184406 0.000224048 -0.000551185 -0.0184406 0.0900149 
0.00967361 -0.0179199 -0.000196439 0.000236277 -0.0179199 0.0886972 0.000233529 -0.00059756 -0.000196439 0.000233529 0.0100802 -0.0184104 0.000236277 -0.00059756 -0.0184104 0.0899596 
0.00966217 -0.0179011 -0.000204701 0.000240421 -0.0179011 0.0886535 0.000243169 -0.000604487 -0.000204701 0.000243169 0.0100894 -0.0184162 0.000240421 -0.000604487 -0.0184162 0.0899504 
0.00967195 -0.0178945 -0.000209991 0.000256656 -0.0178945 0.0886314 0.000258028 -0.000625856 -0.000209991 0.000258028 0.0100851 -0.0184202 0.000256656 -0.000625856 -0.0184202 0.0899476 
0.00968051 -0.0179129 -0.000208242 0.000264413 -0.0179129 0.0886631 0.000263043 -0.000649386 -0.000208242 0.000263043 0.0100901 -0.018413 0.000264413 -0.000649386 -0.018413 0.0899263 
0.00970191 -0.017913 -0.000190287 0.000258736 -0.017913 0.0886724 0.000258736 -0.000658476 -0.000190287 0.000258736 0.0100784 -0.0184291 0.000258736 -0.000658476 -0.0184291 0.0899606 
0.00971812 -0.0179187 -0.000199142 0.000252704 -0.0179187 0.0886607 0.000254078 -0.000660602 -0.000199142 0.000254078 0.0100532 -0.0184323 0.000252704 -0.000660602 -0.0184323 0.0899998 
0.00973346 -0.0179616 -0.000195026 0.000241723 -0.0179616 0.0887452 0.000245843 -0.000631775 -0.000195026 0.000245843 0.010037 -0.0183847 0.000241723 -0.000631775 -0.0183847 0.0899222 
0.00973811 -0.0179922 -0.000198877 0.000240024 -0.0179922 0.0888486 0.000240024 -0.000618576 -0.000198877 0.000240024 0.0100453 -0.0183584 0.000240024 -0.000618576 -0.0183584 0.0898334 
0.00972547 -0.0180001 -0.000219196 0.000260296 -0.0180001 0.0888951 0.000257556 -0.000652109 -0.000219196 0.000257556 0.010068 -0.0183645 0.000260296 -0.000652109 -0.0183645 0.0898048 
0.00970098 -0.0179548 -0.000253522 0.000297374 -0.0179548 0.0888108 0.000298745 -0.000749603 -0.000253522 0.000298745 0.0100861 -0.0184098 0.000297374 -0.000749603 -0.0184098 0.0898906 
0.00970116 -0.0179226 -0.000243658 0.000312102 -0.0179226 0.0887218 0.000310733 -0.000772041 -0.000243658 0.000310733 0.0100886 -0.0184427 0.000312102 -0.000772041 -0.0184427 0.0900017 
0.00970948 -0.0179304 -0.000224592 0.000308129 -0.0179304 0.0886987 0.00030539 -0.000783332 -0.000224592 0.00030539 0.0100875 -0.0184412 0.000308129 -0.000783332 -0.0184412 0.0900298 
0.00970549 -0.0179482 -0.000211317 0.000278554 -0.0179482 0.0887312 0.000277182 -0.000735493 -0.000211317 0.000277182 0.0100774 -0.0184244 0.000278554 -0.000735493 -0.0184244 0.089995 
0.00972702 -0.0179658 -0.000190484 0.000252152 -0.0179658 0.0888067 0.00024804 -0.000655046 -0.000190484 0.00024804 0.0100641 -0.0184002 0.000252152 -0.000655046 -0.0184002 0.0899208 
0.00972981 -0.017988 -0.000208271 0.000245266 -0.017988 0.0888618 0.000243896 -0.000626183 -0.000208271 0.000243896 0.0100573 -0.0183813 0.000245266 -0.000626183 -0.0183813 0.0898483 
0.00972055 -0.017976 -0.000222231 0.000256526 -0.017976 0.0888499 0.000255154 -0.000635142 -0.000222231 0.000255154 0.0100621 -0.0183876 0.000256526 -0.000635142 -0.0183876 0.0898527 
0.00970682 -0.017957 -0.000222199 0.000272949 -0.017957 0.0887974 0.000278435 -0.000672084 -0.000222199 0.000278435 0.0100689 -0.0183959 0.000272949 -0.000672084 -0.0183959 0.0898742 
0.0097306 -0.01794 -0.00021204 0.000268128 -0.01794 0.0887532 0.000274968 -0.000670321 -0.00021204 0.000274968 0.0100439 -0.0184024 0.000268128 -0.000670321 -0.0184024 0.0898955 
0.00973679 -0.0179705 -0.000221976 0.000287747 -0.0179705 0.0887739 0.000290487 -0.000726217 -0.000221976 0.000290487 0.0100204 -0.0183651 0.000287747 -0.000726217 -0.0183651 0.0898331 
0.009741 -0.0179773 -0.000214178 0.000275961 -0.0179773 0.0887989 0.000278706 -0.000708436 -0.000214178 0.000278706 0.00999636 -0.0183383 0.000275961 -0.000708436 -0.0183383 0.0897682 
0.00973487 -0.0179918 -0.000218591 0.000269458 -0.0179918 0.088836 0.000273583 -0.000694268 -0.000218591 0.000273583 0.00998646 -0.0182984 0.000269458 -0.000694268 -0.0182984 0.0896678 
0.00971309 -0.0179778 -0.000224636 0.00028803 -0.0179778 0.0888304 0.000281139 -0.000719386 -0.000224636 0.000281139 0.00998596 -0.0182851 0.00028803 -0.000719386 -0.0182851 0.0895952 
0.00970815 -0.0179561 -0.00023947 0.000293144 -0.0179561 0.088795 0.000289015 -0.000743181 -0.00023947 0.000289015 0.00999028 -0.0182823 0.000293144 -0.000743181 -0.0182823 0.0895781 
0.00969897 -0.0179352 -0.000221337 0.000287326 -0.0179352 0.088726 0.000287326 -0.000714878 -0.000221337 0.000287326 0.0100069 -0.0183022 0.000287326 -0.000714878 -0.0183022 0.0896251 
0.00968991 -0.0179383 -0.00021086 0.00027839 -0.0179383 0.0887211 0.000281147 -0.000708379 -0.00021086 0.000281147 0.0100165 -0.018309 0.00027839 -0.000708379 -0.018309 0.089632 
0.00968998 -0.0179233 -0.000207494 0.000268359 -0.0179233 0.0886899 0.000275276 -0.00070133 -0.000207494 0.000275276 0.0100012 -0.018319 0.000268359 -0.00070133 -0.018319 0.0896541 
0.00969783 -0.0178992 -0.000207071 0.00026229 -0.0178992 0.0886223 0.000266431 -0.000677813 -0.000207071 0.000266431 0.00999463 -0.0183244 0.00026229 -0.000677813 -0.0183244 0.089699 
0.00969798 -0.0179054 -0.000207015 0.0002636 -0.0179054 0.0885957 0.0002636 -0.00067349 -0.000207015 0.0002636 0.00998366 -0.0183043 0.0002636 -0.00067349 -0.0183043 0.0896694 
0.0097095 -0.0179234 -0.000204004 0.000263276 -0.0179234 0.0886399 0.000256384 -0.000661635 -0.000204004 0.000256384 0.00997415 -0.0182804 0.000263276 -0.000661635 -0.0182804 0.089591 
0.00972163 -0.0179516 -0.000216036 0.000264197 -0.0179516 0.0887152 0.000254565 -0.000660493 -0.000216036 0.000254565 0.00996931 -0.0182516 0.000264197 -0.000660493 -0.0182516 0.0895105 
0.009726 -0.0179498 -0.000210865 0.000286667 -0.0179498 0.0887289 0.000274263 -0.000701507 -0.000210865 0.000274263 0.00994789 -0.0182557 0.000286667 -0.000701507 -0.0182557 0.0894855 
0.00972517 -0.0179635 -0.000226199 0.000285507 -0.0179635 0.088761 0.000282748 -0.00072825 -0.000226199 0.000282748 0.00994585 -0.0182352 0.000285507 -0.00072825 -0.0182352 0.0894589 
0.00969601 -0.0179495 -0.000215344 0.000282984 -0.0179495 0.0887411 0.000285745 -0.000723335 -0.000215344 0.000285745 0.00996519 -0.0182366 0.000282984 -0.000723335 -0.0182366 0.0894451 
0.00966242 -0.0179194 -0.000193276 0.000266445 -0.0179194 0.0886929 0.000265064 -0.00068613 -0.000193276 0.000265064 0.00999099 -0.0182494 0.000266445 -0.00068613 -0.0182494 0.089444 
0.00967377 -0.0178908 -0.00014457 0.000221673 -0.0178908 0.0886418 0.000221673 -0.000583786 -0.00014457 0.000221673 0.0099753 -0.0182653 0.000221673 -0.000583786 -0.0182653 0.0894555 
0.00967519 -0.0179051 -0.000132141 0.000178941 -0.0179051 0.0886377 0.000178941 -0.000481764 -0.000132141 0.000178941 0.00997939 -0.0182575 0.000178941 -0.000481764 -0.0182575 0.0894663 
0.00967823 -0.0178859 -0.000138083 0.000168461 -0.0178859 0.0885857 0.000168461 -0.000444627 -0.000138083 0.000168461 0.0099682 -0.0182753 0.000168461 -0.000444627 -0.0182753 0.0895094 
0.00966625 -0.0178798 -0.000160643 0.000191109 -0.0178798 0.0885404 0.000195264 -0.000486082 -0.000160643 0.000195264 0.00995845 -0.0182676 0.000191109 -0.000486082 -0.0182676 0.0895347 
0.00964115 -0.0178784 -0.000188852 0.000226344 -0.0178784 0.0885381 0.000231899 -0.000572109 -0.000188852 0.000231899 0.00996609 -0.0182436 0.000226344 -0.000572109 -0.0182436 0.0894865 
