0.0069168 0 -0.000310645 0 0 0.00998914 0 0 -0.000310645 0 0.00773202 0 0 0 0 0.00998914 
0.00983884 -0.0122269 -0.000369918 0.000456669 -0.0122269 0.0326265 0.000456669 -0.000870781 -0.000369918 0.000456669 0.010834 -0.0134529 0.000456669 -0.000870781 -0.0134529 0.0349785 
0.0100055 -0.0187494 -0.000271415 0.000442307 -0.0187494 0.0691422 0.000442307 -0.00141237 -0.000271415 0.000442307 0.0107477 -0.0201317 0.000442307 -0.00141237 -0.0201317 0.0735569 
0.00950667 -0.0186175 -0.000254701 0.000343927 -0.0186175 0.0836798 0.000348794 -0.00117941 -0.000254701 0.000348794 0.010081 -0.0195341 0.000343927 -0.00117941 -0.0195341 0.0870948 
0.00945873 -0.0179764 -0.000269985 0.000308554 -0.0179764 0.0872453 0.000323982 -0.000860867 -0.000269985 0.000323982 0.0100681 -0.0187215 0.000308554 -0.000860867 -0.0187215 0.089527 
0.00960051 -0.017847 -0.000288781 0.00034477 -0.017847 0.088236 0.00035361 -0.000817723 -0.000288781 0.00035361 0.0102488 -0.018647 0.00034477 -0.000817723 -0.018647 0.0902029 
0.00969859 -0.0179297 -0.000309773 0.000378294 -0.0179297 0.0886863 0.000379721 -0.00089934 -0.000309773 0.000379721 0.0103567 -0.0187591 0.000378294 -0.00089934 -0.0187591 0.0906848 
0.00974961 -0.018004 -0.000311039 0.000386358 -0.018004 0.0889306 0.000387753 -0.000941486 -0.000311039 0.000387753 0.0103982 -0.0188102 0.000386358 -0.000941486 -0.0188102 0.0909266 
0.00976302 -0.0180301 -0.000296723 0.000387389 -0.0180301 0.0890032 0.000386015 -0.000961603 -0.000296723 0.000386015 0.0104155 -0.0188268 0.000387389 -0.000961603 -0.0188268 0.0909965 
0.00977379 -0.0180503 -0.000295639 0.000384194 -0.0180503 0.0890445 0.000384194 -0.000982283 -0.000295639 0.000384194 0.0104127 -0.0188337 0.000384194 -0.000982283 -0.0188337 0.0909954 
0.00978973 -0.0180792 -0.000295713 0.000371676 -0.0180792 0.0891222 0.000368963 -0.000953607 -0.000295713 0.000368963 0.0104015 -0.0188239 0.000371676 -0.000953607 -0.0188239 0.0909603 
0.00978817 -0.0180847 -0.0002845 0.000348174 -0.0180847 0.0891611 0.000348174 -0.000875177 -0.0002845 0.000348174 0.010391 -0.0188217 0.000348174 -0.000875177 -0.0188217 0.0909629 
0.00978542 -0.0180947 -0.000286528 0.000329983 -0.0180947 0.0892013 0.000331341 -0.00081613 -0.000286528 0.000331341 0.0103748 -0.0188145 0.000329983 -0.00081613 -0.0188145 0.0909517 
0.00978794 -0.0180788 -0.000276136 0.000332988 -0.0180788 0.089192 0.00033028 -0.000798629 -0.000276136 0.00033028 0.0103862 -0.0188233 0.000332988 -0.000798629 -0.0188233 0.0910045 
0.00980024 -0.018096 -0.000296035 0.000355512 -0.018096 0.0892227 0.00035416 -0.000865124 -0.000296035 0.00035416 0.0103869 -0.0188246 0.000355512 -0.000865124 -0.0188246 0.0910246 
0.00979793 -0.0181121 -0.000309181 0.000383438 -0.0181121 0.0892641 0.000382088 -0.000936993 -0.000309181 0.000382088 0.0103933 -0.0188263 0.000383438 -0.000936993 -0.0188263 0.0910207 
0.00977863 -0.018095 -0.000301651 0.000376049 -0.018095 0.089244 0.000380107 -0.00093877 -0.000301651 0.000380107 0.01039 -0.0188309 0.000376049 -0.00093877 -0.0188309 0.091035 
0.00979534 -0.0180919 -0.000301374 0.000374353 -0.0180919 0.08925 0.000377056 -0.000944666 -0.000301374 0.000377056 0.0103684 -0.0188203 0.000374353 -0.000944666 -0.0188203 0.0910191 
0.00981517 -0.0181142 -0.000308619 0.000373308 -0.0181142 0.0892893 0.000370612 -0.000933943 -0.000308619 0.000370612 0.0103745 -0.0188082 0.000373308 -0.000933943 -0.0188082 0.0910089 
0.00978244 -0.0181094 -0.000327474 0.00039216 -0.0181094 0.0892602 0.00039216 -0.000975683 -0.000327474 0.00039216 0.010405 -0.0188304 0.00039216 -0.000975683 -0.0188304 0.0910552 
0.00978589 -0.0180683 -0.000323322 0.000412236 -0.0180683 0.0891845 0.000413583 -0.00102116 -0.000323322 0.000413583 0.0104029 -0.0188739 0.000412236 -0.00102116 -0.0188739 0.0911621 
0.00978888 -0.0180695 -0.000341316 0.000410119 -0.0180695 0.0891563 0.000416864 -0.00105093 -0.000341316 0.000416864 0.0103852 -0.0188695 0.000410119 -0.00105093 -0.0188695 0.0911947 
0.00981373 -0.0180917 -0.000358264 0.000432621 -0.0180917 0.0891902 0.000428565 -0.00107614 -0.000358264 0.000428565 0.0103477 -0.0188379 0.000432621 -0.00107614 -0.0188379 0.0911383 
0.00981526 -0.0181182 -0.000355763 0.000445041 -0.0181182 0.0892464 0.000443689 -0.00109975 -0.000355763 0.000443689 0.0103279 -0.0187824 0.000445041 -0.00109975 -0.0187824 0.0910211 
0.00981341 -0.0181133 -0.000349996 0.000431076 -0.0181133 0.0892639 0.000429725 -0.00108512 -0.000349996 0.000429725 0.0103188 -0.0187633 0.000431076 -0.00108512 -0.0187633 0.090945 
0.00984447 -0.018129 -0.000347102 0.000425437 -0.018129 0.0893039 0.000426787 -0.00106427 -0.000347102 0.000426787 0.0102861 -0.0187368 0.000425437 -0.00106427 -0.0187368 0.0908489 
0.0098357 -0.0181487 -0.000339722 0.000422284 -0.0181487 0.0893402 0.000433112 -0.00105842 -0.000339722 0.000433112 0.0102702 -0.0186983 0.000422284 -0.00105842 -0.0186983 0.0907559 
0.00981216 -0.0181444 -0.00031626 0.000408164 -0.0181444 0.0893529 0.000420328 -0.00104339 -0.00031626 0.000420328 0.0102879 -0.0186823 0.000408164 -0.00104339 -0.0186823 0.0907017 
0.00979772 -0.0180968 -0.000293499 0.00036383 -0.0180968 0.0892574 0.000371945 -0.000937302 -0.000293499 0.000371945 0.0102968 -0.0187217 0.00036383 -0.000937302 -0.0187217 0.0907614 
0.00979409 -0.0180805 -0.00028854 0.000357627 -0.0180805 0.0891804 0.000365755 -0.000907613 -0.00028854 0.000365755 0.0102804 -0.0187212 0.000357627 -0.000907613 -0.0187212 0.090783 
0.00979104 -0.0180845 -0.000297068 0.000362179 -0.0180845 0.0891774 0.000363535 -0.000902056 -0.000297068 0.000363535 0.010259 -0.0186841 0.000362179 -0.000902056 -0.0186841 0.090717 
0.00978624 -0.0180858 -0.000308196 0.000369292 -0.0180858 0.0891922 0.00037065 -0.000915085 -0.000308196 0.00037065 0.0102479 -0.0186547 0.000369292 -0.000915085 -0.0186547 0.0906273 
0.00980173 -0.0180946 -0.000310456 0.000363328 -0.0180946 0.0892242 0.000370107 -0.000900186 -0.000310456 0.000370107 0.0102369 -0.0186341 0.000363328 -0.000900186 -0.0186341 0.0905582 
0.00982205 -0.0181119 -0.000310483 0.000379329 -0.0181119 0.089253 0.000382029 -0.000927398 -0.000310483 0.000382029 0.0102392 -0.018629 0.000379329 -0.000927398 -0.018629 0.0905341 
0.00983841 -0.0181335 -0.000325114 0.000393914 -0.0181335 0.0893066 0.000391216 -0.000971296 -0.000325114 0.000391216 0.0102445 -0.0186408 0.000393914 -0.000971296 -0.0186408 0.0905531 
0.00982639 -0.0181365 -0.000345237 0.000418346 -0.0181365 0.0893148 0.000415638 -0.00102894 -0.000345237 0.000415638 0.0102474 -0.0186618 0.000418346 -0.00102894 -0.0186618 0.0906146 
0.00982855 -0.0181384 -0.000357648 0.000436222 -0.0181384 0.0893483 0.000438932 -0.00108649 -0.000357648 0.000438932 0.0102472 -0.0186573 0.000436222 -0.00108649 -0.0186573 0.0906272 
0.00981767 -0.0181394 -0.000362815 0.000438627 -0.0181394 0.0893473 0.000437274 -0.00109928 -0.000362815 0.000437274 0.0102644 -0.0186579 0.000438627 -0.00109928 -0.0186579 0.0906334 
0.00980545 -0.0181266 -0.00035412 0.000439597 -0.0181266 0.089325 0.000440954 -0.00109899 -0.00035412 0.000440954 0.0102763 -0.0186734 0.000439597 -0.00109899 -0.0186734 0.0906614 
0.00982209 -0.0181235 -0.000351755 0.000453223 -0.0181235 0.0893256 0.000454576 -0.00114726 -0.000351755 0.000454576 0.0102821 -0.0186917 0.000453223 -0.00114726 -0.0186917 0.0907015 
0.00984991 -0.0181462 -0.000353034 0.000433881 -0.0181462 0.0893701 0.000441966 -0.00112378 -0.000353034 0.000441966 0.0102973 -0.0186987 0.000433881 -0.00112378 -0.0186987 0.0907364 
0.00986586 -0.0181691 -0.000342153 0.000433753 -0.0181691 0.089407 0.000433753 -0.00108573 -0.000342153 0.000433753 0.0102942 -0.0187187 0.000433753 -0.00108573 -0.0187187 0.0907743 
0.0098774 -0.0181919 -0.000338654 0.000416598 -0.0181919 0.089465 0.000417942 -0.00105628 -0.000338654 0.000417942 0.0103007 -0.0187214 0.000416598 -0.00105628 -0.0187214 0.0908089 
0.00986539 -0.0182118 -0.00033606 0.000407305 -0.0182118 0.0895292 0.000409994 -0.00102297 -0.00033606 0.000409994 0.0103265 -0.0187333 0.000407305 -0.00102297 -0.0187333 0.0908344 
0.009861 -0.0182208 -0.000336599 0.000403919 -0.0182208 0.0895932 0.000402572 -0.00100037 -0.000336599 0.000402572 0.010347 -0.0187526 0.000403919 -0.00100037 -0.0187526 0.0908682 
0.00985517 -0.0182099 -0.000346766 0.000422326 -0.0182099 0.089583 0.000418278 -0.00103895 -0.000346766 0.000418278 0.010349 -0.0187793 0.000422326 -0.00103895 -0.0187793 0.0909255 
0.00985343 -0.0181975 -0.00036689 0.000435682 -0.0181975 0.0895482 0.000432985 -0.001071 -0.00036689 0.000432985 0.0103633 -0.0187964 0.000435682 -0.001071 -0.0187964 0.0909874 
0.00987186 -0.0181948 -0.00036222 0.000447369 -0.0181948 0.0895252 0.000448721 -0.00109072 -0.00036222 0.000448721 0.0103381 -0.0187963 0.000447369 -0.00109072 -0.0187963 0.090989 
0.00986077 -0.0181951 -0.000355892 0.00043979 -0.0181951 0.0894885 0.00043979 -0.00109203 -0.000355892 0.00043979 0.0103317 -0.0187757 0.00043979 -0.00109203 -0.0187757 0.0909743 
0.00985518 -0.0181704 -0.000351728 0.000437284 -0.0181704 0.089434 0.000434568 -0.00108642 -0.000351728 0.000434568 0.0102993 -0.0187625 0.000437284 -0.00108642 -0.0187625 0.0909265 
0.0098648 -0.018167 -0.00036456 0.000436388 -0.018167 0.0894107 0.000437743 -0.00108826 -0.00036456 0.000437743 0.0102863 -0.0187281 0.000436388 -0.00108826 -0.0187281 0.0908676 
0.00986725 -0.0181633 -0.000367059 0.000457808 -0.0181633 0.0893836 0.000456453 -0.00112556 -0.000367059 0.000456453 0.0102641 -0.0187078 0.000457808 -0.00112556 -0.0187078 0.0907773 
0.00987719 -0.0181969 -0.000367026 0.00044964 -0.0181969 0.0894513 0.00044964 -0.00112275 -0.000367026 0.00044964 0.0102388 -0.0186519 0.00044964 -0.00112275 -0.0186519 0.0906391 
0.00987233 -0.0182019 -0.000363332 0.000450098 -0.0182019 0.0894855 0.000448742 -0.00112253 -0.000363332 0.000448742 0.0102275 -0.018633 0.000450098 -0.00112253 -0.018633 0.0905551 
0.00985413 -0.0182015 -0.000361458 0.000449453 -0.0182015 0.0895049 0.000449453 -0.00112228 -0.000361458 0.000449453 0.0102508 -0.0186225 0.000449453 -0.00112228 -0.0186225 0.090527 
0.00985655 -0.0181788 -0.000340347 0.000436238 -0.0181788 0.0894815 0.00044029 -0.00109802 -0.000340347 0.00044029 0.0102806 -0.0186651 0.000436238 -0.00109802 -0.0186651 0.0906012 
0.00988419 -0.018181 -0.000336885 0.000397524 -0.018181 0.0894671 0.000401566 -0.00100796 -0.000336885 0.000401566 0.0102858 -0.0187011 0.000397524 -0.00100796 -0.0187011 0.0907068 
0.00989375 -0.0182076 -0.000376495 0.000422212 -0.0182076 0.0894996 0.000424901 -0.00103805 -0.000376495 0.000424901 0.0102998 -0.0187185 0.000422212 -0.00103805 -0.0187185 0.0907743 
0.00989278 -0.0182104 -0.000397165 0.000467174 -0.0182104 0.089513 0.000473906 -0.00113764 -0.000397165 0.000473906 0.010298 -0.0187395 0.000467174 -0.00113764 -0.0187395 0.0908404 
0.00988573 -0.0182266 -0.000404134 0.00050145 -0.0182266 0.0895474 0.000502802 -0.00122862 -0.000404134 0.000502802 0.0102872 -0.0187253 0.00050145 -0.00122862 -0.0187253 0.0908368 
0.00989111 -0.0182241 -0.000384474 0.000500491 -0.0182241 0.089569 0.000500491 -0.00125055 -0.000384474 0.000500491 0.010281 -0.0187124 0.000500491 -0.00125055 -0.0187124 0.0908034 
0.00989482 -0.0182165 -0.000361989 0.00047099 -0.0182165 0.0895486 0.000462916 -0.00119228 -0.000361989 0.000462916 0.0102945 -0.0187212 0.00047099 -0.00119228 -0.0187212 0.0908216 
0.00991945 -0.0182424 -0.000386018 0.000459993 -0.0182424 0.0896005 0.000449233 -0.00116478 -0.000386018 0.000449233 0.0102745 -0.0187118 0.000459993 -0.00116478 -0.0187118 0.0907801 
0.00995172 -0.0182721 -0.000391737 0.000466864 -0.0182721 0.0896768 0.000461498 -0.0011363 -0.000391737 0.000461498 0.0102724 -0.0187027 0.000466864 -0.0011363 -0.0187027 0.0907742 
0.0099573 -0.0182973 -0.000368491 0.000471668 -0.0182973 0.089743 0.000471668 -0.00115103 -0.000368491 0.000471668 0.010295 -0.0187153 0.000471668 -0.00115103 -0.0187153 0.0908082 
0.00994935 -0.0183017 -0.000355334 0.000447855 -0.0183017 0.0897681 0.000454559 -0.00113707 -0.000355334 0.000454559 0.0103127 -0.0187442 0.000447855 -0.00113707 -0.0187442 0.0908676 
0.00992876 -0.0182895 -0.000365385 0.000448978 -0.0182895 0.0897566 0.00045572 -0.00113795 -0.000365385 0.00045572 0.0102914 -0.0187438 0.000448978 -0.00113795 -0.0187438 0.0908662 
0.00991203 -0.0182938 -0.0003476 0.00044672 -0.0182938 0.0897785 0.00044672 -0.00111205 -0.0003476 0.00044672 0.0102528 -0.0186916 0.00044672 -0.00111205 -0.0186916 0.0907494 
0.00989951 -0.0182307 -0.00034973 0.000433773 -0.0182307 0.0896473 0.000429706 -0.00108985 -0.00034973 0.000429706 0.0102452 -0.0186821 0.000433773 -0.00108985 -0.0186821 0.090725 
0.00988763 -0.0182077 -0.000373936 0.000440323 -0.0182077 0.0895347 0.000438968 -0.00108658 -0.000373936 0.000438968 0.0102345 -0.0186602 0.000440323 -0.00108658 -0.0186602 0.09067 
0.00989474 -0.0182137 -0.00037635 0.000464345 -0.0182137 0.0895279 0.000462991 -0.00113176 -0.00037635 0.000462991 0.0102169 -0.0186279 0.000464345 -0.00113176 -0.0186279 0.0905743 
0.00991383 -0.0182389 -0.000390447 0.000480965 -0.0182389 0.0895785 0.000482316 -0.00119836 -0.000390447 0.000482316 0.0102016 -0.0185955 0.000480965 -0.00119836 -0.0185955 0.0904809 
0.0099175 -0.0182564 -0.000395674 0.000464545 -0.0182564 0.0896275 0.000464545 -0.00116136 -0.000395674 0.000464545 0.0102065 -0.0185899 0.000464545 -0.00116136 -0.0185899 0.0904499 
0.00988956 -0.0182687 -0.000374902 0.000458815 -0.0182687 0.0896746 0.000464229 -0.001122 -0.000374902 0.000464229 0.0102306 -0.0185908 0.000458815 -0.001122 -0.0185908 0.0904271 
0.00985258 -0.018219 -0.000352169 0.000450069 -0.018219 0.0895924 0.000452789 -0.00111634 -0.000352169 0.000452789 0.0102496 -0.0186378 0.000450069 -0.00111634 -0.0186378 0.0905184 
0.00986875 -0.018184 -0.000338899 0.000439214 -0.018184 0.0895074 0.000440569 -0.00110888 -0.000338899 0.000440569 0.0102565 -0.0186598 0.000439214 -0.00110888 -0.0186598 0.0906122 
0.0098873 -0.0181799 -0.000328446 0.000424808 -0.0181799 0.0894512 0.00042345 -0.00107763 -0.000328446 0.00042345 0.0102212 -0.0186576 0.000424808 -0.00107763 -0.0186576 0.0906184 
0.00990731 -0.0181936 -0.000318493 0.000416491 -0.0181936 0.089423 0.000412408 -0.00104667 -0.000318493 0.000412408 0.0101714 -0.0186237 0.000416491 -0.00104667 -0.0186237 0.0905636 
0.00986494 -0.0181963 -0.000322793 0.000408599 -0.0181963 0.0894124 0.000401789 -0.00102695 -0.000322793 0.000401789 0.0101728 -0.018564 0.000408599 -0.00102695 -0.018564 0.0904448 
0.00983388 -0.0181658 -0.000322133 0.000407763 -0.0181658 0.0893802 0.000403685 -0.00101805 -0.000322133 0.000403685 0.0101886 -0.0185505 0.000407763 -0.00101805 -0.0185505 0.0903493 
0.00983021 -0.0181227 -0.000340658 0.000400375 -0.0181227 0.0892985 0.000394946 -0.00100026 -0.000340658 0.000394946 0.0101953 -0.0185747 0.000400375 -0.00100026 -0.0185747 0.090372 
0.00981972 -0.018114 -0.000338236 0.000419739 -0.018114 0.0892373 0.000417022 -0.00102558 -0.000338236 0.000417022 0.0101987 -0.0185894 0.000419739 -0.00102558 -0.0185894 0.0904286 
0.00980975 -0.0181057 -0.000328258 0.000425921 -0.0181057 0.0892087 0.000427277 -0.00106345 -0.000328258 0.000427277 0.0102099 -0.018594 0.000425921 -0.00106345 -0.018594 0.0904472 
0.00981254 -0.018097 -0.000326768 0.000418968 -0.018097 0.0891969 0.00042168 -0.00107115 -0.000326768 0.00042168 0.010203 -0.0185973 0.000418968 -0.00107115 -0.0185973 0.0904592 
0.00981088 -0.0181096 -0.000327616 0.000416966 -0.0181096 0.0892279 0.000421027 -0.00106407 -0.000327616 0.000421027 0.0102035 -0.018582 0.000416966 -0.00106407 -0.018582 0.0904287 
0.00980738 -0.0181103 -0.000328762 0.000393702 -0.0181103 0.0892406 0.000399114 -0.00100929 -0.000328762 0.000399114 0.0102187 -0.0186001 0.000393702 -0.00100929 -0.0186001 0.0904595 
0.00982266 -0.0181302 -0.00033203 0.000388949 -0.0181302 0.0892943 0.000395725 -0.000967629 -0.00033203 0.000395725 0.0102021 -0.0185909 0.000388949 -0.000967629 -0.0185909 0.0904327 
0.00983061 -0.0181448 -0.000333379 0.000398429 -0.0181448 0.0893429 0.000399784 -0.000963547 -0.000333379 0.000399784 0.0101979 -0.0185771 0.000398429 -0.000963547 -0.0185771 0.0904135 
0.009809 -0.0181163 -0.000309287 0.000409669 -0.0181163 0.0892848 0.00040153 -0.000984834 -0.000309287 0.00040153 0.01022 -0.0186074 0.000409669 -0.000984834 -0.0186074 0.0904786 
0.00981436 -0.0180978 -0.000289413 0.000380024 -0.0180978 0.0892313 0.000373262 -0.000961555 -0.000289413 0.000373262 0.0102174 -0.0186239 0.000380024 -0.000961555 -0.0186239 0.0905174 
0.00983329 -0.0181335 -0.000276405 0.000366743 -0.0181335 0.089283 0.000358653 -0.000937082 -0.000276405 0.000358653 0.010227 -0.0186082 0.000366743 -0.000937082 -0.0186082 0.0905006 
0.00984297 -0.0181543 -0.000305783 0.000373136 -0.0181543 0.0893519 0.000367748 -0.000956413 -0.000305783 0.000367748 0.0102377 -0.0186164 0.000373136 -0.000956413 -0.0186164 0.0905117 
0.00981996 -0.0181451 -0.000349022 0.000399075 -0.0181451 0.0893387 0.000397722 -0.000994306 -0.000349022 0.000397722 0.0102474 -0.0186483 0.000399075 -0.000994306 -0.0186483 0.0905833 
0.00981844 -0.0181313 -0.000342125 0.000426299 -0.0181313 0.0893435 0.000429014 -0.00104402 -0.000342125 0.000429014 0.0102447 -0.0186621 0.000426299 -0.00104402 -0.0186621 0.0906373 
0.00980396 -0.0181407 -0.000353161 0.000417248 -0.0181407 0.0893538 0.000418611 -0.00104312 -0.000353161 0.000418611 0.0102471 -0.0186412 0.000417248 -0.00104312 -0.0186412 0.0906069 
0.00981021 -0.0181209 -0.000358196 0.00043719 -0.0181209 0.089327 0.000438552 -0.00106505 -0.000358196 0.000438552 0.010246 -0.0186412 0.00043719 -0.00106505 -0.0186412 0.0905895 
0.00979724 -0.01809 -0.00034937 0.000436035 -0.01809 0.0892192 0.000434681 -0.00107925 -0.00034937 0.000434681 0.0102834 -0.018671 0.000436035 -0.00107925 -0.018671 0.0906587 
0.00980007 -0.0180857 -0.000334446 0.0004248 -0.0180857 0.0891892 0.000422103 -0.00105863 -0.000334446 0.000422103 0.0103179 -0.0187141 0.0004248 -0.00105863 -0.0187141 0.0907495 
0.00978972 -0.0181069 -0.000349585 0.000423821 -0.0181069 0.0892224 0.000419772 -0.0010609 -0.000349585 0.000419772 0.010335 -0.0187386 0.000423821 -0.0010609 -0.0187386 0.0907935 
0.00977676 -0.0180905 -0.000338343 0.000429019 -0.0180905 0.0892224 0.000429019 -0.00105698 -0.000338343 0.000429019 0.0103398 -0.0187604 0.000429019 -0.00105698 -0.0187604 0.0908505 
0.00978852 -0.0180703 -0.000323072 0.000427595 -0.0180703 0.0891772 0.00043031 -0.00107645 -0.000323072 0.00043031 0.0103057 -0.018768 0.000427595 -0.00107645 -0.018768 0.0908971 
0.0097908 -0.0180782 -0.00033302 0.000415935 -0.0180782 0.0891611 0.000417295 -0.00106159 -0.00033302 0.000417295 0.0102706 -0.0187239 0.000415935 -0.00106159 -0.0187239 0.0908289 
0.00981221 -0.0181018 -0.000322492 0.000404136 -0.0181018 0.0892147 0.000402775 -0.00101102 -0.000322492 0.000402775 0.0102381 -0.0186692 0.000404136 -0.00101102 -0.0186692 0.0906925 
0.0098178 -0.018087 -0.000335826 0.000406526 -0.018087 0.0891692 0.000409245 -0.00102243 -0.000335826 0.000409245 0.0102175 -0.0186499 0.000406526 -0.00102243 -0.0186499 0.0906362 
0.00984149 -0.0181075 -0.000338661 0.000413167 -0.0181075 0.0892047 0.000413167 -0.00102547 -0.000338661 0.000413167 0.0102059 -0.0186142 0.000413167 -0.00102547 -0.0186142 0.0905512 
0.00982243 -0.0181392 -0.000307926 0.000404238 -0.0181392 0.089266 0.00041102 -0.00101602 -0.000307926 0.00041102 0.0102036 -0.0185814 0.000404238 -0.00101602 -0.0185814 0.0904394 
0.0097911 -0.0181152 -0.000292576 0.000378308 -0.0181152 0.0892603 0.000387834 -0.000981151 -0.000292576 0.000387834 0.0102143 -0.0185956 0.000378308 -0.000981151 -0.0185956 0.0904306 
0.00976251 -0.0180937 -0.000291988 0.000365668 -0.0180937 0.0892188 0.000371125 -0.000941458 -0.000291988 0.000371125 0.0102291 -0.0185958 0.000365668 -0.000941458 -0.0185958 0.0904277 
0.00976979 -0.0180484 -0.00029469 0.000368362 -0.0180484 0.0891328 0.000369727 -0.000933185 -0.00029469 0.000369727 0.0102227 -0.0186228 0.000368362 -0.000933185 -0.0186228 0.0904848 
0.00979367 -0.0180601 -0.000285001 0.000361365 -0.0180601 0.0891289 0.000360001 -0.000908185 -0.000285001 0.000360001 0.0102069 -0.0186055 0.000361365 -0.000908185 -0.0186055 0.0904721 
0.00979483 -0.0180778 -0.000270305 0.000350446 -0.0180778 0.089145 0.000347729 -0.000885623 -0.000270305 0.000347729 0.0102322 -0.0186062 0.000350446 -0.000885623 -0.0186062 0.0904829 
0.00977986 -0.0180791 -0.000267106 0.000343034 -0.0180791 0.0891468 0.000340322 -0.000866398 -0.000267106 0.000340322 0.0102585 -0.0186269 0.000343034 -0.000866398 -0.0186269 0.0905081 
0.00976217 -0.0180605 -0.000261354 0.000318229 -0.0180605 0.0891162 0.000312812 -0.000801665 -0.000261354 0.000312812 0.0102781 -0.0186685 0.000318229 -0.000801665 -0.0186685 0.0906017 
0.00975795 -0.0180534 -0.000253225 0.000299265 -0.0180534 0.0891066 0.000291141 -0.000724466 -0.000253225 0.000291141 0.0102982 -0.0186926 0.000299265 -0.000724466 -0.0186926 0.0906774 
0.0097716 -0.0180591 -0.000278686 0.000312507 -0.0180591 0.0891241 0.000307096 -0.000752182 -0.000278686 0.000307096 0.0103154 -0.0187207 0.000312507 -0.000752182 -0.0187207 0.090757 
0.00979526 -0.0180725 -0.000290881 0.000359881 -0.0180725 0.0891545 0.00036394 -0.000864526 -0.000290881 0.00036394 0.010304 -0.0187328 0.000359881 -0.000864526 -0.0187328 0.0908104 
0.00980961 -0.0181057 -0.000284808 0.000371607 -0.0181057 0.0892277 0.000368895 -0.00092088 -0.000284808 0.000368895 0.0102734 -0.0187038 0.000371607 -0.00092088 -0.0187038 0.0907508 
0.009806 -0.0181083 -0.00030237 0.000357962 -0.0181083 0.0892478 0.000359318 -0.000919312 -0.00030237 0.000359318 0.0102616 -0.0186832 0.000357962 -0.000919312 -0.0186832 0.0907055 
0.00979007 -0.0180915 -0.000301526 0.000370795 -0.0180915 0.0892081 0.000368078 -0.000920875 -0.000301526 0.000368078 0.0102627 -0.0186783 0.000370795 -0.000920875 -0.0186783 0.0906926 
0.00976936 -0.0180716 -0.000296412 0.000382072 -0.0180716 0.0891602 0.000380713 -0.000949062 -0.000296412 0.000380713 0.0102629 -0.0186672 0.000382072 -0.000949062 -0.0186672 0.0906463 
0.00977012 -0.0180544 -0.000270035 0.00037045 -0.0180544 0.0891143 0.00037045 -0.000947159 -0.000270035 0.00037045 0.0102532 -0.0186623 0.00037045 -0.000947159 -0.0186623 0.0906206 
0.00975322 -0.0180484 -0.000262023 0.000336693 -0.0180484 0.0890796 0.000340765 -0.000885176 -0.000262023 0.000340765 0.010261 -0.0186525 0.000336693 -0.000885176 -0.0186525 0.0906002 
0.00973928 -0.0180161 -0.00025975 0.000312512 -0.0180161 0.0890091 0.000308453 -0.000784662 -0.00025975 0.000308453 0.0102858 -0.0186804 0.000312512 -0.000784662 -0.0186804 0.0906623 
0.0097519 -0.0180267 -0.00025542 0.000314883 -0.0180267 0.0890307 0.000313531 -0.000771665 -0.00025542 0.000313531 0.0102952 -0.018693 0.000314883 -0.000771665 -0.018693 0.0906957 
0.00975586 -0.0180383 -0.000243086 0.000314662 -0.0180383 0.0890506 0.000313311 -0.000777876 -0.000243086 0.000313311 0.0102988 -0.0187068 0.000314662 -0.000777876 -0.0187068 0.0907306 
0.00974596 -0.0180474 -0.000239855 0.000306255 -0.0180474 0.0890809 0.00029948 -0.000765638 -0.000239855 0.00029948 0.0103002 -0.0187141 0.000306255 -0.000765638 -0.0187141 0.0907477 
0.00973301 -0.0180536 -0.00023381 0.000305856 -0.0180536 0.0891264 0.000305856 -0.000766678 -0.00023381 0.000305856 0.0102999 -0.018698 0.000305856 -0.000766678 -0.018698 0.0907182 
0.0097209 -0.0180341 -0.000247303 0.000286708 -0.0180341 0.0891078 0.000286708 -0.000731038 -0.000247303 0.000286708 0.0103283 -0.0187108 0.000286708 -0.000731038 -0.0187108 0.0907506 
0.00972821 -0.0180084 -0.000266842 0.000297996 -0.0180084 0.0890534 0.000303414 -0.000731445 -0.000266842 0.000303414 0.0103432 -0.0187507 0.000297996 -0.000731445 -0.0187507 0.0908251 
0.00975707 -0.0180228 -0.000271517 0.000335007 -0.0180228 0.0890483 0.000336357 -0.000796991 -0.000271517 0.000336357 0.0103582 -0.0187793 0.000335007 -0.000796991 -0.0187793 0.0909192 
0.00975007 -0.0180401 -0.000291208 0.00033435 -0.0180401 0.0890678 0.000335698 -0.000829134 -0.000291208 0.000335698 0.0103986 -0.018818 0.00033435 -0.000829134 -0.018818 0.0910268 
0.00976996 -0.0180532 -0.000294917 0.000343396 -0.0180532 0.0891242 0.00034205 -0.000832231 -0.000294917 0.00034205 0.0104204 -0.0188626 0.000343396 -0.000832231 -0.0188626 0.0911361 
0.00980178 -0.0180809 -0.000300495 0.00037326 -0.0180809 0.0891835 0.000370565 -0.000905526 -0.000300495 0.000370565 0.0104122 -0.0188867 0.00037326 -0.000905526 -0.0188867 0.091225 
0.00979694 -0.0181031 -0.000315118 0.000385144 -0.0181031 0.0892242 0.000381104 -0.000952087 -0.000315118 0.000381104 0.0104204 -0.0188882 0.000385144 -0.000952087 -0.0188882 0.0912657 
0.00978469 -0.0181056 -0.000309429 0.000396877 -0.0181056 0.0892515 0.000396877 -0.000987483 -0.000309429 0.000396877 0.0104385 -0.0188873 0.000396877 -0.000987483 -0.0188873 0.0912574 
0.00979152 -0.0181025 -0.000283988 0.000390315 -0.0181025 0.0892811 0.000391661 -0.000991938 -0.000283988 0.000391661 0.0104201 -0.0188885 0.000390315 -0.000991938 -0.0188885 0.0912273 
0.00977011 -0.0181035 -0.00026821 0.000346381 -0.0181035 0.0892734 0.000345033 -0.000900322 -0.00026821 0.000345033 0.0104184 -0.018865 0.000346381 -0.000900322 -0.018865 0.0911724 
0.00972052 -0.0180671 -0.000256339 0.000320084 -0.0180671 0.0892018 0.000318728 -0.00081513 -0.000256339 0.000318728 0.0104014 -0.0188511 0.000320084 -0.00081513 -0.0188511 0.0911101 
0.00972962 -0.0180166 -0.000247007 0.000304008 -0.0180166 0.0891002 0.000310794 -0.000764092 -0.000247007 0.000310794 0.0103648 -0.0188363 0.000304008 -0.000764092 -0.0188363 0.0910627 
0.0097354 -0.0180247 -0.0002552 0.000317312 -0.0180247 0.0890742 0.000320013 -0.000785854 -0.0002552 0.000320013 0.0103673 -0.0187849 0.000317312 -0.000785854 -0.0187849 0.09097 
0.00974141 -0.0180423 -0.000254686 0.000323411 -0.0180423 0.0891051 0.000318021 -0.000797747 -0.000254686 0.000318021 0.0103815 -0.0187861 0.000323411 -0.000797747 -0.0187861 0.0909351 
0.00972899 -0.018044 -0.000252298 0.00031571 -0.018044 0.0891179 0.000310313 -0.000789275 -0.000252298 0.000310313 0.0104117 -0.0188266 0.00031571 -0.000789275 -0.0188266 0.0910054 
0.00973662 -0.0180274 -0.000251564 0.000312426 -0.0180274 0.0890875 0.000298902 -0.000760102 -0.000251564 0.000298902 0.0104088 -0.0188619 0.000312426 -0.000760102 -0.0188619 0.0911136 
0.00974271 -0.0180314 -0.000252282 0.000306537 -0.0180314 0.0890787 0.000298399 -0.00074464 -0.000252282 0.000298399 0.0103938 -0.0188574 0.000306537 -0.00074464 -0.0188574 0.0911404 
0.00972705 -0.0180238 -0.000241548 0.000320254 -0.0180238 0.0890511 0.000320254 -0.000781638 -0.000241548 0.000320254 0.0103947 -0.0188421 0.000320254 -0.000781638 -0.0188421 0.0911219 
0.00969705 -0.018004 -0.00022649 0.000290233 -0.018004 0.089008 0.000288877 -0.000726939 -0.00022649 0.000288877 0.0104253 -0.0188435 0.000290233 -0.000726939 -0.0188435 0.0911183 
0.00968423 -0.0179441 -0.000212766 0.000277815 -0.0179441 0.0888642 0.000275105 -0.00069115 -0.000212766 0.000275105 0.0104269 -0.0188914 0.000277815 -0.00069115 -0.0188914 0.0912006 
0.00967923 -0.0179335 -0.000212656 0.000266836 -0.0179335 0.0888008 0.000264127 -0.000669121 -0.000212656 0.000264127 0.010431 -0.0188912 0.000266836 -0.000669121 -0.0188912 0.0912416 
0.00969151 -0.0179427 -0.000229913 0.000278601 -0.0179427 0.0888019 0.000278601 -0.000699206 -0.000229913 0.000278601 0.0104218 -0.018884 0.000278601 -0.000699206 -0.018884 0.09122 
0.00969302 -0.0179589 -0.000240334 0.000292991 -0.0179589 0.0888372 0.000290291 -0.000722352 -0.000240334 0.000290291 0.0104289 -0.0188784 0.000292991 -0.000722352 -0.0188784 0.0912121 
