0.00757964 0 -0.000341979 0 0 0.00998616 0 0 -0.000341979 0 0.00701691 0 0 0 0 0.00998616 
0.0106329 -0.0132046 -0.000406929 0.000505779 -0.0132046 0.0345017 0.000505779 -0.000967075 -0.000406929 0.000505779 0.00996235 -0.0123743 0.000505779 -0.000967075 -0.0123743 0.0329135 
0.0106136 -0.019837 -0.000322078 0.00055571 -0.019837 0.0726061 0.00055571 -0.00176225 -0.000322078 0.00055571 0.0100929 -0.0188875 0.00055571 -0.00176225 -0.0188875 0.069584 
0.0100485 -0.0194084 -0.000295356 0.000422166 -0.0194084 0.0865281 0.000423772 -0.00149444 -0.000295356 0.000423772 0.0095477 -0.0186636 0.000422166 -0.00149444 -0.0186636 0.0838153 
0.0100758 -0.0186473 -0.00029415 0.000344445 -0.0186473 0.0891701 0.000341397 -0.000969323 -0.00029415 0.000341397 0.00951186 -0.0180879 0.000344445 -0.000969323 -0.0180879 0.0875332 
0.0102841 -0.0186385 -0.000316278 0.000370205 -0.0186385 0.0900604 0.00036729 -0.00085701 -0.000316278 0.00036729 0.00962096 -0.0179316 0.000370205 -0.00085701 -0.0179316 0.0884747 
0.0103928 -0.0188096 -0.000339218 0.000421195 -0.0188096 0.0907464 0.000416955 -0.000968184 -0.000339218 0.000416955 0.00971011 -0.0179573 0.000421195 -0.000968184 -0.0179573 0.0888129 
0.0104058 -0.0188621 -0.000328588 0.000425232 -0.0188621 0.0910645 0.000429374 -0.00104513 -0.000328588 0.000429374 0.00977205 -0.0180116 0.000425232 -0.00104513 -0.0180116 0.0889922 
0.0104011 -0.0188496 -0.00031704 0.000404123 -0.0188496 0.0911047 0.000410927 -0.0010314 -0.00031704 0.000410927 0.00978877 -0.0180508 0.000404123 -0.0010314 -0.0180508 0.0890473 
0.0103841 -0.0188271 -0.000321924 0.000385497 -0.0188271 0.0910327 0.000390907 -0.000990118 -0.000321924 0.000390907 0.00979703 -0.0180764 0.000385497 -0.000990118 -0.0180764 0.0891011 
0.0103496 -0.0188018 -0.000330637 0.000406212 -0.0188018 0.0909577 0.00041026 -0.00101081 -0.000330637 0.00041026 0.00979496 -0.0180784 0.000406212 -0.00101081 -0.0180784 0.0891156 
0.0103171 -0.0187682 -0.000330406 0.000404883 -0.0187682 0.0908793 0.000399466 -0.000997989 -0.000330406 0.000399466 0.00978084 -0.0180721 0.000404883 -0.000997989 -0.0180721 0.0891216 
0.0103044 -0.0187204 -0.000319474 0.000399343 -0.0187204 0.0907834 0.000389867 -0.000978728 -0.000319474 0.000389867 0.00977916 -0.0180841 0.000399343 -0.000978728 -0.0180841 0.0891766 
0.0103249 -0.0187159 -0.000315368 0.000385449 -0.0187159 0.0907612 0.000371972 -0.000939364 -0.000315368 0.000371972 0.00978044 -0.0180892 0.000385449 -0.000939364 -0.0180892 0.08921 
0.0103466 -0.0187628 -0.000298654 0.000379372 -0.0187628 0.0908501 0.00036861 -0.000913452 -0.000298654 0.00036861 0.00978968 -0.0180807 0.000379372 -0.000913452 -0.0180807 0.0892035 
0.0103506 -0.0187859 -0.000297654 0.000369037 -0.0187859 0.09093 0.000362303 -0.000907778 -0.000297654 0.000362303 0.00980643 -0.0181071 0.000369037 -0.000907778 -0.0181071 0.0892505 
0.010351 -0.0187918 -0.000303094 0.000370448 -0.0187918 0.0909766 0.000373142 -0.000914669 -0.000303094 0.000373142 0.00982831 -0.0181344 0.000370448 -0.000914669 -0.0181344 0.0893331 
0.0103679 -0.018801 -0.000336357 0.000383446 -0.018801 0.0910127 0.000390174 -0.00096198 -0.000336357 0.000390174 0.00983237 -0.0181511 0.000383446 -0.00096198 -0.0181511 0.0893874 
0.0103823 -0.0188061 -0.000346167 0.000405433 -0.0188061 0.0910176 0.000409473 -0.000992704 -0.000346167 0.000409473 0.00982063 -0.0181677 0.000405433 -0.000992704 -0.0181677 0.0894376 
0.0104028 -0.0188334 -0.000333872 0.000416326 -0.0188334 0.0910714 0.00042714 -0.00102595 -0.000333872 0.00042714 0.00978908 -0.018144 0.000416326 -0.00102595 -0.018144 0.0894007 
0.0104163 -0.0188631 -0.000309986 0.000408802 -0.0188631 0.0911385 0.000408802 -0.00102607 -0.000309986 0.000408802 0.00975575 -0.0180902 0.000408802 -0.00102607 -0.0180902 0.0892934 
0.010427 -0.0188816 -0.000297413 0.000386636 -0.0188816 0.0911921 0.000387988 -0.000989573 -0.000297413 0.000387988 0.00974702 -0.0180489 0.000386636 -0.000989573 -0.0180489 0.0891778 
0.0104296 -0.0188755 -0.000277024 0.000352699 -0.0188755 0.0911936 0.000362158 -0.000908098 -0.000277024 0.000362158 0.00974989 -0.0180485 0.000352699 -0.000908098 -0.0180485 0.0891423 
0.0104153 -0.0188688 -0.000256701 0.000340466 -0.0188688 0.0911638 0.000344519 -0.000860622 -0.000256701 0.000344519 0.00975462 -0.0180569 0.000340466 -0.000860622 -0.0180569 0.0891426 
0.0104199 -0.0188895 -0.000266694 0.000324613 -0.0188895 0.0912283 0.00032596 -0.000824328 -0.000266694 0.00032596 0.00977879 -0.0180463 0.000324613 -0.000824328 -0.0180463 0.0891204 
0.0104241 -0.0188864 -0.000282569 0.00032159 -0.0188864 0.0912468 0.000322936 -0.000791192 -0.000282569 0.000322936 0.00979572 -0.0180804 0.00032159 -0.000791192 -0.0180804 0.0891747 
0.0104287 -0.0188897 -0.000303043 0.000351529 -0.0188897 0.0912481 0.000347489 -0.000843132 -0.000303043 0.000347489 0.00979703 -0.0181085 0.000351529 -0.000843132 -0.0181085 0.0892494 
0.010445 -0.0188881 -0.000306213 0.000369614 -0.0188881 0.0912326 0.000366916 -0.000883566 -0.000306213 0.000366916 0.00978937 -0.01813 0.000369614 -0.000883566 -0.01813 0.0893265 
0.0104535 -0.0189043 -0.000323681 0.00037493 -0.0189043 0.0912632 0.000376279 -0.000915747 -0.000323681 0.000376279 0.0097846 -0.0181126 0.00037493 -0.000915747 -0.0181126 0.0893224 
0.0104618 -0.0189265 -0.000335089 0.00039161 -0.0189265 0.0913124 0.000388919 -0.000954129 -0.000335089 0.000388919 0.00979967 -0.018111 0.00039161 -0.000954129 -0.018111 0.0893221 
0.0104751 -0.0189257 -0.000340119 0.000427501 -0.0189257 0.0913279 0.00043019 -0.00105128 -0.000340119 0.00043019 0.00980698 -0.0181338 0.000427501 -0.00105128 -0.0181338 0.0893544 
0.0104824 -0.0189445 -0.000327115 0.000412916 -0.0189445 0.0913603 0.000412916 -0.0010457 -0.000327115 0.000412916 0.00982015 -0.0181375 0.000412916 -0.0010457 -0.0181375 0.0893802 
0.0104728 -0.018964 -0.000331383 0.000401148 -0.018964 0.0914135 0.00039444 -0.00100488 -0.000331383 0.00039444 0.00982478 -0.0181362 0.000401148 -0.00100488 -0.0181362 0.0893635 
0.0104704 -0.0189596 -0.000327283 0.000406421 -0.0189596 0.0914393 0.000398373 -0.000996602 -0.000327283 0.000398373 0.00982921 -0.0181454 0.000406421 -0.000996602 -0.0181454 0.0893857 
0.0104638 -0.01895 -0.000348212 0.000428879 -0.01895 0.091409 0.000416779 -0.00105405 -0.000348212 0.000416779 0.00980371 -0.0181353 0.000428879 -0.00105405 -0.0181353 0.089356 
0.0104512 -0.0189298 -0.000354118 0.000442984 -0.0189298 0.0913637 0.000434905 -0.00109467 -0.000354118 0.000434905 0.00979546 -0.018126 0.000442984 -0.00109467 -0.018126 0.0893481 
0.0104167 -0.0188976 -0.000338588 0.000431667 -0.0188976 0.0912718 0.00042762 -0.00107512 -0.000338588 0.00042762 0.00980018 -0.0181219 0.000431667 -0.00107512 -0.0181219 0.0893374 
0.0104115 -0.0188615 -0.000333677 0.000418785 -0.0188615 0.0911843 0.000417434 -0.00103751 -0.000333677 0.000417434 0.00979281 -0.018128 0.000418785 -0.00103751 -0.018128 0.0893484 
0.0104189 -0.018877 -0.000311716 0.000383235 -0.018877 0.091206 0.000379187 -0.000949992 -0.000311716 0.000379187 0.00977925 -0.0180903 0.000383235 -0.000949992 -0.0180903 0.0892668 
0.0104139 -0.0188814 -0.000305258 0.000375495 -0.0188814 0.0912101 0.000378196 -0.000927931 -0.000305258 0.000378196 0.00978177 -0.0180791 0.000375495 -0.000927931 -0.0180791 0.0892259 
0.0104121 -0.0188546 -0.000294477 0.000363369 -0.0188546 0.0911542 0.00036607 -0.000898291 -0.000294477 0.00036607 0.00978664 -0.0181036 0.000363369 -0.000898291 -0.0181036 0.089259 
0.0104186 -0.0188662 -0.000274422 0.000343365 -0.0188662 0.0911648 0.000347421 -0.000853006 -0.000274422 0.000347421 0.00978185 -0.0180997 0.000343365 -0.000853006 -0.0180997 0.0892615 
0.0104254 -0.0188803 -0.000278407 0.000332467 -0.0188803 0.0912026 0.000337873 -0.000833869 -0.000278407 0.000337873 0.00978344 -0.018091 0.000332467 -0.000833869 -0.018091 0.0892402 
0.0104363 -0.0188771 -0.000281222 0.000338008 -0.0188771 0.0912013 0.000344768 -0.000835555 -0.000281222 0.000344768 0.00977924 -0.018101 0.000338008 -0.000835555 -0.018101 0.0892597 
0.0104274 -0.0188979 -0.000287066 0.000366582 -0.0188979 0.0912278 0.000376016 -0.000909717 -0.000287066 0.000376016 0.00978855 -0.0180798 0.000366582 -0.000909717 -0.0180798 0.0892075 
0.010394 -0.0188905 -0.000295775 0.000356551 -0.0188905 0.0912311 0.000364654 -0.000908935 -0.000295775 0.000364654 0.0097957 -0.0180801 0.000356551 -0.000908935 -0.0180801 0.0891702 
0.0103596 -0.0188464 -0.000282399 0.000360768 -0.0188464 0.0911555 0.000363471 -0.000898543 -0.000282399 0.000363471 0.00981912 -0.0181019 0.000360768 -0.000898543 -0.0181019 0.0892165 
0.0103367 -0.0187851 -0.00026494 0.000348748 -0.0187851 0.0910042 0.000346044 -0.000875924 -0.00026494 0.000346044 0.00982576 -0.0181349 0.000348748 -0.000875924 -0.0181349 0.0893037 
0.0103348 -0.0187574 -0.000260199 0.000332025 -0.0187574 0.0908962 0.000326604 -0.000840226 -0.000260199 0.000326604 0.00979269 -0.0181313 0.000332025 -0.000840226 -0.0181313 0.0893133 
0.010338 -0.018768 -0.000262338 0.000332655 -0.018768 0.0908973 0.000323189 -0.000827581 -0.000262338 0.000323189 0.00978222 -0.0180864 0.000332655 -0.000827581 -0.0180864 0.0892408 
0.0103284 -0.0187652 -0.000262129 0.00032158 -0.0187652 0.0908843 0.000317527 -0.000801248 -0.000262129 0.000317527 0.00977847 -0.0180666 0.00032158 -0.000801248 -0.0180666 0.0891737 
0.0102986 -0.0187459 -0.000263894 0.000332912 -0.0187459 0.090835 0.000331559 -0.000821455 -0.000263894 0.000331559 0.00976679 -0.0180558 0.000332912 -0.000821455 -0.0180558 0.0891123 
0.0102803 -0.0187118 -0.000253651 0.000313333 -0.0187118 0.0907582 0.000316046 -0.000782655 -0.000253651 0.000316046 0.00976217 -0.0180567 0.000313333 -0.000782655 -0.0180567 0.0891128 
0.0102424 -0.0186687 -0.00023889 0.000294541 -0.0186687 0.0906548 0.00029997 -0.000732959 -0.00023889 0.00029997 0.00979179 -0.0180729 0.000294541 -0.000732959 -0.0180729 0.0891631 
0.0102449 -0.018639 -0.000246605 0.000291319 -0.018639 0.0905974 0.000292674 -0.0007222 -0.000246605 0.000292674 0.00980186 -0.0180929 0.000291319 -0.0007222 -0.0180929 0.0892018 
0.0102504 -0.0186475 -0.000259144 0.000321555 -0.0186475 0.0905741 0.000316128 -0.000772004 -0.000259144 0.000316128 0.00978912 -0.0180899 0.000321555 -0.000772004 -0.0180899 0.0892024 
0.0102599 -0.0186654 -0.00026939 0.000325172 -0.0186654 0.0906224 0.00031973 -0.000795924 -0.00026939 0.00031973 0.00976877 -0.0180654 0.000325172 -0.000795924 -0.0180654 0.0891503 
0.01026 -0.0186598 -0.000272764 0.000339591 -0.0186598 0.0906067 0.000334136 -0.000826474 -0.000272764 0.000334136 0.0097554 -0.018057 0.000339591 -0.000826474 -0.018057 0.0891283 
0.0102706 -0.0186693 -0.0002929 0.000352842 -0.0186693 0.0906476 0.000348755 -0.000880061 -0.0002929 0.000348755 0.00975015 -0.0180331 0.000352842 -0.000880061 -0.0180331 0.0890783 
0.0102879 -0.018693 -0.000310392 0.000377099 -0.018693 0.0906916 0.000368931 -0.000931176 -0.000310392 0.000368931 0.00973923 -0.0180177 0.000377099 -0.000931176 -0.0180177 0.0890185 
0.0103102 -0.018699 -0.000313664 0.000392419 -0.018699 0.0907099 0.000391061 -0.000972221 -0.000313664 0.000391061 0.00974529 -0.0180295 0.000392419 -0.000972221 -0.0180295 0.0890383 
0.0103207 -0.0187396 -0.000312914 0.000392835 -0.0187396 0.0907964 0.000391481 -0.00099428 -0.000312914 0.000391481 0.00975315 -0.0180149 0.000392835 -0.00099428 -0.0180149 0.0890056 
0.0103229 -0.0187457 -0.000307904 0.00038488 -0.0187457 0.0908424 0.000387581 -0.000984482 -0.000307904 0.000387581 0.0097773 -0.0180461 0.00038488 -0.000984482 -0.0180461 0.0890652 
0.0103206 -0.0187444 -0.000323319 0.000375859 -0.0187444 0.0908379 0.000383942 -0.000967264 -0.000323319 0.000383942 0.00980331 -0.018083 0.000375859 -0.000967264 -0.018083 0.0891567 
0.0103282 -0.0187543 -0.000314083 0.000396665 -0.0187543 0.0908621 0.000402081 -0.00099234 -0.000314083 0.000402081 0.00976771 -0.0180909 0.000396665 -0.00099234 -0.0180909 0.0891847 
0.0103409 -0.0187622 -0.00029282 0.000370092 -0.0187622 0.0908868 0.000378226 -0.000944887 -0.00029282 0.000378226 0.00973627 -0.0180532 0.000370092 -0.000944887 -0.0180532 0.0891475 
0.0103369 -0.018757 -0.000278092 0.000351346 -0.018757 0.0908711 0.000352703 -0.000889896 -0.000278092 0.000352703 0.00972781 -0.0180312 0.000351346 -0.000889896 -0.0180312 0.0890927 
0.010311 -0.0187409 -0.000264281 0.00033069 -0.0187409 0.0908273 0.000332045 -0.000832146 -0.000264281 0.000332045 0.00974451 -0.0180213 0.00033069 -0.000832146 -0.0180213 0.0890641 
0.010289 -0.0187075 -0.00027244 0.0003375 -0.0187075 0.0907483 0.000341567 -0.000843073 -0.00027244 0.000341567 0.00975634 -0.0180339 0.0003375 -0.000843073 -0.0180339 0.0890567 
0.0102793 -0.0186958 -0.000257592 0.00033487 -0.0186958 0.0907063 0.00033487 -0.000833785 -0.000257592 0.00033487 0.00974105 -0.0180247 0.00033487 -0.000833785 -0.0180247 0.0890184 
0.0102608 -0.0186902 -0.000242659 0.000325353 -0.0186902 0.0906907 0.000322641 -0.000821516 -0.000242659 0.000322641 0.00973482 -0.0179961 0.000325353 -0.000821516 -0.0179961 0.0889582 
0.0102515 -0.0186731 -0.000238564 0.000306338 -0.0186731 0.0906625 0.000302272 -0.000784822 -0.000238564 0.000302272 0.00973911 -0.0179967 0.000306338 -0.000784822 -0.0179967 0.0889383 
0.0102207 -0.0186345 -0.000236932 0.000299569 -0.0186345 0.0905678 0.00030093 -0.000758454 -0.000236932 0.00030093 0.00974415 -0.0180231 0.000299569 -0.000758454 -0.0180231 0.0890005 
0.0102186 -0.0186116 -0.000216223 0.000286017 -0.0186116 0.0905086 0.000292859 -0.000723938 -0.000216223 0.000292859 0.00973415 -0.0180259 0.000286017 -0.000723938 -0.0180259 0.0890197 
0.0102184 -0.0185926 -0.000197167 0.000260151 -0.0185926 0.0904407 0.000268366 -0.000680499 -0.000197167 0.000268366 0.00971731 -0.0180093 0.000260151 -0.000680499 -0.0180093 0.089014 
0.0102209 -0.0185898 -0.00019666 0.000245825 -0.0185898 0.0904035 0.000249922 -0.000637779 -0.00019666 0.000249922 0.00972648 -0.0180026 0.000245825 -0.000637779 -0.0180026 0.0889914 
0.0102216 -0.0185929 -0.000212724 0.000241359 -0.0185929 0.0904034 0.000250905 -0.000614989 -0.000212724 0.000250905 0.00972529 -0.0179983 0.000241359 -0.000614989 -0.0179983 0.0889526 
0.0102436 -0.0186066 -0.000227242 0.000265342 -0.0186066 0.0904463 0.000268064 -0.000647707 -0.000227242 0.000268064 0.00972785 -0.0180024 0.000265342 -0.000647707 -0.0180024 0.0889604 
0.0102829 -0.0186482 -0.000250603 0.000287377 -0.0186482 0.09054 0.000290101 -0.000710951 -0.000250603 0.000290101 0.00970407 -0.0179958 0.000287377 -0.000710951 -0.0179958 0.0889356 
0.0103104 -0.0187107 -0.00026332 0.000315165 -0.0187107 0.0906925 0.000312436 -0.000765401 -0.00026332 0.000312436 0.00968417 -0.0179549 0.000315165 -0.000765401 -0.0179549 0.0888547 
0.0102975 -0.0187248 -0.000251193 0.000313991 -0.0187248 0.0907612 0.000312626 -0.000778152 -0.000251193 0.000312626 0.00969959 -0.0179425 0.000313991 -0.000778152 -0.0179425 0.0888267 
0.0103042 -0.0187145 -0.000252253 0.000310885 -0.0187145 0.0907757 0.000306794 -0.00077994 -0.000252253 0.000306794 0.00971379 -0.0179686 0.000310885 -0.00077994 -0.0179686 0.0888545 
0.0103116 -0.0187067 -0.000262899 0.000317386 -0.0187067 0.0907423 0.000310575 -0.000790058 -0.000262899 0.000310575 0.00970682 -0.0179861 0.000317386 -0.000790058 -0.0179861 0.0888884 
0.0103158 -0.0187219 -0.000253735 0.000324672 -0.0187219 0.09075 0.00032058 -0.000792582 -0.000253735 0.00032058 0.00969378 -0.0179716 0.000324672 -0.000792582 -0.0179716 0.0888783 
0.0103004 -0.0187317 -0.00024629 0.000318809 -0.0187317 0.0907784 0.00031744 -0.000796337 -0.00024629 0.00031744 0.0096833 -0.0179395 0.000318809 -0.000796337 -0.0179395 0.0888053 
0.0103107 -0.0187209 -0.000235173 0.000300803 -0.0187209 0.090785 0.000295334 -0.000752007 -0.000235173 0.000295334 0.00966261 -0.0179251 0.000300803 -0.000752007 -0.0179251 0.0887492 
0.0103047 -0.0187176 -0.000195331 0.000267726 -0.0187176 0.0907565 0.000271824 -0.000678877 -0.000195331 0.000271824 0.00967366 -0.0179199 0.000267726 -0.000678877 -0.0179199 0.0887376 
0.0102644 -0.0187014 -0.00020335 0.000255211 -0.0187014 0.0907147 0.000257941 -0.000668736 -0.00020335 0.000257941 0.0097226 -0.0179358 0.000255211 -0.000668736 -0.0179358 0.0887726 
0.0102323 -0.018658 -0.000229234 0.000271533 -0.018658 0.0906402 0.000271533 -0.000683608 -0.000229234 0.000271533 0.0097438 -0.0179771 0.000271533 -0.000683608 -0.0179771 0.088824 
0.0102198 -0.0186258 -0.000225015 0.00028911 -0.0186258 0.0905502 0.000293202 -0.000718685 -0.000225015 0.000293202 0.00974384 -0.0180012 0.00028911 -0.000718685 -0.0180012 0.0888905 
0.0102344 -0.0186084 -0.000227763 0.000280954 -0.0186084 0.0904916 0.000280954 -0.000711931 -0.000227763 0.000280954 0.00972427 -0.0180097 0.000280954 -0.000711931 -0.0180097 0.0889327 
0.0102311 -0.0186165 -0.000207351 0.000268737 -0.0186165 0.0904635 0.000267373 -0.000669797 -0.000207351 0.000267373 0.0097141 -0.017989 0.000268737 -0.000669797 -0.017989 0.0889166 
0.0102362 -0.0186153 -0.000183932 0.000257505 -0.0186153 0.0904621 0.000258868 -0.00065807 -0.000183932 0.000258868 0.0097021 -0.0179709 0.000257505 -0.00065807 -0.0179709 0.0888775 
0.0102277 -0.0186147 -0.000162128 0.0002139 -0.0186147 0.090462 0.000216625 -0.000561317 -0.000162128 0.000216625 0.00970043 -0.0179553 0.0002139 -0.000561317 -0.0179553 0.088838 
0.0102301 -0.0186141 -0.000166343 0.000196339 -0.0186141 0.0904593 0.000196339 -0.000505847 -0.000166343 0.000196339 0.00968335 -0.0179473 0.000196339 -0.000505847 -0.0179473 0.0888027 
0.0102187 -0.0186145 -0.000181598 0.000221195 -0.0186145 0.0904593 0.000218464 -0.000532507 -0.000181598 0.000218464 0.00967524 -0.0179264 0.000221195 -0.000532507 -0.0179264 0.0887566 
0.0102277 -0.0185942 -0.000166105 0.000246435 -0.0185942 0.0904197 0.000245073 -0.000604513 -0.000166105 0.000245073 0.00967494 -0.017938 0.000246435 -0.000604513 -0.017938 0.0887804 
0.0102384 -0.0185999 -0.000163205 0.000227127 -0.0185999 0.0904142 0.000224407 -0.000605218 -0.000163205 0.000224407 0.00967533 -0.0179389 0.000227127 -0.000605218 -0.0179389 0.0887957 
0.0102551 -0.0186191 -0.000174277 0.000194701 -0.0186191 0.0904636 0.000196062 -0.000525555 -0.000174277 0.000196062 0.0096724 -0.0179424 0.000194701 -0.000525555 -0.0179424 0.0888134 
0.0102523 -0.0186458 -0.000184099 0.000199099 -0.0186458 0.0905302 0.000200463 -0.000473202 -0.000184099 0.000200463 0.00967678 -0.0179299 0.000199099 -0.000473202 -0.0179299 0.0887861 
0.010244 -0.0186355 -0.000181033 0.000215061 -0.0186355 0.0905368 0.000217784 -0.000506347 -0.000181033 0.000217784 0.00969818 -0.0179535 0.000215061 -0.000506347 -0.0179535 0.0888258 
0.0102569 -0.0186475 -0.000183378 0.000228203 -0.0186475 0.0905763 0.000237712 -0.000562358 -0.000183378 0.000237712 0.00970135 -0.0179533 0.000228203 -0.000562358 -0.0179533 0.0888199 
0.0102549 -0.0186451 -0.000193129 0.000242091 -0.0186451 0.0905706 0.000247531 -0.000624268 -0.000193129 0.000247531 0.0097054 -0.0179691 0.000242091 -0.000624268 -0.0179691 0.0888528 
0.0102612 -0.0186761 -0.000167236 0.000232499 -0.0186761 0.0906462 0.000233859 -0.000594165 -0.000167236 0.000233859 0.00969699 -0.0179392 0.000232499 -0.000594165 -0.0179392 0.0887862 
0.0102583 -0.0186696 -0.000153575 0.000198425 -0.0186696 0.0906488 0.000199784 -0.000517807 -0.000153575 0.000199784 0.00969698 -0.0179438 0.000198425 -0.000517807 -0.0179438 0.0887814 
0.0102708 -0.0186527 -0.000161138 0.00018822 -0.0186527 0.0906095 0.000189574 -0.000482059 -0.000161138 0.000189574 0.00969534 -0.0179621 0.00018822 -0.000482059 -0.0179621 0.0888329 
0.0102832 -0.0186608 -0.000177413 0.000212624 -0.0186608 0.0905902 0.000213979 -0.000524113 -0.000177413 0.000213979 0.0096927 -0.0179742 0.000212624 -0.000524113 -0.0179742 0.0888906 
0.0102851 -0.0186832 -0.000178683 0.000223354 -0.0186832 0.0906236 0.000224708 -0.000564477 -0.000178683 0.000224708 0.00969357 -0.0179699 0.000223354 -0.000564477 -0.0179699 0.0888963 
0.0102856 -0.0186948 -0.000174768 0.000223541 -0.0186948 0.0906777 0.000219477 -0.00055953 -0.000174768 0.000219477 0.00969084 -0.0179591 0.000223541 -0.00055953 -0.0179591 0.088869 
0.0102898 -0.0187032 -0.000177996 0.000224194 -0.0187032 0.0907101 0.000218759 -0.000562522 -0.000177996 0.000218759 0.00966886 -0.0179396 0.000224194 -0.000562522 -0.0179396 0.0888174 
0.0102846 -0.0187111 -0.00018635 0.000232597 -0.0187111 0.0907455 0.000225796 -0.000579452 -0.00018635 0.000225796 0.00966842 -0.0179141 0.000232597 -0.000579452 -0.0179141 0.0887596 
0.0102836 -0.0187104 -0.000187593 0.000228374 -0.0187104 0.0907639 0.000231093 -0.000579092 -0.000187593 0.000231093 0.00966921 -0.0179056 0.000228374 -0.000579092 -0.0179056 0.0887072 
0.0103114 -0.0186965 -0.000203621 0.000228055 -0.0186965 0.0907281 0.000232128 -0.000587786 -0.000203621 0.000232128 0.00965978 -0.0179295 0.000228055 -0.000587786 -0.0179295 0.0887624 
0.0103179 -0.0187118 -0.000212124 0.000256997 -0.0187118 0.0907266 0.000259716 -0.000630934 -0.000212124 0.000259716 0.00966117 -0.0179354 0.000256997 -0.000630934 -0.0179354 0.0887998 
0.0103313 -0.0187438 -0.000208822 0.000268485 -0.0187438 0.0908198 0.000263061 -0.000656297 -0.000208822 0.000263061 0.00968309 -0.0179302 0.000268485 -0.000656297 -0.0179302 0.0887994 
0.0103584 -0.0187557 -0.000210845 0.000262205 -0.0187557 0.0908661 0.00025815 -0.00066227 -0.000210845 0.00025815 0.00970292 -0.0179705 0.000262205 -0.00066227 -0.0179705 0.0888833 
0.0103766 -0.018792 -0.0002041 0.000256814 -0.018792 0.0909284 0.000259517 -0.000652848 -0.0002041 0.000259517 0.00970081 -0.0179851 0.000256814 -0.000652848 -0.0179851 0.0889306 
0.0104013 -0.0188074 -0.000211941 0.000253789 -0.0188074 0.0909725 0.000256489 -0.000641222 -0.000211941 0.000256489 0.00970068 -0.0180055 0.000253789 -0.000641222 -0.0180055 0.0889949 
0.0104113 -0.0188376 -0.000207956 0.000266022 -0.0188376 0.0910402 0.000267372 -0.000658978 -0.000207956 0.000267372 0.00971317 -0.0180058 0.000266022 -0.000658978 -0.0180058 0.0890376 
0.0104335 -0.0188753 -0.000195536 0.000269705 -0.0188753 0.091163 0.000267008 -0.000689096 -0.000195536 0.000267008 0.00971073 -0.0179934 0.000269705 -0.000689096 -0.0179934 0.089004 
0.0104473 -0.018912 -0.000174099 0.000244279 -0.018912 0.0912671 0.000242929 -0.000634315 -0.000174099 0.000242929 0.00971581 -0.0179902 0.000244279 -0.000634315 -0.0179902 0.0889728 
0.0104386 -0.0189309 -0.000183678 0.000203936 -0.0189309 0.0913512 0.000202586 -0.000542929 -0.000183678 0.000202586 0.00972411 -0.0179774 0.000203936 -0.000542929 -0.0179774 0.0889229 
0.0104257 -0.0189141 -0.000212245 0.000229819 -0.0189141 0.0913411 0.000227116 -0.000552919 -0.000212245 0.000227116 0.00972272 -0.0179908 0.000229819 -0.000552919 -0.0179908 0.0889374 
0.0104177 -0.0188894 -0.000223295 0.000269307 -0.0188894 0.0912776 0.000267954 -0.000630639 -0.000223295 0.000267954 0.00972213 -0.0180043 0.000269307 -0.000630639 -0.0180043 0.088981 
0.0104268 -0.0188684 -0.000217873 0.000281476 -0.0188684 0.0912063 0.000285536 -0.000682038 -0.000217873 0.000285536 0.00970551 -0.0180077 0.000281476 -0.000682038 -0.0180077 0.0890005 
0.0104194 -0.0188701 -0.00020595 0.000262857 -0.0188701 0.0911638 0.000266921 -0.000666626 -0.00020595 0.000266921 0.00970402 -0.0179975 0.000262857 -0.000666626 -0.0179975 0.0890068 
0.0104109 -0.0188527 -0.000191487 0.00024581 -0.0188527 0.0911071 0.000248526 -0.000627426 -0.000191487 0.000248526 0.00969387 -0.0179971 0.00024581 -0.000627426 -0.0179971 0.0890035 
0.010388 -0.0188387 -0.000201207 0.000235195 -0.0188387 0.0910693 0.000236554 -0.000592745 -0.000201207 0.000236554 0.00970552 -0.0179876 0.000235195 -0.000592745 -0.0179876 0.0889892 
0.0104003 -0.0188213 -0.000226566 0.000250987 -0.0188213 0.0910471 0.000246917 -0.000614578 -0.000226566 0.000246917 0.00971115 -0.0180046 0.000250987 -0.000614578 -0.0180046 0.0890175 
0.0104291 -0.0188438 -0.000244707 0.00028797 -0.0188438 0.0910687 0.00028797 -0.000690857 -0.000244707 0.00028797 0.00972067 -0.0180123 0.00028797 -0.000690857 -0.0180123 0.0890462 
0.0104606 -0.0189024 -0.000259085 0.000306314 -0.0189024 0.0911938 0.000307663 -0.000751616 -0.000259085 0.000307663 0.00972378 -0.018005 0.000306314 -0.000751616 -0.018005 0.089024 
0.0105014 -0.0189395 -0.000246949 0.000307674 -0.0189395 0.091317 0.000303625 -0.00075434 -0.000246949 0.000303625 0.00970117 -0.018007 0.000307674 -0.00075434 -0.018007 0.0890148 
0.0105257 -0.018971 -0.000241026 0.000300273 -0.018971 0.091392 0.000304312 -0.00076482 -0.000241026 0.000304312 0.00970433 -0.0180083 0.000300273 -0.00076482 -0.0180083 0.089045 
0.0105543 -0.0190157 -0.000237915 0.000279583 -0.0190157 0.0915071 0.000283616 -0.000711056 -0.000237915 0.000283616 0.00970208 -0.0180009 0.000279583 -0.000711056 -0.0180009 0.0890419 
0.0105545 -0.0190543 -0.000232928 0.000282745 -0.0190543 0.0916041 0.000284092 -0.000696092 -0.000232928 0.000284092 0.00970489 -0.0179961 0.000282745 -0.000696092 -0.0179961 0.0890217 
0.0105484 -0.0190495 -0.000240776 0.000298616 -0.0190495 0.0916414 0.000294581 -0.000729053 -0.000240776 0.000294581 0.00972116 -0.0180084 0.000298616 -0.000729053 -0.0180084 0.0890427 
0.0105204 -0.019028 -0.000235462 0.000293318 -0.019028 0.0915999 0.000289281 -0.000721185 -0.000235462 0.000289281 0.00976022 -0.0180444 0.000293318 -0.000721185 -0.0180444 0.0891269 
0.0105251 -0.019027 -0.000235084 0.000284788 -0.019027 0.091617 0.000282101 -0.000707939 -0.000235084 0.000282101 0.00976876 -0.0180572 0.000284788 -0.000707939 -0.0180572 0.089156 
0.0105382 -0.0190262 -0.000218568 0.000292318 -0.0190262 0.0916001 0.000289636 -0.000713363 -0.000218568 0.000289636 0.00976584 -0.0180754 0.000292318 -0.000713363 -0.0180754 0.0891932 
0.010545 -0.0190377 -0.000198785 0.000280716 -0.0190377 0.0916156 0.000280716 -0.000713207 -0.000198785 0.000280716 0.00975254 -0.0180679 0.000280716 -0.000713207 -0.0180679 0.0891993 
0.010531 -0.0190277 -0.000179062 0.000261189 -0.0190277 0.0915884 0.000255803 -0.000679898 -0.000179062 0.000255803 0.00973668 -0.0180584 0.000261189 -0.000679898 -0.0180584 0.0891771 
0.0105203 -0.0189999 -0.000199233 0.000243657 -0.0189999 0.0915155 0.000242311 -0.000640778 -0.000199233 0.000242311 0.00972475 -0.0180522 0.000243657 -0.000640778 -0.0180522 0.0891785 
0.0104997 -0.0190121 -0.000235782 0.000258687 -0.0190121 0.0915373 0.000260034 -0.000642674 -0.000235782 0.000260034 0.00972365 -0.0180043 0.000258687 -0.000642674 -0.0180043 0.089065 
0.0104733 -0.0189745 -0.000245162 0.000284227 -0.0189745 0.0914752 0.000284227 -0.000673523 -0.000245162 0.000284227 0.00974184 -0.0180248 0.000284227 -0.000673523 -0.0180248 0.0890788 
0.0104858 -0.0189394 -0.000245581 0.000298206 -0.0189394 0.0913832 0.000299555 -0.000719202 -0.000245581 0.000299555 0.00972745 -0.0180543 0.000298206 -0.000719202 -0.0180543 0.0891352 
0.0104905 -0.0189444 -0.000211481 0.000278832 -0.0189444 0.0913599 0.000281526 -0.000688324 -0.000211481 0.000281526 0.00973487 -0.0180406 0.000278832 -0.000688324 -0.0180406 0.0891507 
0.0104875 -0.0189588 -0.000193113 0.000253883 -0.0189588 0.091387 0.000256584 -0.000648212 -0.000193113 0.000256584 0.00972047 -0.0180311 0.000253883 -0.000648212 -0.0180311 0.0891034 
0.0105072 -0.0189666 -0.000176716 0.000236071 -0.0189666 0.0914188 0.000234722 -0.000602992 -0.000176716 0.000234722 0.00971398 -0.018025 0.000236071 -0.000602992 -0.018025 0.0890972 
0.0105381 -0.0189963 -0.00017366 0.000218085 -0.0189963 0.0914812 0.000220777 -0.000557328 -0.00017366 0.000220777 0.00971555 -0.0180176 0.000218085 -0.000557328 -0.0180176 0.0890863 
0.0105557 -0.0190271 -0.000197541 0.000216354 -0.0190271 0.0915634 0.000225761 -0.000550963 -0.000197541 0.000225761 0.0097319 -0.0180273 0.000216354 -0.000550963 -0.0180273 0.0891002 
