0.00686777 0 4.14698e-05 0 0 0.00998341 0 0 4.14698e-05 0 0.00777289 0 0 0 0 0.00998341 
0.00979442 -0.0121785 5.25787e-05 -5.9151e-05 -0.0121785 0.032533 -5.9151e-05 0.000115016 5.25787e-05 -5.9151e-05 0.0108608 -0.0134864 -5.9151e-05 0.000115016 -0.0134864 0.035047 
0.00997986 -0.0187618 3.34614e-05 -4.8519e-05 -0.0187618 0.0692048 -4.8519e-05 0.000158942 3.34614e-05 -4.8519e-05 0.0107762 -0.0200902 -4.8519e-05 0.000158942 -0.0200902 0.0734243 
0.00942933 -0.0185694 5.49438e-05 -2.90879e-05 -0.0185694 0.0836148 -3.07039e-05 9.37277e-05 5.49438e-05 -3.07039e-05 0.0101598 -0.0195503 -2.90879e-05 9.37277e-05 -0.0195503 0.0869874 
0.009365 -0.0179005 7.05288e-05 -6.28626e-05 -0.0179005 0.0871475 -6.74623e-05 0.000136458 7.05288e-05 -6.74623e-05 0.0101822 -0.0187929 -6.28626e-05 0.000136458 -0.0187929 0.0895056 
0.0094759 -0.0177337 6.87295e-05 -8.04282e-05 -0.0177337 0.0880454 -9.06645e-05 0.00019449 6.87295e-05 -9.06645e-05 0.0103986 -0.0187705 -8.04282e-05 0.00019449 -0.0187705 0.0903545 
0.00955744 -0.0177491 6.22727e-05 -7.50103e-05 -0.0177491 0.0883097 -8.06714e-05 0.00019531 6.22727e-05 -8.06714e-05 0.0105354 -0.0189734 -7.50103e-05 0.00019531 -0.0189734 0.0911247 
0.00959802 -0.0177938 6.65086e-05 -7.34366e-05 -0.0177938 0.088419 -7.75934e-05 0.000189827 6.65086e-05 -7.75934e-05 0.0105763 -0.0190672 -7.34366e-05 0.000189827 -0.0190672 0.0915436 
0.00963369 -0.0178199 6.13351e-05 -8.99581e-05 -0.0178199 0.0884588 -8.45061e-05 0.000212628 6.13351e-05 -8.45061e-05 0.0105783 -0.0190847 -8.99581e-05 0.000212628 -0.0190847 0.0916959 
0.0096716 -0.0179009 5.81242e-05 -7.70484e-05 -0.0179009 0.0886313 -7.43449e-05 0.000200055 5.81242e-05 -7.43449e-05 0.0105516 -0.0190377 -7.70484e-05 0.000200055 -0.0190377 0.0915916 
0.00968698 -0.0179543 8.48553e-05 -8.88961e-05 -0.0179543 0.0887829 -8.48553e-05 0.000233015 8.48553e-05 -8.48553e-05 0.0105342 -0.0190089 -8.88961e-05 0.000233015 -0.0190089 0.0914889 
0.00969114 -0.0179699 8.62513e-05 -0.000119943 -0.0179699 0.0888752 -0.000118596 0.000291098 8.62513e-05 -0.000118596 0.0105065 -0.0189968 -0.000119943 0.000291098 -0.0189968 0.0914371 
0.00969522 -0.0179736 6.61836e-05 -0.000102652 -0.0179736 0.0889116 -0.000102652 0.000270137 6.61836e-05 -0.000102652 0.0104786 -0.0189744 -0.000102652 0.000270137 -0.0189744 0.0914117 
0.00970563 -0.0179933 5.8345e-05 -8.14117e-05 -0.0179933 0.0889721 -8.41254e-05 0.000232023 5.8345e-05 -8.41254e-05 0.0104383 -0.0189323 -8.14117e-05 0.000232023 -0.0189323 0.0913263 
0.00971243 -0.0180213 6.9229e-05 -7.60162e-05 -0.0180213 0.0890584 -7.73736e-05 0.000207687 6.9229e-05 -7.73736e-05 0.0104319 -0.0188737 -7.60162e-05 0.000207687 -0.0188737 0.0911923 
0.0097043 -0.017994 9.35844e-05 -8.6803e-05 -0.017994 0.0890259 -8.6803e-05 0.000214295 9.35844e-05 -8.6803e-05 0.0104394 -0.0188851 -8.6803e-05 0.000214295 -0.0188851 0.091177 
0.00970517 -0.0179741 0.000104328 -0.000109747 -0.0179741 0.0889494 -0.000113812 0.000241173 0.000104328 -0.000113812 0.0104355 -0.0188995 -0.000109747 0.000241173 -0.0188995 0.091204 
0.00967566 -0.0179846 0.000117847 -0.000119202 -0.0179846 0.0889503 -0.00012462 0.000285813 0.000117847 -0.00012462 0.0104654 -0.0188854 -0.000119202 0.000285813 -0.0188854 0.0911975 
0.00964234 -0.0179345 0.000123238 -0.000151677 -0.0179345 0.0888598 -0.000154386 0.000365651 0.000123238 -0.000154386 0.0104928 -0.0189353 -0.000151677 0.000365651 -0.0189353 0.0912786 
0.00963899 -0.0178876 0.000109549 -0.000158238 -0.0178876 0.088739 -0.000158238 0.000396271 0.000109549 -0.000158238 0.010491 -0.0189696 -0.000158238 0.000396271 -0.0189696 0.091375 
0.00963329 -0.0178748 9.45897e-05 -0.000132426 -0.0178748 0.0886549 -0.000133777 0.000352685 9.45897e-05 -0.000133777 0.0104859 -0.0189747 -0.000132426 0.000352685 -0.0189747 0.091425 
0.00964942 -0.017887 8.22547e-05 -0.000109223 -0.017887 0.0886652 -0.000113269 0.000308792 8.22547e-05 -0.000113269 0.0104706 -0.0189577 -0.000109223 0.000308792 -0.0189577 0.0914038 
0.00964717 -0.0179106 9.03621e-05 -9.71056e-05 -0.0179106 0.0887221 -0.000101152 0.000264343 9.03621e-05 -0.000101152 0.0104658 -0.0189356 -9.71056e-05 0.000264343 -0.0189356 0.0913494 
0.00967894 -0.017935 8.87606e-05 -9.68298e-05 -0.017935 0.0888198 -0.000104899 0.000243419 8.87606e-05 -0.000104899 0.0104643 -0.0189289 -9.68298e-05 0.000243419 -0.0189289 0.0913293 
0.00970889 -0.0179766 8.73827e-05 -0.000120991 -0.0179766 0.0889207 -0.000122336 0.000289035 8.73827e-05 -0.000122336 0.010459 -0.0189231 -0.000120991 0.000289035 -0.0189231 0.0913136 
0.00972418 -0.0180082 9.28676e-05 -0.000109019 -0.0180082 0.089017 -0.000104981 0.000277257 9.28676e-05 -0.000104981 0.0104429 -0.0189154 -0.000109019 0.000277257 -0.0189154 0.0912875 
0.00971915 -0.0180502 0.000103567 -0.000121052 -0.0180502 0.0891469 -0.000114327 0.00028111 0.000103567 -0.000114327 0.0104562 -0.0188841 -0.000121052 0.00028111 -0.0188841 0.0912074 
0.00970534 -0.0180161 0.000100957 -0.000135956 -0.0180161 0.0891141 -0.000129225 0.000310948 0.000100957 -0.000129225 0.0104565 -0.0189099 -0.000135956 0.000310948 -0.0189099 0.0912181 
0.00970337 -0.018003 8.63841e-05 -0.000105281 -0.018003 0.0890647 -9.98816e-05 0.000265901 8.63841e-05 -9.98816e-05 0.0104268 -0.0188992 -0.000105281 0.000265901 -0.0188992 0.0912054 
0.00968864 -0.017993 9.34596e-05 -0.000113777 -0.017993 0.0890223 -0.000109713 0.000276315 9.34596e-05 -0.000109713 0.0104133 -0.018868 -0.000113777 0.000276315 -0.018868 0.0911597 
0.00965785 -0.017974 8.55518e-05 -0.000118143 -0.017974 0.0889779 -0.000114069 0.000291962 8.55518e-05 -0.000114069 0.0104142 -0.0188377 -0.000118143 0.000291962 -0.0188377 0.0910719 
0.009644 -0.017926 7.61941e-05 -0.000110209 -0.017926 0.0888655 -0.000108849 0.000283007 7.61941e-05 -0.000108849 0.010391 -0.0188376 -0.000110209 0.000283007 -0.0188376 0.0910329 
0.00964865 -0.0178824 6.39434e-05 -0.0001102 -0.0178824 0.0887235 -0.000118363 0.00029931 6.39434e-05 -0.000118363 0.0103684 -0.0188347 -0.0001102 0.00029931 -0.0188347 0.0910472 
0.00965513 -0.0178905 4.49646e-05 -7.22159e-05 -0.0178905 0.0886771 -7.90288e-05 0.000230273 4.49646e-05 -7.90288e-05 0.010346 -0.0188061 -7.22159e-05 0.000230273 -0.0188061 0.0910003 
0.00965541 -0.0179223 4.0959e-05 -4.50549e-05 -0.0179223 0.0887473 -4.91509e-05 0.000141991 4.0959e-05 -4.91509e-05 0.0103394 -0.0187592 -4.50549e-05 0.000141991 -0.0187592 0.0908936 
0.00964678 -0.0179275 4.90792e-05 -5.45324e-05 -0.0179275 0.0887869 -5.58957e-05 0.000130878 4.90792e-05 -5.58957e-05 0.0103639 -0.0187551 -5.45324e-05 0.000130878 -0.0187551 0.0908564 
0.00962385 -0.0178996 5.05871e-05 -6.15248e-05 -0.0178996 0.0887325 -6.2892e-05 0.000146292 5.05871e-05 -6.2892e-05 0.0103813 -0.0187911 -6.15248e-05 0.000146292 -0.0187911 0.0908954 
0.0096139 -0.0178581 5.74127e-05 -5.46788e-05 -0.0178581 0.0886275 -6.01467e-05 0.000140798 5.74127e-05 -6.01467e-05 0.0103903 -0.0188286 -5.46788e-05 0.000140798 -0.0188286 0.0910019 
0.00961462 -0.0178345 6.82372e-05 -7.64257e-05 -0.0178345 0.0885296 -7.77904e-05 0.000174687 6.82372e-05 -7.77904e-05 0.0103884 -0.0188389 -7.64257e-05 0.000174687 -0.0188389 0.091053 
0.00961141 -0.0178583 5.43632e-05 -8.01857e-05 -0.0178583 0.0885726 -8.29039e-05 0.000190271 5.43632e-05 -8.29039e-05 0.0104092 -0.0188137 -8.01857e-05 0.000190271 -0.0188137 0.0910216 
0.00960901 -0.017849 4.19371e-05 -6.35821e-05 -0.017849 0.0885712 -6.35821e-05 0.000167748 4.19371e-05 -6.35821e-05 0.0104396 -0.0188568 -6.35821e-05 0.000167748 -0.0188568 0.0910834 
0.00962205 -0.0178512 3.91799e-05 -5.67433e-05 -0.0178512 0.0885628 -5.67433e-05 0.000152667 3.91799e-05 -5.67433e-05 0.0104516 -0.0188996 -5.67433e-05 0.000152667 -0.0188996 0.0911919 
0.00964558 -0.0178993 3.50994e-05 -5.12991e-05 -0.0178993 0.0886826 -4.85991e-05 0.000133648 3.50994e-05 -4.85991e-05 0.0104448 -0.0188875 -5.12991e-05 0.000133648 -0.0188875 0.0911949 
0.00964838 -0.0179105 3.9221e-05 -4.32784e-05 -0.0179105 0.0887261 -3.51637e-05 9.87288e-05 3.9221e-05 -3.51637e-05 0.0104382 -0.0188978 -4.32784e-05 9.87288e-05 -0.0188978 0.0912227 
0.00964885 -0.0179292 3.93332e-05 -4.88275e-05 -0.0179292 0.0887995 -4.06896e-05 0.000104437 3.93332e-05 -4.06896e-05 0.0104287 -0.0188786 -4.88275e-05 0.000104437 -0.0188786 0.0911826 
0.00962695 -0.0179003 4.74702e-05 -5.42516e-05 -0.0179003 0.0887502 -5.15391e-05 0.000128848 4.74702e-05 -5.15391e-05 0.0104353 -0.0188836 -5.42516e-05 0.000128848 -0.0188836 0.0911861 
0.00961824 -0.0178675 3.93467e-05 -6.37688e-05 -0.0178675 0.0886658 -5.69849e-05 0.000149246 3.93467e-05 -5.69849e-05 0.0104201 -0.018881 -6.37688e-05 0.000149246 -0.018881 0.0911813 
0.00960919 -0.017867 3.26288e-05 -5.846e-05 -0.017867 0.0886389 -5.03028e-05 0.00014683 3.26288e-05 -5.03028e-05 0.01041 -0.018854 -5.846e-05 0.00014683 -0.018854 0.0911282 
0.00962263 -0.0178517 4.49083e-05 -5.71561e-05 -0.0178517 0.0886001 -5.57952e-05 0.000155138 4.49083e-05 -5.57952e-05 0.0103847 -0.0188506 -5.71561e-05 0.000155138 -0.0188506 0.0911041 
0.00962944 -0.0178599 4.08662e-05 -6.12993e-05 -0.0178599 0.0885857 -5.99371e-05 0.000155292 4.08662e-05 -5.99371e-05 0.0103691 -0.0188257 -6.12993e-05 0.000155292 -0.0188257 0.0910649 
0.00963713 -0.0178816 2.85605e-05 -5.5761e-05 -0.0178816 0.0886341 -5.4401e-05 0.000142803 2.85605e-05 -5.4401e-05 0.0103661 -0.0187928 -5.5761e-05 0.000142803 -0.0187928 0.0909883 
0.00964946 -0.0178811 3.1325e-05 -2.45152e-05 -0.0178811 0.0886484 -2.72391e-05 8.17174e-05 3.1325e-05 -2.72391e-05 0.0103427 -0.0187923 -2.45152e-05 8.17174e-05 -0.0187923 0.0909405 
0.00963471 -0.0178848 3.95984e-05 -3.95984e-05 -0.0178848 0.0886391 -4.77912e-05 9.96788e-05 3.95984e-05 -4.77912e-05 0.0103325 -0.0187642 -3.95984e-05 9.96788e-05 -0.0187642 0.0908825 
0.00960005 -0.0178703 1.91536e-05 -3.6939e-05 -0.0178703 0.0886195 -4.37796e-05 8.75592e-05 1.91536e-05 -4.37796e-05 0.0103292 -0.0187404 -3.6939e-05 8.75592e-05 -0.0187404 0.0908112 
0.00959806 -0.0178273 -6.85086e-06 -1.64421e-05 -0.0178273 0.0885282 -2.19228e-05 5.75473e-05 -6.85086e-06 -2.19228e-05 0.0103078 -0.0187357 -1.64421e-05 5.75473e-05 -0.0187357 0.0907767 
0.00961819 -0.0178222 -1.7814e-05 6.85154e-06 -0.0178222 0.0884835 4.11092e-06 8.22185e-06 -1.7814e-05 4.11092e-06 0.0102677 -0.0187033 6.85154e-06 8.22185e-06 -0.0187033 0.090702 
0.00961888 -0.0178611 -2.88237e-05 2.05884e-05 -0.0178611 0.088556 2.05884e-05 -4.6667e-05 -2.88237e-05 2.05884e-05 0.0102544 -0.0186366 2.05884e-05 -4.6667e-05 -0.0186366 0.0905572 
0.00961738 -0.0178497 -1.91609e-05 3.28472e-05 -0.0178497 0.0885574 4.1059e-05 -8.48553e-05 -1.91609e-05 4.1059e-05 0.0102524 -0.0186339 3.28472e-05 -8.48553e-05 -0.0186339 0.0904872 
0.00965247 -0.0178658 1.36027e-06 6.80134e-06 -0.0178658 0.0885929 9.52188e-06 -2.99259e-05 1.36027e-06 9.52188e-06 0.0102551 -0.0186302 6.80134e-06 -2.99259e-05 -0.0186302 0.0904823 
0.00966924 -0.0179066 -1.35595e-06 0 -0.0179066 0.0886612 4.06784e-06 -2.5763e-05 -1.35595e-06 4.06784e-06 0.0102781 -0.0186497 0 -2.5763e-05 -0.0186497 0.090531 
0.00965278 -0.0179214 -1.35573e-06 1.35573e-06 -0.0179214 0.0887094 4.06718e-06 -1.89802e-05 -1.35573e-06 4.06718e-06 0.010313 -0.0186846 1.35573e-06 -1.89802e-05 -0.0186846 0.0906236 
0.00963579 -0.0178937 -1.90055e-05 1.08603e-05 -0.0178937 0.0886919 1.90055e-05 -4.34411e-05 -1.90055e-05 1.90055e-05 0.0103349 -0.0187367 1.08603e-05 -4.34411e-05 -0.0187367 0.0907526 
0.00961761 -0.0178802 -2.59014e-05 2.04485e-05 -0.0178802 0.0886579 3.13544e-05 -5.99823e-05 -2.59014e-05 3.13544e-05 0.0103333 -0.018754 2.04485e-05 -5.99823e-05 -0.018754 0.0908186 
0.00963548 -0.0178601 -2.59495e-05 1.22919e-05 -0.0178601 0.0886273 2.04865e-05 -3.41441e-05 -2.59495e-05 2.04865e-05 0.0103033 -0.0187492 1.22919e-05 -3.41441e-05 -0.0187492 0.090833 
0.00965345 -0.0178682 -2.31825e-05 2.04551e-05 -0.0178682 0.0885979 2.86372e-05 -3.95466e-05 -2.31825e-05 2.86372e-05 0.0102739 -0.0187164 2.04551e-05 -3.95466e-05 -0.0187164 0.0907839 
0.00964475 -0.0178918 -1.22724e-05 2.59084e-05 -0.0178918 0.0886259 2.59084e-05 -5.04533e-05 -1.22724e-05 2.59084e-05 0.0102706 -0.0186663 2.59084e-05 -5.04533e-05 -0.0186663 0.0906522 
0.00965013 -0.0178847 -1.22741e-05 1.9093e-05 -0.0178847 0.088646 1.50016e-05 -5.18238e-05 -1.22741e-05 1.50016e-05 0.0102475 -0.0186511 1.9093e-05 -5.18238e-05 -0.0186511 0.0905675 
0.00965542 -0.0178933 -1.50077e-05 1.36434e-05 -0.0178933 0.0886697 9.55037e-06 -3.00154e-05 -1.50077e-05 9.55037e-06 0.0102421 -0.0186314 1.36434e-05 -3.00154e-05 -0.0186314 0.0905198 
0.00964119 -0.0179148 -3.13291e-05 3.13291e-05 -0.0179148 0.0887158 2.45184e-05 -6.67446e-05 -3.13291e-05 2.45184e-05 0.0102719 -0.018619 3.13291e-05 -6.67446e-05 -0.018619 0.0904811 
0.00959943 -0.0178571 -3.40212e-05 3.40212e-05 -0.0178571 0.0886131 2.99387e-05 -6.25991e-05 -3.40212e-05 2.99387e-05 0.0103139 -0.018679 3.40212e-05 -6.25991e-05 -0.018679 0.0905918 
0.00959225 -0.0178006 -4.21428e-05 4.62211e-05 -0.0178006 0.0884646 4.35023e-05 -0.000110115 -4.21428e-05 4.35023e-05 0.0103236 -0.0187495 4.62211e-05 -0.000110115 -0.0187495 0.0907688 
0.00961104 -0.0178084 -5.96959e-05 8.00468e-05 -0.0178084 0.0884273 8.27602e-05 -0.000192655 -5.96959e-05 8.27602e-05 0.0103193 -0.0187567 8.00468e-05 -0.000192655 -0.0187567 0.0908545 
0.00965299 -0.0178681 -6.37564e-05 8.27477e-05 -0.0178681 0.0885644 8.27477e-05 -0.000217043 -6.37564e-05 8.27477e-05 0.010296 -0.0187227 8.27477e-05 -0.000217043 -0.0187227 0.0907905 
0.00964202 -0.0178866 -6.12322e-05 8.02822e-05 -0.0178866 0.0886138 8.43643e-05 -0.000210911 -6.12322e-05 8.43643e-05 0.0102924 -0.0187153 8.02822e-05 -0.000210911 -0.0187153 0.0907705 
0.00965267 -0.0178752 -3.95378e-05 6.54418e-05 -0.0178752 0.0886191 6.27151e-05 -0.000170421 -3.95378e-05 6.27151e-05 0.0102621 -0.0187082 6.54418e-05 -0.000170421 -0.0187082 0.0907433 
0.00965295 -0.0179007 -2.73377e-05 5.05748e-05 -0.0179007 0.0886699 4.37403e-05 -0.000132588 -2.73377e-05 4.37403e-05 0.0102407 -0.0186512 5.05748e-05 -0.000132588 -0.0186512 0.0906191 
0.00966366 -0.0178949 -1.9117e-05 3.27721e-05 -0.0178949 0.0886867 2.86756e-05 -8.87577e-05 -1.9117e-05 2.86756e-05 0.0102249 -0.0186255 3.27721e-05 -8.87577e-05 -0.0186255 0.0905397 
0.00966806 -0.0179323 2.74193e-06 1.37097e-05 -0.0179323 0.0887633 1.23387e-05 -3.70161e-05 2.74193e-06 1.23387e-05 0.0101986 -0.0185752 1.37097e-05 -3.70161e-05 -0.0185752 0.0903728 
0.00966117 -0.0179271 2.7466e-06 4.1199e-06 -0.0179271 0.0887701 -1.3733e-06 -1.09864e-05 2.7466e-06 -1.3733e-06 0.0101954 -0.0185547 4.1199e-06 -1.09864e-05 -0.0185547 0.0903027 
0.00966168 -0.0179014 1.78083e-05 -5.47947e-06 -0.0179014 0.0887045 -4.10961e-06 1.23288e-05 1.78083e-05 -4.10961e-06 0.0102014 -0.0185617 -5.47947e-06 1.23288e-05 -0.0185617 0.0903127 
0.00964953 -0.0178806 3.1521e-05 -2.32981e-05 -0.0178806 0.0886246 -2.32981e-05 5.20781e-05 3.1521e-05 -2.32981e-05 0.0102114 -0.0185864 -2.32981e-05 5.20781e-05 -0.0185864 0.0903679 
0.00963428 -0.0178685 2.33342e-05 -2.7452e-05 -0.0178685 0.0885863 -3.29424e-05 6.31396e-05 2.33342e-05 -3.29424e-05 0.0102231 -0.018596 -2.7452e-05 6.31396e-05 -0.018596 0.0904009 
0.00962073 -0.0178492 2.75153e-06 -1.37577e-05 -0.0178492 0.0885319 -1.7885e-05 3.57699e-05 2.75153e-06 -1.7885e-05 0.0102151 -0.0185976 -1.37577e-05 3.57699e-05 -0.0185976 0.0904002 
0.00961173 -0.0178337 8.25632e-06 4.12816e-06 -0.0178337 0.0884844 5.50421e-06 -1.37605e-06 8.25632e-06 5.50421e-06 0.0102089 -0.0185891 4.12816e-06 -1.37605e-06 -0.0185891 0.0903929 
0.00959867 -0.0178024 1.6476e-05 2.74601e-06 -0.0178024 0.088394 0 -9.61103e-06 1.6476e-05 0 0.0102193 -0.0186015 2.74601e-06 -9.61103e-06 -0.0186015 0.0904206 
0.00958987 -0.0178058 4.11347e-06 -1.7825e-05 -0.0178058 0.0883779 -2.19385e-05 3.01655e-05 4.11347e-06 -2.19385e-05 0.010222 -0.0185901 -1.7825e-05 3.01655e-05 -0.0185901 0.0903894 
0.00958765 -0.0177898 -9.59313e-06 -1.09636e-05 -0.0177898 0.0883445 -1.91863e-05 5.34474e-05 -9.59313e-06 -1.91863e-05 0.0102235 -0.0186011 -1.09636e-05 5.34474e-05 -0.0186011 0.0904152 
0.00961261 -0.0178211 -1.23046e-05 5.4687e-06 -0.0178211 0.0884262 4.10153e-06 1.91405e-05 -1.23046e-05 4.10153e-06 0.0102183 -0.0185813 5.4687e-06 1.91405e-05 -0.0185813 0.0903812 
0.00960835 -0.0178527 -9.56735e-06 9.56735e-06 -0.0178527 0.0885226 1.50344e-05 -9.56735e-06 -9.56735e-06 1.50344e-05 0.0102439 -0.0185812 9.56735e-06 -9.56735e-06 -0.0185812 0.0903691 
0.0096122 -0.0178307 -6.8249e-06 4.09494e-06 -0.0178307 0.0884958 8.18989e-06 -9.55487e-06 -6.8249e-06 8.18989e-06 0.0102592 -0.0186361 4.09494e-06 -9.55487e-06 -0.0186361 0.0904819 
0.00960069 -0.0178174 2.58815e-05 -1.90706e-05 -0.0178174 0.0884372 -9.5353e-06 3.95034e-05 2.58815e-05 -9.5353e-06 0.01029 -0.0186824 -1.90706e-05 3.95034e-05 -0.0186824 0.090629 
0.00959368 -0.0178309 5.86227e-05 -4.36262e-05 -0.0178309 0.088474 -4.49895e-05 9.8159e-05 5.86227e-05 -4.49895e-05 0.0103081 -0.0186952 -4.36262e-05 9.8159e-05 -0.0186952 0.0906825 
0.009592 -0.0178365 7.07796e-05 -6.66962e-05 -0.0178365 0.0885126 -7.21407e-05 0.000151087 7.07796e-05 -7.21407e-05 0.0103352 -0.018713 -6.66962e-05 0.000151087 -0.018713 0.0907299 
0.00959154 -0.0178132 7.19535e-05 -8.55296e-05 -0.0178132 0.0884702 -8.82448e-05 0.000200927 7.19535e-05 -8.82448e-05 0.0103559 -0.018769 -8.55296e-05 0.000200927 -0.018769 0.0908528 
0.00960748 -0.0178197 7.49414e-05 -7.76665e-05 -0.0178197 0.0884594 -8.03917e-05 0.000200298 7.49414e-05 -8.03917e-05 0.0103324 -0.0187803 -7.76665e-05 0.000200298 -0.0187803 0.0909039 
0.00961378 -0.0178251 6.00265e-05 -7.77616e-05 -0.0178251 0.0884667 -8.32185e-05 0.00019645 6.00265e-05 -8.32185e-05 0.0103109 -0.0187555 -7.77616e-05 0.00019645 -0.0187555 0.0908855 
0.00960888 -0.0178183 4.64659e-05 -7.78988e-05 -0.0178183 0.0884424 -7.92654e-05 0.000209097 4.64659e-05 -7.92654e-05 0.0102772 -0.0187271 -7.78988e-05 0.000209097 -0.0187271 0.0908136 
0.00963082 -0.0178435 5.8633e-05 -6.40873e-05 -0.0178435 0.0885018 -6.40873e-05 0.000186808 5.8633e-05 -6.40873e-05 0.0102512 -0.0186671 -6.40873e-05 0.000186808 -0.0186671 0.0906739 
0.00965435 -0.0178719 6.82865e-05 -8.6041e-05 -0.0178719 0.0885867 -8.33095e-05 0.000203494 6.82865e-05 -8.33095e-05 0.0102075 -0.0186176 -8.6041e-05 0.000203494 -0.0186176 0.0905056 
0.00966039 -0.0179025 4.77764e-05 -8.59976e-05 -0.0179025 0.0886607 -8.59976e-05 0.000219772 4.77764e-05 -8.59976e-05 0.0101941 -0.0185659 -8.59976e-05 0.000219772 -0.0185659 0.0903657 
0.00965199 -0.0179128 3.42318e-05 -5.75094e-05 -0.0179128 0.0887082 -5.88786e-05 0.000178005 3.42318e-05 -5.88786e-05 0.0101792 -0.0185399 -5.75094e-05 0.000178005 -0.0185399 0.0902513 
0.0096357 -0.0178904 2.46367e-05 -3.55864e-05 -0.0178904 0.08868 -3.83238e-05 0.000120446 2.46367e-05 -3.83238e-05 0.0101846 -0.0185323 -3.55864e-05 0.000120446 -0.0185323 0.0902184 
0.00962309 -0.0178535 2.32806e-05 -3.28667e-05 -0.0178535 0.0885839 -3.6975e-05 9.58611e-05 2.32806e-05 -3.6975e-05 0.0101832 -0.0185464 -3.28667e-05 9.58611e-05 -0.0185464 0.0902437 
0.00961983 -0.0178349 1.77993e-05 -3.83369e-05 -0.0178349 0.0885077 -4.24445e-05 0.000113642 1.77993e-05 -4.24445e-05 0.0101689 -0.01854 -3.83369e-05 0.000113642 -0.01854 0.0902397 
0.0095984 -0.0178148 0 -1.23638e-05 -0.0178148 0.0884283 -1.51113e-05 5.495e-05 0 -1.51113e-05 0.0101603 -0.0185305 -1.23638e-05 5.495e-05 -0.0185305 0.0902307 
0.00958867 -0.0178069 -4.13186e-06 5.50915e-06 -0.0178069 0.0884026 4.13186e-06 8.26372e-06 -4.13186e-06 4.13186e-06 0.0101396 -0.018497 5.50915e-06 8.26372e-06 -0.018497 0.0901545 
0.00958515 -0.0177871 -1.37362e-05 6.86812e-06 -0.0177871 0.0883556 9.61537e-06 -2.47252e-05 -1.37362e-05 9.61537e-06 0.0101305 -0.0184835 6.86812e-06 -2.47252e-05 -0.0184835 0.0901056 
0.00959908 -0.0177829 -1.37267e-05 9.60869e-06 -0.0177829 0.0883231 1.78447e-05 -2.47081e-05 -1.37267e-05 1.78447e-05 0.010118 -0.018472 9.60869e-06 -2.47081e-05 -0.018472 0.0900733 
0.00959972 -0.0177796 -9.62172e-06 8.24718e-06 -0.0177796 0.088293 1.37453e-05 -2.88651e-05 -9.62172e-06 1.37453e-05 0.0101083 -0.0184682 8.24718e-06 -2.88651e-05 -0.0184682 0.0900675 
0.00959056 -0.017779 -2.74919e-06 1.78698e-05 -0.017779 0.0882752 2.19936e-05 -5.08601e-05 -2.74919e-06 2.19936e-05 0.0101019 -0.0184567 1.78698e-05 -5.08601e-05 -0.0184567 0.0900553 
0.00958111 -0.0177778 -4.12032e-06 8.24064e-06 -0.0177778 0.0882778 9.61408e-06 -4.53235e-05 -4.12032e-06 9.61408e-06 0.0101003 -0.0184371 8.24064e-06 -4.53235e-05 -0.0184371 0.090007 
0.00959463 -0.017776 5.49363e-06 4.12022e-06 -0.017776 0.0882923 -1.37341e-06 -1.78543e-05 5.49363e-06 -1.37341e-06 0.0100808 -0.0184311 4.12022e-06 -1.78543e-05 -0.0184311 0.0899678 
0.00959768 -0.017792 5.50326e-06 -8.25489e-06 -0.017792 0.0883081 -1.23823e-05 1.65098e-05 5.50326e-06 -1.23823e-05 0.0100682 -0.018407 -8.25489e-06 1.65098e-05 -0.018407 0.0899219 
0.00958206 -0.0177876 9.64545e-06 -1.24013e-05 -0.0177876 0.0883206 -1.65351e-05 3.72039e-05 9.64545e-06 -1.65351e-05 0.0100657 -0.0183884 -1.24013e-05 3.72039e-05 -0.0183884 0.0898666 
0.00958646 -0.0177924 1.93081e-05 -1.65498e-05 -0.0177924 0.0883427 -1.37915e-05 3.99953e-05 1.93081e-05 -1.37915e-05 0.0100526 -0.0183689 -1.65498e-05 3.99953e-05 -0.0183689 0.0897936 
0.00960227 -0.0178038 1.51957e-05 -1.79585e-05 -0.0178038 0.0883738 -1.24328e-05 2.6247e-05 1.51957e-05 -1.24328e-05 0.0100347 -0.0183439 -1.79585e-05 2.6247e-05 -0.0183439 0.0897221 
0.00959314 -0.0178049 8.32136e-06 -2.35772e-05 -0.0178049 0.0883784 -2.08034e-05 4.85413e-05 8.32136e-06 -2.08034e-05 0.0100231 -0.0183264 -2.35772e-05 4.85413e-05 -0.0183264 0.0896654 
0.00958812 -0.0177807 6.94288e-06 -8.33146e-06 -0.0177807 0.0883273 -1.24972e-05 3.74916e-05 6.94288e-06 -1.24972e-05 0.0100116 -0.0183237 -8.33146e-06 3.74916e-05 -0.0183237 0.089659 
0.00958833 -0.0177858 1.25174e-05 -1.25174e-05 -0.0177858 0.0883144 -1.5299e-05 3.61614e-05 1.25174e-05 -1.5299e-05 0.0100042 -0.0182949 -1.25174e-05 3.61614e-05 -0.0182949 0.0895968 
0.00958778 -0.0177747 1.66599e-05 -1.80482e-05 -0.0177747 0.0882864 -2.22132e-05 4.72031e-05 1.66599e-05 -2.22132e-05 0.0100098 -0.0182926 -1.80482e-05 4.72031e-05 -0.0182926 0.0895748 
0.00957522 -0.0177603 1.66646e-05 -1.80533e-05 -0.0177603 0.0882267 -1.66646e-05 4.16616e-05 1.66646e-05 -1.66646e-05 0.0100127 -0.0183047 -1.80533e-05 4.16616e-05 -0.0183047 0.0895891 
0.00955051 -0.0177367 1.52986e-05 -1.80802e-05 -0.0177367 0.088159 -1.66894e-05 4.31143e-05 1.52986e-05 -1.66894e-05 0.0100331 -0.018325 -1.80802e-05 4.31143e-05 -0.018325 0.0896388 
0.00956868 -0.0177298 -5.55269e-06 -8.32904e-06 -0.0177298 0.0881532 -5.55269e-06 1.80463e-05 -5.55269e-06 -5.55269e-06 0.0100254 -0.0183308 -8.32904e-06 1.80463e-05 -0.0183308 0.0896607 
0.00958767 -0.0177188 -2.769e-06 2.35365e-05 -0.0177188 0.088093 2.4921e-05 -4.84575e-05 -2.769e-06 2.4921e-05 0.0100141 -0.0183433 2.35365e-05 -4.84575e-05 -0.0183433 0.0897073 
0.00959935 -0.0177584 -1.37961e-05 2.75923e-05 -0.0177584 0.0881545 3.03515e-05 -8.82952e-05 -1.37961e-05 3.03515e-05 0.0100146 -0.0183185 2.75923e-05 -8.82952e-05 -0.0183185 0.0896831 
0.0096 -0.0178142 -1.23605e-05 1.64807e-05 -0.0178142 0.0883131 2.19742e-05 -6.59227e-05 -1.23605e-05 2.19742e-05 0.0100464 -0.0183018 1.64807e-05 -6.59227e-05 -0.0183018 0.0896165 
0.00958643 -0.0178365 -1.6448e-05 -2.74133e-06 -0.0178365 0.0884435 6.85332e-06 -1.2336e-05 -1.6448e-05 6.85332e-06 0.0100908 -0.0183285 -2.74133e-06 -1.2336e-05 -0.0183285 0.0896305 
0.00958412 -0.0178075 -1.6477e-05 9.61158e-06 -0.0178075 0.0884266 1.09847e-05 -8.2385e-06 -1.6477e-05 1.09847e-05 0.0101086 -0.0184034 9.61158e-06 -8.2385e-06 -0.0184034 0.0897736 
0.00958594 -0.0177774 -1.64707e-05 2.4706e-05 -0.0177774 0.0883405 2.33335e-05 -4.80395e-05 -1.64707e-05 2.33335e-05 0.0101144 -0.0184513 2.4706e-05 -4.80395e-05 -0.0184513 0.0899505 
0.00958528 -0.0177568 -1.37522e-05 2.20035e-05 -0.0177568 0.088245 2.06283e-05 -6.32601e-05 -1.37522e-05 2.06283e-05 0.0100982 -0.0184733 2.20035e-05 -6.32601e-05 -0.0184733 0.0900686 
0.00960185 -0.0177795 -1.65288e-05 2.0661e-05 -0.0177795 0.088272 1.79062e-05 -6.1983e-05 -1.65288e-05 1.79062e-05 0.0100771 -0.0184434 2.0661e-05 -6.1983e-05 -0.0184434 0.0900502 
0.00959993 -0.0177816 -1.52051e-05 1.93519e-05 -0.0177816 0.0882682 1.65873e-05 -4.69975e-05 -1.52051e-05 1.65873e-05 0.0100602 -0.0184189 1.93519e-05 -4.69975e-05 -0.0184189 0.0899933 
0.00961242 -0.0178036 -4.14746e-06 -5.52994e-06 -0.0178036 0.0883242 0 4.14746e-06 -4.14746e-06 0 0.010041 -0.0183774 -5.52994e-06 4.14746e-06 -0.0183774 0.0898781 
0.00960948 -0.0178094 -6.91628e-06 -2.76651e-06 -0.0178094 0.0883513 0 1.24493e-05 -6.91628e-06 0 0.0100355 -0.0183475 -2.76651e-06 1.24493e-05 -0.0183475 0.0897858 
0.00958451 -0.0178071 8.28751e-06 -6.90626e-06 -0.0178071 0.0883587 -4.14376e-06 2.07188e-05 8.28751e-06 -4.14376e-06 0.0100679 -0.0183444 -6.90626e-06 2.07188e-05 -0.0183444 0.0897441 
0.00959589 -0.0177798 1.79259e-05 -1.24103e-05 -0.0177798 0.0883294 -1.24103e-05 3.3094e-05 1.79259e-05 -1.24103e-05 0.0100633 -0.0183768 -1.24103e-05 3.3094e-05 -0.0183768 0.0897704 
0.00958959 -0.0177763 6.897e-06 -1.93116e-05 -0.0177763 0.0882802 -1.79322e-05 4.41408e-05 6.897e-06 -1.79322e-05 0.0100655 -0.0183805 -1.93116e-05 4.41408e-05 -0.0183805 0.0898031 
0.00958145 -0.0177783 5.52165e-06 -4.14124e-06 -0.0177783 0.0882815 1.38041e-06 9.66289e-06 5.52165e-06 1.38041e-06 0.0100632 -0.0183747 -4.14124e-06 9.66289e-06 -0.0183747 0.0897959 
0.0095765 -0.0177762 4.15106e-06 -4.15106e-06 -0.0177762 0.0882986 4.15106e-06 -1.38369e-06 4.15106e-06 4.15106e-06 0.0100566 -0.0183643 -4.15106e-06 -1.38369e-06 -0.0183643 0.0897598 
0.00956818 -0.0177736 9.72376e-06 1.38911e-06 -0.0177736 0.0882945 4.16733e-06 -1.38911e-05 9.72376e-06 4.16733e-06 0.0100502 -0.0183585 1.38911e-06 -1.38911e-05 -0.0183585 0.0897364 
0.00955978 -0.017741 1.38971e-05 -4.16912e-06 -0.017741 0.0882088 -1.38971e-06 -1.66765e-05 1.38971e-05 -1.38971e-06 0.0100476 -0.0183677 -4.16912e-06 -1.66765e-05 -0.0183677 0.0897722 
0.00956741 -0.0177155 2.07506e-05 -1.1067e-05 -0.0177155 0.0881181 -1.79838e-05 1.52171e-05 2.07506e-05 -1.79838e-05 0.010053 -0.0183809 -1.1067e-05 1.52171e-05 -0.0183809 0.0898141 
0.00955658 -0.0177079 2.21089e-05 -2.21089e-05 -0.0177079 0.0880515 -3.03998e-05 4.83632e-05 2.21089e-05 -3.03998e-05 0.010072 -0.0183946 -2.21089e-05 4.83632e-05 -0.0183946 0.0898617 
0.00956439 -0.0177369 2.20283e-05 -4.40565e-05 -0.0177369 0.0881199 -5.09403e-05 0.000118402 2.20283e-05 -5.09403e-05 0.0100779 -0.0183812 -4.40565e-05 0.000118402 -0.0183812 0.089834 
0.00959919 -0.0177722 2.61296e-05 -4.12572e-05 -0.0177722 0.0882382 -4.26325e-05 0.000126522 2.61296e-05 -4.26325e-05 0.010064 -0.0183746 -4.12572e-05 0.000126522 -0.0183746 0.0897964 
0.00960027 -0.0177996 2.61738e-05 -4.1327e-05 -0.0177996 0.088309 -3.99495e-05 0.000121226 2.61738e-05 -3.99495e-05 0.0100631 -0.0183795 -4.1327e-05 0.000121226 -0.0183795 0.0898147 
0.00961489 -0.0178098 2.75459e-05 -3.03005e-05 -0.0178098 0.0883714 -3.30551e-05 8.81469e-05 2.75459e-05 -3.30551e-05 0.0100584 -0.0183814 -3.03005e-05 8.81469e-05 -0.0183814 0.0898203 
0.00964818 -0.0178192 1.10029e-05 -1.5129e-05 -0.0178192 0.0883919 -1.10029e-05 2.75073e-05 1.10029e-05 -1.10029e-05 0.010036 -0.0183831 -1.5129e-05 2.75073e-05 -0.0183831 0.0898333 
0.0096409 -0.0178603 5.50436e-06 4.12827e-06 -0.0178603 0.0884565 9.63264e-06 -2.88979e-05 5.50436e-06 9.63264e-06 0.01004 -0.0183502 4.12827e-06 -2.88979e-05 -0.0183502 0.0897762 
0.00960978 -0.0178357 -2.75668e-06 1.37834e-06 -0.0178357 0.0884425 9.64837e-06 -3.85935e-05 -2.75668e-06 9.64837e-06 0.0100508 -0.0183567 1.37834e-06 -3.85935e-05 -0.0183567 0.0897588 
