0.0077667 0 -0.000158357 0 0 0.00998909 0 0 -0.000158357 0 0.00686334 0 0 0 0 0.00998909 
0.0108667 -0.0134933 -0.000186905 0.000229533 -0.0134933 0.0350546 0.000229533 -0.00044431 -0.000186905 0.000229533 0.00977155 -0.0121439 0.000229533 -0.00044431 -0.0121439 0.0324691 
0.0107972 -0.0201621 -0.000131268 0.000242597 -0.0201621 0.0736448 0.000242597 -0.00078761 -0.000131268 0.000242597 0.00996808 -0.0186683 0.000242597 -0.00078761 -0.0186683 0.0688926 
0.0101626 -0.0196155 -0.000120696 0.000172193 -0.0196155 0.0872891 0.000170584 -0.000632448 -0.000120696 0.000170584 0.00943683 -0.0185228 0.000172193 -0.000632448 -0.0185228 0.0833158 
0.0101546 -0.0188244 -0.000130108 0.000148477 -0.0188244 0.089755 0.000154599 -0.000433185 -0.000130108 0.000154599 0.00939842 -0.017906 0.000148477 -0.000433185 -0.017906 0.0870196 
0.0103516 -0.018732 -0.00015051 0.000166584 -0.018732 0.0903969 0.000176813 -0.000409155 -0.00015051 0.000176813 0.00953476 -0.0178085 0.000166584 -0.000409155 -0.0178085 0.0881509 
0.0104954 -0.0189166 -0.00016238 0.000194856 -0.0189166 0.0910459 0.00020474 -0.000470197 -0.00016238 0.00020474 0.00961433 -0.0178265 0.000194856 -0.000470197 -0.0178265 0.0884888 
0.0105168 -0.0190191 -0.000164541 0.000212936 -0.0190191 0.0914394 0.000217084 -0.000529575 -0.000164541 0.000217084 0.00965679 -0.0178507 0.000212936 -0.000529575 -0.0178507 0.0885745 
0.0104943 -0.0189861 -0.000130117 0.000189012 -0.0189861 0.0914679 0.000189012 -0.000476638 -0.000130117 0.000189012 0.00966972 -0.0179027 0.000189012 -0.000476638 -0.0179027 0.0886588 
0.0104545 -0.0189278 -0.000118461 0.000166117 -0.0189278 0.0913155 0.000162032 -0.000435717 -0.000118461 0.000162032 0.00970288 -0.0179434 0.000166117 -0.000435717 -0.0179434 0.0887747 
0.0104357 -0.0188853 -0.000137116 0.000149334 -0.0188853 0.0911847 0.000150692 -0.000392341 -0.000137116 0.000150692 0.00969585 -0.0179649 0.000149334 -0.000392341 -0.0179649 0.088832 
0.010421 -0.0188556 -0.000151756 0.000162595 -0.0188556 0.0910791 0.00016666 -0.000399713 -0.000151756 0.00016666 0.00970558 -0.017983 0.000162595 -0.000399713 -0.017983 0.0889111 
0.0104221 -0.0188483 -0.000156142 0.000192801 -0.0188483 0.0910319 0.000194159 -0.000461636 -0.000156142 0.000194159 0.00966856 -0.0179766 0.000192801 -0.000461636 -0.0179766 0.0889016 
0.0104256 -0.0188507 -0.000156071 0.000192714 -0.0188507 0.0910207 0.000188643 -0.000472285 -0.000156071 0.000188643 0.00965199 -0.0179428 0.000192714 -0.000472285 -0.0179428 0.0888737 
0.0104235 -0.0188682 -0.000147726 0.000185673 -0.0188682 0.0910789 0.000182963 -0.00046215 -0.000147726 0.000182963 0.00964688 -0.0179005 0.000185673 -0.00046215 -0.0179005 0.0887763 
0.0104126 -0.018852 -0.000121801 0.000178641 -0.018852 0.0910743 0.000177287 -0.000446602 -0.000121801 0.000177287 0.00966284 -0.0179263 0.000178641 -0.000446602 -0.0179263 0.0888007 
0.0104089 -0.0188436 -0.000115172 0.000151757 -0.0188436 0.0910567 0.000155821 -0.000403781 -0.000115172 0.000155821 0.00967042 -0.0179452 0.000151757 -0.000403781 -0.0179452 0.0888372 
0.0103919 -0.0188691 -0.000109846 0.000136968 -0.0188691 0.0911312 0.00013968 -0.000359372 -0.000109846 0.00013968 0.00967049 -0.0179076 0.000136968 -0.000359372 -0.0179076 0.088754 
0.0103511 -0.018837 -9.50268e-05 0.000141183 -0.018837 0.0910982 0.00013711 -0.000351599 -9.50268e-05 0.00013711 0.00968731 -0.0179166 0.000141183 -0.000351599 -0.0179166 0.0887293 
0.010327 -0.0187788 -9.89856e-05 0.000127461 -0.0187788 0.0909759 0.000122037 -0.000330856 -9.89856e-05 0.000122037 0.00969381 -0.0179435 0.000127461 -0.000330856 -0.0179435 0.0887765 
0.0103328 -0.0187738 -0.000102545 0.000124133 -0.0187738 0.0909412 0.000118736 -0.000300889 -0.000102545 0.000118736 0.0097013 -0.0179332 0.000124133 -0.000300889 -0.0179332 0.0887743 
0.0103179 -0.018746 -0.000109808 0.000123365 -0.018746 0.0908493 0.000119298 -0.000294177 -0.000109808 0.000119298 0.00968888 -0.0179638 0.000123365 -0.000294177 -0.0179638 0.0888335 
0.0103347 -0.0187273 -0.000107597 0.000129388 -0.0187273 0.0907953 0.00013075 -0.000305084 -0.000107597 0.00013075 0.00965102 -0.0179727 0.000129388 -0.000305084 -0.0179727 0.0888994 
0.0103614 -0.0187453 -0.000106523 0.000136568 -0.0187453 0.0908026 0.000139299 -0.000333225 -0.000106523 0.000139299 0.00961301 -0.0179245 0.000136568 -0.000333225 -0.0179245 0.0888469 
0.0103866 -0.0187918 -9.15542e-05 0.000125716 -0.0187918 0.090901 0.000131182 -0.000321123 -9.15542e-05 0.000131182 0.00958996 -0.0178613 0.000125716 -0.000321123 -0.0178613 0.088701 
0.0103948 -0.0188003 -6.42162e-05 0.000106571 -0.0188003 0.0909287 0.000113403 -0.000284191 -6.42162e-05 0.000113403 0.00957777 -0.0178357 0.000106571 -0.000284191 -0.0178357 0.0886019 
0.0103904 -0.0188219 -4.35944e-05 6.94785e-05 -0.0188219 0.0909801 7.22031e-05 -0.000200262 -4.35944e-05 7.22031e-05 0.00958803 -0.0178097 6.94785e-05 -0.000200262 -0.0178097 0.0885142 
0.0103885 -0.0188195 -5.17656e-05 5.04034e-05 -0.0188195 0.0909876 5.31279e-05 -0.000136225 -5.17656e-05 5.31279e-05 0.00958209 -0.0178155 5.04034e-05 -0.000136225 -0.0178155 0.0884756 
0.0103784 -0.0188139 -7.22613e-05 5.59003e-05 -0.0188139 0.0909797 5.72637e-05 -0.000119981 -7.22613e-05 5.72637e-05 0.00958213 -0.0178131 5.59003e-05 -0.000119981 -0.0178131 0.0884601 
0.0103803 -0.0188049 -9.66936e-05 9.39699e-05 -0.0188049 0.0909655 9.66936e-05 -0.000198835 -9.66936e-05 9.66936e-05 0.00957948 -0.0178134 9.39699e-05 -0.000198835 -0.0178134 0.0884638 
0.010365 -0.0187989 -9.53289e-05 0.000126651 -0.0187989 0.0909492 0.00013346 -0.000292796 -9.53289e-05 0.00013346 0.0095969 -0.0178156 0.000126651 -0.000292796 -0.0178156 0.0884761 
0.0103546 -0.0187947 -8.29997e-05 0.00012518 -0.0187947 0.0909473 0.000123819 -0.000321114 -8.29997e-05 0.000123819 0.00961164 -0.0178245 0.00012518 -0.000321114 -0.0178245 0.0884886 
0.0103199 -0.018764 -6.26602e-05 0.00012532 -0.018764 0.0908709 0.00012532 -0.000336458 -6.26602e-05 0.00012532 0.00963605 -0.0178595 0.00012532 -0.000336458 -0.0178595 0.0885539 
0.010293 -0.0187177 -5.31481e-05 7.90407e-05 -0.0187177 0.0907687 8.04035e-05 -0.000248024 -5.31481e-05 8.04035e-05 0.00965114 -0.0178891 7.90407e-05 -0.000248024 -0.0178891 0.0886374 
0.0102826 -0.0186971 -5.45065e-05 6.26824e-05 -0.0186971 0.0907096 6.26824e-05 -0.000175783 -5.45065e-05 6.26824e-05 0.00965582 -0.0178972 6.26824e-05 -0.000175783 -0.0178972 0.0886725 
0.0102782 -0.0186795 -4.9067e-05 6.26967e-05 -0.0186795 0.0906526 6.40597e-05 -0.00015129 -4.9067e-05 6.40597e-05 0.0096512 -0.0179081 6.26967e-05 -0.00015129 -0.0179081 0.0886967 
0.0102712 -0.0186685 -3.41689e-05 5.19367e-05 -0.0186685 0.0906077 5.6037e-05 -0.000125741 -3.41689e-05 5.6037e-05 0.00964246 -0.0179004 5.19367e-05 -0.000125741 -0.0179004 0.088701 
0.0102739 -0.0186684 -2.31854e-05 3.27324e-05 -0.0186684 0.0906141 4.09155e-05 -9.41056e-05 -2.31854e-05 4.09155e-05 0.00964787 -0.017891 3.27324e-05 -9.41056e-05 -0.017891 0.0886829 
0.0102654 -0.0186615 -1.76989e-05 1.36146e-05 -0.0186615 0.0905927 2.04219e-05 -5.03739e-05 -1.76989e-05 2.04219e-05 0.00967315 -0.0179113 1.36146e-05 -5.03739e-05 -0.0179113 0.0887194 
0.0102852 -0.018674 -1.49533e-05 1.63127e-05 -0.018674 0.0906293 1.90315e-05 -2.71878e-05 -1.49533e-05 1.90315e-05 0.00968567 -0.017929 1.63127e-05 -2.71878e-05 -0.017929 0.0887629 
0.010304 -0.0186989 -1.76392e-05 2.57803e-05 -0.0186989 0.0906979 2.30666e-05 -4.47764e-05 -1.76392e-05 2.30666e-05 0.00969476 -0.0179445 2.57803e-05 -4.47764e-05 -0.0179445 0.0887942 
0.0103433 -0.0187325 -3.38547e-05 2.70838e-05 -0.0187325 0.0907795 2.43754e-05 -5.28134e-05 -3.38547e-05 2.43754e-05 0.00967298 -0.0179444 2.70838e-05 -5.28134e-05 -0.0179444 0.0887888 
0.0103532 -0.0187627 -5.69305e-05 7.04853e-05 -0.0187627 0.0908475 6.09969e-05 -0.000139615 -5.69305e-05 6.09969e-05 0.00965649 -0.017929 7.04853e-05 -0.000139615 -0.017929 0.0887776 
0.0103521 -0.0187829 -5.02397e-05 7.60385e-05 -0.0187829 0.0908972 6.78915e-05 -0.000176518 -5.02397e-05 6.78915e-05 0.0096406 -0.0179044 7.60385e-05 -0.000176518 -0.0179044 0.0887193 
0.0103363 -0.0187664 -4.21503e-05 5.84665e-05 -0.0187664 0.0908773 5.43874e-05 -0.000155004 -4.21503e-05 5.43874e-05 0.00963337 -0.0178894 5.84665e-05 -0.000155004 -0.0178894 0.0886923 
0.0103296 -0.0187647 -3.40014e-05 3.94417e-05 -0.0187647 0.0908886 3.80816e-05 -0.000110165 -3.40014e-05 3.80816e-05 0.00962377 -0.017863 3.94417e-05 -0.000110165 -0.017863 0.0886173 
0.0103622 -0.0187636 -3.65869e-05 4.20071e-05 -0.0187636 0.0908953 4.47173e-05 -0.000111116 -3.65869e-05 4.47173e-05 0.00959931 -0.017849 4.20071e-05 -0.000111116 -0.017849 0.0885592 
0.0103621 -0.0187844 -4.998e-05 4.18751e-05 -0.0187844 0.0909069 5.13308e-05 -0.000118871 -4.998e-05 5.13308e-05 0.00961642 -0.0178415 4.18751e-05 -0.000118871 -0.0178415 0.0885538 
0.0103491 -0.0187794 -6.34667e-05 5.80653e-05 -0.0187794 0.0909005 6.61674e-05 -0.000141787 -6.34667e-05 6.61674e-05 0.00964153 -0.0178773 5.80653e-05 -0.000141787 -0.0178773 0.0886224 
0.0103312 -0.0187651 -6.77099e-05 6.36473e-05 -0.0187651 0.0908762 7.31267e-05 -0.00015167 -6.77099e-05 7.31267e-05 0.00965002 -0.0178984 6.36473e-05 -0.00015167 -0.0178984 0.0886784 
0.0103019 -0.0187427 -7.05328e-05 7.73148e-05 -0.0187427 0.0908286 8.1384e-05 -0.000176332 -7.05328e-05 8.1384e-05 0.00966028 -0.0179058 7.73148e-05 -0.000176332 -0.0179058 0.0887207 
0.0102676 -0.0187 -6.92291e-05 0.000103165 -0.0187 0.0907377 0.000103165 -0.00024841 -6.92291e-05 0.000103165 0.00967986 -0.0179222 0.000103165 -0.00024841 -0.0179222 0.0887585 
0.0102384 -0.0186639 -4.89939e-05 8.16564e-05 -0.0186639 0.0906346 7.75736e-05 -0.000224555 -4.89939e-05 7.75736e-05 0.00968309 -0.0179304 8.16564e-05 -0.000224555 -0.0179304 0.0887701 
0.0102299 -0.0186295 -4.49757e-05 6.8145e-05 -0.0186295 0.0905497 6.54192e-05 -0.00019762 -4.49757e-05 6.54192e-05 0.00966977 -0.0179289 6.8145e-05 -0.00019762 -0.0179289 0.0887697 
0.0102403 -0.0186229 -4.63053e-05 5.58388e-05 -0.0186229 0.0905119 5.58388e-05 -0.000159345 -4.63053e-05 5.58388e-05 0.00964785 -0.0179052 5.58388e-05 -0.000159345 -0.0179052 0.0887251 
0.010257 -0.0186187 -5.73934e-05 6.96919e-05 -0.0186187 0.090467 6.83254e-05 -0.000173547 -5.73934e-05 6.83254e-05 0.00962569 -0.0179067 6.96919e-05 -0.000173547 -0.0179067 0.0887342 
0.0102715 -0.0186214 -7.8126e-05 7.94966e-05 -0.0186214 0.0904466 7.40141e-05 -0.00019463 -7.8126e-05 7.40141e-05 0.00959579 -0.0178881 7.94966e-05 -0.00019463 -0.0178881 0.0887141 
0.0102469 -0.0186433 -7.27609e-05 9.60993e-05 -0.0186433 0.0904624 8.78622e-05 -0.000215537 -7.27609e-05 8.78622e-05 0.00959895 -0.0178388 9.60993e-05 -0.000215537 -0.0178388 0.0886077 
0.0102321 -0.0186253 -8.50848e-05 9.74358e-05 -0.0186253 0.0904671 9.46911e-05 -0.000240159 -8.50848e-05 9.46911e-05 0.00960497 -0.0178253 9.74358e-05 -0.000240159 -0.0178253 0.0885156 
0.0102244 -0.0186133 -7.55022e-05 0.000107076 -0.0186133 0.0904571 0.000108449 -0.000264944 -7.55022e-05 0.000108449 0.00959427 -0.0178075 0.000107076 -0.000264944 -0.0178075 0.0884281 
0.0101763 -0.0185976 -5.36826e-05 9.63534e-05 -0.0185976 0.0904071 9.2224e-05 -0.000243637 -5.36826e-05 9.2224e-05 0.00960644 -0.0177924 9.63534e-05 -0.000243637 -0.0177924 0.0883699 
0.0101463 -0.0185427 -5.09794e-05 6.75132e-05 -0.0185427 0.0903051 6.47576e-05 -0.000188761 -5.09794e-05 6.47576e-05 0.00961994 -0.0178111 6.75132e-05 -0.000188761 -0.0178111 0.0883693 
0.0101413 -0.0184938 -5.22462e-05 5.91208e-05 -0.0184938 0.0901866 5.36211e-05 -0.000149864 -5.22462e-05 5.36211e-05 0.00962018 -0.0178297 5.91208e-05 -0.000149864 -0.0178297 0.0884158 
0.010137 -0.0184776 -7.15228e-05 7.97754e-05 -0.0184776 0.0900967 7.28982e-05 -0.000184309 -7.15228e-05 7.28982e-05 0.00962257 -0.0178408 7.97754e-05 -0.000184309 -0.0178408 0.0884627 
0.0101451 -0.0184727 -6.1869e-05 8.38669e-05 -0.0184727 0.0900607 8.66166e-05 -0.000200731 -6.1869e-05 8.66166e-05 0.00961857 -0.0178472 8.38669e-05 -0.000200731 -0.0178472 0.0884988 
0.0101681 -0.0184774 -6.98603e-05 7.12301e-05 -0.0184774 0.0900678 6.98603e-05 -0.000190404 -6.98603e-05 6.98603e-05 0.00961881 -0.0178555 7.12301e-05 -0.000190404 -0.0178555 0.0885377 
0.0101897 -0.0185211 -7.53781e-05 8.63422e-05 -0.0185211 0.0901467 8.49717e-05 -0.000209688 -7.53781e-05 8.49717e-05 0.00960865 -0.0178345 8.63422e-05 -0.000209688 -0.0178345 0.0884966 
0.0102058 -0.0185617 -6.44027e-05 7.81054e-05 -0.0185617 0.0902679 7.94757e-05 -0.000189097 -6.44027e-05 7.94757e-05 0.00958641 -0.0178067 7.81054e-05 -0.000189097 -0.0178067 0.0884222 
0.0102148 -0.0186017 -5.47713e-05 7.39412e-05 -0.0186017 0.0903945 7.66798e-05 -0.000173899 -5.47713e-05 7.66798e-05 0.00958497 -0.017776 7.39412e-05 -0.000173899 -0.017776 0.0883324 
0.0102093 -0.0186075 -6.43384e-05 7.25519e-05 -0.0186075 0.090442 7.66586e-05 -0.000190278 -6.43384e-05 7.66586e-05 0.00959601 -0.0177779 7.25519e-05 -0.000190278 -0.0177779 0.088312 
0.0102192 -0.0186013 -6.43835e-05 7.80821e-05 -0.0186013 0.0904547 7.94519e-05 -0.00019589 -6.43835e-05 7.94519e-05 0.00958903 -0.0177931 7.80821e-05 -0.00019589 -0.0177931 0.0883328 
0.0102231 -0.0185881 -7.25137e-05 8.61956e-05 -0.0185881 0.0904246 8.75638e-05 -0.00022575 -7.25137e-05 8.75638e-05 0.00960328 -0.0178206 8.61956e-05 -0.00022575 -0.0178206 0.0884243 
0.0102191 -0.0186009 -6.97225e-05 9.56976e-05 -0.0186009 0.0904274 9.02291e-05 -0.00023651 -6.97225e-05 9.02291e-05 0.00962444 -0.0178326 9.56976e-05 -0.00023651 -0.0178326 0.0884751 
0.0101932 -0.0185939 -7.53734e-05 9.86707e-05 -0.0185939 0.0904111 9.59298e-05 -0.000250788 -7.53734e-05 9.59298e-05 0.00965328 -0.0178635 9.86707e-05 -0.000250788 -0.0178635 0.0885528 
0.0101828 -0.0185805 -7.66657e-05 9.44631e-05 -0.0185805 0.0904053 9.99392e-05 -0.000246425 -7.66657e-05 9.99392e-05 0.00968041 -0.0178905 9.44631e-05 -0.000246425 -0.0178905 0.0886078 
0.0101989 -0.0185617 -8.33955e-05 9.29655e-05 -0.0185617 0.0903734 0.000101168 -0.000251554 -8.33955e-05 0.000101168 0.00967388 -0.0179136 9.29655e-05 -0.000251554 -0.0179136 0.0886659 
0.0102236 -0.0185572 -8.74632e-05 0.000116162 -0.0185572 0.0903195 0.000121629 -0.000292455 -8.74632e-05 0.000121629 0.00965785 -0.0179354 0.000116162 -0.000292455 -0.0179354 0.0887588 
0.0102557 -0.0185917 -0.000105207 0.000125702 -0.0185917 0.0903596 0.00012297 -0.00032382 -0.000105207 0.00012297 0.00963263 -0.0179181 0.000125702 -0.00032382 -0.0179181 0.0887459 
0.0102776 -0.0186682 -0.000106504 0.000132447 -0.0186682 0.0905378 0.000126985 -0.0003318 -0.000106504 0.000126985 0.00960856 -0.0178421 0.000132447 -0.0003318 -0.0178421 0.0885757 
0.0102953 -0.0186861 -9.43395e-05 0.000114848 -0.0186861 0.0906343 0.000109379 -0.000278917 -9.43395e-05 0.000109379 0.00958298 -0.0178151 0.000114848 -0.000278917 -0.0178151 0.0884645 
0.0102961 -0.0186966 -8.1823e-05 0.000110461 -0.0186966 0.0906667 0.00010637 -0.000259106 -8.1823e-05 0.00010637 0.0095842 -0.0177965 0.000110461 -0.000259106 -0.0177965 0.0884207 
0.0102724 -0.018683 -6.95092e-05 9.81306e-05 -0.018683 0.09064 0.000100856 -0.000243964 -6.95092e-05 0.000100856 0.00961544 -0.0178243 9.81306e-05 -0.000243964 -0.0178243 0.0884634 
0.0102736 -0.0186619 -6.82087e-05 9.54922e-05 -0.0186619 0.0906044 9.4128e-05 -0.000245551 -6.82087e-05 9.4128e-05 0.00960379 -0.017842 9.54922e-05 -0.000245551 -0.017842 0.0884954 
0.0102839 -0.0186721 -8.85255e-05 9.26113e-05 -0.0186721 0.0906215 9.39732e-05 -0.000238338 -8.85255e-05 9.39732e-05 0.00960569 -0.0178358 9.26113e-05 -0.000238338 -0.0178358 0.0885118 
0.0102747 -0.0186928 -0.000106333 0.000119965 -0.0186928 0.0906733 0.000117239 -0.000276738 -0.000106333 0.000117239 0.00962312 -0.0178326 0.000119965 -0.000276738 -0.0178326 0.0884948 
0.0102427 -0.0186742 -0.000110887 0.000145111 -0.0186742 0.0906495 0.000143742 -0.000338137 -0.000110887 0.000143742 0.00962801 -0.0178405 0.000145111 -0.000338137 -0.0178405 0.0884906 
0.0102161 -0.0186289 -0.000120869 0.000148339 -0.0186289 0.0905554 0.000144218 -0.000373594 -0.000120869 0.000144218 0.00962005 -0.017846 0.000148339 -0.000373594 -0.017846 0.0884965 
0.0102072 -0.0185995 -0.00010327 0.000144577 -0.0185995 0.0904724 0.000144577 -0.000364886 -0.00010327 0.000144577 0.00960269 -0.0178312 0.000144577 -0.000364886 -0.0178312 0.0884772 
0.0101885 -0.0185665 -8.81168e-05 0.000115653 -0.0185665 0.0903637 0.000114276 -0.000304278 -8.81168e-05 0.000114276 0.00961712 -0.0178354 0.000115653 -0.000304278 -0.0178354 0.0884981 
0.0101651 -0.0185398 -8.80098e-05 0.000104512 -0.0185398 0.0902705 0.000103136 -0.00026953 -8.80098e-05 0.000103136 0.00964257 -0.017855 0.000104512 -0.00026953 -0.017855 0.0885337 
0.0101925 -0.0185428 -0.000109656 0.000104173 -0.0185428 0.0902771 0.000104173 -0.000257692 -0.000109656 0.000104173 0.00963739 -0.0178575 0.000104173 -0.000257692 -0.0178575 0.0885198 
0.0102226 -0.0185487 -0.000116058 0.000133808 -0.0185487 0.0902737 0.000131077 -0.000296288 -0.000116058 0.000131077 0.00963005 -0.0178729 0.000133808 -0.000296288 -0.0178729 0.0885711 
0.0102289 -0.0185854 -0.00010773 0.000147276 -0.0185854 0.0903237 0.000144548 -0.000345007 -0.00010773 0.000144548 0.00964111 -0.0178749 0.000147276 -0.000345007 -0.0178749 0.0885946 
0.0102126 -0.0186003 -0.000118656 0.000159571 -0.0186003 0.0903759 0.000158207 -0.000411885 -0.000118656 0.000158207 0.0096602 -0.0178842 0.000159571 -0.000411885 -0.0178842 0.0886179 
0.0102254 -0.0186018 -0.000104995 0.000145902 -0.0186018 0.0904373 0.000147265 -0.000388617 -0.000104995 0.000147265 0.00964997 -0.0178914 0.000145902 -0.000388617 -0.0178914 0.0886265 
0.0102497 -0.0186229 -0.000111989 0.00013384 -0.0186229 0.0904826 0.000142034 -0.000364646 -0.000111989 0.000142034 0.00962282 -0.0178786 0.00013384 -0.000364646 -0.0178786 0.0886075 
0.0102626 -0.0186262 -0.000127239 0.000132712 -0.0186262 0.0904876 0.000138184 -0.000344777 -0.000127239 0.000138184 0.00961271 -0.0178737 0.000132712 -0.000344777 -0.0178737 0.0886282 
0.0102785 -0.0186477 -0.000136573 0.000159791 -0.0186477 0.090529 0.000157059 -0.000376943 -0.000136573 0.000157059 0.00961477 -0.0178583 0.000159791 -0.000376943 -0.0178583 0.088602 
0.0102653 -0.0186771 -0.000150138 0.000173341 -0.0186771 0.0906027 0.000170611 -0.000414926 -0.000150138 0.000170611 0.0096252 -0.017835 0.000173341 -0.000414926 -0.017835 0.0885281 
0.0102639 -0.0186852 -0.000147407 0.000185623 -0.0186852 0.0906634 0.000182894 -0.000446315 -0.000147407 0.000182894 0.00961147 -0.0178212 0.000185623 -0.000446315 -0.0178212 0.0884359 
0.0102409 -0.018674 -0.000157616 0.000194621 -0.018674 0.090655 0.00019325 -0.000483812 -0.000157616 0.00019325 0.00960359 -0.0178092 0.000194621 -0.000483812 -0.0178092 0.0883826 
0.0101863 -0.0186235 -0.000173396 0.000200919 -0.0186235 0.090547 0.000195414 -0.000502297 -0.000173396 0.000195414 0.0096276 -0.0178157 0.000200919 -0.000502297 -0.0178157 0.0884002 
0.0101333 -0.0185608 -0.000184192 0.000226804 -0.0185608 0.0904014 0.000221306 -0.000548454 -0.000184192 0.000221306 0.00965636 -0.0178282 0.000226804 -0.000548454 -0.0178282 0.0884234 
0.0100815 -0.0184779 -0.00015806 0.000230905 -0.0184779 0.0901988 0.000225408 -0.000571766 -0.00015806 0.000225408 0.00970489 -0.0178855 0.000230905 -0.000571766 -0.0178855 0.0885371 
0.010093 -0.018423 -0.000146911 0.000197713 -0.018423 0.0900389 0.000199086 -0.000528607 -0.000146911 0.000199086 0.00970439 -0.0179383 0.000197713 -0.000528607 -0.0179383 0.0886782 
0.0101135 -0.0184225 -0.000139762 0.000176758 -0.0184225 0.08996 0.000178128 -0.000465873 -0.000139762 0.000178128 0.00970386 -0.017958 0.000176758 -0.000465873 -0.017958 0.088783 
0.0101515 -0.0184361 -0.000130024 0.000168347 -0.0184361 0.0899564 0.000171085 -0.00043524 -0.000130024 0.000171085 0.00967792 -0.0179694 0.000168347 -0.00043524 -0.0179694 0.0888395 
0.0101878 -0.0185028 -0.000146478 0.000167013 -0.0185028 0.0900911 0.000169751 -0.000428484 -0.000146478 0.000169751 0.00964704 -0.0179224 0.000167013 -0.000428484 -0.0179224 0.0887659 
0.0102082 -0.01856 -0.000165776 0.000189066 -0.01856 0.0902436 0.000190437 -0.000465816 -0.000165776 0.000190437 0.00963691 -0.0178846 0.000189066 -0.000465816 -0.0178846 0.088679 
0.010225 -0.0185835 -0.000180901 0.000213792 -0.0185835 0.090345 0.000216533 -0.000527628 -0.000180901 0.000216533 0.00963435 -0.0178818 0.000213792 -0.000527628 -0.0178818 0.0886387 
0.0102342 -0.0186131 -0.000181972 0.000235332 -0.0186131 0.0904441 0.0002367 -0.000578753 -0.000181972 0.0002367 0.00963767 -0.017862 0.000235332 -0.000578753 -0.017862 0.0885861 
0.0102165 -0.0186138 -0.000172604 0.000234248 -0.0186138 0.0904553 0.000236988 -0.000593154 -0.000172604 0.000236988 0.00965622 -0.0178782 0.000234248 -0.000593154 -0.0178782 0.0885936 
0.0102151 -0.0186033 -0.000151668 0.00020769 -0.0186033 0.0904653 0.00020769 -0.00053972 -0.000151668 0.00020769 0.00967124 -0.0178927 0.00020769 -0.00053972 -0.0178927 0.0886152 
0.0102253 -0.0186037 -0.000158109 0.000193547 -0.0186037 0.0904654 0.000203088 -0.000519305 -0.000158109 0.000203088 0.00968006 -0.0179112 0.000193547 -0.000519305 -0.0179112 0.0886621 
0.0102303 -0.0186186 -0.000152244 0.000184868 -0.0186186 0.0904996 0.000188946 -0.000473044 -0.000152244 0.000188946 0.00970012 -0.0179227 0.000184868 -0.000473044 -0.0179227 0.0886971 
0.0102466 -0.0186429 -0.000151247 0.000193487 -0.0186429 0.0905574 0.000196212 -0.000480993 -0.000151247 0.000196212 0.00966482 -0.0179125 0.000193487 -0.000480993 -0.0179125 0.0886498 
0.0102335 -0.0186398 -0.000141924 0.000174675 -0.0186398 0.0905501 0.00017604 -0.000443512 -0.000141924 0.00017604 0.00965218 -0.0178988 0.000174675 -0.000443512 -0.0178988 0.08866 
0.0102437 -0.0186112 -0.000139073 0.000164978 -0.0186112 0.0904846 0.000164978 -0.000413128 -0.000139073 0.000164978 0.00964783 -0.0179131 0.000164978 -0.000413128 -0.0179131 0.0887093 
0.0102422 -0.0186221 -0.000145986 0.000176002 -0.0186221 0.0904691 0.000174638 -0.000425679 -0.000145986 0.000174638 0.00964055 -0.0178935 0.000176002 -0.000425679 -0.0178935 0.0886832 
0.0102325 -0.0186402 -0.000146042 0.000185624 -0.0186402 0.0905216 0.000184259 -0.00045587 -0.000146042 0.000184259 0.00964288 -0.0178636 0.000185624 -0.00045587 -0.0178636 0.0885916 
0.0102255 -0.0186181 -0.000142248 0.000192856 -0.0186181 0.0905015 0.000187385 -0.000489663 -0.000142248 0.000187385 0.00963597 -0.0178713 0.000192856 -0.000489663 -0.0178713 0.0885743 
0.0102262 -0.0186014 -0.000131333 0.000179214 -0.0186014 0.0904499 0.000171006 -0.000458296 -0.000131333 0.000171006 0.00964338 -0.0178804 0.000179214 -0.000458296 -0.0178804 0.0886181 
0.0102221 -0.0185971 -0.000113731 0.000143877 -0.0185971 0.0904151 0.000143877 -0.000379561 -0.000113731 0.000143877 0.00963154 -0.0178764 0.000143877 -0.000379561 -0.0178764 0.0886173 
0.0102179 -0.018573 -0.00010731 0.000138953 -0.018573 0.0903444 0.000137578 -0.000350823 -0.00010731 0.000137578 0.00962767 -0.0178947 0.000138953 -0.000350823 -0.0178947 0.0886715 
0.0102387 -0.0185848 -0.000120859 0.000146953 -0.0185848 0.090357 0.000151073 -0.000377683 -0.000120859 0.000151073 0.00962887 -0.0178843 0.000146953 -0.000377683 -0.0178843 0.088676 
0.0102805 -0.0186362 -0.000129684 0.000159716 -0.0186362 0.0904729 0.000162446 -0.000405433 -0.000129684 0.000162446 0.009628 -0.0178527 0.000159716 -0.000405433 -0.0178527 0.0886013 
0.0103017 -0.0186975 -0.000162113 0.000183909 -0.0186975 0.0906319 0.000185272 -0.000469991 -0.000162113 0.000185272 0.00962051 -0.017831 0.000183909 -0.000469991 -0.017831 0.0884918 
0.0103016 -0.0187111 -0.00017548 0.000182282 -0.0187111 0.0907125 0.000187723 -0.000457065 -0.00017548 0.000187723 0.00963646 -0.01785 0.000182282 -0.000457065 -0.01785 0.0885183 
0.0102949 -0.0187218 -0.000179325 0.000213289 -0.0187218 0.090755 0.000213289 -0.000505372 -0.000179325 0.000213289 0.00965233 -0.0178592 0.000213289 -0.000505372 -0.0178592 0.0885351 
0.010286 -0.0187095 -0.00016301 0.000217347 -0.0187095 0.0907506 0.000217347 -0.000533859 -0.00016301 0.000217347 0.0096543 -0.0178836 0.000217347 -0.000533859 -0.0178836 0.0885867 
0.0102687 -0.0186924 -0.000149235 0.000206216 -0.0186924 0.0907052 0.000206216 -0.000538604 -0.000149235 0.000206216 0.00968401 -0.0179069 0.000206216 -0.000538604 -0.0179069 0.0886702 
0.010257 -0.0186721 -0.000127501 0.000181756 -0.0186721 0.090653 0.000179044 -0.000484231 -0.000127501 0.000179044 0.00969819 -0.017941 0.000181756 -0.000484231 -0.017941 0.088754 
0.0102406 -0.0186461 -0.00010731 0.000154852 -0.0186461 0.0905869 0.000153493 -0.000412938 -0.00010731 0.000153493 0.00970404 -0.0179601 0.000154852 -0.000412938 -0.0179601 0.0888211 
0.0102418 -0.0186472 -0.000133311 0.000142833 -0.0186472 0.0905874 0.000145554 -0.000379528 -0.000133311 0.000145554 0.0096868 -0.0179453 0.000142833 -0.000379528 -0.0179453 0.0887959 
0.0102467 -0.0186442 -0.000164896 0.000173073 -0.0186442 0.0905731 0.000170348 -0.000415648 -0.000164896 0.000170348 0.00966348 -0.0179246 0.000173073 -0.000415648 -0.0179246 0.0887592 
0.0102256 -0.0186382 -0.000159967 0.000211921 -0.0186382 0.0905479 0.000206453 -0.000484001 -0.000159967 0.000206453 0.00965405 -0.0178971 0.000211921 -0.000484001 -0.0178971 0.0886912 
0.010184 -0.0185843 -0.000159039 0.000208396 -0.0185843 0.0904206 0.000202912 -0.000512764 -0.000159039 0.000202912 0.00966574 -0.0179097 0.000208396 -0.000512764 -0.0179097 0.0887027 
0.0101752 -0.0185496 -0.000147446 0.000204787 -0.0185496 0.0903259 0.000208882 -0.000528349 -0.000147446 0.000208882 0.00967275 -0.0179079 0.000204787 -0.000528349 -0.0179079 0.0886999 
0.0101978 -0.0185424 -0.000144554 0.00019092 -0.0185424 0.0902778 0.000196375 -0.000519575 -0.000144554 0.000196375 0.00964827 -0.0179096 0.00019092 -0.000519575 -0.0179096 0.0886741 
0.0101926 -0.0185588 -0.000135137 0.000177453 -0.0185588 0.0902785 0.000176088 -0.000462742 -0.000135137 0.000176088 0.00964661 -0.0178859 0.000177453 -0.000462742 -0.0178859 0.0886432 
0.0101826 -0.0185602 -0.000136956 0.000171194 -0.0185602 0.0902934 0.000172564 -0.000446475 -0.000136956 0.000172564 0.00963345 -0.0178741 0.000171194 -0.000446475 -0.0178741 0.0885883 
0.0101663 -0.0185323 -0.00014365 0.000162804 -0.0185323 0.0902493 0.000166908 -0.00041727 -0.00014365 0.000166908 0.00964098 -0.0178701 0.000162804 -0.00041727 -0.0178701 0.0885884 
0.010165 -0.0185357 -0.000154658 0.000179294 -0.0185357 0.0902452 0.000182031 -0.00043797 -0.000154658 0.000182031 0.00962577 -0.0178487 0.000179294 -0.00043797 -0.0178487 0.0885261 
0.0101675 -0.0185323 -0.000162648 0.000181783 -0.0185323 0.0902436 0.000177683 -0.000436006 -0.000162648 0.000177683 0.00961946 -0.0178298 0.000181783 -0.000436006 -0.0178298 0.0884668 
0.0101699 -0.0185305 -0.000143277 0.000196494 -0.0185305 0.0902536 0.000192401 -0.00046258 -0.000143277 0.000192401 0.00962276 -0.0178305 0.000196494 -0.00046258 -0.0178305 0.0884551 
0.010171 -0.0185291 -0.000136414 0.000182794 -0.0185291 0.0902498 0.000178702 -0.000469263 -0.000136414 0.000178702 0.00963625 -0.0178538 0.000182794 -0.000469263 -0.0178538 0.0885106 
0.0101714 -0.018538 -0.000151771 0.000184587 -0.018538 0.0902766 0.000181852 -0.000478559 -0.000151771 0.000181852 0.00964774 -0.0178721 0.000184587 -0.000478559 -0.0178721 0.0885648 
0.0101849 -0.0185469 -0.000171071 0.000205285 -0.0185469 0.0903242 0.000205285 -0.000515951 -0.000171071 0.000205285 0.00964841 -0.017879 0.000205285 -0.000515951 -0.017879 0.0885861 
0.0102017 -0.0185705 -0.000178351 0.000215394 -0.0185705 0.0903707 0.000214022 -0.000537798 -0.000178351 0.000214022 0.00963646 -0.017879 0.000215394 -0.000537798 -0.017879 0.0885981 
0.0102168 -0.0185797 -0.000170895 0.000217378 -0.0185797 0.0903978 0.000218745 -0.000546863 -0.000170895 0.000218745 0.00964803 -0.017881 0.000217378 -0.000546863 -0.017881 0.0886232 
