0.00685875 0 0.000242563 0 0 0.00998673 0 0 0.000242563 0 0.00774936 0 0 0 0 0.00998673 
0.00977646 -0.0121472 0.000290161 -0.000356107 -0.0121472 0.0324717 -0.000356107 0.000679241 0.000290161 -0.000356107 0.0108382 -0.0134562 -0.000356107 0.000679241 -0.0134562 0.0349859 
0.00997213 -0.0186621 0.000224582 -0.000350281 -0.0186621 0.068873 -0.000350281 0.00111118 0.000224582 -0.000350281 0.0107448 -0.0201001 -0.000350281 0.00111118 -0.0201001 0.0734586 
0.00947823 -0.0185529 0.000210699 -0.000277151 -0.0185529 0.083411 -0.000280392 0.000918973 0.000210699 -0.000280392 0.010086 -0.0195124 -0.000277151 0.000918973 -0.0195124 0.0869443 
0.00947079 -0.0180083 0.000237921 -0.000270155 -0.0180083 0.0872986 -0.00027783 0.000724508 0.000237921 -0.00027783 0.0100694 -0.0186683 -0.000270155 0.000724508 -0.0186683 0.0892556 
0.00957985 -0.0178569 0.00025939 -0.00030482 -0.0178569 0.0882688 -0.000309216 0.000707827 0.00025939 -0.000309216 0.0102862 -0.0186468 -0.00030482 0.000707827 -0.0186468 0.0900816 
0.00962449 -0.0178637 0.000243208 -0.000317166 -0.0178637 0.0885618 -0.000318588 0.00073958 0.000243208 -0.000318588 0.0104267 -0.0188266 -0.000317166 0.00073958 -0.0188266 0.0907521 
0.00966568 -0.0178731 0.000218882 -0.000312291 -0.0178731 0.0886348 -0.000309503 0.000777939 0.000218882 -0.000309503 0.0104492 -0.0189243 -0.000312291 0.000777939 -0.0189243 0.0911638 
0.00967573 -0.0178775 0.000234455 -0.000298896 -0.0178775 0.0885938 -0.000297525 0.000788372 0.000234455 -0.000297525 0.0104504 -0.0189182 -0.000298896 0.000788372 -0.0189182 0.0912674 
0.00969067 -0.0179254 0.000238787 -0.000294732 -0.0179254 0.088676 -0.000292003 0.000760026 0.000238787 -0.000292003 0.0104234 -0.0188778 -0.000294732 0.000760026 -0.0188778 0.0911703 
0.00970966 -0.0179565 0.000249245 -0.000294191 -0.0179565 0.088768 -0.000292829 0.000743649 0.000249245 -0.000292829 0.0103961 -0.0188487 -0.000294191 0.000743649 -0.0188487 0.0910766 
0.00971313 -0.0179791 0.000252043 -0.000306246 -0.0179791 0.0888478 -0.00030489 0.000752063 0.000252043 -0.00030489 0.0103961 -0.0188233 -0.000306246 0.000752063 -0.0188233 0.091024 
0.00971787 -0.0180031 0.000260855 -0.000314918 -0.0180031 0.0889381 -0.000314918 0.000778511 0.000260855 -0.000314918 0.0103991 -0.0188154 -0.000314918 0.000778511 -0.0188154 0.0909655 
0.00973343 -0.0179996 0.000233516 -0.000301006 -0.0179996 0.0889776 -0.000305055 0.000735642 0.000233516 -0.000305055 0.0103894 -0.0188311 -0.000301006 0.000735642 -0.0188311 0.0909916 
0.00976004 -0.018026 0.000229648 -0.000290437 -0.018026 0.0890238 -0.000286385 0.000725418 0.000229648 -0.000286385 0.0103612 -0.0188284 -0.000290437 0.000725418 -0.0188284 0.091019 
0.0097531 -0.0180513 0.000214398 -0.000273729 -0.0180513 0.0890886 -0.00027238 0.000687693 0.000214398 -0.00027238 0.0103828 -0.0188104 -0.000273729 0.000687693 -0.0188104 0.0910236 
0.00975071 -0.0180562 0.000202409 -0.000253686 -0.0180562 0.0891355 -0.000252336 0.000642311 0.000202409 -0.000252336 0.010393 -0.01882 -0.000253686 0.000642311 -0.01882 0.0910219 
0.00973341 -0.0180441 0.000199965 -0.000251307 -0.0180441 0.0891275 -0.000254009 0.000628267 0.000199965 -0.000254009 0.0104036 -0.0188359 -0.000251307 0.000628267 -0.0188359 0.0910582 
0.00971754 -0.0180159 0.000213751 -0.000246219 -0.0180159 0.0890718 -0.000251631 0.000623665 0.000213751 -0.000251631 0.0104088 -0.0188547 -0.000246219 0.000623665 -0.0188547 0.0911038 
0.00974016 -0.0180125 0.000222477 -0.000269957 -0.0180125 0.0890628 -0.00027674 0.000662005 0.000222477 -0.00027674 0.0103696 -0.0188441 -0.000269957 0.000662005 -0.0188441 0.0910841 
0.00975333 -0.0180308 0.000246645 -0.000277815 -0.0180308 0.0890633 -0.000277815 0.000685728 0.000246645 -0.000277815 0.0103537 -0.0188114 -0.000277815 0.000685728 -0.0188114 0.091046 
0.00975496 -0.0180604 0.000265773 -0.000291537 -0.0180604 0.0891384 -0.000287469 0.000694265 0.000265773 -0.000287469 0.0103679 -0.0187912 -0.000291537 0.000694265 -0.0187912 0.0909866 
0.00978031 -0.0180876 0.000277542 -0.000327635 -0.0180876 0.0892331 -0.000322219 0.000771702 0.000277542 -0.000322219 0.0103706 -0.0187835 -0.000327635 0.000771702 -0.0187835 0.0909322 
0.00977377 -0.0180788 0.000296993 -0.000357742 -0.0180788 0.08921 -0.000356392 0.00087478 0.000296993 -0.000356392 0.0103961 -0.0188172 -0.000357742 0.00087478 -0.0188172 0.0909987 
0.00977383 -0.0180798 0.000306826 -0.000373057 -0.0180798 0.089208 -0.000377112 0.000925885 0.000306826 -0.000377112 0.0104023 -0.0188448 -0.000373057 0.000925885 -0.0188448 0.0910706 
0.00978498 -0.0180795 0.000304596 -0.000383114 -0.0180795 0.0892074 -0.000391237 0.000969293 0.000304596 -0.000391237 0.0103942 -0.0188579 -0.000383114 0.000969293 -0.0188579 0.091127 
0.00977872 -0.0180705 0.000294393 -0.000382575 -0.0180705 0.0891752 -0.000393428 0.000980856 0.000294393 -0.000393428 0.0103838 -0.0188547 -0.000382575 0.000980856 -0.0188547 0.0911532 
0.00978243 -0.0180788 0.000273881 -0.000351164 -0.0180788 0.0891889 -0.000355232 0.000911128 0.000273881 -0.000355232 0.0103871 -0.0188408 -0.000351164 0.000911128 -0.0188408 0.0911359 
0.00979012 -0.0180826 0.000279294 -0.000337311 -0.0180826 0.0892081 -0.000341359 0.000872962 0.000279294 -0.000341359 0.0104067 -0.0188449 -0.000337311 0.000872962 -0.0188449 0.0911321 
0.00979943 -0.0180979 0.000284295 -0.000344927 -0.0180979 0.089235 -0.000350316 0.000865012 0.000284295 -0.000350316 0.0104233 -0.0188605 -0.000344927 0.000865012 -0.0188605 0.0911537 
0.00977739 -0.0180982 0.00029968 -0.000368525 -0.0180982 0.0892411 -0.000364475 0.000909838 0.00029968 -0.000364475 0.010424 -0.0188758 -0.000368525 0.000909838 -0.0188758 0.0911674 
0.00976094 -0.0180811 0.000308155 -0.000375733 -0.0180811 0.0892149 -0.000368975 0.000925816 0.000308155 -0.000368975 0.0104178 -0.0188772 -0.000375733 0.000925816 -0.0188772 0.09118 
0.00974887 -0.0180753 0.000318794 -0.000389036 -0.0180753 0.0892055 -0.000387685 0.000952328 0.000318794 -0.000387685 0.0104189 -0.0188561 -0.000389036 0.000952328 -0.0188561 0.0911398 
0.0097517 -0.0180452 0.000316534 -0.000403108 -0.0180452 0.0891369 -0.000404461 0.000998301 0.000316534 -0.000404461 0.0103821 -0.0188568 -0.000403108 0.000998301 -0.0188568 0.0911078 
0.00975421 -0.0180554 0.000304396 -0.000384216 -0.0180554 0.0891394 -0.000389627 0.000968657 0.000304396 -0.000389627 0.0103711 -0.0188103 -0.000384216 0.000968657 -0.0188103 0.0910321 
0.00975263 -0.0180447 0.000259422 -0.000348598 -0.0180447 0.0891113 -0.000349949 0.000879601 0.000259422 -0.000349949 0.0103728 -0.0188094 -0.000348598 0.000879601 -0.0188094 0.0910137 
0.00976811 -0.0180563 0.000236304 -0.000306519 -0.0180563 0.0891364 -0.00030922 0.000791279 0.000236304 -0.00030922 0.0103622 -0.0188003 -0.000306519 0.000791279 -0.0188003 0.0909769 
0.00980346 -0.018075 0.000248121 -0.000285878 -0.018075 0.0891778 -0.000288575 0.000726831 0.000248121 -0.000288575 0.0103415 -0.0187911 -0.000285878 0.000726831 -0.0187911 0.0909658 
0.00983039 -0.0181052 0.00024846 -0.00028762 -0.0181052 0.089231 -0.00028762 0.000691368 0.00024846 -0.00028762 0.0103098 -0.0187723 -0.00028762 0.000691368 -0.0187723 0.0909311 
0.00983849 -0.0181356 0.000258694 -0.000304744 -0.0181356 0.0893008 -0.000302035 0.000724613 0.000258694 -0.000302035 0.0102868 -0.018737 -0.000304744 0.000724613 -0.018737 0.0908651 
0.00980933 -0.018135 0.000262376 -0.000331351 -0.018135 0.0893091 -0.000324588 0.000791184 0.000262376 -0.000324588 0.0103124 -0.0187206 -0.000331351 0.000791184 -0.0187206 0.0908361 
0.00978869 -0.0181106 0.000259089 -0.000334656 -0.0181106 0.0892884 -0.00032656 0.000823146 0.000259089 -0.00032656 0.0103406 -0.0187421 -0.000334656 0.000823146 -0.0187421 0.0908376 
0.00978533 -0.0181027 0.000257473 -0.000328919 -0.0181027 0.0892785 -0.000328919 0.000831733 0.000257473 -0.000328919 0.0103609 -0.0187686 -0.000328919 0.000831733 -0.0187686 0.0908759 
0.00976047 -0.0180822 0.000261827 -0.00032256 -0.0180822 0.0892262 -0.00032256 0.00082057 0.000261827 -0.00032256 0.0103948 -0.0188124 -0.00032256 0.00082057 -0.0188124 0.0909888 
0.00974574 -0.0180505 0.000281996 -0.000319776 -0.0180505 0.0891554 -0.000327872 0.000813607 0.000281996 -0.000327872 0.010415 -0.0188573 -0.000319776 0.000813607 -0.0188573 0.0911051 
0.00975373 -0.0180362 0.000306407 -0.000349601 -0.0180362 0.0891064 -0.000355 0.000862529 0.000306407 -0.000355 0.0104043 -0.0188771 -0.000349601 0.000862529 -0.0188771 0.0911783 
0.00975502 -0.0180474 0.000299822 -0.000378154 -0.0180474 0.0891106 -0.000378154 0.000927828 0.000299822 -0.000378154 0.0103979 -0.0188577 -0.000378154 0.000927828 -0.0188577 0.0911675 
0.0097518 -0.0180719 0.000291461 -0.000357579 -0.0180719 0.0891763 -0.000360278 0.000908117 0.000291461 -0.000360278 0.0104035 -0.0188343 -0.000357579 0.000908117 -0.0188343 0.0910991 
0.00975889 -0.0180621 0.000282788 -0.000346079 -0.0180621 0.0891901 -0.000344732 0.000861831 0.000282788 -0.000344732 0.0104066 -0.0188418 -0.000346079 0.000861831 -0.0188418 0.0910901 
0.00974054 -0.0180452 0.00027421 -0.000352556 -0.0180452 0.0891197 -0.000349854 0.000867207 0.00027421 -0.000349854 0.0103984 -0.0188557 -0.000352556 0.000867207 -0.0188557 0.0911107 
0.00972852 -0.0180347 0.000277687 -0.000349479 -0.0180347 0.0890927 -0.000344061 0.000873697 0.000277687 -0.000344061 0.0103787 -0.0188366 -0.000349479 0.000873697 -0.0188366 0.091084 
0.00972584 -0.0180197 0.000275285 -0.000336309 -0.0180197 0.0890582 -0.000337665 0.000852977 0.000275285 -0.000337665 0.0103496 -0.0188008 -0.000336309 0.000852977 -0.0188008 0.0909946 
0.0097346 -0.0180108 0.000275149 -0.000337499 -0.0180108 0.0890305 -0.000337499 0.000843069 0.000275149 -0.000337499 0.0103242 -0.0187657 -0.000337499 0.000843069 -0.0187657 0.090905 
0.00972797 -0.0180169 0.000275077 -0.0003347 -0.0180169 0.0890193 -0.000333345 0.000833362 0.000275077 -0.000333345 0.0103093 -0.018731 -0.0003347 0.000833362 -0.018731 0.0908134 
0.0097343 -0.0180213 0.000271037 -0.000349638 -0.0180213 0.0890371 -0.000348283 0.000867319 0.000271037 -0.000348283 0.0102913 -0.018707 -0.000349638 0.000867319 -0.018707 0.0907229 
0.00975298 -0.0180361 0.000261216 -0.000350544 -0.0180361 0.0890761 -0.000343777 0.000887865 0.000261216 -0.000343777 0.0102876 -0.0186831 -0.000350544 0.000887865 -0.0186831 0.0906651 
0.00975987 -0.0180516 0.000249872 -0.000324158 -0.0180516 0.0891219 -0.000316054 0.000830656 0.000249872 -0.000316054 0.010288 -0.0186715 -0.000324158 0.000830656 -0.0186715 0.0906252 
0.00974556 -0.0180342 0.00024597 -0.000310841 -0.0180342 0.0890696 -0.000305436 0.000787916 0.00024597 -0.000305436 0.0102983 -0.0187005 -0.000310841 0.000787916 -0.0187005 0.0906927 
0.00971505 -0.0180056 0.000241722 -0.000300116 -0.0180056 0.0889917 -0.000298758 0.00074961 0.000241722 -0.000298758 0.0102963 -0.0187212 -0.000300116 0.00074961 -0.0187212 0.0907612 
0.00969094 -0.0179811 0.000230056 -0.000302204 -0.0179811 0.0889295 -0.000304926 0.000752787 0.000230056 -0.000304926 0.0102981 -0.0187135 -0.000302204 0.000752787 -0.0187135 0.0907754 
0.00967719 -0.0179212 0.000238859 -0.00029209 -0.0179212 0.0887817 -0.000296185 0.000742509 0.000238859 -0.000296185 0.0102832 -0.0187306 -0.00029209 0.000742509 -0.0187306 0.0908072 
0.00969856 -0.0179173 0.000227235 -0.000284728 -0.0179173 0.088723 -0.000288835 0.000714559 0.000227235 -0.000288835 0.0102324 -0.0186908 -0.000284728 0.000714559 -0.0186908 0.0907352 
0.00972871 -0.0179345 0.000217165 -0.000273163 -0.0179345 0.0887343 -0.000274529 0.000688371 0.000217165 -0.000274529 0.010204 -0.0186407 -0.000273163 0.000688371 -0.0186407 0.0906342 
0.00974418 -0.0179769 0.000215145 -0.000262804 -0.0179769 0.088802 -0.000266889 0.000665861 0.000215145 -0.000266889 0.0101963 -0.0185951 -0.000262804 0.000665861 -0.0185951 0.0905109 
0.00974304 -0.0180072 0.000198449 -0.000256896 -0.0180072 0.088897 -0.000259615 0.000646998 0.000198449 -0.000259615 0.0101916 -0.0185631 -0.000256896 0.000646998 -0.0185631 0.0903786 
0.00974679 -0.0180139 0.000202266 -0.000260638 -0.0180139 0.0889578 -0.000257923 0.000658383 0.000202266 -0.000257923 0.010188 -0.0185555 -0.000260638 0.000658383 -0.0185555 0.0903193 
0.00973498 -0.018028 0.000206376 -0.000267474 -0.018028 0.0890011 -0.000264759 0.0006843 0.000206376 -0.000264759 0.0101885 -0.018544 -0.000267474 0.0006843 -0.018544 0.0902787 
0.00971922 -0.0180144 0.000217615 -0.000265218 -0.0180144 0.0889963 -0.000258418 0.000673246 0.000217615 -0.000258418 0.0101953 -0.0185544 -0.000265218 0.000673246 -0.0185544 0.0902884 
0.0096973 -0.0179898 0.000208882 -0.000278509 -0.0179898 0.0889495 -0.000271683 0.00068535 0.000208882 -0.000271683 0.010197 -0.0185645 -0.000278509 0.00068535 -0.0185645 0.0903147 
0.00967884 -0.0179514 0.000203234 -0.000267341 -0.0179514 0.0888636 -0.000263249 0.000675172 0.000203234 -0.000263249 0.0102108 -0.0185816 -0.000267341 0.000675172 -0.0185816 0.0903694 
0.009678 -0.0179184 0.000208878 -0.00025666 -0.0179184 0.088758 -0.000249834 0.000653937 0.000208878 -0.000249834 0.0102091 -0.0186024 -0.00025666 0.000653937 -0.0186024 0.0904277 
0.00967112 -0.0178994 0.000211016 -0.000269936 -0.0178994 0.0886679 -0.000269936 0.000676896 0.000211016 -0.000269936 0.010185 -0.0185982 -0.000269936 0.000676896 -0.0185982 0.0904437 
0.00968849 -0.0179124 0.000189593 -0.000251417 -0.0179124 0.0886843 -0.000256913 0.000638847 0.000189593 -0.000256913 0.0101515 -0.0185513 -0.000251417 0.000638847 -0.0185513 0.0903508 
0.00970255 -0.0179184 0.000174018 -0.000230198 -0.0179184 0.0886905 -0.000226087 0.000591937 0.000174018 -0.000226087 0.010141 -0.0185254 -0.000230198 0.000591937 -0.0185254 0.0902909 
0.00968016 -0.0179335 0.000157168 -0.000203635 -0.0179335 0.0887081 -0.000206368 0.000527536 0.000157168 -0.000206368 0.0101694 -0.0185089 -0.000203635 0.000527536 -0.0185089 0.0902388 
0.00966259 -0.0179118 0.000169663 -0.000209342 -0.0179118 0.0886777 -0.000209342 0.000528145 0.000169663 -0.000209342 0.0101812 -0.0185412 -0.000209342 0.000528145 -0.0185412 0.0902539 
0.00964377 -0.0179032 0.000173897 -0.00020676 -0.0179032 0.0886794 -0.00020676 0.000510738 0.000173897 -0.00020676 0.0101983 -0.0185386 -0.00020676 0.000510738 -0.0185386 0.0902582 
0.00963224 -0.0178828 0.0001763 -0.0002132 -0.0178828 0.0886486 -0.000215933 0.000522065 0.0001763 -0.000215933 0.0102185 -0.0185716 -0.0002132 0.000522065 -0.0185716 0.0903173 
0.00964561 -0.0178696 0.000175995 -0.000216924 -0.0178696 0.0886032 -0.000221017 0.00053617 0.000175995 -0.000221017 0.0102186 -0.0185927 -0.000216924 0.00053617 -0.0185927 0.0903754 
0.009677 -0.0179016 0.000178824 -0.000218412 -0.0179016 0.0886587 -0.000226602 0.000552854 0.000178824 -0.000226602 0.0101998 -0.0185855 -0.000218412 0.000552854 -0.0185855 0.0903719 
0.00970217 -0.0179393 0.00018126 -0.000218057 -0.0179393 0.0887533 -0.000220783 0.000549231 0.00018126 -0.000220783 0.0101983 -0.0185744 -0.000218057 0.000549231 -0.0185744 0.0903792 
0.00969727 -0.0179517 0.000178645 -0.000229102 -0.0179517 0.0887892 -0.000222283 0.00055639 0.000178645 -0.000222283 0.0102196 -0.0185968 -0.000229102 0.00055639 -0.0185968 0.0904283 
0.00971199 -0.0179574 0.000174304 -0.00022605 -0.0179574 0.0888282 -0.000220603 0.000563764 0.000174304 -0.000220603 0.0102267 -0.0186097 -0.00022605 0.000563764 -0.0186097 0.0904705 
0.00971364 -0.0179739 0.00017963 -0.000213651 -0.0179739 0.0888571 -0.000209569 0.000536169 0.00017963 -0.000209569 0.0102362 -0.0186189 -0.000213651 0.000536169 -0.0186189 0.0904901 
0.00970082 -0.0179618 0.000189171 -0.000231361 -0.0179618 0.0888385 -0.000225917 0.00056071 0.000189171 -0.000225917 0.0102466 -0.0186368 -0.000231361 0.00056071 -0.0186368 0.0905342 
0.009692 -0.0179837 0.000205489 -0.000247675 -0.0179837 0.0888991 -0.000247675 0.000616467 0.000205489 -0.000247675 0.010254 -0.0186192 -0.000247675 0.000616467 -0.0186192 0.0904927 
0.00970542 -0.0179621 0.000209098 -0.000260694 -0.0179621 0.0888762 -0.000260694 0.00064223 0.000209098 -0.000260694 0.0102621 -0.0186518 -0.000260694 0.00064223 -0.0186518 0.0905531 
0.00971457 -0.01796 0.000212777 -0.00025208 -0.01796 0.0888487 -0.00025208 0.000634266 0.000212777 -0.00025208 0.0102635 -0.0186661 -0.00025208 0.000634266 -0.0186661 0.0906119 
0.00972621 -0.0179814 0.000219236 -0.000257128 -0.0179814 0.0888852 -0.000257128 0.000623874 0.000219236 -0.000257128 0.0102675 -0.0186662 -0.000257128 0.000623874 -0.0186662 0.0906336 
0.00972771 -0.0179963 0.000232324 -0.000278517 -0.0179963 0.0889107 -0.000283951 0.00067795 0.000232324 -0.000283951 0.0102372 -0.0186579 -0.000278517 0.00067795 -0.0186579 0.0906008 
0.00974796 -0.0179964 0.000231317 -0.000288466 -0.0179964 0.0889331 -0.000293908 0.000717082 0.000231317 -0.000293908 0.0101997 -0.0186332 -0.000288466 0.000717082 -0.0186332 0.0905619 
0.00975383 -0.0180171 0.000223443 -0.000302466 -0.0180171 0.0889548 -0.000302466 0.000758889 0.000223443 -0.000302466 0.0101762 -0.0185853 -0.000302466 0.000758889 -0.0185853 0.0904644 
0.00972888 -0.0180152 0.000202173 -0.000277305 -0.0180152 0.0889629 -0.000278671 0.000719899 0.000202173 -0.000278671 0.0101797 -0.0185562 -0.000277305 0.000719899 -0.0185562 0.090374 
0.00973373 -0.017999 0.000192788 -0.000243378 -0.017999 0.0889641 -0.000248847 0.000645361 0.000192788 -0.000248847 0.0101644 -0.0185377 -0.000243378 0.000645361 -0.0185377 0.0902903 
0.00972614 -0.0179921 0.000194331 -0.000239493 -0.0179921 0.0889353 -0.00024223 0.00061447 0.000194331 -0.00024223 0.0101613 -0.0185299 -0.000239493 0.00061447 -0.0185299 0.0902546 
0.00974196 -0.0179984 0.000192518 -0.000233479 -0.0179984 0.0889406 -0.000238941 0.000589842 0.000192518 -0.000238941 0.010157 -0.0185254 -0.000233479 0.000589842 -0.0185254 0.090235 
0.00974717 -0.018024 0.000213172 -0.000230937 -0.018024 0.0889886 -0.000236403 0.000583491 0.000213172 -0.000236403 0.0101735 -0.0185241 -0.000230937 0.000583491 -0.0185241 0.0902334 
0.00973502 -0.0180155 0.00022967 -0.000254278 -0.0180155 0.0889904 -0.000255645 0.000602885 0.00022967 -0.000255645 0.0102012 -0.0185514 -0.000254278 0.000602885 -0.0185514 0.0902837 
0.00971137 -0.0180035 0.000242476 -0.000301383 -0.0180035 0.0889599 -0.000301383 0.000719209 0.000242476 -0.000301383 0.0102169 -0.0185707 -0.000301383 0.000719209 -0.0185707 0.0903299 
0.00969275 -0.0179578 0.000232473 -0.000307685 -0.0179578 0.0888717 -0.000302215 0.000763058 0.000232473 -0.000302215 0.0102343 -0.0186047 -0.000307685 0.000763058 -0.0186047 0.0904142 
0.00969841 -0.0179407 0.000204896 -0.00029505 -0.0179407 0.0887964 -0.000289586 0.000749919 0.000204896 -0.000289586 0.0102407 -0.0186278 -0.00029505 0.000749919 -0.0186278 0.0904957 
0.00971543 -0.0179395 0.000200389 -0.000261732 -0.0179395 0.0887653 -0.000256279 0.000689773 0.000200389 -0.000256279 0.0102307 -0.0186402 -0.000261732 0.000689773 -0.0186402 0.0905483 
0.00973646 -0.0179569 0.000207043 -0.000249269 -0.0179569 0.0887791 -0.000251993 0.000642922 0.000207043 -0.000251993 0.0102255 -0.0186447 -0.000249269 0.000642922 -0.0186447 0.0905826 
0.00974193 -0.0180029 0.000217788 -0.000251818 -0.0180029 0.0888807 -0.000253179 0.00062478 0.000217788 -0.000253179 0.0102292 -0.0186168 -0.000251818 0.00062478 -0.0186168 0.0905359 
0.00974427 -0.0180066 0.000232492 -0.000292315 -0.0180066 0.0889303 -0.000296393 0.000723309 0.000232492 -0.000296393 0.010231 -0.0186238 -0.000292315 0.000723309 -0.0186238 0.0905115 
0.00973499 -0.0180097 0.000229059 -0.000302684 -0.0180097 0.0889524 -0.000302684 0.000764892 0.000229059 -0.000302684 0.0102231 -0.018611 -0.000302684 0.000764892 -0.018611 0.0904781 
0.0097212 -0.0179992 0.000228734 -0.000283195 -0.0179992 0.088949 -0.000280472 0.000728409 0.000228734 -0.000280472 0.010229 -0.0186092 -0.000283195 0.000728409 -0.0186092 0.0904739 
0.009701 -0.0179684 0.00023214 -0.000275581 -0.0179684 0.0888824 -0.000270151 0.000681487 0.00023214 -0.000270151 0.010263 -0.0186404 -0.000275581 0.000681487 -0.0186404 0.090544 
0.00970099 -0.0179602 0.000238493 -0.000288631 -0.0179602 0.088851 -0.000284566 0.000700574 0.000238493 -0.000284566 0.010285 -0.0186784 -0.000288631 0.000700574 -0.0186784 0.0906275 
0.00971702 -0.0179747 0.000219303 -0.000272098 -0.0179747 0.0888786 -0.000272098 0.0006728 0.000219303 -0.000272098 0.0102964 -0.0186976 -0.000272098 0.0006728 -0.0186976 0.0906913 
0.00971898 -0.0180062 0.000218084 -0.000270912 -0.0180062 0.0889649 -0.000274976 0.000684054 0.000218084 -0.000274976 0.0103055 -0.0186984 -0.000270912 0.000684054 -0.0186984 0.0907042 
0.00971337 -0.0180094 0.000225861 -0.000293484 -0.0180094 0.0889987 -0.000298894 0.000737091 0.000225861 -0.000298894 0.0103301 -0.0187208 -0.000293484 0.000737091 -0.0187208 0.0907528 
0.00970886 -0.0179938 0.000212711 -0.000287228 -0.0179938 0.0889703 -0.000284519 0.000727555 0.000212711 -0.000284519 0.0103321 -0.0187565 -0.000287228 0.000727555 -0.0187565 0.0908305 
0.0097205 -0.0179824 0.000216492 -0.000284146 -0.0179824 0.0889309 -0.000282793 0.00073472 0.000216492 -0.000282793 0.0103294 -0.0187604 -0.000284146 0.00073472 -0.0187604 0.0908915 
0.00970729 -0.0179864 0.000220651 -0.000274799 -0.0179864 0.088917 -0.000270737 0.000697149 0.000220651 -0.000270737 0.0103368 -0.0187662 -0.000274799 0.000697149 -0.0187662 0.0909123 
0.00970006 -0.0179748 0.000204397 -0.000257188 -0.0179748 0.0889073 -0.00025042 0.000633496 0.000204397 -0.00025042 0.0103498 -0.0187734 -0.000257188 0.000633496 -0.0187734 0.0909256 
0.00970166 -0.0179604 0.000175804 -0.000236659 -0.0179604 0.0888715 -0.00023125 0.000582857 0.000175804 -0.00023125 0.0103508 -0.0187867 -0.000236659 0.000582857 -0.0187867 0.0909581 
0.00967823 -0.0179452 0.000170816 -0.000212842 -0.0179452 0.0888109 -0.00020742 0.000526005 0.000170816 -0.00020742 0.010352 -0.0187925 -0.000212842 0.000526005 -0.0187925 0.0909732 
0.00967423 -0.0179348 0.000168389 -0.000210487 -0.0179348 0.0887873 -0.000206413 0.000514674 0.000168389 -0.000206413 0.0103288 -0.0187768 -0.000210487 0.000514674 -0.0187768 0.0909316 
0.00969262 -0.0179528 0.000178208 -0.000227182 -0.0179528 0.0888307 -0.000224461 0.00055503 0.000178208 -0.000224461 0.0102939 -0.0187336 -0.000227182 0.00055503 -0.0187336 0.0908277 
0.00969826 -0.0179848 0.000179875 -0.000226206 -0.0179848 0.0889128 -0.000223481 0.000564153 0.000179875 -0.000223481 0.0102815 -0.0186797 -0.000226206 0.000564153 -0.0186797 0.0906924 
0.00969686 -0.0179665 0.000195924 -0.000235381 -0.0179665 0.0888977 -0.000232659 0.000589132 0.000195924 -0.000232659 0.0102846 -0.0186835 -0.000235381 0.000589132 -0.0186835 0.0906555 
0.00970772 -0.017953 0.000197256 -0.000239428 -0.017953 0.0888482 -0.000240788 0.00059721 0.000197256 -0.000240788 0.0102655 -0.0186917 -0.000239428 0.00059721 -0.0186917 0.0906616 
0.00971405 -0.0179575 0.000182462 -0.000241013 -0.0179575 0.0888344 -0.000241013 0.000605937 0.000182462 -0.000241013 0.0102546 -0.0186765 -0.000241013 0.000605937 -0.0186765 0.0906522 
0.00972105 -0.0179826 0.00017682 -0.000214905 -0.0179826 0.0888876 -0.000213545 0.000548143 0.00017682 -0.000213545 0.0102597 -0.0186546 -0.000214905 0.000548143 -0.0186546 0.0906178 
0.00972591 -0.0179855 0.000158707 -0.000200758 -0.0179855 0.08891 -0.000204827 0.000505964 0.000158707 -0.000204827 0.0102794 -0.0186732 -0.000200758 0.000505964 -0.0186732 0.0906463 
0.00972355 -0.0179972 0.000138346 -0.000192599 -0.0179972 0.0889429 -0.000189887 0.000482855 0.000138346 -0.000189887 0.0103014 -0.0186984 -0.000192599 0.000482855 -0.0186984 0.0906953 
0.00971145 -0.0180197 0.000155915 -0.000177607 -0.0180197 0.0890137 -0.00017354 0.000454186 0.000155915 -0.00017354 0.0103351 -0.0187098 -0.000177607 0.000454186 -0.0187098 0.0907301 
0.00970143 -0.0179985 0.000187244 -0.000217095 -0.0179985 0.0890062 -0.000210311 0.000522385 0.000187244 -0.000210311 0.0103568 -0.018757 -0.000217095 0.000522385 -0.018757 0.0908189 
0.00970241 -0.017964 0.000197898 -0.00023314 -0.017964 0.0889171 -0.00023314 0.000559806 0.000197898 -0.00023314 0.0103693 -0.0188098 -0.00023314 0.000559806 -0.0188098 0.0909679 
0.00969584 -0.0180019 0.000207043 -0.000235461 -0.0180019 0.0889838 -0.000236814 0.000575119 0.000207043 -0.000236814 0.010413 -0.0188084 -0.000235461 0.000575119 -0.0188084 0.0910069 
0.00970501 -0.0180037 0.000201287 -0.000258026 -0.0180037 0.0890311 -0.000260728 0.000629529 0.000201287 -0.000260728 0.0104372 -0.0188453 -0.000258026 0.000629529 -0.0188453 0.0910588 
0.00971278 -0.0179871 0.000180992 -0.000253929 -0.0179871 0.0889939 -0.000253929 0.000644277 0.000180992 -0.000253929 0.0104475 -0.0188934 -0.000253929 0.000644277 -0.0188934 0.0911861 
0.00971395 -0.0179848 0.000144581 -0.000217547 -0.0179848 0.0889483 -0.000218898 0.000575621 0.000144581 -0.000218898 0.0104477 -0.0189252 -0.000217547 0.000575621 -0.0189252 0.0912995 
0.00970301 -0.0179778 0.000148488 -0.000183585 -0.0179778 0.08892 -0.000183585 0.000498109 0.000148488 -0.000183585 0.0104603 -0.0189282 -0.000183585 0.000498109 -0.0189282 0.0913457 
0.00969328 -0.0179879 0.000162163 -0.00018919 -0.0179879 0.088949 -0.000187839 0.000471624 0.000162163 -0.000187839 0.0104568 -0.0189163 -0.00018919 0.000471624 -0.0189163 0.0913071 
0.00968116 -0.0179758 0.000167733 -0.000202903 -0.0179758 0.088939 -0.000196139 0.000484261 0.000167733 -0.000196139 0.0104508 -0.0189105 -0.000202903 0.000484261 -0.0189105 0.0912751 
0.00968398 -0.0179506 0.000181744 -0.000217008 -0.0179506 0.0888838 -0.000210227 0.000523532 0.000181744 -0.000210227 0.0104218 -0.0189109 -0.000217008 0.000523532 -0.0189109 0.0912627 
0.00967473 -0.0179588 0.000178079 -0.000225658 -0.0179588 0.088871 -0.000218861 0.000545112 0.000178079 -0.000218861 0.0104156 -0.0188723 -0.000225658 0.000545112 -0.0188723 0.0912023 
0.00967526 -0.0179402 0.000183424 -0.00021875 -0.0179402 0.0888545 -0.000220108 0.00055163 0.000183424 -0.000220108 0.0104022 -0.0188573 -0.00021875 0.00055163 -0.0188573 0.0911357 
0.00968431 -0.0179426 0.000196176 -0.000234058 -0.0179426 0.088835 -0.000231352 0.000574997 0.000196176 -0.000231352 0.0104081 -0.018845 -0.000234058 0.000574997 -0.018845 0.0911107 
0.00970607 -0.0179752 0.000188886 -0.000223965 -0.0179752 0.0889129 -0.000229362 0.00054912 0.000188886 -0.000229362 0.010413 -0.0188401 -0.000223965 0.00054912 -0.0188401 0.0910757 
0.00971746 -0.017993 0.000203288 -0.000227521 -0.017993 0.088973 -0.000236945 0.000568131 0.000203288 -0.000236945 0.0104283 -0.0188614 -0.000227521 0.000568131 -0.0188614 0.0911069 
0.00972783 -0.0180219 0.000227512 -0.000247706 -0.0180219 0.0890462 -0.000259822 0.000615226 0.000227512 -0.000259822 0.0104359 -0.0188781 -0.000247706 0.000615226 -0.0188781 0.0911517 
0.00973655 -0.0180448 0.000238959 -0.00026461 -0.0180448 0.0891194 -0.00027406 0.000638573 0.000238959 -0.00027406 0.010444 -0.0188845 -0.00026461 0.000638573 -0.0188845 0.0911931 
0.00972399 -0.018039 0.00023865 -0.000293931 -0.018039 0.089142 -0.000299324 0.000705164 0.00023865 -0.000299324 0.0104804 -0.0189154 -0.000293931 0.000705164 -0.0189154 0.0912831 
0.00972111 -0.0180259 0.000243028 -0.000302435 -0.0180259 0.0891075 -0.000302435 0.000756086 0.000243028 -0.000302435 0.0104961 -0.0189656 -0.000302435 0.000756086 -0.0189656 0.0913866 
0.00974313 -0.0180376 0.000247958 -0.000301862 -0.0180376 0.0891328 -0.000301862 0.00075735 0.000247958 -0.000301862 0.0105099 -0.0189836 -0.000301862 0.00075735 -0.0189836 0.0914601 
0.00975316 -0.0180477 0.000266788 -0.000307007 -0.0180477 0.0891499 -0.000302985 0.000757462 0.000266788 -0.000302985 0.0105495 -0.0190103 -0.000307007 0.000757462 -0.0190103 0.0915483 
0.00975235 -0.0180588 0.00027688 -0.000330384 -0.0180588 0.0891649 -0.000327709 0.000805227 0.00027688 -0.000327709 0.0105723 -0.0190486 -0.000330384 0.000805227 -0.0190486 0.091622 
