0.00779843 0 0.000128139 0 0 0.00998762 0 0 0.000128139 0 0.00682205 0 0 0 0 0.00998762 
0.0109054 -0.013543 0.000157859 -0.00019568 -0.013543 0.0351533 -0.00019568 0.000374916 0.000157859 -0.00019568 0.00972643 -0.0120877 -0.00019568 0.000374916 -0.0120877 0.0323595 
0.0108093 -0.0202077 0.000125826 -0.000226487 -0.0202077 0.0737912 -0.000226487 0.000724759 0.000125826 -0.000226487 0.00989665 -0.0185803 -0.000226487 0.000724759 -0.0185803 0.0686122 
0.0101534 -0.0196032 8.77537e-05 -0.000146256 -0.0196032 0.0872743 -0.000147881 0.000539522 8.77537e-05 -0.000147881 0.00939939 -0.0184754 -0.000146256 0.000539522 -0.0184754 0.0831791 
0.0101254 -0.0187679 9.13317e-05 -0.00010836 -0.0187679 0.089567 -9.90717e-05 0.000320435 9.13317e-05 -9.90717e-05 0.00937466 -0.017884 -0.00010836 0.000320435 -0.017884 0.086971 
0.0103101 -0.0186938 0.00011644 -0.000113492 -0.0186938 0.0902366 -0.000103175 0.000243197 0.00011644 -0.000103175 0.00952008 -0.0177534 -0.000113492 0.000243197 -0.0177534 0.0880213 
0.0104252 -0.0188395 0.000129408 -0.000147895 -0.0188395 0.0908173 -0.000140784 0.000301478 0.000129408 -0.000140784 0.00963591 -0.0178199 -0.000147895 0.000301478 -0.0178199 0.0884382 
0.0104708 -0.018903 0.000126455 -0.000169533 -0.018903 0.0911201 -0.000162585 0.000379366 0.000126455 -0.000162585 0.00966758 -0.0178886 -0.000169533 0.000379366 -0.0178886 0.0886313 
0.0104749 -0.0189219 0.000111056 -0.000159042 -0.0189219 0.0912095 -0.000154929 0.000392122 0.000111056 -0.000154929 0.00966457 -0.0179005 -0.000159042 0.000392122 -0.0179005 0.0886648 
0.0104723 -0.0188956 9.78976e-05 -0.000129171 -0.0188956 0.0911577 -0.000123732 0.000335843 9.78976e-05 -0.000123732 0.00967419 -0.0179316 -0.000129171 0.000335843 -0.0179316 0.0887469 
0.0104636 -0.0189195 8.42194e-05 -0.000127688 -0.0189195 0.0911961 -0.000122254 0.00030971 8.42194e-05 -0.000122254 0.00965535 -0.0179089 -0.000127688 0.00030971 -0.0179089 0.0886967 
0.0104433 -0.0189155 7.06916e-05 -0.000110116 -0.0189155 0.0912058 -0.000108756 0.000292283 7.06916e-05 -0.000108756 0.0096331 -0.0178836 -0.000110116 0.000292283 -0.0178836 0.0886365 
0.0104059 -0.0188804 6.93184e-05 -8.8347e-05 -0.0188804 0.0911497 -8.69878e-05 0.000246012 6.93184e-05 -8.69878e-05 0.00964206 -0.0178801 -8.8347e-05 0.000246012 -0.0178801 0.0886365 
0.0103783 -0.0188235 8.57034e-05 -6.66582e-05 -0.0188235 0.0910347 -7.48205e-05 0.00018229 8.57034e-05 -7.48205e-05 0.00966816 -0.0179215 -6.66582e-05 0.00018229 -0.0179215 0.0887357 
0.0103824 -0.0188098 9.24448e-05 -8.83664e-05 -0.0188098 0.0909888 -9.38043e-05 0.000194406 9.24448e-05 -9.38043e-05 0.00967136 -0.0179343 -8.83664e-05 0.000194406 -0.0179343 0.0887864 
0.0104107 -0.0188054 0.000108529 -0.000128879 -0.0188054 0.0909613 -0.000138375 0.000302526 0.000108529 -0.000138375 0.00964827 -0.0179386 -0.000128879 0.000302526 -0.0179386 0.0888287 
0.0104037 -0.018842 0.000112656 -0.000147945 -0.018842 0.0910109 -0.00015066 0.000369185 0.000112656 -0.00015066 0.00965717 -0.0179163 -0.000147945 0.000369185 -0.0179163 0.0887958 
0.0103882 -0.0188246 0.00010323 -0.000149412 -0.0188246 0.0910099 -0.000149412 0.000389831 0.00010323 -0.000149412 0.00966835 -0.0179376 -0.000149412 0.000389831 -0.0179376 0.0888176 
0.0103673 -0.018819 8.68236e-05 -0.000119382 -0.018819 0.0910115 -0.000120739 0.000322875 8.68236e-05 -0.000120739 0.00969439 -0.0179372 -0.000119382 0.000322875 -0.0179372 0.0888219 
0.0103621 -0.0188025 7.18275e-05 -9.89322e-05 -0.0188025 0.0909905 -0.000100287 0.000273758 7.18275e-05 -0.000100287 0.00969807 -0.0179515 -9.89322e-05 0.000273758 -0.0179515 0.0888249 
0.0103656 -0.0187742 5.16109e-05 -7.60582e-05 -0.0187742 0.0909249 -7.47e-05 0.000201011 5.16109e-05 -7.47e-05 0.00968113 -0.0179769 -7.60582e-05 0.000201011 -0.0179769 0.0888835 
0.0103858 -0.0187957 4.47549e-05 -6.78104e-05 -0.0187957 0.0909337 -6.23856e-05 0.000170882 4.47549e-05 -6.23856e-05 0.00965485 -0.0179426 -6.78104e-05 0.000170882 -0.0179426 0.0888479 
0.0104037 -0.0188257 5.42566e-05 -5.96822e-05 -0.0188257 0.0910045 -5.29001e-05 0.000147849 5.42566e-05 -5.29001e-05 0.00963597 -0.0179074 -5.96822e-05 0.000147849 -0.0179074 0.0887664 
0.0104027 -0.0188562 8.27441e-05 -7.18924e-05 -0.0188562 0.0910931 -6.64665e-05 0.000155993 8.27441e-05 -6.64665e-05 0.00963765 -0.0178768 -7.18924e-05 0.000155993 -0.0178768 0.0886786 
0.0103849 -0.0188664 9.50378e-05 -0.000104542 -0.0188664 0.0911521 -0.000104542 0.000230806 9.50378e-05 -0.000104542 0.00963955 -0.0178603 -0.000104542 0.000230806 -0.0178603 0.0885956 
0.0103913 -0.0188349 8.14895e-05 -0.000112727 -0.0188349 0.0911202 -0.000112727 0.000267557 8.14895e-05 -0.000112727 0.0096307 -0.0178788 -0.000112727 0.000267557 -0.0178788 0.0886212 
0.0103933 -0.0188225 8.27452e-05 -0.000104449 -0.0188225 0.0910577 -0.000105805 0.000271296 8.27452e-05 -0.000105805 0.00963914 -0.017892 -0.000104449 0.000271296 -0.017892 0.0886716 
0.0103912 -0.0188204 9.50455e-05 -0.000112697 -0.0188204 0.0910265 -0.000107266 0.000275632 9.50455e-05 -0.000107266 0.0096349 -0.0178984 -0.000112697 0.000275632 -0.0178984 0.0887074 
0.0104035 -0.018812 0.000108497 -0.000131553 -0.018812 0.0909923 -0.000131553 0.00031871 0.000108497 -0.000131553 0.00964267 -0.0179169 -0.000131553 0.00031871 -0.0179169 0.0887736 
0.0103764 -0.0188396 0.000118129 -0.000138496 -0.0188396 0.0910273 -0.000134423 0.000338094 0.000118129 -0.000134423 0.00965672 -0.0178932 -0.000138496 0.000338094 -0.0178932 0.0887191 
0.0103571 -0.0188327 0.000123882 -0.000153831 -0.0188327 0.0910639 -0.000151108 0.000362116 0.000123882 -0.000151108 0.00963554 -0.0178689 -0.000153831 0.000362116 -0.0178689 0.0886121 
0.0103541 -0.0187942 0.000107543 -0.000151105 -0.0187942 0.0910033 -0.00014566 0.000367552 0.000107543 -0.00014566 0.00962443 -0.0178699 -0.000151105 0.000367552 -0.0178699 0.0886019 
0.0103187 -0.0187671 8.70546e-05 -0.000141464 -0.0187671 0.0909013 -0.000136023 0.000361821 8.70546e-05 -0.000136023 0.00965218 -0.0178748 -0.000141464 0.000361821 -0.0178748 0.0886338 
0.0103052 -0.01873 8.44798e-05 -0.000111731 -0.01873 0.0908117 -0.000115819 0.000309305 8.44798e-05 -0.000115819 0.00965795 -0.0179043 -0.000111731 0.000309305 -0.0179043 0.0886807 
0.0103166 -0.0187117 7.75683e-05 -9.25377e-05 -0.0187117 0.0907549 -9.66202e-05 0.000243592 7.75683e-05 -9.66202e-05 0.00965794 -0.0179183 -9.25377e-05 0.000243592 -0.0179183 0.0887395 
0.0103112 -0.0187189 8.02161e-05 -8.56545e-05 -0.0187189 0.0907204 -8.70141e-05 0.000208018 8.02161e-05 -8.70141e-05 0.009664 -0.0179249 -8.56545e-05 0.000208018 -0.0179249 0.0887653 
0.0103194 -0.0187084 8.42291e-05 -9.23803e-05 -0.0187084 0.0907079 -9.10217e-05 0.000207856 8.42291e-05 -9.10217e-05 0.00966732 -0.017934 -9.23803e-05 0.000207856 -0.017934 0.0887992 
0.0103426 -0.0187365 8.81429e-05 -9.62791e-05 -0.0187365 0.0907614 -0.000103059 0.00023324 8.81429e-05 -0.000103059 0.00966182 -0.017931 -9.62791e-05 0.00023324 -0.017931 0.0888006 
0.0103604 -0.0187682 6.89609e-05 -9.05956e-05 -0.0187682 0.0908404 -9.19478e-05 0.000213643 6.89609e-05 -9.19478e-05 0.0096721 -0.0179271 -9.05956e-05 0.000213643 -0.0179271 0.0887878 
0.0103501 -0.0187988 6.36973e-05 -9.08025e-05 -0.0187988 0.0909286 -8.94473e-05 0.000224973 6.36973e-05 -8.94473e-05 0.00965895 -0.0179016 -9.08025e-05 0.000224973 -0.0179016 0.0887113 
0.0103293 -0.0187807 7.61508e-05 -8.15901e-05 -0.0187807 0.0909349 -8.15901e-05 0.000208055 7.61508e-05 -8.15901e-05 0.00965483 -0.0179036 -8.15901e-05 0.000208055 -0.0179036 0.0886994 
0.01032 -0.0187604 6.26528e-05 -8.0359e-05 -0.0187604 0.0909092 -7.8997e-05 0.000185234 6.26528e-05 -7.8997e-05 0.00964581 -0.0178901 -8.0359e-05 0.000185234 -0.0178901 0.0886673 
0.0103128 -0.0187388 5.73387e-05 -7.64516e-05 -0.0187388 0.0908422 -7.37211e-05 0.000178842 5.73387e-05 -7.37211e-05 0.00962607 -0.0178842 -7.64516e-05 0.000178842 -0.0178842 0.0886483 
0.0103004 -0.018726 4.77565e-05 -7.64105e-05 -0.018726 0.0907838 -7.64105e-05 0.00019512 4.77565e-05 -7.64105e-05 0.00964136 -0.0178746 -7.64105e-05 0.00019512 -0.0178746 0.088647 
0.0102962 -0.0186968 5.3108e-05 -7.21725e-05 -0.0186968 0.0907262 -6.67255e-05 0.000193368 5.3108e-05 -6.67255e-05 0.0096643 -0.0179042 -7.21725e-05 0.000193368 -0.0179042 0.0887041 
0.010287 -0.0186966 6.38435e-05 -8.15024e-05 -0.0186966 0.0906931 -7.47105e-05 0.000210548 6.38435e-05 -7.47105e-05 0.00969606 -0.0179305 -8.15024e-05 0.000210548 -0.0179305 0.0887656 
0.0103052 -0.0186978 6.2439e-05 -8.27995e-05 -0.0186978 0.0907008 -8.00848e-05 0.000209035 6.2439e-05 -8.00848e-05 0.00968483 -0.0179526 -8.27995e-05 0.000209035 -0.0179526 0.0887991 
0.0103177 -0.0187053 6.26552e-05 -8.30862e-05 -0.0187053 0.0906879 -8.44483e-05 0.000217931 6.26552e-05 -8.44483e-05 0.0096489 -0.0179494 -8.30862e-05 0.000217931 -0.0179494 0.088826 
0.010299 -0.0187129 5.3313e-05 -7.1084e-05 -0.0187129 0.0906936 -8.0653e-05 0.000199582 5.3313e-05 -8.0653e-05 0.00964828 -0.0179173 -7.1084e-05 0.000199582 -0.0179173 0.0887962 
0.0102928 -0.0187034 6.01438e-05 -5.87769e-05 -0.0187034 0.0906873 -7.1079e-05 0.000176331 6.01438e-05 -7.1079e-05 0.00964214 -0.0178996 -5.87769e-05 0.000176331 -0.0178996 0.0887285 
0.010286 -0.018701 7.50607e-05 -6.68723e-05 -0.018701 0.0906979 -7.09665e-05 0.000166498 7.50607e-05 -7.09665e-05 0.0096569 -0.0178808 -6.68723e-05 0.000166498 -0.0178808 0.0886686 
0.010289 -0.0186933 9.43069e-05 -9.29401e-05 -0.0186933 0.0906781 -9.70404e-05 0.000220049 9.43069e-05 -9.70404e-05 0.0096398 -0.0178896 -9.29401e-05 0.000220049 -0.0178896 0.0886375 
0.0102673 -0.01869 0.000104 -0.000134106 -0.01869 0.0906624 -0.000134106 0.00032158 0.000104 -0.000134106 0.00964741 -0.017873 -0.000134106 0.00032158 -0.017873 0.0886125 
0.0102658 -0.0186768 9.40313e-05 -0.000133552 -0.0186768 0.0906666 -0.000134915 0.000344782 9.40313e-05 -0.000134915 0.0096716 -0.0178809 -0.000133552 0.000344782 -0.0178809 0.0886184 
0.0102752 -0.0186514 8.27986e-05 -0.000109946 -0.0186514 0.0905939 -0.000104516 0.000294546 8.27986e-05 -0.000104516 0.00969423 -0.0179361 -0.000109946 0.000294546 -0.0179361 0.0887384 
0.0103033 -0.0186655 6.93229e-05 -9.37898e-05 -0.0186655 0.0905778 -8.97119e-05 0.00024195 6.93229e-05 -8.97119e-05 0.00968073 -0.0179682 -9.37898e-05 0.00024195 -0.0179682 0.0888502 
0.01034 -0.0187054 7.34879e-05 -8.98185e-05 -0.0187054 0.0906582 -9.11794e-05 0.000239516 7.34879e-05 -9.11794e-05 0.00964733 -0.017946 -8.98185e-05 0.000239516 -0.017946 0.088855 
0.0103521 -0.0187675 6.40112e-05 -8.30783e-05 -0.0187675 0.0908114 -8.71641e-05 0.000223358 6.40112e-05 -8.71641e-05 0.00962891 -0.0178864 -8.30783e-05 0.000223358 -0.0178864 0.0887208 
0.0103435 -0.0187791 7.6205e-05 -8.16482e-05 -0.0187791 0.0908935 -8.16482e-05 0.000221811 7.6205e-05 -8.16482e-05 0.00963857 -0.0178687 -8.16482e-05 0.000221811 -0.0178687 0.0886441 
0.0103191 -0.0187595 9.67968e-05 -0.00010225 -0.0187595 0.0908759 -9.81602e-05 0.00024131 9.67968e-05 -9.81602e-05 0.00965651 -0.017887 -0.00010225 0.00024131 -0.017887 0.0886564 
0.010311 -0.0187486 0.00011181 -0.000124081 -0.0187486 0.0908575 -0.000122718 0.000291796 0.00011181 -0.000122718 0.00967153 -0.0179032 -0.000124081 0.000291796 -0.0179032 0.0886841 
0.0102819 -0.0187183 0.0001368 -0.000147744 -0.0187183 0.0907914 -0.000145008 0.000351576 0.0001368 -0.000145008 0.00967313 -0.017914 -0.000147744 0.000351576 -0.017914 0.0886929 
0.0102686 -0.0186974 0.000134553 -0.000167505 -0.0186974 0.0907327 -0.00016064 0.00038581 0.000134553 -0.00016064 0.00964938 -0.0178983 -0.000167505 0.00038581 -0.0178983 0.0886526 
0.0102828 -0.0186676 0.000119138 -0.000165697 -0.0186676 0.0906569 -0.000154742 0.000395756 0.000119138 -0.000154742 0.00962961 -0.0178843 -0.000165697 0.000395756 -0.0178843 0.0886356 
0.0103038 -0.0186837 0.00010241 -0.000148836 -0.0186837 0.0906438 -0.00014474 0.0003796 0.00010241 -0.00014474 0.00960606 -0.0178535 -0.000148836 0.0003796 -0.0178535 0.0885628 
0.0102989 -0.018701 8.3067e-05 -0.00013209 -0.018701 0.0906561 -0.000136175 0.000366312 8.3067e-05 -0.000136175 0.00961398 -0.0178349 -0.00013209 0.000366312 -0.0178349 0.0885099 
0.010295 -0.0186935 8.01539e-05 -0.000103249 -0.0186935 0.0906513 -0.000107325 0.00030703 8.01539e-05 -0.000107325 0.0096239 -0.0178499 -0.000103249 0.00030703 -0.0178499 0.0885293 
0.0102876 -0.0186976 8.44137e-05 -8.98597e-05 -0.0186976 0.0906658 -8.71367e-05 0.000231457 8.44137e-05 -8.71367e-05 0.00962997 -0.0178603 -8.98597e-05 0.000231457 -0.0178603 0.0885581 
0.0102747 -0.0186784 9.82572e-05 -0.000111904 -0.0186784 0.0906368 -0.000110539 0.00025929 9.82572e-05 -0.000110539 0.00962647 -0.0178705 -0.000111904 0.00025929 -0.0178705 0.0885925 
0.0102708 -0.0186726 0.000116047 -0.0001297 -0.0186726 0.090619 -0.000131065 0.000315375 0.000116047 -0.000131065 0.00961005 -0.0178535 -0.0001297 0.000315375 -0.0178535 0.0885671 
0.0102363 -0.0186582 0.000116665 -0.00013039 -0.0186582 0.0905842 -0.000134508 0.000322544 0.000116665 -0.000134508 0.00961045 -0.0178374 -0.00013039 0.000322544 -0.0178374 0.0885226 
0.0102022 -0.0186229 0.000127836 -0.000145706 -0.0186229 0.0905163 -0.000145706 0.000353268 0.000127836 -0.000145706 0.00961796 -0.0178242 -0.000145706 0.000353268 -0.0178242 0.0884765 
0.0101679 -0.0185792 0.000140303 -0.000162312 -0.0185792 0.0904159 -0.000160936 0.000390649 0.000140303 -0.000160936 0.00963554 -0.0178309 -0.000162312 0.000390649 -0.0178309 0.0884682 
0.0101635 -0.0185208 0.000134597 -0.000179921 -0.0185208 0.0902652 -0.000178547 0.000439501 0.000134597 -0.000178547 0.00964292 -0.0178671 -0.000179921 0.000439501 -0.0178671 0.088536 
0.0101792 -0.0184997 0.000123185 -0.000188884 -0.0184997 0.0901619 -0.000188884 0.000487265 0.000123185 -0.000188884 0.00964129 -0.0178865 -0.000188884 0.000487265 -0.0178865 0.0886207 
0.0101864 -0.0185105 0.000103999 -0.000161472 -0.0185105 0.0901262 -0.000160104 0.00044747 0.000103999 -0.000160104 0.00964182 -0.0178974 -0.000161472 0.00044747 -0.0178974 0.0886689 
0.010201 -0.0185466 9.56433e-05 -0.000118871 -0.0185466 0.090208 -0.000118871 0.000344316 9.56433e-05 -0.000118871 0.00962992 -0.017873 -0.000118871 0.000344316 -0.017873 0.0886245 
0.0101971 -0.0185615 9.4304e-05 -0.000107971 -0.0185615 0.0902654 -0.000112071 0.000293846 9.4304e-05 -0.000112071 0.00964361 -0.017874 -0.000107971 0.000293846 -0.017874 0.088613 
0.0101961 -0.0185547 0.000106967 -0.000115195 -0.0185547 0.0902788 -0.000122052 0.000293474 0.000106967 -0.000122052 0.00962291 -0.0178772 -0.000115195 0.000293474 -0.0178772 0.0886167 
0.0101967 -0.018564 0.000104146 -0.00012196 -0.018564 0.0902943 -0.000126071 0.000301474 0.000104146 -0.000126071 0.00962388 -0.0178569 -0.00012196 0.000301474 -0.0178569 0.0885882 
0.0101617 -0.0185626 0.000118032 -0.000146854 -0.0185626 0.0903096 -0.000150971 0.000369193 0.000118032 -0.000150971 0.00964568 -0.017842 -0.000146854 0.000369193 -0.017842 0.0885295 
0.0101197 -0.0185194 0.000139903 -0.000167335 -0.0185194 0.0902376 -0.000170079 0.000426568 0.000139903 -0.000170079 0.00968213 -0.0178706 -0.000167335 0.000426568 -0.0178706 0.0885478 
0.010092 -0.0184316 0.000145346 -0.000180997 -0.0184316 0.0900284 -0.000178255 0.000449751 0.000145346 -0.000178255 0.00969708 -0.0179462 -0.000180997 0.000449751 -0.0179462 0.088708 
0.0100866 -0.0184108 0.000137046 -0.000190494 -0.0184108 0.0899227 -0.00017953 0.000470068 0.000137046 -0.00017953 0.00970286 -0.0179475 -0.000190494 0.000470068 -0.0179475 0.0887674 
0.0101016 -0.0184219 0.000121954 -0.000169913 -0.0184219 0.0899389 -0.000163062 0.000438486 0.000121954 -0.000163062 0.00967821 -0.0179327 -0.000169913 0.000438486 -0.0179327 0.0887372 
0.0101097 -0.0184429 0.000116424 -0.000168472 -0.0184429 0.0899806 -0.000162993 0.000439671 0.000116424 -0.000162993 0.00967962 -0.0179115 -0.000168472 0.000439671 -0.0179115 0.0886931 
0.0101028 -0.0184495 0.000124946 -0.000149661 -0.0184495 0.089993 -0.000142796 0.000395435 0.000124946 -0.000142796 0.00966207 -0.0178948 -0.000149661 0.000395435 -0.0178948 0.0886351 
0.0100987 -0.0184424 0.000136264 -0.000170674 -0.0184424 0.0900015 -0.000163792 0.000412921 0.000136264 -0.000163792 0.00964307 -0.0178767 -0.000170674 0.000412921 -0.0178767 0.0885838 
0.0101112 -0.018442 0.000123929 -0.0001556 -0.018442 0.0900043 -0.000151469 0.00038005 0.000123929 -0.000151469 0.00962379 -0.0178499 -0.0001556 0.00038005 -0.0178499 0.0885199 
0.0101191 -0.0184654 0.000118368 -0.000145895 -0.0184654 0.0900477 -0.000143143 0.000360609 0.000118368 -0.000143143 0.00960983 -0.0178116 -0.000145895 0.000360609 -0.0178116 0.0884222 
0.0101269 -0.0184715 0.000113119 -0.000154504 -0.0184715 0.0900786 -0.000161402 0.000393158 0.000113119 -0.000161402 0.00958339 -0.01779 -0.000154504 0.000393158 -0.01779 0.0883336 
0.0101242 -0.0184828 0.000115862 -0.000157242 -0.0184828 0.0901132 -0.000158621 0.000412414 0.000115862 -0.000158621 0.00957656 -0.0177586 -0.000157242 0.000412414 -0.0177586 0.0882456 
0.0101163 -0.0184856 0.000118303 -0.000145816 -0.0184856 0.0901294 -0.000149943 0.00038655 0.000118303 -0.000149943 0.00958808 -0.0177455 -0.000145816 0.00038655 -0.0177455 0.0881884 
0.0100918 -0.0184598 0.000109798 -0.000142738 -0.0184598 0.0900648 -0.000146855 0.000377432 0.000109798 -0.000146855 0.0096197 -0.0177805 -0.000142738 0.000377432 -0.0177805 0.0882449 
0.0100777 -0.0184181 0.000128885 -0.000143967 -0.0184181 0.0899751 -0.000146709 0.000374314 0.000128885 -0.000146709 0.00963892 -0.0178258 -0.000143967 0.000374314 -0.0178258 0.0883627 
0.0100597 -0.0183861 0.000132166 -0.000136296 -0.0183861 0.0898657 -0.000139049 0.000337297 0.000132166 -0.000139049 0.0096412 -0.0178671 -0.000136296 0.000337297 -0.0178671 0.0884876 
0.0100614 -0.0183728 0.000119976 -0.000158588 -0.0183728 0.0898106 -0.000159967 0.000376475 0.000119976 -0.000159967 0.009627 -0.0178653 -0.000158588 0.000376475 -0.0178653 0.0885392 
0.010086 -0.0183807 9.66752e-05 -0.000145013 -0.0183807 0.0898182 -0.000149156 0.000375652 9.66752e-05 -0.000149156 0.00959018 -0.0178352 -0.000145013 0.000375652 -0.0178352 0.0884827 
0.0100875 -0.0184141 8.9845e-05 -0.000132694 -0.0184141 0.0898796 -0.000134076 0.000360762 8.9845e-05 -0.000134076 0.00957195 -0.0177741 -0.000132694 0.000360762 -0.0177741 0.0883495 
0.0100879 -0.0184084 8.95419e-05 -0.000115716 -0.0184084 0.0898863 -0.000111583 0.000314085 8.95419e-05 -0.000111583 0.0095741 -0.017761 -0.000115716 0.000314085 -0.017761 0.0882814 
0.0100918 -0.0184083 9.20555e-05 -0.000116787 -0.0184083 0.0898901 -0.000111291 0.000292654 9.20555e-05 -0.000111291 0.00958339 -0.017764 -0.000116787 0.000292654 -0.017764 0.0882565 
0.0100955 -0.0184184 9.05552e-05 -0.00012074 -0.0184184 0.0899131 -0.000112508 0.000296363 9.05552e-05 -0.000112508 0.00958925 -0.0177708 -0.00012074 0.000296363 -0.0177708 0.088268 
0.0100993 -0.0184246 9.48872e-05 -0.000127891 -0.0184246 0.0899393 -0.000123766 0.000327292 9.48872e-05 -0.000123766 0.00958636 -0.0177879 -0.000127891 0.000327292 -0.0177879 0.0882988 
0.0100782 -0.0184188 8.9713e-05 -0.000114557 -0.0184188 0.089931 -0.000117317 0.000300883 8.9713e-05 -0.000117317 0.00960067 -0.0177949 -0.000114557 0.000300883 -0.0177949 0.0883479 
0.0100582 -0.0183859 9.68333e-05 -0.00011205 -0.0183859 0.0898682 -0.000117583 0.000305716 9.68333e-05 -0.000117583 0.00962108 -0.0178312 -0.00011205 0.000305716 -0.0178312 0.0884337 
0.0100525 -0.0183602 9.11727e-05 -0.000114657 -0.0183602 0.0897996 -0.000124326 0.000301146 9.11727e-05 -0.000124326 0.00963944 -0.0178519 -0.000114657 0.000301146 -0.0178519 0.0885093 
0.0100606 -0.0183596 9.3587e-05 -0.000130746 -0.0183596 0.0897733 -0.000139004 0.00034407 9.3587e-05 -0.000139004 0.00966148 -0.0178765 -0.000130746 0.00034407 -0.0178765 0.0885732 
0.0100723 -0.0183873 9.48793e-05 -0.000115505 -0.0183873 0.0898259 -0.000122381 0.000320389 9.48793e-05 -0.000122381 0.00966806 -0.0178813 -0.000115505 0.000320389 -0.0178813 0.0885815 
0.0100882 -0.0184068 9.86885e-05 -0.000116507 -0.0184068 0.0898861 -0.000120619 0.000309772 9.86885e-05 -0.000120619 0.00967833 -0.01789 -0.000116507 0.000309772 -0.01789 0.0885949 
0.0100995 -0.0184183 0.000119172 -0.000124651 -0.0184183 0.0899065 -0.000124651 0.000309574 0.000119172 -0.000124651 0.00965706 -0.0179019 -0.000124651 0.000309574 -0.0179019 0.0886093 
0.0100973 -0.0184432 0.000110914 -0.000127345 -0.0184432 0.0899675 -0.000124607 0.000293031 0.000110914 -0.000124607 0.00965224 -0.0178667 -0.000127345 0.000293031 -0.0178667 0.0885612 
0.0100658 -0.018437 0.000101619 -0.000134577 -0.018437 0.08997 -0.000123591 0.000303484 0.000101619 -0.000123591 0.00966618 -0.0178685 -0.000134577 0.000303484 -0.0178685 0.0885433 
0.0100498 -0.0183983 0.000117003 -0.00014178 -0.0183983 0.0899171 -0.000133521 0.000344125 0.000117003 -0.000133521 0.00967129 -0.0178862 -0.00014178 0.000344125 -0.0178862 0.0885737 
0.0100559 -0.0183757 0.000139377 -0.000162837 -0.0183757 0.089846 -0.000154557 0.000396053 0.000139377 -0.000154557 0.00963636 -0.0178776 -0.000162837 0.000396053 -0.0178776 0.0885557 
0.0100539 -0.0183606 0.000135789 -0.000191213 -0.0183606 0.0897687 -0.000189827 0.00047526 0.000135789 -0.000189827 0.00959942 -0.0178437 -0.000191213 0.00047526 -0.0178437 0.0885023 
0.0100483 -0.0183634 0.000123012 -0.000182445 -0.0183634 0.089763 -0.000179681 0.000487903 0.000123012 -0.000179681 0.00960463 -0.0178064 -0.000182445 0.000487903 -0.0178064 0.0884237 
0.0100322 -0.0183784 0.000104862 -0.000153153 -0.0183784 0.0898084 -0.000154533 0.000429105 0.000104862 -0.000154533 0.00962105 -0.0177809 -0.000153153 0.000429105 -0.0177809 0.0883072 
0.010005 -0.0183464 0.000118729 -0.000132535 -0.0183464 0.0897635 -0.000136677 0.000375516 0.000118729 -0.000136677 0.00964468 -0.0178122 -0.000132535 0.000375516 -0.0178122 0.0883263 
0.00999158 -0.018296 0.000136682 -0.000149107 -0.018296 0.0896412 -0.000153249 0.000371388 0.000136682 -0.000153249 0.00965194 -0.0178542 -0.000149107 0.000371388 -0.0178542 0.0884276 
0.0100043 -0.0182776 0.000128366 -0.000160112 -0.0182776 0.0895759 -0.000162873 0.000386478 0.000128366 -0.000162873 0.00964262 -0.0178691 -0.000160112 0.000386478 -0.0178691 0.088502 
0.0100474 -0.0182963 0.000125317 -0.000154236 -0.0182963 0.0895823 -0.000151482 0.000381459 0.000125317 -0.000151482 0.00962048 -0.0178652 -0.000154236 0.000381459 -0.0178652 0.0885412 
0.0100879 -0.0183649 0.000112837 -0.000148615 -0.0183649 0.0897109 -0.000148615 0.000372913 0.000112837 -0.000148615 0.00959114 -0.0178172 -0.000148615 0.000372913 -0.0178172 0.0884353 
0.010101 -0.0184208 0.00010178 -0.000147168 -0.0184208 0.0898689 -0.000141667 0.000372735 0.00010178 -0.000141667 0.00957831 -0.0177743 -0.000147168 0.000372735 -0.0177743 0.0883216 
0.0100826 -0.0184272 0.000108533 -0.00012914 -0.0184272 0.0899312 -0.00012914 0.000344832 0.000108533 -0.00012914 0.00960585 -0.0177788 -0.00012914 0.000344832 -0.0177788 0.0883087 
0.0100678 -0.0184215 0.000125194 -0.000137576 -0.0184215 0.0899557 -0.000132073 0.000341189 0.000125194 -0.000132073 0.00962484 -0.0177996 -0.000137576 0.000341189 -0.0177996 0.0883268 
0.0100561 -0.0183958 0.000132245 -0.000154286 -0.0183958 0.0899253 -0.000151531 0.000369184 0.000132245 -0.000151531 0.00964838 -0.0178379 -0.000154286 0.000369184 -0.0178379 0.0884113 
0.0100774 -0.0183971 0.000139027 -0.000163805 -0.0183971 0.0899246 -0.000159675 0.000397811 0.000139027 -0.000159675 0.00963144 -0.0178437 -0.000163805 0.000397811 -0.0178437 0.0884463 
0.0100901 -0.0184069 0.000145933 -0.000189989 -0.0184069 0.0899087 -0.000191365 0.000468088 0.000145933 -0.000191365 0.00962334 -0.0178452 -0.000189989 0.000468088 -0.0178452 0.0884714 
0.0100938 -0.0184121 0.00013912 -0.000184575 -0.0184121 0.0899061 -0.000183198 0.000475213 0.00013912 -0.000183198 0.00961444 -0.0178349 -0.000184575 0.000475213 -0.0178349 0.0884694 
0.0100932 -0.0184125 0.000133694 -0.000177799 -0.0184125 0.0898959 -0.000183312 0.000471374 0.000133694 -0.000183312 0.00959976 -0.017824 -0.000177799 0.000471374 -0.017824 0.0884501 
0.0100804 -0.0184186 0.000136352 -0.000179049 -0.0184186 0.0899113 -0.000176294 0.000468281 0.000136352 -0.000176294 0.00961215 -0.0178071 -0.000179049 0.000468281 -0.0178071 0.0884045 
0.0100439 -0.0183809 0.000133514 -0.00017756 -0.0183809 0.0898262 -0.000174807 0.00045973 0.000133514 -0.000174807 0.00965295 -0.0178427 -0.00017756 0.00045973 -0.0178427 0.0884622 
0.0100255 -0.0183364 0.000128073 -0.000162501 -0.0183364 0.0897265 -0.000161124 0.000418646 0.000128073 -0.000161124 0.00965915 -0.0178751 -0.000162501 0.000418646 -0.0178751 0.0885312 
0.0100007 -0.0183095 0.000132478 -0.000166977 -0.0183095 0.0896295 -0.000166977 0.000419513 0.000132478 -0.000166977 0.00966122 -0.0178914 -0.000166977 0.000419513 -0.0178914 0.0885779 
0.00999873 -0.018316 0.000130195 -0.000159282 -0.018316 0.0896478 -0.000159282 0.000401667 0.000130195 -0.000159282 0.00964 -0.0178534 -0.000159282 0.000401667 -0.0178534 0.0884941 
0.00998905 -0.0183267 0.000133003 -0.000148243 -0.0183267 0.0896951 -0.000148243 0.000371299 0.000133003 -0.000148243 0.00963715 -0.0178127 -0.000148243 0.000371299 -0.0178127 0.0883789 
0.00998984 -0.0183145 0.000134268 -0.000160568 -0.0183145 0.089694 -0.0001578 0.000380658 0.000134268 -0.0001578 0.00963133 -0.0178023 -0.000160568 0.000380658 -0.0178023 0.0883098 
0.00997529 -0.0182818 0.000146675 -0.000190954 -0.0182818 0.0895977 -0.000189571 0.0004677 0.000146675 -0.000189571 0.00963766 -0.0178293 -0.000190954 0.0004677 -0.0178293 0.0883565 
0.00996652 -0.0182447 0.000167586 -0.000203596 -0.0182447 0.0894688 -0.000203596 0.000526303 0.000167586 -0.000203596 0.00963828 -0.0178555 -0.000203596 0.000526303 -0.0178555 0.0884439 
0.00995448 -0.0182331 0.000158885 -0.000211386 -0.0182331 0.0894051 -0.000216912 0.000547116 0.000158885 -0.000216912 0.00964914 -0.0178531 -0.000211386 0.000547116 -0.0178531 0.0884781 
0.00995302 -0.018224 0.000151534 -0.000194239 -0.018224 0.0893775 -0.000201127 0.000519348 0.000151534 -0.000201127 0.00965271 -0.0178548 -0.000194239 0.000519348 -0.0178548 0.088482 
0.00995649 -0.0182304 0.000130807 -0.000181753 -0.0182304 0.0893922 -0.000192768 0.000492936 0.000130807 -0.000192768 0.00965219 -0.0178545 -0.000181753 0.000492936 -0.0178545 0.0884752 
0.00997398 -0.0182375 0.000123849 -0.000158252 -0.0182375 0.089419 -0.00016238 0.000434848 0.000123849 -0.00016238 0.00964096 -0.0178618 -0.000158252 0.000434848 -0.0178618 0.0884957 
0.00998333 -0.0182649 0.000136418 -0.000154332 -0.0182649 0.0894806 -0.000152954 0.000395475 0.000136418 -0.000152954 0.00964297 -0.0178529 -0.000154332 0.000395475 -0.0178529 0.0884954 
0.00999972 -0.0182802 0.000154415 -0.000173716 -0.0182802 0.0895357 -0.000166823 0.000412232 0.000154415 -0.000166823 0.00963023 -0.0178473 -0.000173716 0.000412232 -0.0178473 0.0884878 
0.0100183 -0.0182866 0.000161098 -0.000206535 -0.0182866 0.0895565 -0.00019552 0.00048467 0.000161098 -0.00019552 0.00963005 -0.0178626 -0.000206535 0.00048467 -0.0178626 0.0885362 
0.0100021 -0.0183093 0.000150314 -0.000215128 -0.0183093 0.0895912 -0.000209612 0.000540579 0.000150314 -0.000209612 0.00965595 -0.0178612 -0.000215128 0.000540579 -0.0178612 0.0885446 
0.0100096 -0.0183139 0.000164046 -0.000215052 -0.0183139 0.0896436 -0.000208159 0.000566579 0.000164046 -0.000208159 0.00965804 -0.0178727 -0.000215052 0.000566579 -0.0178727 0.088538 
0.010022 -0.0183459 0.000177661 -0.000201073 -0.0183459 0.0897406 -0.000203828 0.000531604 0.000177661 -0.000203828 0.00965564 -0.0178446 -0.000201073 0.000531604 -0.0178446 0.0884667 
0.010041 -0.0183577 0.00018686 -0.000215714 -0.0183577 0.0897974 -0.000219836 0.000537224 0.00018686 -0.000219836 0.00965354 -0.017852 -0.000215714 0.000537224 -0.017852 0.0884674 
