0.00702267 0 0.000364604 0 0 0.00998621 0 0 0.000364604 0 0.00764771 0 0 0 0 0.00998621 
0.00998392 -0.0124054 0.00043387 -0.000532105 -0.0124054 0.0329692 -0.000532105 0.00102655 0.00043387 -0.000532105 0.0107059 -0.0132977 -0.000532105 0.00102655 -0.0132977 0.0346834 
0.0100892 -0.0189525 0.000346468 -0.00059799 -0.0189525 0.069805 -0.00059799 0.00189558 0.000346468 -0.00059799 0.0106839 -0.0199436 -0.00059799 0.00189558 -0.0199436 0.0729648 
0.00956201 -0.0187441 0.000305856 -0.000420149 -0.0187441 0.0842278 -0.00041693 0.00147616 0.000305856 -0.00041693 0.0100627 -0.0194492 -0.000420149 0.00147616 -0.0194492 0.0866618 
0.00952001 -0.0180969 0.000312835 -0.000371109 -0.0180969 0.0877197 -0.000374176 0.00100291 0.000312835 -0.000374176 0.0100491 -0.0186551 -0.000371109 0.00100291 -0.0186551 0.0891658 
0.00965336 -0.0179545 0.000315661 -0.000375857 -0.0179545 0.0886112 -0.000384666 0.000886788 0.000315661 -0.000384666 0.0102025 -0.0185844 -0.000375857 0.000886788 -0.0185844 0.0898959 
0.00972974 -0.0179859 0.00033413 -0.000409809 -0.0179859 0.088917 -0.000414092 0.000972403 0.00033413 -0.000414092 0.0103123 -0.0187098 -0.000409809 0.000972403 -0.0187098 0.0904934 
0.0097768 -0.0180202 0.000331583 -0.000430918 -0.0180202 0.0890196 -0.000430918 0.00104652 0.000331583 -0.000430918 0.0103266 -0.0187603 -0.000430918 0.00104652 -0.0187603 0.090781 
0.00977674 -0.0180302 0.000315112 -0.000411435 -0.0180302 0.0889951 -0.000415563 0.00105129 0.000315112 -0.000415563 0.0103395 -0.018754 -0.000411435 0.00105129 -0.018754 0.0908528 
0.00977419 -0.0180148 0.00029528 -0.000375564 -0.0180148 0.0889256 -0.000375564 0.000971567 0.00029528 -0.000375564 0.0103688 -0.0187823 -0.000375564 0.000971567 -0.0187823 0.0909109 
0.00977557 -0.0180533 0.000285764 -0.000350772 -0.0180533 0.0890081 -0.000353481 0.000888442 0.000285764 -0.000353481 0.010385 -0.0187859 -0.000350772 0.000888442 -0.0187859 0.0909001 
0.00978491 -0.0180835 0.000299414 -0.000353363 -0.0180835 0.0891229 -0.000357409 0.000882058 0.000299414 -0.000357409 0.0103972 -0.018797 -0.000353363 0.000882058 -0.018797 0.0909113 
0.00980944 -0.0180959 0.000319697 -0.000383097 -0.0180959 0.0891928 -0.000389841 0.000946951 0.000319697 -0.000389841 0.0103611 -0.0188082 -0.000383097 0.000946951 -0.0188082 0.0909248 
0.00982771 -0.018122 0.000303449 -0.00037358 -0.018122 0.0892613 -0.000376277 0.000919788 0.000303449 -0.000376277 0.0103362 -0.0187896 -0.00037358 0.000919788 -0.0187896 0.0909363 
0.00982679 -0.018134 0.000297455 -0.000371483 -0.018134 0.0893066 -0.000371483 0.000915247 0.000297455 -0.000371483 0.010349 -0.0187787 -0.000371483 0.000915247 -0.0187787 0.0909405 
0.00982852 -0.0181218 0.000280968 -0.000361629 -0.0181218 0.0892915 -0.000353563 0.000888613 0.000280968 -0.000353563 0.0103528 -0.018802 -0.000361629 0.000888613 -0.018802 0.0910055 
0.00982752 -0.0181348 0.000283125 -0.000355583 -0.0181348 0.0893024 -0.000347533 0.000877553 0.000283125 -0.000347533 0.0103723 -0.0188164 -0.000355583 0.000877553 -0.0188164 0.0910616 
0.00983216 -0.0181487 0.000304198 -0.000353781 -0.0181487 0.0893564 -0.00034708 0.000869711 0.000304198 -0.00034708 0.0103923 -0.0188375 -0.000353781 0.000869711 -0.0188375 0.0911173 
0.00984566 -0.0181823 0.000328636 -0.000399729 -0.0181823 0.089452 -0.000388998 0.000955056 0.000328636 -0.000388998 0.0103983 -0.0188436 -0.000399729 0.000955056 -0.0188436 0.0911274 
0.00984159 -0.018187 0.00031029 -0.000411472 -0.018187 0.0894957 -0.000404726 0.00100372 0.00031029 -0.000404726 0.0103839 -0.0188467 -0.000411472 0.00100372 -0.0188467 0.0911322 
0.00983159 -0.0181591 0.000307828 -0.000386135 -0.0181591 0.0894496 -0.000384785 0.000985589 0.000307828 -0.000384785 0.0103865 -0.0188558 -0.000386135 0.000985589 -0.0188558 0.0911778 
0.00981657 -0.0181439 0.000330941 -0.000386098 -0.0181439 0.0893985 -0.000384753 0.000971298 0.000330941 -0.000384753 0.0104166 -0.0188569 -0.000386098 0.000971298 -0.0188569 0.0911958 
0.00979838 -0.0181362 0.00032576 -0.000402489 -0.0181362 0.0893727 -0.000403835 0.000986703 0.00032576 -0.000403835 0.010423 -0.0188631 -0.000402489 0.000986703 -0.0188631 0.0911671 
0.00977798 -0.0181183 0.000327731 -0.000401909 -0.0181183 0.0893303 -0.000403257 0.00100342 0.000327731 -0.000403257 0.0104227 -0.0188681 -0.000401909 0.00100342 -0.0188681 0.0911523 
0.0097801 -0.018064 0.000333842 -0.000424399 -0.018064 0.089213 -0.000423047 0.00105424 0.000333842 -0.000423047 0.0103694 -0.0188722 -0.000424399 0.00105424 -0.0188722 0.0911471 
0.00978204 -0.0180981 0.000315114 -0.00040843 -0.0180981 0.0892542 -0.000412488 0.00103595 0.000315114 -0.000412488 0.010346 -0.0187892 -0.00040843 0.00103595 -0.0187892 0.0909988 
0.00977575 -0.0180986 0.000324058 -0.000387519 -0.0180986 0.0892726 -0.000386169 0.000987027 0.000324058 -0.000386169 0.0103537 -0.018767 -0.000387519 0.000987027 -0.018767 0.0909185 
0.00975811 -0.0180772 0.000328652 -0.000400333 -0.0180772 0.0892201 -0.00039898 0.000984602 0.000328652 -0.00039898 0.0103546 -0.0187764 -0.000400333 0.000984602 -0.0187764 0.0908972 
0.00975253 -0.0180473 0.000321378 -0.000401383 -0.0180473 0.0891532 -0.000406807 0.000998034 0.000321378 -0.000406807 0.010337 -0.0187836 -0.000401383 0.000998034 -0.0187836 0.0909051 
0.00976832 -0.0180571 0.000301064 -0.000378365 -0.0180571 0.0891557 -0.000381077 0.000949302 0.000301064 -0.000381077 0.0103216 -0.0187555 -0.000378365 0.000949302 -0.0187555 0.090878 
0.00977533 -0.0180668 0.000283481 -0.000371644 -0.0180668 0.0891607 -0.000374357 0.00093318 0.000283481 -0.000374357 0.0103179 -0.0187423 -0.000371644 0.00093318 -0.0187423 0.0908426 
0.00978345 -0.0180786 0.000272705 -0.000333758 -0.0180786 0.0891839 -0.000340542 0.000856103 0.000272705 -0.000340542 0.0103126 -0.0187325 -0.000333758 0.000856103 -0.0187325 0.0908174 
0.00978813 -0.0180889 0.000273623 -0.000335934 -0.0180889 0.0892053 -0.000338643 0.000841189 0.000273623 -0.000338643 0.0103178 -0.0187337 -0.000335934 0.000841189 -0.0187337 0.0908105 
0.00979339 -0.0180768 0.000273686 -0.000327615 -0.0180768 0.0891638 -0.000328963 0.000806229 0.000273686 -0.000328963 0.0103515 -0.0187752 -0.000327615 0.000806229 -0.0187752 0.0909124 
0.00980469 -0.0181103 0.000292838 -0.000345226 -0.0181103 0.0892375 -0.000345226 0.000840901 0.000292838 -0.000345226 0.0103823 -0.0187926 -0.000345226 0.000840901 -0.0187926 0.0909664 
0.00982601 -0.0181065 0.000316622 -0.000381019 -0.0181065 0.0892511 -0.000376994 0.00092035 0.000316622 -0.000376994 0.0103868 -0.0188484 -0.000381019 0.00092035 -0.0188484 0.0910878 
0.00983005 -0.0181327 0.000310592 -0.000393955 -0.0181327 0.0892879 -0.000393955 0.000965391 0.000310592 -0.000393955 0.0103813 -0.0188561 -0.000393955 0.000965391 -0.0188561 0.0911595 
0.00982006 -0.0181461 0.000295574 -0.000376553 -0.0181461 0.0893483 -0.000375203 0.000951504 0.000295574 -0.000375203 0.0103802 -0.0188452 -0.000376553 0.000951504 -0.0188452 0.0911555 
0.00980519 -0.0181519 0.000303072 -0.000369369 -0.0181519 0.0894063 -0.00036531 0.000924099 0.000303072 -0.00036531 0.0103762 -0.0188148 -0.000369369 0.000924099 -0.0188148 0.0910745 
0.00978871 -0.0181284 0.000308476 -0.00036936 -0.0181284 0.0893837 -0.000368007 0.000910546 0.000308476 -0.000368007 0.0103908 -0.0188157 -0.00036936 0.000910546 -0.0188157 0.0910424 
0.00976002 -0.0180853 0.000314315 -0.000380701 -0.0180853 0.0892709 -0.000382055 0.000932107 0.000314315 -0.000382055 0.0103968 -0.0188372 -0.000380701 0.000932107 -0.0188372 0.0910701 
0.00977127 -0.018047 0.000290731 -0.000371865 -0.018047 0.0891679 -0.000373218 0.000920874 0.000290731 -0.000373218 0.0103852 -0.0188542 -0.000371865 0.000920874 -0.0188542 0.0911205 
0.00978781 -0.018094 0.000277726 -0.000365358 -0.018094 0.0892241 -0.000365358 0.000919461 0.000277726 -0.000365358 0.0103999 -0.0188274 -0.000365358 0.000919461 -0.0188274 0.0910846 
0.00978541 -0.0181336 0.00028016 -0.000340772 -0.0181336 0.0893388 -0.000335384 0.000875501 0.00028016 -0.000335384 0.0104441 -0.0188394 -0.000340772 0.000875501 -0.0188394 0.0910885 
0.00977996 -0.0181081 0.000266653 -0.000348803 -0.0181081 0.0893313 -0.000338029 0.000855174 0.000266653 -0.000338029 0.0104722 -0.0189081 -0.000348803 0.000855174 -0.0189081 0.09121 
0.00977606 -0.018096 0.000292567 -0.00035189 -0.018096 0.0892775 -0.000345148 0.00087905 0.000292567 -0.000345148 0.0104758 -0.0189481 -0.00035189 0.00087905 -0.0189481 0.0913322 
0.00977776 -0.0180936 0.000298053 -0.00036144 -0.0180936 0.0892662 -0.000358742 0.000888764 0.000298053 -0.000358742 0.0104777 -0.01895 -0.00036144 0.000888764 -0.01895 0.0913836 
0.00976089 -0.0180685 0.000282278 -0.000355211 -0.0180685 0.0891945 -0.000353861 0.000873847 0.000282278 -0.000353861 0.0104808 -0.0189626 -0.000355211 0.000873847 -0.0189626 0.0914298 
0.00976556 -0.0180611 0.00029723 -0.000345648 -0.0180611 0.0891651 -0.000348338 0.000864792 0.00029723 -0.000348338 0.0104864 -0.0189622 -0.000345648 0.000864792 -0.0189622 0.0914367 
0.00977814 -0.018066 0.00030935 -0.000367185 -0.018066 0.0891586 -0.00037122 0.000893079 0.00030935 -0.00037122 0.0104816 -0.0189699 -0.000367185 0.000893079 -0.0189699 0.0914492 
0.00980371 -0.0180716 0.000298549 -0.000364445 -0.0180716 0.0891613 -0.00036848 0.000892958 0.000298549 -0.00036848 0.0104465 -0.0189686 -0.000364445 0.000892958 -0.0189686 0.0914529 
0.009826 -0.0181199 0.000292408 -0.000362478 -0.0181199 0.0892519 -0.000367869 0.000897437 0.000292408 -0.000367869 0.0104095 -0.0189068 -0.000362478 0.000897437 -0.0189068 0.0913432 
0.00979869 -0.0181339 0.000291345 -0.00035368 -0.0181339 0.089298 -0.0003591 0.000891652 0.000291345 -0.0003591 0.0103854 -0.0188588 -0.00035368 0.000891652 -0.0188588 0.0912073 
0.00976233 -0.0181115 0.000303506 -0.000371253 -0.0181115 0.0893053 -0.000372608 0.000922713 0.000303506 -0.000372608 0.0103924 -0.0188174 -0.000371253 0.000922713 -0.0188174 0.0910762 
0.00974078 -0.0180475 0.000301987 -0.000380531 -0.0180475 0.0891756 -0.000384594 0.000947942 0.000301987 -0.000384594 0.0103989 -0.0188437 -0.000380531 0.000947942 -0.0188437 0.0910837 
0.00973582 -0.0180274 0.00030454 -0.000381691 -0.0180274 0.0890815 -0.000383044 0.000960994 0.00030454 -0.000383044 0.0103896 -0.0188382 -0.000381691 0.000960994 -0.0188382 0.0910711 
0.00974803 -0.0180283 0.000296256 -0.000372011 -0.0180283 0.0890607 -0.000369305 0.000927998 0.000296256 -0.000369305 0.0103622 -0.0188156 -0.000372011 0.000927998 -0.0188156 0.0910168 
0.00977186 -0.0180539 0.000273093 -0.000342042 -0.0180539 0.0891054 -0.000339338 0.000850373 0.000273093 -0.000339338 0.0103289 -0.0187758 -0.000342042 0.000850373 -0.0187758 0.0909305 
0.00978186 -0.0180834 0.00028196 -0.000336184 -0.0180834 0.0891822 -0.000330761 0.000835037 0.00028196 -0.000330761 0.010316 -0.0187477 -0.000336184 0.000835037 -0.0187477 0.0908536 
0.00979095 -0.0180879 0.000278422 -0.000354479 -0.0180879 0.089216 -0.000351763 0.000863788 0.000278422 -0.000351763 0.0103003 -0.0187331 -0.000354479 0.000863788 -0.0187331 0.0908091 
0.00982203 -0.0181144 0.000271214 -0.00034851 -0.0181144 0.0892892 -0.00034173 0.00086653 0.000271214 -0.00034173 0.0102777 -0.0186989 -0.00034851 0.00086653 -0.0186989 0.0907334 
0.00982737 -0.0181349 0.000288006 -0.00034074 -0.0181349 0.0893185 -0.000339388 0.000858611 0.000288006 -0.000339388 0.0102857 -0.0186853 -0.00034074 0.000858611 -0.0186853 0.0906882 
0.00981651 -0.0181304 0.000290789 -0.000358415 -0.0181304 0.0893115 -0.000359767 0.00087913 0.000290789 -0.000359767 0.0102872 -0.0186917 -0.000358415 0.00087913 -0.0186917 0.0906843 
0.009799 -0.0181352 0.000279856 -0.000359621 -0.0181352 0.0893307 -0.000363677 0.000897701 0.000279856 -0.000363677 0.010306 -0.0186922 -0.000359621 0.000897701 -0.0186922 0.0906895 
0.00978555 -0.0181009 0.000273807 -0.00036013 -0.0181009 0.0892812 -0.000362828 0.000915836 0.000273807 -0.000362828 0.0103413 -0.0187362 -0.00036013 0.000915836 -0.0187362 0.0907865 
0.00975903 -0.0180609 0.000275244 -0.000346754 -0.0180609 0.0891643 -0.000345405 0.000891845 0.000275244 -0.000345405 0.0103621 -0.0187881 -0.000346754 0.000891845 -0.0187881 0.0909088 
0.00973155 -0.018024 0.000289163 -0.000349968 -0.018024 0.089046 -0.000352671 0.000897216 0.000289163 -0.000352671 0.0103666 -0.0188172 -0.000349968 0.000897216 -0.0188172 0.0910255 
0.00973309 -0.0180031 0.000283961 -0.000352923 -0.0180031 0.0889852 -0.000354275 0.000874869 0.000283961 -0.000354275 0.0103551 -0.0188185 -0.000352923 0.000874869 -0.0188185 0.0910486 
0.00973862 -0.0180068 0.000269952 -0.000344562 -0.0180068 0.0889634 -0.000345918 0.000854622 0.000269952 -0.000345918 0.010326 -0.0187976 -0.000344562 0.000854622 -0.0187976 0.0910186 
0.00973971 -0.018017 0.000258876 -0.000328 -0.018017 0.0889843 -0.000328 0.000822712 0.000258876 -0.000328 0.0103157 -0.0187529 -0.000328 0.000822712 -0.0187529 0.0909347 
0.00974232 -0.0180344 0.000242609 -0.000299534 -0.0180344 0.0890498 -0.000302245 0.00075358 0.000242609 -0.000302245 0.0103251 -0.0187338 -0.000299534 0.00075358 -0.0187338 0.0908565 
0.00973732 -0.0180494 0.000245913 -0.000283954 -0.0180494 0.0891032 -0.00028803 0.000707848 0.000245913 -0.00028803 0.0103338 -0.0187328 -0.000283954 0.000707848 -0.0187328 0.0908137 
0.00974215 -0.0180463 0.000253448 -0.000306306 -0.0180463 0.0891295 -0.00030495 0.000738658 0.000253448 -0.00030495 0.0103534 -0.0187497 -0.000306306 0.000738658 -0.0187497 0.0908318 
0.00971211 -0.0180308 0.000267293 -0.00032835 -0.0180308 0.0890847 -0.000322923 0.000791025 0.000267293 -0.000322923 0.0103797 -0.0187811 -0.00032835 0.000791025 -0.0187811 0.0908919 
0.00970339 -0.0179977 0.000261741 -0.000322768 -0.0179977 0.0890203 -0.000315987 0.000793359 0.000261741 -0.000315987 0.010395 -0.0188209 -0.000322768 0.000793359 -0.0188209 0.0909841 
0.00970801 -0.0179753 0.000256152 -0.000333404 -0.0179753 0.0889361 -0.000325272 0.000811825 0.000256152 -0.000325272 0.0103897 -0.0188414 -0.000333404 0.000811825 -0.0188414 0.0910667 
0.00971484 -0.0179815 0.000235026 -0.000319254 -0.0179815 0.0889185 -0.000308386 0.00079474 0.000235026 -0.000308386 0.0103819 -0.0188387 -0.000319254 0.00079474 -0.0188387 0.0910948 
0.00973163 -0.0179852 0.000236165 -0.000301314 -0.0179852 0.0889243 -0.000294528 0.000766858 0.000236165 -0.000294528 0.010356 -0.0188172 -0.000301314 0.000766858 -0.0188172 0.0910498 
0.00973265 -0.0180049 0.000219472 -0.00028992 -0.0180049 0.0889446 -0.000284501 0.000720736 0.000219472 -0.000284501 0.0103423 -0.0187825 -0.00028992 0.000720736 -0.0187825 0.0909672 
0.00973883 -0.0180039 0.000226421 -0.000268452 -0.0180039 0.0889605 -0.000271163 0.000681976 0.000226421 -0.000271163 0.0103232 -0.0187686 -0.000268452 0.000681976 -0.0187686 0.0908994 
0.00973005 -0.0179974 0.000219066 -0.000272131 -0.0179974 0.0889338 -0.000276213 0.000674885 0.000219066 -0.000276213 0.0102934 -0.018743 -0.000272131 0.000674885 -0.018743 0.0908455 
0.00972447 -0.018 0.000219247 -0.000276441 -0.018 0.0889365 -0.000284612 0.000693146 0.000219247 -0.000284612 0.0102665 -0.0186918 -0.000276441 0.000693146 -0.0186918 0.0907286 
0.00974568 -0.0180008 0.000220318 -0.000276078 -0.0180008 0.0889596 -0.000274718 0.000699034 0.000220318 -0.000274718 0.010238 -0.0186563 -0.000276078 0.000699034 -0.0186563 0.0906161 
0.00974838 -0.0180176 0.000198309 -0.000267581 -0.0180176 0.0889945 -0.000262148 0.000660124 0.000198309 -0.000262148 0.0102346 -0.0186234 -0.000267581 0.000660124 -0.0186234 0.090528 
0.00972763 -0.0180121 0.00020345 -0.000250922 -0.0180121 0.0889756 -0.000249566 0.000637477 0.00020345 -0.000249566 0.0102539 -0.0186265 -0.000250922 0.000637477 -0.0186265 0.090515 
0.00973003 -0.0179962 0.00020564 -0.000251639 -0.0179962 0.0889529 -0.000255697 0.000631803 0.00020564 -0.000255697 0.0102604 -0.0186524 -0.000251639 0.000631803 -0.0186524 0.0905507 
0.00971189 -0.0179952 0.000204276 -0.000261094 -0.0179952 0.088937 -0.000265153 0.000650706 0.000204276 -0.000265153 0.0102706 -0.0186621 -0.000261094 0.000650706 -0.0186621 0.0905767 
0.00969011 -0.0179769 0.000199502 -0.000268717 -0.0179769 0.0889142 -0.000266003 0.000681293 0.000199502 -0.000266003 0.0102696 -0.0186663 -0.000268717 0.000681293 -0.0186663 0.0905944 
0.0096721 -0.0179405 0.000203264 -0.000253739 -0.0179405 0.0888265 -0.000248282 0.000656175 0.000203264 -0.000248282 0.0102437 -0.0186662 -0.000253739 0.000656175 -0.0186662 0.0906013 
0.0096711 -0.0179064 0.000206876 -0.000257567 -0.0179064 0.0887168 -0.000258937 0.000657618 0.000206876 -0.000258937 0.0101958 -0.018638 -0.000257567 0.000657618 -0.018638 0.0905513 
0.00967914 -0.0179196 0.00019731 -0.000248007 -0.0179196 0.0887236 -0.000250748 0.000631665 0.00019731 -0.000250748 0.010171 -0.0185608 -0.000248007 0.000631665 -0.0185608 0.0903966 
0.00969065 -0.0179212 0.000198607 -0.000254765 -0.0179212 0.0887225 -0.000261613 0.000650609 0.000198607 -0.000261613 0.0101481 -0.0185239 -0.000254765 0.000650609 -0.0185239 0.0902772 
0.00970732 -0.0179413 0.000207556 -0.000253982 -0.0179413 0.0887505 -0.00026081 0.000651342 0.000207556 -0.00026081 0.0101415 -0.018497 -0.000253982 0.000651342 -0.018497 0.0901911 
0.00968636 -0.0179219 0.000192797 -0.000248859 -0.0179219 0.0886854 -0.000254328 0.000630351 0.000192797 -0.000254328 0.010154 -0.0185181 -0.000248859 0.000630351 -0.0185181 0.0902182 
0.00966795 -0.0178987 0.00017777 -0.000220161 -0.0178987 0.088632 -0.000231101 0.000568864 0.00017777 -0.000231101 0.0101561 -0.0185277 -0.000220161 0.000568864 -0.0185277 0.0902456 
0.00967737 -0.0179033 0.000161426 -0.000212043 -0.0179033 0.0886422 -0.000210675 0.000523951 0.000161426 -0.000210675 0.0101384 -0.0185107 -0.000212043 0.000523951 -0.0185107 0.0902058 
0.00966356 -0.0179024 0.000173982 -0.000216451 -0.0179024 0.0886296 -0.000215081 0.000552086 0.000173982 -0.000215081 0.0101376 -0.0184983 -0.000216451 0.000552086 -0.0184983 0.0901708 
0.00964654 -0.0178707 0.000188098 -0.000234779 -0.0178707 0.088568 -0.000226541 0.000579397 0.000188098 -0.000226541 0.0101257 -0.018494 -0.000234779 0.000579397 -0.018494 0.0901525 
0.00966273 -0.017865 0.000181357 -0.000244557 -0.017865 0.0885432 -0.000237687 0.00060727 0.000181357 -0.000237687 0.0100831 -0.0184626 -0.000244557 0.00060727 -0.0184626 0.0900806 
0.00967455 -0.0179013 0.000168061 -0.000228674 -0.0179013 0.0886083 -0.000223164 0.00059097 0.000168061 -0.000223164 0.0100465 -0.0183945 -0.000228674 0.00059097 -0.0183945 0.0899156 
0.00967645 -0.0179036 0.000147553 -0.000208229 -0.0179036 0.0886352 -0.000202713 0.000535052 0.000147553 -0.000202713 0.0100308 -0.0183545 -0.000208229 0.000535052 -0.0183545 0.0897991 
0.00966063 -0.0179067 0.000144765 -0.00019302 -0.0179067 0.0886539 -0.000184747 0.000500472 0.000144765 -0.000184747 0.010037 -0.01833 -0.00019302 0.000500472 -0.01833 0.0897072 
0.00964679 -0.0178806 0.000146787 -0.00018657 -0.0178806 0.0886018 -0.000179711 0.000467798 0.000146787 -0.000179711 0.0100666 -0.0183539 -0.00018657 0.000467798 -0.0183539 0.0897294 
0.00964227 -0.0178482 0.000160202 -0.000199911 -0.0178482 0.0885043 -0.000198541 0.000498408 0.000160202 -0.000198541 0.0100818 -0.0184 -0.000199911 0.000498408 -0.0184 0.0898325 
0.00965999 -0.0178457 0.000146467 -0.000187533 -0.0178457 0.088473 -0.000193008 0.000472254 0.000146467 -0.000193008 0.0100693 -0.0184206 -0.000187533 0.000472254 -0.0184206 0.0899185 
0.00966923 -0.0178829 0.00014939 -0.000193248 -0.0178829 0.0885417 -0.000190506 0.000490657 0.00014939 -0.000190506 0.0100653 -0.0184024 -0.000193248 0.000490657 -0.0184024 0.0899122 
0.00967107 -0.0178721 0.000159999 -0.000194187 -0.0178721 0.0885289 -0.000191452 0.000495041 0.000159999 -0.000191452 0.0100731 -0.0184204 -0.000194187 0.000495041 -0.0184204 0.0899702 
0.00966949 -0.0179099 0.000151941 -0.000186162 -0.0179099 0.0886229 -0.000184794 0.00047225 0.000151941 -0.000184794 0.0100884 -0.0184082 -0.000186162 0.00047225 -0.0184082 0.089937 
0.00966565 -0.0179072 0.000139943 -0.000182474 -0.0179072 0.0886605 -0.00018659 0.00046236 0.000139943 -0.00018659 0.0100896 -0.0184176 -0.000182474 0.00046236 -0.0184176 0.0899392 
0.00965257 -0.017888 0.000163092 -0.000187761 -0.017888 0.0886261 -0.00018502 0.000470088 0.000163092 -0.00018502 0.010109 -0.0184417 -0.000187761 0.000470088 -0.0184417 0.0899993 
0.00965107 -0.0178835 0.000187599 -0.000216355 -0.0178835 0.0886082 -0.000220463 0.000536779 0.000187599 -0.000220463 0.0101221 -0.0184559 -0.000216355 0.000536779 -0.0184559 0.0900392 
0.00967093 -0.0179004 0.000192111 -0.00023026 -0.0179004 0.0886557 -0.000232985 0.000572245 0.000192111 -0.000232985 0.0101424 -0.0184644 -0.00023026 0.000572245 -0.0184644 0.0900658 
0.00965034 -0.0178953 0.000215787 -0.000260857 -0.0178953 0.0886313 -0.000260857 0.000648728 0.000215787 -0.000260857 0.010168 -0.0185086 -0.000260857 0.000648728 -0.0185086 0.0901636 
0.00963133 -0.0178805 0.000207802 -0.000266588 -0.0178805 0.0886205 -0.000266588 0.00065895 0.000207802 -0.000266588 0.0101932 -0.0185367 -0.000266588 0.00065895 -0.0185367 0.0902542 
0.00964464 -0.0178452 0.000202011 -0.000241594 -0.0178452 0.0885393 -0.000240229 0.000614221 0.000202011 -0.000240229 0.0101933 -0.0185891 -0.000241594 0.000614221 -0.0185891 0.0903806 
0.00965921 -0.0178653 0.000193566 -0.000233097 -0.0178653 0.0885387 -0.000235823 0.000576609 0.000193566 -0.000235823 0.0101949 -0.018581 -0.000233097 0.000576609 -0.018581 0.0904335 
0.00967213 -0.0178925 0.000187106 -0.000244466 -0.0178925 0.0886006 -0.000251295 0.000615946 0.000187106 -0.000251295 0.0101815 -0.0185753 -0.000244466 0.000615946 -0.0185753 0.0904061 
0.00967148 -0.0179268 0.000193921 -0.000238987 -0.0179268 0.0886985 -0.000243084 0.000628196 0.000193921 -0.000243084 0.0101932 -0.0185577 -0.000238987 0.000628196 -0.0185577 0.0903632 
0.00968882 -0.0179352 0.00019787 -0.000249726 -0.0179352 0.0887551 -0.000244268 0.000635914 0.00019787 -0.000244268 0.0101924 -0.0185643 -0.000249726 0.000635914 -0.0185643 0.0903544 
0.0096699 -0.0179445 0.00018294 -0.000234819 -0.0179445 0.0887875 -0.000232089 0.000593874 0.00018294 -0.000232089 0.010216 -0.0185644 -0.000234819 0.000593874 -0.0185644 0.0903548 
0.00965304 -0.0179169 0.000162546 -0.000219915 -0.0179169 0.0887582 -0.000217183 0.000561398 0.000162546 -0.000217183 0.0102336 -0.0185944 -0.000219915 0.000561398 -0.0185944 0.0903933 
0.00962662 -0.0178905 0.000149431 -0.000201526 -0.0178905 0.0886767 -0.000202896 0.000523692 0.000149431 -0.000202896 0.0102394 -0.0186185 -0.000201526 0.000523692 -0.0186185 0.0904507 
0.00963438 -0.0178604 0.000143572 -0.000188695 -0.0178604 0.088606 -0.000184593 0.000479942 0.000143572 -0.000184593 0.010247 -0.0186343 -0.000188695 0.000479942 -0.0186343 0.0905162 
0.00964766 -0.0178796 0.000136132 -0.00017561 -0.0178796 0.0886205 -0.000168803 0.000432899 0.000136132 -0.000168803 0.0102643 -0.018631 -0.00017561 0.000432899 -0.018631 0.0905195 
0.00964517 -0.0178864 0.00014012 -0.000180932 -0.0178864 0.0886322 -0.00017277 0.000439406 0.00014012 -0.00017277 0.0102791 -0.0186564 -0.000180932 0.000439406 -0.0186564 0.0905571 
0.00966405 -0.0179181 0.000158338 -0.000193827 -0.0179181 0.0887318 -0.000187002 0.000469553 0.000158338 -0.000187002 0.0102592 -0.018647 -0.000193827 0.000469553 -0.018647 0.0905268 
0.0096742 -0.0179474 0.000153081 -0.000189985 -0.0179474 0.0888214 -0.000187251 0.000455144 0.000153081 -0.000187251 0.0102483 -0.0186254 -0.000189985 0.000455144 -0.0186254 0.0904861 
0.00968588 -0.0179354 0.000156246 -0.000191881 -0.0179354 0.0888053 -0.000187769 0.000464626 0.000156246 -0.000187769 0.0102204 -0.0186248 -0.000191881 0.000464626 -0.0186248 0.090476 
0.00971219 -0.0179312 0.000151774 -0.000191427 -0.0179312 0.0887688 -0.000194162 0.000479935 0.000151774 -0.000194162 0.0101962 -0.0186053 -0.000191427 0.000479935 -0.0186053 0.0904589 
0.00971349 -0.0179226 0.000139115 -0.000175939 -0.0179226 0.0886912 -0.000177303 0.000436439 0.000139115 -0.000177303 0.0101922 -0.0185991 -0.000175939 0.000436439 -0.0185991 0.0904683 
0.00972089 -0.0179477 0.000138792 -0.000170088 -0.0179477 0.0887358 -0.000176892 0.000438148 0.000138792 -0.000176892 0.0101863 -0.018575 -0.000170088 0.000438148 -0.018575 0.0904122 
0.00969949 -0.017958 0.000154198 -0.000180126 -0.017958 0.0887746 -0.000186949 0.000461231 0.000154198 -0.000186949 0.0101839 -0.0185639 -0.000180126 0.000461231 -0.0185639 0.0903521 
0.00969433 -0.0179608 0.000166861 -0.000202421 -0.0179608 0.0888287 -0.000205157 0.000504685 0.000166861 -0.000205157 0.0101689 -0.0185407 -0.000202421 0.000504685 -0.0185407 0.0902771 
0.00969775 -0.0179665 0.000172465 -0.000205316 -0.0179665 0.0888593 -0.000209422 0.000520133 0.000172465 -0.000209422 0.0101535 -0.0185113 -0.000205316 0.000520133 -0.0185113 0.0901952 
0.00968371 -0.0179518 0.000154556 -0.000206531 -0.0179518 0.0888357 -0.000203796 0.000507437 0.000154556 -0.000203796 0.0101693 -0.0185126 -0.000206531 0.000507437 -0.0185126 0.090187 
0.00965607 -0.0179263 0.000147463 -0.000202078 -0.0179263 0.0887725 -0.000202078 0.000516119 0.000147463 -0.000202078 0.0102036 -0.0185325 -0.000202078 0.000516119 -0.0185325 0.0902144 
0.00964912 -0.0178978 0.000132404 -0.000181544 -0.0178978 0.0887134 -0.000181544 0.000470922 0.000132404 -0.000181544 0.0102047 -0.018557 -0.000181544 0.000470922 -0.018557 0.0902504 
0.00965008 -0.0178812 0.000136436 -0.000176002 -0.0178812 0.0886408 -0.000173273 0.000452966 0.000136436 -0.000173273 0.0101986 -0.0185771 -0.000176002 0.000452966 -0.0185771 0.0903217 
0.0096385 -0.0178681 0.000142124 -0.000183122 -0.0178681 0.0885791 -0.000176289 0.000453705 0.000142124 -0.000176289 0.0101961 -0.0185773 -0.000183122 0.000453705 -0.0185773 0.0903666 
0.00964383 -0.0178628 0.000156799 -0.000190886 -0.0178628 0.0885534 -0.000185432 0.000474488 0.000156799 -0.000185432 0.0102015 -0.01858 -0.000190886 0.000474488 -0.01858 0.0903995 
0.00964688 -0.0178723 0.000170199 -0.000197431 -0.0178723 0.0885689 -0.000193346 0.000486089 0.000170199 -0.000193346 0.0102133 -0.0185885 -0.000197431 0.000486089 -0.0185885 0.0904179 
0.00967198 -0.0178997 0.000173201 -0.000204568 -0.0178997 0.088653 -0.000205932 0.000504601 0.000173201 -0.000205932 0.0101943 -0.0185789 -0.000204568 0.000504601 -0.0185789 0.090385 
0.00969525 -0.0179287 0.000168779 -0.00020689 -0.0179287 0.0887245 -0.000201446 0.000500892 0.000168779 -0.000201446 0.0101934 -0.0185711 -0.00020689 0.000500892 -0.0185711 0.0903796 
0.00969956 -0.0179419 0.000152535 -0.000212459 -0.0179419 0.0887601 -0.000208373 0.000524337 0.000152535 -0.000208373 0.0102007 -0.018582 -0.000212459 0.000524337 -0.018582 0.0904039 
0.00969845 -0.0179468 0.000141603 -0.000189258 -0.0179468 0.0887865 -0.00019062 0.000499696 0.000141603 -0.00019062 0.010209 -0.018599 -0.000189258 0.000499696 -0.018599 0.0904463 
0.0096872 -0.0179429 0.000127911 -0.000164651 -0.0179429 0.0887756 -0.000170094 0.000440884 0.000127911 -0.000170094 0.0102329 -0.0186124 -0.000164651 0.000440884 -0.0186124 0.0904928 
0.00968571 -0.0179405 0.000129215 -0.000142817 -0.0179405 0.0887764 -0.000145537 0.000368604 0.000129215 -0.000145537 0.0102475 -0.0186328 -0.000142817 0.000368604 -0.0186328 0.090535 
0.00967768 -0.0179267 0.000141638 -0.000166152 -0.0179267 0.0887511 -0.000167514 0.000397676 0.000141638 -0.000167514 0.0102524 -0.0186567 -0.000166152 0.000397676 -0.0186567 0.090591 
0.00968057 -0.0179402 0.00015939 -0.000183912 -0.0179402 0.0887844 -0.000187999 0.000457736 0.00015939 -0.000187999 0.0102555 -0.01865 -0.000183912 0.000457736 -0.01865 0.0905881 
0.0096681 -0.0179486 0.00018383 -0.000205617 -0.0179486 0.0888226 -0.000209702 0.000510639 0.00018383 -0.000209702 0.0102713 -0.0186376 -0.000205617 0.000510639 -0.0186376 0.0905451 
