0.00706657 0 -0.000392287 0 0 0.00998533 0 0 -0.000392287 0 0.00756683 0 0 0 0 0.00998533 
0.0100278 -0.012463 -0.000460805 0.000567396 -0.012463 0.0330763 0.000567396 -0.00108888 -0.000460805 0.000567396 0.0106247 -0.0131928 0.000567396 -0.00108888 -0.0131928 0.0344767 
0.0101657 -0.0190554 -0.000359316 0.000608841 -0.0190554 0.0701348 0.000608841 -0.00193798 -0.000359316 0.000608841 0.0105965 -0.019789 0.000608841 -0.00193798 -0.019789 0.0724538 
0.00961037 -0.0187972 -0.000351049 0.000471823 -0.0187972 0.0843725 0.000468602 -0.00165863 -0.000351049 0.000468602 0.00999201 -0.0193447 0.000471823 -0.00165863 -0.0193447 0.0862807 
0.00957496 -0.0181373 -0.000395254 0.00045347 -0.0181373 0.0877633 0.000444278 -0.00122253 -0.000395254 0.000444278 0.00995643 -0.0185724 0.00045347 -0.00122253 -0.0185724 0.0889491 
0.00969852 -0.018031 -0.000433846 0.000510063 -0.018031 0.0887363 0.000507131 -0.00118135 -0.000433846 0.000507131 0.0101426 -0.0184722 0.000510063 -0.00118135 -0.0184722 0.0896948 
0.00979561 -0.0180557 -0.000463622 0.000555779 -0.0180557 0.0890806 0.000552944 -0.00130296 -0.000463622 0.000552944 0.010272 -0.018637 0.000555779 -0.00130296 -0.018637 0.0903255 
0.0098573 -0.0180935 -0.000459415 0.00057184 -0.0180935 0.0891849 0.000573228 -0.00138519 -0.000459415 0.000573228 0.0102834 -0.0187236 0.00057184 -0.00138519 -0.0187236 0.090688 
0.00991117 -0.0181636 -0.00043211 0.000563383 -0.0181636 0.0893099 0.000567486 -0.0014153 -0.00043211 0.000567486 0.0102612 -0.0186887 0.000563383 -0.0014153 -0.0186887 0.0907116 
0.00992617 -0.0182127 -0.000406175 0.000528436 -0.0182127 0.0894116 0.000535228 -0.00136388 -0.000406175 0.000535228 0.0102413 -0.0186583 0.000528436 -0.00136388 -0.0186583 0.090626 
0.00992301 -0.0182371 -0.00035783 0.00048795 -0.0182371 0.0894874 0.000492017 -0.0012646 -0.00035783 0.000492017 0.0102375 -0.0186451 0.00048795 -0.0012646 -0.0186451 0.0905704 
0.0098897 -0.0182426 -0.000337149 0.00043193 -0.0182426 0.0895354 0.000429222 -0.00112518 -0.000337149 0.000429222 0.0102566 -0.0186339 0.00043193 -0.00112518 -0.0186339 0.0905428 
0.00988191 -0.018207 -0.000343094 0.000408187 -0.018207 0.0895122 0.000412255 -0.00103742 -0.000343094 0.000412255 0.0102399 -0.0186559 0.000408187 -0.00103742 -0.0186559 0.0905537 
0.0099052 -0.018225 -0.000349754 0.000407822 -0.018225 0.0895398 0.000411873 -0.00100335 -0.000349754 0.000411873 0.0102293 -0.0186356 0.000407822 -0.00100335 -0.0186356 0.0905418 
0.00991191 -0.0182334 -0.000354478 0.000421869 -0.0182334 0.0895535 0.000427261 -0.00102435 -0.000354478 0.000427261 0.0102286 -0.0186283 0.000421869 -0.00102435 -0.0186283 0.0905321 
0.00991335 -0.0182348 -0.000364859 0.000436479 -0.0182348 0.0895594 0.000443236 -0.00106755 -0.000364859 0.000443236 0.0102066 -0.0186267 0.000436479 -0.00106755 -0.0186267 0.0905256 
0.00992762 -0.0182491 -0.000373453 0.000460051 -0.0182491 0.089607 0.000460051 -0.00113795 -0.000373453 0.000460051 0.0101698 -0.018586 0.000460051 -0.00113795 -0.018586 0.0904473 
0.00992857 -0.0182472 -0.000362564 0.000472145 -0.0182472 0.0895979 0.000468086 -0.00117427 -0.000362564 0.000468086 0.0101572 -0.0185679 0.000472145 -0.00117427 -0.0185679 0.0904191 
0.00991134 -0.0182542 -0.000357898 0.000455507 -0.0182542 0.0896128 0.00045144 -0.00115097 -0.000357898 0.00045144 0.0101581 -0.0185456 0.000455507 -0.00115097 -0.0185456 0.0903652 
0.00991766 -0.0182358 -0.000331313 0.000423646 -0.0182358 0.0895875 0.000425004 -0.00106726 -0.000331313 0.000425004 0.0101403 -0.0185413 0.000423646 -0.00106726 -0.0185413 0.0903384 
0.0098915 -0.0182398 -0.000327677 0.000401099 -0.0182398 0.0895755 0.000403818 -0.00101566 -0.000327677 0.000403818 0.0101498 -0.0185144 0.000401099 -0.00101566 -0.0185144 0.0902744 
0.00987451 -0.0182128 -0.000334131 0.000402043 -0.0182128 0.0895348 0.000406118 -0.000992884 -0.000334131 0.000406118 0.0101597 -0.0185184 0.000402043 -0.000992884 -0.0185184 0.0902519 
0.0098545 -0.0181946 -0.000341963 0.000428811 -0.0181946 0.0894966 0.000434239 -0.00106253 -0.000341963 0.000434239 0.0101775 -0.0185271 0.000428811 -0.00106253 -0.0185271 0.0902511 
0.00987036 -0.0181802 -0.000347998 0.000440435 -0.0181802 0.0894653 0.000441794 -0.00110516 -0.000347998 0.000441794 0.0101531 -0.018539 0.000440435 -0.00110516 -0.018539 0.0902592 
0.00987311 -0.0181833 -0.000319937 0.000426129 -0.0181833 0.0894312 0.000426129 -0.00107145 -0.000319937 0.000426129 0.0101345 -0.0185209 0.000426129 -0.00107145 -0.0185209 0.0902562 
0.0098673 -0.0181672 -0.000290654 0.000388444 -0.0181672 0.0893789 0.000389803 -0.00100235 -0.000290654 0.000389803 0.0101471 -0.0185231 0.000388444 -0.00100235 -0.0185231 0.0902767 
0.00986656 -0.0181776 -0.000292423 0.000357405 -0.0181776 0.0893974 0.000357405 -0.00092059 -0.000292423 0.000357405 0.0101563 -0.018512 0.000357405 -0.00092059 -0.018512 0.090253 
0.00984581 -0.0181843 -0.00030201 0.000381915 -0.0181843 0.0894073 0.000377852 -0.000943952 -0.00030201 0.000377852 0.0101573 -0.0185093 0.000381915 -0.000943952 -0.0185093 0.0902023 
0.00983832 -0.0181497 -0.000292388 0.000364132 -0.0181497 0.089353 0.000361424 -0.000906945 -0.000292388 0.000361424 0.0101524 -0.018522 0.000364132 -0.000906945 -0.018522 0.090218 
0.00980967 -0.0181164 -0.0002884 0.000354746 -0.0181164 0.0892484 0.000350684 -0.000867909 -0.0002884 0.000350684 0.0101685 -0.0185416 0.000354746 -0.000867909 -0.0185416 0.0902991 
0.00979685 -0.0180801 -0.000302171 0.000373988 -0.0180801 0.08915 0.000373988 -0.000922774 -0.000302171 0.000373988 0.0101695 -0.0185585 0.000373988 -0.000922774 -0.0185585 0.0903573 
0.00977377 -0.0180573 -0.000286904 0.000372567 -0.0180573 0.0890802 0.000367128 -0.00091782 -0.000286904 0.000367128 0.0101627 -0.0185549 0.000372567 -0.00091782 -0.0185549 0.0903706 
0.00977166 -0.0180503 -0.00027841 0.000365755 -0.0180503 0.0890654 0.000360296 -0.000915752 -0.00027841 0.000360296 0.0101429 -0.0185361 0.000365755 -0.000915752 -0.0185361 0.0903251 
0.00978514 -0.0180488 -0.000284858 0.000360181 -0.0180488 0.0890537 0.000351964 -0.000910723 -0.000284858 0.000351964 0.0100974 -0.018498 0.000360181 -0.000910723 -0.018498 0.0902314 
0.00979479 -0.018063 -0.000295733 0.000366928 -0.018063 0.0890746 0.000354606 -0.000906368 -0.000295733 0.000354606 0.0100673 -0.0184354 0.000366928 -0.000906368 -0.0184354 0.0900782 
0.00978629 -0.0180701 -0.00029912 0.000372876 -0.0180701 0.0890928 0.00037151 -0.000921946 -0.00029912 0.00037151 0.0100663 -0.0183952 0.000372876 -0.000921946 -0.0183952 0.0899437 
0.00978822 -0.0180669 -0.000296447 0.000371584 -0.0180669 0.0890927 0.00037295 -0.000933058 -0.000296447 0.00037295 0.0100573 -0.0183879 0.000371584 -0.000933058 -0.0183879 0.0898754 
0.00979921 -0.018072 -0.000291594 0.000362782 -0.018072 0.0891101 0.000366889 -0.000922697 -0.000291594 0.000366889 0.0100306 -0.0183677 0.000362782 -0.000922697 -0.0183677 0.0898138 
0.00979423 -0.0180592 -0.000298998 0.00037169 -0.0180592 0.0890656 0.000377176 -0.000940882 -0.000298998 0.000377176 0.0100164 -0.0183582 0.00037169 -0.000940882 -0.0183582 0.0898062 
0.00980102 -0.0180487 -0.00029862 0.000363001 -0.0180487 0.0890324 0.00036848 -0.000920515 -0.00029862 0.00036848 0.0100175 -0.0183583 0.000363001 -0.000920515 -0.0183583 0.0898187 
0.00979899 -0.0180623 -0.000303315 0.000368897 -0.0180623 0.0890435 0.000374362 -0.000929073 -0.000303315 0.000374362 0.0100258 -0.0183478 0.000368897 -0.000929073 -0.0183478 0.0897949 
0.0097983 -0.0180712 -0.000297166 0.000377592 -0.0180712 0.0890789 0.000378955 -0.00094875 -0.000297166 0.000378955 0.0100505 -0.0183602 0.000377592 -0.00094875 -0.0183602 0.0898068 
0.0098206 -0.0180926 -0.00027128 0.000355799 -0.0180926 0.0891502 0.000357162 -0.000903812 -0.00027128 0.000357162 0.0100551 -0.0183748 0.000355799 -0.000903812 -0.0183748 0.0898331 
0.00983972 -0.0181056 -0.000258904 0.000324312 -0.0181056 0.089183 0.000321586 -0.000832582 -0.000258904 0.000321586 0.0100591 -0.0184054 0.000324312 -0.000832582 -0.0184054 0.0899284 
0.00984935 -0.0180976 -0.000242756 0.000319129 -0.0180976 0.0891502 0.000317765 -0.000801914 -0.000242756 0.000317765 0.0100607 -0.0184358 0.000319129 -0.000801914 -0.0184358 0.0900339 
0.00984139 -0.018115 -0.000232366 0.000310277 -0.018115 0.0891753 0.000310277 -0.000794145 -0.000232366 0.000310277 0.0100492 -0.0184198 0.000310277 -0.000794145 -0.0184198 0.0900323 
0.00982153 -0.0181272 -0.000263564 0.000311361 -0.0181272 0.0892254 0.00032092 -0.00081664 -0.000263564 0.00032092 0.0100632 -0.0183949 0.000311361 -0.00081664 -0.0183949 0.0899546 
0.00981169 -0.0181144 -0.000273116 0.00033047 -0.0181144 0.0892228 0.000335932 -0.000834369 -0.000273116 0.000335932 0.010067 -0.0183957 0.00033047 -0.000834369 -0.0183957 0.0899166 
0.00979891 -0.0180799 -0.000260486 0.000336859 -0.0180799 0.0891516 0.00034095 -0.000841465 -0.000260486 0.00034095 0.0100867 -0.0184236 0.000336859 -0.000841465 -0.0184236 0.0899713 
0.00980634 -0.0180868 -0.000247035 0.000320736 -0.0180868 0.0891592 0.000323466 -0.00082709 -0.000247035 0.000323466 0.0100752 -0.0184171 0.000320736 -0.00082709 -0.0184171 0.0899481 
0.00979919 -0.0180852 -0.000261967 0.000315179 -0.0180852 0.0891423 0.000315179 -0.000799544 -0.000261967 0.000315179 0.0100734 -0.0184127 0.000315179 -0.000799544 -0.0184127 0.0899459 
0.00980414 -0.0180998 -0.000288036 0.000338544 -0.0180998 0.0891846 0.000335814 -0.000834075 -0.000288036 0.000335814 0.0100621 -0.018392 0.000338544 -0.000834075 -0.018392 0.0898904 
0.00980013 -0.0180875 -0.00029627 0.000364535 -0.0180875 0.0891651 0.00036317 -0.000888811 -0.00029627 0.00036317 0.0100582 -0.0183865 0.000364535 -0.000888811 -0.0183865 0.0898669 
0.00979864 -0.0180683 -0.000298706 0.000387363 -0.0180683 0.0891193 0.000384635 -0.000969771 -0.000298706 0.000384635 0.0100564 -0.0183984 0.000387363 -0.000969771 -0.0183984 0.0898927 
0.00980665 -0.0180717 -0.000295719 0.000372387 -0.0180717 0.0890991 0.00036828 -0.000948765 -0.000295719 0.00036828 0.0100298 -0.0183852 0.000372387 -0.000948765 -0.0183852 0.0898753 
0.00980488 -0.0180689 -0.000307346 0.000384182 -0.0180689 0.0890863 0.000381438 -0.000965944 -0.000307346 0.000381438 0.0100079 -0.0183598 0.000384182 -0.000965944 -0.0183598 0.0898341 
0.00978754 -0.0180643 -0.000304617 0.000386946 -0.0180643 0.0890593 0.000388318 -0.000983831 -0.000304617 0.000388318 0.0100098 -0.0183388 0.000386946 -0.000983831 -0.0183388 0.0897934 
0.00976283 -0.018061 -0.000318473 0.000393973 -0.018061 0.0890666 0.0003926 -0.00100758 -0.000318473 0.0003926 0.0100319 -0.0183245 0.000393973 -0.00100758 -0.0183245 0.0897338 
0.0097588 -0.0180276 -0.000308129 0.000376602 -0.0180276 0.0890151 0.000376602 -0.000946299 -0.000308129 0.000376602 0.0100519 -0.018359 0.000376602 -0.000946299 -0.018359 0.0897711 
0.00976469 -0.0180189 -0.000305104 0.000377617 -0.0180189 0.0889671 0.000380354 -0.000952252 -0.000305104 0.000380354 0.0100547 -0.0183828 0.000377617 -0.000952252 -0.0183828 0.0898305 
0.00978367 -0.0180278 -0.000305996 0.000377031 -0.0180278 0.0889656 0.000383861 -0.000960335 -0.000305996 0.000383861 0.0100514 -0.0183966 0.000377031 -0.000960335 -0.0183966 0.0898836 
0.00981783 -0.0180627 -0.00028896 0.00037892 -0.0180627 0.0890338 0.000380283 -0.000955477 -0.00028896 0.000380283 0.0100373 -0.018383 0.00037892 -0.000955477 -0.018383 0.0898789 
0.00982816 -0.0180867 -0.000286376 0.00036138 -0.0180867 0.0890876 0.000362743 -0.000931405 -0.000286376 0.000362743 0.0100286 -0.0183717 0.00036138 -0.000931405 -0.0183717 0.0898662 
0.00982813 -0.0180999 -0.000284715 0.000340836 -0.0180999 0.0891362 0.000343574 -0.000869201 -0.000284715 0.000343574 0.0100143 -0.0183627 0.000340836 -0.000869201 -0.0183627 0.0898453 
0.00981928 -0.0181101 -0.000275538 0.000353675 -0.0181101 0.0891782 0.000356417 -0.000875963 -0.000275538 0.000356417 0.0100085 -0.0183335 0.000353675 -0.000875963 -0.0183335 0.0897814 
0.00980387 -0.0180861 -0.000263861 0.00034589 -0.0180861 0.0891412 0.000351359 -0.000879081 -0.000263861 0.000351359 0.0100267 -0.0183404 0.00034589 -0.000879081 -0.0183404 0.0897674 
0.00982045 -0.0180799 -0.000250577 0.00032178 -0.0180799 0.0891289 0.000327257 -0.00083252 -0.000250577 0.000327257 0.0100026 -0.0183346 0.00032178 -0.00083252 -0.0183346 0.0897451 
0.00982303 -0.0180878 -0.000245542 0.000314129 -0.0180878 0.089122 0.000311385 -0.000790122 -0.000245542 0.000311385 0.00998215 -0.0183155 0.000314129 -0.000790122 -0.0183155 0.0897104 
0.0098103 -0.0180744 -0.000258166 0.000310348 -0.0180744 0.0890823 0.000311722 -0.000786857 -0.000258166 0.000311722 0.00997234 -0.0183009 0.000310348 -0.000786857 -0.0183009 0.0896824 
0.00979826 -0.0180453 -0.000255786 0.000325921 -0.0180453 0.0890026 0.000321795 -0.000793487 -0.000255786 0.000321795 0.00996191 -0.0182956 0.000325921 -0.000793487 -0.0182956 0.0896572 
0.00978786 -0.0180506 -0.000247759 0.000313828 -0.0180506 0.0889978 0.000308323 -0.000779065 -0.000247759 0.000308323 0.00995441 -0.0182571 0.000313828 -0.000779065 -0.0182571 0.0895718 
0.00975427 -0.0180369 -0.00023496 0.000303662 -0.0180369 0.0889715 0.000296791 -0.000748849 -0.00023496 0.000296791 0.00997961 -0.0182499 0.000303662 -0.000748849 -0.0182499 0.0895197 
0.00975568 -0.0180083 -0.000237977 0.000298155 -0.0180083 0.0889431 0.000298155 -0.000752225 -0.000237977 0.000298155 0.0100032 -0.0182777 0.000298155 -0.000752225 -0.0182777 0.0895531 
0.00976331 -0.0180166 -0.000249851 0.000305829 -0.0180166 0.088947 0.000304463 -0.000763207 -0.000249851 0.000304463 0.0100077 -0.0183006 0.000305829 -0.000763207 -0.0183006 0.0895887 
0.00977653 -0.0180296 -0.000246157 0.000324107 -0.0180296 0.0889652 0.000320004 -0.00079454 -0.000246157 0.000320004 0.0100008 -0.0183127 0.000324107 -0.00079454 -0.0183127 0.0896449 
0.00978399 -0.0180543 -0.000239002 0.000315923 -0.0180543 0.0890312 0.000314549 -0.000804916 -0.000239002 0.000314549 0.00998041 -0.018296 0.000315923 -0.000804916 -0.018296 0.0896369 
0.00977932 -0.01805 -0.000255328 0.000315728 -0.01805 0.0890379 0.000312982 -0.000811283 -0.000255328 0.000312982 0.00998523 -0.0182902 0.000315728 -0.000811283 -0.0182902 0.0896364 
0.00978437 -0.0180518 -0.000288018 0.000333278 -0.0180518 0.0890372 0.000329163 -0.00083388 -0.000288018 0.000329163 0.00999421 -0.0182946 0.000333278 -0.00083388 -0.0182946 0.0896407 
0.00977959 -0.0180413 -0.000298634 0.000369868 -0.0180413 0.0890108 0.000364389 -0.000904122 -0.000298634 0.000364389 0.0100125 -0.0183181 0.000369868 -0.000904122 -0.0183181 0.0896903 
0.0097992 -0.0180403 -0.000297111 0.000376524 -0.0180403 0.0890033 0.000373785 -0.000935148 -0.000297111 0.000373785 0.0100059 -0.018336 0.000376524 -0.000935148 -0.018336 0.0897413 
0.00980218 -0.018051 -0.000306832 0.000389019 -0.018051 0.0889976 0.000386279 -0.000982135 -0.000306832 0.000386279 0.00999942 -0.0183332 0.000389019 -0.000982135 -0.0183332 0.0897551 
0.0097962 -0.0180642 -0.000330009 0.000392998 -0.0180642 0.0890299 0.000392998 -0.00100509 -0.000330009 0.000392998 0.0100071 -0.0183258 0.000392998 -0.00100509 -0.0183258 0.089746 
0.00978959 -0.0180603 -0.000331155 0.000410523 -0.0180603 0.0890396 0.000414628 -0.00103178 -0.000331155 0.000414628 0.0100099 -0.0183244 0.000410523 -0.00103178 -0.0183244 0.0897238 
0.00979142 -0.0180475 -0.000316382 0.000408147 -0.0180475 0.0890199 0.000408147 -0.00102722 -0.000316382 0.000408147 0.0100078 -0.0183406 0.000408147 -0.00102722 -0.0183406 0.0897622 
0.00979487 -0.0180448 -0.000291221 0.000371888 -0.0180448 0.0889961 0.00037599 -0.000952963 -0.000291221 0.00037599 0.010015 -0.0183497 0.000371888 -0.000952963 -0.0183497 0.0897973 
0.00978922 -0.0180641 -0.000281292 0.00034547 -0.0180641 0.0890507 0.000352297 -0.000888936 -0.000281292 0.000352297 0.0100364 -0.0183399 0.00034547 -0.000888936 -0.0183399 0.0897785 
0.00978997 -0.0180725 -0.000289466 0.000359102 -0.0180725 0.0890901 0.000361833 -0.000902534 -0.000289466 0.000361833 0.0100439 -0.0183497 0.000359102 -0.000902534 -0.0183497 0.0897728 
0.0098043 -0.0180609 -0.000291811 0.000349082 -0.0180609 0.0890814 0.0003559 -0.000886341 -0.000291811 0.0003559 0.0100361 -0.0183773 0.000349082 -0.000886341 -0.0183773 0.08983 
0.00981622 -0.0180644 -0.000296922 0.000361233 -0.0180644 0.0890726 0.000362601 -0.000898977 -0.000296922 0.000362601 0.0100187 -0.0183818 0.000361233 -0.000898977 -0.0183818 0.0898771 
0.00982309 -0.0180826 -0.000305048 0.000361133 -0.0180826 0.0891068 0.000361133 -0.000895992 -0.000305048 0.000361133 0.0100269 -0.0183713 0.000361133 -0.000895992 -0.0183713 0.0898933 
0.00982356 -0.0181066 -0.000309468 0.000379304 -0.0181066 0.089172 0.000380673 -0.000933882 -0.000309468 0.000380673 0.0100344 -0.0183572 0.000379304 -0.000933882 -0.0183572 0.0898444 
0.00983269 -0.0181164 -0.000298833 0.000382451 -0.0181164 0.089218 0.000382451 -0.000949959 -0.000298833 0.000382451 0.0100246 -0.0183549 0.000382451 -0.000949959 -0.0183549 0.0898075 
0.00983543 -0.0181325 -0.000301911 0.000382878 -0.0181325 0.0892613 0.000378761 -0.000964742 -0.000301911 0.000378761 0.0100083 -0.0183315 0.000382878 -0.000964742 -0.0183315 0.0897389 
0.00984995 -0.0181399 -0.00031337 0.000387265 -0.0181399 0.0892927 0.000390002 -0.000981164 -0.00031337 0.000390002 0.010006 -0.0183164 0.000387265 -0.000981164 -0.0183164 0.0896978 
0.00984044 -0.018144 -0.000336355 0.000395149 -0.018144 0.0892941 0.000395149 -0.000994025 -0.000336355 0.000395149 0.0100319 -0.0183272 0.000395149 -0.000994025 -0.0183272 0.0897138 
0.00984446 -0.0181454 -0.000346953 0.000426179 -0.0181454 0.089305 0.000430277 -0.00105042 -0.000346953 0.000430277 0.0100425 -0.0183475 0.000426179 -0.00105042 -0.0183475 0.0897557 
0.00985283 -0.0181402 -0.000337398 0.000426186 -0.0181402 0.0892888 0.000430284 -0.00107366 -0.000337398 0.000430284 0.0100509 -0.0183807 0.000426186 -0.00107366 -0.0183807 0.0898406 
0.00985878 -0.0181474 -0.000318687 0.000399385 -0.0181474 0.0892953 0.000395281 -0.00101624 -0.000318687 0.000395281 0.0100571 -0.0183963 0.000399385 -0.00101624 -0.0183963 0.0899108 
0.00987569 -0.0181573 -0.000304603 0.000386559 -0.0181573 0.0893142 0.000381095 -0.000978007 -0.000304603 0.000381095 0.0100615 -0.0184087 0.000386559 -0.000978007 -0.0184087 0.0899616 
0.00989191 -0.0181542 -0.000304701 0.000382237 -0.0181542 0.0893061 0.000374075 -0.000958993 -0.000304701 0.000374075 0.010081 -0.0184412 0.000382237 -0.000958993 -0.0184412 0.090061 
0.00990417 -0.0181737 -0.000345131 0.000404917 -0.0181737 0.0893304 0.000395406 -0.0010055 -0.000345131 0.000395406 0.0100849 -0.0184604 0.000404917 -0.0010055 -0.0184604 0.0901308 
0.00993115 -0.018235 -0.000346673 0.000447276 -0.018235 0.0894796 0.000441838 -0.00109168 -0.000346673 0.000441838 0.0100725 -0.0184321 0.000447276 -0.00109168 -0.0184321 0.0900737 
0.00992926 -0.018253 -0.000351803 0.000436018 -0.018253 0.0895589 0.000441451 -0.00110295 -0.000351803 0.000441451 0.0100895 -0.0184377 0.000436018 -0.00110295 -0.0184377 0.0900764 
0.00991524 -0.0182407 -0.000346782 0.000425657 -0.0182407 0.0895445 0.000436537 -0.00108386 -0.000346782 0.000436537 0.0100907 -0.0184556 0.000425657 -0.00108386 -0.0184556 0.0900952 
0.00991058 -0.0182288 -0.000352352 0.000436375 -0.0182288 0.0895246 0.000443151 -0.00109907 -0.000352352 0.000443151 0.010099 -0.0184565 0.000436375 -0.00109907 -0.0184565 0.0901154 
0.00991471 -0.0182221 -0.000359895 0.000445134 -0.0182221 0.0895138 0.000445134 -0.00111486 -0.000359895 0.000445134 0.0101001 -0.018467 0.000445134 -0.00111486 -0.018467 0.0901267 
0.00990416 -0.0182184 -0.000368678 0.000447293 -0.0182184 0.0894912 0.000447293 -0.00111823 -0.000368678 0.000447293 0.0101021 -0.0184759 0.000447293 -0.00111823 -0.0184759 0.0901567 
0.00989306 -0.0182146 -0.000367367 0.000450365 -0.0182146 0.0894906 0.000451725 -0.00112251 -0.000367367 0.000451725 0.0100917 -0.018469 0.000450365 -0.00112251 -0.018469 0.0901464 
0.00989664 -0.0181935 -0.000368962 0.000445206 -0.0181935 0.0894496 0.000446567 -0.00110825 -0.000368962 0.000446567 0.0100872 -0.0184781 0.000445206 -0.00110825 -0.0184781 0.0901766 
0.0099032 -0.0182056 -0.000379057 0.000433598 -0.0182056 0.0894602 0.000436325 -0.00107309 -0.000379057 0.000436325 0.0100846 -0.0184579 0.000433598 -0.00107309 -0.0184579 0.0901637 
0.00991699 -0.0182194 -0.000365585 0.000434896 -0.0182194 0.0894921 0.000440332 -0.00106006 -0.000365585 0.000440332 0.0101018 -0.0184586 0.000434896 -0.00106006 -0.0184586 0.0901417 
0.00992026 -0.0182625 -0.000368021 0.000454933 -0.0182625 0.0896055 0.000457649 -0.00111628 -0.000368021 0.000457649 0.0100982 -0.0184323 0.000454933 -0.00111628 -0.0184323 0.0900387 
0.00993157 -0.0182663 -0.000359967 0.000464168 -0.0182663 0.0896493 0.000454695 -0.00114486 -0.000359967 0.000454695 0.0101021 -0.0184436 0.000464168 -0.00114486 -0.0184436 0.0900323 
0.00992861 -0.0182718 -0.000360744 0.000459746 -0.0182718 0.0896572 0.000450253 -0.00115547 -0.000360744 0.000450253 0.0101022 -0.0184536 0.000459746 -0.00115547 -0.0184536 0.0900424 
0.00991511 -0.018265 -0.000360673 0.000469556 -0.018265 0.0896607 0.000462751 -0.00117729 -0.000360673 0.000462751 0.0100866 -0.0184393 0.000469556 -0.00117729 -0.0184393 0.0900349 
0.00989833 -0.0182229 -0.000350492 0.000448684 -0.0182229 0.0895718 0.000445957 -0.00114285 -0.000350492 0.000445957 0.0100852 -0.018452 0.000448684 -0.00114285 -0.018452 0.0900764 
0.00990199 -0.0182169 -0.000363301 0.000432956 -0.0182169 0.089529 0.000437053 -0.00110629 -0.000363301 0.000437053 0.0100754 -0.0184368 0.000432956 -0.00110629 -0.0184368 0.0900535 
0.00990166 -0.0181987 -0.000364798 0.000459426 -0.0181987 0.0894578 0.000470397 -0.00115336 -0.000364798 0.000470397 0.0100457 -0.0184278 0.000459426 -0.00115336 -0.0184278 0.0900283 
0.00990475 -0.0181852 -0.000358053 0.000456826 -0.0181852 0.0893979 0.000467801 -0.0011647 -0.000358053 0.000467801 0.0100241 -0.0184088 0.000456826 -0.0011647 -0.0184088 0.0900029 
0.00989915 -0.0182 -0.000336911 0.000428671 -0.0182 0.0894005 0.000434149 -0.00109154 -0.000336911 0.000434149 0.0100306 -0.0183712 0.000428671 -0.00109154 -0.0183712 0.0899319 
0.00990702 -0.0182152 -0.000320859 0.00040278 -0.0182152 0.0894499 0.00040278 -0.00101309 -0.000320859 0.00040278 0.0100477 -0.0183695 0.00040278 -0.00101309 -0.0183695 0.0898909 
0.00993409 -0.0182413 -0.000316684 0.000368332 -0.0182413 0.0895414 0.000364255 -0.000910637 -0.000316684 0.000364255 0.0100754 -0.0183894 0.000368332 -0.000910637 -0.0183894 0.0899043 
0.00994211 -0.0182598 -0.000317822 0.000378941 -0.0182598 0.089589 0.000376225 -0.000907286 -0.000317822 0.000376225 0.0100956 -0.0184309 0.000378941 -0.000907286 -0.0184309 0.0899788 
0.00993427 -0.0182593 -0.000330825 0.000420678 -0.0182593 0.0895936 0.000413871 -0.0010129 -0.000330825 0.000413871 0.0100881 -0.0184554 0.000420678 -0.0010129 -0.0184554 0.0900537 
0.00995317 -0.0182798 -0.000367932 0.000433101 -0.0182798 0.0896668 0.000424955 -0.00107121 -0.000367932 0.000424955 0.0100876 -0.0184387 0.000433101 -0.00107121 -0.0184387 0.0900565 
0.00995663 -0.0182946 -0.000371869 0.000454357 -0.0182946 0.0897057 0.000454357 -0.00111696 -0.000371869 0.000454357 0.0101108 -0.0184461 0.000454357 -0.00111696 -0.0184461 0.0900654 
0.00998568 -0.0183008 -0.000366447 0.00045267 -0.0183008 0.0897485 0.000454017 -0.00112359 -0.000366447 0.000454017 0.0101137 -0.0184759 0.00045267 -0.00112359 -0.0184759 0.0901257 
0.0100208 -0.0183438 -0.000352246 0.00043997 -0.0183438 0.0898214 0.000437271 -0.00109048 -0.000352246 0.000437271 0.0100937 -0.0184855 0.00043997 -0.00109048 -0.0184855 0.0901602 
0.00999897 -0.0183689 -0.000357203 0.000451916 -0.0183689 0.0898757 0.000450563 -0.00112979 -0.000357203 0.000450563 0.0101045 -0.0184663 0.000451916 -0.00112979 -0.0184663 0.0901585 
0.00998001 -0.0183479 -0.000360055 0.000454806 -0.0183479 0.0898823 0.000452099 -0.00114108 -0.000360055 0.000452099 0.0101154 -0.0184805 0.000454806 -0.00114108 -0.0184805 0.0901747 
0.00995429 -0.0183191 -0.000373032 0.000452775 -0.0183191 0.0898211 0.000452775 -0.00114478 -0.000373032 0.000452775 0.0101489 -0.0185016 0.000452775 -0.00114478 -0.0185016 0.0902333 
0.00993555 -0.0182669 -0.000394601 0.000477319 -0.0182669 0.089683 0.000480031 -0.00119194 -0.000394601 0.000480031 0.010143 -0.018549 0.000477319 -0.00119194 -0.018549 0.0903258 
0.00994875 -0.0182588 -0.000398167 0.000495677 -0.0182588 0.0896376 0.000494323 -0.00122565 -0.000398167 0.000494323 0.0101289 -0.0185324 0.000495677 -0.00122565 -0.0185324 0.0903432 
0.00997775 -0.0182812 -0.000396179 0.000491154 -0.0182812 0.0896519 0.000491154 -0.00123331 -0.000396179 0.000491154 0.010089 -0.0185105 0.000491154 -0.00123331 -0.0185105 0.090295 
0.0100077 -0.0183062 -0.000396131 0.000495164 -0.0183062 0.089698 0.000496521 -0.00124402 -0.000396131 0.000496521 0.0100647 -0.0184744 0.000495164 -0.00124402 -0.0184744 0.0902312 
0.0100449 -0.0183628 -0.000398866 0.000493834 -0.0183628 0.0898343 0.000496547 -0.00124137 -0.000398866 0.000496547 0.0100408 -0.0184279 0.000493834 -0.00124137 -0.0184279 0.0901152 
0.0100686 -0.0184401 -0.000395406 0.000474216 -0.0184401 0.0900412 0.000486445 -0.00120524 -0.000395406 0.000486445 0.010021 -0.018364 0.000474216 -0.00120524 -0.018364 0.0899379 
0.0100559 -0.0184379 -0.000416791 0.000476527 -0.0184379 0.0900758 0.000483315 -0.00118928 -0.000416791 0.000483315 0.0100396 -0.0183782 0.000476527 -0.00118928 -0.0183782 0.0899156 
0.0100589 -0.0184273 -0.000417207 0.000494167 -0.0184273 0.0900843 0.000504969 -0.00120841 -0.000417207 0.000504969 0.0100697 -0.0184003 0.000494167 -0.00120841 -0.0184003 0.0899465 
0.0100511 -0.0184151 -0.000419077 0.000512056 -0.0184151 0.0900463 0.000517446 -0.00126127 -0.000419077 0.000517446 0.0101023 -0.0184502 0.000512056 -0.00126127 -0.0184502 0.0900544 
0.0100324 -0.0184164 -0.000435956 0.000530144 -0.0184164 0.090049 0.000531489 -0.00131594 -0.000435956 0.000531489 0.0101387 -0.0184851 0.000530144 -0.00131594 -0.0184851 0.0901527 
0.0100556 -0.0184079 -0.000430532 0.000546237 -0.0184079 0.0900511 0.000543546 -0.00135617 -0.000430532 0.000543546 0.0101256 -0.0185182 0.000546237 -0.00135617 -0.0185182 0.0902408 
0.0100456 -0.0184104 -0.000433361 0.000550814 -0.0184104 0.0900189 0.000546764 -0.00138514 -0.000433361 0.000546764 0.0101118 -0.0185171 0.000550814 -0.00138514 -0.0185171 0.0902903 
0.0100532 -0.0183936 -0.000424499 0.000543089 -0.0183936 0.0899897 0.000541741 -0.00137861 -0.000424499 0.000541741 0.0101071 -0.0185243 0.000543089 -0.00137861 -0.0185243 0.0903319 
0.0100528 -0.0184056 -0.000424652 0.000537892 -0.0184056 0.0899817 0.000539241 -0.00136967 -0.000424652 0.000539241 0.0100986 -0.0185027 0.000537892 -0.00136967 -0.0185027 0.0903053 
0.0100527 -0.0184153 -0.000413735 0.000509733 -0.0184153 0.0900064 0.000509733 -0.00128447 -0.000413735 0.000509733 0.0100689 -0.0184694 0.000509733 -0.00128447 -0.0184694 0.0902065 
0.0100355 -0.0184211 -0.000402291 0.000481119 -0.0184211 0.0900426 0.000486555 -0.0012028 -0.000402291 0.000486555 0.0100586 -0.0184266 0.000481119 -0.0012028 -0.0184266 0.0901024 
0.0100165 -0.0184148 -0.000394992 0.000493059 -0.0184148 0.0900541 0.000494421 -0.00121358 -0.000394992 0.000494421 0.0100532 -0.0183944 0.000493059 -0.00121358 -0.0183944 0.0899833 
0.00999253 -0.0183766 -0.000374227 0.000477649 -0.0183766 0.0899777 0.000480371 -0.00119208 -0.000374227 0.000480371 0.0100687 -0.018397 0.000477649 -0.00119208 -0.018397 0.0899545 
0.00995568 -0.0183145 -0.000356971 0.000463245 -0.0183145 0.0898028 0.00046052 -0.00116492 -0.000356971 0.00046052 0.0100865 -0.0184331 0.000463245 -0.00116492 -0.0184331 0.0900208 
