0.00751079 0 -0.000406038 0 0 0.00998852 0 0 -0.000406038 0 0.00708851 0 0 0 0 0.00998852 
0.0105462 -0.013101 -0.000486621 0.000598413 -0.013101 0.0343052 0.000598413 -0.00114586 -0.000486621 0.000598413 0.0100415 -0.0124762 0.000598413 -0.00114586 -0.0124762 0.033105 
0.0105437 -0.0197003 -0.000387464 0.000696094 -0.0197003 0.0721774 0.000696094 -0.00221911 -0.000387464 0.000696094 0.0101244 -0.0189975 0.000696094 -0.00221911 -0.0189975 0.0699465 
0.00997607 -0.0192683 -0.000355708 0.000487272 -0.0192683 0.0860181 0.000488896 -0.00177204 -0.000355708 0.000488896 0.00954565 -0.0187486 0.000487272 -0.00177204 -0.0187486 0.0842022 
0.00999715 -0.0185989 -0.000389659 0.000405061 -0.0185989 0.0889933 0.000417382 -0.00115666 -0.000389659 0.000417382 0.0095043 -0.0180368 0.000405061 -0.00115666 -0.0180368 0.0875147 
0.010204 -0.0185652 -0.000411617 0.000461421 -0.0185652 0.0899712 0.00046728 -0.00104882 -0.000411617 0.00046728 0.00966054 -0.0179134 0.000461421 -0.00104882 -0.0179134 0.0883936 
0.010333 -0.0187129 -0.000432782 0.000528955 -0.0187129 0.0905772 0.00053037 -0.00121773 -0.000432782 0.00053037 0.00978426 -0.0180128 0.000528955 -0.00121773 -0.0180128 0.088873 
0.0103624 -0.0187889 -0.000421257 0.000545972 -0.0187889 0.0908835 0.000547358 -0.00132336 -0.000421257 0.000547358 0.00984274 -0.0181071 0.000545972 -0.00132336 -0.0181071 0.089168 
0.010365 -0.0187845 -0.000406069 0.000518183 -0.0187845 0.0909226 0.000516816 -0.00130845 -0.000406069 0.000516816 0.00985915 -0.0181569 0.000518183 -0.00130845 -0.0181569 0.089323 
0.0103338 -0.0187613 -0.000411396 0.000507795 -0.0187613 0.0908465 0.00050508 -0.00128578 -0.000411396 0.00050508 0.00988979 -0.0181978 0.000507795 -0.00128578 -0.0181978 0.0894385 
0.0103298 -0.0187545 -0.000411622 0.000506404 -0.0187545 0.0908318 0.000509112 -0.00126736 -0.000411622 0.000509112 0.00988435 -0.018198 0.000506404 -0.00126736 -0.018198 0.0894493 
0.0103094 -0.0187545 -0.000414756 0.000506623 -0.0187545 0.0908328 0.000501219 -0.00125643 -0.000414756 0.000501219 0.0099109 -0.0182114 0.000506623 -0.00125643 -0.0182114 0.089498 
0.01029 -0.0187266 -0.000406043 0.000488331 -0.0187266 0.0907892 0.000486982 -0.00120599 -0.000406043 0.000486982 0.00995144 -0.0182625 0.000488331 -0.00120599 -0.0182625 0.089629 
0.0102894 -0.0187274 -0.000395593 0.000483053 -0.0187274 0.0907992 0.000477671 -0.0011814 -0.000395593 0.000477671 0.00997458 -0.0182982 0.000483053 -0.0011814 -0.0182982 0.0897161 
0.0102974 -0.0187193 -0.000402579 0.000480671 -0.0187193 0.0907863 0.000479325 -0.00117273 -0.000402579 0.000479325 0.00997562 -0.0183382 0.000480671 -0.00117273 -0.0183382 0.089825 
0.0102848 -0.018704 -0.000396866 0.000507557 -0.018704 0.0907366 0.000504857 -0.00123784 -0.000396866 0.000504857 0.0099635 -0.0183463 0.000507557 -0.00123784 -0.0183463 0.0898875 
0.0102946 -0.0187054 -0.000385122 0.000488809 -0.0187054 0.0907488 0.000486116 -0.00122 -0.000385122 0.000486116 0.00995797 -0.0183297 0.000488809 -0.00122 -0.0183297 0.089879 
0.0103002 -0.0187168 -0.000379695 0.000477984 -0.0187168 0.0907713 0.000477984 -0.00120102 -0.000379695 0.000477984 0.00994746 -0.0183129 0.000477984 -0.00120102 -0.0183129 0.0898409 
0.0102799 -0.018713 -0.000383689 0.000478261 -0.018713 0.0907601 0.000474208 -0.00120106 -0.000383689 0.000474208 0.00993269 -0.0182982 0.000478261 -0.00120106 -0.0182982 0.0897806 
0.0102676 -0.0186816 -0.000390749 0.000484042 -0.0186816 0.090701 0.000482689 -0.00120199 -0.000390749 0.000482689 0.00992961 -0.0182922 0.000484042 -0.00120199 -0.0182922 0.0897775 
0.010297 -0.0186779 -0.000420395 0.000493156 -0.0186779 0.0906949 0.000489114 -0.00122615 -0.000420395 0.000489114 0.00991297 -0.0182818 0.000493156 -0.00122615 -0.0182818 0.0897517 
0.0103144 -0.0187392 -0.0004347 0.000526215 -0.0187392 0.0908037 0.000526215 -0.00127987 -0.0004347 0.000526215 0.00990792 -0.0182385 0.000526215 -0.00127987 -0.0182385 0.0896437 
0.0103126 -0.0187749 -0.000439638 0.00054213 -0.0187749 0.0909335 0.000544827 -0.00134858 -0.000439638 0.000544827 0.00989589 -0.0182085 0.00054213 -0.00134858 -0.0182085 0.0895175 
0.0103124 -0.0187578 -0.000435414 0.000544604 -0.0187578 0.0909395 0.0005473 -0.00136421 -0.000435414 0.0005473 0.0098932 -0.0182159 0.000544604 -0.00136421 -0.0182159 0.0895227 
0.0103012 -0.0187594 -0.000429047 0.00052619 -0.0187594 0.0909351 0.000524841 -0.00131817 -0.000429047 0.000524841 0.00989777 -0.0182129 0.00052619 -0.00131817 -0.0182129 0.0895171 
0.0102902 -0.0187417 -0.000393909 0.000516668 -0.0187417 0.0909039 0.000515319 -0.00127751 -0.000393909 0.000515319 0.00989764 -0.0182142 0.000516668 -0.00127751 -0.0182142 0.0895037 
0.0102655 -0.0186998 -0.000383807 0.00050003 -0.0186998 0.0907986 0.000501381 -0.00127035 -0.000383807 0.000501381 0.00989383 -0.0182322 0.00050003 -0.00127035 -0.0182322 0.0895459 
0.0102565 -0.0186589 -0.000395362 0.000487118 -0.0186589 0.0906661 0.000491166 -0.00124681 -0.000395362 0.000491166 0.00988135 -0.0182379 0.000487118 -0.00124681 -0.0182379 0.0895772 
0.0102577 -0.0186531 -0.000389139 0.000484741 -0.0186531 0.0906263 0.00048878 -0.00121858 -0.000389139 0.00048878 0.00988602 -0.0182222 0.000484741 -0.00121858 -0.0182222 0.0895774 
0.0102373 -0.0186793 -0.000360697 0.000466069 -0.0186793 0.0906674 0.000472824 -0.00117801 -0.000360697 0.000472824 0.00988202 -0.0181956 0.000466069 -0.00117801 -0.0181956 0.0894894 
0.0102124 -0.0186306 -0.000349914 0.000435029 -0.0186306 0.0905927 0.00043638 -0.00111054 -0.000349914 0.00043638 0.00990704 -0.0182266 0.000435029 -0.00111054 -0.0182266 0.0895497 
0.0101888 -0.018599 -0.00035895 0.000429386 -0.018599 0.0905069 0.000432095 -0.00108227 -0.00035895 0.000432095 0.00990838 -0.0182428 0.000429386 -0.00108227 -0.0182428 0.0895845 
0.010183 -0.0185772 -0.000367262 0.000439088 -0.0185772 0.0904467 0.000435022 -0.00108146 -0.000367262 0.000435022 0.00991607 -0.018252 0.000439088 -0.00108146 -0.018252 0.0896309 
0.0102092 -0.0185778 -0.000359213 0.000441589 -0.0185778 0.0904325 0.000432136 -0.00107224 -0.000359213 0.000432136 0.00992697 -0.0182658 0.000441589 -0.00107224 -0.0182658 0.0896817 
0.0102381 -0.0186125 -0.000365215 0.000443092 -0.0186125 0.0904914 0.000444434 -0.00109967 -0.000365215 0.000444434 0.00995076 -0.0182809 0.000443092 -0.00109967 -0.0182809 0.0897274 
0.0102523 -0.0186591 -0.000363994 0.000449956 -0.0186591 0.0906077 0.000448613 -0.00111482 -0.000363994 0.000448613 0.00997022 -0.0183058 0.000449956 -0.00111482 -0.0183058 0.0897723 
0.0102558 -0.0186777 -0.000374574 0.000459155 -0.0186777 0.0906911 0.00046184 -0.00115191 -0.000374574 0.00046184 0.00998863 -0.0183299 0.000459155 -0.00115191 -0.0183299 0.0898278 
0.0102638 -0.0186825 -0.000381138 0.000464638 -0.0186825 0.090719 0.000461945 -0.00115419 -0.000381138 0.000461945 0.00996885 -0.0183498 0.000464638 -0.00115419 -0.0183498 0.0898786 
0.0102746 -0.0186826 -0.000389782 0.000469357 -0.0186826 0.09071 0.000465311 -0.00115856 -0.000389782 0.000465311 0.00995091 -0.0183359 0.000469357 -0.00115856 -0.0183359 0.0898859 
0.0102983 -0.0187027 -0.000390117 0.000484609 -0.0187027 0.0907474 0.000475159 -0.00117575 -0.000390117 0.000475159 0.0099014 -0.0182842 0.000484609 -0.00117575 -0.0182842 0.0897754 
0.0102882 -0.0187284 -0.000393102 0.000484961 -0.0187284 0.0908094 0.000479558 -0.00119147 -0.000393102 0.000479558 0.00989646 -0.0182286 0.000484961 -0.00119147 -0.0182286 0.0896287 
0.010271 -0.0187281 -0.00040008 0.000493342 -0.0187281 0.0908357 0.00049199 -0.00121916 -0.00040008 0.00049199 0.00990333 -0.0182185 0.000493342 -0.00121916 -0.0182185 0.0895503 
0.0102678 -0.0187057 -0.000399746 0.000482126 -0.0187057 0.0908153 0.000482126 -0.00120059 -0.000399746 0.000482126 0.00990992 -0.0182236 0.000482126 -0.00120059 -0.0182236 0.0895296 
0.0102591 -0.0186964 -0.000408908 0.000493928 -0.0186964 0.0907722 0.000493928 -0.00122402 -0.000408908 0.000493928 0.00991501 -0.0182254 0.000493928 -0.00122402 -0.0182254 0.0895306 
0.0102466 -0.018668 -0.000410896 0.000505822 -0.018668 0.0906887 0.000508535 -0.00124896 -0.000410896 0.000508535 0.00989269 -0.0182381 0.000505822 -0.00124896 -0.0182381 0.0895685 
0.0102381 -0.0186477 -0.000396846 0.000509264 -0.0186477 0.0906272 0.000511972 -0.00127045 -0.000396846 0.000511972 0.00989272 -0.0182265 0.000509264 -0.00127045 -0.0182265 0.0895789 
0.0102223 -0.0186457 -0.000368712 0.000482579 -0.0186457 0.0906001 0.000481223 -0.00121729 -0.000368712 0.000481223 0.00989423 -0.0182174 0.000482579 -0.00121729 -0.0182174 0.0895455 
0.0102083 -0.0186094 -0.000350045 0.000443662 -0.0186094 0.0905097 0.000440948 -0.00112069 -0.000350045 0.000440948 0.00989759 -0.0182295 0.000443662 -0.00112069 -0.0182295 0.0895573 
0.0101906 -0.0185962 -0.000354019 0.000444898 -0.0185962 0.0904553 0.000440829 -0.00111089 -0.000354019 0.000440829 0.00989219 -0.0182137 0.000444898 -0.00111089 -0.0182137 0.0895262 
0.0101737 -0.0185832 -0.000343907 0.000440039 -0.0185832 0.0904395 0.000442747 -0.00110619 -0.000343907 0.000442747 0.00990426 -0.0182068 0.000440039 -0.00110619 -0.0182068 0.0895026 
0.0101809 -0.0185592 -0.000344242 0.000424203 -0.0185592 0.0904027 0.000426914 -0.00107474 -0.000344242 0.000426914 0.00990169 -0.0182312 0.000424203 -0.00107474 -0.0182312 0.089534 
0.0101839 -0.018574 -0.000344667 0.000419299 -0.018574 0.0904044 0.000419299 -0.00103807 -0.000344667 0.000419299 0.00989085 -0.0182171 0.000419299 -0.00103807 -0.0182171 0.0895224 
0.0101719 -0.0185755 -0.000348223 0.000418956 -0.0185755 0.0904142 0.000414875 -0.00102427 -0.000348223 0.000414875 0.00988763 -0.0182015 0.000418956 -0.00102427 -0.0182015 0.0894906 
0.0101687 -0.0185601 -0.000326093 0.000422562 -0.0185601 0.0903956 0.000423921 -0.00102991 -0.000326093 0.000423921 0.00988061 -0.018196 0.000422562 -0.00102991 -0.018196 0.0894499 
0.0101567 -0.0185411 -0.000324568 0.000399259 -0.0185411 0.0903317 0.000403333 -0.00100765 -0.000324568 0.000403333 0.00988234 -0.0181989 0.000399259 -0.00100765 -0.0181989 0.0894571 
0.010151 -0.0185347 -0.000346949 0.00040387 -0.0185347 0.0903043 0.000409291 -0.00101916 -0.000346949 0.000409291 0.00988262 -0.0181836 0.00040387 -0.00101916 -0.0181836 0.0894247 
0.0101367 -0.0185053 -0.000345741 0.000434217 -0.0185053 0.0902247 0.00043694 -0.00106172 -0.000345741 0.00043694 0.00986449 -0.0182004 0.000434217 -0.00106172 -0.0182004 0.089457 
0.0101412 -0.0185062 -0.000332855 0.000436531 -0.0185062 0.0902132 0.000437895 -0.00108724 -0.000332855 0.000437895 0.00984105 -0.0181692 0.000436531 -0.00108724 -0.0181692 0.0894057 
0.0101469 -0.0185106 -0.000326923 0.000410016 -0.0185106 0.0902266 0.000411378 -0.00104888 -0.000326923 0.000411378 0.00982812 -0.018136 0.000410016 -0.00104888 -0.018136 0.0893181 
0.0101573 -0.0185217 -0.000341158 0.000409117 -0.0185217 0.0902451 0.000413195 -0.00103842 -0.000341158 0.000413195 0.00982154 -0.0181072 0.000409117 -0.00103842 -0.0181072 0.0892352 
0.0101492 -0.0185092 -0.000333695 0.00042051 -0.0185092 0.0902075 0.000415084 -0.00103364 -0.000333695 0.000415084 0.00981959 -0.0181131 0.00042051 -0.00103364 -0.0181131 0.0892322 
0.0101354 -0.01852 -0.000319193 0.000412913 -0.01852 0.0902351 0.000406122 -0.00102006 -0.000319193 0.000406122 0.00982571 -0.0181043 0.000412913 -0.00102006 -0.0181043 0.0892097 
0.0101188 -0.0184951 -0.000289304 0.00039253 -0.0184951 0.0902017 0.000387097 -0.000982003 -0.000289304 0.000387097 0.00983633 -0.0181256 0.00039253 -0.000982003 -0.0181256 0.0892469 
0.0100998 -0.0184848 -0.000293022 0.000364921 -0.0184848 0.0901707 0.000358138 -0.000936043 -0.000293022 0.000358138 0.00985693 -0.0181307 0.000364921 -0.000936043 -0.0181307 0.0892686 
0.0100917 -0.0184672 -0.000309302 0.000360852 -0.0184672 0.0901452 0.000359496 -0.0009062 -0.000309302 0.000359496 0.0098651 -0.0181511 0.000360852 -0.0009062 -0.0181511 0.0893001 
0.010083 -0.0184512 -0.000317983 0.00038321 -0.0184512 0.0900978 0.000380492 -0.000932206 -0.000317983 0.000380492 0.00987105 -0.0181685 0.00038321 -0.000932206 -0.0181685 0.0893572 
0.0100799 -0.0184401 -0.000326254 0.000398301 -0.0184401 0.090065 0.00040102 -0.000989636 -0.000326254 0.00040102 0.00987461 -0.0181764 0.000398301 -0.000989636 -0.0181764 0.0893908 
0.0101044 -0.0184209 -0.00032112 0.000413647 -0.0184209 0.0900117 0.000419089 -0.00103956 -0.00032112 0.000419089 0.00983635 -0.0181855 0.000413647 -0.00103956 -0.0181855 0.089417 
0.0101102 -0.0184375 -0.000317347 0.000415411 -0.0184375 0.089989 0.000418135 -0.00106781 -0.000317347 0.000418135 0.00982005 -0.0181582 0.000415411 -0.00106781 -0.0181582 0.0893965 
0.0101279 -0.0184686 -0.000321953 0.000399712 -0.0184686 0.0900731 0.000407898 -0.00104771 -0.000321953 0.000407898 0.00979636 -0.0181112 0.000399712 -0.00104771 -0.0181112 0.0892805 
0.0101413 -0.0185105 -0.000328501 0.000393928 -0.0185105 0.0901987 0.000398018 -0.00100322 -0.000328501 0.000398018 0.00978414 -0.0180607 0.000393928 -0.00100322 -0.0180607 0.0891314 
0.010131 -0.018525 -0.000334558 0.000397373 -0.018525 0.090272 0.000400104 -0.000990019 -0.000334558 0.000400104 0.00978958 -0.0180416 0.000397373 -0.000990019 -0.0180416 0.0890416 
0.0100974 -0.0184839 -0.000330995 0.000407273 -0.0184839 0.0902008 0.00041136 -0.00100797 -0.000330995 0.00041136 0.00982632 -0.0180739 0.000407273 -0.00100797 -0.0180739 0.0890879 
0.0100668 -0.0184438 -0.000318115 0.00040648 -0.0184438 0.0900958 0.00040512 -0.00100328 -0.000318115 0.00040512 0.00985883 -0.0181162 0.00040648 -0.00100328 -0.0181162 0.0891713 
0.0100452 -0.0184018 -0.000309502 0.000382805 -0.0184018 0.0899768 0.000381447 -0.000965157 -0.000309502 0.000381447 0.00988505 -0.0181656 0.000382805 -0.000965157 -0.0181656 0.0893007 
0.0100172 -0.018368 -0.000314818 0.000397594 -0.018368 0.0898643 0.000393523 -0.000983807 -0.000314818 0.000393523 0.00990592 -0.0182011 0.000397594 -0.000983807 -0.0182011 0.0894179 
0.0100358 -0.0183486 -0.000317478 0.000398883 -0.0183486 0.0898123 0.000392099 -0.000990423 -0.000317478 0.000392099 0.00988388 -0.0182197 0.000398883 -0.000990423 -0.0182197 0.0894827 
0.0100796 -0.0183806 -0.000297579 0.000395413 -0.0183806 0.0898552 0.000391336 -0.000991929 -0.000297579 0.000391336 0.00984183 -0.0181876 0.000395413 -0.000991929 -0.0181876 0.0894543 
0.0101038 -0.0184344 -0.000301465 0.000379218 -0.0184344 0.0899689 0.000372398 -0.000969871 -0.000301465 0.000372398 0.00979693 -0.0181247 0.000379218 -0.000969871 -0.0181247 0.0893182 
0.0101211 -0.0184648 -0.000306205 0.000381055 -0.0184648 0.090065 0.000375611 -0.000960802 -0.000306205 0.000375611 0.00979038 -0.0180865 0.000381055 -0.000960802 -0.0180865 0.089228 
0.0101253 -0.0184837 -0.000306292 0.000372996 -0.0184837 0.0901315 0.00037708 -0.000940657 -0.000306292 0.00037708 0.00979726 -0.0180808 0.000372996 -0.000940657 -0.0180808 0.0891745 
0.0101173 -0.0184817 -0.00032218 0.000371326 -0.0184817 0.0901448 0.000378152 -0.000931045 -0.00032218 0.000378152 0.0098183 -0.0180967 0.000371326 -0.000931045 -0.0180967 0.0892029 
0.0101012 -0.0184785 -0.000312801 0.000387928 -0.0184785 0.0901414 0.000398856 -0.000968455 -0.000312801 0.000398856 0.0098389 -0.0181124 0.000387928 -0.000968455 -0.0181124 0.0892385 
0.0100939 -0.0184586 -0.000285239 0.00037122 -0.0184586 0.0901123 0.00037395 -0.000936239 -0.000285239 0.00037395 0.00986053 -0.0181366 0.00037122 -0.000936239 -0.0181366 0.089288 
0.0100834 -0.0184495 -0.000306511 0.000369456 -0.0184495 0.0900746 0.000372192 -0.000941428 -0.000306511 0.000372192 0.00984668 -0.0181416 0.000369456 -0.000941428 -0.0181416 0.0892742 
0.0100926 -0.0184358 -0.000320314 0.000394232 -0.0184358 0.090041 0.000398339 -0.00098558 -0.000320314 0.000398339 0.00981063 -0.0181224 0.000394232 -0.00098558 -0.0181224 0.089232 
0.0100831 -0.018435 -0.00031912 0.00042321 -0.018435 0.0899985 0.000419101 -0.00105323 -0.00031912 0.000419101 0.00979135 -0.0180844 0.00042321 -0.00105323 -0.0180844 0.0891645 
0.0100851 -0.0184418 -0.000300844 0.000381525 -0.0184418 0.0900318 0.000381525 -0.000980479 -0.000300844 0.000381525 0.00979522 -0.0180548 0.000381525 -0.000980479 -0.0180548 0.0890814 
0.0100831 -0.0184289 -0.000296601 0.000355374 -0.0184289 0.0900095 0.000351274 -0.000893903 -0.000296601 0.000351274 0.00980833 -0.0180749 0.000355374 -0.000893903 -0.0180749 0.0890978 
0.0100754 -0.0184219 -0.000293364 0.000354766 -0.0184219 0.0899878 0.000350673 -0.000867813 -0.000293364 0.000350673 0.00983248 -0.0181026 0.000354766 -0.000867813 -0.0181026 0.0891555 
0.0100793 -0.0184299 -0.000281986 0.000362359 -0.0184299 0.0900054 0.000355548 -0.000877291 -0.000281986 0.000355548 0.009845 -0.0181125 0.000362359 -0.000877291 -0.0181125 0.0891826 
0.0100442 -0.0184155 -0.000298342 0.000366457 -0.0184155 0.0899727 0.000359646 -0.000916824 -0.000298342 0.000359646 0.00987391 -0.0181362 0.000366457 -0.000916824 -0.0181362 0.0892411 
0.0100191 -0.0183803 -0.000311946 0.000390954 -0.0183803 0.0899154 0.000382781 -0.000969894 -0.000311946 0.000382781 0.00989918 -0.018176 0.000390954 -0.000969894 -0.018176 0.0893283 
0.0100311 -0.0183585 -0.000295271 0.000375553 -0.0183585 0.0898768 0.000376913 -0.000940242 -0.000295271 0.000376913 0.00989908 -0.0182061 0.000375553 -0.000940242 -0.0182061 0.0894115 
0.0100574 -0.0183611 -0.000291381 0.000348302 -0.0183611 0.0898538 0.000352368 -0.000897183 -0.000291381 0.000352368 0.00991509 -0.0182364 0.000348302 -0.000897183 -0.0182364 0.0895286 
0.0100783 -0.018411 -0.000301086 0.00036483 -0.018411 0.0899353 0.000367542 -0.000911397 -0.000301086 0.000367542 0.00990466 -0.0182266 0.00036483 -0.000911397 -0.0182266 0.0895271 
0.0100881 -0.0184216 -0.000318901 0.000389467 -0.0184216 0.0899777 0.000393538 -0.000968917 -0.000318901 0.000393538 0.0098968 -0.018233 0.000389467 -0.000968917 -0.018233 0.0895543 
0.0100904 -0.0184465 -0.000321127 0.000386165 -0.0184465 0.090047 0.00039294 -0.000970156 -0.000321127 0.00039294 0.00990616 -0.0182243 0.000386165 -0.000970156 -0.0182243 0.0895551 
0.0100845 -0.0184486 -0.000327234 0.000412776 -0.0184486 0.0900734 0.000414134 -0.00102922 -0.000327234 0.000414134 0.00991205 -0.0182355 0.000412776 -0.00102922 -0.0182355 0.0895574 
0.0100808 -0.0184654 -0.000340337 0.000415212 -0.0184654 0.0901309 0.000408405 -0.00103326 -0.000340337 0.000408405 0.00990518 -0.0182094 0.000415212 -0.00103326 -0.0182094 0.0894843 
0.0100868 -0.0184457 -0.000354593 0.000432331 -0.0184457 0.0901131 0.00042824 -0.0010706 -0.000354593 0.00042824 0.00987952 -0.0182016 0.000432331 -0.0010706 -0.0182016 0.089453 
0.0100902 -0.0184369 -0.000360171 0.000433842 -0.0184369 0.0900617 0.000432478 -0.00107778 -0.000360171 0.000432478 0.00986786 -0.0181859 0.000433842 -0.00107778 -0.0181859 0.0894355 
0.0100897 -0.0184537 -0.000371525 0.000446374 -0.0184537 0.0900913 0.000449096 -0.00111321 -0.000371525 0.000449096 0.00988419 -0.0181707 0.000446374 -0.00111321 -0.0181707 0.0893959 
0.010114 -0.0184749 -0.000371232 0.000462008 -0.0184749 0.0901633 0.000463363 -0.0011557 -0.000371232 0.000463363 0.00989726 -0.01817 0.000462008 -0.0011557 -0.01817 0.0893666 
0.0101174 -0.0184837 -0.000380099 0.000468336 -0.0184837 0.0901772 0.000473766 -0.00119731 -0.000380099 0.000473766 0.00989208 -0.0182027 0.000468336 -0.00119731 -0.0182027 0.0894197 
0.0101043 -0.0184991 -0.000373377 0.000464345 -0.0184991 0.090212 0.000462987 -0.00117716 -0.000373377 0.000462987 0.00991146 -0.0182018 0.000464345 -0.00117716 -0.0182018 0.089453 
0.0100987 -0.0184788 -0.000377091 0.000462547 -0.0184788 0.0901939 0.000457121 -0.00116111 -0.000377091 0.000457121 0.00992915 -0.0182387 0.000462547 -0.00116111 -0.0182387 0.0895224 
0.0100793 -0.0184512 -0.000359685 0.000466912 -0.0184512 0.0901167 0.000461482 -0.00116185 -0.000359685 0.000461482 0.00993952 -0.0182611 0.000466912 -0.00116185 -0.0182611 0.0895941 
0.0100899 -0.0184295 -0.000342723 0.000448804 -0.0184295 0.0900491 0.000447444 -0.00114377 -0.000342723 0.000447444 0.00991584 -0.018269 0.000448804 -0.00114377 -0.018269 0.0896288 
0.0100949 -0.0184351 -0.000332679 0.000425393 -0.0184351 0.0900211 0.00042812 -0.00109484 -0.000332679 0.00042812 0.00988085 -0.0182346 0.000425393 -0.00109484 -0.0182346 0.0895889 
0.0100878 -0.0184412 -0.000343855 0.000420267 -0.0184412 0.0900258 0.000421631 -0.00107386 -0.000343855 0.000421631 0.00987081 -0.0181984 0.000420267 -0.00107386 -0.0181984 0.0895086 
0.0100773 -0.0184309 -0.000344197 0.000417953 -0.0184309 0.0900212 0.000416588 -0.00104488 -0.000344197 0.000416588 0.0098861 -0.0181946 0.000417953 -0.00104488 -0.0181946 0.0894789 
0.0101155 -0.0184452 -0.000323195 0.00041282 -0.0184452 0.0900559 0.000411462 -0.00102662 -0.000323195 0.000411462 0.00988732 -0.018198 0.00041282 -0.00102662 -0.018198 0.0894638 
0.0101511 -0.0184939 -0.000349991 0.000420532 -0.0184939 0.0901579 0.000419175 -0.00106083 -0.000349991 0.000419175 0.00987436 -0.018186 0.000420532 -0.00106083 -0.018186 0.0894281 
0.0101418 -0.0185309 -0.000374417 0.000451742 -0.0185309 0.0902534 0.000453098 -0.00112732 -0.000374417 0.000453098 0.00989762 -0.0181809 0.000451742 -0.00112732 -0.0181809 0.0894286 
0.010127 -0.0185336 -0.000390024 0.00046069 -0.0185336 0.0903116 0.000468844 -0.00116056 -0.000390024 0.000468844 0.00991776 -0.0182075 0.00046069 -0.00116056 -0.0182075 0.0894609 
0.0101214 -0.0185125 -0.000386926 0.000467309 -0.0185125 0.0902901 0.000474121 -0.0011744 -0.000386926 0.000474121 0.00992112 -0.0182414 0.000467309 -0.0011744 -0.0182414 0.0895366 
0.0101326 -0.0184888 -0.000384162 0.000478159 -0.0184888 0.0902153 0.000480883 -0.00119744 -0.000384162 0.000480883 0.009916 -0.0182681 0.000478159 -0.00119744 -0.0182681 0.0896336 
0.0101593 -0.0185075 -0.00038693 0.000480607 -0.0185075 0.0902225 0.000481965 -0.00121238 -0.00038693 0.000481965 0.00990133 -0.0182386 0.000480607 -0.00121238 -0.0182386 0.0896007 
0.0101871 -0.0185346 -0.000380663 0.000476845 -0.0185346 0.0902714 0.000475491 -0.00119482 -0.000380663 0.000475491 0.00988641 -0.0182285 0.000476845 -0.00119482 -0.0182285 0.089567 
0.0102256 -0.0185861 -0.000359722 0.000462887 -0.0185861 0.0903865 0.000457457 -0.00114975 -0.000359722 0.000457457 0.00984144 -0.0181938 0.000462887 -0.00114975 -0.0181938 0.0894811 
0.01022 -0.0186041 -0.000367186 0.000455582 -0.0186041 0.0904296 0.000452862 -0.00114779 -0.000367186 0.000452862 0.00983241 -0.0181634 0.000455582 -0.00114779 -0.0181634 0.089426 
0.0102073 -0.0186098 -0.000351694 0.000447115 -0.0186098 0.0904781 0.000452568 -0.00112051 -0.000351694 0.000452568 0.00982699 -0.0181341 0.000447115 -0.00112051 -0.0181341 0.0893371 
0.0101805 -0.0186021 -0.000347957 0.000436306 -0.0186021 0.0904851 0.000443102 -0.00111591 -0.000347957 0.000443102 0.00985153 -0.0181155 0.000436306 -0.00111591 -0.0181155 0.08927 
0.0101533 -0.0185661 -0.000336401 0.000416756 -0.0185661 0.0904142 0.000423565 -0.00105415 -0.000336401 0.000423565 0.00985913 -0.0181384 0.000416756 -0.00105415 -0.0181384 0.0892661 
0.0101234 -0.0185304 -0.000326076 0.000409301 -0.0185304 0.090315 0.000410665 -0.00102598 -0.000326076 0.000410665 0.00985187 -0.0181348 0.000409301 -0.00102598 -0.0181348 0.0892631 
0.0101118 -0.01848 -0.000325046 0.000391687 -0.01848 0.0901873 0.000391687 -0.000987378 -0.000325046 0.000391687 0.00986834 -0.0181645 0.000391687 -0.000987378 -0.0181645 0.0893414 
0.0101032 -0.0184448 -0.000327576 0.00040777 -0.0184448 0.0900547 0.000402334 -0.000990882 -0.000327576 0.000402334 0.0098762 -0.0181934 0.00040777 -0.000990882 -0.0181934 0.0894295 
0.0100932 -0.0184532 -0.000339839 0.000424119 -0.0184532 0.0900478 0.0004214 -0.00104263 -0.000339839 0.0004214 0.00987843 -0.0181773 0.000424119 -0.00104263 -0.0181773 0.0894211 
0.0100685 -0.0184283 -0.000347472 0.000433318 -0.0184283 0.0899925 0.000426505 -0.00108057 -0.000347472 0.000426505 0.00988728 -0.0181994 0.000433318 -0.00108057 -0.0181994 0.0894611 
0.010066 -0.0184251 -0.000348469 0.000433195 -0.0184251 0.089987 0.000424996 -0.00107411 -0.000348469 0.000424996 0.00986646 -0.0181764 0.000433195 -0.00107411 -0.0181764 0.0894117 
0.010067 -0.0184032 -0.00036523 0.000436096 -0.0184032 0.0899461 0.000429282 -0.00108343 -0.00036523 0.000429282 0.00987348 -0.0181866 0.000436096 -0.00108343 -0.0181866 0.0894405 
0.0100823 -0.0184175 -0.000383527 0.00045723 -0.0184175 0.0899637 0.000458595 -0.00113284 -0.000383527 0.000458595 0.00985706 -0.0181677 0.00045723 -0.00113284 -0.0181677 0.0893864 
0.0100945 -0.0184333 -0.000383061 0.000485301 -0.0184333 0.0900084 0.000486664 -0.00119553 -0.000383061 0.000486664 0.00984371 -0.0181484 0.000485301 -0.00119553 -0.0181484 0.0893431 
0.0100768 -0.0184297 -0.000357846 0.000481663 -0.0184297 0.0899908 0.000483024 -0.00121368 -0.000357846 0.000483024 0.0098809 -0.0181699 0.000481663 -0.00121368 -0.0181699 0.0893908 
0.0100629 -0.0184163 -0.000338924 0.000427399 -0.0184163 0.0899729 0.000427399 -0.0011175 -0.000338924 0.000427399 0.00990776 -0.0182039 0.000427399 -0.0011175 -0.0182039 0.0894556 
0.0100851 -0.0184001 -0.000329348 0.000410669 -0.0184001 0.0899486 0.000409313 -0.00104903 -0.000329348 0.000409313 0.00990891 -0.0182348 0.000410669 -0.00104903 -0.0182348 0.0895393 
0.0100835 -0.0184282 -0.000338555 0.000411683 -0.0184282 0.0899757 0.000408974 -0.00103733 -0.000338555 0.000408974 0.00991288 -0.0182373 0.000411683 -0.00103733 -0.0182373 0.0895572 
0.0100664 -0.0184429 -0.000358642 0.000434718 -0.0184429 0.0900327 0.000427925 -0.00107593 -0.000358642 0.000427925 0.009917 -0.018231 0.000434718 -0.00107593 -0.018231 0.0895301 
0.0100802 -0.018446 -0.000353215 0.000448312 -0.018446 0.0901025 0.000442878 -0.00109633 -0.000353215 0.000442878 0.00988867 -0.0182042 0.000448312 -0.00109633 -0.0182042 0.0894558 
0.0100958 -0.0184641 -0.000332992 0.000439005 -0.0184641 0.0901497 0.000437646 -0.00110363 -0.000332992 0.000437646 0.00987966 -0.01818 0.000439005 -0.00110363 -0.01818 0.0893899 
0.0101172 -0.0184771 -0.00029649 0.000399381 -0.0184771 0.0901951 0.000400735 -0.00102214 -0.00029649 0.000400735 0.00988299 -0.0181712 0.000399381 -0.00102214 -0.0181712 0.0893625 
0.0101186 -0.018481 -0.000289994 0.000372655 -0.018481 0.0901772 0.000375366 -0.000964839 -0.000289994 0.000375366 0.00987198 -0.0181788 0.000372655 -0.000964839 -0.0181788 0.0893628 
0.0101022 -0.0185036 -0.000276193 0.000351024 -0.0185036 0.0902282 0.000352385 -0.000897969 -0.000276193 0.000352385 0.00984909 -0.0181417 0.000351024 -0.000897969 -0.0181417 0.0892758 
0.0100855 -0.0184739 -0.00029555 0.000351391 -0.0184739 0.0901945 0.000352753 -0.000890736 -0.00029555 0.000352753 0.00984168 -0.0181321 0.000351391 -0.000890736 -0.0181321 0.0892412 
0.0100867 -0.018432 -0.000326784 0.000379886 -0.018432 0.0900807 0.000378525 -0.000934058 -0.000326784 0.000378525 0.00982939 -0.0181406 0.000379886 -0.000934058 -0.0181406 0.089272 
0.010086 -0.0184326 -0.000360409 0.000418891 -0.0184326 0.0900262 0.000421611 -0.00101867 -0.000360409 0.000421611 0.00984122 -0.0181374 0.000418891 -0.00101867 -0.0181374 0.0892931 
0.0100764 -0.0184203 -0.000367972 0.000448083 -0.0184203 0.089986 0.000454873 -0.0011012 -0.000367972 0.000454873 0.00986327 -0.0181555 0.000448083 -0.0011012 -0.0181555 0.0893451 
0.0100458 -0.0184201 -0.000356641 0.000453288 -0.0184201 0.0899783 0.000461455 -0.00114479 -0.000356641 0.000461455 0.0098961 -0.0181778 0.000453288 -0.00114479 -0.0181778 0.0893929 
0.010036 -0.0184143 -0.00034161 0.000434158 -0.0184143 0.0900013 0.000440963 -0.0011201 -0.00034161 0.000440963 0.0099203 -0.0181992 0.000434158 -0.0011201 -0.0181992 0.0894256 
