0.0076485 0 0.000296327 0 0 0.00998659 0 0 0.000296327 0 0.00694201 0 0 0 0 0.00998659 
0.0107083 -0.0132932 0.000360567 -0.000441242 -0.0132932 0.0346786 -0.000441242 0.000847908 0.000360567 -0.000441242 0.00988019 -0.0122692 -0.000441242 0.000847908 -0.0122692 0.0327177 
0.0106952 -0.0198876 0.000241597 -0.000441539 -0.0198876 0.0727772 -0.000441539 0.00141792 0.000241597 -0.000441539 0.0100371 -0.0188562 -0.000441539 0.00141792 -0.0188562 0.0694898 
0.0101037 -0.0194641 0.000195514 -0.000311852 -0.0194641 0.0866028 -0.000303773 0.00111653 0.000195514 -0.000303773 0.00949614 -0.0186449 -0.000311852 0.00111653 -0.0186449 0.0838591 
0.0101514 -0.0187307 0.000192864 -0.000241845 -0.0187307 0.0893587 -0.00023113 0.000708698 0.000192864 -0.00023113 0.00943502 -0.0180083 -0.000241845 0.000708698 -0.0180083 0.0874377 
0.0103937 -0.01874 0.000220987 -0.000240012 -0.01874 0.0902899 -0.000231231 0.000560516 0.000220987 -0.000231231 0.00951999 -0.0178282 -0.000240012 0.000560516 -0.0178282 0.0882981 
0.0105271 -0.0189575 0.000233746 -0.000288995 -0.0189575 0.091066 -0.000287578 0.000647405 0.000233746 -0.000287578 0.00958924 -0.0178128 -0.000288995 0.000647405 -0.0178128 0.088516 
0.0105425 -0.0190488 0.000231474 -0.000288303 -0.0190488 0.0914905 -0.000291075 0.000698581 0.000231474 -0.000291075 0.0096332 -0.0178304 -0.000288303 0.000698581 -0.0178304 0.0885368 
0.0105208 -0.0190104 0.000220065 -0.000287042 -0.0190104 0.0915212 -0.000291142 0.000713504 0.000220065 -0.000291142 0.00966237 -0.0178745 -0.000287042 0.000713504 -0.0178745 0.0885947 
0.0104986 -0.0189676 0.000207719 -0.000274243 -0.0189676 0.0914086 -0.000275601 0.000700543 0.000207719 -0.000275601 0.00968405 -0.0179236 -0.000274243 0.000700543 -0.0179236 0.0886919 
0.0104804 -0.0189426 0.000206956 -0.000255652 -0.0189426 0.0913258 -0.000258357 0.000662801 0.000206956 -0.000258357 0.00969042 -0.0179484 -0.000255652 0.000662801 -0.0179484 0.0887761 
0.0104542 -0.0189249 0.000224443 -0.00025554 -0.0189249 0.0912536 -0.00025554 0.000638175 0.000224443 -0.00025554 0.00969431 -0.0179608 -0.00025554 0.000638175 -0.0179608 0.0888253 
0.0104377 -0.0188955 0.00022464 -0.000267945 -0.0188955 0.0911999 -0.000265238 0.000642796 0.00022464 -0.000265238 0.00969337 -0.0179739 -0.000267945 0.000642796 -0.0179739 0.0888845 
0.0104207 -0.018873 0.000208766 -0.000272481 -0.018873 0.0911414 -0.000275192 0.000666968 0.000208766 -0.000275192 0.00969272 -0.0179783 -0.000272481 0.000666968 -0.0179783 0.0889209 
0.0104125 -0.0188744 0.00019398 -0.000250953 -0.0188744 0.0911515 -0.000261805 0.000648408 0.00019398 -0.000261805 0.00968678 -0.0179587 -0.000250953 0.000648408 -0.0179587 0.0888835 
0.0104014 -0.0188614 0.000184889 -0.000225673 -0.0188614 0.0911407 -0.000236549 0.000594091 0.000184889 -0.000236549 0.00967132 -0.0179424 -0.000225673 0.000594091 -0.0179424 0.0888282 
0.0103792 -0.0188377 0.000173123 -0.000218108 -0.0188377 0.0910806 -0.000223561 0.000556176 0.000173123 -0.000223561 0.00967037 -0.0179353 -0.000218108 0.000556176 -0.0179353 0.0888068 
0.0103502 -0.0188068 0.000161338 -0.000207825 -0.0188068 0.0910069 -0.000207825 0.000518196 0.000161338 -0.000207825 0.0096625 -0.0179208 -0.000207825 0.000518196 -0.0179208 0.0887591 
0.0103528 -0.0187716 0.000160931 -0.000218211 -0.0187716 0.0909286 -0.000211392 0.0005428 0.000160931 -0.000211392 0.00965584 -0.0179179 -0.000218211 0.0005428 -0.0179179 0.088756 
0.0103464 -0.0187792 0.000158106 -0.000203084 -0.0187792 0.0909096 -0.000197632 0.000512482 0.000158106 -0.000197632 0.00965673 -0.017896 -0.000203084 0.000512482 -0.017896 0.0887002 
0.0103287 -0.0187668 0.000174347 -0.000213847 -0.0187668 0.0908796 -0.000213847 0.000533937 0.000174347 -0.000213847 0.00967352 -0.0179019 -0.000213847 0.000533937 -0.0179019 0.0886908 
0.0103043 -0.0187299 0.000201484 -0.00023688 -0.0187299 0.0908013 -0.000238241 0.000588116 0.000201484 -0.000238241 0.00969711 -0.017943 -0.00023688 0.000588116 -0.017943 0.0887742 
0.0102846 -0.0186917 0.000213612 -0.000263953 -0.0186917 0.0906842 -0.000262593 0.000643556 0.000213612 -0.000262593 0.00970912 -0.0179787 -0.000263953 0.000643556 -0.0179787 0.088876 
0.0102847 -0.018697 0.000210307 -0.000279505 -0.018697 0.0906872 -0.000275435 0.000690622 0.000210307 -0.000275435 0.00971891 -0.0179724 -0.000279505 0.000690622 -0.0179724 0.0888785 
0.0102947 -0.0187056 0.000189464 -0.000254424 -0.0187056 0.0907156 -0.000250364 0.000641472 0.000189464 -0.000250364 0.00972494 -0.0179775 -0.000254424 0.000641472 -0.0179775 0.0888886 
0.0103046 -0.0187126 0.000165634 -0.000218582 -0.0187126 0.090743 -0.000217225 0.000557996 0.000165634 -0.000217225 0.00969773 -0.0179821 -0.000218582 0.000557996 -0.0179821 0.088883 
0.0103319 -0.0187117 0.000177832 -0.000194122 -0.0187117 0.0907362 -0.000196836 0.000495485 0.000177832 -0.000196836 0.0096735 -0.0179786 -0.000194122 0.000495485 -0.0179786 0.0889172 
0.0103423 -0.0187499 0.000187228 -0.000213005 -0.0187499 0.090804 -0.000213005 0.000506057 0.000187228 -0.000213005 0.00966528 -0.0179399 -0.000213005 0.000506057 -0.0179399 0.0888598 
0.0103469 -0.0187701 0.000193311 -0.000237921 -0.0187701 0.0908738 -0.000235218 0.000561008 0.000193311 -0.000235218 0.00969259 -0.0179428 -0.000237921 0.000561008 -0.0179428 0.0888474 
0.0103132 -0.0187597 0.000177208 -0.000234022 -0.0187597 0.0908574 -0.00023267 0.000573557 0.000177208 -0.00023267 0.00973289 -0.0179764 -0.000234022 0.000573557 -0.0179764 0.0888919 
0.0103136 -0.0187336 0.000172278 -0.000214331 -0.0187336 0.0908273 -0.000214331 0.000546679 0.000172278 -0.000214331 0.00973169 -0.0180146 -0.000214331 0.000546679 -0.0180146 0.0889797 
0.0103212 -0.01874 0.000168376 -0.000215901 -0.01874 0.0908251 -0.000214543 0.000547221 0.000168376 -0.000214543 0.00971012 -0.0179986 -0.000215901 0.000547221 -0.0179986 0.0889798 
0.0103215 -0.0187294 0.000177536 -0.000210062 -0.0187294 0.0907887 -0.000211417 0.000538029 0.000177536 -0.000211417 0.00972518 -0.018007 -0.000210062 0.000538029 -0.018007 0.0890228 
0.0103244 -0.0187543 0.00017345 -0.000215458 -0.0187543 0.0908433 -0.000215458 0.000535257 0.00017345 -0.000215458 0.00973084 -0.0179887 -0.000215458 0.000535257 -0.0179887 0.0889692 
0.0103216 -0.0187572 0.000185742 -0.000216925 -0.0187572 0.0908767 -0.000216925 0.00054638 0.000185742 -0.000216925 0.00972773 -0.0179912 -0.000216925 0.00054638 -0.0179912 0.0889406 
0.0102983 -0.0187469 0.000184432 -0.00023054 -0.0187469 0.0908489 -0.000233252 0.000566857 0.000184432 -0.000233252 0.00974234 -0.017997 -0.00023054 0.000566857 -0.017997 0.0889558 
0.0102894 -0.0186993 0.000168633 -0.000231191 -0.0186993 0.0907479 -0.000235271 0.000586137 0.000168633 -0.000235271 0.00973314 -0.0180315 -0.000231191 0.000586137 -0.0180315 0.0890235 
0.0102978 -0.0186795 0.000169752 -0.000222714 -0.0186795 0.0906679 -0.000226788 0.000592094 0.000169752 -0.000226788 0.00972474 -0.0180344 -0.000222714 0.000592094 -0.0180344 0.0890776 
0.0102952 -0.0186946 0.000188766 -0.000215927 -0.0186946 0.0906566 -0.000213211 0.000555434 0.000188766 -0.000213211 0.00971806 -0.0180034 -0.000215927 0.000555434 -0.0180034 0.089027 
0.0102727 -0.0186846 0.000197526 -0.00021796 -0.0186846 0.0906345 -0.000212511 0.000516293 0.000197526 -0.000212511 0.00972101 -0.0180008 -0.00021796 0.000516293 -0.0180008 0.0889957 
0.0102609 -0.0186592 0.000194991 -0.000239989 -0.0186592 0.0905905 -0.000237262 0.00056043 0.000194991 -0.000237262 0.00971548 -0.0179978 -0.000239989 0.00056043 -0.0179978 0.0889774 
0.010268 -0.0186674 0.000201868 -0.000245516 -0.0186674 0.0906075 -0.00024688 0.000602877 0.000201868 -0.00024688 0.00969377 -0.0179649 -0.000245516 0.000602877 -0.0179649 0.0888835 
0.010265 -0.0186723 0.000213967 -0.000269843 -0.0186723 0.0906224 -0.000271206 0.00067052 0.000213967 -0.000271206 0.00968165 -0.0179296 -0.000269843 0.00067052 -0.0179296 0.0887894 
0.0102561 -0.0186563 0.000210312 -0.000274498 -0.0186563 0.090594 -0.000278595 0.000700585 0.000210312 -0.000278595 0.00967299 -0.017923 -0.000274498 0.000700585 -0.017923 0.0887449 
0.0102709 -0.0186538 0.000200535 -0.000270108 -0.0186538 0.0905912 -0.000270108 0.000690276 0.000200535 -0.000270108 0.00965295 -0.0179117 -0.000270108 0.000690276 -0.0179117 0.0887155 
0.0102556 -0.018654 0.000175052 -0.00025027 -0.018654 0.0905607 -0.000247535 0.000652342 0.000175052 -0.000247535 0.00965932 -0.0179073 -0.00025027 0.000652342 -0.0179073 0.0887076 
0.0102201 -0.0186388 0.000175334 -0.000249303 -0.0186388 0.0905313 -0.000249303 0.000669831 0.000175334 -0.000249303 0.00966392 -0.0178923 -0.000249303 0.000669831 -0.0178923 0.0886588 
0.0102112 -0.0186014 0.000182098 -0.000224542 -0.0186014 0.0904645 -0.000225911 0.000610645 0.000182098 -0.000225911 0.00967174 -0.0179086 -0.000224542 0.000610645 -0.0179086 0.0886846 
0.0102232 -0.0185832 0.000176332 -0.00022144 -0.0185832 0.0904064 -0.000220073 0.000565903 0.000176332 -0.000220073 0.00967913 -0.0179312 -0.00022144 0.000565903 -0.0179312 0.0887497 
0.0102452 -0.0185994 0.000175272 -0.000206766 -0.0185994 0.0904171 -0.000205397 0.0005176 0.000175272 -0.000205397 0.0096564 -0.0179284 -0.000206766 0.0005176 -0.0179284 0.088752 
0.010255 -0.0186284 0.000184345 -0.000215751 -0.0186284 0.0904668 -0.000217117 0.000532551 0.000184345 -0.000217117 0.00966239 -0.0179087 -0.000215751 0.000532551 -0.0179087 0.0887326 
0.0102718 -0.0186669 0.000182621 -0.000237135 -0.0186669 0.0905882 -0.000241223 0.000588748 0.000182621 -0.000241223 0.00965438 -0.0178819 -0.000237135 0.000588748 -0.0178819 0.0886312 
0.010276 -0.0186883 0.000160753 -0.000211159 -0.0186883 0.0906594 -0.000217971 0.000546289 0.000160753 -0.000217971 0.00965473 -0.0178804 -0.000211159 0.000546289 -0.0178804 0.0885901 
0.0102714 -0.0186894 0.000137532 -0.00017566 -0.0186894 0.0906911 -0.000182469 0.000462981 0.000137532 -0.000182469 0.0096654 -0.0178874 -0.00017566 0.000462981 -0.0178874 0.0886172 
0.0102914 -0.0186675 0.000138742 -0.000161865 -0.0186675 0.0906513 -0.000170026 0.000424386 0.000138742 -0.000170026 0.00966566 -0.0179344 -0.000161865 0.000424386 -0.0179344 0.0887279 
0.0103055 -0.0186985 0.000167943 -0.000177423 -0.0186985 0.0906891 -0.000181486 0.000448299 0.000167943 -0.000181486 0.00969869 -0.0179414 -0.000177423 0.000448299 -0.0179414 0.0887984 
0.0103322 -0.0187161 0.000197919 -0.000241003 -0.0187161 0.0907371 -0.000238311 0.000580293 0.000197919 -0.000238311 0.00972092 -0.017977 -0.000241003 0.000580293 -0.017977 0.0888858 
0.0103474 -0.0187741 0.000200541 -0.000261107 -0.0187741 0.0908732 -0.000259761 0.000651421 0.000200541 -0.000259761 0.00971479 -0.0179733 -0.000261107 0.000651421 -0.0179733 0.0888786 
0.0103613 -0.0187781 0.000193519 -0.000247275 -0.0187781 0.0909218 -0.000244587 0.000638345 0.000193519 -0.000244587 0.00973375 -0.0180134 -0.000247275 0.000638345 -0.0180134 0.0889906 
0.0103645 -0.0187862 0.000189692 -0.000223325 -0.0187862 0.0909365 -0.00022198 0.00056504 0.000189692 -0.00022198 0.00974291 -0.0180463 -0.000223325 0.00056504 -0.0180463 0.0891082 
0.0103651 -0.0187952 0.000198783 -0.000217715 -0.0187952 0.0909616 -0.000221772 0.000535498 0.000198783 -0.000221772 0.00974038 -0.0180609 -0.000217715 0.000535498 -0.0180609 0.0891631 
0.0103845 -0.0188065 0.000220457 -0.000233982 -0.0188065 0.0910041 -0.000233982 0.000555876 0.000220457 -0.000233982 0.00972851 -0.0180423 -0.000233982 0.000555876 -0.0180423 0.0891553 
0.0103924 -0.0188206 0.000219443 -0.000270917 -0.0188206 0.0910241 -0.000270917 0.000631237 0.000219443 -0.000270917 0.00970696 -0.0180214 -0.000270917 0.000631237 -0.0180214 0.0890911 
0.010382 -0.0188417 0.000206202 -0.000280815 -0.0188417 0.0910695 -0.000276745 0.000690507 0.000206202 -0.000276745 0.0096888 -0.0179694 -0.000280815 0.000690507 -0.0179694 0.0889505 
0.0103653 -0.018824 0.000207334 -0.000258829 -0.018824 0.0910521 -0.000253408 0.000664011 0.000207334 -0.000253408 0.00968507 -0.0179432 -0.000258829 0.000664011 -0.0179432 0.0888473 
0.0103585 -0.0187965 0.00018703 -0.000242597 -0.0187965 0.0909927 -0.000239886 0.000608525 0.00018703 -0.000239886 0.00967541 -0.0179373 -0.000242597 0.000608525 -0.0179373 0.0888053 
0.0103361 -0.0187735 0.000183096 -0.000241416 -0.0187735 0.0909215 -0.000237347 0.000604896 0.000183096 -0.000237347 0.0096824 -0.0179367 -0.000241416 0.000604896 -0.0179367 0.0888031 
0.0103318 -0.0187624 0.000181711 -0.000233241 -0.0187624 0.0908868 -0.000233241 0.000591239 0.000181711 -0.000233241 0.00968222 -0.0179406 -0.000233241 0.000591239 -0.0179406 0.0887998 
0.0103017 -0.0187579 0.000184687 -0.00024308 -0.0187579 0.0908754 -0.000239006 0.000611096 0.000184687 -0.000239006 0.00969605 -0.0179296 -0.00024308 0.000611096 -0.0179296 0.0887705 
0.0102747 -0.0187199 0.00016855 -0.000217484 -0.0187199 0.0908049 -0.000218843 0.000557302 0.00016855 -0.000218843 0.00969706 -0.0179451 -0.000217484 0.000557302 -0.0179451 0.0887742 
0.0102662 -0.0186785 0.000161748 -0.000206602 -0.0186785 0.090693 -0.000214758 0.000534176 0.000161748 -0.000214758 0.00968856 -0.0179554 -0.000206602 0.000534176 -0.0179554 0.0888064 
0.0102575 -0.0186581 0.00016176 -0.000199821 -0.0186581 0.0906016 -0.000207977 0.000513824 0.00016176 -0.000207977 0.00968382 -0.0179499 -0.000199821 0.000513824 -0.0179499 0.0888291 
0.0102349 -0.0186381 0.000181257 -0.000207151 -0.0186381 0.0905357 -0.000211239 0.000523328 0.000181257 -0.000211239 0.00968292 -0.0179458 -0.000207151 0.000523328 -0.0179458 0.0888199 
0.0102261 -0.0186029 0.000177417 -0.000219725 -0.0186029 0.0904461 -0.000222454 0.000540441 0.000177417 -0.000222454 0.00968427 -0.0179642 -0.000219725 0.000540441 -0.0179642 0.0888671 
0.0102333 -0.0185976 0.000161089 -0.000221156 -0.0185976 0.0904078 -0.000221156 0.000558351 0.000161089 -0.000221156 0.00966944 -0.0179532 -0.000221156 0.000558351 -0.0179532 0.0888652 
0.0102352 -0.0186105 0.00015419 -0.000214228 -0.0186105 0.0904261 -0.000206041 0.000549897 0.00015419 -0.000206041 0.00966755 -0.0179242 -0.000214228 0.000549897 -0.0179242 0.0887886 
0.0102095 -0.018585 0.000144641 -0.000191035 -0.018585 0.0903665 -0.000186942 0.000500785 0.000144641 -0.000186942 0.00968276 -0.0179341 -0.000191035 0.000500785 -0.0179341 0.0887932 
0.0102131 -0.018582 0.000137867 -0.000170628 -0.018582 0.090359 -0.000167898 0.000440902 0.000137867 -0.000167898 0.00966572 -0.0179268 -0.000170628 0.000440902 -0.0179268 0.0887578 
0.010212 -0.0185991 0.000139013 -0.000171722 -0.0185991 0.0904142 -0.00016627 0.000425216 0.000139013 -0.00016627 0.00966685 -0.0178931 -0.000171722 0.000425216 -0.0178931 0.088667 
0.0102214 -0.0186112 0.000149575 -0.000186289 -0.0186112 0.090471 -0.00018085 0.000460962 0.000149575 -0.00018085 0.00965981 -0.0178864 -0.000186289 0.000460962 -0.0178864 0.0886136 
0.0102186 -0.0186152 0.000140261 -0.000190646 -0.0186152 0.090482 -0.000183837 0.000473892 0.000140261 -0.000183837 0.00966031 -0.0178867 -0.000190646 0.000473892 -0.0178867 0.0886055 
0.0101892 -0.0185962 0.00014476 -0.000174805 -0.0185962 0.0904492 -0.000176171 0.0004534 0.00014476 -0.000176171 0.00967572 -0.0179025 -0.000174805 0.0004534 -0.0179025 0.0886507 
0.0101594 -0.0185557 0.000112426 -0.000168638 -0.0185557 0.0903559 -0.000174123 0.000425024 0.000112426 -0.000174123 0.00968094 -0.0179223 -0.000168638 0.000425024 -0.0179223 0.0886983 
0.0101811 -0.0185241 9.29279e-05 -0.000150325 -0.0185241 0.0902836 -0.000157157 0.000414076 9.29279e-05 -0.000157157 0.00965904 -0.0179255 -0.000150325 0.000414076 -0.0179255 0.0887134 
0.0101923 -0.0185513 9.69911e-05 -0.000128411 -0.0185513 0.0902837 -0.000133875 0.000377036 9.69911e-05 -0.000133875 0.00963627 -0.0178832 -0.000128411 0.000377036 -0.0178832 0.0886389 
0.0102184 -0.0185712 9.43739e-05 -0.00011489 -0.0185712 0.0903227 -0.000125832 0.000325522 9.43739e-05 -0.000125832 0.00960836 -0.0178586 -0.00011489 0.000325522 -0.0178586 0.0885679 
0.0102578 -0.0186004 8.06516e-05 -9.84222e-05 -0.0186004 0.0904077 -0.000106624 0.000267927 8.06516e-05 -0.000106624 0.00956883 -0.0178185 -9.84222e-05 0.000267927 -0.0178185 0.0884802 
0.0102598 -0.0186344 6.97201e-05 -0.00010253 -0.0186344 0.0904653 -0.000113466 0.00026521 6.97201e-05 -0.000113466 0.00957216 -0.0177909 -0.00010253 0.00026521 -0.0177909 0.0884215 
0.0102333 -0.0186379 6.99126e-05 -9.1846e-05 -0.0186379 0.0905012 -0.000100071 0.000250863 6.99126e-05 -0.000100071 0.00958351 -0.0177825 -9.1846e-05 0.000250863 -0.0177825 0.0883682 
0.0102077 -0.018605 7.13151e-05 -9.05154e-05 -0.018605 0.0904619 -0.000100115 0.000250974 7.13151e-05 -0.000100115 0.00959874 -0.0177972 -9.05154e-05 0.000250974 -0.0177972 0.0883691 
0.0101989 -0.0185685 6.44978e-05 -9.05714e-05 -0.0185685 0.0903738 -9.19437e-05 0.000238779 6.44978e-05 -9.19437e-05 0.00960743 -0.0178261 -9.05714e-05 0.000238779 -0.0178261 0.0884361 
0.0101778 -0.0185621 5.08476e-05 -7.97071e-05 -0.0185621 0.0903274 -7.42101e-05 0.000202016 5.08476e-05 -7.42101e-05 0.0096157 -0.01782 -7.97071e-05 0.000202016 -0.01782 0.0884405 
0.010162 -0.0185508 5.77778e-05 -7.01587e-05 -0.0185508 0.0903067 -7.01587e-05 0.000191217 5.77778e-05 -7.01587e-05 0.00961312 -0.0178134 -7.01587e-05 0.000191217 -0.0178134 0.0884041 
0.0101425 -0.0185189 5.49727e-05 -7.00902e-05 -0.0185189 0.0902363 -7.00902e-05 0.000170415 5.49727e-05 -7.00902e-05 0.00962572 -0.0178208 -7.00902e-05 0.000170415 -0.0178208 0.0884167 
0.0101459 -0.0184826 7.12187e-05 -6.711e-05 -0.0184826 0.0901355 -6.57404e-05 0.00016846 7.12187e-05 -6.57404e-05 0.00964055 -0.0178567 -6.711e-05 0.00016846 -0.0178567 0.0885043 
0.0101595 -0.0184872 8.47535e-05 -8.33865e-05 -0.0184872 0.0900985 -8.33865e-05 0.000191379 8.47535e-05 -8.33865e-05 0.00963593 -0.017868 -8.33865e-05 0.000191379 -0.017868 0.0885469 
0.0101367 -0.0185144 9.85609e-05 -0.000109512 -0.0185144 0.0901517 -0.000105405 0.000242295 9.85609e-05 -0.000105405 0.00964665 -0.0178477 -0.000109512 0.000242295 -0.0178477 0.0885172 
0.010116 -0.0184834 0.000109718 -0.000148119 -0.0184834 0.0901225 -0.000145377 0.000355213 0.000109718 -0.000145377 0.0096552 -0.0178703 -0.000148119 0.000355213 -0.0178703 0.0885357 
0.010101 -0.0184632 0.000108333 -0.000148101 -0.0184632 0.0900755 -0.000142616 0.000377109 0.000108333 -0.000142616 0.00965535 -0.0178667 -0.000148101 0.000377109 -0.0178667 0.0885369 
0.010099 -0.0184248 9.46267e-05 -0.000124798 -0.0184248 0.0899859 -0.000117941 0.000319537 9.46267e-05 -0.000117941 0.00966152 -0.0178995 -0.000124798 0.000319537 -0.0178995 0.0886323 
0.0101152 -0.0184336 8.90908e-05 -0.00010828 -0.0184336 0.0899735 -0.000100056 0.000271384 8.90908e-05 -0.000100056 0.00966155 -0.0179004 -0.00010828 0.000271384 -0.0179004 0.088659 
0.0101452 -0.0184732 9.16819e-05 -0.00011905 -0.0184732 0.0900603 -0.000117681 0.000295571 9.16819e-05 -0.000117681 0.00964438 -0.0178834 -0.00011905 0.000295571 -0.0178834 0.0886194 
0.0101898 -0.0185246 0.000105417 -0.000127322 -0.0185246 0.0901847 -0.00013006 0.000329941 0.000105417 -0.00013006 0.00961209 -0.0178524 -0.000127322 0.000329941 -0.0178524 0.0885432 
0.0102076 -0.0185666 9.45528e-05 -0.000130181 -0.0185666 0.0902993 -0.000134292 0.000338472 9.45528e-05 -0.000134292 0.00959916 -0.0178211 -0.000130181 0.000338472 -0.0178211 0.0884754 
0.0102235 -0.0185852 8.74274e-05 -0.000116115 -0.0185852 0.0903822 -0.000118847 0.000315558 8.74274e-05 -0.000118847 0.00959789 -0.0178147 -0.000116115 0.000315558 -0.0178147 0.0884396 
0.0102299 -0.018596 6.00312e-05 -9.00468e-05 -0.018596 0.0904043 -8.86825e-05 0.000245582 6.00312e-05 -8.86825e-05 0.00960636 -0.0178238 -9.00468e-05 0.000245582 -0.0178238 0.0884464 
0.0102201 -0.0186016 4.75987e-05 -7.3438e-05 -0.0186016 0.0904158 -7.07181e-05 0.000202635 4.75987e-05 -7.07181e-05 0.00963534 -0.01784 -7.3438e-05 0.000202635 -0.01784 0.0884982 
0.0102056 -0.0186032 3.95407e-05 -7.09005e-05 -0.0186032 0.0904391 -6.13562e-05 0.000186796 3.95407e-05 -6.13562e-05 0.00964111 -0.017856 -7.09005e-05 0.000186796 -0.017856 0.0885234 
0.0101816 -0.0185678 4.11155e-05 -5.20797e-05 -0.0185678 0.0903706 -5.07092e-05 0.000153498 4.11155e-05 -5.07092e-05 0.0096416 -0.0178839 -5.20797e-05 0.000153498 -0.0178839 0.0885999 
0.010172 -0.0185378 5.49391e-05 -5.35656e-05 -0.0185378 0.0902897 -4.80717e-05 0.000131854 5.49391e-05 -4.80717e-05 0.00962945 -0.0178827 -5.35656e-05 0.000131854 -0.0178827 0.0886291 
0.010183 -0.0185441 7.01229e-05 -7.56228e-05 -0.0185441 0.090273 -7.28729e-05 0.000167745 7.01229e-05 -7.28729e-05 0.00959034 -0.0178332 -7.56228e-05 0.000167745 -0.0178332 0.0885185 
0.010176 -0.0185445 7.98443e-05 -8.8104e-05 -0.0185445 0.0902667 -8.53508e-05 0.000199611 7.98443e-05 -8.53508e-05 0.00957994 -0.0177956 -8.8104e-05 0.000199611 -0.0177956 0.0884055 
0.0101525 -0.0185241 0.000100697 -0.000113112 -0.0185241 0.0902204 -0.000113112 0.000271744 0.000100697 -0.000113112 0.00957863 -0.0177779 -0.000113112 0.000271744 -0.0177779 0.0883251 
0.0101229 -0.0185083 0.000110407 -0.000133868 -0.0185083 0.090183 -0.000132488 0.00032432 0.000110407 -0.000132488 0.00959297 -0.0177617 -0.000133868 0.00032432 -0.0177617 0.0882675 
0.0101132 -0.0184579 0.000117162 -0.000146108 -0.0184579 0.0900771 -0.000141973 0.000357 0.000117162 -0.000141973 0.00959765 -0.0177921 -0.000146108 0.000357 -0.0177921 0.0883086 
0.0101205 -0.0184378 0.000124077 -0.000150271 -0.0184378 0.0899902 -0.000147514 0.000369473 0.000124077 -0.000147514 0.00959665 -0.0178092 -0.000150271 0.000369473 -0.0178092 0.0883675 
0.010113 -0.0184448 0.000107526 -0.000146125 -0.0184448 0.0899855 -0.000147504 0.000372205 0.000107526 -0.000147504 0.00960428 -0.0178066 -0.000146125 0.000372205 -0.0178066 0.0883795 
0.0101254 -0.0184497 0.000103348 -0.000132286 -0.0184497 0.0899999 -0.00012953 0.000341739 0.000103348 -0.00012953 0.00959624 -0.0178049 -0.000132286 0.000341739 -0.0178049 0.0883794 
0.0101399 -0.0184678 9.35567e-05 -0.000121073 -0.0184678 0.0900469 -0.000119698 0.000302683 9.35567e-05 -0.000119698 0.00959782 -0.0178047 -0.000121073 0.000302683 -0.0178047 0.0883753 
0.0101582 -0.0184927 8.1024e-05 -0.000113983 -0.0184927 0.0901083 -0.000111236 0.000276031 8.1024e-05 -0.000111236 0.00959517 -0.0178006 -0.000113983 0.000276031 -0.0178006 0.0883574 
0.0101685 -0.0185239 6.57799e-05 -0.000109633 -0.0185239 0.090198 -0.000109633 0.000274083 6.57799e-05 -0.000109633 0.00959153 -0.0177825 -0.000109633 0.000274083 -0.0177825 0.088315 
0.010159 -0.0185331 5.20553e-05 -7.80829e-05 -0.0185331 0.0902351 -7.94528e-05 0.00022055 5.20553e-05 -7.94528e-05 0.0096042 -0.0177865 -7.80829e-05 0.00022055 -0.0177865 0.0883173 
0.0101266 -0.0185261 5.61978e-05 -6.03098e-05 -0.0185261 0.0902413 -6.57925e-05 0.000172705 5.61978e-05 -6.57925e-05 0.00963175 -0.0178024 -6.03098e-05 0.000172705 -0.0178024 0.0883279 
0.0101077 -0.0184671 6.18502e-05 -8.10925e-05 -0.0184671 0.0901309 -8.65903e-05 0.000206167 6.18502e-05 -8.65903e-05 0.00963764 -0.0178568 -8.10925e-05 0.000206167 -0.0178568 0.0884568 
0.0101013 -0.018425 6.88477e-05 -8.67481e-05 -0.018425 0.0899825 -8.9502e-05 0.000232705 6.88477e-05 -8.9502e-05 0.0096373 -0.0178866 -8.67481e-05 0.000232705 -0.0178866 0.088589 
0.0101168 -0.0184387 6.20322e-05 -8.54666e-05 -0.0184387 0.0899756 -8.6845e-05 0.000224694 6.20322e-05 -8.6845e-05 0.00961774 -0.0178611 -8.54666e-05 0.000224694 -0.0178611 0.0885571 
0.0101198 -0.018458 6.75663e-05 -8.96287e-05 -0.018458 0.0900176 -8.82498e-05 0.000235792 6.75663e-05 -8.82498e-05 0.0096082 -0.0178209 -8.96287e-05 0.000235792 -0.0178209 0.0884663 
0.010133 -0.0184608 6.21063e-05 -7.59077e-05 -0.0184608 0.09005 -7.72879e-05 0.000205641 6.21063e-05 -7.72879e-05 0.00959198 -0.017808 -7.59077e-05 0.000205641 -0.017808 0.0884007 
0.0101322 -0.0184844 6.62327e-05 -7.03722e-05 -0.0184844 0.0900916 -6.89924e-05 0.000178 6.62327e-05 -6.89924e-05 0.00958856 -0.0177779 -7.03722e-05 0.000178 -0.0177779 0.0883295 
0.0101386 -0.0184863 8.39038e-05 -9.21566e-05 -0.0184863 0.0901196 -8.80302e-05 0.000217325 8.39038e-05 -8.80302e-05 0.00958842 -0.0177766 -9.21566e-05 0.000217325 -0.0177766 0.0882833 
0.0101313 -0.0184694 8.51251e-05 -0.000116704 -0.0184694 0.0900665 -0.000122196 0.000288327 8.51251e-05 -0.000122196 0.00959991 -0.0177966 -0.000116704 0.000288327 -0.0177966 0.0883283 
0.0101257 -0.018464 7.94388e-05 -0.000102723 -0.018464 0.0900397 -0.000108201 0.000279405 7.94388e-05 -0.000108201 0.00961894 -0.0178162 -0.000102723 0.000279405 -0.0178162 0.0883921 
0.0101322 -0.0184571 7.80454e-05 -0.000104061 -0.0184571 0.090022 -0.000112276 0.000286167 7.80454e-05 -0.000112276 0.00962286 -0.0178491 -0.000104061 0.000286167 -0.0178491 0.0884747 
0.0101169 -0.0184577 4.65964e-05 -8.2229e-05 -0.0184577 0.0900106 -8.63404e-05 0.000223389 4.65964e-05 -8.63404e-05 0.00964409 -0.0178684 -8.2229e-05 0.000223389 -0.0178684 0.0885551 
0.0101256 -0.0184799 1.50699e-05 -4.93198e-05 -0.0184799 0.0900867 -5.20598e-05 0.000152069 1.50699e-05 -5.20598e-05 0.00964202 -0.017851 -4.93198e-05 0.000152069 -0.017851 0.0885153 
0.0101495 -0.0184831 6.83748e-06 -1.77774e-05 -0.0184831 0.0901234 -1.77774e-05 7.38447e-05 6.83748e-06 -1.77774e-05 0.00962033 -0.0178499 -1.77774e-05 7.38447e-05 -0.0178499 0.0885002 
0.0101709 -0.0185223 0 -4.10118e-06 -0.0185223 0.0902027 -1.36706e-06 1.91388e-05 0 -1.36706e-06 0.00959539 -0.0178169 -4.10118e-06 1.91388e-05 -0.0178169 0.0884241 
0.0101898 -0.0185442 1.22638e-05 -1.09011e-05 -0.0185442 0.0902668 -9.53849e-06 2.31649e-05 1.22638e-05 -9.53849e-06 0.00959572 -0.0178015 -1.09011e-05 2.31649e-05 -0.0178015 0.0883891 
0.0101865 -0.0185599 6.8265e-06 -1.63836e-05 -0.0185599 0.0903132 -1.63836e-05 3.41325e-05 6.8265e-06 -1.63836e-05 0.00959259 -0.0177939 -1.63836e-05 3.41325e-05 -0.0177939 0.0883622 
0.010196 -0.0185726 9.5763e-06 -8.20826e-06 -0.0185726 0.0903579 -8.20826e-06 2.18887e-05 9.5763e-06 -8.20826e-06 0.0095681 -0.017775 -8.20826e-06 2.18887e-05 -0.017775 0.0883168 
0.0101698 -0.0185461 2.19384e-05 -1.78249e-05 -0.0185461 0.0902969 -1.64538e-05 3.97633e-05 2.19384e-05 -1.64538e-05 0.00956924 -0.0177783 -1.78249e-05 3.97633e-05 -0.0177783 0.0883307 
0.0101319 -0.0185116 2.88814e-05 -2.33802e-05 -0.0185116 0.0902117 -3.30073e-05 5.50122e-05 2.88814e-05 -3.30073e-05 0.00958587 -0.0177813 -2.33802e-05 5.50122e-05 -0.0177813 0.0883481 
0.0101071 -0.0184613 3.85557e-05 -4.13097e-05 -0.0184613 0.0900785 -4.54407e-05 0.000104651 3.85557e-05 -4.54407e-05 0.00959762 -0.0178045 -4.13097e-05 0.000104651 -0.0178045 0.0883931 
0.0100921 -0.0184289 4.69526e-05 -4.83336e-05 -0.0184289 0.089982 -5.10955e-05 0.000116001 4.69526e-05 -5.10955e-05 0.00958939 -0.0178033 -4.83336e-05 0.000116001 -0.0178033 0.0883883 
0.0100771 -0.0184106 3.17281e-05 -5.37998e-05 -0.0184106 0.0899105 -6.06972e-05 0.000131051 3.17281e-05 -6.06972e-05 0.00960119 -0.0178022 -5.37998e-05 0.000131051 -0.0178022 0.0883958 
0.0100748 -0.0183709 1.24006e-05 -3.72019e-05 -0.0183709 0.0898096 -4.27133e-05 0.000114361 1.24006e-05 -4.27133e-05 0.00961739 -0.0178418 -3.72019e-05 0.000114361 -0.0178418 0.0884758 
0.0100967 -0.0183721 -1.37352e-06 -1.09881e-05 -0.0183721 0.0897675 -9.61461e-06 5.21936e-05 -1.37352e-06 -9.61461e-06 0.00962147 -0.0178598 -1.09881e-05 5.21936e-05 -0.0178598 0.0885423 
0.010118 -0.0184192 1.37119e-05 -5.48476e-06 -0.0184192 0.0898596 2.74238e-06 1.64543e-05 1.37119e-05 2.74238e-06 0.00962028 -0.0178433 -5.48476e-06 1.64543e-05 -0.0178433 0.0885227 
0.0101323 -0.0184505 2.19551e-05 -2.60717e-05 -0.0184505 0.0899515 -1.92107e-05 4.11659e-05 2.19551e-05 -1.92107e-05 0.00961086 -0.0178413 -2.60717e-05 4.11659e-05 -0.0178413 0.0885011 
0.0101275 -0.0184748 3.29932e-05 -2.33702e-05 -0.0184748 0.0900356 -2.19955e-05 4.81151e-05 3.29932e-05 -2.19955e-05 0.00960789 -0.0178191 -2.33702e-05 4.81151e-05 -0.0178191 0.0884465 
