0.00777189 0 0.000162516 0 0 0.00998752 0 0 0.000162516 0 0.00681846 0 0 0 0 0.00998752 
0.0108769 -0.0135024 0.000195758 -0.000246754 -0.0135024 0.0350736 -0.000246754 0.000470478 0.000195758 -0.000246754 0.00972046 -0.0120778 -0.000246754 0.000470478 -0.0120778 0.0323478 
0.0108184 -0.0201408 0.00014961 -0.000279272 -0.0201408 0.0735748 -0.000279272 0.000879373 0.00014961 -0.000279272 0.00992744 -0.0186314 -0.000279272 0.000879373 -0.0186314 0.0687623 
0.0102028 -0.0196492 0.000105978 -0.000170207 -0.0196492 0.0873129 -0.000163784 0.000613387 0.000105978 -0.000163784 0.0094256 -0.0184931 -0.000170207 0.000613387 -0.0184931 0.0832343 
0.0102051 -0.0188516 0.00010686 -0.000119073 -0.0188516 0.0897776 -0.000112966 0.000341952 0.00010686 -0.000112966 0.00938841 -0.0179204 -0.000119073 0.000341952 -0.0179204 0.0870619 
0.0104197 -0.0188234 9.78029e-05 -0.000134297 -0.0188234 0.0905816 -0.000131377 0.000308006 9.78029e-05 -0.000131377 0.00950002 -0.0177636 -0.000134297 0.000308006 -0.0177636 0.0880737 
0.0105665 -0.0189898 6.64028e-05 -0.000125741 -0.0189898 0.091219 -0.00012009 0.000300932 6.64028e-05 -0.00012009 0.00956482 -0.0178058 -0.000125741 0.000300932 -0.0178058 0.0884414 
0.0105883 -0.0190945 5.81853e-05 -8.72779e-05 -0.0190945 0.091621 -9.1434e-05 0.000250751 5.81853e-05 -9.1434e-05 0.00961581 -0.0178241 -8.72779e-05 0.000250751 -0.0178241 0.0885441 
0.0105742 -0.0190874 5.75953e-05 -6.17093e-05 -0.0190874 0.0917123 -6.71945e-05 0.000175529 5.75953e-05 -6.71945e-05 0.00962527 -0.0178436 -6.17093e-05 0.000175529 -0.0178436 0.0885391 
0.0105378 -0.0190458 6.28305e-05 -5.60011e-05 -0.0190458 0.0916287 -5.87328e-05 0.000136588 6.28305e-05 -5.87328e-05 0.00963628 -0.0178643 -5.60011e-05 0.000136588 -0.0178643 0.0885732 
0.0104922 -0.0189923 4.36605e-05 -6.2762e-05 -0.0189923 0.0914919 -6.68551e-05 0.00013371 4.36605e-05 -6.68551e-05 0.0096517 -0.0178872 -6.2762e-05 0.00013371 -0.0178872 0.0886281 
0.0104733 -0.0189254 4.62159e-05 -5.30123e-05 -0.0189254 0.091309 -5.84495e-05 0.000137288 4.62159e-05 -5.84495e-05 0.00967679 -0.0179399 -5.30123e-05 0.000137288 -0.0179399 0.088763 
0.0104807 -0.0189056 5.8196e-05 -5.8196e-05 -0.0189056 0.0912067 -5.8196e-05 0.000140753 5.8196e-05 -5.8196e-05 0.0096822 -0.0179663 -5.8196e-05 0.000140753 -0.0179663 0.0888721 
0.0104778 -0.018925 6.35838e-05 -7.9818e-05 -0.018925 0.0912184 -8.11708e-05 0.000179929 6.35838e-05 -8.11708e-05 0.00968232 -0.0179617 -7.9818e-05 0.000179929 -0.0179617 0.0888807 
0.0104728 -0.0189366 5.15098e-05 -8.26868e-05 -0.0189366 0.0912577 -8.67533e-05 0.000210106 5.15098e-05 -8.67533e-05 0.00965808 -0.0179376 -8.26868e-05 0.000210106 -0.0179376 0.0888327 
0.0104596 -0.01893 6.51774e-05 -7.06088e-05 -0.01893 0.0912728 -8.01138e-05 0.000203679 6.51774e-05 -8.01138e-05 0.00963403 -0.0179088 -7.06088e-05 0.000203679 -0.0179088 0.0887607 
0.0104518 -0.0189142 7.86057e-05 -6.91188e-05 -0.0189142 0.0912626 -7.31846e-05 0.00017754 7.86057e-05 -7.31846e-05 0.00963055 -0.0178923 -6.91188e-05 0.00017754 -0.0178923 0.0887106 
0.0104553 -0.0189077 8.66084e-05 -9.06682e-05 -0.0189077 0.0912447 -9.60812e-05 0.000209755 8.66084e-05 -9.60812e-05 0.00963654 -0.0178914 -9.06682e-05 0.000209755 -0.0178914 0.0887033 
0.0104845 -0.0189053 7.42335e-05 -0.000112025 -0.0189053 0.0912357 -0.000118774 0.00026994 7.42335e-05 -0.000118774 0.00963281 -0.0179146 -0.000112025 0.00026994 -0.0179146 0.0887617 
0.0104929 -0.0189449 5.39204e-05 -8.76207e-05 -0.0189449 0.0912954 -9.16647e-05 0.000241294 5.39204e-05 -9.16647e-05 0.00964097 -0.0179137 -8.76207e-05 0.000241294 -0.0179137 0.0887881 
0.0104961 -0.01897 4.44009e-05 -5.51648e-05 -0.01897 0.0913892 -6.05467e-05 0.000180295 4.44009e-05 -6.05467e-05 0.00966729 -0.0179218 -5.51648e-05 0.000180295 -0.0179218 0.0888045 
0.0105021 -0.0189727 4.58019e-05 -4.44547e-05 -0.0189727 0.0914299 -4.98432e-05 0.000134711 4.58019e-05 -4.98432e-05 0.00967093 -0.0179516 -4.44547e-05 0.000134711 -0.0179516 0.0888623 
0.0105089 -0.0189858 6.34614e-05 -5.94106e-05 -0.0189858 0.0914721 -6.07609e-05 0.000144476 6.34614e-05 -6.07609e-05 0.00967313 -0.0179609 -5.94106e-05 0.000144476 -0.0179609 0.0889148 
0.0105183 -0.0189886 8.37037e-05 -8.37037e-05 -0.0189886 0.0914868 -8.50538e-05 0.000197109 8.37037e-05 -8.50538e-05 0.00967723 -0.0179679 -8.37037e-05 0.000197109 -0.0179679 0.0889419 
0.0105333 -0.0189751 0.000102619 -0.000117472 -0.0189751 0.0914512 -0.000117472 0.000282202 0.000102619 -0.000117472 0.0096759 -0.0179934 -0.000117472 0.000282202 -0.0179934 0.0890167 
0.0105583 -0.019019 9.30187e-05 -0.000132114 -0.019019 0.091517 -0.000128069 0.000324892 9.30187e-05 -0.000128069 0.0096699 -0.0179715 -0.000132114 0.000324892 -0.0179715 0.0889933 
0.0105699 -0.0190539 7.84056e-05 -0.000112201 -0.0190539 0.0916048 -0.000113553 0.000300104 7.84056e-05 -0.000113553 0.00966011 -0.0179603 -0.000112201 0.000300104 -0.0179603 0.0889498 
0.0105756 -0.0190824 7.17129e-05 -9.60682e-05 -0.0190824 0.0917046 -9.06559e-05 0.000257084 7.17129e-05 -9.06559e-05 0.00965148 -0.0179282 -9.60682e-05 0.000257084 -0.0179282 0.0888591 
0.0105865 -0.0190849 7.15852e-05 -9.45464e-05 -0.0190849 0.091733 -8.91438e-05 0.000235015 7.15852e-05 -8.91438e-05 0.00963293 -0.0179084 -9.45464e-05 0.000235015 -0.0179084 0.0887791 
0.0105904 -0.0190966 6.35291e-05 -7.70459e-05 -0.0190966 0.0917468 -7.43425e-05 0.000193291 6.35291e-05 -7.43425e-05 0.0096037 -0.017876 -7.70459e-05 0.000193291 -0.017876 0.0886933 
0.0105568 -0.0190698 6.7811e-05 -7.18797e-05 -0.0190698 0.0916778 -6.7811e-05 0.000177665 6.7811e-05 -6.7811e-05 0.00959119 -0.017856 -7.18797e-05 0.000177665 -0.017856 0.0886453 
0.0105083 -0.0190232 4.49013e-05 -7.61961e-05 -0.0190232 0.09157 -6.93929e-05 0.000172802 4.49013e-05 -6.93929e-05 0.00960479 -0.0178557 -7.61961e-05 0.000172802 -0.0178557 0.0886419 
0.0104696 -0.0189628 4.20793e-05 -4.88662e-05 -0.0189628 0.0914287 -4.88662e-05 0.000138454 4.20793e-05 -4.88662e-05 0.00963751 -0.0178769 -4.88662e-05 0.000138454 -0.0178769 0.0886732 
0.0104623 -0.0189269 6.10722e-05 -5.56435e-05 -0.0189269 0.0913206 -5.70007e-05 0.000134359 6.10722e-05 -5.70007e-05 0.00963583 -0.0178928 -5.56435e-05 0.000134359 -0.0178928 0.088685 
0.0104716 -0.0189308 7.69378e-05 -7.82876e-05 -0.0189308 0.0913117 -7.82876e-05 0.000178172 7.69378e-05 -7.82876e-05 0.00964017 -0.017882 -7.82876e-05 0.000178172 -0.017882 0.0886783 
0.010456 -0.0189323 6.76589e-05 -8.52502e-05 -0.0189323 0.0912976 -8.66034e-05 0.000192151 6.76589e-05 -8.66034e-05 0.00965628 -0.0179012 -8.52502e-05 0.000192151 -0.0179012 0.0887198 
0.010435 -0.0188883 4.86985e-05 -7.30478e-05 -0.0188883 0.0912164 -7.44005e-05 0.000189383 4.86985e-05 -7.44005e-05 0.0096883 -0.0179549 -7.30478e-05 0.000189383 -0.0179549 0.0888464 
0.0104292 -0.0188763 4.46792e-05 -7.31114e-05 -0.0188763 0.0911658 -7.17575e-05 0.000189548 4.46792e-05 -7.17575e-05 0.00968861 -0.0179773 -7.31114e-05 0.000189548 -0.0179773 0.0889224 
0.0104467 -0.0188958 6.62298e-05 -6.21749e-05 -0.0188958 0.091216 -6.62298e-05 0.000177063 6.62298e-05 -6.62298e-05 0.00968037 -0.0179577 -6.21749e-05 0.000177063 -0.0179577 0.0888966 
0.0104496 -0.018921 7.4524e-05 -8.80739e-05 -0.018921 0.0912689 -8.53639e-05 0.000199182 7.4524e-05 -8.53639e-05 0.00965425 -0.0179291 -8.80739e-05 0.000199182 -0.0179291 0.0888123 
0.0104581 -0.0189198 5.68082e-05 -9.73855e-05 -0.0189198 0.0912894 -9.73855e-05 0.000229938 5.68082e-05 -9.73855e-05 0.00964116 -0.0179095 -9.73855e-05 0.000229938 -0.0179095 0.0887696 
0.0104525 -0.0189193 1.75717e-05 -7.02868e-05 -0.0189193 0.0912809 -7.43418e-05 0.000209509 1.75717e-05 -7.43418e-05 0.00964146 -0.0179029 -7.02868e-05 0.000209509 -0.0179029 0.0887344 
0.0104517 -0.018896 6.74567e-06 -1.48405e-05 -0.018896 0.0912298 -2.15862e-05 9.84868e-05 6.74567e-06 -2.15862e-05 0.00964496 -0.0179179 -1.48405e-05 9.84868e-05 -0.0179179 0.0887717 
0.0104463 -0.0188939 -2.70105e-06 2.70105e-06 -0.0188939 0.091197 0 9.45369e-06 -2.70105e-06 0 0.00964141 -0.0179188 2.70105e-06 9.45369e-06 -0.0179188 0.088785 
0.0104297 -0.0188861 -2.03018e-05 2.03018e-05 -0.0188861 0.091181 1.75949e-05 -4.7371e-05 -2.03018e-05 1.75949e-05 0.00963932 -0.0179144 2.03018e-05 -4.7371e-05 -0.0179144 0.0887922 
0.0104088 -0.0188628 -2.43828e-05 4.19926e-05 -0.0188628 0.0911321 4.0638e-05 -0.00010024 -2.43828e-05 4.0638e-05 0.00965966 -0.0179268 4.19926e-05 -0.00010024 -0.0179268 0.0888334 
0.0103996 -0.0188492 0 2.4476e-05 -0.0188492 0.0911038 2.71956e-05 -7.88671e-05 0 2.71956e-05 0.00964491 -0.0179232 2.4476e-05 -7.88671e-05 -0.0179232 0.0888003 
0.0103877 -0.0188219 3.25803e-05 -1.49326e-05 -0.0188219 0.0910403 -1.35751e-05 1.08601e-05 3.25803e-05 -1.35751e-05 0.00966142 -0.0179273 -1.49326e-05 1.08601e-05 -0.0179273 0.0888167 
0.0103786 -0.0188214 5.70551e-05 -4.75459e-05 -0.0188214 0.0910206 -4.75459e-05 8.69412e-05 5.70551e-05 -4.75459e-05 0.00964639 -0.0179099 -4.75459e-05 8.69412e-05 -0.0179099 0.0887574 
0.010397 -0.0188212 6.91507e-05 -6.5083e-05 -0.0188212 0.0910185 -7.05066e-05 0.000146437 6.91507e-05 -7.05066e-05 0.00963228 -0.0178965 -6.5083e-05 0.000146437 -0.0178965 0.0887176 
0.0103918 -0.0188384 5.29017e-05 -8.54566e-05 -0.0188384 0.0910398 -8.81695e-05 0.000200755 5.29017e-05 -8.81695e-05 0.0096349 -0.0178835 -8.54566e-05 0.000200755 -0.0178835 0.0886755 
0.0103795 -0.018832 4.34857e-05 -6.93053e-05 -0.018832 0.0910414 -7.74589e-05 0.000201121 4.34857e-05 -7.74589e-05 0.00962801 -0.0178713 -6.93053e-05 0.000201121 -0.0178713 0.0886293 
0.0103659 -0.0188231 3.95072e-05 -5.31303e-05 -0.0188231 0.0910327 -5.85796e-05 0.000167565 3.95072e-05 -5.85796e-05 0.00961387 -0.0178518 -5.31303e-05 0.000167565 -0.0178518 0.0885792 
0.0103495 -0.0187755 2.45217e-05 -5.31304e-05 -0.0187755 0.0909347 -5.04058e-05 0.000151217 2.45217e-05 -5.04058e-05 0.00961933 -0.0178736 -5.31304e-05 0.000151217 -0.0178736 0.0886324 
0.0103334 -0.0187527 1.08916e-05 -4.08437e-05 -0.0187527 0.0908431 -3.67593e-05 0.000122531 1.08916e-05 -3.67593e-05 0.00964047 -0.0178895 -4.08437e-05 0.000122531 -0.0178895 0.0886907 
0.0103233 -0.0187455 -1.36192e-06 -2.31526e-05 -0.0187455 0.0908087 -1.22573e-05 7.35436e-05 -1.36192e-06 -1.22573e-05 0.00965601 -0.0178997 -2.31526e-05 7.35436e-05 -0.0178997 0.0887072 
0.0103341 -0.018739 -5.44619e-06 -2.72309e-06 -0.018739 0.0908015 0 2.72309e-05 -5.44619e-06 0 0.00964928 -0.0179057 -2.72309e-06 2.72309e-05 -0.0179057 0.0887252 
0.0103463 -0.0187482 -6.79873e-06 8.15847e-06 -0.0187482 0.0908065 6.79873e-06 -4.07924e-06 -6.79873e-06 6.79873e-06 0.00964739 -0.0179038 8.15847e-06 -4.07924e-06 -0.0179038 0.0887315 
0.0103374 -0.0187721 1.36e-05 -2.72e-06 -0.0187721 0.0908521 -5.44e-06 8.16e-06 1.36e-05 -5.44e-06 0.0096356 -0.0178745 -2.72e-06 8.16e-06 -0.0178745 0.088638 
0.0103416 -0.0187485 1.35967e-05 -1.08774e-05 -0.0187485 0.0908232 -1.08774e-05 8.15802e-06 1.35967e-05 -1.08774e-05 0.00961966 -0.0178769 -1.08774e-05 8.15802e-06 -0.0178769 0.0886314 
0.0103151 -0.0187533 1.08881e-05 -1.90541e-05 -0.0187533 0.0908215 -1.49711e-05 2.85812e-05 1.08881e-05 -1.49711e-05 0.00962914 -0.0178524 -1.90541e-05 2.85812e-05 -0.0178524 0.0885894 
0.0102631 -0.018714 9.55214e-06 -8.18755e-06 -0.018714 0.0907481 -9.55214e-06 2.04689e-05 9.55214e-06 -9.55214e-06 0.00966131 -0.0178748 -8.18755e-06 2.04689e-05 -0.0178748 0.0886138 
0.0102328 -0.01867 1.50421e-05 -9.57227e-06 -0.01867 0.0906631 -8.2048e-06 1.77771e-05 1.50421e-05 -8.2048e-06 0.0096721 -0.0178851 -9.57227e-06 1.77771e-05 -0.0178851 0.088616 
0.0102514 -0.0186334 1.91589e-05 -1.64219e-05 -0.0186334 0.0905778 -1.77904e-05 3.14753e-05 1.91589e-05 -1.77904e-05 0.00962871 -0.0178889 -1.64219e-05 3.14753e-05 -0.0178889 0.0886099 
0.0102645 -0.0186315 1.63926e-05 -9.56233e-06 -0.0186315 0.0905143 -1.50265e-05 1.77586e-05 1.63926e-05 -1.50265e-05 0.00962244 -0.0178706 -9.56233e-06 1.77586e-05 -0.0178706 0.0886237 
0.0102836 -0.0186565 1.91069e-05 -2.04717e-05 -0.0186565 0.0905545 -2.72956e-05 4.36729e-05 1.91069e-05 -2.72956e-05 0.00961214 -0.017854 -2.04717e-05 4.36729e-05 -0.017854 0.0885851 
0.010305 -0.0186924 2.31207e-05 -2.58408e-05 -0.0186924 0.0906426 -3.94412e-05 8.56826e-05 2.31207e-05 -3.94412e-05 0.00961821 -0.0178397 -2.58408e-05 8.56826e-05 -0.0178397 0.0885455 
0.0103204 -0.0187153 -4.07386e-06 -2.17272e-05 -0.0187153 0.0907085 -2.8517e-05 7.60453e-05 -4.07386e-06 -2.8517e-05 0.00962652 -0.0178544 -2.17272e-05 7.60453e-05 -0.0178544 0.0885493 
0.0103436 -0.0187207 -2.03427e-05 8.13708e-06 -0.0187207 0.0907461 1.35618e-05 4.06854e-06 -2.03427e-05 1.35618e-05 0.00962074 -0.0178812 8.13708e-06 4.06854e-06 -0.0178812 0.0886277 
0.0103641 -0.0187621 -3.12498e-05 3.26085e-05 -0.0187621 0.090816 3.66845e-05 -6.9293e-05 -3.12498e-05 3.66845e-05 0.00960999 -0.0178762 3.26085e-05 -6.9293e-05 -0.0178762 0.0886556 
0.0103864 -0.0188093 -2.30507e-05 2.16947e-05 -0.0188093 0.0909525 2.84743e-05 -5.69487e-05 -2.30507e-05 2.84743e-05 0.00959857 -0.0178426 2.16947e-05 -5.69487e-05 -0.0178426 0.0885756 
0.0104056 -0.0188247 -1.90231e-05 1.76643e-05 -0.0188247 0.0910174 2.17407e-05 -4.89166e-05 -1.90231e-05 2.17407e-05 0.00957678 -0.0178342 1.76643e-05 -4.89166e-05 -0.0178342 0.0885376 
0.0103898 -0.0188434 -1.90489e-05 3.80978e-05 -0.0188434 0.0910496 4.21797e-05 -0.000102048 -1.90489e-05 4.21797e-05 0.00958159 -0.0178134 3.80978e-05 -0.000102048 -0.0178134 0.0885025 
0.0103639 -0.0188157 -1.90663e-05 2.85994e-05 -0.0188157 0.0910319 2.99613e-05 -9.39695e-05 -1.90663e-05 2.99613e-05 0.00960531 -0.0178283 2.85994e-05 -9.39695e-05 -0.0178283 0.0885124 
0.0103699 -0.0187999 -2.31107e-05 2.58296e-05 -0.0187999 0.0909965 2.58296e-05 -7.477e-05 -2.31107e-05 2.58296e-05 0.00961678 -0.0178496 2.58296e-05 -7.477e-05 -0.0178496 0.0885522 
0.0103722 -0.0187926 -2.85025e-05 3.93606e-05 -0.0187926 0.0909663 3.6646e-05 -9.77228e-05 -2.85025e-05 3.6646e-05 0.0096352 -0.0178711 3.93606e-05 -9.77228e-05 -0.0178711 0.0886115 
0.0103892 -0.0188068 -2.44068e-05 4.47458e-05 -0.0188068 0.0909925 4.0678e-05 -0.000113898 -2.44068e-05 4.0678e-05 0.00963119 -0.0178807 4.47458e-05 -0.000113898 -0.0178807 0.08864 
0.0103769 -0.0188253 -1.3561e-05 3.93268e-05 -0.0188253 0.0910308 3.52585e-05 -0.000105776 -1.3561e-05 3.52585e-05 0.00966084 -0.0178896 3.93268e-05 -0.000105776 -0.0178896 0.088682 
0.0103779 -0.0188099 -1.49479e-05 2.44602e-05 -0.0188099 0.0910193 2.44602e-05 -8.15341e-05 -1.49479e-05 2.44602e-05 0.00966859 -0.0179307 2.44602e-05 -8.15341e-05 -0.0179307 0.0887635 
0.0103841 -0.0188233 -1.36007e-06 0 -0.0188233 0.0910442 1.36007e-06 -1.63208e-05 -1.36007e-06 1.36007e-06 0.00966599 -0.0179284 0 -1.63208e-05 -0.0179284 0.0887811 
0.0103913 -0.0188273 -2.72346e-06 -8.17037e-06 -0.0188273 0.0910451 -6.80864e-06 1.63407e-05 -2.72346e-06 -6.80864e-06 0.00965465 -0.0179258 -8.17037e-06 1.63407e-05 -0.0179258 0.0887874 
0.0103911 -0.018834 -9.5231e-06 -1.08835e-05 -0.018834 0.0910599 -6.80221e-06 3.80924e-05 -9.5231e-06 -6.80221e-06 0.00967139 -0.0179252 -1.08835e-05 3.80924e-05 -0.0179252 0.0888002 
0.0104047 -0.0188354 -2.03641e-05 0 -0.0188354 0.0910626 5.43041e-06 2.44369e-05 -2.03641e-05 5.43041e-06 0.00967157 -0.0179285 0 2.44369e-05 -0.0179285 0.08879 
0.0104184 -0.0188493 -2.03512e-05 2.71349e-05 -0.0188493 0.0910865 3.39186e-05 -5.42698e-05 -2.03512e-05 3.39186e-05 0.00964375 -0.0179158 2.71349e-05 -5.42698e-05 -0.0179158 0.0887501 
0.0104162 -0.0188687 -1.76546e-05 2.98771e-05 -0.0188687 0.0911279 3.25932e-05 -8.1483e-05 -1.76546e-05 3.25932e-05 0.00962314 -0.0178801 2.98771e-05 -8.1483e-05 -0.0178801 0.088663 
0.010366 -0.0188459 -1.3618e-06 2.45123e-05 -0.0188459 0.0910742 2.45123e-05 -6.80898e-05 -1.3618e-06 2.45123e-05 0.00964016 -0.0178681 2.45123e-05 -6.80898e-05 -0.0178681 0.0886312 
0.0103357 -0.0187826 6.82855e-06 2.73142e-06 -0.0187826 0.0909535 0 -1.36571e-05 6.82855e-06 0 0.00963372 -0.0178853 2.73142e-06 -1.36571e-05 -0.0178853 0.0886414 
0.0103257 -0.0187488 1.36385e-06 -2.31854e-05 -0.0187488 0.0908554 -2.72769e-05 5.72816e-05 1.36385e-06 -2.72769e-05 0.00962876 -0.0178691 -2.31854e-05 5.72816e-05 -0.0178691 0.0886269 
0.0103112 -0.0187218 -8.163e-06 1.3605e-06 -0.0187218 0.0907617 -6.8025e-06 3.12915e-05 -8.163e-06 -6.8025e-06 0.0096405 -0.017877 1.3605e-06 3.12915e-05 -0.017877 0.0886366 
0.0103115 -0.018733 -2.70962e-05 2.30318e-05 -0.018733 0.0907655 1.89673e-05 -3.38702e-05 -2.70962e-05 1.89673e-05 0.0096476 -0.0178645 2.30318e-05 -3.38702e-05 -0.0178645 0.0886005 
0.0103168 -0.0187092 -2.30225e-05 4.33365e-05 -0.0187092 0.0907169 4.60451e-05 -0.000108341 -2.30225e-05 4.60451e-05 0.00964915 -0.0179021 4.33365e-05 -0.000108341 -0.0179021 0.0886679 
0.0102996 -0.0187171 -3.3925e-05 5.0209e-05 -0.0187171 0.0907155 4.6138e-05 -0.000146556 -3.3925e-05 4.6138e-05 0.00965506 -0.0179016 5.0209e-05 -0.000146556 -0.0179016 0.0886963 
0.0102848 -0.018696 -5.30633e-05 4.89815e-05 -0.018696 0.0906798 4.48997e-05 -0.000138781 -5.30633e-05 4.48997e-05 0.00963984 -0.0179055 4.89815e-05 -0.000138781 -0.0179055 0.0887096 
0.0102557 -0.0186857 -4.63258e-05 5.7226e-05 -0.0186857 0.0906555 4.90509e-05 -0.000115815 -4.63258e-05 4.90509e-05 0.0096385 -0.0178763 5.7226e-05 -0.000115815 -0.0178763 0.088654 
0.0102402 -0.0186443 -3.81944e-05 6.00198e-05 -0.0186443 0.0905739 5.59275e-05 -0.000136409 -3.81944e-05 5.59275e-05 0.00964135 -0.0178832 6.00198e-05 -0.000136409 -0.0178832 0.0886464 
0.0102235 -0.0186207 -1.23407e-05 3.29084e-05 -0.0186207 0.0904913 3.15372e-05 -8.2271e-05 -1.23407e-05 3.15372e-05 0.00962159 -0.0178747 3.29084e-05 -8.2271e-05 -0.0178747 0.0886223 
0.0102167 -0.0185998 -1.09798e-05 1.23523e-05 -0.0185998 0.0904395 1.50973e-05 -4.94092e-05 -1.09798e-05 1.50973e-05 0.00961696 -0.0178505 1.23523e-05 -4.94092e-05 -0.0178505 0.0885756 
0.0102038 -0.0185952 -2.33401e-05 1.23565e-05 -0.0185952 0.0904142 1.23565e-05 -2.88319e-05 -2.33401e-05 1.23565e-05 0.00961476 -0.0178264 1.23565e-05 -2.88319e-05 -0.0178264 0.0884989 
0.0102115 -0.0185767 -5.75682e-05 4.24908e-05 -0.0185767 0.0903835 4.38615e-05 -9.1835e-05 -5.75682e-05 4.38615e-05 0.00959608 -0.0178215 4.24908e-05 -9.1835e-05 -0.0178215 0.0884563 
0.0102163 -0.018561 -6.17921e-05 6.17921e-05 -0.018561 0.0903015 6.86578e-05 -0.000137316 -6.17921e-05 6.86578e-05 0.00960386 -0.0178414 6.17921e-05 -0.000137316 -0.0178414 0.0885164 
0.0102097 -0.0185667 -6.73502e-05 8.38441e-05 -0.0185667 0.0902918 8.65931e-05 -0.000196552 -6.73502e-05 8.65931e-05 0.00960496 -0.0178354 8.38441e-05 -0.000196552 -0.0178354 0.088516 
0.0102256 -0.0185913 -3.29195e-05 7.81837e-05 -0.0185913 0.0903749 8.0927e-05 -0.00020026 -3.29195e-05 8.0927e-05 0.00959054 -0.0178012 7.81837e-05 -0.00020026 -0.0178012 0.0884176 
0.0102062 -0.0186103 -9.60002e-06 3.56572e-05 -0.0186103 0.0904336 4.52572e-05 -0.000144 -9.60002e-06 4.52572e-05 0.00960002 -0.0177792 3.56572e-05 -0.000144 -0.0177792 0.0883353 
0.0102247 -0.0186002 1.50343e-05 0 -0.0186002 0.0904507 5.46704e-06 -4.10028e-05 1.50343e-05 5.46704e-06 0.00958645 -0.0177856 0 -4.10028e-05 -0.0177856 0.0883049 
0.0102328 -0.0186215 4.79194e-05 -3.14899e-05 -0.0186215 0.0904924 -2.87516e-05 5.61342e-05 4.79194e-05 -2.87516e-05 0.00957156 -0.0177671 -3.14899e-05 5.61342e-05 -0.0177671 0.0882689 
0.0101993 -0.0186072 4.25888e-05 -6.04486e-05 -0.0186072 0.0904668 -5.63271e-05 0.000130514 4.25888e-05 -5.63271e-05 0.00959347 -0.0177856 -6.04486e-05 0.000130514 -0.0177856 0.0883168 
0.0101819 -0.0185494 2.47033e-05 -4.66618e-05 -0.0185494 0.0903346 -4.52894e-05 0.000123517 2.47033e-05 -4.52894e-05 0.0096192 -0.0178344 -4.66618e-05 0.000123517 -0.0178344 0.0884434 
0.0101809 -0.0185241 1.09797e-05 -3.70565e-05 -0.0185241 0.0902422 -4.11739e-05 0.000116659 1.09797e-05 -4.11739e-05 0.00962234 -0.0178599 -3.70565e-05 0.000116659 -0.0178599 0.0885335 
0.0101872 -0.0185346 -2.7418e-06 -8.2254e-06 -0.0185346 0.090223 -9.5963e-06 5.34651e-05 -2.7418e-06 -9.5963e-06 0.00962372 -0.0178505 -8.2254e-06 5.34651e-05 -0.0178505 0.0885437 
0.0102002 -0.0185588 -1.37026e-05 4.11078e-06 -0.0185588 0.0902838 6.8513e-06 -2.74052e-06 -1.37026e-05 6.8513e-06 0.00960827 -0.0178339 4.11078e-06 -2.74052e-06 -0.0178339 0.0884928 
0.0102068 -0.0185673 -2.73532e-06 3.00885e-05 -0.0185673 0.0903174 3.41914e-05 -6.83829e-05 -2.73532e-06 3.41914e-05 0.00962011 -0.0178356 3.00885e-05 -6.83829e-05 -0.0178356 0.0884916 
0.0102267 -0.0185869 -1.36338e-06 8.18027e-06 -0.0185869 0.0903797 1.22704e-05 -4.77182e-05 -1.36338e-06 1.22704e-05 0.00962136 -0.017833 8.18027e-06 -4.77182e-05 -0.017833 0.0884724 
0.0102214 -0.018619 1.36303e-06 -1.36303e-06 -0.018619 0.0904522 -4.0891e-06 -8.1782e-06 1.36303e-06 -4.0891e-06 0.00962438 -0.0178217 -1.36303e-06 -8.1782e-06 -0.0178217 0.0884458 
0.0102074 -0.0186203 9.53837e-06 -1.36262e-06 -0.0186203 0.0905001 -6.81312e-06 8.17575e-06 9.53837e-06 -6.81312e-06 0.0096392 -0.0178286 -1.36262e-06 8.17575e-06 -0.0178286 0.0884357 
0.0101898 -0.0185891 5.45855e-06 6.82319e-06 -0.0185891 0.0904482 0 -1.91049e-05 5.45855e-06 0 0.00965209 -0.0178645 6.82319e-06 -1.91049e-05 -0.0178645 0.0885173 
0.0101938 -0.0185549 -9.56651e-06 2.73329e-06 -0.0185549 0.0903557 -4.09993e-06 -8.19987e-06 -9.56651e-06 -4.09993e-06 0.00964988 -0.0179017 2.73329e-06 -8.19987e-06 -0.0179017 0.0886351 
0.010194 -0.0185644 1.09525e-05 -5.47623e-06 -0.0185644 0.0903372 -5.47623e-06 3.01192e-05 1.09525e-05 -5.47623e-06 0.00964774 -0.0178881 -5.47623e-06 3.01192e-05 -0.0178881 0.0886587 
0.0102116 -0.0185601 9.5614e-06 -2.32206e-05 -0.0185601 0.0903293 -1.91228e-05 5.05389e-05 9.5614e-06 -1.91228e-05 0.00964882 -0.0178989 -2.32206e-05 5.05389e-05 -0.0178989 0.0886834 
0.0102298 -0.0185747 -1.91774e-05 -5.47926e-06 -0.0185747 0.0903284 -1.36982e-06 1.78076e-05 -1.91774e-05 -1.36982e-06 0.00962433 -0.0178953 -5.47926e-06 1.78076e-05 -0.0178953 0.0886764 
0.0102405 -0.0186019 -3.82925e-05 3.0087e-05 -0.0186019 0.0903976 2.87194e-05 -4.78656e-05 -3.82925e-05 2.87194e-05 0.00962782 -0.0178703 3.0087e-05 -4.78656e-05 -0.0178703 0.0886498 
0.010232 -0.0186352 -3.96697e-05 4.65093e-05 -0.0186352 0.0904756 4.92451e-05 -0.000102594 -3.96697e-05 4.92451e-05 0.00963016 -0.017839 4.65093e-05 -0.000102594 -0.017839 0.08854 
0.0102344 -0.0186256 -3.14022e-05 4.09594e-05 -0.0186256 0.0904999 3.82288e-05 -9.5572e-05 -3.14022e-05 3.82288e-05 0.00962137 -0.0178392 4.09594e-05 -9.5572e-05 -0.0178392 0.0884901 
0.0102416 -0.0186116 -4.22249e-05 5.03975e-05 -0.0186116 0.0904648 4.76733e-05 -0.000122588 -4.22249e-05 4.76733e-05 0.00962319 -0.0178502 5.03975e-05 -0.000122588 -0.0178502 0.0885238 
0.0102436 -0.0186282 -4.90253e-05 5.8558e-05 -0.0186282 0.0904775 5.71962e-05 -0.000141629 -4.90253e-05 5.71962e-05 0.00961168 -0.017837 5.8558e-05 -0.000141629 -0.017837 0.0884947 
0.0102128 -0.0186364 -3.81837e-05 5.86392e-05 -0.0186364 0.0905048 5.59118e-05 -0.000150007 -3.81837e-05 5.59118e-05 0.00962774 -0.0178236 5.86392e-05 -0.000150007 -0.0178236 0.0884647 
0.010186 -0.0185995 -3.41125e-05 4.3664e-05 -0.0185995 0.090454 4.22995e-05 -0.00012144 -3.41125e-05 4.22995e-05 0.00963745 -0.0178395 4.3664e-05 -0.00012144 -0.0178395 0.0884714 
0.0101581 -0.0185528 -3.14154e-05 5.19036e-05 -0.0185528 0.0903437 5.32695e-05 -0.000131125 -3.14154e-05 5.32695e-05 0.00964998 -0.0178644 5.19036e-05 -0.000131125 -0.0178644 0.0885312 
0.0101429 -0.0185162 -2.05766e-05 4.11532e-05 -0.0185162 0.0902365 4.52685e-05 -0.000112485 -2.05766e-05 4.52685e-05 0.00964082 -0.0178797 4.11532e-05 -0.000112485 -0.0178797 0.0885753 
0.0101125 -0.0184796 -1.23877e-05 2.06461e-05 -0.0184796 0.0901202 2.61517e-05 -7.98315e-05 -1.23877e-05 2.61517e-05 0.00963484 -0.0178671 2.06461e-05 -7.98315e-05 -0.0178671 0.0885827 
0.0101329 -0.0184538 -2.75388e-06 1.37694e-06 -0.0184538 0.0900465 6.88471e-06 -1.92772e-05 -2.75388e-06 6.88471e-06 0.00958902 -0.0178397 1.37694e-06 -1.92772e-05 -0.0178397 0.0885057 
0.0101429 -0.0184585 1.10249e-05 -1.2403e-05 -0.0184585 0.0900144 -1.10249e-05 2.75623e-05 1.10249e-05 -1.10249e-05 0.00956137 -0.017797 -1.2403e-05 2.75623e-05 -0.017797 0.0884213 
0.0101381 -0.0184727 1.24089e-05 -1.51665e-05 -0.0184727 0.0900281 -1.93028e-05 4.68781e-05 1.24089e-05 -1.93028e-05 0.00955762 -0.0177613 -1.51665e-05 4.68781e-05 -0.0177613 0.0883308 
0.0101094 -0.0184687 -2.75837e-06 -1.37918e-06 -0.0184687 0.0900359 -1.10335e-05 2.2067e-05 -2.75837e-06 -1.10335e-05 0.00957982 -0.0177542 -1.37918e-06 2.2067e-05 -0.0177542 0.0882637 
0.0100766 -0.018442 -4.13652e-06 8.27303e-06 -0.018442 0.0899968 2.75768e-06 -4.13652e-06 -4.13652e-06 2.75768e-06 0.00960913 -0.0177746 8.27303e-06 -4.13652e-06 -0.0177746 0.0882705 
0.0100548 -0.0184159 -9.64691e-06 1.1025e-05 -0.0184159 0.0899533 6.89065e-06 -1.51594e-05 -9.64691e-06 6.89065e-06 0.0096221 -0.0177834 1.1025e-05 -1.51594e-05 -0.0177834 0.0882706 
0.0100324 -0.0183709 1.10261e-05 -4.13479e-06 -0.0183709 0.0898422 -4.13479e-06 1.65392e-05 1.10261e-05 -4.13479e-06 0.00963545 -0.0178223 -4.13479e-06 1.65392e-05 -0.0178223 0.0883564 
0.0100345 -0.0183445 1.2436e-05 -1.79631e-05 -0.0183445 0.0897533 -1.38178e-05 3.31626e-05 1.2436e-05 -1.38178e-05 0.00961855 -0.0178332 -1.79631e-05 3.31626e-05 -0.0178332 0.0884102 
0.0100392 -0.0183423 1.38109e-05 -2.76218e-05 -0.0183423 0.0897157 -2.90029e-05 7.45789e-05 1.38109e-05 -2.90029e-05 0.00960687 -0.0178175 -2.76218e-05 7.45789e-05 -0.0178175 0.0883981 
0.0100411 -0.0183459 1.24613e-05 -1.38459e-05 -0.0183459 0.0897092 -1.52305e-05 5.26145e-05 1.24613e-05 -1.52305e-05 0.00958138 -0.0177934 -1.38459e-05 5.26145e-05 -0.0177934 0.0883509 
0.0100384 -0.0183416 -1.3871e-06 -2.7742e-06 -0.0183416 0.0896926 -1.3871e-06 5.5484e-06 -1.3871e-06 -1.3871e-06 0.00957653 -0.0177784 -2.7742e-06 5.5484e-06 -0.0177784 0.0883111 
0.0100371 -0.0183288 -6.93171e-06 1.38634e-06 -0.0183288 0.0896575 2.77268e-06 1.38634e-06 -6.93171e-06 2.77268e-06 0.00957546 -0.0177729 1.38634e-06 1.38634e-06 -0.0177729 0.0882933 
0.0100385 -0.0183216 -1.66383e-05 1.66383e-05 -0.0183216 0.0896252 1.80249e-05 -3.60497e-05 -1.66383e-05 1.80249e-05 0.00957398 -0.0177725 1.66383e-05 -3.60497e-05 -0.0177725 0.0882969 
0.0100355 -0.0183417 -2.6369e-05 2.49811e-05 -0.0183417 0.0896628 3.05325e-05 -6.9392e-05 -2.6369e-05 3.05325e-05 0.00957193 -0.0177533 2.49811e-05 -6.9392e-05 -0.0177533 0.0882417 
0.010047 -0.0183481 -3.18207e-05 3.87382e-05 -0.0183481 0.0897136 4.42723e-05 -0.000107914 -3.18207e-05 4.42723e-05 0.00957388 -0.0177449 3.87382e-05 -0.000107914 -0.0177449 0.0881931 
0.0100443 -0.0183623 -3.7288e-05 5.80036e-05 -0.0183623 0.0897468 5.52415e-05 -0.00014639 -3.7288e-05 5.52415e-05 0.00958579 -0.0177436 5.80036e-05 -0.00014639 -0.0177436 0.0881751 
0.0100599 -0.0183495 -2.34755e-05 5.66173e-05 -0.0183495 0.0897357 5.52364e-05 -0.000161567 -2.34755e-05 5.52364e-05 0.00957109 -0.0177654 5.66173e-05 -0.000161567 -0.0177654 0.0882153 
0.0100681 -0.01836 4.13079e-06 3.30463e-05 -0.01836 0.0897427 3.44232e-05 -0.000117039 4.13079e-06 3.44232e-05 0.00957792 -0.0177706 3.30463e-05 -0.000117039 -0.0177706 0.088257 
0.0100805 -0.0183686 1.65458e-05 -1.37882e-05 -0.0183686 0.0897459 -1.24094e-05 -1.79246e-05 1.65458e-05 -1.24094e-05 0.00957037 -0.0177812 -1.37882e-05 -1.79246e-05 -0.0177812 0.0882967 
0.0100798 -0.0183974 1.10569e-05 -2.62603e-05 -0.0183974 0.0898156 -2.62603e-05 5.11384e-05 1.10569e-05 -2.62603e-05 0.00955735 -0.0177533 -2.62603e-05 5.11384e-05 -0.0177533 0.0882496 
0.010063 -0.0184008 1.38571e-05 -2.3557e-05 -0.0184008 0.0898602 -2.21713e-05 7.20567e-05 1.38571e-05 -2.21713e-05 0.00955305 -0.0177343 -2.3557e-05 7.20567e-05 -0.0177343 0.0881794 
