0.00690771 0 9.67869e-05 0 0 0.00998876 0 0 9.67869e-05 0 0.00774653 0 0 0 0 0.00998876 
0.00985811 -0.0122515 0.000116074 -0.000142231 -0.0122515 0.0326724 -0.000142231 0.000277924 0.000116074 -0.000142231 0.0108178 -0.0134319 -0.000142231 0.000277924 -0.0134319 0.0349415 
0.0100086 -0.0188299 9.47812e-05 -0.00014134 -0.0188299 0.0694114 -0.00014134 0.000450626 9.47812e-05 -0.00014134 0.0107652 -0.0200604 -0.00014134 0.000450626 -0.0200604 0.0733407 
0.00949133 -0.0186788 7.71784e-05 -9.48651e-05 -0.0186788 0.0840408 -9.96887e-05 0.000331224 7.71784e-05 -9.96887e-05 0.0101682 -0.0195599 -9.48651e-05 0.000331224 -0.0195599 0.0870395 
0.00942352 -0.0179846 7.36573e-05 -9.51406e-05 -0.0179846 0.0874726 -0.000102813 0.000251662 7.36573e-05 -0.000102813 0.0101601 -0.0188179 -9.51406e-05 0.000251662 -0.0188179 0.0895979 
0.00950196 -0.0178002 7.07232e-05 -9.28242e-05 -0.0178002 0.0882655 -0.000104611 0.000237218 7.07232e-05 -0.000104611 0.0103654 -0.0187682 -9.28242e-05 0.000237218 -0.0187682 0.090402 
0.00955558 -0.0177866 9.54276e-05 -0.000106822 -0.0177866 0.08846 -0.000113943 0.000273464 9.54276e-05 -0.000113943 0.0105156 -0.0189288 -0.000106822 0.000273464 -0.0189288 0.0910564 
0.0095768 -0.0177901 0.000101673 -0.0001351 -0.0177901 0.0884545 -0.0001351 0.00033009 0.000101673 -0.0001351 0.0105615 -0.0190227 -0.0001351 0.00033009 -0.0190227 0.0914253 
0.00958689 -0.0178038 7.96961e-05 -0.00012504 -0.0178038 0.088442 -0.000126414 0.000325655 7.96961e-05 -0.000126414 0.010546 -0.0190116 -0.00012504 0.000325655 -0.0190116 0.091465 
0.00960854 -0.0178282 6.41844e-05 -8.74001e-05 -0.0178282 0.0884734 -9.14969e-05 0.000245813 6.41844e-05 -9.14969e-05 0.0105126 -0.0189822 -8.74001e-05 0.000245813 -0.0189822 0.0913877 
0.00964354 -0.0178611 8.83606e-05 -8.70012e-05 -0.0178611 0.0885536 -8.83606e-05 0.000233816 8.83606e-05 -8.83606e-05 0.0104728 -0.0189418 -8.70012e-05 0.000233816 -0.0189418 0.0912942 
0.00967035 -0.0179174 9.62426e-05 -0.000117931 -0.0179174 0.0886882 -0.000113864 0.00026975 9.62426e-05 -0.000113864 0.0104457 -0.0188893 -0.000117931 0.00026975 -0.0188893 0.0911661 
0.0097067 -0.0179699 0.000102817 -0.000123109 -0.0179699 0.088866 -0.000117698 0.000290863 0.000102817 -0.000117698 0.0104264 -0.0188641 -0.000123109 0.000290863 -0.0188641 0.0910861 
0.00972349 -0.017971 8.65031e-05 -0.000118942 -0.017971 0.0888954 -0.000118942 0.000289245 8.65031e-05 -0.000118942 0.0104155 -0.0188861 -0.000118942 0.000289245 -0.0188861 0.0911391 
0.00972962 -0.0180137 6.91583e-05 -0.000103059 -0.0180137 0.0889891 -0.000103059 0.000273921 6.91583e-05 -0.000103059 0.0103927 -0.0188517 -0.000103059 0.000273921 -0.0188517 0.0910909 
0.00968931 -0.0180095 5.28656e-05 -8.40427e-05 -0.0180095 0.0890148 -8.26872e-05 0.000225018 5.28656e-05 -8.26872e-05 0.0104227 -0.0188378 -8.40427e-05 0.000225018 -0.0188378 0.0910684 
0.00965563 -0.0179735 5.41614e-05 -7.31179e-05 -0.0179735 0.0889642 -6.90558e-05 0.000190919 5.41614e-05 -6.90558e-05 0.0104667 -0.0188725 -7.31179e-05 0.000190919 -0.0188725 0.0911225 
0.0096378 -0.0179199 5.01122e-05 -6.63648e-05 -0.0179199 0.0888408 -6.50104e-05 0.000167944 5.01122e-05 -6.50104e-05 0.0104843 -0.0189316 -6.63648e-05 0.000167944 -0.0189316 0.0912503 
0.00963606 -0.0178955 4.74216e-05 -4.87765e-05 -0.0178955 0.0887542 -5.28412e-05 0.000123296 4.74216e-05 -5.28412e-05 0.0104951 -0.0189632 -4.87765e-05 0.000123296 -0.0189632 0.0913759 
0.00964438 -0.0178969 4.86953e-05 -6.62797e-05 -0.0178969 0.0887228 -7.03377e-05 0.000154202 4.86953e-05 -7.03377e-05 0.0105033 -0.0189776 -6.62797e-05 0.000154202 -0.0189776 0.0914403 
0.00965249 -0.0179081 6.07329e-05 -7.01803e-05 -0.0179081 0.0887389 -7.55788e-05 0.000184898 6.07329e-05 -7.55788e-05 0.0105149 -0.0189905 -7.01803e-05 0.000184898 -0.0189905 0.09148 
0.00963539 -0.0179064 7.42222e-05 -9.31151e-05 -0.0179064 0.0887266 -9.71636e-05 0.000237511 7.42222e-05 -9.71636e-05 0.0105382 -0.0190157 -9.31151e-05 0.000237511 -0.0190157 0.0915403 
0.00962982 -0.0178976 8.62211e-05 -0.000106429 -0.0178976 0.0887282 -0.000110471 0.000277524 8.62211e-05 -0.000110471 0.0105634 -0.01904 -0.000106429 0.000277524 -0.01904 0.0916126 
0.00963613 -0.017899 7.42695e-05 -9.04738e-05 -0.017899 0.0887332 -8.77731e-05 0.000230911 7.42695e-05 -8.77731e-05 0.0105557 -0.0190576 -9.04738e-05 0.000230911 -0.0190576 0.0916621 
0.0096664 -0.0179219 4.98615e-05 -7.27709e-05 -0.0179219 0.088798 -7.00757e-05 0.000176537 4.98615e-05 -7.00757e-05 0.0105477 -0.0190431 -7.27709e-05 0.000176537 -0.0190431 0.0916549 
0.00968638 -0.0179513 4.84588e-05 -5.1151e-05 -0.0179513 0.088864 -5.2497e-05 0.00013057 4.84588e-05 -5.2497e-05 0.0105384 -0.0190322 -5.1151e-05 0.00013057 -0.0190322 0.0916195 
0.00966684 -0.0179564 6.07044e-05 -5.93554e-05 -0.0179564 0.0888767 -5.80064e-05 0.000136248 6.07044e-05 -5.80064e-05 0.0105342 -0.0190261 -5.93554e-05 0.000136248 -0.0190261 0.0915962 
0.00967369 -0.0179483 4.85235e-05 -6.06543e-05 -0.0179483 0.0888869 -5.3915e-05 0.000128048 4.85235e-05 -5.3915e-05 0.0105202 -0.0190145 -6.06543e-05 0.000128048 -0.0190145 0.0915557 
0.00967602 -0.0179584 4.31303e-05 -5.93042e-05 -0.0179584 0.0889078 -5.25651e-05 0.000129391 4.31303e-05 -5.25651e-05 0.0105036 -0.0189868 -5.93042e-05 0.000129391 -0.0189868 0.0914781 
0.00966854 -0.0179605 2.69394e-05 -5.11848e-05 -0.0179605 0.088912 -4.0409e-05 0.000117186 2.69394e-05 -4.0409e-05 0.0105023 -0.0189694 -5.11848e-05 0.000117186 -0.0189694 0.0914268 
0.00966111 -0.0179565 4.04456e-05 -4.71865e-05 -0.0179565 0.0889183 -3.77492e-05 0.000119989 4.04456e-05 -3.77492e-05 0.0104983 -0.0189609 -4.71865e-05 0.000119989 -0.0189609 0.0913814 
0.00964979 -0.0179386 5.94082e-05 -5.94082e-05 -0.0179386 0.0888747 -5.40075e-05 0.000136369 5.94082e-05 -5.40075e-05 0.0104964 -0.0189661 -5.94082e-05 0.000136369 -0.0189661 0.0913888 
0.0096523 -0.0179174 4.33081e-05 -7.17291e-05 -0.0179174 0.0888209 -7.03757e-05 0.000166466 4.33081e-05 -7.03757e-05 0.0104792 -0.018973 -7.17291e-05 0.000166466 -0.018973 0.0914167 
0.00965811 -0.0179458 3.37555e-05 -4.99581e-05 -0.0179458 0.0888727 -4.99581e-05 0.000145824 3.37555e-05 -4.99581e-05 0.0104871 -0.0189355 -4.99581e-05 0.000145824 -0.0189355 0.0913477 
0.00965377 -0.0179211 2.4276e-05 -4.58547e-05 -0.0179211 0.0888193 -4.72034e-05 0.000129472 2.4276e-05 -4.72034e-05 0.0105021 -0.0189704 -4.58547e-05 0.000129472 -0.0189704 0.0914006 
0.00963183 -0.0179079 1.349e-06 -2.69799e-05 -0.0179079 0.0887788 -1.88859e-05 7.55438e-05 1.349e-06 -1.88859e-05 0.0105222 -0.0189871 -2.69799e-05 7.55438e-05 -0.0189871 0.0914619 
0.00962192 -0.0179042 -9.46241e-06 1.08142e-05 -0.0179042 0.0887683 1.48695e-05 -5.40709e-06 -9.46241e-06 1.48695e-05 0.0105317 -0.0190019 1.08142e-05 -5.40709e-06 -0.0190019 0.0915002 
0.00962378 -0.01787 -6.74595e-06 1.21427e-05 -0.01787 0.0886931 1.21427e-05 -3.23806e-05 -6.74595e-06 1.21427e-05 0.0105331 -0.0190357 1.21427e-05 -3.23806e-05 -0.0190357 0.0915817 
0.00963666 -0.017905 -2.70161e-06 4.05242e-06 -0.017905 0.0887467 4.05242e-06 -2.16129e-05 -2.70161e-06 4.05242e-06 0.0105147 -0.0190018 4.05242e-06 -2.16129e-05 -0.0190018 0.091524 
0.00965392 -0.0179428 8.10913e-06 -1.08122e-05 -0.0179428 0.0888571 -6.75761e-06 1.08122e-05 8.10913e-06 -6.75761e-06 0.0104986 -0.0189632 -1.08122e-05 1.08122e-05 -0.0189632 0.0914209 
0.00966782 -0.0179621 -6.75977e-06 -2.70391e-06 -0.0179621 0.0889329 -4.05586e-06 4.05586e-06 -6.75977e-06 -4.05586e-06 0.0104979 -0.0189463 -2.70391e-06 4.05586e-06 -0.0189463 0.0913488 
0.00965016 -0.0179349 0 -5.41839e-06 -0.0179349 0.0888712 -8.12759e-06 2.43828e-05 0 -8.12759e-06 0.0104846 -0.018959 -5.41839e-06 2.43828e-05 -0.018959 0.0913568 
0.00966996 -0.0179219 -6.77833e-06 9.48966e-06 -0.0179219 0.0888259 9.48966e-06 -1.6268e-05 -6.77833e-06 9.48966e-06 0.0104481 -0.0189441 9.48966e-06 -1.6268e-05 -0.0189441 0.091342 
0.00968161 -0.0179424 0 8.13467e-06 -0.0179424 0.0888319 8.13467e-06 -2.16924e-05 0 8.13467e-06 0.0104205 -0.0188968 8.13467e-06 -2.16924e-05 -0.0188968 0.0912493 
0.00969459 -0.0179629 -1.75921e-05 5.41295e-06 -0.0179629 0.0888846 5.41295e-06 -2.3005e-05 -1.75921e-05 5.41295e-06 0.0104118 -0.018856 5.41295e-06 -2.3005e-05 -0.018856 0.0911432 
0.00969099 -0.0179738 -1.6217e-05 9.45989e-06 -0.0179738 0.0889162 1.08113e-05 -1.08113e-05 -1.6217e-05 1.08113e-05 0.0104153 -0.0188468 9.45989e-06 -1.08113e-05 -0.0188468 0.0910893 
0.00964576 -0.0179507 -2.71139e-06 8.13416e-06 -0.0179507 0.0888738 4.06708e-06 0 -2.71139e-06 4.06708e-06 0.0104429 -0.0188618 8.13416e-06 0 -0.0188618 0.091108 
0.00963391 -0.0178939 -1.35232e-06 9.46623e-06 -0.0178939 0.0887702 6.76159e-06 -2.43417e-05 -1.35232e-06 6.76159e-06 0.0104669 -0.0189122 9.46623e-06 -2.43417e-05 -0.0189122 0.091226 
0.00965149 -0.0178968 1.08064e-05 -6.75402e-06 -0.0178968 0.088737 -5.40321e-06 1.21572e-05 1.08064e-05 -5.40321e-06 0.0104633 -0.0189275 -6.75402e-06 1.21572e-05 -0.0189275 0.0912927 
0.00967748 -0.0179044 -1.3469e-05 9.42831e-06 -0.0179044 0.0887204 1.48159e-05 -3.77132e-05 -1.3469e-05 1.48159e-05 0.0104573 -0.0189388 9.42831e-06 -3.77132e-05 -0.0189388 0.0913495 
0.00968618 -0.0179394 -2.29594e-05 2.97122e-05 -0.0179394 0.0887842 3.51144e-05 -8.10333e-05 -2.29594e-05 3.51144e-05 0.0104357 -0.0189253 2.97122e-05 -8.10333e-05 -0.0189253 0.0913219 
0.00967874 -0.0179746 -3.10606e-05 3.64624e-05 -0.0179746 0.0888899 3.78129e-05 -0.000105336 -3.10606e-05 3.78129e-05 0.0104417 -0.0188889 3.64624e-05 -0.000105336 -0.0188889 0.0912613 
0.00969297 -0.0179702 -4.31038e-05 4.71448e-05 -0.0179702 0.0889299 4.71448e-05 -0.000115841 -4.31038e-05 4.71448e-05 0.0104594 -0.0189104 4.71448e-05 -0.000115841 -0.0189104 0.0912777 
0.00969218 -0.0179843 -6.34535e-05 6.07533e-05 -0.0179843 0.088951 5.94033e-05 -0.000139058 -6.34535e-05 5.94033e-05 0.0104712 -0.018928 6.07533e-05 -0.000139058 -0.018928 0.091315 
0.00967466 -0.0179817 -6.89887e-05 6.89887e-05 -0.0179817 0.0889617 6.7636e-05 -0.000148799 -6.89887e-05 6.7636e-05 0.010489 -0.0189421 6.89887e-05 -0.000148799 -0.0189421 0.091356 
0.0096606 -0.0179616 -5.94665e-05 8.37936e-05 -0.0179616 0.0889348 8.10906e-05 -0.000182454 -5.94665e-05 8.10906e-05 0.0105147 -0.0189671 8.37936e-05 -0.000182454 -0.0189671 0.091408 
0.00966896 -0.0179615 -4.98817e-05 7.41485e-05 -0.0179615 0.0889458 7.54966e-05 -0.000187393 -4.98817e-05 7.54966e-05 0.0105426 -0.0189928 7.41485e-05 -0.000187393 -0.0189928 0.0914601 
0.00964889 -0.0179419 -5.40176e-05 5.5368e-05 -0.0179419 0.0888818 5.94193e-05 -0.000156651 -5.40176e-05 5.94193e-05 0.0105631 -0.0190358 5.5368e-05 -0.000156651 -0.0190358 0.0915544 
0.00964373 -0.0179167 -3.63914e-05 4.71741e-05 -0.0179167 0.0888247 4.98697e-05 -0.000119957 -3.63914e-05 4.98697e-05 0.0105576 -0.0190516 4.71741e-05 -0.000119957 -0.0190516 0.0916107 
0.00965083 -0.0179243 -4.9816e-05 4.57768e-05 -0.0179243 0.0888218 4.44304e-05 -0.000121174 -4.9816e-05 4.44304e-05 0.0105529 -0.0190418 4.57768e-05 -0.000121174 -0.0190418 0.0916075 
0.00966662 -0.0179225 -4.8461e-05 6.8653e-05 -0.0179225 0.0888141 6.99992e-05 -0.000162883 -4.8461e-05 6.99992e-05 0.0105295 -0.0190411 6.8653e-05 -0.000162883 -0.0190411 0.0916006 
0.00967995 -0.0179541 -2.42605e-05 6.33469e-05 -0.0179541 0.0888717 5.93035e-05 -0.000164432 -2.42605e-05 5.93035e-05 0.0105156 -0.0190108 6.33469e-05 -0.000164432 -0.0190108 0.0915484 
0.00967412 -0.0179597 -2.96587e-05 4.17918e-05 -0.0179597 0.0889059 3.77474e-05 -0.000137508 -2.96587e-05 3.77474e-05 0.0105086 -0.0189937 4.17918e-05 -0.000137508 -0.0189937 0.091497 
0.00965886 -0.0179716 -4.72547e-05 3.24032e-05 -0.0179716 0.0889455 3.64536e-05 -9.45094e-05 -4.72547e-05 3.64536e-05 0.0105189 -0.0189734 3.24032e-05 -9.45094e-05 -0.0189734 0.0914365 
0.00961563 -0.0179282 -6.3599e-05 5.14205e-05 -0.0179282 0.0888708 5.27737e-05 -0.000120432 -6.3599e-05 5.27737e-05 0.010529 -0.0189904 5.14205e-05 -0.000120432 -0.0189904 0.0914365 
0.00961537 -0.0178852 -6.6397e-05 6.91071e-05 -0.0178852 0.0887687 7.31722e-05 -0.00015041 -6.6397e-05 7.31722e-05 0.0105016 -0.0189895 6.91071e-05 -0.00015041 -0.0189895 0.0914355 
0.00962988 -0.017869 -6.76445e-05 7.84677e-05 -0.017869 0.0886806 8.38792e-05 -0.000185346 -6.76445e-05 8.38792e-05 0.0104808 -0.0189756 7.84677e-05 -0.000185346 -0.0189756 0.0914338 
0.00966193 -0.0178858 -4.71708e-05 7.27778e-05 -0.0178858 0.0886771 7.68211e-05 -0.000180597 -4.71708e-05 7.68211e-05 0.0104558 -0.0189478 7.27778e-05 -0.000180597 -0.0189478 0.091378 
0.00966566 -0.0179203 -2.83292e-05 5.12624e-05 -0.0179203 0.0887298 5.39604e-05 -0.000147042 -2.83292e-05 5.39604e-05 0.0104373 -0.0189104 5.12624e-05 -0.000147042 -0.0189104 0.0912916 
0.0096672 -0.0179501 -1.35187e-06 3.24448e-05 -0.0179501 0.0888257 3.37967e-05 -9.32788e-05 -1.35187e-06 3.37967e-05 0.0104283 -0.0188815 3.24448e-05 -9.32788e-05 -0.0188815 0.0912118 
0.00963989 -0.0179309 8.13378e-06 9.48942e-06 -0.0179309 0.0888128 1.0845e-05 -4.74471e-05 8.13378e-06 1.0845e-05 0.0104316 -0.0188772 9.48942e-06 -4.74471e-05 -0.0188772 0.0911838 
0.00964398 -0.0179101 -1.48889e-05 1.21819e-05 -0.0179101 0.0887909 1.21819e-05 -4.19598e-05 -1.48889e-05 1.21819e-05 0.0104385 -0.0188873 1.21819e-05 -4.19598e-05 -0.0188873 0.0912056 
0.00964434 -0.0179215 -2.69923e-05 2.96915e-05 -0.0179215 0.08881 3.23907e-05 -7.01799e-05 -2.69923e-05 3.23907e-05 0.0104649 -0.0188878 2.96915e-05 -7.01799e-05 -0.0188878 0.0912096 
0.00964773 -0.0179261 -4.84743e-05 4.03952e-05 -0.0179261 0.0888237 4.17417e-05 -0.000100988 -4.84743e-05 4.17417e-05 0.0105001 -0.0189319 4.03952e-05 -0.000100988 -0.0189319 0.0912946 
0.00965026 -0.0179469 -5.64578e-05 4.97367e-05 -0.0179469 0.0888861 4.83924e-05 -0.000103506 -5.64578e-05 4.83924e-05 0.0105455 -0.0189712 4.97367e-05 -0.000103506 -0.0189712 0.0913972 
0.009654 -0.0179358 -4.03202e-05 5.77923e-05 -0.0179358 0.0888697 5.77923e-05 -0.000120961 -4.03202e-05 5.77923e-05 0.0105746 -0.0190473 5.77923e-05 -0.000120961 -0.0190473 0.0915752 
0.00966063 -0.017949 -3.35998e-05 4.70398e-05 -0.017949 0.0888998 4.30078e-05 -0.000120959 -3.35998e-05 4.30078e-05 0.0105947 -0.0190766 4.70398e-05 -0.000120959 -0.0190766 0.0916913 
0.00966744 -0.0179365 -3.37456e-05 2.83463e-05 -0.0179365 0.0888752 2.56467e-05 -7.15407e-05 -3.37456e-05 2.56467e-05 0.0105745 -0.0191041 2.83463e-05 -7.15407e-05 -0.0191041 0.0917638 
0.0096799 -0.0179415 -4.18342e-05 2.83393e-05 -0.0179415 0.088868 2.69898e-05 -6.20766e-05 -4.18342e-05 2.69898e-05 0.0105611 -0.0190872 2.83393e-05 -6.20766e-05 -0.0190872 0.0917843 
0.00970551 -0.0179747 -6.99981e-05 5.11525e-05 -0.0179747 0.0889407 4.98064e-05 -0.000110382 -6.99981e-05 4.98064e-05 0.0105563 -0.0190543 5.11525e-05 -0.000110382 -0.0190543 0.0917204 
0.00971111 -0.0180193 -8.22061e-05 9.56826e-05 -0.0180193 0.0890535 9.29873e-05 -0.000202146 -8.22061e-05 9.29873e-05 0.0105547 -0.0190368 9.56826e-05 -0.000202146 -0.0190368 0.0916275 
0.00972285 -0.0180425 -8.35736e-05 0.000115925 -0.0180425 0.0891474 0.000115925 -0.000285768 -8.35736e-05 0.000115925 0.0105478 -0.0190197 0.000115925 -0.000285768 -0.0190197 0.0915535 
0.00971682 -0.0180158 -7.82418e-05 0.00012141 -0.0180158 0.0890904 0.00012141 -0.000329155 -7.82418e-05 0.00012141 0.010533 -0.0190276 0.00012141 -0.000329155 -0.0190276 0.091551 
0.0096914 -0.0179979 -6.22719e-05 9.34078e-05 -0.0179979 0.0890339 9.34078e-05 -0.000270747 -6.22719e-05 9.34078e-05 0.0105118 -0.0190092 9.34078e-05 -0.000270747 -0.0190092 0.0915261 
0.0096924 -0.0179988 -5.56021e-05 7.32321e-05 -0.0179988 0.0890475 7.59444e-05 -0.000212915 -5.56021e-05 7.59444e-05 0.0105007 -0.0189725 7.32321e-05 -0.000212915 -0.0189725 0.0914424 
0.00968294 -0.0179629 -5.82901e-05 7.1846e-05 -0.0179629 0.0889508 7.59127e-05 -0.000197915 -5.82901e-05 7.59127e-05 0.0105044 -0.0189877 7.1846e-05 -0.000197915 -0.0189877 0.0914545 
0.00967852 -0.0179452 -5.82065e-05 6.90356e-05 -0.0179452 0.0888664 7.30965e-05 -0.000181388 -5.82065e-05 7.30965e-05 0.0105029 -0.0189875 6.90356e-05 -0.000181388 -0.0189875 0.0914641 
0.00969385 -0.0179602 -7.84818e-05 7.98349e-05 -0.0179602 0.0888914 8.25412e-05 -0.00020297 -7.84818e-05 8.25412e-05 0.0104787 -0.0189628 7.98349e-05 -0.00020297 -0.0189628 0.0914029 
0.00970411 -0.0179845 -8.78016e-05 9.05032e-05 -0.0179845 0.0889471 9.32048e-05 -0.000209373 -8.78016e-05 9.32048e-05 0.0104741 -0.0189354 9.05032e-05 -0.000209373 -0.0189354 0.0913326 
0.00971082 -0.0180134 -7.96633e-05 0.000113419 -0.0180134 0.0890312 0.000112069 -0.000259243 -7.96633e-05 0.000112069 0.0104737 -0.0189167 0.000113419 -0.000259243 -0.0189167 0.0912631 
0.00966695 -0.0179851 -6.87224e-05 0.00010241 -0.0179851 0.0889861 9.97149e-05 -0.00025333 -6.87224e-05 9.97149e-05 0.0105118 -0.0189418 0.00010241 -0.00025333 -0.0189418 0.0913065 
0.00963677 -0.0179511 -6.59223e-05 7.80305e-05 -0.0179511 0.0889306 7.80305e-05 -0.000204494 -6.59223e-05 7.80305e-05 0.0105503 -0.0189829 7.80305e-05 -0.000204494 -0.0189829 0.0913872 
0.00963074 -0.0179078 -7.80471e-05 5.92081e-05 -0.0179078 0.0888297 6.05538e-05 -0.00014802 -7.80471e-05 6.05538e-05 0.0105552 -0.0190395 5.92081e-05 -0.00014802 -0.0190395 0.0915183 
0.00962323 -0.0178785 -9.7423e-05 8.65982e-05 -0.0178785 0.0887199 8.93044e-05 -0.000186727 -9.7423e-05 8.93044e-05 0.0105285 -0.019053 8.65982e-05 -0.000186727 -0.019053 0.091602 
0.00963526 -0.0178826 -0.000107073 0.000119272 -0.0178826 0.0887002 0.000121982 -0.000264295 -0.000107073 0.000121982 0.0105027 -0.0190198 0.000119272 -0.000264295 -0.0190198 0.0915858 
0.00964773 -0.0179048 -0.00011272 0.000142597 -0.0179048 0.0887336 0.000141239 -0.000335443 -0.00011272 0.000141239 0.0104734 -0.0189682 0.000142597 -0.000335443 -0.0189682 0.0914782 
0.0096427 -0.0179155 -0.000102133 0.000145709 -0.0179155 0.088752 0.000145709 -0.00036904 -0.000102133 0.000145709 0.0104516 -0.0189273 0.000145709 -0.00036904 -0.0189273 0.0913489 
0.00966579 -0.0179194 -8.39444e-05 0.00013404 -0.0179194 0.0887888 0.000131332 -0.000350671 -8.39444e-05 0.000131332 0.0104633 -0.0189064 0.00013404 -0.000350671 -0.0189064 0.0912868 
0.00966431 -0.0179037 -4.1831e-05 0.000106602 -0.0179037 0.0887182 0.000106602 -0.000300913 -4.1831e-05 0.000106602 0.0104834 -0.0189535 0.000106602 -0.000300913 -0.0189535 0.0913697 
0.00966939 -0.0179198 -1.89013e-05 3.91528e-05 -0.0179198 0.0887256 3.37524e-05 -0.00014176 -1.89013e-05 3.37524e-05 0.0104835 -0.0189635 3.91528e-05 -0.00014176 -0.0189635 0.0914096 
0.00966765 -0.0179205 -1.21504e-05 1.21504e-05 -0.0179205 0.0887382 6.75021e-06 -3.1051e-05 -1.21504e-05 6.75021e-06 0.0104696 -0.0189627 1.21504e-05 -3.1051e-05 -0.0189627 0.0914181 
0.00965883 -0.0179202 -2.84083e-05 1.35278e-05 -0.0179202 0.0887449 9.46944e-06 -1.2175e-05 -2.84083e-05 9.46944e-06 0.010438 -0.0189348 1.35278e-05 -1.2175e-05 -0.0189348 0.091349 
0.00967665 -0.0179428 -4.97964e-05 3.63379e-05 -0.0179428 0.0888219 3.09545e-05 -4.57588e-05 -4.97964e-05 3.09545e-05 0.0104344 -0.0188822 3.63379e-05 -4.57588e-05 -0.0188822 0.0912364 
0.00968958 -0.0179476 -5.23253e-05 4.9642e-05 -0.0179476 0.0888417 5.09836e-05 -8.58672e-05 -5.23253e-05 5.09836e-05 0.0104262 -0.0188841 4.9642e-05 -8.58672e-05 -0.0188841 0.0911936 
0.00967194 -0.0179524 -6.60062e-05 6.60062e-05 -0.0179524 0.0888431 6.73533e-05 -0.000149524 -6.60062e-05 6.73533e-05 0.0104223 -0.0188845 6.60062e-05 -0.000149524 -0.0188845 0.0911883 
0.0096721 -0.0179403 -7.41726e-05 8.36127e-05 -0.0179403 0.0888493 9.17043e-05 -0.000207683 -7.41726e-05 9.17043e-05 0.0104071 -0.0188762 8.36127e-05 -0.000207683 -0.0188762 0.0911891 
0.00966449 -0.0179763 -8.24292e-05 9.0537e-05 -0.0179763 0.0889398 9.72935e-05 -0.000236477 -8.24292e-05 9.72935e-05 0.0104158 -0.0188357 9.0537e-05 -0.000236477 -0.0188357 0.0911072 
0.00966214 -0.0179434 -8.37719e-05 9.72835e-05 -0.0179434 0.0889036 9.99858e-05 -0.000241858 -8.37719e-05 9.99858e-05 0.0104269 -0.0188635 9.72835e-05 -0.000241858 -0.0188635 0.0911357 
0.00966971 -0.0179559 -0.00011214 0.000105385 -0.0179559 0.0889189 0.000105385 -0.000267515 -0.00011214 0.000105385 0.0104385 -0.0188733 0.000105385 -0.000267515 -0.0188733 0.0911685 
0.00968488 -0.0179783 -0.00011483 0.000128339 -0.0179783 0.0889674 0.000126988 -0.000291803 -0.00011483 0.000126988 0.010459 -0.0188848 0.000128339 -0.000291803 -0.0188848 0.0911965 
0.00967141 -0.0179693 -0.000100138 0.000129908 -0.0179693 0.0889562 0.000129908 -0.000308533 -0.000100138 0.000129908 0.0104739 -0.0189193 0.000129908 -0.000308533 -0.0189193 0.0912566 
0.00966106 -0.0179445 -8.62715e-05 0.000126711 -0.0179445 0.088896 0.000129407 -0.000323518 -8.62715e-05 0.000129407 0.0105103 -0.0189609 0.000126711 -0.000323518 -0.0189609 0.0913804 
0.00964172 -0.0179282 -9.17873e-05 0.000117434 -0.0179282 0.0888285 0.000112035 -0.000309107 -9.17873e-05 0.000112035 0.0105231 -0.0189905 0.000117434 -0.000309107 -0.0189905 0.0914526 
0.00962856 -0.01791 -7.96418e-05 0.000113388 -0.01791 0.0887979 0.000117438 -0.00029022 -7.96418e-05 0.000117438 0.0105303 -0.019002 0.000113388 -0.00029022 -0.019002 0.0914949 
0.00963803 -0.0179002 -7.42633e-05 9.99179e-05 -0.0179002 0.088769 9.99179e-05 -0.000261947 -7.42633e-05 9.99179e-05 0.0105184 -0.0190101 9.99179e-05 -0.000261947 -0.0190101 0.0915113 
0.00964602 -0.0179038 -9.8774e-05 0.000108245 -0.0179038 0.0887505 0.000110952 -0.000282791 -9.8774e-05 0.000110952 0.0104971 -0.0189944 0.000108245 -0.000282791 -0.0189944 0.0914945 
0.00965742 -0.0179298 -0.000100288 0.000117906 -0.0179298 0.0888114 0.000123327 -0.0002846 -0.000100288 0.000123327 0.0104773 -0.0189557 0.000117906 -0.0002846 -0.0189557 0.0914176 
0.00965962 -0.0179164 -8.54714e-05 0.000122102 -0.0179164 0.0887735 0.000126172 -0.000306612 -8.54714e-05 0.000126172 0.0104601 -0.0189529 0.000122102 -0.000306612 -0.0189529 0.0913838 
0.00965983 -0.0179096 -8.29461e-05 0.000115581 -0.0179096 0.0887442 0.000111501 -0.00030187 -8.29461e-05 0.000111501 0.0104213 -0.0189172 0.000115581 -0.00030187 -0.0189172 0.0913101 
0.00965407 -0.0179195 -6.25651e-05 9.92881e-05 -0.0179195 0.0887568 8.5687e-05 -0.0002421 -6.25651e-05 8.5687e-05 0.010413 -0.0188688 9.92881e-05 -0.0002421 -0.0188688 0.0912023 
0.0096613 -0.0179071 -4.61419e-05 8.00698e-05 -0.0179071 0.088735 7.46413e-05 -0.000210353 -4.61419e-05 7.46413e-05 0.0104036 -0.0188544 8.00698e-05 -0.000210353 -0.0188544 0.0911276 
0.00966284 -0.0179228 -4.20182e-05 5.96388e-05 -0.0179228 0.0887574 5.96388e-05 -0.000164007 -4.20182e-05 5.96388e-05 0.0103907 -0.0188215 5.96388e-05 -0.000164007 -0.0188215 0.0910264 
0.00966366 -0.0179191 -2.43724e-05 4.33287e-05 -0.0179191 0.088763 4.33287e-05 -0.000115092 -2.43724e-05 4.33287e-05 0.0103664 -0.0188033 4.33287e-05 -0.000115092 -0.0188033 0.090947 
0.00967219 -0.0179194 -6.7856e-06 2.71424e-05 -0.0179194 0.0887651 2.44281e-05 -6.64988e-05 -6.7856e-06 2.44281e-05 0.0103412 -0.0187907 2.71424e-05 -6.64988e-05 -0.0187907 0.0909093 
0.00968289 -0.01794 -2.17257e-05 3.12307e-05 -0.01794 0.0888039 2.44414e-05 -8.14715e-05 -2.17257e-05 2.44414e-05 0.0103252 -0.0187534 3.12307e-05 -8.14715e-05 -0.0187534 0.0908516 
0.00965855 -0.0179332 -3.68855e-05 3.68855e-05 -0.0179332 0.0887808 3.27872e-05 -8.74324e-05 -3.68855e-05 3.27872e-05 0.0103061 -0.0187379 3.68855e-05 -8.74324e-05 -0.0187379 0.0907958 
0.0096365 -0.0178987 -4.65399e-05 3.96958e-05 -0.0178987 0.0887091 4.38023e-05 -9.30798e-05 -4.65399e-05 4.38023e-05 0.0102949 -0.0187159 3.96958e-05 -9.30798e-05 -0.0187159 0.0907432 
0.00964138 -0.0178668 -4.10039e-05 6.15058e-05 -0.0178668 0.0886231 6.56062e-05 -0.000143514 -4.10039e-05 6.56062e-05 0.0102769 -0.0187046 6.15058e-05 -0.000143514 -0.0187046 0.0907225 
0.0096374 -0.0178555 -3.5517e-05 5.05434e-05 -0.0178555 0.0885452 5.60076e-05 -0.000135238 -3.5517e-05 5.60076e-05 0.0102726 -0.0186929 5.05434e-05 -0.000135238 -0.0186929 0.0907063 
0.00963171 -0.0178559 -2.04582e-05 3.27331e-05 -0.0178559 0.0885321 3.81886e-05 -9.27438e-05 -2.04582e-05 3.81886e-05 0.0102836 -0.0186838 3.27331e-05 -9.27438e-05 -0.0186838 0.0906816 
0.00963667 -0.017845 -1.90448e-05 3.40086e-05 -0.017845 0.0885093 3.80896e-05 -0.000102026 -1.90448e-05 3.80896e-05 0.0102855 -0.0187047 3.40086e-05 -0.000102026 -0.0187047 0.0907117 
0.00965308 -0.0178682 -1.62944e-05 3.53045e-05 -0.0178682 0.0885574 3.80203e-05 -0.00010184 -1.62944e-05 3.80203e-05 0.010294 -0.0187046 3.53045e-05 -0.00010184 -0.0187046 0.09073 
0.00966657 -0.0179072 -2.29995e-05 2.16466e-05 -0.0179072 0.0886741 2.02937e-05 -6.22341e-05 -2.29995e-05 2.02937e-05 0.0103133 -0.0187027 2.16466e-05 -6.22341e-05 -0.0187027 0.0907319 
0.00965741 -0.0179482 -3.92798e-05 2.16716e-05 -0.0179482 0.0887967 1.76082e-05 -4.33432e-05 -3.92798e-05 1.76082e-05 0.0103414 -0.0187148 2.16716e-05 -4.33432e-05 -0.0187148 0.0907336 
0.00964306 -0.0179357 -3.93207e-05 4.47442e-05 -0.0179357 0.0888255 4.20325e-05 -7.59296e-05 -3.93207e-05 4.20325e-05 0.0103576 -0.0187478 4.47442e-05 -7.59296e-05 -0.0187478 0.0907861 
0.00964489 -0.0179115 -2.57486e-05 4.06557e-05 -0.0179115 0.088788 3.52349e-05 -7.58906e-05 -2.57486e-05 3.52349e-05 0.0103699 -0.018787 4.06557e-05 -7.58906e-05 -0.018787 0.0908966 
0.00964886 -0.0179081 -1.35575e-06 2.84707e-05 -0.0179081 0.0887608 2.30477e-05 -6.50759e-05 -1.35575e-06 2.30477e-05 0.0103905 -0.0188164 2.84707e-05 -6.50759e-05 -0.0188164 0.0910046 
0.00964213 -0.0178961 6.79119e-06 1.08659e-05 -0.0178961 0.0887215 6.79119e-06 -4.34636e-05 6.79119e-06 6.79119e-06 0.0104 -0.0188469 1.08659e-05 -4.34636e-05 -0.0188469 0.0910862 
0.00966559 -0.0179175 -4.05833e-06 -1.2175e-05 -0.0179175 0.0887733 -1.2175e-05 1.48805e-05 -4.05833e-06 -1.2175e-05 0.0104069 -0.0188361 -1.2175e-05 1.48805e-05 -0.0188361 0.0910947 
0.00965013 -0.0179327 -1.21743e-05 -5.41078e-06 -0.0179327 0.0888031 -1.35269e-06 2.43485e-05 -1.21743e-05 -1.35269e-06 0.0104333 -0.0188512 -5.41078e-06 2.43485e-05 -0.0188512 0.0910999 
0.00964778 -0.0179127 -2.97688e-05 1.62375e-05 -0.0179127 0.0887812 2.43563e-05 -2.70625e-05 -2.97688e-05 2.43563e-05 0.0104326 -0.0188856 1.62375e-05 -2.70625e-05 -0.0188856 0.0911682 
0.00966807 -0.0179181 -3.25982e-05 3.53147e-05 -0.0179181 0.0887838 4.61807e-05 -8.28536e-05 -3.25982e-05 4.61807e-05 0.0104002 -0.0188798 3.53147e-05 -8.28536e-05 -0.0188798 0.0911757 
0.00967321 -0.0179343 -4.63878e-05 5.04808e-05 -0.0179343 0.0888039 5.59382e-05 -0.00013507 -4.63878e-05 5.59382e-05 0.0103608 -0.0188334 5.04808e-05 -0.00013507 -0.0188334 0.091096 
0.00966927 -0.0179344 -5.5947e-05 6.54989e-05 -0.0179344 0.0888056 6.54989e-05 -0.000173299 -5.5947e-05 6.54989e-05 0.0103488 -0.0187941 6.54989e-05 -0.000173299 -0.0187941 0.0909943 
0.00964001 -0.0179124 -6.81754e-05 7.63565e-05 -0.0179124 0.0887535 7.63565e-05 -0.000200436 -6.81754e-05 7.63565e-05 0.0103695 -0.0187864 7.63565e-05 -0.000200436 -0.0187864 0.090946 
0.00962705 -0.0178875 -7.75059e-05 7.88656e-05 -0.0178875 0.0887048 7.75059e-05 -0.000202603 -7.75059e-05 7.75059e-05 0.010398 -0.0188067 7.88656e-05 -0.000202603 -0.0188067 0.0909634 
0.00964517 -0.0178825 -7.03928e-05 9.34058e-05 -0.0178825 0.0886827 9.20521e-05 -0.000222008 -7.03928e-05 9.20521e-05 0.0104181 -0.0188382 9.34058e-05 -0.000222008 -0.0188382 0.0910287 
0.00966013 -0.017884 -7.54487e-05 9.16163e-05 -0.017884 0.088663 8.75744e-05 -0.00023443 -7.54487e-05 8.75744e-05 0.0104294 -0.0188757 9.16163e-05 -0.00023443 -0.0188757 0.091138 
0.00967257 -0.0179536 -7.51476e-05 9.12507e-05 -0.0179536 0.0888043 8.45411e-05 -0.000224101 -7.51476e-05 8.45411e-05 0.0104549 -0.0188661 9.12507e-05 -0.000224101 -0.0188661 0.0911379 
0.00966478 -0.0179427 -7.51079e-05 8.98612e-05 -0.0179427 0.0888352 9.38849e-05 -0.000225324 -7.51079e-05 9.38849e-05 0.0104708 -0.0189205 8.98612e-05 -0.000225324 -0.0189205 0.0912413 
