0.00697932 0 0.000375796 0 0 0.00998569 0 0 0.000375796 0 0.00762613 0 0 0 0 0.00998569 
0.00991869 -0.0123255 0.000456013 -0.000561373 -0.0123255 0.0328214 -0.000561373 0.00107665 0.000456013 -0.000561373 0.0106891 -0.0132721 -0.000561373 0.00107665 -0.0132721 0.0346372 
0.0100423 -0.0188569 0.000373986 -0.000578588 -0.0188569 0.0694926 -0.000578588 0.00184142 0.000373986 -0.000578588 0.0106594 -0.0198883 -0.000578588 0.00184142 -0.0198883 0.0727898 
0.00952321 -0.0186768 0.00031475 -0.000445493 -0.0186768 0.083956 -0.000443878 0.0014769 0.00031475 -0.000443878 0.0100526 -0.0193983 -0.000445493 0.0014769 -0.0193983 0.0864643 
0.00947443 -0.0180395 0.000323009 -0.000393428 -0.0180395 0.0874972 -0.000391898 0.00107772 0.000323009 -0.000391898 0.0100975 -0.0186718 -0.000393428 0.00107772 -0.0186718 0.0892118 
0.00961642 -0.0179049 0.000336728 -0.00040524 -0.0179049 0.0884676 -0.000397951 0.000962079 0.000336728 -0.000397951 0.010338 -0.0186745 -0.00040524 0.000962079 -0.0186745 0.0901614 
0.00972001 -0.0179597 0.000355679 -0.000441435 -0.0179597 0.0888396 -0.000434406 0.00104314 0.000355679 -0.000434406 0.0104946 -0.0188875 -0.000441435 0.00104314 -0.0188875 0.0909427 
0.00976798 -0.0180231 0.000347337 -0.000433828 -0.0180231 0.0890088 -0.000433828 0.00105986 0.000347337 -0.000433828 0.0105615 -0.0190198 -0.000433828 0.00105986 -0.0190198 0.0914319 
0.00978804 -0.0180686 0.00034089 -0.00042102 -0.0180686 0.0891123 -0.000422378 0.00105798 0.00034089 -0.000422378 0.010569 -0.0190573 -0.00042102 0.00105798 -0.0190573 0.091614 
0.00979474 -0.018083 0.000327435 -0.000410978 -0.018083 0.0891565 -0.000413672 0.00102677 0.000327435 -0.000413672 0.0105601 -0.0190559 -0.000410978 0.00102677 -0.0190559 0.0916413 
0.00979377 -0.0180897 0.00032135 -0.000389922 -0.0180897 0.0891739 -0.000389922 0.000978839 0.00032135 -0.000389922 0.0105454 -0.0190538 -0.000389922 0.000978839 -0.0190538 0.0916438 
0.0097856 -0.0180949 0.00032358 -0.000386948 -0.0180949 0.0891922 -0.000388296 0.000946472 0.00032358 -0.000388296 0.0105069 -0.0190211 -0.000386948 0.000946472 -0.0190211 0.0915664 
0.00977193 -0.0180873 0.000317227 -0.000391471 -0.0180873 0.0891974 -0.000394171 0.00095708 0.000317227 -0.000394171 0.0104752 -0.0189769 -0.000391471 0.00095708 -0.0189769 0.0914626 
0.00978732 -0.0180677 0.000308676 -0.00039764 -0.0180677 0.0891764 -0.00039764 0.000983989 0.000308676 -0.00039764 0.010433 -0.0189317 -0.00039764 0.000983989 -0.0189317 0.0913587 
0.00980181 -0.0181156 0.000320488 -0.000375698 -0.0181156 0.0892828 -0.000371658 0.000938571 0.000320488 -0.000371658 0.0104199 -0.0188738 -0.000375698 0.000938571 -0.0188738 0.0912232 
0.00979718 -0.0181362 0.000318038 -0.000389462 -0.0181362 0.0893538 -0.000393504 0.000952766 0.000318038 -0.000393504 0.0104279 -0.0188599 -0.000389462 0.000952766 -0.0188599 0.0911381 
0.0097763 -0.0180961 0.000333114 -0.000400546 -0.0180961 0.0892828 -0.000405941 0.000985857 0.000333114 -0.000405941 0.0104223 -0.0188837 -0.000400546 0.000985857 -0.0188837 0.0911601 
0.00976393 -0.0180761 0.000319179 -0.000394597 -0.0180761 0.0892342 -0.000394597 0.000968312 0.000319179 -0.000394597 0.0104265 -0.0188774 -0.000394597 0.000968312 -0.0188774 0.0911762 
0.00976744 -0.0180548 0.00029305 -0.000381772 -0.0180548 0.0891612 -0.000383116 0.000949052 0.00029305 -0.000383116 0.0104221 -0.0188923 -0.000381772 0.000949052 -0.0188923 0.0912219 
0.00978044 -0.0180575 0.000294219 -0.000381545 -0.0180575 0.0891377 -0.000378858 0.000959235 0.000294219 -0.000378858 0.0103998 -0.0188851 -0.000381545 0.000959235 -0.0188851 0.0912133 
0.00979251 -0.0181081 0.000290547 -0.000359149 -0.0181081 0.0892518 -0.000357803 0.000909305 0.000290547 -0.000357803 0.0103871 -0.0188331 -0.000359149 0.000909305 -0.0188331 0.0911242 
0.0097966 -0.0181292 0.000291188 -0.000363985 -0.0181292 0.0893395 -0.000358593 0.000896483 0.000291188 -0.000358593 0.0103749 -0.0188113 -0.000363985 0.000896483 -0.0188113 0.0910274 
0.00978289 -0.0181139 0.000293878 -0.000358585 -0.0181139 0.0893254 -0.000349148 0.000878937 0.000293878 -0.000349148 0.0103801 -0.0188122 -0.000358585 0.000878937 -0.0188122 0.0910199 
0.00976894 -0.0180827 0.000272936 -0.000348601 -0.0180827 0.08925 -0.000337792 0.000841777 0.000272936 -0.000337792 0.0103756 -0.0188245 -0.000348601 0.000841777 -0.0188245 0.0910403 
0.00975093 -0.0180455 0.000276622 -0.000352558 -0.0180455 0.0891361 -0.000340354 0.00086919 0.000276622 -0.000340354 0.0103503 -0.0188225 -0.000352558 0.00086919 -0.0188225 0.091044 
0.00973564 -0.0180379 0.000303477 -0.000373926 -0.0180379 0.0890907 -0.000364443 0.000930752 0.000303477 -0.000364443 0.0103426 -0.0187763 -0.000373926 0.000930752 -0.0187763 0.0909576 
0.00973453 -0.0180185 0.000293094 -0.000367725 -0.0180185 0.0890573 -0.000371796 0.000924061 0.000293094 -0.000371796 0.0103261 -0.0187635 -0.000367725 0.000924061 -0.0187635 0.0908864 
0.00975234 -0.0180372 0.000277705 -0.00034577 -0.0180372 0.0890793 -0.000355299 0.000886205 0.000277705 -0.000355299 0.0102873 -0.0187301 -0.00034577 0.000886205 -0.0187301 0.0907959 
0.00976644 -0.0180512 0.00024808 -0.000331227 -0.0180512 0.0891124 -0.00033668 0.000842381 0.00024808 -0.00033668 0.0102626 -0.0186823 -0.000331227 0.000842381 -0.0186823 0.0906895 
0.0097499 -0.0180403 0.000240065 -0.000298717 -0.0180403 0.0890803 -0.000302809 0.000782938 0.000240065 -0.000302809 0.0102614 -0.0186691 -0.000298717 0.000782938 -0.0186691 0.0906462 
0.00976838 -0.0180242 0.000234169 -0.000304964 -0.0180242 0.0890318 -0.000306325 0.000778747 0.000234169 -0.000306325 0.0102394 -0.0186627 -0.000304964 0.000778747 -0.0186627 0.0906138 
0.00979111 -0.0180568 0.000232281 -0.000285257 -0.0180568 0.0890804 -0.000289332 0.000741668 0.000232281 -0.000289332 0.0102231 -0.0186219 -0.000285257 0.000741668 -0.0186219 0.0905311 
0.00979428 -0.0180753 0.000236367 -0.000283912 -0.0180753 0.0891293 -0.000292062 0.000719968 0.000236367 -0.000292062 0.0102181 -0.0186118 -0.000283912 0.000719968 -0.0186118 0.0904782 
0.00977711 -0.0180779 0.0002447 -0.00029228 -0.0180779 0.0891427 -0.000300437 0.000735458 0.0002447 -0.000300437 0.0102312 -0.0186121 -0.00029228 0.000735458 -0.0186121 0.0904763 
0.0097536 -0.0180591 0.000264273 -0.000306503 -0.0180591 0.0891242 -0.000310589 0.0007683 0.000264273 -0.000310589 0.0102454 -0.0186272 -0.000306503 0.0007683 -0.0186272 0.0904987 
0.00973387 -0.0180525 0.000270801 -0.000326594 -0.0180525 0.0891207 -0.000327955 0.000801516 0.000270801 -0.000327955 0.0102891 -0.0186444 -0.000326594 0.000801516 -0.0186444 0.0905523 
0.00970564 -0.0179939 0.000289174 -0.000343478 -0.0179939 0.0889894 -0.000347551 0.000855302 0.000289174 -0.000347551 0.0103288 -0.0187121 -0.000343478 0.000855302 -0.0187121 0.0907027 
0.00971487 -0.0179637 0.000294841 -0.000355702 -0.0179637 0.0888959 -0.000355702 0.00087776 0.000294841 -0.000355702 0.0103451 -0.0187657 -0.000355702 0.00087776 -0.0187657 0.0908488 
0.00974723 -0.0179849 0.000302449 -0.00036996 -0.0179849 0.0889038 -0.00036861 0.000914098 0.000302449 -0.00036861 0.0103238 -0.0187761 -0.00036996 0.000914098 -0.0187761 0.0909061 
0.00975367 -0.0180244 0.00029442 -0.000395711 -0.0180244 0.0889715 -0.000394361 0.000988603 0.00029442 -0.000394361 0.0103033 -0.0187402 -0.000395711 0.000988603 -0.0187402 0.0908529 
0.00974095 -0.0180544 0.000281718 -0.000372464 -0.0180544 0.0890758 -0.000367047 0.000964344 0.000281718 -0.000367047 0.0102895 -0.0187004 -0.000372464 0.000964344 -0.0187004 0.0907391 
0.00973981 -0.0180333 0.000270851 -0.000356169 -0.0180333 0.0890708 -0.000352106 0.00091954 0.000270851 -0.000352106 0.0102802 -0.0186941 -0.000356169 0.00091954 -0.0186941 0.0907026 
0.00975542 -0.0180423 0.00027501 -0.000334619 -0.0180423 0.0890993 -0.000338683 0.000872447 0.00027501 -0.000338683 0.0102512 -0.018656 -0.000334619 0.000872447 -0.018656 0.0906044 
0.00973687 -0.0180283 0.00026602 -0.000337954 -0.0180283 0.0890461 -0.000335239 0.000841492 0.00026602 -0.000335239 0.0102445 -0.0186445 -0.000337954 0.000841492 -0.0186445 0.0905648 
0.00972011 -0.0179974 0.000270607 -0.00033044 -0.0179974 0.0889727 -0.000323641 0.00082406 0.000270607 -0.000323641 0.0102396 -0.0186447 -0.00033044 0.00082406 -0.0186447 0.0905678 
0.00972289 -0.0179761 0.000287683 -0.000341963 -0.0179761 0.0889064 -0.000333821 0.000837267 0.000287683 -0.000333821 0.0102413 -0.0186506 -0.000341963 0.000837267 -0.0186506 0.0906027 
0.00974523 -0.0179837 0.000290497 -0.000365158 -0.0179837 0.0888921 -0.000362443 0.000894569 0.000290497 -0.000362443 0.0102285 -0.0186488 -0.000365158 0.000894569 -0.0186488 0.0906039 
0.00975583 -0.018015 0.00028087 -0.00037178 -0.018015 0.0889436 -0.00037178 0.000937591 0.00028087 -0.00037178 0.0102185 -0.0186243 -0.00037178 0.000937591 -0.0186243 0.0905529 
0.00974108 -0.0180187 0.00028754 -0.00034993 -0.0180187 0.0889677 -0.000359424 0.000923653 0.00028754 -0.000359424 0.0102307 -0.0186182 -0.00034993 0.000923653 -0.0186182 0.0905329 
0.00970538 -0.0179902 0.000281927 -0.00035275 -0.0179902 0.0889269 -0.000358197 0.000902984 0.000281927 -0.000358197 0.0102297 -0.0186304 -0.00035275 0.000902984 -0.0186304 0.09053 
0.00969641 -0.0179534 0.000271773 -0.000340057 -0.0179534 0.0888355 -0.00034552 0.000867214 0.000271773 -0.00034552 0.0102126 -0.0186321 -0.000340057 0.000867214 -0.0186321 0.090544 
0.00971496 -0.0179604 0.000261346 -0.00032292 -0.0179604 0.0888467 -0.000325656 0.000818246 0.000261346 -0.000325656 0.0101788 -0.018587 -0.00032292 0.000818246 -0.018587 0.0904531 
0.00970783 -0.017974 0.000237312 -0.000310014 -0.017974 0.0888588 -0.000310014 0.000777779 0.000237312 -0.000310014 0.010166 -0.0185446 -0.000310014 0.000777779 -0.0185446 0.0903335 
0.00971534 -0.0179664 0.000224854 -0.000290665 -0.0179664 0.0888516 -0.000293407 0.000751342 0.000224854 -0.000293407 0.0101431 -0.0185176 -0.000290665 0.000751342 -0.0185176 0.0902323 
0.0097176 -0.0179684 0.000231665 -0.000298834 -0.0179684 0.0888429 -0.000294722 0.000760794 0.000231665 -0.000294722 0.0101275 -0.0184866 -0.000298834 0.000760794 -0.0184866 0.0901466 
0.00970712 -0.0179688 0.000221736 -0.000287436 -0.0179688 0.0888354 -0.000281961 0.000721327 0.000221736 -0.000281961 0.0101437 -0.018478 -0.000287436 0.000721327 -0.018478 0.0901221 
0.0097041 -0.0179632 0.00020819 -0.000276673 -0.0179632 0.0888325 -0.000275303 0.000698531 0.00020819 -0.000275303 0.0101492 -0.0184946 -0.000276673 0.000698531 -0.0184946 0.0901255 
0.00969912 -0.0179512 0.000203382 -0.000252853 -0.0179512 0.0888092 -0.000254227 0.000649998 0.000203382 -0.000254227 0.0101499 -0.0185119 -0.000252853 0.000649998 -0.0185119 0.090171 
0.00970212 -0.0179609 0.000182129 -0.000230057 -0.0179609 0.0888172 -0.000234165 0.00058199 0.000182129 -0.000234165 0.0101691 -0.0185114 -0.000230057 0.00058199 -0.0185114 0.0901934 
0.00971381 -0.0179708 0.000180062 -0.000220985 -0.0179708 0.0888443 -0.000226442 0.000556556 0.000180062 -0.000226442 0.0101885 -0.0185287 -0.000220985 0.000556556 -0.0185287 0.0902166 
0.00970354 -0.0179676 0.000189304 -0.000230161 -0.0179676 0.0888381 -0.000230161 0.000570636 0.000189304 -0.000230161 0.0102143 -0.01856 -0.000230161 0.000570636 -0.01856 0.0902858 
0.0097002 -0.0179497 0.000189159 -0.000246315 -0.0179497 0.0888029 -0.000244955 0.000606943 0.000189159 -0.000244955 0.0102282 -0.0186029 -0.000246315 0.000606943 -0.0186029 0.0903991 
0.00970684 -0.0179338 0.000211993 -0.000252761 -0.0179338 0.0887544 -0.000247325 0.000640056 0.000211993 -0.000247325 0.01023 -0.0186364 -0.000252761 0.000640056 -0.0186364 0.0905211 
0.00971291 -0.0179594 0.000223831 -0.000276737 -0.0179594 0.0887809 -0.000268597 0.000676919 0.000223831 -0.000268597 0.0102379 -0.0186309 -0.000276737 0.000676919 -0.0186309 0.0905566 
0.0097019 -0.0179806 0.000241496 -0.000291695 -0.0179806 0.088857 -0.000288981 0.000728558 0.000241496 -0.000288981 0.0102527 -0.018625 -0.000291695 0.000728558 -0.018625 0.0905353 
0.00970904 -0.0179627 0.000242114 -0.000295161 -0.0179627 0.0888558 -0.000292441 0.000731783 0.000242114 -0.000292441 0.0102409 -0.0186509 -0.000295161 0.000731783 -0.0186509 0.0905778 
0.00971676 -0.0179667 0.000244009 -0.000287631 -0.0179667 0.0888549 -0.000294447 0.000727939 0.000244009 -0.000294447 0.0102266 -0.0186429 -0.000287631 0.000727939 -0.0186429 0.0905916 
0.00973685 -0.0179892 0.000239475 -0.000293902 -0.0179892 0.0889161 -0.000299344 0.000729311 0.000239475 -0.000299344 0.0102185 -0.0186192 -0.000293902 0.000729311 -0.0186192 0.0905502 
0.0097614 -0.0180367 0.000237718 -0.000297488 -0.0180367 0.0890303 -0.000298846 0.000738965 0.000237718 -0.000298846 0.0102246 -0.0185964 -0.000297488 0.000738965 -0.0185964 0.0904702 
0.00975252 -0.0180444 0.000260393 -0.000306504 -0.0180444 0.0890692 -0.000306504 0.000777109 0.000260393 -0.000306504 0.0102435 -0.0186113 -0.000306504 0.000777109 -0.0186113 0.0904688 
0.00975556 -0.0180527 0.000270837 -0.000326359 -0.0180527 0.0891109 -0.000329067 0.000813866 0.000270837 -0.000329067 0.010262 -0.0186268 -0.000326359 0.000813866 -0.0186268 0.0905002 
0.00973917 -0.0180281 0.000266253 -0.000329775 -0.0180281 0.0890581 -0.000331126 0.000819031 0.000266253 -0.000331126 0.0103028 -0.0186836 -0.000329775 0.000819031 -0.0186836 0.090638 
0.00973724 -0.0180061 0.00023548 -0.000311267 -0.0180061 0.089002 -0.00030856 0.000780874 0.00023548 -0.00030856 0.0103178 -0.0187396 -0.000311267 0.000780874 -0.0187396 0.0907898 
0.00973673 -0.0180093 0.000234538 -0.00030368 -0.0180093 0.088985 -0.000298257 0.000770045 0.000234538 -0.000298257 0.0103183 -0.0187522 -0.00030368 0.000770045 -0.0187522 0.0908708 
0.00974796 -0.0180239 0.000223236 -0.000276001 -0.0180239 0.0890223 -0.000277353 0.000710295 0.000223236 -0.000277353 0.0103351 -0.0187559 -0.000276001 0.000710295 -0.0187559 0.0909056 
0.00975402 -0.0180373 0.000223251 -0.000270607 -0.0180373 0.089054 -0.000269254 0.00067787 0.000223251 -0.000269254 0.0103453 -0.0187733 -0.000270607 0.00067787 -0.0187733 0.0909414 
0.00976147 -0.0180532 0.000235054 -0.000291791 -0.0180532 0.0891055 -0.000291791 0.000722722 0.000235054 -0.000291791 0.0103613 -0.0187854 -0.000291791 0.000722722 -0.0187854 0.0909644 
0.00976545 -0.0180421 0.000256453 -0.000305044 -0.0180421 0.089085 -0.000305044 0.00075991 0.000256453 -0.000305044 0.0103593 -0.0188101 -0.000305044 0.00075991 -0.0188101 0.0910205 
0.00974598 -0.0180519 0.00026527 -0.000322114 -0.0180519 0.0890929 -0.000320761 0.000793104 0.00026527 -0.000320761 0.0103564 -0.0188004 -0.000322114 0.000793104 -0.0188004 0.0910053 
0.00973549 -0.0180573 0.000256411 -0.000324245 -0.0180573 0.0891335 -0.000322888 0.000792297 0.000256411 -0.000322888 0.0103487 -0.0187696 -0.000324245 0.000792297 -0.0187696 0.090927 
0.00971314 -0.0180395 0.000240182 -0.000328385 -0.0180395 0.0891239 -0.000322957 0.000811464 0.000240182 -0.000322957 0.0103631 -0.0187627 -0.000328385 0.000811464 -0.0187627 0.0908799 
0.00970781 -0.0180126 0.000244059 -0.000308141 -0.0180126 0.0890746 -0.000308141 0.000790805 0.000244059 -0.000308141 0.0103391 -0.0187625 -0.000308141 0.000790805 -0.0187625 0.0908376 
0.00972542 -0.0179975 0.000219699 -0.000287928 -0.0179975 0.0890121 -0.000286563 0.000724596 0.000219699 -0.000286563 0.0103122 -0.0187508 -0.000287928 0.000724596 -0.0187508 0.0908406 
0.0097143 -0.0179933 0.000227626 -0.000272605 -0.0179933 0.0889607 -0.000273968 0.000688329 0.000227626 -0.000273968 0.0103168 -0.0187294 -0.000272605 0.000688329 -0.0187294 0.0908103 
0.00970748 -0.0179763 0.000228668 -0.000277668 -0.0179763 0.0889108 -0.000281751 0.000690086 0.000228668 -0.000281751 0.010335 -0.0187494 -0.000277668 0.000690086 -0.0187494 0.0908423 
0.00967496 -0.0179653 0.000223289 -0.000281835 -0.0179653 0.088861 -0.000285919 0.000706629 0.000223289 -0.000285919 0.0103653 -0.0187699 -0.000281835 0.000706629 -0.0187699 0.0908747 
0.00966835 -0.0179483 0.00022187 -0.000284483 -0.0179483 0.0888459 -0.000281761 0.000714611 0.00022187 -0.000281761 0.010383 -0.0187895 -0.000284483 0.000714611 -0.0187895 0.0909244 
0.00967457 -0.0179501 0.000215021 -0.000272178 -0.0179501 0.0888512 -0.000269456 0.000689971 0.000215021 -0.000269456 0.0103972 -0.0188102 -0.000272178 0.000689971 -0.0188102 0.0909782 
0.0096743 -0.017939 0.000198656 -0.000278935 -0.017939 0.0888212 -0.000273493 0.00069938 0.000198656 -0.000273493 0.0104009 -0.0188356 -0.000278935 0.00069938 -0.0188356 0.0910364 
0.00967537 -0.0179353 0.000187634 -0.000252897 -0.0179353 0.0887915 -0.000248818 0.000664876 0.000187634 -0.000248818 0.010396 -0.0188409 -0.000252897 0.000664876 -0.0188409 0.0910744 
0.00966763 -0.0179346 0.000189827 -0.00023186 -0.0179346 0.0887862 -0.000225081 0.000608803 0.000189827 -0.000225081 0.0104174 -0.0188458 -0.00023186 0.000608803 -0.0188458 0.0911116 
0.00967717 -0.0179386 0.00019219 -0.000228733 -0.0179386 0.0888094 -0.00022738 0.00057251 0.00019219 -0.00022738 0.010431 -0.018863 -0.000228733 0.00057251 -0.018863 0.0911333 
0.00967155 -0.0179427 0.00018672 -0.000227311 -0.0179427 0.0888137 -0.000223252 0.000547982 0.00018672 -0.000223252 0.0104374 -0.018879 -0.000227311 0.000547982 -0.018879 0.0911626 
0.00964945 -0.0179111 0.000187394 -0.00022949 -0.0179111 0.0887285 -0.000226774 0.000549962 0.000187394 -0.000226774 0.0104262 -0.0189051 -0.00022949 0.000549962 -0.0189051 0.0912312 
0.00964321 -0.017887 0.000196216 -0.000238457 -0.017887 0.0886761 -0.000234369 0.000575023 0.000196216 -0.000234369 0.0103858 -0.0188763 -0.000238457 0.000575023 -0.0188763 0.0911915 
0.00965644 -0.0178893 0.000186987 -0.000237487 -0.0178893 0.0886604 -0.000234757 0.000578704 0.000186987 -0.000234757 0.0103443 -0.0188215 -0.000237487 0.000578704 -0.0188215 0.0910844 
0.00969312 -0.0179177 0.00020378 -0.000247253 -0.0179177 0.0887189 -0.000247253 0.00061949 0.00020378 -0.000247253 0.010318 -0.0187613 -0.000247253 0.00061949 -0.0187613 0.0909401 
0.0097335 -0.0179861 0.000221185 -0.0002576 -0.0179861 0.0888868 -0.000261646 0.000643325 0.000221185 -0.000261646 0.0103256 -0.0187158 -0.0002576 0.000643325 -0.0187158 0.0907965 
0.00974579 -0.0180433 0.000231722 -0.000261361 -0.0180433 0.0890553 -0.000270791 0.000652055 0.000231722 -0.000270791 0.0103453 -0.018725 -0.000261361 0.000652055 -0.018725 0.0907474 
0.00972787 -0.0180368 0.000235819 -0.00028433 -0.0180368 0.0891005 -0.000291068 0.000702066 0.000235819 -0.000291068 0.0103787 -0.0187766 -0.00028433 0.000702066 -0.0187766 0.0908496 
0.00972247 -0.0180399 0.000239795 -0.00029907 -0.0180399 0.0891337 -0.000305806 0.0007598 0.000239795 -0.000305806 0.0104014 -0.0188104 -0.00029907 0.0007598 -0.0188104 0.090951 
0.00972234 -0.0180412 0.000249807 -0.000304872 -0.0180412 0.0891463 -0.000308901 0.000785684 0.000249807 -0.000308901 0.0104382 -0.0188457 -0.000304872 0.000785684 -0.0188457 0.0910588 
0.0097147 -0.0180245 0.000245551 -0.000304591 -0.0180245 0.0891217 -0.000305933 0.000772883 0.000245551 -0.000305933 0.0104755 -0.0189061 -0.000304591 0.000772883 -0.0189061 0.0912109 
0.00971607 -0.018018 0.000221583 -0.000298129 -0.018018 0.0891018 -0.000298129 0.000748009 0.000221583 -0.000298129 0.010495 -0.0189608 -0.000298129 0.000748009 -0.0189608 0.0913632 
0.00973281 -0.0180238 0.000194036 -0.00025063 -0.0180238 0.089095 -0.000247935 0.00064005 0.000194036 -0.000247935 0.0104847 -0.0189778 -0.00025063 0.00064005 -0.0189778 0.0914585 
0.00974388 -0.0180447 0.000188287 -0.000234014 -0.0180447 0.0891339 -0.0002246 0.000572932 0.000188287 -0.0002246 0.0104903 -0.0189686 -0.000234014 0.000572932 -0.0189686 0.0914714 
0.00972808 -0.018051 0.000184565 -0.00022094 -0.018051 0.0891397 -0.000208815 0.000515975 0.000184565 -0.000208815 0.0105 -0.0189658 -0.00022094 0.000515975 -0.0189658 0.0914556 
0.00969916 -0.0180042 0.000193173 -0.000226944 -0.0180042 0.0890486 -0.000221541 0.000528186 0.000193173 -0.000221541 0.0104962 -0.0189904 -0.000226944 0.000528186 -0.0189904 0.0914828 
0.00968127 -0.0179704 0.00019211 -0.000239461 -0.0179704 0.0889443 -0.000238108 0.000573625 0.00019211 -0.000238108 0.0104768 -0.0189756 -0.000239461 0.000573625 -0.0189756 0.0914621 
0.00967606 -0.017964 0.000193467 -0.00025029 -0.017964 0.0889218 -0.000243525 0.000606107 0.000193467 -0.000243525 0.0104607 -0.0189381 -0.00025029 0.000606107 -0.0189381 0.0913719 
0.00967878 -0.0179758 0.000185583 -0.000241123 -0.0179758 0.0889513 -0.000237059 0.000602807 0.000185583 -0.000237059 0.0104509 -0.0188983 -0.000241123 0.000602807 -0.0188983 0.0912501 
0.00968431 -0.0179606 0.000188006 -0.000250223 -0.0179606 0.0889212 -0.000247518 0.000632997 0.000188006 -0.000247518 0.0104512 -0.018902 -0.000250223 0.000632997 -0.018902 0.0912354 
0.00969853 -0.0179727 0.000170434 -0.000216425 -0.0179727 0.0889397 -0.000217777 0.000566762 0.000170434 -0.000217777 0.0104466 -0.0188979 -0.000216425 0.000566762 -0.0188979 0.091223 
0.00971705 -0.0179857 0.00016078 -0.000209419 -0.0179857 0.0889627 -0.000214824 0.000541788 0.00016078 -0.000214824 0.0104426 -0.0189031 -0.000209419 0.000541788 -0.0189031 0.091242 
0.00972338 -0.0180061 0.000154981 -0.000200802 -0.0180061 0.089005 -0.000203497 0.000514807 0.000154981 -0.000203497 0.0104659 -0.0189131 -0.000200802 0.000514807 -0.0189131 0.0912893 
0.00972652 -0.018027 0.000152166 -0.000177752 -0.018027 0.0890603 -0.000183138 0.000463232 0.000152166 -0.000183138 0.0104847 -0.0189279 -0.000177752 0.000463232 -0.0189279 0.0913105 
0.0097291 -0.0180428 0.000138584 -0.000182984 -0.0180428 0.0891227 -0.000182984 0.000454769 0.000138584 -0.000182984 0.0105081 -0.0189523 -0.000182984 0.000454769 -0.0189523 0.0913656 
0.00972681 -0.0180415 0.000147661 -0.00018122 -0.0180415 0.0891361 -0.000171823 0.000448352 0.000147661 -0.000171823 0.0105376 -0.0189878 -0.00018122 0.000448352 -0.0189878 0.091453 
0.00969517 -0.0180209 0.000156048 -0.000185644 -0.0180209 0.0890928 -0.000176227 0.00044393 0.000156048 -0.000176227 0.0105628 -0.0190352 -0.000185644 0.00044393 -0.0190352 0.0915599 
0.00969506 -0.0179916 0.000166901 -0.000189782 -0.0179916 0.0890308 -0.000185745 0.000454939 0.000166901 -0.000185745 0.0105565 -0.0190617 -0.000189782 0.000454939 -0.0190617 0.0916367 
0.00970823 -0.0180006 0.000161356 -0.000207073 -0.0180006 0.0890374 -0.000203039 0.000488101 0.000161356 -0.000203039 0.0105432 -0.0190427 -0.000207073 0.000488101 -0.0190427 0.0916258 
0.00972585 -0.0179973 0.000157411 -0.000200464 -0.0179973 0.0890139 -0.000197773 0.000489723 0.000157411 -0.000197773 0.0105196 -0.0190387 -0.000200464 0.000489723 -0.0190387 0.0916119 
0.00973051 -0.0180196 0.000146698 -0.000191111 -0.0180196 0.0890442 -0.000192457 0.000475086 0.000146698 -0.000192457 0.0105098 -0.0190088 -0.000191111 0.000475086 -0.0190088 0.0915771 
0.00971538 -0.0180176 0.000136323 -0.000186263 -0.0180176 0.08905 -0.000187613 0.000468358 0.000136323 -0.000187613 0.0104982 -0.0189948 -0.000186263 0.000468358 -0.0189948 0.0915227 
0.0097161 -0.0180259 0.000149811 -0.000183552 -0.0180259 0.0890874 -0.000187601 0.000472376 0.000149811 -0.000187601 0.0105029 -0.0189706 -0.000183552 0.000472376 -0.0189706 0.0914601 
0.00969669 -0.0180047 0.000157009 -0.000198969 -0.0180047 0.0890433 -0.000201676 0.000496745 0.000157009 -0.000201676 0.0104899 -0.018967 -0.000198969 0.000496745 -0.018967 0.0914093 
0.00966604 -0.0179576 0.000144896 -0.000186875 -0.0179576 0.0889254 -0.000186875 0.000468541 0.000144896 -0.000186875 0.0104907 -0.0189746 -0.000186875 0.000468541 -0.0189746 0.0914292 
0.00967448 -0.017945 0.000124553 -0.000158398 -0.017945 0.0888764 -0.000161106 0.000398027 0.000124553 -0.000161106 0.0104787 -0.0189591 -0.000158398 0.000398027 -0.0189591 0.0913999 
0.00968027 -0.0179399 0.000115112 -0.000134072 -0.0179399 0.0888383 -0.000134072 0.00033044 0.000115112 -0.000134072 0.0104739 -0.018957 -0.000134072 0.00033044 -0.018957 0.0914019 
0.00967559 -0.0179434 0.000139285 -0.000158217 -0.0179434 0.0888328 -0.000151456 0.00037323 0.000139285 -0.000151456 0.0104788 -0.0189468 -0.000158217 0.00037323 -0.0189468 0.0913846 
0.00967703 -0.0179608 0.000139189 -0.00017027 -0.0179608 0.0888743 -0.000167568 0.0004 0.000139189 -0.000167568 0.0104811 -0.0189378 -0.00017027 0.0004 -0.0189378 0.0913446 
0.00966337 -0.017967 0.000134213 -0.000170817 -0.017967 0.0889117 -0.000169461 0.000413486 0.000134213 -0.000169461 0.0104849 -0.0189295 -0.000170817 0.000413486 -0.0189295 0.0913099 
0.00964383 -0.0179325 0.000139726 -0.000176354 -0.0179325 0.0888511 -0.000173641 0.000435458 0.000139726 -0.000173641 0.0104876 -0.0189472 -0.000176354 0.000435458 -0.0189472 0.0913444 
0.00961917 -0.0178844 0.000121107 -0.000170094 -0.0178844 0.0887075 -0.000168733 0.000429998 0.000121107 -0.000168733 0.0104832 -0.0189675 -0.000170094 0.000429998 -0.0189675 0.0913977 
0.00959326 -0.017861 0.000122484 -0.000146981 -0.017861 0.0886257 -0.00014562 0.000389228 0.000122484 -0.00014562 0.0104751 -0.0189443 -0.000146981 0.000389228 -0.0189443 0.0913584 
0.00958658 -0.0178277 0.000118235 -0.000152211 -0.0178277 0.0885488 -0.000154929 0.000385964 0.000118235 -0.000154929 0.01047 -0.0189353 -0.000152211 0.000385964 -0.0189353 0.0913267 
0.00959859 -0.0178381 0.000117882 -0.000139562 -0.0178381 0.0885512 -0.000140917 0.000359066 0.000117882 -0.000140917 0.0104617 -0.0189167 -0.000139562 0.000359066 -0.0189167 0.0912693 
0.00963092 -0.017846 0.000104125 -0.000152807 -0.017846 0.0885647 -0.000150103 0.000375933 0.000104125 -0.000150103 0.0104409 -0.018913 -0.000152807 0.000375933 -0.018913 0.0912477 
0.0096625 -0.0178708 8.68173e-05 -0.000142435 -0.0178708 0.0885944 -0.000139722 0.00037033 8.68173e-05 -0.000139722 0.0103801 -0.0188909 -0.000142435 0.00037033 -0.0188909 0.0912084 
0.00966844 -0.0179111 8.04227e-05 -0.000121316 -0.0179111 0.0886721 -0.000118589 0.000338048 8.04227e-05 -0.000118589 0.0103377 -0.0188189 -0.000121316 0.000338048 -0.0188189 0.0910807 
0.00965764 -0.0179206 9.68902e-05 -9.55256e-05 -0.0179206 0.0887296 -9.82549e-05 0.000274295 9.68902e-05 -9.82549e-05 0.0103195 -0.0187571 -9.55256e-05 0.000274295 -0.0187571 0.0909158 
0.00965385 -0.0179161 0.000115966 -0.000118695 -0.0179161 0.0887442 -0.000117331 0.000282412 0.000115966 -0.000117331 0.0103101 -0.018721 -0.000118695 0.000282412 -0.018721 0.0907947 
0.00965975 -0.0179288 9.79718e-05 -0.000126547 -0.0179288 0.0887843 -0.00013199 0.000289833 9.79718e-05 -0.00013199 0.010317 -0.0187004 -0.000126547 0.000289833 -0.0187004 0.0907015 
0.0096589 -0.0179083 9.36045e-05 -0.000123449 -0.0179083 0.0887425 -0.000130232 0.000318798 9.36045e-05 -0.000130232 0.0103277 -0.0187236 -0.000123449 0.000318798 -0.0187236 0.0907231 
0.00967833 -0.0179232 7.87298e-05 -0.000108593 -0.0179232 0.0887665 -0.000114022 0.000294558 7.87298e-05 -0.000114022 0.0103095 -0.0187241 -0.000108593 0.000294558 -0.0187241 0.0907252 
0.00968742 -0.0179497 6.5336e-05 -8.43923e-05 -0.0179497 0.0888161 -8.167e-05 0.000224592 6.5336e-05 -8.167e-05 0.0102945 -0.0187147 -8.43923e-05 0.000224592 -0.0187147 0.0907258 
0.00967816 -0.0179397 6.93336e-05 -8.83664e-05 -0.0179397 0.0888055 -8.1569e-05 0.000214798 6.93336e-05 -8.1569e-05 0.0103076 -0.0187174 -8.83664e-05 0.000214798 -0.0187174 0.0907482 
0.00965032 -0.0179127 6.92606e-05 -8.96314e-05 -0.0179127 0.088731 -8.41992e-05 0.00020914 6.92606e-05 -8.41992e-05 0.0103348 -0.0187438 -8.96314e-05 0.00020914 -0.0187438 0.0908224 
0.00961538 -0.0178773 6.77426e-05 -8.2646e-05 -0.0178773 0.0886412 -8.2646e-05 0.000204583 6.77426e-05 -8.2646e-05 0.0103768 -0.0187796 -8.2646e-05 0.000204583 -0.0187796 0.0909092 
0.00962012 -0.0178613 8.271e-05 -7.99982e-05 -0.0178613 0.0886081 -8.40659e-05 0.000207453 8.271e-05 -8.40659e-05 0.0103767 -0.0188091 -7.99982e-05 0.000207453 -0.0188091 0.0909647 
