0.00749144 0 -0.000478979 0 0 0.0099868 0 0 -0.000478979 0 0.00716495 0 0 0 0 0.0099868 
0.010548 -0.0131007 -0.0005691 0.000701563 -0.0131007 0.0343095 0.000701563 -0.00134752 -0.0005691 0.000701563 0.0101261 -0.0125856 0.000701563 -0.00134752 -0.0125856 0.0333169 
0.0105363 -0.0197458 -0.000438944 0.000779042 -0.0197458 0.0723336 0.000779042 -0.00249461 -0.000438944 0.000779042 0.0102096 -0.019136 0.000779042 -0.00249461 -0.019136 0.0703902 
0.00988257 -0.019281 -0.000394783 0.000571867 -0.019281 0.0861683 0.00057999 -0.00207139 -0.000394783 0.00057999 0.00967137 -0.0188456 0.000571867 -0.00207139 -0.0188456 0.0845356 
0.009817 -0.0184717 -0.000407498 0.00046924 -0.0184717 0.0888469 0.000475414 -0.00135061 -0.000407498 0.000475414 0.00967499 -0.0181954 0.00046924 -0.00135061 -0.0181954 0.0878359 
0.0099559 -0.0183236 -0.000453141 0.000498602 -0.0183236 0.0894755 0.000504468 -0.00117758 -0.000453141 0.000504468 0.00988405 -0.018133 0.000498602 -0.00117758 -0.018133 0.088867 
0.0100703 -0.018391 -0.000510033 0.000573788 -0.018391 0.0898481 0.000580871 -0.0013275 -0.000510033 0.000580871 0.010008 -0.0182861 0.000573788 -0.0013275 -0.0182861 0.089484 
0.0101324 -0.0184593 -0.000501634 0.000631892 -0.0184593 0.0900654 0.000636049 -0.0014952 -0.000501634 0.000636049 0.0100396 -0.0183761 0.000631892 -0.0014952 -0.0183761 0.0898188 
0.0101903 -0.0185092 -0.000470954 0.000612922 -0.0185092 0.0901842 0.000614288 -0.00153572 -0.000470954 0.000614288 0.0100224 -0.0183904 0.000612922 -0.00153572 -0.0183904 0.0899221 
0.0102229 -0.018576 -0.000468818 0.000593836 -0.018576 0.0903241 0.0005884 -0.00151652 -0.000468818 0.0005884 0.00997019 -0.0183423 0.000593836 -0.00151652 -0.0183423 0.0898295 
0.0102304 -0.0186259 -0.000451619 0.000573313 -0.0186259 0.0904631 0.000566552 -0.00144545 -0.000451619 0.000566552 0.00997484 -0.0183014 0.000573313 -0.00144545 -0.0183014 0.0897465 
0.0102196 -0.0186209 -0.000446448 0.000539796 -0.0186209 0.0905004 0.000539796 -0.00136505 -0.000446448 0.000539796 0.00997473 -0.0183179 0.000539796 -0.00136505 -0.0183179 0.089755 
0.0102091 -0.0186055 -0.000453858 0.000547061 -0.0186055 0.0904798 0.000543008 -0.00134942 -0.000453858 0.000543008 0.00997677 -0.0183299 0.000547061 -0.00134942 -0.0183299 0.0897855 
0.0101952 -0.0185914 -0.000448735 0.0005447 -0.0185914 0.0904513 0.000541997 -0.00133539 -0.000448735 0.000541997 0.00999112 -0.0183495 0.0005447 -0.00133539 -0.0183495 0.0898511 
0.0101989 -0.0185703 -0.000421532 0.000537352 -0.0185703 0.0904152 0.000536005 -0.00132251 -0.000421532 0.000536005 0.0100131 -0.0183817 0.000537352 -0.00132251 -0.0183817 0.08996 
0.0102103 -0.0186005 -0.000399533 0.000505806 -0.0186005 0.0904626 0.000509842 -0.0012699 -0.000399533 0.000509842 0.010022 -0.0183852 0.000505806 -0.0012699 -0.0183852 0.0899729 
0.010205 -0.0186268 -0.00038789 0.00049429 -0.0186268 0.0905426 0.000498331 -0.00124179 -0.00038789 0.000498331 0.0100191 -0.0183803 0.00049429 -0.00124179 -0.0183803 0.0899554 
0.0101968 -0.0186189 -0.000388091 0.000483766 -0.0186189 0.0905586 0.000482419 -0.00121548 -0.000388091 0.000482419 0.0100176 -0.0183818 0.000483766 -0.00121548 -0.0183818 0.0899563 
0.0101777 -0.0186023 -0.000387351 0.000477778 -0.0186023 0.0905349 0.000479128 -0.00119849 -0.000387351 0.000479128 0.0100144 -0.0183783 0.000477778 -0.00119849 -0.0183783 0.0899437 
0.0101929 -0.0185917 -0.000369621 0.000473493 -0.0185917 0.0905141 0.000473493 -0.00118441 -0.000369621 0.000473493 0.00998652 -0.018357 0.000473493 -0.00118441 -0.018357 0.0898855 
0.010194 -0.0185926 -0.000376905 0.000463364 -0.0185926 0.0904897 0.000466066 -0.0011753 -0.000376905 0.000466066 0.00997245 -0.0183414 0.000463364 -0.0011753 -0.0183414 0.0898588 
0.0102201 -0.0185884 -0.000390285 0.000461613 -0.0185884 0.0904776 0.000462959 -0.00115067 -0.000390285 0.000462959 0.00996708 -0.0183421 0.000461613 -0.00115067 -0.0183421 0.0898679 
0.0102643 -0.0186303 -0.000382104 0.000472248 -0.0186303 0.0905412 0.000474939 -0.00115842 -0.000382104 0.000474939 0.00994816 -0.0183316 0.000472248 -0.00115842 -0.0183316 0.0898658 
0.0102881 -0.0186832 -0.000388562 0.000461165 -0.0186832 0.0906491 0.000466543 -0.00115089 -0.000388562 0.000466543 0.00993857 -0.0183094 0.000461165 -0.00115089 -0.0183094 0.0898209 
0.0102765 -0.0187027 -0.000417141 0.000489804 -0.0187027 0.0907201 0.00049115 -0.00120433 -0.000417141 0.00049115 0.0099293 -0.0182842 0.000489804 -0.00120433 -0.0182842 0.0897459 
0.0102767 -0.0187142 -0.000419788 0.000495135 -0.0187142 0.0907913 0.000500517 -0.00121496 -0.000419788 0.000500517 0.00992019 -0.0182581 0.000495135 -0.00121496 -0.0182581 0.0896678 
0.0102628 -0.0187224 -0.000406686 0.000519804 -0.0187224 0.0908323 0.000522497 -0.00127796 -0.000406686 0.000522497 0.0099234 -0.0182362 0.000519804 -0.00127796 -0.0182362 0.0895867 
0.0102239 -0.018667 -0.000400249 0.000509777 -0.018667 0.0907281 0.000513834 -0.00129405 -0.000400249 0.000513834 0.00993322 -0.0182654 0.000509777 -0.00129405 -0.0182654 0.0896275 
0.0102137 -0.0186162 -0.000395079 0.000503691 -0.0186162 0.0905952 0.000505049 -0.00127891 -0.000395079 0.000505049 0.00990276 -0.0182714 0.000503691 -0.00127891 -0.0182714 0.0896584 
0.0102257 -0.0186136 -0.000369178 0.00047776 -0.0186136 0.0905382 0.00047776 -0.00120526 -0.000369178 0.00047776 0.00988637 -0.018239 0.00047776 -0.00120526 -0.018239 0.089622 
0.0102192 -0.0186332 -0.000358331 0.000451985 -0.0186332 0.0905694 0.000458772 -0.00115914 -0.000358331 0.000458772 0.00988124 -0.0181907 0.000451985 -0.00115914 -0.0181907 0.0894998 
0.0102103 -0.01863 -0.000371381 0.000441862 -0.01863 0.0905817 0.000447284 -0.00112905 -0.000371381 0.000447284 0.00989174 -0.0181855 0.000441862 -0.00112905 -0.0181855 0.0894486 
0.0102059 -0.0185823 -0.0003789 0.000468212 -0.0185823 0.0904528 0.000470918 -0.00116241 -0.0003789 0.000470918 0.0098974 -0.01824 0.000468212 -0.00116241 -0.01824 0.0895597 
0.0101994 -0.0185885 -0.000384832 0.00047291 -0.0185885 0.090422 0.000471555 -0.00117889 -0.000384832 0.000471555 0.00989994 -0.0182375 0.00047291 -0.00117889 -0.0182375 0.0895927 
0.0101923 -0.0185866 -0.000386431 0.000467785 -0.0185866 0.0904234 0.000465073 -0.00116336 -0.000386431 0.000465073 0.00990483 -0.0182368 0.000467785 -0.00116336 -0.0182368 0.0895923 
0.0102028 -0.018573 -0.000390854 0.000465238 -0.018573 0.0904064 0.000462533 -0.00115092 -0.000390854 0.000462533 0.00991336 -0.0182511 0.000465238 -0.00115092 -0.0182511 0.0896233 
0.0102095 -0.0185872 -0.000407188 0.000484296 -0.0185872 0.0904227 0.000481591 -0.00118774 -0.000407188 0.000481591 0.00990508 -0.0182477 0.000484296 -0.00118774 -0.0182477 0.0896232 
0.0102367 -0.0186256 -0.000380637 0.00048187 -0.0186256 0.0905281 0.00048322 -0.00118105 -0.000380637 0.00048322 0.0099114 -0.0182355 0.00048187 -0.00118105 -0.0182355 0.0895967 
0.0102309 -0.0186615 -0.000375681 0.000482056 -0.0186615 0.0906239 0.00047667 -0.00120245 -0.000375681 0.00047667 0.00992928 -0.0182279 0.000482056 -0.00120245 -0.0182279 0.0895534 
0.0102209 -0.0186447 -0.000381247 0.000487673 -0.0186447 0.090625 0.000483631 -0.00122996 -0.000381247 0.000483631 0.00994206 -0.0182635 0.000487673 -0.00122996 -0.0182635 0.0896132 
0.0102274 -0.0186207 -0.000386779 0.000474378 -0.0186207 0.0905657 0.000478421 -0.00121155 -0.000386779 0.000478421 0.00993902 -0.0182986 0.000474378 -0.00121155 -0.0182986 0.0897234 
0.0102208 -0.0186375 -0.000398354 0.000476674 -0.0186375 0.0905762 0.000475324 -0.00120181 -0.000398354 0.000475324 0.00993724 -0.0182838 0.000476674 -0.00120181 -0.0182838 0.0897281 
0.0102013 -0.0186297 -0.000404375 0.000485521 -0.0186297 0.0905774 0.000486873 -0.00120095 -0.000404375 0.000486873 0.00994033 -0.0182713 0.000485521 -0.00120095 -0.0182713 0.0896983 
0.0101868 -0.0186022 -0.000414737 0.00050419 -0.0186022 0.0905252 0.00050419 -0.00124014 -0.000414737 0.00050419 0.00992658 -0.0182728 0.00050419 -0.00124014 -0.0182728 0.0896659 
0.0101752 -0.0185851 -0.000401635 0.000496617 -0.0185851 0.0904779 0.000496617 -0.00122255 -0.000401635 0.000496617 0.00992283 -0.0182486 0.000496617 -0.00122255 -0.0182486 0.0896217 
0.0101574 -0.0185578 -0.000392707 0.000490544 -0.0185578 0.0904014 0.000486467 -0.00120937 -0.000392707 0.000486467 0.00991415 -0.0182452 0.000490544 -0.00120937 -0.0182452 0.0895969 
0.0101394 -0.0185403 -0.000361051 0.000470048 -0.0185403 0.0903432 0.000463235 -0.00115809 -0.000361051 0.000463235 0.00991188 -0.018231 0.000470048 -0.00115809 -0.018231 0.0895543 
0.0101068 -0.0185198 -0.000338485 0.000450404 -0.0185198 0.0902923 0.000444944 -0.00112601 -0.000338485 0.000444944 0.0099198 -0.0182127 0.000450404 -0.00112601 -0.0182127 0.0895061 
0.0100855 -0.018467 -0.000324103 0.000412992 -0.018467 0.0901704 0.000410257 -0.00105026 -0.000324103 0.000410257 0.00990634 -0.0182222 0.000412992 -0.00105026 -0.0182222 0.0894921 
0.0100886 -0.0184317 -0.000333563 0.000412529 -0.0184317 0.0900647 0.000411167 -0.00103745 -0.000333563 0.000411167 0.00990478 -0.0182221 0.000412529 -0.00103745 -0.0182221 0.0895038 
0.0100823 -0.0184476 -0.000335484 0.00041731 -0.0184476 0.0900503 0.000418674 -0.00103646 -0.000335484 0.000418674 0.00988861 -0.0181884 0.00041731 -0.00103646 -0.0181884 0.0894161 
0.0100664 -0.0184331 -0.00032169 0.000413017 -0.0184331 0.0900336 0.000408928 -0.00102368 -0.00032169 0.000408928 0.00989469 -0.0181877 0.000413017 -0.00102368 -0.0181877 0.0894011 
0.0100671 -0.0184149 -0.000324833 0.000394149 -0.0184149 0.0900032 0.000395508 -0.00100168 -0.000324833 0.000395508 0.00991352 -0.0182069 0.000394149 -0.00100168 -0.0182069 0.0894391 
0.0100816 -0.0184216 -0.000329855 0.0004113 -0.0184216 0.0900069 0.000403156 -0.00101264 -0.000329855 0.000403156 0.00991465 -0.0182221 0.0004113 -0.00101264 -0.0182221 0.0894761 
0.0100542 -0.0184293 -0.000330114 0.000415699 -0.0184293 0.0900057 0.000411624 -0.00102838 -0.000330114 0.000411624 0.00993467 -0.0182296 0.000415699 -0.00102838 -0.0182296 0.0895112 
0.0100448 -0.0184068 -0.000334102 0.000412874 -0.0184068 0.0899752 0.000410157 -0.00103083 -0.000334102 0.000410157 0.00993477 -0.0182452 0.000412874 -0.00103083 -0.0182452 0.0895474 
0.0100294 -0.0183768 -0.000345371 0.000421516 -0.0183768 0.0898986 0.000420157 -0.00104835 -0.000345371 0.000420157 0.00994099 -0.0182666 0.000421516 -0.00104835 -0.0182666 0.0896212 
0.0100513 -0.0183856 -0.000345052 0.00043607 -0.0183856 0.0899173 0.000437428 -0.00109085 -0.000345052 0.000437428 0.00992772 -0.0182552 0.00043607 -0.00109085 -0.0182552 0.0896076 
0.0100453 -0.0183721 -0.000347231 0.000439464 -0.0183721 0.0898691 0.00044489 -0.00111901 -0.000347231 0.00044489 0.00994492 -0.0182825 0.000439464 -0.00111901 -0.0182825 0.0896874 
0.0100735 -0.0183915 -0.000344613 0.000424347 -0.0183915 0.0898953 0.00042705 -0.00108114 -0.000344613 0.00042705 0.00994917 -0.0182929 0.000424347 -0.00108114 -0.0182929 0.0897236 
0.0100777 -0.0184323 -0.000341891 0.000423294 -0.0184323 0.0899921 0.000420581 -0.00106231 -0.000341891 0.000420581 0.00993792 -0.0182736 0.000423294 -0.00106231 -0.0182736 0.0896773 
0.01007 -0.0184319 -0.000344331 0.00041238 -0.0184319 0.0900295 0.000408297 -0.00102755 -0.000344331 0.000408297 0.00993387 -0.0182727 0.00041238 -0.00102755 -0.0182727 0.0896634 
0.0100722 -0.0184244 -0.000347836 0.000428316 -0.0184244 0.0900282 0.000425588 -0.00105169 -0.000347836 0.000425588 0.00991537 -0.0182566 0.000428316 -0.00105169 -0.0182566 0.0896285 
0.0100681 -0.0184364 -0.000362005 0.000436856 -0.0184364 0.0900536 0.000430051 -0.00108057 -0.000362005 0.000430051 0.00992929 -0.0182309 0.000436856 -0.00108057 -0.0182309 0.0895759 
0.010057 -0.018444 -0.000366598 0.000445349 -0.018444 0.0900854 0.000442633 -0.00109844 -0.000366598 0.000442633 0.00995382 -0.0182281 0.000445349 -0.00109844 -0.0182281 0.0895138 
0.0100284 -0.0184058 -0.000377016 0.000468208 -0.0184058 0.0900103 0.000469569 -0.00116099 -0.000377016 0.000469569 0.00997392 -0.0182778 0.000468208 -0.00116099 -0.0182778 0.0895911 
0.0100232 -0.0183739 -0.000369871 0.000480017 -0.0183739 0.0899263 0.000482736 -0.00121024 -0.000369871 0.000482736 0.0099838 -0.0183086 0.000480017 -0.00121024 -0.0183086 0.0896951 
0.010031 -0.0183556 -0.0003601 0.000469222 -0.0183556 0.0898559 0.000466494 -0.00120306 -0.0003601 0.000466494 0.00995323 -0.0183133 0.000469222 -0.00120306 -0.0183133 0.0897345 
0.0100394 -0.0183598 -0.000348164 0.000446469 -0.0183598 0.089829 0.000449199 -0.00115099 -0.000348164 0.000449199 0.00992608 -0.0182847 0.000446469 -0.00115099 -0.0182847 0.0897075 
0.0100431 -0.0183689 -0.000352197 0.000436834 -0.0183689 0.0898267 0.000434104 -0.00110847 -0.000352197 0.000434104 0.00990384 -0.018246 0.000436834 -0.00110847 -0.018246 0.0896124 
0.0100278 -0.0183645 -0.000349917 0.000426163 -0.0183645 0.0898184 0.000427525 -0.00106881 -0.000349917 0.000427525 0.00991749 -0.0182256 0.000426163 -0.00106881 -0.0182256 0.0895556 
0.010016 -0.0183699 -0.000355284 0.000439681 -0.0183699 0.08985 0.000435597 -0.00108491 -0.000355284 0.000435597 0.00991528 -0.018208 0.000439681 -0.00108491 -0.018208 0.0894566 
0.00999867 -0.0183461 -0.00035938 0.00045467 -0.0183461 0.0898165 0.000447864 -0.00112851 -0.00035938 0.000447864 0.00992516 -0.0182209 0.00045467 -0.00112851 -0.0182209 0.0894653 
0.0100096 -0.0183519 -0.000340001 0.000447441 -0.0183519 0.0898363 0.000443361 -0.00112472 -0.000340001 0.000443361 0.00991714 -0.0182118 0.000447441 -0.00112472 -0.0182118 0.0894392 
0.00999874 -0.0183379 -0.000337113 0.000420368 -0.0183379 0.0898072 0.000419003 -0.00107003 -0.000337113 0.000419003 0.0099073 -0.0182205 0.000420368 -0.00107003 -0.0182205 0.0894564 
0.00999343 -0.0183415 -0.000316775 0.000413719 -0.0183415 0.0898139 0.000415084 -0.00104317 -0.000316775 0.000415084 0.00991014 -0.018205 0.000413719 -0.00104317 -0.018205 0.0894384 
0.00997267 -0.0183213 -0.000303486 0.00039918 -0.0183213 0.0897787 0.000400547 -0.00102392 -0.000303486 0.000400547 0.00991389 -0.0182078 0.00039918 -0.00102392 -0.0182078 0.0894232 
0.00994641 -0.018299 -0.000316843 0.000386494 -0.018299 0.0897239 0.000391957 -0.00100243 -0.000316843 0.000391957 0.00993958 -0.0182116 0.000386494 -0.00100243 -0.0182116 0.0894289 
0.0099239 -0.0182441 -0.000313659 0.000391392 -0.0182441 0.0895879 0.000388665 -0.000979162 -0.000313659 0.000388665 0.00996072 -0.0182604 0.000391392 -0.000979162 -0.0182604 0.0895292 
0.00991733 -0.0181993 -0.00031371 0.000395547 -0.0181993 0.0894374 0.00039282 -0.000988869 -0.00031371 0.00039282 0.00996643 -0.0183057 0.000395547 -0.000988869 -0.0183057 0.0896665 
0.00992392 -0.0181961 -0.000313703 0.000402358 -0.0181961 0.0893876 0.00039963 -0.00100794 -0.000313703 0.00039963 0.00995529 -0.0183039 0.000402358 -0.00100794 -0.0183039 0.0897081 
0.00993255 -0.0182258 -0.000317504 0.000396539 -0.0182258 0.0894393 0.000395176 -0.00100429 -0.000317504 0.000395176 0.00994345 -0.0182762 0.000396539 -0.00100429 -0.0182762 0.0896627 
0.00994441 -0.018241 -0.00032466 0.000390137 -0.018241 0.0894915 0.000390137 -0.000986257 -0.00032466 0.000390137 0.00993486 -0.0182628 0.000390137 -0.000986257 -0.0182628 0.0896157 
0.00997363 -0.0182773 -0.000334 0.000407616 -0.0182773 0.0895896 0.000406252 -0.00100609 -0.000334 0.000406252 0.00990683 -0.0182241 0.000407616 -0.00100609 -0.0182241 0.0895214 
0.00998182 -0.0182927 -0.000320542 0.000421479 -0.0182927 0.0896386 0.000421479 -0.00104619 -0.000320542 0.000421479 0.00989725 -0.0182082 0.000421479 -0.00104619 -0.0182082 0.0894722 
0.00995081 -0.0182864 -0.000303112 0.000408245 -0.0182864 0.0896405 0.000408245 -0.00104724 -0.000303112 0.000408245 0.00991121 -0.0182031 0.000408245 -0.00104724 -0.0182031 0.089448 
0.00993342 -0.0182605 -0.000303498 0.000375955 -0.0182605 0.0895949 0.000375955 -0.000976117 -0.000303498 0.000375955 0.00992522 -0.0182263 0.000375955 -0.000976117 -0.0182263 0.0894842 
0.00991845 -0.0182586 -0.000293453 0.000370245 -0.0182586 0.0895897 0.000370245 -0.000929726 -0.000293453 0.000370245 0.00992531 -0.0182119 0.000370245 -0.000929726 -0.0182119 0.0894457 
0.00992766 -0.0182342 -0.000266754 0.000354756 -0.0182342 0.0895524 0.000353381 -0.000880014 -0.000266754 0.000353381 0.00990291 -0.0182122 0.000354756 -0.000880014 -0.0182122 0.0894259 
0.00992827 -0.0182337 -0.000240877 0.000312452 -0.0182337 0.0895196 0.000315205 -0.000795583 -0.000240877 0.000315205 0.00987322 -0.0181745 0.000312452 -0.000795583 -0.0181745 0.0893531 
0.00992402 -0.0182347 -0.000260397 0.000308619 -0.0182347 0.0895035 0.000307241 -0.00077568 -0.000260397 0.000307241 0.00984962 -0.0181327 0.000308619 -0.00077568 -0.0181327 0.0892362 
0.00989654 -0.0182105 -0.000294761 0.000352612 -0.0182105 0.0894367 0.000345725 -0.000851227 -0.000294761 0.000345725 0.00985935 -0.0181223 0.000352612 -0.000851227 -0.0181223 0.0891874 
0.00988278 -0.0181723 -0.000310684 0.000389042 -0.0181723 0.0893588 0.000387668 -0.000956797 -0.000310684 0.000387668 0.00987453 -0.0181297 0.000389042 -0.000956797 -0.0181297 0.0891883 
0.00988638 -0.0181671 -0.000298923 0.000393536 -0.0181671 0.0893189 0.000392164 -0.000988638 -0.000298923 0.000392164 0.00987953 -0.0181424 0.000393536 -0.000988638 -0.0181424 0.0892147 
0.00989034 -0.0181787 -0.000290892 0.000375565 -0.0181787 0.0893326 0.000375565 -0.000972372 -0.000290892 0.000375565 0.00988351 -0.0181446 0.000375565 -0.000972372 -0.0181446 0.0892097 
0.00988193 -0.0181634 -0.000275141 0.000350056 -0.0181634 0.0892875 0.000351418 -0.000909873 -0.000275141 0.000351418 0.00990509 -0.018177 0.000350056 -0.000909873 -0.018177 0.0893065 
0.00987073 -0.0181384 -0.000261729 0.000332614 -0.0181384 0.0892278 0.000340793 -0.000865614 -0.000261729 0.000340793 0.0099198 -0.0182215 0.000332614 -0.000865614 -0.0182215 0.089435 
0.00987027 -0.0181244 -0.000252524 0.000316679 -0.0181244 0.089171 0.000324869 -0.000827186 -0.000252524 0.000324869 0.00990986 -0.0182418 0.000316679 -0.000827186 -0.0182418 0.0895177 
0.00987321 -0.0181365 -0.000257586 0.000311021 -0.0181365 0.0891836 0.000315132 -0.00079742 -0.000257586 0.000315132 0.0098828 -0.0182105 0.000311021 -0.00079742 -0.0182105 0.0894782 
0.00985909 -0.0181609 -0.000260465 0.000329371 -0.0181609 0.0892513 0.000327993 -0.000818605 -0.000260465 0.000327993 0.00984255 -0.0181375 0.000329371 -0.000818605 -0.0181375 0.0893023 
0.00984919 -0.0181366 -0.000266755 0.000359359 -0.0181366 0.0892274 0.000355212 -0.000898397 -0.000266755 0.000355212 0.00980911 -0.0180965 0.000359359 -0.000898397 -0.0180965 0.0891597 
0.00985819 -0.018121 -0.000278784 0.00035193 -0.018121 0.0891944 0.00034503 -0.000908119 -0.000278784 0.00034503 0.00978367 -0.0180506 0.00035193 -0.000908119 -0.0180506 0.0890274 
0.00985414 -0.018107 -0.000281114 0.000350014 -0.018107 0.0891351 0.000341746 -0.000879169 -0.000281114 0.000341746 0.00979351 -0.018045 0.000350014 -0.000879169 -0.018045 0.089 
0.00985285 -0.0181058 -0.000267112 0.000333202 -0.0181058 0.089108 0.000331825 -0.00083025 -0.000267112 0.000331825 0.00980742 -0.0180562 0.000333202 -0.00083025 -0.0180562 0.0890116 
0.0098522 -0.0181182 -0.000240635 0.000323613 -0.0181182 0.0891373 0.000324995 -0.000806265 -0.000240635 0.000324995 0.00978859 -0.0180449 0.000323613 -0.000806265 -0.0180449 0.0889616 
0.00985788 -0.0181252 -0.000218726 0.000305939 -0.0181252 0.0891639 0.000308708 -0.000793227 -0.000218726 0.000308708 0.0097679 -0.0180172 0.000305939 -0.000793227 -0.0180172 0.0888968 
0.00985614 -0.0181301 -0.000232953 0.000289805 -0.0181301 0.0891864 0.000296738 -0.000772351 -0.000232953 0.000296738 0.00975214 -0.0179845 0.000289805 -0.000772351 -0.0179845 0.0888106 
0.00986392 -0.0181102 -0.000236834 0.000304699 -0.0181102 0.0891479 0.000313009 -0.000786676 -0.000236834 0.000313009 0.00974204 -0.0179828 0.000304699 -0.000786676 -0.0179828 0.0887947 
0.00987197 -0.0181057 -0.000229099 0.000300865 -0.0181057 0.089103 0.000306386 -0.000783906 -0.000229099 0.000306386 0.00974776 -0.0179884 0.000300865 -0.000783906 -0.0179884 0.0888146 
0.0098913 -0.0181393 -0.00021818 0.000272035 -0.0181393 0.0891584 0.000269273 -0.000695967 -0.00021818 0.000269273 0.00973249 -0.0179722 0.000272035 -0.000695967 -0.0179722 0.0887759 
0.00989619 -0.0181582 -0.000213934 0.000263622 -0.0181582 0.0892148 0.000265003 -0.000658366 -0.000213934 0.000265003 0.00973057 -0.0179567 0.000263622 -0.000658366 -0.0179567 0.0887483 
0.00988944 -0.0181645 -0.000228058 0.00026123 -0.0181645 0.0892496 0.000262613 -0.000652385 -0.000228058 0.000262613 0.00974017 -0.0179641 0.00026123 -0.000652385 -0.0179641 0.0887493 
0.00990199 -0.0181539 -0.000233166 0.000273177 -0.0181539 0.089249 0.000274557 -0.000662248 -0.000233166 0.000274557 0.00974608 -0.0179856 0.000273177 -0.000662248 -0.0179856 0.0888075 
0.00993106 -0.0181782 -0.000225988 0.000285241 -0.0181782 0.0892927 0.000285241 -0.000698633 -0.000225988 0.000285241 0.00972574 -0.0179771 0.000285241 -0.000698633 -0.0179771 0.088798 
0.00995715 -0.0182304 -0.000223415 0.000290992 -0.0182304 0.089402 0.000295129 -0.00074058 -0.000223415 0.000295129 0.00970202 -0.0179436 0.000290992 -0.00074058 -0.0179436 0.0887207 
0.00995329 -0.0182498 -0.000215385 0.0002858 -0.0182498 0.0894692 0.000292703 -0.000744184 -0.000215385 0.000292703 0.00969096 -0.0179129 0.0002858 -0.000744184 -0.0179129 0.0886408 
0.00993779 -0.0182471 -0.000198398 0.000261775 -0.0182471 0.0894939 0.000263152 -0.000686125 -0.000198398 0.000263152 0.00971184 -0.0179068 0.000261775 -0.000686125 -0.0179068 0.0886121 
0.00992346 -0.0182217 -0.000180427 0.000258933 -0.0182217 0.089442 0.000257556 -0.00067901 -0.000180427 0.000257556 0.00973477 -0.0179449 0.000258933 -0.00067901 -0.0179449 0.0886721 
0.00993214 -0.0182176 -0.000190155 0.000238382 -0.0182176 0.0894347 0.00023976 -0.000639361 -0.000190155 0.00023976 0.00973371 -0.0179613 0.000238382 -0.000639361 -0.0179613 0.088714 
0.0099387 -0.0182239 -0.000204097 0.000250984 -0.0182239 0.0894359 0.000246847 -0.000641251 -0.000204097 0.000246847 0.00972771 -0.0179605 0.000250984 -0.000641251 -0.0179605 0.0887423 
0.00993296 -0.0182466 -0.000215364 0.000269205 -0.0182466 0.0894933 0.000267824 -0.000675082 -0.000215364 0.000267824 0.00972864 -0.0179373 0.000269205 -0.000675082 -0.0179373 0.0886967 
0.00991844 -0.0182196 -0.000210943 0.000271606 -0.0182196 0.0894631 0.000278499 -0.000704521 -0.000210943 0.000278499 0.00974196 -0.0179522 0.000271606 -0.000704521 -0.0179522 0.0887034 
0.0099217 -0.0181916 -0.000204926 0.000254438 -0.0181916 0.089382 0.000265441 -0.000675292 -0.000204926 0.000265441 0.00974428 -0.0179826 0.000254438 -0.000675292 -0.0179826 0.0887809 
0.00993383 -0.0181928 -0.000192516 0.00024202 -0.0181928 0.0893385 0.000254396 -0.000633928 -0.000192516 0.000254396 0.00973994 -0.0179934 0.00024202 -0.000633928 -0.0179934 0.088831 
0.0099186 -0.0182009 -0.000191457 0.000235534 -0.0182009 0.0893349 0.000236911 -0.000603297 -0.000191457 0.000236911 0.00974918 -0.017986 0.000235534 -0.000603297 -0.017986 0.0888486 
0.00990066 -0.0181759 -0.000217187 0.000264221 -0.0181759 0.0892816 0.000264221 -0.00065571 -0.000217187 0.000264221 0.00973328 -0.0179905 0.000264221 -0.00065571 -0.0179905 0.0888445 
0.00988501 -0.0181586 -0.000212357 0.000281755 -0.0181586 0.0892316 0.000274815 -0.000689813 -0.000212357 0.000274815 0.00971568 -0.0179629 0.000281755 -0.000689813 -0.0179629 0.0888013 
0.00987132 -0.0181677 -0.000211479 0.000274087 -0.0181677 0.0892662 0.000274087 -0.000706784 -0.000211479 0.000274087 0.00971132 -0.0179159 0.000274087 -0.000706784 -0.0179159 0.0886638 
0.00986505 -0.0181342 -0.000204536 0.000260192 -0.0181342 0.0892182 0.000260192 -0.000672048 -0.000204536 0.000260192 0.00970086 -0.0179087 0.000260192 -0.000672048 -0.0179087 0.088599 
0.00986481 -0.0181156 -0.000213728 0.000265079 -0.0181156 0.0891344 0.000266466 -0.000677269 -0.000213728 0.000266466 0.00970243 -0.0179129 0.000265079 -0.000677269 -0.0179129 0.0885973 
0.00984662 -0.0180854 -0.000199425 0.000279749 -0.0180854 0.089024 0.00027698 -0.000704913 -0.000199425 0.00027698 0.00972614 -0.0179413 0.000279749 -0.000704913 -0.0179413 0.0886681 
0.0098388 -0.0180631 -0.000201807 0.000268155 -0.0180631 0.0889473 0.000261244 -0.000700797 -0.000201807 0.000261244 0.00973375 -0.0179678 0.000268155 -0.000700797 -0.0179678 0.0887497 
0.009855 -0.0180845 -0.0002137 0.000260576 -0.0180845 0.0889928 0.000259197 -0.00068246 -0.0002137 0.000259197 0.00973092 -0.0179618 0.000260576 -0.00068246 -0.0179618 0.0887378 
0.00986861 -0.0181159 -0.000222341 0.000272057 -0.0181159 0.0890854 0.000272057 -0.000687737 -0.000222341 0.000272057 0.00971118 -0.0179364 0.000272057 -0.000687737 -0.0179364 0.088678 
0.00987328 -0.0181431 -0.000221934 0.000287127 -0.0181431 0.0891716 0.000288514 -0.00071851 -0.000221934 0.000288514 0.00968186 -0.0179003 0.000287127 -0.00071851 -0.0179003 0.0885821 
0.0098904 -0.0181289 -0.000195561 0.000270457 -0.0181289 0.0891717 0.000276005 -0.000701801 -0.000195561 0.000276005 0.00966294 -0.0178959 0.000270457 -0.000701801 -0.0178959 0.0885726 
0.00990011 -0.0181544 -0.000186113 0.000245836 -0.0181544 0.0892121 0.000251392 -0.000665285 -0.000186113 0.000251392 0.00964872 -0.0178613 0.000245836 -0.000665285 -0.0178613 0.0884982 
0.00989459 -0.0181392 -0.000193794 0.00023809 -0.0181392 0.0891787 0.000243627 -0.000639522 -0.000193794 0.000243627 0.00966204 -0.0178651 0.00023809 -0.000639522 -0.0178651 0.088499 
0.00988447 -0.0181573 -0.000200763 0.000236762 -0.0181573 0.0892012 0.000240916 -0.000616135 -0.000200763 0.000240916 0.00967125 -0.0178527 0.000236762 -0.000616135 -0.0178527 0.0884563 
0.00987891 -0.0181665 -0.000200988 0.000243958 -0.0181665 0.089265 0.000248116 -0.000612667 -0.000200988 0.000248116 0.00966683 -0.0178408 0.000243958 -0.000612667 -0.0178408 0.088389 
0.00987065 -0.0181406 -0.000180476 0.000240172 -0.0181406 0.0892232 0.000238784 -0.000601124 -0.000180476 0.000238784 0.00966241 -0.0178491 0.000240172 -0.000601124 -0.0178491 0.0884014 
0.00986872 -0.0181342 -0.000178751 0.000231406 -0.0181342 0.0891926 0.000230021 -0.00060138 -0.000178751 0.000230021 0.00966226 -0.017846 0.000231406 -0.00060138 -0.017846 0.0883973 
0.0098727 -0.0181311 -0.000175828 0.000229823 -0.0181311 0.0891755 0.000221516 -0.000578711 -0.000175828 0.000221516 0.00966226 -0.0178445 0.000229823 -0.000578711 -0.0178445 0.0884002 
0.00986214 -0.0181006 -0.000161811 0.000208832 -0.0181006 0.0890884 0.000200534 -0.000522772 -0.000161811 0.000200534 0.00967682 -0.0178835 0.000208832 -0.000522772 -0.0178835 0.088509 
0.00986666 -0.0180923 -0.000156219 0.0002129 -0.0180923 0.0890364 0.000205987 -0.000528102 -0.000156219 0.000205987 0.00968971 -0.0179071 0.0002129 -0.000528102 -0.0179071 0.0885967 
0.0098664 -0.0181136 -0.000156786 0.000216448 -0.0181136 0.0890737 0.000216448 -0.000566093 -0.000156786 0.000216448 0.00967354 -0.0178888 0.000216448 -0.000566093 -0.0178888 0.0885617 
0.00985609 -0.0181022 -0.00014484 0.000208904 -0.0181022 0.089053 0.000211689 -0.000559863 -0.00014484 0.000211689 0.00965415 -0.0178766 0.000208904 -0.000559863 -0.0178766 0.0885266 
0.00985266 -0.018117 -0.000135025 0.000174001 -0.018117 0.0890985 0.000179569 -0.000487204 -0.000135025 0.000179569 0.00964107 -0.0178191 0.000174001 -0.000487204 -0.0178191 0.0884011 
0.00986114 -0.0180961 -0.000116651 0.000156923 -0.0180961 0.0890628 0.000162478 -0.000420775 -0.000116651 0.000162478 0.0096334 -0.0178253 0.000156923 -0.000420775 -0.0178253 0.088374 
0.00988001 -0.0181067 -0.000102556 0.000126116 -0.0181067 0.0890684 0.000133045 -0.000328456 -0.000102556 0.000133045 0.00962639 -0.0178156 0.000126116 -0.000328456 -0.0178156 0.0883436 
