0.00770484 0 0.000208386 0 0 0.00998621 0 0 0.000208386 0 0.0068876 0 0 0 0 0.00998621 
0.0107887 -0.0133963 0.000245909 -0.000300373 -0.0133963 0.034868 -0.000300373 0.00057929 0.000245909 -0.000300373 0.00980502 -0.0121882 -0.000300373 0.00057929 -0.0121882 0.0325541 
0.0106903 -0.019972 0.000174618 -0.000317335 -0.019972 0.0730542 -0.000317335 0.00101077 0.000174618 -0.000317335 0.0100103 -0.018758 -0.000317335 0.00101077 -0.018758 0.0691774 
0.0101071 -0.0194745 0.000148611 -0.000213224 -0.0194745 0.0867806 -0.000213224 0.000783437 0.000148611 -0.000213224 0.00949493 -0.0186167 -0.000213224 0.000783437 -0.0186167 0.0836695 
0.0101413 -0.0187669 0.000174533 -0.000171471 -0.0187669 0.0895061 -0.000180657 0.000486854 0.000174533 -0.000180657 0.00943548 -0.0179478 -0.000171471 0.000486854 -0.0179478 0.0871622 
0.0103451 -0.0187278 0.000211034 -0.000213965 -0.0187278 0.090302 -0.000219827 0.000464568 0.000211034 -0.000219827 0.00954928 -0.017828 -0.000213965 0.000464568 -0.017828 0.0881902 
0.0104772 -0.0188779 0.000246288 -0.000268936 -0.0188779 0.09092 -0.000271766 0.000587412 0.000246288 -0.000271766 0.00965479 -0.0178856 -0.000268936 0.000587412 -0.0178856 0.0886355 
0.0105297 -0.0189659 0.000264968 -0.000327069 -0.0189659 0.0912813 -0.000324309 0.000764542 0.000264968 -0.000324309 0.00970582 -0.0179474 -0.000327069 0.000764542 -0.0179474 0.0888359 
0.010514 -0.0189894 0.000269276 -0.000349515 -0.0189894 0.0913881 -0.000349515 0.000870388 0.000269276 -0.000349515 0.00974155 -0.0179817 -0.000349515 0.000870388 -0.0179817 0.0889047 
0.010486 -0.0189637 0.000260665 -0.000343051 -0.0189637 0.0913678 -0.00034035 0.000890043 0.000260665 -0.00034035 0.00976076 -0.018021 -0.000343051 0.000890043 -0.018021 0.0889772 
0.010485 -0.0189224 0.000268708 -0.000330511 -0.0189224 0.0912747 -0.000327823 0.000865239 0.000268708 -0.000327823 0.00975947 -0.0180693 -0.000330511 0.000865239 -0.0180693 0.0891062 
0.0104872 -0.0189101 0.000247613 -0.000318936 -0.0189101 0.0911941 -0.000313553 0.000799358 0.000247613 -0.000313553 0.00974168 -0.0180946 -0.000318936 0.000799358 -0.0180946 0.08922 
0.0104667 -0.0189229 0.00023883 -0.000302248 -0.0189229 0.0912059 -0.0002982 0.000755619 0.00023883 -0.0002982 0.0097313 -0.0180593 -0.000302248 0.000755619 -0.0180593 0.0892049 
0.0104727 -0.0189406 0.00022664 -0.000277904 -0.0189406 0.0912846 -0.000277904 0.00069341 0.00022664 -0.000277904 0.00970774 -0.0180125 -0.000277904 0.00069341 -0.0180125 0.0890884 
0.0104694 -0.0189477 0.000219742 -0.000279058 -0.0189477 0.0913303 -0.000280407 0.000688883 0.000219742 -0.000280407 0.0096956 -0.0179797 -0.000279058 0.000688883 -0.0179797 0.0889698 
0.0104529 -0.0189186 0.000211946 -0.000276745 -0.0189186 0.0912908 -0.000283495 0.000697938 0.000211946 -0.000283495 0.00968878 -0.0179817 -0.000276745 0.000697938 -0.0179817 0.0889567 
0.0104419 -0.0189124 0.000207518 -0.000260071 -0.0189124 0.0912715 -0.000266809 0.000668369 0.000207518 -0.000266809 0.00970887 -0.0179772 -0.000260071 0.000668369 -0.0179772 0.0889551 
0.0104186 -0.0189032 0.000226256 -0.000261272 -0.0189032 0.0912553 -0.000262619 0.000662608 0.000226256 -0.000262619 0.0097344 -0.0179901 -0.000261272 0.000662608 -0.0179901 0.0889564 
0.0103994 -0.0188841 0.000249112 -0.00028143 -0.0188841 0.0912424 -0.000274697 0.000680009 0.000249112 -0.000274697 0.00975847 -0.0180182 -0.00028143 0.000680009 -0.0180182 0.088995 
0.0103922 -0.0188641 0.000252452 -0.000304823 -0.0188641 0.0912078 -0.00029408 0.000718415 0.000252452 -0.00029408 0.00978924 -0.018053 -0.000304823 0.000718415 -0.018053 0.0890861 
0.0103888 -0.0188452 0.000254866 -0.000318245 -0.0188452 0.0911435 -0.000311503 0.000763249 0.000254866 -0.000311503 0.00976716 -0.0180779 -0.000318245 0.000763249 -0.0180779 0.0891491 
0.0103921 -0.0188358 0.000258247 -0.000308274 -0.0188358 0.0911059 -0.000306922 0.000757165 0.000258247 -0.000306922 0.00972957 -0.0180543 -0.000308274 0.000757165 -0.0180543 0.0891467 
0.0104012 -0.0188373 0.000252068 -0.000314407 -0.0188373 0.0910847 -0.000318473 0.000775177 0.000252068 -0.000318473 0.00969649 -0.0180147 -0.000314407 0.000775177 -0.0180147 0.0890762 
0.0104064 -0.0188482 0.000229145 -0.000309142 -0.0188482 0.0911074 -0.000315921 0.000771499 0.000229145 -0.000315921 0.0096756 -0.0179709 -0.000309142 0.000771499 -0.0179709 0.0889651 
0.0104079 -0.0188475 0.000209974 -0.00028719 -0.0188475 0.0911002 -0.000288545 0.000746423 0.000209974 -0.000288545 0.00968589 -0.0179643 -0.00028719 0.000746423 -0.0179643 0.0889273 
0.0103956 -0.0188319 0.000210162 -0.000261686 -0.0188319 0.0910693 -0.000257618 0.000671163 0.000210162 -0.000257618 0.00969593 -0.0179736 -0.000261686 0.000671163 -0.0179736 0.0889243 
0.0103913 -0.0188532 0.000200667 -0.000248122 -0.0188532 0.0911217 -0.000244054 0.000610136 0.000200667 -0.000244054 0.00969709 -0.0179529 -0.000248122 0.000610136 -0.0179529 0.0888588 
0.0103698 -0.0188353 0.00019246 -0.00025074 -0.0188353 0.0910986 -0.000254806 0.000613974 0.00019246 -0.000254806 0.00971516 -0.0179611 -0.00025074 0.000613974 -0.0179611 0.0888514 
0.0103731 -0.0188054 0.000171757 -0.000224501 -0.0188054 0.0910475 -0.000231264 0.000572073 0.000171757 -0.000231264 0.00971307 -0.0179858 -0.000224501 0.000572073 -0.0179858 0.0888945 
0.0103702 -0.0188049 0.000160957 -0.000201534 -0.0188049 0.0910108 -0.000206944 0.000516684 0.000160957 -0.000206944 0.00973178 -0.0180014 -0.000201534 0.000516684 -0.0180014 0.0889643 
0.0103773 -0.0188069 0.000170652 -0.000199094 -0.0188069 0.0910144 -0.000203157 0.000501121 0.000170652 -0.000203157 0.0097231 -0.0180173 -0.000199094 0.000501121 -0.0180173 0.0890018 
0.0103992 -0.0188088 0.000169059 -0.000213691 -0.0188088 0.0910025 -0.000220453 0.000526112 0.000169059 -0.000220453 0.00970941 -0.0180177 -0.000213691 0.000526112 -0.0180177 0.0890387 
0.0104176 -0.0188486 0.000178263 -0.000221478 -0.0188486 0.0910665 -0.00022823 0.000564498 0.000178263 -0.00022823 0.00970045 -0.0179897 -0.000221478 0.000564498 -0.0179897 0.0889868 
0.010432 -0.0188727 0.000178325 -0.000213449 -0.0188727 0.0911523 -0.000221555 0.000544431 0.000178325 -0.000221555 0.00968762 -0.017973 -0.000213449 0.000544431 -0.017973 0.088934 
0.010411 -0.0188909 0.000151669 -0.000199065 -0.0188909 0.0911962 -0.00020719 0.000499694 0.000151669 -0.00020719 0.0096946 -0.0179605 -0.000199065 0.000499694 -0.0179605 0.08889 
0.0103786 -0.0188572 0.000134258 -0.000176299 -0.0188572 0.0911547 -0.000181723 0.000452953 0.000134258 -0.000181723 0.00970593 -0.0179703 -0.000176299 0.000452953 -0.0179703 0.0888994 
0.0103667 -0.0188019 0.000134474 -0.000152132 -0.0188019 0.0910254 -0.000153491 0.000392556 0.000134474 -0.000153491 0.00970387 -0.0179992 -0.000152132 0.000392556 -0.0179992 0.0889635 
0.0103342 -0.0188074 0.000134776 -0.000162003 -0.0188074 0.0909928 -0.000160642 0.000390714 0.000134776 -0.000160642 0.00970794 -0.0179565 -0.000162003 0.000390714 -0.0179565 0.0888867 
0.0102928 -0.0187563 0.000133691 -0.000163703 -0.0187563 0.090892 -0.000166431 0.00039698 0.000133691 -0.000166431 0.00972532 -0.0179719 -0.000163703 0.00039698 -0.0179719 0.0888853 
0.0102763 -0.0186839 0.000166407 -0.00019505 -0.0186839 0.090723 -0.000189594 0.000474668 0.000166407 -0.000189594 0.00973206 -0.018006 -0.00019505 0.000474668 -0.018006 0.0889648 
0.0102938 -0.0186796 0.000197329 -0.000231351 -0.0186796 0.0906542 -0.000225908 0.000564769 0.000197329 -0.000225908 0.00970722 -0.0179937 -0.000231351 0.000564769 -0.0179937 0.0889545 
0.0103054 -0.0186889 0.000196954 -0.000255361 -0.0186889 0.0906353 -0.000247211 0.00062346 0.000196954 -0.000247211 0.00971049 -0.017988 -0.000255361 0.00062346 -0.017988 0.0889619 
0.0103183 -0.0187128 0.000210577 -0.000268995 -0.0187128 0.090696 -0.000259485 0.00066977 0.000210577 -0.000259485 0.00969739 -0.0179737 -0.000268995 0.00066977 -0.0179737 0.0889095 
0.0103295 -0.0187493 0.000212194 -0.000270683 -0.0187493 0.0907987 -0.000267963 0.000681469 0.000212194 -0.000267963 0.00967115 -0.0179386 -0.000270683 0.000681469 -0.0179386 0.0888209 
0.0103193 -0.0187513 0.000196506 -0.000257914 -0.0187513 0.0908159 -0.000259279 0.000656386 0.000196506 -0.000259279 0.00966565 -0.0179285 -0.000257914 0.000656386 -0.0179285 0.0887799 
0.010317 -0.0187374 0.00018148 -0.000234695 -0.0187374 0.0908121 -0.000233331 0.000594925 0.00018148 -0.000233331 0.00965253 -0.0179064 -0.000234695 0.000594925 -0.0179064 0.0887258 
0.0102884 -0.0187173 0.000173132 -0.000211303 -0.0187173 0.0907606 -0.000208576 0.000527575 0.000173132 -0.000208576 0.0096763 -0.0179048 -0.000211303 0.000527575 -0.0179048 0.088713 
0.010271 -0.0186878 0.000168066 -0.000215504 -0.0186878 0.0906905 -0.000214148 0.000524528 0.000168066 -0.000214148 0.00971258 -0.017937 -0.000215504 0.000524528 -0.017937 0.0887618 
0.0102871 -0.018687 0.000175617 -0.000213442 -0.018687 0.0906803 -0.000213442 0.000532253 0.000175617 -0.000213442 0.0097089 -0.0179602 -0.000213442 0.000532253 -0.0179602 0.0887985 
0.0102973 -0.0186917 0.000191641 -0.000236177 -0.0186917 0.0906798 -0.000232128 0.00058167 0.000191641 -0.000232128 0.00971429 -0.0179859 -0.000236177 0.00058167 -0.0179859 0.0888889 
0.0102992 -0.018707 0.00017564 -0.000231034 -0.018707 0.0907193 -0.000226981 0.000571505 0.00017564 -0.000226981 0.0097318 -0.0180071 -0.000231034 0.000571505 -0.0180071 0.0889683 
0.0103115 -0.0187165 0.000164963 -0.000219049 -0.0187165 0.0907606 -0.00021364 0.000547622 0.000164963 -0.00021364 0.00973145 -0.0180174 -0.000219049 0.000547622 -0.0180174 0.0890204 
0.0103394 -0.0187256 0.000161299 -0.000207384 -0.0187256 0.0907706 -0.00020874 0.000532693 0.000161299 -0.00020874 0.00969691 -0.0180221 -0.000207384 0.000532693 -0.0180221 0.0890546 
0.0103492 -0.0187767 0.000160473 -0.000203991 -0.0187767 0.0908727 -0.000210791 0.000523578 0.000160473 -0.000210791 0.00966375 -0.017954 -0.000203991 0.000523578 -0.017954 0.088928 
0.0103397 -0.0187705 0.000175642 -0.000201512 -0.0187705 0.0908913 -0.000211043 0.000514672 0.000175642 -0.000211043 0.00964805 -0.0179223 -0.000201512 0.000514672 -0.0179223 0.0888162 
0.0103436 -0.0187629 0.000168631 -0.000205349 -0.0187629 0.0908865 -0.000212148 0.000509972 0.000168631 -0.000212148 0.0096405 -0.0179048 -0.000205349 0.000509972 -0.0179048 0.0887514 
0.0103364 -0.0187484 0.000149704 -0.000191893 -0.0187484 0.0908323 -0.000193254 0.000468165 0.000149704 -0.000193254 0.00965183 -0.0179114 -0.000191893 0.000468165 -0.0179114 0.0887555 
0.0103128 -0.0187405 0.000152439 -0.000179661 -0.0187405 0.0908157 -0.000181022 0.000450512 0.000152439 -0.000181022 0.00967581 -0.0179184 -0.000179661 0.000450512 -0.0179184 0.0887591 
0.0103065 -0.0187413 0.000157559 -0.00019559 -0.0187413 0.090834 -0.000194232 0.000475393 0.000157559 -0.000194232 0.00969666 -0.017925 -0.00019559 0.000475393 -0.017925 0.0887477 
0.0103065 -0.018719 0.000156139 -0.000205017 -0.018719 0.0907927 -0.000202302 0.000503717 0.000156139 -0.000202302 0.00970097 -0.01796 -0.000205017 0.000503717 -0.01796 0.0888226 
0.010322 -0.0187264 0.000140933 -0.000192427 -0.0187264 0.0907891 -0.000191072 0.000487844 0.000140933 -0.000191072 0.00969319 -0.0179676 -0.000192427 0.000487844 -0.0179676 0.0888581 
0.0103372 -0.0187359 0.000111241 -0.000157365 -0.0187359 0.0907996 -0.000157365 0.000415118 0.000111241 -0.000157365 0.00969151 -0.0179749 -0.000157365 0.000415118 -0.0179749 0.0889031 
0.0103322 -0.0187447 9.37436e-05 -0.000129067 -0.0187447 0.0908023 -0.00013586 0.000353237 9.37436e-05 -0.00013586 0.0097045 -0.0179865 -0.000129067 0.000353237 -0.0179865 0.0889518 
0.0103595 -0.0187607 9.09923e-05 -0.000108648 -0.0187607 0.0908633 -0.00011408 0.000287916 9.09923e-05 -0.00011408 0.00969272 -0.0179784 -0.000108648 0.000287916 -0.0179784 0.0889429 
0.0103648 -0.0187951 0.000121329 -0.000121329 -0.0187951 0.0909247 -0.000129509 0.000308095 0.000121329 -0.000129509 0.00965727 -0.0179417 -0.000121329 0.000308095 -0.0179417 0.0888512 
0.0103504 -0.0187861 0.000149907 -0.000158084 -0.0187861 0.0909256 -0.000167624 0.000384308 0.000149907 -0.000167624 0.00966629 -0.0179248 -0.000158084 0.000384308 -0.0179248 0.0888119 
0.0103417 -0.018781 0.000157846 -0.000189143 -0.018781 0.0909276 -0.000191865 0.000455849 0.000157846 -0.000191865 0.00967217 -0.0179128 -0.000189143 0.000455849 -0.0179128 0.0887559 
0.0103381 -0.0187675 0.000167579 -0.000205727 -0.0187675 0.0908988 -0.000205727 0.000510912 0.000167579 -0.000205727 0.00967055 -0.0179242 -0.000205727 0.000510912 -0.0179242 0.0887516 
0.0103427 -0.0187613 0.000157967 -0.000211076 -0.0187613 0.0908758 -0.000212438 0.00052701 0.000157967 -0.000212438 0.00967001 -0.0179319 -0.000211076 0.00052701 -0.0179319 0.0887746 
0.0103622 -0.0187425 0.000160297 -0.00020105 -0.0187425 0.0908244 -0.00020105 0.000517568 0.000160297 -0.00020105 0.00967621 -0.0179627 -0.00020105 0.000517568 -0.0179627 0.0888696 
0.010379 -0.018776 0.000172644 -0.000209348 -0.018776 0.0908487 -0.000214785 0.000535603 0.000172644 -0.000214785 0.00967077 -0.0179536 -0.000209348 0.000535603 -0.0179536 0.0888843 
0.010386 -0.0188036 0.000161329 -0.000222335 -0.0188036 0.0909283 -0.000225047 0.000561261 0.000161329 -0.000225047 0.009677 -0.0179414 -0.000222335 0.000561261 -0.0179414 0.0888568 
0.0103997 -0.0188305 0.00013171 -0.000175161 -0.0188305 0.0910225 -0.000177877 0.000468453 0.00013171 -0.000177877 0.00966236 -0.0179275 -0.000175161 0.000468453 -0.0179275 0.088797 
0.0103856 -0.0188426 0.000126753 -0.000154012 -0.0188426 0.091062 -0.000152649 0.00040343 0.000126753 -0.000152649 0.00965097 -0.0179117 -0.000154012 0.00040343 -0.0179117 0.088745 
0.0103745 -0.0188169 0.000137618 -0.000155332 -0.0188169 0.0910352 -0.000147156 0.000378791 0.000137618 -0.000147156 0.00965508 -0.0179067 -0.000155332 0.000378791 -0.0179067 0.0887284 
0.0103603 -0.0187989 0.000147089 -0.00016888 -0.0187989 0.0909789 -0.000160709 0.000393601 0.000147089 -0.000160709 0.00965888 -0.0179054 -0.00016888 0.000393601 -0.0179054 0.0887167 
0.0103506 -0.0187862 0.000140685 -0.000178929 -0.0187862 0.0909331 -0.000176198 0.000420689 0.000140685 -0.000176198 0.00964853 -0.0178998 -0.000178929 0.000420689 -0.0178998 0.0886985 
0.0103573 -0.0187809 0.000151371 -0.000181372 -0.0187809 0.0909246 -0.000180008 0.000455475 0.000151371 -0.000180008 0.00963862 -0.0178863 -0.000181372 0.000455475 -0.0178863 0.0886704 
0.0103458 -0.0187837 0.000156611 -0.000200189 -0.0187837 0.0909213 -0.000196104 0.000495707 0.000156611 -0.000196104 0.00965403 -0.0178809 -0.000200189 0.000495707 -0.0178809 0.0886444 
0.0103235 -0.0187854 0.000157734 -0.000189009 -0.0187854 0.0909421 -0.00018493 0.000470484 0.000157734 -0.00018493 0.00968299 -0.0178865 -0.000189009 0.000470484 -0.0178865 0.0886291 
0.0103208 -0.0187474 0.000157279 -0.000187108 -0.0187474 0.0908802 -0.00018304 0.000454211 0.000157279 -0.00018304 0.00970792 -0.0179475 -0.000187108 0.000454211 -0.0179475 0.0887488 
0.0103438 -0.0187672 0.000140457 -0.000201231 -0.0187672 0.0909012 -0.000193128 0.000475392 0.000140457 -0.000193128 0.00971853 -0.0179677 -0.000201231 0.000475392 -0.0179677 0.0888295 
0.0103684 -0.0187628 0.000126839 -0.000183512 -0.0187628 0.0908777 -0.000180814 0.000466877 0.000126839 -0.000180814 0.0097167 -0.0180139 -0.000183512 0.000466877 -0.0180139 0.0889684 
0.0103858 -0.0187855 0.000132492 -0.000175755 -0.0187855 0.0908937 -0.000177107 0.000469131 0.000132492 -0.000177107 0.00970303 -0.0180203 -0.000175755 0.000469131 -0.0180203 0.0890497 
0.0103918 -0.0188134 0.000149055 -0.00016938 -0.0188134 0.0909585 -0.000178865 0.000443098 0.000149055 -0.000178865 0.0096777 -0.0179895 -0.00016938 0.000443098 -0.0179895 0.0890059 
0.0103947 -0.018838 0.000168511 -0.000192973 -0.018838 0.0910424 -0.000201127 0.000486509 0.000168511 -0.000201127 0.00964864 -0.0179356 -0.000192973 0.000486509 -0.0179356 0.0888762 
0.0103781 -0.0188239 0.000174308 -0.000201543 -0.0188239 0.0910295 -0.000206991 0.000502497 0.000174308 -0.000206991 0.00963323 -0.0179047 -0.000201543 0.000502497 -0.0179047 0.0887731 
0.0103638 -0.0187915 0.000168717 -0.000202732 -0.0187915 0.0909575 -0.000206814 0.000499348 0.000168717 -0.000206814 0.00964952 -0.0179098 -0.000202732 0.000499348 -0.0179098 0.0887655 
0.0103633 -0.0187962 0.000175373 -0.000202563 -0.0187962 0.0909588 -0.000205282 0.000505727 0.000175373 -0.000205282 0.00965367 -0.0178948 -0.000202563 0.000505727 -0.0178948 0.0887143 
0.0103831 -0.0188056 0.000172193 -0.000207445 -0.0188056 0.0909911 -0.000204733 0.000501664 0.000172193 -0.000204733 0.00965907 -0.0179013 -0.000207445 0.000501664 -0.0179013 0.0887051 
0.0103767 -0.0188323 0.000169709 -0.000199578 -0.0188323 0.0910349 -0.000194148 0.000476544 0.000169709 -0.000194148 0.00965443 -0.0178996 -0.000199578 0.000476544 -0.0178996 0.0886807 
0.0103583 -0.0188247 0.000175082 -0.000207655 -0.0188247 0.0910602 -0.000203584 0.000489958 0.000175082 -0.000203584 0.00968108 -0.0178991 -0.000207655 0.000489958 -0.0178991 0.0886851 
0.0103499 -0.0187904 0.000169515 -0.000216979 -0.0187904 0.0909902 -0.000211555 0.000515326 0.000169515 -0.000211555 0.00968541 -0.017936 -0.000216979 0.000515326 -0.017936 0.0887485 
0.0103377 -0.018756 0.000165838 -0.000212055 -0.018756 0.0908752 -0.000214774 0.000534216 0.000165838 -0.000214774 0.0096825 -0.0179703 -0.000212055 0.000534216 -0.0179703 0.0888553 
0.0103299 -0.018747 0.000159277 -0.000205562 -0.018747 0.0908259 -0.000209646 0.000524116 0.000159277 -0.000209646 0.00969002 -0.0179697 -0.000205562 0.000524116 -0.0179697 0.0889051 
0.0103256 -0.0187497 0.000154257 -0.000202035 -0.0187497 0.0908243 -0.0002034 0.000518739 0.000154257 -0.0002034 0.00967175 -0.0179443 -0.000202035 0.000518739 -0.0179443 0.0888477 
0.0103227 -0.0187414 0.000173456 -0.000221259 -0.0187414 0.0908185 -0.000222624 0.00056817 0.000173456 -0.000222624 0.00965753 -0.0179206 -0.000221259 0.00056817 -0.0179206 0.0887739 
0.0103362 -0.018725 0.000156712 -0.000223485 -0.018725 0.0907881 -0.000222122 0.000570977 0.000156712 -0.000222122 0.00965755 -0.0179251 -0.000223485 0.000570977 -0.0179251 0.0887876 
0.0103438 -0.0187527 0.000132263 -0.000179987 -0.0187527 0.0908074 -0.000184077 0.000488146 0.000132263 -0.000184077 0.00964975 -0.0179128 -0.000179987 0.000488146 -0.0179128 0.0887444 
0.0103776 -0.0187709 0.000132017 -0.000152432 -0.0187709 0.0908685 -0.000159237 0.000406939 0.000132017 -0.000159237 0.00963316 -0.0179026 -0.000152432 0.000406939 -0.0179026 0.0887154 
0.0103822 -0.01881 0.000143005 -0.000166158 -0.01881 0.0909431 -0.000168882 0.000403138 0.000143005 -0.000168882 0.00961812 -0.0178702 -0.000166158 0.000403138 -0.0178702 0.0886319 
0.0103664 -0.0188161 0.000139922 -0.0001766 -0.0188161 0.0909995 -0.000172525 0.000421124 0.000139922 -0.000172525 0.00964238 -0.017857 -0.0001766 0.000421124 -0.017857 0.0885991 
0.010358 -0.0188039 0.000123585 -0.000164327 -0.0188039 0.0909965 -0.000167043 0.000408781 0.000123585 -0.000167043 0.00964777 -0.0178791 -0.000164327 0.000408781 -0.0178791 0.0886009 
0.0103343 -0.0187868 0.000107493 -0.000149674 -0.0187868 0.0909567 -0.000152395 0.000382348 0.000107493 -0.000152395 0.0096594 -0.0178928 -0.000149674 0.000382348 -0.0178928 0.0886368 
0.0103224 -0.0187591 9.26508e-05 -0.000125351 -0.0187591 0.0909095 -0.000129439 0.000324278 9.26508e-05 -0.000129439 0.00966974 -0.0179116 -0.000125351 0.000324278 -0.0179116 0.088694 
0.0103143 -0.0187277 8.06873e-05 -0.000101201 -0.0187277 0.0908088 -0.000106671 0.000265311 8.06873e-05 -0.000106671 0.00965649 -0.0179304 -0.000101201 0.000265311 -0.0179304 0.0887642 
0.0103164 -0.0187165 7.79057e-05 -0.000113442 -0.0187165 0.0907341 -0.000116175 0.000282921 7.79057e-05 -0.000116175 0.0096521 -0.0179238 -0.000113442 0.000282921 -0.0179238 0.088792 
0.0103347 -0.0187024 8.19024e-05 -0.000107838 -0.0187024 0.0906892 -0.000105108 0.000275738 8.19024e-05 -0.000105108 0.00964674 -0.0179325 -0.000107838 0.000275738 -0.0179325 0.0888205 
0.0103403 -0.0187358 9.56045e-05 -0.000114725 -0.0187358 0.090726 -0.000109262 0.000288179 9.56045e-05 -0.000109262 0.00963967 -0.0179054 -0.000114725 0.000288179 -0.0179054 0.0887661 
0.0103346 -0.0187575 0.000100905 -0.000114541 -0.0187575 0.0907944 -0.000115905 0.000286353 0.000100905 -0.000115905 0.00963238 -0.0178739 -0.000114541 0.000286353 -0.0178739 0.088655 
0.0103307 -0.0187646 0.000107498 -0.000114302 -0.0187646 0.0908484 -0.000121106 0.000278951 0.000107498 -0.000121106 0.00962859 -0.0178502 -0.000114302 0.000278951 -0.0178502 0.0885569 
0.0103208 -0.0187268 0.000107594 -0.000134833 -0.0187268 0.0907738 -0.000140281 0.000322781 0.000107594 -0.000140281 0.00963033 -0.0178796 -0.000134833 0.000322781 -0.0178796 0.0886137 
0.0103135 -0.0187344 9.40197e-05 -0.000129447 -0.0187344 0.0907726 -0.00013081 0.000316124 9.40197e-05 -0.00013081 0.00962816 -0.0178651 -0.000129447 0.000316124 -0.0178651 0.0886047 
0.0102907 -0.0187225 8.44953e-05 -0.000124017 -0.0187225 0.0907547 -0.000121292 0.000312087 8.44953e-05 -0.000121292 0.00964609 -0.0178694 -0.000124017 0.000312087 -0.0178694 0.0886042 
0.0102676 -0.0187057 6.94214e-05 -0.000104813 -0.0187057 0.0907297 -0.000104813 0.000277686 6.94214e-05 -0.000104813 0.00966455 -0.0178753 -0.000104813 0.000277686 -0.0178753 0.0885953 
0.0102457 -0.0186687 6.9578e-05 -7.36709e-05 -0.0186687 0.0906574 -7.23066e-05 0.000203277 6.9578e-05 -7.23066e-05 0.00966316 -0.0178925 -7.36709e-05 0.000203277 -0.0178925 0.0886165 
0.0102667 -0.0186437 5.5901e-05 -7.90795e-05 -0.0186437 0.0905883 -8.0443e-05 0.000181338 5.5901e-05 -8.0443e-05 0.00963134 -0.0179006 -7.90795e-05 0.000181338 -0.0179006 0.0886468 
0.0102629 -0.0186643 4.77662e-05 -6.27785e-05 -0.0186643 0.0905812 -6.68727e-05 0.000162405 4.77662e-05 -6.68727e-05 0.00962285 -0.0178618 -6.27785e-05 0.000162405 -0.0178618 0.0885968 
0.0102528 -0.0186512 3.95702e-05 -4.91217e-05 -0.0186512 0.0905749 -5.45796e-05 0.000136449 3.95702e-05 -5.45796e-05 0.00962239 -0.0178489 -4.91217e-05 0.000136449 -0.0178489 0.0885514 
0.0102384 -0.0186329 4.22175e-05 -4.90268e-05 -0.0186329 0.0905238 -4.76649e-05 0.000125291 4.22175e-05 -4.76649e-05 0.00964329 -0.0178662 -4.90268e-05 0.000125291 -0.0178662 0.0885777 
0.0102164 -0.0186062 4.50183e-05 -5.45677e-05 -0.0186062 0.0904568 -5.7296e-05 0.000135055 4.50183e-05 -5.7296e-05 0.00965438 -0.0178886 -5.45677e-05 0.000135055 -0.0178886 0.0886288 
0.0102251 -0.0185742 3.96535e-05 -5.87965e-05 -0.0185742 0.0903661 -5.33271e-05 0.000140838 3.96535e-05 -5.33271e-05 0.00964399 -0.017922 -5.87965e-05 0.000140838 -0.017922 0.0887308 
0.0102317 -0.0185778 4.79977e-05 -4.66263e-05 -0.0185778 0.0903261 -4.79977e-05 0.000128908 4.79977e-05 -4.79977e-05 0.00963382 -0.0179182 -4.66263e-05 0.000128908 -0.0179182 0.0887751 
0.0102523 -0.0186156 6.70709e-05 -6.29645e-05 -0.0186156 0.0904116 -5.74894e-05 0.000139617 6.70709e-05 -5.74894e-05 0.00962399 -0.0178723 -6.29645e-05 0.000139617 -0.0178723 0.0886787 
0.0102896 -0.0186226 6.94873e-05 -9.53747e-05 -0.0186226 0.0904534 -9.40122e-05 0.000213912 6.94873e-05 -9.40122e-05 0.0096165 -0.0178814 -9.53747e-05 0.000213912 -0.0178814 0.0886767 
0.0103017 -0.0186774 7.08769e-05 -0.000102226 -0.0186774 0.0905589 -0.000102226 0.000260336 7.08769e-05 -0.000102226 0.00961746 -0.017861 -0.000102226 0.000260336 -0.017861 0.0886248 
0.0102912 -0.0187146 9.94514e-05 -0.000100814 -0.0187146 0.0906792 -9.94514e-05 0.000269745 9.94514e-05 -9.94514e-05 0.00963452 -0.0178454 -0.000100814 0.000269745 -0.0178454 0.0885567 
0.0102829 -0.0187079 0.000106403 -0.000105039 -0.0187079 0.0907237 -0.000100947 0.000237361 0.000106403 -0.000100947 0.00963903 -0.017858 -0.000105039 0.000237361 -0.017858 0.088552 
0.0102861 -0.0186923 0.000118686 -0.000132328 -0.0186923 0.0907005 -0.000125507 0.000289211 0.000118686 -0.000125507 0.00963947 -0.0178793 -0.000132328 0.000289211 -0.0178793 0.0886023 
0.0102824 -0.0187019 0.000108866 -0.0001633 -0.0187019 0.090713 -0.000152413 0.000371507 0.000108866 -0.000152413 0.00965918 -0.0178732 -0.0001633 0.000371507 -0.0178732 0.0886051 
0.0102753 -0.0187065 0.000101924 -0.000133181 -0.0187065 0.0907413 -0.000123668 0.000346543 0.000101924 -0.000123668 0.00968147 -0.0178911 -0.000133181 0.000346543 -0.0178911 0.0886213 
0.0102612 -0.0187079 0.000109927 -0.000122141 -0.0187079 0.0907642 -0.000120784 0.000309424 0.000109927 -0.000120784 0.00971699 -0.0179181 -0.000122141 0.000309424 -0.0179181 0.0886661 
0.01023 -0.0186865 0.000112971 -0.000146999 -0.0186865 0.090739 -0.00014836 0.000352524 0.000112971 -0.00014836 0.00972641 -0.0179406 -0.000146999 0.000352524 -0.0179406 0.0887136 
0.0102449 -0.0186367 9.92542e-05 -0.000137324 -0.0186367 0.0906341 -0.000137324 0.000342631 9.92542e-05 -0.000137324 0.00970652 -0.0179854 -0.000137324 0.000342631 -0.0179854 0.0888312 
0.0102669 -0.0186313 8.85779e-05 -0.000130823 -0.0186313 0.0905348 -0.000136274 0.000347498 8.85779e-05 -0.000136274 0.00967544 -0.0179813 -0.000130823 0.000347498 -0.0179813 0.0889009 
0.0102738 -0.0186727 6.14055e-05 -9.55197e-05 -0.0186727 0.0905909 -9.41551e-05 0.000259268 6.14055e-05 -9.41551e-05 0.00965431 -0.0179236 -9.55197e-05 0.000259268 -0.0179236 0.0888033 
0.0102685 -0.0186677 7.09487e-05 -7.36775e-05 -0.0186677 0.090596 -7.36775e-05 0.000206024 7.09487e-05 -7.36775e-05 0.00964766 -0.0178982 -7.36775e-05 0.000206024 -0.0178982 0.0887172 
0.0102484 -0.0186319 8.74416e-05 -8.47091e-05 -0.0186319 0.090513 -8.60753e-05 0.000202209 8.74416e-05 -8.60753e-05 0.00964317 -0.0179009 -8.47091e-05 0.000202209 -0.0179009 0.0886972 
0.0102037 -0.0185965 0.00010419 -0.000109673 -0.0185965 0.0904107 -0.000112415 0.000246765 0.00010419 -0.000112415 0.00966223 -0.0179042 -0.000109673 0.000246765 -0.0179042 0.0887135 
0.0101664 -0.0185698 0.000128967 -0.000145431 -0.0185698 0.0903467 -0.000152291 0.000349857 0.000128967 -0.000152291 0.00967388 -0.0178935 -0.000145431 0.000349857 -0.0178935 0.088666 
0.0101449 -0.0185256 0.000126314 -0.000162011 -0.0185256 0.0902622 -0.000168876 0.000400909 0.000126314 -0.000168876 0.00967399 -0.0178995 -0.000162011 0.000400909 -0.0178995 0.0886476 
0.0101448 -0.0184977 0.000118916 -0.00016539 -0.0184977 0.0901879 -0.000164023 0.000419625 0.000118916 -0.000164023 0.00968827 -0.0179126 -0.00016539 0.000419625 -0.0179126 0.0886761 
0.0101743 -0.0185099 0.000107513 -0.000155145 -0.0185099 0.0901843 -0.000152423 0.000406916 0.000107513 -0.000152423 0.00968161 -0.0179193 -0.000155145 0.000406916 -0.0179193 0.0886928 
0.0102019 -0.0185551 9.66556e-05 -0.000129328 -0.0185551 0.0902736 -0.000127967 0.000348505 9.66556e-05 -0.000127967 0.00966284 -0.0179085 -0.000129328 0.000348505 -0.0179085 0.0886686 
0.0102 -0.018582 9.43178e-05 -0.00012439 -0.018582 0.0903483 -0.000121656 0.000311659 9.43178e-05 -0.000121656 0.00965049 -0.0178971 -0.00012439 0.000311659 -0.0178971 0.0886533 
0.0102108 -0.0185686 8.3482e-05 -0.00011359 -0.0185686 0.0903495 -0.000109485 0.000277817 8.3482e-05 -0.000109485 0.00963054 -0.0178953 -0.00011359 0.000277817 -0.0178953 0.0886593 
0.0102055 -0.0185741 8.91009e-05 -9.73256e-05 -0.0185741 0.0903428 -9.32133e-05 0.000241258 8.91009e-05 -9.32133e-05 0.00962838 -0.017875 -9.73256e-05 0.000241258 -0.017875 0.0886335 
0.0101831 -0.0185803 9.61573e-05 -0.000105773 -0.0185803 0.0903631 -0.000107147 0.000243141 9.61573e-05 -0.000107147 0.00962672 -0.0178427 -0.000105773 0.000243141 -0.0178427 0.0885389 
0.0101518 -0.0185474 0.000123485 -0.000145438 -0.0185474 0.0903141 -0.00014681 0.000341642 0.000123485 -0.00014681 0.00964554 -0.0178422 -0.000145438 0.000341642 -0.0178422 0.0884934 
0.0101257 -0.0185152 0.000131859 -0.000179933 -0.0185152 0.0902329 -0.00018268 0.000440904 0.000131859 -0.00018268 0.00963946 -0.0178408 -0.000179933 0.000440904 -0.0178408 0.088446 
