0.00696652 0 2.61376e-05 0 0 0.009876 0 0 2.61376e-05 0 0.00698924 0 0 0 0 0.009876 
0.0095291 -0.0118293 2.66839e-06 -1.02798e-06 -0.0118293 0.0314233 -1.02798e-06 1.5892e-06 2.66839e-06 -1.02798e-06 0.00954725 -0.0118492 -1.02798e-06 1.5892e-06 -0.0118492 0.0314622 
0.00987624 -0.0183621 -1.87322e-05 9.78188e-05 -0.0183621 0.0676891 9.78188e-05 -0.000336815 -1.87322e-05 9.78188e-05 0.00982387 -0.0183311 9.78188e-05 -0.000336815 -0.0183311 0.0675745 
0.0093339 -0.0180696 4.51731e-06 0.000192524 -0.0180696 0.0809718 0.000184461 -0.000978073 4.51731e-06 0.000184461 0.00928749 -0.0179365 0.000192524 -0.000978073 -0.0179365 0.0805092 
0.00900576 -0.0169124 5.62797e-05 0.00013989 -0.0169124 0.0816328 0.000125966 -0.00110262 5.62797e-05 0.000125966 0.00899275 -0.0167908 0.00013989 -0.00110262 -0.0167908 0.0810593 
0.00968421 -0.0178924 0.000108523 2.9777e-05 -0.0178924 0.0879882 1.21972e-05 -0.000808366 0.000108523 1.21972e-05 0.00971544 -0.0178275 2.9777e-05 -0.000808366 -0.0178275 0.0875233 
0.00945301 -0.0173256 0.000104743 -6.03473e-05 -0.0173256 0.085542 -7.29886e-05 -0.000368364 0.000104743 -7.29886e-05 0.00944716 -0.017341 -6.03473e-05 -0.000368364 -0.017341 0.0853445 
0.0100809 -0.0184223 8.81687e-05 -7.12413e-05 -0.0184223 0.090942 -8.03936e-05 -0.000167033 8.81687e-05 -8.03936e-05 0.0100323 -0.0184054 -7.12413e-05 -0.000167033 -0.0184054 0.0908222 
0.00988424 -0.0180827 7.96295e-05 -3.58658e-05 -0.0180827 0.089179 -4.04702e-05 -0.00015038 7.96295e-05 -4.04702e-05 0.00983844 -0.0180152 -3.58658e-05 -0.00015038 -0.0180152 0.0890014 
0.00973617 -0.0178218 7.82342e-05 -1.47501e-05 -0.0178218 0.0878803 -1.68524e-05 -0.000206921 7.82342e-05 -1.68524e-05 0.00970868 -0.017749 -1.47501e-05 -0.000206921 -0.017749 0.0876542 
0.00961795 -0.0176314 6.88553e-05 -1.01e-05 -0.0176314 0.0869331 -1.19228e-05 -0.000244077 6.88553e-05 -1.19228e-05 0.00962617 -0.0175748 -1.01e-05 -0.000244077 -0.0175748 0.086713 
0.00957017 -0.0175855 6.38808e-05 -1.37196e-06 -0.0175855 0.086742 -4.2716e-07 -0.000272034 6.38808e-05 -4.2716e-07 0.00962621 -0.0175697 -1.37196e-06 -0.000272034 -0.0175697 0.0865877 
0.00956504 -0.0175894 6.99709e-05 4.10231e-07 -0.0175894 0.0868547 5.48615e-06 -0.000289026 6.99709e-05 5.48615e-06 0.00964638 -0.0176278 4.10231e-07 -0.000289026 -0.0176278 0.086806 
0.00956255 -0.017557 6.51712e-05 -6.03981e-06 -0.017557 0.0867606 -5.56535e-07 -0.000286166 6.51712e-05 -5.56535e-07 0.00962135 -0.017624 -6.03981e-06 -0.000286166 -0.017624 0.0868005 
0.00959436 -0.0175403 7.12995e-05 -7.62007e-06 -0.0175403 0.0866516 -5.26322e-06 -0.000265239 7.12995e-05 -5.26322e-06 0.00956519 -0.0175794 -7.62007e-06 -0.000265239 -0.0175794 0.086677 
0.00959858 -0.0176269 7.12093e-05 -1.76927e-05 -0.0176269 0.0869001 -1.76087e-05 -0.000234339 7.12093e-05 -1.76087e-05 0.00958822 -0.0175539 -1.76927e-05 -0.000234339 -0.0175539 0.0867271 
0.00957368 -0.0175776 6.54947e-05 -2.01658e-05 -0.0175776 0.0867414 -1.77383e-05 -0.000212894 6.54947e-05 -1.77383e-05 0.00957068 -0.0175113 -2.01658e-05 -0.000212894 -0.0175113 0.0864571 
0.00954587 -0.0175108 4.9401e-05 -1.22415e-05 -0.0175108 0.0864401 -5.04654e-06 -0.000223956 4.9401e-05 -5.04654e-06 0.00953701 -0.0174654 -1.22415e-05 -0.000223956 -0.0174654 0.0861788 
0.00949505 -0.0174122 3.48453e-05 1.05303e-05 -0.0174122 0.085926 2.04982e-05 -0.000273026 3.48453e-05 2.04982e-05 0.00947014 -0.0173587 1.05303e-05 -0.000273026 -0.0173587 0.0856664 
0.00947425 -0.0173899 3.15485e-05 2.88893e-05 -0.0173899 0.0857879 3.49445e-05 -0.00031994 3.15485e-05 3.49445e-05 0.0094529 -0.0173158 2.88893e-05 -0.00031994 -0.0173158 0.0854896 
0.0094225 -0.0173427 5.20489e-05 3.4914e-05 -0.0173427 0.0855653 3.35405e-05 -0.000338871 5.20489e-05 3.35405e-05 0.00945239 -0.0172631 3.4914e-05 -0.000338871 -0.0172631 0.0852246 
0.00936993 -0.0172088 5.58047e-05 1.29011e-05 -0.0172088 0.0850125 3.49072e-06 -0.000301097 5.58047e-05 3.49072e-06 0.00939089 -0.017193 1.29011e-05 -0.000301097 -0.017193 0.0847594 
0.00935801 -0.0171642 5.38521e-05 7.1373e-06 -0.0171642 0.0847612 -2.28628e-06 -0.00026852 5.38521e-05 -2.28628e-06 0.00934835 -0.0171495 7.1373e-06 -0.00026852 -0.0171495 0.0845738 
0.00936006 -0.0171862 4.90745e-05 8.54052e-06 -0.0171862 0.0848131 2.3382e-06 -0.000264006 4.90745e-05 2.3382e-06 0.0093408 -0.0171408 8.54052e-06 -0.000264006 -0.0171408 0.0846029 
0.00932805 -0.0171261 4.84353e-05 7.32259e-06 -0.0171261 0.0845396 4.00519e-06 -0.00025681 4.84353e-05 4.00519e-06 0.00931338 -0.0170775 7.32259e-06 -0.00025681 -0.0170775 0.0843227 
0.00932866 -0.0171301 6.23271e-05 4.65625e-06 -0.0171301 0.0845767 4.77277e-06 -0.00024995 6.23271e-05 4.77277e-06 0.00933279 -0.0171009 4.65625e-06 -0.00024995 -0.0171009 0.0844121 
0.00935194 -0.017155 6.97218e-05 -1.19135e-05 -0.017155 0.0847183 -9.9142e-06 -0.000223818 6.97218e-05 -9.9142e-06 0.00934436 -0.0171568 -1.19135e-05 -0.000223818 -0.0171568 0.0846407 
0.00936533 -0.0172084 5.6696e-05 -2.31505e-05 -0.0172084 0.0849382 -2.38428e-05 -0.000186018 5.6696e-05 -2.38428e-05 0.00936192 -0.017186 -2.31505e-05 -0.000186018 -0.017186 0.0848534 
0.00935612 -0.0172017 3.76905e-05 -8.01117e-06 -0.0172017 0.0849461 -6.9533e-06 -0.000194401 3.76905e-05 -6.9533e-06 0.00937112 -0.0171769 -8.01117e-06 -0.000194401 -0.0171769 0.0848365 
0.00934727 -0.0171704 3.51329e-05 1.64338e-05 -0.0171704 0.0848373 2.49925e-05 -0.000251088 3.51329e-05 2.49925e-05 0.009372 -0.0171712 1.64338e-05 -0.000251088 -0.0171712 0.0847621 
0.00939498 -0.0172474 5.25819e-05 1.69873e-05 -0.0172474 0.0851985 3.1195e-05 -0.000285223 5.25819e-05 3.1195e-05 0.00940415 -0.0172537 1.69873e-05 -0.000285223 -0.0172537 0.0851393 
0.00942517 -0.0173073 6.79003e-05 -1.14482e-06 -0.0173073 0.0854579 1.06156e-05 -0.000267707 6.79003e-05 1.06156e-05 0.00942848 -0.0172874 -1.14482e-06 -0.000267707 -0.0172874 0.0853479 
0.00942102 -0.0173179 7.92396e-05 -1.85928e-05 -0.0173179 0.0854993 -1.22455e-05 -0.000222221 7.92396e-05 -1.22455e-05 0.00943042 -0.0172811 -1.85928e-05 -0.000222221 -0.0172811 0.0853207 
0.0094393 -0.0173095 8.29549e-05 -2.85885e-05 -0.0173095 0.0854975 -3.0275e-05 -0.00018155 8.29549e-05 -3.0275e-05 0.00941285 -0.0172836 -2.85885e-05 -0.00018155 -0.0172836 0.0853087 
0.00946047 -0.0173631 7.66206e-05 -3.0141e-05 -0.0173631 0.0856859 -3.64862e-05 -0.000160928 7.66206e-05 -3.64862e-05 0.00942266 -0.017294 -3.0141e-05 -0.000160928 -0.017294 0.0854332 
0.00945371 -0.0173782 7.3719e-05 -2.31286e-05 -0.0173782 0.085746 -2.79796e-05 -0.00016735 7.3719e-05 -2.79796e-05 0.00943297 -0.0172785 -2.31286e-05 -0.00016735 -0.0172785 0.0853902 
0.00941123 -0.0173269 6.31367e-05 -1.71313e-05 -0.0173269 0.0855455 -1.71854e-05 -0.000190838 6.31367e-05 -1.71854e-05 0.00942549 -0.017246 -1.71313e-05 -0.000190838 -0.017246 0.0851751 
0.00934385 -0.0171924 5.01888e-05 -8.94304e-06 -0.0171924 0.0849828 -6.67598e-06 -0.000210016 5.01888e-05 -6.67598e-06 0.00937545 -0.0171694 -8.94304e-06 -0.000210016 -0.0171694 0.084722 
0.00931182 -0.0171279 3.51264e-05 9.10954e-06 -0.0171279 0.0847085 5.87272e-06 -0.000243005 3.51264e-05 5.87272e-06 0.00936095 -0.0171499 9.10954e-06 -0.000243005 -0.0171499 0.084603 
0.00929518 -0.0170766 1.24555e-05 2.7261e-05 -0.0170766 0.0844665 2.03507e-05 -0.00027894 1.24555e-05 2.03507e-05 0.00933877 -0.0171222 2.7261e-05 -0.00027894 -0.0171222 0.0844662 
0.00931793 -0.0171159 3.53958e-06 5.19843e-05 -0.0171159 0.0846104 4.31897e-05 -0.000325352 3.53958e-06 4.31897e-05 0.0093403 -0.0171433 5.19843e-05 -0.000325352 -0.0171433 0.0846084 
0.00934984 -0.0171722 1.30894e-05 6.35757e-05 -0.0171722 0.0848497 5.41495e-05 -0.000362419 1.30894e-05 5.41495e-05 0.00934259 -0.0171608 6.35757e-05 -0.000362419 -0.0171608 0.0847637 
0.00936177 -0.0171527 2.38785e-05 4.89206e-05 -0.0171527 0.084731 3.88764e-05 -0.000346605 2.38785e-05 3.88764e-05 0.00930133 -0.0171037 4.89206e-05 -0.000346605 -0.0171037 0.0845442 
0.00935473 -0.0171476 2.19716e-05 3.6995e-05 -0.0171476 0.0845963 2.98879e-05 -0.000320249 2.19716e-05 2.98879e-05 0.00927288 -0.0170307 3.6995e-05 -0.000320249 -0.0170307 0.0842602 
0.010133 -0.0186273 3.77177e-05 3.99116e-05 -0.0186273 0.0918649 3.58603e-05 -0.000337905 3.77177e-05 3.58603e-05 0.0100862 -0.0184768 3.99116e-05 -0.000337905 -0.0184768 0.0913927 
0.00930258 -0.0171501 4.79207e-05 2.57446e-05 -0.0171501 0.0846751 2.25696e-05 -0.000300771 4.79207e-05 2.25696e-05 0.00932478 -0.0170678 2.57446e-05 -0.000300771 -0.0170678 0.0843101 
0.00928419 -0.0170986 5.74577e-05 6.87981e-06 -0.0170986 0.084575 3.72051e-06 -0.000261757 5.74577e-05 3.72051e-06 0.00934676 -0.0171063 6.87981e-06 -0.000261757 -0.0171063 0.0844112 
0.0092825 -0.0170652 5.02361e-05 -8.4407e-06 -0.0170652 0.0844552 -1.12025e-05 -0.000216086 5.02361e-05 -1.12025e-05 0.00935437 -0.0171353 -8.4407e-06 -0.000216086 -0.0171353 0.0844977 
0.0100957 -0.018495 5.33967e-05 -1.29468e-06 -0.018495 0.091483 -5.86784e-06 -0.000222689 5.33967e-05 -5.86784e-06 0.0101329 -0.0185814 -1.29468e-06 -0.000222689 -0.0185814 0.0916303 
0.0101142 -0.0185747 5.24106e-05 5.66136e-06 -0.0185747 0.0916994 1.39883e-06 -0.000240954 5.24106e-05 1.39883e-06 0.0101537 -0.018602 5.66136e-06 -0.000240954 -0.018602 0.0917761 
0.00932949 -0.0171576 4.20807e-05 9.48457e-06 -0.0171576 0.0847184 8.34617e-06 -0.000245638 4.20807e-05 8.34617e-06 0.00937568 -0.0171813 9.48457e-06 -0.000245638 -0.0171813 0.0847395 
0.00934397 -0.0171864 2.37471e-05 1.99197e-05 -0.0171864 0.0849243 1.6165e-05 -0.000271975 2.37471e-05 1.6165e-05 0.00940258 -0.0172337 1.99197e-05 -0.000271975 -0.0172337 0.0849844 
0.00936572 -0.0171982 2.09822e-05 4.20116e-05 -0.0171982 0.0850183 3.81443e-05 -0.000316112 2.09822e-05 3.81443e-05 0.00940964 -0.0172624 4.20116e-05 -0.000316112 -0.0172624 0.0851294 
0.00942174 -0.0172473 4.2144e-05 4.81998e-05 -0.0172473 0.0852295 4.66779e-05 -0.000355179 4.2144e-05 4.66779e-05 0.00940874 -0.0173065 4.81998e-05 -0.000355179 -0.0173065 0.0853723 
0.00945458 -0.0172792 5.93156e-05 2.42773e-05 -0.0172792 0.0852634 2.27054e-05 -0.000334847 5.93156e-05 2.27054e-05 0.00938546 -0.0172754 2.42773e-05 -0.000334847 -0.0172754 0.0853276 
0.00945681 -0.017324 6.35833e-05 6.78572e-07 -0.017324 0.0853481 -3.94437e-06 -0.000277082 6.35833e-05 -3.94437e-06 0.00938263 -0.0172323 6.78572e-07 -0.000277082 -0.0172323 0.0852121 
0.00945302 -0.0173307 5.63228e-05 -2.20761e-06 -0.0173307 0.0853993 -9.06975e-06 -0.000248253 5.63228e-05 -9.06975e-06 0.00938304 -0.0172245 -2.20761e-06 -0.000248253 -0.0172245 0.0851422 
0.00941595 -0.0172777 3.35715e-05 6.25762e-06 -0.0172777 0.0851766 2.41185e-06 -0.000257304 3.35715e-05 2.41185e-06 0.00936291 -0.0171846 6.25762e-06 -0.000257304 -0.0171846 0.0849132 
0.00944094 -0.0173061 3.18857e-05 3.2643e-05 -0.0173061 0.085381 3.79775e-05 -0.000317306 3.18857e-05 3.79775e-05 0.00938304 -0.0172502 3.2643e-05 -0.000317306 -0.0172502 0.0852015 
0.00942657 -0.0173112 4.22739e-05 3.59307e-05 -0.0173112 0.0854069 4.53035e-05 -0.00035909 4.22739e-05 4.53035e-05 0.00940354 -0.0172588 3.59307e-05 -0.00035909 -0.0172588 0.085287 
0.00940536 -0.0172633 4.58342e-05 1.74227e-05 -0.0172633 0.0852527 2.20505e-05 -0.000329815 4.58342e-05 2.20505e-05 0.00940387 -0.0172562 1.74227e-05 -0.000329815 -0.0172562 0.0852262 
0.00936818 -0.0172232 6.08273e-05 1.16673e-05 -0.0172232 0.0850656 8.17973e-06 -0.000288254 6.08273e-05 8.17973e-06 0.00941618 -0.0172371 1.16673e-05 -0.000288254 -0.0172371 0.0851141 
0.00934833 -0.0172284 5.53279e-05 -4.0909e-06 -0.0172284 0.0851607 -9.83569e-06 -0.000247019 5.53279e-05 -9.83569e-06 0.00945778 -0.0172979 -4.0909e-06 -0.000247019 -0.0172979 0.0853156 
0.00931292 -0.0171927 4.66763e-05 -1.83976e-06 -0.0171927 0.0851025 -3.6014e-06 -0.000231161 4.66763e-05 -3.6014e-06 0.00948218 -0.0173286 -1.83976e-06 -0.000231161 -0.0173286 0.0853954 
0.00933657 -0.017193 5.40432e-05 6.10002e-06 -0.017193 0.0852359 9.9598e-06 -0.000244961 5.40432e-05 9.9598e-06 0.00949534 -0.0174056 6.10002e-06 -0.000244961 -0.0174056 0.0857052 
0.00933682 -0.0171407 5.38219e-05 -1.37701e-06 -0.0171407 0.0849601 -8.61811e-07 -0.000238167 5.38219e-05 -8.61811e-07 0.00944045 -0.0173512 -1.37701e-06 -0.000238167 -0.0173512 0.0855139 
0.00934153 -0.0171279 4.84127e-05 -2.85386e-06 -0.0171279 0.0847921 -1.00409e-05 -0.000215275 4.84127e-05 -1.00409e-05 0.0093872 -0.0172755 -2.85386e-06 -0.000215275 -0.0172755 0.0852742 
0.00929816 -0.0170694 5.85493e-05 3.22738e-06 -0.0170694 0.0844027 -8.55098e-06 -0.000205737 5.85493e-05 -8.55098e-06 0.00933291 -0.0171357 3.22738e-06 -0.000205737 -0.0171357 0.0847058 
0.0100289 -0.0184246 5.76065e-05 -7.00823e-06 -0.0184246 0.0910931 -1.94363e-05 -0.000207427 5.76065e-05 -1.94363e-05 0.0100859 -0.0184729 -7.00823e-06 -0.000207427 -0.0184729 0.0912902 
0.00999039 -0.0183659 3.9467e-05 2.38568e-08 -0.0183659 0.0908196 -9.2992e-06 -0.000212909 3.9467e-05 -9.2992e-06 0.0100755 -0.018442 2.38568e-08 -0.000212909 -0.018442 0.0910242 
0.010001 -0.0183514 2.81885e-05 1.83492e-05 -0.0183514 0.0907867 1.52087e-05 -0.000250528 2.81885e-05 1.52087e-05 0.0100703 -0.0184822 1.83492e-05 -0.000250528 -0.0184822 0.0911191 
0.0100402 -0.0184113 1.00541e-05 2.99877e-05 -0.0184113 0.0910166 3.44346e-05 -0.000295493 1.00541e-05 3.44346e-05 0.0100719 -0.0185261 2.99877e-05 -0.000295493 -0.0185261 0.0913888 
0.0100436 -0.0184695 1.88566e-05 4.65056e-05 -0.0184695 0.0912416 5.72166e-05 -0.000339863 1.88566e-05 5.72166e-05 0.0100882 -0.0185329 4.65056e-05 -0.000339863 -0.0185329 0.0915332 
0.0100537 -0.0184845 3.33704e-05 3.76937e-05 -0.0184845 0.091397 4.75427e-05 -0.000346523 3.33704e-05 4.75427e-05 0.010099 -0.0185531 3.76937e-05 -0.000346523 -0.0185531 0.0916414 
0.0100632 -0.0185111 1.36319e-05 1.89303e-05 -0.0185111 0.0915619 2.33891e-05 -0.000304993 1.36319e-05 2.33891e-05 0.0101267 -0.0185866 1.89303e-05 -0.000304993 -0.0185866 0.0918138 
0.00929155 -0.0170648 1.51969e-05 3.93217e-05 -0.0170648 0.0844366 3.94194e-05 -0.000289061 1.51969e-05 3.94194e-05 0.00933893 -0.0171469 3.93217e-05 -0.000289061 -0.0171469 0.0846814 
0.00932203 -0.0171447 3.63628e-05 3.88611e-05 -0.0171447 0.0847842 3.75146e-05 -0.000301104 3.63628e-05 3.75146e-05 0.0093922 -0.0172103 3.88611e-05 -0.000301104 -0.0172103 0.0850057 
0.00934748 -0.0171658 5.89405e-05 1.6779e-05 -0.0171658 0.0849194 1.52518e-05 -0.000275353 5.89405e-05 1.52518e-05 0.00941343 -0.0172549 1.6779e-05 -0.000275353 -0.0172549 0.0851535 
0.00932471 -0.0171089 7.55367e-05 -5.35737e-06 -0.0171089 0.084594 -5.31938e-06 -0.000234995 7.55367e-05 -5.31938e-06 0.00938275 -0.0171944 -5.35737e-06 -0.000234995 -0.0171944 0.0848341 
0.00935092 -0.0171837 7.20906e-05 -2.67996e-05 -0.0171837 0.0849094 -2.29978e-05 -0.000191685 7.20906e-05 -2.29978e-05 0.00941819 -0.0172632 -2.67996e-05 -0.000191685 -0.0172632 0.0851468 
0.00935998 -0.0171951 5.80468e-05 -2.74844e-05 -0.0171951 0.0850107 -1.98939e-05 -0.000173363 5.80468e-05 -1.98939e-05 0.00943948 -0.017297 -2.74844e-05 -0.000173363 -0.017297 0.0852931 
0.00940092 -0.0172211 5.03642e-05 -8.56046e-06 -0.0172211 0.0851371 5.58815e-06 -0.000211387 5.03642e-05 5.58815e-06 0.00944191 -0.0173311 -8.56046e-06 -0.000211387 -0.0173311 0.0854449 
0.0094695 -0.0173564 5.30157e-05 2.75267e-06 -0.0173564 0.0856854 2.07814e-05 -0.000258114 5.30157e-05 2.07814e-05 0.0094847 -0.0174118 2.75267e-06 -0.000258114 -0.0174118 0.0859082 
0.00953223 -0.0174744 5.48383e-05 2.04785e-06 -0.0174744 0.0862228 1.6478e-05 -0.000275502 5.48383e-05 1.6478e-05 0.00951612 -0.0174809 2.04785e-06 -0.000275502 -0.0174809 0.086299 
0.00954838 -0.0174795 5.22569e-05 3.2188e-06 -0.0174795 0.0862332 9.10169e-06 -0.000272551 5.22569e-05 9.10169e-06 0.00948434 -0.017445 3.2188e-06 -0.000272551 -0.017445 0.0861787 
0.00957492 -0.0174855 5.28328e-05 1.02231e-05 -0.0174855 0.0861953 7.50495e-06 -0.000275299 5.28328e-05 7.50495e-06 0.00944052 -0.0173859 1.02231e-05 -0.000275299 -0.0173859 0.0859774 
0.00957594 -0.0175037 4.15558e-05 1.40683e-05 -0.0175037 0.0861612 3.44952e-06 -0.000277987 4.15558e-05 3.44952e-06 0.00941808 -0.017317 1.40683e-05 -0.000277987 -0.017317 0.0857332 
0.00957061 -0.0175235 1.50175e-05 2.77897e-05 -0.0175235 0.0862401 1.23107e-05 -0.000292819 1.50175e-05 1.23107e-05 0.00942779 -0.017311 2.77897e-05 -0.000292819 -0.017311 0.0856839 
0.00959131 -0.0175569 -6.37316e-06 6.21384e-05 -0.0175569 0.0864493 4.59078e-05 -0.000355143 -6.37316e-06 4.59078e-05 0.009465 -0.0173612 6.21384e-05 -0.000355143 -0.0173612 0.0858759 
0.00956469 -0.0175641 4.6988e-06 9.2598e-05 -0.0175641 0.0864847 7.93325e-05 -0.000442658 4.6988e-06 7.93325e-05 0.00951224 -0.0173856 9.2598e-05 -0.000442658 -0.0173856 0.0859406 
0.0095292 -0.0175081 2.96549e-05 7.89605e-05 -0.0175081 0.0863382 7.22517e-05 -0.000468352 2.96549e-05 7.22517e-05 0.00953501 -0.0174231 7.89605e-05 -0.000468352 -0.0174231 0.0859552 
0.00951797 -0.0174608 4.68925e-05 4.32911e-05 -0.0174608 0.0861952 4.32662e-05 -0.000419563 4.68925e-05 4.32662e-05 0.00954078 -0.0174642 4.32911e-05 -0.000419563 -0.0174642 0.086051 
0.00950578 -0.0174461 3.84386e-05 1.66867e-05 -0.0174461 0.086123 2.14686e-05 -0.000354508 3.84386e-05 2.14686e-05 0.00954576 -0.0174857 1.66867e-05 -0.000354508 -0.0174857 0.0861556 
0.00948036 -0.0174294 2.01182e-05 2.39356e-05 -0.0174294 0.0860598 3.48819e-05 -0.000343112 2.01182e-05 3.48819e-05 0.00955629 -0.0174867 2.39356e-05 -0.000343112 -0.0174867 0.0861806 
0.00949338 -0.0174177 2.86074e-05 4.57457e-05 -0.0174177 0.0860817 5.58186e-05 -0.000377713 2.86074e-05 5.58186e-05 0.00955677 -0.0175167 4.57457e-05 -0.000377713 -0.0175167 0.0862953 
0.00950512 -0.0174276 4.11937e-05 4.10517e-05 -0.0174276 0.0860898 4.63109e-05 -0.000389111 4.11937e-05 4.63109e-05 0.00954097 -0.0175111 4.10517e-05 -0.000389111 -0.0175111 0.0863212 
0.00950078 -0.0174117 4.55199e-05 2.41243e-05 -0.0174117 0.0859672 2.75874e-05 -0.000357422 4.55199e-05 2.75874e-05 0.00950739 -0.0174534 2.41243e-05 -0.000357422 -0.0174534 0.086119 
0.00948576 -0.0174186 3.38889e-05 1.63123e-05 -0.0174186 0.0859618 2.07853e-05 -0.000327007 3.38889e-05 2.07853e-05 0.00950968 -0.01742 1.63123e-05 -0.000327007 -0.01742 0.0860076 
0.00943649 -0.0173142 2.79405e-05 3.09639e-05 -0.0173142 0.0855051 3.43064e-05 -0.000335158 2.79405e-05 3.43064e-05 0.00946023 -0.0173354 3.09639e-05 -0.000335158 -0.0173354 0.0855367 
0.00939557 -0.0172231 3.93198e-05 4.0183e-05 -0.0172231 0.0850532 3.9038e-05 -0.000353167 3.93198e-05 3.9038e-05 0.00941105 -0.0172521 4.0183e-05 -0.000353167 -0.0172521 0.0851092 
0.00936346 -0.0171598 5.84513e-05 3.06112e-05 -0.0171598 0.0846975 2.70828e-05 -0.00034775 5.84513e-05 2.70828e-05 0.00935944 -0.0171758 3.06112e-05 -0.00034775 -0.0171758 0.0847391 
0.00937512 -0.0171564 7.08546e-05 2.72716e-06 -0.0171564 0.0846354 1.05169e-06 -0.000295958 7.08546e-05 1.05169e-06 0.00932382 -0.0171412 2.72716e-06 -0.000295958 -0.0171412 0.0846137 
0.00943222 -0.0172264 7.99836e-05 -1.42971e-05 -0.0172264 0.0848908 -1.46459e-05 -0.000244119 7.99836e-05 -1.46459e-05 0.00930807 -0.0171482 -1.42971e-05 -0.000244119 -0.0171482 0.0847349 
0.00950085 -0.0173641 0.000106403 -2.86784e-05 -0.0173641 0.0854396 -2.97727e-05 -0.000197051 0.000106403 -2.97727e-05 0.0093348 -0.017186 -2.86784e-05 -0.000197051 -0.017186 0.0850473 
0.00951238 -0.0174401 0.000103794 -6.05012e-05 -0.0174401 0.0857639 -6.07038e-05 -0.000131778 0.000103794 -6.07038e-05 0.00936624 -0.0171954 -6.05012e-05 -0.000131778 -0.0171954 0.0851427 
0.00951213 -0.0174855 8.05555e-05 -6.23711e-05 -0.0174855 0.0860716 -6.12513e-05 -9.35693e-05 8.05555e-05 -6.12513e-05 0.00941435 -0.0172546 -6.23711e-05 -9.35693e-05 -0.0172546 0.0853692 
0.00945787 -0.0174197 4.45624e-05 -3.58746e-05 -0.0174197 0.0858918 -3.07755e-05 -0.000124856 4.45624e-05 -3.07755e-05 0.0094408 -0.0172549 -3.58746e-05 -0.000124856 -0.0172549 0.0852809 
0.009428 -0.017337 1.38993e-05 3.41051e-06 -0.017337 0.0856451 1.2335e-05 -0.000203155 1.38993e-05 1.2335e-05 0.00944265 -0.0172858 3.41051e-06 -0.000203155 -0.0172858 0.0852766 
0.00939335 -0.0172488 1.69176e-05 4.79032e-05 -0.0172488 0.0852528 5.36049e-05 -0.000310873 1.69176e-05 5.36049e-05 0.00942129 -0.0172643 4.79032e-05 -0.000310873 -0.0172643 0.0851324 
0.00938578 -0.0172296 2.30647e-05 5.29705e-05 -0.0172296 0.0851477 5.23103e-05 -0.000367226 2.30647e-05 5.23103e-05 0.00940968 -0.0172754 5.29705e-05 -0.000367226 -0.0172754 0.0851882 
0.00936309 -0.0172359 2.8426e-05 4.89026e-05 -0.0172359 0.0851541 3.98332e-05 -0.000368102 2.8426e-05 3.98332e-05 0.00942693 -0.0172655 4.89026e-05 -0.000368102 -0.0172655 0.0852195 
0.0093434 -0.0172069 3.36962e-05 4.44484e-05 -0.0172069 0.0851058 2.93661e-05 -0.000352964 3.36962e-05 2.93661e-05 0.00944468 -0.0172758 4.44484e-05 -0.000352964 -0.0172758 0.0852227 
0.00934498 -0.0171965 3.58107e-05 3.39625e-05 -0.0171965 0.0851188 2.01862e-05 -0.000326819 3.58107e-05 2.01862e-05 0.00946377 -0.0173177 3.39625e-05 -0.000326819 -0.0173177 0.0853572 
0.00933089 -0.0171391 4.84816e-05 2.88627e-05 -0.0171391 0.0848486 1.51191e-05 -0.00030457 4.84816e-05 1.51191e-05 0.00944453 -0.0172925 2.88627e-05 -0.00030457 -0.0172925 0.0852038 
0.00936016 -0.0171805 5.92704e-05 6.9411e-06 -0.0171805 0.0850007 -4.80525e-06 -0.000257232 5.92704e-05 -4.80525e-06 0.0094539 -0.0173375 6.9411e-06 -0.000257232 -0.0173375 0.08542 
0.0093934 -0.0172524 3.91297e-05 -7.05041e-06 -0.0172524 0.085316 -1.29858e-05 -0.000221108 3.91297e-05 -1.29858e-05 0.00948885 -0.0173965 -7.05041e-06 -0.000221108 -0.0173965 0.0857553 
0.00936421 -0.0171871 3.04308e-05 1.80309e-05 -0.0171871 0.0850051 1.70011e-05 -0.00025087 3.04308e-05 1.70011e-05 0.00945795 -0.0173377 1.80309e-05 -0.00025087 -0.0173377 0.0854677 
0.00935879 -0.0171526 3.79582e-05 3.35038e-05 -0.0171526 0.0848042 3.37141e-05 -0.000303857 3.79582e-05 3.37141e-05 0.00943276 -0.017298 3.35038e-05 -0.000303857 -0.017298 0.0852732 
0.00938934 -0.017192 3.82123e-05 2.6519e-05 -0.017192 0.084922 2.76128e-05 -0.000318984 3.82123e-05 2.76128e-05 0.00941571 -0.0173075 2.6519e-05 -0.000318984 -0.0173075 0.0853377 
0.009429 -0.0172388 3.21071e-05 2.29682e-05 -0.0172388 0.0850697 2.49403e-05 -0.000313681 3.21071e-05 2.49403e-05 0.00938888 -0.0172869 2.29682e-05 -0.000313681 -0.0172869 0.0853417 
0.00943243 -0.0172647 4.27615e-05 2.82497e-05 -0.0172647 0.0850908 3.52895e-05 -0.000323476 4.27615e-05 3.52895e-05 0.00938853 -0.0172233 2.82497e-05 -0.000323476 -0.0172233 0.0851439 
0.00946088 -0.0173414 3.82135e-05 1.45936e-05 -0.0173414 0.0854533 2.43627e-05 -0.000312135 3.82135e-05 2.43627e-05 0.00941844 -0.0172851 1.45936e-05 -0.000312135 -0.0172851 0.0853715 
0.00945486 -0.0173559 3.89612e-05 1.88315e-05 -0.0173559 0.0855664 3.18537e-05 -0.00031296 3.89612e-05 3.18537e-05 0.00943379 -0.0173043 1.88315e-05 -0.00031296 -0.0173043 0.0854529 
0.00944303 -0.0173561 4.76051e-05 1.44017e-05 -0.0173561 0.0856402 2.82305e-05 -0.000307345 4.76051e-05 2.82305e-05 0.00945592 -0.017329 1.44017e-05 -0.000307345 -0.017329 0.0855518 
0.00945261 -0.017351 5.43309e-05 5.01138e-06 -0.017351 0.0857127 1.22443e-05 -0.000282049 5.43309e-05 1.22443e-05 0.00947202 -0.0173783 5.01138e-06 -0.000282049 -0.0173783 0.0857368 
0.00947786 -0.0173795 6.49221e-05 1.69602e-06 -0.0173795 0.0858494 -3.82983e-06 -0.000252402 6.49221e-05 -3.82983e-06 0.00949293 -0.017417 1.69602e-06 -0.000252402 -0.017417 0.0859467 
0.0094627 -0.0173411 7.91941e-05 -5.7437e-06 -0.0173411 0.0856164 -1.87444e-05 -0.000224699 7.91941e-05 -1.87444e-05 0.00947008 -0.0173611 -5.7437e-06 -0.000224699 -0.0173611 0.0856938 
0.00944901 -0.0173204 7.77839e-05 -1.96059e-05 -0.0173204 0.0854633 -3.13278e-05 -0.000198343 7.77839e-05 -3.13278e-05 0.00947016 -0.0173248 -1.96059e-05 -0.000198343 -0.0173248 0.0854946 
0.0094659 -0.0173284 5.98909e-05 -2.03587e-05 -0.0173284 0.0854794 -2.55751e-05 -0.000192584 5.98909e-05 -2.55751e-05 0.0094632 -0.0173444 -2.03587e-05 -0.000192584 -0.0173444 0.0855002 
0.00949332 -0.0173839 4.46154e-05 3.82291e-06 -0.0173839 0.085679 2.74102e-06 -0.000240132 4.46154e-05 2.74102e-06 0.00947363 -0.0173689 3.82291e-06 -0.000240132 -0.0173689 0.085651 
0.00951079 -0.0174335 3.16294e-05 2.71967e-05 -0.0174335 0.0859051 2.79849e-05 -0.000311325 3.16294e-05 2.79849e-05 0.0094921 -0.0174037 2.71967e-05 -0.000311325 -0.0174037 0.0858351 
0.00951308 -0.0174312 4.31994e-05 4.36933e-05 -0.0174312 0.0859254 4.63247e-05 -0.000370129 4.31994e-05 4.63247e-05 0.00949847 -0.0174067 4.36933e-05 -0.000370129 -0.0174067 0.0858545 
0.00953455 -0.0174523 5.94275e-05 2.57068e-05 -0.0174523 0.0860326 2.86973e-05 -0.000362281 5.94275e-05 2.86973e-05 0.00951311 -0.0174399 2.57068e-05 -0.000362281 -0.0174399 0.0859944 
0.00955789 -0.0174841 7.74884e-05 4.8179e-06 -0.0174841 0.0861616 5.28628e-06 -0.000316259 7.74884e-05 5.28628e-06 0.00950994 -0.0174741 4.8179e-06 -0.000316259 -0.0174741 0.0861582 
0.0095672 -0.017492 6.82715e-05 -1.66722e-05 -0.017492 0.086165 -1.87828e-05 -0.000257819 6.82715e-05 -1.87828e-05 0.00948909 -0.0174522 -1.66722e-05 -0.000257819 -0.0174522 0.0861341 
0.00957961 -0.0175028 6.58874e-05 -3.96567e-06 -0.0175028 0.0861803 -8.63651e-06 -0.000251357 6.58874e-05 -8.63651e-06 0.00946547 -0.0174231 -3.96567e-06 -0.000251357 -0.0174231 0.0860698 
0.00959257 -0.0175269 4.56562e-05 3.16605e-06 -0.0175269 0.0862545 -4.4491e-06 -0.000268877 4.56562e-05 -4.4491e-06 0.00945773 -0.017401 3.16605e-06 -0.000268877 -0.017401 0.0860359 
0.00959695 -0.0175657 3.68753e-05 2.87045e-05 -0.0175657 0.0864248 1.99827e-05 -0.00031444 3.68753e-05 1.99827e-05 0.00947693 -0.0174092 2.87045e-05 -0.00031444 -0.0174092 0.0861038 
0.00956962 -0.0175615 3.18454e-05 4.21246e-05 -0.0175615 0.086457 3.42594e-05 -0.000361948 3.18454e-05 3.42594e-05 0.00950888 -0.0174187 4.21246e-05 -0.000361948 -0.0174187 0.0861144 
0.00953786 -0.0174981 3.30373e-05 4.64299e-05 -0.0174981 0.086271 3.93715e-05 -0.000383702 3.30373e-05 3.93715e-05 0.00951311 -0.0174253 4.64299e-05 -0.000383702 -0.0174253 0.086032 
0.00952153 -0.01745 3.415e-05 4.40348e-05 -0.01745 0.0860882 3.50863e-05 -0.000384087 3.415e-05 3.50863e-05 0.00949148 -0.0174294 4.40348e-05 -0.000384087 -0.0174294 0.0859946 
0.0094467 -0.0173417 3.03316e-05 3.76097e-05 -0.0173417 0.0855525 2.92648e-05 -0.000364729 3.03316e-05 2.92648e-05 0.00945549 -0.0173226 3.76097e-05 -0.000364729 -0.0173226 0.0855284 
0.00941351 -0.0173131 3.12962e-05 4.31543e-05 -0.0173131 0.0854929 3.84465e-05 -0.000371298 3.12962e-05 3.84465e-05 0.0094827 -0.0173519 4.31543e-05 -0.000371298 -0.0173519 0.0855895 
0.00941126 -0.0173034 4.6356e-05 3.52115e-05 -0.0173034 0.0855568 3.27704e-05 -0.000357895 4.6356e-05 3.27704e-05 0.00950618 -0.0174199 3.52115e-05 -0.000357895 -0.0174199 0.0858399 
0.0094143 -0.0172603 4.75205e-05 1.00382e-05 -0.0172603 0.0853889 1.04423e-05 -0.000306467 4.75205e-05 1.04423e-05 0.00947463 -0.0174106 1.00382e-05 -0.000306467 -0.0174106 0.0858099 
0.00943458 -0.0172648 4.79129e-05 8.68592e-06 -0.0172648 0.0853341 8.94862e-06 -0.000277739 4.79129e-05 8.94862e-06 0.00943741 -0.0173751 8.68592e-06 -0.000277739 -0.0173751 0.0857451 
0.00943238 -0.0172526 6.0583e-05 8.31371e-06 -0.0172526 0.0851698 7.23829e-06 -0.000264807 6.0583e-05 7.23829e-06 0.00940312 -0.0172886 8.31371e-06 -0.000264807 -0.0172886 0.0854432 
0.00942979 -0.0172244 5.89022e-05 -7.70776e-06 -0.0172244 0.0849574 -9.69113e-06 -0.00023287 5.89022e-05 -9.69113e-06 0.00935293 -0.0172137 -7.70776e-06 -0.00023287 -0.0172137 0.0850867 
0.009405 -0.0172393 6.80477e-05 -5.69181e-06 -0.0172393 0.0849309 -6.47186e-06 -0.000221181 6.80477e-05 -6.47186e-06 0.00935695 -0.0171664 -5.69181e-06 -0.000221181 -0.0171664 0.0849041 
0.00935869 -0.0172026 5.10665e-05 -1.44054e-05 -0.0172026 0.0848254 -1.5408e-05 -0.000209047 5.10665e-05 -1.5408e-05 0.00937629 -0.0171593 -1.44054e-05 -0.000209047 -0.0171593 0.0847723 
