0.0071751 0 -5.3277e-05 0 0 0.00999208 0 0 -5.3277e-05 0 0.00695598 0 0 0 0 0.00999208 
0.00976094 -0.0121137 -4.14263e-05 4.75287e-05 -0.0121137 0.0320485 4.75287e-05 -9.03711e-05 -4.14263e-05 4.75287e-05 0.00950383 -0.0117995 4.75287e-05 -9.03711e-05 -0.0117995 0.0314457 
0.00999141 -0.0185874 -2.70722e-05 -4.29577e-05 -0.0185874 0.0684221 -4.29577e-05 0.000166706 -2.70722e-05 -4.29577e-05 0.00978378 -0.0182715 -4.29577e-05 0.000166706 -0.0182715 0.0674415 
0.00937433 -0.0180407 -3.93513e-05 -0.000117418 -0.0180407 0.080753 -0.000116908 0.000722502 -3.93513e-05 -0.000116908 0.00923707 -0.0179468 -0.000117418 0.000722502 -0.0179468 0.0806701 
0.00898823 -0.0167713 -6.95887e-05 -7.52775e-05 -0.0167713 0.0806614 -7.39406e-05 0.000821563 -6.95887e-05 -7.39406e-05 0.00892355 -0.0167536 -7.52775e-05 0.000821563 -0.0167536 0.0811629 
0.00966142 -0.0177252 -8.89755e-05 -5.65207e-06 -0.0177252 0.0868219 -2.65362e-06 0.000626284 -8.89755e-05 -2.65362e-06 0.00962593 -0.0177504 -5.65207e-06 0.000626284 -0.0177504 0.0874408 
0.009428 -0.0172214 -8.89299e-05 2.83581e-05 -0.0172214 0.0846852 3.22057e-05 0.000359398 -8.89299e-05 3.22057e-05 0.00940149 -0.0172798 2.83581e-05 0.000359398 -0.0172798 0.0852637 
0.0100316 -0.0183136 -0.000106671 3.5037e-05 -0.0183136 0.0901812 3.64405e-05 0.000250321 -0.000106671 3.64405e-05 0.0100131 -0.0183808 3.5037e-05 0.000250321 -0.0183808 0.0907474 
0.00983676 -0.0179712 -0.00011693 4.89701e-05 -0.0179712 0.088552 4.66134e-05 0.000176672 -0.00011693 4.66134e-05 0.00982448 -0.0180422 4.89701e-05 0.000176672 -0.0180422 0.0890725 
0.00970414 -0.0177067 -8.42926e-05 6.2654e-05 -0.0177067 0.0872926 6.10848e-05 0.000123955 -8.42926e-05 6.10848e-05 0.00968676 -0.0177839 6.2654e-05 0.000123955 -0.0177839 0.0878013 
0.00962389 -0.0175611 -4.60897e-05 2.07279e-05 -0.0175611 0.086548 2.64272e-05 0.000162586 -4.60897e-05 2.64272e-05 0.00960579 -0.0176471 2.07279e-05 0.000162586 -0.0176471 0.0870871 
0.00956844 -0.017459 -3.20862e-05 -2.88129e-05 -0.017459 0.0860292 -1.7718e-05 0.000262336 -3.20862e-05 -1.7718e-05 0.00955429 -0.0175489 -2.88129e-05 0.000262336 -0.0175489 0.0865949 
0.00954451 -0.0173843 -4.27629e-05 -4.70379e-05 -0.0173843 0.0856406 -3.94219e-05 0.000341177 -4.27629e-05 -3.94219e-05 0.009502 -0.0174784 -4.70379e-05 0.000341177 -0.0174784 0.0862264 
0.0095627 -0.0174268 -3.55484e-05 -3.28806e-05 -0.0174268 0.0857531 -3.2649e-05 0.000357646 -3.55484e-05 -3.2649e-05 0.00947633 -0.0174786 -3.28806e-05 0.000357646 -0.0174786 0.086277 
0.00956069 -0.0174467 -4.91185e-05 -3.32181e-05 -0.0174467 0.0858055 -3.69977e-05 0.000352005 -4.91185e-05 -3.69977e-05 0.00945205 -0.0174288 -3.32181e-05 0.000352005 -0.0174288 0.0861681 
0.00955735 -0.0174452 -6.05862e-05 -1.78708e-05 -0.0174452 0.0858261 -2.00613e-05 0.000326474 -6.05862e-05 -2.00613e-05 0.00943188 -0.0173973 -1.78708e-05 0.000326474 -0.0173973 0.0860616 
0.00953789 -0.0174156 -4.51917e-05 -2.64879e-06 -0.0174156 0.0856928 -2.17163e-06 0.000282314 -4.51917e-05 -2.17163e-06 0.00940526 -0.0173377 -2.64879e-06 0.000282314 -0.0173377 0.0858205 
0.00953438 -0.017405 -2.46776e-05 -1.85722e-05 -0.017405 0.0856584 -1.53024e-05 0.000279312 -2.46776e-05 -1.53024e-05 0.00940246 -0.0173159 -1.85722e-05 0.000279312 -0.0173159 0.0857217 
0.00952986 -0.0174192 -4.65794e-05 -4.62248e-05 -0.0174192 0.0857291 -4.08418e-05 0.000327036 -4.65794e-05 -4.08418e-05 0.0094205 -0.0173339 -4.62248e-05 0.000327036 -0.0173339 0.0857782 
0.0095104 -0.0173954 -5.32406e-05 -2.2127e-05 -0.0173954 0.0856522 -1.70271e-05 0.000315294 -5.32406e-05 -1.70271e-05 0.00942609 -0.0173288 -2.2127e-05 0.000315294 -0.0173288 0.0857167 
0.00950396 -0.0173467 -4.61532e-05 -6.16913e-06 -0.0173467 0.0854627 -2.20325e-06 0.000265939 -4.61532e-05 -2.20325e-06 0.00941839 -0.0173198 -6.16913e-06 0.000265939 -0.0173198 0.0856127 
0.00953289 -0.0173637 -5.61395e-05 -1.14676e-05 -0.0173637 0.0854874 -9.17875e-06 0.000253572 -5.61395e-05 -9.17875e-06 0.00940397 -0.0173382 -1.14676e-05 0.000253572 -0.0173382 0.0856828 
0.00950888 -0.0173545 -6.00039e-05 3.08134e-06 -0.0173545 0.0853319 4.79349e-06 0.000226321 -6.00039e-05 4.79349e-06 0.00939831 -0.0172765 3.08134e-06 0.000226321 -0.0172765 0.0854598 
0.00951526 -0.0174127 -6.59435e-05 7.2533e-06 -0.0174127 0.085642 8.63654e-06 0.000208414 -6.59435e-05 8.63654e-06 0.00943423 -0.0173526 7.2533e-06 0.000208414 -0.0173526 0.0857544 
0.00954285 -0.0174335 -6.15445e-05 1.30019e-05 -0.0174335 0.0858495 1.10784e-05 0.000199842 -6.15445e-05 1.10784e-05 0.00943621 -0.0174108 1.30019e-05 0.000199842 -0.0174108 0.0860274 
0.00954349 -0.0174046 -6.52269e-05 7.3787e-06 -0.0174046 0.0856997 3.18332e-06 0.000206715 -6.52269e-05 3.18332e-06 0.00940332 -0.0173597 7.3787e-06 0.000206715 -0.0173597 0.0858864 
0.00954382 -0.017435 -7.42343e-05 1.36696e-05 -0.017435 0.0857896 1.30161e-05 0.000196628 -7.42343e-05 1.30161e-05 0.00940831 -0.0173498 1.36696e-05 0.000196628 -0.0173498 0.0859098 
0.00951611 -0.017412 -7.38627e-05 2.46564e-05 -0.017412 0.0857276 2.78624e-05 0.000166914 -7.38627e-05 2.78624e-05 0.00942559 -0.0173364 2.46564e-05 0.000166914 -0.0173364 0.0858338 
0.00949256 -0.0173669 -5.75824e-05 2.38369e-05 -0.0173669 0.0855875 3.11077e-05 0.00014809 -5.75824e-05 3.11077e-05 0.0094434 -0.017344 2.38369e-05 0.00014809 -0.017344 0.0857757 
0.00948152 -0.0173343 -4.63292e-05 4.40161e-07 -0.0173343 0.0854594 1.13856e-05 0.000177516 -4.63292e-05 1.13856e-05 0.00944376 -0.017365 4.40161e-07 0.000177516 -0.017365 0.0857815 
0.00948349 -0.017319 -4.23217e-05 -1.51507e-05 -0.017319 0.0853816 -6.25657e-06 0.000222484 -4.23217e-05 -6.25657e-06 0.0094345 -0.0173734 -1.51507e-05 0.000222484 -0.0173734 0.0858114 
0.00950372 -0.0173787 -1.74089e-05 -1.80142e-05 -0.0173787 0.0856301 -1.55427e-05 0.000252559 -1.74089e-05 -1.55427e-05 0.00945255 -0.0174141 -1.80142e-05 0.000252559 -0.0174141 0.086064 
0.00952797 -0.0173981 -6.62592e-06 -4.28874e-05 -0.0173981 0.0857545 -4.64844e-05 0.000302127 -6.62592e-06 -4.64844e-05 0.00944309 -0.0174238 -4.28874e-05 0.000302127 -0.0174238 0.0861547 
0.00954427 -0.0173952 -8.06649e-06 -5.81351e-05 -0.0173952 0.0856954 -6.52649e-05 0.000356623 -8.06649e-06 -6.52649e-05 0.00940522 -0.0173749 -5.81351e-05 0.000356623 -0.0173749 0.0860036 
0.00952529 -0.0173525 -2.73969e-05 -5.34159e-05 -0.0173525 0.0853923 -6.06187e-05 0.000365852 -2.73969e-05 -6.06187e-05 0.00934351 -0.0172648 -5.34159e-05 0.000365852 -0.0172648 0.0855503 
0.00947431 -0.0172921 -3.58251e-05 -3.03796e-05 -0.0172921 0.0850309 -3.46713e-05 0.000326004 -3.58251e-05 -3.46713e-05 0.00930724 -0.0171446 -3.03796e-05 0.000326004 -0.0171446 0.0850169 
0.00946754 -0.0172736 -3.17939e-05 -1.71494e-05 -0.0172736 0.0849745 -1.80517e-05 0.000276659 -3.17939e-05 -1.80517e-05 0.00929088 -0.0171392 -1.71494e-05 0.000276659 -0.0171392 0.0849025 
0.00943874 -0.0172418 -4.30278e-05 -2.30036e-05 -0.0172418 0.0848014 -2.26546e-05 0.000266923 -4.30278e-05 -2.26546e-05 0.00926848 -0.0170897 -2.30036e-05 0.000266923 -0.0170897 0.0846842 
0.00942074 -0.0172079 -4.43395e-05 -7.70111e-06 -0.0172079 0.0846744 -4.99659e-06 0.000237144 -4.43395e-05 -4.99659e-06 0.00925699 -0.0170645 -7.70111e-06 0.000237144 -0.0170645 0.0845462 
0.00945548 -0.01728 -4.35944e-05 -5.06761e-06 -0.01728 0.0850337 -4.10502e-06 0.000218774 -4.35944e-05 -4.10502e-06 0.00928627 -0.0171371 -5.06761e-06 0.000218774 -0.0171371 0.0848963 
0.00944605 -0.0173139 -3.86051e-05 -4.35036e-06 -0.0173139 0.0852233 -6.69234e-06 0.000214578 -3.86051e-05 -6.69234e-06 0.00931893 -0.0171639 -4.35036e-06 0.000214578 -0.0171639 0.0850691 
0.00939741 -0.0172237 -3.46069e-05 -6.24224e-06 -0.0172237 0.0849213 -1.09869e-05 0.000212991 -3.46069e-05 -1.09869e-05 0.00929531 -0.0171347 -6.24224e-06 0.000212991 -0.0171347 0.0848634 
0.00932931 -0.0170855 -3.01857e-05 -1.17913e-05 -0.0170855 0.0843122 -1.46674e-05 0.000218634 -3.01857e-05 -1.46674e-05 0.00923814 -0.0170351 -1.17913e-05 0.000218634 -0.0170351 0.0843735 
0.0101183 -0.0185206 -3.12682e-05 -1.82186e-05 -0.0185206 0.0914071 -2.01166e-05 0.000246734 -3.12682e-05 -2.01166e-05 0.0100239 -0.0184826 -1.82186e-05 0.000246734 -0.0184826 0.091554 
0.0101151 -0.018511 -4.0501e-05 -1.92692e-05 -0.018511 0.0913419 -2.35916e-05 0.000253829 -4.0501e-05 -2.35916e-05 0.0100166 -0.0184673 -1.92692e-05 0.000253829 -0.0184673 0.091491 
0.0100989 -0.0185184 -6.78998e-05 -9.73746e-06 -0.0185184 0.0913569 -1.70657e-05 0.000247335 -6.78998e-05 -1.70657e-05 0.0100343 -0.018461 -9.73746e-06 0.000247335 -0.018461 0.0914659 
0.0100949 -0.018523 -8.58613e-05 2.41307e-05 -0.018523 0.0914477 1.39826e-05 0.000195381 -8.58613e-05 1.39826e-05 0.0100567 -0.0185002 2.41307e-05 0.000195381 -0.0185002 0.091579 
0.0101118 -0.0185008 -8.51593e-05 4.71667e-05 -0.0185008 0.0913999 3.65496e-05 0.000133183 -8.51593e-05 3.65496e-05 0.0100397 -0.0185179 4.71667e-05 0.000133183 -0.0185179 0.0916185 
0.0101203 -0.0185104 -7.6297e-05 4.28828e-05 -0.0185104 0.0913556 3.95914e-05 0.000109921 -7.6297e-05 3.95914e-05 0.0100393 -0.0184881 4.28828e-05 0.000109921 -0.0184881 0.091554 
0.010117 -0.0184775 -6.88013e-05 3.30927e-05 -0.0184775 0.091139 3.34442e-05 0.000113073 -6.88013e-05 3.34442e-05 0.0100112 -0.018442 3.30927e-05 0.000113073 -0.018442 0.0912899 
0.0101294 -0.0185402 -5.15296e-05 2.0819e-05 -0.0185402 0.0913497 2.51311e-05 0.00013582 -5.15296e-05 2.51311e-05 0.010042 -0.0184706 2.0819e-05 0.00013582 -0.0184706 0.0914285 
0.0101279 -0.018574 -4.50627e-05 -1.02878e-06 -0.018574 0.0915532 9.51865e-06 0.000170609 -4.50627e-05 9.51865e-06 0.0100852 -0.0185271 -1.02878e-06 0.000170609 -0.0185271 0.0916333 
0.0101298 -0.0185704 -4.032e-05 -1.2108e-05 -0.0185704 0.0916412 -3.02054e-06 0.000208967 -4.032e-05 -3.02054e-06 0.0101255 -0.0185956 -1.2108e-05 0.000208967 -0.0185956 0.0918681 
0.0093478 -0.0171057 -3.40655e-05 -1.81176e-05 -0.0171057 0.0844443 -1.21821e-05 0.000223105 -3.40655e-05 -1.21821e-05 0.00932186 -0.0171783 -1.81176e-05 0.000223105 -0.0171783 0.0848038 
0.00936015 -0.0171163 -1.71378e-05 -2.41196e-05 -0.0171163 0.0844486 -2.09126e-05 0.000251377 -1.71378e-05 -2.09126e-05 0.00930544 -0.017169 -2.41196e-05 0.000251377 -0.017169 0.0848507 
0.00936935 -0.0171769 -2.16957e-05 -4.19997e-05 -0.0171769 0.0847003 -4.45104e-05 0.000296293 -2.16957e-05 -4.45104e-05 0.00932008 -0.0171857 -4.19997e-05 0.000296293 -0.0171857 0.0850297 
0.00939452 -0.0171813 -3.15246e-05 -3.41119e-05 -0.0171813 0.0848012 -3.89933e-05 0.000306201 -3.15246e-05 -3.89933e-05 0.00930107 -0.0171896 -3.41119e-05 0.000306201 -0.0171896 0.085081 
0.00936321 -0.0171455 -3.57288e-05 -1.68762e-05 -0.0171455 0.084566 -1.94847e-05 0.000266793 -3.57288e-05 -1.94847e-05 0.0092728 -0.0170973 -1.68762e-05 0.000266793 -0.0170973 0.0847442 
0.00932814 -0.0170964 -4.69191e-05 -8.22226e-06 -0.0170964 0.0843548 -8.57745e-06 0.000225778 -4.69191e-05 -8.57745e-06 0.00925991 -0.0170507 -8.22226e-06 0.000225778 -0.0170507 0.0844835 
0.0100779 -0.0184794 -8.24916e-05 1.06024e-05 -0.0184794 0.0912417 9.07424e-06 0.000191759 -8.24916e-05 9.07424e-06 0.010045 -0.0184703 1.06024e-05 0.000191759 -0.0184703 0.0914442 
0.0100732 -0.0184394 -8.83562e-05 4.4501e-05 -0.0184394 0.0910929 4.40736e-05 0.000120782 -8.83562e-05 4.40736e-05 0.0100373 -0.0184837 4.4501e-05 0.000120782 -0.0184837 0.091416 
0.0101014 -0.0184919 -7.3416e-05 5.15491e-05 -0.0184919 0.0912995 5.40982e-05 7.30503e-05 -7.3416e-05 5.40982e-05 0.0100564 -0.0185327 5.15491e-05 7.30503e-05 -0.0185327 0.0916752 
0.0100935 -0.0184751 -6.32451e-05 3.13531e-05 -0.0184751 0.091198 3.25371e-05 9.26113e-05 -6.32451e-05 3.25371e-05 0.0100453 -0.0185051 3.13531e-05 9.26113e-05 -0.0185051 0.0915678 
0.0100955 -0.0184351 -5.22486e-05 1.92413e-05 -0.0184351 0.0909877 1.84763e-05 0.000129006 -5.22486e-05 1.84763e-05 0.0100062 -0.0184631 1.92413e-05 0.000129006 -0.0184631 0.0913486 
0.0101427 -0.0185131 -4.03502e-05 3.81755e-06 -0.0185131 0.0912556 1.65172e-06 0.000171694 -4.03502e-05 1.65172e-06 0.0100108 -0.0184852 3.81755e-06 0.000171694 -0.0184852 0.0915238 
0.0101814 -0.0185916 -3.52419e-05 -8.25457e-06 -0.0185916 0.0915633 -1.3148e-05 0.000208964 -3.52419e-05 -1.3148e-05 0.0100125 -0.0185053 -8.25457e-06 0.000208964 -0.0185053 0.0916864 
0.01017 -0.0185919 -1.48638e-05 -1.53892e-05 -0.0185919 0.0915367 -1.53223e-05 0.000227082 -1.48638e-05 -1.53223e-05 0.0100008 -0.0184547 -1.53892e-05 0.000227082 -0.0184547 0.0915102 
0.010163 -0.0185771 -1.01112e-05 -4.59506e-05 -0.0185771 0.0914921 -4.04354e-05 0.000279641 -1.01112e-05 -4.04354e-05 0.00998858 -0.0184361 -4.59506e-05 0.000279641 -0.0184361 0.0913969 
0.0100821 -0.0185219 -2.83076e-05 -5.32124e-05 -0.0185219 0.0912258 -4.54588e-05 0.000314821 -2.83076e-05 -4.54588e-05 0.0100034 -0.0183771 -5.32124e-05 0.000314821 -0.0183771 0.0911096 
0.010049 -0.018465 -2.36595e-05 -3.23737e-05 -0.018465 0.0911569 -2.25902e-05 0.000293478 -2.36595e-05 -2.25902e-05 0.010044 -0.0184361 -3.23737e-05 0.000293478 -0.0184361 0.091209 
0.0100451 -0.0184372 -3.4291e-05 -3.0245e-05 -0.0184372 0.0911276 -2.01644e-05 0.000264418 -3.4291e-05 -2.01644e-05 0.010086 -0.0185095 -3.0245e-05 0.000264418 -0.0185095 0.0914438 
0.0100795 -0.0184659 -4.53653e-05 -1.52054e-05 -0.0184659 0.0912886 -7.41342e-06 0.000233663 -4.53653e-05 -7.41342e-06 0.0101087 -0.0186064 -1.52054e-05 0.000233663 -0.0186064 0.0918351 
0.0100654 -0.0184658 -7.6934e-05 -9.13847e-07 -0.0184658 0.0912308 5.58463e-06 0.000196327 -7.6934e-05 5.58463e-06 0.0101111 -0.0185979 -9.13847e-07 0.000196327 -0.0185979 0.0918639 
0.0100793 -0.0184663 -0.000101577 3.95945e-05 -0.0184663 0.091273 4.91139e-05 0.000111411 -0.000101577 4.91139e-05 0.0100977 -0.0186169 3.95945e-05 0.000111411 -0.0186169 0.0919544 
0.00929358 -0.0170233 -7.81077e-05 6.47048e-05 -0.0170233 0.0841034 7.51836e-05 1.87978e-05 -7.81077e-05 7.51836e-05 0.00927938 -0.0171287 6.47048e-05 1.87978e-05 -0.0171287 0.0846996 
0.010103 -0.0184616 -6.39349e-05 5.48297e-05 -0.0184616 0.0911851 6.20266e-05 6.50605e-06 -6.39349e-05 6.20266e-05 0.0100271 -0.0185266 5.48297e-05 6.50605e-06 -0.0185266 0.0917174 
0.0100854 -0.0184529 -6.58128e-05 2.72786e-05 -0.0184529 0.0910224 2.73923e-05 6.42497e-05 -6.58128e-05 2.73923e-05 0.00998853 -0.0184336 2.72786e-05 6.42497e-05 -0.0184336 0.0913652 
0.0100696 -0.0184416 -7.05422e-05 2.88622e-05 -0.0184416 0.0909589 2.2043e-05 0.0001006 -7.05422e-05 2.2043e-05 0.00996857 -0.0183888 2.88622e-05 0.0001006 -0.0183888 0.0911546 
0.010037 -0.018383 -6.3003e-05 3.562e-05 -0.018383 0.090702 2.4482e-05 0.000104244 -6.3003e-05 2.4482e-05 0.00993448 -0.0183264 3.562e-05 0.000104244 -0.0183264 0.0908374 
0.0100357 -0.0183883 -7.82473e-05 3.11975e-05 -0.0183883 0.0907546 1.91311e-05 0.000106924 -7.82473e-05 1.91311e-05 0.00993573 -0.0183413 3.11975e-05 0.000106924 -0.0183413 0.0909008 
0.010026 -0.0184178 -8.38094e-05 5.14701e-05 -0.0184178 0.0909307 4.10742e-05 7.4263e-05 -8.38094e-05 4.10742e-05 0.00997052 -0.0183733 5.14701e-05 7.4263e-05 -0.0183733 0.0910887 
0.00997791 -0.0183291 -7.72647e-05 6.26992e-05 -0.0183291 0.0906194 5.78273e-05 2.34414e-05 -7.72647e-05 5.78273e-05 0.00996693 -0.0183403 6.26992e-05 2.34414e-05 -0.0183403 0.0908659 
0.00996816 -0.0182634 -6.23953e-05 4.94289e-05 -0.0182634 0.0903546 5.25123e-05 1.84527e-05 -6.23953e-05 5.25123e-05 0.0099403 -0.0183293 4.94289e-05 1.84527e-05 -0.0183293 0.0907307 
0.00998413 -0.0182779 -5.69203e-05 2.80775e-05 -0.0182779 0.0903533 3.73069e-05 4.94682e-05 -5.69203e-05 3.73069e-05 0.00992978 -0.0183267 2.80775e-05 4.94682e-05 -0.0183267 0.0907612 
0.0099429 -0.0182281 -4.94937e-05 1.5774e-05 -0.0182281 0.0900264 2.49976e-05 8.92358e-05 -4.94937e-05 2.49976e-05 0.00989677 -0.018224 1.5774e-05 8.92358e-05 -0.018224 0.0903217 
0.00992389 -0.0182087 -5.20383e-05 1.11008e-05 -0.0182087 0.0899418 1.64703e-05 0.000111915 -5.20383e-05 1.64703e-05 0.00989058 -0.0182052 1.11008e-05 0.000111915 -0.0182052 0.0901673 
0.00991133 -0.018187 -3.73685e-05 1.64904e-05 -0.018187 0.0898639 1.57871e-05 0.000117789 -3.73685e-05 1.57871e-05 0.00987592 -0.0181975 1.64904e-05 0.000117789 -0.0181975 0.0900862 
0.00990977 -0.0181774 -4.41967e-05 3.34933e-06 -0.0181774 0.0898321 1.06692e-06 0.000135273 -4.41967e-05 1.06692e-06 0.00985834 -0.018189 3.34933e-06 0.000135273 -0.018189 0.0900636 
0.00989011 -0.0181696 -5.76219e-05 1.34175e-05 -0.0181696 0.0897856 9.96095e-06 0.000128011 -5.76219e-05 9.96095e-06 0.00985407 -0.0181614 1.34175e-05 0.000128011 -0.0181614 0.0899885 
0.00990617 -0.0181905 -6.02211e-05 3.52904e-05 -0.0181905 0.0899509 3.11443e-05 8.08296e-05 -6.02211e-05 3.11443e-05 0.00986741 -0.0181998 3.52904e-05 8.08296e-05 -0.0181998 0.0901609 
0.00989348 -0.0181887 -5.16998e-05 3.69119e-05 -0.0181887 0.0899559 3.5732e-05 5.26408e-05 -5.16998e-05 3.5732e-05 0.00988993 -0.0181996 3.69119e-05 5.26408e-05 -0.0181996 0.0901855 
0.00989967 -0.0181639 -4.35093e-05 2.48078e-05 -0.0181639 0.0899069 2.44506e-05 6.30457e-05 -4.35093e-05 2.44506e-05 0.00988609 -0.0182305 2.48078e-05 6.30457e-05 -0.0182305 0.0902472 
0.00992422 -0.0182101 -4.43509e-05 1.30574e-05 -0.0182101 0.0901011 9.93127e-06 9.42062e-05 -4.43509e-05 9.93127e-06 0.00990148 -0.0182784 1.30574e-05 9.42062e-05 -0.0182784 0.0905179 
0.00995072 -0.0182446 -5.09084e-05 1.38218e-05 -0.0182446 0.0902587 4.93763e-06 0.000115841 -5.09084e-05 4.93763e-06 0.00990588 -0.0182957 1.38218e-05 0.000115841 -0.0182957 0.0906668 
0.00998479 -0.0182815 -5.5462e-05 1.95698e-05 -0.0182815 0.0903885 8.79199e-06 0.00011904 -5.5462e-05 8.79199e-06 0.00989815 -0.0182893 1.95698e-05 0.00011904 -0.0182893 0.0907034 
0.0100049 -0.0183421 -6.88613e-05 2.63003e-05 -0.0183421 0.0906149 1.85376e-05 0.000103846 -6.88613e-05 1.85376e-05 0.00992153 -0.0183037 2.63003e-05 0.000103846 -0.0183037 0.0908215 
0.00999147 -0.0183005 -7.26521e-05 3.80162e-05 -0.0183005 0.0904286 3.2475e-05 8.12093e-05 -7.26521e-05 3.2475e-05 0.00990447 -0.0182636 3.80162e-05 8.12093e-05 -0.0182636 0.090584 
0.00999117 -0.0183022 -7.82869e-05 4.2507e-05 -0.0183022 0.0903993 4.1208e-05 6.01675e-05 -7.82869e-05 4.1208e-05 0.00990356 -0.0182597 4.2507e-05 6.01675e-05 -0.0182597 0.0905319 
0.0100009 -0.0183232 -7.77025e-05 4.79863e-05 -0.0183232 0.0904794 4.96922e-05 4.28027e-05 -7.77025e-05 4.96922e-05 0.00991412 -0.0182741 4.79863e-05 4.28027e-05 -0.0182741 0.0905859 
0.00997814 -0.0182703 -8.61549e-05 4.62607e-05 -0.0182703 0.0902055 4.6427e-05 4.13637e-05 -8.61549e-05 4.6427e-05 0.00988999 -0.0182202 4.62607e-05 4.13637e-05 -0.0182202 0.0902947 
0.00995064 -0.0182222 -0.000101408 5.79938e-05 -0.0182222 0.0899448 5.57286e-05 2.81846e-05 -0.000101408 5.57286e-05 0.00986128 -0.0181816 5.79938e-05 2.81846e-05 -0.0181816 0.0900543 
0.0099315 -0.0182134 -8.05818e-05 7.87093e-05 -0.0182134 0.0898836 7.16998e-05 -6.66648e-06 -8.05818e-05 7.16998e-05 0.00985535 -0.0181661 7.87093e-05 -6.66648e-06 -0.0181661 0.0899849 
0.00992874 -0.018218 -6.75594e-05 5.18377e-05 -0.018218 0.0899486 4.23074e-05 2.47483e-05 -6.75594e-05 4.23074e-05 0.0098604 -0.0181795 5.18377e-05 2.47483e-05 -0.0181795 0.0900455 
0.00989591 -0.0181655 -4.69302e-05 2.90228e-05 -0.0181655 0.0897157 2.24929e-05 8.60392e-05 -4.69302e-05 2.24929e-05 0.0098407 -0.0181246 2.90228e-05 8.60392e-05 -0.0181246 0.089792 
0.00989571 -0.0181827 -3.52634e-05 7.58452e-07 -0.0181827 0.0898264 6.36313e-08 0.000151317 -3.52634e-05 6.36313e-08 0.00986273 -0.0181532 7.58452e-07 0.000151317 -0.0181532 0.0899016 
0.00990725 -0.0182131 -2.06116e-05 -1.50301e-05 -0.0182131 0.090029 -1.33923e-05 0.000202456 -2.06116e-05 -1.33923e-05 0.00989644 -0.0182111 -1.50301e-05 0.000202456 -0.0182111 0.0901463 
0.00992441 -0.0182159 3.02146e-06 -2.93133e-05 -0.0182159 0.0900975 -2.76765e-05 0.000239057 3.02146e-06 -2.76765e-05 0.00991248 -0.0182479 -2.93133e-05 0.000239057 -0.0182479 0.0902923 
0.0100072 -0.0183142 -3.97e-06 -5.80611e-05 -0.0183142 0.0905487 -5.5795e-05 0.000295887 -3.97e-06 -5.5795e-05 0.0099279 -0.0183467 -5.80611e-05 0.000295887 -0.0183467 0.0907814 
0.0100479 -0.0183804 -2.39366e-05 -5.16459e-05 -0.0183804 0.0907407 -5.03516e-05 0.000314624 -2.39366e-05 -5.03516e-05 0.00991204 -0.0183289 -5.16459e-05 0.000314624 -0.0183289 0.0908549 
0.0100624 -0.0184558 -4.34936e-05 -2.39399e-05 -0.0184558 0.0910366 -2.77209e-05 0.000276753 -4.34936e-05 -2.77209e-05 0.00994187 -0.0183317 -2.39399e-05 0.000276753 -0.0183317 0.0909688 
0.0100482 -0.0184389 -5.93524e-05 4.15708e-06 -0.0184389 0.0910248 -4.99043e-06 0.000216596 -5.93524e-05 -4.99043e-06 0.00995139 -0.0183298 4.15708e-06 0.000216596 -0.0183298 0.0908995 
0.0100158 -0.0183646 -6.21031e-05 2.65658e-05 -0.0183646 0.090716 1.60298e-05 0.000155022 -6.21031e-05 1.60298e-05 0.00993145 -0.0182947 2.65658e-05 0.000155022 -0.0182947 0.0906577 
0.0100069 -0.0183563 -6.29164e-05 3.12567e-05 -0.0183563 0.0906607 2.32738e-05 0.000118902 -6.29164e-05 2.32738e-05 0.00992983 -0.0182955 3.12567e-05 0.000118902 -0.0182955 0.0906435 
0.00996197 -0.018325 -5.65504e-05 2.57094e-05 -0.018325 0.0905182 2.16612e-05 0.000118493 -5.65504e-05 2.16612e-05 0.0099413 -0.0182703 2.57094e-05 0.000118493 -0.0182703 0.0905177 
0.00993012 -0.0182367 -4.10462e-05 1.76613e-05 -0.0182367 0.0902195 1.82861e-05 0.00012681 -4.10462e-05 1.82861e-05 0.00991989 -0.0182635 1.76613e-05 0.00012681 -0.0182635 0.0903619 
0.00991944 -0.0181937 -4.11075e-05 -4.54654e-06 -0.0181937 0.0899993 -3.53436e-07 0.000164111 -4.11075e-05 -3.53436e-07 0.00989901 -0.0182356 -4.54654e-06 0.000164111 -0.0182356 0.0902408 
0.00992234 -0.018168 -4.43482e-05 -3.31197e-06 -0.018168 0.0898135 2.74948e-07 0.000179563 -4.43482e-05 2.74948e-07 0.009857 -0.0181888 -3.31197e-06 0.000179563 -0.0181888 0.0900426 
0.00990214 -0.0181587 -4.72523e-05 6.21779e-06 -0.0181587 0.0896702 5.38418e-06 0.000165124 -4.72523e-05 5.38418e-06 0.00983145 -0.0181206 6.21779e-06 0.000165124 -0.0181206 0.0897895 
0.00991291 -0.0182203 -3.16568e-05 1.70659e-05 -0.0182203 0.0899726 1.40845e-05 0.000134995 -3.16568e-05 1.40845e-05 0.00986212 -0.0181573 1.70659e-05 0.000134995 -0.0181573 0.089974 
0.00990554 -0.0182323 -4.13471e-05 -5.4351e-06 -0.0182323 0.0901112 -8.43774e-06 0.000159644 -4.13471e-05 -8.43774e-06 0.00988636 -0.0181871 -5.4351e-06 0.000159644 -0.0181871 0.0900895 
0.00993553 -0.0182585 -5.66579e-05 2.89232e-06 -0.0182585 0.0903446 -1.05477e-06 0.000169101 -5.66579e-05 -1.05477e-06 0.00990613 -0.0182631 2.89232e-06 0.000169101 -0.0182631 0.090413 
0.00995055 -0.0182236 -5.87952e-05 2.21299e-05 -0.0182236 0.0901699 1.69903e-05 0.000138267 -5.87952e-05 1.69903e-05 0.00986479 -0.0182273 2.21299e-05 0.000138267 -0.0182273 0.0902944 
0.0099525 -0.0182845 -4.84319e-05 2.29115e-05 -0.0182845 0.0903356 2.27923e-05 0.000116877 -4.84319e-05 2.27923e-05 0.00988571 -0.0182164 2.29115e-05 0.000116877 -0.0182164 0.0903622 
0.0098977 -0.0181918 -3.58763e-05 1.03232e-05 -0.0181918 0.0899489 1.15352e-05 0.000127247 -3.58763e-05 1.15352e-05 0.00986255 -0.0181425 1.03232e-05 0.000127247 -0.0181425 0.0899415 
0.0098646 -0.0181356 -2.65716e-05 -4.03768e-06 -0.0181356 0.0897157 -4.5116e-06 0.000160088 -2.65716e-05 -4.5116e-06 0.00985218 -0.0181252 -4.03768e-06 0.000160088 -0.0181252 0.0897708 
0.00983679 -0.0180527 -2.02948e-05 -1.83514e-05 -0.0180527 0.0893401 -1.42699e-05 0.000193542 -2.02948e-05 -1.42699e-05 0.00980485 -0.018076 -1.83514e-05 0.000193542 -0.018076 0.0894842 
0.00987606 -0.0181007 -3.01085e-05 -2.46972e-05 -0.0181007 0.0895324 -1.82268e-05 0.00021042 -3.01085e-05 -1.82268e-05 0.0097933 -0.0181105 -2.46972e-05 0.00021042 -0.0181105 0.0897045 
0.00990189 -0.0181379 -3.81525e-05 -1.35188e-05 -0.0181379 0.0896453 -6.32321e-06 0.000198775 -3.81525e-05 -6.32321e-06 0.0097725 -0.0180851 -1.35188e-05 0.000198775 -0.0180851 0.0897221 
0.00987766 -0.0181097 -5.0293e-05 -1.33284e-06 -0.0181097 0.0894424 5.45321e-07 0.000174985 -5.0293e-05 5.45321e-07 0.00974472 -0.0179866 -1.33284e-06 0.000174985 -0.0179866 0.0893449 
0.00988927 -0.0181905 -4.64098e-05 1.86933e-05 -0.0181905 0.0898276 1.38566e-05 0.000138611 -4.64098e-05 1.38566e-05 0.00980344 -0.018043 1.86933e-05 0.000138611 -0.018043 0.0895922 
0.00986952 -0.0181539 -3.71333e-05 1.33546e-05 -0.0181539 0.0897662 7.499e-06 0.000131592 -3.71333e-05 7.499e-06 0.00982155 -0.0180612 1.33546e-05 0.000131592 -0.0180612 0.0895613 
0.00986706 -0.0181105 -1.27094e-05 -6.516e-07 -0.0181105 0.0896065 -6.97998e-07 0.000148524 -1.27094e-05 -6.97998e-07 0.00981928 -0.0180728 -6.516e-07 0.000148524 -0.0180728 0.0895253 
0.00988938 -0.0181243 -1.70251e-05 -3.36141e-05 -0.0181243 0.0896217 -2.63579e-05 0.000202277 -1.70251e-05 -2.63579e-05 0.00981477 -0.0181008 -3.36141e-05 0.000202277 -0.0181008 0.0896354 
0.00989359 -0.0181748 -2.10208e-05 -3.50372e-05 -0.0181748 0.089792 -2.15663e-05 0.000230497 -2.10208e-05 -2.15663e-05 0.00984191 -0.0181246 -3.50372e-05 0.000230497 -0.0181246 0.0898074 
0.00987354 -0.0181245 -2.28762e-05 -3.11298e-05 -0.0181245 0.0896067 -1.60318e-05 0.000228878 -2.28762e-05 -1.60318e-05 0.00983236 -0.0181061 -3.11298e-05 0.000228878 -0.0181061 0.0896708 
0.00984887 -0.0180997 -2.66382e-05 -1.96392e-05 -0.0180997 0.0894863 -7.78114e-06 0.000202272 -2.66382e-05 -7.78114e-06 0.00983591 -0.0181054 -1.96392e-05 0.000202272 -0.0181054 0.0896356 
0.00984814 -0.018059 -4.40893e-05 -9.56977e-06 -0.018059 0.0893394 -5.98262e-06 0.000178092 -4.40893e-05 -5.98262e-06 0.00980382 -0.0181039 -9.56977e-06 0.000178092 -0.0181039 0.0895923 
0.00980331 -0.0180032 -4.75531e-05 1.48262e-05 -0.0180032 0.089 9.42153e-06 0.000138862 -4.75531e-05 9.42153e-06 0.00975883 -0.0180105 1.48262e-05 0.000138862 -0.0180105 0.0892434 
0.00976467 -0.0179686 -4.62721e-05 2.45148e-05 -0.0179686 0.0888472 1.77569e-05 9.95043e-05 -4.62721e-05 1.77569e-05 0.00975394 -0.0179561 2.45148e-05 9.95043e-05 -0.0179561 0.089016 
0.00973365 -0.0179259 -4.54287e-05 2.30476e-05 -0.0179259 0.0887251 1.7533e-05 8.55511e-05 -4.54287e-05 1.7533e-05 0.00975931 -0.0179507 2.30476e-05 8.55511e-05 -0.0179507 0.0889131 
0.00976336 -0.0179299 -2.17641e-05 2.11745e-05 -0.0179299 0.0888193 1.40813e-05 8.77512e-05 -2.17641e-05 1.40813e-05 0.00975878 -0.0180023 2.11745e-05 8.77512e-05 -0.0180023 0.0890999 
0.00978986 -0.0179788 -3.17717e-05 -5.88077e-06 -0.0179788 0.0889872 -1.12945e-05 0.000127129 -3.17717e-05 -1.12945e-05 0.00976474 -0.0180191 -5.88077e-06 0.000127129 -0.0180191 0.089266 
0.00980791 -0.0180455 -4.6798e-05 -6.07124e-07 -0.0180455 0.0892819 -8.58017e-07 0.000141585 -4.6798e-05 -8.58017e-07 0.00979646 -0.0180505 -6.07124e-07 0.000141585 -0.0180505 0.0894797 
0.00982149 -0.0180643 -5.83079e-05 1.52223e-05 -0.0180643 0.08944 1.68381e-05 0.000118716 -5.83079e-05 1.68381e-05 0.00980892 -0.0180884 1.52223e-05 0.000118716 -0.0180884 0.089632 
0.00983617 -0.0180753 -6.54986e-05 2.65932e-05 -0.0180753 0.0895139 2.83578e-05 9.12721e-05 -6.54986e-05 2.83578e-05 0.00980073 -0.0181015 2.65932e-05 9.12721e-05 -0.0181015 0.0897215 
0.00982633 -0.018068 -6.50438e-05 3.70617e-05 -0.018068 0.0894682 3.68525e-05 6.52147e-05 -6.50438e-05 3.68525e-05 0.00980257 -0.018077 3.70617e-05 6.52147e-05 -0.018077 0.0896671 
0.00980851 -0.0180027 -4.67322e-05 3.85071e-05 -0.0180027 0.0891733 3.55111e-05 5.53315e-05 -4.67322e-05 3.55111e-05 0.00977205 -0.0180252 3.85071e-05 5.53315e-05 -0.0180252 0.0893822 
0.00979057 -0.0179836 -3.78929e-05 1.68455e-05 -0.0179836 0.0889981 1.59524e-05 8.18179e-05 -3.78929e-05 1.59524e-05 0.00974873 -0.0179737 1.68455e-05 8.18179e-05 -0.0179737 0.0891474 
0.00975644 -0.0179728 -3.09969e-05 8.26773e-06 -0.0179728 0.0889383 7.9654e-06 0.000105203 -3.09969e-05 7.9654e-06 0.00975539 -0.017952 8.26773e-06 0.000105203 -0.017952 0.0890316 
0.00970293 -0.0178713 -2.81541e-05 -8.51128e-07 -0.0178713 0.0885471 6.97614e-07 0.000124197 -2.81541e-05 6.97614e-07 0.00973351 -0.0179002 -8.51128e-07 0.000124197 -0.0179002 0.0886931 
