0.00687546 0 6.35895e-05 0 0 0.00992295 0 0 6.35895e-05 0 0.0071297 0 0 0 0 0.00992295 
0.00942669 -0.0117033 8.58031e-05 -0.000107057 -0.0117033 0.0312191 -0.000107057 0.000204812 8.58031e-05 -0.000107057 0.00970691 -0.0120454 -0.000107057 0.000204812 -0.0120454 0.0318747 
0.00974654 -0.0181872 3.49824e-05 -0.00015534 -0.0181872 0.0671544 -0.00015534 0.000500031 3.49824e-05 -0.00015534 0.00994772 -0.0184957 -0.00015534 0.000500031 -0.0184957 0.0680971 
0.00925443 -0.0180061 -4.33046e-05 -5.38687e-05 -0.0180061 0.0809488 -5.46109e-05 0.000335806 -4.33046e-05 -5.46109e-05 0.00937371 -0.017987 -5.38687e-05 0.000335806 -0.017987 0.080497 
0.00898607 -0.0169836 -7.49701e-05 5.01287e-05 -0.0169836 0.082364 5.47973e-05 1.51134e-05 -7.49701e-05 5.47973e-05 0.00909859 -0.0168694 5.01287e-05 1.51134e-05 -0.0168694 0.0810318 
0.00968845 -0.0179668 -6.90911e-05 9.66009e-05 -0.0179668 0.0887824 0.000108112 -0.000192341 -6.90911e-05 0.000108112 0.00981256 -0.0178972 9.66009e-05 -0.000192341 -0.0178972 0.0874256 
0.0094411 -0.017395 -2.64801e-05 7.96621e-05 -0.017395 0.0861215 9.22058e-05 -0.000231799 -2.64801e-05 9.22058e-05 0.00953674 -0.0173644 7.96621e-05 -0.000231799 -0.0173644 0.0851303 
0.0100727 -0.0185646 1.37449e-05 3.34688e-05 -0.0185646 0.091842 4.3996e-05 -0.000170225 1.37449e-05 4.3996e-05 0.0101683 -0.0185111 3.34688e-05 -0.000170225 -0.0185111 0.0909716 
0.00986432 -0.0181142 5.848e-05 -2.07028e-05 -0.0181142 0.0896194 -1.61814e-05 -3.12719e-05 5.848e-05 -1.61814e-05 0.00989745 -0.0180464 -2.07028e-05 -3.12719e-05 -0.0180464 0.0888063 
0.00972313 -0.0178724 7.09525e-05 -7.18859e-05 -0.0178724 0.0882669 -7.52317e-05 0.00011207 7.09525e-05 -7.52317e-05 0.00973659 -0.0177293 -7.18859e-05 0.00011207 -0.0177293 0.0873543 
0.00964874 -0.0177362 4.73701e-05 -8.19908e-05 -0.0177362 0.0875427 -9.13291e-05 0.000186091 4.73701e-05 -9.13291e-05 0.00964912 -0.0175611 -8.19908e-05 0.000186091 -0.0175611 0.0865083 
0.00960156 -0.0176851 1.43029e-05 -5.48128e-05 -0.0176851 0.0872485 -6.68416e-05 0.000171171 1.43029e-05 -6.68416e-05 0.00962185 -0.0174942 -5.48128e-05 0.000171171 -0.0174942 0.0861412 
0.00954605 -0.0176252 -1.86705e-05 -1.19577e-05 -0.0176252 0.0869933 -2.12616e-05 8.30663e-05 -1.86705e-05 -2.12616e-05 0.0096158 -0.0174545 -1.19577e-05 8.30663e-05 -0.0174545 0.0858863 
0.00948985 -0.0175355 -2.57084e-05 2.93561e-05 -0.0175355 0.0866544 2.59988e-05 -3.20249e-05 -2.57084e-05 2.59988e-05 0.00959944 -0.0174277 2.93561e-05 -3.20249e-05 -0.0174277 0.0856555 
0.00946069 -0.0174673 -3.80388e-05 4.44344e-05 -0.0174673 0.0864024 4.25003e-05 -0.000112948 -3.80388e-05 4.25003e-05 0.0095835 -0.0174236 4.44344e-05 -0.000112948 -0.0174236 0.0855755 
0.00943577 -0.0174149 -5.05031e-05 5.64003e-05 -0.0174149 0.086166 5.32173e-05 -0.000153829 -5.05031e-05 5.32173e-05 0.00956545 -0.0174039 5.64003e-05 -0.000153829 -0.0174039 0.0854858 
0.00946876 -0.0174581 -3.89109e-05 6.69311e-05 -0.0174581 0.0863893 6.18759e-05 -0.000176867 -3.89109e-05 6.18759e-05 0.00958276 -0.017468 6.69311e-05 -0.000176867 -0.017468 0.0858128 
0.00949148 -0.0174704 3.52023e-06 5.26719e-05 -0.0174704 0.0864126 4.74865e-05 -0.000164673 3.52023e-06 4.74865e-05 0.00957162 -0.0174596 5.26719e-05 -0.000164673 -0.0174596 0.0858488 
0.00950831 -0.0175161 3.98534e-05 3.15654e-06 -0.0175161 0.086546 -1.20679e-07 -8.45261e-05 3.98534e-05 -1.20679e-07 0.00957135 -0.0174519 3.15654e-06 -8.45261e-05 -0.0174519 0.0858828 
0.0095215 -0.0175462 3.38974e-05 -4.57414e-05 -0.0175462 0.0866926 -4.77845e-05 3.58552e-05 3.38974e-05 -4.77845e-05 0.00958052 -0.0174633 -4.57414e-05 3.58552e-05 -0.0174633 0.0859535 
0.00949139 -0.0175168 3.25008e-05 -3.85809e-05 -0.0175168 0.0865651 -3.88334e-05 7.2676e-05 3.25008e-05 -3.88334e-05 0.00957459 -0.0174348 -3.85809e-05 7.2676e-05 -0.0174348 0.0858078 
0.00948449 -0.0174948 2.81229e-05 -3.61909e-05 -0.0174948 0.0865209 -3.33017e-05 6.68661e-05 2.81229e-05 -3.33017e-05 0.00956618 -0.017444 -3.61909e-05 6.68661e-05 -0.017444 0.0858121 
0.00946163 -0.0174844 1.86498e-05 -3.17393e-05 -0.0174844 0.086477 -2.89143e-05 5.80577e-05 1.86498e-05 -2.89143e-05 0.00959083 -0.0174336 -3.17393e-05 5.80577e-05 -0.0174336 0.0857986 
0.00943193 -0.0173946 1.48393e-06 -1.81456e-05 -0.0173946 0.0861047 -1.96832e-05 3.73437e-05 1.48393e-06 -1.96832e-05 0.00956276 -0.0173958 -1.81456e-05 3.73437e-05 -0.0173958 0.0855072 
0.0094886 -0.0174811 -9.84124e-06 7.52867e-06 -0.0174811 0.0864798 2.75643e-06 -1.26013e-05 -9.84124e-06 2.75643e-06 0.00960345 -0.0174854 7.52867e-06 -1.26013e-05 -0.0174854 0.0859278 
0.00952643 -0.0175663 -5.61232e-06 3.15494e-05 -0.0175663 0.0868336 2.10963e-05 -7.75658e-05 -5.61232e-06 2.10963e-05 0.00961819 -0.0175432 3.15494e-05 -7.75658e-05 -0.0175432 0.0862396 
0.00954868 -0.0175843 -1.47074e-05 3.09155e-05 -0.0175843 0.0869423 1.49754e-05 -0.000102494 -1.47074e-05 1.49754e-05 0.00960152 -0.017544 3.09155e-05 -0.000102494 -0.017544 0.0863111 
0.00952671 -0.0175876 -1.3082e-05 4.26307e-05 -0.0175876 0.0869205 2.64928e-05 -0.000129026 -1.3082e-05 2.64928e-05 0.00960011 -0.0175013 4.26307e-05 -0.000129026 -0.0175013 0.0862079 
0.00946903 -0.017496 -1.37651e-06 4.14066e-05 -0.017496 0.0865541 3.1748e-05 -0.000151304 -1.37651e-06 3.1748e-05 0.00958111 -0.0174334 4.14066e-05 -0.000151304 -0.0174334 0.0858388 
0.0094029 -0.0173985 9.56642e-06 2.51739e-05 -0.0173985 0.0861355 2.3784e-05 -0.000143559 9.56642e-06 2.3784e-05 0.00957702 -0.0173814 2.51739e-05 -0.000143559 -0.0173814 0.0855044 
0.00938821 -0.0173547 1.3971e-05 7.62982e-06 -0.0173547 0.0860165 9.88584e-06 -0.000111404 1.3971e-05 9.88584e-06 0.00957807 -0.0174259 7.62982e-06 -0.000111404 -0.0174259 0.0855762 
0.00939082 -0.0173166 1.91168e-05 -5.03367e-07 -0.0173166 0.0858366 2.43197e-06 -8.15609e-05 1.91168e-05 2.43197e-06 0.00954695 -0.0174106 -5.03367e-07 -8.15609e-05 -0.0174106 0.0855267 
0.00936998 -0.0172948 2.46703e-05 -1.33929e-05 -0.0172948 0.0856505 -7.62625e-06 -4.76467e-05 2.46703e-05 -7.62625e-06 0.00951869 -0.0173538 -1.33929e-05 -4.76467e-05 -0.0173538 0.0853376 
0.00935283 -0.0172845 7.40341e-06 -2.33408e-05 -0.0172845 0.0856013 -1.78251e-05 -1.23051e-05 7.40341e-06 -1.78251e-05 0.00951692 -0.0173312 -2.33408e-05 -1.23051e-05 -0.0173312 0.0852529 
0.00934239 -0.0172276 -2.38683e-05 6.72328e-07 -0.0172276 0.0853781 -5.22364e-07 -2.739e-05 -2.38683e-05 -5.22364e-07 0.00947974 -0.0173019 6.72328e-07 -2.739e-05 -0.0173019 0.0850712 
0.00938054 -0.017219 -2.55232e-05 4.5828e-05 -0.017219 0.0852847 3.86226e-05 -0.000108858 -2.55232e-05 3.86226e-05 0.00943001 -0.0172722 4.5828e-05 -0.000108858 -0.0172722 0.0849866 
0.0094085 -0.0172995 -2.52348e-05 5.14831e-05 -0.0172995 0.0854651 4.46708e-05 -0.000161678 -2.52348e-05 4.46708e-05 0.00941607 -0.0172315 5.14831e-05 -0.000161678 -0.0172315 0.0849633 
0.0094337 -0.0174142 -1.51411e-05 4.60668e-05 -0.0174142 0.0859815 4.3504e-05 -0.000168725 -1.51411e-05 4.3504e-05 0.00945911 -0.0172762 4.60668e-05 -0.000168725 -0.0172762 0.0852426 
0.00942278 -0.0174341 6.74193e-06 3.26107e-05 -0.0174341 0.0861959 3.15074e-05 -0.000148032 6.74193e-06 3.15074e-05 0.00949726 -0.0173105 3.26107e-05 -0.000148032 -0.0173105 0.0853772 
0.00939585 -0.0173927 3.32506e-05 4.49265e-06 -0.0173927 0.086136 6.60361e-06 -9.65771e-05 3.32506e-05 6.60361e-06 0.00952526 -0.0173317 4.49265e-06 -9.65771e-05 -0.0173317 0.0853965 
0.00933002 -0.0172578 3.04866e-05 -3.26242e-05 -0.0172578 0.0855667 -2.74475e-05 -1.35024e-05 3.04866e-05 -2.74475e-05 0.00950096 -0.0172778 -3.26242e-05 -1.35024e-05 -0.0172778 0.0850174 
0.00934046 -0.0172353 1.88616e-05 -3.24064e-05 -0.0172353 0.0854768 -2.63114e-05 2.36442e-05 1.88616e-05 -2.63114e-05 0.00950224 -0.017311 -3.24064e-05 2.36442e-05 -0.017311 0.0850999 
0.00936137 -0.0172864 8.28749e-06 -1.56212e-05 -0.0172864 0.0856523 -1.13682e-05 5.79935e-06 8.28749e-06 -1.13682e-05 0.00952102 -0.0173562 -1.56212e-05 5.79935e-06 -0.0173562 0.0853409 
0.00936278 -0.0173157 3.7658e-06 1.51309e-06 -0.0173157 0.0857865 5.12247e-07 -2.81735e-05 3.7658e-06 5.12247e-07 0.00953833 -0.0173749 1.51309e-06 -2.81735e-05 -0.0173749 0.0854672 
0.00939656 -0.017335 -1.0965e-05 1.3405e-05 -0.017335 0.0859399 6.09582e-06 -6.07995e-05 -1.0965e-05 6.09582e-06 0.0095376 -0.0174157 1.3405e-05 -6.07995e-05 -0.0174157 0.0856503 
0.00942204 -0.0173793 -1.49847e-05 3.74535e-05 -0.0173793 0.0860902 2.6296e-05 -0.000113284 -1.49847e-05 2.6296e-05 0.00953861 -0.0174198 3.74535e-05 -0.000113284 -0.0174198 0.085759 
0.00943537 -0.0174019 4.30893e-06 4.56147e-05 -0.0174019 0.0861679 3.44238e-05 -0.000153611 4.30893e-06 3.44238e-05 0.00953061 -0.0174071 4.56147e-05 -0.000153611 -0.0174071 0.0857476 
0.00943746 -0.0173564 5.39963e-05 2.2912e-05 -0.0173564 0.0859336 1.10249e-05 -0.000133891 5.39963e-05 1.10249e-05 0.00947247 -0.0173419 2.2912e-05 -0.000133891 -0.0173419 0.0854549 
0.00943055 -0.0172947 6.08415e-05 -3.53511e-05 -0.0172947 0.0855195 -4.72813e-05 -3.49483e-05 6.08415e-05 -4.72813e-05 0.0093785 -0.0172145 -3.53511e-05 -3.49483e-05 -0.0172145 0.0849305 
0.00942245 -0.0172948 5.26953e-05 -4.63178e-05 -0.0172948 0.085337 -5.30954e-05 2.62737e-05 5.26953e-05 -5.30954e-05 0.0093239 -0.0170904 -4.63178e-05 2.62737e-05 -0.0170904 0.084482 
0.00936358 -0.0172498 2.55254e-05 -3.98494e-05 -0.0172498 0.0850527 -3.95362e-05 2.6132e-05 2.55254e-05 -3.95362e-05 0.00930438 -0.0169798 -3.98494e-05 2.6132e-05 -0.0169798 0.0839651 
0.010126 -0.0186703 2.8748e-06 -1.47015e-05 -0.0186703 0.0921571 -6.08087e-06 -2.32915e-05 2.8748e-06 -6.08087e-06 0.0101087 -0.0184254 -1.47015e-05 -2.32915e-05 -0.0184254 0.0909498 
0.0101052 -0.0186601 -1.16552e-05 1.00113e-05 -0.0186601 0.0921748 2.02623e-05 -8.19109e-05 -1.16552e-05 2.02623e-05 0.0101299 -0.0184778 1.00113e-05 -8.19109e-05 -0.0184778 0.0910831 
0.00929724 -0.017181 -1.17224e-05 2.53343e-05 -0.017181 0.0849557 3.22419e-05 -0.000116899 -1.17224e-05 3.22419e-05 0.00935094 -0.0170664 2.53343e-05 -0.000116899 -0.0170664 0.0840906 
0.00932871 -0.0172318 -1.26773e-05 2.6155e-05 -0.0172318 0.0852851 3.422e-05 -0.000132573 -1.26773e-05 3.422e-05 0.00940083 -0.0171637 2.6155e-05 -0.000132573 -0.0171637 0.0845613 
0.00934159 -0.0172412 -1.22209e-05 2.8756e-05 -0.0172412 0.0853613 3.52432e-05 -0.000139394 -1.22209e-05 3.52432e-05 0.00941854 -0.0171978 2.8756e-05 -0.000139394 -0.0171978 0.0847358 
0.00935033 -0.0172499 -1.38914e-05 2.55507e-05 -0.0172499 0.0854048 2.8122e-05 -0.000126409 -1.38914e-05 2.8122e-05 0.00942894 -0.0172206 2.55507e-05 -0.000126409 -0.0172206 0.0848493 
0.00933559 -0.0172295 -2.03461e-05 2.56488e-05 -0.0172295 0.0852934 2.6935e-05 -0.000115165 -2.03461e-05 2.6935e-05 0.00941851 -0.0171991 2.56488e-05 -0.000115165 -0.0171991 0.084757 
0.00930628 -0.0171749 -1.27351e-05 3.30943e-05 -0.0171749 0.0850385 3.49263e-05 -0.000123007 -1.27351e-05 3.49263e-05 0.00938771 -0.0171509 3.30943e-05 -0.000123007 -0.0171509 0.0845196 
0.00927767 -0.0171552 -7.01177e-06 2.62887e-05 -0.0171552 0.0849544 2.4371e-05 -0.000115945 -7.01177e-06 2.4371e-05 0.00938856 -0.0171347 2.62887e-05 -0.000115945 -0.0171347 0.0844553 
0.00927568 -0.0171031 1.02757e-06 1.99713e-05 -0.0171031 0.0847789 1.73857e-05 -0.000100049 1.02757e-06 1.73857e-05 0.00935711 -0.0171185 1.99713e-05 -0.000100049 -0.0171185 0.0843433 
0.00927433 -0.0170836 8.0795e-06 4.51228e-06 -0.0170836 0.0846075 5.36616e-06 -6.63071e-05 8.0795e-06 5.36616e-06 0.00932174 -0.0170618 4.51228e-06 -6.63071e-05 -0.0170618 0.0841477 
0.0092882 -0.0171273 9.23216e-06 -4.62941e-06 -0.0171273 0.0847676 1.2522e-07 -4.11356e-05 9.23216e-06 1.2522e-07 0.00934183 -0.0170736 -4.62941e-06 -4.11356e-05 -0.0170736 0.0842479 
0.0100577 -0.0185609 3.38806e-06 -3.98499e-06 -0.0185609 0.0918662 4.84064e-06 -4.34687e-05 3.38806e-06 4.84064e-06 0.0101343 -0.0184996 -3.98499e-06 -4.34687e-05 -0.0184996 0.0912538 
0.0100345 -0.0185239 -4.69269e-06 8.01255e-06 -0.0185239 0.0917078 1.43973e-05 -6.57807e-05 -4.69269e-06 1.43973e-05 0.0101335 -0.0184856 8.01255e-06 -6.57807e-05 -0.0184856 0.0911229 
0.0100178 -0.0184897 -8.6721e-06 1.79567e-05 -0.0184897 0.0915508 1.93561e-05 -8.56539e-05 -8.6721e-06 1.93561e-05 0.0101087 -0.0184725 1.79567e-05 -8.56539e-05 -0.0184725 0.0910073 
0.0099961 -0.0184335 2.58791e-06 1.88368e-05 -0.0184335 0.0912799 1.75741e-05 -8.57497e-05 2.58791e-06 1.75741e-05 0.0100702 -0.018419 1.88368e-05 -8.57497e-05 -0.018419 0.0907755 
0.00999206 -0.018433 2.53989e-05 3.33816e-06 -0.018433 0.0912352 1.56831e-06 -5.70777e-05 2.53989e-05 1.56831e-06 0.0100573 -0.0183903 3.33816e-06 -5.70777e-05 -0.0183903 0.0906899 
0.00999963 -0.018464 2.70845e-05 -2.69324e-05 -0.018464 0.0913906 -2.89723e-05 7.61791e-06 2.70845e-05 -2.89723e-05 0.0100717 -0.018415 -2.69324e-05 7.61791e-06 -0.018415 0.0908171 
0.0100054 -0.018447 1.79764e-05 -3.28868e-05 -0.018447 0.0913442 -3.32467e-05 5.05374e-05 1.79764e-05 -3.32467e-05 0.010044 -0.018405 -3.28868e-05 5.05374e-05 -0.018405 0.0907725 
0.0100406 -0.0185007 8.05338e-06 -1.84842e-05 -0.0185007 0.0915656 -1.55027e-05 3.32507e-05 8.05338e-06 -1.55027e-05 0.0100303 -0.0184197 -1.84842e-05 3.32507e-05 -0.0184197 0.0909414 
0.0100339 -0.018524 -8.29656e-06 2.68341e-07 -0.018524 0.0916369 6.98291e-06 -2.19029e-05 -8.29656e-06 6.98291e-06 0.010034 -0.0183792 2.68341e-07 -2.19029e-05 -0.0183792 0.0908811 
0.00999068 -0.0184344 -8.2283e-06 2.40096e-05 -0.0184344 0.0912658 3.0652e-05 -8.76646e-05 -8.2283e-06 3.0652e-05 0.0100033 -0.0183067 2.40096e-05 -8.76646e-05 -0.0183067 0.0904845 
0.00995192 -0.0183804 -7.50168e-06 2.53539e-05 -0.0183804 0.0910025 2.06665e-05 -0.000104565 -7.50168e-06 2.06665e-05 0.00998337 -0.0182646 2.53539e-05 -0.000104565 -0.0182646 0.0902392 
0.00989366 -0.018298 3.38882e-07 2.73518e-05 -0.018298 0.090642 1.39297e-05 -9.95269e-05 3.38882e-07 1.39297e-05 0.00996919 -0.0182132 2.73518e-05 -9.95269e-05 -0.0182132 0.0899486 
0.00987258 -0.018214 2.05375e-05 1.60644e-05 -0.018214 0.0903161 4.30093e-06 -7.99394e-05 2.05375e-05 4.30093e-06 0.00993464 -0.0181972 1.60644e-05 -7.99394e-05 -0.0181972 0.0897794 
0.00989906 -0.01823 3.51293e-05 -1.17602e-05 -0.01823 0.0903345 -1.8135e-05 -3.18147e-05 3.51293e-05 -1.8135e-05 0.00991392 -0.0182011 -1.17602e-05 -3.18147e-05 -0.0182011 0.0898583 
0.0099301 -0.0182938 5.61554e-05 -2.87559e-05 -0.0182938 0.0905448 -3.20545e-05 1.15199e-05 5.61554e-05 -3.20545e-05 0.00991322 -0.018199 -2.87559e-05 1.15199e-05 -0.018199 0.0899714 
0.00997034 -0.0183577 6.19252e-05 -5.50495e-05 -0.0183577 0.0908232 -5.76953e-05 6.73382e-05 6.19252e-05 -5.76953e-05 0.00990404 -0.0182158 -5.50495e-05 6.73382e-05 -0.0182158 0.0901141 
0.0099725 -0.0184083 6.69814e-05 -6.06087e-05 -0.0184083 0.0910252 -6.35671e-05 9.9025e-05 6.69814e-05 -6.35671e-05 0.00992238 -0.0182003 -6.06087e-05 9.9025e-05 -0.0182003 0.0901554 
0.00996417 -0.0184354 6.76755e-05 -6.63096e-05 -0.0184354 0.0912388 -6.87518e-05 0.000115368 6.76755e-05 -6.87518e-05 0.00996228 -0.0182389 -6.63096e-05 0.000115368 -0.0182389 0.0903071 
0.0099405 -0.0183553 4.39509e-05 -6.66989e-05 -0.0183553 0.0909925 -6.81444e-05 0.000119537 4.39509e-05 -6.81444e-05 0.00994804 -0.0182358 -6.66989e-05 0.000119537 -0.0182358 0.090191 
0.00989119 -0.0182793 1.79194e-05 -3.38902e-05 -0.0182793 0.0906181 -3.35314e-05 6.21925e-05 1.79194e-05 -3.35314e-05 0.00993759 -0.0181844 -3.38902e-05 6.21925e-05 -0.0181844 0.089941 
0.00987413 -0.0182557 -1.1972e-06 2.78968e-06 -0.0182557 0.0905618 2.62609e-06 -2.97892e-05 -1.1972e-06 2.62609e-06 0.00997008 -0.0182251 2.78968e-06 -2.97892e-05 -0.0182251 0.0900487 
0.00982571 -0.0181852 -2.34589e-08 2.74707e-05 -0.0181852 0.0902554 2.4275e-05 -0.000104979 -2.34589e-08 2.4275e-05 0.00997978 -0.018213 2.74707e-05 -0.000104979 -0.018213 0.0899052 
0.00979726 -0.0181528 -8.9706e-06 2.68557e-05 -0.0181528 0.0901664 2.41302e-05 -0.000135389 -8.9706e-06 2.41302e-05 0.0100219 -0.018263 2.68557e-05 -0.000135389 -0.018263 0.0900269 
0.00979442 -0.018101 1.50246e-06 3.35767e-05 -0.018101 0.0900017 3.25482e-05 -0.000149714 1.50246e-06 3.25482e-05 0.0100132 -0.0183122 3.35767e-05 -0.000149714 -0.0183122 0.0901287 
0.00978917 -0.0180461 -1.18863e-05 1.84349e-05 -0.0180461 0.0896736 1.67843e-05 -0.000128674 -1.18863e-05 1.67843e-05 0.00996189 -0.0182587 1.84349e-05 -0.000128674 -0.0182587 0.0899292 
0.00980404 -0.0180552 -9.87693e-07 2.82224e-05 -0.0180552 0.0895881 2.70078e-05 -0.000123705 -9.87693e-07 2.70078e-05 0.00992172 -0.0182033 2.82224e-05 -0.000123705 -0.0182033 0.0897685 
0.00982964 -0.0180951 -8.10321e-06 1.38048e-05 -0.0180951 0.0896702 1.73957e-05 -0.000108454 -8.10321e-06 1.73957e-05 0.00989322 -0.01816 1.38048e-05 -0.000108454 -0.01816 0.0896552 
0.00986158 -0.0181779 -2.24024e-05 1.59379e-05 -0.0181779 0.089996 2.3869e-05 -9.91585e-05 -2.24024e-05 2.3869e-05 0.0099017 -0.0181691 1.59379e-05 -9.91585e-05 -0.0181691 0.0897713 
0.00988128 -0.0182391 -3.20287e-05 3.37023e-05 -0.0182391 0.0902874 4.17785e-05 -0.000124732 -3.20287e-05 4.17785e-05 0.00991444 -0.0181824 3.37023e-05 -0.000124732 -0.0181824 0.089877 
0.00989582 -0.0182482 -2.51648e-05 4.80163e-05 -0.0182482 0.0903819 5.42714e-05 -0.000160264 -2.51648e-05 5.42714e-05 0.00990377 -0.0181851 4.80163e-05 -0.000160264 -0.0181851 0.089894 
0.00990899 -0.0183072 -1.08316e-05 3.97881e-05 -0.0183072 0.0906532 4.51587e-05 -0.000161075 -1.08316e-05 4.51587e-05 0.00993747 -0.018214 3.97881e-05 -0.000161075 -0.018214 0.0900949 
0.00992297 -0.0183207 -3.37684e-06 2.36711e-05 -0.0183207 0.0907858 2.93192e-05 -0.000133284 -3.37684e-06 2.93192e-05 0.00994872 -0.0182446 2.36711e-05 -0.000133284 -0.0182446 0.090212 
0.00988975 -0.0182738 1.32174e-05 1.3837e-05 -0.0182738 0.0905568 1.97658e-05 -0.000103639 1.32174e-05 1.97658e-05 0.00993019 -0.0181911 1.3837e-05 -0.000103639 -0.0181911 0.0899692 
0.00984946 -0.0181536 9.40038e-06 -7.88823e-06 -0.0181536 0.0899906 -4.65251e-06 -5.14541e-05 9.40038e-06 -4.65251e-06 0.00986477 -0.0180809 -7.88823e-06 -5.14541e-05 -0.0180809 0.0894001 
0.00988768 -0.018228 2.78434e-05 -1.05312e-05 -0.018228 0.0902677 -1.08415e-05 -1.06912e-05 2.78434e-05 -1.08415e-05 0.009881 -0.0181261 -1.05312e-05 -1.06912e-05 -0.0181261 0.0896321 
0.00990623 -0.0182867 4.67179e-05 -2.59256e-05 -0.0182867 0.0905271 -3.00197e-05 2.33708e-05 4.67179e-05 -3.00197e-05 0.00992534 -0.0181615 -2.59256e-05 2.33708e-05 -0.0181615 0.089835 
0.0098995 -0.0182858 3.79271e-05 -4.33158e-05 -0.0182858 0.0905728 -5.04493e-05 6.33137e-05 3.79271e-05 -5.04493e-05 0.00995553 -0.0182009 -4.33158e-05 6.33137e-05 -0.0182009 0.0899295 
0.00989908 -0.0182685 8.80934e-06 -3.12385e-05 -0.0182685 0.0905331 -4.18197e-05 6.49131e-05 8.80934e-06 -4.18197e-05 0.00996302 -0.0182345 -3.12385e-05 6.49131e-05 -0.0182345 0.0900065 
0.00988314 -0.0182473 -2.22541e-05 4.2861e-06 -0.0182473 0.0904167 -3.07153e-06 -3.01072e-07 -2.22541e-05 -3.07153e-06 0.00996041 -0.0182303 4.2861e-06 -3.01072e-07 -0.0182303 0.0899798 
0.00986426 -0.0181987 -1.6358e-05 3.9824e-05 -0.0181987 0.090176 4.33577e-05 -0.000102426 -1.6358e-05 4.33577e-05 0.00992716 -0.0181837 3.9824e-05 -0.000102426 -0.0181837 0.0897542 
0.00985338 -0.0181484 7.41657e-06 2.95151e-05 -0.0181484 0.0898907 4.1569e-05 -0.000137389 7.41657e-06 4.1569e-05 0.00987321 -0.0181113 2.95151e-05 -0.000137389 -0.0181113 0.0894331 
0.0098672 -0.0182044 3.31431e-05 -3.10876e-06 -0.0182044 0.0900814 6.6354e-06 -8.37695e-05 3.31431e-05 6.6354e-06 0.00988651 -0.0181145 -3.10876e-06 -8.37695e-05 -0.0181145 0.0895194 
0.00988828 -0.01831 3.52611e-05 -3.61044e-05 -0.01831 0.0906304 -3.04425e-05 2.50981e-06 3.52611e-05 -3.04425e-05 0.00997064 -0.0182168 -3.61044e-05 2.50981e-06 -0.0182168 0.0900079 
0.00988971 -0.0182935 3.10677e-05 -3.9945e-05 -0.0182935 0.0907156 -3.51081e-05 4.83811e-05 3.10677e-05 -3.51081e-05 0.00999872 -0.0182826 -3.9945e-05 4.83811e-05 -0.0182826 0.0902093 
0.00988801 -0.0182892 4.19464e-05 -3.94698e-05 -0.0182892 0.090738 -3.27092e-05 6.67564e-05 4.19464e-05 -3.27092e-05 0.0100177 -0.0183243 -3.94698e-05 6.67564e-05 -0.0183243 0.0903867 
0.00989049 -0.018329 3.40812e-05 -5.17294e-05 -0.018329 0.0909692 -4.38182e-05 9.03455e-05 3.40812e-05 -4.38182e-05 0.0100655 -0.0183943 -5.17294e-05 9.03455e-05 -0.0183943 0.0907315 
0.00986543 -0.0182584 1.32764e-05 -4.0863e-05 -0.0182584 0.0907215 -3.63039e-05 9.01349e-05 1.32764e-05 -3.63039e-05 0.0100579 -0.0183772 -4.0863e-05 9.01349e-05 -0.0183772 0.0906096 
0.00988818 -0.0182135 1.42922e-05 -1.17222e-05 -0.0182135 0.0905014 -1.47149e-05 4.54228e-05 1.42922e-05 -1.47149e-05 0.0100097 -0.0183564 -1.17222e-05 4.54228e-05 -0.0183564 0.0904844 
0.0099076 -0.0182419 6.42134e-06 -4.95532e-06 -0.0182419 0.0904524 -1.56397e-05 1.32672e-05 6.42134e-06 -1.56397e-05 0.00997341 -0.0182971 -4.95532e-06 1.32672e-05 -0.0182971 0.0903333 
0.00992156 -0.0182893 -2.58404e-06 6.62011e-06 -0.0182893 0.0905714 -2.97035e-06 -1.76546e-05 -2.58404e-06 -2.97035e-06 0.00997313 -0.0182613 6.62011e-06 -1.76546e-05 -0.0182613 0.0902416 
0.00995167 -0.0183271 1.0398e-05 1.45984e-05 -0.0183271 0.0907481 1.30777e-05 -5.12066e-05 1.0398e-05 1.30777e-05 0.00997529 -0.018279 1.45984e-05 -5.12066e-05 -0.018279 0.0902917 
0.0100112 -0.0184604 1.54529e-05 -1.81871e-07 -0.0184604 0.0913516 2.14083e-06 -5.04001e-05 1.54529e-05 2.14083e-06 0.0100466 -0.0183807 -1.81871e-07 -5.04001e-05 -0.0183807 0.0908069 
0.00924561 -0.0171153 1.98887e-05 -5.29807e-06 -0.0171153 0.0846973 -6.81045e-06 -3.08857e-05 1.98887e-05 -6.81045e-06 0.00934878 -0.0170385 -5.29807e-06 -3.08857e-05 -0.0170385 0.0841343 
0.00925288 -0.0171269 6.28924e-06 -6.7059e-06 -0.0171269 0.0849176 -1.40714e-05 -2.19782e-05 6.28924e-06 -1.40714e-05 0.00940963 -0.0171462 -6.7059e-06 -2.19782e-05 -0.0171462 0.0844876 
0.00926028 -0.0171433 -6.53045e-06 8.22036e-06 -0.0171433 0.0850768 -1.26813e-06 -3.77767e-05 -6.53045e-06 -1.26813e-06 0.00945706 -0.0172386 8.22036e-06 -3.77767e-05 -0.0172386 0.08485 
0.00927032 -0.0170899 6.49838e-06 2.06822e-05 -0.0170899 0.0848586 1.61599e-05 -7.05786e-05 6.49838e-06 1.61599e-05 0.00942728 -0.0172325 2.06822e-05 -7.05786e-05 -0.0172325 0.0847873 
0.00927127 -0.0170795 -7.4138e-06 -3.47496e-07 -0.0170795 0.084669 3.32082e-06 -5.71432e-05 -7.4138e-06 3.32082e-06 0.00938903 -0.0171671 -3.47496e-07 -5.71432e-05 -0.0171671 0.0845609 
0.00929417 -0.0171292 -1.28642e-05 1.16675e-05 -0.0171292 0.0848223 1.97668e-05 -6.35602e-05 -1.28642e-05 1.97668e-05 0.00937833 -0.0171584 1.16675e-05 -6.35602e-05 -0.0171584 0.0845712 
0.00930194 -0.0171704 -1.82059e-05 2.14071e-05 -0.0171704 0.0849824 2.98041e-05 -9.11154e-05 -1.82059e-05 2.98041e-05 0.00937054 -0.0171421 2.14071e-05 -9.11154e-05 -0.0171421 0.0845561 
0.00928687 -0.0171754 -1.15838e-05 3.01166e-05 -0.0171754 0.0850377 3.85049e-05 -0.000117765 -1.15838e-05 3.85049e-05 0.00937934 -0.0171222 3.01166e-05 -0.000117765 -0.0171222 0.0844931 
0.00925586 -0.0171227 -9.16376e-06 2.53532e-05 -0.0171227 0.0848661 3.31649e-05 -0.000125535 -9.16376e-06 3.31649e-05 0.00939396 -0.0171039 2.53532e-05 -0.000125535 -0.0171039 0.0843403 
0.00924709 -0.0170965 9.05872e-06 1.75007e-05 -0.0170965 0.084789 2.17044e-05 -0.000102087 9.05872e-06 2.17044e-05 0.00940457 -0.0171379 1.75007e-05 -0.000102087 -0.0171379 0.0843797 
0.0100129 -0.0184879 -4.95073e-06 -2.19472e-06 -0.0184879 0.0917091 -2.33874e-06 -6.37706e-05 -4.95073e-06 -2.33874e-06 0.0101839 -0.0185758 -2.19472e-06 -6.37706e-05 -0.0185758 0.0914152 
0.00999611 -0.0184439 -2.38478e-05 1.3999e-05 -0.0184439 0.0914508 1.04736e-05 -5.80982e-05 -2.38478e-05 1.04736e-05 0.0101482 -0.0185375 1.3999e-05 -5.80982e-05 -0.0185375 0.0912336 
0.00998167 -0.0184228 -2.51043e-05 4.13468e-05 -0.0184228 0.0912859 3.53886e-05 -0.000106849 -2.51043e-05 3.53886e-05 0.0101036 -0.0184801 4.13468e-05 -0.000106849 -0.0184801 0.0910194 
0.00997405 -0.0184 -1.71602e-05 4.58672e-05 -0.0184 0.0911567 3.76353e-05 -0.000138265 -1.71602e-05 3.76353e-05 0.0100747 -0.0184206 4.58672e-05 -0.000138265 -0.0184206 0.0908057 
0.00996229 -0.0183826 -2.20321e-05 3.96194e-05 -0.0183826 0.0910505 3.07649e-05 -0.000140204 -2.20321e-05 3.07649e-05 0.0100525 -0.0183853 3.96194e-05 -0.000140204 -0.0183853 0.0906451 
0.00994957 -0.0183605 -1.91391e-05 4.19411e-05 -0.0183605 0.0909441 3.73855e-05 -0.000144591 -1.91391e-05 3.73855e-05 0.0100459 -0.0183594 4.19411e-05 -0.000144591 -0.0183594 0.0905298 
0.00992081 -0.0183363 -8.79073e-06 4.04081e-05 -0.0183363 0.0908305 3.66635e-05 -0.000149806 -8.79073e-06 3.66635e-05 0.0100574 -0.0183468 4.04081e-05 -0.000149806 -0.0183468 0.0904397 
0.00995712 -0.0183802 8.29943e-06 2.52782e-05 -0.0183802 0.0911139 1.89942e-05 -0.000121556 8.29943e-06 1.89942e-05 0.0100901 -0.018444 2.52782e-05 -0.000121556 -0.018444 0.0908238 
0.0100022 -0.01842 4.27348e-05 2.22013e-07 -0.01842 0.0912933 -6.81428e-06 -6.2844e-05 4.27348e-05 -6.81428e-06 0.0100833 -0.0184871 2.22013e-07 -6.2844e-05 -0.0184871 0.0910721 
0.010036 -0.0184807 5.81607e-05 -4.24346e-05 -0.0184807 0.0914934 -4.79756e-05 2.80665e-05 5.81607e-05 -4.79756e-05 0.0100736 -0.0184847 -4.24346e-05 2.80665e-05 -0.0184847 0.0911979 
0.0100452 -0.0185402 6.0547e-05 -5.90105e-05 -0.0185402 0.0917359 -6.35696e-05 8.92389e-05 6.0547e-05 -6.35696e-05 0.010093 -0.0184815 -5.90105e-05 8.92389e-05 -0.0184815 0.0912875 
0.00999672 -0.0185185 3.99104e-05 -6.12273e-05 -0.0185185 0.0917019 -6.32935e-05 0.00010867 3.99104e-05 -6.32935e-05 0.0101172 -0.0184665 -6.12273e-05 0.00010867 -0.0184665 0.0911908 
0.00995233 -0.0184228 3.69975e-05 -3.34714e-05 -0.0184228 0.0914086 -3.37953e-05 6.39905e-05 3.69975e-05 -3.37953e-05 0.0101032 -0.0184558 -3.34714e-05 6.39905e-05 -0.0184558 0.0910095 
0.00998811 -0.0184291 3.85324e-05 -2.55897e-05 -0.0184291 0.0915053 -2.50598e-05 1.93452e-05 3.85324e-05 -2.50598e-05 0.0100997 -0.0185136 -2.55897e-05 1.93452e-05 -0.0185136 0.0912635 
0.0100192 -0.0184564 4.48491e-05 -2.44501e-05 -0.0184564 0.0915554 -2.46751e-05 -9.93691e-07 4.48491e-05 -2.46751e-05 0.0100896 -0.0185035 -2.44501e-05 -9.93691e-07 -0.0185035 0.091336 
0.0100404 -0.0185188 2.37038e-05 -3.07322e-05 -0.0185188 0.0917504 -3.30612e-05 2.10813e-06 2.37038e-05 -3.30612e-05 0.0101022 -0.0184982 -3.07322e-05 2.10813e-06 -0.0184982 0.091397 
0.00923321 -0.0170565 1.69369e-05 -9.37516e-06 -0.0170565 0.0844965 -1.17785e-05 -1.68189e-05 1.69369e-05 -1.17785e-05 0.00930081 -0.0170122 -9.37516e-06 -1.68189e-05 -0.0170122 0.0840515 
0.00997836 -0.0184706 1.25248e-05 6.69836e-07 -0.0184706 0.0915542 -6.53445e-07 -5.6203e-05 1.25248e-05 -6.53445e-07 0.0100976 -0.0184335 6.69836e-07 -5.6203e-05 -0.0184335 0.0910344 
0.00990972 -0.0183423 2.44465e-05 1.21138e-05 -0.0183423 0.0910264 7.5221e-06 -8.91945e-05 2.44465e-05 7.5221e-06 0.010072 -0.0183659 1.21138e-05 -8.91945e-05 -0.0183659 0.0906008 
0.00985098 -0.0182058 4.30525e-05 -1.48195e-07 -0.0182058 0.0904008 -9.19672e-06 -8.18141e-05 4.30525e-05 -9.19672e-06 0.010027 -0.0182917 -1.48195e-07 -8.18141e-05 -0.0182917 0.0901334 
0.00984877 -0.0181836 3.50845e-05 -2.60777e-05 -0.0181836 0.0902671 -3.62391e-05 -2.97317e-05 3.50845e-05 -3.62391e-05 0.0100196 -0.0183057 -2.60777e-05 -2.97317e-05 -0.0183057 0.0901457 
0.00987838 -0.0182367 1.74963e-05 -1.99255e-05 -0.0182367 0.0904726 -2.51429e-05 -1.72727e-05 1.74963e-05 -2.51429e-05 0.0100199 -0.0183515 -1.99255e-05 -1.72727e-05 -0.0183515 0.090396 
0.00989932 -0.0182879 5.21585e-06 -2.20376e-06 -0.0182879 0.0906963 3.23712e-06 -5.54479e-05 5.21585e-06 3.23712e-06 0.0100305 -0.0183684 -2.20376e-06 -5.54479e-05 -0.0183684 0.0905845 
0.00988519 -0.018268 -7.95437e-06 1.09732e-05 -0.018268 0.0906008 2.29097e-05 -0.000100864 -7.95437e-06 2.29097e-05 0.0100128 -0.0183224 1.09732e-05 -0.000100864 -0.0183224 0.0904123 
0.00988894 -0.0182707 -3.93453e-06 2.24735e-05 -0.0182707 0.0906398 3.4214e-05 -0.000130849 -3.93453e-06 3.4214e-05 0.010008 -0.0183279 2.24735e-05 -0.000130849 -0.0183279 0.0904352 
