0.00693475 0 8.45857e-05 0 0 0.00985841 0 0 8.45857e-05 0 0.00700167 0 0 0 0 0.00985841 
0.00947287 -0.0117582 7.89175e-05 -9.52376e-05 -0.0117582 0.0312727 -9.52376e-05 0.000182721 7.89175e-05 -9.52376e-05 0.00958026 -0.0118924 -9.52376e-05 0.000182721 -0.0118924 0.0315303 
0.00984278 -0.0182552 6.6066e-05 -2.02319e-05 -0.0182552 0.0673473 -2.02319e-05 3.87115e-05 6.6066e-05 -2.02319e-05 0.00988488 -0.0185217 -2.02319e-05 3.87115e-05 -0.0185217 0.0682155 
0.00942648 -0.0180785 3.95197e-05 9.46624e-05 -0.0180785 0.0809885 9.30704e-05 -0.000681916 3.95197e-05 9.30704e-05 0.00932338 -0.0182501 9.46624e-05 -0.000681916 -0.0182501 0.0819963 
0.00913383 -0.017023 3.90645e-05 0.000107654 -0.017023 0.081868 0.000101503 -0.000978469 3.90645e-05 0.000101503 0.00898028 -0.0169632 0.000107654 -0.000978469 -0.0169632 0.082359 
0.00975059 -0.0179243 4.30407e-05 5.98392e-05 -0.0179243 0.0877617 5.7177e-05 -0.000845704 4.30407e-05 5.7177e-05 0.00962426 -0.0177433 5.98392e-05 -0.000845704 -0.0177433 0.0877314 
0.00942211 -0.0172449 4.19653e-05 2.39977e-05 -0.0172449 0.0848124 3.03079e-05 -0.000560441 4.19653e-05 3.03079e-05 0.00932779 -0.0170929 2.39977e-05 -0.000560441 -0.0170929 0.0845593 
0.0100783 -0.0183648 5.2651e-05 1.13628e-05 -0.0183648 0.0904627 2.54331e-05 -0.000426762 5.2651e-05 2.54331e-05 0.00993312 -0.0182529 1.13628e-05 -0.000426762 -0.0182529 0.0902076 
0.00988351 -0.017987 5.77396e-05 6.30586e-06 -0.017987 0.0885088 1.81262e-05 -0.000341704 5.77396e-05 1.81262e-05 0.00968827 -0.0178251 6.30586e-06 -0.000341704 -0.0178251 0.0881883 
0.00977554 -0.0178009 6.33438e-05 3.75583e-06 -0.0178009 0.0874843 9.55421e-06 -0.000303849 6.33438e-05 9.55421e-06 0.00955694 -0.017572 3.75583e-06 -0.000303849 -0.017572 0.0870085 
0.00970306 -0.0177236 6.86381e-05 3.76225e-06 -0.0177236 0.0870543 6.35127e-06 -0.000297605 6.86381e-05 6.35127e-06 0.00951718 -0.0174598 3.76225e-06 -0.000297605 -0.0174598 0.0864456 
0.00967223 -0.0177458 6.92862e-05 -2.13944e-06 -0.0177458 0.0872488 -1.01504e-06 -0.000290034 6.92862e-05 -1.01504e-06 0.00957169 -0.0175255 -2.13944e-06 -0.000290034 -0.0175255 0.0866642 
0.009608 -0.0176619 8.13345e-05 -9.50656e-06 -0.0176619 0.0870428 -7.50413e-06 -0.000268496 8.13345e-05 -7.50413e-06 0.00959751 -0.0175538 -9.50656e-06 -0.000268496 -0.0175538 0.0866707 
0.00957198 -0.0175759 8.97512e-05 -2.39142e-05 -0.0175759 0.0867864 -2.30817e-05 -0.000234891 8.97512e-05 -2.30817e-05 0.0096075 -0.0175809 -2.39142e-05 -0.000234891 -0.0175809 0.0866965 
0.00952222 -0.0174683 8.34088e-05 -3.607e-05 -0.0174683 0.0862947 -3.82787e-05 -0.000191134 8.34088e-05 -3.82787e-05 0.00957972 -0.0175297 -3.607e-05 -0.000191134 -0.0175297 0.0864098 
0.00948883 -0.0173618 7.24859e-05 -2.94351e-05 -0.0173618 0.0857641 -3.31181e-05 -0.000178068 7.24859e-05 -3.31181e-05 0.00951756 -0.0174524 -2.94351e-05 -0.000178068 -0.0174524 0.0859965 
0.00948537 -0.0173594 7.25007e-05 -1.37826e-05 -0.0173594 0.0856578 -1.71979e-05 -0.000203337 7.25007e-05 -1.71979e-05 0.00949131 -0.0174232 -1.37826e-05 -0.000203337 -0.0174232 0.0859016 
0.00946003 -0.017322 6.22591e-05 -1.26109e-05 -0.017322 0.0854283 -1.45246e-05 -0.000221947 6.22591e-05 -1.45246e-05 0.00945697 -0.0173488 -1.26109e-05 -0.000221947 -0.0173488 0.0855978 
0.00943149 -0.0173132 4.09324e-05 1.04053e-06 -0.0173132 0.0853728 5.80466e-07 -0.000250932 4.09324e-05 5.80466e-07 0.00946236 -0.0173227 1.04053e-06 -0.000250932 -0.0173227 0.0854744 
0.00943639 -0.0173088 4.50307e-05 2.40386e-05 -0.0173088 0.0854444 2.27786e-05 -0.000295515 4.50307e-05 2.27786e-05 0.00947886 -0.0173677 2.40386e-05 -0.000295515 -0.0173677 0.0856083 
0.00945068 -0.0173224 5.16338e-05 2.16988e-05 -0.0173224 0.0855282 1.80919e-05 -0.000312005 5.16338e-05 1.80919e-05 0.00948712 -0.0174077 2.16988e-05 -0.000312005 -0.0174077 0.0857888 
0.00946886 -0.0173411 5.06072e-05 1.77145e-05 -0.0173411 0.0856039 1.00727e-05 -0.000307051 5.06072e-05 1.00727e-05 0.00948246 -0.0174229 1.77145e-05 -0.000307051 -0.0174229 0.0859046 
0.00947557 -0.0173455 7.44753e-05 1.74359e-05 -0.0173455 0.0855968 5.53103e-06 -0.000294467 7.44753e-05 5.53103e-06 0.00946574 -0.0174075 1.74359e-05 -0.000294467 -0.0174075 0.0858912 
0.00946978 -0.0173219 8.6519e-05 -1.23323e-05 -0.0173219 0.0854466 -2.54824e-05 -0.000241465 8.6519e-05 -2.54824e-05 0.00943345 -0.017351 -1.23323e-05 -0.000241465 -0.017351 0.0856788 
0.00948476 -0.0173134 9.25159e-05 -3.10426e-05 -0.0173134 0.0853714 -4.1849e-05 -0.000182689 9.25159e-05 -4.1849e-05 0.00940194 -0.017322 -3.10426e-05 -0.000182689 -0.017322 0.0855628 
0.00948962 -0.0173767 9.41996e-05 -3.94345e-05 -0.0173767 0.0855884 -4.63779e-05 -0.000151477 9.41996e-05 -4.63779e-05 0.00942555 -0.0173331 -3.94345e-05 -0.000151477 -0.0173331 0.085695 
0.00946575 -0.0173704 8.60053e-05 -4.19373e-05 -0.0173704 0.0856296 -4.39472e-05 -0.000142785 8.60053e-05 -4.39472e-05 0.00944954 -0.017344 -4.19373e-05 -0.000142785 -0.017344 0.0857178 
0.00945199 -0.0173148 6.87949e-05 -3.25157e-05 -0.0173148 0.0854754 -3.07843e-05 -0.000159449 6.87949e-05 -3.07843e-05 0.00944237 -0.0173527 -3.25157e-05 -0.000159449 -0.0173527 0.0856736 
0.00947368 -0.0173433 6.42816e-05 -1.13839e-05 -0.0173433 0.0856066 -1.09348e-05 -0.000199823 6.42816e-05 -1.09348e-05 0.00944695 -0.0173931 -1.13839e-05 -0.000199823 -0.0173931 0.0858829 
0.00948867 -0.0172905 6.32594e-05 -6.94763e-06 -0.0172905 0.0853218 -8.7291e-06 -0.000220792 6.32594e-05 -8.7291e-06 0.00936841 -0.0173154 -6.94763e-06 -0.000220792 -0.0173154 0.0855791 
0.00948603 -0.0173278 7.78136e-05 -8.29033e-06 -0.0173278 0.0853106 -1.00888e-05 -0.000219875 7.78136e-05 -1.00888e-05 0.00934231 -0.0172286 -8.29033e-06 -0.000219875 -0.0172286 0.0853464 
0.00946343 -0.0173328 8.07731e-05 -2.34077e-05 -0.0173328 0.0853335 -2.28418e-05 -0.00020045 8.07731e-05 -2.28418e-05 0.00935005 -0.0171927 -2.34077e-05 -0.00020045 -0.0171927 0.0851799 
0.00942219 -0.017301 7.55444e-05 -3.25347e-05 -0.017301 0.085266 -2.75193e-05 -0.000174253 7.55444e-05 -2.75193e-05 0.00938333 -0.017194 -3.25347e-05 -0.000174253 -0.017194 0.0850914 
0.00941911 -0.0172695 7.0086e-05 -2.84238e-05 -0.0172695 0.0852461 -2.05057e-05 -0.000171707 7.0086e-05 -2.05057e-05 0.00941981 -0.0172573 -2.84238e-05 -0.000171707 -0.0172573 0.0852277 
0.00941008 -0.0172507 5.40433e-05 -1.94864e-05 -0.0172507 0.0851659 -1.59896e-05 -0.000184533 5.40433e-05 -1.59896e-05 0.00944125 -0.0173009 -1.94864e-05 -0.000184533 -0.0173009 0.0853396 
0.00940629 -0.0172369 4.8668e-05 4.41355e-06 -0.0172369 0.0851002 1.91657e-06 -0.000223686 4.8668e-05 1.91657e-06 0.00944618 -0.0173255 4.41355e-06 -0.000223686 -0.0173255 0.0854092 
0.0094122 -0.0172055 3.40854e-05 2.17516e-05 -0.0172055 0.0849318 1.4644e-05 -0.000276319 3.40854e-05 1.4644e-05 0.00942796 -0.0173079 2.17516e-05 -0.000276319 -0.0173079 0.0853173 
0.00944237 -0.017273 2.64267e-05 4.32414e-05 -0.017273 0.0851671 3.1859e-05 -0.00032952 2.64267e-05 3.1859e-05 0.00945334 -0.0173517 4.32414e-05 -0.00032952 -0.0173517 0.0855515 
0.00951436 -0.0173768 3.36726e-05 5.29468e-05 -0.0173768 0.085662 3.89497e-05 -0.000366477 3.36726e-05 3.89497e-05 0.00947435 -0.0174494 5.29468e-05 -0.000366477 -0.0174494 0.0860294 
0.00958038 -0.0174909 2.18752e-05 4.28921e-05 -0.0174909 0.086148 3.20427e-05 -0.000368567 2.18752e-05 3.20427e-05 0.00949774 -0.0175009 4.28921e-05 -0.000368567 -0.0175009 0.086418 
0.00963092 -0.0175856 3.82864e-05 5.39168e-05 -0.0175856 0.086556 4.97116e-05 -0.000387627 3.82864e-05 4.97116e-05 0.00950977 -0.0175304 5.39168e-05 -0.000387627 -0.0175304 0.0866598 
0.00962746 -0.0176086 5.51532e-05 3.32495e-05 -0.0176086 0.0866532 3.40623e-05 -0.000373282 5.51532e-05 3.40623e-05 0.00952505 -0.017508 3.32495e-05 -0.000373282 -0.017508 0.0866171 
0.00961413 -0.0176067 5.46767e-05 9.93463e-06 -0.0176067 0.0867085 1.43491e-05 -0.000327542 5.46767e-05 1.43491e-05 0.00956627 -0.0175357 9.93463e-06 -0.000327542 -0.0175357 0.0866744 
0.00962258 -0.0176114 6.84312e-05 1.00934e-05 -0.0176114 0.0868221 1.43527e-05 -0.000307141 6.84312e-05 1.43527e-05 0.00960067 -0.0176196 1.00934e-05 -0.000307141 -0.0176196 0.0869443 
0.00959135 -0.0175562 6.98188e-05 -5.30008e-06 -0.0175562 0.086583 -3.33171e-06 -0.000278758 6.98188e-05 -3.33171e-06 0.00959483 -0.0176108 -5.30008e-06 -0.000278758 -0.0176108 0.0868713 
0.00957041 -0.0174756 9.55223e-05 -1.06736e-05 -0.0174756 0.0862069 -9.31824e-06 -0.000251148 9.55223e-05 -9.31824e-06 0.00955434 -0.0175551 -1.06736e-05 -0.000251148 -0.0175551 0.086588 
0.00954087 -0.0174254 0.000104429 -3.60843e-05 -0.0174254 0.0858748 -3.46211e-05 -0.000211079 0.000104429 -3.46211e-05 0.00952531 -0.0174796 -3.60843e-05 -0.000211079 -0.0174796 0.0862495 
0.00953595 -0.0174217 0.000103938 -5.28028e-05 -0.0174217 0.0858243 -5.0483e-05 -0.000159867 0.000103938 -5.0483e-05 0.00950695 -0.0174723 -5.28028e-05 -0.000159867 -0.0174723 0.0861758 
0.00954739 -0.0174443 9.64124e-05 -5.553e-05 -0.0174443 0.0859155 -5.29262e-05 -0.00013202 9.64124e-05 -5.29262e-05 0.00949871 -0.0174686 -5.553e-05 -0.00013202 -0.0174686 0.0862052 
0.0095525 -0.0174639 9.70131e-05 -4.70339e-05 -0.0174639 0.0859939 -4.2722e-05 -0.000137511 9.70131e-05 -4.2722e-05 0.00949997 -0.0174535 -4.70339e-05 -0.000137511 -0.0174535 0.0861843 
0.0095605 -0.0174687 9.44297e-05 -4.28721e-05 -0.0174687 0.0860231 -3.5156e-05 -0.000159921 9.44297e-05 -3.5156e-05 0.00949316 -0.0174447 -4.28721e-05 -0.000159921 -0.0174447 0.0861342 
0.00951548 -0.0174319 6.87955e-05 -4.11177e-05 -0.0174319 0.0858205 -3.16112e-05 -0.000171672 6.87955e-05 -3.16112e-05 0.00948239 -0.0173907 -4.11177e-05 -0.000171672 -0.0173907 0.0858744 
0.0094578 -0.0173413 3.68845e-05 -9.00133e-06 -0.0173413 0.0854742 -2.8145e-06 -0.000220401 3.68845e-05 -2.8145e-06 0.00947686 -0.0173523 -9.00133e-06 -0.000220401 -0.0173523 0.085599 
0.00948763 -0.0173799 3.11485e-05 3.63011e-05 -0.0173799 0.0857433 3.69113e-05 -0.00031701 3.11485e-05 3.69113e-05 0.00951436 -0.0174601 3.63011e-05 -0.00031701 -0.0174601 0.0860247 
0.00953614 -0.0174544 3.31208e-05 4.55655e-05 -0.0174544 0.0861158 4.41372e-05 -0.000374686 3.31208e-05 4.41372e-05 0.00954375 -0.0175499 4.55655e-05 -0.000374686 -0.0175499 0.0865012 
0.00954522 -0.0174721 3.30021e-05 4.31603e-05 -0.0174721 0.0861908 4.1576e-05 -0.000385967 3.30021e-05 4.1576e-05 0.00953769 -0.017551 4.31603e-05 -0.000385967 -0.017551 0.086593 
0.0095224 -0.0174122 4.20344e-05 4.37379e-05 -0.0174122 0.0859016 3.85635e-05 -0.000382643 4.20344e-05 3.85635e-05 0.00949601 -0.017472 4.37379e-05 -0.000382643 -0.017472 0.0862719 
0.00952287 -0.0173856 4.47068e-05 3.5981e-05 -0.0173856 0.0857387 2.93031e-05 -0.000371426 4.47068e-05 2.93031e-05 0.0094583 -0.0174226 3.5981e-05 -0.000371426 -0.0174226 0.0860626 
0.00946499 -0.0173088 4.7649e-05 2.42768e-05 -0.0173088 0.0852892 2.10057e-05 -0.000340028 4.7649e-05 2.10057e-05 0.00941581 -0.0173015 2.42768e-05 -0.000340028 -0.0173015 0.0855288 
0.00949182 -0.0173632 5.65142e-05 1.45004e-05 -0.0173632 0.0855822 1.2999e-05 -0.000309325 5.65142e-05 1.2999e-05 0.00943657 -0.0173648 1.45004e-05 -0.000309325 -0.0173648 0.0857842 
0.00948758 -0.0173574 5.45508e-05 -4.30847e-07 -0.0173574 0.0855621 -3.40713e-07 -0.000269324 5.45508e-05 -3.40713e-07 0.00942496 -0.0173447 -4.30847e-07 -0.000269324 -0.0173447 0.0857263 
0.00948673 -0.0173717 6.10888e-05 2.49669e-07 -0.0173717 0.0856407 -8.22197e-07 -0.000249357 6.10888e-05 -8.22197e-07 0.00944199 -0.0173475 2.49669e-07 -0.000249357 -0.0173475 0.0857654 
0.00947436 -0.0173342 5.8825e-05 -4.10088e-06 -0.0173342 0.085501 -8.9268e-06 -0.000234752 5.8825e-05 -8.9268e-06 0.00942208 -0.0173352 -4.10088e-06 -0.000234752 -0.0173352 0.0856477 
0.00946671 -0.0172956 5.64396e-05 3.47739e-06 -0.0172956 0.0853043 5.7049e-08 -0.000245614 5.64396e-05 5.7049e-08 0.00938842 -0.0172957 3.47739e-06 -0.000245614 -0.0172957 0.0854783 
0.00943423 -0.0172822 4.13282e-05 4.6219e-06 -0.0172822 0.0851804 2.63323e-07 -0.000252158 4.13282e-05 2.63323e-07 0.0093883 -0.0172488 4.6219e-06 -0.000252158 -0.0172488 0.0853106 
0.00945851 -0.0172954 2.68345e-05 2.37643e-05 -0.0172954 0.085315 1.59579e-05 -0.000279867 2.68345e-05 1.59579e-05 0.00938851 -0.0172938 2.37643e-05 -0.000279867 -0.0172938 0.0854604 
0.00947396 -0.0173231 1.77919e-05 3.99355e-05 -0.0173231 0.0854078 3.10074e-05 -0.000314057 1.77919e-05 3.10074e-05 0.00938817 -0.0172941 3.99355e-05 -0.000314057 -0.0172941 0.0855333 
0.00947839 -0.0173374 2.53054e-06 4.89532e-05 -0.0173374 0.0854518 4.49096e-05 -0.000343947 2.53054e-06 4.49096e-05 0.00938696 -0.0172802 4.89532e-05 -0.000343947 -0.0172802 0.085506 
0.00948017 -0.0173493 1.31933e-05 6.05831e-05 -0.0173493 0.0855141 6.06778e-05 -0.000369305 1.31933e-05 6.06778e-05 0.00939103 -0.0172846 6.05831e-05 -0.000369305 -0.0172846 0.085525 
0.00947053 -0.0173408 3.1993e-05 4.7564e-05 -0.0173408 0.085498 4.82207e-05 -0.000360093 3.1993e-05 4.82207e-05 0.00939302 -0.017285 4.7564e-05 -0.000360093 -0.017285 0.0855172 
0.00946002 -0.0173241 3.76622e-05 2.29945e-05 -0.0173241 0.0854542 2.62658e-05 -0.00031437 3.76622e-05 2.62658e-05 0.00939118 -0.0172867 2.29945e-05 -0.00031437 -0.0172867 0.0855137 
0.00942509 -0.0172562 3.31616e-05 1.23747e-05 -0.0172562 0.0851462 1.71064e-05 -0.000273439 3.31616e-05 1.71064e-05 0.00937162 -0.0172326 1.23747e-05 -0.000273439 -0.0172326 0.0852505 
0.00942759 -0.0172247 4.65413e-05 2.00457e-05 -0.0172247 0.0849918 2.03322e-05 -0.000267098 4.65413e-05 2.03322e-05 0.00936255 -0.0172159 2.00457e-05 -0.000267098 -0.0172159 0.0851315 
0.00944693 -0.0172581 5.78083e-05 1.13042e-05 -0.0172581 0.0850663 3.28048e-06 -0.000253015 5.78083e-05 3.28048e-06 0.00937263 -0.0172293 1.13042e-05 -0.000253015 -0.0172293 0.0851819 
0.00943834 -0.0172679 7.47462e-05 3.003e-07 -0.0172679 0.0850755 -1.13936e-05 -0.000225606 7.47462e-05 -1.13936e-05 0.00938491 -0.0172361 3.003e-07 -0.000225606 -0.0172361 0.08518 
0.00945829 -0.0173332 6.75698e-05 -2.24839e-05 -0.0173332 0.0854324 -3.13796e-05 -0.000182238 6.75698e-05 -3.13796e-05 0.00943124 -0.0173322 -2.24839e-05 -0.000182238 -0.0173322 0.0855902 
0.00949652 -0.0173719 6.04132e-05 -1.45274e-05 -0.0173719 0.0857061 -1.9508e-05 -0.000178921 6.04132e-05 -1.9508e-05 0.00945567 -0.0174118 -1.45274e-05 -0.000178921 -0.0174118 0.0859681 
0.00951861 -0.017412 7.45214e-05 -4.68872e-06 -0.017412 0.0858748 -5.45083e-06 -0.000206346 7.45214e-05 -5.45083e-06 0.00947153 -0.0174371 -4.68872e-06 -0.000206346 -0.0174371 0.0861638 
0.00951123 -0.0173769 7.0708e-05 -2.137e-05 -0.0173769 0.0856915 -1.60998e-05 -0.000201711 7.0708e-05 -1.60998e-05 0.00944937 -0.0173879 -2.137e-05 -0.000201711 -0.0173879 0.0859525 
0.00948259 -0.0173123 5.74388e-05 -2.29346e-05 -0.0173123 0.0853147 -1.35141e-05 -0.000190184 5.74388e-05 -1.35141e-05 0.00939608 -0.0172953 -2.29346e-05 -0.000190184 -0.0172953 0.0855038 
0.00949339 -0.0173515 4.05195e-05 -4.13496e-06 -0.0173515 0.0854554 3.68093e-06 -0.000219194 4.05195e-05 3.68093e-06 0.00940285 -0.0173084 -4.13496e-06 -0.000219194 -0.0173084 0.0855774 
0.00953426 -0.0174327 4.37359e-05 2.06482e-05 -0.0174327 0.0858719 2.07126e-05 -0.000268328 4.37359e-05 2.07126e-05 0.0094415 -0.017386 2.06482e-05 -0.000268328 -0.017386 0.0859623 
0.0095712 -0.0174853 5.53677e-05 2.08703e-05 -0.0174853 0.0861555 1.82292e-05 -0.000292216 5.53677e-05 1.82292e-05 0.00947315 -0.0174422 2.08703e-05 -0.000292216 -0.0174422 0.0862535 
0.00957133 -0.0174827 6.14702e-05 7.01081e-06 -0.0174827 0.0861249 4.40467e-06 -0.000274728 6.14702e-05 4.40467e-06 0.00947329 -0.0174363 7.01081e-06 -0.000274728 -0.0174363 0.0862277 
0.00959414 -0.0174911 7.53195e-05 -1.33154e-06 -0.0174911 0.086157 -4.70859e-06 -0.000250348 7.53195e-05 -4.70859e-06 0.00945611 -0.0174478 -1.33154e-06 -0.000250348 -0.0174478 0.0862713 
0.00958504 -0.0174885 0.00010389 -2.00102e-05 -0.0174885 0.0860615 -2.68341e-05 -0.000205068 0.00010389 -2.68341e-05 0.00944158 -0.017395 -2.00102e-05 -0.000205068 -0.017395 0.0861023 
0.0095756 -0.0174677 0.000105147 -5.24656e-05 -0.0174677 0.0859476 -5.71464e-05 -0.000140959 0.000105147 -5.71464e-05 0.0094217 -0.0173591 -5.24656e-05 -0.000140959 -0.0173591 0.0859147 
0.00956207 -0.0174479 9.78245e-05 -5.47889e-05 -0.0174479 0.0858318 -5.59003e-05 -0.000112033 9.78245e-05 -5.59003e-05 0.00940329 -0.0173294 -5.47889e-05 -0.000112033 -0.0173294 0.0857636 
0.00952488 -0.0174154 8.57261e-05 -4.2058e-05 -0.0174154 0.085676 -4.47352e-05 -0.000127393 8.57261e-05 -4.47352e-05 0.009394 -0.0172959 -4.2058e-05 -0.000127393 -0.0172959 0.0856005 
0.00945801 -0.0172956 6.65551e-05 -2.25231e-05 -0.0172956 0.0851659 -3.20686e-05 -0.000163776 6.65551e-05 -3.20686e-05 0.00934891 -0.0172073 -2.25231e-05 -0.000163776 -0.0172073 0.0851322 
0.00942949 -0.0172669 5.36316e-05 -9.24849e-07 -0.0172669 0.0850641 -1.30993e-05 -0.000206069 5.36316e-05 -1.30993e-05 0.00935413 -0.0172077 -9.24849e-07 -0.000206069 -0.0172077 0.0851065 
0.00939769 -0.0172356 4.03478e-05 1.29231e-05 -0.0172356 0.0849841 2.37138e-06 -0.000245042 4.03478e-05 2.37138e-06 0.00936842 -0.0172207 1.29231e-05 -0.000245042 -0.0172207 0.0851335 
0.00937083 -0.0172124 4.08034e-05 2.20601e-05 -0.0172124 0.0849704 1.81419e-05 -0.000274423 4.08034e-05 1.81419e-05 0.00940639 -0.0172583 2.20601e-05 -0.000274423 -0.0172583 0.0852667 
0.0093541 -0.0171906 4.39713e-05 1.30021e-05 -0.0171906 0.0849769 1.5299e-05 -0.000269274 4.39713e-05 1.5299e-05 0.00944627 -0.0173197 1.30021e-05 -0.000269274 -0.0173197 0.0854704 
0.00931847 -0.017063 3.69797e-05 2.53073e-06 -0.017063 0.0844384 6.87401e-06 -0.000237998 3.69797e-05 6.87401e-06 0.00940466 -0.0172739 2.53073e-06 -0.000237998 -0.0172739 0.085159 
0.00933962 -0.0170708 4.23265e-05 1.0857e-05 -0.0170708 0.08439 1.42385e-05 -0.000235493 4.23265e-05 1.42385e-05 0.00937686 -0.0172833 1.0857e-05 -0.000235493 -0.0172833 0.0852213 
0.00935351 -0.0171121 4.67456e-05 7.94221e-06 -0.0171121 0.0844855 1.09839e-05 -0.000237428 4.67456e-05 1.09839e-05 0.00935974 -0.017259 7.94221e-06 -0.000237428 -0.017259 0.0852374 
0.00933993 -0.0171211 3.51561e-05 5.13464e-06 -0.0171211 0.0845083 8.62686e-06 -0.000235887 3.51561e-05 8.62686e-06 0.00934996 -0.017216 5.13464e-06 -0.000235887 -0.017216 0.085112 
0.00934587 -0.0171473 3.38753e-05 1.44724e-05 -0.0171473 0.0846949 1.89429e-05 -0.000245282 3.38753e-05 1.89429e-05 0.00935599 -0.0172375 1.44724e-05 -0.000245282 -0.0172375 0.0852196 
0.00936471 -0.017141 1.72943e-05 1.54761e-05 -0.017141 0.0847223 2.32818e-05 -0.000257614 1.72943e-05 2.32818e-05 0.00933075 -0.0172255 1.54761e-05 -0.000257614 -0.0172255 0.0852022 
0.00939499 -0.0171502 1.93409e-05 3.23735e-05 -0.0171502 0.0846977 4.42164e-05 -0.000286964 1.93409e-05 4.42164e-05 0.00929225 -0.0171708 3.23735e-05 -0.000286964 -0.0171708 0.085046 
0.00942187 -0.0172208 3.6615e-05 3.12705e-05 -0.0172208 0.084901 4.12059e-05 -0.000300373 3.6615e-05 4.12059e-05 0.00928867 -0.0171398 3.12705e-05 -0.000300373 -0.0171398 0.0850023 
0.00939857 -0.0172257 5.20967e-05 1.31138e-05 -0.0172257 0.084908 1.60105e-05 -0.000266765 5.20967e-05 1.60105e-05 0.00930504 -0.0171074 1.31138e-05 -0.000266765 -0.0171074 0.0848379 
0.00934343 -0.0171438 4.40736e-05 -3.56608e-06 -0.0171438 0.084602 -9.54278e-06 -0.000212891 4.40736e-05 -9.54278e-06 0.00931193 -0.0170816 -3.56608e-06 -0.000212891 -0.0170816 0.0845669 
0.00933287 -0.0170864 4.93617e-05 8.26985e-06 -0.0170864 0.0843985 -1.44675e-06 -0.000204796 4.93617e-05 -1.44675e-06 0.00930787 -0.0171051 8.26985e-06 -0.000204796 -0.0171051 0.0845299 
0.0100957 -0.0185122 6.01888e-05 7.20244e-06 -0.0185122 0.0913889 -3.0724e-06 -0.000229603 6.01888e-05 -3.0724e-06 0.0101136 -0.0185516 7.20244e-06 -0.000229603 -0.0185516 0.09166 
0.0101077 -0.0185055 7.66507e-05 -3.01082e-06 -0.0185055 0.0913996 -1.24777e-05 -0.000216501 7.66507e-05 -1.24777e-05 0.0101073 -0.0186023 -3.01082e-06 -0.000216501 -0.0186023 0.0918069 
0.0100871 -0.0184607 8.37064e-05 -2.7863e-05 -0.0184607 0.0911309 -3.84765e-05 -0.000162342 8.37064e-05 -3.84765e-05 0.010069 -0.0185403 -2.7863e-05 -0.000162342 -0.0185403 0.0915813 
0.0101177 -0.018503 8.43825e-05 -3.68379e-05 -0.018503 0.0913 -5.34044e-05 -0.00011447 8.43825e-05 -5.34044e-05 0.0100602 -0.0185553 -3.68379e-05 -0.00011447 -0.0185553 0.0917051 
0.0101221 -0.0185379 7.93167e-05 -3.40836e-05 -0.0185379 0.0914262 -5.29041e-05 -0.000101153 7.93167e-05 -5.29041e-05 0.0100561 -0.018549 -3.40836e-05 -0.000101153 -0.018549 0.0917581 
0.0100904 -0.0184768 7.37902e-05 -3.22268e-05 -0.0184768 0.0911734 -4.73794e-05 -9.83424e-05 7.37902e-05 -4.73794e-05 0.0100222 -0.0184856 -3.22268e-05 -9.83424e-05 -0.0184856 0.0914802 
0.0101109 -0.0184801 3.68324e-05 -2.75066e-05 -0.0184801 0.0912054 -3.14207e-05 -0.000119976 3.68324e-05 -3.14207e-05 0.00999873 -0.0184874 -2.75066e-05 -0.000119976 -0.0184874 0.0915113 
0.0101336 -0.0185408 2.05968e-05 9.32372e-06 -0.0185408 0.0914214 1.78658e-05 -0.000193236 2.05968e-05 1.78658e-05 0.0100082 -0.0184767 9.32372e-06 -0.000193236 -0.0184767 0.0915945 
0.00934288 -0.0171151 3.0249e-05 2.53916e-05 -0.0171151 0.0843875 4.13624e-05 -0.000246358 3.0249e-05 4.13624e-05 0.00924632 -0.0170261 2.53916e-05 -0.000246358 -0.0170261 0.0844185 
0.00935586 -0.0171237 2.77435e-05 1.16927e-05 -0.0171237 0.0844769 3.15634e-05 -0.000257737 2.77435e-05 3.15634e-05 0.00925454 -0.0170576 1.16927e-05 -0.000257737 -0.0170576 0.0844907 
0.00935432 -0.0171033 2.64983e-05 1.30288e-05 -0.0171033 0.0843622 3.03765e-05 -0.000250282 2.64983e-05 3.03765e-05 0.00924294 -0.0170351 1.30288e-05 -0.000250282 -0.0170351 0.084379 
0.00938239 -0.0171633 4.30827e-05 1.94945e-05 -0.0171633 0.084618 2.93527e-05 -0.000256136 4.30827e-05 2.93527e-05 0.00926865 -0.017087 1.94945e-05 -0.000256136 -0.017087 0.0846244 
0.00936751 -0.0171468 5.51803e-05 2.83e-06 -0.0171468 0.0845338 6.72013e-06 -0.000229 5.51803e-05 6.72013e-06 0.00926775 -0.017065 2.83e-06 -0.000229 -0.017065 0.0845212 
0.00938208 -0.0171692 6.40315e-05 -8.37167e-06 -0.0171692 0.0846722 -8.22281e-06 -0.000196191 6.40315e-05 -8.22281e-06 0.00928058 -0.0171127 -8.37167e-06 -0.000196191 -0.0171127 0.0847044 
0.00934724 -0.017129 8.15522e-05 -1.53298e-05 -0.017129 0.0844702 -1.7547e-05 -0.00017326 8.15522e-05 -1.7547e-05 0.00927391 -0.0170653 -1.53298e-05 -0.00017326 -0.0170653 0.0845071 
0.00936638 -0.0171415 9.93813e-05 -3.54408e-05 -0.0171415 0.0845907 -4.08687e-05 -0.000133565 9.93813e-05 -4.08687e-05 0.00929183 -0.0171164 -3.54408e-05 -0.000133565 -0.0171164 0.0846884 
0.00935388 -0.0171014 8.56757e-05 -5.65109e-05 -0.0171014 0.0843695 -6.3664e-05 -8.03061e-05 8.56757e-05 -6.3664e-05 0.00926565 -0.0170796 -5.65109e-05 -8.03061e-05 -0.0170796 0.0845133 
0.00935559 -0.0171301 7.84607e-05 -4.69041e-05 -0.0171301 0.0844608 -5.14453e-05 -6.78993e-05 7.84607e-05 -5.14453e-05 0.00928871 -0.0170875 -4.69041e-05 -6.78993e-05 -0.0170875 0.084581 
0.0101422 -0.0185736 5.35685e-05 -3.96651e-05 -0.0185736 0.0916088 -3.88208e-05 -0.000101991 5.35685e-05 -3.88208e-05 0.0100998 -0.018549 -3.96651e-05 -0.000101991 -0.018549 0.0917475 
0.0101471 -0.0185753 4.26151e-05 1.05242e-07 -0.0185753 0.0916289 2.788e-07 -0.000176083 4.26151e-05 2.788e-07 0.0101125 -0.0185871 1.05242e-07 -0.000176083 -0.0185871 0.0918356 
0.00937901 -0.0171462 4.50365e-05 2.00349e-05 -0.0171462 0.0845684 1.73988e-05 -0.000232158 4.50365e-05 1.73988e-05 0.00931902 -0.0171722 2.00349e-05 -0.000232158 -0.0171722 0.0848204 
0.00940494 -0.0171934 6.3373e-05 1.15206e-05 -0.0171934 0.0847459 8.29068e-06 -0.000244302 6.3373e-05 8.29068e-06 0.00933554 -0.0171891 1.15206e-05 -0.000244302 -0.0171891 0.0849813 
0.00939628 -0.0171768 7.97916e-05 -1.43131e-05 -0.0171768 0.0846406 -1.44533e-05 -0.000203074 7.97916e-05 -1.44533e-05 0.00932236 -0.0171613 -1.43131e-05 -0.000203074 -0.0171613 0.0848417 
0.00938973 -0.0172011 8.3795e-05 -3.72827e-05 -0.0172011 0.0847552 -3.44326e-05 -0.000147892 8.3795e-05 -3.44326e-05 0.00933627 -0.0171864 -3.72827e-05 -0.000147892 -0.0171864 0.0849551 
0.009386 -0.0171847 8.19423e-05 -4.63019e-05 -0.0171847 0.0847591 -4.37743e-05 -0.000105589 8.19423e-05 -4.37743e-05 0.00933894 -0.0172013 -4.63019e-05 -0.000105589 -0.0172013 0.0850164 
0.00941851 -0.0172047 8.42735e-05 -4.1987e-05 -0.0172047 0.0848816 -3.96891e-05 -9.94617e-05 8.42735e-05 -3.96891e-05 0.00934373 -0.0172354 -4.1987e-05 -9.94617e-05 -0.0172354 0.0851989 
0.00942937 -0.0172446 6.96263e-05 -4.05503e-05 -0.0172446 0.0850064 -3.6254e-05 -0.000111035 6.96263e-05 -3.6254e-05 0.00936503 -0.0172444 -4.05503e-05 -0.000111035 -0.0172444 0.0853063 
0.0094342 -0.0172634 7.21071e-05 -2.3544e-05 -0.0172634 0.0850942 -1.4683e-05 -0.000147674 7.21071e-05 -1.4683e-05 0.00939086 -0.0172528 -2.3544e-05 -0.000147674 -0.0172528 0.0853301 
0.00942851 -0.0172908 7.24818e-05 -2.73428e-05 -0.0172908 0.0852474 -1.6079e-05 -0.000164826 7.24818e-05 -1.6079e-05 0.00943959 -0.0173037 -2.73428e-05 -0.000164826 -0.0173037 0.0854918 
0.00946768 -0.0173318 8.67449e-05 -3.01506e-05 -0.0173318 0.0855407 -1.81568e-05 -0.000162642 8.67449e-05 -1.81568e-05 0.00946853 -0.0174102 -3.01506e-05 -0.000162642 -0.0174102 0.0858903 
0.00949068 -0.0173686 8.14723e-05 -4.86069e-05 -0.0173686 0.0857058 -3.75171e-05 -0.000131522 8.14723e-05 -3.75171e-05 0.00947561 -0.0174479 -4.86069e-05 -0.000131522 -0.0174479 0.0861258 
0.00945944 -0.0173507 7.58877e-05 -3.58395e-05 -0.0173507 0.0856089 -2.85575e-05 -0.000138127 7.58877e-05 -2.85575e-05 0.0094681 -0.0174127 -3.58395e-05 -0.000138127 -0.0174127 0.0860236 
0.00944305 -0.0173094 6.81454e-05 -2.4712e-05 -0.0173094 0.0854964 -2.36614e-05 -0.000159711 6.81454e-05 -2.36614e-05 0.00947614 -0.0173989 -2.4712e-05 -0.000159711 -0.0173989 0.085941 
0.00942792 -0.0172728 7.46128e-05 -1.47974e-05 -0.0172728 0.0853351 -1.74454e-05 -0.000180919 7.46128e-05 -1.74454e-05 0.00947469 -0.0173925 -1.47974e-05 -0.000180919 -0.0173925 0.0858464 
0.00945607 -0.0173076 7.40025e-05 -1.85091e-05 -0.0173076 0.0854938 -2.29961e-05 -0.000187777 7.40025e-05 -2.29961e-05 0.00947811 -0.0174395 -1.85091e-05 -0.000187777 -0.0174395 0.0860473 
0.00944224 -0.0173005 7.85404e-05 -1.99963e-05 -0.0173005 0.0854058 -2.54387e-05 -0.000179623 7.85404e-05 -2.54387e-05 0.009464 -0.0173892 -1.99963e-05 -0.000179623 -0.0173892 0.085889 
0.0094418 -0.0172467 9.16839e-05 -2.89169e-05 -0.0172467 0.0851662 -3.28808e-05 -0.000160658 9.16839e-05 -3.28808e-05 0.00940525 -0.0173396 -2.89169e-05 -0.000160658 -0.0173396 0.0856217 
0.00946028 -0.0172751 9.35401e-05 -4.56266e-05 -0.0172751 0.0852015 -4.87358e-05 -0.000126589 9.35401e-05 -4.87358e-05 0.0093806 -0.0173037 -4.56266e-05 -0.000126589 -0.0173037 0.0855624 
0.00947252 -0.0173113 7.61595e-05 -4.6781e-05 -0.0173113 0.0853107 -5.13029e-05 -0.00010816 7.61595e-05 -5.13029e-05 0.00936099 -0.0172748 -4.6781e-05 -0.00010816 -0.0172748 0.0855045 
0.00946573 -0.017297 7.26331e-05 -2.95181e-05 -0.017297 0.0852265 -3.31339e-05 -0.000123298 7.26331e-05 -3.31339e-05 0.00932751 -0.0172083 -2.95181e-05 -0.000123298 -0.0172083 0.0852508 
0.00940394 -0.0172067 6.52336e-05 -2.05293e-05 -0.0172067 0.0847615 -2.51683e-05 -0.000151054 6.52336e-05 -2.51683e-05 0.00927627 -0.0170807 -2.05293e-05 -0.000151054 -0.0170807 0.0846556 
0.00934011 -0.0171243 4.63349e-05 -1.42706e-05 -0.0171243 0.0844032 -1.89526e-05 -0.000167408 4.63349e-05 -1.89526e-05 0.00925809 -0.0170197 -1.42706e-05 -0.000167408 -0.0170197 0.0842913 
0.0100845 -0.018517 1.80731e-05 1.71537e-06 -0.018517 0.0913703 -4.62306e-09 -0.000208727 1.80731e-05 -4.62306e-09 0.0100624 -0.0184655 1.71537e-06 -0.000208727 -0.0184655 0.0913568 
0.0100727 -0.0184572 1.05875e-05 3.82546e-05 -0.0184572 0.0911812 4.18777e-05 -0.000280721 1.05875e-05 4.18777e-05 0.0100545 -0.0184901 3.82546e-05 -0.000280721 -0.0184901 0.0913551 
0.0100842 -0.0184501 1.81424e-05 5.06705e-05 -0.0184501 0.0911127 5.74443e-05 -0.000342041 1.81424e-05 5.74443e-05 0.0100309 -0.0184938 5.06705e-05 -0.000342041 -0.0184938 0.0913931 
