0.00714387 0 -5.70446e-05 0 0 0.00990453 0 0 -5.70446e-05 0 0.00687007 0 0 0 0 0.00990453 
0.00972009 -0.0120597 -6.22877e-05 7.59525e-05 -0.0120597 0.0318826 7.59525e-05 -0.000145936 -6.22877e-05 7.59525e-05 0.00941803 -0.0116964 7.59525e-05 -0.000145936 -0.0116964 0.031185 
0.00994652 -0.0185527 -2.51738e-05 6.00721e-05 -0.0185527 0.0682881 6.00721e-05 -0.000181785 -2.51738e-05 6.00721e-05 0.00981874 -0.018324 6.00721e-05 -0.000181785 -0.018324 0.0676293 
0.00935888 -0.0180016 2.35341e-05 -3.22629e-05 -0.0180016 0.0806692 -3.648e-05 0.000180302 2.35341e-05 -3.648e-05 0.00933466 -0.0181656 -3.22629e-05 0.000180302 -0.0181656 0.0816261 
0.00904806 -0.0168291 2.95675e-05 -9.36722e-05 -0.0168291 0.0809831 -9.0902e-05 0.000453453 2.95675e-05 -9.0902e-05 0.00905985 -0.0170629 -9.36722e-05 0.000453453 -0.0170629 0.0826839 
0.00977086 -0.0178152 2.54651e-05 -9.87473e-05 -0.0178152 0.08724 -7.88742e-05 0.000497177 2.54651e-05 -7.88742e-05 0.0097229 -0.0180515 -9.87473e-05 0.000497177 -0.0180515 0.0889795 
0.00948743 -0.0172345 1.39056e-06 -7.88431e-05 -0.0172345 0.0845953 -5.54557e-05 0.000389942 1.39056e-06 -5.54557e-05 0.00939401 -0.0173646 -7.88431e-05 0.000389942 -0.0173646 0.0858871 
0.0101336 -0.0184058 -2.77553e-05 -4.33544e-05 -0.0184058 0.0904308 -2.86546e-05 0.00029656 -2.77553e-05 -2.86546e-05 0.0100023 -0.0184664 -4.33544e-05 0.00029656 -0.0184664 0.0914189 
0.00991215 -0.0180101 -4.22342e-05 -4.53739e-06 -0.0180101 0.0885454 -1.19459e-06 0.000189495 -4.22342e-05 -1.19459e-06 0.00979667 -0.0180388 -4.53739e-06 0.000189495 -0.0180388 0.0893108 
0.00978289 -0.0177707 -5.16093e-05 1.67036e-05 -0.0177707 0.0873898 1.16769e-05 0.000122508 -5.16093e-05 1.16769e-05 0.00968333 -0.0178174 1.67036e-05 0.000122508 -0.0178174 0.0881103 
0.0097555 -0.0177035 -5.27946e-05 3.10928e-05 -0.0177035 0.087029 2.04219e-05 8.47979e-05 -5.27946e-05 2.04219e-05 0.00963926 -0.0177669 3.10928e-05 8.47979e-05 -0.0177669 0.0877787 
0.00971371 -0.0176406 -4.06762e-05 3.19574e-05 -0.0176406 0.0866539 1.87575e-05 7.55108e-05 -4.06762e-05 1.87575e-05 0.0095975 -0.017684 3.19574e-05 7.55108e-05 -0.017684 0.0873847 
0.00968902 -0.01762 -2.43365e-05 1.85199e-05 -0.01762 0.0865316 6.09851e-06 9.31741e-05 -2.43365e-05 6.09851e-06 0.00957682 -0.0176512 1.85199e-05 9.31741e-05 -0.0176512 0.0872134 
0.00968393 -0.01764 -1.38126e-05 -7.24465e-06 -0.01764 0.0866534 -1.29146e-05 0.000141292 -1.38126e-05 -1.29146e-05 0.00957516 -0.0176643 -7.24465e-06 0.000141292 -0.0176643 0.0872919 
0.00968065 -0.0176229 -1.43497e-05 -2.26032e-05 -0.0176229 0.0866362 -2.28694e-05 0.000181234 -1.43497e-05 -2.28694e-05 0.00954876 -0.0176433 -2.26032e-05 0.000181234 -0.0176433 0.0872363 
0.0096976 -0.0176711 -1.16868e-05 -2.2632e-05 -0.0176711 0.0868891 -2.21566e-05 0.00019525 -1.16868e-05 -2.21566e-05 0.00955999 -0.0176698 -2.2632e-05 0.00019525 -0.0176698 0.0874467 
0.00966673 -0.017619 9.57916e-07 -2.35089e-05 -0.017619 0.086681 -2.57564e-05 0.000199309 9.57916e-07 -2.57564e-05 0.00954242 -0.0176056 -2.35089e-05 0.000199309 -0.0176056 0.0871883 
0.0096288 -0.0175222 4.55568e-06 -3.66885e-05 -0.0175222 0.0862417 -4.35203e-05 0.000224204 4.55568e-06 -4.35203e-05 0.00949289 -0.0175215 -3.66885e-05 0.000224204 -0.0175215 0.0867416 
0.00959308 -0.0174264 3.00784e-06 -4.53349e-05 -0.0174264 0.0857324 -4.97734e-05 0.000253128 3.00784e-06 -4.97734e-05 0.00942314 -0.0174177 -4.53349e-05 0.000253128 -0.0174177 0.0862269 
0.00955197 -0.017344 1.41755e-07 -4.72818e-05 -0.017344 0.0852401 -4.64416e-05 0.000263591 1.41755e-07 -4.64416e-05 0.00936697 -0.0172955 -4.72818e-05 0.000263591 -0.0172955 0.0856683 
0.00950277 -0.0172893 -1.83514e-05 -4.02242e-05 -0.0172893 0.0849 -3.72731e-05 0.000248227 -1.83514e-05 -3.72731e-05 0.00934199 -0.0172131 -4.02242e-05 0.000248227 -0.0172131 0.0852413 
0.00947621 -0.0173194 -2.34548e-05 -1.62806e-05 -0.0173194 0.0850715 -1.37324e-05 0.000202767 -2.34548e-05 -1.37324e-05 0.00939146 -0.0172642 -1.62806e-05 0.000202767 -0.0172642 0.0854046 
0.00947766 -0.0173247 -2.8375e-05 -5.64297e-06 -0.0173247 0.0852721 -2.71529e-06 0.000157842 -2.8375e-05 -2.71529e-06 0.00943014 -0.0173621 -5.64297e-06 0.000157842 -0.0173621 0.0857527 
0.00950695 -0.0173941 -2.84557e-05 -5.13244e-06 -0.0173941 0.0857012 1.81147e-06 0.000141405 -2.84557e-05 1.81147e-06 0.00949063 -0.0174866 -5.13244e-06 0.000141405 -0.0174866 0.0863547 
0.00954374 -0.0174073 -2.81852e-05 -5.71106e-06 -0.0174073 0.0858448 7.08026e-06 0.000128769 -2.81852e-05 7.08026e-06 0.00948527 -0.0175297 -5.71106e-06 0.000128769 -0.0175297 0.0865968 
0.00954937 -0.0173585 -3.1043e-05 -5.10706e-06 -0.0173585 0.0855321 1.1762e-05 0.000114402 -3.1043e-05 1.1762e-05 0.00942023 -0.0174286 -5.10706e-06 0.000114402 -0.0174286 0.0862334 
0.00954663 -0.0173701 -2.52116e-05 4.29647e-07 -0.0173701 0.0854331 1.6042e-05 9.85508e-05 -2.52116e-05 1.6042e-05 0.00940121 -0.0173513 4.29647e-07 9.85508e-05 -0.0173513 0.085956 
0.00953101 -0.0173963 -1.70154e-05 -9.63306e-07 -0.0173963 0.0855278 5.22301e-06 9.92265e-05 -1.70154e-05 5.22301e-06 0.00943204 -0.017359 -9.63306e-07 9.92265e-05 -0.017359 0.0859443 
0.0095243 -0.0174181 -2.83438e-05 -8.99343e-06 -0.0174181 0.0857431 -1.04793e-05 0.000120427 -2.83438e-05 -1.04793e-05 0.00949063 -0.0174515 -8.99343e-06 0.000120427 -0.0174515 0.0862595 
0.00955135 -0.0174421 -3.78607e-05 6.15953e-06 -0.0174421 0.0859944 1.62361e-06 0.000110504 -3.78607e-05 1.62361e-06 0.00953237 -0.0175715 6.15953e-06 0.000110504 -0.0175715 0.0867399 
0.00955783 -0.0174077 -3.16364e-05 2.0214e-05 -0.0174077 0.0858505 1.71235e-05 7.39065e-05 -3.16364e-05 1.71235e-05 0.00951594 -0.0175746 2.0214e-05 7.39065e-05 -0.0175746 0.0867818 
0.00955108 -0.0173772 -1.82008e-05 1.7688e-05 -0.0173772 0.0856187 1.5229e-05 5.33282e-05 -1.82008e-05 1.5229e-05 0.00948357 -0.0175149 1.7688e-05 5.33282e-05 -0.0175149 0.0865715 
0.00957063 -0.0174067 -5.19967e-06 -9.94512e-07 -0.0174067 0.0856845 -5.26492e-06 8.09393e-05 -5.19967e-06 -5.26492e-06 0.00947302 -0.0175031 -9.94512e-07 8.09393e-05 -0.0175031 0.0865575 
0.00961944 -0.017474 -8.75599e-06 -1.97166e-05 -0.017474 0.0859525 -1.96731e-05 0.000122235 -8.75599e-06 -1.96731e-05 0.00946473 -0.0175199 -1.97166e-05 0.000122235 -0.0175199 0.0866935 
0.00968345 -0.0175511 -2.0927e-05 -2.10514e-05 -0.0175511 0.0862454 -1.09101e-05 0.000132968 -2.0927e-05 -1.09101e-05 0.00945014 -0.0175211 -2.10514e-05 0.000132968 -0.0175211 0.0868022 
0.00971035 -0.0176174 -4.1508e-05 -4.78154e-06 -0.0176174 0.0864495 6.38963e-06 0.000104463 -4.1508e-05 6.38963e-06 0.00945173 -0.0174974 -4.78154e-06 0.000104463 -0.0174974 0.0867924 
0.00972605 -0.0176901 -5.7498e-05 2.54613e-05 -0.0176901 0.0867799 3.2914e-05 4.2555e-05 -5.7498e-05 3.2914e-05 0.00950242 -0.0175342 2.54613e-05 4.2555e-05 -0.0175342 0.0869735 
0.00967534 -0.0175991 -5.98807e-05 4.39505e-05 -0.0175991 0.0864135 4.8918e-05 -1.02891e-05 -5.98807e-05 4.8918e-05 0.00949416 -0.0174888 4.39505e-05 -1.02891e-05 -0.0174888 0.0866283 
0.00967847 -0.0175663 -4.44854e-05 5.04777e-05 -0.0175663 0.0862977 5.46461e-05 -4.48046e-05 -4.44854e-05 5.46461e-05 0.00948954 -0.0175257 5.04777e-05 -4.48046e-05 -0.0175257 0.0866729 
0.00966737 -0.0175483 -3.13195e-05 3.02284e-05 -0.0175483 0.086155 3.55164e-05 -2.59221e-05 -3.13195e-05 3.55164e-05 0.0094904 -0.0175174 3.02284e-05 -2.59221e-05 -0.0175174 0.0866441 
0.00964664 -0.0175332 -1.93318e-05 8.38498e-06 -0.0175332 0.086057 1.55134e-05 2.66416e-05 -1.93318e-05 1.55134e-05 0.00948676 -0.0175111 8.38498e-06 2.66416e-05 -0.0175111 0.0865915 
0.00966166 -0.0175624 -1.84235e-05 -5.30535e-06 -0.0175624 0.0862345 7.46386e-07 7.14899e-05 -1.84235e-05 7.46386e-07 0.00951374 -0.0175604 -5.30535e-06 7.14899e-05 -0.0175604 0.0868196 
0.00967178 -0.0176236 -2.14178e-05 -7.21322e-06 -0.0176236 0.0865564 -4.41406e-06 9.89251e-05 -2.14178e-05 -4.41406e-06 0.00957234 -0.0176382 -7.21322e-06 9.89251e-05 -0.0176382 0.0871933 
0.0096643 -0.0176494 -1.75392e-05 -3.83876e-06 -0.0176494 0.0867783 -5.09804e-06 0.000111078 -1.75392e-05 -5.09804e-06 0.00962714 -0.017712 -3.83876e-06 0.000111078 -0.017712 0.0874972 
0.00964369 -0.0175979 -8.62594e-06 -6.31163e-06 -0.0175979 0.0866664 -1.31515e-05 0.000124156 -8.62594e-06 -1.31515e-05 0.0096328 -0.017741 -6.31163e-06 0.000124156 -0.017741 0.0875534 
0.00962046 -0.0175204 2.59761e-06 -1.65593e-05 -0.0175204 0.0863391 -2.83351e-05 0.000151971 2.59761e-06 -2.83351e-05 0.00960643 -0.0177093 -1.65593e-05 0.000151971 -0.0177093 0.0873871 
0.00960259 -0.0174728 -2.28934e-06 -3.3379e-05 -0.0174728 0.0860623 -4.84774e-05 0.000199569 -2.28934e-06 -4.84774e-05 0.0095832 -0.0176574 -3.3379e-05 0.000199569 -0.0176574 0.087161 
0.00961251 -0.0174274 6.68467e-06 -2.97522e-05 -0.0174274 0.0857986 -4.25916e-05 0.000217512 6.68467e-06 -4.25916e-05 0.00952826 -0.0176114 -2.97522e-05 0.000217512 -0.0176114 0.0869136 
0.00960463 -0.0174499 1.74364e-05 -3.88068e-05 -0.0174499 0.0857379 -4.66739e-05 0.000225666 1.74364e-05 -4.66739e-05 0.0094989 -0.0175473 -3.88068e-05 0.000225666 -0.0175473 0.0867207 
0.00957671 -0.0174593 6.04862e-06 -5.39972e-05 -0.0174593 0.0857708 -5.70252e-05 0.00025041 6.04862e-06 -5.70252e-05 0.00949769 -0.0175128 -5.39972e-05 0.00025041 -0.0175128 0.0865919 
0.0095974 -0.0174849 -1.47439e-05 -4.05298e-05 -0.0174849 0.0860093 -4.11684e-05 0.000238562 -1.47439e-05 -4.11684e-05 0.00951029 -0.0175622 -4.05298e-05 0.000238562 -0.0175622 0.0867938 
0.00964214 -0.0175003 -2.74682e-05 -1.74652e-05 -0.0175003 0.0861102 -1.95771e-05 0.000198118 -2.74682e-05 -1.95771e-05 0.00947634 -0.017571 -1.74652e-05 0.000198118 -0.017571 0.0868812 
0.0096572 -0.0174916 -3.30853e-05 3.5929e-06 -0.0174916 0.0859396 4.57353e-07 0.000141697 -3.30853e-05 4.57353e-07 0.00941498 -0.0174676 3.5929e-06 0.000141697 -0.0174676 0.0865544 
0.00968314 -0.0175629 -3.27279e-05 1.04276e-05 -0.0175629 0.086147 5.06754e-06 0.000111036 -3.27279e-05 5.06754e-06 0.00941048 -0.0174334 1.04276e-05 0.000111036 -0.0174334 0.0865035 
0.00966854 -0.0175647 -3.08051e-05 7.9853e-06 -0.0175647 0.086126 -4.18801e-07 0.000110611 -3.08051e-05 -4.18801e-07 0.00939504 -0.0173813 7.9853e-06 0.000110611 -0.0173813 0.0862652 
0.00963827 -0.0175564 -2.04038e-05 7.51055e-06 -0.0175564 0.0861158 -7.20345e-07 0.000110567 -2.04038e-05 -7.20345e-07 0.00940985 -0.0173598 7.51055e-06 0.000110567 -0.0173598 0.086137 
0.00964275 -0.0176097 -6.66978e-06 -2.77284e-06 -0.0176097 0.0864894 -8.13052e-06 0.000119214 -6.66978e-06 -8.13052e-06 0.00948325 -0.0174669 -2.77284e-06 0.000119214 -0.0174669 0.086554 
0.00965031 -0.017602 -7.36061e-07 -2.11297e-05 -0.017602 0.0866053 -2.13048e-05 0.000145482 -7.36061e-07 -2.13048e-05 0.00951388 -0.0175482 -2.11297e-05 0.000145482 -0.0175482 0.0868422 
0.00965451 -0.0176256 -5.97276e-06 -3.05742e-05 -0.0176256 0.086762 -2.38173e-05 0.000163979 -5.97276e-06 -2.38173e-05 0.00955575 -0.0176158 -3.05742e-05 0.000163979 -0.0176158 0.0871687 
0.00964383 -0.0176029 -2.01307e-05 -2.62038e-05 -0.0176029 0.0867103 -1.22625e-05 0.000155799 -2.01307e-05 -1.22625e-05 0.00957881 -0.0176365 -2.62038e-05 0.000155799 -0.0176365 0.0872452 
0.00961593 -0.0175296 -2.41246e-05 -6.48229e-06 -0.0175296 0.0863918 8.5602e-06 0.000113812 -2.41246e-05 8.5602e-06 0.00957259 -0.0176169 -6.48229e-06 0.000113812 -0.0176169 0.0870757 
0.00957565 -0.0174687 -4.00782e-05 6.70073e-07 -0.0174687 0.0860815 1.39302e-05 8.02644e-05 -4.00782e-05 1.39302e-05 0.00955868 -0.0175989 6.70073e-07 8.02644e-05 -0.0175989 0.0869152 
0.00952657 -0.0173757 -4.92089e-05 1.95975e-05 -0.0173757 0.0856618 2.95257e-05 4.51681e-05 -4.92089e-05 2.95257e-05 0.0095345 -0.0175542 1.95975e-05 4.51681e-05 -0.0175542 0.0866519 
0.00954756 -0.0173533 -4.74074e-05 3.61704e-05 -0.0173533 0.0855654 3.7837e-05 7.84598e-06 -4.74074e-05 3.7837e-05 0.00950395 -0.017569 3.61704e-05 7.84598e-06 -0.017569 0.0866927 
0.00958146 -0.0173975 -3.1589e-05 3.48552e-05 -0.0173975 0.0856412 2.8557e-05 7.85179e-06 -3.1589e-05 2.8557e-05 0.00947814 -0.0175431 3.48552e-05 7.85179e-06 -0.0175431 0.086712 
0.00957648 -0.0174441 -2.57355e-05 1.39408e-05 -0.0174441 0.0857555 2.34292e-06 5.2362e-05 -2.57355e-05 2.34292e-06 0.00948285 -0.0175002 1.39408e-05 5.2362e-05 -0.0175002 0.0866216 
0.00959543 -0.0174708 -2.72708e-05 5.42109e-06 -0.0174708 0.0859419 -5.56153e-06 9.00537e-05 -2.72708e-05 -5.56153e-06 0.00949292 -0.0175203 5.42109e-06 9.00537e-05 -0.0175203 0.0866781 
0.00960643 -0.0174719 -2.98915e-05 5.69028e-06 -0.0174719 0.085939 -1.87853e-06 9.98758e-05 -2.98915e-05 -1.87853e-06 0.00949335 -0.017507 5.69028e-06 9.98758e-05 -0.017507 0.0866078 
0.0096615 -0.0175092 -4.96897e-05 5.09576e-06 -0.0175092 0.0860762 3.10398e-06 9.95014e-05 -4.96897e-05 3.10398e-06 0.00947521 -0.017533 5.09576e-06 9.95014e-05 -0.017533 0.0867004 
0.00968491 -0.0175651 -4.96227e-05 2.55178e-05 -0.0175651 0.0861858 2.59586e-05 7.10797e-05 -4.96227e-05 2.59586e-05 0.00946845 -0.0175012 2.55178e-05 7.10797e-05 -0.0175012 0.0866563 
0.0096494 -0.0175621 -4.59196e-05 2.59089e-05 -0.0175621 0.0861234 2.8903e-05 5.19956e-05 -4.59196e-05 2.8903e-05 0.00948026 -0.017463 2.59089e-05 5.19956e-05 -0.017463 0.0864643 
0.00962051 -0.0175499 -3.27869e-05 2.25732e-05 -0.0175499 0.0861877 2.70388e-05 4.9325e-05 -3.27869e-05 2.70388e-05 0.0095161 -0.0175266 2.25732e-05 4.9325e-05 -0.0175266 0.086625 
0.00964383 -0.0175622 -1.30242e-05 6.51924e-06 -0.0175622 0.0863906 8.00856e-06 7.9409e-05 -1.30242e-05 8.00856e-06 0.00954549 -0.0176263 6.51924e-06 7.9409e-05 -0.0176263 0.0870416 
0.00964987 -0.0175826 -8.30328e-06 -1.84665e-05 -0.0175826 0.0864934 -2.03967e-05 0.00013784 -8.30328e-06 -2.03967e-05 0.00957895 -0.0176586 -1.84665e-05 0.00013784 -0.0176586 0.0872645 
0.00966364 -0.0176082 -7.51877e-06 -2.6271e-05 -0.0176082 0.0866519 -2.90232e-05 0.000181354 -7.51877e-06 -2.90232e-05 0.00960946 -0.0177117 -2.6271e-05 0.000181354 -0.0177117 0.0874938 
0.00967758 -0.0175537 -5.24738e-06 -2.28931e-05 -0.0175537 0.0864073 -2.78996e-05 0.000186409 -5.24738e-06 -2.78996e-05 0.00955407 -0.0176766 -2.28931e-05 0.000186409 -0.0176766 0.0873032 
0.00964625 -0.0175347 -2.61981e-06 -2.50876e-05 -0.0175347 0.0861509 -2.9665e-05 0.00018799 -2.61981e-06 -2.9665e-05 0.00952983 -0.0175746 -2.50876e-05 0.00018799 -0.0175746 0.0869381 
0.00962543 -0.0175364 1.18737e-07 -3.16189e-05 -0.0175364 0.0861716 -3.54557e-05 0.000202064 1.18737e-07 -3.54557e-05 0.00953987 -0.0175794 -3.16189e-05 0.000202064 -0.0175794 0.0868953 
0.00959226 -0.0174877 -1.38299e-05 -3.6693e-05 -0.0174877 0.0860219 -3.90605e-05 0.000216922 -1.38299e-05 -3.90605e-05 0.00953476 -0.0175745 -3.6693e-05 0.000216922 -0.0175745 0.0868084 
0.00961894 -0.0174909 -1.42153e-05 -1.87947e-05 -0.0174909 0.0860999 -2.30372e-05 0.000196691 -1.42153e-05 -2.30372e-05 0.00953314 -0.0176112 -1.87947e-05 0.000196691 -0.0176112 0.0869756 
0.00966797 -0.0175632 -1.01746e-05 -1.37347e-05 -0.0175632 0.0863867 -1.81531e-05 0.00017035 -1.01746e-05 -1.81531e-05 0.00953419 -0.0176501 -1.37347e-05 0.00017035 -0.0176501 0.0872498 
0.00966167 -0.0175537 -2.31141e-05 -1.55663e-05 -0.0175537 0.086273 -1.62434e-05 0.000153117 -2.31141e-05 -1.62434e-05 0.00950038 -0.0175751 -1.55663e-05 0.000153117 -0.0175751 0.0870046 
0.00963434 -0.0175436 -4.25971e-05 -1.26893e-06 -0.0175436 0.0861906 3.19184e-06 0.000120062 -4.25971e-05 3.19184e-06 0.00950534 -0.01752 -1.26893e-06 0.000120062 -0.01752 0.0867764 
0.0096249 -0.0174967 -4.54958e-05 2.19897e-05 -0.0174967 0.0860234 3.14794e-05 6.10783e-05 -4.54958e-05 3.14794e-05 0.00948768 -0.0175051 2.19897e-05 6.10783e-05 -0.0175051 0.0865887 
0.00960656 -0.0174877 -3.55819e-05 2.41459e-05 -0.0174877 0.0859405 3.85207e-05 2.52339e-05 -3.55819e-05 3.85207e-05 0.00949569 -0.0174952 2.41459e-05 2.52339e-05 -0.0174952 0.0865232 
0.0095975 -0.0174625 -2.71529e-05 1.10215e-05 -0.0174625 0.0858601 2.59366e-05 3.37703e-05 -2.71529e-05 2.59366e-05 0.00948124 -0.0175084 1.10215e-05 3.37703e-05 -0.0175084 0.0865147 
0.00957097 -0.0174251 -1.43812e-05 -1.10407e-06 -0.0174251 0.08567 1.11007e-05 6.61422e-05 -1.43812e-05 1.11007e-05 0.00946643 -0.0174634 -1.10407e-06 6.61422e-05 -0.0174634 0.0863464 
0.00956501 -0.0174315 -6.14628e-06 -1.46267e-05 -0.0174315 0.0857216 -3.18541e-06 9.89444e-05 -6.14628e-06 -3.18541e-06 0.00948231 -0.0174787 -1.46267e-05 9.89444e-05 -0.0174787 0.0864056 
0.00963122 -0.0175387 -3.48732e-06 -2.11448e-05 -0.0175387 0.0862965 -1.27285e-05 0.000121479 -3.48732e-06 -1.27285e-05 0.00954347 -0.017612 -2.11448e-05 0.000121479 -0.017612 0.0870271 
0.00969218 -0.0176071 -3.78773e-06 -2.15979e-05 -0.0176071 0.0866237 -2.07655e-05 0.000136759 -3.78773e-06 -2.07655e-05 0.00955721 -0.017673 -2.15979e-05 0.000136759 -0.017673 0.0873625 
0.00971024 -0.0176014 -2.08585e-05 -1.66337e-05 -0.0176014 0.0864988 -2.32339e-05 0.000136734 -2.08585e-05 -2.32339e-05 0.00951247 -0.017606 -1.66337e-05 0.000136734 -0.017606 0.0871331 
0.00971637 -0.0176166 -4.2679e-05 2.95842e-06 -0.0176166 0.0864477 -2.15318e-06 0.000106984 -4.2679e-05 -2.15318e-06 0.00947229 -0.0175448 2.95842e-06 0.000106984 -0.0175448 0.0869122 
0.00970837 -0.017619 -5.13113e-05 2.57935e-05 -0.017619 0.0864062 2.56744e-05 5.39521e-05 -5.13113e-05 2.56744e-05 0.00945492 -0.0174911 2.57935e-05 5.39521e-05 -0.0174911 0.0867112 
0.00970161 -0.0176139 -4.97549e-05 3.40967e-05 -0.0176139 0.0863942 3.54771e-05 1.8836e-05 -4.97549e-05 3.54771e-05 0.00945346 -0.0174807 3.40967e-05 1.8836e-05 -0.0174807 0.0866386 
0.00965915 -0.0176247 -3.90918e-05 3.21781e-05 -0.0176247 0.0864653 3.05252e-05 1.59372e-05 -3.90918e-05 3.05252e-05 0.00950414 -0.0175033 3.21781e-05 1.59372e-05 -0.0175033 0.0867231 
0.00961341 -0.0175645 -4.76536e-05 2.04193e-05 -0.0175645 0.0863686 1.55603e-05 3.96176e-05 -4.76536e-05 1.55603e-05 0.00954214 -0.0175514 2.04193e-05 3.96176e-05 -0.0175514 0.0867996 
0.00961133 -0.0175409 -4.88355e-05 3.38382e-05 -0.0175409 0.0863953 2.30138e-05 3.71987e-05 -4.88355e-05 2.30138e-05 0.0095825 -0.0176328 3.38382e-05 3.71987e-05 -0.0176328 0.0870809 
0.00959182 -0.0174903 -2.52258e-05 3.96368e-05 -0.0174903 0.0861843 2.36498e-05 2.49075e-05 -2.52258e-05 2.36498e-05 0.00959391 -0.017644 3.96368e-05 2.49075e-05 -0.017644 0.0870814 
0.00957008 -0.0174717 -5.94269e-06 9.6757e-06 -0.0174717 0.0860969 -4.66752e-06 6.5408e-05 -5.94269e-06 -4.66752e-06 0.00961635 -0.0176708 9.6757e-06 6.5408e-05 -0.0176708 0.0871489 
0.00955764 -0.0174389 6.62727e-07 -2.06786e-05 -0.0174389 0.0859921 -2.79846e-05 0.000134135 6.62727e-07 -2.79846e-05 0.00961271 -0.0176949 -2.06786e-05 0.000134135 -0.0176949 0.087198 
0.00952874 -0.017401 -4.24532e-06 -3.30454e-05 -0.017401 0.0858073 -3.31862e-05 0.000177882 -4.24532e-06 -3.31862e-05 0.00959802 -0.017667 -3.30454e-05 0.000177882 -0.017667 0.0870954 
0.00953412 -0.0173854 -1.74198e-05 -2.98516e-05 -0.0173854 0.08577 -2.49746e-05 0.000184803 -1.74198e-05 -2.49746e-05 0.00957697 -0.0176658 -2.98516e-05 0.000184803 -0.0176658 0.087101 
0.00953234 -0.0173761 -2.57106e-05 -1.63897e-05 -0.0173761 0.0856842 -8.53948e-06 0.000161883 -2.57106e-05 -8.53948e-06 0.00954916 -0.0176187 -1.63897e-05 0.000161883 -0.0176187 0.086964 
0.00951763 -0.0173036 -4.77359e-05 -3.78353e-06 -0.0173036 0.0852848 5.75054e-06 0.000124626 -4.77359e-05 5.75054e-06 0.00947741 -0.0174988 -3.78353e-06 0.000124626 -0.0174988 0.0864375 
0.00950949 -0.0172913 -5.8266e-05 2.85611e-05 -0.0172913 0.0851053 3.27399e-05 6.0271e-05 -5.8266e-05 3.27399e-05 0.00943159 -0.0174197 2.85611e-05 6.0271e-05 -0.0174197 0.0861037 
0.00949481 -0.0172824 -4.77341e-05 4.93627e-05 -0.0172824 0.0850155 5.0181e-05 -6.71957e-06 -4.77341e-05 5.0181e-05 0.00940964 -0.0173714 4.93627e-05 -6.71957e-06 -0.0173714 0.0858921 
0.00951708 -0.0172866 -2.64971e-05 3.54834e-05 -0.0172866 0.0850388 3.5957e-05 -9.29248e-06 -2.64971e-05 3.5957e-05 0.00938094 -0.0173616 3.54834e-05 -9.29248e-06 -0.0173616 0.0858449 
0.00953018 -0.0173135 -4.70867e-06 4.59814e-06 -0.0173135 0.0850847 7.16876e-06 4.59561e-05 -4.70867e-06 7.16876e-06 0.00935914 -0.0173285 4.59814e-06 4.59561e-05 -0.0173285 0.0857796 
0.0095475 -0.0173218 -1.21119e-05 -2.53465e-05 -0.0173218 0.0850807 -2.18854e-05 0.000121679 -1.21119e-05 -2.18854e-05 0.00931627 -0.0172835 -2.53465e-05 0.000121679 -0.0172835 0.0856236 
0.00956738 -0.0173779 -1.89138e-05 -1.96971e-05 -0.0173779 0.0852703 -2.05052e-05 0.000155154 -1.89138e-05 -2.05052e-05 0.00930114 -0.0172572 -1.96971e-05 0.000155154 -0.0172572 0.0856132 
0.0095465 -0.0174032 -2.05581e-05 -5.01797e-06 -0.0174032 0.0853779 -1.22335e-05 0.000139587 -2.05581e-05 -1.22335e-05 0.00930695 -0.0172161 -5.01797e-06 0.000139587 -0.0172161 0.0854977 
0.00950649 -0.0173503 -2.26164e-05 2.29294e-06 -0.0173503 0.0852436 -2.98473e-06 0.000110029 -2.26164e-05 -2.98473e-06 0.00931066 -0.0171859 2.29294e-06 0.000110029 -0.0171859 0.0852908 
0.00950262 -0.017318 -3.19239e-05 3.73224e-06 -0.017318 0.085183 5.03545e-06 8.8469e-05 -3.19239e-05 5.03545e-06 0.00930536 -0.0172042 3.73224e-06 8.8469e-05 -0.0172042 0.0852887 
0.00952249 -0.0173165 -2.90266e-05 1.32886e-05 -0.0173165 0.0851752 1.48984e-05 6.53155e-05 -2.90266e-05 1.48984e-05 0.0092894 -0.0172087 1.32886e-05 6.53155e-05 -0.0172087 0.0853295 
0.00954645 -0.0173785 -2.24106e-05 1.3561e-05 -0.0173785 0.0853884 8.36085e-06 5.93745e-05 -2.24106e-05 8.36085e-06 0.00929069 -0.0172107 1.3561e-05 5.93745e-05 -0.0172107 0.085439 
0.00953083 -0.0173675 -1.44506e-05 5.2053e-06 -0.0173675 0.0853263 -3.95126e-06 7.90769e-05 -1.44506e-05 -3.95126e-06 0.00928601 -0.0171587 5.2053e-06 7.90769e-05 -0.0171587 0.0852376 
0.00951161 -0.0173438 4.74682e-06 -6.81318e-06 -0.0173438 0.085254 -1.29306e-05 0.000106633 4.74682e-06 -1.29306e-05 0.00929677 -0.0171567 -6.81318e-06 0.000106633 -0.0171567 0.0851518 
0.00953217 -0.0173611 -3.22694e-06 -3.14145e-05 -0.0173611 0.0853761 -3.12522e-05 0.000148355 -3.22694e-06 -3.12522e-05 0.00931384 -0.0172072 -3.14145e-05 0.000148355 -0.0172072 0.0853266 
0.00954402 -0.0173644 -1.34618e-05 -2.29925e-05 -0.0173644 0.0853719 -2.19466e-05 0.000155687 -1.34618e-05 -2.19466e-05 0.00931743 -0.017218 -2.29925e-05 0.000155687 -0.017218 0.0853755 
0.00955897 -0.0173935 -2.67275e-05 -9.12063e-06 -0.0173935 0.0854659 -7.8696e-06 0.000130527 -2.67275e-05 -7.8696e-06 0.00934706 -0.0172412 -9.12063e-06 0.000130527 -0.0172412 0.0854842 
0.00959614 -0.0174709 -2.75443e-05 3.86007e-06 -0.0174709 0.0858365 5.79749e-06 0.000101185 -2.75443e-05 5.79749e-06 0.00940903 -0.0173502 3.86007e-06 0.000101185 -0.0173502 0.085928 
0.00961716 -0.0175661 -4.20654e-05 2.66948e-06 -0.0175661 0.0863184 5.7706e-06 9.3095e-05 -4.20654e-05 5.7706e-06 0.00950883 -0.0174831 2.66948e-06 9.3095e-05 -0.0174831 0.0865191 
0.00963795 -0.0175644 -6.24768e-05 1.64463e-05 -0.0175644 0.0864546 2.18773e-05 7.44759e-05 -6.24768e-05 2.18773e-05 0.00954512 -0.0175922 1.64463e-05 7.44759e-05 -0.0175922 0.0868955 
0.00965012 -0.0175773 -6.06316e-05 4.14772e-05 -0.0175773 0.0865083 5.13055e-05 1.93452e-05 -6.06316e-05 5.13055e-05 0.00957197 -0.0176427 4.14772e-05 1.93452e-05 -0.0176427 0.08715 
0.00965867 -0.0175781 -5.37722e-05 3.45573e-05 -0.0175781 0.086503 4.63145e-05 8.74509e-06 -5.37722e-05 4.63145e-05 0.00956489 -0.0176668 3.45573e-05 8.74509e-06 -0.0176668 0.0872585 
0.00966 -0.0175293 -4.65798e-05 2.95547e-05 -0.0175293 0.0862354 3.56413e-05 2.11269e-05 -4.65798e-05 3.56413e-05 0.0095013 -0.0176019 2.95547e-05 2.11269e-05 -0.0176019 0.0870127 
0.00963451 -0.0174988 -1.87194e-05 2.2603e-05 -0.0174988 0.0859607 2.02838e-05 4.8339e-05 -1.87194e-05 2.02838e-05 0.00946401 -0.0174907 2.2603e-05 4.8339e-05 -0.0174907 0.086613 
0.00962424 -0.01749 -8.04631e-06 -5.58432e-06 -0.01749 0.0859064 -1.47512e-05 0.000104283 -8.04631e-06 -1.47512e-05 0.00945892 -0.0174701 -5.58432e-06 0.000104283 -0.0174701 0.0864784 
0.00959347 -0.0174522 -1.19395e-05 -1.69373e-05 -0.0174522 0.0857257 -2.91674e-05 0.000152605 -1.19395e-05 -2.91674e-05 0.00944819 -0.0174343 -1.69373e-05 0.000152605 -0.0174343 0.0862739 
0.00959392 -0.0174263 -2.42506e-05 -1.31029e-05 -0.0174263 0.0856281 -2.52709e-05 0.000164875 -2.42506e-05 -2.52709e-05 0.0094306 -0.0174224 -1.31029e-05 0.000164875 -0.0174224 0.0861789 
0.00963834 -0.0175 -3.81793e-05 -1.28731e-06 -0.0175 0.0859287 -9.67809e-06 0.000148006 -3.81793e-05 -9.67809e-06 0.00944626 -0.0174634 -1.28731e-06 0.000148006 -0.0174634 0.0864194 
0.00967735 -0.017578 -4.55937e-05 1.2255e-05 -0.017578 0.0862748 7.71366e-06 0.000118065 -4.55937e-05 7.71366e-06 0.00946092 -0.0175102 1.2255e-05 0.000118065 -0.0175102 0.0866865 
0.00971347 -0.0176272 -5.36353e-05 2.15505e-05 -0.0176272 0.0865062 1.73004e-05 9.05799e-05 -5.36353e-05 1.73004e-05 0.00946375 -0.0175239 2.15505e-05 9.05799e-05 -0.0175239 0.0868241 
0.00970264 -0.0176605 -5.07841e-05 3.00929e-05 -0.0176605 0.0866127 2.82717e-05 6.67712e-05 -5.07841e-05 2.82717e-05 0.00948505 -0.0175008 3.00929e-05 6.67712e-05 -0.0175008 0.086782 
0.00970986 -0.0176845 -3.20168e-05 2.63664e-05 -0.0176845 0.0868155 2.65399e-05 6.02958e-05 -3.20168e-05 2.65399e-05 0.00951732 -0.0175515 2.63664e-05 6.02958e-05 -0.0175515 0.086944 
0.00971214 -0.0176699 -1.78159e-05 4.01474e-06 -0.0176699 0.0868176 2.56168e-06 9.59335e-05 -1.78159e-05 2.56168e-06 0.00953485 -0.017583 4.01474e-06 9.59335e-05 -0.017583 0.0870319 
0.00968255 -0.0176173 -6.04917e-06 -1.47555e-05 -0.0176173 0.08657 -2.13694e-05 0.000154321 -6.04917e-06 -2.13694e-05 0.00952932 -0.0175685 -1.47555e-05 0.000154321 -0.0175685 0.0869094 
0.00970609 -0.0176214 -1.29205e-05 -2.59485e-05 -0.0176214 0.0865974 -4.04816e-05 0.000203438 -1.29205e-05 -4.04816e-05 0.00953101 -0.0175999 -2.59485e-05 0.000203438 -0.0175999 0.087029 
0.00969931 -0.0176292 -2.442e-05 -2.12191e-05 -0.0176292 0.0865573 -3.85883e-05 0.000223685 -2.442e-05 -3.85883e-05 0.00952329 -0.0175853 -2.12191e-05 0.000223685 -0.0175853 0.0869966 
0.00966109 -0.0175579 -3.78386e-05 -5.27073e-06 -0.0175579 0.0862185 -2.1033e-05 0.00020015 -3.78386e-05 -2.1033e-05 0.00948307 -0.0175148 -5.27073e-06 0.00020015 -0.0175148 0.086657 
0.00963075 -0.017513 -4.52355e-05 1.27309e-05 -0.017513 0.0859925 1.564e-06 0.000151249 -4.52355e-05 1.564e-06 0.00945428 -0.0174618 1.27309e-05 0.000151249 -0.0174618 0.0864117 
0.00957768 -0.0174694 -4.13657e-05 2.13798e-05 -0.0174694 0.0857918 1.76842e-05 0.000107271 -4.13657e-05 1.76842e-05 0.00944642 -0.0174128 2.13798e-05 0.000107271 -0.0174128 0.0861841 
0.00957706 -0.0174574 -2.7877e-05 9.51973e-06 -0.0174574 0.0858596 1.29591e-05 0.000107551 -2.7877e-05 1.29591e-05 0.00946115 -0.0174574 9.51973e-06 0.000107551 -0.0174574 0.0863293 
0.00956886 -0.0174687 -4.6299e-07 -8.15245e-06 -0.0174687 0.0859514 -4.5367e-06 0.000140862 -4.6299e-07 -4.5367e-06 0.00948998 -0.0174903 -8.15245e-06 0.000140862 -0.0174903 0.0865004 
0.00953199 -0.0174101 1.0202e-05 -4.21135e-05 -0.0174101 0.0857401 -4.18797e-05 0.000213952 1.0202e-05 -4.18797e-05 0.009494 -0.017469 -4.21135e-05 0.000213952 -0.017469 0.0863633 
0.00950812 -0.0173328 1.43253e-05 -5.40225e-05 -0.0173328 0.0854143 -5.74454e-05 0.000269527 1.43253e-05 -5.74454e-05 0.00947308 -0.0174359 -5.40225e-05 0.000269527 -0.0174359 0.0861276 
0.00951757 -0.0173513 1.60426e-05 -6.07737e-05 -0.0173513 0.0854604 -6.56239e-05 0.000303493 1.60426e-05 -6.56239e-05 0.00948472 -0.0174622 -6.07737e-05 0.000303493 -0.0174622 0.086227 
0.00952306 -0.0173755 1.09138e-05 -5.94279e-05 -0.0173755 0.0855575 -6.26918e-05 0.000306619 1.09138e-05 -6.26918e-05 0.0095029 -0.0174819 -5.94279e-05 0.000306619 -0.0174819 0.0863222 
0.0095541 -0.0174413 5.24996e-06 -5.24258e-05 -0.0174413 0.0858991 -5.27258e-05 0.000290129 5.24996e-06 -5.27258e-05 0.00953111 -0.0175618 -5.24258e-05 0.000290129 -0.0175618 0.0866807 
0.00959363 -0.0175138 -6.32081e-06 -5.27884e-05 -0.0175138 0.0862783 -4.55387e-05 0.000280613 -6.32081e-06 -4.55387e-05 0.00955516 -0.0176279 -5.27884e-05 0.000280613 -0.0176279 0.0870574 
