0.00714059 0 7.08726e-05 0 0 0.00987845 0 0 7.08726e-05 0 0.00682534 0 0 0 0 0.00987845 
0.00972325 -0.0120651 7.65176e-05 -9.08476e-05 -0.0120651 0.0318754 -9.08476e-05 0.000174429 7.65176e-05 -9.08476e-05 0.00936228 -0.0116261 -9.08476e-05 0.000174429 -0.0116261 0.0310336 
0.00995591 -0.01857 3.66545e-05 -4.2182e-05 -0.01857 0.0683291 -4.2182e-05 0.000110813 3.66545e-05 -4.2182e-05 0.00976051 -0.0182012 -4.2182e-05 0.000110813 -0.0182012 0.0672101 
0.00941726 -0.0181087 4.54787e-05 5.45278e-05 -0.0181087 0.0811311 4.63442e-05 -0.000319877 4.54787e-05 4.63442e-05 0.00932255 -0.0181711 5.45278e-05 -0.000319877 -0.0181711 0.081658 
0.00916713 -0.0170069 7.63396e-05 2.88562e-05 -0.0170069 0.0818136 1.41791e-05 -0.000423124 7.63396e-05 1.41791e-05 0.00905648 -0.0171669 2.88562e-05 -0.000423124 -0.0171669 0.0832656 
0.00989818 -0.0180552 8.09863e-05 -3.52865e-05 -0.0180552 0.0882751 -4.32429e-05 -0.000284458 8.09863e-05 -4.32429e-05 0.00974429 -0.0181162 -3.52865e-05 -0.000284458 -0.0181162 0.0896312 
0.00955874 -0.0173801 3.56382e-05 -5.32624e-05 -0.0173801 0.0852445 -5.1169e-05 -0.000115433 3.56382e-05 -5.1169e-05 0.00940448 -0.0173579 -5.32624e-05 -0.000115433 -0.0173579 0.0860984 
0.010155 -0.0184373 5.52627e-06 -3.29148e-07 -0.0184373 0.090559 5.17182e-06 -0.000142045 5.52627e-06 5.17182e-06 0.0099652 -0.018382 -3.29148e-07 -0.000142045 -0.018382 0.0911291 
0.00990409 -0.0179754 1.13689e-05 4.4361e-05 -0.0179754 0.088305 5.15433e-05 -0.000237384 1.13689e-05 5.15433e-05 0.00971421 -0.0178904 4.4361e-05 -0.000237384 -0.0178904 0.088677 
0.00976089 -0.017726 3.32444e-05 3.83242e-05 -0.017726 0.0870615 4.54518e-05 -0.00026914 3.32444e-05 4.54518e-05 0.009585 -0.017646 3.83242e-05 -0.00026914 -0.017646 0.0873745 
0.00970622 -0.0176189 4.70602e-05 1.21563e-05 -0.0176189 0.0865261 1.62451e-05 -0.000232859 4.70602e-05 1.62451e-05 0.0095182 -0.0175617 1.21563e-05 -0.000232859 -0.0175617 0.0868744 
0.00967338 -0.0175736 5.61809e-05 -6.49617e-06 -0.0175736 0.0862567 -3.12883e-06 -0.000180195 5.61809e-05 -3.12883e-06 0.00946969 -0.0174955 -6.49617e-06 -0.000180195 -0.0174955 0.0865888 
0.00964288 -0.0175916 6.35591e-05 -2.03259e-05 -0.0175916 0.0863216 -1.49417e-05 -0.000138177 6.35591e-05 -1.49417e-05 0.00948197 -0.0174696 -2.03259e-05 -0.000138177 -0.0174696 0.0865411 
0.009578 -0.0174683 5.89234e-05 -3.2668e-05 -0.0174683 0.0858631 -2.63717e-05 -0.000100526 5.89234e-05 -2.63717e-05 0.00944253 -0.0173929 -3.2668e-05 -0.000100526 -0.0173929 0.0860884 
0.00955965 -0.0174559 5.5274e-05 -2.67378e-05 -0.0174559 0.0858606 -2.12194e-05 -9.51009e-05 5.5274e-05 -2.12194e-05 0.0094551 -0.0174215 -2.67378e-05 -9.51009e-05 -0.0174215 0.0861799 
0.00953872 -0.0173934 4.22147e-05 -1.82042e-05 -0.0173934 0.0856325 -1.51098e-05 -0.000109909 4.22147e-05 -1.51098e-05 0.0094377 -0.0174023 -1.82042e-05 -0.000109909 -0.0174023 0.086061 
0.00952804 -0.0173959 4.01293e-05 -2.74766e-06 -0.0173959 0.085627 -1.38841e-06 -0.000137535 4.01293e-05 -1.38841e-06 0.00945665 -0.0174062 -2.74766e-06 -0.000137535 -0.0174062 0.0860992 
0.00950387 -0.0173663 4.1413e-05 -8.64868e-07 -0.0173663 0.0855242 1.00274e-06 -0.000153288 4.1413e-05 1.00274e-06 0.00946839 -0.0174095 -8.64868e-07 -0.000153288 -0.0174095 0.0860499 
0.00950655 -0.0173397 3.69749e-05 -2.72752e-06 -0.0173397 0.0854592 -1.32008e-06 -0.000152686 3.69749e-05 -1.32008e-06 0.00945981 -0.0174405 -2.72752e-06 -0.000152686 -0.0174405 0.0861147 
0.00948871 -0.0172831 4.64525e-05 1.86618e-07 -0.0172831 0.0851471 -1.85309e-06 -0.000145556 4.64525e-05 -1.85309e-06 0.00941461 -0.0173788 1.86618e-07 -0.000145556 -0.0173788 0.0858654 
0.0094829 -0.0173058 6.25541e-05 -1.26453e-05 -0.0173058 0.0851861 -1.72386e-05 -0.000119125 6.25541e-05 -1.72386e-05 0.00941092 -0.0173603 -1.26453e-05 -0.000119125 -0.0173603 0.0858492 
0.00947018 -0.017282 5.21353e-05 -3.10642e-05 -0.017282 0.0851136 -3.93158e-05 -7.31007e-05 5.21353e-05 -3.93158e-05 0.00939007 -0.0173376 -3.10642e-05 -7.31007e-05 -0.0173376 0.0857453 
0.00946532 -0.0172781 3.51043e-05 -1.64109e-05 -0.0172781 0.0851024 -2.77657e-05 -7.25312e-05 3.51043e-05 -2.77657e-05 0.00938629 -0.0173189 -1.64109e-05 -7.25312e-05 -0.0173189 0.0856995 
0.00945506 -0.0172266 4.77377e-05 5.87943e-06 -0.0172266 0.0848681 -5.66042e-06 -0.000115111 4.77377e-05 -5.66042e-06 0.009357 -0.0172707 5.87943e-06 -0.000115111 -0.0172707 0.0854557 
0.00947974 -0.0173024 5.25182e-05 -9.57419e-06 -0.0173024 0.0851681 -1.49089e-05 -0.00012187 5.25182e-05 -1.49089e-05 0.00938572 -0.0173161 -9.57419e-06 -0.00012187 -0.0173161 0.0857008 
0.00949031 -0.0173337 6.16957e-05 -1.60344e-05 -0.0173337 0.0853547 -1.53013e-05 -0.000114597 6.16957e-05 -1.53013e-05 0.0094015 -0.0173469 -1.60344e-05 -0.000114597 -0.0173469 0.0858495 
0.00953373 -0.0174051 6.8594e-05 -2.82795e-05 -0.0174051 0.085747 -2.61011e-05 -9.48983e-05 6.8594e-05 -2.61011e-05 0.0094357 -0.0174256 -2.82795e-05 -9.48983e-05 -0.0174256 0.0862435 
0.00956202 -0.0174385 4.67053e-05 -3.89166e-05 -0.0174385 0.0859204 -3.85634e-05 -6.2792e-05 4.67053e-05 -3.85634e-05 0.00944747 -0.0174518 -3.89166e-05 -6.2792e-05 -0.0174518 0.0864136 
0.00955596 -0.0173904 4.14369e-05 -1.93264e-05 -0.0173904 0.085652 -2.19646e-05 -6.42079e-05 4.14369e-05 -2.19646e-05 0.00941145 -0.0173829 -1.93264e-05 -6.42079e-05 -0.0173829 0.0861077 
0.00953185 -0.0173804 3.62966e-05 -1.35771e-05 -0.0173804 0.0855129 -1.63147e-05 -7.73744e-05 3.62966e-05 -1.63147e-05 0.00940586 -0.0173401 -1.35771e-05 -7.73744e-05 -0.0173401 0.0859055 
0.00948723 -0.0173262 2.9431e-05 -1.08686e-05 -0.0173262 0.0852757 -1.15166e-05 -8.28781e-05 2.9431e-05 -1.15166e-05 0.00940143 -0.0173051 -1.08686e-05 -8.28781e-05 -0.0173051 0.0856648 
0.00947004 -0.0172614 3.49147e-05 -1.01432e-06 -0.0172614 0.0850296 1.36773e-07 -0.000102142 3.49147e-05 1.36773e-07 0.00937263 -0.0172947 -1.01432e-06 -0.000102142 -0.0172947 0.0855166 
0.00948316 -0.0172644 5.39732e-05 -2.52443e-06 -0.0172644 0.0849952 -9.43576e-07 -0.000116571 5.39732e-05 -9.43576e-07 0.00936155 -0.017283 -2.52443e-06 -0.000116571 -0.017283 0.0855082 
0.0094933 -0.017267 6.48697e-05 -2.47283e-05 -0.017267 0.0849318 -2.18536e-05 -9.09919e-05 6.48697e-05 -2.18536e-05 0.00933006 -0.0172461 -2.47283e-05 -9.09919e-05 -0.0172461 0.0853679 
0.00950238 -0.0172973 5.17369e-05 -4.03901e-05 -0.0172973 0.0850018 -3.51902e-05 -5.42609e-05 5.17369e-05 -3.51902e-05 0.00931535 -0.0172212 -4.03901e-05 -5.42609e-05 -0.0172212 0.085311 
0.00944983 -0.017281 3.10031e-05 -2.18259e-05 -0.017281 0.0849021 -1.57419e-05 -7.19797e-05 3.10031e-05 -1.57419e-05 0.00931621 -0.0171653 -2.18259e-05 -7.19797e-05 -0.0171653 0.0850789 
0.0094006 -0.0172014 5.99019e-06 5.75343e-06 -0.0172014 0.0846794 7.07797e-06 -0.000125226 5.99019e-06 7.07797e-06 0.00931598 -0.0171517 5.75343e-06 -0.000125226 -0.0171517 0.0849014 
0.00939497 -0.0171695 7.01708e-06 3.8019e-05 -0.0171695 0.0846324 3.20874e-05 -0.000190879 7.01708e-06 3.20874e-05 0.00932415 -0.0171975 3.8019e-05 -0.000190879 -0.0171975 0.0850362 
0.00941606 -0.0172017 1.88762e-05 4.17359e-05 -0.0172017 0.084799 3.47065e-05 -0.000230235 1.88762e-05 3.47065e-05 0.00934267 -0.0172497 4.17359e-05 -0.000230235 -0.0172497 0.0853191 
0.00943134 -0.0172116 2.71868e-05 2.1942e-05 -0.0172116 0.0848547 2.22819e-05 -0.000215413 2.71868e-05 2.22819e-05 0.00935014 -0.0172624 2.1942e-05 -0.000215413 -0.0172624 0.0854226 
0.00946716 -0.0172675 1.68605e-05 6.83945e-06 -0.0172675 0.0850944 1.83627e-05 -0.000191192 1.68605e-05 1.83627e-05 0.00936828 -0.0173032 6.83945e-06 -0.000191192 -0.0173032 0.0856467 
0.00945831 -0.0172716 9.11107e-06 1.28091e-05 -0.0172716 0.0850776 2.90087e-05 -0.000190428 9.11107e-06 2.90087e-05 0.00936632 -0.0172816 1.28091e-05 -0.000190428 -0.0172816 0.0855756 
0.00942344 -0.0171942 1.2695e-05 2.44371e-05 -0.0171942 0.0847142 3.3376e-05 -0.000203124 1.2695e-05 3.3376e-05 0.00932432 -0.017199 2.44371e-05 -0.000203124 -0.017199 0.0851588 
0.00941099 -0.0171679 3.8494e-05 2.72003e-05 -0.0171679 0.0845569 2.6354e-05 -0.000208536 3.8494e-05 2.6354e-05 0.00929789 -0.0171627 2.72003e-05 -0.000208536 -0.0171627 0.0849677 
0.00940426 -0.0171552 4.09393e-05 1.3044e-06 -0.0171552 0.0844714 -3.09152e-06 -0.000170568 4.09393e-05 -3.09152e-06 0.00926524 -0.0171321 1.3044e-06 -0.000170568 -0.0171321 0.0848368 
0.00940307 -0.0171725 2.95355e-05 -1.10005e-05 -0.0171725 0.08453 -1.34911e-05 -0.000121201 2.95355e-05 -1.34911e-05 0.00925599 -0.0171032 -1.10005e-05 -0.000121201 -0.0171032 0.0847851 
0.00939872 -0.017163 1.77576e-05 2.9387e-06 -0.017163 0.0845138 -8.99781e-07 -0.000122457 1.77576e-05 -8.99781e-07 0.00924598 -0.0170824 2.9387e-06 -0.000122457 -0.0170824 0.0846992 
0.00938868 -0.0171673 1.07103e-05 2.33702e-05 -0.0171673 0.0845369 1.64642e-05 -0.000163019 1.07103e-05 1.64642e-05 0.00926311 -0.0170745 2.33702e-05 -0.000163019 -0.0170745 0.0846715 
0.0101692 -0.0185911 2.42677e-05 2.92615e-05 -0.0185911 0.0916016 2.53682e-05 -0.000200274 2.42677e-05 2.53682e-05 0.0100634 -0.0185218 2.92615e-05 -0.000200274 -0.0185218 0.0917663 
0.00936676 -0.0171138 3.90923e-05 9.75091e-06 -0.0171138 0.0843514 1.14074e-05 -0.000168345 3.90923e-05 1.14074e-05 0.00927163 -0.0171005 9.75091e-06 -0.000168345 -0.0171005 0.0846141 
0.00933192 -0.0171106 4.69688e-05 -9.28742e-06 -0.0171106 0.0843351 -7.32988e-06 -0.000129496 4.69688e-05 -7.32988e-06 0.00930586 -0.0171131 -9.28742e-06 -0.000129496 -0.0171131 0.0846886 
0.00933613 -0.0171364 5.79363e-05 -2.10425e-05 -0.0171364 0.0845977 -2.38254e-05 -8.5551e-05 5.79363e-05 -2.38254e-05 0.00936778 -0.0172204 -2.10425e-05 -8.5551e-05 -0.0172204 0.0851075 
0.00932207 -0.0170839 5.87755e-05 -3.48117e-05 -0.0170839 0.0844523 -4.04616e-05 -4.1307e-05 5.87755e-05 -4.04616e-05 0.00938671 -0.01725 -3.48117e-05 -4.1307e-05 -0.01725 0.0851786 
0.00931794 -0.0170165 5.26755e-05 -3.98484e-05 -0.0170165 0.0841288 -4.50076e-05 -1.06862e-05 5.26755e-05 -4.50076e-05 0.00936087 -0.0172348 -3.98484e-05 -1.06862e-05 -0.0172348 0.0850401 
0.00937294 -0.0170884 3.3761e-05 -3.01705e-05 -0.0170884 0.0843665 -3.53285e-05 -1.82855e-05 3.3761e-05 -3.53285e-05 0.0093644 -0.0172921 -3.01705e-05 -1.82855e-05 -0.0172921 0.0853479 
0.00938175 -0.01711 3.82197e-05 -4.6802e-06 -0.01711 0.0843593 -1.27056e-05 -6.21977e-05 3.82197e-05 -1.27056e-05 0.00934326 -0.0172522 -4.6802e-06 -6.21977e-05 -0.0172522 0.085262 
0.00940546 -0.0171412 4.60179e-05 -3.96632e-06 -0.0171412 0.0844559 -1.18524e-05 -9.19968e-05 4.60179e-05 -1.18524e-05 0.0093365 -0.0172296 -3.96632e-06 -9.19968e-05 -0.0172296 0.0852122 
0.00940205 -0.0171789 4.69377e-05 -1.41297e-05 -0.0171789 0.0845745 -1.60242e-05 -9.2849e-05 4.69377e-05 -1.60242e-05 0.00936417 -0.0172233 -1.41297e-05 -9.2849e-05 -0.0172233 0.0851968 
0.00943248 -0.0172072 4.79208e-05 -1.51842e-05 -0.0172072 0.0847773 -1.20993e-05 -9.76168e-05 4.79208e-05 -1.20993e-05 0.00937306 -0.0172898 -1.51842e-05 -9.76168e-05 -0.0172898 0.0854064 
0.00946045 -0.0172136 5.75404e-05 -1.33227e-05 -0.0172136 0.0847771 -9.24682e-06 -0.000109468 5.75404e-05 -9.24682e-06 0.00934335 -0.0172814 -1.33227e-05 -0.000109468 -0.0172814 0.0854161 
0.00949346 -0.0172776 6.0445e-05 -2.5045e-05 -0.0172776 0.0849684 -1.88276e-05 -0.000100771 6.0445e-05 -1.88276e-05 0.00934452 -0.017264 -2.5045e-05 -0.000100771 -0.017264 0.0854655 
0.00953107 -0.0173656 5.15413e-05 -3.16215e-05 -0.0173656 0.0853404 -2.23885e-05 -8.6415e-05 5.15413e-05 -2.23885e-05 0.0093771 -0.0172995 -3.16215e-05 -8.6415e-05 -0.0172995 0.0856695 
0.00955571 -0.0173982 4.32948e-05 -1.75542e-05 -0.0173982 0.0855193 -6.18426e-06 -0.000110035 4.32948e-05 -6.18426e-06 0.00938674 -0.0173338 -1.75542e-05 -0.000110035 -0.0173338 0.0857939 
0.00958431 -0.0174442 2.77268e-05 -5.39958e-06 -0.0174442 0.0857185 5.6942e-06 -0.000145271 2.77268e-05 5.6942e-06 0.0093926 -0.01736 -5.39958e-06 -0.000145271 -0.01736 0.0859509 
0.00953168 -0.0174232 1.39155e-05 1.60596e-05 -0.0174232 0.0855813 2.24234e-05 -0.000189454 1.39155e-05 2.24234e-05 0.00940347 -0.0173012 1.60596e-05 -0.000189454 -0.0173012 0.0857219 
0.00948363 -0.0173592 1.36381e-05 3.12478e-05 -0.0173592 0.0854217 3.22128e-05 -0.000223865 1.36381e-05 3.22128e-05 0.00940502 -0.0173145 3.12478e-05 -0.000223865 -0.0173145 0.0856405 
0.0094415 -0.0172396 2.34356e-05 3.3648e-05 -0.0172396 0.0849666 3.09674e-05 -0.00023716 2.34356e-05 3.09674e-05 0.0093619 -0.0172672 3.3648e-05 -0.00023716 -0.0172672 0.0853616 
0.00939675 -0.0171744 3.18947e-05 2.0249e-05 -0.0171744 0.0846195 1.26756e-05 -0.000208213 3.18947e-05 1.26756e-05 0.00935357 -0.0172056 2.0249e-05 -0.000208213 -0.0172056 0.0851005 
0.00935889 -0.0170979 4.55899e-05 3.51709e-06 -0.0170979 0.0842819 -5.90342e-06 -0.0001552 4.55899e-05 -5.90342e-06 0.00933357 -0.0171762 3.51709e-06 -0.0001552 -0.0171762 0.0848613 
0.00938499 -0.0171253 4.37659e-05 -1.56189e-05 -0.0171253 0.0844199 -2.27712e-05 -0.00010326 4.37659e-05 -2.27712e-05 0.00933248 -0.0172321 -1.56189e-05 -0.00010326 -0.0172321 0.0851014 
0.0093965 -0.0171482 2.57832e-05 -1.38349e-05 -0.0171482 0.0844866 -1.81905e-05 -8.79393e-05 2.57832e-05 -1.81905e-05 0.00931653 -0.0172177 -1.38349e-05 -8.79393e-05 -0.0172177 0.0851465 
0.00938668 -0.0171663 -6.51043e-06 7.2198e-06 -0.0171663 0.0845504 9.0716e-06 -0.000123743 -6.51043e-06 9.0716e-06 0.009319 -0.0171857 7.2198e-06 -0.000123743 -0.0171857 0.0850873 
0.00936137 -0.01709 1.06959e-05 4.42844e-05 -0.01709 0.0842343 4.89301e-05 -0.000199653 1.06959e-05 4.89301e-05 0.00927833 -0.0171123 4.42844e-05 -0.000199653 -0.0171123 0.0847022 
0.00936977 -0.01712 2.76747e-05 2.88824e-05 -0.01712 0.0843433 3.02422e-05 -0.000214225 2.76747e-05 3.02422e-05 0.00928216 -0.0171279 2.88824e-05 -0.000214225 -0.0171279 0.0847783 
0.00941268 -0.0172193 3.2348e-05 8.36257e-06 -0.0172193 0.0848431 6.54408e-06 -0.000174514 3.2348e-05 6.54408e-06 0.00932884 -0.0172167 8.36257e-06 -0.000174514 -0.0172167 0.0852406 
0.00939694 -0.0172079 1.16836e-05 -3.01478e-08 -0.0172079 0.0848473 -3.98356e-06 -0.000134493 1.16836e-05 -3.98356e-06 0.0093404 -0.0172159 -3.01478e-08 -0.000134493 -0.0172159 0.0852514 
0.00936371 -0.0171423 -4.29922e-06 2.35621e-05 -0.0171423 0.0846084 1.79809e-05 -0.000152453 -4.29922e-06 1.79809e-05 0.00932691 -0.0171954 2.35621e-05 -0.000152453 -0.0171954 0.0851037 
0.00937673 -0.0171413 5.96235e-06 3.73137e-05 -0.0171413 0.0846437 3.4232e-05 -0.000183689 5.96235e-06 3.4232e-05 0.00932758 -0.017229 3.73137e-05 -0.000183689 -0.017229 0.0852522 
0.00936371 -0.0170885 1.234e-05 2.08539e-05 -0.0170885 0.0843526 1.91004e-05 -0.000166901 1.234e-05 1.91004e-05 0.00928822 -0.0171616 2.08539e-05 -0.000166901 -0.0171616 0.0849825 
0.00935871 -0.0170941 2.64651e-05 1.01436e-05 -0.0170941 0.0842985 7.11834e-06 -0.000131357 2.64651e-05 7.11834e-06 0.0092696 -0.0171233 1.01436e-05 -0.000131357 -0.0171233 0.0848462 
0.0101278 -0.0185156 5.11711e-05 -2.92461e-06 -0.0185156 0.0912945 -7.57695e-06 -0.000107775 5.11711e-05 -7.57695e-06 0.010031 -0.018517 -2.92461e-06 -0.000107775 -0.018517 0.0917797 
0.0100709 -0.0184225 6.68055e-05 -2.6888e-05 -0.0184225 0.0908622 -3.13183e-05 -5.92147e-05 6.68055e-05 -3.13183e-05 0.00998781 -0.0184197 -2.6888e-05 -5.92147e-05 -0.0184197 0.0912871 
0.0100096 -0.0183261 6.24815e-05 -4.54268e-05 -0.0183261 0.0904082 -4.59815e-05 -1.55634e-05 6.24815e-05 -4.59815e-05 0.00995492 -0.0183326 -4.54268e-05 -1.55634e-05 -0.0183326 0.0908182 
0.00999523 -0.0182962 5.98306e-05 -4.55811e-05 -0.0182962 0.0903 -4.39331e-05 3.64685e-06 5.98306e-05 -4.39331e-05 0.00995783 -0.0183358 -4.55811e-05 3.64685e-06 -0.0183358 0.0907554 
0.0100269 -0.0183611 4.17757e-05 -4.50331e-05 -0.0183611 0.0906197 -4.44624e-05 1.12941e-05 4.17757e-05 -4.44624e-05 0.00999015 -0.0184169 -4.50331e-05 1.12941e-05 -0.0184169 0.0911167 
0.0100383 -0.018418 4.27347e-05 -2.44878e-05 -0.018418 0.0909112 -2.74821e-05 -8.49045e-06 4.27347e-05 -2.74821e-05 0.0100386 -0.0184738 -2.44878e-05 -8.49045e-06 -0.0184738 0.091422 
0.0100451 -0.0183866 4.69854e-05 -2.49647e-05 -0.0183866 0.0908574 -3.00527e-05 -1.70653e-05 4.69854e-05 -3.00527e-05 0.0100369 -0.0185009 -2.49647e-05 -1.70653e-05 -0.0185009 0.0914739 
0.0100238 -0.0183545 4.22986e-05 -2.95511e-05 -0.0183545 0.0906594 -3.78242e-05 -2.5891e-06 4.22986e-05 -3.78242e-05 0.010026 -0.018474 -2.95511e-05 -2.5891e-06 -0.018474 0.0913594 
0.0100144 -0.0183356 3.44262e-05 -2.20402e-05 -0.0183356 0.0905614 -3.41839e-05 -1.83728e-06 3.44262e-05 -3.41839e-05 0.0100214 -0.0184623 -2.20402e-05 -1.83728e-06 -0.0184623 0.0912944 
0.00999032 -0.018333 2.56716e-05 -1.14074e-05 -0.018333 0.0905464 -2.43339e-05 -2.10615e-05 2.56716e-05 -2.43339e-05 0.0100314 -0.0184714 -1.14074e-05 -2.10615e-05 -0.0184714 0.091322 
0.00999997 -0.0182954 2.97228e-05 -3.95489e-06 -0.0182954 0.0904544 -1.53511e-05 -3.86192e-05 2.97228e-05 -1.53511e-05 0.0100116 -0.0184775 -3.95489e-06 -3.86192e-05 -0.0184775 0.0913193 
0.0100451 -0.0183513 1.77614e-05 -9.78245e-06 -0.0183513 0.0906667 -2.06242e-05 -3.50093e-05 1.77614e-05 -2.06242e-05 0.0100179 -0.0185162 -9.78245e-06 -3.50093e-05 -0.0185162 0.0915749 
0.0100776 -0.0184247 -9.82183e-07 -5.67024e-07 -0.0184247 0.0909368 -1.13344e-05 -3.75334e-05 -9.82183e-07 -1.13344e-05 0.0100199 -0.0185318 -5.67024e-07 -3.75334e-05 -0.0185318 0.0917523 
0.0101215 -0.0184784 3.4103e-06 1.89974e-05 -0.0184784 0.0911788 1.13745e-05 -7.15895e-05 3.4103e-06 1.13745e-05 0.010004 -0.0185308 1.89974e-05 -7.15895e-05 -0.0185308 0.0918415 
0.0101525 -0.0185187 3.60475e-06 1.00685e-05 -0.0185187 0.0913053 7.13329e-06 -7.43806e-05 3.60475e-06 7.13329e-06 0.0099801 -0.0184928 1.00685e-05 -7.43806e-05 -0.0184928 0.0917753 
0.0101292 -0.0185023 -2.67436e-06 1.05847e-05 -0.0185023 0.0911465 7.64675e-06 -7.07231e-05 -2.67436e-06 7.64675e-06 0.00995036 -0.0183976 1.05847e-05 -7.07231e-05 -0.0183976 0.0913935 
0.01016 -0.0185402 -1.02308e-05 1.7278e-05 -0.0185402 0.091342 1.61268e-05 -8.19602e-05 -1.02308e-05 1.61268e-05 0.00994083 -0.0184134 1.7278e-05 -8.19602e-05 -0.0184134 0.0914457 
0.0100753 -0.0184691 -2.38078e-05 2.62052e-05 -0.0184691 0.0909495 3.00334e-05 -0.000108851 -2.38078e-05 3.00334e-05 0.00992678 -0.0182939 2.62052e-05 -0.000108851 -0.0182939 0.0909265 
0.00999735 -0.0183333 -3.42714e-06 3.976e-05 -0.0183333 0.0904578 4.65551e-05 -0.000141664 -3.42714e-06 4.65551e-05 0.00991253 -0.0182497 3.976e-05 -0.000141664 -0.0182497 0.0905202 
0.00995581 -0.0182272 5.10787e-05 1.95981e-05 -0.0182272 0.090026 2.52825e-05 -0.000130317 5.10787e-05 2.52825e-05 0.00988904 -0.0182277 1.95981e-05 -0.000130317 -0.0182277 0.0902867 
0.00992215 -0.018182 8.78904e-05 -4.31633e-05 -0.018182 0.0897879 -3.80416e-05 -2.70206e-05 8.78904e-05 -3.80416e-05 0.00989957 -0.0182177 -4.31633e-05 -2.70206e-05 -0.0182177 0.0902029 
0.00993069 -0.0181686 9.5473e-05 -9.1163e-05 -0.0181686 0.0897559 -8.699e-05 0.00010266 9.5473e-05 -8.699e-05 0.00990298 -0.0182598 -9.1163e-05 0.00010266 -0.0182598 0.0903122 
0.00998335 -0.0182607 8.02896e-05 -0.000106034 -0.0182607 0.0901574 -0.000103746 0.00018656 8.02896e-05 -0.000103746 0.00993912 -0.01835 -0.000106034 0.00018656 -0.01835 0.0907805 
0.0100258 -0.0183589 2.87608e-05 -8.44744e-05 -0.0183589 0.0906056 -8.46804e-05 0.000180651 2.87608e-05 -8.46804e-05 0.0099827 -0.018426 -8.44744e-05 0.000180651 -0.018426 0.0912115 
0.010029 -0.0183471 -6.62831e-06 -1.65186e-05 -0.0183471 0.0905883 -2.0626e-05 6.64499e-05 -6.62831e-06 -2.0626e-05 0.00997893 -0.0184228 -1.65186e-05 6.64499e-05 -0.0184228 0.091201 
0.0100632 -0.0184063 -1.41002e-05 3.00407e-05 -0.0184063 0.0908504 2.27081e-05 -5.99819e-05 -1.41002e-05 2.27081e-05 0.00999815 -0.0184672 3.00407e-05 -5.99819e-05 -0.0184672 0.0914439 
0.0100593 -0.0184521 -2.08743e-05 4.64839e-05 -0.0184521 0.0910592 3.54288e-05 -0.000139257 -2.08743e-05 3.54288e-05 0.0100404 -0.018495 4.64839e-05 -0.000139257 -0.018495 0.0916172 
0.0100833 -0.0184614 -3.22426e-05 5.27117e-05 -0.0184614 0.0912135 4.39653e-05 -0.000174208 -3.22426e-05 4.39653e-05 0.0100516 -0.0185545 5.27117e-05 -0.000174208 -0.0185545 0.0918245 
0.00929974 -0.017022 -1.86014e-05 5.55637e-05 -0.017022 0.0840758 5.3228e-05 -0.000184197 -1.86014e-05 5.3228e-05 0.00925676 -0.0170956 5.55637e-05 -0.000184197 -0.0170956 0.0846578 
0.0100871 -0.0184368 -1.46749e-07 4.50485e-05 -0.0184368 0.091056 4.64377e-05 -0.000193125 -1.46749e-07 4.64377e-05 0.0100107 -0.0185028 4.50485e-05 -0.000193125 -0.0185028 0.0916678 
0.0100306 -0.0183548 1.22718e-05 1.55343e-05 -0.0183548 0.0905975 2.28558e-05 -0.000142819 1.22718e-05 2.28558e-05 0.00997282 -0.0183883 1.55343e-05 -0.000142819 -0.0183883 0.0911531 
0.00999828 -0.0182695 3.51086e-05 -4.41862e-06 -0.0182695 0.0901918 6.46222e-06 -8.89236e-05 3.51086e-05 6.46222e-06 0.00992627 -0.0183175 -4.41862e-06 -8.89236e-05 -0.0183175 0.0907316 
0.0100102 -0.0182751 3.15902e-05 -3.16967e-05 -0.0182751 0.0901569 -1.86504e-05 -3.07673e-05 3.15902e-05 -1.86504e-05 0.00989556 -0.0183032 -3.16967e-05 -3.07673e-05 -0.0183032 0.0906667 
0.00999782 -0.0182849 3.19561e-05 -2.63877e-05 -0.0182849 0.0901247 -1.77669e-05 -8.12264e-06 3.19561e-05 -1.77669e-05 0.00987401 -0.0182496 -2.63877e-05 -8.12264e-06 -0.0182496 0.0905009 
0.010016 -0.0183088 1.3184e-05 -1.93423e-05 -0.0183088 0.0902755 -1.50293e-05 -1.89603e-05 1.3184e-05 -1.50293e-05 0.00986268 -0.0182576 -1.93423e-05 -1.89603e-05 -0.0182576 0.0905563 
0.0100235 -0.0183417 3.49679e-09 5.90926e-06 -0.0183417 0.0904201 1.31055e-05 -7.03905e-05 3.49679e-09 1.31055e-05 0.00987104 -0.0182481 5.90926e-06 -7.03905e-05 -0.0182481 0.0905943 
0.0100119 -0.0183356 -3.91104e-06 1.99091e-05 -0.0183356 0.0904388 2.87622e-05 -0.000118731 -3.91104e-06 2.87622e-05 0.00989775 -0.0182523 1.99091e-05 -0.000118731 -0.0182523 0.0905888 
0.0100242 -0.0183733 1.21827e-05 2.49053e-05 -0.0183733 0.0906721 3.37794e-05 -0.000146418 1.21827e-05 3.37794e-05 0.00995045 -0.0183311 2.49053e-05 -0.000146418 -0.0183311 0.0908775 
0.0100345 -0.0183948 2.60949e-05 6.53711e-06 -0.0183948 0.0908416 1.10514e-05 -0.00012304 2.60949e-05 1.10514e-05 0.00999868 -0.0184125 6.53711e-06 -0.00012304 -0.0184125 0.091184 
0.0100627 -0.018454 3.18775e-05 -5.80934e-06 -0.018454 0.0911726 -7.55319e-06 -8.58937e-05 3.18775e-05 -7.55319e-06 0.0100388 -0.0185191 -5.80934e-06 -8.58937e-05 -0.0185191 0.0916504 
0.0100459 -0.0184067 3.69066e-05 -1.10564e-05 -0.0184067 0.0909877 -1.47804e-05 -6.13258e-05 3.69066e-05 -1.47804e-05 0.010014 -0.018496 -1.10564e-05 -6.13258e-05 -0.018496 0.0915694 
0.0100119 -0.0183401 4.74206e-05 -2.03361e-05 -0.0183401 0.0906475 -2.62108e-05 -3.15871e-05 4.74206e-05 -2.62108e-05 0.00997022 -0.0184137 -2.03361e-05 -3.15871e-05 -0.0184137 0.0912369 
0.00998071 -0.0182629 5.01421e-05 -3.21127e-05 -0.0182629 0.0902611 -4.02214e-05 2.15503e-06 5.01421e-05 -4.02214e-05 0.00991914 -0.0183263 -3.21127e-05 2.15503e-06 -0.0183263 0.090833 
0.00997355 -0.0182083 5.58869e-05 -4.33506e-05 -0.0182083 0.0899431 -5.02319e-05 4.32945e-05 5.58869e-05 -5.02319e-05 0.00987315 -0.0182462 -4.33506e-05 4.32945e-05 -0.0182462 0.0904669 
0.0100001 -0.0182473 5.19032e-05 -5.17746e-05 -0.0182473 0.0900154 -5.53074e-05 7.06187e-05 5.19032e-05 -5.53074e-05 0.00985798 -0.0182355 -5.17746e-05 7.06187e-05 -0.0182355 0.0904378 
0.0100156 -0.0183565 4.26269e-05 -4.89062e-05 -0.0183565 0.0904599 -4.78243e-05 7.36773e-05 4.26269e-05 -4.78243e-05 0.00991249 -0.018281 -4.89062e-05 7.36773e-05 -0.018281 0.0907212 
0.0100431 -0.01837 3.17982e-05 -3.8239e-05 -0.01837 0.0906557 -3.40983e-05 5.25197e-05 3.17982e-05 -3.40983e-05 0.00992206 -0.018338 -3.8239e-05 5.25197e-05 -0.018338 0.0909067 
0.0100345 -0.0183684 3.29526e-05 -2.42923e-05 -0.0183684 0.0906256 -1.82749e-05 1.66623e-05 3.29526e-05 -1.82749e-05 0.00992663 -0.0183248 -2.42923e-05 1.66623e-05 -0.0183248 0.0908858 
0.010039 -0.0183575 3.11486e-05 -2.14295e-05 -0.0183575 0.0905961 -1.60709e-05 -6.65565e-06 3.11486e-05 -1.60709e-05 0.00992701 -0.0183291 -2.14295e-05 -6.65565e-06 -0.0183291 0.0908744 
0.0100657 -0.018402 4.34838e-05 -1.98876e-05 -0.018402 0.0907868 -1.87329e-05 -1.06341e-05 4.34838e-05 -1.87329e-05 0.00992699 -0.0183708 -1.98876e-05 -1.06341e-05 -0.0183708 0.0910763 
0.0100766 -0.0184196 4.00794e-05 -3.2366e-05 -0.0184196 0.0908445 -3.45483e-05 9.45256e-06 4.00794e-05 -3.45483e-05 0.00992121 -0.0183496 -3.2366e-05 9.45256e-06 -0.0183496 0.0910679 
0.0100791 -0.018436 1.68924e-05 -2.84541e-05 -0.018436 0.0909094 -3.56103e-05 2.2456e-05 1.68924e-05 -3.56103e-05 0.00991996 -0.0183423 -2.84541e-05 2.2456e-05 -0.0183423 0.0910582 
0.0101017 -0.0185096 2.33311e-05 1.42744e-06 -0.0185096 0.0912818 -1.423e-05 -1.07525e-05 2.33311e-05 -1.423e-05 0.00996343 -0.018401 1.42744e-06 -1.07525e-05 -0.018401 0.0913661 
0.0100436 -0.0183976 4.57869e-05 -2.53071e-06 -0.0183976 0.0908184 -2.22055e-05 -2.17787e-05 4.57869e-05 -2.22055e-05 0.00994124 -0.0183258 -2.53071e-06 -2.17787e-05 -0.0183258 0.0909466 
0.0100164 -0.0183425 5.21444e-05 -3.51173e-05 -0.0183425 0.090582 -4.98954e-05 3.02682e-05 5.21444e-05 -4.98954e-05 0.00994597 -0.0183238 -3.51173e-05 3.02682e-05 -0.0183238 0.0908328 
0.0100227 -0.0183305 4.33314e-05 -5.19866e-05 -0.0183305 0.0905254 -5.78448e-05 8.28801e-05 4.33314e-05 -5.78448e-05 0.00995455 -0.0183528 -5.19866e-05 8.28801e-05 -0.0183528 0.0908989 
0.0100289 -0.0183397 2.74432e-05 -4.41858e-05 -0.0183397 0.0905195 -4.29018e-05 8.42594e-05 2.74432e-05 -4.29018e-05 0.00994302 -0.0183658 -4.41858e-05 8.42594e-05 -0.0183658 0.0909511 
0.0100304 -0.0183391 1.50445e-05 -2.73804e-05 -0.0183391 0.090487 -2.31858e-05 5.35106e-05 1.50445e-05 -2.31858e-05 0.0099285 -0.0183432 -2.73804e-05 5.35106e-05 -0.0183432 0.0909019 
0.0100463 -0.018347 4.05623e-05 -1.1941e-05 -0.018347 0.0905083 -6.0248e-06 1.19928e-05 4.05623e-05 -6.0248e-06 0.0099107 -0.018336 -1.1941e-05 1.19928e-05 -0.018336 0.090894 
0.010036 -0.0183522 6.37953e-05 -4.34519e-05 -0.0183522 0.0904679 -3.7485e-05 4.53326e-05 6.37953e-05 -3.7485e-05 0.00990579 -0.018294 -4.34519e-05 4.53326e-05 -0.018294 0.0907615 
0.0100012 -0.0182854 4.11282e-05 -7.10065e-05 -0.0182854 0.0901584 -6.9035e-05 0.00011707 4.11282e-05 -6.9035e-05 0.00986518 -0.0182274 -7.10065e-05 0.00011707 -0.0182274 0.0903999 
0.00997626 -0.0182578 1.03625e-05 -4.00741e-05 -0.0182578 0.0900206 -4.4248e-05 0.000103043 1.03625e-05 -4.4248e-05 0.00984857 -0.0181937 -4.00741e-05 0.000103043 -0.0181937 0.0902396 
0.00996969 -0.0182279 -1.46372e-05 5.78117e-06 -0.0182279 0.0899048 -4.18202e-06 1.47534e-05 -1.46372e-05 -4.18202e-06 0.00981071 -0.0181678 5.78117e-06 1.47534e-05 -0.0181678 0.0901126 
0.00997158 -0.0182707 -7.80809e-06 3.42833e-05 -0.0182707 0.0900846 2.29859e-05 -6.51343e-05 -7.80809e-06 2.29859e-05 0.0098386 -0.0181679 3.42833e-05 -6.51343e-05 -0.0181679 0.0902201 
0.009966 -0.0182542 4.8669e-06 2.12875e-05 -0.0182542 0.0900805 1.21727e-05 -7.3629e-05 4.8669e-06 1.21727e-05 0.00984506 -0.0181788 2.12875e-05 -7.3629e-05 -0.0181788 0.0902103 
0.00997227 -0.0182562 -4.27283e-06 2.0448e-06 -0.0182562 0.0901205 -3.28036e-06 -3.91504e-05 -4.27283e-06 -3.28036e-06 0.00985363 -0.0182052 2.0448e-06 -3.91504e-05 -0.0182052 0.0903091 
0.00998569 -0.0182454 -1.47402e-05 1.13718e-05 -0.0182454 0.0900666 7.77935e-06 -3.70638e-05 -1.47402e-05 7.77935e-06 0.00983402 -0.0182037 1.13718e-05 -3.70638e-05 -0.0182037 0.0903014 
0.00997839 -0.0182793 -1.92312e-05 2.47034e-05 -0.0182793 0.0901508 2.12879e-05 -6.1626e-05 -1.92312e-05 2.12879e-05 0.00985343 -0.0181902 2.47034e-05 -6.1626e-05 -0.0181902 0.0903198 
0.00997444 -0.0183052 -6.97791e-06 2.61084e-05 -0.0183052 0.0903495 2.46865e-05 -7.34364e-05 -6.97791e-06 2.46865e-05 0.00989596 -0.0182455 2.61084e-05 -7.34364e-05 -0.0182455 0.0905221 
0.00991113 -0.0182228 9.39948e-06 1.04675e-05 -0.0182228 0.0900544 9.2718e-06 -5.10997e-05 9.39948e-06 9.2718e-06 0.00991798 -0.0182304 1.04675e-05 -5.10997e-05 -0.0182304 0.090359 
