0.0069719 0 3.78803e-05 0 0 0.0099971 0 0 3.78803e-05 0 0.00712076 0 0 0 0 0.0099971 
0.00953108 -0.0118316 2.40955e-05 -2.85476e-05 -0.0118316 0.0315175 -2.85476e-05 5.47819e-05 2.40955e-05 -2.85476e-05 0.00969318 -0.0120296 -2.85476e-05 5.47819e-05 -0.0120296 0.0318969 
0.00978938 -0.0182706 -5.97031e-06 3.15865e-05 -0.0182706 0.0674262 3.15865e-05 -0.00011825 -5.97031e-06 3.15865e-05 0.00992629 -0.0184323 3.15865e-05 -0.00011825 -0.0184323 0.0679165 
0.00924331 -0.0179524 8.11252e-06 0.000144006 -0.0179524 0.0806648 0.000134332 -0.00069006 8.11252e-06 0.000134332 0.00935961 -0.017961 0.000144006 -0.00069006 -0.017961 0.0804027 
0.0089588 -0.0168427 4.85172e-05 0.000111917 -0.0168427 0.0815627 9.95147e-05 -0.000865692 4.85172e-05 9.95147e-05 0.00903913 -0.0168213 0.000111917 -0.000865692 -0.0168213 0.0808513 
0.00969173 -0.017878 8.26572e-05 2.42864e-05 -0.017878 0.0880973 1.2623e-05 -0.000662007 8.26572e-05 1.2623e-05 0.00974864 -0.0178562 2.42864e-05 -0.000662007 -0.0178562 0.0873668 
0.00946241 -0.0173679 8.26287e-05 -3.98947e-05 -0.0173679 0.0857268 -4.88965e-05 -0.000323614 8.26287e-05 -4.88965e-05 0.00948346 -0.0173332 -3.98947e-05 -0.000323614 -0.0173332 0.0851395 
0.0100716 -0.0185275 9.19125e-05 -4.85465e-05 -0.0185275 0.0914236 -5.54034e-05 -0.000174579 9.19125e-05 -5.54034e-05 0.0101391 -0.0184468 -4.85465e-05 -0.000174579 -0.0184468 0.0908228 
0.00983224 -0.0180957 9.62424e-05 -4.33019e-05 -0.0180957 0.0893901 -4.74673e-05 -0.000130717 9.62424e-05 -4.74673e-05 0.00993084 -0.0180617 -4.33019e-05 -0.000130717 -0.0180617 0.0888678 
0.0096854 -0.0178404 9.06661e-05 -3.79802e-05 -0.0178404 0.0881836 -4.27174e-05 -0.000141622 9.06661e-05 -4.27174e-05 0.00982154 -0.017856 -3.79802e-05 -0.000141622 -0.017856 0.0877953 
0.00961619 -0.0176857 8.00982e-05 -2.6031e-05 -0.0176857 0.0874823 -3.47826e-05 -0.00017105 8.00982e-05 -3.47826e-05 0.00974828 -0.0177649 -2.6031e-05 -0.00017105 -0.0177649 0.08727 
0.00957799 -0.0176111 7.38484e-05 -1.60779e-05 -0.0176111 0.0870849 -2.73529e-05 -0.000196534 7.38484e-05 -2.73529e-05 0.00971812 -0.0176988 -1.60779e-05 -0.000196534 -0.0176988 0.0869815 
0.00955005 -0.0175652 6.80567e-05 -1.42756e-05 -0.0175652 0.0868348 -2.31857e-05 -0.000207104 6.80567e-05 -2.31857e-05 0.00971636 -0.0176632 -1.42756e-05 -0.000207104 -0.0176632 0.0867846 
0.00955802 -0.0175615 4.51425e-05 -5.45604e-06 -0.0175615 0.0868139 -1.15358e-05 -0.000230734 4.51425e-05 -1.15358e-05 0.00971382 -0.0176921 -5.45604e-06 -0.000230734 -0.0176921 0.0868367 
0.00960714 -0.0176251 4.7802e-05 2.17166e-05 -0.0176251 0.0870818 1.31972e-05 -0.000277485 4.7802e-05 1.31972e-05 0.00970609 -0.0177456 2.17166e-05 -0.000277485 -0.0177456 0.0871256 
0.00958395 -0.0176036 5.91289e-05 2.65937e-05 -0.0176036 0.0868897 1.53889e-05 -0.000313367 5.91289e-05 1.53889e-05 0.00966288 -0.0176499 2.65937e-05 -0.000313367 -0.0176499 0.0868138 
0.00956255 -0.0175931 4.62244e-05 1.0242e-05 -0.0175931 0.0868405 3.21418e-06 -0.000301137 4.62244e-05 3.21418e-06 0.0096603 -0.0176124 1.0242e-05 -0.000301137 -0.0176124 0.0866615 
0.0095651 -0.0175651 1.69254e-05 2.01989e-05 -0.0175651 0.0867648 1.89238e-05 -0.000307288 1.69254e-05 1.89238e-05 0.00963662 -0.0176108 2.01989e-05 -0.000307288 -0.0176108 0.0865976 
0.00955548 -0.0175328 2.00057e-06 5.38635e-05 -0.0175328 0.086559 5.57295e-05 -0.00036791 2.00057e-06 5.57295e-05 0.00958775 -0.0175515 5.38635e-05 -0.00036791 -0.0175515 0.0863762 
0.00955564 -0.0175472 1.20429e-05 7.58309e-05 -0.0175472 0.0865743 7.98342e-05 -0.000439216 1.20429e-05 7.98342e-05 0.00956757 -0.0175117 7.58309e-05 -0.000439216 -0.0175117 0.0862843 
0.00951827 -0.017484 3.64922e-05 5.99864e-05 -0.017484 0.086264 6.46424e-05 -0.000437701 3.64922e-05 6.46424e-05 0.00951359 -0.0174138 5.99864e-05 -0.000437701 -0.0174138 0.0858563 
0.00949712 -0.0174086 4.94765e-05 2.13183e-05 -0.0174086 0.0859064 2.87268e-05 -0.00036156 4.94765e-05 2.87268e-05 0.00945228 -0.0173241 2.13183e-05 -0.00036156 -0.0173241 0.0854418 
0.00948822 -0.0173906 6.29989e-05 2.11947e-06 -0.0173906 0.0857433 1.08218e-05 -0.000290916 6.29989e-05 1.08218e-05 0.00942547 -0.0172635 2.11947e-06 -0.000290916 -0.0172635 0.0852021 
0.00946386 -0.0174135 6.0893e-05 -1.74212e-05 -0.0174135 0.0858066 -1.25385e-05 -0.000224189 6.0893e-05 -1.25385e-05 0.00945447 -0.0172537 -1.74212e-05 -0.000224189 -0.0172537 0.0851642 
0.00945207 -0.0173877 4.74891e-05 -1.30213e-05 -0.0173877 0.0858098 -1.68848e-05 -0.00019418 4.74891e-05 -1.68848e-05 0.00947197 -0.0172996 -1.30213e-05 -0.00019418 -0.0172996 0.0852466 
0.00947291 -0.0174245 3.07691e-05 7.92822e-06 -0.0174245 0.0860392 -1.59318e-06 -0.000215829 3.07691e-05 -1.59318e-06 0.00950363 -0.0173816 7.92822e-06 -0.000215829 -0.0173816 0.0856117 
0.00947478 -0.0174435 3.36802e-05 2.93539e-05 -0.0174435 0.0861578 2.3054e-05 -0.000267114 3.36802e-05 2.3054e-05 0.00952337 -0.0174178 2.93539e-05 -0.000267114 -0.0174178 0.0858179 
0.0094925 -0.0174861 4.35315e-05 2.37715e-05 -0.0174861 0.0864166 2.68202e-05 -0.000291752 4.35315e-05 2.68202e-05 0.00957459 -0.0174782 2.37715e-05 -0.000291752 -0.0174782 0.0861239 
0.00954405 -0.0175161 5.88463e-05 1.21506e-05 -0.0175161 0.0866192 2.21875e-05 -0.000289785 5.88463e-05 2.21875e-05 0.00958314 -0.0175498 1.21506e-05 -0.000289785 -0.0175498 0.0864074 
0.00951136 -0.0174633 7.40579e-05 -4.06157e-06 -0.0174633 0.0862376 8.03216e-06 -0.00026639 7.40579e-05 8.03216e-06 0.00955398 -0.0174432 -4.06157e-06 -0.00026639 -0.0174432 0.0859825 
0.00952993 -0.0174695 6.78661e-05 -2.23243e-05 -0.0174695 0.0862272 -1.56266e-05 -0.000222372 6.78661e-05 -1.56266e-05 0.00954391 -0.0174451 -2.23243e-05 -0.000222372 -0.0174451 0.0859168 
0.0095292 -0.0174973 5.72965e-05 -5.27494e-06 -0.0174973 0.0862678 -1.00001e-05 -0.00022708 5.72965e-05 -1.00001e-05 0.00953753 -0.0174315 -5.27494e-06 -0.00022708 -0.0174315 0.085868 
0.00952862 -0.0175546 5.72391e-05 1.06871e-05 -0.0175546 0.086554 -3.2578e-06 -0.000250525 5.72391e-05 -3.2578e-06 0.00958585 -0.0174706 1.06871e-05 -0.000250525 -0.0174706 0.0860671 
0.00951618 -0.0175271 5.5992e-05 1.11937e-05 -0.0175271 0.0865429 -2.44112e-06 -0.000263453 5.5992e-05 -2.44112e-06 0.00960928 -0.0175011 1.11937e-05 -0.000263453 -0.0175011 0.0861107 
0.00953165 -0.0175533 4.52008e-05 6.03065e-06 -0.0175533 0.0867237 1.22497e-06 -0.00026283 4.52008e-05 1.22497e-06 0.00964578 -0.0175802 6.03065e-06 -0.00026283 -0.0175802 0.0864241 
0.00954338 -0.017563 2.9618e-05 1.06022e-05 -0.017563 0.0868043 1.4279e-05 -0.00027039 2.9618e-05 1.4279e-05 0.00965205 -0.0176242 1.06022e-05 -0.00027039 -0.0176242 0.0866245 
0.00952345 -0.0175606 3.17963e-05 2.65047e-05 -0.0175606 0.0867836 3.46996e-05 -0.00029892 3.17963e-05 3.46996e-05 0.00967339 -0.0176102 2.65047e-05 -0.00029892 -0.0176102 0.0866236 
0.0095556 -0.0176089 3.86381e-05 2.30348e-05 -0.0176089 0.0870912 3.51171e-05 -0.000312887 3.86381e-05 3.51171e-05 0.0097075 -0.0176961 2.30348e-05 -0.000312887 -0.0176961 0.0869679 
0.009584 -0.0176361 4.75044e-05 1.34827e-05 -0.0176361 0.0872439 2.41669e-05 -0.000297668 4.75044e-05 2.41669e-05 0.00971242 -0.0177333 1.34827e-05 -0.000297668 -0.0177333 0.0871676 
0.00962249 -0.0176718 6.45534e-05 9.86531e-06 -0.0176718 0.0873829 9.71147e-06 -0.000276918 6.45534e-05 9.71147e-06 0.00971403 -0.0177439 9.86531e-06 -0.000276918 -0.0177439 0.0872882 
0.00961491 -0.0176002 6.12615e-05 -5.91716e-06 -0.0176002 0.0869549 -2.04294e-05 -0.000230812 6.12615e-05 -2.04294e-05 0.00962808 -0.0176393 -5.91716e-06 -0.000230812 -0.0176393 0.0868126 
0.00959205 -0.0176071 3.47063e-05 2.71965e-06 -0.0176071 0.0868354 -1.81803e-05 -0.000218904 3.47063e-05 -1.81803e-05 0.00959437 -0.0175601 2.71965e-06 -0.000218904 -0.0175601 0.0865527 
0.00955183 -0.0175365 3.04178e-05 3.53316e-05 -0.0175365 0.0865172 1.92537e-05 -0.000275117 3.04178e-05 1.92537e-05 0.00955937 -0.0174704 3.53316e-05 -0.000275117 -0.0174704 0.0861339 
0.00949706 -0.0174362 3.66622e-05 4.00336e-05 -0.0174362 0.0860235 3.55395e-05 -0.000328801 3.66622e-05 3.55395e-05 0.00951768 -0.0173689 4.00336e-05 -0.000328801 -0.0173689 0.0856008 
0.00948704 -0.0174471 4.14188e-05 2.89676e-05 -0.0174471 0.0860773 3.30555e-05 -0.000339456 4.14188e-05 3.30555e-05 0.00953209 -0.0174025 2.89676e-05 -0.000339456 -0.0174025 0.0856882 
0.00948978 -0.0174571 4.55126e-05 1.78806e-05 -0.0174571 0.0861883 2.34798e-05 -0.000318041 4.55126e-05 2.34798e-05 0.00953946 -0.0174443 1.78806e-05 -0.000318041 -0.0174443 0.0858691 
0.00950019 -0.0174606 6.25135e-05 1.28182e-05 -0.0174606 0.086251 1.45278e-05 -0.000293656 6.25135e-05 1.45278e-05 0.00954225 -0.0174617 1.28182e-05 -0.000293656 -0.0174617 0.0859944 
0.00952837 -0.017504 7.56764e-05 -1.98231e-06 -0.017504 0.0864575 -3.40008e-06 -0.000265531 7.56764e-05 -3.40008e-06 0.00956912 -0.0174997 -1.98231e-06 -0.000265531 -0.0174997 0.086223 
0.00954466 -0.0175037 6.24268e-05 -2.08473e-05 -0.0175037 0.0864363 -1.96047e-05 -0.000222076 6.24268e-05 -1.96047e-05 0.0095605 -0.0174954 -2.08473e-05 -0.000222076 -0.0174954 0.086199 
0.00959466 -0.0175482 4.19903e-05 -7.69344e-06 -0.0175482 0.0865723 -3.82829e-06 -0.000223981 4.19903e-05 -3.82829e-06 0.00953591 -0.017502 -7.69344e-06 -0.000223981 -0.017502 0.0862673 
0.00961076 -0.0175902 4.84702e-05 1.83599e-05 -0.0175902 0.0866338 1.96359e-05 -0.000269102 4.84702e-05 1.96359e-05 0.00951444 -0.0174507 1.83599e-05 -0.000269102 -0.0174507 0.0861476 
0.00959024 -0.017589 5.06058e-05 1.45023e-05 -0.017589 0.086593 1.19216e-05 -0.000284164 5.06058e-05 1.19216e-05 0.00949728 -0.0174023 1.45023e-05 -0.000284164 -0.0174023 0.0859433 
0.00958485 -0.0176462 2.81047e-05 9.87035e-06 -0.0176462 0.0869219 1.19143e-05 -0.000282316 2.81047e-05 1.19143e-05 0.0095518 -0.0174536 9.87035e-06 -0.000282316 -0.0174536 0.0861883 
0.00953543 -0.0175697 -1.51898e-06 3.76102e-05 -0.0175697 0.0867201 4.31038e-05 -0.000328155 -1.51898e-06 4.31038e-05 0.00956035 -0.0174574 3.76102e-05 -0.000328155 -0.0174574 0.0860942 
0.00949681 -0.0174682 7.80988e-06 7.2096e-05 -0.0174682 0.0863384 7.65192e-05 -0.000402562 7.80988e-06 7.65192e-05 0.00954323 -0.0174364 7.2096e-05 -0.000402562 -0.0174364 0.0859122 
0.00946608 -0.017391 7.02432e-06 6.59548e-05 -0.017391 0.0859524 6.39211e-05 -0.000422676 7.02432e-06 6.39211e-05 0.00950497 -0.0173852 6.59548e-05 -0.000422676 -0.0173852 0.0856498 
0.00948325 -0.0174152 1.76352e-05 7.00555e-05 -0.0174152 0.0860229 5.82193e-05 -0.000420067 1.76352e-05 5.82193e-05 0.00949089 -0.0173937 7.00555e-05 -0.000420067 -0.0173937 0.0857242 
0.00948907 -0.0174078 4.37486e-05 5.37369e-05 -0.0174078 0.0859466 4.05533e-05 -0.000386762 4.37486e-05 4.05533e-05 0.00945534 -0.0173452 5.37369e-05 -0.000386762 -0.0173452 0.0855764 
0.00950249 -0.0173985 6.12559e-05 1.81681e-05 -0.0173985 0.0858373 1.22197e-05 -0.000320732 6.12559e-05 1.22197e-05 0.00941094 -0.0172801 1.81681e-05 -0.000320732 -0.0172801 0.0853383 
0.0095123 -0.01746 6.72484e-05 -5.92944e-06 -0.01746 0.086045 -5.99818e-06 -0.000256496 6.72484e-05 -5.99818e-06 0.00945315 -0.0172843 -5.92944e-06 -0.000256496 -0.0172843 0.0854201 
0.00950894 -0.0175145 7.47479e-05 -1.50077e-05 -0.0175145 0.0863541 -8.94444e-06 -0.000226114 7.47479e-05 -8.94444e-06 0.00952879 -0.0173704 -1.50077e-05 -0.000226114 -0.0173704 0.0857159 
0.00948548 -0.0174511 8.24765e-05 -2.3096e-05 -0.0174511 0.0861905 -1.69617e-05 -0.000205525 8.24765e-05 -1.69617e-05 0.009532 -0.0174078 -2.3096e-05 -0.000205525 -0.0174078 0.0857272 
0.00949812 -0.0174597 7.80134e-05 -2.34751e-05 -0.0174597 0.086259 -2.57111e-05 -0.000198203 7.80134e-05 -2.57111e-05 0.00955884 -0.0174616 -2.34751e-05 -0.000198203 -0.0174616 0.0859699 
0.00954365 -0.01749 7.24604e-05 -1.52621e-05 -0.01749 0.0864079 -2.57828e-05 -0.000200846 7.24604e-05 -2.57828e-05 0.00955643 -0.0175226 -1.52621e-05 -0.000200846 -0.0175226 0.0862492 
0.00951109 -0.0174697 6.4749e-05 -8.86814e-06 -0.0174697 0.0861911 -2.09723e-05 -0.000209622 6.4749e-05 -2.09723e-05 0.00954611 -0.0174435 -8.86814e-06 -0.000209622 -0.0174435 0.085995 
0.00950789 -0.0174606 5.96772e-05 -3.06712e-07 -0.0174606 0.0861774 -8.94401e-06 -0.000232615 5.96772e-05 -8.94401e-06 0.009543 -0.0174502 -3.06712e-07 -0.000232615 -0.0174502 0.0859595 
0.00949234 -0.0174578 5.43019e-05 4.03156e-06 -0.0174578 0.0861744 -3.64562e-06 -0.000249065 5.43019e-05 -3.64562e-06 0.00955299 -0.0174563 4.03156e-06 -0.000249065 -0.0174563 0.0859837 
0.0094651 -0.0174257 4.85491e-05 1.37991e-05 -0.0174257 0.0860816 6.89474e-06 -0.000275041 4.85491e-05 6.89474e-06 0.00955858 -0.0174567 1.37991e-05 -0.000275041 -0.0174567 0.0859525 
0.0094371 -0.0173791 5.11279e-05 1.98279e-05 -0.0173791 0.0859284 1.48713e-05 -0.000297106 5.11279e-05 1.48713e-05 0.00955779 -0.0174584 1.98279e-05 -0.000297106 -0.0174584 0.085918 
0.00945699 -0.0173729 5.669e-05 1.04835e-05 -0.0173729 0.0859447 1.13162e-05 -0.000293188 5.669e-05 1.13162e-05 0.00955163 -0.017485 1.04835e-05 -0.000293188 -0.017485 0.0860382 
0.00949371 -0.0174152 8.37531e-05 -1.65591e-07 -0.0174152 0.0860989 4.45323e-06 -0.000273042 8.37531e-05 4.45323e-06 0.00954224 -0.0175077 -1.65591e-07 -0.000273042 -0.0175077 0.0862191 
0.00949905 -0.017394 7.95079e-05 -3.67828e-05 -0.017394 0.0859186 -2.84903e-05 -0.000206451 7.95079e-05 -2.84903e-05 0.00947665 -0.0174256 -3.67828e-05 -0.000206451 -0.0174256 0.0859391 
0.00946902 -0.0173545 5.64717e-05 -3.15689e-05 -0.0173545 0.0856069 -2.30073e-05 -0.000179812 5.64717e-05 -2.30073e-05 0.00942169 -0.0172866 -3.15689e-05 -0.000179812 -0.0172866 0.0854117 
0.00943758 -0.0173093 4.35764e-05 1.81363e-06 -0.0173093 0.0853594 4.80231e-06 -0.00022558 4.35764e-05 4.80231e-06 0.00938538 -0.0172033 1.81363e-06 -0.00022558 -0.0172033 0.0849962 
0.00941346 -0.0173167 2.40611e-05 2.38831e-05 -0.0173167 0.0854068 2.05775e-05 -0.000284555 2.40611e-05 2.05775e-05 0.00940836 -0.0172087 2.38831e-05 -0.000284555 -0.0172087 0.0849867 
0.0094107 -0.0172936 3.04226e-05 4.91362e-05 -0.0172936 0.0854109 4.20406e-05 -0.000342422 3.04226e-05 4.20406e-05 0.00941465 -0.0172491 4.91362e-05 -0.000342422 -0.0172491 0.0850829 
0.0093971 -0.0172442 4.67035e-05 4.14457e-05 -0.0172442 0.0851912 3.04369e-05 -0.00034908 4.67035e-05 3.04369e-05 0.00939318 -0.0172256 4.14457e-05 -0.00034908 -0.0172256 0.0849733 
0.00939969 -0.0172624 3.93885e-05 2.49024e-05 -0.0172624 0.0852446 8.57186e-06 -0.000316507 3.93885e-05 8.57186e-06 0.0094008 -0.0172403 2.49024e-05 -0.000316507 -0.0172403 0.0850713 
0.00938704 -0.0172854 2.50218e-05 3.02251e-05 -0.0172854 0.0853686 1.24997e-05 -0.000300879 2.50218e-05 1.24997e-05 0.00942684 -0.017264 3.02251e-05 -0.000300879 -0.017264 0.0852056 
0.0093461 -0.0172091 4.00352e-05 4.68978e-05 -0.0172091 0.0851037 2.72443e-05 -0.000319229 4.00352e-05 2.72443e-05 0.00942143 -0.0172366 4.68978e-05 -0.000319229 -0.0172366 0.0850236 
0.00933671 -0.0171857 4.94327e-05 3.13905e-05 -0.0171857 0.0850358 1.46739e-05 -0.000314863 4.94327e-05 1.46739e-05 0.00942377 -0.0172572 3.13905e-05 -0.000314863 -0.0172572 0.0850705 
0.009309 -0.0170941 4.48185e-05 1.27337e-05 -0.0170941 0.0846061 2.36304e-06 -0.000275574 4.48185e-05 2.36304e-06 0.00937342 -0.0171896 1.27337e-05 -0.000275574 -0.0171896 0.0847395 
0.00929596 -0.0170791 3.66253e-05 1.07332e-05 -0.0170791 0.0844648 8.38842e-06 -0.000255944 3.66253e-05 8.38842e-06 0.00936286 -0.0171558 1.07332e-05 -0.000255944 -0.0171558 0.0846169 
0.00931474 -0.0171054 2.76138e-05 1.81992e-05 -0.0171054 0.0845823 2.30519e-05 -0.000271166 2.76138e-05 2.30519e-05 0.00935277 -0.0171798 1.81992e-05 -0.000271166 -0.0171798 0.0847237 
0.0100958 -0.0185464 3.55238e-05 2.86302e-05 -0.0185464 0.0916658 3.79707e-05 -0.000318396 3.55238e-05 3.79707e-05 0.01011 -0.0185794 2.86302e-05 -0.000318396 -0.0185794 0.0917372 
0.0100649 -0.0185039 4.64746e-05 2.1353e-05 -0.0185039 0.091454 3.1914e-05 -0.000316781 4.64746e-05 3.1914e-05 0.0100838 -0.0185028 2.1353e-05 -0.000316781 -0.0185028 0.0914289 
0.0100397 -0.0184514 5.33298e-05 5.00284e-06 -0.0184514 0.0912233 1.32928e-05 -0.00027983 5.33298e-05 1.32928e-05 0.0100461 -0.0184543 5.00284e-06 -0.00027983 -0.0184543 0.0911638 
0.00997049 -0.0183267 5.19158e-05 -1.97725e-06 -0.0183267 0.0906006 5.03599e-06 -0.000248065 5.19158e-05 5.03599e-06 0.00997667 -0.0183119 -1.97725e-06 -0.000248065 -0.0183119 0.0905065 
0.00994517 -0.0182967 3.62417e-05 2.32093e-06 -0.0182967 0.0904568 8.96559e-06 -0.000247269 3.62417e-05 8.96559e-06 0.00996494 -0.0182857 2.32093e-06 -0.000247269 -0.0182857 0.0903558 
0.00993139 -0.0182695 3.75845e-05 1.96378e-05 -0.0182695 0.0903584 2.67478e-05 -0.000273583 3.75845e-05 2.67478e-05 0.00995743 -0.0182762 1.96378e-05 -0.000273583 -0.0182762 0.0902855 
0.00993985 -0.0183325 3.23383e-05 2.17081e-05 -0.0183325 0.0906786 2.43877e-05 -0.000291135 3.23383e-05 2.43877e-05 0.0100166 -0.0183469 2.17081e-05 -0.000291135 -0.0183469 0.0906327 
0.00995854 -0.0183167 2.46608e-05 2.80225e-05 -0.0183167 0.0907263 2.39065e-05 -0.000293751 2.46608e-05 2.39065e-05 0.0100178 -0.0184059 2.80225e-05 -0.000293751 -0.0184059 0.090822 
0.0100192 -0.0183806 4.92242e-05 3.88072e-05 -0.0183806 0.0909944 2.92047e-05 -0.000304363 4.92242e-05 2.92047e-05 0.0100114 -0.0184599 3.88072e-05 -0.000304363 -0.0184599 0.0911656 
0.0100341 -0.0184347 6.45976e-05 7.85574e-06 -0.0184347 0.0911357 -2.94622e-06 -0.000258126 6.45976e-05 -2.94622e-06 0.0100062 -0.0184237 7.85574e-06 -0.000258126 -0.0184237 0.091176 
0.0100036 -0.018379 6.92957e-05 -1.76307e-05 -0.018379 0.0908698 -2.42394e-05 -0.000187018 6.92957e-05 -2.42394e-05 0.00998288 -0.0183386 -1.76307e-05 -0.000187018 -0.0183386 0.0907856 
0.00998063 -0.0183773 7.27212e-05 -2.69113e-05 -0.0183773 0.0908665 -2.67486e-05 -0.000151381 7.27212e-05 -2.67486e-05 0.0100121 -0.0183486 -2.69113e-05 -0.000151381 -0.0183486 0.0907606 
0.00994813 -0.0183055 7.56375e-05 -3.41653e-05 -0.0183055 0.0906002 -3.17617e-05 -0.000128855 7.56375e-05 -3.17617e-05 0.00999675 -0.0183405 -3.41653e-05 -0.000128855 -0.0183405 0.0905932 
0.00994251 -0.0182825 5.93498e-05 -3.91227e-05 -0.0182825 0.0904908 -4.16927e-05 -0.000102576 5.93498e-05 -4.16927e-05 0.00997851 -0.0183363 -3.91227e-05 -0.000102576 -0.0183363 0.0905612 
0.00994148 -0.0182625 4.30644e-05 -1.58275e-05 -0.0182625 0.090359 -2.29765e-05 -0.00012453 4.30644e-05 -2.29765e-05 0.00993982 -0.0182901 -1.58275e-05 -0.00012453 -0.0182901 0.0903987 
0.00994667 -0.0182759 3.97436e-05 8.35212e-06 -0.0182759 0.0903609 -3.22632e-06 -0.000174062 3.97436e-05 -3.22632e-06 0.00992383 -0.0182474 8.35212e-06 -0.000174062 -0.0182474 0.0902775 
0.00994985 -0.0182943 4.87944e-05 9.85814e-06 -0.0182943 0.0904323 -1.99026e-06 -0.000194597 4.87944e-05 -1.99026e-06 0.00990979 -0.0182377 9.85814e-06 -0.000194597 -0.0182377 0.0902405 
0.00993579 -0.0182513 3.66482e-05 -5.48631e-06 -0.0182513 0.0902481 -1.06683e-05 -0.000178446 3.66482e-05 -1.06683e-05 0.00986839 -0.0181853 -5.48631e-06 -0.000178446 -0.0181853 0.0900212 
0.00990397 -0.0181879 1.72497e-05 8.60191e-06 -0.0181879 0.0899038 7.15691e-06 -0.000192396 1.72497e-05 7.15691e-06 0.00981908 -0.0180878 8.60191e-06 -0.000192396 -0.0180878 0.0896176 
0.00988278 -0.018193 3.0317e-05 3.52364e-05 -0.018193 0.0899105 3.15086e-05 -0.000244343 3.0317e-05 3.15086e-05 0.00982549 -0.018075 3.52364e-05 -0.000244343 -0.018075 0.0895753 
0.00987266 -0.0181826 4.21149e-05 1.96898e-05 -0.0181826 0.0899465 1.99545e-05 -0.000251356 4.21149e-05 1.99545e-05 0.00983043 -0.0180969 1.96898e-05 -0.000251356 -0.0180969 0.089644 
0.00983037 -0.0181215 4.83822e-05 3.27994e-06 -0.0181215 0.0896996 9.13443e-06 -0.000226026 4.83822e-05 9.13443e-06 0.00982092 -0.0180541 3.27994e-06 -0.000226026 -0.0180541 0.0894512 
0.00978178 -0.0180285 4.21791e-05 -1.17144e-05 -0.0180285 0.0893198 -6.67843e-06 -0.000179645 4.21791e-05 -6.67843e-06 0.00980278 -0.0180095 -1.17144e-05 -0.000179645 -0.0180095 0.0891773 
0.00979535 -0.0179789 4.63775e-05 -2.65206e-06 -0.0179789 0.0891166 -2.92045e-06 -0.000167527 4.63775e-05 -2.92045e-06 0.00976993 -0.0180087 -2.65206e-06 -0.000167527 -0.0180087 0.0891125 
0.00981444 -0.0180133 5.45737e-05 -7.61329e-06 -0.0180133 0.089149 -1.24573e-05 -0.000152714 5.45737e-05 -1.24573e-05 0.00976781 -0.0179957 -7.61329e-06 -0.000152714 -0.0179957 0.0891431 
0.00984695 -0.0180683 6.27735e-05 -1.96624e-05 -0.0180683 0.0893455 -2.31487e-05 -0.00012427 6.27735e-05 -2.31487e-05 0.00977378 -0.0180122 -1.96624e-05 -0.00012427 -0.0180122 0.0892485 
0.00985161 -0.0180737 6.72501e-05 -3.34977e-05 -0.0180737 0.0893192 -3.29743e-05 -9.04367e-05 6.72501e-05 -3.29743e-05 0.00976636 -0.0179847 -3.34977e-05 -9.04367e-05 -0.0179847 0.0891332 
0.00984072 -0.0180943 7.28327e-05 -3.8343e-05 -0.0180943 0.0893771 -3.58653e-05 -7.2572e-05 7.28327e-05 -3.58653e-05 0.00978546 -0.0179876 -3.8343e-05 -7.2572e-05 -0.0179876 0.0891248 
0.00986605 -0.018129 5.4891e-05 -4.28485e-05 -0.018129 0.089598 -3.88898e-05 -6.586e-05 5.4891e-05 -3.88898e-05 0.00979998 -0.0180459 -4.28485e-05 -6.586e-05 -0.0180459 0.0893407 
0.00988832 -0.0181931 3.12079e-05 -1.91456e-05 -0.0181931 0.0898964 -1.21269e-05 -0.000106787 3.12079e-05 -1.21269e-05 0.0098211 -0.0180912 -1.91456e-05 -0.000106787 -0.0180912 0.0896083 
0.00988348 -0.0182358 3.21921e-05 1.13394e-05 -0.0182358 0.0901461 2.01925e-05 -0.000180274 3.21921e-05 2.01925e-05 0.0098659 -0.0181215 1.13394e-05 -0.000180274 -0.0181215 0.0898004 
0.00988966 -0.0182442 4.0983e-05 1.56889e-05 -0.0182442 0.0903351 2.39552e-05 -0.000227638 4.0983e-05 2.39552e-05 0.00990616 -0.0181949 1.56889e-05 -0.000227638 -0.0181949 0.0900646 
0.00985082 -0.0181915 3.54077e-05 2.23021e-06 -0.0181915 0.0901452 7.98212e-06 -0.000213796 3.54077e-05 7.98212e-06 0.00992237 -0.0181896 2.23021e-06 -0.000213796 -0.0181896 0.0899997 
0.00983603 -0.0181508 3.48622e-05 3.5954e-06 -0.0181508 0.0900386 5.57289e-06 -0.000193362 3.48622e-05 5.57289e-06 0.00993789 -0.0182261 3.5954e-06 -0.000193362 -0.0182261 0.0900745 
0.00981216 -0.0180969 4.05428e-05 4.58826e-06 -0.0180969 0.0897964 7.61255e-06 -0.000188869 4.05428e-05 7.61255e-06 0.00993327 -0.0182152 4.58826e-06 -0.000188869 -0.0182152 0.0899857 
0.0098054 -0.0180912 3.97384e-05 -1.38129e-06 -0.0180912 0.0897655 3.85063e-06 -0.000182619 3.97384e-05 3.85063e-06 0.00994845 -0.0182359 -1.38129e-06 -0.000182619 -0.0182359 0.0900561 
0.00985214 -0.0181224 3.60147e-05 1.2472e-06 -0.0181224 0.0899416 3.7337e-06 -0.00018243 3.60147e-05 3.7337e-06 0.00995359 -0.0182973 1.2472e-06 -0.00018243 -0.0182973 0.0903206 
0.00987971 -0.0181393 4.97672e-05 3.13513e-06 -0.0181393 0.0899104 2.49939e-06 -0.000178344 4.97672e-05 2.49939e-06 0.00991855 -0.0182621 3.13513e-06 -0.000178344 -0.0182621 0.0902436 
0.00990438 -0.018184 4.90054e-05 -1.05108e-05 -0.018184 0.0899981 -1.52962e-05 -0.000153791 4.90054e-05 -1.52962e-05 0.00988838 -0.0182213 -1.05108e-05 -0.000153791 -0.0182213 0.0901522 
0.009926 -0.0182555 3.70532e-05 -7.66683e-06 -0.0182555 0.0902874 -1.38208e-05 -0.000145518 3.70532e-05 -1.38208e-05 0.00990051 -0.0182241 -7.66683e-06 -0.000145518 -0.0182241 0.0902519 
0.00990995 -0.0182804 4.11659e-05 6.90342e-06 -0.0182804 0.0904425 3.92882e-06 -0.000171654 4.11659e-05 3.92882e-06 0.00993717 -0.0182331 6.90342e-06 -0.000171654 -0.0182331 0.0903013 
0.0098966 -0.0182524 2.77374e-05 2.52001e-07 -0.0182524 0.0904249 4.32332e-06 -0.000183701 2.77374e-05 4.32332e-06 0.00995647 -0.0182583 2.52001e-07 -0.000183701 -0.0182583 0.0903184 
0.0098825 -0.0181784 3.07262e-05 1.00242e-05 -0.0181784 0.0901086 1.53913e-05 -0.000195037 3.07262e-05 1.53913e-05 0.00992361 -0.0182282 1.00242e-05 -0.000195037 -0.0182282 0.0901038 
0.00987063 -0.0181515 4.82035e-05 4.79082e-06 -0.0181515 0.089907 1.19098e-05 -0.000193434 4.82035e-05 1.19098e-05 0.00990467 -0.0181947 4.79082e-06 -0.000193434 -0.0181947 0.0899539 
0.00987551 -0.0181655 4.81151e-05 -1.40296e-05 -0.0181655 0.0899185 -6.3743e-06 -0.000164275 4.81151e-05 -6.3743e-06 0.00988762 -0.0181831 -1.40296e-05 -0.000164275 -0.0181831 0.0899147 
0.00992496 -0.0182258 4.09713e-05 -1.65633e-05 -0.0182258 0.0901982 -1.38172e-05 -0.000135275 4.09713e-05 -1.38172e-05 0.009872 -0.018213 -1.65633e-05 -0.000135275 -0.018213 0.0901152 
0.00990112 -0.0182371 3.0534e-05 -1.0383e-05 -0.0182371 0.0901744 -9.90028e-06 -0.000128315 3.0534e-05 -9.90028e-06 0.00986261 -0.0181408 -1.0383e-05 -0.000128315 -0.0181408 0.089921 
0.00985714 -0.0181547 2.69854e-05 8.33202e-06 -0.0181547 0.0898583 6.45258e-06 -0.00015982 2.69854e-05 6.45258e-06 0.00984286 -0.0180764 8.33202e-06 -0.00015982 -0.0180764 0.0895531 
0.00985139 -0.0181267 2.82522e-05 1.47831e-05 -0.0181267 0.0897628 1.11523e-05 -0.000184889 2.82522e-05 1.11523e-05 0.00985293 -0.0180896 1.47831e-05 -0.000184889 -0.0180896 0.0895329 
0.00986634 -0.0181841 3.04333e-05 1.42028e-05 -0.0181841 0.0900213 1.09396e-05 -0.000194472 3.04333e-05 1.09396e-05 0.009902 -0.0181647 1.42028e-05 -0.000194472 -0.0181647 0.0898542 
0.00989631 -0.0182114 2.89648e-05 9.18847e-06 -0.0182114 0.0902136 1.03295e-05 -0.000193958 2.89648e-05 1.03295e-05 0.00991554 -0.0182341 9.18847e-06 -0.000193958 -0.0182341 0.0901328 
0.00990229 -0.0182269 4.26849e-05 6.67999e-06 -0.0182269 0.0902482 1.40473e-05 -0.000191423 4.26849e-05 1.40473e-05 0.00992091 -0.0182267 6.67999e-06 -0.000191423 -0.0182267 0.090169 
0.00987268 -0.0182267 6.4506e-05 -1.06429e-05 -0.0182267 0.0902246 8.21901e-08 -0.000168756 6.4506e-05 8.21901e-08 0.00994243 -0.0182052 -1.06429e-05 -0.000168756 -0.0182052 0.0900704 
0.00983716 -0.0181674 6.38854e-05 -4.10622e-05 -0.0181674 0.090051 -2.8012e-05 -0.000108162 6.38854e-05 -2.8012e-05 0.00996219 -0.0182168 -4.10622e-05 -0.000108162 -0.0182168 0.089983 
0.00986915 -0.018151 6.20701e-05 -4.2793e-05 -0.018151 0.0900379 -3.43667e-05 -7.02074e-05 6.20701e-05 -3.43667e-05 0.00994783 -0.0182755 -4.2793e-05 -7.02074e-05 -0.0182755 0.0901456 
0.00990121 -0.0181727 4.40124e-05 -3.21682e-05 -0.0181727 0.0900067 -2.96874e-05 -7.68732e-05 4.40124e-05 -2.96874e-05 0.00990576 -0.0182443 -3.21682e-05 -7.68732e-05 -0.0182443 0.090116 
0.00990103 -0.0182065 3.01151e-05 -4.30128e-06 -0.0182065 0.0900249 -3.82333e-06 -0.0001296 3.01151e-05 -3.82333e-06 0.00989071 -0.0181756 -4.30128e-06 -0.0001296 -0.0181756 0.0899345 
0.00992768 -0.0182845 3.39564e-05 1.7497e-05 -0.0182845 0.090398 1.55226e-05 -0.000191151 3.39564e-05 1.55226e-05 0.00992805 -0.0182158 1.7497e-05 -0.000191151 -0.0182158 0.0901271 
0.00995098 -0.0183497 2.24709e-05 1.63188e-05 -0.0183497 0.0907704 1.5878e-05 -0.000223773 2.24709e-05 1.5878e-05 0.0099736 -0.0182955 1.63188e-05 -0.000223773 -0.0182955 0.0904629 
0.00997716 -0.0184131 2.15484e-05 2.64627e-05 -0.0184131 0.0911437 2.97862e-05 -0.000249871 2.15484e-05 2.97862e-05 0.0100195 -0.0183774 2.64627e-05 -0.000249871 -0.0183774 0.0908471 
0.0100158 -0.0184381 3.23707e-05 2.54796e-05 -0.0184381 0.0913526 3.20461e-05 -0.000262212 3.23707e-05 3.20461e-05 0.0100445 -0.018444 2.54796e-05 -0.000262212 -0.018444 0.0911476 
0.0100407 -0.0184689 3.33158e-05 1.31093e-05 -0.0184689 0.0914602 2.13853e-05 -0.000250667 3.33158e-05 2.13853e-05 0.0100677 -0.0184718 1.31093e-05 -0.000250667 -0.0184718 0.0913098 
0.0100449 -0.0184442 3.00582e-05 1.33922e-05 -0.0184442 0.0912862 1.9807e-05 -0.000241953 3.00582e-05 1.9807e-05 0.0100488 -0.0184403 1.33922e-05 -0.000241953 -0.0184403 0.0911362 
0.0100692 -0.0184884 4.86901e-05 1.68864e-05 -0.0184884 0.0914078 1.91067e-05 -0.00024001 4.86901e-05 1.91067e-05 0.0100549 -0.0184557 1.68864e-05 -0.00024001 -0.0184557 0.0912126 
0.0100969 -0.0185458 5.63857e-05 -7.64482e-06 -0.0185458 0.0916308 -8.57743e-06 -0.000196589 5.63857e-05 -8.57743e-06 0.0100623 -0.0184806 -7.64482e-06 -0.000196589 -0.0184806 0.0913462 
0.0101262 -0.0185858 5.74156e-05 -1.74701e-05 -0.0185858 0.0917939 -2.03805e-05 -0.000155743 5.74156e-05 -2.03805e-05 0.0100548 -0.0184798 -1.74701e-05 -0.000155743 -0.0184798 0.091386 
