0.00709488 0 3.25595e-05 0 0 0.00990914 0 0 3.25595e-05 0 0.00693421 0 0 0 0 0.00990914 
0.00965945 -0.0119862 1.97121e-05 -2.35362e-05 -0.0119862 0.0317437 -2.35362e-05 4.54453e-05 1.97121e-05 -2.35362e-05 0.00949496 -0.0117896 -2.35362e-05 4.54453e-05 -0.0117896 0.0313663 
0.00991676 -0.0184483 9.26943e-06 3.83538e-05 -0.0184483 0.0679483 3.83538e-05 -0.000138799 9.26943e-06 3.83538e-05 0.00982417 -0.0183782 3.83538e-05 -0.000138799 -0.0183782 0.0677764 
0.00930746 -0.017917 2.09017e-05 0.000110413 -0.017917 0.0802427 0.000107875 -0.000625383 2.09017e-05 0.000107875 0.00929134 -0.0180657 0.000110413 -0.000625383 -0.0180657 0.0812109 
0.00899579 -0.0167753 3.54626e-05 8.09969e-05 -0.0167753 0.0807517 7.25626e-05 -0.000750088 3.54626e-05 7.25626e-05 0.00901665 -0.0169782 8.09969e-05 -0.000750088 -0.0169782 0.0822327 
0.00973135 -0.0178392 4.22746e-05 2.15839e-05 -0.0178392 0.0874443 1.50413e-05 -0.000569784 4.22746e-05 1.50413e-05 0.00973287 -0.0180351 2.15839e-05 -0.000569784 -0.0180351 0.0888977 
0.00947852 -0.0172878 4.92211e-05 -7.92004e-06 -0.0172878 0.0850548 -1.00298e-05 -0.000319657 4.92211e-05 -1.00298e-05 0.00944213 -0.0174156 -7.92004e-06 -0.000319657 -0.0174156 0.0861257 
0.0100946 -0.0184009 4.79835e-05 -1.91586e-05 -0.0184009 0.0906133 -1.86635e-05 -0.000210528 4.79835e-05 -1.86635e-05 0.010034 -0.0184646 -1.91586e-05 -0.000210528 -0.0184646 0.0914078 
0.00992558 -0.0180918 4.72289e-05 -8.34178e-06 -0.0180918 0.0891274 -4.64437e-06 -0.000180689 4.72289e-05 -4.64437e-06 0.00984995 -0.0181192 -8.34178e-06 -0.000180689 -0.0181192 0.0896866 
0.00979064 -0.0178235 4.40678e-05 -5.67808e-06 -0.0178235 0.0878061 3.31527e-06 -0.00018926 4.40678e-05 3.31527e-06 0.00968843 -0.0178343 -5.67808e-06 -0.00018926 -0.0178343 0.0882511 
0.00967562 -0.0176062 5.90987e-05 9.80542e-07 -0.0176062 0.0866733 1.15094e-05 -0.00021049 5.90987e-05 1.15094e-05 0.00955955 -0.0175901 9.80542e-07 -0.00021049 -0.0175901 0.0870439 
0.00956305 -0.0174242 6.88308e-05 -1.61964e-05 -0.0174242 0.0857047 -6.89934e-06 -0.000194255 6.88308e-05 -6.89934e-06 0.00947303 -0.0173831 -1.61964e-05 -0.000194255 -0.0173831 0.0859977 
0.00956918 -0.0174457 7.04602e-05 -2.70474e-05 -0.0174457 0.0858084 -2.21471e-05 -0.000164003 7.04602e-05 -2.21471e-05 0.00947315 -0.0174317 -2.70474e-05 -0.000164003 -0.0174317 0.0861079 
0.00961115 -0.0175367 5.62417e-05 -2.72909e-05 -0.0175367 0.0862503 -2.47019e-05 -0.000151224 5.62417e-05 -2.47019e-05 0.00950207 -0.0175067 -2.72909e-05 -0.000151224 -0.0175067 0.086525 
0.00959836 -0.0175358 2.59231e-05 -1.20496e-05 -0.0175358 0.0862663 -1.0709e-05 -0.000165836 2.59231e-05 -1.0709e-05 0.00950102 -0.0174858 -1.20496e-05 -0.000165836 -0.0174858 0.0864851 
0.00959858 -0.0175556 1.14215e-05 2.72591e-05 -0.0175556 0.086443 2.65718e-05 -0.000234769 1.14215e-05 2.65718e-05 0.009542 -0.0175369 2.72591e-05 -0.000234769 -0.0175369 0.0867016 
0.00959379 -0.0174918 3.44066e-06 4.79223e-05 -0.0174918 0.0862168 4.76439e-05 -0.000303057 3.44066e-06 4.76439e-05 0.0095132 -0.0175336 4.79223e-05 -0.000303057 -0.0175336 0.0866084 
0.00959608 -0.0174886 2.13554e-06 5.18946e-05 -0.0174886 0.0861258 5.31383e-05 -0.000329129 2.13554e-06 5.31383e-05 0.00949407 -0.0175104 5.18946e-05 -0.000329129 -0.0175104 0.0865656 
0.00956637 -0.017427 1.32429e-05 4.97271e-05 -0.017427 0.085777 5.01379e-05 -0.000324552 1.32429e-05 5.01379e-05 0.00945378 -0.0174205 4.97271e-05 -0.000324552 -0.0174205 0.0861767 
0.00954858 -0.0174253 1.00386e-05 3.93268e-05 -0.0174253 0.0857237 3.84969e-05 -0.000307245 1.00386e-05 3.84969e-05 0.00946232 -0.0174024 3.93268e-05 -0.000307245 -0.0174024 0.0860761 
0.00951294 -0.0173948 9.59692e-06 4.31838e-05 -0.0173948 0.0856143 4.22021e-05 -0.000303976 9.59692e-06 4.22021e-05 0.00946374 -0.0174004 4.31838e-05 -0.000303976 -0.0174004 0.0859881 
0.00951927 -0.017415 2.38885e-05 4.34241e-05 -0.017415 0.0858179 4.05604e-05 -0.000303142 2.38885e-05 4.05604e-05 0.00949013 -0.0174798 4.34241e-05 -0.000303142 -0.0174798 0.0863198 
0.00949732 -0.0173751 3.81893e-05 2.62171e-05 -0.0173751 0.0856889 1.94128e-05 -0.000270095 3.81893e-05 1.94128e-05 0.00947804 -0.0174665 2.62171e-05 -0.000270095 -0.0174665 0.0862958 
0.00948018 -0.0173202 3.89055e-05 6.14139e-06 -0.0173202 0.085458 -4.79945e-06 -0.000210526 3.89055e-05 -4.79945e-06 0.00945479 -0.0174206 6.14139e-06 -0.000210526 -0.0174206 0.0861122 
0.0094904 -0.0173045 2.63234e-05 3.90667e-06 -0.0173045 0.0853428 -5.31697e-06 -0.000181588 2.63234e-05 -5.31697e-06 0.0094302 -0.0173868 3.90667e-06 -0.000181588 -0.0173868 0.0859692 
0.00950721 -0.0173516 1.79257e-05 1.62104e-05 -0.0173516 0.0854819 1.29825e-05 -0.000197997 1.79257e-05 1.29825e-05 0.00943541 -0.0173886 1.62104e-05 -0.000197997 -0.0173886 0.0860176 
0.0094975 -0.0173443 3.72684e-05 2.15166e-05 -0.0173443 0.0854339 2.44445e-05 -0.000218316 3.72684e-05 2.44445e-05 0.00941687 -0.0173587 2.15166e-05 -0.000218316 -0.0173587 0.0858785 
0.00946525 -0.0172753 4.27135e-05 -6.70967e-06 -0.0172753 0.0851064 1.40054e-06 -0.000183187 4.27135e-05 1.40054e-06 0.00936666 -0.0172779 -6.70967e-06 -0.000183187 -0.0172779 0.0854962 
0.00944819 -0.0172768 4.65888e-05 -1.37962e-05 -0.0172768 0.0850871 -5.37109e-06 -0.000150491 4.65888e-05 -5.37109e-06 0.00936303 -0.0172518 -1.37962e-05 -0.000150491 -0.0172518 0.0854058 
0.0094281 -0.0172424 5.6546e-05 -1.10354e-05 -0.0172424 0.0849818 -9.40832e-06 -0.000143284 5.6546e-05 -9.40832e-06 0.00935428 -0.0172356 -1.10354e-05 -0.000143284 -0.0172356 0.085295 
0.00940874 -0.0172105 6.02658e-05 -1.82232e-05 -0.0172105 0.0848512 -2.17419e-05 -0.000130314 6.02658e-05 -2.17419e-05 0.00934405 -0.0172112 -1.82232e-05 -0.000130314 -0.0172112 0.0851719 
0.00937158 -0.0171213 6.04207e-05 -2.25188e-05 -0.0171213 0.0844312 -2.5655e-05 -0.00011902 6.04207e-05 -2.5655e-05 0.00929385 -0.0171316 -2.25188e-05 -0.00011902 -0.0171316 0.0847648 
0.0101292 -0.01851 6.34571e-05 -3.0108e-05 -0.01851 0.0912393 -3.13405e-05 -0.000111217 6.34571e-05 -3.13405e-05 0.0100403 -0.0185043 -3.0108e-05 -0.000111217 -0.0185043 0.0915819 
0.0101091 -0.0184653 4.70158e-05 -2.83839e-05 -0.0184653 0.0910058 -3.19182e-05 -0.000100953 4.70158e-05 -3.19182e-05 0.0100008 -0.0184513 -2.83839e-05 -0.000100953 -0.0184513 0.0913191 
0.0100948 -0.0184262 3.40776e-05 -9.6495e-06 -0.0184262 0.0907835 -1.27221e-05 -0.000125215 3.40776e-05 -1.27221e-05 0.00995659 -0.0183874 -9.6495e-06 -0.000125215 -0.0183874 0.0910444 
0.0101117 -0.0184645 1.96678e-05 5.145e-06 -0.0184645 0.0909153 6.77213e-06 -0.000167821 1.96678e-05 6.77213e-06 0.00995351 -0.0183809 5.145e-06 -0.000167821 -0.0183809 0.0910734 
0.0101306 -0.018528 1.17709e-05 2.24903e-05 -0.018528 0.0912184 2.84838e-05 -0.000217059 1.17709e-05 2.84838e-05 0.00997755 -0.01842 2.24903e-05 -0.000217059 -0.01842 0.091292 
0.0101222 -0.0185508 2.60472e-05 3.12916e-05 -0.0185508 0.0913809 4.05305e-05 -0.000255346 2.60472e-05 4.05305e-05 0.0100176 -0.0184406 3.12916e-05 -0.000255346 -0.0184406 0.0914028 
0.0101378 -0.0185388 3.2867e-05 1.45713e-05 -0.0185388 0.0914287 2.33498e-05 -0.00024328 3.2867e-05 2.33498e-05 0.010018 -0.0184857 1.45713e-05 -0.00024328 -0.0184857 0.0915193 
0.0101278 -0.0185277 4.64831e-05 6.02965e-06 -0.0185277 0.0913357 1.16001e-05 -0.000215367 4.64831e-05 1.16001e-05 0.0100093 -0.0184608 6.02965e-06 -0.000215367 -0.0184608 0.0914493 
0.0100941 -0.0185178 5.26168e-05 -1.45508e-05 -0.0185178 0.0912878 -6.79189e-06 -0.000170684 5.26168e-05 -6.79189e-06 0.0100265 -0.0184466 -1.45508e-05 -0.000170684 -0.0184466 0.0913837 
0.0101014 -0.0185382 5.76428e-05 -2.53208e-05 -0.0185382 0.0915047 -1.22533e-05 -0.000137691 5.76428e-05 -1.22533e-05 0.0100643 -0.0185254 -2.53208e-05 -0.000137691 -0.0185254 0.0916765 
0.00933825 -0.0171302 4.75987e-05 -2.77356e-05 -0.0171302 0.0846174 -1.41404e-05 -0.000112938 4.75987e-05 -1.41404e-05 0.00930707 -0.0171527 -2.77356e-05 -0.000112938 -0.0171527 0.0848661 
0.00936989 -0.0171633 4.83946e-05 -1.83189e-05 -0.0171633 0.0847955 -1.02364e-05 -0.000118848 4.83946e-05 -1.02364e-05 0.00932786 -0.0171816 -1.83189e-05 -0.000118848 -0.0171816 0.085059 
0.00940273 -0.017155 6.33256e-05 -8.36409e-06 -0.017155 0.0847128 -9.7236e-06 -0.000139402 6.33256e-05 -9.7236e-06 0.00929595 -0.0171565 -8.36409e-06 -0.000139402 -0.0171565 0.0849411 
0.00939874 -0.01714 8.47856e-05 -2.20781e-05 -0.01714 0.0844643 -2.93423e-05 -0.000124289 8.47856e-05 -2.93423e-05 0.00924124 -0.0170584 -2.20781e-05 -0.000124289 -0.0170584 0.0845408 
0.0101989 -0.0186342 8.7828e-05 -5.55891e-05 -0.0186342 0.0917118 -6.26462e-05 -7.35683e-05 8.7828e-05 -6.26462e-05 0.010022 -0.0184707 -5.55891e-05 -7.35683e-05 -0.0184707 0.091589 
0.010171 -0.018647 7.83738e-05 -5.42403e-05 -0.018647 0.0917952 -5.64851e-05 -5.05065e-05 7.83738e-05 -5.64851e-05 0.0100495 -0.0184811 -5.42403e-05 -5.05065e-05 -0.0184811 0.0915915 
0.00932746 -0.0171572 5.83315e-05 -4.38886e-05 -0.0171572 0.0845838 -3.95533e-05 -5.66714e-05 5.83315e-05 -3.95533e-05 0.00930892 -0.0170636 -4.38886e-05 -5.66714e-05 -0.0170636 0.0844648 
0.00935379 -0.0171507 3.97856e-05 -2.44179e-05 -0.0171507 0.0847528 -1.65522e-05 -0.000100321 3.97856e-05 -1.65522e-05 0.00934218 -0.0171929 -2.44179e-05 -0.000100321 -0.0171929 0.0849124 
0.00936068 -0.0171331 4.30637e-05 2.68374e-06 -0.0171331 0.084656 6.10584e-06 -0.000161876 4.30637e-05 6.10584e-06 0.00933832 -0.0172046 2.68374e-06 -0.000161876 -0.0172046 0.0850188 
0.00938146 -0.0171686 5.02717e-05 2.6609e-06 -0.0171686 0.0847718 -2.87485e-06 -0.00018127 5.02717e-05 -2.87485e-06 0.00934213 -0.0172238 2.6609e-06 -0.00018127 -0.0172238 0.0851729 
0.00937147 -0.0171166 3.87473e-05 -7.71838e-06 -0.0171166 0.0844833 -1.69088e-05 -0.000158635 3.87473e-05 -1.69088e-05 0.00929198 -0.0171454 -7.71838e-06 -0.000158635 -0.0171454 0.0848441 
0.0101339 -0.0185494 4.16934e-05 8.73787e-07 -0.0185494 0.091461 -5.49016e-06 -0.00017001 4.16934e-05 -5.49016e-06 0.0100636 -0.0185281 8.73787e-07 -0.00017001 -0.0185281 0.0917523 
0.0100932 -0.0185067 5.65452e-05 4.48157e-06 -0.0185067 0.0912943 -1.17769e-06 -0.000184546 5.65452e-05 -1.17769e-06 0.0100692 -0.0185045 4.48157e-06 -0.000184546 -0.0185045 0.0915685 
0.0100827 -0.0184639 3.8714e-05 -1.20289e-05 -0.0184639 0.0911738 -1.60024e-05 -0.000169724 3.8714e-05 -1.60024e-05 0.0100652 -0.0185249 -1.20289e-05 -0.000169724 -0.0185249 0.0915596 
0.0100936 -0.0184595 2.68467e-05 3.66456e-06 -0.0184595 0.0911442 2.13886e-06 -0.000178554 2.68467e-05 2.13886e-06 0.0100421 -0.0185373 3.66456e-06 -0.000178554 -0.0185373 0.091628 
0.0100922 -0.0184794 3.73835e-05 1.53501e-05 -0.0184794 0.0911747 1.33643e-05 -0.000201728 3.73835e-05 1.33643e-05 0.0100283 -0.0185031 1.53501e-05 -0.000201728 -0.0185031 0.0915931 
0.0100831 -0.0184845 5.76249e-05 2.83869e-06 -0.0184845 0.0912154 -1.31725e-06 -0.000189726 5.76249e-05 -1.31725e-06 0.0100284 -0.0184814 2.83869e-06 -0.000189726 -0.0184814 0.0915359 
0.0100746 -0.0184781 6.03953e-05 -2.16878e-05 -0.0184781 0.0912289 -2.77629e-05 -0.000138701 6.03953e-05 -2.77629e-05 0.0100316 -0.0184741 -2.16878e-05 -0.000138701 -0.0184741 0.0914924 
0.0100216 -0.0183888 6.64916e-05 -2.66789e-05 -0.0183888 0.0908363 -3.26569e-05 -0.0001028 6.64916e-05 -3.26569e-05 0.0100061 -0.0184038 -2.66789e-05 -0.0001028 -0.0184038 0.0911116 
0.00998544 -0.0182871 6.2028e-05 -3.56945e-05 -0.0182871 0.0903782 -3.59929e-05 -8.3551e-05 6.2028e-05 -3.59929e-05 0.00995883 -0.0183388 -3.56945e-05 -8.3551e-05 -0.0183388 0.0907234 
0.0100005 -0.018267 3.56248e-05 -3.19519e-05 -0.018267 0.0902115 -2.75942e-05 -8.52791e-05 3.56248e-05 -2.75942e-05 0.0099064 -0.0183014 -3.19519e-05 -8.52791e-05 -0.0183014 0.0905569 
0.0100201 -0.0182539 7.70144e-06 3.34845e-07 -0.0182539 0.090012 5.42662e-06 -0.00013771 7.70144e-06 5.42662e-06 0.00983479 -0.0182109 3.34845e-07 -0.00013771 -0.0182109 0.0902362 
0.0100538 -0.0183767 2.74969e-06 3.51289e-05 -0.0183767 0.0904334 3.96695e-05 -0.000217584 2.74969e-06 3.96695e-05 0.00984916 -0.0182129 3.51289e-05 -0.000217584 -0.0182129 0.0903989 
0.0100152 -0.0184018 5.4215e-06 4.19623e-05 -0.0184018 0.0905924 4.37172e-05 -0.000258775 5.4215e-06 4.37172e-05 0.00989046 -0.0182024 4.19623e-05 -0.000258775 -0.0182024 0.090372 
0.00999305 -0.0183675 8.79937e-06 3.74389e-05 -0.0183675 0.090652 3.77064e-05 -0.000258151 8.79937e-06 3.77064e-05 0.00993718 -0.018271 3.74389e-05 -0.000258151 -0.018271 0.090533 
0.0100165 -0.0183648 1.22414e-05 3.15072e-05 -0.0183648 0.0907589 3.40651e-05 -0.000245744 1.22414e-05 3.40651e-05 0.00996067 -0.0183634 3.15072e-05 -0.000245744 -0.0183634 0.0908728 
0.0100497 -0.0183425 9.59152e-06 2.96722e-05 -0.0183425 0.090636 3.13617e-05 -0.000239445 9.59152e-06 3.13617e-05 0.00992727 -0.0183674 2.96722e-05 -0.000239445 -0.0183674 0.0909191 
0.0100725 -0.0184031 1.07339e-05 3.57355e-05 -0.0184031 0.0907433 3.34448e-05 -0.000244162 1.07339e-05 3.34448e-05 0.00991944 -0.0183381 3.57355e-05 -0.000244162 -0.0183381 0.090935 
0.0101065 -0.0184683 1.49847e-05 3.21135e-05 -0.0184683 0.0910242 2.61989e-05 -0.000234553 1.49847e-05 2.61989e-05 0.00992264 -0.0183602 3.21135e-05 -0.000234553 -0.0183602 0.0910828 
0.0101327 -0.0185473 4.16634e-05 2.63736e-05 -0.0185473 0.091393 1.70059e-05 -0.000215274 4.16634e-05 1.70059e-05 0.00996789 -0.0183993 2.63736e-05 -0.000215274 -0.0183993 0.0913409 
0.0101363 -0.0185653 5.55813e-05 -6.02804e-06 -0.0185653 0.0915398 -1.49801e-05 -0.000156853 5.55813e-05 -1.49801e-05 0.0100048 -0.0184406 -6.02804e-06 -0.000156853 -0.0184406 0.0914836 
0.0101345 -0.0185554 5.29456e-05 -2.72051e-05 -0.0185554 0.0915506 -3.31485e-05 -9.31969e-05 5.29456e-05 -3.31485e-05 0.010032 -0.0184809 -2.72051e-05 -9.31969e-05 -0.0184809 0.0915938 
0.00933416 -0.0170748 4.75764e-05 -2.44681e-05 -0.0170748 0.0842614 -2.81152e-05 -6.46587e-05 4.75764e-05 -2.81152e-05 0.00924743 -0.0170448 -2.44681e-05 -6.46587e-05 -0.0170448 0.0844131 
0.00935388 -0.0170776 4.83514e-05 -2.31397e-05 -0.0170776 0.0842524 -2.53264e-05 -6.45662e-05 4.83514e-05 -2.53264e-05 0.00923752 -0.0170587 -2.31397e-05 -6.45662e-05 -0.0170587 0.0844699 
0.0101649 -0.0185759 3.20019e-05 -2.12318e-05 -0.0185759 0.0915443 -2.24864e-05 -8.61923e-05 3.20019e-05 -2.24864e-05 0.0100315 -0.0185062 -2.12318e-05 -8.61923e-05 -0.0185062 0.0917163 
0.0101615 -0.0185701 1.70227e-05 4.52524e-06 -0.0185701 0.091504 6.16241e-06 -0.000137154 1.70227e-05 6.16241e-06 0.0100172 -0.0184849 4.52524e-06 -0.000137154 -0.0184849 0.091604 
0.00934508 -0.0171335 1.37499e-05 2.43842e-05 -0.0171335 0.0844184 2.50405e-05 -0.00018529 1.37499e-05 2.50405e-05 0.00925859 -0.0170448 2.43842e-05 -0.00018529 -0.0170448 0.0844744 
0.00934485 -0.0171334 1.99556e-05 2.78884e-05 -0.0171334 0.0845389 2.65323e-05 -0.000214576 1.99556e-05 2.65323e-05 0.00929487 -0.0171014 2.78884e-05 -0.000214576 -0.0171014 0.0846675 
0.00930717 -0.0170855 2.42505e-05 1.86303e-05 -0.0170855 0.0843634 1.83515e-05 -0.00020792 2.42505e-05 1.83515e-05 0.00931176 -0.0171048 1.86303e-05 -0.00020792 -0.0171048 0.0846226 
0.00929269 -0.0170257 3.79289e-05 7.1674e-06 -0.0170257 0.0841541 1.17874e-05 -0.000184528 3.79289e-05 1.17874e-05 0.00929906 -0.0171159 7.1674e-06 -0.000184528 -0.0171159 0.0845812 
0.0101007 -0.0184646 5.54303e-05 -7.75874e-06 -0.0184646 0.0912331 2.72148e-07 -0.000172923 5.54303e-05 2.72148e-07 0.0100715 -0.0185691 -7.75874e-06 -0.000172923 -0.0185691 0.091793 
0.0101148 -0.0184869 5.71508e-05 -2.46541e-05 -0.0184869 0.091233 -1.97238e-05 -0.000130795 5.71508e-05 -1.97238e-05 0.0100571 -0.0185411 -2.46541e-05 -0.000130795 -0.0185411 0.0917342 
0.0101388 -0.0185142 2.96274e-05 -2.25293e-05 -0.0185142 0.0912986 -1.94725e-05 -0.000120104 2.96274e-05 -1.94725e-05 0.0100294 -0.018521 -2.25293e-05 -0.000120104 -0.018521 0.0916747 
0.0101555 -0.0185573 1.00593e-06 1.16231e-05 -0.0185573 0.0914392 1.83899e-05 -0.000178749 1.00593e-06 1.83899e-05 0.0100245 -0.0185036 1.16231e-05 -0.000178749 -0.0185036 0.0916692 
0.00937368 -0.0171671 5.08224e-06 4.47966e-05 -0.0171671 0.084573 5.39626e-05 -0.000252712 5.08224e-06 5.39626e-05 0.00926855 -0.0170821 4.47966e-05 -0.000252712 -0.0170821 0.0846563 
0.00936474 -0.0171493 1.50619e-05 4.31265e-05 -0.0171493 0.0845593 5.35345e-05 -0.000294773 1.50619e-05 5.35345e-05 0.00926989 -0.0170829 4.31265e-05 -0.000294773 -0.0170829 0.0846219 
0.0101521 -0.0185663 3.2214e-05 3.33647e-05 -0.0185663 0.0915661 4.48091e-05 -0.000311154 3.2214e-05 4.48091e-05 0.0100381 -0.0184992 3.33647e-05 -0.000311154 -0.0184992 0.0916324 
0.0101328 -0.0185243 4.91686e-05 1.22095e-05 -0.0185243 0.091316 2.10395e-05 -0.000266515 4.91686e-05 2.10395e-05 0.0100116 -0.0184447 1.22095e-05 -0.000266515 -0.0184447 0.0913614 
0.0101091 -0.018525 7.82363e-05 -1.32534e-05 -0.018525 0.0912803 -3.32835e-06 -0.000203158 7.82363e-05 -3.32835e-06 0.0100251 -0.0184327 -1.32534e-05 -0.000203158 -0.0184327 0.091286 
0.0101288 -0.018553 6.97477e-05 -4.77914e-05 -0.018553 0.0915004 -3.57095e-05 -0.000127082 6.97477e-05 -3.57095e-05 0.0100531 -0.0185116 -4.77914e-05 -0.000127082 -0.0185116 0.0915742 
0.0101155 -0.0185394 5.6178e-05 -3.72132e-05 -0.0185394 0.0914517 -2.58536e-05 -0.000109169 5.6178e-05 -2.58536e-05 0.010061 -0.0185142 -3.72132e-05 -0.000109169 -0.0185142 0.0915949 
0.0101102 -0.0184975 4.0993e-05 -1.37913e-05 -0.0184975 0.0912923 -7.05504e-06 -0.000149267 4.0993e-05 -7.05504e-06 0.0100409 -0.0185062 -1.37913e-05 -0.000149267 -0.0185062 0.0915185 
0.01008 -0.0184336 4.9957e-05 9.27789e-06 -0.0184336 0.0909317 1.03854e-05 -0.000202551 4.9957e-05 1.03854e-05 0.00999805 -0.0184292 9.27789e-06 -0.000202551 -0.0184292 0.0911787 
0.0100786 -0.0184258 3.98676e-05 -2.94601e-06 -0.0184258 0.0908422 -8.0195e-06 -0.00019568 3.98676e-05 -8.0195e-06 0.00996675 -0.0183922 -2.94601e-06 -0.00019568 -0.0183922 0.09103 
0.0100843 -0.0184699 4.32404e-05 8.17738e-06 -0.0184699 0.0910128 -2.15464e-06 -0.000193018 4.32404e-05 -2.15464e-06 0.00997789 -0.0183894 8.17738e-06 -0.000193018 -0.0183894 0.0910862 
0.0100762 -0.0184858 5.13141e-05 4.40484e-06 -0.0184858 0.0911446 -3.68712e-06 -0.000191584 5.13141e-05 -3.68712e-06 0.0100143 -0.0184108 4.40484e-06 -0.000191584 -0.0184108 0.0911718 
0.010079 -0.0185119 3.91594e-05 -6.86723e-06 -0.0185119 0.0913669 -1.13365e-05 -0.000175736 3.91594e-05 -1.13365e-05 0.0100696 -0.0184948 -6.86723e-06 -0.000175736 -0.0184948 0.091477 
0.010098 -0.0185333 4.38943e-05 6.22331e-06 -0.0185333 0.0915617 4.25133e-06 -0.000189406 4.38943e-05 4.25133e-06 0.0101093 -0.0185798 6.22331e-06 -0.000189406 -0.0185798 0.0918146 
0.00933567 -0.0170664 3.48119e-05 4.16798e-06 -0.0170664 0.0843343 6.23651e-07 -0.000183536 3.48119e-05 6.23651e-07 0.00930132 -0.0171399 4.16798e-06 -0.000183536 -0.0171399 0.0846818 
0.0093594 -0.0171069 1.23879e-05 1.39249e-05 -0.0171069 0.0844013 6.88975e-06 -0.000198935 1.23879e-05 6.88975e-06 0.00929242 -0.0171313 1.39249e-05 -0.000198935 -0.0171313 0.0847236 
0.00940301 -0.0171737 3.05266e-06 3.83998e-05 -0.0171737 0.0846632 3.1804e-05 -0.000242218 3.05266e-06 3.1804e-05 0.00929662 -0.0171533 3.83998e-05 -0.000242218 -0.0171533 0.0848855 
0.00942306 -0.0172001 -4.31062e-06 5.24171e-05 -0.0172001 0.084737 4.64595e-05 -0.000289895 -4.31062e-06 4.64595e-05 0.00928506 -0.017137 5.24171e-05 -0.000289895 -0.017137 0.0848604 
0.00941306 -0.0172508 5.83481e-07 6.17522e-05 -0.0172508 0.0849284 5.52624e-05 -0.000322354 5.83481e-07 5.52624e-05 0.00932799 -0.0171435 6.17522e-05 -0.000322354 -0.0171435 0.084938 
0.00938761 -0.0171971 1.58428e-05 5.3238e-05 -0.0171971 0.0847901 4.85646e-05 -0.000320026 1.58428e-05 4.85646e-05 0.00934647 -0.0171545 5.3238e-05 -0.000320026 -0.0171545 0.0848526 
0.00937986 -0.0171665 3.56464e-05 3.45068e-05 -0.0171665 0.0846951 3.29702e-05 -0.000292416 3.56464e-05 3.29702e-05 0.00935373 -0.0172014 3.45068e-05 -0.000292416 -0.0172014 0.084951 
0.00939107 -0.0171476 6.51529e-05 8.43618e-06 -0.0171476 0.084598 9.62325e-06 -0.000241794 6.51529e-05 9.62325e-06 0.00932771 -0.0172106 8.43618e-06 -0.000241794 -0.0172106 0.0849989 
0.0094242 -0.0171986 8.02244e-05 -2.79357e-05 -0.0171986 0.0847592 -2.26496e-05 -0.000169009 8.02244e-05 -2.26496e-05 0.00931803 -0.0172148 -2.79357e-05 -0.000169009 -0.0172148 0.0851429 
0.00942936 -0.0172124 8.58035e-05 -4.93444e-05 -0.0172124 0.0847459 -3.93602e-05 -0.000106983 8.58035e-05 -3.93602e-05 0.0092977 -0.0171522 -4.93444e-05 -0.000106983 -0.0171522 0.0849582 
0.00942103 -0.0172269 8.13381e-05 -6.43721e-05 -0.0172269 0.0847896 -5.07199e-05 -5.66189e-05 8.13381e-05 -5.07199e-05 0.00930374 -0.0171323 -6.43721e-05 -5.66189e-05 -0.0171323 0.0848626 
0.00945996 -0.0172923 7.78147e-05 -5.38644e-05 -0.0172923 0.0851513 -4.2984e-05 -5.64604e-05 7.78147e-05 -4.2984e-05 0.00932823 -0.0172043 -5.38644e-05 -5.64604e-05 -0.0172043 0.0851671 
0.00945063 -0.0172411 6.2973e-05 -4.28318e-05 -0.0172411 0.0848927 -3.55917e-05 -8.05365e-05 6.2973e-05 -3.55917e-05 0.00927091 -0.017128 -4.28318e-05 -8.05365e-05 -0.017128 0.0848421 
0.00943037 -0.0172194 5.4999e-05 -2.23578e-05 -0.0172194 0.0847157 -1.71933e-05 -0.000122404 5.4999e-05 -1.71933e-05 0.00924362 -0.0170523 -2.23578e-05 -0.000122404 -0.0170523 0.0845526 
0.0101922 -0.0186292 5.099e-05 -1.54992e-05 -0.0186292 0.0916477 -1.23253e-05 -0.000162607 5.099e-05 -1.23253e-05 0.0100089 -0.0184303 -1.54992e-05 -0.000162607 -0.0184303 0.0913716 
0.0101767 -0.018565 2.84631e-05 -3.91535e-06 -0.018565 0.0913746 -4.34495e-06 -0.000186112 2.84631e-05 -4.34495e-06 0.00996471 -0.0183991 -3.91535e-06 -0.000186112 -0.0183991 0.091128 
0.0101718 -0.0186007 2.00668e-05 2.71446e-05 -0.0186007 0.0914884 2.34959e-05 -0.000243053 2.00668e-05 2.34959e-05 0.00997364 -0.0184085 2.71446e-05 -0.000243053 -0.0184085 0.0912387 
0.0101508 -0.0185887 2.23029e-05 3.9669e-05 -0.0185887 0.0915018 3.43947e-05 -0.000289043 2.23029e-05 3.43947e-05 0.00998412 -0.0184117 3.9669e-05 -0.000289043 -0.0184117 0.0912628 
0.0101285 -0.018584 4.04419e-05 3.70541e-05 -0.018584 0.0915591 3.03156e-05 -0.000299519 4.04419e-05 3.03156e-05 0.0100164 -0.0184331 3.70541e-05 -0.000299519 -0.0184331 0.0913555 
0.0100899 -0.0185074 6.11612e-05 1.01841e-05 -0.0185074 0.0913062 4.41717e-06 -0.00025356 6.11612e-05 4.41717e-06 0.0100168 -0.0184267 1.01841e-05 -0.00025356 -0.0184267 0.0912329 
0.0100969 -0.0185292 7.06393e-05 -1.79766e-05 -0.0185292 0.0914744 -2.19088e-05 -0.000185881 7.06393e-05 -2.19088e-05 0.0100621 -0.0185079 -1.79766e-05 -0.000185881 -0.0185079 0.091567 
0.00932309 -0.0170793 7.02417e-05 -2.99283e-05 -0.0170793 0.0843728 -2.97534e-05 -0.000124847 7.02417e-05 -2.97534e-05 0.00928868 -0.017108 -2.99283e-05 -0.000124847 -0.017108 0.0845983 
0.00934914 -0.0171031 6.14595e-05 -3.8776e-05 -0.0171031 0.0844532 -3.41416e-05 -9.81108e-05 6.14595e-05 -3.41416e-05 0.00929551 -0.01713 -3.8776e-05 -9.81108e-05 -0.01713 0.0847348 
0.00938444 -0.0171448 4.98456e-05 -2.4688e-05 -0.0171448 0.0845877 -1.84842e-05 -0.000116494 4.98456e-05 -1.84842e-05 0.00928193 -0.0171394 -2.4688e-05 -0.000116494 -0.0171394 0.0848234 
0.00938719 -0.0171549 4.73731e-05 -9.71766e-06 -0.0171549 0.0845523 -2.22261e-06 -0.000153973 4.73731e-05 -2.22261e-06 0.00925803 -0.0170838 -9.71766e-06 -0.000153973 -0.0170838 0.0846505 
0.00940403 -0.0171911 4.80865e-05 -4.61415e-06 -0.0171911 0.0846879 2.69059e-06 -0.000180342 4.80865e-05 2.69059e-06 0.00926174 -0.0170711 -4.61415e-06 -0.000180342 -0.0170711 0.0846258 
0.00942552 -0.0172327 2.66301e-05 -3.57223e-06 -0.0172327 0.0848751 2.1905e-07 -0.000188852 2.66301e-05 2.1905e-07 0.00928114 -0.0170912 -3.57223e-06 -0.000188852 -0.0170912 0.0847083 
0.00942442 -0.0172236 9.88254e-06 2.63094e-05 -0.0172236 0.0848202 2.29651e-05 -0.000231825 9.88254e-06 2.29651e-05 0.00928136 -0.0170779 2.63094e-05 -0.000231825 -0.0170779 0.0846065 
0.00942314 -0.0172139 8.72875e-06 4.9024e-05 -0.0172139 0.0847437 4.62842e-05 -0.00029353 8.72875e-06 4.62842e-05 0.00928793 -0.0170704 4.9024e-05 -0.00029353 -0.0170704 0.0845169 
0.0094383 -0.0172813 1.84558e-05 4.99246e-05 -0.0172813 0.0850527 5.08326e-05 -0.000327215 1.84558e-05 5.08326e-05 0.00934086 -0.0171612 4.99246e-05 -0.000327215 -0.0171612 0.0848764 
0.0094632 -0.0173167 3.84325e-05 3.94868e-05 -0.0173167 0.0853087 4.11149e-05 -0.00032491 3.84325e-05 4.11149e-05 0.00937716 -0.0172524 3.94868e-05 -0.00032491 -0.0172524 0.0852568 
0.00942755 -0.0172925 4.68062e-05 1.5998e-05 -0.0172925 0.0852094 1.63741e-05 -0.000284293 4.68062e-05 1.63741e-05 0.00940176 -0.0172534 1.5998e-05 -0.000284293 -0.0172534 0.0852735 
0.00938463 -0.0172348 5.06933e-05 5.48789e-06 -0.0172348 0.0850351 6.02304e-06 -0.000248654 5.06933e-05 6.02304e-06 0.00941788 -0.0172715 5.48789e-06 -0.000248654 -0.0172715 0.085262 
0.00936316 -0.0171587 5.32823e-05 -1.7057e-06 -0.0171587 0.0847567 -8.01442e-08 -0.000223754 5.32823e-05 -8.01442e-08 0.00940511 -0.0172648 -1.7057e-06 -0.000223754 -0.0172648 0.0851633 
0.00937758 -0.0171523 5.58523e-05 -4.9795e-06 -0.0171523 0.0847022 -4.14413e-06 -0.000210625 5.58523e-05 -4.14413e-06 0.00939366 -0.0172791 -4.9795e-06 -0.000210625 -0.0172791 0.0852261 
0.00936982 -0.0171446 6.31223e-05 -6.48293e-06 -0.0171446 0.0845768 -5.22594e-06 -0.000205264 6.31223e-05 -5.22594e-06 0.0093745 -0.0172289 -6.48293e-06 -0.000205264 -0.0172289 0.0850577 
0.00939261 -0.0171883 7.26404e-05 -1.77198e-05 -0.0171883 0.0847643 -1.29165e-05 -0.000189595 7.26404e-05 -1.29165e-05 0.00937658 -0.0172514 -1.77198e-05 -0.000189595 -0.0172514 0.0851744 
0.00939112 -0.0171957 7.8009e-05 -3.31416e-05 -0.0171957 0.0847845 -2.4344e-05 -0.000158636 7.8009e-05 -2.4344e-05 0.0093625 -0.0172291 -3.31416e-05 -0.000158636 -0.0172291 0.0851152 
0.00939021 -0.0171825 8.64116e-05 -3.9303e-05 -0.0171825 0.084732 -3.13302e-05 -0.000134481 8.64116e-05 -3.13302e-05 0.00933977 -0.0171964 -3.9303e-05 -0.000134481 -0.0171964 0.0849901 
0.0094148 -0.0172481 7.6159e-05 -4.20324e-05 -0.0172481 0.0850252 -4.12186e-05 -0.00012191 7.6159e-05 -4.12186e-05 0.00936391 -0.0172281 -4.20324e-05 -0.00012191 -0.0172281 0.0851946 
0.00944165 -0.0172996 7.07346e-05 -2.70871e-05 -0.0172996 0.0853038 -2.99889e-05 -0.000138658 7.07346e-05 -2.99889e-05 0.00939003 -0.0172687 -2.70871e-05 -0.000138658 -0.0172687 0.0854021 
0.00944993 -0.0173093 6.85794e-05 -2.42243e-05 -0.0173093 0.0853739 -2.47631e-05 -0.000151883 6.85794e-05 -2.47631e-05 0.0094125 -0.0172839 -2.42243e-05 -0.000151883 -0.0172839 0.085464 
0.00947961 -0.0173454 6.50075e-05 -2.29763e-05 -0.0173454 0.0855542 -1.79836e-05 -0.000164101 6.50075e-05 -1.79836e-05 0.00943971 -0.0173418 -2.29763e-05 -0.000164101 -0.0173418 0.0856832 
0.00950582 -0.0173858 5.45545e-05 -1.72224e-05 -0.0173858 0.0857176 -8.08015e-06 -0.000184966 5.45545e-05 -8.08015e-06 0.00946254 -0.0173838 -1.72224e-05 -0.000184966 -0.0173838 0.0858751 
0.00949555 -0.0173803 5.38493e-05 -2.80549e-06 -0.0173803 0.0856489 5.30623e-06 -0.000217592 5.38493e-05 5.30623e-06 0.00945987 -0.0173661 -2.80549e-06 -0.000217592 -0.0173661 0.085788 
0.00944837 -0.0173491 4.41963e-05 7.43978e-06 -0.0173491 0.0855077 9.46609e-06 -0.000251188 4.41963e-05 9.46609e-06 0.00947803 -0.0173481 7.43978e-06 -0.000251188 -0.0173481 0.085662 
0.00943211 -0.0173249 4.6449e-05 2.28412e-05 -0.0173249 0.0855298 1.83354e-05 -0.000284293 4.6449e-05 1.83354e-05 0.00951005 -0.0174152 2.28412e-05 -0.000284293 -0.0174152 0.0858447 
0.00945678 -0.017344 4.28658e-05 1.78778e-05 -0.017344 0.0857094 1.46725e-05 -0.000291187 4.28658e-05 1.46725e-05 0.00954339 -0.0175078 1.78778e-05 -0.000291187 -0.0175078 0.0862412 
0.0094681 -0.0173181 3.31622e-05 1.42742e-05 -0.0173181 0.0855791 1.44754e-05 -0.000280184 3.31622e-05 1.44754e-05 0.00952487 -0.0175011 1.42742e-05 -0.000280184 -0.0175011 0.0862426 
0.00949307 -0.017295 1.53592e-05 2.75401e-05 -0.017295 0.0853702 2.70892e-05 -0.000295189 1.53592e-05 2.70892e-05 0.00948494 -0.0174441 2.75401e-05 -0.000295189 -0.0174441 0.0860279 
