0.00704495 0 -3.58154e-05 0 0 0.00993796 0 0 -3.58154e-05 0 0.00701505 0 0 0 0 0.00993796 
0.0096223 -0.0119446 -1.56366e-05 1.79178e-05 -0.0119446 0.031686 1.79178e-05 -3.4357e-05 -1.56366e-05 1.79178e-05 0.00956607 -0.0118732 1.79178e-05 -3.4357e-05 -0.0118732 0.0315493 
0.00994089 -0.0185252 -2.6661e-05 -6.98483e-05 -0.0185252 0.0682474 -6.98483e-05 0.000246325 -2.6661e-05 -6.98483e-05 0.00985446 -0.0183522 -6.98483e-05 0.000246325 -0.0183522 0.0676781 
0.00938954 -0.0182492 -4.85641e-05 -0.000128242 -0.0182492 0.0818175 -0.000121813 0.000820332 -4.85641e-05 -0.000121813 0.00937877 -0.0180498 -0.000128242 0.000820332 -0.0180498 0.0809722 
0.00903746 -0.017037 -7.44721e-05 -7.58051e-05 -0.017037 0.0823736 -7.06441e-05 0.000928347 -7.44721e-05 -7.06441e-05 0.00910271 -0.0169429 -7.58051e-05 0.000928347 -0.0169429 0.0816627 
0.0097032 -0.017948 -7.77092e-05 3.24846e-06 -0.017948 0.0884706 1.87925e-06 0.000694356 -7.77092e-05 1.87925e-06 0.00981834 -0.0179798 3.24846e-06 0.000694356 -0.0179798 0.0881031 
0.00942321 -0.0172859 -5.11967e-05 2.58874e-05 -0.0172859 0.0854681 2.31467e-05 0.000398042 -5.11967e-05 2.31467e-05 0.00950905 -0.0173838 2.58874e-05 0.000398042 -0.0173838 0.0854243 
0.0100424 -0.0184224 -7.82863e-05 -3.46298e-06 -0.0184224 0.09102 -9.4454e-06 0.000337165 -7.82863e-05 -9.4454e-06 0.0101582 -0.0185017 -3.46298e-06 0.000337165 -0.0185017 0.0910807 
0.00985682 -0.0180732 -9.86177e-05 1.11901e-05 -0.0180732 0.089292 -8.52115e-07 0.000307612 -9.86177e-05 -8.52115e-07 0.00996573 -0.0181711 1.11901e-05 0.000307612 -0.0181711 0.0893972 
0.00973769 -0.0178302 -8.7529e-05 3.16142e-05 -0.0178302 0.0880435 1.56636e-05 0.000271859 -8.7529e-05 1.56636e-05 0.00980054 -0.0179138 3.16142e-05 0.000271859 -0.0179138 0.0881411 
0.00965557 -0.0177051 -9.10668e-05 1.66322e-05 -0.0177051 0.0873286 6.52203e-07 0.000284854 -9.10668e-05 6.52203e-07 0.00971681 -0.0177309 1.66322e-05 0.000284854 -0.0177309 0.087322 
0.00963484 -0.0176059 -9.35834e-05 2.38462e-05 -0.0176059 0.0868387 1.05506e-05 0.000281524 -9.35834e-05 1.05506e-05 0.00963379 -0.0176264 2.38462e-05 0.000281524 -0.0176264 0.0867648 
0.00965699 -0.0176726 -8.67534e-05 3.11212e-05 -0.0176726 0.087014 1.85973e-05 0.000262341 -8.67534e-05 1.85973e-05 0.00963142 -0.0176194 3.11212e-05 0.000262341 -0.0176194 0.0868084 
0.00969881 -0.0177431 -8.98651e-05 2.55126e-05 -0.0177431 0.0873314 1.34715e-05 0.000257205 -8.98651e-05 1.34715e-05 0.00962761 -0.0176473 2.55126e-05 0.000257205 -0.0176473 0.0869751 
0.00966923 -0.0177482 -8.94766e-05 2.68292e-05 -0.0177482 0.0873088 1.96816e-05 0.00024982 -8.94766e-05 1.96816e-05 0.00961998 -0.0175864 2.68292e-05 0.00024982 -0.0175864 0.0867792 
0.00965731 -0.0177402 -8.1815e-05 2.92317e-05 -0.0177402 0.0873751 2.55451e-05 0.000231067 -8.1815e-05 2.55451e-05 0.00962627 -0.0176003 2.92317e-05 0.000231067 -0.0176003 0.0867928 
0.00966292 -0.0177053 -6.17477e-05 1.49655e-05 -0.0177053 0.0872804 1.5536e-05 0.000244976 -6.17477e-05 1.5536e-05 0.00960412 -0.0175936 1.49655e-05 0.000244976 -0.0175936 0.0867427 
0.00971128 -0.0177485 -5.77018e-05 -1.23324e-05 -0.0177485 0.0874278 -7.65819e-06 0.000291974 -5.77018e-05 -7.65819e-06 0.00959824 -0.0176035 -1.23324e-05 0.000291974 -0.0176035 0.0868606 
0.00971036 -0.0177667 -3.87064e-05 -2.18227e-05 -0.0177667 0.0873832 -1.17694e-05 0.000325215 -3.87064e-05 -1.17694e-05 0.00958068 -0.0175457 -2.18227e-05 0.000325215 -0.0175457 0.0866615 
0.00964495 -0.0177238 -3.9628e-05 -4.10697e-05 -0.0177238 0.0871446 -2.83206e-05 0.000355984 -3.9628e-05 -2.83206e-05 0.00958361 -0.0174701 -4.10697e-05 0.000355984 -0.0174701 0.0862845 
0.00960262 -0.0176705 -5.03141e-05 -3.8193e-05 -0.0176705 0.0870461 -2.99898e-05 0.000371122 -5.03141e-05 -2.99898e-05 0.00959859 -0.0175103 -3.8193e-05 0.000371122 -0.0175103 0.0862921 
0.00958497 -0.0176246 -3.794e-05 -2.58266e-05 -0.0176246 0.0869428 -2.04746e-05 0.000359021 -3.794e-05 -2.04746e-05 0.00960167 -0.0175423 -2.58266e-05 0.000359021 -0.0175423 0.0863897 
0.00956634 -0.0175887 -4.07688e-05 -3.93266e-05 -0.0175887 0.0868028 -3.42422e-05 0.000370595 -4.07688e-05 -3.42422e-05 0.00961161 -0.0175407 -3.93266e-05 0.000370595 -0.0175407 0.0863973 
0.00954279 -0.0175657 -2.95112e-05 -3.96474e-05 -0.0175657 0.0867278 -3.27906e-05 0.000383328 -2.95112e-05 -3.27906e-05 0.0096378 -0.0175695 -3.96474e-05 0.000383328 -0.0175695 0.086479 
0.00956201 -0.0175683 -2.95761e-05 -5.26823e-05 -0.0175683 0.0868203 -4.34317e-05 0.000400539 -2.95761e-05 -4.34317e-05 0.00967707 -0.0176487 -5.26823e-05 0.000400539 -0.0176487 0.0867813 
0.00957657 -0.0175643 -4.46648e-05 -5.39085e-05 -0.0175643 0.086784 -4.52308e-05 0.000416096 -4.46648e-05 -4.52308e-05 0.00968539 -0.0176885 -5.39085e-05 0.000416096 -0.0176885 0.0869326 
0.00958313 -0.0175367 -3.5118e-05 -3.97098e-05 -0.0175367 0.0865857 -3.38025e-05 0.000406651 -3.5118e-05 -3.38025e-05 0.00964505 -0.0176636 -3.97098e-05 0.000406651 -0.0176636 0.0868294 
0.00959441 -0.0175507 -4.01239e-05 -4.44027e-05 -0.0175507 0.086542 -4.20212e-05 0.000404062 -4.01239e-05 -4.20212e-05 0.00960869 -0.0176216 -4.44027e-05 0.000404062 -0.0176216 0.0867317 
0.00961533 -0.0175782 -4.39087e-05 -3.64587e-05 -0.0175782 0.0865953 -3.71608e-05 0.000398133 -4.39087e-05 -3.71608e-05 0.0095778 -0.0175747 -3.64587e-05 0.000398133 -0.0175747 0.0866187 
0.00966812 -0.0176521 -4.65665e-05 -2.86488e-05 -0.0176521 0.0868742 -3.18422e-05 0.000381917 -4.65665e-05 -3.18422e-05 0.009552 -0.017564 -2.86488e-05 0.000381917 -0.017564 0.0866664 
0.00968193 -0.0177323 -5.93479e-05 -2.51101e-05 -0.0177323 0.0871587 -2.78773e-05 0.000368818 -5.93479e-05 -2.78773e-05 0.00956933 -0.0175326 -2.51101e-05 0.000368818 -0.0175326 0.0866606 
0.00965949 -0.0177273 -4.27198e-05 -1.41179e-05 -0.0177273 0.0871853 -1.33629e-05 0.000348765 -4.27198e-05 -1.33629e-05 0.00958222 -0.0175098 -1.41179e-05 0.000348765 -0.0175098 0.0864989 
0.00963141 -0.0176559 -1.26208e-05 -3.50077e-05 -0.0176559 0.0869343 -3.37671e-05 0.000369349 -1.26208e-05 -3.37671e-05 0.00956166 -0.017484 -3.50077e-05 0.000369349 -0.017484 0.0862583 
0.00961572 -0.0176401 -1.70881e-05 -7.18071e-05 -0.0176401 0.086868 -7.08949e-05 0.000442356 -1.70881e-05 -7.08949e-05 0.00955943 -0.0174933 -7.18071e-05 0.000442356 -0.0174933 0.086267 
0.00960503 -0.0176136 -1.82286e-05 -6.78925e-05 -0.0176136 0.0867926 -6.71537e-05 0.000473237 -1.82286e-05 -6.71537e-05 0.0095535 -0.0175035 -6.78925e-05 0.000473237 -0.0175035 0.0863061 
0.00957899 -0.0175584 -1.09953e-05 -6.5901e-05 -0.0175584 0.0865555 -6.36822e-05 0.000471432 -1.09953e-05 -6.36822e-05 0.00954017 -0.0174785 -6.5901e-05 0.000471432 -0.0174785 0.0862006 
0.00955609 -0.0175429 -1.00503e-05 -7.572e-05 -0.0175429 0.0864904 -7.138e-05 0.000482891 -1.00503e-05 -7.138e-05 0.00956345 -0.0174879 -7.572e-05 0.000482891 -0.0174879 0.0862436 
0.00953386 -0.0175093 -1.49041e-05 -7.70595e-05 -0.0175093 0.0864053 -6.48077e-05 0.000480008 -1.49041e-05 -6.48077e-05 0.00958401 -0.0175221 -7.70595e-05 0.000480008 -0.0175221 0.0863275 
0.00952198 -0.0174303 -3.46586e-05 -6.96459e-05 -0.0174303 0.0860686 -5.41798e-05 0.000457596 -3.46586e-05 -5.41798e-05 0.00955499 -0.0174988 -6.96459e-05 0.000457596 -0.0174988 0.0861642 
0.00953899 -0.0175059 -4.43277e-05 -4.8482e-05 -0.0175059 0.0863309 -3.47462e-05 0.000421589 -4.43277e-05 -3.47462e-05 0.00958493 -0.0175462 -4.8482e-05 0.000421589 -0.0175462 0.0864455 
0.00961075 -0.0176149 -4.85821e-05 -3.35342e-05 -0.0176149 0.0869108 -2.28252e-05 0.000382753 -4.85821e-05 -2.28252e-05 0.00962237 -0.0176584 -3.35342e-05 0.000382753 -0.0176584 0.0870054 
0.00964145 -0.0176741 -4.60922e-05 -2.73359e-05 -0.0176741 0.0871691 -2.07056e-05 0.000362411 -4.60922e-05 -2.07056e-05 0.00963766 -0.0176716 -2.73359e-05 0.000362411 -0.0176716 0.0871788 
0.0095958 -0.0176151 -4.39663e-05 -2.77782e-05 -0.0176151 0.0868759 -2.08985e-05 0.000351676 -4.39663e-05 -2.08985e-05 0.00963015 -0.0175904 -2.77782e-05 0.000351676 -0.0175904 0.0868017 
0.00959203 -0.0176062 -6.90431e-05 -2.58938e-05 -0.0176062 0.0868964 -2.02102e-05 0.0003423 -6.90431e-05 -2.02102e-05 0.00966887 -0.0176385 -2.58938e-05 0.0003423 -0.0176385 0.0868963 
0.00959146 -0.0175964 -8.78937e-05 3.81363e-06 -0.0175964 0.086874 6.17716e-06 0.000300364 -8.78937e-05 6.17716e-06 0.00969739 -0.0176901 3.81363e-06 0.000300364 -0.0176901 0.0870278 
0.00958993 -0.0175864 -7.38592e-05 2.84879e-05 -0.0175864 0.0868286 2.72039e-05 0.000242785 -7.38592e-05 2.72039e-05 0.00969453 -0.0177287 2.84879e-05 0.000242785 -0.0177287 0.0871435 
0.00958034 -0.0175689 -5.41102e-05 9.67073e-06 -0.0175689 0.0867294 5.82733e-06 0.000254224 -5.41102e-05 5.82733e-06 0.00967793 -0.0177109 9.67073e-06 0.000254224 -0.0177109 0.087109 
0.00956648 -0.0175243 -5.15744e-05 -1.87551e-05 -0.0175243 0.0865126 -2.58834e-05 0.000321877 -5.15744e-05 -2.58834e-05 0.0096434 -0.0176626 -1.87551e-05 0.000321877 -0.0176626 0.0869118 
0.00955747 -0.0175047 -5.05422e-05 -2.27386e-05 -0.0175047 0.0863742 -2.90076e-05 0.00035882 -5.05422e-05 -2.90076e-05 0.00960935 -0.0176155 -2.27386e-05 0.00035882 -0.0176155 0.0867358 
0.00953123 -0.0174922 -4.71124e-05 -1.80745e-05 -0.0174922 0.0862737 -2.53196e-05 0.000355456 -4.71124e-05 -2.53196e-05 0.00960262 -0.0175595 -1.80745e-05 0.000355456 -0.0175595 0.0865321 
0.00951089 -0.0174967 -3.33432e-05 -2.02962e-05 -0.0174967 0.0863465 -2.9331e-05 0.000354237 -3.33432e-05 -2.9331e-05 0.00963489 -0.0175763 -2.02962e-05 0.000354237 -0.0175763 0.0865605 
0.00952731 -0.0174811 -1.81854e-05 -3.64838e-05 -0.0174811 0.0863741 -4.49216e-05 0.000377161 -1.81854e-05 -4.49216e-05 0.0096405 -0.017617 -3.64838e-05 0.000377161 -0.017617 0.0866528 
0.00955033 -0.017521 -2.55415e-05 -5.9757e-05 -0.017521 0.0865151 -6.51681e-05 0.000427105 -2.55415e-05 -6.51681e-05 0.00965737 -0.0176453 -5.9757e-05 0.000427105 -0.0176453 0.0868098 
0.00960491 -0.017582 -2.23865e-05 -5.73804e-05 -0.017582 0.0867759 -5.94539e-05 0.000450608 -2.23865e-05 -5.94539e-05 0.00964509 -0.0176845 -5.73804e-05 0.000450608 -0.0176845 0.0870083 
0.00967692 -0.0177102 -3.82282e-05 -6.35071e-05 -0.0177102 0.0873047 -6.22747e-05 0.000463396 -3.82282e-05 -6.22747e-05 0.00965581 -0.0177344 -6.35071e-05 0.000463396 -0.0177344 0.0873894 
0.00970347 -0.0177428 -6.35005e-05 -4.41148e-05 -0.0177428 0.0874116 -3.69715e-05 0.000430997 -6.35005e-05 -3.69715e-05 0.00964063 -0.0176885 -4.41148e-05 0.000430997 -0.0176885 0.0872965 
0.00971182 -0.0177316 -7.28301e-05 -1.16513e-05 -0.0177316 0.0872987 -1.35553e-06 0.000356139 -7.28301e-05 -1.35553e-06 0.00961045 -0.0176307 -1.16513e-05 0.000356139 -0.0176307 0.0870386 
0.00970766 -0.0177445 -8.55027e-05 2.17852e-06 -0.0177445 0.0872776 9.3411e-06 0.000301931 -8.55027e-05 9.3411e-06 0.00959548 -0.017602 2.17852e-06 0.000301931 -0.017602 0.0869097 
0.00968398 -0.0177238 -9.70138e-05 2.04401e-05 -0.0177238 0.0871645 2.52948e-05 0.00025517 -9.70138e-05 2.52948e-05 0.00958086 -0.0175568 2.04401e-05 0.00025517 -0.0175568 0.0867058 
0.00964636 -0.0176718 -0.000107451 3.34429e-05 -0.0176718 0.0869522 3.56197e-05 0.000222681 -0.000107451 3.56197e-05 0.00956932 -0.0175205 3.34429e-05 0.000222681 -0.0175205 0.0864908 
0.00958975 -0.0176222 -9.29334e-05 4.24428e-05 -0.0176222 0.0867707 4.71481e-05 0.000198128 -9.29334e-05 4.71481e-05 0.0095881 -0.0175123 4.24428e-05 0.000198128 -0.0175123 0.0863918 
0.00954372 -0.0175374 -6.61572e-05 2.23323e-05 -0.0175374 0.0865045 3.05514e-05 0.000217118 -6.61572e-05 3.05514e-05 0.0095812 -0.0175216 2.23323e-05 0.000217118 -0.0175216 0.086314 
0.00951688 -0.0174547 -3.72646e-05 -1.05016e-05 -0.0174547 0.0861845 -3.05856e-06 0.000281102 -3.72646e-05 -3.05856e-06 0.00955165 -0.0175059 -1.05016e-05 0.000281102 -0.0175059 0.0862124 
0.00949843 -0.0174142 -1.71803e-05 -4.33318e-05 -0.0174142 0.08598 -4.03426e-05 0.000364171 -1.71803e-05 -4.03426e-05 0.00954277 -0.0174849 -4.33318e-05 0.000364171 -0.0174849 0.0861548 
0.00948253 -0.0174101 -1.4616e-05 -6.23322e-05 -0.0174101 0.085955 -6.2914e-05 0.000426215 -1.4616e-05 -6.2914e-05 0.00956115 -0.0174958 -6.23322e-05 0.000426215 -0.0174958 0.0862128 
0.00947481 -0.0173974 -4.62903e-05 -6.16804e-05 -0.0173974 0.0859543 -6.09244e-05 0.000439118 -4.62903e-05 -6.09244e-05 0.00958223 -0.0175307 -6.16804e-05 0.000439118 -0.0175307 0.0863283 
0.00949022 -0.0174144 -7.85555e-05 -2.13547e-05 -0.0174144 0.0860555 -1.6113e-05 0.000369217 -7.85555e-05 -1.6113e-05 0.00959924 -0.0175703 -2.13547e-05 0.000369217 -0.0175703 0.0865034 
0.00949439 -0.0173718 -9.19671e-05 2.53697e-05 -0.0173718 0.0858192 3.22545e-05 0.000246558 -9.19671e-05 3.22545e-05 0.00954421 -0.0175168 2.53697e-05 0.000246558 -0.0175168 0.0862578 
0.00953633 -0.0174054 -8.35829e-05 3.88379e-05 -0.0174054 0.0858657 4.4848e-05 0.000177286 -8.35829e-05 4.4848e-05 0.00949996 -0.0174816 3.88379e-05 0.000177286 -0.0174816 0.0861903 
0.00954291 -0.0174597 -6.60039e-05 2.55288e-05 -0.0174597 0.0859758 2.89465e-05 0.000183431 -6.60039e-05 2.89465e-05 0.0094765 -0.0174224 2.55288e-05 0.000183431 -0.0174224 0.0860527 
0.0095258 -0.0174785 -6.45023e-05 4.22892e-06 -0.0174785 0.0860785 6.03337e-06 0.000227646 -6.45023e-05 6.03337e-06 0.00948018 -0.0173933 4.22892e-06 0.000227646 -0.0173933 0.0859545 
0.00950299 -0.0174237 -4.83361e-05 1.79979e-06 -0.0174237 0.0859211 4.3447e-07 0.000257873 -4.83361e-05 4.3447e-07 0.00946123 -0.0173676 1.79979e-06 0.000257873 -0.0173676 0.0857754 
0.00944763 -0.0173327 -4.38341e-05 -1.5682e-05 -0.0173327 0.0854961 -1.85924e-05 0.000290413 -4.38341e-05 -1.85924e-05 0.00943296 -0.0172865 -1.5682e-05 0.000290413 -0.0172865 0.0853798 
0.00943578 -0.0172813 -4.84445e-05 -2.0424e-05 -0.0172813 0.0852944 -2.29616e-05 0.000311034 -4.84445e-05 -2.29616e-05 0.00940952 -0.0172807 -2.0424e-05 0.000311034 -0.0172807 0.0852753 
0.00941062 -0.0173018 -5.75686e-05 -7.23765e-06 -0.0173018 0.085349 -1.05254e-05 0.000289086 -5.75686e-05 -1.05254e-05 0.0094396 -0.0172854 -7.23765e-06 0.000289086 -0.0172854 0.0853524 
0.00939381 -0.0172445 -4.52252e-05 7.42412e-06 -0.0172445 0.0851859 4.12747e-06 0.00024741 -4.52252e-05 4.12747e-06 0.00941639 -0.0172807 7.42412e-06 0.00024741 -0.0172807 0.0852492 
0.00939543 -0.0172259 -3.58503e-05 -5.61377e-06 -0.0172259 0.0850792 -9.2758e-06 0.000245725 -3.58503e-05 -9.2758e-06 0.00939027 -0.0172486 -5.61377e-06 0.000245725 -0.0172486 0.0851494 
0.00941062 -0.0172449 -1.96233e-05 -1.98838e-05 -0.0172449 0.0851065 -2.76064e-05 0.00028139 -1.96233e-05 -2.76064e-05 0.00936776 -0.0172159 -1.98838e-05 0.00028139 -0.0172159 0.0850626 
0.00940841 -0.0172491 -2.62539e-05 -4.32708e-05 -0.0172491 0.0850709 -5.45418e-05 0.000341963 -2.62539e-05 -5.45418e-05 0.00933465 -0.0171665 -4.32708e-05 0.000341963 -0.0171665 0.0848788 
0.0093919 -0.0172385 -3.63025e-05 -3.68684e-05 -0.0172385 0.0850031 -4.61777e-05 0.000358037 -3.63025e-05 -4.61777e-05 0.00930487 -0.0171084 -3.68684e-05 0.000358037 -0.0171084 0.084657 
0.00937617 -0.017185 -4.92776e-05 -2.71227e-05 -0.017185 0.0847837 -3.03939e-05 0.000338472 -4.92776e-05 -3.03939e-05 0.00927199 -0.0170493 -2.71227e-05 0.000338472 -0.0170493 0.0843808 
0.00935644 -0.0171581 -5.02759e-05 -4.26496e-06 -0.0171581 0.084645 -4.16769e-06 0.000279585 -5.02759e-05 -4.16769e-06 0.0092723 -0.017033 -4.26496e-06 0.000279585 -0.017033 0.0842851 
0.00935987 -0.0171829 -5.35063e-05 3.90245e-06 -0.0171829 0.0847858 -1.42671e-06 0.000239334 -5.35063e-05 -1.42671e-06 0.00930944 -0.017084 3.90245e-06 0.000239334 -0.017084 0.084491 
0.00934383 -0.0171718 -6.73228e-05 8.48688e-06 -0.0171718 0.0847746 3.15695e-06 0.000217164 -6.73228e-05 3.15695e-06 0.00934386 -0.0171124 8.48688e-06 0.000217164 -0.0171124 0.0845728 
0.0093422 -0.0171507 -5.8014e-05 1.95989e-05 -0.0171507 0.0847384 1.95675e-05 0.000191281 -5.8014e-05 1.95675e-05 0.0093647 -0.0171613 1.95989e-05 0.000191281 -0.0171613 0.0846962 
0.00936465 -0.0171785 -3.54606e-05 4.9802e-07 -0.0171785 0.0848695 6.04959e-06 0.000209427 -3.54606e-05 6.04959e-06 0.00937814 -0.0172222 4.9802e-07 0.000209427 -0.0172222 0.0849556 
0.00935014 -0.0171806 -3.21772e-05 -2.78203e-05 -0.0171806 0.0848412 -1.9962e-05 0.000263601 -3.21772e-05 -1.9962e-05 0.0093945 -0.017205 -2.78203e-05 0.000263601 -0.017205 0.0849329 
0.00936233 -0.0172182 -3.67195e-05 -3.30028e-05 -0.0172182 0.0850594 -2.88104e-05 0.000305045 -3.67195e-05 -2.88104e-05 0.00943445 -0.017264 -3.30028e-05 0.000305045 -0.017264 0.0851561 
0.00940259 -0.0172976 -4.07786e-05 -2.36699e-05 -0.0172976 0.0855004 -2.72132e-05 0.000311864 -4.07786e-05 -2.72132e-05 0.00949142 -0.0173791 -2.36699e-05 0.000311864 -0.0173791 0.08566 
0.00945109 -0.0173433 -5.39316e-05 -1.46275e-05 -0.0173433 0.0857661 -2.47938e-05 0.000301372 -5.39316e-05 -2.47938e-05 0.00950367 -0.0174466 -1.46275e-05 0.000301372 -0.0174466 0.0859867 
0.00946865 -0.0174018 -4.28912e-05 1.41353e-06 -0.0174018 0.0859702 -9.77012e-06 0.000273466 -4.28912e-05 -9.77012e-06 0.00951746 -0.0174482 1.41353e-06 0.000273466 -0.0174482 0.0861096 
0.00947411 -0.0173988 -4.58286e-05 -1.21714e-05 -0.0173988 0.0859873 -2.11078e-05 0.000277403 -4.58286e-05 -2.11078e-05 0.00950345 -0.0174389 -1.21714e-05 0.000277403 -0.0174389 0.0860654 
0.00948741 -0.0174109 -6.22126e-05 -1.33526e-05 -0.0174109 0.0860446 -1.65049e-05 0.000285476 -6.22126e-05 -1.65049e-05 0.00950705 -0.0174392 -1.33526e-05 0.000285476 -0.0174392 0.0860995 
0.00948698 -0.0173744 -7.61325e-05 4.01668e-06 -0.0173744 0.0858348 6.63169e-06 0.000253819 -7.61325e-05 6.63169e-06 0.00947505 -0.0173879 4.01668e-06 0.000253819 -0.0173879 0.0858545 
0.00948563 -0.017378 -6.87908e-05 2.09165e-05 -0.017378 0.0857354 2.60727e-05 0.000209028 -6.87908e-05 2.60727e-05 0.00946133 -0.0173324 2.09165e-05 0.000209028 -0.0173324 0.085622 
0.0095126 -0.0174145 -6.24897e-05 1.3779e-05 -0.0174145 0.0858636 1.76403e-05 0.000202146 -6.24897e-05 1.76403e-05 0.00945959 -0.0173438 1.3779e-05 0.000202146 -0.0173438 0.0856347 
0.00954301 -0.0174873 -6.96633e-05 4.55118e-06 -0.0174873 0.0861555 2.27758e-06 0.00023029 -6.96633e-05 2.27758e-06 0.00947989 -0.0173774 4.55118e-06 0.00023029 -0.0173774 0.0858143 
0.00954411 -0.0175167 -9.25875e-05 1.56986e-05 -0.0175167 0.0863018 9.20309e-06 0.000228733 -9.25875e-05 9.20309e-06 0.00949703 -0.0173937 1.56986e-05 0.000228733 -0.0173937 0.0858892 
0.00951103 -0.0174746 -0.000101401 4.86613e-05 -0.0174746 0.0861533 4.11636e-05 0.000168961 -0.000101401 4.11636e-05 0.00949514 -0.0173737 4.86613e-05 0.000168961 -0.0173737 0.0857553 
0.00950384 -0.0174481 -9.66636e-05 5.85796e-05 -0.0174481 0.0860984 5.3882e-05 0.000121174 -9.66636e-05 5.3882e-05 0.00949815 -0.0173964 5.85796e-05 0.000121174 -0.0173964 0.0858033 
0.00953332 -0.0174519 -8.35802e-05 4.78934e-05 -0.0174519 0.0861307 4.52572e-05 0.00012563 -8.35802e-05 4.52572e-05 0.00948553 -0.0174213 4.78934e-05 0.00012563 -0.0174213 0.0859262 
0.00956142 -0.0175127 -5.93482e-05 2.61497e-05 -0.0175127 0.0863272 2.60686e-05 0.000168638 -5.93482e-05 2.60686e-05 0.00949047 -0.0174301 2.61497e-05 0.000168638 -0.0174301 0.0860761 
0.00956843 -0.0175231 -2.87461e-05 -5.5738e-06 -0.0175231 0.0863384 -6.01241e-06 0.000241726 -2.87461e-05 -6.01241e-06 0.00947083 -0.0173931 -5.5738e-06 0.000241726 -0.0173931 0.0859586 
0.00956164 -0.0175508 -3.43982e-05 -4.47958e-05 -0.0175508 0.0864396 -4.5934e-05 0.000338119 -3.43982e-05 -4.5934e-05 0.00948701 -0.017375 -4.47958e-05 0.000338119 -0.017375 0.085916 
0.00954394 -0.0175325 -5.85366e-05 -3.73914e-05 -0.0175325 0.0864215 -3.97947e-05 0.000370379 -5.85366e-05 -3.97947e-05 0.00949869 -0.0173829 -3.73914e-05 0.000370379 -0.0173829 0.0858733 
0.00955492 -0.0175289 -5.39273e-05 -7.07599e-06 -0.0175289 0.0864708 -8.81891e-06 0.00032708 -5.39273e-05 -8.81891e-06 0.00951225 -0.0174218 -7.07599e-06 0.00032708 -0.0174218 0.0859972 
0.00954884 -0.0175476 -3.55486e-05 -9.40839e-06 -0.0175476 0.0865487 -7.48001e-06 0.000296695 -3.55486e-05 -7.48001e-06 0.009537 -0.0174524 -9.40839e-06 0.000296695 -0.0174524 0.0861402 
0.00953388 -0.0175113 -2.47807e-05 -3.65794e-05 -0.0175113 0.0864382 -3.04583e-05 0.000330418 -2.47807e-05 -3.04583e-05 0.00953692 -0.0174576 -3.65794e-05 0.000330418 -0.0174576 0.0861209 
0.00951109 -0.0174493 -2.05595e-05 -5.25236e-05 -0.0174493 0.0861541 -4.40155e-05 0.000374304 -2.05595e-05 -4.40155e-05 0.00951752 -0.0174241 -5.25236e-05 0.000374304 -0.0174241 0.0859398 
0.00951153 -0.0174674 -3.23217e-05 -5.78355e-05 -0.0174674 0.0862201 -5.36655e-05 0.000406746 -3.23217e-05 -5.36655e-05 0.00954284 -0.0174564 -5.78355e-05 0.000406746 -0.0174564 0.0860838 
0.00950134 -0.017411 -4.083e-05 -3.90528e-05 -0.017411 0.0859752 -4.17311e-05 0.00039384 -4.083e-05 -4.17311e-05 0.00951148 -0.0174333 -3.90528e-05 0.00039384 -0.0174333 0.085927 
0.00950276 -0.0174006 -3.78234e-05 -2.58721e-05 -0.0174006 0.0858579 -2.93677e-05 0.000360793 -3.78234e-05 -2.93677e-05 0.00948288 -0.0174035 -2.58721e-05 0.000360793 -0.0174035 0.0858284 
0.009531 -0.0174358 -4.23667e-05 -3.40077e-05 -0.0174358 0.0859628 -3.18841e-05 0.000357302 -4.23667e-05 -3.18841e-05 0.00946176 -0.0173908 -3.40077e-05 0.000357302 -0.0173908 0.085843 
0.00950695 -0.0174473 -4.50608e-05 -2.95602e-05 -0.0174473 0.085938 -2.27473e-05 0.000347619 -4.50608e-05 -2.27473e-05 0.00946202 -0.0173298 -2.95602e-05 0.000347619 -0.0173298 0.0856476 
0.00948197 -0.0174132 -5.44158e-05 -2.25595e-05 -0.0174132 0.085857 -1.44695e-05 0.00032432 -5.44158e-05 -1.44695e-05 0.00946659 -0.0173256 -2.25595e-05 0.00032432 -0.0173256 0.0855386 
0.00944552 -0.0173336 -3.85158e-05 -1.27218e-05 -0.0173336 0.0855407 -2.52588e-06 0.00029675 -3.85158e-05 -2.52588e-06 0.00945125 -0.0173009 -1.27218e-05 0.00029675 -0.0173009 0.0853373 
0.00946782 -0.0173818 -2.19926e-05 -2.74569e-05 -0.0173818 0.0857798 -1.8138e-05 0.000303026 -2.19926e-05 -1.8138e-05 0.00947224 -0.0173735 -2.74569e-05 0.000303026 -0.0173735 0.0856683 
0.00948302 -0.0173925 -3.03737e-05 -4.55638e-05 -0.0173925 0.08585 -4.1471e-05 0.000342428 -3.03737e-05 -4.1471e-05 0.00945303 -0.0173795 -4.55638e-05 0.000342428 -0.0173795 0.0857621 
0.00945839 -0.0173617 -4.2082e-05 -3.68177e-05 -0.0173617 0.0856782 -3.31573e-05 0.000349911 -4.2082e-05 -3.31573e-05 0.00943924 -0.0173104 -3.68177e-05 0.000349911 -0.0173104 0.0855399 
0.00946435 -0.0173616 -4.40294e-05 -2.05787e-05 -0.0173616 0.0857184 -1.71799e-05 0.000318804 -4.40294e-05 -1.71799e-05 0.00944879 -0.0173338 -2.05787e-05 0.000318804 -0.0173338 0.0856009 
0.00948685 -0.0174085 -3.49437e-05 -1.61611e-05 -0.0174085 0.0859415 -1.34944e-05 0.000295865 -3.49437e-05 -1.34944e-05 0.00947454 -0.0173874 -1.61611e-05 0.000295865 -0.0173874 0.0858609 
0.00946446 -0.0173889 -3.92436e-05 -2.98832e-05 -0.0173889 0.0858566 -2.35349e-05 0.000306364 -3.92436e-05 -2.35349e-05 0.00949909 -0.0173725 -2.98832e-05 0.000306364 -0.0173725 0.0858004 
0.00947127 -0.0173469 -5.09632e-05 -2.88202e-05 -0.0173469 0.0857155 -1.80955e-05 0.000312131 -5.09632e-05 -1.80955e-05 0.00950059 -0.0173974 -2.88202e-05 0.000312131 -0.0173974 0.0857829 
0.00944172 -0.0172966 -6.8585e-05 -1.20767e-05 -0.0172966 0.0853837 -4.02825e-06 0.000287364 -6.8585e-05 -4.02825e-06 0.00947405 -0.0173567 -1.20767e-05 0.000287364 -0.0173567 0.0855522 
0.00942844 -0.0172563 -6.61773e-05 1.2392e-05 -0.0172563 0.085158 1.39866e-05 0.000242404 -6.61773e-05 1.39866e-05 0.00943411 -0.0173238 1.2392e-05 0.000242404 -0.0173238 0.0853796 
0.00944009 -0.0172774 -7.23497e-05 9.63411e-06 -0.0172774 0.0852021 8.2006e-06 0.000231128 -7.23497e-05 8.2006e-06 0.00941404 -0.0173065 9.63411e-06 0.000231128 -0.0173065 0.0853772 
0.00942447 -0.0172804 -6.5248e-05 1.76575e-05 -0.0172804 0.0851873 1.60699e-05 0.000219086 -6.5248e-05 1.60699e-05 0.00941321 -0.0172702 1.76575e-05 0.000219086 -0.0172702 0.0852726 
0.00944124 -0.017303 -6.24244e-05 1.14734e-05 -0.017303 0.0853543 9.82649e-06 0.000220519 -6.24244e-05 9.82649e-06 0.00942323 -0.0173094 1.14734e-05 0.000220519 -0.0173094 0.0854248 
0.00944608 -0.0173109 -5.87593e-05 9.36021e-06 -0.0173109 0.085394 5.82013e-06 0.000225885 -5.87593e-05 5.82013e-06 0.00942985 -0.0173101 9.36021e-06 0.000225885 -0.0173101 0.0854638 
0.00947917 -0.0173488 -5.75271e-05 4.56144e-06 -0.0173488 0.0855816 6.75231e-07 0.000236232 -5.75271e-05 6.75231e-07 0.00943624 -0.01735 4.56144e-06 0.000236232 -0.01735 0.0856503 
0.00950906 -0.0173801 -5.00968e-05 -1.53936e-06 -0.0173801 0.0856866 -4.1684e-06 0.000253396 -5.00968e-05 -4.1684e-06 0.00942357 -0.0173487 -1.53936e-06 0.000253396 -0.0173487 0.0857057 
0.00950382 -0.0174334 -5.10843e-05 -1.09933e-05 -0.0174334 0.0858585 -1.42237e-05 0.000277677 -5.10843e-05 -1.42237e-05 0.00944907 -0.0173317 -1.09933e-05 0.000277677 -0.0173317 0.0857181 
0.00945308 -0.0174281 -5.32202e-05 -1.39279e-05 -0.0174281 0.0859192 -1.50307e-05 0.000294735 -5.32202e-05 -1.50307e-05 0.00950847 -0.0173476 -1.39279e-05 0.000294735 -0.0173476 0.0857138 
0.00938824 -0.0173396 -7.14011e-05 -9.86952e-06 -0.0173396 0.0857142 -1.06692e-05 0.000292399 -7.14011e-05 -1.06692e-05 0.00954761 -0.0173944 -9.86952e-06 0.000292399 -0.0173944 0.0857057 
0.0093833 -0.0172494 -7.98064e-05 1.42791e-05 -0.0172494 0.0854482 1.11575e-05 0.000253461 -7.98064e-05 1.11575e-05 0.00951036 -0.0174377 1.42791e-05 0.000253461 -0.0174377 0.0857537 
0.00938001 -0.0171699 -8.61216e-05 2.52294e-05 -0.0171699 0.0849645 2.54298e-05 0.000210001 -8.61216e-05 2.54298e-05 0.00941605 -0.0173208 2.52294e-05 0.000210001 -0.0173208 0.0853449 
0.00940927 -0.0172017 -9.2726e-05 3.44072e-05 -0.0172017 0.0849291 4.26525e-05 0.000166827 -9.2726e-05 4.26525e-05 0.00935457 -0.017235 3.44072e-05 0.000166827 -0.017235 0.0851136 
0.00944648 -0.0172302 -9.64875e-05 4.57887e-05 -0.0172302 0.0849354 5.34441e-05 0.000127774 -9.64875e-05 5.34441e-05 0.00929112 -0.0171492 4.57887e-05 0.000127774 -0.0171492 0.0848385 
0.00944909 -0.0172491 -7.82393e-05 5.46494e-05 -0.0172491 0.0848642 5.55885e-05 0.000100142 -7.82393e-05 5.55885e-05 0.0092558 -0.0170397 5.46494e-05 0.000100142 -0.0170397 0.0844464 
0.00943572 -0.0173134 -5.9933e-05 3.5932e-05 -0.0173134 0.0851223 3.33997e-05 0.000118931 -5.9933e-05 3.33997e-05 0.00930873 -0.0170526 3.5932e-05 0.000118931 -0.0170526 0.0844863 
0.00940541 -0.0172848 -4.00347e-05 6.63973e-06 -0.0172848 0.0851379 5.50076e-06 0.000183699 -4.00347e-05 5.50076e-06 0.00934086 -0.0171054 6.63973e-06 0.000183699 -0.0171054 0.0845532 
0.00943539 -0.0173076 -5.3573e-05 -2.1056e-05 -0.0173076 0.0853842 -2.24272e-05 0.000260046 -5.3573e-05 -2.24272e-05 0.00937773 -0.0172227 -2.1056e-05 0.000260046 -0.0172227 0.0850185 
0.00939951 -0.0172763 -7.82712e-05 -6.32197e-06 -0.0172763 0.0852286 -9.73174e-06 0.000273653 -7.82712e-05 -9.73174e-06 0.00938783 -0.0172066 -6.32197e-06 0.000273653 -0.0172066 0.0849917 
0.00941569 -0.0172857 -7.09176e-05 3.23556e-05 -0.0172857 0.0853674 2.87643e-05 0.000203186 -7.09176e-05 2.87643e-05 0.00941186 -0.0172757 3.23556e-05 0.000203186 -0.0172757 0.0852673 
0.00938581 -0.0172313 -4.77226e-05 2.68051e-05 -0.0172313 0.0851095 2.73527e-05 0.000164492 -4.77226e-05 2.73527e-05 0.00940838 -0.0172431 2.68051e-05 0.000164492 -0.0172431 0.0851235 
0.00940415 -0.0172341 -3.50465e-05 -7.99585e-06 -0.0172341 0.0851399 -1.68592e-06 0.000209542 -3.50465e-05 -1.68592e-06 0.00941716 -0.0172828 -7.99585e-06 0.000209542 -0.0172828 0.0852584 
0.00940869 -0.0171956 -4.80944e-05 -2.91666e-05 -0.0171956 0.0848903 -2.03059e-05 0.000270524 -4.80944e-05 -2.03059e-05 0.00938106 -0.0172351 -2.91666e-05 0.000270524 -0.0172351 0.0850458 
0.00944448 -0.0172885 -5.07029e-05 -1.85136e-05 -0.0172885 0.0852122 -1.26381e-05 0.000291318 -5.07029e-05 -1.26381e-05 0.00940757 -0.0172747 -1.85136e-05 0.000291318 -0.0172747 0.085289 
0.00946343 -0.0173602 -4.00818e-05 -1.25181e-05 -0.0173602 0.0855473 -1.53741e-05 0.000293255 -4.00818e-05 -1.53741e-05 0.009446 -0.0173226 -1.25181e-05 0.000293255 -0.0173226 0.0855304 
0.00948661 -0.0173575 -3.63094e-05 -2.16763e-05 -0.0173575 0.0856019 -3.4544e-05 0.000318304 -3.63094e-05 -3.4544e-05 0.00943066 -0.0173422 -2.16763e-05 0.000318304 -0.0173422 0.0855841 
