0.00704761 0 6.42913e-06 0 0 0.00981018 0 0 6.42913e-06 0 0.00687149 0 0 0 0 0.00981018 
0.0106154 -0.0131742 -3.39752e-06 4.13885e-06 -0.0131742 0.0348621 4.13885e-06 -8.68114e-06 -3.39752e-06 4.13885e-06 0.0104241 -0.0129423 4.13885e-06 -8.68114e-06 -0.0129423 0.034418 
0.00990406 -0.0183938 -3.36993e-05 3.06898e-05 -0.0183938 0.067725 3.06898e-05 -0.000104503 -3.36993e-05 3.06898e-05 0.0097748 -0.0183089 3.06898e-05 -0.000104503 -0.0183089 0.0675032 
0.00940937 -0.017979 -5.28601e-05 0.000101819 -0.017979 0.0804283 0.000103465 -0.000398911 -5.28601e-05 0.000103465 0.00924493 -0.0181498 0.000101819 -0.000398911 -0.0181498 0.0816239 
0.00913987 -0.0169283 -1.18031e-05 0.000112801 -0.0169283 0.0811512 0.00011933 -0.000536939 -1.18031e-05 0.00011933 0.00895794 -0.0170201 0.000112801 -0.000536939 -0.0170201 0.0828019 
0.00984819 -0.0179347 3.03441e-05 4.92151e-05 -0.0179347 0.0874623 6.21193e-05 -0.000446932 3.03441e-05 6.21193e-05 0.00961224 -0.0178892 4.92151e-05 -0.000446932 -0.0178892 0.0886965 
0.00950808 -0.0173293 4.08399e-05 -1.62386e-05 -0.0173293 0.0847768 -3.46371e-06 -0.00021921 4.08399e-05 -3.46371e-06 0.00932634 -0.0171728 -1.62386e-05 -0.00021921 -0.0171728 0.0853278 
0.0101287 -0.0184527 3.71215e-05 -3.16922e-05 -0.0184527 0.0905646 -2.62621e-05 -9.365e-05 3.71215e-05 -2.62621e-05 0.00995959 -0.0183213 -3.16922e-05 -9.365e-05 -0.0183213 0.0908362 
0.00994037 -0.0181045 2.68399e-05 -1.65111e-05 -0.0181045 0.0890159 -2.31532e-05 -5.67288e-05 2.68399e-05 -2.31532e-05 0.00979675 -0.0180369 -1.65111e-05 -5.67288e-05 -0.0180369 0.0893057 
0.00980224 -0.0178608 7.70396e-06 -1.89908e-06 -0.0178608 0.0878883 -1.33353e-05 -6.86238e-05 7.70396e-06 -1.33353e-05 0.00968197 -0.0178429 -1.89908e-06 -6.86238e-05 -0.0178429 0.088298 
0.00970266 -0.0176798 1.22095e-05 1.74477e-05 -0.0176798 0.087045 1.13204e-05 -0.000106592 1.22095e-05 1.13204e-05 0.00961283 -0.0176991 1.74477e-05 -0.000106592 -0.0176991 0.087582 
0.00961163 -0.017506 2.67089e-05 1.00214e-05 -0.017506 0.0862077 1.02253e-05 -0.00011912 2.67089e-05 1.02253e-05 0.00955075 -0.0175631 1.00214e-05 -0.00011912 -0.0175631 0.0868595 
0.00957522 -0.0174413 4.62595e-05 -7.27685e-06 -0.0174413 0.0858722 -1.26475e-06 -0.000102853 4.62595e-05 -1.26475e-06 0.00954615 -0.0175326 -7.27685e-06 -0.000102853 -0.0175326 0.0866259 
0.00954663 -0.0174199 4.7241e-05 -3.65704e-05 -0.0174199 0.0857449 -2.39921e-05 -5.00608e-05 4.7241e-05 -2.39921e-05 0.00955466 -0.0175365 -3.65704e-05 -5.00608e-05 -0.0175365 0.0865577 
0.00950748 -0.0173732 4.07187e-05 -3.91721e-05 -0.0173732 0.0855617 -2.52471e-05 -2.13972e-05 4.07187e-05 -2.52471e-05 0.00954641 -0.0175309 -3.91721e-05 -2.13972e-05 -0.0175309 0.0864541 
0.00949049 -0.017328 4.83823e-05 -3.09177e-05 -0.017328 0.0854094 -1.90541e-05 -2.5311e-05 4.83823e-05 -1.90541e-05 0.00952993 -0.0175245 -3.09177e-05 -2.5311e-05 -0.0175245 0.0863956 
0.00952598 -0.0173656 2.65294e-05 -2.99802e-05 -0.0173656 0.0855906 -2.75726e-05 -3.09126e-05 2.65294e-05 -2.75726e-05 0.00952473 -0.0175631 -2.99802e-05 -3.09126e-05 -0.0175631 0.0866182 
0.00952567 -0.0173596 1.6246e-05 -4.44793e-06 -0.0173596 0.0855082 -8.0229e-06 -6.10663e-05 1.6246e-05 -8.0229e-06 0.00949356 -0.0175151 -4.44793e-06 -6.10663e-05 -0.0175151 0.0864876 
0.00951943 -0.0173388 1.79343e-05 1.08333e-05 -0.0173388 0.0853757 7.14021e-06 -0.000104943 1.79343e-05 7.14021e-06 0.00946649 -0.0174586 1.08333e-05 -0.000104943 -0.0174586 0.0862718 
0.0095141 -0.0173312 3.02142e-05 9.46834e-06 -0.0173312 0.0852902 1.03434e-05 -0.000126342 3.02142e-05 1.03434e-05 0.0094342 -0.0174132 9.46834e-06 -0.000126342 -0.0174132 0.0860804 
0.00954004 -0.0174421 4.85784e-05 -8.93617e-06 -0.0174421 0.0857991 -3.08528e-06 -0.00010869 4.85784e-05 -3.08528e-06 0.00947847 -0.0174753 -8.93617e-06 -0.00010869 -0.0174753 0.0864513 
0.00956521 -0.0174457 5.72727e-05 -3.07882e-05 -0.0174457 0.0859411 -2.38951e-05 -6.67387e-05 5.72727e-05 -2.38951e-05 0.00948197 -0.0174992 -3.07882e-05 -6.67387e-05 -0.0174992 0.0865589 
0.00960425 -0.0174313 5.90007e-05 -3.73356e-05 -0.0174313 0.0858422 -3.15172e-05 -4.02767e-05 5.90007e-05 -3.15172e-05 0.00943745 -0.0174691 -3.73356e-05 -4.02767e-05 -0.0174691 0.0864437 
0.00964322 -0.0175133 5.83459e-05 -3.50097e-05 -0.0175133 0.0860325 -3.3228e-05 -3.77994e-05 5.83459e-05 -3.3228e-05 0.00942781 -0.0174329 -3.50097e-05 -3.77994e-05 -0.0174329 0.0864173 
0.00963753 -0.0175308 3.43638e-05 -3.6443e-05 -0.0175308 0.0860346 -3.93011e-05 -2.69614e-05 3.43638e-05 -3.93011e-05 0.00941829 -0.0173755 -3.6443e-05 -2.69614e-05 -0.0173755 0.0861748 
0.00961825 -0.0175174 1.58572e-05 -8.48604e-06 -0.0175174 0.0859775 -1.25265e-05 -6.14106e-05 1.58572e-05 -1.25265e-05 0.00941954 -0.0173521 -8.48604e-06 -6.14106e-05 -0.0173521 0.0859971 
0.00959168 -0.0174874 -6.2236e-06 1.62238e-05 -0.0174874 0.0858834 1.36409e-05 -0.000124625 -6.2236e-06 1.36409e-05 0.00942396 -0.0173609 1.62238e-05 -0.000124625 -0.0173609 0.0859449 
0.00955202 -0.0174225 -4.86578e-06 4.42116e-05 -0.0174225 0.0856383 4.3228e-05 -0.000196759 -4.86578e-06 4.3228e-05 0.00941227 -0.017349 4.42116e-05 -0.000196759 -0.017349 0.0858282 
0.00953038 -0.0173939 -1.06053e-05 4.23131e-05 -0.0173939 0.0855471 4.23705e-05 -0.000225067 -1.06053e-05 4.23705e-05 0.00941894 -0.0173549 4.23131e-05 -0.000225067 -0.0173549 0.0858495 
0.009562 -0.0174377 -1.54666e-05 4.72393e-05 -0.0174377 0.085817 4.20089e-05 -0.000229272 -1.54666e-05 4.20089e-05 0.00945062 -0.0174379 4.72393e-05 -0.000229272 -0.0174379 0.0862321 
0.00960135 -0.0174875 -7.53272e-06 5.36822e-05 -0.0174875 0.0860693 4.35827e-05 -0.000233605 -7.53272e-06 4.35827e-05 0.00946853 -0.0174983 5.36822e-05 -0.000233605 -0.0174983 0.0865639 
0.00961146 -0.0175013 1.13217e-05 4.35635e-05 -0.0175013 0.086094 3.12131e-05 -0.000214736 1.13217e-05 3.12131e-05 0.0094643 -0.0174802 4.35635e-05 -0.000214736 -0.0174802 0.0865598 
0.00963086 -0.0175079 4.04203e-05 1.80878e-05 -0.0175079 0.0861002 8.42011e-06 -0.00016417 4.04203e-05 8.42011e-06 0.00946217 -0.0174678 1.80878e-05 -0.00016417 -0.0174678 0.0865148 
0.00964916 -0.0175037 5.0308e-05 -2.55607e-05 -0.0175037 0.0860077 -2.91442e-05 -7.29799e-05 5.0308e-05 -2.91442e-05 0.00943576 -0.0174422 -2.55607e-05 -7.29799e-05 -0.0174422 0.0863766 
0.0096671 -0.017533 2.7978e-05 -4.26916e-05 -0.017533 0.0860301 -4.23029e-05 -4.31374e-06 2.7978e-05 -4.23029e-05 0.00943246 -0.0174165 -4.26916e-05 -4.31374e-06 -0.0174165 0.0862941 
0.00968734 -0.0175956 1.03578e-05 -1.61909e-05 -0.0175956 0.0862606 -1.7293e-05 -1.79756e-05 1.03578e-05 -1.7293e-05 0.00945103 -0.0174453 -1.61909e-05 -1.79756e-05 -0.0174453 0.0864161 
0.00971369 -0.0176709 9.55544e-06 9.98524e-06 -0.0176709 0.0866384 4.87697e-06 -7.21416e-05 9.55544e-06 4.87697e-06 0.00948672 -0.0175158 9.98524e-06 -7.21416e-05 -0.0175158 0.0867452 
0.00970666 -0.01767 1.97809e-05 1.31091e-05 -0.01767 0.0866936 7.96871e-06 -0.000102569 1.97809e-05 7.96871e-06 0.00950547 -0.0175267 1.31091e-05 -0.000102569 -0.0175267 0.0868042 
0.00969597 -0.0176618 3.0813e-05 -2.18505e-06 -0.0176618 0.0867155 -3.05072e-06 -8.97816e-05 3.0813e-05 -3.05072e-06 0.00953381 -0.0175595 -2.18505e-06 -8.97816e-05 -0.0175595 0.0869058 
0.00970274 -0.0176837 3.00651e-05 -1.9754e-05 -0.0176837 0.0868899 -1.38892e-05 -5.87035e-05 3.00651e-05 -1.38892e-05 0.00957723 -0.0176408 -1.9754e-05 -5.87035e-05 -0.0176408 0.0872271 
0.00967928 -0.0176971 3.13453e-05 -1.82235e-05 -0.0176971 0.087014 -7.71517e-06 -5.47147e-05 3.13453e-05 -7.71517e-06 0.00963268 -0.0177018 -1.82235e-05 -5.47147e-05 -0.0177018 0.0874961 
0.00964535 -0.0176336 3.37594e-05 -1.21353e-05 -0.0176336 0.086864 -3.12783e-06 -7.48797e-05 3.37594e-05 -3.12783e-06 0.0096515 -0.0177371 -1.21353e-05 -7.48797e-05 -0.0177371 0.0875587 
0.00958999 -0.0175404 3.3135e-05 -9.51945e-06 -0.0175404 0.0864846 -6.31645e-06 -8.76286e-05 3.3135e-05 -6.31645e-06 0.00965308 -0.017711 -9.51945e-06 -8.76286e-05 -0.017711 0.0873827 
0.00956419 -0.0174585 1.52684e-05 -4.5064e-06 -0.0174585 0.0861537 -5.83737e-06 -9.92912e-05 1.52684e-05 -5.83737e-06 0.00963449 -0.0177063 -4.5064e-06 -9.92912e-05 -0.0177063 0.08726 
0.00954584 -0.0174038 7.81976e-06 1.53366e-05 -0.0174038 0.0858523 1.27804e-05 -0.000131923 7.81976e-06 1.27804e-05 0.0096055 -0.017669 1.53366e-05 -0.000131923 -0.017669 0.0870829 
0.00955371 -0.0173814 6.05776e-06 2.71178e-05 -0.0173814 0.0856811 2.53763e-05 -0.000171176 6.05776e-06 2.53763e-05 0.00956429 -0.0176321 2.71178e-05 -0.000171176 -0.0176321 0.0869304 
0.00958034 -0.0174236 6.66013e-06 3.15138e-05 -0.0174236 0.0857829 3.16211e-05 -0.000199342 6.66013e-06 3.16211e-05 0.00954353 -0.0176215 3.15138e-05 -0.000199342 -0.0176215 0.086964 
0.00960536 -0.0174684 2.00632e-05 2.86588e-05 -0.0174684 0.0859258 3.03132e-05 -0.000205437 2.00632e-05 3.03132e-05 0.00952574 -0.0175934 2.86588e-05 -0.000205437 -0.0175934 0.0869369 
0.00958488 -0.0174518 3.84517e-05 8.3568e-06 -0.0174518 0.0857932 1.37809e-05 -0.000175326 3.84517e-05 1.37809e-05 0.009494 -0.0175114 8.3568e-06 -0.000175326 -0.0175114 0.0866079 
0.00960006 -0.0174716 4.79251e-05 -1.76253e-05 -0.0174716 0.0858894 -1.12063e-05 -0.000116962 4.79251e-05 -1.12063e-05 0.00947997 -0.0174976 -1.76253e-05 -0.000116962 -0.0174976 0.0865455 
0.00958681 -0.0174544 4.98036e-05 -3.29732e-05 -0.0174544 0.0857827 -2.39484e-05 -6.49735e-05 4.98036e-05 -2.39484e-05 0.00946156 -0.0174465 -3.29732e-05 -6.49735e-05 -0.0174465 0.0863263 
0.0095755 -0.0174248 3.38634e-05 -3.24128e-05 -0.0174248 0.0856322 -2.27931e-05 -5.06688e-05 3.38634e-05 -2.27931e-05 0.00943813 -0.017402 -3.24128e-05 -5.06688e-05 -0.017402 0.0860905 
0.00956453 -0.017422 2.31001e-05 -7.28371e-06 -0.017422 0.0855898 2.27659e-06 -9.31384e-05 2.31001e-05 2.27659e-06 0.00943198 -0.0173819 -7.28371e-06 -9.31384e-05 -0.0173819 0.0859849 
0.00957626 -0.0174407 2.6484e-05 5.85964e-06 -0.0174407 0.0857113 1.18999e-05 -0.000132661 2.6484e-05 1.18999e-05 0.00943441 -0.017414 5.85964e-06 -0.000132661 -0.017414 0.0861097 
0.0095671 -0.0174338 3.85421e-05 6.52073e-06 -0.0174338 0.085684 3.78218e-06 -0.00014256 3.85421e-05 3.78218e-06 0.00942259 -0.017399 6.52073e-06 -0.00014256 -0.017399 0.0860826 
0.00953676 -0.0173804 2.20447e-05 -7.93024e-06 -0.0173804 0.0854423 -1.84479e-05 -0.000109256 2.20447e-05 -1.84479e-05 0.00939567 -0.0173367 -7.93024e-06 -0.000109256 -0.0173367 0.085817 
0.00956098 -0.0173979 1.5808e-05 6.59977e-06 -0.0173979 0.0855489 -9.16286e-06 -9.89995e-05 1.5808e-05 -9.16286e-06 0.00938028 -0.0173626 6.59977e-06 -9.89995e-05 -0.0173626 0.0859338 
0.00958886 -0.0174141 1.41945e-06 1.1751e-05 -0.0174141 0.085587 -5.2732e-06 -0.000101992 1.41945e-06 -5.2732e-06 0.00935142 -0.0173385 1.1751e-05 -0.000101992 -0.0173385 0.0859245 
0.00961339 -0.0174622 -1.70035e-05 2.64491e-05 -0.0174622 0.0857312 1.18039e-05 -0.000122923 -1.70035e-05 1.18039e-05 0.00933646 -0.0173151 2.64491e-05 -0.000122923 -0.0173151 0.0859298 
0.00958554 -0.0174562 -3.35249e-05 4.59016e-05 -0.0174562 0.0856506 3.65177e-05 -0.0001649 -3.35249e-05 3.65177e-05 0.00933068 -0.0172404 4.59016e-05 -0.0001649 -0.0172404 0.0856505 
0.00951482 -0.0173795 -2.10475e-05 6.5252e-05 -0.0173795 0.0853503 6.13072e-05 -0.000217963 -2.10475e-05 6.13072e-05 0.00933848 -0.0171907 6.5252e-05 -0.000217963 -0.0171907 0.0853068 
0.00945321 -0.0173009 -1.08961e-05 4.91314e-05 -0.0173009 0.0851163 4.91302e-05 -0.00022024 -1.08961e-05 4.91302e-05 0.00936282 -0.0172135 4.91314e-05 -0.00022024 -0.0172135 0.0852357 
0.00941198 -0.0172172 -1.8494e-05 3.8328e-05 -0.0172172 0.0848589 3.83007e-05 -0.000198573 -1.8494e-05 3.83007e-05 0.00936613 -0.0172482 3.8328e-05 -0.000198573 -0.0172482 0.0852607 
0.00936442 -0.0171386 -1.48127e-05 4.6569e-05 -0.0171386 0.0845403 4.59413e-05 -0.000199613 -1.48127e-05 4.59413e-05 0.0093596 -0.0172357 4.6569e-05 -0.000199613 -0.0172357 0.085179 
0.00934442 -0.0170985 -3.61409e-06 4.26629e-05 -0.0170985 0.084393 4.68315e-05 -0.000205891 -3.61409e-06 4.68315e-05 0.00935373 -0.0172336 4.26629e-05 -0.000205891 -0.0172336 0.085162 
0.00937373 -0.0170777 -1.42362e-06 2.48785e-05 -0.0170777 0.0843007 3.44883e-05 -0.000182027 -1.42362e-06 3.44883e-05 0.00930909 -0.017217 2.48785e-05 -0.000182027 -0.017217 0.0851068 
0.00939453 -0.0170829 -5.3868e-06 1.64619e-05 -0.0170829 0.0841722 2.61187e-05 -0.000149306 -5.3868e-06 2.61187e-05 0.00925386 -0.0171317 1.64619e-05 -0.000149306 -0.0171317 0.0848409 
0.00942658 -0.0171502 -4.09358e-06 1.73095e-05 -0.0171502 0.0843456 2.32089e-05 -0.0001265 -4.09358e-06 2.32089e-05 0.0092369 -0.0170901 1.73095e-05 -0.0001265 -0.0170901 0.0847516 
0.00943163 -0.0171815 2.74951e-06 1.74921e-05 -0.0171815 0.0844353 1.72186e-05 -0.000111264 2.74951e-06 1.72186e-05 0.00922325 -0.0170532 1.74921e-05 -0.000111264 -0.0170532 0.0846089 
0.00941206 -0.0171898 2.98899e-06 1.16781e-05 -0.0171898 0.0844742 6.52964e-06 -9.1261e-05 2.98899e-06 6.52964e-06 0.00922877 -0.0170303 1.16781e-05 -9.1261e-05 -0.0170303 0.0845003 
0.0101872 -0.0186169 8.73578e-07 1.20019e-05 -0.0186169 0.0915804 4.86059e-06 -8.3835e-05 8.73578e-07 4.86059e-06 0.0100279 -0.0184723 1.20019e-05 -8.3835e-05 -0.0184723 0.0915865 
0.0101892 -0.0186227 6.49844e-07 1.66069e-05 -0.0186227 0.0916857 8.03173e-06 -8.53441e-05 6.49844e-07 8.03173e-06 0.0100556 -0.018545 1.66069e-05 -8.53441e-05 -0.018545 0.0918235 
0.00938713 -0.0171182 2.75161e-06 1.74571e-05 -0.0171182 0.0843295 9.47877e-06 -8.69759e-05 2.75161e-06 9.47877e-06 0.00924377 -0.017093 1.74571e-05 -8.69759e-05 -0.017093 0.0846095 
0.0101837 -0.0185701 -9.16459e-06 1.7433e-05 -0.0185701 0.0914284 9.68126e-06 -9.7676e-05 -9.16459e-06 9.68126e-06 0.0100176 -0.0185259 1.7433e-05 -9.7676e-05 -0.0185259 0.091788 
0.0101468 -0.0185201 -2.36941e-05 3.31927e-05 -0.0185201 0.0911634 2.52394e-05 -0.000123808 -2.36941e-05 2.52394e-05 0.00999454 -0.0184634 3.31927e-05 -0.000123808 -0.0184634 0.0915127 
0.0101187 -0.0184957 -2.09531e-05 4.85946e-05 -0.0184957 0.0910653 4.37276e-05 -0.000162612 -2.09531e-05 4.37276e-05 0.00999554 -0.0184452 4.85946e-05 -0.000162612 -0.0184452 0.0914071 
0.0101023 -0.0184778 3.0519e-06 3.91601e-05 -0.0184778 0.0910346 4.27636e-05 -0.000168526 3.0519e-06 4.27636e-05 0.0100049 -0.0184516 3.91601e-05 -0.000168526 -0.0184516 0.0914002 
0.0101152 -0.0184767 1.67632e-05 6.50724e-06 -0.0184767 0.0910803 1.59511e-05 -0.000120123 1.67632e-05 1.59511e-05 0.00999925 -0.0184774 6.50724e-06 -0.000120123 -0.0184774 0.0914931 
0.0101315 -0.0184762 2.16728e-05 -1.26056e-05 -0.0184762 0.0910422 -1.32276e-06 -6.62467e-05 2.16728e-05 -1.32276e-06 0.00996656 -0.0184481 -1.26056e-05 -6.62467e-05 -0.0184481 0.0914212 
0.0101419 -0.0185139 3.17173e-05 -2.02993e-05 -0.0185139 0.0911433 -8.18543e-06 -3.29905e-05 3.17173e-05 -8.18543e-06 0.00995863 -0.0184193 -2.02993e-05 -3.29905e-05 -0.0184193 0.0913856 
0.0101423 -0.0185774 2.48761e-05 -3.01649e-05 -0.0185774 0.0914564 -2.08959e-05 -5.92328e-06 2.48761e-05 -2.08959e-05 0.0100037 -0.0184541 -3.01649e-05 -5.92328e-06 -0.0184541 0.0915799 
0.00934405 -0.0171097 1.99851e-05 -1.38732e-05 -0.0171097 0.0843633 -1.0319e-05 -1.75625e-05 1.99851e-05 -1.0319e-05 0.00923162 -0.0170486 -1.38732e-05 -1.75625e-05 -0.0170486 0.0845181 
0.00934035 -0.0170646 9.89284e-06 -8.08703e-06 -0.0170646 0.0842036 -6.0381e-06 -3.60123e-05 9.89284e-06 -6.0381e-06 0.00921662 -0.0170389 -8.08703e-06 -3.60123e-05 -0.0170389 0.0844666 
0.00936023 -0.0170871 -6.42737e-06 6.44008e-06 -0.0170871 0.0842687 6.39923e-06 -6.58152e-05 -6.42737e-06 6.39923e-06 0.00921438 -0.0170498 6.44008e-06 -6.58152e-05 -0.0170498 0.0845602 
0.0101434 -0.0185426 8.32858e-07 3.29737e-05 -0.0185426 0.091393 3.0972e-05 -0.000129851 8.32858e-07 3.0972e-05 0.00999791 -0.0184681 3.29737e-05 -0.000129851 -0.0184681 0.0916575 
0.0101246 -0.0185328 1.48124e-05 2.69847e-05 -0.0185328 0.0913742 2.72961e-05 -0.000155358 1.48124e-05 2.72961e-05 0.0100048 -0.0184642 2.69847e-05 -0.000155358 -0.0184642 0.0916067 
0.010064 -0.0184464 1.89721e-05 7.45026e-06 -0.0184464 0.0910139 1.29457e-05 -0.000134699 1.89721e-05 1.29457e-05 0.0099915 -0.0184084 7.45026e-06 -0.000134699 -0.0184084 0.0912854 
0.0100281 -0.0183536 1.20703e-05 -4.27966e-06 -0.0183536 0.0906388 7.8413e-06 -0.000105738 1.20703e-05 7.8413e-06 0.00995801 -0.0183714 -4.27966e-06 -0.000105738 -0.0183714 0.0910139 
0.0100173 -0.0183577 2.45067e-06 3.78414e-06 -0.0183577 0.0906346 1.61352e-05 -0.000107185 2.45067e-06 1.61352e-05 0.00998065 -0.0183791 3.78414e-06 -0.000107185 -0.0183791 0.0910627 
0.0100393 -0.0183751 9.21461e-07 1.90381e-05 -0.0183751 0.090767 2.6588e-05 -0.00013316 9.21461e-07 2.6588e-05 0.0100003 -0.0184352 1.90381e-05 -0.00013316 -0.0184352 0.0912613 
0.0100412 -0.0183598 1.03294e-05 2.36564e-05 -0.0183598 0.0906618 2.50878e-05 -0.000147733 1.03294e-05 2.50878e-05 0.00999039 -0.0184207 2.36564e-05 -0.000147733 -0.0184207 0.0911908 
0.0100693 -0.0183812 1.83888e-05 1.07764e-05 -0.0183812 0.09072 1.00689e-05 -0.000127882 1.83888e-05 1.00689e-05 0.00997724 -0.0184361 1.07764e-05 -0.000127882 -0.0184361 0.091259 
0.0100637 -0.0183765 4.81349e-06 -1.30163e-06 -0.0183765 0.0906007 1.61691e-06 -9.91137e-05 4.81349e-06 1.61691e-06 0.00994775 -0.0183779 -1.30163e-06 -9.91137e-05 -0.0183779 0.0910541 
0.0100609 -0.0183623 -8.95448e-06 1.51944e-05 -0.0183623 0.0904777 1.92566e-05 -0.00011506 -8.95448e-06 1.92566e-05 0.00990567 -0.0183131 1.51944e-05 -0.00011506 -0.0183131 0.0907787 
0.0100408 -0.0183671 -9.92625e-09 3.76748e-05 -0.0183671 0.0904385 3.65657e-05 -0.000161589 -9.92625e-09 3.65657e-05 0.00989532 -0.0182591 3.76748e-05 -0.000161589 -0.0182591 0.090571 
0.0100628 -0.0184534 1.6756e-05 3.31956e-05 -0.0184534 0.0909145 2.73876e-05 -0.000177945 1.6756e-05 2.73876e-05 0.0099514 -0.018348 3.31956e-05 -0.000177945 -0.018348 0.0909696 
0.0100716 -0.0184263 2.51758e-05 1.49867e-05 -0.0184263 0.0909094 1.20078e-05 -0.000159579 2.51758e-05 1.20078e-05 0.00993338 -0.0183706 1.49867e-05 -0.000159579 -0.0183706 0.091028 
0.0100747 -0.0184463 3.46891e-05 2.54949e-06 -0.0184463 0.0909864 4.18089e-06 -0.000135305 3.46891e-05 4.18089e-06 0.00993591 -0.0183726 2.54949e-06 -0.000135305 -0.0183726 0.0911353 
0.0100754 -0.0184882 2.41807e-05 -1.37019e-05 -0.0184882 0.0912242 -7.14077e-06 -0.000103806 2.41807e-05 -7.14077e-06 0.00997312 -0.0184097 -1.37019e-05 -0.000103806 -0.0184097 0.0913607 
0.00927945 -0.0170441 7.92815e-06 -4.5669e-06 -0.0170441 0.0841993 6.91903e-06 -9.77245e-05 7.92815e-06 6.91903e-06 0.00923737 -0.0170084 -4.5669e-06 -9.77245e-05 -0.0170084 0.0843703 
0.00925521 -0.0170231 5.54872e-06 1.49403e-05 -0.0170231 0.0841939 2.95574e-05 -0.000140362 5.54872e-06 2.95574e-05 0.00927512 -0.0170576 1.49403e-05 -0.000140362 -0.0170576 0.0845065 
0.0100214 -0.0184034 8.61762e-06 2.5406e-05 -0.0184034 0.091143 3.77419e-05 -0.000190244 8.61762e-06 3.77419e-05 0.0100714 -0.0185313 2.5406e-05 -0.000190244 -0.0185313 0.0917 
0.0100407 -0.0183891 4.4012e-06 3.00977e-05 -0.0183891 0.0910769 3.36946e-05 -0.00020986 4.4012e-06 3.36946e-05 0.0100572 -0.0185581 3.00977e-05 -0.00020986 -0.0185581 0.0918 
0.0100216 -0.0183232 2.43634e-05 3.90271e-05 -0.0183232 0.0906494 3.71028e-05 -0.000226797 2.43634e-05 3.71028e-05 0.00999597 -0.0184516 3.90271e-05 -0.000226797 -0.0184516 0.0913675 
0.0100318 -0.0182941 3.62484e-05 1.49375e-05 -0.0182941 0.0903861 1.50514e-05 -0.000201426 3.62484e-05 1.50514e-05 0.00993631 -0.0183623 1.49375e-05 -0.000201426 -0.0183623 0.0909801 
0.0100296 -0.0183299 3.13247e-05 -6.31038e-06 -0.0183299 0.0903826 -3.41269e-06 -0.000150585 3.13247e-05 -3.41269e-06 0.00992177 -0.0183039 -6.31038e-06 -0.000150585 -0.0183039 0.090764 
0.0100629 -0.0183961 2.81618e-05 -6.91863e-06 -0.0183961 0.0906879 -1.76151e-06 -0.000123432 2.81618e-05 -1.76151e-06 0.00993392 -0.0183376 -6.91863e-06 -0.000123432 -0.0183376 0.090903 
0.0100792 -0.0184448 2.90597e-05 -9.58978e-08 -0.0184448 0.0909214 3.25676e-06 -0.000127783 2.90597e-05 3.25676e-06 0.0099406 -0.0183667 -9.58978e-08 -0.000127783 -0.0183667 0.0910588 
0.010093 -0.0185215 4.44562e-05 2.14216e-06 -0.0185215 0.091334 1.33474e-06 -0.000133283 4.44562e-05 1.33474e-06 0.00999249 -0.0184331 2.14216e-06 -0.000133283 -0.0184331 0.0914295 
0.0100965 -0.0184893 5.66551e-05 -1.26436e-05 -0.0184893 0.0913101 -1.85579e-05 -0.000110634 5.66551e-05 -1.85579e-05 0.0100005 -0.0184486 -1.26436e-05 -0.000110634 -0.0184486 0.0914612 
0.0101121 -0.0184883 7.12152e-05 -2.44352e-05 -0.0184883 0.0912873 -3.1763e-05 -8.19832e-05 7.12152e-05 -3.1763e-05 0.00999924 -0.0184592 -2.44352e-05 -8.19832e-05 -0.0184592 0.0914965 
0.0101072 -0.0184482 6.04503e-05 -4.73592e-05 -0.0184482 0.0910089 -4.84594e-05 -3.69417e-05 6.04503e-05 -4.84594e-05 0.00996284 -0.018386 -4.73592e-05 -3.69417e-05 -0.018386 0.0911673 
0.0100807 -0.0184343 3.96479e-05 -3.99902e-05 -0.0184343 0.0908352 -3.2554e-05 -3.40488e-05 3.96479e-05 -3.2554e-05 0.00994933 -0.0183349 -3.99902e-05 -3.40488e-05 -0.0183349 0.0909064 
0.0100593 -0.0184196 1.13933e-05 -1.30273e-05 -0.0184196 0.0907765 5.3259e-07 -9.17349e-05 1.13933e-05 5.3259e-07 0.00995434 -0.0183275 -1.30273e-05 -9.17349e-05 -0.0183275 0.0908105 
0.0100498 -0.0184129 1.35055e-06 2.68004e-05 -0.0184129 0.0907937 4.121e-05 -0.000189712 1.35055e-06 4.121e-05 0.00996665 -0.0183552 2.68004e-05 -0.000189712 -0.0183552 0.0908786 
0.0100344 -0.0184225 2.48371e-05 4.36236e-05 -0.0184225 0.090884 5.68504e-05 -0.000262873 2.48371e-05 5.68504e-05 0.00999352 -0.0183944 4.36236e-05 -0.000262873 -0.0183944 0.0910481 
0.0100119 -0.0183986 3.99987e-05 1.60987e-05 -0.0183986 0.0908842 2.62222e-05 -0.00024428 3.99987e-05 2.62222e-05 0.0100174 -0.0184311 1.60987e-05 -0.00024428 -0.0184311 0.0911831 
0.00999869 -0.0183799 2.77706e-05 -2.51667e-06 -0.0183799 0.090895 -1.26461e-06 -0.00018668 2.77706e-05 -1.26461e-06 0.0100502 -0.0184764 -2.51667e-06 -0.00018668 -0.0184764 0.0913633 
0.0100045 -0.0183567 1.90329e-05 9.58939e-06 -0.0183567 0.090862 6.14067e-06 -0.000170518 1.90329e-05 6.14067e-06 0.0100556 -0.0185226 9.58939e-06 -0.000170518 -0.0185226 0.0915253 
0.0100135 -0.0183449 5.40206e-06 1.90395e-05 -0.0183449 0.0907708 1.46535e-05 -0.000180636 5.40206e-06 1.46535e-05 0.0100425 -0.0185083 1.90395e-05 -0.000180636 -0.0185083 0.0915087 
0.0100351 -0.0183726 4.58705e-06 3.72719e-05 -0.0183726 0.0908349 3.13315e-05 -0.000213467 4.58705e-06 3.13315e-05 0.0100383 -0.0185043 3.72719e-05 -0.000213467 -0.0185043 0.0915344 
0.0100438 -0.0183267 1.24797e-05 4.05572e-05 -0.0183267 0.0905459 3.61823e-05 -0.000239042 1.24797e-05 3.61823e-05 0.00996623 -0.0184184 4.05572e-05 -0.000239042 -0.0184184 0.0911471 
0.0100466 -0.0183538 3.24802e-05 3.37861e-05 -0.0183538 0.0905017 3.12233e-05 -0.000243577 3.24802e-05 3.12233e-05 0.00993404 -0.0183436 3.37861e-05 -0.000243577 -0.0183436 0.0909016 
0.0100304 -0.01832 4.94179e-05 7.41837e-06 -0.01832 0.0902796 8.55205e-06 -0.000205439 4.94179e-05 8.55205e-06 0.00987856 -0.0182467 7.41837e-06 -0.000205439 -0.0182467 0.0904612 
0.0100235 -0.0183293 5.17819e-05 -1.72539e-05 -0.0183293 0.0902852 -9.97556e-06 -0.000153184 5.17819e-05 -9.97556e-06 0.00985683 -0.018213 -1.72539e-05 -0.000153184 -0.018213 0.090323 
0.00996466 -0.0183107 3.8674e-05 -2.32274e-05 -0.0183107 0.0902001 -1.17145e-05 -0.000123389 3.8674e-05 -1.17145e-05 0.00987772 -0.0181624 -2.32274e-05 -0.000123389 -0.0181624 0.0901132 
0.00994737 -0.0182846 2.87683e-05 -1.1291e-05 -0.0182846 0.0902615 5.59339e-08 -0.000129856 2.87683e-05 5.59339e-08 0.00990123 -0.0182228 -1.1291e-05 -0.000129856 -0.0182228 0.090241 
0.00991173 -0.0182019 3.13681e-05 4.33185e-06 -0.0182019 0.089958 1.44769e-05 -0.00016115 3.13681e-05 1.44769e-05 0.00989149 -0.0182016 4.33185e-06 -0.00016115 -0.0182016 0.0900937 
0.00992769 -0.0182117 3.7192e-05 3.97067e-06 -0.0182117 0.0900371 1.12296e-05 -0.00017422 3.7192e-05 1.12296e-05 0.00990926 -0.0182574 3.97067e-06 -0.00017422 -0.0182574 0.0903235 
0.00993767 -0.0182093 3.50238e-05 -1.55313e-07 -0.0182093 0.0900202 8.65168e-07 -0.000163928 3.50238e-05 8.65168e-07 0.0099066 -0.0182734 -1.55313e-07 -0.000163928 -0.0182734 0.0904097 
0.00994901 -0.0182771 3.54962e-05 2.31679e-06 -0.0182771 0.0903071 -3.05079e-06 -0.000154211 3.54962e-05 -3.05079e-06 0.00996061 -0.018321 2.31679e-06 -0.000154211 -0.018321 0.0906974 
0.00997105 -0.0183402 3.87771e-05 7.34339e-06 -0.0183402 0.0906865 -1.02351e-06 -0.000162339 3.87771e-05 -1.02351e-06 0.0100202 -0.0184167 7.34339e-06 -0.000162339 -0.0184167 0.0910951 
0.010029 -0.0184068 2.99161e-05 6.25058e-06 -0.0184068 0.0911037 -4.77332e-06 -0.00016541 2.99161e-05 -4.77332e-06 0.0100519 -0.0185364 6.25058e-06 -0.00016541 -0.0185364 0.0916197 
0.0100155 -0.0183974 3.54312e-05 1.40593e-05 -0.0183974 0.0910194 1.73209e-06 -0.00017167 3.54312e-05 1.73209e-06 0.0100513 -0.0185004 1.40593e-05 -0.00017167 -0.0185004 0.0915505 
0.0100004 -0.0183457 5.71027e-05 9.87392e-06 -0.0183457 0.0907934 6.46386e-07 -0.000177182 5.71027e-05 6.46386e-07 0.010037 -0.0184653 9.87392e-06 -0.000177182 -0.0184653 0.0913428 
0.0100402 -0.0183705 8.09495e-05 -2.05557e-05 -0.0183705 0.0908745 -2.30387e-05 -0.000136352 8.09495e-05 -2.30387e-05 0.0100271 -0.0184915 -2.05557e-05 -0.000136352 -0.0184915 0.0914435 
0.0100475 -0.0184283 7.11344e-05 -5.2705e-05 -0.0184283 0.0910243 -4.98951e-05 -6.89482e-05 7.11344e-05 -4.98951e-05 0.010044 -0.0184857 -5.2705e-05 -6.89482e-05 -0.0184857 0.0915048 
0.0100686 -0.0184627 5.91533e-05 -3.90771e-05 -0.0184627 0.0912365 -3.74122e-05 -5.98633e-05 5.91533e-05 -3.74122e-05 0.0100622 -0.0185331 -3.90771e-05 -5.98633e-05 -0.0185331 0.0916916 
0.00929613 -0.0170266 5.52599e-05 -2.09243e-05 -0.0170266 0.0841596 -2.40941e-05 -7.87213e-05 5.52599e-05 -2.40941e-05 0.0092859 -0.0171057 -2.09243e-05 -7.87213e-05 -0.0171057 0.0846249 
0.00934596 -0.0171003 4.95428e-05 -1.92495e-05 -0.0171003 0.0844831 -2.4806e-05 -9.23013e-05 4.95428e-05 -2.4806e-05 0.00931254 -0.0171716 -1.92495e-05 -9.23013e-05 -0.0171716 0.0849589 
0.00935455 -0.0170766 2.47391e-05 -1.43812e-05 -0.0170766 0.0843138 -1.61143e-05 -0.000104775 2.47391e-05 -1.61143e-05 0.00927106 -0.0171226 -1.43812e-05 -0.000104775 -0.0171226 0.0847557 
0.0101725 -0.0185421 2.71585e-05 1.49053e-05 -0.0185421 0.0914212 2.01522e-05 -0.000174205 2.71585e-05 2.01522e-05 0.0100343 -0.0185224 1.49053e-05 -0.000174205 -0.0185224 0.0917714 
0.0101889 -0.018585 2.35946e-05 1.73031e-05 -0.018585 0.091498 2.4055e-05 -0.000213873 2.35946e-05 2.4055e-05 0.0100249 -0.0184952 1.73031e-05 -0.000213873 -0.0184952 0.0916649 
0.0101782 -0.0185724 2.54423e-05 2.01351e-05 -0.0185724 0.0913894 2.66826e-05 -0.000226816 2.54423e-05 2.66826e-05 0.00999834 -0.0184487 2.01351e-05 -0.000226816 -0.0184487 0.0914224 
0.0101769 -0.0186058 5.60201e-05 1.19838e-05 -0.0186058 0.091541 2.17033e-05 -0.000217355 5.60201e-05 2.17033e-05 0.0100095 -0.0184673 1.19838e-05 -0.000217355 -0.0184673 0.0915108 
0.0101625 -0.0186373 7.11083e-05 -2.45635e-05 -0.0186373 0.0917577 -1.30105e-05 -0.000160448 7.11083e-05 -1.30105e-05 0.0100608 -0.0185093 -2.45635e-05 -0.000160448 -0.0185093 0.0917141 
0.00936232 -0.0171715 5.12174e-05 -3.69854e-05 -0.0171715 0.08468 -2.92461e-05 -9.79912e-05 5.12174e-05 -2.92461e-05 0.00930634 -0.017123 -3.69854e-05 -9.79912e-05 -0.017123 0.0847398 
0.00937734 -0.0172028 4.24688e-05 -1.51181e-05 -0.0172028 0.0849182 -1.28698e-05 -0.000112894 4.24688e-05 -1.28698e-05 0.00935344 -0.0172154 -1.51181e-05 -0.000112894 -0.0172154 0.0851439 
0.00940236 -0.0172225 5.44863e-05 3.19944e-06 -0.0172225 0.0850722 -4.78747e-07 -0.000157069 5.44863e-05 -4.78747e-07 0.0093711 -0.0172736 3.19944e-06 -0.000157069 -0.0172736 0.085422 
0.00938354 -0.0171837 6.16779e-05 -9.14813e-06 -0.0171837 0.0848698 -1.63581e-05 -0.000154186 6.16779e-05 -1.63581e-05 0.00934932 -0.0172342 -9.14813e-06 -0.000154186 -0.0172342 0.0852759 
