0.00695232 0 -0.00118643 0 0 0.01 0 0 -0.00118643 0 0.00790463 0 0 0 0 0.01 
0.00985839 -0.0122632 -0.00144875 0.00176378 -0.0122632 0.0326878 0.00176378 -0.00338226 -0.00144875 0.00176378 0.0110561 -0.0137114 0.00176378 -0.00338226 -0.0137114 0.0354646 
0.00992002 -0.0187938 -0.00129155 0.00196744 -0.0187938 0.0693633 0.00196744 -0.00613625 -0.00129155 0.00196744 0.011148 -0.0205607 0.00196744 -0.00613625 -0.0205607 0.0748194 
0.00934144 -0.0186955 -0.00130299 0.00144227 -0.0186955 0.084342 0.00143395 -0.00453078 -0.00130299 0.00143395 0.0105472 -0.0198598 0.00144227 -0.00453078 -0.0198598 0.0877161 
0.00926436 -0.0179339 -0.0014355 0.001485 -0.0179339 0.0874971 0.0014581 -0.00364771 -0.0014355 0.0014581 0.0105894 -0.0191198 0.001485 -0.00364771 -0.0191198 0.0901543 
0.0094191 -0.0177725 -0.00154645 0.00166369 -0.0177725 0.088182 0.00162607 -0.00378801 -0.00154645 0.00162607 0.0107668 -0.0191315 0.00166369 -0.00378801 -0.0191315 0.0911617 
0.00958068 -0.0178422 -0.00155618 0.00178565 -0.0178422 0.0885477 0.00175317 -0.00412961 -0.00155618 0.00175317 0.0108652 -0.0193365 0.00178565 -0.00412961 -0.0193365 0.0920363 
0.00967961 -0.0180007 -0.00154321 0.00177896 -0.0180007 0.0889467 0.00176106 -0.00427563 -0.00154321 0.00176106 0.0108298 -0.0193355 0.00177896 -0.00427563 -0.0193355 0.0922574 
0.00969574 -0.0181038 -0.0015272 0.0017515 -0.0181038 0.0892574 0.00174732 -0.00427342 -0.0015272 0.00174732 0.0107668 -0.0192263 0.0017515 -0.00427342 -0.0192263 0.092042 
0.00967229 -0.0180759 -0.00148472 0.00172891 -0.0180759 0.089274 0.0017317 -0.00422442 -0.00148472 0.0017317 0.0107743 -0.0191994 0.00172891 -0.00422442 -0.0191994 0.0919385 
0.00964625 -0.0180197 -0.00146509 0.0016632 -0.0180197 0.0891309 0.0016696 -0.00408471 -0.00146509 0.0016696 0.0107875 -0.0192277 0.0016632 -0.00408471 -0.0192277 0.0919618 
0.00957137 -0.0179995 -0.00140579 0.0016359 -0.0179995 0.0890503 0.00163978 -0.00396848 -0.00140579 0.00163978 0.0108294 -0.0192437 0.0016359 -0.00396848 -0.0192437 0.0920075 
0.00956919 -0.017898 -0.00139432 0.00159431 -0.017898 0.0888648 0.00159345 -0.00389049 -0.00139432 0.00159345 0.0108468 -0.0193391 0.00159431 -0.00389049 -0.0193391 0.0922358 
0.00957398 -0.0178983 -0.00139277 0.0015749 -0.0178983 0.0887853 0.00157715 -0.00382103 -0.00139277 0.00157715 0.0108464 -0.0193653 0.0015749 -0.00382103 -0.0193653 0.0923852 
0.00958973 -0.0179246 -0.0014198 0.00158507 -0.0179246 0.0888428 0.00159248 -0.00383606 -0.0014198 0.00159248 0.0108362 -0.0193583 0.00158507 -0.00383606 -0.0193583 0.0924199 
0.00957111 -0.017942 -0.00138245 0.00160538 -0.017942 0.0888973 0.00161826 -0.00387109 -0.00138245 0.00161826 0.0108481 -0.0193423 0.00160538 -0.00387109 -0.0193423 0.0923991 
0.0095504 -0.0179279 -0.00134707 0.00156109 -0.0179279 0.0889105 0.00156952 -0.00381591 -0.00134707 0.00156952 0.0108775 -0.0193514 0.00156109 -0.00381591 -0.0193514 0.0923962 
0.00951494 -0.0178855 -0.00131992 0.00152473 -0.0178855 0.0888209 0.00152406 -0.00372151 -0.00131992 0.00152406 0.0109199 -0.0194016 0.00152473 -0.00372151 -0.0194016 0.0924932 
0.00948738 -0.0178427 -0.00129453 0.00150183 -0.0178427 0.08872 0.00149583 -0.00365195 -0.00129453 0.00149583 0.0109735 -0.0194589 0.00150183 -0.00365195 -0.0194589 0.0926313 
0.00949793 -0.017839 -0.00129316 0.00148177 -0.017839 0.0887017 0.00147423 -0.0036084 -0.00129316 0.00147423 0.0109882 -0.0194733 0.00148177 -0.0036084 -0.0194733 0.0926474 
0.00954564 -0.0178727 -0.00126943 0.0014851 -0.0178727 0.0887852 0.0014714 -0.00359202 -0.00126943 0.0014714 0.0110078 -0.0194946 0.0014851 -0.00359202 -0.0194946 0.0926878 
0.00953278 -0.0179417 -0.00124136 0.00142273 -0.0179417 0.0889254 0.00141069 -0.00346041 -0.00124136 0.00141069 0.0109964 -0.0194782 0.00142273 -0.00346041 -0.0194782 0.0926231 
0.00949581 -0.0179232 -0.00119305 0.00137266 -0.0179232 0.0889706 0.00137338 -0.00332236 -0.00119305 0.00137338 0.0110039 -0.0194894 0.00137266 -0.00332236 -0.0194894 0.0926424 
0.00946815 -0.0178578 -0.00113848 0.00132271 -0.0178578 0.0888528 0.00133598 -0.0032204 -0.00113848 0.00133598 0.0110231 -0.0195267 0.00132271 -0.0032204 -0.0195267 0.0927468 
0.00943032 -0.0178135 -0.00111276 0.00124979 -0.0178135 0.0886981 0.00126989 -0.00306929 -0.00111276 0.00126989 0.0110079 -0.0195242 0.00124979 -0.00306929 -0.0195242 0.0927577 
0.00943152 -0.0177564 -0.00113404 0.00125579 -0.0177564 0.0885537 0.00127327 -0.00304803 -0.00113404 0.00127327 0.0110284 -0.0195503 0.00125579 -0.00304803 -0.0195503 0.0928603 
0.00945343 -0.0177441 -0.00111744 0.00130392 -0.0177441 0.0884645 0.00130965 -0.00313308 -0.00111744 0.00130965 0.0110844 -0.0196081 0.00130392 -0.00313308 -0.0196081 0.0930262 
0.00951258 -0.0178278 -0.00112127 0.00128338 -0.0178278 0.0886328 0.00127819 -0.00313184 -0.00112127 0.00127819 0.0110994 -0.0196174 0.00128338 -0.00313184 -0.0196174 0.093034 
0.0095181 -0.0179344 -0.00111644 0.00125482 -0.0179344 0.0889012 0.00124398 -0.00303267 -0.00111644 0.00124398 0.0110526 -0.0195611 0.00125482 -0.00303267 -0.0195611 0.0928552 
0.00945439 -0.0179195 -0.001103 0.00123293 -0.0179195 0.0889632 0.00122628 -0.00295109 -0.001103 0.00122628 0.0110183 -0.0195231 0.00123293 -0.00295109 -0.0195231 0.0927449 
0.0094175 -0.0178306 -0.00108402 0.00123766 -0.0178306 0.0888388 0.00123708 -0.00295763 -0.00108402 0.00123708 0.0110263 -0.0195195 0.00123766 -0.00295763 -0.0195195 0.0927448 
0.00941063 -0.0177568 -0.0010681 0.00122386 -0.0177568 0.0886248 0.00122636 -0.00295582 -0.0010681 0.00122636 0.0110378 -0.0195515 0.00122386 -0.00295582 -0.0195515 0.0928217 
0.00939756 -0.0177672 -0.00108889 0.00120729 -0.0177672 0.0885548 0.00121177 -0.0029373 -0.00108889 0.00121177 0.0109929 -0.0194973 0.00120729 -0.0029373 -0.0194973 0.0926907 
0.00938686 -0.0177474 -0.00109066 0.00121295 -0.0177474 0.0885168 0.00121719 -0.00290795 -0.00109066 0.00121719 0.0109822 -0.0194583 0.00121295 -0.00290795 -0.0194583 0.0925888 
0.00934485 -0.0176887 -0.00105665 0.00120934 -0.0176887 0.0883517 0.00121167 -0.00288742 -0.00105665 0.00121167 0.0109933 -0.0194909 0.00120934 -0.00288742 -0.0194909 0.0926521 
0.00931916 -0.0176371 -0.00101045 0.00119389 -0.0176371 0.0882076 0.00119106 -0.00287993 -0.00101045 0.00119106 0.0110024 -0.0195101 0.00119389 -0.00287993 -0.0195101 0.0927238 
0.00931873 -0.0176108 -0.00100762 0.00113962 -0.0176108 0.0881136 0.00113916 -0.00279249 -0.00100762 0.00113916 0.0109871 -0.0195113 0.00113962 -0.00279249 -0.0195113 0.0927419 
0.00931444 -0.017601 -0.0010341 0.00112756 -0.017601 0.088044 0.00112971 -0.00272579 -0.0010341 0.00112971 0.0109494 -0.0194774 0.00112756 -0.00272579 -0.0194774 0.0926757 
0.0093415 -0.0176049 -0.00107495 0.00118228 -0.0176049 0.0880446 0.00118489 -0.00282009 -0.00107495 0.00118489 0.010903 -0.0194213 0.00118228 -0.00282009 -0.0194213 0.0925428 
0.0093648 -0.0176232 -0.0010894 0.00125047 -0.0176232 0.0880696 0.00125156 -0.0029932 -0.0010894 0.00125156 0.0109088 -0.0193971 0.00125047 -0.0029932 -0.0193971 0.0924852 
0.00938664 -0.0176754 -0.00106184 0.00124038 -0.0176754 0.0881906 0.0012372 -0.00300965 -0.00106184 0.0012372 0.0109087 -0.019374 0.00124038 -0.00300965 -0.019374 0.0923859 
0.00938459 -0.017709 -0.00104059 0.00120647 -0.017709 0.0882938 0.00120323 -0.00295765 -0.00104059 0.00120323 0.0108815 -0.0193499 0.00120647 -0.00295765 -0.0193499 0.0922831 
0.00939049 -0.0177314 -0.00104032 0.00117732 -0.0177314 0.0884004 0.0011781 -0.00288672 -0.00104032 0.0011781 0.0108366 -0.0192856 0.00117732 -0.00288672 -0.0192856 0.0921078 
0.00939763 -0.0177223 -0.00109627 0.00117523 -0.0177223 0.0884097 0.00117621 -0.00285017 -0.00109627 0.00117621 0.0107961 -0.0192501 0.00117523 -0.00285017 -0.0192501 0.0920037 
0.0094438 -0.017731 -0.00118761 0.00126946 -0.017731 0.0884289 0.00126664 -0.00300905 -0.00118761 0.00126664 0.0107472 -0.0192058 0.00126946 -0.00300905 -0.0192058 0.091901 
0.00946573 -0.0177734 -0.00126421 0.00138568 -0.0177734 0.0884864 0.00137785 -0.00326571 -0.00126421 0.00137785 0.010727 -0.019162 0.00138568 -0.00326571 -0.019162 0.0918086 
0.0094815 -0.0177876 -0.0012976 0.0014909 -0.0177876 0.0885298 0.00147799 -0.00354423 -0.0012976 0.00147799 0.0107286 -0.0191606 0.0014909 -0.00354423 -0.0191606 0.0917975 
0.00951292 -0.0177928 -0.00129549 0.0015437 -0.0177928 0.0885463 0.00152964 -0.00374714 -0.00129549 0.00152964 0.0107664 -0.0192034 0.0015437 -0.00374714 -0.0192034 0.0919159 
0.00947572 -0.017859 -0.00124222 0.00149118 -0.017859 0.0886682 0.0014855 -0.00369556 -0.00124222 0.0014855 0.0108087 -0.0191861 0.00149118 -0.00369556 -0.0191861 0.0918595 
0.00946762 -0.017826 -0.00124284 0.00142311 -0.017826 0.088696 0.00142624 -0.00356074 -0.00124284 0.00142624 0.0108282 -0.0192425 0.00142311 -0.00356074 -0.0192425 0.0919315 
0.00948902 -0.0178359 -0.00126356 0.00140598 -0.0178359 0.088729 0.00141268 -0.00345198 -0.00126356 0.00141268 0.010797 -0.0192491 0.00140598 -0.00345198 -0.0192491 0.0919606 
0.00953887 -0.0178399 -0.00131689 0.00144868 -0.0178399 0.0887277 0.00145493 -0.00350231 -0.00131689 0.00145493 0.0107714 -0.0192532 0.00144868 -0.00350231 -0.0192532 0.0920302 
0.00959862 -0.017883 -0.00135828 0.00152831 -0.017883 0.0887826 0.00152965 -0.00366431 -0.00135828 0.00152965 0.0107688 -0.0192617 0.00152831 -0.00366431 -0.0192617 0.0921152 
0.00963946 -0.0179767 -0.00140781 0.00156893 -0.0179767 0.0889687 0.00156756 -0.00378833 -0.00140781 0.00156756 0.0107424 -0.0192167 0.00156893 -0.00378833 -0.0192167 0.0920243 
0.0096448 -0.0179973 -0.00143412 0.0016208 -0.0179973 0.0890493 0.00161547 -0.00389395 -0.00143412 0.00161547 0.0107427 -0.0192296 0.0016208 -0.00389395 -0.0192296 0.0920611 
0.00961623 -0.0180141 -0.00143835 0.0016349 -0.0180141 0.0891063 0.00162914 -0.00393966 -0.00143835 0.00162914 0.0107231 -0.019205 0.0016349 -0.00393966 -0.019205 0.0920111 
0.00963161 -0.0179696 -0.00144973 0.00164597 -0.0179696 0.0890543 0.00164355 -0.00397817 -0.00144973 0.00164355 0.0107158 -0.0192083 0.00164597 -0.00397817 -0.0192083 0.0920295 
0.00971281 -0.0179851 -0.0014808 0.00166398 -0.0179851 0.0890412 0.00166565 -0.00402914 -0.0014808 0.00166565 0.0106814 -0.0191955 0.00166398 -0.00402914 -0.0191955 0.0920106 
0.00975261 -0.018103 -0.00147944 0.00170404 -0.018103 0.0892428 0.0017105 -0.00412475 -0.00147944 0.0017105 0.0106701 -0.0191235 0.00170404 -0.00412475 -0.0191235 0.0918487 
0.00972611 -0.0181889 -0.00144606 0.00167959 -0.0181889 0.0895135 0.00168441 -0.00410145 -0.00144606 0.00168441 0.0106891 -0.0190615 0.00167959 -0.00410145 -0.0190615 0.0916172 
0.00971319 -0.0181499 -0.00143462 0.00166414 -0.0181499 0.0895543 0.00166091 -0.00407499 -0.00143462 0.00166091 0.0107131 -0.0191109 0.00166414 -0.00407499 -0.0191109 0.0916433 
0.00968579 -0.0181299 -0.00144275 0.00163335 -0.0181299 0.089497 0.00162436 -0.00398715 -0.00144275 0.00162436 0.010688 -0.0191178 0.00163335 -0.00398715 -0.0191178 0.0916515 
0.00963093 -0.0180701 -0.00142551 0.00162862 -0.0180701 0.0893504 0.00162184 -0.00393012 -0.00142551 0.00162184 0.0106913 -0.0191077 0.00162862 -0.00393012 -0.0191077 0.0916632 
0.0095961 -0.0179912 -0.00141217 0.00161115 -0.0179912 0.0891426 0.00160821 -0.00389928 -0.00141217 0.00160821 0.0106613 -0.0190992 0.00161115 -0.00389928 -0.0190992 0.0916336 
0.00959906 -0.0179442 -0.00142305 0.00160872 -0.0179442 0.0889821 0.00160659 -0.00389632 -0.00142305 0.00160659 0.0106075 -0.0190655 0.00160872 -0.00389632 -0.0190655 0.0915777 
0.00960184 -0.0179255 -0.00140926 0.00163113 -0.0179255 0.0888706 0.00162953 -0.00393974 -0.00140926 0.00162953 0.0106033 -0.0190268 0.00163113 -0.00393974 -0.0190268 0.0915238 
0.00958922 -0.017924 -0.00137384 0.00158818 -0.017924 0.0888221 0.0015906 -0.00386867 -0.00137384 0.0015906 0.0106057 -0.0190122 0.00158818 -0.00386867 -0.0190122 0.0914573 
0.0095269 -0.0179002 -0.00132975 0.00152931 -0.0179002 0.0887585 0.00153447 -0.00372561 -0.00132975 0.00153447 0.0106447 -0.0190195 0.00152931 -0.00372561 -0.0190195 0.0914517 
0.00952737 -0.0178407 -0.00132916 0.00151324 -0.0178407 0.0886798 0.00151823 -0.00368091 -0.00132916 0.00151823 0.0106866 -0.019085 0.00151324 -0.00368091 -0.019085 0.0915823 
0.00955448 -0.0178316 -0.00136272 0.00150993 -0.0178316 0.0886037 0.00151384 -0.00365661 -0.00136272 0.00151384 0.0106635 -0.0191356 0.00150993 -0.00365661 -0.0191356 0.0917226 
0.0095728 -0.0178527 -0.00136819 0.00156105 -0.0178527 0.0886029 0.00156713 -0.00374646 -0.00136819 0.00156713 0.0106536 -0.0191334 0.00156105 -0.00374646 -0.0191334 0.0918096 
0.00959039 -0.017894 -0.00136968 0.00157165 -0.017894 0.0886927 0.00158107 -0.00382299 -0.00136968 0.00158107 0.0106288 -0.0190886 0.00157165 -0.00382299 -0.0190886 0.0917252 
0.00960315 -0.0179598 -0.00137211 0.00155015 -0.0179598 0.0888812 0.00155839 -0.0037851 -0.00137211 0.00155839 0.0105692 -0.0189969 0.00155015 -0.0037851 -0.0189969 0.0914709 
0.00956011 -0.0179319 -0.00135714 0.00154145 -0.0179319 0.0888574 0.00154437 -0.00372884 -0.00135714 0.00154437 0.0105246 -0.0189593 0.00154145 -0.00372884 -0.0189593 0.0913516 
0.00954571 -0.0178348 -0.00138345 0.00156623 -0.0178348 0.0886571 0.00156433 -0.00378733 -0.00138345 0.00156433 0.0105146 -0.0189761 0.00156623 -0.00378733 -0.0189761 0.0914227 
0.00959351 -0.017836 -0.00140067 0.0016018 -0.017836 0.088603 0.00159747 -0.00386504 -0.00140067 0.00159747 0.0105008 -0.018949 0.0016018 -0.00386504 -0.018949 0.0913902 
0.00962572 -0.0179397 -0.00138829 0.00160463 -0.0179397 0.0887984 0.00159732 -0.00388134 -0.00138829 0.00159732 0.0104663 -0.0188665 0.00160463 -0.00388134 -0.0188665 0.0911598 
0.00960713 -0.0179664 -0.00137095 0.00159404 -0.0179664 0.0889111 0.00158923 -0.003882 -0.00137095 0.00158923 0.0104681 -0.018823 0.00159404 -0.003882 -0.018823 0.0909941 
0.00956326 -0.0179324 -0.00135597 0.00155993 -0.0179324 0.0888808 0.00155934 -0.00381401 -0.00135597 0.00155934 0.010473 -0.0188236 0.00155993 -0.00381401 -0.0188236 0.0909298 
0.00952186 -0.0178889 -0.00132452 0.00153627 -0.0178889 0.0888068 0.00153949 -0.00374383 -0.00132452 0.00153949 0.0104899 -0.018821 0.00153627 -0.00374383 -0.018821 0.0908973 
0.0095214 -0.0178303 -0.00131346 0.00149497 -0.0178303 0.0886615 0.00149791 -0.00365068 -0.00131346 0.00149791 0.0104589 -0.0188261 0.00149497 -0.00365068 -0.0188261 0.0908745 
0.00951845 -0.0177732 -0.00130221 0.00150231 -0.0177732 0.0884417 0.00150467 -0.00364752 -0.00130221 0.00150467 0.0104488 -0.0188445 0.00150231 -0.00364752 -0.0188445 0.0909675 
0.00953025 -0.0177498 -0.0013096 0.0015095 -0.0177498 0.088306 0.00151275 -0.00368831 -0.0013096 0.00151275 0.0104533 -0.0188663 0.0015095 -0.00368831 -0.0188663 0.0910764 
0.00953633 -0.0177932 -0.00126875 0.00150954 -0.0177932 0.0883642 0.00151356 -0.00369187 -0.00126875 0.00151356 0.010474 -0.0188501 0.00150954 -0.00369187 -0.0188501 0.0910664 
0.00952211 -0.0178267 -0.00122461 0.00145253 -0.0178267 0.0884785 0.0014527 -0.00359207 -0.00122461 0.0014527 0.0104842 -0.0188501 0.00145253 -0.00359207 -0.0188501 0.0910275 
0.00952923 -0.0178377 -0.00123487 0.0013918 -0.0178377 0.0885788 0.00138684 -0.00343337 -0.00123487 0.00138684 0.0104497 -0.0188384 0.0013918 -0.00343337 -0.0188384 0.090972 
0.00953256 -0.0178222 -0.0012591 0.00141244 -0.0178222 0.0885712 0.0014067 -0.00340692 -0.0012591 0.0014067 0.0104337 -0.0188295 0.00141244 -0.00340692 -0.0188295 0.0909771 
0.00955649 -0.0178386 -0.00128702 0.0014643 -0.0178386 0.0886056 0.00145568 -0.00351559 -0.00128702 0.00145568 0.0104041 -0.0187894 0.0014643 -0.00351559 -0.0187894 0.0908891 
0.00952183 -0.0178351 -0.00122197 0.00149123 -0.0178351 0.0885709 0.00148471 -0.0036027 -0.00122197 0.00148471 0.0104263 -0.0187699 0.00149123 -0.0036027 -0.0187699 0.0908354 
0.0094748 -0.0178273 -0.00115239 0.001371 -0.0178273 0.0885671 0.00136669 -0.00340885 -0.00115239 0.00136669 0.0104118 -0.0187157 0.001371 -0.00340885 -0.0187157 0.0906268 
0.00943798 -0.0177383 -0.00111979 0.00131318 -0.0177383 0.0883942 0.00131336 -0.00325453 -0.00111979 0.00131336 0.0104414 -0.0187407 0.00131318 -0.00325453 -0.0187407 0.0906386 
0.00945524 -0.0177197 -0.00114056 0.00129191 -0.0177197 0.0883215 0.00129442 -0.00318725 -0.00114056 0.00129442 0.0104301 -0.0187535 0.00129191 -0.00318725 -0.0187535 0.0906422 
0.00947032 -0.0177474 -0.00116408 0.00130919 -0.0177474 0.0883405 0.00130974 -0.00317985 -0.00116408 0.00130974 0.0103797 -0.0187257 0.00130919 -0.00317985 -0.0187257 0.0905866 
0.00946468 -0.0177366 -0.00115762 0.00134988 -0.0177366 0.0883145 0.00134608 -0.00325535 -0.00115762 0.00134608 0.0103588 -0.0187077 0.00134988 -0.00325535 -0.0187077 0.0905919 
0.00944187 -0.0176845 -0.00114192 0.00133677 -0.0176845 0.0881755 0.00133033 -0.00325877 -0.00114192 0.00133033 0.0103703 -0.0187299 0.00133677 -0.00325877 -0.0187299 0.0906795 
0.00946352 -0.0176606 -0.00117819 0.00131522 -0.0176606 0.0880839 0.00130859 -0.00321767 -0.00117819 0.00130859 0.01036 -0.0187317 0.00131522 -0.00321767 -0.0187317 0.0907013 
0.00952352 -0.0176827 -0.00124512 0.00135582 -0.0176827 0.0880761 0.00135382 -0.00326345 -0.00124512 0.00135382 0.0103111 -0.0187187 0.00135582 -0.00326345 -0.0187187 0.0906859 
0.00961162 -0.0177859 -0.00130948 0.0014706 -0.0177859 0.0882869 0.00147543 -0.00351614 -0.00130948 0.00147543 0.0102706 -0.018653 0.0014706 -0.00351614 -0.018653 0.090572 
0.00965249 -0.0179059 -0.00132796 0.00151932 -0.0179059 0.0885738 0.00153059 -0.00368109 -0.00132796 0.00153059 0.0102367 -0.0185781 0.00151932 -0.00368109 -0.0185781 0.090366 
0.00968045 -0.0179624 -0.0013285 0.00154787 -0.0179624 0.0887939 0.00156182 -0.00379439 -0.0013285 0.00156182 0.0102337 -0.0185461 0.00154787 -0.00379439 -0.0185461 0.0902497 
0.00964415 -0.0179924 -0.00129975 0.00152511 -0.0179924 0.0889046 0.00153717 -0.00376839 -0.00129975 0.00153717 0.0102583 -0.0185354 0.00152511 -0.00376839 -0.0185354 0.0901824 
0.00959421 -0.0179624 -0.00129871 0.00147899 -0.0179624 0.0889144 0.00148505 -0.00365598 -0.00129871 0.00148505 0.010269 -0.0185507 0.00147899 -0.00365598 -0.0185507 0.0901686 
0.0095492 -0.0178969 -0.00130051 0.00148692 -0.0178969 0.0887982 0.0014854 -0.00361652 -0.00130051 0.0014854 0.0102738 -0.018565 0.00148692 -0.00361652 -0.018565 0.0901979 
0.00956931 -0.0178383 -0.00134467 0.00150609 -0.0178383 0.088649 0.00149693 -0.00364644 -0.00134467 0.00149693 0.0102346 -0.0185665 0.00150609 -0.00364644 -0.0185665 0.0902119 
0.00960832 -0.0178277 -0.00139351 0.001574 -0.0178277 0.0885365 0.0015595 -0.00377123 -0.00139351 0.0015595 0.0102163 -0.0185628 0.001574 -0.00377123 -0.0185628 0.0902628 
0.00965448 -0.0178542 -0.00141369 0.00163062 -0.0178542 0.0885126 0.00161795 -0.00391718 -0.00141369 0.00161795 0.0101698 -0.0185574 0.00163062 -0.00391718 -0.0185574 0.0902853 
0.00966853 -0.0179441 -0.0014168 0.00163994 -0.0179441 0.0886871 0.00163212 -0.00398336 -0.0014168 0.00163212 0.0101372 -0.0184582 0.00163994 -0.00398336 -0.0184582 0.0900879 
0.00970753 -0.0179489 -0.00144858 0.00166924 -0.0179489 0.0887697 0.00166072 -0.0040753 -0.00144858 0.00166072 0.0101076 -0.0184437 0.00166924 -0.0040753 -0.0184437 0.0900076 
0.0097363 -0.0179855 -0.00145738 0.00169615 -0.0179855 0.0888274 0.0016868 -0.00413761 -0.00145738 0.0016868 0.0100688 -0.0184094 0.00169615 -0.00413761 -0.0184094 0.0899307 
0.00976274 -0.0180237 -0.00145268 0.00170237 -0.0180237 0.0889189 0.00169853 -0.00417793 -0.00145268 0.00169853 0.0100485 -0.0183542 0.00170237 -0.00417793 -0.0183542 0.0898008 
0.00978319 -0.0180556 -0.00145508 0.00169791 -0.0180556 0.0889993 0.0017021 -0.00419976 -0.00145508 0.0017021 0.0100362 -0.01832 0.00169791 -0.00419976 -0.01832 0.0896816 
0.00978224 -0.0180644 -0.00145465 0.00166929 -0.0180644 0.0890277 0.00167995 -0.00412649 -0.00145465 0.00167995 0.0100302 -0.0183278 0.00166929 -0.00412649 -0.0183278 0.0896703 
0.00977812 -0.0180687 -0.00145921 0.00167929 -0.0180687 0.0890581 0.00169279 -0.00412321 -0.00145921 0.00169279 0.0100451 -0.0183323 0.00167929 -0.00412321 -0.0183323 0.0896973 
0.00977706 -0.0180557 -0.00145779 0.00169825 -0.0180557 0.0890427 0.00170883 -0.00416658 -0.00145779 0.00170883 0.0100688 -0.0183672 0.00169825 -0.00416658 -0.0183672 0.0897832 
0.00976978 -0.0180696 -0.00143444 0.00168796 -0.0180696 0.0890668 0.00169201 -0.00415083 -0.00143444 0.00169201 0.0100907 -0.0183714 0.00168796 -0.00415083 -0.0183714 0.0897974 
0.00974153 -0.0180854 -0.00140894 0.00165086 -0.0180854 0.0891206 0.00164792 -0.00406727 -0.00140894 0.00164792 0.0101054 -0.0183543 0.00165086 -0.00406727 -0.0183543 0.0897221 
0.00972866 -0.0180773 -0.00135772 0.00160547 -0.0180773 0.089158 0.00159621 -0.00393456 -0.00135772 0.00159621 0.010099 -0.0183359 0.00160547 -0.00393456 -0.0183359 0.0896162 
0.00967349 -0.0180286 -0.00133638 0.00154366 -0.0180286 0.0890477 0.00153079 -0.00378351 -0.00133638 0.00153079 0.010109 -0.0183534 0.00154366 -0.00378351 -0.0183534 0.0896328 
0.00961289 -0.0179316 -0.00132015 0.00154034 -0.0179316 0.0888275 0.00152923 -0.00374185 -0.00132015 0.00152923 0.0101385 -0.0184111 0.00154034 -0.00374185 -0.0184111 0.0897885 
0.00959354 -0.0178613 -0.00131163 0.00153327 -0.0178613 0.0886337 0.00152679 -0.00374447 -0.00131163 0.00152679 0.010138 -0.0184412 0.00153327 -0.00374447 -0.0184412 0.0898968 
0.00959526 -0.0178437 -0.00129921 0.00149909 -0.0178437 0.0885327 0.00150064 -0.00367711 -0.00129921 0.00150064 0.010101 -0.0184163 0.00149909 -0.00367711 -0.0184163 0.0898676 
0.00961437 -0.017848 -0.00129755 0.00149698 -0.017848 0.0885131 0.00150651 -0.00367057 -0.00129755 0.00150651 0.010073 -0.0183653 0.00149698 -0.00367057 -0.0183653 0.0897679 
0.00962936 -0.0178622 -0.00130947 0.00151355 -0.0178622 0.0885278 0.00152588 -0.00372096 -0.00130947 0.00152588 0.010077 -0.0183483 0.00151355 -0.00372096 -0.0183483 0.089716 
0.00965052 -0.0178668 -0.0013373 0.00156226 -0.0178668 0.0885343 0.0015681 -0.00384937 -0.0013373 0.0015681 0.01009 -0.0183838 0.00156226 -0.00384937 -0.0183838 0.0897918 
0.00966688 -0.0178894 -0.00132509 0.00156105 -0.0178894 0.0885605 0.00155654 -0.00384494 -0.00132509 0.00155654 0.0100789 -0.0183987 0.00156105 -0.00384494 -0.0183987 0.0898477 
0.00969061 -0.0179554 -0.0013035 0.00151856 -0.0179554 0.0887285 0.00151174 -0.00373989 -0.0013035 0.00151174 0.0100394 -0.0183305 0.00151856 -0.00373989 -0.0183305 0.0896966 
0.00966291 -0.0179582 -0.00125656 0.00148766 -0.0179582 0.0887708 0.00149028 -0.0036529 -0.00125656 0.00149028 0.0100539 -0.0183001 0.00148766 -0.0036529 -0.0183001 0.0896009 
0.00965153 -0.0179276 -0.00124653 0.00143856 -0.0179276 0.0887346 0.00144903 -0.00356541 -0.00124653 0.00144903 0.0100403 -0.0183099 0.00143856 -0.00356541 -0.0183099 0.0895706 
0.00967452 -0.0178947 -0.00128291 0.00144467 -0.0178947 0.088649 0.00145128 -0.00354437 -0.00128291 0.00145128 0.0100219 -0.0183292 0.00144467 -0.00354437 -0.0183292 0.0896438 
0.00969211 -0.0179299 -0.00128839 0.00148347 -0.0179299 0.0886694 0.0014833 -0.00358914 -0.00128839 0.0014833 0.00999164 -0.0182867 0.00148347 -0.00358914 -0.0182867 0.0895822 
0.00969644 -0.017989 -0.00124772 0.00148997 -0.017989 0.0888312 0.00148139 -0.00361449 -0.00124772 0.00148139 0.0099773 -0.0182147 0.00148997 -0.00361449 -0.0182147 0.0893947 
0.00971596 -0.0179849 -0.00121991 0.00146134 -0.0179849 0.088881 0.00145141 -0.00360322 -0.00121991 0.00145141 0.00995415 -0.0182042 0.00146134 -0.00360322 -0.0182042 0.0893121 
0.00970206 -0.0179986 -0.00118877 0.00140118 -0.0179986 0.0888948 0.00139672 -0.00347176 -0.00118877 0.00139672 0.00994445 -0.0181748 0.00140118 -0.00347176 -0.0181748 0.0892376 
0.00966879 -0.0179427 -0.00117311 0.00136701 -0.0179427 0.0887761 0.00136618 -0.00336923 -0.00117311 0.00136618 0.00995648 -0.0182052 0.00136701 -0.00336923 -0.0182052 0.089303 
0.00963412 -0.0179056 -0.00114823 0.00134279 -0.0179056 0.0886679 0.00134349 -0.00328979 -0.00114823 0.00134349 0.0099691 -0.018208 0.00134279 -0.00328979 -0.018208 0.089324 
0.00960022 -0.0178355 -0.00112447 0.00132651 -0.0178355 0.0884809 0.0013263 -0.00325154 -0.00112447 0.0013263 0.0100025 -0.0182435 0.00132651 -0.00325154 -0.0182435 0.0894097 
0.00962347 -0.0178085 -0.00115081 0.00131888 -0.0178085 0.0883833 0.00131841 -0.00325028 -0.00115081 0.00131841 0.00999411 -0.0182744 0.00131888 -0.00325028 -0.0182744 0.0894823 
0.00963544 -0.0178629 -0.00116301 0.00132379 -0.0178629 0.0884614 0.00132827 -0.00322961 -0.00116301 0.00132827 0.00999387 -0.0182382 0.00132379 -0.00322961 -0.0182382 0.089422 
0.00963141 -0.0178732 -0.00121394 0.00135631 -0.0178732 0.0885174 0.00136533 -0.00330852 -0.00121394 0.00136533 0.00999721 -0.0182486 0.00135631 -0.00330852 -0.0182486 0.0894203 
0.00968358 -0.0178804 -0.00125679 0.00142264 -0.0178804 0.088574 0.00142669 -0.00343897 -0.00125679 0.00142669 0.00997059 -0.0182578 0.00142264 -0.00343897 -0.0182578 0.0894474 
0.00973899 -0.017955 -0.00129341 0.00149117 -0.017955 0.0887183 0.0014909 -0.00361806 -0.00129341 0.0014909 0.0099503 -0.0182202 0.00149117 -0.00361806 -0.0182202 0.0893978 
0.00976624 -0.018018 -0.00129233 0.00151831 -0.018018 0.0888758 0.00151806 -0.00371282 -0.00129233 0.00151806 0.00993868 -0.0182024 0.00151831 -0.00371282 -0.0182024 0.0893473 
0.00976272 -0.0180288 -0.00129419 0.00152845 -0.0180288 0.0889268 0.00152762 -0.00377762 -0.00129419 0.00152762 0.00995617 -0.018212 0.00152845 -0.00377762 -0.018212 0.0893755 
0.00974791 -0.0180534 -0.00125845 0.00150163 -0.0180534 0.0889996 0.00149547 -0.00371491 -0.00125845 0.00149547 0.00994951 -0.0181878 0.00150163 -0.00371491 -0.0181878 0.0892955 
0.00969989 -0.0180441 -0.00121699 0.00144458 -0.0180441 0.0890165 0.00143291 -0.00357463 -0.00121699 0.00143291 0.00995063 -0.0181568 0.00144458 -0.00357463 -0.0181568 0.0891882 
0.00966075 -0.0179302 -0.00120053 0.00138919 -0.0179302 0.0887694 0.00137599 -0.00341967 -0.00120053 0.00137599 0.00994098 -0.0181994 0.00138919 -0.00341967 -0.0181994 0.0892574 
0.00965269 -0.0178494 -0.00121433 0.00138035 -0.0178494 0.0884928 0.00137502 -0.00336688 -0.00121433 0.00137502 0.00992466 -0.0182087 0.00138035 -0.00336688 -0.0182087 0.0893318 
0.00967261 -0.0178615 -0.00120257 0.00141252 -0.0178615 0.0884422 0.00141649 -0.00343175 -0.00120257 0.00141649 0.00990162 -0.0181693 0.00141252 -0.00343175 -0.0181693 0.0892707 
0.00964885 -0.0178773 -0.00117117 0.00141576 -0.0178773 0.0884499 0.00142393 -0.00349936 -0.00117117 0.00142393 0.00992439 -0.0181517 0.00141576 -0.00349936 -0.0181517 0.0892248 
0.00967264 -0.01787 -0.00118671 0.00138668 -0.01787 0.088481 0.00139146 -0.00348 -0.00118671 0.00139146 0.00992758 -0.0181695 0.00138668 -0.00348 -0.0181695 0.0892234 
