0.00898721 0 -0.000145045 0 0 0.01 0 0 -0.000145045 0 0.00548824 0 0 0 0 0.01 
0.0123493 -0.0152931 -0.000195595 0.000236085 -0.0152931 0.0384981 0.000236085 -0.000452319 -0.000195595 0.000236085 0.00807923 -0.0100758 0.000236085 -0.000452319 -0.0100758 0.0284933 
0.0121127 -0.0221303 -0.000328117 0.000401683 -0.0221303 0.0797471 0.000401683 -0.00124626 -0.000328117 0.000401683 0.00841901 -0.0162637 0.000401683 -0.00124626 -0.0162637 0.061339 
0.0114096 -0.0209391 -0.000391891 0.000387179 -0.0209391 0.0912766 0.000380989 -0.00108626 -0.000391891 0.000380989 0.00802139 -0.0168694 0.000387179 -0.00108626 -0.0168694 0.0780355 
0.0114651 -0.0200394 -0.000436032 0.000448694 -0.0200394 0.0924071 0.000434671 -0.0010825 -0.000436032 0.000434671 0.00789074 -0.0164119 0.000448694 -0.0010825 -0.0164119 0.0832805 
0.0117473 -0.0201705 -0.00040923 0.000472742 -0.0201705 0.093385 0.000456587 -0.0011244 -0.00040923 0.000456587 0.00793151 -0.0160771 0.000472742 -0.0011244 -0.0160771 0.084208 
0.0118754 -0.0204355 -0.00033475 0.000424212 -0.0204355 0.0943956 0.000407867 -0.00104953 -0.00033475 0.000407867 0.00801739 -0.016003 0.000424212 -0.00104953 -0.016003 0.0841925 
0.0118839 -0.0205351 -0.000240364 0.000315132 -0.0205351 0.0949709 0.000301283 -0.00080315 -0.000240364 0.000301283 0.0080981 -0.0160342 0.000315132 -0.00080315 -0.0160342 0.0841387 
0.0118638 -0.0205149 -0.000175065 0.000200494 -0.0205149 0.0950983 0.000190425 -0.000511743 -0.000175065 0.000190425 0.00816831 -0.016109 0.000200494 -0.000511743 -0.016109 0.0842054 
0.0118539 -0.0204993 -0.000201502 0.000173532 -0.0204993 0.0950952 0.00016686 -0.000413205 -0.000201502 0.00016686 0.00820902 -0.0161932 0.000173532 -0.000413205 -0.0161932 0.0843731 
0.0118427 -0.020486 -0.000241924 0.000186081 -0.020486 0.0950578 0.000184494 -0.000383929 -0.000241924 0.000184494 0.00822346 -0.0162582 0.000186081 -0.000383929 -0.0162582 0.0845696 
0.0118247 -0.0204808 -0.000302748 0.00024926 -0.0204808 0.0950447 0.000254808 -0.000509892 -0.000302748 0.000254808 0.00825583 -0.0162902 0.00024926 -0.000509892 -0.0162902 0.0847231 
0.0117567 -0.0203905 -0.000350127 0.000330215 -0.0203905 0.0948071 0.000337673 -0.000712574 -0.000350127 0.000337673 0.00826236 -0.0163732 0.000330215 -0.000712574 -0.0163732 0.0849488 
0.0117109 -0.020325 -0.000371459 0.000378987 -0.020325 0.0946318 0.000382659 -0.00085726 -0.000371459 0.000382659 0.00824604 -0.0163701 0.000378987 -0.00085726 -0.0163701 0.0850319 
0.0117251 -0.0202886 -0.000391 0.000445102 -0.0202886 0.094531 0.000442798 -0.00105013 -0.000391 0.000442798 0.00819379 -0.0163297 0.000445102 -0.00105013 -0.0163297 0.0849748 
0.0117545 -0.0203335 -0.00038308 0.000455723 -0.0203335 0.0945991 0.000453683 -0.00112099 -0.00038308 0.000453683 0.00818446 -0.0162357 0.000455723 -0.00112099 -0.0162357 0.0847675 
0.0117659 -0.0203752 -0.000365724 0.000426763 -0.0203752 0.0947106 0.000427701 -0.00108123 -0.000365724 0.000427701 0.00819181 -0.0162018 0.000426763 -0.00108123 -0.0162018 0.0845859 
0.0117584 -0.0203957 -0.000374629 0.000409288 -0.0203957 0.0947959 0.000413983 -0.00104403 -0.000374629 0.000413983 0.00819563 -0.0162051 0.000409288 -0.00104403 -0.0162051 0.0845161 
0.0117119 -0.0203328 -0.000398888 0.000421741 -0.0203328 0.0946597 0.00042779 -0.00105223 -0.000398888 0.00042779 0.00819474 -0.0162504 0.000421741 -0.00105223 -0.0162504 0.0846096 
0.0116628 -0.0202763 -0.000403997 0.000433668 -0.0202763 0.0945106 0.000436569 -0.00105295 -0.000403997 0.000436569 0.00820071 -0.0162417 0.000433668 -0.00105295 -0.0162417 0.0846331 
0.0116343 -0.0202485 -0.000408351 0.000474043 -0.0202485 0.0944493 0.000473865 -0.0011504 -0.000408351 0.000473865 0.00824003 -0.0162266 0.000474043 -0.0011504 -0.0162266 0.0845966 
0.0116612 -0.02023 -0.000374081 0.000449731 -0.02023 0.0944168 0.000447105 -0.00111643 -0.000374081 0.000447105 0.00823361 -0.0162512 0.000449731 -0.00111643 -0.0162512 0.0845854 
0.0116872 -0.0202416 -0.00032171 0.000401253 -0.0202416 0.0943923 0.00040137 -0.00101427 -0.00032171 0.00040137 0.00822538 -0.0162673 0.000401253 -0.00101427 -0.0162673 0.0846425 
0.0116832 -0.0202695 -0.000315405 0.00034133 -0.0202695 0.0944292 0.000339801 -0.000878279 -0.000315405 0.000339801 0.00822773 -0.0162655 0.00034133 -0.000878279 -0.0162655 0.0846694 
0.0116431 -0.0202802 -0.000304565 0.000330389 -0.0202802 0.094488 0.000320356 -0.000788411 -0.000304565 0.000320356 0.0082601 -0.0162587 0.000330389 -0.000788411 -0.0162587 0.0846553 
0.01162 -0.0202261 -0.000286018 0.0003171 -0.0202261 0.09442 0.000304798 -0.000737326 -0.000286018 0.000304798 0.00826525 -0.0163018 0.0003171 -0.000737326 -0.0163018 0.0847207 
0.0116284 -0.0202021 -0.00029381 0.000319444 -0.0202021 0.0943518 0.000312175 -0.00075652 -0.00029381 0.000312175 0.00824806 -0.0163097 0.000319444 -0.00075652 -0.0163097 0.0847752 
0.0116313 -0.0201916 -0.000270298 0.000312399 -0.0201916 0.0942801 0.00030965 -0.000742284 -0.000270298 0.00030965 0.00822198 -0.0162965 0.000312399 -0.000742284 -0.0162965 0.0847796 
0.0115993 -0.0201826 -0.000283421 0.000296466 -0.0201826 0.0942244 0.000301152 -0.000733201 -0.000283421 0.000301152 0.00825531 -0.0162769 0.000296466 -0.000733201 -0.0162769 0.0847659 
0.0115739 -0.0201305 -0.000288852 0.000299142 -0.0201305 0.0941036 0.000307615 -0.000721187 -0.000288852 0.000307615 0.00827636 -0.0163177 0.000299142 -0.000721187 -0.0163177 0.084814 
0.0115317 -0.020115 -0.000288496 0.000276156 -0.020115 0.0940464 0.000283959 -0.000651667 -0.000288496 0.000283959 0.00830217 -0.0163227 0.000276156 -0.000651667 -0.0163227 0.0848225 
0.0114852 -0.0200873 -0.000270552 0.000299856 -0.0200873 0.0940202 0.000303694 -0.000681402 -0.000270552 0.000303694 0.00834311 -0.0163381 0.000299856 -0.000681402 -0.0163381 0.08483 
0.0114584 -0.0200378 -0.000270686 0.000305833 -0.0200378 0.0939409 0.000310056 -0.000739754 -0.000270686 0.000310056 0.00836086 -0.0163859 0.000305833 -0.000739754 -0.0163859 0.0849055 
0.0114467 -0.019969 -0.000253467 0.000276656 -0.019969 0.0937507 0.000283851 -0.000683728 -0.000253467 0.000283851 0.00834299 -0.0164266 0.000276656 -0.000683728 -0.0164266 0.0850226 
0.01147 -0.0199707 -0.000219808 0.000254156 -0.0199707 0.0937019 0.000259169 -0.000617023 -0.000219808 0.000259169 0.00829784 -0.0163907 0.000254156 -0.000617023 -0.0163907 0.0850007 
0.0114492 -0.0200046 -0.000212267 0.000216084 -0.0200046 0.0937509 0.000215819 -0.000528948 -0.000212267 0.000215819 0.00828944 -0.0163227 0.000216084 -0.000528948 -0.0163227 0.084857 
0.011438 -0.020002 -0.000243331 0.000230544 -0.020002 0.0938049 0.000226435 -0.000537684 -0.000243331 0.000226435 0.00828453 -0.0162829 0.000230544 -0.000537684 -0.0162829 0.0846928 
0.0114006 -0.0199689 -0.000233817 0.000230472 -0.0199689 0.0937415 0.00022306 -0.000498126 -0.000233817 0.00022306 0.00832015 -0.0162784 0.000230472 -0.000498126 -0.0162784 0.0846245 
0.0113661 -0.0199066 -0.00023087 0.000252896 -0.0199066 0.0935907 0.000244511 -0.000561921 -0.00023087 0.000244511 0.00833686 -0.016329 0.000252896 -0.000561921 -0.016329 0.0846844 
0.0113727 -0.0198861 -0.000257323 0.000274693 -0.0198861 0.0935245 0.000270413 -0.000654501 -0.000257323 0.000270413 0.00832777 -0.0163418 0.000274693 -0.000654501 -0.0163418 0.084736 
0.0113563 -0.0198922 -0.000260675 0.000288505 -0.0198922 0.0935075 0.00028837 -0.000694399 -0.000260675 0.00028837 0.00834245 -0.0163312 0.000288505 -0.000694399 -0.0163312 0.0847383 
0.0113126 -0.0198657 -0.000237447 0.000272971 -0.0198657 0.0934605 0.000277914 -0.000667302 -0.000237447 0.000277914 0.00839257 -0.016359 0.000272971 -0.000667302 -0.016359 0.0847907 
0.0112706 -0.0198272 -0.000240952 0.000264759 -0.0198272 0.0933983 0.000270968 -0.000667502 -0.000240952 0.000270968 0.00843772 -0.0164134 0.000264759 -0.000667502 -0.0164134 0.0848964 
0.0112587 -0.0197706 -0.000234308 0.000262317 -0.0197706 0.0932725 0.000271149 -0.000656032 -0.000234308 0.000271149 0.00844776 -0.0164766 0.000262317 -0.000656032 -0.0164766 0.0850546 
0.0112588 -0.0197383 -0.000260935 0.000255991 -0.0197383 0.0931437 0.000265964 -0.000647757 -0.000260935 0.000265964 0.00842312 -0.0164979 0.000255991 -0.000647757 -0.0164979 0.0851648 
0.0112465 -0.0197532 -0.000294232 0.000305433 -0.0197532 0.0931423 0.000307462 -0.000728758 -0.000294232 0.000307462 0.00843447 -0.0164536 0.000305433 -0.000728758 -0.0164536 0.0851176 
0.0112572 -0.0197269 -0.000305366 0.000330069 -0.0197269 0.093093 0.000322895 -0.000775962 -0.000305366 0.000322895 0.00842434 -0.0164645 0.000330069 -0.000775962 -0.0164645 0.0850922 
0.0112813 -0.0197295 -0.000275172 0.000308976 -0.0197295 0.093057 0.000299099 -0.000717727 -0.000275172 0.000299099 0.0083899 -0.0164525 0.000308976 -0.000717727 -0.0164525 0.0850684 
0.0112885 -0.0197716 -0.000214438 0.000280739 -0.0197716 0.0931311 0.000274965 -0.000662326 -0.000214438 0.000274965 0.00837867 -0.0164021 0.000280739 -0.000662326 -0.0164021 0.0849673 
0.0112644 -0.0197905 -0.000168947 0.000216497 -0.0197905 0.0932119 0.000218279 -0.000558534 -0.000168947 0.000218279 0.00839913 -0.0163855 0.000216497 -0.000558534 -0.0163855 0.0848926 
0.0112488 -0.0197784 -0.000166934 0.000175479 -0.0197784 0.0932476 0.00017583 -0.000459165 -0.000166934 0.00017583 0.00842287 -0.0164027 0.000175479 -0.000459165 -0.0164027 0.0848869 
0.0112374 -0.0197573 -0.000113329 0.000155976 -0.0197573 0.0932183 0.000146315 -0.000354441 -0.000113329 0.000146315 0.00844784 -0.0164373 0.000155976 -0.000354441 -0.0164373 0.0849557 
0.0112492 -0.019748 -9.29545e-05 0.000122348 -0.019748 0.0931964 0.000111758 -0.000302894 -9.29545e-05 0.000111758 0.00846238 -0.0164736 0.000122348 -0.000302894 -0.0164736 0.0850544 
0.0112944 -0.0197574 -0.000109397 0.000105217 -0.0197574 0.0931976 0.000101341 -0.000270106 -0.000109397 0.000101341 0.00841933 -0.0165021 0.000105217 -0.000270106 -0.0165021 0.0851515 
0.0113276 -0.0198039 -0.000126811 0.000124379 -0.0198039 0.0932627 0.000120934 -0.000288572 -0.000126811 0.000120934 0.00837016 -0.016461 0.000124379 -0.000288572 -0.016461 0.0851431 
0.0113524 -0.0198568 -0.000134086 0.000139094 -0.0198568 0.0933952 0.000133279 -0.000316455 -0.000134086 0.000133279 0.0083343 -0.016388 0.000139094 -0.000316455 -0.016388 0.0850001 
0.0113367 -0.0198611 -8.17393e-05 9.4686e-05 -0.0198611 0.0934216 9.26913e-05 -0.000206596 -8.17393e-05 9.26913e-05 0.00831612 -0.0163464 9.4686e-05 -0.000206596 -0.0163464 0.0848663 
0.0112984 -0.019836 -6.15416e-05 4.23343e-05 -0.019836 0.0933786 5.10491e-05 -0.000106187 -6.15416e-05 5.10491e-05 0.00832926 -0.0163208 4.23343e-05 -0.000106187 -0.0163208 0.084771 
0.0112854 -0.0197861 -5.87488e-05 5.87069e-05 -0.0197861 0.0932707 7.37815e-05 -0.000140927 -5.87488e-05 7.37815e-05 0.00834148 -0.0163334 5.87069e-05 -0.000140927 -0.0163334 0.0847547 
0.0112874 -0.0197934 -3.30426e-05 4.96834e-05 -0.0197934 0.0932607 6.12487e-05 -0.000133424 -3.30426e-05 6.12487e-05 0.00836572 -0.0163323 4.96834e-05 -0.000133424 -0.0163323 0.0847389 
0.011324 -0.019788 1.24122e-05 2.13996e-05 -0.019788 0.0932415 2.54977e-05 -8.00704e-05 1.24122e-05 2.54977e-05 0.00835633 -0.0163728 2.13996e-05 -8.00704e-05 -0.0163728 0.0848062 
0.0113259 -0.019806 -1.26762e-05 -2.89126e-05 -0.019806 0.0932245 -3.28819e-05 2.97546e-05 -1.26762e-05 -3.28819e-05 0.00835168 -0.0163901 -2.89126e-05 2.97546e-05 -0.0163901 0.0848993 
0.0113283 -0.0198111 -3.63249e-05 -7.86946e-06 -0.0198111 0.0932389 -2.49784e-05 7.85785e-05 -3.63249e-05 -2.49784e-05 0.00834256 -0.0163886 -7.86946e-06 7.85785e-05 -0.0163886 0.0849365 
0.0113465 -0.0198132 -6.2382e-06 1.4285e-05 -0.0198132 0.0932487 -9.43939e-06 6.81687e-05 -6.2382e-06 -9.43939e-06 0.00830479 -0.0163739 1.4285e-05 6.81687e-05 -0.0163739 0.0849189 
0.0113619 -0.0198613 1.45868e-05 -9.7265e-06 -0.0198613 0.0933616 -2.46409e-05 6.5955e-05 1.45868e-05 -2.46409e-05 0.00829287 -0.0163037 -9.7265e-06 6.5955e-05 -0.0163037 0.0847732 
0.0113412 -0.01988 3.7769e-05 -3.05486e-05 -0.01988 0.0934399 -3.2659e-05 8.16316e-05 3.7769e-05 -3.2659e-05 0.00831194 -0.0162827 -3.05486e-05 8.16316e-05 -0.0162827 0.0846626 
0.0112904 -0.0198357 4.12142e-05 -5.36211e-05 -0.0198357 0.0933746 -4.48441e-05 0.000101874 4.12142e-05 -4.48441e-05 0.00833552 -0.0163173 -5.36211e-05 0.000101874 -0.0163173 0.0846857 
0.0112635 -0.0197608 2.332e-05 -6.52765e-05 -0.0197608 0.0932101 -5.1806e-05 0.000133978 2.332e-05 -5.1806e-05 0.00832648 -0.0163533 -6.52765e-05 0.000133978 -0.0163533 0.0847697 
0.0112336 -0.0197545 -3.1825e-05 -1.3204e-05 -0.0197545 0.093163 -4.35262e-06 3.82089e-05 -3.1825e-05 -4.35262e-06 0.00834331 -0.016319 -1.3204e-05 3.82089e-05 -0.016319 0.0847337 
0.0112137 -0.0197141 -7.70395e-05 5.33476e-05 -0.0197141 0.0930833 5.28726e-05 -9.35541e-05 -7.70395e-05 5.28726e-05 0.00836548 -0.0163332 5.33476e-05 -9.35541e-05 -0.0163332 0.0847213 
0.0111674 -0.0196758 -8.1808e-05 9.60131e-05 -0.0196758 0.0929672 8.98623e-05 -0.000193291 -8.1808e-05 8.98623e-05 0.00840923 -0.0163679 9.60131e-05 -0.000193291 -0.0163679 0.0847813 
0.01118 -0.0196452 -3.16988e-05 3.88567e-05 -0.0196452 0.0929132 2.91593e-05 -6.86343e-05 -3.16988e-05 2.91593e-05 0.00840573 -0.0164012 3.88567e-05 -6.86343e-05 -0.0164012 0.0848403 
0.0111884 -0.0196664 -4.03288e-05 1.40946e-05 -0.0196664 0.0929282 4.78931e-06 -1.16874e-05 -4.03288e-05 4.78931e-06 0.00840541 -0.0163966 1.40946e-05 -1.16874e-05 -0.0163966 0.0848613 
0.0112003 -0.0196956 -6.08742e-05 3.65604e-05 -0.0196956 0.0930144 2.94919e-05 -3.85602e-05 -6.08742e-05 2.94919e-05 0.00840566 -0.0163856 3.65604e-05 -3.85602e-05 -0.0163856 0.084834 
0.0112435 -0.0197154 -5.29337e-05 6.53284e-05 -0.0197154 0.0930879 6.37038e-05 -0.000114592 -5.29337e-05 6.37038e-05 0.00838979 -0.0163871 6.53284e-05 -0.000114592 -0.0163871 0.0848275 
0.0113046 -0.0197365 -2.99008e-05 6.30431e-05 -0.0197365 0.0931052 6.97945e-05 -0.000167844 -2.99008e-05 6.97945e-05 0.00833267 -0.0163925 6.30431e-05 -0.000167844 -0.0163925 0.0848576 
0.011348 -0.0197975 1.69759e-06 -5.90808e-06 -0.0197975 0.093193 7.61928e-06 -3.69803e-05 1.69759e-06 7.61928e-06 0.0082786 -0.0163379 -5.90808e-06 -3.69803e-05 -0.0163379 0.0848022 
0.011357 -0.0198493 6.65191e-05 -5.27263e-05 -0.0198493 0.0933166 -4.14281e-05 0.000107801 6.65191e-05 -4.14281e-05 0.00826719 -0.0162725 -5.27263e-05 0.000107801 -0.0162725 0.0846681 
0.0113066 -0.0198595 9.91883e-05 -0.000101114 -0.0198595 0.0933797 -9.75546e-05 0.000213693 9.91883e-05 -9.75546e-05 0.0083032 -0.0162561 -0.000101114 0.000213693 -0.0162561 0.0845816 
0.0112836 -0.0198006 6.42523e-05 -0.000116359 -0.0198006 0.0933103 -0.000119805 0.000265942 6.42523e-05 -0.000119805 0.00830309 -0.0162975 -0.000116359 0.000265942 -0.0162975 0.0846135 
0.0112429 -0.0197645 6.41859e-05 -9.06165e-05 -0.0197645 0.0932011 -0.000103297 0.00027837 6.41859e-05 -0.000103297 0.00833239 -0.0162993 -9.06165e-05 0.00027837 -0.0162993 0.0846488 
0.01119 -0.0197153 8.54854e-05 -9.23259e-05 -0.0197153 0.0930841 -0.000108586 0.00027986 8.54854e-05 -0.000108586 0.008389 -0.0163259 -9.23259e-05 0.00027986 -0.0163259 0.084687 
0.011159 -0.0196541 9.67669e-05 -0.000111029 -0.0196541 0.0929434 -0.000123774 0.000294191 9.67669e-05 -0.000123774 0.00841846 -0.0163888 -0.000111029 0.000294191 -0.0163888 0.0847936 
0.0111275 -0.0196055 0.000121007 -0.000135734 -0.0196055 0.0927947 -0.00013964 0.000347747 0.000121007 -0.00013964 0.0084357 -0.0164373 -0.000135734 0.000347747 -0.0164373 0.0849342 
0.0111002 -0.0195765 0.000129254 -0.000154587 -0.0195765 0.0927061 -0.000149107 0.000373756 0.000129254 -0.000149107 0.00845433 -0.0164518 -0.000154587 0.000373756 -0.0164518 0.0850066 
0.0111023 -0.0195312 0.000103867 -0.000150106 -0.0195312 0.0925864 -0.000141441 0.000356136 0.000103867 -0.000141441 0.00842427 -0.0164768 -0.000150106 0.000356136 -0.0164768 0.085069 
0.0111003 -0.0195364 7.75693e-05 -0.000116323 -0.0195364 0.09255 -0.00011097 0.000297136 7.75693e-05 -0.00011097 0.00841048 -0.0164319 -0.000116323 0.000297136 -0.0164319 0.0850165 
0.0110801 -0.0195423 8.7425e-05 -0.000114176 -0.0195423 0.0925641 -0.000111183 0.000302947 8.7425e-05 -0.000111183 0.0084386 -0.0163984 -0.000114176 0.000302947 -0.0163984 0.084912 
0.0110378 -0.0195179 8.82123e-05 -8.96182e-05 -0.0195179 0.0925305 -8.69427e-05 0.000226071 8.82123e-05 -8.69427e-05 0.00847836 -0.0164269 -8.96182e-05 0.000226071 -0.0164269 0.084902 
0.0110213 -0.0194744 9.04638e-05 -8.95636e-05 -0.0194744 0.0924579 -8.37386e-05 0.000190803 9.04638e-05 -8.37386e-05 0.00849882 -0.0164735 -8.95636e-05 0.000190803 -0.0164735 0.0849798 
0.0109817 -0.019419 0.000131685 -0.000137252 -0.019419 0.0922912 -0.00012882 0.000304314 0.000131685 -0.00012882 0.00852891 -0.0165244 -0.000137252 0.000304314 -0.0165244 0.0851229 
0.010938 -0.0193787 0.000137538 -0.000171212 -0.0193787 0.092174 -0.000163892 0.000388746 0.000137538 -0.000163892 0.00855551 -0.0165551 -0.000171212 0.000388746 -0.0165551 0.0852206 
0.0109419 -0.0193434 0.000139222 -0.000188416 -0.0193434 0.092099 -0.00019092 0.000478308 0.000139222 -0.00019092 0.00855034 -0.0165746 -0.000188416 0.000478308 -0.0165746 0.0852766 
0.0109773 -0.0193802 0.0001066 -0.000149586 -0.0193802 0.0921683 -0.000162089 0.000416029 0.0001066 -0.000162089 0.00852891 -0.0165432 -0.000149586 0.000416029 -0.0165432 0.0852233 
0.0109902 -0.0194123 0.000107558 -0.00010883 -0.0194123 0.0922395 -0.000120607 0.000317982 0.000107558 -0.000120607 0.00851919 -0.0165242 -0.00010883 0.000317982 -0.0165242 0.0851706 
0.0110013 -0.019421 9.82068e-05 -0.000126623 -0.019421 0.0922787 -0.000127521 0.000303719 9.82068e-05 -0.000127521 0.00850496 -0.0165178 -0.000126623 0.000303719 -0.0165178 0.0851424 
0.010977 -0.0194204 0.000117063 -0.000163904 -0.0194204 0.0922749 -0.000156693 0.000412273 0.000117063 -0.000156693 0.00851031 -0.0165105 -0.000163904 0.000412273 -0.0165105 0.0851315 
0.0109692 -0.0194142 0.000122444 -0.000148827 -0.0194142 0.0922956 -0.000137532 0.000381991 0.000122444 -0.000137532 0.00851945 -0.016499 -0.000148827 0.000381991 -0.016499 0.0850903 
0.0109416 -0.0193746 8.87371e-05 -0.000123736 -0.0193746 0.0921951 -0.00011282 0.000288673 8.87371e-05 -0.00011282 0.00853087 -0.0165236 -0.000123736 0.000288673 -0.0165236 0.085123 
0.0109444 -0.0193273 0.000105712 -0.000135078 -0.0193273 0.0920595 -0.00012638 0.000335444 0.000105712 -0.00012638 0.00851443 -0.0165454 -0.000135078 0.000335444 -0.0165454 0.0851846 
0.0109186 -0.0193403 0.000107493 -0.000151126 -0.0193403 0.0920351 -0.000149972 0.000382747 0.000107493 -0.000149972 0.00854372 -0.0165135 -0.000151126 0.000382747 -0.0165135 0.0851477 
0.0108667 -0.0193079 0.000123575 -0.000136997 -0.0193079 0.0919814 -0.000143506 0.00037352 0.000123575 -0.000143506 0.00859296 -0.0165449 -0.000136997 0.00037352 -0.0165449 0.0851617 
0.0108104 -0.0192491 0.000157685 -0.000139134 -0.0192491 0.0918709 -0.00014655 0.000351839 0.000157685 -0.00014655 0.00863136 -0.0166026 -0.000139134 0.000351839 -0.0166026 0.0852633 
0.0107744 -0.0191749 0.000190964 -0.000204973 -0.0191749 0.0917022 -0.000210395 0.000473438 0.000190964 -0.000210395 0.00864322 -0.016654 -0.000204973 0.000473438 -0.016654 0.0853957 
0.0107591 -0.0191255 0.000233108 -0.000253108 -0.0191255 0.0915502 -0.000259878 0.000615828 0.000233108 -0.000259878 0.00864101 -0.0166654 -0.000253108 0.000615828 -0.0166654 0.0854629 
0.010744 -0.0191242 0.000235063 -0.000294682 -0.0191242 0.0915139 -0.000301694 0.000724981 0.000235063 -0.000301694 0.00866151 -0.0166423 -0.000294682 0.000724981 -0.0166423 0.0854249 
0.0107422 -0.0191146 0.000216513 -0.000294694 -0.0191146 0.0915023 -0.000298604 0.000763966 0.000216513 -0.000298604 0.00867893 -0.016658 -0.000294694 0.000763966 -0.016658 0.0854136 
0.0107163 -0.0191263 0.000178742 -0.000249096 -0.0191263 0.091532 -0.000252447 0.000673165 0.000178742 -0.000252447 0.00872668 -0.0166748 -0.000249096 0.000673165 -0.0166748 0.0854391 
0.0106995 -0.0190932 0.000178915 -0.000203268 -0.0190932 0.0914947 -0.000201436 0.000554085 0.000178915 -0.000201436 0.00875872 -0.0167437 -0.000203268 0.000554085 -0.0167437 0.0855717 
0.0107019 -0.0190639 0.000175781 -0.000197438 -0.0190639 0.0914159 -0.00019048 0.000478333 0.000175781 -0.00019048 0.00875827 -0.0167992 -0.000197438 0.000478333 -0.0167992 0.0857415 
0.0107318 -0.0190867 0.000182087 -0.000202476 -0.0190867 0.0914494 -0.000203539 0.00048344 0.000182087 -0.000203539 0.00873835 -0.0167933 -0.000202476 0.00048344 -0.0167933 0.0857995 
0.0107717 -0.0191173 0.000166602 -0.000183494 -0.0191173 0.0915075 -0.000190483 0.000436743 0.000166602 -0.000190483 0.00869958 -0.0167729 -0.000183494 0.000436743 -0.0167729 0.0857854 
0.0108304 -0.0191491 0.000151279 -0.000160506 -0.0191491 0.0915616 -0.000161271 0.000372135 0.000151279 -0.000161271 0.00862322 -0.0167351 -0.000160506 0.000372135 -0.0167351 0.0857263 
0.0108816 -0.0192194 0.000158343 -0.000196514 -0.0192194 0.0916942 -0.000185497 0.000449727 0.000158343 -0.000185497 0.00856157 -0.0166422 -0.000196514 0.000449727 -0.0166422 0.085555 
0.0109306 -0.0193115 0.000171466 -0.000227171 -0.0193115 0.0919355 -0.000216603 0.000555818 0.000171466 -0.000216603 0.00852719 -0.01654 -0.000227171 0.000555818 -0.01654 0.0852895 
0.010956 -0.0193759 0.000161817 -0.000212416 -0.0193759 0.0921378 -0.000211817 0.000553688 0.000161817 -0.000211817 0.00852806 -0.0164911 -0.000212416 0.000553688 -0.0164911 0.0850927 
0.0110174 -0.019414 0.000139469 -0.00016928 -0.019414 0.0922806 -0.000178299 0.000456407 0.000139469 -0.000178299 0.00849494 -0.0164925 -0.00016928 0.000456407 -0.0164925 0.0850233 
0.0110599 -0.0194458 0.000117648 -0.000148911 -0.0194458 0.0923222 -0.000157407 0.000391252 0.000117648 -0.000157407 0.00843752 -0.0164911 -0.000148911 0.000391252 -0.0164911 0.085047 
0.0110895 -0.019503 9.66571e-05 -0.000138299 -0.019503 0.0924406 -0.000143974 0.000361368 9.66571e-05 -0.000143974 0.00838282 -0.0164215 -0.000138299 0.000361368 -0.0164215 0.08495 
0.0111196 -0.0195443 0.000122565 -0.000130607 -0.0195443 0.092565 -0.000132525 0.000350975 0.000122565 -0.000132525 0.00832532 -0.0163428 -0.000130607 0.000350975 -0.0163428 0.0847624 
0.0111627 -0.0196007 0.000124079 -0.000142732 -0.0196007 0.0927244 -0.000138878 0.000338237 0.000124079 -0.000138878 0.00829063 -0.0162494 -0.000142732 0.000338237 -0.0162494 0.0845163 
0.0111383 -0.0196361 0.000136686 -0.000154486 -0.0196361 0.0928166 -0.000151593 0.000371391 0.000136686 -0.000151593 0.00831883 -0.016211 -0.000154486 0.000371391 -0.016211 0.084355 
0.0111225 -0.0196472 0.000122288 -0.000142134 -0.0196472 0.0929212 -0.000140242 0.000335247 0.000122288 -0.000140242 0.00837058 -0.01622 -0.000142134 0.000335247 -0.01622 0.0842863 
0.0110899 -0.0195959 9.57862e-05 -0.000107431 -0.0195959 0.09283 -0.000105568 0.000244664 9.57862e-05 -0.000105568 0.00843257 -0.0163122 -0.000107431 0.000244664 -0.0163122 0.0844429 
0.0111017 -0.0195502 9.89577e-05 -0.000118512 -0.0195502 0.0927065 -0.00011552 0.000273241 9.89577e-05 -0.00011552 0.00844609 -0.0164094 -0.000118512 0.000273241 -0.0164094 0.0847008 
0.0111446 -0.0195636 0.000116215 -0.000140685 -0.0195636 0.0926747 -0.000138749 0.000343156 0.000116215 -0.000138749 0.00842155 -0.0164425 -0.000140685 0.000343156 -0.0164425 0.0848834 
0.0111058 -0.0196091 0.000124811 -0.000146813 -0.0196091 0.0927343 -0.000148205 0.000367442 0.000124811 -0.000148205 0.00846409 -0.0164251 -0.000146813 0.000367442 -0.0164251 0.0849345 
0.0110896 -0.0195171 0.000131653 -0.000144552 -0.0195171 0.0925657 -0.000148672 0.000360744 0.000131653 -0.000148672 0.0084398 -0.0165053 -0.000144552 0.000360744 -0.0165053 0.0850924 
0.0111019 -0.0195101 0.000136277 -0.000143944 -0.0195101 0.0924853 -0.000152919 0.000353576 0.000136277 -0.000152919 0.00840439 -0.0164627 -0.000143944 0.000353576 -0.0164627 0.0850947 
0.0111311 -0.0195489 0.000112195 -0.000141997 -0.0195489 0.0925525 -0.000149418 0.000341523 0.000112195 -0.000149418 0.00836078 -0.0163891 -0.000141997 0.000341523 -0.0163891 0.0849311 
0.0111507 -0.019618 7.15918e-05 -0.000132727 -0.019618 0.092738 -0.00013529 0.000340709 7.15918e-05 -0.00013529 0.00836228 -0.0163059 -0.000132727 0.000340709 -0.0163059 0.0846952 
0.0111761 -0.0196271 5.59468e-05 -7.20688e-05 -0.0196271 0.0928085 -6.84417e-05 0.000220551 5.59468e-05 -6.84417e-05 0.0083474 -0.0163147 -7.20688e-05 0.000220551 -0.0163147 0.0846141 
0.0111872 -0.0196477 7.95299e-05 -6.69717e-05 -0.0196477 0.0928476 -5.86567e-05 0.000165566 7.95299e-05 -5.86567e-05 0.00835394 -0.0163116 -6.69717e-05 0.000165566 -0.0163116 0.0846085 
0.0112113 -0.0196691 0.000128372 -0.000127054 -0.0196691 0.0929111 -0.000122824 0.000284941 0.000128372 -0.000122824 0.00833675 -0.0163214 -0.000127054 0.000284941 -0.0163214 0.0846229 
0.0111955 -0.0196832 0.00011664 -0.0001737 -0.0196832 0.0929383 -0.00017548 0.000406793 0.00011664 -0.00017548 0.00834542 -0.0163168 -0.0001737 0.000406793 -0.0163168 0.0846429 
0.0111899 -0.0196805 7.56307e-05 -0.00013182 -0.0196805 0.0929686 -0.000133524 0.00036382 7.56307e-05 -0.000133524 0.00835101 -0.0163174 -0.00013182 0.00036382 -0.0163174 0.0846418 
0.0111783 -0.0196586 1.20642e-05 -6.15316e-05 -0.0196586 0.0929186 -5.68734e-05 0.000192843 1.20642e-05 -5.68734e-05 0.00835902 -0.0163326 -6.15316e-05 0.000192843 -0.0163326 0.084677 
0.0111531 -0.0196401 -5.16032e-05 7.4895e-06 -0.0196401 0.0928616 1.89536e-05 1.38205e-05 -5.16032e-05 1.89536e-05 0.00838526 -0.0163442 7.4895e-06 1.38205e-05 -0.0163442 0.0847131 
0.0111707 -0.0196274 -0.000123618 9.38185e-05 -0.0196274 0.0928405 9.93328e-05 -0.000200846 -0.000123618 9.93328e-05 0.00839027 -0.0163615 9.38185e-05 -0.000200846 -0.0163615 0.0847371 
0.0112002 -0.0196347 -0.000127391 0.000150503 -0.0196347 0.092823 0.000149469 -0.000329672 -0.000127391 0.000149469 0.0083759 -0.0163793 0.000150503 -0.000329672 -0.0163793 0.0847878 
0.0111705 -0.0196641 -8.52736e-05 0.000122869 -0.0196641 0.0928578 0.000123986 -0.00030908 -8.52736e-05 0.000123986 0.00840776 -0.0163677 0.000122869 -0.00030908 -0.0163677 0.0847937 
0.0111717 -0.0196474 -7.99596e-05 0.000116627 -0.0196474 0.0928814 0.000122365 -0.000334797 -7.99596e-05 0.000122365 0.0084171 -0.0163997 0.000116627 -0.000334797 -0.0163997 0.0848319 
0.0111922 -0.0196526 -9.59988e-05 0.000100282 -0.0196526 0.0928942 0.000110926 -0.000301145 -9.59988e-05 0.000110926 0.00842065 -0.0164203 0.000100282 -0.000301145 -0.0164203 0.0849038 
0.0112096 -0.0196792 -0.000108048 9.68217e-05 -0.0196792 0.0929464 9.93096e-05 -0.000248364 -0.000108048 9.93096e-05 0.0084128 -0.0164246 9.68217e-05 -0.000248364 -0.0164246 0.0849343 
0.0112273 -0.0197087 -0.000114177 9.21271e-05 -0.0197087 0.0930321 8.64217e-05 -0.000193402 -0.000114177 8.64217e-05 0.00839558 -0.0164091 9.21271e-05 -0.000193402 -0.0164091 0.0849119 
0.0111966 -0.0197114 -0.000103112 0.00010079 -0.0197114 0.093045 8.92955e-05 -0.000182464 -0.000103112 8.92955e-05 0.00841309 -0.0164 0.00010079 -0.000182464 -0.0164 0.0848959 
0.0111492 -0.0196686 -7.62056e-05 9.07358e-05 -0.0196686 0.0929791 7.74457e-05 -0.000170684 -7.62056e-05 7.74457e-05 0.00843536 -0.0164175 9.07358e-05 -0.000170684 -0.0164175 0.0849056 
0.0111525 -0.0196387 -7.06882e-05 8.57742e-05 -0.0196387 0.0929366 7.61148e-05 -0.000193043 -7.06882e-05 7.61148e-05 0.00841793 -0.0164252 8.57742e-05 -0.000193043 -0.0164252 0.0849064 
0.0111599 -0.0196269 -4.62793e-05 6.50951e-05 -0.0196269 0.0928763 6.2705e-05 -0.000156962 -4.62793e-05 6.2705e-05 0.00840014 -0.0164147 6.50951e-05 -0.000156962 -0.0164147 0.0849081 
0.0111187 -0.0196126 2.44048e-05 5.19333e-06 -0.0196126 0.0928058 9.00596e-06 -2.16255e-05 2.44048e-05 9.00596e-06 0.0084266 -0.0164028 5.19333e-06 -2.16255e-05 -0.0164028 0.0848943 
