0.00746775 0 0.00198845 0 0 0.01 0 0 0.00198845 0 0.0068404 0 0 0 0 0.01 
0.0105055 -0.0130377 0.00244228 -0.00298874 -0.0130377 0.0341734 -0.00298874 0.00573087 0.00244228 -0.00298874 0.00970717 -0.0120604 -0.00298874 0.00573087 -0.0120604 0.0322997 
0.0104322 -0.0195334 0.0021388 -0.00339347 -0.0195334 0.0715779 -0.00339347 0.0106769 0.0021388 -0.00339347 0.00981917 -0.018361 -0.00339347 0.0106769 -0.018361 0.0678883 
0.00973398 -0.0189868 0.00202067 -0.00246966 -0.0189868 0.0849491 -0.00245011 0.00810216 0.00202067 -0.00245011 0.00936792 -0.018361 -0.00246966 0.00810216 -0.018361 0.082625 
0.00971353 -0.0181771 0.00212235 -0.00231299 -0.0181771 0.0877512 -0.00227221 0.00597929 0.00212235 -0.00227221 0.00932303 -0.0178594 -0.00231299 0.00597929 -0.0178594 0.0867055 
0.00988921 -0.0181201 0.00217642 -0.00249701 -0.0181201 0.0886656 -0.00246293 0.00581506 0.00217642 -0.00246293 0.00946424 -0.0176867 -0.00249701 0.00581506 -0.0176867 0.0877391 
0.00997068 -0.0182075 0.00214823 -0.00253837 -0.0182075 0.0891376 -0.00251967 0.00602984 0.00214823 -0.00251967 0.00958449 -0.0177558 -0.00253837 0.00602984 -0.0177558 0.0881387 
0.00998499 -0.0182479 0.00213318 -0.00252388 -0.0182479 0.0893616 -0.00251249 0.00616804 0.00213318 -0.00251249 0.009659 -0.0178313 -0.00252388 0.00616804 -0.0178313 0.0883622 
0.00998132 -0.0182495 0.00208244 -0.00248577 -0.0182495 0.0894077 -0.00247543 0.00613096 0.00208244 -0.00247543 0.00970602 -0.0178755 -0.00248577 0.00613096 -0.0178755 0.0884517 
0.0100256 -0.0182729 0.00201533 -0.00242735 -0.0182729 0.0894773 -0.00241582 0.00601679 0.00201533 -0.00241582 0.00968198 -0.0179036 -0.00242735 0.00601679 -0.0179036 0.0884861 
0.0100891 -0.0183356 0.00198645 -0.00233967 -0.0183356 0.0896107 -0.00233394 0.00582173 0.00198645 -0.00233394 0.00963075 -0.0178816 -0.00233967 0.00582173 -0.0178816 0.088474 
0.0101538 -0.0184014 0.00195181 -0.00230392 -0.0184014 0.0897583 -0.00230843 0.00569122 0.00195181 -0.00230843 0.00959129 -0.0178512 -0.00230392 0.00569122 -0.0178512 0.0884633 
0.0101562 -0.0184699 0.00193814 -0.00223901 -0.0184699 0.0899158 -0.00225011 0.00552874 0.00193814 -0.00225011 0.00958519 -0.0178108 -0.00223901 0.00552874 -0.0178108 0.088391 
0.0101499 -0.0184619 0.0019011 -0.0022222 -0.0184619 0.0899577 -0.00223084 0.00543083 0.0019011 -0.00223084 0.00957614 -0.0178194 -0.0022222 0.00543083 -0.0178194 0.0883952 
0.0101538 -0.0184739 0.00187877 -0.00220191 -0.0184739 0.0900094 -0.00220721 0.00539337 0.00187877 -0.00220721 0.00956725 -0.0177986 -0.00220191 0.00539337 -0.0177986 0.0883696 
0.0101543 -0.0184594 0.00185379 -0.00218218 -0.0184594 0.0899854 -0.00218553 0.00535236 0.00185379 -0.00218553 0.00954538 -0.0178033 -0.00218218 0.00535236 -0.0178033 0.0883808 
0.0101173 -0.0184284 0.00184164 -0.00215697 -0.0184284 0.0898902 -0.00215962 0.00530273 0.00184164 -0.00215962 0.009572 -0.0178018 -0.00215697 0.00530273 -0.0178018 0.0884174 
0.0101209 -0.0184133 0.0018831 -0.00219467 -0.0184133 0.0898749 -0.00219305 0.00539993 0.0018831 -0.00219305 0.00960879 -0.0178209 -0.00219467 0.00539993 -0.0178209 0.0884495 
0.0100845 -0.0184363 0.00190565 -0.00220543 -0.0184363 0.0899161 -0.00220278 0.00541326 0.00190565 -0.00220278 0.00965078 -0.0178366 -0.00220543 0.00541326 -0.0178366 0.088446 
0.0100697 -0.0184271 0.0019684 -0.00226696 -0.0184271 0.0899771 -0.00226211 0.00555279 0.0019684 -0.00226211 0.00968675 -0.0178832 -0.00226696 0.00555279 -0.0178832 0.0885258 
0.0100749 -0.0183872 0.00200258 -0.00233136 -0.0183872 0.0899034 -0.00232512 0.0056968 0.00200258 -0.00232512 0.00970566 -0.0179517 -0.00233136 0.0056968 -0.0179517 0.088699 
0.0100868 -0.0183657 0.00196675 -0.00233319 -0.0183657 0.0897986 -0.00233079 0.00571921 0.00196675 -0.00233079 0.00967312 -0.0179858 -0.00233319 0.00571921 -0.0179858 0.0888253 
0.0100866 -0.0183859 0.00193072 -0.00228685 -0.0183859 0.0898006 -0.00228998 0.00565532 0.00193072 -0.00228998 0.00964335 -0.0179403 -0.00228685 0.00565532 -0.0179403 0.088795 
0.0100747 -0.0183863 0.00190575 -0.0022485 -0.0183863 0.0898064 -0.00225454 0.00557057 0.00190575 -0.00225454 0.00963236 -0.0178994 -0.0022485 0.00557057 -0.0178994 0.0887069 
0.0100511 -0.0183619 0.00186812 -0.00222708 -0.0183619 0.0897564 -0.00223207 0.00551174 0.00186812 -0.00223207 0.00963411 -0.0178845 -0.00222708 0.00551174 -0.0178845 0.0886424 
0.0100466 -0.0183751 0.00177055 -0.00216725 -0.0183751 0.0897936 -0.00216595 0.00537374 0.00177055 -0.00216595 0.00960812 -0.017827 -0.00216725 0.00537374 -0.017827 0.0884551 
0.0100366 -0.0183779 0.00172857 -0.00205539 -0.0183779 0.0898183 -0.00204781 0.00514415 0.00172857 -0.00204781 0.00960176 -0.0177783 -0.00205539 0.00514415 -0.0177783 0.0882904 
0.0100723 -0.0183196 0.00172302 -0.00201014 -0.0183196 0.0896834 -0.00199971 0.00497333 0.00172302 -0.00199971 0.00956458 -0.0178065 -0.00201014 0.00497333 -0.0178065 0.0883078 
0.0101255 -0.018358 0.00172603 -0.0019817 -0.018358 0.0896681 -0.00197431 0.00484892 0.00172603 -0.00197431 0.00951434 -0.017751 -0.0019817 0.00484892 -0.017751 0.0882218 
0.0101424 -0.0183757 0.00175257 -0.00202167 -0.0183757 0.0896555 -0.00201966 0.00491923 0.00175257 -0.00201966 0.00953023 -0.0177474 -0.00202167 0.00491923 -0.0177474 0.088243 
0.0101827 -0.0184189 0.00176648 -0.00207468 -0.0184189 0.0897541 -0.00207367 0.00506439 0.00176648 -0.00207367 0.0095252 -0.017765 -0.00207468 0.00506439 -0.017765 0.088277 
0.0101838 -0.0184887 0.00178212 -0.00209285 -0.0184887 0.0899341 -0.00209488 0.00515697 0.00178212 -0.00209488 0.00954972 -0.0177614 -0.00209285 0.00515697 -0.0177614 0.088298 
0.0101548 -0.0184747 0.00180201 -0.00209871 -0.0184747 0.0899764 -0.0021033 0.00518422 0.00180201 -0.0021033 0.00959352 -0.0178197 -0.00209871 0.00518422 -0.0178197 0.0884287 
0.0101173 -0.0184562 0.00183334 -0.00210321 -0.0184562 0.0899738 -0.00210616 0.00517348 0.00183334 -0.00210616 0.00962795 -0.0178634 -0.00210321 0.00517348 -0.0178634 0.088549 
0.0100773 -0.0184309 0.00186698 -0.0021416 -0.0184309 0.0899576 -0.00213875 0.00522041 0.00186698 -0.00213875 0.00965975 -0.0178896 -0.0021416 0.00522041 -0.0178896 0.0886198 
0.0100705 -0.0183921 0.00186764 -0.00218999 -0.0183921 0.0899003 -0.00218281 0.00532131 0.00186764 -0.00218281 0.00967509 -0.0179187 -0.00218999 0.00532131 -0.0179187 0.0886829 
0.010069 -0.0183706 0.00183096 -0.00217418 -0.0183706 0.0898207 -0.00216688 0.00532204 0.00183096 -0.00216688 0.0096679 -0.0179346 -0.00217418 0.00532204 -0.0179346 0.0887205 
0.0100659 -0.0183893 0.0018021 -0.00212387 -0.0183893 0.0898467 -0.00211933 0.00523294 0.0018021 -0.00211933 0.00965574 -0.0179036 -0.00212387 0.00523294 -0.0179036 0.0886567 
0.0100849 -0.0183898 0.00176819 -0.00209785 -0.0183898 0.089873 -0.00209673 0.00516395 0.00176819 -0.00209673 0.00963287 -0.0178829 -0.00209785 0.00516395 -0.0178829 0.0885831 
0.010099 -0.0184247 0.00177957 -0.00205264 -0.0184247 0.0899433 -0.00205865 0.00507424 0.00177957 -0.00205865 0.00962682 -0.0178423 -0.00205264 0.00507424 -0.0178423 0.0884824 
0.0100825 -0.0184277 0.00179742 -0.00207594 -0.0184277 0.0899708 -0.00208437 0.00508731 0.00179742 -0.00208437 0.00965832 -0.0178502 -0.00207594 0.00508731 -0.0178502 0.0884612 
0.010007 -0.018386 0.00179004 -0.00208962 -0.018386 0.0898832 -0.0020969 0.00511358 0.00179004 -0.0020969 0.00971033 -0.0179112 -0.00208962 0.00511358 -0.0179112 0.0885829 
0.00995616 -0.018296 0.0017802 -0.00208814 -0.018296 0.0897079 -0.00208919 0.00512418 0.0017802 -0.00208919 0.00972146 -0.0179778 -0.00208814 0.00512418 -0.0179778 0.0887511 
0.00995883 -0.0182218 0.00177318 -0.00208731 -0.0182218 0.0894997 -0.00208414 0.0051311 0.00177318 -0.00208414 0.00970172 -0.0179947 -0.00208731 0.0051311 -0.0179947 0.0888573 
0.00996687 -0.01823 0.00177526 -0.00208581 -0.01823 0.089432 -0.00208775 0.00514697 0.00177526 -0.00208775 0.0096894 -0.0179547 -0.00208581 0.00514697 -0.0179547 0.0888148 
0.00997085 -0.0181966 0.00176338 -0.00207198 -0.0181966 0.0893081 -0.0020787 0.00512033 0.00176338 -0.0020787 0.00966971 -0.0179671 -0.00207198 0.00512033 -0.0179671 0.088832 
0.0100111 -0.0182139 0.00175838 -0.00206883 -0.0182139 0.0893013 -0.00208057 0.00512473 0.00175838 -0.00208057 0.00963309 -0.0179322 -0.00206883 0.00512473 -0.0179322 0.0887788 
0.0100024 -0.0182645 0.0017963 -0.00206431 -0.0182645 0.0893813 -0.00208095 0.00512677 0.0017963 -0.00208095 0.00965215 -0.0178869 -0.00206431 0.00512677 -0.0178869 0.0886819 
0.00994104 -0.0182564 0.00182131 -0.00210391 -0.0182564 0.0894136 -0.00211678 0.00517486 0.00182131 -0.00211678 0.00972625 -0.0179084 -0.00210391 0.00517486 -0.0179084 0.0886653 
0.00991909 -0.0182255 0.0018021 -0.0021214 -0.0182255 0.0894188 -0.00212134 0.00519733 0.0018021 -0.00212134 0.00974503 -0.0179528 -0.0021214 0.00519733 -0.0179528 0.0886826 
0.0099177 -0.0181699 0.00175289 -0.00210028 -0.0181699 0.0892922 -0.0020902 0.00516154 0.00175289 -0.0020902 0.00972922 -0.0180053 -0.00210028 0.00516154 -0.0180053 0.0888146 
0.00993093 -0.0181897 0.00175057 -0.00206345 -0.0181897 0.0893006 -0.00205591 0.0051115 0.00175057 -0.00205591 0.00972748 -0.0179759 -0.00206345 0.0051115 -0.0179759 0.0888205 
0.00994228 -0.0181976 0.00176445 -0.00205372 -0.0181976 0.0893222 -0.00205274 0.00506977 0.00176445 -0.00205274 0.00974437 -0.0179803 -0.00205372 0.00506977 -0.0179803 0.0888161 
0.00991842 -0.0182235 0.00178575 -0.00205708 -0.0182235 0.0893803 -0.00206208 0.00505403 0.00178575 -0.00206208 0.00977612 -0.0179937 -0.00205708 0.00505403 -0.0179937 0.0888304 
0.00987658 -0.0181734 0.00179299 -0.00207123 -0.0181734 0.0893008 -0.00207604 0.0050588 0.00179299 -0.00207604 0.00980293 -0.0180589 -0.00207123 0.0050588 -0.0180589 0.0889748 
0.00984946 -0.0181382 0.00181366 -0.00209867 -0.0181382 0.0892294 -0.00209732 0.00512092 0.00181366 -0.00209732 0.00982062 -0.0180826 -0.00209867 0.00512092 -0.0180826 0.0890711 
0.00986719 -0.0181254 0.00187221 -0.00215694 -0.0181254 0.0892108 -0.00215104 0.00526791 0.00187221 -0.00215104 0.0098186 -0.0180921 -0.00215694 0.00526791 -0.0180921 0.0891105 
0.00989001 -0.0181761 0.00186264 -0.00221897 -0.0181761 0.0893185 -0.00221475 0.00541612 0.00186264 -0.00221475 0.00982094 -0.0180564 -0.00221897 0.00541612 -0.0180564 0.0890223 
0.00992886 -0.0181831 0.00187178 -0.00219426 -0.0181831 0.0893493 -0.00219267 0.00543083 0.00187178 -0.00219267 0.00980733 -0.0180796 -0.00219426 0.00543083 -0.0180796 0.0890397 
0.00992765 -0.0182063 0.00188299 -0.0021955 -0.0182063 0.0893699 -0.00219856 0.00541837 0.00188299 -0.00219856 0.00983184 -0.0180961 -0.0021955 0.00541837 -0.0180961 0.0891138 
0.00990869 -0.0182033 0.00185164 -0.00217791 -0.0182033 0.0893717 -0.00218349 0.00535556 0.00185164 -0.00218349 0.00983676 -0.0181238 -0.00217791 0.00535556 -0.0181238 0.0891765 
0.0099081 -0.0182093 0.0018103 -0.00212894 -0.0182093 0.0894071 -0.0021355 0.00524323 0.0018103 -0.0021355 0.00981249 -0.0180984 -0.00212894 0.00524323 -0.0180984 0.0891332 
0.00988537 -0.0182082 0.00176074 -0.00205386 -0.0182082 0.0894057 -0.00205879 0.00504495 0.00176074 -0.00205879 0.00979033 -0.0180464 -0.00205386 0.00504495 -0.0180464 0.0890011 
0.00986517 -0.0181483 0.00173355 -0.00202523 -0.0181483 0.0892788 -0.00202345 0.00494661 0.00173355 -0.00202345 0.00977453 -0.0180469 -0.00202523 0.00494661 -0.0180469 0.0889799 
0.00983831 -0.0180776 0.00177599 -0.00204765 -0.0180776 0.0890669 -0.00204427 0.00501131 0.00177599 -0.00204427 0.00979667 -0.0180825 -0.00204765 0.00501131 -0.0180825 0.0891023 
0.00983586 -0.0181063 0.0017988 -0.00211194 -0.0181063 0.089101 -0.00211083 0.00516058 0.0017988 -0.00211083 0.00980591 -0.0180462 -0.00211194 0.00516058 -0.0180462 0.0890231 
0.00984906 -0.0181246 0.00178505 -0.00213199 -0.0181246 0.0891739 -0.00213396 0.00525773 0.00178505 -0.00213396 0.00980531 -0.018032 -0.00213199 0.00525773 -0.018032 0.0889327 
0.00985067 -0.0181424 0.00173716 -0.00208362 -0.0181424 0.0892254 -0.00208692 0.00518316 0.00173716 -0.00208692 0.00981081 -0.0180166 -0.00208362 0.00518316 -0.0180166 0.0888535 
0.00983013 -0.0181155 0.00172698 -0.00203448 -0.0181155 0.0891697 -0.00203334 0.0050728 0.00172698 -0.00203334 0.00983792 -0.0180588 -0.00203448 0.0050728 -0.0180588 0.088934 
0.00982045 -0.018085 0.00172941 -0.00203544 -0.018085 0.089096 -0.00202745 0.00503001 0.00172941 -0.00202745 0.00984724 -0.0181091 -0.00203544 0.00503001 -0.0181091 0.0890722 
0.00982583 -0.0180641 0.00168128 -0.00199641 -0.0180641 0.0890068 -0.001988 0.00490805 0.00168128 -0.001988 0.00981854 -0.01811 -0.00199641 0.00490805 -0.01811 0.0891156 
0.00984912 -0.0180695 0.00164416 -0.00195828 -0.0180695 0.0889878 -0.00195685 0.00483781 0.00164416 -0.00195685 0.00978074 -0.0180811 -0.00195828 0.00483781 -0.0180811 0.08909 
0.00986181 -0.0181194 0.00161977 -0.00190959 -0.0181194 0.0890856 -0.00191244 0.00473305 0.00161977 -0.00191244 0.00975457 -0.0180074 -0.00190959 0.00473305 -0.0180074 0.0889258 
0.00985488 -0.0180909 0.00162871 -0.00188464 -0.0180909 0.0890413 -0.0018869 0.00465403 0.00162871 -0.0018869 0.00976209 -0.0180147 -0.00188464 0.00465403 -0.0180147 0.0889078 
0.00986108 -0.0180839 0.0016413 -0.00189513 -0.0180839 0.0890033 -0.00189565 0.00463788 0.0016413 -0.00189565 0.0097715 -0.0180198 -0.00189513 0.00463788 -0.0180198 0.0889117 
0.00987591 -0.0180827 0.00164199 -0.00191488 -0.0180827 0.0889789 -0.00191489 0.00467367 0.00164199 -0.00191489 0.00975619 -0.0180453 -0.00191488 0.00467367 -0.0180453 0.0889716 
0.00990514 -0.0181377 0.00169052 -0.00194303 -0.0181377 0.0891101 -0.00194647 0.00476988 0.00169052 -0.00194647 0.00974369 -0.0180125 -0.00194303 0.00476988 -0.0180125 0.0889372 
0.00994085 -0.0182079 0.0017498 -0.00199414 -0.0182079 0.0893207 -0.00200198 0.00488115 0.0017498 -0.00200198 0.00971865 -0.0179685 -0.00199414 0.00488115 -0.0179685 0.0888129 
0.00996523 -0.0182342 0.00179344 -0.00207427 -0.0182342 0.0894293 -0.00208016 0.00506016 0.00179344 -0.00208016 0.00972408 -0.0179629 -0.00207427 0.00506016 -0.0179629 0.0887883 
0.00999326 -0.0182807 0.00185013 -0.00214005 -0.0182807 0.0895596 -0.00214213 0.0052505 0.00185013 -0.00214213 0.00972579 -0.0179645 -0.00214005 0.0052505 -0.0179645 0.0887812 
0.00996244 -0.0182942 0.00190202 -0.00217215 -0.0182942 0.0896014 -0.00217281 0.00532717 0.00190202 -0.00217281 0.00975089 -0.0179832 -0.00217215 0.00532717 -0.0179832 0.0888268 
0.00993517 -0.0182631 0.00190375 -0.00222491 -0.0182631 0.0895761 -0.00222207 0.00541806 0.00190375 -0.00222207 0.00976885 -0.0180075 -0.00222491 0.00541806 -0.0180075 0.0888753 
0.00993552 -0.0182479 0.0018899 -0.00223751 -0.0182479 0.0895545 -0.00223018 0.00548525 0.0018899 -0.00223018 0.00976716 -0.0180086 -0.00223751 0.00548525 -0.0180086 0.0888749 
0.00997391 -0.0182314 0.00186474 -0.00221732 -0.0182314 0.0894996 -0.00221094 0.00546868 0.00186474 -0.00221094 0.00972725 -0.0180169 -0.00221732 0.00546868 -0.0180169 0.0888926 
0.0100022 -0.0182626 0.00188426 -0.00218378 -0.0182626 0.0895073 -0.00218459 0.00540814 0.00188426 -0.00218459 0.00971718 -0.0179824 -0.00218378 0.00540814 -0.0179824 0.0888631 
0.00999998 -0.0183131 0.00187672 -0.00217652 -0.0183131 0.0896135 -0.00218139 0.00533652 0.00187672 -0.00218139 0.00971085 -0.0179438 -0.00217652 0.00533652 -0.0179438 0.0887388 
0.0100091 -0.0183181 0.0018855 -0.00220361 -0.0183181 0.0896843 -0.0022063 0.0053985 0.0018855 -0.0022063 0.00971453 -0.0179477 -0.00220361 0.0053985 -0.0179477 0.0887186 
0.00998231 -0.0183196 0.00190927 -0.00221366 -0.0183196 0.0896893 -0.00221625 0.00544029 0.00190927 -0.00221625 0.00974494 -0.0179664 -0.00221366 0.00544029 -0.0179664 0.0887691 
0.00993758 -0.0182923 0.00198356 -0.00226187 -0.0182923 0.0896618 -0.00226326 0.00554918 0.00198356 -0.00226326 0.00980226 -0.0180129 -0.00226187 0.00554918 -0.0180129 0.0888791 
0.00991104 -0.0182099 0.00204868 -0.00234448 -0.0182099 0.089482 -0.0023403 0.00570597 0.00204868 -0.0023403 0.00984234 -0.0181103 -0.00234448 0.00570597 -0.0181103 0.0891105 
0.00990633 -0.0181931 0.00211591 -0.00242368 -0.0181931 0.0893954 -0.00241555 0.00589465 0.00211591 -0.00241555 0.00985812 -0.0181448 -0.00242368 0.00589465 -0.0181448 0.0892437 
0.00992279 -0.0182132 0.00215111 -0.00251342 -0.0182132 0.0894339 -0.00250701 0.00612193 0.00215111 -0.00250701 0.00986798 -0.0181442 -0.00251342 0.00612193 -0.0181442 0.0892671 
0.00996658 -0.0182421 0.00213494 -0.0025466 -0.0182421 0.0895069 -0.00254494 0.00626209 0.00213494 -0.00254494 0.00985247 -0.018149 -0.0025466 0.00626209 -0.018149 0.0892674 
0.0100165 -0.0182598 0.00211334 -0.00249798 -0.0182598 0.0895192 -0.00250216 0.0062081 0.00211334 -0.00250216 0.00979076 -0.0181631 -0.00249798 0.0062081 -0.0181631 0.0893204 
0.0100692 -0.0183188 0.00209986 -0.00245777 -0.0183188 0.0896127 -0.00246882 0.00610155 0.00209986 -0.00246882 0.0097178 -0.018092 -0.00245777 0.00610155 -0.018092 0.0892389 
0.0100623 -0.0183832 0.00204519 -0.0024144 -0.0183832 0.0897519 -0.00242899 0.00596514 0.00204519 -0.00242899 0.00967844 -0.0179823 -0.0024144 0.00596514 -0.0179823 0.0889915 
0.0100118 -0.0183407 0.00198678 -0.00235197 -0.0183407 0.0897022 -0.00236186 0.00581528 0.00198678 -0.00236186 0.00968772 -0.0179497 -0.00235197 0.00581528 -0.0179497 0.0888485 
0.00999133 -0.0183067 0.00193212 -0.00229697 -0.0183067 0.0896424 -0.00229844 0.00567307 0.00193212 -0.00229844 0.00968511 -0.0179174 -0.00229697 0.00567307 -0.0179174 0.0887023 
0.00998135 -0.0183049 0.00189201 -0.00223423 -0.0183049 0.0896372 -0.00222865 0.00551323 0.00189201 -0.00222865 0.00968018 -0.0178744 -0.00223423 0.00551323 -0.0178744 0.0885273 
0.00996168 -0.0182491 0.00187586 -0.00219627 -0.0182491 0.0895028 -0.00218813 0.00540137 0.00187586 -0.00218813 0.00970194 -0.0179075 -0.00219627 0.00540137 -0.0179075 0.0885524 
0.00993076 -0.0182867 0.00186026 -0.00218134 -0.0182867 0.0895718 -0.00217492 0.00534588 0.00186026 -0.00217492 0.00973527 -0.0178762 -0.00218134 0.00534588 -0.0178762 0.0884607 
0.00994886 -0.0182647 0.00184892 -0.00218549 -0.0182647 0.0895994 -0.00217504 0.0053553 0.00184892 -0.00217504 0.00974064 -0.0179171 -0.00218549 0.0053553 -0.0179171 0.0884897 
0.0099929 -0.0182455 0.00184401 -0.00217246 -0.0182455 0.0895283 -0.00216279 0.0053436 0.00184401 -0.00216279 0.00971789 -0.0179741 -0.00217246 0.0053436 -0.0179741 0.0886589 
0.0100185 -0.0182655 0.00182994 -0.00215224 -0.0182655 0.0894936 -0.00215109 0.00529771 0.00182994 -0.00215109 0.0096918 -0.0179877 -0.00215224 0.00529771 -0.0179877 0.0888011 
0.010002 -0.0182855 0.00181918 -0.0021306 -0.0182855 0.0895154 -0.002137 0.00525122 0.00181918 -0.002137 0.00970985 -0.0179719 -0.0021306 0.00525122 -0.0179719 0.0888419 
0.00996982 -0.0183072 0.00177607 -0.00208737 -0.0183072 0.0896019 -0.00209392 0.00513132 0.00177607 -0.00209392 0.00971212 -0.0179399 -0.00208737 0.00513132 -0.0179399 0.0887333 
0.00993702 -0.0182816 0.00174313 -0.0020758 -0.0182816 0.0896163 -0.00207906 0.00511048 0.00174313 -0.00207906 0.0097469 -0.0179428 -0.0020758 0.00511048 -0.0179428 0.0887078 
0.00995279 -0.0182105 0.00178551 -0.0020485 -0.0182105 0.0894667 -0.00204673 0.00506862 0.00178551 -0.00204673 0.00974171 -0.0180156 -0.0020485 0.00506862 -0.0180156 0.0888504 
0.00996549 -0.0182121 0.00184388 -0.00209438 -0.0182121 0.08938 -0.00209515 0.00511335 0.00184388 -0.00209515 0.00973973 -0.0180286 -0.00209438 0.00511335 -0.0180286 0.0889619 
0.00994982 -0.0182549 0.00186918 -0.00214596 -0.0182549 0.0894534 -0.00214974 0.00520685 0.00186918 -0.00214974 0.00973834 -0.0179937 -0.00214596 0.00520685 -0.0179937 0.0889013 
0.00991547 -0.0182308 0.00190805 -0.0022058 -0.0182308 0.0894538 -0.00220744 0.00537554 0.00190805 -0.00220744 0.00978921 -0.0180073 -0.0022058 0.00537554 -0.0180073 0.0889135 
0.00988358 -0.0181645 0.00191715 -0.00224249 -0.0181645 0.0893082 -0.0022394 0.00548027 0.00191715 -0.0022394 0.00982693 -0.0180836 -0.00224249 0.00548027 -0.0180836 0.0890541 
0.00987777 -0.0181295 0.0019093 -0.00226465 -0.0181295 0.0891961 -0.00226343 0.00557072 0.0019093 -0.00226343 0.00985143 -0.0181369 -0.00226465 0.00557072 -0.0181369 0.0892145 
0.0098715 -0.0181282 0.00190249 -0.00224556 -0.0181282 0.0891597 -0.00224879 0.00556727 0.00190249 -0.00224879 0.00987552 -0.0181651 -0.00224556 0.00556727 -0.0181651 0.0893166 
0.00988748 -0.0181462 0.00190976 -0.00222857 -0.0181462 0.0892105 -0.00223178 0.00552179 0.00190976 -0.00223178 0.00985748 -0.0181754 -0.00222857 0.00552179 -0.0181754 0.0893466 
0.00992607 -0.0182053 0.00194288 -0.00223485 -0.0182053 0.0893704 -0.00223868 0.00550861 0.00194288 -0.00223868 0.0098246 -0.0181181 -0.00223485 0.00550861 -0.0181181 0.0892331 
0.00995075 -0.0182503 0.0019346 -0.00224824 -0.0182503 0.0894976 -0.00225529 0.00549923 0.0019346 -0.00225529 0.0097946 -0.0180648 -0.00224824 0.00549923 -0.0180648 0.0890757 
0.00996469 -0.0183047 0.00186289 -0.00223523 -0.0183047 0.0896566 -0.00224308 0.005482 0.00186289 -0.00224308 0.00975086 -0.0179977 -0.00223523 0.005482 -0.0179977 0.0888715 
0.00995044 -0.0183211 0.00185314 -0.00218522 -0.0183211 0.0897504 -0.00218999 0.00543406 0.00185314 -0.00218999 0.00975082 -0.0179592 -0.00218522 0.00543406 -0.0179592 0.088757 
0.00992541 -0.0182482 0.00182454 -0.00217161 -0.0182482 0.0896065 -0.00216604 0.00536086 0.00182454 -0.00216604 0.00977209 -0.0180062 -0.00217161 0.00536086 -0.0180062 0.0888381 
0.00990152 -0.018236 0.00186494 -0.00215383 -0.018236 0.0895398 -0.00214044 0.00532017 0.00186494 -0.00214044 0.00982551 -0.0180129 -0.00215383 0.00532017 -0.0180129 0.0888708 
0.00986445 -0.0181759 0.00188949 -0.0021753 -0.0181759 0.0893859 -0.00215591 0.00529644 0.00188949 -0.00215591 0.00987104 -0.018097 -0.0021753 0.00529644 -0.018097 0.0890189 
0.00986439 -0.01814 0.00190012 -0.00221559 -0.01814 0.0892781 -0.00219879 0.00537656 0.00190012 -0.00219879 0.00987601 -0.0181584 -0.00221559 0.00537656 -0.0181584 0.0891967 
0.00986785 -0.0181175 0.00190317 -0.00221691 -0.0181175 0.0891753 -0.00220881 0.00541108 0.00190317 -0.00220881 0.00985811 -0.0181888 -0.00221691 0.00541108 -0.0181888 0.0893428 
0.00989847 -0.018162 0.00193945 -0.00224729 -0.018162 0.0892598 -0.00224681 0.0055066 0.00193945 -0.00224681 0.00982711 -0.0181427 -0.00224729 0.0055066 -0.0181427 0.0893067 
0.00990691 -0.0181831 0.00197177 -0.00229568 -0.0181831 0.0893155 -0.00229895 0.0056299 0.00197177 -0.00229895 0.0098343 -0.0181207 -0.00229568 0.0056299 -0.0181207 0.0892652 
0.00992402 -0.0181861 0.00200229 -0.00233582 -0.0181861 0.0893376 -0.0023367 0.00574435 0.00200229 -0.0023367 0.00982363 -0.0181353 -0.00233582 0.00574435 -0.0181353 0.0892708 
0.00991882 -0.018212 0.00199802 -0.00236912 -0.018212 0.0893845 -0.00237285 0.00583998 0.00199802 -0.00237285 0.00982919 -0.0181209 -0.00236912 0.00583998 -0.0181209 0.0892603 
0.0099018 -0.0182133 0.00200603 -0.00234998 -0.0182133 0.0894177 -0.00235741 0.00583621 0.00200603 -0.00235741 0.00984693 -0.0181148 -0.00234998 0.00583621 -0.0181148 0.0892235 
0.00992296 -0.0181476 0.00200617 -0.00233858 -0.0181476 0.0892685 -0.00234467 0.00578019 0.00200617 -0.00234467 0.00980095 -0.0181675 -0.00233858 0.00578019 -0.0181675 0.0893204 
0.00991702 -0.0181917 0.00207088 -0.00234498 -0.0181917 0.0892879 -0.00235423 0.00578105 0.00207088 -0.00235423 0.00981341 -0.0180898 -0.00234498 0.00578105 -0.0180898 0.0892239 
0.00988586 -0.018188 0.00211355 -0.00242327 -0.018188 0.0893081 -0.00243158 0.00590222 0.00211355 -0.00243158 0.00986007 -0.0180931 -0.00242327 0.00590222 -0.0180931 0.0891504 
0.00984975 -0.01816 0.00211613 -0.00248453 -0.01816 0.0892752 -0.00248723 0.00606505 0.00211613 -0.00248723 0.00990642 -0.0181456 -0.00248453 0.00606505 -0.0181456 0.0892076 
0.00984627 -0.0180998 0.00210004 -0.00247209 -0.0180998 0.0891396 -0.00246859 0.00608187 0.00210004 -0.00246859 0.00990731 -0.0182163 -0.00247209 0.00608187 -0.0182163 0.0893683 
0.00984383 -0.0180834 0.00205385 -0.00245324 -0.0180834 0.0890445 -0.00245001 0.00604603 0.00205385 -0.00245001 0.00990598 -0.0182341 -0.00245324 0.00604603 -0.0182341 0.0894845 
0.00987746 -0.0181028 0.00202223 -0.00238867 -0.0181028 0.089074 -0.00238922 0.00592313 0.00202223 -0.00238922 0.00986745 -0.0182072 -0.00238867 0.00592313 -0.0182072 0.0894436 
0.00988646 -0.0182089 0.0020122 -0.0023572 -0.0182089 0.0893385 -0.0023634 0.00583473 0.0020122 -0.0023634 0.00986739 -0.0180997 -0.0023572 0.00583473 -0.0180997 0.0891814 
0.00985318 -0.018223 0.00199674 -0.00232975 -0.018223 0.0894754 -0.00233904 0.00574615 0.00199674 -0.00233904 0.00989943 -0.01809 -0.00232975 0.00574615 -0.01809 0.0890386 
0.00984727 -0.0181328 0.00198852 -0.00232266 -0.0181328 0.0893192 -0.00233202 0.00571606 0.00198852 -0.00233202 0.00991121 -0.0181873 -0.00232266 0.00571606 -0.0181873 0.0892221 
0.00982442 -0.018123 0.00199548 -0.00230627 -0.018123 0.089219 -0.00231581 0.00567424 0.00199548 -0.00231581 0.00992245 -0.0182029 -0.00230627 0.00567424 -0.0182029 0.0893392 
0.00981487 -0.018103 0.00196979 -0.00233366 -0.018103 0.0891756 -0.00233986 0.0057178 0.00196979 -0.00233986 0.00993684 -0.0182191 -0.00233366 0.0057178 -0.0182191 0.0894088 
0.00980495 -0.0180762 0.00196173 -0.00231525 -0.0180762 0.0890979 -0.00231399 0.00571756 0.00196173 -0.00231399 0.00996529 -0.0182544 -0.00231525 0.00571756 -0.0182544 0.0895119 
0.00979349 -0.0180782 0.00195548 -0.00228482 -0.0180782 0.089079 -0.00227915 0.00563084 0.00195548 -0.00227915 0.0099703 -0.0182667 -0.00228482 0.00563084 -0.0182667 0.0895447 
0.00975691 -0.0180533 0.00189201 -0.00225096 -0.0180533 0.089015 -0.00224511 0.00551204 0.00189201 -0.00224511 0.00997521 -0.0182704 -0.00225096 0.00551204 -0.0182704 0.0895587 
0.00973914 -0.0180115 0.00186247 -0.00218621 -0.0180115 0.0889258 -0.00218017 0.00538442 0.00186247 -0.00218017 0.00996824 -0.0182671 -0.00218621 0.00538442 -0.0182671 0.0895487 
0.00971966 -0.0179796 0.00184447 -0.00216617 -0.0179796 0.0888327 -0.00215927 0.00531434 0.00184447 -0.00215927 0.00996309 -0.0182682 -0.00216617 0.00531434 -0.0182682 0.0895539 
0.00971734 -0.0179801 0.0017894 -0.0021434 -0.0179801 0.0888245 -0.00213785 0.00525775 0.0017894 -0.00213785 0.00994809 -0.0182267 -0.0021434 0.00525775 -0.0182267 0.0894476 
0.00966375 -0.0179137 0.00176452 -0.0020875 -0.0179137 0.0886496 -0.00208537 0.00516925 0.00176452 -0.00208537 0.00998059 -0.0182711 -0.0020875 0.00516925 -0.0182711 0.0895433 
0.00966281 -0.0179181 0.00179818 -0.00208293 -0.0179181 0.0886741 -0.00208416 0.00515244 0.00179818 -0.00208416 0.0099934 -0.0182463 -0.00208293 0.00515244 -0.0182463 0.0894785 
0.0096923 -0.0179138 0.00185982 -0.00212741 -0.0179138 0.0886752 -0.0021293 0.00522435 0.00185982 -0.0021293 0.00999189 -0.0182662 -0.00212741 0.00522435 -0.0182662 0.0894839 
