0.00514797 0 -0.000152639 0 0 0.01 0 0 -0.000152639 0 0.00912723 0 0 0 0 0.01 
0.00763368 -0.00952187 -0.000186733 0.000229212 -0.00952187 0.0274317 0.000229212 -0.000438968 -0.000186733 0.000229212 0.0125369 -0.0155234 0.000229212 -0.000438968 -0.0155234 0.0389388 
0.00793265 -0.0154304 -0.000149232 0.000219242 -0.0154304 0.0586564 0.000219242 -0.00068928 -0.000149232 0.000219242 0.0122899 -0.022391 0.000219242 -0.00068928 -0.022391 0.0805722 
0.00751155 -0.0161324 -0.000207725 0.000187116 -0.0161324 0.0753227 0.00018321 -0.000575048 -0.000207725 0.00018321 0.0115826 -0.021157 0.000187116 -0.000575048 -0.021157 0.0919956 
0.00738984 -0.0156693 -0.000263921 0.000262683 -0.0156693 0.0809776 0.000258621 -0.000583699 -0.000263921 0.000258621 0.0116985 -0.0203852 0.000262683 -0.000583699 -0.0203852 0.0935059 
0.00746382 -0.0154047 -0.000214191 0.000291828 -0.0154047 0.0822576 0.000292704 -0.000644142 -0.000214191 0.000292704 0.0119539 -0.0204925 0.000291828 -0.000644142 -0.0204925 0.0943762 
0.00757989 -0.0154085 -0.000162602 0.000240993 -0.0154085 0.0825169 0.000242114 -0.000615348 -0.000162602 0.000242114 0.0120577 -0.0206821 0.000240993 -0.000615348 -0.0206821 0.0951571 
0.00768673 -0.0155155 -0.000185691 0.000228717 -0.0155155 0.0827161 0.000225245 -0.000617053 -0.000185691 0.000225245 0.012042 -0.0206975 0.000228717 -0.000617053 -0.0206975 0.0954254 
0.00774521 -0.0156588 -0.000233775 0.000247512 -0.0156588 0.0830224 0.000243727 -0.000634756 -0.000233775 0.000243727 0.0119768 -0.0205834 0.000247512 -0.000634756 -0.0205834 0.0951947 
0.00778721 -0.015691 -0.000291538 0.00030122 -0.015691 0.083161 0.000298902 -0.000723812 -0.000291538 0.000298902 0.0119249 -0.0205487 0.00030122 -0.000723812 -0.0205487 0.0950724 
0.0078376 -0.0157156 -0.000281391 0.000312243 -0.0157156 0.0832158 0.000313909 -0.000725628 -0.000281391 0.000313909 0.0118681 -0.0205122 0.000312243 -0.000725628 -0.0205122 0.0949961 
0.00786859 -0.0157672 -0.000269634 0.00032019 -0.0157672 0.0833064 0.000321923 -0.000765453 -0.000269634 0.000321923 0.0118453 -0.0204587 0.00032019 -0.000765453 -0.0204587 0.0948991 
0.00790251 -0.0157813 -0.000245441 0.00029516 -0.0157813 0.0833504 0.000298837 -0.000728108 -0.000245441 0.000298837 0.0118475 -0.020473 0.00029516 -0.000728108 -0.020473 0.0949337 
0.00792886 -0.0158398 -0.000219992 0.000255393 -0.0158398 0.0834724 0.0002578 -0.000633289 -0.000219992 0.0002578 0.011853 -0.0204652 0.000255393 -0.000633289 -0.0204652 0.0949282 
0.00796463 -0.0158813 -0.000207525 0.000222249 -0.0158813 0.0836066 0.000219054 -0.000529405 -0.000207525 0.000219054 0.0118544 -0.020482 0.000222249 -0.000529405 -0.020482 0.0949691 
0.00796368 -0.0159796 -0.000243041 0.000256436 -0.0159796 0.0838709 0.000248112 -0.000590168 -0.000243041 0.000248112 0.0118252 -0.0204223 0.000256436 -0.000590168 -0.0204223 0.0948153 
0.00793037 -0.0159591 -0.000269847 0.000299085 -0.0159591 0.0839393 0.000287608 -0.000682671 -0.000269847 0.000287608 0.0118396 -0.020428 0.000299085 -0.000682671 -0.020428 0.0948187 
0.00792986 -0.0159058 -0.000208153 0.000282513 -0.0159058 0.0838497 0.000270905 -0.000647412 -0.000208153 0.000270905 0.0118073 -0.0204441 0.000282513 -0.000647412 -0.0204441 0.0948475 
0.00794023 -0.0158916 -0.000175246 0.000232533 -0.0158916 0.0837646 0.000217472 -0.000577348 -0.000175246 0.000217472 0.0117725 -0.0204106 0.000232533 -0.000577348 -0.0204106 0.094822 
0.00793953 -0.0159 -0.000161755 0.000201514 -0.0159 0.0837429 0.000191455 -0.000507098 -0.000161755 0.000191455 0.0117613 -0.0203579 0.000201514 -0.000507098 -0.0203579 0.0947073 
0.00792563 -0.0158948 -0.000154484 0.000187753 -0.0158948 0.0837225 0.000188595 -0.000474523 -0.000154484 0.000188595 0.0117737 -0.0203389 0.000187753 -0.000474523 -0.0203389 0.0946202 
0.00792698 -0.015867 -0.000177461 0.000199877 -0.015867 0.0836562 0.000207146 -0.000515829 -0.000177461 0.000207146 0.0117819 -0.0203683 0.000199877 -0.000515829 -0.0203683 0.0946551 
0.00797885 -0.0158706 -0.000199344 0.000219113 -0.0158706 0.0836313 0.000224537 -0.00054949 -0.000199344 0.000224537 0.0117287 -0.0203763 0.000219113 -0.00054949 -0.0203763 0.0946877 
0.00801703 -0.0159433 -0.000172564 0.00021888 -0.0159433 0.0837477 0.000219146 -0.000530087 -0.000172564 0.000219146 0.0116757 -0.0202976 0.00021888 -0.000530087 -0.0202976 0.0945607 
0.00801352 -0.015975 -0.000151518 0.000183777 -0.015975 0.0838442 0.000176274 -0.000458947 -0.000151518 0.000176274 0.0116815 -0.0202574 0.000183777 -0.000458947 -0.0202574 0.0944664 
0.00800606 -0.0159587 -0.000121604 0.000169305 -0.0159587 0.0838456 0.000160151 -0.000407774 -0.000121604 0.000160151 0.0117126 -0.020285 0.000169305 -0.000407774 -0.020285 0.0944996 
0.00799302 -0.0159661 -0.000160054 0.000141927 -0.0159661 0.0838642 0.00014084 -0.000368914 -0.000160054 0.00014084 0.011724 -0.0203032 0.000141927 -0.000368914 -0.0203032 0.0945236 
0.00795664 -0.0159561 -0.000204603 0.000203419 -0.0159561 0.0838643 0.000211316 -0.000471213 -0.000204603 0.000211316 0.0117457 -0.0203162 0.000203419 -0.000471213 -0.0203162 0.0945603 
0.00793258 -0.0158936 -0.000260814 0.00023586 -0.0158936 0.0837484 0.000249651 -0.000559185 -0.000260814 0.000249651 0.011778 -0.0203659 0.00023586 -0.000559185 -0.0203659 0.0946851 
0.00791595 -0.0158586 -0.000257516 0.000260081 -0.0158586 0.0836292 0.00027858 -0.000589764 -0.000257516 0.00027858 0.0117997 -0.0204013 0.000260081 -0.000589764 -0.0204013 0.0947861 
0.00792571 -0.0158291 -0.000233126 0.000295731 -0.0158291 0.0835281 0.000309777 -0.000699115 -0.000233126 0.000309777 0.0118259 -0.020451 0.000295731 -0.000699115 -0.020451 0.0949345 
0.00792763 -0.0158621 -0.000232643 0.000302804 -0.0158621 0.0835625 0.000303799 -0.000776913 -0.000232643 0.000303799 0.0118426 -0.020463 0.000302804 -0.000776913 -0.020463 0.0949855 
0.0079256 -0.0158851 -0.000187803 0.00025877 -0.0158851 0.0836463 0.000252215 -0.000665397 -0.000187803 0.000252215 0.0118382 -0.0204657 0.00025877 -0.000665397 -0.0204657 0.0949836 
0.00793775 -0.0158942 -0.000117988 0.000193047 -0.0158942 0.0837063 0.000188421 -0.000512592 -0.000117988 0.000188421 0.0117966 -0.0204457 0.000193047 -0.000512592 -0.0204457 0.0949315 
0.00795375 -0.0159008 -6.15893e-05 9.4924e-05 -0.0159008 0.0837305 9.38283e-05 -0.000283802 -6.15893e-05 9.38283e-05 0.0117556 -0.0203994 9.4924e-05 -0.000283802 -0.0203994 0.0948433 
0.00797328 -0.0159039 -5.43081e-05 4.29119e-05 -0.0159039 0.0837296 4.77725e-05 -0.000129474 -5.43081e-05 4.77725e-05 0.0117337 -0.0203615 4.29119e-05 -0.000129474 -0.0203615 0.0947582 
0.00797858 -0.0159326 -8.97331e-05 4.97606e-05 -0.0159326 0.0837742 6.22944e-05 -0.000109043 -8.97331e-05 6.22944e-05 0.0117215 -0.0203182 4.97606e-05 -0.000109043 -0.0203182 0.094631 
0.00801333 -0.0159387 -0.000148908 0.00010726 -0.0159387 0.0838044 0.000123824 -0.000220605 -0.000148908 0.000123824 0.0117002 -0.020303 0.00010726 -0.000220605 -0.020303 0.0945542 
0.00808447 -0.0159684 -0.000178861 0.000175234 -0.0159684 0.0838461 0.000188214 -0.000371571 -0.000178861 0.000188214 0.0116395 -0.0202971 0.000175234 -0.000371571 -0.0202971 0.0945457 
0.00811713 -0.0160816 -0.000263636 0.000276927 -0.0160816 0.0840703 0.000277951 -0.000649454 -0.000263636 0.000277951 0.0116 -0.0201969 0.000276927 -0.000649454 -0.0201969 0.0943558 
0.00812835 -0.0161484 -0.000318548 0.000352081 -0.0161484 0.08431 0.00034329 -0.000833742 -0.000318548 0.00034329 0.0115463 -0.0201099 0.000352081 -0.000833742 -0.0201099 0.0940779 
0.00807633 -0.0161526 -0.000303902 0.000390177 -0.0161526 0.0843968 0.000376605 -0.000931996 -0.000303902 0.000376605 0.0115484 -0.0200388 0.000390177 -0.000931996 -0.0200388 0.0938516 
0.00802381 -0.0160576 -0.000278485 0.000357308 -0.0160576 0.0842367 0.000336847 -0.000886733 -0.000278485 0.000336847 0.0115802 -0.0200606 0.000357308 -0.000886733 -0.0200606 0.0938211 
0.00798278 -0.0159674 -0.0002859 0.000327918 -0.0159674 0.0839786 0.00030423 -0.000807785 -0.0002859 0.00030423 0.0116071 -0.0201098 0.000327918 -0.000807785 -0.0201098 0.0939111 
0.00798154 -0.0158915 -0.000255938 0.000330911 -0.0158915 0.0837233 0.000319131 -0.000792388 -0.000255938 0.000319131 0.0116111 -0.0201647 0.000330911 -0.000792388 -0.0201647 0.0940668 
0.00800852 -0.0158633 -0.000252543 0.000296302 -0.0158633 0.08355 0.000295524 -0.000758399 -0.000252543 0.000295524 0.0116215 -0.0202072 0.000296302 -0.000758399 -0.0202072 0.0942483 
0.00803082 -0.0159042 -0.000227894 0.000252175 -0.0159042 0.0835612 0.000256614 -0.000630466 -0.000227894 0.000256614 0.0116327 -0.0202189 0.000252175 -0.000630466 -0.0202189 0.0943303 
0.00805869 -0.0159664 -0.00022963 0.000273983 -0.0159664 0.0837182 0.000277141 -0.00066771 -0.00022963 0.000277141 0.0116217 -0.0202105 0.000273983 -0.00066771 -0.0202105 0.0943198 
0.00805508 -0.0160023 -0.000234238 0.000273801 -0.0160023 0.083848 0.000275005 -0.00068529 -0.000234238 0.000275005 0.0116463 -0.0202159 0.000273801 -0.00068529 -0.0202159 0.094351 
0.00802015 -0.0160017 -0.00027834 0.000293677 -0.0160017 0.0839078 0.000290958 -0.000729911 -0.00027834 0.000290958 0.0117135 -0.0202595 0.000293677 -0.000729911 -0.0202595 0.0944489 
0.00800046 -0.0159825 -0.000276435 0.000330891 -0.0159825 0.0839216 0.0003316 -0.000794024 -0.000276435 0.0003316 0.0117475 -0.0203187 0.000330891 -0.000794024 -0.0203187 0.0945538 
0.00798126 -0.0159855 -0.000272368 0.000329582 -0.0159855 0.0839534 0.000333966 -0.000830199 -0.000272368 0.000333966 0.011748 -0.0203277 0.000329582 -0.000830199 -0.0203277 0.094573 
0.00799572 -0.0159505 -0.000230013 0.000283748 -0.0159505 0.0839022 0.00028904 -0.000723999 -0.000230013 0.00028904 0.0117074 -0.020339 0.000283748 -0.000723999 -0.020339 0.0946077 
0.00800456 -0.0159525 -0.00020457 0.000267597 -0.0159525 0.0838636 0.000269742 -0.000687833 -0.00020457 0.000269742 0.0116911 -0.0203029 0.000267597 -0.000687833 -0.0203029 0.0945822 
0.00799995 -0.0159549 -0.000168229 0.00022565 -0.0159549 0.0838489 0.000222953 -0.000589108 -0.000168229 0.000222953 0.0117059 -0.0202867 0.00022565 -0.000589108 -0.0202867 0.0945373 
0.00798928 -0.0159677 -0.000171341 0.000214215 -0.0159677 0.0838828 0.000205553 -0.000556739 -0.000171341 0.000205553 0.0117054 -0.0202771 0.000214215 -0.000556739 -0.0202771 0.0944648 
0.00797537 -0.0159543 -0.000178672 0.000218783 -0.0159543 0.0838762 0.000209528 -0.000553166 -0.000178672 0.000209528 0.0117261 -0.0202764 0.000218783 -0.000553166 -0.0202764 0.0944408 
0.00798078 -0.0159285 -0.000189536 0.000211353 -0.0159285 0.0838184 0.000204924 -0.00052813 -0.000189536 0.000204924 0.0117403 -0.0203115 0.000211353 -0.00052813 -0.0203115 0.0944991 
0.00798706 -0.0159434 -0.000160327 0.0002002 -0.0159434 0.083824 0.000204421 -0.000489281 -0.000160327 0.000204421 0.0117481 -0.0203193 0.0002002 -0.000489281 -0.0203193 0.0945245 
0.00796605 -0.0159554 -0.000122702 0.000168138 -0.0159554 0.083857 0.00017994 -0.000441205 -0.000122702 0.00017994 0.0117844 -0.0203336 0.000168138 -0.000441205 -0.0203336 0.0945602 
0.00792317 -0.015939 -9.10498e-05 0.000131541 -0.015939 0.0838564 0.000143963 -0.000368237 -9.10498e-05 0.000143963 0.0118189 -0.0203745 0.000131541 -0.000368237 -0.0203745 0.0946338 
0.00789229 -0.0158751 -8.64711e-05 8.11668e-05 -0.0158751 0.0837415 9.33433e-05 -0.000244511 -8.64711e-05 9.33433e-05 0.0118339 -0.020438 8.11668e-05 -0.000244511 -0.020438 0.0947999 
0.0078908 -0.0158219 -9.09673e-05 7.75619e-05 -0.0158219 0.0835883 8.65706e-05 -0.000185946 -9.09673e-05 8.65706e-05 0.0118342 -0.020475 7.75619e-05 -0.000185946 -0.020475 0.0949557 
0.00788476 -0.0158193 -8.9865e-05 8.58124e-05 -0.0158193 0.0835202 8.92161e-05 -0.000175223 -8.9865e-05 8.92161e-05 0.0118439 -0.0204695 8.58124e-05 -0.000175223 -0.0204695 0.0949973 
0.0078744 -0.015817 -0.0001501 9.48574e-05 -0.015817 0.0835039 9.81696e-05 -0.000204794 -0.0001501 9.81696e-05 0.0118699 -0.0204751 9.48574e-05 -0.000204794 -0.0204751 0.0950058 
0.00787527 -0.0158085 -0.000174442 0.000168923 -0.0158085 0.0834892 0.000179044 -0.000337734 -0.000174442 0.000179044 0.0118834 -0.0205047 0.000168923 -0.000337734 -0.0205047 0.0950514 
0.00791698 -0.015817 -0.000175468 0.000210562 -0.015817 0.0835027 0.000219972 -0.000481176 -0.000175468 0.000219972 0.0118443 -0.0205165 0.000210562 -0.000481176 -0.0205165 0.0950889 
0.0079332 -0.0158635 -0.000168503 0.000244982 -0.0158635 0.0835817 0.000249377 -0.000621259 -0.000168503 0.000249377 0.011838 -0.020486 0.000244982 -0.000621259 -0.020486 0.0950785 
0.00791402 -0.0158996 -0.000150227 0.000218384 -0.0158996 0.0836961 0.000213877 -0.000593839 -0.000150227 0.000213877 0.0118494 -0.0204609 0.000218384 -0.000593839 -0.0204609 0.0950013 
0.00790602 -0.0158863 -0.000152027 0.000185759 -0.0158863 0.0837341 0.000175198 -0.000504391 -0.000152027 0.000175198 0.0118469 -0.0204619 0.000185759 -0.000504391 -0.0204619 0.0949549 
0.00786819 -0.0158794 -0.00015436 0.00018457 -0.0158794 0.0837309 0.000171661 -0.000452999 -0.00015436 0.000171661 0.0118685 -0.0204446 0.00018457 -0.000452999 -0.0204446 0.0948953 
0.00785916 -0.015816 -0.000166218 0.000219119 -0.015816 0.0836133 0.00020781 -0.000529476 -0.000166218 0.00020781 0.0118828 -0.02049 0.000219119 -0.000529476 -0.02049 0.0949639 
0.00784653 -0.0157985 -0.000166859 0.000201231 -0.0157985 0.0835197 0.000194227 -0.000507604 -0.000166859 0.000194227 0.0118836 -0.0205061 0.000201231 -0.000507604 -0.0205061 0.0950211 
0.00786912 -0.015778 -0.000191276 0.000206579 -0.015778 0.0834519 0.000201251 -0.000509996 -0.000191276 0.000201251 0.0118662 -0.0205162 0.000206579 -0.000509996 -0.0205162 0.0950687 
0.00791287 -0.015815 -0.000220841 0.000243128 -0.015815 0.0834894 0.000238814 -0.000580206 -0.000220841 0.000238814 0.0118256 -0.0204761 0.000243128 -0.000580206 -0.0204761 0.0949983 
0.00793358 -0.0158665 -0.000259541 0.000262892 -0.0158665 0.0835925 0.000259057 -0.000623528 -0.000259541 0.000259057 0.0118168 -0.0204307 0.000262892 -0.000623528 -0.0204307 0.0948958 
0.00796 -0.0158978 -0.000271086 0.000295808 -0.0158978 0.0836937 0.000292198 -0.000675459 -0.000271086 0.000292198 0.0118003 -0.0204149 0.000295808 -0.000675459 -0.0204149 0.0948177 
0.00796261 -0.0159307 -0.000226149 0.000275249 -0.0159307 0.0837816 0.000270904 -0.000628312 -0.000226149 0.000270904 0.0118062 -0.0203957 0.000275249 -0.000628312 -0.0203957 0.0947638 
0.00793276 -0.0159501 -0.000225313 0.000271684 -0.0159501 0.0838673 0.000263324 -0.000652374 -0.000225313 0.000263324 0.0118248 -0.0203882 0.000271684 -0.000652374 -0.0203882 0.0947119 
0.00792896 -0.0159271 -0.000246974 0.000270244 -0.0159271 0.0838756 0.000262755 -0.000655412 -0.000246974 0.000262755 0.0117982 -0.0203902 0.000270244 -0.000655412 -0.0203902 0.0946708 
0.007976 -0.0158977 -0.000262077 0.00030408 -0.0158977 0.0837971 0.000303518 -0.000727126 -0.000262077 0.000303518 0.0117371 -0.0203844 0.00030408 -0.000727126 -0.0203844 0.094689 
0.00799749 -0.0159235 -0.000235109 0.000279972 -0.0159235 0.0837694 0.000287555 -0.000687938 -0.000235109 0.000287555 0.0117193 -0.0203409 0.000279972 -0.000687938 -0.0203409 0.094666 
0.00799309 -0.0159561 -0.000237846 0.000273686 -0.0159561 0.0838276 0.000283741 -0.000688409 -0.000237846 0.000283741 0.01173 -0.0203122 0.000273686 -0.000688409 -0.0203122 0.0945933 
0.0080193 -0.0159358 -0.0002377 0.000236734 -0.0159358 0.0838051 0.000251577 -0.000593295 -0.0002377 0.000251577 0.0117397 -0.0203477 0.000236734 -0.000593295 -0.0203477 0.0946509 
0.00806786 -0.0159964 -0.000292016 0.00027015 -0.0159964 0.0839085 0.000283984 -0.00064098 -0.000292016 0.000283984 0.0117086 -0.0203285 0.00027015 -0.00064098 -0.0203285 0.094614 
0.00807936 -0.0160883 -0.000331636 0.000346093 -0.0160883 0.0841377 0.000353036 -0.000787696 -0.000331636 0.000353036 0.0116649 -0.0202554 0.000346093 -0.000787696 -0.0202554 0.0944355 
0.00806974 -0.0160978 -0.000385213 0.000421306 -0.0160978 0.0842525 0.00042229 -0.00099573 -0.000385213 0.00042229 0.0116423 -0.0202139 0.000421306 -0.00099573 -0.0202139 0.0943107 
0.00808496 -0.0160549 -0.000406017 0.000458189 -0.0160549 0.0841861 0.000454157 -0.00109595 -0.000406017 0.000454157 0.0116182 -0.0202109 0.000458189 -0.00109595 -0.0202109 0.0942917 
0.00809257 -0.016061 -0.000432757 0.000484178 -0.016061 0.0841393 0.000475578 -0.00117116 -0.000432757 0.000475578 0.0116047 -0.0201816 0.000484178 -0.00117116 -0.0201816 0.0942416 
0.0081055 -0.0160803 -0.000424289 0.000507936 -0.0160803 0.0841652 0.000498349 -0.00122375 -0.000424289 0.000498349 0.0115693 -0.0201409 0.000507936 -0.00122375 -0.0201409 0.0941216 
0.00809241 -0.0160831 -0.000356128 0.0004623 -0.0160831 0.0841671 0.000453952 -0.00113738 -0.000356128 0.000453952 0.0115794 -0.0201053 0.0004623 -0.00113738 -0.0201053 0.0940269 
0.00807827 -0.0160616 -0.000280707 0.000387837 -0.0160616 0.0841237 0.000380551 -0.0009923 -0.000280707 0.000380551 0.0115833 -0.0201178 0.000387837 -0.0009923 -0.0201178 0.094007 
0.00809891 -0.0160284 -0.000246878 0.000303535 -0.0160284 0.0840356 0.000294636 -0.000798205 -0.000246878 0.000294636 0.011571 -0.0201496 0.000303535 -0.000798205 -0.0201496 0.0940972 
0.00811517 -0.0160581 -0.000286619 0.000309399 -0.0160581 0.0840524 0.00030474 -0.000776832 -0.000286619 0.00030474 0.0115789 -0.0201397 0.000309399 -0.000776832 -0.0201397 0.0941283 
0.00809817 -0.0160972 -0.000332499 0.000345509 -0.0160972 0.0841469 0.000348967 -0.000831909 -0.000332499 0.000348967 0.0116018 -0.0201294 0.000345509 -0.000831909 -0.0201294 0.0940911 
0.00806316 -0.0160781 -0.000354339 0.000400784 -0.0160781 0.0841608 0.000408854 -0.000958452 -0.000354339 0.000408854 0.011633 -0.0201625 0.000400784 -0.000958452 -0.0201625 0.0941373 
0.00806053 -0.016025 -0.000369605 0.000410638 -0.016025 0.0840647 0.000415663 -0.00100763 -0.000369605 0.000415663 0.0116379 -0.0202111 0.000410638 -0.00100763 -0.0202111 0.0942556 
0.00806922 -0.0160127 -0.000381888 0.000419723 -0.0160127 0.083989 0.000423618 -0.0010188 -0.000381888 0.000423618 0.0116448 -0.0202323 0.000419723 -0.0010188 -0.0202323 0.0943611 
0.00806953 -0.0160108 -0.000400072 0.000460878 -0.0160108 0.0839528 0.000470631 -0.00112854 -0.000400072 0.000470631 0.01168 -0.0202662 0.000460878 -0.00112854 -0.0202662 0.0944831 
0.00808863 -0.0160298 -0.000371869 0.000463079 -0.0160298 0.0839903 0.000474445 -0.0011573 -0.000371869 0.000474445 0.0116707 -0.020293 0.000463079 -0.0011573 -0.020293 0.0945487 
0.00811634 -0.0160743 -0.000351295 0.000414488 -0.0160743 0.0840993 0.000419621 -0.00106585 -0.000351295 0.000419621 0.0116304 -0.0202586 0.000414488 -0.00106585 -0.0202586 0.0944931 
0.00811792 -0.0161056 -0.000331033 0.000365839 -0.0161056 0.0841924 0.000361843 -0.000905917 -0.000331033 0.000361843 0.0116118 -0.020206 0.000365839 -0.000905917 -0.020206 0.0943795 
0.00812823 -0.0160925 -0.000332318 0.000355511 -0.0160925 0.0841971 0.000346363 -0.000837538 -0.000332318 0.000346363 0.0116132 -0.0202003 0.000355511 -0.000837538 -0.0202003 0.0943393 
0.0081517 -0.0161361 -0.000350067 0.000407433 -0.0161361 0.0842912 0.00039649 -0.00094951 -0.000350067 0.00039649 0.0115814 -0.0201586 0.000407433 -0.00094951 -0.0201586 0.0942026 
0.00813532 -0.0161597 -0.000388147 0.000439983 -0.0161597 0.0843643 0.000427867 -0.0010641 -0.000388147 0.000427867 0.0115896 -0.0201314 0.000439983 -0.0010641 -0.0201314 0.0941215 
0.00809354 -0.0161359 -0.00040476 0.000489077 -0.0161359 0.084354 0.00047998 -0.00119012 -0.00040476 0.00047998 0.0116289 -0.0201469 0.000489077 -0.00119012 -0.0201469 0.0941209 
0.00806419 -0.0160786 -0.000432159 0.000485795 -0.0160786 0.0842443 0.000478888 -0.00121184 -0.000432159 0.000478888 0.0116598 -0.0201988 0.000485795 -0.00121184 -0.0201988 0.0942135 
0.0080544 -0.0160571 -0.000467538 0.000503901 -0.0160571 0.0841685 0.000500106 -0.00122673 -0.000467538 0.000500106 0.0116394 -0.0202073 0.000503901 -0.00122673 -0.0202073 0.0942317 
0.00805223 -0.0160135 -0.000461676 0.000546156 -0.0160135 0.0840409 0.000547403 -0.00130733 -0.000461676 0.000547403 0.0116329 -0.020221 0.000546156 -0.00130733 -0.020221 0.094314 
0.00804635 -0.0160007 -0.00045789 0.000535474 -0.0160007 0.0839571 0.000536893 -0.00132266 -0.00045789 0.000536893 0.0116408 -0.0202184 0.000535474 -0.00132266 -0.0202184 0.0943439 
0.00803348 -0.0159912 -0.000450318 0.000518824 -0.0159912 0.0839063 0.000518552 -0.00128066 -0.000450318 0.000518552 0.011652 -0.0202195 0.000518824 -0.00128066 -0.0202195 0.0943426 
0.00808246 -0.0159746 -0.000476709 0.000521418 -0.0159746 0.0838619 0.000524953 -0.00128545 -0.000476709 0.000524953 0.0116057 -0.0202365 0.000521418 -0.00128545 -0.0202365 0.0943727 
0.00814809 -0.0160337 -0.00050922 0.000567264 -0.0160337 0.0839319 0.000573264 -0.00137796 -0.00050922 0.000573264 0.0115595 -0.0201857 0.000567264 -0.00137796 -0.0201857 0.0943184 
0.00822732 -0.0161155 -0.000538201 0.000581382 -0.0161155 0.0841022 0.000584339 -0.00140966 -0.000538201 0.000584339 0.0115134 -0.0201289 0.000581382 -0.00140966 -0.0201289 0.0941933 
0.00827916 -0.0162332 -0.000568621 0.00062626 -0.0162332 0.0843846 0.000627947 -0.0015014 -0.000568621 0.000627947 0.0114814 -0.020056 0.00062626 -0.0015014 -0.020056 0.0940028 
0.00830909 -0.0163093 -0.0005548 0.000642297 -0.0163093 0.0846388 0.000644043 -0.00154371 -0.0005548 0.000644043 0.0114414 -0.0200071 0.000642297 -0.00154371 -0.0200071 0.0938344 
0.00829736 -0.0163433 -0.00050084 0.000603068 -0.0163433 0.0847824 0.000601678 -0.00146899 -0.00050084 0.000601678 0.0114258 -0.0199597 0.000603068 -0.00146899 -0.0199597 0.0937033 
0.0082951 -0.016303 -0.000449623 0.000556652 -0.016303 0.0847471 0.000550791 -0.00137602 -0.000449623 0.000550791 0.0114382 -0.0199768 0.000556652 -0.00137602 -0.0199768 0.0937292 
0.00831384 -0.0163155 -0.000400078 0.00050123 -0.0163155 0.0847465 0.000495767 -0.00125881 -0.000400078 0.000495767 0.0113887 -0.0199571 0.00050123 -0.00125881 -0.0199571 0.0936666 
0.00830141 -0.0163377 -0.000370542 0.000445034 -0.0163377 0.0847838 0.00043693 -0.00112231 -0.000370542 0.00043693 0.0113798 -0.0198971 0.000445034 -0.00112231 -0.0198971 0.0935537 
0.00828628 -0.0163055 -0.000406885 0.00043203 -0.0163055 0.0847375 0.000419046 -0.00106698 -0.000406885 0.000419046 0.0113897 -0.0199047 0.00043203 -0.00106698 -0.0199047 0.0935383 
0.00826965 -0.0163011 -0.000478056 0.000480395 -0.0163011 0.084718 0.000472071 -0.00113058 -0.000478056 0.000472071 0.011389 -0.019894 0.000480395 -0.00113058 -0.019894 0.093492 
0.00822969 -0.0162603 -0.000497867 0.000547706 -0.0162603 0.0846275 0.000550939 -0.00126727 -0.000497867 0.000550939 0.0114122 -0.0199141 0.000547706 -0.00126727 -0.0199141 0.0935332 
0.00824171 -0.0161927 -0.000480269 0.000561719 -0.0161927 0.0844596 0.000569941 -0.00135201 -0.000480269 0.000569941 0.011395 -0.0199526 0.000561719 -0.00135201 -0.0199526 0.0936255 
0.00822035 -0.0162043 -0.000443418 0.000546296 -0.0162043 0.0843984 0.000551892 -0.00135714 -0.000443418 0.000551892 0.0114263 -0.0199277 0.000546296 -0.00135714 -0.0199277 0.093623 
0.00821501 -0.0161848 -0.000386395 0.000477115 -0.0161848 0.0843623 0.000477019 -0.00120642 -0.000386395 0.000477019 0.0114513 -0.0199562 0.000477115 -0.00120642 -0.0199562 0.0936384 
0.00823865 -0.0161707 -0.000373539 0.000435193 -0.0161707 0.0843195 0.000434267 -0.00110136 -0.000373539 0.000434267 0.0114625 -0.020017 0.000435193 -0.00110136 -0.020017 0.0937895 
0.00825072 -0.0162124 -0.000381393 0.000441676 -0.0162124 0.084385 0.000443022 -0.00109692 -0.000381393 0.000443022 0.0114873 -0.0200344 0.000441676 -0.00109692 -0.0200344 0.0938873 
0.00824286 -0.0162511 -0.000402544 0.000455218 -0.0162511 0.0845109 0.000457784 -0.00112869 -0.000402544 0.000457784 0.0115167 -0.0200567 0.000455218 -0.00112869 -0.0200567 0.0939451 
0.00824912 -0.0162506 -0.000441 0.000474379 -0.0162506 0.0845782 0.000477203 -0.00116396 -0.000441 0.000477203 0.0115257 -0.0200996 0.000474379 -0.00116396 -0.0200996 0.094048 
0.00824256 -0.0162653 -0.000472799 0.000484624 -0.0162653 0.0846294 0.000489996 -0.00115633 -0.000472799 0.000489996 0.0115336 -0.0201028 0.000484624 -0.00115633 -0.0201028 0.0940876 
0.00822528 -0.0162599 -0.000502592 0.000536585 -0.0162599 0.0846474 0.000544469 -0.00125745 -0.000502592 0.000544469 0.0115499 -0.0201116 0.000536585 -0.00125745 -0.0201116 0.0941096 
0.00822593 -0.0162387 -0.000496623 0.00057282 -0.0162387 0.0846201 0.000580742 -0.0013581 -0.000496623 0.000580742 0.0115621 -0.0201319 0.00057282 -0.0013581 -0.0201319 0.0941487 
0.00823827 -0.0162489 -0.000507054 0.000557235 -0.0162489 0.0846273 0.000560926 -0.00135912 -0.000507054 0.000560926 0.0115582 -0.0201273 0.000557235 -0.00135912 -0.0201273 0.0941293 
0.00822994 -0.0162762 -0.000478778 0.000568492 -0.0162762 0.0846894 0.000570349 -0.00136384 -0.000478778 0.000570349 0.0115624 -0.0201028 0.000568492 -0.00136384 -0.0201028 0.0940513 
0.00819088 -0.0162662 -0.000445173 0.000535216 -0.0162662 0.0847014 0.000533335 -0.00131667 -0.000445173 0.000533335 0.0115901 -0.020106 0.000535216 -0.00131667 -0.020106 0.0940193 
0.00815116 -0.0162166 -0.000419394 0.000488773 -0.0162166 0.0846199 0.000481895 -0.00120603 -0.000419394 0.000481895 0.0116037 -0.020135 0.000488773 -0.00120603 -0.020135 0.0940465 
0.00811089 -0.0161839 -0.000426279 0.000496461 -0.0161839 0.0845449 0.000486353 -0.00120967 -0.000426279 0.000486353 0.0116094 -0.0201276 0.000496461 -0.00120967 -0.0201276 0.0940218 
0.00810537 -0.0160897 -0.000455972 0.000520283 -0.0160897 0.0843214 0.000512885 -0.00127532 -0.000455972 0.000512885 0.0116096 -0.0201894 0.000520283 -0.00127532 -0.0201894 0.0941806 
0.00811184 -0.0160641 -0.000469599 0.000514054 -0.0160641 0.0841573 0.000511986 -0.00125353 -0.000469599 0.000511986 0.0116045 -0.0201952 0.000514054 -0.00125353 -0.0201952 0.0942653 
0.00815116 -0.0160618 -0.000482247 0.000529574 -0.0160618 0.0840886 0.000528277 -0.00126605 -0.000482247 0.000528277 0.0115904 -0.0202069 0.000529574 -0.00126605 -0.0202069 0.0943351 
0.0081468 -0.0161316 -0.000489257 0.000549012 -0.0161316 0.0841953 0.000551099 -0.0013151 -0.000489257 0.000551099 0.0116023 -0.0201625 0.000549012 -0.0013151 -0.0201625 0.094256 
0.00813761 -0.0161371 -0.000517311 0.000591763 -0.0161371 0.0842774 0.000598135 -0.00144559 -0.000517311 0.000598135 0.011623 -0.0201844 0.000591763 -0.00144559 -0.0201844 0.0942641 
0.00812045 -0.016151 -0.000545091 0.000614781 -0.016151 0.0843439 0.000622993 -0.00152419 -0.000545091 0.000622993 0.0116092 -0.020172 0.000614781 -0.00152419 -0.020172 0.0942074 
0.0080928 -0.0161171 -0.000565325 0.000628814 -0.0161171 0.0843021 0.000637472 -0.00155554 -0.000565325 0.000637472 0.0115986 -0.0201566 0.000628814 -0.00155554 -0.0201566 0.0941629 
0.00806784 -0.0160331 -0.00054185 0.000606818 -0.0160331 0.0840944 0.000611609 -0.00147223 -0.00054185 0.000611609 0.0116194 -0.0201868 0.000606818 -0.00147223 -0.0201868 0.0942438 
0.00807192 -0.0159904 -0.000491839 0.000586593 -0.0159904 0.0839204 0.00058535 -0.00140798 -0.000491839 0.00058535 0.011633 -0.0202161 0.000586593 -0.00140798 -0.0202161 0.0943259 
0.00811634 -0.015998 -0.000494372 0.000571893 -0.015998 0.0838685 0.000560774 -0.00139884 -0.000494372 0.000560774 0.0116201 -0.0202407 0.000571893 -0.00139884 -0.0202407 0.0944095 
0.00818692 -0.0160714 -0.000499489 0.00058144 -0.0160714 0.0839923 0.000569141 -0.00140872 -0.000499489 0.000569141 0.0115871 -0.0202193 0.00058144 -0.00140872 -0.0202193 0.0944045 
0.00820953 -0.0161712 -0.000535969 0.000599412 -0.0161712 0.0842313 0.000589126 -0.00145984 -0.000535969 0.000589126 0.0116145 -0.0201903 0.000599412 -0.00145984 -0.0201903 0.0943658 
