0.00650891 0 -0.00136218 0 0 0.01 0 0 -0.00136218 0 0.00813824 0 0 0 0 0.01 
0.00929083 -0.0115633 -0.00166552 0.00203452 -0.0115633 0.0313469 0.00203452 -0.00390133 -0.00166552 0.00203452 0.0113646 -0.0140884 0.00203452 -0.00390133 -0.0140884 0.0361875 
0.0093707 -0.0179006 -0.00147659 0.00225329 -0.0179006 0.0665169 0.00225329 -0.00706752 -0.00147659 0.00225329 0.0113644 -0.0209176 0.00225329 -0.00706752 -0.0209176 0.0759415 
0.00886998 -0.0178893 -0.0014724 0.00166777 -0.0178893 0.0815588 0.00166495 -0.00531334 -0.0014724 0.00166495 0.0107477 -0.0202672 0.00166777 -0.00531334 -0.0202672 0.0891719 
0.00880281 -0.017302 -0.00155828 0.00164798 -0.017302 0.0854536 0.00164883 -0.00408716 -0.00155828 0.00164883 0.0107795 -0.0194487 0.00164798 -0.00408716 -0.0194487 0.0913987 
0.00895287 -0.0171666 -0.00162019 0.00181209 -0.0171666 0.0864924 0.00181442 -0.00417736 -0.00162019 0.00181442 0.0109608 -0.019405 0.00181209 -0.00417736 -0.019405 0.092111 
0.00907598 -0.0172664 -0.00159642 0.001885 -0.0172664 0.0870084 0.00188822 -0.00446043 -0.00159642 0.00188822 0.011053 -0.0195223 0.001885 -0.00446043 -0.0195223 0.0926165 
0.00916927 -0.0173548 -0.00152176 0.00184509 -0.0173548 0.0873373 0.0018463 -0.00451404 -0.00152176 0.0018463 0.0110716 -0.019583 0.00184509 -0.00451404 -0.019583 0.092875 
0.00919095 -0.017463 -0.00145166 0.00174001 -0.017463 0.0876061 0.00173888 -0.00433554 -0.00145166 0.00173888 0.0110195 -0.0195083 0.00174001 -0.00433554 -0.0195083 0.0927096 
0.00918413 -0.0175129 -0.00143461 0.00167561 -0.0175129 0.087812 0.00167414 -0.00417352 -0.00143461 0.00167414 0.0109466 -0.0193858 0.00167561 -0.00417352 -0.0193858 0.0923471 
0.00918036 -0.0174781 -0.00140806 0.00163463 -0.0174781 0.0878066 0.00163406 -0.00401843 -0.00140806 0.00163406 0.0109028 -0.01933 0.00163463 -0.00401843 -0.01933 0.0921331 
0.0092061 -0.0174429 -0.00142141 0.0016333 -0.0174429 0.087703 0.00163415 -0.00399939 -0.00142141 0.00163415 0.0108731 -0.0193155 0.0016333 -0.00399939 -0.0193155 0.0920807 
0.00919901 -0.0174642 -0.00141276 0.00162648 -0.0174642 0.0876808 0.00162988 -0.00395906 -0.00141276 0.00162988 0.0108658 -0.0192865 0.00162648 -0.00395906 -0.0192865 0.0920241 
0.00918554 -0.0174506 -0.00142498 0.00163315 -0.0174506 0.0876621 0.00163673 -0.003977 -0.00142498 0.00163673 0.0108733 -0.019297 0.00163315 -0.003977 -0.019297 0.0920455 
0.0091908 -0.0173816 -0.00144609 0.00166452 -0.0173816 0.0874945 0.00166925 -0.0040509 -0.00144609 0.00166925 0.0109223 -0.0193917 0.00166452 -0.0040509 -0.0193917 0.0923172 
0.00921118 -0.0174303 -0.00143834 0.00169079 -0.0174303 0.087549 0.00169635 -0.00412812 -0.00143834 0.00169635 0.0109683 -0.0194134 0.00169079 -0.00412812 -0.0194134 0.0924184 
0.00921876 -0.0174663 -0.00143149 0.00166603 -0.0174663 0.0876495 0.00166834 -0.00409797 -0.00143149 0.00166834 0.0110085 -0.0194669 0.00166603 -0.00409797 -0.0194669 0.0925326 
0.0092162 -0.0175291 -0.0014668 0.00165541 -0.0175291 0.0878434 0.00165312 -0.00405373 -0.0014668 0.00165312 0.0109818 -0.0194472 0.00165541 -0.00405373 -0.0194472 0.0924709 
0.00923434 -0.0175194 -0.00151734 0.00171401 -0.0175194 0.087919 0.00170895 -0.00414092 -0.00151734 0.00170895 0.0109871 -0.0194628 0.00171401 -0.00414092 -0.0194628 0.0925298 
0.00923091 -0.0174987 -0.00149312 0.00174264 -0.0174987 0.0878453 0.00174003 -0.0041948 -0.00149312 0.00174003 0.0110064 -0.0195058 0.00174264 -0.0041948 -0.0195058 0.0926607 
0.00919074 -0.0174986 -0.00144462 0.00171113 -0.0174986 0.0878198 0.00171131 -0.00417025 -0.00144462 0.00171131 0.0110524 -0.0195257 0.00171113 -0.00417025 -0.0195257 0.0927413 
0.00916463 -0.0174568 -0.00138467 0.00166219 -0.0174568 0.087758 0.00166046 -0.00408269 -0.00138467 0.00166046 0.0110904 -0.0195772 0.00166219 -0.00408269 -0.0195772 0.0928464 
0.00913352 -0.0174509 -0.00133994 0.0015776 -0.0174509 0.0877299 0.00157497 -0.00389383 -0.00133994 0.00157497 0.0110856 -0.0195657 0.0015776 -0.00389383 -0.0195657 0.0928053 
0.00911482 -0.0173838 -0.0013319 0.0015432 -0.0173838 0.0875958 0.00154006 -0.00378403 -0.0013319 0.00154006 0.0111116 -0.0196135 0.0015432 -0.00378403 -0.0196135 0.0929279 
0.00915528 -0.0173478 -0.00137704 0.0015254 -0.0173478 0.087461 0.00151951 -0.00370542 -0.00137704 0.00151951 0.0110817 -0.0196539 0.0015254 -0.00370542 -0.0196539 0.0930482 
0.00920444 -0.0174229 -0.00138597 0.00158746 -0.0174229 0.0875606 0.0015863 -0.00379237 -0.00138597 0.0015863 0.0110337 -0.0195909 0.00158746 -0.00379237 -0.0195909 0.0929664 
0.00924364 -0.0174888 -0.00141679 0.00160825 -0.0174888 0.0877354 0.00161662 -0.0038987 -0.00141679 0.00161662 0.0110242 -0.0195428 0.00160825 -0.0038987 -0.0195428 0.0928576 
0.00923715 -0.0175448 -0.0013996 0.00162449 -0.0175448 0.0878956 0.00163895 -0.00394412 -0.0013996 0.00163895 0.0110122 -0.0195045 0.00162449 -0.00394412 -0.0195045 0.0927168 
0.00924335 -0.0175441 -0.00138691 0.00162109 -0.0175441 0.0879875 0.00163575 -0.00397562 -0.00138691 0.00163575 0.0110477 -0.0195231 0.00162109 -0.00397562 -0.0195231 0.0927362 
0.00925281 -0.0175638 -0.00142375 0.00161394 -0.0175638 0.0880411 0.00162267 -0.00397381 -0.00142375 0.00162267 0.0110459 -0.0195266 0.00161394 -0.00397381 -0.0195266 0.0927063 
0.00925463 -0.017566 -0.00142763 0.0016431 -0.017566 0.0880505 0.0016435 -0.0039831 -0.00142763 0.0016435 0.0110439 -0.0195264 0.0016431 -0.0039831 -0.0195264 0.0926991 
0.00924491 -0.0175633 -0.00148095 0.00164127 -0.0175633 0.0880398 0.00163537 -0.00397676 -0.00148095 0.00163537 0.0110322 -0.0195262 0.00164127 -0.00397676 -0.0195262 0.0926954 
0.00924289 -0.0175607 -0.00151572 0.0017291 -0.0175607 0.0880455 0.00172294 -0.00413409 -0.00151572 0.00172294 0.0110492 -0.019508 0.0017291 -0.00413409 -0.019508 0.0926616 
0.00922735 -0.0175682 -0.00155301 0.00176289 -0.0175682 0.0880638 0.00175713 -0.00425459 -0.00155301 0.00175713 0.0110566 -0.0195007 0.00176289 -0.00425459 -0.0195007 0.0925952 
0.00920628 -0.0175114 -0.00156093 0.00178962 -0.0175114 0.0879399 0.00178416 -0.00431386 -0.00156093 0.00178416 0.0110814 -0.0195659 0.00178962 -0.00431386 -0.0195659 0.0927425 
0.00918824 -0.0174757 -0.00152404 0.00179336 -0.0174757 0.0878107 0.00178801 -0.00433616 -0.00152404 0.00178801 0.0111031 -0.0196009 0.00179336 -0.00433616 -0.0196009 0.0928722 
0.00922069 -0.0174574 -0.00153761 0.00176919 -0.0174574 0.0877368 0.00176086 -0.00432514 -0.00153761 0.00176086 0.0110954 -0.0196256 0.00176919 -0.00432514 -0.0196256 0.0929603 
0.00922372 -0.017489 -0.00150756 0.00176766 -0.017489 0.087745 0.00176038 -0.0042886 -0.00150756 0.00176038 0.0111032 -0.0196235 0.00176766 -0.0042886 -0.0196235 0.0929986 
0.00914795 -0.017527 -0.00146934 0.00173406 -0.017527 0.0878518 0.00172832 -0.00423629 -0.00146934 0.00172832 0.0111186 -0.019583 0.00173406 -0.00423629 -0.019583 0.0928842 
0.00910384 -0.0174288 -0.00140618 0.00169271 -0.0174288 0.0877548 0.00168397 -0.00414358 -0.00140618 0.00168397 0.0111418 -0.0196377 0.00169271 -0.00414358 -0.0196377 0.0929689 
0.0091054 -0.0173808 -0.00135293 0.00161157 -0.0173808 0.087624 0.00160386 -0.00397403 -0.00135293 0.00160386 0.0111232 -0.0196458 0.00161157 -0.00397403 -0.0196458 0.0930005 
0.00911024 -0.0173733 -0.00135745 0.0015455 -0.0173733 0.0875513 0.00154931 -0.00381429 -0.00135745 0.00154931 0.0111121 -0.0196278 0.0015455 -0.00381429 -0.0196278 0.0929882 
0.00914464 -0.0173575 -0.00135481 0.00153176 -0.0173575 0.0874891 0.00154464 -0.00372043 -0.00135481 0.00154464 0.0111047 -0.019642 0.00153176 -0.00372043 -0.019642 0.0930275 
0.00915878 -0.0173955 -0.00133587 0.00154509 -0.0173955 0.0875173 0.001561 -0.00374151 -0.00133587 0.001561 0.0111156 -0.0196379 0.00154509 -0.00374151 -0.0196379 0.0930459 
0.00917416 -0.0174193 -0.001333 0.00154558 -0.0174193 0.0875822 0.00155756 -0.00377734 -0.001333 0.00155756 0.0111428 -0.0196526 0.00154558 -0.00377734 -0.0196526 0.093078 
0.00915622 -0.0174505 -0.0013134 0.00153572 -0.0174505 0.0876653 0.00153616 -0.00374747 -0.0013134 0.00153616 0.0111746 -0.0196771 0.00153572 -0.00374747 -0.0196771 0.0931209 
0.00911529 -0.0174584 -0.00129651 0.00152422 -0.0174584 0.0877373 0.0015167 -0.00372104 -0.00129651 0.0015167 0.0111581 -0.0196651 0.00152422 -0.00372104 -0.0196651 0.0930629 
0.00906369 -0.0174029 -0.00127909 0.00151328 -0.0174029 0.0876621 0.00150363 -0.00370051 -0.00127909 0.00150363 0.0111332 -0.0196364 0.00151328 -0.00370051 -0.0196364 0.0929877 
0.00905329 -0.0173346 -0.00129275 0.00148636 -0.0173346 0.0875188 0.00147494 -0.0036423 -0.00129275 0.00147494 0.0111208 -0.019609 0.00148636 -0.0036423 -0.019609 0.0929133 
0.00909568 -0.0172911 -0.00132723 0.00150232 -0.0172911 0.0873605 0.00149487 -0.00364845 -0.00132723 0.00149487 0.0111146 -0.0196295 0.00150232 -0.00364845 -0.0196295 0.0929524 
0.00914757 -0.017345 -0.00134596 0.00153269 -0.017345 0.0873815 0.00153548 -0.00370806 -0.00134596 0.00153548 0.0110806 -0.0196115 0.00153269 -0.00370806 -0.0196115 0.0929276 
0.00918443 -0.0174136 -0.00136534 0.00153721 -0.0174136 0.0875153 0.00154289 -0.00372611 -0.00136534 0.00154289 0.0110144 -0.0195658 0.00153721 -0.00372611 -0.0195658 0.0928381 
0.00918994 -0.0174447 -0.00135944 0.00155823 -0.0174447 0.0876087 0.00156568 -0.00376059 -0.00135944 0.00156568 0.0109677 -0.0195032 0.00155823 -0.00376059 -0.0195032 0.0927287 
0.00919344 -0.0174522 -0.00129724 0.00155268 -0.0174522 0.0876611 0.00156178 -0.00376958 -0.00129724 0.00156178 0.0109465 -0.0194437 0.00155268 -0.00376958 -0.0194437 0.0925827 
0.00919347 -0.0174787 -0.001259 0.00148817 -0.0174787 0.0877459 0.00149762 -0.00368363 -0.001259 0.00149762 0.0109294 -0.019386 0.00148817 -0.00368363 -0.019386 0.0923953 
0.00916823 -0.0174598 -0.00124523 0.00144744 -0.0174598 0.0877345 0.00145458 -0.0035776 -0.00124523 0.00145458 0.0109769 -0.0193939 0.00144744 -0.0035776 -0.0193939 0.0923694 
0.00914535 -0.017417 -0.00123019 0.00142474 -0.017417 0.0876359 0.00142635 -0.00348649 -0.00123019 0.00142635 0.0110067 -0.0194505 0.00142474 -0.00348649 -0.0194505 0.0924492 
0.00913424 -0.0173789 -0.00123661 0.00143386 -0.0173789 0.087517 0.00143016 -0.00349606 -0.00123661 0.00143016 0.0110092 -0.0194967 0.00143386 -0.00349606 -0.0194967 0.0925808 
0.00913203 -0.0173843 -0.00122799 0.00146703 -0.0173843 0.0875118 0.00145935 -0.00358149 -0.00122799 0.00145935 0.0110334 -0.0194989 0.00146703 -0.00358149 -0.0194989 0.0926379 
0.00914053 -0.0174043 -0.00121127 0.00143591 -0.0174043 0.0875635 0.00142399 -0.00353938 -0.00121127 0.00142399 0.0110119 -0.0194831 0.00143591 -0.00353938 -0.0194831 0.0925707 
0.00913275 -0.0174091 -0.00123028 0.00140847 -0.0174091 0.0875842 0.0014006 -0.00347168 -0.00123028 0.0014006 0.0109827 -0.0194616 0.00140847 -0.00347168 -0.0194616 0.0925184 
0.00909473 -0.017394 -0.00127512 0.00142146 -0.017394 0.0875762 0.00142083 -0.003459 -0.00127512 0.00142083 0.0110011 -0.0194465 0.00142146 -0.003459 -0.0194465 0.0924966 
0.00911612 -0.0173595 -0.00134149 0.00149034 -0.0173595 0.0875494 0.00148941 -0.00358058 -0.00134149 0.00148941 0.0110114 -0.0194802 0.00149034 -0.00358058 -0.0194802 0.092552 
0.00912859 -0.0174019 -0.00138868 0.00157265 -0.0174019 0.0876 0.00157009 -0.00376647 -0.00138868 0.00157009 0.010991 -0.0194525 0.00157265 -0.00376647 -0.0194525 0.0924889 
0.00911925 -0.0173644 -0.00139797 0.00160739 -0.0173644 0.0875161 0.0016049 -0.00386916 -0.00139797 0.0016049 0.0110139 -0.0194967 0.00160739 -0.00386916 -0.0194967 0.0926138 
0.00915731 -0.0173642 -0.00140318 0.00161296 -0.0173642 0.0874837 0.0016089 -0.00390528 -0.00140318 0.0016089 0.0109961 -0.0195038 0.00161296 -0.00390528 -0.0195038 0.092651 
0.00912468 -0.0174335 -0.00134815 0.00159479 -0.0174335 0.0875906 0.00159219 -0.00386116 -0.00134815 0.00159219 0.0109701 -0.019425 0.00159479 -0.00386116 -0.019425 0.0924698 
0.00909224 -0.017378 -0.00124691 0.0015437 -0.017378 0.0875629 0.00154014 -0.00377675 -0.00124691 0.00154014 0.0109959 -0.0194486 0.0015437 -0.00377675 -0.0194486 0.0924942 
0.00909217 -0.0173282 -0.00120826 0.00144395 -0.0173282 0.0874452 0.00143854 -0.00360461 -0.00120826 0.00143854 0.0110152 -0.0194914 0.00144395 -0.00360461 -0.0194914 0.0925945 
0.00910389 -0.0173417 -0.0011677 0.00137161 -0.0173417 0.0874208 0.0013688 -0.00338307 -0.0011677 0.0013688 0.0109951 -0.0194765 0.00137161 -0.00338307 -0.0194765 0.0925659 
0.00913747 -0.0173352 -0.00117845 0.00133121 -0.0173352 0.0873822 0.00133665 -0.00326476 -0.00117845 0.00133665 0.0109556 -0.0194692 0.00133121 -0.00326476 -0.0194692 0.0925617 
0.00912929 -0.0173822 -0.00117573 0.00133467 -0.0173822 0.0874415 0.00135179 -0.00323616 -0.00117573 0.00135179 0.0109165 -0.0194031 0.00133467 -0.00323616 -0.0194031 0.0924323 
0.00913038 -0.0173482 -0.00117581 0.00135231 -0.0173482 0.0874063 0.00137542 -0.00329424 -0.00117581 0.00137542 0.0108959 -0.0193979 0.00135231 -0.00329424 -0.0193979 0.0924183 
0.00911868 -0.0173554 -0.00113548 0.00135439 -0.0173554 0.0873993 0.00137573 -0.00332241 -0.00113548 0.00137573 0.0109051 -0.019357 0.00135439 -0.00332241 -0.019357 0.092334 
0.00913033 -0.0173607 -0.00112262 0.00131527 -0.0173607 0.0874379 0.00132883 -0.00327245 -0.00112262 0.00132883 0.0109366 -0.0193496 0.00131527 -0.00327245 -0.0193496 0.0922592 
0.00910042 -0.0173971 -0.0010857 0.001277 -0.0173971 0.0875182 0.00127882 -0.00314166 -0.0010857 0.00127882 0.0109633 -0.0193396 0.001277 -0.00314166 -0.0193396 0.0921553 
0.00906375 -0.0173471 -0.00106709 0.00125689 -0.0173471 0.0874583 0.00124712 -0.00307383 -0.00106709 0.00124712 0.0109846 -0.0193887 0.00125689 -0.00307383 -0.0193887 0.0922172 
0.00905933 -0.0172839 -0.00104325 0.00124194 -0.0172839 0.0873134 0.00122703 -0.0030277 -0.00104325 0.00122703 0.0110038 -0.019453 0.00124194 -0.0030277 -0.019453 0.0924005 
0.00904373 -0.0172777 -0.00106207 0.00122571 -0.0172777 0.0872388 0.0012165 -0.00301109 -0.00106207 0.0012165 0.0110314 -0.0194797 0.00122571 -0.00301109 -0.0194797 0.0925221 
0.00904136 -0.017262 -0.0010779 0.00120953 -0.017262 0.0871882 0.00120353 -0.00293544 -0.0010779 0.00120353 0.0109996 -0.0194949 0.00120953 -0.00293544 -0.0194949 0.0925631 
0.00904397 -0.0172535 -0.00108098 0.00122937 -0.0172535 0.0871587 0.00123078 -0.00295111 -0.00108098 0.00123078 0.0109961 -0.0194771 0.00122937 -0.00295111 -0.0194771 0.0925815 
0.00903859 -0.0172453 -0.00109323 0.00124096 -0.0172453 0.0871251 0.00125138 -0.00300368 -0.00109323 0.00125138 0.0110188 -0.0194865 0.00124096 -0.00300368 -0.0194865 0.0926114 
0.00905101 -0.0172258 -0.00111935 0.00127762 -0.0172258 0.0870696 0.00128712 -0.00310131 -0.00111935 0.00128712 0.0110589 -0.01954 0.00127762 -0.00310131 -0.01954 0.092743 
0.00903815 -0.0172884 -0.00111819 0.00130624 -0.0172884 0.0871889 0.00130667 -0.00316906 -0.00111819 0.00130667 0.0110848 -0.0195254 0.00130624 -0.00316906 -0.0195254 0.0926978 
0.0090414 -0.0173042 -0.00109871 0.00130829 -0.0173042 0.0873089 0.00129877 -0.0031901 -0.00109871 0.00129877 0.0110803 -0.0195297 0.00130829 -0.0031901 -0.0195297 0.0926514 
0.00903658 -0.0172633 -0.00111147 0.00128537 -0.0172633 0.0872363 0.00127388 -0.00315825 -0.00111147 0.00127388 0.0110861 -0.0195863 0.00128537 -0.00315825 -0.0195863 0.0928048 
0.00904805 -0.0172481 -0.00107765 0.00126967 -0.0172481 0.0871698 0.00126287 -0.00308432 -0.00107765 0.00126287 0.0110716 -0.019612 0.00126967 -0.00308432 -0.019612 0.0929298 
0.00903943 -0.0172684 -0.00100116 0.00123096 -0.0172684 0.0871776 0.00123071 -0.0030127 -0.00100116 0.00123071 0.0110497 -0.0195713 0.00123096 -0.0030127 -0.0195713 0.0928847 
0.00904438 -0.0172759 -0.00095069 0.00114297 -0.0172759 0.0872282 0.00114371 -0.00285172 -0.00095069 0.00114371 0.01102 -0.0195281 0.00114297 -0.00285172 -0.0195281 0.0927708 
0.00905557 -0.0172506 -0.000945002 0.00107369 -0.0172506 0.0871708 0.00107897 -0.00266564 -0.000945002 0.00107897 0.011002 -0.0195235 0.00107369 -0.00266564 -0.0195235 0.0927513 
0.00906749 -0.0172479 -0.000936572 0.0010751 -0.0172479 0.0871176 0.00108711 -0.00261656 -0.000936572 0.00108711 0.0110114 -0.019504 0.0010751 -0.00261656 -0.019504 0.0927175 
0.00906192 -0.017283 -0.000924176 0.00106032 -0.017283 0.0871585 0.00107268 -0.00258326 -0.000924176 0.00107268 0.0109879 -0.0194567 0.00106032 -0.00258326 -0.0194567 0.0925527 
0.00905755 -0.0172846 -0.000899397 0.001072 -0.0172846 0.0872061 0.00108154 -0.00261603 -0.000899397 0.00108154 0.0110039 -0.0194397 0.001072 -0.00261603 -0.0194397 0.0924767 
0.00905117 -0.0172883 -0.000895446 0.00103345 -0.0172883 0.0872386 0.00103736 -0.00255256 -0.000895446 0.00103736 0.0110192 -0.0194533 0.00103345 -0.00255256 -0.0194533 0.0924581 
0.00902718 -0.0172932 -0.000909545 0.00102622 -0.0172932 0.0872646 0.00102184 -0.00249561 -0.000909545 0.00102184 0.0109968 -0.0194483 0.00102622 -0.00249561 -0.0194483 0.0924217 
0.00898407 -0.0172486 -0.000886956 0.00105299 -0.0172486 0.0872062 0.0010459 -0.00252611 -0.000886956 0.0010459 0.0110208 -0.0194584 0.00105299 -0.00252611 -0.0194584 0.0924723 
0.00898523 -0.0171952 -0.000848448 0.00103661 -0.0171952 0.0871016 0.00102773 -0.00253129 -0.000848448 0.00102773 0.0110513 -0.0194923 0.00103661 -0.00253129 -0.0194923 0.0925474 
0.00898396 -0.0171967 -0.000814107 0.000985186 -0.0171967 0.0870435 0.000977699 -0.00244442 -0.000814107 0.000977699 0.0110646 -0.0195086 0.000985186 -0.00244442 -0.0195086 0.0925779 
0.00900637 -0.0172111 -0.000787082 0.000928567 -0.0172111 0.0870829 0.000927062 -0.00230775 -0.000787082 0.000927062 0.0110921 -0.0195309 0.000928567 -0.00230775 -0.0195309 0.0926303 
0.00902779 -0.0172484 -0.000789275 0.000901921 -0.0172484 0.0871629 0.000903465 -0.00222245 -0.000789275 0.000903465 0.0111086 -0.0195535 0.000901921 -0.00222245 -0.0195535 0.0926737 
0.00903711 -0.0172642 -0.000764359 0.000907286 -0.0172642 0.0872164 0.000908632 -0.00220214 -0.000764359 0.000908632 0.0111419 -0.0196073 0.000907286 -0.00220214 -0.0196073 0.0928193 
0.00902873 -0.0172994 -0.000726272 0.000873826 -0.0172994 0.0873148 0.00087456 -0.0021458 -0.000726272 0.00087456 0.0111536 -0.0196254 0.000873826 -0.0021458 -0.0196254 0.0928833 
0.00901421 -0.017296 -0.000716194 0.000839316 -0.017296 0.0873517 0.000837662 -0.00207431 -0.000716194 0.000837662 0.0111227 -0.019629 0.000839316 -0.00207431 -0.019629 0.0929054 
0.00899333 -0.0173008 -0.000753675 0.00083308 -0.0173008 0.0873913 0.000832971 -0.00204461 -0.000753675 0.000832971 0.0110763 -0.0195547 0.00083308 -0.00204461 -0.0195547 0.0927578 
0.00895868 -0.0171796 -0.000782806 0.000879826 -0.0171796 0.0871149 0.000883476 -0.00211343 -0.000782806 0.000883476 0.0111076 -0.01961 0.000879826 -0.00211343 -0.01961 0.0929112 
0.00895497 -0.0171447 -0.000761384 0.000939376 -0.0171447 0.0869442 0.000941381 -0.00227234 -0.000761384 0.000941381 0.0111503 -0.0196322 0.000939376 -0.00227234 -0.0196322 0.0929911 
0.00898102 -0.0171489 -0.000751291 0.000895967 -0.0171489 0.086907 0.000893774 -0.00224334 -0.000751291 0.000893774 0.0111758 -0.0196891 0.000895967 -0.00224334 -0.0196891 0.0931113 
0.00901075 -0.0171949 -0.000755684 0.000871964 -0.0171949 0.0869842 0.000866403 -0.00216047 -0.000755684 0.000866403 0.0111871 -0.0197126 0.000871964 -0.00216047 -0.0197126 0.0931938 
0.00901685 -0.0172641 -0.000793386 0.000875624 -0.0172641 0.0871525 0.000870479 -0.00213391 -0.000793386 0.000870479 0.011155 -0.0196644 0.000875624 -0.00213391 -0.0196644 0.0930723 
0.0090114 -0.0172718 -0.000790069 0.000913964 -0.0172718 0.0872478 0.000912299 -0.00218463 -0.000790069 0.000912299 0.0111827 -0.0196445 0.000913964 -0.00218463 -0.0196445 0.093008 
0.00900206 -0.0172808 -0.000804523 0.000938986 -0.0172808 0.0873016 0.000937512 -0.00228952 -0.000804523 0.000937512 0.0111909 -0.0196459 0.000938986 -0.00228952 -0.0196459 0.0929429 
0.00900698 -0.017235 -0.000824278 0.000941507 -0.017235 0.0872145 0.000936219 -0.00230388 -0.000824278 0.000936219 0.0112091 -0.0197188 0.000941507 -0.00230388 -0.0197188 0.0931154 
0.00904165 -0.0172601 -0.000863829 0.00097385 -0.0172601 0.0872415 0.000969132 -0.00236806 -0.000863829 0.000969132 0.0111994 -0.019735 0.00097385 -0.00236806 -0.019735 0.0932116 
0.00907207 -0.0172842 -0.000899957 0.00101278 -0.0172842 0.0872786 0.00101271 -0.00245123 -0.000899957 0.00101271 0.0112212 -0.0197591 0.00101278 -0.00245123 -0.0197591 0.0933284 
0.00907483 -0.0173541 -0.000890949 0.00102462 -0.0173541 0.0874391 0.00102845 -0.00247355 -0.000890949 0.00102845 0.0112136 -0.0197429 0.00102462 -0.00247355 -0.0197429 0.0932909 
0.00906492 -0.0173732 -0.000910178 0.00101246 -0.0173732 0.0875539 0.00101915 -0.00246629 -0.000910178 0.00101915 0.0111924 -0.0197122 0.00101246 -0.00246629 -0.0197122 0.0932025 
0.00904968 -0.0173188 -0.000913847 0.00104758 -0.0173188 0.0874619 0.00105704 -0.00252737 -0.000913847 0.00105704 0.011207 -0.0197402 0.00104758 -0.00252737 -0.0197402 0.0932772 
0.00904915 -0.017293 -0.000866064 0.00105765 -0.017293 0.0873804 0.00106466 -0.00257497 -0.000866064 0.00106466 0.0112748 -0.0197897 0.00105765 -0.00257497 -0.0197897 0.0934232 
0.00907417 -0.0173374 -0.00088022 0.00103169 -0.0173374 0.0874626 0.00103322 -0.00258269 -0.00088022 0.00103322 0.011297 -0.0198149 0.00103169 -0.00258269 -0.0198149 0.093452 
0.00907913 -0.0173818 -0.000877874 0.00103308 -0.0173818 0.0875833 0.00103223 -0.00255362 -0.000877874 0.00103223 0.0113143 -0.0198277 0.00103308 -0.00255362 -0.0198277 0.0934672 
0.00908247 -0.0173948 -0.000895527 0.00100663 -0.0173948 0.0876493 0.0010049 -0.00247925 -0.000895527 0.0010049 0.0112932 -0.0198213 0.00100663 -0.00247925 -0.0198213 0.0934265 
0.009059 -0.0173646 -0.000868167 0.00100863 -0.0173646 0.087582 0.00101069 -0.00243441 -0.000868167 0.00101069 0.0112909 -0.0198335 0.00100863 -0.00243441 -0.0198335 0.0934764 
0.00905163 -0.017307 -0.000825888 0.000982284 -0.017307 0.0874277 0.000983589 -0.00238606 -0.000825888 0.000983589 0.0113122 -0.019869 0.000982284 -0.00238606 -0.019869 0.0935974 
0.00905301 -0.0173113 -0.000826027 0.000924455 -0.0173113 0.0873748 0.00092371 -0.00226055 -0.000826027 0.00092371 0.0113016 -0.0198623 0.000924455 -0.00226055 -0.0198623 0.0935931 
0.00904287 -0.0173272 -0.000808496 0.000920815 -0.0173272 0.0873939 0.00092536 -0.00220235 -0.000808496 0.00092536 0.0112675 -0.0198145 0.000920815 -0.00220235 -0.0198145 0.0934711 
0.0090509 -0.0172925 -0.000780938 0.00092795 -0.0172925 0.0873431 0.000938716 -0.00224398 -0.000780938 0.000938716 0.0112883 -0.0198263 0.00092795 -0.00224398 -0.0198263 0.0935036 
0.0090649 -0.0173393 -0.000723723 0.000883362 -0.0173393 0.0874269 0.000895 -0.00218075 -0.000723723 0.000895 0.0112821 -0.0197952 0.000883362 -0.00218075 -0.0197952 0.0933985 
0.00907121 -0.0173301 -0.000713884 0.000827286 -0.0173301 0.0874432 0.00083729 -0.00207592 -0.000713884 0.00083729 0.0113463 -0.0198649 0.000827286 -0.00207592 -0.0198649 0.0935604 
0.00908027 -0.0173597 -0.00073117 0.000839815 -0.0173597 0.0875185 0.000847212 -0.00207373 -0.00073117 0.000847212 0.0114129 -0.0199312 0.000839815 -0.00207373 -0.0199312 0.0937218 
0.00906128 -0.0174011 -0.000793812 0.000855407 -0.0174011 0.0876392 0.000853577 -0.00208554 -0.000793812 0.000853577 0.0114325 -0.0199601 0.000855407 -0.00208554 -0.0199601 0.0937711 
0.00911219 -0.0173642 -0.000889065 0.000934722 -0.0173642 0.087641 0.000925166 -0.00220791 -0.000889065 0.000925166 0.0114862 -0.0200649 0.000934722 -0.00220791 -0.0200649 0.0940564 
0.00914149 -0.0174377 -0.000928734 0.00104221 -0.0174377 0.0877361 0.00103054 -0.00242432 -0.000928734 0.00103054 0.011498 -0.0200918 0.00104221 -0.00242432 -0.0200918 0.0941665 
0.00916677 -0.0174939 -0.000878205 0.00105145 -0.0174939 0.0878936 0.00104126 -0.00248969 -0.000878205 0.00104126 0.0114558 -0.0200759 0.00105145 -0.00248969 -0.0200759 0.0941441 
0.00919469 -0.0175194 -0.00087632 0.00101567 -0.0175194 0.0879919 0.00101104 -0.00248801 -0.00087632 0.00101104 0.0114181 -0.020047 0.00101567 -0.00248801 -0.020047 0.0941166 
0.00915724 -0.0175438 -0.000922149 0.0010066 -0.0175438 0.0880413 0.00100905 -0.00246091 -0.000922149 0.00100905 0.0114047 -0.0199831 0.0010066 -0.00246091 -0.0199831 0.0939787 
0.00911549 -0.0174985 -0.000971449 0.00106474 -0.0174985 0.0880011 0.00106421 -0.0025373 -0.000971449 0.00106421 0.0114124 -0.0199772 0.00106474 -0.0025373 -0.0199772 0.093918 
0.00909607 -0.0174451 -0.000998093 0.00115204 -0.0174451 0.0878998 0.00114353 -0.00273564 -0.000998093 0.00114353 0.0114527 -0.0200036 0.00115204 -0.00273564 -0.0200036 0.0939633 
0.00910186 -0.0174196 -0.000995975 0.0011735 -0.0174196 0.0878028 0.00116271 -0.00283767 -0.000995975 0.00116271 0.0114837 -0.0200352 0.0011735 -0.00283767 -0.0200352 0.0940104 
0.00915126 -0.0174316 -0.00102059 0.00114854 -0.0174316 0.0877885 0.00114217 -0.00281186 -0.00102059 0.00114217 0.0114698 -0.0200662 0.00114854 -0.00281186 -0.0200662 0.0940697 
0.0091806 -0.0174808 -0.000992071 0.00115714 -0.0174808 0.0878478 0.00116188 -0.00279874 -0.000992071 0.00116188 0.0114629 -0.0200628 0.00115714 -0.00279874 -0.0200628 0.094107 
0.00917121 -0.0175473 -0.000924136 0.00112829 -0.0175473 0.0880144 0.0011404 -0.00277294 -0.000924136 0.0011404 0.0114387 -0.0200111 0.00112829 -0.00277294 -0.0200111 0.0939818 
0.00912365 -0.0175137 -0.000851775 0.00103316 -0.0175137 0.0879969 0.0010418 -0.00258277 -0.000851775 0.0010418 0.0114224 -0.019997 0.00103316 -0.00258277 -0.019997 0.0939285 
0.00908006 -0.0174306 -0.00083198 0.000943858 -0.0174306 0.0878203 0.000944954 -0.00234164 -0.00083198 0.000944954 0.0114429 -0.0200033 0.000943858 -0.00234164 -0.0200033 0.0939521 
0.00906028 -0.0173698 -0.000794569 0.000924326 -0.0173698 0.0876415 0.000922071 -0.00221765 -0.000794569 0.000922071 0.0114688 -0.0200361 0.000924326 -0.00221765 -0.0200361 0.0940196 
0.00907319 -0.0173522 -0.00078273 0.000895451 -0.0173522 0.0875517 0.000893326 -0.00215771 -0.00078273 0.000893326 0.0114849 -0.0200581 0.000895451 -0.00215771 -0.0200581 0.0940724 
0.00906296 -0.0173752 -0.000770238 0.0008788 -0.0173752 0.0875594 0.000878874 -0.00210785 -0.000770238 0.000878874 0.0114955 -0.0200584 0.0008788 -0.00210785 -0.0200584 0.0940725 
0.00906218 -0.0173341 -0.000774123 0.000878373 -0.0173341 0.087499 0.000880389 -0.00210977 -0.000774123 0.000880389 0.011557 -0.0201665 0.000878373 -0.00210977 -0.0201665 0.0943566 
0.00906498 -0.0173592 -0.000742463 0.000858859 -0.0173592 0.0875352 0.000863512 -0.00205857 -0.000742463 0.000863512 0.0115733 -0.0202106 0.000858859 -0.00205857 -0.0202106 0.0945075 
0.0090706 -0.0173949 -0.000699876 0.000826927 -0.0173949 0.0876534 0.000831373 -0.00199666 -0.000699876 0.000831373 0.0115714 -0.0201986 0.000826927 -0.00199666 -0.0201986 0.0945102 
0.0091145 -0.0174059 -0.000735556 0.000816565 -0.0174059 0.08773 0.000818966 -0.00199959 -0.000735556 0.000818966 0.011569 -0.020205 0.000816565 -0.00199959 -0.020205 0.0945273 
