0.00900851 0 0.000123085 0 0 0.01 0 0 0.000123085 0 0.00527351 0 0 0 0 0.01 
0.0123793 -0.0153298 0.000156457 -0.00018971 -0.0153298 0.038568 -0.00018971 0.000364005 0.000156457 -0.00018971 0.0077928 -0.00971735 -0.00018971 0.000364005 -0.00971735 0.0278069 
0.0121893 -0.0221574 0.000182957 -0.000259176 -0.0221574 0.0798294 -0.000259176 0.000803466 0.000182957 -0.000259176 0.0080739 -0.0156622 -0.000259176 0.000803466 -0.0156622 0.0593879 
0.0115564 -0.0210825 0.000209402 -0.000220395 -0.0210825 0.0916385 -0.000217755 0.000659614 0.000209402 -0.000217755 0.0076539 -0.0162798 -0.000220395 0.000659614 -0.0162798 0.0758137 
0.011694 -0.020342 0.000210197 -0.000226422 -0.020342 0.093284 -0.000217675 0.000549913 0.000210197 -0.000217675 0.00751549 -0.0158503 -0.000226422 0.000549913 -0.0158503 0.081404 
0.0119778 -0.0204807 0.000206777 -0.000228614 -0.0204807 0.0942769 -0.000223285 0.000562185 0.000206777 -0.000223285 0.00755709 -0.0155834 -0.000228614 0.000562185 -0.0155834 0.0827103 
0.0120948 -0.0207371 0.000138021 -0.000195507 -0.0207371 0.0952532 -0.000197956 0.000494189 0.000138021 -0.000197956 0.00766017 -0.0155273 -0.000195507 0.000494189 -0.0155273 0.0828809 
0.0120828 -0.0207909 7.53229e-05 -9.06933e-05 -0.0207909 0.0956903 -0.000102842 0.000281554 7.53229e-05 -0.000102842 0.00777375 -0.0156002 -9.06933e-05 0.000281554 -0.0156002 0.0829674 
0.0120201 -0.0207157 6.79376e-05 -6.07336e-05 -0.0207157 0.0956271 -7.6788e-05 0.000189891 6.79376e-05 -7.6788e-05 0.00786583 -0.0157406 -6.07336e-05 0.000189891 -0.0157406 0.0832234 
0.0119798 -0.0206154 6.36492e-05 -4.58785e-05 -0.0206154 0.0953739 -5.52658e-05 0.000121193 6.36492e-05 -5.52658e-05 0.00790336 -0.0158617 -4.58785e-05 0.000121193 -0.0158617 0.0835311 
0.0119775 -0.0205968 7.98017e-05 -6.4435e-05 -0.0205968 0.0952695 -6.5398e-05 0.00014049 7.98017e-05 -6.5398e-05 0.0079249 -0.0158985 -6.4435e-05 0.00014049 -0.0158985 0.0837115 
0.0119749 -0.0206138 9.73902e-05 -9.12991e-05 -0.0206138 0.0952852 -8.72938e-05 0.000194313 9.73902e-05 -8.72938e-05 0.00793726 -0.0159219 -9.12991e-05 0.000194313 -0.0159219 0.083808 
0.0119781 -0.0206027 0.000100048 -0.00011799 -0.0206027 0.0952714 -0.000111491 0.000263973 0.000100048 -0.000111491 0.00791974 -0.0159502 -0.00011799 0.000263973 -0.0159502 0.0839022 
0.0120162 -0.0206735 0.00012382 -0.000127484 -0.0206735 0.0954661 -0.000121633 0.000314852 0.00012382 -0.000121633 0.00790433 -0.0158922 -0.000127484 0.000314852 -0.0158922 0.0838219 
0.012049 -0.0207287 0.000146883 -0.00013679 -0.0207287 0.09565 -0.000128967 0.000316859 0.000146883 -0.000128967 0.00790094 -0.0158704 -0.00013679 0.000316859 -0.0158704 0.0837426 
0.0120414 -0.0207013 0.000143266 -0.000154148 -0.0207013 0.0955926 -0.000144302 0.000334833 0.000143266 -0.000144302 0.00786299 -0.0159111 -0.000154148 0.000334833 -0.0159111 0.0838166 
0.0120357 -0.0206973 0.000116203 -0.000152207 -0.0206973 0.0955646 -0.00014517 0.000349788 0.000116203 -0.00014517 0.00783882 -0.015861 -0.000152207 0.000349788 -0.015861 0.0837825 
0.0120238 -0.0206547 9.12237e-05 -9.59796e-05 -0.0206547 0.095439 -9.25339e-05 0.000245118 9.12237e-05 -9.25339e-05 0.0077928 -0.0158333 -9.59796e-05 0.000245118 -0.0158333 0.0837039 
0.0120126 -0.0206722 6.23276e-05 -7.21964e-05 -0.0206722 0.0954541 -6.8574e-05 0.000164043 6.23276e-05 -6.8574e-05 0.00777826 -0.0157434 -7.21964e-05 0.000164043 -0.0157434 0.0834994 
0.0119844 -0.0206477 4.71455e-05 -4.65924e-05 -0.0206477 0.0954099 -4.55415e-05 0.00011111 4.71455e-05 -4.55415e-05 0.00778432 -0.0157165 -4.65924e-05 0.00011111 -0.0157165 0.0833498 
0.0119797 -0.0206207 3.88447e-05 -4.04763e-05 -0.0206207 0.0953523 -4.34841e-05 9.69101e-05 3.88447e-05 -4.34841e-05 0.0077708 -0.0157154 -4.04763e-05 9.69101e-05 -0.0157154 0.0832898 
0.0119601 -0.020634 4.06382e-05 -4.24211e-05 -0.020634 0.0953744 -4.35308e-05 0.000106403 4.06382e-05 -4.35308e-05 0.00779903 -0.0156851 -4.24211e-05 0.000106403 -0.0156851 0.0832131 
0.0119382 -0.0206146 1.09743e-05 -2.75964e-05 -0.0206146 0.0953658 -2.55107e-05 6.45705e-05 1.09743e-05 -2.55107e-05 0.007836 -0.0157123 -2.75964e-05 6.45705e-05 -0.0157123 0.0832094 
0.0118854 -0.02055 1.54722e-05 -6.2065e-06 -0.02055 0.0952056 -8.35419e-06 3.77691e-05 1.54722e-05 -8.35419e-06 0.00786778 -0.0157872 -6.2065e-06 3.77691e-05 -0.0157872 0.0833649 
0.0118533 -0.0204884 3.82703e-05 -6.19079e-06 -0.0204884 0.0950467 -1.74914e-05 2.80924e-05 3.82703e-05 -1.74914e-05 0.00788255 -0.0158278 -6.19079e-06 2.80924e-05 -0.0158278 0.0835043 
0.0118433 -0.0204607 3.75888e-05 -4.33008e-05 -0.0204607 0.0949522 -5.97541e-05 0.000104476 3.75888e-05 -5.97541e-05 0.00789744 -0.0158331 -4.33008e-05 0.000104476 -0.0158331 0.0835545 
0.0118834 -0.0204718 5.66316e-05 -5.78822e-05 -0.0204718 0.0949646 -7.66738e-05 0.000186935 5.66316e-05 -7.66738e-05 0.00789109 -0.0158324 -5.78822e-05 0.000186935 -0.0158324 0.0835484 
0.0119261 -0.0204985 6.27631e-05 -6.80187e-05 -0.0204985 0.0949825 -8.05983e-05 0.000208895 6.27631e-05 -8.05983e-05 0.00784828 -0.015843 -6.80187e-05 0.000208895 -0.015843 0.0835758 
0.0119641 -0.0205497 1.75961e-05 -4.81516e-05 -0.0205497 0.0950793 -4.77886e-05 0.00013549 1.75961e-05 -4.77886e-05 0.00779955 -0.0157973 -4.81516e-05 0.00013549 -0.0157973 0.0835243 
0.0119581 -0.0206098 -1.20116e-05 4.71821e-06 -0.0206098 0.0952395 1.94246e-05 8.94213e-06 -1.20116e-05 1.94246e-05 0.00779208 -0.0157245 4.71821e-06 8.94213e-06 -0.0157245 0.0833641 
0.011933 -0.0205815 4.85129e-06 2.44283e-05 -0.0205815 0.0952343 4.70872e-05 -7.77013e-05 4.85129e-06 4.70872e-05 0.00780516 -0.0157284 2.44283e-05 -7.77013e-05 -0.0157284 0.0833138 
0.0119106 -0.0206015 -1.23401e-07 -7.58887e-06 -0.0206015 0.0953172 1.44334e-05 -4.85779e-05 -1.23401e-07 1.44334e-05 0.00785791 -0.0157097 -7.58887e-06 -4.85779e-05 -0.0157097 0.0832451 
0.0119101 -0.0205803 -4.00689e-05 1.03523e-05 -0.0205803 0.0953238 2.13574e-05 -4.87872e-05 -4.00689e-05 2.13574e-05 0.007896 -0.0157733 1.03523e-05 -4.87872e-05 -0.0157733 0.0833141 
0.0119376 -0.0205527 -5.03625e-05 5.57939e-05 -0.0205527 0.0952395 5.26977e-05 -0.000100478 -5.03625e-05 5.26977e-05 0.00789025 -0.0158527 5.57939e-05 -0.000100478 -0.0158527 0.0835184 
0.0119403 -0.0205707 -6.67553e-05 7.95658e-05 -0.0205707 0.0952145 7.20492e-05 -0.000173156 -6.67553e-05 7.20492e-05 0.00788965 -0.0158698 7.95658e-05 -0.000173156 -0.0158698 0.0836592 
0.0119175 -0.0205535 -8.26894e-05 9.49013e-05 -0.0205535 0.0951597 9.16381e-05 -0.000223093 -8.26894e-05 9.16381e-05 0.00789104 -0.0158858 9.49013e-05 -0.000223093 -0.0158858 0.0837485 
0.0118974 -0.0205478 -9.93031e-05 0.000108823 -0.0205478 0.0951578 0.0001127 -0.000263151 -9.93031e-05 0.0001127 0.00790586 -0.0158687 0.000108823 -0.000263151 -0.0158687 0.0837371 
0.0118968 -0.0205349 -0.00011185 0.000112648 -0.0205349 0.0951485 0.000120115 -0.000275346 -0.00011185 0.000120115 0.00792819 -0.0158759 0.000112648 -0.000275346 -0.0158759 0.0837287 
0.0118952 -0.02051 -0.000159543 0.000149053 -0.02051 0.0950687 0.000156278 -0.000357924 -0.000159543 0.000156278 0.00793153 -0.0159182 0.000149053 -0.000357924 -0.0159182 0.0838052 
0.0118876 -0.0204914 -0.000206887 0.000209789 -0.0204914 0.0949875 0.000213159 -0.000481802 -0.000206887 0.000213159 0.00791684 -0.0159357 0.000209789 -0.000481802 -0.0159357 0.0838812 
0.0118938 -0.0205185 -0.000170616 0.000258103 -0.0205185 0.0950499 0.00025478 -0.000594585 -0.000170616 0.00025478 0.00791859 -0.0158957 0.000258103 -0.000594585 -0.0158957 0.0838273 
0.0118919 -0.0205361 -0.000149341 0.000209145 -0.0205361 0.0951198 0.00020711 -0.000563899 -0.000149341 0.00020711 0.00793565 -0.0158882 0.000209145 -0.000563899 -0.0158882 0.0837747 
0.0119016 -0.0205223 -7.47451e-05 0.000137916 -0.0205223 0.0951092 0.000141319 -0.000380691 -7.47451e-05 0.000141319 0.00792209 -0.0159204 0.000137916 -0.000380691 -0.0159204 0.0838185 
0.0119311 -0.0204845 -6.17261e-05 8.88641e-05 -0.0204845 0.0949779 9.91845e-05 -0.000286776 -6.17261e-05 9.91845e-05 0.0078512 -0.015938 8.88641e-05 -0.000286776 -0.015938 0.0839035 
0.0119178 -0.0205363 -0.000101768 8.60579e-05 -0.0205363 0.0950269 9.68602e-05 -0.000256106 -0.000101768 9.68602e-05 0.007832 -0.0158335 8.60579e-05 -0.000256106 -0.0158335 0.0837558 
0.0118852 -0.0205382 -0.000126025 0.000128241 -0.0205382 0.0950876 0.000129601 -0.000297556 -0.000126025 0.000129601 0.00783823 -0.0157801 0.000128241 -0.000297556 -0.0157801 0.0835546 
0.0118207 -0.0205117 -0.000130941 0.000154449 -0.0205117 0.0950832 0.000150899 -0.00035293 -0.000130941 0.000150899 0.0078924 -0.015767 0.000154449 -0.00035293 -0.015767 0.0834316 
0.0117625 -0.0204242 -0.000124796 0.000139175 -0.0204242 0.0949257 0.000138575 -0.000334622 -0.000124796 0.000138575 0.00795 -0.0158322 0.000139175 -0.000334622 -0.0158322 0.083488 
0.0117586 -0.0203616 -0.000142535 0.000139873 -0.0203616 0.0947664 0.000140008 -0.000331297 -0.000142535 0.000140008 0.00795612 -0.0158977 0.000139873 -0.000331297 -0.0158977 0.0836247 
0.0117588 -0.0203637 -0.000160609 0.000157937 -0.0203637 0.0947134 0.00015249 -0.000346162 -0.000160609 0.00015249 0.00796471 -0.0159046 0.000157937 -0.000346162 -0.0159046 0.0836965 
0.0117389 -0.0203601 -0.000109546 0.000161311 -0.0203601 0.0946922 0.000148654 -0.000333414 -0.000109546 0.000148654 0.00799262 -0.0159188 0.000161311 -0.000333414 -0.0159188 0.0837404 
0.0117115 -0.0203052 -4.77175e-05 0.000126378 -0.0203052 0.0945624 0.000115994 -0.000313476 -4.77175e-05 0.000115994 0.00800497 -0.0159738 0.000126378 -0.000313476 -0.0159738 0.0838607 
0.0117095 -0.0202687 -7.29547e-05 9.01219e-05 -0.0202687 0.0944469 9.12632e-05 -0.000299946 -7.29547e-05 9.12632e-05 0.00798384 -0.0159908 9.01219e-05 -0.000299946 -0.0159908 0.0839446 
0.0117263 -0.0202737 -0.000105396 0.000100018 -0.0202737 0.0944181 0.000109596 -0.000287879 -0.000105396 0.000109596 0.00794562 -0.0159543 0.000100018 -0.000287879 -0.0159543 0.0839055 
0.0117317 -0.020305 -0.000121515 0.000146219 -0.020305 0.0944772 0.000157078 -0.000373376 -0.000121515 0.000157078 0.00792853 -0.0158893 0.000146219 -0.000373376 -0.0158893 0.0837575 
0.0117206 -0.0203518 -0.000119613 0.000167384 -0.0203518 0.0946327 0.000177255 -0.000446082 -0.000119613 0.000177255 0.00796268 -0.015835 0.000167384 -0.000446082 -0.015835 0.0835716 
0.0117484 -0.020331 -9.45995e-05 0.000152467 -0.020331 0.0946508 0.000159104 -0.000428397 -9.45995e-05 0.000159104 0.00795255 -0.0158826 0.000152467 -0.000428397 -0.0158826 0.0835758 
0.0117391 -0.0203858 -8.11683e-05 0.000107167 -0.0203858 0.0947605 0.000106515 -0.000322451 -8.11683e-05 0.000106515 0.00800496 -0.0158713 0.000107167 -0.000322451 -0.0158713 0.0835883 
0.0117033 -0.0203609 -0.000131007 0.00013897 -0.0203609 0.0947584 0.00013287 -0.000366832 -0.000131007 0.00013287 0.00808515 -0.0159552 0.00013897 -0.000366832 -0.0159552 0.083735 
0.0116722 -0.0202754 -0.000130182 0.0001526 -0.0202754 0.0945588 0.000140651 -0.000346602 -0.000130182 0.000140651 0.00811124 -0.0160955 0.0001526 -0.000346602 -0.0160955 0.0840738 
0.0116616 -0.0202132 -0.000128682 0.000139786 -0.0202132 0.0943419 0.000123998 -0.000307117 -0.000128682 0.000123998 0.0080818 -0.0161543 0.000139786 -0.000307117 -0.0161543 0.0843463 
0.0116964 -0.0202206 -0.000111865 0.000151557 -0.0202206 0.0942996 0.000139152 -0.000322723 -0.000111865 0.000139152 0.00802065 -0.0160988 0.000151557 -0.000322723 -0.0160988 0.0843396 
0.0116969 -0.0202447 -0.000126329 0.000152514 -0.0202447 0.0943018 0.000148518 -0.000370708 -0.000126329 0.000148518 0.00799155 -0.0160197 0.000152514 -0.000370708 -0.0160197 0.0841829 
0.0117661 -0.0202711 -0.000135423 0.000141451 -0.0202711 0.0943858 0.000145744 -0.000346906 -0.000135423 0.000145744 0.00791173 -0.0159517 0.000141451 -0.000346906 -0.0159517 0.0839653 
0.0117885 -0.0203587 -0.000144349 0.000141171 -0.0203587 0.094554 0.000147546 -0.000330416 -0.000144349 0.000147546 0.00787549 -0.0158443 0.000141171 -0.000330416 -0.0158443 0.0837019 
0.011809 -0.0204054 -0.000150257 0.000169352 -0.0204054 0.0947342 0.00017402 -0.000390608 -0.000150257 0.00017402 0.00785522 -0.0157816 0.000169352 -0.000390608 -0.0157816 0.0834697 
0.0118076 -0.0204135 -0.000154356 0.000185836 -0.0204135 0.0947887 0.000192726 -0.000454979 -0.000154356 0.000192726 0.0078494 -0.0157649 0.000185836 -0.000454979 -0.0157649 0.083364 
0.0118128 -0.0204348 -0.000147026 0.000179659 -0.0204348 0.0948701 0.00018638 -0.000456825 -0.000147026 0.00018638 0.00785463 -0.0157432 0.000179659 -0.000456825 -0.0157432 0.0832816 
0.0118355 -0.0204399 -0.0001323 0.0001756 -0.0204399 0.0949079 0.000177048 -0.000449985 -0.0001323 0.000177048 0.00784119 -0.0157519 0.0001756 -0.000449985 -0.0157519 0.0832683 
0.0117944 -0.0204458 -0.000133944 0.000139436 -0.0204458 0.0948973 0.000139735 -0.000366669 -0.000133944 0.000139735 0.00789176 -0.0157545 0.000139436 -0.000366669 -0.0157545 0.0832932 
0.011731 -0.0203741 -0.000182023 0.000176844 -0.0203741 0.094756 0.000177832 -0.000427154 -0.000182023 0.000177832 0.00794439 -0.0158317 0.000176844 -0.000427154 -0.0158317 0.0834356 
0.0116801 -0.0202997 -0.00026491 0.000257219 -0.0202997 0.0945771 0.000259553 -0.000607624 -0.00026491 0.000259553 0.00798532 -0.0158972 0.000257219 -0.000607624 -0.0158972 0.0836094 
0.0116255 -0.0202336 -0.000266476 0.000316916 -0.0202336 0.0943937 0.000319666 -0.00073289 -0.000266476 0.000319666 0.00802311 -0.0159471 0.000316916 -0.00073289 -0.0159471 0.0837572 
0.0115874 -0.0201964 -0.000233007 0.000297547 -0.0201964 0.094303 0.000302941 -0.000740168 -0.000233007 0.000302941 0.00807381 -0.0159693 0.000297547 -0.000740168 -0.0159693 0.0838285 
0.0115607 -0.0201503 -0.000191456 0.00026286 -0.0201503 0.0941937 0.000268349 -0.000689167 -0.000191456 0.000268349 0.00813383 -0.0160303 0.00026286 -0.000689167 -0.0160303 0.0839463 
0.011559 -0.0200922 -0.000186248 0.000223148 -0.0200922 0.0940229 0.000229832 -0.000610843 -0.000186248 0.000229832 0.00815623 -0.0161293 0.000223148 -0.000610843 -0.0161293 0.0841796 
0.0115489 -0.0200565 -0.000232002 0.000244437 -0.0200565 0.0938533 0.000247935 -0.000634216 -0.000232002 0.000247935 0.00815544 -0.0161906 0.000244437 -0.000634216 -0.0161906 0.0844138 
0.0115535 -0.0200655 -0.000235385 0.000279073 -0.0200655 0.0938357 0.000275312 -0.000671045 -0.000235385 0.000275312 0.00814145 -0.0161773 0.000279073 -0.000671045 -0.0161773 0.0844702 
0.0115728 -0.0200811 -0.000232895 0.000316453 -0.0200811 0.0938748 0.000313107 -0.000786364 -0.000232895 0.000313107 0.00810643 -0.0161491 0.000316453 -0.000786364 -0.0161491 0.0844226 
0.0115987 -0.0200951 -0.000262422 0.000306548 -0.0200951 0.0939035 0.000310715 -0.000817744 -0.000262422 0.000310715 0.00805941 -0.0161045 0.000306548 -0.000817744 -0.0161045 0.0843227 
0.0116517 -0.0201746 -0.000238617 0.000288957 -0.0201746 0.0941085 0.000296454 -0.000737464 -0.000238617 0.000296454 0.00801539 -0.0160064 0.000288957 -0.000737464 -0.0160064 0.0840807 
0.0116689 -0.0202383 -0.000201132 0.000272999 -0.0202383 0.0942945 0.000282163 -0.000701666 -0.000201132 0.000282163 0.00799974 -0.0159493 0.000272999 -0.000701666 -0.0159493 0.0838784 
0.0116441 -0.0202725 -0.000178873 0.000213844 -0.0202725 0.0944436 0.000224498 -0.000580475 -0.000178873 0.000224498 0.00803809 -0.0159228 0.000213844 -0.000580475 -0.0159228 0.083751 
0.0116238 -0.0202521 -0.000224411 0.000211414 -0.0202521 0.0944824 0.000218256 -0.000543397 -0.000224411 0.000218256 0.00807953 -0.0159697 0.000211414 -0.000543397 -0.0159697 0.0837805 
0.0115843 -0.0201895 -0.000226227 0.000260195 -0.0201895 0.0943369 0.00025549 -0.000586814 -0.000226227 0.00025549 0.00812359 -0.0160535 0.000260195 -0.000586814 -0.0160535 0.0839725 
0.0115757 -0.0201529 -0.000177099 0.000246107 -0.0201529 0.094232 0.000238646 -0.000574242 -0.000177099 0.000238646 0.00813303 -0.0161054 0.000246107 -0.000574242 -0.0161054 0.0841393 
0.0115828 -0.0201431 -0.000168924 0.000205715 -0.0201431 0.094179 0.00020726 -0.000536954 -0.000168924 0.00020726 0.00811132 -0.0161203 0.000205715 -0.000536954 -0.0161203 0.0842329 
0.0116052 -0.020153 -0.000185241 0.000186733 -0.020153 0.0941806 0.00019544 -0.000480696 -0.000185241 0.00019544 0.00808105 -0.0160926 0.000186733 -0.000480696 -0.0160926 0.0842213 
0.0116507 -0.0201851 -0.000178902 0.000205632 -0.0201851 0.0942409 0.000209356 -0.000483039 -0.000178902 0.000209356 0.00803475 -0.0160459 0.000205632 -0.000483039 -0.0160459 0.0841251 
0.0116649 -0.020247 -0.000175416 0.000187339 -0.020247 0.0943701 0.000184824 -0.000445356 -0.000175416 0.000184824 0.00803026 -0.0159817 0.000187339 -0.000445356 -0.0159817 0.083973 
0.0116692 -0.0202576 -0.000225759 0.000212255 -0.0202576 0.0944339 0.000203405 -0.000489057 -0.000225759 0.000203405 0.00803078 -0.0159815 0.000212255 -0.000489057 -0.0159815 0.0839116 
0.0116619 -0.0202266 -0.000263465 0.000260265 -0.0202266 0.0943552 0.000248602 -0.000562764 -0.000263465 0.000248602 0.0080137 -0.0160067 0.000260265 -0.000562764 -0.0160067 0.0839602 
0.0116501 -0.020248 -0.000278723 0.000322481 -0.020248 0.0943923 0.000315254 -0.000724511 -0.000278723 0.000315254 0.0080308 -0.0159652 0.000322481 -0.000724511 -0.0159652 0.0839028 
0.0116413 -0.0202217 -0.000285986 0.000360811 -0.0202217 0.094354 0.0003594 -0.000880372 -0.000285986 0.0003594 0.00804467 -0.0159897 0.000360811 -0.000880372 -0.0159897 0.0839094 
0.0116385 -0.0202247 -0.000295113 0.000365377 -0.0202247 0.0943532 0.000366222 -0.000941118 -0.000295113 0.000366222 0.00805748 -0.0160007 0.000365377 -0.000941118 -0.0160007 0.0839359 
0.0116575 -0.0202093 -0.000319518 0.000373379 -0.0202093 0.0943141 0.000371821 -0.000964317 -0.000319518 0.000371821 0.00804634 -0.0160277 0.000373379 -0.000964317 -0.0160277 0.0840016 
0.0117003 -0.0202253 -0.000298559 0.000358972 -0.0202253 0.0943098 0.000354107 -0.000891932 -0.000298559 0.000354107 0.00799868 -0.0160192 0.000358972 -0.000891932 -0.0160192 0.0840226 
0.0117757 -0.0203043 -0.000272971 0.000354225 -0.0203043 0.0944732 0.000350385 -0.000880609 -0.000272971 0.000350385 0.0079452 -0.0159467 0.000354225 -0.000880609 -0.0159467 0.083899 
0.0117924 -0.0203781 -0.000264562 0.000310953 -0.0203781 0.0946379 0.000314441 -0.000800443 -0.000264562 0.000314441 0.0079288 -0.0158923 0.000310953 -0.000800443 -0.0158923 0.0837608 
0.0118048 -0.0204136 -0.000308756 0.000309371 -0.0204136 0.0947851 0.000314577 -0.000776131 -0.000308756 0.000314577 0.0079232 -0.0158655 0.000309371 -0.000776131 -0.0158655 0.0836562 
0.0118071 -0.0204332 -0.000356568 0.000336315 -0.0204332 0.0948709 0.00033834 -0.000777847 -0.000356568 0.00033834 0.0079332 -0.0158532 0.000336315 -0.000777847 -0.0158532 0.0835975 
0.0117837 -0.0204248 -0.000406955 0.000420555 -0.0204248 0.094871 0.000418438 -0.000941117 -0.000406955 0.000418438 0.00796542 -0.0158787 0.000420555 -0.000941117 -0.0158787 0.0836304 
0.011745 -0.0203704 -0.000454838 0.000494369 -0.0203704 0.0947495 0.000487528 -0.00113969 -0.000454838 0.000487528 0.00799607 -0.0159385 0.000494369 -0.00113969 -0.0159385 0.083762 
0.0117249 -0.0203409 -0.000425952 0.000527982 -0.0203409 0.0946742 0.000519223 -0.00123657 -0.000425952 0.000519223 0.00801891 -0.0159649 0.000527982 -0.00123657 -0.0159649 0.0838527 
0.0117215 -0.0203014 -0.000356675 0.00047861 -0.0203014 0.0945606 0.000472845 -0.00118808 -0.000356675 0.000472845 0.0080081 -0.015998 0.00047861 -0.00118808 -0.015998 0.0839389 
0.0117005 -0.0203041 -0.000282999 0.000379463 -0.0203041 0.0945283 0.000379646 -0.000995739 -0.000282999 0.000379646 0.00801105 -0.0159764 0.000379463 -0.000995739 -0.0159764 0.0839318 
0.0116877 -0.0202729 -0.000278799 0.000308901 -0.0202729 0.0944688 0.000318697 -0.000831291 -0.000278799 0.000318697 0.00800481 -0.0159818 0.000308901 -0.000831291 -0.0159818 0.0839316 
0.0117253 -0.0202534 -0.000295298 0.000315758 -0.0202534 0.094404 0.000329455 -0.00079728 -0.000295298 0.000329455 0.00796599 -0.015972 0.000315758 -0.00079728 -0.015972 0.0839181 
0.0117569 -0.0203033 -0.000273973 0.000354548 -0.0203033 0.0944579 0.000360203 -0.000867671 -0.000273973 0.000360203 0.00793522 -0.0159178 0.000354548 -0.000867671 -0.0159178 0.0838203 
0.0117623 -0.0203545 -0.000246892 0.000312688 -0.0203545 0.0945888 0.000310608 -0.000808933 -0.000246892 0.000310608 0.00792712 -0.0158696 0.000312688 -0.000808933 -0.0158696 0.0836813 
0.0117653 -0.0203665 -0.000234949 0.000302768 -0.0203665 0.0946721 0.000295087 -0.000777246 -0.000234949 0.000295087 0.00792496 -0.0158566 0.000302768 -0.000777246 -0.0158566 0.0836024 
0.0117464 -0.0203837 -0.000237579 0.000258224 -0.0203837 0.0947453 0.000252035 -0.000662872 -0.000237579 0.000252035 0.00794125 -0.0158441 0.000258224 -0.000662872 -0.0158441 0.0835462 
0.0117369 -0.020367 -0.000240863 0.000259518 -0.020367 0.0947593 0.000257113 -0.000616351 -0.000240863 0.000257113 0.007948 -0.0158623 0.000259518 -0.000616351 -0.0158623 0.0835519 
0.0117559 -0.0203739 -0.00020925 0.000254502 -0.0203739 0.094791 0.000247623 -0.000585103 -0.00020925 0.000247623 0.00796897 -0.015861 0.000254502 -0.000585103 -0.015861 0.0835534 
0.011751 -0.0203823 -0.000174663 0.000226804 -0.0203823 0.0947954 0.000215411 -0.000537795 -0.000174663 0.000215411 0.00800672 -0.0159028 0.000226804 -0.000537795 -0.0159028 0.0836347 
0.0117684 -0.0203585 -0.000120785 0.000186912 -0.0203585 0.0947381 0.000175896 -0.000452707 -0.000120785 0.000175896 0.00800089 -0.0159753 0.000186912 -0.000452707 -0.0159753 0.0838167 
0.01179 -0.0203697 -9.26765e-05 0.000122289 -0.0203697 0.0947144 0.0001195 -0.000329705 -9.26765e-05 0.0001195 0.00798258 -0.0159865 0.000122289 -0.000329705 -0.0159865 0.0839375 
0.0118118 -0.0203686 -0.000106193 0.000124642 -0.0203686 0.094672 0.0001283 -0.00032756 -0.000106193 0.0001283 0.00794753 -0.0159832 0.000124642 -0.00032756 -0.0159832 0.0839901 
0.0118153 -0.0203824 -0.000102205 0.000120255 -0.0203824 0.0946626 0.000126834 -0.000305139 -0.000102205 0.000126834 0.00790255 -0.0159409 0.000120255 -0.000305139 -0.0159409 0.0839379 
0.0118378 -0.0204163 -8.21804e-05 0.000108759 -0.0204163 0.0947547 0.000115546 -0.000275378 -8.21804e-05 0.000115546 0.00786297 -0.015857 0.000108759 -0.000275378 -0.015857 0.0837474 
0.0118077 -0.0204654 -0.000117778 0.000100539 -0.0204654 0.0948949 0.000106841 -0.000269774 -0.000117778 0.000106841 0.00790515 -0.0157826 0.000100539 -0.000269774 -0.0157826 0.0835187 
0.0118 -0.0204413 -0.000194481 0.000167333 -0.0204413 0.0949328 0.000171591 -0.000388322 -0.000194481 0.000171591 0.0079405 -0.0158237 0.000167333 -0.000388322 -0.0158237 0.083476 
0.0117528 -0.0203978 -0.000259069 0.000254431 -0.0203978 0.0948206 0.000254026 -0.000565438 -0.000259069 0.000254026 0.00798698 -0.0158978 0.000254431 -0.000565438 -0.0158978 0.0836281 
0.0116989 -0.0203438 -0.000295582 0.000339524 -0.0203438 0.0946991 0.000333421 -0.00077765 -0.000295582 0.000333421 0.00804979 -0.0159619 0.000339524 -0.00077765 -0.0159619 0.083805 
0.0117157 -0.0202809 -0.000268309 0.000352236 -0.0202809 0.0945521 0.000342624 -0.000844183 -0.000268309 0.000342624 0.00803278 -0.0160373 0.000352236 -0.000844183 -0.0160373 0.0839956 
0.0117269 -0.0202774 -0.000256108 0.000302615 -0.0202774 0.0944518 0.000301287 -0.000774047 -0.000256108 0.000301287 0.00799455 -0.0160349 0.000302615 -0.000774047 -0.0160349 0.0840909 
0.0117503 -0.0202897 -0.000299321 0.000297074 -0.0202897 0.0944437 0.000305525 -0.000751147 -0.000299321 0.000305525 0.00793456 -0.0159831 0.000297074 -0.000751147 -0.0159831 0.0840285 
0.0117406 -0.0203504 -0.000332168 0.000366292 -0.0203504 0.0945815 0.000372098 -0.000868967 -0.000332168 0.000372098 0.00794614 -0.0158769 0.000366292 -0.000868967 -0.0158769 0.0837956 
0.0117224 -0.0203508 -0.000307008 0.000388251 -0.0203508 0.0946589 0.000391239 -0.000938331 -0.000307008 0.000391239 0.00797864 -0.0158708 0.000388251 -0.000938331 -0.0158708 0.0836531 
0.0117236 -0.0203031 -0.000229772 0.000333786 -0.0203031 0.0945679 0.000338941 -0.000855909 -0.000229772 0.000338941 0.00798972 -0.0159277 0.000333786 -0.000855909 -0.0159277 0.0837153 
0.0116968 -0.020284 -0.000200978 0.000248539 -0.020284 0.094465 0.000259285 -0.000693952 -0.000200978 0.000259285 0.00800839 -0.0159616 0.000248539 -0.000693952 -0.0159616 0.0838293 
0.0116805 -0.0202405 -0.000234262 0.000240521 -0.0202405 0.0943522 0.000250071 -0.000636023 -0.000234262 0.000250071 0.00800165 -0.0159935 0.000240521 -0.000636023 -0.0159935 0.0839296 
0.0116888 -0.0202617 -0.000247516 0.000273075 -0.0202617 0.094394 0.000276506 -0.000652084 -0.000247516 0.000276506 0.00799115 -0.0159553 0.000273075 -0.000652084 -0.0159553 0.0838793 
0.0116518 -0.020292 -0.000280564 0.000329759 -0.020292 0.0944922 0.000326916 -0.000798516 -0.000280564 0.000326916 0.00804277 -0.0159276 0.000329759 -0.000798516 -0.0159276 0.08379 
0.011562 -0.0202228 -0.000335916 0.000336665 -0.0202228 0.0943961 0.000332822 -0.000826582 -0.000335916 0.000332822 0.00812209 -0.0160055 0.000336665 -0.000826582 -0.0160055 0.083886 
0.0115374 -0.0201159 -0.000356268 0.000393971 -0.0201159 0.0941814 0.000382932 -0.00090474 -0.000356268 0.000382932 0.00815021 -0.0161021 0.000393971 -0.00090474 -0.0161021 0.0840957 
0.0115356 -0.0200644 -0.000343556 0.000422826 -0.0200644 0.0939736 0.000411748 -0.000992155 -0.000343556 0.000411748 0.00815495 -0.0161504 0.000422826 -0.000992155 -0.0161504 0.0842787 
0.011538 -0.0200671 -0.000343745 0.000398946 -0.0200671 0.0939103 0.000395036 -0.000989201 -0.000343745 0.000395036 0.0081563 -0.0161493 0.000398946 -0.000989201 -0.0161493 0.0843318 
0.0114731 -0.0200642 -0.000341146 0.00038659 -0.0200642 0.0938824 0.000389453 -0.000951852 -0.000341146 0.000389453 0.00820816 -0.0161539 0.00038659 -0.000951852 -0.0161539 0.0843512 
0.0114215 -0.0199847 -0.000310553 0.000351246 -0.0199847 0.0937502 0.00035535 -0.000851313 -0.000310553 0.00035535 0.00823808 -0.0162111 0.000351246 -0.000851313 -0.0162111 0.084435 
0.0113841 -0.0199216 -0.000296338 0.000314183 -0.0199216 0.0935863 0.000316667 -0.000754313 -0.000296338 0.000316667 0.00824157 -0.0162422 0.000314183 -0.000754313 -0.0162422 0.084522 
0.0114086 -0.0199242 -0.000276673 0.000322008 -0.0199242 0.0935949 0.000327196 -0.000753998 -0.000276673 0.000327196 0.00822404 -0.0162128 0.000322008 -0.000753998 -0.0162128 0.084478 
0.0114347 -0.0199392 -0.000322388 0.000368327 -0.0199392 0.0936071 0.000377534 -0.000914411 -0.000322388 0.000377534 0.00821322 -0.0162035 0.000368327 -0.000914411 -0.0162035 0.084449 
0.0114814 -0.0199565 -0.000342763 0.000400256 -0.0199565 0.0936264 0.000406298 -0.00099816 -0.000342763 0.000406298 0.00817514 -0.0162 0.000400256 -0.00099816 -0.0162 0.0844388 
0.0114845 -0.0199995 -0.000356195 0.000414592 -0.0199995 0.0936848 0.000418644 -0.00103814 -0.000356195 0.000418644 0.00817116 -0.016168 0.000414592 -0.00103814 -0.016168 0.0844 
0.0114879 -0.0200346 -0.000399143 0.000426779 -0.0200346 0.0938123 0.000429588 -0.00106485 -0.000399143 0.000429588 0.0081801 -0.0161417 0.000426779 -0.00106485 -0.0161417 0.0843186 
0.0114837 -0.0200363 -0.000426295 0.00048139 -0.0200363 0.0938569 0.000481939 -0.00116094 -0.000426295 0.000481939 0.0082091 -0.0161565 0.00048139 -0.00116094 -0.0161565 0.0843145 
0.0114733 -0.0199992 -0.00042505 0.000487826 -0.0199992 0.0937657 0.000489199 -0.00118805 -0.00042505 0.000489199 0.00822657 -0.0162117 0.000487826 -0.00118805 -0.0162117 0.0844243 
0.0114826 -0.0199987 -0.000447701 0.000509859 -0.0199987 0.093739 0.000508723 -0.00125671 -0.000447701 0.000508723 0.00821126 -0.0162309 0.000509859 -0.00125671 -0.0162309 0.0845047 
0.0114785 -0.0199925 -0.00044848 0.000498639 -0.0199925 0.0936982 0.000492785 -0.00121349 -0.00044848 0.000492785 0.00817288 -0.0162194 0.000498639 -0.00121349 -0.0162194 0.0845216 
