0.00600398 0 0.00123859 0 0 0.01 0 0 0.00123859 0 0.0084636 0 0 0 0 0.01 
0.0087106 -0.0108437 0.00154112 -0.00188203 -0.0108437 0.0299667 -0.00188203 0.00360804 0.00154112 -0.00188203 0.0117083 -0.0145122 -0.00188203 0.00360804 -0.0145122 0.0370001 
0.00894552 -0.0170952 0.00138445 -0.00220699 -0.0170952 0.0639287 -0.00220699 0.00691922 0.00138445 -0.00220699 0.0115979 -0.0212863 -0.00220699 0.00691922 -0.0212863 0.0771163 
0.00843276 -0.0174108 0.0013035 -0.00156877 -0.0174108 0.0797395 -0.00156529 0.00514103 0.0013035 -0.00156529 0.0110071 -0.0204262 -0.00156877 0.00514103 -0.0204262 0.0896352 
0.0082925 -0.0168273 0.00139732 -0.00147219 -0.0168273 0.0843793 -0.00147143 0.00387044 0.00139732 -0.00147143 0.0111117 -0.019693 -0.00147219 0.00387044 -0.019693 0.0916268 
0.00835559 -0.0165064 0.00146323 -0.00159841 -0.0165064 0.0852012 -0.00160127 0.0037997 0.00146323 -0.00160127 0.0113677 -0.0198238 -0.00159841 0.0037997 -0.0198238 0.0927051 
0.0084542 -0.0164502 0.00145724 -0.0016494 -0.0164502 0.0852139 -0.001654 0.003939 0.00145724 -0.001654 0.0114798 -0.0200613 -0.0016494 0.003939 -0.0200613 0.0936556 
0.00853296 -0.0165083 0.00142194 -0.0016195 -0.0165083 0.0852291 -0.00162288 0.00392925 0.00142194 -0.00162288 0.0114665 -0.0201177 -0.0016195 0.00392925 -0.0201177 0.0940874 
0.00861746 -0.0166098 0.00139823 -0.00159775 -0.0166098 0.0853988 -0.0015988 0.00389116 0.00139823 -0.0015988 0.0113959 -0.0200388 -0.00159775 0.00389116 -0.0200388 0.0940256 
0.00868423 -0.0167254 0.001383 -0.00160146 -0.0167254 0.0856687 -0.00160334 0.00390764 0.001383 -0.00160334 0.0113577 -0.0199466 -0.00160146 0.00390764 -0.0199466 0.0938177 
0.00866868 -0.0168126 0.00134324 -0.00154753 -0.0168126 0.0859166 -0.00155105 0.00379038 0.00134324 -0.00155105 0.0113495 -0.0198871 -0.00154753 0.00379038 -0.0198871 0.0936029 
0.00867511 -0.0167928 0.00134473 -0.00152303 -0.0167928 0.0859877 -0.00152742 0.00373428 0.00134473 -0.00152742 0.011303 -0.0198846 -0.00152303 0.00373428 -0.0198846 0.0935276 
0.00869122 -0.0168026 0.00137076 -0.0015484 -0.0168026 0.0860222 -0.00155353 0.00377557 0.00137076 -0.00155353 0.0112599 -0.0198387 -0.0015484 0.00377557 -0.0198387 0.093458 
0.00872632 -0.0168208 0.00135395 -0.00157353 -0.0168208 0.0860654 -0.00157845 0.00382533 0.00135395 -0.00157845 0.0112135 -0.0197871 -0.00157353 0.00382533 -0.0197871 0.0933488 
0.00873955 -0.0168526 0.00134266 -0.0015737 -0.0168526 0.0861216 -0.0015754 0.00387166 0.00134266 -0.0015754 0.0111991 -0.0197384 -0.0015737 0.00387166 -0.0197384 0.0932381 
0.00877853 -0.0168643 0.00135213 -0.00156316 -0.0168643 0.086164 -0.00155893 0.00385918 0.00135213 -0.00155893 0.011175 -0.0197338 -0.00156316 0.00385918 -0.0197338 0.0932062 
0.00875096 -0.016879 0.00133511 -0.00153459 -0.016879 0.0861567 -0.00153135 0.00376587 0.00133511 -0.00153135 0.0111921 -0.0197178 -0.00153459 0.00376587 -0.0197178 0.0931862 
0.00872869 -0.0168404 0.00133411 -0.00152595 -0.0168404 0.086097 -0.00152654 0.00373802 0.00133411 -0.00152654 0.0112151 -0.0197473 -0.00152595 0.00373802 -0.0197473 0.0932317 
0.00867832 -0.0168054 0.00130498 -0.00151067 -0.0168054 0.0859971 -0.00151415 0.00368944 0.00130498 -0.00151415 0.011263 -0.0197844 -0.00151067 0.00368944 -0.0197844 0.0933277 
0.00865283 -0.0167848 0.00129301 -0.00150562 -0.0167848 0.0859764 -0.00151018 0.00369886 0.00129301 -0.00151018 0.0113042 -0.0198133 -0.00150562 0.00369886 -0.0198133 0.0933779 
0.00870265 -0.0167651 0.00129903 -0.00151661 -0.0167651 0.085955 -0.00151975 0.00374512 0.00129903 -0.00151975 0.0113042 -0.0198663 -0.00151661 0.00374512 -0.0198663 0.0934862 
0.00872118 -0.0168299 0.00127638 -0.00148907 -0.0168299 0.0860434 -0.00149247 0.0036802 0.00127638 -0.00149247 0.0112836 -0.0198555 -0.00148907 0.0036802 -0.0198555 0.093496 
0.00865995 -0.0168414 0.00124471 -0.00142156 -0.0168414 0.0861021 -0.00142659 0.00350584 0.00124471 -0.00142659 0.0113029 -0.0198359 -0.00142156 0.00350584 -0.0198359 0.0934654 
0.00858929 -0.0167556 0.00122727 -0.00138146 -0.0167556 0.0859761 -0.00138357 0.00336241 0.00122727 -0.00138357 0.011331 -0.0198661 -0.00138146 0.00336241 -0.0198661 0.0935102 
0.00857264 -0.0166733 0.00124891 -0.00138175 -0.0166733 0.0857864 -0.00138363 0.00332941 0.00124891 -0.00138363 0.011328 -0.0198925 -0.00138175 0.00332941 -0.0198925 0.0935692 
0.00858365 -0.0166678 0.00125413 -0.00143905 -0.0166678 0.085712 -0.00144363 0.00345105 0.00125413 -0.00144363 0.0113061 -0.019866 -0.00143905 0.00345105 -0.019866 0.0935246 
0.00862533 -0.0166965 0.00128362 -0.00148322 -0.0166965 0.0857582 -0.00148451 0.00361308 0.00128362 -0.00148451 0.0112862 -0.019836 -0.00148322 0.00361308 -0.019836 0.093453 
0.00860552 -0.016727 0.00127447 -0.00148711 -0.016727 0.0858016 -0.00148177 0.0036343 0.00127447 -0.00148177 0.0113105 -0.0198194 -0.00148711 0.0036343 -0.0198194 0.0934001 
0.00860257 -0.0166786 0.00126433 -0.00147219 -0.0166786 0.0857264 -0.00145786 0.00359879 0.00126433 -0.00145786 0.011342 -0.019886 -0.00147219 0.00359879 -0.019886 0.0935309 
0.00864749 -0.0166874 0.00128311 -0.00146995 -0.0166874 0.0857132 -0.00145413 0.00358771 0.00128311 -0.00145413 0.0113364 -0.0199163 -0.00146995 0.00358771 -0.0199163 0.0936302 
0.00867337 -0.0167715 0.00130168 -0.00148127 -0.0167715 0.0858729 -0.00147289 0.00359884 0.00130168 -0.00147289 0.011321 -0.0198798 -0.00148127 0.00359884 -0.0198798 0.093571 
0.00874589 -0.0168157 0.00133972 -0.001509 -0.0168157 0.0860353 -0.00150831 0.00366626 0.00133972 -0.00150831 0.0112619 -0.0198613 -0.001509 0.00366626 -0.0198613 0.093511 
0.00878862 -0.0169189 0.00138124 -0.00155171 -0.0169189 0.0862712 -0.00155805 0.00376718 0.00138124 -0.00155805 0.0112221 -0.0197712 -0.00155171 0.00376718 -0.0197712 0.0933236 
0.0087791 -0.0169378 0.00138113 -0.00157705 -0.0169378 0.0863624 -0.00158442 0.00382502 0.00138113 -0.00158442 0.0112192 -0.0197384 -0.00157705 0.00382502 -0.0197384 0.0931996 
0.0087436 -0.0168938 0.00135273 -0.00156239 -0.0168938 0.0862814 -0.00156121 0.00379451 0.00135273 -0.00156121 0.0112543 -0.0197688 -0.00156239 0.00379451 -0.0197688 0.0932536 
0.00871817 -0.0168457 0.00134064 -0.00154638 -0.0168457 0.0861554 -0.0015349 0.00376277 0.00134064 -0.0015349 0.0113004 -0.0198165 -0.00154638 0.00376277 -0.0198165 0.0933616 
0.0086952 -0.016805 0.00131831 -0.0015046 -0.016805 0.0860226 -0.00149082 0.00364755 0.00131831 -0.00149082 0.0113328 -0.0198725 -0.0015046 0.00364755 -0.0198725 0.093493 
0.00878355 -0.016823 0.00132653 -0.00152653 -0.016823 0.086063 -0.00151523 0.00369192 0.00132653 -0.00151523 0.0112795 -0.019899 -0.00152653 0.00369192 -0.019899 0.0935812 
0.00887424 -0.0169459 0.00133187 -0.00153069 -0.0169459 0.0862923 -0.00152601 0.00372293 0.00133187 -0.00152601 0.0112125 -0.0198351 -0.00153069 0.00372293 -0.0198351 0.0935182 
0.00890748 -0.0170718 0.00133626 -0.00153514 -0.0170718 0.0866195 -0.00153202 0.00374187 0.00133626 -0.00153202 0.0111898 -0.0197471 -0.00153514 0.00374187 -0.0197471 0.093333 
0.00892712 -0.0171095 0.00135083 -0.00152775 -0.0171095 0.0868098 -0.00152025 0.0037186 0.00135083 -0.00152025 0.0111564 -0.0197169 -0.00152775 0.0037186 -0.0197169 0.0932019 
0.0089626 -0.0171068 0.00135913 -0.00156008 -0.0171068 0.0868447 -0.00155519 0.00377758 0.00135913 -0.00155519 0.0111507 -0.0197194 -0.00156008 0.00377758 -0.0197194 0.0932218 
0.00898193 -0.017142 0.00134642 -0.00154627 -0.017142 0.0868905 -0.00154654 0.00376706 0.00134642 -0.00154654 0.0111557 -0.0197054 -0.00154627 0.00376706 -0.0197054 0.0931943 
0.00896845 -0.0171789 0.00134434 -0.00151168 -0.0171789 0.0869808 -0.00151638 0.00368943 0.00134434 -0.00151638 0.0111582 -0.0196897 -0.00151168 0.00368943 -0.0196897 0.0931272 
0.00898611 -0.0171764 0.00137552 -0.00153076 -0.0171764 0.0870341 -0.00154273 0.00371854 0.00137552 -0.00154273 0.011147 -0.0196958 -0.00153076 0.00371854 -0.0196958 0.0931205 
0.00898674 -0.0171874 0.0013863 -0.00155077 -0.0171874 0.0870463 -0.00156563 0.00375081 0.0013863 -0.00156563 0.0111249 -0.0196772 -0.00155077 0.00375081 -0.0196772 0.0930831 
0.00889712 -0.0171714 0.00137041 -0.00155513 -0.0171714 0.0870064 -0.00156686 0.00376237 0.00137041 -0.00156686 0.0111754 -0.0196514 -0.00155513 0.00376237 -0.0196514 0.0930238 
0.00879978 -0.017059 0.00135993 -0.00155686 -0.017059 0.0868127 -0.00155906 0.00377878 0.00135993 -0.00155906 0.0112433 -0.0197161 -0.00155686 0.00377878 -0.0197161 0.0931038 
0.008751 -0.0169244 0.00133363 -0.00155367 -0.0169244 0.0864888 -0.00154699 0.00377544 0.00133363 -0.00154699 0.0112878 -0.0198117 -0.00155367 0.00377544 -0.0198117 0.0933181 
0.00873917 -0.016854 0.00132364 -0.00152485 -0.016854 0.0862244 -0.00151675 0.0037352 0.00132364 -0.00151675 0.0112857 -0.0198608 -0.00152485 0.0037352 -0.0198608 0.093475 
0.00877668 -0.0168445 0.00132326 -0.00152236 -0.0168445 0.086127 -0.00151572 0.00371776 0.00132326 -0.00151572 0.011284 -0.019872 -0.00152236 0.00371776 -0.019872 0.0935748 
0.00878315 -0.016913 0.00131504 -0.00148659 -0.016913 0.0862233 -0.00148652 0.00362882 0.00131504 -0.00148652 0.0112649 -0.0198271 -0.00148659 0.00362882 -0.0198271 0.0934707 
0.00886891 -0.0169224 0.001322 -0.00150511 -0.0169224 0.0863067 -0.00151075 0.00365457 0.001322 -0.00151075 0.0112156 -0.0198448 -0.00150511 0.00365457 -0.0198448 0.0935164 
0.0089575 -0.017018 0.00133461 -0.00152506 -0.017018 0.0864713 -0.00153414 0.0037194 0.00133461 -0.00153414 0.0111929 -0.019812 -0.00152506 0.0037194 -0.019812 0.0935271 
0.00897628 -0.0171358 0.00134177 -0.00151264 -0.0171358 0.0867444 -0.00152162 0.00369601 0.00134177 -0.00152162 0.011202 -0.0197693 -0.00151264 0.00369601 -0.0197693 0.0934286 
0.00896266 -0.0171798 0.00134208 -0.00152497 -0.0171798 0.0869551 -0.00153014 0.0037027 0.00134208 -0.00153014 0.0112182 -0.0197701 -0.00152497 0.0037027 -0.0197701 0.0933758 
0.00898576 -0.017162 0.00134584 -0.00149751 -0.017162 0.0869941 -0.00149579 0.0036238 0.00134584 -0.00149579 0.0111589 -0.0197817 -0.00149751 0.0036238 -0.0197817 0.093372 
0.00897589 -0.0171827 0.00133938 -0.00150359 -0.0171827 0.0870204 -0.0014977 0.00359561 0.00133938 -0.0014977 0.0111422 -0.0197094 -0.00150359 0.00359561 -0.0197094 0.0932637 
0.00901227 -0.0172245 0.00135514 -0.00156523 -0.0172245 0.0871721 -0.00155198 0.00375045 0.00135514 -0.00155198 0.011121 -0.0196552 -0.00156523 0.00375045 -0.0196552 0.0930854 
0.00903744 -0.017264 0.00137899 -0.00156636 -0.017264 0.0872772 -0.00154742 0.00379184 0.00137899 -0.00154742 0.0110825 -0.0196153 -0.00156636 0.00379184 -0.0196153 0.0929314 
0.00905082 -0.0172824 0.00141687 -0.00158563 -0.0172824 0.0873344 -0.00157111 0.00383099 0.00141687 -0.00157111 0.0110387 -0.0195647 -0.00158563 0.00383099 -0.0195647 0.0927841 
0.00902734 -0.0172859 0.00141954 -0.00162469 -0.0172859 0.0873459 -0.00162056 0.00391605 0.00141954 -0.00162056 0.0110317 -0.0195125 -0.00162469 0.00391605 -0.0195125 0.0926434 
0.0090217 -0.0172133 0.00140512 -0.00161322 -0.0172133 0.087179 -0.00161726 0.00393606 0.00140512 -0.00161726 0.0109968 -0.0195253 -0.00161322 0.00393606 -0.0195253 0.0926283 
0.00902888 -0.0171859 0.00139026 -0.00161071 -0.0171859 0.0870332 -0.00162146 0.00395717 0.00139026 -0.00162146 0.0109847 -0.0195083 -0.00161071 0.00395717 -0.0195083 0.0926459 
0.00910174 -0.0171976 0.00138029 -0.0015878 -0.0171976 0.0869983 -0.0016013 0.00392398 0.00138029 -0.0016013 0.0109175 -0.0194849 -0.0015878 0.00392398 -0.0194849 0.0926011 
0.00919019 -0.0172716 0.0013622 -0.00155164 -0.0172716 0.0870795 -0.00156099 0.00381505 0.0013622 -0.00156099 0.0108334 -0.0194124 -0.00155164 0.00381505 -0.0194124 0.0924839 
0.0092445 -0.017352 0.0013211 -0.00152669 -0.017352 0.0872227 -0.00153399 0.00372578 0.0013211 -0.00153399 0.0107919 -0.0193439 -0.00152669 0.00372578 -0.0193439 0.0923672 
0.00921067 -0.0174165 0.00128907 -0.00146021 -0.0174165 0.0873819 -0.00146606 0.0035743 0.00128907 -0.00146606 0.0108126 -0.0192816 -0.00146021 0.0035743 -0.0192816 0.0921952 
0.009161 -0.0174091 0.00128281 -0.00143648 -0.0174091 0.0874772 -0.00144097 0.00348425 0.00128281 -0.00144097 0.0108314 -0.0192781 -0.00143648 0.00348425 -0.0192781 0.0920887 
0.00913753 -0.0173551 0.0012988 -0.0014552 -0.0173551 0.0874329 -0.00145859 0.00350495 0.0012988 -0.00145859 0.010862 -0.0193173 -0.0014552 0.00350495 -0.0193173 0.0921497 
0.00913219 -0.0173178 0.00129436 -0.00145418 -0.0173178 0.0873293 -0.00146015 0.00349948 0.00129436 -0.00146015 0.0108573 -0.0193457 -0.00145418 0.00349948 -0.0193457 0.0922095 
0.00910944 -0.0172905 0.00129248 -0.00146288 -0.0172905 0.0872218 -0.00146833 0.00353649 0.00129248 -0.00146833 0.0108841 -0.0193446 -0.00146288 0.00353649 -0.0193446 0.092232 
0.00905695 -0.0172735 0.00128862 -0.00148177 -0.0172735 0.0871734 -0.00148043 0.00359206 0.00128862 -0.00148043 0.0109508 -0.0193806 -0.00148177 0.00359206 -0.0193806 0.0922979 
0.00900941 -0.017236 0.00129467 -0.00148616 -0.017236 0.0871279 -0.00147755 0.00362119 0.00129467 -0.00147755 0.0109971 -0.0194407 -0.00148616 0.00362119 -0.0194407 0.092393 
0.00895776 -0.0171777 0.00128808 -0.00148913 -0.0171777 0.0870134 -0.00148062 0.00363182 0.00128808 -0.00148062 0.0110417 -0.0194981 -0.00148913 0.00363182 -0.0194981 0.092531 
0.00887496 -0.017124 0.00125762 -0.00145836 -0.017124 0.0868912 -0.00145217 0.00356223 0.00125762 -0.00145217 0.0111035 -0.0195427 -0.00145836 0.00356223 -0.0195427 0.0926463 
0.00879383 -0.0170223 0.00122765 -0.00142964 -0.0170223 0.0866863 -0.00142498 0.00349702 0.00122765 -0.00142498 0.0111772 -0.0196255 -0.00142964 0.00349702 -0.0196255 0.0928344 
0.00871293 -0.0168939 0.00121986 -0.00136997 -0.0168939 0.0863593 -0.00136847 0.00335432 0.00121986 -0.00136847 0.0112272 -0.0197345 -0.00136997 0.00335432 -0.0197345 0.0931078 
0.00869273 -0.0167922 0.0012568 -0.00138388 -0.0167922 0.0860697 -0.00138488 0.00334276 0.0012568 -0.00138488 0.0112369 -0.0198113 -0.00138388 0.00334276 -0.0198113 0.0933651 
0.00873593 -0.0167813 0.00129397 -0.00145108 -0.0167813 0.0859561 -0.00145621 0.00348357 0.00129397 -0.00145621 0.0111974 -0.0198021 -0.00145108 0.00348357 -0.0198021 0.0934209 
0.00876547 -0.0168107 0.00131482 -0.00149091 -0.0168107 0.0859401 -0.00149525 0.00360778 0.00131482 -0.00149525 0.0111635 -0.0197655 -0.00149091 0.00360778 -0.0197655 0.0933836 
0.00878777 -0.0168735 0.00132457 -0.00154241 -0.0168735 0.0860769 -0.00154545 0.0037635 0.00132457 -0.00154545 0.0111596 -0.0197045 -0.00154241 0.0037635 -0.0197045 0.0932405 
0.00881592 -0.016897 0.00128624 -0.0015226 -0.016897 0.0861646 -0.00152337 0.0037539 0.00128624 -0.00152337 0.0111485 -0.019697 -0.0015226 0.0037539 -0.019697 0.0931611 
0.00880485 -0.0169586 0.00124022 -0.00146154 -0.0169586 0.0863188 -0.00145917 0.00362495 0.00124022 -0.00145917 0.0111432 -0.0196505 -0.00146154 0.00362495 -0.0196505 0.0930224 
0.00878751 -0.0169577 0.00123189 -0.00140881 -0.0169577 0.0864032 -0.00140226 0.00347764 0.00123189 -0.00140226 0.011139 -0.019642 -0.00140881 0.00347764 -0.019642 0.0929524 
0.00882645 -0.0169475 0.00123076 -0.00141308 -0.0169475 0.086427 -0.00140532 0.00343335 0.00123076 -0.00140532 0.0110989 -0.0196311 -0.00141308 0.00343335 -0.0196311 0.0929089 
0.00887501 -0.0169899 0.00126485 -0.00142942 -0.0169899 0.0864871 -0.00142142 0.00347299 0.00126485 -0.00142142 0.0110398 -0.0195747 -0.00142942 0.00347299 -0.0195747 0.0927934 
0.00893777 -0.0170043 0.00130015 -0.00147313 -0.0170043 0.0864921 -0.00146168 0.0035579 0.00130015 -0.00146168 0.0109879 -0.0195497 -0.00147313 0.0035579 -0.0195497 0.0927627 
0.00898788 -0.0170497 0.00132762 -0.00149289 -0.0170497 0.0865259 -0.00148371 0.00360726 0.00132762 -0.00148371 0.0109508 -0.0195086 -0.00149289 0.00360726 -0.0195086 0.0927097 
0.00904185 -0.0171449 0.00134451 -0.00151774 -0.0171449 0.0867311 -0.0015166 0.00366142 0.00134451 -0.0015166 0.0109083 -0.0194358 -0.00151774 0.00366142 -0.0194358 0.0925386 
0.00902448 -0.0172038 0.0013289 -0.00152932 -0.0172038 0.0869034 -0.00153789 0.0037071 0.0013289 -0.00153789 0.0109367 -0.0193952 -0.00152932 0.0037071 -0.0193952 0.0924183 
0.00897725 -0.0171657 0.0012977 -0.00149791 -0.0171657 0.0868893 -0.00150823 0.00366605 0.0012977 -0.00150823 0.0109789 -0.0194413 -0.00149791 0.00366605 -0.0194413 0.0924567 
0.00893738 -0.0171222 0.00128388 -0.00147559 -0.0171222 0.0868175 -0.00148093 0.00361781 0.00128388 -0.00148093 0.0110365 -0.0194817 -0.00147559 0.00361781 -0.0194817 0.0925391 
0.00894252 -0.0170747 0.00127344 -0.00145983 -0.0170747 0.0867097 -0.00146092 0.003567 0.00127344 -0.00146092 0.0110646 -0.019555 -0.00145983 0.003567 -0.019555 0.0926902 
0.00900741 -0.0171059 0.00130219 -0.00147726 -0.0171059 0.0867439 -0.00147343 0.00360418 0.00130219 -0.00147343 0.0110399 -0.0195774 -0.00147726 0.00360418 -0.0195774 0.0927768 
0.00900817 -0.0171944 0.00132097 -0.00148602 -0.0171944 0.0869164 -0.00148202 0.00360438 0.00132097 -0.00148202 0.011035 -0.0195415 -0.00148602 0.00360438 -0.0195415 0.0927374 
0.00897489 -0.0171841 0.00132865 -0.00150156 -0.0171841 0.0869744 -0.00150044 0.0036289 0.00132865 -0.00150044 0.0110554 -0.0195545 -0.00150156 0.0036289 -0.0195545 0.0927571 
0.00899289 -0.0171437 0.00136369 -0.0015576 -0.0171437 0.0869312 -0.00156089 0.003785 0.00136369 -0.00156089 0.0110779 -0.0196092 -0.0015576 0.003785 -0.0196092 0.0929032 
0.00898397 -0.0171427 0.00136456 -0.00155092 -0.0171427 0.0868665 -0.00155372 0.00378141 0.00136456 -0.00155372 0.0111095 -0.0196438 -0.00155092 0.00378141 -0.0196438 0.0930259 
0.00893825 -0.0171553 0.00136322 -0.00154888 -0.0171553 0.086897 -0.00154837 0.00376482 0.00136322 -0.00154837 0.0111637 -0.0196633 -0.00154888 0.00376482 -0.0196633 0.0930775 
0.00893924 -0.0171381 0.0013687 -0.0015748 -0.0171381 0.0869347 -0.00156826 0.00381819 0.0013687 -0.00156826 0.0111825 -0.0197131 -0.0015748 0.00381819 -0.0197131 0.0931595 
0.00895391 -0.0171257 0.0013518 -0.0015589 -0.0171257 0.0869014 -0.00155122 0.00379022 0.0013518 -0.00155122 0.0111863 -0.0197411 -0.0015589 0.00379022 -0.0197411 0.0932439 
0.00900036 -0.0171602 0.0013648 -0.00155239 -0.0171602 0.0869687 -0.00155054 0.00378916 0.0013648 -0.00155054 0.0111639 -0.0197392 -0.00155239 0.00378916 -0.0197392 0.093262 
0.00904148 -0.0172257 0.00137924 -0.00156444 -0.0172257 0.0871125 -0.0015697 0.00381271 0.00137924 -0.0015697 0.0111486 -0.0197014 -0.00156444 0.00381271 -0.0197014 0.0931862 
0.00909149 -0.0172574 0.00139132 -0.00156437 -0.0172574 0.0871997 -0.00156874 0.00380571 0.00139132 -0.00156874 0.0111066 -0.0196937 -0.00156437 0.00380571 -0.0196937 0.0931482 
0.00919055 -0.0173273 0.00141474 -0.00158518 -0.0173273 0.0873496 -0.00158418 0.00383496 0.00141474 -0.00158418 0.0110168 -0.0196338 -0.00158518 0.00383496 -0.0196338 0.0930335 
0.00926734 -0.0174459 0.00141994 -0.00161849 -0.0174459 0.0875952 -0.00161534 0.00390332 0.00141994 -0.00161534 0.0109407 -0.0195326 -0.00161849 0.00390332 -0.0195326 0.0928333 
0.00925042 -0.0175021 0.00141012 -0.0016061 -0.0175021 0.0877475 -0.00160572 0.00389835 0.00141012 -0.00160572 0.0109589 -0.0194795 -0.0016061 0.00389835 -0.0194795 0.0927139 
0.0091915 -0.0174804 0.00138065 -0.0016112 -0.0174804 0.0877668 -0.00161363 0.00392319 0.00138065 -0.00161363 0.0110441 -0.0195131 -0.0016112 0.00392319 -0.0195131 0.0927395 
0.00914445 -0.0174109 0.00135765 -0.0015505 -0.0174109 0.0876449 -0.00155027 0.00380974 0.00135765 -0.00155027 0.011091 -0.0195971 -0.0015505 0.00380974 -0.0195971 0.0928688 
0.00916678 -0.0173891 0.00139174 -0.00153532 -0.0173891 0.0875977 -0.00152953 0.00373276 0.00139174 -0.00152953 0.0110748 -0.0196319 -0.00153532 0.00373276 -0.0196319 0.0929646 
0.00923278 -0.0174131 0.00142004 -0.0015834 -0.0174131 0.0876179 -0.00157627 0.00378511 0.00142004 -0.00157627 0.0110332 -0.0196271 -0.0015834 0.00378511 -0.0196271 0.093011 
0.00925431 -0.0174921 0.00140419 -0.00158722 -0.0174921 0.0877548 -0.00158744 0.00380205 0.00140419 -0.00158744 0.0109879 -0.0195604 -0.00158722 0.00380205 -0.0195604 0.0928863 
0.00927401 -0.017534 0.00141193 -0.00161333 -0.017534 0.0879135 -0.0016208 0.00391172 0.00141193 -0.0016208 0.0109835 -0.0195094 -0.00161333 0.00391172 -0.0195094 0.0927564 
0.00927994 -0.0175145 0.00142035 -0.00160367 -0.0175145 0.0878831 -0.00160914 0.00391667 0.00142035 -0.00160914 0.0109823 -0.0195289 -0.00160367 0.00391667 -0.0195289 0.0927627 
0.00924935 -0.0175418 0.00141711 -0.00160164 -0.0175418 0.0879214 -0.00159957 0.00388679 0.00141711 -0.00159957 0.0109977 -0.0194938 -0.00160164 0.00388679 -0.0194938 0.0926749 
0.00923644 -0.0175006 0.00140445 -0.00160546 -0.0175006 0.0878741 -0.00159473 0.00387946 0.00140445 -0.00159473 0.0109933 -0.0195188 -0.00160546 0.00387946 -0.0195188 0.0926857 
0.00925487 -0.0174793 0.00138855 -0.00158797 -0.0174793 0.0878042 -0.00157444 0.00384383 0.00138855 -0.00157444 0.0109503 -0.01952 -0.00158797 0.00384383 -0.01952 0.092709 
0.00926867 -0.0174983 0.00138166 -0.00159384 -0.0174983 0.0878096 -0.00158193 0.00386581 0.00138166 -0.00158193 0.0109338 -0.0194833 -0.00159384 0.00386581 -0.0194833 0.0926841 
0.00922931 -0.0175171 0.00137932 -0.00156612 -0.0175171 0.0878446 -0.00155621 0.0038167 0.00137932 -0.00155621 0.0109429 -0.0194361 -0.00156612 0.0038167 -0.0194361 0.0925514 
0.00921294 -0.0174784 0.001392 -0.00155717 -0.0174784 0.0878096 -0.00155061 0.00377535 0.001392 -0.00155061 0.0109315 -0.019433 -0.00155717 0.00377535 -0.019433 0.0924768 
0.00929452 -0.0174591 0.00140232 -0.00156916 -0.0174591 0.0877547 -0.00156626 0.00377637 0.00140232 -0.00156626 0.0108363 -0.0194169 -0.00156916 0.00377637 -0.0194169 0.0924327 
0.00934853 -0.0175321 0.00141278 -0.00158831 -0.0175321 0.0878148 -0.0015914 0.00382806 0.00141278 -0.0015914 0.0107875 -0.0193281 -0.00158831 0.00382806 -0.0193281 0.0923117 
0.00939353 -0.0175991 0.00142071 -0.00162884 -0.0175991 0.0879714 -0.00163589 0.00394808 0.00142071 -0.00163589 0.01077 -0.0192856 -0.00162884 0.00394808 -0.0192856 0.0922064 
0.00945198 -0.0176664 0.00142641 -0.00163484 -0.0176664 0.0881511 -0.00164044 0.00400002 0.00142641 -0.00164044 0.0107372 -0.0192542 -0.00163484 0.00400002 -0.0192542 0.0921061 
0.00946224 -0.0177159 0.00142463 -0.00160814 -0.0177159 0.0882699 -0.00161278 0.00393735 0.00142463 -0.00161278 0.0107269 -0.0192183 -0.00160814 0.00393735 -0.0192183 0.0920131 
0.00940512 -0.0177402 0.00142282 -0.00162288 -0.0177402 0.0883713 -0.00163027 0.00395458 0.00142282 -0.00163027 0.010791 -0.0192018 -0.00162288 0.00395458 -0.0192018 0.0919456 
0.0093302 -0.0176362 0.00141785 -0.00160655 -0.0176362 0.0881979 -0.00161503 0.00392969 0.00141785 -0.00161503 0.0108692 -0.0193034 -0.00160655 0.00392969 -0.0193034 0.0921069 
0.00923322 -0.0175585 0.0013978 -0.00158992 -0.0175585 0.087997 -0.00159924 0.00388366 0.0013978 -0.00159924 0.0109201 -0.0193662 -0.00158992 0.00388366 -0.0193662 0.0922414 
0.0091832 -0.0174369 0.00135301 -0.00154834 -0.0174369 0.0877258 -0.00155325 0.00377082 0.00135301 -0.00155325 0.0109229 -0.0194319 -0.00154834 0.00377082 -0.0194319 0.0924058 
0.00915354 -0.017396 0.00135035 -0.00152279 -0.017396 0.087571 -0.00152193 0.00370954 0.00135035 -0.00152193 0.0109257 -0.0194123 -0.00152279 0.00370954 -0.0194123 0.0924135 
0.00914022 -0.0173368 0.00132228 -0.00150349 -0.0173368 0.0873987 -0.00149875 0.00362815 0.00132228 -0.00149875 0.0109112 -0.0194221 -0.00150349 0.00362815 -0.0194221 0.0924244 
0.00910855 -0.0173179 0.00129821 -0.00147513 -0.0173179 0.0872997 -0.00146952 0.00356241 0.00129821 -0.00146952 0.0109196 -0.019401 -0.00147513 0.00356241 -0.019401 0.0923923 
0.00921322 -0.0172881 0.00130425 -0.00147767 -0.0172881 0.0872401 -0.00147218 0.00356977 0.00130425 -0.00147218 0.0108437 -0.0194265 -0.00147767 0.00356977 -0.0194265 0.0924396 
0.00933193 -0.0174035 0.00129623 -0.00148687 -0.0174035 0.0873754 -0.00148649 0.00359651 0.00129623 -0.00148649 0.0107702 -0.0193535 -0.00148687 0.00359651 -0.0193535 0.0923788 
0.00936273 -0.0175625 0.00127472 -0.00147748 -0.0175625 0.0877225 -0.00148549 0.00360793 0.00127472 -0.00148549 0.0107872 -0.0192668 -0.00147748 0.00360793 -0.0192668 0.0922081 
0.0092972 -0.017583 0.00123633 -0.00140673 -0.017583 0.0878803 -0.0014159 0.00345756 0.00123633 -0.0014159 0.0108274 -0.0192844 -0.00140673 0.00345756 -0.0192844 0.0921473 
0.009299 -0.0175126 0.00123331 -0.0013785 -0.0175126 0.0878306 -0.001384 0.00336174 0.00123331 -0.001384 0.0108018 -0.0193425 -0.0013785 0.00336174 -0.0193425 0.092253 
0.00926662 -0.0175207 0.0012408 -0.00138618 -0.0175207 0.0878081 -0.00139149 0.00334978 0.0012408 -0.00139149 0.0108001 -0.019302 -0.00138618 0.00334978 -0.019302 0.0922329 
0.00926064 -0.0175043 0.00128212 -0.00141281 -0.0175043 0.0878135 -0.00142054 0.00341539 0.00128212 -0.00142054 0.0107845 -0.0192743 -0.00141281 0.00341539 -0.0192743 0.0921384 
0.00922172 -0.0174411 0.00127798 -0.0014243 -0.0174411 0.087641 -0.00142765 0.00341034 0.00127798 -0.00142765 0.0108008 -0.0192886 -0.0014243 0.00341034 -0.0192886 0.0921613 
0.00921059 -0.0174362 0.00129094 -0.00146974 -0.0174362 0.0876198 -0.00146681 0.00352735 0.00129094 -0.00146681 0.0108377 -0.0192807 -0.00146974 0.00352735 -0.0192807 0.0921309 
0.00921061 -0.0174294 0.00130307 -0.00149689 -0.0174294 0.0876119 -0.0014925 0.00362858 0.00130307 -0.0014925 0.01088 -0.0193265 -0.00149689 0.00362858 -0.0193265 0.0921878 
0.00922172 -0.0174363 0.00131784 -0.00149612 -0.0174363 0.0876254 -0.00149017 0.0036428 0.00131784 -0.00149017 0.010901 -0.0193743 -0.00149612 0.0036428 -0.0193743 0.0922881 
0.00926416 -0.0174357 0.00135021 -0.0015159 -0.0174357 0.0876167 -0.0015087 0.00367993 0.00135021 -0.0015087 0.0108738 -0.0194194 -0.0015159 0.00367993 -0.0194194 0.0924216 
0.00925979 -0.017487 0.0013727 -0.00152969 -0.017487 0.0876965 -0.00152598 0.00369014 0.0013727 -0.00152598 0.0108763 -0.0193905 -0.00152969 0.00369014 -0.0193905 0.0924325 
0.00925783 -0.0174973 0.00138581 -0.00157135 -0.0174973 0.0877753 -0.00157285 0.00378655 0.00138581 -0.00157285 0.0108846 -0.0193878 -0.00157135 0.00378655 -0.0193878 0.0924153 
0.00922078 -0.0174737 0.00135324 -0.00156485 -0.0174737 0.0877337 -0.00157001 0.00379816 0.00135324 -0.00157001 0.0109172 -0.019412 -0.00156485 0.00379816 -0.019412 0.0924656 
0.00921725 -0.0174421 0.00133795 -0.00152771 -0.0174421 0.0876821 -0.00153381 0.0037436 0.00133795 -0.00153381 0.0109248 -0.0194443 -0.00152771 0.0037436 -0.0194443 0.0925331 
0.00922064 -0.0174642 0.00134464 -0.00153046 -0.0174642 0.0877239 -0.00153321 0.00373388 0.00134464 -0.00153321 0.010948 -0.0194394 -0.00153046 0.00373388 -0.0194394 0.0925403 
