0.00680884 0 -0.00192495 0 0 0.01 0 0 -0.00192495 0 0.0074949 0 0 0 0 0.01 
0.00967648 -0.0120234 -0.00235405 0.00287983 -0.0120234 0.032229 0.00287983 -0.00552212 -0.00235405 0.00287983 0.0105334 -0.0130717 0.00287983 -0.00552212 -0.0130717 0.0342387 
0.00978134 -0.0184091 -0.0021079 0.00330056 -0.0184091 0.0680429 0.00330056 -0.0103808 -0.0021079 0.00330056 0.0104553 -0.0194923 0.00330056 -0.0103808 -0.0194923 0.0714455 
0.00928524 -0.0182743 -0.00195723 0.00236466 -0.0182743 0.0824915 0.00237288 -0.00770993 -0.00195723 0.00237288 0.00977238 -0.0190303 0.00236466 -0.00770993 -0.0190303 0.0849715 
0.00922111 -0.017699 -0.00209223 0.00222089 -0.017699 0.0863279 0.00224315 -0.0057627 -0.00209223 0.00224315 0.0097921 -0.0182867 0.00222089 -0.0057627 -0.0182867 0.0880368 
0.00933505 -0.0175785 -0.00221587 0.00246911 -0.0175785 0.0874579 0.00249079 -0.00578465 -0.00221587 0.00249079 0.0100143 -0.0182034 0.00246911 -0.00578465 -0.0182034 0.0889089 
0.00945425 -0.0176155 -0.00227317 0.00265024 -0.0176155 0.087871 0.00266013 -0.00631437 -0.00227317 0.00266013 0.0101588 -0.0183762 0.00265024 -0.00631437 -0.0183762 0.0895305 
0.00953387 -0.0177049 -0.00224976 0.0026952 -0.0177049 0.0881043 0.00270125 -0.00660849 -0.00224976 0.00270125 0.0101777 -0.0184704 0.0026952 -0.00660849 -0.0184704 0.0898689 
0.00958109 -0.0177538 -0.00221067 0.00264684 -0.0177538 0.0882096 0.00265497 -0.00661609 -0.00221067 0.00265497 0.0101802 -0.018499 0.00264684 -0.00661609 -0.018499 0.0900342 
0.00962525 -0.0178097 -0.00215602 0.00258802 -0.0178097 0.0883303 0.00259608 -0.00648847 -0.00215602 0.00259608 0.010172 -0.0185013 0.00258802 -0.00648847 -0.0185013 0.090076 
0.00963201 -0.0178571 -0.00208644 0.00249349 -0.0178571 0.0884378 0.00250048 -0.00624363 -0.00208644 0.00250048 0.0101743 -0.0185004 0.00249349 -0.00624363 -0.0185004 0.0900903 
0.00964672 -0.0179115 -0.0019972 0.00238263 -0.0179115 0.0886085 0.00238764 -0.00592971 -0.0019972 0.00238764 0.0101254 -0.0184523 0.00238263 -0.00592971 -0.0184523 0.0899559 
0.00959423 -0.0179006 -0.00197552 0.00228055 -0.0179006 0.0886256 0.00228285 -0.00564727 -0.00197552 0.00228285 0.0101363 -0.0184247 0.00228055 -0.00564727 -0.0184247 0.0898974 
0.00957134 -0.0178239 -0.00198271 0.00227457 -0.0178239 0.0884932 0.00226938 -0.00553686 -0.00198271 0.00226938 0.0101395 -0.0184452 0.00227457 -0.00553686 -0.0184452 0.0899169 
0.00956891 -0.017785 -0.0019867 0.00229557 -0.017785 0.0883538 0.00228449 -0.00555045 -0.0019867 0.00228449 0.0101216 -0.0184497 0.00229557 -0.00555045 -0.0184497 0.0899383 
0.00959743 -0.0177804 -0.00198002 0.00232837 -0.0177804 0.0882936 0.00231753 -0.00564924 -0.00198002 0.00231753 0.010092 -0.0184326 0.00232837 -0.00564924 -0.0184326 0.089934 
0.0096304 -0.0178246 -0.00195671 0.00233553 -0.0178246 0.0883623 0.00233063 -0.00572843 -0.00195671 0.00233063 0.0100662 -0.0183938 0.00233553 -0.00572843 -0.0183938 0.0898663 
0.00967491 -0.0178521 -0.00195203 0.002299 -0.0178521 0.0884306 0.00229876 -0.00569544 -0.00195203 0.00229876 0.0100396 -0.0183801 0.002299 -0.00569544 -0.0183801 0.0898322 
0.00970319 -0.0179388 -0.00193411 0.00228787 -0.0179388 0.0886287 0.00228984 -0.00565323 -0.00193411 0.00228984 0.0100333 -0.0183198 0.00228787 -0.00565323 -0.0183198 0.0896971 
0.00971195 -0.0179538 -0.00189049 0.00222621 -0.0179538 0.0887146 0.00222626 -0.00549387 -0.00189049 0.00222626 0.010005 -0.018321 0.00222621 -0.00549387 -0.018321 0.0896395 
0.00969048 -0.0179603 -0.00184649 0.00218232 -0.0179603 0.0887486 0.00218436 -0.00537177 -0.00184649 0.00218436 0.0100027 -0.0182972 0.00218232 -0.00537177 -0.0182972 0.0896077 
0.00962055 -0.0179139 -0.00179245 0.00213222 -0.0179139 0.0886556 0.00213604 -0.0052532 -0.00179245 0.00213604 0.0100621 -0.018308 0.00213222 -0.0052532 -0.018308 0.0896331 
0.00961409 -0.0178375 -0.00177538 0.00208645 -0.0178375 0.0885077 0.00208099 -0.0051467 -0.00177538 0.00208099 0.0100786 -0.0183707 0.00208645 -0.0051467 -0.0183707 0.0897307 
0.00962388 -0.0178125 -0.00181784 0.00208856 -0.0178125 0.0883887 0.00207421 -0.005121 -0.00181784 0.00207421 0.0100889 -0.0184209 0.00208856 -0.005121 -0.0184209 0.0898953 
0.00964346 -0.0178169 -0.00180946 0.00208702 -0.0178169 0.0883405 0.00207717 -0.00505534 -0.00180946 0.00207717 0.0100419 -0.0184267 0.00208702 -0.00505534 -0.0184267 0.0899497 
0.0096445 -0.0178708 -0.00181782 0.00210987 -0.0178708 0.0884594 0.00211073 -0.00512725 -0.00181782 0.00211073 0.0100288 -0.0183548 0.00210987 -0.00512725 -0.0183548 0.0898443 
0.00969813 -0.0178775 -0.00184641 0.00214628 -0.0178775 0.0885409 0.00215233 -0.00525178 -0.00184641 0.00215233 0.00998667 -0.0183381 0.00214628 -0.00525178 -0.0183381 0.0897635 
0.00974086 -0.017939 -0.001828 0.00215832 -0.017939 0.0886484 0.00216953 -0.00530152 -0.001828 0.00216953 0.00994581 -0.0182789 0.00215832 -0.00530152 -0.0182789 0.0896315 
0.00973145 -0.0180029 -0.0018213 0.00213592 -0.0180029 0.0888123 0.00214812 -0.00528803 -0.0018213 0.00214812 0.00993452 -0.0182171 0.00213592 -0.00528803 -0.0182171 0.0894631 
0.00971388 -0.0179958 -0.00182844 0.00213528 -0.0179958 0.0888801 0.00214204 -0.0052769 -0.00182844 0.00214204 0.00993549 -0.0182006 0.00213528 -0.0052769 -0.0182006 0.0893641 
0.0097016 -0.0179531 -0.00182622 0.00215276 -0.0179531 0.0888052 0.00215493 -0.00530483 -0.00182622 0.00215493 0.00995021 -0.018215 0.00215276 -0.00530483 -0.018215 0.0893703 
0.00968359 -0.0179641 -0.00179819 0.00213266 -0.0179641 0.0888058 0.00213265 -0.00526654 -0.00179819 0.00213265 0.00995803 -0.0181879 0.00213266 -0.00526654 -0.0181879 0.0892753 
0.00967355 -0.0179609 -0.00179089 0.00212388 -0.0179609 0.0888267 0.00212191 -0.0052617 -0.00179089 0.00212191 0.00998207 -0.0181848 0.00212388 -0.0052617 -0.0181848 0.0892241 
0.00968432 -0.0178927 -0.00179221 0.00209159 -0.0178927 0.0886538 0.00208751 -0.00517814 -0.00179221 0.00208751 0.00998449 -0.0182633 0.00209159 -0.00517814 -0.0182633 0.0893829 
0.00971998 -0.017889 -0.00177899 0.00208556 -0.017889 0.0885497 0.00208522 -0.00512837 -0.00177899 0.00208522 0.00997578 -0.0182881 0.00208556 -0.00512837 -0.0182881 0.0895232 
0.00974909 -0.0179446 -0.00180047 0.00209123 -0.0179446 0.0886236 0.00209622 -0.00515623 -0.00180047 0.00209622 0.00998976 -0.0182889 0.00209123 -0.00515623 -0.0182889 0.0895918 
0.00973971 -0.0180064 -0.00184009 0.00210641 -0.0180064 0.0887931 0.00211161 -0.00517525 -0.00184009 0.00211161 0.0100088 -0.0182948 0.00210641 -0.00517525 -0.0182948 0.0896111 
0.00972117 -0.0180095 -0.00185732 0.00214171 -0.0180095 0.0888872 0.00214109 -0.00521541 -0.00185732 0.00214109 0.0100227 -0.0183133 0.00214171 -0.00521541 -0.0183133 0.0896454 
0.00968076 -0.0179755 -0.00183708 0.00216 -0.0179755 0.0888486 0.00215192 -0.00525237 -0.00183708 0.00215192 0.0100298 -0.0183388 0.00216 -0.00525237 -0.0183388 0.0897134 
0.00966631 -0.0179368 -0.00178786 0.00214889 -0.0179368 0.0887823 0.00213481 -0.00525804 -0.00178786 0.00213481 0.0100102 -0.0183319 0.00214889 -0.00525804 -0.0183319 0.0897146 
0.00968375 -0.0179139 -0.00175399 0.00209743 -0.0179139 0.0887131 0.00208256 -0.00518466 -0.00175399 0.00208256 0.00997131 -0.0183003 0.00209743 -0.00518466 -0.0183003 0.0896496 
0.009729 -0.0179271 -0.0016983 0.00202624 -0.0179271 0.0886962 0.00201681 -0.00500832 -0.0016983 0.00201681 0.00989365 -0.0182307 0.00202624 -0.00500832 -0.0182307 0.0894695 
0.00979126 -0.0180094 -0.00167495 0.0019801 -0.0180094 0.0888554 0.00198207 -0.00490869 -0.00167495 0.00198207 0.00982611 -0.0181072 0.0019801 -0.00490869 -0.0181072 0.0891718 
0.00981719 -0.0180865 -0.00168237 0.00194843 -0.0180865 0.0890455 0.00196017 -0.00482983 -0.00168237 0.00196017 0.00979255 -0.0180171 0.00194843 -0.00482983 -0.0180171 0.0888938 
0.00979513 -0.0180831 -0.00171425 0.00198087 -0.0180831 0.0890837 0.00199353 -0.00487935 -0.00171425 0.00199353 0.00982029 -0.0180218 0.00198087 -0.00487935 -0.0180218 0.088851 
0.00978301 -0.0179999 -0.00172774 0.00202169 -0.0179999 0.0888957 0.00202638 -0.0049619 -0.00172774 0.00202638 0.0098488 -0.0181098 0.00202169 -0.0049619 -0.0181098 0.0890438 
0.00978661 -0.017985 -0.00176519 0.00203099 -0.017985 0.0887767 0.00203367 -0.00500218 -0.00176519 0.00203367 0.00986837 -0.0181454 0.00203099 -0.00500218 -0.0181454 0.0891941 
0.00982139 -0.0180512 -0.00175116 0.00206164 -0.0180512 0.0889113 0.00206739 -0.00504909 -0.00175116 0.00206739 0.00985435 -0.0181095 0.00206164 -0.00504909 -0.0181095 0.0891201 
0.0098262 -0.0180854 -0.0017314 0.00202991 -0.0180854 0.089018 0.00203616 -0.00500823 -0.0017314 0.00203616 0.00984705 -0.0181016 0.00202991 -0.00500823 -0.0181016 0.0890763 
0.00978691 -0.0180938 -0.00172976 0.00202186 -0.0180938 0.0890785 0.00202549 -0.00498403 -0.00172976 0.00202549 0.00986871 -0.0181059 0.00202186 -0.00498403 -0.0181059 0.0890935 
0.00973416 -0.018038 -0.00172586 0.00203125 -0.018038 0.0890058 0.0020298 -0.00499444 -0.00172586 0.0020298 0.00992214 -0.0181458 0.00203125 -0.00499444 -0.0181458 0.0891837 
0.00970123 -0.0179741 -0.00172782 0.00203163 -0.0179741 0.0888681 0.00202186 -0.00499791 -0.00172782 0.00202186 0.0099634 -0.0182051 0.00203163 -0.00499791 -0.0182051 0.0893063 
0.00967636 -0.0178813 -0.00170318 0.00202937 -0.0178813 0.088599 0.00201536 -0.00498429 -0.00170318 0.00201536 0.0100001 -0.0183066 0.00202937 -0.00498429 -0.0183066 0.0895831 
0.00967439 -0.0178604 -0.00171983 0.00202046 -0.0178604 0.0884778 0.00200918 -0.00499344 -0.00171983 0.00200918 0.010039 -0.018358 0.00202046 -0.00499344 -0.018358 0.0897848 
0.00967104 -0.01789 -0.00169791 0.00200358 -0.01789 0.0885173 0.00199697 -0.00492692 -0.00169791 0.00199697 0.0100368 -0.0183701 0.00200358 -0.00492692 -0.0183701 0.0898277 
0.00964584 -0.0179354 -0.00171299 0.00196548 -0.0179354 0.0886727 0.00196344 -0.00483667 -0.00171299 0.00196344 0.0100441 -0.0183212 0.00196548 -0.00483667 -0.0183212 0.0897122 
0.00964023 -0.0178994 -0.00173722 0.00198597 -0.0178994 0.0886678 0.00197946 -0.00482295 -0.00173722 0.00197946 0.0100307 -0.0183322 0.00198597 -0.00482295 -0.0183322 0.0896834 
0.00966078 -0.0178755 -0.00175996 0.00202681 -0.0178755 0.0885963 0.00201787 -0.00489991 -0.00175996 0.00201787 0.0100054 -0.0183262 0.00202681 -0.00489991 -0.0183262 0.0896822 
0.00969655 -0.0179024 -0.00179 0.00207634 -0.0179024 0.0886149 0.00207134 -0.00504498 -0.00179 0.00207134 0.00998617 -0.0182967 0.00207634 -0.00504498 -0.0182967 0.0896381 
0.00969205 -0.0179241 -0.00182189 0.00211665 -0.0179241 0.088647 0.00211703 -0.00517794 -0.00182189 0.00211703 0.0100071 -0.018299 0.00211665 -0.00517794 -0.018299 0.0896413 
0.00971426 -0.0179182 -0.00184247 0.00213808 -0.0179182 0.08865 0.00213982 -0.00524327 -0.00184247 0.00213982 0.00998784 -0.0183258 0.00213808 -0.00524327 -0.0183258 0.0896863 
0.0097812 -0.0179965 -0.00187344 0.00217492 -0.0179965 0.0888334 0.00217573 -0.00533721 -0.00187344 0.00217573 0.00991621 -0.0182616 0.00217492 -0.00533721 -0.0182616 0.0895626 
0.00981151 -0.0180832 -0.00192567 0.00221965 -0.0180832 0.089057 0.00222465 -0.00545697 -0.00192567 0.00222465 0.00990289 -0.0181745 0.00221965 -0.00545697 -0.0181745 0.089374 
0.00983253 -0.0181026 -0.00193746 0.00226447 -0.0181026 0.0891582 0.00227111 -0.00555557 -0.00193746 0.00227111 0.00990488 -0.018166 0.00226447 -0.00555557 -0.018166 0.0892765 
0.00983072 -0.0181283 -0.00192815 0.00226284 -0.0181283 0.0892186 0.00226697 -0.00557421 -0.00192815 0.00226697 0.00991162 -0.0181654 0.00226284 -0.00557421 -0.0181654 0.0892461 
0.0098279 -0.0181248 -0.0019325 0.00225279 -0.0181248 0.0892318 0.00225235 -0.00555474 -0.0019325 0.00225235 0.0099073 -0.0181845 0.00225279 -0.00555474 -0.0181845 0.0892866 
0.00982133 -0.0180867 -0.00189229 0.00225206 -0.0180867 0.0891343 0.00225183 -0.00553312 -0.00189229 0.00225183 0.00989884 -0.0182127 0.00225206 -0.00553312 -0.0182127 0.0893889 
0.00979944 -0.0180554 -0.00185912 0.00221258 -0.0180554 0.0890165 0.0022144 -0.00547967 -0.00185912 0.0022144 0.00990641 -0.018224 0.00221258 -0.00547967 -0.018224 0.0894763 
0.00975394 -0.0180422 -0.00186546 0.00217618 -0.0180422 0.0889663 0.00218022 -0.00540129 -0.00186546 0.00218022 0.00994181 -0.018217 0.00217618 -0.00540129 -0.018217 0.0894787 
0.00976924 -0.0179812 -0.00191473 0.0022125 -0.0179812 0.0888553 0.00220987 -0.0054485 -0.00191473 0.00220987 0.00994866 -0.0182708 0.0022125 -0.0054485 -0.0182708 0.0895714 
0.0098063 -0.0179825 -0.00193384 0.00224847 -0.0179825 0.0887771 0.002244 -0.00550193 -0.00193384 0.002244 0.0099236 -0.0182846 0.00224847 -0.00550193 -0.0182846 0.0896381 
0.00982803 -0.0180602 -0.00194676 0.00226239 -0.0180602 0.0889182 0.00226471 -0.00554861 -0.00194676 0.00226471 0.00991167 -0.0182228 0.00226239 -0.00554861 -0.0182228 0.0895208 
0.00982489 -0.0181316 -0.00195918 0.00227098 -0.0181316 0.0891502 0.00227943 -0.00557759 -0.00195918 0.00227943 0.00990648 -0.0181681 0.00227098 -0.00557759 -0.0181681 0.0893311 
0.0098519 -0.0181365 -0.00198104 0.00228836 -0.0181365 0.089262 0.00229398 -0.00561365 -0.00198104 0.00229398 0.00986881 -0.0181549 0.00228836 -0.00561365 -0.0181549 0.0892273 
0.00988584 -0.0181503 -0.002011 0.00233112 -0.0181503 0.0892937 0.00233482 -0.00570989 -0.002011 0.00233482 0.00985436 -0.0181321 0.00233112 -0.00570989 -0.0181321 0.0891923 
0.00986279 -0.0181825 -0.00203795 0.00236011 -0.0181825 0.0893405 0.00236682 -0.00579003 -0.00203795 0.00236682 0.00990323 -0.018122 0.00236011 -0.00579003 -0.018122 0.0891694 
0.00980691 -0.0181467 -0.00203411 0.0023708 -0.0181467 0.0892969 0.00237372 -0.00580688 -0.00203411 0.00237372 0.00996071 -0.0181863 0.0023708 -0.00580688 -0.0181863 0.0892578 
0.00980661 -0.0180771 -0.00204725 0.00235955 -0.0180771 0.0891517 0.00235396 -0.00577458 -0.00204725 0.00235396 0.00996042 -0.0182636 0.00235955 -0.00577458 -0.0182636 0.089442 
0.0097733 -0.0180488 -0.00204869 0.00238123 -0.0180488 0.0890093 0.00237248 -0.00579281 -0.00204869 0.00237248 0.00997914 -0.018293 0.00238123 -0.00579281 -0.018293 0.089605 
0.00979325 -0.018017 -0.00205753 0.00241094 -0.018017 0.0889316 0.00239808 -0.00587766 -0.00205753 0.00239808 0.00996401 -0.0183148 0.00241094 -0.00587766 -0.0183148 0.089695 
0.00983769 -0.0180496 -0.0020563 0.00242666 -0.0180496 0.0889609 0.00241496 -0.00594391 -0.0020563 0.00241496 0.00991629 -0.0182869 0.00242666 -0.00594391 -0.0182869 0.0896717 
0.00987852 -0.0181389 -0.00206923 0.00243595 -0.0181389 0.0891644 0.00243149 -0.00600492 -0.00206923 0.00243149 0.0098968 -0.0182042 0.00243595 -0.00600492 -0.0182042 0.0895044 
0.00995529 -0.018183 -0.0020756 0.0024294 -0.018183 0.0893161 0.00243184 -0.006 -0.0020756 0.00243184 0.00985677 -0.0181799 0.0024294 -0.006 -0.0181799 0.0893812 
0.00999445 -0.0182439 -0.00206959 0.00243181 -0.0182439 0.0894269 0.00244068 -0.0060039 -0.00206959 0.00244068 0.00984936 -0.0181687 0.00243181 -0.0060039 -0.0181687 0.0893625 
0.00997762 -0.0183289 -0.00211499 0.0024471 -0.0183289 0.089658 0.00245824 -0.00606024 -0.00211499 0.00245824 0.00990584 -0.0181564 0.0024471 -0.00606024 -0.0181564 0.0893441 
0.00991001 -0.0183133 -0.00211593 0.00245815 -0.0183133 0.0897307 0.00246136 -0.00603174 -0.00211593 0.00246136 0.00998086 -0.0182178 0.00245815 -0.00603174 -0.0182178 0.0894149 
0.00991231 -0.0182625 -0.00211796 0.0024536 -0.0182625 0.0897005 0.00244663 -0.00599525 -0.00211796 0.00244663 0.0099634 -0.0182802 0.0024536 -0.00599525 -0.0182802 0.0895206 
0.0099001 -0.0182377 -0.00208805 0.00244563 -0.0182377 0.0896006 0.00243767 -0.00595392 -0.00208805 0.00243767 0.00993723 -0.0182767 0.00244563 -0.00595392 -0.0182767 0.0895852 
0.00988736 -0.0181887 -0.00209772 0.00242495 -0.0181887 0.089456 0.00241873 -0.00592865 -0.00209772 0.00241873 0.00992548 -0.0182676 0.00242495 -0.00592865 -0.0182676 0.08961 
0.00990066 -0.0181639 -0.00211363 0.00244669 -0.0181639 0.0893456 0.00244295 -0.00596342 -0.00211363 0.00244295 0.0099211 -0.0182511 0.00244669 -0.00596342 -0.0182511 0.0895842 
0.0099049 -0.0181524 -0.00208901 0.00246776 -0.0181524 0.0892473 0.0024662 -0.00602322 -0.00208901 0.0024662 0.00992572 -0.0182681 0.00246776 -0.00602322 -0.0182681 0.089623 
0.00991811 -0.0181574 -0.00202297 0.00240476 -0.0181574 0.089215 0.00240611 -0.00591692 -0.00202297 0.00240611 0.00990217 -0.0182626 0.00240476 -0.00591692 -0.0182626 0.0896118 
0.00992556 -0.018193 -0.00195971 0.00232004 -0.018193 0.0892869 0.00232392 -0.00573134 -0.00195971 0.00232392 0.00986959 -0.018215 0.00232004 -0.00573134 -0.018215 0.0895088 
0.00996713 -0.018229 -0.00196416 0.0022749 -0.018229 0.0894192 0.00227791 -0.00561607 -0.00196416 0.00227791 0.00982179 -0.01816 0.0022749 -0.00561607 -0.01816 0.0893622 
0.0100019 -0.0182615 -0.00198587 0.00229148 -0.0182615 0.0895033 0.0022968 -0.00561098 -0.00198587 0.0022968 0.00978151 -0.0181198 0.00229148 -0.00561098 -0.0181198 0.0892625 
0.00999767 -0.0183416 -0.00198874 0.00230693 -0.0183416 0.0897045 0.0023183 -0.00564054 -0.00198874 0.0023183 0.00977235 -0.0180319 0.00230693 -0.00564054 -0.0180319 0.0890443 
0.0100207 -0.0183677 -0.00201069 0.00234788 -0.0183677 0.0898745 0.00235515 -0.00575979 -0.00201069 0.00235515 0.00977637 -0.0180051 0.00234788 -0.00575979 -0.0180051 0.0889002 
0.0100052 -0.0183582 -0.00203444 0.00236379 -0.0183582 0.0898669 0.00236522 -0.00581225 -0.00203444 0.00236522 0.00980733 -0.0180423 0.00236379 -0.00581225 -0.0180423 0.0889464 
0.00996602 -0.0183237 -0.00207605 0.00238699 -0.0183237 0.0897871 0.00238636 -0.00585558 -0.00207605 0.00238636 0.00985277 -0.0181009 0.00238699 -0.00585558 -0.0181009 0.0890891 
0.00991828 -0.018235 -0.00208344 0.00242756 -0.018235 0.0895635 0.00242752 -0.00592491 -0.00208344 0.00242752 0.00989999 -0.0181963 0.00242756 -0.00592491 -0.0181963 0.0893495 
0.0099002 -0.018172 -0.00209966 0.00242377 -0.018172 0.0893618 0.00242153 -0.00593581 -0.00209966 0.00242153 0.00990652 -0.0182485 0.00242377 -0.00593581 -0.0182485 0.0895257 
0.00992365 -0.0181864 -0.00211265 0.00246206 -0.0181864 0.0893506 0.00245808 -0.00601208 -0.00211265 0.00245808 0.00988788 -0.0182265 0.00246206 -0.00601208 -0.0182265 0.0895252 
0.00994056 -0.0182445 -0.00209132 0.00245044 -0.0182445 0.0894753 0.00245007 -0.00600047 -0.00209132 0.00245007 0.00985702 -0.0181609 0.00245044 -0.00600047 -0.0181609 0.0893543 
0.00990709 -0.0182601 -0.0021069 0.00243273 -0.0182601 0.0895529 0.00243558 -0.00597722 -0.0021069 0.00243558 0.00986079 -0.0181298 0.00243273 -0.00597722 -0.0181298 0.0892389 
0.00990333 -0.0182131 -0.00213491 0.00248443 -0.0182131 0.0895064 0.00248726 -0.00608198 -0.00213491 0.00248726 0.00987468 -0.0181509 0.00248443 -0.00608198 -0.0181509 0.0892559 
0.00993054 -0.0182091 -0.00216168 0.00253813 -0.0182091 0.0894699 0.00253591 -0.00623209 -0.00216168 0.00253591 0.00987169 -0.018166 0.00253813 -0.00623209 -0.018166 0.0892937 
0.00997278 -0.0182202 -0.00216849 0.00253378 -0.0182202 0.0894412 0.00252847 -0.00623905 -0.00216849 0.00252847 0.00983377 -0.0181702 0.00253378 -0.00623905 -0.0181702 0.0893162 
0.0100489 -0.0182776 -0.00218734 0.00253793 -0.0182776 0.0895296 0.00253415 -0.00623989 -0.00218734 0.00253415 0.00975993 -0.0181252 0.00253793 -0.00623989 -0.0181252 0.0892595 
0.0100509 -0.0183899 -0.00218183 0.00254441 -0.0183899 0.0897686 0.00255098 -0.00624593 -0.00218183 0.00255098 0.00975738 -0.0180148 0.00254441 -0.00624593 -0.0180148 0.0890296 
0.0100134 -0.0183914 -0.00216453 0.00254702 -0.0183914 0.0898798 0.00255488 -0.00626605 -0.00216453 0.00255488 0.00980953 -0.0180107 0.00254702 -0.00626605 -0.0180107 0.0889158 
0.0100056 -0.0183201 -0.00214731 0.00254412 -0.0183201 0.0897655 0.0025398 -0.00627364 -0.00214731 0.0025398 0.00984333 -0.0181057 0.00254412 -0.00627364 -0.0181057 0.089073 
0.00997117 -0.0182898 -0.00212541 0.00250615 -0.0182898 0.089632 0.00249386 -0.00618277 -0.00212541 0.00249386 0.00985942 -0.0181609 0.00250615 -0.00618277 -0.0181609 0.0892478 
0.00995318 -0.0182585 -0.00211643 0.00248507 -0.0182585 0.089556 0.00247264 -0.0061147 -0.00211643 0.00247264 0.00986275 -0.0181779 0.00248507 -0.0061147 -0.0181779 0.0893382 
0.00993821 -0.0182605 -0.00207607 0.002466 -0.0182605 0.0895545 0.0024579 -0.00605628 -0.00207607 0.0024579 0.00986624 -0.018151 0.002466 -0.00605628 -0.018151 0.0892875 
0.009919 -0.0182337 -0.00203895 0.00241618 -0.0182337 0.0895042 0.00240908 -0.00596138 -0.00203895 0.00240908 0.00988983 -0.0181552 0.00241618 -0.00596138 -0.0181552 0.089268 
0.00994652 -0.0181991 -0.00200865 0.0023465 -0.0181991 0.0894067 0.00233942 -0.00578101 -0.00200865 0.00233942 0.00986125 -0.0181816 0.0023465 -0.00578101 -0.0181816 0.0892946 
0.00999609 -0.0182286 -0.00196985 0.00230254 -0.0182286 0.0894072 0.00230048 -0.00563858 -0.00196985 0.00230048 0.00978991 -0.0181478 0.00230254 -0.00563858 -0.0181478 0.0892553 
0.0100542 -0.0183107 -0.00190848 0.00227265 -0.0183107 0.089578 0.00228055 -0.00557385 -0.00190848 0.00228055 0.00971596 -0.0180521 0.00227265 -0.00557385 -0.0180521 0.0890812 
0.0100816 -0.0183739 -0.00187361 0.00218606 -0.0183739 0.089745 0.00220266 -0.00541288 -0.00187361 0.00220266 0.00966216 -0.0179615 0.00218606 -0.00541288 -0.0179615 0.0888563 
0.0100478 -0.0184087 -0.00189766 0.00215156 -0.0184087 0.089868 0.00216944 -0.00529563 -0.00189766 0.00216944 0.009687 -0.0178949 0.00215156 -0.00529563 -0.0178949 0.0886684 
0.0100107 -0.018349 -0.00191024 0.00221536 -0.018349 0.0898023 0.00222486 -0.00538322 -0.00191024 0.00222486 0.00975492 -0.0179496 0.00221536 -0.00538322 -0.0179496 0.0887152 
0.00998668 -0.0183236 -0.00191106 0.00224656 -0.0183236 0.089741 0.0022429 -0.00548477 -0.00191106 0.0022429 0.00980504 -0.0180202 0.00224656 -0.00548477 -0.0180202 0.0888494 
0.00995637 -0.0183144 -0.00190565 0.00224807 -0.0183144 0.0897287 0.00223674 -0.00551375 -0.00190565 0.00223674 0.00985238 -0.0180765 0.00224807 -0.00551375 -0.0180765 0.0889983 
0.00995563 -0.018268 -0.00187064 0.00222531 -0.018268 0.0896425 0.00220943 -0.00545895 -0.00187064 0.00220943 0.00984227 -0.0181464 0.00222531 -0.00545895 -0.0181464 0.0891802 
0.00997887 -0.0182406 -0.00187541 0.00217348 -0.0182406 0.0895336 0.0021592 -0.00534695 -0.00187541 0.0021592 0.00978552 -0.0181495 0.00217348 -0.00534695 -0.0181495 0.0892719 
0.0100291 -0.0182696 -0.00190521 0.00220074 -0.0182696 0.0895463 0.00219769 -0.00537998 -0.00190521 0.00219769 0.00972716 -0.018082 0.00220074 -0.00537998 -0.018082 0.0891992 
0.0100823 -0.0183567 -0.00192281 0.00222257 -0.0183567 0.0897178 0.00223292 -0.00544082 -0.00192281 0.00223292 0.00966812 -0.0179739 0.00222257 -0.00544082 -0.0179739 0.0889401 
0.0101159 -0.0183924 -0.00193298 0.00224998 -0.0183924 0.0898147 0.00226597 -0.0055263 -0.00193298 0.00226597 0.00965998 -0.0179264 0.00224998 -0.0055263 -0.0179264 0.0887864 
0.0100668 -0.018428 -0.00191126 0.00224732 -0.018428 0.0898916 0.00226009 -0.00553711 -0.00191126 0.00226009 0.00970812 -0.0179155 0.00224732 -0.00553711 -0.0179155 0.0887083 
0.00999683 -0.0183881 -0.0018463 0.00220775 -0.0183881 0.0898809 0.00220881 -0.00544393 -0.0018463 0.00220881 0.00975912 -0.0179565 0.00220775 -0.00544393 -0.0179565 0.0887276 
0.00994009 -0.0182646 -0.0017942 0.00215099 -0.0182646 0.0896322 0.00213806 -0.00532063 -0.0017942 0.00213806 0.00979573 -0.0180583 0.00215099 -0.00532063 -0.0180583 0.0889541 
0.00997146 -0.0181806 -0.00179091 0.00209781 -0.0181806 0.0893753 0.00208317 -0.00519092 -0.00179091 0.00208317 0.00976254 -0.0181139 0.00209781 -0.00519092 -0.0181139 0.089152 
0.0100163 -0.0182428 -0.0018024 0.00209425 -0.0182428 0.0893976 0.00209035 -0.00514559 -0.0018024 0.00209035 0.00973099 -0.0180492 0.00209425 -0.00514559 -0.0180492 0.0891011 
0.0100498 -0.018313 -0.00178191 0.00208258 -0.018313 0.089554 0.00208579 -0.00510039 -0.00178191 0.00208579 0.0096937 -0.0179863 0.00208258 -0.00510039 -0.0179863 0.0889246 
0.0100462 -0.0183391 -0.00175548 0.00207068 -0.0183391 0.0896494 0.00207601 -0.00508729 -0.00175548 0.00207601 0.00968803 -0.0179636 0.00207068 -0.00508729 -0.0179636 0.0888471 
0.0100436 -0.0183575 -0.00175907 0.00202801 -0.0183575 0.0897374 0.0020311 -0.00499575 -0.00175907 0.0020311 0.0096714 -0.0179323 0.00202801 -0.00499575 -0.0179323 0.0887432 
0.0100581 -0.0183736 -0.00175874 0.00203101 -0.0183736 0.0898167 0.00203543 -0.0049575 -0.00175874 0.00203543 0.00964434 -0.0178883 0.00203101 -0.0049575 -0.0178883 0.0886087 
0.0100175 -0.0183379 -0.00171895 0.00202818 -0.0183379 0.0897259 0.00203776 -0.00495218 -0.00171895 0.00203776 0.00966073 -0.0178912 0.00202818 -0.00495218 -0.0178912 0.0885934 
0.00996231 -0.018272 -0.00166064 0.00199222 -0.018272 0.0895658 0.00199775 -0.00490774 -0.00166064 0.00199775 0.00967356 -0.0179199 0.00199222 -0.00490774 -0.0179199 0.0886465 
0.00992458 -0.0182078 -0.00165296 0.00194986 -0.0182078 0.089403 0.00194291 -0.0048341 -0.00165296 0.00194291 0.00971202 -0.0179334 0.00194986 -0.0048341 -0.0179334 0.0886959 
0.00993562 -0.0181896 -0.0016373 0.00193854 -0.0181896 0.0893348 0.00192557 -0.00476981 -0.0016373 0.00192557 0.00969663 -0.0179425 0.00193854 -0.00476981 -0.0179425 0.0886824 
0.00996193 -0.0182058 -0.00162622 0.00192593 -0.0182058 0.0893431 0.00191563 -0.00474376 -0.00162622 0.00191563 0.00967166 -0.0179201 0.00192593 -0.00474376 -0.0179201 0.0886377 
0.00997502 -0.0182761 -0.00163363 0.00191283 -0.0182761 0.0895101 0.00191125 -0.00472704 -0.00163363 0.00191125 0.00966996 -0.017853 0.00191283 -0.00472704 -0.017853 0.0884657 
0.00998732 -0.0182768 -0.00162236 0.00190587 -0.0182768 0.0895615 0.00190813 -0.00469447 -0.00162236 0.00190813 0.00966166 -0.017866 0.00190587 -0.00469447 -0.017866 0.0884325 
0.00999353 -0.0182646 -0.00160081 0.00189483 -0.0182646 0.0895242 0.00189527 -0.00467037 -0.00160081 0.00189527 0.00965023 -0.0178846 0.00189483 -0.00467037 -0.0178846 0.0884914 
0.00997855 -0.0182816 -0.00157166 0.00186459 -0.0182816 0.0895414 0.00186477 -0.0046075 -0.00157166 0.00186477 0.00967072 -0.0178637 0.00186459 -0.0046075 -0.0178637 0.0884827 
0.009959 -0.0182332 -0.00160058 0.00184367 -0.0182332 0.089443 0.00184166 -0.00456163 -0.00160058 0.00184166 0.00971089 -0.0179251 0.00184367 -0.00456163 -0.0179251 0.0886155 
0.0099756 -0.0182074 -0.00160287 0.0018538 -0.0182074 0.0893501 0.00185323 -0.0045285 -0.00160287 0.00185323 0.0096958 -0.0179691 0.0018538 -0.0045285 -0.0179691 0.0887334 
0.00995982 -0.0181995 -0.00160757 0.00186729 -0.0181995 0.0892727 0.00187147 -0.00456561 -0.00160757 0.00187147 0.00971099 -0.0179844 0.00186729 -0.00456561 -0.0179844 0.0888467 
0.00990625 -0.0181711 -0.00157537 0.00187466 -0.0181711 0.0891963 0.00188195 -0.00459836 -0.00157537 0.00188195 0.00974853 -0.0180159 0.00187466 -0.00459836 -0.0180159 0.0889465 
