0.00636194 0 -0.000583282 0 0 0.01 0 0 -0.000583282 0 0.00849091 0 0 0 0 0.01 
0.009144 -0.0113871 -0.000742628 0.000899939 -0.0113871 0.0310081 0.000899939 -0.00172504 -0.000742628 0.000899939 0.011777 -0.0145953 0.000899939 -0.00172504 -0.0145953 0.0371599 
0.00931075 -0.0178785 -0.000691241 0.00112178 -0.0178785 0.0664815 0.00112178 -0.0034769 -0.000691241 0.00112178 0.0117994 -0.0215494 0.00112178 -0.0034769 -0.0215494 0.0779454 
0.00874631 -0.0179648 -0.000724731 0.000785545 -0.0179648 0.0820416 0.000787728 -0.00256087 -0.000724731 0.000787728 0.0112431 -0.0207902 0.000785545 -0.00256087 -0.0207902 0.0908399 
0.00859085 -0.0172214 -0.000787521 0.000751658 -0.0172214 0.0857206 0.000766132 -0.00193083 -0.000787521 0.000766132 0.0113303 -0.020024 0.000751658 -0.00193083 -0.020024 0.0927687 
0.00872533 -0.0169399 -0.000813852 0.000839866 -0.0169399 0.0863213 0.000860727 -0.00200189 -0.000813852 0.000860727 0.0115324 -0.0200782 0.000839866 -0.00200189 -0.0200782 0.0936132 
0.00885041 -0.0170249 -0.00078292 0.000850362 -0.0170249 0.086603 0.000866045 -0.00205676 -0.00078292 0.000866045 0.0115917 -0.0201889 0.000850362 -0.00205676 -0.0201889 0.0941709 
0.00894379 -0.0171362 -0.00074588 0.000831093 -0.0171362 0.0868984 0.000836318 -0.00202519 -0.00074588 0.000836318 0.0115655 -0.0201823 0.000831093 -0.00202519 -0.0201823 0.0943289 
0.00903063 -0.0172051 -0.000764469 0.000797375 -0.0172051 0.087069 0.000791902 -0.00193311 -0.000764469 0.000791902 0.0114899 -0.0201373 0.000797375 -0.00193311 -0.0201373 0.0942638 
0.00903148 -0.0173234 -0.000735492 0.000801109 -0.0173234 0.0873162 0.000791084 -0.00186685 -0.000735492 0.000791084 0.0114262 -0.0199826 0.000801109 -0.00186685 -0.0199826 0.0938825 
0.00903 -0.0172832 -0.000722622 0.000782061 -0.0172832 0.0873133 0.000770497 -0.00183534 -0.000722622 0.000770497 0.0113925 -0.0199677 0.000782061 -0.00183534 -0.0199677 0.0937687 
0.00905455 -0.017292 -0.000678066 0.000779578 -0.017292 0.0873275 0.000765845 -0.00182396 -0.000678066 0.000765845 0.0113721 -0.0199382 0.000779578 -0.00182396 -0.0199382 0.0937072 
0.00909034 -0.0173174 -0.000678452 0.000777833 -0.0173174 0.0873873 0.000760575 -0.001871 -0.000678452 0.000760575 0.0114 -0.0199725 0.000777833 -0.001871 -0.0199725 0.0938175 
0.0090631 -0.0173767 -0.000695589 0.000742567 -0.0173767 0.0875109 0.000728758 -0.00179936 -0.000695589 0.000728758 0.0113962 -0.0199623 0.000742567 -0.00179936 -0.0199623 0.0937932 
0.00897402 -0.0173567 -0.000664186 0.000720395 -0.0173567 0.0875515 0.000713347 -0.00169734 -0.000664186 0.000713347 0.0113837 -0.0199221 0.000720395 -0.00169734 -0.0199221 0.093679 
0.00887715 -0.0172156 -0.000638971 0.000681385 -0.0172156 0.0872935 0.000675462 -0.00160462 -0.000638971 0.000675462 0.011373 -0.0199219 0.000681385 -0.00160462 -0.0199219 0.0936552 
0.00884818 -0.0170669 -0.000626076 0.000677113 -0.0170669 0.0869088 0.000671796 -0.00158221 -0.000626076 0.000671796 0.0113572 -0.0199423 0.000677113 -0.00158221 -0.0199423 0.0937297 
0.0088861 -0.0170149 -0.000624406 0.000694292 -0.0170149 0.0866554 0.000690992 -0.00164178 -0.000624406 0.000690992 0.0113369 -0.0199435 0.000694292 -0.00164178 -0.0199435 0.0937882 
0.00896257 -0.0170928 -0.000636592 0.000719287 -0.0170928 0.0867366 0.000717805 -0.00173513 -0.000636592 0.000717805 0.0113206 -0.0199028 0.000719287 -0.00173513 -0.0199028 0.0937222 
0.00906269 -0.0171843 -0.000677402 0.000672064 -0.0171843 0.0869175 0.000671876 -0.00163214 -0.000677402 0.000671876 0.0112226 -0.0198604 0.000672064 -0.00163214 -0.0198604 0.093591 
0.0092097 -0.0173097 -0.000775583 0.000751472 -0.0173097 0.0872096 0.000753634 -0.00174201 -0.000775583 0.000753634 0.0111074 -0.0197735 0.000751472 -0.00174201 -0.0197735 0.0934496 
0.00931204 -0.0174853 -0.00079896 0.000849086 -0.0174853 0.0876072 0.000858055 -0.00193542 -0.00079896 0.000858055 0.011052 -0.0196549 0.000849086 -0.00193542 -0.0196549 0.093226 
0.00930322 -0.0176134 -0.000792098 0.000899137 -0.0176134 0.0879805 0.000905619 -0.00212492 -0.000792098 0.000905619 0.0110917 -0.0195904 0.000899137 -0.00212492 -0.0195904 0.0930293 
0.00925837 -0.0176119 -0.000802582 0.000879057 -0.0176119 0.0881225 0.000877883 -0.00213972 -0.000802582 0.000877883 0.0110908 -0.0196046 0.000879057 -0.00213972 -0.0196046 0.0929363 
0.00926072 -0.0175533 -0.000802373 0.000884862 -0.0175533 0.0880629 0.000879813 -0.00212017 -0.000802373 0.000879813 0.0110777 -0.0196231 0.000884862 -0.00212017 -0.0196231 0.0929797 
0.00927356 -0.0175639 -0.000777691 0.000858117 -0.0175639 0.0880433 0.000850451 -0.00204181 -0.000777691 0.000850451 0.0110501 -0.019571 0.000858117 -0.00204181 -0.019571 0.0928707 
0.00924814 -0.0175605 -0.000775309 0.000827579 -0.0175605 0.088016 0.000822154 -0.00196525 -0.000775309 0.000822154 0.0110576 -0.0195535 0.000827579 -0.00196525 -0.0195535 0.09281 
0.00920432 -0.0175503 -0.000784566 0.000848421 -0.0175503 0.0880154 0.000848936 -0.00200131 -0.000784566 0.000848936 0.0110707 -0.0195377 0.000848421 -0.00200131 -0.0195377 0.0927273 
0.00917744 -0.0175117 -0.000792164 0.000862078 -0.0175117 0.0879692 0.000869027 -0.00205538 -0.000792164 0.000869027 0.0110671 -0.0195306 0.000862078 -0.00205538 -0.0195306 0.0926588 
0.0092176 -0.0174466 -0.000838671 0.00090698 -0.0174466 0.0878141 0.000921823 -0.00219632 -0.000838671 0.000921823 0.0110389 -0.0195811 0.00090698 -0.00219632 -0.0195811 0.0927864 
0.00918266 -0.0175003 -0.000831623 0.000904357 -0.0175003 0.0878259 0.000925136 -0.00219305 -0.000831623 0.000925136 0.0110278 -0.0195053 0.000904357 -0.00219305 -0.0195053 0.0926662 
0.00917527 -0.0174632 -0.0008235 0.000912262 -0.0174632 0.0878107 0.000926196 -0.00220763 -0.0008235 0.000926196 0.0110272 -0.0195021 0.000912262 -0.00220763 -0.0195021 0.0926159 
0.0091699 -0.0174163 -0.000841305 0.000925487 -0.0174163 0.0876686 0.000924477 -0.00224099 -0.000841305 0.000924477 0.0110297 -0.019537 0.000925487 -0.00224099 -0.019537 0.0927023 
0.00922794 -0.0174224 -0.000851404 0.000961257 -0.0174224 0.0876458 0.000952898 -0.00230548 -0.000851404 0.000952898 0.0110258 -0.0195509 0.000961257 -0.00230548 -0.0195509 0.0927808 
0.00929601 -0.0174902 -0.00085128 0.000967262 -0.0174902 0.0877413 0.000956349 -0.00233273 -0.00085128 0.000956349 0.011031 -0.0195581 0.000967262 -0.00233273 -0.0195581 0.092836 
0.00930778 -0.0175701 -0.000842644 0.000934936 -0.0175701 0.0879034 0.000925996 -0.00226176 -0.000842644 0.000925996 0.0110225 -0.0195551 0.000934936 -0.00226176 -0.0195551 0.0928332 
0.00933684 -0.017605 -0.000872763 0.00092549 -0.017605 0.0880546 0.000915828 -0.00221438 -0.000872763 0.000915828 0.0109868 -0.0195317 0.00092549 -0.00221438 -0.0195317 0.0927839 
0.00935323 -0.017624 -0.000906361 0.000935439 -0.017624 0.0881027 0.000925684 -0.00218429 -0.000906361 0.000925684 0.0109049 -0.0194764 0.000935439 -0.00218429 -0.0194764 0.0926629 
0.00940642 -0.0176398 -0.000957099 0.00101901 -0.0176398 0.0881503 0.00101142 -0.00235654 -0.000957099 0.00101142 0.0108449 -0.019402 0.00101901 -0.00235654 -0.019402 0.0925311 
0.00939573 -0.0176906 -0.000977078 0.00107907 -0.0176906 0.0882267 0.00107534 -0.00253138 -0.000977078 0.00107534 0.0108416 -0.019332 0.00107907 -0.00253138 -0.019332 0.0923629 
0.00940289 -0.0176817 -0.000971992 0.00110575 -0.0176817 0.0882629 0.00110646 -0.00264767 -0.000971992 0.00110646 0.010864 -0.0193372 0.00110575 -0.00264767 -0.0193372 0.0923139 
0.0094045 -0.0177297 -0.000924122 0.00107852 -0.0177297 0.0883854 0.00108226 -0.00262712 -0.000924122 0.00108226 0.0108871 -0.0193087 0.00107852 -0.00262712 -0.0193087 0.0921886 
0.00946573 -0.0177535 -0.000913325 0.00103621 -0.0177535 0.088504 0.00103984 -0.0025643 -0.000913325 0.00103984 0.0108712 -0.0193277 0.00103621 -0.0025643 -0.0193277 0.0921579 
0.00953388 -0.0178234 -0.000894749 0.00100419 -0.0178234 0.0886501 0.00100895 -0.00245784 -0.000894749 0.00100895 0.0108654 -0.0193307 0.00100419 -0.00245784 -0.0193307 0.0921868 
0.00958949 -0.0179016 -0.000916033 0.00100662 -0.0179016 0.0888398 0.00100716 -0.00244498 -0.000916033 0.00100716 0.0108878 -0.0193586 0.00100662 -0.00244498 -0.0193586 0.0922814 
0.00960736 -0.0179522 -0.000944443 0.00100206 -0.0179522 0.0889674 0.00100074 -0.00240368 -0.000944443 0.00100074 0.0108594 -0.0193875 0.00100206 -0.00240368 -0.0193875 0.0923632 
0.00957239 -0.0179704 -0.000936806 0.00101685 -0.0179704 0.0890374 0.00101844 -0.00239642 -0.000936806 0.00101844 0.0108484 -0.0193525 0.00101685 -0.00239642 -0.0193525 0.0923482 
0.00956264 -0.0179331 -0.000944395 0.00102099 -0.0179331 0.0890062 0.00102059 -0.0024208 -0.000944395 0.00102059 0.0108022 -0.0193243 0.00102099 -0.0024208 -0.0193243 0.0922735 
0.00953297 -0.0178992 -0.000937087 0.00101335 -0.0178992 0.0888898 0.00100996 -0.00239643 -0.000937087 0.00100996 0.0107534 -0.0192524 0.00101335 -0.00239643 -0.0192524 0.0921093 
0.00952778 -0.0178723 -0.000974137 0.001057 -0.0178723 0.0888259 0.00105001 -0.00250393 -0.000974137 0.00105001 0.0107322 -0.019202 0.001057 -0.00250393 -0.019202 0.0919745 
0.0095295 -0.0178422 -0.000990055 0.00108282 -0.0178422 0.0887201 0.0010764 -0.00256711 -0.000990055 0.0010764 0.0107076 -0.0191795 0.00108282 -0.00256711 -0.0191795 0.0918879 
0.00947944 -0.0178459 -0.000981294 0.00110501 -0.0178459 0.0886868 0.00110218 -0.00263507 -0.000981294 0.00110218 0.0107361 -0.0191455 0.00110501 -0.00263507 -0.0191455 0.0918006 
0.00943895 -0.0178043 -0.000947053 0.00108703 -0.0178043 0.0886426 0.00108534 -0.00262445 -0.000947053 0.00108534 0.0107808 -0.0191608 0.00108703 -0.00262445 -0.0191608 0.0917637 
0.00941647 -0.0177512 -0.000915138 0.00102607 -0.0177512 0.0885161 0.00102711 -0.00250698 -0.000915138 0.00102711 0.0107729 -0.0191872 0.00102607 -0.00250698 -0.0191872 0.0917611 
0.00947461 -0.017714 -0.000931641 0.00101106 -0.017714 0.0884028 0.00101693 -0.00245746 -0.000931641 0.00101693 0.0107329 -0.0192159 0.00101106 -0.00245746 -0.0192159 0.091866 
0.00952529 -0.0177549 -0.000956224 0.000999915 -0.0177549 0.0883819 0.00101417 -0.00239815 -0.000956224 0.00101417 0.0106685 -0.0191896 0.000999915 -0.00239815 -0.0191896 0.0918911 
0.00954501 -0.017818 -0.000948862 0.00102355 -0.017818 0.0884886 0.00103868 -0.00241128 -0.000948862 0.00103868 0.0106168 -0.0191071 0.00102355 -0.00241128 -0.0191071 0.0917598 
0.00947251 -0.0178002 -0.000935599 0.00104171 -0.0178002 0.0884594 0.00105252 -0.00247875 -0.000935599 0.00105252 0.0106404 -0.0190891 0.00104171 -0.00247875 -0.0190891 0.0917299 
0.00946235 -0.0177084 -0.000952374 0.00106187 -0.0177084 0.0883075 0.00106436 -0.00255677 -0.000952374 0.00106436 0.0106711 -0.0191463 0.00106187 -0.00255677 -0.0191463 0.0918516 
0.00944415 -0.017724 -0.000939777 0.00107108 -0.017724 0.088282 0.00106669 -0.00257733 -0.000939777 0.00106669 0.010711 -0.0191357 0.00107108 -0.00257733 -0.0191357 0.0918331 
0.00940886 -0.0177155 -0.000920011 0.00106192 -0.0177155 0.0882821 0.00105071 -0.00257202 -0.000920011 0.00105071 0.0107396 -0.0191617 0.00106192 -0.00257202 -0.0191617 0.0918297 
0.00940996 -0.0176893 -0.00091974 0.0010535 -0.0176893 0.0882705 0.00103578 -0.00255726 -0.00091974 0.00103578 0.010786 -0.0192046 0.0010535 -0.00255726 -0.0192046 0.0919145 
0.00945578 -0.0176975 -0.000915877 0.00102785 -0.0176975 0.0882782 0.00100971 -0.00247921 -0.000915877 0.00100971 0.010775 -0.0192485 0.00102785 -0.00247921 -0.0192485 0.092 
0.00947725 -0.0177788 -0.000907844 0.000974617 -0.0177788 0.0884355 0.000964301 -0.00232461 -0.000907844 0.000964301 0.0107327 -0.0191875 0.000974617 -0.00232461 -0.0191875 0.0918771 
0.0094316 -0.0177855 -0.000919596 0.000994837 -0.0177855 0.0885004 0.000993144 -0.00234458 -0.000919596 0.000993144 0.0107354 -0.0191612 0.000994837 -0.00234458 -0.0191612 0.0918058 
0.00947285 -0.0177247 -0.000954017 0.00102225 -0.0177247 0.0884233 0.00102724 -0.00242594 -0.000954017 0.00102724 0.0106801 -0.0191731 0.00102225 -0.00242594 -0.0191731 0.0918071 
0.00949786 -0.0177576 -0.000965086 0.00105139 -0.0177576 0.0884025 0.00106554 -0.00250534 -0.000965086 0.00106554 0.0106401 -0.0191086 0.00105139 -0.00250534 -0.0191086 0.0917157 
0.00950914 -0.0177561 -0.000985368 0.00107866 -0.0177561 0.0883725 0.00109669 -0.00260069 -0.000985368 0.00109669 0.0106268 -0.0191043 0.00107866 -0.00260069 -0.0191043 0.091718 
0.00948865 -0.0177912 -0.00096362 0.00109138 -0.0177912 0.0884363 0.001101 -0.00263062 -0.00096362 0.001101 0.0106339 -0.0190582 0.00109138 -0.00263062 -0.0190582 0.0916146 
0.00949977 -0.0177813 -0.000948448 0.00108695 -0.0177813 0.0884731 0.00107735 -0.00263195 -0.000948448 0.00107735 0.0106292 -0.0190561 0.00108695 -0.00263195 -0.0190561 0.0915559 
0.00955298 -0.0178169 -0.000937425 0.00107713 -0.0178169 0.0885632 0.00105774 -0.00260738 -0.000937425 0.00105774 0.0106023 -0.0190325 0.00107713 -0.00260738 -0.0190325 0.0914812 
0.00960552 -0.017861 -0.000944598 0.00104851 -0.017861 0.0886449 0.00103458 -0.00254325 -0.000944598 0.00103458 0.0105569 -0.0190181 0.00104851 -0.00254325 -0.0190181 0.0914477 
0.0096706 -0.0179394 -0.000993526 0.00104762 -0.0179394 0.0888241 0.00104406 -0.00251734 -0.000993526 0.00104406 0.0104869 -0.0189504 0.00104762 -0.00251734 -0.0189504 0.0913117 
0.00968285 -0.018013 -0.00103188 0.00109464 -0.018013 0.0890042 0.00109699 -0.00258 -0.00103188 0.00109699 0.0104422 -0.0188568 0.00109464 -0.00258 -0.0188568 0.09109 
0.00966098 -0.0180334 -0.00103116 0.00115686 -0.0180334 0.0891214 0.00115959 -0.00272672 -0.00103116 0.00115959 0.010468 -0.0188088 0.00115686 -0.00272672 -0.0188088 0.0909363 
0.00961644 -0.0179615 -0.00102797 0.00115314 -0.0179615 0.0889811 0.00114946 -0.00277344 -0.00102797 0.00114946 0.0104948 -0.0188688 0.00115314 -0.00277344 -0.0188688 0.0910072 
0.00960276 -0.0179187 -0.00102994 0.00115806 -0.0179187 0.0888539 0.0011498 -0.00279297 -0.00102994 0.0011498 0.0104772 -0.018886 0.00115806 -0.00279297 -0.018886 0.091065 
0.00958073 -0.017888 -0.00102446 0.00113518 -0.017888 0.0887308 0.00113423 -0.00274747 -0.00102446 0.00113423 0.0104362 -0.0188558 0.00113518 -0.00274747 -0.0188558 0.0910298 
0.00953145 -0.0178489 -0.0010069 0.00114394 -0.0178489 0.088613 0.00115118 -0.00276893 -0.0010069 0.00115118 0.0104374 -0.0188138 0.00114394 -0.00276893 -0.0188138 0.0909575 
0.00952518 -0.0177691 -0.00101171 0.00114071 -0.0177691 0.0884204 0.00114792 -0.00279312 -0.00101171 0.00114792 0.0104247 -0.018835 0.00114071 -0.00279312 -0.018835 0.0909819 
0.00956741 -0.0177755 -0.0010059 0.0011421 -0.0177755 0.0883733 0.00114567 -0.002786 -0.0010059 0.00114567 0.0103971 -0.0188095 0.0011421 -0.002786 -0.0188095 0.0909479 
0.00957048 -0.0178345 -0.000979393 0.00111249 -0.0178345 0.0884647 0.00111547 -0.00271321 -0.000979393 0.00111547 0.0104051 -0.0187588 0.00111249 -0.00271321 -0.0187588 0.0908232 
0.00955363 -0.0178517 -0.000962971 0.00107753 -0.0178517 0.0885504 0.00108052 -0.0026284 -0.000962971 0.00108052 0.0104014 -0.0187432 0.00107753 -0.0026284 -0.0187432 0.0907089 
0.00956784 -0.0178316 -0.000952517 0.00106964 -0.0178316 0.0885541 0.00107369 -0.00259032 -0.000952517 0.00107369 0.010399 -0.0187506 0.00106964 -0.00259032 -0.0187506 0.0907025 
0.00961087 -0.0178405 -0.000961329 0.0010745 -0.0178405 0.0885534 0.00107819 -0.00260615 -0.000961329 0.00107819 0.0103759 -0.0187658 0.0010745 -0.00260615 -0.0187658 0.0907489 
0.00964516 -0.0178934 -0.000934587 0.00105373 -0.0178934 0.0886378 0.00105526 -0.00254176 -0.000934587 0.00105526 0.0103437 -0.0187323 0.00105373 -0.00254176 -0.0187323 0.0907074 
0.00973221 -0.0179401 -0.000934754 0.00102239 -0.0179401 0.0887579 0.00101699 -0.00246158 -0.000934754 0.00101699 0.0102494 -0.0186902 0.00102239 -0.00246158 -0.0186902 0.090617 
0.00977036 -0.0180355 -0.000932635 0.0010151 -0.0180355 0.0889315 0.00100654 -0.00240613 -0.000932635 0.00100654 0.0101738 -0.0185685 0.0010151 -0.00240613 -0.0185685 0.0903826 
0.00980414 -0.0180796 -0.000944329 0.00106559 -0.0180796 0.089087 0.00106417 -0.00253081 -0.000944329 0.00106417 0.0101521 -0.0185068 0.00106559 -0.00253081 -0.0185068 0.0902282 
0.00984827 -0.0181033 -0.000947571 0.00106442 -0.0181033 0.089153 0.00107002 -0.00257888 -0.000947571 0.00107002 0.0101025 -0.018489 0.00106442 -0.00257888 -0.018489 0.0901504 
0.00983086 -0.0181669 -0.000959723 0.00106818 -0.0181669 0.0892837 0.00107372 -0.0025994 -0.000959723 0.00107372 0.0100956 -0.0184171 0.00106818 -0.0025994 -0.0184171 0.0900031 
0.00980067 -0.0181569 -0.00094121 0.00105751 -0.0181569 0.0893486 0.00106121 -0.00255314 -0.00094121 0.00106121 0.0101207 -0.0183994 0.00105751 -0.00255314 -0.0183994 0.0899011 
0.00981055 -0.0180974 -0.000937291 0.00104566 -0.0180974 0.0892426 0.00104505 -0.00252472 -0.000937291 0.00104505 0.0101113 -0.0184468 0.00104566 -0.00252472 -0.0184468 0.0899613 
0.00980844 -0.0181191 -0.000917312 0.0010096 -0.0181191 0.089226 0.00100605 -0.00241776 -0.000917312 0.00100605 0.0100716 -0.0184044 0.0010096 -0.00241776 -0.0184044 0.0898879 
0.00976793 -0.0181104 -0.000898223 0.00100633 -0.0181104 0.089215 0.000999245 -0.00238857 -0.000898223 0.000999245 0.0100738 -0.0183648 0.00100633 -0.00238857 -0.0183648 0.0898004 
0.00969841 -0.0180515 -0.000908382 0.00101847 -0.0180515 0.0891112 0.0010071 -0.00243045 -0.000908382 0.0010071 0.0101223 -0.0183798 0.00101847 -0.00243045 -0.0183798 0.0898033 
0.0096574 -0.0179691 -0.000903552 0.00106155 -0.0179691 0.088945 0.00104371 -0.0025341 -0.000903552 0.00104371 0.0102018 -0.0184511 0.00106155 -0.0025341 -0.0184511 0.0899396 
0.00969774 -0.0179316 -0.000906483 0.00102785 -0.0179316 0.0888156 0.00101204 -0.00250277 -0.000906483 0.00101204 0.0101821 -0.0185136 0.00102785 -0.00250277 -0.0185136 0.0900544 
0.00971511 -0.0179688 -0.000912612 0.00100445 -0.0179688 0.0888128 0.00100196 -0.00242752 -0.000912612 0.00100196 0.0101883 -0.0185168 0.00100445 -0.00242752 -0.0185168 0.0901457 
0.00979445 -0.0179928 -0.000947668 0.00103812 -0.0179928 0.0888784 0.00104783 -0.00249692 -0.000947668 0.00104783 0.010171 -0.0185483 0.00103812 -0.00249692 -0.0185483 0.0902488 
0.00981363 -0.0180626 -0.000979385 0.00106665 -0.0180626 0.0889714 0.00108495 -0.00257563 -0.000979385 0.00108495 0.0101634 -0.0185512 0.00106665 -0.00257563 -0.0185512 0.0903217 
0.00979111 -0.0181216 -0.00100326 0.00111205 -0.0181216 0.0891617 0.00113459 -0.00269037 -0.00100326 0.00113459 0.0102077 -0.0185259 0.00111205 -0.00269037 -0.0185259 0.0902897 
0.00973502 -0.01812 -0.000980347 0.00109521 -0.01812 0.0892597 0.00111802 -0.00266214 -0.000980347 0.00111802 0.010242 -0.0185379 0.00109521 -0.00266214 -0.0185379 0.0902367 
0.00964525 -0.0180423 -0.00094568 0.00107651 -0.0180423 0.0891516 0.00109051 -0.00261899 -0.00094568 0.00109051 0.0102911 -0.0185816 0.00107651 -0.00261899 -0.0185816 0.0902962 
0.00961067 -0.0179318 -0.000924719 0.00105402 -0.0179318 0.0889257 0.00105478 -0.00256727 -0.000924719 0.00105478 0.0103 -0.0186383 0.00105402 -0.00256727 -0.0186383 0.0904119 
0.00957676 -0.017871 -0.000914688 0.00101055 -0.017871 0.0886974 0.00100507 -0.00245273 -0.000914688 0.00100507 0.0102735 -0.0186349 0.00101055 -0.00245273 -0.0186349 0.0904313 
0.00957321 -0.0178241 -0.000910093 0.00101419 -0.0178241 0.0885371 0.00100519 -0.0024221 -0.000910093 0.00100519 0.010235 -0.018601 0.00101419 -0.0024221 -0.018601 0.0903771 
0.00955772 -0.0178151 -0.00090139 0.00103423 -0.0178151 0.088464 0.00102303 -0.00246881 -0.00090139 0.00102303 0.010262 -0.0185637 0.00103423 -0.00246881 -0.0185637 0.0903051 
0.0095498 -0.0177748 -0.000895309 0.00103404 -0.0177748 0.0883487 0.00102088 -0.00250059 -0.000895309 0.00102088 0.0102827 -0.0186096 0.00103404 -0.00250059 -0.0186096 0.0903541 
0.00958329 -0.0177894 -0.000886295 0.00101135 -0.0177894 0.0883541 0.00100127 -0.00246005 -0.000886295 0.00100127 0.0102683 -0.0186154 0.00101135 -0.00246005 -0.0186154 0.0903709 
0.00959934 -0.0178387 -0.000874446 0.000986711 -0.0178387 0.0884442 0.000979275 -0.00239294 -0.000874446 0.000979275 0.0102484 -0.0185823 0.000986711 -0.00239294 -0.0185823 0.090304 
0.00966552 -0.01785 -0.000908941 0.000998139 -0.01785 0.0885042 0.000989648 -0.00240886 -0.000908941 0.000989648 0.0101942 -0.0185878 0.000998139 -0.00240886 -0.0185878 0.0903215 
0.00973845 -0.0179306 -0.000934323 0.00101993 -0.0179306 0.0886449 0.00101393 -0.00243291 -0.000934323 0.00101393 0.0101205 -0.0185173 0.00101993 -0.00243291 -0.0185173 0.0902135 
0.00977719 -0.0180327 -0.000950636 0.00103803 -0.0180327 0.0888865 0.00103947 -0.00247555 -0.000950636 0.00103947 0.0100539 -0.0184005 0.00103803 -0.00247555 -0.0184005 0.0899414 
0.00980773 -0.0180969 -0.00095578 0.00105402 -0.0180969 0.0891091 0.00105981 -0.00251887 -0.00095578 0.00105981 0.0100025 -0.0183017 0.00105402 -0.00251887 -0.0183017 0.0896526 
0.00977207 -0.0181295 -0.000951845 0.0011005 -0.0181295 0.089245 0.00110687 -0.0026501 -0.000951845 0.00110687 0.0100582 -0.0182637 0.0011005 -0.0026501 -0.0182637 0.0895182 
0.00979814 -0.0180713 -0.00096541 0.00110456 -0.0180713 0.0891907 0.00111476 -0.00272213 -0.00096541 0.00111476 0.01008 -0.0183616 0.00110456 -0.00272213 -0.0183616 0.0896578 
0.00982446 -0.0181016 -0.000954856 0.00110264 -0.0181016 0.0891937 0.00111952 -0.00272801 -0.000954856 0.00111952 0.0101112 -0.0183962 0.00110264 -0.00272801 -0.0183962 0.0898028 
0.00988375 -0.0181395 -0.000974242 0.00108795 -0.0181395 0.0892737 0.00110125 -0.00269958 -0.000974242 0.00110125 0.0101064 -0.0184464 0.00108795 -0.00269958 -0.0184464 0.0899477 
0.00994247 -0.0182135 -0.000997416 0.00109942 -0.0182135 0.0894234 0.00110342 -0.00267646 -0.000997416 0.00110342 0.0100801 -0.0184471 0.00109942 -0.00267646 -0.0184471 0.090016 
0.00994026 -0.018292 -0.00101573 0.0011068 -0.018292 0.0896181 0.00110485 -0.00265355 -0.00101573 0.00110485 0.010077 -0.0184047 0.0011068 -0.00265355 -0.0184047 0.0899548 
0.0099016 -0.018297 -0.00106328 0.00116551 -0.018297 0.089725 0.00115919 -0.0027715 -0.00106328 0.00115919 0.0101275 -0.0184183 0.00116551 -0.0027715 -0.0184183 0.0899705 
0.00985089 -0.0182463 -0.00107928 0.0012281 -0.0182463 0.089668 0.00121628 -0.00291919 -0.00107928 0.00121628 0.0102006 -0.0184808 0.0012281 -0.00291919 -0.0184808 0.0900786 
0.00981158 -0.0181748 -0.00107568 0.00123674 -0.0181748 0.0895019 0.00122468 -0.0029864 -0.00107568 0.00122468 0.0102404 -0.0185613 0.00123674 -0.0029864 -0.0185613 0.090243 
0.00978079 -0.0181398 -0.00106331 0.00122543 -0.0181398 0.0893953 0.00121881 -0.0029872 -0.00106331 0.00121881 0.0102805 -0.0186044 0.00122543 -0.0029872 -0.0186044 0.0903756 
0.00970571 -0.0181306 -0.00101167 0.00115224 -0.0181306 0.0893696 0.00114844 -0.00280689 -0.00101167 0.00114844 0.0103369 -0.0186035 0.00115224 -0.00280689 -0.0186035 0.0903576 
0.00965578 -0.0180076 -0.00102004 0.00112921 -0.0180076 0.0891342 0.0011281 -0.00274724 -0.00102004 0.0011281 0.0103535 -0.0187039 0.00112921 -0.00274724 -0.0187039 0.090536 
0.00963048 -0.0179327 -0.00103231 0.00113786 -0.0179327 0.0888941 0.00114417 -0.0027424 -0.00103231 0.00114417 0.0103653 -0.018743 0.00113786 -0.0027424 -0.018743 0.0907066 
0.00960144 -0.0178933 -0.00100615 0.00112471 -0.0178933 0.0887248 0.00113753 -0.0027067 -0.00100615 0.00113753 0.0103622 -0.0187408 0.00112471 -0.0027067 -0.0187408 0.0907393 
0.00959689 -0.0178529 -0.00100717 0.00113432 -0.0178529 0.088597 0.00114539 -0.00275181 -0.00100717 0.00114539 0.0103707 -0.0187501 0.00113432 -0.00275181 -0.0187501 0.0907822 
0.00961401 -0.0178621 -0.000988303 0.00109924 -0.0178621 0.0885685 0.00110838 -0.00266939 -0.000988303 0.00110838 0.0103336 -0.0187232 0.00109924 -0.00266939 -0.0187232 0.0907088 
0.00963897 -0.0178857 -0.000990121 0.00110711 -0.0178857 0.0886064 0.00111069 -0.00267449 -0.000990121 0.00111069 0.0102987 -0.0186817 0.00110711 -0.00267449 -0.0186817 0.0906189 
0.00964958 -0.0179237 -0.000966108 0.00110559 -0.0179237 0.0886933 0.00110476 -0.00266745 -0.000966108 0.00110476 0.0102809 -0.0186248 0.00110559 -0.00266745 -0.0186248 0.0904718 
0.00963555 -0.0179192 -0.000966651 0.00110781 -0.0179192 0.0887164 0.00110805 -0.00270084 -0.000966651 0.00110805 0.0103283 -0.0186507 0.00110781 -0.00270084 -0.0186507 0.0905125 
0.00967332 -0.0179197 -0.000977856 0.00108966 -0.0179197 0.088745 0.00108771 -0.00265861 -0.000977856 0.00108771 0.0103323 -0.0186929 0.00108966 -0.00265861 -0.0186929 0.0905803 
0.00975083 -0.0179656 -0.00100748 0.00109361 -0.0179656 0.0888193 0.00108868 -0.00263377 -0.00100748 0.00108868 0.0102685 -0.0186962 0.00109361 -0.00263377 -0.0186962 0.0906162 
0.0098463 -0.0180889 -0.00104208 0.00113857 -0.0180889 0.0890891 0.00113208 -0.00270411 -0.00104208 0.00113208 0.0101875 -0.0186089 0.00113857 -0.00270411 -0.0186089 0.090485 
0.0098875 -0.0181989 -0.00105071 0.00118702 -0.0181989 0.0893768 0.00117982 -0.00282003 -0.00105071 0.00117982 0.0101743 -0.01853 0.00118702 -0.00282003 -0.01853 0.0903185 
0.00988712 -0.0182174 -0.00103867 0.00117984 -0.0182174 0.0894798 0.00117123 -0.00283579 -0.00103867 0.00117123 0.0101948 -0.0185398 0.00117984 -0.00283579 -0.0185398 0.0902932 
0.00987827 -0.0182106 -0.0010552 0.00118415 -0.0182106 0.089486 0.00117745 -0.00286929 -0.0010552 0.00117745 0.0102021 -0.0185715 0.00118415 -0.00286929 -0.0185715 0.0903527 
0.00991807 -0.0182221 -0.00106634 0.00120503 -0.0182221 0.0895257 0.00120069 -0.00291704 -0.00106634 0.00120069 0.0101568 -0.0185624 0.00120503 -0.00291704 -0.0185624 0.0903498 
0.00993319 -0.0182736 -0.00107511 0.00120208 -0.0182736 0.0896246 0.00119906 -0.00291747 -0.00107511 0.00119906 0.0101236 -0.0184976 0.00120208 -0.00291747 -0.0184976 0.090233 
0.00992958 -0.0182946 -0.00108503 0.0012222 -0.0182946 0.0897169 0.00122368 -0.00295844 -0.00108503 0.00122368 0.0101434 -0.0184718 0.0012222 -0.00295844 -0.0184718 0.0901547 
0.00994228 -0.0183002 -0.00106696 0.00120194 -0.0183002 0.0897661 0.00120715 -0.00291461 -0.00106696 0.00120715 0.0101298 -0.0184682 0.00120194 -0.00291461 -0.0184682 0.0900823 
0.00992017 -0.0182925 -0.00105972 0.00117512 -0.0182925 0.0897334 0.00118114 -0.00284959 -0.00105972 0.00118114 0.0101345 -0.0184643 0.00117512 -0.00284959 -0.0184643 0.0900696 
0.00988168 -0.0182577 -0.00104979 0.00113116 -0.0182577 0.0896449 0.00113492 -0.00271357 -0.00104979 0.00113492 0.0101148 -0.0184453 0.00113116 -0.00271357 -0.0184453 0.0900003 
0.00987611 -0.0181888 -0.00104346 0.00116083 -0.0181888 0.0894701 0.00115701 -0.00274107 -0.00104346 0.00115701 0.0100786 -0.018444 0.00116083 -0.00274107 -0.018444 0.0900046 
0.00986956 -0.0182172 -0.00103589 0.00118236 -0.0182172 0.0894882 0.00117231 -0.00281716 -0.00103589 0.00117231 0.0100847 -0.0183693 0.00118236 -0.00281716 -0.0183693 0.0898566 
0.00987485 -0.0181903 -0.00102442 0.00117291 -0.0181903 0.0894427 0.00116529 -0.00283561 -0.00102442 0.00116529 0.0100831 -0.0183896 0.00117291 -0.00283561 -0.0183896 0.0898287 
0.00989503 -0.0181944 -0.00100751 0.00114141 -0.0181944 0.0894208 0.00113944 -0.00277738 -0.00100751 0.00113944 0.010058 -0.0183881 0.00114141 -0.00277738 -0.0183881 0.0898278 
