0.00800839 0 0.00120471 0 0 0.01 0 0 0.00120471 0 0.00682956 0 0 0 0 0.01 
0.0111993 -0.0138866 0.00148984 -0.00181639 -0.0138866 0.035801 -0.00181639 0.00348253 0.00148984 -0.00181639 0.00969892 -0.012068 -0.00181639 0.00348253 -0.012068 0.0323136 
0.0111559 -0.0206913 0.00140991 -0.00206619 -0.0206913 0.0752313 -0.00206619 0.00646166 0.00140991 -0.00206619 0.00983251 -0.018616 -0.00206619 0.00646166 -0.018616 0.0688027 
0.0105411 -0.0199725 0.00139715 -0.00159902 -0.0199725 0.0883133 -0.00160141 0.00497351 0.00139715 -0.00160141 0.00937767 -0.0186054 -0.00159902 0.00497351 -0.0186054 0.0840521 
0.0105585 -0.0191487 0.00150661 -0.00157423 -0.0191487 0.0905004 -0.00157844 0.00398397 0.00150661 -0.00157844 0.00935147 -0.017996 -0.00157423 0.00398397 -0.017996 0.0875903 
0.0107105 -0.0191019 0.00159734 -0.00172432 -0.0191019 0.0912501 -0.00173346 0.00404914 0.00159734 -0.00173346 0.00950071 -0.0178809 -0.00172432 0.00404914 -0.0178809 0.0884358 
0.0107898 -0.019213 0.00156586 -0.00180775 -0.019213 0.0918039 -0.0018215 0.00427964 0.00156586 -0.0018215 0.00960256 -0.0179724 -0.00180775 0.00427964 -0.0179724 0.0888984 
0.010788 -0.0192313 0.00150323 -0.00176436 -0.0192313 0.0919812 -0.00177947 0.00431531 0.00150323 -0.00177947 0.00963739 -0.0180311 -0.00176436 0.00431531 -0.0180311 0.0891443 
0.0107869 -0.0192087 0.00144513 -0.00167415 -0.0192087 0.0919467 -0.00168462 0.00413976 0.00144513 -0.00168462 0.00960859 -0.0180213 -0.00167415 0.00413976 -0.0180213 0.0891595 
0.0108142 -0.0192404 0.00140924 -0.00162855 -0.0192404 0.0919924 -0.00163345 0.00400056 0.00140924 -0.00163345 0.00961585 -0.0179642 -0.00162855 0.00400056 -0.0179642 0.089051 
0.0108077 -0.019243 0.00137623 -0.00156198 -0.019243 0.0919695 -0.00156344 0.00381357 0.00137623 -0.00156344 0.00958093 -0.0179616 -0.00156198 0.00381357 -0.0179616 0.0889539 
0.0108151 -0.0192686 0.00136387 -0.00155605 -0.0192686 0.0920478 -0.00155558 0.00376413 0.00136387 -0.00155558 0.00956058 -0.017921 -0.00155605 0.00376413 -0.017921 0.0888755 
0.0107977 -0.0192806 0.00135956 -0.00155246 -0.0192806 0.0921072 -0.00155413 0.00375896 0.00135956 -0.00155413 0.00957901 -0.0179091 -0.00155246 0.00375896 -0.0179091 0.0888406 
0.0107617 -0.0192345 0.00135985 -0.00154708 -0.0192345 0.0920307 -0.00154952 0.00375404 0.00135985 -0.00154952 0.00958059 -0.0179489 -0.00154708 0.00375404 -0.0179489 0.0889087 
0.010802 -0.0192331 0.00132329 -0.00154448 -0.0192331 0.0920436 -0.00154794 0.00374245 0.00132329 -0.00154794 0.0095263 -0.0179243 -0.00154448 0.00374245 -0.0179243 0.0888835 
0.010835 -0.0192296 0.00125448 -0.00150412 -0.0192296 0.091981 -0.00150773 0.0036859 0.00125448 -0.00150773 0.00946295 -0.0178866 -0.00150412 0.0036859 -0.0178866 0.088839 
0.0108446 -0.0193346 0.00126991 -0.00144259 -0.0193346 0.0922047 -0.0014444 0.00358239 0.00126991 -0.0014444 0.00947785 -0.0177753 -0.00144259 0.00358239 -0.0177753 0.0886202 
0.0108798 -0.0193997 0.00128387 -0.00147384 -0.0193997 0.0924732 -0.00147029 0.00358348 0.00128387 -0.00147029 0.00954755 -0.0177805 -0.00147384 0.00358348 -0.0177805 0.0885311 
0.0108716 -0.0193772 0.0012984 -0.00144174 -0.0193772 0.0924483 -0.00143592 0.0034942 0.0012984 -0.00143592 0.00955578 -0.0178863 -0.00144174 0.0034942 -0.0178863 0.0886777 
0.0108768 -0.0193364 0.00130278 -0.00144621 -0.0193364 0.092331 -0.00144229 0.00344665 0.00130278 -0.00144229 0.00954931 -0.0179406 -0.00144621 0.00344665 -0.0179406 0.0889017 
0.0109178 -0.0193704 0.00130084 -0.00147357 -0.0193704 0.0923697 -0.00147424 0.00350731 0.00130084 -0.00147424 0.00955619 -0.0179331 -0.00147357 0.00350731 -0.0179331 0.0889836 
0.0109377 -0.0194032 0.00131133 -0.00149068 -0.0194032 0.0924224 -0.00149316 0.00358978 0.00131133 -0.00149316 0.0095903 -0.0179481 -0.00149068 0.00358978 -0.0179481 0.0890282 
0.0109575 -0.0194082 0.00129307 -0.00148316 -0.0194082 0.09243 -0.00148182 0.003581 0.00129307 -0.00148182 0.00958495 -0.018001 -0.00148316 0.003581 -0.018001 0.0891351 
0.0109923 -0.0194403 0.00125352 -0.00144733 -0.0194403 0.0924907 -0.00144212 0.00349902 0.00125352 -0.00144212 0.00953891 -0.0179813 -0.00144733 0.00349902 -0.0179813 0.089131 
0.0110088 -0.0194975 0.00122845 -0.00141149 -0.0194975 0.0926288 -0.00140159 0.00341705 0.00122845 -0.00140159 0.0094821 -0.017916 -0.00141149 0.00341705 -0.017916 0.0890075 
0.0110684 -0.0195401 0.0012178 -0.00140804 -0.0195401 0.0927892 -0.00139569 0.00340191 0.0012178 -0.00139569 0.00944793 -0.0178529 -0.00140804 0.00340191 -0.0178529 0.0888715 
0.0111003 -0.0196251 0.00120341 -0.00140028 -0.0196251 0.0929983 -0.00139545 0.00340301 0.00120341 -0.00139545 0.00943457 -0.0178013 -0.00140028 0.00340301 -0.0178013 0.0887183 
0.0110218 -0.0196116 0.00119897 -0.00133851 -0.0196116 0.0930021 -0.00134045 0.00326741 0.00119897 -0.00134045 0.00941869 -0.0177848 -0.00133851 0.00326741 -0.0177848 0.0886055 
0.0110008 -0.0195606 0.00119048 -0.00134998 -0.0195606 0.0929729 -0.00135129 0.00324531 0.00119048 -0.00135129 0.00939746 -0.0177433 -0.00134998 0.00324531 -0.0177433 0.0884923 
0.0110458 -0.0195246 0.00112403 -0.00136766 -0.0195246 0.0928759 -0.00136755 0.00330528 0.00112403 -0.00136755 0.00937977 -0.0177257 -0.00136766 0.00330528 -0.0177257 0.0884382 
0.0110531 -0.0195765 0.00108796 -0.0012564 -0.0195765 0.0929071 -0.00126242 0.00312728 0.00108796 -0.00126242 0.00941458 -0.0177077 -0.0012564 0.00312728 -0.0177077 0.0883957 
0.0110382 -0.0195882 0.00110458 -0.00121829 -0.0195882 0.0929583 -0.00122523 0.00298565 0.00110458 -0.00122523 0.0094712 -0.0177598 -0.00121829 0.00298565 -0.0177598 0.0884715 
0.0110409 -0.0195605 0.00108883 -0.00122244 -0.0195605 0.0929172 -0.00122415 0.00291816 0.00108883 -0.00122415 0.00946037 -0.017827 -0.00122244 0.00291816 -0.017827 0.0886076 
0.0110211 -0.0195563 0.0011356 -0.00123341 -0.0195563 0.0928816 -0.00123056 0.0029488 0.0011356 -0.00123056 0.00948104 -0.0178384 -0.00123341 0.0029488 -0.0178384 0.0887268 
0.0110302 -0.0195507 0.00116852 -0.0012923 -0.0195507 0.0928833 -0.0012869 0.00305054 0.00116852 -0.0012869 0.00946805 -0.0178464 -0.0012923 0.00305054 -0.0178464 0.0887534 
0.0110473 -0.0195365 0.00115064 -0.00133425 -0.0195365 0.0928279 -0.00133015 0.00317356 0.00115064 -0.00133015 0.00942748 -0.0178269 -0.00133425 0.00317356 -0.0178269 0.0887173 
0.0110894 -0.0195828 0.0011108 -0.00132106 -0.0195828 0.0929095 -0.00131783 0.00321297 0.0011108 -0.00131783 0.00940324 -0.0177666 -0.00132106 0.00321297 -0.0177666 0.0885986 
0.0110833 -0.0196134 0.00109222 -0.0012555 -0.0196134 0.0929701 -0.00125385 0.00309912 0.00109222 -0.00125385 0.00941538 -0.0177377 -0.0012555 0.00309912 -0.0177377 0.0884886 
0.0110926 -0.0196169 0.00108405 -0.00123863 -0.0196169 0.0930137 -0.00123763 0.00302517 0.00108405 -0.00123763 0.00941078 -0.0177519 -0.00123863 0.00302517 -0.0177519 0.0884732 
0.0111094 -0.0196174 0.00106367 -0.00122227 -0.0196174 0.0930112 -0.00122197 0.0029712 0.00106367 -0.00122197 0.00937624 -0.0177467 -0.00122227 0.0029712 -0.0177467 0.0884622 
0.0111219 -0.0196601 0.00109807 -0.00121423 -0.0196601 0.0931048 -0.00121149 0.00295344 0.00109807 -0.00121149 0.00941733 -0.0177056 -0.00121423 0.00295344 -0.0177056 0.0884091 
0.0111479 -0.0196577 0.00106591 -0.00124132 -0.0196577 0.0931175 -0.00123649 0.00296636 0.00106591 -0.00123649 0.00944137 -0.0177731 -0.00124132 0.00296636 -0.0177731 0.0885025 
0.0111505 -0.0196333 0.000942993 -0.0011553 -0.0196333 0.0930092 -0.0011509 0.00279564 0.000942993 -0.0011509 0.00937787 -0.0178331 -0.0011553 0.00279564 -0.0178331 0.0886751 
0.0111566 -0.0196918 0.000890009 -0.001037 -0.0196918 0.0931333 -0.00103545 0.00257027 0.000890009 -0.00103545 0.00933256 -0.0177364 -0.001037 0.00257027 -0.0177364 0.088587 
0.0111223 -0.0196359 0.000872022 -0.000980293 -0.0196359 0.0930287 -0.0009781 0.00239041 0.000872022 -0.0009781 0.00927522 -0.0176988 -0.000980293 0.00239041 -0.0176988 0.0884723 
0.0110595 -0.0195888 0.000913049 -0.000971752 -0.0195888 0.0928963 -0.000969204 0.00232797 0.000913049 -0.000969204 0.00928179 -0.0176238 -0.000971752 0.00232797 -0.0176238 0.0883134 
0.0111019 -0.0195836 0.000898462 -0.0010216 -0.0195836 0.0929174 -0.00102124 0.00238829 0.000898462 -0.00102124 0.00927121 -0.0175918 -0.0010216 0.00238829 -0.0175918 0.0881681 
0.0111421 -0.0196502 0.000900873 -0.00103594 -0.0196502 0.0930403 -0.0010369 0.00249293 0.000900873 -0.0010369 0.00928162 -0.0175579 -0.00103594 0.00249293 -0.0175579 0.0880371 
0.0111313 -0.0196417 0.000908718 -0.00103067 -0.0196417 0.0930177 -0.00103286 0.00251322 0.000908718 -0.00103286 0.00927955 -0.0176135 -0.00103067 0.00251322 -0.0176135 0.0881167 
0.011162 -0.0196603 0.000927783 -0.00103925 -0.0196603 0.0930763 -0.00104345 0.0025313 0.000927783 -0.00104345 0.00927681 -0.0175959 -0.00103925 0.0025313 -0.0175959 0.0881193 
0.0111672 -0.0196938 0.000958714 -0.00105685 -0.0196938 0.0931438 -0.00106389 0.00256398 0.000958714 -0.00106389 0.00929461 -0.0175873 -0.00105685 0.00256398 -0.0175873 0.0880878 
0.0112141 -0.0197344 0.000973097 -0.0010941 -0.0197344 0.0932819 -0.00109952 0.00263259 0.000973097 -0.00109952 0.00931453 -0.0176081 -0.0010941 0.00263259 -0.0176081 0.0881176 
0.0112167 -0.0197366 0.000967232 -0.00110078 -0.0197366 0.0932675 -0.0010988 0.00265524 0.000967232 -0.0010988 0.00931342 -0.0176568 -0.00110078 0.00265524 -0.0176568 0.0882223 
0.0112617 -0.0197854 0.000951872 -0.00111419 -0.0197854 0.093398 -0.00110807 0.00269811 0.000951872 -0.00110807 0.00929951 -0.017655 -0.00111419 0.00269811 -0.017655 0.0882829 
0.0113056 -0.0198493 0.000919729 -0.00108939 -0.0198493 0.0935636 -0.00108551 0.00266995 0.000919729 -0.00108551 0.00929732 -0.0176443 -0.00108939 0.00266995 -0.0176443 0.0882931 
0.0113311 -0.0198918 0.00088189 -0.0010331 -0.0198918 0.0936843 -0.0010322 0.00255173 0.00088189 -0.0010322 0.00930569 -0.01765 -0.0010331 0.00255173 -0.01765 0.0883103 
0.0113539 -0.0199452 0.000856618 -0.000990802 -0.0199452 0.0938429 -0.00098945 0.0024357 0.000856618 -0.00098945 0.00937422 -0.017668 -0.000990802 0.0024357 -0.017668 0.0883673 
0.0113132 -0.0199102 0.000875277 -0.000957985 -0.0199102 0.0937736 -0.000952092 0.00233531 0.000875277 -0.000952092 0.00940894 -0.0177777 -0.000957985 0.00233531 -0.0177777 0.0885724 
0.0112987 -0.019861 0.000877327 -0.000972859 -0.019861 0.0936622 -0.000960211 0.00230191 0.000877327 -0.000960211 0.00938245 -0.0178111 -0.000972859 0.00230191 -0.0178111 0.088704 
0.0113262 -0.0198767 0.00083214 -0.000978173 -0.0198767 0.0936774 -0.000969095 0.00231184 0.00083214 -0.000969095 0.00933521 -0.017752 -0.000978173 0.00231184 -0.017752 0.0886252 
0.0113291 -0.01988 0.000815707 -0.000915718 -0.01988 0.0936573 -0.000916187 0.00222283 0.000815707 -0.000916187 0.00930466 -0.0177121 -0.000915718 0.00222283 -0.0177121 0.0885359 
0.0113562 -0.0198973 0.000823245 -0.000915336 -0.0198973 0.0936953 -0.000920699 0.00220622 0.000823245 -0.000920699 0.00929616 -0.0176666 -0.000915336 0.00220622 -0.0176666 0.088419 
0.0113401 -0.0199114 0.000839783 -0.000929515 -0.0199114 0.0937076 -0.000933498 0.00223284 0.000839783 -0.000933498 0.00933663 -0.0176725 -0.000929515 0.00223284 -0.0176725 0.0884019 
0.0113165 -0.0198647 0.000833302 -0.00093502 -0.0198647 0.0936084 -0.000937719 0.00223836 0.000833302 -0.000937719 0.00934385 -0.0177325 -0.00093502 0.00223836 -0.0177325 0.0884973 
0.0112879 -0.0198527 0.000830019 -0.000934961 -0.0198527 0.0935668 -0.000942453 0.00225476 0.000830019 -0.000942453 0.00935447 -0.0177338 -0.000934961 0.00225476 -0.0177338 0.0885405 
0.0112375 -0.0198029 0.000811341 -0.000913707 -0.0198029 0.0934588 -0.000924489 0.00221311 0.000811341 -0.000924489 0.00932475 -0.0177289 -0.000913707 0.00221311 -0.0177289 0.088504 
0.0112157 -0.0197718 0.000824998 -0.000886976 -0.0197718 0.0934031 -0.000895851 0.00214592 0.000824998 -0.000895851 0.00926697 -0.0176619 -0.000886976 0.00214592 -0.0176619 0.0883522 
0.0111977 -0.0197448 0.000851008 -0.00091789 -0.0197448 0.0933341 -0.00092167 0.002177 0.000851008 -0.00092167 0.00921555 -0.0175804 -0.00091789 0.002177 -0.0175804 0.0881463 
0.0111865 -0.0197535 0.000848595 -0.000971373 -0.0197535 0.0933561 -0.00096729 0.00229845 0.000848595 -0.00096729 0.00918346 -0.0174912 -0.000971373 0.00229845 -0.0174912 0.0878991 
0.0111692 -0.0197297 0.000825405 -0.000978593 -0.0197297 0.0933205 -0.000970485 0.00236887 0.000825405 -0.000970485 0.00918354 -0.0174528 -0.000978593 0.00236887 -0.0174528 0.0877437 
0.0111994 -0.0197202 0.000825011 -0.000965577 -0.0197202 0.093304 -0.000956352 0.00237988 0.000825011 -0.000956352 0.00922086 -0.0174701 -0.000965577 0.00237988 -0.0174701 0.0877565 
0.0112086 -0.0197285 0.000843041 -0.000960466 -0.0197285 0.0932706 -0.000955322 0.00236769 0.000843041 -0.000955322 0.00927234 -0.0175462 -0.000960466 0.00236769 -0.0175462 0.087923 
0.0111956 -0.0197194 0.000895387 -0.000966274 -0.0197194 0.0932239 -0.000963313 0.00235639 0.000895387 -0.000963313 0.00933155 -0.0176377 -0.000966274 0.00235639 -0.0176377 0.0881774 
0.0111962 -0.0197337 0.000968283 -0.00102526 -0.0197337 0.0932654 -0.00101847 0.00243457 0.000968283 -0.00101847 0.00942827 -0.017721 -0.00102526 0.00243457 -0.017721 0.0884411 
0.0112475 -0.0198056 0.000994278 -0.00111912 -0.0198056 0.0934817 -0.0011068 0.00261889 0.000994278 -0.0011068 0.00948852 -0.017802 -0.00111912 0.00261889 -0.017802 0.0886263 
0.0113247 -0.0198837 0.000956831 -0.00113799 -0.0198837 0.0937123 -0.00112867 0.00272018 0.000956831 -0.00112867 0.00948229 -0.0178646 -0.00113799 0.00272018 -0.0178646 0.0887807 
0.0113416 -0.0199146 0.000903114 -0.00105652 -0.0199146 0.0937802 -0.00105999 0.00259902 0.000903114 -0.00105999 0.00943439 -0.0178908 -0.00105652 0.00259902 -0.0178908 0.0889043 
0.0113537 -0.0199187 0.000860089 -0.00100607 -0.0199187 0.0938009 -0.00101901 0.0024833 0.000860089 -0.00101901 0.0093831 -0.017859 -0.00100607 0.0024833 -0.017859 0.0889306 
0.0113374 -0.0199127 0.000878409 -0.000945016 -0.0199127 0.0937676 -0.00096335 0.0023401 0.000878409 -0.00096335 0.00935636 -0.0177928 -0.000945016 0.0023401 -0.0177928 0.0888112 
0.0113596 -0.0199423 0.000911879 -0.000972598 -0.0199423 0.0938561 -0.000992812 0.00233304 0.000911879 -0.000992812 0.00937152 -0.0177239 -0.000972598 0.00233304 -0.0177239 0.0886132 
0.0113819 -0.0199425 0.000912499 -0.00102037 -0.0199425 0.0938488 -0.00103048 0.00241905 0.000912499 -0.00103048 0.00939393 -0.0177572 -0.00102037 0.00241905 -0.0177572 0.0886026 
0.0113954 -0.0199381 0.000855215 -0.00102142 -0.0199381 0.0937972 -0.00101865 0.00244829 0.000855215 -0.00101865 0.00935741 -0.0177933 -0.00102142 0.00244829 -0.0177933 0.0886676 
0.0113863 -0.0199768 0.000798498 -0.000961672 -0.0199768 0.0938698 -0.000952992 0.00236134 0.000798498 -0.000952992 0.00935402 -0.0177483 -0.000961672 0.00236134 -0.0177483 0.0886334 
0.0113488 -0.0199592 0.000787678 -0.000875374 -0.0199592 0.0938702 -0.000866826 0.00215956 0.000787678 -0.000866826 0.00937933 -0.0177453 -0.000875374 0.00215956 -0.0177453 0.0886006 
0.0113518 -0.0199151 0.000774423 -0.00088298 -0.0199151 0.0937954 -0.000877813 0.00211774 0.000774423 -0.000877813 0.00937612 -0.017772 -0.00088298 0.00211774 -0.017772 0.0886277 
0.0113587 -0.0199102 0.000764587 -0.000881398 -0.0199102 0.0937394 -0.000878746 0.00213256 0.000764587 -0.000878746 0.00938453 -0.0177816 -0.000881398 0.00213256 -0.0177816 0.088683 
0.0113335 -0.0198691 0.00076022 -0.000859372 -0.0198691 0.0935977 -0.000857162 0.0020961 0.00076022 -0.000857162 0.0093099 -0.0177869 -0.000859372 0.0020961 -0.0177869 0.0886749 
0.0113244 -0.0198855 0.000769459 -0.00084236 -0.0198855 0.0936271 -0.0008401 0.00203504 0.000769459 -0.0008401 0.00927264 -0.0176821 -0.00084236 0.00203504 -0.0176821 0.0885158 
0.0113128 -0.0198627 0.000748347 -0.000860181 -0.0198627 0.0935925 -0.000855668 0.00204665 0.000748347 -0.000855668 0.00923275 -0.0176204 -0.000860181 0.00204665 -0.0176204 0.0883091 
0.0113325 -0.0198827 0.000716028 -0.000822461 -0.0198827 0.093647 -0.000820675 0.00198219 0.000716028 -0.000820675 0.00922145 -0.0175537 -0.000822461 0.00198219 -0.0175537 0.0881164 
0.0113534 -0.0198745 0.000705362 -0.000799195 -0.0198745 0.0936173 -0.000800575 0.00193791 0.000705362 -0.000800575 0.00922895 -0.017568 -0.000799195 0.00193791 -0.017568 0.0880988 
0.0113598 -0.0199132 0.000734567 -0.000800168 -0.0199132 0.0936789 -0.000800436 0.00193881 0.000734567 -0.000800436 0.00925812 -0.0175692 -0.000800168 0.00193881 -0.0175692 0.0880945 
0.0113721 -0.0199314 0.000735801 -0.000840976 -0.0199314 0.0937518 -0.000837061 0.0020074 0.000735801 -0.000837061 0.00929623 -0.0176077 -0.000840976 0.0020074 -0.0176077 0.0881613 
0.0113768 -0.0199309 0.000674053 -0.000802928 -0.0199309 0.0937592 -0.000798244 0.0019365 0.000674053 -0.000798244 0.00924958 -0.0176422 -0.000802928 0.0019365 -0.0176422 0.0882147 
0.0113931 -0.0199484 0.000637581 -0.000748897 -0.0199484 0.0938095 -0.000746864 0.00184425 0.000637581 -0.000746864 0.00920028 -0.0175974 -0.000748897 0.00184425 -0.0175974 0.0881945 
0.0113922 -0.0199931 0.000666259 -0.000711745 -0.0199931 0.0939317 -0.000708476 0.00174628 0.000666259 -0.000708476 0.00918897 -0.0175222 -0.000711745 0.00174628 -0.0175222 0.0880443 
0.0113854 -0.0199733 0.00067194 -0.000759479 -0.0199733 0.0939294 -0.000754853 0.00179706 0.00067194 -0.000754853 0.0091861 -0.017523 -0.000759479 0.00179706 -0.017523 0.0879976 
0.0113695 -0.0199692 0.000722619 -0.000778539 -0.0199692 0.0939203 -0.000775458 0.00187915 0.000722619 -0.000775458 0.00921612 -0.0175264 -0.000778539 0.00187915 -0.0175264 0.0880108 
0.0113568 -0.0199381 0.000726643 -0.000830938 -0.0199381 0.0938509 -0.000827726 0.00198061 0.000726643 -0.000827726 0.00921471 -0.0175572 -0.000830938 0.00198061 -0.0175572 0.0880509 
0.0113016 -0.0198936 0.000745447 -0.000814187 -0.0198936 0.0937147 -0.000812978 0.00197845 0.000745447 -0.000812978 0.00924366 -0.0175778 -0.000814187 0.00197845 -0.0175778 0.0881345 
0.0112764 -0.0198334 0.000737632 -0.000834307 -0.0198334 0.0935774 -0.000836881 0.00200048 0.000737632 -0.000836881 0.00923764 -0.017602 -0.000834307 0.00200048 -0.017602 0.0881866 
0.0112511 -0.01977 0.000699431 -0.000812766 -0.01977 0.0933781 -0.000818677 0.00196981 0.000699431 -0.000818677 0.00919241 -0.0176035 -0.000812766 0.00196981 -0.0176035 0.0882156 
0.0111949 -0.0197122 0.000688649 -0.000768924 -0.0197122 0.093178 -0.000778783 0.0018904 0.000688649 -0.000778783 0.00915748 -0.0175545 -0.000768924 0.0018904 -0.0175545 0.0881495 
0.0111814 -0.0196908 0.000684176 -0.000764234 -0.0196908 0.0931267 -0.00077247 0.00185084 0.000684176 -0.00077247 0.00914048 -0.0174732 -0.000764234 0.00185084 -0.0174732 0.0879526 
0.0111979 -0.0197469 0.000707876 -0.000771902 -0.0197469 0.0932804 -0.000775844 0.0018594 0.000707876 -0.000775844 0.00917612 -0.0173963 -0.000771902 0.0018594 -0.0173963 0.087693 
0.0112391 -0.0198009 0.000677231 -0.000803334 -0.0198009 0.0934688 -0.000802188 0.00190683 0.000677231 -0.000802188 0.0092307 -0.0174286 -0.000803334 0.00190683 -0.0174286 0.0876327 
0.0112685 -0.0198142 0.000640846 -0.000736798 -0.0198142 0.0935159 -0.000733733 0.00179283 0.000640846 -0.000733733 0.00926253 -0.0175277 -0.000736798 0.00179283 -0.0175277 0.0878117 
0.0113235 -0.0198086 0.000578451 -0.000699676 -0.0198086 0.0934741 -0.00069418 0.00168488 0.000578451 -0.00069418 0.00923052 -0.0175986 -0.000699676 0.00168488 -0.0175986 0.0880381 
0.0113579 -0.0198775 0.000544542 -0.000637041 -0.0198775 0.0935675 -0.000631973 0.00156167 0.000544542 -0.000631973 0.0091861 -0.0175555 -0.000637041 0.00156167 -0.0175555 0.0880475 
0.0113457 -0.019899 0.000541692 -0.000596787 -0.019899 0.093626 -0.000594489 0.00144934 0.000541692 -0.000594489 0.00917766 -0.0175191 -0.000596787 0.00144934 -0.0175191 0.0879949 
0.0113659 -0.0199142 0.000565704 -0.000602919 -0.0199142 0.0937066 -0.000600263 0.00143101 0.000565704 -0.000600263 0.00915741 -0.0174896 -0.000602919 0.00143101 -0.0174896 0.0879054 
0.0114153 -0.0199587 0.000602591 -0.000658 -0.0199587 0.0938238 -0.000654336 0.00154667 0.000602591 -0.000654336 0.00921157 -0.0174775 -0.000658 0.00154667 -0.0174775 0.087887 
0.0114287 -0.0199998 0.000655248 -0.000704154 -0.0199998 0.0939104 -0.000698594 0.00167415 0.000655248 -0.000698594 0.00926906 -0.0175496 -0.000704154 0.00167415 -0.0175496 0.087985 
0.0113869 -0.0199758 0.000694874 -0.000731516 -0.0199758 0.0938631 -0.000725948 0.00172496 0.000694874 -0.000725948 0.00927462 -0.0176422 -0.000731516 0.00172496 -0.0176422 0.0882006 
0.0113367 -0.0198859 0.000679291 -0.000771948 -0.0198859 0.0936541 -0.000768148 0.00180833 0.000679291 -0.000768148 0.00921094 -0.0176589 -0.000771948 0.00180833 -0.0176589 0.0883161 
0.0112812 -0.0198099 0.000689181 -0.000737408 -0.0198099 0.0934296 -0.000737208 0.00177291 0.000689181 -0.000737208 0.00914788 -0.0175852 -0.000737408 0.00177291 -0.0175852 0.088241 
0.0112754 -0.0198332 0.000718358 -0.000777246 -0.0198332 0.0934918 -0.000781392 0.00183894 0.000718358 -0.000781392 0.00915386 -0.0174648 -0.000777246 0.00183894 -0.0174648 0.0879863 
0.0112708 -0.0198379 0.000754063 -0.000816181 -0.0198379 0.0935428 -0.000820996 0.00193852 0.000754063 -0.000820996 0.00919838 -0.0174569 -0.000816181 0.00193852 -0.0174569 0.087845 
0.0112425 -0.0197914 0.000759611 -0.000857187 -0.0197914 0.0934374 -0.000860012 0.00204079 0.000759611 -0.000860012 0.009225 -0.0175289 -0.000857187 0.00204079 -0.0175289 0.0879266 
0.0112295 -0.019779 0.000737196 -0.000859034 -0.019779 0.0934011 -0.000858238 0.00207427 0.000737196 -0.000858238 0.0092117 -0.0175438 -0.000859034 0.00207427 -0.0175438 0.0879756 
0.0111772 -0.0197139 0.000744415 -0.000828989 -0.0197139 0.0932279 -0.000827165 0.00203348 0.000744415 -0.000827165 0.00917761 -0.0175323 -0.000828989 0.00203348 -0.0175323 0.0879586 
0.0111351 -0.0196348 0.000745344 -0.000843892 -0.0196348 0.0930167 -0.000840542 0.00203768 0.000745344 -0.000840542 0.00915511 -0.0174916 -0.000843892 0.00203768 -0.0174916 0.0878839 
0.0111441 -0.0196587 0.000716415 -0.000854556 -0.0196587 0.0930575 -0.000853459 0.00207258 0.000716415 -0.000853459 0.00913397 -0.0174109 -0.000854556 0.00207258 -0.0174109 0.0876722 
0.0111387 -0.0197296 0.000720479 -0.000815803 -0.0197296 0.0932638 -0.000820286 0.0020254 0.000720479 -0.000820286 0.00918242 -0.0173604 -0.000815803 0.0020254 -0.0173604 0.0874945 
0.0111296 -0.0196681 0.000699627 -0.000796071 -0.0196681 0.0931893 -0.000802505 0.00194226 0.000699627 -0.000802505 0.00921211 -0.0174561 -0.000796071 0.00194226 -0.0174561 0.0876101 
0.011097 -0.019619 0.000732991 -0.00078344 -0.019619 0.093021 -0.000788891 0.00191009 0.000732991 -0.000788891 0.00924403 -0.0175222 -0.00078344 0.00191009 -0.0175222 0.0878163 
0.0110756 -0.0195666 0.000756639 -0.000818628 -0.0195666 0.0928582 -0.000821678 0.00193844 0.000756639 -0.000821678 0.00929107 -0.0175889 -0.000818628 0.00193844 -0.0175889 0.0880476 
0.0110815 -0.0195712 0.00075147 -0.000843419 -0.0195712 0.092836 -0.000843075 0.00198789 0.00075147 -0.000843075 0.00932764 -0.0176323 -0.000843419 0.00198789 -0.0176323 0.0881925 
0.0110934 -0.0195854 0.000725312 -0.000853932 -0.0195854 0.0928646 -0.000851088 0.00204336 0.000725312 -0.000851088 0.00932781 -0.0176694 -0.000853932 0.00204336 -0.0176694 0.08829 
0.0110598 -0.0195787 0.000745284 -0.000808067 -0.0195787 0.092844 -0.000808863 0.00197844 0.000745284 -0.000808863 0.00929863 -0.0176652 -0.000808067 0.00197844 -0.0176652 0.0883011 
0.0110294 -0.0195323 0.000769455 -0.000815999 -0.0195323 0.0927603 -0.000821889 0.0019424 0.000769455 -0.000821889 0.00922254 -0.017616 -0.000815999 0.0019424 -0.017616 0.0882012 
0.0109802 -0.0194487 0.000798157 -0.000861695 -0.0194487 0.092532 -0.000865784 0.0020272 0.000798157 -0.000865784 0.00920291 -0.0175553 -0.000861695 0.0020272 -0.0175553 0.088107 
0.010968 -0.0194257 0.0008482 -0.000930345 -0.0194257 0.0924457 -0.000932376 0.00220899 0.0008482 -0.000932376 0.00921485 -0.0174973 -0.000930345 0.00220899 -0.0174973 0.087941 
0.0109561 -0.0193954 0.000892176 -0.000986162 -0.0193954 0.0923446 -0.000989768 0.00236583 0.000892176 -0.000989768 0.009218 -0.0175071 -0.000986162 0.00236583 -0.0175071 0.0878757 
0.0109783 -0.019415 0.000912991 -0.00104826 -0.019415 0.0923779 -0.00105278 0.00253443 0.000912991 -0.00105278 0.00922525 -0.0174947 -0.00104826 0.00253443 -0.0174947 0.0878304 
0.011019 -0.0194749 0.000910934 -0.00106402 -0.0194749 0.0925304 -0.00106621 0.00261048 0.000910934 -0.00106621 0.00922929 -0.0174851 -0.00106402 0.00261048 -0.0174851 0.0877785 
0.0110615 -0.0195327 0.000876129 -0.00104702 -0.0195327 0.0926968 -0.00104154 0.00257795 0.000876129 -0.00104154 0.00923445 -0.0175058 -0.00104702 0.00257795 -0.0175058 0.0878178 
0.0111117 -0.0195924 0.000845386 -0.000991817 -0.0195924 0.0928692 -0.000985981 0.00245381 0.000845386 -0.000985981 0.00923936 -0.0175258 -0.000991817 0.00245381 -0.0175258 0.0878896 
0.0111329 -0.019624 0.000808086 -0.000924219 -0.019624 0.0929544 -0.000925045 0.00226478 0.000808086 -0.000925045 0.00922782 -0.0175522 -0.000924219 0.00226478 -0.0175522 0.0879733 
0.0111469 -0.0196576 0.000812788 -0.000915602 -0.0196576 0.0930504 -0.00092053 0.00222555 0.000812788 -0.00092053 0.00926273 -0.0175517 -0.000915602 0.00222555 -0.0175517 0.088032 
0.0111445 -0.0196708 0.000833702 -0.000914811 -0.0196708 0.093102 -0.000917245 0.00220484 0.000833702 -0.000917245 0.00930755 -0.0175899 -0.000914811 0.00220484 -0.0175899 0.0880939 
0.0111091 -0.0196321 0.000851619 -0.000939704 -0.0196321 0.0930124 -0.000933987 0.00223135 0.000851619 -0.000933987 0.00932057 -0.0176593 -0.000939704 0.00223135 -0.0176593 0.0882376 
0.0111151 -0.0196592 0.000868683 -0.000964852 -0.0196592 0.0931015 -0.000957315 0.00228615 0.000868683 -0.000957315 0.00932318 -0.0176277 -0.000964852 0.00228615 -0.0176277 0.0881988 
0.0111556 -0.01967 0.000839551 -0.000978433 -0.01967 0.0931594 -0.000974254 0.00232699 0.000839551 -0.000974254 0.00930592 -0.0176287 -0.000978433 0.00232699 -0.0176287 0.0881716 
0.0111826 -0.0196772 0.000797648 -0.000944123 -0.0196772 0.0931385 -0.000942468 0.00229675 0.000797648 -0.000942468 0.00928874 -0.0176327 -0.000944123 0.00229675 -0.0176327 0.0881903 
0.0111936 -0.0196737 0.00078229 -0.000893761 -0.0196737 0.0930849 -0.000892565 0.00220138 0.00078229 -0.000892565 0.00926731 -0.0176373 -0.000893761 0.00220138 -0.0176373 0.0882302 
0.0111907 -0.0196989 0.000792925 -0.000884109 -0.0196989 0.093119 -0.000884504 0.00215775 0.000792925 -0.000884504 0.00925972 -0.0175948 -0.000884109 0.00215775 -0.0175948 0.0881545 
0.011212 -0.0197377 0.000719512 -0.000877059 -0.0197377 0.0932499 -0.000877019 0.00210641 0.000719512 -0.000877019 0.00922757 -0.0175618 -0.000877059 0.00210641 -0.0175618 0.0880437 
0.0112846 -0.0198024 0.000639209 -0.000799861 -0.0198024 0.0934498 -0.000800943 0.00198759 0.000639209 -0.000800943 0.0091733 -0.0175136 -0.000799861 0.00198759 -0.0175136 0.08793 
0.0113258 -0.0198708 0.000614132 -0.000715559 -0.0198708 0.093613 -0.000719989 0.00181642 0.000614132 -0.000719989 0.00915415 -0.0174729 -0.000715559 0.00181642 -0.0174729 0.0878571 
