0.00597923 0 0.00151234 0 0 0.01 0 0 0.00151234 0 0.0084155 0 0 0 0 0.01 
0.00863912 -0.0107573 0.00185716 -0.00227305 -0.0107573 0.0298013 -0.00227305 0.00435841 0.00185716 -0.00227305 0.0116799 -0.0144736 -0.00227305 0.00435841 -0.0144736 0.0369262 
0.00883567 -0.0169007 0.00160599 -0.00257358 -0.0169007 0.0633163 -0.00257358 0.00810025 0.00160599 -0.00257358 0.0115779 -0.0212319 -0.00257358 0.00810025 -0.0212319 0.076918 
0.00835344 -0.0172649 0.0015075 -0.00186815 -0.0172649 0.0791645 -0.00186991 0.00621344 0.0015075 -0.00186991 0.010919 -0.0202921 -0.00186815 0.00621344 -0.0202921 0.0890797 
0.00826978 -0.0167149 0.0016068 -0.00175157 -0.0167149 0.0838651 -0.00175596 0.00466199 0.0016068 -0.00175596 0.0109732 -0.019553 -0.00175157 0.00466199 -0.019553 0.0912095 
0.00842482 -0.0164857 0.00171372 -0.00189723 -0.0164857 0.0848942 -0.00190644 0.00451109 0.00171372 -0.00190644 0.0111604 -0.019621 -0.00189723 0.00451109 -0.019621 0.0922765 
0.00862311 -0.0165926 0.00173499 -0.00201348 -0.0165926 0.0853348 -0.00202997 0.00479223 0.00173499 -0.00202997 0.0112085 -0.0197338 -0.00201348 0.00479223 -0.0197338 0.0929365 
0.00876977 -0.0167597 0.00168103 -0.00199427 -0.0167597 0.0857031 -0.00201562 0.00487545 0.00168103 -0.00201562 0.0111376 -0.0197254 -0.00199427 0.00487545 -0.0197254 0.0931362 
0.00888089 -0.0168996 0.00162588 -0.00191871 -0.0168996 0.086034 -0.00194319 0.00477102 0.00162588 -0.00194319 0.011067 -0.0196328 -0.00191871 0.00477102 -0.0196328 0.0930282 
0.00890637 -0.0170457 0.0015461 -0.00183197 -0.0170457 0.0863892 -0.00185596 0.00455201 0.0015461 -0.00185596 0.0110279 -0.0195019 -0.00183197 0.00455201 -0.0195019 0.09269 
0.00890173 -0.0171104 0.00148183 -0.00176663 -0.0171104 0.0866784 -0.00177614 0.00437218 0.00148183 -0.00177614 0.0110145 -0.0194337 -0.00176663 0.00437218 -0.0194337 0.0924114 
0.00889775 -0.0170789 0.00142569 -0.00169334 -0.0170789 0.0867028 -0.00168581 0.0041637 0.00142569 -0.00168581 0.0110168 -0.0194551 -0.00169334 0.0041637 -0.0194551 0.09239 
0.00886823 -0.017072 0.00139554 -0.00165439 -0.017072 0.0866859 -0.00164228 0.00404778 0.00139554 -0.00164228 0.0110308 -0.0194678 -0.00165439 0.00404778 -0.0194678 0.0924316 
0.00885462 -0.0170507 0.00140834 -0.00163222 -0.0170507 0.0866778 -0.00162447 0.0039964 0.00140834 -0.00162447 0.0110462 -0.0194813 -0.00163222 0.0039964 -0.0194813 0.092467 
0.00881959 -0.0169899 0.0013928 -0.00164507 -0.0169899 0.0865293 -0.00164442 0.00400539 0.0013928 -0.00164442 0.011111 -0.0195575 -0.00164507 0.00400539 -0.0195575 0.0926745 
0.00880728 -0.0169534 0.00140989 -0.00162851 -0.0169534 0.0864133 -0.00163074 0.00400039 0.00140989 -0.00163074 0.0111418 -0.0196289 -0.00162851 0.00400039 -0.0196289 0.0928654 
0.00880464 -0.0169489 0.0014251 -0.00164514 -0.0169489 0.0863834 -0.00164991 0.00401898 0.0014251 -0.00164991 0.0111753 -0.019674 -0.00164514 0.00401898 -0.019674 0.0930225 
0.00879625 -0.0169662 0.00141743 -0.00164888 -0.0169662 0.0864219 -0.00165473 0.00402438 0.00141743 -0.00165473 0.0111898 -0.01969 -0.00164888 0.00402438 -0.01969 0.0930734 
0.00881574 -0.0169686 0.00140075 -0.00163939 -0.0169686 0.0864634 -0.00164454 0.00401127 0.00140075 -0.00164454 0.0111927 -0.0197008 -0.00163939 0.00401127 -0.0197008 0.0930986 
0.00880972 -0.0170293 0.00138452 -0.00163932 -0.0170293 0.0865901 -0.00164314 0.00402394 0.00138452 -0.00164314 0.0111528 -0.0196241 -0.00163932 0.00402394 -0.0196241 0.0928937 
0.00881399 -0.0169878 0.00133736 -0.00163811 -0.0169878 0.086559 -0.00163874 0.00404668 0.00133736 -0.00163874 0.0111692 -0.0196409 -0.00163811 0.00404668 -0.0196409 0.0929138 
0.00881497 -0.0169881 0.00133107 -0.00156955 -0.0169881 0.0865174 -0.00156694 0.00393074 0.00133107 -0.00156694 0.0111851 -0.0196524 -0.00156955 0.00393074 -0.0196524 0.0929317 
0.00881908 -0.0169747 0.00132417 -0.00152926 -0.0169747 0.086452 -0.00152266 0.00376666 0.00132417 -0.00152266 0.0111483 -0.019672 -0.00152926 0.00376666 -0.019672 0.092973 
0.00880793 -0.0169718 0.00135406 -0.00153709 -0.0169718 0.0864207 -0.00152958 0.00373765 0.00135406 -0.00152958 0.0111169 -0.0196518 -0.00153709 0.00373765 -0.0196518 0.0929974 
0.00881787 -0.0169481 0.00141566 -0.00159268 -0.0169481 0.086374 -0.00158737 0.00384312 0.00141566 -0.00158737 0.0110934 -0.0196344 -0.00159268 0.00384312 -0.0196344 0.0930016 
0.00882858 -0.0169451 0.00140806 -0.00166092 -0.0169451 0.0863388 -0.00166049 0.00399634 0.00140806 -0.00166049 0.0110912 -0.0196223 -0.00166092 0.00399634 -0.0196223 0.0930013 
0.00887246 -0.0170042 0.0013675 -0.0016432 -0.0170042 0.0864664 -0.00164454 0.00403001 0.0013675 -0.00164454 0.0110298 -0.0195508 -0.0016432 0.00403001 -0.0195508 0.0927997 
0.00889724 -0.0170675 0.00132483 -0.00158044 -0.0170675 0.0866267 -0.00158243 0.00391699 0.00132483 -0.00158243 0.0109628 -0.0194521 -0.00158044 0.00391699 -0.0194521 0.0925334 
0.00887263 -0.0170925 0.00135702 -0.00154227 -0.0170925 0.0867237 -0.00154745 0.00382048 0.00135702 -0.00154745 0.0109298 -0.019364 -0.00154227 0.00382048 -0.019364 0.0922826 
0.00886074 -0.0170422 0.00139878 -0.00160438 -0.0170422 0.0866682 -0.00160787 0.00390324 0.00139878 -0.00160787 0.0109172 -0.0193477 -0.00160438 0.00390324 -0.0193477 0.0921847 
0.00883842 -0.0170212 0.00146131 -0.00168039 -0.0170212 0.0865939 -0.00168069 0.0040956 0.00146131 -0.00168069 0.0109421 -0.0193321 -0.00168039 0.0040956 -0.0193321 0.0921311 
0.00878563 -0.016965 0.00145777 -0.00171 -0.016965 0.0864388 -0.00170578 0.00415987 0.00145777 -0.00170578 0.0109792 -0.0193764 -0.00171 0.00415987 -0.0193764 0.0921886 
0.0087748 -0.0168675 0.00143504 -0.00170036 -0.0168675 0.0861828 -0.00168962 0.00415339 0.00143504 -0.00168962 0.0109796 -0.0194561 -0.00170036 0.00415339 -0.0194561 0.0923878 
0.00880651 -0.0168857 0.00143614 -0.00167491 -0.0168857 0.0861395 -0.00166379 0.00410902 0.00143614 -0.00166379 0.0109447 -0.0194149 -0.00167491 0.00410902 -0.0194149 0.0923553 
0.00884952 -0.016926 0.00142464 -0.00168922 -0.016926 0.0862013 -0.00168351 0.00413226 0.00142464 -0.00168351 0.0109078 -0.0193699 -0.00168922 0.00413226 -0.0193699 0.0922563 
0.00886887 -0.0169638 0.00140392 -0.00167737 -0.0169638 0.0862728 -0.00167574 0.00413779 0.00140392 -0.00167574 0.010903 -0.0193463 -0.00167737 0.00413779 -0.0193463 0.0922027 
0.00887732 -0.0169843 0.00140743 -0.00164971 -0.0169843 0.0863363 -0.00164803 0.0040893 0.00140743 -0.00164803 0.0108934 -0.0193521 -0.00164971 0.0040893 -0.0193521 0.0922065 
0.0088631 -0.0170431 0.00141179 -0.00165991 -0.0170431 0.0865049 -0.00166041 0.00409154 0.00141179 -0.00166041 0.0108858 -0.0192879 -0.00165991 0.00409154 -0.0192879 0.0920503 
0.00883205 -0.0170068 0.00140862 -0.0016747 -0.0170068 0.0865124 -0.00167243 0.00412941 0.00140862 -0.00167243 0.0109329 -0.019314 -0.0016747 0.00412941 -0.019314 0.0920675 
0.00882685 -0.016946 0.0014568 -0.00167842 -0.016946 0.086381 -0.00167018 0.00415263 0.0014568 -0.00167018 0.010954 -0.0194018 -0.00167842 0.00415263 -0.0194018 0.0922591 
0.00887145 -0.0169346 0.00149686 -0.00172109 -0.0169346 0.0863026 -0.00171351 0.00420621 0.00149686 -0.00171351 0.0109378 -0.0194458 -0.00172109 0.00420621 -0.0194458 0.0924349 
0.0089514 -0.0170114 0.00151991 -0.00175078 -0.0170114 0.08642 -0.00175188 0.00427238 0.00151991 -0.00175188 0.0108899 -0.019396 -0.00175078 0.00427238 -0.019396 0.0923837 
0.00896626 -0.0171017 0.00153063 -0.00176548 -0.0171017 0.0866057 -0.00177605 0.00431965 0.00153063 -0.00177605 0.010879 -0.0193448 -0.00176548 0.00431965 -0.0193448 0.0922807 
0.00891515 -0.0171073 0.00150144 -0.00175442 -0.0171073 0.0866795 -0.0017653 0.00429033 0.00150144 -0.0017653 0.010903 -0.0193475 -0.00175442 0.00429033 -0.0193475 0.0922565 
0.00886429 -0.0170506 0.00144975 -0.00172936 -0.0170506 0.0866146 -0.00173073 0.00423324 0.00144975 -0.00173073 0.0109286 -0.019365 -0.00172936 0.00423324 -0.019365 0.0922698 
0.00883125 -0.0170279 0.00144014 -0.00171734 -0.0170279 0.0865923 -0.00170772 0.00423167 0.00144014 -0.00170772 0.0109379 -0.0193531 -0.00171734 0.00423167 -0.0193531 0.0922125 
0.00879788 -0.0169661 0.00143405 -0.00170224 -0.0169661 0.0864621 -0.0016895 0.00419339 0.00143405 -0.0016895 0.0109436 -0.0193817 -0.00170224 0.00419339 -0.0193817 0.0922516 
0.00883898 -0.0169266 0.0014392 -0.00169301 -0.0169266 0.0863529 -0.00168701 0.00417575 0.0014392 -0.00168701 0.010898 -0.0193817 -0.00169301 0.00417575 -0.0193817 0.0922599 
0.00885309 -0.0169539 0.00141278 -0.00169034 -0.0169539 0.0863164 -0.00169708 0.00417503 0.00141278 -0.00169708 0.010877 -0.0193342 -0.00169034 0.00417503 -0.0193342 0.0921958 
0.00886261 -0.0169704 0.00142047 -0.0016669 -0.0169704 0.0863395 -0.00167667 0.004158 0.00142047 -0.00167667 0.0108856 -0.0193077 -0.0016669 0.004158 -0.0193077 0.0921185 
0.00888255 -0.0169648 0.00147903 -0.00167832 -0.0169648 0.0863185 -0.00168032 0.00415573 0.00147903 -0.00168032 0.0108916 -0.0193397 -0.00167832 0.00415573 -0.0193397 0.0921647 
0.00893139 -0.0169997 0.00152061 -0.00175306 -0.0169997 0.0863802 -0.00175158 0.0042726 0.00152061 -0.00175158 0.0108838 -0.019358 -0.00175306 0.0042726 -0.019358 0.0922324 
0.00898299 -0.0170631 0.0015271 -0.00177933 -0.0170631 0.0865119 -0.00177848 0.0043442 0.0015271 -0.00177848 0.0108562 -0.019353 -0.00177933 0.0043442 -0.019353 0.0922541 
0.00898123 -0.0171852 0.00156622 -0.00178916 -0.0171852 0.0868244 -0.00179255 0.00439186 0.00156622 -0.00179255 0.0108395 -0.0192528 -0.00178916 0.00439186 -0.0192528 0.0920246 
0.00892745 -0.0171576 0.00161222 -0.0018367 -0.0171576 0.0868957 -0.00184044 0.00447661 0.00161222 -0.00184044 0.0108841 -0.0192752 -0.0018367 0.00447661 -0.0192752 0.092011 
0.00890622 -0.0170763 0.00162857 -0.00190005 -0.0170763 0.0867602 -0.00190086 0.00461698 0.00162857 -0.00190086 0.0109026 -0.0193435 -0.00190005 0.00461698 -0.0193435 0.0921426 
0.00888461 -0.0170573 0.0016339 -0.00191644 -0.0170573 0.0866642 -0.00191787 0.00469924 0.0016339 -0.00191787 0.0109139 -0.0193464 -0.00191644 0.00469924 -0.0193464 0.092184 
0.00887467 -0.0170411 0.00159334 -0.00190609 -0.0170411 0.0866133 -0.00190722 0.00468812 0.00159334 -0.00190722 0.0109159 -0.0193345 -0.00190609 0.00468812 -0.0193345 0.0921393 
0.00887355 -0.0170053 0.00159759 -0.00186656 -0.0170053 0.0865139 -0.0018618 0.00462306 0.00159759 -0.0018618 0.010925 -0.0193664 -0.00186656 0.00462306 -0.0193664 0.0922061 
0.00886461 -0.0170277 0.00160165 -0.00186788 -0.0170277 0.0865342 -0.00186148 0.00458383 0.00160165 -0.00186148 0.0109171 -0.0193492 -0.00186788 0.00458383 -0.0193492 0.0921709 
0.00886377 -0.0170035 0.0016429 -0.0018782 -0.0170035 0.0864988 -0.0018724 0.00459774 0.0016429 -0.0018724 0.0109199 -0.0193577 -0.0018782 0.00459774 -0.0193577 0.0921928 
0.00886042 -0.0169806 0.001686 -0.00192538 -0.0169806 0.0864192 -0.00192354 0.00467922 0.001686 -0.00192354 0.0109399 -0.0193838 -0.00192538 0.00467922 -0.0193838 0.0922718 
0.0088291 -0.0169733 0.00170859 -0.00197901 -0.0169733 0.0863645 -0.00197929 0.00480656 0.00170859 -0.00197929 0.0109534 -0.0194102 -0.00197901 0.00480656 -0.0194102 0.0923495 
0.00880724 -0.0169366 0.00172839 -0.00203165 -0.0169366 0.0863017 -0.00202528 0.00496197 0.00172839 -0.00202528 0.0109684 -0.0194442 -0.00203165 0.00496197 -0.0194442 0.0924608 
0.00883055 -0.0169259 0.00172064 -0.00207022 -0.0169259 0.0862796 -0.00205982 0.00509117 0.00172064 -0.00205982 0.0109601 -0.0194471 -0.00207022 0.00509117 -0.0194471 0.0924921 
0.00888304 -0.0169655 0.00170356 -0.00203878 -0.0169655 0.0863366 -0.00203013 0.00506901 0.00170356 -0.00203013 0.0109159 -0.0194091 -0.00203878 0.00506901 -0.0194091 0.0924059 
0.00892012 -0.0169985 0.00170591 -0.00199805 -0.0169985 0.0863924 -0.00199819 0.00497565 0.00170591 -0.00199819 0.0109051 -0.0194029 -0.00199805 0.00497565 -0.0194029 0.0924097 
0.00892778 -0.0170732 0.00170719 -0.00198176 -0.0170732 0.0865642 -0.0019901 0.00489714 0.00170719 -0.0019901 0.0109093 -0.0193541 -0.00198176 0.00489714 -0.0193541 0.0922863 
0.00884051 -0.0170496 0.00167685 -0.00196646 -0.0170496 0.0865621 -0.00197756 0.00482851 0.00167685 -0.00197756 0.0109941 -0.0194019 -0.00196646 0.00482851 -0.0194019 0.0923609 
0.00882175 -0.0169478 0.00167538 -0.00193807 -0.0169478 0.0864024 -0.00193755 0.00475472 0.00167538 -0.00193755 0.011024 -0.0195089 -0.00193807 0.00475472 -0.0195089 0.0925731 
0.00886205 -0.0169578 0.00171951 -0.00195414 -0.0169578 0.0863741 -0.00194536 0.00475365 0.00171951 -0.00194536 0.0109787 -0.0195078 -0.00195414 0.00475365 -0.0195078 0.0926245 
0.00891189 -0.0170081 0.00175154 -0.00203006 -0.0170081 0.0864626 -0.00202662 0.00490899 0.00175154 -0.00202662 0.0109677 -0.019466 -0.00203006 0.00490899 -0.019466 0.0925868 
0.00892851 -0.0170678 0.00174569 -0.00205437 -0.0170678 0.0865899 -0.0020581 0.00501277 0.00174569 -0.0020581 0.0109708 -0.0194472 -0.00205437 0.00501277 -0.0194472 0.092521 
0.00891179 -0.0171158 0.00174161 -0.00203194 -0.0171158 0.0867511 -0.00203935 0.00500123 0.00174161 -0.00203935 0.0109719 -0.0194207 -0.00203194 0.00500123 -0.0194207 0.0924154 
0.00886406 -0.0170723 0.00171696 -0.0020153 -0.0170723 0.0867177 -0.00202171 0.00494526 0.00171696 -0.00202171 0.011007 -0.0194478 -0.0020153 0.00494526 -0.0194478 0.0924514 
0.00881505 -0.0169986 0.0016843 -0.00197436 -0.0169986 0.0865592 -0.00197592 0.00484223 0.0016843 -0.00197592 0.0110395 -0.0195014 -0.00197436 0.00484223 -0.0195014 0.0925634 
0.00879716 -0.0169421 0.00172528 -0.00196121 -0.0169421 0.0864052 -0.00195886 0.00480546 0.00172528 -0.00195886 0.0110514 -0.0195369 -0.00196121 0.00480546 -0.0195369 0.0926675 
0.00880874 -0.0169401 0.00173516 -0.00201667 -0.0169401 0.0863642 -0.00201509 0.00488547 0.00173516 -0.00201509 0.0110406 -0.0195201 -0.00201667 0.00488547 -0.0195201 0.0926415 
0.00881368 -0.0169516 0.00170149 -0.00202438 -0.0169516 0.0863612 -0.00202762 0.00494593 0.00170149 -0.00202762 0.0110253 -0.0194986 -0.00202438 0.00494593 -0.0194986 0.0925787 
0.00879776 -0.0169363 0.00167522 -0.0019802 -0.0169363 0.0863096 -0.00198557 0.0048968 0.00167522 -0.00198557 0.0110377 -0.019499 -0.0019802 0.0048968 -0.019499 0.0925786 
0.0087921 -0.0169132 0.00162409 -0.00192951 -0.0169132 0.0862469 -0.00193122 0.00476077 0.00162409 -0.00193122 0.0110214 -0.0195112 -0.00192951 0.00476077 -0.0195112 0.0925906 
0.00879842 -0.0169058 0.00160114 -0.00188706 -0.0169058 0.0862129 -0.00188672 0.00465987 0.00160114 -0.00188672 0.0110089 -0.0194981 -0.00188706 0.00465987 -0.0194981 0.0925918 
0.00882485 -0.0168917 0.0015781 -0.00185524 -0.0168917 0.0861667 -0.00185543 0.00456359 0.0015781 -0.00185543 0.0110148 -0.0195188 -0.00185524 0.00456359 -0.0195188 0.0926604 
0.00887138 -0.0169555 0.00160219 -0.00184147 -0.0169555 0.0862857 -0.00184464 0.00452858 0.00160219 -0.00184464 0.0110017 -0.0194986 -0.00184147 0.00452858 -0.0194986 0.0926231 
0.00888811 -0.0170458 0.00159886 -0.00188772 -0.0170458 0.0865251 -0.00189846 0.00461899 0.00159886 -0.00189846 0.0110193 -0.0194618 -0.00188772 0.00461899 -0.0194618 0.0925254 
0.00886403 -0.0170664 0.0015478 -0.00186995 -0.0170664 0.086656 -0.00188354 0.00462594 0.0015478 -0.00188354 0.0110627 -0.0194864 -0.00186995 0.00462594 -0.0194864 0.0925254 
0.00885218 -0.0170378 0.00145584 -0.00177088 -0.0170378 0.0866333 -0.00177807 0.00441207 0.00145584 -0.00177807 0.0110351 -0.0195096 -0.00177088 0.00441207 -0.0195096 0.0925324 
0.00882807 -0.0170174 0.00144847 -0.00168881 -0.0170174 0.0865776 -0.00168898 0.00421651 0.00144847 -0.00168898 0.011016 -0.0194846 -0.00168881 0.00421651 -0.0194846 0.0925227 
0.00880212 -0.0169597 0.00146608 -0.00168925 -0.0169597 0.0864459 -0.00168937 0.00414812 0.00146608 -0.00168937 0.0110483 -0.0195023 -0.00168925 0.00414812 -0.0195023 0.092587 
0.00878603 -0.01692 0.00145139 -0.00170606 -0.01692 0.0863112 -0.00170742 0.004159 0.00145139 -0.00170742 0.0110814 -0.0195377 -0.00170606 0.004159 -0.0195377 0.0926594 
0.00877321 -0.016906 0.00142744 -0.00170358 -0.016906 0.0862445 -0.0016992 0.00417905 0.00142744 -0.0016992 0.0111135 -0.0195796 -0.00170358 0.00417905 -0.0195796 0.092761 
0.00873959 -0.0168917 0.00139022 -0.00166212 -0.0168917 0.0861943 -0.00165183 0.00409337 0.00139022 -0.00165183 0.0111252 -0.0196123 -0.00166212 0.00409337 -0.0196123 0.0928483 
0.00874579 -0.0168445 0.00137467 -0.00162557 -0.0168445 0.0861127 -0.00161277 0.00400458 0.00137467 -0.00161277 0.0111288 -0.0196569 -0.00162557 0.00400458 -0.0196569 0.0929902 
0.00878126 -0.0168958 0.00140164 -0.00160173 -0.0168958 0.0861899 -0.00159736 0.0039365 0.00140164 -0.00159736 0.0110706 -0.0195814 -0.00160173 0.0039365 -0.0195814 0.0928292 
0.00876899 -0.0169253 0.00141176 -0.00163296 -0.0169253 0.0862636 -0.00164267 0.00397889 0.00141176 -0.00164267 0.0110823 -0.0195242 -0.00163296 0.00397889 -0.0195242 0.0926822 
0.00875834 -0.0169255 0.00137053 -0.00164016 -0.0169255 0.0863132 -0.00165174 0.00401651 0.00137053 -0.00165174 0.0110854 -0.0195149 -0.00164016 0.00401651 -0.0195149 0.0925692 
0.00878625 -0.0169128 0.00134554 -0.0016007 -0.0169128 0.0863062 -0.00160464 0.00397197 0.00134554 -0.00160464 0.0110578 -0.0195231 -0.0016007 0.00397197 -0.0195231 0.0925545 
0.00881484 -0.0169241 0.0013079 -0.00155208 -0.0169241 0.0862891 -0.00155283 0.00384027 0.0013079 -0.00155283 0.0110331 -0.0195158 -0.00155208 0.00384027 -0.0195158 0.0925739 
0.00883081 -0.0169127 0.00128794 -0.00151387 -0.0169127 0.086225 -0.00151561 0.00373734 0.00128794 -0.00151561 0.0110564 -0.0195567 -0.00151387 0.00373734 -0.0195567 0.0927318 
0.00884195 -0.0169531 0.00127428 -0.00148123 -0.0169531 0.0862831 -0.00148601 0.0036415 0.00127428 -0.00148601 0.0110541 -0.0195611 -0.00148123 0.0036415 -0.0195611 0.0927719 
0.00884666 -0.0169596 0.00125839 -0.0014669 -0.0169596 0.0863212 -0.00147194 0.00358644 0.00125839 -0.00147194 0.0110619 -0.0195837 -0.0014669 0.00358644 -0.0195837 0.0928575 
0.0088431 -0.0169917 0.00121692 -0.0014525 -0.0169917 0.0864134 -0.00146117 0.00355599 0.00121692 -0.00146117 0.0110725 -0.0195614 -0.0014525 0.00355599 -0.0195614 0.0928182 
0.00882214 -0.0169909 0.00117677 -0.00139971 -0.0169909 0.0864536 -0.00140757 0.00345796 0.00117677 -0.00140757 0.0110904 -0.019568 -0.00139971 0.00345796 -0.019568 0.0927998 
0.00881781 -0.016993 0.00116416 -0.00137684 -0.016993 0.0864915 -0.00138026 0.00340024 0.00116416 -0.00138026 0.0110859 -0.0195421 -0.00137684 0.00340024 -0.0195421 0.092701 
0.00882723 -0.0169844 0.00115796 -0.0013781 -0.0169844 0.0864907 -0.00137595 0.00339605 0.00115796 -0.00137595 0.0111108 -0.0195449 -0.0013781 0.00339605 -0.0195449 0.092674 
0.00884003 -0.0170104 0.00112539 -0.00135797 -0.0170104 0.0865405 -0.0013504 0.00334772 0.00112539 -0.0013504 0.0111204 -0.0195565 -0.00135797 0.00334772 -0.0195565 0.0926535 
0.00881501 -0.0170354 0.00107681 -0.00129248 -0.0170354 0.086601 -0.00128539 0.00319605 0.00107681 -0.00128539 0.0111036 -0.0195433 -0.00129248 0.00319605 -0.0195433 0.092598 
0.00881488 -0.0169741 0.00109357 -0.00125122 -0.0169741 0.0865177 -0.00124479 0.00308704 0.00109357 -0.00124479 0.0111024 -0.0195951 -0.00125122 0.00308704 -0.0195951 0.0927508 
0.00884824 -0.0169917 0.00111578 -0.00127778 -0.0169917 0.0865171 -0.00127416 0.00309562 0.00111578 -0.00127416 0.0110445 -0.0195647 -0.00127778 0.00309562 -0.0195647 0.092736 
0.00886663 -0.0170347 0.00114743 -0.00130958 -0.0170347 0.0865876 -0.00131441 0.00317888 0.00114743 -0.00131441 0.0109727 -0.0194779 -0.00130958 0.00317888 -0.0194779 0.0925708 
0.00887917 -0.0170528 0.00116034 -0.00136891 -0.0170528 0.0866513 -0.00137766 0.00333728 0.00116034 -0.00137766 0.0109334 -0.0193914 -0.00136891 0.00333728 -0.0193914 0.0923665 
0.00882988 -0.0170302 0.00115813 -0.00137051 -0.0170302 0.0865917 -0.00137825 0.00338678 0.00115813 -0.00137825 0.0109687 -0.0193676 -0.00137051 0.00338678 -0.0193676 0.0922709 
0.00879462 -0.0169703 0.00121437 -0.00136964 -0.0169703 0.0864701 -0.0013672 0.00338477 0.00121437 -0.0013672 0.0109913 -0.0194021 -0.00136964 0.00338477 -0.0194021 0.0922782 
0.00878732 -0.0169156 0.00125683 -0.00143725 -0.0169156 0.0863151 -0.0014285 0.00347448 0.00125683 -0.0014285 0.0109939 -0.0194444 -0.00143725 0.00347448 -0.0194444 0.0923775 
0.00880196 -0.0168729 0.00133555 -0.00151644 -0.0168729 0.0861696 -0.00150769 0.00368066 0.00133555 -0.00150769 0.0110443 -0.0195164 -0.00151644 0.00368066 -0.0195164 0.0926201 
0.00880656 -0.0169254 0.0013251 -0.00158537 -0.0169254 0.0862273 -0.00158131 0.00384481 0.0013251 -0.00158131 0.0110742 -0.0195363 -0.00158537 0.00384481 -0.0195363 0.0926877 
0.00879962 -0.0169541 0.00131541 -0.00154856 -0.0169541 0.086328 -0.00154755 0.00383286 0.00131541 -0.00154755 0.0110823 -0.019543 -0.00154856 0.00383286 -0.019543 0.0926844 
0.00878222 -0.0169486 0.00128778 -0.0015278 -0.0169486 0.0863596 -0.00152743 0.00376649 0.00128778 -0.00152743 0.0110833 -0.0195502 -0.0015278 0.00376649 -0.0195502 0.0926914 
0.00879778 -0.016901 0.00125339 -0.00149339 -0.016901 0.0862654 -0.00149398 0.0036858 0.00125339 -0.00149398 0.0110908 -0.0195859 -0.00149339 0.0036858 -0.0195859 0.0927924 
0.00882443 -0.0169128 0.00122192 -0.00146186 -0.0169128 0.0862296 -0.00146351 0.00361541 0.00122192 -0.00146351 0.0111056 -0.0196057 -0.00146186 0.00361541 -0.0196057 0.0928774 
0.00885332 -0.0169696 0.00117149 -0.00140706 -0.0169696 0.0863401 -0.00141144 0.0034857 0.00117149 -0.00141144 0.0110986 -0.0196031 -0.00140706 0.0034857 -0.0196031 0.0928744 
0.00884479 -0.017036 0.00114315 -0.0013549 -0.017036 0.0865288 -0.00135765 0.00335906 0.00114315 -0.00135765 0.0110948 -0.019567 -0.0013549 0.00335906 -0.019567 0.0927865 
0.00879109 -0.0170296 0.00114267 -0.00131527 -0.0170296 0.0866119 -0.0013132 0.00323192 0.00114267 -0.0013132 0.0111408 -0.0195731 -0.00131527 0.00323192 -0.0195731 0.0927695 
0.00879535 -0.0169759 0.00111242 -0.00130516 -0.0169759 0.0865589 -0.00129769 0.00314916 0.00111242 -0.00129769 0.011124 -0.0196009 -0.00130516 0.00314916 -0.0196009 0.0927724 
0.00880045 -0.0169398 0.00109816 -0.00127812 -0.0169398 0.0864242 -0.00127362 0.00310036 0.00109816 -0.00127362 0.0111231 -0.0196295 -0.00127812 0.00310036 -0.0196295 0.0928892 
0.00880489 -0.0169523 0.00109319 -0.00127385 -0.0169523 0.0863989 -0.00127932 0.00310122 0.00109319 -0.00127932 0.0111211 -0.0196183 -0.00127385 0.00310122 -0.0196183 0.0929042 
0.00880185 -0.0169568 0.00107813 -0.00124303 -0.0169568 0.0864007 -0.00125365 0.0030339 0.00107813 -0.00125365 0.0111203 -0.0196103 -0.00124303 0.0030339 -0.0196103 0.0928807 
0.00878227 -0.0169377 0.00105091 -0.00124164 -0.0169377 0.0863575 -0.00125125 0.00302316 0.00105091 -0.00125125 0.0111653 -0.0196367 -0.00124164 0.00302316 -0.0196367 0.0929502 
0.00879009 -0.0169172 0.00106646 -0.00122527 -0.0169172 0.0863216 -0.00122761 0.00300776 0.00106646 -0.00122761 0.0112163 -0.0197113 -0.00122527 0.00300776 -0.0197113 0.0931199 
0.00880125 -0.0169743 0.00115128 -0.00125878 -0.0169743 0.0864462 -0.00125637 0.00305891 0.00115128 -0.00125637 0.0112317 -0.0197254 -0.00125878 0.00305891 -0.0197254 0.0931587 
0.00879111 -0.0169979 0.00119633 -0.00136077 -0.0169979 0.0865508 -0.00136416 0.00325002 0.00119633 -0.00136416 0.0112424 -0.0197411 -0.00136077 0.00325002 -0.0197411 0.0931934 
0.00874858 -0.0169566 0.00119585 -0.00140001 -0.0169566 0.0864935 -0.00140806 0.00338997 0.00119585 -0.00140806 0.0112833 -0.0197907 -0.00140001 0.00338997 -0.0197907 0.0933289 
0.00874597 -0.0169071 0.00117656 -0.0013876 -0.0169071 0.0863878 -0.00139016 0.00339999 0.00117656 -0.00139016 0.011301 -0.0198356 -0.0013876 0.00339999 -0.0198356 0.093445 
0.00875447 -0.0169002 0.00115405 -0.00136974 -0.0169002 0.0863171 -0.00136674 0.00336503 0.00115405 -0.00136674 0.011322 -0.019849 -0.00136974 0.00336503 -0.019849 0.0935032 
0.00873605 -0.0169387 0.00116667 -0.00138043 -0.0169387 0.0863753 -0.00137349 0.00340447 0.00116667 -0.00137349 0.0113257 -0.0198289 -0.00138043 0.00340447 -0.0198289 0.0934359 
0.00870639 -0.0169434 0.00114689 -0.00137776 -0.0169434 0.0864279 -0.00137209 0.00339619 0.00114689 -0.00137209 0.0112788 -0.0197716 -0.00137776 0.00339619 -0.0197716 0.0932385 
0.00869223 -0.0168877 0.00109979 -0.00133844 -0.0168877 0.0863364 -0.00133741 0.00332267 0.00109979 -0.00133741 0.0112328 -0.0197294 -0.00133844 0.00332267 -0.0197294 0.0931129 
0.00868834 -0.0168204 0.00102918 -0.00127717 -0.0168204 0.0861293 -0.00127953 0.00319221 0.00102918 -0.00127953 0.0112073 -0.0197232 -0.00127717 0.00319221 -0.0197232 0.0931144 
0.0086986 -0.0167906 0.000999187 -0.00120002 -0.0167906 0.085983 -0.00120103 0.00302525 0.000999187 -0.00120103 0.0112093 -0.0197303 -0.00120002 0.00302525 -0.0197303 0.0931733 
0.00872119 -0.0168186 0.00102141 -0.00117068 -0.0168186 0.0860034 -0.00116945 0.00291288 0.00102141 -0.00116945 0.0112294 -0.0197324 -0.00117068 0.00291288 -0.0197324 0.0931967 
0.00877611 -0.0168465 0.00106353 -0.00118237 -0.0168465 0.0860673 -0.0011831 0.00287657 0.00106353 -0.0011831 0.0112314 -0.0197703 -0.00118237 0.00287657 -0.0197703 0.0932798 
0.00881036 -0.0169353 0.00106687 -0.00122483 -0.0169353 0.0862476 -0.0012326 0.00293726 0.00106687 -0.0012326 0.0112254 -0.019744 -0.00122483 0.00293726 -0.019744 0.0932428 
0.00879162 -0.0169917 0.0010616 -0.00124047 -0.0169917 0.0864309 -0.00125502 0.00302054 0.0010616 -0.00125502 0.0112389 -0.0197227 -0.00124047 0.00302054 -0.0197227 0.0931754 
0.00875879 -0.0169978 0.00105377 -0.00123865 -0.0169978 0.0865421 -0.00124679 0.00304127 0.00105377 -0.00124679 0.0112369 -0.0197015 -0.00123865 0.00304127 -0.0197015 0.0930697 
0.00874601 -0.0169453 0.00101015 -0.00123536 -0.0169453 0.0864884 -0.00123328 0.00303226 0.00101015 -0.00123328 0.0112347 -0.0197241 -0.00123536 0.00303226 -0.0197241 0.0930994 
0.00876937 -0.0168788 0.00100067 -0.00117777 -0.0168788 0.0862964 -0.00117169 0.00292874 0.00100067 -0.00117169 0.0112324 -0.0197864 -0.00117777 0.00292874 -0.0197864 0.0932928 
0.00879319 -0.01694 0.000992031 -0.00117927 -0.01694 0.086333 -0.00117946 0.00290378 0.000992031 -0.00117946 0.0111877 -0.0197164 -0.00117927 0.00290378 -0.0197164 0.0931824 
0.00879985 -0.0169734 0.000967562 -0.00115865 -0.0169734 0.0864112 -0.00116081 0.00286157 0.000967562 -0.00116081 0.0111263 -0.0196349 -0.00115865 0.00286157 -0.0196349 0.0929645 
0.00877967 -0.0169672 0.0009808 -0.00113454 -0.0169672 0.0864177 -0.00113379 0.00280968 0.0009808 -0.00113379 0.0110944 -0.0195719 -0.00113454 0.00280968 -0.0195719 0.0927927 
0.00876336 -0.0169411 0.00102668 -0.0011692 -0.0169411 0.0863899 -0.00116545 0.00285907 0.00102668 -0.00116545 0.0110917 -0.0195447 -0.0011692 0.00285907 -0.0195447 0.092696 
