0.00794823 0 -0.000969841 0 0 0.01 0 0 -0.000969841 0 0.00709562 0 0 0 0 0.01 
0.011107 -0.0137814 -0.00122249 0.00148234 -0.0137814 0.0355997 0.00148234 -0.00284204 -0.00122249 0.00148234 0.0100686 -0.0125185 0.00148234 -0.00284204 -0.0125185 0.033177 
0.0111282 -0.0206499 -0.00116694 0.00172452 -0.0206499 0.075154 0.00172452 -0.00534672 -0.00116694 0.00172452 0.0101601 -0.0192231 0.00172452 -0.00534672 -0.0192231 0.0707063 
0.0105413 -0.020012 -0.00114706 0.0012386 -0.020012 0.0885504 0.00123997 -0.00378014 -0.00114706 0.00123997 0.00952781 -0.0189566 0.0012386 -0.00378014 -0.0189566 0.085305 
0.0106269 -0.0192627 -0.00127012 0.00127323 -0.0192627 0.0909261 0.001282 -0.00317023 -0.00127012 0.001282 0.00940491 -0.0181195 0.00127323 -0.00317023 -0.0181195 0.0882036 
0.0108118 -0.0192887 -0.00132329 0.0013765 -0.0192887 0.0917466 0.00139319 -0.00325318 -0.00132329 0.00139319 0.00949416 -0.0178488 0.0013765 -0.00325318 -0.0178488 0.0885366 
0.0108722 -0.0194154 -0.0013158 0.00143323 -0.0194154 0.0923457 0.00145312 -0.00342287 -0.0013158 0.00145312 0.00962515 -0.0178841 0.00143323 -0.00342287 -0.0178841 0.0887391 
0.0108439 -0.0193931 -0.00126042 0.00140417 -0.0193931 0.0924664 0.0014179 -0.00339823 -0.00126042 0.0014179 0.00968135 -0.0179794 0.00140417 -0.00339823 -0.0179794 0.0889332 
0.0108457 -0.0193249 -0.00119379 0.00136616 -0.0193249 0.09233 0.00137529 -0.00332103 -0.00119379 0.00137529 0.00969684 -0.018032 0.00136616 -0.00332103 -0.018032 0.0890822 
0.010835 -0.0193134 -0.00116717 0.00129148 -0.0193134 0.0922112 0.00129768 -0.00316384 -0.00116717 0.00129768 0.00970562 -0.0180436 0.00129148 -0.00316384 -0.0180436 0.0891279 
0.0107979 -0.0193048 -0.00112675 0.0012247 -0.0193048 0.0921552 0.00122265 -0.00293669 -0.00112675 0.00122265 0.0096864 -0.0180293 0.0012247 -0.00293669 -0.0180293 0.089075 
0.0108082 -0.0192682 -0.00110761 0.00122947 -0.0192682 0.0920962 0.00121978 -0.00290847 -0.00110761 0.00121978 0.00964307 -0.018036 0.00122947 -0.00290847 -0.018036 0.0891088 
0.0107815 -0.0193029 -0.00110827 0.00122359 -0.0193029 0.0921513 0.00121298 -0.00291587 -0.00110827 0.00121298 0.0096384 -0.017966 0.00122359 -0.00291587 -0.017966 0.088996 
0.0108034 -0.0192681 -0.00109264 0.00122774 -0.0192681 0.0921331 0.00122159 -0.0029317 -0.00109264 0.00122159 0.0096161 -0.0179737 0.00122774 -0.0029317 -0.0179737 0.0889756 
0.0108002 -0.0193208 -0.00108916 0.00122429 -0.0193208 0.0922367 0.00122291 -0.00295348 -0.00108916 0.00122291 0.00965682 -0.0179489 0.00122429 -0.00295348 -0.0179489 0.0889551 
0.0108196 -0.0193064 -0.00106957 0.00118287 -0.0193064 0.0922504 0.00117905 -0.00285195 -0.00106957 0.00117905 0.00964774 -0.0179977 0.00118287 -0.00285195 -0.0179977 0.089014 
0.0108432 -0.0193289 -0.00106699 0.00115952 -0.0193289 0.0922825 0.00115457 -0.00277057 -0.00106699 0.00115457 0.00961739 -0.0179939 0.00115952 -0.00277057 -0.0179939 0.0890568 
0.0107949 -0.0193697 -0.00111183 0.00119127 -0.0193697 0.0923869 0.00118997 -0.00283099 -0.00111183 0.00118997 0.00968183 -0.0179699 0.00119127 -0.00283099 -0.0179699 0.0890515 
0.0107483 -0.0193312 -0.00112993 0.00122368 -0.0193312 0.0923928 0.00121979 -0.00288521 -0.00112993 0.00121979 0.00969988 -0.018009 0.00122368 -0.00288521 -0.018009 0.0890508 
0.0107333 -0.0192815 -0.00111692 0.00123766 -0.0192815 0.0923086 0.00123309 -0.0029294 -0.00111692 0.00123309 0.00966403 -0.0180075 0.00123766 -0.0029294 -0.0180075 0.0890329 
0.0107471 -0.0192472 -0.00109976 0.00123737 -0.0192472 0.0922044 0.00123823 -0.00296391 -0.00109976 0.00123823 0.00965221 -0.0179958 0.00123737 -0.00296391 -0.0179958 0.0890512 
0.0108145 -0.0192298 -0.00106626 0.00121986 -0.0192298 0.0920943 0.00122351 -0.00295265 -0.00106626 0.00122351 0.00961214 -0.0180102 0.00121986 -0.00295265 -0.0180102 0.0891078 
0.0108763 -0.0192978 -0.00104734 0.00117726 -0.0192978 0.0921359 0.00118084 -0.00287848 -0.00104734 0.00118084 0.00955083 -0.0179679 0.00117726 -0.00287848 -0.0179679 0.0890709 
0.0108658 -0.0193667 -0.00104069 0.00113342 -0.0193667 0.0922684 0.00113193 -0.00274469 -0.00104069 0.00113193 0.00952738 -0.0178923 0.00113342 -0.00274469 -0.0178923 0.0889279 
0.010843 -0.019372 -0.00102374 0.00113309 -0.019372 0.0923553 0.00112582 -0.00269501 -0.00102374 0.00112582 0.00950926 -0.0178396 0.00113309 -0.00269501 -0.0178396 0.088755 
0.0108221 -0.0193541 -0.0010392 0.00113269 -0.0193541 0.092363 0.00112848 -0.00271091 -0.0010392 0.00112848 0.00948374 -0.0178045 0.00113269 -0.00271091 -0.0178045 0.0886213 
0.0108047 -0.0193206 -0.00105008 0.00115696 -0.0193206 0.0922997 0.00115759 -0.00276029 -0.00105008 0.00115759 0.00950354 -0.0177943 0.00115696 -0.00276029 -0.0177943 0.0885907 
0.0107709 -0.0192806 -0.00105629 0.00115027 -0.0192806 0.0921809 0.00115142 -0.00275302 -0.00105629 0.00115142 0.00952413 -0.0178166 0.00115027 -0.00275302 -0.0178166 0.088609 
0.0108413 -0.0192676 -0.00103931 0.00117527 -0.0192676 0.092152 0.0011775 -0.00280595 -0.00103931 0.0011775 0.00946754 -0.0178274 0.00117527 -0.00280595 -0.0178274 0.088626 
0.0109025 -0.0193419 -0.00104667 0.00115804 -0.0193419 0.0922426 0.00116763 -0.0028164 -0.00104667 0.00116763 0.00941655 -0.0177698 0.00115804 -0.0028164 -0.0177698 0.0885558 
0.0109095 -0.0194149 -0.00103997 0.0011443 -0.0194149 0.092408 0.00115678 -0.0027702 -0.00103997 0.00115678 0.00939577 -0.0176972 0.0011443 -0.0027702 -0.0176972 0.0883827 
0.0108699 -0.0194017 -0.000995952 0.00109606 -0.0194017 0.0924289 0.00110019 -0.00262286 -0.000995952 0.00110019 0.00940076 -0.0176741 0.00109606 -0.00262286 -0.0176741 0.0882712 
0.01088 -0.0193756 -0.000993452 0.00110322 -0.0193756 0.0924167 0.00109805 -0.00263052 -0.000993452 0.00109805 0.00938962 -0.0176813 0.00110322 -0.00263052 -0.0176813 0.0882564 
0.0109083 -0.0193825 -0.000995198 0.00112002 -0.0193825 0.0924086 0.00110804 -0.00267236 -0.000995198 0.00110804 0.00936684 -0.0176791 0.00112002 -0.00267236 -0.0176791 0.0882696 
0.0109522 -0.0194569 -0.00100691 0.00113988 -0.0194569 0.0925768 0.00112666 -0.00274064 -0.00100691 0.00112666 0.00934619 -0.0176219 0.00113988 -0.00274064 -0.0176219 0.0881496 
0.010978 -0.0194994 -0.00102131 0.00114601 -0.0194994 0.092702 0.00114047 -0.00277917 -0.00102131 0.00114047 0.00933383 -0.0176068 0.00114601 -0.00277917 -0.0176068 0.0880853 
0.0109485 -0.01952 -0.00105086 0.00115373 -0.01952 0.0927698 0.00115626 -0.00280086 -0.00105086 0.00115626 0.00940739 -0.0176178 0.00115373 -0.00280086 -0.0176178 0.0881204 
0.0109319 -0.019483 -0.00105577 0.00115325 -0.019483 0.0927308 0.00115329 -0.00276302 -0.00105577 0.00115329 0.00947935 -0.0177067 0.00115325 -0.00276302 -0.0177067 0.0882732 
0.0109447 -0.0194342 -0.00105886 0.00114326 -0.0194342 0.0925825 0.00113745 -0.00271474 -0.00105886 0.00113745 0.0094407 -0.0178008 0.00114326 -0.00271474 -0.0178008 0.0884972 
0.0110159 -0.0194725 -0.00107805 0.00120239 -0.0194725 0.0926167 0.00119564 -0.00284582 -0.00107805 0.00119564 0.00939098 -0.01777 0.00120239 -0.00284582 -0.01777 0.088573 
0.0110868 -0.0195366 -0.00105873 0.00119795 -0.0195366 0.0927111 0.00119529 -0.00287019 -0.00105873 0.00119529 0.00933289 -0.0177152 0.00119795 -0.00287019 -0.0177152 0.0884966 
0.0111271 -0.0196391 -0.00106705 0.00121721 -0.0196391 0.0929419 0.00121327 -0.00295192 -0.00106705 0.00121327 0.00936338 -0.0176593 0.00121721 -0.00295192 -0.0176593 0.0883944 
0.0111092 -0.0196873 -0.00106956 0.00120374 -0.0196873 0.0931064 0.00119399 -0.00293098 -0.00106956 0.00119399 0.00941516 -0.01768 0.00120374 -0.00293098 -0.01768 0.0883525 
0.0110684 -0.0196551 -0.00106325 0.00117242 -0.0196551 0.0930994 0.0011606 -0.00283012 -0.00106325 0.0011606 0.00946279 -0.0177458 0.00117242 -0.00283012 -0.0177458 0.0884559 
0.0110399 -0.0196081 -0.001059 0.00115706 -0.0196081 0.0930129 0.00115163 -0.00276683 -0.001059 0.00115163 0.00947225 -0.0178018 0.00115706 -0.00276683 -0.0178018 0.0885887 
0.0110385 -0.0195753 -0.00108759 0.00117863 -0.0195753 0.0929263 0.0011859 -0.00282699 -0.00108759 0.0011859 0.00942898 -0.0178187 0.00117863 -0.00282699 -0.0178187 0.0886774 
0.0110634 -0.0195476 -0.00107911 0.00119869 -0.0195476 0.0928221 0.00121351 -0.0028738 -0.00107911 0.00121351 0.00937389 -0.017786 0.00119869 -0.0028738 -0.017786 0.0886781 
0.0110922 -0.0196202 -0.00109607 0.00122058 -0.0196202 0.0929549 0.00123596 -0.00296572 -0.00109607 0.00123596 0.00938068 -0.0176962 0.00122058 -0.00296572 -0.0176962 0.0885069 
0.0111081 -0.0196139 -0.00107067 0.00120703 -0.0196139 0.0929513 0.00121531 -0.00293229 -0.00107067 0.00121531 0.00935055 -0.0177099 0.00120703 -0.00293229 -0.0177099 0.0884447 
0.0111629 -0.0196748 -0.00105468 0.001184 -0.0196748 0.0930913 0.00118684 -0.00288457 -0.00105468 0.00118684 0.0092879 -0.017635 0.001184 -0.00288457 -0.017635 0.0882735 
0.0111867 -0.0197627 -0.00105058 0.00115276 -0.0197627 0.0933168 0.00115237 -0.00279317 -0.00105058 0.00115237 0.00925819 -0.0175364 0.00115276 -0.00279317 -0.0175364 0.0880139 
0.011162 -0.0197779 -0.0010641 0.0011369 -0.0197779 0.0934177 0.0011368 -0.00271877 -0.0010641 0.0011368 0.00926426 -0.017504 0.0011369 -0.00271877 -0.017504 0.0878553 
0.0111477 -0.0197531 -0.00107756 0.00119048 -0.0197531 0.0934214 0.00119495 -0.00282444 -0.00107756 0.00119495 0.00928662 -0.0175233 0.00119048 -0.00282444 -0.0175233 0.0878504 
0.0111398 -0.0197342 -0.00105047 0.00118035 -0.0197342 0.0933801 0.00118935 -0.00283744 -0.00105047 0.00118935 0.00928799 -0.0175381 0.00118035 -0.00283744 -0.0175381 0.0878588 
0.0111247 -0.019714 -0.00105755 0.00115738 -0.019714 0.0933202 0.00116436 -0.00281172 -0.00105755 0.00116436 0.00928591 -0.0175526 0.00115738 -0.00281172 -0.0175526 0.087904 
0.0111146 -0.019684 -0.00108244 0.00119455 -0.019684 0.0932366 0.00119655 -0.00287497 -0.00108244 0.00119655 0.00931175 -0.017581 0.00119455 -0.00287497 -0.017581 0.0880131 
0.0110633 -0.0196701 -0.00109531 0.00121062 -0.0196701 0.0931769 0.00120823 -0.00290847 -0.00109531 0.00120823 0.0093821 -0.0176058 0.00121062 -0.00290847 -0.0176058 0.0880847 
0.0110394 -0.0196054 -0.00107974 0.00121994 -0.0196054 0.0930474 0.00121007 -0.00292267 -0.00107974 0.00121007 0.00941516 -0.0176824 0.00121994 -0.00292267 -0.0176824 0.0882185 
0.0110317 -0.0195598 -0.00107982 0.00120949 -0.0195598 0.0928938 0.00119569 -0.00291705 -0.00107982 0.00119569 0.00941801 -0.0177417 0.00120949 -0.00291705 -0.0177417 0.0883988 
0.0110404 -0.0195051 -0.00103637 0.00115775 -0.0195051 0.0926872 0.0011459 -0.00277547 -0.00103637 0.0011459 0.00933777 -0.0177523 0.00115775 -0.00277547 -0.0177523 0.088485 
0.0110429 -0.0195231 -0.00102697 0.00112562 -0.0195231 0.0926451 0.00111995 -0.00270066 -0.00102697 0.00111995 0.00926339 -0.0176495 0.00112562 -0.00270066 -0.0176495 0.0883492 
0.0110036 -0.0195514 -0.00106028 0.00114678 -0.0195514 0.0927197 0.00114714 -0.00274653 -0.00106028 0.00114714 0.00926027 -0.0175392 0.00114678 -0.00274653 -0.0175392 0.0880853 
0.0109837 -0.0195158 -0.00106563 0.00118228 -0.0195158 0.0927053 0.00118216 -0.00282372 -0.00106563 0.00118216 0.00921724 -0.0174966 0.00118228 -0.00282372 -0.0174966 0.087858 
0.0110113 -0.0195115 -0.00103608 0.00118994 -0.0195115 0.0927163 0.00119227 -0.00286781 -0.00103608 0.00119227 0.00919938 -0.0174385 0.00118994 -0.00286781 -0.0174385 0.0876941 
0.0110472 -0.0195111 -0.000983987 0.00111646 -0.0195111 0.0926716 0.00112602 -0.00273937 -0.000983987 0.00112602 0.00913861 -0.0174149 0.00111646 -0.00273937 -0.0174149 0.0875731 
0.0110801 -0.0195614 -0.000970313 0.00107773 -0.0195614 0.0927495 0.00109194 -0.00264906 -0.000970313 0.00109194 0.00907935 -0.0173505 0.00107773 -0.00264906 -0.0173505 0.0874486 
0.0110556 -0.0195881 -0.000990676 0.0010797 -0.0195881 0.0928191 0.00109086 -0.00262638 -0.000990676 0.00109086 0.00910785 -0.0173058 0.0010797 -0.00262638 -0.0173058 0.0873637 
0.0109946 -0.0195841 -0.00101414 0.00110988 -0.0195841 0.0928728 0.00110928 -0.00266046 -0.00101414 0.00110928 0.00918946 -0.0173136 0.00110988 -0.00266046 -0.0173136 0.0873069 
0.0109585 -0.0195122 -0.000995906 0.00112979 -0.0195122 0.0927749 0.00111542 -0.00268328 -0.000995906 0.00111542 0.00924975 -0.0174088 0.00112979 -0.00268328 -0.0174088 0.087439 
0.0109345 -0.0194641 -0.000965798 0.00110823 -0.0194641 0.0926401 0.00108983 -0.00265865 -0.000965798 0.00108983 0.00928455 -0.0174868 0.00110823 -0.00265865 -0.0174868 0.0876355 
0.0109566 -0.0194351 -0.000949732 0.001087 -0.0194351 0.0925473 0.00107463 -0.00263293 -0.000949732 0.00107463 0.00927698 -0.017546 0.001087 -0.00263293 -0.017546 0.0878298 
0.0109914 -0.0194557 -0.000962539 0.00107289 -0.0194557 0.0925435 0.00107019 -0.00261157 -0.000962539 0.00107019 0.00926539 -0.017562 0.00107289 -0.00261157 -0.017562 0.0879621 
0.0110679 -0.0194978 -0.000954058 0.00104259 -0.0194978 0.0926145 0.00104152 -0.0025069 -0.000954058 0.00104152 0.00917057 -0.0175304 0.00104259 -0.0025069 -0.0175304 0.0879269 
0.0111164 -0.0196159 -0.000957989 0.00104028 -0.0196159 0.0928632 0.00103968 -0.00247456 -0.000957989 0.00103968 0.00909952 -0.0173904 0.00104028 -0.00247456 -0.0173904 0.0876621 
0.011133 -0.0196896 -0.000956537 0.00105504 -0.0196896 0.0931086 0.00105551 -0.00250083 -0.000956537 0.00105551 0.00909279 -0.0172938 0.00105504 -0.00250083 -0.0172938 0.0873798 
0.0111376 -0.0196968 -0.000947156 0.00105665 -0.0196968 0.0931938 0.00106018 -0.00252744 -0.000947156 0.00106018 0.00909556 -0.0172899 0.00105665 -0.00252744 -0.0172899 0.087265 
0.0111082 -0.01969 -0.000978768 0.00109169 -0.01969 0.0931932 0.00109806 -0.00264354 -0.000978768 0.00109806 0.00918444 -0.0173398 0.00109169 -0.00264354 -0.0173398 0.0873808 
0.0111079 -0.0196556 -0.000981055 0.00110662 -0.0196556 0.0931348 0.00110886 -0.00268314 -0.000981055 0.00110886 0.00923547 -0.0174434 0.00110662 -0.00268314 -0.0174434 0.0875825 
0.0111368 -0.0196539 -0.000972483 0.00109089 -0.0196539 0.0930962 0.00108838 -0.00265195 -0.000972483 0.00108838 0.00920384 -0.0174944 0.00109089 -0.00265195 -0.0174944 0.0877361 
0.0111657 -0.0196953 -0.000955072 0.00107528 -0.0196953 0.0931613 0.00106837 -0.00259814 -0.000955072 0.00106837 0.00914123 -0.0174538 0.00107528 -0.00259814 -0.0174538 0.0877273 
0.0111936 -0.0197191 -0.000946189 0.00104787 -0.0197191 0.0932195 0.00104025 -0.00252742 -0.000946189 0.00104025 0.00905679 -0.0173787 0.00104787 -0.00252742 -0.0173787 0.0875887 
0.0111859 -0.019752 -0.000979387 0.00106525 -0.019752 0.0932929 0.0010641 -0.00256068 -0.000979387 0.0010641 0.00906237 -0.017294 0.00106525 -0.00256068 -0.017294 0.0874295 
0.0112125 -0.0197366 -0.000962166 0.00110477 -0.0197366 0.0932861 0.00110491 -0.00263985 -0.000962166 0.00110491 0.00907375 -0.0173011 0.00110477 -0.00263985 -0.0173011 0.0873732 
0.0112443 -0.0197755 -0.000947439 0.00109529 -0.0197755 0.0933394 0.00109347 -0.00267499 -0.000947439 0.00109347 0.00909502 -0.017314 0.00109529 -0.00267499 -0.017314 0.0873854 
0.0112812 -0.0197952 -0.000908503 0.00102373 -0.0197952 0.0933663 0.00101905 -0.00250729 -0.000908503 0.00101905 0.00904015 -0.0173307 0.00102373 -0.00250729 -0.0173307 0.0873969 
0.0112976 -0.0198337 -0.000883059 0.000973163 -0.0198337 0.0934324 0.000969162 -0.0023519 -0.000883059 0.000969162 0.00897462 -0.0172686 0.000973163 -0.0023519 -0.0172686 0.0873138 
0.0112803 -0.0198459 -0.000886711 0.000947361 -0.0198459 0.0934743 0.000949877 -0.00226485 -0.000886711 0.000949877 0.0089547 -0.0171948 0.000947361 -0.00226485 -0.0171948 0.0871606 
0.0112421 -0.0198287 -0.000910768 0.000979874 -0.0198287 0.0934654 0.00098221 -0.00231843 -0.000910768 0.00098221 0.00897046 -0.0171657 0.000979874 -0.00231843 -0.0171657 0.0870436 
0.011189 -0.0197682 -0.000918071 0.000994503 -0.0197682 0.09334 0.000990984 -0.00235091 -0.000918071 0.000990984 0.00896015 -0.0171681 0.000994503 -0.00235091 -0.0171681 0.0869793 
0.0111751 -0.0197034 -0.000887285 0.000993274 -0.0197034 0.0931834 0.000989772 -0.00234949 -0.000887285 0.000989772 0.00893108 -0.0171504 0.000993274 -0.00234949 -0.0171504 0.0869321 
0.0111711 -0.0196825 -0.000853897 0.00100167 -0.0196825 0.093081 0.00100035 -0.00241535 -0.000853897 0.00100035 0.00893219 -0.0171234 0.00100167 -0.00241535 -0.0171234 0.0868871 
0.0111685 -0.0196985 -0.000825165 0.000950197 -0.0196985 0.0930988 0.000950846 -0.00234642 -0.000825165 0.000950846 0.00895989 -0.0171081 0.000950197 -0.00234642 -0.0171081 0.0868212 
0.0111522 -0.0196745 -0.000795875 0.000893812 -0.0196745 0.0930442 0.000894631 -0.00220026 -0.000795875 0.000894631 0.00896955 -0.0171498 0.000893812 -0.00220026 -0.0171498 0.0868667 
0.0111214 -0.0196449 -0.000800403 0.000870637 -0.0196449 0.0929662 0.000870675 -0.00211421 -0.000800403 0.000870675 0.0090013 -0.0171877 0.000870637 -0.00211421 -0.0171877 0.0869918 
0.0110944 -0.0196104 -0.000800452 0.00086215 -0.0196104 0.0928833 0.000861297 -0.00205561 -0.000800452 0.000861297 0.00898717 -0.0172122 0.00086215 -0.00205561 -0.0172122 0.0870569 
0.0111003 -0.0196077 -0.000810157 0.000877333 -0.0196077 0.0928886 0.000880706 -0.00208242 -0.000810157 0.000880706 0.00895195 -0.0171759 0.000877333 -0.00208242 -0.0171759 0.0870112 
0.0111091 -0.0196278 -0.000837433 0.000923261 -0.0196278 0.0929459 0.000931854 -0.00220914 -0.000837433 0.000931854 0.0089483 -0.0171349 0.000923261 -0.00220914 -0.0171349 0.0869297 
0.0110812 -0.0196168 -0.000861512 0.000937508 -0.0196168 0.0929277 0.000947177 -0.00226523 -0.000861512 0.000947177 0.0089715 -0.0171339 0.000937508 -0.00226523 -0.0171339 0.0868873 
0.0110356 -0.019577 -0.00088727 0.000974316 -0.019577 0.092848 0.000976959 -0.00234219 -0.00088727 0.000976959 0.00901394 -0.0171659 0.000974316 -0.00234219 -0.0171659 0.0869317 
0.0110236 -0.0195415 -0.000879285 0.000994233 -0.0195415 0.0927786 0.000989424 -0.00238431 -0.000879285 0.000989424 0.0090293 -0.0171922 0.000994233 -0.00238431 -0.0171922 0.0869645 
0.0110361 -0.0195248 -0.000861056 0.000987258 -0.0195248 0.0927193 0.000981574 -0.00238927 -0.000861056 0.000981574 0.00904443 -0.0172138 0.000987258 -0.00238927 -0.0172138 0.0870178 
0.0110093 -0.0195487 -0.000839779 0.000935553 -0.0195487 0.0927441 0.000927682 -0.00227031 -0.000839779 0.000927682 0.00906999 -0.0172162 0.000935553 -0.00227031 -0.0172162 0.0870166 
0.0110501 -0.0195237 -0.000788914 0.000886741 -0.0195237 0.0927364 0.000880287 -0.00211418 -0.000788914 0.000880287 0.00902184 -0.0172435 0.000886741 -0.00211418 -0.0172435 0.0870501 
0.0110962 -0.0195899 -0.000763867 0.000842168 -0.0195899 0.0928539 0.0008443 -0.00201496 -0.000763867 0.0008443 0.00899882 -0.0171862 0.000842168 -0.00201496 -0.0171862 0.0869858 
0.0110975 -0.0196292 -0.000781834 0.000858423 -0.0196292 0.0929523 0.000866375 -0.00206556 -0.000781834 0.000866375 0.00899059 -0.0171755 0.000858423 -0.00206556 -0.0171755 0.0869465 
0.0110694 -0.0196379 -0.000784695 0.000864516 -0.0196379 0.0930159 0.000870849 -0.00208064 -0.000784695 0.000870849 0.00900704 -0.0171615 0.000864516 -0.00208064 -0.0171615 0.0869111 
0.0110573 -0.019566 -0.00078857 0.000881672 -0.019566 0.0928735 0.000883494 -0.00212458 -0.00078857 0.000883494 0.00898688 -0.0172173 0.000881672 -0.00212458 -0.0172173 0.087032 
0.0110443 -0.0195352 -0.000789955 0.000855296 -0.0195352 0.0927356 0.0008577 -0.00206649 -0.000789955 0.0008577 0.00895859 -0.0171924 0.000855296 -0.00206649 -0.0171924 0.087053 
0.0110254 -0.0195059 -0.000804399 0.000863635 -0.0195059 0.0926202 0.000863689 -0.00205803 -0.000804399 0.000863689 0.00893886 -0.0171551 0.000863635 -0.00205803 -0.0171551 0.0869877 
0.0109985 -0.019486 -0.000835083 0.000899204 -0.019486 0.0925467 0.000895486 -0.00212847 -0.000835083 0.000895486 0.00894144 -0.0171189 0.000899204 -0.00212847 -0.0171189 0.0868878 
0.0109496 -0.0194541 -0.000880838 0.000953259 -0.0194541 0.0924698 0.00094962 -0.00226091 -0.000880838 0.00094962 0.00898904 -0.0171196 0.000953259 -0.00226091 -0.0171196 0.0868457 
0.0108957 -0.0194064 -0.000919259 0.00102786 -0.0194064 0.0923789 0.00102268 -0.00245097 -0.000919259 0.00102268 0.00905635 -0.017168 0.00102786 -0.00245097 -0.017168 0.0868963 
0.0108826 -0.0193899 -0.000939166 0.0010841 -0.0193899 0.0923823 0.00107639 -0.00261967 -0.000939166 0.00107639 0.00913723 -0.0172293 0.0010841 -0.00261967 -0.0172293 0.0870047 
0.0109187 -0.0193727 -0.000925044 0.00109006 -0.0193727 0.0923541 0.00108646 -0.00267604 -0.000925044 0.00108646 0.00917294 -0.0173408 0.00109006 -0.00267604 -0.0173408 0.0872393 
0.0109685 -0.0193861 -0.000892587 0.00104942 -0.0193861 0.0923222 0.00105126 -0.00261203 -0.000892587 0.00105126 0.00915036 -0.0174159 0.00104942 -0.00261203 -0.0174159 0.0874905 
0.0110239 -0.0194385 -0.000803904 0.000940645 -0.0194385 0.0923908 0.000943331 -0.00233428 -0.000803904 0.000943331 0.00906204 -0.0173741 0.000940645 -0.00233428 -0.0173741 0.0874918 
0.0110613 -0.0195393 -0.000812707 0.000882367 -0.0195393 0.0926325 0.00088813 -0.00218731 -0.000812707 0.00088813 0.00901887 -0.0172569 0.000882367 -0.00218731 -0.0172569 0.0872872 
0.0110046 -0.0195687 -0.000844096 0.000884175 -0.0195687 0.0927562 0.000889743 -0.00211977 -0.000844096 0.000889743 0.00905771 -0.0172087 0.000884175 -0.00211977 -0.0172087 0.0871178 
0.0109779 -0.0195006 -0.000837149 0.000907362 -0.0195006 0.0926893 0.000905868 -0.00211592 -0.000837149 0.000905868 0.00907389 -0.0172478 0.000907362 -0.00211592 -0.0172478 0.0871117 
0.0110005 -0.019479 -0.000837006 0.00094254 -0.019479 0.0926272 0.000933632 -0.00221679 -0.000837006 0.000933632 0.00907564 -0.0172712 0.00094254 -0.00221679 -0.0172712 0.0871731 
0.0110388 -0.0194853 -0.000811099 0.000936856 -0.0194853 0.0925859 0.000928369 -0.00224179 -0.000811099 0.000928369 0.00901706 -0.0172897 0.000936856 -0.00224179 -0.0172897 0.087242 
0.0110618 -0.0195517 -0.000803872 0.000901125 -0.0195517 0.092711 0.000898588 -0.00218993 -0.000803872 0.000898588 0.00900601 -0.0172149 0.000901125 -0.00218993 -0.0172149 0.0871542 
0.0110843 -0.0195774 -0.00082265 0.000902749 -0.0195774 0.092806 0.000903183 -0.00218443 -0.00082265 0.000903183 0.00898906 -0.0171976 0.000902749 -0.00218443 -0.0171976 0.0870685 
0.0111199 -0.0196108 -0.00081597 0.000895466 -0.0196108 0.0928965 0.000894416 -0.00213729 -0.00081597 0.000894416 0.0089465 -0.0171631 0.000895466 -0.00213729 -0.0171631 0.0869695 
0.0110963 -0.0196506 -0.00081971 0.000886709 -0.0196506 0.0929914 0.000887795 -0.00210764 -0.00081971 0.000887795 0.00897096 -0.0171174 0.000886709 -0.00210764 -0.0171174 0.0868671 
0.0110616 -0.0196075 -0.000863173 0.000914687 -0.0196075 0.0929451 0.00091424 -0.00216914 -0.000863173 0.00091424 0.00899673 -0.0171569 0.000914687 -0.00216914 -0.0171569 0.0868915 
0.0110654 -0.0195892 -0.000927515 0.00103076 -0.0195892 0.0929173 0.0010264 -0.00243979 -0.000927515 0.0010264 0.00906494 -0.0171979 0.00103076 -0.00243979 -0.0171979 0.0870049 
0.0110975 -0.0195819 -0.000942608 0.00109447 -0.0195819 0.0928743 0.00109108 -0.00263898 -0.000942608 0.00109108 0.00911263 -0.0173032 0.00109447 -0.00263898 -0.0173032 0.0872396 
0.0110963 -0.0196282 -0.000957976 0.00109333 -0.0196282 0.0929381 0.00109391 -0.0027005 -0.000957976 0.00109391 0.00916294 -0.0173584 0.00109333 -0.0027005 -0.0173584 0.0874202 
0.0110876 -0.0196169 -0.00093969 0.0010579 -0.0196169 0.0929441 0.00105922 -0.00259871 -0.00093969 0.00105922 0.00917341 -0.01742 0.0010579 -0.00259871 -0.01742 0.087579 
0.011075 -0.0195884 -0.000928311 0.00102263 -0.0195884 0.0928706 0.00102328 -0.00248781 -0.000928311 0.00102328 0.00915388 -0.0174412 0.00102263 -0.00248781 -0.0174412 0.0876847 
0.0110773 -0.0195725 -0.000921023 0.000996533 -0.0195725 0.0928109 0.00100202 -0.00239698 -0.000921023 0.00100202 0.00909029 -0.0174012 0.000996533 -0.00239698 -0.0174012 0.0876321 
0.0110662 -0.019593 -0.000945615 0.00101505 -0.019593 0.0928499 0.00102582 -0.00242472 -0.000945615 0.00102582 0.00908277 -0.0173189 0.00101505 -0.00242472 -0.0173189 0.0874717 
0.0110624 -0.0195835 -0.000956495 0.00105529 -0.0195835 0.0928659 0.00106484 -0.00250689 -0.000956495 0.00106484 0.00910951 -0.0173136 0.00105529 -0.00250689 -0.0173136 0.0873959 
0.0110574 -0.0195627 -0.000954903 0.00106838 -0.0195627 0.0928107 0.00107068 -0.00255609 -0.000954903 0.00107068 0.00915364 -0.0173589 0.00106838 -0.00255609 -0.0173589 0.08746 
0.0110157 -0.0195436 -0.000939074 0.00105878 -0.0195436 0.0927385 0.00105316 -0.00254019 -0.000939074 0.00105316 0.00923398 -0.0174233 0.00105878 -0.00254019 -0.0174233 0.0876045 
0.0110155 -0.0195312 -0.000980152 0.00107184 -0.0195312 0.0927417 0.00106182 -0.0025833 -0.000980152 0.00106182 0.00928067 -0.0175031 0.00107184 -0.0025833 -0.0175031 0.0877688 
0.0109826 -0.0195537 -0.000997732 0.00107974 -0.0195537 0.0928024 0.0010684 -0.00256271 -0.000997732 0.0010684 0.00931945 -0.0175299 0.00107974 -0.00256271 -0.0175299 0.0878425 
0.0109728 -0.0195522 -0.00102456 0.00112069 -0.0195522 0.0928837 0.00111044 -0.00264712 -0.00102456 0.00111044 0.00932926 -0.0175588 0.00112069 -0.00264712 -0.0175588 0.0878904 
0.0110069 -0.019518 -0.00100151 0.00113697 -0.019518 0.0928287 0.0011299 -0.00269885 -0.00100151 0.0011299 0.00926023 -0.0175755 0.00113697 -0.00269885 -0.0175755 0.0879358 
0.0110164 -0.019516 -0.000975514 0.00109079 -0.019516 0.0927478 0.00108996 -0.00263521 -0.000975514 0.00108996 0.00921374 -0.0175229 0.00109079 -0.00263521 -0.0175229 0.0879044 
0.0109805 -0.0195217 -0.000948262 0.00105808 -0.0195217 0.0927253 0.00106425 -0.00255644 -0.000948262 0.00106425 0.00922734 -0.0174596 0.00105808 -0.00255644 -0.0174596 0.0877674 
0.0109418 -0.0194635 -0.000910634 0.00101968 -0.0194635 0.0926043 0.00102869 -0.00246775 -0.000910634 0.00102869 0.00922907 -0.0174727 0.00101968 -0.00246775 -0.0174727 0.0877232 
0.0109265 -0.0194255 -0.000911802 0.0010111 -0.0194255 0.0924947 0.00102072 -0.00246392 -0.000911802 0.00102072 0.00921797 -0.0174713 0.0010111 -0.00246392 -0.0174713 0.0877194 
0.0108967 -0.0193927 -0.0009554 0.00103173 -0.0193927 0.0923784 0.00104287 -0.00251734 -0.0009554 0.00104287 0.00920494 -0.0174709 0.00103173 -0.00251734 -0.0174709 0.0877384 
0.0109017 -0.0193824 -0.000984568 0.00108557 -0.0193824 0.0923589 0.00109576 -0.00261935 -0.000984568 0.00109576 0.00920084 -0.0174404 0.00108557 -0.00261935 -0.0174404 0.0876858 
0.0108829 -0.0193599 -0.000995087 0.0011033 -0.0193599 0.0922806 0.00111229 -0.00267213 -0.000995087 0.00111229 0.00920966 -0.0174441 0.0011033 -0.00267213 -0.0174441 0.087671 
0.0108771 -0.0193649 -0.000953252 0.00107877 -0.0193649 0.0922925 0.0010857 -0.00260732 -0.000953252 0.0010857 0.00919626 -0.0174139 0.00107877 -0.00260732 -0.0174139 0.0875678 
0.0108792 -0.0193574 -0.000897287 0.00102249 -0.0193574 0.0922877 0.00102727 -0.00248218 -0.000897287 0.00102727 0.00918246 -0.0173884 0.00102249 -0.00248218 -0.0173884 0.0874718 
0.0108913 -0.019371 -0.000848751 0.000948431 -0.019371 0.0923189 0.000949548 -0.0022999 -0.000848751 0.000949548 0.00915106 -0.0173545 0.000948431 -0.0022999 -0.0173545 0.0873586 
