0.00643119 0 -0.00182803 0 0 0.01 0 0 -0.00182803 0 0.00781704 0 0 0 0 0.01 
0.0092206 -0.0114636 -0.0022464 0.00274872 -0.0114636 0.0311546 0.00274872 -0.00527054 -0.0022464 0.00274872 0.0109125 -0.0135353 0.00274872 -0.00527054 -0.0135353 0.0351274 
0.00937638 -0.0176751 -0.00193099 0.00317904 -0.0176751 0.0657165 0.00317904 -0.0100062 -0.00193099 0.00317904 0.0108196 -0.0200579 0.00317904 -0.0100062 -0.0200579 0.0732213 
0.00884867 -0.0177826 -0.00177771 0.00221942 -0.0177826 0.0806888 0.0022215 -0.00748921 -0.00177771 0.0022215 0.010243 -0.0194479 0.00221942 -0.00748921 -0.0194479 0.0863144 
0.00881279 -0.017213 -0.00190746 0.00202719 -0.017213 0.0850451 0.00202242 -0.00540333 -0.00190746 0.00202242 0.0102517 -0.0188194 0.00202719 -0.00540333 -0.0188194 0.0892197 
0.00891073 -0.0170776 -0.00201521 0.00223881 -0.0170776 0.0862286 0.00223154 -0.0052445 -0.00201521 0.00223154 0.0104499 -0.0187899 0.00223881 -0.0052445 -0.0187899 0.0902853 
0.00897543 -0.0170726 -0.00206074 0.00238061 -0.0170726 0.0865483 0.00237692 -0.005638 -0.00206074 0.00237692 0.0106011 -0.0189492 0.00238061 -0.005638 -0.0189492 0.0909961 
0.00897764 -0.017083 -0.00203139 0.00242219 -0.017083 0.086589 0.00242351 -0.00589153 -0.00203139 0.00242351 0.010714 -0.0190509 0.00242219 -0.00589153 -0.0190509 0.0913867 
0.00898347 -0.0170593 -0.00198426 0.00238258 -0.0170593 0.0865149 0.00237919 -0.00591178 -0.00198426 0.00237919 0.0107572 -0.019156 0.00238258 -0.00591178 -0.019156 0.0916439 
0.00898747 -0.0170963 -0.00192867 0.00228632 -0.0170963 0.0865573 0.00228036 -0.0056967 -0.00192867 0.00228036 0.0107507 -0.0191579 0.00228632 -0.0056967 -0.0191579 0.0916664 
0.00902683 -0.0171487 -0.00188519 0.00220812 -0.0171487 0.0867206 0.00220364 -0.00546339 -0.00188519 0.00220364 0.0106945 -0.0190964 0.00220812 -0.00546339 -0.0190964 0.0914887 
0.00904847 -0.0171499 -0.0018661 0.00219127 -0.0171499 0.0867458 0.00219248 -0.00539268 -0.0018661 0.00219248 0.0106913 -0.0191005 0.00219127 -0.00539268 -0.0191005 0.0915085 
0.00907171 -0.0171658 -0.00185169 0.00217418 -0.0171658 0.0867703 0.0021806 -0.00535942 -0.00185169 0.0021806 0.010682 -0.0191175 0.00217418 -0.00535942 -0.0191175 0.0915644 
0.00909933 -0.0172174 -0.00182184 0.00216153 -0.0172174 0.0868881 0.00217158 -0.00533693 -0.00182184 0.00217158 0.010672 -0.0190966 0.00216153 -0.00533693 -0.0190966 0.0915524 
0.00911589 -0.0172752 -0.00177334 0.0020868 -0.0172752 0.0870497 0.00209619 -0.00516734 -0.00177334 0.00209619 0.0106368 -0.019046 0.0020868 -0.00516734 -0.019046 0.0914145 
0.00910854 -0.0172646 -0.0017638 0.00203364 -0.0172646 0.0870661 0.00203767 -0.00501099 -0.0017638 0.00203767 0.0106292 -0.0190458 0.00203364 -0.00501099 -0.0190458 0.091421 
0.00905391 -0.0172567 -0.00172558 0.00203513 -0.0172567 0.0870559 0.00203691 -0.00496082 -0.00172558 0.00203691 0.0106684 -0.0190386 0.00203513 -0.00496082 -0.0190386 0.091422 
0.00903739 -0.0171876 -0.00169231 0.00200434 -0.0171876 0.0869448 0.00200287 -0.0049181 -0.00169231 0.00200287 0.0106803 -0.0190888 0.00200434 -0.0049181 -0.0190888 0.091505 
0.00899907 -0.0171432 -0.00169184 0.0019629 -0.0171432 0.0867918 0.00195964 -0.00482857 -0.00169184 0.00195964 0.0107215 -0.0191282 0.0019629 -0.00482857 -0.0191282 0.0916412 
0.00898935 -0.0171443 -0.00171338 0.00199915 -0.0171443 0.086798 0.00199673 -0.00489062 -0.00171338 0.00199673 0.0107396 -0.0191385 0.00199915 -0.00489062 -0.0191385 0.091667 
0.00897459 -0.01712 -0.00173019 0.0020045 -0.01712 0.0867482 0.00200208 -0.0049091 -0.00173019 0.00200208 0.0107423 -0.0191689 0.0020045 -0.0049091 -0.0191689 0.0917294 
0.00899914 -0.017109 -0.00172178 0.0020333 -0.017109 0.0867196 0.00203482 -0.00497701 -0.00172178 0.00203482 0.0107144 -0.0191661 0.0020333 -0.00497701 -0.0191661 0.0917477 
0.00904568 -0.017127 -0.00169595 0.0020137 -0.017127 0.08672 0.00202263 -0.00497761 -0.00169595 0.00202263 0.010661 -0.0191361 0.0020137 -0.00497761 -0.0191361 0.0917067 
0.00905999 -0.0171876 -0.00167268 0.00196319 -0.0171876 0.0868148 0.00197611 -0.00487418 -0.00167268 0.00197611 0.0106371 -0.0190516 0.00196319 -0.00487418 -0.0190516 0.0915291 
0.00907717 -0.0172124 -0.00168691 0.00195214 -0.0172124 0.0869113 0.00195773 -0.00482312 -0.00168691 0.00195773 0.0106318 -0.0190162 0.00195214 -0.00482312 -0.0190162 0.0913862 
0.00907148 -0.0172324 -0.00169214 0.00195795 -0.0172324 0.0869664 0.00195287 -0.00478655 -0.00169214 0.00195287 0.0106307 -0.0190026 0.00195795 -0.00478655 -0.0190026 0.0913038 
0.00908417 -0.0171936 -0.00165052 0.00195557 -0.0171936 0.0868926 0.00194565 -0.00475614 -0.00165052 0.00194565 0.0106073 -0.0190384 0.00195557 -0.00475614 -0.0190384 0.0913776 
0.00915107 -0.0172362 -0.00161672 0.00193658 -0.0172362 0.0869572 0.00192996 -0.00475804 -0.00161672 0.00192996 0.0105366 -0.0189923 0.00193658 -0.00475804 -0.0189923 0.0913257 
0.00919314 -0.0173394 -0.00158468 0.00187765 -0.0173394 0.0871701 0.00188159 -0.00465198 -0.00158468 0.00188159 0.010472 -0.0188734 0.00187765 -0.00465198 -0.0188734 0.0910738 
0.0091908 -0.0173423 -0.00160219 0.00183038 -0.0173423 0.0872234 0.0018397 -0.00452944 -0.00160219 0.0018397 0.0104634 -0.0188472 0.00183038 -0.00452944 -0.0188472 0.0909843 
0.00917338 -0.0173359 -0.00163016 0.0018463 -0.0173359 0.0872205 0.00185435 -0.00449731 -0.00163016 0.00185435 0.0104681 -0.0188302 0.0018463 -0.00449731 -0.0188302 0.0909179 
0.00917027 -0.0173338 -0.00165256 0.00190922 -0.0173338 0.0872349 0.0019112 -0.00462021 -0.00165256 0.0019112 0.0104595 -0.0188159 0.00190922 -0.00462021 -0.0188159 0.090851 
0.00916645 -0.0172799 -0.00163477 0.00192333 -0.0172799 0.0870957 0.00192029 -0.0046792 -0.00163477 0.00192029 0.0104654 -0.0188479 0.00192333 -0.0046792 -0.0188479 0.090926 
0.00919148 -0.0173029 -0.00160587 0.00192742 -0.0173029 0.0871001 0.00192227 -0.00473298 -0.00160587 0.00192227 0.0104491 -0.0188288 0.00192742 -0.00473298 -0.0188288 0.0909041 
0.00922165 -0.0173364 -0.00156538 0.00187983 -0.0173364 0.0871652 0.00187287 -0.00465862 -0.00156538 0.00187287 0.0104249 -0.0188028 0.00187983 -0.00465862 -0.0188028 0.0908379 
0.00925616 -0.0174009 -0.00151847 0.00182836 -0.0174009 0.0873292 0.00182239 -0.00454242 -0.00151847 0.00182239 0.0103944 -0.0187451 0.00182836 -0.00454242 -0.0187451 0.0906828 
0.00923303 -0.0174211 -0.00148919 0.00176799 -0.0174211 0.087411 0.00176452 -0.00440041 -0.00148919 0.00176452 0.010427 -0.0187381 0.00176799 -0.00440041 -0.0187381 0.0906413 
0.00919311 -0.0173844 -0.00148482 0.00174357 -0.0173844 0.0873743 0.00173868 -0.0043123 -0.00148482 0.00173868 0.0104771 -0.0188021 0.00174357 -0.0043123 -0.0188021 0.0907657 
0.00917287 -0.0173481 -0.00146406 0.00172374 -0.0173481 0.0873078 0.00171588 -0.00423052 -0.00146406 0.00171588 0.0104819 -0.0188477 0.00172374 -0.00423052 -0.0188477 0.0908744 
0.00919374 -0.0173195 -0.00147192 0.00169858 -0.0173195 0.0872334 0.00169273 -0.0041669 -0.00147192 0.00169273 0.0104449 -0.018856 0.00169858 -0.0041669 -0.018856 0.0909354 
0.00919135 -0.0173552 -0.00149241 0.00171148 -0.0173552 0.0872704 0.00171639 -0.00417987 -0.00149241 0.00171639 0.0104219 -0.0187939 0.00171148 -0.00417987 -0.0187939 0.0908372 
0.0091752 -0.0173786 -0.00150141 0.00173371 -0.0173786 0.0873559 0.00174818 -0.00423557 -0.00150141 0.00174818 0.0103972 -0.0187216 0.00173371 -0.00423557 -0.0187216 0.0906207 
0.00916936 -0.0173129 -0.00152978 0.00175731 -0.0173129 0.0872357 0.00177011 -0.00431369 -0.00152978 0.00177011 0.0103955 -0.0187308 0.00175731 -0.00431369 -0.0187308 0.0905984 
0.00918559 -0.0172611 -0.00152819 0.00179828 -0.0172611 0.0870416 0.00180789 -0.00441061 -0.00152819 0.00180789 0.0104077 -0.0187677 0.00179828 -0.00441061 -0.0187677 0.0907004 
0.009183 -0.017295 -0.00153581 0.0018112 -0.017295 0.0870319 0.00181997 -0.00448902 -0.00153581 0.00181997 0.0104325 -0.0187753 0.0018112 -0.00448902 -0.0187753 0.0907487 
0.00918867 -0.017357 -0.00157099 0.00184034 -0.017357 0.0872142 0.00184371 -0.00457259 -0.00157099 0.00184371 0.0104433 -0.0187553 0.00184034 -0.00457259 -0.0187553 0.0906801 
0.00911947 -0.0173509 -0.00159588 0.00186406 -0.0173509 0.087262 0.00186436 -0.00461367 -0.00159588 0.00186436 0.0105227 -0.0187889 0.00186406 -0.00461367 -0.0187889 0.0907326 
0.00911045 -0.0172337 -0.00157955 0.00188087 -0.0172337 0.0870538 0.00187008 -0.00462548 -0.00157955 0.00187008 0.0105543 -0.0189247 0.00188087 -0.00462548 -0.0189247 0.0910157 
0.0090897 -0.0171799 -0.00155659 0.00183068 -0.0171799 0.0868149 0.0018128 -0.00450925 -0.00155659 0.0018128 0.0105883 -0.0190029 0.00183068 -0.00450925 -0.0190029 0.0913107 
0.00909443 -0.0172048 -0.00156841 0.00181057 -0.0172048 0.0868289 0.00179077 -0.00442767 -0.00156841 0.00179077 0.0105653 -0.0189969 0.00181057 -0.00442767 -0.0189969 0.0913516 
0.00909985 -0.0172536 -0.00158734 0.00184216 -0.0172536 0.0869754 0.00182935 -0.00447232 -0.00158734 0.00182935 0.0105433 -0.0189293 0.00184216 -0.00447232 -0.0189293 0.0912064 
0.00914506 -0.0172671 -0.00156136 0.00186081 -0.0172671 0.0870631 0.00185383 -0.00453021 -0.00156136 0.00185383 0.0104819 -0.0188812 0.00186081 -0.00453021 -0.0188812 0.0910352 
0.00916607 -0.0172977 -0.00152178 0.001821 -0.0172977 0.08711 0.00181822 -0.00449399 -0.00152178 0.00181822 0.010454 -0.0188198 0.001821 -0.00449399 -0.0188198 0.0908863 
0.00912993 -0.0173127 -0.00152952 0.00178825 -0.0173127 0.0871527 0.00178932 -0.00444353 -0.00152952 0.00178932 0.010501 -0.0188009 0.00178825 -0.00444353 -0.0188009 0.090808 
0.00910857 -0.0172079 -0.00151046 0.00177766 -0.0172079 0.0869386 0.00177976 -0.00438213 -0.00151046 0.00177976 0.0105381 -0.0189252 0.00177766 -0.00438213 -0.0189252 0.0910505 
0.00913051 -0.0172104 -0.00149727 0.00173803 -0.0172104 0.0868647 0.00174255 -0.00428619 -0.00149727 0.00174255 0.0105014 -0.0189362 0.00173803 -0.00428619 -0.0189362 0.0911424 
0.00914372 -0.0172707 -0.00150139 0.00173613 -0.0172707 0.0869835 0.00174454 -0.00426367 -0.00150139 0.00174454 0.0104848 -0.01886 0.00173613 -0.00426367 -0.01886 0.0910172 
0.00914534 -0.0172934 -0.00149115 0.00176256 -0.0172934 0.0870837 0.00177211 -0.00432663 -0.00149115 0.00177211 0.0104828 -0.0188377 0.00176256 -0.00432663 -0.0188377 0.0909238 
0.00911328 -0.0172663 -0.00149208 0.00174075 -0.0172663 0.0870467 0.00174896 -0.00431115 -0.00149208 0.00174896 0.010519 -0.0188652 0.00174075 -0.00431115 -0.0188652 0.0909649 
0.00910967 -0.0172674 -0.00145396 0.00174324 -0.0172674 0.0870694 0.00174789 -0.00429821 -0.00145396 0.00174789 0.0105105 -0.0188615 0.00174324 -0.00429821 -0.0188615 0.090924 
0.00910292 -0.0172618 -0.00143881 0.00169427 -0.0172618 0.0870655 0.00169161 -0.00420843 -0.00143881 0.00169161 0.0104997 -0.0188463 0.00169427 -0.00420843 -0.0188463 0.0908792 
0.00906291 -0.0172405 -0.00147325 0.00168562 -0.0172405 0.0870191 0.00167974 -0.00415843 -0.00147325 0.00167974 0.0105252 -0.0188477 0.00168562 -0.00415843 -0.0188477 0.0908801 
0.00906588 -0.0171602 -0.00148699 0.00172426 -0.0171602 0.0868372 0.00172086 -0.00420245 -0.00148699 0.00172086 0.0105156 -0.0189088 0.00172426 -0.00420245 -0.0189088 0.0910148 
0.00905328 -0.0171331 -0.00151944 0.00174152 -0.0171331 0.0866733 0.00174623 -0.00426929 -0.00151944 0.00174623 0.0105293 -0.0189275 0.00174152 -0.00426929 -0.0189275 0.0911481 
0.00901654 -0.0171149 -0.0015227 0.00180923 -0.0171149 0.0865935 0.0018172 -0.00443471 -0.0015227 0.0018172 0.0106017 -0.0189612 0.00180923 -0.00443471 -0.0189612 0.0912715 
0.0090157 -0.017097 -0.00151528 0.00182381 -0.017097 0.0865678 0.00182223 -0.00453047 -0.00151528 0.00182223 0.0106301 -0.0190293 0.00182381 -0.00453047 -0.0190293 0.0913994 
0.009042 -0.0171316 -0.00148074 0.00176894 -0.0171316 0.0866402 0.00176286 -0.00441025 -0.00148074 0.00176286 0.0105738 -0.0190147 0.00176894 -0.00441025 -0.0190147 0.0913711 
0.00907533 -0.0171737 -0.0014768 0.00172887 -0.0171737 0.0867623 0.00172806 -0.00430243 -0.0014768 0.00172806 0.0105224 -0.0189372 0.00172887 -0.00430243 -0.0189372 0.0912209 
0.00910379 -0.0172358 -0.00148905 0.00173504 -0.0172358 0.086928 0.00174487 -0.0042933 -0.00148905 0.00174487 0.0104729 -0.0188385 0.00173504 -0.0042933 -0.0188385 0.0909542 
0.0090907 -0.0172513 -0.00147742 0.00174487 -0.0172513 0.086995 0.00175857 -0.00431222 -0.00147742 0.00175857 0.0104789 -0.0187863 0.00174487 -0.00431222 -0.0187863 0.0907667 
0.00907648 -0.017197 -0.00145448 0.00174196 -0.017197 0.0868912 0.00174889 -0.00432466 -0.00145448 0.00174889 0.0105156 -0.0188325 0.00174196 -0.00432466 -0.0188325 0.0908144 
0.00907082 -0.0171596 -0.00139956 0.00170119 -0.0171596 0.0867538 0.00169894 -0.00423806 -0.00139956 0.00169894 0.0105364 -0.0188965 0.00170119 -0.00423806 -0.0188965 0.0909648 
0.00907779 -0.0171586 -0.00139032 0.00162425 -0.0171586 0.0867071 0.00161672 -0.0040625 -0.00139032 0.00161672 0.0105305 -0.0189228 0.00162425 -0.0040625 -0.0189228 0.0910689 
0.00908228 -0.0172118 -0.0014147 0.00162481 -0.0172118 0.0868281 0.00162255 -0.00400337 -0.0014147 0.00162255 0.0105188 -0.0188768 0.00162481 -0.00400337 -0.0188768 0.090995 
0.00910507 -0.017219 -0.00141136 0.00166205 -0.017219 0.086898 0.00166295 -0.00406121 -0.00141136 0.00166295 0.010486 -0.018864 0.00166205 -0.00406121 -0.018864 0.0909444 
0.00912078 -0.0172308 -0.0014376 0.00165154 -0.0172308 0.0869193 0.00165163 -0.00406864 -0.0014376 0.00165163 0.0104725 -0.0188354 0.00165154 -0.00406864 -0.0188354 0.0908955 
0.00911819 -0.0172393 -0.00145098 0.0016943 -0.0172393 0.0869314 0.00169394 -0.00414351 -0.00145098 0.00169394 0.0104789 -0.0188359 0.0016943 -0.00414351 -0.0188359 0.0908972 
0.00911756 -0.0172591 -0.00142818 0.00170705 -0.0172591 0.0869938 0.00170789 -0.00419824 -0.00142818 0.00170789 0.0104694 -0.0188169 0.00170705 -0.00419824 -0.0188169 0.0908353 
0.00911508 -0.0172423 -0.00141614 0.00169784 -0.0172423 0.0869802 0.00170003 -0.00422754 -0.00141614 0.00170003 0.0104779 -0.0188338 0.00169784 -0.00422754 -0.0188338 0.0908791 
0.009094 -0.0172238 -0.00141653 0.00167289 -0.0172238 0.0869244 0.00167397 -0.00417933 -0.00141653 0.00167397 0.0105002 -0.0188614 0.00167289 -0.00417933 -0.0188614 0.0909597 
0.00902689 -0.0171778 -0.0014308 0.00166016 -0.0171778 0.08681 0.00165969 -0.00411877 -0.0014308 0.00165969 0.0105676 -0.0189086 0.00166016 -0.00411877 -0.0189086 0.0910902 
0.00901109 -0.0171312 -0.00144882 0.00168738 -0.0171312 0.0867276 0.00168554 -0.00414772 -0.00144882 0.00168554 0.0105851 -0.0189495 0.00168738 -0.00414772 -0.0189495 0.0911572 
0.00902537 -0.0171352 -0.0014963 0.00172519 -0.0171352 0.0867194 0.00172458 -0.00424561 -0.0014963 0.00172458 0.0105903 -0.0189435 0.00172519 -0.00424561 -0.0189435 0.0911478 
0.00906999 -0.0171556 -0.00151666 0.00178828 -0.0171556 0.0867556 0.001791 -0.00439527 -0.00151666 0.001791 0.0105673 -0.0189508 0.00178828 -0.00439527 -0.0189508 0.0911502 
0.00909556 -0.0172194 -0.00149254 0.00179358 -0.0172194 0.0868784 0.00179955 -0.00445044 -0.00149254 0.00179955 0.010528 -0.018915 0.00179358 -0.00445044 -0.018915 0.0910831 
0.0090785 -0.017218 -0.00145496 0.00173478 -0.017218 0.0868982 0.00174033 -0.00433684 -0.00145496 0.00174033 0.0105255 -0.0188995 0.00173478 -0.00433684 -0.0188995 0.091065 
0.00906737 -0.0171727 -0.00145915 0.00168805 -0.0171727 0.0868085 0.00168807 -0.00420042 -0.00145915 0.00168807 0.0105397 -0.0189196 0.00168805 -0.00420042 -0.0189196 0.0911121 
0.00904985 -0.0171249 -0.00147699 0.00169871 -0.0171249 0.086651 0.00169811 -0.00416604 -0.00147699 0.00169811 0.0105791 -0.0189764 0.00169871 -0.00416604 -0.0189764 0.0912725 
0.00900542 -0.0171626 -0.00148721 0.00172493 -0.0171626 0.0867105 0.00172804 -0.0042124 -0.00148721 0.00172804 0.0106342 -0.0189605 0.00172493 -0.0042124 -0.0189605 0.0912356 
0.00899112 -0.0171036 -0.00144922 0.00173769 -0.0171036 0.0866474 0.00173571 -0.00424889 -0.00144922 0.00173571 0.010653 -0.0190415 0.00173769 -0.00424889 -0.0190415 0.0913599 
0.0089768 -0.017099 -0.0014297 0.00170287 -0.017099 0.08662 0.0016965 -0.00421638 -0.0014297 0.0016965 0.0106735 -0.0190567 0.00170287 -0.00421638 -0.0190567 0.0914408 
0.00896334 -0.0170782 -0.00143204 0.001687 -0.0170782 0.0865845 0.00167897 -0.00417454 -0.00143204 0.00167897 0.0106918 -0.0190971 0.001687 -0.00417454 -0.0190971 0.0915464 
0.00899107 -0.0170713 -0.00145772 0.00169499 -0.0170713 0.0865746 0.00169175 -0.00418354 -0.00145772 0.00169175 0.0106854 -0.0191182 0.00169499 -0.00418354 -0.0191182 0.0916213 
0.00903923 -0.0171544 -0.00146543 0.00169519 -0.0171544 0.086746 0.0017022 -0.00416763 -0.00146543 0.0017022 0.0106112 -0.0190337 0.00169519 -0.00416763 -0.0190337 0.0914197 
0.00905919 -0.0171815 -0.00145711 0.0017128 -0.0171815 0.0868352 0.00172563 -0.00420993 -0.00145711 0.00172563 0.010594 -0.0189857 0.0017128 -0.00420993 -0.0189857 0.0913112 
0.00904716 -0.0171677 -0.00146624 0.0017043 -0.0171677 0.0868036 0.00171571 -0.00421671 -0.00146624 0.00171571 0.0106168 -0.0190075 0.0017043 -0.00421671 -0.0190075 0.0913502 
0.00901505 -0.0171858 -0.00149539 0.00172361 -0.0171858 0.0868517 0.00172989 -0.00424614 -0.00149539 0.00172989 0.0106581 -0.0190025 0.00172361 -0.00424614 -0.0190025 0.0913248 
0.00898836 -0.0171431 -0.00153681 0.00175849 -0.0171431 0.0868033 0.00175726 -0.00430152 -0.00153681 0.00175726 0.0106932 -0.0190618 0.00175849 -0.00430152 -0.0190618 0.0914195 
0.0090122 -0.0171261 -0.00154718 0.00180686 -0.0171261 0.0867617 0.00180096 -0.00439278 -0.00154718 0.00180096 0.0106741 -0.0190859 0.00180686 -0.00439278 -0.0190859 0.0914815 
0.00902941 -0.0171399 -0.00155548 0.00181909 -0.0171399 0.0867487 0.00181396 -0.00445383 -0.00155548 0.00181396 0.0106582 -0.0190806 0.00181909 -0.00445383 -0.0190806 0.0915201 
0.00905092 -0.0171806 -0.00158216 0.00184804 -0.0171806 0.0868434 0.00184601 -0.00454394 -0.00158216 0.00184601 0.0106376 -0.0190495 0.00184804 -0.00454394 -0.0190495 0.0914672 
0.00902676 -0.0172106 -0.00162147 0.00187557 -0.0172106 0.0869364 0.00187936 -0.00462289 -0.00162147 0.00187936 0.0106632 -0.0190216 0.00187557 -0.00462289 -0.0190216 0.0913949 
0.00898305 -0.0171532 -0.00164823 0.00189628 -0.0171532 0.0868456 0.00190143 -0.00465379 -0.00164823 0.00190143 0.0107037 -0.0190737 0.00189628 -0.00465379 -0.0190737 0.0914687 
0.00896258 -0.0171075 -0.00165231 0.00194365 -0.0171075 0.0867276 0.00194381 -0.00475158 -0.00165231 0.00194381 0.0107306 -0.0191124 0.00194365 -0.00475158 -0.0191124 0.0915621 
0.00893614 -0.0170416 -0.00163329 0.00194567 -0.0170416 0.0865348 0.00193658 -0.00478289 -0.00163329 0.00193658 0.0107815 -0.0191977 0.00194567 -0.00478289 -0.0191977 0.0917946 
0.00893005 -0.017006 -0.0015997 0.00191292 -0.017006 0.0863997 0.00189834 -0.00471755 -0.0015997 0.00189834 0.0108126 -0.0192684 0.00191292 -0.00471755 -0.0192684 0.0920068 
0.00888954 -0.0170564 -0.0015516 0.00185834 -0.0170564 0.0864926 0.00184622 -0.00458721 -0.0015516 0.00184622 0.0108321 -0.0192407 0.00185834 -0.00458721 -0.0192407 0.0919604 
0.00886211 -0.0170156 -0.00156507 0.00181288 -0.0170156 0.0864989 0.00180268 -0.00448033 -0.00156507 0.00180268 0.0108574 -0.0192658 0.00181288 -0.00448033 -0.0192658 0.0919734 
0.0088734 -0.0169935 -0.00162326 0.00184588 -0.0169935 0.0864665 0.00184162 -0.00451505 -0.00162326 0.00184162 0.0108503 -0.0192813 0.00184588 -0.00451505 -0.0192813 0.0919931 
0.00888421 -0.0169669 -0.00162368 0.0018998 -0.0169669 0.0863602 0.00190429 -0.00461579 -0.00162368 0.00190429 0.0108628 -0.0193145 0.0018998 -0.00461579 -0.0193145 0.0921028 
0.00894458 -0.0170079 -0.00162035 0.00190173 -0.0170079 0.0864159 0.00190849 -0.00467665 -0.00162035 0.00190849 0.0108042 -0.0192989 0.00190173 -0.00467665 -0.0192989 0.0920793 
0.00896266 -0.0170951 -0.00161512 0.00190522 -0.0170951 0.0865989 0.00191423 -0.0047074 -0.00161512 0.00191423 0.0107997 -0.0192226 0.00190522 -0.0047074 -0.0192226 0.0919471 
0.00894512 -0.0171106 -0.00161785 0.00190868 -0.0171106 0.0867023 0.00191473 -0.00472854 -0.00161785 0.00191473 0.0108378 -0.0192364 0.00190868 -0.00472854 -0.0192364 0.0919294 
0.00893619 -0.0170972 -0.00160914 0.00188418 -0.0170972 0.0867191 0.00188327 -0.00465355 -0.00160914 0.00188327 0.0108356 -0.0192695 0.00188418 -0.00465355 -0.0192695 0.0919632 
0.00894928 -0.0170692 -0.00160347 0.00187148 -0.0170692 0.0866527 0.00187057 -0.00459838 -0.00160347 0.00187057 0.0107937 -0.0192889 0.00187148 -0.00459838 -0.0192889 0.0920471 
0.00895462 -0.017069 -0.00159893 0.00187212 -0.017069 0.0866142 0.00187869 -0.00459972 -0.00159893 0.00187869 0.010786 -0.0192567 0.00187212 -0.00459972 -0.0192567 0.0920517 
0.0089653 -0.0170859 -0.00161695 0.00186938 -0.0170859 0.0866359 0.00188211 -0.00461032 -0.00161695 0.00188211 0.0107708 -0.0192237 0.00186938 -0.00461032 -0.0192237 0.0919599 
0.00899273 -0.0171288 -0.00162698 0.00186994 -0.0171288 0.08674 0.0018852 -0.00459393 -0.00162698 0.0018852 0.0107091 -0.0191507 0.00186994 -0.00459393 -0.0191507 0.0917368 
0.00900531 -0.0171582 -0.00162264 0.00190509 -0.0171582 0.086823 0.00191807 -0.00466806 -0.00162264 0.00191807 0.01069 -0.0190772 0.00190509 -0.00466806 -0.0190772 0.0915397 
0.00901366 -0.0171666 -0.00161993 0.00191811 -0.0171666 0.0868643 0.00192496 -0.00473653 -0.00161993 0.00192496 0.0106914 -0.0190576 0.00191811 -0.00473653 -0.0190576 0.0914298 
0.00898083 -0.0171775 -0.00164042 0.00190796 -0.0171775 0.0868903 0.00190971 -0.00472904 -0.00164042 0.00190971 0.0107247 -0.0190555 0.00190796 -0.00472904 -0.0190555 0.0913826 
0.00893293 -0.0171321 -0.00167134 0.00194872 -0.0171321 0.086826 0.0019425 -0.0047921 -0.00167134 0.0019425 0.0107917 -0.0191146 0.00194872 -0.0047921 -0.0191146 0.0914885 
0.00891413 -0.0170476 -0.00165239 0.00195081 -0.0170476 0.0866214 0.00193426 -0.004771 -0.00165239 0.00193426 0.0107939 -0.0192178 0.00195081 -0.004771 -0.0192178 0.0917237 
0.00892028 -0.0170121 -0.0016406 0.00193444 -0.0170121 0.0864729 0.00191559 -0.00474225 -0.0016406 0.00191559 0.0107814 -0.0192447 0.00193444 -0.00474225 -0.0192447 0.0919024 
0.00894241 -0.0170068 -0.00163895 0.00192961 -0.0170068 0.0864051 0.0019171 -0.00473761 -0.00163895 0.0019171 0.0107748 -0.0192476 0.00192961 -0.00473761 -0.0192476 0.0919897 
0.00898432 -0.0170325 -0.001657 0.00192543 -0.0170325 0.0864243 0.00192343 -0.00474032 -0.001657 0.00192343 0.0107633 -0.0192454 0.00192543 -0.00474032 -0.0192454 0.0920176 
0.00896811 -0.017083 -0.0016732 0.00193053 -0.017083 0.0865089 0.0019418 -0.00474663 -0.0016732 0.0019418 0.0107873 -0.0192348 0.00193053 -0.00474663 -0.0192348 0.092016 
0.00894509 -0.0170948 -0.00164215 0.00194981 -0.0170948 0.0866119 0.00196095 -0.00478239 -0.00164215 0.00196095 0.0108202 -0.0192388 0.00194981 -0.00478239 -0.0192388 0.0919867 
0.00891187 -0.0170899 -0.00159165 0.00191608 -0.0170899 0.0866612 0.00191844 -0.00473942 -0.00159165 0.00191844 0.0108454 -0.0192516 0.00191608 -0.00473942 -0.0192516 0.0919657 
0.00891208 -0.017052 -0.0015568 0.00185971 -0.017052 0.0866244 0.00185576 -0.00462143 -0.0015568 0.00185576 0.0108461 -0.0192808 0.00185971 -0.00462143 -0.0192808 0.0920041 
0.00892181 -0.0170335 -0.00154466 0.00179073 -0.0170335 0.0865502 0.00178685 -0.00442914 -0.00154466 0.00178685 0.0108286 -0.0192931 0.00179073 -0.00442914 -0.0192931 0.0920468 
0.00891821 -0.0170552 -0.00157911 0.00181477 -0.0170552 0.0865772 0.00181815 -0.00444741 -0.00157911 0.00181815 0.0108536 -0.0192755 0.00181477 -0.00444741 -0.0192755 0.092044 
0.00889918 -0.0170397 -0.00161588 0.00185314 -0.0170397 0.0865527 0.00186144 -0.00452788 -0.00161588 0.00186144 0.0108978 -0.0193151 0.00185314 -0.00452788 -0.0193151 0.0921086 
0.00885731 -0.0170361 -0.00161462 0.00188585 -0.0170361 0.0865569 0.00189365 -0.00460482 -0.00161462 0.00189365 0.0109712 -0.0193521 0.00188585 -0.00460482 -0.0193521 0.0921726 
0.0088144 -0.0169843 -0.00160826 0.00187805 -0.0169843 0.0864658 0.00187766 -0.00460551 -0.00160826 0.00187766 0.0110201 -0.0194376 0.00187805 -0.00460551 -0.0194376 0.0923328 
0.00878175 -0.0169632 -0.00161648 0.00189308 -0.0169632 0.0864256 0.00188368 -0.00463625 -0.00161648 0.00188368 0.0110294 -0.0194697 0.00189308 -0.00463625 -0.0194697 0.0924263 
0.00877622 -0.0169155 -0.00159909 0.00189692 -0.0169155 0.0863299 0.00188584 -0.00464434 -0.00159909 0.00188584 0.0110137 -0.0194926 0.00189692 -0.00464434 -0.0194926 0.0925105 
0.00882193 -0.0169217 -0.00158319 0.00188668 -0.0169217 0.0863194 0.00188022 -0.00465193 -0.00158319 0.00188022 0.0109796 -0.019457 0.00188668 -0.00465193 -0.019457 0.0924642 
0.00881293 -0.0169434 -0.00160002 0.00185004 -0.0169434 0.0863108 0.00184912 -0.00457936 -0.00160002 0.00184912 0.011002 -0.0194506 0.00185004 -0.00457936 -0.0194506 0.0924677 
0.00878481 -0.0169443 -0.00160967 0.00186982 -0.0169443 0.0863368 0.00187064 -0.00457831 -0.00160967 0.00187064 0.0110335 -0.0194766 0.00186982 -0.00457831 -0.0194766 0.0925044 
0.00877136 -0.0169144 -0.00160465 0.00189483 -0.0169144 0.0863034 0.00189614 -0.00464218 -0.00160465 0.00189614 0.0110592 -0.0195184 0.00189483 -0.00464218 -0.0195184 0.0925997 
0.00879439 -0.0168607 -0.00159519 0.00188682 -0.0168607 0.0861614 0.00189002 -0.00465694 -0.00159519 0.00189002 0.0110834 -0.0196018 0.00188682 -0.00465694 -0.0196018 0.0928378 
0.0088118 -0.016902 -0.00156978 0.00184991 -0.016902 0.0861777 0.00185744 -0.00457836 -0.00156978 0.00185744 0.0110936 -0.0196192 0.00184991 -0.00457836 -0.0196192 0.0929436 
0.00879977 -0.0169409 -0.00156212 0.00181484 -0.0169409 0.0862718 0.00182547 -0.00448554 -0.00156212 0.00182547 0.0111013 -0.0196135 0.00181484 -0.00448554 -0.0196135 0.09295 
0.00878303 -0.0169613 -0.00157976 0.0018297 -0.0169613 0.0863861 0.00183492 -0.00449184 -0.00157976 0.00183492 0.0111151 -0.0195859 0.0018297 -0.00449184 -0.0195859 0.0928656 
0.00878189 -0.0169393 -0.00157684 0.00184379 -0.0169393 0.0863803 0.00184405 -0.00450323 -0.00157684 0.00184405 0.0111002 -0.0195876 0.00184379 -0.00450323 -0.0195876 0.0928119 
0.00876927 -0.0169123 -0.00156761 0.00183824 -0.0169123 0.0862907 0.001837 -0.00449908 -0.00156761 0.001837 0.0110801 -0.0195892 0.00183824 -0.00449908 -0.0195892 0.0928246 
0.00877424 -0.0168869 -0.00158649 0.00182531 -0.0168869 0.0862131 0.00182292 -0.00447428 -0.00158649 0.00182292 0.0110535 -0.0195809 0.00182531 -0.00447428 -0.0195809 0.0928328 
0.00881584 -0.0169175 -0.00159496 0.00186934 -0.0169175 0.0862536 0.00186627 -0.00455335 -0.00159496 0.00186627 0.0109936 -0.0195086 0.00186934 -0.00455335 -0.0195086 0.0926733 
0.00886639 -0.0169578 -0.00158447 0.00188326 -0.0169578 0.0863238 0.00188262 -0.00462227 -0.00158447 0.00188262 0.0109329 -0.0194387 0.00188326 -0.00462227 -0.0194387 0.0924994 
