0.00805864 0 0.00179259 0 0 0.01 0 0 0.00179259 0 0.00621391 0 0 0 0 0.01 
0.011226 -0.0139187 0.00219503 -0.00268623 -0.0139187 0.0358626 -0.00268623 0.00515085 0.00219503 -0.00268623 0.00893724 -0.0111176 -0.00268623 0.00515085 -0.0111176 0.0304912 
0.0110843 -0.0205036 0.00193095 -0.00301876 -0.0205036 0.0746276 -0.00301876 0.00949923 0.00193095 -0.00301876 0.00911575 -0.0172618 -0.00301876 0.00949923 -0.0172618 0.0644172 
0.0104491 -0.019744 0.00184006 -0.00222251 -0.019744 0.0873464 -0.00221227 0.00723422 0.00184006 -0.00221227 0.00862803 -0.0174836 -0.00222251 0.00723422 -0.0174836 0.0796848 
0.0104661 -0.0190348 0.00196159 -0.00209467 -0.0190348 0.089849 -0.00207796 0.005381 0.00196159 -0.00207796 0.00857413 -0.0169451 -0.00209467 0.005381 -0.0169451 0.0842223 
0.0106396 -0.0190475 0.00206056 -0.00232184 -0.0190475 0.0908977 -0.00230799 0.00538978 0.00206056 -0.00230799 0.00872273 -0.0167708 -0.00232184 0.00538978 -0.0167708 0.0853989 
0.0107409 -0.0191469 0.00204325 -0.00243091 -0.0191469 0.0914946 -0.0024208 0.00576035 0.00204325 -0.0024208 0.00883731 -0.0168558 -0.00243091 0.00576035 -0.0168558 0.0858679 
0.010765 -0.0191566 0.00199543 -0.00240095 -0.0191566 0.0916583 -0.00239545 0.00589436 0.00199543 -0.00239545 0.00889229 -0.0169636 -0.00240095 0.00589436 -0.0169636 0.0861837 
0.0107429 -0.019129 0.00192536 -0.00232597 -0.019129 0.0915837 -0.00232704 0.00580174 0.00192536 -0.00232704 0.00894005 -0.0170207 -0.00232597 0.00580174 -0.0170207 0.0863768 
0.0107694 -0.0191491 0.00189508 -0.00224904 -0.0191491 0.0916254 -0.00225121 0.00564068 0.00189508 -0.00225121 0.00896919 -0.0170346 -0.00224904 0.00564068 -0.0170346 0.0864153 
0.0108026 -0.0192107 0.00188787 -0.00219984 -0.0192107 0.0917674 -0.00219982 0.00547088 0.00188787 -0.00219982 0.00898739 -0.0170577 -0.00219984 0.00547088 -0.0170577 0.0864473 
0.0108649 -0.0192368 0.00186118 -0.00218694 -0.0192368 0.0918508 -0.002183 0.00537256 0.00186118 -0.002183 0.0089552 -0.0171179 -0.00218694 0.00537256 -0.0171179 0.0866027 
0.0108904 -0.0193111 0.00186924 -0.00216514 -0.0193111 0.0920018 -0.00216487 0.00532324 0.00186924 -0.00216487 0.00894042 -0.0171069 -0.00216514 0.00532324 -0.0171069 0.0866933 
0.010875 -0.0193933 0.00187835 -0.00215427 -0.0193933 0.0922636 -0.00215716 0.00526213 0.00187835 -0.00215716 0.00895924 -0.017055 -0.00215427 0.00526213 -0.017055 0.0866002 
0.0108197 -0.01933 0.00185284 -0.00218776 -0.01933 0.092219 -0.00218624 0.00531492 0.00185284 -0.00218624 0.00901454 -0.017122 -0.00218776 0.00531492 -0.017122 0.0867142 
0.0108321 -0.0192582 0.00182936 -0.00217525 -0.0192582 0.0920704 -0.0021677 0.00533741 0.00182936 -0.0021677 0.00900427 -0.0171955 -0.00217525 0.00533741 -0.0171955 0.0868959 
0.0108613 -0.0192878 0.00180646 -0.00213077 -0.0192878 0.0920673 -0.00212639 0.0052535 0.00180646 -0.00212639 0.00896472 -0.0171683 -0.00213077 0.0052535 -0.0171683 0.0869128 
0.0108769 -0.0193091 0.00179418 -0.00209032 -0.0193091 0.0920985 -0.0020951 0.00514907 0.00179418 -0.0020951 0.00892787 -0.0171256 -0.00209032 0.00514907 -0.0171256 0.0868396 
0.0108561 -0.019336 0.00179859 -0.00207202 -0.019336 0.0921656 -0.00208344 0.00508555 0.00179859 -0.00208344 0.00893081 -0.0170669 -0.00207202 0.00508555 -0.0170669 0.0866974 
0.0108294 -0.0192985 0.00176982 -0.00209117 -0.0192985 0.0921226 -0.00210082 0.00510804 0.00176982 -0.00210082 0.00893215 -0.0170749 -0.00209117 0.00510804 -0.0170749 0.0866493 
0.0108157 -0.0192681 0.0017468 -0.0020619 -0.0192681 0.092047 -0.00206711 0.00508112 0.0017468 -0.00206711 0.00891882 -0.0170707 -0.0020619 0.00508112 -0.0170707 0.0866334 
0.0107852 -0.019226 0.00173336 -0.00203079 -0.019226 0.0919172 -0.00203214 0.00500475 0.00173336 -0.00203214 0.00892202 -0.0170635 -0.00203079 0.00500475 -0.0170635 0.0866241 
0.0107706 -0.0192092 0.00173776 -0.00202382 -0.0192092 0.0918651 -0.0020224 0.00496961 0.00173776 -0.0020224 0.00893396 -0.0170417 -0.00202382 0.00496961 -0.0170417 0.0865567 
0.0107671 -0.0192381 0.0017509 -0.0020159 -0.0192381 0.091945 -0.00201538 0.00493289 0.0017509 -0.00201538 0.00894463 -0.0170064 -0.0020159 0.00493289 -0.0170064 0.0864145 
0.0107792 -0.019197 0.00175836 -0.00204918 -0.019197 0.0918708 -0.00204609 0.00498951 0.00175836 -0.00204609 0.00895284 -0.0170555 -0.00204918 0.00498951 -0.0170555 0.0864775 
0.0107661 -0.0192082 0.00172561 -0.0020641 -0.0192082 0.0918463 -0.00206211 0.00504887 0.00172561 -0.00206211 0.00898261 -0.0170762 -0.0020641 0.00504887 -0.0170762 0.0865578 
0.0107507 -0.01919 0.00170878 -0.00201077 -0.01919 0.0918133 -0.00200997 0.00497456 0.00170878 -0.00200997 0.0089967 -0.0171183 -0.00201077 0.00497456 -0.0171183 0.0866564 
0.0106857 -0.0191196 0.00168785 -0.00198899 -0.0191196 0.0916257 -0.00198662 0.00489511 0.00168785 -0.00198662 0.00903166 -0.0171812 -0.00198899 0.00489511 -0.0171812 0.0868502 
0.0106415 -0.0191079 0.00166402 -0.00195927 -0.0191079 0.0916132 -0.00195435 0.00481207 0.00166402 -0.00195435 0.00905839 -0.0171621 -0.00195927 0.00481207 -0.0171621 0.0868319 
0.0106332 -0.0190373 0.00170853 -0.00194524 -0.0190373 0.0914817 -0.00193598 0.00476958 0.00170853 -0.00193598 0.0090602 -0.0172023 -0.00194524 0.00476958 -0.0172023 0.0868868 
0.0106172 -0.0189699 0.00171426 -0.00199432 -0.0189699 0.0912414 -0.00198667 0.00482617 0.00171426 -0.00198667 0.00905129 -0.0172432 -0.00199432 0.00482617 -0.0172432 0.087018 
0.0106092 -0.0189952 0.0017503 -0.0020257 -0.0189952 0.0912511 -0.0020286 0.00495561 0.0017503 -0.0020286 0.00904315 -0.0171994 -0.0020257 0.00495561 -0.0171994 0.0869657 
0.0106514 -0.0190239 0.00179861 -0.00206359 -0.0190239 0.091361 -0.00207011 0.0050586 0.00179861 -0.00207011 0.00901517 -0.0171484 -0.00206359 0.0050586 -0.0171484 0.086807 
0.0106967 -0.019053 0.00177845 -0.00212451 -0.019053 0.0914163 -0.00212674 0.00519394 0.00177845 -0.00212674 0.00898616 -0.017129 -0.00212451 0.00519394 -0.017129 0.086728 
0.0106954 -0.0191091 0.00172173 -0.00207626 -0.0191091 0.0915264 -0.00208227 0.00515606 0.00172173 -0.00208227 0.00899135 -0.0170887 -0.00207626 0.00515606 -0.0170887 0.086622 
0.0106755 -0.019124 0.00170441 -0.00201512 -0.019124 0.0916232 -0.00202812 0.00505015 0.00170441 -0.00202812 0.00903746 -0.017092 -0.00201512 0.00505015 -0.017092 0.0865852 
0.0106508 -0.0190769 0.00167435 -0.00196063 -0.0190769 0.0915496 -0.00197156 0.00487126 0.00167435 -0.00197156 0.00906073 -0.0171626 -0.00196063 0.00487126 -0.0171626 0.086694 
0.0106542 -0.0190575 0.00166468 -0.001938 -0.0190575 0.091494 -0.00194459 0.004779 0.00166468 -0.00194459 0.00904875 -0.0171942 -0.001938 0.004779 -0.0171942 0.0868129 
0.0105944 -0.0190334 0.00165811 -0.00193672 -0.0190334 0.0914006 -0.0019415 0.00475597 0.00165811 -0.0019415 0.0090991 -0.0172082 -0.00193672 0.00475597 -0.0172082 0.0869179 
0.0105997 -0.0190258 0.00165428 -0.00192113 -0.0190258 0.0914346 -0.00192197 0.00471167 0.00165428 -0.00192197 0.00908128 -0.0172083 -0.00192113 0.00471167 -0.0172083 0.0868828 
0.0106416 -0.0190205 0.00167429 -0.00193711 -0.0190205 0.0914204 -0.00193444 0.00473882 0.00167429 -0.00193444 0.00905254 -0.0172013 -0.00193711 0.00473882 -0.0172013 0.086888 
0.0106952 -0.0190873 0.00168678 -0.00196479 -0.0190873 0.0915384 -0.00196079 0.00479868 0.00168678 -0.00196079 0.00902729 -0.0171539 -0.00196479 0.00479868 -0.0171539 0.0867993 
0.0106662 -0.0191066 0.00165517 -0.00196232 -0.0191066 0.0915663 -0.00195749 0.00479965 0.00165517 -0.00195749 0.00904767 -0.0171592 -0.00196232 0.00479965 -0.0171592 0.0867996 
0.0106737 -0.0190542 0.00160981 -0.00193619 -0.0190542 0.0914841 -0.00192753 0.00476534 0.00160981 -0.00192753 0.0090174 -0.0172038 -0.00193619 0.00476534 -0.0172038 0.0868929 
0.0107024 -0.0190627 0.00160322 -0.00189722 -0.0190627 0.0914544 -0.00189092 0.00470641 0.00160322 -0.00189092 0.00898479 -0.0171694 -0.00189722 0.00470641 -0.0171694 0.0868909 
0.0106608 -0.0191007 0.00161523 -0.00185954 -0.0191007 0.0915028 -0.00185737 0.00459276 0.00161523 -0.00185737 0.00902238 -0.0171111 -0.00185954 0.00459276 -0.0171111 0.0867637 
0.0105827 -0.0190497 0.00159434 -0.0018642 -0.0190497 0.0914466 -0.00186044 0.00454418 0.00159434 -0.00186044 0.00908701 -0.0171491 -0.0018642 0.00454418 -0.0171491 0.0867514 
0.0105388 -0.0189491 0.00154276 -0.00183023 -0.0189491 0.0912417 -0.00182379 0.00446962 0.00154276 -0.00182379 0.00909857 -0.0172263 -0.00183023 0.00446962 -0.0172263 0.0868815 
0.0105335 -0.0188694 0.00152725 -0.0017974 -0.0188694 0.0909977 -0.00179057 0.00441874 0.00152725 -0.00179057 0.00908586 -0.0172667 -0.0017974 0.00441874 -0.0172667 0.0870433 
0.0106018 -0.0188979 0.00152533 -0.00181188 -0.0188979 0.0910008 -0.00180761 0.0044562 0.00152533 -0.00180761 0.00903198 -0.0172259 -0.00181188 0.0044562 -0.0172259 0.0870117 
0.0107149 -0.0190224 0.00155872 -0.00182995 -0.0190224 0.0912648 -0.00182971 0.00453347 0.00155872 -0.00182971 0.00899011 -0.0171338 -0.00182995 0.00453347 -0.0171338 0.0868166 
0.0107782 -0.0191202 0.0015826 -0.00183658 -0.0191202 0.0914818 -0.0018399 0.00453844 0.0015826 -0.0018399 0.0089619 -0.017118 -0.00183658 0.00453844 -0.017118 0.0867345 
0.010797 -0.0192264 0.00159367 -0.00183955 -0.0192264 0.0917765 -0.00184579 0.00451994 0.00159367 -0.00184579 0.0089535 -0.0170756 -0.00183955 0.00451994 -0.0170756 0.0866324 
0.010756 -0.0192104 0.00158111 -0.00184682 -0.0192104 0.0918249 -0.00185098 0.00451456 0.00158111 -0.00185098 0.0089731 -0.0171023 -0.00184682 0.00451456 -0.0171023 0.0866732 
0.0107799 -0.0192107 0.00155229 -0.0018386 -0.0192107 0.091894 -0.00183942 0.0045047 0.00155229 -0.00183942 0.00894929 -0.0170889 -0.0018386 0.0045047 -0.0170889 0.0866437 
0.010776 -0.0192159 0.00151762 -0.00180783 -0.0192159 0.0918914 -0.00180937 0.00445425 0.00151762 -0.00180937 0.00896712 -0.0170742 -0.00180783 0.00445425 -0.0170742 0.086622 
0.0107471 -0.0192003 0.00148514 -0.00173966 -0.0192003 0.0918503 -0.00174258 0.00429515 0.00148514 -0.00174258 0.00897355 -0.0170953 -0.00173966 0.00429515 -0.0170953 0.0866352 
0.0107669 -0.0192075 0.00147454 -0.00171109 -0.0192075 0.0918967 -0.00171226 0.00419427 0.00147454 -0.00171226 0.0089493 -0.0170775 -0.00171109 0.00419427 -0.0170775 0.0866002 
0.0107866 -0.0192083 0.00149315 -0.00170789 -0.0192083 0.0918829 -0.00170653 0.00416356 0.00149315 -0.00170653 0.00893576 -0.017068 -0.00170789 0.00416356 -0.017068 0.0865961 
0.010818 -0.0192309 0.00151054 -0.00175456 -0.0192309 0.0919162 -0.00174859 0.00424863 0.00151054 -0.00174859 0.00893114 -0.0170561 -0.00175456 0.00424863 -0.0170561 0.0865805 
0.0108288 -0.0192154 0.00151734 -0.00178682 -0.0192154 0.0918406 -0.00177746 0.00435112 0.00151734 -0.00177746 0.00893825 -0.0170977 -0.00178682 0.00435112 -0.0170977 0.0866899 
0.0107895 -0.0192206 0.00150112 -0.00177455 -0.0192206 0.0918053 -0.00176957 0.00435268 0.00150112 -0.00176957 0.00897873 -0.0171134 -0.00177455 0.00435268 -0.0171134 0.0867661 
0.0107599 -0.0191723 0.00148432 -0.00175424 -0.0191723 0.0917264 -0.0017524 0.00431949 0.00148432 -0.0017524 0.00897767 -0.0171609 -0.00175424 0.00431949 -0.0171609 0.0868574 
0.010789 -0.0191902 0.00143903 -0.00171516 -0.0191902 0.0917781 -0.00171275 0.00422035 0.00143903 -0.00171275 0.00892757 -0.0171106 -0.00171516 0.00422035 -0.0171106 0.0867717 
0.0108101 -0.0192465 0.00141106 -0.00165142 -0.0192465 0.0919153 -0.0016474 0.00406845 0.00141106 -0.0016474 0.0088884 -0.0170172 -0.00165142 0.00406845 -0.0170172 0.0865408 
0.010786 -0.0192514 0.00140092 -0.0016477 -0.0192514 0.0919634 -0.00164127 0.00403144 0.00140092 -0.00164127 0.00890017 -0.0169876 -0.0016477 0.00403144 -0.0169876 0.0864145 
0.0107318 -0.0192027 0.00137922 -0.00163364 -0.0192027 0.0918748 -0.0016248 0.00399736 0.00137922 -0.0016248 0.00893828 -0.0170132 -0.00163364 0.00399736 -0.0170132 0.0864226 
0.0106903 -0.0191055 0.00137586 -0.00164795 -0.0191055 0.0916495 -0.00163533 0.00405098 0.00137586 -0.00163533 0.00898178 -0.0170905 -0.00164795 0.00405098 -0.0170905 0.0865941 
0.0106896 -0.0190478 0.00137944 -0.00163903 -0.0190478 0.0914499 -0.00162568 0.00405079 0.00137944 -0.00162568 0.00897785 -0.0171422 -0.00163903 0.00405079 -0.0171422 0.0867441 
0.0107355 -0.0190724 0.00138181 -0.00161684 -0.0190724 0.0914382 -0.00160853 0.00399107 0.00138181 -0.00160853 0.00893073 -0.0171114 -0.00161684 0.00399107 -0.0171114 0.0867297 
0.0107858 -0.019162 0.00136987 -0.00159632 -0.019162 0.0916254 -0.00159685 0.00392062 0.00136987 -0.00159685 0.00887782 -0.017015 -0.00159632 0.00392062 -0.017015 0.0865084 
0.0107942 -0.0192319 0.0013093 -0.00159199 -0.0192319 0.0918331 -0.00160194 0.00391417 0.0013093 -0.00160194 0.00889283 -0.016946 -0.00159199 0.00391417 -0.016946 0.0862979 
0.0107718 -0.0192303 0.00129194 -0.00153985 -0.0192303 0.0918987 -0.00155432 0.00386754 0.00129194 -0.00155432 0.00895051 -0.0169848 -0.00153985 0.00386754 -0.0169848 0.0863017 
0.0107123 -0.0191759 0.00126793 -0.00150598 -0.0191759 0.0917974 -0.00151579 0.00375937 0.00126793 -0.00151579 0.00900211 -0.0170813 -0.00150598 0.00375937 -0.0170813 0.0864929 
0.0106776 -0.019068 0.00128176 -0.00149158 -0.019068 0.0915378 -0.00149156 0.0037028 0.00128176 -0.00149156 0.00902724 -0.0171897 -0.00149158 0.0037028 -0.0171897 0.0868135 
0.0106955 -0.0190318 0.0013301 -0.00150823 -0.0190318 0.091376 -0.0014999 0.00369686 0.0013301 -0.0014999 0.00899511 -0.0172151 -0.00150823 0.00369686 -0.0172151 0.0869805 
0.010725 -0.0190801 0.00132876 -0.00155657 -0.0190801 0.0914241 -0.00154819 0.00376128 0.00132876 -0.00154819 0.00896478 -0.0171478 -0.00155657 0.00376128 -0.0171478 0.0869005 
0.0107639 -0.0191103 0.00131112 -0.00156627 -0.0191103 0.0915007 -0.00156363 0.00383537 0.00131112 -0.00156363 0.00893802 -0.0171073 -0.00156627 0.00383537 -0.0171073 0.0867781 
0.0107789 -0.0191536 0.00131061 -0.00156064 -0.0191536 0.0915985 -0.00156644 0.00388115 0.00131061 -0.00156644 0.00892811 -0.0170833 -0.00156064 0.00388115 -0.0170833 0.0867003 
0.0107827 -0.0191683 0.00130929 -0.00153077 -0.0191683 0.0916564 -0.00153952 0.00381601 0.00130929 -0.00153952 0.00889576 -0.0170708 -0.00153077 0.00381601 -0.0170708 0.0866459 
0.0107901 -0.0192047 0.00130565 -0.0015365 -0.0192047 0.0917752 -0.00154442 0.00380298 0.00130565 -0.00154442 0.00887924 -0.0170092 -0.0015365 0.00380298 -0.0170092 0.0865148 
0.0107791 -0.0192159 0.00129572 -0.00154795 -0.0192159 0.091846 -0.00155082 0.00383234 0.00129572 -0.00155082 0.00889595 -0.0169812 -0.00154795 0.00383234 -0.0169812 0.0864018 
0.0107584 -0.0191787 0.00123926 -0.00149885 -0.0191787 0.0917775 -0.00149596 0.00371479 0.00123926 -0.00149596 0.0088863 -0.0169963 -0.00149885 0.00371479 -0.0169963 0.0863596 
0.0107494 -0.0191696 0.00121482 -0.00142941 -0.0191696 0.0917483 -0.00142852 0.00355908 0.00121482 -0.00142852 0.00887926 -0.0169727 -0.00142941 0.00355908 -0.0169727 0.0863069 
0.010732 -0.0191324 0.00122137 -0.00142399 -0.0191324 0.0916509 -0.00142269 0.00351046 0.00122137 -0.00142269 0.00889128 -0.0169856 -0.00142399 0.00351046 -0.0169856 0.0863284 
0.0107301 -0.0191234 0.00123601 -0.00145438 -0.0191234 0.091615 -0.0014489 0.00356558 0.00123601 -0.0014489 0.00890333 -0.0169919 -0.00145438 0.00356558 -0.0169919 0.0863392 
0.01072 -0.0191472 0.0012225 -0.00145206 -0.0191472 0.09167 -0.00145009 0.00357079 0.0012225 -0.00145009 0.00892718 -0.0169857 -0.00145206 0.00357079 -0.0169857 0.0863124 
0.0107272 -0.0191788 0.00125014 -0.00142377 -0.0191788 0.0917998 -0.00142773 0.0035219 0.00125014 -0.00142773 0.00893126 -0.0169867 -0.00142377 0.0035219 -0.0169867 0.0862754 
0.0107216 -0.0191402 0.00125321 -0.00144736 -0.0191402 0.0917266 -0.00144897 0.00351572 0.00125321 -0.00144897 0.0089315 -0.0170354 -0.00144736 0.00351572 -0.0170354 0.086395 
0.0107562 -0.0191102 0.00128962 -0.00147377 -0.0191102 0.0916191 -0.0014747 0.0035893 0.00128962 -0.0014747 0.00890538 -0.0170585 -0.00147377 0.0035893 -0.0170585 0.086512 
0.0108013 -0.0191699 0.00128895 -0.00149853 -0.0191699 0.0916864 -0.00150315 0.00363739 0.00128895 -0.00150315 0.00887084 -0.0170041 -0.00149853 0.00363739 -0.0170041 0.086441 
0.0108209 -0.0192257 0.00126548 -0.00149437 -0.0192257 0.0918117 -0.00150388 0.00365966 0.00126548 -0.00150388 0.00885422 -0.0169626 -0.00149437 0.00365966 -0.0169626 0.086337 
0.010819 -0.0192153 0.00126588 -0.00147936 -0.0192153 0.0918073 -0.00148602 0.00365445 0.00126588 -0.00148602 0.00884394 -0.0169714 -0.00147936 0.00365445 -0.0169714 0.0863379 
0.010817 -0.0192508 0.00123659 -0.00149101 -0.0192508 0.091899 -0.00149193 0.00367308 0.00123659 -0.00149193 0.00886938 -0.0169406 -0.00149101 0.00367308 -0.0169406 0.0862892 
0.0108099 -0.019242 0.0011706 -0.00144598 -0.019242 0.0919153 -0.00144247 0.00359599 0.0011706 -0.00144247 0.00889628 -0.016972 -0.00144598 0.00359599 -0.016972 0.0863084 
0.0108338 -0.0192242 0.00116416 -0.00136699 -0.0192242 0.0918784 -0.0013646 0.0034359 0.00116416 -0.0013646 0.00887248 -0.0170181 -0.00136699 0.0034359 -0.0170181 0.0864126 
0.0108525 -0.0192335 0.00117577 -0.00136078 -0.0192335 0.0918546 -0.00135924 0.00335467 0.00117577 -0.00135924 0.0088361 -0.0170065 -0.00136078 0.00335467 -0.0170065 0.0864571 
0.0108667 -0.0192999 0.00117568 -0.00137205 -0.0192999 0.0920081 -0.0013723 0.00335156 0.00117568 -0.0013723 0.00883576 -0.0169277 -0.00137205 0.00335156 -0.0169277 0.0863098 
0.0108359 -0.0192764 0.00115164 -0.00138314 -0.0192764 0.0919912 -0.00138252 0.00338721 0.00115164 -0.00138252 0.00887055 -0.0169538 -0.00138314 0.00338721 -0.0169538 0.0863008 
0.0107686 -0.0192341 0.00116448 -0.00136557 -0.0192341 0.0919035 -0.00136317 0.00338798 0.00116448 -0.00136317 0.00893231 -0.0170137 -0.00136557 0.00338798 -0.0170137 0.0864314 
0.0107655 -0.0191998 0.00117864 -0.00136317 -0.0191998 0.0918663 -0.00135132 0.00334107 0.00117864 -0.00135132 0.00893829 -0.0170562 -0.00136317 0.00334107 -0.0170562 0.0865266 
0.0108103 -0.0192107 0.00119021 -0.00138893 -0.0192107 0.0918822 -0.0013664 0.00336028 0.00119021 -0.0013664 0.00890526 -0.0170489 -0.00138893 0.00336028 -0.0170489 0.0865398 
0.01087 -0.0192387 0.00120699 -0.0014261 -0.0192387 0.0919074 -0.00140489 0.00346044 0.00120699 -0.00140489 0.00885698 -0.0170303 -0.0014261 0.00346044 -0.0170303 0.0865316 
0.0109346 -0.0193315 0.00119052 -0.00142443 -0.0193315 0.0920918 -0.00141643 0.00349281 0.00119052 -0.00141643 0.00881811 -0.0169485 -0.00142443 0.00349281 -0.0169485 0.0863626 
0.0109609 -0.0193843 0.00118343 -0.00139825 -0.0193843 0.0922242 -0.00140405 0.00347492 0.00118343 -0.00140405 0.00879832 -0.0169198 -0.00139825 0.00347492 -0.0169198 0.0862536 
0.0109307 -0.0193991 0.00113905 -0.00136089 -0.0193991 0.0922743 -0.00137296 0.00337797 0.00113905 -0.00137296 0.00881889 -0.0169038 -0.00136089 0.00337797 -0.0169038 0.086192 
0.0108704 -0.0193029 0.0010895 -0.00131584 -0.0193029 0.092069 -0.00132732 0.0032776 0.0010895 -0.00132732 0.00882283 -0.0169677 -0.00131584 0.0032776 -0.0169677 0.0863051 
0.0108409 -0.0192396 0.00105513 -0.00126647 -0.0192396 0.0918864 -0.00127476 0.00316749 0.00105513 -0.00127476 0.00881358 -0.0169676 -0.00126647 0.00316749 -0.0169676 0.0863671 
0.0108202 -0.0192136 0.00105347 -0.00124578 -0.0192136 0.0917864 -0.00125154 0.0031082 0.00105347 -0.00125154 0.00881119 -0.0169396 -0.00124578 0.0031082 -0.0169396 0.0863245 
0.0108057 -0.0192259 0.0010501 -0.00124347 -0.0192259 0.0918141 -0.00124697 0.0030837 0.0010501 -0.00124697 0.00884415 -0.0169024 -0.00124347 0.0030837 -0.0169024 0.0862135 
0.0108257 -0.0192531 0.00107753 -0.00124641 -0.0192531 0.0919278 -0.00124533 0.00308655 0.00107753 -0.00124533 0.00887744 -0.0169106 -0.00124641 0.00308655 -0.0169106 0.0861436 
0.0108165 -0.0192339 0.00110688 -0.00126437 -0.0192339 0.0918832 -0.00126031 0.00309549 0.00110688 -0.00126031 0.00892497 -0.0169961 -0.00126437 0.00309549 -0.0169961 0.0863084 
0.0107664 -0.0191648 0.00112204 -0.00130393 -0.0191648 0.0916912 -0.00129894 0.00316758 0.00112204 -0.00129894 0.00895199 -0.0171016 -0.00130393 0.00316758 -0.0171016 0.0865901 
0.0107178 -0.0191254 0.0011156 -0.00134152 -0.0191254 0.0915859 -0.00133997 0.00328499 0.0011156 -0.00133997 0.00897136 -0.017127 -0.00134152 0.00328499 -0.017127 0.0867412 
0.0106869 -0.0190568 0.00110013 -0.00132223 -0.0190568 0.0914276 -0.00132202 0.00328793 0.00110013 -0.00132202 0.00897033 -0.0171465 -0.00132223 0.00328793 -0.0171465 0.0868116 
0.0106731 -0.0190506 0.0010961 -0.00129563 -0.0190506 0.0913878 -0.001293 0.00322575 0.0010961 -0.001293 0.00896573 -0.0171106 -0.00129563 0.00322575 -0.0171106 0.0867432 
0.0106653 -0.0190443 0.00111078 -0.00128602 -0.0190443 0.0913819 -0.00128355 0.00317854 0.00111078 -0.00128355 0.00896621 -0.0170894 -0.00128602 0.00317854 -0.0170894 0.086655 
0.0106468 -0.0190202 0.00114584 -0.00130283 -0.0190202 0.0913257 -0.00130323 0.00319105 0.00114584 -0.00130323 0.00895133 -0.0170966 -0.00130283 0.00319105 -0.0170966 0.0866371 
0.0106585 -0.0190607 0.00111697 -0.0013431 -0.0190607 0.0914419 -0.00134704 0.00326573 0.00111697 -0.00134704 0.00893767 -0.0170354 -0.0013431 0.00326573 -0.0170354 0.0865067 
0.0106898 -0.0190814 0.00111734 -0.00133005 -0.0190814 0.0915349 -0.00133451 0.00330911 0.00111734 -0.00133451 0.00891799 -0.0170139 -0.00133005 0.00330911 -0.0170139 0.086414 
0.0107078 -0.0190834 0.00115952 -0.001351 -0.0190834 0.0915298 -0.0013536 0.00336802 0.00115952 -0.0013536 0.00892856 -0.0170256 -0.001351 0.00336802 -0.0170256 0.0864413 
0.0107154 -0.0190807 0.00118482 -0.00135681 -0.0190807 0.0914849 -0.00135811 0.00334647 0.00118482 -0.00135811 0.008927 -0.017049 -0.00135681 0.00334647 -0.017049 0.0864945 
0.0107508 -0.01911 0.00121152 -0.00138736 -0.01911 0.0915383 -0.001388 0.00338754 0.00121152 -0.001388 0.00889042 -0.0170347 -0.00138736 0.00338754 -0.0170347 0.0864824 
0.0108013 -0.0191914 0.00123118 -0.00143765 -0.0191914 0.0917376 -0.0014408 0.00350892 0.00123118 -0.0014408 0.00885956 -0.0169706 -0.00143765 0.00350892 -0.0169706 0.0863626 
0.0107829 -0.0192012 0.00123679 -0.00144397 -0.0192012 0.0917722 -0.00144903 0.00355034 0.00123679 -0.00144903 0.008862 -0.0169647 -0.00144397 0.00355034 -0.0169647 0.0863209 
0.0107351 -0.0191424 0.00122074 -0.00145049 -0.0191424 0.0916461 -0.00145349 0.00356804 0.00122074 -0.00145349 0.00888784 -0.0169925 -0.00145049 0.00356804 -0.0169925 0.0863777 
0.0107217 -0.0190995 0.00122935 -0.00145026 -0.0190995 0.0915402 -0.00144973 0.00359101 0.00122935 -0.00144973 0.0089134 -0.0170102 -0.00145026 0.00359101 -0.0170102 0.0864182 
0.0107321 -0.0190916 0.00125419 -0.001448 -0.0190916 0.0914862 -0.00144697 0.0035785 0.00125419 -0.00144697 0.00891766 -0.017036 -0.001448 0.0035785 -0.017036 0.0864729 
0.0107348 -0.019114 0.00128239 -0.00148736 -0.019114 0.09152 -0.00148724 0.00364679 0.00128239 -0.00148724 0.00891411 -0.0170405 -0.00148736 0.00364679 -0.0170405 0.0865008 
0.010736 -0.0191391 0.00125638 -0.00152155 -0.0191391 0.0916103 -0.00151902 0.00372819 0.00125638 -0.00151902 0.00890337 -0.0170194 -0.00152155 0.00372819 -0.0170194 0.0864555 
0.0106774 -0.0191265 0.00121676 -0.00147966 -0.0191265 0.0916103 -0.00148084 0.00368953 0.00121676 -0.00148084 0.00894231 -0.0170127 -0.00147966 0.00368953 -0.0170127 0.0864272 
0.0106505 -0.0190928 0.00118554 -0.00141948 -0.0190928 0.0916016 -0.0014233 0.00355929 0.00118554 -0.0014233 0.00896242 -0.0170233 -0.00141948 0.00355929 -0.0170233 0.0863915 
0.0106306 -0.0190436 0.00116173 -0.00136851 -0.0190436 0.091487 -0.00136983 0.00340626 0.00116173 -0.00136983 0.00898685 -0.0170525 -0.00136851 0.00340626 -0.0170525 0.0864356 
0.010614 -0.0190328 0.00111632 -0.00132611 -0.0190328 0.0914367 -0.00132364 0.00325993 0.00111632 -0.00132364 0.0090025 -0.0170605 -0.00132611 0.00325993 -0.0170605 0.0864345 
0.0106172 -0.0189958 0.00109221 -0.00128724 -0.0189958 0.0913438 -0.00128354 0.00316365 0.00109221 -0.00128354 0.00898632 -0.0170995 -0.00128724 0.00316365 -0.0170995 0.0865196 
0.0106297 -0.0189793 0.00108129 -0.00127568 -0.0189793 0.0912572 -0.00127524 0.00313102 0.00108129 -0.00127524 0.00897223 -0.0171032 -0.00127568 0.00313102 -0.0171032 0.0865944 
0.0106589 -0.018982 0.00109078 -0.00128331 -0.018982 0.0912152 -0.00128873 0.00316716 0.00109078 -0.00128873 0.00896423 -0.0171048 -0.00128331 0.00316716 -0.0171048 0.0866495 
0.0106807 -0.0190326 0.00111238 -0.00129525 -0.0190326 0.0912981 -0.00130494 0.00321016 0.00111238 -0.00130494 0.00895794 -0.0170915 -0.00129525 0.00321016 -0.0170915 0.0866504 
0.0106992 -0.0190893 0.0011252 -0.00130782 -0.0190893 0.0914626 -0.0013146 0.00322921 0.0011252 -0.0013146 0.0089575 -0.0170697 -0.00130782 0.00322921 -0.0170697 0.0866025 
0.0106974 -0.0190534 0.00113045 -0.00131213 -0.0190534 0.0913993 -0.00130982 0.00321921 0.00113045 -0.00130982 0.00894578 -0.0171126 -0.00131213 0.00321921 -0.0171126 0.0866952 
0.0107271 -0.019136 0.00110107 -0.00131217 -0.019136 0.0915978 -0.00130076 0.00319388 0.00110107 -0.00130076 0.00893014 -0.0170301 -0.00131217 0.00319388 -0.0170301 0.0865407 
0.0107534 -0.0191416 0.001065 -0.0012863 -0.0191416 0.0916566 -0.00127111 0.00315129 0.001065 -0.00127111 0.00892699 -0.0170342 -0.0012863 0.00315129 -0.0170342 0.0864951 
0.0107773 -0.0191798 0.00102823 -0.00122306 -0.0191798 0.0917379 -0.00121412 0.00301537 0.00102823 -0.00121412 0.00892648 -0.0170218 -0.00122306 0.00301537 -0.0170218 0.0864487 
0.0107897 -0.0192126 0.000994699 -0.00117069 -0.0192126 0.0918299 -0.00117197 0.00288089 0.000994699 -0.00117197 0.00891489 -0.017024 -0.00117069 0.00288089 -0.017024 0.0864332 
0.010789 -0.0192214 0.000949017 -0.00114707 -0.0192214 0.0918777 -0.0011519 0.00281553 0.000949017 -0.0011519 0.008922 -0.0170214 -0.00114707 0.00281553 -0.0170214 0.0864413 
0.0107738 -0.0191913 0.000928076 -0.00110672 -0.0191913 0.0918106 -0.00111305 0.00275073 0.000928076 -0.00111305 0.00893221 -0.0170575 -0.00110672 0.00275073 -0.0170575 0.0865297 
0.0107457 -0.0191362 0.00094675 -0.00108916 -0.0191362 0.0916497 -0.00109608 0.00270447 0.00094675 -0.00109608 0.0089339 -0.0171051 -0.00108916 0.00270447 -0.0171051 0.0866893 
0.0107571 -0.0190853 0.000992859 -0.0011342 -0.0190853 0.091485 -0.00113517 0.0027763 0.000992859 -0.00113517 0.00890265 -0.0171222 -0.0011342 0.0027763 -0.0171222 0.0868001 
0.0107779 -0.0190963 0.00102623 -0.00119984 -0.0190963 0.0914307 -0.00119505 0.00291978 0.00102623 -0.00119505 0.00888196 -0.0170772 -0.00119984 0.00291978 -0.0170772 0.0867614 
0.0107606 -0.0191347 0.00101015 -0.0012149 -0.0191347 0.0914906 -0.00121175 0.00297954 0.00101015 -0.00121175 0.00889505 -0.0170281 -0.0012149 0.00297954 -0.0170281 0.0866246 
