0.00559863 0 -0.000939104 0 0 0.01 0 0 -0.000939104 0 0.00880492 0 0 0 0 0.01 
0.00820723 -0.0102299 -0.00113487 0.00138953 -0.0102299 0.0287899 0.00138953 -0.00266432 -0.00113487 0.00138953 0.0121315 -0.015026 0.00138953 -0.00266432 -0.015026 0.0379856 
0.00844537 -0.0163561 -0.00100049 0.00148446 -0.0163561 0.0616139 0.00148446 -0.00467054 -0.00100049 0.00148446 0.0119224 -0.0218011 0.00148446 -0.00467054 -0.0218011 0.0787048 
0.00795165 -0.0168366 -0.000993233 0.00114154 -0.0168366 0.0779234 0.00115525 -0.00361484 -0.000993233 0.00115525 0.0111956 -0.020662 0.00114154 -0.00361484 -0.020662 0.0902962 
0.00773641 -0.0162326 -0.00105288 0.00113865 -0.0162326 0.0827832 0.00116035 -0.00284866 -0.00105288 0.00116035 0.0113343 -0.019858 0.00113865 -0.00284866 -0.019858 0.0919729 
0.00774671 -0.0158208 -0.00111496 0.00125309 -0.0158208 0.0834962 0.00126185 -0.00289985 -0.00111496 0.00126185 0.0116444 -0.0200272 0.00125309 -0.00289985 -0.0200272 0.0930621 
0.00786177 -0.0157318 -0.00114482 0.00137008 -0.0157318 0.0834098 0.00136709 -0.00323795 -0.00114482 0.00136709 0.0117674 -0.0202922 0.00137008 -0.00323795 -0.0202922 0.0940489 
0.00798564 -0.0158282 -0.00111768 0.00137382 -0.0158282 0.0834666 0.0013695 -0.00337641 -0.00111768 0.0013695 0.0117501 -0.0203403 0.00137382 -0.00337641 -0.0203403 0.0944508 
0.00809364 -0.0159473 -0.00108876 0.00132253 -0.0159473 0.0836556 0.0013233 -0.00333136 -0.00108876 0.0013233 0.0117019 -0.0203075 0.00132253 -0.00333136 -0.0203075 0.0945035 
0.00816253 -0.0160886 -0.00105294 0.00125024 -0.0160886 0.0839728 0.00125827 -0.0031544 -0.00105294 0.00125827 0.0116663 -0.0202399 0.00125024 -0.0031544 -0.0202399 0.0943667 
0.0081545 -0.016146 -0.00101412 0.00119901 -0.016146 0.0841749 0.00120891 -0.00298795 -0.00101412 0.00120891 0.0117086 -0.0202635 0.00119901 -0.00298795 -0.0202635 0.094425 
0.00815604 -0.0161469 -0.000940636 0.00117193 -0.0161469 0.0842697 0.00117669 -0.00289729 -0.000940636 0.00117669 0.0117489 -0.020335 0.00117193 -0.00289729 -0.020335 0.0945931 
0.00818723 -0.016153 -0.000902264 0.00108901 -0.016153 0.084311 0.00108587 -0.00272723 -0.000902264 0.00108587 0.011744 -0.0203944 0.00108901 -0.00272723 -0.0203944 0.0947799 
0.00822935 -0.016232 -0.000908455 0.00104054 -0.016232 0.084494 0.00103634 -0.00256926 -0.000908455 0.00103634 0.0116975 -0.0203462 0.00104054 -0.00256926 -0.0203462 0.0947283 
0.00826355 -0.0162824 -0.000912073 0.00104298 -0.0162824 0.0846569 0.00104482 -0.00251677 -0.000912073 0.00104482 0.0116578 -0.0202968 0.00104298 -0.00251677 -0.0202968 0.0946299 
0.00826694 -0.0163445 -0.000958319 0.00107889 -0.0163445 0.0848369 0.00108212 -0.00260066 -0.000958319 0.00108212 0.0116273 -0.0202164 0.00107889 -0.00260066 -0.0202164 0.0944244 
0.00824689 -0.0163448 -0.000976176 0.00113711 -0.0163448 0.0849108 0.00113954 -0.00272996 -0.000976176 0.00113954 0.0116326 -0.0201832 0.00113711 -0.00272996 -0.0201832 0.0942904 
0.00825133 -0.0163374 -0.000981757 0.00115311 -0.0163374 0.0849372 0.00115274 -0.00280435 -0.000981757 0.00115274 0.0115937 -0.0201555 0.00115311 -0.00280435 -0.0201555 0.0941512 
0.00825346 -0.016308 -0.000979958 0.00114401 -0.016308 0.0848562 0.0011437 -0.00279585 -0.000979958 0.0011437 0.0115604 -0.0201406 0.00114401 -0.00279585 -0.0201406 0.0941218 
0.00821353 -0.0162953 -0.000926189 0.0011307 -0.0162953 0.0847874 0.00113355 -0.00276433 -0.000926189 0.00113355 0.011585 -0.0201129 0.0011307 -0.00276433 -0.0201129 0.0940809 
0.00819191 -0.0162164 -0.000869222 0.00107832 -0.0162164 0.0846122 0.00107917 -0.00268441 -0.000869222 0.00107917 0.0116328 -0.0201814 0.00107832 -0.00268441 -0.0201814 0.0942174 
0.00822609 -0.016197 -0.000854691 0.00102863 -0.016197 0.0845082 0.00102616 -0.00258558 -0.000854691 0.00102616 0.0116302 -0.0202327 0.00102863 -0.00258558 -0.0202327 0.0943548 
0.00831265 -0.0162621 -0.000872355 0.000996012 -0.0162621 0.0845941 0.000997375 -0.00247829 -0.000872355 0.000997375 0.0115582 -0.0202014 0.000996012 -0.00247829 -0.0202014 0.0943262 
0.00838974 -0.0163844 -0.000899128 0.00100762 -0.0163844 0.084851 0.00101564 -0.0024588 -0.000899128 0.00101564 0.0114903 -0.0201013 0.00100762 -0.0024588 -0.0201013 0.0941343 
0.00843774 -0.0164715 -0.000863407 0.0010554 -0.0164715 0.0850884 0.00106615 -0.00255502 -0.000863407 0.00106615 0.0114542 -0.0200285 0.0010554 -0.00255502 -0.0200285 0.0939512 
0.00846093 -0.0165485 -0.000806191 0.00102824 -0.0165485 0.0853168 0.00103444 -0.00257022 -0.000806191 0.00103444 0.0114118 -0.0199546 0.00102824 -0.00257022 -0.0199546 0.0937258 
0.00848115 -0.0165742 -0.000727937 0.00095858 -0.0165742 0.0854441 0.000952715 -0.00243826 -0.000727937 0.000952715 0.0113608 -0.0199115 0.00095858 -0.00243826 -0.0199115 0.0935854 
0.0084477 -0.0165721 -0.000694966 0.000864953 -0.0165721 0.0854626 0.000853511 -0.00222394 -0.000694966 0.000853511 0.0113978 -0.0198907 0.000864953 -0.00222394 -0.0198907 0.0935569 
0.00841923 -0.0165373 -0.000696711 0.000826347 -0.0165373 0.0854231 0.00081757 -0.00207696 -0.000696711 0.00081757 0.0114212 -0.019927 0.000826347 -0.00207696 -0.019927 0.093587 
0.00836783 -0.0165109 -0.000702593 0.00081642 -0.0165109 0.0853601 0.000816332 -0.00200706 -0.000702593 0.000816332 0.0114449 -0.0199315 0.00081642 -0.00200706 -0.0199315 0.0935882 
0.00830259 -0.0164248 -0.000710716 0.000817499 -0.0164248 0.0851748 0.000819531 -0.00198473 -0.000710716 0.000819531 0.0114689 -0.0199826 0.000817499 -0.00198473 -0.0199826 0.0936964 
0.00825985 -0.0163155 -0.000706201 0.000818586 -0.0163155 0.0848953 0.000819297 -0.00197332 -0.000706201 0.000819297 0.0115101 -0.0200452 0.000818586 -0.00197332 -0.0200452 0.0938853 
0.00826024 -0.0162528 -0.000650945 0.000818793 -0.0162528 0.0846685 0.000817385 -0.00197812 -0.000650945 0.000817385 0.0115436 -0.0201003 0.000818793 -0.00197812 -0.0201003 0.0940492 
0.00827432 -0.0162593 -0.00061185 0.000777029 -0.0162593 0.0845962 0.000774155 -0.00194495 -0.00061185 0.000774155 0.0115705 -0.0201361 0.000777029 -0.00194495 -0.0201361 0.0941624 
0.00829103 -0.016322 -0.000599311 0.000721214 -0.016322 0.0847215 0.000718181 -0.00182284 -0.000599311 0.000718181 0.011554 -0.0201114 0.000721214 -0.00182284 -0.0201114 0.0940895 
0.00832788 -0.0163277 -0.000605813 0.000713882 -0.0163277 0.0847779 0.000711966 -0.00177013 -0.000605813 0.000711966 0.0115319 -0.0201255 0.000713882 -0.00177013 -0.0201255 0.0941268 
0.00834969 -0.0163822 -0.000612269 0.000721996 -0.0163822 0.0848767 0.000723214 -0.00176773 -0.000612269 0.000723214 0.0114671 -0.0200705 0.000721996 -0.00176773 -0.0200705 0.0940234 
0.00835151 -0.0163966 -0.000603694 0.000716603 -0.0163966 0.0849487 0.000722549 -0.00175712 -0.000603694 0.000722549 0.0114673 -0.0200267 0.000716603 -0.00175712 -0.0200267 0.093949 
0.00834908 -0.0164132 -0.000664718 0.00072207 -0.0164132 0.0850108 0.000723364 -0.00177291 -0.000664718 0.000723364 0.0114724 -0.0199934 0.00072207 -0.00177291 -0.0199934 0.093821 
0.00832757 -0.0164078 -0.000720617 0.0007933 -0.0164078 0.0850129 0.000789323 -0.00187536 -0.000720617 0.000789323 0.0114757 -0.0199931 0.0007933 -0.00187536 -0.0199931 0.0937653 
0.00832802 -0.0163729 -0.0007426 0.000862496 -0.0163729 0.0849479 0.00085933 -0.00204006 -0.0007426 0.00085933 0.0114564 -0.0200075 0.000862496 -0.00204006 -0.0200075 0.0937858 
0.00836769 -0.0163857 -0.000770364 0.000904441 -0.0163857 0.0849522 0.000902954 -0.00219544 -0.000770364 0.000902954 0.0113947 -0.019965 0.000904441 -0.00219544 -0.019965 0.0937085 
0.00839182 -0.0164245 -0.000761062 0.000919264 -0.0164245 0.0850047 0.000922325 -0.00225632 -0.000761062 0.000922325 0.0113335 -0.0198892 0.000919264 -0.00225632 -0.0198892 0.093551 
0.00839353 -0.0164242 -0.000714572 0.000887445 -0.0164242 0.0850085 0.000892895 -0.00221041 -0.000714572 0.000892895 0.0113272 -0.0198526 0.000887445 -0.00221041 -0.0198526 0.0934697 
0.00838865 -0.0164443 -0.000690797 0.000828926 -0.0164443 0.0850476 0.000830486 -0.00208605 -0.000690797 0.000830486 0.0113009 -0.0197989 0.000828926 -0.00208605 -0.0197989 0.0932947 
0.00833496 -0.0164194 -0.000658951 0.000807844 -0.0164194 0.0850079 0.000807528 -0.00200381 -0.000658951 0.000807528 0.0113484 -0.0197891 0.000807844 -0.00200381 -0.0197891 0.0932422 
0.00830348 -0.0163311 -0.000589777 0.000753385 -0.0163311 0.084832 0.000748048 -0.00186961 -0.000589777 0.000748048 0.0114112 -0.0198788 0.000753385 -0.00186961 -0.0198788 0.0933994 
0.0083307 -0.0162928 -0.000518 0.000655206 -0.0162928 0.0846876 0.000645941 -0.00164095 -0.000518 0.000645941 0.0114179 -0.0199613 0.000655206 -0.00164095 -0.0199613 0.0936099 
0.00840228 -0.0163611 -0.000522339 0.000617794 -0.0163611 0.0847804 0.00060677 -0.00153936 -0.000522339 0.00060677 0.0113685 -0.0199375 0.000617794 -0.00153936 -0.0199375 0.0936247 
0.00842714 -0.0164447 -0.000544448 0.000609694 -0.0164447 0.0849665 0.000606978 -0.00148704 -0.000544448 0.000606978 0.0113717 -0.0199005 0.000609694 -0.00148704 -0.0199005 0.0935904 
0.0083999 -0.0164841 -0.00052962 0.000623288 -0.0164841 0.0851198 0.00063155 -0.00149509 -0.00052962 0.00063155 0.0114061 -0.0198998 0.000623288 -0.00149509 -0.0198998 0.09356 
0.00838138 -0.0164598 -0.000536282 0.000646018 -0.0164598 0.0851531 0.00065702 -0.00159349 -0.000536282 0.00065702 0.0114419 -0.0199424 0.000646018 -0.00159349 -0.0199424 0.0936257 
0.00834506 -0.0164343 -0.000543823 0.000639275 -0.0164343 0.0851022 0.000647846 -0.00159642 -0.000543823 0.000647846 0.0114779 -0.0199828 0.000639275 -0.00159642 -0.0199828 0.0937179 
0.00831026 -0.0163829 -0.00058741 0.000667115 -0.0163829 0.0849949 0.000673351 -0.00165547 -0.00058741 0.000673351 0.0115285 -0.0200436 0.000667115 -0.00165547 -0.0200436 0.093875 
0.00828997 -0.0163506 -0.000634977 0.000726607 -0.0163506 0.0849076 0.00072954 -0.00177889 -0.000634977 0.00072954 0.0115606 -0.0200943 0.000726607 -0.00177889 -0.0200943 0.0940051 
0.00825244 -0.0163266 -0.0006955 0.000769815 -0.0163266 0.0848376 0.000771652 -0.00188105 -0.0006955 0.000771652 0.0116082 -0.0201406 0.000769815 -0.00188105 -0.0201406 0.0941373 
0.00822385 -0.0162414 -0.000712779 0.000825789 -0.0162414 0.084639 0.000832295 -0.00199334 -0.000712779 0.000832295 0.0116667 -0.0202588 0.000825789 -0.00199334 -0.0202588 0.0944481 
0.00820413 -0.016245 -0.000690162 0.000844106 -0.016245 0.0845879 0.000858138 -0.00207708 -0.000690162 0.000858138 0.0116759 -0.0202632 0.000844106 -0.00207708 -0.0202632 0.0944985 
0.00823169 -0.0162406 -0.000669584 0.000836604 -0.0162406 0.0845829 0.000847126 -0.00210947 -0.000669584 0.000847126 0.0116094 -0.0202336 0.000836604 -0.00210947 -0.0202336 0.0944148 
0.008261 -0.0162598 -0.000680485 0.000812252 -0.0162598 0.0846009 0.000812042 -0.00206206 -0.000680485 0.000812042 0.011581 -0.02018 0.000812252 -0.00206206 -0.02018 0.0943297 
0.00823383 -0.0162834 -0.000735421 0.000823122 -0.0162834 0.0846377 0.000814176 -0.00203878 -0.000735421 0.000814176 0.0116243 -0.0201605 0.000823122 -0.00203878 -0.0201605 0.094271 
0.0082229 -0.016249 -0.000753585 0.00085846 -0.016249 0.0846135 0.000849346 -0.00205406 -0.000753585 0.000849346 0.0116797 -0.0202339 0.00085846 -0.00205406 -0.0202339 0.0943825 
0.00823456 -0.0162486 -0.000744111 0.000902449 -0.0162486 0.0845994 0.00089683 -0.00216682 -0.000744111 0.00089683 0.0116876 -0.0202858 0.000902449 -0.00216682 -0.0202858 0.0945044 
0.00825348 -0.016302 -0.000760809 0.00089671 -0.016302 0.084724 0.000890632 -0.00221027 -0.000760809 0.000890632 0.0116592 -0.0202519 0.00089671 -0.00221027 -0.0202519 0.0944498 
0.008228 -0.0162969 -0.000748704 0.000886493 -0.0162969 0.0847418 0.000880741 -0.00216268 -0.000748704 0.000880741 0.0116648 -0.0202556 0.000886493 -0.00216268 -0.0202556 0.0944728 
0.00823047 -0.0162728 -0.00071866 0.000859318 -0.0162728 0.0847175 0.000853845 -0.00209038 -0.00071866 0.000853845 0.0116389 -0.0202487 0.000859318 -0.00209038 -0.0202487 0.0944508 
0.00824124 -0.0162689 -0.000676422 0.000823458 -0.0162689 0.0846925 0.000820207 -0.00201044 -0.000676422 0.000820207 0.0116366 -0.0202238 0.000823458 -0.00201044 -0.0202238 0.0944106 
0.00824727 -0.0162886 -0.000646687 0.000797204 -0.0162886 0.0847236 0.00079464 -0.00196781 -0.000646687 0.00079464 0.0116582 -0.0202097 0.000797204 -0.00196781 -0.0202097 0.0943528 
0.00824508 -0.0162837 -0.000572137 0.00074323 -0.0162837 0.0847097 0.000737632 -0.00183894 -0.000572137 0.000737632 0.011671 -0.0202487 0.00074323 -0.00183894 -0.0202487 0.0944076 
0.00826444 -0.0163022 -0.000563806 0.000694073 -0.0163022 0.084758 0.000683456 -0.00175284 -0.000563806 0.000683456 0.0116532 -0.0202458 0.000694073 -0.00175284 -0.0202458 0.0944128 
0.00828747 -0.0163063 -0.000580664 0.000682131 -0.0163063 0.0847688 0.000673179 -0.00169438 -0.000580664 0.000673179 0.0116482 -0.0202606 0.000682131 -0.00169438 -0.0202606 0.0944847 
0.00829313 -0.0163441 -0.000622186 0.000679554 -0.0163441 0.0848501 0.000681236 -0.00166461 -0.000622186 0.000681236 0.011683 -0.0202597 0.000679554 -0.00166461 -0.0202597 0.0945137 
0.00831986 -0.0163537 -0.000671842 0.000731629 -0.0163537 0.0848997 0.000743444 -0.00175109 -0.000671842 0.000743444 0.0116871 -0.0203001 0.000731629 -0.00175109 -0.0203001 0.0945835 
0.00832164 -0.0164501 -0.000713387 0.00081125 -0.0164501 0.085126 0.000829238 -0.00195156 -0.000713387 0.000829238 0.0116512 -0.0202144 0.00081125 -0.00195156 -0.0202144 0.0943728 
0.00827474 -0.0164163 -0.000737824 0.000853665 -0.0164163 0.0851439 0.000865262 -0.00207991 -0.000737824 0.000865262 0.0116886 -0.0202313 0.000853665 -0.00207991 -0.0202313 0.094384 
0.00824581 -0.0163419 -0.000744887 0.000880508 -0.0163419 0.0849974 0.000882173 -0.00214905 -0.000744887 0.000882173 0.0117165 -0.0202898 0.000880508 -0.00214905 -0.0202898 0.0944999 
0.00828426 -0.0162869 -0.00078033 0.000902191 -0.0162869 0.0848229 0.000897788 -0.00221538 -0.00078033 0.000897788 0.011706 -0.0203506 0.000902191 -0.00221538 -0.0203506 0.0946841 
0.00829654 -0.0163462 -0.000840894 0.000955163 -0.0163462 0.0848444 0.000955627 -0.00233484 -0.000840894 0.000955627 0.0116684 -0.0203061 0.000955163 -0.00233484 -0.0203061 0.0946531 
0.00829597 -0.0163929 -0.000861301 0.00102237 -0.0163929 0.0849755 0.00102764 -0.00249084 -0.000861301 0.00102764 0.0116026 -0.0202136 0.00102237 -0.00249084 -0.0202136 0.0944245 
0.00828891 -0.0163489 -0.000826742 0.00102155 -0.0163489 0.0849233 0.0010221 -0.00251908 -0.000826742 0.0010221 0.0115956 -0.020191 0.00102155 -0.00251908 -0.020191 0.0943655 
0.00826437 -0.0163231 -0.000802725 0.000947763 -0.0163231 0.0848384 0.000939122 -0.00235809 -0.000802725 0.000939122 0.0116304 -0.0202012 0.000947763 -0.00235809 -0.0202012 0.0943762 
0.00823875 -0.0163241 -0.00080862 0.000936842 -0.0163241 0.0848372 0.000923971 -0.00227893 -0.00080862 0.000923971 0.0116386 -0.020195 0.000936842 -0.00227893 -0.020195 0.0943109 
0.00818445 -0.0163017 -0.000846555 0.000978594 -0.0163017 0.0848123 0.000969411 -0.00236139 -0.000846555 0.000969411 0.0116512 -0.0201846 0.000978594 -0.00236139 -0.0201846 0.0942489 
0.00814138 -0.0162056 -0.000885858 0.00101612 -0.0162056 0.0846177 0.00101415 -0.00245926 -0.000885858 0.00101415 0.0116622 -0.0202291 0.00101612 -0.00245926 -0.0202291 0.0943311 
0.00814809 -0.0161306 -0.000877775 0.00103958 -0.0161306 0.0843889 0.00104428 -0.00252064 -0.000877775 0.00104428 0.0116452 -0.0202602 0.00103958 -0.00252064 -0.0202602 0.0944389 
0.00815667 -0.0161229 -0.000866097 0.00105266 -0.0161229 0.0842679 0.00105501 -0.00259216 -0.000866097 0.00105501 0.0116401 -0.0202555 0.00105266 -0.00259216 -0.0202555 0.094494 
0.00818304 -0.0161534 -0.000900505 0.0010431 -0.0161534 0.0843044 0.00103996 -0.00259908 -0.000900505 0.00103996 0.0116347 -0.0202264 0.0010431 -0.00259908 -0.0202264 0.0944327 
0.00821227 -0.0162074 -0.00092047 0.0010824 -0.0162074 0.0844349 0.001078 -0.00265133 -0.00092047 0.001078 0.0116368 -0.0201975 0.0010824 -0.00265133 -0.0201975 0.0943265 
0.0082229 -0.0162592 -0.000894547 0.00106873 -0.0162592 0.0845878 0.00106592 -0.0026172 -0.000894547 0.00106592 0.0116244 -0.0201796 0.00106873 -0.0026172 -0.0201796 0.094225 
0.00822106 -0.0162681 -0.000866125 0.00102216 -0.0162681 0.0846615 0.00102084 -0.00251276 -0.000866125 0.00102084 0.0116266 -0.0201795 0.00102216 -0.00251276 -0.0201795 0.094207 
0.00818789 -0.0162489 -0.000846644 0.000988301 -0.0162489 0.0846337 0.000988788 -0.00241279 -0.000846644 0.000988788 0.0116524 -0.0202012 0.000988301 -0.00241279 -0.0202012 0.0942626 
0.00819161 -0.0162024 -0.000869471 0.000979669 -0.0162024 0.0845439 0.000976802 -0.00237504 -0.000869471 0.000976802 0.0116516 -0.0202477 0.000979669 -0.00237504 -0.0202477 0.0943787 
0.00818593 -0.0162084 -0.000887258 0.00103228 -0.0162084 0.0845103 0.00103449 -0.00247898 -0.000887258 0.00103449 0.0116679 -0.0202404 0.00103228 -0.00247898 -0.0202404 0.0944155 
0.0082023 -0.016196 -0.00085284 0.00104566 -0.016196 0.0844811 0.00105303 -0.00255153 -0.00085284 0.00105303 0.0116679 -0.0202734 0.00104566 -0.00255153 -0.0202734 0.0944886 
0.00822376 -0.0162151 -0.000787311 0.000998896 -0.0162151 0.0844971 0.00100546 -0.00250106 -0.000787311 0.00100546 0.0116721 -0.0202845 0.000998896 -0.00250106 -0.0202845 0.0945548 
0.00830855 -0.0162612 -0.000757205 0.000920762 -0.0162612 0.0846001 0.000922945 -0.00234429 -0.000757205 0.000922945 0.011612 -0.0202672 0.000920762 -0.00234429 -0.0202672 0.0945231 
0.00835838 -0.0163597 -0.000732957 0.000863016 -0.0163597 0.0847911 0.000866524 -0.00216004 -0.000732957 0.000866524 0.0115912 -0.0202082 0.000863016 -0.00216004 -0.0202082 0.0944339 
0.0083642 -0.016455 -0.000703333 0.000843648 -0.016455 0.0850617 0.000846528 -0.00207137 -0.000703333 0.000846528 0.0115735 -0.0201395 0.000843648 -0.00207137 -0.0201395 0.0942273 
0.00834541 -0.0164959 -0.000667641 0.000833513 -0.0164959 0.0852691 0.000831122 -0.00204903 -0.000667641 0.000831122 0.0115483 -0.0200694 0.000833513 -0.00204903 -0.0200694 0.0939768 
0.00831715 -0.0164501 -0.000654001 0.000797913 -0.0164501 0.0852473 0.000785174 -0.00197921 -0.000654001 0.000785174 0.011546 -0.0200652 0.000797913 -0.00197921 -0.0200652 0.0939083 
0.00831795 -0.0163883 -0.000671456 0.000791364 -0.0163883 0.0850992 0.000776948 -0.00194772 -0.000671456 0.000776948 0.0115249 -0.0200893 0.000791364 -0.00194772 -0.0200893 0.0939627 
0.00834928 -0.0163687 -0.000683391 0.000817468 -0.0163687 0.0849814 0.00081133 -0.00199897 -0.000683391 0.00081133 0.0115012 -0.020083 0.000817468 -0.00199897 -0.020083 0.0940073 
0.00835874 -0.0163889 -0.000653266 0.000797052 -0.0163889 0.084953 0.000798692 -0.00196411 -0.000653266 0.000798692 0.0115162 -0.0200768 0.000797052 -0.00196411 -0.0200768 0.0940333 
0.00837198 -0.0164268 -0.000650331 0.000771164 -0.0164268 0.0850333 0.000771555 -0.00191676 -0.000650331 0.000771555 0.0114923 -0.0200596 0.000771164 -0.00191676 -0.0200596 0.0939698 
0.00836646 -0.0164405 -0.000678144 0.000770523 -0.0164405 0.0850897 0.000771424 -0.00189559 -0.000678144 0.000771424 0.0114809 -0.0200396 0.000770523 -0.00189559 -0.0200396 0.0939315 
0.00836354 -0.0164634 -0.000703596 0.000827766 -0.0164634 0.0851716 0.000835624 -0.00201553 -0.000703596 0.000835624 0.0114395 -0.0199741 0.000827766 -0.00201553 -0.0199741 0.0937483 
0.00836331 -0.016444 -0.000691574 0.000848973 -0.016444 0.0851598 0.00085905 -0.00210239 -0.000691574 0.00085905 0.0114203 -0.0199391 0.000848973 -0.00210239 -0.0199391 0.0936382 
0.00837288 -0.0164276 -0.00070035 0.000851022 -0.0164276 0.0850979 0.000858082 -0.0021523 -0.00070035 0.000858082 0.0113822 -0.0199195 0.000851022 -0.0021523 -0.0199195 0.0935732 
0.00835429 -0.0164193 -0.000720139 0.000820776 -0.0164193 0.0850394 0.000824888 -0.00206477 -0.000720139 0.000824888 0.0113657 -0.019889 0.000820776 -0.00206477 -0.019889 0.0935196 
0.00836124 -0.0163789 -0.000673696 0.000824443 -0.0163789 0.0849432 0.000828578 -0.0020109 -0.000673696 0.000828578 0.0113576 -0.0198902 0.000824443 -0.0020109 -0.0198902 0.0935221 
0.00837797 -0.0163441 -0.00062092 0.000762038 -0.0163441 0.0847953 0.000761494 -0.00188891 -0.00062092 0.000761494 0.011362 -0.0199263 0.000762038 -0.00188891 -0.0199263 0.0936409 
0.008378 -0.0163836 -0.000585938 0.000719069 -0.0163836 0.0848194 0.000718105 -0.00178633 -0.000585938 0.000718105 0.0113735 -0.0199087 0.000719069 -0.00178633 -0.0199087 0.093634 
0.0083572 -0.0164092 -0.000569814 0.000692566 -0.0164092 0.0849169 0.000692157 -0.00172492 -0.000569814 0.000692157 0.0114139 -0.019906 0.000692566 -0.00172492 -0.019906 0.0936001 
0.00836181 -0.0163903 -0.000529372 0.000678499 -0.0163903 0.084934 0.000673918 -0.00167932 -0.000529372 0.000673918 0.011427 -0.0199543 0.000678499 -0.00167932 -0.0199543 0.0936618 
0.00836858 -0.0164 -0.000540793 0.000638199 -0.0164 0.0849555 0.000629933 -0.0016097 -0.000540793 0.000629933 0.0114552 -0.0199767 0.000638199 -0.0016097 -0.0199767 0.0937382 
0.00838348 -0.016449 -0.000580275 0.000666099 -0.016449 0.0850863 0.00066306 -0.00164442 -0.000580275 0.00066306 0.0114629 -0.0199647 0.000666099 -0.00164442 -0.0199647 0.0936867 
0.00841946 -0.0164582 -0.000621465 0.000702903 -0.0164582 0.0851448 0.000706413 -0.00171969 -0.000621465 0.000706413 0.0114542 -0.0199921 0.000702903 -0.00171969 -0.0199921 0.0937308 
0.00843522 -0.0164835 -0.0005975 0.000728324 -0.0164835 0.0851733 0.000737253 -0.00177133 -0.0005975 0.000737253 0.0114393 -0.0200014 0.000728324 -0.00177133 -0.0200014 0.093793 
0.00843658 -0.0164766 -0.000563545 0.000675434 -0.0164766 0.0851576 0.000686209 -0.00168677 -0.000563545 0.000686209 0.0114604 -0.0200355 0.000675434 -0.00168677 -0.0200355 0.0939354 
0.00843153 -0.0164985 -0.000550575 0.000662952 -0.0164985 0.0852007 0.000670246 -0.0016477 -0.000550575 0.000670246 0.0114692 -0.0200321 0.000662952 -0.0016477 -0.0200321 0.0939524 
0.00840215 -0.0165288 -0.000567798 0.000676331 -0.0165288 0.085298 0.000677612 -0.00167583 -0.000567798 0.000677612 0.0114437 -0.019983 0.000676331 -0.00167583 -0.019983 0.0938075 
0.00838255 -0.0164768 -0.000583944 0.000674005 -0.0164768 0.0852481 0.000670528 -0.00165443 -0.000583944 0.000670528 0.0114319 -0.0199801 0.000674005 -0.00165443 -0.0199801 0.0937775 
0.00837852 -0.0164276 -0.000586565 0.000697684 -0.0164276 0.0851145 0.000692636 -0.00168805 -0.000586565 0.000692636 0.0114315 -0.0199898 0.000697684 -0.00168805 -0.0199898 0.0938144 
0.00835505 -0.0164257 -0.000638697 0.000725111 -0.0164257 0.0850662 0.000719547 -0.00177847 -0.000638697 0.000719547 0.011469 -0.0199875 0.000725111 -0.00177847 -0.0199875 0.09382 
0.00830565 -0.0164132 -0.000707455 0.000786869 -0.0164132 0.085049 0.000782404 -0.00190543 -0.000707455 0.000782404 0.0115262 -0.0200042 0.000786869 -0.00190543 -0.0200042 0.0938061 
0.00825329 -0.0163528 -0.000772979 0.000838522 -0.0163528 0.0849546 0.000835413 -0.00200707 -0.000772979 0.000835413 0.0115984 -0.0200865 0.000838522 -0.00200707 -0.0200865 0.0939453 
0.00824017 -0.0162785 -0.000742633 0.000905021 -0.0162785 0.08478 0.000905173 -0.00214189 -0.000742633 0.000905173 0.0116437 -0.0201926 0.000905021 -0.00214189 -0.0201926 0.094197 
0.00826183 -0.0162729 -0.000696661 0.000887652 -0.0162729 0.0847062 0.000889919 -0.00220037 -0.000696661 0.000889919 0.0116354 -0.0202347 0.000887652 -0.00220037 -0.0202347 0.0943507 
0.0082707 -0.016306 -0.000680068 0.000856759 -0.016306 0.0847471 0.000856538 -0.00218339 -0.000680068 0.000856538 0.011641 -0.0202292 0.000856759 -0.00218339 -0.0202292 0.0944073 
0.00827056 -0.0163286 -0.000680148 0.000802365 -0.0163286 0.0848186 0.000803168 -0.00204392 -0.000680148 0.000803168 0.0116311 -0.020222 0.000802365 -0.00204392 -0.020222 0.0943854 
0.00829746 -0.0163237 -0.000680596 0.000777179 -0.0163237 0.0848365 0.000782907 -0.00192722 -0.000680596 0.000782907 0.0116136 -0.0202214 0.000777179 -0.00192722 -0.0202214 0.0943905 
0.00831133 -0.0163375 -0.000662558 0.000783623 -0.0163375 0.0848417 0.000794597 -0.0019133 -0.000662558 0.000794597 0.0116439 -0.0202308 0.000783623 -0.0019133 -0.0202308 0.094447 
0.00833903 -0.0163871 -0.000669557 0.000781041 -0.0163871 0.0849535 0.000786661 -0.00192519 -0.000669557 0.000786661 0.0116449 -0.020227 0.000781041 -0.00192519 -0.020227 0.094409 
0.00836877 -0.0164116 -0.000665424 0.000789218 -0.0164116 0.085035 0.000786772 -0.00192475 -0.000665424 0.000786772 0.0116587 -0.0202588 0.000789218 -0.00192475 -0.0202588 0.0944853 
0.00836839 -0.0164792 -0.000650957 0.000807331 -0.0164792 0.0852033 0.000801226 -0.00197658 -0.000650957 0.000801226 0.0116734 -0.0202407 0.000807331 -0.00197658 -0.0202407 0.0944472 
0.00837055 -0.0164874 -0.000680191 0.00081119 -0.0164874 0.0853024 0.000802559 -0.002026 -0.000680191 0.000802559 0.0116814 -0.0202616 0.00081119 -0.002026 -0.0202616 0.0944677 
0.00832737 -0.0165042 -0.000683638 0.000811935 -0.0165042 0.0853646 0.000806672 -0.00200231 -0.000683638 0.000806672 0.0116826 -0.0202406 0.000811935 -0.00200231 -0.0202406 0.0944085 
0.00832585 -0.0164576 -0.000697467 0.000786055 -0.0164576 0.0853278 0.000780527 -0.00192133 -0.000697467 0.000780527 0.0116458 -0.0202357 0.000786055 -0.00192133 -0.0202357 0.0943634 
0.00833059 -0.0164181 -0.000670109 0.000804964 -0.0164181 0.0851988 0.000798467 -0.0019157 -0.000670109 0.000798467 0.0116265 -0.0202271 0.000804964 -0.0019157 -0.0202271 0.094383 
0.00836602 -0.0164111 -0.000640423 0.000782455 -0.0164111 0.085125 0.000776039 -0.00189938 -0.000640423 0.000776039 0.0115994 -0.0202136 0.000782455 -0.00189938 -0.0202136 0.0943753 
0.00835591 -0.0164643 -0.000637797 0.000758845 -0.0164643 0.0851828 0.000755371 -0.00186517 -0.000637797 0.000755371 0.0115746 -0.0201467 0.000758845 -0.00186517 -0.0201467 0.094224 
0.0083201 -0.0164531 -0.000647299 0.000766728 -0.0164531 0.0852023 0.000768528 -0.00188058 -0.000647299 0.000768528 0.0115684 -0.0201103 0.000766728 -0.00188058 -0.0201103 0.094096 
0.00827178 -0.0163576 -0.000667011 0.000778411 -0.0163576 0.0850034 0.000781258 -0.00191399 -0.000667011 0.000781258 0.0116269 -0.0201729 0.000778411 -0.00191399 -0.0201729 0.0942365 
0.00828749 -0.0163206 -0.000682309 0.000807851 -0.0163206 0.0848682 0.000806062 -0.00197504 -0.000682309 0.000806062 0.0116141 -0.0201967 0.000807851 -0.00197504 -0.0201967 0.0942757 
0.00831367 -0.0163118 -0.000693185 0.000819439 -0.0163118 0.0847745 0.000816247 -0.00200936 -0.000693185 0.000816247 0.0115977 -0.0202236 0.000819439 -0.00200936 -0.0202236 0.0943934 
0.00829572 -0.0163828 -0.000718599 0.000845015 -0.0163828 0.0849037 0.000846405 -0.00208254 -0.000718599 0.000846405 0.0116022 -0.0201658 0.000845015 -0.00208254 -0.0201658 0.0942971 
0.0082838 -0.016358 -0.000722403 0.000842281 -0.016358 0.0849453 0.000848293 -0.002076 -0.000722403 0.000848293 0.0116403 -0.020195 0.000842281 -0.002076 -0.020195 0.0943179 
0.00831537 -0.0163351 -0.000729272 0.000842975 -0.0163351 0.0849001 0.000850723 -0.00207243 -0.000729272 0.000850723 0.01166 -0.0202532 0.000842975 -0.00207243 -0.0202532 0.0944409 
0.00832795 -0.0164074 -0.000741329 0.00086093 -0.0164074 0.0850152 0.00086903 -0.00210767 -0.000741329 0.00086903 0.0116436 -0.0202199 0.00086093 -0.00210767 -0.0202199 0.0943704 
0.00832081 -0.0164376 -0.000739522 0.000868503 -0.0164376 0.0851335 0.000874622 -0.00212106 -0.000739522 0.000874622 0.0116078 -0.0201775 0.000868503 -0.00212106 -0.0201775 0.0942412 
