0.00899762 0 -0.000444505 0 0 0.01 0 0 -0.000444505 0 0.00529424 0 0 0 0 0.01 
0.0123658 -0.0153121 -0.000543307 0.000666653 -0.0153121 0.0385342 0.000666653 -0.00127827 -0.000543307 0.000666653 0.00782212 -0.00975439 0.000666653 -0.00127827 -0.00975439 0.0278779 
0.0121436 -0.0221669 -0.000404731 0.000716892 -0.0221669 0.0798579 0.000716892 -0.00226767 -0.000404731 0.000716892 0.00813537 -0.0156969 0.000716892 -0.00226767 -0.0156969 0.0595056 
0.011456 -0.0210182 -0.000281241 0.000451067 -0.0210182 0.0915336 0.000455209 -0.00161012 -0.000281241 0.000455209 0.00773491 -0.0163641 0.000451067 -0.00161012 -0.0163641 0.076027 
0.0115091 -0.0201933 -0.000291727 0.000327523 -0.0201933 0.0929657 0.000335976 -0.000988922 -0.000291727 0.000335976 0.00766094 -0.0159726 0.000327523 -0.000988922 -0.0159726 0.0817237 
0.011748 -0.0202241 -0.000350452 0.000367389 -0.0202241 0.0937105 0.000376899 -0.000873407 -0.000350452 0.000376899 0.00774043 -0.0157791 0.000367389 -0.000873407 -0.0157791 0.0831584 
0.0119026 -0.0204267 -0.000386089 0.000428159 -0.0204267 0.0944926 0.000435846 -0.000979154 -0.000386089 0.000435846 0.00782328 -0.0157742 0.000428159 -0.000979154 -0.0157742 0.0834828 
0.0119871 -0.020548 -0.000374803 0.000459717 -0.020548 0.0949851 0.000462384 -0.00108088 -0.000374803 0.000462384 0.00785315 -0.015808 0.000459717 -0.00108088 -0.015808 0.0835554 
0.0120277 -0.0206298 -0.00032681 0.000414756 -0.0206298 0.0952581 0.00041383 -0.0010168 -0.00032681 0.00041383 0.00787909 -0.015821 0.000414756 -0.0010168 -0.015821 0.0835671 
0.0120205 -0.020634 -0.000307955 0.000393398 -0.020634 0.0952909 0.000389996 -0.000985941 -0.000307955 0.000389996 0.00788605 -0.0158752 0.000393398 -0.000985941 -0.0158752 0.0836681 
0.0119876 -0.0206781 -0.000270328 0.000352714 -0.0206781 0.0954264 0.000345402 -0.000879976 -0.000270328 0.000345402 0.00794339 -0.0158636 0.000352714 -0.000879976 -0.0158636 0.0836846 
0.0119458 -0.0205995 -0.000241958 0.000308209 -0.0205995 0.0953028 0.00029622 -0.000762685 -0.000241958 0.00029622 0.00797248 -0.0159642 0.000308209 -0.000762685 -0.0159642 0.0838705 
0.0119071 -0.0205704 -0.000200809 0.000265147 -0.0205704 0.0952236 0.000257052 -0.000638409 -0.000200809 0.000257052 0.00799667 -0.0159879 0.000265147 -0.000638409 -0.0159879 0.0839862 
0.011864 -0.0205179 -0.000194885 0.000246272 -0.0205179 0.0951087 0.000242324 -0.000604672 -0.000194885 0.000242324 0.00802706 -0.0160174 0.000246272 -0.000604672 -0.0160174 0.0840705 
0.0118257 -0.0204506 -0.000215701 0.000272287 -0.0204506 0.0949379 0.00027017 -0.000673215 -0.000215701 0.00027017 0.00805772 -0.0160574 0.000272287 -0.000673215 -0.0160574 0.0841673 
0.0118373 -0.0204256 -0.000221228 0.000279162 -0.0204256 0.0948573 0.000278354 -0.000696253 -0.000221228 0.000278354 0.00804463 -0.0160781 0.000279162 -0.000696253 -0.0160781 0.0842201 
0.0118334 -0.0204254 -0.000246601 0.000282675 -0.0204254 0.0948106 0.00028328 -0.000710508 -0.000246601 0.00028328 0.00802378 -0.0160711 0.000282675 -0.000710508 -0.0160711 0.0842383 
0.0117774 -0.0204383 -0.000257396 0.000314339 -0.0204383 0.0948466 0.00031325 -0.000764984 -0.000257396 0.00031325 0.00808271 -0.016035 0.000314339 -0.000764984 -0.016035 0.0841744 
0.0117313 -0.0203538 -0.000244162 0.000325706 -0.0203538 0.0947109 0.000316708 -0.000794943 -0.000244162 0.000316708 0.00809426 -0.0161107 0.000325706 -0.000794943 -0.0161107 0.0842583 
0.0117428 -0.0203136 -0.000204643 0.000285236 -0.0203136 0.0946014 0.000273297 -0.00071345 -0.000204643 0.000273297 0.0080578 -0.016119 0.000285236 -0.00071345 -0.016119 0.084325 
0.011788 -0.0203601 -0.000161554 0.000225862 -0.0203601 0.094678 0.00022091 -0.000578663 -0.000161554 0.00022091 0.00801528 -0.0160447 0.000225862 -0.000578663 -0.0160447 0.0841996 
0.0117953 -0.0204079 -0.000132488 0.00017301 -0.0204079 0.0947844 0.000176373 -0.000452722 -0.000132488 0.000176373 0.00802726 -0.0159925 0.00017301 -0.000452722 -0.0159925 0.0840483 
0.0118199 -0.0204277 -0.000152033 0.000161566 -0.0204277 0.094878 0.000168411 -0.000409797 -0.000152033 0.000168411 0.00802446 -0.0159886 0.000161566 -0.000409797 -0.0159886 0.0839525 
0.0117952 -0.0204389 -0.000197942 0.000186122 -0.0204389 0.0948994 0.000189636 -0.000430806 -0.000197942 0.000189636 0.0080704 -0.0160046 0.000186122 -0.000430806 -0.0160046 0.0839705 
0.0117543 -0.020416 -0.000231302 0.000256341 -0.020416 0.0948865 0.000253123 -0.000561973 -0.000231302 0.000253123 0.00811308 -0.016059 0.000256341 -0.000561973 -0.016059 0.0840586 
0.0116872 -0.0203158 -0.000272168 0.00034231 -0.0203158 0.0946577 0.000337875 -0.000807143 -0.000272168 0.000337875 0.00813832 -0.0161469 0.00034231 -0.000807143 -0.0161469 0.0842736 
0.0116512 -0.0202594 -0.00024539 0.000331728 -0.0202594 0.0945013 0.000331589 -0.000826224 -0.00024539 0.000331589 0.0081449 -0.0161684 0.000331728 -0.000826224 -0.0161684 0.0843993 
0.011603 -0.0202077 -0.000190989 0.000298023 -0.0202077 0.0943472 0.000301982 -0.000779808 -0.000190989 0.000301982 0.00817077 -0.0161757 0.000298023 -0.000779808 -0.0161757 0.0844551 
0.0116067 -0.0201861 -0.000178823 0.000236676 -0.0201861 0.0943038 0.000244152 -0.000674177 -0.000178823 0.000244152 0.00819191 -0.0161786 0.000236676 -0.000674177 -0.0161786 0.084454 
0.0116449 -0.0201625 -0.000173185 0.000198907 -0.0201625 0.0942082 0.000205565 -0.000538093 -0.000173185 0.000205565 0.0081869 -0.0162225 0.000198907 -0.000538093 -0.0162225 0.084537 
0.0116733 -0.0201999 -0.000163719 0.000197542 -0.0201999 0.0942186 0.000202455 -0.000485404 -0.000163719 0.000202455 0.0081533 -0.016223 0.000197542 -0.000485404 -0.016223 0.0845768 
0.0116383 -0.0202537 -0.00016934 0.000195935 -0.0202537 0.0943478 0.000199522 -0.000481286 -0.00016934 0.000199522 0.00818288 -0.016176 0.000195935 -0.000481286 -0.016176 0.0845111 
0.0116198 -0.02023 -0.000158016 0.00020885 -0.02023 0.0943932 0.000205173 -0.000494577 -0.000158016 0.000205173 0.0081925 -0.0161953 0.00020885 -0.000494577 -0.0161953 0.0844867 
0.0115655 -0.0201751 -0.000139341 0.000218051 -0.0201751 0.0942695 0.000205972 -0.000532141 -0.000139341 0.000205972 0.00821801 -0.0162252 0.000218051 -0.000532141 -0.0162252 0.0845519 
0.0115587 -0.0201357 -7.39839e-05 0.000166579 -0.0201357 0.0941895 0.000152085 -0.000429079 -7.39839e-05 0.000152085 0.00822754 -0.0162366 0.000166579 -0.000429079 -0.0162366 0.0845802 
0.0115862 -0.0201268 -3.45168e-05 7.81744e-05 -0.0201268 0.0941388 7.2069e-05 -0.000249102 -3.45168e-05 7.2069e-05 0.00822537 -0.0162495 7.81744e-05 -0.000249102 -0.0162495 0.0846148 
0.0116213 -0.0201511 -2.31839e-05 1.89412e-05 -0.0201511 0.0941464 2.45698e-05 -7.65429e-05 -2.31839e-05 2.45698e-05 0.00821027 -0.0162523 1.89412e-05 -7.65429e-05 -0.0162523 0.0846335 
0.0116345 -0.0201413 -6.35731e-05 3.86646e-05 -0.0201413 0.0940731 4.91528e-05 -9.0743e-05 -6.35731e-05 4.91528e-05 0.00817872 -0.016272 3.86646e-05 -9.0743e-05 -0.016272 0.0847084 
0.0116545 -0.0201894 -5.72521e-05 9.67351e-05 -0.0201894 0.0941656 0.000107584 -0.000204984 -5.72521e-05 0.000107584 0.00814108 -0.0162068 9.67351e-05 -0.000204984 -0.0162068 0.0846061 
0.0116409 -0.0202176 -8.9406e-05 0.000104197 -0.0202176 0.0942559 0.000114177 -0.000284934 -8.9406e-05 0.000114177 0.00811859 -0.0161412 0.000104197 -0.000284934 -0.0161412 0.0844231 
0.0116172 -0.0202126 -0.0001433 0.000148692 -0.0202126 0.0942999 0.000148126 -0.000367833 -0.0001433 0.000148126 0.0081146 -0.0160972 0.000148692 -0.000367833 -0.0160972 0.0842589 
0.0116071 -0.020179 -0.00014602 0.000206908 -0.020179 0.0942529 0.000192058 -0.00046811 -0.00014602 0.000192058 0.00809579 -0.0160878 0.000206908 -0.00046811 -0.0160878 0.0841752 
0.0115981 -0.0201782 -0.000147547 0.000198167 -0.0201782 0.0942415 0.000179674 -0.000483456 -0.000147547 0.000179674 0.00810022 -0.0160543 0.000198167 -0.000483456 -0.0160543 0.0840888 
0.0116041 -0.02016 -0.000139023 0.000187459 -0.02016 0.0942015 0.00017311 -0.000453405 -0.000139023 0.00017311 0.00810275 -0.0160567 0.000187459 -0.000453405 -0.0160567 0.0840461 
0.0116026 -0.0201661 -0.000131045 0.000179563 -0.0201661 0.0941909 0.000171513 -0.000438413 -0.000131045 0.000171513 0.0081183 -0.0160578 0.000179563 -0.000438413 -0.0160578 0.0840297 
0.0115972 -0.0201626 -0.00013541 0.000166036 -0.0201626 0.0941843 0.00016642 -0.000422564 -0.00013541 0.00016642 0.00813666 -0.0160887 0.000166036 -0.000422564 -0.0160887 0.0840888 
0.0115405 -0.020135 -0.000135953 0.000184901 -0.020135 0.0941133 0.000190256 -0.000465293 -0.000135953 0.000190256 0.00818697 -0.0161289 0.000184901 -0.000465293 -0.0161289 0.0841967 
0.0114737 -0.0200929 -0.000138862 0.000170118 -0.0200929 0.0940547 0.000180713 -0.000453675 -0.000138862 0.000180713 0.00825116 -0.016179 0.000170118 -0.000453675 -0.016179 0.0843121 
0.0113934 -0.0200161 -0.000128558 0.000177483 -0.0200161 0.0939129 0.000186185 -0.000459102 -0.000128558 0.000186185 0.00832986 -0.0162564 0.000177483 -0.000459102 -0.0162564 0.084484 
0.0113281 -0.0198951 -0.000108342 0.000145335 -0.0198951 0.0936303 0.00014985 -0.000388452 -0.000108342 0.00014985 0.0083848 -0.0163709 0.000145335 -0.000388452 -0.0163709 0.0847587 
0.0113041 -0.0198149 -9.38831e-05 0.000137902 -0.0198149 0.0933871 0.000140524 -0.000359912 -9.38831e-05 0.000140524 0.00840604 -0.016437 0.000137902 -0.000359912 -0.016437 0.0849777 
0.0112865 -0.019788 -5.30525e-05 9.56458e-05 -0.019788 0.0932531 9.98573e-05 -0.000258299 -5.30525e-05 9.98573e-05 0.00843073 -0.0164599 9.56458e-05 -0.000258299 -0.0164599 0.0850939 
0.0113061 -0.0197547 -4.87011e-05 8.19563e-05 -0.0197547 0.0931417 9.28193e-05 -0.000246368 -4.87011e-05 9.28193e-05 0.00842613 -0.016498 8.19563e-05 -0.000246368 -0.016498 0.0852008 
0.0113196 -0.019765 -2.7894e-05 7.51352e-05 -0.019765 0.0930947 9.12687e-05 -0.000230374 -2.7894e-05 9.12687e-05 0.00839255 -0.0164965 7.51352e-05 -0.000230374 -0.0164965 0.0852405 
0.0113317 -0.0197934 -3.60731e-05 3.27616e-05 -0.0197934 0.0931447 4.93143e-05 -0.000145191 -3.60731e-05 4.93143e-05 0.00836601 -0.0164521 3.27616e-05 -0.000145191 -0.0164521 0.0851815 
0.0113178 -0.0198047 -8.54813e-05 8.78406e-05 -0.0198047 0.093185 9.37671e-05 -0.000229428 -8.54813e-05 9.37671e-05 0.00835338 -0.0164113 8.78406e-05 -0.000229428 -0.0164113 0.085071 
0.0113182 -0.0198111 -0.000101792 0.000129609 -0.0198111 0.0932428 0.000123492 -0.000300892 -0.000101792 0.000123492 0.00834235 -0.016373 0.000129609 -0.000300892 -0.016373 0.0849404 
0.0113357 -0.0198368 -0.00010515 0.000164884 -0.0198368 0.0933385 0.000155852 -0.000402552 -0.00010515 0.000155852 0.00832502 -0.0163358 0.000164884 -0.000402552 -0.0163358 0.0848027 
0.0113617 -0.019849 -0.000127352 0.00016849 -0.019849 0.0933849 0.00015798 -0.000448622 -0.000127352 0.00015798 0.00831428 -0.0163222 0.00016849 -0.000448622 -0.0163222 0.0847368 
0.0114024 -0.0199254 -0.000135741 0.000155909 -0.0199254 0.0935811 0.000148293 -0.000397724 -0.000135741 0.000148293 0.00830416 -0.0162855 0.000155909 -0.000397724 -0.0162855 0.0846331 
0.0114578 -0.0199968 -0.000106121 0.000144933 -0.0199968 0.0938055 0.000138138 -0.000339542 -0.000106121 0.000138138 0.00829098 -0.016272 0.000144933 -0.000339542 -0.016272 0.0845724 
0.0114496 -0.0200215 -8.31698e-05 0.000145606 -0.0200215 0.093878 0.000140471 -0.000364199 -8.31698e-05 0.000140471 0.00830836 -0.0162952 0.000145606 -0.000364199 -0.0162952 0.0846319 
0.0113904 -0.0199772 -7.38214e-05 0.000126459 -0.0199772 0.0937922 0.000121063 -0.000346646 -7.38214e-05 0.000121063 0.00833376 -0.0163409 0.000126459 -0.000346646 -0.0163409 0.0847546 
0.0113132 -0.019923 -5.45695e-05 0.000101582 -0.019923 0.0936887 9.17355e-05 -0.000276689 -5.45695e-05 9.17355e-05 0.00840036 -0.0163593 0.000101582 -0.000276689 -0.0163593 0.0848274 
0.0112621 -0.0197926 -5.25569e-05 9.78756e-05 -0.0197926 0.0933893 8.85645e-05 -0.00026257 -5.25569e-05 8.85645e-05 0.00842793 -0.0164504 9.78756e-05 -0.00026257 -0.0164504 0.0849956 
0.0112746 -0.0197353 -5.74147e-05 7.19238e-05 -0.0197353 0.0931721 7.13559e-05 -0.000204798 -5.74147e-05 7.13559e-05 0.00840327 -0.0164781 7.19238e-05 -0.000204798 -0.0164781 0.0851143 
0.011294 -0.0197506 -3.56451e-05 4.49886e-05 -0.0197506 0.0931139 4.52497e-05 -0.000105695 -3.56451e-05 4.52497e-05 0.00838217 -0.0164468 4.49886e-05 -0.000105695 -0.0164468 0.0851069 
0.0112633 -0.0197407 -1.90217e-05 5.59639e-05 -0.0197407 0.0930439 5.59225e-05 -0.000128445 -1.90217e-05 5.59225e-05 0.00838661 -0.0164368 5.59639e-05 -0.000128445 -0.0164368 0.085086 
0.0112529 -0.0197584 -3.10462e-06 3.72422e-05 -0.0197584 0.0931209 4.27249e-05 -0.000121919 -3.10462e-06 4.27249e-05 0.00842545 -0.0164035 3.72422e-05 -0.000121919 -0.0164035 0.0849915 
0.0112476 -0.0197458 7.39628e-06 1.85087e-05 -0.0197458 0.0931279 2.7817e-05 -9.32991e-05 7.39628e-06 2.7817e-05 0.00846236 -0.0164503 1.85087e-05 -9.32991e-05 -0.0164503 0.085021 
0.0112824 -0.0197572 4.71837e-05 -4.60608e-05 -0.0197572 0.0931647 -3.8615e-05 8.12399e-05 4.71837e-05 -3.8615e-05 0.00846332 -0.0164973 -4.60608e-05 8.12399e-05 -0.0164973 0.0851247 
0.0113016 -0.0197782 6.49229e-05 -4.67596e-05 -0.0197782 0.0931869 -4.30117e-05 0.000106934 6.49229e-05 -4.30117e-05 0.00844521 -0.0165187 -4.67596e-05 0.000106934 -0.0165187 0.0852246 
0.0113719 -0.0198379 8.38518e-05 -7.00107e-05 -0.0198379 0.0933464 -6.80627e-05 0.000153544 8.38518e-05 -6.80627e-05 0.00838629 -0.0164782 -7.00107e-05 0.000153544 -0.0164782 0.0851788 
0.0113894 -0.0198903 7.11059e-05 -6.13654e-05 -0.0198903 0.0934525 -6.08472e-05 0.000121452 7.11059e-05 -6.08472e-05 0.0083728 -0.016432 -6.13654e-05 0.000121452 -0.016432 0.0851069 
0.0113704 -0.0198946 8.78249e-05 -5.44254e-05 -0.0198946 0.0934856 -5.65733e-05 0.000111595 8.78249e-05 -5.65733e-05 0.00836075 -0.0164215 -5.44254e-05 0.000111595 -0.0164215 0.0850544 
0.0113406 -0.0198819 0.000143924 -0.000116433 -0.0198819 0.0934865 -0.000116319 0.000247194 0.000143924 -0.000116319 0.00836891 -0.0163981 -0.000116433 0.000247194 -0.0163981 0.0849948 
0.011345 -0.0198786 0.000189745 -0.000196263 -0.0198786 0.0935182 -0.000195292 0.00043935 0.000189745 -0.000195292 0.00839251 -0.0163828 -0.000196263 0.00043935 -0.0163828 0.0849246 
0.0113378 -0.0198911 0.000213353 -0.000230952 -0.0198911 0.0935527 -0.000234133 0.000556904 0.000213353 -0.000234133 0.00844006 -0.0164025 -0.000230952 0.000556904 -0.0164025 0.0849152 
0.0113362 -0.0198507 0.00021449 -0.000240587 -0.0198507 0.0934649 -0.000248025 0.000600061 0.00021449 -0.000248025 0.00845335 -0.0164866 -0.000240587 0.000600061 -0.0164866 0.0850715 
0.0113404 -0.0198211 0.000172704 -0.000199186 -0.0198211 0.0933437 -0.000205235 0.000501127 0.000172704 -0.000205235 0.00843311 -0.0165204 -0.000199186 0.000501127 -0.0165204 0.0852139 
0.0113454 -0.0198214 0.000131897 -0.000143748 -0.0198214 0.0932927 -0.00015003 0.000362016 0.000131897 -0.00015003 0.00841518 -0.016504 -0.000143748 0.000362016 -0.016504 0.0852507 
0.0113235 -0.0198523 0.000141875 -0.000120978 -0.0198523 0.0933564 -0.000130162 0.000299616 0.000141875 -0.000130162 0.00845916 -0.0164684 -0.000120978 0.000299616 -0.0164684 0.0851893 
0.0113259 -0.0198512 0.000163278 -0.000159096 -0.0198512 0.0934163 -0.000167524 0.000366196 0.000163278 -0.000167524 0.0084883 -0.0165018 -0.000159096 0.000366196 -0.0165018 0.0851832 
0.0113273 -0.0198363 0.000176767 -0.000153159 -0.0198363 0.0933871 -0.000159383 0.000353312 0.000176767 -0.000159383 0.00849428 -0.0165541 -0.000153159 0.000353312 -0.0165541 0.0852922 
0.0112944 -0.0198219 0.000161987 -0.000137032 -0.0198219 0.0933342 -0.000138207 0.000278409 0.000161987 -0.000138207 0.00849291 -0.0165724 -0.000137032 0.000278409 -0.0165724 0.0853788 
0.0113084 -0.0197924 0.00015225 -0.000142408 -0.0197924 0.0932866 -0.000140773 0.000282531 0.00015225 -0.000140773 0.00845414 -0.0165635 -0.000142408 0.000282531 -0.0165635 0.0853886 
0.0113512 -0.0198475 0.000166406 -0.000198774 -0.0198475 0.0933969 -0.000197104 0.000447711 0.000166406 -0.000197104 0.0084479 -0.0164947 -0.000198774 0.000447711 -0.0164947 0.0852688 
0.0113728 -0.0198951 0.000175111 -0.000183957 -0.0198951 0.0935166 -0.000186156 0.00046128 0.000175111 -0.000186156 0.00846687 -0.0164836 -0.000183957 0.00046128 -0.0164836 0.0851798 
0.0113586 -0.019885 0.00015685 -0.000145839 -0.019885 0.0935044 -0.000148377 0.000347809 0.00015685 -0.000148377 0.00846877 -0.0165329 -0.000145839 0.000347809 -0.0165329 0.0852487 
0.0113968 -0.0198899 0.000184876 -0.00017531 -0.0198899 0.0935325 -0.000174354 0.000402778 0.000184876 -0.000174354 0.00842704 -0.0165358 -0.00017531 0.000402778 -0.0165358 0.0853016 
0.0114756 -0.0199703 0.000196761 -0.000224471 -0.0199703 0.0937099 -0.000222185 0.000519966 0.000196761 -0.000222185 0.00837225 -0.016464 -0.000224471 0.000519966 -0.016464 0.0851894 
0.0115143 -0.0200488 0.000212074 -0.000217708 -0.0200488 0.0938873 -0.00021601 0.000534128 0.000212074 -0.00021601 0.00835392 -0.016411 -0.000217708 0.000534128 -0.016411 0.0850633 
0.0115266 -0.0200894 0.000186019 -0.000208995 -0.0200894 0.0940188 -0.000207891 0.000490712 0.000186019 -0.000207891 0.00834518 -0.0163896 -0.000208995 0.000490712 -0.0163896 0.0849741 
0.0115207 -0.0201189 0.00016268 -0.000196985 -0.0201189 0.0941302 -0.000202344 0.000491714 0.00016268 -0.000202344 0.00836236 -0.0163727 -0.000196985 0.000491714 -0.0163727 0.0849135 
0.0115172 -0.0201381 0.000186978 -0.000175101 -0.0201381 0.0942342 -0.000187316 0.000470918 0.000186978 -0.000187316 0.00840188 -0.0163812 -0.000175101 0.000470918 -0.0163812 0.0848929 
0.0114853 -0.0201101 0.000231575 -0.000196879 -0.0201101 0.0941947 -0.000208102 0.000479657 0.000231575 -0.000208102 0.00848323 -0.0164572 -0.000196879 0.000479657 -0.0164572 0.0850414 
0.0114755 -0.0200196 0.000253158 -0.000259246 -0.0200196 0.0939622 -0.000259725 0.000588181 0.000253158 -0.000259725 0.00848796 -0.0165921 -0.000259246 0.000588181 -0.0165921 0.0853504 
0.011485 -0.019999 0.000255379 -0.00026415 -0.019999 0.0938209 -0.00025383 0.000604388 0.000255379 -0.00025383 0.00845642 -0.0166147 -0.00026415 0.000604388 -0.0166147 0.0855461 
0.0114674 -0.0200131 0.00022486 -0.000256036 -0.0200131 0.0938003 -0.000242694 0.000575202 0.00022486 -0.000242694 0.00844883 -0.0165695 -0.000256036 0.000575202 -0.0165695 0.0855287 
0.0114525 -0.019979 0.000140955 -0.000198756 -0.019979 0.0937312 -0.000188054 0.000458613 0.000140955 -0.000188054 0.0084105 -0.016548 -0.000198756 0.000458613 -0.016548 0.0854489 
0.0114642 -0.0199811 6.57465e-05 -0.000104179 -0.0199811 0.0937266 -0.000100544 0.000278343 6.57465e-05 -0.000100544 0.00837112 -0.0164811 -0.000104179 0.000278343 -0.0164811 0.0852982 
0.0114829 -0.019981 4.06889e-05 -3.36623e-05 -0.019981 0.0937042 -3.90923e-05 0.000124231 4.06889e-05 -3.90923e-05 0.00832542 -0.0164347 -3.36623e-05 0.000124231 -0.0164347 0.0851594 
0.0115031 -0.0200383 4.30156e-05 -4.01193e-05 -0.0200383 0.0938301 -4.70415e-05 0.000112677 4.30156e-05 -4.70415e-05 0.00832442 -0.0163608 -4.01193e-05 0.000112677 -0.0163608 0.0849831 
0.0114766 -0.020035 4.48692e-05 -1.90924e-05 -0.020035 0.0938447 -2.17865e-05 5.34796e-05 4.48692e-05 -2.17865e-05 0.00835451 -0.0163733 -1.90924e-05 5.34796e-05 -0.0163733 0.084935 
0.0114191 -0.0199798 3.58186e-05 -4.24623e-06 -0.0199798 0.0937312 -2.77268e-06 -1.46743e-05 3.58186e-05 -2.77268e-06 0.00837541 -0.0164217 -4.24623e-06 -1.46743e-05 -0.0164217 0.0850113 
0.0113876 -0.0199446 4.15879e-05 -1.65532e-05 -0.0199446 0.0936735 -1.2197e-05 1.75523e-07 4.15879e-05 -1.2197e-05 0.00840454 -0.0164285 -1.65532e-05 1.75523e-07 -0.0164285 0.0850481 
0.0113493 -0.0198833 3.78447e-05 -1.25235e-05 -0.0198833 0.093521 -7.40813e-06 -1.17023e-05 3.78447e-05 -7.40813e-06 0.00843932 -0.0164729 -1.25235e-05 -1.17023e-05 -0.0164729 0.0851347 
0.0113253 -0.0198448 4.34796e-05 -3.43796e-05 -0.0198448 0.0934063 -3.04371e-05 4.89475e-05 4.34796e-05 -3.04371e-05 0.00847319 -0.0165098 -3.43796e-05 4.89475e-05 -0.0165098 0.0852241 
0.0112607 -0.0198048 8.79502e-05 -4.02289e-05 -0.0198048 0.0932891 -3.70916e-05 8.35791e-05 8.79502e-05 -3.70916e-05 0.00851367 -0.0165563 -4.02289e-05 8.35791e-05 -0.0165563 0.085335 
0.0112194 -0.0197546 0.000124084 -8.44802e-05 -0.0197546 0.0932095 -7.81024e-05 0.000145647 0.000124084 -7.81024e-05 0.00852359 -0.0165888 -8.44802e-05 0.000145647 -0.0165888 0.0854144 
0.0112436 -0.0197172 0.000126511 -0.000132483 -0.0197172 0.0931337 -0.000125301 0.000253945 0.000126511 -0.000125301 0.00849247 -0.0165895 -0.000132483 0.000253945 -0.0165895 0.0854395 
0.0112653 -0.0197337 0.00014748 -0.000142953 -0.0197337 0.0931115 -0.000139235 0.000328395 0.00014748 -0.000139235 0.00846987 -0.0165526 -0.000142953 0.000328395 -0.0165526 0.0853877 
0.0112879 -0.0197817 0.000175358 -0.000180597 -0.0197817 0.0932138 -0.000181056 0.000430158 0.000175358 -0.000181056 0.00845371 -0.016502 -0.000180597 0.000430158 -0.016502 0.085251 
0.0112927 -0.0198216 0.000236951 -0.000221445 -0.0198216 0.0933383 -0.000227043 0.000551616 0.000236951 -0.000227043 0.00845103 -0.0164718 -0.000221445 0.000551616 -0.0164718 0.085132 
0.0112772 -0.0197978 0.000226112 -0.000233261 -0.0197978 0.0933131 -0.000239807 0.000544296 0.000226112 -0.000239807 0.00845053 -0.0164847 -0.000233261 0.000544296 -0.0164847 0.0851217 
0.0112194 -0.019767 0.000245339 -0.000224977 -0.019767 0.0932344 -0.000230375 0.00053701 0.000245339 -0.000230375 0.00849015 -0.0164896 -0.000224977 0.00053701 -0.0164896 0.0851373 
0.0111777 -0.0196909 0.000271676 -0.000273978 -0.0196909 0.0930752 -0.00027722 0.000625472 0.000271676 -0.00027722 0.00853879 -0.0165458 -0.000273978 0.000625472 -0.0165458 0.0852422 
0.0111539 -0.0196655 0.00029261 -0.000314962 -0.0196655 0.092995 -0.000314844 0.000736182 0.00029261 -0.000314844 0.00858872 -0.0165863 -0.000314962 0.000736182 -0.0165863 0.0853337 
0.0111717 -0.0196302 0.000280161 -0.000319673 -0.0196302 0.0929028 -0.000317728 0.000758571 0.000280161 -0.000317728 0.00860943 -0.0166595 -0.000319673 0.000758571 -0.0166595 0.0854997 
0.0111865 -0.019652 0.000253344 -0.00029653 -0.019652 0.0928995 -0.000294162 0.000719677 0.000253344 -0.000294162 0.00863259 -0.0166929 -0.00029653 0.000719677 -0.0166929 0.0856315 
0.0111606 -0.0196818 0.000256857 -0.000258509 -0.0196818 0.0929722 -0.0002588 0.000638781 0.000256857 -0.0002588 0.00868306 -0.0167226 -0.000258509 0.000638781 -0.0167226 0.0857232 
0.0111517 -0.0196452 0.000258533 -0.000249192 -0.0196452 0.0929448 -0.000250424 0.000572527 0.000258533 -0.000250424 0.00867611 -0.016798 -0.000249192 0.000572527 -0.016798 0.085892 
0.0111615 -0.0196389 0.000268869 -0.000295946 -0.0196389 0.0929217 -0.000297797 0.00067832 0.000268869 -0.000297797 0.0086517 -0.0167957 -0.000295946 0.00067832 -0.0167957 0.0859783 
0.0111922 -0.0196834 0.000276762 -0.000304767 -0.0196834 0.0930267 -0.000307698 0.000739215 0.000276762 -0.000307698 0.00861755 -0.0167341 -0.000304767 0.000739215 -0.0167341 0.0858701 
0.0112357 -0.019706 0.000265217 -0.000308905 -0.019706 0.0930888 -0.000314905 0.000763365 0.000265217 -0.000314905 0.00857372 -0.0166973 -0.000308905 0.000763365 -0.0166973 0.0857628 
0.0112839 -0.0197598 0.000258978 -0.000301608 -0.0197598 0.0931966 -0.000308466 0.000770422 0.000258978 -0.000308466 0.00854224 -0.0166434 -0.000301608 0.000770422 -0.0166434 0.0856379 
0.0112931 -0.0197847 0.000234819 -0.000252783 -0.0197847 0.0932363 -0.000254584 0.000641939 0.000234819 -0.000254584 0.00851865 -0.0166163 -0.000252783 0.000641939 -0.0166163 0.0855469 
0.0113301 -0.0198042 0.000226443 -0.000234671 -0.0198042 0.0932918 -0.000229488 0.000562893 0.000226443 -0.000229488 0.00846821 -0.0165842 -0.000234671 0.000562893 -0.0165842 0.0854621 
0.0113696 -0.0198223 0.000218131 -0.000222149 -0.0198223 0.0933028 -0.000209466 0.000501639 0.000218131 -0.000209466 0.00840257 -0.0165355 -0.000222149 0.000501639 -0.0165355 0.0853649 
0.0113756 -0.0198729 0.000219582 -0.000247335 -0.0198729 0.0933904 -0.000226515 0.000548751 0.000219582 -0.000226515 0.00837084 -0.0164508 -0.000247335 0.000548751 -0.0164508 0.0851845 
0.0113584 -0.0198801 0.000172507 -0.000230751 -0.0198801 0.0934433 -0.000206714 0.000519837 0.000172507 -0.000206714 0.00836302 -0.0164008 -0.000230751 0.000519837 -0.0164008 0.0850123 
0.011351 -0.0199033 0.000136988 -0.000173207 -0.0199033 0.093551 -0.000159197 0.000428491 0.000136988 -0.000159197 0.00837854 -0.0163576 -0.000173207 0.000428491 -0.0163576 0.0848498 
0.0113549 -0.0199192 0.000103585 -0.000120275 -0.0199192 0.0936468 -0.000123307 0.000311882 0.000103585 -0.000123307 0.0084197 -0.0163632 -0.000120275 0.000311882 -0.0163632 0.0847855 
0.0113524 -0.0199084 8.66018e-05 -8.69009e-05 -0.0199084 0.0936427 -0.000104507 0.000243203 8.66018e-05 -0.000104507 0.00844751 -0.0164334 -8.69009e-05 0.000243203 -0.0164334 0.0849014 
0.0113518 -0.0198759 4.68038e-05 -5.83572e-05 -0.0198759 0.0935511 -8.10971e-05 0.000168604 4.68038e-05 -8.10971e-05 0.00846016 -0.0165046 -5.83572e-05 0.000168604 -0.0165046 0.0851143 
0.0113688 -0.0198851 2.00389e-05 6.63784e-07 -0.0198851 0.0935434 -2.22038e-05 3.5067e-05 2.00389e-05 -2.22038e-05 0.00847518 -0.0165274 6.63784e-07 3.5067e-05 -0.0165274 0.0852515 
0.0113999 -0.0198922 6.74655e-05 -9.53173e-06 -0.0198922 0.0935342 -2.46439e-05 3.40351e-05 6.74655e-05 -2.46439e-05 0.00846585 -0.0165629 -9.53173e-06 3.40351e-05 -0.0165629 0.0853743 
0.0114519 -0.0199523 0.000133348 -8.07114e-05 -0.0199523 0.0936525 -7.95016e-05 0.000142919 0.000133348 -7.95016e-05 0.00844083 -0.0165454 -8.07114e-05 0.000142919 -0.0165454 0.0853929 
0.0114707 -0.020014 0.000207947 -0.000175959 -0.020014 0.0937998 -0.00016392 0.000348938 0.000207947 -0.00016392 0.00844449 -0.01652 -0.000175959 0.000348938 -0.01652 0.0853569 
0.0114605 -0.0200197 0.000232787 -0.000250306 -0.0200197 0.0938485 -0.000235987 0.00053386 0.000232787 -0.000235987 0.00843487 -0.0165315 -0.000250306 0.00053386 -0.0165315 0.0853585 
0.0114447 -0.0199817 0.000196056 -0.000243849 -0.0199817 0.0937703 -0.000232193 0.000565817 0.000196056 -0.000232193 0.00838089 -0.0165176 -0.000243849 0.000565817 -0.0165176 0.0853305 
0.0114573 -0.0200036 0.000196626 -0.000215752 -0.0200036 0.0938215 -0.000212825 0.00054899 0.000196626 -0.000212825 0.00836339 -0.0164297 -0.000215752 0.00054899 -0.0164297 0.0851707 
0.0114685 -0.0200103 0.000179194 -0.000192741 -0.0200103 0.093841 -0.000197324 0.000481232 0.000179194 -0.000197324 0.00835882 -0.0163934 -0.000192741 0.000481232 -0.0163934 0.0850098 
0.0114563 -0.0200047 0.000173715 -0.000190742 -0.0200047 0.0938114 -0.000198292 0.000477519 0.000173715 -0.000198292 0.0083878 -0.0164063 -0.000190742 0.000477519 -0.0164063 0.0849949 
0.0115223 -0.0200134 0.000152576 -0.000174337 -0.0200134 0.0938438 -0.00018138 0.000442599 0.000152576 -0.00018138 0.0083292 -0.0164238 -0.000174337 0.000442599 -0.0164238 0.0850007 
0.0115311 -0.0200803 0.000151441 -0.000148154 -0.0200803 0.0939402 -0.000150926 0.000377919 0.000151441 -0.000150926 0.00833666 -0.0163723 -0.000148154 0.000377919 -0.0163723 0.0849565 
0.0115248 -0.0200665 0.000146673 -0.000128728 -0.0200665 0.0939402 -0.000125387 0.000290772 0.000146673 -0.000125387 0.00833368 -0.0163975 -0.000128728 0.000290772 -0.0163975 0.084977 
0.0115045 -0.0200422 0.000143737 -0.000122018 -0.0200422 0.093871 -0.000114794 0.000246665 0.000143737 -0.000114794 0.00831281 -0.0163974 -0.000122018 0.000246665 -0.0163974 0.0849942 
0.0115071 -0.0200303 9.43873e-05 -0.000109597 -0.0200303 0.0938399 -9.9805e-05 0.000200983 9.43873e-05 -9.9805e-05 0.00827818 -0.0163538 -0.000109597 0.000200983 -0.0163538 0.0849109 
0.0115273 -0.0200557 3.06788e-05 -7.42365e-05 -0.0200557 0.0938967 -6.94466e-05 0.000161689 3.06788e-05 -6.94466e-05 0.00826647 -0.0162947 -7.42365e-05 0.000161689 -0.0162947 0.0847642 
