0.00875868 0 0.000357682 0 0 0.01 0 0 0.000357682 0 0.00617975 0 0 0 0 0.01 
0.012142 -0.0150396 0.00042321 -0.000519583 -0.0150396 0.0380114 -0.000519583 0.000996335 0.00042321 -0.000519583 0.00889473 -0.0110883 -0.000519583 0.000996335 -0.0110883 0.0304352 
0.012061 -0.0220716 0.000422673 -0.000596117 -0.0220716 0.0795736 -0.000596117 0.00188568 0.000422673 -0.000596117 0.00903898 -0.0175129 -0.000596117 0.00188568 -0.0175129 0.0653583 
0.0113906 -0.0210034 0.000461991 -0.000512327 -0.0210034 0.091663 -0.000500888 0.00158676 0.000461991 -0.000500888 0.00840857 -0.0176651 -0.000512327 0.00158676 -0.0176651 0.0811442 
0.0114449 -0.0201313 0.000507465 -0.000549984 -0.0201313 0.0931343 -0.000530466 0.00131135 0.000507465 -0.000530466 0.0082974 -0.016874 -0.000549984 0.00131135 -0.016874 0.0849402 
0.0116678 -0.0201481 0.00052778 -0.000603217 -0.0201481 0.0937988 -0.000589377 0.00132924 0.00052778 -0.000589377 0.00842157 -0.0166113 -0.000603217 0.00132924 -0.0166113 0.085476 
0.011741 -0.0202982 0.000499789 -0.000647531 -0.0202982 0.0943766 -0.000641853 0.00149424 0.000499789 -0.000641853 0.008592 -0.0166935 -0.000647531 0.00149424 -0.0166935 0.0857678 
0.0117 -0.02034 0.000459192 -0.000604295 -0.02034 0.0946551 -0.000601566 0.00150242 0.000459192 -0.000601566 0.00872342 -0.0168268 -0.000604295 0.00150242 -0.0168268 0.08606 
0.0116509 -0.0202927 0.000397917 -0.0005543 -0.0202927 0.0946522 -0.000546707 0.00141305 0.000397917 -0.000546707 0.00881601 -0.016946 -0.0005543 0.00141305 -0.016946 0.0863349 
0.0116294 -0.0202568 0.000330476 -0.000463502 -0.0202568 0.0945839 -0.000455228 0.00121221 0.000330476 -0.000455228 0.00889424 -0.0170451 -0.000463502 0.00121221 -0.0170451 0.0865875 
0.0116048 -0.0201906 0.000296081 -0.000389127 -0.0201906 0.094391 -0.00038466 0.00102147 0.000296081 -0.00038466 0.00893301 -0.0171723 -0.000389127 0.00102147 -0.0171723 0.0869121 
0.0115724 -0.0201313 0.000273253 -0.000359015 -0.0201313 0.0941866 -0.000359422 0.000919103 0.000273253 -0.000359422 0.00891159 -0.0172418 -0.000359015 0.000919103 -0.0172418 0.0871725 
0.0115292 -0.0200791 0.000248729 -0.000315275 -0.0200791 0.0940139 -0.00031806 0.00080143 0.000248729 -0.00031806 0.00889376 -0.0172294 -0.000315275 0.00080143 -0.0172294 0.0872676 
0.0115173 -0.020047 0.000242942 -0.000302017 -0.020047 0.0939285 -0.000301352 0.00075102 0.000242942 -0.000301352 0.00885085 -0.0171802 -0.000302017 0.00075102 -0.0171802 0.0871766 
0.0115172 -0.0200736 0.000254382 -0.000268954 -0.0200736 0.0939871 -0.000265154 0.000649819 0.000254382 -0.000265154 0.00883969 -0.0171079 -0.000268954 0.000649819 -0.0171079 0.0870136 
0.0114954 -0.0200727 0.000251273 -0.00030144 -0.0200727 0.0940179 -0.000295599 0.000678177 0.000251273 -0.000295599 0.00886704 -0.017093 -0.00030144 0.000678177 -0.017093 0.086922 
0.0114656 -0.0200359 0.000237071 -0.000300558 -0.0200359 0.0939594 -0.000292982 0.000695584 0.000237071 -0.000292982 0.00888081 -0.0171275 -0.000300558 0.000695584 -0.0171275 0.0869424 
0.011442 -0.0200138 0.000193931 -0.000280786 -0.0200138 0.0939168 -0.000274236 0.000666987 0.000193931 -0.000274236 0.00888389 -0.0171405 -0.000280786 0.000666987 -0.0171405 0.0869834 
0.0114616 -0.0200019 0.000188112 -0.000239755 -0.0200019 0.0939056 -0.000237173 0.000613409 0.000188112 -0.000237173 0.00887208 -0.0171455 -0.000239755 0.000613409 -0.0171455 0.0870216 
0.0114746 -0.0200146 0.00015964 -0.000224548 -0.0200146 0.0939062 -0.000229617 0.000562076 0.00015964 -0.000229617 0.00886194 -0.0171301 -0.000224548 0.000562076 -0.0171301 0.0870049 
0.0114371 -0.0200106 0.000146121 -0.000200695 -0.0200106 0.0938819 -0.000212751 0.00053272 0.000146121 -0.000212751 0.00885615 -0.0171161 -0.000200695 0.00053272 -0.0171161 0.0869588 
0.0113901 -0.0199608 0.000130733 -0.000184801 -0.0199608 0.0937955 -0.000196384 0.000497419 0.000130733 -0.000196384 0.00884762 -0.0171075 -0.000184801 0.000497419 -0.0171075 0.0869227 
0.011389 -0.0199133 0.000162937 -0.000185312 -0.0199133 0.0936936 -0.000190373 0.000497002 0.000162937 -0.000190373 0.00880212 -0.0170795 -0.000185312 0.000497002 -0.0170795 0.0868468 
0.0114008 -0.0199324 0.000196524 -0.000194606 -0.0199324 0.093701 -0.000196957 0.000472125 0.000196524 -0.000196957 0.00876493 -0.0170004 -0.000194606 0.000472125 -0.0170004 0.0866682 
0.0114098 -0.0199599 0.000215445 -0.000239267 -0.0199599 0.0937717 -0.000240978 0.000543441 0.000215445 -0.000240978 0.00874503 -0.016946 -0.000239267 0.000543441 -0.016946 0.0864992 
0.0113361 -0.0199128 0.000219054 -0.000260436 -0.0199128 0.0936579 -0.000261869 0.000604984 0.000219054 -0.000261869 0.00877445 -0.0169565 -0.000260436 0.000604984 -0.0169565 0.0864835 
0.0112658 -0.0198574 0.000216609 -0.000261878 -0.0198574 0.0935653 -0.000260448 0.000620896 0.000216609 -0.000260448 0.00880393 -0.0169635 -0.000261878 0.000620896 -0.0169635 0.0864682 
0.0112165 -0.0197667 0.000201533 -0.000272377 -0.0197667 0.0933716 -0.000262956 0.000647343 0.000201533 -0.000262956 0.00885275 -0.0170037 -0.000272377 0.000647343 -0.0170037 0.0865398 
0.0112061 -0.019734 0.000140345 -0.000256184 -0.019734 0.0932669 -0.000241626 0.000629973 0.000140345 -0.000241626 0.00890125 -0.0170402 -0.000256184 0.000629973 -0.0170402 0.0866085 
0.0112029 -0.0196963 0.000122198 -0.000191786 -0.0196963 0.0931385 -0.000180547 0.000535351 0.000122198 -0.000180547 0.00890745 -0.0171066 -0.000191786 0.000535351 -0.0171066 0.0867365 
0.0112072 -0.0197055 0.000114043 -0.000148497 -0.0197055 0.0931222 -0.000141969 0.000401443 0.000114043 -0.000141969 0.00888372 -0.0171068 -0.000148497 0.000401443 -0.0171068 0.0867869 
0.0112244 -0.0197111 0.000136184 -0.000137548 -0.0197111 0.0931328 -0.000132759 0.000338586 0.000136184 -0.000132759 0.0088456 -0.0170865 -0.000137548 0.000338586 -0.0170865 0.0867844 
0.0112603 -0.0197671 0.000103937 -0.000150763 -0.0197671 0.0932667 -0.000145986 0.000326805 0.000103937 -0.000145986 0.00883077 -0.0170179 -0.000150763 0.000326805 -0.0170179 0.0866522 
0.0112207 -0.0197329 6.10213e-05 -0.000144562 -0.0197329 0.0931748 -0.000145087 0.000364858 6.10213e-05 -0.000145087 0.0088728 -0.0170427 -0.000144562 0.000364858 -0.0170427 0.086666 
0.0111891 -0.0196703 8.05356e-05 -0.000105718 -0.0196703 0.0930183 -0.000110947 0.00033393 8.05356e-05 -0.000110947 0.00889242 -0.0170938 -0.000105718 0.00033393 -0.0170938 0.0867523 
0.0111482 -0.0196134 0.000115427 -0.000140867 -0.0196134 0.0928372 -0.000147965 0.000381989 0.000115427 -0.000147965 0.00885559 -0.017115 -0.000140867 0.000381989 -0.017115 0.0868104 
0.011155 -0.0196384 0.000115479 -0.000154913 -0.0196384 0.0928989 -0.000163923 0.000406915 0.000115479 -0.000163923 0.00884826 -0.01704 -0.000154913 0.000406915 -0.01704 0.0867125 
0.0111535 -0.0196228 9.16606e-05 -0.000147698 -0.0196228 0.0928742 -0.000158294 0.000399574 9.16606e-05 -0.000158294 0.00882616 -0.0170309 -0.000147698 0.000399574 -0.0170309 0.0866329 
0.0111672 -0.0196228 7.28257e-05 -0.00011216 -0.0196228 0.0928654 -0.000120412 0.000328973 7.28257e-05 -0.000120412 0.00881405 -0.0170092 -0.00011216 0.000328973 -0.0170092 0.0865892 
0.0111872 -0.0196357 8.96624e-05 -9.90235e-05 -0.0196357 0.0928782 -0.000104959 0.000283994 8.96624e-05 -0.000104959 0.00880661 -0.0169942 -9.90235e-05 0.000283994 -0.0169942 0.0865445 
0.0111802 -0.0196571 0.000130676 -0.000128349 -0.0196571 0.092916 -0.000131897 0.000319509 0.000130676 -0.000131897 0.00881309 -0.0169782 -0.000128349 0.000319509 -0.0169782 0.0864865 
0.0111869 -0.019678 0.000184132 -0.000171122 -0.019678 0.0930044 -0.000170677 0.000393189 0.000184132 -0.000170677 0.00880088 -0.0169678 -0.000171122 0.000393189 -0.0169678 0.0864287 
0.0111592 -0.0196494 0.000202671 -0.000248287 -0.0196494 0.0929479 -0.000241542 0.00055312 0.000202671 -0.000241542 0.00881929 -0.0169843 -0.000248287 0.00055312 -0.0169843 0.0864729 
0.0111591 -0.0196388 0.00020746 -0.000263814 -0.0196388 0.0929346 -0.00025311 0.000632837 0.00020746 -0.00025311 0.00884847 -0.0169929 -0.000263814 0.000632837 -0.0169929 0.0864929 
0.0111798 -0.0196809 0.000238045 -0.000258993 -0.0196809 0.0930446 -0.000249238 0.000636223 0.000238045 -0.000249238 0.00886033 -0.0170027 -0.000258993 0.000636223 -0.0170027 0.0864916 
0.0111929 -0.0196835 0.000308503 -0.000317222 -0.0196835 0.0930713 -0.000314627 0.000756056 0.000308503 -0.000314627 0.00887666 -0.0170478 -0.000317222 0.000756056 -0.0170478 0.0866007 
0.0112081 -0.0196828 0.000355435 -0.000390143 -0.0196828 0.0930578 -0.000393273 0.000916058 0.000355435 -0.000393273 0.00885882 -0.017082 -0.000390143 0.000916058 -0.017082 0.0867118 
0.0111619 -0.0196759 0.000363055 -0.000441822 -0.0196759 0.0930114 -0.000447711 0.00106167 0.000363055 -0.000447711 0.00886948 -0.0170772 -0.000441822 0.00106167 -0.0170772 0.086766 
0.0111233 -0.0196301 0.000345734 -0.000461747 -0.0196301 0.0929415 -0.000463582 0.00115645 0.000345734 -0.000463582 0.00884906 -0.0170776 -0.000461747 0.00115645 -0.0170776 0.0867652 
0.0110983 -0.0195845 0.000318153 -0.00043609 -0.0195845 0.092834 -0.000433668 0.00113257 0.000318153 -0.000433668 0.0088168 -0.0170376 -0.00043609 0.00113257 -0.0170376 0.0866854 
0.011094 -0.0195361 0.000330925 -0.000405143 -0.0195361 0.092692 -0.000404388 0.00107331 0.000330925 -0.000404388 0.00880276 -0.0170036 -0.000405143 0.00107331 -0.0170036 0.0866087 
0.0110986 -0.0195388 0.000349039 -0.000390458 -0.0195388 0.0926421 -0.000390854 0.000989525 0.000349039 -0.000390854 0.00879989 -0.0169713 -0.000390458 0.000989525 -0.0169713 0.0865075 
0.0111447 -0.0195758 0.000400142 -0.000424885 -0.0195758 0.0927262 -0.000423071 0.00102782 0.000400142 -0.000423071 0.00877665 -0.0169506 -0.000424885 0.00102782 -0.0169506 0.0864212 
0.0112039 -0.0196656 0.000435768 -0.000471687 -0.0196656 0.0929433 -0.000469893 0.00110425 0.000435768 -0.000469893 0.00874274 -0.016896 -0.000471687 0.00110425 -0.016896 0.0862738 
0.011235 -0.0197277 0.000433126 -0.000494232 -0.0197277 0.0931183 -0.00049567 0.00115502 0.000433126 -0.00049567 0.00874706 -0.0168621 -0.000494232 0.00115502 -0.0168621 0.0861633 
0.0112648 -0.0197768 0.000397823 -0.000518077 -0.0197768 0.0932812 -0.000520585 0.00124654 0.000397823 -0.000520585 0.00875023 -0.0168604 -0.000518077 0.00124654 -0.0168604 0.086107 
0.0112578 -0.0197375 0.000371255 -0.000495424 -0.0197375 0.0931878 -0.000499857 0.00127026 0.000371255 -0.000499857 0.0087306 -0.0169239 -0.000495424 0.00127026 -0.0169239 0.0862497 
0.0112768 -0.0198075 0.000354018 -0.000428966 -0.0198075 0.0933502 -0.000437506 0.00112956 0.000354018 -0.000437506 0.00872523 -0.0168556 -0.000428966 0.00112956 -0.0168556 0.0861726 
0.0112965 -0.0198172 0.000354636 -0.000422595 -0.0198172 0.0934213 -0.000430975 0.00107565 0.000354636 -0.000430975 0.0087343 -0.0168658 -0.000422595 0.00107565 -0.0168658 0.0861658 
0.0113002 -0.0198178 0.000370662 -0.000420546 -0.0198178 0.0934133 -0.000427638 0.0010512 0.000370662 -0.000427638 0.0087339 -0.0168981 -0.000420546 0.0010512 -0.0168981 0.0862433 
0.0112855 -0.0198249 0.0003856 -0.00044876 -0.0198249 0.0934264 -0.000450791 0.00109171 0.0003856 -0.000450791 0.00875482 -0.0169012 -0.00044876 0.00109171 -0.0169012 0.0862902 
0.0113021 -0.0198083 0.000392677 -0.00045312 -0.0198083 0.0934038 -0.000447642 0.00109329 0.000392677 -0.000447642 0.0087945 -0.0169367 -0.00045312 0.00109329 -0.0169367 0.0863795 
0.0113058 -0.0197804 0.000430057 -0.000495955 -0.0197804 0.0932873 -0.00049043 0.00119826 0.000430057 -0.00049043 0.00879091 -0.0170105 -0.000495955 0.00119826 -0.0170105 0.0865473 
0.0113144 -0.0197974 0.000444234 -0.000526993 -0.0197974 0.0932837 -0.000526125 0.00127818 0.000444234 -0.000526125 0.00876308 -0.0170029 -0.000526993 0.00127818 -0.0170029 0.0866075 
0.0113347 -0.0198338 0.000453418 -0.000529973 -0.0198338 0.0933791 -0.000531005 0.00130238 0.000453418 -0.000531005 0.0087465 -0.0169532 -0.000529973 0.00130238 -0.0169532 0.0865287 
0.0113018 -0.0198416 0.000458082 -0.000535001 -0.0198416 0.0934108 -0.000537639 0.00131161 0.000458082 -0.000537639 0.00877753 -0.0169394 -0.000535001 0.00131161 -0.0169394 0.0864683 
0.0112253 -0.0197734 0.000527153 -0.000574529 -0.0197734 0.0932861 -0.000576367 0.00141469 0.000527153 -0.000576367 0.00878056 -0.016977 -0.000574529 0.00141469 -0.016977 0.0864866 
0.0111905 -0.0197276 0.000582491 -0.000645469 -0.0197276 0.0932152 -0.000642271 0.0015441 0.000582491 -0.000642271 0.00878497 -0.0169493 -0.000645469 0.0015441 -0.0169493 0.0864369 
0.011195 -0.0196731 0.000612356 -0.000711798 -0.0196731 0.0930818 -0.000702832 0.00169674 0.000612356 -0.000702832 0.00878084 -0.0169529 -0.000711798 0.00169674 -0.0169529 0.0864136 
0.0112491 -0.0197126 0.000588723 -0.000736207 -0.0197126 0.0931248 -0.000728787 0.00178466 0.000588723 -0.000728787 0.00876543 -0.0169305 -0.000736207 0.00178466 -0.0169305 0.0863659 
0.011286 -0.0197644 0.000560801 -0.000701314 -0.0197644 0.0932148 -0.000701019 0.00176291 0.000560801 -0.000701019 0.00875613 -0.016932 -0.000701314 0.00176291 -0.016932 0.0863709 
0.0112742 -0.019786 0.000489115 -0.000652758 -0.019786 0.0932634 -0.000658853 0.00165428 0.000489115 -0.000658853 0.00874761 -0.0169335 -0.000652758 0.00165428 -0.0169335 0.08638 
0.0112612 -0.0197833 0.000473015 -0.000580825 -0.0197833 0.0932967 -0.000589413 0.0015187 0.000473015 -0.000589413 0.00873081 -0.0169155 -0.000580825 0.0015187 -0.0169155 0.0863506 
0.0112345 -0.0197606 0.000443883 -0.000570209 -0.0197606 0.0932608 -0.00057502 0.00144978 0.000443883 -0.00057502 0.008745 -0.0169016 -0.000570209 0.00144978 -0.0169016 0.0863301 
0.011211 -0.0197312 0.00044355 -0.000524396 -0.0197312 0.093199 -0.000523851 0.00134063 0.00044355 -0.000523851 0.00875618 -0.0169035 -0.000524396 0.00134063 -0.0169035 0.0862985 
0.0112334 -0.019727 0.0004277 -0.00051227 -0.019727 0.0931919 -0.000507277 0.00125483 0.0004277 -0.000507277 0.00875024 -0.0168979 -0.00051227 0.00125483 -0.0168979 0.0862626 
0.0112489 -0.0197354 0.000417301 -0.000497731 -0.0197354 0.0931768 -0.000494544 0.00121338 0.000417301 -0.000494544 0.00876011 -0.0169006 -0.000497731 0.00121338 -0.0169006 0.0862614 
0.0112563 -0.0197663 0.000428032 -0.000491419 -0.0197663 0.0932386 -0.000492827 0.00120147 0.000428032 -0.000492827 0.00877288 -0.0169056 -0.000491419 0.00120147 -0.0169056 0.0862556 
0.0112714 -0.0197757 0.00048971 -0.000512515 -0.0197757 0.0932833 -0.000513703 0.0012384 0.00048971 -0.000513703 0.00877009 -0.0169295 -0.000512515 0.0012384 -0.0169295 0.0863043 
0.0112621 -0.0197214 0.00054258 -0.000586507 -0.0197214 0.0931234 -0.000584387 0.00136343 0.00054258 -0.000584387 0.00874175 -0.0169741 -0.000586507 0.00136343 -0.0169741 0.0864432 
0.0112317 -0.0196924 0.000605931 -0.00065556 -0.0196924 0.0929892 -0.000651181 0.0015363 0.000605931 -0.000651181 0.00872949 -0.01696 -0.00065556 0.0015363 -0.01696 0.0865083 
0.0112172 -0.0196938 0.000637833 -0.000739129 -0.0196938 0.092993 -0.00073126 0.00173796 0.000637833 -0.00073126 0.00870512 -0.0169013 -0.000739129 0.00173796 -0.0169013 0.0863782 
0.0112332 -0.019736 0.000623504 -0.000781141 -0.019736 0.093135 -0.000773104 0.00189069 0.000623504 -0.000773104 0.00872321 -0.0168404 -0.000781141 0.00189069 -0.0168404 0.0862094 
0.0112383 -0.0197622 0.000594511 -0.000739169 -0.0197622 0.0932381 -0.000735258 0.00185474 0.000594511 -0.000735258 0.00876303 -0.0168527 -0.000739169 0.00185474 -0.0168527 0.0861443 
0.0112501 -0.0197542 0.000548538 -0.000696984 -0.0197542 0.0932485 -0.000695508 0.00175533 0.000548538 -0.000695508 0.00878394 -0.0169156 -0.000696984 0.00175533 -0.0169156 0.0862375 
0.0112955 -0.0197693 0.000508155 -0.000645059 -0.0197693 0.0932742 -0.000647647 0.00164229 0.000508155 -0.000647647 0.00873998 -0.0169413 -0.000645059 0.00164229 -0.0169413 0.0863197 
0.0113127 -0.0198239 0.000473214 -0.000588332 -0.0198239 0.093371 -0.000599406 0.00150989 0.000473214 -0.000599406 0.00874725 -0.0169033 -0.000588332 0.00150989 -0.0169033 0.0863201 
0.011257 -0.0197936 0.000455204 -0.000545038 -0.0197936 0.0933097 -0.000562083 0.00139311 0.000455204 -0.000562083 0.00877418 -0.0169283 -0.000545038 0.00139311 -0.0169283 0.0863395 
0.0112491 -0.0197833 0.000455407 -0.000523487 -0.0197833 0.093336 -0.000536429 0.00131461 0.000455407 -0.000536429 0.00879135 -0.0169306 -0.000523487 0.00131461 -0.0169306 0.086337 
0.0112143 -0.0197401 0.000454741 -0.000527931 -0.0197401 0.0932288 -0.000531533 0.00128648 0.000454741 -0.000531533 0.00878032 -0.0169671 -0.000527931 0.00128648 -0.0169671 0.0864004 
0.011177 -0.0196725 0.000454398 -0.000538114 -0.0196725 0.0930504 -0.000535925 0.00129844 0.000454398 -0.000535925 0.00876287 -0.0169688 -0.000538114 0.00129844 -0.0169688 0.0864518 
0.0111123 -0.0196022 0.00045686 -0.000551347 -0.0196022 0.0928381 -0.000547693 0.00133671 0.00045686 -0.000547693 0.00872744 -0.0169378 -0.000551347 0.00133671 -0.0169378 0.0863946 
0.011116 -0.019577 0.000513082 -0.000576711 -0.019577 0.0927836 -0.000573821 0.00142214 0.000513082 -0.000573821 0.00868125 -0.0168642 -0.000576711 0.00142214 -0.0168642 0.0862445 
0.0111027 -0.0195627 0.000516738 -0.000625476 -0.0195627 0.0927104 -0.000623459 0.00151007 0.000516738 -0.000623459 0.00870145 -0.016809 -0.000625476 0.00151007 -0.016809 0.0860991 
0.0110972 -0.0195421 0.000529588 -0.000641983 -0.0195421 0.092647 -0.00064051 0.00159576 0.000529588 -0.00064051 0.00872413 -0.0168211 -0.000641983 0.00159576 -0.0168211 0.0860336 
0.0111131 -0.0195736 0.000549515 -0.000648399 -0.0195736 0.0927152 -0.000649242 0.0016287 0.000549515 -0.000649242 0.00876402 -0.0168334 -0.000648399 0.0016287 -0.0168334 0.0860316 
0.0111065 -0.0195473 0.000608867 -0.000670902 -0.0195473 0.092648 -0.000668828 0.00166674 0.000608867 -0.000668828 0.00877572 -0.016917 -0.000670902 0.00166674 -0.016917 0.0861929 
0.0111035 -0.0195414 0.000618086 -0.000725201 -0.0195414 0.0926142 -0.000718262 0.00173886 0.000618086 -0.000718262 0.00875605 -0.0169346 -0.000725201 0.00173886 -0.0169346 0.0862986 
0.0111426 -0.0196072 0.000646256 -0.000740799 -0.0196072 0.0927949 -0.000733764 0.00180576 0.000646256 -0.000733764 0.00872191 -0.016865 -0.000740799 0.00180576 -0.016865 0.0861805 
0.0111362 -0.0196045 0.000663442 -0.000777904 -0.0196045 0.0928054 -0.000773301 0.00188907 0.000663442 -0.000773301 0.00872113 -0.0168492 -0.000777904 0.00188907 -0.0168492 0.0861161 
0.0111567 -0.0196237 0.000685858 -0.000787114 -0.0196237 0.0928691 -0.000785146 0.00192705 0.000685858 -0.000785146 0.00871985 -0.0168332 -0.000787114 0.00192705 -0.0168332 0.0860565 
0.0111412 -0.0196576 0.000696703 -0.000817318 -0.0196576 0.0929562 -0.000820818 0.00199486 0.000696703 -0.000820818 0.00873739 -0.0168285 -0.000817318 0.00199486 -0.0168285 0.0860227 
0.0111378 -0.019599 0.000649862 -0.000828446 -0.019599 0.0928567 -0.000835052 0.00204039 0.000649862 -0.000835052 0.00870957 -0.0168733 -0.000828446 0.00204039 -0.0168733 0.0860983 
0.0111559 -0.019605 0.00066245 -0.000763711 -0.019605 0.0928244 -0.000778767 0.00195805 0.00066245 -0.000778767 0.00869901 -0.0168395 -0.000763711 0.00195805 -0.0168395 0.0860984 
0.0111788 -0.0196642 0.000709962 -0.000781871 -0.0196642 0.0929557 -0.000800604 0.00194938 0.000709962 -0.000800604 0.00870651 -0.0167992 -0.000781871 0.00194938 -0.0167992 0.0859964 
0.0112081 -0.0196821 0.000714871 -0.00083872 -0.0196821 0.0930278 -0.000848627 0.00203228 0.000714871 -0.000848627 0.0087027 -0.0168243 -0.00083872 0.00203228 -0.0168243 0.0860121 
0.0112058 -0.0196909 0.00073832 -0.000858207 -0.0196909 0.0930341 -0.000858842 0.00210898 0.00073832 -0.000858842 0.00870978 -0.0168434 -0.000858207 0.00210898 -0.0168434 0.0860821 
0.0112182 -0.0197094 0.000726133 -0.000871359 -0.0197094 0.0930933 -0.000865041 0.00212385 0.000726133 -0.000865041 0.00868493 -0.0168307 -0.000871359 0.00212385 -0.0168307 0.0860603 
0.0112177 -0.0197376 0.000699212 -0.000852885 -0.0197376 0.0931759 -0.000850249 0.00210185 0.000699212 -0.000850249 0.00868724 -0.0167958 -0.000852885 0.00210185 -0.0167958 0.0859943 
0.0111759 -0.0197181 0.000680424 -0.000804237 -0.0197181 0.093153 -0.000805736 0.00199946 0.000680424 -0.000805736 0.00873828 -0.0168148 -0.000804237 0.00199946 -0.0168148 0.0860137 
0.0110991 -0.019628 0.000618921 -0.000787387 -0.019628 0.0929494 -0.000787266 0.00193168 0.000618921 -0.000787266 0.00879489 -0.016895 -0.000787387 0.00193168 -0.016895 0.0861601 
0.0110275 -0.0195345 0.000569596 -0.000733549 -0.0195345 0.0927162 -0.000733142 0.00185285 0.000569596 -0.000733142 0.0088514 -0.0169697 -0.000733549 0.00185285 -0.0169697 0.0863571 
0.0110097 -0.0194476 0.000557359 -0.000664839 -0.0194476 0.0924824 -0.000657753 0.00168692 0.000557359 -0.000657753 0.00884233 -0.017031 -0.000664839 0.00168692 -0.017031 0.086523 
0.0110049 -0.0194178 0.000561923 -0.000649021 -0.0194178 0.0923315 -0.000637959 0.00158537 0.000561923 -0.000637959 0.00882271 -0.0170201 -0.000649021 0.00158537 -0.0170201 0.0865736 
0.0110092 -0.0194103 0.000603514 -0.000675643 -0.0194103 0.0922696 -0.000670927 0.00163021 0.000603514 -0.000670927 0.00879399 -0.0169955 -0.000675643 0.00163021 -0.0169955 0.0865448 
0.0110562 -0.0194336 0.000676581 -0.000738353 -0.0194336 0.0923116 -0.000741341 0.00177789 0.000676581 -0.000741341 0.00872757 -0.0169412 -0.000738353 0.00177789 -0.0169412 0.0864215 
0.011065 -0.0194799 0.000694316 -0.000811502 -0.0194799 0.0923889 -0.000821018 0.00194593 0.000694316 -0.000821018 0.00870856 -0.0168581 -0.000811502 0.00194593 -0.0168581 0.0862355 
0.0110312 -0.0194911 0.000636093 -0.000818694 -0.0194911 0.092444 -0.000831164 0.00201823 0.000636093 -0.000831164 0.00872693 -0.0168244 -0.000818694 0.00201823 -0.0168244 0.0860837 
0.0110284 -0.0194872 0.000594039 -0.000742161 -0.0194872 0.0925019 -0.000751013 0.00190971 0.000594039 -0.000751013 0.00872708 -0.0168158 -0.000742161 0.00190971 -0.0168158 0.085982 
0.0110487 -0.0195017 0.000605318 -0.000694121 -0.0195017 0.092562 -0.000697329 0.00177086 0.000605318 -0.000697329 0.00872388 -0.0168105 -0.000694121 0.00177086 -0.0168105 0.0859451 
0.0110527 -0.0195083 0.000629178 -0.000722793 -0.0195083 0.0925741 -0.000719792 0.00176979 0.000629178 -0.000719792 0.00872871 -0.0168281 -0.000722793 0.00176979 -0.0168281 0.0859864 
0.0110001 -0.0194314 0.000596951 -0.000744184 -0.0194314 0.0923575 -0.000737783 0.00180062 0.000596951 -0.000737783 0.00877148 -0.016898 -0.000744184 0.00180062 -0.016898 0.0861836 
0.0109218 -0.0193797 0.000535319 -0.000702016 -0.0193797 0.0922011 -0.000693256 0.00174453 0.000535319 -0.000693256 0.00882092 -0.0169284 -0.000702016 0.00174453 -0.0169284 0.0862792 
0.0109324 -0.0193688 0.000522159 -0.000653941 -0.0193688 0.0922331 -0.000639559 0.00166594 0.000522159 -0.000639559 0.00883513 -0.0169272 -0.000653941 0.00166594 -0.0169272 0.0862522 
0.0109225 -0.0193302 0.000516551 -0.000632614 -0.0193302 0.0921157 -0.000619133 0.00158722 0.000516551 -0.000619133 0.00884697 -0.0169746 -0.000632614 0.00158722 -0.0169746 0.0863373 
0.0109224 -0.0193351 0.000547749 -0.000623431 -0.0193351 0.0921037 -0.000618275 0.00155562 0.000547749 -0.000618275 0.00884321 -0.016978 -0.000623431 0.00155562 -0.016978 0.0863654 
0.0109263 -0.019387 0.000498649 -0.000635192 -0.019387 0.0922497 -0.000637601 0.00154571 0.000498649 -0.000637601 0.00885317 -0.0169456 -0.000635192 0.00154571 -0.0169456 0.0863016 
0.0109388 -0.0193906 0.000450478 -0.000578497 -0.0193906 0.0923157 -0.00058112 0.00146783 0.000450478 -0.00058112 0.00886164 -0.0169669 -0.000578497 0.00146783 -0.0169669 0.0863175 
0.0108988 -0.0193209 0.000440391 -0.000546532 -0.0193209 0.0921259 -0.000545228 0.00139738 0.000440391 -0.000545228 0.0088647 -0.0170358 -0.000546532 0.00139738 -0.0170358 0.0864946 
0.0108936 -0.0192807 0.000445338 -0.000530199 -0.0192807 0.0919955 -0.000528029 0.00133508 0.000445338 -0.000528029 0.00883277 -0.017033 -0.000530199 0.00133508 -0.017033 0.0865635 
0.0109228 -0.0193271 0.000456054 -0.000539166 -0.0193271 0.092081 -0.000542104 0.00134171 0.000456054 -0.000542104 0.00881611 -0.0169535 -0.000539166 0.00134171 -0.0169535 0.0864233 
0.0109465 -0.0193639 0.000457525 -0.000542668 -0.0193639 0.0921798 -0.000551806 0.00135259 0.000457525 -0.000551806 0.008808 -0.0169185 -0.000542668 0.00135259 -0.0169185 0.0862739 
0.0109707 -0.0193777 0.000458416 -0.000543662 -0.0193777 0.0922206 -0.000552678 0.00135935 0.000458416 -0.000552678 0.00878838 -0.0169214 -0.000543662 0.00135935 -0.0169214 0.0862369 
0.0109788 -0.0193801 0.000500556 -0.000542437 -0.0193801 0.0922052 -0.000549516 0.00135247 0.000500556 -0.000549516 0.00877248 -0.0169215 -0.000542437 0.00135247 -0.0169215 0.0862557 
0.010988 -0.0194126 0.000508991 -0.000595711 -0.0194126 0.09228 -0.00060396 0.00143473 0.000508991 -0.00060396 0.00875876 -0.0168855 -0.000595711 0.00143473 -0.0168855 0.0861881 
0.0109855 -0.0194151 0.000545954 -0.000624618 -0.0194151 0.0923072 -0.000634207 0.00154625 0.000545954 -0.000634207 0.00875186 -0.0168715 -0.000624618 0.00154625 -0.0168715 0.0861356 
0.0109695 -0.019417 0.000595647 -0.000667665 -0.019417 0.092323 -0.000675699 0.00164757 0.000595647 -0.000675699 0.00876668 -0.0168606 -0.000667665 0.00164757 -0.0168606 0.0861002 
0.0109919 -0.0194131 0.000657647 -0.000728529 -0.0194131 0.0923424 -0.000727274 0.00177421 0.000657647 -0.000727274 0.00876339 -0.0168713 -0.000728529 0.00177421 -0.0168713 0.0860981 
0.010996 -0.0194392 0.000708006 -0.000804842 -0.0194392 0.0923834 -0.000795416 0.0019354 0.000708006 -0.000795416 0.00876448 -0.0168687 -0.000804842 0.0019354 -0.0168687 0.0860964 
0.0110146 -0.0194152 0.000738398 -0.000880518 -0.0194152 0.0923354 -0.000867987 0.00213339 0.000738398 -0.000867987 0.00873274 -0.0168963 -0.000880518 0.00213339 -0.0168963 0.0861644 
0.0110404 -0.0194722 0.0007261 -0.000877034 -0.0194722 0.0924403 -0.000871516 0.00216572 0.0007261 -0.000871516 0.00870821 -0.0168311 -0.000877034 0.00216572 -0.0168311 0.0860699 
0.011106 -0.0195513 0.000719317 -0.000841535 -0.0195513 0.0926716 -0.000841991 0.00209783 0.000719317 -0.000841991 0.00867826 -0.0167659 -0.000841535 0.00209783 -0.0167659 0.0858824 
0.0111213 -0.0196172 0.000739725 -0.000860243 -0.0196172 0.0928494 -0.000864646 0.00212725 0.000739725 -0.000864646 0.00869034 -0.0167433 -0.000860243 0.00212725 -0.0167433 0.0857842 
0.0110724 -0.0195981 0.000726248 -0.000885149 -0.0195981 0.0928484 -0.000888036 0.00217798 0.000726248 -0.000888036 0.00870379 -0.0167798 -0.000885149 0.00217798 -0.0167798 0.0858175 
0.0110188 -0.0195176 0.000716432 -0.000866394 -0.0195176 0.0926898 -0.000865511 0.00216511 0.000716432 -0.000865511 0.00871404 -0.0168121 -0.000866394 0.00216511 -0.0168121 0.0859119 
0.0110073 -0.0194747 0.000678784 -0.000836555 -0.0194747 0.0925688 -0.000830068 0.00207976 0.000678784 -0.000830068 0.00874359 -0.0168124 -0.000836555 0.00207976 -0.0168124 0.0859558 
0.0109782 -0.0194332 0.000652597 -0.00078245 -0.0194332 0.0924161 -0.000777562 0.00195155 0.000652597 -0.000777562 0.00877573 -0.0168522 -0.00078245 0.00195155 -0.0168522 0.0860179 
0.0109652 -0.0193853 0.000684055 -0.000783174 -0.0193853 0.0922734 -0.000782536 0.0019408 0.000684055 -0.000782536 0.00878507 -0.0169097 -0.000783174 0.0019408 -0.0169097 0.0861621 
0.0110288 -0.0193973 0.000706189 -0.00082079 -0.0193973 0.092268 -0.000819358 0.00199611 0.000706189 -0.000819358 0.00873932 -0.0169037 -0.00082079 0.00199611 -0.0169037 0.0861987 
0.011079 -0.0194978 0.000703884 -0.000839473 -0.0194978 0.0924542 -0.000841158 0.00205059 0.000703884 -0.000841158 0.00871738 -0.0168338 -0.000839473 0.00205059 -0.0168338 0.086086 
