0.0090293 0 -0.000483195 0 0 0.01 0 0 -0.000483195 0 0.00546496 0 0 0 0 0.01 
0.0124192 -0.0153788 -0.000583179 0.000716081 -0.0153788 0.0386625 0.000716081 -0.00137295 -0.000583179 0.000716081 0.00804084 -0.0100296 0.000716081 -0.00137295 -0.0100296 0.0284054 
0.0121965 -0.0222537 -0.00046067 0.000781856 -0.0222537 0.0801399 0.000781856 -0.00247311 -0.00046067 0.000781856 0.00834261 -0.0161872 0.000781856 -0.00247311 -0.0161872 0.061103 
0.0114609 -0.0210047 -0.000396241 0.000536446 -0.0210047 0.0914928 0.000538927 -0.00185174 -0.000396241 0.000538927 0.00784383 -0.0167786 0.000536446 -0.00185174 -0.0167786 0.0777801 
0.0116043 -0.0201941 -0.000414762 0.000447234 -0.0201941 0.0929602 0.000454121 -0.0012151 -0.000414762 0.000454121 0.00761701 -0.0161482 0.000447234 -0.0012151 -0.0161482 0.0827247 
0.011873 -0.0203388 -0.000477637 0.000504088 -0.0203388 0.0938965 0.000519319 -0.00115738 -0.000477637 0.000519319 0.0076305 -0.0157281 0.000504088 -0.00115738 -0.0157281 0.0833988 
0.011973 -0.0205557 -0.000552854 0.000611284 -0.0205557 0.0947651 0.000624893 -0.00140688 -0.000552854 0.000624893 0.0077216 -0.0156372 0.000611284 -0.00140688 -0.0156372 0.0832816 
0.0119452 -0.0205844 -0.000588927 0.000699618 -0.0205844 0.095105 0.000700829 -0.00165751 -0.000588927 0.000700829 0.00780639 -0.0156848 0.000699618 -0.00165751 -0.0156848 0.0832278 
0.011894 -0.0205563 -0.000549356 0.000703993 -0.0205563 0.0951618 0.000696449 -0.00171714 -0.000549356 0.000696449 0.0079116 -0.0157355 0.000703993 -0.00171714 -0.0157355 0.0832458 
0.0118848 -0.0205314 -0.000505401 0.000636074 -0.0205314 0.0951579 0.000631404 -0.00160844 -0.000505401 0.000631404 0.00797865 -0.0158372 0.000636074 -0.00160844 -0.0158372 0.0833856 
0.0119285 -0.0205424 -0.000488302 0.000573838 -0.0205424 0.0951859 0.000570063 -0.0014442 -0.000488302 0.000570063 0.00800653 -0.0159282 0.000573838 -0.0014442 -0.0159282 0.0836155 
0.0119656 -0.0205638 -0.000478942 0.00055498 -0.0205638 0.0951895 0.000549201 -0.00134377 -0.000478942 0.000549201 0.00801502 -0.0160088 0.00055498 -0.00134377 -0.0160088 0.0838908 
0.0119693 -0.0205867 -0.000465452 0.000545983 -0.0205867 0.0952063 0.000541395 -0.00129931 -0.000465452 0.000541395 0.00800545 -0.0160545 0.000545983 -0.00129931 -0.0160545 0.08411 
0.0119364 -0.0205708 -0.000506253 0.000586384 -0.0205708 0.0951725 0.000588393 -0.00141719 -0.000506253 0.000588393 0.0079897 -0.0160522 0.000586384 -0.00141719 -0.0160522 0.0841935 
0.0118859 -0.0205536 -0.000543525 0.000619176 -0.0205536 0.0951605 0.000625095 -0.001503 -0.000543525 0.000625095 0.00800655 -0.0160134 0.000619176 -0.001503 -0.0160134 0.0841383 
0.0118542 -0.0205305 -0.000557603 0.000654911 -0.0205305 0.0951666 0.000661291 -0.00158648 -0.000557603 0.000661291 0.00804209 -0.0160036 0.000654911 -0.00158648 -0.0160036 0.0840656 
0.0118427 -0.020465 -0.000558012 0.000666479 -0.020465 0.0950235 0.000671384 -0.0016317 -0.000558012 0.000671384 0.00804877 -0.0160623 0.000666479 -0.0016317 -0.0160623 0.0841476 
0.0118484 -0.0204604 -0.000518438 0.000625069 -0.0204604 0.0949652 0.000632972 -0.00153878 -0.000518438 0.000632972 0.00804556 -0.0160667 0.000625069 -0.00153878 -0.0160667 0.0841981 
0.0118601 -0.0204687 -0.000521014 0.00058815 -0.0204687 0.0949678 0.00060284 -0.00146038 -0.000521014 0.00060284 0.00802527 -0.0160587 0.00058815 -0.00146038 -0.0160587 0.0841914 
0.0118187 -0.0204743 -0.000553129 0.000617657 -0.0204743 0.0949722 0.000632984 -0.00150406 -0.000553129 0.000632984 0.00805066 -0.0160384 0.000617657 -0.00150406 -0.0160384 0.084161 
0.0117763 -0.0204276 -0.000585215 0.000678562 -0.0204276 0.0949099 0.000680224 -0.00162866 -0.000585215 0.000680224 0.00807626 -0.0160636 0.000678562 -0.00162866 -0.0160636 0.0841747 
0.0117636 -0.0203757 -0.000584997 0.000719821 -0.0203757 0.0947936 0.000708794 -0.00173529 -0.000584997 0.000708794 0.00807458 -0.0160944 0.000719821 -0.00173529 -0.0160944 0.0842404 
0.0117615 -0.0203645 -0.000607826 0.000724038 -0.0203645 0.0947321 0.000714541 -0.00179172 -0.000607826 0.000714541 0.00807298 -0.0160895 0.000724038 -0.00179172 -0.0160895 0.0842631 
0.0117844 -0.0203815 -0.000599152 0.000718538 -0.0203815 0.094763 0.000714458 -0.00176466 -0.000599152 0.000714458 0.00806069 -0.0160713 0.000718538 -0.00176466 -0.0160713 0.0842201 
0.0118322 -0.0203877 -0.000610398 0.000686254 -0.0203877 0.0947568 0.000685913 -0.00168832 -0.000610398 0.000685913 0.00800491 -0.0160722 0.000686254 -0.00168832 -0.0160722 0.0842198 
0.0118163 -0.0204154 -0.000606622 0.000702688 -0.0204154 0.0947582 0.000703364 -0.00168363 -0.000606622 0.000703364 0.0079963 -0.0160231 0.000702688 -0.00168363 -0.0160231 0.0841635 
0.0117896 -0.0203789 -0.000616657 0.000723684 -0.0203789 0.0946897 0.000728224 -0.00175817 -0.000616657 0.000728224 0.00799411 -0.0160173 0.000723684 -0.00175817 -0.0160173 0.0841226 
0.011791 -0.0203662 -0.000646286 0.000753501 -0.0203662 0.0946606 0.000763651 -0.00185933 -0.000646286 0.000763651 0.00798546 -0.0159912 0.000753501 -0.00185933 -0.0159912 0.084046 
0.0117782 -0.0203875 -0.000645804 0.000750578 -0.0203875 0.0947026 0.000762218 -0.00185236 -0.000645804 0.000762218 0.00799415 -0.0159575 0.000750578 -0.00185236 -0.0159575 0.0839332 
0.0117364 -0.0203678 -0.000645188 0.000768027 -0.0203678 0.0946912 0.00077966 -0.00189632 -0.000645188 0.00077966 0.00803044 -0.0159688 0.000768027 -0.00189632 -0.0159688 0.0839012 
0.011686 -0.0203309 -0.000681123 0.000786762 -0.0203309 0.0946499 0.000799459 -0.00196698 -0.000681123 0.000799459 0.00808146 -0.0160058 0.000786762 -0.00196698 -0.0160058 0.0839462 
0.0116541 -0.0202712 -0.000709412 0.000814056 -0.0202712 0.0945362 0.0008219 -0.00201136 -0.000709412 0.0008219 0.00811022 -0.0160727 0.000814056 -0.00201136 -0.0160727 0.084083 
0.0116407 -0.0202445 -0.000710919 0.000821944 -0.0202445 0.0944587 0.000821986 -0.00200533 -0.000710919 0.000821986 0.0081201 -0.0161017 0.000821944 -0.00200533 -0.0161017 0.0841893 
0.0116619 -0.0202263 -0.000683121 0.000808666 -0.0202263 0.0944003 0.000802809 -0.00195652 -0.000683121 0.000802809 0.00808568 -0.0161125 0.000808666 -0.00195652 -0.0161125 0.0842432 
0.0116779 -0.020229 -0.000638457 0.000790786 -0.020229 0.0943534 0.000783982 -0.00192397 -0.000638457 0.000783982 0.0080483 -0.0160836 0.000790786 -0.00192397 -0.0160836 0.0842293 
0.0116734 -0.0202152 -0.000627917 0.00075254 -0.0202152 0.0942755 0.000751721 -0.00187561 -0.000627917 0.000751721 0.00801802 -0.0160521 0.00075254 -0.00187561 -0.0160521 0.0841754 
0.0116406 -0.0202034 -0.000679373 0.000768182 -0.0202034 0.0942209 0.00076844 -0.0019085 -0.000679373 0.00076844 0.00803387 -0.0160086 0.000768182 -0.0019085 -0.0160086 0.0840757 
0.0116019 -0.0202159 -0.000682876 0.000802264 -0.0202159 0.0942846 0.000798734 -0.00193968 -0.000682876 0.000798734 0.00807824 -0.0159782 0.000802264 -0.00193968 -0.0159782 0.0839285 
0.0115845 -0.0201456 -0.000677335 0.000804964 -0.0201456 0.0941638 0.000796321 -0.00196358 -0.000677335 0.000796321 0.0080873 -0.0160465 0.000804964 -0.00196358 -0.0160465 0.0839933 
0.0115988 -0.0201663 -0.000645145 0.000775952 -0.0201663 0.0941958 0.000769387 -0.00190174 -0.000645145 0.000769387 0.00808991 -0.01603 0.000775952 -0.00190174 -0.01603 0.0839834 
0.0115772 -0.0201619 -0.000631518 0.000751266 -0.0201619 0.0941828 0.000749744 -0.00185961 -0.000631518 0.000749744 0.00812603 -0.0160515 0.000751266 -0.00185961 -0.0160515 0.0840196 
0.0115569 -0.020144 -0.00060176 0.000735335 -0.020144 0.0941663 0.000738028 -0.00182035 -0.00060176 0.000738028 0.00815383 -0.0160945 0.000735335 -0.00182035 -0.0160945 0.0841011 
0.011532 -0.0201058 -0.000574837 0.000718931 -0.0201058 0.0940838 0.000723739 -0.00180417 -0.000574837 0.000723739 0.00815899 -0.0161435 0.000718931 -0.00180417 -0.0161435 0.0842297 
0.0115211 -0.0200677 -0.000530668 0.000682454 -0.0200677 0.0939791 0.000684536 -0.00173193 -0.000530668 0.000684536 0.00813015 -0.016156 0.000682454 -0.00173193 -0.016156 0.0843138 
0.0115028 -0.0200697 -0.000478258 0.000598113 -0.0200697 0.0939604 0.000599202 -0.00153413 -0.000478258 0.000599202 0.00812289 -0.0160993 0.000598113 -0.00153413 -0.0160993 0.0842314 
0.0114728 -0.0200986 -0.000452012 0.000511213 -0.0200986 0.0940682 0.000513611 -0.00129332 -0.000452012 0.000513611 0.00819164 -0.0160419 0.000511213 -0.00129332 -0.0160419 0.0840476 
0.0114229 -0.0200172 -0.000442835 0.000512905 -0.0200172 0.0939248 0.000511176 -0.00123077 -0.000442835 0.000511176 0.00827165 -0.0161544 0.000512905 -0.00123077 -0.0161544 0.0841685 
0.011367 -0.0199027 -0.000464494 0.000541312 -0.0199027 0.093607 0.000536696 -0.00130473 -0.000464494 0.000536696 0.00832626 -0.0163032 0.000541312 -0.00130473 -0.0163032 0.0845305 
0.0113796 -0.0198422 -0.000514076 0.000579049 -0.0198422 0.0933971 0.000576675 -0.00140632 -0.000514076 0.000576675 0.00829537 -0.01637 0.000579049 -0.00140632 -0.01637 0.0847896 
0.011417 -0.0198853 -0.000527515 0.00062928 -0.0198853 0.0934202 0.000626294 -0.00151726 -0.000527515 0.000626294 0.00825415 -0.0163155 0.00062928 -0.00151726 -0.0163155 0.0847855 
0.0114314 -0.0199463 -0.000505176 0.000638756 -0.0199463 0.0935595 0.000637875 -0.00157682 -0.000505176 0.000637875 0.00824734 -0.0162499 0.000638756 -0.00157682 -0.0162499 0.0846438 
0.0114327 -0.0199365 -0.000522556 0.000608386 -0.0199365 0.0935701 0.000613838 -0.00155116 -0.000522556 0.000613838 0.00824175 -0.0162578 0.000608386 -0.00155116 -0.0162578 0.0846044 
0.0114706 -0.0199697 -0.000523899 0.000607321 -0.0199697 0.0936607 0.000619065 -0.0015122 -0.000523899 0.000619065 0.00821277 -0.0162311 0.000607321 -0.0015122 -0.0162311 0.0845395 
0.0114979 -0.0200067 -0.000545546 0.000622062 -0.0200067 0.0937444 0.000633301 -0.00154009 -0.000545546 0.000633301 0.00818014 -0.0162038 0.000622062 -0.00154009 -0.0162038 0.0844769 
0.0114718 -0.0200305 -0.000513602 0.000646766 -0.0200305 0.0938063 0.000651222 -0.00158129 -0.000513602 0.000651222 0.00819294 -0.0161714 0.000646766 -0.00158129 -0.0161714 0.0844076 
0.011413 -0.0200047 -0.000467813 0.00060027 -0.0200047 0.0937997 0.000601869 -0.00151517 -0.000467813 0.000601869 0.00822781 -0.0161763 0.00060027 -0.00151517 -0.0161763 0.0843723 
0.011364 -0.0199521 -0.000491206 0.000563464 -0.0199521 0.093736 0.000565961 -0.00144351 -0.000491206 0.000565961 0.00827771 -0.0162026 0.000563464 -0.00144351 -0.0162026 0.0843916 
0.0112949 -0.0198577 -0.000517893 0.00058199 -0.0198577 0.0935069 0.000578513 -0.00141732 -0.000517893 0.000578513 0.0083324 -0.0162808 0.00058199 -0.00141732 -0.0162808 0.0845364 
0.0112294 -0.0197389 -0.000570407 0.000638746 -0.0197389 0.093183 0.000629087 -0.00152704 -0.000570407 0.000629087 0.00836949 -0.0163706 0.000638746 -0.00152704 -0.0163706 0.0847649 
0.0112087 -0.0196988 -0.000541245 0.00065958 -0.0196988 0.0930376 0.000650767 -0.00156022 -0.000541245 0.000650767 0.00837182 -0.0163804 0.00065958 -0.00156022 -0.0163804 0.0848415 
0.0111626 -0.0196824 -0.000497274 0.000622796 -0.0196824 0.0929694 0.000619283 -0.00152738 -0.000497274 0.000619283 0.00841212 -0.016371 0.000622796 -0.00152738 -0.016371 0.0848375 
0.0111468 -0.0196055 -0.000491134 0.000572263 -0.0196055 0.0928011 0.000573321 -0.00143546 -0.000491134 0.000573321 0.00840851 -0.0164286 0.000572263 -0.00143546 -0.0164286 0.0849252 
0.0111937 -0.0196112 -0.000482634 0.000537215 -0.0196112 0.0927661 0.000539464 -0.00130816 -0.000482634 0.000539464 0.00836729 -0.0164002 0.000537215 -0.00130816 -0.0164002 0.0849032 
0.0111964 -0.019635 -0.000494989 0.000565679 -0.019635 0.092752 0.000566615 -0.00135176 -0.000494989 0.000566615 0.00837982 -0.0163722 0.000565679 -0.00135176 -0.0163722 0.0848612 
0.0112033 -0.0196396 -0.000517558 0.000624347 -0.0196396 0.0927712 0.00062428 -0.00151634 -0.000517558 0.00062428 0.00838349 -0.0163889 0.000624347 -0.00151634 -0.0163889 0.0848619 
0.01121 -0.019631 -0.000535927 0.000639049 -0.019631 0.0927407 0.000639512 -0.00159115 -0.000535927 0.000639512 0.00834794 -0.0164084 0.000639049 -0.00159115 -0.0164084 0.0849111 
0.0112492 -0.0196989 -0.000547468 0.000625875 -0.0196989 0.0929147 0.000628821 -0.00155734 -0.000547468 0.000628821 0.0082907 -0.0163225 0.000625875 -0.00155734 -0.0163225 0.0847586 
0.0112486 -0.0197564 -0.000560913 0.000654212 -0.0197564 0.093096 0.000661658 -0.00160804 -0.000560913 0.000661658 0.00829519 -0.0162405 0.000654212 -0.00160804 -0.0162405 0.0845424 
0.0112509 -0.0197803 -0.000565663 0.000643516 -0.0197803 0.0932363 0.00064817 -0.00158421 -0.000565663 0.00064817 0.00831424 -0.0162213 0.000643516 -0.00158421 -0.0162213 0.0843945 
0.0112281 -0.0197432 -0.000584161 0.000680855 -0.0197432 0.0931752 0.000674668 -0.00165002 -0.000584161 0.000674668 0.00833995 -0.0162794 0.000680855 -0.00165002 -0.0162794 0.084473 
0.0112138 -0.0196964 -0.000607643 0.000715208 -0.0196964 0.0930485 0.000702673 -0.00173892 -0.000607643 0.000702673 0.00835478 -0.0163308 0.000715208 -0.00173892 -0.0163308 0.0846195 
0.011213 -0.0196951 -0.00061882 0.000746823 -0.0196951 0.0930161 0.000737855 -0.00182905 -0.00061882 0.000737855 0.00837027 -0.0163395 0.000746823 -0.00182905 -0.0163395 0.0846852 
0.0111937 -0.0196993 -0.000616999 0.000731139 -0.0196993 0.093018 0.000731833 -0.00182081 -0.000616999 0.000731833 0.00839666 -0.0163545 0.000731139 -0.00182081 -0.0163545 0.0847219 
0.0111599 -0.0196774 -0.000634657 0.000714339 -0.0196774 0.0929895 0.000724234 -0.00178331 -0.000634657 0.000724234 0.00842623 -0.0163894 0.000714339 -0.00178331 -0.0163894 0.0847953 
0.0111557 -0.0196356 -0.000657876 0.000740433 -0.0196356 0.0929105 0.000749789 -0.00181116 -0.000657876 0.000749789 0.00842539 -0.01643 0.000740433 -0.00181116 -0.01643 0.0848973 
0.0111414 -0.019603 -0.000652607 0.000766322 -0.019603 0.0927853 0.000767363 -0.00185641 -0.000652607 0.000767363 0.00841645 -0.0164438 0.000766322 -0.00185641 -0.0164438 0.0849783 
0.0111296 -0.0195924 -0.000628015 0.000778977 -0.0195924 0.0927313 0.000774643 -0.00191227 -0.000628015 0.000774643 0.00842039 -0.0164248 0.000778977 -0.00191227 -0.0164248 0.0849691 
0.0111561 -0.0195677 -0.00064125 0.000798415 -0.0195677 0.0926654 0.00079813 -0.00202298 -0.00064125 0.00079813 0.00839911 -0.0164359 0.000798415 -0.00202298 -0.0164359 0.0849815 
0.011189 -0.0196226 -0.00066098 0.00078494 -0.0196226 0.0927495 0.000790989 -0.002013 -0.00066098 0.000790989 0.00838499 -0.0163898 0.00078494 -0.002013 -0.0163898 0.0848947 
0.0112285 -0.0196816 -0.000666159 0.000783193 -0.0196816 0.0929089 0.000785493 -0.00196877 -0.000666159 0.000785493 0.00835898 -0.0163601 0.000783193 -0.00196877 -0.0163601 0.08479 
0.0112004 -0.0197571 -0.000665805 0.000770468 -0.0197571 0.0931295 0.000769098 -0.00190578 -0.000665805 0.000769098 0.00840366 -0.0163148 0.000770468 -0.00190578 -0.0163148 0.0846656 
0.0111595 -0.0197233 -0.000647078 0.000742072 -0.0197233 0.0931672 0.000739073 -0.00180349 -0.000647078 0.000739073 0.00845178 -0.0163708 0.000742072 -0.00180349 -0.0163708 0.084701 
0.0111557 -0.0196641 -0.000647954 0.000754459 -0.0196641 0.0930613 0.000750069 -0.00182325 -0.000647954 0.000750069 0.00847648 -0.0164512 0.000754459 -0.00182325 -0.0164512 0.0848891 
0.0111204 -0.0195905 -0.0006834 0.000784533 -0.0195905 0.0928102 0.000780018 -0.00190859 -0.0006834 0.000780018 0.00849617 -0.0165358 0.000784533 -0.00190859 -0.0165358 0.0851595 
0.0110819 -0.0195674 -0.000667661 0.000801702 -0.0195674 0.0927021 0.000800574 -0.00194611 -0.000667661 0.000800574 0.00852073 -0.0165438 0.000801702 -0.00194611 -0.0165438 0.0852617 
0.0110736 -0.0194944 -0.000665609 0.000797316 -0.0194944 0.0925191 0.000808625 -0.00199229 -0.000665609 0.000808625 0.00849399 -0.016588 0.000797316 -0.00199229 -0.016588 0.0853718 
0.0110927 -0.0195224 -0.000653111 0.000777429 -0.0195224 0.0925312 0.000797875 -0.00196721 -0.000653111 0.000797875 0.00846768 -0.0165215 0.000777429 -0.00196721 -0.0165215 0.0852854 
0.0110451 -0.0195485 -0.000644145 0.000738964 -0.0195485 0.0925885 0.000758233 -0.00186538 -0.000644145 0.000758233 0.00849739 -0.0164726 0.000738964 -0.00186538 -0.0164726 0.0851345 
0.0110307 -0.019494 -0.000664045 0.000779693 -0.019494 0.0925422 0.000787269 -0.00192868 -0.000664045 0.000787269 0.00851484 -0.0165073 0.000779693 -0.00192868 -0.0165073 0.0851267 
0.0110179 -0.0194565 -0.00069585 0.000776033 -0.0194565 0.0924187 0.000774792 -0.00191398 -0.00069585 0.000774792 0.00851726 -0.0165325 0.000776033 -0.00191398 -0.0165325 0.0851772 
0.011019 -0.0194373 -0.000745462 0.000815706 -0.0194373 0.0923384 0.000806934 -0.00195903 -0.000745462 0.000806934 0.00850013 -0.016534 0.000815706 -0.00195903 -0.016534 0.0851957 
0.0110285 -0.0194789 -0.000769831 0.000888954 -0.0194789 0.0924286 0.000874745 -0.00210365 -0.000769831 0.000874745 0.00849008 -0.0164832 0.000888954 -0.00210365 -0.0164832 0.0850909 
0.0110301 -0.0194958 -0.000790995 0.000944686 -0.0194958 0.092508 0.000928702 -0.00228344 -0.000790995 0.000928702 0.00851958 -0.0164697 0.000944686 -0.00228344 -0.0164697 0.0850168 
0.0110464 -0.0195132 -0.000779297 0.000943064 -0.0195132 0.0925825 0.00093113 -0.00232038 -0.000779297 0.00093113 0.00851998 -0.016495 0.000943064 -0.00232038 -0.016495 0.0850152 
0.0110353 -0.0195308 -0.000769507 0.000916658 -0.0195308 0.0926374 0.000916723 -0.00228767 -0.000769507 0.000916723 0.00854711 -0.0165103 0.000916658 -0.00228767 -0.0165103 0.0850668 
0.0110879 -0.0194772 -0.000793093 0.000898656 -0.0194772 0.0925242 0.000910034 -0.00225207 -0.000793093 0.000910034 0.00848824 -0.0165759 0.000898656 -0.00225207 -0.0165759 0.0852243 
0.0111128 -0.0195394 -0.000817199 0.000910127 -0.0195394 0.0925574 0.000925808 -0.00224213 -0.000817199 0.000925808 0.0084554 -0.0165043 0.000910127 -0.00224213 -0.0165043 0.0851878 
0.0111484 -0.0196025 -0.000844631 0.000944233 -0.0196025 0.0927276 0.000954034 -0.00229909 -0.000844631 0.000954034 0.00843808 -0.0164329 0.000944233 -0.00229909 -0.0164329 0.0850073 
0.0112074 -0.0196603 -0.000837657 0.000977309 -0.0196603 0.0929027 0.000978204 -0.00236327 -0.000837657 0.000978204 0.0084033 -0.0164002 0.000977309 -0.00236327 -0.0164002 0.0848658 
0.0112298 -0.0197103 -0.000854356 0.00101093 -0.0197103 0.093024 0.0010129 -0.00249455 -0.000854356 0.0010129 0.00840041 -0.0163923 0.00101093 -0.00249455 -0.0163923 0.0848429 
0.0112262 -0.0197622 -0.000838064 0.00100424 -0.0197622 0.0931869 0.00100854 -0.00250352 -0.000838064 0.00100854 0.00842271 -0.0163795 0.00100424 -0.00250352 -0.0163795 0.0848087 
0.0111926 -0.0197388 -0.000807859 0.000959211 -0.0197388 0.0931889 0.000962347 -0.00240391 -0.000807859 0.000962347 0.00845308 -0.0164235 0.000959211 -0.00240391 -0.0164235 0.0848835 
0.0111864 -0.0197132 -0.000791486 0.000924706 -0.0197132 0.093159 0.000923167 -0.00230125 -0.000791486 0.000923167 0.0084571 -0.0164579 0.000924706 -0.00230125 -0.0164579 0.0849823 
0.0112125 -0.0196849 -0.00077178 0.000927467 -0.0196849 0.0930731 0.000922378 -0.00228065 -0.00077178 0.000922378 0.00842559 -0.0164838 0.000927467 -0.00228065 -0.0164838 0.0850903 
0.0112208 -0.0197048 -0.00078208 0.000899142 -0.0197048 0.093051 0.000895238 -0.00222956 -0.00078208 0.000895238 0.00840605 -0.0164495 0.000899142 -0.00222956 -0.0164495 0.0850827 
0.0112269 -0.0197063 -0.000743866 0.000905864 -0.0197063 0.0930436 0.000901774 -0.00220635 -0.000743866 0.000901774 0.00838237 -0.0164241 0.000905864 -0.00220635 -0.0164241 0.0850213 
0.0112862 -0.0197457 -0.000709323 0.000855716 -0.0197457 0.0931409 0.000853809 -0.00212922 -0.000709323 0.000853809 0.00833424 -0.0163657 0.000855716 -0.00212922 -0.0163657 0.0848745 
0.01132 -0.0198027 -0.000732629 0.000848869 -0.0198027 0.093249 0.000851481 -0.00212371 -0.000732629 0.000851481 0.00831953 -0.0163216 0.000848869 -0.00212371 -0.0163216 0.084761 
0.0113586 -0.0198399 -0.000743629 0.000859597 -0.0198399 0.0933475 0.000862634 -0.00212054 -0.000743629 0.000862634 0.00829967 -0.0163074 0.000859597 -0.00212054 -0.0163074 0.0846945 
0.0113763 -0.0199058 -0.000753981 0.000866699 -0.0199058 0.0935107 0.000869697 -0.00212992 -0.000753981 0.000869697 0.00829971 -0.0162777 0.000866699 -0.00212992 -0.0162777 0.0846232 
0.0113872 -0.0198972 -0.000771079 0.000876677 -0.0198972 0.0935265 0.000876664 -0.00214311 -0.000771079 0.000876664 0.00828621 -0.0163055 0.000876677 -0.00214311 -0.0163055 0.0846665 
0.0113334 -0.0198792 -0.00078376 0.00090555 -0.0198792 0.0934559 0.000905415 -0.00220097 -0.00078376 0.000905415 0.00831015 -0.0163153 0.00090555 -0.00220097 -0.0163153 0.0847383 
0.0113224 -0.0198508 -0.000790707 0.000927188 -0.0198508 0.0934333 0.000924484 -0.00226304 -0.000790707 0.000924484 0.00832605 -0.0163143 0.000927188 -0.00226304 -0.0163143 0.0847338 
0.0112889 -0.0198272 -0.000811314 0.000940454 -0.0198272 0.0933659 0.000934469 -0.00230131 -0.000811314 0.000934469 0.00835944 -0.0163363 0.000940454 -0.00230131 -0.0163363 0.0847642 
0.0112465 -0.0197886 -0.000828958 0.000945867 -0.0197886 0.0932802 0.000933792 -0.00229404 -0.000828958 0.000933792 0.00839211 -0.0163709 0.000945867 -0.00229404 -0.0163709 0.0848244 
0.0112516 -0.0197501 -0.000820033 0.000964176 -0.0197501 0.0932011 0.000950881 -0.00231586 -0.000820033 0.000950881 0.0083957 -0.0163989 0.000964176 -0.00231586 -0.0163989 0.0848834 
0.0112486 -0.0197443 -0.000809889 0.00094123 -0.0197443 0.0931404 0.000936837 -0.00228922 -0.000809889 0.000936837 0.00840766 -0.0164074 0.00094123 -0.00228922 -0.0164074 0.084921 
0.0112063 -0.019723 -0.000808098 0.000921718 -0.019723 0.0930657 0.000924188 -0.00224535 -0.000808098 0.000924188 0.00842971 -0.0164328 0.000921718 -0.00224535 -0.0164328 0.0849805 
0.0111981 -0.0197014 -0.000795303 0.000915558 -0.0197014 0.0930415 0.00091647 -0.00221768 -0.000795303 0.00091647 0.00842969 -0.0164371 0.000915558 -0.00221768 -0.0164371 0.084991 
0.0111947 -0.0196912 -0.000814201 0.000950794 -0.0196912 0.0930204 0.000950028 -0.00231839 -0.000814201 0.000950028 0.00844208 -0.0164437 0.000950794 -0.00231839 -0.0164437 0.0850135 
0.0112099 -0.0196683 -0.000803385 0.000970716 -0.0196683 0.0929534 0.000972327 -0.00239049 -0.000803385 0.000972327 0.00843152 -0.0164718 0.000970716 -0.00239049 -0.0164718 0.0850743 
0.0112416 -0.0196782 -0.000790453 0.000922704 -0.0196782 0.0929252 0.000927529 -0.00231244 -0.000790453 0.000927529 0.00838681 -0.0164591 0.000922704 -0.00231244 -0.0164591 0.0850796 
0.0112479 -0.0197327 -0.000770994 0.00089816 -0.0197327 0.093027 0.000903043 -0.00222482 -0.000770994 0.000903043 0.00835784 -0.016391 0.00089816 -0.00222482 -0.016391 0.084957 
0.0112271 -0.0197285 -0.000793637 0.000920225 -0.0197285 0.0930588 0.000923384 -0.0022782 -0.000793637 0.000923384 0.00836891 -0.016365 0.000920225 -0.0022782 -0.016365 0.0848677 
0.0112048 -0.0196994 -0.000785926 0.000942905 -0.0196994 0.0930165 0.000945355 -0.00232931 -0.000785926 0.000945355 0.00837549 -0.0163727 0.000942905 -0.00232931 -0.0163727 0.0848358 
0.0112167 -0.0196759 -0.000769285 0.000929343 -0.0196759 0.0929643 0.000934039 -0.00232794 -0.000769285 0.000934039 0.00834398 -0.0163737 0.000929343 -0.00232794 -0.0163737 0.0848225 
0.0112109 -0.0197169 -0.000725444 0.000897888 -0.0197169 0.0930396 0.000904151 -0.0022647 -0.000725444 0.000904151 0.00836284 -0.0163113 0.000897888 -0.0022647 -0.0163113 0.0846993 
0.0111841 -0.0197186 -0.000715587 0.000872916 -0.0197186 0.0930937 0.000883256 -0.00223441 -0.000715587 0.000883256 0.00842091 -0.0163305 0.000872916 -0.00223441 -0.0163305 0.0846656 
0.0111319 -0.0196923 -0.000686994 0.000822821 -0.0196923 0.0930733 0.000833844 -0.00209987 -0.000686994 0.000833844 0.00848675 -0.0164018 0.000822821 -0.00209987 -0.0164018 0.0847731 
0.0110701 -0.0195985 -0.000661276 0.000762507 -0.0195985 0.0928759 0.000768069 -0.00191131 -0.000661276 0.000768069 0.00850823 -0.0165086 0.000762507 -0.00191131 -0.0165086 0.0850212 
0.0109911 -0.0195046 -0.00067574 0.000770671 -0.0195046 0.0926231 0.000770877 -0.00188631 -0.00067574 0.000770877 0.00855492 -0.0165526 0.000770671 -0.00188631 -0.0165526 0.0852218 
0.0109572 -0.019425 -0.00066062 0.000786882 -0.019425 0.0924204 0.00077975 -0.00189931 -0.00066062 0.00077975 0.0085848 -0.0165806 0.000786882 -0.00189931 -0.0165806 0.0853016 
0.0109774 -0.0193928 -0.000649162 0.000769947 -0.0193928 0.0922967 0.000759517 -0.00188062 -0.000649162 0.000759517 0.00857839 -0.0166012 0.000769947 -0.00188062 -0.0166012 0.0853428 
0.0110061 -0.0193934 -0.00064964 0.000747328 -0.0193934 0.0922177 0.000739164 -0.00182709 -0.00064964 0.000739164 0.00854992 -0.0166094 0.000747328 -0.00182709 -0.0166094 0.0853862 
0.0110662 -0.0194651 -0.000665353 0.000748815 -0.0194651 0.0923541 0.000745257 -0.00181591 -0.000665353 0.000745257 0.0085178 -0.0165561 0.000748815 -0.00181591 -0.0165561 0.0853025 
0.0110866 -0.0194917 -0.000742234 0.000839737 -0.0194917 0.0924062 0.000838321 -0.00203701 -0.000742234 0.000838321 0.00852028 -0.0165653 0.000839737 -0.00203701 -0.0165653 0.0853271 
0.0110867 -0.0195227 -0.00077096 0.000911915 -0.0195227 0.0924833 0.000905914 -0.002212 -0.00077096 0.000905914 0.00851782 -0.0165701 0.000911915 -0.002212 -0.0165701 0.0853472 
0.0111009 -0.0195449 -0.000805309 0.000925717 -0.0195449 0.0925767 0.000919682 -0.00228465 -0.000805309 0.000919682 0.00849538 -0.0165544 0.000925717 -0.00228465 -0.0165544 0.085323 
0.0111311 -0.0195585 -0.000835803 0.000957414 -0.0195585 0.0926266 0.000954363 -0.00234545 -0.000835803 0.000954363 0.00845004 -0.0165267 0.000957414 -0.00234545 -0.0165267 0.0852693 
0.0111248 -0.0196227 -0.000852653 0.000979153 -0.0196227 0.0927794 0.000980346 -0.00239308 -0.000852653 0.000980346 0.00846002 -0.016444 0.000979153 -0.00239308 -0.016444 0.0850881 
0.0111077 -0.0195909 -0.000831656 0.000972551 -0.0195909 0.0927604 0.000974323 -0.00237472 -0.000831656 0.000974323 0.00846431 -0.0164578 0.000972551 -0.00237472 -0.0164578 0.085022 
0.0110714 -0.0195504 -0.000784675 0.00094437 -0.0195504 0.0926491 0.000947955 -0.0023223 -0.000784675 0.000947955 0.00848872 -0.0164729 0.00094437 -0.0023223 -0.0164729 0.0850419 
0.0110368 -0.0195074 -0.000742761 0.000891904 -0.0195074 0.0925355 0.000899408 -0.00222963 -0.000742761 0.000899408 0.00851179 -0.0164979 0.000891904 -0.00222963 -0.0164979 0.0850836 
0.0110453 -0.0195038 -0.000683352 0.000848027 -0.0195038 0.0925364 0.000859327 -0.00213001 -0.000683352 0.000859327 0.00851789 -0.0165015 0.000848027 -0.00213001 -0.0165015 0.0850857 
0.0110877 -0.0195015 -0.000654891 0.000800774 -0.0195015 0.0925196 0.000811961 -0.00204677 -0.000654891 0.000811961 0.00848506 -0.0165256 0.000800774 -0.00204677 -0.0165256 0.0851437 
0.0111448 -0.019558 -0.0006551 0.000758241 -0.019558 0.0926096 0.000762469 -0.00192746 -0.0006551 0.000762469 0.0084429 -0.0164889 0.000758241 -0.00192746 -0.0164889 0.0851176 
0.0111511 -0.0196394 -0.000639469 0.000740898 -0.0196394 0.0928 0.000737635 -0.00181842 -0.000639469 0.000737635 0.00844075 -0.0164306 0.000740898 -0.00181842 -0.0164306 0.0849984 
0.0111532 -0.0196219 -0.000671443 0.000750673 -0.0196219 0.0928253 0.000744723 -0.00182695 -0.000671443 0.000744723 0.00841973 -0.0164502 0.000750673 -0.00182695 -0.0164502 0.0850009 
0.0111042 -0.0195891 -0.000718779 0.000830982 -0.0195891 0.092729 0.000822001 -0.0019996 -0.000718779 0.000822001 0.00845182 -0.0164514 0.000830982 -0.0019996 -0.0164514 0.0850441 
0.011079 -0.0195597 -0.000744463 0.000866146 -0.0195597 0.0926818 0.000854306 -0.00210468 -0.000744463 0.000854306 0.00845873 -0.0164563 0.000866146 -0.00210468 -0.0164563 0.0850222 
