0.00753209 0 -0.00192925 0 0 0.01 0 0 -0.00192925 0 0.00683178 0 0 0 0 0.01 
0.0106036 -0.0131587 -0.00236783 0.00289631 -0.0131587 0.0344051 0.00289631 -0.00555395 -0.00236783 0.00289631 0.00968656 -0.0120375 0.00289631 -0.00555395 -0.0120375 0.0322555 
0.0105525 -0.0198188 -0.00204433 0.00325713 -0.0198188 0.0724888 0.00325713 -0.0102396 -0.00204433 0.00325713 0.00975419 -0.0182527 0.00325713 -0.0102396 -0.0182527 0.0675546 
0.00990431 -0.019293 -0.00192868 0.00237568 -0.019293 0.0862108 0.00235781 -0.00778998 -0.00192868 0.00235781 0.00931285 -0.0182198 0.00237568 -0.00778998 -0.0182198 0.0821604 
0.00981823 -0.0184229 -0.00209975 0.00222096 -0.0184229 0.0887264 0.00218697 -0.00576946 -0.00209975 0.00218697 0.00939856 -0.0178171 0.00222096 -0.00576946 -0.0178171 0.0865219 
0.00991837 -0.0182197 -0.00225265 0.00247498 -0.0182197 0.0891981 0.00243981 -0.00571375 -0.00225265 0.00243981 0.00963035 -0.0178577 0.00247498 -0.00571375 -0.0178577 0.088034 
0.0100287 -0.0182626 -0.00231543 0.00266665 -0.0182626 0.0894721 0.00263775 -0.00623189 -0.00231543 0.00263775 0.00974676 -0.0180204 0.00266665 -0.00623189 -0.0180204 0.0887813 
0.0100405 -0.0182988 -0.00229332 0.0027099 -0.0182988 0.0895449 0.00269173 -0.00653191 -0.00229332 0.00269173 0.00982655 -0.0181163 0.0027099 -0.00653191 -0.0181163 0.0891894 
0.0100376 -0.018322 -0.00220835 0.00264402 -0.018322 0.0896081 0.00263432 -0.00649725 -0.00220835 0.00263432 0.00983209 -0.0181384 0.00264402 -0.00649725 -0.0181384 0.0892602 
0.0100616 -0.0183255 -0.00212963 0.00254168 -0.0183255 0.0896346 0.00253891 -0.00630633 -0.00212963 0.00253891 0.00978899 -0.018136 0.00254168 -0.00630633 -0.018136 0.0892608 
0.0100787 -0.018382 -0.00207165 0.002451 -0.018382 0.0897608 0.00245704 -0.00608562 -0.00207165 0.00245704 0.00976998 -0.0180655 0.002451 -0.00608562 -0.0180655 0.0891259 
0.0101066 -0.0183551 -0.00203725 0.00237853 -0.0183551 0.0897193 0.00238883 -0.00588364 -0.00203725 0.00238883 0.00971653 -0.0180816 0.00237853 -0.00588364 -0.0180816 0.0891226 
0.010117 -0.0184048 -0.00203252 0.00234772 -0.0184048 0.089792 0.00236274 -0.00577613 -0.00203252 0.00236274 0.00968344 -0.0180082 0.00234772 -0.00577613 -0.0180082 0.0890156 
0.0101136 -0.0183964 -0.00204295 0.00235881 -0.0183964 0.0897948 0.00237442 -0.00577939 -0.00204295 0.00237442 0.00967523 -0.0179888 0.00235881 -0.00577939 -0.0179888 0.0889586 
0.0100636 -0.018411 -0.00206709 0.0023769 -0.018411 0.0898377 0.0023891 -0.00581884 -0.00206709 0.0023891 0.00970285 -0.0179545 0.0023769 -0.00581884 -0.0179545 0.0888562 
0.0100478 -0.0183899 -0.00205057 0.00240932 -0.0183899 0.0898692 0.00241184 -0.0058756 -0.00205057 0.00241184 0.00971217 -0.0179481 0.00240932 -0.0058756 -0.0179481 0.0887649 
0.0100458 -0.0183784 -0.00202071 0.00238916 -0.0183784 0.0898582 0.00238742 -0.00586656 -0.00202071 0.00238742 0.00970496 -0.017946 0.00238916 -0.00586656 -0.017946 0.0887193 
0.010056 -0.0183501 -0.00199932 0.00235688 -0.0183501 0.0897804 0.00235617 -0.00581241 -0.00199932 0.00235617 0.00968108 -0.0179586 0.00235688 -0.00581241 -0.0179586 0.0887463 
0.0100755 -0.0183563 -0.00196749 0.00232601 -0.0183563 0.0897483 0.00232825 -0.00573764 -0.00196749 0.00232825 0.00965691 -0.0179307 0.00232601 -0.00573764 -0.0179307 0.0887183 
0.0100823 -0.0183777 -0.00196533 0.00230003 -0.0183777 0.089776 0.00230533 -0.0056889 -0.00196533 0.00230533 0.00966426 -0.0179008 0.00230003 -0.0056889 -0.0179008 0.0886507 
0.0100434 -0.0183586 -0.00196277 0.00229265 -0.0183586 0.0897219 0.00229662 -0.00564971 -0.00196277 0.00229662 0.00971832 -0.0179374 0.00229265 -0.00564971 -0.0179374 0.0887144 
0.010032 -0.018309 -0.0019268 0.00228702 -0.018309 0.0896207 0.00228513 -0.00561919 -0.0019268 0.00228513 0.00972924 -0.0180078 0.00228702 -0.00561919 -0.0180078 0.088855 
0.0100474 -0.0183196 -0.00190018 0.0022272 -0.0183196 0.0896145 0.00222158 -0.00549161 -0.00190018 0.00222158 0.00970473 -0.0179998 0.0022272 -0.00549161 -0.0179998 0.0888893 
0.0100923 -0.0183884 -0.00188625 0.00221502 -0.0183884 0.0897909 0.00220804 -0.00543445 -0.00188625 0.00220804 0.00966555 -0.0179352 0.00221502 -0.00543445 -0.0179352 0.0887608 
0.010124 -0.0184335 -0.00192623 0.00222647 -0.0184335 0.0899364 0.00222111 -0.00547093 -0.00192623 0.00222111 0.00965401 -0.0179099 0.00222647 -0.00547093 -0.0179099 0.0886918 
0.0101517 -0.0184708 -0.00190754 0.00224123 -0.0184708 0.090047 0.00224019 -0.00547413 -0.00190754 0.00224019 0.00960986 -0.0178856 0.00224123 -0.00547413 -0.0178856 0.0886059 
0.0101654 -0.0184999 -0.00188444 0.00222728 -0.0184999 0.0901311 0.00223208 -0.0054806 -0.00188444 0.00223208 0.00959247 -0.0178417 0.00222728 -0.0054806 -0.0178417 0.0885234 
0.0101547 -0.0185149 -0.00183872 0.00218205 -0.0185149 0.090182 0.00219062 -0.00539294 -0.00183872 0.00219062 0.00958963 -0.0178091 0.00218205 -0.00539294 -0.0178091 0.0884184 
0.0101594 -0.018494 -0.00181804 0.00214373 -0.018494 0.0901587 0.00214878 -0.00530956 -0.00181804 0.00214878 0.00958991 -0.0178158 0.00214373 -0.00530956 -0.0178158 0.0884043 
0.0101674 -0.0184857 -0.00182129 0.00210109 -0.0184857 0.090104 0.0021017 -0.00517834 -0.00182129 0.0021017 0.00957603 -0.0178197 0.00210109 -0.00517834 -0.0178197 0.0884131 
0.0101318 -0.0184796 -0.0018218 0.0021018 -0.0184796 0.090053 0.00210106 -0.00512316 -0.0018218 0.00210106 0.0096095 -0.0178156 0.0021018 -0.00512316 -0.0178156 0.0884277 
0.0100969 -0.0184487 -0.00182045 0.00210958 -0.0184487 0.0900012 0.00210008 -0.00511978 -0.00182045 0.00210008 0.00965147 -0.017838 0.00210958 -0.00511978 -0.017838 0.0884402 
0.0101057 -0.0184014 -0.00178441 0.00212294 -0.0184014 0.0898988 0.00210504 -0.00514919 -0.00178441 0.00210504 0.0096481 -0.0178936 0.00212294 -0.00514919 -0.0178936 0.08854 
0.0101216 -0.0183796 -0.00177421 0.00208433 -0.0183796 0.0897814 0.00207028 -0.00511284 -0.00177421 0.00207028 0.00962159 -0.0179276 0.00208433 -0.00511284 -0.0179276 0.0886879 
0.0100861 -0.0183902 -0.00179689 0.00208161 -0.0183902 0.0897551 0.00207671 -0.00510888 -0.00179689 0.00207671 0.00964296 -0.0179127 0.00208161 -0.00510888 -0.0179127 0.0887422 
0.0100815 -0.0183728 -0.00183651 0.00210543 -0.0183728 0.0897559 0.00210361 -0.00514666 -0.00183651 0.00210361 0.00965633 -0.0179121 0.00210543 -0.00514666 -0.0179121 0.088722 
0.0100846 -0.0183449 -0.00187744 0.00216279 -0.0183449 0.0896799 0.00216382 -0.00527262 -0.00187744 0.00216382 0.00966625 -0.0179482 0.00216279 -0.00527262 -0.0179482 0.0887952 
0.0101029 -0.0183598 -0.0019039 0.00221439 -0.0183598 0.0896855 0.00222093 -0.00541993 -0.0019039 0.00222093 0.00968662 -0.0179563 0.00221439 -0.00541993 -0.0179563 0.0888373 
0.0100869 -0.0183807 -0.00190207 0.00222611 -0.0183807 0.0897232 0.00223267 -0.00547606 -0.00190207 0.00223267 0.00971823 -0.0179802 0.00222611 -0.00547606 -0.0179802 0.0888794 
0.0100821 -0.0183762 -0.00187471 0.00219484 -0.0183762 0.0897522 0.00219736 -0.0054042 -0.00187471 0.00219736 0.00971398 -0.0180073 0.00219484 -0.0054042 -0.0180073 0.0889218 
0.0100925 -0.0184178 -0.00185191 0.00216906 -0.0184178 0.089888 0.00217202 -0.00533338 -0.00185191 0.00217202 0.00969199 -0.0179698 0.00216906 -0.00533338 -0.0179698 0.08885 
0.0101146 -0.0184333 -0.00182928 0.00215522 -0.0184333 0.0899768 0.00215826 -0.00529747 -0.00182928 0.00215826 0.00965923 -0.017947 0.00215522 -0.00529747 -0.017947 0.0887883 
0.0101138 -0.018437 -0.00185328 0.00213142 -0.018437 0.0899857 0.00213572 -0.00525036 -0.00185328 0.00213572 0.00965808 -0.0179295 0.00213142 -0.00525036 -0.0179295 0.0887683 
0.0101624 -0.018477 -0.00186924 0.00216633 -0.018477 0.0901004 0.00216835 -0.00528735 -0.00186924 0.00216835 0.0096108 -0.0178883 0.00216633 -0.00528735 -0.0178883 0.0886487 
0.0101531 -0.0184984 -0.00184996 0.00216773 -0.0184984 0.0901314 0.00217031 -0.00529632 -0.00184996 0.00217031 0.00959039 -0.0178515 0.00216773 -0.00529632 -0.0178515 0.0885602 
0.0100731 -0.0184722 -0.00180836 0.00214173 -0.0184722 0.0900917 0.00214606 -0.00526 -0.00180836 0.00214606 0.00961962 -0.0178262 0.00214173 -0.00526 -0.0178262 0.0884766 
0.0100622 -0.018373 -0.00178152 0.00212009 -0.018373 0.0899132 0.00212101 -0.00523898 -0.00178152 0.00212101 0.00962157 -0.0178633 0.00212009 -0.00523898 -0.0178633 0.0885121 
0.0100604 -0.0183668 -0.00173166 0.00205961 -0.0183668 0.0898105 0.00206224 -0.00510138 -0.00173166 0.00206224 0.00961313 -0.017834 0.00205961 -0.00510138 -0.017834 0.0884516 
0.0100358 -0.0183855 -0.00170828 0.00202734 -0.0183855 0.0898347 0.00203206 -0.00503101 -0.00170828 0.00203206 0.00967692 -0.0178143 0.00202734 -0.00503101 -0.0178143 0.0883877 
0.00998041 -0.0182719 -0.0016789 0.00196954 -0.0182719 0.089567 0.00196359 -0.00486698 -0.0016789 0.00196359 0.00973263 -0.0179555 0.00196954 -0.00486698 -0.0179555 0.0886409 
0.00993332 -0.0182043 -0.0016797 0.00194444 -0.0182043 0.089346 0.00192888 -0.00476173 -0.0016797 0.00192888 0.00977948 -0.0180404 0.00194444 -0.00476173 -0.0180404 0.0889228 
0.00993995 -0.0181579 -0.00169273 0.00196895 -0.0181579 0.0892147 0.00194956 -0.0047813 -0.00169273 0.00194956 0.00975486 -0.0180989 0.00196895 -0.0047813 -0.0180989 0.0891223 
0.00993104 -0.0181953 -0.00169607 0.00198127 -0.0181953 0.0892579 0.00197098 -0.00481993 -0.00169607 0.00197098 0.0097417 -0.0180466 0.00198127 -0.00481993 -0.0180466 0.0890992 
0.009945 -0.0181845 -0.00169358 0.0019784 -0.0181845 0.0892758 0.00197945 -0.00483997 -0.00169358 0.00197945 0.00970719 -0.0180202 0.0019784 -0.00483997 -0.0180202 0.089011 
0.00995699 -0.018188 -0.0016663 0.00198493 -0.018188 0.0892692 0.00199725 -0.00488494 -0.0016663 0.00199725 0.00969204 -0.0179837 0.00198493 -0.00488494 -0.0179837 0.0889284 
0.00996579 -0.0181873 -0.0016589 0.00193991 -0.0181873 0.0892445 0.00196033 -0.00483282 -0.0016589 0.00196033 0.00968035 -0.0179688 0.00193991 -0.00483282 -0.0179688 0.0888708 
0.00999961 -0.018219 -0.00165908 0.00191851 -0.018219 0.0893052 0.00193847 -0.00475534 -0.00165908 0.00193847 0.00965373 -0.0179281 0.00191851 -0.00475534 -0.0179281 0.0887555 
0.00999987 -0.0183075 -0.00166412 0.00190645 -0.0183075 0.0895203 0.00192219 -0.00468933 -0.00166412 0.00192219 0.00965033 -0.0178442 0.00190645 -0.00468933 -0.0178442 0.0885152 
0.00997751 -0.0183087 -0.00169271 0.00194465 -0.0183087 0.0896229 0.00195142 -0.00475134 -0.00169271 0.00195142 0.00966986 -0.017855 0.00194465 -0.00475134 -0.017855 0.0884545 
0.00994273 -0.0182806 -0.00168557 0.00197584 -0.0182806 0.0896105 0.00197643 -0.00481648 -0.00168557 0.00197643 0.00968368 -0.0178751 0.00197584 -0.00481648 -0.0178751 0.0884649 
0.00992316 -0.0182021 -0.00165367 0.00197 -0.0182021 0.0894377 0.00196742 -0.00483627 -0.00165367 0.00196742 0.00968293 -0.0179194 0.00197 -0.00483627 -0.0179194 0.0885716 
0.00994834 -0.0181868 -0.00164393 0.00196379 -0.0181868 0.0893504 0.00196254 -0.00486854 -0.00164393 0.00196254 0.00966918 -0.0179181 0.00196379 -0.00486854 -0.0179181 0.0886257 
0.00991413 -0.0181942 -0.00164986 0.00193169 -0.0181942 0.0893009 0.00193277 -0.00480587 -0.00164986 0.00193277 0.00969827 -0.0179148 0.00193169 -0.00480587 -0.0179148 0.0886449 
0.00987597 -0.0181801 -0.00165065 0.00194711 -0.0181801 0.0893024 0.00194751 -0.00480958 -0.00165065 0.00194751 0.0097515 -0.0179303 0.00194711 -0.00480958 -0.0179303 0.0886536 
0.00988202 -0.0181056 -0.00165419 0.00194617 -0.0181056 0.0891481 0.00194392 -0.00481226 -0.00165419 0.00194392 0.00976739 -0.0180215 0.00194617 -0.00481226 -0.0180215 0.088831 
0.00986204 -0.0181185 -0.0016476 0.00192833 -0.0181185 0.0890976 0.00192857 -0.00476161 -0.0016476 0.00192857 0.00978394 -0.0180342 0.00192833 -0.00476161 -0.0180342 0.0889227 
0.00983707 -0.0181182 -0.0016253 0.0018991 -0.0181182 0.0891178 0.00189813 -0.00466809 -0.0016253 0.00189813 0.00977079 -0.018024 0.0018991 -0.00466809 -0.018024 0.0888954 
0.00983791 -0.0180745 -0.00162068 0.00189969 -0.0180745 0.0890453 0.001896 -0.00465961 -0.00162068 0.001896 0.0097572 -0.018027 0.00189969 -0.00465961 -0.018027 0.0889178 
0.00984743 -0.0181028 -0.00156246 0.00188244 -0.0181028 0.0890796 0.00188106 -0.00462185 -0.00156246 0.00188106 0.00973611 -0.0179637 0.00188244 -0.00462185 -0.0179637 0.0887692 
0.00985703 -0.0180797 -0.00152446 0.00183125 -0.0180797 0.0890253 0.00183339 -0.00455719 -0.00152446 0.00183339 0.00974433 -0.0179752 0.00183125 -0.00455719 -0.0179752 0.088765 
0.00985132 -0.0181256 -0.00149443 0.00177247 -0.0181256 0.0891086 0.00177617 -0.00441995 -0.00149443 0.00177617 0.00975214 -0.0179495 0.00177247 -0.00441995 -0.0179495 0.0886853 
0.00982699 -0.0181008 -0.00145954 0.0017268 -0.0181008 0.089093 0.00172616 -0.00427406 -0.00145954 0.00172616 0.00975329 -0.0179784 0.0017268 -0.00427406 -0.0179784 0.0887166 
0.00983378 -0.0180785 -0.00140651 0.00168165 -0.0180785 0.0890557 0.00168158 -0.00414628 -0.00140651 0.00168158 0.00971232 -0.0179687 0.00168165 -0.00414628 -0.0179687 0.0887091 
0.00982644 -0.0180636 -0.00139001 0.00162384 -0.0180636 0.0889866 0.00162901 -0.00402378 -0.00139001 0.00162901 0.00969743 -0.0179323 0.00162384 -0.00402378 -0.0179323 0.0886675 
0.00982499 -0.018056 -0.00137091 0.0016055 -0.018056 0.0889508 0.00161076 -0.00394838 -0.00137091 0.00161076 0.00968782 -0.0178995 0.0016055 -0.00394838 -0.0178995 0.0885716 
0.00981879 -0.0180418 -0.00138223 0.00161069 -0.0180418 0.0889034 0.00161374 -0.00396356 -0.00138223 0.00161374 0.00970478 -0.0179033 0.00161069 -0.00396356 -0.0179033 0.0885607 
0.00980779 -0.0180202 -0.00136705 0.00162618 -0.0180202 0.0888343 0.00162839 -0.00399625 -0.00136705 0.00162839 0.00972616 -0.0179399 0.00162618 -0.00399625 -0.0179399 0.0886355 
0.00981804 -0.0179884 -0.00137004 0.00159736 -0.0179884 0.0887364 0.00159993 -0.00395733 -0.00137004 0.00159993 0.00972121 -0.0179859 0.00159736 -0.00395733 -0.0179859 0.0887629 
0.00982407 -0.0180762 -0.00133234 0.0015936 -0.0180762 0.0889185 0.00159775 -0.00392374 -0.00133234 0.00159775 0.00968999 -0.0179098 0.0015936 -0.00392374 -0.0179098 0.0886199 
0.00979326 -0.0180773 -0.00129997 0.00155625 -0.0180773 0.0890026 0.00155516 -0.0038586 -0.00129997 0.00155516 0.00969852 -0.0178785 0.00155625 -0.0038586 -0.0178785 0.0885133 
0.00978412 -0.0180626 -0.00132363 0.00154547 -0.0180626 0.0890354 0.00153613 -0.00383076 -0.00132363 0.00153613 0.00972035 -0.0178672 0.00154547 -0.00383076 -0.0178672 0.0884338 
0.00975895 -0.0180372 -0.00138348 0.00156775 -0.0180372 0.0889807 0.00155566 -0.00384257 -0.00138348 0.00155566 0.00976699 -0.0178983 0.00156775 -0.00384257 -0.0178983 0.0884562 
0.00973254 -0.0179749 -0.00140726 0.00164394 -0.0179749 0.0888248 0.00163175 -0.00397856 -0.00140726 0.00163175 0.00979736 -0.0179926 0.00164394 -0.00397856 -0.0179926 0.0886589 
0.0097051 -0.0179123 -0.00140581 0.00165632 -0.0179123 0.0886233 0.00164855 -0.00405087 -0.00140581 0.00164855 0.00982483 -0.0180583 0.00165632 -0.00405087 -0.0180583 0.0888846 
0.00970524 -0.0179013 -0.0014199 0.00165458 -0.0179013 0.0885556 0.00165415 -0.00407965 -0.0014199 0.00165415 0.00983161 -0.018071 0.00165458 -0.00407965 -0.018071 0.0889637 
0.00967818 -0.0178737 -0.00144481 0.00167679 -0.0178737 0.0884603 0.00168313 -0.00413627 -0.00144481 0.00168313 0.0098786 -0.0181126 0.00167679 -0.00413627 -0.0181126 0.0890928 
0.00969817 -0.017908 -0.0014425 0.00170335 -0.017908 0.0885574 0.0017116 -0.00420085 -0.0014425 0.0017116 0.0098667 -0.0181057 0.00170335 -0.00420085 -0.0181057 0.0890558 
0.00971165 -0.0179433 -0.00139642 0.0016816 -0.0179433 0.0886608 0.00168861 -0.00417123 -0.00139642 0.00168861 0.00985074 -0.0180774 0.0016816 -0.00417123 -0.0180774 0.0889806 
0.00971358 -0.0178978 -0.00139474 0.00163526 -0.0178978 0.0885666 0.00164149 -0.00409417 -0.00139474 0.00164149 0.0098458 -0.0181285 0.00163526 -0.00409417 -0.0181285 0.0891113 
0.00969831 -0.0178678 -0.00140555 0.00163101 -0.0178678 0.0884396 0.00164094 -0.00404852 -0.00140555 0.00164094 0.00986251 -0.0181594 0.00163101 -0.00404852 -0.0181594 0.0892626 
0.00965294 -0.0178435 -0.00141049 0.00163873 -0.0178435 0.0883447 0.00165228 -0.00404644 -0.00141049 0.00165228 0.00990607 -0.0181844 0.00163873 -0.00404644 -0.0181844 0.0893619 
0.00961663 -0.0178401 -0.00135786 0.00162684 -0.0178401 0.0883663 0.00163784 -0.00400774 -0.00135786 0.00163784 0.00992607 -0.0181752 0.00162684 -0.00400774 -0.0181752 0.0893032 
0.00958923 -0.0178199 -0.00132807 0.00158613 -0.0178199 0.0883697 0.00159406 -0.00395293 -0.00132807 0.00159406 0.00994004 -0.0181772 0.00158613 -0.00395293 -0.0181772 0.0892659 
0.00959008 -0.017814 -0.00133565 0.00156762 -0.017814 0.0883922 0.00157017 -0.00390478 -0.00133565 0.00157017 0.0099413 -0.0181667 0.00156762 -0.00390478 -0.0181667 0.0892085 
0.00958426 -0.0178198 -0.00129426 0.00155838 -0.0178198 0.0884032 0.00155662 -0.00384267 -0.00129426 0.00155662 0.00994434 -0.0181456 0.00155838 -0.00384267 -0.0181456 0.0891226 
0.00958535 -0.0177925 -0.00126839 0.00150018 -0.0177925 0.0883439 0.00149088 -0.00371616 -0.00126839 0.00149088 0.00992826 -0.0181615 0.00150018 -0.00371616 -0.0181615 0.0891188 
0.00961496 -0.0178144 -0.00125887 0.00147071 -0.0178144 0.0883771 0.0014608 -0.00361578 -0.00125887 0.0014608 0.00989136 -0.0181209 0.00147071 -0.00361578 -0.0181209 0.0890346 
0.00959049 -0.0178132 -0.00125199 0.0014794 -0.0178132 0.0883557 0.00147776 -0.00362797 -0.00125199 0.00147776 0.00994515 -0.0181235 0.0014794 -0.00362797 -0.0181235 0.0890585 
0.00957443 -0.0177499 -0.00127582 0.00147195 -0.0177499 0.0882173 0.00147049 -0.00362866 -0.00127582 0.00147049 0.0100021 -0.0182347 0.00147195 -0.00362866 -0.0182347 0.0892882 
0.0095836 -0.0177893 -0.00130635 0.00149934 -0.0177893 0.0882815 0.00149862 -0.00366764 -0.00130635 0.00149862 0.0100125 -0.0182603 0.00149934 -0.00366764 -0.0182603 0.0893914 
0.00954468 -0.0177611 -0.00135054 0.00152586 -0.0177611 0.088226 0.00153 -0.00372209 -0.00135054 0.00153 0.0100507 -0.0183267 0.00152586 -0.00372209 -0.0183267 0.0896011 
0.00949865 -0.0177286 -0.00135438 0.00158031 -0.0177286 0.0881699 0.00158593 -0.00383268 -0.00135438 0.00158593 0.0100822 -0.0183626 0.00158031 -0.00383268 -0.0183626 0.0897318 
0.00948098 -0.0176878 -0.00135126 0.00160164 -0.0176878 0.0881031 0.00160106 -0.00392715 -0.00135126 0.00160106 0.0100981 -0.0183852 0.00160164 -0.00392715 -0.0183852 0.0897995 
0.00947388 -0.0176829 -0.00135851 0.00160394 -0.0176829 0.0880783 0.00159866 -0.00396313 -0.00135851 0.00159866 0.0100929 -0.0183786 0.00160394 -0.00396313 -0.0183786 0.0897856 
0.00946467 -0.0176267 -0.00137931 0.00159385 -0.0176267 0.0879275 0.00158577 -0.00393037 -0.00137931 0.00158577 0.0100844 -0.0184116 0.00159385 -0.00393037 -0.0184116 0.0898694 
0.00945292 -0.0176224 -0.00139588 0.00162257 -0.0176224 0.087868 0.00161511 -0.00396513 -0.00139588 0.00161511 0.0100828 -0.0183881 0.00162257 -0.00396513 -0.0183881 0.0898485 
0.0094797 -0.0176411 -0.00144268 0.00167061 -0.0176411 0.0879273 0.00167012 -0.00410194 -0.00144268 0.00167012 0.0100958 -0.0183568 0.00167061 -0.00410194 -0.0183568 0.0897482 
0.00949188 -0.0176773 -0.0014588 0.00171539 -0.0176773 0.087998 0.00172115 -0.00422199 -0.0014588 0.00172115 0.0101211 -0.0183601 0.00171539 -0.00422199 -0.0183601 0.0896937 
0.00947774 -0.0176975 -0.00144301 0.00171568 -0.0176975 0.0880673 0.00172096 -0.00424867 -0.00144301 0.00172096 0.0101454 -0.0183934 0.00171568 -0.00424867 -0.0183934 0.089728 
0.00949397 -0.0176949 -0.00145038 0.00170526 -0.0176949 0.0881091 0.00170612 -0.00424115 -0.00145038 0.00170612 0.0101326 -0.0184264 0.00170526 -0.00424115 -0.0184264 0.0898094 
0.00949884 -0.0176948 -0.00148308 0.00170979 -0.0176948 0.0881013 0.00170835 -0.00422901 -0.00148308 0.00170835 0.0101414 -0.0184392 0.00170979 -0.00422901 -0.0184392 0.0899 
0.00952703 -0.0177433 -0.00151124 0.00173261 -0.0177433 0.088217 0.00173399 -0.00424652 -0.00151124 0.00173399 0.0100877 -0.0183947 0.00173261 -0.00424652 -0.0183947 0.089792 
0.00955505 -0.0177237 -0.00153617 0.00177989 -0.0177237 0.0881777 0.00178497 -0.0043513 -0.00153617 0.00178497 0.0100797 -0.0183924 0.00177989 -0.0043513 -0.0183924 0.0898211 
0.00954783 -0.0177427 -0.00153394 0.00179149 -0.0177427 0.088162 0.00179679 -0.00439377 -0.00153394 0.00179679 0.010072 -0.018383 0.00179149 -0.00439377 -0.018383 0.0898109 
0.00954001 -0.017779 -0.0015641 0.00179449 -0.017779 0.0882684 0.00179629 -0.0044146 -0.0015641 0.00179629 0.0100566 -0.0183255 0.00179449 -0.0044146 -0.0183255 0.0896627 
0.00952986 -0.0177625 -0.00157324 0.00183038 -0.0177625 0.0882778 0.00182736 -0.00446706 -0.00157324 0.00182736 0.0100519 -0.0183068 0.00183038 -0.00446706 -0.0183068 0.0895692 
0.00951987 -0.0177542 -0.0015349 0.0018372 -0.0177542 0.0882633 0.00183249 -0.00449753 -0.0015349 0.00183249 0.0100491 -0.0182841 0.0018372 -0.00449753 -0.0182841 0.0894769 
0.00949894 -0.0177085 -0.00147757 0.00178743 -0.0177085 0.0881449 0.00178227 -0.00442469 -0.00147757 0.00178227 0.0100648 -0.0183083 0.00178743 -0.00442469 -0.0183083 0.0895091 
0.00948636 -0.0176471 -0.00145877 0.00174808 -0.0176471 0.0879657 0.00174323 -0.00436213 -0.00145877 0.00174323 0.0100991 -0.0183794 0.00174808 -0.00436213 -0.0183794 0.0897036 
0.00947789 -0.017642 -0.00142919 0.00171729 -0.017642 0.0878952 0.00171297 -0.00427579 -0.00142919 0.00171297 0.010121 -0.0184143 0.00171729 -0.00427579 -0.0184143 0.0898311 
0.00946114 -0.0176406 -0.00143576 0.00168498 -0.0176406 0.0878906 0.00167993 -0.00419712 -0.00143576 0.00167993 0.0101573 -0.0184453 0.00168498 -0.00419712 -0.0184453 0.0899318 
0.00945673 -0.0176451 -0.00145535 0.00167486 -0.0176451 0.0879252 0.00167141 -0.00413052 -0.00145535 0.00167141 0.0101783 -0.0184641 0.00167486 -0.00413052 -0.0184641 0.0899666 
0.00946588 -0.0176826 -0.00147832 0.00171079 -0.0176826 0.0880543 0.00171479 -0.00419045 -0.00147832 0.00171479 0.0101778 -0.0184574 0.00171079 -0.00419045 -0.0184574 0.0899342 
0.00945662 -0.0176857 -0.00145153 0.00173467 -0.0176857 0.0880996 0.00174628 -0.00426414 -0.00145153 0.00174628 0.0101894 -0.0184697 0.00173467 -0.00426414 -0.0184697 0.0899577 
0.00943827 -0.0176654 -0.0013896 0.00169494 -0.0176654 0.0880662 0.00170508 -0.00422182 -0.0013896 0.00170508 0.0102023 -0.0184845 0.00169494 -0.00422182 -0.0184845 0.0899948 
0.00941424 -0.0176056 -0.00135656 0.00160244 -0.0176056 0.0879073 0.00160392 -0.00401849 -0.00135656 0.00160392 0.0102112 -0.01853 0.00160244 -0.00401849 -0.01853 0.0901117 
0.00941692 -0.0176105 -0.00132917 0.0015438 -0.0176105 0.0878832 0.00153873 -0.00380445 -0.00132917 0.00153873 0.0101753 -0.01849 0.0015438 -0.00380445 -0.01849 0.0900337 
0.00937804 -0.0176066 -0.00135952 0.00153483 -0.0176066 0.0878662 0.00153493 -0.00374968 -0.00135952 0.00153493 0.0101991 -0.0184525 0.00153483 -0.00374968 -0.0184525 0.0899484 
0.00934861 -0.0175216 -0.00139174 0.00158125 -0.0175216 0.0876972 0.00158552 -0.00382262 -0.00139174 0.00158552 0.0102607 -0.0185261 0.00158125 -0.00382262 -0.0185261 0.0900734 
0.00933993 -0.0174757 -0.00139458 0.00164938 -0.0174757 0.087535 0.00165357 -0.00400433 -0.00139458 0.00165357 0.0103108 -0.0186249 0.00164938 -0.00400433 -0.0186249 0.0903215 
0.00937165 -0.0175234 -0.00138648 0.00165424 -0.0175234 0.0876151 0.00165553 -0.00408691 -0.00138648 0.00165553 0.0103032 -0.018637 0.00165424 -0.00408691 -0.018637 0.0903893 
0.00942719 -0.0176081 -0.00139215 0.00165826 -0.0176081 0.087848 0.00166052 -0.0041336 -0.00139215 0.00166052 0.0102659 -0.0185982 0.00165826 -0.0041336 -0.0185982 0.0903229 
0.0094032 -0.0176372 -0.00139004 0.00161486 -0.0176372 0.0879426 0.00162235 -0.00402814 -0.00139004 0.00162235 0.0102872 -0.0185879 0.00161486 -0.00402814 -0.0185879 0.090309 
0.00934941 -0.0175637 -0.00137083 0.00159775 -0.0175637 0.0878144 0.00160711 -0.00394052 -0.00137083 0.00160711 0.0103313 -0.0186615 0.00159775 -0.00394052 -0.0186615 0.0904714 
0.00929009 -0.0175068 -0.00134444 0.00158373 -0.0175068 0.0876657 0.00158779 -0.00389209 -0.00134444 0.00158779 0.0103715 -0.0186974 0.00158373 -0.00389209 -0.0186974 0.0905827 
0.00925629 -0.0174918 -0.00130615 0.00157581 -0.0174918 0.0876494 0.001569 -0.00387446 -0.00130615 0.001569 0.010388 -0.0186834 0.00157581 -0.00387446 -0.0186834 0.0905314 
0.0092606 -0.0174301 -0.00129089 0.00153545 -0.0174301 0.087535 0.00152082 -0.00380219 -0.00129089 0.00152082 0.0103999 -0.018731 0.00153545 -0.00380219 -0.018731 0.0906093 
0.00928793 -0.0174194 -0.00131505 0.00153351 -0.0174194 0.0874494 0.00152233 -0.00378967 -0.00131505 0.00152233 0.0104056 -0.0187692 0.00153351 -0.00378967 -0.0187692 0.090736 
0.00929777 -0.0174567 -0.00131098 0.00153378 -0.0174567 0.0874798 0.00153528 -0.00377287 -0.00131098 0.00153528 0.0104073 -0.0187676 0.00153378 -0.00377287 -0.0187676 0.0907658 
0.00930679 -0.0175041 -0.00130787 0.00151755 -0.0175041 0.0876116 0.00152739 -0.00374618 -0.00130787 0.00152739 0.0103864 -0.018727 0.00151755 -0.00374618 -0.018727 0.0906597 
0.00932267 -0.0174982 -0.00129564 0.00151741 -0.0174982 0.0876415 0.00152936 -0.00373646 -0.00129564 0.00152936 0.0103773 -0.0187282 0.00151741 -0.00373646 -0.0187282 0.0906507 
0.00934024 -0.0174934 -0.00128147 0.00151641 -0.0174934 0.0876119 0.00152652 -0.00374555 -0.00128147 0.00152652 0.0103915 -0.0187492 0.00151641 -0.00374555 -0.0187492 0.0907211 
0.00935731 -0.0175406 -0.0012956 0.00147912 -0.0175406 0.0876896 0.00148641 -0.00366317 -0.0012956 0.00148641 0.0103628 -0.0187246 0.00147912 -0.00366317 -0.0187246 0.0906585 
0.0093542 -0.0175712 -0.001336 0.00152027 -0.0175712 0.0877981 0.00152434 -0.00371263 -0.001336 0.00152434 0.0103668 -0.0186987 0.00152027 -0.00371263 -0.0186987 0.0906079 
0.00934574 -0.0175688 -0.00137516 0.00157934 -0.0175688 0.0878423 0.00158056 -0.00384083 -0.00137516 0.00158056 0.0103853 -0.0187089 0.00157934 -0.00384083 -0.0187089 0.0906068 
0.00932781 -0.0175627 -0.00139356 0.00160674 -0.0175627 0.0878406 0.00160641 -0.00391396 -0.00139356 0.00160641 0.0103863 -0.0187113 0.00160674 -0.00391396 -0.0187113 0.0905884 
0.00929397 -0.0175058 -0.00138855 0.00165275 -0.0175058 0.0877174 0.00165359 -0.00404081 -0.00138855 0.00165359 0.0104543 -0.0187665 0.00165275 -0.00404081 -0.0187665 0.0907368 
0.00930664 -0.0174584 -0.00139871 0.00163811 -0.0174584 0.0875888 0.00163718 -0.00405695 -0.00139871 0.00163718 0.0104992 -0.018866 0.00163811 -0.00405695 -0.018866 0.0909674 
0.00930353 -0.0175059 -0.001391 0.00162881 -0.0175059 0.0876315 0.00162741 -0.0040115 -0.001391 0.00162741 0.0105143 -0.0188785 0.00162881 -0.0040115 -0.0188785 0.0910352 
0.00928265 -0.0175184 -0.00138583 0.00161577 -0.0175184 0.0877032 0.00161406 -0.00397066 -0.00138583 0.00161406 0.0105278 -0.0188884 0.00161577 -0.00397066 -0.0188884 0.0910599 
