0.00632751 0 0.000402541 0 0 0.01 0 0 0.000402541 0 0.00865487 0 0 0 0 0.01 
0.0091049 -0.011344 0.000516285 -0.000623034 -0.011344 0.0309254 -0.000623034 0.00119454 0.000516285 -0.000623034 0.0119824 -0.0148451 -0.000623034 0.00119454 -0.0148451 0.0376392 
0.00931133 -0.0178559 0.000533807 -0.000688439 -0.0178559 0.0664328 -0.000688439 0.00211401 0.000533807 -0.000688439 0.0118926 -0.0218081 -0.000688439 0.00211401 -0.0218081 0.0787512 
0.00869705 -0.0180041 0.000522515 -0.000518153 -0.0180041 0.0821411 -0.000517638 0.00139574 0.000522515 -0.000517638 0.0112344 -0.0207601 -0.000518153 0.00139574 -0.0207601 0.0908133 
0.00846705 -0.017192 0.000525643 -0.000589382 -0.017192 0.0857504 -0.000586361 0.00139629 0.000525643 -0.000586361 0.0113963 -0.0199651 -0.000589382 0.00139629 -0.0199651 0.092526 
0.00855313 -0.0168295 0.000491659 -0.000589821 -0.0168295 0.0861759 -0.000591097 0.00148905 0.000491659 -0.000591097 0.0116607 -0.0201006 -0.000589821 0.00148905 -0.0201006 0.093454 
0.00868096 -0.0168318 0.000425731 -0.000511258 -0.0168318 0.0862423 -0.000519015 0.00135494 0.000425731 -0.000519015 0.0117919 -0.0203506 -0.000511258 0.00135494 -0.0203506 0.0943902 
0.00874699 -0.0169408 0.000370803 -0.000410889 -0.0169408 0.086428 -0.000418587 0.00109629 0.000370803 -0.000418587 0.0117746 -0.0204026 -0.000410889 0.00109629 -0.0204026 0.0947576 
0.00882431 -0.0170144 0.000372973 -0.000353229 -0.0170144 0.0866373 -0.00035561 0.000882138 0.000372973 -0.00035561 0.01172 -0.0203494 -0.000353229 0.000882138 -0.0203494 0.0947369 
0.00885585 -0.0170626 0.000373193 -0.000368116 -0.0170626 0.0867299 -0.000369316 0.000835233 0.000373193 -0.000369316 0.011689 -0.020321 -0.000368116 0.000835233 -0.020321 0.0946888 
0.00883984 -0.0171018 0.000344807 -0.000357763 -0.0171018 0.0868257 -0.000360712 0.000803934 0.000344807 -0.000360712 0.011674 -0.0202844 -0.000357763 0.000803934 -0.0202844 0.0946028 
0.00883533 -0.0170667 0.000355198 -0.000368328 -0.0170667 0.0868081 -0.000367861 0.000855217 0.000355198 -0.000367861 0.0116984 -0.0203326 -0.000368328 0.000855217 -0.0203326 0.0947287 
0.00882185 -0.0170602 0.000406459 -0.000379363 -0.0170602 0.0867667 -0.000375655 0.000889363 0.000406459 -0.000375655 0.0116779 -0.020344 -0.000379363 0.000889363 -0.020344 0.0947811 
0.00881267 -0.0170532 0.000440918 -0.000447611 -0.0170532 0.0867659 -0.000447376 0.00101998 0.000440918 -0.000447376 0.0116865 -0.0203253 -0.000447611 0.00101998 -0.0203253 0.0947839 
0.00886814 -0.0170461 0.00048349 -0.000491399 -0.0170461 0.0867599 -0.000498009 0.00116229 0.00048349 -0.000498009 0.011654 -0.0203286 -0.000491399 0.00116229 -0.0203286 0.0947734 
0.00888738 -0.017132 0.000481055 -0.000536305 -0.017132 0.08691 -0.00054922 0.00128896 0.000481055 -0.00054922 0.0116424 -0.0202648 -0.000536305 0.00128896 -0.0202648 0.0946423 
0.00888609 -0.0171677 0.000465364 -0.000509904 -0.0171677 0.0870484 -0.000524563 0.00127584 0.000465364 -0.000524563 0.0115891 -0.0202211 -0.000509904 0.00127584 -0.0202211 0.094474 
0.0088783 -0.017148 0.000450026 -0.000503673 -0.017148 0.0870566 -0.000513988 0.00125525 0.000450026 -0.000513988 0.0115738 -0.0201932 -0.000503673 0.00125525 -0.0201932 0.0944191 
0.00886676 -0.0171578 0.000441906 -0.000478403 -0.0171578 0.0870849 -0.000479087 0.00118502 0.000441906 -0.000479087 0.0115447 -0.0201301 -0.000478403 0.00118502 -0.0201301 0.094239 
0.0088519 -0.017137 0.000447764 -0.000479422 -0.017137 0.0870585 -0.000471274 0.00115823 0.000447764 -0.000471274 0.0115185 -0.0200931 -0.000479422 0.00115823 -0.0200931 0.0941043 
0.00889149 -0.017098 0.000484375 -0.000479527 -0.017098 0.086963 -0.000468326 0.00113446 0.000484375 -0.000468326 0.011472 -0.020084 -0.000479527 0.00113446 -0.020084 0.0940693 
0.00897171 -0.0171512 0.000513558 -0.000533552 -0.0171512 0.0870144 -0.000523991 0.00121908 0.000513558 -0.000523991 0.0114301 -0.0200323 -0.000533552 0.00121908 -0.0200323 0.093985 
0.00899752 -0.0172368 0.000528445 -0.000579599 -0.0172368 0.0871671 -0.000571105 0.00134771 0.000528445 -0.000571105 0.0114507 -0.0200063 -0.000579599 0.00134771 -0.0200063 0.0939356 
0.00900556 -0.0172642 0.000525921 -0.000601952 -0.0172642 0.0872807 -0.000594873 0.00143832 0.000525921 -0.000594873 0.0114964 -0.0200575 -0.000601952 0.00143832 -0.0200575 0.09403 
0.00903792 -0.0172772 0.000513213 -0.0005792 -0.0172772 0.0873469 -0.000576413 0.00141674 0.000513213 -0.000576413 0.0115403 -0.0201275 -0.0005792 0.00141674 -0.0201275 0.0942084 
0.00899955 -0.0173267 0.000508166 -0.000539529 -0.0173267 0.087442 -0.00054033 0.00132213 0.000508166 -0.00054033 0.0115671 -0.0201449 -0.000539529 0.00132213 -0.0201449 0.0942648 
0.00892783 -0.0173027 0.000493749 -0.000487885 -0.0173027 0.0874622 -0.000492709 0.00115793 0.000493749 -0.000492709 0.0115223 -0.0201149 -0.000487885 0.00115793 -0.0201149 0.0941577 
0.00888631 -0.0171917 0.000522391 -0.000538763 -0.0171917 0.0872764 -0.000542581 0.00124639 0.000522391 -0.000542581 0.0115272 -0.0201298 -0.000538763 0.00124639 -0.0201298 0.0942318 
0.00888078 -0.0171337 0.000553997 -0.000574528 -0.0171337 0.08708 -0.000576817 0.00134699 0.000553997 -0.000576817 0.0115053 -0.0201135 -0.000574528 0.00134699 -0.0201135 0.094202 
0.00891413 -0.0171332 0.000592889 -0.000618979 -0.0171332 0.0870179 -0.000623229 0.0014644 0.000592889 -0.000623229 0.0114731 -0.0200798 -0.000618979 0.0014644 -0.0200798 0.094124 
0.00898623 -0.0171809 0.000617535 -0.000669758 -0.0171809 0.087083 -0.000677444 0.00160165 0.000617535 -0.000677444 0.0114148 -0.0200284 -0.000669758 0.00160165 -0.0200284 0.093992 
0.00901573 -0.0172618 0.000600198 -0.000678499 -0.0172618 0.0872343 -0.000687706 0.00164971 0.000600198 -0.000687706 0.0114038 -0.019962 -0.000678499 0.00164971 -0.019962 0.0938392 
0.00897804 -0.0172951 0.000529057 -0.00062821 -0.0172951 0.0873374 -0.000633173 0.00154718 0.000529057 -0.000633173 0.0113919 -0.019921 -0.00062821 0.00154718 -0.019921 0.0936753 
0.00894712 -0.0172439 0.000504588 -0.000558256 -0.0172439 0.0872862 -0.000555442 0.00139512 0.000504588 -0.000555442 0.0113552 -0.0199139 -0.000558256 0.00139512 -0.0199139 0.0936195 
0.00894982 -0.0171941 0.00051155 -0.000536316 -0.0171941 0.0871719 -0.000527907 0.00129073 0.00051155 -0.000527907 0.0113359 -0.0198949 -0.000536316 0.00129073 -0.0198949 0.0936095 
0.00886747 -0.0171856 0.00045554 -0.000514501 -0.0171856 0.0870841 -0.000505968 0.00119237 0.00045554 -0.000505968 0.0113519 -0.0198456 -0.000514501 0.00119237 -0.0198456 0.0934875 
0.00883739 -0.0170727 0.000445251 -0.000491864 -0.0170727 0.0868856 -0.000485742 0.00117343 0.000445251 -0.000485742 0.0113758 -0.0199104 -0.000491864 0.00117343 -0.0199104 0.0935985 
0.00883318 -0.0170286 0.000456088 -0.000485012 -0.0170286 0.0867145 -0.000480444 0.00115782 0.000456088 -0.000480444 0.0113907 -0.0199484 -0.000485012 0.00115782 -0.0199484 0.093727 
0.0088496 -0.0170234 0.000449167 -0.000508542 -0.0170234 0.08666 -0.000507648 0.00120208 0.000449167 -0.000507648 0.0114565 -0.019995 -0.000508542 0.00120208 -0.019995 0.093886 
0.00886973 -0.0170616 0.000445588 -0.000499609 -0.0170616 0.0867161 -0.000503115 0.00122181 0.000445588 -0.000503115 0.011506 -0.0200492 -0.000499609 0.00122181 -0.0200492 0.0939949 
0.00893506 -0.0171032 0.000468396 -0.00049729 -0.0171032 0.0868322 -0.000507431 0.00122936 0.000468396 -0.000507431 0.0115303 -0.0201175 -0.00049729 0.00122936 -0.0201175 0.0941612 
0.00895047 -0.0172096 0.0004412 -0.000460932 -0.0172096 0.0870608 -0.000478682 0.00111327 0.0004412 -0.000478682 0.0114987 -0.020089 -0.000460932 0.00111327 -0.020089 0.0941152 
0.00894907 -0.0172192 0.000453342 -0.00045153 -0.0172192 0.0871796 -0.000467009 0.00107926 0.000453342 -0.000467009 0.011492 -0.0200973 -0.00045153 0.00107926 -0.0200973 0.0941628 
0.00894666 -0.0171996 0.000480068 -0.000460768 -0.0171996 0.0871579 -0.000466371 0.00106235 0.000480068 -0.000466371 0.0114596 -0.0200986 -0.000460768 0.00106235 -0.0200986 0.0941939 
0.00895835 -0.0171843 0.00052193 -0.000527852 -0.0171843 0.0871144 -0.00052172 0.00118898 0.00052193 -0.00052172 0.0114388 -0.0200874 -0.000527852 0.00118898 -0.0200874 0.0942226 
0.00893912 -0.0172104 0.000503752 -0.000560846 -0.0172104 0.0871443 -0.000544152 0.00126648 0.000503752 -0.000544152 0.0114395 -0.020023 -0.000560846 0.00126648 -0.020023 0.0940789 
0.00888312 -0.0172047 0.000500874 -0.000552143 -0.0172047 0.0871672 -0.000533521 0.00130017 0.000500874 -0.000533521 0.0114305 -0.0199792 -0.000552143 0.00130017 -0.0199792 0.0938896 
0.00888267 -0.0171462 0.000485951 -0.000552205 -0.0171462 0.0871017 -0.000538865 0.00131221 0.000485951 -0.000538865 0.011411 -0.0199651 -0.000552205 0.00131221 -0.0199651 0.0937965 
0.00887204 -0.0171096 0.000479531 -0.000566399 -0.0171096 0.0869625 -0.000558425 0.00138513 0.000479531 -0.000558425 0.0114216 -0.0199825 -0.000566399 0.00138513 -0.0199825 0.0938408 
0.00888051 -0.0171228 0.000437374 -0.000522811 -0.0171228 0.0869531 -0.000519604 0.00131037 0.000437374 -0.000519604 0.0113827 -0.0199408 -0.000522811 0.00131037 -0.0199408 0.0937239 
0.0089328 -0.017118 0.000437358 -0.000457039 -0.017118 0.0869346 -0.000454367 0.00115284 0.000437358 -0.000454367 0.0113223 -0.0199148 -0.000457039 0.00115284 -0.0199148 0.0936648 
0.00895879 -0.0171665 0.00043922 -0.000448956 -0.0171665 0.0869795 -0.000446503 0.0010629 0.00043922 -0.000446503 0.0112931 -0.0198491 -0.000448956 0.0010629 -0.0198491 0.0935489 
0.00897987 -0.0171834 0.000484111 -0.000475899 -0.0171834 0.0870273 -0.000476229 0.00110788 0.000484111 -0.000476229 0.011304 -0.0198522 -0.000475899 0.00110788 -0.0198522 0.0935464 
0.00895299 -0.0171889 0.000517465 -0.000546625 -0.0171889 0.0870344 -0.00055497 0.00126852 0.000517465 -0.00055497 0.0113821 -0.0199066 -0.000546625 0.00126852 -0.0199066 0.0936871 
0.00892091 -0.0171787 0.00053475 -0.000563243 -0.0171787 0.087045 -0.000579293 0.00135152 0.00053475 -0.000579293 0.0114338 -0.0199764 -0.000563243 0.00135152 -0.0199764 0.0938236 
0.00890692 -0.0171689 0.000520502 -0.000542786 -0.0171689 0.0870571 -0.000557392 0.00129945 0.000520502 -0.000557392 0.0114137 -0.0199875 -0.000542786 0.00129945 -0.0199875 0.0938425 
0.00885885 -0.0171103 0.000478111 -0.000537344 -0.0171103 0.0869193 -0.000543379 0.0012668 0.000478111 -0.000543379 0.011441 -0.0200197 -0.000537344 0.0012668 -0.0200197 0.0939734 
0.0088231 -0.0170579 0.000439396 -0.00047576 -0.0170579 0.086774 -0.000471273 0.0011334 0.000439396 -0.000471273 0.0114136 -0.0200173 -0.00047576 0.0011334 -0.0200173 0.093972 
0.0088267 -0.0170469 0.000401131 -0.000444289 -0.0170469 0.0867347 -0.000434655 0.00103317 0.000401131 -0.000434655 0.0113566 -0.0199353 -0.000444289 0.00103317 -0.0199353 0.0937831 
0.00885641 -0.0170138 0.00041827 -0.000458686 -0.0170138 0.0866466 -0.000447528 0.00108368 0.00041827 -0.000447528 0.0113598 -0.0199351 -0.000458686 0.00108368 -0.0199351 0.0937827 
0.00886522 -0.0170227 0.000435465 -0.000496296 -0.0170227 0.0865901 -0.000489021 0.00119197 0.000435465 -0.000489021 0.0113928 -0.0199695 -0.000496296 0.00119197 -0.0199695 0.0938726 
0.00887928 -0.0170722 0.000413795 -0.000475898 -0.0170722 0.0867038 -0.000471077 0.00116077 0.000413795 -0.000471077 0.0114142 -0.0199764 -0.000475898 0.00116077 -0.0199764 0.0938807 
0.00887093 -0.0171089 0.000404541 -0.0004411 -0.0171089 0.0868332 -0.000435749 0.00107991 0.000404541 -0.000435749 0.0114353 -0.0199834 -0.0004411 0.00107991 -0.0199834 0.093873 
0.00886729 -0.0170932 0.000391137 -0.000419628 -0.0170932 0.0868531 -0.000419837 0.00100554 0.000391137 -0.000419837 0.0114539 -0.0200194 -0.000419628 0.00100554 -0.0200194 0.0939397 
0.00888091 -0.0170952 0.000425888 -0.000423327 -0.0170952 0.0868647 -0.000427934 0.00101443 0.000425888 -0.000427934 0.0114618 -0.0200448 -0.000423327 0.00101443 -0.0200448 0.0940109 
0.00890248 -0.017121 0.000472929 -0.000468651 -0.017121 0.0869183 -0.000475694 0.00109875 0.000472929 -0.000475694 0.0114484 -0.0200385 -0.000468651 0.00109875 -0.0200385 0.0940071 
0.00893184 -0.0171568 0.000481511 -0.000514079 -0.0171568 0.0870099 -0.000522237 0.00119799 0.000481511 -0.000522237 0.0114247 -0.0200129 -0.000514079 0.00119799 -0.0200129 0.093948 
0.00897424 -0.0171866 0.000524157 -0.000541229 -0.0171866 0.0870929 -0.000544476 0.00129504 0.000524157 -0.000544476 0.0114059 -0.0200042 -0.000541229 0.00129504 -0.0200042 0.093935 
0.00897614 -0.01724 0.000554808 -0.00056688 -0.01724 0.087201 -0.00056808 0.00133786 0.000554808 -0.00056808 0.011392 -0.0199585 -0.00056688 0.00133786 -0.0199585 0.0938269 
0.00897377 -0.0172466 0.000581802 -0.000614449 -0.0172466 0.0872695 -0.000615957 0.00144198 0.000581802 -0.000615957 0.0113963 -0.0199465 -0.000614449 0.00144198 -0.0199465 0.0937674 
0.00896988 -0.0172619 0.000590094 -0.000644691 -0.0172619 0.0873225 -0.000645588 0.00153203 0.000590094 -0.000645588 0.0113651 -0.0199055 -0.000644691 0.00153203 -0.0199055 0.0936248 
0.00896828 -0.0172314 0.000584076 -0.000639867 -0.0172314 0.087265 -0.000639305 0.00153723 0.000584076 -0.000639305 0.0113589 -0.0198987 -0.000639867 0.00153723 -0.0198987 0.0936002 
0.0089336 -0.0172248 0.000542231 -0.000607314 -0.0172248 0.0872121 -0.000607276 0.00145578 0.000542231 -0.000607276 0.0113527 -0.0198721 -0.000607314 0.00145578 -0.0198721 0.0935261 
0.00887572 -0.017157 0.000483225 -0.000564645 -0.017157 0.0870621 -0.000563804 0.00136225 0.000483225 -0.000563804 0.0113771 -0.0198981 -0.000564645 0.00136225 -0.0198981 0.0935817 
0.00890117 -0.0170613 0.000476186 -0.000556014 -0.0170613 0.0868357 -0.000552181 0.00137401 0.000476186 -0.000552181 0.0114069 -0.0199961 -0.000556014 0.00137401 -0.0199961 0.0938486 
0.00893104 -0.0171316 0.000449688 -0.000516618 -0.0171316 0.0868797 -0.000513352 0.00128327 0.000449688 -0.000513352 0.0113947 -0.0199651 -0.000516618 0.00128327 -0.0199651 0.093828 
0.00894888 -0.0171877 0.000418643 -0.000458643 -0.0171877 0.0870256 -0.000454934 0.00112818 0.000418643 -0.000454934 0.0113455 -0.0199149 -0.000458643 0.00112818 -0.0199149 0.0936874 
0.00895877 -0.0172 0.00040646 -0.000414927 -0.0172 0.087091 -0.00040848 0.000989185 0.00040646 -0.00040848 0.0112724 -0.0198595 -0.000414927 0.000989185 -0.0198595 0.0935504 
0.00890776 -0.017192 0.000413008 -0.000408205 -0.017192 0.0870777 -0.00040175 0.000934809 0.000413008 -0.00040175 0.0112414 -0.0197879 -0.000408205 0.000934809 -0.0197879 0.0934048 
0.00892909 -0.0171029 0.000450077 -0.00045433 -0.0171029 0.0869194 -0.00045134 0.0010332 0.000450077 -0.00045134 0.0112145 -0.0197987 -0.00045433 0.0010332 -0.0197987 0.0934186 
0.00893005 -0.0171147 0.000482853 -0.000489186 -0.0171147 0.0868247 -0.000486344 0.00112719 0.000482853 -0.000486344 0.0111764 -0.0197371 -0.000489186 0.00112719 -0.0197371 0.093297 
0.00895063 -0.0171278 0.000504284 -0.000545556 -0.0171278 0.0868428 -0.000541902 0.00126728 0.000504284 -0.000541902 0.0111534 -0.019679 -0.000545556 0.00126728 -0.019679 0.0931364 
0.00897628 -0.0171757 0.000490908 -0.000569557 -0.0171757 0.0869561 -0.000570686 0.00136468 0.000490908 -0.000570686 0.0111433 -0.0196242 -0.000569557 0.00136468 -0.0196242 0.0929529 
0.00901603 -0.0171901 0.000529192 -0.000568571 -0.0171901 0.0870147 -0.000576674 0.0014247 0.000529192 -0.000576674 0.011145 -0.0196506 -0.000568571 0.0014247 -0.0196506 0.0929681 
0.00905036 -0.017236 0.000539146 -0.000588488 -0.017236 0.0871072 -0.00060572 0.00144983 0.000539146 -0.00060572 0.011156 -0.019671 -0.000588488 0.00144983 -0.019671 0.0930387 
0.00906146 -0.0173066 0.00054376 -0.000558307 -0.0173066 0.0872915 -0.000573914 0.00136757 0.00054376 -0.000573914 0.0111481 -0.0196463 -0.000558307 0.00136757 -0.0196463 0.0929806 
0.00899304 -0.0173198 0.00053992 -0.000561839 -0.0173198 0.087391 -0.000568444 0.00132093 0.00053992 -0.000568444 0.0112007 -0.0196456 -0.000561839 0.00132093 -0.0196456 0.0929649 
0.00895978 -0.0172571 0.000535364 -0.000572712 -0.0172571 0.0873479 -0.000573606 0.00133491 0.000535364 -0.000573606 0.0111818 -0.0196746 -0.000572712 0.00133491 -0.0196746 0.0929602 
0.00895531 -0.0172174 0.000536327 -0.000571491 -0.0172174 0.0872385 -0.000571044 0.00134935 0.000536327 -0.000571044 0.0111163 -0.0196172 -0.000571491 0.00134935 -0.0196172 0.0928371 
0.00898322 -0.0172025 0.00053392 -0.000589359 -0.0172025 0.0871635 -0.000590998 0.00140082 0.00053392 -0.000590998 0.011047 -0.0195379 -0.000589359 0.00140082 -0.0195379 0.0926578 
0.00904407 -0.0172003 0.000526587 -0.000594608 -0.0172003 0.0870988 -0.000602258 0.00144546 0.000526587 -0.000602258 0.0110151 -0.0195025 -0.000594608 0.00144546 -0.0195025 0.092587 
0.0090846 -0.0172667 0.00050122 -0.000550721 -0.0172667 0.0871633 -0.000558578 0.00135213 0.00050122 -0.000558578 0.0109789 -0.0194595 -0.000550721 0.00135213 -0.0194595 0.092486 
0.00912906 -0.0173038 0.000526149 -0.000547769 -0.0173038 0.087254 -0.000548123 0.00132744 0.000526149 -0.000548123 0.0109339 -0.0194544 -0.000547769 0.00132744 -0.0194544 0.0924897 
0.00915206 -0.0173671 0.000537826 -0.000589322 -0.0173671 0.0874009 -0.000581786 0.00138535 0.000537826 -0.000581786 0.0108977 -0.0193954 -0.000589322 0.00138535 -0.0193954 0.0924002 
0.00911663 -0.0173987 0.00053017 -0.000593147 -0.0173987 0.0875183 -0.000581712 0.00140336 0.00053017 -0.000581712 0.0109191 -0.0193442 -0.000593147 0.00140336 -0.0193442 0.0922726 
0.00909667 -0.0173513 0.000577652 -0.000596501 -0.0173513 0.0874858 -0.000585839 0.00142545 0.000577652 -0.000585839 0.0109354 -0.0193796 -0.000596501 0.00142545 -0.0193796 0.0922903 
0.00908549 -0.0173435 0.000590487 -0.00062646 -0.0173435 0.0874609 -0.000622879 0.00145732 0.000590487 -0.000622879 0.010931 -0.0193626 -0.00062646 0.00145732 -0.0193626 0.0922345 
0.00905359 -0.0173113 0.000575638 -0.000638934 -0.0173113 0.0873799 -0.000637272 0.00149779 0.000575638 -0.000637272 0.0109346 -0.0193715 -0.000638934 0.00149779 -0.0193715 0.0922425 
0.00902135 -0.0172706 0.000555897 -0.000631572 -0.0172706 0.0872788 -0.000623886 0.00150547 0.000555897 -0.000623886 0.0109294 -0.019372 -0.000631572 0.00150547 -0.019372 0.0922452 
0.00901161 -0.0172015 0.000578042 -0.000648409 -0.0172015 0.0870997 -0.000637531 0.00156889 0.000578042 -0.000637531 0.0109329 -0.0194063 -0.000648409 0.00156889 -0.0194063 0.0923501 
0.00905646 -0.0171666 0.00060534 -0.00067712 -0.0171666 0.0869425 -0.000669018 0.00164224 0.00060534 -0.000669018 0.0109129 -0.0194293 -0.00067712 0.00164224 -0.0194293 0.0924527 
0.00912923 -0.0172457 0.000606236 -0.000657386 -0.0172457 0.0870213 -0.00065453 0.00159169 0.000606236 -0.00065453 0.0108423 -0.01935 -0.000657386 0.00159169 -0.01935 0.0922961 
0.00919898 -0.0173539 0.000607932 -0.000657501 -0.0173539 0.0872568 -0.000653843 0.00156776 0.000607932 -0.000653843 0.0107613 -0.0192372 -0.000657501 0.00156776 -0.0192372 0.0920128 
0.00922447 -0.0174446 0.000612363 -0.000679788 -0.0174446 0.0875175 -0.000676022 0.00161172 0.000612363 -0.000676022 0.0107547 -0.0191564 -0.000679788 0.00161172 -0.0191564 0.0917931 
0.00920894 -0.0174861 0.000621591 -0.000660432 -0.0174861 0.0876889 -0.00066137 0.00158184 0.000621591 -0.00066137 0.0107452 -0.0191242 -0.000660432 0.00158184 -0.0191242 0.0916217 
0.00919546 -0.0174501 0.000632583 -0.000677054 -0.0174501 0.0876797 -0.000683057 0.00160319 0.000632583 -0.000683057 0.0107499 -0.0191402 -0.000677054 0.00160319 -0.0191402 0.0916267 
0.00920748 -0.0174222 0.000688906 -0.000723356 -0.0174222 0.087602 -0.000725437 0.00172269 0.000688906 -0.000725437 0.0107195 -0.0191501 -0.000723356 0.00172269 -0.0191501 0.0916591 
0.00922936 -0.017419 0.000712695 -0.0007696 -0.017419 0.0875483 -0.00076747 0.00181007 0.000712695 -0.00076747 0.0106975 -0.0191347 -0.0007696 0.00181007 -0.0191347 0.0916766 
0.00919882 -0.0174535 0.000717203 -0.000810748 -0.0174535 0.0875918 -0.000810305 0.00193254 0.000717203 -0.000810305 0.0107185 -0.0190937 -0.000810748 0.00193254 -0.0190937 0.0915939 
0.00918377 -0.0174078 0.000713264 -0.00084521 -0.0174078 0.0875582 -0.000849918 0.00206409 0.000713264 -0.000849918 0.0108094 -0.0191762 -0.00084521 0.00206409 -0.0191762 0.0917607 
0.00920854 -0.0173956 0.000723127 -0.00082322 -0.0173956 0.0875091 -0.00082954 0.00206281 0.000723127 -0.00082954 0.0108391 -0.0192761 -0.00082322 0.00206281 -0.0192761 0.0919806 
0.00924793 -0.0174194 0.000748025 -0.000810744 -0.0174194 0.0875144 -0.000817605 0.00200745 0.000748025 -0.000817605 0.0108266 -0.0193201 -0.000810744 0.00200745 -0.0193201 0.0921566 
0.00926985 -0.017472 0.000735953 -0.00081088 -0.017472 0.0876054 -0.000814429 0.00194867 0.000735953 -0.000814429 0.0107952 -0.0192915 -0.00081088 0.00194867 -0.0192915 0.0921594 
0.00924059 -0.0175014 0.000732174 -0.000823288 -0.0175014 0.0876945 -0.000817641 0.00197058 0.000732174 -0.000817641 0.0108131 -0.0192523 -0.000823288 0.00197058 -0.0192523 0.0920869 
0.00917936 -0.0174681 0.000712189 -0.00079707 -0.0174681 0.0876715 -0.000788424 0.00191018 0.000712189 -0.000788424 0.0108335 -0.0192492 -0.00079707 0.00191018 -0.0192492 0.0920154 
0.00910913 -0.0174005 0.000698675 -0.000790018 -0.0174005 0.0875541 -0.00078465 0.00189754 0.000698675 -0.00078465 0.010866 -0.019258 -0.000790018 0.00189754 -0.019258 0.0919874 
0.00907824 -0.0173177 0.000693444 -0.000777763 -0.0173177 0.087379 -0.000780472 0.00189007 0.000693444 -0.000780472 0.0108634 -0.0192921 -0.000777763 0.00189007 -0.0192921 0.0920226 
0.00908946 -0.0172806 0.000683049 -0.000782404 -0.0172806 0.0872551 -0.000791679 0.00191487 0.000683049 -0.000791679 0.0108517 -0.0192926 -0.000782404 0.00191487 -0.0192926 0.0920485 
0.00908522 -0.0172803 0.000634275 -0.00075199 -0.0172803 0.0871945 -0.00076049 0.00185778 0.000634275 -0.00076049 0.0108773 -0.0192881 -0.00075199 0.00185778 -0.0192881 0.092056 
0.00912928 -0.0173047 0.000571497 -0.000676261 -0.0173047 0.0872517 -0.000681929 0.00169073 0.000571497 -0.000681929 0.0108601 -0.0192846 -0.000676261 0.00169073 -0.0192846 0.0920032 
0.009201 -0.0173524 0.000558889 -0.000594246 -0.0173524 0.0873352 -0.000598099 0.00148219 0.000558889 -0.000598099 0.010794 -0.019264 -0.000594246 0.00148219 -0.019264 0.0919565 
0.00920669 -0.0174376 0.00058606 -0.000572774 -0.0174376 0.0874982 -0.000577824 0.00135955 0.00058606 -0.000577824 0.0107403 -0.0191827 -0.000572774 0.00135955 -0.0191827 0.0918076 
0.00916319 -0.0174209 0.000606446 -0.000634181 -0.0174209 0.0875314 -0.000639797 0.00144691 0.000606446 -0.000639797 0.0107329 -0.0191603 -0.000634181 0.00144691 -0.0191603 0.091762 
0.00914361 -0.017364 0.000628441 -0.00068659 -0.017364 0.0874515 -0.000688058 0.00160097 0.000628441 -0.000688058 0.0107319 -0.0191641 -0.00068659 0.00160097 -0.0191641 0.0917715 
0.00910615 -0.0173437 0.000617775 -0.000715979 -0.0173437 0.0873764 -0.000707205 0.0016969 0.000617775 -0.000707205 0.0107486 -0.0191423 -0.000715979 0.0016969 -0.0191423 0.0917207 
0.00906146 -0.0172979 0.000572599 -0.000691172 -0.0172979 0.0872807 -0.000678634 0.00167445 0.000572599 -0.000678634 0.0107896 -0.0191519 -0.000691172 0.00167445 -0.0191519 0.0916977 
0.00906516 -0.0172531 0.000543399 -0.000631924 -0.0172531 0.0871717 -0.000620316 0.00156493 0.000543399 -0.000620316 0.0107808 -0.0191703 -0.000631924 0.00156493 -0.0191703 0.0916799 
0.00913305 -0.0172272 0.000581969 -0.000619347 -0.0172272 0.0870504 -0.000612834 0.0015235 0.000581969 -0.000612834 0.0107449 -0.019199 -0.000619347 0.0015235 -0.019199 0.0917723 
0.00917971 -0.0173296 0.000599633 -0.000628428 -0.0173296 0.0871782 -0.000628456 0.00148947 0.000599633 -0.000628456 0.0106834 -0.0191225 -0.000628428 0.00148947 -0.0191225 0.0916453 
0.00922909 -0.0173836 0.000603522 -0.000658827 -0.0173836 0.0873421 -0.00066055 0.00154296 0.000603522 -0.00066055 0.0106567 -0.0190736 -0.000658827 0.00154296 -0.0190736 0.0915408 
0.00922388 -0.0174549 0.000597645 -0.00066133 -0.0174549 0.0875218 -0.000663464 0.00157275 0.000597645 -0.000663464 0.0106454 -0.0190207 -0.00066133 0.00157275 -0.0190207 0.0913896 
0.00923606 -0.017453 0.000609694 -0.000654615 -0.017453 0.0876052 -0.000657635 0.00157062 0.000609694 -0.000657635 0.0106233 -0.0190131 -0.000654615 0.00157062 -0.0190131 0.0913304 
0.00926308 -0.0174702 0.000607793 -0.000635564 -0.0174702 0.0876476 -0.00063883 0.0015004 0.000607793 -0.00063883 0.0105542 -0.0189639 -0.000635564 0.0015004 -0.0189639 0.0912111 
0.00925037 -0.0174819 0.000596263 -0.000637359 -0.0174819 0.0876555 -0.000641189 0.00148405 0.000596263 -0.000641189 0.0105073 -0.018893 -0.000637359 0.00148405 -0.018893 0.0910694 
0.00925377 -0.0174389 0.000604304 -0.000664642 -0.0174389 0.0875775 -0.000666319 0.00156181 0.000604304 -0.000666319 0.0104887 -0.0188816 -0.000664642 0.00156181 -0.0188816 0.0910491 
0.00923439 -0.0174417 0.000597738 -0.000670738 -0.0174417 0.0875373 -0.000671924 0.00159962 0.000597738 -0.000671924 0.0105073 -0.0188416 -0.000670738 0.00159962 -0.0188416 0.0909597 
0.00917029 -0.017418 0.000562109 -0.000650579 -0.017418 0.0874845 -0.000655622 0.00157353 0.000562109 -0.000655622 0.0105593 -0.0188506 -0.000650579 0.00157353 -0.0188506 0.0909142 
0.00910919 -0.0173083 0.000554356 -0.000647064 -0.0173083 0.087255 -0.000652209 0.00159847 0.000554356 -0.000652209 0.0106269 -0.0189568 -0.000647064 0.00159847 -0.0189568 0.0911266 
0.00908875 -0.0172318 0.000542375 -0.000634173 -0.0172318 0.0870327 -0.000638304 0.00157711 0.000542375 -0.000638304 0.010679 -0.0190517 -0.000634173 0.00157711 -0.0190517 0.0913905 
0.0091303 -0.0172349 0.000537272 -0.000609908 -0.0172349 0.0869791 -0.00061103 0.00151791 0.000537272 -0.00061103 0.0106467 -0.0190793 -0.000609908 0.00151791 -0.0190793 0.0914915 
0.00910756 -0.0173076 0.000490612 -0.000551717 -0.0173076 0.0871103 -0.000551746 0.00133987 0.000490612 -0.000551746 0.0106683 -0.0190218 -0.000551717 0.00133987 -0.0190218 0.0914145 
0.00903643 -0.0172616 0.000455547 -0.000532539 -0.0172616 0.0870881 -0.000532571 0.00128615 0.000455547 -0.000532571 0.0107283 -0.0190694 -0.000532539 0.00128615 -0.0190694 0.0914638 
0.00900951 -0.0171919 0.000432277 -0.000498227 -0.0171919 0.0869747 -0.000493805 0.00121741 0.000432277 -0.000493805 0.0107342 -0.0191197 -0.000498227 0.00121741 -0.0191197 0.0915442 
0.00904486 -0.0171491 0.000452366 -0.000483795 -0.0171491 0.086845 -0.000473582 0.00116925 0.000452366 -0.000473582 0.0107042 -0.0191415 -0.000483795 0.00116925 -0.0191415 0.0916385 
0.00905208 -0.0171912 0.000457141 -0.000498686 -0.0171912 0.0868632 -0.000488562 0.00116196 0.000457141 -0.000488562 0.0107152 -0.0191086 -0.000498686 0.00116196 -0.0191086 0.0916239 
0.00905152 -0.0171973 0.000499187 -0.000527637 -0.0171973 0.0868901 -0.00052036 0.00124467 0.000499187 -0.00052036 0.0107279 -0.0191248 -0.000527637 0.00124467 -0.0191248 0.0916306 
0.00903706 -0.017232 0.000464844 -0.000540016 -0.017232 0.0869872 -0.000540717 0.0012646 0.000464844 -0.000540717 0.0107189 -0.0190903 -0.000540016 0.0012646 -0.0190903 0.0915234 
0.00902632 -0.0171886 0.000451015 -0.000509816 -0.0171886 0.0869334 -0.000511737 0.00124396 0.000451015 -0.000511737 0.0107272 -0.0191129 -0.000509816 0.00124396 -0.0191129 0.0915592 
0.00898706 -0.0171719 0.000438444 -0.000484313 -0.0171719 0.0868713 -0.000481825 0.00117028 0.000438444 -0.000481825 0.0107558 -0.0191226 -0.000484313 0.00117028 -0.0191226 0.0915903 
0.0089734 -0.0171251 0.000460454 -0.000503728 -0.0171251 0.086785 -0.00049882 0.00120747 0.000460454 -0.00049882 0.0107873 -0.0191629 -0.000503728 0.00120747 -0.0191629 0.0916676 
