0.00797155 0 0.0010065 0 0 0.01 0 0 0.0010065 0 0.00699151 0 0 0 0 0.01 
0.0111567 -0.0138373 0.00126096 -0.00153351 -0.0138373 0.0357057 -0.00153351 0.0029402 0.00126096 -0.00153351 0.00990648 -0.0123229 -0.00153351 0.0029402 -0.0123229 0.0328025 
0.0111964 -0.0207286 0.00120739 -0.00177765 -0.0207286 0.0753661 -0.00177765 0.00553537 0.00120739 -0.00177765 0.00997655 -0.0189221 -0.00177765 0.00553537 -0.0189221 0.069775 
0.0107137 -0.0200983 0.00114333 -0.00133341 -0.0200983 0.0887577 -0.00131336 0.00407814 0.00114333 -0.00131336 0.00931477 -0.0187267 -0.00133341 0.00407814 -0.0187267 0.0845361 
0.0108005 -0.0194656 0.00121067 -0.00127471 -0.0194656 0.0913654 -0.00124508 0.00319672 0.00121067 -0.00124508 0.00923945 -0.0178556 -0.00127471 0.00319672 -0.0178556 0.0874253 
0.0109668 -0.0194578 0.00121754 -0.00134291 -0.0194578 0.0922342 -0.0013221 0.00314503 0.00121754 -0.0013221 0.00941541 -0.0176946 -0.00134291 0.00314503 -0.0176946 0.0879626 
0.0110361 -0.0195548 0.00115939 -0.00132305 -0.0195548 0.0927582 -0.00131616 0.00315517 0.00115939 -0.00131616 0.00957612 -0.0178426 -0.00132305 0.00315517 -0.0178426 0.0884556 
0.0110642 -0.0195901 0.00109112 -0.00125047 -0.0195901 0.0929783 -0.00125216 0.0030401 0.00109112 -0.00125216 0.00965258 -0.0179736 -0.00125047 0.0030401 -0.0179736 0.0888598 
0.0111039 -0.0195235 0.00102526 -0.00116562 -0.0195235 0.0927948 -0.00117092 0.00284474 0.00102526 -0.00117092 0.00959497 -0.018079 -0.00116562 0.00284474 -0.018079 0.0891942 
0.0111458 -0.019591 0.000967061 -0.00110304 -0.019591 0.0928186 -0.00110983 0.00267784 0.000967061 -0.00110983 0.00952971 -0.0179954 -0.00110304 0.00267784 -0.0179954 0.0891783 
0.0111593 -0.0197124 0.000970228 -0.00106606 -0.0197124 0.0931165 -0.00107069 0.00258948 0.000970228 -0.00107069 0.00955446 -0.0178926 -0.00106606 0.00258948 -0.0178926 0.0889638 
0.0111027 -0.0197117 0.000980913 -0.00107184 -0.0197117 0.0932175 -0.00107384 0.00256893 0.000980913 -0.00107384 0.00962923 -0.0179348 -0.00107184 0.00256893 -0.0179348 0.0889446 
0.0109852 -0.0196184 0.00100893 -0.00107867 -0.0196184 0.0930706 -0.00108019 0.00257657 0.00100893 -0.00108019 0.00972675 -0.018044 -0.00107867 0.00257657 -0.018044 0.0891465 
0.0108796 -0.0194516 0.00105073 -0.00109078 -0.0194516 0.0927106 -0.00109525 0.00258165 0.00105073 -0.00109525 0.00977993 -0.0181733 -0.00109078 0.00258165 -0.0181733 0.08945 
0.0108533 -0.0192937 0.00106846 -0.00114475 -0.0192937 0.092269 -0.00114789 0.00267567 0.00106846 -0.00114789 0.00970722 -0.018246 -0.00114475 0.00267567 -0.018246 0.0896994 
0.0108511 -0.0192834 0.00105254 -0.00117841 -0.0192834 0.0921069 -0.00117808 0.00278073 0.00105254 -0.00117808 0.0095923 -0.0181311 -0.00117841 0.00278073 -0.0181311 0.0895823 
0.0108877 -0.0193386 0.00104357 -0.0011832 -0.0193386 0.0922324 -0.00117986 0.00284206 0.00104357 -0.00117986 0.00951533 -0.017962 -0.0011832 0.00284206 -0.017962 0.0892272 
0.0109165 -0.0194043 0.00104957 -0.00117966 -0.0194043 0.0924196 -0.00117611 0.00285973 0.00104957 -0.00117611 0.00949679 -0.0178399 -0.00117966 0.00285973 -0.0178399 0.0888477 
0.0109187 -0.0194247 0.00103829 -0.00117521 -0.0194247 0.0925107 -0.00117435 0.00284385 0.00103829 -0.00117435 0.00951696 -0.017828 -0.00117521 0.00284385 -0.017828 0.0886978 
0.0109159 -0.0194523 0.0010527 -0.00118715 -0.0194523 0.0926159 -0.00118793 0.00288883 0.0010527 -0.00118793 0.00958492 -0.01785 -0.00118715 0.00288883 -0.01785 0.0886944 
0.0109252 -0.0194826 0.00110063 -0.00122657 -0.0194826 0.092746 -0.00122548 0.00298677 0.00110063 -0.00122548 0.0097175 -0.0179382 -0.00122657 0.00298677 -0.0179382 0.0888549 
0.0109298 -0.0194471 0.00109063 -0.00123074 -0.0194471 0.0926747 -0.00122012 0.00296086 0.00109063 -0.00122012 0.00977673 -0.0181311 -0.00123074 0.00296086 -0.0181311 0.089257 
0.0109348 -0.0194531 0.00106799 -0.00120169 -0.0194531 0.0926549 -0.00118592 0.00287955 0.00106799 -0.00118592 0.00979823 -0.0182179 -0.00120169 0.00287955 -0.0182179 0.08959 
0.0109417 -0.0194169 0.00101296 -0.00114008 -0.0194169 0.0925465 -0.00112832 0.00271946 0.00101296 -0.00112832 0.00967893 -0.0182415 -0.00114008 0.00271946 -0.0182415 0.0897209 
0.010995 -0.0194696 0.000995968 -0.00111531 -0.0194696 0.0926445 -0.00111054 0.00266522 0.000995968 -0.00111054 0.00958231 -0.0181061 -0.00111531 0.00266522 -0.0181061 0.0895883 
0.0110293 -0.0195597 0.00100232 -0.00110563 -0.0195597 0.092861 -0.00110789 0.00265243 0.00100232 -0.00110789 0.00951119 -0.0179485 -0.00110563 0.00265243 -0.0179485 0.0892083 
0.0109789 -0.019535 0.000993616 -0.00108172 -0.019535 0.0928303 -0.00109055 0.00258945 0.000993616 -0.00109055 0.00949115 -0.0178767 -0.00108172 0.00258945 -0.0178767 0.0889438 
0.0109012 -0.0194534 0.00100234 -0.00108023 -0.0194534 0.0926555 -0.00109206 0.00257995 0.00100234 -0.00109206 0.00951663 -0.0178606 -0.00108023 0.00257995 -0.0178606 0.0888354 
0.0108 -0.0193502 0.00102459 -0.00108619 -0.0193502 0.092399 -0.00110101 0.00258609 0.00102459 -0.00110101 0.0095668 -0.0178801 -0.00108619 0.00258609 -0.0178801 0.0888156 
0.0107712 -0.0192958 0.00106458 -0.00115277 -0.0192958 0.0922932 -0.00117042 0.00273678 0.00106458 -0.00117042 0.00961439 -0.0179017 -0.00115277 0.00273678 -0.0179017 0.088815 
0.0107157 -0.019212 0.00106949 -0.00119515 -0.019212 0.0920554 -0.00120863 0.00285893 0.00106949 -0.00120863 0.00968116 -0.0179854 -0.00119515 0.00285893 -0.0179854 0.0889738 
0.0107559 -0.0191639 0.00104041 -0.00120372 -0.0191639 0.0919095 -0.00120873 0.00291019 0.00104041 -0.00120873 0.00964872 -0.0180559 -0.00120372 0.00291019 -0.0180559 0.0891432 
0.0107962 -0.0192084 0.00100549 -0.00115801 -0.0192084 0.0919166 -0.00115511 0.00283161 0.00100549 -0.00115511 0.00959612 -0.0180145 -0.00115801 0.00283161 -0.0180145 0.0891435 
0.0108405 -0.0192815 0.000985433 -0.00111287 -0.0192815 0.092082 -0.00110582 0.00270723 0.000985433 -0.00110582 0.00957024 -0.01794 -0.00111287 0.00270723 -0.01794 0.0890022 
0.0108743 -0.0193174 0.000997696 -0.00108979 -0.0193174 0.0921881 -0.00108215 0.00262326 0.000997696 -0.00108215 0.00952995 -0.0179115 -0.00108979 0.00262326 -0.0179115 0.0888888 
0.0109484 -0.0193592 0.000976998 -0.00111095 -0.0193592 0.0922912 -0.00110113 0.00263109 0.000976998 -0.00110113 0.00946521 -0.0178636 -0.00111095 0.00263109 -0.0178636 0.0887797 
0.0109495 -0.0194192 0.000995305 -0.00110267 -0.0194192 0.0923865 -0.00108913 0.00264921 0.000995305 -0.00108913 0.0094629 -0.0178091 -0.00110267 0.00264921 -0.0178091 0.0886772 
0.0108817 -0.0194026 0.00100525 -0.00110291 -0.0194026 0.0923825 -0.00108497 0.00262464 0.00100525 -0.00108497 0.00945855 -0.0177979 -0.00110291 0.00262464 -0.0177979 0.0885917 
0.0108196 -0.0193313 0.000992172 -0.00112257 -0.0193313 0.0922802 -0.00110415 0.00265768 0.000992172 -0.00110415 0.00944708 -0.0177919 -0.00112257 0.00265768 -0.0177919 0.0885639 
0.0107688 -0.0192655 0.00097672 -0.00111034 -0.0192655 0.0921396 -0.0010987 0.00266609 0.00097672 -0.0010987 0.00944978 -0.0177691 -0.00111034 0.00266609 -0.0177691 0.0885174 
0.01074 -0.0192407 0.000981414 -0.00108954 -0.0192407 0.0920911 -0.00108883 0.0026387 0.000981414 -0.00108883 0.00946983 -0.017747 -0.00108954 0.0026387 -0.017747 0.0884427 
0.0107079 -0.0191852 0.000985749 -0.00110028 -0.0191852 0.0919602 -0.00110989 0.00265965 0.000985749 -0.00110989 0.00951339 -0.0177863 -0.00110028 0.00265965 -0.0177863 0.088495 
0.010699 -0.0191154 0.0009624 -0.00108788 -0.0191154 0.091757 -0.00110351 0.00264509 0.0009624 -0.00110351 0.00949373 -0.0178419 -0.00108788 0.00264509 -0.0178419 0.0886027 
0.0106998 -0.0190973 0.000941299 -0.00107122 -0.0190973 0.091639 -0.0010875 0.00262152 0.000941299 -0.0010875 0.00949472 -0.0178417 -0.00107122 0.00262152 -0.0178417 0.0886906 
0.0106932 -0.0191039 0.000944022 -0.00105729 -0.0191039 0.0916171 -0.00106972 0.00259806 0.000944022 -0.00106972 0.00950335 -0.0178304 -0.00105729 0.00259806 -0.0178304 0.0886773 
0.0107021 -0.0191162 0.00096678 -0.00106215 -0.0191162 0.0916594 -0.00106561 0.00258022 0.00096678 -0.00106561 0.00953085 -0.0178359 -0.00106215 0.00258022 -0.0178359 0.0886787 
0.0107143 -0.0191469 0.000978211 -0.00108103 -0.0191469 0.0917465 -0.00107629 0.00258392 0.000978211 -0.00107629 0.00954023 -0.0178502 -0.00108103 0.00258392 -0.0178502 0.0886757 
0.0107621 -0.0191961 0.000970447 -0.00110622 -0.0191961 0.091904 -0.00109987 0.00263976 0.000970447 -0.00109987 0.00952598 -0.0178434 -0.00110622 0.00263976 -0.0178434 0.0886475 
0.010776 -0.0192284 0.000958109 -0.00108342 -0.0192284 0.0919878 -0.00108061 0.00261938 0.000958109 -0.00108061 0.00949613 -0.0178445 -0.00108342 0.00261938 -0.0178445 0.0886521 
0.0107401 -0.0192316 0.000986352 -0.00106647 -0.0192316 0.0920143 -0.00106504 0.00258035 0.000986352 -0.00106504 0.00948255 -0.0178113 -0.00106647 0.00258035 -0.0178113 0.0886005 
0.010707 -0.019207 0.00103527 -0.00112283 -0.019207 0.0920084 -0.00111942 0.0026705 0.00103527 -0.00111942 0.00950554 -0.0177963 -0.00112283 0.0026705 -0.0177963 0.0885668 
0.0106732 -0.0191757 0.00107906 -0.00118507 -0.0191757 0.0919593 -0.00118146 0.00281518 0.00107906 -0.00118146 0.00954282 -0.0178172 -0.00118507 0.00281518 -0.0178172 0.0885845 
0.0106438 -0.0191176 0.00109992 -0.00120661 -0.0191176 0.0918201 -0.0012046 0.00287747 0.00109992 -0.0012046 0.00954958 -0.0178556 -0.00120661 0.00287747 -0.0178556 0.0886422 
0.010622 -0.0190859 0.00111628 -0.00124142 -0.0190859 0.0917168 -0.00124347 0.00296824 0.00111628 -0.00124347 0.00958744 -0.0178637 -0.00124142 0.00296824 -0.0178637 0.0886855 
0.0106408 -0.0190431 0.00107404 -0.00126363 -0.0190431 0.0915917 -0.00126886 0.00304317 0.00107404 -0.00126886 0.00960546 -0.0179243 -0.00126363 0.00304317 -0.0179243 0.0888083 
0.0106274 -0.0190484 0.00105315 -0.00121051 -0.0190484 0.0915235 -0.00121787 0.00299598 0.00105315 -0.00121787 0.00961183 -0.0179454 -0.00121051 0.00299598 -0.0179454 0.0888827 
0.0106446 -0.0190746 0.00104511 -0.00118358 -0.0190746 0.0916013 -0.00118558 0.00290657 0.00104511 -0.00118558 0.00961346 -0.0179369 -0.00118358 0.00290657 -0.0179369 0.0888845 
0.0106726 -0.0190926 0.00103053 -0.00117279 -0.0190926 0.0916549 -0.00117058 0.00284851 0.00103053 -0.00117058 0.00960773 -0.0179442 -0.00117279 0.00284851 -0.0179442 0.0888986 
0.0106974 -0.0191309 0.0010207 -0.00116424 -0.0191309 0.091743 -0.00116288 0.0028221 0.0010207 -0.00116288 0.00965337 -0.0179637 -0.00116424 0.0028221 -0.0179637 0.0889808 
0.0107052 -0.0191231 0.00100338 -0.00112778 -0.0191231 0.0917194 -0.0011293 0.00273787 0.00100338 -0.0011293 0.00965735 -0.0180289 -0.00112778 0.00273787 -0.0180289 0.0891079 
0.0107294 -0.0191203 0.000982936 -0.00109168 -0.0191203 0.0916892 -0.00109412 0.00263037 0.000982936 -0.00109412 0.00961225 -0.0180377 -0.00109168 0.00263037 -0.0180377 0.0891809 
0.0107825 -0.0191492 0.000970191 -0.0010818 -0.0191492 0.0917231 -0.00108698 0.00259392 0.000970191 -0.00108698 0.00952154 -0.017985 -0.0010818 0.00259392 -0.017985 0.0891223 
0.0108217 -0.0192428 0.000971358 -0.00108018 -0.0192428 0.0919241 -0.00108739 0.00259658 0.000971358 -0.00108739 0.00949848 -0.0178648 -0.00108018 0.00259658 -0.0178648 0.0888997 
0.0108475 -0.0192994 0.00095484 -0.00106409 -0.0192994 0.0921109 -0.00106815 0.00255261 0.00095484 -0.00106815 0.00945872 -0.0178082 -0.00106409 0.00255261 -0.0178082 0.0886634 
0.0108549 -0.0193328 0.000944538 -0.00104987 -0.0193328 0.0922337 -0.00104752 0.00251301 0.000944538 -0.00104752 0.00942153 -0.0177559 -0.00104987 0.00251301 -0.0177559 0.0884944 
0.0108403 -0.0193283 0.000953618 -0.00106 -0.0193283 0.0922592 -0.00105067 0.00253081 0.000953618 -0.00105067 0.0094191 -0.0177222 -0.00106 0.00253081 -0.0177222 0.0883915 
0.0108741 -0.0193398 0.000945316 -0.00108109 -0.0193398 0.0923172 -0.00106673 0.00257235 0.000945316 -0.00106673 0.00941357 -0.0177042 -0.00108109 0.00257235 -0.0177042 0.0883145 
0.0108781 -0.0193691 0.000959347 -0.00108607 -0.0193691 0.0923668 -0.00107042 0.00261906 0.000959347 -0.00107042 0.00943292 -0.0177011 -0.00108607 0.00261906 -0.0177011 0.0882818 
0.0108432 -0.0193337 0.00095041 -0.00109714 -0.0193337 0.0922871 -0.0010807 0.00264364 0.00095041 -0.0010807 0.00948536 -0.0177681 -0.00109714 0.00264364 -0.0177681 0.0884293 
0.0107866 -0.0192841 0.000961627 -0.00107445 -0.0192841 0.0921635 -0.00106654 0.00262224 0.000961627 -0.00106654 0.00952993 -0.0178339 -0.00107445 0.00262224 -0.0178339 0.0885975 
0.0107683 -0.0192418 0.000945073 -0.00105674 -0.0192418 0.0920776 -0.00105997 0.00256029 0.000945073 -0.00105997 0.00949685 -0.0178652 -0.00105674 0.00256029 -0.0178652 0.0886905 
0.0107857 -0.0192138 0.000913136 -0.00104039 -0.0192138 0.0919912 -0.00105233 0.00252771 0.000913136 -0.00105233 0.00944448 -0.0178374 -0.00104039 0.00252771 -0.0178374 0.0887109 
0.0107933 -0.0192044 0.000880727 -0.000990996 -0.0192044 0.0919071 -0.00100696 0.00242992 0.000880727 -0.00100696 0.00937702 -0.0177857 -0.000990996 0.00242992 -0.0177857 0.0886388 
0.0107826 -0.0192173 0.000870838 -0.00095206 -0.0192173 0.0919052 -0.000964812 0.00231911 0.000870838 -0.000964812 0.00934073 -0.0176868 -0.00095206 0.00231911 -0.0176868 0.0884273 
0.0107516 -0.0192164 0.000875334 -0.000949988 -0.0192164 0.0919223 -0.000957283 0.00227299 0.000875334 -0.000957283 0.009353 -0.0176212 -0.000949988 0.00227299 -0.0176212 0.0882084 
0.010749 -0.0192034 0.00086103 -0.000974104 -0.0192034 0.0919333 -0.000976378 0.00231206 0.00086103 -0.000976378 0.00938181 -0.0176093 -0.000974104 0.00231206 -0.0176093 0.0880749 
0.0107322 -0.0191791 0.000844146 -0.000942789 -0.0191791 0.0918665 -0.000945143 0.00226871 0.000844146 -0.000945143 0.00942773 -0.0176519 -0.000942789 0.00226871 -0.0176519 0.0880988 
0.0107809 -0.0191707 0.000807526 -0.000932345 -0.0191707 0.09184 -0.00093311 0.00223795 0.000807526 -0.00093311 0.00938734 -0.0177077 -0.000932345 0.00223795 -0.0177077 0.0882052 
0.0108284 -0.0192462 0.000773617 -0.00090348 -0.0192462 0.0919695 -0.000901755 0.00219599 0.000773617 -0.000901755 0.00935992 -0.0176651 -0.00090348 0.00219599 -0.0176651 0.0882029 
0.0108625 -0.0192861 0.000746299 -0.000851343 -0.0192861 0.0920767 -0.000853704 0.00208876 0.000746299 -0.000853704 0.0093093 -0.0176299 -0.000851343 0.00208876 -0.0176299 0.0881133 
0.0108687 -0.0193364 0.000776559 -0.000836963 -0.0193364 0.09221 -0.00084234 0.00204717 0.000776559 -0.00084234 0.00928397 -0.0175715 -0.000836963 0.00204717 -0.0175715 0.0880001 
0.0108472 -0.0193325 0.000803272 -0.00086783 -0.0193325 0.092241 -0.000868771 0.00206996 0.000803272 -0.000868771 0.00930285 -0.0175459 -0.00086783 0.00206996 -0.0175459 0.0879184 
0.0108157 -0.0193234 0.000821584 -0.000910112 -0.0193234 0.092249 -0.000900798 0.00215469 0.000821584 -0.000900798 0.00934204 -0.0175482 -0.000910112 0.00215469 -0.0175482 0.0878692 
0.0108058 -0.0192843 0.000854626 -0.000961313 -0.0192843 0.0921862 -0.000949904 0.00230168 0.000854626 -0.000949904 0.00936268 -0.0176043 -0.000961313 0.00230168 -0.0176043 0.0879552 
0.0108234 -0.0192457 0.000836809 -0.000963585 -0.0192457 0.0920616 -0.00095559 0.00232235 0.000836809 -0.00095559 0.00934074 -0.0176522 -0.000963585 0.00232235 -0.0176522 0.0881004 
0.010814 -0.0192618 0.000860134 -0.000942715 -0.0192618 0.092033 -0.000941642 0.00230279 0.000860134 -0.000941642 0.00935691 -0.0176432 -0.000942715 0.00230279 -0.0176432 0.0881751 
0.0107827 -0.0192652 0.000892608 -0.000964707 -0.0192652 0.0920525 -0.000968836 0.00232459 0.000892608 -0.000968836 0.00936849 -0.0176355 -0.000964707 0.00232459 -0.0176355 0.0881405 
0.0107319 -0.0191593 0.000900952 -0.000993294 -0.0191593 0.091809 -0.000999961 0.00238061 0.000900952 -0.000999961 0.00936178 -0.0176838 -0.000993294 0.00238061 -0.0176838 0.0882369 
0.0107207 -0.0191009 0.000896332 -0.00100942 -0.0191009 0.0916147 -0.00101865 0.0024379 0.000896332 -0.00101865 0.00934908 -0.017676 -0.00100942 0.0024379 -0.017676 0.0882749 
0.0107144 -0.0190997 0.000888971 -0.00101916 -0.0190997 0.0915531 -0.00102684 0.00248625 0.000888971 -0.00102684 0.00936855 -0.0176593 -0.00101916 0.00248625 -0.0176593 0.0882638 
0.0107246 -0.0191375 0.000877785 -0.000998663 -0.0191375 0.0916528 -0.00100129 0.00244672 0.000877785 -0.00100129 0.00939358 -0.0176535 -0.000998663 0.00244672 -0.0176535 0.088215 
0.0106956 -0.0191703 0.00090645 -0.000974657 -0.0191703 0.0917724 -0.000971339 0.00237211 0.00090645 -0.000971339 0.00941268 -0.0176535 -0.000974657 0.00237211 -0.0176535 0.088152 
0.0107347 -0.0191486 0.000898106 -0.00100928 -0.0191486 0.0918076 -0.000997125 0.002378 0.000898106 -0.000997125 0.0093595 -0.017676 -0.00100928 0.002378 -0.017676 0.0881708 
0.0107639 -0.0191725 0.000867217 -0.00101007 -0.0191725 0.0918191 -0.000998551 0.00240733 0.000867217 -0.000998551 0.00933684 -0.017632 -0.00101007 0.00240733 -0.017632 0.088141 
0.0108061 -0.0192156 0.000848123 -0.000972084 -0.0192156 0.0919096 -0.000966992 0.00236481 0.000848123 -0.000966992 0.00930088 -0.0175864 -0.000972084 0.00236481 -0.0175864 0.088015 
0.010824 -0.019267 0.000821552 -0.00093812 -0.019267 0.0920278 -0.000935261 0.00227802 0.000821552 -0.000935261 0.00927901 -0.0175379 -0.00093812 0.00227802 -0.0175379 0.0878806 
0.0108132 -0.0192736 0.000816573 -0.000916525 -0.0192736 0.0920694 -0.000915526 0.00222612 0.000816573 -0.000915526 0.00927453 -0.0175237 -0.000916525 0.00222612 -0.0175237 0.0878171 
0.0107906 -0.0192768 0.000842998 -0.00093219 -0.0192768 0.0921075 -0.000934121 0.0022581 0.000842998 -0.000934121 0.00931759 -0.0175141 -0.00093219 0.0022581 -0.0175141 0.0877815 
0.0107826 -0.0192204 0.000826015 -0.000939286 -0.0192204 0.0919918 -0.000942779 0.00226251 0.000826015 -0.000942779 0.00932214 -0.0175781 -0.000939286 0.00226251 -0.0175781 0.0878748 
0.0107786 -0.0192178 0.00080091 -0.000897462 -0.0192178 0.0919419 -0.000902156 0.00217826 0.00080091 -0.000902156 0.00929982 -0.0175726 -0.000897462 0.00217826 -0.0175726 0.0879013 
0.0107832 -0.0192329 0.000801834 -0.00087462 -0.0192329 0.0919774 -0.000876623 0.00210725 0.000801834 -0.000876623 0.00929136 -0.0175279 -0.00087462 0.00210725 -0.0175279 0.0878173 
0.0107686 -0.0191941 0.000769601 -0.000872797 -0.0191941 0.0918779 -0.000872206 0.00206771 0.000769601 -0.000872206 0.00932402 -0.0175536 -0.000872797 0.00206771 -0.0175536 0.0878589 
0.0107697 -0.0191552 0.000749184 -0.000838705 -0.0191552 0.0917475 -0.000840617 0.00201526 0.000749184 -0.000840617 0.0093173 -0.017617 -0.000838705 0.00201526 -0.017617 0.0880065 
0.0107855 -0.0191858 0.000724946 -0.000832482 -0.0191858 0.0917781 -0.000838088 0.00200749 0.000724946 -0.000838088 0.00930516 -0.0175922 -0.000832482 0.00200749 -0.0175922 0.0880214 
0.010803 -0.0192199 0.000713133 -0.000814695 -0.0192199 0.0918704 -0.000819678 0.00199654 0.000713133 -0.000819678 0.00926217 -0.0175578 -0.000814695 0.00199654 -0.0175578 0.0879347 
0.0108013 -0.0192743 0.000706729 -0.000791717 -0.0192743 0.0920336 -0.000787015 0.00192822 0.000706729 -0.000787015 0.00924493 -0.0174853 -0.000791717 0.00192822 -0.0174853 0.0877721 
0.0108004 -0.0192443 0.000705766 -0.000797771 -0.0192443 0.0920202 -0.000784714 0.00191748 0.000705766 -0.000784714 0.00922427 -0.0174815 -0.000797771 0.00191748 -0.0174815 0.0877148 
0.0107577 -0.0192256 0.000730656 -0.00078886 -0.0192256 0.0919521 -0.000774397 0.00189221 0.000730656 -0.000774397 0.00923919 -0.017464 -0.00078886 0.00189221 -0.017464 0.0876852 
0.010744 -0.0191393 0.000732423 -0.000828947 -0.0191393 0.0917482 -0.000816983 0.00195964 0.000732423 -0.000816983 0.00923108 -0.017499 -0.000828947 0.00195964 -0.017499 0.0877431 
0.0107395 -0.0191236 0.000708682 -0.000816253 -0.0191236 0.0916326 -0.000815169 0.00196872 0.000708682 -0.000815169 0.00922127 -0.0174886 -0.000816253 0.00196872 -0.0174886 0.0877614 
0.010716 -0.0191186 0.000710419 -0.000786921 -0.0191186 0.0915885 -0.000797351 0.001938 0.000710419 -0.000797351 0.00922618 -0.0174669 -0.000786921 0.001938 -0.0174669 0.0877128 
0.010733 -0.0191145 0.000706083 -0.000806593 -0.0191145 0.0915981 -0.000814386 0.00196646 0.000706083 -0.000814386 0.00922755 -0.0174585 -0.000806593 0.00196646 -0.0174585 0.087668 
0.0107407 -0.0191321 0.000700757 -0.000804221 -0.0191321 0.0916205 -0.000804248 0.00197304 0.000700757 -0.000804248 0.00924534 -0.0174608 -0.000804221 0.00197304 -0.0174608 0.0876545 
0.0107059 -0.0191085 0.000706836 -0.000758977 -0.0191085 0.0915571 -0.000760027 0.0018593 0.000706836 -0.000760027 0.00927051 -0.0175003 -0.000758977 0.0018593 -0.0175003 0.0877236 
0.0107449 -0.0191356 0.000702416 -0.000792671 -0.0191356 0.0916631 -0.000797384 0.00189189 0.000702416 -0.000797384 0.00926942 -0.017501 -0.000792671 0.00189189 -0.017501 0.0877371 
0.0108085 -0.0191653 0.000654665 -0.000775334 -0.0191653 0.0917276 -0.000780288 0.00187865 0.000654665 -0.000780288 0.0092021 -0.0175082 -0.000775334 0.00187865 -0.0175082 0.0877543 
0.0108834 -0.0192777 0.00061403 -0.000735795 -0.0192777 0.0919767 -0.000738225 0.00182312 0.00061403 -0.000738225 0.00913527 -0.0174153 -0.000735795 0.00182312 -0.0174153 0.0876144 
0.0108956 -0.0193325 0.000582139 -0.000665655 -0.0193325 0.0921321 -0.000665513 0.00165851 0.000582139 -0.000665513 0.00909036 -0.0173483 -0.000665655 0.00165851 -0.0173483 0.087443 
0.0108946 -0.0193663 0.000577429 -0.000636797 -0.0193663 0.0922693 -0.00063347 0.00154957 0.000577429 -0.00063347 0.00909092 -0.0172837 -0.000636797 0.00154957 -0.0172837 0.087271 
0.0108634 -0.0193393 0.000584106 -0.000624853 -0.0193393 0.0922406 -0.000621366 0.00148887 0.000584106 -0.000621366 0.00909913 -0.0172853 -0.000624853 0.00148887 -0.0172853 0.0871956 
0.0108699 -0.0193246 0.0005873 -0.000630242 -0.0193246 0.0922226 -0.000623507 0.00146998 0.0005873 -0.000623507 0.00907655 -0.0172759 -0.000630242 0.00146998 -0.0172759 0.0871443 
0.0109071 -0.0193375 0.00056811 -0.000650766 -0.0193375 0.092236 -0.000640263 0.00151166 0.00056811 -0.000640263 0.00904966 -0.0172477 -0.000650766 0.00151166 -0.0172477 0.0870885 
0.0109291 -0.0193533 0.00053091 -0.000623928 -0.0193533 0.0922308 -0.000615886 0.00148889 0.00053091 -0.000615886 0.00902479 -0.0172393 -0.000623928 0.00148889 -0.0172393 0.0870766 
0.0109208 -0.0193416 0.000489203 -0.000570703 -0.0193416 0.0921698 -0.000569725 0.00139099 0.000489203 -0.000569725 0.00902984 -0.0172418 -0.000570703 0.00139099 -0.0172418 0.087115 
0.0109404 -0.0193596 0.000437451 -0.000516373 -0.0193596 0.0922083 -0.0005234 0.0012688 0.000437451 -0.0005234 0.009021 -0.0172285 -0.000516373 0.0012688 -0.0172285 0.0870896 
0.010942 -0.019365 0.000424514 -0.000460205 -0.019365 0.0922067 -0.000467908 0.0011457 0.000424514 -0.000467908 0.00900128 -0.0172167 -0.000460205 0.0011457 -0.0172167 0.087047 
0.0109639 -0.0194454 0.000451244 -0.0004833 -0.0194454 0.0924301 -0.000483182 0.00115906 0.000451244 -0.000483182 0.0090406 -0.0171577 -0.0004833 0.00115906 -0.0171577 0.0869202 
0.0109512 -0.0193984 0.000442667 -0.000493096 -0.0193984 0.0923555 -0.000484674 0.00115786 0.000442667 -0.000484674 0.00904332 -0.0172424 -0.000493096 0.00115786 -0.0172424 0.0870162 
0.0109734 -0.0194013 0.000421733 -0.000495611 -0.0194013 0.0923435 -0.000486141 0.00117787 0.000421733 -0.000486141 0.0090174 -0.0172513 -0.000495611 0.00117787 -0.0172513 0.0871067 
0.0109524 -0.0193868 0.000405844 -0.000451381 -0.0193868 0.0922685 -0.000448448 0.00110713 0.000405844 -0.000448448 0.00898253 -0.017231 -0.000451381 0.00110713 -0.017231 0.0871028 
0.0109091 -0.0193698 0.000422363 -0.000443797 -0.0193698 0.092225 -0.000443703 0.0010769 0.000422363 -0.000443703 0.00900383 -0.0171863 -0.000443797 0.0010769 -0.0171863 0.0870314 
0.0108553 -0.0192882 0.000436129 -0.000463159 -0.0192882 0.0920415 -0.000459874 0.00109718 0.000436129 -0.000459874 0.00902858 -0.0172163 -0.000463159 0.00109718 -0.0172163 0.0870391 
0.010824 -0.0192572 0.000465659 -0.000476089 -0.0192572 0.0919552 -0.000472182 0.00112149 0.000465659 -0.000472182 0.00905135 -0.0172211 -0.000476089 0.00112149 -0.0172211 0.0870393 
0.0107955 -0.0192084 0.000482193 -0.000506698 -0.0192084 0.091834 -0.000506138 0.00117476 0.000482193 -0.000506138 0.0090522 -0.0172599 -0.000506698 0.00117476 -0.0172599 0.0871138 
0.0107644 -0.0191994 0.0005032 -0.000542463 -0.0191994 0.0918044 -0.000545621 0.00128123 0.0005032 -0.000545621 0.00905135 -0.0172338 -0.000542463 0.00128123 -0.0172338 0.0870772 
0.0107298 -0.0191789 0.000537024 -0.00057818 -0.0191789 0.0917905 -0.000583366 0.00139223 0.000537024 -0.000583366 0.00907651 -0.0172121 -0.00057818 0.00139223 -0.0172121 0.0869976 
0.0107286 -0.0191919 0.000568226 -0.00063283 -0.0191919 0.0918725 -0.000639114 0.00152951 0.000568226 -0.000639114 0.00913316 -0.0172074 -0.00063283 0.00152951 -0.0172074 0.0869277 
0.0107502 -0.0191578 0.000564336 -0.000649393 -0.0191578 0.0918066 -0.000656552 0.00159044 0.000564336 -0.000656552 0.00913527 -0.0173003 -0.000649393 0.00159044 -0.0173003 0.0870683 
0.0107469 -0.0191254 0.000545607 -0.000629757 -0.0191254 0.0916526 -0.000634468 0.00156219 0.000545607 -0.000634468 0.0091418 -0.0173587 -0.000629757 0.00156219 -0.0173587 0.087298 
0.0107347 -0.0191016 0.000517455 -0.00058917 -0.0191016 0.0915346 -0.000592471 0.001463 0.000517455 -0.000592471 0.00911364 -0.0173681 -0.00058917 0.001463 -0.0173681 0.0873904 
0.0107433 -0.0190905 0.000496317 -0.000573784 -0.0190905 0.091478 -0.000578671 0.001417 0.000496317 -0.000578671 0.00907061 -0.0173343 -0.000573784 0.001417 -0.0173343 0.0873708 
0.0107515 -0.0191235 0.000484184 -0.000553756 -0.0191235 0.091536 -0.000558781 0.00137366 0.000484184 -0.000558781 0.00905317 -0.0172554 -0.000553756 0.00137366 -0.0172554 0.0872018 
0.0107277 -0.0191162 0.00047688 -0.000528158 -0.0191162 0.0915312 -0.000531458 0.00130108 0.00047688 -0.000531458 0.00905657 -0.0172343 -0.000528158 0.00130108 -0.0172343 0.0870869 
0.0106823 -0.0190752 0.000483241 -0.000504117 -0.0190752 0.0914488 -0.000507922 0.00121777 0.000483241 -0.000507922 0.00909211 -0.0172415 -0.000504117 0.00121777 -0.0172415 0.0870586 
0.0106278 -0.0190529 0.00052987 -0.00052136 -0.0190529 0.0914169 -0.000521711 0.00122019 0.00052987 -0.000521711 0.00914755 -0.0172505 -0.00052136 0.00122019 -0.0172505 0.0870244 
0.0105939 -0.0190147 0.000564782 -0.000596401 -0.0190147 0.0913771 -0.000590036 0.00135462 0.000564782 -0.000590036 0.00916812 -0.0173003 -0.000596401 0.00135462 -0.0173003 0.0870744 
0.0105994 -0.0189791 0.00055608 -0.000650646 -0.0189791 0.0913103 -0.000641481 0.00151096 0.00055608 -0.000641481 0.00916561 -0.0173336 -0.000650646 0.00151096 -0.0173336 0.0871764 
0.0106235 -0.0189524 0.0005208 -0.000649676 -0.0189524 0.0912022 -0.000644438 0.00158393 0.0005208 -0.000644438 0.0091863 -0.0173744 -0.000649676 0.00158393 -0.0173744 0.0873409 
0.0106343 -0.0189757 0.00050582 -0.000570947 -0.0189757 0.0911918 -0.000572561 0.00144885 0.00050582 -0.000572561 0.0091817 -0.0173968 -0.000570947 0.00144885 -0.0173968 0.0874222 
0.0106483 -0.0189754 0.000491669 -0.000523081 -0.0189754 0.091183 -0.00052796 0.00127573 0.000491669 -0.00052796 0.00915142 -0.0174063 -0.000523081 0.00127573 -0.0174063 0.0874851 
