0.00683843 0 -0.000994799 0 0 0.01 0 0 -0.000994799 0 0.00822015 0 0 0 0 0.01 
0.00971732 -0.0120962 -0.00123917 0.00150857 -0.0120962 0.0323678 0.00150857 -0.00289268 -0.00123917 0.00150857 0.0114784 -0.0142292 0.00150857 -0.00289268 -0.0142292 0.0364575 
0.00975897 -0.0187003 -0.00109464 0.00162792 -0.0187003 0.0691013 0.00162792 -0.00507691 -0.00109464 0.00162792 0.0114517 -0.0211326 0.00162792 -0.00507691 -0.0211326 0.0766281 
0.00918366 -0.0185614 -0.00107172 0.00118813 -0.0185614 0.0842457 0.00119657 -0.00368721 -0.00107172 0.00119657 0.0108488 -0.0203423 0.00118813 -0.00368721 -0.0203423 0.0895393 
0.00910783 -0.0177531 -0.00118385 0.00117155 -0.0177531 0.0872394 0.00118296 -0.00289929 -0.00118385 0.00118296 0.0108559 -0.0195454 0.00117155 -0.00289929 -0.0195454 0.0916265 
0.0092507 -0.0175982 -0.00125696 0.00134143 -0.0175982 0.0878442 0.00134255 -0.00305824 -0.00125696 0.00134255 0.0110298 -0.0194683 0.00134143 -0.00305824 -0.0194683 0.0922714 
0.00938937 -0.0176924 -0.00124067 0.00143834 -0.0176924 0.08825 0.0014317 -0.00335731 -0.00124067 0.0014317 0.0111295 -0.0195923 0.00143834 -0.00335731 -0.0195923 0.0927827 
0.00951365 -0.0177867 -0.00120601 0.00141761 -0.0177867 0.0885331 0.00141474 -0.00345165 -0.00120601 0.00141474 0.0111326 -0.0196681 0.00141761 -0.00345165 -0.0196681 0.0930743 
0.0095681 -0.0179123 -0.00117517 0.00133664 -0.0179123 0.0888058 0.00134134 -0.00330316 -0.00117517 0.00134134 0.0110936 -0.0196182 0.00133664 -0.00330316 -0.0196182 0.0930106 
0.00955775 -0.017953 -0.00114156 0.0012839 -0.017953 0.0889474 0.00128754 -0.00312443 -0.00114156 0.00128754 0.0110738 -0.0195961 0.0012839 -0.00312443 -0.0195961 0.0929443 
0.00953996 -0.0179482 -0.00109837 0.00126997 -0.0179482 0.0889985 0.00126845 -0.00305521 -0.00109837 0.00126845 0.0111036 -0.0195828 0.00126997 -0.00305521 -0.0195828 0.0929059 
0.00951599 -0.0179236 -0.0010555 0.00122486 -0.0179236 0.088969 0.00122139 -0.00296319 -0.0010555 0.00122139 0.0111541 -0.0196406 0.00122486 -0.00296319 -0.0196406 0.0930074 
0.00946313 -0.0178874 -0.00100638 0.00115591 -0.0178874 0.0888698 0.0011544 -0.00280064 -0.00100638 0.0011544 0.0111631 -0.0196872 0.00115591 -0.00280064 -0.0196872 0.0931127 
0.00942808 -0.0178322 -0.000992258 0.00110615 -0.0178322 0.0887637 0.00111118 -0.00267771 -0.000992258 0.00111118 0.0111553 -0.0197011 0.00110615 -0.00267771 -0.0197011 0.0931881 
0.00937529 -0.0177799 -0.000961016 0.00109486 -0.0177799 0.0886225 0.00109898 -0.00262025 -0.000961016 0.00109898 0.0111565 -0.0196892 0.00109486 -0.00262025 -0.0196892 0.0931935 
0.00935321 -0.0177529 -0.000950642 0.0010706 -0.0177529 0.0885818 0.00106587 -0.00256938 -0.000950642 0.00106587 0.011158 -0.0196577 0.0010706 -0.00256938 -0.0196577 0.0931021 
0.00937469 -0.0177009 -0.00101251 0.00108724 -0.0177009 0.0884536 0.00107919 -0.00260544 -0.00101251 0.00107919 0.0111295 -0.0196772 0.00108724 -0.00260544 -0.0196772 0.0931147 
0.00939194 -0.0177216 -0.00103504 0.00113434 -0.0177216 0.0884296 0.00113147 -0.0026689 -0.00103504 0.00113147 0.0111132 -0.0196495 0.00113434 -0.0026689 -0.0196495 0.0930875 
0.00937457 -0.0177262 -0.00104172 0.00118399 -0.0177262 0.0884109 0.00118692 -0.00282137 -0.00104172 0.00118692 0.0111071 -0.0196314 0.00118399 -0.00282137 -0.0196314 0.0930436 
0.00936485 -0.0177179 -0.00102777 0.00118803 -0.0177179 0.0884144 0.00119492 -0.00288734 -0.00102777 0.00119492 0.0111062 -0.0196178 0.00118803 -0.00288734 -0.0196178 0.0929996 
0.00934572 -0.017688 -0.00100485 0.00116827 -0.017688 0.0883347 0.00117454 -0.00287263 -0.00100485 0.00117454 0.0110788 -0.0196207 0.00116827 -0.00287263 -0.0196207 0.0929953 
0.00936912 -0.0176684 -0.000982922 0.00114758 -0.0176684 0.0882922 0.00114913 -0.00282686 -0.000982922 0.00114913 0.0110713 -0.0196116 0.00114758 -0.00282686 -0.0196116 0.0930151 
0.00941964 -0.0176964 -0.000995644 0.00111319 -0.0176964 0.0883208 0.00110978 -0.00273482 -0.000995644 0.00110978 0.0110439 -0.0196056 0.00111319 -0.00273482 -0.0196056 0.0930115 
0.00943113 -0.0177747 -0.000989553 0.00111703 -0.0177747 0.0884839 0.00111552 -0.00269359 -0.000989553 0.00111552 0.0110246 -0.0195525 0.00111703 -0.00269359 -0.0195525 0.0928979 
0.00940485 -0.0178393 -0.000981298 0.00109462 -0.0178393 0.0887087 0.00109412 -0.00263904 -0.000981298 0.00109412 0.0109779 -0.0194388 0.00109462 -0.00263904 -0.0194388 0.0925586 
0.00939741 -0.0177973 -0.00100548 0.00110386 -0.0177973 0.0887141 0.00109874 -0.00264554 -0.00100548 0.00109874 0.0109085 -0.019376 0.00110386 -0.00264554 -0.019376 0.0923183 
0.0093723 -0.0177634 -0.00101573 0.00113893 -0.0177634 0.0886199 0.00113205 -0.00270712 -0.00101573 0.00113205 0.0108668 -0.0193132 0.00113893 -0.00270712 -0.0193132 0.0921572 
0.00932878 -0.0176726 -0.0010051 0.00115531 -0.0176726 0.0883808 0.00115115 -0.00276738 -0.0010051 0.00115115 0.0108826 -0.0193344 0.00115531 -0.00276738 -0.0193344 0.092213 
0.00932242 -0.017637 -0.000980465 0.00114739 -0.017637 0.0882567 0.00114704 -0.00278595 -0.000980465 0.00114704 0.0109126 -0.0193438 0.00114739 -0.00278595 -0.0193438 0.0922453 
0.00931658 -0.0176316 -0.000927423 0.00110245 -0.0176316 0.0882054 0.00110602 -0.00270516 -0.000927423 0.00110602 0.0109605 -0.019377 0.00110245 -0.00270516 -0.019377 0.0923057 
0.00930025 -0.0176195 -0.000873509 0.00102026 -0.0176195 0.0881551 0.00102591 -0.00252198 -0.000873509 0.00102591 0.0109699 -0.0194325 0.00102026 -0.00252198 -0.0194325 0.0924163 
0.00927661 -0.0175815 -0.00080892 0.000956958 -0.0175815 0.0880595 0.00096268 -0.00234642 -0.00080892 0.00096268 0.0109891 -0.0194767 0.000956958 -0.00234642 -0.0194767 0.0925793 
0.00927351 -0.0175588 -0.000786104 0.000900521 -0.0175588 0.0879819 0.000903731 -0.00221504 -0.000786104 0.000903731 0.010975 -0.0194784 0.000900521 -0.00221504 -0.0194784 0.0926183 
0.00925703 -0.0175577 -0.000800782 0.0008601 -0.0175577 0.0879497 0.000862861 -0.00208452 -0.000800782 0.000862861 0.0109502 -0.0194427 0.0008601 -0.00208452 -0.0194427 0.0925484 
0.00920578 -0.017531 -0.000789839 0.000885186 -0.017531 0.0878984 0.000891481 -0.0020892 -0.000789839 0.000891481 0.0109686 -0.0194206 0.000885186 -0.0020892 -0.0194206 0.0924892 
0.00918661 -0.0174856 -0.000788263 0.000887657 -0.0174856 0.0878225 0.000890584 -0.00212206 -0.000788263 0.000890584 0.0109689 -0.0194134 0.000887657 -0.00212206 -0.0194134 0.0924157 
0.0092116 -0.0174425 -0.00076534 0.000892914 -0.0174425 0.0877045 0.000889919 -0.00213897 -0.00076534 0.000889919 0.0109744 -0.0194445 0.000892914 -0.00213897 -0.0194445 0.0924774 
0.00922572 -0.0174428 -0.000739445 0.000879655 -0.0174428 0.08762 0.000873529 -0.00213926 -0.000739445 0.000873529 0.0110129 -0.0194883 0.000879655 -0.00213926 -0.0194883 0.0926177 
0.00925687 -0.0174894 -0.000736911 0.000840122 -0.0174894 0.0877067 0.00083388 -0.00206523 -0.000736911 0.00083388 0.0110324 -0.0195169 0.000840122 -0.00206523 -0.0195169 0.0926939 
0.00924013 -0.0175422 -0.000699733 0.000809182 -0.0175422 0.0878388 0.000809294 -0.0019621 -0.000699733 0.000809294 0.0110384 -0.0195135 0.000809182 -0.0019621 -0.0195135 0.0926847 
0.00916924 -0.0175387 -0.000624761 0.000754936 -0.0175387 0.0879021 0.000769071 -0.00185472 -0.000624761 0.000769071 0.0110413 -0.0194907 0.000754936 -0.00185472 -0.0194907 0.0926074 
0.00912976 -0.0174499 -0.000582963 0.000670521 -0.0174499 0.08779 0.000689946 -0.00168947 -0.000582963 0.000689946 0.011037 -0.0195088 0.000670521 -0.00168947 -0.0195088 0.0926255 
0.00912119 -0.0174011 -0.000561193 0.000615674 -0.0174011 0.0876541 0.000630836 -0.00151743 -0.000561193 0.000630836 0.0110102 -0.0194967 0.000615674 -0.00151743 -0.0194967 0.0926124 
0.0091335 -0.0173858 -0.000584585 0.000632542 -0.0173858 0.0875722 0.000635976 -0.00151632 -0.000584585 0.000635976 0.010974 -0.0194593 0.000632542 -0.00151632 -0.0194593 0.0925399 
0.00912088 -0.0174104 -0.00056377 0.000658658 -0.0174104 0.0875939 0.000652307 -0.00154938 -0.00056377 0.000652307 0.010938 -0.0193902 0.000658658 -0.00154938 -0.0193902 0.0923666 
0.00909795 -0.0173992 -0.000525254 0.000621159 -0.0173992 0.0876008 0.000613316 -0.00149676 -0.000525254 0.000613316 0.0109098 -0.0193308 0.000621159 -0.00149676 -0.0193308 0.0921809 
0.0090762 -0.0173303 -0.00051604 0.000594922 -0.0173303 0.0874533 0.000588676 -0.00145366 -0.00051604 0.000588676 0.0109209 -0.0193453 0.000594922 -0.00145366 -0.0193453 0.0921886 
0.00907343 -0.0172854 -0.00053269 0.000578473 -0.0172854 0.0872925 0.000574972 -0.00140263 -0.00053269 0.000574972 0.0109186 -0.0193688 0.000578473 -0.00140263 -0.0193688 0.0922463 
0.00908709 -0.0173007 -0.000555318 0.000601435 -0.0173007 0.0872791 0.000600139 -0.0014264 -0.000555318 0.000600139 0.0108988 -0.0193461 0.000601435 -0.0014264 -0.0193461 0.0922123 
0.00908015 -0.0172883 -0.000532575 0.000632479 -0.0172883 0.0872317 0.000633108 -0.00149918 -0.000532575 0.000633108 0.0109167 -0.0193579 0.000632479 -0.00149918 -0.0193579 0.0922546 
0.00909349 -0.0173018 -0.000511899 0.000607655 -0.0173018 0.0872567 0.000606438 -0.00149635 -0.000511899 0.000606438 0.0109183 -0.0193485 0.000607655 -0.00149635 -0.0193485 0.0922184 
0.00910793 -0.0173143 -0.000525456 0.000570498 -0.0173143 0.0872769 0.000566335 -0.00140694 -0.000525456 0.000566335 0.0109237 -0.019348 0.000570498 -0.00140694 -0.019348 0.0922003 
0.00908828 -0.0173328 -0.000526919 0.000574371 -0.0173328 0.0873101 0.000570337 -0.00136026 -0.000526919 0.000570337 0.0109541 -0.01935 0.000574371 -0.00136026 -0.01935 0.0921884 
0.00910106 -0.0173229 -0.000560936 0.000580145 -0.0173229 0.0873384 0.000579653 -0.00136578 -0.000560936 0.000579653 0.0109632 -0.019397 0.000580145 -0.00136578 -0.019397 0.0922707 
0.00913562 -0.0173135 -0.000591924 0.000648183 -0.0173135 0.0873137 0.000655324 -0.00151415 -0.000591924 0.000655324 0.0109836 -0.0194777 0.000648183 -0.00151415 -0.0194777 0.0925278 
0.00916856 -0.0174006 -0.000618483 0.000683782 -0.0174006 0.0874764 0.000693363 -0.00164327 -0.000618483 0.000693363 0.0109527 -0.0194315 0.000683782 -0.00164327 -0.0194315 0.0924746 
0.0091827 -0.0174397 -0.00062808 0.00070128 -0.0174397 0.0876098 0.000702305 -0.0016867 -0.00062808 0.000702305 0.0109111 -0.0193935 0.00070128 -0.0016867 -0.0193935 0.0923843 
0.0091692 -0.0174549 -0.000623397 0.000726283 -0.0174549 0.0876839 0.000721289 -0.0017496 -0.000623397 0.000721289 0.0108946 -0.0193453 0.000726283 -0.0017496 -0.0193453 0.092275 
0.00914287 -0.0174361 -0.000600463 0.000716621 -0.0174361 0.0876742 0.000706811 -0.00174963 -0.000600463 0.000706811 0.0108848 -0.0193149 0.000716621 -0.00174963 -0.0193149 0.0921687 
0.00910092 -0.0173742 -0.000579261 0.000681913 -0.0173742 0.0875392 0.000672753 -0.00168167 -0.000579261 0.000672753 0.0108995 -0.0193333 0.000681913 -0.00168167 -0.0193333 0.0921918 
0.00910437 -0.0173252 -0.000604879 0.000664537 -0.0173252 0.0874031 0.000660043 -0.00163976 -0.000604879 0.000660043 0.0108832 -0.0193364 0.000664537 -0.00163976 -0.0193364 0.0921925 
0.00912409 -0.0173357 -0.000633485 0.000670715 -0.0173357 0.0873632 0.000673202 -0.00161286 -0.000633485 0.000673202 0.0108512 -0.0192894 0.000670715 -0.00161286 -0.0192894 0.0920845 
0.00914171 -0.0173324 -0.000673281 0.000726664 -0.0173324 0.0873248 0.000735842 -0.00172967 -0.000673281 0.000735842 0.010855 -0.0192881 0.000726664 -0.00172967 -0.0192881 0.092079 
0.00916593 -0.017332 -0.000715534 0.000788759 -0.017332 0.0872931 0.000800519 -0.00189545 -0.000715534 0.000800519 0.0108909 -0.0193416 0.000788759 -0.00189545 -0.0193416 0.0922187 
0.00918836 -0.0174006 -0.000733403 0.000828236 -0.0174006 0.0874245 0.00083554 -0.00200469 -0.000733403 0.00083554 0.0108839 -0.0193345 0.000828236 -0.00200469 -0.0193345 0.092206 
0.00919228 -0.0174063 -0.000725862 0.000855995 -0.0174063 0.0874799 0.000856459 -0.00208353 -0.000725862 0.000856459 0.0109289 -0.0193807 0.000855995 -0.00208353 -0.0193807 0.0923412 
0.009201 -0.0174221 -0.000744216 0.000853087 -0.0174221 0.0875316 0.000849052 -0.00210921 -0.000744216 0.000849052 0.0109505 -0.0194284 0.000853087 -0.00210921 -0.0194284 0.0924625 
0.00922923 -0.0174672 -0.000766048 0.000866989 -0.0174672 0.087666 0.000861387 -0.00211915 -0.000766048 0.000861387 0.0109721 -0.0194282 0.000866989 -0.00211915 -0.0194282 0.0924811 
0.00927788 -0.0175617 -0.000806922 0.000866708 -0.0175617 0.0879282 0.000860491 -0.00209563 -0.000806922 0.000860491 0.0109154 -0.0193653 0.000866708 -0.00209563 -0.0193653 0.0922731 
0.00927343 -0.0176122 -0.000832845 0.000904792 -0.0176122 0.0880894 0.000894351 -0.00212851 -0.000832845 0.000894351 0.0108399 -0.0192855 0.000904792 -0.00212851 -0.0192855 0.0920504 
0.0092675 -0.0175896 -0.00084251 0.000968169 -0.0175896 0.0881006 0.000954691 -0.00228395 -0.00084251 0.000954691 0.0107936 -0.0192141 0.000968169 -0.00228395 -0.0192141 0.091875 
0.009258 -0.017541 -0.000845729 0.000977344 -0.017541 0.0879707 0.000962435 -0.0023547 -0.000845729 0.000962435 0.010778 -0.0191965 0.000977344 -0.0023547 -0.0191965 0.0918214 
0.00926125 -0.0175242 -0.000852145 0.000981142 -0.0175242 0.0878827 0.000968313 -0.00238185 -0.000852145 0.000968313 0.0107602 -0.0191752 0.000981142 -0.00238185 -0.0191752 0.0917683 
0.00926943 -0.01751 -0.000860993 0.00097138 -0.01751 0.0878056 0.000961965 -0.00235663 -0.000860993 0.000961965 0.0107372 -0.0191646 0.00097138 -0.00235663 -0.0191646 0.0917469 
0.00928174 -0.0175603 -0.000838262 0.000976492 -0.0175603 0.0878978 0.000974471 -0.00236126 -0.000838262 0.000974471 0.0106879 -0.0190774 0.000976492 -0.00236126 -0.0190774 0.091531 
0.00925437 -0.0175303 -0.000802456 0.00095818 -0.0175303 0.0878448 0.000963126 -0.0023577 -0.000802456 0.000963126 0.0106957 -0.0190656 0.00095818 -0.0023577 -0.0190656 0.0914807 
0.00921664 -0.0174585 -0.000793162 0.000912263 -0.0174585 0.0876691 0.000917134 -0.00227223 -0.000793162 0.000917134 0.0107429 -0.0191283 0.000912263 -0.00227223 -0.0191283 0.0916266 
0.00921173 -0.0174341 -0.000815081 0.000897604 -0.0174341 0.0875784 0.000904953 -0.0022107 -0.000815081 0.000904953 0.0107313 -0.0191561 0.000897604 -0.0022107 -0.0191561 0.0916986 
0.00921532 -0.0174228 -0.000819686 0.000928863 -0.0174228 0.0875328 0.000941702 -0.00225062 -0.000819686 0.000941702 0.0107301 -0.0191654 0.000928863 -0.00225062 -0.0191654 0.0917741 
0.00923232 -0.0174944 -0.000838604 0.000931883 -0.0174944 0.0877007 0.00094402 -0.00228061 -0.000838604 0.00094402 0.0106846 -0.0190687 0.000931883 -0.00228061 -0.0190687 0.0915346 
0.00922456 -0.017504 -0.000866522 0.000976137 -0.017504 0.087766 0.000980906 -0.00237245 -0.000866522 0.000980906 0.0106541 -0.0190008 0.000976137 -0.00237245 -0.0190008 0.0913089 
0.00923606 -0.0174688 -0.000871058 0.000993125 -0.0174688 0.0877067 0.000988654 -0.00240232 -0.000871058 0.000988654 0.0106242 -0.0189919 0.000993125 -0.00240232 -0.0189919 0.0912394 
0.00927526 -0.0174622 -0.000908869 0.00103459 -0.0174622 0.0876533 0.00102513 -0.00251173 -0.000908869 0.00102513 0.0106211 -0.0189999 0.00103459 -0.00251173 -0.0189999 0.0912873 
0.00934573 -0.0175113 -0.000957445 0.00109165 -0.0175113 0.0877228 0.00108113 -0.00265293 -0.000957445 0.00108113 0.010638 -0.0190207 0.00109165 -0.00265293 -0.0190207 0.0913689 
0.00936984 -0.0175873 -0.000965239 0.00111572 -0.0175873 0.0878545 0.00110377 -0.00270692 -0.000965239 0.00110377 0.0106406 -0.0190542 0.00111572 -0.00270692 -0.0190542 0.0914692 
0.0094161 -0.0176297 -0.00100043 0.00111839 -0.0176297 0.0880036 0.0011065 -0.00272397 -0.00100043 0.0011065 0.0105927 -0.0190637 0.00111839 -0.00272397 -0.0190637 0.0915397 
0.0094385 -0.0177132 -0.00103489 0.00114021 -0.0177132 0.0882086 0.0011332 -0.00274392 -0.00103489 0.0011332 0.010512 -0.0189565 0.00114021 -0.00274392 -0.0189565 0.0913421 
0.0094111 -0.0177296 -0.00102862 0.00118702 -0.0177296 0.0883101 0.00118654 -0.00284176 -0.00102862 0.00118654 0.010482 -0.018863 0.00118702 -0.00284176 -0.018863 0.0911096 
0.00937915 -0.0176794 -0.00102778 0.00118177 -0.0176794 0.0882414 0.00118269 -0.00288198 -0.00102778 0.00118269 0.0104617 -0.0188197 0.00118177 -0.00288198 -0.0188197 0.0909359 
0.00937315 -0.0176319 -0.00103512 0.00119859 -0.0176319 0.0881244 0.00119946 -0.0029337 -0.00103512 0.00119946 0.010464 -0.0187972 0.00119859 -0.0029337 -0.0187972 0.0908397 
0.00936045 -0.0176303 -0.00104526 0.00119657 -0.0176303 0.0880698 0.00119649 -0.00293707 -0.00104526 0.00119649 0.0104692 -0.0187745 0.00119657 -0.00293707 -0.0187745 0.0907339 
0.00934464 -0.0175611 -0.00105931 0.00121516 -0.0175611 0.087894 0.00121944 -0.00297569 -0.00105931 0.00121944 0.0105135 -0.0188535 0.00121516 -0.00297569 -0.0188535 0.0909041 
0.00936026 -0.0175738 -0.00104127 0.00120571 -0.0175738 0.0878713 0.00121394 -0.00295341 -0.00104127 0.00121394 0.010509 -0.0188676 0.00120571 -0.00295341 -0.0188676 0.0909517 
0.00939038 -0.0176098 -0.00108376 0.00121289 -0.0176098 0.0879378 0.00121997 -0.0029914 -0.00108376 0.00121997 0.0104692 -0.0188405 0.00121289 -0.0029914 -0.0188405 0.0909065 
0.00942668 -0.0176698 -0.00110644 0.00125266 -0.0176698 0.088091 0.00125181 -0.00303701 -0.00110644 0.00125181 0.0104389 -0.0187681 0.00125266 -0.00303701 -0.0187681 0.0907429 
0.00945913 -0.0176742 -0.00114042 0.0013013 -0.0176742 0.088125 0.00129598 -0.00315204 -0.00114042 0.00129598 0.0104473 -0.0187987 0.0013013 -0.00315204 -0.0187987 0.0907992 
0.00949342 -0.0177158 -0.00117664 0.00133637 -0.0177158 0.088202 0.00133169 -0.00324526 -0.00117664 0.00133169 0.0104586 -0.0188197 0.00133637 -0.00324526 -0.0188197 0.090877 
0.00952886 -0.0177679 -0.00120366 0.00136293 -0.0177679 0.0883238 0.00136278 -0.00331065 -0.00120366 0.00136278 0.0104579 -0.0188228 0.00136293 -0.00331065 -0.0188228 0.0909017 
0.00957053 -0.0178074 -0.00122365 0.00137861 -0.0178074 0.0884295 0.00138589 -0.00335233 -0.00122365 0.00138589 0.0104223 -0.0188317 0.00137861 -0.00335233 -0.0188317 0.0909369 
0.00955853 -0.017882 -0.00119335 0.00140161 -0.017882 0.0886124 0.00141224 -0.00340887 -0.00119335 0.00141224 0.0104041 -0.018764 0.00140161 -0.00340887 -0.018764 0.0908207 
0.00950244 -0.0178319 -0.00115508 0.0013546 -0.0178319 0.0885674 0.00136207 -0.00334196 -0.00115508 0.00136207 0.0104319 -0.0187752 0.0013546 -0.00334196 -0.0187752 0.0908227 
0.00947507 -0.0177648 -0.00111856 0.00130613 -0.0177648 0.0884389 0.00131047 -0.00321915 -0.00111856 0.00131047 0.0104442 -0.018809 0.00130613 -0.00321915 -0.018809 0.0908827 
0.00947987 -0.0177449 -0.00112287 0.00128223 -0.0177449 0.0883701 0.00128984 -0.00315905 -0.00112287 0.00128984 0.0104506 -0.0188158 0.00128223 -0.00315905 -0.0188158 0.0909161 
0.00947728 -0.0177207 -0.00112307 0.00128223 -0.0177207 0.0882678 0.00128772 -0.00312619 -0.00112307 0.00128772 0.0104465 -0.0188459 0.00128223 -0.00312619 -0.0188459 0.090999 
0.00947974 -0.0177462 -0.00111851 0.00128966 -0.0177462 0.0883052 0.00128871 -0.00313059 -0.00111851 0.00128871 0.0104324 -0.018811 0.00128966 -0.00313059 -0.018811 0.0909435 
0.00949428 -0.0177636 -0.00110791 0.00128197 -0.0177636 0.088367 0.00127498 -0.00311124 -0.00110791 0.00127498 0.0103988 -0.0187676 0.00128197 -0.00311124 -0.0187676 0.0908144 
0.00947654 -0.0178106 -0.00107945 0.00126444 -0.0178106 0.0884924 0.00125072 -0.00306258 -0.00107945 0.00125072 0.0103772 -0.01868 0.00126444 -0.00306258 -0.01868 0.0905685 
0.00943825 -0.017798 -0.0010363 0.00123131 -0.017798 0.0885426 0.00121889 -0.00299516 -0.0010363 0.00121889 0.0103726 -0.0186391 0.00123131 -0.00299516 -0.0186391 0.090383 
0.00942349 -0.0177132 -0.0010328 0.00118243 -0.0177132 0.0883819 0.00117521 -0.0028995 -0.0010328 0.00117521 0.0103793 -0.0186711 0.00118243 -0.0028995 -0.0186711 0.090409 
0.00940014 -0.0176643 -0.000999399 0.00115643 -0.0176643 0.0881904 0.00115903 -0.0028045 -0.000999399 0.00115903 0.0103951 -0.0187005 0.00115643 -0.0028045 -0.0187005 0.090497 
0.0093939 -0.0175912 -0.00100287 0.00113197 -0.0175912 0.0879604 0.00113998 -0.00276043 -0.00100287 0.00113998 0.0104182 -0.0187825 0.00113197 -0.00276043 -0.0187825 0.0907374 
0.00938029 -0.0175907 -0.00100145 0.00114119 -0.0175907 0.0878729 0.00114921 -0.0027615 -0.00100145 0.00114921 0.0104493 -0.0188054 0.00114119 -0.0027615 -0.0188054 0.0908689 
0.00935472 -0.017585 -0.000983026 0.00113615 -0.017585 0.0878504 0.00114172 -0.00275244 -0.000983026 0.00114172 0.0104857 -0.0188303 0.00113615 -0.00275244 -0.0188303 0.0909367 
0.00936935 -0.0175648 -0.00100453 0.00112003 -0.0175648 0.0878208 0.00112359 -0.00272841 -0.00100453 0.00112359 0.0104821 -0.0188626 0.00112003 -0.00272841 -0.0188626 0.0910014 
0.00940044 -0.0175915 -0.00103921 0.00117495 -0.0175915 0.087866 0.00117807 -0.00283258 -0.00103921 0.00117807 0.0104807 -0.0188706 0.00117495 -0.00283258 -0.0188706 0.0910617 
0.00940871 -0.0176264 -0.00103474 0.00119662 -0.0176264 0.0879387 0.00120125 -0.00289679 -0.00103474 0.00120125 0.0104811 -0.0188739 0.00119662 -0.00289679 -0.0188739 0.0910868 
0.00941954 -0.0176547 -0.00100486 0.00118814 -0.0176547 0.0880358 0.00119485 -0.00291095 -0.00100486 0.00119485 0.0104702 -0.0188508 0.00118814 -0.00291095 -0.0188508 0.091033 
0.0094032 -0.0176614 -0.000972006 0.00116349 -0.0176614 0.0880724 0.00117183 -0.00289102 -0.000972006 0.00117183 0.0104922 -0.018842 0.00116349 -0.00289102 -0.018842 0.0910001 
0.00936788 -0.0176676 -0.000931519 0.00108589 -0.0176676 0.088117 0.00109073 -0.00270787 -0.000931519 0.00109073 0.01048 -0.0188216 0.00108589 -0.00270787 -0.0188216 0.0908945 
0.00936003 -0.0176392 -0.000901013 0.00104082 -0.0176392 0.0881051 0.00103862 -0.00255555 -0.000901013 0.00103862 0.0104379 -0.0187817 0.00104082 -0.00255555 -0.0187817 0.0907664 
0.00936487 -0.0175767 -0.000904824 0.00102125 -0.0175767 0.0879391 0.00101379 -0.00247784 -0.000904824 0.00101379 0.0104175 -0.0187885 0.00102125 -0.00247784 -0.0187885 0.0907955 
0.0093511 -0.0175479 -0.000904416 0.00104293 -0.0175479 0.0877871 0.00104108 -0.00250993 -0.000904416 0.00104108 0.0104369 -0.0187977 0.00104293 -0.00250993 -0.0187977 0.0908607 
0.00937233 -0.0176071 -0.000904829 0.00102437 -0.0176071 0.0879038 0.00102795 -0.00249193 -0.000904829 0.00102795 0.0103778 -0.0187163 0.00102437 -0.00249193 -0.0187163 0.0906289 
0.00938385 -0.0176402 -0.000895637 0.00101072 -0.0176402 0.0880186 0.00101276 -0.00244038 -0.000895637 0.00101276 0.010329 -0.0186301 0.00101072 -0.00244038 -0.0186301 0.0903837 
0.00934163 -0.0175934 -0.000862209 0.00100679 -0.0175934 0.0879211 0.00100495 -0.00241667 -0.000862209 0.00100495 0.0103414 -0.0186301 0.00100679 -0.00241667 -0.0186301 0.0903544 
0.00931663 -0.0175093 -0.000845975 0.000988615 -0.0175093 0.0877118 0.000984291 -0.00240362 -0.000845975 0.000984291 0.0103694 -0.018681 0.000988615 -0.00240362 -0.018681 0.090471 
0.00931138 -0.01748 -0.000850553 0.000958127 -0.01748 0.0875727 0.000956879 -0.0023378 -0.000850553 0.000956879 0.0103645 -0.018706 0.000958127 -0.0023378 -0.018706 0.0905503 
0.0093116 -0.0174432 -0.000875965 0.000990387 -0.0174432 0.0874436 0.000994962 -0.00239852 -0.000875965 0.000994962 0.0103976 -0.0187513 0.000990387 -0.00239852 -0.0187513 0.0907171 
0.0092777 -0.01746 -0.000853024 0.00101039 -0.01746 0.0874363 0.00101679 -0.00245282 -0.000853024 0.00101679 0.0104481 -0.018772 0.00101039 -0.00245282 -0.018772 0.0907865 
0.00928677 -0.017485 -0.000824205 0.000981026 -0.017485 0.087569 0.00098675 -0.00242694 -0.000824205 0.00098675 0.0104467 -0.0187793 0.000981026 -0.00242694 -0.0187793 0.090761 
0.00926712 -0.0175162 -0.00077102 0.0009346 -0.0175162 0.0876806 0.000933039 -0.00231304 -0.00077102 0.000933039 0.0104453 -0.0187444 0.0009346 -0.00231304 -0.0187444 0.0906617 
0.00924354 -0.0174564 -0.000735736 0.000882012 -0.0174564 0.0876041 0.000874074 -0.00218873 -0.000735736 0.000874074 0.0104706 -0.0187938 0.000882012 -0.00218873 -0.0187938 0.0907528 
0.00924757 -0.0174013 -0.000750587 0.000853959 -0.0174013 0.0874452 0.000844654 -0.00210901 -0.000750587 0.000844654 0.0104858 -0.0188489 0.000853959 -0.00210901 -0.0188489 0.0909088 
0.009314 -0.0174925 -0.000759465 0.000869484 -0.0174925 0.0876269 0.000864173 -0.00210652 -0.000759465 0.000864173 0.0104569 -0.0187772 0.000869484 -0.00210652 -0.0187772 0.0907505 
0.00934668 -0.0175555 -0.00075931 0.000881773 -0.0175555 0.0877803 0.000878518 -0.00214303 -0.00075931 0.000878518 0.0104437 -0.0187546 0.000881773 -0.00214303 -0.0187546 0.0906545 
0.00935744 -0.0175761 -0.000763127 0.000877421 -0.0175761 0.0878575 0.000870114 -0.00213888 -0.000763127 0.000870114 0.0104594 -0.0187798 0.000877421 -0.00213888 -0.0187798 0.0907086 
0.00931733 -0.0175826 -0.000744603 0.000874275 -0.0175826 0.0878762 0.00086438 -0.00211857 -0.000744603 0.00086438 0.0104738 -0.0187995 0.000874275 -0.00211857 -0.0187995 0.0907671 
0.00927035 -0.0175453 -0.0007408 0.000864131 -0.0175453 0.0878445 0.000856305 -0.00211368 -0.0007408 0.000856305 0.0104837 -0.0188133 0.000864131 -0.00211368 -0.0188133 0.0908126 
0.00925731 -0.0174716 -0.000755731 0.000860022 -0.0174716 0.0877036 0.000856047 -0.00210691 -0.000755731 0.000856047 0.0105005 -0.0188553 0.000860022 -0.00210691 -0.0188553 0.0909349 
0.00923685 -0.0174413 -0.00074998 0.000864865 -0.0174413 0.0875734 0.000866527 -0.00210427 -0.00074998 0.000866527 0.0105503 -0.0188793 0.000864865 -0.00210427 -0.0188793 0.0910229 
0.00922038 -0.0174325 -0.000702191 0.000834782 -0.0174325 0.0875226 0.000846012 -0.00205064 -0.000702191 0.000846012 0.0105743 -0.0189059 0.000834782 -0.00205064 -0.0189059 0.0910469 
0.00919438 -0.0174366 -0.000640198 0.000779794 -0.0174366 0.0875376 0.000795349 -0.00195084 -0.000640198 0.000795349 0.010577 -0.0189105 0.000779794 -0.00195084 -0.0189105 0.0910412 
0.00917344 -0.0174315 -0.000601958 0.000703186 -0.0174315 0.0875659 0.000716834 -0.0017819 -0.000601958 0.000716834 0.0105676 -0.0188829 0.000703186 -0.0017819 -0.0188829 0.0909602 
0.00917308 -0.0173651 -0.000614303 0.000691767 -0.0173651 0.0874368 0.000699398 -0.00172193 -0.000614303 0.000699398 0.0105719 -0.0189308 0.000691767 -0.00172193 -0.0189308 0.091074 
0.00922109 -0.0173781 -0.000659261 0.000711476 -0.0173781 0.0874183 0.000715473 -0.00173475 -0.000659261 0.000715473 0.0105741 -0.018929 0.000711476 -0.00173475 -0.018929 0.0911125 
0.00920535 -0.0174015 -0.000674209 0.000754558 -0.0174015 0.0874013 0.000758643 -0.00180282 -0.000674209 0.000758643 0.0106191 -0.0189568 0.000754558 -0.00180282 -0.0189568 0.0911933 
0.00917974 -0.0173532 -0.000673737 0.000792271 -0.0173532 0.0872932 0.00079533 -0.00191801 -0.000673737 0.00079533 0.0106724 -0.0190604 0.000792271 -0.00191801 -0.0190604 0.0914467 
0.00919505 -0.0173634 -0.000684779 0.000793936 -0.0173634 0.0872966 0.000794272 -0.00196543 -0.000684779 0.000794272 0.0106444 -0.0190704 0.000793936 -0.00196543 -0.0190704 0.0915093 
0.00924361 -0.017382 -0.000717546 0.000812652 -0.017382 0.0873421 0.000808845 -0.00200484 -0.000717546 0.000808845 0.0106059 -0.0190606 0.000812652 -0.00200484 -0.0190606 0.0915468 
0.00928484 -0.0174703 -0.00071858 0.000835184 -0.0174703 0.0875361 0.000827372 -0.0020294 -0.00071858 0.000827372 0.0105934 -0.0189847 0.000835184 -0.0020294 -0.0189847 0.0914005 
