0.0080459 0 0.00158578 0 0 0.01 0 0 0.00158578 0 0.00642723 0 0 0 0 0.01 
0.0112148 -0.0139042 0.00194171 -0.00237466 -0.0139042 0.0358344 -0.00237466 0.00455321 0.00194171 -0.00237466 0.00920853 -0.0114579 -0.00237466 0.00455321 -0.0114579 0.0311445 
0.0111223 -0.0205371 0.00167584 -0.00269674 -0.0205371 0.0747257 -0.00269674 0.00847729 0.00167584 -0.00269674 0.00934942 -0.0177859 -0.00269674 0.00847729 -0.0177859 0.0661263 
0.0104929 -0.0197775 0.00153566 -0.00188896 -0.0197775 0.0873977 -0.00188501 0.00624004 0.00153566 -0.00188501 0.00882083 -0.0179129 -0.00188896 0.00624004 -0.0179129 0.0815088 
0.0105765 -0.0190726 0.00168399 -0.00176081 -0.0190726 0.0899545 -0.00174825 0.00459209 0.00168399 -0.00174825 0.00872173 -0.0172689 -0.00176081 0.00459209 -0.0172689 0.0855435 
0.0108109 -0.0191399 0.00183069 -0.00197407 -0.0191399 0.0910813 -0.00196068 0.00454108 0.00183069 -0.00196068 0.00883745 -0.017042 -0.00197407 0.00454108 -0.017042 0.0863717 
0.010947 -0.0193483 0.00188815 -0.00216571 -0.0193483 0.0919407 -0.00215386 0.00502707 0.00188815 -0.00215386 0.00896065 -0.0170758 -0.00216571 0.00502707 -0.0170758 0.0866357 
0.0110043 -0.0194415 0.00188164 -0.00224209 -0.0194415 0.0923739 -0.00223401 0.00540217 0.00188164 -0.00223401 0.00904381 -0.0171729 -0.00224209 0.00540217 -0.0171729 0.0868569 
0.0109821 -0.0194764 0.00182527 -0.00218952 -0.0194764 0.0925176 -0.00218661 0.00541123 0.00182527 -0.00218661 0.00908783 -0.0172457 -0.00218952 0.00541123 -0.0172457 0.0870165 
0.0109898 -0.0194994 0.00175194 -0.002111 -0.0194994 0.0926504 -0.00210741 0.00525304 0.00175194 -0.00210741 0.0091194 -0.0172666 -0.002111 0.00525304 -0.0172666 0.0870765 
0.0109889 -0.0194611 0.00166319 -0.00198738 -0.0194611 0.0925632 -0.00198293 0.00494059 0.00166319 -0.00198293 0.00911861 -0.0173408 -0.00198738 0.00494059 -0.0173408 0.0872429 
0.0109577 -0.0194502 0.00161767 -0.00187637 -0.0194502 0.0924948 -0.0018747 0.00463225 0.00161767 -0.0018747 0.00909937 -0.0173494 -0.00187637 0.00463225 -0.0173494 0.0873333 
0.0109441 -0.0194199 0.00160248 -0.00185259 -0.0194199 0.0924412 -0.00185196 0.00450856 0.00160248 -0.00185196 0.00908931 -0.0173274 -0.00185259 0.00450856 -0.0173274 0.0873355 
0.0109481 -0.0194036 0.00153454 -0.00183123 -0.0194036 0.0923859 -0.00183079 0.00443594 0.00153454 -0.00183079 0.0090728 -0.0173037 -0.00183123 0.00443594 -0.0173037 0.0872788 
0.0109214 -0.0193912 0.0015418 -0.0017671 -0.0193912 0.0923274 -0.0017703 0.00434224 0.0015418 -0.0017703 0.00907492 -0.0172961 -0.0017671 0.00434224 -0.0172961 0.0872584 
0.0109114 -0.019391 0.00155258 -0.00177884 -0.019391 0.0923472 -0.00178024 0.00431398 0.00155258 -0.00178024 0.00908099 -0.0172792 -0.00177884 0.00431398 -0.0172792 0.0872115 
0.0109081 -0.0193585 0.00155525 -0.00178046 -0.0193585 0.0922746 -0.00177731 0.00429833 0.00155525 -0.00177731 0.00907597 -0.0172968 -0.00178046 0.00429833 -0.0172968 0.0872334 
0.0109154 -0.0193961 0.00157101 -0.00180063 -0.0193961 0.092355 -0.00179568 0.00434441 0.00157101 -0.00179568 0.00909202 -0.0172575 -0.00180063 0.00434441 -0.0172575 0.0871526 
0.0109032 -0.019355 0.00157387 -0.00182862 -0.019355 0.0922703 -0.0018238 0.00442207 0.00157387 -0.0018238 0.00908962 -0.0173044 -0.00182862 0.00442207 -0.0173044 0.0872058 
0.0109001 -0.0192884 0.00156131 -0.0018427 -0.0192884 0.0920636 -0.00184265 0.00449495 0.00156131 -0.00184265 0.00906015 -0.0173495 -0.0018427 0.00449495 -0.0173495 0.0873667 
0.0109551 -0.019316 0.00150377 -0.00182486 -0.019316 0.0920617 -0.00183155 0.00449937 0.00150377 -0.00183155 0.00900164 -0.0172941 -0.00182486 0.00449937 -0.0172941 0.0873283 
0.0110099 -0.0194363 0.00147936 -0.00175444 -0.0194363 0.0923248 -0.00176797 0.00439585 0.00147936 -0.00176797 0.00895488 -0.0171797 -0.00175444 0.00439585 -0.0171797 0.0870708 
0.0109797 -0.0194821 0.00147071 -0.0016952 -0.0194821 0.0924872 -0.00170827 0.00421601 0.00147071 -0.00170827 0.00895908 -0.0171244 -0.0016952 0.00421601 -0.0171244 0.086863 
0.0109667 -0.0194731 0.0015006 -0.00170493 -0.0194731 0.0925718 -0.00171227 0.00417844 0.0015006 -0.00171227 0.00896768 -0.0171197 -0.00170493 0.00417844 -0.0171197 0.0867829 
0.0109396 -0.0194059 0.00150942 -0.00173976 -0.0194059 0.0924238 -0.00174227 0.00421867 0.00150942 -0.00174227 0.00897109 -0.0171576 -0.00173976 0.00421867 -0.0171576 0.0868417 
0.0109264 -0.0193931 0.00147592 -0.00175392 -0.0193931 0.0923601 -0.00175129 0.00426 0.00147592 -0.00175129 0.00897794 -0.017145 -0.00175392 0.00426 -0.017145 0.0868397 
0.0109361 -0.0193686 0.00144189 -0.00171749 -0.0193686 0.0922887 -0.00170833 0.00421681 0.00144189 -0.00170833 0.00897422 -0.0171613 -0.00171749 0.00421681 -0.0171613 0.0868697 
0.0109738 -0.0194523 0.00140717 -0.00167167 -0.0194523 0.0924779 -0.00165947 0.00410771 0.00140717 -0.00165947 0.00900002 -0.0171007 -0.00167167 0.00410771 -0.0171007 0.0867265 
0.0110106 -0.0194787 0.00137248 -0.00161809 -0.0194787 0.0925775 -0.00160636 0.00396738 0.00137248 -0.00160636 0.00901717 -0.0171601 -0.00161809 0.00396738 -0.0171601 0.0867868 
0.0110393 -0.0195149 0.00135594 -0.00158078 -0.0195149 0.0926649 -0.00157642 0.00386785 0.00135594 -0.00157642 0.00901849 -0.0172064 -0.00158078 0.00386785 -0.0172064 0.0869286 
0.0110252 -0.0195381 0.00136202 -0.00155996 -0.0195381 0.092726 -0.00156552 0.00380903 0.00136202 -0.00156552 0.00905952 -0.0172325 -0.00155996 0.00380903 -0.0172325 0.0870564 
0.0110175 -0.0195219 0.00134774 -0.00156596 -0.0195219 0.0927287 -0.00157243 0.00379832 0.00134774 -0.00157243 0.00908053 -0.0172854 -0.00156596 0.00379832 -0.0172854 0.0871873 
0.0109804 -0.01951 0.00136437 -0.00155393 -0.01951 0.0926997 -0.00155524 0.00378039 0.00136437 -0.00155524 0.00909965 -0.0173164 -0.00155393 0.00378039 -0.0173164 0.0872999 
0.0109603 -0.019461 0.00136772 -0.00158332 -0.019461 0.092609 -0.00157643 0.00381614 0.00136772 -0.00157643 0.00911279 -0.017353 -0.00158332 0.00381614 -0.017353 0.0874228 
0.0109539 -0.0194069 0.00137152 -0.00158402 -0.0194069 0.0924437 -0.00157045 0.00382543 0.00137152 -0.00157045 0.00911274 -0.017377 -0.00158402 0.00382543 -0.017377 0.0875104 
0.0109989 -0.0194361 0.00135085 -0.00157985 -0.0194361 0.0924648 -0.00156415 0.00380719 0.00135085 -0.00156415 0.00909108 -0.0173447 -0.00157985 0.00380719 -0.0173447 0.0874569 
0.0110071 -0.0194535 0.00136653 -0.00158295 -0.0194535 0.0924665 -0.00157437 0.00384952 0.00136653 -0.00157437 0.00906899 -0.017341 -0.00158295 0.00384952 -0.017341 0.0874388 
0.0109997 -0.0194483 0.00133642 -0.001583 -0.0194483 0.0924453 -0.00158081 0.00384959 0.00133642 -0.00158081 0.00903725 -0.0173158 -0.001583 0.00384959 -0.0173158 0.0873882 
0.0109847 -0.0194535 0.00130011 -0.00155608 -0.0194535 0.0924634 -0.00155817 0.00382796 0.00130011 -0.00155817 0.0090303 -0.0172643 -0.00155608 0.00382796 -0.0172643 0.0872725 
0.0109723 -0.0194397 0.00128262 -0.00150717 -0.0194397 0.0924527 -0.00150943 0.00373443 0.00128262 -0.00150943 0.00902568 -0.0172426 -0.00150717 0.00373443 -0.0172426 0.0871693 
0.0109769 -0.0194279 0.0012695 -0.00148714 -0.0194279 0.0924278 -0.00148787 0.00366025 0.0012695 -0.00148787 0.00902301 -0.0172416 -0.00148714 0.00366025 -0.0172416 0.0871458 
0.0110168 -0.0194381 0.00128512 -0.00149158 -0.0194381 0.0924423 -0.00149206 0.00366668 0.00128512 -0.00149206 0.00898571 -0.0172331 -0.00149158 0.00366668 -0.0172331 0.0871196 
0.0110954 -0.0195393 0.00130677 -0.00150389 -0.0195393 0.0926713 -0.00151001 0.00368804 0.00130677 -0.00151001 0.00895762 -0.0171592 -0.00150389 0.00368804 -0.0171592 0.0869715 
0.0111372 -0.0196361 0.00134238 -0.00152227 -0.0196361 0.092924 -0.00153491 0.00372834 0.00134238 -0.00153491 0.00896954 -0.0171298 -0.00152227 0.00372834 -0.0171298 0.0868603 
0.0111597 -0.019654 0.00131501 -0.00154246 -0.019654 0.0930127 -0.0015546 0.00375065 0.00131501 -0.0015546 0.00898341 -0.0171817 -0.00154246 0.00375065 -0.0171817 0.0869445 
0.0111614 -0.0196692 0.00129503 -0.00150436 -0.0196692 0.0930486 -0.00151008 0.0036897 0.00129503 -0.00151008 0.00896571 -0.0172013 -0.00150436 0.0036897 -0.0172013 0.0870144 
0.011157 -0.0196615 0.00126369 -0.00149637 -0.0196615 0.09304 -0.00149508 0.00365283 0.00126369 -0.00149508 0.00895413 -0.0171975 -0.00149637 0.00365283 -0.0171975 0.087061 
0.011168 -0.0196918 0.00122862 -0.0014774 -0.0196918 0.0931269 -0.00147198 0.00362783 0.00122862 -0.00147198 0.00895056 -0.0171584 -0.0014774 0.00362783 -0.0171584 0.0869875 
0.0111654 -0.0197088 0.00122368 -0.00141272 -0.0197088 0.0931907 -0.00140629 0.00348649 0.00122368 -0.00140629 0.00896872 -0.0171483 -0.00141272 0.00348649 -0.0171483 0.0869282 
0.0111514 -0.0196949 0.00123298 -0.00139704 -0.0196949 0.0931773 -0.00138724 0.00338444 0.00123298 -0.00138724 0.00899535 -0.0171787 -0.00139704 0.00338444 -0.0171787 0.0869645 
0.0110985 -0.0196253 0.00120656 -0.00140344 -0.0196253 0.0929948 -0.00139153 0.00335439 0.00120656 -0.00139153 0.00901364 -0.0172338 -0.00140344 0.00335439 -0.0172338 0.0870831 
0.0110727 -0.0195714 0.00113045 -0.00137114 -0.0195714 0.0928466 -0.00136172 0.00330105 0.00113045 -0.00136172 0.00903451 -0.0172557 -0.00137114 0.00330105 -0.0172557 0.0871775 
0.0110762 -0.0195545 0.00109475 -0.00130236 -0.0195545 0.092779 -0.00129475 0.00320137 0.00109475 -0.00129475 0.0090401 -0.0172742 -0.00130236 0.00320137 -0.0172742 0.087235 
0.0110791 -0.0195596 0.00106311 -0.00124356 -0.0195596 0.0927624 -0.00123702 0.00304222 0.00106311 -0.00123702 0.00903777 -0.0172757 -0.00124356 0.00304222 -0.0172757 0.0872494 
0.0110742 -0.0195121 0.00104403 -0.00124111 -0.0195121 0.09263 -0.00123342 0.00302125 0.00104403 -0.00123342 0.00899925 -0.0173044 -0.00124111 0.00302125 -0.0173044 0.087326 
0.0111119 -0.0195666 0.00102592 -0.00121712 -0.0195666 0.0927343 -0.00121706 0.00299006 0.00102592 -0.00121706 0.0089711 -0.0172242 -0.00121712 0.00299006 -0.0172242 0.0872107 
0.0111209 -0.0196055 0.00102194 -0.00116316 -0.0196055 0.0928347 -0.00117079 0.00286555 0.00102194 -0.00117079 0.00896828 -0.0171784 -0.00116316 0.00286555 -0.0171784 0.0870557 
0.0110886 -0.0195929 0.0010784 -0.00116951 -0.0195929 0.0928273 -0.00117648 0.00283692 0.0010784 -0.00117648 0.00898484 -0.0171896 -0.00116951 0.00283692 -0.0171896 0.0870275 
0.0110829 -0.0195626 0.00109323 -0.00126152 -0.0195626 0.0927868 -0.00125993 0.00299312 0.00109323 -0.00125993 0.00895301 -0.0172005 -0.00126152 0.00299312 -0.0172005 0.0870282 
0.011094 -0.0195709 0.00113186 -0.00130749 -0.0195709 0.0927994 -0.00130592 0.00317479 0.00113186 -0.00130592 0.00893708 -0.0171538 -0.00130749 0.00317479 -0.0171538 0.0869591 
0.0110621 -0.0195583 0.00113568 -0.00134542 -0.0195583 0.0927545 -0.00134842 0.00329366 0.00113568 -0.00134842 0.00894118 -0.0171402 -0.00134542 0.00329366 -0.0171402 0.0868979 
0.0110498 -0.0195344 0.00112618 -0.0013348 -0.0195344 0.0927194 -0.00134134 0.00331205 0.00112618 -0.00134134 0.00893706 -0.0171357 -0.0013348 0.00331205 -0.0171357 0.0868629 
0.0110415 -0.0195007 0.00107595 -0.0013049 -0.0195007 0.0926231 -0.00131629 0.00325033 0.00107595 -0.00131629 0.00891323 -0.0171287 -0.0013049 0.00325033 -0.0171287 0.0868308 
0.0110378 -0.019495 0.0010717 -0.00125155 -0.019495 0.0925802 -0.00126552 0.0031527 0.0010717 -0.00126552 0.00890877 -0.0171042 -0.00125155 0.0031527 -0.0171042 0.0867976 
0.0110282 -0.0195165 0.00108564 -0.00124791 -0.0195165 0.0926309 -0.00125797 0.00309614 0.00108564 -0.00125797 0.00895893 -0.017088 -0.00124791 0.00309614 -0.017088 0.0867548 
0.0110235 -0.0195157 0.00114299 -0.00127911 -0.0195157 0.0926656 -0.00127832 0.00313245 0.00114299 -0.00127832 0.00898845 -0.0171449 -0.00127911 0.00313245 -0.0171449 0.0868184 
0.0110399 -0.0195126 0.00117694 -0.00134014 -0.0195126 0.0926742 -0.00133087 0.00322357 0.00117694 -0.00133087 0.00899037 -0.0171826 -0.00134014 0.00322357 -0.0171826 0.0869162 
0.0109832 -0.0194382 0.00120272 -0.00137688 -0.0194382 0.0924449 -0.00137022 0.00332435 0.00120272 -0.00137022 0.00899348 -0.0172436 -0.00137688 0.00332435 -0.0172436 0.0871024 
0.0109132 -0.0193666 0.00123368 -0.00140247 -0.0193666 0.0922419 -0.00140104 0.00340041 0.00123368 -0.00140104 0.00901514 -0.0172474 -0.00140247 0.00340041 -0.0172474 0.0871833 
0.0108897 -0.0193468 0.00124636 -0.00145046 -0.0193468 0.0922112 -0.00144827 0.00351365 0.00124636 -0.00144827 0.00901105 -0.0172116 -0.00145046 0.00351365 -0.0172116 0.0870782 
0.0108899 -0.0193617 0.00122488 -0.00146885 -0.0193617 0.0922752 -0.00146533 0.00359077 0.00122488 -0.00146533 0.00900059 -0.0171657 -0.00146885 0.00359077 -0.0171657 0.0869178 
0.0108946 -0.0193561 0.0012059 -0.00144969 -0.0193561 0.0922873 -0.00144812 0.00359958 0.0012059 -0.00144812 0.00900163 -0.0171608 -0.00144969 0.00359958 -0.0171608 0.0868607 
0.010906 -0.0193782 0.00122899 -0.00141072 -0.0193782 0.0923449 -0.00141475 0.00352202 0.00122899 -0.00141475 0.00899464 -0.0171449 -0.00141072 0.00352202 -0.0171449 0.0867949 
0.0109273 -0.0193933 0.00127811 -0.00145131 -0.0193933 0.092396 -0.00145703 0.00356702 0.00127811 -0.00145703 0.00900954 -0.0171479 -0.00145131 0.00356702 -0.0171479 0.0867966 
0.0108997 -0.01936 0.00133517 -0.00151089 -0.01936 0.092288 -0.00151484 0.00368772 0.00133517 -0.00151484 0.00903401 -0.0172065 -0.00151089 0.00368772 -0.0172065 0.0869268 
0.010838 -0.0193076 0.00131341 -0.00156759 -0.0193076 0.0921378 -0.00156972 0.00381119 0.00131341 -0.00156972 0.0090747 -0.0172488 -0.00156759 0.00381119 -0.0172488 0.0870629 
0.0108135 -0.0192588 0.00127904 -0.00153924 -0.0192588 0.0920334 -0.00153914 0.00381391 0.00127904 -0.00153914 0.00909749 -0.0172766 -0.00153924 0.00381391 -0.0172766 0.087136 
0.0107832 -0.0191921 0.00122761 -0.00146293 -0.0191921 0.09183 -0.00145765 0.003634 0.00122761 -0.00145765 0.00909108 -0.0173179 -0.00146293 0.003634 -0.0173179 0.0872364 
0.0107549 -0.0191571 0.00119454 -0.00142229 -0.0191571 0.0917006 -0.00141423 0.00351315 0.00119454 -0.00141423 0.00908842 -0.0173126 -0.00142229 0.00351315 -0.0173126 0.0872783 
0.0107645 -0.0191927 0.00121692 -0.00139084 -0.0191927 0.0917966 -0.00138623 0.0034305 0.00121692 -0.00138623 0.00908319 -0.0172571 -0.00139084 0.0034305 -0.0172571 0.0871504 
0.0107455 -0.0191568 0.00125352 -0.00142652 -0.0191568 0.0917293 -0.00142881 0.0034754 0.00125352 -0.00142881 0.00906981 -0.0172793 -0.00142652 0.0034754 -0.0172793 0.0871508 
0.0107195 -0.0191043 0.00128979 -0.00147246 -0.0191043 0.0915809 -0.00147996 0.00358472 0.00128979 -0.00147996 0.00905593 -0.0172874 -0.00147246 0.00358472 -0.0172874 0.0872077 
0.0106832 -0.0190692 0.00131215 -0.00151036 -0.0190692 0.0914624 -0.00152088 0.00368835 0.00131215 -0.00152088 0.00906253 -0.0172597 -0.00151036 0.00368835 -0.0172597 0.0871723 
0.0107017 -0.019078 0.0013097 -0.00152889 -0.019078 0.0914925 -0.00153753 0.00374562 0.0013097 -0.00153753 0.00904021 -0.017215 -0.00152889 0.00374562 -0.017215 0.0870245 
0.0107309 -0.0191098 0.00123606 -0.00152807 -0.0191098 0.0915617 -0.00153173 0.00376019 0.00123606 -0.00153173 0.00902531 -0.0171777 -0.00152807 0.00376019 -0.0171777 0.086897 
0.0107741 -0.0191476 0.00118541 -0.00144245 -0.0191476 0.0916544 -0.00144287 0.00362954 0.00118541 -0.00144287 0.00901564 -0.0171656 -0.00144245 0.00362954 -0.0171656 0.0868405 
0.0107825 -0.0192007 0.00114622 -0.00137888 -0.0192007 0.0917787 -0.00137683 0.00345447 0.00114622 -0.00137683 0.00902117 -0.0171567 -0.00137888 0.00345447 -0.0171567 0.0868057 
0.0108152 -0.0192392 0.00114017 -0.00133163 -0.0192392 0.0919265 -0.00132732 0.00330888 0.00114017 -0.00132732 0.00902677 -0.0171626 -0.00133163 0.00330888 -0.0171626 0.0868143 
0.0108095 -0.0192145 0.00113757 -0.00131283 -0.0192145 0.0918636 -0.00130893 0.0032098 0.00113757 -0.00130893 0.00903161 -0.0172166 -0.00131283 0.0032098 -0.0172166 0.0869478 
0.0107556 -0.0191742 0.00117968 -0.00132256 -0.0191742 0.0917343 -0.00132242 0.00321479 0.00117968 -0.00132242 0.00904541 -0.0172464 -0.00132256 0.00321479 -0.0172464 0.0870739 
0.0107235 -0.0191625 0.00122228 -0.00137909 -0.0191625 0.0917318 -0.00138105 0.00332191 0.00122228 -0.00138105 0.00906766 -0.0172209 -0.00137909 0.00332191 -0.0172209 0.0870392 
0.0107022 -0.0191219 0.00124646 -0.00145032 -0.0191219 0.0916639 -0.0014493 0.0035058 0.00124646 -0.0014493 0.00908756 -0.0172442 -0.00145032 0.0035058 -0.0172442 0.0870506 
0.0106773 -0.0190925 0.00124612 -0.00149359 -0.0190925 0.091584 -0.00149236 0.00366591 0.00124612 -0.00149236 0.00910249 -0.0172706 -0.00149359 0.00366591 -0.0172706 0.0871027 
0.0106064 -0.0190359 0.0012128 -0.00146983 -0.0190359 0.0914337 -0.00147053 0.00365929 0.0012128 -0.00147053 0.00914439 -0.0173042 -0.00146983 0.00365929 -0.0173042 0.0871925 
0.0105645 -0.0189237 0.00119695 -0.00143182 -0.0189237 0.0911674 -0.00142918 0.00358738 0.00119695 -0.00142918 0.00916187 -0.0173759 -0.00143182 0.00358738 -0.0173759 0.0873651 
0.0105055 -0.0188449 0.00119612 -0.00138541 -0.0188449 0.0908903 -0.0013816 0.00344365 0.00119612 -0.0013816 0.00916898 -0.0173985 -0.00138541 0.00344365 -0.0173985 0.0874685 
0.0104875 -0.0187993 0.00118545 -0.0013989 -0.0187993 0.0907492 -0.00139613 0.00342755 0.00118545 -0.00139613 0.00916237 -0.0173763 -0.0013989 0.00342755 -0.0173763 0.0874352 
0.0104964 -0.0187784 0.00117268 -0.00138771 -0.0187784 0.0906619 -0.00138848 0.0034215 0.00117268 -0.00138848 0.00914412 -0.0173523 -0.00138771 0.0034215 -0.0173523 0.0873554 
0.0105413 -0.0188535 0.00119946 -0.0013833 -0.0188535 0.0908258 -0.00138716 0.00342652 0.00119946 -0.00138716 0.00912414 -0.0172796 -0.0013833 0.00342652 -0.0172796 0.0871584 
0.0105733 -0.0189171 0.00124377 -0.00139892 -0.0189171 0.0910098 -0.0014031 0.00343119 0.00124377 -0.0014031 0.00911268 -0.0172509 -0.00139892 0.00343119 -0.0172509 0.0870232 
0.0105946 -0.0189659 0.00130998 -0.00147172 -0.0189659 0.0911781 -0.00147422 0.00356961 0.00130998 -0.00147422 0.00912639 -0.0172473 -0.00147172 0.00356961 -0.0172473 0.0869876 
0.0106104 -0.0189835 0.00136828 -0.00155466 -0.0189835 0.0912628 -0.00155465 0.00376168 0.00136828 -0.00155465 0.00914493 -0.0172799 -0.00155466 0.00376168 -0.0172799 0.0870438 
0.0105999 -0.0189831 0.00140417 -0.00160388 -0.0189831 0.0912692 -0.00160563 0.0038948 0.00140417 -0.00160563 0.00915643 -0.0173147 -0.00160388 0.0038948 -0.0173147 0.0871304 
0.0105904 -0.0190059 0.00141913 -0.00165585 -0.0190059 0.0913518 -0.0016601 0.00403706 0.00141913 -0.0016601 0.00916579 -0.0173182 -0.00165585 0.00403706 -0.0173182 0.0871706 
0.010554 -0.0189711 0.00137558 -0.00164607 -0.0189711 0.0913006 -0.00165167 0.00404467 0.00137558 -0.00165167 0.00916458 -0.0173421 -0.00164607 0.00404467 -0.0173421 0.0872287 
0.0105437 -0.0189099 0.00132568 -0.00160959 -0.0189099 0.0911596 -0.00161366 0.00400073 0.00132568 -0.00161366 0.0091669 -0.0173601 -0.00160959 0.00400073 -0.0173601 0.0873157 
0.0105339 -0.0189004 0.00130149 -0.00155551 -0.0189004 0.0910871 -0.0015596 0.00390003 0.00130149 -0.0015596 0.00917306 -0.0173504 -0.00155551 0.00390003 -0.0173504 0.0873142 
0.0105251 -0.0189075 0.00131556 -0.00152677 -0.0189075 0.0910982 -0.00153207 0.00381131 0.00131556 -0.00153207 0.00919767 -0.0173396 -0.00152677 0.00381131 -0.0173396 0.0872726 
0.0105055 -0.0188758 0.00133644 -0.00155035 -0.0188758 0.0910284 -0.00155193 0.00381874 0.00133644 -0.00155193 0.00924984 -0.0173935 -0.00155035 0.00381874 -0.0173935 0.0873703 
0.0104725 -0.0188503 0.00131194 -0.00155942 -0.0188503 0.0909514 -0.0015548 0.00381807 0.00131194 -0.0015548 0.00927624 -0.0174595 -0.00155942 0.00381807 -0.0174595 0.0875171 
0.0104756 -0.0188247 0.00130661 -0.00153855 -0.0188247 0.0909061 -0.00153184 0.00379447 0.00130661 -0.00153184 0.00926131 -0.0174898 -0.00153855 0.00379447 -0.0174898 0.0876297 
0.0104645 -0.0188321 0.00131451 -0.00152734 -0.0188321 0.0909034 -0.00152673 0.00376291 0.00131451 -0.00152673 0.00924656 -0.0174668 -0.00152734 0.00376291 -0.0174668 0.0876291 
0.0104633 -0.0187918 0.00130191 -0.00153237 -0.0187918 0.0908175 -0.00153772 0.00376044 0.00130191 -0.00153772 0.00920413 -0.0174564 -0.00153237 0.00376044 -0.0174564 0.087604 
0.0104386 -0.0187924 0.00129981 -0.00151267 -0.0187924 0.0907766 -0.00152489 0.00373649 0.00129981 -0.00152489 0.00920568 -0.0173954 -0.00151267 0.00373649 -0.0173954 0.0874947 
0.0103973 -0.0187393 0.00128878 -0.00151241 -0.0187393 0.090652 -0.00152491 0.00372889 0.00128878 -0.00152491 0.00922259 -0.0174061 -0.00151241 0.00372889 -0.0174061 0.0874682 
0.0103898 -0.0187067 0.00131378 -0.00152041 -0.0187067 0.0905695 -0.00152358 0.00375366 0.00131378 -0.00152358 0.0092056 -0.0174056 -0.00152041 0.00375366 -0.0174056 0.0874405 
0.0103799 -0.0187129 0.00134271 -0.00154976 -0.0187129 0.0905627 -0.00154775 0.00379695 0.00134271 -0.00154775 0.00920123 -0.0173625 -0.00154976 0.00379695 -0.0173625 0.0873385 
0.0103499 -0.0187095 0.00135174 -0.00158576 -0.0187095 0.0905682 -0.00158605 0.003881 0.00135174 -0.00158605 0.00923194 -0.0173423 -0.00158576 0.003881 -0.0173423 0.0872451 
0.0103106 -0.0186847 0.00135998 -0.0015933 -0.0186847 0.0905452 -0.00159426 0.00392914 0.00135998 -0.00159426 0.00927665 -0.0173625 -0.0015933 0.00392914 -0.0173625 0.0872166 
0.0102938 -0.0186303 0.00135086 -0.00161585 -0.0186303 0.0904373 -0.00161192 0.00398732 0.00135086 -0.00161192 0.00932123 -0.0174306 -0.00161585 0.00398732 -0.0174306 0.0873395 
0.0102808 -0.0185767 0.00133959 -0.00156824 -0.0185767 0.0902604 -0.00156206 0.00388985 0.00133959 -0.00156206 0.00932204 -0.0175021 -0.00156824 0.00388985 -0.0175021 0.0875164 
0.0103036 -0.0185931 0.00134924 -0.00156929 -0.0185931 0.0902608 -0.0015659 0.00386274 0.00134924 -0.0015659 0.00930013 -0.0174924 -0.00156929 0.00386274 -0.0174924 0.0875739 
0.0103436 -0.0186337 0.001334 -0.0015934 -0.0186337 0.09035 -0.00159096 0.00390836 0.001334 -0.00159096 0.0092735 -0.0174624 -0.0015934 0.00390836 -0.0174624 0.0875394 
0.0103505 -0.0186879 0.00130422 -0.00154571 -0.0186879 0.0904766 -0.00154664 0.00382645 0.00130422 -0.00154664 0.00925292 -0.0174151 -0.00154571 0.00382645 -0.0174151 0.0874237 
0.0103684 -0.018669 0.00131443 -0.00152786 -0.018669 0.0904735 -0.00152835 0.00377846 0.00131443 -0.00152835 0.00923863 -0.0174211 -0.00152786 0.00377846 -0.0174211 0.0874229 
0.0104088 -0.0187212 0.00132992 -0.00153722 -0.0187212 0.0905761 -0.00154146 0.00377746 0.00132992 -0.00154146 0.0092096 -0.0173802 -0.00153722 0.00377746 -0.0173802 0.0873478 
0.0104409 -0.018775 0.00133827 -0.0015599 -0.018775 0.0907117 -0.00156963 0.00382996 0.00133827 -0.00156963 0.00920145 -0.0173473 -0.0015599 0.00382996 -0.0173473 0.0872637 
0.0104491 -0.0187966 0.00139521 -0.00158974 -0.0187966 0.0907796 -0.00159536 0.00391882 0.00139521 -0.00159536 0.00922939 -0.0173668 -0.00158974 0.00391882 -0.0173668 0.0873019 
0.0104734 -0.0187795 0.00137439 -0.00164716 -0.0187795 0.0907447 -0.00164076 0.00401023 0.00137439 -0.00164076 0.0092053 -0.0174193 -0.00164716 0.00401023 -0.0174193 0.0874138 
0.0105234 -0.0188085 0.00130752 -0.00160397 -0.0188085 0.0907677 -0.00159516 0.0039625 0.00130752 -0.00159516 0.00913799 -0.0173856 -0.00160397 0.0039625 -0.0173856 0.087407 
0.0105352 -0.0188594 0.00127514 -0.00150783 -0.0188594 0.0908475 -0.001508 0.00377743 0.00127514 -0.001508 0.00910363 -0.0173079 -0.00150783 0.00377743 -0.0173079 0.0872747 
0.0105368 -0.0188824 0.00128992 -0.00148861 -0.0188824 0.0909392 -0.00149309 0.00369167 0.00128992 -0.00149309 0.00910499 -0.0172561 -0.00148861 0.00369167 -0.0172561 0.0871176 
0.0105182 -0.0188795 0.00125336 -0.00148547 -0.0188795 0.0909559 -0.00148764 0.00363292 0.00125336 -0.00148764 0.00912582 -0.0172438 -0.00148547 0.00363292 -0.0172438 0.0870107 
0.0105089 -0.0188874 0.00120427 -0.00145907 -0.0188874 0.0910078 -0.00145488 0.00359255 0.00120427 -0.00145488 0.00913207 -0.0172499 -0.00145907 0.00359255 -0.0172499 0.0869664 
0.0104901 -0.0188689 0.00119071 -0.00141165 -0.0188689 0.0909941 -0.00140099 0.00350312 0.00119071 -0.00140099 0.00913218 -0.0172718 -0.00141165 0.00350312 -0.0172718 0.0870084 
0.0104836 -0.0188473 0.00119747 -0.00141777 -0.0188473 0.09096 -0.001403 0.00349037 0.00119747 -0.001403 0.00913949 -0.0172811 -0.00141777 0.00349037 -0.0172811 0.0870618 
0.0104726 -0.0188256 0.00121445 -0.00141853 -0.0188256 0.0908951 -0.00140777 0.00348733 0.00121445 -0.00140777 0.00914779 -0.0172871 -0.00141853 0.00348733 -0.0172871 0.0870767 
0.010442 -0.0187868 0.00120579 -0.00143065 -0.0187868 0.090776 -0.0014284 0.00351114 0.00120579 -0.0014284 0.00917388 -0.0173143 -0.00143065 0.00351114 -0.0173143 0.0871415 
0.0103978 -0.0187587 0.00118965 -0.0014124 -0.0187587 0.0906937 -0.00141642 0.00349668 0.00118965 -0.00141642 0.00920149 -0.0173313 -0.0014124 0.00349668 -0.0173313 0.0871741 
0.0103679 -0.0187077 0.00116626 -0.00138036 -0.0187077 0.0905843 -0.0013831 0.00341972 0.00116626 -0.0013831 0.00920409 -0.0173519 -0.00138036 0.00341972 -0.0173519 0.0871987 
0.0103812 -0.0186946 0.0011377 -0.00134838 -0.0186946 0.0905422 -0.0013468 0.00332753 0.0011377 -0.0013468 0.00917649 -0.0173212 -0.00134838 0.00332753 -0.0173212 0.0871212 
0.0104062 -0.0187232 0.00109295 -0.0013111 -0.0187232 0.0905861 -0.00131103 0.00323306 0.00109295 -0.00131103 0.00915377 -0.0172662 -0.0013111 0.00323306 -0.0172662 0.0869724 
0.0104002 -0.018722 0.00107331 -0.00126221 -0.018722 0.0905683 -0.00126732 0.00313449 0.00107331 -0.00126732 0.00917511 -0.0172703 -0.00126221 0.00313449 -0.0172703 0.0869523 
0.0103806 -0.0187148 0.00105856 -0.00124184 -0.0187148 0.090553 -0.00124837 0.00306662 0.00105856 -0.00124837 0.00920519 -0.017304 -0.00124184 0.00306662 -0.017304 0.0870128 
0.0103429 -0.0186764 0.00105445 -0.00121037 -0.0186764 0.0904683 -0.00121633 0.00297687 0.00105445 -0.00121633 0.00921193 -0.0173584 -0.00121037 0.00297687 -0.0173584 0.0871467 
0.0102716 -0.0186174 0.00105846 -0.00121881 -0.0186174 0.0903285 -0.00122356 0.00296812 0.00105846 -0.00122356 0.00924444 -0.0173892 -0.00121881 0.00296812 -0.0173892 0.0872905 
0.0102226 -0.0185367 0.00101513 -0.00123305 -0.0185367 0.090153 -0.00123367 0.00299739 0.00101513 -0.00123367 0.00927564 -0.017419 -0.00123305 0.00299739 -0.017419 0.087388 
0.0102345 -0.0185159 0.000989355 -0.00119112 -0.0185159 0.0900909 -0.00119093 0.00295915 0.000989355 -0.00119093 0.00926873 -0.0174118 -0.00119112 0.00295915 -0.0174118 0.0873615 
0.0102475 -0.0184994 0.000973205 -0.00114569 -0.0184994 0.0900039 -0.00114675 0.00284665 0.000973205 -0.00114675 0.00924251 -0.0174168 -0.00114569 0.00284665 -0.0174168 0.0873643 
0.0103016 -0.0185601 0.000943077 -0.00114277 -0.0185601 0.0901237 -0.00114506 0.00281934 0.000943077 -0.00114506 0.00920425 -0.0173565 -0.00114277 0.00281934 -0.0173565 0.0872504 
