0.00906005 0 0.000195023 0 0 0.01 0 0 0.000195023 0 0.00519244 0 0 0 0 0.01 
0.0124278 -0.0153886 0.000236005 -0.00028946 -0.0153886 0.0386809 -0.00028946 0.000555052 0.000236005 -0.00028946 0.00770705 -0.00961222 -0.00028946 0.000555052 -0.00961222 0.0276054 
0.0121373 -0.0221368 0.000162773 -0.000308746 -0.0221368 0.079756 -0.000308746 0.00097373 0.000162773 -0.000308746 0.0080372 -0.0155745 -0.000308746 0.00097373 -0.0155745 0.0591105 
0.0115116 -0.0210007 8.14842e-05 -0.000144373 -0.0210007 0.0914117 -0.000146802 0.000538809 8.14842e-05 -0.000146802 0.00759542 -0.0162103 -0.000144373 0.000538809 -0.0162103 0.075552 
0.0116871 -0.020254 0.000110947 -8.97785e-05 -0.020254 0.0929479 -9.56514e-05 0.000282001 0.000110947 -9.56514e-05 0.00742789 -0.0157858 -8.97785e-05 0.000282001 -0.0157858 0.0812585 
0.011983 -0.0204327 0.000105875 -0.000122401 -0.0204327 0.0939731 -0.000121006 0.000240268 0.000105875 -0.000121006 0.00745341 -0.0154875 -0.000122401 0.000240268 -0.0154875 0.082538 
0.0121228 -0.020719 0.000118587 -0.000109158 -0.020719 0.0950588 -0.000104248 0.000232562 0.000118587 -0.000104248 0.00754426 -0.0154065 -0.000109158 0.000232562 -0.0154065 0.0826351 
0.0121304 -0.0208108 0.00011916 -0.000107286 -0.0208108 0.0956213 -0.000106997 0.000207444 0.00011916 -0.000106997 0.00762619 -0.0154559 -0.000107286 0.000207444 -0.0154559 0.0826381 
0.0120821 -0.0207506 0.000126561 -0.000157389 -0.0207506 0.0956287 -0.000160518 0.000343043 0.000126561 -0.000160518 0.00768825 -0.0155537 -0.000157389 0.000343043 -0.0155537 0.0827877 
0.0120275 -0.020681 0.000153803 -0.000199306 -0.020681 0.095466 -0.000205101 0.000504172 0.000153803 -0.000205101 0.00774455 -0.0156219 -0.000199306 0.000504172 -0.0156219 0.0829549 
0.0119993 -0.0206445 0.000163329 -0.000189321 -0.0206445 0.0953654 -0.00019123 0.00049488 0.000163329 -0.00019123 0.00779641 -0.0156762 -0.000189321 0.00049488 -0.0156762 0.0830927 
0.011969 -0.0205984 0.00016099 -0.000211512 -0.0205984 0.0952326 -0.000204962 0.00052138 0.00016099 -0.000204962 0.00782378 -0.0157551 -0.000211512 0.00052138 -0.0157551 0.0832889 
0.0119401 -0.0205833 0.000168673 -0.000207551 -0.0205833 0.0951882 -0.000202464 0.000528681 0.000168673 -0.000202464 0.00784658 -0.0157842 -0.000207551 0.000528681 -0.0157842 0.0834154 
0.0119268 -0.0205708 0.000159776 -0.00023614 -0.0205708 0.0951902 -0.000234679 0.000600703 0.000159776 -0.000234679 0.00785579 -0.0158001 -0.00023614 0.000600703 -0.0158001 0.0834744 
0.0119303 -0.0205597 0.000111663 -0.000193802 -0.0205597 0.0951821 -0.000197315 0.000535144 0.000111663 -0.000197315 0.00784569 -0.0158088 -0.000193802 0.000535144 -0.0158088 0.0835067 
0.0119055 -0.0205304 6.84356e-05 -9.04839e-05 -0.0205304 0.0950908 -9.69994e-05 0.000296581 6.84356e-05 -9.69994e-05 0.00784465 -0.0158174 -9.04839e-05 0.000296581 -0.0158174 0.0835525 
0.011902 -0.0204996 6.56253e-05 -3.32726e-05 -0.0204996 0.0950097 -4.0573e-05 9.89329e-05 6.56253e-05 -4.0573e-05 0.00782759 -0.0158098 -3.32726e-05 9.89329e-05 -0.0158098 0.083548 
0.0118842 -0.0205175 6.4395e-05 -4.36143e-05 -0.0205175 0.0950317 -5.21682e-05 5.60303e-05 6.4395e-05 -5.21682e-05 0.00782884 -0.0157646 -4.36143e-05 5.60303e-05 -0.0157646 0.0834474 
0.0118574 -0.0205489 7.52015e-05 -8.23703e-05 -0.0205489 0.0951679 -8.97113e-05 0.000154707 7.52015e-05 -8.97113e-05 0.00787249 -0.0157229 -8.23703e-05 0.000154707 -0.0157229 0.0832932 
0.0118356 -0.0204932 0.00012915 -0.000134017 -0.0204932 0.0951063 -0.000134502 0.000309913 0.00012915 -0.000134502 0.00791048 -0.0157883 -0.000134017 0.000309913 -0.0157883 0.0833403 
0.0118244 -0.020446 0.000136471 -0.000168524 -0.020446 0.0949666 -0.000156398 0.000377345 0.000136471 -0.000156398 0.00793603 -0.0158587 -0.000168524 0.000377345 -0.0158587 0.0835137 
0.011835 -0.0204637 0.00013509 -0.000174912 -0.0204637 0.0949838 -0.000157396 0.000407303 0.00013509 -0.000157396 0.00795898 -0.0158794 -0.000174912 0.000407303 -0.0158794 0.0836127 
0.011793 -0.0204349 0.000151329 -0.000210772 -0.0204349 0.0948989 -0.00019643 0.000512342 0.000151329 -0.00019643 0.00798957 -0.0159403 -0.000210772 0.000512342 -0.0159403 0.0837693 
0.011787 -0.0204082 0.000174729 -0.000199638 -0.0204082 0.0948579 -0.000193826 0.000516351 0.000174729 -0.000193826 0.00799317 -0.015971 -0.000199638 0.000516351 -0.015971 0.0838832 
0.0118047 -0.0203984 0.000200176 -0.00020851 -0.0203984 0.0948194 -0.000208013 0.000516596 0.000200176 -0.000208013 0.00797541 -0.0159783 -0.00020851 0.000516596 -0.0159783 0.0839438 
0.0118035 -0.0204086 0.000215712 -0.000248617 -0.0204086 0.094808 -0.000251526 0.000594948 0.000215712 -0.000251526 0.00796246 -0.0159618 -0.000248617 0.000594948 -0.0159618 0.0839415 
0.0118031 -0.020411 0.000202735 -0.000233616 -0.020411 0.0948168 -0.000241428 0.000574967 0.000202735 -0.000241428 0.00794879 -0.0159385 -0.000233616 0.000574967 -0.0159385 0.0838901 
0.0118049 -0.0204236 0.000185562 -0.000243152 -0.0204236 0.0948585 -0.000255903 0.00061158 0.000185562 -0.000255903 0.00794565 -0.0159081 -0.000243152 0.00061158 -0.0159081 0.0838066 
0.0117907 -0.0204232 0.000181744 -0.000218535 -0.0204232 0.0948692 -0.00023283 0.000586878 0.000181744 -0.00023283 0.00796067 -0.0159032 -0.000218535 0.000586878 -0.0159032 0.0837604 
0.0117327 -0.0203918 0.000206685 -0.000231706 -0.0203918 0.0948029 -0.000241726 0.000604326 0.000206685 -0.000241726 0.00800813 -0.01593 -0.000231706 0.000604326 -0.01593 0.0837959 
0.0116785 -0.0203247 0.000185449 -0.000232439 -0.0203247 0.0946734 -0.000234926 0.00057491 0.000185449 -0.000234926 0.00805676 -0.0159844 -0.000232439 0.00057491 -0.0159844 0.0838987 
0.0116846 -0.0202691 0.00017474 -0.000221374 -0.0202691 0.0945426 -0.000218726 0.000561537 0.00017474 -0.000218726 0.00807476 -0.0160374 -0.000221374 0.000561537 -0.0160374 0.0840238 
0.0117014 -0.0202531 0.000118725 -0.000176045 -0.0202531 0.0944278 -0.000169852 0.000440389 0.000118725 -0.000169852 0.00805993 -0.0160777 -0.000176045 0.000440389 -0.0160777 0.0841573 
0.0117182 -0.0202572 8.28187e-05 -0.000107826 -0.0202572 0.0943729 -0.000102714 0.000284237 8.28187e-05 -0.000102714 0.00802447 -0.0160749 -0.000107826 0.000284237 -0.0160749 0.084221 
0.0117112 -0.0203 9.80648e-05 -9.29128e-05 -0.0203 0.0944564 -8.9829e-05 0.000226068 9.80648e-05 -8.9829e-05 0.0080287 -0.0160135 -9.29128e-05 0.000226068 -0.0160135 0.0841258 
0.0117038 -0.0202775 8.35213e-05 -0.000108158 -0.0202775 0.0944408 -0.000103581 0.000227141 8.35213e-05 -0.000103581 0.00801677 -0.0160201 -0.000108158 0.000227141 -0.0160201 0.0840819 
0.0116883 -0.0202612 0.000106805 -9.90765e-05 -0.0202612 0.0943918 -9.78118e-05 0.00023648 0.000106805 -9.78118e-05 0.00801557 -0.0160046 -9.90765e-05 0.00023648 -0.0160046 0.0840475 
0.01169 -0.0202624 0.000149834 -0.000144727 -0.0202624 0.0944022 -0.000148024 0.000332586 0.000149834 -0.000148024 0.00800448 -0.0159827 -0.000144727 0.000332586 -0.0159827 0.0839718 
0.0117073 -0.0202883 0.000170987 -0.000202814 -0.0202883 0.0944829 -0.000203776 0.000469856 0.000170987 -0.000203776 0.00799515 -0.0159476 -0.000202814 0.000469856 -0.0159476 0.0838625 
0.0117092 -0.0202968 0.000182978 -0.000221132 -0.0202968 0.0945129 -0.000220919 0.000546987 0.000182978 -0.000220919 0.00798865 -0.0159429 -0.000221132 0.000546987 -0.0159429 0.0838138 
0.0117054 -0.0203071 0.000188215 -0.000237065 -0.0203071 0.0945537 -0.000236823 0.000596855 0.000188215 -0.000236823 0.00800382 -0.0159322 -0.000237065 0.000596855 -0.0159322 0.0837787 
0.0116986 -0.0203055 0.000144225 -0.000229188 -0.0203055 0.0945701 -0.000224261 0.000581101 0.000144225 -0.000224261 0.00802251 -0.0159512 -0.000229188 0.000581101 -0.0159512 0.0837963 
0.0117334 -0.0202978 0.000117467 -0.000165865 -0.0202978 0.0945615 -0.000160121 0.000463526 0.000117467 -0.000160121 0.00800636 -0.0159818 -0.000165865 0.000463526 -0.0159818 0.0838671 
0.0117512 -0.0203413 7.40667e-05 -0.000113532 -0.0203413 0.0946249 -0.000112369 0.000309305 7.40667e-05 -0.000112369 0.00799078 -0.0159685 -0.000113532 0.000309305 -0.0159685 0.0838893 
0.0117669 -0.020383 8.39753e-05 -8.89724e-05 -0.020383 0.0947544 -9.43619e-05 0.000250563 8.39753e-05 -9.43619e-05 0.00798731 -0.0159402 -8.89724e-05 0.000250563 -0.0159402 0.0838389 
0.0118148 -0.0204183 0.000175103 -0.000155545 -0.0204183 0.0948822 -0.000159622 0.000387431 0.000175103 -0.000159622 0.00798226 -0.0159273 -0.000155545 0.000387431 -0.0159273 0.083787 
0.0118226 -0.0204476 0.000207917 -0.000231801 -0.0204476 0.0949336 -0.000228191 0.000521947 0.000207917 -0.000228191 0.0079883 -0.0159504 -0.000231801 0.000521947 -0.0159504 0.0838342 
0.0118297 -0.0204296 0.0002226 -0.000264985 -0.0204296 0.0948935 -0.000260655 0.000631069 0.0002226 -0.000260655 0.00796725 -0.0159872 -0.000264985 0.000631069 -0.0159872 0.083948 
0.0118609 -0.0204657 0.000245227 -0.000250055 -0.0204657 0.0949655 -0.000252695 0.000616854 0.000245227 -0.000252695 0.00792792 -0.015946 -0.000250055 0.000616854 -0.015946 0.0839231 
0.0118938 -0.0205171 0.000250282 -0.000278006 -0.0205171 0.0950956 -0.000283359 0.000653675 0.000250282 -0.000283359 0.00789876 -0.0158865 -0.000278006 0.000653675 -0.0158865 0.0838 
0.0118893 -0.0205401 0.000264342 -0.0003191 -0.0205401 0.0951598 -0.000324115 0.000778971 0.000264342 -0.000324115 0.00790588 -0.0158607 -0.0003191 0.000778971 -0.0158607 0.0837147 
0.0118881 -0.0205026 0.000241676 -0.00033679 -0.0205026 0.095082 -0.000340622 0.00085283 0.000241676 -0.000340622 0.00789234 -0.0158871 -0.00033679 0.00085283 -0.0158871 0.0837396 
0.0119327 -0.02052 0.000242891 -0.000263068 -0.02052 0.0950931 -0.000268717 0.000713939 0.000242891 -0.000268717 0.00786143 -0.0158554 -0.000263068 0.000713939 -0.0158554 0.0836958 
0.0119378 -0.0205402 0.000239361 -0.000244104 -0.0205402 0.0950824 -0.000247156 0.000586792 0.000239361 -0.000247156 0.00784549 -0.0158357 -0.000244104 0.000586792 -0.0158357 0.0836544 
0.0119086 -0.0205286 0.000251228 -0.000288898 -0.0205286 0.0950425 -0.000285534 0.000662835 0.000251228 -0.000285534 0.00783011 -0.0158264 -0.000288898 0.000662835 -0.0158264 0.0836298 
0.0118938 -0.020504 0.000253682 -0.000290116 -0.020504 0.0950003 -0.000285235 0.000688088 0.000253682 -0.000285235 0.00780613 -0.0157919 -0.000290116 0.000688088 -0.0157919 0.0835516 
0.0118859 -0.0205133 0.000257407 -0.000305247 -0.0205133 0.0950297 -0.000305812 0.000739087 0.000257407 -0.000305812 0.00781638 -0.0157296 -0.000305247 0.000739087 -0.0157296 0.0833857 
0.0118839 -0.0205028 0.000302983 -0.000333024 -0.0205028 0.0950265 -0.00034006 0.000834857 0.000302983 -0.00034006 0.00782044 -0.0157331 -0.000333024 0.000834857 -0.0157331 0.0833032 
0.0118767 -0.0205362 0.000322842 -0.000390145 -0.0205362 0.0951225 -0.00039277 0.000961143 0.000322842 -0.00039277 0.00785829 -0.0157186 -0.000390145 0.000961143 -0.0157186 0.0832413 
0.0118464 -0.0205286 0.000336918 -0.000426408 -0.0205286 0.0951569 -0.000423575 0.00107533 0.000336918 -0.000423575 0.0079295 -0.0157728 -0.000426408 0.00107533 -0.0157728 0.0833073 
0.0118363 -0.020475 0.000354975 -0.000404685 -0.020475 0.0950592 -0.000402914 0.00104284 0.000354975 -0.000402914 0.00796121 -0.015884 -0.000404685 0.00104284 -0.015884 0.0835455 
0.0118505 -0.020449 0.000399185 -0.00041186 -0.020449 0.0949561 -0.000411809 0.00101687 0.000399185 -0.000411809 0.00794981 -0.0159461 -0.00041186 0.00101687 -0.0159461 0.0837791 
0.0118167 -0.0204355 0.000436657 -0.000469148 -0.0204355 0.0948587 -0.000467727 0.00109987 0.000436657 -0.000467727 0.00794483 -0.0159572 -0.000469148 0.00109987 -0.0159572 0.0839091 
0.0118074 -0.0204416 0.000467588 -0.000534171 -0.0204416 0.0949027 -0.000526979 0.00125767 0.000467588 -0.000526979 0.00794483 -0.0159168 -0.000534171 0.00125767 -0.0159168 0.0838545 
0.0118546 -0.020448 0.000450034 -0.000551848 -0.020448 0.0949493 -0.000543071 0.00132323 0.000450034 -0.000543071 0.00790814 -0.0158933 -0.000551848 0.00132323 -0.0158933 0.0837631 
0.0119076 -0.020504 0.000386398 -0.000528924 -0.020504 0.0950481 -0.000522844 0.00131627 0.000386398 -0.000522844 0.0078918 -0.0158454 -0.000528924 0.00131627 -0.0158454 0.0836511 
0.0119251 -0.020564 0.000356084 -0.000450651 -0.020564 0.0951809 -0.000453357 0.00119136 0.000356084 -0.000453357 0.00790635 -0.0158364 -0.000450651 0.00119136 -0.0158364 0.0835961 
0.0118881 -0.0205401 0.000322563 -0.000381239 -0.0205401 0.0951392 -0.000387974 0.000991282 0.000322563 -0.000387974 0.00792288 -0.0158899 -0.000381239 0.000991282 -0.0158899 0.083695 
0.011855 -0.0204932 0.000334659 -0.00032911 -0.0204932 0.0950426 -0.00034006 0.00082543 0.000334659 -0.00034006 0.00791629 -0.0159131 -0.00032911 0.00082543 -0.0159131 0.083786 
0.0118404 -0.020467 0.000343397 -0.000360855 -0.020467 0.0949753 -0.00037145 0.000833221 0.000343397 -0.00037145 0.00790911 -0.0158886 -0.000360855 0.000833221 -0.0158886 0.083767 
0.0118338 -0.0204558 0.000364806 -0.000404529 -0.0204558 0.0949404 -0.000413287 0.000955067 0.000364806 -0.000413287 0.00791958 -0.0158659 -0.000404529 0.000955067 -0.0158659 0.0837008 
0.0118053 -0.0204233 0.000386908 -0.000454942 -0.0204233 0.0948437 -0.000463646 0.00110908 0.000386908 -0.000463646 0.00794942 -0.0158916 -0.000454942 0.00110908 -0.0158916 0.0837213 
0.0117931 -0.0204099 0.000414306 -0.000468919 -0.0204099 0.0948127 -0.000477886 0.00117427 0.000414306 -0.000477886 0.00796151 -0.0159157 -0.000468919 0.00117427 -0.0159157 0.0837604 
0.0118175 -0.0204051 0.000430388 -0.00047064 -0.0204051 0.0948074 -0.00047341 0.00115569 0.000430388 -0.00047341 0.00793757 -0.0159238 -0.00047064 0.00115569 -0.0159238 0.0837853 
0.0118008 -0.0204419 0.000432986 -0.000512725 -0.0204419 0.0948719 -0.000506184 0.00122932 0.000432986 -0.000506184 0.00796455 -0.0158918 -0.000512725 0.00122932 -0.0158918 0.0837432 
0.011747 -0.0204196 0.000462187 -0.000524339 -0.0204196 0.0948711 -0.000515622 0.00128756 0.000462187 -0.000515622 0.0080246 -0.0159252 -0.000524339 0.00128756 -0.0159252 0.0837678 
0.0117144 -0.0203517 0.000457473 -0.000539987 -0.0203517 0.0947525 -0.000530707 0.00130865 0.000457473 -0.000530707 0.00807119 -0.0159997 -0.000539987 0.00130865 -0.0159997 0.0839038 
0.0117483 -0.0203165 0.000405044 -0.000506421 -0.0203165 0.0946463 -0.000498117 0.00123849 0.000405044 -0.000498117 0.00805034 -0.0160542 -0.000506421 0.00123849 -0.0160542 0.0840489 
0.0117703 -0.0203008 0.000379586 -0.000456469 -0.0203008 0.0945063 -0.00045737 0.00115207 0.000379586 -0.00045737 0.00799132 -0.016074 -0.000456469 0.00115207 -0.016074 0.0841838 
0.011754 -0.0203604 0.000394861 -0.000436246 -0.0203604 0.0945994 -0.000445553 0.00110439 0.000394861 -0.000445553 0.00797285 -0.0159804 -0.000436246 0.00110439 -0.0159804 0.0840645 
0.011734 -0.0203838 0.000402063 -0.000453789 -0.0203838 0.0947452 -0.00045901 0.00110813 0.000402063 -0.00045901 0.00799551 -0.0159164 -0.000453789 0.00110813 -0.0159164 0.0838543 
0.0116993 -0.0203264 0.000415036 -0.000493606 -0.0203264 0.0946614 -0.000493196 0.00120649 0.000415036 -0.000493196 0.00802572 -0.015959 -0.000493606 0.00120649 -0.015959 0.0838494 
0.0116967 -0.0202987 0.000372668 -0.000460917 -0.0202987 0.0945923 -0.000458597 0.00114064 0.000372668 -0.000458597 0.00802916 -0.0159808 -0.000460917 0.00114064 -0.0159808 0.0838804 
0.0116787 -0.0202942 0.00035136 -0.000392353 -0.0202942 0.0945554 -0.000397215 0.000989531 0.00035136 -0.000397215 0.00805128 -0.0159865 -0.000392353 0.000989531 -0.0159865 0.0839048 
0.0116728 -0.0202624 0.000370736 -0.000392077 -0.0202624 0.0944845 -0.000401395 0.00095479 0.000370736 -0.000401395 0.00806266 -0.0160247 -0.000392077 0.00095479 -0.0160247 0.0839843 
0.011669 -0.0202346 0.00039607 -0.000434562 -0.0202346 0.0943819 -0.000442155 0.00103593 0.00039607 -0.000442155 0.00805559 -0.0160561 -0.000434562 0.00103593 -0.0160561 0.084088 
0.0116568 -0.0202549 0.000402062 -0.000456608 -0.0202549 0.0944071 -0.000460333 0.00109592 0.000402062 -0.000460333 0.00807395 -0.0160298 -0.000456608 0.00109592 -0.0160298 0.0840727 
0.0116579 -0.0202196 0.000389507 -0.000458045 -0.0202196 0.0943388 -0.000461139 0.0011157 0.000389507 -0.000461139 0.00806239 -0.0160616 -0.000458045 0.0011157 -0.0160616 0.0841133 
0.0116696 -0.0202446 0.00043508 -0.000462866 -0.0202446 0.0943754 -0.000468065 0.00115462 0.00043508 -0.000468065 0.00805156 -0.0160357 -0.000462866 0.00115462 -0.0160357 0.0840891 
0.0116811 -0.0202764 0.000444176 -0.000510989 -0.0202764 0.0944708 -0.00051085 0.00122474 0.000444176 -0.00051085 0.00805661 -0.0160094 -0.000510989 0.00122474 -0.0160094 0.0840178 
0.0117225 -0.0202718 0.000450119 -0.000523724 -0.0202718 0.0944779 -0.000516334 0.00127376 0.000450119 -0.000516334 0.00800466 -0.0160291 -0.000523724 0.00127376 -0.0160291 0.0840309 
0.0117712 -0.0203348 0.000443563 -0.000535338 -0.0203348 0.0945928 -0.000526731 0.00130607 0.000443563 -0.000526731 0.00796396 -0.0159636 -0.000535338 0.00130607 -0.0159636 0.0839452 
0.0117871 -0.0203965 0.000474493 -0.00054354 -0.0203965 0.0947476 -0.000537968 0.00135354 0.000474493 -0.000537968 0.00797171 -0.0159116 -0.00054354 0.00135354 -0.0159116 0.083812 
0.0117599 -0.0203885 0.000462353 -0.000552615 -0.0203885 0.0947585 -0.000549739 0.00135471 0.000462353 -0.000549739 0.00799392 -0.0159367 -0.000552615 0.00135471 -0.0159367 0.0838079 
0.0117305 -0.0203478 0.000432593 -0.00053044 -0.0203478 0.0946805 -0.000530432 0.00132209 0.000432593 -0.000530432 0.00801244 -0.0159691 -0.00053044 0.00132209 -0.0159691 0.0838767 
0.0117038 -0.0203128 0.000409374 -0.000485662 -0.0203128 0.0945868 -0.000488894 0.00123494 0.000409374 -0.000488894 0.00802569 -0.0159855 -0.000485662 0.00123494 -0.0159855 0.0839254 
0.011705 -0.020278 0.000381812 -0.00045043 -0.020278 0.0944904 -0.000453812 0.00112951 0.000381812 -0.000453812 0.00801789 -0.0160011 -0.00045043 0.00112951 -0.0160011 0.0839669 
0.0117174 -0.0202673 0.00038287 -0.000418895 -0.0202673 0.0944167 -0.000415506 0.0010322 0.00038287 -0.000415506 0.00798398 -0.0159966 -0.000418895 0.0010322 -0.0159966 0.083981 
0.0117509 -0.0203116 0.000359956 -0.000430801 -0.0203116 0.0945002 -0.000419252 0.00101219 0.000359956 -0.000419252 0.00794711 -0.015934 -0.000430801 0.00101219 -0.015934 0.083866 
0.0117606 -0.020346 0.000316393 -0.000417856 -0.020346 0.0945869 -0.000406279 0.00100651 0.000316393 -0.000406279 0.00794325 -0.0158892 -0.000417856 0.00100651 -0.0158892 0.0837396 
0.0117521 -0.0203829 0.000276577 -0.000341018 -0.0203829 0.0947131 -0.000338557 0.000866003 0.000276577 -0.000338557 0.0079778 -0.0158665 -0.000341018 0.000866003 -0.0158665 0.0836331 
0.0117681 -0.0203807 0.00030548 -0.000313038 -0.0203807 0.094771 -0.000317224 0.000791187 0.00030548 -0.000317224 0.00800364 -0.0159119 -0.000313038 0.000791187 -0.0159119 0.0836723 
0.0117912 -0.0203982 0.000374431 -0.000371906 -0.0203982 0.0948102 -0.000372883 0.000876887 0.000374431 -0.000372883 0.00802882 -0.015963 -0.000371906 0.000876887 -0.015963 0.0838054 
0.0117654 -0.0203766 0.000438253 -0.00046782 -0.0203766 0.0947297 -0.000466867 0.00108356 0.000438253 -0.000466867 0.00806255 -0.0160442 -0.00046782 0.00108356 -0.0160442 0.0840406 
0.011759 -0.0203547 0.00045298 -0.000545613 -0.0203547 0.0946792 -0.000545934 0.00129691 0.00045298 -0.000545934 0.00805978 -0.0160917 -0.000545613 0.00129691 -0.0160917 0.0842229 
0.0117745 -0.0203578 0.000437125 -0.000528195 -0.0203578 0.0946755 -0.000535504 0.00132445 0.000437125 -0.000535504 0.00803134 -0.0160786 -0.000528195 0.00132445 -0.0160786 0.084265 
0.011792 -0.0203845 0.000439338 -0.000487894 -0.0203845 0.094728 -0.000501493 0.00124327 0.000439338 -0.000501493 0.00801666 -0.0160311 -0.000487894 0.00124327 -0.0160311 0.0841839 
0.0118154 -0.0203701 0.000482178 -0.000518771 -0.0203701 0.09468 -0.000530813 0.00128629 0.000482178 -0.000530813 0.00797059 -0.0160296 -0.000518771 0.00128629 -0.0160296 0.0841524 
0.0117958 -0.0204143 0.000519625 -0.000579679 -0.0204143 0.09475 -0.000587751 0.0014095 0.000519625 -0.000587751 0.00798577 -0.0159597 -0.000579679 0.0014095 -0.0159597 0.0840204 
0.0117457 -0.0204068 0.000534627 -0.000595528 -0.0204068 0.0947946 -0.000598245 0.00145148 0.000534627 -0.000598245 0.00802886 -0.0159539 -0.000595528 0.00145148 -0.0159539 0.0839144 
0.0117165 -0.0203556 0.000533035 -0.00062192 -0.0203556 0.0947379 -0.00061995 0.00150934 0.000533035 -0.00061995 0.00804773 -0.0160002 -0.00062192 0.00150934 -0.0160002 0.0839495 
0.0117185 -0.0203068 0.00052143 -0.000606367 -0.0203068 0.0946142 -0.00060679 0.0014941 0.00052143 -0.00060679 0.00803689 -0.0160314 -0.000606367 0.0014941 -0.0160314 0.0840329 
0.0117352 -0.020321 0.000481607 -0.000602766 -0.020321 0.0946033 -0.000600505 0.0014823 0.000481607 -0.000600505 0.00802665 -0.0160122 -0.000602766 0.0014823 -0.0160122 0.0840298 
0.0117539 -0.0203369 0.000449511 -0.00055019 -0.0203369 0.0946263 -0.000542839 0.0013886 0.000449511 -0.000542839 0.00799498 -0.0159979 -0.00055019 0.0013886 -0.0159979 0.0839927 
0.0117164 -0.0203463 0.000411193 -0.000487127 -0.0203463 0.0946363 -0.000476551 0.00121344 0.000411193 -0.000476551 0.00800349 -0.0159621 -0.000487127 0.00121344 -0.0159621 0.0839208 
0.0117066 -0.0203126 0.000364512 -0.000440533 -0.0203126 0.0946074 -0.000427988 0.00107033 0.000364512 -0.000427988 0.00799629 -0.0159565 -0.000440533 0.00107033 -0.0159565 0.0838606 
0.0117322 -0.0203119 0.000335339 -0.000417794 -0.0203119 0.0945985 -0.000409018 0.00102163 0.000335339 -0.000409018 0.00798092 -0.0159408 -0.000417794 0.00102163 -0.0159408 0.0838176 
0.0116976 -0.0203155 0.0003557 -0.000402989 -0.0203155 0.094563 -0.00040073 0.00101032 0.0003557 -0.00040073 0.00800786 -0.0159423 -0.000402989 0.00101032 -0.0159423 0.083824 
0.0116714 -0.0202455 0.000372813 -0.000388357 -0.0202455 0.0944087 -0.000387554 0.000939689 0.000372813 -0.000387554 0.0080031 -0.0159884 -0.000388357 0.000939689 -0.0159884 0.0839065 
0.0116574 -0.0202401 0.000374042 -0.000432654 -0.0202401 0.0943636 -0.000428967 0.00100875 0.000374042 -0.000428967 0.0080004 -0.0159611 -0.000432654 0.00100875 -0.0159611 0.0838871 
0.0116098 -0.0202013 0.000365325 -0.000445431 -0.0202013 0.0942622 -0.000445781 0.00108002 0.000365325 -0.000445781 0.00802737 -0.0159627 -0.000445431 0.00108002 -0.0159627 0.0838705 
0.0115571 -0.020163 0.000391864 -0.000446728 -0.020163 0.0941889 -0.000450004 0.00112396 0.000391864 -0.000450004 0.00808981 -0.0159742 -0.000446728 0.00112396 -0.0159742 0.0838602 
0.0115112 -0.0200954 0.000403615 -0.000470004 -0.0200954 0.0940446 -0.00047113 0.00115824 0.000403615 -0.00047113 0.00814484 -0.0160487 -0.000470004 0.00115824 -0.0160487 0.0839682 
0.0114804 -0.0200443 0.000361595 -0.000436447 -0.0200443 0.0939077 -0.000435603 0.00107154 0.000361595 -0.000435603 0.00818002 -0.0161095 -0.000436447 0.00107154 -0.0161095 0.0841086 
0.0114724 -0.0200222 0.000339818 -0.000390374 -0.0200222 0.0938438 -0.000394486 0.000972008 0.000339818 -0.000394486 0.00821991 -0.0161498 -0.000390374 0.000972008 -0.0161498 0.0842266 
0.0114616 -0.0199933 0.000319023 -0.000351117 -0.0199933 0.0937511 -0.000360187 0.000860999 0.000319023 -0.000360187 0.008233 -0.0162158 -0.000351117 0.000860999 -0.0162158 0.08439 
0.0114897 -0.0199852 0.000331696 -0.000375616 -0.0199852 0.0937151 -0.000383379 0.00090649 0.000331696 -0.000383379 0.00820683 -0.0162457 -0.000375616 0.00090649 -0.0162457 0.0845279 
0.0115027 -0.0200318 0.0003798 -0.000391392 -0.0200318 0.0937934 -0.000394863 0.000949862 0.0003798 -0.000394863 0.00817824 -0.0162102 -0.000391392 0.000949862 -0.0162102 0.0845218 
0.0115034 -0.0200465 0.000452655 -0.000478624 -0.0200465 0.0938604 -0.000470816 0.00111828 0.000452655 -0.000470816 0.00816233 -0.0161771 -0.000478624 0.00111828 -0.0161771 0.0844573 
0.0115137 -0.0200489 0.000501673 -0.000575659 -0.0200489 0.0938923 -0.000559273 0.00134588 0.000501673 -0.000559273 0.00816356 -0.0161484 -0.000575659 0.00134588 -0.0161484 0.0843733 
0.011483 -0.0200493 0.000501069 -0.00058539 -0.0200493 0.0938809 -0.00057307 0.00140495 0.000501069 -0.00057307 0.00819924 -0.0161435 -0.00058539 0.00140495 -0.0161435 0.0843186 
0.0114328 -0.0200217 0.000491023 -0.000576394 -0.0200217 0.0938462 -0.000572211 0.0014089 0.000491023 -0.000572211 0.0082438 -0.0161787 -0.000576394 0.0014089 -0.0161787 0.0843438 
0.0114021 -0.0199633 0.000512499 -0.000565735 -0.0199633 0.0937401 -0.000570985 0.00140638 0.000512499 -0.000570985 0.00826784 -0.0162323 -0.000565735 0.00140638 -0.0162323 0.084444 
0.0113599 -0.0199299 0.000497741 -0.000578479 -0.0199299 0.0936453 -0.000587766 0.00141006 0.000497741 -0.000587766 0.00830772 -0.0162594 -0.000578479 0.00141006 -0.0162594 0.08453 
0.0113565 -0.0198829 0.000460959 -0.000543855 -0.0198829 0.093546 -0.000553042 0.0013452 0.000460959 -0.000553042 0.00830744 -0.0163017 -0.000543855 0.0013452 -0.0163017 0.0846182 
0.0113259 -0.0198727 0.000439222 -0.000550255 -0.0198727 0.0934816 -0.000558325 0.00137803 0.000439222 -0.000558325 0.00834032 -0.0163159 -0.000550255 0.00137803 -0.0163159 0.0846984 
0.0112971 -0.0198286 0.000417645 -0.000494092 -0.0198286 0.0933857 -0.000503721 0.00127187 0.000417645 -0.000503721 0.00835255 -0.0163566 -0.000494092 0.00127187 -0.0163566 0.0847844 
0.0112633 -0.0198031 0.000406145 -0.000456351 -0.0198031 0.0933167 -0.000464832 0.0011488 0.000406145 -0.000464832 0.00839057 -0.0163644 -0.000456351 0.0011488 -0.0163644 0.0848315 
0.0112821 -0.0197596 0.000398816 -0.000436699 -0.0197596 0.0932176 -0.000440297 0.00105857 0.000398816 -0.000440297 0.00837878 -0.0164065 -0.000436699 0.00105857 -0.0164065 0.0849054 
0.0113311 -0.0197731 0.000407423 -0.000437691 -0.0197731 0.0931798 -0.000435487 0.00103529 0.000407423 -0.000435487 0.00833239 -0.0163986 -0.000437691 0.00103529 -0.0163986 0.0849362 
0.0113545 -0.0198226 0.000397214 -0.000464399 -0.0198226 0.093238 -0.000457528 0.00108282 0.000397214 -0.000457528 0.00830317 -0.0163518 -0.000464399 0.00108282 -0.0163518 0.0848771 
0.0114045 -0.0198682 0.000442089 -0.00049424 -0.0198682 0.0933676 -0.000487477 0.00120309 0.000442089 -0.000487477 0.00825478 -0.0163088 -0.00049424 0.00120309 -0.0163088 0.0847724 
0.0114285 -0.019921 0.000486088 -0.000560736 -0.019921 0.0934896 -0.000558572 0.0013643 0.000486088 -0.000558572 0.00822783 -0.0162597 -0.000560736 0.0013643 -0.0162597 0.0846653 
0.0114413 -0.0199742 0.000492627 -0.00055684 -0.0199742 0.0936579 -0.000562808 0.00137033 0.000492627 -0.000562808 0.00821088 -0.016205 -0.00055684 0.00137033 -0.016205 0.0845088 
0.0114517 -0.0200167 0.00053474 -0.000577146 -0.0200167 0.0938268 -0.000586683 0.00141994 0.00053474 -0.000586683 0.00820907 -0.0161665 -0.000577146 0.00141994 -0.0161665 0.0843696 
0.0114621 -0.0200076 0.000561408 -0.000634239 -0.0200076 0.0938459 -0.000638113 0.00153004 0.000561408 -0.000638113 0.00820221 -0.0161761 -0.000634239 0.00153004 -0.0161761 0.0843402 
0.0114655 -0.0200045 0.000566001 -0.0006392 -0.0200045 0.0938211 -0.000636367 0.00154546 0.000566001 -0.000636367 0.00819838 -0.0161728 -0.0006392 0.00154546 -0.0161728 0.0843342 
0.0114644 -0.0200061 0.000518617 -0.000620701 -0.0200061 0.0938063 -0.000612047 0.00148215 0.000518617 -0.000612047 0.0081872 -0.0161641 -0.000620701 0.00148215 -0.0161641 0.0843116 
0.0114526 -0.0200185 0.000476806 -0.00058455 -0.0200185 0.0938379 -0.000577639 0.0014264 0.000476806 -0.000577639 0.00820702 -0.0161429 -0.00058455 0.0014264 -0.0161429 0.0842639 
0.0114532 -0.0200104 0.000496719 -0.000571211 -0.0200104 0.0938465 -0.000574476 0.00143249 0.000496719 -0.000574476 0.00823179 -0.0161724 -0.000571211 0.00143249 -0.0161724 0.0842983 
