0.00612778 0 -0.000806735 0 0 0.01 0 0 -0.000806735 0 0.00868306 0 0 0 0 0.01 
0.00882592 -0.0110004 -0.00098687 0.00120736 -0.0110004 0.0302669 0.00120736 -0.00231562 -0.00098687 0.00120736 0.0120399 -0.014914 0.00120736 -0.00231562 -0.014914 0.0377713 
0.00899742 -0.0173653 -0.000795593 0.00133007 -0.0173653 0.064869 0.00133007 -0.00418274 -0.000795593 0.00133007 0.0119529 -0.0218768 0.00133007 -0.00418274 -0.0218768 0.0789555 
0.00845849 -0.0176122 -0.000742104 0.000923608 -0.0176122 0.0808167 0.00091666 -0.00312384 -0.000742104 0.00091666 0.0113014 -0.0208223 0.000923608 -0.00312384 -0.0208223 0.0909865 
0.00833808 -0.0168752 -0.000771018 0.000848507 -0.0168752 0.0847001 0.000837135 -0.0022195 -0.000771018 0.000837135 0.0113818 -0.0200584 0.000848507 -0.0022195 -0.0200584 0.0928189 
0.00848669 -0.0166348 -0.000839093 0.000915658 -0.0166348 0.0853969 0.000904434 -0.00211852 -0.000839093 0.000904434 0.0115651 -0.0201013 0.000915658 -0.00211852 -0.0201013 0.0936606 
0.00864664 -0.0167525 -0.00089159 0.00101339 -0.0167525 0.0858202 0.00100934 -0.0023498 -0.00089159 0.00100934 0.0116266 -0.0202151 0.00101339 -0.0023498 -0.0202151 0.0942597 
0.00876101 -0.0169132 -0.000882094 0.00104411 -0.0169132 0.086263 0.00104633 -0.00249163 -0.000882094 0.00104633 0.0115941 -0.0201986 0.00104411 -0.00249163 -0.0201986 0.094383 
0.008772 -0.0170241 -0.000842924 0.00102043 -0.0170241 0.0865681 0.00102601 -0.00249924 -0.000842924 0.00102601 0.0115409 -0.0200898 0.00102043 -0.00249924 -0.0200898 0.0941322 
0.008768 -0.0169995 -0.000813654 0.000975887 -0.0169995 0.0866221 0.000977739 -0.00242241 -0.000813654 0.000977739 0.0115409 -0.0200869 0.000975887 -0.00242241 -0.0200869 0.0940675 
0.0087852 -0.0169878 -0.000812172 0.000931019 -0.0169878 0.0865896 0.000928043 -0.00229451 -0.000812172 0.000928043 0.0115129 -0.0200866 0.000931019 -0.00229451 -0.0200866 0.0940377 
0.00876003 -0.0170052 -0.000846544 0.000933853 -0.0170052 0.0866016 0.000933591 -0.0022583 -0.000846544 0.000933591 0.0115058 -0.0200699 0.000933853 -0.0022583 -0.0200699 0.0940268 
0.00875924 -0.0169892 -0.000843074 0.000987042 -0.0169892 0.0866125 0.000991827 -0.00235415 -0.000843074 0.000991827 0.0114885 -0.0200529 0.000987042 -0.00235415 -0.0200529 0.0939847 
0.00875383 -0.0169646 -0.000785085 0.000990429 -0.0169646 0.0865429 0.00100154 -0.00242547 -0.000785085 0.00100154 0.0114918 -0.0200533 0.000990429 -0.00242547 -0.0200533 0.0939997 
0.00875279 -0.0169718 -0.000735223 0.00091492 -0.0169718 0.0865321 0.00092307 -0.00231744 -0.000735223 0.00092307 0.0114688 -0.0200204 0.00091492 -0.00231744 -0.0200204 0.0939093 
0.00876224 -0.0169489 -0.000702782 0.000843666 -0.0169489 0.08648 0.000842717 -0.00212158 -0.000702782 0.000842717 0.011453 -0.0200304 0.000843666 -0.00212158 -0.0200304 0.0939354 
0.00879007 -0.0169351 -0.000706628 0.000793574 -0.0169351 0.0864139 0.000790918 -0.00195049 -0.000706628 0.000790918 0.0114647 -0.0200551 0.000793574 -0.00195049 -0.0200551 0.0940391 
0.00883935 -0.0169862 -0.000723186 0.000807746 -0.0169862 0.0864842 0.00080729 -0.00192467 -0.000723186 0.00080729 0.0114545 -0.0200454 0.000807746 -0.00192467 -0.0200454 0.0940342 
0.00886002 -0.017082 -0.000703057 0.000834163 -0.017082 0.0867091 0.000833807 -0.00197708 -0.000703057 0.000833807 0.0114373 -0.0199921 0.000834163 -0.00197708 -0.0199921 0.093896 
0.00882053 -0.0171187 -0.000671981 0.000804786 -0.0171187 0.0868685 0.000804471 -0.00195008 -0.000671981 0.000804471 0.0114245 -0.0199431 0.000804786 -0.00195008 -0.0199431 0.0937273 
0.00878791 -0.0170585 -0.000637156 0.000771856 -0.0170585 0.0868328 0.000769776 -0.00188494 -0.000637156 0.000769776 0.0114375 -0.0199618 0.000771856 -0.00188494 -0.0199618 0.0937331 
0.0087905 -0.0169989 -0.000615557 0.000746749 -0.0169989 0.0866952 0.000742524 -0.0018358 -0.000615557 0.000742524 0.0114591 -0.0200098 0.000746749 -0.0018358 -0.0200098 0.0938601 
0.00881202 -0.0170194 -0.000625563 0.000726454 -0.0170194 0.0866817 0.000723665 -0.00179365 -0.000625563 0.000723665 0.0114543 -0.0200026 0.000726454 -0.00179365 -0.0200026 0.0938616 
0.00882334 -0.0170313 -0.000577451 0.000715733 -0.0170313 0.0866886 0.000714803 -0.00173435 -0.000577451 0.000714803 0.0114716 -0.0200152 0.000715733 -0.00173435 -0.0200152 0.0938994 
0.00882288 -0.0170703 -0.000536968 0.000664886 -0.0170703 0.0867734 0.000662789 -0.00164559 -0.000536968 0.000662789 0.0114567 -0.0199919 0.000664886 -0.00164559 -0.0199919 0.0938228 
0.00881798 -0.0170607 -0.000540329 0.00063466 -0.0170607 0.0867955 0.000632466 -0.00157888 -0.000540329 0.000632466 0.0114503 -0.0200045 0.00063466 -0.00157888 -0.0200045 0.0938521 
0.00880193 -0.0170518 -0.000558621 0.000628709 -0.0170518 0.0867818 0.000631286 -0.00153604 -0.000558621 0.000631286 0.0114527 -0.0200048 0.000628709 -0.00153604 -0.0200048 0.0938776 
0.00875982 -0.0170298 -0.000597308 0.000645439 -0.0170298 0.0867425 0.0006512 -0.00154821 -0.000597308 0.0006512 0.0114783 -0.0200153 0.000645439 -0.00154821 -0.0200153 0.0939136 
0.00872632 -0.0169714 -0.000588358 0.00069578 -0.0169714 0.0866266 0.000700333 -0.00164 -0.000588358 0.000700333 0.0114972 -0.0200513 0.00069578 -0.00164 -0.0200513 0.0939914 
0.00876006 -0.0169402 -0.000530159 0.000696124 -0.0169402 0.0865419 0.000696423 -0.00169401 -0.000530159 0.000696423 0.0114911 -0.0200669 0.000696124 -0.00169401 -0.0200669 0.094041 
0.00879535 -0.0169451 -0.000515626 0.000650888 -0.0169451 0.0864616 0.000648299 -0.00166379 -0.000515626 0.000648299 0.0114734 -0.0200852 0.000650888 -0.00166379 -0.0200852 0.0941211 
0.00883995 -0.0170136 -0.000527915 0.000617731 -0.0170136 0.0865711 0.000616969 -0.00157078 -0.000527915 0.000616969 0.0114265 -0.0200314 0.000617731 -0.00157078 -0.0200314 0.0940262 
0.00885872 -0.0170728 -0.000580915 0.000623735 -0.0170728 0.0867314 0.000627428 -0.00154237 -0.000580915 0.000627428 0.0114195 -0.0199841 0.000623735 -0.00154237 -0.0199841 0.0939165 
0.00887055 -0.0171292 -0.000608109 0.000684732 -0.0171292 0.0869021 0.000692671 -0.00163539 -0.000608109 0.000692671 0.0113647 -0.0198975 0.000684732 -0.00163539 -0.0198975 0.0936375 
0.0088443 -0.0171543 -0.000624025 0.000720593 -0.0171543 0.0870116 0.000728499 -0.00174359 -0.000624025 0.000728499 0.0113003 -0.0198016 0.000720593 -0.00174359 -0.0198016 0.0933432 
0.00879539 -0.0170693 -0.000597251 0.000730503 -0.0170693 0.0868641 0.000736507 -0.00178116 -0.000597251 0.000736507 0.0112715 -0.0197881 0.000730503 -0.00178116 -0.0197881 0.0932876 
0.00877326 -0.0169843 -0.000564162 0.000704989 -0.0169843 0.0866366 0.000706639 -0.00175306 -0.000564162 0.000706639 0.011245 -0.0197724 0.000704989 -0.00175306 -0.0197724 0.0932721 
0.00877351 -0.0169763 -0.0005539 0.000655419 -0.0169763 0.0865519 0.000655028 -0.00164253 -0.0005539 0.000655028 0.011211 -0.0196981 0.000655419 -0.00164253 -0.0196981 0.0930956 
0.00876606 -0.0169494 -0.000562221 0.000639861 -0.0169494 0.0864578 0.000638223 -0.00156464 -0.000562221 0.000638223 0.0112086 -0.0196832 0.000639861 -0.00156464 -0.0196832 0.0930288 
0.00875781 -0.0168824 -0.000578983 0.000648432 -0.0168824 0.0862507 0.000645603 -0.00155025 -0.000578983 0.000645603 0.0112427 -0.0197472 0.000648432 -0.00155025 -0.0197472 0.0931869 
0.00876732 -0.0169018 -0.000574757 0.000679551 -0.0169018 0.0862194 0.000673924 -0.00160913 -0.000574757 0.000673924 0.0112222 -0.0197372 0.000679551 -0.00160913 -0.0197372 0.0931777 
0.00878535 -0.0168981 -0.000536078 0.000691712 -0.0168981 0.0862036 0.000687269 -0.00168018 -0.000536078 0.000687269 0.0112151 -0.019747 0.000691712 -0.00168018 -0.019747 0.0932323 
0.00881072 -0.0169344 -0.000556657 0.000657523 -0.0169344 0.0862712 0.00065348 -0.00166735 -0.000556657 0.00065348 0.0112029 -0.0197263 0.000657523 -0.00166735 -0.0197263 0.0932066 
0.00883897 -0.0170097 -0.000568234 0.000670943 -0.0170097 0.0864748 0.000668557 -0.00166036 -0.000568234 0.000668557 0.0111752 -0.0196652 0.000670943 -0.00166036 -0.0196652 0.0930387 
0.00886118 -0.0170517 -0.000570877 0.00067302 -0.0170517 0.0866378 0.000670265 -0.00165365 -0.000570877 0.000670265 0.0111558 -0.0196265 0.00067302 -0.00165365 -0.0196265 0.0929016 
0.00885658 -0.0170456 -0.000575383 0.000669356 -0.0170456 0.0866541 0.000669622 -0.00164212 -0.000575383 0.000669622 0.0111544 -0.0196485 0.000669356 -0.00164212 -0.0196485 0.0929395 
0.00882411 -0.0170883 -0.000599051 0.000672645 -0.0170883 0.0867622 0.00067629 -0.00164084 -0.000599051 0.00067629 0.0111265 -0.0195641 0.000672645 -0.00164084 -0.0195641 0.0927281 
0.00877037 -0.0170305 -0.000653275 0.000720217 -0.0170305 0.0866991 0.000721008 -0.00173458 -0.000653275 0.000721008 0.0111192 -0.0195414 0.000720217 -0.00173458 -0.0195414 0.0926176 
0.00873721 -0.0169087 -0.000672125 0.000781216 -0.0169087 0.0864079 0.000775915 -0.00185886 -0.000672125 0.000775915 0.011114 -0.0195851 0.000781216 -0.00185886 -0.0195851 0.0927129 
0.0087126 -0.0168442 -0.000697602 0.000818932 -0.0168442 0.0861578 0.000811309 -0.00198714 -0.000697602 0.000811309 0.0111287 -0.0196018 0.000818932 -0.00198714 -0.0196018 0.0928126 
0.00870687 -0.0167946 -0.000692805 0.000830968 -0.0167946 0.0859863 0.000824904 -0.00203278 -0.000692805 0.000824904 0.011191 -0.0196656 0.000830968 -0.00203278 -0.0196656 0.092999 
0.00872493 -0.0168052 -0.00068803 0.000818049 -0.0168052 0.0859578 0.000811094 -0.00201683 -0.00068803 0.000811094 0.0112543 -0.0197304 0.000818049 -0.00201683 -0.0197304 0.0931598 
0.00874668 -0.016847 -0.000657665 0.00081661 -0.016847 0.0860333 0.000808661 -0.00200639 -0.000657665 0.000808661 0.0112933 -0.0197934 0.00081661 -0.00200639 -0.0197934 0.0933072 
0.00874785 -0.0168867 -0.000624912 0.000771059 -0.0168867 0.0861507 0.000764354 -0.00192356 -0.000624912 0.000764354 0.011339 -0.0198492 0.000771059 -0.00192356 -0.0198492 0.0934665 
0.00875328 -0.0169301 -0.000592545 0.000726577 -0.0169301 0.0863146 0.000719261 -0.00180738 -0.000592545 0.000719261 0.0113484 -0.0198674 0.000726577 -0.00180738 -0.0198674 0.0935098 
0.00874415 -0.0169578 -0.000601978 0.000680628 -0.0169578 0.0864382 0.000676501 -0.00168382 -0.000601978 0.000676501 0.0113194 -0.0198472 0.000680628 -0.00168382 -0.0198472 0.0934557 
0.0087503 -0.016958 -0.000588938 0.000695794 -0.016958 0.0864899 0.000698351 -0.00167047 -0.000588938 0.000698351 0.0112445 -0.0197806 0.000695794 -0.00167047 -0.0197806 0.0932909 
0.00877249 -0.0169481 -0.000585667 0.000679281 -0.0169481 0.086474 0.000685721 -0.00165626 -0.000585667 0.000685721 0.0111858 -0.0197001 0.000679281 -0.00165626 -0.0197001 0.0931077 
0.00877413 -0.0169343 -0.000580377 0.00069356 -0.0169343 0.0863948 0.000701263 -0.0016948 -0.000580377 0.000701263 0.011168 -0.019663 0.00069356 -0.0016948 -0.019663 0.0930127 
0.00873651 -0.0169153 -0.000615798 0.000691284 -0.0169153 0.0863046 0.000698361 -0.00171559 -0.000615798 0.000698361 0.0111831 -0.0196508 0.000691284 -0.00171559 -0.0196508 0.0929689 
0.00873153 -0.0168517 -0.000615485 0.000734434 -0.0168517 0.0861652 0.000740619 -0.00178778 -0.000615485 0.000740619 0.0112127 -0.0197046 0.000734434 -0.00178778 -0.0197046 0.0930834 
0.00875031 -0.0168262 -0.000586516 0.000734799 -0.0168262 0.0860461 0.00073617 -0.00182226 -0.000586516 0.00073617 0.0112665 -0.019786 0.000734799 -0.00182226 -0.019786 0.0933195 
0.00877293 -0.0169022 -0.000549107 0.000694123 -0.0169022 0.0861789 0.000692512 -0.00175603 -0.000549107 0.000692512 0.0112862 -0.019794 0.000694123 -0.00175603 -0.019794 0.0933555 
0.00876857 -0.0169829 -0.000529082 0.000666965 -0.0169829 0.086419 0.000663475 -0.00169493 -0.000529082 0.000663475 0.0112261 -0.0197369 0.000666965 -0.00169493 -0.0197369 0.093179 
0.00876325 -0.0169659 -0.000505252 0.00060985 -0.0169659 0.0864981 0.000608233 -0.00154489 -0.000505252 0.000608233 0.0112149 -0.0197082 0.00060985 -0.00154489 -0.0197082 0.093115 
0.00875348 -0.0169379 -0.000466256 0.000560495 -0.0169379 0.0864415 0.000561457 -0.00138619 -0.000466256 0.000561457 0.0112316 -0.0196997 0.000560495 -0.00138619 -0.0196997 0.0930755 
0.00878213 -0.016887 -0.00043077 0.000528117 -0.016887 0.0862963 0.000528127 -0.00129585 -0.00043077 0.000528127 0.0112824 -0.0197725 0.000528117 -0.00129585 -0.0197725 0.0932391 
0.00879808 -0.0169915 -0.000395914 0.00050549 -0.0169915 0.0864484 0.000503841 -0.00124549 -0.000395914 0.000503841 0.0112375 -0.0197169 0.00050549 -0.00124549 -0.0197169 0.0930776 
0.00881385 -0.0169916 -0.000374614 0.000463824 -0.0169916 0.0865215 0.000459933 -0.00116103 -0.000374614 0.000459933 0.011208 -0.0197205 0.000463824 -0.00116103 -0.0197205 0.0930916 
0.00881289 -0.0169943 -0.000387202 0.000441891 -0.0169943 0.0865223 0.000441196 -0.00110003 -0.000387202 0.000441196 0.0111815 -0.019697 0.000441891 -0.00110003 -0.019697 0.0930802 
0.00879169 -0.0169787 -0.00038146 0.00044987 -0.0169787 0.0864826 0.000457214 -0.00109402 -0.00038146 0.000457214 0.0111833 -0.0196783 0.00044987 -0.00109402 -0.0196783 0.0930595 
0.0087874 -0.0169233 -0.000366707 0.000461214 -0.0169233 0.0863486 0.000475005 -0.00114938 -0.000366707 0.000475005 0.0111947 -0.0197138 0.000461214 -0.00114938 -0.0197138 0.0931472 
0.00882341 -0.0169151 -0.000313607 0.000428128 -0.0169151 0.086272 0.000441023 -0.00110054 -0.000313607 0.000441023 0.0111914 -0.0197267 0.000428128 -0.00110054 -0.0197267 0.0932037 
0.00886077 -0.0169886 -0.000333462 0.000383894 -0.0169886 0.0863891 0.000392133 -0.0010249 -0.000333462 0.000392133 0.0111773 -0.0196808 0.000383894 -0.0010249 -0.0196808 0.093101 
0.00887547 -0.0170747 -0.000407436 0.000419998 -0.0170747 0.0866299 0.000424851 -0.00105352 -0.000407436 0.000424851 0.0111655 -0.0196237 0.000419998 -0.00105352 -0.0196237 0.0929149 
0.00889646 -0.0171377 -0.000372048 0.000497737 -0.0171377 0.0868748 0.000500819 -0.00118029 -0.000372048 0.000500819 0.0111308 -0.0195511 0.000497737 -0.00118029 -0.0195511 0.0926536 
0.00886245 -0.0171274 -0.000345976 0.000465503 -0.0171274 0.0869004 0.000460403 -0.0011939 -0.000345976 0.000460403 0.0111152 -0.0195396 0.000465503 -0.0011939 -0.0195396 0.0925736 
0.00883471 -0.0170736 -0.000324398 0.000421466 -0.0170736 0.0868096 0.000409063 -0.00108455 -0.000324398 0.000409063 0.011087 -0.0195358 0.000421466 -0.00108455 -0.0195358 0.0925631 
0.00880606 -0.0170255 -0.000337712 0.000388084 -0.0170255 0.0866759 0.000374674 -0.000974066 -0.000337712 0.000374674 0.0110705 -0.019512 0.000388084 -0.000974066 -0.019512 0.0925392 
0.00880613 -0.0169658 -0.000365638 0.000404645 -0.0169658 0.0865063 0.000394107 -0.000963202 -0.000365638 0.000394107 0.0110517 -0.0195139 0.000404645 -0.000963202 -0.0195139 0.0925577 
0.0088116 -0.0169478 -0.000430927 0.000456269 -0.0169478 0.0863902 0.00045324 -0.00108316 -0.000430927 0.00045324 0.0110597 -0.0195102 0.000456269 -0.00108316 -0.0195102 0.0925857 
0.00882756 -0.016961 -0.000437359 0.000514088 -0.016961 0.0863798 0.000520403 -0.00121446 -0.000437359 0.000520403 0.0110462 -0.0195086 0.000514088 -0.00121446 -0.0195086 0.0925764 
0.00880784 -0.0169334 -0.000427013 0.000513913 -0.0169334 0.0862819 0.000527258 -0.00127253 -0.000427013 0.000527258 0.0110796 -0.0195532 0.000513913 -0.00127253 -0.0195532 0.092721 
0.00882212 -0.0169433 -0.000432705 0.000523615 -0.0169433 0.0862891 0.000530279 -0.00131644 -0.000432705 0.000530279 0.011051 -0.0195422 0.000523615 -0.00131644 -0.0195422 0.092702 
0.0088555 -0.0169641 -0.000394668 0.000505216 -0.0169641 0.0863328 0.000504102 -0.00126025 -0.000394668 0.000504102 0.0109915 -0.0195052 0.000505216 -0.00126025 -0.0195052 0.0926316 
0.008874 -0.0170094 -0.000363432 0.000462241 -0.0170094 0.0864198 0.000461952 -0.00117343 -0.000363432 0.000461952 0.0109248 -0.0194117 0.000462241 -0.00117343 -0.0194117 0.0924275 
0.00887263 -0.017032 -0.000333212 0.000413203 -0.017032 0.0865039 0.000417385 -0.00105203 -0.000333212 0.000417385 0.0108917 -0.0193244 0.000413203 -0.00105203 -0.0193244 0.0921923 
0.00885869 -0.0170257 -0.000303672 0.000399315 -0.0170257 0.0865136 0.000401643 -0.0010054 -0.000303672 0.000401643 0.0108688 -0.0192697 0.000399315 -0.0010054 -0.0192697 0.0919927 
0.00886126 -0.0170045 -0.000321015 0.000385486 -0.0170045 0.0864891 0.00038336 -0.000990627 -0.000321015 0.00038336 0.0108756 -0.0192523 0.000385486 -0.000990627 -0.0192523 0.0919033 
0.0088616 -0.0169887 -0.000309822 0.000391209 -0.0169887 0.0864293 0.000388824 -0.000972401 -0.000309822 0.000388824 0.0108893 -0.0192816 0.000391209 -0.000972401 -0.0192816 0.0919407 
0.00887437 -0.0169583 -0.000298794 0.000367536 -0.0169583 0.0863419 0.000365275 -0.000928451 -0.000298794 0.000365275 0.0109432 -0.0193662 0.000367536 -0.000928451 -0.0193662 0.0921779 
0.0088949 -0.0170205 -0.00029913 0.000359917 -0.0170205 0.086439 0.000356294 -0.000896562 -0.00029913 0.000356294 0.0109343 -0.0193616 0.000359917 -0.000896562 -0.0193616 0.0921838 
0.0088787 -0.0170583 -0.000336475 0.000357603 -0.0170583 0.0865622 0.000351757 -0.000874633 -0.000336475 0.000351757 0.0109284 -0.0193446 0.000357603 -0.000874633 -0.0193446 0.092149 
0.0088527 -0.0170456 -0.000395827 0.000407783 -0.0170456 0.086612 0.00040503 -0.000955658 -0.000395827 0.00040503 0.0109513 -0.0193448 0.000407783 -0.000955658 -0.0193448 0.0921426 
0.00884436 -0.017 -0.000405946 0.000485741 -0.017 0.0865394 0.000486552 -0.00113012 -0.000405946 0.000486552 0.0109742 -0.019391 0.000485741 -0.00113012 -0.019391 0.0922338 
0.00885018 -0.0170113 -0.000419775 0.000514813 -0.0170113 0.0865409 0.000516857 -0.0012754 -0.000419775 0.000516857 0.0109776 -0.0193897 0.000514813 -0.0012754 -0.0193897 0.0922382 
0.00884719 -0.0170091 -0.000489354 0.00054386 -0.0170091 0.0865213 0.000545189 -0.00137889 -0.000489354 0.000545189 0.0109675 -0.0193883 0.00054386 -0.00137889 -0.0193883 0.0922291 
0.00884913 -0.0169887 -0.000508937 0.000612676 -0.0169887 0.0864589 0.000614889 -0.00150584 -0.000508937 0.000614889 0.0109579 -0.0193912 0.000612676 -0.00150584 -0.0193912 0.0922484 
0.00883535 -0.0170077 -0.000569822 0.000626495 -0.0170077 0.0864803 0.00062685 -0.00157155 -0.000569822 0.00062685 0.0109566 -0.0193587 0.000626495 -0.00157155 -0.0193587 0.0921787 
0.00881469 -0.0169476 -0.000602172 0.000682117 -0.0169476 0.0863524 0.00068014 -0.00164766 -0.000602172 0.00068014 0.0109781 -0.0194085 0.000682117 -0.00164766 -0.0194085 0.0922867 
0.00880362 -0.0169245 -0.000620484 0.000710769 -0.0169245 0.0862458 0.000707051 -0.00171469 -0.000620484 0.000707051 0.0109661 -0.0194107 0.000710769 -0.00171469 -0.0194107 0.0923109 
0.00879499 -0.0169163 -0.000641235 0.000744981 -0.0169163 0.0862174 0.000740618 -0.00180519 -0.000641235 0.000740618 0.0109829 -0.0194107 0.000744981 -0.00180519 -0.0194107 0.0923369 
0.0087836 -0.0169117 -0.000645156 0.000766032 -0.0169117 0.0862163 0.000760272 -0.00186504 -0.000645156 0.000760272 0.0110211 -0.0194377 0.000766032 -0.00186504 -0.0194377 0.0923915 
0.00878873 -0.0169057 -0.000622438 0.0007682 -0.0169057 0.0862165 0.000757448 -0.00187857 -0.000622438 0.000757448 0.011023 -0.0194785 0.0007682 -0.00187857 -0.0194785 0.0924712 
0.00881512 -0.0169224 -0.000619143 0.000746058 -0.0169224 0.0862542 0.000736939 -0.00185521 -0.000619143 0.000736939 0.011008 -0.0194755 0.000746058 -0.00185521 -0.0194755 0.0924979 
0.00884574 -0.0169773 -0.000636012 0.000738854 -0.0169773 0.0863797 0.000739586 -0.0018405 -0.000636012 0.000739586 0.0109753 -0.0194223 0.000738854 -0.0018405 -0.0194223 0.0923771 
0.00886399 -0.0170133 -0.000643973 0.000755586 -0.0170133 0.0864919 0.000763813 -0.00186893 -0.000643973 0.000763813 0.0109519 -0.0193864 0.000755586 -0.00186893 -0.0193864 0.0922727 
0.00888259 -0.0170534 -0.00063762 0.000763187 -0.0170534 0.0866154 0.000769845 -0.00189189 -0.00063762 0.000769845 0.0109156 -0.019332 0.000763187 -0.00189189 -0.019332 0.0921133 
0.00887803 -0.017037 -0.000656564 0.000766634 -0.017037 0.086592 0.000768263 -0.00191138 -0.000656564 0.000768263 0.0109073 -0.019333 0.000766634 -0.00191138 -0.019333 0.0921103 
0.00887598 -0.017014 -0.000736906 0.000791289 -0.017014 0.0865234 0.000791162 -0.00195322 -0.000736906 0.000791162 0.0109055 -0.019344 0.000791289 -0.00195322 -0.019344 0.0921573 
0.00887319 -0.0170057 -0.000759486 0.000873802 -0.0170057 0.0864765 0.000877046 -0.00208642 -0.000759486 0.000877046 0.0109121 -0.0193497 0.000873802 -0.00208642 -0.0193497 0.0921947 
0.00885235 -0.0169994 -0.000784006 0.000918388 -0.0169994 0.0864554 0.000921417 -0.00224357 -0.000784006 0.000921417 0.0109549 -0.0193738 0.000918388 -0.00224357 -0.0193738 0.0922658 
0.00885133 -0.0170018 -0.000744666 0.000922792 -0.0170018 0.08647 0.000922061 -0.00226627 -0.000744666 0.000922061 0.0109302 -0.0193714 0.000922792 -0.00226627 -0.0193714 0.0922201 
0.00886486 -0.0170104 -0.000708441 0.000869057 -0.0170104 0.0864982 0.000869326 -0.00218306 -0.000708441 0.000869326 0.0108851 -0.0193219 0.000869057 -0.00218306 -0.0193219 0.0921029 
0.00887606 -0.0170159 -0.000687784 0.000836621 -0.0170159 0.0865107 0.000838534 -0.00210527 -0.000687784 0.000838534 0.0108711 -0.01928 0.000836621 -0.00210527 -0.01928 0.0920002 
0.0088791 -0.0170242 -0.000688995 0.000804221 -0.0170242 0.0865215 0.00080551 -0.002015 -0.000688995 0.00080551 0.0108655 -0.0192601 0.000804221 -0.002015 -0.0192601 0.0919177 
0.00890251 -0.0170185 -0.000687267 0.000809383 -0.0170185 0.0865122 0.000810838 -0.00199412 -0.000687267 0.000810838 0.0108552 -0.0192698 0.000809383 -0.00199412 -0.0192698 0.091923 
0.0089081 -0.0170802 -0.000658522 0.000806253 -0.0170802 0.0866254 0.000812326 -0.00199211 -0.000658522 0.000812326 0.0108446 -0.0192004 0.000806253 -0.00199211 -0.0192004 0.0917504 
0.00888915 -0.0171052 -0.000654974 0.000797251 -0.0171052 0.0867252 0.000802153 -0.00200809 -0.000654974 0.000802153 0.0108173 -0.0191482 0.000797251 -0.00200809 -0.0191482 0.09155 
0.00886286 -0.0170588 -0.000684978 0.000806435 -0.0170588 0.0866629 0.000804566 -0.00203059 -0.000684978 0.000804566 0.0107904 -0.0191462 0.000806435 -0.00203059 -0.0191462 0.091516 
0.00885094 -0.0169674 -0.000685241 0.000807669 -0.0169674 0.0864365 0.000802225 -0.00199768 -0.000685241 0.000802225 0.0108038 -0.0191947 0.000807669 -0.00199768 -0.0191947 0.0916845 
0.00888412 -0.0169484 -0.000697311 0.000812759 -0.0169484 0.0862998 0.000810111 -0.00200397 -0.000697311 0.000810111 0.0107584 -0.0192051 0.000812759 -0.00200397 -0.0192051 0.0917633 
0.00892458 -0.0170054 -0.00070363 0.000832258 -0.0170054 0.0863614 0.000835579 -0.00204869 -0.00070363 0.000835579 0.0107008 -0.0191305 0.000832258 -0.00204869 -0.0191305 0.0916562 
0.00891621 -0.0170297 -0.000717384 0.000836887 -0.0170297 0.0864095 0.000842689 -0.0020747 -0.000717384 0.000842689 0.0107004 -0.0190848 0.000836887 -0.0020747 -0.0190848 0.0915608 
0.00889308 -0.01701 -0.000744778 0.00085076 -0.01701 0.0863921 0.000852633 -0.00209612 -0.000744778 0.000852633 0.0107269 -0.0190926 0.00085076 -0.00209612 -0.0190926 0.0915399 
0.00888216 -0.0169664 -0.000749311 0.00087918 -0.0169664 0.0862965 0.000874743 -0.00213549 -0.000749311 0.000874743 0.0107622 -0.0191463 0.00087918 -0.00213549 -0.0191463 0.0916472 
0.00887952 -0.0169521 -0.000750723 0.000899481 -0.0169521 0.0862331 0.000893797 -0.00220427 -0.000750723 0.000893797 0.0108042 -0.0191996 0.000899481 -0.00220427 -0.0191996 0.0917935 
0.00887221 -0.0169304 -0.000686155 0.000868195 -0.0169304 0.086152 0.000862407 -0.00214111 -0.000686155 0.000862407 0.0108446 -0.0192757 0.000868195 -0.00214111 -0.0192757 0.0919964 
0.00888863 -0.0170076 -0.000614768 0.000799646 -0.0170076 0.0863322 0.000791739 -0.0020129 -0.000614768 0.000791739 0.0108073 -0.0192189 0.000799646 -0.0020129 -0.0192189 0.0918601 
0.00888969 -0.0170292 -0.00055488 0.000725773 -0.0170292 0.0864536 0.000715292 -0.00184834 -0.00055488 0.000715292 0.0107906 -0.0191794 0.000725773 -0.00184834 -0.0191794 0.0917453 
0.00887421 -0.0170323 -0.000523323 0.000646171 -0.0170323 0.0865073 0.000633459 -0.00164535 -0.000523323 0.000633459 0.0107904 -0.0191536 0.000646171 -0.00164535 -0.0191536 0.0916481 
0.00885298 -0.0170006 -0.000507335 0.000598452 -0.0170006 0.0864614 0.000585903 -0.00147964 -0.000507335 0.000585903 0.0107921 -0.0191656 0.000598452 -0.00147964 -0.0191656 0.0916411 
0.00881214 -0.0169464 -0.000524555 0.000590633 -0.0169464 0.0863349 0.00058177 -0.00142918 -0.000524555 0.00058177 0.0108444 -0.0192145 0.000590633 -0.00142918 -0.0192145 0.091779 
0.00879662 -0.0168976 -0.000567733 0.000617231 -0.0168976 0.0862066 0.000614759 -0.00147261 -0.000567733 0.000614759 0.010891 -0.0192784 0.000617231 -0.00147261 -0.0192784 0.0919342 
0.00882446 -0.0168938 -0.000559106 0.00066414 -0.0168938 0.0861659 0.000669044 -0.00157391 -0.000559106 0.000669044 0.0108985 -0.0193205 0.00066414 -0.00157391 -0.0193205 0.0920466 
0.0088386 -0.0169333 -0.000538263 0.000646848 -0.0169333 0.0862112 0.000656925 -0.00159353 -0.000538263 0.000656925 0.0108747 -0.0193187 0.000646848 -0.00159353 -0.0193187 0.0920749 
0.00887264 -0.016986 -0.000537543 0.000637182 -0.016986 0.0863654 0.000650648 -0.00160026 -0.000537543 0.000650648 0.0108398 -0.0192544 0.000637182 -0.00160026 -0.0192544 0.0919403 
0.00889381 -0.017063 -0.000540724 0.000657695 -0.017063 0.0865751 0.000672422 -0.00165703 -0.000540724 0.000672422 0.0107884 -0.0191503 0.000657695 -0.00165703 -0.0191503 0.0916419 
0.00886021 -0.0170437 -0.000541869 0.000659524 -0.0170437 0.0865766 0.000669013 -0.00167434 -0.000541869 0.000669013 0.0107978 -0.0191346 0.000659524 -0.00167434 -0.0191346 0.0915537 
0.00884159 -0.0169843 -0.000588371 0.00067121 -0.0169843 0.08646 0.000668546 -0.00169544 -0.000588371 0.000668546 0.0108267 -0.0191718 0.00067121 -0.00169544 -0.0191718 0.0916151 
0.00884183 -0.0169368 -0.000617013 0.000701214 -0.0169368 0.0863039 0.000690639 -0.00170798 -0.000617013 0.000690639 0.0108437 -0.0192382 0.000701214 -0.00170798 -0.0192382 0.0917883 
0.00883792 -0.0169323 -0.000599522 0.000734401 -0.0169323 0.0862145 0.000725913 -0.00177219 -0.000599522 0.000725913 0.0108326 -0.0192512 0.000734401 -0.00177219 -0.0192512 0.0918758 
0.0088613 -0.0169706 -0.000577846 0.000720151 -0.0169706 0.0862998 0.000712589 -0.00179033 -0.000577846 0.000712589 0.0107717 -0.0191924 0.000720151 -0.00179033 -0.0191924 0.0917598 
0.00890779 -0.0169952 -0.000549374 0.000692376 -0.0169952 0.0863697 0.000689471 -0.00175046 -0.000549374 0.000689471 0.0106992 -0.0191131 0.000692376 -0.00175046 -0.0191131 0.0915795 
0.00893042 -0.0169951 -0.000493119 0.00064494 -0.0169951 0.0863407 0.000648536 -0.00165062 -0.000493119 0.000648536 0.0106753 -0.0190901 0.00064494 -0.00165062 -0.0190901 0.0915448 
0.00894077 -0.0170111 -0.000454773 0.000563429 -0.0170111 0.0863428 0.000571742 -0.00147183 -0.000454773 0.000571742 0.0106744 -0.0190722 0.000563429 -0.00147183 -0.0190722 0.0915152 
0.00894485 -0.0170769 -0.000439498 0.000526537 -0.0170769 0.0864905 0.000533254 -0.00134121 -0.000439498 0.000533254 0.0106379 -0.0189851 0.000526537 -0.00134121 -0.0189851 0.091264 
0.00895007 -0.0170814 -0.000363112 0.000499643 -0.0170814 0.086569 0.000503028 -0.00123936 -0.000363112 0.000503028 0.0106165 -0.0189437 0.000499643 -0.00123936 -0.0189437 0.0910998 
0.00894236 -0.0170485 -0.000304609 0.000413622 -0.0170485 0.0865017 0.000407776 -0.00106899 -0.000304609 0.000407776 0.0106223 -0.0189686 0.000413622 -0.00106899 -0.0189686 0.0911404 
0.00893506 -0.0170385 -0.000317589 0.000363501 -0.0170385 0.0864649 0.000350356 -0.000928054 -0.000317589 0.000350356 0.0106415 -0.0189918 0.000363501 -0.000928054 -0.0189918 0.0912226 
