0.00759107 0 -0.00165176 0 0 0.01 0 0 -0.00165176 0 0.00692615 0 0 0 0 0.01 
0.0106716 -0.0132397 -0.00203199 0.00248301 -0.0132397 0.0345603 0.00248301 -0.00476102 -0.00203199 0.00248301 0.00980936 -0.0121933 0.00248301 -0.00476102 -0.0121933 0.0325543 
0.0106569 -0.0197598 -0.00175751 0.00280165 -0.0197598 0.0722851 0.00280165 -0.00879631 -0.00175751 0.00280165 0.00982063 -0.0186483 0.00280165 -0.00879631 -0.0186483 0.0688416 
0.00999516 -0.0192721 -0.001761 0.00202348 -0.0192721 0.0857189 0.00202445 -0.00665638 -0.001761 0.00202445 0.00935302 -0.0184486 0.00202348 -0.00665638 -0.0184486 0.0834294 
0.00998326 -0.0185763 -0.00195144 0.0020193 -0.0185763 0.0888551 0.00201441 -0.00514457 -0.00195144 0.00201441 0.00940786 -0.0178322 0.0020193 -0.00514457 -0.0178322 0.0868896 
0.0101227 -0.0184854 -0.00205666 0.00228048 -0.0184854 0.089787 0.00227479 -0.00526548 -0.00205666 0.00227479 0.00962531 -0.0178324 0.00228048 -0.00526548 -0.0178324 0.0879982 
0.0102138 -0.0185423 -0.00204938 0.00241135 -0.0185423 0.0902164 0.00240786 -0.00570383 -0.00204938 0.00240786 0.00978279 -0.0180342 0.00241135 -0.00570383 -0.0180342 0.0887794 
0.0102263 -0.0185401 -0.00198664 0.00236391 -0.0185401 0.0902603 0.00236002 -0.00578406 -0.00198664 0.00236002 0.00984804 -0.0181806 0.00236391 -0.00578406 -0.0181806 0.089292 
0.0102305 -0.0185176 -0.0019222 0.00226721 -0.0185176 0.0901665 0.00226352 -0.00561359 -0.0019222 0.00226352 0.00984631 -0.0182219 0.00226721 -0.00561359 -0.0182219 0.089495 
0.0102463 -0.0185039 -0.0018759 0.00219859 -0.0185039 0.0900645 0.00219651 -0.00543637 -0.0018759 0.00219651 0.0098023 -0.0182147 0.00219859 -0.00543637 -0.0182147 0.0895297 
0.0102666 -0.0185382 -0.00184796 0.00214559 -0.0185382 0.0900933 0.00215066 -0.00529013 -0.00184796 0.00215066 0.00975501 -0.01815 0.00214559 -0.00529013 -0.01815 0.0894106 
0.0103145 -0.0185954 -0.00180124 0.00211879 -0.0185954 0.090244 0.00213202 -0.00521073 -0.00180124 0.00213202 0.00969171 -0.0180642 0.00211879 -0.00521073 -0.0180642 0.0891803 
0.0103301 -0.0187157 -0.00179242 0.0020711 -0.0187157 0.090572 0.00208589 -0.00512064 -0.00179242 0.00208589 0.00968086 -0.0179391 0.0020711 -0.00512064 -0.0179391 0.0888354 
0.0102881 -0.0187338 -0.00182102 0.00205464 -0.0187338 0.0907378 0.00206002 -0.00503371 -0.00182102 0.00206002 0.00970458 -0.0179316 0.00205464 -0.00503371 -0.0179316 0.0886925 
0.0102554 -0.0187087 -0.00185295 0.00210246 -0.0187087 0.0907878 0.0021001 -0.00507805 -0.00185295 0.0021001 0.00973181 -0.0179563 0.00210246 -0.00507805 -0.0179563 0.0887003 
0.0102291 -0.0186161 -0.00187741 0.00216924 -0.0186161 0.0905931 0.00216391 -0.00524224 -0.00187741 0.00216391 0.00976006 -0.0180436 0.00216924 -0.00524224 -0.0180436 0.0889196 
0.0102338 -0.0185953 -0.00187826 0.00220399 -0.0185953 0.0904882 0.00220074 -0.00537178 -0.00187826 0.00220074 0.00978052 -0.0180748 0.00220399 -0.00537178 -0.0180748 0.0890667 
0.0101989 -0.0185407 -0.00188545 0.00217716 -0.0185407 0.0902929 0.00217962 -0.00535378 -0.00188545 0.00217962 0.00980038 -0.018143 0.00217716 -0.00535378 -0.018143 0.0892686 
0.0102003 -0.018497 -0.00190552 0.0021763 -0.018497 0.0901459 0.00218514 -0.00533261 -0.00190552 0.00218514 0.00977556 -0.0181778 0.0021763 -0.00533261 -0.0181778 0.0894275 
0.0101732 -0.0185055 -0.00194112 0.00221835 -0.0185055 0.0901116 0.00223177 -0.00541848 -0.00194112 0.00223177 0.00980241 -0.0181438 0.00221835 -0.00541848 -0.0181438 0.0894347 
0.0101375 -0.0184972 -0.00194788 0.0022405 -0.0184972 0.0901196 0.00225312 -0.00546923 -0.00194788 0.00225312 0.00980728 -0.0181308 0.0022405 -0.00546923 -0.0181308 0.0893367 
0.0101283 -0.0184544 -0.00193897 0.00224719 -0.0184544 0.0900527 0.00225367 -0.00549152 -0.00193897 0.00225367 0.00979562 -0.018124 0.00224719 -0.00549152 -0.018124 0.0892748 
0.0100874 -0.0184282 -0.00191795 0.00223799 -0.0184282 0.0899567 0.00224098 -0.00547883 -0.00191795 0.00224098 0.00982807 -0.0181193 0.00223799 -0.00547883 -0.0181193 0.0892581 
0.0100568 -0.018401 -0.00191979 0.00222886 -0.018401 0.0899096 0.00222448 -0.0054641 -0.00191979 0.00222448 0.00985816 -0.0181456 0.00222886 -0.0054641 -0.0181456 0.0892792 
0.0100481 -0.0183371 -0.00192208 0.00222769 -0.0183371 0.0897597 0.00221682 -0.00544137 -0.00192208 0.00221682 0.00985483 -0.018202 0.00222769 -0.00544137 -0.018202 0.0893991 
0.0100525 -0.0183442 -0.0019292 0.00222814 -0.0183442 0.089731 0.00221957 -0.00543463 -0.0019292 0.00221957 0.00984022 -0.0181775 0.00222814 -0.00543463 -0.0181775 0.0893859 
0.0100554 -0.0183698 -0.00191761 0.002244 -0.0183698 0.0897941 0.00224099 -0.00547208 -0.00191761 0.00224099 0.00984755 -0.0181546 0.002244 -0.00547208 -0.0181546 0.0893401 
0.0100238 -0.0183731 -0.00189308 0.00223418 -0.0183731 0.0898305 0.00223352 -0.00548525 -0.00189308 0.00223352 0.00988393 -0.0181625 0.00223418 -0.00548525 -0.0181625 0.0893271 
0.0100034 -0.0183455 -0.00183522 0.00217769 -0.0183455 0.0898115 0.002176 -0.00536524 -0.00183522 0.002176 0.00988358 -0.0181858 0.00217769 -0.00536524 -0.0181858 0.0893277 
0.0100176 -0.0182989 -0.00179278 0.00212893 -0.0182989 0.0897071 0.00212716 -0.00526395 -0.00179278 0.00212716 0.00985123 -0.0182105 0.00212893 -0.00526395 -0.0182105 0.0894047 
0.0100459 -0.0183411 -0.00175397 0.00207201 -0.0183411 0.0897531 0.00207658 -0.00513018 -0.00175397 0.00207658 0.00980669 -0.0181516 0.00207201 -0.00513018 -0.0181516 0.0893301 
0.0100222 -0.0183151 -0.00175292 0.00201809 -0.0183151 0.0896735 0.00202841 -0.00499305 -0.00175292 0.00202841 0.00981402 -0.0181494 0.00201809 -0.00499305 -0.0181494 0.0893448 
0.00997553 -0.0183312 -0.00174689 0.00201598 -0.0183312 0.0897153 0.00202451 -0.00493069 -0.00174689 0.00202451 0.00982336 -0.0181079 0.00201598 -0.00493069 -0.0181079 0.0892293 
0.00991991 -0.0183226 -0.00179396 0.00204072 -0.0183226 0.0897796 0.00204301 -0.00498014 -0.00179396 0.00204301 0.00987948 -0.0180836 0.00204072 -0.00498014 -0.0180836 0.0891148 
0.00992037 -0.0182169 -0.00182031 0.00209203 -0.0182169 0.0895839 0.00208554 -0.00506621 -0.00182031 0.00208554 0.00987691 -0.0181698 0.00209203 -0.00506621 -0.0181698 0.0892213 
0.00993031 -0.0182044 -0.00180964 0.00210558 -0.0182044 0.0894477 0.00210235 -0.00511173 -0.00180964 0.00210235 0.00986105 -0.0181663 0.00210558 -0.00511173 -0.0181663 0.089274 
0.00994128 -0.0181829 -0.00183571 0.00211088 -0.0181829 0.0893358 0.00211029 -0.00516215 -0.00183571 0.00211029 0.00985976 -0.0181867 0.00211088 -0.00516215 -0.0181867 0.0893661 
0.00994341 -0.0181914 -0.00181623 0.00213549 -0.0181914 0.0893005 0.00213694 -0.00520722 -0.00181623 0.00213694 0.00986605 -0.0181905 0.00213549 -0.00520722 -0.0181905 0.0894128 
0.00991813 -0.0182288 -0.00185798 0.00213722 -0.0182288 0.0893982 0.00213887 -0.00526238 -0.00185798 0.00213887 0.00992321 -0.0181807 0.00213722 -0.00526238 -0.0181807 0.0893948 
0.00988797 -0.0181831 -0.00190822 0.00216829 -0.0181831 0.0893497 0.00216196 -0.00529023 -0.00190822 0.00216196 0.0099597 -0.018265 0.00216829 -0.00529023 -0.018265 0.0895315 
0.00990187 -0.0181906 -0.00192787 0.00224006 -0.0181906 0.0893884 0.00222821 -0.0054228 -0.00192787 0.00222821 0.00996498 -0.0182812 0.00224006 -0.0054228 -0.0182812 0.0895958 
0.00992109 -0.0182 -0.00192639 0.00223134 -0.0182 0.0894077 0.00222262 -0.00543561 -0.00192639 0.00222262 0.00991563 -0.0182869 0.00223134 -0.00543561 -0.0182869 0.0896204 
0.00994218 -0.018225 -0.00193795 0.00225726 -0.018225 0.089468 0.00226047 -0.00551711 -0.00193795 0.00226047 0.00990606 -0.0182508 0.00225726 -0.00551711 -0.0182508 0.0896149 
0.00990464 -0.0182249 -0.00195119 0.00226703 -0.0182249 0.0894639 0.00227858 -0.00557135 -0.00195119 0.00227858 0.0099532 -0.0182521 0.00226703 -0.00557135 -0.0182521 0.0896124 
0.00987365 -0.0181778 -0.00199017 0.00228645 -0.0181778 0.0893853 0.00229312 -0.00561935 -0.00199017 0.00229312 0.00999807 -0.0183105 0.00228645 -0.00561935 -0.0183105 0.0897046 
0.00986036 -0.0181331 -0.00201898 0.00232274 -0.0181331 0.089262 0.00232341 -0.00567376 -0.00201898 0.00232341 0.0100212 -0.0183679 0.00232274 -0.00567376 -0.0183679 0.0898423 
0.0098654 -0.0181424 -0.00204285 0.00235704 -0.0181424 0.0892573 0.00235684 -0.00575102 -0.00204285 0.00235684 0.0100263 -0.018374 0.00235704 -0.00575102 -0.018374 0.0898796 
0.00992809 -0.018176 -0.00201017 0.0023785 -0.018176 0.0893444 0.00237817 -0.0058032 -0.00201017 0.00237817 0.00999143 -0.0183635 0.0023785 -0.0058032 -0.0183635 0.0898571 
0.0100115 -0.018236 -0.00195429 0.00232643 -0.018236 0.089453 0.00232664 -0.00573036 -0.00195429 0.00232664 0.00991491 -0.0183328 0.00232643 -0.00573036 -0.0183328 0.0898057 
0.0100103 -0.018335 -0.00190898 0.00223373 -0.018335 0.0896583 0.00223797 -0.00552161 -0.00190898 0.00223797 0.00988489 -0.0182255 0.00223373 -0.00552161 -0.0182255 0.0895771 
0.0100218 -0.018345 -0.00187376 0.00218991 -0.018345 0.0897819 0.00219337 -0.00537591 -0.00187376 0.00219337 0.00985408 -0.01818 0.00218991 -0.00537591 -0.01818 0.0893976 
0.00997683 -0.0183531 -0.00189486 0.00217595 -0.0183531 0.0898251 0.0021768 -0.00533545 -0.00189486 0.0021768 0.00988746 -0.0181374 0.00217595 -0.00533545 -0.0181374 0.0892566 
0.00992232 -0.0182917 -0.00195088 0.00220531 -0.0182917 0.0897365 0.00220592 -0.00537292 -0.00195088 0.00220592 0.009922 -0.0181801 0.00220531 -0.00537292 -0.0181801 0.089269 
0.00987472 -0.0182064 -0.00199322 0.00226605 -0.0182064 0.0895323 0.00226994 -0.00548724 -0.00199322 0.00226994 0.00993733 -0.0182286 0.00226605 -0.00548724 -0.0182286 0.0893668 
0.00986495 -0.0181425 -0.00197488 0.00232829 -0.0181425 0.0893371 0.00233786 -0.0056589 -0.00197488 0.00233786 0.00992476 -0.0182593 0.00232829 -0.0056589 -0.0182593 0.0894845 
0.00986479 -0.0180953 -0.0019464 0.00231345 -0.0180953 0.0891439 0.00232307 -0.00571608 -0.0019464 0.00232307 0.00992867 -0.0182771 0.00231345 -0.00571608 -0.0182771 0.0896029 
0.00989346 -0.0181231 -0.00197036 0.00228743 -0.0181231 0.0891488 0.00229063 -0.00568485 -0.00197036 0.00229063 0.00991597 -0.0182566 0.00228743 -0.00568485 -0.0182566 0.0895858 
0.00989512 -0.0181868 -0.00198228 0.00229543 -0.0181868 0.0892917 0.00229633 -0.00564855 -0.00198228 0.00229633 0.00991915 -0.0182102 0.00229543 -0.00564855 -0.0182102 0.0894605 
0.00985845 -0.0182048 -0.00199973 0.0023212 -0.0182048 0.0894046 0.00232298 -0.00569503 -0.00199973 0.00232298 0.00997815 -0.0182119 0.0023212 -0.00569503 -0.0182119 0.0894144 
0.00983076 -0.0181169 -0.00199633 0.0023348 -0.0181169 0.0892547 0.00233478 -0.00572817 -0.00199633 0.00233478 0.0100227 -0.0183272 0.0023348 -0.00572817 -0.0183272 0.0896306 
0.00984595 -0.0181136 -0.00197815 0.00233416 -0.0181136 0.089212 0.00233003 -0.00573656 -0.00197815 0.00233003 0.0100128 -0.0183623 0.00233416 -0.00573656 -0.0183623 0.0897702 
0.00985956 -0.0181381 -0.00197756 0.00229108 -0.0181381 0.0892476 0.00228898 -0.00564553 -0.00197756 0.00228898 0.00999535 -0.0183458 0.00229108 -0.00564553 -0.0183458 0.0897851 
0.00980227 -0.0181642 -0.00201632 0.00229174 -0.0181642 0.0893243 0.00229289 -0.00560741 -0.00201632 0.00229289 0.0100368 -0.0183185 0.00229174 -0.00560741 -0.0183185 0.0897335 
0.00974314 -0.0180832 -0.00202147 0.00233426 -0.0180832 0.0892164 0.00233366 -0.00565321 -0.00202147 0.00233366 0.0100806 -0.0183791 0.00233426 -0.00565321 -0.0183791 0.0898177 
0.00968614 -0.0179756 -0.00202731 0.00235742 -0.0179756 0.08895 0.00235117 -0.0057319 -0.00202731 0.00235117 0.0101178 -0.0184566 0.00235742 -0.0057319 -0.0184566 0.0900098 
0.00966645 -0.0179178 -0.00204664 0.00238441 -0.0179178 0.0887611 0.00237488 -0.00581933 -0.00204664 0.00237488 0.0101379 -0.0184943 0.00238441 -0.00581933 -0.0184943 0.0901472 
0.00966984 -0.0178842 -0.00204455 0.00239056 -0.0178842 0.088622 0.00238375 -0.00584704 -0.00204455 0.00238375 0.0101303 -0.0185136 0.00239056 -0.00584704 -0.0185136 0.0902133 
0.00967662 -0.0178584 -0.00204746 0.0023828 -0.0178584 0.0885026 0.00238266 -0.00585141 -0.00204746 0.00238266 0.0101133 -0.0185196 0.0023828 -0.00585141 -0.0185196 0.0902497 
0.00971747 -0.0179226 -0.0020436 0.002401 -0.0179226 0.0886264 0.00240914 -0.00590698 -0.0020436 0.00240914 0.0100673 -0.018453 0.002401 -0.00590698 -0.018453 0.0901067 
0.00978342 -0.0180086 -0.002032 0.00238858 -0.0180086 0.0888581 0.00240321 -0.00590889 -0.002032 0.00240321 0.0100189 -0.0183637 0.00238858 -0.00590889 -0.0183637 0.0898688 
0.00982233 -0.0180838 -0.00201207 0.00235685 -0.0180838 0.0890598 0.00237307 -0.00583865 -0.00201207 0.00237307 0.00997889 -0.0183013 0.00235685 -0.00583865 -0.0183013 0.089662 
0.00984547 -0.0181173 -0.00198763 0.00234222 -0.0181173 0.0891793 0.00235602 -0.00579331 -0.00198763 0.00235602 0.00996185 -0.0182746 0.00234222 -0.00579331 -0.0182746 0.0895702 
0.00984223 -0.0181178 -0.00197057 0.00231522 -0.0181178 0.089187 0.00232202 -0.00572883 -0.00197057 0.00232202 0.00998683 -0.0182872 0.00231522 -0.00572883 -0.0182872 0.0896062 
0.00981417 -0.0181248 -0.00194965 0.00228921 -0.0181248 0.0892075 0.00228906 -0.00564302 -0.00194965 0.00228906 0.0100261 -0.0183104 0.00228921 -0.00564302 -0.0183104 0.0896508 
0.00976527 -0.0181137 -0.001928 0.00225272 -0.0181137 0.0892223 0.00224294 -0.00552586 -0.001928 0.00224294 0.0100556 -0.0183379 0.00225272 -0.00552586 -0.0183379 0.0896923 
0.00978281 -0.0180366 -0.00193636 0.00224183 -0.0180366 0.089091 0.00222578 -0.00547087 -0.00193636 0.00222578 0.0100268 -0.0183941 0.00224183 -0.00547087 -0.0183941 0.0898254 
0.00978725 -0.0180442 -0.00198244 0.00226837 -0.0180442 0.0890243 0.0022585 -0.00551922 -0.00198244 0.0022585 0.0100316 -0.0183751 0.00226837 -0.00551922 -0.0183751 0.0898788 
0.00978322 -0.0180403 -0.00197582 0.00227917 -0.0180403 0.0889834 0.002276 -0.00551705 -0.00197582 0.002276 0.010016 -0.0183659 0.00227917 -0.00551705 -0.0183659 0.0898402 
0.00979912 -0.0180716 -0.00195602 0.00230042 -0.0180716 0.0890617 0.00229783 -0.00559122 -0.00195602 0.00229783 0.0100065 -0.0183224 0.00230042 -0.00559122 -0.0183224 0.0897385 
0.00982645 -0.0180578 -0.00191076 0.00226649 -0.0180578 0.0890335 0.00225794 -0.00555031 -0.00191076 0.00225794 0.00997717 -0.018325 0.00226649 -0.00555031 -0.018325 0.0897049 
0.00981945 -0.0180908 -0.00187506 0.00222538 -0.0180908 0.0890718 0.00221855 -0.0054818 -0.00187506 0.00221855 0.00999372 -0.018297 0.00222538 -0.0054818 -0.018297 0.0896642 
0.00980501 -0.0180868 -0.00181536 0.0021529 -0.0180868 0.089091 0.00214665 -0.00530471 -0.00181536 0.00214665 0.00997462 -0.0182987 0.0021529 -0.00530471 -0.0182987 0.0896112 
0.00980651 -0.0180876 -0.00177135 0.0020916 -0.0180876 0.0891192 0.00208244 -0.00514548 -0.00177135 0.00208244 0.00994707 -0.0182622 0.0020916 -0.00514548 -0.0182622 0.0895329 
0.00982259 -0.0180609 -0.00175725 0.00205551 -0.0180609 0.0890568 0.00204606 -0.00504821 -0.00175725 0.00204606 0.0099202 -0.0182515 0.00205551 -0.00504821 -0.0182515 0.0895092 
0.00985494 -0.0181065 -0.00178406 0.00205652 -0.0181065 0.0891323 0.00205143 -0.00503903 -0.00178406 0.00205143 0.00990961 -0.0181961 0.00205652 -0.00503903 -0.0181961 0.0893915 
0.00987868 -0.018115 -0.00181918 0.0020979 -0.018115 0.0891484 0.00209829 -0.00512374 -0.00181918 0.00209829 0.00990561 -0.0182226 0.0020979 -0.00512374 -0.0182226 0.0894309 
0.00991415 -0.0181627 -0.00185844 0.00215047 -0.0181627 0.0892517 0.00215632 -0.00526474 -0.00185844 0.00215632 0.00991536 -0.0182253 0.00215047 -0.00526474 -0.0182253 0.0894812 
0.00993226 -0.0181807 -0.00182491 0.00215378 -0.0181807 0.0892901 0.00216192 -0.00528002 -0.00182491 0.00216192 0.00991065 -0.0182551 0.00215378 -0.00528002 -0.0182551 0.0895593 
0.00996658 -0.0182136 -0.00181754 0.00211163 -0.0182136 0.0893725 0.0021183 -0.00521522 -0.00181754 0.0021183 0.00988484 -0.0182441 0.00211163 -0.00521522 -0.0182441 0.0895692 
0.00998451 -0.0182613 -0.0017821 0.00208406 -0.0182613 0.0894859 0.00208901 -0.00511027 -0.0017821 0.00208901 0.00984885 -0.0182022 0.00208406 -0.00511027 -0.0182022 0.0894875 
0.00995694 -0.0182889 -0.00174896 0.00202795 -0.0182889 0.0895818 0.00203099 -0.00496652 -0.00174896 0.00203099 0.00981509 -0.0181421 0.00202795 -0.00496652 -0.0181421 0.0893312 
0.00992352 -0.0182752 -0.00176516 0.002035 -0.0182752 0.0896273 0.00203615 -0.00496829 -0.00176516 0.00203615 0.00981464 -0.0180955 0.002035 -0.00496829 -0.0180955 0.0892037 
0.00989104 -0.0181874 -0.00182486 0.00209777 -0.0181874 0.08945 0.00209762 -0.0051207 -0.00182486 0.00209762 0.00985331 -0.0181405 0.00209777 -0.0051207 -0.0181405 0.0892855 
0.00988788 -0.0181282 -0.00184807 0.00214591 -0.0181282 0.0892434 0.00214645 -0.00523677 -0.00184807 0.00214645 0.00986176 -0.0181805 0.00214591 -0.00523677 -0.0181805 0.0893692 
0.00994962 -0.0181538 -0.00184818 0.00216682 -0.0181538 0.0892355 0.00217089 -0.00531661 -0.00184818 0.00217089 0.00981702 -0.0181527 0.00216682 -0.00531661 -0.0181527 0.089312 
0.0100169 -0.018274 -0.00187794 0.00216945 -0.018274 0.0894786 0.00217645 -0.00535559 -0.00187794 0.00217645 0.00979045 -0.0180656 0.00216945 -0.00535559 -0.0180656 0.0891109 
0.0100395 -0.0183276 -0.00187821 0.00217815 -0.0183276 0.0896385 0.00218506 -0.00534608 -0.00187821 0.00218506 0.00977146 -0.0180534 0.00217815 -0.00534608 -0.0180534 0.0890141 
0.0100356 -0.018345 -0.00183111 0.00217794 -0.018345 0.0897152 0.00217908 -0.00533706 -0.00183111 0.00217908 0.00977284 -0.0180448 0.00217794 -0.00533706 -0.0180448 0.0889869 
0.0100425 -0.0183549 -0.00185161 0.00214029 -0.0183549 0.0897764 0.00213348 -0.00528622 -0.00185161 0.00213348 0.00979373 -0.0180414 0.00214029 -0.00528622 -0.0180414 0.088969 
0.0100395 -0.018401 -0.00188453 0.00217318 -0.018401 0.0899153 0.00216104 -0.00530783 -0.00188453 0.00216104 0.00983052 -0.0180382 0.00217318 -0.00530783 -0.0180382 0.0889234 
0.0100108 -0.0183823 -0.00190492 0.00220879 -0.0183823 0.0899263 0.00219664 -0.0053768 -0.00190492 0.00219664 0.00989313 -0.0181106 0.00220879 -0.0053768 -0.0181106 0.0890535 
0.0100053 -0.0183287 -0.00187249 0.00220773 -0.0183287 0.0898153 0.00219996 -0.00538292 -0.00187249 0.00219996 0.00989373 -0.0182079 0.00220773 -0.00538292 -0.0182079 0.0892891 
0.0100115 -0.0183222 -0.00184202 0.00216557 -0.0183222 0.0897612 0.00216583 -0.00532425 -0.00184202 0.00216583 0.00986751 -0.0182135 0.00216557 -0.00532425 -0.0182135 0.0894058 
0.010021 -0.0183206 -0.00181527 0.00212087 -0.0183206 0.089731 0.00212824 -0.00522311 -0.00181527 0.00212824 0.00983591 -0.0181926 0.00212087 -0.00522311 -0.0181926 0.0894266 
0.0100596 -0.0182957 -0.00177218 0.00209167 -0.0182957 0.089639 0.00210013 -0.00514256 -0.00177218 0.00210013 0.00977029 -0.0181792 0.00209167 -0.00514256 -0.0181792 0.0894364 
0.0101103 -0.0183557 -0.001706 0.0020253 -0.0183557 0.0897025 0.00203633 -0.00499574 -0.001706 0.00203633 0.00969223 -0.018072 0.0020253 -0.00499574 -0.018072 0.0892386 
0.0101426 -0.0184643 -0.00166917 0.00196021 -0.0184643 0.0899605 0.00196726 -0.00484527 -0.00166917 0.00196726 0.00966661 -0.017932 0.00196021 -0.00484527 -0.017932 0.0888843 
0.0101111 -0.018463 -0.0016848 0.00191837 -0.018463 0.0900193 0.00191512 -0.00470846 -0.0016848 0.00191512 0.00970329 -0.0179297 0.00191837 -0.00470846 -0.0179297 0.088762 
0.0101142 -0.0184219 -0.00168659 0.00194016 -0.0184219 0.0899652 0.00192743 -0.00468255 -0.00168659 0.00192743 0.00969774 -0.0179646 0.00194016 -0.00468255 -0.0179646 0.0887609 
0.0101611 -0.018443 -0.0016775 0.00196789 -0.018443 0.089988 0.00195668 -0.00475868 -0.0016775 0.00195668 0.00967677 -0.0179631 0.00196789 -0.00475868 -0.0179631 0.0887918 
0.0101836 -0.0184922 -0.00167712 0.00196824 -0.0184922 0.0900754 0.00196424 -0.00481622 -0.00167712 0.00196424 0.00967706 -0.0179513 0.00196824 -0.00481622 -0.0179513 0.0887928 
0.010155 -0.0185113 -0.00174901 0.00196953 -0.0185113 0.0901423 0.00196942 -0.00484417 -0.00174901 0.00196942 0.00970443 -0.0179682 0.00196953 -0.00484417 -0.0179682 0.0888335 
0.0101293 -0.0185073 -0.00181639 0.00205514 -0.0185073 0.0902001 0.00205815 -0.00498509 -0.00181639 0.00205815 0.00975288 -0.0179912 0.00205514 -0.00498509 -0.0179912 0.088888 
0.0101231 -0.0184654 -0.00183749 0.00212151 -0.0184654 0.0901348 0.00212169 -0.00513943 -0.00183749 0.00212169 0.00977439 -0.0180488 0.00212151 -0.00513943 -0.0180488 0.0889937 
0.0101328 -0.0184778 -0.00180938 0.00215064 -0.0184778 0.0901421 0.00214458 -0.00524541 -0.00180938 0.00214458 0.00977986 -0.0180614 0.00215064 -0.00524541 -0.0180614 0.0890467 
0.0101117 -0.0184851 -0.00177415 0.00210961 -0.0184851 0.0901579 0.00210026 -0.0052055 -0.00177415 0.00210026 0.00979757 -0.018076 0.00210961 -0.0052055 -0.018076 0.0890965 
0.0101182 -0.0184423 -0.00175409 0.00206266 -0.0184423 0.0900811 0.0020546 -0.0050967 -0.00175409 0.0020546 0.00978663 -0.0181189 0.00206266 -0.0050967 -0.0181189 0.0892059 
0.0101145 -0.0184414 -0.0017757 0.00203033 -0.0184414 0.0900297 0.00202907 -0.00499689 -0.0017757 0.00202907 0.00978438 -0.0181096 0.00203033 -0.00499689 -0.0181096 0.0892434 
0.0101301 -0.0184319 -0.00179906 0.00206674 -0.0184319 0.0899957 0.00207107 -0.00503545 -0.00179906 0.00207107 0.00978938 -0.0181126 0.00206674 -0.00503545 -0.0181126 0.0892623 
0.0100948 -0.0184456 -0.00181078 0.00208874 -0.0184456 0.0899926 0.00209415 -0.00509199 -0.00181078 0.00209415 0.00981639 -0.0181103 0.00208874 -0.00509199 -0.0181103 0.089247 
0.0100868 -0.0184062 -0.00180901 0.002101 -0.0184062 0.0899372 0.0021026 -0.00512757 -0.00180901 0.0021026 0.00983428 -0.0181417 0.002101 -0.00512757 -0.0181417 0.0892899 
0.0100494 -0.0183493 -0.00179283 0.00208951 -0.0183493 0.0897567 0.00208601 -0.00510711 -0.00179283 0.00208601 0.00986704 -0.0181977 0.00208951 -0.00510711 -0.0181977 0.089436 
0.0100565 -0.0183219 -0.00178957 0.00205394 -0.0183219 0.0896619 0.00204516 -0.00501389 -0.00178957 0.00204516 0.00984527 -0.0182171 0.00205394 -0.00501389 -0.0182171 0.0895005 
0.010098 -0.0183573 -0.00178968 0.00205843 -0.0183573 0.0897163 0.00205399 -0.00499422 -0.00178968 0.00205399 0.00980094 -0.0181711 0.00205843 -0.00499422 -0.0181711 0.0894307 
0.0101189 -0.0184446 -0.00177589 0.00206481 -0.0184446 0.0899266 0.00206598 -0.00501628 -0.00177589 0.00206598 0.0097817 -0.0180919 0.00206481 -0.00501628 -0.0180919 0.089245 
0.010161 -0.0184721 -0.0017521 0.00207142 -0.0184721 0.0900711 0.00206802 -0.00505947 -0.0017521 0.00206802 0.00974315 -0.018072 0.00207142 -0.00505947 -0.018072 0.0891391 
0.0102475 -0.0185404 -0.00175331 0.00206821 -0.0185404 0.0902495 0.00206231 -0.00509557 -0.00175331 0.00206231 0.00969745 -0.0180308 0.00206821 -0.00509557 -0.0180308 0.0890604 
0.0103027 -0.0186711 -0.00173694 0.00205402 -0.0186711 0.0905557 0.00205407 -0.00507165 -0.00173694 0.00205407 0.00967816 -0.0179527 0.00205402 -0.00507165 -0.0179527 0.0888736 
0.0103025 -0.0186836 -0.00171387 0.00199977 -0.0186836 0.0906413 0.00200512 -0.00494848 -0.00171387 0.00200512 0.00966226 -0.0179604 0.00199977 -0.00494848 -0.0179604 0.0888276 
0.0103263 -0.0186756 -0.00169568 0.00198043 -0.0186756 0.0906426 0.00199053 -0.00488224 -0.00169568 0.00199053 0.00963609 -0.0179514 0.00198043 -0.00488224 -0.0179514 0.0888226 
0.0103613 -0.018671 -0.00171774 0.00198523 -0.018671 0.0905888 0.00199558 -0.00489988 -0.00171774 0.00199558 0.00961636 -0.0179572 0.00198523 -0.00489988 -0.0179572 0.0888792 
0.0103554 -0.0187321 -0.00177857 0.0020043 -0.0187321 0.0906816 0.00201469 -0.00492659 -0.00177857 0.00201469 0.00963653 -0.0179197 0.0020043 -0.00492659 -0.0179197 0.0888277 
0.0103421 -0.0187186 -0.0018408 0.00205775 -0.0187186 0.090697 0.00206525 -0.00499543 -0.0018408 0.00206525 0.00966256 -0.0179462 0.00205775 -0.00499543 -0.0179462 0.0888379 
0.0103447 -0.0187168 -0.00185582 0.00212344 -0.0187168 0.0907051 0.00212621 -0.00511551 -0.00185582 0.00212621 0.00967022 -0.0179623 0.00212344 -0.00511551 -0.0179623 0.0888584 
0.0103338 -0.0187395 -0.00183542 0.00214948 -0.0187395 0.0907676 0.00214865 -0.00521278 -0.00183542 0.00214865 0.00970373 -0.0179612 0.00214948 -0.00521278 -0.0179612 0.0888542 
0.0103505 -0.0187547 -0.00182275 0.00214187 -0.0187547 0.0908559 0.00213503 -0.00524343 -0.00182275 0.00213503 0.00973316 -0.0179949 0.00214187 -0.00524343 -0.0179949 0.0889001 
0.0103813 -0.0187519 -0.00178111 0.00209167 -0.0187519 0.0908507 0.00208005 -0.00512034 -0.00178111 0.00208005 0.00971842 -0.0180405 0.00209167 -0.00512034 -0.0180405 0.0889958 
0.0103915 -0.0187568 -0.00176345 0.00204522 -0.0187568 0.0908185 0.00203219 -0.00499798 -0.00176345 0.00203219 0.00971958 -0.0180656 0.00204522 -0.00499798 -0.0180656 0.089133 
0.0104339 -0.0188309 -0.0017721 0.00205168 -0.0188309 0.0910046 0.00204258 -0.00499326 -0.0017721 0.00204258 0.00974567 -0.01805 0.00205168 -0.00499326 -0.01805 0.0891542 
0.0104377 -0.0188187 -0.00176382 0.00202564 -0.0188187 0.0909842 0.00202041 -0.00492283 -0.00176382 0.00202041 0.00974349 -0.0181222 0.00202564 -0.00492283 -0.0181222 0.089303 
0.0104508 -0.0188277 -0.00177211 0.00203046 -0.0188277 0.0909949 0.00202907 -0.00492864 -0.00177211 0.00202907 0.00971595 -0.0181245 0.00203046 -0.00492864 -0.0181245 0.0893847 
0.0104827 -0.0188775 -0.00173763 0.00201881 -0.0188775 0.0911171 0.00202353 -0.0048964 -0.00173763 0.00202353 0.009665 -0.0180566 0.00201881 -0.0048964 -0.0180566 0.0892605 
0.0104795 -0.0188869 -0.0017074 0.00197845 -0.0188869 0.0911484 0.00198699 -0.00483026 -0.0017074 0.00198699 0.00964444 -0.0180122 0.00197845 -0.00483026 -0.0180122 0.0891502 
0.0104607 -0.0188482 -0.00168344 0.00194046 -0.0188482 0.0910565 0.00194538 -0.00473763 -0.00168344 0.00194538 0.00961018 -0.0179867 0.00194046 -0.00473763 -0.0179867 0.0890501 
0.010457 -0.0188571 -0.00168384 0.00193995 -0.0188571 0.0910674 0.00193764 -0.00472085 -0.00168384 0.00193764 0.00959675 -0.0179216 0.00193995 -0.00472085 -0.0179216 0.0888939 
0.0104663 -0.0188603 -0.00169288 0.00196524 -0.0188603 0.0910898 0.00195651 -0.00477792 -0.00169288 0.00195651 0.00959775 -0.0178967 0.00196524 -0.00477792 -0.0178967 0.0887777 
0.0104757 -0.0189116 -0.00167982 0.00196215 -0.0189116 0.0912228 0.00195179 -0.00477781 -0.00167982 0.00195179 0.00961516 -0.017865 0.00196215 -0.00477781 -0.017865 0.0886517 
0.0104899 -0.0189224 -0.00165542 0.00194508 -0.0189224 0.0912961 0.00193574 -0.00475199 -0.00165542 0.00193574 0.00962331 -0.0178943 0.00194508 -0.00475199 -0.0178943 0.0886589 
0.0105356 -0.0188948 -0.00163135 0.00192667 -0.0188948 0.0912256 0.00191942 -0.00472901 -0.00163135 0.00191942 0.00962316 -0.0179558 0.00192667 -0.00472901 -0.0179558 0.0888332 
0.010559 -0.0189511 -0.00163969 0.00187492 -0.0189511 0.0912782 0.0018763 -0.00462111 -0.00163969 0.0018763 0.0096091 -0.0179536 0.00187492 -0.00462111 -0.0179536 0.0888941 
