0.0074219 0 -0.00122094 0 0 0.01 0 0 -0.00122094 0 0.00760675 0 0 0 0 0.01 
0.0104493 -0.0129847 -0.00152849 0.00185784 -0.0129847 0.0340708 0.00185784 -0.00356234 -0.00152849 0.00185784 0.0106915 -0.0132713 0.00185784 -0.00356234 -0.0132713 0.0346214 
0.0105011 -0.0197115 -0.00141219 0.00204245 -0.0197115 0.072239 0.00204245 -0.00635336 -0.00141219 0.00204245 0.0106437 -0.019961 0.00204245 -0.00635336 -0.019961 0.0729645 
0.00991372 -0.019358 -0.00134074 0.00149505 -0.019358 0.0865297 0.0015009 -0.00452865 -0.00134074 0.0015009 0.0100287 -0.0193411 0.00149505 -0.00452865 -0.0193411 0.0863401 
0.00990589 -0.0185632 -0.00144029 0.00145008 -0.0185632 0.089156 0.00145327 -0.00359518 -0.00144029 0.00145327 0.0099641 -0.0185469 0.00145008 -0.00359518 -0.0185469 0.0888164 
0.0101606 -0.018477 -0.00148688 0.00160631 -0.018477 0.0898382 0.00160849 -0.00372533 -0.00148688 0.00160849 0.010083 -0.0184528 0.00160631 -0.00372533 -0.0184528 0.0896572 
0.0103203 -0.018689 -0.00144887 0.00164215 -0.018689 0.090469 0.00164609 -0.00390197 -0.00144887 0.00164609 0.0101595 -0.0185218 0.00164215 -0.00390197 -0.0185218 0.0901462 
0.0103903 -0.0188139 -0.00141249 0.00159428 -0.0188139 0.0909117 0.00159493 -0.0038761 -0.00141249 0.00159493 0.0101751 -0.0185726 0.00159428 -0.0038761 -0.0185726 0.0903997 
0.0104311 -0.0188581 -0.00139211 0.00153633 -0.0188581 0.0910917 0.00153418 -0.00372329 -0.00139211 0.00153418 0.0101405 -0.0185717 0.00153633 -0.00372329 -0.0185717 0.0904529 
0.0103847 -0.0188912 -0.00138389 0.0015315 -0.0188912 0.0911671 0.00152849 -0.00366696 -0.00138389 0.00152849 0.0101696 -0.0185268 0.0015315 -0.00366696 -0.0185268 0.0903789 
0.0103705 -0.0188389 -0.00136469 0.0015435 -0.0188389 0.0911213 0.00154266 -0.00368969 -0.00136469 0.00154266 0.0101958 -0.01859 0.0015435 -0.00368969 -0.01859 0.0904748 
0.0103277 -0.0188135 -0.0013434 0.00150601 -0.0188135 0.0910289 0.00150866 -0.00363685 -0.0013434 0.00150866 0.010208 -0.0186225 0.00150601 -0.00363685 -0.0186225 0.0905769 
0.0103395 -0.018785 -0.00133902 0.00149236 -0.018785 0.09099 0.00149127 -0.00359724 -0.00133902 0.00149127 0.0101772 -0.0186303 0.00149236 -0.00359724 -0.0186303 0.0906226 
0.0103515 -0.0187977 -0.00134383 0.00148771 -0.0187977 0.090989 0.00148186 -0.00356956 -0.00134383 0.00148186 0.0101403 -0.018591 0.00148771 -0.00356956 -0.018591 0.090576 
0.0103901 -0.0188144 -0.00134406 0.0014928 -0.0188144 0.0910264 0.00148357 -0.00356409 -0.00134406 0.00148357 0.0100853 -0.0185329 0.0014928 -0.00356409 -0.0185329 0.0904412 
0.0104176 -0.0188393 -0.00134092 0.00150034 -0.0188393 0.091059 0.00149436 -0.00358577 -0.00134092 0.00149436 0.0100578 -0.0184974 0.00150034 -0.00358577 -0.0184974 0.0903686 
0.0104527 -0.0189058 -0.00135979 0.00151714 -0.0189058 0.0912302 0.00151797 -0.00365274 -0.00135979 0.00151797 0.0100595 -0.0184486 0.00151714 -0.00365274 -0.0184486 0.0902441 
0.0104334 -0.0189632 -0.00137204 0.00151317 -0.0189632 0.0914022 0.00151395 -0.00364689 -0.00137204 0.00151395 0.0100601 -0.0184064 0.00151317 -0.00364689 -0.0184064 0.0900672 
0.0104415 -0.0189543 -0.00138426 0.00153751 -0.0189543 0.0914855 0.00153594 -0.0036821 -0.00138426 0.00153594 0.0100738 -0.0184251 0.00153751 -0.0036821 -0.0184251 0.0900593 
0.0103988 -0.0189378 -0.0013854 0.00155007 -0.0189378 0.0914415 0.00154996 -0.00372223 -0.0013854 0.00154996 0.0100998 -0.0184532 0.00155007 -0.00372223 -0.0184532 0.0901187 
0.0103826 -0.0188999 -0.00137024 0.00155636 -0.0188999 0.0913849 0.00155897 -0.00375844 -0.00137024 0.00155897 0.01012 -0.0184751 0.00155636 -0.00375844 -0.0184751 0.0901719 
0.0103415 -0.0188637 -0.00134198 0.00152438 -0.0188637 0.0912761 0.00152922 -0.00370691 -0.00134198 0.00152922 0.0101588 -0.0185161 0.00152438 -0.00370691 -0.0185161 0.0902806 
0.0103137 -0.0188095 -0.00134829 0.00150371 -0.0188095 0.0911479 0.00150946 -0.00366325 -0.00134829 0.00150946 0.010199 -0.0185801 0.00150371 -0.00366325 -0.0185801 0.0904473 
0.0103055 -0.0187798 -0.00136022 0.001529 -0.0187798 0.0910595 0.00153727 -0.00370492 -0.00136022 0.00153727 0.0102527 -0.018647 0.001529 -0.00370492 -0.018647 0.0906451 
0.0102855 -0.0187608 -0.00136875 0.00153262 -0.0187608 0.0909768 0.00154005 -0.00372434 -0.00136875 0.00154005 0.0102667 -0.0187015 0.00153262 -0.00372434 -0.0187015 0.0907904 
0.0102859 -0.0187599 -0.00138113 0.00152275 -0.0187599 0.0909801 0.00153 -0.00369037 -0.00138113 0.00153 0.0102531 -0.0186976 0.00152275 -0.00369037 -0.0186976 0.0908176 
0.010269 -0.0187342 -0.00138422 0.00151881 -0.0187342 0.0909024 0.00152475 -0.0036498 -0.00138422 0.00152475 0.0102099 -0.0186826 0.00151881 -0.0036498 -0.0186826 0.0907941 
0.0102742 -0.0187227 -0.00137301 0.00153864 -0.0187227 0.0908701 0.00154078 -0.00367697 -0.00137301 0.00154078 0.0101767 -0.0186292 0.00153864 -0.00367697 -0.0186292 0.0907011 
0.0102764 -0.0187165 -0.00136038 0.00152112 -0.0187165 0.090824 0.00151868 -0.00365576 -0.00136038 0.00151868 0.0101432 -0.0185715 0.00152112 -0.00365576 -0.0185715 0.0905412 
0.0103057 -0.0187262 -0.00135401 0.00150504 -0.0187262 0.0908232 0.00149605 -0.00361021 -0.00135401 0.00149605 0.0100758 -0.0184994 0.00150504 -0.00361021 -0.0184994 0.0903242 
0.010342 -0.0187467 -0.001349 0.00150275 -0.0187467 0.0908363 0.00148937 -0.0035857 -0.001349 0.00148937 0.010016 -0.018426 0.00150275 -0.0035857 -0.018426 0.0901338 
0.0103558 -0.0188134 -0.00134835 0.00152575 -0.0188134 0.090987 0.00151297 -0.00364693 -0.00134835 0.00151297 0.0100054 -0.0183487 0.00152575 -0.00364693 -0.0183487 0.0899304 
0.0103843 -0.0188352 -0.00136832 0.00153762 -0.0188352 0.0910954 0.00152591 -0.00371175 -0.00136832 0.00152591 0.00997359 -0.0183296 0.00153762 -0.00371175 -0.0183296 0.0898072 
0.0104223 -0.0188712 -0.00140372 0.00157999 -0.0188712 0.0911971 0.0015723 -0.0038204 -0.00140372 0.0015723 0.00996979 -0.0183215 0.00157999 -0.0038204 -0.0183215 0.089804 
0.0105051 -0.0188944 -0.00144307 0.0015759 -0.0188944 0.0912407 0.0015732 -0.0038121 -0.00144307 0.0015732 0.00988446 -0.0183245 0.0015759 -0.0038121 -0.0183245 0.0898146 
0.0105683 -0.0190262 -0.00146227 0.00163789 -0.0190262 0.0915115 0.00164063 -0.00392129 -0.00146227 0.00164063 0.00988273 -0.018223 0.00163789 -0.00392129 -0.018223 0.0896734 
0.0105453 -0.0190789 -0.00143616 0.00163702 -0.0190789 0.0916839 0.00164589 -0.003955 -0.00143616 0.00164589 0.00993584 -0.0182361 0.00163702 -0.003955 -0.0182361 0.0896317 
0.010482 -0.019031 -0.00139544 0.00161239 -0.019031 0.0916492 0.00162395 -0.00393314 -0.00139544 0.00162395 0.0100394 -0.0183443 0.00161239 -0.00393314 -0.0183443 0.0898565 
0.0103975 -0.0189562 -0.00136701 0.00155715 -0.0189562 0.0914972 0.00156665 -0.00382564 -0.00136701 0.00156665 0.0101248 -0.0184648 0.00155715 -0.00382564 -0.0184648 0.0901438 
0.0103489 -0.0188679 -0.00134523 0.00152276 -0.0188679 0.0913048 0.00152673 -0.00371805 -0.00134523 0.00152673 0.010164 -0.0185484 0.00152276 -0.00371805 -0.0185484 0.0903738 
0.0103534 -0.0187862 -0.00135465 0.00152686 -0.0187862 0.0910701 0.00152803 -0.00371363 -0.00135465 0.00152803 0.0101729 -0.018627 0.00152686 -0.00371363 -0.018627 0.0906228 
0.0103624 -0.018822 -0.00135749 0.00151253 -0.018822 0.091068 0.00151376 -0.00366519 -0.00135749 0.00151376 0.0101716 -0.018592 0.00151253 -0.00366519 -0.018592 0.090604 
0.0103066 -0.018836 -0.00134447 0.00148725 -0.018836 0.0911002 0.00148821 -0.0035797 -0.00134447 0.00148821 0.0101805 -0.0185564 0.00148725 -0.0035797 -0.0185564 0.0904759 
0.0101872 -0.0187426 -0.00133304 0.00147513 -0.0187426 0.0909346 0.00147281 -0.00352757 -0.00133304 0.00147281 0.0102225 -0.0185856 0.00147513 -0.00352757 -0.0185856 0.0904928 
0.0101663 -0.0185882 -0.00134957 0.00150867 -0.0185882 0.0906182 0.00150037 -0.00360227 -0.00134957 0.00150037 0.010238 -0.0186727 0.00150867 -0.00360227 -0.0186727 0.0906904 
0.0101406 -0.0185598 -0.00133721 0.00151242 -0.0185598 0.09043 0.00150322 -0.003619 -0.00133721 0.00150322 0.0102707 -0.0186814 0.00151242 -0.003619 -0.0186814 0.0907751 
0.0101345 -0.0185558 -0.00132162 0.00150033 -0.0185558 0.0904072 0.00149397 -0.00361215 -0.00132162 0.00149397 0.0103059 -0.0187031 0.00150033 -0.00361215 -0.0187031 0.0908088 
0.0100901 -0.0185581 -0.0012761 0.00144645 -0.0185581 0.0904111 0.00144661 -0.00349142 -0.0012761 0.00144661 0.0103277 -0.0187173 0.00144645 -0.00349142 -0.0187173 0.0908064 
0.0101371 -0.0185154 -0.00127926 0.00141944 -0.0185154 0.0903725 0.00142405 -0.00343727 -0.00127926 0.00142405 0.0102934 -0.0187508 0.00141944 -0.00343727 -0.0187508 0.0908719 
0.0101524 -0.0185672 -0.00129652 0.00141414 -0.0185672 0.0904148 0.00141959 -0.00340151 -0.00129652 0.00141959 0.0102702 -0.0186949 0.00141414 -0.00340151 -0.0186949 0.0907909 
0.0102176 -0.018598 -0.00129952 0.00144455 -0.018598 0.0905146 0.00144627 -0.00344229 -0.00129952 0.00144627 0.01022 -0.0186616 0.00144455 -0.00344229 -0.0186616 0.0906863 
0.0102842 -0.0186935 -0.00128502 0.00145492 -0.0186935 0.0907192 0.00145549 -0.00349 -0.00128502 0.00145549 0.0101625 -0.018584 0.00145492 -0.00349 -0.018584 0.090504 
0.0102816 -0.0187655 -0.0012758 0.00142194 -0.0187655 0.0909062 0.00142428 -0.0034465 -0.0012758 0.00142428 0.0101273 -0.0185108 0.00142194 -0.0034465 -0.0185108 0.0903052 
0.0102485 -0.0187558 -0.00127626 0.00141552 -0.0187558 0.0909617 0.00141954 -0.00341762 -0.00127626 0.00141954 0.0101336 -0.0184786 0.00141552 -0.00341762 -0.0184786 0.090191 
0.0101569 -0.0186981 -0.00126175 0.0013872 -0.0186981 0.0908528 0.00139605 -0.0033381 -0.00126175 0.00139605 0.0101687 -0.0184837 0.0013872 -0.0033381 -0.0184837 0.090158 
0.0101169 -0.0185801 -0.00124658 0.00139722 -0.0185801 0.090618 0.00140538 -0.00334609 -0.00124658 0.00140538 0.01021 -0.0185564 0.00139722 -0.00334609 -0.0185564 0.090312 
0.0100616 -0.0184961 -0.00122148 0.00137584 -0.0184961 0.0903237 0.00137834 -0.00331395 -0.00122148 0.00137834 0.0102251 -0.0186156 0.00137584 -0.00331395 -0.0186156 0.0904813 
0.00998805 -0.0184271 -0.00119058 0.0013595 -0.0184271 0.0901059 0.00135509 -0.00327906 -0.00119058 0.00135509 0.0102491 -0.0186332 0.0013595 -0.00327906 -0.0186332 0.0905787 
0.00992291 -0.0183588 -0.00117662 0.00132358 -0.0183588 0.0899511 0.0013152 -0.00320088 -0.00117662 0.0013152 0.0102829 -0.0186461 0.00132358 -0.00320088 -0.0186461 0.0906136 
0.00989067 -0.0182534 -0.00116968 0.00130465 -0.0182534 0.0896912 0.00129682 -0.00313406 -0.00116968 0.00129682 0.0102957 -0.0186988 0.00130465 -0.00313406 -0.0186988 0.0907176 
0.00990528 -0.0182034 -0.00120291 0.00134367 -0.0182034 0.0895055 0.00133617 -0.00322234 -0.00120291 0.00133617 0.0103141 -0.0187488 0.00134367 -0.00322234 -0.0187488 0.0908871 
0.00994989 -0.0182509 -0.00118935 0.00134163 -0.0182509 0.0895446 0.00133675 -0.0032158 -0.00118935 0.00133675 0.0102879 -0.0187221 0.00134163 -0.0032158 -0.0187221 0.0908439 
0.00999009 -0.018305 -0.00118878 0.00132696 -0.018305 0.0896624 0.00132954 -0.00320367 -0.00118878 0.00132954 0.0102774 -0.0186985 0.00132696 -0.00320367 -0.0186985 0.0907902 
0.0100204 -0.0183858 -0.00116689 0.00132499 -0.0183858 0.0898786 0.00133866 -0.00320769 -0.00116689 0.00133866 0.0102784 -0.0186587 0.00132499 -0.00320769 -0.0186587 0.0906703 
0.0099929 -0.0184246 -0.0011447 0.00127021 -0.0184246 0.0900239 0.00128563 -0.00309785 -0.0011447 0.00128563 0.0102885 -0.0186518 0.00127021 -0.00309785 -0.0186518 0.0906 
0.00992736 -0.0184005 -0.00110985 0.00125311 -0.0184005 0.0900535 0.0012594 -0.0030194 -0.00110985 0.0012594 0.0103254 -0.0186576 0.00125311 -0.0030194 -0.0186576 0.0905831 
0.00983956 -0.0182937 -0.00107017 0.0012318 -0.0182937 0.0898587 0.00122251 -0.00296025 -0.00107017 0.00122251 0.0104127 -0.0187384 0.0012318 -0.00296025 -0.0187384 0.0907527 
0.00977159 -0.0181772 -0.0010494 0.00118541 -0.0181772 0.0895714 0.00117232 -0.00286277 -0.0010494 0.00117232 0.0104729 -0.0188404 0.00118541 -0.00286277 -0.0188404 0.0909777 
0.0097757 -0.0181164 -0.00104749 0.00119182 -0.0181164 0.0894004 0.00118602 -0.00287287 -0.00104749 0.00118602 0.0105118 -0.0189223 0.00119182 -0.00287287 -0.0189223 0.0912126 
0.00979779 -0.0181089 -0.00106581 0.00120707 -0.0181089 0.0893103 0.00120655 -0.00293596 -0.00106581 0.00120655 0.0105418 -0.0189926 0.00120707 -0.00293596 -0.0189926 0.0914399 
0.00984826 -0.0181468 -0.00109585 0.00117839 -0.0181468 0.0893495 0.00118174 -0.00286761 -0.00109585 0.00118174 0.0104788 -0.018995 0.00117839 -0.00286761 -0.018995 0.0914828 
0.00985469 -0.0182284 -0.00110973 0.00118297 -0.0182284 0.0895316 0.00119567 -0.00281953 -0.00110973 0.00119567 0.0104352 -0.0189015 0.00118297 -0.00281953 -0.0189015 0.0913264 
0.00983765 -0.0182477 -0.00111853 0.00122351 -0.0182477 0.0896631 0.00123898 -0.00290046 -0.00111853 0.00123898 0.0104362 -0.0188462 0.00122351 -0.00290046 -0.0188462 0.091161 
0.00974193 -0.0182059 -0.0011149 0.00123973 -0.0182059 0.0896073 0.00124766 -0.00295879 -0.0011149 0.00124766 0.0104865 -0.0188509 0.00123973 -0.00295879 -0.0188509 0.0911081 
0.00973316 -0.0181018 -0.00113108 0.00125584 -0.0181018 0.089433 0.00125294 -0.00301014 -0.00113108 0.00125294 0.0104929 -0.0189 0.00125584 -0.00301014 -0.0189 0.0911604 
0.00977917 -0.018059 -0.00117577 0.00130924 -0.018059 0.0892436 0.00129926 -0.00313894 -0.00117577 0.00129926 0.0104811 -0.0189437 0.00130924 -0.00313894 -0.0189437 0.0913033 
0.00987953 -0.0181492 -0.00119556 0.00134034 -0.0181492 0.0893558 0.00133342 -0.00321997 -0.00119556 0.00133342 0.0104176 -0.0188884 0.00134034 -0.00321997 -0.0188884 0.0912143 
0.00995297 -0.018277 -0.00123027 0.00135943 -0.018277 0.0896224 0.00135926 -0.00329098 -0.00123027 0.00135926 0.0103534 -0.0188 0.00135943 -0.00329098 -0.0188 0.0910124 
0.00999697 -0.018377 -0.001237 0.00138699 -0.018377 0.0899092 0.00139115 -0.00334736 -0.001237 0.00139115 0.0103186 -0.0187156 0.00138699 -0.00334736 -0.0187156 0.0907859 
0.00999683 -0.0184262 -0.00123872 0.00138645 -0.0184262 0.0900848 0.00139246 -0.00336497 -0.00123872 0.00139246 0.0103331 -0.0186696 0.00138645 -0.00336497 -0.0186696 0.0906196 
0.0100034 -0.0184051 -0.00122381 0.00135979 -0.0184051 0.0900769 0.0013652 -0.00329165 -0.00122381 0.0013652 0.0102916 -0.0186937 0.00135979 -0.00329165 -0.0186937 0.0906053 
0.00998386 -0.0184005 -0.00119176 0.00133608 -0.0184005 0.0900374 0.0013381 -0.00321211 -0.00119176 0.0013381 0.0102731 -0.0186566 0.00133608 -0.00321211 -0.0186566 0.0905771 
0.00994861 -0.0183587 -0.00117076 0.00133017 -0.0183587 0.0899448 0.00132778 -0.00320009 -0.00117076 0.00132778 0.0102979 -0.0186709 0.00133017 -0.00320009 -0.0186709 0.0906305 
0.00995537 -0.0183176 -0.00115915 0.00130011 -0.0183176 0.0898387 0.00129266 -0.0031362 -0.00115915 0.00129266 0.0102735 -0.0186907 0.00130011 -0.0031362 -0.0186907 0.0906748 
0.010021 -0.0183282 -0.00117733 0.0012849 -0.0183282 0.0898128 0.00127554 -0.00307939 -0.00117733 0.00127554 0.0102047 -0.018655 0.0012849 -0.00307939 -0.018655 0.0906343 
0.0100335 -0.0183824 -0.00120156 0.00130201 -0.0183824 0.0898583 0.00129288 -0.00308151 -0.00120156 0.00129288 0.0101527 -0.0185847 0.00130201 -0.00308151 -0.0185847 0.0905145 
0.0100437 -0.018432 -0.0011909 0.00132273 -0.018432 0.0900056 0.00131155 -0.00311052 -0.0011909 0.00131155 0.010092 -0.0184703 0.00132273 -0.00311052 -0.0184703 0.0902187 
0.0100631 -0.0184169 -0.00118028 0.00133717 -0.0184169 0.0900105 0.00132599 -0.00317845 -0.00118028 0.00132599 0.010042 -0.0184289 0.00133717 -0.00317845 -0.0184289 0.0900742 
0.0101295 -0.0184241 -0.00121472 0.00134571 -0.0184241 0.0899993 0.00133912 -0.00324625 -0.00121472 0.00133912 0.0099611 -0.0183874 0.00134571 -0.00324625 -0.0183874 0.0899848 
0.0101418 -0.0185278 -0.0012227 0.0013793 -0.0185278 0.0901894 0.00137986 -0.00331646 -0.0012227 0.00137986 0.0099564 -0.0182696 0.0013793 -0.00331646 -0.0182696 0.0897447 
0.0100975 -0.0185297 -0.00120548 0.00138674 -0.0185297 0.090269 0.00139467 -0.00336805 -0.00120548 0.00139467 0.010026 -0.0182776 0.00138674 -0.00336805 -0.0182776 0.0896632 
0.0100503 -0.0184558 -0.00119629 0.00137713 -0.0184558 0.090147 0.00138225 -0.00337909 -0.00119629 0.00138225 0.0100931 -0.0183916 0.00137713 -0.00337909 -0.0183916 0.0898622 
0.0100976 -0.0184114 -0.00121369 0.00137327 -0.0184114 0.0900342 0.00137219 -0.00337183 -0.00121369 0.00137219 0.0100797 -0.0184685 0.00137327 -0.00337183 -0.0184685 0.0900761 
0.0101391 -0.0184771 -0.00122632 0.00136325 -0.0184771 0.0900926 0.00136229 -0.00331813 -0.00122632 0.00136229 0.0100208 -0.0184266 0.00136325 -0.00331813 -0.0184266 0.0900609 
0.0101981 -0.01856 -0.00125149 0.00138997 -0.01856 0.0903136 0.00139319 -0.00335673 -0.00125149 0.00139319 0.00997875 -0.0183426 0.00138997 -0.00335673 -0.0183426 0.089895 
0.0101895 -0.0186391 -0.00126261 0.00139682 -0.0186391 0.0905311 0.00140152 -0.00336567 -0.00126261 0.00140152 0.00996537 -0.0182622 0.00139682 -0.00336567 -0.0182622 0.0896525 
0.0101626 -0.0186368 -0.00127593 0.00139302 -0.0186368 0.0906248 0.00139672 -0.00334117 -0.00127593 0.00139672 0.00996006 -0.0182348 0.00139302 -0.00334117 -0.0182348 0.0895017 
0.0101306 -0.0185564 -0.00129778 0.00143632 -0.0185564 0.0904645 0.00143536 -0.003422 -0.00129778 0.00143536 0.009956 -0.018279 0.00143632 -0.003422 -0.018279 0.0895852 
0.0101683 -0.018514 -0.00132101 0.00150706 -0.018514 0.0903288 0.00150342 -0.00361213 -0.00132101 0.00150342 0.0099574 -0.0182988 0.00150706 -0.00361213 -0.0182988 0.0896959 
0.010243 -0.0185688 -0.00131063 0.00150897 -0.0185688 0.0903619 0.00150692 -0.00366713 -0.00131063 0.00150692 0.00991736 -0.018273 0.00150897 -0.00366713 -0.018273 0.0896573 
0.0103537 -0.0186497 -0.00130532 0.00147914 -0.0186497 0.0905009 0.00147781 -0.0036178 -0.00130532 0.00147781 0.0098157 -0.0182347 0.00147914 -0.0036178 -0.0182347 0.0895891 
0.0103651 -0.0187785 -0.00129598 0.0014691 -0.0187785 0.0907573 0.00147133 -0.00357869 -0.00129598 0.00147133 0.00979225 -0.0181233 0.0014691 -0.00357869 -0.0181233 0.0893999 
0.0103682 -0.0188092 -0.00129954 0.00147847 -0.0188092 0.0909484 0.00148133 -0.00360086 -0.00129954 0.00148133 0.00979617 -0.0180977 0.00147847 -0.00360086 -0.0180977 0.0892759 
0.0103774 -0.0188317 -0.00127838 0.0014536 -0.0188317 0.0910624 0.00145496 -0.00353681 -0.00127838 0.00145496 0.00977687 -0.0180697 0.0014536 -0.00353681 -0.0180697 0.089156 
0.010418 -0.018839 -0.00127782 0.001427 -0.018839 0.0911062 0.00142408 -0.00346122 -0.00127782 0.00142408 0.00972098 -0.0180451 0.001427 -0.00346122 -0.0180451 0.0890747 
0.0104576 -0.0188906 -0.0012591 0.0014154 -0.0188906 0.0912014 0.0014059 -0.0033879 -0.0012591 0.0014059 0.00969516 -0.01797 0.0014154 -0.0033879 -0.01797 0.0889195 
0.0104398 -0.0189274 -0.00126315 0.00141414 -0.0189274 0.0912888 0.00139946 -0.00337825 -0.00126315 0.00139946 0.00974228 -0.0179572 0.00141414 -0.00337825 -0.0179572 0.0888518 
0.010364 -0.018883 -0.0012828 0.00142807 -0.018883 0.0912247 0.00141024 -0.00339924 -0.0012828 0.00141024 0.009829 -0.0180493 0.00142807 -0.00339924 -0.0180493 0.0890177 
0.0103368 -0.0187897 -0.0013048 0.00146317 -0.0187897 0.0910501 0.00144802 -0.00347627 -0.0013048 0.00144802 0.00988541 -0.018186 0.00146317 -0.00347627 -0.018186 0.0893564 
0.0103712 -0.0187444 -0.00132891 0.00150962 -0.0187444 0.0908876 0.00150406 -0.00361688 -0.00132891 0.00150406 0.00992972 -0.0182883 0.00150962 -0.00361688 -0.0182883 0.0897078 
0.0104556 -0.0187948 -0.00135136 0.00152781 -0.0187948 0.0909105 0.00153286 -0.00370708 -0.00135136 0.00153286 0.00992983 -0.0183376 0.00152781 -0.00370708 -0.0183376 0.089909 
0.0104769 -0.0188829 -0.00136459 0.00150729 -0.0188829 0.0910412 0.00151942 -0.0036656 -0.00136459 0.00151942 0.00992515 -0.0183297 0.00150729 -0.0036656 -0.0183297 0.0899516 
0.0104602 -0.0189496 -0.00137858 0.00154166 -0.0189496 0.091267 0.00155583 -0.00372439 -0.00137858 0.00155583 0.00996398 -0.0183084 0.00154166 -0.00372439 -0.0183084 0.0899109 
0.010406 -0.0189269 -0.00137383 0.00154152 -0.0189269 0.0913071 0.00155443 -0.00373429 -0.00137383 0.00155443 0.0100021 -0.0183458 0.00154152 -0.00373429 -0.0183458 0.0899341 
0.0103257 -0.0188453 -0.00138509 0.00153948 -0.0188453 0.0911631 0.00155116 -0.0037366 -0.00138509 0.00155116 0.0100492 -0.01841 0.00153948 -0.0037366 -0.01841 0.0900736 
0.0102871 -0.018773 -0.00138818 0.00156423 -0.018773 0.0910181 0.00157534 -0.0037861 -0.00138818 0.00157534 0.0100774 -0.0184424 0.00156423 -0.0037861 -0.0184424 0.0901552 
0.0102335 -0.0186979 -0.00137775 0.00157261 -0.0186979 0.0908077 0.00158381 -0.00382697 -0.00137775 0.00158381 0.0101368 -0.0185 0.00157261 -0.00382697 -0.0185 0.0902992 
0.0102357 -0.0186458 -0.0013519 0.00152409 -0.0186458 0.0906496 0.00153198 -0.00372574 -0.0013519 0.00153198 0.010116 -0.0185208 0.00152409 -0.00372574 -0.0185208 0.0903179 
0.0102786 -0.0186736 -0.00133309 0.00151222 -0.0186736 0.0906731 0.00151253 -0.00366731 -0.00133309 0.00151253 0.0101054 -0.0184965 0.00151222 -0.00366731 -0.0184965 0.0902956 
0.0103172 -0.0187117 -0.00133138 0.00148852 -0.0187117 0.0907337 0.00148066 -0.00359715 -0.00133138 0.00148066 0.010077 -0.0184976 0.00148852 -0.00359715 -0.0184976 0.0902893 
0.0103525 -0.0187831 -0.00133434 0.00148794 -0.0187831 0.0909102 0.00147542 -0.00356301 -0.00133434 0.00147542 0.0100288 -0.0184439 0.00148794 -0.00356301 -0.0184439 0.0901807 
0.0103616 -0.0188183 -0.00135137 0.00146879 -0.0188183 0.0910281 0.0014592 -0.00350488 -0.00135137 0.0014592 0.0099803 -0.0183741 0.00146879 -0.00350488 -0.0183741 0.0900048 
0.0104098 -0.018828 -0.00136273 0.00154106 -0.018828 0.0910953 0.00153832 -0.00365452 -0.00136273 0.00153832 0.010002 -0.0183559 0.00154106 -0.00365452 -0.0183559 0.0899665 
0.0104239 -0.0188632 -0.00136252 0.00154006 -0.0188632 0.0911251 0.00154119 -0.00371883 -0.00136252 0.00154119 0.0099968 -0.0183773 0.00154006 -0.00371883 -0.0183773 0.0899726 
0.0104402 -0.0189055 -0.00137221 0.00152389 -0.0189055 0.0912335 0.00152588 -0.00369726 -0.00137221 0.00152588 0.00995944 -0.0183384 0.00152389 -0.00369726 -0.0183384 0.0898866 
0.010436 -0.0189143 -0.00139535 0.00155227 -0.0189143 0.0912817 0.0015542 -0.00374518 -0.00139535 0.0015542 0.00995088 -0.0183201 0.00155227 -0.00374518 -0.0183201 0.0898553 
0.010424 -0.0189282 -0.00137117 0.0015579 -0.0189282 0.0913476 0.00155918 -0.00374912 -0.00137117 0.00155918 0.00995813 -0.0182911 0.0015579 -0.00374912 -0.0182911 0.0897729 
0.0103324 -0.0188989 -0.00135471 0.00154332 -0.0188989 0.0913093 0.00154165 -0.00374435 -0.00135471 0.00154165 0.0100371 -0.0183111 0.00154332 -0.00374435 -0.0183111 0.0897825 
0.0102669 -0.0187751 -0.00135109 0.00152629 -0.0187751 0.0910837 0.00152255 -0.00370919 -0.00135109 0.00152255 0.0101035 -0.0184244 0.00152629 -0.00370919 -0.0184244 0.0899891 
0.0102758 -0.0186956 -0.00135556 0.00149938 -0.0186956 0.0908437 0.00149872 -0.00363308 -0.00135556 0.00149872 0.0100643 -0.0184755 0.00149938 -0.00363308 -0.0184755 0.0901276 
0.010327 -0.0186885 -0.00135625 0.0015059 -0.0186885 0.090722 0.00151554 -0.00362632 -0.00135625 0.00151554 0.00998178 -0.018446 0.0015059 -0.00362632 -0.018446 0.090157 
0.0102991 -0.0187342 -0.00133995 0.00149038 -0.0187342 0.0907332 0.00150594 -0.00359802 -0.00133995 0.00150594 0.00995913 -0.018346 0.00149038 -0.00359802 -0.018346 0.0899935 
0.01028 -0.0187203 -0.00133044 0.00151189 -0.0187203 0.0907672 0.00152224 -0.00365419 -0.00133044 0.00152224 0.00997796 -0.0183185 0.00151189 -0.00365419 -0.0183185 0.0898757 
0.010275 -0.0187099 -0.00129747 0.00147934 -0.0187099 0.0907656 0.00148054 -0.003591 -0.00129747 0.00148054 0.00998726 -0.0183156 0.00147934 -0.003591 -0.0183156 0.0898 
0.0102572 -0.0187339 -0.00127443 0.00144259 -0.0187339 0.0908391 0.00143598 -0.00349768 -0.00127443 0.00143598 0.0100085 -0.018295 0.00144259 -0.00349768 -0.018295 0.0897065 
0.0102316 -0.0187105 -0.00125367 0.00142112 -0.0187105 0.0908329 0.00140959 -0.00342607 -0.00125367 0.00140959 0.010016 -0.0183224 0.00142112 -0.00342607 -0.0183224 0.089712 
0.0102015 -0.0186705 -0.00123049 0.0014142 -0.0186705 0.0907618 0.00140056 -0.00340225 -0.00123049 0.00140056 0.0100557 -0.0183636 0.0014142 -0.00340225 -0.0183636 0.0898299 
0.0101935 -0.0186445 -0.00121954 0.00141316 -0.0186445 0.0907066 0.0013997 -0.00342591 -0.00121954 0.0013997 0.0101146 -0.0184117 0.00141316 -0.00342591 -0.0184117 0.0899534 
0.0102331 -0.018618 -0.00123117 0.00139975 -0.018618 0.0906194 0.00139144 -0.00341863 -0.00123117 0.00139144 0.0101266 -0.018508 0.00139975 -0.00341863 -0.018508 0.0901818 
0.0102509 -0.0186693 -0.00124575 0.0013543 -0.0186693 0.0906573 0.00135394 -0.00328806 -0.00124575 0.00135394 0.0100904 -0.0184973 0.0013543 -0.00328806 -0.0184973 0.0902302 
0.0102583 -0.0186888 -0.0012838 0.00138783 -0.0186888 0.0907228 0.00139402 -0.00331358 -0.0012838 0.00139402 0.0100785 -0.0184741 0.00138783 -0.00331358 -0.0184741 0.0902294 
0.010303 -0.0187041 -0.00130986 0.00142107 -0.0187041 0.0907735 0.00142779 -0.00337398 -0.00130986 0.00142779 0.0100142 -0.0184364 0.00142107 -0.00337398 -0.0184364 0.0901329 
0.0103542 -0.0187339 -0.00134041 0.00148407 -0.0187339 0.0908134 0.00149423 -0.00353641 -0.00134041 0.00149423 0.00997763 -0.0184041 0.00148407 -0.00353641 -0.0184041 0.090104 
0.0103316 -0.0188135 -0.00134932 0.00154082 -0.0188135 0.0909825 0.00155505 -0.00371907 -0.00134932 0.00155505 0.0100453 -0.0183568 0.00154082 -0.00371907 -0.0183568 0.0900118 
0.0102699 -0.0187982 -0.00130929 0.00147661 -0.0187982 0.0910382 0.00148856 -0.00360507 -0.00130929 0.00148856 0.0100839 -0.0183876 0.00147661 -0.00360507 -0.0183876 0.0899469 
0.0101602 -0.0187095 -0.00129975 0.00148343 -0.0187095 0.0909043 0.00148506 -0.00360069 -0.00129975 0.00148506 0.0102252 -0.0184941 0.00148343 -0.00360069 -0.0184941 0.0901894 
0.0100703 -0.0185782 -0.00127014 0.0014267 -0.0185782 0.0906216 0.00141706 -0.00344852 -0.00127014 0.00141706 0.0102893 -0.0186294 0.0014267 -0.00344852 -0.0186294 0.090452 
0.00997264 -0.0184531 -0.00126943 0.00140671 -0.0184531 0.0902802 0.00139433 -0.00337085 -0.00126943 0.00139433 0.0103358 -0.0187086 0.00140671 -0.00337085 -0.0187086 0.0906944 
0.00994211 -0.018336 -0.00128073 0.00141603 -0.018336 0.0899677 0.00140534 -0.00337165 -0.00128073 0.00140534 0.0103314 -0.0187574 0.00141603 -0.00337165 -0.0187574 0.090848 
0.009995 -0.0183021 -0.00127976 0.00147517 -0.0183021 0.0898107 0.00147473 -0.0035313 -0.00127976 0.00147473 0.0103398 -0.0187797 0.00147517 -0.0035313 -0.0187797 0.0909736 
