0.00816296 0 0.00171565 0 0 0.01 0 0 0.00171565 0 0.0061481 0 0 0 0 0.01 
0.0113479 -0.0140702 0.0021073 -0.00257853 -0.0140702 0.036153 -0.00257853 0.00494355 0.0021073 -0.00257853 0.0088645 -0.0110284 -0.00257853 0.00494355 -0.0110284 0.0303203 
0.0111886 -0.0206434 0.001855 -0.00289096 -0.0206434 0.0750756 -0.00289096 0.00909215 0.001855 -0.00289096 0.00904595 -0.0172137 -0.00289096 0.00909215 -0.0172137 0.0642658 
0.0105162 -0.0197678 0.00176094 -0.0021249 -0.0197678 0.0873429 -0.00212093 0.00691277 0.00176094 -0.00212093 0.00858437 -0.0174909 -0.0021249 0.00691277 -0.0174909 0.0798389 
0.0105189 -0.0190656 0.00189446 -0.00200932 -0.0190656 0.0897396 -0.00201481 0.00521986 0.00189446 -0.00201481 0.00856129 -0.0169376 -0.00200932 0.00521986 -0.0169376 0.0843833 
0.0107006 -0.0190687 0.00196493 -0.00221294 -0.0190687 0.0907683 -0.00222824 0.00518948 0.00196493 -0.00222824 0.00870856 -0.0167882 -0.00221294 0.00518948 -0.0167882 0.0855422 
0.0108007 -0.0192124 0.00195687 -0.00231874 -0.0192124 0.0915146 -0.00233964 0.00556735 0.00195687 -0.00233964 0.00884278 -0.0168663 -0.00231874 0.00556735 -0.0168663 0.0859948 
0.0108388 -0.0192837 0.00188125 -0.00225407 -0.0192837 0.0919109 -0.00227121 0.00558092 0.00188125 -0.00227121 0.008895 -0.0169348 -0.00225407 0.00558092 -0.0169348 0.0861709 
0.0108287 -0.0192762 0.00182918 -0.00218128 -0.0192762 0.0919818 -0.00218976 0.00545717 0.00182918 -0.00218976 0.00894088 -0.0170066 -0.00218128 0.00545717 -0.0170066 0.0863468 
0.0108515 -0.0192577 0.00177634 -0.00210252 -0.0192577 0.0919476 -0.00209891 0.00523286 0.00177634 -0.00209891 0.00891215 -0.0170577 -0.00210252 0.00523286 -0.0170577 0.0864804 
0.0108904 -0.0193015 0.00176028 -0.0020475 -0.0193015 0.0920171 -0.00203896 0.00505709 0.00176028 -0.00203896 0.00886929 -0.0170189 -0.0020475 0.00505709 -0.0170189 0.0864697 
0.0108782 -0.0193377 0.00176985 -0.00202808 -0.0193377 0.0920971 -0.00202224 0.00495875 0.00176985 -0.00202224 0.00886103 -0.0169763 -0.00202808 0.00495875 -0.0169763 0.0863936 
0.0108342 -0.0193124 0.00178664 -0.00206362 -0.0193124 0.0920831 -0.00205871 0.00501003 0.00178664 -0.00205871 0.00889527 -0.0169779 -0.00206362 0.00501003 -0.0169779 0.0863773 
0.0107768 -0.0192506 0.00176012 -0.00210681 -0.0192506 0.0919673 -0.0020993 0.00512874 0.00176012 -0.0020993 0.0089679 -0.0170285 -0.00210681 0.00512874 -0.0170285 0.0864633 
0.0107813 -0.0191724 0.00174266 -0.00205885 -0.0191724 0.0917802 -0.00205427 0.00509012 0.00174266 -0.00205427 0.00897253 -0.0171189 -0.00205885 0.00509012 -0.0171189 0.0866395 
0.0108086 -0.0192482 0.00175272 -0.00203334 -0.0192482 0.0919054 -0.00203999 0.00503531 0.00175272 -0.00203999 0.00898081 -0.0170734 -0.00203334 0.00503531 -0.0170734 0.0866038 
0.0108432 -0.0192783 0.00176173 -0.00203414 -0.0192783 0.0920186 -0.00204758 0.00500958 0.00176173 -0.00204758 0.00896501 -0.0170954 -0.00203414 0.00500958 -0.0170954 0.0866178 
0.010881 -0.0193113 0.00178819 -0.0020342 -0.0193113 0.0920998 -0.00204921 0.00499355 0.00178819 -0.00204921 0.00892343 -0.0170928 -0.0020342 0.00499355 -0.0170928 0.0866484 
0.0108888 -0.019385 0.00179017 -0.00206219 -0.019385 0.0922878 -0.00207601 0.00502516 0.00179017 -0.00207601 0.00891076 -0.0170236 -0.00206219 0.00502516 -0.0170236 0.0865311 
0.0108329 -0.0193552 0.0017637 -0.00207971 -0.0193552 0.092272 -0.00208609 0.00508143 0.0017637 -0.00208609 0.00896628 -0.0170421 -0.00207971 0.00508143 -0.0170421 0.0865432 
0.0107623 -0.0192803 0.00170631 -0.00202894 -0.0192803 0.0921188 -0.00202611 0.00499003 0.00170631 -0.00202611 0.0090173 -0.0170991 -0.00202894 0.00499003 -0.0170991 0.0866304 
0.0106793 -0.0191551 0.00166785 -0.00198527 -0.0191551 0.0918049 -0.00197783 0.00490098 0.00166785 -0.00197783 0.00908002 -0.0171997 -0.00198527 0.00490098 -0.0171997 0.0868797 
0.0106856 -0.0190586 0.0016406 -0.00191224 -0.0190586 0.0915247 -0.00190375 0.00471307 0.0016406 -0.00190375 0.00903009 -0.0172564 -0.00191224 0.00471307 -0.0172564 0.0870455 
0.0106976 -0.0190787 0.00160349 -0.00189516 -0.0190787 0.0914646 -0.00188888 0.00463158 0.00160349 -0.00188888 0.00898925 -0.0171807 -0.00189516 0.00463158 -0.0171807 0.0869786 
0.0106725 -0.0191052 0.00156832 -0.0018685 -0.0191052 0.0915201 -0.00186706 0.00459755 0.00156832 -0.00186706 0.00900689 -0.0171098 -0.0018685 0.00459755 -0.0171098 0.0867905 
0.0106839 -0.0190812 0.00156799 -0.00182961 -0.0190812 0.091517 -0.00182679 0.0045264 0.00156799 -0.00182679 0.00899436 -0.017118 -0.00182961 0.0045264 -0.017118 0.0867048 
0.0107201 -0.0191126 0.00159075 -0.0018283 -0.0191126 0.0915808 -0.00182454 0.00449036 0.00159075 -0.00182454 0.00897257 -0.0170881 -0.0018283 0.00449036 -0.0170881 0.0866217 
0.0107995 -0.0191994 0.0016133 -0.00185641 -0.0191994 0.0918048 -0.00185534 0.00452792 0.0016133 -0.00185534 0.00891859 -0.017034 -0.00185641 0.00452792 -0.017034 0.0864698 
0.0108186 -0.0193049 0.0016066 -0.00185621 -0.0193049 0.0920665 -0.00185981 0.00452811 0.0016066 -0.00185981 0.00890568 -0.0169577 -0.00185621 0.00452811 -0.0169577 0.0862779 
0.0108013 -0.019316 0.00158787 -0.00186752 -0.019316 0.0921849 -0.0018696 0.00456285 0.00158787 -0.0018696 0.0089478 -0.0169683 -0.00186752 0.00456285 -0.0169683 0.0862501 
0.0107826 -0.0192397 0.00157376 -0.00187 -0.0192397 0.0920368 -0.00186651 0.00459965 0.00157376 -0.00186651 0.00897702 -0.0170831 -0.00187 0.00459965 -0.0170831 0.0865008 
0.0107142 -0.0191644 0.00151348 -0.00182721 -0.0191644 0.091778 -0.00182348 0.00451374 0.00151348 -0.00182348 0.00901523 -0.0171597 -0.00182721 0.00451374 -0.0171597 0.0867794 
0.0106604 -0.0191182 0.00145761 -0.00171857 -0.0191182 0.0916487 -0.00171979 0.00427302 0.00145761 -0.00171979 0.00901517 -0.0171605 -0.00171857 0.00427302 -0.0171605 0.0868333 
0.0106387 -0.0190476 0.0014175 -0.00164903 -0.0190476 0.0914818 -0.00165477 0.00406244 0.0014175 -0.00165477 0.0089981 -0.0171501 -0.00164903 0.00406244 -0.0171501 0.086818 
0.0106137 -0.0190048 0.00139814 -0.00162931 -0.0190048 0.0913237 -0.00163838 0.00399125 0.00139814 -0.00163838 0.00899392 -0.0171311 -0.00162931 0.00399125 -0.0171311 0.0867829 
0.0105876 -0.0189837 0.00140309 -0.00162994 -0.0189837 0.0912433 -0.00163609 0.0039977 0.00140309 -0.00163609 0.00901687 -0.0171102 -0.00162994 0.0039977 -0.0171102 0.0867164 
0.0106087 -0.0189416 0.00142082 -0.00162962 -0.0189416 0.0911322 -0.00162655 0.00398204 0.00142082 -0.00162655 0.0089844 -0.0171335 -0.00162962 0.00398204 -0.0171335 0.0867128 
0.0106115 -0.0189808 0.00140776 -0.00165138 -0.0189808 0.0911617 -0.00164168 0.00400347 0.00140776 -0.00164168 0.00896622 -0.0170778 -0.00165138 0.00400347 -0.0170778 0.0866172 
0.0106139 -0.0189905 0.0013942 -0.00164991 -0.0189905 0.0912149 -0.00163764 0.0040303 0.0013942 -0.00163764 0.00896249 -0.0170499 -0.00164991 0.0040303 -0.0170499 0.0865145 
0.0106126 -0.0189547 0.00139328 -0.00165963 -0.0189547 0.0911349 -0.00165158 0.00408808 0.00139328 -0.00165158 0.00896137 -0.0170826 -0.00165963 0.00408808 -0.0170826 0.0865673 
0.0106855 -0.0190037 0.00140073 -0.0016596 -0.0190037 0.0912399 -0.00165635 0.00412021 0.00140073 -0.00165635 0.00890314 -0.0170438 -0.0016596 0.00412021 -0.0170438 0.0864983 
0.0107955 -0.0191205 0.00140738 -0.00165585 -0.0191205 0.0915047 -0.00165668 0.00411469 0.00140738 -0.00165668 0.00882248 -0.0169522 -0.00165585 0.00411469 -0.0169522 0.0862995 
0.0108336 -0.0192592 0.00143247 -0.00164452 -0.0192592 0.0918424 -0.00164783 0.00407645 0.00143247 -0.00164783 0.00880867 -0.0168537 -0.00164452 0.00407645 -0.0168537 0.0860541 
0.0108417 -0.0192719 0.00144828 -0.0016812 -0.0192719 0.0919693 -0.00168192 0.00411784 0.00144828 -0.00168192 0.00880236 -0.0168761 -0.0016812 0.00411784 -0.0168761 0.086028 
0.0108369 -0.0193093 0.00145603 -0.00169789 -0.0193093 0.0920967 -0.00169853 0.00416479 0.00145603 -0.00169853 0.00881269 -0.0168536 -0.00169789 0.00416479 -0.0168536 0.0859887 
0.0108237 -0.019286 0.00144719 -0.0017023 -0.019286 0.0920859 -0.00170199 0.00417915 0.00144719 -0.00170199 0.00881082 -0.0168795 -0.0017023 0.00417915 -0.0168795 0.0860245 
0.0108207 -0.0192862 0.00144661 -0.00169564 -0.0192862 0.0920947 -0.001697 0.00417868 0.00144661 -0.001697 0.00881706 -0.0168648 -0.00169564 0.00417868 -0.0168648 0.0860123 
0.0107925 -0.0192468 0.00144429 -0.00168988 -0.0192468 0.0919914 -0.00169394 0.00416492 0.00144429 -0.00169394 0.00884029 -0.0168944 -0.00168988 0.00416492 -0.0168944 0.0860681 
0.0107738 -0.0192072 0.0014393 -0.00170199 -0.0192072 0.0918781 -0.00170252 0.00419114 0.0014393 -0.00170252 0.00885746 -0.0169298 -0.00170199 0.00419114 -0.0169298 0.0861614 
0.010765 -0.0192074 0.00144835 -0.00167735 -0.0192074 0.0918549 -0.00167486 0.00413897 0.00144835 -0.00167486 0.00887407 -0.0169253 -0.00167735 0.00413897 -0.0169253 0.0861641 
0.0107621 -0.0192168 0.00143875 -0.00168816 -0.0192168 0.09189 -0.00168467 0.00412804 0.00143875 -0.00168467 0.00891388 -0.0169297 -0.00168816 0.00412804 -0.0169297 0.0861499 
0.0107679 -0.0191904 0.00143265 -0.00169109 -0.0191904 0.0918371 -0.00168953 0.00415386 0.00143265 -0.00168953 0.00893738 -0.0170096 -0.00169109 0.00415386 -0.0170096 0.0863031 
0.0107712 -0.0191814 0.00143553 -0.00168783 -0.0191814 0.0917789 -0.00169202 0.00416904 0.00143553 -0.00169202 0.00896008 -0.0170706 -0.00168783 0.00416904 -0.0170706 0.0865117 
0.0107079 -0.0191698 0.00142431 -0.00165222 -0.0191698 0.0917186 -0.00166217 0.0040795 0.00142431 -0.00166217 0.00899635 -0.0171111 -0.00165222 0.0040795 -0.0171111 0.0866649 
0.0107065 -0.0190679 0.00144584 -0.00166041 -0.0190679 0.0915096 -0.00166376 0.00407528 0.00144584 -0.00166376 0.00897678 -0.0171813 -0.00166041 0.00407528 -0.0171813 0.0868716 
0.0107137 -0.0190845 0.00146112 -0.00165605 -0.0190845 0.0914525 -0.00165291 0.00402435 0.00146112 -0.00165291 0.00894361 -0.0171198 -0.00165605 0.00402435 -0.0171198 0.0868167 
0.010684 -0.0190906 0.00146259 -0.00170163 -0.0190906 0.0914571 -0.00169744 0.00410612 0.00146259 -0.00169744 0.00894381 -0.0170779 -0.00170163 0.00410612 -0.0170779 0.0867047 
0.0106894 -0.019103 0.00146786 -0.00171046 -0.019103 0.0915447 -0.0017077 0.00417087 0.00146786 -0.0017077 0.00892658 -0.0170316 -0.00171046 0.00417087 -0.0170316 0.0865309 
0.0106775 -0.0190785 0.0014502 -0.00173435 -0.0190785 0.0915025 -0.00172865 0.00424469 0.0014502 -0.00172865 0.00893399 -0.0170325 -0.00173435 0.00424469 -0.0170325 0.0864874 
0.0106626 -0.0190756 0.00142123 -0.00171042 -0.0190756 0.0914963 -0.00170785 0.00423997 0.00142123 -0.00170785 0.00894844 -0.0170271 -0.00171042 0.00423997 -0.0170271 0.0864478 
0.0106667 -0.0190571 0.00140971 -0.00167437 -0.0190571 0.0914682 -0.00167847 0.00418357 0.00140971 -0.00167847 0.00895914 -0.017047 -0.00167437 0.00418357 -0.017047 0.0864663 
0.0106659 -0.0190451 0.0014029 -0.00165033 -0.0190451 0.0914084 -0.00166254 0.00412037 0.0014029 -0.00166254 0.00895617 -0.0170734 -0.00165033 0.00412037 -0.0170734 0.086537 
0.0106279 -0.0190685 0.00138677 -0.0016359 -0.0190685 0.0914546 -0.0016501 0.00407087 0.00138677 -0.0016501 0.00899088 -0.0170521 -0.0016359 0.00407087 -0.0170521 0.0865161 
0.0105738 -0.0190287 0.00138921 -0.00159209 -0.0190287 0.0914167 -0.00159572 0.00394328 0.00138921 -0.00159572 0.00901647 -0.0170763 -0.00159209 0.00394328 -0.0170763 0.086513 
0.0105432 -0.0189776 0.00138831 -0.00161438 -0.0189776 0.0913355 -0.00160617 0.0039289 0.00138831 -0.00160617 0.00903431 -0.0170938 -0.00161438 0.0039289 -0.0170938 0.0865358 
0.01055 -0.0189458 0.00136149 -0.00161681 -0.0189458 0.0912565 -0.00160359 0.00393523 0.00136149 -0.00160359 0.00902162 -0.0171019 -0.00161681 0.00393523 -0.0171019 0.0865377 
0.0105408 -0.0189106 0.00135191 -0.00161827 -0.0189106 0.0911228 -0.00161218 0.00399026 0.00135191 -0.00161218 0.00904738 -0.017131 -0.00161827 0.00399026 -0.017131 0.0866335 
0.0105278 -0.0189214 0.00134218 -0.00157477 -0.0189214 0.0911135 -0.00157802 0.00391664 0.00134218 -0.00157802 0.00906974 -0.0171363 -0.00157477 0.00391664 -0.0171363 0.086645 
0.0105108 -0.018909 0.00135868 -0.00156647 -0.018909 0.0910983 -0.00156905 0.00387368 0.00135868 -0.00156905 0.00909781 -0.0171688 -0.00156647 0.00387368 -0.0171688 0.0867113 
0.0105061 -0.0188814 0.0013798 -0.001596 -0.0188814 0.0910415 -0.00159284 0.00390701 0.0013798 -0.00159284 0.00910627 -0.0172192 -0.001596 0.00390701 -0.0172192 0.0868408 
0.0105094 -0.0188415 0.00142532 -0.00166207 -0.0188415 0.090916 -0.00165454 0.00407181 0.00142532 -0.00165454 0.0091257 -0.0172748 -0.00166207 0.00407181 -0.0172748 0.0870413 
0.0105407 -0.0188414 0.00147994 -0.00171858 -0.0188414 0.0908623 -0.00171314 0.00423047 0.00147994 -0.00171314 0.00912726 -0.0173088 -0.00171858 0.00423047 -0.0173088 0.0871801 
0.0105445 -0.0189003 0.00149537 -0.00175077 -0.0189003 0.0909579 -0.00175242 0.00431474 0.00149537 -0.00175242 0.00913546 -0.017289 -0.00175077 0.00431474 -0.017289 0.087175 
0.0105461 -0.0189292 0.00149943 -0.00174436 -0.0189292 0.0910806 -0.00175231 0.00431703 0.00149943 -0.00175231 0.00913348 -0.0172799 -0.00174436 0.00431703 -0.0172799 0.0871266 
0.0105424 -0.0189445 0.00147623 -0.00174007 -0.0189445 0.0911671 -0.00174755 0.00429343 0.00147623 -0.00174755 0.00912211 -0.0172664 -0.00174007 0.00429343 -0.0172664 0.0870765 
0.0105716 -0.0189902 0.00145452 -0.00171288 -0.0189902 0.0913319 -0.00171813 0.00424049 0.00145452 -0.00171813 0.00908414 -0.0172099 -0.00171288 0.00424049 -0.0172099 0.0869261 
0.010608 -0.0190004 0.00148492 -0.00168111 -0.0190004 0.0913773 -0.00168356 0.00415569 0.00148492 -0.00168356 0.00902812 -0.0171772 -0.00168111 0.00415569 -0.0171772 0.0868255 
0.0106598 -0.0190239 0.00148667 -0.00172562 -0.0190239 0.0914026 -0.00172494 0.00419183 0.00148667 -0.00172494 0.0089631 -0.0171232 -0.00172562 0.00419183 -0.0171232 0.0867199 
0.0107099 -0.0190708 0.00147998 -0.00175254 -0.0190708 0.0914675 -0.00175352 0.00429451 0.00147998 -0.00175352 0.00892588 -0.0170548 -0.00175254 0.00429451 -0.0170548 0.0865821 
0.010778 -0.0191808 0.00147042 -0.00175008 -0.0191808 0.0917341 -0.00175122 0.00433425 0.00147042 -0.00175122 0.0089026 -0.0169717 -0.00175008 0.00433425 -0.0169717 0.0863492 
0.0108284 -0.0192519 0.00149273 -0.0017267 -0.0192519 0.091933 -0.00172659 0.00429617 0.00149273 -0.00172659 0.00889034 -0.0169604 -0.0017267 0.00429617 -0.0169604 0.0862571 
0.0107692 -0.0192359 0.00148808 -0.00174222 -0.0192359 0.0918898 -0.00173844 0.00427676 0.00148808 -0.00173844 0.00894234 -0.0170215 -0.00174222 0.00427676 -0.0170215 0.0864079 
0.0107353 -0.0191642 0.00148488 -0.00173869 -0.0191642 0.0917598 -0.00173214 0.00426952 0.00148488 -0.00173214 0.00894213 -0.0170933 -0.00173869 0.00426952 -0.0170933 0.0865982 
0.0107296 -0.0191201 0.00148605 -0.00174075 -0.0191201 0.0916203 -0.00173791 0.00427806 0.00148605 -0.00173791 0.00893252 -0.0170921 -0.00174075 0.00427806 -0.0170921 0.086685 
0.0107491 -0.019153 0.00146123 -0.00171276 -0.019153 0.0916542 -0.00171478 0.00421503 0.00146123 -0.00171478 0.00890612 -0.0170218 -0.00171276 0.00421503 -0.0170218 0.0865336 
0.010761 -0.019156 0.0014425 -0.00169046 -0.019156 0.0916612 -0.00169223 0.00415916 0.0014425 -0.00169223 0.00887448 -0.0170032 -0.00169046 0.00415916 -0.0170032 0.0864404 
0.0107711 -0.0191603 0.00141944 -0.00167549 -0.0191603 0.0916555 -0.00167293 0.0041181 0.00141944 -0.00167293 0.00883915 -0.0169706 -0.00167549 0.0041181 -0.0169706 0.0863656 
0.0107685 -0.0191939 0.00140841 -0.0016497 -0.0191939 0.0917359 -0.00164571 0.00406216 0.00140841 -0.00164571 0.00882308 -0.0169032 -0.0016497 0.00406216 -0.0169032 0.0862007 
0.0107255 -0.0191728 0.00139644 -0.00165015 -0.0191728 0.0917166 -0.00164876 0.00406064 0.00139644 -0.00164876 0.00886244 -0.0168934 -0.00165015 0.00406064 -0.0168934 0.0861262 
0.0106934 -0.0191291 0.00137882 -0.00166143 -0.0191291 0.0916525 -0.00165878 0.00410786 0.00137882 -0.00165878 0.00890837 -0.0169368 -0.00166143 0.00410786 -0.0169368 0.0861642 
0.0106756 -0.019097 0.00138119 -0.00162496 -0.019097 0.0915751 -0.00161648 0.00404605 0.00138119 -0.00161648 0.00894883 -0.0169851 -0.00162496 0.00404605 -0.0169851 0.0862544 
0.0107117 -0.0191139 0.00137559 -0.00161766 -0.0191139 0.0916192 -0.00160449 0.00398596 0.00137559 -0.00160449 0.00895695 -0.0170104 -0.00161766 0.00398596 -0.0170104 0.086307 
0.010725 -0.0191168 0.00137085 -0.00161874 -0.0191168 0.0915998 -0.00160815 0.00398015 0.00137085 -0.00160815 0.0089735 -0.0170692 -0.00161874 0.00398015 -0.0170692 0.0864725 
0.0107678 -0.0191362 0.00139354 -0.00161291 -0.0191362 0.0916368 -0.00161266 0.00398152 0.00139354 -0.00161266 0.00894523 -0.0171074 -0.00161291 0.00398152 -0.0171074 0.0866217 
0.0108284 -0.0191814 0.00142199 -0.00163507 -0.0191814 0.0917157 -0.00164312 0.00401787 0.00142199 -0.00164312 0.00889005 -0.0170925 -0.00163507 0.00401787 -0.0170925 0.0866841 
0.0108579 -0.0192825 0.00142013 -0.00165522 -0.0192825 0.0919444 -0.00166897 0.00405758 0.00142013 -0.00166897 0.00885242 -0.0170041 -0.00165522 0.00405758 -0.0170041 0.0865399 
0.0108722 -0.0193473 0.00142557 -0.00164807 -0.0193473 0.0921825 -0.00165981 0.00405767 0.00142557 -0.00165981 0.00881564 -0.0169321 -0.00164807 0.00405767 -0.0169321 0.0863283 
0.0108472 -0.0193189 0.00142275 -0.00164502 -0.0193189 0.0921668 -0.00164958 0.00402769 0.00142275 -0.00164958 0.00879479 -0.0169093 -0.00164502 0.00402769 -0.0169093 0.0862308 
0.0108509 -0.0192584 0.00144802 -0.00170384 -0.0192584 0.0920262 -0.00170347 0.00417326 0.00144802 -0.00170347 0.00878586 -0.0169104 -0.00170384 0.00417326 -0.0169104 0.0862329 
0.0108317 -0.0192948 0.00147084 -0.00171747 -0.0192948 0.0920538 -0.00171863 0.00423943 0.00147084 -0.00171863 0.00881548 -0.0168561 -0.00171747 0.00423943 -0.0168561 0.086097 
0.0108003 -0.01927 0.00149422 -0.00174305 -0.01927 0.0920352 -0.00174214 0.00429709 0.00149422 -0.00174214 0.00885739 -0.016892 -0.00174305 0.00429709 -0.016892 0.0860882 
0.0107581 -0.0192362 0.00145435 -0.00174258 -0.0192362 0.0919665 -0.00173756 0.00428009 0.00145435 -0.00173756 0.00890023 -0.0169365 -0.00174258 0.00428009 -0.0169365 0.0861576 
0.0107601 -0.0192019 0.00144565 -0.00168584 -0.0192019 0.0919033 -0.00168351 0.00417843 0.00144565 -0.00168351 0.00888528 -0.0169758 -0.00168584 0.00417843 -0.0169758 0.0862417 
0.0107785 -0.019199 0.00145018 -0.0016698 -0.019199 0.0918591 -0.00167079 0.00410099 0.00145018 -0.00167079 0.00886739 -0.0169626 -0.0016698 0.00410099 -0.0169626 0.0862695 
0.0108421 -0.0192198 0.00152045 -0.00170504 -0.0192198 0.0918788 -0.00170424 0.00416043 0.00152045 -0.00170424 0.00882735 -0.0169471 -0.00170504 0.00416043 -0.0169471 0.086258 
0.0108463 -0.0192637 0.00154409 -0.00177474 -0.0192637 0.0919083 -0.00177048 0.00427538 0.00154409 -0.00177048 0.00882373 -0.0169211 -0.00177474 0.00427538 -0.0169211 0.0862312 
0.0108689 -0.0192837 0.00155642 -0.00184101 -0.0192837 0.0919863 -0.00183457 0.00447892 0.00155642 -0.00183457 0.00882851 -0.0169194 -0.00184101 0.00447892 -0.0169194 0.0862217 
0.0108948 -0.0193497 0.00154688 -0.00184048 -0.0193497 0.0921618 -0.00183409 0.00453826 0.00154688 -0.00183409 0.00882502 -0.0168961 -0.00184048 0.00453826 -0.0168961 0.0861503 
0.0108966 -0.0193462 0.0015421 -0.00183967 -0.0193462 0.092191 -0.00183308 0.00456068 0.0015421 -0.00183308 0.00883038 -0.0169336 -0.00183967 0.00456068 -0.0169336 0.0862272 
0.0109069 -0.019357 0.0015284 -0.00179439 -0.019357 0.0922177 -0.00178899 0.00445364 0.0015284 -0.00178899 0.00881205 -0.0169286 -0.00179439 0.00445364 -0.0169286 0.0862437 
0.0108946 -0.0193413 0.00149551 -0.00177371 -0.0193413 0.0921692 -0.00177173 0.00437285 0.00149551 -0.00177173 0.00881091 -0.0169257 -0.00177371 0.00437285 -0.0169257 0.0862617 
0.0108669 -0.0193186 0.0014541 -0.00173756 -0.0193186 0.0921055 -0.00174224 0.00430014 0.0014541 -0.00174224 0.0088275 -0.0169261 -0.00173756 0.00430014 -0.0169261 0.0862654 
0.0108594 -0.0192752 0.00140226 -0.00168893 -0.0192752 0.0919986 -0.00169796 0.00420148 0.00140226 -0.00169796 0.00882676 -0.0169498 -0.00168893 0.00420148 -0.0169498 0.0863073 
0.0108331 -0.0192638 0.00137794 -0.00162294 -0.0192638 0.0919294 -0.00163483 0.00405664 0.00137794 -0.00163483 0.0088433 -0.016948 -0.00162294 0.00405664 -0.016948 0.0863238 
0.0108508 -0.0192626 0.00134631 -0.00157174 -0.0192626 0.0919433 -0.00158035 0.00388338 0.00134631 -0.00158035 0.00881198 -0.016935 -0.00157174 0.00388338 -0.016935 0.086265 
0.0108794 -0.0192687 0.00135957 -0.00156644 -0.0192687 0.0919419 -0.001577 0.00385399 0.00135957 -0.001577 0.0087763 -0.0169168 -0.00156644 0.00385399 -0.0169168 0.0862442 
0.0108702 -0.0192811 0.00136946 -0.00157568 -0.0192811 0.0919344 -0.00158917 0.00385624 0.00136946 -0.00158917 0.0087642 -0.0168857 -0.00157568 0.00385624 -0.0168857 0.0861935 
0.0108212 -0.0192828 0.00137803 -0.00159531 -0.0192828 0.091956 -0.00160918 0.00390389 0.00137803 -0.00160918 0.00880128 -0.0168552 -0.00159531 0.00390389 -0.0168552 0.0861081 
0.0107409 -0.019242 0.00137955 -0.00160649 -0.019242 0.0919184 -0.00161295 0.00393724 0.00137955 -0.00161295 0.008869 -0.016877 -0.00160649 0.00393724 -0.016877 0.0860834 
0.0107414 -0.0191941 0.00138078 -0.00160636 -0.0191941 0.0918831 -0.00159562 0.00392187 0.00138078 -0.00159562 0.0088672 -0.0169131 -0.00160636 0.00392187 -0.0169131 0.0860851 
0.0107476 -0.0191445 0.00140664 -0.00164585 -0.0191445 0.0917304 -0.0016234 0.00400325 0.00140664 -0.0016234 0.00885769 -0.016957 -0.00164585 0.00400325 -0.016957 0.0862117 
0.0107865 -0.0191716 0.00143217 -0.00167481 -0.0191716 0.0917369 -0.00165412 0.00408709 0.00143217 -0.00165412 0.00884076 -0.0169295 -0.00167481 0.00408709 -0.0169295 0.0862012 
0.0108397 -0.019233 0.00143901 -0.00168661 -0.019233 0.0918614 -0.00167309 0.00412745 0.00143901 -0.00167309 0.00880392 -0.0168947 -0.00168661 0.00412745 -0.0168947 0.0861127 
0.0108453 -0.019287 0.0014505 -0.00171474 -0.019287 0.091991 -0.00170422 0.00421303 0.0014505 -0.00170422 0.00880833 -0.0168741 -0.00171474 0.00421303 -0.0168741 0.0860761 
0.0108497 -0.0192854 0.00144642 -0.00171963 -0.0192854 0.0920291 -0.00170594 0.00423852 0.00144642 -0.00170594 0.00880744 -0.0168891 -0.00171963 0.00423852 -0.0168891 0.086096 
0.0108895 -0.0192611 0.00146714 -0.00172866 -0.0192611 0.0919664 -0.00171514 0.0042748 0.00146714 -0.00171514 0.00876168 -0.0169156 -0.00172866 0.0042748 -0.0169156 0.0861813 
0.0109784 -0.0193463 0.00148382 -0.00174098 -0.0193463 0.0921148 -0.00173838 0.00430554 0.00148382 -0.00173838 0.00870307 -0.0168305 -0.00174098 0.00430554 -0.0168305 0.0860521 
0.0110171 -0.0194484 0.00149057 -0.00174399 -0.0194484 0.0923343 -0.00175828 0.00432982 0.00149057 -0.00175828 0.00869389 -0.016764 -0.00174399 0.00432982 -0.016764 0.085883 
0.0110429 -0.0195271 0.00149834 -0.00174869 -0.0195271 0.0925957 -0.00176925 0.00434795 0.00149834 -0.00176925 0.00868045 -0.016738 -0.00174869 0.00434795 -0.016738 0.0857564 
0.0110492 -0.0195387 0.00152049 -0.00175904 -0.0195387 0.0926862 -0.00177316 0.00436182 0.00152049 -0.00177316 0.00867206 -0.0167489 -0.00175904 0.00436182 -0.0167489 0.085769 
0.0110332 -0.019539 0.00149671 -0.00177196 -0.019539 0.0927015 -0.00177358 0.00435304 0.00149671 -0.00177358 0.00866606 -0.0167409 -0.00177196 0.00435304 -0.0167409 0.0857709 
0.0110334 -0.0195461 0.00142831 -0.00174409 -0.0195461 0.092747 -0.0017363 0.00429718 0.00142831 -0.0017363 0.00865782 -0.016706 -0.00174409 0.00429718 -0.016706 0.0856852 
0.0110092 -0.0195068 0.00137806 -0.00165285 -0.0195068 0.092649 -0.00164636 0.00412035 0.00137806 -0.00164636 0.00866348 -0.0167144 -0.00165285 0.00412035 -0.0167144 0.0856736 
0.0109581 -0.0194464 0.00135061 -0.00156657 -0.0194464 0.0924671 -0.00156679 0.00388393 0.00135061 -0.00156679 0.00869133 -0.0167316 -0.00156657 0.00388393 -0.0167316 0.0857068 
0.0109298 -0.0193897 0.00135277 -0.00156392 -0.0193897 0.0923145 -0.00156679 0.00382586 0.00135277 -0.00156679 0.0087115 -0.0167615 -0.00156392 0.00382586 -0.0167615 0.0857682 
0.0109354 -0.0193591 0.00136395 -0.00160204 -0.0193591 0.0922105 -0.0016004 0.00390905 0.00136395 -0.0016004 0.0087332 -0.0167882 -0.00160204 0.00390905 -0.0167882 0.085844 
0.0109538 -0.0193558 0.00139177 -0.00161431 -0.0193558 0.092151 -0.00160857 0.00395919 0.00139177 -0.00160857 0.00872248 -0.0168234 -0.00161431 0.00395919 -0.0168234 0.0859344 
0.0109971 -0.0194526 0.00141377 -0.0016366 -0.0194526 0.0923817 -0.00163202 0.00399956 0.00141377 -0.00163202 0.00870888 -0.0167619 -0.0016366 0.00399956 -0.0167619 0.0858274 
0.0110341 -0.0195286 0.00143025 -0.00164483 -0.0195286 0.0926288 -0.00164009 0.00400971 0.00143025 -0.00164009 0.00869703 -0.0167321 -0.00164483 0.00400971 -0.0167321 0.0857126 
0.011074 -0.0195473 0.00141983 -0.00166321 -0.0195473 0.0927229 -0.00165511 0.00403555 0.00141983 -0.00165511 0.00867936 -0.0167452 -0.00166321 0.00403555 -0.0167452 0.0857217 
0.0110703 -0.0195168 0.00144468 -0.00167901 -0.0195168 0.0926099 -0.00167106 0.00410717 0.00144468 -0.00167106 0.00868202 -0.0167952 -0.00167901 0.00410717 -0.0167952 0.0858883 
0.0110632 -0.0195386 0.00147155 -0.00171666 -0.0195386 0.0926319 -0.00171107 0.00420304 0.00147155 -0.00171107 0.00870169 -0.0167865 -0.00171666 0.00420304 -0.0167865 0.0859335 
0.0110662 -0.0195173 0.00147351 -0.00175393 -0.0195173 0.0925971 -0.00174692 0.00430548 0.00147351 -0.00174692 0.0087121 -0.0168198 -0.00175393 0.00430548 -0.0168198 0.0860017 
0.0110535 -0.0195092 0.00145373 -0.00175434 -0.0195092 0.0925517 -0.00174965 0.0043488 0.00145373 -0.00174965 0.00871906 -0.016845 -0.00175434 0.0043488 -0.016845 0.0860865 
0.0110876 -0.0195369 0.00142043 -0.00170902 -0.0195369 0.0926344 -0.00171003 0.0042702 0.00142043 -0.00171003 0.00868762 -0.0168219 -0.00170902 0.0042702 -0.0168219 0.0860494 
0.0110848 -0.0195699 0.00144279 -0.00164984 -0.0195699 0.092707 -0.00165711 0.00412494 0.00144279 -0.00165711 0.00867701 -0.0167877 -0.00164984 0.00412494 -0.0167877 0.0859795 
0.0110716 -0.0195439 0.00147425 -0.00169532 -0.0195439 0.0926751 -0.00170281 0.00415593 0.00147425 -0.00170281 0.00869765 -0.016797 -0.00169532 0.00415593 -0.016797 0.0859892 
0.0110919 -0.019543 0.00149459 -0.00173206 -0.019543 0.0926736 -0.00173763 0.00423297 0.00149459 -0.00173763 0.00868563 -0.0168044 -0.00173206 0.00423297 -0.0168044 0.0859842 
0.0111053 -0.0196045 0.00150585 -0.00173361 -0.0196045 0.0928102 -0.00174291 0.00424696 0.00150585 -0.00174291 0.00868638 -0.0167637 -0.00173361 0.00424696 -0.0167637 0.0858954 
0.0111096 -0.0196402 0.00153997 -0.00176924 -0.0196402 0.0929601 -0.00178175 0.00433347 0.00153997 -0.00178175 0.00869813 -0.0167616 -0.00176924 0.00433347 -0.0167616 0.08585 
