0.00862827 0 -0.00130492 0 0 0.01 0 0 -0.00130492 0 0.00575716 0 0 0 0 0.01 
0.011936 -0.0147873 -0.00159482 0.00195187 -0.0147873 0.0375283 0.00195187 -0.00374228 -0.00159482 0.00195187 0.00837728 -0.0104371 0.00195187 -0.00374228 -0.0104371 0.0291874 
0.0118169 -0.0216305 -0.00135518 0.00219506 -0.0216305 0.078178 0.00219506 -0.00690848 -0.00135518 0.00219506 0.00855576 -0.016506 0.00219506 -0.00690848 -0.016506 0.062075 
0.0111422 -0.0206246 -0.0012462 0.00155858 -0.0206246 0.0902509 0.00156127 -0.00519411 -0.0012462 0.00156127 0.0080575 -0.0169071 0.00155858 -0.00519411 -0.0169071 0.0780641 
0.0112357 -0.0198508 -0.00133693 0.00141755 -0.0198508 0.0921383 0.00142098 -0.00373505 -0.00133693 0.00142098 0.0079155 -0.0163329 0.00141755 -0.00373505 -0.0163329 0.0828854 
0.0114423 -0.0199229 -0.00139149 0.00154373 -0.0199229 0.0930384 0.00154954 -0.00356461 -0.00139149 0.00154954 0.00802099 -0.0160421 0.00154373 -0.00356461 -0.0160421 0.0838411 
0.0115116 -0.0200746 -0.00142751 0.00164477 -0.0200746 0.0937476 0.00165206 -0.00386243 -0.00142751 0.00165206 0.00817954 -0.0160724 0.00164477 -0.00386243 -0.0160724 0.0840904 
0.0114776 -0.0200343 -0.00143909 0.00167803 -0.0200343 0.0938561 0.00167602 -0.0040472 -0.00143909 0.00167602 0.00829137 -0.0162332 0.00167803 -0.0040472 -0.0162332 0.084405 
0.0114444 -0.0199841 -0.00141948 0.00169721 -0.0199841 0.0937664 0.0016825 -0.00413582 -0.00141948 0.0016825 0.00837613 -0.0163299 0.00169721 -0.00413582 -0.0163299 0.0846513 
0.011485 -0.01997 -0.00133014 0.00164484 -0.01997 0.0937094 0.00162584 -0.00404532 -0.00133014 0.00162584 0.00840577 -0.0164095 0.00164484 -0.00404532 -0.0164095 0.084843 
0.0114726 -0.0200044 -0.00125433 0.00152432 -0.0200044 0.0937181 0.00151623 -0.00380623 -0.00125433 0.00151623 0.008421 -0.0164621 0.00152432 -0.00380623 -0.0164621 0.0850034 
0.0114551 -0.0200423 -0.0012244 0.00144806 -0.0200423 0.0938663 0.00145352 -0.00361493 -0.0012244 0.00145352 0.00847555 -0.0164826 0.00144806 -0.00361493 -0.0164826 0.0851205 
0.0114056 -0.0199727 -0.00122351 0.00144239 -0.0199727 0.0937622 0.00144952 -0.00356358 -0.00122351 0.00144952 0.0085171 -0.0165922 0.00144239 -0.00356358 -0.0165922 0.0853759 
0.0113921 -0.019946 -0.00122161 0.00142274 -0.019946 0.0937046 0.00141992 -0.00348968 -0.00122161 0.00141992 0.00853503 -0.016635 0.00142274 -0.00348968 -0.016635 0.0855638 
0.0113654 -0.0199146 -0.00124138 0.00141767 -0.0199146 0.093617 0.00140914 -0.00344175 -0.00124138 0.00140914 0.00853752 -0.0166613 0.00141767 -0.00344175 -0.0166613 0.0856715 
0.0113813 -0.0198814 -0.00129141 0.00146913 -0.0198814 0.0935388 0.00145965 -0.00353958 -0.00129141 0.00145965 0.00849864 -0.0166654 0.00146913 -0.00353958 -0.0166654 0.0857175 
0.0113977 -0.019945 -0.00131853 0.00152687 -0.019945 0.0936617 0.00151771 -0.0036741 -0.00131853 0.00151771 0.00849564 -0.016579 0.00152687 -0.0036741 -0.016579 0.0855594 
0.011371 -0.019923 -0.00131132 0.00154787 -0.019923 0.0936336 0.00153906 -0.00374989 -0.00131132 0.00153906 0.00850064 -0.0165891 0.00154787 -0.00374989 -0.0165891 0.0854962 
0.0113811 -0.0198849 -0.00132206 0.00155462 -0.0198849 0.0935527 0.00154922 -0.00381237 -0.00132206 0.00154922 0.00846756 -0.0166069 0.00155462 -0.00381237 -0.0166069 0.0855287 
0.0114409 -0.0199249 -0.00130662 0.00154651 -0.0199249 0.093611 0.0015494 -0.0038036 -0.00130662 0.0015494 0.00839789 -0.0165412 0.00154651 -0.0038036 -0.0165412 0.0854195 
0.01145 -0.0199736 -0.00126832 0.001513 -0.0199736 0.0936842 0.00152664 -0.00374438 -0.00126832 0.00152664 0.00837285 -0.0164634 0.001513 -0.00374438 -0.0164634 0.085245 
0.0114095 -0.0199565 -0.00124099 0.00145764 -0.0199565 0.0936574 0.00147441 -0.00362578 -0.00124099 0.00147441 0.00837951 -0.0164429 0.00145764 -0.00362578 -0.0164429 0.0851427 
0.0114071 -0.0199539 -0.00125309 0.00143666 -0.0199539 0.0936968 0.00144894 -0.00355111 -0.00125309 0.00144894 0.00838068 -0.0164162 0.00143666 -0.00355111 -0.0164162 0.085036 
0.0114181 -0.0199798 -0.00123453 0.00146067 -0.0199798 0.093782 0.00146502 -0.00356203 -0.00123453 0.00146502 0.00840146 -0.0163951 0.00146067 -0.00356203 -0.0163951 0.0849424 
0.0113921 -0.0199638 -0.00122573 0.00145853 -0.0199638 0.0937599 0.00146067 -0.00359163 -0.00122573 0.00146067 0.00844835 -0.0164429 0.00145853 -0.00359163 -0.0164429 0.0849996 
0.0113597 -0.0199446 -0.00124426 0.00143369 -0.0199446 0.0937326 0.00143594 -0.00354253 -0.00124426 0.00143594 0.00849563 -0.0165015 0.00143369 -0.00354253 -0.0165015 0.0851273 
0.0113777 -0.0199046 -0.00125353 0.00143407 -0.0199046 0.0936525 0.00143299 -0.00349005 -0.00125353 0.00143299 0.00849664 -0.016573 0.00143407 -0.00349005 -0.016573 0.0853198 
0.0113315 -0.0198684 -0.00124674 0.00147119 -0.0198684 0.0934891 0.00147176 -0.00356539 -0.00124674 0.00147176 0.00854208 -0.0166227 0.00147119 -0.00356539 -0.0166227 0.0855303 
0.0112978 -0.0198415 -0.00124043 0.00147066 -0.0198415 0.09343 0.0014708 -0.00360806 -0.00124043 0.0014708 0.00856753 -0.0166575 0.00147066 -0.00360806 -0.0166575 0.085636 
0.0112782 -0.019759 -0.00124097 0.00145729 -0.019759 0.0932252 0.00145377 -0.00358437 -0.00124097 0.00145377 0.00853178 -0.0167109 0.00145729 -0.00358437 -0.0167109 0.0857791 
0.0113032 -0.0197999 -0.00124413 0.00145057 -0.0197999 0.0932845 0.00144673 -0.00355099 -0.00124413 0.00144673 0.00847682 -0.0166132 0.00145057 -0.00355099 -0.0166132 0.0856319 
0.0113415 -0.0198697 -0.00128544 0.00146541 -0.0198697 0.0934788 0.00146103 -0.00357747 -0.00128544 0.00146103 0.0084571 -0.0165096 0.00146541 -0.00357747 -0.0165096 0.0853554 
0.0113611 -0.0198985 -0.00127619 0.00151216 -0.0198985 0.0935796 0.001509 -0.00366065 -0.00127619 0.001509 0.00845716 -0.0164933 0.00151216 -0.00366065 -0.0164933 0.085219 
0.0113818 -0.019884 -0.00125123 0.00150987 -0.019884 0.0935451 0.00151108 -0.00371867 -0.00125123 0.00151108 0.00845239 -0.0165308 0.00150987 -0.00371867 -0.0165308 0.0852765 
0.0114166 -0.0199496 -0.00123603 0.00144123 -0.0199496 0.0936756 0.0014493 -0.00359144 -0.00123603 0.0014493 0.00843886 -0.0164986 0.00144123 -0.00359144 -0.0164986 0.0852315 
0.0113897 -0.0199568 -0.00121519 0.00144179 -0.0199568 0.0937032 0.00145008 -0.00355493 -0.00121519 0.00145008 0.00848323 -0.0165156 0.00144179 -0.00355493 -0.0165156 0.0852709 
0.0113712 -0.0199019 -0.00118783 0.00142797 -0.0199019 0.0935994 0.00142725 -0.00352526 -0.00118783 0.00142725 0.00849188 -0.0165829 0.00142797 -0.00352526 -0.0165829 0.0854024 
0.0113464 -0.0198769 -0.00111693 0.00138213 -0.0198769 0.0935046 0.00137741 -0.00342053 -0.00111693 0.00137741 0.00848991 -0.0165943 0.00138213 -0.00342053 -0.0165943 0.0854825 
0.0113514 -0.019873 -0.00109206 0.00128293 -0.019873 0.0934947 0.00128121 -0.0032127 -0.00109206 0.00128121 0.00848761 -0.0165723 0.00128293 -0.0032127 -0.0165723 0.0854564 
0.0113327 -0.0198678 -0.00109922 0.00125984 -0.0198678 0.0934683 0.00125798 -0.0030941 -0.00109922 0.00125798 0.00852029 -0.0165773 0.00125984 -0.0030941 -0.0165773 0.0854593 
0.0112825 -0.0198254 -0.00110758 0.00129085 -0.0198254 0.0933727 0.00128217 -0.00312131 -0.00110758 0.00128217 0.00858867 -0.0166313 0.00129085 -0.00312131 -0.0166313 0.0855555 
0.0112515 -0.0197906 -0.00111477 0.00130413 -0.0197906 0.0933151 0.00129212 -0.00315903 -0.00111477 0.00129212 0.00861627 -0.0166946 0.00130413 -0.00315903 -0.0166946 0.0856715 
0.0112248 -0.0197192 -0.00108936 0.00131211 -0.0197192 0.0931356 0.00130268 -0.00319005 -0.00108936 0.00130268 0.00861613 -0.0167625 0.00131211 -0.00319005 -0.0167625 0.0858724 
0.01122 -0.0197148 -0.0010935 0.001278 -0.0197148 0.0930936 0.00127656 -0.00315669 -0.0010935 0.00127656 0.00859952 -0.0167415 0.001278 -0.00315669 -0.0167415 0.0859007 
0.0112792 -0.0197333 -0.00111626 0.00128825 -0.0197333 0.0931461 0.00129014 -0.00315997 -0.00111626 0.00129014 0.00852899 -0.016696 0.00128825 -0.00315997 -0.016696 0.0857996 
0.0113371 -0.0198225 -0.00110985 0.00130388 -0.0198225 0.093327 0.00130735 -0.00318057 -0.00110985 0.00130735 0.00847247 -0.0165918 0.00130388 -0.00318057 -0.0165918 0.085575 
0.0113247 -0.0198802 -0.00106642 0.00127887 -0.0198802 0.0934817 0.00128396 -0.00313626 -0.00106642 0.00128396 0.00848143 -0.0165209 0.00127887 -0.00313626 -0.0165209 0.0853546 
0.0112878 -0.0198163 -0.00103969 0.00124521 -0.0198163 0.0933831 0.00124882 -0.00308568 -0.00103969 0.00124882 0.00851905 -0.0165664 0.00124521 -0.00308568 -0.0165664 0.0853757 
0.0112492 -0.0197955 -0.0010504 0.00121524 -0.0197955 0.0933229 0.00121561 -0.00301364 -0.0010504 0.00121561 0.00858558 -0.0166012 0.00121524 -0.00301364 -0.0166012 0.0854486 
0.0112652 -0.0197534 -0.00105861 0.00124835 -0.0197534 0.0932424 0.0012411 -0.00304801 -0.00105861 0.0012411 0.00858999 -0.0166827 0.00124835 -0.00304801 -0.0166827 0.0856053 
0.0112603 -0.0197714 -0.00109523 0.00127237 -0.0197714 0.0932352 0.00126537 -0.00312257 -0.00109523 0.00126537 0.00860693 -0.0166971 0.00127237 -0.00312257 -0.0166971 0.0857089 
0.0112241 -0.0197453 -0.00109268 0.00131324 -0.0197453 0.0931796 0.00130947 -0.00321408 -0.00109268 0.00130947 0.00863322 -0.0167353 0.00131324 -0.00321408 -0.0167353 0.0858149 
0.0111942 -0.0196939 -0.00109956 0.00128712 -0.0196939 0.0930638 0.00128416 -0.0031907 -0.00109956 0.00128416 0.00864428 -0.0167752 0.00128712 -0.0031907 -0.0167752 0.0859332 
0.0111861 -0.0196659 -0.00110744 0.00131446 -0.0196659 0.0929856 0.00131036 -0.00323415 -0.00110744 0.00131036 0.0086482 -0.0167785 0.00131446 -0.00323415 -0.0167785 0.0859724 
0.0111864 -0.0196484 -0.00111392 0.00129321 -0.0196484 0.0929146 0.00129435 -0.00319431 -0.00111392 0.00129435 0.00860998 -0.0167803 0.00129321 -0.00319431 -0.0167803 0.0859774 
0.011217 -0.0196786 -0.00110599 0.00129116 -0.0196786 0.092976 0.00130169 -0.00317196 -0.00110599 0.00130169 0.00855885 -0.0167102 0.00129116 -0.00317196 -0.0167102 0.0858481 
0.0112693 -0.019708 -0.0010954 0.00129027 -0.019708 0.0930422 0.00130945 -0.00318659 -0.0010954 0.00130945 0.00847343 -0.016643 0.00129027 -0.00318659 -0.016643 0.0856736 
0.0113333 -0.019808 -0.00108492 0.00127533 -0.019808 0.0932703 0.0012979 -0.00317132 -0.00108492 0.0012979 0.00840238 -0.0165068 0.00127533 -0.00317132 -0.0165068 0.0853612 
0.0113387 -0.0198784 -0.00110039 0.00126882 -0.0198784 0.0934707 0.00129025 -0.00315759 -0.00110039 0.00129025 0.00840021 -0.0164152 0.00126882 -0.00315759 -0.0164152 0.0850724 
0.0112651 -0.0198395 -0.00113032 0.00131239 -0.0198395 0.0934332 0.00132399 -0.00323665 -0.00113032 0.00132399 0.00844851 -0.0164424 0.00131239 -0.00323665 -0.0164424 0.0850302 
0.0111885 -0.0197892 -0.00119402 0.00135776 -0.0197892 0.093378 0.00135388 -0.00333549 -0.00119402 0.00135388 0.00852891 -0.0164791 0.00135776 -0.00333549 -0.0164791 0.0850728 
0.011142 -0.0197418 -0.00120616 0.00141415 -0.0197418 0.0933227 0.00139528 -0.00341586 -0.00120616 0.00139528 0.00860623 -0.0165453 0.00141415 -0.00341586 -0.0165453 0.0851726 
0.0111452 -0.0196487 -0.00119789 0.0014329 -0.0196487 0.0931021 0.00140869 -0.00348221 -0.00119789 0.00140869 0.00862896 -0.016672 0.0014329 -0.00348221 -0.016672 0.0854547 
0.011157 -0.0196364 -0.00117068 0.00140079 -0.0196364 0.0929687 0.00138732 -0.00344085 -0.00117068 0.00138732 0.00861764 -0.0167151 0.00140079 -0.00344085 -0.0167151 0.0856583 
0.0111779 -0.0196275 -0.00117056 0.00139493 -0.0196275 0.0928899 0.00139403 -0.00345623 -0.00117056 0.00139403 0.00861062 -0.0167317 0.00139493 -0.00345623 -0.0167317 0.0857929 
0.0111989 -0.0196661 -0.00117381 0.00137417 -0.0196661 0.0929343 0.00138021 -0.00341443 -0.00117381 0.00138021 0.00860359 -0.0167118 0.00137417 -0.00341443 -0.0167118 0.085794 
0.0112483 -0.0196735 -0.00116591 0.00136599 -0.0196735 0.0929457 0.00136917 -0.00336508 -0.00116591 0.00136917 0.00854969 -0.0167136 0.00136599 -0.00336508 -0.0167136 0.0857985 
0.0112639 -0.0197335 -0.00113925 0.00134351 -0.0197335 0.0930368 0.00134456 -0.00329619 -0.00113925 0.00134456 0.008523 -0.0166499 0.00134351 -0.00329619 -0.0166499 0.0857083 
0.0112681 -0.019762 -0.00112598 0.00132238 -0.019762 0.093143 0.0013242 -0.00324781 -0.00112598 0.0013242 0.00851698 -0.0166056 0.00132238 -0.00324781 -0.0166056 0.085576 
0.0112957 -0.0197999 -0.00113928 0.00131308 -0.0197999 0.0932801 0.00131499 -0.00322341 -0.00113928 0.00131499 0.00851741 -0.0165788 0.00131308 -0.00322341 -0.0165788 0.0854696 
0.011288 -0.0198221 -0.00115095 0.00134159 -0.0198221 0.0933537 0.00133953 -0.00326529 -0.00115095 0.00133953 0.00854544 -0.0165887 0.00134159 -0.00326529 -0.0165887 0.0854513 
0.0112517 -0.0198045 -0.00111021 0.00133283 -0.0198045 0.0933447 0.00132813 -0.00324036 -0.00111021 0.00132813 0.00857292 -0.0166243 0.00133283 -0.00324036 -0.0166243 0.0854959 
0.0112842 -0.0198133 -0.00109593 0.00129698 -0.0198133 0.0934192 0.00129344 -0.00319577 -0.00109593 0.00129344 0.00856264 -0.0166347 0.00129698 -0.00319577 -0.0166347 0.0855255 
0.0113413 -0.0198468 -0.00108674 0.00129054 -0.0198468 0.0934884 0.00128768 -0.00317442 -0.00108674 0.00128768 0.00855543 -0.0166382 0.00129054 -0.00317442 -0.0166382 0.085566 
0.0113429 -0.0198393 -0.00111005 0.00128768 -0.0198393 0.0934125 0.00128468 -0.00317388 -0.00111005 0.00128468 0.00857423 -0.0166885 0.00128768 -0.00317388 -0.0166885 0.0857139 
0.0113553 -0.0198873 -0.00110537 0.00128921 -0.0198873 0.093517 0.00128431 -0.00314119 -0.00110537 0.00128431 0.00854853 -0.0166827 0.00128921 -0.00314119 -0.0166827 0.0857315 
0.0113489 -0.0198874 -0.00108619 0.00129768 -0.0198874 0.0935461 0.00129284 -0.00316356 -0.00108619 0.00129284 0.00853893 -0.0166709 0.00129768 -0.00316356 -0.0166709 0.0857452 
0.011303 -0.0198383 -0.0010378 0.00126979 -0.0198383 0.093423 0.00126722 -0.00312555 -0.0010378 0.00126722 0.00854315 -0.0166765 0.00126979 -0.00312555 -0.0166765 0.0857681 
0.0112778 -0.0197765 -0.000992269 0.00120872 -0.0197765 0.0932646 0.00120876 -0.0030123 -0.000992269 0.00120876 0.00853053 -0.016674 0.00120872 -0.0030123 -0.016674 0.0857629 
0.0113168 -0.0198148 -0.000917645 0.0011358 -0.0198148 0.0933408 0.00113846 -0.00283191 -0.000917645 0.00113846 0.00850867 -0.0165959 0.0011358 -0.00283191 -0.0165959 0.0855738 
0.0113411 -0.0198509 -0.000902335 0.00105678 -0.0198509 0.0934192 0.00106358 -0.00265636 -0.000902335 0.00106358 0.00850235 -0.0165692 0.00105678 -0.00265636 -0.0165692 0.08544 
0.0113379 -0.0198446 -0.000909966 0.0010513 -0.0198446 0.093401 0.0010568 -0.00258631 -0.000909966 0.0010568 0.008501 -0.0165883 0.0010513 -0.00258631 -0.0165883 0.0854456 
0.0113308 -0.0198487 -0.000904491 0.00105777 -0.0198487 0.0934079 0.00105807 -0.00256979 -0.000904491 0.00105807 0.00850244 -0.016584 0.00105777 -0.00256979 -0.016584 0.085445 
0.0113764 -0.019887 -0.000923183 0.00105167 -0.019887 0.0935298 0.00104786 -0.00255743 -0.000923183 0.00104786 0.0085091 -0.0165631 0.00105167 -0.00255743 -0.0165631 0.085399 
0.0113631 -0.0198638 -0.00095712 0.0010932 -0.0198638 0.0934436 0.00108901 -0.00263448 -0.00095712 0.00108901 0.00850303 -0.0166213 0.0010932 -0.00263448 -0.0166213 0.0855089 
0.0113144 -0.0198371 -0.00101634 0.0011542 -0.0198371 0.0933587 0.00115391 -0.00279413 -0.00101634 0.00115391 0.00852783 -0.0166294 0.0011542 -0.00279413 -0.0166294 0.0855932 
0.0112701 -0.0197657 -0.00102835 0.00121681 -0.0197657 0.0931995 0.00121823 -0.00294999 -0.00102835 0.00121823 0.00854336 -0.0166612 0.00121681 -0.00294999 -0.0166612 0.0856688 
0.0112541 -0.0197383 -0.000989002 0.0012027 -0.0197383 0.0931191 0.00120831 -0.00296422 -0.000989002 0.00120831 0.00851617 -0.0166446 0.0012027 -0.00296422 -0.0166446 0.0856293 
0.0112548 -0.0197551 -0.00098026 0.00116065 -0.0197551 0.0931641 0.00117076 -0.00290712 -0.00098026 0.00117076 0.00848531 -0.016575 0.00116065 -0.00290712 -0.016575 0.0854602 
0.0112438 -0.01979 -0.00102167 0.00116756 -0.01979 0.0932863 0.00117622 -0.0029068 -0.00102167 0.00117622 0.00850285 -0.0165135 0.00116756 -0.0029068 -0.0165135 0.0852737 
0.0112068 -0.0197734 -0.00105475 0.00120699 -0.0197734 0.0933042 0.00120486 -0.00294594 -0.00105475 0.00120486 0.00855493 -0.0165355 0.00120699 -0.00294594 -0.0165355 0.0852333 
0.0111665 -0.0197038 -0.00104129 0.00124836 -0.0197038 0.0931668 0.00123417 -0.00301865 -0.00104129 0.00123417 0.00859708 -0.0166179 0.00124836 -0.00301865 -0.0166179 0.0853754 
0.0111413 -0.0196425 -0.00102093 0.00122334 -0.0196425 0.0929911 0.00120712 -0.00299753 -0.00102093 0.00120712 0.00861193 -0.0166803 0.00122334 -0.00299753 -0.0166803 0.0855546 
0.0111451 -0.0196093 -0.000966759 0.00122683 -0.0196093 0.0928704 0.00121643 -0.00302534 -0.000966759 0.00121643 0.00860976 -0.0167088 0.00122683 -0.00302534 -0.0167088 0.0856901 
0.0111454 -0.0195628 -0.000971661 0.00115413 -0.0195628 0.0926868 0.0011531 -0.00292649 -0.000971661 0.0011531 0.0085714 -0.0167368 0.00115413 -0.00292649 -0.0167368 0.0858068 
0.0111908 -0.0196401 -0.000993339 0.00113292 -0.0196401 0.0928302 0.00113536 -0.0028154 -0.000993339 0.00113536 0.0085521 -0.0166366 0.00113292 -0.0028154 -0.0166366 0.0856519 
0.0111933 -0.0197013 -0.00101479 0.00115487 -0.0197013 0.0930005 0.00115801 -0.00280938 -0.00101479 0.00115801 0.00858535 -0.0166014 0.00115487 -0.00280938 -0.0166014 0.0854966 
0.0111848 -0.0196778 -0.000994323 0.00118599 -0.0196778 0.0930002 0.0011874 -0.00286687 -0.000994323 0.0011874 0.00859897 -0.0166622 0.00118599 -0.00286687 -0.0166622 0.0855481 
0.0111899 -0.0196666 -0.000970745 0.00120145 -0.0196666 0.0929798 0.00120479 -0.00296698 -0.000970745 0.00120479 0.00858406 -0.0166891 0.00120145 -0.00296698 -0.0166891 0.085639 
0.0112056 -0.0196578 -0.000971147 0.00117045 -0.0196578 0.0929383 0.00118171 -0.00296052 -0.000971147 0.00118171 0.00854698 -0.0166861 0.00117045 -0.00296052 -0.0166861 0.0856887 
0.0111821 -0.01968 -0.000995554 0.00113559 -0.01968 0.09296 0.00115267 -0.00286222 -0.000995554 0.00115267 0.00854197 -0.0166308 0.00113559 -0.00286222 -0.0166308 0.0856046 
0.0111352 -0.0196616 -0.00100113 0.00115365 -0.0196616 0.0929601 0.00116796 -0.00283453 -0.00100113 0.00116796 0.00856197 -0.0166046 0.00115365 -0.00283453 -0.0166046 0.0854923 
0.0110781 -0.0195913 -0.00100743 0.00116968 -0.0195913 0.0928263 0.00117619 -0.00285907 -0.00100743 0.00117619 0.0086039 -0.0166305 0.00116968 -0.00285907 -0.0166305 0.0854924 
0.0110709 -0.0195301 -0.00101237 0.0011665 -0.0195301 0.092673 0.00116535 -0.00284179 -0.00101237 0.00116535 0.00860112 -0.0166677 0.0011665 -0.00284179 -0.0166677 0.0855462 
0.0110422 -0.0195145 -0.00101217 0.00118001 -0.0195145 0.0925722 0.00117474 -0.00285883 -0.00101217 0.00117474 0.00863924 -0.0166737 0.00118001 -0.00285883 -0.0166737 0.0856022 
0.0110492 -0.0194951 -0.00101358 0.00119293 -0.0194951 0.0925323 0.00118401 -0.002899 -0.00101358 0.00118401 0.00863536 -0.0167101 0.00119293 -0.002899 -0.0167101 0.0856611 
0.0110741 -0.0195139 -0.00102519 0.00118575 -0.0195139 0.0925588 0.00117953 -0.00289399 -0.00102519 0.00117953 0.00862018 -0.0166973 0.00118575 -0.00289399 -0.0166973 0.0856616 
0.0110703 -0.0195508 -0.00106112 0.00120867 -0.0195508 0.0926428 0.00121005 -0.00294813 -0.00106112 0.00121005 0.00863462 -0.0166801 0.00120867 -0.00294813 -0.0166801 0.0856339 
0.0110132 -0.0195034 -0.001084 0.00126955 -0.0195034 0.0925557 0.00126897 -0.00308447 -0.001084 0.00126897 0.00867498 -0.0167326 0.00126955 -0.00308447 -0.0167326 0.0857365 
0.0110206 -0.0194378 -0.00108732 0.00129422 -0.0194378 0.0924154 0.00128657 -0.00316995 -0.00108732 0.00128657 0.00866161 -0.0167783 0.00129422 -0.00316995 -0.0167783 0.0858535 
0.0110626 -0.0194669 -0.00106934 0.0012776 -0.0194669 0.0924178 0.00127079 -0.00315058 -0.00106934 0.00127079 0.00862088 -0.0167432 0.0012776 -0.00315058 -0.0167432 0.0858332 
0.0111511 -0.0195475 -0.00107822 0.00126389 -0.0195475 0.092594 0.00126114 -0.0031317 -0.00107822 0.00126114 0.00856663 -0.0166757 0.00126389 -0.0031317 -0.0166757 0.0856921 
0.0112216 -0.0196615 -0.00106556 0.00126981 -0.0196615 0.0928563 0.00126915 -0.00312755 -0.00106556 0.00126915 0.00851904 -0.0166082 0.00126981 -0.00312755 -0.0166082 0.0855187 
0.011261 -0.0197219 -0.00104361 0.00125049 -0.0197219 0.0930323 0.00125091 -0.00309714 -0.00104361 0.00125091 0.00848874 -0.0165749 0.00125049 -0.00309714 -0.0165749 0.0854217 
0.0113038 -0.019831 -0.00103701 0.00120318 -0.019831 0.0933431 0.00120825 -0.0029928 -0.00103701 0.00120825 0.00850132 -0.016507 0.00120318 -0.0029928 -0.016507 0.0852562 
0.0113476 -0.0198787 -0.00102149 0.00121629 -0.0198787 0.0935382 0.00122191 -0.00299131 -0.00102149 0.00122191 0.00852403 -0.0165371 0.00121629 -0.00299131 -0.0165371 0.0852517 
0.011344 -0.0198731 -0.0010259 0.00120828 -0.0198731 0.0935242 0.00121208 -0.002995 -0.0010259 0.00121208 0.00856083 -0.016619 0.00120828 -0.002995 -0.016619 0.0854461 
0.0113771 -0.0198432 -0.00105626 0.0012342 -0.0198432 0.0934424 0.00123273 -0.00304955 -0.00105626 0.00123273 0.00851247 -0.0166935 0.0012342 -0.00304955 -0.0166935 0.0856764 
0.0113965 -0.0199183 -0.00109812 0.00126762 -0.0199183 0.0935679 0.00126329 -0.00311717 -0.00109812 0.00126329 0.00846585 -0.0166154 0.00126762 -0.00311717 -0.0166154 0.0856304 
0.0113529 -0.019936 -0.00113748 0.00130662 -0.019936 0.0936536 0.00130009 -0.00318824 -0.00113748 0.00130009 0.00847225 -0.01655 0.00130662 -0.00318824 -0.01655 0.0854706 
0.0113295 -0.01993 -0.00113465 0.00132498 -0.01993 0.0937312 0.00131638 -0.00320987 -0.00113465 0.00131638 0.00848085 -0.0165079 0.00132498 -0.00320987 -0.0165079 0.0852792 
0.011286 -0.0198535 -0.00112761 0.00134207 -0.0198535 0.0935739 0.00133422 -0.00327066 -0.00112761 0.00133422 0.00850813 -0.0165401 0.00134207 -0.00327066 -0.0165401 0.0852749 
0.0112231 -0.0197624 -0.00112055 0.00133693 -0.0197624 0.0933092 0.00133339 -0.00329414 -0.00112055 0.00133339 0.00853844 -0.0165959 0.00133693 -0.00329414 -0.0165959 0.0853942 
0.0111961 -0.0197026 -0.0011145 0.00133883 -0.0197026 0.0931304 0.00133719 -0.00331729 -0.0011145 0.00133719 0.00855238 -0.0166192 0.00133883 -0.00331729 -0.0166192 0.0854712 
0.0111826 -0.0196745 -0.00108074 0.00130609 -0.0196745 0.0930161 0.00130605 -0.00324875 -0.00108074 0.00130605 0.0085635 -0.0166245 0.00130609 -0.00324875 -0.0166245 0.085498 
0.0111563 -0.0196111 -0.00109551 0.00128661 -0.0196111 0.0928208 0.00128895 -0.0032152 -0.00109551 0.00128895 0.00857601 -0.0166665 0.00128661 -0.0032152 -0.0166665 0.0855922 
0.0111466 -0.019584 -0.00111233 0.00130722 -0.019584 0.092707 0.00130979 -0.0032335 -0.00111233 0.00130979 0.00856764 -0.0166758 0.00130722 -0.0032335 -0.0166758 0.0856404 
0.0111607 -0.0196056 -0.00111968 0.00130231 -0.0196056 0.0927391 0.00130629 -0.0032138 -0.00111968 0.00130629 0.00854606 -0.016638 0.00130231 -0.0032138 -0.016638 0.0855687 
0.0112042 -0.0196746 -0.0011151 0.00129939 -0.0196746 0.0929331 0.00130813 -0.00319242 -0.0011151 0.00130813 0.00851484 -0.01657 0.00129939 -0.00319242 -0.01657 0.0853849 
0.0112028 -0.0197201 -0.00112738 0.0013179 -0.0197201 0.0930785 0.00133052 -0.00324615 -0.00112738 0.00133052 0.00852473 -0.016544 0.0013179 -0.00324615 -0.016544 0.0852835 
0.0111891 -0.0197245 -0.00114005 0.00133768 -0.0197245 0.0931529 0.00134816 -0.00330265 -0.00114005 0.00134816 0.00856181 -0.0165615 0.00133768 -0.00330265 -0.0165615 0.085284 
0.0110988 -0.0196379 -0.00116076 0.00133776 -0.0196379 0.092951 0.00134418 -0.00329894 -0.00116076 0.00134418 0.00862341 -0.0166546 0.00133776 -0.00329894 -0.0166546 0.0854784 
0.0111006 -0.0195685 -0.00116101 0.00135335 -0.0195685 0.0928044 0.00135401 -0.00330408 -0.00116101 0.00135401 0.00859994 -0.0167063 0.00135335 -0.00330408 -0.0167063 0.0856335 
0.0111164 -0.0195568 -0.00116459 0.00136792 -0.0195568 0.0927063 0.00137026 -0.00334875 -0.00116459 0.00137026 0.00855884 -0.0166825 0.00136792 -0.00334875 -0.0166825 0.0856638 
0.0110919 -0.0195977 -0.00116335 0.00135876 -0.0195977 0.0927639 0.00136554 -0.00334234 -0.00116335 0.00136554 0.0085715 -0.0166068 0.00135876 -0.00334234 -0.0166068 0.0855199 
0.011059 -0.0195743 -0.00120476 0.00137408 -0.0195743 0.0927695 0.00137741 -0.00337617 -0.00120476 0.00137741 0.00860593 -0.0166137 0.00137408 -0.00337617 -0.0166137 0.0854522 
0.0110599 -0.0195132 -0.00123249 0.00144192 -0.0195132 0.0926396 0.00143637 -0.00350375 -0.00123249 0.00143637 0.00863306 -0.0166722 0.00144192 -0.00350375 -0.0166722 0.0855469 
0.011101 -0.0195396 -0.001187 0.0014438 -0.0195396 0.0926441 0.00143312 -0.00352213 -0.001187 0.00143312 0.00860766 -0.0166813 0.0014438 -0.00352213 -0.0166813 0.0855795 
0.0111292 -0.0195904 -0.0011659 0.00137852 -0.0195904 0.0927354 0.00137252 -0.00342009 -0.0011659 0.00137252 0.00857933 -0.0166566 0.00137852 -0.00342009 -0.0166566 0.0855595 
0.0111503 -0.0196378 -0.00112523 0.00133171 -0.0196378 0.0928681 0.00132933 -0.00327512 -0.00112523 0.00132933 0.00856817 -0.016614 0.00133171 -0.00327512 -0.016614 0.08547 
0.0110858 -0.019604 -0.00111616 0.0013003 -0.019604 0.0927943 0.00129947 -0.00319692 -0.00111616 0.00129947 0.00862488 -0.0166458 0.0013003 -0.00319692 -0.0166458 0.085528 
0.0110643 -0.0195584 -0.00107962 0.0013008 -0.0195584 0.09273 0.00129663 -0.0031778 -0.00107962 0.00129663 0.00866601 -0.0166967 0.0013008 -0.0031778 -0.0166967 0.0856219 
0.0110396 -0.0194685 -0.00105765 0.00127243 -0.0194685 0.0924769 0.00126605 -0.00314376 -0.00105765 0.00126605 0.00866837 -0.0167924 0.00127243 -0.00314376 -0.0167924 0.0858582 
0.0110396 -0.0194697 -0.00104087 0.00124119 -0.0194697 0.0924167 0.0012396 -0.00307732 -0.00104087 0.0012396 0.00866606 -0.016776 0.00124119 -0.00307732 -0.016776 0.0859183 
0.0110839 -0.019499 -0.0010675 0.00122411 -0.019499 0.0924895 0.00122718 -0.00303336 -0.0010675 0.00122718 0.00861608 -0.016748 0.00122411 -0.00303336 -0.016748 0.0858535 
0.0111303 -0.0195522 -0.00106272 0.00124539 -0.0195522 0.0926006 0.0012484 -0.00303854 -0.00106272 0.0012484 0.00858475 -0.0166881 0.00124539 -0.00303854 -0.0166881 0.0857375 
0.011157 -0.0196082 -0.00106751 0.00123096 -0.0196082 0.0927351 0.00123227 -0.00301634 -0.00106751 0.00123227 0.00856367 -0.0166466 0.00123096 -0.00301634 -0.0166466 0.085612 
0.0111727 -0.0196493 -0.00106797 0.00124793 -0.0196493 0.0928702 0.00124786 -0.00303897 -0.00106797 0.00124786 0.00855817 -0.016617 0.00124793 -0.00303897 -0.016617 0.0855125 
0.0112206 -0.0196799 -0.00105823 0.00124224 -0.0196799 0.0929805 0.00123791 -0.00303279 -0.00105823 0.00123791 0.00853814 -0.0166064 0.00124224 -0.00303279 -0.0166064 0.0854573 
0.0112163 -0.0197373 -0.00101952 0.00124378 -0.0197373 0.093113 0.00124033 -0.00304665 -0.00101952 0.00124033 0.00855286 -0.0165857 0.00124378 -0.00304665 -0.0165857 0.0854052 
