0.00836074 0 0.000768461 0 0 0.01 0 0 0.000768461 0 0.00662146 0 0 0 0 0.01 
0.0116231 -0.0144083 0.000976089 -0.00118391 -0.0144083 0.036801 -0.00118391 0.00227027 0.000976089 -0.00118391 0.00946299 -0.0117797 -0.00118391 0.00227027 -0.0117797 0.0317612 
0.0115976 -0.0213309 0.000902633 -0.00133369 -0.0213309 0.0772641 -0.00133369 0.0041356 0.000902633 -0.00133369 0.00955528 -0.0183133 -0.00133369 0.0041356 -0.0183133 0.0678535 
0.0109535 -0.0204574 0.00088099 -0.000950333 -0.0204574 0.089842 -0.00095059 0.00289933 0.00088099 -0.00095059 0.00893182 -0.0182459 -0.000950333 0.00289933 -0.0182459 0.0829974 
0.0109668 -0.0196434 0.000972356 -0.00097875 -0.0196434 0.0917429 -0.000976409 0.00243575 0.000972356 -0.000976409 0.00888434 -0.0174532 -0.00097875 0.00243575 -0.0174532 0.0863938 
0.0111603 -0.0196471 0.000994104 -0.00109155 -0.0196471 0.0925603 -0.00108242 0.00257842 0.000994104 -0.00108242 0.00907789 -0.017269 -0.00109155 0.00257842 -0.017269 0.0870079 
0.0112642 -0.0197632 0.000955492 -0.00108893 -0.0197632 0.0931206 -0.00107989 0.00263787 0.000955492 -0.00107989 0.00923788 -0.0174491 -0.00108893 0.00263787 -0.0174491 0.0875437 
0.0112433 -0.0197754 0.00088787 -0.0009889 -0.0197754 0.0932613 -0.000983715 0.00242855 0.00088787 -0.000983715 0.00928956 -0.0175933 -0.0009889 0.00242855 -0.0175933 0.0879693 
0.0112522 -0.0197687 0.000844854 -0.000930129 -0.0197687 0.093308 -0.000930561 0.00225174 0.000844854 -0.000930561 0.00930091 -0.0176034 -0.000930129 0.00225174 -0.0176034 0.0880905 
0.0112736 -0.0197916 0.000846478 -0.000919787 -0.0197916 0.0933472 -0.000921838 0.00220952 0.000846478 -0.000921838 0.00929963 -0.0175984 -0.000919787 0.00220952 -0.0175984 0.0880803 
0.0113417 -0.019839 0.0008053 -0.000932509 -0.019839 0.0934586 -0.000932504 0.0022229 0.0008053 -0.000932504 0.00926629 -0.017608 -0.000932509 0.0022229 -0.017608 0.0881079 
0.0113688 -0.0199344 0.000799725 -0.000880251 -0.0199344 0.0936716 -0.000880536 0.00215264 0.000799725 -0.000880536 0.0092483 -0.0175728 -0.000880251 0.00215264 -0.0175728 0.0880724 
0.0113325 -0.019904 0.00079491 -0.000830011 -0.019904 0.0936417 -0.000830494 0.0019891 0.00079491 -0.000830494 0.0092288 -0.0175908 -0.000830011 0.0019891 -0.0175908 0.088119 
0.0113409 -0.0199176 0.000790993 -0.000852495 -0.0199176 0.0937157 -0.000851886 0.0019944 0.000790993 -0.000851886 0.00920117 -0.0175349 -0.000852495 0.0019944 -0.0175349 0.0880297 
0.0113598 -0.0199395 0.000777457 -0.000879639 -0.0199395 0.0937941 -0.000877079 0.00207784 0.000777457 -0.000877079 0.00923718 -0.0175186 -0.000879639 0.00207784 -0.0175186 0.0879962 
0.0113864 -0.0199868 0.000778251 -0.000868564 -0.0199868 0.0939303 -0.000867492 0.00210016 0.000778251 -0.000867492 0.0092983 -0.0175569 -0.000868564 0.00210016 -0.0175569 0.0880393 
0.0113694 -0.0199887 0.000810865 -0.000851001 -0.0199887 0.0939482 -0.000852888 0.00206696 0.000810865 -0.000852888 0.00928756 -0.017632 -0.000851001 0.00206696 -0.017632 0.0881696 
0.0113393 -0.0199807 0.000844364 -0.000896286 -0.0199807 0.0939599 -0.000898566 0.00212752 0.000844364 -0.000898566 0.0092938 -0.0176254 -0.000896286 0.00212752 -0.0176254 0.0882365 
0.0113064 -0.0199199 0.000844822 -0.000919894 -0.0199199 0.0938393 -0.000921865 0.00217733 0.000844822 -0.000921865 0.0093027 -0.017643 -0.000919894 0.00217733 -0.017643 0.0882898 
0.0113113 -0.0198883 0.000824433 -0.000919003 -0.0198883 0.0937454 -0.000926004 0.0022006 0.000824433 -0.000926004 0.00930289 -0.0176426 -0.000919003 0.0022006 -0.0176426 0.0882967 
0.0112435 -0.0198403 0.000814246 -0.000864503 -0.0198403 0.0935621 -0.000879475 0.00210008 0.000814246 -0.000879475 0.00931878 -0.017656 -0.000864503 0.00210008 -0.017656 0.0883175 
0.01122 -0.0198123 0.000829091 -0.000870895 -0.0198123 0.0935218 -0.000885429 0.00207857 0.000829091 -0.000885429 0.00934369 -0.0176461 -0.000870895 0.00207857 -0.0176461 0.0882844 
0.0111783 -0.0197672 0.000857424 -0.000889816 -0.0197672 0.0934071 -0.00089431 0.00209511 0.000857424 -0.00089431 0.00936208 -0.0176769 -0.000889816 0.00209511 -0.0176769 0.0883148 
0.0111524 -0.0197192 0.000883236 -0.000928684 -0.0197192 0.0932891 -0.000921189 0.00215745 0.000883236 -0.000921189 0.00930826 -0.0176779 -0.000928684 0.00215745 -0.0176779 0.0883008 
0.0111511 -0.0196833 0.000847771 -0.000954346 -0.0196833 0.093183 -0.000939115 0.00220825 0.000847771 -0.000939115 0.0092354 -0.0176117 -0.000954346 0.00220825 -0.0176117 0.0881968 
0.0111914 -0.0196934 0.000805522 -0.000934793 -0.0196934 0.093176 -0.000920667 0.0022249 0.000805522 -0.000920667 0.00916644 -0.0175166 -0.000934793 0.0022249 -0.0175166 0.0879947 
0.0112131 -0.0197299 0.000789426 -0.000895234 -0.0197299 0.0932204 -0.000888629 0.00218309 0.000789426 -0.000888629 0.00913078 -0.0174331 -0.000895234 0.00218309 -0.0174331 0.0877747 
0.0111635 -0.0197345 0.000826813 -0.000864808 -0.0197345 0.0932248 -0.000866245 0.00210905 0.000826813 -0.000866245 0.00917591 -0.017404 -0.000864808 0.00210905 -0.017404 0.0876568 
0.0111181 -0.0197221 0.000891852 -0.000935786 -0.0197221 0.0932655 -0.000935152 0.00221523 0.000891852 -0.000935152 0.0092577 -0.0174358 -0.000935786 0.00221523 -0.0174358 0.0876504 
0.0110618 -0.0196664 0.000921655 -0.001012 -0.0196664 0.0931817 -0.00100373 0.00237668 0.000921655 -0.00100373 0.0093708 -0.0175444 -0.001012 0.00237668 -0.0175444 0.0878462 
0.0110094 -0.019568 0.0008879 -0.00100146 -0.019568 0.0929453 -0.000992426 0.00238321 0.0008879 -0.000992426 0.00939134 -0.0176768 -0.00100146 0.00238321 -0.0176768 0.0881223 
0.0109816 -0.0194752 0.000862156 -0.00095322 -0.0194752 0.0926729 -0.000953184 0.00230184 0.000862156 -0.000953184 0.00937159 -0.0177363 -0.00095322 0.00230184 -0.0177363 0.0883776 
0.0110038 -0.0194748 0.000868535 -0.00095348 -0.0194748 0.0926123 -0.000961014 0.00230033 0.000868535 -0.000961014 0.0093594 -0.0177092 -0.00095348 0.00230033 -0.0177092 0.0884306 
0.0109998 -0.0194718 0.00085317 -0.000938634 -0.0194718 0.0925555 -0.00094878 0.00225861 0.00085317 -0.00094878 0.00933914 -0.0176985 -0.000938634 0.00225861 -0.0176985 0.0884138 
0.0109904 -0.0195019 0.000835969 -0.000919907 -0.0195019 0.0926298 -0.000927678 0.00221339 0.000835969 -0.000927678 0.00932284 -0.0176343 -0.000919907 0.00221339 -0.0176343 0.08826 
0.011007 -0.0194933 0.000820023 -0.000917728 -0.0194933 0.0926537 -0.000924898 0.00221017 0.000820023 -0.000924898 0.0093209 -0.0176229 -0.000917728 0.00221017 -0.0176229 0.0881946 
0.01105 -0.0195246 0.000809988 -0.000922482 -0.0195246 0.0927186 -0.000929155 0.00224342 0.000809988 -0.000929155 0.00930915 -0.0176193 -0.000922482 0.00224342 -0.0176193 0.0881674 
0.0110566 -0.0195518 0.00078059 -0.000881295 -0.0195518 0.0927581 -0.000885672 0.00215707 0.00078059 -0.000885672 0.00928809 -0.017612 -0.000881295 0.00215707 -0.017612 0.0881473 
0.0110044 -0.019546 0.000791302 -0.000829052 -0.019546 0.0927563 -0.000829994 0.00201268 0.000791302 -0.000829994 0.00930711 -0.0175998 -0.000829052 0.00201268 -0.0175998 0.0881372 
0.010939 -0.0194929 0.000829297 -0.000856545 -0.0194929 0.092678 -0.000854542 0.00201332 0.000829297 -0.000854542 0.00930987 -0.0175974 -0.000856545 0.00201332 -0.0175974 0.0880931 
0.0109184 -0.0194226 0.000861665 -0.000942328 -0.0194226 0.0925419 -0.000937507 0.00219652 0.000861665 -0.000937507 0.00931837 -0.0176076 -0.000942328 0.00219652 -0.0176076 0.0881148 
0.0109183 -0.0194482 0.000888284 -0.000988731 -0.0194482 0.0925856 -0.000981022 0.00235038 0.000888284 -0.000981022 0.00935924 -0.017573 -0.000988731 0.00235038 -0.017573 0.0880194 
0.0108412 -0.0194048 0.000903405 -0.000961659 -0.0194048 0.0924883 -0.000953276 0.00229822 0.000903405 -0.000953276 0.00942936 -0.0176279 -0.000961659 0.00229822 -0.0176279 0.0880517 
0.0108391 -0.0192982 0.000904891 -0.000981921 -0.0192982 0.0922664 -0.000973456 0.00230231 0.000904891 -0.000973456 0.00940836 -0.0177335 -0.000981921 0.00230231 -0.0177335 0.0882681 
0.0108574 -0.0192925 0.000882418 -0.000996299 -0.0192925 0.0921526 -0.000992715 0.0023504 0.000882418 -0.000992715 0.00938166 -0.0177188 -0.000996299 0.0023504 -0.0177188 0.0883603 
0.010876 -0.019349 0.000887986 -0.000992026 -0.019349 0.0922559 -0.00099866 0.00240052 0.000887986 -0.00099866 0.00940394 -0.017672 -0.000992026 0.00240052 -0.017672 0.0882955 
0.010831 -0.0193367 0.00092784 -0.000983165 -0.0193367 0.0922408 -0.00099465 0.00239399 0.00092784 -0.00099465 0.00943451 -0.0177101 -0.000983165 0.00239399 -0.0177101 0.0883197 
0.0107662 -0.0192727 0.000976376 -0.00103714 -0.0192727 0.0921216 -0.00104413 0.00247153 0.000976376 -0.00104413 0.00948964 -0.0177716 -0.00103714 0.00247153 -0.0177716 0.0884756 
0.0107347 -0.0192172 0.000989289 -0.00109751 -0.0192172 0.092007 -0.00109681 0.00259638 0.000989289 -0.00109681 0.00954837 -0.0178255 -0.00109751 0.00259638 -0.0178255 0.088617 
0.0107041 -0.0191717 0.000979268 -0.00111464 -0.0191717 0.0918781 -0.00111051 0.00267377 0.000979268 -0.00111051 0.00962462 -0.0179045 -0.00111464 0.00267377 -0.0179045 0.0888029 
0.0107059 -0.0191857 0.0010217 -0.00111988 -0.0191857 0.0919163 -0.00111577 0.00272605 0.0010217 -0.00111577 0.00964771 -0.0179635 -0.00111988 0.00272605 -0.0179635 0.0889286 
0.0107266 -0.0191671 0.00101885 -0.00113705 -0.0191671 0.0918839 -0.00113424 0.00272886 0.00101885 -0.00113424 0.00960397 -0.0180028 -0.00113705 0.00272886 -0.0180028 0.0890498 
0.0107367 -0.0191966 0.00101678 -0.0011374 -0.0191966 0.0919271 -0.00114177 0.00274694 0.00101678 -0.00114177 0.00959399 -0.017961 -0.0011374 0.00274694 -0.017961 0.08905 
0.010731 -0.0191877 0.00101907 -0.00111914 -0.0191877 0.091909 -0.00113038 0.00271772 0.00101907 -0.00113038 0.00956839 -0.0179426 -0.00111914 0.00271772 -0.0179426 0.0889862 
0.0107049 -0.0191844 0.00102255 -0.00110182 -0.0191844 0.0918968 -0.00111271 0.00265349 0.00102255 -0.00111271 0.00956738 -0.0178916 -0.00110182 0.00265349 -0.0178916 0.0888553 
0.010696 -0.0191787 0.00102751 -0.00112312 -0.0191787 0.0919153 -0.00112779 0.00266989 0.00102751 -0.00112779 0.00958214 -0.0178712 -0.00112312 0.00266989 -0.0178712 0.0887482 
0.0106538 -0.0191433 0.00100179 -0.00110949 -0.0191433 0.09183 -0.00111005 0.00263513 0.00100179 -0.00111005 0.00959376 -0.0178838 -0.00110949 0.00263513 -0.0178838 0.0887112 
0.0106343 -0.0190816 0.000947975 -0.00108452 -0.0190816 0.0916853 -0.00108177 0.00258687 0.000947975 -0.00108177 0.00957147 -0.0178988 -0.00108452 0.00258687 -0.0178988 0.0887224 
0.0106433 -0.0190418 0.000913847 -0.00103015 -0.0190418 0.0915433 -0.00103064 0.00249732 0.000913847 -0.00103064 0.00951576 -0.0178856 -0.00103015 0.00249732 -0.0178856 0.0887266 
0.0106893 -0.0190856 0.000914801 -0.0010293 -0.0190856 0.0916031 -0.00103341 0.00249771 0.000914801 -0.00103341 0.00949198 -0.0178185 -0.0010293 0.00249771 -0.0178185 0.088641 
0.0107539 -0.0191403 0.000876725 -0.00100107 -0.0191403 0.091717 -0.00100453 0.0024233 0.000876725 -0.00100453 0.00944914 -0.0177766 -0.00100107 0.0024233 -0.0177766 0.0885105 
0.0107681 -0.0192402 0.000880267 -0.000953338 -0.0192402 0.0919457 -0.000958173 0.00232226 0.000880267 -0.000958173 0.0094428 -0.0177088 -0.000953338 0.00232226 -0.0177088 0.0883388 
0.0107521 -0.0192369 0.000903451 -0.000950238 -0.0192369 0.0920121 -0.000952453 0.00226583 0.000903451 -0.000952453 0.00940694 -0.0177056 -0.000950238 0.00226583 -0.0177056 0.0882614 
0.0107721 -0.0192142 0.000916591 -0.00100659 -0.0192142 0.0919902 -0.00100599 0.00236506 0.000916591 -0.00100599 0.00936393 -0.0176721 -0.00100659 0.00236506 -0.0176721 0.0882077 
0.0108298 -0.0192345 0.000897588 -0.00104404 -0.0192345 0.0920031 -0.0010382 0.00248677 0.000897588 -0.0010382 0.00930803 -0.017629 -0.00104404 0.00248677 -0.017629 0.0881336 
0.0108329 -0.0192655 0.000876624 -0.000999731 -0.0192655 0.0920106 -0.000989069 0.00243598 0.000876624 -0.000989069 0.00929539 -0.0175828 -0.000999731 0.00243598 -0.0175828 0.0880506 
0.0108291 -0.0192742 0.000861219 -0.000978257 -0.0192742 0.092037 -0.000961434 0.00236964 0.000861219 -0.000961434 0.00926911 -0.0175563 -0.000978257 0.00236964 -0.0175563 0.0879581 
0.0107632 -0.0192747 0.000855625 -0.000950057 -0.0192747 0.0920518 -0.000933756 0.00228824 0.000855625 -0.000933756 0.00930596 -0.0175152 -0.000950057 0.00228824 -0.0175152 0.0878521 
0.0107008 -0.0191782 0.000839813 -0.000930435 -0.0191782 0.0918852 -0.000920986 0.00222302 0.000839813 -0.000920986 0.00931215 -0.0175466 -0.000930435 0.00222302 -0.0175466 0.0878291 
0.0106752 -0.019125 0.000812635 -0.000913621 -0.019125 0.0917522 -0.000911624 0.0021819 0.000812635 -0.000911624 0.00933523 -0.0175455 -0.000913621 0.0021819 -0.0175455 0.0878328 
0.0106851 -0.0191032 0.000779096 -0.000901583 -0.0191032 0.0916764 -0.000905824 0.00217853 0.000779096 -0.000905824 0.00933827 -0.0175688 -0.000901583 0.00217853 -0.0175688 0.0878649 
0.010676 -0.019096 0.000756352 -0.000843019 -0.019096 0.0916133 -0.000855832 0.00207873 0.000756352 -0.000855832 0.00933527 -0.0175797 -0.000843019 0.00207873 -0.0175797 0.0879015 
0.0106323 -0.0190802 0.000773926 -0.000832344 -0.0190802 0.0915653 -0.000849833 0.00203971 0.000773926 -0.000849833 0.00938652 -0.0175878 -0.000832344 0.00203971 -0.0175878 0.0879462 
0.0105844 -0.0189947 0.000767226 -0.000828774 -0.0189947 0.0913702 -0.000836556 0.00198594 0.000767226 -0.000836556 0.00939276 -0.0176591 -0.000828774 0.00198594 -0.0176591 0.0880728 
0.0106192 -0.0189488 0.000740411 -0.000829007 -0.0189488 0.0912289 -0.000824254 0.00196106 0.000740411 -0.000824254 0.00932654 -0.0176607 -0.000829007 0.00196106 -0.0176607 0.0881372 
0.0106148 -0.019008 0.000763943 -0.00083537 -0.019008 0.0912907 -0.000828409 0.00199937 0.000763943 -0.000828409 0.00931262 -0.0175753 -0.00083537 0.00199937 -0.0175753 0.0880252 
0.0106148 -0.0190517 0.000765663 -0.000858829 -0.0190517 0.0914694 -0.000858433 0.00204184 0.000765663 -0.000858433 0.00935928 -0.0175333 -0.000858829 0.00204184 -0.0175333 0.0878787 
0.0105765 -0.0190091 0.000774496 -0.000845488 -0.0190091 0.0914125 -0.000852864 0.00204159 0.000774496 -0.000852864 0.00942169 -0.0176191 -0.000845488 0.00204159 -0.0176191 0.0879846 
0.0105954 -0.0189629 0.000762694 -0.000851877 -0.0189629 0.0913078 -0.000861972 0.00204795 0.000762694 -0.000861972 0.00939711 -0.0176981 -0.000851877 0.00204795 -0.0176981 0.0881722 
0.0105861 -0.0189968 0.000770047 -0.000816679 -0.0189968 0.0913311 -0.000827263 0.00197096 0.000770047 -0.000827263 0.0094057 -0.0176603 -0.000816679 0.00197096 -0.0176603 0.0881863 
0.0105936 -0.0190205 0.000787251 -0.000861966 -0.0190205 0.0914384 -0.000867125 0.00203563 0.000787251 -0.000867125 0.00943472 -0.0176556 -0.000861966 0.00203563 -0.0176556 0.0881522 
0.0106309 -0.0190102 0.000807489 -0.000897656 -0.0190102 0.0914357 -0.00089751 0.00213804 0.000807489 -0.00089751 0.00944553 -0.0177117 -0.000897656 0.00213804 -0.0177117 0.0882507 
0.0106636 -0.0190374 0.000804413 -0.000899793 -0.0190374 0.0914467 -0.000896447 0.00215492 0.000804413 -0.000896447 0.00942578 -0.0177331 -0.000899793 0.00215492 -0.0177331 0.0883332 
0.0106753 -0.0190995 0.000836869 -0.000889217 -0.0190995 0.0915846 -0.000884881 0.00213383 0.000836869 -0.000884881 0.00938831 -0.017689 -0.000889217 0.00213383 -0.017689 0.0882655 
0.0106823 -0.019103 0.000847984 -0.000929332 -0.019103 0.0916385 -0.000923901 0.00218678 0.000847984 -0.000923901 0.00932839 -0.0176438 -0.000929332 0.00218678 -0.0176438 0.0881569 
0.0106431 -0.0191245 0.000864189 -0.000942358 -0.0191245 0.0916996 -0.000932543 0.00223413 0.000864189 -0.000932543 0.00930987 -0.0175393 -0.000942358 0.00223413 -0.0175393 0.0879093 
0.0105954 -0.0190984 0.00090026 -0.000998137 -0.0190984 0.0917151 -0.000988311 0.00237212 0.00090026 -0.000988311 0.00935733 -0.0175082 -0.000998137 0.00237212 -0.0175082 0.0877543 
0.010556 -0.0189986 0.00090399 -0.00102375 -0.0189986 0.0914976 -0.00101547 0.00245661 0.00090399 -0.00101547 0.00936917 -0.0175743 -0.00102375 0.00245661 -0.0175743 0.0878027 
0.0105476 -0.0189403 0.000881935 -0.00102964 -0.0189403 0.0912981 -0.00102406 0.00249943 0.000881935 -0.00102406 0.00939508 -0.0176046 -0.00102964 0.00249943 -0.0176046 0.0879123 
0.0105571 -0.0189181 0.000865909 -0.000978336 -0.0189181 0.0911698 -0.000977729 0.00241181 0.000865909 -0.000977729 0.00938668 -0.0176332 -0.000978336 0.00241181 -0.0176332 0.0879833 
0.0105373 -0.0189314 0.000862258 -0.000936557 -0.0189314 0.0911469 -0.000942027 0.00228318 0.000862258 -0.000942027 0.00939136 -0.0176161 -0.000936557 0.00228318 -0.0176161 0.0879748 
0.0105522 -0.0189448 0.000894443 -0.000990557 -0.0189448 0.0912168 -0.000998233 0.00238769 0.000894443 -0.000998233 0.0093865 -0.0176038 -0.000990557 0.00238769 -0.0176038 0.0879304 
0.0105943 -0.0189166 0.000854616 -0.000995707 -0.0189166 0.0911389 -0.000999024 0.00240086 0.000854616 -0.000999024 0.00934188 -0.0176355 -0.000995707 0.00240086 -0.0176355 0.0880062 
0.0105673 -0.0189611 0.00081399 -0.000932316 -0.0189611 0.0911667 -0.000934672 0.0022882 0.00081399 -0.000934672 0.00936811 -0.0175877 -0.000932316 0.0022882 -0.0175877 0.0879757 
0.0105277 -0.0189132 0.000790594 -0.000875517 -0.0189132 0.0911004 -0.000876404 0.00213554 0.000790594 -0.000876404 0.00939835 -0.0176311 -0.000875517 0.00213554 -0.0176311 0.0880281 
0.010461 -0.0188912 0.00078663 -0.000840025 -0.0188912 0.0910614 -0.000837499 0.00200542 0.00078663 -0.000837499 0.00945715 -0.0176425 -0.000840025 0.00200542 -0.0176425 0.0880494 
0.0104351 -0.0188531 0.000771535 -0.000847062 -0.0188531 0.0910427 -0.000838461 0.00197332 0.000771535 -0.000838461 0.00944549 -0.0176702 -0.000847062 0.00197332 -0.0176702 0.0880429 
0.0104965 -0.0188294 0.000728954 -0.00084957 -0.0188294 0.0910063 -0.000845141 0.00200069 0.000728954 -0.000845141 0.00935293 -0.017659 -0.00084957 0.00200069 -0.017659 0.0880417 
0.0105522 -0.0188903 0.000699921 -0.000811599 -0.0188903 0.0910707 -0.000817049 0.00198047 0.000699921 -0.000817049 0.00929355 -0.0175599 -0.000811599 0.00198047 -0.0175599 0.0879018 
0.0105584 -0.0189522 0.000695523 -0.00077014 -0.0189522 0.0912024 -0.000780321 0.00189797 0.000695523 -0.000780321 0.00929852 -0.0174885 -0.00077014 0.00189797 -0.0174885 0.087718 
0.0105258 -0.0189532 0.000711647 -0.000770347 -0.0189532 0.0912473 -0.000776066 0.00186716 0.000711647 -0.000776066 0.00932431 -0.0174942 -0.000770347 0.00186716 -0.0174942 0.0876521 
0.0105388 -0.0189305 0.000734919 -0.000812892 -0.0189305 0.0912406 -0.000814552 0.0019476 0.000734919 -0.000814552 0.00930165 -0.0175165 -0.000812892 0.0019476 -0.0175165 0.0876676 
0.0105596 -0.0189306 0.000740232 -0.000823759 -0.0189306 0.0912072 -0.000822746 0.00197977 0.000740232 -0.000822746 0.00927023 -0.0174934 -0.000823759 0.00197977 -0.0174934 0.0876498 
0.0105984 -0.0189773 0.000743848 -0.000855045 -0.0189773 0.0912985 -0.000848109 0.00205639 0.000743848 -0.000848109 0.00926875 -0.0174498 -0.000855045 0.00205639 -0.0174498 0.0875721 
0.0105733 -0.0189921 0.000733744 -0.000811061 -0.0189921 0.0913176 -0.000801865 0.00196367 0.000733744 -0.000801865 0.00928901 -0.0174574 -0.000811061 0.00196367 -0.0174574 0.0875483 
0.0105475 -0.018931 0.000702216 -0.000787249 -0.018931 0.0911902 -0.000777375 0.00187262 0.000702216 -0.000777375 0.0092851 -0.017502 -0.000787249 0.00187262 -0.017502 0.087633 
0.0105109 -0.018878 0.000646303 -0.000751394 -0.018878 0.0910185 -0.000740934 0.00178945 0.000646303 -0.000740934 0.00927627 -0.017501 -0.000751394 0.00178945 -0.017501 0.0876725 
0.010464 -0.0188651 0.000660244 -0.000737389 -0.0188651 0.0909753 -0.000731239 0.00179664 0.000660244 -0.000731239 0.00930285 -0.0174715 -0.000737389 0.00179664 -0.0174715 0.0876186 
0.0103943 -0.018775 0.000668234 -0.000718813 -0.018775 0.090778 -0.000718798 0.00173363 0.000668234 -0.000718798 0.00934946 -0.0175253 -0.000718813 0.00173363 -0.0175253 0.0877014 
0.0103291 -0.0187001 0.000703026 -0.000745808 -0.0187001 0.0905866 -0.000747503 0.00177502 0.000703026 -0.000747503 0.00940912 -0.0175759 -0.000745808 0.00177502 -0.0175759 0.087823 
0.0102646 -0.0186082 0.000718133 -0.000777777 -0.0186082 0.0903497 -0.000776666 0.00183246 0.000718133 -0.000776666 0.00945189 -0.0176513 -0.000777777 0.00183246 -0.0176513 0.0879933 
0.0102654 -0.0185653 0.000731448 -0.000817285 -0.0185653 0.0902352 -0.000812799 0.00193779 0.000731448 -0.000812799 0.00944113 -0.0176821 -0.000817285 0.00193779 -0.0176821 0.0880955 
0.0103098 -0.0185881 0.000738075 -0.000841839 -0.0185881 0.0902587 -0.000838212 0.00202479 0.000738075 -0.000838212 0.00940347 -0.0176531 -0.000841839 0.00202479 -0.0176531 0.0880721 
0.0103216 -0.0186131 0.00071877 -0.00082229 -0.0186131 0.0902847 -0.000826296 0.00200267 0.00071877 -0.000826296 0.0094009 -0.0176277 -0.00082229 0.00200267 -0.0176277 0.0880333 
0.0103206 -0.0186418 0.000697705 -0.000794183 -0.0186418 0.0903661 -0.000804993 0.00194948 0.000697705 -0.000804993 0.00941674 -0.0176109 -0.000794183 0.00194948 -0.0176109 0.0879648 
0.0102655 -0.0186433 0.000707412 -0.000769364 -0.0186433 0.090404 -0.000780474 0.00189013 0.000707412 -0.000780474 0.00946472 -0.0176262 -0.000769364 0.00189013 -0.0176262 0.0879547 
0.0102193 -0.0185832 0.000757604 -0.000806839 -0.0185832 0.0903325 -0.000813721 0.00194583 0.000757604 -0.000813721 0.0095093 -0.0176904 -0.000806839 0.00194583 -0.0176904 0.0880704 
0.0102229 -0.0185157 0.000764595 -0.000855993 -0.0185157 0.0901702 -0.000857725 0.0020309 0.000764595 -0.000857725 0.00951671 -0.0177498 -0.000855993 0.0020309 -0.0177498 0.088224 
0.0102236 -0.0184967 0.000759684 -0.000868481 -0.0184967 0.0900434 -0.000863296 0.00208775 0.000759684 -0.000863296 0.00951246 -0.0177787 -0.000868481 0.00208775 -0.0177787 0.0883537 
0.0102543 -0.0185278 0.000750485 -0.000863523 -0.0185278 0.0900906 -0.000856743 0.00209482 0.000750485 -0.000856743 0.00947827 -0.0177503 -0.000863523 0.00209482 -0.0177503 0.088327 
0.0102542 -0.0185928 0.000770358 -0.000856373 -0.0185928 0.0902564 -0.000856941 0.00209451 0.000770358 -0.000856941 0.00950662 -0.0176918 -0.000856373 0.00209451 -0.0176918 0.0882004 
0.0103038 -0.0186274 0.00080356 -0.000893951 -0.0186274 0.0904233 -0.000896489 0.00216851 0.00080356 -0.000896489 0.00949596 -0.0176992 -0.000893951 0.00216851 -0.0176992 0.0881192 
0.0103566 -0.0186784 0.00082102 -0.000927405 -0.0186784 0.0905471 -0.000924424 0.00224016 0.00082102 -0.000924424 0.00946934 -0.017702 -0.000927405 0.00224016 -0.017702 0.0881234 
0.0103601 -0.0187493 0.000834342 -0.000943357 -0.0187493 0.0907209 -0.000939237 0.0022851 0.000834342 -0.000939237 0.00948784 -0.0176751 -0.000943357 0.0022851 -0.0176751 0.0880893 
0.0103976 -0.0187655 0.000845527 -0.000961404 -0.0187655 0.090836 -0.000960988 0.00233705 0.000845527 -0.000960988 0.00946966 -0.0176939 -0.000961404 0.00233705 -0.0176939 0.0880936 
0.0104264 -0.0187565 0.000823481 -0.00094798 -0.0187565 0.0907887 -0.000949951 0.00231131 0.000823481 -0.000949951 0.00942881 -0.01771 -0.00094798 0.00231131 -0.01771 0.0881712 
0.0104611 -0.0187696 0.000824342 -0.00090378 -0.0187696 0.0907592 -0.000909235 0.00221572 0.000824342 -0.000909235 0.00935729 -0.017673 -0.00090378 0.00221572 -0.017673 0.0881571 
0.0104451 -0.0188216 0.000822765 -0.000897872 -0.0188216 0.0908408 -0.000902463 0.00215202 0.000822765 -0.000902463 0.00934516 -0.017574 -0.000897872 0.00215202 -0.017574 0.087979 
0.0104354 -0.0188177 0.000835252 -0.000934358 -0.0188177 0.0908923 -0.000932936 0.00222648 0.000835252 -0.000932936 0.00936248 -0.0175454 -0.000934358 0.00222648 -0.0175454 0.0878411 
0.0104269 -0.0187905 0.000829595 -0.000953598 -0.0187905 0.0908407 -0.000949421 0.00228876 0.000829595 -0.000949421 0.00942545 -0.0175854 -0.000953598 0.00228876 -0.0175854 0.0878812 
0.0104718 -0.0187858 0.000805326 -0.000939268 -0.0187858 0.0908134 -0.000936753 0.00228383 0.000805326 -0.000936753 0.00943303 -0.0176616 -0.000939268 0.00228383 -0.0176616 0.0880199 
0.010569 -0.0188651 0.000764324 -0.000899116 -0.0188651 0.0909556 -0.00090057 0.00221095 0.000764324 -0.00090057 0.00934638 -0.0176493 -0.000899116 0.00221095 -0.0176493 0.0880336 
0.0106165 -0.0189541 0.000741826 -0.000835732 -0.0189541 0.0911291 -0.000845983 0.00207662 0.000741826 -0.000845983 0.00928076 -0.0175747 -0.000835732 0.00207662 -0.0175747 0.0879478 
0.0106417 -0.0190216 0.000724624 -0.000810439 -0.0190216 0.0913275 -0.000823985 0.00198429 0.000724624 -0.000823985 0.00925799 -0.0174934 -0.000810439 0.00198429 -0.0174934 0.0877749 
0.0106177 -0.019058 0.000773521 -0.00080609 -0.019058 0.0914661 -0.000820275 0.00196824 0.000773521 -0.000820275 0.00928081 -0.0174567 -0.00080609 0.00196824 -0.0174567 0.0876325 
0.0105952 -0.0190268 0.000811856 -0.00086344 -0.0190268 0.0914602 -0.000872741 0.00204475 0.000811856 -0.000872741 0.00928748 -0.0174833 -0.00086344 0.00204475 -0.0174833 0.0876216 
0.0105646 -0.0190163 0.000850569 -0.000933367 -0.0190163 0.0914521 -0.000935419 0.00221296 0.000850569 -0.000935419 0.0093143 -0.0174799 -0.000933367 0.00221296 -0.0174799 0.0876151 
0.0105314 -0.01898 0.0008863 -0.000992784 -0.01898 0.0913935 -0.000988327 0.00237781 0.0008863 -0.000988327 0.00937868 -0.0175189 -0.000992784 0.00237781 -0.0175189 0.0876835 
0.0105151 -0.018889 0.000880813 -0.00099143 -0.018889 0.0911604 -0.000985147 0.00238281 0.000880813 -0.000985147 0.00943859 -0.0176385 -0.00099143 0.00238281 -0.0176385 0.0879461 
0.010492 -0.0188912 0.000891464 -0.000984673 -0.0188912 0.0910895 -0.000977034 0.00236889 0.000891464 -0.000977034 0.00948294 -0.0176928 -0.000984673 0.00236889 -0.0176928 0.0881208 
0.0105191 -0.018902 0.000911945 -0.00102508 -0.018902 0.0911411 -0.00101706 0.0024518 0.000911945 -0.00101706 0.00950576 -0.0177353 -0.00102508 0.0024518 -0.0177353 0.0882426 
0.0104838 -0.0189153 0.000934116 -0.00102671 -0.0189153 0.0911567 -0.00102047 0.0024708 0.000934116 -0.00102047 0.00956097 -0.0177734 -0.00102671 0.0024708 -0.0177734 0.0883523 
0.0105081 -0.0188994 0.000929467 -0.00106329 -0.0188994 0.0911783 -0.00105668 0.00254078 0.000929467 -0.00105668 0.00955091 -0.0178389 -0.00106329 0.00254078 -0.0178389 0.0884994 
0.0105382 -0.0188586 0.000873473 -0.00100642 -0.0188586 0.0910242 -0.000999589 0.00243187 0.000873473 -0.000999589 0.00947803 -0.0178709 -0.00100642 0.00243187 -0.0178709 0.0886611 
0.0106067 -0.0189266 0.000858177 -0.00095854 -0.0189266 0.0911146 -0.000953429 0.00232616 0.000858177 -0.000953429 0.00940205 -0.0177671 -0.00095854 0.00232616 -0.0177671 0.0885455 
0.0106599 -0.0190253 0.000835804 -0.000948769 -0.0190253 0.0913357 -0.0009469 0.00227886 0.000835804 -0.0009469 0.0093639 -0.0176523 -0.000948769 0.00227886 -0.0176523 0.0882686 
0.0106911 -0.0190638 0.00077537 -0.000906848 -0.0190638 0.0914561 -0.000909236 0.00219515 0.00077537 -0.000909236 0.00930684 -0.0176039 -0.000906848 0.00219515 -0.0176039 0.0880583 
0.0107231 -0.0191522 0.000780646 -0.00088218 -0.0191522 0.0917012 -0.000888492 0.00218356 0.000780646 -0.000888492 0.00926536 -0.0175059 -0.00088218 0.00218356 -0.0175059 0.0878057 
0.010697 -0.0191539 0.000773007 -0.000847487 -0.0191539 0.0917559 -0.000851202 0.00207037 0.000773007 -0.000851202 0.00925309 -0.0174747 -0.000847487 0.00207037 -0.0174747 0.0876711 
0.0106428 -0.019091 0.000782427 -0.000845078 -0.019091 0.0916332 -0.000844956 0.00202884 0.000782427 -0.000844956 0.00927557 -0.0174819 -0.000845078 0.00202884 -0.0174819 0.0876669 
