0.00888155 0 0.000286042 0 0 0.01 0 0 0.000286042 0 0.00586193 0 0 0 0 0.01 
0.012247 -0.0151683 0.000373167 -0.000450829 -0.0151683 0.038259 -0.000450829 0.000863994 0.000373167 -0.000450829 0.0085248 -0.0106281 -0.000450829 0.000863994 -0.0106281 0.0295525 
0.0120386 -0.0220283 0.000422108 -0.000539331 -0.0220283 0.0794333 -0.000539331 0.00166054 0.000422108 -0.000539331 0.00880932 -0.0170017 -0.000539331 0.00166054 -0.0170017 0.063704 
0.0113334 -0.0208884 0.000466816 -0.000427011 -0.0208884 0.091169 -0.000427544 0.00116683 0.000466816 -0.000427544 0.00832747 -0.017362 -0.000427011 0.00116683 -0.017362 0.0798724 
0.011445 -0.0201026 0.000426907 -0.000484471 -0.0201026 0.0928408 -0.000488754 0.00109468 0.000426907 -0.000488754 0.00822882 -0.0166999 -0.000484471 0.00109468 -0.0166999 0.0841692 
0.011694 -0.0201778 0.000419172 -0.00044002 -0.0201778 0.0936727 -0.000454458 0.00112803 0.000419172 -0.000454458 0.00830224 -0.0164807 -0.00044002 0.00112803 -0.0164807 0.0850268 
0.0118167 -0.0203756 0.000371066 -0.000407072 -0.0203756 0.0944522 -0.000422381 0.00104027 0.000371066 -0.000422381 0.00836019 -0.0164985 -0.000407072 0.00104027 -0.0164985 0.0853032 
0.0118303 -0.0204657 0.0003486 -0.00037159 -0.0204657 0.0948978 -0.000380828 0.000942845 0.0003486 -0.000380828 0.0084561 -0.0165249 -0.00037159 0.000942845 -0.0165249 0.0854366 
0.0118145 -0.0204608 0.000355204 -0.000368394 -0.0204608 0.0950066 -0.000372478 0.000905393 0.000355204 -0.000372478 0.0085488 -0.0166125 -0.000368394 0.000905393 -0.0166125 0.0855795 
0.0117901 -0.0203938 0.000349795 -0.000378064 -0.0203938 0.0948428 -0.000379663 0.000907762 0.000349795 -0.000379663 0.0085698 -0.0167377 -0.000378064 0.000907762 -0.0167377 0.0858396 
0.011766 -0.0203716 0.000347262 -0.000378209 -0.0203716 0.0947354 -0.000380328 0.000920998 0.000347262 -0.000380328 0.00858045 -0.0167735 -0.000378209 0.000920998 -0.0167735 0.0860272 
0.0117255 -0.0203645 0.000390651 -0.000379103 -0.0203645 0.0947144 -0.000383859 0.000934619 0.000390651 -0.000383859 0.00858462 -0.0167763 -0.000379103 0.000934619 -0.0167763 0.0860819 
0.0117233 -0.0203662 0.00041426 -0.000456565 -0.0203662 0.0947815 -0.000459684 0.00108085 0.00041426 -0.000459684 0.00860979 -0.0167665 -0.000456565 0.00108085 -0.0167665 0.0860797 
0.011682 -0.0203254 0.000429116 -0.000454246 -0.0203254 0.0946916 -0.000455817 0.00111023 0.000429116 -0.000455817 0.00867759 -0.0168099 -0.000454246 0.00111023 -0.0168099 0.0861469 
0.0116798 -0.0203139 0.000449818 -0.000459019 -0.0203139 0.094688 -0.000461743 0.00110654 0.000449818 -0.000461743 0.00871535 -0.0168671 -0.000459019 0.00110654 -0.0168671 0.0862423 
0.0116744 -0.0202851 0.000447458 -0.000460311 -0.0202851 0.0946079 -0.000462927 0.00108002 0.000447458 -0.000462927 0.00872423 -0.016932 -0.000460311 0.00108002 -0.016932 0.0864078 
0.011652 -0.0203194 0.000476755 -0.000463328 -0.0203194 0.0946867 -0.000468484 0.00108128 0.000476755 -0.000468484 0.00879103 -0.0169331 -0.000463328 0.00108128 -0.0169331 0.0864749 
0.0115991 -0.0202545 0.000517576 -0.000519078 -0.0202545 0.0945736 -0.000523046 0.00119333 0.000517576 -0.000523046 0.00884817 -0.0170427 -0.000519078 0.00119333 -0.0170427 0.0866875 
0.0115742 -0.0201775 0.000528283 -0.00056347 -0.0201775 0.0943837 -0.000564464 0.0013069 0.000528283 -0.000564464 0.0088235 -0.0171183 -0.00056347 0.0013069 -0.0171183 0.0869076 
0.0115662 -0.0201478 0.000526391 -0.000577152 -0.0201478 0.0942633 -0.000572667 0.00136172 0.000526391 -0.000572667 0.00880172 -0.0170961 -0.000577152 0.00136172 -0.0170961 0.0869747 
0.011527 -0.0201482 0.000537188 -0.00055618 -0.0201482 0.094237 -0.000550101 0.00132215 0.000537188 -0.000550101 0.0088216 -0.0170407 -0.00055618 0.00132215 -0.0170407 0.0868581 
0.011488 -0.0201212 0.000533741 -0.000568737 -0.0201212 0.0942166 -0.000565688 0.00132546 0.000533741 -0.000565688 0.00884108 -0.0170352 -0.000568737 0.00132546 -0.0170352 0.0867558 
0.0115028 -0.020072 0.000516512 -0.000561906 -0.020072 0.0941232 -0.000563827 0.00132743 0.000516512 -0.000563827 0.00878971 -0.0170477 -0.000561906 0.00132743 -0.0170477 0.0867262 
0.0115332 -0.0201083 0.000504848 -0.000551099 -0.0201083 0.0941626 -0.000558742 0.00132492 0.000504848 -0.000558742 0.00876877 -0.0169797 -0.000551099 0.00132492 -0.0169797 0.0866166 
0.0115428 -0.020108 0.000455633 -0.000517219 -0.020108 0.0941395 -0.000528545 0.00125405 0.000455633 -0.000528545 0.00872516 -0.0169604 -0.000517219 0.00125405 -0.0169604 0.0865227 
0.0115066 -0.0200872 0.000411991 -0.000452725 -0.0200872 0.0940586 -0.000464108 0.00112127 0.000411991 -0.000464108 0.00868381 -0.016927 -0.000452725 0.00112127 -0.016927 0.0864594 
0.0114824 -0.0200559 0.000401448 -0.00041764 -0.0200559 0.093996 -0.000429149 0.00102741 0.000401448 -0.000429149 0.00863868 -0.0168672 -0.00041764 0.00102741 -0.0168672 0.086335 
0.0114787 -0.0200681 0.000425496 -0.00044316 -0.0200681 0.0940381 -0.00044935 0.00106538 0.000425496 -0.00044935 0.00863532 -0.0167805 -0.00044316 0.00106538 -0.0167805 0.0861225 
0.0114792 -0.0200424 0.000459719 -0.000459526 -0.0200424 0.0939871 -0.000455704 0.0010859 0.000459719 -0.000455704 0.00862294 -0.016771 -0.000459526 0.0010859 -0.016771 0.0860013 
0.0114501 -0.0200313 0.000462196 -0.000521208 -0.0200313 0.0939314 -0.000506147 0.00119617 0.000462196 -0.000506147 0.00868786 -0.0167755 -0.000521208 0.00119617 -0.0167755 0.0860024 
0.0114184 -0.0200235 0.000472324 -0.0005231 -0.0200235 0.0939356 -0.000502601 0.0012438 0.000472324 -0.000502601 0.00875655 -0.0168324 -0.0005231 0.0012438 -0.0168324 0.0860636 
0.0113908 -0.0199762 0.000477793 -0.000504321 -0.0199762 0.0938484 -0.000487056 0.0011963 0.000477793 -0.000487056 0.00878659 -0.0169261 -0.000504321 0.0011963 -0.0169261 0.086258 
0.0113718 -0.0199158 0.000473113 -0.000511805 -0.0199158 0.0936795 -0.000497655 0.00119383 0.000473113 -0.000497655 0.00875942 -0.0169887 -0.000511805 0.00119383 -0.0169887 0.0864751 
0.0113911 -0.0198682 0.000398966 -0.000490297 -0.0198682 0.0935096 -0.000481798 0.00115324 0.000398966 -0.000481798 0.00865467 -0.016966 -0.000490297 0.00115324 -0.016966 0.0865327 
0.011393 -0.0199205 0.000332786 -0.000385314 -0.0199205 0.0935689 -0.000385102 0.000961196 0.000332786 -0.000385102 0.00860766 -0.0168098 -0.000385314 0.000961196 -0.0168098 0.0862702 
0.0113598 -0.0199178 0.000357849 -0.000365217 -0.0199178 0.093593 -0.000371338 0.000918956 0.000357849 -0.000371338 0.00859965 -0.016744 -0.000365217 0.000918956 -0.016744 0.0860282 
0.0113504 -0.0199172 0.000396716 -0.000419853 -0.0199172 0.093646 -0.000426551 0.00101556 0.000396716 -0.000426551 0.00862091 -0.0167025 -0.000419853 0.00101556 -0.0167025 0.0858463 
0.0113449 -0.0198777 0.000399834 -0.000435632 -0.0198777 0.0935636 -0.000439692 0.00105267 0.000399834 -0.000439692 0.00861758 -0.0167307 -0.000435632 0.00105267 -0.0167307 0.085817 
0.0113288 -0.019865 0.000388214 -0.000436819 -0.019865 0.0935004 -0.000436041 0.00105834 0.000388214 -0.000436041 0.00863357 -0.0167328 -0.000436819 0.00105834 -0.0167328 0.0858296 
0.0113216 -0.0198506 0.000425835 -0.000416428 -0.0198506 0.0934635 -0.000411047 0.00101248 0.000425835 -0.000411047 0.0086303 -0.0167427 -0.000416428 0.00101248 -0.0167427 0.085832 
0.0113028 -0.0198273 0.000442001 -0.000452059 -0.0198273 0.0933911 -0.000442045 0.00102851 0.000442001 -0.000442045 0.00861533 -0.0167401 -0.000452059 0.00102851 -0.0167401 0.08583 
0.0113043 -0.0198365 0.00045753 -0.00049341 -0.0198365 0.0934204 -0.000487643 0.00113762 0.00045753 -0.000487643 0.00860603 -0.0167055 -0.00049341 0.00113762 -0.0167055 0.085763 
0.011279 -0.0198235 0.000450922 -0.000483925 -0.0198235 0.0933961 -0.000489143 0.00114637 0.000450922 -0.000489143 0.00864166 -0.0167053 -0.000483925 0.00114637 -0.0167053 0.0857449 
0.011222 -0.0197576 0.000452079 -0.00047323 -0.0197576 0.0932365 -0.000485786 0.00113889 0.000452079 -0.000485786 0.00866998 -0.0167663 -0.00047323 0.00113889 -0.0167663 0.0858474 
0.0111702 -0.0197122 0.000424694 -0.000475574 -0.0197122 0.09313 -0.000486742 0.00113819 0.000424694 -0.000486742 0.00870369 -0.0167796 -0.000475574 0.00113819 -0.0167796 0.0858957 
0.0111282 -0.0196477 0.000374856 -0.000451367 -0.0196477 0.0929865 -0.000455557 0.00110236 0.000374856 -0.000455557 0.00874632 -0.0168208 -0.000451367 0.00110236 -0.0168208 0.0859786 
0.011112 -0.0195927 0.000330681 -0.000409053 -0.0195927 0.0928343 -0.000410418 0.00103596 0.000330681 -0.000410418 0.00875737 -0.0168729 -0.000409053 0.00103596 -0.0168729 0.0860926 
0.011087 -0.019587 0.000333997 -0.000355585 -0.019587 0.0927858 -0.000356074 0.000914818 0.000333997 -0.000356074 0.00878643 -0.0168853 -0.000355585 0.000914818 -0.0168853 0.0861631 
0.0110632 -0.0195735 0.000376479 -0.000345241 -0.0195735 0.092777 -0.000343502 0.000825944 0.000376479 -0.000343502 0.00881365 -0.0169097 -0.000345241 0.000825944 -0.0169097 0.0862126 
0.0110416 -0.0194737 0.000363505 -0.000369884 -0.0194737 0.0925237 -0.000364192 0.000805384 0.000363505 -0.000364192 0.00877696 -0.016979 -0.000369884 0.000805384 -0.016979 0.0863725 
0.0110445 -0.0195098 0.000390258 -0.000405674 -0.0195098 0.0925557 -0.000399019 0.00091871 0.000390258 -0.000399019 0.00875523 -0.0168989 -0.000405674 0.00091871 -0.0168989 0.0862905 
0.0110547 -0.0195069 0.000402217 -0.000435305 -0.0195069 0.0925711 -0.000431566 0.00100532 0.000402217 -0.000431566 0.00874004 -0.0168707 -0.000435305 0.00100532 -0.0168707 0.0861929 
0.0110453 -0.0195314 0.000439655 -0.000475711 -0.0195314 0.0926255 -0.000475726 0.00113629 0.000439655 -0.000475726 0.00878336 -0.0168461 -0.000475711 0.00113629 -0.0168461 0.086116 
0.0110035 -0.0195149 0.000470009 -0.00050503 -0.0195149 0.0926168 -0.000506294 0.00121732 0.000470009 -0.000506294 0.00885161 -0.0168952 -0.00050503 0.00121732 -0.0168952 0.0861488 
0.0109347 -0.0194505 0.000500864 -0.000518232 -0.0194505 0.0924923 -0.000518201 0.0012403 0.000500864 -0.000518201 0.0089216 -0.0169925 -0.000518232 0.0012403 -0.0169925 0.0863399 
0.0109067 -0.0193632 0.000506642 -0.000544345 -0.0193632 0.0922973 -0.00054301 0.00127621 0.000506642 -0.00054301 0.00891434 -0.0170801 -0.000544345 0.00127621 -0.0170801 0.0865628 
0.010838 -0.0193183 0.000506813 -0.000527093 -0.0193183 0.0921327 -0.000530106 0.00124323 0.000506813 -0.000530106 0.00895368 -0.0170732 -0.000527093 0.00124323 -0.0170732 0.0866443 
0.0107746 -0.0192458 0.000502431 -0.000546397 -0.0192458 0.091978 -0.000553041 0.00127995 0.000502431 -0.000553041 0.00901837 -0.0171081 -0.000546397 0.00127995 -0.0171081 0.0866989 
0.0107635 -0.0191556 0.000488057 -0.000554333 -0.0191556 0.0917515 -0.000563239 0.00133282 0.000488057 -0.000563239 0.00901631 -0.0171838 -0.000554333 0.00133282 -0.0171838 0.0868293 
0.010786 -0.0191341 0.000490741 -0.000543275 -0.0191341 0.0916144 -0.000549844 0.00133434 0.000490741 -0.000549844 0.00898838 -0.0171986 -0.000543275 0.00133434 -0.0171986 0.0869431 
0.0108118 -0.0192021 0.000501715 -0.000572326 -0.0192021 0.0917299 -0.000568116 0.00138778 0.000501715 -0.000568116 0.0089954 -0.0171448 -0.000572326 0.00138778 -0.0171448 0.0868818 
0.0108418 -0.019239 0.000483643 -0.00056418 -0.019239 0.0918536 -0.00055377 0.00137003 0.000483643 -0.00055377 0.0089683 -0.0171389 -0.00056418 0.00137003 -0.0171389 0.0868096 
0.0108845 -0.0193104 0.00049556 -0.000552332 -0.0193104 0.0920581 -0.000548821 0.00135975 0.00049556 -0.000548821 0.0089542 -0.0170949 -0.000552332 0.00135975 -0.0170949 0.0867168 
0.0108749 -0.0193336 0.000488296 -0.000524095 -0.0193336 0.0921425 -0.000527701 0.0012678 0.000488296 -0.000527701 0.00897078 -0.0171003 -0.000524095 0.0012678 -0.0171003 0.0867051 
0.0108454 -0.0193199 0.000517658 -0.000545161 -0.0193199 0.09215 -0.000554176 0.00130648 0.000517658 -0.000554176 0.00902354 -0.0171334 -0.000545161 0.00130648 -0.0171334 0.0867739 
0.0108235 -0.0192458 0.000545387 -0.000572909 -0.0192458 0.0919801 -0.000582715 0.00136539 0.000545387 -0.000582715 0.00903937 -0.0172195 -0.000572909 0.00136539 -0.0172195 0.0869587 
0.0108448 -0.0192426 0.000570329 -0.000599823 -0.0192426 0.0919249 -0.000601636 0.00141558 0.000570329 -0.000601636 0.0090086 -0.0172209 -0.000599823 0.00141558 -0.0172209 0.0870289 
0.0108309 -0.019265 0.000634437 -0.000655414 -0.019265 0.0919389 -0.000651903 0.00154471 0.000634437 -0.000651903 0.00902004 -0.0171846 -0.000655414 0.00154471 -0.0171846 0.0869918 
0.0108432 -0.0192498 0.000647544 -0.000706785 -0.0192498 0.0919331 -0.000700123 0.00164227 0.000647544 -0.000700123 0.00899013 -0.0171862 -0.000706785 0.00164227 -0.0171862 0.0869481 
0.0108236 -0.0192759 0.000677441 -0.000738406 -0.0192759 0.0919816 -0.000730944 0.00175146 0.000677441 -0.000730944 0.0089973 -0.0171405 -0.000738406 0.00175146 -0.0171405 0.0868542 
0.0108231 -0.0192759 0.000672881 -0.000762211 -0.0192759 0.0920391 -0.000759052 0.0018155 0.000672881 -0.000759052 0.00901109 -0.0171273 -0.000762211 0.0018155 -0.0171273 0.0867625 
0.010806 -0.0192571 0.000656346 -0.000751554 -0.0192571 0.0920035 -0.000755147 0.00182629 0.000656346 -0.000755147 0.00906182 -0.0171628 -0.000751554 0.00182629 -0.0171628 0.0868068 
0.010755 -0.0192419 0.00066571 -0.000750676 -0.0192419 0.0919708 -0.000760679 0.00185695 0.00066571 -0.000760679 0.00913544 -0.0172256 -0.000750676 0.00185695 -0.0172256 0.0869284 
0.010681 -0.0191524 0.000658008 -0.00072129 -0.0191524 0.0917836 -0.000733231 0.0017789 0.000658008 -0.000733231 0.00918441 -0.0173307 -0.00072129 0.0017789 -0.0173307 0.0871567 
0.0106671 -0.0190956 0.000670331 -0.000731407 -0.0190956 0.0916587 -0.000741858 0.00177809 0.000670331 -0.000741858 0.00921345 -0.0173815 -0.000731407 0.00177809 -0.0173815 0.0873374 
0.0106447 -0.0190441 0.00069293 -0.000744535 -0.0190441 0.0914801 -0.000749068 0.00179115 0.00069293 -0.000749068 0.00925017 -0.0174444 -0.000744535 0.00179115 -0.0174444 0.0875324 
0.0106352 -0.0190376 0.000720366 -0.000797253 -0.0190376 0.0914292 -0.000793329 0.00189612 0.000720366 -0.000793329 0.00928208 -0.0174824 -0.000797253 0.00189612 -0.0174824 0.0876622 
0.0106196 -0.0190082 0.000724697 -0.000799891 -0.0190082 0.0913473 -0.000796227 0.00191142 0.000724697 -0.000796227 0.00929416 -0.0175311 -0.000799891 0.00191142 -0.0175311 0.0877932 
0.0106305 -0.0189982 0.000716325 -0.000793432 -0.0189982 0.0913123 -0.000790781 0.00189361 0.000716325 -0.000790781 0.00925429 -0.0175295 -0.000793432 0.00189361 -0.0175295 0.0878184 
0.0106638 -0.0190425 0.000716319 -0.000792876 -0.0190425 0.0914105 -0.000792506 0.00189818 0.000716319 -0.000792506 0.00920424 -0.0174492 -0.000792876 0.00189818 -0.0174492 0.0876599 
0.010674 -0.0190803 0.000731469 -0.000798921 -0.0190803 0.0915124 -0.000803826 0.00191956 0.000731469 -0.000803826 0.00919483 -0.0173918 -0.000798921 0.00191956 -0.0173918 0.0874997 
0.0106798 -0.0190685 0.000718245 -0.000799166 -0.0190685 0.0915038 -0.000805314 0.00191138 0.000718245 -0.000805314 0.0091743 -0.0173887 -0.000799166 0.00191138 -0.0173887 0.0874346 
0.0106971 -0.0191176 0.000754828 -0.000838358 -0.0191176 0.0916245 -0.000842164 0.00202832 0.000754828 -0.000842164 0.00920789 -0.0173544 -0.000838358 0.00202832 -0.0173544 0.0873713 
0.0106938 -0.0191429 0.000799339 -0.000882035 -0.0191429 0.0917209 -0.000881286 0.00213328 0.000799339 -0.000881286 0.00928743 -0.0174039 -0.000882035 0.00213328 -0.0174039 0.0874281 
0.0106509 -0.0190895 0.000821351 -0.000899492 -0.0190895 0.0916073 -0.000899496 0.00216546 0.000821351 -0.000899496 0.00936547 -0.0175416 -0.000899492 0.00216546 -0.0175416 0.0877183 
0.0106037 -0.0190159 0.000821896 -0.000914316 -0.0190159 0.0914127 -0.000912585 0.00218772 0.000821896 -0.000912585 0.00943182 -0.017663 -0.000914316 0.00218772 -0.017663 0.0880684 
0.0106249 -0.0189953 0.000812965 -0.000902517 -0.0189953 0.0913435 -0.000895124 0.00216216 0.000812965 -0.000895124 0.00938816 -0.0177003 -0.000902517 0.00216216 -0.0177003 0.0882048 
0.0106395 -0.0190307 0.000829977 -0.000901778 -0.0190307 0.0913913 -0.000897679 0.00215843 0.000829977 -0.000897679 0.00934914 -0.0176503 -0.000901778 0.00215843 -0.0176503 0.0881805 
0.0106424 -0.0190878 0.000826073 -0.00092163 -0.0190878 0.0915627 -0.00091894 0.00218623 0.000826073 -0.00091894 0.009362 -0.0175693 -0.00092163 0.00218623 -0.0175693 0.0879891 
0.0106443 -0.0190549 0.000780692 -0.00090286 -0.0190549 0.0915329 -0.000898224 0.00215992 0.000780692 -0.000898224 0.00934497 -0.0175952 -0.00090286 0.00215992 -0.0175952 0.0879469 
0.010698 -0.0190857 0.000770141 -0.000870385 -0.0190857 0.0915987 -0.000865562 0.00211903 0.000770141 -0.000865562 0.00929394 -0.017565 -0.000870385 0.00211903 -0.017565 0.0878927 
0.0106696 -0.0191167 0.000787271 -0.000848359 -0.0191167 0.0916364 -0.00084271 0.00204796 0.000787271 -0.00084271 0.00930834 -0.0175292 -0.000848359 0.00204796 -0.0175292 0.0878388 
0.0106941 -0.0191116 0.000787969 -0.000879788 -0.0191116 0.0916891 -0.000871952 0.0020766 0.000787969 -0.000871952 0.00927705 -0.0175237 -0.000879788 0.0020766 -0.0175237 0.087777 
0.0107708 -0.0191789 0.000794396 -0.000897661 -0.0191789 0.0918529 -0.000890017 0.00214179 0.000794396 -0.000890017 0.00923293 -0.0174711 -0.000897661 0.00214179 -0.0174711 0.087675 
0.0108033 -0.0192541 0.000802256 -0.000884956 -0.0192541 0.092014 -0.000883543 0.00213263 0.000802256 -0.000883543 0.00921586 -0.0174243 -0.000884956 0.00213263 -0.0174243 0.0875588 
0.0107602 -0.0192462 0.000779294 -0.000866678 -0.0192462 0.0920104 -0.000868687 0.0020753 0.000779294 -0.000868687 0.00922958 -0.0174248 -0.000866678 0.0020753 -0.0174248 0.087526 
0.0107236 -0.0192064 0.000808221 -0.00087973 -0.0192064 0.0919572 -0.000881469 0.0021218 0.000808221 -0.000881469 0.00926657 -0.0174444 -0.00087973 0.0021218 -0.0174444 0.0875609 
0.010676 -0.0191346 0.000803047 -0.000891146 -0.0191346 0.0917732 -0.000889769 0.0021268 0.000803047 -0.000889769 0.00929981 -0.0174975 -0.000891146 0.0021268 -0.0174975 0.0876688 
0.010646 -0.0190567 0.000785374 -0.000878886 -0.0190567 0.0915451 -0.000876914 0.00210972 0.000785374 -0.000876914 0.00928904 -0.0175422 -0.000878886 0.00210972 -0.0175422 0.0877878 
0.0106446 -0.0190278 0.000779366 -0.000875049 -0.0190278 0.0914193 -0.000878112 0.00212132 0.000779366 -0.000878112 0.00925043 -0.0175171 -0.000875049 0.00212132 -0.0175171 0.0877824 
0.0106128 -0.019016 0.000774902 -0.000841948 -0.019016 0.091345 -0.000850091 0.00204886 0.000774902 -0.000850091 0.00923537 -0.017464 -0.000841948 0.00204886 -0.017464 0.0876769 
0.0106174 -0.0189846 0.000779055 -0.000878083 -0.0189846 0.0912828 -0.000884929 0.00211765 0.000779055 -0.000884929 0.0092169 -0.0174443 -0.000878083 0.00211765 -0.0174443 0.0876034 
0.0105979 -0.0189729 0.000757717 -0.000871669 -0.0189729 0.0912093 -0.000877233 0.00212939 0.000757717 -0.000877233 0.00922488 -0.0174191 -0.000871669 0.00212939 -0.0174191 0.08753 
0.010544 -0.0189682 0.000767248 -0.0008451 -0.0189682 0.0912046 -0.000854961 0.00208902 0.000767248 -0.000854961 0.00930526 -0.0174246 -0.0008451 0.00208902 -0.0174246 0.0875118 
0.0105583 -0.0188968 0.00074919 -0.000851108 -0.0188968 0.0910819 -0.000858781 0.00206933 0.00074919 -0.000858781 0.00930116 -0.0175268 -0.000851108 0.00206933 -0.0175268 0.0876696 
0.0105695 -0.0189072 0.000739168 -0.000822997 -0.0189072 0.091027 -0.000826594 0.00201293 0.000739168 -0.000826594 0.00926445 -0.0175298 -0.000822997 0.00201293 -0.0175298 0.0877677 
0.0105647 -0.0189294 0.000743816 -0.000817178 -0.0189294 0.0910695 -0.000815984 0.00197493 0.000743816 -0.000815984 0.00925968 -0.0174816 -0.000817178 0.00197493 -0.0174816 0.0877161 
0.010545 -0.018943 0.000721042 -0.000826913 -0.018943 0.0911427 -0.000818896 0.00196785 0.000721042 -0.000818896 0.0092969 -0.0174584 -0.000826913 0.00196785 -0.0174584 0.0876263 
0.0104815 -0.0189188 0.000730699 -0.000799764 -0.0189188 0.0911326 -0.000788755 0.0019235 0.000730699 -0.000788755 0.00938315 -0.0175087 -0.000799764 0.0019235 -0.0175087 0.0876728 
0.0104328 -0.0188332 0.0007091 -0.000773001 -0.0188332 0.0909771 -0.00075972 0.00181566 0.0007091 -0.00075972 0.00939924 -0.0176063 -0.000773001 0.00181566 -0.0176063 0.0878388 
0.0104287 -0.0187724 0.000683214 -0.000764007 -0.0187724 0.0908082 -0.000753799 0.00178862 0.000683214 -0.000753799 0.00935479 -0.01763 -0.000764007 0.00178862 -0.01763 0.0879643 
0.0104516 -0.0187673 0.000647745 -0.000734508 -0.0187673 0.0907367 -0.000727892 0.00174063 0.000647745 -0.000727892 0.00930687 -0.0175688 -0.000734508 0.00174063 -0.0175688 0.087904 
0.0104812 -0.018821 0.000629697 -0.000723801 -0.018821 0.0908399 -0.000724332 0.00174497 0.000629697 -0.000724332 0.00927253 -0.0174878 -0.000723801 0.00174497 -0.0174878 0.0877094 
0.0105019 -0.0188388 0.000604922 -0.000700884 -0.0188388 0.0908959 -0.000706757 0.00171512 0.000604922 -0.000706757 0.00923519 -0.0174617 -0.000700884 0.00171512 -0.0174617 0.0876026 
0.0105104 -0.0188613 0.000570293 -0.000648346 -0.0188613 0.0909485 -0.000657008 0.0016004 0.000570293 -0.000657008 0.00919915 -0.0174065 -0.000648346 0.0016004 -0.0174065 0.087466 
0.010541 -0.0189046 0.00056973 -0.000635322 -0.0189046 0.0910772 -0.000647424 0.00157048 0.00056973 -0.000647424 0.00915066 -0.0173311 -0.000635322 0.00157048 -0.0173311 0.0872596 
0.0105454 -0.018927 0.000555327 -0.000610873 -0.018927 0.0911414 -0.000620941 0.00149081 0.000555327 -0.000620941 0.00912296 -0.0172753 -0.000610873 0.00149081 -0.0172753 0.0870935 
0.0104995 -0.0188747 0.000525974 -0.00057323 -0.0188747 0.0910108 -0.000580086 0.00137944 0.000525974 -0.000580086 0.0091224 -0.0172696 -0.00057323 0.00137944 -0.0172696 0.0870458 
0.0104441 -0.018842 0.000560163 -0.000585221 -0.018842 0.0909294 -0.000591413 0.00140659 0.000560163 -0.000591413 0.00915984 -0.0172534 -0.000585221 0.00140659 -0.0172534 0.0869987 
0.0104584 -0.0187786 0.000567599 -0.000644468 -0.0187786 0.0908002 -0.000646291 0.00152153 0.000567599 -0.000646291 0.009165 -0.0172983 -0.000644468 0.00152153 -0.0172983 0.0870568 
0.010442 -0.0187799 0.000553884 -0.000631276 -0.0187799 0.0907189 -0.000628329 0.00152394 0.000553884 -0.000628329 0.00919002 -0.0173172 -0.000631276 0.00152394 -0.0173172 0.0871349 
0.0104059 -0.0187906 0.000596651 -0.000655515 -0.0187906 0.0907564 -0.000651744 0.00159953 0.000596651 -0.000651744 0.00924967 -0.0173323 -0.000655515 0.00159953 -0.0173323 0.0871685 
0.0103956 -0.0187368 0.000621156 -0.000677732 -0.0187368 0.0906761 -0.000674461 0.0016299 0.000621156 -0.000674461 0.009266 -0.0174073 -0.000677732 0.0016299 -0.0174073 0.0872943 
0.010408 -0.0187422 0.000636787 -0.000699837 -0.0187422 0.0906657 -0.000697921 0.00167204 0.000636787 -0.000697921 0.0092575 -0.0174131 -0.000699837 0.00167204 -0.0174131 0.0873475 
0.0103919 -0.0187375 0.00066294 -0.000719373 -0.0187375 0.0906365 -0.000716328 0.00171948 0.00066294 -0.000716328 0.00927755 -0.0174244 -0.000719373 0.00171948 -0.0174244 0.0874052 
0.0103483 -0.0186852 0.0006837 -0.000752034 -0.0186852 0.0905042 -0.000744261 0.00178397 0.0006837 -0.000744261 0.00931636 -0.0174728 -0.000752034 0.00178397 -0.0174728 0.0875262 
0.0103114 -0.0186259 0.000711504 -0.000788654 -0.0186259 0.0903472 -0.000777198 0.00187757 0.000711504 -0.000777198 0.0093468 -0.0175277 -0.000788654 0.00187757 -0.0175277 0.087671 
0.010275 -0.0185928 0.000734585 -0.000823898 -0.0185928 0.090245 -0.00081348 0.00197029 0.000734585 -0.00081348 0.00938152 -0.0175586 -0.000823898 0.00197029 -0.0175586 0.0877751 
0.0102871 -0.0185749 0.00074859 -0.000846802 -0.0185749 0.090214 -0.000842281 0.00204562 0.00074859 -0.000842281 0.00937486 -0.0175801 -0.000846802 0.00204562 -0.0175801 0.087825 
0.0102556 -0.0185923 0.000768292 -0.000869947 -0.0185923 0.0902313 -0.000871472 0.00212663 0.000768292 -0.000871472 0.00941043 -0.017568 -0.000869947 0.00212663 -0.017568 0.0878205 
0.0101996 -0.0185551 0.000780935 -0.000884599 -0.0185551 0.0901918 -0.000888217 0.00217083 0.000780935 -0.000888217 0.00948175 -0.0176129 -0.000884599 0.00217083 -0.0176129 0.0878823 
0.0101744 -0.0185048 0.000773222 -0.000897533 -0.0185048 0.0901173 -0.0008982 0.00219651 0.000773222 -0.0008982 0.00953525 -0.0176931 -0.000897533 0.00219651 -0.0176931 0.0880328 
0.0101471 -0.0184468 0.000759791 -0.000869932 -0.0184468 0.0899544 -0.000867501 0.00214133 0.000759791 -0.000867501 0.00956156 -0.0177779 -0.000869932 0.00214133 -0.0177779 0.0882499 
0.0101274 -0.0184323 0.000777607 -0.000852011 -0.0184323 0.0898963 -0.000850422 0.00208227 0.000777607 -0.000850422 0.00958322 -0.0178014 -0.000852011 0.00208227 -0.0178014 0.0883651 
0.0101101 -0.0184119 0.000796795 -0.000879364 -0.0184119 0.0898529 -0.000877289 0.00210546 0.000796795 -0.000877289 0.0096047 -0.0178261 -0.000879364 0.00210546 -0.0178261 0.0884373 
0.0101066 -0.0183975 0.000778432 -0.000880162 -0.0183975 0.0898236 -0.000881205 0.00209871 0.000778432 -0.000881205 0.0096232 -0.0178476 -0.000880162 0.00209871 -0.0178476 0.0884925 
0.0101252 -0.0183929 0.000762518 -0.000869078 -0.0183929 0.0898052 -0.000878871 0.00210563 0.000762518 -0.000878871 0.00962224 -0.017876 -0.000869078 0.00210563 -0.017876 0.0885644 
0.0101218 -0.0184098 0.000760478 -0.000843768 -0.0184098 0.0898156 -0.000861393 0.00207257 0.000760478 -0.000861393 0.00961907 -0.0178767 -0.000843768 0.00207257 -0.0178767 0.0885924 
0.0101544 -0.0184099 0.000745609 -0.000820133 -0.0184099 0.0898325 -0.000840463 0.00199528 0.000745609 -0.000840463 0.0095789 -0.0178734 -0.000820133 0.00199528 -0.0178734 0.0885982 
0.0100996 -0.0184349 0.000744963 -0.000786205 -0.0184349 0.0898576 -0.000806539 0.00189605 0.000744963 -0.000806539 0.00962815 -0.0178293 -0.000786205 0.00189605 -0.0178293 0.0885332 
0.0101038 -0.0184146 0.000791866 -0.000852414 -0.0184146 0.0899017 -0.00086596 0.00202706 0.000791866 -0.00086596 0.00962529 -0.0178549 -0.000852414 0.00202706 -0.0178549 0.0884985 
0.0101278 -0.0183829 0.000810397 -0.000909847 -0.0183829 0.0898103 -0.000912862 0.00216559 0.000810397 -0.000912862 0.00961211 -0.0178868 -0.000909847 0.00216559 -0.0178868 0.0885942 
0.0101934 -0.0184416 0.000811099 -0.000949223 -0.0184416 0.0899019 -0.000943752 0.00228923 0.000811099 -0.000943752 0.00957271 -0.0178542 -0.000949223 0.00228923 -0.0178542 0.0885665 
0.0102337 -0.0185246 0.000812808 -0.000947867 -0.0185246 0.0900849 -0.000941398 0.00232782 0.000812808 -0.000941398 0.00958491 -0.0178159 -0.000947867 0.00232782 -0.0178159 0.088501 
0.0102554 -0.01857 0.000804355 -0.000920837 -0.01857 0.090228 -0.000913377 0.0022613 0.000804355 -0.000913377 0.00959192 -0.0178292 -0.000920837 0.0022613 -0.0178292 0.0884789 
0.0102146 -0.0185817 0.000807663 -0.000877765 -0.0185817 0.0902812 -0.00087022 0.00212891 0.000807663 -0.00087022 0.00962395 -0.0178487 -0.000877765 0.00212891 -0.0178487 0.0885176 
0.0102029 -0.0185374 0.00080547 -0.000853701 -0.0185374 0.0902365 -0.00084951 0.00201187 0.00080547 -0.00084951 0.00958029 -0.0178697 -0.000853701 0.00201187 -0.0178697 0.0885384 
0.0101961 -0.0185379 0.000812002 -0.000880735 -0.0185379 0.0902288 -0.000883543 0.00205556 0.000812002 -0.000883543 0.00954372 -0.0178021 -0.000880735 0.00205556 -0.0178021 0.0884325 
0.0101644 -0.0185179 0.00082533 -0.000887593 -0.0185179 0.0901848 -0.000899608 0.00210379 0.00082533 -0.000899608 0.00952846 -0.01775 -0.000887593 0.00210379 -0.01775 0.0882793 
0.0100983 -0.0184695 0.000831949 -0.000923705 -0.0184695 0.0900801 -0.000935341 0.00219849 0.000831949 -0.000935341 0.00958051 -0.0177309 -0.000923705 0.00219849 -0.0177309 0.08819 
