0.00647817 0 0.00132109 0 0 0.01 0 0 0.00132109 0 0.00816572 0 0 0 0 0.01 
0.00930199 -0.0115701 0.00163425 -0.00199206 -0.0115701 0.0313592 -0.00199206 0.003819 0.00163425 -0.00199206 0.0113408 -0.0140653 -0.00199206 0.003819 -0.0140653 0.0361433 
0.00953972 -0.0180563 0.0014892 -0.00228609 -0.0180563 0.0669702 -0.00228609 0.00714365 0.0014892 -0.00228609 0.0112071 -0.0207474 -0.00228609 0.00714365 -0.0207474 0.0754363 
0.00905445 -0.018095 0.00144721 -0.0016436 -0.018095 0.0820502 -0.00164757 0.00522879 0.00144721 -0.00164757 0.0105514 -0.0200223 -0.0016436 0.00522879 -0.0200223 0.0884415 
0.00899221 -0.0175003 0.00155822 -0.00160682 -0.0175003 0.0860663 -0.00162249 0.00408177 0.00155822 -0.00162249 0.0105885 -0.0192179 -0.00160682 0.00408177 -0.0192179 0.090584 
0.00903691 -0.0173411 0.00163955 -0.00177283 -0.0173411 0.0870932 -0.00179064 0.00417443 0.00163955 -0.00179064 0.0108624 -0.0192136 -0.00177283 0.00417443 -0.0192136 0.0913597 
0.00903356 -0.0172751 0.00163938 -0.001861 -0.0172751 0.0872599 -0.00187095 0.00443645 0.00163938 -0.00187095 0.0111001 -0.0194893 -0.001861 0.00443645 -0.0194893 0.0922569 
0.00898859 -0.0171946 0.0015787 -0.0018205 -0.0171946 0.08708 -0.00182013 0.0044257 0.0015787 -0.00182013 0.0111909 -0.0196852 -0.0018205 0.0044257 -0.0196852 0.0928827 
0.00895555 -0.0171325 0.00154192 -0.00176313 -0.0171325 0.0868756 -0.001749 0.00430574 0.00154192 -0.001749 0.0111881 -0.019735 -0.00176313 0.00430574 -0.019735 0.0931265 
0.00899968 -0.0171246 0.0015354 -0.00175407 -0.0171246 0.0868213 -0.00173266 0.0042537 0.0015354 -0.00173266 0.0111139 -0.0197047 -0.00175407 0.0042537 -0.0197047 0.0931113 
0.00902016 -0.0171597 0.00151634 -0.00176643 -0.0171597 0.0868426 -0.00175115 0.00428589 0.00151634 -0.00175115 0.0110993 -0.0196447 -0.00176643 0.00428589 -0.0196447 0.0930309 
0.00900564 -0.0172118 0.00150008 -0.00173416 -0.0172118 0.0869799 -0.00172914 0.00425437 0.00150008 -0.00172914 0.011111 -0.0196071 -0.00173416 0.00425437 -0.0196071 0.0928978 
0.00901012 -0.0172032 0.00148813 -0.00170859 -0.0172032 0.0870412 -0.00171425 0.00420062 0.00148813 -0.00171425 0.0111118 -0.0196274 -0.00170859 0.00420062 -0.0196274 0.0928909 
0.00900424 -0.0171978 0.00148363 -0.0016893 -0.0171978 0.0870342 -0.00169964 0.00415196 0.00148363 -0.00169964 0.0111025 -0.0196358 -0.0016893 0.00415196 -0.0196358 0.0929205 
0.00896538 -0.0171786 0.00147338 -0.00166715 -0.0171786 0.086989 -0.00167694 0.00407674 0.00147338 -0.00167694 0.0111065 -0.0196337 -0.00166715 0.00407674 -0.0196337 0.0929422 
0.00891473 -0.0171077 0.00146471 -0.00167124 -0.0171077 0.0868373 -0.00168124 0.00407282 0.00146471 -0.00168124 0.0111446 -0.0196734 -0.00167124 0.00407282 -0.0196734 0.0930632 
0.00887168 -0.0170441 0.00145053 -0.0016822 -0.0170441 0.0866705 -0.00169328 0.00411648 0.00145053 -0.00169328 0.0112204 -0.0197287 -0.0016822 0.00411648 -0.0197287 0.0932185 
0.0089178 -0.0170226 0.00144937 -0.00166166 -0.0170226 0.0865985 -0.00166497 0.00408786 0.00144937 -0.00166497 0.011199 -0.0197841 -0.00166166 0.00408786 -0.0197841 0.0933215 
0.00898287 -0.0171151 0.00147367 -0.00168316 -0.0171151 0.0867613 -0.00168274 0.00412463 0.00147367 -0.00168274 0.0111504 -0.019738 -0.00168316 0.00412463 -0.019738 0.0932739 
0.00904037 -0.0172007 0.00149421 -0.00170431 -0.0172007 0.086991 -0.00170579 0.00416804 0.00149421 -0.00170579 0.0110974 -0.019684 -0.00170431 0.00416804 -0.019684 0.0931613 
0.00909397 -0.0172719 0.00146905 -0.00170999 -0.0172719 0.0871965 -0.00171133 0.0041715 0.00146905 -0.00171133 0.0110291 -0.019614 -0.00170999 0.0041715 -0.019614 0.0929962 
0.00908827 -0.0172981 0.00143259 -0.00165234 -0.0172981 0.087269 -0.00165002 0.004052 0.00143259 -0.00165002 0.0109909 -0.0195473 -0.00165234 0.004052 -0.0195473 0.0928409 
0.00912853 -0.0172746 0.00141923 -0.00161867 -0.0172746 0.0872381 -0.00161123 0.00394697 0.00141923 -0.00161123 0.0109546 -0.0195152 -0.00161867 0.00394697 -0.0195152 0.0927488 
0.00915871 -0.017298 0.00141979 -0.00158946 -0.017298 0.0872143 -0.00158487 0.00385198 0.00141979 -0.00158487 0.0109039 -0.0194716 -0.00158946 0.00385198 -0.0194716 0.0926405 
0.00920221 -0.0173607 0.00141358 -0.00161116 -0.0173607 0.0873428 -0.00161235 0.00387849 0.00141358 -0.00161235 0.0108678 -0.0194008 -0.00161116 0.00387849 -0.0194008 0.0924813 
0.00925449 -0.0174051 0.00141946 -0.00160576 -0.0174051 0.0874568 -0.00161004 0.00389772 0.00141946 -0.00161004 0.0108092 -0.0193614 -0.00160576 0.00389772 -0.0193614 0.0923567 
0.00928382 -0.0174652 0.0014347 -0.00162804 -0.0174652 0.0875954 -0.00162911 0.00394529 0.0014347 -0.00162911 0.0108077 -0.0193181 -0.00162804 0.00394529 -0.0193181 0.0922911 
0.00930186 -0.0175086 0.00144221 -0.00166053 -0.0175086 0.0877324 -0.00165497 0.00402494 0.00144221 -0.00165497 0.0108469 -0.0193193 -0.00166053 0.00402494 -0.0193193 0.0922681 
0.00932326 -0.0175677 0.00144327 -0.00165824 -0.0175677 0.0879177 -0.00164671 0.00403232 0.00144327 -0.00164671 0.0108755 -0.0193387 -0.00165824 0.00403232 -0.0193387 0.0922594 
0.0093453 -0.0176056 0.00143358 -0.00165709 -0.0176056 0.0880684 -0.00164591 0.00402712 0.00143358 -0.00164591 0.0108972 -0.0193765 -0.00165709 0.00402712 -0.0193765 0.0923249 
0.00936367 -0.0176455 0.00141693 -0.00162851 -0.0176455 0.0882018 -0.001623 0.00396973 0.00141693 -0.001623 0.0108848 -0.0193959 -0.00162851 0.00396973 -0.0193959 0.0923735 
0.00930455 -0.017644 0.00140659 -0.00159499 -0.017644 0.0882226 -0.00159026 0.00388224 0.00140659 -0.00159026 0.0109104 -0.0193959 -0.00159499 0.00388224 -0.0193959 0.0924082 
0.00928642 -0.0175794 0.00140881 -0.00160139 -0.0175794 0.0881371 -0.00159448 0.00387599 0.00140881 -0.00159448 0.0108965 -0.0194178 -0.00160139 0.00387599 -0.0194178 0.0924416 
0.00927202 -0.0175631 0.00143417 -0.00162139 -0.0175631 0.0880687 -0.00161849 0.00393503 0.00143417 -0.00161849 0.010899 -0.0193858 -0.00162139 0.00393503 -0.0193858 0.0923892 
0.00923737 -0.0174635 0.00142752 -0.00159458 -0.0174635 0.0877871 -0.00159819 0.00386533 0.00142752 -0.00159819 0.0108914 -0.0194319 -0.00159458 0.00386533 -0.0194319 0.0924766 
0.00924136 -0.0174385 0.00143552 -0.00161923 -0.0174385 0.0876555 -0.00162957 0.00391629 0.00143552 -0.00162957 0.010885 -0.0194235 -0.00161923 0.00391629 -0.0194235 0.0925162 
0.00921736 -0.0174413 0.00142921 -0.00161173 -0.0174413 0.0876023 -0.00162178 0.00391413 0.00142921 -0.00162178 0.010889 -0.0193905 -0.00161173 0.00391413 -0.0193905 0.0924315 
0.00918685 -0.0174229 0.00140194 -0.00160828 -0.0174229 0.0875771 -0.00161386 0.00389965 0.00140194 -0.00161386 0.0109182 -0.0193896 -0.00160828 0.00389965 -0.0193896 0.0923895 
0.00917319 -0.0173783 0.00137237 -0.00156411 -0.0173783 0.0874829 -0.00156383 0.0038065 0.00137237 -0.00156383 0.0109001 -0.0194228 -0.00156411 0.0038065 -0.0194228 0.0924208 
0.00922859 -0.0173812 0.00137105 -0.0015498 -0.0173812 0.0874726 -0.00154653 0.00376025 0.00137105 -0.00154653 0.0108071 -0.019388 -0.0015498 0.00376025 -0.019388 0.0923745 
0.00921316 -0.0174365 0.00135997 -0.00154134 -0.0174365 0.0875436 -0.00153925 0.00372384 0.00135997 -0.00153925 0.0107825 -0.0192781 -0.00154134 0.00372384 -0.0192781 0.0921823 
0.00918215 -0.0174233 0.00134069 -0.00154721 -0.0174233 0.0875737 -0.00154484 0.00374388 0.00134069 -0.00154484 0.0107894 -0.0192377 -0.00154721 0.00374388 -0.0192377 0.0920188 
0.00923786 -0.0174037 0.00133321 -0.00155913 -0.0174037 0.0875669 -0.00155681 0.00380767 0.00133321 -0.00155681 0.0107504 -0.0192425 -0.00155913 0.00380767 -0.0192425 0.0919753 
0.00930162 -0.0174289 0.00133468 -0.00153122 -0.0174289 0.087542 -0.00153243 0.0037767 0.00133468 -0.00153243 0.0106941 -0.0192208 -0.00153122 0.0037767 -0.0192208 0.0919592 
0.00938044 -0.0175336 0.0013433 -0.00153019 -0.0175336 0.0877395 -0.00153636 0.00375459 0.0013433 -0.00153636 0.0106395 -0.0191367 -0.00153019 0.00375459 -0.0191367 0.0918012 
0.00939406 -0.0176448 0.00135569 -0.00154868 -0.0176448 0.0880209 -0.00155498 0.00378699 0.00135569 -0.00155498 0.0106458 -0.0190601 -0.00154868 0.00378699 -0.0190601 0.0915973 
0.00941562 -0.0176473 0.00135833 -0.00153973 -0.0176473 0.088118 -0.00153627 0.00375043 0.00135833 -0.00153627 0.0106126 -0.0190689 -0.00153973 0.00375043 -0.0190689 0.0915259 
0.00944756 -0.0176536 0.00135386 -0.00153896 -0.0176536 0.0881256 -0.00153273 0.00372271 0.00135386 -0.00153273 0.0105858 -0.019055 -0.00153896 0.00372271 -0.019055 0.0915319 
0.00949965 -0.0176837 0.00135942 -0.00152987 -0.0176837 0.0881644 -0.00152961 0.00370105 0.00135942 -0.00152961 0.0105519 -0.0190363 -0.00152987 0.00370105 -0.0190363 0.0915195 
0.0095084 -0.0177339 0.00134572 -0.00153629 -0.0177339 0.088245 -0.00154481 0.00371496 0.00134572 -0.00154481 0.0105566 -0.0190068 -0.00153629 0.00371496 -0.0190068 0.0914784 
0.00948727 -0.0177591 0.00133465 -0.00151613 -0.0177591 0.0883366 -0.00152572 0.00369251 0.00133465 -0.00152572 0.0105853 -0.0189964 -0.00151613 0.00369251 -0.0189964 0.0914224 
0.00943188 -0.0177322 0.00132849 -0.00147834 -0.0177322 0.0883198 -0.00148125 0.00358433 0.00132849 -0.00148125 0.0106065 -0.0190195 -0.00147834 0.00358433 -0.0190195 0.0914228 
0.00946368 -0.0176561 0.00132678 -0.00151313 -0.0176561 0.0881831 -0.00151197 0.00363487 0.00132678 -0.00151197 0.0105744 -0.0190764 -0.00151313 0.00363487 -0.0190764 0.0915678 
0.0094505 -0.0176813 0.00132708 -0.00151474 -0.0176813 0.0881341 -0.00151316 0.00367634 0.00132708 -0.00151316 0.0105842 -0.0190289 -0.00151474 0.00367634 -0.0190289 0.0915398 
0.00946415 -0.0176795 0.00131264 -0.00152365 -0.0176795 0.0881496 -0.00151819 0.00370533 0.00131264 -0.00151819 0.0105795 -0.0190325 -0.00152365 0.00370533 -0.0190325 0.0915093 
0.00948655 -0.0176957 0.00129095 -0.00150085 -0.0176957 0.088177 -0.00148923 0.00366697 0.00129095 -0.00148923 0.0105573 -0.0190301 -0.00150085 0.00366697 -0.0190301 0.0915059 
0.00948372 -0.0177169 0.00127671 -0.00144572 -0.0177169 0.0882186 -0.00143341 0.00352649 0.00127671 -0.00143341 0.0105314 -0.0190035 -0.00144572 0.00352649 -0.0190035 0.091458 
0.00945314 -0.017725 0.00128278 -0.0014311 -0.017725 0.0882677 -0.00141948 0.00344587 0.00128278 -0.00141948 0.0105368 -0.0189641 -0.0014311 0.00344587 -0.0189641 0.0913682 
0.00943407 -0.0176747 0.00127643 -0.00142861 -0.0176747 0.0881898 -0.0014216 0.00341077 0.00127643 -0.0014216 0.0105259 -0.0189692 -0.00142861 0.00341077 -0.0189692 0.0913326 
0.00935409 -0.0176255 0.00125445 -0.00141685 -0.0176255 0.088041 -0.00142056 0.00339879 0.00125445 -0.00142056 0.0105668 -0.0189592 -0.00141685 0.00339879 -0.0189592 0.0913037 
0.00926541 -0.0175346 0.00124656 -0.00139641 -0.0175346 0.0878485 -0.00140317 0.00337393 0.00124656 -0.00140317 0.010631 -0.0189924 -0.00139641 0.00337393 -0.0189924 0.0913214 
0.00924809 -0.0174549 0.00124949 -0.00144143 -0.0174549 0.0876785 -0.00144769 0.00348682 0.00124949 -0.00144769 0.0106638 -0.0190634 -0.00144143 0.00348682 -0.0190634 0.0914486 
0.00920764 -0.0174389 0.00124549 -0.00143755 -0.0174389 0.0875805 -0.00143973 0.00352076 0.00124549 -0.00143973 0.0106873 -0.0190868 -0.00143755 0.00352076 -0.0190868 0.0915196 
0.00918284 -0.0173884 0.00125258 -0.00141302 -0.0173884 0.0874733 -0.00141322 0.00346601 0.00125258 -0.00141322 0.0106679 -0.0191099 -0.00141302 0.00346601 -0.0191099 0.0915709 
0.00918163 -0.0173274 0.00126891 -0.00140361 -0.0173274 0.087297 -0.00140196 0.00340197 0.00126891 -0.00140196 0.0106265 -0.0191028 -0.00140361 0.00340197 -0.0191028 0.0916029 
0.00919707 -0.0173101 0.00127332 -0.00144111 -0.0173101 0.0871826 -0.00144224 0.0034627 0.00127332 -0.00144224 0.0105869 -0.0190592 -0.00144111 0.0034627 -0.0190592 0.0915478 
0.00925174 -0.0173304 0.00128052 -0.00148272 -0.0173304 0.0871798 -0.00148452 0.00359978 0.00128052 -0.00148452 0.0105498 -0.0190163 -0.00148272 0.00359978 -0.0190163 0.0914627 
0.00927185 -0.0174106 0.00129129 -0.00149434 -0.0174106 0.0873253 -0.00149345 0.00366832 0.00129129 -0.00149345 0.0105666 -0.0189644 -0.00149434 0.00366832 -0.0189644 0.0913374 
0.00922314 -0.0174469 0.00129026 -0.00149167 -0.0174469 0.0874663 -0.00148841 0.00366331 0.00129026 -0.00148841 0.0106524 -0.018983 -0.00149167 0.00366331 -0.018983 0.0913125 
0.00912623 -0.0173736 0.00127267 -0.00145174 -0.0173736 0.0873819 -0.00144568 0.00355607 0.00127267 -0.00144568 0.0107234 -0.0190851 -0.00145174 0.00355607 -0.0190851 0.0914587 
0.00903703 -0.0172387 0.00126328 -0.00144091 -0.0172387 0.0871062 -0.00143554 0.00350713 0.00126328 -0.00143554 0.0107929 -0.0192028 -0.00144091 0.00350713 -0.0192028 0.0917633 
0.00907315 -0.0171676 0.00127467 -0.00147739 -0.0171676 0.086927 -0.00147619 0.0036021 0.00127467 -0.00147619 0.0107718 -0.0192709 -0.00147739 0.0036021 -0.0192709 0.0919831 
0.00909104 -0.0172046 0.00124663 -0.00147563 -0.0172046 0.0869055 -0.00148241 0.00363669 0.00124663 -0.00148241 0.0107674 -0.0192484 -0.00147563 0.00363669 -0.0192484 0.0920332 
0.00911737 -0.0172485 0.00120721 -0.00142474 -0.0172485 0.0870119 -0.00143319 0.00354896 0.00120721 -0.00143319 0.0107498 -0.019224 -0.00142474 0.00354896 -0.019224 0.0919731 
0.00917636 -0.0172923 0.00117257 -0.00136951 -0.0172923 0.0871403 -0.00138005 0.00341288 0.00117257 -0.00138005 0.0106755 -0.0191954 -0.00136951 0.00341288 -0.0191954 0.0918958 
0.0091943 -0.0173717 0.00115525 -0.00130643 -0.0173717 0.0873225 -0.00131915 0.00323252 0.00115525 -0.00131915 0.0106173 -0.019094 -0.00130643 0.00323252 -0.019094 0.0916975 
0.00920217 -0.0173555 0.00114087 -0.00128547 -0.0173555 0.0873359 -0.00129873 0.00313185 0.00114087 -0.00129873 0.0105849 -0.0190498 -0.00128547 0.00313185 -0.0190498 0.0915679 
0.00916463 -0.0173501 0.00114894 -0.00128268 -0.0173501 0.0873001 -0.00129333 0.0031118 0.00114894 -0.00129333 0.0106077 -0.0190004 -0.00128268 0.0031118 -0.0190004 0.0914238 
0.00908182 -0.0173142 0.00113871 -0.00128769 -0.0173142 0.0872335 -0.00128983 0.00309675 0.00113871 -0.00128983 0.010661 -0.0189966 -0.00128769 0.00309675 -0.0189966 0.0913148 
0.00900148 -0.0172161 0.00113294 -0.00130226 -0.0172161 0.0870514 -0.00129455 0.00313801 0.00113294 -0.00129455 0.0107244 -0.0190522 -0.00130226 0.00313801 -0.0190522 0.0913557 
0.00897535 -0.0171251 0.0011438 -0.00132067 -0.0171251 0.0868329 -0.00130553 0.00319996 0.0011438 -0.00130553 0.0107466 -0.0191276 -0.00132067 0.00319996 -0.0191276 0.0915022 
0.00901871 -0.0170646 0.00113375 -0.00132322 -0.0170646 0.0866168 -0.00131201 0.00322092 0.00113375 -0.00131201 0.0107005 -0.0191877 -0.00132322 0.00322092 -0.0191877 0.0917037 
0.00908275 -0.0171055 0.00112435 -0.00129324 -0.0171055 0.0865874 -0.00129312 0.0031775 0.00112435 -0.00129312 0.0106196 -0.0191456 -0.00129324 0.0031775 -0.0191456 0.0917356 
0.00912017 -0.0172256 0.00115663 -0.00130454 -0.0172256 0.0868322 -0.0013132 0.00320814 0.00115663 -0.0013132 0.0105743 -0.0190114 -0.00130454 0.00320814 -0.0190114 0.0914837 
0.00914627 -0.0172575 0.00117316 -0.00134117 -0.0172575 0.0869817 -0.00134837 0.00327048 0.00117316 -0.00134837 0.0105606 -0.0189756 -0.00134117 0.00327048 -0.0189756 0.091342 
0.00915994 -0.0172683 0.00118003 -0.00137148 -0.0172683 0.0870229 -0.00136896 0.00334859 0.00118003 -0.00136896 0.010584 -0.0189832 -0.00137148 0.00334859 -0.0189832 0.091339 
0.00916648 -0.0173056 0.00119684 -0.00138479 -0.0173056 0.0871164 -0.00137563 0.00339333 0.00119684 -0.00137563 0.0106193 -0.0190054 -0.00138479 0.00339333 -0.0190054 0.091373 
0.00918044 -0.0173311 0.0011932 -0.00137605 -0.0173311 0.0872138 -0.00136843 0.00336223 0.0011932 -0.00136843 0.0106221 -0.0190328 -0.00137605 0.00336223 -0.0190328 0.0914102 
0.00921796 -0.0173784 0.00119566 -0.0013872 -0.0173784 0.0873619 -0.00138839 0.00339734 0.00119566 -0.00138839 0.0105983 -0.0190173 -0.0013872 0.00339734 -0.0190173 0.0913832 
0.00929168 -0.0174244 0.00119851 -0.0013804 -0.0174244 0.0874943 -0.00138947 0.00339961 0.00119851 -0.00138947 0.010525 -0.0189927 -0.0013804 0.00339961 -0.0189927 0.0913347 
0.00928547 -0.0174982 0.00119312 -0.00136791 -0.0174982 0.0876427 -0.00138147 0.0033657 0.00119312 -0.00138147 0.0105396 -0.0189171 -0.00136791 0.0033657 -0.0189171 0.0912135 
0.00927481 -0.0174765 0.00119739 -0.00135114 -0.0174765 0.0876574 -0.00136319 0.00331341 0.00119739 -0.00136319 0.010553 -0.0189411 -0.00135114 0.00331341 -0.0189411 0.0911924 
0.00930141 -0.0174544 0.0011915 -0.00136265 -0.0174544 0.0876019 -0.00136927 0.00330945 0.0011915 -0.00136927 0.0105313 -0.0189685 -0.00136265 0.00330945 -0.0189685 0.0912566 
0.00930706 -0.0174854 0.0011992 -0.00134554 -0.0174854 0.0876173 -0.0013496 0.00327565 0.0011992 -0.0013496 0.0105057 -0.0189242 -0.00134554 0.00327565 -0.0189242 0.0911861 
0.00927884 -0.01749 0.00121135 -0.00136415 -0.01749 0.0876413 -0.00136604 0.00329294 0.00121135 -0.00136604 0.0105206 -0.0188996 -0.00136415 0.00329294 -0.0188996 0.0911209 
0.0092257 -0.0174442 0.00120227 -0.00136391 -0.0174442 0.0875604 -0.00136079 0.00327942 0.00120227 -0.00136079 0.0105584 -0.0189228 -0.00136391 0.00327942 -0.0189228 0.0911375 
0.00922386 -0.0173835 0.00118185 -0.00137874 -0.0173835 0.0874326 -0.00137172 0.00332054 0.00118185 -0.00137172 0.0105886 -0.0189723 -0.00137874 0.00332054 -0.0189723 0.0912374 
0.00925158 -0.0173807 0.00116858 -0.0013588 -0.0173807 0.0873656 -0.00134914 0.00331152 0.00116858 -0.00134914 0.01059 -0.0190035 -0.0013588 0.00331152 -0.0190035 0.0913197 
0.00928088 -0.0174158 0.00118965 -0.00135423 -0.0174158 0.0874059 -0.00134476 0.00330995 0.00118965 -0.00134476 0.0105903 -0.0190144 -0.00135423 0.00330995 -0.0190144 0.0913776 
0.0093285 -0.0174719 0.00120672 -0.00138774 -0.0174719 0.0875455 -0.0013781 0.00336656 0.00120672 -0.0013781 0.0105826 -0.0190177 -0.00138774 0.00336656 -0.0190177 0.0914091 
0.00935892 -0.0175281 0.00120334 -0.00138682 -0.0175281 0.0876899 -0.00137424 0.00336617 0.00120334 -0.00137424 0.0105636 -0.0190149 -0.00138682 0.00336617 -0.0190149 0.0914231 
0.00940314 -0.0175661 0.0012127 -0.00136818 -0.0175661 0.0878111 -0.00135376 0.00331741 0.0012127 -0.00135376 0.0105244 -0.018996 -0.00136818 0.00331741 -0.018996 0.0914047 
0.00947083 -0.0176396 0.00122435 -0.00137494 -0.0176396 0.0879956 -0.00136628 0.00330762 0.00122435 -0.00136628 0.0104547 -0.0189261 -0.00137494 0.00330762 -0.0189261 0.0912552 
0.00944951 -0.0177428 0.00125641 -0.00139641 -0.0177428 0.0882564 -0.00140276 0.0033716 0.00125641 -0.00140276 0.0104609 -0.0188215 -0.00139641 0.0033716 -0.0188215 0.0910001 
0.00941467 -0.0177067 0.00126816 -0.00143745 -0.0177067 0.0883 -0.00144914 0.00347253 0.00126816 -0.00144914 0.0104789 -0.0188396 -0.00143745 0.00347253 -0.0188396 0.0909369 
0.00939519 -0.0176323 0.00125932 -0.00146809 -0.0176323 0.0881376 -0.00147474 0.00357586 0.00125932 -0.00147474 0.0105194 -0.0188963 -0.00146809 0.00357586 -0.0188963 0.0910692 
0.00944672 -0.0175956 0.00122751 -0.00144858 -0.0175956 0.0879848 -0.00144801 0.00356573 0.00122751 -0.00144801 0.0104791 -0.0189479 -0.00144858 0.00356573 -0.0189479 0.0912083 
0.0094683 -0.0176351 0.00119382 -0.00137488 -0.0176351 0.0879554 -0.00136951 0.00339555 0.00119382 -0.00136951 0.0104448 -0.0189062 -0.00137488 0.00339555 -0.0189062 0.0912058 
0.00949171 -0.0176544 0.00116605 -0.00134185 -0.0176544 0.0879847 -0.00133452 0.00327621 0.00116605 -0.00133452 0.0104268 -0.0188774 -0.00134185 0.00327621 -0.0188774 0.0911624 
0.00947721 -0.0176773 0.00115813 -0.00129298 -0.0176773 0.0880214 -0.00128695 0.00314519 0.00115813 -0.00128695 0.0104057 -0.0188467 -0.00129298 0.00314519 -0.0188467 0.0910759 
0.00949613 -0.0176855 0.00115611 -0.00131284 -0.0176855 0.0880875 -0.00130889 0.00315868 0.00115611 -0.00130889 0.0103751 -0.0188053 -0.00131284 0.00315868 -0.0188053 0.0909637 
0.00953019 -0.0177263 0.0011403 -0.00131604 -0.0177263 0.0881951 -0.00131717 0.00319036 0.0011403 -0.00131717 0.0103285 -0.0187464 -0.00131604 0.00319036 -0.0187464 0.0907979 
0.00955256 -0.017776 0.00111461 -0.00129052 -0.017776 0.0883325 -0.00129515 0.00315715 0.00111461 -0.00129515 0.0103034 -0.0186858 -0.00129052 0.00315715 -0.0186858 0.0906339 
0.00952533 -0.0177752 0.00110429 -0.00124495 -0.0177752 0.088354 -0.00125158 0.00305695 0.00110429 -0.00125158 0.01029 -0.0186747 -0.00124495 0.00305695 -0.0186747 0.0905699 
0.00950538 -0.0177306 0.00109547 -0.00121994 -0.0177306 0.0882732 -0.00122873 0.00296253 0.00109547 -0.00122873 0.0102613 -0.018661 -0.00121994 0.00296253 -0.018661 0.0905376 
0.00950797 -0.0177093 0.00109261 -0.00122966 -0.0177093 0.0882004 -0.00123904 0.00296863 0.00109261 -0.00123904 0.0102254 -0.0186121 -0.00122966 0.00296863 -0.0186121 0.0904385 
0.00948469 -0.0176985 0.00106815 -0.00123863 -0.0176985 0.088137 -0.00124415 0.0029977 0.00106815 -0.00124415 0.0102349 -0.018572 -0.00123863 0.0029977 -0.018572 0.0903384 
0.00940603 -0.0176662 0.00106422 -0.00120994 -0.0176662 0.0880591 -0.00120613 0.00295483 0.00106422 -0.00120613 0.0103016 -0.0185751 -0.00120994 0.00295483 -0.0185751 0.0902857 
0.00935447 -0.0175684 0.00104179 -0.00120233 -0.0175684 0.0878712 -0.00119096 0.00290377 0.00104179 -0.00119096 0.0103433 -0.0186528 -0.00120233 0.00290377 -0.0186528 0.0903866 
0.00934817 -0.0175196 0.00105201 -0.00120364 -0.0175196 0.0877235 -0.0011882 0.00291891 0.00105201 -0.0011882 0.0103319 -0.0186896 -0.00120364 0.00291891 -0.0186896 0.090485 
0.00935674 -0.0175037 0.00105533 -0.00118704 -0.0175037 0.0876307 -0.00118332 0.00288182 0.00105533 -0.00118332 0.0102836 -0.0186659 -0.00118704 0.00288182 -0.0186659 0.090467 
0.00940084 -0.0175212 0.00104894 -0.00120539 -0.0175212 0.0876412 -0.0012166 0.00292967 0.00104894 -0.0012166 0.0102263 -0.0186058 -0.00120539 0.00292967 -0.0186058 0.0903629 
0.00939193 -0.0175404 0.00103237 -0.00120271 -0.0175404 0.087641 -0.00121974 0.00296334 0.00103237 -0.00121974 0.010241 -0.0185655 -0.00120271 0.00296334 -0.0185655 0.0902877 
0.00936635 -0.0175447 0.00104446 -0.00119341 -0.0175447 0.0876692 -0.00120352 0.00296048 0.00104446 -0.00120352 0.0102925 -0.018569 -0.00119341 0.00296048 -0.018569 0.0902414 
0.00931693 -0.0175193 0.00105673 -0.00122734 -0.0175193 0.0876452 -0.00122923 0.00301915 0.00105673 -0.00122923 0.0103763 -0.0186363 -0.00122734 0.00301915 -0.0186363 0.090341 
0.00924437 -0.0174365 0.00103613 -0.00118987 -0.0174365 0.0874684 -0.00118708 0.00292481 0.00103613 -0.00118708 0.0104467 -0.0187532 -0.00118987 0.00292481 -0.0187532 0.0905863 
0.00919522 -0.0173493 0.00103265 -0.00116966 -0.0173493 0.0872592 -0.00115936 0.00284511 0.00103265 -0.00115936 0.0104917 -0.0188506 -0.00116966 0.00284511 -0.0188506 0.0908678 
0.00917974 -0.0172867 0.00102409 -0.00114875 -0.0172867 0.0870706 -0.00113573 0.00276038 0.00102409 -0.00113573 0.01048 -0.0189019 -0.00114875 0.00276038 -0.0189019 0.09105 
0.00921842 -0.0172745 0.00102226 -0.00116467 -0.0172745 0.086995 -0.00115739 0.0027902 0.00102226 -0.00115739 0.0104271 -0.0188875 -0.00116467 0.0027902 -0.0188875 0.0910983 
0.00927407 -0.0173539 0.00102991 -0.00120338 -0.0173539 0.0871374 -0.00120649 0.00292601 0.00102991 -0.00120649 0.0103751 -0.0187989 -0.00120338 0.00292601 -0.0187989 0.0909435 
0.00928375 -0.0174216 0.00103328 -0.00119628 -0.0174216 0.0873141 -0.00120572 0.00295777 0.00103328 -0.00120572 0.0103807 -0.0187376 -0.00119628 0.00295777 -0.0187376 0.0907757 
0.00931437 -0.0174353 0.00100345 -0.00116943 -0.0174353 0.0874061 -0.00117409 0.00288018 0.00100345 -0.00117409 0.0103554 -0.0187362 -0.00116943 0.00288018 -0.0187362 0.0906957 
0.00936253 -0.0174827 0.000987027 -0.00116324 -0.0174827 0.0875173 -0.00115954 0.00286338 0.000987027 -0.00115954 0.0103054 -0.0187024 -0.00116324 0.00286338 -0.0187024 0.0906234 
0.00945329 -0.0175021 0.000934567 -0.00110436 -0.0175021 0.0875495 -0.00109434 0.0027108 0.000934567 -0.00109434 0.0102215 -0.0186751 -0.00110436 0.0027108 -0.0186751 0.0905886 
0.00949426 -0.0176407 0.000910205 -0.00105148 -0.0176407 0.0878099 -0.00104168 0.00257591 0.000910205 -0.00104168 0.0101805 -0.018545 -0.00105148 0.00257591 -0.018545 0.0903338 
0.00948378 -0.017703 0.000901123 -0.00101687 -0.017703 0.0880435 -0.00100836 0.00246548 0.000901123 -0.00100836 0.0101674 -0.0184741 -0.00101687 0.00246548 -0.0184741 0.0900742 
0.00953121 -0.0177005 0.000918871 -0.00102551 -0.0177005 0.0881402 -0.00101813 0.00246239 0.000918871 -0.00101813 0.0100978 -0.018449 -0.00102551 0.00246239 -0.018449 0.089931 
0.00959125 -0.0177317 0.000908541 -0.0010478 -0.0177317 0.088182 -0.00104847 0.00251224 0.000908541 -0.00104847 0.0100343 -0.0183892 -0.0010478 0.00251224 -0.0183892 0.0898253 
0.00958756 -0.0177942 0.000905974 -0.00103316 -0.0177942 0.0882872 -0.00104641 0.00253444 0.000905974 -0.00104641 0.0100271 -0.0183101 -0.00103316 0.00253444 -0.0183101 0.0896424 
0.00952496 -0.0178059 0.000923336 -0.00105847 -0.0178059 0.0883764 -0.00107397 0.00261169 0.000923336 -0.00107397 0.0101055 -0.018291 -0.00105847 0.00261169 -0.018291 0.0895276 
0.00949511 -0.0177356 0.000926652 -0.00105931 -0.0177356 0.0882943 -0.00106517 0.00260692 0.000926652 -0.00106517 0.0101431 -0.0183751 -0.00105931 0.00260692 -0.0183751 0.0896051 
0.00950172 -0.0176649 0.000903518 -0.00103417 -0.0176649 0.0880882 -0.00102943 0.00252014 0.000903518 -0.00102943 0.0101117 -0.0184493 -0.00103417 0.00252014 -0.0184493 0.0898079 
0.00949006 -0.017666 0.000900786 -0.00103136 -0.017666 0.0880063 -0.00102473 0.00250407 0.000900786 -0.00102473 0.0101236 -0.0184324 -0.00103136 0.00250407 -0.0184324 0.0898994 
0.00948363 -0.0176567 0.000906551 -0.00104113 -0.0176567 0.0879776 -0.00103404 0.0025291 0.000906551 -0.00103404 0.0101368 -0.0184412 -0.00104113 0.0025291 -0.0184412 0.0899258 
0.00948834 -0.0176653 0.000933016 -0.00106013 -0.0176653 0.0879984 -0.00105597 0.00258605 0.000933016 -0.00105597 0.0101292 -0.0184497 -0.00106013 0.00258605 -0.0184497 0.0899463 
0.00945409 -0.017665 0.000947558 -0.00106378 -0.017665 0.0880005 -0.00106665 0.00258949 0.000947558 -0.00106665 0.0101635 -0.0184463 -0.00106378 0.00258949 -0.0184463 0.0899592 
0.00947698 -0.0176333 0.00091778 -0.00107387 -0.0176333 0.0879614 -0.00107637 0.00260039 0.00091778 -0.00107637 0.0101236 -0.018467 -0.00107387 0.00260039 -0.018467 0.0899651 
0.00948465 -0.0176616 0.000907223 -0.00106264 -0.0176616 0.0879838 -0.00106212 0.00261573 0.000907223 -0.00106212 0.0101133 -0.018415 -0.00106264 0.00261573 -0.018415 0.0898917 
0.00949504 -0.0176721 0.00092387 -0.00106729 -0.0176721 0.088019 -0.00106627 0.00264092 0.00092387 -0.00106627 0.0101169 -0.0184019 -0.00106729 0.00264092 -0.0184019 0.0898278 
0.00947054 -0.0176582 0.000915521 -0.00106578 -0.0176582 0.0879805 -0.0010674 0.00262443 0.000915521 -0.0010674 0.0101619 -0.0184402 -0.00106578 0.00262443 -0.0184402 0.0899071 
