0.00540846 0 -0.000284771 0 0 0.01 0 0 -0.000284771 0 0.00900514 0 0 0 0 0.01 
0.0079787 -0.00994962 -0.000359105 0.000436307 -0.00994962 0.0282519 0.000436307 -0.000836258 -0.000359105 0.000436307 0.0123685 -0.0153167 0.000436307 -0.000836258 -0.0153167 0.0385433 
0.00826597 -0.0160524 -0.000316638 0.000480464 -0.0160524 0.0606517 0.000480464 -0.00149195 -0.000316638 0.000480464 0.012112 -0.0221069 0.000480464 -0.00149195 -0.0221069 0.0796707 
0.0077755 -0.0165647 -0.000227966 0.000288426 -0.0165647 0.0769694 0.000288092 -0.000870296 -0.000227966 0.000288092 0.0114488 -0.0209551 0.000288426 -0.000870296 -0.0209551 0.0912948 
0.00762872 -0.0160162 -0.000239004 0.000234867 -0.0160162 0.0821298 0.000221552 -0.000588112 -0.000239004 0.000221552 0.011587 -0.0201911 0.000234867 -0.000588112 -0.0201911 0.092861 
0.00765162 -0.015728 -0.000262141 0.000276796 -0.015728 0.083201 0.000257265 -0.000623914 -0.000262141 0.000257265 0.0119083 -0.0203388 0.000276796 -0.000623914 -0.0203388 0.0938579 
0.00775806 -0.0156454 -0.000300521 0.000314118 -0.0156454 0.0832548 0.000301371 -0.000738046 -0.000300521 0.000301371 0.0120618 -0.0206635 0.000314118 -0.000738046 -0.0206635 0.0949802 
0.00783784 -0.0157251 -0.000326211 0.000350134 -0.0157251 0.0833095 0.000343912 -0.000834477 -0.000326211 0.000343912 0.0120817 -0.020762 0.000350134 -0.000834477 -0.020762 0.0955554 
0.00787642 -0.015813 -0.0003321 0.000355337 -0.015813 0.0834624 0.000349975 -0.000847255 -0.0003321 0.000349975 0.0120664 -0.0207335 0.000355337 -0.000847255 -0.0207335 0.0956349 
0.00792358 -0.0158654 -0.000361605 0.000355484 -0.0158654 0.0836122 0.000352892 -0.00084282 -0.000361605 0.000352892 0.0120136 -0.020695 0.000355484 -0.00084282 -0.020695 0.0955424 
0.00798069 -0.0159161 -0.000346585 0.000390277 -0.0159161 0.0837447 0.000395669 -0.000903218 -0.000346585 0.000395669 0.0119599 -0.0206499 0.000390277 -0.000903218 -0.0206499 0.0954458 
0.00799641 -0.0160004 -0.000352486 0.000407097 -0.0160004 0.083948 0.000417205 -0.00100956 -0.000352486 0.000417205 0.0119308 -0.0205777 0.000407097 -0.00100956 -0.0205777 0.0952772 
0.00797908 -0.0159995 -0.00033225 0.000386595 -0.0159995 0.0840159 0.000396472 -0.000982677 -0.00033225 0.000396472 0.0119283 -0.0205671 0.000386595 -0.000982677 -0.0205671 0.0952203 
0.00794259 -0.0159821 -0.000301446 0.000361618 -0.0159821 0.0840099 0.000369797 -0.000926979 -0.000301446 0.000369797 0.0119322 -0.0205523 0.000361618 -0.000926979 -0.0205523 0.0951673 
0.00787512 -0.0159306 -0.000243839 0.000330717 -0.0159306 0.0839162 0.000340471 -0.000865175 -0.000243839 0.000340471 0.011978 -0.0205621 0.000330717 -0.000865175 -0.0205621 0.0951703 
0.00785473 -0.0158389 -0.000203552 0.000261952 -0.0158389 0.0837258 0.000269279 -0.000723455 -0.000203552 0.000269279 0.0120063 -0.0206315 0.000261952 -0.000723455 -0.0206315 0.0953015 
0.00787498 -0.0158033 -0.000194255 0.000231289 -0.0158033 0.0835765 0.000232862 -0.000623426 -0.000194255 0.000232862 0.0120304 -0.0206854 0.000231289 -0.000623426 -0.0206854 0.095473 
0.00788725 -0.0158283 -0.000200598 0.000192691 -0.0158283 0.0835557 0.000193159 -0.000499106 -0.000200598 0.000193159 0.0120398 -0.0207094 0.000192691 -0.000499106 -0.0207094 0.0955664 
0.00790983 -0.0158685 -0.000210027 0.000195431 -0.0158685 0.0836535 0.000199133 -0.000453285 -0.000210027 0.000199133 0.0120284 -0.0207053 0.000195431 -0.000453285 -0.0207053 0.0955729 
0.00791438 -0.0159091 -0.000230133 0.00025792 -0.0159091 0.0837819 0.000261093 -0.000598324 -0.000230133 0.000261093 0.01204 -0.0206973 0.00025792 -0.000598324 -0.0206973 0.0955701 
0.00791066 -0.0159387 -0.000213806 0.000259284 -0.0159387 0.0839023 0.000256248 -0.000629874 -0.000213806 0.000256248 0.0120098 -0.0206742 0.000259284 -0.000629874 -0.0206742 0.0954799 
0.0078628 -0.0159462 -0.000162795 0.000202295 -0.0159462 0.0839666 0.000197129 -0.000505368 -0.000162795 0.000197129 0.0119737 -0.0206009 0.000202295 -0.000505368 -0.0206009 0.0952864 
0.00784198 -0.0158446 -0.000120503 0.000143722 -0.0158446 0.0837887 0.000139588 -0.000364341 -0.000120503 0.000139588 0.0119502 -0.0206008 0.000143722 -0.000364341 -0.0206008 0.0952616 
0.00784081 -0.0157911 -8.39467e-05 0.000126128 -0.0157911 0.0835841 0.000120578 -0.000313038 -8.39467e-05 0.000120578 0.0119513 -0.0205865 0.000126128 -0.000313038 -0.0205865 0.0952523 
0.00784378 -0.0157775 -5.03928e-05 6.8202e-05 -0.0157775 0.0834691 6.26148e-05 -0.000188603 -5.03928e-05 6.26148e-05 0.0119586 -0.020594 6.8202e-05 -0.000188603 -0.020594 0.0952651 
0.00785646 -0.0157853 -1.86721e-05 3.41168e-05 -0.0157853 0.0834487 3.55271e-05 -0.000100022 -1.86721e-05 3.55271e-05 0.0119735 -0.0206053 3.41168e-05 -0.000100022 -0.0206053 0.095294 
0.00788551 -0.0157937 -4.97451e-05 2.46644e-05 -0.0157937 0.0834558 3.01462e-05 -9.14077e-05 -4.97451e-05 3.01462e-05 0.011978 -0.020656 2.46644e-05 -9.14077e-05 -0.020656 0.0954296 
0.00787852 -0.0158603 -9.04087e-05 5.05796e-05 -0.0158603 0.0835999 6.01543e-05 -0.000118703 -9.04087e-05 6.01543e-05 0.0119968 -0.0206332 5.05796e-05 -0.000118703 -0.0206332 0.0954172 
0.00788388 -0.0158562 -0.000112921 9.38797e-05 -0.0158562 0.0836708 0.00010961 -0.000207538 -0.000112921 0.00010961 0.012003 -0.0206668 9.38797e-05 -0.000207538 -0.0206668 0.0954717 
0.00787563 -0.01588 -7.75279e-05 0.000104541 -0.01588 0.0837411 0.000120719 -0.000250052 -7.75279e-05 0.000120719 0.0119815 -0.0206435 0.000104541 -0.000250052 -0.0206435 0.0954232 
0.00786216 -0.0158573 7.70669e-06 5.48588e-05 -0.0158573 0.0837225 6.08605e-05 -0.000168607 7.70669e-06 6.08605e-05 0.0119662 -0.0206285 5.48588e-05 -0.000168607 -0.0206285 0.0953923 
0.0078729 -0.0158437 3.79535e-05 -2.35604e-05 -0.0158437 0.0836892 -2.95796e-05 -1.16923e-05 3.79535e-05 -2.95796e-05 0.0119369 -0.0205964 -2.35604e-05 -1.16923e-05 -0.0205964 0.0953114 
0.0078963 -0.0158452 7.72751e-06 -5.41463e-05 -0.0158452 0.0836671 -5.84674e-05 0.000103987 7.72751e-06 -5.84674e-05 0.0119075 -0.0205699 -5.41463e-05 0.000103987 -0.0205699 0.0952461 
0.00789233 -0.0158786 -1.17135e-05 -3.52848e-06 -0.0158786 0.0837132 2.83994e-06 3.14159e-05 -1.17135e-05 2.83994e-06 0.0118904 -0.0205185 -3.52848e-06 3.14159e-05 -0.0205185 0.095116 
0.00787099 -0.0158662 -7.65307e-07 3.79123e-06 -0.0158662 0.0837134 1.40749e-05 -8.50424e-06 -7.65307e-07 1.40749e-05 0.0118881 -0.0205033 3.79123e-06 -8.50424e-06 -0.0205033 0.0950454 
0.00787253 -0.0158351 1.89286e-05 -2.63225e-05 -0.0158351 0.0836497 -1.80212e-05 4.60968e-05 1.89286e-05 -1.80212e-05 0.0118655 -0.0204947 -2.63225e-05 4.60968e-05 -0.0204947 0.0950023 
0.0078832 -0.0158391 1.30404e-05 -3.94699e-05 -0.0158391 0.0836239 -3.7225e-05 8.90779e-05 1.30404e-05 -3.7225e-05 0.0118353 -0.0204479 -3.94699e-05 8.90779e-05 -0.0204479 0.0948867 
0.00788406 -0.0158492 -4.98662e-06 -1.09993e-05 -0.0158492 0.0836292 -1.2801e-05 4.47356e-05 -4.98662e-06 -1.2801e-05 0.0118159 -0.0204031 -1.09993e-05 4.47356e-05 -0.0204031 0.0947525 
0.00786805 -0.0158378 4.39697e-05 -1.22593e-05 -0.0158378 0.0836023 -1.33831e-05 4.88654e-05 4.39697e-05 -1.33831e-05 0.0118172 -0.0203861 -1.22593e-05 4.88654e-05 -0.0203861 0.0946798 
0.0078833 -0.0157758 8.31303e-05 -6.76854e-05 -0.0157758 0.08345 -6.98033e-05 0.000133465 8.31303e-05 -6.98033e-05 0.0118445 -0.0204473 -6.76854e-05 0.000133465 -0.0204473 0.0948315 
0.00790619 -0.0157963 0.000100973 -0.000103113 -0.0157963 0.0834084 -0.000108151 0.000220336 0.000100973 -0.000108151 0.0118535 -0.0204827 -0.000103113 0.000220336 -0.0204827 0.0949579 
0.00790964 -0.0158466 9.91423e-05 -0.000109238 -0.0158466 0.083511 -0.00011648 0.000255429 9.91423e-05 -0.00011648 0.0118723 -0.0204866 -0.000109238 0.000255429 -0.0204866 0.0950072 
0.0079089 -0.0158758 8.77969e-05 -0.000116021 -0.0158758 0.0836359 -0.000121934 0.000287385 8.77969e-05 -0.000121934 0.0118788 -0.0204937 -0.000116021 0.000287385 -0.0204937 0.0950141 
0.00790724 -0.0158837 9.28183e-05 -0.000121278 -0.0158837 0.0837069 -0.000122161 0.000319282 9.28183e-05 -0.000122161 0.0118727 -0.0204967 -0.000121278 0.000319282 -0.0204967 0.0950174 
0.00789882 -0.0158844 6.87024e-05 -0.000113159 -0.0158844 0.0837343 -0.000107575 0.000289773 6.87024e-05 -0.000107575 0.011866 -0.0204834 -0.000113159 0.000289773 -0.0204834 0.0949913 
0.00788464 -0.0158627 6.58157e-05 -7.90028e-05 -0.0158627 0.0836972 -7.03667e-05 0.000219166 6.58157e-05 -7.03667e-05 0.0118768 -0.0204873 -7.90028e-05 0.000219166 -0.0204873 0.0950014 
0.00787838 -0.0158384 5.03879e-05 -5.33392e-05 -0.0158384 0.083633 -4.61018e-05 0.000121037 5.03879e-05 -4.61018e-05 0.0118814 -0.0205017 -5.33392e-05 0.000121037 -0.0205017 0.0950305 
0.00787195 -0.0158321 3.90481e-06 -4.94724e-05 -0.0158321 0.0835945 -4.79548e-05 0.000103978 3.90481e-06 -4.79548e-05 0.0118734 -0.0205024 -4.94724e-05 0.000103978 -0.0205024 0.0950376 
0.00784589 -0.0158222 -2.90938e-05 -1.1774e-05 -0.0158222 0.0835646 -1.41445e-05 6.69957e-05 -2.90938e-05 -1.41445e-05 0.0118803 -0.0204891 -1.1774e-05 6.69957e-05 -0.0204891 0.0950155 
0.00784177 -0.0157758 -5.42485e-05 3.07169e-05 -0.0157758 0.0834671 2.87989e-05 -2.36552e-05 -5.42485e-05 2.87989e-05 0.0118848 -0.0205128 3.07169e-05 -2.36552e-05 -0.0205128 0.0950598 
0.00787217 -0.0157582 -6.84042e-05 7.05334e-05 -0.0157582 0.0833803 7.04568e-05 -0.000136993 -6.84042e-05 7.04568e-05 0.01187 -0.0205296 7.05334e-05 -0.000136993 -0.0205296 0.0951219 
0.00789822 -0.0158016 -8.46317e-05 0.000122344 -0.0158016 0.0834223 0.000121832 -0.000298544 -8.46317e-05 0.000121832 0.0118627 -0.02051 0.000122344 -0.000298544 -0.02051 0.0951121 
0.00787415 -0.0158507 -6.14257e-05 0.00010584 -0.0158507 0.0835441 0.000100544 -0.000289121 -6.14257e-05 0.000100544 0.0118829 -0.0204821 0.00010584 -0.000289121 -0.0204821 0.0950334 
0.00785138 -0.0158147 -7.43791e-05 8.12369e-05 -0.0158147 0.0835398 7.19627e-05 -0.000238603 -7.43791e-05 7.19627e-05 0.011929 -0.0205277 8.12369e-05 -0.000238603 -0.0205277 0.0950999 
0.00782609 -0.0157892 -7.34259e-05 8.77531e-05 -0.0157892 0.0834848 7.99053e-05 -0.000217161 -7.34259e-05 7.99053e-05 0.0119776 -0.0205788 8.77531e-05 -0.000217161 -0.0205788 0.095207 
0.00786402 -0.0157829 -9.7729e-05 8.16143e-05 -0.0157829 0.0834781 7.1877e-05 -0.000194422 -9.7729e-05 7.1877e-05 0.0119431 -0.0206099 8.16143e-05 -0.000194422 -0.0206099 0.0952621 
0.00792207 -0.0158272 -0.000168081 0.000127697 -0.0158272 0.0835439 0.000123483 -0.00028035 -0.000168081 0.000123483 0.011901 -0.0205817 0.000127697 -0.00028035 -0.0205817 0.0952611 
0.00797477 -0.0158991 -0.000202723 0.000182902 -0.0158991 0.083693 0.000189775 -0.000390239 -0.000202723 0.000189775 0.011851 -0.0205276 0.000182902 -0.000390239 -0.0205276 0.0951597 
0.00801344 -0.015972 -0.000213661 0.000245928 -0.015972 0.0838802 0.000256603 -0.000569798 -0.000213661 0.000256603 0.0118043 -0.0204605 0.000245928 -0.000569798 -0.0204605 0.0950025 
0.00800762 -0.0160226 -0.000225304 0.00028629 -0.0160226 0.0840396 0.000292521 -0.000725804 -0.000225304 0.000292521 0.0118076 -0.0204042 0.00028629 -0.000725804 -0.0204042 0.0948513 
0.00802125 -0.0160074 -0.000201915 0.000266387 -0.0160074 0.0840674 0.00026538 -0.000703005 -0.000201915 0.00026538 0.011804 -0.02041 0.000266387 -0.000703005 -0.02041 0.0948034 
0.0080289 -0.0160173 -0.000155054 0.000211297 -0.0160173 0.0840698 0.000204354 -0.000563971 -0.000155054 0.000204354 0.011796 -0.0204048 0.000211297 -0.000563971 -0.0204048 0.0947848 
0.00802369 -0.0160406 -0.000130467 0.000154729 -0.0160406 0.084123 0.000142037 -0.000407487 -0.000130467 0.000142037 0.0117853 -0.0203782 0.000154729 -0.000407487 -0.0203782 0.0947129 
0.00802991 -0.016035 -0.000112381 0.000165485 -0.016035 0.0841433 0.000151119 -0.000401683 -0.000112381 0.000151119 0.0117631 -0.020368 0.000165485 -0.000401683 -0.020368 0.0946717 
0.00805494 -0.01602 -8.29367e-05 0.000106196 -0.01602 0.0840964 9.13537e-05 -0.000271597 -8.29367e-05 9.13537e-05 0.0117426 -0.0203664 0.000106196 -0.000271597 -0.0203664 0.0946915 
0.008049 -0.0160472 -3.34356e-05 4.83277e-05 -0.0160472 0.0841108 3.81237e-05 -0.000108278 -3.34356e-05 3.81237e-05 0.0117363 -0.0203379 4.83277e-05 -0.000108278 -0.0203379 0.0946505 
0.00805777 -0.0160653 -6.61576e-05 3.40981e-05 -0.0160653 0.0841831 2.80039e-05 -7.61547e-05 -6.61576e-05 2.80039e-05 0.0117154 -0.020302 3.40981e-05 -7.61547e-05 -0.020302 0.0945388 
0.00805377 -0.0160679 -0.000137362 8.75559e-05 -0.0160679 0.084206 9.0261e-05 -0.000175783 -0.000137362 9.0261e-05 0.0117106 -0.0202851 8.75559e-05 -0.000175783 -0.0202851 0.0944796 
0.00807129 -0.0160516 -0.000209326 0.000191731 -0.0160516 0.0841759 0.000203273 -0.000421937 -0.000209326 0.000203273 0.0116916 -0.02029 0.000191731 -0.000421937 -0.02029 0.0944782 
0.00809441 -0.0160666 -0.000259894 0.000272311 -0.0160666 0.0841762 0.000280483 -0.000637865 -0.000259894 0.000280483 0.0116768 -0.0202737 0.000272311 -0.000637865 -0.0202737 0.0944647 
0.00810342 -0.016091 -0.000278696 0.000308275 -0.016091 0.0842105 0.000310617 -0.000743585 -0.000278696 0.000310617 0.0116672 -0.0202521 0.000308275 -0.000743585 -0.0202521 0.0944176 
0.00810217 -0.0160848 -0.000285653 0.000286917 -0.0160848 0.0841958 0.000283453 -0.000688262 -0.000285653 0.000283453 0.0116722 -0.0202565 0.000286917 -0.000688262 -0.0202565 0.0944293 
0.00809092 -0.0160983 -0.000279327 0.00032178 -0.0160983 0.0842237 0.000317571 -0.00074035 -0.000279327 0.000317571 0.0117086 -0.0202496 0.00032178 -0.00074035 -0.0202496 0.0944077 
0.00808015 -0.0160728 -0.000278598 0.000337793 -0.0160728 0.0841814 0.000334937 -0.000824833 -0.000278598 0.000334937 0.0117523 -0.0203156 0.000337793 -0.000824833 -0.0203156 0.0945296 
0.00804407 -0.0160737 -0.000271405 0.000333728 -0.0160737 0.0841749 0.00032745 -0.00083688 -0.000271405 0.00032745 0.0117934 -0.0203612 0.000333728 -0.00083688 -0.0203612 0.09465 
0.00803073 -0.0160188 -0.000303655 0.000318837 -0.0160188 0.0840816 0.000310263 -0.000806642 -0.000303655 0.000310263 0.0118016 -0.0204402 0.000318837 -0.000806642 -0.0204402 0.0948629 
0.00805785 -0.0160039 -0.000352485 0.000386435 -0.0160039 0.084021 0.000383855 -0.000936284 -0.000352485 0.000383855 0.0117951 -0.0204602 0.000386435 -0.000936284 -0.0204602 0.0949987 
0.00805736 -0.0160527 -0.000352355 0.000368276 -0.0160527 0.084086 0.000376913 -0.000898108 -0.000352355 0.000376913 0.0117809 -0.0204096 0.000368276 -0.000898108 -0.0204096 0.0949065 
0.00804199 -0.0160492 -0.000344558 0.000362536 -0.0160492 0.084118 0.000380651 -0.000877804 -0.000344558 0.000380651 0.0117845 -0.0203952 0.000362536 -0.000877804 -0.0203952 0.0948397 
0.00799821 -0.0160209 -0.000296184 0.000353608 -0.0160209 0.0840656 0.000373064 -0.000859495 -0.000296184 0.000373064 0.0118144 -0.0204017 0.000353608 -0.000859495 -0.0204017 0.094826 
0.00798949 -0.0159818 -0.000278415 0.000350172 -0.0159818 0.0840006 0.000359881 -0.000893433 -0.000278415 0.000359881 0.0118325 -0.0204287 0.000350172 -0.000893433 -0.0204287 0.094851 
0.00798683 -0.0159486 -0.000290294 0.000321382 -0.0159486 0.0838893 0.000321432 -0.000838286 -0.000290294 0.000321432 0.0118359 -0.0204712 0.000321382 -0.000838286 -0.0204712 0.0949581 
0.00795331 -0.0159528 -0.000258983 0.000319459 -0.0159528 0.083859 0.000315707 -0.000787445 -0.000258983 0.000315707 0.0118615 -0.0204595 0.000319459 -0.000787445 -0.0204595 0.0949623 
0.00793478 -0.0159195 -0.000241841 0.000281942 -0.0159195 0.08381 0.000273564 -0.000711593 -0.000241841 0.000273564 0.01187 -0.0204757 0.000281942 -0.000711593 -0.0204757 0.0949611 
0.00789995 -0.0158898 -0.000221693 0.000275954 -0.0158898 0.0837335 0.000267757 -0.000683674 -0.000221693 0.000267757 0.0119113 -0.0205 0.000275954 -0.000683674 -0.0205 0.0950211 
0.0079208 -0.0158558 -0.000214893 0.000236162 -0.0158558 0.083659 0.000231816 -0.000600348 -0.000214893 0.000231816 0.0119081 -0.0205388 0.000236162 -0.000600348 -0.0205388 0.0950899 
0.00795165 -0.0158796 -0.000205281 0.000222805 -0.0158796 0.083664 0.000223308 -0.000545963 -0.000205281 0.000223308 0.0118809 -0.0205429 0.000222805 -0.000545963 -0.0205429 0.0951357 
0.00799818 -0.0159239 -0.000144104 0.000200886 -0.0159239 0.0837555 0.000203505 -0.000482992 -0.000144104 0.000203505 0.01183 -0.0205138 0.000200886 -0.000482992 -0.0205138 0.0951116 
0.00801455 -0.0159903 -8.29387e-05 0.000138225 -0.0159903 0.0839089 0.000138009 -0.000374741 -8.29387e-05 0.000138009 0.011793 -0.0204389 0.000138225 -0.000374741 -0.0204389 0.0949636 
0.0080251 -0.0160332 -6.94289e-05 6.39435e-05 -0.0160332 0.0840676 5.9821e-05 -0.000197672 -6.94289e-05 5.9821e-05 0.0117434 -0.0203586 6.39435e-05 -0.000197672 -0.0203586 0.0947268 
0.00803237 -0.0160139 -7.44885e-05 4.02867e-05 -0.0160139 0.0840664 4.00821e-05 -8.43587e-05 -7.44885e-05 4.00821e-05 0.0117352 -0.0203348 4.02867e-05 -8.43587e-05 -0.0203348 0.0946442 
0.00799776 -0.0160078 -6.75374e-05 4.80296e-05 -0.0160078 0.0840295 5.52766e-05 -7.36603e-05 -6.75374e-05 5.52766e-05 0.0117752 -0.0203328 4.80296e-05 -7.36603e-05 -0.0203328 0.0946201 
0.00801267 -0.0159771 -7.46097e-05 5.91649e-05 -0.0159771 0.0839834 6.72855e-05 -0.000112264 -7.46097e-05 6.72855e-05 0.0117845 -0.0203749 5.91649e-05 -0.000112264 -0.0203749 0.0946698 
0.00804292 -0.0160064 -0.000107957 8.81473e-05 -0.0160064 0.084012 9.83308e-05 -0.00019955 -0.000107957 9.83308e-05 0.011755 -0.0203767 8.81473e-05 -0.00019955 -0.0203767 0.094691 
0.0080285 -0.0160524 -0.000166954 0.000141621 -0.0160524 0.0841164 0.000149863 -0.000326115 -0.000166954 0.000149863 0.0117548 -0.0203382 0.000141621 -0.000326115 -0.0203382 0.0946364 
0.00802785 -0.0160277 -0.000204134 0.000211092 -0.0160277 0.08412 0.000216924 -0.000482084 -0.000204134 0.000216924 0.0117493 -0.0203504 0.000211092 -0.000482084 -0.0203504 0.0946434 
0.00802315 -0.016017 -0.000202306 0.000231143 -0.016017 0.0840799 0.000233413 -0.000547312 -0.000202306 0.000233413 0.0117522 -0.0203439 0.000231143 -0.000547312 -0.0203439 0.0946423 
0.00803268 -0.0159903 -0.000171709 0.00023902 -0.0159903 0.0840026 0.000240446 -0.000591788 -0.000171709 0.000240446 0.011774 -0.0203737 0.00023902 -0.000591788 -0.0203737 0.0947198 
0.00805798 -0.0160061 -0.000165664 0.000179267 -0.0160061 0.0839921 0.000175176 -0.000481792 -0.000165664 0.000175176 0.0117741 -0.0203873 0.000179267 -0.000481792 -0.0203873 0.0947568 
0.00813248 -0.0160531 -0.000205061 0.000177485 -0.0160531 0.0840841 0.000168761 -0.000419178 -0.000205061 0.000168761 0.0117175 -0.0203826 0.000177485 -0.000419178 -0.0203826 0.0947573 
0.00819879 -0.0161615 -0.00026816 0.00023655 -0.0161615 0.0843113 0.00023057 -0.000511167 -0.00026816 0.00023057 0.0116425 -0.020299 0.00023655 -0.000511167 -0.020299 0.094608 
0.00825733 -0.0162528 -0.000289112 0.000302248 -0.0162528 0.0845666 0.000302067 -0.000657161 -0.000289112 0.000302067 0.0115549 -0.0201941 0.000302248 -0.000657161 -0.0201941 0.094361 
0.00824753 -0.0163208 -0.000254559 0.000308984 -0.0163208 0.0847687 0.000318142 -0.00072285 -0.000254559 0.000318142 0.0115404 -0.0200843 0.000308984 -0.00072285 -0.0200843 0.0940841 
0.00821601 -0.0162906 -0.000221546 0.000259568 -0.0162906 0.0847787 0.000272538 -0.0006664 -0.000221546 0.000272538 0.011538 -0.0200722 0.000259568 -0.0006664 -0.0200722 0.0939575 
0.00820241 -0.0162411 -0.000199907 0.000228513 -0.0162411 0.0846776 0.000234818 -0.000580075 -0.000199907 0.000234818 0.0115266 -0.0200764 0.000228513 -0.000580075 -0.0200764 0.0939383 
0.00821072 -0.0161974 -0.000178867 0.000192251 -0.0161974 0.084531 0.000187252 -0.000462915 -0.000178867 0.000187252 0.0115125 -0.0200824 0.000192251 -0.000462915 -0.0200824 0.093973 
0.00820645 -0.0162086 -0.000182713 0.000194321 -0.0162086 0.0844928 0.000184293 -0.000444235 -0.000182713 0.000184293 0.0115147 -0.0200622 0.000194321 -0.000444235 -0.0200622 0.0939501 
0.00821121 -0.0162068 -0.000217765 0.00020689 -0.0162068 0.084488 0.000200155 -0.000474503 -0.000217765 0.000200155 0.011511 -0.020062 0.00020689 -0.000474503 -0.020062 0.0939321 
0.00824324 -0.0161988 -0.00023302 0.000228085 -0.0161988 0.0844611 0.000227026 -0.000501717 -0.00023302 0.000227026 0.0115024 -0.0200808 0.000228085 -0.000501717 -0.0200808 0.0939889 
0.00827779 -0.0162511 -0.000224022 0.000247695 -0.0162511 0.0845403 0.000252036 -0.00056066 -0.000224022 0.000252036 0.0114739 -0.0200499 0.000247695 -0.00056066 -0.0200499 0.0939374 
0.00827674 -0.0163052 -0.000185145 0.000236929 -0.0163052 0.0846768 0.000242509 -0.000571051 -0.000185145 0.000242509 0.011464 -0.0200022 0.000236929 -0.000571051 -0.0200022 0.0938209 
0.00824091 -0.0163106 -0.000205309 0.000213257 -0.0163106 0.0847502 0.000211648 -0.000551356 -0.000205309 0.000211648 0.0114748 -0.0199825 0.000213257 -0.000551356 -0.0199825 0.0937315 
0.00817609 -0.0162558 -0.000233174 0.000242399 -0.0162558 0.0846773 0.000235324 -0.000577147 -0.000233174 0.000235324 0.0115174 -0.020006 0.000242399 -0.000577147 -0.020006 0.0937502 
0.00811124 -0.0161614 -0.000214591 0.00026534 -0.0161614 0.0844745 0.000259557 -0.000620199 -0.000214591 0.000259557 0.0115779 -0.0200703 0.00026534 -0.000620199 -0.0200703 0.0938797 
0.00805878 -0.0160719 -0.000199706 0.000236347 -0.0160719 0.0842271 0.00023016 -0.00059109 -0.000199706 0.00023016 0.0116217 -0.020142 0.000236347 -0.00059109 -0.020142 0.094047 
0.00803085 -0.0160017 -0.000160849 0.000188803 -0.0160017 0.08401 0.000186038 -0.000466084 -0.000160849 0.000186038 0.0116372 -0.0201986 0.000188803 -0.000466084 -0.0201986 0.0942105 
0.00804589 -0.0159555 -0.000103384 0.000141302 -0.0159555 0.083842 0.000143316 -0.000347428 -0.000103384 0.000143316 0.0116229 -0.0202337 0.000141302 -0.000347428 -0.0202337 0.0943517 
0.0080635 -0.0159766 -4.07104e-05 7.30017e-05 -0.0159766 0.0838159 7.52596e-05 -0.000196846 -4.07104e-05 7.52596e-05 0.0116214 -0.0202138 7.30017e-05 -0.000196846 -0.0202138 0.094368 
0.00808215 -0.0160215 -8.0712e-07 3.84756e-05 -0.0160215 0.0839155 3.82175e-05 -0.000126804 -8.0712e-07 3.82175e-05 0.0115976 -0.0201856 3.84756e-05 -0.000126804 -0.0201856 0.0942832 
0.00811179 -0.0160482 -1.73366e-05 5.11876e-07 -0.0160482 0.0840135 -5.55993e-06 -3.97337e-05 -1.73366e-05 -5.55993e-06 0.0115745 -0.0201635 5.11876e-07 -3.97337e-05 -0.0201635 0.094223 
0.00808532 -0.016085 -7.5528e-05 4.82964e-05 -0.016085 0.0841095 4.42599e-05 -0.000111463 -7.5528e-05 4.42599e-05 0.011604 -0.0201366 4.82964e-05 -0.000111463 -0.0201366 0.0941574 
0.00804532 -0.0160486 -6.54456e-05 6.50319e-05 -0.0160486 0.0840895 6.97214e-05 -0.000130132 -6.54456e-05 6.97214e-05 0.0116509 -0.0201801 6.50319e-05 -0.000130132 -0.0201801 0.0942079 
0.00802876 -0.0159889 -6.6948e-05 8.47621e-05 -0.0159889 0.0839674 9.13769e-05 -0.000210897 -6.6948e-05 9.13769e-05 0.0116993 -0.0202595 8.47621e-05 -0.000210897 -0.0202595 0.0943917 
0.00805457 -0.0159914 -6.08795e-05 7.62216e-05 -0.0159914 0.083935 8.04122e-05 -0.000213593 -6.08795e-05 8.04122e-05 0.0116792 -0.0202855 7.62216e-05 -0.000213593 -0.0202855 0.0944661 
0.0080702 -0.0160376 -6.54971e-05 5.80009e-05 -0.0160376 0.084017 6.18077e-05 -0.000165694 -6.54971e-05 6.18077e-05 0.0116557 -0.0202472 5.80009e-05 -0.000165694 -0.0202472 0.0944173 
0.0080676 -0.0160601 -3.75374e-05 2.99163e-05 -0.0160601 0.0840971 3.7057e-05 -6.65045e-05 -3.75374e-05 3.7057e-05 0.0116417 -0.0202143 2.99163e-05 -6.65045e-05 -0.0202143 0.0943299 
0.00806818 -0.0160402 -4.56308e-05 1.73585e-05 -0.0160402 0.0840823 2.66344e-05 -3.77162e-05 -4.56308e-05 2.66344e-05 0.0116369 -0.0202195 1.73585e-05 -3.77162e-05 -0.0202195 0.094333 
0.00808459 -0.0160476 -4.47129e-05 4.28973e-05 -0.0160476 0.0840845 4.92988e-05 -7.82785e-05 -4.47129e-05 4.92988e-05 0.0115988 -0.0201968 4.28973e-05 -7.82785e-05 -0.0201968 0.0942788 
0.00811552 -0.0160535 -5.67448e-05 6.134e-05 -0.0160535 0.0840821 6.02416e-05 -0.000142685 -5.67448e-05 6.02416e-05 0.0115513 -0.0201676 6.134e-05 -0.000142685 -0.0201676 0.0942362 
0.00811793 -0.0160955 -6.71846e-05 8.72128e-05 -0.0160955 0.0841519 7.98258e-05 -0.000206727 -6.71846e-05 7.98258e-05 0.0115327 -0.0200961 8.72128e-05 -0.000206727 -0.0200961 0.0940876 
0.00811669 -0.0160852 -6.01452e-05 7.99922e-05 -0.0160852 0.084158 7.41991e-05 -0.00020405 -6.01452e-05 7.41991e-05 0.0115462 -0.0200851 7.99922e-05 -0.00020405 -0.0200851 0.0940178 
0.0081417 -0.0160779 -1.6525e-05 5.09922e-05 -0.0160779 0.0841322 5.1272e-05 -0.000141318 -1.6525e-05 5.1272e-05 0.0115341 -0.0201038 5.09922e-05 -0.000141318 -0.0201038 0.0940266 
0.00816284 -0.0161039 -3.3532e-05 4.47734e-05 -0.0161039 0.0841568 4.56314e-05 -0.000158612 -3.3532e-05 4.56314e-05 0.0115359 -0.0201049 4.47734e-05 -0.000158612 -0.0201049 0.0940612 
0.00818424 -0.0161596 -7.24064e-05 5.8199e-05 -0.0161596 0.0842912 5.73526e-05 -0.000166282 -7.24064e-05 5.73526e-05 0.011513 -0.020074 5.8199e-05 -0.000166282 -0.020074 0.0939794 
0.0081662 -0.0161872 -4.37822e-05 4.73676e-05 -0.0161872 0.0843964 4.7204e-05 -9.203e-05 -4.37822e-05 4.7204e-05 0.0115275 -0.0200486 4.73676e-05 -9.203e-05 -0.0200486 0.0939119 
0.00813444 -0.0161797 -2.44437e-05 3.19528e-05 -0.0161797 0.0844393 3.16283e-05 -6.77295e-05 -2.44437e-05 3.16283e-05 0.0115351 -0.0200416 3.19528e-05 -6.77295e-05 -0.0200416 0.0938374 
0.00809448 -0.0161221 -3.43727e-05 2.43925e-05 -0.0161221 0.0843405 2.5445e-05 -6.16662e-05 -3.43727e-05 2.5445e-05 0.0115636 -0.0200719 2.43925e-05 -6.16662e-05 -0.0200719 0.0938879 
0.00812053 -0.0160538 -8.83219e-05 5.68883e-05 -0.0160538 0.0841616 6.21916e-05 -0.000135228 -8.83219e-05 6.21916e-05 0.0115462 -0.0201254 5.68883e-05 -0.000135228 -0.0201254 0.0940219 
0.00814733 -0.0160814 -9.36699e-05 0.000107679 -0.0160814 0.0841175 0.000120045 -0.000241847 -9.36699e-05 0.000120045 0.0115352 -0.020103 0.000107679 -0.000241847 -0.020103 0.0940445 
0.00819975 -0.0161128 -6.81942e-05 8.53727e-05 -0.0161128 0.0841646 9.66503e-05 -0.000226116 -6.81942e-05 9.66503e-05 0.0114952 -0.0200929 8.53727e-05 -0.000226116 -0.0200929 0.0940301 
0.0082098 -0.0161948 -4.20805e-05 4.3554e-05 -0.0161948 0.0843295 4.66887e-05 -0.000123838 -4.20805e-05 4.66887e-05 0.0114533 -0.0200239 4.3554e-05 -0.000123838 -0.0200239 0.0938913 
0.00824203 -0.016192 -6.29028e-05 3.59931e-05 -0.016192 0.0843939 3.10633e-05 -7.94408e-05 -6.29028e-05 3.10633e-05 0.0114089 -0.0200048 3.59931e-05 -7.94408e-05 -0.0200048 0.0938453 
0.00830143 -0.0162239 -0.000101209 7.84415e-05 -0.0162239 0.0844502 7.42717e-05 -0.000148195 -0.000101209 7.42717e-05 0.0113651 -0.0199549 7.84415e-05 -0.000148195 -0.0199549 0.09376 
0.00834959 -0.0163171 -0.00010013 0.000114424 -0.0163171 0.0846401 0.000111897 -0.000227755 -0.00010013 0.000111897 0.0113298 -0.0198696 0.000114424 -0.000227755 -0.0198696 0.093544 
0.00836717 -0.0163861 -0.000100093 0.000122699 -0.0163861 0.0848454 0.00011613 -0.00028432 -0.000100093 0.00011613 0.0113148 -0.0198175 0.000122699 -0.00028432 -0.0198175 0.0933579 
0.00835046 -0.0163949 -0.000119593 0.000118941 -0.0163949 0.0849324 0.000105553 -0.000278645 -0.000119593 0.000105553 0.0113443 -0.0198272 0.000118941 -0.000278645 -0.0198272 0.0933406 
0.00832174 -0.0163856 -0.000161933 0.000159995 -0.0163856 0.0849528 0.000145223 -0.000355174 -0.000161933 0.000145223 0.0113718 -0.0198509 0.000159995 -0.000355174 -0.0198509 0.0933617 
0.00831121 -0.0163494 -0.00020417 0.00020468 -0.0163494 0.0848983 0.000192289 -0.000457327 -0.00020417 0.000192289 0.0113706 -0.0198855 0.00020468 -0.000457327 -0.0198855 0.0934316 
0.00827595 -0.0163403 -0.000237178 0.000265385 -0.0163403 0.084856 0.000256149 -0.000611102 -0.000237178 0.000256149 0.0113865 -0.0198692 0.000265385 -0.000611102 -0.0198692 0.0934203 
0.00828362 -0.0162929 -0.000270121 0.000303142 -0.0162929 0.0847627 0.000296889 -0.000732121 -0.000270121 0.000296889 0.0113608 -0.019886 0.000303142 -0.000732121 -0.019886 0.093431 
