0.00848191 0 -0.00108232 0 0 0.01 0 0 -0.00108232 0 0.00614465 0 0 0 0 0.01 
0.0117355 -0.0145467 -0.00135265 0.0016478 -0.0145467 0.0370666 0.0016478 -0.00315973 -0.00135265 0.0016478 0.00888727 -0.0110646 0.0016478 -0.00315973 -0.0110646 0.0303897 
0.0115983 -0.0212995 -0.00127089 0.00193421 -0.0212995 0.0771617 0.00193421 -0.00604382 -0.00127089 0.00193421 0.00914023 -0.0174823 0.00193421 -0.00604382 -0.0174823 0.0651757 
0.0109652 -0.0204055 -0.00124068 0.0014313 -0.0204055 0.0895722 0.00141833 -0.00452263 -0.00124068 0.00141833 0.0086274 -0.0177054 0.0014313 -0.00452263 -0.0177054 0.0808905 
0.0110439 -0.019697 -0.00131024 0.00137586 -0.019697 0.091688 0.00135224 -0.00349144 -0.00131024 0.00135224 0.00849897 -0.016995 0.00137586 -0.00349144 -0.016995 0.0848999 
0.0113168 -0.0197762 -0.00135359 0.00152956 -0.0197762 0.0927148 0.00150981 -0.00361398 -0.00135359 0.00150981 0.0086057 -0.0167534 0.00152956 -0.00361398 -0.0167534 0.0857426 
0.011432 -0.0199642 -0.00133069 0.00151266 -0.0199642 0.0934439 0.00150449 -0.00366943 -0.00133069 0.00150449 0.00865696 -0.0167932 0.00151266 -0.00366943 -0.0167932 0.0859867 
0.0114503 -0.0200548 -0.00129975 0.00146194 -0.0200548 0.093896 0.00146599 -0.00358473 -0.00129975 0.00146599 0.00867061 -0.0167742 0.00146194 -0.00358473 -0.0167742 0.0859771 
0.0114368 -0.0200237 -0.00127121 0.0014326 -0.0200237 0.0939406 0.00144024 -0.00349538 -0.00127121 0.00144024 0.00869337 -0.0167856 0.0014326 -0.00349538 -0.0167856 0.085959 
0.0114016 -0.019987 -0.00124027 0.00143151 -0.019987 0.0938412 0.00143283 -0.00347992 -0.00124027 0.00143283 0.00873806 -0.0168265 0.00143151 -0.00347992 -0.0168265 0.0860291 
0.0113351 -0.0199601 -0.00123615 0.00140806 -0.0199601 0.0937696 0.00139897 -0.0034394 -0.00123615 0.00139897 0.00880838 -0.0168807 0.00140806 -0.0034394 -0.0168807 0.0861473 
0.01135 -0.0199075 -0.00121547 0.00140303 -0.0199075 0.0936908 0.00138304 -0.00339295 -0.00121547 0.00138304 0.00880717 -0.016957 0.00140303 -0.00339295 -0.016957 0.0863158 
0.0113616 -0.0199428 -0.00120963 0.0013859 -0.0199428 0.0937302 0.00136628 -0.00335988 -0.00120963 0.00136628 0.00880599 -0.0169555 0.0013859 -0.00335988 -0.0169555 0.0863959 
0.0113781 -0.019945 -0.00118613 0.00136588 -0.019945 0.0937512 0.00135754 -0.00331306 -0.00118613 0.00135754 0.0087806 -0.0169656 0.00136588 -0.00331306 -0.0169656 0.0864402 
0.0113763 -0.0199704 -0.00115942 0.00131895 -0.0199704 0.0938072 0.00132143 -0.00321699 -0.00115942 0.00132143 0.00877514 -0.0169289 0.00131895 -0.00321699 -0.0169289 0.0863954 
0.0113199 -0.0199516 -0.00117068 0.00130637 -0.0199516 0.0937811 0.00130761 -0.00317844 -0.00117068 0.00130761 0.00884052 -0.0169406 0.00130637 -0.00317844 -0.0169406 0.0864145 
0.0112871 -0.0198723 -0.00116757 0.00131566 -0.0198723 0.0936198 0.00130448 -0.0031609 -0.00116757 0.00130448 0.00885592 -0.0170169 0.00131566 -0.0031609 -0.0170169 0.0865391 
0.0112604 -0.019832 -0.00115677 0.00130802 -0.019832 0.0934814 0.00129585 -0.0031407 -0.00115677 0.00129585 0.00884241 -0.0170331 0.00130802 -0.0031407 -0.0170331 0.0866261 
0.0112488 -0.0197943 -0.0011517 0.00129858 -0.0197943 0.0933716 0.00129579 -0.0031302 -0.0011517 0.00129579 0.00882773 -0.0170233 0.00129858 -0.0031302 -0.0170233 0.0866463 
0.0112488 -0.0197715 -0.00114037 0.00127186 -0.0197715 0.0932818 0.00127803 -0.00307083 -0.00114037 0.00127803 0.00879578 -0.0169987 0.00127186 -0.00307083 -0.0169987 0.086597 
0.011215 -0.0197616 -0.00115407 0.0012858 -0.0197616 0.0932234 0.00129452 -0.00310299 -0.00115407 0.00129452 0.00881541 -0.0169708 0.0012858 -0.00310299 -0.0169708 0.086548 
0.0111938 -0.019754 -0.00119147 0.00132643 -0.019754 0.0932382 0.00133222 -0.00320716 -0.00119147 0.00133222 0.00885536 -0.016965 0.00132643 -0.00320716 -0.016965 0.0864838 
0.0111923 -0.0197343 -0.0012005 0.0013731 -0.0197343 0.0932159 0.00137065 -0.00331342 -0.0012005 0.00137065 0.00889083 -0.0170121 0.0013731 -0.00331342 -0.0170121 0.0865341 
0.0111976 -0.0197064 -0.00118622 0.00136748 -0.0197064 0.0931233 0.00136055 -0.00332741 -0.00118622 0.00136055 0.00889399 -0.0170701 0.00136748 -0.00332741 -0.0170701 0.0866677 
0.0112072 -0.0197291 -0.00113988 0.00133922 -0.0197291 0.0931452 0.00133357 -0.00327436 -0.00113988 0.00133357 0.0088816 -0.0170617 0.00133922 -0.00327436 -0.0170617 0.0866953 
0.0112138 -0.0197464 -0.0010756 0.00127286 -0.0197464 0.0931971 0.00127699 -0.00314876 -0.0010756 0.00127699 0.00884945 -0.0170412 0.00127286 -0.00314876 -0.0170412 0.0866571 
0.0112134 -0.0197753 -0.00106976 0.00121827 -0.0197753 0.093301 0.00123025 -0.00304258 -0.00106976 0.00123025 0.00884567 -0.0170023 0.00121827 -0.00304258 -0.0170023 0.0865838 
0.0112428 -0.0197831 -0.00109105 0.00120366 -0.0197831 0.0933659 0.00121511 -0.00296338 -0.00109105 0.00121511 0.00881465 -0.0169896 0.00120366 -0.00296338 -0.0169896 0.0865214 
0.0112396 -0.0198069 -0.00114301 0.00123846 -0.0198069 0.0934133 0.00124675 -0.00299237 -0.00114301 0.00124675 0.00882666 -0.016972 0.00123846 -0.00299237 -0.016972 0.0865006 
0.0111651 -0.0198052 -0.00116812 0.00128243 -0.0198052 0.0934362 0.00128477 -0.00305153 -0.00116812 0.00128477 0.00888913 -0.0169742 0.00128243 -0.00305153 -0.0169742 0.0864747 
0.0111339 -0.0197067 -0.00117995 0.00134494 -0.0197067 0.0932828 0.00134035 -0.00320324 -0.00117995 0.00134035 0.00894673 -0.0170712 0.00134494 -0.00320324 -0.0170712 0.0866473 
0.0110982 -0.0196396 -0.00116949 0.00131803 -0.0196396 0.0930515 0.00131217 -0.00318028 -0.00116949 0.00131217 0.00894923 -0.0171335 0.00131803 -0.00318028 -0.0171335 0.0868093 
0.0110717 -0.0195819 -0.00115662 0.00131362 -0.0195819 0.0928565 0.0013076 -0.00316181 -0.00115662 0.0013076 0.00894745 -0.0171501 0.00131362 -0.00316181 -0.0171501 0.0869153 
0.0110807 -0.019576 -0.00116558 0.00131289 -0.019576 0.0928066 0.00130738 -0.00317248 -0.00116558 0.00130738 0.00893171 -0.0171183 0.00131289 -0.00317248 -0.0171183 0.0868653 
0.0110753 -0.0195873 -0.00117288 0.00132752 -0.0195873 0.0928089 0.00132359 -0.00320337 -0.00117288 0.00132359 0.00894335 -0.0170936 0.00132752 -0.00320337 -0.0170936 0.0867904 
0.0110655 -0.019579 -0.00119494 0.0013556 -0.019579 0.0927997 0.00135575 -0.00329059 -0.00119494 0.00135575 0.0089795 -0.0171142 0.0013556 -0.00329059 -0.0171142 0.0867977 
0.0110209 -0.0195509 -0.00121298 0.00135224 -0.0195509 0.0927251 0.00135859 -0.00329431 -0.00121298 0.00135859 0.00900816 -0.0171662 0.00135224 -0.00329431 -0.0171662 0.0868929 
0.011019 -0.0195317 -0.0012256 0.00138708 -0.0195317 0.0927123 0.00139566 -0.00337041 -0.0012256 0.00139566 0.00899934 -0.017171 0.00138708 -0.00337041 -0.017171 0.0869113 
0.0110791 -0.0195644 -0.00122362 0.00139502 -0.0195644 0.0928039 0.00140696 -0.00341186 -0.00122362 0.00140696 0.00894732 -0.0171318 0.00139502 -0.00341186 -0.0171318 0.0868212 
0.0111168 -0.0196294 -0.00120848 0.00138295 -0.0196294 0.0929371 0.00139888 -0.00340089 -0.00120848 0.00139888 0.00892889 -0.0170736 0.00138295 -0.00340089 -0.0170736 0.0866947 
0.0111257 -0.0196643 -0.00122777 0.00140102 -0.0196643 0.093042 0.00141363 -0.00345787 -0.00122777 0.00141363 0.0089704 -0.0170848 0.00140102 -0.00345787 -0.0170848 0.0867007 
0.0111355 -0.0196308 -0.00123423 0.00139145 -0.0196308 0.0929637 0.00139666 -0.00342109 -0.00123423 0.00139666 0.00894693 -0.0171584 0.00139145 -0.00342109 -0.0171584 0.0868421 
0.0111735 -0.0196627 -0.00120876 0.0013804 -0.0196627 0.0930009 0.00138086 -0.00335813 -0.00120876 0.00138086 0.00888453 -0.0171176 0.0013804 -0.00335813 -0.0171176 0.0868399 
0.0111987 -0.0197393 -0.00118502 0.00135573 -0.0197393 0.0931826 0.00135376 -0.00330033 -0.00118502 0.00135376 0.00885461 -0.0170155 0.00135573 -0.00330033 -0.0170155 0.086637 
0.0112514 -0.0197844 -0.00116082 0.00134052 -0.0197844 0.0933486 0.00133155 -0.00326074 -0.00116082 0.00133155 0.00879994 -0.016961 0.00134052 -0.00326074 -0.016961 0.0864377 
0.0112913 -0.0198107 -0.00112787 0.00132365 -0.0198107 0.0933994 0.00131149 -0.00322895 -0.00112787 0.00131149 0.00874687 -0.0169284 0.00132365 -0.00322895 -0.0169284 0.0863542 
0.0113225 -0.0198312 -0.0011377 0.0012781 -0.0198312 0.0934156 0.00126852 -0.00314377 -0.0011377 0.00126852 0.00867795 -0.0168799 0.0012781 -0.00314377 -0.0168799 0.086263 
0.0113552 -0.0198853 -0.00115261 0.00129168 -0.0198853 0.0935319 0.0012872 -0.00312595 -0.00115261 0.0012872 0.00863925 -0.0167935 0.00129168 -0.00312595 -0.0167935 0.0860962 
0.0113685 -0.0199215 -0.00117588 0.00133611 -0.0199215 0.0936317 0.00133408 -0.00323355 -0.00117588 0.00133408 0.0086235 -0.016748 0.00133611 -0.00323355 -0.016748 0.0859528 
0.0113698 -0.0199444 -0.00116793 0.00135279 -0.0199444 0.0937129 0.00135245 -0.00329378 -0.00116793 0.00135245 0.00862896 -0.0167202 0.00135279 -0.00329378 -0.0167202 0.0858471 
0.0113242 -0.0199171 -0.0011752 0.00134334 -0.0199171 0.0936626 0.00134455 -0.0033052 -0.0011752 0.00134455 0.0086695 -0.0167471 0.00134334 -0.0033052 -0.0167471 0.0858716 
0.0113046 -0.0198764 -0.00116316 0.00133379 -0.0198764 0.0935921 0.00133359 -0.00326269 -0.00116316 0.00133359 0.00869742 -0.0167852 0.00133379 -0.00326269 -0.0167852 0.0859359 
0.0112885 -0.0198488 -0.00111982 0.00129621 -0.0198488 0.0935027 0.0012906 -0.00316142 -0.00111982 0.0012906 0.00869603 -0.0167992 0.00129621 -0.00316142 -0.0167992 0.0859606 
0.0112716 -0.0198404 -0.0011166 0.00127967 -0.0198404 0.0934746 0.00127244 -0.00312947 -0.0011166 0.00127244 0.00871032 -0.0168042 0.00127967 -0.00312947 -0.0168042 0.0859909 
0.0112397 -0.019808 -0.00111732 0.00127131 -0.019808 0.0934007 0.00126669 -0.00310151 -0.00111732 0.00126669 0.00872567 -0.0168265 0.00127131 -0.00310151 -0.0168265 0.086035 
0.0112059 -0.0197856 -0.0010874 0.0012557 -0.0197856 0.0933582 0.00125397 -0.00305243 -0.0010874 0.00125397 0.00874207 -0.0168257 0.0012557 -0.00305243 -0.0168257 0.0860303 
0.0112051 -0.0197741 -0.00106438 0.00120566 -0.0197741 0.0933597 0.00120872 -0.00295189 -0.00106438 0.00120872 0.00873732 -0.0168089 0.00120566 -0.00295189 -0.0168089 0.0859572 
0.0111845 -0.0197458 -0.0010715 0.00119766 -0.0197458 0.0932833 0.00120473 -0.00291766 -0.0010715 0.00120473 0.00877728 -0.0168386 0.00119766 -0.00291766 -0.0168386 0.0860204 
0.011145 -0.0196984 -0.00107754 0.00121712 -0.0196984 0.0931462 0.00122106 -0.00294719 -0.00107754 0.00122106 0.00882651 -0.0169095 0.00121712 -0.00294719 -0.0169095 0.0861851 
0.0110962 -0.0196432 -0.00107649 0.00120812 -0.0196432 0.0929941 0.00120427 -0.00292249 -0.00107649 0.00120427 0.00885808 -0.0169745 0.00120812 -0.00292249 -0.0169745 0.0863638 
0.0110728 -0.0195792 -0.00105495 0.00120648 -0.0195792 0.092826 0.00119653 -0.00289981 -0.00105495 0.00119653 0.00883017 -0.0170142 0.00120648 -0.00289981 -0.0170142 0.0865012 
0.0110612 -0.0195538 -0.00105184 0.00119641 -0.0195538 0.09273 0.00119041 -0.0028971 -0.00105184 0.00119041 0.0088085 -0.0169785 0.00119641 -0.0028971 -0.0169785 0.0864982 
0.0110498 -0.0195524 -0.00103971 0.00119575 -0.0195524 0.0927133 0.00119392 -0.00290306 -0.00103971 0.00119392 0.00879385 -0.0169251 0.00119575 -0.00290306 -0.0169251 0.0863638 
0.0111098 -0.0195587 -0.00101155 0.00119254 -0.0195587 0.092747 0.00119468 -0.0029199 -0.00101155 0.00119468 0.0087278 -0.0168893 0.00119254 -0.0029199 -0.0168893 0.0862309 
0.0111572 -0.0196265 -0.00098656 0.00113618 -0.0196265 0.0928549 0.00114382 -0.00282094 -0.00098656 0.00114382 0.00868207 -0.0168012 0.00113618 -0.00282094 -0.0168012 0.0860346 
0.0111706 -0.0196507 -0.000976711 0.00109714 -0.0196507 0.0929024 0.00110723 -0.00270696 -0.000976711 0.00110723 0.00865262 -0.0167676 0.00109714 -0.00270696 -0.0167676 0.0859184 
0.0111474 -0.0196601 -0.000977664 0.00110319 -0.0196601 0.0929266 0.00110894 -0.00268295 -0.000977664 0.00110894 0.00866734 -0.0167484 0.00110319 -0.00268295 -0.0167484 0.0858738 
0.011116 -0.0196592 -0.000998493 0.00113581 -0.0196592 0.0929721 0.00113365 -0.00275581 -0.000998493 0.00113365 0.00871689 -0.0167517 0.00113581 -0.00275581 -0.0167517 0.0858488 
0.0110586 -0.0196202 -0.00103169 0.00117107 -0.0196202 0.0929227 0.00116792 -0.00285239 -0.00103169 0.00116792 0.00880362 -0.0168152 0.00117107 -0.00285239 -0.0168152 0.0859465 
0.011014 -0.0195569 -0.00101217 0.00116521 -0.0195569 0.0928016 0.00116175 -0.00283043 -0.00101217 0.00116175 0.00884668 -0.0169066 0.00116521 -0.00283043 -0.0169066 0.0861168 
0.0110307 -0.0195096 -0.0010175 0.00117126 -0.0195096 0.0926891 0.00116605 -0.0028613 -0.0010175 0.00116605 0.00883813 -0.016973 0.00117126 -0.0028613 -0.016973 0.0863218 
0.0110608 -0.0195205 -0.000998971 0.00115005 -0.0195205 0.092645 0.00114325 -0.00280597 -0.000998971 0.00114325 0.00880079 -0.0169582 0.00115005 -0.00280597 -0.0169582 0.0863669 
0.0110566 -0.0195333 -0.00102551 0.00115336 -0.0195333 0.0926327 0.00114803 -0.0028168 -0.00102551 0.00114803 0.00880136 -0.0169385 0.00115336 -0.0028168 -0.0169385 0.0863704 
0.0110861 -0.019547 -0.000987496 0.00113515 -0.019547 0.0926759 0.00113384 -0.00273984 -0.000987496 0.00113384 0.00875309 -0.0169078 0.00113515 -0.00273984 -0.0169078 0.0862745 
0.011071 -0.0195666 -0.000959907 0.00110027 -0.0195666 0.0927015 0.00110549 -0.00267904 -0.000959907 0.00110549 0.00873709 -0.0168667 0.00110027 -0.00267904 -0.0168667 0.086196 
0.0110026 -0.0195456 -0.000984963 0.00111107 -0.0195456 0.0926857 0.00111974 -0.00272041 -0.000984963 0.00111974 0.00879577 -0.016858 0.00111107 -0.00272041 -0.016858 0.086165 
0.0109522 -0.0194837 -0.00100548 0.00113656 -0.0194837 0.0926047 0.00114024 -0.00276347 -0.00100548 0.00114024 0.00886567 -0.0169093 0.00113656 -0.00276347 -0.0169093 0.0862115 
0.0108756 -0.019409 -0.00104252 0.00115536 -0.019409 0.0924244 0.00115028 -0.00279702 -0.00104252 0.00115028 0.00895296 -0.0169966 0.00115536 -0.00279702 -0.0169966 0.0863792 
0.0108624 -0.0193138 -0.00106856 0.00121092 -0.0193138 0.0921979 0.00119345 -0.00289271 -0.00106856 0.00119345 0.00898149 -0.0171064 0.00121092 -0.00289271 -0.0171064 0.0866263 
0.0108567 -0.0193063 -0.0010897 0.00124975 -0.0193063 0.0921013 0.00123336 -0.00300849 -0.0010897 0.00123336 0.00900066 -0.017135 0.00124975 -0.00300849 -0.017135 0.0867673 
0.0108677 -0.0192996 -0.00107933 0.00126103 -0.0192996 0.0920689 0.00125363 -0.00306554 -0.00107933 0.00125363 0.00899171 -0.0171562 0.00126103 -0.00306554 -0.0171562 0.0868357 
0.0109098 -0.0193153 -0.00104042 0.00119639 -0.0193153 0.0920817 0.00120044 -0.00294359 -0.00104042 0.00120044 0.00893199 -0.0171265 0.00119639 -0.00294359 -0.0171265 0.0867855 
0.0109643 -0.0193875 -0.000987617 0.00115209 -0.0193875 0.0922303 0.00116293 -0.00283005 -0.000987617 0.00116293 0.00887654 -0.0170373 0.00115209 -0.00283005 -0.0170373 0.086603 
0.010923 -0.0194479 -0.000965142 0.00109476 -0.0194479 0.0923828 0.00110727 -0.00271054 -0.000965142 0.00110727 0.00891345 -0.0169689 0.00109476 -0.00271054 -0.0169689 0.0864076 
0.0108701 -0.0193928 -0.000958774 0.00106938 -0.0193928 0.0923549 0.00107797 -0.0026154 -0.000958774 0.00107797 0.00894651 -0.0170178 0.00106938 -0.0026154 -0.0170178 0.08641 
0.0108401 -0.0193277 -0.000967212 0.00106874 -0.0193277 0.0922266 0.00107777 -0.00258757 -0.000967212 0.00107777 0.00895902 -0.0170667 0.00106874 -0.00258757 -0.0170667 0.086521 
0.0108195 -0.0192718 -0.000983304 0.00110327 -0.0192718 0.0920634 0.00111173 -0.00265845 -0.000983304 0.00111173 0.00896641 -0.0171089 0.00110327 -0.00265845 -0.0171089 0.0866717 
0.0108011 -0.0192454 -0.00100185 0.00114201 -0.0192454 0.0919642 0.00114938 -0.00276956 -0.00100185 0.00114938 0.00899495 -0.0171255 0.00114201 -0.00276956 -0.0171255 0.0867655 
0.0107441 -0.0192293 -0.00101418 0.00115135 -0.0192293 0.0919113 0.00115411 -0.00280941 -0.00101418 0.00115411 0.00905956 -0.0171438 0.00115135 -0.00280941 -0.0171438 0.0868029 
0.0107204 -0.0191563 -0.00104479 0.0011923 -0.0191563 0.0917749 0.00118633 -0.00290256 -0.00104479 0.00118633 0.00909712 -0.0172315 0.0011923 -0.00290256 -0.0172315 0.0869642 
0.0106661 -0.0191345 -0.00103888 0.00118922 -0.0191345 0.0916833 0.0011832 -0.00289067 -0.00103888 0.0011832 0.00915399 -0.0172605 0.00118922 -0.00289067 -0.0172605 0.0870608 
0.0106071 -0.0190886 -0.0010272 0.00116848 -0.0190886 0.0916114 0.0011707 -0.00284704 -0.0010272 0.0011707 0.00921034 -0.0173146 0.00116848 -0.00284704 -0.0173146 0.0871589 
0.0105645 -0.0190164 -0.00102255 0.00116478 -0.0190164 0.0914625 0.00117166 -0.00284499 -0.00102255 0.00117166 0.00924084 -0.0173777 0.00116478 -0.00284499 -0.0173777 0.0872915 
0.0105482 -0.0189481 -0.0010063 0.00114946 -0.0189481 0.0912701 0.00116082 -0.00281731 -0.0010063 0.00116082 0.00922594 -0.017416 0.00114946 -0.00281731 -0.017416 0.087405 
0.0105091 -0.0189383 -0.000997589 0.00112138 -0.0189383 0.0911946 0.00113846 -0.00275875 -0.000997589 0.00113846 0.00924446 -0.0173873 0.00112138 -0.00275875 -0.0173873 0.08739 
0.0104955 -0.0188744 -0.00100376 0.00112546 -0.0188744 0.0910546 0.00113734 -0.0027468 -0.00100376 0.00113734 0.00924527 -0.0174229 0.00112546 -0.0027468 -0.0174229 0.0874439 
0.0105116 -0.0188645 -0.00098773 0.00113358 -0.0188645 0.090981 0.00113194 -0.00274074 -0.00098773 0.00113194 0.00922829 -0.0174112 0.00113358 -0.00274074 -0.0174112 0.0874394 
0.0105394 -0.0188894 -0.000937873 0.00109139 -0.0188894 0.0910014 0.00107669 -0.00263195 -0.000937873 0.00107669 0.00919646 -0.0173744 0.00109139 -0.00263195 -0.0173744 0.087354 
0.0105922 -0.0189321 -0.000901133 0.00102188 -0.0189321 0.0910924 0.00100567 -0.0024662 -0.000901133 0.00100567 0.00912329 -0.0173178 0.00102188 -0.0024662 -0.0173178 0.0872022 
0.0105908 -0.0189806 -0.000892333 0.00101308 -0.0189806 0.091192 0.00100405 -0.00242983 -0.000892333 0.00100405 0.00911336 -0.0172535 0.00101308 -0.00242983 -0.0172535 0.0870714 
0.0106035 -0.0190098 -0.000860277 0.000995494 -0.0190098 0.0913216 0.000990161 -0.00239339 -0.000860277 0.000990161 0.00911364 -0.0172068 0.000995494 -0.00239339 -0.0172068 0.0868986 
0.0106143 -0.0190123 -0.000853939 0.000993242 -0.0190123 0.0913554 0.000992387 -0.00242514 -0.000853939 0.000992387 0.00912948 -0.017232 0.000993242 -0.00242514 -0.017232 0.0869092 
0.0106082 -0.0190254 -0.000844408 0.000959001 -0.0190254 0.0913837 0.00096079 -0.00235609 -0.000844408 0.00096079 0.00913905 -0.0172561 0.000959001 -0.00235609 -0.0172561 0.0869664 
0.0105493 -0.0190054 -0.000863931 0.000959986 -0.0190054 0.0913512 0.0009565 -0.0023351 -0.000863931 0.0009565 0.0091826 -0.0172878 0.000959986 -0.0023351 -0.0172878 0.0870673 
0.0104744 -0.018917 -0.00092082 0.00100304 -0.018917 0.0911813 0.000993363 -0.00240864 -0.00092082 0.000993363 0.00923822 -0.017359 0.00100304 -0.00240864 -0.017359 0.0872427 
0.0104042 -0.0188424 -0.000934216 0.00104862 -0.0188424 0.0910088 0.00103952 -0.00248598 -0.000934216 0.00103952 0.00930423 -0.0174053 0.00104862 -0.00248598 -0.0174053 0.0873652 
0.0103758 -0.0187427 -0.000932646 0.00107053 -0.0187427 0.0907616 0.00106671 -0.00257424 -0.000932646 0.00106671 0.00930925 -0.0174843 0.00107053 -0.00257424 -0.0174843 0.0875286 
0.0103444 -0.0187021 -0.000906376 0.0010497 -0.0187021 0.0905854 0.00105081 -0.00255958 -0.000906376 0.00105081 0.00930764 -0.0174853 0.0010497 -0.00255958 -0.0174853 0.0875939 
0.0103693 -0.0186623 -0.000870765 0.0010067 -0.0186623 0.0904588 0.00100453 -0.00246415 -0.000870765 0.00100453 0.00924316 -0.0174669 0.0010067 -0.00246415 -0.0174669 0.0875584 
0.0104237 -0.0187005 -0.000846798 0.000966791 -0.0187005 0.0904837 0.000967602 -0.00236445 -0.000846798 0.000967602 0.00917135 -0.0173773 0.000966791 -0.00236445 -0.0173773 0.0873862 
0.0104026 -0.0187738 -0.000845222 0.00094135 -0.0187738 0.0906291 0.000950226 -0.00229988 -0.000845222 0.000950226 0.00918658 -0.0172763 0.00094135 -0.00229988 -0.0172763 0.0871284 
0.0103712 -0.01874 -0.000856257 0.000938214 -0.01874 0.0906351 0.00095086 -0.00227326 -0.000856257 0.00095086 0.00920036 -0.017297 0.000938214 -0.00227326 -0.017297 0.087053 
0.0104056 -0.0186927 -0.000885498 0.000998341 -0.0186927 0.0905406 0.00100885 -0.00240986 -0.000885498 0.00100885 0.0091669 -0.017333 0.000998341 -0.00240986 -0.017333 0.0871285 
0.0104185 -0.0187443 -0.000892159 0.00105556 -0.0187443 0.0905925 0.00106424 -0.00258015 -0.000892159 0.00106424 0.00918617 -0.0172939 0.00105556 -0.00258015 -0.0172939 0.0871089 
0.0104244 -0.0187909 -0.000851004 0.00101734 -0.0187909 0.0907404 0.00102753 -0.00253842 -0.000851004 0.00102753 0.00921655 -0.0172884 0.00101734 -0.00253842 -0.0172884 0.0870418 
0.0104254 -0.018785 -0.000824958 0.000926506 -0.018785 0.0907657 0.000933627 -0.00232277 -0.000824958 0.000933627 0.00921102 -0.0173307 0.000926506 -0.00232277 -0.0173307 0.0870879 
0.0104367 -0.018777 -0.000834002 0.000914935 -0.018777 0.0907476 0.000914393 -0.00222252 -0.000834002 0.000914393 0.00917353 -0.0173421 0.000914935 -0.00222252 -0.0173421 0.0871601 
0.0103773 -0.0187899 -0.000852734 0.000943822 -0.0187899 0.0907646 0.000939429 -0.00224694 -0.000852734 0.000939429 0.00922033 -0.0173055 0.000943822 -0.00224694 -0.0173055 0.0871434 
0.0104292 -0.018742 -0.000850055 0.000984873 -0.018742 0.0907355 0.00097124 -0.00233629 -0.000850055 0.00097124 0.00917549 -0.0173399 0.000984873 -0.00233629 -0.0173399 0.0871527 
0.0104897 -0.018783 -0.000854278 0.000999545 -0.018783 0.0907403 0.000979923 -0.00241517 -0.000854278 0.000979923 0.00912821 -0.0172995 0.000999545 -0.00241517 -0.0172995 0.0871227 
0.0105212 -0.0188552 -0.000864697 0.00101312 -0.0188552 0.0908673 0.000999259 -0.00247887 -0.000864697 0.000999259 0.00911161 -0.0172451 0.00101312 -0.00247887 -0.0172451 0.0870149 
0.0105085 -0.0188928 -0.000878757 0.000998136 -0.0188928 0.0909847 0.000993425 -0.00245885 -0.000878757 0.000993425 0.00913164 -0.0172266 0.000998136 -0.00245885 -0.0172266 0.086937 
0.010497 -0.018898 -0.000906269 0.00101455 -0.018898 0.0910636 0.00101555 -0.00248137 -0.000906269 0.00101555 0.00915813 -0.0172402 0.00101455 -0.00248137 -0.0172402 0.0869239 
0.0104625 -0.0188694 -0.00090967 0.00104577 -0.0188694 0.0910238 0.00104852 -0.00253882 -0.00090967 0.00104852 0.00921884 -0.0172929 0.00104577 -0.00253882 -0.0172929 0.0870329 
0.0104377 -0.0188229 -0.000862932 0.00100799 -0.0188229 0.0909129 0.00100716 -0.00245912 -0.000862932 0.00100716 0.00922438 -0.0173535 0.00100799 -0.00245912 -0.0173535 0.0871575 
0.0104385 -0.018783 -0.000848599 0.000981492 -0.018783 0.0907944 0.000983377 -0.00242137 -0.000848599 0.000983377 0.00919094 -0.0173752 0.000981492 -0.00242137 -0.0173752 0.0872647 
0.0104701 -0.0188261 -0.000826213 0.000928991 -0.0188261 0.0908752 0.000937353 -0.00228694 -0.000826213 0.000937353 0.00914031 -0.0172911 0.000928991 -0.00228694 -0.0172911 0.0871198 
0.0104694 -0.01885 -0.000838586 0.000935588 -0.01885 0.090935 0.00094543 -0.00228359 -0.000838586 0.00094543 0.00913457 -0.0172391 0.000935588 -0.00228359 -0.0172391 0.0869768 
0.0104731 -0.0188321 -0.000848966 0.000934048 -0.0188321 0.0909059 0.000941032 -0.0022635 -0.000848966 0.000941032 0.00911296 -0.017232 0.000934048 -0.0022635 -0.017232 0.0869034 
0.0104378 -0.0188416 -0.000817547 0.000959554 -0.0188416 0.0909124 0.000963895 -0.00230323 -0.000817547 0.000963895 0.00916177 -0.0172101 0.000959554 -0.00230323 -0.0172101 0.0868608 
0.0104397 -0.0187805 -0.000786207 0.000935134 -0.0187805 0.0907974 0.000937751 -0.00230533 -0.000786207 0.000937751 0.00915561 -0.0172811 0.000935134 -0.00230533 -0.0172811 0.0869602 
0.0104868 -0.0187818 -0.000766551 0.0009029 -0.0187818 0.0907408 0.000904693 -0.00225413 -0.000766551 0.000904693 0.00910089 -0.0172779 0.0009029 -0.00225413 -0.0172779 0.0870197 
0.0105463 -0.0188616 -0.000737544 0.000850497 -0.0188616 0.0908784 0.000856235 -0.00211818 -0.000737544 0.000856235 0.00903946 -0.0171896 0.000850497 -0.00211818 -0.0171896 0.0868729 
0.0105986 -0.0189276 -0.000736017 0.000830139 -0.0189276 0.0910408 0.000835721 -0.00205058 -0.000736017 0.000835721 0.0089838 -0.017119 0.000830139 -0.00205058 -0.017119 0.0866943 
0.010619 -0.0189959 -0.000722899 0.000822266 -0.0189959 0.0912168 0.0008204 -0.00199591 -0.000722899 0.0008204 0.00894428 -0.0170468 0.000822266 -0.00199591 -0.0170468 0.0865058 
0.0105925 -0.0190051 -0.000732445 0.000839922 -0.0190051 0.0912901 0.000834566 -0.00203429 -0.000732445 0.000834566 0.00896163 -0.0170243 0.000839922 -0.00203429 -0.0170243 0.0864301 
0.0105818 -0.0189636 -0.000767503 0.000876967 -0.0189636 0.0912371 0.000868348 -0.00213338 -0.000767503 0.000868348 0.00897139 -0.0170507 0.000876967 -0.00213338 -0.0170507 0.0864525 
0.0106058 -0.0189514 -0.000773753 0.000886014 -0.0189514 0.0911824 0.000873198 -0.00214372 -0.000773753 0.000873198 0.0089479 -0.0170494 0.000886014 -0.00214372 -0.0170494 0.0864518 
0.0106328 -0.019004 -0.000782888 0.000882443 -0.019004 0.0912724 0.000871799 -0.00213098 -0.000782888 0.000871799 0.00893889 -0.0170006 0.000882443 -0.00213098 -0.0170006 0.0863548 
0.0106623 -0.0190315 -0.000809795 0.00090869 -0.0190315 0.0913495 0.000902297 -0.00218883 -0.000809795 0.000902297 0.00892701 -0.0169963 0.00090869 -0.00218883 -0.0169963 0.086308 
0.0106962 -0.019068 -0.000800135 0.000898949 -0.019068 0.0914328 0.000898932 -0.00215977 -0.000800135 0.000898932 0.00889437 -0.016978 0.000898949 -0.00215977 -0.016978 0.0862585 
0.0106868 -0.0190941 -0.00080629 0.000905765 -0.0190941 0.0914915 0.000915715 -0.00219151 -0.00080629 0.000915715 0.00890729 -0.0169643 0.000905765 -0.00219151 -0.0169643 0.0862514 
0.0107003 -0.0190669 -0.000824336 0.000934717 -0.0190669 0.0914513 0.000952271 -0.00228597 -0.000824336 0.000952271 0.00889798 -0.0169981 0.000934717 -0.00228597 -0.0169981 0.0863202 
0.0106822 -0.0190763 -0.000836841 0.0009546 -0.0190763 0.0914308 0.000972725 -0.00235464 -0.000836841 0.000972725 0.00892499 -0.0169931 0.0009546 -0.00235464 -0.0169931 0.0863578 
0.0106789 -0.0190766 -0.000805544 0.00093357 -0.0190766 0.0914516 0.000947051 -0.0023044 -0.000805544 0.000947051 0.00892287 -0.0169953 0.00093357 -0.0023044 -0.0169953 0.0863314 
0.0107189 -0.0190597 -0.000804246 0.000938906 -0.0190597 0.0914216 0.0009463 -0.0023279 -0.000804246 0.0009463 0.00889426 -0.0170212 0.000938906 -0.0023279 -0.0170212 0.086403 
0.0107421 -0.0190969 -0.000783693 0.000924446 -0.0190969 0.0914478 0.000925259 -0.00229082 -0.000783693 0.000925259 0.00887636 -0.0169947 0.000924446 -0.00229082 -0.0169947 0.0863999 
0.010711 -0.0191398 -0.000786393 0.000878357 -0.0191398 0.0915518 0.000874745 -0.0021761 -0.000786393 0.000874745 0.00887777 -0.0169543 0.000878357 -0.0021761 -0.0169543 0.0863027 
0.0106924 -0.0191351 -0.000776998 0.000904863 -0.0191351 0.0916365 0.000897205 -0.00218782 -0.000776998 0.000897205 0.00888976 -0.0169335 0.000904863 -0.00218782 -0.0169335 0.086208 
0.0106663 -0.0190925 -0.000774741 0.000918085 -0.0190925 0.0915704 0.000906258 -0.00224386 -0.000774741 0.000906258 0.00891774 -0.0169639 0.000918085 -0.00224386 -0.0169639 0.0862391 
