0.00669671 0 -0.00135205 0 0 0.01 0 0 -0.00135205 0 0.00799371 0 0 0 0 0.01 
0.00955947 -0.0118841 -0.00167627 0.00204237 -0.0118841 0.0319608 0.00204237 -0.00391638 -0.00167627 0.00204237 0.0111434 -0.0138258 0.00204237 -0.00391638 -0.0138258 0.0356848 
0.00980148 -0.0184344 -0.00154571 0.00237186 -0.0184344 0.0681549 0.00237186 -0.00741119 -0.00154571 0.00237186 0.0109994 -0.0204902 0.00237186 -0.00741119 -0.0204902 0.0746412 
0.00933035 -0.0184129 -0.00148611 0.00171003 -0.0184129 0.0830389 0.00170223 -0.00541897 -0.00148611 0.00170223 0.0103367 -0.0198028 0.00171003 -0.00541897 -0.0198028 0.0878602 
0.00928813 -0.0178006 -0.00160632 0.00164822 -0.0178006 0.0867973 0.00163967 -0.00417066 -0.00160632 0.00163967 0.0103669 -0.0189977 0.00164822 -0.00417066 -0.0189977 0.0901302 
0.0093346 -0.0176638 -0.00167865 0.00182296 -0.0176638 0.0878022 0.00181778 -0.00424425 -0.00167865 0.00181778 0.0106722 -0.0189784 0.00182296 -0.00424425 -0.0189784 0.0908761 
0.00943201 -0.0176507 -0.00167217 0.00192118 -0.0176507 0.0881326 0.00191145 -0.00454982 -0.00167217 0.00191145 0.0108435 -0.0192602 0.00192118 -0.00454982 -0.0192602 0.0917159 
0.00952665 -0.0177256 -0.00162477 0.00190806 -0.0177256 0.088318 0.00189604 -0.00463881 -0.00162477 0.00189604 0.0109056 -0.0194109 0.00190806 -0.00463881 -0.0194109 0.0923146 
0.0095762 -0.0178397 -0.00156599 0.00183704 -0.0178397 0.0885567 0.00182605 -0.004524 -0.00156599 0.00182605 0.0109064 -0.0194302 0.00183704 -0.004524 -0.0194302 0.0924881 
0.00962581 -0.017884 -0.00150982 0.00174611 -0.017884 0.0887023 0.0017393 -0.00430048 -0.00150982 0.0017393 0.0108774 -0.0194404 0.00174611 -0.00430048 -0.0194404 0.0925482 
0.00964758 -0.0179354 -0.00148515 0.00165644 -0.0179354 0.0888172 0.00165729 -0.00405675 -0.00148515 0.00165729 0.0107896 -0.0193903 0.00165644 -0.00405675 -0.0193903 0.0924488 
0.0096411 -0.0179583 -0.0014906 0.00163058 -0.0179583 0.0889015 0.00163602 -0.00392811 -0.0014906 0.00163602 0.0107339 -0.0192948 0.00163058 -0.00392811 -0.0192948 0.0922643 
0.00956665 -0.0179477 -0.00150415 0.00165992 -0.0179477 0.0889146 0.00166743 -0.00396089 -0.00150415 0.00166743 0.0107817 -0.0192309 0.00165992 -0.00396089 -0.0192309 0.0920886 
0.00952109 -0.017865 -0.00149094 0.00168209 -0.017865 0.0887925 0.00168731 -0.00402253 -0.00149094 0.00168731 0.0107983 -0.0192683 0.00168209 -0.00402253 -0.0192683 0.0920522 
0.00953555 -0.017793 -0.00148799 0.00166831 -0.017793 0.0885963 0.00167375 -0.00402951 -0.00148799 0.00167375 0.0107553 -0.0193083 0.00166831 -0.00402951 -0.0193083 0.0921506 
0.00953044 -0.0177899 -0.00148426 0.00168464 -0.0177899 0.0884946 0.00169367 -0.004078 -0.00148426 0.00169367 0.0107608 -0.0192906 0.00168464 -0.004078 -0.0192906 0.0922182 
0.00949729 -0.0177857 -0.00147499 0.00167217 -0.0177857 0.0884622 0.0016802 -0.00407109 -0.00147499 0.0016802 0.0107748 -0.0192856 0.00167217 -0.00407109 -0.0192856 0.0922059 
0.00950292 -0.0177683 -0.00148999 0.00167294 -0.0177683 0.0884573 0.00167739 -0.00406939 -0.00148999 0.00167739 0.0107732 -0.0192981 0.00167294 -0.00406939 -0.0192981 0.0922244 
0.00944703 -0.0177779 -0.00151395 0.0016885 -0.0177779 0.0884664 0.00168916 -0.00408207 -0.00151395 0.00168916 0.0108391 -0.0192965 0.0016885 -0.00408207 -0.0192965 0.0922386 
0.00936164 -0.0176712 -0.00152538 0.00168166 -0.0176712 0.0882494 0.00167635 -0.00404029 -0.00152538 0.00167635 0.0108507 -0.0193607 0.00168166 -0.00404029 -0.0193607 0.0923073 
0.00934022 -0.0175937 -0.00152796 0.00173562 -0.0175937 0.0880699 0.00172335 -0.00414124 -0.00152796 0.00172335 0.0108376 -0.0193683 0.00173562 -0.00414124 -0.0193683 0.0923606 
0.00939561 -0.0175917 -0.00153051 0.00176741 -0.0175917 0.0880248 0.00175472 -0.00427048 -0.00153051 0.00175472 0.0107644 -0.0193292 0.00176741 -0.00427048 -0.0193292 0.0922854 
0.0093764 -0.0176438 -0.00154353 0.00177736 -0.0176438 0.0880821 0.00177243 -0.0043512 -0.00154353 0.00177243 0.010785 -0.0192571 0.00177736 -0.0043512 -0.0192571 0.0921561 
0.00932291 -0.0176021 -0.00152642 0.00177651 -0.0176021 0.0880388 0.00177742 -0.00435999 -0.00152642 0.00177742 0.0108686 -0.0193126 0.00177651 -0.00435999 -0.0193126 0.0922227 
0.00929098 -0.0175478 -0.00150737 0.00173982 -0.0175478 0.0879321 0.00174049 -0.0042898 -0.00150737 0.00174049 0.0109098 -0.0193935 0.00173982 -0.0042898 -0.0193935 0.0923605 
0.00923832 -0.0175119 -0.00148736 0.00170182 -0.0175119 0.0878326 0.00170486 -0.00418108 -0.00148736 0.00170486 0.0109471 -0.0194432 0.00170182 -0.00418108 -0.0194432 0.0925032 
0.0092329 -0.0174361 -0.00148852 0.00167076 -0.0174361 0.0876663 0.00167729 -0.0040855 -0.00148852 0.00167729 0.0109276 -0.0194991 0.00167076 -0.0040855 -0.0194991 0.0926579 
0.00918719 -0.0174228 -0.00149118 0.00167202 -0.0174228 0.0875658 0.00168042 -0.00405195 -0.00149118 0.00168042 0.010955 -0.0194757 0.00167202 -0.00405195 -0.0194757 0.0926833 
0.00916654 -0.0173647 -0.00148506 0.00167552 -0.0173647 0.087446 0.00168614 -0.00404873 -0.00148506 0.00168614 0.0109944 -0.0195159 0.00167552 -0.00404873 -0.0195159 0.0927527 
0.0091425 -0.0173504 -0.00148213 0.00166225 -0.0173504 0.0873784 0.00167789 -0.00403326 -0.00148213 0.00167789 0.0110065 -0.0195387 0.00166225 -0.00403326 -0.0195387 0.0927817 
0.00915124 -0.0173461 -0.00149656 0.0016882 -0.0173461 0.0873885 0.0017022 -0.00409003 -0.00149656 0.0017022 0.0110224 -0.0195599 0.0016882 -0.00409003 -0.0195599 0.0928451 
0.00923167 -0.0173768 -0.00150782 0.00173624 -0.0173768 0.0874656 0.00174111 -0.00421503 -0.00150782 0.00174111 0.0109909 -0.0195683 0.00173624 -0.00421503 -0.0195683 0.0928678 
0.00930072 -0.0174483 -0.00151041 0.00172002 -0.0174483 0.0875774 0.00171226 -0.00419152 -0.00151041 0.00171226 0.01094 -0.0195507 0.00172002 -0.00419152 -0.0195507 0.0928701 
0.00934111 -0.0175908 -0.00153275 0.00174893 -0.0175908 0.0879313 0.00173524 -0.00423687 -0.00153275 0.00173524 0.0109474 -0.0194629 0.00174893 -0.00423687 -0.0194629 0.0927025 
0.00936012 -0.0176658 -0.00155377 0.00176972 -0.0176658 0.0882292 0.00175402 -0.00428137 -0.00155377 0.00175402 0.0109557 -0.0194506 0.00176972 -0.00428137 -0.0194506 0.0925754 
0.00927487 -0.0176763 -0.00154882 0.00177278 -0.0176763 0.0883365 0.00175856 -0.00428438 -0.00154882 0.00175856 0.0110407 -0.0194601 0.00177278 -0.00428438 -0.0194601 0.0925447 
0.00924206 -0.0175676 -0.00157365 0.00177088 -0.0175676 0.088197 0.00175378 -0.00428336 -0.00157365 0.00175378 0.011065 -0.0195735 0.00177088 -0.00428336 -0.0195735 0.0927273 
0.00921122 -0.0175126 -0.00155986 0.00178239 -0.0175126 0.08801 0.001772 -0.00428919 -0.00155986 0.001772 0.0110664 -0.0195954 0.00178239 -0.00428919 -0.0195954 0.0928371 
0.00919927 -0.017461 -0.00155754 0.00177485 -0.017461 0.0878482 0.00177392 -0.00430891 -0.00155754 0.00177392 0.011063 -0.019613 0.00177485 -0.00430891 -0.019613 0.0929169 
0.00919003 -0.017435 -0.00154333 0.00176364 -0.017435 0.0877289 0.00177037 -0.00429484 -0.00154333 0.00177037 0.0110631 -0.0196165 0.00176364 -0.00429484 -0.0196165 0.0929591 
0.00915446 -0.0174143 -0.00150332 0.00174449 -0.0174143 0.0876422 0.00175403 -0.00426127 -0.00150332 0.00175403 0.011076 -0.01962 0.00174449 -0.00426127 -0.01962 0.0929819 
0.0090948 -0.0173517 -0.0014597 0.00167621 -0.0173517 0.0874868 0.00168318 -0.00411798 -0.0014597 0.00168318 0.0111023 -0.0196336 0.00167621 -0.00411798 -0.0196336 0.0930053 
0.0091157 -0.0173108 -0.00145969 0.00163085 -0.0173108 0.0873917 0.00163419 -0.00398327 -0.00145969 0.00163419 0.0110569 -0.0196266 0.00163085 -0.00398327 -0.0196266 0.0929547 
0.00912127 -0.0172918 -0.00146326 0.00161146 -0.0172918 0.0872674 0.00161792 -0.00388084 -0.00146326 0.00161792 0.0110316 -0.0196069 0.00161146 -0.00388084 -0.0196069 0.0929506 
0.00910859 -0.0173162 -0.00147801 0.00164535 -0.0173162 0.0872834 0.00165323 -0.00393887 -0.00147801 0.00165323 0.011015 -0.0195546 0.00164535 -0.00393887 -0.0195546 0.0928329 
0.00908406 -0.0172941 -0.00148665 0.00168393 -0.0172941 0.0872587 0.00168654 -0.00404628 -0.00148665 0.00168654 0.0110172 -0.0195504 0.00168393 -0.00404628 -0.0195504 0.0928011 
0.00907768 -0.0173049 -0.00149603 0.00171328 -0.0173049 0.08731 0.00171336 -0.00415246 -0.00149603 0.00171336 0.0109979 -0.0195149 0.00171328 -0.00415246 -0.0195149 0.0926963 
0.00910909 -0.0172799 -0.00150141 0.00174461 -0.0172799 0.0872768 0.00174349 -0.00425708 -0.00150141 0.00174349 0.0110055 -0.019534 0.00174461 -0.00425708 -0.019534 0.0927499 
0.00915772 -0.0173259 -0.0015017 0.00174341 -0.0173259 0.0873352 0.0017418 -0.00428813 -0.0015017 0.0017418 0.0109963 -0.0195241 0.00174341 -0.00428813 -0.0195241 0.092732 
0.00913832 -0.0173585 -0.00148367 0.00169837 -0.0173585 0.0873847 0.0016997 -0.00417727 -0.00148367 0.0016997 0.0110199 -0.0195297 0.00169837 -0.00417727 -0.0195297 0.0927484 
0.00919682 -0.0173057 -0.00145244 0.00167357 -0.0173057 0.0872935 0.0016772 -0.0040935 -0.00145244 0.0016772 0.0109616 -0.0195896 0.00167357 -0.0040935 -0.0195896 0.0928869 
0.00917274 -0.0173791 -0.00142728 0.00161477 -0.0173791 0.0873564 0.00162179 -0.00395545 -0.00142728 0.00162179 0.0109261 -0.0194958 0.00161477 -0.00395545 -0.0194958 0.0927657 
0.00913585 -0.0173635 -0.00142806 0.00160664 -0.0173635 0.087402 0.00161609 -0.00390999 -0.00142806 0.00161609 0.0109145 -0.0194533 0.00160664 -0.00390999 -0.0194533 0.0926349 
0.00911042 -0.0173272 -0.00142378 0.00161308 -0.0173272 0.087362 0.00162097 -0.00390505 -0.00142378 0.00162097 0.01092 -0.019431 0.00161308 -0.00390505 -0.019431 0.0925496 
0.00913964 -0.0172899 -0.00140531 0.00161086 -0.0172899 0.0872698 0.00161996 -0.00390907 -0.00140531 0.00161996 0.0108819 -0.0194307 0.00161086 -0.00390907 -0.0194307 0.0925109 
0.00915518 -0.0173161 -0.00137901 0.00159297 -0.0173161 0.0872564 0.00160022 -0.00388717 -0.00137901 0.00160022 0.0108612 -0.0193842 0.00159297 -0.00388717 -0.0193842 0.0924259 
0.00916581 -0.0173583 -0.00136074 0.00154678 -0.0173583 0.0873534 0.00154582 -0.00377258 -0.00136074 0.00154582 0.010831 -0.0193252 0.00154678 -0.00377258 -0.0193252 0.0922484 
0.00918796 -0.0173697 -0.00136652 0.00153121 -0.0173697 0.0874138 0.00152395 -0.00369473 -0.00136652 0.00152395 0.0108011 -0.0192918 0.00153121 -0.00369473 -0.0192918 0.09213 
0.00916343 -0.0173706 -0.00137061 0.0015326 -0.0173706 0.0874044 0.00152495 -0.00366735 -0.00137061 0.00152495 0.0108037 -0.0192641 0.0015326 -0.00366735 -0.0192641 0.0920465 
0.00917238 -0.0173843 -0.00138861 0.00158398 -0.0173843 0.0874781 0.00157682 -0.00379164 -0.00138861 0.00157682 0.0107967 -0.0192424 0.00158398 -0.00379164 -0.0192424 0.0919566 
0.00915426 -0.0173615 -0.00135648 0.00158108 -0.0173615 0.0874231 0.00157045 -0.00381264 -0.00135648 0.00157045 0.0107967 -0.0192493 0.00158108 -0.00381264 -0.0192493 0.0919487 
0.0091733 -0.0173696 -0.00135129 0.00158533 -0.0173696 0.0874499 0.00157096 -0.00386882 -0.00135129 0.00157096 0.0107727 -0.0192309 0.00158533 -0.00386882 -0.0192309 0.0919042 
0.00919605 -0.0173647 -0.00135774 0.00156158 -0.0173647 0.0874196 0.00154793 -0.00383167 -0.00135774 0.00154793 0.0107498 -0.0192198 0.00156158 -0.00383167 -0.0192198 0.0918904 
0.00919077 -0.0173714 -0.00139336 0.00156816 -0.0173714 0.0873932 0.00156167 -0.00383535 -0.00139336 0.00156167 0.0107564 -0.0192088 0.00156816 -0.00383535 -0.0192088 0.0918861 
0.00917891 -0.0173649 -0.00142074 0.00159817 -0.0173649 0.0873753 0.00159884 -0.00387886 -0.00142074 0.00159884 0.0107704 -0.0192164 0.00159817 -0.00387886 -0.0192164 0.091894 
0.00915638 -0.0173655 -0.00144892 0.00164059 -0.0173655 0.0873857 0.00163986 -0.00397399 -0.00144892 0.00163986 0.0108043 -0.0192352 0.00164059 -0.00397399 -0.0192352 0.0919399 
0.00910589 -0.017286 -0.00143217 0.00164404 -0.017286 0.0872061 0.00164584 -0.00398718 -0.00143217 0.00164584 0.0108584 -0.0193283 0.00164404 -0.00398718 -0.0193283 0.0921695 
0.00910286 -0.0172314 -0.00141752 0.0016326 -0.0172314 0.0870552 0.00164322 -0.00399237 -0.00141752 0.00164322 0.0109028 -0.0194083 0.0016326 -0.00399237 -0.0194083 0.0924171 
0.0091214 -0.0172538 -0.00142334 0.00160587 -0.0172538 0.0870564 0.00162553 -0.00395346 -0.00142334 0.00162553 0.0108854 -0.0194295 0.00160587 -0.00395346 -0.0194295 0.0924998 
0.00911265 -0.0173142 -0.00141663 0.00163494 -0.0173142 0.0872124 0.00165608 -0.00400261 -0.00141663 0.00165608 0.0108895 -0.0193938 0.00163494 -0.00400261 -0.0193938 0.0924624 
0.00918041 -0.0173641 -0.00140327 0.00165104 -0.0173641 0.0874306 0.00166076 -0.00406097 -0.00140327 0.00166076 0.0108399 -0.0193509 0.00165104 -0.00406097 -0.0193509 0.092319 
0.00919492 -0.0174189 -0.00138397 0.00162267 -0.0174189 0.0875582 0.00162071 -0.0040101 -0.00138397 0.00162071 0.0108323 -0.0193029 0.00162267 -0.0040101 -0.0193029 0.0921988 
0.00918249 -0.0174057 -0.00137618 0.00156694 -0.0174057 0.0875542 0.00155736 -0.00385241 -0.00137618 0.00155736 0.0108185 -0.0193011 0.00156694 -0.00385241 -0.0193011 0.0921443 
0.0091837 -0.017365 -0.00135886 0.001537 -0.017365 0.0874509 0.00152969 -0.00372088 -0.00135886 0.00152969 0.0107783 -0.0192925 0.001537 -0.00372088 -0.0192925 0.0921178 
0.00915403 -0.0173409 -0.00135506 0.00151245 -0.0173409 0.0873315 0.00151248 -0.00364573 -0.00135506 0.00151248 0.0107757 -0.0192477 0.00151245 -0.00364573 -0.0192477 0.0920384 
0.0091221 -0.0173203 -0.00137002 0.0015244 -0.0173203 0.087273 0.00152473 -0.00365285 -0.00137002 0.00152473 0.0107766 -0.0192217 0.0015244 -0.00365285 -0.0192217 0.0919286 
0.00911429 -0.0172708 -0.00137123 0.00156858 -0.0172708 0.0871622 0.00156927 -0.00375728 -0.00137123 0.00156927 0.0108134 -0.0192439 0.00156858 -0.00375728 -0.0192439 0.0919567 
0.00910167 -0.0172763 -0.00136055 0.00156541 -0.0172763 0.0871315 0.0015627 -0.00379156 -0.00136055 0.0015627 0.0108297 -0.0192617 0.00156541 -0.00379156 -0.0192617 0.0919634 
0.0091539 -0.0172823 -0.0013618 0.00157302 -0.0172823 0.0871663 0.00156775 -0.00382856 -0.0013618 0.00156775 0.0107947 -0.0192837 0.00157302 -0.00382856 -0.0192837 0.0920144 
0.00922236 -0.0173279 -0.00138378 0.00159394 -0.0173279 0.0872313 0.0015877 -0.00389639 -0.00138378 0.0015877 0.0107806 -0.0192807 0.00159394 -0.00389639 -0.0192807 0.0920914 
0.00929124 -0.017399 -0.00139704 0.00158874 -0.017399 0.0873594 0.0015837 -0.00388358 -0.00139704 0.0015837 0.010732 -0.0192692 0.00158874 -0.00388358 -0.0192692 0.0920947 
0.00935586 -0.0175018 -0.00139508 0.00161549 -0.0175018 0.0876064 0.00161365 -0.00393396 -0.00139508 0.00161365 0.0107 -0.0192174 0.00161549 -0.00393396 -0.0192174 0.0920299 
0.00940996 -0.0176089 -0.00139822 0.00160071 -0.0176089 0.0879071 0.00159772 -0.00391977 -0.00139822 0.00159772 0.0106472 -0.0191485 0.00160071 -0.00391977 -0.0191485 0.0918485 
0.00946209 -0.0176977 -0.00140008 0.001595 -0.0176977 0.0881938 0.00159059 -0.00388334 -0.00140008 0.00159059 0.0105827 -0.01907 0.001595 -0.00388334 -0.01907 0.0916417 
0.00945926 -0.017719 -0.00138087 0.00156638 -0.017719 0.0882856 0.00156267 -0.00379135 -0.00138087 0.00156267 0.0105539 -0.0190231 0.00156638 -0.00379135 -0.0190231 0.0915241 
0.00943838 -0.0177 -0.00140518 0.00157806 -0.0177 0.0882724 0.00157478 -0.00381356 -0.00140518 0.00157478 0.0106004 -0.0190118 0.00157806 -0.00381356 -0.0190118 0.0914962 
0.00951044 -0.0176839 -0.00140284 0.00161324 -0.0176839 0.0882403 0.00161306 -0.00388945 -0.00140284 0.00161306 0.0105617 -0.0190549 0.00161324 -0.00388945 -0.0190549 0.091535 
0.00956321 -0.017748 -0.00137391 0.00160288 -0.017748 0.0882881 0.00160545 -0.00390964 -0.00137391 0.00160545 0.010519 -0.0190274 0.00160288 -0.00390964 -0.0190274 0.0915433 
0.00962237 -0.0178494 -0.00136626 0.00157331 -0.0178494 0.0885295 0.00157592 -0.00387131 -0.00136626 0.00157592 0.0104803 -0.0189478 0.00157331 -0.00387131 -0.0189478 0.0913757 
0.00960818 -0.0179057 -0.00135351 0.00152567 -0.0179057 0.0886926 0.00152538 -0.00373356 -0.00135351 0.00152538 0.0104576 -0.0188833 0.00152567 -0.00373356 -0.0188833 0.0911637 
0.00961015 -0.017904 -0.00135179 0.00152539 -0.017904 0.0887725 0.001521 -0.0036899 -0.00135179 0.001521 0.01042 -0.0188399 0.00152539 -0.0036899 -0.0188399 0.0909966 
0.00959925 -0.0179184 -0.00135708 0.00153366 -0.0179184 0.08883 0.00152634 -0.00369317 -0.00135708 0.00152634 0.0104167 -0.0187937 0.00153366 -0.00369317 -0.0187937 0.0908722 
0.00958255 -0.0178664 -0.00134706 0.00153332 -0.0178664 0.0887226 0.00152679 -0.00369036 -0.00134706 0.00152679 0.0104218 -0.0188208 0.00153332 -0.00369036 -0.0188208 0.0909035 
0.00959344 -0.017831 -0.0013391 0.00154629 -0.017831 0.0886019 0.00153811 -0.00373723 -0.0013391 0.00153811 0.0104309 -0.0188516 0.00154629 -0.00373723 -0.0188516 0.0910116 
0.00962031 -0.0178616 -0.00134583 0.00154445 -0.0178616 0.0886215 0.00154011 -0.00376767 -0.00134583 0.00154011 0.0104315 -0.0188464 0.00154445 -0.00376767 -0.0188464 0.0910237 
0.0096259 -0.0178572 -0.00133616 0.00151737 -0.0178572 0.0885848 0.00152084 -0.00370612 -0.00133616 0.00152084 0.010425 -0.0188761 0.00151737 -0.00370612 -0.0188761 0.0911036 
0.00961216 -0.0178698 -0.00133841 0.00150329 -0.0178698 0.0885937 0.00151124 -0.0036656 -0.00133841 0.00151124 0.0104173 -0.0188573 0.00150329 -0.0036656 -0.0188573 0.0910963 
0.00959662 -0.0178251 -0.00131535 0.0014921 -0.0178251 0.0884963 0.00150084 -0.00361567 -0.00131535 0.00150084 0.0104178 -0.0188774 0.0014921 -0.00361567 -0.0188774 0.0911581 
0.0096496 -0.0178509 -0.00130611 0.00151231 -0.0178509 0.0885459 0.00152112 -0.00368554 -0.00130611 0.00152112 0.0103977 -0.01885 0.00151231 -0.00368554 -0.01885 0.0911168 
0.00969968 -0.017941 -0.00130527 0.00150161 -0.017941 0.0887383 0.00151135 -0.00369764 -0.00130527 0.00151135 0.0103792 -0.0188044 0.00150161 -0.00369764 -0.0188044 0.0909982 
0.0096928 -0.0179908 -0.00132159 0.00148939 -0.0179908 0.0888944 0.00149405 -0.00365719 -0.00132159 0.00149405 0.0104271 -0.018806 0.00148939 -0.00365719 -0.018806 0.0909806 
0.00969508 -0.017995 -0.00134879 0.00149091 -0.017995 0.0889735 0.00148799 -0.00361272 -0.00134879 0.00148799 0.01041 -0.0188408 0.00149091 -0.00361272 -0.0188408 0.0909943 
0.00972562 -0.0179961 -0.00138568 0.00154564 -0.0179961 0.0889993 0.00153964 -0.00370423 -0.00138568 0.00153964 0.0103723 -0.0188375 0.00154564 -0.00370423 -0.0188375 0.0910345 
0.00973123 -0.0180353 -0.00142935 0.00162012 -0.0180353 0.0890756 0.00161078 -0.00389336 -0.00142935 0.00161078 0.0103912 -0.0188014 0.00162012 -0.00389336 -0.0188014 0.0910042 
0.00968184 -0.018022 -0.00144195 0.00163185 -0.018022 0.0890611 0.00161985 -0.00394217 -0.00144195 0.00161985 0.0104298 -0.0188156 0.00163185 -0.00394217 -0.0188156 0.0909819 
0.00963599 -0.0179382 -0.00141619 0.00163527 -0.0179382 0.0888939 0.00162725 -0.00395174 -0.00141619 0.00162725 0.0104727 -0.0188891 0.00163527 -0.00395174 -0.0188891 0.0911289 
0.00962438 -0.0179031 -0.00138934 0.00159698 -0.0179031 0.088784 0.00159623 -0.00389822 -0.00138934 0.00159623 0.01048 -0.018918 0.00159698 -0.00389822 -0.018918 0.0912115 
0.00963855 -0.0179238 -0.00141284 0.00159855 -0.0179238 0.0888214 0.00160022 -0.00391021 -0.00141284 0.00160022 0.0104759 -0.0189125 0.00159855 -0.00391021 -0.0189125 0.0912213 
0.00958031 -0.0179341 -0.00144289 0.00161109 -0.0179341 0.088847 0.00161098 -0.00391535 -0.00144289 0.00161098 0.010528 -0.018902 0.00161109 -0.00391535 -0.018902 0.0911931 
0.00953744 -0.0178375 -0.00144205 0.00163337 -0.0178375 0.0886797 0.00163371 -0.00393823 -0.00144205 0.00163371 0.010564 -0.0189918 0.00163337 -0.00393823 -0.0189918 0.0913534 
0.00954436 -0.0177839 -0.00143736 0.00165905 -0.0177839 0.0885124 0.00166211 -0.00402786 -0.00143736 0.00166211 0.0105798 -0.0190434 0.00165905 -0.00402786 -0.0190434 0.091524 
0.00961628 -0.0178011 -0.00141029 0.00164135 -0.0178011 0.0884796 0.00164542 -0.00402374 -0.00141029 0.00164542 0.0105229 -0.0190443 0.00164135 -0.00402374 -0.0190443 0.0915632 
0.00967111 -0.0178668 -0.00136673 0.00157619 -0.0178668 0.0885494 0.00158183 -0.00388323 -0.00136673 0.00158183 0.0104562 -0.0189786 0.00157619 -0.00388323 -0.0189786 0.0914662 
0.00968749 -0.0179396 -0.00133592 0.00151639 -0.0179396 0.0887136 0.00152121 -0.00371693 -0.00133592 0.00152121 0.0104389 -0.0188919 0.00151639 -0.00371693 -0.0188919 0.0912695 
0.00967605 -0.0179673 -0.00130979 0.00149675 -0.0179673 0.0888332 0.00149772 -0.00363782 -0.00130979 0.00149772 0.0104428 -0.0188525 0.00149675 -0.00363782 -0.0188525 0.0910949 
0.00963207 -0.0179313 -0.00129338 0.00146678 -0.0179313 0.0887908 0.00146319 -0.00356352 -0.00129338 0.00146319 0.0104484 -0.0188777 0.00146678 -0.00356352 -0.0188777 0.0910979 
0.00958254 -0.0178586 -0.00128491 0.00143321 -0.0178586 0.0886273 0.0014297 -0.00346789 -0.00128491 0.0014297 0.010433 -0.0188919 0.00143321 -0.00346789 -0.0188919 0.0911374 
0.00954211 -0.0178193 -0.00129717 0.00145086 -0.0178193 0.0885279 0.00144757 -0.00348288 -0.00129717 0.00144757 0.0104614 -0.0188728 0.00145086 -0.00348288 -0.0188728 0.0911411 
0.00960696 -0.0178004 -0.00131535 0.00148523 -0.0178004 0.0884972 0.00148484 -0.0035724 -0.00131535 0.00148484 0.0103974 -0.0188786 0.00148523 -0.0035724 -0.0188786 0.0911115 
0.00960078 -0.0178595 -0.00134007 0.00150254 -0.0178595 0.088548 0.00150904 -0.00364514 -0.00134007 0.00150904 0.0103904 -0.0188048 0.00150254 -0.00364514 -0.0188048 0.0909925 
0.00956299 -0.017867 -0.00135995 0.00154541 -0.017867 0.0886194 0.00155037 -0.00374851 -0.00135995 0.00155037 0.0104289 -0.0187901 0.00154541 -0.00374851 -0.0187901 0.0909041 
0.00948423 -0.0178035 -0.00135812 0.00155195 -0.0178035 0.0885179 0.0015505 -0.00377413 -0.00135812 0.0015505 0.0105027 -0.0188457 0.00155195 -0.00377413 -0.0188457 0.0909743 
0.00939858 -0.0176948 -0.00137527 0.00155162 -0.0176948 0.088279 0.00154585 -0.00377925 -0.00137527 0.00154585 0.0105795 -0.0189409 0.00155162 -0.00377925 -0.0189409 0.0911672 
0.00937218 -0.0175774 -0.00138859 0.00156328 -0.0175774 0.0879772 0.00155834 -0.00378517 -0.00138859 0.00155834 0.0105935 -0.0190444 0.00156328 -0.00378517 -0.0190444 0.0914254 
0.00936792 -0.0175422 -0.00139052 0.00158401 -0.0175422 0.0877984 0.00158371 -0.00383266 -0.00139052 0.00158371 0.0105968 -0.0190669 0.00158401 -0.00383266 -0.0190669 0.0915728 
0.00941499 -0.0175765 -0.00140056 0.00160906 -0.0175765 0.087844 0.00161171 -0.00392016 -0.00140056 0.00161171 0.0105701 -0.0190454 0.00160906 -0.00392016 -0.0190454 0.0915562 
0.00945011 -0.0176063 -0.00136877 0.00159364 -0.0176063 0.0878853 0.00160413 -0.00390929 -0.00136877 0.00160413 0.0105481 -0.0190342 0.00159364 -0.00390929 -0.0190342 0.0915467 
0.00944441 -0.0176542 -0.00133842 0.00154575 -0.0176542 0.087986 0.00155962 -0.00382483 -0.00133842 0.00155962 0.010542 -0.018994 0.00154575 -0.00382483 -0.018994 0.0914558 
0.00938884 -0.0176509 -0.00132603 0.00150009 -0.0176509 0.0880282 0.00150939 -0.00369683 -0.00132603 0.00150939 0.0105688 -0.0189809 0.00150009 -0.00369683 -0.0189809 0.0913916 
0.00933764 -0.0175822 -0.00132716 0.00150225 -0.0175822 0.0879333 0.00150287 -0.00365233 -0.00132716 0.00150287 0.0106201 -0.0190273 0.00150225 -0.00365233 -0.0190273 0.0914673 
0.00925685 -0.0175372 -0.00133692 0.00152376 -0.0175372 0.087832 0.00151987 -0.00369358 -0.00133692 0.00151987 0.0106899 -0.0190646 0.00152376 -0.00369358 -0.0190646 0.0915289 
0.00917702 -0.0174093 -0.00135184 0.00152819 -0.0174093 0.087559 0.00151927 -0.00370541 -0.00135184 0.00151927 0.0107598 -0.0191797 0.00152819 -0.00370541 -0.0191797 0.0917721 
0.00916823 -0.0173324 -0.00136908 0.00155599 -0.0173324 0.0873456 0.00154731 -0.00376332 -0.00136908 0.00154731 0.010756 -0.0192406 0.00155599 -0.00376332 -0.0192406 0.0919443 
0.00921034 -0.0173243 -0.00137035 0.00156096 -0.0173243 0.0872518 0.0015589 -0.00378741 -0.00137035 0.0015589 0.010693 -0.019224 0.00156096 -0.00378741 -0.019224 0.091966 
0.00923155 -0.0173551 -0.00135765 0.00154933 -0.0173551 0.0872493 0.00155142 -0.00376938 -0.00135765 0.00155142 0.0106469 -0.0191561 0.00154933 -0.00376938 -0.0191561 0.0918653 
0.00920155 -0.0173962 -0.00133083 0.00154006 -0.0173962 0.0873447 0.00154358 -0.00375424 -0.00133083 0.00154358 0.0106682 -0.0190817 0.00154006 -0.00375424 -0.0190817 0.0916715 
0.00917717 -0.0173522 -0.00129534 0.00151132 -0.0173522 0.0873116 0.00151336 -0.00370324 -0.00129534 0.00151336 0.0107024 -0.0191194 0.00151132 -0.00370324 -0.0191194 0.0916655 
0.00916494 -0.0173382 -0.00126076 0.00146904 -0.0173382 0.0872792 0.00147424 -0.00361911 -0.00126076 0.00147424 0.0107141 -0.0191453 0.00146904 -0.00361911 -0.0191453 0.0916995 
0.00922821 -0.0173442 -0.00125873 0.00144625 -0.0173442 0.087304 0.00144902 -0.00356319 -0.00125873 0.00144902 0.0106448 -0.0191531 0.00144625 -0.00356319 -0.0191531 0.0917279 
0.00931204 -0.017422 -0.00124149 0.00143348 -0.017422 0.087438 0.00142991 -0.00349807 -0.00124149 0.00142991 0.0105477 -0.0190658 0.00143348 -0.00349807 -0.0190658 0.0915999 
0.00940336 -0.0175275 -0.00125195 0.00144809 -0.0175275 0.0876775 0.00144151 -0.00354046 -0.00125195 0.00144151 0.0104577 -0.0189414 0.00144809 -0.00354046 -0.0189414 0.0913284 
0.00935639 -0.017627 -0.00125988 0.00144144 -0.017627 0.0879201 0.00143523 -0.0035255 -0.00125988 0.00143523 0.0104997 -0.0188336 0.00144144 -0.0035255 -0.0188336 0.0910416 
0.00923939 -0.0175683 -0.00126435 0.00143888 -0.0175683 0.0879257 0.00143415 -0.00350485 -0.00126435 0.00143415 0.01059 -0.0188789 0.00143888 -0.00350485 -0.0188789 0.0909855 
0.00915764 -0.0173977 -0.00123973 0.00142824 -0.0173977 0.0876007 0.00142648 -0.00346562 -0.00123973 0.00142648 0.0106569 -0.0190196 0.00142824 -0.00346562 -0.0190196 0.0912537 
0.00914421 -0.0172832 -0.00124663 0.00140976 -0.0172832 0.0872515 0.00141412 -0.00344278 -0.00124663 0.00141412 0.010667 -0.0191174 0.00140976 -0.00344278 -0.0191174 0.091558 
0.00913572 -0.0172772 -0.00124751 0.00140265 -0.0172772 0.0871182 0.00141622 -0.00341098 -0.00124751 0.00141622 0.0106668 -0.0191121 0.00140265 -0.00341098 -0.0191121 0.0916433 
0.00915753 -0.0172827 -0.00125433 0.00142114 -0.0172827 0.087112 0.00143617 -0.0034504 -0.00125433 0.00143617 0.0106476 -0.019102 0.00142114 -0.0034504 -0.019102 0.091637 
0.00917324 -0.0172943 -0.00124967 0.00142563 -0.0172943 0.0871122 0.00143935 -0.00347176 -0.00124967 0.00143935 0.0106459 -0.0190838 0.00142563 -0.00347176 -0.0190838 0.0916054 
0.00920666 -0.0173423 -0.00125624 0.00142921 -0.0173423 0.0872218 0.00143554 -0.00348581 -0.00125624 0.00143554 0.0106083 -0.0190486 0.00142921 -0.00348581 -0.0190486 0.0914901 
0.00923891 -0.0173871 -0.0012729 0.0014587 -0.0173871 0.0873458 0.00145444 -0.0035434 -0.0012729 0.00145444 0.0105912 -0.0190158 0.0014587 -0.0035434 -0.0190158 0.0914164 
