0.00737673 0 0.00116491 0 0 0.01 0 0 0.00116491 0 0.0076935 0 0 0 0 0.01 
0.0104201 -0.0129431 0.00146242 -0.00177572 -0.0129431 0.0339918 -0.00177572 0.00340461 0.00146242 -0.00177572 0.0107818 -0.0133891 -0.00177572 0.00340461 -0.0133891 0.0348476 
0.0106471 -0.0197693 0.00137454 -0.0020326 -0.0197693 0.0723967 -0.0020326 0.00631582 0.00137454 -0.0020326 0.0106718 -0.020132 -0.0020326 0.00631582 -0.020132 0.0735498 
0.0100965 -0.0194586 0.0013403 -0.00146448 -0.0194586 0.0865839 -0.00146724 0.00450683 0.0013403 -0.00146724 0.00997149 -0.0194873 -0.00146448 0.00450683 -0.0194873 0.0870986 
0.01006 -0.0186956 0.00140917 -0.0014455 -0.0186956 0.0893602 -0.00144103 0.00357171 0.00140917 -0.00144103 0.00992925 -0.0186122 -0.0014455 0.00357171 -0.0186122 0.0893617 
0.0102193 -0.0185985 0.00145924 -0.00156848 -0.0185985 0.0901454 -0.00156227 0.00368847 0.00145924 -0.00156227 0.0100564 -0.0184706 -0.00156848 0.00368847 -0.0184706 0.0898184 
0.0103134 -0.0187315 0.00144833 -0.00161418 -0.0187315 0.0907135 -0.00161548 0.00386007 0.00144833 -0.00161548 0.0101388 -0.0185224 -0.00161418 0.00386007 -0.0185224 0.0901463 
0.0103084 -0.0187774 0.00139024 -0.00157079 -0.0187774 0.0909678 -0.00157525 0.00380462 0.00139024 -0.00157525 0.0102195 -0.0185739 -0.00157079 0.00380462 -0.0185739 0.0903735 
0.010289 -0.0187547 0.00134061 -0.00150495 -0.0187547 0.0909779 -0.00150595 0.00365179 0.00134061 -0.00150595 0.0102742 -0.0186275 -0.00150495 0.00365179 -0.0186275 0.0904884 
0.0102874 -0.018719 0.00132098 -0.00146584 -0.018719 0.0908774 -0.00146362 0.00353814 0.00132098 -0.00146362 0.0102769 -0.0186807 -0.00146584 0.00353814 -0.0186807 0.0905885 
0.0102672 -0.0187189 0.00132542 -0.00146129 -0.0187189 0.0908326 -0.00146026 0.00351021 0.00132542 -0.00146026 0.0102787 -0.018684 -0.00146129 0.00351021 -0.018684 0.0906247 
0.010257 -0.0186865 0.00130319 -0.00146734 -0.0186865 0.0907645 -0.00146859 0.0035164 0.00130319 -0.00146859 0.0102647 -0.0187009 -0.00146734 0.0035164 -0.0187009 0.0906724 
0.010256 -0.0186345 0.00124555 -0.00139038 -0.0186345 0.0905977 -0.0013928 0.00335512 0.00124555 -0.0013928 0.0101952 -0.0186888 -0.00139038 0.00335512 -0.0186888 0.0906703 
0.0102493 -0.0186472 0.00122047 -0.00136909 -0.0186472 0.0905793 -0.00137482 0.00330646 0.00122047 -0.00137482 0.0101912 -0.0186262 -0.00136909 0.00330646 -0.0186262 0.0906097 
0.0102677 -0.018631 0.00118744 -0.00134491 -0.018631 0.0905471 -0.00135139 0.00325329 0.00118744 -0.00135139 0.0101912 -0.0186508 -0.00134491 0.00325329 -0.0186508 0.0906622 
0.0103198 -0.0186683 0.00116518 -0.00132617 -0.0186683 0.0906089 -0.00133057 0.00322447 0.00116518 -0.00133057 0.0101942 -0.018658 -0.00132617 0.00322447 -0.018658 0.0907219 
0.0103421 -0.0187346 0.00116137 -0.00127786 -0.0187346 0.0907452 -0.00127894 0.00311027 0.00116137 -0.00127894 0.0101713 -0.0186478 -0.00127786 0.00311027 -0.0186478 0.090707 
0.0103899 -0.0188017 0.00118541 -0.001294 -0.0188017 0.0909692 -0.00129162 0.00310014 0.00118541 -0.00129162 0.0101323 -0.0186108 -0.001294 0.00310014 -0.0186108 0.0906398 
0.0104208 -0.0188462 0.0012062 -0.00129634 -0.0188462 0.0911051 -0.00129162 0.00307799 0.0012062 -0.00129162 0.0100439 -0.0185478 -0.00129634 0.00307799 -0.0185478 0.0904841 
0.010407 -0.0188829 0.00123175 -0.00133096 -0.0188829 0.0912169 -0.00132486 0.00313321 0.00123175 -0.00132486 0.0100079 -0.0184409 -0.00133096 0.00313321 -0.0184409 0.0902569 
0.0103835 -0.0188496 0.00122032 -0.00135139 -0.0188496 0.0911875 -0.00134442 0.00317954 0.00122032 -0.00134442 0.00999636 -0.0183899 -0.00135139 0.00317954 -0.0183899 0.0900637 
0.0103735 -0.0188124 0.00118862 -0.00134718 -0.0188124 0.0910944 -0.00134332 0.00321307 0.00118862 -0.00134332 0.00996751 -0.0183601 -0.00134718 0.00321307 -0.0183601 0.0899203 
0.0103997 -0.018821 0.0011844 -0.00134763 -0.018821 0.0910975 -0.00134735 0.00326572 0.0011844 -0.00134735 0.00995011 -0.0183299 -0.00134763 0.00326572 -0.0183299 0.0898381 
0.0103926 -0.0188313 0.00117911 -0.00130546 -0.0188313 0.0910872 -0.00130228 0.00316915 0.00117911 -0.00130228 0.00996057 -0.0183134 -0.00130546 0.00316915 -0.0183134 0.0897823 
0.0104033 -0.0188309 0.00117903 -0.0013181 -0.0188309 0.0910993 -0.00131127 0.00315917 0.00117903 -0.00131127 0.00999508 -0.0183443 -0.0013181 0.00315917 -0.0183443 0.0898451 
0.0104411 -0.01885 0.00117766 -0.00132445 -0.01885 0.0911359 -0.00131843 0.00318067 0.00117766 -0.00131843 0.0100152 -0.0183931 -0.00132445 0.00318067 -0.0183931 0.0899631 
0.0104857 -0.0188847 0.00118905 -0.00133101 -0.0188847 0.0911917 -0.00133174 0.00321917 0.00118905 -0.00133174 0.0100098 -0.0184481 -0.00133101 0.00321917 -0.0184481 0.0901424 
0.0105078 -0.0189386 0.00121013 -0.00134392 -0.0189386 0.0913032 -0.00135161 0.00326054 0.00121013 -0.00135161 0.0100125 -0.0184606 -0.00134392 0.00326054 -0.0184606 0.0902614 
0.0104826 -0.0189418 0.0012087 -0.00131794 -0.0189418 0.0913278 -0.00133046 0.00318768 0.0012087 -0.00133046 0.0100041 -0.0184589 -0.00131794 0.00318768 -0.0184589 0.0902835 
0.0104739 -0.0189449 0.00120294 -0.00132874 -0.0189449 0.0913835 -0.00134199 0.00318618 0.00120294 -0.00134199 0.0100369 -0.018432 -0.00132874 0.00318618 -0.018432 0.0902327 
0.0105049 -0.0189434 0.00122015 -0.00135141 -0.0189434 0.0914035 -0.00136263 0.00326275 0.00122015 -0.00136263 0.0100021 -0.0184463 -0.00135141 0.00326275 -0.0184463 0.0901895 
0.0105377 -0.0189898 0.00121628 -0.00136502 -0.0189898 0.0914957 -0.00137182 0.003293 0.00121628 -0.00137182 0.0100063 -0.0184125 -0.00136502 0.003293 -0.0184125 0.0901438 
0.0104925 -0.0190385 0.00122719 -0.00133718 -0.0190385 0.0916215 -0.00134165 0.00323517 0.00122719 -0.00134165 0.0100648 -0.0183875 -0.00133718 0.00323517 -0.0183875 0.0900313 
0.0104681 -0.0189705 0.00120788 -0.00134487 -0.0189705 0.0915494 -0.00134599 0.00320999 0.00120788 -0.00134599 0.010064 -0.0184671 -0.00134487 0.00320999 -0.0184671 0.0901197 
0.0104082 -0.018897 0.00121345 -0.00132588 -0.018897 0.0913356 -0.00132843 0.00318672 0.00121345 -0.00132843 0.0100906 -0.0185052 -0.00132588 0.00318672 -0.0185052 0.0902788 
0.0103031 -0.0188169 0.00121778 -0.00131789 -0.0188169 0.0911141 -0.00131864 0.00314249 0.00121778 -0.00131864 0.0101418 -0.0185215 -0.00131789 0.00314249 -0.0185215 0.0903351 
0.0102713 -0.0186835 0.00121464 -0.00133602 -0.0186835 0.0908149 -0.00133129 0.00316058 0.00121464 -0.00133129 0.0101605 -0.0185969 -0.00133602 0.00316058 -0.0185969 0.0904946 
0.0103091 -0.0187121 0.00122819 -0.00137327 -0.0187121 0.0908145 -0.00136121 0.003263 0.00122819 -0.00136121 0.0101419 -0.0185705 -0.00137327 0.003263 -0.0185705 0.0904687 
0.0103326 -0.0187728 0.00123241 -0.00139266 -0.0187728 0.0909484 -0.00137554 0.00332658 0.00123241 -0.00137554 0.010151 -0.018546 -0.00139266 0.00332658 -0.018546 0.0904066 
0.0103794 -0.0187839 0.00123243 -0.00139101 -0.0187839 0.091009 -0.00137053 0.00333831 0.00123243 -0.00137053 0.0100993 -0.0185683 -0.00139101 0.00333831 -0.0185683 0.0904228 
0.0104346 -0.0188023 0.00119326 -0.00134099 -0.0188023 0.0910081 -0.00132275 0.00321019 0.00119326 -0.00132275 0.00998535 -0.018515 -0.00134099 0.00321019 -0.018515 0.09036 
0.0104251 -0.0188823 0.00119786 -0.00131404 -0.0188823 0.0911567 -0.00131053 0.00315769 0.00119786 -0.00131053 0.00994703 -0.0183709 -0.00131404 0.00315769 -0.0183709 0.0900951 
0.0103578 -0.0188827 0.00123943 -0.00133343 -0.0188827 0.0912395 -0.00134516 0.00320198 0.00123943 -0.00134516 0.00999276 -0.0183129 -0.00133343 0.00320198 -0.0183129 0.0898721 
0.0103195 -0.0187802 0.00124947 -0.00138805 -0.0187802 0.0910676 -0.00140408 0.00332193 0.00124947 -0.00140408 0.0100336 -0.0183778 -0.00138805 0.00332193 -0.0183778 0.0899101 
0.0102345 -0.0187096 0.0012619 -0.00138416 -0.0187096 0.0908327 -0.00139879 0.00335518 0.0012619 -0.00139879 0.0100673 -0.0184226 -0.00138416 0.00335518 -0.0184226 0.0900053 
0.010151 -0.0186133 0.00127548 -0.00141972 -0.0186133 0.0906059 -0.00143096 0.00343195 0.00127548 -0.00143096 0.0101268 -0.0184706 -0.00141972 0.00343195 -0.0184706 0.0901377 
0.0101254 -0.0185118 0.00124814 -0.00141546 -0.0185118 0.0903506 -0.0014228 0.00342936 0.00124814 -0.0014228 0.0101381 -0.0185249 -0.00141546 0.00342936 -0.0185249 0.0902476 
0.0101502 -0.0184609 0.00121923 -0.00138099 -0.0184609 0.0901405 -0.00138806 0.00337051 0.00121923 -0.00138806 0.0101013 -0.0185454 -0.00138099 0.00337051 -0.0185454 0.0903309 
0.0101751 -0.0184954 0.00119876 -0.00133919 -0.0184954 0.0901305 -0.00134402 0.00326011 0.00119876 -0.00134402 0.0100791 -0.0185056 -0.00133919 0.00326011 -0.0185056 0.090306 
0.01018 -0.0185024 0.00116586 -0.00132115 -0.0185024 0.0901268 -0.00132228 0.00318756 0.00116586 -0.00132228 0.0100765 -0.0185051 -0.00132115 0.00318756 -0.0185051 0.0903146 
0.0101569 -0.0185206 0.00115499 -0.00129375 -0.0185206 0.0901717 -0.00129136 0.00313228 0.00115499 -0.00129136 0.010106 -0.0184936 -0.00129375 0.00313228 -0.0184936 0.0902906 
0.0101522 -0.0185235 0.00114038 -0.00127343 -0.0185235 0.0902321 -0.00126076 0.00305252 0.00114038 -0.00126076 0.0100958 -0.0184984 -0.00127343 0.00305252 -0.0184984 0.0902521 
0.0102029 -0.0185549 0.00114161 -0.00128901 -0.0185549 0.0903526 -0.001271 0.00307302 0.00114161 -0.001271 0.0100634 -0.0184795 -0.00128901 0.00307302 -0.0184795 0.0902154 
0.0102266 -0.0185948 0.00114057 -0.00126749 -0.0185948 0.0904327 -0.00125412 0.00303605 0.00114057 -0.00125412 0.0100154 -0.0184409 -0.00126749 0.00303605 -0.0184409 0.0901312 
0.0102369 -0.0186543 0.00114452 -0.00128414 -0.0186543 0.0906077 -0.00128074 0.00307354 0.00114452 -0.00128074 0.0100453 -0.0183761 -0.00128414 0.00307354 -0.0183761 0.0899962 
0.010185 -0.018614 0.00110495 -0.00121959 -0.018614 0.0905402 -0.00122221 0.00292792 0.00110495 -0.00122221 0.0100598 -0.0184177 -0.00121959 0.00292792 -0.0184177 0.0899898 
0.0101657 -0.0185635 0.00109704 -0.00121465 -0.0185635 0.090442 -0.00121705 0.00290712 0.00109704 -0.00121705 0.0100476 -0.0184406 -0.00121465 0.00290712 -0.0184406 0.0900545 
0.0102148 -0.0185414 0.00108521 -0.00123324 -0.0185414 0.0903651 -0.00123924 0.00296763 0.00108521 -0.00123924 0.00998547 -0.0184285 -0.00123324 0.00296763 -0.0184285 0.0900676 
0.0102678 -0.0186157 0.00110259 -0.00124991 -0.0186157 0.090476 -0.00126548 0.00306203 0.00110259 -0.00126548 0.00998167 -0.0183647 -0.00124991 0.00306203 -0.0183647 0.0899925 
0.0102887 -0.0186586 0.0011102 -0.00121899 -0.0186586 0.0905708 -0.00123701 0.00299411 0.0011102 -0.00123701 0.0099612 -0.0183583 -0.00121899 0.00299411 -0.0183583 0.0899275 
0.0102603 -0.0186741 0.00111579 -0.00120445 -0.0186741 0.0906209 -0.00121675 0.00290441 0.00111579 -0.00121675 0.00997349 -0.018343 -0.00120445 0.00290441 -0.018343 0.0899002 
0.0102606 -0.0186232 0.00111198 -0.00120811 -0.0186232 0.0905378 -0.0012127 0.00286482 0.00111198 -0.0012127 0.00995861 -0.0183661 -0.00120811 0.00286482 -0.0183661 0.0899346 
0.0103111 -0.0186514 0.0011197 -0.00125721 -0.0186514 0.0905755 -0.00125433 0.00297599 0.0011197 -0.00125433 0.00996258 -0.018352 -0.00125721 0.00297599 -0.018352 0.0899489 
0.0102848 -0.0186962 0.00112441 -0.00125044 -0.0186962 0.0906428 -0.00124298 0.00299245 0.00112441 -0.00124298 0.0100148 -0.01836 -0.00125044 0.00299245 -0.01836 0.0899556 
0.0102846 -0.0186851 0.00112484 -0.00124437 -0.0186851 0.0906838 -0.00123141 0.00296569 0.00112484 -0.00123141 0.00997657 -0.0183938 -0.00124437 0.00296569 -0.0183938 0.0899704 
0.0102923 -0.0187213 0.00113247 -0.00126355 -0.0187213 0.0907956 -0.00125172 0.00300338 0.00113247 -0.00125172 0.00997753 -0.0183403 -0.00126355 0.00300338 -0.0183403 0.0899097 
0.010337 -0.0187145 0.00113412 -0.00128038 -0.0187145 0.0908113 -0.00127269 0.00306354 0.00113412 -0.00127269 0.00996153 -0.0183542 -0.00128038 0.00306354 -0.0183542 0.0899078 
0.0104155 -0.0187626 0.00112778 -0.00127091 -0.0187626 0.0908731 -0.00126896 0.00307034 0.00112778 -0.00126896 0.00988384 -0.0183284 -0.00127091 0.00307034 -0.0183284 0.0898608 
0.0104526 -0.0188508 0.00112855 -0.00124917 -0.0188508 0.0910364 -0.00125287 0.00302803 0.00112855 -0.00125287 0.00983525 -0.018234 -0.00124917 0.00302803 -0.018234 0.089687 
0.0104376 -0.0188803 0.00114152 -0.00124826 -0.0188803 0.0911432 -0.00125327 0.0030055 0.00114152 -0.00125327 0.00983486 -0.0181938 -0.00124826 0.0030055 -0.0181938 0.0895646 
0.0104664 -0.0188958 0.00117428 -0.00130235 -0.0188958 0.0912457 -0.00130348 0.00311973 0.00117428 -0.00130348 0.00984713 -0.0181858 -0.00130235 0.00311973 -0.0181858 0.08951 
0.0104837 -0.0189321 0.00120235 -0.00133074 -0.0189321 0.0913309 -0.00132961 0.00319788 0.00120235 -0.00132961 0.00987479 -0.0181996 -0.00133074 0.00319788 -0.0181996 0.0895166 
0.010504 -0.0189333 0.00118074 -0.00135502 -0.0189333 0.0913447 -0.00135474 0.00325301 0.00118074 -0.00135474 0.00992586 -0.0182671 -0.00135502 0.00325301 -0.0182671 0.0896734 
0.0105992 -0.0189717 0.00115868 -0.00133687 -0.0189717 0.0914218 -0.00134079 0.00326682 0.00115868 -0.00134079 0.00990293 -0.0183267 -0.00133687 0.00326682 -0.0183267 0.0898288 
0.0106797 -0.0190784 0.00114408 -0.00128561 -0.0190784 0.0916107 -0.00129652 0.00316409 0.00114408 -0.00129652 0.00989521 -0.0183153 -0.00128561 0.00316409 -0.0183153 0.0898923 
0.0106876 -0.0191664 0.00114842 -0.00126525 -0.0191664 0.0918237 -0.00127624 0.00308631 0.00114842 -0.00127624 0.00990664 -0.0183191 -0.00126525 0.00308631 -0.0183191 0.089921 
0.010672 -0.0191816 0.00116542 -0.0012782 -0.0191816 0.0919391 -0.00128217 0.00308217 0.00116542 -0.00128217 0.00991147 -0.018335 -0.0012782 0.00308217 -0.018335 0.0899596 
0.0106161 -0.019171 0.00117666 -0.00128326 -0.019171 0.091964 -0.00128077 0.00306886 0.00117666 -0.00128077 0.0099334 -0.0183192 -0.00128326 0.00306886 -0.0183192 0.0899257 
0.0105763 -0.0190793 0.00118146 -0.00130342 -0.0190793 0.0917956 -0.00129413 0.00309589 0.00118146 -0.00129413 0.00995064 -0.0183622 -0.00130342 0.00309589 -0.0183622 0.0899951 
0.0105664 -0.0190416 0.00117623 -0.00131258 -0.0190416 0.0916715 -0.00129761 0.00311633 0.00117623 -0.00129761 0.00997942 -0.0183772 -0.00131258 0.00311633 -0.0183772 0.090046 
0.0105287 -0.0190197 0.0011617 -0.00128333 -0.0190197 0.0915785 -0.00126775 0.00304943 0.0011617 -0.00126775 0.0100449 -0.0184104 -0.00128333 0.00304943 -0.0184104 0.0901073 
0.0104937 -0.0189718 0.00116112 -0.00125966 -0.0189718 0.0914645 -0.00124674 0.00298414 0.00116112 -0.00124674 0.0100644 -0.0184737 -0.00125966 0.00298414 -0.0184737 0.090204 
0.0104854 -0.0189765 0.00118542 -0.00130061 -0.0189765 0.0914846 -0.0012916 0.0030762 0.00118542 -0.0012916 0.0100594 -0.0184681 -0.00130061 0.0030762 -0.0184681 0.09021 
0.0104507 -0.0189286 0.00118924 -0.00130081 -0.0189286 0.0913751 -0.00129895 0.00309484 0.00118924 -0.00129895 0.0100641 -0.0184954 -0.00130081 0.00309484 -0.0184954 0.0902895 
0.0104906 -0.0188979 0.00121882 -0.00133863 -0.0188979 0.0913025 -0.00134311 0.00320324 0.00121882 -0.00134311 0.0100197 -0.0185177 -0.00133863 0.00320324 -0.0185177 0.090387 
0.0105334 -0.0189466 0.00121589 -0.00137583 -0.0189466 0.0913491 -0.00138462 0.00331091 0.00121589 -0.00138462 0.00999486 -0.0184698 -0.00137583 0.00331091 -0.0184698 0.0903624 
0.0105771 -0.0190155 0.00120311 -0.00134242 -0.0190155 0.091508 -0.00135535 0.00327494 0.00120311 -0.00135535 0.00994555 -0.0184082 -0.00134242 0.00327494 -0.0184082 0.0901985 
0.01062 -0.0190633 0.00118706 -0.00131147 -0.0190633 0.0916438 -0.001324 0.00318505 0.00118706 -0.001324 0.00987783 -0.0183429 -0.00131147 0.00318505 -0.0183429 0.0900218 
0.0106513 -0.0191425 0.0012099 -0.00132998 -0.0191425 0.0918545 -0.00133902 0.00321526 0.0012099 -0.00133902 0.00985853 -0.0182466 -0.00132998 0.00321526 -0.0182466 0.0897868 
0.0106437 -0.0191847 0.00121342 -0.00133918 -0.0191847 0.092007 -0.00134094 0.00321238 0.00121342 -0.00134094 0.00986547 -0.0182008 -0.00133918 0.00321238 -0.0182008 0.0895819 
0.0106405 -0.0191547 0.00122826 -0.00134297 -0.0191547 0.0919908 -0.00134433 0.00321927 0.00122826 -0.00134433 0.00989326 -0.0182294 -0.00134297 0.00321927 -0.0182294 0.0895785 
0.0106248 -0.0191283 0.00122214 -0.00135424 -0.0191283 0.0918971 -0.00135794 0.00324035 0.00122214 -0.00135794 0.00988808 -0.0182605 -0.00135424 0.00324035 -0.0182605 0.0896228 
0.0106441 -0.0190603 0.00115677 -0.00133004 -0.0190603 0.0916952 -0.00133088 0.00318964 0.00115677 -0.00133088 0.00983074 -0.0182949 -0.00133004 0.00318964 -0.0182949 0.0897478 
0.0106883 -0.0191199 0.00115268 -0.00132438 -0.0191199 0.0917515 -0.00132401 0.00324134 0.00115268 -0.00132401 0.00980132 -0.0182275 -0.00132438 0.00324134 -0.0182275 0.0897069 
0.0106986 -0.019162 0.00114016 -0.00127405 -0.019162 0.0918374 -0.00127027 0.00311824 0.00114016 -0.00127027 0.00979751 -0.0181882 -0.00127405 0.00311824 -0.0181882 0.0896057 
0.0107267 -0.0191857 0.00110602 -0.00124209 -0.0191857 0.0919237 -0.00123177 0.00298508 0.00110602 -0.00123177 0.00980286 -0.0181782 -0.00124209 0.00298508 -0.0181782 0.0895502 
0.0107622 -0.0192359 0.00107237 -0.00121467 -0.0192359 0.0920521 -0.00120331 0.00290768 0.00107237 -0.00120331 0.0098119 -0.0181828 -0.00121467 0.00290768 -0.0181828 0.08954 
0.0107965 -0.0192719 0.00104931 -0.00115084 -0.0192719 0.0921536 -0.00114745 0.00276628 0.00104931 -0.00114745 0.00974811 -0.0181884 -0.00115084 0.00276628 -0.0181884 0.0895323 
0.0108204 -0.0192991 0.00105364 -0.00112974 -0.0192991 0.0922189 -0.00113018 0.002687 0.00105364 -0.00113018 0.00967556 -0.0181324 -0.00112974 0.002687 -0.0181324 0.0894786 
0.0108486 -0.0193459 0.00106556 -0.00115257 -0.0193459 0.0923388 -0.0011551 0.00271983 0.00106556 -0.0011551 0.00961863 -0.0180265 -0.00115257 0.00271983 -0.0180265 0.0892634 
0.0108472 -0.0193736 0.00108431 -0.00118577 -0.0193736 0.0924228 -0.00118698 0.00281175 0.00108431 -0.00118698 0.00961727 -0.0179604 -0.00118577 0.00281175 -0.0179604 0.0890719 
0.0108106 -0.0193553 0.00111063 -0.00122243 -0.0193553 0.0924044 -0.001221 0.00292063 0.00111063 -0.001221 0.00966886 -0.0179688 -0.00122243 0.00292063 -0.0179688 0.0890214 
0.0107557 -0.0192911 0.00112593 -0.00123778 -0.0192911 0.0922596 -0.00123009 0.00296527 0.00112593 -0.00123009 0.00969878 -0.0180317 -0.00123778 0.00296527 -0.0180317 0.0891076 
0.010701 -0.019224 0.00113918 -0.00127466 -0.019224 0.0920931 -0.00126554 0.00305251 0.00113918 -0.00126554 0.00977157 -0.0180921 -0.00127466 0.00305251 -0.0180921 0.0892875 
0.0106473 -0.0191282 0.00110036 -0.00124678 -0.0191282 0.0918353 -0.00124389 0.00300617 0.00110036 -0.00124389 0.0098108 -0.0181819 -0.00124678 0.00300617 -0.0181819 0.0894889 
0.0106542 -0.0190904 0.0010701 -0.00121193 -0.0190904 0.0917078 -0.00121524 0.00295226 0.0010701 -0.00121524 0.00979033 -0.0182081 -0.00121193 0.00295226 -0.0182081 0.0895882 
0.0106395 -0.0191069 0.00104894 -0.00117311 -0.0191069 0.0916985 -0.00117701 0.0028647 0.00104894 -0.00117701 0.00977964 -0.0181686 -0.00117311 0.0028647 -0.0181686 0.0895392 
0.0106865 -0.0191316 0.0010695 -0.00118901 -0.0191316 0.0918044 -0.00118509 0.00288331 0.0010695 -0.00118509 0.00974059 -0.0181462 -0.00118901 0.00288331 -0.0181462 0.0894718 
0.0106659 -0.019169 0.00109202 -0.00118251 -0.019169 0.0918755 -0.00117139 0.00284061 0.00109202 -0.00117139 0.00973183 -0.0180948 -0.00118251 0.00284061 -0.0180948 0.0893551 
0.0106437 -0.0191376 0.0011207 -0.0012212 -0.0191376 0.0918541 -0.00120774 0.00289669 0.0011207 -0.00120774 0.00970407 -0.0180827 -0.0012212 0.00289669 -0.0180827 0.0892846 
0.0106734 -0.019123 0.00111883 -0.00125095 -0.019123 0.0918306 -0.00124136 0.00296714 0.00111883 -0.00124136 0.00964836 -0.0180401 -0.00125095 0.00296714 -0.0180401 0.0891926 
0.010652 -0.0191391 0.00113229 -0.00122882 -0.0191391 0.0918173 -0.0012282 0.00295266 0.00113229 -0.0012282 0.00962384 -0.0179678 -0.00122882 0.00295266 -0.0179678 0.0890279 
0.0106426 -0.0191333 0.00113072 -0.0012669 -0.0191333 0.0918389 -0.00127402 0.00302945 0.00113072 -0.00127402 0.0096392 -0.017934 -0.0012669 0.00302945 -0.017934 0.0889088 
0.0106384 -0.0191008 0.00110402 -0.00126933 -0.0191008 0.091764 -0.00128287 0.00308153 0.00110402 -0.00128287 0.00970783 -0.0179833 -0.00126933 0.00308153 -0.0179833 0.088987 
0.0106569 -0.0190643 0.00107273 -0.00121972 -0.0190643 0.0916252 -0.00123299 0.00300637 0.00107273 -0.00123299 0.00970779 -0.0180777 -0.00121972 0.00300637 -0.0180777 0.0891794 
0.0107026 -0.0190955 0.00105127 -0.00119005 -0.0190955 0.0916306 -0.00119365 0.00291671 0.00105127 -0.00119365 0.00969286 -0.0180868 -0.00119005 0.00291671 -0.0180868 0.0892982 
0.0107099 -0.0191733 0.00106099 -0.00117878 -0.0191733 0.0917952 -0.00117697 0.00287147 0.00106099 -0.00117697 0.00971416 -0.0180614 -0.00117878 0.00287147 -0.0180614 0.0892836 
0.0106904 -0.0192297 0.001082 -0.0011919 -0.0192297 0.0920184 -0.00118776 0.00287363 0.001082 -0.00118776 0.00975026 -0.0180493 -0.0011919 0.00287363 -0.0180493 0.0892037 
0.0106536 -0.0191694 0.00110828 -0.00118807 -0.0191694 0.0919619 -0.00119019 0.00285119 0.00110828 -0.00119019 0.00976774 -0.0181137 -0.00118807 0.00285119 -0.0181137 0.0892949 
0.010608 -0.0191078 0.00113433 -0.00122337 -0.0191078 0.0918049 -0.00123709 0.00292058 0.00113433 -0.00123709 0.00977101 -0.0181423 -0.00122337 0.00292058 -0.0181423 0.0893931 
0.0105558 -0.0190444 0.00115537 -0.00126086 -0.0190444 0.0916318 -0.00127612 0.00302119 0.00115537 -0.00127612 0.00980525 -0.0181512 -0.00126086 0.00302119 -0.0181512 0.0894525 
0.0105255 -0.0189566 0.00113318 -0.00127112 -0.0189566 0.0913941 -0.00127679 0.00304302 0.00113318 -0.00127679 0.00985532 -0.0182158 -0.00127112 0.00304302 -0.0182158 0.0896042 
0.0104875 -0.0189394 0.00113635 -0.00126407 -0.0189394 0.0912926 -0.00126205 0.00305218 0.00113635 -0.00126205 0.00990679 -0.018263 -0.00126407 0.00305218 -0.018263 0.0897258 
0.0105118 -0.0188935 0.00112268 -0.00127233 -0.0188935 0.0911928 -0.00126792 0.00306187 0.00112268 -0.00126792 0.00991858 -0.0183397 -0.00127233 0.00306187 -0.0183397 0.0899163 
0.0105139 -0.0189284 0.00113863 -0.00125201 -0.0189284 0.0912052 -0.00124963 0.00304032 0.00113863 -0.00124963 0.00989035 -0.0183342 -0.00125201 0.00304032 -0.0183342 0.0899547 
0.0105122 -0.0189348 0.00115008 -0.00126684 -0.0189348 0.0912493 -0.00126723 0.00304277 0.00115008 -0.00126723 0.00988611 -0.0183116 -0.00126684 0.00304277 -0.0183116 0.0899423 
0.0104473 -0.01893 0.00116442 -0.00128469 -0.01893 0.0912558 -0.00128727 0.00308587 0.00116442 -0.00128727 0.00995745 -0.0183036 -0.00128469 0.00308587 -0.0183036 0.0899097 
0.010388 -0.0188615 0.00118664 -0.00130612 -0.0188615 0.091165 -0.00130406 0.00313645 0.00118664 -0.00130406 0.0100236 -0.0183745 -0.00130612 0.00313645 -0.0183745 0.0899821 
0.0103989 -0.0188119 0.00118444 -0.0013307 -0.0188119 0.0910677 -0.00132078 0.00318004 0.00118444 -0.00132078 0.0100313 -0.0184405 -0.0013307 0.00318004 -0.0184405 0.090112 
0.0104185 -0.0188383 0.0011885 -0.00131608 -0.0188383 0.0910826 -0.00130488 0.003161 0.0011885 -0.00130488 0.00998314 -0.0184293 -0.00131608 0.003161 -0.0184293 0.0901213 
0.010445 -0.0188701 0.00117877 -0.00132927 -0.0188701 0.0911644 -0.0013244 0.00318399 0.00117877 -0.0013244 0.00995757 -0.0183777 -0.00132927 0.00318399 -0.0183777 0.0900492 
0.0104529 -0.0188918 0.00114394 -0.0012899 -0.0188918 0.0912216 -0.00129344 0.00311517 0.00114394 -0.00129344 0.00995138 -0.0183452 -0.0012899 0.00311517 -0.0183452 0.0899538 
0.0104228 -0.0189072 0.00115715 -0.0012723 -0.0189072 0.0912747 -0.00128037 0.00309396 0.00115715 -0.00128037 0.00997319 -0.0183304 -0.0012723 0.00309396 -0.0183304 0.089883 
0.010425 -0.0188734 0.00115882 -0.00128866 -0.0188734 0.0912467 -0.00129622 0.00310565 0.00115882 -0.00129622 0.0099727 -0.0183595 -0.00128866 0.00310565 -0.0183595 0.0899085 
0.0104713 -0.0188513 0.00115235 -0.00128188 -0.0188513 0.0911601 -0.00128776 0.00309398 0.00115235 -0.00128776 0.009903 -0.0183729 -0.00128188 0.00309398 -0.0183729 0.0899637 
0.0104537 -0.018888 0.00117408 -0.00127672 -0.018888 0.0911628 -0.0012806 0.00307844 0.00117408 -0.0012806 0.00991209 -0.0183056 -0.00127672 0.00307844 -0.0183056 0.0899003 
0.0104399 -0.018895 0.00118474 -0.00129573 -0.018895 0.0912178 -0.00128905 0.00307915 0.00118474 -0.00128905 0.00991117 -0.0182698 -0.00129573 0.00307915 -0.0182698 0.0897391 
0.0104433 -0.0188642 0.0012035 -0.00130243 -0.0188642 0.0911641 -0.00128912 0.00308196 0.0012035 -0.00128912 0.00985226 -0.0182669 -0.00130243 0.00308196 -0.0182669 0.0896711 
0.0104425 -0.0188708 0.00120352 -0.00134373 -0.0188708 0.091157 -0.00133145 0.00316361 0.00120352 -0.00133145 0.00985818 -0.0182158 -0.00134373 0.00316361 -0.0182158 0.0896097 
0.0104137 -0.0188758 0.00119304 -0.00136402 -0.0188758 0.0911732 -0.00135596 0.00326431 0.00119304 -0.00135596 0.00991913 -0.0182202 -0.00136402 0.00326431 -0.0182202 0.0895799 
0.0104231 -0.0188473 0.00114773 -0.00132971 -0.0188473 0.091137 -0.00132572 0.00323295 0.00114773 -0.00132572 0.00990232 -0.0182742 -0.00132971 0.00323295 -0.0182742 0.0896292 
0.0104251 -0.0188465 0.00109878 -0.001277 -0.0188465 0.0911034 -0.00128141 0.00314376 0.00109878 -0.00128141 0.009906 -0.018278 -0.001277 0.00314376 -0.018278 0.0897034 
0.0104817 -0.0188777 0.0010793 -0.00123714 -0.0188777 0.0911805 -0.00124714 0.00307109 0.0010793 -0.00124714 0.00984788 -0.0182625 -0.00123714 0.00307109 -0.0182625 0.0896751 
0.0104911 -0.0189063 0.00106056 -0.00116345 -0.0189063 0.091208 -0.00117441 0.00286795 0.00106056 -0.00117441 0.00980778 -0.0182147 -0.00116345 0.00286795 -0.0182147 0.0896118 
0.0104753 -0.0189564 0.00108837 -0.00116921 -0.0189564 0.0913511 -0.00117874 0.00282341 0.00108837 -0.00117874 0.00980638 -0.0181349 -0.00116921 0.00282341 -0.0181349 0.0894206 
0.010463 -0.0188996 0.00110621 -0.00119257 -0.0188996 0.0912714 -0.00120044 0.0028372 0.00110621 -0.00120044 0.00979778 -0.0181579 -0.00119257 0.0028372 -0.0181579 0.0894048 
0.0104227 -0.0188799 0.00113988 -0.00123868 -0.0188799 0.0911905 -0.00124482 0.0029442 0.00113988 -0.00124482 0.00984236 -0.0181597 -0.00123868 0.0029442 -0.0181597 0.0894357 
0.0104406 -0.0188319 0.00114677 -0.00129178 -0.0188319 0.0910897 -0.00128954 0.0030711 0.00114677 -0.00128954 0.00985532 -0.0182262 -0.00129178 0.0030711 -0.0182262 0.08957 
0.0104292 -0.0188348 0.00115624 -0.00128471 -0.0188348 0.0910189 -0.00127662 0.00309184 0.00115624 -0.00127662 0.00986091 -0.0182374 -0.00128471 0.00309184 -0.0182374 0.0896356 
0.0103562 -0.0187906 0.0011621 -0.00127163 -0.0187906 0.0908941 -0.00126535 0.00304733 0.0011621 -0.00126535 0.0098901 -0.0182562 -0.00127163 0.00304733 -0.0182562 0.0896937 
