0.00676064 0 0.00175693 0 0 0.01 0 0 0.00175693 0 0.00758364 0 0 0 0 0.01 
0.00960788 -0.0119423 0.00215807 -0.00264014 -0.0119423 0.0320731 -0.00264014 0.00506207 0.00215807 -0.00264014 0.0106449 -0.0132056 -0.00264014 0.00506207 -0.0132056 0.0344953 
0.00966994 -0.0182324 0.00190397 -0.00306486 -0.0182324 0.0675041 -0.00306486 0.00964211 0.00190397 -0.00306486 0.0107045 -0.0197915 -0.00306486 0.00964211 -0.0197915 0.0723765 
0.009147 -0.0182161 0.00178378 -0.00222294 -0.0182161 0.082333 -0.00222264 0.00740607 0.00178378 -0.00222264 0.0101588 -0.019319 -0.00222294 0.00740607 -0.019319 0.0857843 
0.0091024 -0.0175938 0.00194485 -0.00202851 -0.0175938 0.0861636 -0.00202887 0.00540032 0.00194485 -0.00202887 0.0101998 -0.0187379 -0.00202851 0.00540032 -0.0187379 0.0890309 
0.009278 -0.0174814 0.00205313 -0.00226641 -0.0174814 0.0872308 -0.00227098 0.00529106 0.00205313 -0.00227098 0.0103601 -0.0187119 -0.00226641 0.00529106 -0.0187119 0.0901617 
0.00944835 -0.017612 0.0020715 -0.00241963 -0.017612 0.0878157 -0.00242868 0.00573526 0.0020715 -0.00242868 0.0104389 -0.0188058 -0.00241963 0.00573526 -0.0188058 0.0907483 
0.00952371 -0.0177414 0.00203581 -0.00238563 -0.0177414 0.0881766 -0.00239764 0.00583753 0.00203581 -0.00239764 0.0104437 -0.0188212 -0.00238563 0.00583753 -0.0188212 0.0909147 
0.00951799 -0.0177572 0.00193862 -0.00229379 -0.0177572 0.0882534 -0.00230455 0.00565017 0.00193862 -0.00230455 0.010475 -0.018847 -0.00229379 0.00565017 -0.018847 0.0910028 
0.00951986 -0.017788 0.00183818 -0.00217789 -0.017788 0.0883509 -0.00218537 0.0053791 0.00183818 -0.00218537 0.010475 -0.0188157 -0.00217789 0.0053791 -0.0188157 0.0908869 
0.00949661 -0.0177994 0.00179048 -0.00207743 -0.0177994 0.0884076 -0.00208367 0.00512554 0.00179048 -0.00208367 0.0104791 -0.0188159 -0.00207743 0.00512554 -0.0188159 0.0908384 
0.0094781 -0.0177634 0.00179011 -0.00205106 -0.0177634 0.0883766 -0.00205563 0.00501048 0.00179011 -0.00205563 0.0104966 -0.0188678 -0.00205106 0.00501048 -0.0188678 0.0909675 
0.00945004 -0.0177262 0.00175764 -0.00205441 -0.0177262 0.0882793 -0.00205685 0.00497756 0.00175764 -0.00205685 0.0105228 -0.0189074 -0.00205441 0.00497756 -0.0189074 0.0911145 
0.00941196 -0.0177063 0.00170605 -0.00202024 -0.0177063 0.0882361 -0.00202129 0.00492616 0.00170605 -0.00202129 0.0105668 -0.0189339 -0.00202024 0.00492616 -0.0189339 0.0912067 
0.00936918 -0.0176687 0.00168368 -0.00198314 -0.0176687 0.0881747 -0.00198123 0.00487308 0.00168368 -0.00198123 0.0106162 -0.0189851 -0.00198314 0.00487308 -0.0189851 0.0913261 
0.00935203 -0.0176248 0.00166887 -0.00195993 -0.0176248 0.0880969 -0.00195464 0.00481082 0.00166887 -0.00195464 0.0106539 -0.0190516 -0.00195993 0.00481082 -0.0190516 0.0914883 
0.00936141 -0.017597 0.00164194 -0.00192397 -0.017597 0.0880145 -0.00191879 0.00471184 0.00164194 -0.00191879 0.01067 -0.0191078 -0.00192397 0.00471184 -0.0191078 0.0916537 
0.0094176 -0.0176109 0.00164537 -0.00190504 -0.0176109 0.0879993 -0.00190428 0.00466915 0.00164537 -0.00190428 0.0106222 -0.0191177 -0.00190504 0.00466915 -0.0191177 0.0917262 
0.00942837 -0.0176765 0.00166747 -0.00190456 -0.0176765 0.0880977 -0.00190875 0.00465512 0.00166747 -0.00190875 0.0105955 -0.0190642 -0.00190456 0.00465512 -0.0190642 0.0916716 
0.00945098 -0.0177178 0.00167644 -0.00192668 -0.0177178 0.0882524 -0.00192964 0.00467995 0.00167644 -0.00192964 0.0105681 -0.0190057 -0.00192668 0.00467995 -0.0190057 0.0915128 
0.00940953 -0.0177275 0.00167959 -0.00194619 -0.0177275 0.0882936 -0.0019453 0.00473134 0.00167959 -0.0019453 0.0105803 -0.0189752 -0.00194619 0.00473134 -0.0189752 0.0914057 
0.00940762 -0.0176887 0.00169486 -0.00194234 -0.0176887 0.0882596 -0.00193666 0.00472884 0.00169486 -0.00193666 0.0105376 -0.0189681 -0.00194234 0.00472884 -0.0189681 0.0913251 
0.00943202 -0.0176637 0.00176036 -0.00198305 -0.0176637 0.0881752 -0.00197897 0.00481705 0.00176036 -0.00197897 0.0105084 -0.0189407 -0.00198305 0.00481705 -0.0189407 0.0912911 
0.00944332 -0.0176975 0.00182345 -0.00206902 -0.0176975 0.0882011 -0.00206764 0.00500005 0.00182345 -0.00206764 0.0105138 -0.0188933 -0.00206902 0.00500005 -0.0188933 0.0911806 
0.00943537 -0.0177065 0.00187022 -0.00215767 -0.0177065 0.08823 -0.00215564 0.0052326 0.00187022 -0.00215564 0.0105418 -0.0189121 -0.00215767 0.0052326 -0.0189121 0.0911748 
0.00942955 -0.017701 0.0018741 -0.00219329 -0.017701 0.0882352 -0.00218705 0.00535027 0.0018741 -0.00218705 0.0105431 -0.0189449 -0.00219329 0.00535027 -0.0189449 0.0912299 
0.00944917 -0.0176989 0.0018793 -0.00219155 -0.0176989 0.088238 -0.00218319 0.00537574 0.0018793 -0.00218319 0.0105138 -0.0189468 -0.00219155 0.00537574 -0.0189468 0.0912634 
0.00947373 -0.0177044 0.00193285 -0.00221226 -0.0177044 0.0882305 -0.00220672 0.00543014 0.00193285 -0.00220672 0.010511 -0.0189407 -0.00221226 0.00543014 -0.0189407 0.0913034 
0.00946656 -0.0177396 0.00195506 -0.00224829 -0.0177396 0.0882886 -0.0022453 0.00547622 0.00195506 -0.0022453 0.0105307 -0.0189215 -0.00224829 0.00547622 -0.0189215 0.0912567 
0.00947551 -0.0177446 0.00196614 -0.00229282 -0.0177446 0.0883422 -0.00228908 0.0055914 0.00196614 -0.00228908 0.0105503 -0.0189378 -0.00229282 0.0055914 -0.0189378 0.091254 
0.00949139 -0.0177631 0.00195234 -0.00227733 -0.0177631 0.0883861 -0.00227379 0.00557969 0.00195234 -0.00227379 0.0105217 -0.018942 -0.00227733 0.00557969 -0.018942 0.0912378 
0.00949799 -0.0177505 0.00190773 -0.00225007 -0.0177505 0.0883463 -0.0022488 0.00551493 0.00190773 -0.0022488 0.0104943 -0.0189449 -0.00225007 0.00551493 -0.0189449 0.091287 
0.00948337 -0.0177665 0.00189165 -0.00220507 -0.0177665 0.0883758 -0.0022114 0.00543466 0.00189165 -0.0022114 0.0105229 -0.0189195 -0.00220507 0.00543466 -0.0189195 0.0912724 
0.00949668 -0.0177726 0.00189864 -0.00219514 -0.0177726 0.0884284 -0.00220302 0.00539543 0.00189864 -0.00220302 0.0105284 -0.0189296 -0.00219514 0.00539543 -0.0189296 0.0912461 
0.00949941 -0.0177862 0.00189693 -0.0022013 -0.0177862 0.0884626 -0.00220869 0.00539028 0.00189693 -0.00220869 0.010534 -0.018942 -0.0022013 0.00539028 -0.018942 0.0912706 
0.00946914 -0.0177897 0.00191029 -0.00221016 -0.0177897 0.0884786 -0.00221637 0.00541713 0.00191029 -0.00221637 0.0105569 -0.0189466 -0.00221016 0.00541713 -0.0189466 0.0912904 
0.00944436 -0.0177347 0.00191533 -0.00222018 -0.0177347 0.0883751 -0.00222197 0.00542907 0.00191533 -0.00222197 0.0105591 -0.0189902 -0.00222018 0.00542907 -0.0189902 0.0913849 
0.00945328 -0.0176844 0.00188797 -0.00220981 -0.0176844 0.0882245 -0.00220705 0.00539144 0.00188797 -0.00220705 0.0105639 -0.0190093 -0.00220981 0.00539144 -0.0190093 0.091474 
0.00949268 -0.0177001 0.00187507 -0.00218725 -0.0177001 0.0881953 -0.00218596 0.00535722 0.00187507 -0.00218596 0.0105564 -0.0190094 -0.00218725 0.00535722 -0.0190094 0.0914948 
0.00949451 -0.0177671 0.00186556 -0.00216157 -0.0177671 0.0883183 -0.00216239 0.00529331 0.00186556 -0.00216239 0.0105746 -0.0189851 -0.00216157 0.00529331 -0.0189851 0.0914391 
0.00950337 -0.0177831 0.00188353 -0.00217036 -0.0177831 0.0884243 -0.00217229 0.00530566 0.00188353 -0.00217229 0.0106 -0.0190108 -0.00217036 0.00530566 -0.0190108 0.0914616 
0.00951295 -0.0178025 0.00188169 -0.0021737 -0.0178025 0.0884949 -0.00217674 0.0052981 0.00188169 -0.00217674 0.0106093 -0.019027 -0.0021737 0.0052981 -0.019027 0.0914828 
0.00950533 -0.0178086 0.00184961 -0.0021561 -0.0178086 0.0885198 -0.00216166 0.00525514 0.00184961 -0.00216166 0.0106187 -0.019045 -0.0021561 0.00525514 -0.019045 0.0915279 
0.00950406 -0.0177936 0.00181119 -0.00209704 -0.0177936 0.0885009 -0.00210482 0.00512444 0.00181119 -0.00210482 0.0106051 -0.0190635 -0.00209704 0.00512444 -0.0190635 0.0915798 
0.00950644 -0.0178202 0.00176764 -0.00204613 -0.0178202 0.0885545 -0.00205968 0.00499348 0.00176764 -0.00205968 0.0105679 -0.0189947 -0.00204613 0.00499348 -0.0189947 0.091432 
0.00950545 -0.0178202 0.00174031 -0.00203136 -0.0178202 0.0885895 -0.00204587 0.0049655 0.00174031 -0.00204587 0.010561 -0.0189721 -0.00203136 0.0049655 -0.0189721 0.0913625 
0.00947565 -0.0178457 0.0017115 -0.00200037 -0.0178457 0.0886675 -0.00200815 0.0049007 0.0017115 -0.00200815 0.0105739 -0.0189253 -0.00200037 0.0049007 -0.0189253 0.0912182 
0.00948819 -0.0177821 0.00171961 -0.00199815 -0.0177821 0.0885759 -0.00199555 0.00489324 0.00171961 -0.00199555 0.01056 -0.0189828 -0.00199815 0.00489324 -0.0189828 0.0913041 
0.00946737 -0.0177867 0.00172269 -0.00198023 -0.0177867 0.0885001 -0.00197607 0.00483071 0.00172269 -0.00197607 0.0105358 -0.0189436 -0.00198023 0.00483071 -0.0189436 0.0912643 
0.00949046 -0.0177605 0.00174647 -0.00199405 -0.0177605 0.0884481 -0.00199053 0.00484243 0.00174647 -0.00199053 0.0104791 -0.0189165 -0.00199405 0.00484243 -0.0189165 0.0911985 
0.00950285 -0.0177763 0.00178225 -0.00201846 -0.0177763 0.0884289 -0.00201513 0.00488614 0.00178225 -0.00201513 0.0104423 -0.0188468 -0.00201846 0.00488614 -0.0188468 0.0910616 
0.00954323 -0.0177887 0.00180896 -0.00208004 -0.0177887 0.08845 -0.00207519 0.00501968 0.00180896 -0.00207519 0.0103977 -0.0188063 -0.00208004 0.00501968 -0.0188063 0.0909423 
0.00953361 -0.0178111 0.00180611 -0.00209745 -0.0178111 0.0884569 -0.00209414 0.00508913 0.00180611 -0.00209414 0.0104068 -0.0187709 -0.00209745 0.00508913 -0.0187709 0.090863 
0.00947902 -0.0177622 0.00180354 -0.00210038 -0.0177622 0.088345 -0.00209809 0.00512577 0.00180354 -0.00209809 0.010478 -0.0188269 -0.00210038 0.00512577 -0.0188269 0.0909713 
0.00946047 -0.0177264 0.00182202 -0.00211089 -0.0177264 0.0882714 -0.00210355 0.00516232 0.00182202 -0.00210355 0.0105088 -0.0188813 -0.00211089 0.00516232 -0.0188813 0.0910728 
0.00945801 -0.0177562 0.00184819 -0.00214173 -0.0177562 0.0883457 -0.00212781 0.00522523 0.00184819 -0.00212781 0.0104863 -0.0188634 -0.00214173 0.00522523 -0.0188634 0.09103 
0.00947677 -0.0177439 0.00186073 -0.00216641 -0.0177439 0.0883605 -0.00215023 0.00527849 0.00186073 -0.00215023 0.0104614 -0.0188589 -0.00216641 0.00527849 -0.0188589 0.0910291 
0.00951285 -0.0177424 0.00186549 -0.00217339 -0.0177424 0.0883407 -0.0021591 0.00530383 0.00186549 -0.0021591 0.0104367 -0.0188639 -0.00217339 0.00530383 -0.0188639 0.0910737 
0.00950751 -0.0177887 0.00181142 -0.0021582 -0.0177887 0.0884112 -0.00215093 0.00527315 0.00181142 -0.00215093 0.0104358 -0.0188297 -0.0021582 0.00527315 -0.0188297 0.0910285 
0.00950675 -0.017779 0.00175403 -0.00208975 -0.017779 0.0884348 -0.00208708 0.00515501 0.00175403 -0.00208708 0.0104419 -0.0188386 -0.00208975 0.00515501 -0.0188386 0.0910289 
0.00951256 -0.0177725 0.00170992 -0.00200386 -0.0177725 0.0884145 -0.00200676 0.00495162 0.00170992 -0.00200676 0.0104096 -0.0188419 -0.00200386 0.00495162 -0.0188419 0.0910333 
0.00946415 -0.0177796 0.00164961 -0.00194692 -0.0177796 0.0884142 -0.00195809 0.00478519 0.00164961 -0.00195809 0.0103971 -0.018792 -0.00194692 0.00478519 -0.018792 0.0909498 
0.00943214 -0.0177158 0.00162833 -0.00187732 -0.0177158 0.0883137 -0.00188839 0.00462092 0.00162833 -0.00188839 0.0103892 -0.0187667 -0.00187732 0.00462092 -0.0187667 0.0908545 
0.00941552 -0.017679 0.00165545 -0.00189468 -0.017679 0.0882099 -0.00190198 0.00462774 0.00165545 -0.00190198 0.0104 -0.0187462 -0.00189468 0.00462774 -0.0187462 0.0907793 
0.0094353 -0.0176316 0.00172357 -0.00193738 -0.0176316 0.0880565 -0.00193863 0.00471125 0.00172357 -0.00193863 0.010394 -0.0187728 -0.00193738 0.00471125 -0.0187728 0.0908042 
0.00945007 -0.0176675 0.00175024 -0.00201438 -0.0176675 0.0880684 -0.00201125 0.00485727 0.00175024 -0.00201125 0.0103986 -0.0187573 -0.00201438 0.00485727 -0.0187573 0.090782 
0.00946821 -0.0177112 0.00175875 -0.00205763 -0.0177112 0.0881876 -0.00205204 0.00500227 0.00175875 -0.00205204 0.0103927 -0.0187467 -0.00205763 0.00500227 -0.0187467 0.0907326 
0.00949176 -0.0176912 0.00171373 -0.00206527 -0.0176912 0.0881647 -0.00206265 0.00506686 0.00171373 -0.00206265 0.0104008 -0.0188047 -0.00206527 0.00506686 -0.0188047 0.0908847 
0.0094913 -0.0177306 0.0016954 -0.00199718 -0.0177306 0.0882205 -0.00200265 0.00497754 0.0016954 -0.00200265 0.0104181 -0.0188038 -0.00199718 0.00497754 -0.0188038 0.0909341 
0.0094779 -0.0177736 0.00168819 -0.00196627 -0.0177736 0.0883711 -0.00197421 0.00487245 0.00168819 -0.00197421 0.0104419 -0.0187841 -0.00196627 0.00487245 -0.0187841 0.0908674 
0.00942066 -0.0177656 0.00164431 -0.0019421 -0.0177656 0.0884196 -0.00194649 0.00477288 0.00164431 -0.00194649 0.0104845 -0.0187901 -0.0019421 0.00477288 -0.0187901 0.0908207 
0.00942053 -0.0176917 0.00160685 -0.00189699 -0.0176917 0.0883112 -0.00189638 0.00466955 0.00160685 -0.00189638 0.0104895 -0.0188453 -0.00189699 0.00466955 -0.0188453 0.0908963 
0.00941869 -0.0176857 0.00154033 -0.00182419 -0.0176857 0.0882287 -0.00182594 0.00448355 0.00154033 -0.00182594 0.010478 -0.0188409 -0.00182419 0.00448355 -0.0188409 0.0909101 
0.00940931 -0.017678 0.00149609 -0.00174152 -0.017678 0.0881848 -0.00174954 0.00428723 0.00149609 -0.00174954 0.0104693 -0.0188269 -0.00174152 0.00428723 -0.0188269 0.0908871 
0.00944142 -0.0176779 0.00147425 -0.00171205 -0.0176779 0.0881787 -0.0017223 0.00419311 0.00147425 -0.0017223 0.0104169 -0.018801 -0.00171205 0.00419311 -0.018801 0.0908231 
0.00947045 -0.017714 0.0014927 -0.00170211 -0.017714 0.0882329 -0.00171478 0.00416949 0.0014927 -0.00171478 0.0103583 -0.018749 -0.00170211 0.00416949 -0.018749 0.0907354 
0.00945648 -0.017705 0.00153752 -0.00173827 -0.017705 0.0881981 -0.00174888 0.00422961 0.00153752 -0.00174888 0.0103635 -0.0187277 -0.00173827 0.00422961 -0.0187277 0.0907263 
0.00943741 -0.0176762 0.00157289 -0.00179155 -0.0176762 0.0881236 -0.00179338 0.00433014 0.00157289 -0.00179338 0.0103951 -0.0187396 -0.00179155 0.00433014 -0.0187396 0.090743 
0.0094274 -0.0176428 0.00160489 -0.00185348 -0.0176428 0.0880307 -0.00184816 0.00448618 0.00160489 -0.00184816 0.01044 -0.0187956 -0.00185348 0.00448618 -0.0187956 0.090863 
0.00944149 -0.0176783 0.00161243 -0.00188411 -0.0176783 0.088093 -0.00187404 0.00458332 0.00161243 -0.00187404 0.0104275 -0.0187881 -0.00188411 0.00458332 -0.0187881 0.0908297 
0.00947011 -0.0177263 0.00164085 -0.00188414 -0.0177263 0.0882317 -0.001872 0.00460636 0.00164085 -0.001872 0.0103616 -0.0187387 -0.00188414 0.00460636 -0.0187387 0.0906964 
0.00947752 -0.0177282 0.00170603 -0.00193921 -0.0177282 0.0882705 -0.00193149 0.00472319 0.00170603 -0.00193149 0.0103762 -0.018717 -0.00193921 0.00472319 -0.018717 0.0906801 
0.00947968 -0.0177584 0.00176468 -0.00201017 -0.0177584 0.0883467 -0.00200297 0.00487729 0.00176468 -0.00200297 0.0103802 -0.0186991 -0.00201017 0.00487729 -0.0186991 0.0905939 
0.00946365 -0.0177675 0.00173551 -0.0020671 -0.0177675 0.0883859 -0.00205512 0.00501047 0.00173551 -0.00205512 0.0103545 -0.0186776 -0.0020671 0.00501047 -0.0186776 0.0904976 
0.00943674 -0.0177066 0.00168296 -0.00204169 -0.0177066 0.0882694 -0.00202776 0.00503315 0.00168296 -0.00202776 0.0103607 -0.0187097 -0.00204169 0.00503315 -0.0187097 0.0905936 
0.0093916 -0.0176278 0.00156844 -0.00193801 -0.0176278 0.088033 -0.0019305 0.00482483 0.00156844 -0.0019305 0.0103894 -0.0187467 -0.00193801 0.00482483 -0.0187467 0.0907208 
0.00935578 -0.0175513 0.00149669 -0.00180155 -0.0175513 0.0877881 -0.00180162 0.00453352 0.00149669 -0.00180162 0.0104208 -0.0187936 -0.00180155 0.00453352 -0.0187936 0.0908612 
0.0093387 -0.0175107 0.00142284 -0.0016849 -0.0175107 0.0876173 -0.00168669 0.00419118 0.00142284 -0.00168669 0.0104021 -0.0188049 -0.0016849 0.00419118 -0.0188049 0.0908996 
0.00936814 -0.0175183 0.00140131 -0.0016181 -0.0175183 0.0876193 -0.00162087 0.00398394 0.00140131 -0.00162087 0.0103615 -0.0187678 -0.0016181 0.00398394 -0.0187678 0.0908364 
0.0093972 -0.0175518 0.00141223 -0.00159928 -0.0175518 0.087677 -0.00160817 0.00389745 0.00141223 -0.00160817 0.0103277 -0.0187182 -0.00159928 0.00389745 -0.0187182 0.0907273 
0.00942044 -0.0176151 0.00142733 -0.00163202 -0.0176151 0.087853 -0.0016468 0.00395366 0.00142733 -0.0016468 0.0103233 -0.0186642 -0.00163202 0.00395366 -0.0186642 0.0905789 
0.00941285 -0.0176313 0.0014045 -0.00165489 -0.0176313 0.087943 -0.00167142 0.00402978 0.0014045 -0.00167142 0.0103723 -0.0186812 -0.00165489 0.00402978 -0.0186812 0.0905706 
0.00940955 -0.0176302 0.00140766 -0.00164745 -0.0176302 0.0879834 -0.00165894 0.00406853 0.00140766 -0.00165894 0.0104026 -0.0187451 -0.00164745 0.00406853 -0.0187451 0.0906848 
0.00939578 -0.0176772 0.00142502 -0.00165067 -0.0176772 0.0881182 -0.00165401 0.00406798 0.00142502 -0.00165401 0.0103988 -0.0187261 -0.00165067 0.00406798 -0.0187261 0.0906495 
0.0093609 -0.017669 0.00140507 -0.00164479 -0.017669 0.0881723 -0.00163853 0.00401193 0.00140507 -0.00163853 0.0103998 -0.0187031 -0.00164479 0.00401193 -0.0187031 0.09057 
0.00933393 -0.0176012 0.00137942 -0.0016357 -0.0176012 0.0880469 -0.00162149 0.00398804 0.00137942 -0.00162149 0.0104058 -0.0187189 -0.0016357 0.00398804 -0.0187189 0.0905795 
0.00933815 -0.0175501 0.00137087 -0.00161516 -0.0175501 0.0878892 -0.00160125 0.00395909 0.00137087 -0.00160125 0.0104029 -0.0187415 -0.00161516 0.00395909 -0.0187415 0.0906391 
0.00934189 -0.0175211 0.00135651 -0.00160241 -0.0175211 0.0877439 -0.00159586 0.00393274 0.00135651 -0.00159586 0.0104025 -0.018777 -0.00160241 0.00393274 -0.018777 0.0907632 
0.00932841 -0.0175244 0.00130773 -0.00157027 -0.0175244 0.0876981 -0.00157228 0.00386867 0.00130773 -0.00157228 0.0104206 -0.0187801 -0.00157027 0.00386867 -0.0187801 0.090817 
0.00930899 -0.0175461 0.0013379 -0.00151019 -0.0175461 0.0877566 -0.00151446 0.00375272 0.0013379 -0.00151446 0.0104189 -0.0187498 -0.00151019 0.00375272 -0.0187498 0.0907268 
0.0092784 -0.0174916 0.0013746 -0.00155718 -0.0174916 0.0876668 -0.00155782 0.00377742 0.0013746 -0.00155782 0.0104566 -0.0187878 -0.00155718 0.00377742 -0.0187878 0.0907966 
0.00928136 -0.0174578 0.00139611 -0.00159813 -0.0174578 0.0875678 -0.00159566 0.00386126 0.00139611 -0.00159566 0.0104355 -0.0188182 -0.00159813 0.00386126 -0.0188182 0.0908546 
0.00930229 -0.0174381 0.00139265 -0.00162328 -0.0174381 0.087467 -0.0016212 0.00393621 0.00139265 -0.0016212 0.0104303 -0.0188095 -0.00162328 0.00393621 -0.0188095 0.0908887 
0.0093164 -0.0174668 0.00136526 -0.00162022 -0.0174668 0.0874808 -0.00162398 0.00397094 0.00136526 -0.00162398 0.010438 -0.0187988 -0.00162022 0.00397094 -0.0187988 0.0908661 
0.00931842 -0.0174922 0.00133214 -0.00160372 -0.0174922 0.0875475 -0.00161166 0.00398171 0.00133214 -0.00161166 0.010471 -0.0188149 -0.00160372 0.00398171 -0.0188149 0.0908912 
0.00930422 -0.0175091 0.00131507 -0.00156275 -0.0175091 0.0876189 -0.0015707 0.00391547 0.00131507 -0.0015707 0.0105148 -0.0188525 -0.00156275 0.00391547 -0.0188525 0.0909598 
0.00929282 -0.0175119 0.0013054 -0.00154153 -0.0175119 0.0876831 -0.00154361 0.00383951 0.0013054 -0.00154361 0.0105568 -0.0189074 -0.00154153 0.00383951 -0.0189074 0.0910816 
0.00929261 -0.0175131 0.0012946 -0.00151865 -0.0175131 0.087718 -0.0015171 0.00375797 0.0012946 -0.0015171 0.0105601 -0.0189386 -0.00151865 0.00375797 -0.0189386 0.0911592 
0.00931219 -0.0175487 0.00132301 -0.00151488 -0.0175487 0.0878249 -0.00151437 0.00373532 0.00132301 -0.00151437 0.0105422 -0.0189022 -0.00151488 0.00373532 -0.0189022 0.0910886 
0.00932778 -0.0175766 0.00135226 -0.00155026 -0.0175766 0.0879208 -0.00155167 0.00378636 0.00135226 -0.00155167 0.0105156 -0.0188782 -0.00155026 0.00378636 -0.0188782 0.091012 
0.00934004 -0.0176214 0.00134041 -0.00156756 -0.0176214 0.0880565 -0.00156756 0.00381791 0.00134041 -0.00156756 0.0104806 -0.0188141 -0.00156756 0.00381791 -0.0188141 0.0908403 
0.00933565 -0.0176012 0.00128972 -0.00152703 -0.0176012 0.0880326 -0.00152657 0.00373808 0.00128972 -0.00152657 0.0104354 -0.0187927 -0.00152703 0.00373808 -0.0187927 0.0907579 
0.00932908 -0.0175822 0.00121765 -0.00147569 -0.0175822 0.0879736 -0.0014794 0.00363509 0.00121765 -0.0014794 0.0103922 -0.0187491 -0.00147569 0.00363509 -0.0187491 0.0906791 
0.00930655 -0.0175516 0.00119483 -0.00139646 -0.0175516 0.0878693 -0.00140067 0.00347692 0.00119483 -0.00140067 0.0103744 -0.0187025 -0.00139646 0.00347692 -0.0187025 0.0905818 
0.00929332 -0.0174622 0.00120358 -0.0013822 -0.0174622 0.0876201 -0.00138334 0.00339535 0.00120358 -0.00138334 0.0103919 -0.0187381 -0.0013822 0.00339535 -0.0187381 0.0906644 
0.00930579 -0.0174418 0.00124236 -0.00142386 -0.0174418 0.0874823 -0.00142147 0.00346898 0.00124236 -0.00142147 0.0103951 -0.0187694 -0.00142386 0.00346898 -0.0187694 0.0907644 
0.00929086 -0.0174524 0.0012461 -0.00144179 -0.0174524 0.0874299 -0.00143778 0.00350028 0.0012461 -0.00143778 0.0103975 -0.0187568 -0.00144179 0.00350028 -0.0187568 0.0907635 
0.00929342 -0.0174442 0.00126868 -0.00146226 -0.0174442 0.0874241 -0.00145818 0.00356571 0.00126868 -0.00145818 0.0103965 -0.0187564 -0.00146226 0.00356571 -0.0187564 0.0907547 
0.00928446 -0.0174704 0.00129428 -0.0014952 -0.0174704 0.0874873 -0.00149231 0.00364933 0.00129428 -0.00149231 0.0104047 -0.0187314 -0.0014952 0.00364933 -0.0187314 0.0906824 
0.00930863 -0.0174684 0.00135963 -0.00154175 -0.0174684 0.0875349 -0.00153871 0.00377317 0.00135963 -0.00153871 0.0104149 -0.0187475 -0.00154175 0.00377317 -0.0187475 0.0906846 
0.00935052 -0.0175312 0.00139001 -0.00160484 -0.0175312 0.0876787 -0.00159872 0.00389701 0.00139001 -0.00159872 0.0103861 -0.0187178 -0.00160484 0.00389701 -0.0187178 0.0905907 
0.00939602 -0.0176026 0.00138516 -0.00163446 -0.0176026 0.0878775 -0.00162817 0.00399003 0.00138516 -0.00162817 0.0103209 -0.0186657 -0.00163446 0.00399003 -0.0186657 0.0904505 
0.00942155 -0.0176459 0.00136969 -0.00160336 -0.0176459 0.0880071 -0.00160301 0.00395237 0.00136969 -0.00160301 0.0102632 -0.0185911 -0.00160336 0.00395237 -0.0185911 0.0902828 
0.00942867 -0.0176443 0.00138113 -0.00160077 -0.0176443 0.0880288 -0.00160642 0.00394861 0.00138113 -0.00160642 0.010257 -0.0185669 -0.00160077 0.00394861 -0.0185669 0.0902305 
0.00943295 -0.0176425 0.00141848 -0.00162429 -0.0176425 0.0880144 -0.00163202 0.00399711 0.00141848 -0.00163202 0.0102665 -0.0185666 -0.00162429 0.00399711 -0.0185666 0.090221 
0.00942612 -0.0176761 0.00142326 -0.00167225 -0.0176761 0.0880914 -0.00167468 0.00408987 0.00142326 -0.00167468 0.0102827 -0.0185479 -0.00167225 0.00408987 -0.0185479 0.0901564 
0.00940635 -0.0176856 0.00137853 -0.00166653 -0.0176856 0.0881524 -0.00165851 0.00409688 0.00137853 -0.00165851 0.0102619 -0.0185426 -0.00166653 0.00409688 -0.0185426 0.0900921 
0.00936725 -0.0176072 0.0013467 -0.00161355 -0.0176072 0.0879911 -0.0016007 0.00400701 0.0013467 -0.0016007 0.0102879 -0.0185764 -0.00161355 0.00400701 -0.0185764 0.0901997 
0.00937355 -0.0175318 0.00136084 -0.00158452 -0.0175318 0.0877845 -0.00157292 0.00392775 0.00136084 -0.00157292 0.0103162 -0.0186478 -0.00158452 0.00392775 -0.0186478 0.0903986 
0.00938754 -0.0175735 0.00138292 -0.00158754 -0.0175735 0.0877955 -0.00158337 0.00389502 0.00138292 -0.00158337 0.0103234 -0.0186421 -0.00158754 0.00389502 -0.0186421 0.0904219 
0.00940549 -0.0176127 0.00138332 -0.00161152 -0.0176127 0.0879013 -0.00161531 0.00393351 0.00138332 -0.00161531 0.0103054 -0.0186343 -0.00161152 0.00393351 -0.0186343 0.0903941 
0.00938699 -0.0176178 0.00139845 -0.00162438 -0.0176178 0.0879336 -0.00163228 0.00399507 0.00139845 -0.00163228 0.0103288 -0.0186394 -0.00162438 0.00399507 -0.0186394 0.0904304 
0.00937336 -0.0175469 0.00141313 -0.00162752 -0.0175469 0.0877819 -0.00163279 0.00399695 0.00141313 -0.00163279 0.0103612 -0.0187217 -0.00162752 0.00399695 -0.0187217 0.0906311 
0.00937911 -0.0175718 0.00141213 -0.0016494 -0.0175718 0.0877958 -0.00165271 0.00403565 0.00141213 -0.00165271 0.0103695 -0.0187166 -0.0016494 0.00403565 -0.0187166 0.0906596 
0.00939361 -0.0176178 0.00142972 -0.00165278 -0.0176178 0.0879272 -0.00165389 0.00406138 0.00142972 -0.00165389 0.0103475 -0.0186895 -0.00165278 0.00406138 -0.0186895 0.0905774 
0.00942647 -0.0176122 0.00146897 -0.00167916 -0.0176122 0.0879535 -0.00168084 0.00411174 0.00146897 -0.00168084 0.0103363 -0.0187019 -0.00167916 0.00411174 -0.0187019 0.0906104 
0.00944132 -0.0176416 0.00148042 -0.00171472 -0.0176416 0.0879846 -0.00171957 0.00417942 0.00148042 -0.00171957 0.0103208 -0.0186924 -0.00171472 0.00417942 -0.0186924 0.0906139 
0.00945899 -0.0176743 0.00151269 -0.00173976 -0.0176743 0.088068 -0.00174537 0.00426418 0.00151269 -0.00174537 0.0103023 -0.0186581 -0.00173976 0.00426418 -0.0186581 0.090544 
0.00944794 -0.0176843 0.00147347 -0.00174304 -0.0176843 0.0880953 -0.00174573 0.00425203 0.00147347 -0.00174573 0.0102891 -0.0186275 -0.00174304 0.00425203 -0.0186275 0.0904499 
0.00941705 -0.0176693 0.00144924 -0.00172021 -0.0176693 0.0880773 -0.00172004 0.00424286 0.00144924 -0.00172004 0.0102988 -0.0186087 -0.00172021 0.00424286 -0.0186087 0.0903815 
0.00939761 -0.0176284 0.00146364 -0.00170588 -0.0176284 0.0880037 -0.0017016 0.00422046 0.00146364 -0.0017016 0.0103208 -0.0186258 -0.00170588 0.00422046 -0.0186258 0.0903886 
0.0094045 -0.0176322 0.00148877 -0.00173221 -0.0176322 0.0880074 -0.0017237 0.00425562 0.00148877 -0.0017237 0.0103161 -0.0186236 -0.00173221 0.00425562 -0.0186236 0.0903584 
0.00942072 -0.0176292 0.00154473 -0.00176903 -0.0176292 0.0880041 -0.00175968 0.00433654 0.00154473 -0.00175968 0.0103292 -0.018646 -0.00176903 0.00433654 -0.018646 0.0904173 
0.00942726 -0.0176154 0.00157434 -0.00180062 -0.0176154 0.0879366 -0.00179582 0.00438316 0.00157434 -0.00179582 0.0103391 -0.0186902 -0.00180062 0.00438316 -0.0186902 0.0905375 
0.00941974 -0.0176124 0.0015617 -0.00184419 -0.0176124 0.0878992 -0.00184643 0.00449308 0.0015617 -0.00184643 0.0103652 -0.0187318 -0.00184419 0.00449308 -0.0187318 0.0906892 
0.00941138 -0.0176375 0.00151745 -0.00182014 -0.0176375 0.0879618 -0.00182628 0.00449734 0.00151745 -0.00182628 0.0103758 -0.0187213 -0.00182014 0.00449734 -0.0187213 0.0906799 
0.00937219 -0.0176119 0.00140314 -0.00174652 -0.0176119 0.0879236 -0.00175114 0.00434734 0.00140314 -0.00175114 0.0103841 -0.0187397 -0.00174652 0.00434734 -0.0187397 0.0907056 
0.00937278 -0.0175627 0.00134773 -0.00163047 -0.0175627 0.0878379 -0.00162838 0.00411805 0.00134773 -0.00162838 0.0104008 -0.0187663 -0.00163047 0.00411805 -0.0187663 0.0907812 
0.00939904 -0.0176003 0.00133302 -0.00152674 -0.0176003 0.0878912 -0.00152431 0.00380714 0.00133302 -0.00152431 0.0103545 -0.0187262 -0.00152674 0.00380714 -0.0187262 0.0906661 
0.00938596 -0.0176416 0.0013236 -0.00151065 -0.0176416 0.0879939 -0.00151663 0.00367855 0.0013236 -0.00151663 0.0103323 -0.0186511 -0.00151065 0.00367855 -0.0186511 0.0904794 
