0.00659852 0 2.24745e-05 0 0 0.00999218 0 0 2.24745e-05 0 0.00797397 0 0 0 0 0.00999218 
0.00946047 -0.0117702 1.64102e-05 -1.23076e-05 -0.0117702 0.0317537 -1.23076e-05 2.46153e-05 1.64102e-05 -1.23076e-05 0.0111015 -0.0137723 -1.23076e-05 2.46153e-05 -0.0137723 0.0355978 
0.00961399 -0.0182682 4.1547e-06 2.07735e-05 -0.0182682 0.0676635 2.07735e-05 -8.72488e-05 4.1547e-06 2.07735e-05 0.0110681 -0.0204287 2.07735e-05 -8.72488e-05 -0.0204287 0.0744523 
0.00905539 -0.0182437 4.0282e-05 -4.0282e-06 -0.0182437 0.0827432 1.20846e-05 -8.86203e-05 4.0282e-05 1.20846e-05 0.0104935 -0.0198429 -4.0282e-06 -8.86203e-05 -0.0198429 0.0877221 
0.00889446 -0.0175383 4.24096e-05 -1.54217e-05 -0.0175383 0.0864386 0 -6.93976e-05 4.24096e-05 0 0.0105831 -0.019146 -1.54217e-05 -6.93976e-05 -0.019146 0.0902554 
0.0089503 -0.0172563 5.89078e-05 -2.20904e-05 -0.0172563 0.0871356 -7.36347e-06 -1.47269e-05 5.89078e-05 -7.36347e-06 0.0108353 -0.0192003 -2.20904e-05 -1.47269e-05 -0.0192003 0.0912518 
0.00903346 -0.0171978 7.12418e-05 -2.13725e-05 -0.0171978 0.0871715 -7.12418e-06 -2.13725e-05 7.12418e-05 -7.12418e-06 0.0109641 -0.0194241 -2.13725e-05 -2.13725e-05 -0.0194241 0.092105 
0.00908424 -0.0172255 5.58815e-05 -2.44482e-05 -0.0172255 0.0871472 -2.09556e-05 -2.79408e-05 5.58815e-05 -2.09556e-05 0.0109912 -0.0195061 -2.44482e-05 -2.79408e-05 -0.0195061 0.0925643 
0.00913481 -0.0172791 4.12717e-05 -2.06359e-05 -0.0172791 0.0872037 -2.40752e-05 0 4.12717e-05 -2.40752e-05 0.0109748 -0.0194974 -2.06359e-05 0 -0.0194974 0.0926516 
0.00919617 -0.0173509 3.40347e-05 -2.04208e-05 -0.0173509 0.0873262 -2.72277e-05 1.36139e-05 3.40347e-05 -2.72277e-05 0.0109421 -0.0194678 -2.04208e-05 1.36139e-05 -0.0194678 0.0925743 
0.00926711 -0.017425 2.71365e-05 3.39206e-06 -0.017425 0.0875084 0 -2.71365e-05 2.71365e-05 0 0.0108682 -0.0194128 3.39206e-06 -2.71365e-05 -0.0194128 0.0924337 
0.00929606 -0.0175298 1.35758e-05 -2.03638e-05 -0.0175298 0.087778 -2.03638e-05 2.03638e-05 1.35758e-05 -2.03638e-05 0.0108166 -0.0193184 -2.03638e-05 2.03638e-05 -0.0193184 0.0922173 
0.00931282 -0.0175671 3.73191e-05 -3.05338e-05 -0.0175671 0.0879442 -3.39265e-05 7.46383e-05 3.73191e-05 -3.39265e-05 0.010792 -0.0192702 -3.05338e-05 7.46383e-05 -0.0192702 0.0920663 
0.00932946 -0.0175749 5.42016e-05 -5.0814e-05 -0.0175749 0.0880065 -5.75892e-05 0.000115178 5.42016e-05 -5.75892e-05 0.0107658 -0.0192484 -5.0814e-05 0.000115178 -0.0192484 0.0919904 
0.00930871 -0.0175933 4.74761e-05 -3.73027e-05 -0.0175933 0.0880411 -4.74761e-05 9.15611e-05 4.74761e-05 -4.74761e-05 0.0107703 -0.0192177 -3.73027e-05 9.15611e-05 -0.0192177 0.091907 
0.00933148 -0.0175478 5.76226e-05 -6.44018e-05 -0.0175478 0.0879728 -6.77913e-05 0.000142362 5.76226e-05 -6.77913e-05 0.0107348 -0.019246 -6.44018e-05 0.000142362 -0.019246 0.0919589 
0.00934567 -0.0175654 4.39557e-05 -6.08618e-05 -0.0175654 0.0879554 -6.08618e-05 0.000142011 4.39557e-05 -6.08618e-05 0.0107151 -0.0192053 -6.08618e-05 0.000142011 -0.0192053 0.0919419 
0.00933682 -0.0175983 2.36718e-05 -1.69084e-05 -0.0175983 0.0880218 -1.0145e-05 4.05802e-05 2.36718e-05 -1.0145e-05 0.0107165 -0.0191809 -1.69084e-05 4.05802e-05 -0.0191809 0.0918667 
0.00934206 -0.0175972 2.03162e-05 -1.01581e-05 -0.0175972 0.0880504 -3.38603e-06 1.35441e-05 2.03162e-05 -3.38603e-06 0.0107032 -0.0191649 -1.01581e-05 1.35441e-05 -0.0191649 0.0917987 
0.0093537 -0.0175892 1.35955e-05 1.01966e-05 -0.0175892 0.0880411 1.35955e-05 -4.75842e-05 1.35955e-05 1.35955e-05 0.0106453 -0.0191323 1.01966e-05 -4.75842e-05 -0.0191323 0.0917288 
0.00940729 -0.0176136 2.38159e-05 1.36091e-05 -0.0176136 0.0880781 1.36091e-05 -7.14478e-05 2.38159e-05 1.36091e-05 0.0105607 -0.0190663 1.36091e-05 -7.14478e-05 -0.0190663 0.0915858 
0.00942034 -0.0176847 2.71186e-05 1.35593e-05 -0.0176847 0.0882136 1.69492e-05 -0.000105085 2.71186e-05 1.69492e-05 0.0105593 -0.0189661 1.35593e-05 -0.000105085 -0.0189661 0.0913729 
0.00939943 -0.0176931 4.7489e-05 -2.03524e-05 -0.0176931 0.0882855 -2.37445e-05 -2.71366e-05 4.7489e-05 -2.37445e-05 0.0105799 -0.0189549 -2.03524e-05 -2.71366e-05 -0.0189549 0.0912603 
0.00936201 -0.0176563 6.10124e-05 -4.74541e-05 -0.0176563 0.0882205 -5.08437e-05 7.45707e-05 6.10124e-05 -5.08437e-05 0.0106128 -0.0189952 -4.74541e-05 7.45707e-05 -0.0189952 0.0913084 
0.00938411 -0.0175778 4.40887e-05 -5.76545e-05 -0.0175778 0.0880418 -5.08716e-05 0.000111918 4.40887e-05 -5.08716e-05 0.0105813 -0.0190701 -5.76545e-05 0.000111918 -0.0190701 0.0914977 
0.00940609 -0.0176088 4.75914e-05 -5.43901e-05 -0.0176088 0.0880202 -5.09908e-05 0.000132576 4.75914e-05 -5.09908e-05 0.0105517 -0.0190263 -5.43901e-05 0.000132576 -0.0190263 0.0915114 
0.00939592 -0.0176484 3.74339e-05 -3.40309e-05 -0.0176484 0.0881093 -2.04185e-05 7.14648e-05 3.74339e-05 -2.04185e-05 0.010553 -0.0189756 -3.40309e-05 7.14648e-05 -0.0189756 0.0913967 
0.0093739 -0.017644 3.07565e-05 -3.07565e-05 -0.017644 0.0881413 -2.73391e-05 7.17652e-05 3.07565e-05 -2.73391e-05 0.0105529 -0.0189699 -3.07565e-05 7.17652e-05 -0.0189699 0.0913297 
0.00937543 -0.0176224 4.0911e-05 -6.13664e-05 -0.0176224 0.0881086 -5.79572e-05 0.000167053 4.0911e-05 -5.79572e-05 0.0105584 -0.0189793 -6.13664e-05 0.000167053 -0.0189793 0.0913473 
0.00939847 -0.017626 3.75529e-05 -3.75529e-05 -0.017626 0.0881094 -4.43807e-05 0.000129728 3.75529e-05 -4.43807e-05 0.010549 -0.0189779 -3.75529e-05 0.000129728 -0.0189779 0.0913219 
0.00939064 -0.0176451 2.39557e-05 -6.84449e-06 -0.0176451 0.0881399 -1.02667e-05 2.39557e-05 2.39557e-05 -1.02667e-05 0.0105474 -0.0189558 -6.84449e-06 2.39557e-05 -0.0189558 0.0912883 
0.00937325 -0.0176385 6.83929e-06 -3.41965e-06 -0.0176385 0.0881379 -1.02589e-05 6.83929e-06 6.83929e-06 -1.02589e-05 0.0105564 -0.0189551 -3.41965e-06 6.83929e-06 -0.0189551 0.0912532 
0.00933785 -0.0176002 -1.02426e-05 2.38994e-05 -0.0176002 0.0880592 1.36568e-05 -5.46273e-05 -1.02426e-05 1.36568e-05 0.0105874 -0.0189761 2.38994e-05 -5.46273e-05 -0.0189761 0.0912822 
0.00927408 -0.0175605 3.40583e-06 1.70292e-05 -0.0175605 0.0879556 1.02175e-05 -3.40583e-05 3.40583e-06 1.02175e-05 0.0106603 -0.0190148 1.70292e-05 -3.40583e-05 -0.0190148 0.0913717 
0.00919069 -0.0174957 2.04389e-05 3.40648e-06 -0.0174957 0.0878293 -3.40648e-06 -1.70324e-05 2.04389e-05 -3.40648e-06 0.0107543 -0.019107 3.40648e-06 -1.70324e-05 -0.019107 0.0915492 
0.00925379 -0.0174145 4.07357e-05 -5.09196e-05 -0.0174145 0.0876632 -5.09196e-05 0.000108628 4.07357e-05 -5.09196e-05 0.0107372 -0.0192171 -5.09196e-05 0.000108628 -0.0192171 0.0918114 
0.00927276 -0.0174684 4.07743e-05 -6.45593e-05 -0.0174684 0.0876512 -6.79572e-05 0.000169893 4.07743e-05 -6.79572e-05 0.0107304 -0.0192081 -6.45593e-05 0.000169893 -0.0192081 0.0919257 
0.00924828 -0.0174849 3.41769e-05 -2.73415e-05 -0.0174849 0.0876912 -2.73415e-05 8.54423e-05 3.41769e-05 -2.73415e-05 0.0107384 -0.0192109 -2.73415e-05 8.54423e-05 -0.0192109 0.0919667 
0.00923365 -0.0174714 4.44913e-05 -2.39569e-05 -0.0174714 0.0877095 -2.39569e-05 5.47585e-05 4.44913e-05 -2.39569e-05 0.0107532 -0.0192202 -2.39569e-05 5.47585e-05 -0.0192202 0.0919772 
0.00926014 -0.0174445 7.48982e-05 -6.80893e-05 -0.0174445 0.0876718 -8.17071e-05 0.000163414 7.48982e-05 -8.17071e-05 0.0107683 -0.0192488 -6.80893e-05 0.000163414 -0.0192488 0.0920533 
0.00925857 -0.0174926 7.12459e-05 -0.000105172 -0.0174926 0.0877342 -0.000105172 0.000251057 7.12459e-05 -0.000105172 0.0107954 -0.0192466 -0.000105172 0.000251057 -0.0192466 0.0920496 
0.00930065 -0.0174997 5.42312e-05 -9.49046e-05 -0.0174997 0.0877902 -8.81257e-05 0.000240651 5.42312e-05 -8.81257e-05 0.0107785 -0.0192792 -9.49046e-05 0.000240651 -0.0192792 0.0920846 
0.00928321 -0.0175425 3.72956e-05 -6.78102e-05 -0.0175425 0.0878752 -6.10292e-05 0.000189868 3.72956e-05 -6.10292e-05 0.0107988 -0.0192581 -6.78102e-05 0.000189868 -0.0192581 0.0920727 
0.00925133 -0.0175281 2.03029e-05 -4.06057e-05 -0.0175281 0.0879046 -3.72219e-05 0.000125201 2.03029e-05 -3.72219e-05 0.0108485 -0.0192877 -4.06057e-05 0.000125201 -0.0192877 0.0921174 
0.00924128 -0.0174963 -6.75532e-06 3.37766e-06 -0.0174963 0.0878664 1.0133e-05 6.75532e-06 -6.75532e-06 1.0133e-05 0.0108761 -0.0193405 3.37766e-06 6.75532e-06 -0.0193405 0.0922169 
0.00929098 -0.0174829 -1.01763e-05 3.0529e-05 -0.0174829 0.0878115 4.07053e-05 -8.14106e-05 -1.01763e-05 4.07053e-05 0.0108005 -0.0193588 3.0529e-05 -8.14106e-05 -0.0193588 0.0922755 
0.00931192 -0.0175495 3.39975e-06 3.39975e-06 -0.0175495 0.0879074 1.3599e-05 -4.75965e-05 3.39975e-06 1.3599e-05 0.0107534 -0.019263 3.39975e-06 -4.75965e-05 -0.019263 0.0921367 
0.0093184 -0.0175683 2.37455e-05 -1.69611e-05 -0.0175683 0.0879736 -6.78442e-06 1.69611e-05 2.37455e-05 -6.78442e-06 0.0107397 -0.0192169 -1.69611e-05 1.69611e-05 -0.0192169 0.0919968 
0.0093122 -0.0175736 3.37888e-06 6.75776e-06 -0.0175736 0.0880131 6.75776e-06 -4.05466e-05 3.37888e-06 6.75776e-06 0.010755 -0.0191954 6.75776e-06 -4.05466e-05 -0.0191954 0.0918988 
0.00928388 -0.0175722 -1.01242e-05 2.69978e-05 -0.0175722 0.0880096 1.68737e-05 -6.74946e-05 -1.01242e-05 1.68737e-05 0.010789 -0.0192123 2.69978e-05 -6.74946e-05 -0.0192123 0.0918939 
0.00922504 -0.0175363 -6.74345e-06 4.38324e-05 -0.0175363 0.0879582 2.69738e-05 -0.000107895 -6.74345e-06 2.69738e-05 0.0108536 -0.0192627 4.38324e-05 -0.000107895 -0.0192627 0.0919942 
0.00922117 -0.0174662 -2.3644e-05 5.06657e-05 -0.0174662 0.087824 3.71549e-05 -0.000155375 -2.3644e-05 3.71549e-05 0.0108796 -0.0193543 5.06657e-05 -0.000155375 -0.0193543 0.0922117 
0.00918103 -0.0174572 -3.05018e-05 5.42253e-05 -0.0174572 0.0877434 3.72799e-05 -0.00014912 -3.05018e-05 3.72799e-05 0.0109128 -0.0193856 5.42253e-05 -0.00014912 -0.0193856 0.0923627 
0.0091683 -0.0174167 -1.01832e-05 6.78882e-06 -0.0174167 0.0876742 0 -2.37609e-05 -1.01832e-05 0 0.0109028 -0.0194024 6.78882e-06 -2.37609e-05 -0.0194024 0.0923958 
0.00915687 -0.0173902 1.36314e-05 -4.77098e-05 -0.0173902 0.0875849 -5.11176e-05 0.000129498 1.36314e-05 -5.11176e-05 0.0108778 -0.0193872 -4.77098e-05 0.000129498 -0.0193872 0.0923763 
0.00918169 -0.0173648 1.02246e-05 -3.74902e-05 -0.0173648 0.0875089 -3.74902e-05 0.000143144 1.02246e-05 -3.74902e-05 0.0108313 -0.0193654 -3.74902e-05 0.000143144 -0.0193654 0.0923418 
0.00920818 -0.017386 1.02351e-05 1.70585e-05 -0.017386 0.0874862 1.36468e-05 -1.02351e-05 1.02351e-05 1.36468e-05 0.0108049 -0.0193273 1.70585e-05 -1.02351e-05 -0.0193273 0.0922865 
0.0093048 -0.0174368 -1.69486e-05 5.76254e-05 -0.0174368 0.0875872 5.76254e-05 -0.000162707 -1.69486e-05 5.76254e-05 0.0107319 -0.019274 5.76254e-05 -0.000162707 -0.019274 0.0921633 
0.00938031 -0.0175687 -2.02017e-05 3.36695e-05 -0.0175687 0.0878436 3.70364e-05 -0.000138045 -2.02017e-05 3.70364e-05 0.0106901 -0.0191748 3.36695e-05 -0.000138045 -0.0191748 0.0919277 
0.00940501 -0.0176534 -1.34887e-05 1.68609e-05 -0.0176534 0.0881117 3.03496e-05 -7.75602e-05 -1.34887e-05 3.03496e-05 0.0106797 -0.0191371 1.68609e-05 -7.75602e-05 -0.0191371 0.0917874 
0.00944363 -0.0176967 -1.35296e-05 0 -0.0176967 0.0882871 1.01472e-05 -1.69119e-05 -1.35296e-05 1.01472e-05 0.0106308 -0.0191173 0 -1.69119e-05 -0.0191173 0.091683 
0.00943291 -0.0177066 -1.68988e-05 3.37976e-06 -0.0177066 0.0883199 6.75952e-06 0 -1.68988e-05 6.75952e-06 0.0106158 -0.0190686 3.37976e-06 0 -0.0190686 0.0916016 
0.00941221 -0.017702 -2.36658e-05 4.05699e-05 -0.017702 0.0883274 4.39507e-05 -8.79014e-05 -2.36658e-05 4.39507e-05 0.0106192 -0.0190611 4.05699e-05 -8.79014e-05 -0.0190611 0.0915696 
0.00942151 -0.0176823 -2.36891e-05 3.72258e-05 -0.0176823 0.0882996 4.061e-05 -0.000104909 -2.36891e-05 4.061e-05 0.010606 -0.019063 3.72258e-05 -0.000104909 -0.019063 0.0915552 
0.00938141 -0.0177001 -4.39965e-05 4.39965e-05 -0.0177001 0.0883314 5.07652e-05 -0.000135374 -4.39965e-05 5.07652e-05 0.0106302 -0.01902 4.39965e-05 -0.000135374 -0.01902 0.0914518 
0.00935598 -0.0176623 -2.0317e-05 2.37032e-05 -0.0176623 0.0882944 2.70894e-05 -5.75649e-05 -2.0317e-05 2.70894e-05 0.0106495 -0.0190438 2.37032e-05 -5.75649e-05 -0.0190438 0.0914536 
0.00929715 -0.0176178 -6.78129e-06 1.35626e-05 -0.0176178 0.0881805 1.35626e-05 -2.71252e-05 -6.78129e-06 1.35626e-05 0.0106975 -0.0190826 1.35626e-05 -2.71252e-05 -0.0190826 0.0915271 
0.00925895 -0.0175479 3.39156e-06 1.01747e-05 -0.0175479 0.0880346 6.78311e-06 -2.37409e-05 3.39156e-06 6.78311e-06 0.0107275 -0.0191352 1.01747e-05 -2.37409e-05 -0.0191352 0.0916398 
0.00922568 -0.0174904 6.79108e-06 2.71643e-05 -0.0174904 0.0878664 2.37688e-05 -7.80974e-05 6.79108e-06 2.37688e-05 0.0107367 -0.0191678 2.71643e-05 -7.80974e-05 -0.0191678 0.0917339 
0.00924377 -0.0174313 6.81443e-06 0 -0.0174313 0.0876778 -1.36289e-05 -1.36289e-05 6.81443e-06 -1.36289e-05 0.0107089 -0.0192167 0 -1.36289e-05 -0.0192167 0.0918823 
0.00931035 -0.0174654 -1.69897e-05 2.03876e-05 -0.0174654 0.0876872 1.01938e-05 -4.75712e-05 -1.69897e-05 1.01938e-05 0.0106729 -0.019178 2.03876e-05 -4.75712e-05 -0.019178 0.0918939 
0.00937897 -0.0175541 -2.38045e-05 3.40064e-05 -0.0175541 0.0878454 2.38045e-05 -6.46122e-05 -2.38045e-05 2.38045e-05 0.0106134 -0.0191116 3.40064e-05 -6.46122e-05 -0.0191116 0.0917562 
0.00940028 -0.0176502 -2.3824e-05 1.36137e-05 -0.0176502 0.0880945 6.80687e-06 -2.04206e-05 -2.3824e-05 6.80687e-06 0.0105949 -0.0190286 1.36137e-05 -2.04206e-05 -0.0190286 0.0915489 
0.00939808 -0.0176602 -1.70564e-05 -1.36451e-05 -0.0176602 0.0881953 -1.70564e-05 7.84595e-05 -1.70564e-05 -1.70564e-05 0.010592 -0.0190247 -1.36451e-05 7.84595e-05 -0.0190247 0.0914735 
0.00941216 -0.0176294 -6.82783e-06 -3.41391e-06 -0.0176294 0.088137 3.41391e-06 4.77948e-05 -6.82783e-06 3.41391e-06 0.0105524 -0.0190223 -3.41391e-06 4.77948e-05 -0.0190223 0.0914451 
0.00937029 -0.0176191 -2.72689e-05 3.06776e-05 -0.0176191 0.088048 3.06776e-05 -4.4312e-05 -2.72689e-05 3.06776e-05 0.0105667 -0.0189894 3.06776e-05 -4.4312e-05 -0.0189894 0.0914055 
0.0093066 -0.0175988 -3.06362e-05 2.72322e-05 -0.0175988 0.0880076 4.42523e-05 -8.51006e-05 -3.06362e-05 4.42523e-05 0.0106171 -0.0189808 2.72322e-05 -8.51006e-05 -0.0189808 0.0913368 
0.00931233 -0.0175139 -5.45178e-05 3.40736e-05 -0.0175139 0.0878623 4.42957e-05 -9.19988e-05 -5.45178e-05 4.42957e-05 0.0105867 -0.0190404 3.40736e-05 -9.19988e-05 -0.0190404 0.0913991 
0.00934832 -0.0175221 -9.56e-05 9.21857e-05 -0.0175221 0.0877915 9.56e-05 -0.000204857 -9.56e-05 9.56e-05 0.0105331 -0.0190107 9.21857e-05 -0.000204857 -0.0190107 0.091397 
0.00935507 -0.017584 -9.92671e-05 0.000119805 -0.017584 0.087913 0.000116382 -0.000263571 -9.92671e-05 0.000116382 0.0105086 -0.0189189 0.000119805 -0.000263571 -0.0189189 0.0912299 
0.00934356 -0.0175786 -8.21111e-05 8.21111e-05 -0.0175786 0.0879478 7.86898e-05 -0.000198435 -8.21111e-05 7.86898e-05 0.0105171 -0.0189095 8.21111e-05 -0.000198435 -0.0189095 0.0911536 
0.00937111 -0.0175551 -7.50507e-05 8.86963e-05 -0.0175551 0.0879015 8.52849e-05 -0.000208095 -7.50507e-05 8.52849e-05 0.0105071 -0.0189367 8.86963e-05 -0.000208095 -0.0189367 0.0911935 
0.00938813 -0.0175788 -7.86906e-05 0.000109483 -0.0175788 0.0878871 9.92186e-05 -0.000246336 -7.86906e-05 9.92186e-05 0.0104795 -0.0189234 0.000109483 -0.000246336 -0.0189234 0.0912127 
0.00938434 -0.0175991 -5.47192e-05 7.86588e-05 -0.0175991 0.0879372 7.18189e-05 -0.000194937 -5.47192e-05 7.18189e-05 0.0104821 -0.0188952 7.86588e-05 -0.000194937 -0.0188952 0.0911656 
0.0093786 -0.0176109 -3.07048e-05 3.41164e-05 -0.0176109 0.0880033 2.72931e-05 -8.87027e-05 -3.07048e-05 2.72931e-05 0.0105044 -0.0188834 3.41164e-05 -8.87027e-05 -0.0188834 0.0911113 
0.00934704 -0.0176248 -2.04979e-05 3.41632e-06 -0.0176248 0.0880726 3.41632e-06 0 -2.04979e-05 3.41632e-06 0.0105291 -0.0188786 3.41632e-06 0 -0.0188786 0.0910346 
0.00933765 -0.0175778 -1.36765e-05 6.83826e-06 -0.0175778 0.0880221 6.83826e-06 1.70957e-05 -1.36765e-05 6.83826e-06 0.0105275 -0.0189146 6.83826e-06 1.70957e-05 -0.0189146 0.0910822 
0.00932847 -0.0175603 -1.37083e-05 2.74165e-05 -0.0175603 0.0879316 2.05624e-05 -3.42706e-05 -1.37083e-05 2.05624e-05 0.0105211 -0.0189242 2.74165e-05 -3.42706e-05 -0.0189242 0.0911359 
0.009318 -0.0175416 0 1.02923e-05 -0.0175416 0.087876 -6.86156e-06 -3.43078e-06 0 -6.86156e-06 0.0105016 -0.0189036 1.02923e-05 -3.43078e-06 -0.0189036 0.0910872 
0.00929699 -0.0175282 -3.42683e-06 -3.42683e-06 -0.0175282 0.0878296 -1.37073e-05 1.71341e-05 -3.42683e-06 -1.37073e-05 0.0105101 -0.0188818 -3.42683e-06 1.71341e-05 -0.0188818 0.0910508 
0.0092864 -0.0174998 -2.05679e-05 -3.42798e-06 -0.0174998 0.0877529 -1.02839e-05 2.05679e-05 -2.05679e-05 -1.02839e-05 0.0105102 -0.0188985 -3.42798e-06 2.05679e-05 -0.0188985 0.0910574 
0.00932809 -0.017464 -2.74053e-05 1.0277e-05 -0.017464 0.0876628 1.0277e-05 -3.42567e-06 -2.74053e-05 1.0277e-05 0.0104723 -0.0189165 1.0277e-05 -3.42567e-06 -0.0189165 0.0911193 
0.00942238 -0.0175182 -3.76075e-05 4.10263e-05 -0.0175182 0.0877075 4.44452e-05 -8.20527e-05 -3.76075e-05 4.44452e-05 0.0103797 -0.0188584 4.10263e-05 -8.20527e-05 -0.0188584 0.0910477 
0.00943303 -0.0176275 -4.79007e-05 4.79007e-05 -0.0176275 0.0879047 5.47437e-05 -0.000123173 -4.79007e-05 5.47437e-05 0.0103705 -0.0187566 4.79007e-05 -0.000123173 -0.0187566 0.0908472 
0.0094587 -0.0176631 -3.08436e-05 3.08436e-05 -0.0176631 0.0880687 4.11248e-05 -8.91037e-05 -3.08436e-05 4.11248e-05 0.0103463 -0.0187289 3.08436e-05 -8.91037e-05 -0.0187289 0.0907315 
0.00947924 -0.0176918 -4.79268e-05 3.08101e-05 -0.0176918 0.0881614 4.45035e-05 -9.58536e-05 -4.79268e-05 4.45035e-05 0.0103317 -0.018712 3.08101e-05 -9.58536e-05 -0.018712 0.0906707 
0.00945398 -0.0176945 -7.19846e-05 4.11341e-05 -0.0176945 0.0881743 5.14176e-05 -9.59795e-05 -7.19846e-05 5.14176e-05 0.0103589 -0.018716 4.11341e-05 -9.59795e-05 -0.018716 0.0906698 
0.00941522 -0.0176669 -7.91774e-05 6.88499e-05 -0.0176669 0.0881313 8.60624e-05 -0.000158355 -7.91774e-05 8.60624e-05 0.0103688 -0.0187203 6.88499e-05 -0.000158355 -0.0187203 0.0906581 
0.0093411 -0.0176134 -9.96659e-05 9.96659e-05 -0.0176134 0.088036 0.000106539 -0.000237136 -9.96659e-05 0.000106539 0.0104443 -0.0187475 9.96659e-05 -0.000237136 -0.0187475 0.0907235 
0.00930194 -0.0175266 -7.52363e-05 8.54958e-05 -0.0175266 0.0878418 9.57553e-05 -0.00020519 -7.52363e-05 9.57553e-05 0.010492 -0.0188296 8.54958e-05 -0.00020519 -0.0188296 0.0908649 
0.00929623 -0.0174671 -5.79736e-05 9.20757e-05 -0.0174671 0.0876561 8.52553e-05 -0.000218253 -5.79736e-05 8.52553e-05 0.0105103 -0.0189028 9.20757e-05 -0.000218253 -0.0189028 0.0910492 
0.00931246 -0.0174609 -2.73093e-05 5.12049e-05 -0.0174609 0.0875569 4.09639e-05 -0.00013996 -2.73093e-05 4.09639e-05 0.0104902 -0.0189253 5.12049e-05 -0.00013996 -0.0189253 0.0911617 
0.00940381 -0.0174754 -1.02215e-05 1.02215e-05 -0.0174754 0.0875679 -3.40718e-06 -2.04431e-05 -1.02215e-05 -3.40718e-06 0.0103919 -0.018903 1.02215e-05 -2.04431e-05 -0.018903 0.0911795 
0.00946473 -0.0175988 0 -1.36478e-05 -0.0175988 0.0877893 -1.70597e-05 5.11792e-05 0 -1.70597e-05 0.010328 -0.0187828 -1.36478e-05 5.11792e-05 -0.0187828 0.0909693 
0.00946655 -0.0176848 -1.368e-05 -1.026e-05 -0.0176848 0.0880546 -2.052e-05 6.15599e-05 -1.368e-05 -2.052e-05 0.0103215 -0.0186937 -1.026e-05 6.15599e-05 -0.0186937 0.0907325 
0.0094552 -0.0177092 -2.05921e-05 3.43202e-06 -0.0177092 0.08822 -3.43202e-06 3.43202e-05 -2.05921e-05 -3.43202e-06 0.0103235 -0.0186633 3.43202e-06 3.43202e-05 -0.0186633 0.0905709 
0.00946973 -0.0176883 -2.06237e-05 0 -0.0176883 0.0882111 0 3.78102e-05 -2.06237e-05 0 0.0102912 -0.0186714 0 3.78102e-05 -0.0186714 0.0905244 
0.00950537 -0.0176949 -1.37064e-05 -6.85319e-06 -0.0176949 0.0882074 0 4.45457e-05 -1.37064e-05 0 0.0102695 -0.018651 -6.85319e-06 4.45457e-05 -0.018651 0.09051 
0.009524 -0.0177699 -3.4173e-05 1.70865e-05 -0.0177699 0.0883542 3.07557e-05 -2.73384e-05 -3.4173e-05 3.07557e-05 0.0102895 -0.0185969 1.70865e-05 -2.73384e-05 -0.0185969 0.0903909 
0.00948762 -0.017785 -3.42019e-05 3.76221e-05 -0.017785 0.0884428 3.07818e-05 -4.78827e-05 -3.42019e-05 3.07818e-05 0.0103427 -0.0186264 3.76221e-05 -4.78827e-05 -0.0186264 0.0903855 
0.00944346 -0.0177189 -4.45285e-05 2.39769e-05 -0.0177189 0.0883411 1.02758e-05 -2.74021e-05 -4.45285e-05 1.02758e-05 0.0103854 -0.0187122 2.39769e-05 -2.74021e-05 -0.0187122 0.0905504 
0.00938283 -0.017659 -5.49909e-05 3.78063e-05 -0.017659 0.0881814 2.74955e-05 -3.43693e-05 -5.49909e-05 2.74955e-05 0.010438 -0.018776 3.78063e-05 -3.43693e-05 -0.018776 0.0907419 
0.00937175 -0.0175845 -5.48657e-05 2.74329e-05 -0.0175845 0.0879978 2.40038e-05 -1.37164e-05 -5.48657e-05 2.40038e-05 0.0104554 -0.0188395 2.74329e-05 -1.37164e-05 -0.0188395 0.0909057 
0.00935035 -0.0175653 -4.11607e-05 1.37202e-05 -0.0175653 0.0878747 2.05804e-05 1.37202e-05 -4.11607e-05 2.05804e-05 0.010472 -0.0188585 1.37202e-05 1.37202e-05 -0.0188585 0.0909961 
0.00935928 -0.0175358 -3.42831e-05 2.39982e-05 -0.0175358 0.0878024 3.08548e-05 3.42831e-06 -3.42831e-05 3.08548e-05 0.0104632 -0.0188763 2.39982e-05 3.42831e-06 -0.0188763 0.0910559 
0.00938369 -0.0175557 -4.13075e-05 3.44229e-06 -0.0175557 0.0878129 6.88459e-06 2.75383e-05 -4.13075e-05 6.88459e-06 0.0104233 -0.0188603 3.44229e-06 2.75383e-05 -0.0188603 0.0910383 
0.0094325 -0.0176103 -6.53125e-05 3.78125e-05 -0.0176103 0.0879347 4.46875e-05 -5.15625e-05 -6.53125e-05 4.46875e-05 0.0103916 -0.0188066 3.78125e-05 -5.15625e-05 -0.0188066 0.0909425 
0.00949503 -0.0176522 -5.83148e-05 3.08726e-05 -0.0176522 0.0880348 3.43028e-05 -3.43028e-05 -5.83148e-05 3.43028e-05 0.0103526 -0.0187808 3.08726e-05 -3.43028e-05 -0.0187808 0.0908614 
0.00953911 -0.0177379 -6.13886e-05 6.47991e-05 -0.0177379 0.0882086 5.11572e-05 -8.86724e-05 -6.13886e-05 5.11572e-05 0.0103406 -0.0187269 6.47991e-05 -8.86724e-05 -0.0187269 0.0907426 
0.00952687 -0.0177703 -4.43745e-05 2.73074e-05 -0.0177703 0.0883121 1.70671e-05 -2.3894e-05 -4.43745e-05 1.70671e-05 0.0103597 -0.0187226 2.73074e-05 -2.3894e-05 -0.0187226 0.0906878 
0.00949291 -0.0177614 -4.76176e-05 4.42163e-05 -0.0177614 0.088351 3.06113e-05 -5.44201e-05 -4.76176e-05 3.06113e-05 0.0104044 -0.0187443 4.42163e-05 -5.44201e-05 -0.0187443 0.0907353 
0.00946975 -0.017702 -4.06864e-05 2.37337e-05 -0.017702 0.0882352 2.03432e-05 -3.39053e-05 -4.06864e-05 2.03432e-05 0.0104394 -0.0188208 2.37337e-05 -3.39053e-05 -0.0188208 0.0908968 
0.00947042 -0.0177091 -5.42912e-05 4.41116e-05 -0.0177091 0.0882436 4.07184e-05 -7.12572e-05 -5.42912e-05 4.07184e-05 0.0104511 -0.0188458 4.41116e-05 -7.12572e-05 -0.0188458 0.0909887 
0.00947114 -0.0177122 -5.76062e-05 4.40518e-05 -0.0177122 0.0882595 4.06632e-05 -7.11606e-05 -5.76062e-05 4.06632e-05 0.0104538 -0.0188542 4.40518e-05 -7.11606e-05 -0.0188542 0.0910314 
0.00948477 -0.0177038 -3.39348e-05 2.03609e-05 -0.0177038 0.0882406 1.69674e-05 -1.69674e-05 -3.39348e-05 1.69674e-05 0.0104383 -0.0188779 2.03609e-05 -1.69674e-05 -0.0188779 0.0910945 
0.00950045 -0.0177199 -1.35915e-05 1.35915e-05 -0.0177199 0.0882597 1.35915e-05 -1.01936e-05 -1.35915e-05 1.35915e-05 0.0104145 -0.0188548 1.35915e-05 -1.01936e-05 -0.0188548 0.0910833 
0.00949297 -0.0177452 -6.81721e-06 -1.02258e-05 -0.0177452 0.0883306 -1.02258e-05 2.72689e-05 -6.81721e-06 -1.02258e-05 0.0104031 -0.0188155 -1.02258e-05 2.72689e-05 -0.0188155 0.0909928 
0.00946347 -0.0177235 -2.05133e-05 -3.077e-05 -0.0177235 0.0882927 -2.73511e-05 8.8891e-05 -2.05133e-05 -2.73511e-05 0.0104037 -0.0188039 -3.077e-05 8.8891e-05 -0.0188039 0.0909355 
0.00941733 -0.0177077 -4.12288e-05 -1.37429e-05 -0.0177077 0.0882914 -1.03072e-05 8.9329e-05 -4.12288e-05 -1.03072e-05 0.0104309 -0.0187866 -1.37429e-05 8.9329e-05 -0.0187866 0.0908716 
0.00936791 -0.0176544 -5.51053e-05 1.72204e-05 -0.0176544 0.0882236 3.44408e-05 1.72204e-05 -5.51053e-05 3.44408e-05 0.0104803 -0.018815 1.72204e-05 1.72204e-05 -0.018815 0.0908997 
0.00930925 -0.0176014 -6.89574e-05 3.10308e-05 -0.0176014 0.0880897 4.48223e-05 -2.7583e-05 -6.89574e-05 4.48223e-05 0.0105401 -0.0188633 3.10308e-05 -2.7583e-05 -0.0188633 0.0909549 
0.00928622 -0.0175089 -4.81865e-05 2.75351e-05 -0.0175089 0.0878715 4.13027e-05 -2.40932e-05 -4.81865e-05 4.13027e-05 0.0105632 -0.0189407 2.75351e-05 -2.40932e-05 -0.0189407 0.0911068 
0.00934353 -0.0174606 -2.3914e-05 0 -0.0174606 0.0876686 1.36651e-05 1.70814e-05 -2.3914e-05 1.36651e-05 0.0105324 -0.0189911 0 1.70814e-05 -0.0189911 0.0912864 
0.0093919 -0.0175463 -4.43175e-05 1.70452e-05 -0.0175463 0.0877452 1.36361e-05 0 -4.43175e-05 1.36361e-05 0.0105067 -0.018944 1.70452e-05 0 -0.018944 0.0912701 
0.00943055 -0.0176153 -7.50894e-05 5.11973e-05 -0.0176153 0.0879263 5.46105e-05 -8.53289e-05 -7.50894e-05 5.46105e-05 0.0104647 -0.0189089 5.11973e-05 -8.53289e-05 -0.0189089 0.091179 
0.00945639 -0.0176699 -7.83208e-05 8.85366e-05 -0.0176699 0.0880734 8.51313e-05 -0.000173668 -7.83208e-05 8.51313e-05 0.0104405 -0.0188617 8.85366e-05 -0.000173668 -0.0188617 0.0910701 
0.00945227 -0.0177001 -5.76772e-05 7.80338e-05 -0.0177001 0.0881782 7.4641e-05 -0.00018321 -5.76772e-05 7.4641e-05 0.0104599 -0.0188401 7.80338e-05 -0.00018321 -0.0188401 0.0910214 
0.00944309 -0.0177049 -5.09153e-05 5.43096e-05 -0.0177049 0.0882396 5.09153e-05 -0.000139168 -5.09153e-05 5.09153e-05 0.0104852 -0.018859 5.43096e-05 -0.000139168 -0.018859 0.0910297 
0.00937857 -0.0176834 -4.75724e-05 3.73784e-05 -0.0176834 0.0882163 3.05823e-05 -7.81547e-05 -4.75724e-05 3.05823e-05 0.0105407 -0.0189033 3.73784e-05 -7.81547e-05 -0.0189033 0.091108 
0.00939291 -0.0176189 -4.7628e-05 4.0824e-05 -0.0176189 0.0881355 3.7422e-05 -7.48439e-05 -4.7628e-05 3.7422e-05 0.0105496 -0.0189695 4.0824e-05 -7.48439e-05 -0.0189695 0.0912552 
0.00939481 -0.0176097 -4.09211e-05 3.06909e-05 -0.0176097 0.0880418 1.70505e-05 -3.06909e-05 -4.09211e-05 1.70505e-05 0.0105406 -0.0189908 3.06909e-05 -3.06909e-05 -0.0189908 0.0913837 
0.0093967 -0.0176133 -6.13941e-05 3.41078e-05 -0.0176133 0.0880254 3.41078e-05 -5.11617e-05 -6.13941e-05 3.41078e-05 0.0105461 -0.0189878 3.41078e-05 -5.11617e-05 -0.0189878 0.0914192 
0.00942593 -0.017623 -8.51023e-05 5.78696e-05 -0.017623 0.0880401 6.80819e-05 -0.000105527 -8.51023e-05 6.80819e-05 0.0105425 -0.0189982 5.78696e-05 -0.000105527 -0.0189982 0.0914305 
0.00940645 -0.0176682 -8.51725e-05 7.15449e-05 -0.0176682 0.0881331 8.17656e-05 -0.000132869 -8.51725e-05 8.17656e-05 0.0105614 -0.0189628 7.15449e-05 -0.000132869 -0.0189628 0.0913594 
0.00938758 -0.0176607 -7.81449e-05 6.45545e-05 -0.0176607 0.0881984 7.47473e-05 -0.000122314 -7.81449e-05 7.47473e-05 0.0106141 -0.0189892 6.45545e-05 -0.000122314 -0.0189892 0.0913718 
0.00937872 -0.0176373 -9.50432e-05 8.14656e-05 -0.0176373 0.0881661 8.486e-05 -0.000156142 -9.50432e-05 8.486e-05 0.010638 -0.0190426 8.14656e-05 -0.000156142 -0.0190426 0.0914587 
0.00938488 -0.0176276 -0.000101678 9.48995e-05 -0.0176276 0.0881345 8.47317e-05 -0.000176242 -0.000101678 8.47317e-05 0.0106592 -0.0190951 9.48995e-05 -0.000176242 -0.0190951 0.0915983 
0.00939085 -0.0176265 -7.79183e-05 8.46938e-05 -0.0176265 0.0881087 7.79183e-05 -0.000142286 -7.79183e-05 7.79183e-05 0.0106646 -0.0191272 8.46938e-05 -0.000142286 -0.0191272 0.0917098 
0.00937043 -0.0176484 -7.12451e-05 7.12451e-05 -0.0176484 0.088154 6.78525e-05 -0.000145883 -7.12451e-05 6.78525e-05 0.0106902 -0.0191242 7.12451e-05 -0.000145883 -0.0191242 0.0917298 
0.00939824 -0.0176361 -9.16074e-05 8.48217e-05 -0.0176361 0.0881535 7.46431e-05 -0.000183215 -9.16074e-05 7.46431e-05 0.010657 -0.0191426 8.48217e-05 -0.000183215 -0.0191426 0.0917499 
