0.00667092 0 0.000429652 0 0 0.00998602 0 0 0.000429652 0 0.00787394 0 0 0 0 0.00998602 
0.00955106 -0.0118842 0.000527637 -0.000643058 -0.0118842 0.0319633 -0.000643058 0.00122841 0.000527637 -0.000643058 0.0109773 -0.0136196 -0.000643058 0.00122841 -0.0136196 0.0353022 
0.00974971 -0.0183586 0.000432566 -0.000687017 -0.0183586 0.0679384 -0.000687017 0.00213739 0.000432566 -0.000687017 0.0108396 -0.0202331 -0.000687017 0.00213739 -0.0202331 0.0738246 
0.00921787 -0.0183093 0.000375241 -0.000452736 -0.0183093 0.0827324 -0.000444579 0.00140307 0.000375241 -0.000444579 0.0102539 -0.0196226 -0.000452736 0.00140307 -0.0196226 0.0872271 
0.00914925 -0.0177001 0.000395125 -0.000372108 -0.0177001 0.0866513 -0.000364436 0.000897663 0.000395125 -0.000364436 0.0103346 -0.0188586 -0.000372108 0.000897663 -0.0188586 0.0896205 
0.00925584 -0.0175162 0.000402587 -0.000413566 -0.0175162 0.0875809 -0.000395267 0.000849092 0.000402587 -0.000395267 0.0105588 -0.0189033 -0.000413566 0.000849092 -0.0189033 0.0905308 
0.00933232 -0.0175359 0.000388105 -0.000409468 -0.0175359 0.0878648 -0.000388105 0.000843861 0.000388105 -0.000388105 0.0106818 -0.0191061 -0.000409468 0.000843861 -0.0191061 0.0913257 
0.00938256 -0.0175555 0.000346604 -0.000377798 -0.0175555 0.0879056 -0.000370866 0.000814519 0.000346604 -0.000370866 0.0107412 -0.0192192 -0.000377798 0.000814519 -0.0192192 0.09185 
0.00941847 -0.0175958 0.000325721 -0.000349721 -0.0175958 0.087948 -0.00035315 0.000792015 0.000325721 -0.00035315 0.0106974 -0.0192072 -0.000349721 0.000792015 -0.0192072 0.0919046 
0.00944504 -0.0176516 0.000347044 -0.000360653 -0.0176516 0.0880539 -0.000364056 0.000823379 0.000347044 -0.000364056 0.0106563 -0.0191453 -0.000360653 0.000823379 -0.0191453 0.0917965 
0.00948929 -0.0176952 0.000330121 -0.000367175 -0.0176952 0.0881658 -0.000367175 0.000825302 0.000330121 -0.000367175 0.0106514 -0.0191234 -0.000367175 0.000825302 -0.0191234 0.09175 
0.00951728 -0.0177465 0.000309396 -0.000346388 -0.0177465 0.0882887 -0.000356477 0.000807119 0.000309396 -0.000356477 0.0106338 -0.0191085 -0.000346388 0.000807119 -0.0191085 0.0916988 
0.00954869 -0.0178029 0.000299237 -0.000346308 -0.0178029 0.0884733 -0.00034967 0.000817018 0.000299237 -0.00034967 0.0105943 -0.0190806 -0.000346308 0.000817018 -0.0190806 0.0916304 
0.00954668 -0.0178371 0.000303927 -0.000320812 -0.0178371 0.088598 -0.000324189 0.000776702 0.000303927 -0.000324189 0.0105665 -0.0190393 -0.000320812 0.000776702 -0.0190393 0.0915394 
0.00952956 -0.0178302 0.000305544 -0.000319123 -0.0178302 0.0886042 -0.000319123 0.0007367 0.000305544 -0.000319123 0.0105379 -0.0190082 -0.000319123 0.0007367 -0.0190082 0.0914662 
0.00948712 -0.0177854 0.00027252 -0.000296366 -0.0177854 0.0885385 -0.000292959 0.000647236 0.00027252 -0.000292959 0.0105261 -0.0189845 -0.000296366 0.000647236 -0.0189845 0.0913897 
0.0094555 -0.0177423 0.000258961 -0.000265776 -0.0177423 0.0884251 -0.000258961 0.000575848 0.000258961 -0.000258961 0.0105425 -0.0189689 -0.000265776 0.000575848 -0.0189689 0.0913589 
0.00941983 -0.0177191 0.000305618 -0.000302223 -0.0177191 0.0883814 -0.000298827 0.000675756 0.000305618 -0.000298827 0.0105948 -0.0189653 -0.000302223 0.000675756 -0.0189653 0.0913323 
0.00943153 -0.0176494 0.000291557 -0.000325459 -0.0176494 0.0882163 -0.000315288 0.000722112 0.000291557 -0.000315288 0.0105808 -0.0190495 -0.000325459 0.000722112 -0.0190495 0.0914642 
0.00946043 -0.0176726 0.000274756 -0.000305284 -0.0176726 0.0881865 -0.0002985 0.000708938 0.000274756 -0.0002985 0.0105662 -0.0190498 -0.000305284 0.000708938 -0.0190498 0.0915345 
0.00946997 -0.017732 0.000295194 -0.000325732 -0.017732 0.0883072 -0.000315553 0.000756648 0.000295194 -0.000315553 0.0105625 -0.019001 -0.000325732 0.000756648 -0.019001 0.0914458 
0.00947507 -0.0177335 0.000309265 -0.000363641 -0.0177335 0.0883546 -0.000360243 0.000853028 0.000309265 -0.000360243 0.010532 -0.0189841 -0.000363641 0.000853028 -0.0189841 0.0913827 
0.00949413 -0.0177555 0.000309887 -0.000354157 -0.0177555 0.0884167 -0.000367779 0.000871771 0.000309887 -0.000367779 0.0105021 -0.018944 -0.000354157 0.000871771 -0.018944 0.0912806 
0.00946056 -0.0177635 0.000297864 -0.000314788 -0.0177635 0.0884554 -0.000335097 0.000781893 0.000297864 -0.000335097 0.0105539 -0.0189279 -0.000314788 0.000781893 -0.0189279 0.091231 
0.0094232 -0.0177256 0.000328441 -0.000321669 -0.0177256 0.0884047 -0.000345371 0.000775391 0.000328441 -0.000345371 0.0106049 -0.0189954 -0.000321669 0.000775391 -0.0189954 0.0913234 
0.00941147 -0.0176783 0.000338664 -0.000355597 -0.0176783 0.0882897 -0.000369144 0.00082634 0.000338664 -0.000369144 0.0106374 -0.0190668 -0.000355597 0.00082634 -0.0190668 0.0915138 
0.00938138 -0.0176453 0.000346452 -0.000343056 -0.0176453 0.0881789 -0.000349849 0.000788009 0.000346452 -0.000349849 0.0106551 -0.0191092 -0.000343056 0.000788009 -0.0191092 0.0916502 
0.00938499 -0.0176248 0.000355749 -0.000382854 -0.0176248 0.0881444 -0.000376077 0.000853797 0.000355749 -0.000376077 0.0106792 -0.0191325 -0.000382854 0.000853797 -0.0191325 0.0917663 
0.0093864 -0.0176449 0.000370292 -0.000417853 -0.0176449 0.0881568 -0.000411058 0.000954607 0.000370292 -0.000411058 0.0106807 -0.0191431 -0.000417853 0.000954607 -0.0191431 0.0917883 
0.00941764 -0.0176331 0.000358961 -0.000413143 -0.0176331 0.0881452 -0.00041653 0.000968516 0.000358961 -0.00041653 0.0106875 -0.0191739 -0.000413143 0.000968516 -0.0191739 0.091877 
0.009407 -0.0176491 0.000362329 -0.00037926 -0.0176491 0.0881271 -0.000389419 0.000910901 0.000362329 -0.000389419 0.0107005 -0.0191797 -0.00037926 0.000910901 -0.0191797 0.0919197 
0.00935998 -0.0176559 0.000386328 -0.000403272 -0.0176559 0.0881607 -0.000413439 0.000942098 0.000386328 -0.000413439 0.0107291 -0.0191741 -0.000403272 0.000942098 -0.0191741 0.0918952 
0.00932512 -0.0176051 0.000359702 -0.000417391 -0.0176051 0.0880932 -0.000413997 0.000946764 0.000359702 -0.000413997 0.0107504 -0.0192034 -0.000417391 0.000946764 -0.0192034 0.0919074 
0.00932144 -0.017553 0.000341854 -0.000412932 -0.017553 0.0879918 -0.000402778 0.000971406 0.000341854 -0.000402778 0.0107396 -0.0192217 -0.000412932 0.000971406 -0.0192217 0.0919553 
0.00931498 -0.0175536 0.000314787 -0.000368944 -0.0175536 0.0879237 -0.000355405 0.00087328 0.000314787 -0.000355405 0.0107332 -0.0192155 -0.000368944 0.00087328 -0.0192155 0.0919584 
0.00930569 -0.0175438 0.000282197 -0.000312796 -0.0175438 0.0878856 -0.000302597 0.000724192 0.000282197 -0.000302597 0.0107099 -0.0192064 -0.000312796 0.000724192 -0.0192064 0.0919486 
0.00933221 -0.0175409 0.000282588 -0.000296207 -0.0175409 0.0879018 -0.000296207 0.000667316 0.000282588 -0.000296207 0.0106873 -0.0191785 -0.000296207 0.000667316 -0.0191785 0.0918887 
0.00934289 -0.0175888 0.000314391 -0.000334895 -0.0175888 0.0880125 -0.000338312 0.000772309 0.000314391 -0.000338312 0.0106654 -0.0191232 -0.000334895 0.000772309 -0.0191232 0.0917647 
0.00933442 -0.0175851 0.000320349 -0.000337389 -0.0175851 0.088021 -0.000351021 0.000777017 0.000320349 -0.000351021 0.0106942 -0.0191323 -0.000337389 0.000777017 -0.0191323 0.0917595 
0.00933991 -0.0175589 0.000325102 -0.000345421 -0.0175589 0.0879638 -0.00035558 0.000802595 0.000325102 -0.00035558 0.0107114 -0.0191675 -0.000345421 0.000802595 -0.0191675 0.091804 
0.00933736 -0.0176056 0.000346205 -0.000380147 -0.0176056 0.088021 -0.000393724 0.000899455 0.000346205 -0.000393724 0.0106984 -0.0191431 -0.000380147 0.000899455 -0.0191431 0.091741 
0.00936093 -0.0176034 0.00033553 -0.000389757 -0.0176034 0.088068 -0.000399924 0.000938805 0.00033553 -0.000399924 0.0106726 -0.019132 -0.000389757 0.000938805 -0.019132 0.0916945 
0.00934694 -0.0176044 0.000339395 -0.000376728 -0.0176044 0.088073 -0.000380122 0.00091976 0.000339395 -0.000380122 0.0106604 -0.0191079 -0.000376728 0.00091976 -0.0191079 0.0916536 
0.00934097 -0.017567 0.000319524 -0.000350116 -0.017567 0.0879676 -0.000346717 0.000822603 0.000319524 -0.000346717 0.0106463 -0.0191238 -0.000350116 0.000822603 -0.0191238 0.0916931 
0.00937074 -0.0175616 0.000299211 -0.000336612 -0.0175616 0.087934 -0.000340012 0.000778628 0.000299211 -0.000340012 0.0106186 -0.0191155 -0.000336612 0.000778628 -0.0191155 0.0917081 
0.00939974 -0.0175981 0.000285872 -0.000326711 -0.0175981 0.087977 -0.000333517 0.000775938 0.000285872 -0.000333517 0.0105909 -0.0190819 -0.000326711 0.000775938 -0.0190819 0.0916662 
0.00943278 -0.0176529 0.000278534 -0.000332882 -0.0176529 0.0881117 -0.000322691 0.000777856 0.000278534 -0.000322691 0.0105775 -0.0190286 -0.000332882 0.000777856 -0.0190286 0.091556 
0.009439 -0.0177109 0.000289227 -0.000330059 -0.0177109 0.0882788 -0.000319851 0.000792822 0.000289227 -0.000319851 0.0105585 -0.0189801 -0.000330059 0.000792822 -0.0189801 0.0913753 
0.00942285 -0.0177084 0.000331285 -0.000358608 -0.0177084 0.08832 -0.000348362 0.000853828 0.000331285 -0.000348362 0.0105397 -0.018955 -0.000358608 0.000853828 -0.018955 0.0912742 
0.00943162 -0.0176648 0.000336116 -0.000387043 -0.0176648 0.0882322 -0.000393833 0.000916681 0.000336116 -0.000393833 0.0105452 -0.0189651 -0.000387043 0.000916681 -0.0189651 0.0912946 
0.00941599 -0.0176952 0.00034849 -0.000422925 -0.0176952 0.0882627 -0.000422925 0.00102855 0.00034849 -0.000422925 0.0105663 -0.0189301 -0.000422925 0.00102855 -0.0189301 0.0912164 
0.00940922 -0.0176507 0.000334115 -0.000398238 -0.0176507 0.0881828 -0.000401613 0.000985471 0.000334115 -0.000401613 0.0105769 -0.0189939 -0.000398238 0.000985471 -0.0189939 0.0913079 
0.00940319 -0.0176424 0.000301146 -0.000368819 -0.0176424 0.0881409 -0.000372203 0.000910204 0.000301146 -0.000372203 0.0105604 -0.0190094 -0.000368819 0.000910204 -0.0190094 0.0913791 
0.00944384 -0.0176473 0.000282058 -0.000346625 -0.0176473 0.088121 -0.000343227 0.000856368 0.000282058 -0.000343227 0.0105041 -0.0189998 -0.000346625 0.000856368 -0.0189998 0.0913935 
0.00948016 -0.0176902 0.000269013 -0.000303065 -0.0176902 0.0882022 -0.000303065 0.000759366 0.000269013 -0.000303065 0.0104438 -0.0189195 -0.000303065 0.000759366 -0.0189195 0.0912704 
0.00949188 -0.0177389 0.0002558 -0.000296728 -0.0177389 0.0883055 -0.000289906 0.000706008 0.0002558 -0.000289906 0.0103957 -0.0188269 -0.000296728 0.000706008 -0.0188269 0.0910238 
0.0094643 -0.0177252 0.000271963 -0.000278762 -0.0177252 0.0882995 -0.000282161 0.000666309 0.000271963 -0.000282161 0.0104196 -0.0187994 -0.000278762 0.000666309 -0.0187994 0.0909239 
0.00945417 -0.0177147 0.000295868 -0.000312872 -0.0177147 0.0883047 -0.000312872 0.000717565 0.000295868 -0.000312872 0.0104302 -0.0188029 -0.000312872 0.000717565 -0.0188029 0.0908825 
0.0094613 -0.0176941 0.000291848 -0.000335964 -0.0176941 0.0882602 -0.000332571 0.000766949 0.000291848 -0.000332571 0.0104387 -0.0188276 -0.000335964 0.000766949 -0.0188276 0.0909344 
0.00946185 -0.0176703 0.00025545 -0.000303134 -0.0176703 0.0881642 -0.000299728 0.000698229 0.00025545 -0.000299728 0.0104223 -0.0188624 -0.000303134 0.000698229 -0.0188624 0.0910354 
0.00947319 -0.0176833 0.000225308 -0.000273101 -0.0176833 0.0881672 -0.000266273 0.000641787 0.000225308 -0.000266273 0.0103983 -0.0188371 -0.000273101 0.000641787 -0.0188371 0.0910382 
0.00943957 -0.0177107 0.0002289 -0.000256232 -0.0177107 0.0882291 -0.000263064 0.000625205 0.0002289 -0.000263064 0.0104337 -0.0188006 -0.000256232 0.000625205 -0.0188006 0.0909588 
0.00939039 -0.017675 0.000256755 -0.000263602 -0.017675 0.0882108 -0.000263602 0.000626483 0.000256755 -0.000263602 0.0104722 -0.0188219 -0.000263602 0.000626483 -0.0188219 0.0909256 
0.00935319 -0.0175987 0.000254555 -0.000275195 -0.0175987 0.0880658 -0.000271755 0.000626069 0.000254555 -0.000271755 0.0104884 -0.0188784 -0.000275195 0.000626069 -0.0188784 0.0910345 
0.00936513 -0.0175665 0.000251344 -0.000289217 -0.0175665 0.08796 -0.000296103 0.000678284 0.000251344 -0.000296103 0.0104772 -0.0188955 -0.000289217 0.000678284 -0.0188955 0.0911035 
0.00937984 -0.0175786 0.000278099 -0.000295266 -0.0175786 0.087924 -0.000302132 0.000724431 0.000278099 -0.000302132 0.0104785 -0.018873 -0.000295266 0.000724431 -0.018873 0.0910826 
0.00938925 -0.0175903 0.000291912 -0.000302214 -0.0175903 0.0879341 -0.000305649 0.000710891 0.000291912 -0.000305649 0.0104676 -0.0188781 -0.000302214 0.000710891 -0.0188781 0.0910661 
0.00939286 -0.017585 0.000291597 -0.000301889 -0.017585 0.0879011 -0.000301889 0.000699833 0.000291597 -0.000301889 0.0104735 -0.0188886 -0.000301889 0.000699833 -0.0188886 0.0911018 
0.00937651 -0.0175831 0.000292478 -0.000316565 -0.0175831 0.0878776 -0.000320006 0.000736357 0.000292478 -0.000320006 0.0104673 -0.0188872 -0.000316565 0.000736357 -0.0188872 0.0911052 
0.0093763 -0.0175784 0.000278913 -0.000323677 -0.0175784 0.0878783 -0.000330564 0.000760985 0.000278913 -0.000330564 0.010461 -0.0188766 -0.000323677 0.000760985 -0.0188766 0.0910772 
0.00938447 -0.0175856 0.00027702 -0.00031806 -0.0175856 0.0879213 -0.00032832 0.000790019 0.00027702 -0.00032832 0.0104789 -0.0188544 -0.00031806 0.000790019 -0.0188544 0.0910437 
0.00942561 -0.0176015 0.000269011 -0.000306469 -0.0176015 0.0879497 -0.000320089 0.000772982 0.000269011 -0.000320089 0.0104778 -0.0188887 -0.000306469 0.000772982 -0.0188887 0.0910824 
0.00943641 -0.0176493 0.000252914 -0.000311015 -0.0176493 0.088031 -0.000317851 0.000762159 0.000252914 -0.000317851 0.0104549 -0.0188797 -0.000311015 0.000762159 -0.0188797 0.0910728 
0.00945077 -0.0176763 0.000228675 -0.000286697 -0.0176763 0.0881287 -0.000283284 0.000706504 0.000228675 -0.000283284 0.0104542 -0.0188572 -0.000286697 0.000706504 -0.0188572 0.0910605 
0.00945131 -0.0176833 0.000221382 -0.000248629 -0.0176833 0.088168 -0.000238411 0.000606246 0.000221382 -0.000238411 0.0104595 -0.0188618 -0.000248629 0.000606246 -0.0188618 0.0910459 
0.00945934 -0.0176949 0.000218161 -0.000255658 -0.0176949 0.088219 -0.000238614 0.000586308 0.000218161 -0.000238614 0.0104411 -0.0188471 -0.000255658 0.000586308 -0.0188471 0.0910005 
0.00949093 -0.0177071 0.000208479 -0.000239239 -0.0177071 0.0882551 -0.000232403 0.000553666 0.000208479 -0.000232403 0.0104 -0.0188349 -0.000239239 0.000553666 -0.0188349 0.0909585 
0.00948288 -0.0177256 0.000197064 -0.000231041 -0.0177256 0.0882747 -0.000224246 0.000533433 0.000197064 -0.000224246 0.0104172 -0.0188027 -0.000231041 0.000533433 -0.0188027 0.090935 
0.00950553 -0.0177568 0.000224943 -0.000279474 -0.0177568 0.0883786 -0.000272658 0.000657787 0.000224943 -0.000272658 0.0104053 -0.0187861 -0.000279474 0.000657787 -0.0187861 0.0908564 
0.00948514 -0.0177693 0.00024907 -0.000286601 -0.0177693 0.0884268 -0.000283189 0.000706268 0.00024907 -0.000283189 0.0104166 -0.018786 -0.000286601 0.000706268 -0.018786 0.0908458 
0.00942583 -0.0177496 0.000280653 -0.000297766 -0.0177496 0.0884227 -0.000297766 0.000729013 0.000280653 -0.000297766 0.0104663 -0.0187969 -0.000297766 0.000729013 -0.0187969 0.0908391 
0.00935877 -0.0176651 0.000301675 -0.000315387 -0.0176651 0.0882741 -0.000322243 0.000750758 0.000301675 -0.000322243 0.0105106 -0.0188444 -0.000315387 0.000750758 -0.0188444 0.0909138 
0.0092948 -0.0175754 0.000293664 -0.000310737 -0.0175754 0.0880445 -0.000320981 0.0007205 0.000293664 -0.000320981 0.0105685 -0.018914 -0.000310737 0.0007205 -0.018914 0.0910631 
0.00930702 -0.0175123 0.000299239 -0.000326443 -0.0175123 0.0878573 -0.000333244 0.0007583 0.000299239 -0.000333244 0.0105924 -0.0189949 -0.000326443 0.0007583 -0.0189949 0.0912748 
0.00934757 -0.0175064 0.000308199 -0.000335293 -0.0175064 0.0877689 -0.00033868 0.000785738 0.000308199 -0.00033868 0.0105939 -0.0190474 -0.000335293 0.000785738 -0.0190474 0.0914537 
0.00936787 -0.0175597 0.000308421 -0.000355871 -0.0175597 0.0878221 -0.00035926 0.000840533 0.000308421 -0.00035926 0.010588 -0.0190442 -0.000355871 0.000840533 -0.0190442 0.0915367 
0.00939448 -0.0175875 0.000285093 -0.000339396 -0.0175875 0.0879239 -0.00034279 0.000821339 0.000285093 -0.00034279 0.0105858 -0.0190537 -0.000339396 0.000821339 -0.0190537 0.0915894 
0.00943552 -0.0176317 0.000260034 -0.000314067 -0.0176317 0.0880435 -0.000303936 0.000756463 0.000260034 -0.000303936 0.0105803 -0.0190467 -0.000314067 0.000756463 -0.0190467 0.0915827 
0.00945018 -0.0177102 0.000266345 -0.000306802 -0.0177102 0.088241 -0.000289945 0.000731605 0.000266345 -0.000289945 0.010583 -0.0190015 -0.000306802 0.000731605 -0.0190015 0.0914776 
0.00943997 -0.0177016 0.000247173 -0.000277646 -0.0177016 0.0882745 -0.000270874 0.000646712 0.000247173 -0.000270874 0.0105844 -0.0190357 -0.000277646 0.000646712 -0.0190357 0.0915183 
0.00944522 -0.0177068 0.000243486 -0.000277303 -0.0177068 0.0883245 -0.000280685 0.000656059 0.000243486 -0.000280685 0.0105916 -0.0190392 -0.000277303 0.000656059 -0.0190392 0.0915439 
0.00942401 -0.017719 0.000273797 -0.000287317 -0.017719 0.0883484 -0.000290698 0.000689562 0.000273797 -0.000290698 0.0106037 -0.0190306 -0.000287317 0.000689562 -0.0190306 0.0915055 
0.0094111 -0.0176915 0.000274208 -0.000308061 -0.0176915 0.088295 -0.000314832 0.000734607 0.000274208 -0.000314832 0.0106129 -0.0190558 -0.000308061 0.000734607 -0.0190558 0.0915314 
0.00941915 -0.0176833 0.000290443 -0.000347857 -0.0176833 0.0883015 -0.000354611 0.000840935 0.000290443 -0.000354611 0.0106079 -0.0190477 -0.000347857 0.000840935 -0.0190477 0.0915167 
0.00945132 -0.0176933 0.000281168 -0.000352307 -0.0176933 0.0883071 -0.000352307 0.000873993 0.000281168 -0.000352307 0.0105624 -0.019028 -0.000352307 0.000873993 -0.019028 0.0914745 
0.00947964 -0.0177259 0.00026842 -0.000332977 -0.0177259 0.0883577 -0.000329579 0.000829044 0.00026842 -0.000329579 0.0105058 -0.0189661 -0.000332977 0.000829044 -0.0189661 0.0913579 
0.00946461 -0.0177432 0.000271874 -0.000299061 -0.0177432 0.0883964 -0.000305858 0.000751052 0.000271874 -0.000305858 0.0105045 -0.018919 -0.000299061 0.000751052 -0.018919 0.0912409 
0.00941496 -0.0177275 0.000296025 -0.000306233 -0.0177275 0.0883652 -0.000309635 0.000731556 0.000296025 -0.000309635 0.0105412 -0.0189184 -0.000306233 0.000731556 -0.0189184 0.0911859 
0.00938994 -0.0176611 0.000320616 -0.000351313 -0.0176611 0.0882614 -0.000364956 0.000825415 0.000320616 -0.000364956 0.0105496 -0.0189607 -0.000351313 0.000825415 -0.0189607 0.0912356 
0.00936402 -0.0176059 0.000314757 -0.000359233 -0.0176059 0.0880875 -0.000372919 0.00086216 0.000314757 -0.000372919 0.0105683 -0.0189915 -0.000359233 0.00086216 -0.0189915 0.0913548 
0.00932769 -0.0175927 0.000311952 -0.00034966 -0.0175927 0.0880183 -0.000353088 0.000850154 0.000311952 -0.000353088 0.0105961 -0.0190016 -0.00034966 0.000850154 -0.0190016 0.0914018 
0.00931697 -0.0175604 0.000300878 -0.000362422 -0.0175604 0.0879625 -0.000359003 0.000865025 0.000300878 -0.000359003 0.0106231 -0.0190237 -0.000362422 0.000865025 -0.0190237 0.0914192 
0.00932868 -0.0175393 0.000288866 -0.000350038 -0.0175393 0.087907 -0.000339842 0.000839411 0.000288866 -0.000339842 0.0106371 -0.0190584 -0.000350038 0.000839411 -0.0190584 0.091506 
0.00934759 -0.0175571 0.000287047 -0.000344456 -0.0175571 0.0879072 -0.000334325 0.000834124 0.000287047 -0.000334325 0.0106714 -0.0190937 -0.000344456 0.000834124 -0.0190937 0.0916017 
0.00934109 -0.017591 0.000297293 -0.000327698 -0.017591 0.0879752 -0.000317563 0.000807422 0.000297293 -0.000317563 0.0106857 -0.0191146 -0.000327698 0.000807422 -0.0191146 0.0916542 
0.00934199 -0.0175861 0.000296357 -0.000323299 -0.0175861 0.0880248 -0.000316563 0.000764467 0.000296357 -0.000316563 0.0107093 -0.0191588 -0.000323299 0.000764467 -0.0191588 0.091763 
0.00934147 -0.0175995 0.000305233 -0.000348838 -0.0175995 0.0880547 -0.000338775 0.00080501 0.000305233 -0.000338775 0.0107435 -0.0191861 -0.000348838 0.00080501 -0.0191861 0.0918617 
0.0093177 -0.0175997 0.000322807 -0.00033962 -0.0175997 0.088076 -0.000342983 0.000810381 0.000322807 -0.000342983 0.0107636 -0.0192138 -0.00033962 0.000810381 -0.0192138 0.0919362 
0.00934381 -0.0175836 0.000319763 -0.000370252 -0.0175836 0.0880762 -0.000373618 0.000861677 0.000319763 -0.000373618 0.0107474 -0.019243 -0.000370252 0.000861677 -0.019243 0.092011 
0.00933451 -0.0176135 0.000320368 -0.000374325 -0.0176135 0.0881079 -0.000381069 0.000907147 0.000320368 -0.000381069 0.0107441 -0.0192187 -0.000374325 0.000907147 -0.0192187 0.0919996 
0.00939403 -0.0176214 0.000298439 -0.000369657 -0.0176214 0.0881615 -0.000373048 0.000898707 0.000298439 -0.000373048 0.0106624 -0.0191984 -0.000369657 0.000898707 -0.0191984 0.0919055 
0.00938134 -0.0176805 0.000314077 -0.000368699 -0.0176805 0.088259 -0.000375527 0.000938816 0.000314077 -0.000375527 0.0106274 -0.019087 -0.000368699 0.000938816 -0.019087 0.0916899 
0.00934815 -0.0176406 0.00032693 -0.000357579 -0.0176406 0.0882166 -0.000360985 0.000878624 0.00032693 -0.000360985 0.0106525 -0.0190709 -0.000357579 0.000878624 -0.0190709 0.0916085 
0.00932771 -0.0176008 0.000341299 -0.000389081 -0.0176008 0.0881132 -0.00039932 0.000941986 0.000341299 -0.00039932 0.0106519 -0.0190718 -0.000389081 0.000941986 -0.0190718 0.0915467 
0.00932039 -0.0175775 0.000345326 -0.000423965 -0.0175775 0.0880411 -0.000430803 0.0010394 0.000345326 -0.000430803 0.0106367 -0.0190647 -0.000423965 0.0010394 -0.0190647 0.0915115 
0.00934904 -0.0175742 0.000340584 -0.000429136 -0.0175742 0.0880172 -0.000435948 0.00107625 0.000340584 -0.000435948 0.0106262 -0.0190523 -0.000429136 0.00107625 -0.0190523 0.0915048 
0.00933868 -0.0175797 0.000316047 -0.000397608 -0.0175797 0.0879732 -0.000397608 0.00100591 0.000316047 -0.000397608 0.0106335 -0.0190546 -0.000397608 0.00100591 -0.0190546 0.0915007 
0.0093745 -0.0175691 0.000284795 -0.000335651 -0.0175691 0.0879474 -0.000332261 0.000844214 0.000284795 -0.000332261 0.0106086 -0.0190779 -0.000335651 0.000844214 -0.0190779 0.0915684 
0.00942622 -0.0176047 0.000247523 -0.000308556 -0.0176047 0.0879758 -0.000301775 0.000735788 0.000247523 -0.000301775 0.0105587 -0.0190559 -0.000308556 0.000735788 -0.0190559 0.0915598 
0.00944997 -0.0176667 0.000218024 -0.000255497 -0.0176667 0.0880952 -0.00024187 0.000599565 0.000218024 -0.00024187 0.0104958 -0.0189783 -0.000255497 0.000599565 -0.0189783 0.0914167 
0.00944659 -0.0176808 0.000191254 -0.000211746 -0.0176808 0.0881614 -0.00020833 0.000478136 0.000191254 -0.00020833 0.0104746 -0.0189273 -0.000211746 0.000478136 -0.0189273 0.0912897 
0.00944328 -0.0177083 0.000183894 -0.000217948 -0.0177083 0.0882519 -0.000214543 0.000483572 0.000183894 -0.000214543 0.0104819 -0.0188763 -0.000217948 0.000483572 -0.0188763 0.0911431 
0.00941923 -0.0176917 0.000193965 -0.000214383 -0.0176917 0.0882508 -0.000217786 0.000500226 0.000193965 -0.000217786 0.0105013 -0.0188861 -0.000214383 0.000500226 -0.0188861 0.0910922 
0.0094346 -0.0176907 0.000203771 -0.000244525 -0.0176907 0.0882804 -0.000234337 0.000560371 0.000203771 -0.000234337 0.0104976 -0.0188862 -0.000244525 0.000560371 -0.0188862 0.0910585 
0.00945494 -0.0177098 0.000220355 -0.000264426 -0.0177098 0.0883185 -0.000261036 0.000633946 0.000220355 -0.000261036 0.0104889 -0.018876 -0.000264426 0.000633946 -0.018876 0.0910407 
0.00946105 -0.0177132 0.00024042 -0.000291213 -0.0177132 0.088302 -0.000284441 0.000707716 0.00024042 -0.000284441 0.0104668 -0.0188781 -0.000291213 0.000707716 -0.0188781 0.0910381 
0.00945866 -0.0177286 0.000260765 -0.000274311 -0.0177286 0.0883418 -0.000281084 0.000690858 0.000260765 -0.000281084 0.0104814 -0.0188665 -0.000274311 0.000690858 -0.0188665 0.091051 
0.00947536 -0.0177095 0.000264523 -0.000315393 -0.0177095 0.0883169 -0.000322176 0.000752874 0.000264523 -0.000322176 0.0104656 -0.0188965 -0.000315393 0.000752874 -0.0188965 0.0911113 
0.00948674 -0.0177359 0.000237338 -0.000288196 -0.0177359 0.0883474 -0.000298368 0.000718795 0.000237338 -0.000298368 0.0104598 -0.0188684 -0.000288196 0.000718795 -0.0188684 0.0910903 
0.00942695 -0.0177443 0.000251114 -0.000268081 -0.0177443 0.0883819 -0.000274868 0.000665112 0.000251114 -0.000274868 0.0105027 -0.0188641 -0.000268081 0.000665112 -0.0188641 0.0910627 
0.00936504 -0.0176581 0.000238209 -0.00026203 -0.0176581 0.0882294 -0.000268836 0.000612539 0.000238209 -0.000268836 0.0105595 -0.0189377 -0.00026203 0.000612539 -0.0189377 0.09119 
0.00930949 -0.0175668 0.000222061 -0.000228894 -0.0175668 0.0880012 -0.00023231 0.000526114 0.000222061 -0.00023231 0.0105872 -0.0190016 -0.000228894 0.000526114 -0.0190016 0.0913526 
0.00928085 -0.0174929 0.000221948 -0.00024585 -0.0174929 0.0877891 -0.000242436 0.00054292 0.000221948 -0.000242436 0.0106194 -0.0190568 -0.00024585 0.00054292 -0.0190568 0.0915315 
0.0093194 -0.0174858 0.000211494 -0.000249018 -0.0174858 0.0877361 -0.000245606 0.00056967 0.000211494 -0.000245606 0.0105918 -0.0190618 -0.000249018 0.00056967 -0.0190618 0.0915634 
0.00939125 -0.0175546 0.000197281 -0.000258506 -0.0175546 0.0878512 -0.000255105 0.00060885 0.000197281 -0.000255105 0.0105375 -0.019007 -0.000258506 0.00060885 -0.019007 0.0914771 
0.00944301 -0.0176489 0.000213535 -0.000271156 -0.0176489 0.0880579 -0.000264377 0.000667722 0.000213535 -0.000264377 0.0105107 -0.0189369 -0.000271156 0.000667722 -0.0189369 0.0913084 
0.00944388 -0.0177043 0.000224449 -0.000255056 -0.0177043 0.0882222 -0.000251655 0.000646142 0.000224449 -0.000251655 0.0105083 -0.0189116 -0.000255056 0.000646142 -0.0189116 0.0911978 
0.00943005 -0.0177234 0.000241622 -0.000282459 -0.0177234 0.088345 -0.000279056 0.000677221 0.000241622 -0.000279056 0.010519 -0.0188941 -0.000282459 0.000677221 -0.0188941 0.0911151 
0.00939534 -0.0176956 0.00024563 -0.000276334 -0.0176956 0.0883107 -0.000272922 0.000655013 0.00024563 -0.000272922 0.0105348 -0.0189169 -0.000276334 0.000655013 -0.0189169 0.0911287 
0.00935514 -0.0176382 0.000235586 -0.000266314 -0.0176382 0.0881876 -0.000269729 0.000624814 0.000235586 -0.000269729 0.0105843 -0.0189664 -0.000266314 0.000624814 -0.0189664 0.091257 
0.0093654 -0.0176022 0.000248158 -0.000282152 -0.0176022 0.0881095 -0.000278752 0.000666286 0.000248158 -0.000278752 0.010613 -0.0190095 -0.000282152 0.000666286 -0.0190095 0.09139 
0.00940375 -0.0176134 0.000251038 -0.000308709 -0.0176134 0.0880737 -0.000312101 0.000749722 0.000251038 -0.000312101 0.0106148 -0.0190619 -0.000308709 0.000749722 -0.0190619 0.0915237 
0.00944154 -0.0176732 0.000264336 -0.000318559 -0.0176732 0.0881866 -0.000328726 0.000813342 0.000264336 -0.000328726 0.0106006 -0.0190525 -0.000318559 0.000813342 -0.0190525 0.0915518 
0.00943985 -0.0177205 0.00028811 -0.000322006 -0.0177205 0.0883244 -0.000325395 0.000799929 0.00028811 -0.000325395 0.010616 -0.0190424 -0.000322006 0.000799929 -0.0190424 0.0915275 
0.00939893 -0.0177248 0.000313411 -0.000340664 -0.0177248 0.088382 -0.000344071 0.000838035 0.000313411 -0.000344071 0.0106355 -0.0190397 -0.000340664 0.000838035 -0.0190397 0.0914888 
0.00936955 -0.0176488 0.000310047 -0.000347525 -0.0176488 0.0882714 -0.000350932 0.00082452 0.000310047 -0.000350932 0.0106711 -0.0191003 -0.000347525 0.00082452 -0.0191003 0.0916137 
0.00937083 -0.0176035 0.000286236 -0.000344165 -0.0176035 0.0881028 -0.000347572 0.000821225 0.000286236 -0.000347572 0.0106759 -0.0191403 -0.000344165 0.000821225 -0.0191403 0.0917489 
0.00934948 -0.0176098 0.000282493 -0.000353967 -0.0176098 0.0880594 -0.00035737 0.00087811 0.000282493 -0.00035737 0.0106837 -0.019121 -0.000353967 0.00087811 -0.019121 0.0917284 
0.00937193 -0.0176026 0.000269132 -0.000354301 -0.0176026 0.0880539 -0.000361114 0.000902785 0.000269132 -0.000361114 0.0106563 -0.0191254 -0.000354301 0.000902785 -0.0191254 0.0917196 
0.00938906 -0.0176164 0.000258915 -0.000320237 -0.0176164 0.0880582 -0.000323643 0.000838066 0.000258915 -0.000323643 0.0106359 -0.0191018 -0.000320237 0.000838066 -0.0191018 0.0916796 
