0.00774872 0 0.00023481 0 0 0.00998844 0 0 0.00023481 0 0.00688624 0 0 0 0 0.00998844 
0.0108295 -0.0134464 0.000271561 -0.000325051 -0.0134464 0.0349697 -0.000325051 0.000621299 0.000271561 -0.000325051 0.00981735 -0.0121997 -0.000325051 0.000621299 -0.0121997 0.0325791 
0.0107408 -0.020052 0.000285079 -0.000331195 -0.020052 0.0732948 -0.000331195 0.00101036 0.000285079 -0.000331195 0.00999455 -0.0187775 -0.000331195 0.00101036 -0.0187775 0.0692408 
0.0101749 -0.0195183 0.000322884 -0.000246199 -0.0195183 0.0869244 -0.000258307 0.000540831 0.000322884 -0.000258307 0.00944839 -0.0186344 -0.000246199 0.000540831 -0.0186344 0.0838086 
0.0102362 -0.0187957 0.000421085 -0.00033304 -0.0187957 0.0894308 -0.000340696 0.000620143 0.000421085 -0.000340696 0.00934808 -0.0179382 -0.00033304 0.000620143 -0.0179382 0.0873253 
0.010417 -0.0188273 0.000413024 -0.000438609 -0.0188273 0.0903828 -0.000445919 0.000877219 0.000413024 -0.000445919 0.00948127 -0.0177235 -0.000438609 0.000877219 -0.0177235 0.0881239 
0.010554 -0.0189852 0.000359675 -0.000391412 -0.0189852 0.0911248 -0.000409043 0.000902715 0.000359675 -0.000409043 0.00957371 -0.0177616 -0.000391412 0.000902715 -0.0177616 0.0883567 
0.0106415 -0.019074 0.000379069 -0.000379069 -0.019074 0.0915554 -0.000385961 0.000892534 0.000379069 -0.000385961 0.0095801 -0.01783 -0.000379069 0.000892534 -0.01783 0.0885228 
0.0106463 -0.0191366 0.000403812 -0.000396968 -0.0191366 0.0917441 -0.000407234 0.000917133 0.000403812 -0.000407234 0.0095683 -0.0178122 -0.000396968 0.000917133 -0.0178122 0.0884931 
0.0106282 -0.019122 0.00043645 -0.000433041 -0.019122 0.0917705 -0.000433041 0.000968374 0.00043645 -0.000433041 0.00956781 -0.017816 -0.000433041 0.000968374 -0.017816 0.0884835 
0.0106264 -0.0191519 0.000424919 -0.000435117 -0.0191519 0.091864 -0.000431717 0.000965415 0.000424919 -0.000431717 0.00955557 -0.0177718 -0.000435117 0.000965415 -0.0177718 0.0883525 
0.010618 -0.0191632 0.000403043 -0.000440299 -0.0191632 0.0919175 -0.000430138 0.000972044 0.000403043 -0.000430138 0.00956465 -0.0177576 -0.000440299 0.000972044 -0.0177576 0.0883002 
0.0105917 -0.0191567 0.00035014 -0.000397274 -0.0191567 0.0919387 -0.000387174 0.000888817 0.00035014 -0.000387174 0.00961538 -0.0177763 -0.000397274 0.000888817 -0.0177763 0.0883296 
0.0105822 -0.0190891 0.000333537 -0.000343644 -0.0190891 0.0918034 -0.000347013 0.000778252 0.000333537 -0.000347013 0.00963887 -0.017883 -0.000343644 0.000778252 -0.017883 0.088559 
0.0105865 -0.0190684 0.000332823 -0.000339547 -0.0190684 0.0916979 -0.000339547 0.000749693 0.000332823 -0.000339547 0.00964516 -0.0179355 -0.000339547 0.000749693 -0.0179355 0.0887899 
0.0106008 -0.0190842 0.000347291 -0.000323689 -0.0190842 0.091695 -0.000327061 0.000704698 0.000347291 -0.000327061 0.00961626 -0.017931 -0.000323689 0.000704698 -0.017931 0.0888425 
0.0106255 -0.0190788 0.000380566 -0.000370463 -0.0190788 0.091676 -0.000380566 0.000801547 0.000380566 -0.000380566 0.00959835 -0.0179304 -0.000370463 0.000801547 -0.0179304 0.0888942 
0.0106348 -0.0190921 0.000414606 -0.000438202 -0.0190921 0.0916752 -0.000444943 0.000974156 0.000414606 -0.000444943 0.00958651 -0.0179191 -0.000438202 0.000974156 -0.0179191 0.0889044 
0.0106446 -0.0190862 0.000451387 -0.000474967 -0.0190862 0.0916349 -0.000474967 0.00108804 0.000451387 -0.000474967 0.00957344 -0.017914 -0.000474967 0.00108804 -0.017914 0.0889131 
0.0106416 -0.0191009 0.000468837 -0.000495821 -0.0191009 0.0916426 -0.000492448 0.00115017 0.000468837 -0.000492448 0.00955552 -0.0178833 -0.000495821 0.00115017 -0.0178833 0.0888599 
0.0106178 -0.0190985 0.000445643 -0.000526669 -0.0190985 0.091654 -0.000516541 0.00121201 0.000445643 -0.000516541 0.00957796 -0.017873 -0.000526669 0.00121201 -0.017873 0.0888349 
0.010597 -0.0190793 0.000408745 -0.00048644 -0.0190793 0.0916434 -0.000483062 0.00115867 0.000408745 -0.000483062 0.00959369 -0.0178868 -0.00048644 0.00115867 -0.0178868 0.0888125 
0.0105942 -0.0190757 0.000378004 -0.000438755 -0.0190757 0.0916491 -0.000432005 0.00104964 0.000378004 -0.000432005 0.00959861 -0.0178843 -0.000438755 0.00104964 -0.0178843 0.0887871 
0.0105893 -0.019081 0.000378311 -0.000388444 -0.019081 0.0916626 -0.000381688 0.000905243 0.000378311 -0.000381688 0.00959963 -0.0178819 -0.000388444 0.000905243 -0.0178819 0.0887645 
0.0105874 -0.019083 0.000382473 -0.00035878 -0.019083 0.0916682 -0.00035201 0.000785253 0.000382473 -0.00035201 0.0095652 -0.0178476 -0.00035878 0.000785253 -0.0178476 0.0886558 
0.0105666 -0.0190794 0.000378948 -0.000392482 -0.0190794 0.0916682 -0.000385715 0.000828949 0.000378948 -0.000385715 0.00956506 -0.0178106 -0.000392482 0.000828949 -0.0178106 0.0885791 
0.0105323 -0.0190002 0.000408095 -0.000438702 -0.0190002 0.0914848 -0.000435302 0.000972627 0.000408095 -0.000435302 0.00955623 -0.017844 -0.000438702 0.000972627 -0.017844 0.0886281 
0.0105034 -0.0189695 0.000384977 -0.00043608 -0.0189695 0.091369 -0.000439487 0.000998215 0.000384977 -0.000439487 0.00954607 -0.0178146 -0.00043608 0.000998215 -0.0178146 0.0885822 
0.0104733 -0.0189105 0.000384746 -0.000432414 -0.0189105 0.0912223 -0.000439224 0.00102826 0.000384746 -0.000439224 0.00956078 -0.0178243 -0.000432414 0.00102826 -0.0178243 0.0885938 
0.0104481 -0.0188749 0.00041656 -0.000426803 -0.0188749 0.0911037 -0.000426803 0.00101408 0.00041656 -0.000426803 0.00955356 -0.0178301 -0.000426803 0.00101408 -0.0178301 0.0885975 
0.0104282 -0.0188962 0.000388628 -0.000432945 -0.0188962 0.0911502 -0.000422718 0.00096816 0.000388628 -0.000422718 0.00957251 -0.0177916 -0.000432945 0.00096816 -0.0177916 0.0884844 
0.0104069 -0.0188745 0.000366824 -0.000417772 -0.0188745 0.0911524 -0.000410979 0.000961215 0.000366824 -0.000410979 0.00960536 -0.017808 -0.000417772 0.000961215 -0.017808 0.0884522 
0.0104119 -0.0188542 0.000347964 -0.000388503 -0.0188542 0.0911259 -0.000378368 0.000891868 0.000347964 -0.000378368 0.00961461 -0.0178272 -0.000388503 0.000891868 -0.0178272 0.0884638 
0.0104611 -0.0188638 0.00036842 -0.00037518 -0.0188638 0.0911383 -0.00036166 0.00085852 0.00036842 -0.00036166 0.00956878 -0.0178565 -0.00037518 0.00085852 -0.0178565 0.088529 
0.0105224 -0.0189132 0.000405356 -0.000422246 -0.0189132 0.0912017 -0.000422246 0.000952587 0.000405356 -0.000422246 0.00953262 -0.0178357 -0.000422246 0.000952587 -0.0178357 0.0885771 
0.0105627 -0.0189512 0.00043348 -0.000470732 -0.0189512 0.0912678 -0.000477505 0.00109047 0.00043348 -0.000477505 0.00949591 -0.0178235 -0.000470732 0.00109047 -0.0178235 0.0886093 
0.0106074 -0.0190276 0.000437454 -0.000481539 -0.0190276 0.0914381 -0.000491712 0.00113942 0.000437454 -0.000491712 0.00947139 -0.0177695 -0.000481539 0.00113942 -0.0177695 0.0885285 
0.0106047 -0.019083 0.000414405 -0.00046196 -0.019083 0.0915971 -0.00046196 0.00108357 0.000414405 -0.00046196 0.00946678 -0.0177141 -0.00046196 0.00108357 -0.0177141 0.0883736 
0.0105708 -0.0190824 0.000389506 -0.000450472 -0.0190824 0.0916761 -0.000453859 0.00107368 0.000389506 -0.000453859 0.00952087 -0.0177242 -0.000450472 0.00107368 -0.0177242 0.0883331 
0.0105452 -0.0190417 0.000369116 -0.000430071 -0.0190417 0.0916119 -0.000430071 0.00103285 0.000369116 -0.000430071 0.009553 -0.0177718 -0.000430071 0.00103285 -0.0177718 0.0883949 
0.0105616 -0.0190428 0.000348446 -0.000361978 -0.0190428 0.0916177 -0.000372127 0.000882956 0.000348446 -0.000372127 0.0095366 -0.0177775 -0.000361978 0.000882956 -0.0177775 0.0883903 
0.0105852 -0.0190661 0.00032762 -0.000330997 -0.0190661 0.0916626 -0.000337752 0.000753188 0.00032762 -0.000337752 0.00952461 -0.0177624 -0.000330997 0.000753188 -0.0177624 0.0883796 
0.0105971 -0.0190619 0.000337918 -0.000344676 -0.0190619 0.0916467 -0.000341297 0.000760315 0.000337918 -0.000341297 0.00951238 -0.0177779 -0.000344676 0.000760315 -0.0177779 0.0884297 
0.0106392 -0.019098 0.000370705 -0.000360595 -0.019098 0.0917191 -0.000363965 0.000798701 0.000370705 -0.000363965 0.00949004 -0.0177534 -0.000360595 0.000798701 -0.0177534 0.0884064 
0.0106531 -0.0191179 0.000399702 -0.000403089 -0.0191179 0.0917587 -0.000409864 0.000897636 0.000399702 -0.000409864 0.00947429 -0.0177664 -0.000403089 0.000897636 -0.0177664 0.0884357 
0.0106348 -0.0191481 0.000410075 -0.000447355 -0.0191481 0.0918331 -0.000437187 0.000992991 0.000410075 -0.000437187 0.00949951 -0.0177451 -0.000447355 0.000992991 -0.0177451 0.0884305 
0.0106362 -0.0191208 0.00041611 -0.000453323 -0.0191208 0.0918013 -0.00044994 0.00102843 0.00041611 -0.00044994 0.00952317 -0.0177845 -0.000453323 0.00102843 -0.0177845 0.0884859 
0.0106636 -0.0191152 0.000443752 -0.000443752 -0.0191152 0.0917652 -0.000443752 0.00102639 0.000443752 -0.000443752 0.00950171 -0.0178077 -0.000443752 0.00102639 -0.0178077 0.0885539 
0.0106821 -0.0191418 0.000464146 -0.000494637 -0.0191418 0.091789 -0.000498025 0.00111463 0.000464146 -0.000498025 0.00948619 -0.0177866 -0.000494637 0.00111463 -0.0177866 0.0885671 
0.010702 -0.0191636 0.000452816 -0.000513642 -0.0191636 0.0918338 -0.000513642 0.00118949 0.000452816 -0.000513642 0.0094821 -0.0177713 -0.000513642 0.00118949 -0.0177713 0.0885289 
0.0106833 -0.0191956 0.000397173 -0.000471222 -0.0191956 0.0918916 -0.000471222 0.00109727 0.000397173 -0.000471222 0.00949512 -0.0177381 -0.000471222 0.00109727 -0.0177381 0.0884349 
0.0106626 -0.0191572 0.000361331 -0.000394787 -0.0191572 0.0918383 -0.000391442 0.000936784 0.000361331 -0.000391442 0.00952843 -0.0177788 -0.000394787 0.000936784 -0.0177788 0.0884926 
0.010653 -0.0191325 0.000367804 -0.000374492 -0.0191325 0.0917739 -0.000371148 0.000849294 0.000367804 -0.000371148 0.00954285 -0.0178218 -0.000374492 0.000849294 -0.0178218 0.0885941 
0.0106344 -0.019109 0.000393619 -0.000407076 -0.019109 0.0917131 -0.000400347 0.000901622 0.000393619 -0.000400347 0.00952759 -0.017844 -0.000407076 0.000901622 -0.017844 0.0886752 
0.0106098 -0.0191044 0.000398712 -0.000432501 -0.0191044 0.0917105 -0.000422364 0.000962991 0.000398712 -0.000422364 0.00952854 -0.0178272 -0.000432501 0.000962991 -0.0178272 0.0886898 
0.0106107 -0.0190715 0.000419154 -0.000452957 -0.0190715 0.0916528 -0.000449576 0.00103098 0.000419154 -0.000449576 0.00953237 -0.0178377 -0.000452957 0.00103098 -0.0178377 0.0887018 
0.0105799 -0.0190527 0.000430934 -0.000475045 -0.0190527 0.0915683 -0.000471652 0.00108582 0.000430934 -0.000471652 0.00953822 -0.0178379 -0.000475045 0.00108582 -0.0178379 0.0887011 
0.010575 -0.0190377 0.000415701 -0.000476535 -0.0190377 0.0915555 -0.000473155 0.00110178 0.000415701 -0.000473155 0.00955436 -0.0178211 -0.000476535 0.00110178 -0.0178211 0.0886524 
0.0105941 -0.0190395 0.000406682 -0.00044735 -0.0190395 0.0915542 -0.000443961 0.00105398 0.000406682 -0.000443961 0.00951635 -0.0178161 -0.00044735 0.00105398 -0.0178161 0.0885888 
0.010618 -0.0190617 0.000426754 -0.000433528 -0.0190617 0.091576 -0.000430141 0.00101269 0.000426754 -0.000430141 0.00947665 -0.0177713 -0.000433528 0.00101269 -0.0177713 0.0885007 
0.0106069 -0.019102 0.000416955 -0.000447464 -0.019102 0.0916758 -0.000444074 0.0010034 0.000416955 -0.000444074 0.00946454 -0.0177019 -0.000447464 0.0010034 -0.0177019 0.0883232 
0.0106068 -0.0191098 0.00038896 -0.000426165 -0.0191098 0.0917405 -0.000436312 0.000980856 0.00038896 -0.000436312 0.00945004 -0.0176656 -0.000426165 0.000980856 -0.0176656 0.0881756 
0.0106066 -0.0190784 0.00037157 -0.000408727 -0.0190784 0.0916934 -0.000418861 0.000952571 0.00037157 -0.000418861 0.00945477 -0.0176834 -0.000408727 0.000952571 -0.0176834 0.0881837 
0.0106207 -0.0190706 0.000382698 -0.000396245 -0.0190706 0.0916511 -0.000403018 0.000934731 0.000382698 -0.000403018 0.00943875 -0.0177023 -0.000396245 0.000934731 -0.0177023 0.088261 
0.0106084 -0.0190808 0.000391139 -0.000408145 -0.0190808 0.0916184 -0.000414948 0.000942135 0.000391139 -0.000414948 0.00943496 -0.0176999 -0.000408145 0.000942135 -0.0176999 0.088292 
0.0105507 -0.0190641 0.000357707 -0.000412215 -0.0190641 0.0916038 -0.000412215 0.000943666 0.000357707 -0.000412215 0.00948436 -0.0176912 -0.000412215 0.000943666 -0.0176912 0.0882958 
0.0104974 -0.0189635 0.000364684 -0.000402174 -0.0189635 0.0913959 -0.000405583 0.000954312 0.000364684 -0.000405583 0.00952949 -0.0177741 -0.000402174 0.000954312 -0.0177741 0.0884341 
0.0104587 -0.0188851 0.000375722 -0.000420125 -0.0188851 0.0911569 -0.000416709 0.00099737 0.000375722 -0.000416709 0.00953991 -0.0178297 -0.000420125 0.00099737 -0.0178297 0.0885883 
0.0104604 -0.0188724 0.000365891 -0.000437701 -0.0188724 0.0911 -0.000417184 0.00101218 0.000365891 -0.000417184 0.00952684 -0.0178124 -0.000437701 0.00101218 -0.0178124 0.0885763 
0.0105192 -0.0189017 0.000351549 -0.000402745 -0.0189017 0.0911399 -0.000378854 0.000945428 0.000351549 -0.000378854 0.00947817 -0.0177754 -0.000402745 0.000945428 -0.0177754 0.0884846 
0.010579 -0.0189694 0.000346629 -0.000377214 -0.0189694 0.0912789 -0.000367019 0.000886962 0.000346629 -0.000367019 0.00943714 -0.017712 -0.000377214 0.000886962 -0.017712 0.0883393 
0.0106138 -0.0190201 0.000379792 -0.000420484 -0.0190201 0.0913909 -0.000410311 0.000966436 0.000379792 -0.000410311 0.0094236 -0.0176909 -0.000420484 0.000966436 -0.0176909 0.0882746 
0.0106506 -0.0190779 0.000414737 -0.000435134 -0.0190779 0.0915448 -0.000428335 0.000999449 0.000414737 -0.000428335 0.00937239 -0.0176501 -0.000435134 0.000999449 -0.0176501 0.0881555 
0.0106731 -0.0191259 0.000442021 -0.000465822 -0.0191259 0.0917125 -0.000465822 0.00106425 0.000442021 -0.000465822 0.00934023 -0.0175788 -0.000465822 0.00106425 -0.0175788 0.0879995 
0.0106758 -0.019163 0.000419456 -0.000480345 -0.019163 0.0918304 -0.000480345 0.00110953 0.000419456 -0.000480345 0.00937011 -0.0175596 -0.000480345 0.00110953 -0.0175596 0.0879268 
0.0106523 -0.0191389 0.000406058 -0.000470351 -0.0191389 0.0918132 -0.000473735 0.00111666 0.000406058 -0.000473735 0.00939687 -0.017606 -0.000470351 0.00111666 -0.017606 0.0879895 
0.0106451 -0.0191258 0.000374348 -0.000421993 -0.0191258 0.0917868 -0.000425396 0.00101414 0.000374348 -0.000425396 0.00937913 -0.0176284 -0.000421993 0.00101414 -0.0176284 0.0880365 
0.010655 -0.0191171 0.000370579 -0.000404578 -0.0191171 0.0917609 -0.000418177 0.000979146 0.000370579 -0.000418177 0.00937668 -0.0176246 -0.000404578 0.000979146 -0.0176246 0.0880857 
0.010643 -0.0191147 0.000396317 -0.000420029 -0.0191147 0.0917288 -0.000426803 0.00100265 0.000396317 -0.000426803 0.00941338 -0.0176344 -0.000420029 0.00100265 -0.0176344 0.0881213 
0.0106292 -0.0190926 0.000420288 -0.00046774 -0.0190926 0.0916837 -0.00046435 0.00108122 0.000420288 -0.00046435 0.00941919 -0.017669 -0.00046774 0.00108122 -0.017669 0.0881791 
0.0106307 -0.0190898 0.00042075 -0.000485219 -0.0190898 0.0916522 -0.000481826 0.00114688 0.00042075 -0.000481826 0.00941597 -0.0176783 -0.000485219 0.00114688 -0.0176783 0.0882217 
0.0105818 -0.0190757 0.000387635 -0.000472643 -0.0190757 0.0916145 -0.000462442 0.0011357 0.000387635 -0.000462442 0.00943585 -0.0176612 -0.000472643 0.0011357 -0.0176612 0.0882108 
0.0105569 -0.0190167 0.000363095 -0.000434356 -0.0190167 0.0914863 -0.000430963 0.00107232 0.000363095 -0.000430963 0.00946082 -0.0177102 -0.000434356 0.00107232 -0.0177102 0.0882931 
0.0105685 -0.0189804 0.00033675 -0.000387772 -0.0189804 0.091368 -0.000387772 0.000949022 0.00033675 -0.000387772 0.00943579 -0.0177287 -0.000387772 0.000949022 -0.0177287 0.0883576 
0.0106004 -0.0189781 0.000346663 -0.000373852 -0.0189781 0.0913117 -0.000373852 0.000900644 0.000346663 -0.000373852 0.00939049 -0.0177138 -0.000373852 0.000900644 -0.0177138 0.0883752 
0.0106158 -0.0190318 0.000349115 -0.000389788 -0.0190318 0.0913969 -0.000389788 0.000908376 0.000349115 -0.000389788 0.00938542 -0.0176388 -0.000389788 0.000908376 -0.0176388 0.0882413 
0.0106282 -0.0190486 0.000360048 -0.000400808 -0.0190486 0.091476 -0.000400808 0.000944277 0.000360048 -0.000400808 0.00935446 -0.0176186 -0.000400808 0.000944277 -0.0176186 0.0881337 
0.0106207 -0.0190615 0.000350283 -0.000418299 -0.0190615 0.0915225 -0.000411497 0.000982833 0.000350283 -0.000411497 0.00935221 -0.0175992 -0.000418299 0.000982833 -0.0175992 0.0880673 
0.0106026 -0.0190732 0.000346291 -0.000407401 -0.0190732 0.091577 -0.000400611 0.000987948 0.000346291 -0.000400611 0.00937702 -0.0175861 -0.000407401 0.000987948 -0.0175861 0.0880088 
0.0105694 -0.0190106 0.000350724 -0.000435852 -0.0190106 0.0914505 -0.000432446 0.00104877 0.000350724 -0.000432446 0.00940486 -0.0176486 -0.000435852 0.00104877 -0.0176486 0.0881203 
0.0105649 -0.0189746 0.000353523 -0.000424907 -0.0189746 0.0913482 -0.000428306 0.00105037 0.000353523 -0.000428306 0.00942274 -0.0176863 -0.000424907 0.00105037 -0.0176863 0.0882549 
0.0105497 -0.0189833 0.000323192 -0.000401438 -0.0189833 0.091317 -0.000398036 0.000979782 0.000323192 -0.000398036 0.00944061 -0.0176871 -0.000401438 0.000979782 -0.0176871 0.0882688 
0.0105253 -0.01896 0.000325067 -0.000362707 -0.01896 0.0913063 -0.000355863 0.000879393 0.000325067 -0.000355863 0.00942011 -0.0176871 -0.000362707 0.000879393 -0.0176871 0.0882336 
0.0104913 -0.0189337 0.000308367 -0.000352909 -0.0189337 0.0912355 -0.000346056 0.000818886 0.000308367 -0.000346056 0.00942233 -0.0176626 -0.000352909 0.000818886 -0.0176626 0.0881827 
0.0104585 -0.0188863 0.000308712 -0.000353304 -0.0188863 0.0911386 -0.000349873 0.000823232 0.000308712 -0.000349873 0.009426 -0.0176549 -0.000353304 0.000823232 -0.0176549 0.0881475 
0.0104636 -0.0188652 0.00032143 -0.000348786 -0.0188652 0.0910742 -0.000345366 0.000813834 0.00032143 -0.000345366 0.00942748 -0.0176479 -0.000348786 0.000813834 -0.0176479 0.0881026 
0.0104544 -0.0188603 0.000324354 -0.000375568 -0.0188603 0.091041 -0.000378982 0.000880877 0.000324354 -0.000378982 0.00942675 -0.017638 -0.000375568 0.000880877 -0.017638 0.0880638 
0.0104447 -0.0188693 0.000316816 -0.000367915 -0.0188693 0.0910658 -0.000384948 0.000902755 0.000316816 -0.000384948 0.00943975 -0.0176327 -0.000367915 0.000902755 -0.0176327 0.0880203 
0.010442 -0.0188602 0.000306117 -0.000343532 -0.0188602 0.0910631 -0.000363939 0.00086053 0.000306117 -0.000363939 0.00945222 -0.0176528 -0.000343532 0.00086053 -0.0176528 0.0880529 
0.0104588 -0.0188544 0.000316624 -0.000347265 -0.0188544 0.0910481 -0.000360883 0.000851139 0.000316624 -0.000360883 0.00943062 -0.0176765 -0.000347265 0.000851139 -0.0176765 0.0881031 
0.0104762 -0.0188905 0.000309625 -0.000347052 -0.0188905 0.0911148 -0.000350455 0.000826801 0.000309625 -0.000350455 0.00941124 -0.0176384 -0.000347052 0.000826801 -0.0176384 0.0880662 
0.0104828 -0.0188977 0.00031735 -0.000361711 -0.0188977 0.0911476 -0.000354886 0.000849679 0.00031735 -0.000354886 0.00939082 -0.0176351 -0.000361711 0.000849679 -0.0176351 0.0880424 
0.0105032 -0.018897 0.000331645 -0.000396607 -0.018897 0.0911649 -0.000389769 0.000929975 0.000331645 -0.000389769 0.00938181 -0.0176319 -0.000396607 0.000929975 -0.0176319 0.0880673 
0.0105086 -0.0189108 0.000334583 -0.000416522 -0.0189108 0.0911807 -0.000416522 0.00101741 0.000334583 -0.000416522 0.00939222 -0.0176271 -0.000416522 0.00101741 -0.0176271 0.0880568 
0.0104958 -0.0189476 0.000316815 -0.000384947 -0.0189476 0.0912767 -0.000388353 0.00096407 0.000316815 -0.000388353 0.00942609 -0.0175985 -0.000384947 0.00096407 -0.0175985 0.0879859 
0.0104979 -0.0189201 0.000323799 -0.000354475 -0.0189201 0.0912533 -0.000354475 0.00087937 0.000323799 -0.000354475 0.00942084 -0.0176385 -0.000354475 0.00087937 -0.0176385 0.0880188 
0.0104836 -0.0189224 0.000334546 -0.00036527 -0.0189224 0.0912322 -0.000368684 0.00086709 0.000334546 -0.000368684 0.00942875 -0.0176388 -0.00036527 0.00086709 -0.0176388 0.0880574 
0.0104934 -0.0188963 0.000357498 -0.000391545 -0.0188963 0.091196 -0.000391545 0.00092609 0.000357498 -0.000391545 0.00942773 -0.0176604 -0.000391545 0.00092609 -0.0176604 0.0881079 
0.0105105 -0.0189183 0.000362315 -0.000409721 -0.0189183 0.0912018 -0.000413107 0.000958273 0.000362315 -0.000413107 0.00945067 -0.0176654 -0.000409721 0.000958273 -0.0176654 0.0881543 
0.0105117 -0.0189272 0.000359549 -0.000403644 -0.0189272 0.0912134 -0.000403644 0.000959927 0.000359549 -0.000403644 0.00944663 -0.0176857 -0.000403644 0.000959927 -0.0176857 0.0882014 
0.0104466 -0.0189242 0.000311073 -0.000382859 -0.0189242 0.0911956 -0.000393114 0.000919545 0.000311073 -0.000393114 0.00944841 -0.0176799 -0.000382859 0.000919545 -0.0176799 0.0881669 
0.0104566 -0.0188684 0.000294071 -0.000335105 -0.0188684 0.0911279 -0.000335105 0.000827503 0.000294071 -0.000335105 0.0094308 -0.0176819 -0.000335105 0.000827503 -0.0176819 0.0882043 
0.0104556 -0.0188432 0.000309519 -0.000329926 -0.0188432 0.0910189 -0.000323124 0.0007823 0.000309519 -0.000323124 0.00945222 -0.0176936 -0.000329926 0.0007823 -0.0176936 0.0882638 
0.0104284 -0.0188431 0.000312411 -0.000346369 -0.0188431 0.0909795 -0.000346369 0.000784423 0.000312411 -0.000346369 0.00951155 -0.0177225 -0.000346369 0.000784423 -0.0177225 0.088324 
0.0104336 -0.0188369 0.000336131 -0.000359898 -0.0188369 0.090993 -0.000342922 0.000811468 0.000336131 -0.000342922 0.00952032 -0.0177674 -0.000359898 0.000811468 -0.0177674 0.0883889 
0.0104777 -0.0188531 0.000356038 -0.000389947 -0.0188531 0.0910373 -0.000379774 0.00088501 0.000356038 -0.000379774 0.00950453 -0.0177917 -0.000389947 0.00088501 -0.0177917 0.0884705 
0.0105166 -0.0189 0.000383843 -0.000417812 -0.0189 0.0911271 -0.000407621 0.000961307 0.000383843 -0.000407621 0.00948059 -0.0177791 -0.000417812 0.000961307 -0.0177791 0.0884742 
0.0105159 -0.0189347 0.000393625 -0.000441131 -0.0189347 0.0911954 -0.000451311 0.00104175 0.000393625 -0.000451311 0.00950128 -0.0177606 -0.000441131 0.00104175 -0.0177606 0.0884671 
0.0105086 -0.0189482 0.000411105 -0.000441683 -0.0189482 0.091272 -0.00045867 0.00106344 0.000411105 -0.00045867 0.00950977 -0.0177624 -0.000441683 0.00106344 -0.0177624 0.0884384 
0.010515 -0.018963 0.000394992 -0.000432448 -0.018963 0.0913487 -0.000439258 0.00101813 0.000394992 -0.000439258 0.00950364 -0.017761 -0.000432448 0.00101813 -0.017761 0.0884169 
0.0104804 -0.0189696 0.000371018 -0.000439095 -0.0189696 0.0913828 -0.000445903 0.00102796 0.000371018 -0.000445903 0.00954096 -0.0177442 -0.000439095 0.00102796 -0.0177442 0.0883704 
0.0104769 -0.0189325 0.000343115 -0.000380484 -0.0189325 0.0913433 -0.000377087 0.000910444 0.000343115 -0.000377087 0.00955286 -0.0177774 -0.000380484 0.000910444 -0.0177774 0.0884048 
0.0104724 -0.0189279 0.000333321 -0.000346926 -0.0189279 0.0912959 -0.000346926 0.00079929 0.000333321 -0.000346926 0.00955066 -0.0177885 -0.000346926 0.00079929 -0.0177885 0.0884287 
0.010477 -0.0189042 0.000360922 -0.000371137 -0.0189042 0.091218 -0.000364327 0.000834207 0.000360922 -0.000364327 0.00954061 -0.0178214 -0.000371137 0.000834207 -0.0178214 0.0885213 
0.0104977 -0.0188986 0.00037504 -0.000415954 -0.0188986 0.0911825 -0.000409135 0.00094101 0.00037504 -0.000409135 0.0095192 -0.017811 -0.000415954 0.00094101 -0.017811 0.0885401 
0.010494 -0.0189465 0.000347642 -0.000408991 -0.0189465 0.0912663 -0.000402174 0.000944088 0.000347642 -0.000402174 0.0095329 -0.0177604 -0.000408991 0.000944088 -0.0177604 0.0884579 
0.0105312 -0.0189535 0.000353192 -0.000383757 -0.0189535 0.0913342 -0.000387153 0.000906754 0.000353192 -0.000387153 0.0095328 -0.0177853 -0.000383757 0.000906754 -0.0177853 0.0884611 
0.0105632 -0.0190037 0.000355494 -0.000369036 -0.0190037 0.0914329 -0.000379193 0.000866727 0.000355494 -0.000379193 0.00952723 -0.0177781 -0.000369036 0.000866727 -0.0177781 0.0884434 
0.0105975 -0.0190384 0.000361125 -0.00037125 -0.0190384 0.0915368 -0.00038475 0.000860626 0.000361125 -0.00038475 0.00952763 -0.0177896 -0.00037125 0.000860626 -0.0177896 0.0884723 
0.0106449 -0.0190947 0.000370901 -0.000364157 -0.0190947 0.0916699 -0.000374273 0.000826098 0.000370901 -0.000374273 0.0094917 -0.0177763 -0.000364157 0.000826098 -0.0177763 0.0884431 
0.0106778 -0.0191174 0.000391597 -0.000391597 -0.0191174 0.0917147 -0.000398349 0.000881093 0.000391597 -0.000398349 0.00946247 -0.0177738 -0.000391597 0.000881093 -0.0177738 0.0884874 
0.0106684 -0.0191692 0.000400916 -0.000407711 -0.0191692 0.0918335 -0.000404314 0.000893567 0.000400916 -0.000404314 0.00943851 -0.0177049 -0.000407711 0.000893567 -0.0177049 0.0883612 
0.010642 -0.0191522 0.000403954 -0.000424321 -0.0191522 0.0918469 -0.000427716 0.000933507 0.000403954 -0.000427716 0.00944709 -0.0176755 -0.000424321 0.000933507 -0.0176755 0.0882724 
0.010593 -0.0191103 0.000370315 -0.000424673 -0.0191103 0.09176 -0.000417878 0.000944473 0.000370315 -0.000417878 0.00947191 -0.017697 -0.000424673 0.000944473 -0.017697 0.0882573 
0.0105771 -0.0190441 0.000369756 -0.000407071 -0.0190441 0.0916079 -0.000403679 0.000943047 0.000369756 -0.000403679 0.00950171 -0.0177449 -0.000407071 0.000943047 -0.0177449 0.0883513 
0.0105636 -0.0190227 0.000367193 -0.000394393 -0.0190227 0.0915059 -0.000394393 0.000914583 0.000367193 -0.000394393 0.00948923 -0.0177545 -0.000394393 0.000914583 -0.0177545 0.0883882 
0.0105473 -0.0190191 0.000362882 -0.000386622 -0.0190191 0.0914631 -0.000386622 0.00088516 0.000362882 -0.000386622 0.00950275 -0.0177371 -0.000386622 0.00088516 -0.0177371 0.0883702 
0.0105391 -0.0189717 0.000361783 -0.000405738 -0.0189717 0.0913588 -0.00040912 0.000926436 0.000361783 -0.00040912 0.00951795 -0.0177747 -0.000405738 0.000926436 -0.0177747 0.0884442 
0.0105232 -0.0189914 0.000345914 -0.000369653 -0.0189914 0.0913959 -0.000376436 0.000868176 0.000345914 -0.000376436 0.00952281 -0.0177603 -0.000369653 0.000868176 -0.0177603 0.0884149 
0.0105329 -0.0189626 0.000374352 -0.000377755 -0.0189626 0.0913521 -0.000381159 0.00086101 0.000374352 -0.000381159 0.00951535 -0.0178021 -0.000377755 0.00086101 -0.0178021 0.0885002 
0.0105372 -0.0190011 0.000388752 -0.000409213 -0.0190011 0.091442 -0.000402393 0.000896858 0.000388752 -0.000402393 0.00952784 -0.0177769 -0.000409213 0.000896858 -0.0177769 0.0884786 
0.0105422 -0.0190018 0.000367513 -0.00042196 -0.0190018 0.09147 -0.000408348 0.000925589 0.000367513 -0.000408348 0.00954173 -0.017787 -0.00042196 0.000925589 -0.017787 0.0884686 
0.0105317 -0.01903 0.00032426 -0.000371548 -0.01903 0.0915493 -0.000374925 0.000861315 0.00032426 -0.000374925 0.00957579 -0.01776 -0.000371548 0.000861315 -0.01776 0.0884047 
0.0104986 -0.0190123 0.000310571 -0.000327449 -0.0190123 0.0915339 -0.000327449 0.000766299 0.000310571 -0.000327449 0.00960068 -0.0178004 -0.000327449 0.000766299 -0.0178004 0.088408 
0.0104677 -0.0189495 0.000292826 -0.000323118 -0.0189495 0.0913987 -0.000323118 0.000740479 0.000292826 -0.000323118 0.00962623 -0.017859 -0.000323118 0.000740479 -0.017859 0.0885613 
0.0104584 -0.0188745 0.000321225 -0.000321225 -0.0188745 0.091167 -0.000317844 0.000740508 0.000321225 -0.000317844 0.00960631 -0.0179277 -0.000321225 0.000740508 -0.0179277 0.0887663 
0.0104656 -0.0188965 0.000295045 -0.00033235 -0.0188965 0.0911758 -0.000328959 0.000732526 0.000295045 -0.000328959 0.00956354 -0.0178689 -0.00033235 0.000732526 -0.0178689 0.0887306 
0.010531 -0.0189042 0.000328563 -0.000318401 -0.0189042 0.0912016 -0.000318401 0.000745194 0.000328563 -0.000318401 0.009508 -0.0178406 -0.000318401 0.000745194 -0.0178406 0.0886646 
0.0105383 -0.0189838 0.000338633 -0.000358951 -0.0189838 0.0913395 -0.000362337 0.000805946 0.000338633 -0.000362337 0.00951559 -0.0177681 -0.000358951 0.000805946 -0.0177681 0.0885288 
0.0105766 -0.019011 0.000333467 -0.000357045 -0.019011 0.0914676 -0.000353677 0.000811773 0.000333467 -0.000353677 0.00951223 -0.0177681 -0.000357045 0.000811773 -0.0177681 0.0884631 
