0.00663 0 0.000558506 0 0 0.00999455 0 0 0.000558506 0 0.0079542 0 0 0 0 0.00999455 
0.00949436 -0.0118052 0.000678462 -0.000830602 -0.0118052 0.0318137 -0.000830602 0.00158719 0.000678462 -0.000830602 0.011098 -0.0137666 -0.000830602 0.00158719 -0.0137666 0.0355884 
0.00963745 -0.018256 0.000522081 -0.000879959 -0.018256 0.0676432 -0.000879959 0.00274514 0.000522081 -0.000879959 0.01101 -0.0204496 -0.000879959 0.00274514 -0.0204496 0.0745229 
0.00909701 -0.0182636 0.000454032 -0.000589015 -0.0182636 0.082728 -0.000584924 0.00196747 0.000454032 -0.000584924 0.0103732 -0.0197484 -0.000589015 0.00196747 -0.0197484 0.0875873 
0.00901914 -0.0175693 0.000461228 -0.00046898 -0.0175693 0.0864279 -0.000453476 0.00118214 0.000461228 -0.000453476 0.0103989 -0.0189995 -0.00046898 0.00118214 -0.0189995 0.0899627 
0.00914577 -0.0173759 0.00051484 -0.000511163 -0.0173759 0.087236 -0.000503808 0.0010922 0.00051484 -0.000503808 0.0106425 -0.019005 -0.000511163 0.0010922 -0.019005 0.0908987 
0.00927776 -0.0174531 0.000561858 -0.000611643 -0.0174531 0.0876071 -0.000618755 0.0013193 0.000561858 -0.000618755 0.0107749 -0.0191885 -0.000611643 0.0013193 -0.0191885 0.0915864 
0.00937198 -0.0175352 0.000547218 -0.000647657 -0.0175352 0.0878389 -0.000654584 0.00148234 0.000547218 -0.000654584 0.0108162 -0.0192843 -0.000647657 0.00148234 -0.0192843 0.0920297 
0.00937891 -0.0176153 0.000518398 -0.000630945 -0.0176153 0.0879742 -0.000644587 0.00154155 0.000518398 -0.000644587 0.0108352 -0.0193001 -0.000630945 0.00154155 -0.0193001 0.0921452 
0.0094007 -0.0176453 0.000486768 -0.000594938 -0.0176453 0.0881117 -0.000605079 0.00149073 0.000486768 -0.000605079 0.0108407 -0.0193186 -0.000594938 0.00149073 -0.0193186 0.0921884 
0.00944059 -0.0176994 0.000476081 -0.000570622 -0.0176994 0.0882675 -0.000570622 0.00141811 0.000476081 -0.000570622 0.0107777 -0.0192931 -0.000570622 0.00141811 -0.0192931 0.0920998 
0.009448 -0.0177613 0.000475627 -0.000543574 -0.0177613 0.0884361 -0.000540177 0.00132496 0.000475627 -0.000540177 0.0107254 -0.0192154 -0.000543574 0.00132496 -0.0192154 0.0919524 
0.00941307 -0.0177496 0.000497397 -0.000572347 -0.0177496 0.0884583 -0.000568941 0.00135592 0.000497397 -0.000568941 0.0107077 -0.01916 -0.000572347 0.00135592 -0.01916 0.0918175 
0.00938918 -0.0176954 0.000486998 -0.000572137 -0.0176954 0.0883713 -0.000575543 0.00136564 0.000486998 -0.000575543 0.0106969 -0.0191462 -0.000572137 0.00136564 -0.0191462 0.0917428 
0.00937141 -0.0176887 0.000513455 -0.000595064 -0.0176887 0.0883517 -0.000595064 0.00144176 0.000513455 -0.000595064 0.0106942 -0.0190999 -0.000595064 0.00144176 -0.0190999 0.0916093 
0.00936595 -0.0176246 0.000507649 -0.000568976 -0.0176246 0.0881878 -0.000572383 0.00135941 0.000507649 -0.000572383 0.0106811 -0.0191407 -0.000568976 0.00135941 -0.0191407 0.0916698 
0.00938547 -0.0176045 0.000508606 -0.00057981 -0.0176045 0.0880837 -0.00057642 0.00136306 0.000508606 -0.00057642 0.0106638 -0.0191371 -0.00057981 0.00136306 -0.0191371 0.0917219 
0.00943626 -0.0176558 0.000483304 -0.000591456 -0.0176558 0.0881438 -0.000594836 0.00140936 0.000483304 -0.000594836 0.0106394 -0.0191125 -0.000591456 0.00140936 -0.0191125 0.0917027 
0.00949709 -0.0177277 0.000443444 -0.000564383 -0.0177277 0.0883092 -0.000567743 0.00138072 0.000443444 -0.000567743 0.0106292 -0.0190849 -0.000564383 0.00138072 -0.0190849 0.091672 
0.00948879 -0.0177965 0.000451688 -0.000515259 -0.0177965 0.0884974 -0.000511913 0.00127142 0.000451688 -0.000511913 0.0106833 -0.019088 -0.000515259 0.00127142 -0.019088 0.0916725 
0.00947 -0.0177924 0.000454318 -0.000524989 -0.0177924 0.0885616 -0.000518259 0.0012418 0.000454318 -0.000518259 0.0106748 -0.0191318 -0.000524989 0.0012418 -0.0191318 0.0916947 
0.00947451 -0.0177622 0.000439574 -0.000551158 -0.0177622 0.0885369 -0.000537633 0.0013052 0.000439574 -0.000537633 0.0106309 -0.0191282 -0.000551158 0.0013052 -0.0191282 0.0917289 
0.00947677 -0.017774 0.000424891 -0.000520067 -0.017774 0.0885303 -0.000516668 0.00128487 0.000424891 -0.000516668 0.0105917 -0.0190725 -0.000520067 0.00128487 -0.0190725 0.0916541 
0.00946857 -0.0177608 0.000418181 -0.000489578 -0.0177608 0.0884946 -0.000489578 0.00121374 0.000418181 -0.000489578 0.0105837 -0.0190289 -0.000489578 0.00121374 -0.0190289 0.0915442 
0.00945655 -0.0177379 0.000432631 -0.000473509 -0.0177379 0.0884406 -0.000470103 0.0011446 0.000432631 -0.000470103 0.0105671 -0.0190085 -0.000473509 0.0011446 -0.0190085 0.0914588 
0.00944537 -0.0177293 0.000447502 -0.000498743 -0.0177293 0.0883902 -0.000495327 0.00115804 0.000447502 -0.000495327 0.0105488 -0.0189727 -0.000498743 0.00115804 -0.0189727 0.0913485 
0.00943184 -0.0176817 0.000439403 -0.00051434 -0.0176817 0.0882724 -0.000517746 0.00120921 0.000439403 -0.000517746 0.0105286 -0.0189659 -0.00051434 0.00120921 -0.0189659 0.0913039 
0.00944318 -0.0176852 0.000417359 -0.000508975 -0.0176852 0.0882291 -0.000508975 0.00121815 0.000417359 -0.000508975 0.0105256 -0.0189373 -0.000508975 0.00121815 -0.0189373 0.0912456 
0.00944186 -0.0176937 0.000423782 -0.000494977 -0.0176937 0.0882348 -0.000491587 0.00121032 0.000423782 -0.000491587 0.0105166 -0.0189312 -0.000494977 0.00121032 -0.0189312 0.0912013 
0.00942901 -0.0176994 0.000432774 -0.000490704 -0.0176994 0.088262 -0.000494112 0.00119268 0.000432774 -0.000494112 0.0104956 -0.0189125 -0.000490704 0.00119268 -0.0189125 0.0911517 
0.00942733 -0.0177044 0.00043348 -0.000494918 -0.0177044 0.0883104 -0.000505157 0.00119463 0.00043348 -0.000505157 0.010482 -0.0188854 -0.000494918 0.00119463 -0.0188854 0.0910819 
0.00944489 -0.0177002 0.000423875 -0.000502497 -0.0177002 0.088313 -0.000509334 0.00122035 0.000423875 -0.000509334 0.0104601 -0.0188727 -0.000502497 0.00122035 -0.0188727 0.0910374 
0.00942208 -0.0176737 0.000423158 -0.000491409 -0.0176737 0.088225 -0.000494821 0.00120805 0.000423158 -0.000494821 0.0104936 -0.0188749 -0.000491409 0.00120805 -0.0188749 0.0910881 
0.00941323 -0.0176545 0.000398606 -0.000480371 -0.0176545 0.0881634 -0.000483778 0.00116516 0.000398606 -0.000483778 0.0105102 -0.0189082 -0.000480371 0.00116516 -0.0189082 0.0911377 
0.00941346 -0.0176622 0.00039166 -0.000473398 -0.0176622 0.0881644 -0.000469992 0.00116136 0.00039166 -0.000469992 0.0105237 -0.0189155 -0.000473398 0.00116136 -0.0189155 0.0911614 
0.00940964 -0.0176405 0.000411035 -0.000461989 -0.0176405 0.0881143 -0.000451799 0.0011278 0.000411035 -0.000451799 0.010551 -0.018962 -0.000461989 0.0011278 -0.018962 0.0912837 
0.00943849 -0.0176291 0.000402429 -0.000476828 -0.0176291 0.0880678 -0.000473446 0.00113289 0.000402429 -0.000473446 0.0105714 -0.0190224 -0.000476828 0.00113289 -0.0190224 0.0914563 
0.00948253 -0.017684 0.000389739 -0.000474465 -0.017684 0.0881557 -0.000474465 0.00116244 0.000389739 -0.000474465 0.0105331 -0.0190159 -0.000474465 0.00116244 -0.0190159 0.0914837 
0.00951964 -0.0177584 0.000390706 -0.000475642 -0.0177584 0.0883369 -0.000475642 0.00117552 0.000390706 -0.000475642 0.0104777 -0.0189441 -0.000475642 0.00117552 -0.0189441 0.0913437 
0.00954216 -0.0178395 0.000399011 -0.000480859 -0.0178395 0.0885873 -0.00048768 0.00120385 0.000399011 -0.00048768 0.010405 -0.0188149 -0.000480859 0.00120385 -0.0188149 0.0910052 
0.00954862 -0.0178696 0.000395586 -0.000487662 -0.0178696 0.0887238 -0.000494482 0.00121063 0.000395586 -0.000494482 0.0103773 -0.0187426 -0.000487662 0.00121063 -0.0187426 0.0907563 
0.00951352 -0.0178204 0.000397671 -0.000452053 -0.0178204 0.0886263 -0.00046225 0.00112164 0.000397671 -0.00046225 0.0103972 -0.0187449 -0.000452053 0.00112164 -0.0187449 0.0907132 
0.00951587 -0.0177944 0.000413586 -0.000484777 -0.0177944 0.088565 -0.000491557 0.00117974 0.000413586 -0.000491557 0.0103973 -0.0187571 -0.000484777 0.00117974 -0.0187571 0.0907075 
0.00955231 -0.0177852 0.000367266 -0.000476085 -0.0177852 0.0885076 -0.000469284 0.00115621 0.000367266 -0.000469284 0.0103583 -0.0187782 -0.000476085 0.00115621 -0.0187782 0.0907758 
0.00959085 -0.017814 0.000327426 -0.000409283 -0.017814 0.0885142 -0.00039905 0.00101638 0.000327426 -0.00039905 0.0103173 -0.0187622 -0.000409283 0.00101638 -0.0187622 0.0908027 
0.00959699 -0.0178752 0.000300653 -0.000355317 -0.0178752 0.0886517 -0.000351901 0.000871211 0.000300653 -0.000351901 0.0103145 -0.0186952 -0.000355317 0.000871211 -0.0186952 0.0906811 
0.0095817 -0.017876 0.000307325 -0.000365375 -0.017876 0.0887007 -0.00036196 0.000877582 0.000307325 -0.00036196 0.0103295 -0.0186853 -0.000365375 0.000877582 -0.0186853 0.0906095 
0.00958169 -0.0178721 0.000327929 -0.00040308 -0.0178721 0.088722 -0.000406496 0.000987204 0.000327929 -0.000406496 0.0103093 -0.0186681 -0.00040308 0.000987204 -0.0186681 0.0905392 
0.00956925 -0.0178612 0.000331269 -0.000406403 -0.0178612 0.0886982 -0.000413233 0.00101771 0.000331269 -0.000413233 0.0103103 -0.018657 -0.000406403 0.00101771 -0.018657 0.0904946 
0.00952863 -0.0178217 0.000338842 -0.000376491 -0.0178217 0.0885848 -0.000393604 0.00095834 0.000338842 -0.000393604 0.0103193 -0.0186637 -0.000376491 0.00095834 -0.0186637 0.0905015 
0.00950438 -0.017784 0.000341148 -0.000382086 -0.017784 0.0884972 -0.000395732 0.000934745 0.000341148 -0.000395732 0.0103504 -0.0186847 -0.000382086 0.000934745 -0.0186847 0.0905441 
0.00949648 -0.0177359 0.000314272 -0.000396256 -0.0177359 0.0883754 -0.000403088 0.000946232 0.000314272 -0.000403088 0.0103505 -0.0187197 -0.000396256 0.000946232 -0.0187197 0.0906197 
0.00951947 -0.0177393 0.000274336 -0.000356637 -0.0177393 0.08835 -0.000353208 0.000874447 0.000274336 -0.000353208 0.010315 -0.0187132 -0.000356637 0.000874447 -0.0187132 0.0906235 
0.00952325 -0.0177838 0.000295881 -0.00035781 -0.0177838 0.0884204 -0.000340608 0.000877323 0.000295881 -0.000340608 0.0102802 -0.018644 -0.00035781 0.000877323 -0.018644 0.0904881 
0.00949783 -0.0177622 0.00031865 -0.000373472 -0.0177622 0.0883895 -0.000359766 0.000904556 0.00031865 -0.000359766 0.0103167 -0.0186428 -0.000373472 0.000904556 -0.0186428 0.090483 
0.00946157 -0.0177114 0.000342315 -0.000390239 -0.0177114 0.0882761 -0.000386815 0.000937942 0.000342315 -0.000386815 0.010355 -0.0186869 -0.000390239 0.000937942 -0.0186869 0.0905525 
0.00945299 -0.0176963 0.000350994 -0.000405518 -0.0176963 0.0882325 -0.000398702 0.00096779 0.000350994 -0.000398702 0.0103935 -0.0187288 -0.000405518 0.00096779 -0.0187288 0.0906554 
0.00949119 -0.0176751 0.000326813 -0.000401708 -0.0176751 0.0881714 -0.000398303 0.000960013 0.000326813 -0.000398303 0.0103797 -0.0187781 -0.000401708 0.000960013 -0.0187781 0.0907893 
0.00951539 -0.0177419 0.000329876 -0.000408094 -0.0177419 0.0882775 -0.000404693 0.00099983 0.000329876 -0.000404693 0.0103554 -0.0187417 -0.000408094 0.00099983 -0.0187417 0.0907567 
0.00950697 -0.0177741 0.000347442 -0.00039513 -0.0177741 0.0883729 -0.00039513 0.000981013 0.000347442 -0.00039513 0.0103688 -0.0187346 -0.00039513 0.000981013 -0.0187346 0.0907403 
0.00949119 -0.0177563 0.000334702 -0.000396178 -0.0177563 0.0883783 -0.000399593 0.000963121 0.000334702 -0.000399593 0.0103826 -0.018757 -0.000396178 0.000963121 -0.018757 0.0907588 
0.00946414 -0.0177213 0.000339475 -0.000397768 -0.0177213 0.0883149 -0.000401197 0.000973847 0.000339475 -0.000401197 0.0103866 -0.018774 -0.000397768 0.000973847 -0.018774 0.0908112 
0.0094432 -0.0177215 0.000364257 -0.000436422 -0.0177215 0.0883118 -0.000436422 0.00107215 0.000364257 -0.000436422 0.0103951 -0.0187558 -0.000436422 0.00107215 -0.0187558 0.0907826 
0.00944051 -0.0176709 0.000357543 -0.000443491 -0.0176709 0.08821 -0.000440053 0.00108982 0.000357543 -0.000440053 0.0104031 -0.0187848 -0.000443491 0.00108982 -0.0187848 0.090816 
0.00943128 -0.0176734 0.000387258 -0.000438664 -0.0176734 0.0881818 -0.00043181 0.00109323 0.000387258 -0.00043181 0.0104114 -0.0187666 -0.000438664 0.00109323 -0.0187666 0.0907898 
0.00943612 -0.0176641 0.000409524 -0.000450477 -0.0176641 0.0881433 -0.000443651 0.00107841 0.000409524 -0.000443651 0.010436 -0.0188006 -0.000450477 0.00107841 -0.0188006 0.0908393 
0.00944518 -0.0176606 0.000416699 -0.000453965 -0.0176606 0.08812 -0.000453965 0.00106716 0.000416699 -0.000453965 0.0104649 -0.0188328 -0.000453965 0.00106716 -0.0188328 0.0909488 
0.00949299 -0.0176704 0.000395682 -0.000476848 -0.0176704 0.0881187 -0.000473466 0.00110926 0.000395682 -0.000473466 0.0104365 -0.0188811 -0.000476848 0.00110926 -0.0188811 0.0910644 
0.00951257 -0.0177135 0.000365088 -0.000442838 -0.0177135 0.0881823 -0.000442838 0.0010885 0.000365088 -0.000442838 0.0104456 -0.0188832 -0.000442838 0.0010885 -0.0188832 0.0911774 
0.00949885 -0.0177702 0.000382118 -0.000436223 -0.0177702 0.0883538 -0.000432842 0.00107534 0.000382118 -0.000432842 0.0104727 -0.0188692 -0.000436223 0.00107534 -0.0188692 0.0911301 
0.00946317 -0.0177689 0.000393733 -0.000451435 -0.0177689 0.088427 -0.000444647 0.00108616 0.000393733 -0.000444647 0.010495 -0.0188856 -0.000451435 0.00108616 -0.0188856 0.0911288 
0.0094478 -0.0177274 0.000380357 -0.000441486 -0.0177274 0.0883889 -0.000444882 0.00106636 0.000380357 -0.000444882 0.0105142 -0.0189194 -0.000441486 0.00106636 -0.0189194 0.0911941 
0.00944971 -0.0177042 0.000399522 -0.000460466 -0.0177042 0.0883316 -0.000467238 0.00113085 0.000399522 -0.000467238 0.0105433 -0.018957 -0.000460466 0.00113085 -0.018957 0.0912941 
0.00945551 -0.0177282 0.000416856 -0.000488026 -0.0177282 0.0883734 -0.000491415 0.00119295 0.000416856 -0.000491415 0.0105536 -0.0189652 -0.000488026 0.00119295 -0.0189652 0.0913186 
0.00947825 -0.0177488 0.00040485 -0.000496707 -0.0177488 0.0884308 -0.000506913 0.00121455 0.00040485 -0.000506913 0.0105193 -0.0189531 -0.000496707 0.00121455 -0.0189531 0.0912682 
0.00946328 -0.0177253 0.000386745 -0.000448351 -0.0177253 0.0883627 -0.000458618 0.00111917 0.000386745 -0.000458618 0.0105037 -0.0189505 -0.000448351 0.00111917 -0.0189505 0.0912958 
0.0094686 -0.0177123 0.000378744 -0.00043675 -0.0177123 0.0883122 -0.000440162 0.00106799 0.000378744 -0.000440162 0.0105093 -0.018944 -0.00043675 0.00106799 -0.018944 0.0913216 
0.00950389 -0.0177191 0.000374035 -0.000435241 -0.0177191 0.0883131 -0.000435241 0.0010337 0.000374035 -0.000435241 0.010507 -0.0189466 -0.000435241 0.0010337 -0.0189466 0.091319 
0.00952731 -0.0178131 0.000397963 -0.000489801 -0.0178131 0.0885009 -0.0004864 0.00116328 0.000397963 -0.0004864 0.0104729 -0.0188709 -0.000489801 0.00116328 -0.0188709 0.0911098 
0.00951581 -0.0178049 0.000393103 -0.000454102 -0.0178049 0.0885431 -0.000450713 0.00110137 0.000393103 -0.000450713 0.0104986 -0.0188825 -0.000454102 0.00110137 -0.0188825 0.091105 
0.00949614 -0.0178044 0.000427632 -0.000468359 -0.0178044 0.0885503 -0.000464965 0.00110981 0.000427632 -0.000464965 0.0105075 -0.0188939 -0.000468359 0.00110981 -0.0188939 0.0910991 
0.00946313 -0.0177451 0.000448039 -0.000485376 -0.0177451 0.0884335 -0.000471799 0.00110992 0.000448039 -0.000471799 0.0105289 -0.0189398 -0.000485376 0.00110992 -0.0189398 0.0912099 
0.00945197 -0.0177077 0.000446071 -0.000513658 -0.0177077 0.0883254 -0.00050014 0.00116587 0.000446071 -0.00050014 0.010557 -0.0189817 -0.000513658 0.00116587 -0.0189817 0.0913398 
0.00945213 -0.0177016 0.000418893 -0.000506726 -0.0177016 0.088275 -0.000506726 0.00118574 0.000418893 -0.000506726 0.0105635 -0.0189988 -0.000506726 0.00118574 -0.0189988 0.0913998 
0.0094727 -0.0177418 0.000420406 -0.000501775 -0.0177418 0.0883632 -0.000494994 0.00121036 0.000420406 -0.000494994 0.0105271 -0.0189759 -0.000501775 0.00121036 -0.0189759 0.0913501 
0.0095043 -0.0177542 0.000419257 -0.000510547 -0.0177542 0.0884194 -0.000503785 0.00122734 0.000419257 -0.000503785 0.0105085 -0.0189579 -0.000510547 0.00122734 -0.0189579 0.0913271 
0.00951257 -0.0177642 0.000429317 -0.000486784 -0.0177642 0.0884358 -0.000486784 0.00118316 0.000429317 -0.000486784 0.0105132 -0.0189542 -0.000486784 0.00118316 -0.0189542 0.0913396 
0.0095265 -0.0177797 0.000427817 -0.000474978 -0.0177797 0.0884806 -0.000478346 0.00113186 0.000427817 -0.000478346 0.0105236 -0.0189621 -0.000474978 0.00113186 -0.0189621 0.0913541 
0.00955438 -0.0178317 0.000412176 -0.000483124 -0.0178317 0.0886077 -0.000489881 0.00114193 0.000412176 -0.000489881 0.0104902 -0.0189297 -0.000483124 0.00114193 -0.0189297 0.0912666 
0.00954171 -0.0178674 0.000420012 -0.000464045 -0.0178674 0.0887105 -0.000460658 0.001111 0.000420012 -0.000460658 0.0105003 -0.0189073 -0.000464045 0.001111 -0.0189073 0.0912102 
0.00951852 -0.0178643 0.000456834 -0.000507972 -0.0178643 0.0887622 -0.000507972 0.00119663 0.000456834 -0.000507972 0.010497 -0.018887 -0.000507972 0.00119663 -0.018887 0.0911146 
0.00952326 -0.0178314 0.000474456 -0.00054955 -0.0178314 0.0887165 -0.000542723 0.00128683 0.000474456 -0.000542723 0.0104688 -0.0188861 -0.00054955 0.00128683 -0.0188861 0.0910751 
0.00953686 -0.0177915 0.000465959 -0.000544186 -0.0177915 0.0885833 -0.000544186 0.00130265 0.000465959 -0.000544186 0.0104688 -0.0188901 -0.000544186 0.00130265 -0.0188901 0.091124 
0.00953825 -0.017785 0.000449821 -0.000535014 -0.017785 0.0884853 -0.000535014 0.00130175 0.000449821 -0.000535014 0.0104447 -0.0188857 -0.000535014 0.00130175 -0.0188857 0.0911228 
0.00950389 -0.017752 0.000426566 -0.000477754 -0.017752 0.0883708 -0.000481166 0.00116026 0.000426566 -0.000481166 0.0104526 -0.0188849 -0.000477754 0.00116026 -0.0188849 0.0911554 
0.00950953 -0.0177271 0.000414788 -0.000455587 -0.0177271 0.0883091 -0.000455587 0.00107097 0.000414788 -0.000455587 0.0104547 -0.0188865 -0.000455587 0.00107097 -0.0188865 0.0911616 
0.00949987 -0.0177681 0.000444458 -0.000468208 -0.0177681 0.0883861 -0.000468208 0.00109248 0.000444458 -0.000468208 0.010477 -0.0188708 -0.000468208 0.00109248 -0.0188708 0.0911173 
0.00951757 -0.0177768 0.000453543 -0.000501284 -0.0177768 0.0884544 -0.000508104 0.00115261 0.000453543 -0.000508104 0.0104553 -0.0188749 -0.000501284 0.00115261 -0.0188749 0.0910666 
0.00949167 -0.0177935 0.000458171 -0.000523136 -0.0177935 0.0885057 -0.000533394 0.00123775 0.000458171 -0.000533394 0.0104593 -0.01885 -0.000523136 0.00123775 -0.01885 0.0910393 
0.00949757 -0.0177606 0.000456974 -0.00052859 -0.0177606 0.0884859 -0.000532 0.00127544 0.000456974 -0.000532 0.0104934 -0.0188894 -0.00052859 0.00127544 -0.0188894 0.0911118 
0.00950419 -0.0177694 0.000465026 -0.000526125 -0.0177694 0.0884874 -0.000532913 0.00127967 0.000465026 -0.000532913 0.0105361 -0.0189269 -0.000526125 0.00127967 -0.0189269 0.0912096 
0.00949158 -0.0177874 0.000477628 -0.000521664 -0.0177874 0.0885034 -0.000525052 0.00125674 0.000477628 -0.000525052 0.0105891 -0.0189764 -0.000521664 0.00125674 -0.0189764 0.0913184 
0.00948083 -0.0177593 0.000493125 -0.000520146 -0.0177593 0.0884788 -0.00051339 0.00121255 0.000493125 -0.00051339 0.0106292 -0.0190495 -0.000520146 0.00121255 -0.0190495 0.0914848 
0.00947717 -0.0177722 0.000528755 -0.000565801 -0.0177722 0.0885142 -0.000562433 0.00129663 0.000528755 -0.000562433 0.0106593 -0.019079 -0.000565801 0.00129663 -0.019079 0.0915857 
0.00943412 -0.0177659 0.000557932 -0.000598509 -0.0177659 0.0885015 -0.00060189 0.00137961 0.000557932 -0.00060189 0.0106954 -0.0191185 -0.000598509 0.00137961 -0.0191185 0.0916801 
0.00944167 -0.0177314 0.00059116 -0.000651965 -0.0177314 0.0884646 -0.000655343 0.00151675 0.00059116 -0.000655343 0.0106848 -0.0191367 -0.000651965 0.00151675 -0.0191367 0.0917312 
0.00946306 -0.0176883 0.000571572 -0.000669652 -0.0176883 0.0883129 -0.000662888 0.0015659 0.000571572 -0.000662888 0.0106366 -0.0191595 -0.000669652 0.0015659 -0.0191595 0.0918133 
0.00949206 -0.0176847 0.000524517 -0.000636188 -0.0176847 0.088217 -0.000626036 0.00150249 0.000524517 -0.000626036 0.0105851 -0.0191296 -0.000636188 0.00150249 -0.0191296 0.0918311 
0.00951519 -0.0177723 0.000542562 -0.000620556 -0.0177723 0.0883732 -0.000613774 0.00150222 0.000542562 -0.000613774 0.0105461 -0.019027 -0.000620556 0.00150222 -0.019027 0.0916218 
0.00953714 -0.0177768 0.000506066 -0.000590976 -0.0177768 0.0884257 -0.000580787 0.00139932 0.000506066 -0.000580787 0.0105187 -0.0190063 -0.000590976 0.00139932 -0.0190063 0.0915334 
0.00957036 -0.01781 0.000486686 -0.000578578 -0.01781 0.0885156 -0.000561561 0.00137497 0.000486686 -0.000561561 0.0104927 -0.0189705 -0.000578578 0.00137497 -0.0189705 0.0914357 
0.00957034 -0.0178342 0.000472903 -0.000547751 -0.0178342 0.0885656 -0.000540947 0.00129963 0.000472903 -0.000540947 0.0104889 -0.0189399 -0.000547751 0.00129963 -0.0189399 0.091352 
0.00955919 -0.0178452 0.000501155 -0.00053163 -0.0178452 0.088613 -0.000528244 0.00126305 0.000501155 -0.000528244 0.0105276 -0.0189389 -0.00053163 0.00126305 -0.0189389 0.0913287 
0.00956785 -0.0178313 0.000508208 -0.000562416 -0.0178313 0.0886111 -0.000562416 0.00129424 0.000508208 -0.000562416 0.0105334 -0.0189731 -0.000562416 0.00129424 -0.0189731 0.0913656 
0.00956069 -0.0178507 0.000510309 -0.000571141 -0.0178507 0.0886586 -0.000581279 0.00134505 0.000510309 -0.000581279 0.0105678 -0.018993 -0.000571141 0.00134505 -0.018993 0.0914231 
0.00953581 -0.0178418 0.000524167 -0.000581288 -0.0178418 0.0886548 -0.000574568 0.0013709 0.000524167 -0.000574568 0.0106446 -0.0190515 -0.000581288 0.0013709 -0.0190515 0.0915478 
0.00951073 -0.0177964 0.000555298 -0.000578856 -0.0177964 0.0885716 -0.000562028 0.00132598 0.000555298 -0.000562028 0.0106785 -0.019146 -0.000578856 0.00132598 -0.019146 0.0917553 
0.00949455 -0.0177523 0.000567993 -0.000591519 -0.0177523 0.0884556 -0.000584797 0.00133092 0.000567993 -0.000584797 0.0107078 -0.0192176 -0.000591519 0.00133092 -0.0192176 0.0919879 
0.00953292 -0.0177606 0.000550299 -0.000614053 -0.0177606 0.0884404 -0.000617408 0.00138917 0.000550299 -0.000617408 0.0106805 -0.0192269 -0.000614053 0.00138917 -0.0192269 0.0920609 
0.00958149 -0.0178321 0.000510833 -0.000611656 -0.0178321 0.0885926 -0.000608295 0.00141823 0.000510833 -0.000608295 0.01062 -0.0191529 -0.000611656 0.00141823 -0.0191529 0.0919198 
0.00961814 -0.0178956 0.000469425 -0.000560608 -0.0178956 0.0887686 -0.000563985 0.00134073 0.000469425 -0.000563985 0.0105536 -0.0190742 -0.000560608 0.00134073 -0.0190742 0.091727 
0.00965684 -0.0179438 0.000457766 -0.000531816 -0.0179438 0.088911 -0.000535182 0.00129252 0.000457766 -0.000535182 0.0105253 -0.0190007 -0.000531816 0.00129252 -0.0190007 0.0915498 
0.00964261 -0.0179741 0.000458369 -0.000502184 -0.0179741 0.0889742 -0.000498814 0.00120322 0.000458369 -0.000498814 0.0105324 -0.0189718 -0.000502184 0.00120322 -0.0189718 0.0914312 
0.00961758 -0.0179448 0.000493985 -0.000480543 -0.0179448 0.0889475 -0.000483903 0.00113247 0.000493985 -0.000483903 0.0105484 -0.0189798 -0.000480543 0.00113247 -0.0189798 0.0913906 
0.00960154 -0.0178971 0.000493506 -0.000520363 -0.0178971 0.0888276 -0.000520363 0.00115487 0.000493506 -0.000520363 0.010555 -0.0190184 -0.000520363 0.00115487 -0.0190184 0.0914664 
0.0095845 -0.0178649 0.000499507 -0.000536384 -0.0178649 0.0887279 -0.000533031 0.00121357 0.000499507 -0.000533031 0.0105701 -0.0190416 -0.000536384 0.00121357 -0.0190416 0.0915473 
0.0095648 -0.0178606 0.000480086 -0.000540517 -0.0178606 0.0887019 -0.000540517 0.00123547 0.000480086 -0.000540517 0.010572 -0.019039 -0.000540517 0.00123547 -0.019039 0.0915656 
0.00957367 -0.0178657 0.000476823 -0.000534313 -0.0178657 0.0887128 -0.000530931 0.00124109 0.000476823 -0.000530931 0.0105375 -0.019029 -0.000534313 0.00124109 -0.019029 0.0915366 
0.00959984 -0.0178567 0.000462277 -0.00051964 -0.0178567 0.0886965 -0.00051964 0.00120799 0.000462277 -0.00051964 0.0105278 -0.0190141 -0.00051964 0.00120799 -0.0190141 0.0915444 
0.009603 -0.0178736 0.000465477 -0.000509326 -0.0178736 0.088697 -0.000509326 0.00119068 0.000465477 -0.000509326 0.0105339 -0.0190036 -0.000509326 0.00119068 -0.0190036 0.0915236 
0.00959761 -0.0178772 0.000459604 -0.000520434 -0.0178772 0.0887171 -0.000520434 0.0012166 0.000459604 -0.000520434 0.0105337 -0.0190094 -0.000520434 0.0012166 -0.0190094 0.0915119 
0.00957858 -0.0178746 0.00047842 -0.000502172 -0.0178746 0.0887113 -0.000495385 0.001174 0.00047842 -0.000495385 0.0105388 -0.0189977 -0.000502172 0.001174 -0.0189977 0.0915038 
0.00957579 -0.0178347 0.000459393 -0.000510437 -0.0178347 0.0886322 -0.000510437 0.00116039 0.000459393 -0.000510437 0.0105082 -0.0190121 -0.000510437 0.00116039 -0.0190121 0.0915077 
0.00961493 -0.0178422 0.000428539 -0.000499963 -0.0178422 0.0886158 -0.000499963 0.00116318 0.000428539 -0.000499963 0.0104618 -0.0189646 -0.000499963 0.00116318 -0.0189646 0.0914387 
0.00965081 -0.0178958 0.000404098 -0.000475409 -0.0178958 0.0887114 -0.000478805 0.00113759 0.000404098 -0.000478805 0.0104183 -0.0188873 -0.000475409 0.00113759 -0.0188873 0.0912413 
0.00967923 -0.0179505 0.000390155 -0.000437652 -0.0179505 0.0888535 -0.000434259 0.00104833 0.000390155 -0.000434259 0.0103917 -0.0188258 -0.000437652 0.00104833 -0.0188258 0.0910519 
0.00964344 -0.0179539 0.000421645 -0.000414845 -0.0179539 0.0888788 -0.000414845 0.000969104 0.000421645 -0.000414845 0.0103983 -0.0188074 -0.000414845 0.000969104 -0.0188074 0.0909564 
0.00960985 -0.0179223 0.000442693 -0.00045972 -0.0179223 0.0888247 -0.000452909 0.00100798 0.000442693 -0.000452909 0.0104033 -0.0188111 -0.00045972 0.00100798 -0.0188111 0.0909224 
0.00961027 -0.0178554 0.000412941 -0.000464132 -0.0178554 0.0886731 -0.000460719 0.00103747 0.000412941 -0.000460719 0.0103645 -0.0188212 -0.000464132 0.00103747 -0.0188212 0.0909358 
0.00962937 -0.0178523 0.00038668 -0.000448276 -0.0178523 0.0886011 -0.000448276 0.00104712 0.00038668 -0.000448276 0.0103172 -0.0187831 -0.000448276 0.00104712 -0.0187831 0.0908973 
0.00964936 -0.0178758 0.000348896 -0.000427568 -0.0178758 0.0886127 -0.000427568 0.00100564 0.000348896 -0.000427568 0.0102822 -0.0187138 -0.000427568 0.00100564 -0.0187138 0.0907676 
0.00963662 -0.0178623 0.000315057 -0.000380123 -0.0178623 0.0885549 -0.000373274 0.000921198 0.000315057 -0.000373274 0.0102736 -0.0186979 -0.000380123 0.000921198 -0.0186979 0.0907226 
0.0096214 -0.0178777 0.000319796 -0.000350744 -0.0178777 0.0885939 -0.00033699 0.000835597 0.000319796 -0.00033699 0.0102644 -0.0186582 -0.000350744 0.000835597 -0.0186582 0.0906056 
0.00960652 -0.0178906 0.000359731 -0.000356305 -0.0178906 0.0886719 -0.000349453 0.000818816 0.000359731 -0.000349453 0.0103054 -0.0186306 -0.000356305 0.000818816 -0.0186306 0.0905151 
0.00959367 -0.0178119 0.000355828 -0.000383199 -0.0178119 0.0885054 -0.000379778 0.000834827 0.000355828 -0.000379778 0.0103327 -0.018722 -0.000383199 0.000834827 -0.018722 0.0906814 
0.00958393 -0.0177665 0.000348631 -0.00038281 -0.0177665 0.0883233 -0.000379392 0.000847652 0.000348631 -0.000379392 0.0103461 -0.0187885 -0.00038281 0.000847652 -0.0187885 0.090897 
0.00961282 -0.0177912 0.000332067 -0.000386841 -0.0177912 0.08834 -0.000393687 0.000900346 0.000332067 -0.000393687 0.0103009 -0.0187669 -0.000386841 0.000900346 -0.0187669 0.0908904 
0.00961792 -0.0178384 0.000332243 -0.000352794 -0.0178384 0.0884486 -0.00036307 0.000846021 0.000332243 -0.00036307 0.0102927 -0.0187118 -0.000352794 0.000846021 -0.0187118 0.0907914 
0.00962533 -0.0178902 0.000353722 -0.000374129 -0.0178902 0.088621 -0.000380932 0.000880904 0.000353722 -0.000380932 0.0103294 -0.0186793 -0.000374129 0.000880904 -0.0186793 0.0906889 
0.00963844 -0.0178553 0.000333298 -0.000377511 -0.0178553 0.0885757 -0.00037411 0.000867255 0.000333298 -0.00037411 0.0103254 -0.0187497 -0.000377511 0.000867255 -0.0187497 0.0907795 
