0.00664679 0 0.00015311 0 0 0.0099882 0 0 0.00015311 0 0.00793472 0 0 0 0 0.0099882 
0.00952502 -0.0118457 0.000184832 -0.000234121 -0.0118457 0.0318979 -0.000234121 0.00043949 0.000184832 -0.000234121 0.0110489 -0.0137104 -0.000234121 0.00043949 -0.0137104 0.0354714 
0.00962381 -0.0183586 0.000121608 -0.000301924 -0.0183586 0.0679621 -0.000301924 0.000981251 0.000121608 -0.000301924 0.0110034 -0.0203085 -0.000301924 0.000981251 -0.0203085 0.0740467 
0.00899245 -0.0182463 8.16753e-05 -0.000187853 -0.0182463 0.0828433 -0.000175602 0.000820837 8.16753e-05 -0.000175602 0.0104626 -0.0197205 -0.000187853 0.000820837 -0.0197205 0.0872252 
0.00887239 -0.0174586 0.000104427 -0.000123765 -0.0174586 0.0863569 -0.000108294 0.000452515 0.000104427 -0.000108294 0.0105393 -0.019083 -0.000123765 0.000452515 -0.019083 0.0899383 
0.00903492 -0.0172132 0.000151382 -0.000195689 -0.0172132 0.0869782 -0.000184612 0.000461531 0.000151382 -0.000184612 0.0107075 -0.0191369 -0.000195689 0.000461531 -0.0191369 0.0910507 
0.00914002 -0.0172939 0.000196521 -0.000271557 -0.0172939 0.0872304 -0.00026441 0.000639587 0.000196521 -0.00026441 0.010823 -0.0192591 -0.000271557 0.000639587 -0.0192591 0.091779 
0.00921709 -0.0173636 0.000174368 -0.000275501 -0.0173636 0.0874106 -0.000268527 0.000693984 0.000174368 -0.000268527 0.0108422 -0.0193235 -0.000275501 0.000693984 -0.0193235 0.0920976 
0.00930788 -0.0174484 0.000126661 -0.00020882 -0.0174484 0.0875947 -0.000205396 0.000578533 0.000126661 -0.000205396 0.0108175 -0.0193107 -0.00020882 0.000578533 -0.0193107 0.0921511 
0.00935769 -0.0175638 9.79333e-05 -0.000151965 -0.0175638 0.0878495 -0.000138457 0.000425503 9.79333e-05 -0.000138457 0.0108334 -0.0192793 -0.000151965 0.000425503 -0.0192793 0.0920978 
0.00934236 -0.0176268 0.000101071 -0.000114548 -0.0176268 0.08805 -0.00010444 0.000309952 0.000101071 -0.00010444 0.0108517 -0.0192844 -0.000114548 0.000309952 -0.0192844 0.0920524 
0.00930762 -0.0176058 0.000121536 -0.000138416 -0.0176058 0.0880763 -0.00013504 0.000327471 0.000121536 -0.00013504 0.0108471 -0.0193174 -0.000138416 0.000327471 -0.0193174 0.0921106 
0.00929335 -0.0175796 0.000138103 -0.000168419 -0.0175796 0.0880628 -0.000171787 0.000404205 0.000138103 -0.000171787 0.0108394 -0.0193143 -0.000168419 0.000404205 -0.0193143 0.0921251 
0.00933179 -0.0175624 0.000107765 -0.000168383 -0.0175624 0.0880105 -0.000178486 0.000420958 0.000107765 -0.000178486 0.0107799 -0.0193068 -0.000168383 0.000420958 -0.0193068 0.0921089 
0.00936538 -0.01759 8.43728e-05 -0.000134996 -0.01759 0.0880177 -0.000138371 0.000367865 8.43728e-05 -0.000138371 0.0107153 -0.019237 -0.000134996 0.000367865 -0.019237 0.092017 
0.00932106 -0.0176166 8.46138e-05 -0.000115075 -0.0176166 0.0880661 -0.00011169 0.00030461 8.46138e-05 -0.00011169 0.0107324 -0.0191769 -0.000115075 0.00030461 -0.0191769 0.0918974 
0.00929564 -0.0175871 0.000122132 -0.000142488 -0.0175871 0.0880643 -0.000142488 0.000363005 0.000122132 -0.000142488 0.0107375 -0.019185 -0.000142488 0.000363005 -0.019185 0.0918402 
0.0092767 -0.0175416 0.000132865 -0.000149899 -0.0175416 0.0879771 -0.000156713 0.000374747 0.000132865 -0.000156713 0.0107348 -0.0191905 -0.000149899 0.000374747 -0.0191905 0.0918472 
0.00928303 -0.017504 0.000129356 -0.000159993 -0.017504 0.0878568 -0.000159993 0.000381261 0.000129356 -0.000159993 0.0107264 -0.019206 -0.000159993 0.000381261 -0.019206 0.0919043 
0.00932842 -0.0175061 0.000146395 -0.00018044 -0.0175061 0.0878097 -0.000177036 0.00043578 0.000146395 -0.000177036 0.0106698 -0.0191743 -0.00018044 0.00043578 -0.0191743 0.0918645 
0.00939986 -0.0175734 0.000166459 -0.000200431 -0.0175734 0.087911 -0.000200431 0.000492584 0.000166459 -0.000200431 0.0106058 -0.0191089 -0.000200431 0.000492584 -0.0191089 0.0917395 
0.00944205 -0.0176592 0.000197347 -0.000248385 -0.0176592 0.0880986 -0.000261996 0.000639678 0.000197347 -0.000261996 0.0105479 -0.0190134 -0.000248385 0.000639678 -0.0190134 0.0915079 
0.00948848 -0.017737 0.000186848 -0.000237806 -0.017737 0.0883349 -0.000254793 0.00063868 0.000186848 -0.000254793 0.0105043 -0.0189396 -0.000237806 0.00063868 -0.0189396 0.0912905 
0.00949399 -0.0177834 0.000187158 -0.000241603 -0.0177834 0.0884813 -0.000251812 0.000649947 0.000187158 -0.000251812 0.0104978 -0.0188961 -0.000241603 0.000649947 -0.0188961 0.0911321 
0.00952077 -0.017778 0.000146055 -0.000220781 -0.017778 0.0885095 -0.000220781 0.000574031 0.000146055 -0.000220781 0.0104752 -0.0188921 -0.000220781 0.000574031 -0.0188921 0.0910808 
0.00952643 -0.0177736 0.000112276 -0.000180322 -0.0177736 0.0884631 -0.000173517 0.000493333 0.000112276 -0.000173517 0.0104451 -0.0188828 -0.000180322 0.000493333 -0.0188828 0.0910863 
0.00948208 -0.0177819 0.000102214 -0.000149914 -0.0177819 0.0884631 -0.000136286 0.000391821 0.000102214 -0.000136286 0.0104565 -0.0188449 -0.000149914 0.000391821 -0.0188449 0.0910048 
0.00942554 -0.0177466 7.84041e-05 -0.000136355 -0.0177466 0.0884194 -0.000122719 0.000347705 7.84041e-05 -0.000122719 0.0104959 -0.0188408 -0.000136355 0.000347705 -0.0188408 0.0909624 
0.0094259 -0.0176642 6.46542e-05 -0.0001191 -0.0176642 0.088253 -0.000115697 0.000319868 6.46542e-05 -0.000115697 0.010474 -0.0188892 -0.0001191 0.000319868 -0.0188892 0.0910297 
0.00937808 -0.0176559 8.51623e-05 -9.87883e-05 -0.0176559 0.0881498 -9.19753e-05 0.000282739 8.51623e-05 -9.19753e-05 0.0105227 -0.018889 -9.87883e-05 0.000282739 -0.018889 0.0910862 
0.00941637 -0.0176054 0.000112505 -0.000132961 -0.0176054 0.0880577 -0.000129552 0.000330698 0.000112505 -0.000129552 0.0104801 -0.0189282 -0.000132961 0.000330698 -0.0189282 0.091167 
0.00941964 -0.0176369 0.000140848 -0.000168331 -0.0176369 0.08803 -0.000171766 0.000419109 0.000140848 -0.000171766 0.0104296 -0.0188805 -0.000168331 0.000419109 -0.0188805 0.0911218 
0.00943221 -0.0176524 0.000164815 -0.000195718 -0.0176524 0.0880901 -0.000209452 0.000511613 0.000164815 -0.000209452 0.0104142 -0.0188267 -0.000195718 0.000511613 -0.0188267 0.0910224 
0.00942825 -0.0176659 0.000172048 -0.000220222 -0.0176659 0.0881232 -0.000223663 0.00056776 0.000172048 -0.000223663 0.0103952 -0.0187842 -0.000220222 0.00056776 -0.0187842 0.0908656 
0.00942868 -0.0176543 0.000161556 -0.000213116 -0.0176543 0.0881064 -0.000216554 0.00056029 0.000161556 -0.000216554 0.0103843 -0.0187645 -0.000213116 0.00056029 -0.0187645 0.0907841 
0.00943483 -0.0176488 0.000153885 -0.00020176 -0.0176488 0.0880869 -0.000208599 0.000540306 0.000153885 -0.000208599 0.0103958 -0.0187602 -0.00020176 0.000540306 -0.0187602 0.0907577 
0.00942248 -0.0176616 0.000160281 -0.000190973 -0.0176616 0.0881102 -0.000194383 0.000508125 0.000160281 -0.000194383 0.0104387 -0.0187836 -0.000190973 0.000508125 -0.0187836 0.0907873 
0.0094397 -0.0176425 0.000142717 -0.000210677 -0.0176425 0.0880835 -0.000214075 0.000540285 0.000142717 -0.000214075 0.0104489 -0.0188318 -0.000210677 0.000540285 -0.0188318 0.090897 
0.00941978 -0.0176731 0.000132625 -0.000214241 -0.0176731 0.0881311 -0.000204039 0.000557706 0.000132625 -0.000204039 0.0104468 -0.0188158 -0.000214241 0.000557706 -0.0188158 0.090889 
0.00939639 -0.0176525 0.000133549 -0.000198612 -0.0176525 0.0881254 -0.000184914 0.000534197 0.000133549 -0.000184914 0.0104408 -0.0188373 -0.000198612 0.000534197 -0.0188373 0.0909163 
0.00936318 -0.0176226 0.000116911 -0.000154735 -0.0176226 0.0880717 -0.000134104 0.000398872 0.000116911 -0.000134104 0.0104429 -0.0188295 -0.000154735 0.000398872 -0.0188295 0.0909325 
0.00937156 -0.0175704 0.000102871 -0.000116587 -0.0175704 0.0879411 -0.0001063 0.000281181 0.000102871 -0.0001063 0.0104448 -0.018846 -0.000116587 0.000281181 -0.018846 0.0909861 
0.00939168 -0.0175601 0.000119923 -0.000130202 -0.0175601 0.0878659 -0.000116497 0.000287815 0.000119923 -0.000116497 0.010423 -0.018845 -0.000130202 0.000287815 -0.018845 0.0909941 
0.00939746 -0.0175976 0.000119735 -0.000129998 -0.0175976 0.0879092 -0.000129998 0.000294205 0.000119735 -0.000129998 0.0104135 -0.0188052 -0.000129998 0.000294205 -0.0188052 0.0909162 
0.00937782 -0.0176189 0.000109562 -0.000136953 -0.0176189 0.0879886 -0.000140376 0.000321838 0.000109562 -0.000140376 0.0104255 -0.018783 -0.000136953 0.000321838 -0.018783 0.0908269 
0.00935359 -0.0175954 0.0001098 -0.000130387 -0.0175954 0.087967 -0.000140681 0.000336262 0.0001098 -0.000140681 0.0104413 -0.0187964 -0.000130387 0.000336262 -0.0187964 0.0908149 
0.00937487 -0.017547 9.93682e-05 -0.00013706 -0.017547 0.0878791 -0.000154192 0.000363208 9.93682e-05 -0.000154192 0.0104097 -0.0188286 -0.00013706 0.000363208 -0.0188286 0.0908807 
0.00945896 -0.0175842 7.5234e-05 -0.00012653 -0.0175842 0.0879007 -0.000133369 0.000345392 7.5234e-05 -0.000133369 0.0103481 -0.0188017 -0.00012653 0.000345392 -0.0188017 0.0908827 
0.00950291 -0.0177008 7.21218e-05 -0.000106466 -0.0177008 0.0881226 -0.0001099 0.000305659 7.21218e-05 -0.0001099 0.0102997 -0.0186933 -0.000106466 0.000305659 -0.0186933 0.0906812 
0.00950129 -0.0177497 6.17858e-05 -9.26787e-05 -0.0177497 0.0882885 -0.000102976 0.000281469 6.17858e-05 -0.000102976 0.0103114 -0.0186525 -9.26787e-05 0.000281469 -0.0186525 0.0905334 
0.00946468 -0.0177274 8.2421e-05 -0.000113329 -0.0177274 0.0882935 -0.000123631 0.000329684 8.2421e-05 -0.000123631 0.0103473 -0.0186787 -0.000113329 0.000329684 -0.0186787 0.090536 
0.00941404 -0.0176865 8.91351e-05 -0.000130274 -0.0176865 0.0882198 -0.000140559 0.000363397 8.91351e-05 -0.000140559 0.010398 -0.0187184 -0.000130274 0.000363397 -0.0187184 0.0906127 
0.00938116 -0.0176307 7.17946e-05 -8.88886e-05 -0.0176307 0.0880988 -9.57262e-05 0.000249572 7.17946e-05 -9.57262e-05 0.0104512 -0.0187794 -8.88886e-05 0.000249572 -0.0187794 0.090745 
0.00936217 -0.0175951 7.18587e-05 -0.000106077 -0.0175951 0.0879996 -0.000112921 0.000277169 7.18587e-05 -0.000112921 0.0104606 -0.0188236 -0.000106077 0.000277169 -0.0188236 0.0908568 
0.00938352 -0.0175706 8.20417e-05 -0.000126481 -0.0175706 0.0879146 -0.000129899 0.000348677 8.20417e-05 -0.000129899 0.0104432 -0.0188491 -0.000126481 0.000348677 -0.0188491 0.0909604 
0.0093848 -0.0175747 8.55965e-05 -0.000130107 -0.0175747 0.0878597 -0.000130107 0.000356081 8.55965e-05 -0.000130107 0.0104359 -0.0188552 -0.000130107 0.000356081 -0.0188552 0.0910233 
0.00937118 -0.0175817 8.9282e-05 -0.000130489 -0.0175817 0.0878604 -0.000127055 0.000353694 8.9282e-05 -0.000127055 0.0104323 -0.0188282 -0.000130489 0.000353694 -0.0188282 0.0909887 
0.00941886 -0.0175835 8.24708e-05 -0.000123706 -0.0175835 0.087907 -0.00012027 0.000336756 8.24708e-05 -0.00012027 0.0103845 -0.0188171 -0.000123706 0.000336756 -0.0188171 0.0909344 
0.00941738 -0.017649 7.19669e-05 -0.00010281 -0.017649 0.0880257 -0.000106237 0.00028444 7.19669e-05 -0.000106237 0.0103975 -0.0187457 -0.00010281 0.00028444 -0.0187457 0.0907982 
0.00939062 -0.0176446 5.47758e-05 -8.90106e-05 -0.0176446 0.0880726 -9.24341e-05 0.000243067 5.47758e-05 -9.24341e-05 0.0104519 -0.0187778 -8.90106e-05 0.000243067 -0.0187778 0.0907977 
0.00937841 -0.0175901 5.47445e-05 -7.52736e-05 -0.0175901 0.0879812 -7.18521e-05 0.00020187 5.47445e-05 -7.18521e-05 0.0104733 -0.0188526 -7.52736e-05 0.00020187 -0.0188526 0.0909374 
0.00937759 -0.0175903 7.19508e-05 -0.000102787 -0.0175903 0.0879513 -0.000106213 0.000260393 7.19508e-05 -0.000106213 0.0104808 -0.0188648 -0.000102787 0.000260393 -0.0188648 0.0910178 
0.00939284 -0.0176111 9.24559e-05 -0.000113002 -0.0176111 0.0880009 -0.00011985 0.000308186 9.24559e-05 -0.00011985 0.0104783 -0.0188679 -0.000113002 0.000308186 -0.0188679 0.0910417 
0.00941268 -0.0176325 8.88634e-05 -0.000112788 -0.0176325 0.0880602 -0.000126459 0.00031444 8.88634e-05 -0.000126459 0.0104893 -0.0188732 -0.000112788 0.00031444 -0.0188732 0.0910542 
0.00946472 -0.0176566 8.50838e-05 -0.000129327 -0.0176566 0.0881196 -0.000132731 0.000343739 8.50838e-05 -0.000132731 0.0104721 -0.0188886 -0.000129327 0.000343739 -0.0188886 0.0910941 
0.00947946 -0.0177123 7.83427e-05 -0.000129436 -0.0177123 0.088207 -0.000129436 0.000357651 7.83427e-05 -0.000129436 0.0104741 -0.018884 -0.000129436 0.000357651 -0.018884 0.0911125 
0.0095206 -0.0177249 7.82329e-05 -0.000112247 -0.0177249 0.0882705 -0.000112247 0.000316333 7.82329e-05 -0.000112247 0.0104526 -0.0188949 -0.000112247 0.000316333 -0.0188949 0.0911515 
0.00951521 -0.0177778 9.16556e-05 -0.00014597 -0.0177778 0.0883764 -0.000139181 0.000376806 9.16556e-05 -0.000139181 0.0104725 -0.0188675 -0.00014597 0.000376806 -0.0188675 0.0911294 
0.00954227 -0.0177822 0.000101478 -0.000148834 -0.0177822 0.088441 -0.000148834 0.000416058 0.000101478 -0.000148834 0.0104589 -0.0188782 -0.000148834 0.000416058 -0.0188782 0.0911031 
0.00954171 -0.0178227 0.0001014 -0.000168999 -0.0178227 0.0885253 -0.000165619 0.000466438 0.0001014 -0.000165619 0.0104746 -0.0188637 -0.000168999 0.000466438 -0.0188637 0.0910907 
0.00957117 -0.0178155 9.1154e-05 -0.000165428 -0.0178155 0.0885443 -0.000165428 0.000469274 9.1154e-05 -0.000165428 0.0104523 -0.0188858 -0.000165428 0.000469274 -0.0188858 0.0911169 
0.00955215 -0.0178363 8.79136e-05 -0.000152158 -0.0178363 0.0885797 -0.000152158 0.000453093 8.79136e-05 -0.000152158 0.0104617 -0.0188744 -0.000152158 0.000453093 -0.0188744 0.0911055 
0.00952039 -0.0178338 7.45899e-05 -0.000132228 -0.0178338 0.0886196 -0.000128837 0.000393292 7.45899e-05 -0.000128837 0.0104799 -0.0188679 -0.000132228 0.000393292 -0.0188679 0.0910913 
0.00952886 -0.0177935 7.47628e-05 -0.000135932 -0.0177935 0.0885633 -0.000132534 0.000394204 7.47628e-05 -0.000132534 0.0104634 -0.0188946 -0.000135932 0.000394204 -0.0188946 0.0911257 
0.00956311 -0.0177984 7.81078e-05 -0.00011886 -0.0177984 0.08853 -0.00011886 0.000356579 7.81078e-05 -0.00011886 0.0104291 -0.0188783 -0.00011886 0.000356579 -0.0188783 0.0911348 
0.00958675 -0.0178591 6.43634e-05 -9.82388e-05 -0.0178591 0.0886419 -0.000108401 0.000291329 6.43634e-05 -0.000108401 0.010437 -0.018828 -9.82388e-05 0.000291329 -0.018828 0.0910504 
0.00961011 -0.0178764 7.44707e-05 -0.000135401 -0.0178764 0.0887048 -0.000142171 0.000389279 7.44707e-05 -0.000142171 0.0104327 -0.0188445 -0.000135401 0.000389279 -0.0188445 0.0910303 
0.00962365 -0.0179107 6.09092e-05 -0.000111667 -0.0179107 0.0887887 -0.000115051 0.000341768 6.09092e-05 -0.000115051 0.0104493 -0.0188514 -0.000111667 0.000341768 -0.0188514 0.0910558 
0.00958888 -0.01793 5.76418e-05 -0.000111893 -0.01793 0.0888429 -0.000111893 0.000332288 5.76418e-05 -0.000111893 0.010484 -0.0188624 -0.000111893 0.000332288 -0.0188624 0.0910604 
0.00952462 -0.0178663 5.76222e-05 -0.000105076 -0.0178663 0.0887416 -0.000101686 0.000305059 5.76222e-05 -0.000101686 0.0105652 -0.0189306 -0.000105076 0.000305059 -0.0189306 0.091216 
0.00948986 -0.0177846 7.80918e-05 -0.000125626 -0.0177846 0.0885629 -0.00011544 0.000349716 7.80918e-05 -0.00011544 0.0105797 -0.0190069 -0.000125626 0.000349716 -0.0190069 0.0913742 
0.00948836 -0.0177584 7.80516e-05 -0.000139135 -0.0177584 0.0884562 -0.000135742 0.000380077 7.80516e-05 -0.000135742 0.0105845 -0.019031 -0.000139135 0.000380077 -0.019031 0.0914934 
0.00951264 -0.0177508 7.47689e-05 -0.000129146 -0.0177508 0.0884006 -0.000132545 0.000367047 7.47689e-05 -0.000132545 0.0105628 -0.0190423 -0.000129146 0.000367047 -0.0190423 0.0915443 
0.00954877 -0.0177737 7.80738e-05 -0.000149359 -0.0177737 0.0884135 -0.000156148 0.00042092 7.80738e-05 -0.000156148 0.0105264 -0.0190127 -0.000149359 0.00042092 -0.0190127 0.0915127 
0.00956178 -0.0178206 7.80415e-05 -0.000149297 -0.0178206 0.0885025 -0.000156083 0.000444497 7.80415e-05 -0.000156083 0.0105017 -0.0189641 -0.000149297 0.000444497 -0.0189641 0.0914103 
0.00955583 -0.0178554 7.78824e-05 -0.000132061 -0.0178554 0.0886166 -0.000135448 0.000406343 7.78824e-05 -0.000135448 0.0105378 -0.0189356 -0.000132061 0.000406343 -0.0189356 0.0913256 
0.00957806 -0.0178577 7.08237e-05 -0.000104549 -0.0178577 0.0886949 -0.000101177 0.00030353 7.08237e-05 -0.000101177 0.0105662 -0.0189841 -0.000104549 0.00030353 -0.0189841 0.0913659 
0.00953732 -0.0178858 9.79399e-05 -0.000124958 -0.0178858 0.0887538 -0.000121581 0.000330969 9.79399e-05 -0.000121581 0.0106113 -0.018997 -0.000124958 0.000330969 -0.018997 0.0913813 
0.0094953 -0.0178479 8.76386e-05 -0.000144941 -0.0178479 0.0887442 -0.000144941 0.000370779 8.76386e-05 -0.000144941 0.0106649 -0.0190546 -0.000144941 0.000370779 -0.0190546 0.0914913 
0.00946851 -0.0177946 6.04802e-05 -0.0001176 -0.0177946 0.0886338 -0.00012096 0.000339361 6.04802e-05 -0.00012096 0.0107285 -0.019142 -0.0001176 0.000339361 -0.019142 0.0916914 
0.00946314 -0.0177702 3.68607e-05 -8.71252e-05 -0.0177702 0.0885662 -8.71252e-05 0.000264727 3.68607e-05 -8.71252e-05 0.0107667 -0.0192011 -8.71252e-05 0.000264727 -0.0192011 0.0918702 
0.00949098 -0.0177469 4.3629e-05 -0.000107394 -0.0177469 0.0884863 -0.000104038 0.000308759 4.3629e-05 -0.000104038 0.0107495 -0.0192639 -0.000107394 0.000308759 -0.0192639 0.0920437 
0.00952851 -0.0177888 5.03266e-05 -0.000114074 -0.0177888 0.0885312 -0.000110719 0.000345576 5.03266e-05 -0.000110719 0.0107129 -0.0192449 -0.000114074 0.000345576 -0.0192449 0.0920876 
0.00953403 -0.0178464 4.71149e-05 -0.00010096 -0.0178464 0.0886669 -0.000104326 0.00033317 4.71149e-05 -0.000104326 0.0107119 -0.0191926 -0.00010096 0.00033317 -0.0191926 0.0919985 
0.00951946 -0.0178481 5.07434e-05 -0.000111635 -0.0178481 0.0887231 -0.000111635 0.000341672 5.07434e-05 -0.000111635 0.0107001 -0.019181 -0.000111635 0.000341672 -0.019181 0.0919267 
0.00951574 -0.0178378 4.74769e-05 -9.49539e-05 -0.0178378 0.0887242 -0.000101736 0.000318774 4.74769e-05 -0.000101736 0.0106959 -0.0191705 -9.49539e-05 0.000318774 -0.0191705 0.0918882 
0.00948276 -0.0178145 7.10953e-05 -0.000118492 -0.0178145 0.0886627 -0.000121878 0.000369019 7.10953e-05 -0.000121878 0.010732 -0.0191754 -0.000118492 0.000369019 -0.0191754 0.0918721 
0.00947822 -0.017781 0.0001084 -0.00017615 -0.017781 0.0885865 -0.00017615 0.000497962 0.0001084 -0.00017615 0.0107214 -0.0191868 -0.00017615 0.000497962 -0.0191868 0.0918758 
0.0095005 -0.0177673 9.49034e-05 -0.000162691 -0.0177673 0.0885177 -0.000159302 0.000467738 9.49034e-05 -0.000159302 0.0106868 -0.0191806 -0.000162691 0.000467738 -0.0191806 0.0918766 
0.00950923 -0.0177858 7.1116e-05 -0.000138846 -0.0177858 0.088509 -0.000135459 0.000399604 7.1116e-05 -0.000135459 0.0106776 -0.0191573 -0.000138846 0.000399604 -0.0191573 0.0918481 
0.00950505 -0.0178046 7.13134e-05 -0.000125647 -0.0178046 0.0885542 -0.000118856 0.000373546 7.13134e-05 -0.000118856 0.0106732 -0.0191391 -0.000125647 0.000373546 -0.0191391 0.0917871 
0.00953757 -0.0177869 7.81768e-05 -0.000152955 -0.0177869 0.0885301 -0.000146157 0.000418076 7.81768e-05 -0.000146157 0.010615 -0.0191295 -0.000152955 0.000418076 -0.0191295 0.0917422 
0.00954889 -0.0178269 7.81582e-05 -0.000156316 -0.0178269 0.088577 -0.000159715 0.000462153 7.81582e-05 -0.000159715 0.0105785 -0.0190468 -0.000156316 0.000462153 -0.0190468 0.0915844 
0.00958198 -0.0178315 6.45824e-05 -0.000139362 -0.0178315 0.0885968 -0.000142761 0.000435081 6.45824e-05 -0.000142761 0.0105167 -0.0190042 -0.000139362 0.000435081 -0.0190042 0.0914554 
0.00960558 -0.0178656 5.43648e-05 -0.000115525 -0.0178656 0.088652 -0.000118923 0.000356769 5.43648e-05 -0.000118923 0.010472 -0.0189291 -0.000115525 0.000356769 -0.0189291 0.0912921 
0.00958975 -0.0178936 3.04544e-05 -8.79793e-05 -0.0178936 0.0887068 -9.13631e-05 0.000284241 3.04544e-05 -9.13631e-05 0.0104865 -0.0188749 -8.79793e-05 0.000284241 -0.0188749 0.0911432 
0.00954668 -0.0178709 2.36387e-05 -6.75393e-05 -0.0178709 0.0887061 -6.41623e-05 0.00022288 2.36387e-05 -6.41623e-05 0.0105192 -0.0188874 -6.75393e-05 0.00022288 -0.0188874 0.0910936 
0.00952645 -0.0178181 3.72127e-05 -7.10424e-05 -0.0178181 0.088617 -7.10424e-05 0.000230042 3.72127e-05 -7.10424e-05 0.010521 -0.0189379 -7.10424e-05 0.000230042 -0.0189379 0.0911711 
0.00950811 -0.0177984 3.39212e-05 -9.15872e-05 -0.0177984 0.0885479 -8.81951e-05 0.000261193 3.39212e-05 -8.81951e-05 0.0105224 -0.0189416 -9.15872e-05 0.000261193 -0.0189416 0.091231 
0.00951036 -0.0177819 6.44885e-05 -0.000122189 -0.0177819 0.0885088 -0.000115401 0.00035299 6.44885e-05 -0.000115401 0.0105116 -0.0189427 -0.000122189 0.00035299 -0.0189427 0.0912377 
0.00954403 -0.0177906 8.83077e-05 -0.000139254 -0.0177906 0.0885183 -0.000129065 0.000393988 8.83077e-05 -0.000129065 0.0104645 -0.0189148 -0.000139254 0.000393988 -0.0189148 0.0911947 
0.00954926 -0.0178303 0.000105123 -0.000179727 -0.0178303 0.0885782 -0.000166163 0.000471359 0.000105123 -0.000166163 0.0104513 -0.0188578 -0.000179727 0.000471359 -0.0188578 0.0910842 
0.00955913 -0.017829 0.000111664 -0.000186107 -0.017829 0.0885937 -0.000182723 0.000514332 0.000111664 -0.000182723 0.0104355 -0.0188442 -0.000186107 0.000514332 -0.0188442 0.0909995 
0.00956526 -0.0178407 0.000104667 -0.000162066 -0.0178407 0.0886264 -0.000168819 0.000486197 0.000104667 -0.000168819 0.010433 -0.0188334 -0.000162066 0.000486197 -0.0188334 0.0909729 
0.00956885 -0.0178382 0.000104633 -0.000151886 -0.0178382 0.0886207 -0.000158637 0.000452284 0.000104633 -0.000158637 0.0104397 -0.0188508 -0.000151886 0.000452284 -0.0188508 0.0910137 
0.0095437 -0.0178523 8.4368e-05 -0.000131614 -0.0178523 0.0886404 -0.000138363 0.000377968 8.4368e-05 -0.000138363 0.0104751 -0.0188579 -0.000131614 0.000377968 -0.0188579 0.0910668 
0.00950068 -0.0178277 6.08801e-05 -0.00012176 -0.0178277 0.0886279 -0.000118378 0.000334841 6.08801e-05 -0.000118378 0.0105289 -0.0189033 -0.00012176 0.000334841 -0.0189033 0.0911375 
0.0094532 -0.0177681 6.79597e-05 -0.000142715 -0.0177681 0.0885175 -0.000125725 0.000377176 6.79597e-05 -0.000125725 0.0105507 -0.0189506 -0.000142715 0.000377176 -0.0189506 0.0912325 
0.00944917 -0.0176916 9.20374e-05 -0.000146578 -0.0176916 0.0883218 -0.000143169 0.000415873 9.20374e-05 -0.000143169 0.0104991 -0.0189733 -0.000146578 0.000415873 -0.0189733 0.0912977 
0.00942347 -0.0177011 0.000102615 -0.00014024 -0.0177011 0.0882626 -0.000143661 0.000396778 0.000102615 -0.000143661 0.0104907 -0.0189085 -0.00014024 0.000396778 -0.0189085 0.0912281 
0.00941557 -0.0176738 9.90035e-05 -0.000116073 -0.0176738 0.0882223 -0.000129729 0.000337977 9.90035e-05 -0.000129729 0.010508 -0.0189028 -0.000116073 0.000337977 -0.0189028 0.0911822 
0.00939442 -0.0176513 8.882e-05 -0.000126398 -0.0176513 0.0881572 -0.000136646 0.000334783 8.882e-05 -0.000136646 0.0105286 -0.0189152 -0.000126398 0.000334783 -0.0189152 0.0911703 
0.00937589 -0.0176132 7.88754e-05 -0.000133745 -0.0176132 0.0880421 -0.000140604 0.000349795 7.88754e-05 -0.000140604 0.0105316 -0.0189473 -0.000133745 0.000349795 -0.0189473 0.0912417 
0.00938688 -0.0175834 4.43421e-05 -9.8917e-05 -0.0175834 0.0879509 -8.86842e-05 0.000269464 4.43421e-05 -8.86842e-05 0.0105432 -0.0189716 -9.8917e-05 0.000269464 -0.0189716 0.0913311 
0.00942503 -0.0176038 3.0645e-05 -5.7885e-05 -0.0176038 0.0879511 -4.767e-05 0.000160035 3.0645e-05 -4.767e-05 0.0105248 -0.0189726 -5.7885e-05 0.000160035 -0.0189726 0.0913527 
0.00941659 -0.0176668 5.11586e-05 -7.84431e-05 -0.0176668 0.088061 -6.82114e-05 0.000187581 5.11586e-05 -6.82114e-05 0.0105182 -0.0189253 -7.84431e-05 0.000187581 -0.0189253 0.0912396 
0.0094011 -0.0176592 8.58077e-05 -0.000120131 -0.0176592 0.0881177 -0.000123563 0.000322637 8.58077e-05 -0.000123563 0.0104788 -0.0188949 -0.000120131 0.000322637 -0.0188949 0.0911107 
0.0093993 -0.0176357 8.57601e-05 -0.000130355 -0.0176357 0.0880962 -0.000140646 0.000370483 8.57601e-05 -0.000140646 0.010473 -0.0188672 -0.000130355 0.000370483 -0.0188672 0.0910566 
0.00939768 -0.0176211 8.58393e-05 -0.000140776 -0.0176211 0.0880299 -0.00014421 0.000391427 8.58393e-05 -0.00014421 0.0104449 -0.0188503 -0.000140776 0.000391427 -0.0188503 0.0909999 
0.00942508 -0.0176147 9.58251e-05 -0.000154005 -0.0176147 0.0879914 -0.000143738 0.000427791 9.58251e-05 -0.000143738 0.0104107 -0.0188159 -0.000154005 0.000427791 -0.0188159 0.0909209 
0.00943735 -0.0176159 7.1832e-05 -0.000143664 -0.0176159 0.0879702 -0.000140243 0.000403627 7.1832e-05 -0.000140243 0.0103643 -0.0187858 -0.000143664 0.000403627 -0.0187858 0.0908264 
0.00946897 -0.0176633 6.1509e-05 -0.000116184 -0.0176633 0.0880604 -0.000102515 0.000341717 6.1509e-05 -0.000102515 0.0103369 -0.0187227 -0.000116184 0.000341717 -0.0187227 0.0906951 
0.0094899 -0.0176908 6.81991e-05 -0.000115938 -0.0176908 0.0881337 -0.000105709 0.000323946 6.81991e-05 -0.000105709 0.0103288 -0.018707 -0.000115938 0.000323946 -0.018707 0.0906502 
0.0095173 -0.0177144 8.5067e-05 -0.000122496 -0.0177144 0.0882111 -0.000122496 0.000360684 8.5067e-05 -0.000122496 0.0103339 -0.0187181 -0.000122496 0.000360684 -0.0187181 0.090661 
0.00950775 -0.0177483 9.53841e-05 -0.00013967 -0.0177483 0.0882848 -0.00013967 0.000384943 9.53841e-05 -0.00013967 0.010339 -0.0187055 -0.00013967 0.000384943 -0.0187055 0.0906524 
0.0095215 -0.0177555 8.53793e-05 -0.000116116 -0.0177555 0.0883505 -0.000122946 0.000321026 8.53793e-05 -0.000122946 0.0103207 -0.0187186 -0.000116116 0.000321026 -0.0187186 0.0906728 
0.00952954 -0.0177705 4.78528e-05 -7.86153e-05 -0.0177705 0.0883909 -9.57056e-05 0.000232428 4.78528e-05 -9.57056e-05 0.0103294 -0.018707 -7.86153e-05 0.000232428 -0.018707 0.0906708 
0.0095375 -0.017778 3.76435e-05 -6.50206e-05 -0.017778 0.088428 -7.18649e-05 0.000198484 3.76435e-05 -7.18649e-05 0.0103212 -0.0186951 -6.50206e-05 0.000198484 -0.0186951 0.0906387 
0.00955458 -0.0177825 3.78059e-05 -6.8738e-05 -0.0177825 0.0884348 -8.24856e-05 0.000209651 3.78059e-05 -8.24856e-05 0.0102695 -0.0186624 -6.8738e-05 0.000209651 -0.0186624 0.0905485 
0.00959948 -0.0177918 3.77527e-05 -9.26657e-05 -0.0177918 0.0884168 -9.60977e-05 0.000274565 3.77527e-05 -9.60977e-05 0.010207 -0.0186224 -9.26657e-05 0.000274565 -0.0186224 0.0904692 
0.00961752 -0.0178162 4.78654e-05 -0.000102569 -0.0178162 0.088421 -9.91497e-05 0.000307706 4.78654e-05 -9.91497e-05 0.0101782 -0.0185581 -0.000102569 0.000307706 -0.0185581 0.0903425 
0.00958163 -0.0178574 5.81119e-05 -0.00010255 -0.0178574 0.0885147 -9.91321e-05 0.000304233 5.81119e-05 -9.91321e-05 0.0102003 -0.0185035 -0.00010255 0.000304233 -0.0185035 0.0901726 
0.00957437 -0.017825 5.81509e-05 -8.89366e-05 -0.017825 0.0885193 -9.91985e-05 0.000283913 5.81509e-05 -9.91985e-05 0.010214 -0.0185364 -8.89366e-05 0.000283913 -0.0185364 0.0901681 
0.00953978 -0.0178119 7.21409e-05 -9.96231e-05 -0.0178119 0.0884722 -0.000113364 0.000295434 7.21409e-05 -0.000113364 0.0102268 -0.0185402 -9.96231e-05 0.000295434 -0.0185402 0.090183 
0.0095589 -0.0177601 4.8121e-05 -9.62421e-05 -0.0177601 0.0883812 -0.000109991 0.000278415 4.8121e-05 -0.000109991 0.0101879 -0.0185678 -9.62421e-05 0.000278415 -0.0185678 0.0902373 
0.00958256 -0.0177923 2.40854e-05 -7.22563e-05 -0.0177923 0.0883798 -7.22563e-05 0.000227091 2.40854e-05 -7.22563e-05 0.0101641 -0.018532 -7.22563e-05 0.000227091 -0.018532 0.0902206 
0.00959385 -0.0178309 3.09147e-05 -6.52643e-05 -0.0178309 0.0884572 -6.52643e-05 0.000216403 3.09147e-05 -6.52643e-05 0.0101744 -0.018487 -6.52643e-05 0.000216403 -0.018487 0.0901128 
0.00957462 -0.0178275 5.14949e-05 -8.92578e-05 -0.0178275 0.0884923 -8.92578e-05 0.000271206 5.14949e-05 -8.92578e-05 0.0101857 -0.0184867 -8.92578e-05 0.000271206 -0.0184867 0.0900783 
0.00954794 -0.0178101 6.8395e-05 -0.000119691 -0.0178101 0.0884655 -0.000119691 0.000348815 6.8395e-05 -0.000119691 0.0102387 -0.0185145 -0.000119691 0.000348815 -0.0185145 0.0901275 
0.0095377 -0.0177733 7.49927e-05 -0.000122715 -0.0177733 0.0883959 -0.000115898 0.000344285 7.49927e-05 -0.000115898 0.0102638 -0.0185811 -0.000122715 0.000344285 -0.0185811 0.0902605 
