0.00764084 0 -0.000198933 0 0 0.00998734 0 0 -0.000198933 0 0.00710733 0 0 0 0 0.00998734 
0.0107219 -0.013317 -0.000222087 0.000283778 -0.013317 0.0347155 0.000283778 -0.000538767 -0.000222087 0.000283778 0.0100556 -0.0125068 0.000283778 -0.000538767 -0.0125068 0.0331691 
0.0106433 -0.0199683 -0.000121375 0.000351569 -0.0199683 0.0730175 0.000351569 -0.00115097 -0.000121375 0.000351569 0.0101955 -0.0190768 0.000351569 -0.00115097 -0.0190768 0.0702217 
0.0100206 -0.0193326 -6.47794e-05 0.000238874 -0.0193326 0.0863024 0.000246972 -0.00114579 -6.47794e-05 0.000246972 0.00962784 -0.0188953 0.000238874 -0.00114579 -0.0188953 0.084691 
0.00995585 -0.0185478 -5.39403e-05 0.000142557 -0.0185478 0.0888051 0.000150262 -0.000647284 -5.39403e-05 0.000150262 0.00960523 -0.018174 0.000142557 -0.000647284 -0.018174 0.0878958 
0.0101133 -0.0184479 -8.08473e-05 0.000124946 -0.0184479 0.0896155 0.000128621 -0.000367488 -8.08473e-05 0.000128621 0.00974945 -0.0180547 0.000124946 -0.000367488 -0.0180547 0.0887078 
0.0101872 -0.0185496 -0.000120937 0.00018852 -0.0185496 0.0901052 0.000195633 -0.000455292 -0.000120937 0.000195633 0.00988127 -0.0181406 0.00018852 -0.000455292 -0.0181406 0.0891591 
0.0102471 -0.0185797 -0.00013155 0.000200787 -0.0185797 0.0903508 0.000200787 -0.000526201 -0.00013155 0.000200787 0.00994935 -0.0182509 0.000200787 -0.000526201 -0.0182509 0.089513 
0.0102587 -0.0185874 -0.000150561 0.000260059 -0.0185874 0.0903535 0.000256638 -0.000687789 -0.000150561 0.000256638 0.00996438 -0.0183205 0.000260059 -0.000687789 -0.0183205 0.0897239 
0.0102547 -0.0185954 -0.000152449 0.000281183 -0.0185954 0.0903344 0.000267632 -0.000779183 -0.000152449 0.000267632 0.00996677 -0.0183277 0.000281183 -0.000779183 -0.0183277 0.0897958 
0.0102652 -0.0186079 -0.000131303 0.000239038 -0.0186079 0.0903597 0.000225571 -0.00069018 -0.000131303 0.000225571 0.00996216 -0.0183352 0.000239038 -0.00069018 -0.0183352 0.0898244 
0.0102249 -0.0186222 -0.000111067 0.000212037 -0.0186222 0.0904018 0.000205306 -0.000602454 -0.000111067 0.000205306 0.00999939 -0.0183395 0.000212037 -0.000602454 -0.0183395 0.0898498 
0.0102094 -0.0185946 -0.000114222 0.00018477 -0.0185946 0.0903963 0.00018477 -0.000540873 -0.000114222 0.00018477 0.0100246 -0.0183863 0.00018477 -0.000540873 -0.0183863 0.0899562 
0.0101774 -0.018563 -0.000107983 0.00019572 -0.018563 0.0903314 0.000192345 -0.000543291 -0.000107983 0.000192345 0.0100087 -0.0184044 0.00019572 -0.000543291 -0.0184044 0.0900142 
0.0101513 -0.0185338 -0.000101648 0.00019652 -0.0185338 0.0902702 0.000199908 -0.000562453 -0.000101648 0.000199908 0.00998184 -0.018378 0.00019652 -0.000562453 -0.018378 0.0899789 
0.0101784 -0.0184939 -0.000115163 0.000203229 -0.0184939 0.0901762 0.000203229 -0.000582591 -0.000115163 0.000203229 0.00993453 -0.018355 0.000203229 -0.000582591 -0.018355 0.0899459 
0.0101917 -0.0185257 -0.000108278 0.000189487 -0.0185257 0.0901924 0.000189487 -0.000541391 -0.000108278 0.000189487 0.00991084 -0.018299 0.000189487 -0.000541391 -0.018299 0.0898371 
0.0102189 -0.0185627 -9.10596e-05 0.000172002 -0.0185627 0.0902907 0.000172002 -0.000502514 -9.10596e-05 0.000172002 0.00990526 -0.0182625 0.000172002 -0.000502514 -0.0182625 0.0897207 
0.0102335 -0.0185812 -8.75518e-05 0.000151532 -0.0185812 0.0903568 0.000154899 -0.000447861 -8.75518e-05 0.000154899 0.00992703 -0.0182815 0.000151532 -0.000447861 -0.0182815 0.0897406 
0.010205 -0.0186223 -0.000107527 0.000181452 -0.0186223 0.0904603 0.000184812 -0.000504032 -0.000107527 0.000184812 0.00997312 -0.0182829 0.000181452 -0.000504032 -0.0182829 0.0897245 
0.0101894 -0.018588 -0.000115096 0.00020311 -0.018588 0.0904552 0.000220036 -0.00058902 -0.000115096 0.000220036 0.00995917 -0.0183273 0.00020311 -0.00058902 -0.0183273 0.0897849 
0.01022 -0.0185655 -0.000132199 0.000220332 -0.0185655 0.0904074 0.000230501 -0.000644048 -0.000132199 0.000230501 0.00990139 -0.0183181 0.000220332 -0.000644048 -0.0183181 0.0898074 
0.010238 -0.0186089 -0.000122204 0.000200278 -0.0186089 0.0904477 0.000210462 -0.000600835 -0.000122204 0.000210462 0.00987474 -0.0182423 0.000200278 -0.000600835 -0.0182423 0.0896874 
0.0102098 -0.0186172 -0.000122191 0.000196864 -0.0186172 0.0904894 0.000200258 -0.000560043 -0.000122191 0.000200258 0.0098975 -0.0182133 0.000196864 -0.000560043 -0.0182133 0.0895934 
0.0102131 -0.0185875 -0.000133036 0.000228549 -0.0185875 0.0904508 0.000225138 -0.000634479 -0.000133036 0.000225138 0.00986853 -0.0182225 0.000228549 -0.000634479 -0.0182225 0.08954 
0.0102359 -0.0185933 -0.000133199 0.000218584 -0.0185933 0.0904527 0.000215168 -0.000614767 -0.000133199 0.000215168 0.00982602 -0.01818 0.000218584 -0.000614767 -0.01818 0.089469 
0.0102896 -0.0186243 -0.000115997 0.000177407 -0.0186243 0.0904978 0.000170583 -0.000501515 -0.000115997 0.000170583 0.00978124 -0.0181364 0.000177407 -0.000501515 -0.0181364 0.089372 
0.0102743 -0.0186771 -0.000102266 0.000184078 -0.0186771 0.0905834 0.000170443 -0.000484057 -0.000102266 0.000170443 0.00981067 -0.0180908 0.000184078 -0.000484057 -0.0180908 0.089271 
0.0102458 -0.0186531 -0.000122338 0.0001971 -0.0186531 0.0905878 0.000190303 -0.000536927 -0.000122338 0.000190303 0.009855 -0.018123 0.0001971 -0.000536927 -0.018123 0.0892761 
0.0102369 -0.0186156 -0.000128851 0.00020684 -0.0186156 0.0904976 0.000203449 -0.000583221 -0.000128851 0.000203449 0.00987067 -0.0181884 0.00020684 -0.000583221 -0.0181884 0.0893854 
0.0102477 -0.0186195 -0.000135194 0.000233209 -0.0186195 0.0904986 0.000229829 -0.000652309 -0.000135194 0.000229829 0.00987251 -0.0181937 0.000233209 -0.000652309 -0.0181937 0.0894339 
0.0102064 -0.0186251 -0.000111305 0.000199 -0.0186251 0.090508 0.000195627 -0.000573391 -0.000111305 0.000195627 0.00993652 -0.0182203 0.000199 -0.000573391 -0.0182203 0.0895198 
0.0101514 -0.0185907 -9.77392e-05 0.000175256 -0.0185907 0.0904694 0.000178627 -0.000519029 -9.77392e-05 0.000178627 0.01002 -0.0182941 0.000175256 -0.000519029 -0.0182941 0.0896774 
0.0101468 -0.0185505 -0.000104122 0.00016458 -0.0185505 0.0904315 0.000161221 -0.000470228 -0.000104122 0.000161221 0.010073 -0.0183859 0.00016458 -0.000470228 -0.0183859 0.0898706 
0.0102002 -0.0185324 -0.000107124 0.000167381 -0.0185324 0.0903723 0.000164033 -0.000465319 -0.000107124 0.000164033 0.0100696 -0.0184688 0.000167381 -0.000465319 -0.0184688 0.0901111 
0.0102253 -0.0185732 -0.000127397 0.000214563 -0.0185732 0.0903849 0.000217916 -0.000569934 -0.000127397 0.000217916 0.0100543 -0.0184726 0.000214563 -0.000569934 -0.0184726 0.090224 
0.0102051 -0.0186026 -0.000141644 0.000252937 -0.0186026 0.0904434 0.000256309 -0.000711595 -0.000141644 0.000256309 0.0100332 -0.0184475 0.000252937 -0.000711595 -0.0184475 0.0901972 
0.0102002 -0.0185953 -0.00012822 0.000236194 -0.0185953 0.0904895 0.00023282 -0.000695086 -0.00012822 0.00023282 0.0100248 -0.0184232 0.000236194 -0.000695086 -0.0184232 0.0901318 
0.0102215 -0.018602 -0.00011147 0.000195917 -0.018602 0.0905001 0.000195917 -0.000591128 -0.00011147 0.000195917 0.0100086 -0.018406 0.000195917 -0.000591128 -0.018406 0.0900846 
0.0102125 -0.0185977 -9.13644e-05 0.000172577 -0.0185977 0.0904609 0.000172577 -0.00050758 -9.13644e-05 0.000172577 0.0100162 -0.0184082 0.000172577 -0.00050758 -0.0184082 0.0900717 
0.0102072 -0.018606 -8.12785e-05 0.000155784 -0.018606 0.0904765 0.000155784 -0.000457192 -8.12785e-05 0.000155784 0.0100277 -0.0183926 0.000155784 -0.000457192 -0.0183926 0.0900329 
0.0101866 -0.0185864 -9.45703e-05 0.000175631 -0.0185864 0.0904599 0.000175631 -0.000503249 -9.45703e-05 0.000175631 0.0100717 -0.0184176 0.000175631 -0.000503249 -0.0184176 0.0900748 
0.010168 -0.0185633 -9.77369e-05 0.000195474 -0.0185633 0.0904134 0.000188733 -0.000552719 -9.77369e-05 0.000188733 0.0101006 -0.0184655 0.000195474 -0.000552719 -0.0184655 0.0901505 
0.0101895 -0.0185389 -9.08274e-05 0.000195111 -0.0185389 0.0903464 0.000195111 -0.00057524 -9.08274e-05 0.000195111 0.0100919 -0.0184985 0.000195111 -0.00057524 -0.0184985 0.0902354 
0.0102364 -0.018574 -9.40968e-05 0.000174751 -0.018574 0.0903799 0.000184833 -0.000544417 -9.40968e-05 0.000184833 0.0100381 -0.0184766 0.000174751 -0.000544417 -0.0184766 0.0902287 
0.0102286 -0.0186217 -9.4304e-05 0.000165032 -0.0186217 0.0904409 0.000178504 -0.000518672 -9.4304e-05 0.000178504 0.0100232 -0.018423 0.000165032 -0.000518672 -0.018423 0.0901378 
0.0101929 -0.0186146 -9.42853e-05 0.000171734 -0.0186146 0.0904768 0.000181836 -0.000501732 -9.42853e-05 0.000181836 0.0100515 -0.0184092 0.000171734 -0.000501732 -0.0184092 0.0900795 
0.0101611 -0.0185968 -8.74508e-05 0.000164811 -0.0185968 0.0905082 0.000161448 -0.000477616 -8.74508e-05 0.000161448 0.0100938 -0.0184151 0.000164811 -0.000477616 -0.0184151 0.0900407 
0.0101042 -0.0185413 -9.80664e-05 0.000209659 -0.0185413 0.0904037 0.000196133 -0.00057149 -9.80664e-05 0.000196133 0.0101245 -0.0184737 0.000209659 -0.00057149 -0.0184737 0.0901332 
0.0100992 -0.0184615 -0.000108557 0.000217114 -0.0184615 0.0902278 0.000193367 -0.000607241 -0.000108557 0.000193367 0.0101026 -0.0185259 0.000217114 -0.000607241 -0.0185259 0.0902821 
0.010123 -0.0184584 -9.81829e-05 0.00019298 -0.0184584 0.0901455 0.000186209 -0.000578941 -9.81829e-05 0.000186209 0.0100858 -0.0185058 0.00019298 -0.000578941 -0.0185058 0.0903215 
0.0101343 -0.018491 -8.78595e-05 0.000185857 -0.018491 0.0901776 0.000182477 -0.00055757 -8.78595e-05 0.000182477 0.0100903 -0.0184742 0.000185857 -0.00055757 -0.0184742 0.0902419 
0.0100938 -0.018498 -6.74495e-05 0.000141644 -0.018498 0.0902036 0.000148389 -0.000448539 -6.74495e-05 0.000148389 0.0101478 -0.0184879 0.000141644 -0.000448539 -0.0184879 0.0902441 
0.0100939 -0.0184753 -6.70244e-05 0.000120644 -0.0184753 0.0902114 0.000130697 -0.000388741 -6.70244e-05 0.000130697 0.0101911 -0.0185423 0.000120644 -0.000388741 -0.0185423 0.0903153 
0.0101722 -0.0184945 -6.69001e-05 0.000110385 -0.0184945 0.0902583 0.000123765 -0.000341191 -6.69001e-05 0.000123765 0.0101722 -0.0185949 0.000110385 -0.000341191 -0.0185949 0.0904423 
0.0101915 -0.0186034 -7.99859e-05 0.00013331 -0.0186034 0.0904574 0.000143308 -0.000386598 -7.99859e-05 0.000143308 0.0102082 -0.0185701 0.00013331 -0.000386598 -0.0185701 0.0904474 
0.0101352 -0.0185984 -8.34307e-05 0.000183547 -0.0185984 0.0905223 0.000186885 -0.000513933 -8.34307e-05 0.000186885 0.0102419 -0.018605 0.000183547 -0.000513933 -0.018605 0.0904722 
0.0100538 -0.018514 -8.03501e-05 0.000227658 -0.018514 0.0903737 0.000220963 -0.000656192 -8.03501e-05 0.000220963 0.010258 -0.0186546 0.000227658 -0.000656192 -0.0186546 0.0905579 
0.0100567 -0.0184333 -6.69328e-05 0.000174025 -0.0184333 0.090192 0.000157292 -0.000568929 -6.69328e-05 0.000157292 0.0102441 -0.0186776 0.000174025 -0.000568929 -0.0186776 0.0906739 
0.0100449 -0.018428 -7.07862e-05 0.000168539 -0.018428 0.0901007 0.000158426 -0.00052247 -7.07862e-05 0.000158426 0.0101966 -0.0186471 0.000168539 -0.00052247 -0.0186471 0.09064 
0.0100111 -0.0184115 -6.06528e-05 0.000128045 -0.0184115 0.0900661 0.000131414 -0.0004212 -6.06528e-05 0.000131414 0.0102368 -0.018617 0.000128045 -0.0004212 -0.018617 0.0906086 
0.0099728 -0.0183612 -7.43231e-05 0.000152024 -0.0183612 0.0899546 0.000152024 -0.000452695 -7.43231e-05 0.000152024 0.0102498 -0.0186416 0.000152024 -0.000452695 -0.0186416 0.0906032 
0.00993398 -0.0183209 -7.80333e-05 0.00017303 -0.0183209 0.0898435 0.000169638 -0.000488556 -7.80333e-05 0.000169638 0.0102461 -0.0186432 0.00017303 -0.000488556 -0.0186432 0.0905966 
0.0098985 -0.0182729 -7.46801e-05 0.000159544 -0.0182729 0.0897247 0.000156149 -0.000471842 -7.46801e-05 0.000156149 0.0102651 -0.0186496 0.000159544 -0.000471842 -0.0186496 0.0906175 
0.0099333 -0.0182381 -8.10882e-05 0.000155419 -0.0182381 0.0896464 0.000148662 -0.000452742 -8.10882e-05 0.000148662 0.0102712 -0.0186807 0.000155419 -0.000452742 -0.0186807 0.0906836 
0.00995047 -0.0182768 -9.43492e-05 0.000165111 -0.0182768 0.0896519 0.000158372 -0.000475115 -9.43492e-05 0.000158372 0.0102807 -0.0186811 0.000165111 -0.000475115 -0.0186811 0.0907032 
0.00996039 -0.0182837 -9.43155e-05 0.00016842 -0.0182837 0.0896738 0.000158315 -0.000471577 -9.43155e-05 0.000158315 0.0102871 -0.0187115 0.00016842 -0.000471577 -0.0187115 0.0907685 
0.00997051 -0.0183118 -8.07874e-05 0.000141378 -0.0183118 0.0897447 0.00014811 -0.000417402 -8.07874e-05 0.00014811 0.010297 -0.0187191 0.000141378 -0.000417402 -0.0187191 0.0908017 
0.00998794 -0.018323 -0.000104146 0.000188135 -0.018323 0.0897974 0.000188135 -0.00052409 -0.000104146 0.000188135 0.0102769 -0.0187093 0.000188135 -0.00052409 -0.0187093 0.0907683 
0.0100233 -0.0183777 -0.000107452 0.000204831 -0.0183777 0.0899408 0.000208189 -0.000590987 -0.000107452 0.000208189 0.0102415 -0.0186597 0.000204831 -0.000590987 -0.0186597 0.0906627 
0.00998058 -0.018414 -9.43791e-05 0.000195499 -0.018414 0.0900342 0.000192129 -0.000586498 -9.43791e-05 0.000192129 0.0102671 -0.0186399 0.000195499 -0.000586498 -0.0186399 0.0905938 
0.00993804 -0.0183464 -8.40497e-05 0.000171461 -0.0183464 0.0899466 0.000171461 -0.000527832 -8.40497e-05 0.000171461 0.0103348 -0.0187027 0.000171461 -0.000527832 -0.0187027 0.0907098 
0.00991342 -0.0183007 -6.35905e-05 0.000140568 -0.0183007 0.0898533 0.000137221 -0.000428399 -6.35905e-05 0.000137221 0.0104121 -0.0187759 0.000140568 -0.000428399 -0.0187759 0.0908808 
0.00991257 -0.0182716 -5.3455e-05 0.000126956 -0.0182716 0.0897644 0.000123615 -0.000387549 -5.3455e-05 0.000123615 0.0104505 -0.0188663 0.000126956 -0.000387549 -0.0188663 0.0910874 
0.00991145 -0.0182713 -6.3535e-05 0.000130414 -0.0182713 0.0897281 0.000123726 -0.000384554 -6.3535e-05 0.000123726 0.0104431 -0.0188933 0.000130414 -0.000384554 -0.0188933 0.0911894 
0.00988697 -0.0182642 -8.72281e-05 0.000174456 -0.0182642 0.0897108 0.000171101 -0.000493174 -8.72281e-05 0.000171101 0.0104271 -0.0188815 0.000174456 -0.000493174 -0.0188815 0.0912004 
0.00989983 -0.0182392 -9.06086e-05 0.000197997 -0.0182392 0.0896555 0.00021142 -0.000587278 -9.06086e-05 0.00021142 0.0103663 -0.0188533 0.000197997 -0.000587278 -0.0188533 0.0911321 
0.00990894 -0.018245 -7.69692e-05 0.000184057 -0.018245 0.0896222 0.000194096 -0.000575595 -7.69692e-05 0.000194096 0.0103507 -0.0188039 0.000184057 -0.000575595 -0.0188039 0.0910378 
0.00995686 -0.0182693 -7.0331e-05 0.000137313 -0.0182693 0.0896988 0.000140662 -0.000465524 -7.0331e-05 0.000140662 0.0103219 -0.0187851 0.000137313 -0.000465524 -0.0187851 0.0909949 
0.00998616 -0.0183532 -7.71002e-05 0.000140792 -0.0183532 0.0898687 0.000140792 -0.000422375 -7.71002e-05 0.000140792 0.0103013 -0.0187186 0.000140792 -0.000422375 -0.0187186 0.0908442 
0.00996609 -0.0183808 -9.06618e-05 0.000177966 -0.0183808 0.0899735 0.000174608 -0.000503677 -9.06618e-05 0.000174608 0.0102918 -0.0186831 0.000177966 -0.000503677 -0.0186831 0.0907055 
0.00991521 -0.0183374 -0.000111217 0.000215694 -0.0183374 0.0899311 0.000212324 -0.0005999 -0.000111217 0.000212324 0.0102994 -0.0186845 0.000215694 -0.0005999 -0.0186845 0.0906692 
0.00989148 -0.0182685 -0.000108178 0.000212975 -0.0182685 0.0897772 0.000209594 -0.00061526 -0.000108178 0.000209594 0.0102802 -0.0186944 0.000212975 -0.00061526 -0.0186944 0.0906866 
0.00988446 -0.0182381 -8.11033e-05 0.000152069 -0.0182381 0.0896732 0.000152069 -0.000473102 -8.11033e-05 0.000152069 0.0103001 -0.0186977 0.000152069 -0.000473102 -0.0186977 0.0907309 
0.00986823 -0.0182258 -7.09702e-05 0.000121663 -0.0182258 0.0896015 0.000125043 -0.000375128 -7.09702e-05 0.000125043 0.0103245 -0.0187057 0.000121663 -0.000375128 -0.0187057 0.0907404 
0.00986465 -0.0181799 -8.11905e-05 0.000152232 -0.0181799 0.0894686 0.000155615 -0.000433016 -8.11905e-05 0.000155615 0.0103078 -0.0187516 0.000152232 -0.000433016 -0.0187516 0.0908184 
0.00983883 -0.0181711 -9.18246e-05 0.000183649 -0.0181711 0.0893895 0.00018705 -0.00052374 -9.18246e-05 0.00018705 0.0102707 -0.0187084 0.000183649 -0.00052374 -0.0187084 0.0907635 
0.00984224 -0.018127 -7.15676e-05 0.000180623 -0.018127 0.0892754 0.000177215 -0.000538461 -7.15676e-05 0.000177215 0.0102069 -0.0186655 0.000180623 -0.000538461 -0.0186655 0.0906761 
0.00985658 -0.0181373 -6.46668e-05 0.000153158 -0.0181373 0.0892776 0.000146351 -0.000483299 -6.46668e-05 0.000146351 0.0101697 -0.0185832 0.000153158 -0.000483299 -0.0185832 0.0905096 
0.00989044 -0.0181877 -6.42676e-05 0.000118388 -0.0181877 0.0893996 0.00010824 -0.000375458 -6.42676e-05 0.00010824 0.0101847 -0.0185395 0.000118388 -0.000375458 -0.0185395 0.0903568 
0.00993388 -0.0182188 -7.40329e-05 0.00013124 -0.0182188 0.0894924 0.00012451 -0.00037353 -7.40329e-05 0.00012451 0.0101762 -0.018552 0.00013124 -0.00037353 -0.018552 0.0903101 
0.00991335 -0.0182818 -8.76989e-05 0.000165279 -0.0182818 0.0896181 0.000172025 -0.000468852 -8.76989e-05 0.000172025 0.0101798 -0.0185281 0.000165279 -0.000468852 -0.0185281 0.0902556 
0.00989443 -0.01827 -9.47159e-05 0.000179284 -0.01827 0.0896756 0.000186049 -0.000534468 -9.47159e-05 0.000186049 0.0101786 -0.0185305 0.000179284 -0.000534468 -0.0185305 0.0902338 
0.00982722 -0.0182365 -0.000102013 0.000197225 -0.0182365 0.089625 0.000207426 -0.000598475 -0.000102013 0.000207426 0.0102047 -0.0185289 0.000197225 -0.000598475 -0.0185289 0.0902268 
0.0097563 -0.0181364 -9.87893e-05 0.000187359 -0.0181364 0.0894418 0.000194172 -0.00057911 -9.87893e-05 0.000194172 0.0102537 -0.018586 0.000187359 -0.00057911 -0.018586 0.0903309 
0.00976942 -0.0180528 -9.18114e-05 0.00016322 -0.0180528 0.0892203 0.000166621 -0.000506663 -9.18114e-05 0.000166621 0.0102625 -0.0186445 0.00016322 -0.000506663 -0.0186445 0.0904955 
0.00983411 -0.018071 -8.81679e-05 0.000155989 -0.018071 0.089175 0.00015938 -0.000464577 -8.81679e-05 0.00015938 0.0102139 -0.0186373 0.000155989 -0.000464577 -0.0186373 0.0905348 
0.00983626 -0.0181511 -9.52994e-05 0.000176985 -0.0181511 0.0892887 0.000170177 -0.000493515 -9.52994e-05 0.000170177 0.0101868 -0.0185664 0.000176985 -0.000493515 -0.0185664 0.0904051 
0.00985749 -0.0181675 -9.20305e-05 0.000167018 -0.0181675 0.0893991 0.000160201 -0.000480604 -9.20305e-05 0.000160201 0.0101677 -0.0185458 0.000167018 -0.000480604 -0.0185458 0.0903058 
0.00989105 -0.0181795 -9.18674e-05 0.000166722 -0.0181795 0.0894278 0.00016332 -0.000486557 -9.18674e-05 0.00016332 0.0101428 -0.0185368 0.000166722 -0.000486557 -0.0185368 0.0902852 
0.00985704 -0.0182073 -0.000108842 0.000176869 -0.0182073 0.0894719 0.000170066 -0.000499995 -0.000108842 0.000170066 0.0101836 -0.01851 0.000176869 -0.000499995 -0.01851 0.0902474 
0.00983022 -0.018172 -9.47165e-05 0.00014884 -0.018172 0.0894327 0.000155606 -0.000439755 -9.47165e-05 0.000155606 0.0102598 -0.018578 0.00014884 -0.000439755 -0.018578 0.0903596 
0.00981307 -0.0181276 -9.42917e-05 0.00015154 -0.0181276 0.0893245 0.00015154 -0.000431048 -9.42917e-05 0.00015154 0.0103115 -0.0186697 0.00015154 -0.000431048 -0.0186697 0.0905604 
0.00982517 -0.0181227 -7.06604e-05 0.000137956 -0.0181227 0.0892845 0.000131227 -0.00039368 -7.06604e-05 0.000131227 0.0103131 -0.0187217 0.000137956 -0.00039368 -0.0187217 0.0907145 
0.00983694 -0.0181553 -7.08665e-05 0.000155231 -0.0181553 0.0893356 0.000148482 -0.000438697 -7.08665e-05 0.000148482 0.0102824 -0.0187087 0.000155231 -0.000438697 -0.0187087 0.0907226 
0.00980804 -0.0181632 -8.80556e-05 0.000169338 -0.0181632 0.0893832 0.000155791 -0.000480919 -8.80556e-05 0.000155791 0.010272 -0.0186678 0.000169338 -0.000480919 -0.0186678 0.0906499 
0.00977346 -0.0181357 -0.000111677 0.000196281 -0.0181357 0.0893859 0.000189513 -0.000541466 -0.000111677 0.000189513 0.0102946 -0.0186501 0.000196281 -0.000541466 -0.0186501 0.0905704 
0.00970591 -0.0180901 -0.000115224 0.000206725 -0.0180901 0.0892883 0.00018978 -0.000569341 -0.000115224 0.00018978 0.0103363 -0.0186696 0.000206725 -0.000569341 -0.0186696 0.0905794 
0.00964949 -0.0180318 -0.000121974 0.000186349 -0.0180318 0.0891934 0.000172796 -0.000525166 -0.000121974 0.000172796 0.0103915 -0.0187128 0.000186349 -0.000525166 -0.0187128 0.0906402 
0.00966467 -0.0179487 -9.83768e-05 0.000159438 -0.0179487 0.0889937 0.000162831 -0.000454569 -9.83768e-05 0.000162831 0.0103838 -0.0188001 0.000159438 -0.000454569 -0.0188001 0.0908153 
0.00967464 -0.017958 -9.50157e-05 0.000159491 -0.017958 0.0889246 0.000169671 -0.000454718 -9.50157e-05 0.000169671 0.0103771 -0.0187928 0.000159491 -0.000454718 -0.0187928 0.0908927 
0.00968641 -0.0179813 -0.000108874 0.000173518 -0.0179813 0.0889571 0.000180323 -0.000503544 -0.000108874 0.000180323 0.0103397 -0.0187502 0.000173518 -0.000503544 -0.0187502 0.0908114 
0.00969654 -0.0179904 -0.000112355 0.000190662 -0.0179904 0.0889678 0.000187258 -0.000524321 -0.000112355 0.000187258 0.0102992 -0.0187087 0.000190662 -0.000524321 -0.0187087 0.0907042 
0.00968842 -0.0179996 -0.000115338 0.000169615 -0.0179996 0.0890072 0.000166223 -0.000481707 -0.000115338 0.000166223 0.010333 -0.0186848 0.000169615 -0.000481707 -0.0186848 0.0906491 
0.00970493 -0.0179915 -0.000118477 0.000192948 -0.0179915 0.0890132 0.000189563 -0.000528067 -0.000118477 0.000189563 0.0103481 -0.0187193 0.000192948 -0.000528067 -0.0187193 0.0906718 
0.00970011 -0.0179942 -0.000131813 0.000219689 -0.0179942 0.0889807 0.000223069 -0.000618509 -0.000131813 0.000223069 0.0103457 -0.0187276 0.000219689 -0.000618509 -0.0187276 0.0907214 
0.00969058 -0.0179934 -0.000139457 0.000224492 -0.0179934 0.0889567 0.000234696 -0.000659871 -0.000139457 0.000234696 0.0103266 -0.0187349 0.000224492 -0.000659871 -0.0187349 0.0907492 
0.00967764 -0.0179786 -0.000136305 0.00020105 -0.0179786 0.0889491 0.000207865 -0.000592926 -0.000136305 0.000207865 0.0103251 -0.0187215 0.00020105 -0.000592926 -0.0187215 0.0907551 
0.00972065 -0.0179589 -0.000142801 0.000221001 -0.0179589 0.0888867 0.000231201 -0.000629004 -0.000142801 0.000231201 0.0102817 -0.0187205 0.000221001 -0.000629004 -0.0187205 0.0907567 
0.00971345 -0.0180053 -0.000132317 0.000220529 -0.0180053 0.0889342 0.000217136 -0.000610695 -0.000132317 0.000217136 0.0102868 -0.0186601 0.000220529 -0.000610695 -0.0186601 0.0906509 
0.0097268 -0.0180277 -0.000122222 0.000210493 -0.0180277 0.0890384 0.000200308 -0.000587343 -0.000122222 0.000200308 0.0102768 -0.0186456 0.000210493 -0.000587343 -0.0186456 0.090539 
0.00975138 -0.0180193 -0.000105476 0.000200744 -0.0180193 0.0890316 0.000187134 -0.000554597 -0.000105476 0.000187134 0.0102413 -0.0186556 0.000200744 -0.000554597 -0.0186556 0.0905491 
0.00976656 -0.0180518 -0.000102161 0.0001907 -0.0180518 0.0891046 0.000183889 -0.000544857 -0.000102161 0.000183889 0.0102263 -0.0186035 0.0001907 -0.000544857 -0.0186035 0.0904837 
0.0097484 -0.0180921 -0.000105186 0.000173049 -0.0180921 0.0892048 0.000169655 -0.000508966 -0.000105186 0.000169655 0.0102506 -0.0185705 0.000173049 -0.000508966 -0.0185705 0.0903653 
0.00973213 -0.0180696 -0.000108587 0.000173061 -0.0180696 0.0892112 0.000173061 -0.000502216 -0.000108587 0.000173061 0.0102547 -0.018582 0.000173061 -0.000502216 -0.018582 0.090314 
0.00970466 -0.0180224 -0.000111899 0.000172934 -0.0180224 0.0891085 0.000172934 -0.000488285 -0.000111899 0.000172934 0.0102709 -0.0186192 0.000172934 -0.000488285 -0.0186192 0.0903937 
0.00969847 -0.0179901 -0.000115256 0.000186444 -0.0179901 0.0889879 0.000189834 -0.000522043 -0.000115256 0.000189834 0.0102646 -0.018641 0.000186444 -0.000522043 -0.018641 0.0904558 
0.00972623 -0.0179759 -0.000104984 0.000176102 -0.0179759 0.0889313 0.000189648 -0.000507986 -0.000104984 0.000189648 0.0102342 -0.0186329 0.000176102 -0.000507986 -0.0186329 0.0905027 
0.00978026 -0.0180125 -9.50528e-05 0.000156158 -0.0180125 0.0889796 0.000169737 -0.000471869 -9.50528e-05 0.000169737 0.0101876 -0.0186168 0.000156158 -0.000471869 -0.0186168 0.0905107 
0.00977859 -0.0180766 -9.18977e-05 0.000156566 -0.0180766 0.0890999 0.000173585 -0.000466296 -9.18977e-05 0.000173585 0.010187 -0.0185633 0.000156566 -0.000466296 -0.0185633 0.0904103 
0.00971422 -0.0180641 -7.52245e-05 0.000133352 -0.0180641 0.0891102 0.000140191 -0.000417154 -7.52245e-05 0.000140191 0.0102237 -0.0185565 0.000133352 -0.000417154 -0.0185565 0.0903549 
0.00966357 -0.0179946 -5.82349e-05 0.000106193 -0.0179946 0.0890207 9.93419e-05 -0.000315154 -5.82349e-05 9.93419e-05 0.0102699 -0.0186009 0.000106193 -0.000315154 -0.0186009 0.0904012 
0.00965452 -0.0179274 -7.88543e-05 0.000130281 -0.0179274 0.0888517 0.000116567 -0.000349702 -7.88543e-05 0.000116567 0.0102716 -0.0186405 0.000130281 -0.000349702 -0.0186405 0.0904871 
0.00969031 -0.0179124 -8.87766e-05 0.00016731 -0.0179124 0.0887493 0.000160481 -0.000450712 -8.87766e-05 0.000160481 0.01024 -0.0186465 0.00016731 -0.000450712 -0.0186465 0.0905248 
0.00976365 -0.0179714 -9.85198e-05 0.000180053 -0.0179714 0.0888275 0.000173259 -0.000506188 -9.85198e-05 0.000173259 0.0101985 -0.0186033 0.000180053 -0.000506188 -0.0186033 0.0904616 
0.00978026 -0.0180569 -0.00010114 0.000171938 -0.0180569 0.0890034 0.000171938 -0.000515815 -0.00010114 0.000171938 0.010232 -0.0185626 0.000171938 -0.000515815 -0.0185626 0.0903822 
0.00976017 -0.0180744 -0.000114865 0.000195947 -0.0180744 0.089105 0.000202703 -0.000584461 -0.000114865 0.000202703 0.0102365 -0.0185879 0.000195947 -0.000584461 -0.0185879 0.0903618 
0.00973725 -0.0180825 -0.000111767 0.000182891 -0.0180825 0.0891796 0.000193052 -0.000565607 -0.000111767 0.000193052 0.0102351 -0.0185804 0.000182891 -0.000565607 -0.0185804 0.0903379 
0.00973878 -0.0180407 -0.000101906 0.00017324 -0.0180407 0.0891233 0.00017324 -0.000516322 -0.000101906 0.00017324 0.0102177 -0.0186046 0.00017324 -0.000516322 -0.0186046 0.0903767 
0.00976134 -0.018033 -8.84303e-05 0.000153052 -0.018033 0.0890833 0.000153052 -0.000452355 -8.84303e-05 0.000153052 0.0101797 -0.0185738 0.000153052 -0.000452355 -0.0185738 0.0903723 
0.00981417 -0.0180609 -7.51258e-05 0.000146837 -0.0180609 0.0891163 0.000143422 -0.000423437 -7.51258e-05 0.000143422 0.0101078 -0.0185322 0.000146837 -0.000423437 -0.0185322 0.0902808 
0.00988823 -0.0181256 -7.51957e-05 0.000140137 -0.0181256 0.0892402 0.000133301 -0.000410158 -7.51957e-05 0.000133301 0.0100352 -0.0184469 0.000140137 -0.000410158 -0.0184469 0.0901254 
0.00995517 -0.0182307 -7.51076e-05 0.000136559 -0.0182307 0.0894668 0.000136559 -0.000413092 -7.51076e-05 0.000136559 0.00999614 -0.0183536 0.000136559 -0.000413092 -0.0183536 0.0899038 
0.00997865 -0.0183067 -6.82068e-05 0.000129593 -0.0183067 0.0896885 0.000129593 -0.000392189 -6.82068e-05 0.000129593 0.0099957 -0.0182965 0.000129593 -0.000392189 -0.0182965 0.0897124 
0.00997641 -0.0183463 -8.16902e-05 0.000125939 -0.0183463 0.0898388 0.00013615 -0.000394836 -8.16902e-05 0.00013615 0.0100309 -0.018302 0.000125939 -0.000394836 -0.018302 0.089655 
0.00995069 -0.0183313 -0.000101954 0.000169923 -0.0183313 0.0898383 0.000173321 -0.000472386 -0.000101954 0.000173321 0.010073 -0.0183551 0.000169923 -0.000472386 -0.0183551 0.0897329 
0.00993074 -0.0182963 -0.000105249 0.000183337 -0.0182963 0.0897773 0.000179942 -0.000519454 -0.000105249 0.000179942 0.0101107 -0.0184152 0.000183337 -0.000519454 -0.0184152 0.0898825 
0.00988784 -0.0182474 -0.000108434 0.000193148 -0.0182474 0.0896513 0.000186371 -0.000552336 -0.000108434 0.000186371 0.0101725 -0.018488 0.000193148 -0.000552336 -0.018488 0.0900884 
0.00981678 -0.0182035 -0.000112095 0.000193618 -0.0182035 0.0895433 0.000193618 -0.000570664 -0.000112095 0.000193618 0.0102516 -0.0185568 0.000193618 -0.000570664 -0.0185568 0.0902804 
0.00979192 -0.0181144 -0.000102283 0.00018411 -0.0181144 0.0893581 0.000180701 -0.000531873 -0.000102283 0.000180701 0.0102727 -0.0186599 0.00018411 -0.000531873 -0.0186599 0.0905207 
