0.00777539 0 -0.000564668 0 0 0.00998924 0 0 -0.000564668 0 0.00686564 0 0 0 0 0.00998924 
0.0108833 -0.0134999 -0.000674587 0.000825858 -0.0134999 0.0350704 0.000825858 -0.0015863 -0.000674587 0.000825858 0.00976721 -0.0121507 0.000825858 -0.0015863 -0.0121507 0.0324947 
0.0108274 -0.0201093 -0.000558591 0.000915586 -0.0201093 0.0734316 0.000915586 -0.00289795 -0.000558591 0.000915586 0.00986984 -0.0187107 0.000915586 -0.00289795 -0.0187107 0.0690973 
0.0102014 -0.0195159 -0.000481924 0.000696562 -0.0195159 0.0866977 0.000696562 -0.00236507 -0.000481924 0.000696562 0.00934284 -0.0185885 0.000696562 -0.00236507 -0.0185885 0.0839803 
0.0102166 -0.0188187 -0.000460209 0.000540746 -0.0188187 0.0895184 0.000544581 -0.00151102 -0.000460209 0.000544581 0.00931157 -0.0178676 0.000540746 -0.00151102 -0.0178676 0.0872672 
0.0103739 -0.0187282 -0.000481057 0.00053614 -0.0187282 0.0903028 0.000547156 -0.00125589 -0.000481057 0.000547156 0.0094816 -0.0177661 0.00053614 -0.00125589 -0.0177661 0.0881473 
0.0104676 -0.0187989 -0.000484215 0.000576785 -0.0187989 0.0907191 0.000580346 -0.00131735 -0.000484215 0.000580346 0.00959173 -0.0178946 0.000576785 -0.00131735 -0.0178946 0.0886647 
0.0104527 -0.0188405 -0.000458846 0.000597891 -0.0188405 0.0909072 0.000604843 -0.00143216 -0.000458846 0.000604843 0.00967401 -0.0179541 0.000597891 -0.00143216 -0.0179541 0.0889293 
0.0104613 -0.0188283 -0.000460065 0.000573365 -0.0188283 0.0909247 0.000566498 -0.00144543 -0.000460065 0.000566498 0.0096751 -0.0180043 0.000573365 -0.00144543 -0.0180043 0.0890192 
0.0104752 -0.0188607 -0.000435614 0.000541114 -0.0188607 0.0909719 0.000530905 -0.00134087 -0.000435614 0.000530905 0.00968221 -0.0179827 0.000541114 -0.00134087 -0.0179827 0.0889878 
0.0104834 -0.018885 -0.000438081 0.000526377 -0.018885 0.0910462 0.000516189 -0.00130406 -0.000438081 0.000516189 0.00966835 -0.0179817 0.000526377 -0.00130406 -0.0179817 0.0889542 
0.010492 -0.0188708 -0.00043548 0.000543506 -0.0188708 0.0910524 0.000533378 -0.00132332 -0.00043548 0.000533378 0.00969533 -0.0180201 0.000543506 -0.00132332 -0.0180201 0.0890573 
0.0104818 -0.0188545 -0.000455585 0.000553452 -0.0188545 0.0909922 0.000543328 -0.00134651 -0.000455585 0.000543328 0.00970228 -0.0180648 0.000553452 -0.00134651 -0.0180648 0.0891969 
0.0104408 -0.0188592 -0.000447174 0.000545417 -0.0188592 0.0909932 0.000542029 -0.00132797 -0.000447174 0.000542029 0.00971926 -0.0180665 0.000545417 -0.00132797 -0.0180665 0.0892383 
0.010408 -0.0188392 -0.000402129 0.000520402 -0.0188392 0.0910095 0.000520402 -0.00127735 -0.000402129 0.000520402 0.00975585 -0.0180688 0.000520402 -0.00127735 -0.0180688 0.0892422 
0.0104174 -0.0187865 -0.000421827 0.000492694 -0.0187865 0.0909054 0.000489319 -0.00123173 -0.000421827 0.000489319 0.00974927 -0.0181217 0.000492694 -0.00123173 -0.0181217 0.0893396 
0.0104406 -0.0188134 -0.00042842 0.000495888 -0.0188134 0.0909161 0.000495888 -0.00120093 -0.00042842 0.000495888 0.0097221 -0.0180948 0.000495888 -0.00120093 -0.0180948 0.0893239 
0.0104337 -0.0188271 -0.000437684 0.000535321 -0.0188271 0.0909339 0.000545421 -0.00128948 -0.000437684 0.000545421 0.00972332 -0.0180763 0.000535321 -0.00128948 -0.0180763 0.089301 
0.010406 -0.0187964 -0.000456552 0.000558007 -0.0187964 0.0908842 0.000558007 -0.00137642 -0.000456552 0.000558007 0.00971609 -0.0180896 0.000558007 -0.00137642 -0.0180896 0.0893218 
0.0104194 -0.0187847 -0.000482095 0.00056018 -0.0187847 0.0908646 0.000563575 -0.00138857 -0.000482095 0.000563575 0.00966226 -0.0180616 0.00056018 -0.00138857 -0.0180616 0.0892656 
0.0104798 -0.0188236 -0.000501782 0.0005662 -0.0188236 0.090931 0.000559419 -0.00137651 -0.000501782 0.000559419 0.00960505 -0.0179963 0.0005662 -0.00137651 -0.0179963 0.0891408 
0.0104995 -0.0188645 -0.000515814 0.000621013 -0.0188645 0.0910004 0.000617619 -0.00148296 -0.000515814 0.000617619 0.00958667 -0.0179415 0.000621013 -0.00148296 -0.0179415 0.0890084 
0.0104979 -0.0189227 -0.000466726 0.000618919 -0.0189227 0.0911772 0.000615537 -0.00151855 -0.000466726 0.000615537 0.00961184 -0.0178911 0.000618919 -0.00151855 -0.0178911 0.0888605 
0.0104817 -0.0189008 -0.000451624 0.000576326 -0.0189008 0.0911741 0.000576326 -0.00147283 -0.000451624 0.000576326 0.00965936 -0.0179537 0.000576326 -0.00147283 -0.0179537 0.0889227 
0.0104742 -0.0188805 -0.00044528 0.000549853 -0.0188805 0.0911271 0.000553226 -0.00140668 -0.00044528 0.000553226 0.00967134 -0.0179967 0.000549853 -0.00140668 -0.0179967 0.0890255 
0.0104632 -0.0188412 -0.000461112 0.000552657 -0.0188412 0.0909951 0.000559438 -0.00138673 -0.000461112 0.000559438 0.0096325 -0.0180275 0.000552657 -0.00138673 -0.0180275 0.0891269 
0.0104628 -0.0188955 -0.00045151 0.000536381 -0.0188955 0.09111 0.00054317 -0.00133756 -0.00045151 0.00054317 0.00963448 -0.0179518 0.000536381 -0.00133756 -0.0179518 0.0890154 
0.0104272 -0.0188743 -0.000438147 0.000543438 -0.0188743 0.0911311 0.000546834 -0.00134161 -0.000438147 0.000546834 0.00967319 -0.0179572 0.000543438 -0.00134161 -0.0179572 0.088954 
0.0103705 -0.0187899 -0.000441875 0.000554043 -0.0187899 0.0909616 0.000550644 -0.00136981 -0.000441875 0.000550644 0.00971445 -0.0180251 0.000554043 -0.00136981 -0.0180251 0.0890752 
0.0104138 -0.0187867 -0.0004325 0.000516972 -0.0187867 0.0909398 0.000513593 -0.00128398 -0.0004325 0.000513593 0.00970759 -0.0180332 0.000516972 -0.00128398 -0.0180332 0.0890983 
0.0104068 -0.0188039 -0.000412084 0.000503283 -0.0188039 0.0909085 0.000503283 -0.00122274 -0.000412084 0.000503283 0.00972789 -0.0180506 0.000503283 -0.00122274 -0.0180506 0.0891689 
0.0104169 -0.0187619 -0.000437428 0.000508637 -0.0187619 0.0908018 0.000508637 -0.00124786 -0.000437428 0.000508637 0.00968444 -0.0180803 0.000508637 -0.00124786 -0.0180803 0.0892352 
0.0103971 -0.0187359 -0.000464582 0.00055275 -0.0187359 0.090685 0.00055275 -0.00134288 -0.000464582 0.00055275 0.00965448 -0.018061 0.00055275 -0.00134288 -0.018061 0.0892607 
0.0104113 -0.0187478 -0.000473857 0.000582167 -0.0187478 0.0906894 0.000582167 -0.00142495 -0.000473857 0.000582167 0.00962944 -0.017993 0.000582167 -0.00142495 -0.017993 0.0891561 
0.0104198 -0.0188292 -0.000466254 0.000560856 -0.0188292 0.0908993 0.000560856 -0.00138863 -0.000466254 0.000560856 0.00961564 -0.0179069 0.000560856 -0.00138863 -0.0179069 0.0888856 
0.0103915 -0.0187995 -0.000456955 0.00056527 -0.0187995 0.0909036 0.00056527 -0.00139456 -0.000456955 0.00056527 0.00963329 -0.0179296 0.00056527 -0.00139456 -0.0179296 0.088832 
0.0103596 -0.0187921 -0.000399617 0.00053508 -0.0187921 0.0908992 0.000538466 -0.00133431 -0.000399617 0.000538466 0.00965853 -0.017932 0.00053508 -0.00133431 -0.017932 0.0888334 
0.010366 -0.0187569 -0.00036188 0.000456578 -0.0187569 0.0908488 0.000466724 -0.0011871 -0.00036188 0.000466724 0.00965916 -0.0179587 0.000456578 -0.0011871 -0.0179587 0.088894 
0.0103893 -0.0187257 -0.000395043 0.000455819 -0.0187257 0.0907452 0.000465949 -0.00115474 -0.000395043 0.000465949 0.00964649 -0.017993 0.000455819 -0.00115474 -0.017993 0.0890097 
0.0104033 -0.0187704 -0.000430807 0.000501486 -0.0187704 0.0907892 0.000508217 -0.0012352 -0.000430807 0.000508217 0.00963257 -0.0179458 0.000501486 -0.0012352 -0.0179458 0.0889481 
0.0104374 -0.0188155 -0.000474426 0.000531627 -0.0188155 0.0909284 0.000528262 -0.00129542 -0.000474426 0.000528262 0.00960966 -0.0179306 0.000531627 -0.00129542 -0.0179306 0.0888792 
0.0104709 -0.0188551 -0.000504867 0.000595743 -0.0188551 0.0910376 0.000589011 -0.00141026 -0.000504867 0.000589011 0.00958911 -0.0179059 0.000595743 -0.00141026 -0.0179059 0.088833 
0.0104897 -0.018874 -0.000512019 0.00060297 -0.018874 0.0911023 0.000599601 -0.00147205 -0.000512019 0.000599601 0.00958351 -0.0179106 0.00060297 -0.00147205 -0.0179106 0.0888454 
0.0104635 -0.0188992 -0.000486674 0.000618481 -0.0188992 0.0911635 0.000611722 -0.00150396 -0.000486674 0.000611722 0.00960167 -0.0178954 0.000618481 -0.00150396 -0.0178954 0.088818 
0.0104104 -0.0188362 -0.000467348 0.000609585 -0.0188362 0.091055 0.000606198 -0.00152735 -0.000467348 0.000606198 0.00964837 -0.0179489 0.000609585 -0.00152735 -0.0179489 0.088935 
0.010365 -0.0187725 -0.000445185 0.00057772 -0.0187725 0.0908856 0.000567525 -0.00146129 -0.000445185 0.000567525 0.00966152 -0.0179909 0.00057772 -0.00146129 -0.0179909 0.0890369 
0.0103959 -0.0187548 -0.000478716 0.000550014 -0.0187548 0.090844 0.000543224 -0.00139201 -0.000478716 0.000543224 0.00962524 -0.0179773 0.000550014 -0.00139201 -0.0179773 0.088997 
0.0104249 -0.0188 -0.000474319 0.000562407 -0.0188 0.0909032 0.000565795 -0.00136536 -0.000474319 0.000565795 0.00962529 -0.0179326 0.000562407 -0.00136536 -0.0179326 0.0889247 
0.0104263 -0.018808 -0.000463769 0.000555168 -0.018808 0.0909156 0.000555168 -0.00135068 -0.000463769 0.000555168 0.00963081 -0.0179482 0.000555168 -0.00135068 -0.0179482 0.0889251 
0.0104413 -0.0187889 -0.000487848 0.000575931 -0.0187889 0.0908583 0.000572544 -0.00140256 -0.000487848 0.000572544 0.00961806 -0.0179758 0.000575931 -0.00140256 -0.0179758 0.0889882 
0.0104214 -0.0188073 -0.000508856 0.000617412 -0.0188073 0.0908749 0.000620804 -0.00151639 -0.000508856 0.000620804 0.00961737 -0.0179524 0.000617412 -0.00151639 -0.0179524 0.0889751 
0.0104287 -0.018826 -0.000505328 0.000610463 -0.018826 0.0909455 0.000617246 -0.00151259 -0.000505328 0.000617246 0.00960462 -0.0179171 0.000610463 -0.00151259 -0.0179171 0.0888665 
0.0104454 -0.0188267 -0.000499973 0.000604697 -0.0188267 0.0909681 0.000611453 -0.00151343 -0.000499973 0.000611453 0.00959408 -0.0179011 0.000604697 -0.00151343 -0.0179011 0.0888128 
0.0104527 -0.0188515 -0.000501622 0.000579577 -0.0188515 0.0910206 0.000582966 -0.00144047 -0.000501622 0.000582966 0.0095681 -0.0178754 0.000579577 -0.00144047 -0.0178754 0.0887328 
0.0104665 -0.0188892 -0.000488074 0.00057281 -0.0188892 0.0911343 0.000579588 -0.00137949 -0.000488074 0.000579588 0.00954796 -0.0178351 0.00057281 -0.00137949 -0.0178351 0.0886092 
0.0104216 -0.0188721 -0.000457238 0.000585942 -0.0188721 0.0911157 0.000582555 -0.00141913 -0.000457238 0.000582555 0.00959523 -0.0178391 0.000585942 -0.00141913 -0.0178391 0.0886094 
0.0103511 -0.0187826 -0.000434122 0.00057996 -0.0187826 0.0909282 0.00057996 -0.00146516 -0.000434122 0.00057996 0.00965243 -0.0179245 0.00057996 -0.00146516 -0.0179245 0.0887678 
0.0103076 -0.0187106 -0.000399332 0.000525617 -0.0187106 0.0907406 0.000525617 -0.00135159 -0.000399332 0.000525617 0.00966589 -0.0179665 0.000525617 -0.00135159 -0.0179665 0.0888941 
0.0102861 -0.018657 -0.000378944 0.000474534 -0.018657 0.0905779 0.000474534 -0.00122559 -0.000378944 0.000474534 0.00966479 -0.0179811 0.000474534 -0.00122559 -0.0179811 0.0889632 
0.0103013 -0.0186457 -0.000410547 0.000465287 -0.0186457 0.0905188 0.000461865 -0.0011598 -0.000410547 0.000461865 0.0096239 -0.0179546 0.000465287 -0.0011598 -0.0179546 0.088921 
0.0103422 -0.0186868 -0.000436321 0.000480635 -0.0186868 0.0905911 0.000467 -0.00113853 -0.000436321 0.000467 0.00960588 -0.0178994 0.000480635 -0.00113853 -0.0178994 0.0887981 
0.010361 -0.0187204 -0.000464786 0.000536031 -0.0187204 0.0906571 0.000522461 -0.00124508 -0.000464786 0.000522461 0.00960106 -0.017879 0.000536031 -0.00124508 -0.017879 0.0887165 
0.0103586 -0.0187215 -0.000458196 0.000573593 -0.0187215 0.0906684 0.000560017 -0.00135422 -0.000458196 0.000560017 0.00961871 -0.017907 0.000573593 -0.00135422 -0.017907 0.0887678 
0.0103441 -0.0187256 -0.000419582 0.000561699 -0.0187256 0.0906839 0.000554931 -0.00139071 -0.000419582 0.000554931 0.00965716 -0.0179371 0.000561699 -0.00139071 -0.0179371 0.0888567 
0.010342 -0.0187061 -0.000394914 0.000509675 -0.0187061 0.0906547 0.000519801 -0.00132988 -0.000394914 0.000519801 0.00968046 -0.0179905 0.000509675 -0.00132988 -0.0179905 0.0889738 
0.0103503 -0.018719 -0.000398349 0.000489496 -0.018719 0.0906884 0.000496248 -0.00127269 -0.000398349 0.000496248 0.00969877 -0.0180135 0.000489496 -0.00127269 -0.0180135 0.0890512 
0.0103717 -0.0187158 -0.000426513 0.000487443 -0.0187158 0.0906949 0.000500983 -0.00123553 -0.000426513 0.000500983 0.00968116 -0.0180422 0.000487443 -0.00123553 -0.0180422 0.0891547 
0.0103804 -0.0187328 -0.00043746 0.000508675 -0.0187328 0.0907035 0.000518848 -0.00124456 -0.00043746 0.000518848 0.0096716 -0.0180376 0.000508675 -0.00124456 -0.0180376 0.0891944 
0.0103811 -0.0187515 -0.000464265 0.000518885 -0.0187515 0.0907365 0.000522298 -0.00126649 -0.000464265 0.000522298 0.00963009 -0.0180005 0.000518885 -0.00126649 -0.0180005 0.0891219 
0.0103529 -0.0187463 -0.000456644 0.000562286 -0.0187463 0.090753 0.000562286 -0.00133926 -0.000456644 0.000562286 0.00966109 -0.0179659 0.000562286 -0.00133926 -0.0179659 0.0890491 
0.0103553 -0.0187198 -0.000462049 0.000553779 -0.0187198 0.0907281 0.000557177 -0.00137935 -0.000462049 0.000557177 0.00967245 -0.0179825 0.000553779 -0.00137935 -0.0179825 0.0890056 
0.0103722 -0.0187233 -0.000479911 0.000564403 -0.0187233 0.0907032 0.000567782 -0.00139918 -0.000479911 0.000567782 0.00967596 -0.0179933 0.000564403 -0.00139918 -0.0179933 0.0890269 
0.0104288 -0.0188232 -0.000456218 0.000544083 -0.0188232 0.0909395 0.000540703 -0.0013281 -0.000456218 0.000540703 0.00963803 -0.0179311 0.000544083 -0.0013281 -0.0179311 0.0888646 
0.0104235 -0.0188324 -0.000462812 0.000558096 -0.0188324 0.0909867 0.0005615 -0.00137142 -0.000462812 0.0005615 0.00961355 -0.0179306 0.000558096 -0.00137142 -0.0179306 0.0888394 
0.0104146 -0.018811 -0.000462873 0.000571784 -0.018811 0.0909512 0.000571784 -0.00140564 -0.000462873 0.000571784 0.00959441 -0.0179091 0.000571784 -0.00140564 -0.0179091 0.0888206 
0.0103807 -0.018778 -0.000443039 0.000565727 -0.018778 0.0908536 0.000565727 -0.00141091 -0.000443039 0.000565727 0.00960031 -0.017909 0.000565727 -0.00141091 -0.017909 0.0888122 
0.0103725 -0.0187573 -0.000430773 0.000535922 -0.0187573 0.090815 0.00053253 -0.00134659 -0.000430773 0.00053253 0.00962285 -0.0179025 0.000535922 -0.00134659 -0.0179025 0.0887901 
0.0103662 -0.0187597 -0.000417637 0.000526291 -0.0187597 0.0908072 0.000526291 -0.00131742 -0.000417637 0.000526291 0.00961924 -0.0179007 0.000526291 -0.00131742 -0.0179007 0.088736 
0.0103124 -0.018715 -0.00041414 0.000513396 -0.018715 0.0906829 0.000516819 -0.00129376 -0.00041414 0.000516819 0.0096142 -0.0179107 0.000513396 -0.00129376 -0.0179107 0.0887594 
0.0102712 -0.0186717 -0.00037481 0.000477969 -0.0186717 0.0906146 0.000477969 -0.00120352 -0.00037481 0.000477969 0.00961783 -0.0178946 0.000477969 -0.00120352 -0.0178946 0.0887268 
0.0102103 -0.0185721 -0.000361458 0.000471617 -0.0185721 0.0903714 0.000475059 -0.00117732 -0.000361458 0.000475059 0.00964921 -0.0179318 0.000471617 -0.00117732 -0.0179318 0.0888223 
0.0102072 -0.018528 -0.000349843 0.00042873 -0.018528 0.0902219 0.00042873 -0.00109412 -0.000349843 0.00042873 0.00965499 -0.0179346 0.00042873 -0.00109412 -0.0179346 0.0888328 
0.0101988 -0.0185017 -0.000335398 0.000414114 -0.0185017 0.0900955 0.000414114 -0.00103015 -0.000335398 0.000414114 0.00967521 -0.0179643 0.000414114 -0.00103015 -0.0179643 0.0889147 
0.0102078 -0.0184809 -0.000386945 0.000434885 -0.0184809 0.0900076 0.000431461 -0.00107865 -0.000386945 0.000431461 0.00965993 -0.0180015 0.000434885 -0.00107865 -0.0180015 0.0890042 
0.0102154 -0.0185084 -0.00040094 0.000469477 -0.0185084 0.0900437 0.00046605 -0.00112743 -0.00040094 0.00046605 0.00966369 -0.0179772 0.000469477 -0.00112743 -0.0179772 0.0890122 
0.0102196 -0.0185691 -0.00039187 0.000470931 -0.0185691 0.0902057 0.000464056 -0.00113092 -0.00039187 0.000464056 0.00964206 -0.0179229 0.000470931 -0.00113092 -0.0179229 0.088841 
0.0102239 -0.0185718 -0.000408134 0.000487017 -0.0185718 0.090297 0.000487017 -0.00118325 -0.000408134 0.000487017 0.0096203 -0.0178893 0.000487017 -0.00118325 -0.0178893 0.0887022 
0.0102169 -0.0185482 -0.000414848 0.000507418 -0.0185482 0.0902449 0.000503989 -0.00123769 -0.000414848 0.000503989 0.00960665 -0.017883 0.000507418 -0.00123769 -0.017883 0.0886506 
0.0102071 -0.0185401 -0.000399409 0.000505235 -0.0185401 0.0902049 0.000508649 -0.00125626 -0.000399409 0.000508649 0.00961312 -0.017871 0.000505235 -0.00125626 -0.017871 0.0886209 
0.0101755 -0.0185241 -0.000392678 0.000484872 -0.0185241 0.0901725 0.000491701 -0.00122925 -0.000392678 0.000491701 0.00963256 -0.0178754 0.000484872 -0.00122925 -0.0178754 0.0885983 
0.0101479 -0.0185128 -0.000348395 0.00045428 -0.0185128 0.090166 0.000457696 -0.00114424 -0.000348395 0.000457696 0.00965601 -0.0178843 0.00045428 -0.00114424 -0.0178843 0.0886222 
0.0101512 -0.0185042 -0.00031392 0.000385576 -0.0185042 0.0901668 0.000382164 -0.000979295 -0.00031392 0.000382164 0.0096667 -0.0179003 0.000385576 -0.000979295 -0.0179003 0.0886518 
0.0101569 -0.0184942 -0.000308407 0.000370089 -0.0184942 0.0901406 0.000366662 -0.000911515 -0.000308407 0.000366662 0.00965657 -0.0179287 0.000370089 -0.000911515 -0.0179287 0.0887082 
0.0101531 -0.0184542 -0.000316102 0.00038482 -0.0184542 0.0900342 0.000377948 -0.000937999 -0.000316102 0.000377948 0.00965143 -0.0179526 0.00038482 -0.000937999 -0.0179526 0.0888282 
0.0101726 -0.0184563 -0.000350305 0.000418992 -0.0184563 0.0900043 0.000418992 -0.00103718 -0.000350305 0.000418992 0.00963338 -0.0179411 0.000418992 -0.00103718 -0.0179411 0.0888435 
0.010175 -0.0184599 -0.000365612 0.000441493 -0.0184599 0.0899715 0.000444943 -0.00108994 -0.000365612 0.000444943 0.00961628 -0.0179253 0.000441493 -0.00108994 -0.0179253 0.0888333 
0.0101882 -0.0184687 -0.000397436 0.000452731 -0.0184687 0.089976 0.000456187 -0.00114392 -0.000397436 0.000456187 0.00958338 -0.017895 0.000452731 -0.00114392 -0.017895 0.0887629 
0.0101674 -0.0184937 -0.000363368 0.000474109 -0.0184937 0.0900254 0.000487952 -0.0011697 -0.000363368 0.000487952 0.009586 -0.0178362 0.000474109 -0.0011697 -0.0178362 0.0886203 
0.0101353 -0.0184558 -0.000352593 0.000456297 -0.0184558 0.0899805 0.000466668 -0.00118914 -0.000352593 0.000466668 0.00960644 -0.017844 0.000456297 -0.00118914 -0.017844 0.0885597 
0.0101288 -0.0184445 -0.000345338 0.000400593 -0.0184445 0.0899745 0.000410953 -0.00105328 -0.000345338 0.000410953 0.00961077 -0.0178367 0.000400593 -0.00105328 -0.0178367 0.0884999 
0.0101507 -0.0184248 -0.000375313 0.000402859 -0.0184248 0.0899099 0.000402859 -0.00098821 -0.000375313 0.000402859 0.00959631 -0.0178567 0.000402859 -0.00098821 -0.0178567 0.088543 
0.0101185 -0.0184265 -0.000377323 0.000450019 -0.0184265 0.089841 0.000450019 -0.00105581 -0.000377323 0.000450019 0.00958886 -0.0178554 0.000450019 -0.00105581 -0.0178554 0.0885498 
0.0101073 -0.0183879 -0.000393656 0.000473078 -0.0183879 0.0897777 0.000466171 -0.00113608 -0.000393656 0.000466171 0.00960659 -0.0178699 0.000473078 -0.00113608 -0.0178699 0.0886106 
0.0101171 -0.0183951 -0.000409085 0.000495027 -0.0183951 0.0897959 0.000495027 -0.00121694 -0.000409085 0.000495027 0.00961522 -0.0178554 0.000495027 -0.00121694 -0.0178554 0.0885858 
0.0101252 -0.0184322 -0.000408994 0.000494917 -0.0184322 0.0898893 0.000488043 -0.00122011 -0.000408994 0.000488043 0.00961307 -0.0178411 0.000494917 -0.00122011 -0.0178411 0.0885214 
0.0101302 -0.0184542 -0.000418945 0.000487624 -0.0184542 0.0899804 0.000480756 -0.00119502 -0.000418945 0.000480756 0.00960482 -0.0178326 0.000487624 -0.00119502 -0.0178326 0.088466 
0.0101488 -0.0184745 -0.000429159 0.000487525 -0.0184745 0.0900548 0.000487525 -0.00117418 -0.000429159 0.000487525 0.00959257 -0.0178256 0.000487525 -0.00117418 -0.0178256 0.0884378 
0.0101256 -0.0184523 -0.000412727 0.000519348 -0.0184523 0.0899952 0.000519348 -0.00123818 -0.000412727 0.000519348 0.00962342 -0.0178573 0.000519348 -0.00123818 -0.0178573 0.0885334 
0.0101405 -0.0184392 -0.000422666 0.000498265 -0.0184392 0.0899866 0.000498265 -0.00125082 -0.000422666 0.000498265 0.00961479 -0.0178757 0.000498265 -0.00125082 -0.0178757 0.088588 
0.0101967 -0.0185178 -0.000429695 0.000494491 -0.0185178 0.090161 0.000501311 -0.00122429 -0.000429695 0.000501311 0.00959312 -0.0178187 0.000494491 -0.00122429 -0.0178187 0.0884559 
0.0102096 -0.0185491 -0.000432641 0.000497367 -0.0185491 0.0902516 0.00050418 -0.00122298 -0.000432641 0.00050418 0.00959645 -0.0178234 0.000497367 -0.00122298 -0.0178234 0.0884529 
0.0102141 -0.0185882 -0.000402829 0.000477933 -0.0185882 0.0903635 0.000495002 -0.00118118 -0.000402829 0.000495002 0.00959621 -0.0178167 0.000477933 -0.00118118 -0.0178167 0.0884347 
0.0101891 -0.0185622 -0.000384495 0.000477186 -0.0185622 0.0903255 0.000484052 -0.00118782 -0.000384495 0.000484052 0.00959522 -0.0178378 0.000477186 -0.00118782 -0.0178378 0.0884854 
0.0101888 -0.018559 -0.000387002 0.000441799 -0.018559 0.0903359 0.000452073 -0.00111306 -0.000387002 0.000452073 0.00960313 -0.0178227 0.000441799 -0.00111306 -0.0178227 0.0884899 
0.0101693 -0.0185289 -0.000373593 0.00044557 -0.0185289 0.0902485 0.000452425 -0.00110022 -0.000373593 0.000452425 0.00962774 -0.0178571 0.00044557 -0.00110022 -0.0178571 0.0885554 
0.0101203 -0.0184734 -0.000345168 0.000434912 -0.0184734 0.0900888 0.000428008 -0.00106312 -0.000345168 0.000428008 0.00963019 -0.0178901 0.000434912 -0.00106312 -0.0178901 0.0886357 
0.0101162 -0.0184309 -0.000336052 0.000408805 -0.0184309 0.0899649 0.000401876 -0.00100469 -0.000336052 0.000401876 0.00961039 -0.0178904 0.000408805 -0.00100469 -0.0178904 0.0886657 
0.0100983 -0.0183981 -0.000340899 0.00041047 -0.0183981 0.0898374 0.000389599 -0.000973998 -0.000340899 0.000389599 0.00959736 -0.0178624 0.00041047 -0.000973998 -0.0178624 0.0886268 
0.0100568 -0.0183769 -0.000325194 0.000422061 -0.0183769 0.0897675 0.000408223 -0.000999799 -0.000325194 0.000408223 0.00962783 -0.0178303 0.000422061 -0.000999799 -0.0178303 0.0885462 
0.0100462 -0.0183417 -0.000312975 0.000402396 -0.0183417 0.0896828 0.000392079 -0.00100083 -0.000312975 0.000392079 0.00966439 -0.0178705 0.000402396 -0.00100083 -0.0178705 0.0885719 
0.0100688 -0.0183251 -0.00032613 0.000381057 -0.0183251 0.0896136 0.000367325 -0.000954359 -0.00032613 0.000367325 0.00965344 -0.0179165 0.000381057 -0.000954359 -0.0179165 0.088649 
0.0100763 -0.0183196 -0.000339189 0.000400859 -0.0183196 0.0895698 0.000390581 -0.0009696 -0.000339189 0.000390581 0.00964461 -0.0179222 0.000400859 -0.0009696 -0.0179222 0.0887338 
0.0100823 -0.0183648 -0.000366815 0.000407953 -0.0183648 0.0896606 0.000411382 -0.00100103 -0.000366815 0.000411382 0.00963318 -0.0178951 0.000407953 -0.00100103 -0.0178951 0.0886904 
0.0100546 -0.0183632 -0.000363628 0.000442528 -0.0183632 0.089696 0.000445958 -0.00104972 -0.000363628 0.000445958 0.00966358 -0.0178967 0.000442528 -0.00104972 -0.0178967 0.0887011 
0.0100439 -0.0183692 -0.000305924 0.000409044 -0.0183692 0.0897629 0.00040217 -0.00100371 -0.000305924 0.00040217 0.00966582 -0.017888 0.000409044 -0.00100371 -0.017888 0.0886389 
0.0100405 -0.0183456 -0.000289232 0.000354654 -0.0183456 0.089755 0.000351211 -0.000905573 -0.000289232 0.000351211 0.00966518 -0.0179049 0.000354654 -0.000905573 -0.0179049 0.08866 
0.0100544 -0.0183355 -0.00027202 0.000320226 -0.0183355 0.0897046 0.000320226 -0.000788513 -0.00027202 0.000320226 0.00963777 -0.0178982 0.000320226 -0.000788513 -0.0178982 0.0886647 
0.0100568 -0.0183211 -0.000282127 0.000354379 -0.0183211 0.0896373 0.000350939 -0.000863585 -0.000282127 0.000350939 0.00963017 -0.0178979 0.000354379 -0.000863585 -0.0178979 0.0886877 
0.0100456 -0.0183552 -0.0002801 0.000366551 -0.0183552 0.0896909 0.000363093 -0.000916378 -0.0002801 0.000363093 0.00962024 -0.0178538 0.000366551 -0.000916378 -0.0178538 0.0885601 
0.00999046 -0.0183048 -0.000284549 0.000374772 -0.0183048 0.0895949 0.000378242 -0.000964692 -0.000284549 0.000378242 0.0096261 -0.0178503 0.000374772 -0.000964692 -0.0178503 0.088533 
0.00995308 -0.0182392 -0.000263934 0.000354227 -0.0182392 0.0894527 0.0003577 -0.000916823 -0.000263934 0.0003577 0.00964747 -0.0178607 0.000354227 -0.000916823 -0.0178607 0.0885533 
0.00996015 -0.0181997 -0.000290807 0.000332351 -0.0181997 0.0893367 0.000335813 -0.000875884 -0.000290807 0.000335813 0.00963473 -0.0178847 0.000332351 -0.000875884 -0.0178847 0.0885647 
0.0100014 -0.0182146 -0.000321068 0.000348687 -0.0182146 0.0893053 0.000352139 -0.000863087 -0.000321068 0.000352139 0.00960443 -0.0178555 0.000348687 -0.000863087 -0.0178555 0.0885458 
0.0100405 -0.0182798 -0.000329985 0.000374671 -0.0182798 0.0894467 0.000378108 -0.000897148 -0.000329985 0.000378108 0.00957301 -0.0177951 0.000374671 -0.000897148 -0.0177951 0.0883948 
0.0100513 -0.0183189 -0.000320237 0.000389105 -0.0183189 0.0895424 0.000395992 -0.00094005 -0.000320237 0.000395992 0.00956234 -0.0177852 0.000389105 -0.00094005 -0.0177852 0.088351 
0.0100414 -0.0183299 -0.000307109 0.000386475 -0.0183299 0.0896104 0.000379573 -0.000945483 -0.000307109 0.000379573 0.0095618 -0.0177709 0.000386475 -0.000945483 -0.0177709 0.0883233 
0.0100169 -0.0183337 -0.000288582 0.000361597 -0.0183337 0.0896656 0.000361597 -0.000897039 -0.000288582 0.000361597 0.00957189 -0.0177739 0.000361597 -0.000897039 -0.0177739 0.0882992 
0.0100036 -0.0183127 -0.000281253 0.000343754 -0.0183127 0.0896537 0.000340281 -0.00086112 -0.000281253 0.000340281 0.00958691 -0.0177641 0.000343754 -0.00086112 -0.0177641 0.0882648 
0.00997008 -0.018246 -0.000285257 0.000351353 -0.018246 0.0894838 0.000358311 -0.000890559 -0.000285257 0.000358311 0.00960134 -0.0178042 0.000351353 -0.000890559 -0.0178042 0.0883392 
0.00995376 -0.0181912 -0.000281415 0.0003509 -0.0181912 0.0892989 0.0003509 -0.000878988 -0.000281415 0.0003509 0.00959938 -0.0178334 0.0003509 -0.000878988 -0.0178334 0.0884269 
0.00995274 -0.0182351 -0.000243088 0.00032296 -0.0182351 0.0893802 0.00032296 -0.000819555 -0.000243088 0.00032296 0.00960894 -0.0177732 0.00032296 -0.000819555 -0.0177732 0.0883175 
0.00994959 -0.0182305 -0.000225026 0.000283878 -0.0182305 0.0894044 0.000280417 -0.000723544 -0.000225026 0.000280417 0.00962763 -0.0177943 0.000283878 -0.000723544 -0.0177943 0.0883001 
0.00994795 -0.0182153 -0.000184028 0.000256945 -0.0182153 0.0893684 0.000250001 -0.000625002 -0.000184028 0.000250001 0.00963545 -0.0178334 0.000256945 -0.000625002 -0.0178334 0.0883823 
0.00995813 -0.0182254 -0.000169426 0.000235122 -0.0182254 0.0893846 0.000231665 -0.000598179 -0.000169426 0.000231665 0.00965385 -0.0178486 0.000235122 -0.000598179 -0.0178486 0.088451 
0.00998714 -0.0181747 -0.000217187 0.000244766 -0.0181747 0.0892637 0.000241319 -0.00063777 -0.000217187 0.000241319 0.0096493 -0.01793 0.000244766 -0.00063777 -0.01793 0.0886742 
0.0100291 -0.0182445 -0.000258128 0.000289103 -0.0182445 0.0893397 0.000292545 -0.000712432 -0.000258128 0.000292545 0.00961955 -0.0179037 0.000289103 -0.000712432 -0.0179037 0.0886823 
0.010072 -0.0183389 -0.000288262 0.000329442 -0.0183389 0.0895979 0.000339737 -0.000820173 -0.000288262 0.000339737 0.00960872 -0.0178413 0.000329442 -0.000820173 -0.0178413 0.0885443 
0.0100501 -0.0183736 -0.000309551 0.000371461 -0.0183736 0.0897319 0.000381779 -0.000918334 -0.000309551 0.000381779 0.00963734 -0.0178473 0.000371461 -0.000918334 -0.0178473 0.0885109 
0.0100519 -0.0183615 -0.000315514 0.000377245 -0.0183615 0.0897842 0.000377245 -0.0009534 -0.000315514 0.000377245 0.00965403 -0.0178711 0.000377245 -0.0009534 -0.0178711 0.0885496 
0.0100541 -0.0183364 -0.000315908 0.000391451 -0.0183364 0.0897144 0.00038115 -0.000958025 -0.000315908 0.00038115 0.0096558 -0.017914 0.000391451 -0.000958025 -0.017914 0.08865 
