0.00749596 0 0.000381303 0 0 0.00998116 0 0 0.000381303 0 0.00728064 0 0 0 0 0.00998116 
0.010543 -0.0131073 0.000469576 -0.000575741 -0.0131073 0.0343158 -0.000575741 0.00110657 0.000469576 -0.000575741 0.0102857 -0.0127765 -0.000575741 0.00110657 -0.0127765 0.0336747 
0.0105463 -0.0198508 0.000422182 -0.000612578 -0.0198508 0.0727353 -0.000612578 0.00194535 0.000422182 -0.000612578 0.010389 -0.0193293 -0.000612578 0.00194535 -0.0193293 0.0709514 
0.00991215 -0.0194085 0.000351863 -0.000459822 -0.0194085 0.0868663 -0.000447826 0.00144344 0.000351863 -0.000447826 0.00985218 -0.0189766 -0.000459822 0.00144344 -0.0189766 0.0847191 
0.00984705 -0.0185885 0.000355779 -0.000405512 -0.0185885 0.089358 -0.000405512 0.00104821 0.000355779 -0.000405512 0.00978967 -0.0182825 -0.000405512 0.00104821 -0.0182825 0.0878545 
0.0100177 -0.0184846 0.000363811 -0.000437309 -0.0184846 0.089968 -0.000433634 0.00102161 0.000363811 -0.000433634 0.00986701 -0.0181134 -0.000437309 0.00102161 -0.0181134 0.0887075 
0.0101088 -0.0185613 0.000360517 -0.000442615 -0.0185613 0.0903506 -0.000439046 0.00104943 0.000360517 -0.000439046 0.00993029 -0.0181508 -0.000442615 0.00104943 -0.0181508 0.0891192 
0.0101628 -0.018603 0.000318889 -0.00042634 -0.018603 0.0905609 -0.00042634 0.00105372 0.000318889 -0.00042634 0.00997567 -0.018187 -0.00042634 0.00105372 -0.018187 0.0892957 
0.0101619 -0.0185715 0.000297171 -0.000368902 -0.0185715 0.0904868 -0.000375733 0.000946164 0.000297171 -0.000375733 0.010015 -0.0182606 -0.000368902 0.000946164 -0.0182606 0.0894621 
0.0101421 -0.0185121 0.000294218 -0.000328036 -0.0185121 0.0902945 -0.000331418 0.000831927 0.000294218 -0.000331418 0.0100812 -0.0183802 -0.000328036 0.000831927 -0.0183802 0.0897737 
0.0101592 -0.0185371 0.000291316 -0.000331497 -0.0185371 0.0902945 -0.000331497 0.000796933 0.000291316 -0.000331497 0.0101358 -0.0184433 -0.000331497 0.000796933 -0.0184433 0.0899797 
0.0101654 -0.0185438 0.00027339 -0.000333402 -0.0185438 0.0903187 -0.000326734 0.000776827 0.00027339 -0.000326734 0.0102154 -0.0185538 -0.000333402 0.000776827 -0.0185538 0.090292 
0.0102164 -0.0186497 0.000252832 -0.000312713 -0.0186497 0.0905903 -0.00030606 0.000741862 0.000252832 -0.00030606 0.0102264 -0.0185732 -0.000312713 0.000741862 -0.0185732 0.0903608 
0.0102026 -0.018745 0.000210881 -0.00028787 -0.018745 0.0908899 -0.000284523 0.000699591 0.000210881 -0.000284523 0.0101826 -0.0185107 -0.00028787 0.000699591 -0.0185107 0.0902037 
0.010169 -0.0187115 0.000215075 -0.000241959 -0.0187115 0.0909161 -0.000231877 0.000601537 0.000215075 -0.000231877 0.0101656 -0.0184998 -0.000241959 0.000601537 -0.0184998 0.0901634 
0.0101362 -0.0186625 0.000246894 -0.000253659 -0.0186625 0.0908132 -0.000250276 0.000595252 0.000246894 -0.000250276 0.0100956 -0.0184325 -0.000253659 0.000595252 -0.0184325 0.0899879 
0.0101114 -0.018576 0.000258047 -0.000295396 -0.018576 0.0905983 -0.000298791 0.000668885 0.000258047 -0.000298791 0.0100638 -0.0184028 -0.000295396 0.000668885 -0.0184028 0.0899531 
0.0101235 -0.0185523 0.000263825 -0.000324708 -0.0185523 0.090482 -0.000331473 0.000781329 0.000263825 -0.000331473 0.0100321 -0.0183595 -0.000324708 0.000781329 -0.0183595 0.0898596 
0.010134 -0.0185384 0.000278109 -0.000318808 -0.0185384 0.0903822 -0.000325591 0.000800412 0.000278109 -0.000325591 0.0100289 -0.018362 -0.000318808 0.000800412 -0.018362 0.0898734 
0.0101757 -0.0185412 0.000282098 -0.000332472 -0.0185412 0.0903687 -0.000342547 0.000829502 0.000282098 -0.000342547 0.0100615 -0.0183901 -0.000332472 0.000829502 -0.0183901 0.0899624 
0.0102075 -0.0186333 0.000265087 -0.00034562 -0.0186333 0.0905424 -0.000355687 0.000869084 0.000265087 -0.000355687 0.0100532 -0.0183615 -0.00034562 0.000869084 -0.0183615 0.0898713 
0.0102073 -0.018686 0.000292021 -0.000318873 -0.018686 0.0907211 -0.00032223 0.000825714 0.000292021 -0.00032223 0.0100361 -0.0183369 -0.000318873 0.000825714 -0.0183369 0.0897712 
0.0101929 -0.0186909 0.000293151 -0.000333586 -0.0186909 0.0907994 -0.000336956 0.000798585 0.000293151 -0.000336956 0.010011 -0.0183001 -0.000333586 0.000798585 -0.0183001 0.0896605 
0.0101685 -0.0186556 0.000248832 -0.000339621 -0.0186556 0.0907731 -0.000326171 0.000790208 0.000248832 -0.000326171 0.0100171 -0.0182958 -0.000339621 0.000790208 -0.0182958 0.0896365 
0.0101705 -0.0186152 0.000238871 -0.000296066 -0.0186152 0.0906635 -0.000289337 0.000743529 0.000238871 -0.000289337 0.0100259 -0.0183359 -0.000296066 0.000743529 -0.0183359 0.0897282 
0.0101619 -0.0186335 0.000222671 -0.000290146 -0.0186335 0.0906742 -0.000280025 0.000708497 0.000222671 -0.000280025 0.0100033 -0.0182961 -0.000290146 0.000708497 -0.0182961 0.0896451 
0.0101268 -0.0186026 0.000206808 -0.000254273 -0.0186026 0.0905956 -0.000254273 0.000640767 0.000206808 -0.000254273 0.0100048 -0.0182907 -0.000254273 0.000640767 -0.0182907 0.0896396 
0.0101018 -0.0185868 0.000244563 -0.000237769 -0.0185868 0.0905799 -0.000237769 0.000591027 0.000244563 -0.000237769 0.0099931 -0.0182573 -0.000237769 0.000591027 -0.0182573 0.0895473 
0.0100691 -0.0185266 0.000245838 -0.000283396 -0.0185266 0.0904376 -0.000279982 0.00064191 0.000245838 -0.000279982 0.00999399 -0.0182739 -0.000283396 0.00064191 -0.0182739 0.0895464 
0.0100504 -0.0184878 0.000252883 -0.000297308 -0.0184878 0.0903201 -0.000300725 0.000707388 0.000252883 -0.000300725 0.00997861 -0.0182485 -0.000297308 0.000707388 -0.0182485 0.0894999 
0.0100496 -0.0184276 0.000258204 -0.000285383 -0.0184276 0.0901573 -0.000292178 0.000696471 0.000258204 -0.000292178 0.0100088 -0.0182883 -0.000285383 0.000696471 -0.0182883 0.0895934 
0.0100747 -0.0184433 0.000277597 -0.000301295 -0.0184433 0.0901243 -0.00030468 0.000714305 0.000277597 -0.00030468 0.0100206 -0.0183079 -0.000301295 0.000714305 -0.0183079 0.0896605 
0.0100891 -0.0184656 0.000304602 -0.000335062 -0.0184656 0.0901282 -0.000335062 0.000798733 0.000304602 -0.000335062 0.0100248 -0.0183438 -0.000335062 0.000798733 -0.0183438 0.0897491 
0.010092 -0.0185246 0.000298619 -0.000363093 -0.0185246 0.0902779 -0.000363093 0.000875496 0.000298619 -0.000363093 0.0100173 -0.0183006 -0.000363093 0.000875496 -0.0183006 0.0896705 
0.0100935 -0.0185347 0.000281034 -0.000355525 -0.0185347 0.0903947 -0.000365683 0.000897277 0.000281034 -0.000365683 0.0100123 -0.018274 -0.000355525 0.000897277 -0.018274 0.0895855 
0.0100824 -0.0185065 0.000260607 -0.000321528 -0.0185065 0.090346 -0.000331682 0.000822435 0.000260607 -0.000331682 0.0100418 -0.0183237 -0.000321528 0.000822435 -0.0183237 0.0896657 
0.0100711 -0.0185118 0.000271733 -0.000295509 -0.0185118 0.0903443 -0.000302303 0.000747265 0.000271733 -0.000302303 0.0100371 -0.0183216 -0.000295509 0.000747265 -0.0183216 0.089682 
0.0100751 -0.0185185 0.000299124 -0.000305923 -0.0185185 0.0903798 -0.000312721 0.000744412 0.000299124 -0.000312721 0.0100071 -0.0182942 -0.000305923 0.000744412 -0.0182942 0.0896183 
0.010099 -0.0185318 0.000308185 -0.000345438 -0.0185318 0.0904134 -0.000352212 0.000795863 0.000308185 -0.000352212 0.0100042 -0.0182778 -0.000345438 0.000795863 -0.0182778 0.0895769 
0.0101145 -0.0185416 0.000328021 -0.000371982 -0.0185416 0.0904221 -0.000361837 0.000855559 0.000328021 -0.000361837 0.00999956 -0.0182846 -0.000371982 0.000855559 -0.0182846 0.0895801 
0.0101453 -0.0185572 0.000336607 -0.000397197 -0.0185572 0.0904565 -0.000387099 0.000922304 0.000336607 -0.000387099 0.00999724 -0.0182845 -0.000397197 0.000922304 -0.0182845 0.0895914 
0.0101705 -0.0186078 0.000327103 -0.000421524 -0.0186078 0.0905535 -0.000401291 0.000994797 0.000327103 -0.000401291 0.00996146 -0.0182604 -0.000421524 0.000994797 -0.0182604 0.0895418 
0.0101813 -0.0186268 0.000300542 -0.000405225 -0.0186268 0.090615 -0.000391717 0.00100293 0.000300542 -0.000391717 0.00994489 -0.0182419 -0.000405225 0.00100293 -0.0182419 0.0895074 
0.0101808 -0.018584 0.000269333 -0.000370333 -0.018584 0.0905397 -0.000360233 0.000946032 0.000269333 -0.000360233 0.00998216 -0.0182944 -0.000370333 0.000946032 -0.0182944 0.0896677 
0.0101798 -0.0186308 0.000254241 -0.000322038 -0.0186308 0.0905944 -0.000318648 0.000850859 0.000254241 -0.000318648 0.00995607 -0.018268 -0.000322038 0.000850859 -0.018268 0.0896114 
0.0101666 -0.0186511 0.000220423 -0.000291636 -0.0186511 0.0906988 -0.000295027 0.000749437 0.000220423 -0.000295027 0.00994615 -0.0182171 -0.000291636 0.000749437 -0.0182171 0.0894848 
0.0101597 -0.0186075 0.000199209 -0.000246479 -0.0186075 0.0906335 -0.000256609 0.000651651 0.000199209 -0.000256609 0.00999085 -0.0182597 -0.000246479 0.000651651 -0.0182597 0.089553 
0.0101431 -0.0185542 0.00018497 -0.000218601 -0.0185542 0.0904774 -0.000221964 0.000554911 0.00018497 -0.000221964 0.010059 -0.0183524 -0.000218601 0.000554911 -0.0183524 0.0897678 
0.0101596 -0.0186002 0.000207748 -0.00021445 -0.0186002 0.0905548 -0.000224502 0.000529423 0.000207748 -0.000224502 0.0100858 -0.0183723 -0.00021445 0.000529423 -0.0183723 0.0898311 
0.0101488 -0.0186438 0.00020547 -0.00024589 -0.0186438 0.0906727 -0.000249258 0.000579357 0.00020547 -0.000249258 0.010068 -0.0183676 -0.00024589 0.000579357 -0.0183676 0.0897936 
0.0101308 -0.0185973 0.00021562 -0.000242573 -0.0185973 0.0905976 -0.000235835 0.000576111 0.00021562 -0.000235835 0.0100735 -0.0184018 -0.000242573 0.000576111 -0.0184018 0.0899002 
0.0101296 -0.0185793 0.00018852 -0.000259215 -0.0185793 0.0905366 -0.000252482 0.000609323 0.00018852 -0.000252482 0.0100791 -0.0183941 -0.000259215 0.000609323 -0.0183941 0.0899273 
0.0101388 -0.0185665 0.000168084 -0.000228594 -0.0185665 0.0904794 -0.00022187 0.000568123 0.000168084 -0.00022187 0.0100514 -0.0183816 -0.000228594 0.000568123 -0.0183816 0.0899012 
0.0101476 -0.0185542 0.00016102 -0.000194566 -0.0185542 0.0904364 -0.000187857 0.000486416 0.00016102 -0.000187857 0.010047 -0.0183798 -0.000194566 0.000486416 -0.0183798 0.0899131 
0.0101468 -0.0185728 0.000168384 -0.000198693 -0.0185728 0.090429 -0.000205429 0.000484946 0.000168384 -0.000205429 0.0100121 -0.0183505 -0.000198693 0.000484946 -0.0183505 0.0898464 
0.0101318 -0.0185582 0.000175619 -0.000219523 -0.0185582 0.0903997 -0.000212769 0.000536988 0.000175619 -0.000212769 0.00999 -0.0183184 -0.000219523 0.000536988 -0.0183184 0.0897817 
0.0101045 -0.0185509 0.000162757 -0.000217009 -0.0185509 0.0903912 -0.0002204 0.000549305 0.000162757 -0.0002204 0.00996548 -0.0182695 -0.000217009 0.000549305 -0.0182695 0.0896419 
0.0100668 -0.0185338 0.000140149 -0.000198259 -0.0185338 0.0903789 -0.000201678 0.000526413 0.000140149 -0.000201678 0.00994032 -0.0182091 -0.000198259 0.000526413 -0.0182091 0.0894594 
0.0100538 -0.0185071 0.000129683 -0.00016381 -0.0185071 0.0903615 -0.00016381 0.000433413 0.000129683 -0.00016381 0.00992755 -0.0181658 -0.00016381 0.000433413 -0.0181658 0.0893002 
0.0100621 -0.0184857 0.000149875 -0.000160094 -0.0184857 0.0903133 -0.000160094 0.000412156 0.000149875 -0.000160094 0.009919 -0.0181519 -0.000160094 0.000412156 -0.0181519 0.0892165 
0.010085 -0.0184904 0.000190028 -0.000179848 -0.0184904 0.0902869 -0.000179848 0.000417382 0.000190028 -0.000179848 0.00989501 -0.0181341 -0.000179848 0.000417382 -0.0181341 0.0891501 
0.010089 -0.018474 0.000219326 -0.000215951 -0.018474 0.0902069 -0.000219326 0.000479142 0.000219326 -0.000219326 0.00991352 -0.0181703 -0.000215951 0.000479142 -0.0181703 0.089252 
0.0100914 -0.0184829 0.000209113 -0.000259705 -0.0184829 0.0902223 -0.000259705 0.000576748 0.000209113 -0.000259705 0.00993288 -0.0181962 -0.000259705 0.000576748 -0.0181962 0.0893453 
0.0100923 -0.018497 0.000185273 -0.000232434 -0.018497 0.0902449 -0.000232434 0.0005794 0.000185273 -0.000232434 0.00997443 -0.0182376 -0.000232434 0.0005794 -0.0182376 0.08946 
0.0101093 -0.0185203 0.000158379 -0.000229144 -0.0185203 0.0903234 -0.000225775 0.000582971 0.000158379 -0.000225775 0.00995431 -0.0182439 -0.000229144 0.000582971 -0.0182439 0.0894674 
0.0100977 -0.0185114 0.000118359 -0.000209665 -0.0185114 0.0903148 -0.000202901 0.000547834 0.000118359 -0.000202901 0.00995232 -0.018251 -0.000209665 0.000547834 -0.018251 0.0895303 
0.0101072 -0.0185366 0.00012153 -0.000165415 -0.0185366 0.0903809 -0.000168791 0.000496246 0.00012153 -0.000168791 0.00993842 -0.0182193 -0.000165415 0.000496246 -0.0182193 0.089456 
0.0100962 -0.0185576 0.000108306 -0.000148921 -0.0185576 0.0904494 -0.00016246 0.000426457 0.000108306 -0.00016246 0.00991004 -0.0181582 -0.000148921 0.000426457 -0.0181582 0.089275 
0.0100856 -0.0185305 0.000118894 -0.000118894 -0.0185305 0.0904209 -0.000139276 0.000349889 0.000118894 -0.000139276 0.00986823 -0.0181263 -0.000118894 0.000349889 -0.0181263 0.0891708 
0.0100697 -0.0184895 0.000129799 -0.000140046 -0.0184895 0.0902924 -0.000146878 0.000351824 0.000129799 -0.000146878 0.00984424 -0.0181104 -0.000140046 0.000351824 -0.0181104 0.0891481 
0.010037 -0.0184445 0.000140353 -0.000160893 -0.0184445 0.0901513 -0.000164316 0.000386827 0.000140353 -0.000164316 0.00984185 -0.0180953 -0.000160893 0.000386827 -0.0180953 0.0891312 
0.010018 -0.0183955 0.000147576 -0.000178464 -0.0183955 0.0900074 -0.000175032 0.000425567 0.000147576 -0.000175032 0.00983609 -0.0180935 -0.000178464 0.000425567 -0.0180935 0.089122 
0.0100421 -0.0183979 0.000150494 -0.000198379 -0.0183979 0.0899887 -0.000184697 0.000482266 0.000150494 -0.000184697 0.00983001 -0.0180833 -0.000198379 0.000482266 -0.0180833 0.0890892 
0.0100852 -0.0184191 0.000149915 -0.000194208 -0.0184191 0.0900207 -0.000183987 0.00048041 0.000149915 -0.000183987 0.00981945 -0.018075 -0.000194208 0.00048041 -0.018075 0.0890633 
0.010082 -0.0184723 0.000140123 -0.000177717 -0.0184723 0.0901059 -0.000174299 0.000457963 0.000140123 -0.000174299 0.00982228 -0.0180554 -0.000177717 0.000457963 -0.0180554 0.0890191 
0.0100567 -0.0184401 0.000160497 -0.000167327 -0.0184401 0.0900833 -0.000163912 0.00041661 0.000160497 -0.000163912 0.00985521 -0.0180918 -0.000167327 0.00041661 -0.0180918 0.0890998 
0.010023 -0.0184212 0.000164536 -0.000191959 -0.0184212 0.0900253 -0.000191959 0.000445619 0.000164536 -0.000191959 0.0098756 -0.018123 -0.000191959 0.000445619 -0.018123 0.0891684 
0.0100196 -0.0183905 0.00018205 -0.000212964 -0.0183905 0.0899773 -0.000216399 0.00052554 0.00018205 -0.000216399 0.00986161 -0.0181226 -0.000212964 0.00052554 -0.0181226 0.0891701 
0.00999651 -0.0183401 0.000215604 -0.000225871 -0.0183401 0.0898385 -0.000232716 0.0005681 0.000215604 -0.000232716 0.00989384 -0.0181484 -0.000225871 0.0005681 -0.0181484 0.0892533 
0.0100159 -0.0183916 0.000215728 -0.00027394 -0.0183916 0.0899276 -0.00027394 0.000654031 0.000215728 -0.00027394 0.00985841 -0.0180937 -0.00027394 0.000654031 -0.0180937 0.0890955 
0.00999976 -0.0183894 0.000208971 -0.000263783 -0.0183894 0.0899533 -0.000260357 0.000661169 0.000208971 -0.000260357 0.00986273 -0.0180777 -0.000263783 0.000661169 -0.0180777 0.0890421 
0.0099685 -0.0183397 0.000185492 -0.000240453 -0.0183397 0.0898505 -0.000240453 0.000601133 0.000185492 -0.000240453 0.00988606 -0.0181233 -0.000240453 0.000601133 -0.0181233 0.0891222 
0.00995877 -0.0183277 0.000161735 -0.000223677 -0.0183277 0.0897941 -0.000216794 0.000560912 0.000161735 -0.000216794 0.0098693 -0.0181075 -0.000223677 0.000560912 -0.0181075 0.0890887 
0.00992412 -0.0182989 0.000138027 -0.000189787 -0.0182989 0.0897105 -0.000182885 0.000479643 0.000138027 -0.000182885 0.00987581 -0.0180988 -0.000189787 0.000479643 -0.0180988 0.0890859 
0.00990321 -0.0182455 0.000182627 -0.00017229 -0.0182455 0.0895906 -0.000168844 0.00043417 0.000182627 -0.000168844 0.00988253 -0.0181145 -0.00017229 0.00043417 -0.0181145 0.0891116 
0.00993928 -0.0182603 0.000188569 -0.000215997 -0.0182603 0.0896112 -0.00020914 0.000476564 0.000188569 -0.00020914 0.009857 -0.018082 -0.000215997 0.000476564 -0.018082 0.0890078 
0.00994724 -0.0182691 0.000204887 -0.00022196 -0.0182691 0.0896037 -0.000218546 0.000519046 0.000204887 -0.000218546 0.00986187 -0.0180812 -0.00022196 0.000519046 -0.0180812 0.089013 
0.00995662 -0.0182919 0.000218452 -0.000235518 -0.0182919 0.0896539 -0.000238931 0.000552956 0.000218452 -0.000238931 0.00984739 -0.0180735 -0.000235518 0.000552956 -0.0180735 0.0889883 
0.00996203 -0.0183288 0.000219096 -0.0002636 -0.0183288 0.0897473 -0.00027387 0.000619632 0.000219096 -0.00027387 0.00981825 -0.0180481 -0.0002636 0.000619632 -0.0180481 0.0889291 
0.00999188 -0.0183253 0.000208164 -0.000266177 -0.0183253 0.0897904 -0.000273002 0.000658618 0.000208164 -0.000273002 0.00981443 -0.0180557 -0.000266177 0.000658618 -0.0180557 0.0889543 
0.0100161 -0.0183885 0.000255775 -0.000252364 -0.0183885 0.0899235 -0.000255775 0.000651372 0.000255775 -0.000255775 0.00979105 -0.0179963 -0.000252364 0.000651372 -0.0179963 0.0888356 
0.010021 -0.0183894 0.000333919 -0.000316883 -0.0183894 0.0899572 -0.000313475 0.000735986 0.000333919 -0.000313475 0.00977907 -0.0180044 -0.000316883 0.000735986 -0.0180044 0.0888089 
0.00997366 -0.01834 0.000343446 -0.000412135 -0.01834 0.0898247 -0.000398397 0.000910131 0.000343446 -0.000398397 0.00978133 -0.0180309 -0.000412135 0.000910131 -0.0180309 0.088894 
0.00995483 -0.0183005 0.000317011 -0.000430721 -0.0183005 0.0897175 -0.000416938 0.00103028 0.000317011 -0.000416938 0.00976531 -0.0180214 -0.000430721 0.00103028 -0.0180214 0.0889008 
0.00996074 -0.0183154 0.000272283 -0.000382575 -0.0183154 0.0897466 -0.000382575 0.000992628 0.000272283 -0.000382575 0.00973327 -0.0179431 -0.000382575 0.000992628 -0.0179431 0.0887161 
0.00993722 -0.0182508 0.00021625 -0.000302064 -0.0182508 0.0895826 -0.000302064 0.000820378 0.00021625 -0.000302064 0.00977246 -0.0179865 -0.000302064 0.000820378 -0.0179865 0.0888102 
0.00991867 -0.0182244 0.000206782 -0.000244693 -0.0182244 0.089461 -0.000248139 0.000651365 0.000206782 -0.000248139 0.00978426 -0.0180142 -0.000244693 0.000651365 -0.0180142 0.0888785 
0.00991314 -0.0182113 0.00021991 -0.000233654 -0.0182113 0.0894347 -0.000237091 0.00056352 0.00021991 -0.000237091 0.00979287 -0.0180189 -0.000233654 0.00056352 -0.0180189 0.0889021 
0.00991173 -0.018227 0.000243759 -0.000250626 -0.018227 0.0894459 -0.000254059 0.000583649 0.000243759 -0.000254059 0.00980187 -0.0180142 -0.000250626 0.000583649 -0.0180142 0.088876 
0.00989289 -0.0182424 0.000257806 -0.000281868 -0.0182424 0.0895172 -0.000285306 0.00063936 0.000257806 -0.000285306 0.00980008 -0.0179949 -0.000281868 0.00063936 -0.0179949 0.0887988 
0.0098907 -0.018219 0.000240901 -0.000316613 -0.018219 0.0894947 -0.00030973 0.000733027 0.000240901 -0.00030973 0.0097909 -0.0180056 -0.000316613 0.000733027 -0.0180056 0.0887926 
0.00987156 -0.0181794 0.000185996 -0.000282438 -0.0181794 0.0893917 -0.000275549 0.000706095 0.000185996 -0.000275549 0.00980956 -0.0180313 -0.000282438 0.000706095 -0.0180313 0.088875 
0.00986234 -0.0181771 0.000172721 -0.000210719 -0.0181771 0.0893691 -0.000207265 0.000580341 0.000172721 -0.000207265 0.00979325 -0.0180148 -0.000210719 0.000580341 -0.0180148 0.088844 
0.00988051 -0.0181875 0.000190209 -0.000200584 -0.0181875 0.0893846 -0.000207501 0.000511836 0.000190209 -0.000207501 0.00975947 -0.0179731 -0.000200584 0.000511836 -0.0179731 0.0887344 
0.00987534 -0.0181695 0.000166438 -0.000214983 -0.0181695 0.0893185 -0.000221918 0.000502783 0.000166438 -0.000221918 0.00974011 -0.017958 -0.000214983 0.000502783 -0.017958 0.0887082 
0.00984838 -0.0181206 0.00018706 -0.000204381 -0.0181206 0.0891689 -0.000207845 0.000519612 0.00018706 -0.000207845 0.00975485 -0.0179855 -0.000204381 0.000519612 -0.0179855 0.0887982 
0.00985639 -0.0181283 0.000159141 -0.000211035 -0.0181283 0.0891711 -0.000211035 0.000501642 0.000159141 -0.000211035 0.00975952 -0.0179657 -0.000211035 0.000501642 -0.0179657 0.0887317 
0.0098636 -0.0181501 0.000162549 -0.000190217 -0.0181501 0.0892289 -0.000186758 0.000470354 0.000162549 -0.000186758 0.00974255 -0.0179357 -0.000190217 0.000470354 -0.0179357 0.0886306 
0.00986579 -0.0181496 0.000169622 -0.000183469 -0.0181496 0.0892387 -0.000176546 0.000429248 0.000169622 -0.000176546 0.00973079 -0.0179315 -0.000183469 0.000429248 -0.0179315 0.0886156 
0.00987705 -0.0181765 0.000152221 -0.000190276 -0.0181765 0.0893293 -0.000186816 0.000432445 0.000152221 -0.000186816 0.00972137 -0.0178929 -0.000190276 0.000432445 -0.0178929 0.0885129 
0.00987621 -0.0181657 0.000127903 -0.000179756 -0.0181657 0.0893111 -0.000172842 0.000432106 0.000127903 -0.000172842 0.00971374 -0.017903 -0.000179756 0.000432106 -0.017903 0.0884953 
0.00986571 -0.0181923 0.000135194 -0.000162926 -0.0181923 0.0893737 -0.000162926 0.000415982 0.000135194 -0.000162926 0.00969931 -0.0178491 -0.000162926 0.000415982 -0.0178491 0.0883858 
0.00984206 -0.0181363 0.000145757 -0.000176991 -0.0181363 0.0892622 -0.000180461 0.000447682 0.000145757 -0.000180461 0.00970325 -0.017876 -0.000176991 0.000447682 -0.017876 0.0884259 
0.00982086 -0.018073 0.000193924 -0.000186998 -0.018073 0.0890838 -0.000193924 0.00048481 0.000193924 -0.000193924 0.00973775 -0.0179345 -0.000186998 0.00048481 -0.0179345 0.088599 
0.00982964 -0.0180694 0.000193551 -0.000241939 -0.0180694 0.0890267 -0.000241939 0.000566829 0.000193551 -0.000241939 0.00973632 -0.0179484 -0.000241939 0.000566829 -0.0179484 0.0886569 
0.00981606 -0.0180382 0.000193624 -0.000231658 -0.0180382 0.0889012 -0.000224742 0.0005705 0.000193624 -0.000224742 0.00976074 -0.0179967 -0.000231658 0.0005705 -0.0179967 0.0888217 
0.00982603 -0.0180444 0.000197491 -0.000228674 -0.0180444 0.0889021 -0.000225209 0.000557825 0.000197491 -0.000225209 0.00975328 -0.0180063 -0.000228674 0.000557825 -0.0180063 0.0888743 
0.00983462 -0.0180603 0.000205033 -0.000222408 -0.0180603 0.0889321 -0.000218933 0.000524745 0.000205033 -0.000218933 0.00974774 -0.0179977 -0.000222408 0.000524745 -0.0179977 0.088873 
0.00984018 -0.0181153 0.000193895 -0.000231982 -0.0181153 0.0890913 -0.000225057 0.000526287 0.000193895 -0.000225057 0.00975708 -0.0179457 -0.000231982 0.000526287 -0.0179457 0.0887208 
0.00983761 -0.0181464 0.000203157 -0.000220374 -0.0181464 0.0892341 -0.000213487 0.0005165 0.000203157 -0.000213487 0.00977908 -0.0179191 -0.000220374 0.0005165 -0.0179191 0.088597 
0.00985225 -0.0181574 0.000185244 -0.000240131 -0.0181574 0.0893117 -0.000240131 0.000555733 0.000185244 -0.000240131 0.00978364 -0.0179378 -0.000240131 0.000555733 -0.0179378 0.0885673 
0.00985761 -0.0181722 0.000144661 -0.000213547 -0.0181722 0.0893454 -0.000220436 0.000537312 0.000144661 -0.000220436 0.00976117 -0.0179448 -0.000213547 0.000537312 -0.0179448 0.088567 
0.00985338 -0.0181533 0.000121091 -0.000159149 -0.0181533 0.0893135 -0.000162608 0.00042555 0.000121091 -0.000162608 0.0097392 -0.0179457 -0.000159149 0.00042555 -0.0179457 0.0886181 
0.00987928 -0.0181258 0.000138365 -0.000138365 -0.0181258 0.0892421 -0.000141824 0.000352831 0.000138365 -0.000141824 0.00970286 -0.0179425 -0.000138365 0.000352831 -0.0179425 0.0886541 
0.00991355 -0.0181748 0.000162461 -0.00017283 -0.0181748 0.0892911 -0.000179744 0.000400966 0.000162461 -0.000179744 0.00968196 -0.0178879 -0.00017283 0.000400966 -0.0178879 0.0885859 
0.00992653 -0.0182078 0.000169006 -0.00019315 -0.0182078 0.0893733 -0.000203497 0.000458731 0.000169006 -0.000203497 0.0096713 -0.0178664 -0.00019315 0.000458731 -0.0178664 0.0884903 
0.00994022 -0.018241 0.000144962 -0.000210539 -0.018241 0.0894654 -0.000207088 0.000507365 0.000144962 -0.000207088 0.0096641 -0.0178441 -0.000210539 0.000507365 -0.0178441 0.0884127 
0.00993002 -0.0182148 0.000131067 -0.000182803 -0.0182148 0.0894288 -0.000182803 0.000479428 0.000131067 -0.000182803 0.00967823 -0.0178699 -0.000182803 0.000479428 -0.0178699 0.0884699 
0.00992066 -0.0182069 0.000141674 -0.00018314 -0.0182069 0.0894 -0.000179685 0.000483766 0.000141674 -0.000179685 0.00968569 -0.0178855 -0.00018314 0.000483766 -0.0178855 0.0885119 
0.0099114 -0.0182085 0.000177051 -0.000177051 -0.0182085 0.0894109 -0.000177051 0.000458251 0.000177051 -0.000177051 0.00967534 -0.0178683 -0.000177051 0.000458251 -0.0178683 0.0884771 
0.00990243 -0.0181776 0.000194301 -0.000190832 -0.0181776 0.089344 -0.000187362 0.000437178 0.000194301 -0.000187362 0.00968731 -0.0178931 -0.000190832 0.000437178 -0.0178931 0.0885425 
0.00988582 -0.0181874 0.000148737 -0.000214458 -0.0181874 0.0893321 -0.00020754 0.000460047 0.000148737 -0.00020754 0.0097267 -0.0178969 -0.000214458 0.000460047 -0.0178969 0.0885504 
0.00990996 -0.0182418 9.64809e-05 -0.000182624 -0.0182418 0.0895032 -0.000179179 0.000468621 9.64809e-05 -0.000179179 0.00970666 -0.0178421 -0.000182624 0.000468621 -0.0178421 0.0883592 
0.00991638 -0.0182399 6.21934e-05 -0.000131297 -0.0182399 0.0895273 -0.000131297 0.000393891 6.21934e-05 -0.000131297 0.00968489 -0.0178529 -0.000131297 0.000393891 -0.0178529 0.0883284 
0.00988752 -0.0181751 3.47052e-05 -6.59399e-05 -0.0181751 0.089366 -7.2881e-05 0.000246407 3.47052e-05 -7.2881e-05 0.0096897 -0.0178905 -6.59399e-05 0.000246407 -0.0178905 0.088474 
0.00987676 -0.018167 2.7773e-05 -3.81878e-05 -0.018167 0.0893005 -4.51311e-05 0.000138865 2.7773e-05 -4.51311e-05 0.00969623 -0.0178823 -3.81878e-05 0.000138865 -0.0178823 0.0885055 
0.00987917 -0.0181251 3.4603e-05 -2.42221e-05 -0.0181251 0.0891928 -3.4603e-05 7.9587e-05 3.4603e-05 -3.4603e-05 0.00971307 -0.0179278 -2.42221e-05 7.9587e-05 -0.0179278 0.0886149 
0.00986696 -0.0181213 7.64611e-05 -3.4755e-05 -0.0181213 0.0891293 -4.17061e-05 7.29856e-05 7.64611e-05 -4.17061e-05 0.00971056 -0.0179371 -3.4755e-05 7.29856e-05 -0.0179371 0.0886601 
0.00987274 -0.0181064 8.35198e-05 -8.00398e-05 -0.0181064 0.0890878 -9.04798e-05 0.00014616 8.35198e-05 -9.04798e-05 0.00972658 -0.0179602 -8.00398e-05 0.00014616 -0.0179602 0.0887572 
0.00990178 -0.0181672 9.38063e-05 -0.000104229 -0.0181672 0.0892446 -0.000111178 0.000229304 9.38063e-05 -0.000111178 0.00970722 -0.0179031 -0.000104229 0.000229304 -0.0179031 0.0886123 
0.00992438 -0.0182427 7.97835e-05 -0.000124879 -0.0182427 0.089472 -0.00012141 0.000294852 7.97835e-05 -0.00012141 0.0096989 -0.0178507 -0.000124879 0.000294852 -0.0178507 0.0884175 
0.00994575 -0.0182737 3.81063e-05 -0.000117783 -0.0182737 0.0895984 -0.000103926 0.000290994 3.81063e-05 -0.000103926 0.00969633 -0.0178372 -0.000117783 0.000290994 -0.0178372 0.0883305 
0.00993407 -0.0182562 2.76138e-05 -6.21311e-05 -0.0182562 0.0895827 -5.17759e-05 0.000203652 2.76138e-05 -5.17759e-05 0.00971661 -0.017873 -6.21311e-05 0.000203652 -0.017873 0.0884091 
0.00994015 -0.0182248 2.05658e-05 -4.11317e-05 -0.0182248 0.0894785 -3.42764e-05 0.00011654 2.05658e-05 -3.42764e-05 0.00976192 -0.0179505 -4.11317e-05 0.00011654 -0.0179505 0.0886182 
0.00995183 -0.0182673 6.16213e-05 -4.79276e-05 -0.0182673 0.0895357 -4.10808e-05 0.000133513 6.16213e-05 -4.10808e-05 0.00976012 -0.0179523 -4.79276e-05 0.000133513 -0.0179523 0.0886456 
0.00995115 -0.0182923 0.000106191 -8.56381e-05 -0.0182923 0.0896323 -8.22126e-05 0.000178127 0.000106191 -8.22126e-05 0.0097559 -0.0179395 -8.56381e-05 0.000178127 -0.0179395 0.0886252 
0.00994198 -0.0182527 0.000123375 -0.000147365 -0.0182527 0.0895601 -0.000143938 0.000311865 0.000123375 -0.000143938 0.00975349 -0.0179785 -0.000147365 0.000311865 -0.0179785 0.088741 
0.00994705 -0.0182739 0.00011622 -0.000164075 -0.0182739 0.0895987 -0.000167493 0.000399933 0.00011622 -0.000167493 0.00976247 -0.0179662 -0.000164075 0.000399933 -0.0179662 0.0887407 
0.00993187 -0.0182921 0.000136661 -0.000150328 -0.0182921 0.0896636 -0.000150328 0.000392902 0.000136661 -0.000150328 0.00978496 -0.0179505 -0.000150328 0.000392902 -0.0179505 0.0886865 
0.00991353 -0.0183032 0.000150672 -0.000160945 -0.0183032 0.0897355 -0.000164369 0.000393802 0.000150672 -0.000164369 0.00977314 -0.0179334 -0.000160945 0.000393802 -0.0179334 0.0885883 
