0.00710225 0 0.000100547 0 0 0.00998611 0 0 0.000100547 0 0.00749986 0 0 0 0 0.00998611 
0.0100492 -0.0124775 0.000124526 -0.00014528 -0.0124775 0.0331156 -0.00014528 0.000278108 0.000124526 -0.00014528 0.0105432 -0.0130918 -0.00014528 0.000278108 -0.0130918 0.0342902 
0.0102321 -0.0190042 0.000116132 -0.000182494 -0.0190042 0.0699159 -0.000182494 0.000535039 0.000116132 -0.000182494 0.0105556 -0.0197425 -0.000182494 0.000535039 -0.0197425 0.0723547 
0.00976369 -0.0188209 0.000119069 -8.33485e-05 -0.0188209 0.0840749 -7.54106e-05 0.000178604 0.000119069 -7.54106e-05 0.00998992 -0.0193607 -8.33485e-05 0.000178604 -0.0193607 0.0864721 
0.00975737 -0.018256 0.000146982 -0.000105526 -0.018256 0.0877334 -7.53756e-05 0.000128138 0.000146982 -7.53756e-05 0.0100325 -0.0186781 -0.000105526 0.000128138 -0.0186781 0.0893653 
0.00986774 -0.0181795 0.000144741 -0.00012303 -0.0181795 0.0889182 -9.04634e-05 0.000184545 0.000144741 -9.04634e-05 0.0102441 -0.018668 -0.00012303 0.000184545 -0.018668 0.0902607 
0.00993202 -0.018218 0.000161098 -0.000129579 -0.018218 0.0893917 -0.000108566 0.00023114 0.000161098 -0.000108566 0.0103943 -0.0188484 -0.000129579 0.00023114 -0.0188484 0.0909607 
0.00995557 -0.0182668 0.000196491 -0.00014823 -0.0182668 0.0896001 -0.000144783 0.000286119 0.000196491 -0.000144783 0.0104382 -0.0189287 -0.00014823 0.000286119 -0.0189287 0.0913168 
0.00996706 -0.0182242 0.000197166 -0.00016997 -0.0182242 0.08952 -0.000176769 0.000333142 0.000197166 -0.000176769 0.0104362 -0.0189687 -0.00016997 0.000333142 -0.0189687 0.091478 
0.0100013 -0.0182677 0.000168428 -0.000175166 -0.0182677 0.0895803 -0.000181903 0.000360437 0.000168428 -0.000181903 0.0103988 -0.0189145 -0.000175166 0.000360437 -0.0189145 0.0913859 
0.010013 -0.0183247 0.000151305 -0.000131131 -0.0183247 0.0896938 -0.000134494 0.000289161 0.000151305 -0.000134494 0.0103661 -0.0188493 -0.000131131 0.000289161 -0.0188493 0.0912001 
0.009967 -0.0183144 0.000168703 -0.000111344 -0.0183144 0.0897064 -0.00010797 0.000209192 0.000168703 -0.00010797 0.0103381 -0.0188239 -0.000111344 0.000209192 -0.0188239 0.0910796 
0.00995232 -0.0182717 0.00016464 -0.00014448 -0.0182717 0.0896616 -0.00014448 0.00024192 0.00016464 -0.00014448 0.0103387 -0.018816 -0.00014448 0.00024192 -0.018816 0.0910493 
0.00996118 -0.0182448 0.000120782 -0.000144268 -0.0182448 0.0895768 -0.000137558 0.00026505 0.000120782 -0.000137558 0.0103235 -0.0188253 -0.000144268 0.00026505 -0.0188253 0.0910765 
0.00998716 -0.0182975 9.72557e-05 -0.000103963 -0.0182975 0.0896832 -0.000100609 0.000231402 9.72557e-05 -0.000100609 0.0103024 -0.0187704 -0.000103963 0.000231402 -0.0187704 0.0909844 
0.00998395 -0.0183459 0.000127612 -7.72387e-05 -0.0183459 0.0898219 -7.72387e-05 0.000171269 0.000127612 -7.72387e-05 0.0103198 -0.0187388 -7.72387e-05 0.000171269 -0.0187388 0.0908899 
0.00996495 -0.0182981 0.000134028 -9.717e-05 -0.0182981 0.089775 -9.38193e-05 0.000140729 0.000134028 -9.38193e-05 0.0103402 -0.0187907 -9.717e-05 0.000140729 -0.0187907 0.0909612 
0.00991333 -0.0182407 0.000114488 -6.7346e-05 -0.0182407 0.0896004 -7.40806e-05 8.08152e-05 0.000114488 -7.40806e-05 0.0103342 -0.0188299 -6.7346e-05 8.08152e-05 -0.0188299 0.0910719 
0.00990752 -0.0181756 5.38635e-05 -4.71306e-05 -0.0181756 0.0894303 -5.38635e-05 2.69318e-05 5.38635e-05 -5.38635e-05 0.0103014 -0.0188287 -4.71306e-05 2.69318e-05 -0.0188287 0.0911203 
0.00991675 -0.0181773 -3.37994e-06 -2.02797e-05 -0.0181773 0.0893758 -3.04195e-05 6.75989e-06 -3.37994e-06 -3.04195e-05 0.0102277 -0.0187688 -2.02797e-05 6.75989e-06 -0.0187688 0.0910151 
0.00992182 -0.0182177 -6.77488e-06 4.40367e-05 -0.0182177 0.089442 3.38744e-05 -0.000101623 -6.77488e-06 3.38744e-05 0.0101894 -0.0186614 4.40367e-05 -0.000101623 -0.0186614 0.0907665 
0.00994409 -0.0182658 2.70404e-05 2.36603e-05 -0.0182658 0.0896118 2.36603e-05 -9.46413e-05 2.70404e-05 2.36603e-05 0.0101638 -0.0185666 2.36603e-05 -9.46413e-05 -0.0185666 0.0904804 
0.00997888 -0.018326 7.05103e-05 -4.02916e-05 -0.018326 0.0897999 -3.69339e-05 3.02187e-05 7.05103e-05 -3.69339e-05 0.0101803 -0.0185207 -4.02916e-05 3.02187e-05 -0.0185207 0.0902834 
0.00994248 -0.0182862 9.42415e-05 -4.71208e-05 -0.0182862 0.089728 -4.3755e-05 6.73154e-05 9.42415e-05 -4.3755e-05 0.0102252 -0.0186093 -4.71208e-05 6.73154e-05 -0.0186093 0.0904247 
0.00991965 -0.0182227 0.000115227 -8.13364e-05 -0.0182227 0.0895818 -7.79473e-05 0.000115227 0.000115227 -7.79473e-05 0.0102179 -0.0186735 -8.13364e-05 0.000115227 -0.0186735 0.0906155 
0.00990072 -0.0181915 0.000135859 -8.83083e-05 -0.0181915 0.0894461 -8.49118e-05 0.000139255 0.000135859 -8.49118e-05 0.0102098 -0.018667 -8.83083e-05 0.000139255 -0.018667 0.0906858 
0.00991903 -0.0181956 0.000128687 -0.000111754 -0.0181956 0.089444 -0.000115141 0.00019303 0.000128687 -0.000115141 0.0102069 -0.0186325 -0.000111754 0.00019303 -0.0186325 0.0906462 
0.00989972 -0.0182003 0.00015246 -0.000121968 -0.0182003 0.0894362 -0.000125356 0.00023716 0.00015246 -0.000125356 0.0102317 -0.0186441 -0.000121968 0.00023716 -0.0186441 0.0906424 
0.00987749 -0.0181489 0.000152797 -0.000125633 -0.0181489 0.0893049 -0.000122238 0.000227498 0.000152797 -0.000122238 0.010251 -0.0187092 -0.000125633 0.000227498 -0.0187092 0.0907683 
0.00986917 -0.0181144 0.000152879 -0.000139289 -0.0181144 0.0891996 -0.000135892 0.000268387 0.000152879 -0.000135892 0.0102497 -0.0187259 -0.000139289 0.000268387 -0.0187259 0.0908575 
0.00989847 -0.0181347 0.000135968 -0.000149565 -0.0181347 0.0892324 -0.000139367 0.000292331 0.000135968 -0.000139367 0.0102214 -0.018699 -0.000149565 0.000292331 -0.018699 0.0908164 
0.00986899 -0.0181306 0.000108974 -8.85417e-05 -0.0181306 0.0891785 -9.19471e-05 0.000183894 0.000108974 -9.19471e-05 0.0102232 -0.0186891 -8.85417e-05 0.000183894 -0.0186891 0.0908097 
0.00989658 -0.0181482 9.79525e-05 -7.76864e-05 -0.0181482 0.0892448 -7.43088e-05 0.000131729 9.79525e-05 -7.43088e-05 0.0102377 -0.0186684 -7.76864e-05 0.000131729 -0.0186684 0.0907513 
0.00993499 -0.0181834 9.38844e-05 -7.37663e-05 -0.0181834 0.0893411 -7.71194e-05 0.000130768 9.38844e-05 -7.71194e-05 0.0102468 -0.0186696 -7.37663e-05 0.000130768 -0.0186696 0.0907292 
0.00994908 -0.0182322 8.69792e-05 -7.35978e-05 -0.0182322 0.0894581 -7.02524e-05 0.000117087 8.69792e-05 -7.02524e-05 0.0102569 -0.0186838 -7.35978e-05 0.000117087 -0.0186838 0.0907294 
0.00996252 -0.0182781 8.73906e-05 -7.7307e-05 -0.0182781 0.0896156 -7.39459e-05 0.000131086 8.73906e-05 -7.39459e-05 0.0102314 -0.018678 -7.7307e-05 0.000131086 -0.018678 0.0906879 
0.0099517 -0.0182823 0.000100896 -7.39904e-05 -0.0182823 0.0896662 -7.39904e-05 0.000144618 0.000100896 -7.39904e-05 0.0102208 -0.018659 -7.39904e-05 0.000144618 -0.018659 0.0906685 
0.00994093 -0.0182402 8.41026e-05 -8.07385e-05 -0.0182402 0.0895726 -7.73744e-05 0.000144656 8.41026e-05 -7.73744e-05 0.0102302 -0.018691 -8.07385e-05 0.000144656 -0.018691 0.0907568 
0.00994077 -0.0182326 7.40342e-05 -6.05734e-05 -0.0182326 0.0895343 -5.72082e-05 0.000107686 7.40342e-05 -5.72082e-05 0.0102268 -0.0186869 -6.05734e-05 0.000107686 -0.0186869 0.0907726 
0.00992156 -0.018203 6.39884e-05 -3.36781e-05 -0.018203 0.0894557 -3.36781e-05 4.04137e-05 6.39884e-05 -3.36781e-05 0.0102348 -0.0186981 -3.36781e-05 4.04137e-05 -0.0186981 0.0908029 
0.00990213 -0.0181748 4.07355e-05 -1.69731e-05 -0.0181748 0.0893636 -1.69731e-05 -2.03678e-05 4.07355e-05 -1.69731e-05 0.0102009 -0.018701 -1.69731e-05 -2.03678e-05 -0.018701 0.0908063 
0.00989404 -0.018172 3.06845e-05 6.81877e-06 -0.018172 0.0893498 0 -7.50065e-05 3.06845e-05 0 0.0101804 -0.0186527 6.81877e-06 -7.50065e-05 -0.0186527 0.090734 
0.00990435 -0.0181953 4.07587e-05 6.79311e-06 -0.0181953 0.0894143 -3.39655e-06 -7.47242e-05 4.07587e-05 -3.39655e-06 0.0101965 -0.0185995 6.79311e-06 -7.47242e-05 -0.0185995 0.0906133 
0.00990908 -0.018217 5.76701e-05 -2.03542e-05 -0.018217 0.0894769 -3.05312e-05 -6.78472e-06 5.76701e-05 -3.05312e-05 0.0102178 -0.0186037 -2.03542e-05 -6.78472e-06 -0.0186037 0.0905455 
0.00994488 -0.0182418 7.39896e-05 -4.70843e-05 -0.0182418 0.0895712 -5.38106e-05 6.0537e-05 7.39896e-05 -5.38106e-05 0.0102644 -0.0186353 -4.70843e-05 6.0537e-05 -0.0186353 0.0905835 
0.00995371 -0.0182351 4.34806e-05 -4.68252e-05 -0.0182351 0.0895265 -5.01699e-05 5.35146e-05 4.34806e-05 -5.01699e-05 0.0103149 -0.0187368 -4.68252e-05 5.35146e-05 -0.0187368 0.0908176 
0.00997496 -0.0182173 1.33534e-05 -3.33834e-06 -0.0182173 0.0894542 3.33834e-06 -3.00451e-05 1.33534e-05 3.33834e-06 0.0103221 -0.0188316 -3.33834e-06 -3.00451e-05 -0.0188316 0.0910933 
0.0099839 -0.018245 -2.33269e-05 4.66538e-05 -0.018245 0.0894686 5.6651e-05 -0.000156623 -2.33269e-05 5.6651e-05 0.0103171 -0.0188448 4.66538e-05 -0.000156623 -0.0188448 0.0912281 
0.0100175 -0.0183254 6.66498e-06 3.99899e-05 -0.0183254 0.0896906 5.66523e-05 -0.000163292 6.66498e-06 5.66523e-05 0.0103007 -0.0187952 3.99899e-05 -0.000163292 -0.0187952 0.0911402 
0.0100217 -0.0183804 6.02307e-05 1.00384e-05 -0.0183804 0.0898943 2.3423e-05 -0.000107077 6.02307e-05 2.3423e-05 0.0102994 -0.0187619 1.00384e-05 -0.000107077 -0.0187619 0.0910353 
0.0100103 -0.0183746 7.39016e-05 -4.031e-05 -0.0183746 0.0899517 -2.35142e-05 -1.00775e-05 7.39016e-05 -2.35142e-05 0.0102958 -0.0187576 -4.031e-05 -1.00775e-05 -0.0187576 0.0909763 
0.0100031 -0.0183458 7.42473e-05 -5.06232e-05 -0.0183458 0.0898966 -4.38734e-05 4.72483e-05 7.42473e-05 -4.38734e-05 0.0102563 -0.0187441 -5.06232e-05 4.72483e-05 -0.0187441 0.0909192 
0.00998967 -0.0183206 7.40225e-05 -5.04699e-05 -0.0183206 0.0898196 -4.71052e-05 7.06578e-05 7.40225e-05 -4.71052e-05 0.0102521 -0.0187109 -5.04699e-05 7.06578e-05 -0.0187109 0.0908525 
0.00995619 -0.0182789 8.77495e-05 -5.39997e-05 -0.0182789 0.0896935 -5.06247e-05 8.43745e-05 8.77495e-05 -5.06247e-05 0.0102363 -0.0187008 -5.39997e-05 8.43745e-05 -0.0187008 0.0907937 
0.00993369 -0.0182484 0.000104779 -6.42191e-05 -0.0182484 0.0895924 -6.08392e-05 9.12588e-05 0.000104779 -6.08392e-05 0.0102311 -0.018681 -6.42191e-05 9.12588e-05 -0.018681 0.0907518 
0.00992341 -0.0182274 0.000118823 -8.82684e-05 -0.0182274 0.0895314 -8.82684e-05 0.000149377 0.000118823 -8.82684e-05 0.0102154 -0.0186722 -8.82684e-05 0.000149377 -0.0186722 0.0907162 
0.00991451 -0.0181738 9.21486e-05 -0.0001058 -0.0181738 0.0893773 -0.0001058 0.000197949 9.21486e-05 -0.0001058 0.0101807 -0.0186823 -0.0001058 0.000197949 -0.0186823 0.0907322 
0.00994444 -0.0181704 2.39625e-05 -6.84643e-05 -0.0181704 0.0893185 -8.55804e-05 0.000178007 2.39625e-05 -8.55804e-05 0.0101259 -0.0186223 -6.84643e-05 0.000178007 -0.0186223 0.0906502 
0.00996557 -0.018218 -2.72469e-05 6.81173e-06 -0.018218 0.0893802 -6.81173e-06 3.74645e-05 -2.72469e-05 -6.81173e-06 0.010112 -0.0185381 6.81173e-06 3.74645e-05 -0.0185381 0.0904837 
0.00996317 -0.0182278 -2.04233e-05 7.48855e-05 -0.0182278 0.0894098 5.10583e-05 -0.000119136 -2.04233e-05 5.10583e-05 0.0101027 -0.0185171 7.48855e-05 -0.000119136 -0.0185171 0.0903595 
0.00992506 -0.0182193 2.39323e-05 8.20535e-05 -0.0182193 0.0894007 7.17968e-05 -0.000225647 2.39323e-05 7.17968e-05 0.0101063 -0.0185099 8.20535e-05 -0.000225647 -0.0185099 0.0902965 
0.00986713 -0.0181781 7.18231e-05 3.42015e-05 -0.0181781 0.0893411 3.07813e-05 -0.000201789 7.18231e-05 3.07813e-05 0.0101202 -0.0184996 3.42015e-05 -0.000201789 -0.0184996 0.0902303 
0.00985767 -0.0181309 6.13336e-05 -4.77039e-05 -0.0181309 0.0892472 -4.77039e-05 -1.70371e-05 6.13336e-05 -4.77039e-05 0.0101269 -0.0185091 -4.77039e-05 -1.70371e-05 -0.0185091 0.0902354 
0.00985557 -0.0181128 3.40082e-05 -4.08098e-05 -0.0181128 0.0891864 -3.40082e-05 3.7409e-05 3.40082e-05 -3.40082e-05 0.0101242 -0.0185174 -4.08098e-05 3.7409e-05 -0.0185174 0.0902407 
0.00986728 -0.0181087 -3.38733e-06 -6.77465e-06 -0.0181087 0.0891646 3.38733e-06 -6.77465e-06 -3.38733e-06 3.38733e-06 0.010145 -0.0185388 -6.77465e-06 -6.77465e-06 -0.0185388 0.0903163 
0.00987099 -0.0181476 6.77023e-06 2.36958e-05 -0.0181476 0.0892384 3.72363e-05 -7.78576e-05 6.77023e-06 3.72363e-05 0.0101655 -0.0185437 2.36958e-05 -7.78576e-05 -0.0185437 0.0903352 
0.00986752 -0.0181445 -1.68849e-05 3.37698e-05 -0.0181445 0.0892636 4.39007e-05 -0.000135079 -1.68849e-05 4.39007e-05 0.0101883 -0.0185767 3.37698e-05 -0.000135079 -0.0185767 0.0904354 
0.00985177 -0.018105 -2.70932e-05 6.7733e-05 -0.018105 0.0891603 7.45063e-05 -0.000213359 -2.70932e-05 7.45063e-05 0.0101837 -0.0186266 6.7733e-05 -0.000213359 -0.0186266 0.0905455 
0.0098699 -0.0180886 -3.72194e-05 7.10552e-05 -0.0180886 0.0891133 7.10552e-05 -0.000240234 -3.72194e-05 7.10552e-05 0.0101541 -0.01863 7.10552e-05 -0.000240234 -0.01863 0.0906224 
0.00988546 -0.0181177 -3.04272e-05 8.79008e-05 -0.0181177 0.0891314 8.11392e-05 -0.000260322 -3.04272e-05 8.11392e-05 0.0101356 -0.018591 8.79008e-05 -0.000260322 -0.018591 0.0905682 
0.00985579 -0.0181392 1.34965e-05 7.08564e-05 -0.0181392 0.0891846 6.07341e-05 -0.000232814 1.34965e-05 6.07341e-05 0.0101595 -0.0185644 7.08564e-05 -0.000232814 -0.0185644 0.0904904 
0.00985516 -0.0181549 5.06085e-05 -3.3739e-06 -0.0181549 0.0893071 -1.68695e-05 -7.75997e-05 5.06085e-05 -1.68695e-05 0.0101554 -0.0185396 -3.3739e-06 -7.75997e-05 -0.0185396 0.0903496 
0.00986417 -0.0181331 4.03855e-05 -4.3751e-05 -0.0181331 0.089279 -5.04819e-05 5.38474e-05 4.03855e-05 -5.04819e-05 0.0101502 -0.0185605 -4.3751e-05 5.38474e-05 -0.0185605 0.0903694 
0.00986773 -0.0181386 4.71657e-05 -1.34759e-05 -0.0181386 0.089261 -1.68449e-05 2.02139e-05 4.71657e-05 -1.68449e-05 0.0101339 -0.0185462 -1.34759e-05 2.02139e-05 -0.0185462 0.090356 
0.00987923 -0.0181531 7.45091e-05 -3.0481e-05 -0.0181531 0.0893025 -3.72545e-05 5.41884e-05 7.45091e-05 -3.72545e-05 0.0100892 -0.0185121 -3.0481e-05 5.41884e-05 -0.0185121 0.0902779 
0.00984969 -0.0181477 0.000101858 -5.77197e-05 -0.0181477 0.0892923 -6.11149e-05 8.14866e-05 0.000101858 -6.11149e-05 0.0100975 -0.0184771 -5.77197e-05 8.14866e-05 -0.0184771 0.0902158 
0.00981903 -0.0181107 0.00010861 -8.82457e-05 -0.0181107 0.08923 -9.16397e-05 0.000135763 0.00010861 -9.16397e-05 0.0101143 -0.0184841 -8.82457e-05 0.000135763 -0.0184841 0.0902041 
0.00976895 -0.0180232 8.16916e-05 -7.82877e-05 -0.0180232 0.0889893 -7.82877e-05 0.000139556 8.16916e-05 -7.82877e-05 0.0101195 -0.0185304 -7.82877e-05 0.000139556 -0.0185304 0.0902896 
0.00974659 -0.0179618 2.74069e-05 -5.82397e-05 -0.0179618 0.0888019 -5.48139e-05 0.000106202 2.74069e-05 -5.48139e-05 0.0100755 -0.0185168 -5.82397e-05 0.000106202 -0.0185168 0.090275 
0.00977244 -0.0179754 -1.0258e-05 -3.41933e-06 -0.0179754 0.0888034 -3.41933e-06 1.70966e-05 -1.0258e-05 -3.41933e-06 0.0100392 -0.0184404 -3.41933e-06 1.70966e-05 -0.0184404 0.0901438 
0.00979087 -0.0180563 -1.36506e-05 2.38885e-05 -0.0180563 0.0889949 2.73011e-05 -5.46023e-05 -1.36506e-05 2.73011e-05 0.0100434 -0.01836 2.38885e-05 -5.46023e-05 -0.01836 0.0899231 
0.00982918 -0.018111 2.7087e-05 1.01576e-05 -0.018111 0.0892042 1.35435e-05 -4.40163e-05 2.7087e-05 1.35435e-05 0.0100967 -0.0183717 1.01576e-05 -4.40163e-05 -0.0183717 0.089861 
0.00985128 -0.01809 3.38765e-05 -2.03259e-05 -0.01809 0.0891595 -1.69382e-05 3.38765e-06 3.38765e-05 -1.69382e-05 0.0101223 -0.0184898 -2.03259e-05 3.38765e-06 -0.0184898 0.0900945 
0.00983881 -0.0180797 1.35708e-05 -3.39269e-06 -0.0180797 0.0890854 1.35708e-05 -5.42831e-05 1.35708e-05 1.35708e-05 0.0101238 -0.0185411 -3.39269e-06 -5.42831e-05 -0.0185411 0.0903067 
0.00984961 -0.0180968 1.70468e-05 2.72748e-05 -0.0180968 0.089117 2.72748e-05 -0.000109099 1.70468e-05 2.72748e-05 0.0100849 -0.0185162 2.72748e-05 -0.000109099 -0.0185162 0.0903069 
0.00982154 -0.0180778 2.38718e-05 4.43333e-05 -0.0180778 0.0890555 4.77436e-05 -0.000190974 2.38718e-05 4.77436e-05 0.0100841 -0.0184938 4.43333e-05 -0.000190974 -0.0184938 0.0902832 
0.00984807 -0.0180588 -1.70205e-05 2.38287e-05 -0.0180588 0.089031 1.70205e-05 -0.000153185 -1.70205e-05 1.70205e-05 0.0100591 -0.0184843 2.38287e-05 -0.000153185 -0.0184843 0.0902462 
0.00988468 -0.0181259 -2.71651e-05 4.41432e-05 -0.0181259 0.0891489 3.7352e-05 -0.00013243 -2.71651e-05 3.7352e-05 0.0100477 -0.0184213 4.41432e-05 -0.00013243 -0.0184213 0.0901031 
0.00990303 -0.0181612 -3.03981e-05 6.07962e-05 -0.0181612 0.0892759 5.06635e-05 -0.000151991 -3.03981e-05 5.06635e-05 0.0100685 -0.0184213 6.07962e-05 -0.000151991 -0.0184213 0.0900561 
0.0099498 -0.0182508 1.67901e-05 2.35061e-05 -0.0182508 0.0895247 2.35061e-05 -9.06664e-05 1.67901e-05 2.35061e-05 0.0100976 -0.0184187 2.35061e-05 -9.06664e-05 -0.0184187 0.0900217 
0.00994195 -0.0182708 2.69978e-05 0 -0.0182708 0.0896261 6.74946e-06 -6.41199e-05 2.69978e-05 6.74946e-06 0.0101276 -0.01848 0 -6.41199e-05 -0.01848 0.0901188 
0.00990847 -0.0182507 4.08597e-05 -1.02149e-05 -0.0182507 0.0896087 -6.80995e-06 -2.72398e-05 4.08597e-05 -6.80995e-06 0.010123 -0.0185197 -1.02149e-05 -2.72398e-05 -0.0185197 0.0902284 
0.00990887 -0.0182084 4.44191e-05 -3.41685e-05 -0.0182084 0.0895284 -3.07517e-05 2.3918e-05 4.44191e-05 -3.07517e-05 0.010107 -0.0185228 -3.41685e-05 2.3918e-05 -0.0185228 0.0902869 
0.0099183 -0.0181728 5.09327e-05 -1.01865e-05 -0.0181728 0.0893938 -1.35821e-05 -1.35821e-05 5.09327e-05 -1.35821e-05 0.010122 -0.0185293 -1.01865e-05 -1.35821e-05 -0.0185293 0.0903615 
0.00989479 -0.0181235 6.09535e-05 -6.77261e-06 -0.0181235 0.0892055 -1.01589e-05 -3.72494e-05 6.09535e-05 -1.01589e-05 0.0101521 -0.0185807 -6.77261e-06 -3.72494e-05 -0.0185807 0.0904889 
0.00992074 -0.0181151 1.69585e-05 -3.05253e-05 -0.0181151 0.089134 -2.71336e-05 -6.78341e-06 1.69585e-05 -2.71336e-05 0.0101107 -0.0185967 -3.05253e-05 -6.78341e-06 -0.0185967 0.0905449 
0.00993449 -0.0181634 -1.69879e-05 2.3783e-05 -0.0181634 0.0891896 2.3783e-05 -8.15417e-05 -1.69879e-05 2.3783e-05 0.0100874 -0.0185473 2.3783e-05 -8.15417e-05 -0.0185473 0.0904977 
0.00999059 -0.0182739 -2.36184e-05 2.36184e-05 -0.0182739 0.0895171 3.03665e-05 -7.76033e-05 -2.36184e-05 3.03665e-05 0.0100851 -0.0184527 2.36184e-05 -7.76033e-05 -0.0184527 0.0902493 
0.00998735 -0.0183113 3.3741e-06 5.06116e-05 -0.0183113 0.0896803 5.06116e-05 -0.00013159 3.3741e-06 5.06116e-05 0.0101122 -0.0184698 5.06116e-05 -0.00013159 -0.0184698 0.0901763 
0.00997665 -0.0183142 4.05555e-05 2.02777e-05 -0.0183142 0.0897493 1.68981e-05 -9.12498e-05 4.05555e-05 1.68981e-05 0.0101456 -0.0185136 2.02777e-05 -9.12498e-05 -0.0185136 0.0902494 
0.00996765 -0.0182876 4.73683e-05 -6.76691e-06 -0.0182876 0.0897157 -1.69173e-05 -3.38345e-05 4.73683e-05 -1.69173e-05 0.0101571 -0.0185684 -6.76691e-06 -3.38345e-05 -0.0185684 0.0903788 
0.00995466 -0.0182349 3.39634e-06 -3.39634e-06 -0.0182349 0.089558 0 -4.41524e-05 3.39634e-06 0 0.0101381 -0.0186085 -3.39634e-06 -4.41524e-05 -0.0186085 0.0905259 
0.00998341 -0.0182742 -3.37848e-06 2.36494e-05 -0.0182742 0.0896176 2.70278e-05 -6.75696e-05 -3.37848e-06 2.70278e-05 0.0101456 -0.0185614 2.36494e-05 -6.75696e-05 -0.0185614 0.0904892 
0.00999946 -0.0183565 3.36569e-05 2.01941e-05 -0.0183565 0.0898235 2.69255e-05 -8.07765e-05 3.36569e-05 2.69255e-05 0.0101913 -0.0185315 2.01941e-05 -8.07765e-05 -0.0185315 0.0903788 
0.00996566 -0.0183305 8.42548e-05 -1.01106e-05 -0.0183305 0.089819 -1.34808e-05 -3.70721e-05 8.42548e-05 -1.34808e-05 0.0102386 -0.0186102 -1.01106e-05 -3.70721e-05 -0.0186102 0.0904627 
0.00995546 -0.0182729 7.72001e-05 -5.37044e-05 -0.0182729 0.0897099 -5.7061e-05 3.02087e-05 7.72001e-05 -5.7061e-05 0.0102743 -0.0186891 -5.37044e-05 3.02087e-05 -0.0186891 0.0906833 
0.00998834 -0.0182758 7.01757e-05 -5.68089e-05 -0.0182758 0.0896745 -6.34923e-05 9.69093e-05 7.01757e-05 -6.34923e-05 0.010269 -0.0187202 -5.68089e-05 9.69093e-05 -0.0187202 0.0907906 
0.0100073 -0.0182866 6.00436e-05 -4.67006e-05 -0.0182866 0.0896618 -5.33721e-05 9.6737e-05 6.00436e-05 -5.33721e-05 0.0102608 -0.0187436 -4.67006e-05 9.6737e-05 -0.0187436 0.0908894 
0.0100173 -0.0182741 3.32801e-05 -2.66241e-05 -0.0182741 0.0895933 -2.99521e-05 3.66081e-05 3.32801e-05 -2.99521e-05 0.0102603 -0.0187733 -2.66241e-05 3.66081e-05 -0.0187733 0.0910177 
0.00999486 -0.0182911 3.33718e-05 1.00115e-05 -0.0182911 0.0896067 1.33487e-05 -5.33949e-05 3.33718e-05 1.33487e-05 0.0102485 -0.0187516 1.00115e-05 -5.33949e-05 -0.0187516 0.0910083 
0.00996 -0.0182824 4.69811e-05 1.00674e-05 -0.0182824 0.0896098 2.01348e-05 -9.39623e-05 4.69811e-05 2.01348e-05 0.0102352 -0.018732 1.00674e-05 -9.39623e-05 -0.018732 0.0909555 
0.00992287 -0.0182318 5.0541e-05 -3.3694e-06 -0.0182318 0.0895316 -3.3694e-06 -8.08655e-05 5.0541e-05 -3.3694e-06 0.0102194 -0.0187103 -3.3694e-06 -8.08655e-05 -0.0187103 0.0908827 
0.00989851 -0.01818 3.38295e-05 -1.69147e-05 -0.01818 0.0894181 -1.69147e-05 -3.72124e-05 3.38295e-05 -1.69147e-05 0.0101861 -0.0186705 -1.69147e-05 -3.72124e-05 -0.0186705 0.0907848 
0.00987087 -0.0181834 4.42335e-05 -6.80515e-06 -0.0181834 0.0893925 -1.02077e-05 -2.04155e-05 4.42335e-05 -1.02077e-05 0.0101669 -0.0186087 -6.80515e-06 -2.04155e-05 -0.0186087 0.0906208 
0.00989254 -0.0181975 6.1191e-05 -4.0794e-05 -0.0181975 0.0894816 -4.0794e-05 3.73945e-05 6.1191e-05 -4.0794e-05 0.0101475 -0.0185477 -4.0794e-05 3.73945e-05 -0.0185477 0.0904199 
0.00990227 -0.0182016 5.42218e-05 -4.74441e-05 -0.0182016 0.0894864 -4.40553e-05 6.43884e-05 5.42218e-05 -4.40553e-05 0.0101666 -0.0185473 -4.74441e-05 6.43884e-05 -0.0185473 0.0903539 
0.00990961 -0.0181817 2.70109e-05 -2.36345e-05 -0.0181817 0.0894229 -2.02582e-05 2.36345e-05 2.70109e-05 -2.02582e-05 0.0102 -0.0186004 -2.36345e-05 2.36345e-05 -0.0186004 0.0904696 
0.00991055 -0.0181879 3.37438e-06 1.01231e-05 -0.0181879 0.089394 1.34975e-05 -5.73644e-05 3.37438e-06 1.34975e-05 0.0102176 -0.0186434 1.01231e-05 -5.73644e-05 -0.0186434 0.0905919 
0.0099355 -0.0182213 -6.74737e-06 2.69895e-05 -0.0182213 0.0894836 3.71105e-05 -0.000114705 -6.74737e-06 3.71105e-05 0.0102223 -0.0186497 2.69895e-05 -0.000114705 -0.0186497 0.090634 
0.00991168 -0.0182053 2.70811e-05 4.40068e-05 -0.0182053 0.0894523 4.73919e-05 -0.000148946 2.70811e-05 4.73919e-05 0.0102434 -0.0186927 4.40068e-05 -0.000148946 -0.0186927 0.0907589 
0.00988249 -0.0181546 4.40729e-05 2.37315e-05 -0.0181546 0.0893255 2.37315e-05 -0.00015256 4.40729e-05 2.37315e-05 0.010252 -0.018731 2.37315e-05 -0.00015256 -0.018731 0.0908749 
0.00987144 -0.0181367 5.4332e-05 -3.39575e-06 -0.0181367 0.089247 -3.39575e-06 -9.16852e-05 5.4332e-05 -3.39575e-06 0.010245 -0.0187275 -3.39575e-06 -9.16852e-05 -0.0187275 0.0908974 
0.00988681 -0.0181819 8.8427e-05 -4.76145e-05 -0.0181819 0.0893724 -5.10155e-05 3.40104e-05 8.8427e-05 -5.10155e-05 0.0102235 -0.0186547 -4.76145e-05 3.40104e-05 -0.0186547 0.0907227 
0.00990553 -0.0181913 0.000108665 -6.79159e-05 -0.0181913 0.089418 -8.1499e-05 0.000112061 0.000108665 -8.1499e-05 0.0102044 -0.0186259 -6.79159e-05 0.000112061 -0.0186259 0.0905896 
0.00995654 -0.0182328 0.000101632 -0.000101632 -0.0182328 0.0895275 -0.000108407 0.000186325 0.000101632 -0.000108407 0.0101869 -0.018602 -0.000101632 0.000186325 -0.018602 0.0905201 
0.00997684 -0.0182824 0.000111416 -9.45352e-05 -0.0182824 0.0896396 -9.45352e-05 0.000209328 0.000111416 -9.45352e-05 0.0102098 -0.0185964 -9.45352e-05 0.000209328 -0.0185964 0.0904972 
0.00994514 -0.018282 0.000154448 -0.000107442 -0.018282 0.0896506 -0.0001108 0.000214885 0.000154448 -0.0001108 0.0102843 -0.018658 -0.000107442 0.000214885 -0.018658 0.0906042 
0.0098971 -0.0182191 0.000194785 -0.000137693 -0.0182191 0.0895206 -0.00014441 0.000265311 0.000194785 -0.00014441 0.010337 -0.0187632 -0.000137693 0.000265311 -0.0187632 0.0908438 
0.00989601 -0.0181785 0.00019792 -0.000187856 -0.0181785 0.089423 -0.000201275 0.000382422 0.00019792 -0.000201275 0.0103455 -0.0188192 -0.000187856 0.000382422 -0.0188192 0.0910433 
0.00990245 -0.0182092 0.000207837 -0.000201133 -0.0182092 0.0894673 -0.000201133 0.000442493 0.000207837 -0.000201133 0.0103617 -0.0188193 -0.000201133 0.000442493 -0.0188193 0.0910965 
0.00987267 -0.0181621 0.000191604 -0.000178158 -0.0181621 0.0893549 -0.000178158 0.000376486 0.000191604 -0.000178158 0.0103567 -0.0188613 -0.000178158 0.000376486 -0.0188613 0.0911869 
0.00986302 -0.0181356 0.000171853 -0.000165114 -0.0181356 0.089276 -0.000161744 0.000336967 0.000171853 -0.000161744 0.0103415 -0.0188567 -0.000165114 0.000336967 -0.0188567 0.0912102 
0.00984648 -0.0181238 0.000166429 -0.000156239 -0.0181238 0.0892399 -0.000156239 0.000329461 0.000166429 -0.000156239 0.010288 -0.0188167 -0.000156239 0.000329461 -0.0188167 0.0911283 
0.00984771 -0.0181065 0.000136679 -0.000143513 -0.0181065 0.0891897 -0.000143513 0.000287025 0.000136679 -0.000143513 0.0102202 -0.0187455 -0.000143513 0.000287025 -0.0187455 0.0909768 
0.00987213 -0.01814 0.000136828 -0.000136828 -0.01814 0.0892631 -0.000133407 0.000301021 0.000136828 -0.000133407 0.0101732 -0.0186291 -0.000136828 0.000301021 -0.0186291 0.0907066 
0.00985262 -0.0181179 0.000147105 -0.000116316 -0.0181179 0.0892073 -0.000116316 0.000246316 0.000147105 -0.000116316 0.0101708 -0.0185866 -0.000116316 0.000246316 -0.0185866 0.0905449 
0.00982369 -0.0181221 0.000163785 -0.000136488 -0.0181221 0.0892083 -0.000129663 0.000252502 0.000163785 -0.000129663 0.010199 -0.0185691 -0.000136488 0.000252502 -0.0185691 0.0904401 
0.00979695 -0.0181097 0.000194033 -0.000156588 -0.0181097 0.0892142 -0.000159992 0.000309771 0.000194033 -0.000159992 0.0102429 -0.0185965 -0.000156588 0.000309771 -0.0185965 0.0904362 
0.00976474 -0.018046 0.000213381 -0.000193059 -0.018046 0.089085 -0.000196446 0.000389506 0.000213381 -0.000196446 0.0103067 -0.0186793 -0.000193059 0.000389506 -0.0186793 0.0906058 
0.00974767 -0.0179809 0.000205747 -0.000202374 -0.0179809 0.088886 -0.000199001 0.000408121 0.000205747 -0.000199001 0.0103211 -0.0187668 -0.000202374 0.000408121 -0.0187668 0.0908355 
0.0097497 -0.0179997 0.000219057 -0.000198836 -0.0179997 0.0888965 -0.000198836 0.000417893 0.000219057 -0.000198836 0.0103327 -0.0187782 -0.000198836 0.000417893 -0.0187782 0.0909354 
0.00980576 -0.0180746 0.000214774 -0.000234909 -0.0180746 0.0891143 -0.000228197 0.000483241 0.000214774 -0.000228197 0.0103427 -0.0187524 -0.000234909 0.000483241 -0.0187524 0.0908862 
0.00982537 -0.0180889 0.000195228 -0.000198594 -0.0180889 0.0891655 -0.000198594 0.000440947 0.000195228 -0.000198594 0.0103269 -0.0187924 -0.000198594 0.000440947 -0.0187924 0.0909528 
0.00984432 -0.0181099 0.000185933 -0.000185933 -0.0181099 0.0892209 -0.000179172 0.000405673 0.000185933 -0.000179172 0.0102973 -0.0187826 -0.000185933 0.000405673 -0.0187826 0.0909856 
0.00986663 -0.0181368 0.000169471 -0.000193197 -0.0181368 0.0892877 -0.000189808 0.000420289 0.000169471 -0.000189808 0.0102564 -0.0187435 -0.000193197 0.000420289 -0.0187435 0.0909282 
0.0098887 -0.0181535 0.000125173 -0.000172536 -0.0181535 0.0893298 -0.000175919 0.000399202 0.000125173 -0.000175919 0.0102507 -0.0187083 -0.000172536 0.000399202 -0.0187083 0.0908556 
0.00985371 -0.0181413 0.000107544 -0.000104183 -0.0181413 0.0892816 -0.000104183 0.000255417 0.000107544 -0.000104183 0.0103108 -0.0187328 -0.000104183 0.000255417 -0.0187328 0.0908947 
0.00982771 -0.0180928 9.11223e-05 -6.7498e-05 -0.0180928 0.0891716 -6.41231e-05 0.000131621 9.11223e-05 -6.41231e-05 0.0103103 -0.0187847 -6.7498e-05 0.000131621 -0.0187847 0.0909738 
0.00980631 -0.0180639 6.76297e-05 -3.38149e-05 -0.0180639 0.0890683 -2.70519e-05 3.38149e-06 6.76297e-05 -2.70519e-05 0.0102831 -0.0187875 -3.38149e-05 3.38149e-06 -0.0187875 0.0910093 
0.00982457 -0.0180853 6.7407e-05 -3.37035e-05 -0.0180853 0.0891289 -3.37035e-05 6.7407e-06 6.7407e-05 -3.37035e-05 0.010256 -0.0187223 -3.37035e-05 6.7407e-06 -0.0187223 0.0908815 
