0.00663364 0 -0.000372777 0 0 0.00998864 0 0 -0.000372777 0 0.00789569 0 0 0 0 0.00998864 
0.00952678 -0.011848 -0.000459319 0.000553644 -0.011848 0.0319022 0.000553644 -0.00106628 -0.000459319 0.000553644 0.0109868 -0.0136401 0.000553644 -0.00106628 -0.0136401 0.0353307 
0.00974462 -0.0183747 -0.000401883 0.000642184 -0.0183747 0.0680135 0.000642184 -0.00201356 -0.000401883 0.000642184 0.0109461 -0.0202847 0.000642184 -0.00201356 -0.0202847 0.0739754 
0.00924229 -0.0184323 -0.000377892 0.000470356 -0.0184323 0.083273 0.000466335 -0.00150755 -0.000377892 0.000466335 0.0103398 -0.0196826 0.000470356 -0.00150755 -0.0196826 0.0872489 
0.0091427 -0.0177783 -0.000414879 0.00039183 -0.0177783 0.0870592 0.000387988 -0.000964209 -0.000414879 0.000387988 0.0103681 -0.0189538 0.00039183 -0.000964209 -0.0189538 0.0897713 
0.00917262 -0.0175355 -0.000463784 0.000419614 -0.0175355 0.0877988 0.000415934 -0.000857633 -0.000463784 0.000415934 0.0106081 -0.0189379 0.000419614 -0.000857633 -0.0189379 0.0906441 
0.00923559 -0.0174557 -0.000475545 0.000500574 -0.0174557 0.0878293 0.000504149 -0.00104405 -0.000475545 0.000504149 0.010723 -0.019147 0.000500574 -0.00104405 -0.019147 0.0914084 
0.00925202 -0.0174435 -0.000460508 0.000512838 -0.0174435 0.0877198 0.000519816 -0.00115127 -0.000460508 0.000519816 0.0107905 -0.0192437 0.000512838 -0.00115127 -0.0192437 0.0918818 
0.00930872 -0.0174689 -0.000442293 0.000514294 -0.0174689 0.0877043 0.00052458 -0.00121716 -0.000442293 0.00052458 0.0107865 -0.019262 0.000514294 -0.00121716 -0.019262 0.0920038 
0.00936495 -0.0175487 -0.000471812 0.000515938 -0.0175487 0.0878181 0.000519332 -0.00124232 -0.000471812 0.000519332 0.0107668 -0.0192391 0.000515938 -0.00124232 -0.0192391 0.0919931 
0.0093991 -0.0176047 -0.000483479 0.000524051 -0.0176047 0.0879391 0.000530812 -0.00124082 -0.000483479 0.000530812 0.010765 -0.0192445 0.000524051 -0.00124082 -0.0192445 0.0920165 
0.00942275 -0.0176634 -0.000484945 0.000542195 -0.0176634 0.0881185 0.000542195 -0.00126288 -0.000484945 0.000542195 0.0107698 -0.0192462 0.000542195 -0.00126288 -0.0192462 0.0920216 
0.00942868 -0.0176838 -0.000502458 0.000526064 -0.0176838 0.0882067 0.000526064 -0.00122748 -0.000502458 0.000526064 0.0107607 -0.019262 0.000526064 -0.00122748 -0.019262 0.0920645 
0.00947894 -0.0176731 -0.000475465 0.000542906 -0.0176731 0.0882004 0.000536162 -0.00123418 -0.000475465 0.000536162 0.0106963 -0.0192715 0.000542906 -0.00123418 -0.0192715 0.0921255 
0.00950761 -0.0177327 -0.000455636 0.000519763 -0.0177327 0.0883023 0.000513013 -0.00121841 -0.000455636 0.000513013 0.0106484 -0.0191907 0.000519763 -0.00121841 -0.0191907 0.0920216 
0.00951437 -0.0178011 -0.000451941 0.000505904 -0.0178011 0.0884927 0.000495786 -0.00118044 -0.000451941 0.000495786 0.0106375 -0.0191198 0.000505904 -0.00118044 -0.0191198 0.0918249 
0.00951824 -0.0178097 -0.000423481 0.000494061 -0.0178097 0.0885882 0.000497422 -0.00115617 -0.000423481 0.000497422 0.010671 -0.0191205 0.000494061 -0.00115617 -0.0191205 0.0917811 
0.0095477 -0.017811 -0.000389018 0.00045609 -0.017811 0.0886222 0.000452736 -0.00107651 -0.000389018 0.000452736 0.0106644 -0.0191524 0.00045609 -0.00107651 -0.0191524 0.0918216 
0.00954892 -0.0178303 -0.000368436 0.000408998 -0.0178303 0.0886343 0.000405618 -0.000966722 -0.000368436 0.000405618 0.0106137 -0.0191418 0.000408998 -0.000966722 -0.0191418 0.0917981 
0.00957224 -0.0178486 -0.000348512 0.000392499 -0.0178486 0.0886879 0.000392499 -0.000906809 -0.000348512 0.000392499 0.0105603 -0.0190802 0.000392499 -0.000906809 -0.0190802 0.0917061 
0.00955101 -0.0178752 -0.000361627 0.000365007 -0.0178752 0.0887575 0.000368386 -0.000848303 -0.000361627 0.000368386 0.0105649 -0.019004 0.000365007 -0.000848303 -0.019004 0.0915051 
0.00955176 -0.0178636 -0.000370615 0.00039083 -0.0178636 0.088769 0.000397569 -0.000882737 -0.000370615 0.000397569 0.0105693 -0.0189923 0.00039083 -0.000882737 -0.0189923 0.0914038 
0.00956889 -0.0178345 -0.00038154 0.000428811 -0.0178345 0.0886929 0.000425434 -0.000985927 -0.00038154 0.000425434 0.0105447 -0.0190162 0.000428811 -0.000985927 -0.0190162 0.0914346 
0.00957125 -0.0178517 -0.000380828 0.000414529 -0.0178517 0.0886823 0.000414529 -0.000980716 -0.000380828 0.000414529 0.0105486 -0.0189942 0.000414529 -0.000980716 -0.0189942 0.0914358 
0.0095394 -0.0178654 -0.000413441 0.000426886 -0.0178654 0.0887184 0.000416803 -0.000988225 -0.000413441 0.000416803 0.0105982 -0.0189948 0.000426886 -0.000988225 -0.0189948 0.091431 
0.00947525 -0.0178175 -0.000418125 0.000434985 -0.0178175 0.0886695 0.000424869 -0.000964385 -0.000418125 0.000424869 0.0106689 -0.019082 0.000434985 -0.000964385 -0.019082 0.0915761 
0.00947722 -0.0177677 -0.000413515 0.000463944 -0.0177677 0.0885762 0.000453858 -0.00102874 -0.000413515 0.000453858 0.0107043 -0.0191629 0.000463944 -0.00102874 -0.0191629 0.0917835 
0.0094876 -0.0177301 -0.000389304 0.000439645 -0.0177301 0.0884357 0.000432932 -0.00101353 -0.000389304 0.000432932 0.0106991 -0.0192135 0.000439645 -0.00101353 -0.0192135 0.0919528 
0.00948825 -0.0177736 -0.000390851 0.000434654 -0.0177736 0.0884773 0.000424545 -0.00100408 -0.000390851 0.000424545 0.0106743 -0.0191787 0.000434654 -0.00100408 -0.0191787 0.0919141 
0.00947463 -0.0177708 -0.000396175 0.000419677 -0.0177708 0.0885149 0.000419677 -0.000973651 -0.000396175 0.000419677 0.0106732 -0.0191406 0.000419677 -0.000973651 -0.0191406 0.0918119 
0.00945817 -0.0177379 -0.00039395 0.000404051 -0.0177379 0.0884401 0.000400684 -0.000919217 -0.00039395 0.000400684 0.01064 -0.0191352 0.000404051 -0.000919217 -0.0191352 0.0917466 
0.00947129 -0.0177129 -0.000362456 0.000399718 -0.0177129 0.0883614 0.000406493 -0.00090106 -0.000362456 0.000406493 0.010562 -0.0190882 0.000399718 -0.00090106 -0.0190882 0.091654 
0.00950963 -0.0177447 -0.000339872 0.000380657 -0.0177447 0.0883906 0.000394252 -0.000893865 -0.000339872 0.000394252 0.0104817 -0.0189819 0.000380657 -0.000893865 -0.0189819 0.0914495 
0.00950661 -0.0177513 -0.00031632 0.000329925 -0.0177513 0.0883826 0.000353734 -0.000795902 -0.00031632 0.000353734 0.010459 -0.018918 0.000329925 -0.000795902 -0.018918 0.0912907 
0.00951223 -0.0177335 -0.000285367 0.000309147 -0.0177335 0.0883346 0.000336325 -0.0007338 -0.000285367 0.000336325 0.0104601 -0.0189157 0.000309147 -0.0007338 -0.0189157 0.0912664 
0.00950169 -0.0177525 -0.000281356 0.000298305 -0.0177525 0.0883458 0.000315254 -0.000711864 -0.000281356 0.000315254 0.0104678 -0.0188915 0.000298305 -0.000711864 -0.0188915 0.0911831 
0.00951018 -0.0177478 -0.00028429 0.000307981 -0.0177478 0.0883465 0.000311365 -0.000697187 -0.00028429 0.000311365 0.0104578 -0.0188951 0.000307981 -0.000697187 -0.0188951 0.0911657 
0.00953207 -0.0177787 -0.000289057 0.000329865 -0.0177787 0.0884241 0.000316262 -0.000751547 -0.000289057 0.000316262 0.0104196 -0.0188567 0.000329865 -0.000751547 -0.0188567 0.0910767 
0.00954016 -0.017819 -0.000312792 0.000356991 -0.017819 0.0885338 0.000353591 -0.000846579 -0.000312792 0.000353591 0.0103969 -0.0187947 0.000356991 -0.000846579 -0.0187947 0.0909273 
0.00953009 -0.0178095 -0.000331452 0.00034512 -0.0178095 0.0885454 0.000334869 -0.000806419 -0.000331452 0.000334869 0.0103707 -0.0187697 0.00034512 -0.000806419 -0.0187697 0.0908143 
0.00954135 -0.0178001 -0.000354773 0.000385475 -0.0178001 0.0885296 0.000378652 -0.000876699 -0.000354773 0.000378652 0.0103669 -0.0187518 0.000385475 -0.000876699 -0.0187518 0.0907776 
0.00951936 -0.0177533 -0.000344361 0.000388685 -0.0177533 0.0883848 0.000381865 -0.000889883 -0.000344361 0.000381865 0.0103854 -0.018783 0.000388685 -0.000889883 -0.018783 0.0908465 
0.00952526 -0.0177236 -0.000308031 0.0003825 -0.0177236 0.088283 0.0003825 -0.000897013 -0.000308031 0.0003825 0.0104121 -0.0188237 0.0003825 -0.000897013 -0.0188237 0.0909639 
0.00952288 -0.0177603 -0.000299483 0.000353322 -0.0177603 0.0883306 0.000353322 -0.000871529 -0.000299483 0.000353322 0.0104583 -0.0188371 0.000353322 -0.000871529 -0.0188371 0.0910327 
0.00949448 -0.0177644 -0.000295112 0.000332425 -0.0177644 0.0883641 0.000318857 -0.000783574 -0.000295112 0.000318857 0.0104748 -0.018894 0.000332425 -0.000783574 -0.018894 0.0911117 
0.00947654 -0.0177532 -0.000299977 0.000334065 -0.0177532 0.0883841 0.000323839 -0.000780621 -0.000299977 0.000323839 0.0104685 -0.0188951 0.000334065 -0.000780621 -0.0188951 0.0911555 
0.0094812 -0.0177131 -0.000297785 0.000325168 -0.0177131 0.0883087 0.000314899 -0.000746174 -0.000297785 0.000314899 0.0104362 -0.0188905 0.000325168 -0.000746174 -0.0188905 0.0911702 
0.0094594 -0.0177011 -0.000302701 0.000302701 -0.0177011 0.0882442 0.000299261 -0.000698276 -0.000302701 0.000299261 0.0104157 -0.01885 0.000302701 -0.000698276 -0.01885 0.0910923 
0.0094443 -0.0176763 -0.000326258 0.000346863 -0.0176763 0.0881788 0.000346863 -0.000783018 -0.000326258 0.000346863 0.0104162 -0.0188199 0.000346863 -0.000783018 -0.0188199 0.0909984 
0.00945418 -0.0176533 -0.000308624 0.000353203 -0.0176533 0.0880984 0.00036349 -0.000822997 -0.000308624 0.00036349 0.0103972 -0.0188123 0.000353203 -0.000822997 -0.0188123 0.0909549 
0.00945886 -0.0176531 -0.000281024 0.000315295 -0.0176531 0.0880462 0.000311868 -0.000740258 -0.000281024 0.000311868 0.0103945 -0.018808 0.000315295 -0.000740258 -0.018808 0.0909421 
0.00949211 -0.0176741 -0.000277067 0.000318114 -0.0176741 0.0881073 0.000311273 -0.000749107 -0.000277067 0.000311273 0.0103883 -0.0187961 0.000318114 -0.000749107 -0.0187961 0.0909122 
0.00953148 -0.0177179 -0.000266281 0.000286764 -0.0177179 0.0881935 0.000273108 -0.000658874 -0.000266281 0.000273108 0.0103713 -0.0187933 0.000286764 -0.000658874 -0.0187933 0.0909144 
0.00952241 -0.017766 -0.000307726 0.000311145 -0.017766 0.0883003 0.000311145 -0.000714608 -0.000307726 0.000311145 0.0103704 -0.0187644 0.000311145 -0.000714608 -0.0187644 0.0908373 
0.00951968 -0.0178101 -0.000341452 0.000382426 -0.0178101 0.0884873 0.000385841 -0.000867288 -0.000341452 0.000385841 0.0103836 -0.0187286 0.000382426 -0.000867288 -0.0187286 0.0907101 
0.00944896 -0.0177811 -0.000377959 0.000405199 -0.0177811 0.0884729 0.000405199 -0.000967029 -0.000377959 0.000405199 0.0104841 -0.0187788 0.000405199 -0.000967029 -0.0187788 0.0907816 
0.00938204 -0.0176639 -0.000380307 0.000397285 -0.0176639 0.0882414 0.000390494 -0.000926998 -0.000380307 0.000390494 0.0105739 -0.0189305 0.000397285 -0.000926998 -0.0189305 0.0911039 
0.00934944 -0.0176087 -0.000400739 0.000427908 -0.0176087 0.0880947 0.000427908 -0.000991659 -0.000400739 0.000427908 0.010623 -0.0190147 0.000427908 -0.000991659 -0.0190147 0.0913481 
0.00932215 -0.0175498 -0.000409165 0.000439853 -0.0175498 0.0879194 0.000439853 -0.0010195 -0.000409165 0.000439853 0.0106349 -0.019091 0.000439853 -0.0010195 -0.019091 0.0915712 
0.00931941 -0.0175272 -0.000422834 0.000463754 -0.0175272 0.0878234 0.000467164 -0.00107414 -0.000422834 0.000467164 0.0106186 -0.0190957 0.000463754 -0.00107414 -0.0190957 0.0916664 
0.00935939 -0.0175153 -0.000404565 0.000475959 -0.0175153 0.0877702 0.000489558 -0.0011389 -0.000404565 0.000489558 0.0105969 -0.0190996 0.000475959 -0.0011389 -0.0190996 0.0917071 
0.00940504 -0.0175667 -0.000381516 0.000456456 -0.0175667 0.0878406 0.000470082 -0.00112751 -0.000381516 0.000470082 0.0105496 -0.0190519 0.000456456 -0.00112751 -0.0190519 0.0916285 
0.0094475 -0.0176258 -0.000352924 0.000420794 -0.0176258 0.0879799 0.000427581 -0.00105538 -0.000352924 0.000427581 0.0105504 -0.0190274 0.000420794 -0.00105538 -0.0190274 0.091594 
0.00944764 -0.0176969 -0.000329292 0.00037003 -0.0176969 0.0881689 0.000373424 -0.000916587 -0.000329292 0.000373424 0.0105747 -0.0190073 0.00037003 -0.000916587 -0.0190073 0.0914992 
0.00942448 -0.0177105 -0.000330624 0.000388568 -0.0177105 0.088256 0.000381751 -0.000923701 -0.000330624 0.000381751 0.0105731 -0.0190057 0.000388568 -0.000923701 -0.0190057 0.0914532 
0.00938411 -0.0176793 -0.000337951 0.000389156 -0.0176793 0.0882496 0.000382328 -0.000918271 -0.000337951 0.000382328 0.0106062 -0.0190208 0.000389156 -0.000918271 -0.0190208 0.0914584 
0.00936747 -0.0176297 -0.000341132 0.000371833 -0.0176297 0.0881655 0.000368422 -0.000876708 -0.000341132 0.000368422 0.0106297 -0.0190624 0.000371833 -0.000876708 -0.0190624 0.0915427 
0.00940198 -0.0176368 -0.000339299 0.00039698 -0.0176368 0.0881669 0.000400373 -0.000926287 -0.000339299 0.000400373 0.0106336 -0.0190686 0.00039698 -0.000926287 -0.0190686 0.0915667 
0.00942657 -0.017649 -0.000342599 0.000396873 -0.017649 0.0881668 0.000407049 -0.00094978 -0.000342599 0.000407049 0.0106138 -0.0190872 0.000396873 -0.00094978 -0.0190872 0.0916029 
0.00943525 -0.0176817 -0.000340623 0.00038831 -0.0176817 0.0882076 0.000398529 -0.000943525 -0.000340623 0.000398529 0.0105866 -0.0190612 0.00038831 -0.000943525 -0.0190612 0.0915798 
0.00942609 -0.017696 -0.000342459 0.000356022 -0.017696 0.0882628 0.000362803 -0.000854452 -0.000342459 0.000362803 0.0106027 -0.0190251 0.000356022 -0.000854452 -0.0190251 0.0915077 
0.00941235 -0.0176773 -0.000345221 0.000358759 -0.0176773 0.0882378 0.000365528 -0.000829207 -0.000345221 0.000365528 0.0106206 -0.0190582 0.000358759 -0.000829207 -0.0190582 0.0915242 
0.00940765 -0.0176773 -0.000357936 0.000418718 -0.0176773 0.0882415 0.000422095 -0.000975883 -0.000357936 0.000422095 0.0106368 -0.0190618 0.000418718 -0.000975883 -0.0190618 0.0915304 
0.00937047 -0.0176518 -0.000343932 0.000401254 -0.0176518 0.088195 0.000401254 -0.000964359 -0.000343932 0.000401254 0.010672 -0.019095 0.000401254 -0.000964359 -0.019095 0.0916141 
0.00938475 -0.0176482 -0.00035357 0.000410815 -0.0176482 0.0882039 0.000407447 -0.000979894 -0.00035357 0.000407447 0.0106677 -0.0191197 0.000410815 -0.000979894 -0.0191197 0.0916588 
0.00940906 -0.0176606 -0.000348609 0.000423069 -0.0176606 0.0882218 0.0004163 -0.00101875 -0.000348609 0.0004163 0.0106241 -0.0191024 0.000423069 -0.00101875 -0.0191024 0.0916503 
0.00943656 -0.017671 -0.000332775 0.000397293 -0.017671 0.0882228 0.000387106 -0.000971161 -0.000332775 0.000387106 0.0105605 -0.0190633 0.000397293 -0.000971161 -0.0190633 0.0915947 
0.00949143 -0.0177114 -0.000333152 0.000390944 -0.0177114 0.0883057 0.000380745 -0.000945064 -0.000333152 0.000380745 0.0104875 -0.0189761 0.000390944 -0.000945064 -0.0189761 0.091423 
0.00948693 -0.0177888 -0.000341502 0.000382482 -0.0177888 0.0884593 0.000375652 -0.000922056 -0.000341502 0.000375652 0.0104602 -0.018868 0.000382482 -0.000922056 -0.018868 0.0911401 
0.00947731 -0.0177853 -0.000338475 0.00038976 -0.0177853 0.088537 0.000393179 -0.000933372 -0.000338475 0.000393179 0.0104551 -0.0188281 0.00038976 -0.000933372 -0.0188281 0.0909473 
0.00943999 -0.0177346 -0.000335067 0.000403448 -0.0177346 0.0884303 0.000413705 -0.00100178 -0.000335067 0.000413705 0.0104931 -0.0188526 0.000403448 -0.00100178 -0.0188526 0.0909706 
0.00940618 -0.0177007 -0.000359145 0.000444656 -0.0177007 0.0883565 0.000444656 -0.00111164 -0.000359145 0.000444656 0.0105212 -0.0188705 0.000444656 -0.00111164 -0.0188705 0.0909971 
0.00941648 -0.0176525 -0.000341177 0.000440118 -0.0176525 0.0882181 0.00044353 -0.00111565 -0.000341177 0.00044353 0.0105321 -0.0189353 0.000440118 -0.00111565 -0.0189353 0.0911454 
0.00938663 -0.0176289 -0.000313342 0.000391677 -0.0176289 0.0880831 0.000384866 -0.000997926 -0.000313342 0.000384866 0.0105651 -0.0189708 0.000391677 -0.000997926 -0.0189708 0.0912949 
0.00936209 -0.0176105 -0.00029629 0.000357592 -0.0176105 0.0880323 0.000347375 -0.000888871 -0.00029629 0.000347375 0.0105983 -0.0190034 0.000357592 -0.000888871 -0.0190034 0.0913834 
0.00937373 -0.0176011 -0.000290816 0.000334776 -0.0176011 0.0880225 0.000328013 -0.00081496 -0.000290816 0.000328013 0.0106249 -0.0190417 0.000334776 -0.00081496 -0.0190417 0.091475 
0.00938912 -0.0176235 -0.000282784 0.000333282 -0.0176235 0.0880739 0.000326549 -0.000787757 -0.000282784 0.000326549 0.0106414 -0.019061 0.000333282 -0.000787757 -0.019061 0.0915346 
0.00938198 -0.0176499 -0.000281862 0.000312062 -0.0176499 0.088139 0.000305351 -0.00073821 -0.000281862 0.000305351 0.0106839 -0.0190995 0.000312062 -0.00073821 -0.0190995 0.0916153 
0.00936181 -0.017646 -0.00030308 0.000330021 -0.017646 0.0881661 0.000330021 -0.000771171 -0.00030308 0.000330021 0.0107088 -0.0191547 0.000330021 -0.000771171 -0.0191547 0.0917525 
0.00935829 -0.017623 -0.000294563 0.000352121 -0.017623 0.0881318 0.000358893 -0.000819359 -0.000294563 0.000358893 0.0106889 -0.0191804 0.000352121 -0.000819359 -0.0191804 0.091846 
0.00938902 -0.0176184 -0.000295851 0.000367263 -0.0176184 0.088116 0.000374064 -0.000897755 -0.000295851 0.000374064 0.0106268 -0.0191419 0.000367263 -0.000897755 -0.0191419 0.0918056 
0.00941808 -0.0176333 -0.000286222 0.000340741 -0.0176333 0.0881156 0.000347556 -0.000845038 -0.000286222 0.000347556 0.0105936 -0.0190849 0.000340741 -0.000845038 -0.0190849 0.0917343 
0.00939557 -0.0176614 -0.000302863 0.000340296 -0.0176614 0.0881502 0.000357311 -0.000850739 -0.000302863 0.000357311 0.010607 -0.0190327 0.000340296 -0.000850739 -0.0190327 0.0916076 
0.00939365 -0.0176509 -0.000313008 0.000364042 -0.0176509 0.0881594 0.000374249 -0.000898197 -0.000313008 0.000374249 0.0106117 -0.0190527 0.000364042 -0.000898197 -0.0190527 0.0915549 
0.00937079 -0.01765 -0.000327483 0.00039912 -0.01765 0.0881543 0.000402531 -0.000975626 -0.000327483 0.000402531 0.0106193 -0.0190384 0.00039912 -0.000975626 -0.0190384 0.0915008 
0.0093568 -0.017618 -0.000319832 0.000408297 -0.017618 0.0881138 0.000404894 -0.00100373 -0.000319832 0.000404894 0.0106327 -0.019047 0.000408297 -0.00100373 -0.019047 0.0915061 
0.00936765 -0.0176087 -0.000307248 0.000392595 -0.0176087 0.0880812 0.000389181 -0.000983194 -0.000307248 0.000389181 0.0106069 -0.0190528 0.000392595 -0.000983194 -0.0190528 0.0914882 
0.00942569 -0.0176203 -0.000269403 0.000368298 -0.0176203 0.0880811 0.000361477 -0.000924155 -0.000269403 0.000361477 0.010551 -0.0190287 0.000368298 -0.000924155 -0.0190287 0.0914708 
0.0094471 -0.0176887 -0.000264872 0.000336184 -0.0176887 0.0881955 0.000336184 -0.000876115 -0.000264872 0.000336184 0.0105473 -0.0189621 0.000336184 -0.000876115 -0.0189621 0.0913502 
0.00946565 -0.0177209 -0.000255001 0.000346802 -0.0177209 0.0883053 0.000346802 -0.000887405 -0.000255001 0.000346802 0.0105231 -0.0189449 0.000346802 -0.000887405 -0.0189449 0.0912395 
0.00947314 -0.0177515 -0.000234871 0.000326777 -0.0177515 0.0883865 0.000323373 -0.000844175 -0.000234871 0.000323373 0.0105079 -0.0189122 0.000326777 -0.000844175 -0.0189122 0.0911641 
0.00949348 -0.0177524 -0.00021368 0.000281514 -0.0177524 0.0884294 0.000278123 -0.000736007 -0.00021368 0.000278123 0.0105008 -0.0189022 0.000281514 -0.000736007 -0.0189022 0.091136 
0.0095224 -0.0177625 -0.000199086 0.000253076 -0.0177625 0.0884415 0.000246327 -0.000644499 -0.000199086 0.000246327 0.0105043 -0.0189098 0.000253076 -0.000644499 -0.0189098 0.0911579 
0.00949072 -0.0177782 -0.000208958 0.00024266 -0.0177782 0.0884632 0.00023929 -0.00059991 -0.000208958 0.00023929 0.010549 -0.0189309 0.00024266 -0.00059991 -0.0189309 0.0912234 
0.00945449 -0.0177548 -0.000230846 0.000278373 -0.0177548 0.0884309 0.000274978 -0.000678958 -0.000230846 0.000274978 0.0105544 -0.0189803 0.000278373 -0.000678958 -0.0189803 0.0913131 
0.00942514 -0.0177238 -0.000252611 0.00030723 -0.0177238 0.0883799 0.000310644 -0.000757834 -0.000252611 0.000310644 0.0105687 -0.0189971 0.00030723 -0.000757834 -0.0189971 0.0913941 
0.00941639 -0.0176857 -0.000249962 0.000318445 -0.0176857 0.0883086 0.000328718 -0.000811522 -0.000249962 0.000328718 0.0105737 -0.019004 0.000318445 -0.000811522 -0.019004 0.091428 
0.00946487 -0.0176703 -0.000225273 0.000303777 -0.0176703 0.0882489 0.00031743 -0.000798695 -0.000225273 0.00031743 0.0105435 -0.0190083 0.000303777 -0.000798695 -0.0190083 0.0914506 
0.00952829 -0.0177343 -0.00020447 0.000269218 -0.0177343 0.0883275 0.00028285 -0.000739499 -0.00020447 0.00028285 0.0104995 -0.0189646 0.000269218 -0.000739499 -0.0189646 0.0913707 
0.00957294 -0.01781 -0.000187906 0.000263068 -0.01781 0.0884763 0.000269901 -0.000707209 -0.000187906 0.000269901 0.0104578 -0.0189101 0.000263068 -0.000707209 -0.0189101 0.0912504 
0.00960066 -0.017861 -0.000180758 0.000235327 -0.017861 0.0886194 0.000235327 -0.000630949 -0.000180758 0.000235327 0.0104397 -0.0188705 0.000235327 -0.000630949 -0.0188705 0.0911364 
0.00956145 -0.0179077 -0.000204232 0.00025529 -0.0179077 0.0887421 0.000258693 -0.000656945 -0.000204232 0.000258693 0.0104635 -0.0188097 0.00025529 -0.000656945 -0.0188097 0.0909546 
0.00949472 -0.0178588 -0.000231578 0.000282662 -0.0178588 0.0887048 0.000282662 -0.000704952 -0.000231578 0.000282662 0.0104994 -0.0188294 0.000282662 -0.000704952 -0.0188294 0.0909048 
0.00948188 -0.0177751 -0.000249343 0.000341566 -0.0177751 0.0885476 0.000338151 -0.000843669 -0.000249343 0.000338151 0.0104656 -0.0188715 0.000341566 -0.000843669 -0.0188715 0.090942 
0.00946032 -0.0177338 -0.000229155 0.00031808 -0.0177338 0.0883887 0.000321501 -0.000831113 -0.000229155 0.000321501 0.010459 -0.0188557 0.00031808 -0.000831113 -0.0188557 0.0909846 
0.0094998 -0.0177036 -0.000193389 0.000264637 -0.0177036 0.0883074 0.000264637 -0.0007057 -0.000193389 0.000264637 0.010443 -0.0188673 0.000264637 -0.0007057 -0.0188673 0.0910217 
0.00951063 -0.0177464 -0.000176311 0.000233951 -0.0177464 0.0883184 0.00022717 -0.000600136 -0.000176311 0.00022717 0.0104464 -0.018845 0.000233951 -0.000600136 -0.018845 0.0909969 
0.00953725 -0.0178013 -0.000185747 0.000260046 -0.0178013 0.0884695 0.000253291 -0.000658557 -0.000185747 0.000253291 0.0104288 -0.0188077 0.000260046 -0.000658557 -0.0188077 0.0908944 
0.00952845 -0.0178193 -0.000162301 0.00023669 -0.0178193 0.0885354 0.000229927 -0.000601868 -0.000162301 0.000229927 0.0104312 -0.0188101 0.00023669 -0.000601868 -0.0188101 0.0908888 
0.00947816 -0.0178131 -0.000196755 0.000237463 -0.0178131 0.0885567 0.000227286 -0.000614011 -0.000196755 0.000227286 0.0104653 -0.0188104 0.000237463 -0.000614011 -0.0188104 0.0908906 
0.00943657 -0.0177383 -0.000231739 0.000276043 -0.0177383 0.0884393 0.000279451 -0.000688402 -0.000231739 0.000279451 0.0104794 -0.0188629 0.000276043 -0.000688402 -0.0188629 0.0909952 
0.0094182 -0.0176818 -0.000235711 0.000297201 -0.0176818 0.0882892 0.000300617 -0.000741295 -0.000235711 0.000300617 0.0104874 -0.0188842 0.000297201 -0.000741295 -0.0188842 0.0910768 
0.0094021 -0.0176421 -0.000228322 0.000296478 -0.0176421 0.0881494 0.000303294 -0.00075653 -0.000228322 0.000303294 0.0105096 -0.0189098 0.000296478 -0.00075653 -0.0189098 0.0911755 
0.00942496 -0.0176267 -0.000204446 0.000269187 -0.0176267 0.0880788 0.000272595 -0.000681487 -0.000204446 0.000272595 0.0105085 -0.0189419 0.000269187 -0.000681487 -0.0189419 0.0912613 
0.00947322 -0.0176629 -0.00020824 0.000266274 -0.0176629 0.08813 0.000262861 -0.000679341 -0.00020824 0.000262861 0.0104871 -0.0189328 0.000266274 -0.000679341 -0.0189328 0.0912741 
0.00948795 -0.0177415 -0.000240028 0.000308607 -0.0177415 0.0882959 0.000312036 -0.000774947 -0.000240028 0.000312036 0.0104446 -0.0188593 0.000308607 -0.000774947 -0.0188593 0.0911145 
0.0095055 -0.0177655 -0.000263471 0.000328484 -0.0177655 0.0884168 0.000331905 -0.000838318 -0.000263471 0.000331905 0.0104328 -0.0188262 0.000328484 -0.000838318 -0.0188262 0.0909934 
0.00953767 -0.017774 -0.000253425 0.000328767 -0.017774 0.0884486 0.000335616 -0.00085274 -0.000253425 0.000335616 0.0103973 -0.0188116 0.000328767 -0.00085274 -0.0188116 0.0909178 
0.00955078 -0.0178126 -0.000222829 0.000284535 -0.0178126 0.0885212 0.000294819 -0.000754189 -0.000222829 0.000294819 0.0103872 -0.018769 0.000284535 -0.000754189 -0.018769 0.0908284 
0.0095655 -0.0178289 -0.000211883 0.00028365 -0.0178289 0.088574 0.000290485 -0.000734756 -0.000211883 0.000290485 0.0103754 -0.0187517 0.00028365 -0.000734756 -0.0187517 0.0907544 
0.00950714 -0.0178374 -0.000214909 0.000276311 -0.0178374 0.0885867 0.000276311 -0.00071295 -0.000214909 0.000276311 0.0104418 -0.018738 0.000276311 -0.00071295 -0.018738 0.0907187 
0.00943912 -0.0177531 -0.000212038 0.000263338 -0.0177531 0.0884508 0.000263338 -0.000673735 -0.000212038 0.000263338 0.0104925 -0.0188338 0.000263338 -0.000673735 -0.0188338 0.0908618 
0.00939544 -0.017688 -0.000229491 0.000284295 -0.017688 0.0882925 0.000287721 -0.000726152 -0.000229491 0.000287721 0.0105292 -0.0188971 0.000284295 -0.000726152 -0.0188971 0.0910224 
0.00941925 -0.0176221 -0.000209012 0.000291247 -0.0176221 0.0881175 0.000284394 -0.000736682 -0.000209012 0.000284394 0.010502 -0.0189516 0.000291247 -0.000736682 -0.0189516 0.0912081 
0.00942732 -0.0176485 -0.000205016 0.000269938 -0.0176485 0.0880817 0.000263104 -0.000693638 -0.000205016 0.000263104 0.010531 -0.0189332 0.000269938 -0.000693638 -0.0189332 0.0912731 
0.00947864 -0.0176589 -0.000176284 0.000233915 -0.0176589 0.0881147 0.000227135 -0.000589872 -0.000176284 0.000227135 0.0105431 -0.0189742 0.000233915 -0.000589872 -0.0189742 0.0913523 
0.00951123 -0.0177358 -0.000179457 0.000230247 -0.0177358 0.0882625 0.000223475 -0.000582389 -0.000179457 0.000223475 0.0105406 -0.0189717 0.000230247 -0.000582389 -0.0189717 0.0913539 
0.00952362 -0.0178036 -0.000192635 0.000253467 -0.0178036 0.0884703 0.000239949 -0.000635358 -0.000192635 0.000239949 0.0105544 -0.0189594 0.000253467 -0.000635358 -0.0189594 0.091326 
0.00957362 -0.017821 -0.000202474 0.000283463 -0.017821 0.0885687 0.000286838 -0.00072553 -0.000202474 0.000286838 0.0105185 -0.0189751 0.000283463 -0.00072553 -0.0189751 0.0913291 
0.00958962 -0.0178731 -0.000203026 0.000274086 -0.0178731 0.0886718 0.000287621 -0.00074443 -0.000203026 0.000287621 0.0104931 -0.0189424 0.000274086 -0.00074443 -0.0189424 0.091301 
0.00959647 -0.017892 -0.00021288 0.000266944 -0.017892 0.0887573 0.000283839 -0.000733252 -0.00021288 0.000283839 0.0104885 -0.0189091 0.000266944 -0.000733252 -0.0189091 0.0912307 
0.00961021 -0.0179079 -0.000213109 0.000290911 -0.0179079 0.0888192 0.000301059 -0.000774635 -0.000213109 0.000301059 0.0104525 -0.0188855 0.000290911 -0.000774635 -0.0188855 0.0911397 
0.00960742 -0.0179388 -0.000217194 0.000291854 -0.0179388 0.0889034 0.000291854 -0.000777146 -0.000217194 0.000291854 0.0104321 -0.0188246 0.000291854 -0.000777146 -0.0188246 0.090977 
0.00957014 -0.0179385 -0.000227456 0.000308933 -0.0179385 0.0889456 0.000305538 -0.00080119 -0.000227456 0.000305538 0.010446 -0.0187906 0.000308933 -0.00080119 -0.0187906 0.0908535 
0.00956175 -0.017885 -0.000223944 0.000322344 -0.017885 0.0888516 0.000315558 -0.000834702 -0.000223944 0.000315558 0.0104406 -0.0188113 0.000322344 -0.000834702 -0.0188113 0.0908468 
0.00953583 -0.0178234 -0.000199579 0.000294295 -0.0178234 0.088647 0.000287529 -0.000774638 -0.000199579 0.000287529 0.0104627 -0.0188552 0.000294295 -0.000774638 -0.0188552 0.0909811 
0.00950086 -0.0177818 -0.000173299 0.000254852 -0.0177818 0.0884912 0.000237861 -0.000666012 -0.000173299 0.000237861 0.0104591 -0.018876 0.000254852 -0.000666012 -0.018876 0.0910432 
0.0094625 -0.0177341 -0.000170128 0.000210958 -0.0177341 0.0883575 0.000197348 -0.000541006 -0.000170128 0.000197348 0.0104867 -0.018891 0.000210958 -0.000541006 -0.018891 0.091134 
0.00947648 -0.017713 -0.000180537 0.000218007 -0.017713 0.0883131 0.000211194 -0.000527985 -0.000180537 0.000211194 0.0104814 -0.018895 0.000218007 -0.000527985 -0.018895 0.0911574 
0.00951637 -0.0177281 -0.000183464 0.000241222 -0.0177281 0.0883075 0.000244619 -0.000597958 -0.000183464 0.000244619 0.0104371 -0.0188765 0.000241222 -0.000597958 -0.0188765 0.0911275 
