0.00755248 0 0.000524918 0 0 0.00998701 0 0 0.000524918 0 0.00700494 0 0 0 0 0.00998701 
0.0106065 -0.0131705 0.000605968 -0.000742002 -0.0131705 0.0344289 -0.000742002 0.00142629 0.000605968 -0.000742002 0.00994282 -0.0123585 -0.000742002 0.00142629 -0.0123585 0.032883 
0.0106481 -0.0198169 0.000509839 -0.00080237 -0.0198169 0.0724933 -0.00080237 0.00253248 0.000509839 -0.00080237 0.0100338 -0.0188515 -0.00080237 0.00253248 -0.0188515 0.069522 
0.0100606 -0.0192622 0.000506473 -0.000628026 -0.0192622 0.0858046 -0.000623974 0.00204615 0.000506473 -0.000623974 0.00945686 -0.0187435 -0.000628026 0.00204615 -0.0187435 0.0842852 
0.0100801 -0.0185681 0.000578206 -0.000609044 -0.0185681 0.088666 -0.000605189 0.00154188 0.000578206 -0.000605189 0.00938236 -0.0180439 -0.000609044 0.00154188 -0.0180439 0.0876908 
0.0102553 -0.0185633 0.000636814 -0.000703072 -0.0185633 0.0897686 -0.000706753 0.00156443 0.000636814 -0.000706753 0.00951908 -0.0178418 -0.000703072 0.00156443 -0.0178418 0.0883625 
0.0103528 -0.0187135 0.000637919 -0.000773343 -0.0187135 0.0904847 -0.000776907 0.00176764 0.000637919 -0.000776907 0.00964006 -0.0178867 -0.000773343 0.00176764 -0.0178867 0.0886493 
0.0103867 -0.018749 0.000633083 -0.000782658 -0.018749 0.0907535 -0.000779179 0.00189229 0.000633083 -0.000779179 0.00968756 -0.0179594 -0.000782658 0.00189229 -0.0179594 0.0888299 
0.0103996 -0.01879 0.000603473 -0.000740626 -0.01879 0.0908708 -0.000744055 0.00184128 0.000603473 -0.000744055 0.00971729 -0.0179808 -0.000740626 0.00184128 -0.0179808 0.088906 
0.0103734 -0.0187414 0.000593834 -0.000736355 -0.0187414 0.0907616 -0.000739748 0.00184598 0.000593834 -0.000739748 0.00975924 -0.0180526 -0.000736355 0.00184598 -0.0180526 0.0890616 
0.0103566 -0.0187055 0.000592483 -0.000707594 -0.0187055 0.0906466 -0.000707594 0.00177406 0.000592483 -0.000707594 0.00976074 -0.0181164 -0.000707594 0.00177406 -0.0181164 0.0892212 
0.01037 -0.0187016 0.000609799 -0.000704133 -0.0187016 0.0906074 -0.000697395 0.0017317 0.000609799 -0.000697395 0.00975342 -0.0181255 -0.000704133 0.0017317 -0.0181255 0.0893305 
0.0103506 -0.0187088 0.000614622 -0.000729441 -0.0187088 0.0905892 -0.000722687 0.00174931 0.000614622 -0.000722687 0.00973939 -0.0181212 -0.000729441 0.00174931 -0.0181212 0.0893431 
0.0103236 -0.0187444 0.000555288 -0.000707654 -0.0187444 0.0907186 -0.000697496 0.00170311 0.000555288 -0.000697496 0.00973448 -0.0180503 -0.000707654 0.00170311 -0.0180503 0.0891915 
0.0102866 -0.0186887 0.000500043 -0.000653117 -0.0186887 0.0906676 -0.000646313 0.00161238 0.000500043 -0.000646313 0.00974233 -0.0180696 -0.000653117 0.00161238 -0.0180696 0.0892015 
0.0102733 -0.0186289 0.00049391 -0.000582473 -0.0186289 0.0905183 -0.000579066 0.0014681 0.00049391 -0.000579066 0.00972832 -0.0180941 -0.000582473 0.0014681 -0.0180941 0.0892614 
0.0102587 -0.0186044 0.00048851 -0.00057733 -0.0186044 0.0904016 -0.000573914 0.00139721 0.00048851 -0.000573914 0.00973945 -0.0180919 -0.00057733 0.00139721 -0.0180919 0.0893016 
0.0102512 -0.0185608 0.00052982 -0.000594766 -0.0185608 0.0902814 -0.000594766 0.00144931 0.00052982 -0.000594766 0.00971451 -0.0180857 -0.000594766 0.00144931 -0.0180857 0.0892867 
0.0102615 -0.0185894 0.000532002 -0.000624079 -0.0185894 0.0903073 -0.000627489 0.00149711 0.000532002 -0.000627489 0.00969881 -0.0180335 -0.000624079 0.00149711 -0.0180335 0.0891751 
0.0102765 -0.0186304 0.000551255 -0.000632922 -0.0186304 0.0904432 -0.000643131 0.00154828 0.000551255 -0.000643131 0.0097014 -0.0179974 -0.000632922 0.00154828 -0.0179974 0.0890379 
0.0102726 -0.0186377 0.000538702 -0.00066406 -0.0186377 0.0904884 -0.000674224 0.00162288 0.000538702 -0.000674224 0.00972374 -0.0180143 -0.00066406 0.00162288 -0.0180143 0.0890247 
0.0102784 -0.0186484 0.000516792 -0.00062488 -0.0186484 0.0905468 -0.000628257 0.00155713 0.000516792 -0.000628257 0.00974475 -0.0180236 -0.00062488 0.00155713 -0.0180236 0.0890268 
0.0102511 -0.0186263 0.000517116 -0.000608371 -0.0186263 0.0904918 -0.000615131 0.00151417 0.000517116 -0.000615131 0.00974746 -0.0180652 -0.000608371 0.00151417 -0.0180652 0.0890993 
0.0102106 -0.0186039 0.000489129 -0.000608014 -0.0186039 0.0904481 -0.000611411 0.00148437 0.000489129 -0.000611411 0.00976559 -0.0180808 -0.000608014 0.00148437 -0.0180808 0.0891845 
0.0102119 -0.0185671 0.000491483 -0.000569983 -0.0185671 0.0903782 -0.000573396 0.00141301 0.000491483 -0.000573396 0.0097375 -0.0180859 -0.000569983 0.00141301 -0.0180859 0.0892143 
0.0102187 -0.0185826 0.00049099 -0.000562593 -0.0185826 0.0903797 -0.000572822 0.00135363 0.00049099 -0.000572822 0.00973456 -0.0180439 -0.000562593 0.00135363 -0.0180439 0.089159 
0.0102107 -0.0185913 0.000485734 -0.000564409 -0.0185913 0.0904013 -0.000564409 0.00135116 0.000485734 -0.000564409 0.00973521 -0.0180201 -0.000564409 0.00135116 -0.0180201 0.0890809 
0.0101995 -0.0185608 0.000473279 -0.000555588 -0.0185608 0.0903345 -0.000555588 0.00132038 0.000473279 -0.000555588 0.00972965 -0.0180429 -0.000555588 0.00132038 -0.0180429 0.0890896 
0.0101947 -0.0185104 0.00046888 -0.000565414 -0.0185104 0.0901801 -0.000551623 0.00134458 0.00046888 -0.000551623 0.00971547 -0.0180726 -0.000565414 0.00134458 -0.0180726 0.0891871 
0.0102025 -0.0185213 0.000474377 -0.00056719 -0.0185213 0.0901694 -0.000560315 0.00137844 0.000474377 -0.000560315 0.00971441 -0.0180366 -0.00056719 0.00137844 -0.0180366 0.0891347 
0.0102119 -0.0185148 0.00050974 -0.000595267 -0.0185148 0.0901282 -0.000588424 0.0014608 0.00050974 -0.000588424 0.00971585 -0.0180359 -0.000595267 0.0014608 -0.0180359 0.0891155 
0.0102242 -0.0185678 0.000492405 -0.00059499 -0.0185678 0.0902504 -0.00059499 0.00143618 0.000492405 -0.00059499 0.00969765 -0.0179831 -0.00059499 0.00143618 -0.0179831 0.0889578 
0.0102234 -0.0185588 0.000480499 -0.000575917 -0.0185588 0.0902656 -0.000579325 0.00142787 0.000480499 -0.000579325 0.00972244 -0.0180102 -0.000575917 0.00142787 -0.0180102 0.0889979 
0.0102102 -0.0185535 0.00048036 -0.000572344 -0.0185535 0.0902531 -0.00057575 0.00142405 0.00048036 -0.00057575 0.00972643 -0.0180322 -0.000572344 0.00142405 -0.0180322 0.0890233 
0.0101981 -0.0185253 0.000486433 -0.00058508 -0.0185253 0.0902077 -0.000588481 0.00144909 0.000486433 -0.000588481 0.00973546 -0.0180524 -0.00058508 0.00144909 -0.0180524 0.0890954 
0.0101856 -0.0185407 0.000470421 -0.000576096 -0.0185407 0.0902323 -0.000586322 0.00142831 0.000470421 -0.000586322 0.00974931 -0.0180499 -0.000576096 0.00142831 -0.0180499 0.0891244 
0.0101685 -0.0185137 0.000493516 -0.000558632 -0.0185137 0.0901763 -0.00056206 0.00140858 0.000493516 -0.00056206 0.0097298 -0.0180716 -0.000558632 0.00140858 -0.0180716 0.089155 
0.0102164 -0.0185238 0.000535193 -0.000572691 -0.0185238 0.090209 -0.000572691 0.00139764 0.000535193 -0.000572691 0.00971188 -0.0180432 -0.000572691 0.00139764 -0.0180432 0.0891284 
0.010239 -0.018548 0.00057186 -0.000643343 -0.018548 0.0902348 -0.000639939 0.00150454 0.00057186 -0.000639939 0.00970801 -0.018034 -0.000643343 0.00150454 -0.018034 0.0891115 
0.0102534 -0.0186092 0.000564534 -0.000666558 -0.0186092 0.0903832 -0.000666558 0.00157457 0.000564534 -0.000666558 0.0097025 -0.0179971 -0.000666558 0.00157457 -0.0179971 0.0890229 
0.0102516 -0.0186498 0.000549921 -0.000668731 -0.0186498 0.0905196 -0.000668731 0.00162261 0.000549921 -0.000668731 0.00972205 -0.0179912 -0.000668731 0.00162261 -0.0179912 0.0889649 
0.0102448 -0.0186269 0.000548647 -0.000650248 -0.0186269 0.0905369 -0.000650248 0.00159514 0.000548647 -0.000650248 0.00975711 -0.0180308 -0.000650248 0.00159514 -0.0180308 0.0890298 
0.0102383 -0.0185994 0.000566911 -0.00063141 -0.0185994 0.0904443 -0.000634804 0.00155137 0.000566911 -0.000634804 0.0097529 -0.0180834 -0.00063141 0.00155137 -0.0180834 0.0891544 
0.0102505 -0.0185904 0.000608572 -0.00066297 -0.0185904 0.0904053 -0.00066637 0.00158773 0.000608572 -0.00066637 0.00972696 -0.0180872 -0.00066297 0.00158773 -0.0180872 0.0892255 
0.0102554 -0.0185831 0.000636921 -0.000708447 -0.0185831 0.0903474 -0.000708447 0.00167234 0.000636921 -0.000708447 0.00971049 -0.0180722 -0.000708447 0.00167234 -0.0180722 0.0892405 
0.010239 -0.0186195 0.000604706 -0.000755029 -0.0186195 0.0904053 -0.000755029 0.00180045 0.000604706 -0.000755029 0.0097163 -0.018025 -0.000755029 0.00180045 -0.018025 0.0891549 
0.010235 -0.0186314 0.000561802 -0.000697996 -0.0186314 0.0904977 -0.000701401 0.0017535 0.000561802 -0.000701401 0.0097413 -0.0180117 -0.000697996 0.0017535 -0.0180117 0.0890541 
0.0102273 -0.0186184 0.000538281 -0.000640486 -0.0186184 0.0904959 -0.000640486 0.00159781 0.000538281 -0.000640486 0.00975038 -0.0180256 -0.000640486 0.00159781 -0.0180256 0.0890276 
0.0102136 -0.0185768 0.000526759 -0.000622533 -0.0185768 0.0903767 -0.000629374 0.00152213 0.000526759 -0.000629374 0.00972451 -0.0180535 -0.000622533 0.00152213 -0.0180535 0.0890769 
0.0101731 -0.0185193 0.000507285 -0.000616969 -0.0185193 0.0902008 -0.000623824 0.00151157 0.000507285 -0.000623824 0.00972068 -0.0180463 -0.000616969 0.00151157 -0.0180463 0.0891177 
0.0101166 -0.0184322 0.000483705 -0.000596913 -0.0184322 0.0899691 -0.000596913 0.00145111 0.000483705 -0.000596913 0.00974271 -0.0180686 -0.000596913 0.00145111 -0.0180686 0.0891904 
0.0100786 -0.0184068 0.000482394 -0.000561645 -0.0184068 0.0898804 -0.000558199 0.00136793 0.000482394 -0.000558199 0.00975126 -0.0180588 -0.000561645 0.00136793 -0.0180588 0.0891465 
0.0100787 -0.0183701 0.000487125 -0.000569457 -0.0183701 0.0898129 -0.000559165 0.00134131 0.000487125 -0.000559165 0.00977338 -0.018082 -0.000569457 0.00134131 -0.018082 0.0891851 
0.0101101 -0.0184113 0.000481273 -0.000566605 -0.0184113 0.0898786 -0.000559779 0.00134142 0.000481273 -0.000559779 0.00976882 -0.0180494 -0.000566605 0.00134142 -0.0180494 0.0890969 
0.0101531 -0.0184831 0.000479595 -0.000551024 -0.0184831 0.0900686 -0.000547623 0.00132654 0.000479595 -0.000547623 0.00973816 -0.0180137 -0.000551024 0.00132654 -0.0180137 0.0889632 
0.010181 -0.0185294 0.000492081 -0.000549773 -0.0185294 0.0902069 -0.000546379 0.00130656 0.000492081 -0.000546379 0.00971945 -0.0179796 -0.000549773 0.00130656 -0.0179796 0.0888766 
0.0101846 -0.0185196 0.000555213 -0.000585869 -0.0185196 0.0901898 -0.000585869 0.00139314 0.000555213 -0.000585869 0.00969068 -0.0179984 -0.000585869 0.00139314 -0.0179984 0.0889158 
0.0101854 -0.0185374 0.000569072 -0.000667893 -0.0185374 0.0902235 -0.000667893 0.00155047 0.000569072 -0.000667893 0.00967082 -0.017965 -0.000667893 0.00155047 -0.017965 0.0888878 
0.0101838 -0.0185536 0.000565764 -0.00066863 -0.0185536 0.0902891 -0.000672059 0.00162529 0.000565764 -0.000672059 0.00965914 -0.017933 -0.00066863 0.00162529 -0.017933 0.0888147 
0.0101659 -0.0185379 0.000522387 -0.000659857 -0.0185379 0.0902973 -0.000663294 0.00161528 0.000522387 -0.000663294 0.00967447 -0.0179261 -0.000659857 0.00161528 -0.0179261 0.0887852 
0.0101636 -0.0185014 0.000512304 -0.000618891 -0.0185014 0.0902171 -0.000632644 0.00157817 0.000512304 -0.000632644 0.00967532 -0.0179478 -0.000618891 0.00157817 -0.0179478 0.0888349 
0.0101702 -0.0185162 0.000530018 -0.000609177 -0.0185162 0.0902167 -0.000619502 0.00153499 0.000530018 -0.000619502 0.00966079 -0.0179277 -0.000609177 0.00153499 -0.0179277 0.0887643 
0.0101688 -0.0185221 0.00051822 -0.000610882 -0.0185221 0.0902218 -0.000617746 0.00149975 0.00051822 -0.000617746 0.00967802 -0.0179146 -0.000610882 0.00149975 -0.0179146 0.0887392 
0.0101852 -0.0185397 0.000525998 -0.000597725 -0.0185397 0.0902667 -0.000604556 0.00147894 0.000525998 -0.000604556 0.00968314 -0.0179249 -0.000597725 0.00147894 -0.0179249 0.0887228 
0.0101733 -0.0185259 0.000534895 -0.000617187 -0.0185259 0.0902121 -0.000620615 0.00150868 0.000534895 -0.000620615 0.00967954 -0.0179533 -0.000617187 0.00150868 -0.0179533 0.0887926 
0.0101907 -0.0185147 0.000549467 -0.000614311 -0.0185147 0.0901877 -0.000614311 0.001488 0.000549467 -0.000614311 0.00967882 -0.0179686 -0.000614311 0.001488 -0.0179686 0.088867 
0.0101805 -0.0184865 0.00053653 -0.00062482 -0.0184865 0.0900861 -0.000631611 0.00149074 0.00053653 -0.000631611 0.00971527 -0.0180077 -0.00062482 0.00149074 -0.0180077 0.0889757 
0.0101696 -0.0185281 0.000540249 -0.000618398 -0.0185281 0.0901739 -0.000621795 0.00148823 0.000540249 -0.000621795 0.00971428 -0.0179845 -0.000618398 0.00148823 -0.0179845 0.0889066 
0.0101473 -0.0185279 0.000525275 -0.000617368 -0.0185279 0.090221 -0.00062419 0.00149055 0.000525275 -0.00062419 0.00971417 -0.0179719 -0.000617368 0.00149055 -0.0179719 0.0888806 
0.0101159 -0.0184678 0.00052648 -0.000625622 -0.0184678 0.0901135 -0.000615366 0.00150081 0.00052648 -0.000615366 0.00971936 -0.0180063 -0.000625622 0.00150081 -0.0180063 0.0889443 
0.0101141 -0.0184532 0.000498365 -0.000621249 -0.0184532 0.090047 -0.000614423 0.00150534 0.000498365 -0.000614423 0.00970105 -0.0179855 -0.000621249 0.00150534 -0.0179855 0.088924 
0.010105 -0.0184348 0.000447215 -0.000570114 -0.0184348 0.0899892 -0.000559872 0.00140309 0.000447215 -0.000559872 0.00971242 -0.0179944 -0.000570114 0.00140309 -0.0179944 0.0889309 
0.010109 -0.0184314 0.000452641 -0.000510935 -0.0184314 0.0899658 -0.000507506 0.00126877 0.000452641 -0.000507506 0.00969406 -0.0179822 -0.000510935 0.00126877 -0.0179822 0.088913 
0.0101151 -0.0184636 0.000450248 -0.000508677 -0.0184636 0.0900564 -0.000501803 0.00120639 0.000450248 -0.000501803 0.00967517 -0.0179377 -0.000508677 0.00120639 -0.0179377 0.0888019 
0.0100756 -0.0184375 0.000430139 -0.000523049 -0.0184375 0.0900022 -0.000523049 0.0012388 0.000430139 -0.000523049 0.00971769 -0.0179557 -0.000523049 0.0012388 -0.0179557 0.0888219 
0.010058 -0.0184248 0.000423676 -0.000499456 -0.0184248 0.0900123 -0.000492567 0.00120903 0.000423676 -0.000492567 0.00972733 -0.017946 -0.000499456 0.00120903 -0.017946 0.0887722 
0.01004 -0.0183727 0.000413877 -0.000493204 -0.0183727 0.0898804 -0.000496653 0.00119335 0.000413877 -0.000496653 0.00973301 -0.0179899 -0.000493204 0.00119335 -0.0179899 0.0888422 
0.010034 -0.0183212 0.000447026 -0.00048829 -0.0183212 0.0897249 -0.00048829 0.00118634 0.000447026 -0.00048829 0.00974172 -0.018022 -0.00048829 0.00118634 -0.018022 0.088934 
0.0100422 -0.0183142 0.00043483 -0.000513579 -0.0183142 0.0896401 -0.000510155 0.0011915 0.00043483 -0.000510155 0.00974088 -0.0180232 -0.000513579 0.0011915 -0.0180232 0.0889896 
0.0100478 -0.018352 0.00039316 -0.000499142 -0.018352 0.0896883 -0.000499142 0.00118632 0.00039316 -0.000499142 0.0097401 -0.0179965 -0.000499142 0.00118632 -0.0179965 0.0889259 
0.0100317 -0.018335 0.000372302 -0.000447446 -0.018335 0.089677 -0.00044403 0.00109641 0.000372302 -0.00044403 0.00974817 -0.0180105 -0.000447446 0.00109641 -0.0180105 0.0889495 
0.0100198 -0.018319 0.000399426 -0.000440393 -0.018319 0.0896456 -0.000430152 0.00105831 0.000399426 -0.000430152 0.00976034 -0.0180356 -0.000440393 0.00105831 -0.0180356 0.0890209 
0.0100138 -0.0183477 0.000418241 -0.000490233 -0.0183477 0.0897195 -0.000483377 0.00114845 0.000418241 -0.000483377 0.00974638 -0.0180118 -0.000490233 0.00114845 -0.0180118 0.0889516 
0.00999468 -0.0183282 0.00040407 -0.000490409 -0.0183282 0.0897207 -0.000480049 0.00116731 0.00040407 -0.000480049 0.00973566 -0.0180036 -0.000490409 0.00116731 -0.0180036 0.0889126 
0.00998709 -0.0182895 0.000417711 -0.000466041 -0.0182895 0.0896456 -0.000455685 0.00111505 0.000417711 -0.000455685 0.00972818 -0.0179892 -0.000466041 0.00111505 -0.0179892 0.0888896 
0.00998701 -0.0182483 0.000440094 -0.000492073 -0.0182483 0.0894984 -0.000495538 0.00116088 0.000440094 -0.000495538 0.00971325 -0.0180092 -0.000492073 0.00116088 -0.0180092 0.0889439 
0.00998941 -0.0182803 0.000395964 -0.000510585 -0.0182803 0.0895261 -0.000524479 0.00122263 0.000395964 -0.000524479 0.00968375 -0.0179365 -0.000510585 0.00122263 -0.0179365 0.0887932 
0.00998139 -0.0182819 0.000374302 -0.000464412 -0.0182819 0.0895552 -0.000474809 0.00117836 0.000374302 -0.000474809 0.00968333 -0.0178972 -0.000464412 0.00117836 -0.0178972 0.0886472 
0.00995994 -0.0182553 0.000352259 -0.00044205 -0.0182553 0.0894979 -0.000452411 0.00110858 0.000352259 -0.000452411 0.00970783 -0.0179168 -0.00044205 0.00110858 -0.0179168 0.0886517 
0.00993277 -0.0182112 0.00035621 -0.000431562 -0.0182112 0.0893743 -0.000431562 0.00108233 0.00035621 -0.000431562 0.00975809 -0.0179646 -0.000431562 0.00108233 -0.0179646 0.0887544 
0.00994117 -0.0182073 0.000354069 -0.000418755 -0.0182073 0.0893446 -0.000422159 0.00104178 0.000354069 -0.000422159 0.00976754 -0.0179996 -0.000418755 0.00104178 -0.0179996 0.0888203 
0.00997245 -0.0182174 0.000385788 -0.000402858 -0.0182174 0.0893628 -0.000399444 0.000979833 0.000385788 -0.000399444 0.00973688 -0.0180296 -0.000402858 0.000979833 -0.0180296 0.088919 
0.00996991 -0.0182399 0.000390708 -0.00043869 -0.0182399 0.0893967 -0.00043869 0.00102132 0.000390708 -0.00043869 0.00972657 -0.0180103 -0.00043869 0.00102132 -0.0180103 0.0889478 
0.0099753 -0.0182651 0.000371494 -0.000454048 -0.0182651 0.0894888 -0.000460928 0.00108696 0.000371494 -0.000460928 0.00970356 -0.0179727 -0.000454048 0.00108696 -0.0179727 0.0888765 
0.00998811 -0.0183081 0.000348102 -0.000420479 -0.0183081 0.0896414 -0.000427373 0.00104775 0.000348102 -0.000427373 0.00968137 -0.0178979 -0.000420479 0.00104775 -0.0178979 0.0886832 
0.0100055 -0.0183211 0.000333173 -0.000405303 -0.0183211 0.0897197 -0.000401869 0.00100295 0.000333173 -0.000401869 0.00966545 -0.0178746 -0.000405303 0.00100295 -0.0178746 0.0885691 
0.0100173 -0.0183324 0.000333567 -0.00038515 -0.0183324 0.0897433 -0.00038515 0.000952558 0.000333567 -0.00038515 0.00965625 -0.0178682 -0.00038515 0.000952558 -0.0178682 0.0885191 
0.0100095 -0.0183318 0.000376089 -0.000403692 -0.0183318 0.0897335 -0.000410593 0.000990253 0.000376089 -0.000410593 0.00965065 -0.0178556 -0.000403692 0.000990253 -0.0178556 0.0884948 
0.0100101 -0.0182973 0.000392824 -0.000447958 -0.0182973 0.0896432 -0.000444512 0.00104753 0.000392824 -0.000444512 0.0096621 -0.0178907 -0.000447958 0.00104753 -0.0178907 0.0885922 
0.0100122 -0.0182668 0.000409292 -0.000464323 -0.0182668 0.0895318 -0.000467762 0.00111094 0.000409292 -0.000467762 0.00966823 -0.0179297 -0.000464323 0.00111094 -0.0179297 0.0887201 
0.0100336 -0.0182984 0.000418211 -0.00048677 -0.0182984 0.0895622 -0.000493626 0.0011895 0.000418211 -0.000493626 0.00968055 -0.0179248 -0.00048677 0.0011895 -0.0179248 0.0887327 
0.010047 -0.0183765 0.000419054 -0.000474012 -0.0183765 0.0897703 -0.000477447 0.00114725 0.000419054 -0.000477447 0.00967259 -0.0178819 -0.000474012 0.00114725 -0.0178819 0.0886059 
0.0100551 -0.0183689 0.000419821 -0.000481762 -0.0183689 0.0898073 -0.000481762 0.00115279 0.000419821 -0.000481762 0.00966277 -0.0179009 -0.000481762 0.00115279 -0.0179009 0.088627 
0.0100403 -0.0183641 0.000386033 -0.000489434 -0.0183641 0.0898043 -0.000482541 0.0011581 0.000386033 -0.000482541 0.00966805 -0.0179023 -0.000489434 0.0011581 -0.0179023 0.0886289 
0.01003 -0.0183604 0.000343377 -0.000449824 -0.0183604 0.0898137 -0.000439523 0.00110567 0.000343377 -0.000439523 0.00968667 -0.0179002 -0.000449824 0.00110567 -0.0179002 0.0886153 
0.0100183 -0.0183927 0.000316405 -0.000409262 -0.0183927 0.0899002 -0.000412702 0.00104551 0.000316405 -0.000412702 0.00969161 -0.0178597 -0.000409262 0.00104551 -0.0178597 0.0884832 
0.0100016 -0.0183597 0.000299736 -0.00035486 -0.0183597 0.0898624 -0.000351415 0.000892319 0.000299736 -0.000351415 0.00969148 -0.0178843 -0.00035486 0.000892319 -0.0178843 0.0884843 
0.00999291 -0.0182865 0.000313031 -0.00035431 -0.0182865 0.0896782 -0.00034399 0.000835896 0.000313031 -0.00034399 0.00969364 -0.0179322 -0.00035431 0.000835896 -0.0179322 0.0886394 
0.00997751 -0.018251 0.000301725 -0.000373728 -0.018251 0.0894924 -0.000373728 0.000888032 0.000301725 -0.000373728 0.00971693 -0.0179664 -0.000373728 0.000888032 -0.0179664 0.088793 
0.00996054 -0.0182021 0.000353405 -0.000387717 -0.0182021 0.0893292 -0.000394579 0.000967576 0.000353405 -0.000394579 0.00972036 -0.01801 -0.000387717 0.000967576 -0.01801 0.0889175 
0.00998841 -0.0182158 0.000398986 -0.00044026 -0.0182158 0.0893316 -0.000450579 0.00107657 0.000398986 -0.000450579 0.00968229 -0.0179819 -0.00044026 0.00107657 -0.0179819 0.0888913 
0.00998017 -0.0182498 0.000382792 -0.000475903 -0.0182498 0.0893905 -0.000486249 0.00115182 0.000382792 -0.000486249 0.00966635 -0.0179326 -0.000475903 0.00115182 -0.0179326 0.0887973 
0.00999615 -0.018293 0.000368062 -0.000440298 -0.018293 0.0895491 -0.000454058 0.00112138 0.000368062 -0.000454058 0.00965216 -0.0178699 -0.000440298 0.00112138 -0.0178699 0.0886169 
0.0099816 -0.0182881 0.000340516 -0.000412747 -0.0182881 0.0895627 -0.000416187 0.00101811 0.000340516 -0.000416187 0.00967548 -0.0178857 -0.000412747 0.00101811 -0.0178857 0.0885927 
0.00999214 -0.0182852 0.000339822 -0.000387878 -0.0182852 0.0895894 -0.00039131 0.000964545 0.000339822 -0.00039131 0.00970724 -0.0179213 -0.000387878 0.000964545 -0.0179213 0.0886592 
0.00998034 -0.0183191 0.000334517 -0.000365555 -0.0183191 0.0896955 -0.000369004 0.000872504 0.000334517 -0.000369004 0.0097148 -0.0179156 -0.000365555 0.000872504 -0.0179156 0.0886299 
0.00997736 -0.0183067 0.000344047 -0.000392214 -0.0183067 0.0897171 -0.000385333 0.000915165 0.000344047 -0.000385333 0.00973653 -0.0179386 -0.000392214 0.000915165 -0.0179386 0.0886712 
0.00997169 -0.0182768 0.000388284 -0.000426082 -0.0182768 0.0896352 -0.000419209 0.000999918 0.000388284 -0.000419209 0.00974834 -0.0179813 -0.000426082 0.000999918 -0.0179813 0.0887831 
0.00997085 -0.0182673 0.000406552 -0.000454787 -0.0182673 0.0895585 -0.000447896 0.00105083 0.000406552 -0.000447896 0.0097469 -0.0180054 -0.000454787 0.00105083 -0.0180054 0.088866 
0.00997548 -0.0182728 0.000435068 -0.000469597 -0.0182728 0.0895756 -0.000462691 0.00109803 0.000435068 -0.000462691 0.00973033 -0.0179863 -0.000469597 0.00109803 -0.0179863 0.088854 
0.00998681 -0.0182925 0.000421151 -0.000493645 -0.0182925 0.0895982 -0.000486741 0.00114954 0.000421151 -0.000486741 0.00972446 -0.017968 -0.000493645 0.00114954 -0.017968 0.0888215 
0.0100158 -0.0182836 0.000427524 -0.000499928 -0.0182836 0.0895801 -0.00049648 0.00119983 0.000427524 -0.00049648 0.00971583 -0.0179802 -0.000499928 0.00119983 -0.0179802 0.0888595 
0.0100362 -0.0183155 0.000443532 -0.000519173 -0.0183155 0.0896313 -0.000512297 0.00124464 0.000443532 -0.000512297 0.00971989 -0.017982 -0.000519173 0.00124464 -0.017982 0.088868 
0.0100684 -0.0183804 0.000452821 -0.000507708 -0.0183804 0.0897958 -0.000511139 0.00122811 0.000452821 -0.000511139 0.00972193 -0.0179516 -0.000507708 0.00122811 -0.0179516 0.0887906 
0.0100797 -0.0184417 0.000438843 -0.000510841 -0.0184417 0.0899697 -0.000514269 0.00122396 0.000438843 -0.000514269 0.00971283 -0.0179171 -0.000510841 0.00122396 -0.0179171 0.0886806 
0.0100578 -0.0184262 0.000424064 -0.000495881 -0.0184262 0.089987 -0.000499301 0.00119695 0.000424064 -0.000499301 0.0097261 -0.0179475 -0.000495881 0.00119695 -0.0179475 0.0887011 
0.0100309 -0.018357 0.0004074 -0.000496412 -0.018357 0.0898232 -0.000496412 0.00120166 0.0004074 -0.000496412 0.00976391 -0.0180146 -0.000496412 0.00120166 -0.0180146 0.088892 
0.0100241 -0.0183335 0.000401239 -0.000473256 -0.0183335 0.0897231 -0.000466397 0.0011557 0.000401239 -0.000466397 0.00974976 -0.0180317 -0.000473256 0.0011557 -0.0180317 0.088979 
0.0100045 -0.0183055 0.000384655 -0.000463647 -0.0183055 0.0896315 -0.000460212 0.00111962 0.000384655 -0.000460212 0.00975375 -0.0180376 -0.000463647 0.00111962 -0.0180376 0.0890545 
0.00999016 -0.018313 0.000379723 -0.000448763 -0.018313 0.0896284 -0.000441859 0.00108048 0.000379723 -0.000441859 0.00974852 -0.0180127 -0.000448763 0.00108048 -0.0180127 0.0889967 
0.00998375 -0.018266 0.000408914 -0.000460895 -0.018266 0.0895384 -0.000450499 0.00109852 0.000408914 -0.000450499 0.00972384 -0.01802 -0.000460895 0.00109852 -0.01802 0.0889735 
0.0100034 -0.0182684 0.000416375 -0.00048924 -0.0182684 0.0895171 -0.00048924 0.00115544 0.000416375 -0.00048924 0.00968765 -0.017977 -0.00048924 0.00115544 -0.017977 0.0888821 
0.0100601 -0.0183004 0.000456652 -0.000515021 -0.0183004 0.0895794 -0.000518455 0.00125322 0.000456652 -0.000518455 0.0096721 -0.0179296 -0.000515021 0.00125322 -0.0179296 0.0887691 
0.0100758 -0.018333 0.000479473 -0.000551394 -0.018333 0.0896204 -0.000565094 0.0013528 0.000479473 -0.000565094 0.00967509 -0.0179357 -0.000551394 0.0013528 -0.0179357 0.0887608 
0.0100889 -0.0183651 0.000500865 -0.000579232 -0.0183651 0.0896924 -0.000592861 0.00144127 0.000500865 -0.000592861 0.00969703 -0.0179528 -0.000579232 0.00144127 -0.0179528 0.0888133 
0.0100872 -0.0183957 0.000486335 -0.000605368 -0.0183957 0.0897951 -0.000615571 0.00149982 0.000486335 -0.000615571 0.0097267 -0.017974 -0.000605368 0.00149982 -0.017974 0.0888599 
0.0100994 -0.0184576 0.000449769 -0.000562211 -0.0184576 0.0900083 -0.000558804 0.00142086 0.000449769 -0.000558804 0.00970751 -0.0179396 -0.000562211 0.00142086 -0.0179396 0.0887578 
0.0101118 -0.0184684 0.000457611 -0.000522496 -0.0184684 0.090105 -0.000512251 0.00131136 0.000457611 -0.000512251 0.00968497 -0.0179425 -0.000522496 0.00131136 -0.0179425 0.088739 
0.0101043 -0.0184765 0.000473318 -0.000524765 -0.0184765 0.0901396 -0.000524765 0.00126904 0.000473318 -0.000524765 0.00968586 -0.0179209 -0.000524765 0.00126904 -0.0179209 0.0887162 
0.0100926 -0.0184644 0.000475552 -0.000540555 -0.0184644 0.0901427 -0.000537134 0.00126244 0.000475552 -0.000537134 0.00971631 -0.0179375 -0.000540555 0.00126244 -0.0179375 0.0887434 
0.0100859 -0.018455 0.000458297 -0.0005438 -0.018455 0.090134 -0.00053696 0.00126887 0.000458297 -0.00053696 0.00973367 -0.0179557 -0.0005438 0.00126887 -0.0179557 0.0887591 
0.0100786 -0.018441 0.000437607 -0.00054359 -0.018441 0.0900855 -0.000540171 0.00131282 0.000437607 -0.000540171 0.00973675 -0.0179761 -0.00054359 0.00131282 -0.0179761 0.0888034 
0.0100642 -0.0184004 0.000420055 -0.000505432 -0.0184004 0.0899498 -0.000512262 0.00126016 0.000420055 -0.000512262 0.00975005 -0.0180111 -0.000505432 0.00126016 -0.0180111 0.0889082 
0.010056 -0.0183614 0.000441084 -0.000482116 -0.0183614 0.0898171 -0.000492373 0.00119674 0.000441084 -0.000492373 0.00974147 -0.0180434 -0.000482116 0.00119674 -0.0180434 0.0890136 
0.0100502 -0.0183929 0.000435476 -0.000490339 -0.0183929 0.0898452 -0.000500626 0.00116927 0.000435476 -0.000500626 0.0097142 -0.0179814 -0.000490339 0.00116927 -0.0179814 0.0888988 
0.0100293 -0.0183688 0.000456815 -0.000508336 -0.0183688 0.089814 -0.000511771 0.00120558 0.000456815 -0.000511771 0.0097099 -0.0179635 -0.000508336 0.00120558 -0.0179635 0.0888214 
0.0100389 -0.018368 0.000453191 -0.000521856 -0.018368 0.0898245 -0.000525289 0.00123254 0.000453191 -0.000525289 0.00967837 -0.0179182 -0.000521856 0.00123254 -0.0179182 0.0886949 
0.010008 -0.0183492 0.000423548 -0.000532851 -0.0183492 0.0897682 -0.000529435 0.00126723 0.000423548 -0.000529435 0.00971428 -0.0179154 -0.000532851 0.00126723 -0.0179154 0.0886752 
0.00998858 -0.0183323 0.000362475 -0.000499258 -0.0183323 0.0897365 -0.000492419 0.00124131 0.000362475 -0.000492419 0.00972527 -0.0179357 -0.000499258 0.00124131 -0.0179357 0.0886764 
0.0099852 -0.0182994 0.000313743 -0.00041605 -0.0182994 0.0896724 -0.000409229 0.00108105 0.000313743 -0.000409229 0.00976012 -0.0179822 -0.00041605 0.00108105 -0.0179822 0.0888096 
