0.00747992 0 -3.62883e-05 0 0 0.00998381 0 0 -3.62883e-05 0 0.00719868 0 0 0 0 0.00998381 
0.0105185 -0.0130699 -5.77036e-05 5.77036e-05 -0.0130699 0.0342512 5.77036e-05 -0.000119529 -5.77036e-05 5.77036e-05 0.0101847 -0.0126453 5.77036e-05 -0.000119529 -0.0126453 0.0334393 
0.0104838 -0.0196961 -2.91794e-05 0.000100044 -0.0196961 0.0722024 0.000100044 -0.000283457 -2.91794e-05 0.000100044 0.0103629 -0.0192626 0.000100044 -0.000283457 -0.0192626 0.0707184 
0.00985335 -0.019303 -3.22928e-05 -2.82562e-05 -0.019303 0.086347 -1.61464e-05 7.26589e-05 -3.22928e-05 -1.61464e-05 0.00980087 -0.0188792 -2.82562e-05 7.26589e-05 -0.0188792 0.0843327 
0.00982982 -0.0185228 -7.65562e-06 -4.59337e-05 -0.0185228 0.089054 -3.06225e-05 0.000187563 -7.65562e-06 -3.06225e-05 0.0097724 -0.0182242 -4.59337e-05 0.000187563 -0.0182242 0.087653 
0.0100378 -0.0184251 -3.65143e-06 -6.20744e-05 -0.0184251 0.0897413 -4.74686e-05 0.000189875 -3.65143e-06 -4.74686e-05 0.00989539 -0.0181476 -6.20744e-05 0.000189875 -0.0181476 0.0887773 
0.0102141 -0.018583 -4.24997e-05 -6.02079e-05 -0.018583 0.0903189 -6.02079e-05 0.000219582 -4.24997e-05 -6.02079e-05 0.00994493 -0.0182253 -6.02079e-05 0.000219582 -0.0182253 0.0893202 
0.010264 -0.0187196 -6.24796e-05 -2.42976e-05 -0.0187196 0.0907308 -2.08265e-05 0.000180497 -6.24796e-05 -2.08265e-05 0.00993773 -0.0182024 -2.42976e-05 0.000180497 -0.0182024 0.0893771 
0.0102704 -0.0187588 -5.82571e-05 1.71344e-05 -0.0187588 0.090929 2.05613e-05 7.88184e-05 -5.82571e-05 2.05613e-05 0.00993797 -0.0181659 1.71344e-05 7.88184e-05 -0.0181659 0.089291 
0.0102517 -0.0187126 -6.46905e-05 1.70238e-05 -0.0187126 0.0908494 2.04286e-05 3.40477e-05 -6.46905e-05 2.04286e-05 0.0099317 -0.0181849 1.70238e-05 3.40477e-05 -0.0181849 0.0892798 
0.010236 -0.0186629 -7.10131e-05 6.425e-05 -0.0186629 0.0906905 5.74868e-05 -7.10131e-05 -7.10131e-05 5.74868e-05 0.00996551 -0.0182436 6.425e-05 -7.10131e-05 -0.0182436 0.089463 
0.0102269 -0.0186442 -4.36474e-05 6.04349e-05 -0.0186442 0.0906054 5.03624e-05 -0.00010744 -4.36474e-05 5.03624e-05 0.0100221 -0.018295 6.04349e-05 -0.00010744 -0.018295 0.0896351 
0.0102016 -0.0186284 -1.68066e-05 2.68905e-05 -0.0186284 0.0905503 1.68066e-05 -5.3781e-05 -1.68066e-05 1.68066e-05 0.0100503 -0.0183662 2.68905e-05 -5.3781e-05 -0.0183662 0.0898109 
0.0101848 -0.0186362 1.3463e-05 -1.3463e-05 -0.0186362 0.0905691 -1.3463e-05 3.02918e-05 1.3463e-05 -1.3463e-05 0.0100501 -0.0183737 -1.3463e-05 3.02918e-05 -0.0183737 0.089859 
0.0101497 -0.0186195 5.05965e-05 -4.04772e-05 -0.0186195 0.090561 -3.71041e-05 9.44469e-05 5.05965e-05 -3.71041e-05 0.0100485 -0.0183564 -4.04772e-05 9.44469e-05 -0.0183564 0.0898493 
0.0101502 -0.0185572 2.69237e-05 -8.41366e-05 -0.0185572 0.0904468 -8.07711e-05 0.000181735 2.69237e-05 -8.07711e-05 0.010056 -0.0184023 -8.41366e-05 0.000181735 -0.0184023 0.0899521 
0.010177 -0.0185906 2.35112e-05 -8.06097e-05 -0.0185906 0.0904776 -7.38922e-05 0.000245188 2.35112e-05 -7.38922e-05 0.0100292 -0.0183622 -8.06097e-05 0.000245188 -0.0183622 0.0898831 
0.0102016 -0.0186106 3.02121e-05 -7.04949e-05 -0.0186106 0.0905423 -6.04242e-05 0.000231626 3.02121e-05 -6.04242e-05 0.0100304 -0.0183555 -7.04949e-05 0.000231626 -0.0183555 0.0898743 
0.0102096 -0.0186376 3.35511e-05 -8.05226e-05 -0.0186376 0.090608 -7.04573e-05 0.000238213 3.35511e-05 -7.04573e-05 0.0100318 -0.0183592 -8.05226e-05 0.000238213 -0.0183592 0.0898733 
0.0102118 -0.0186763 5.38706e-05 -8.41728e-05 -0.0186763 0.0907181 -7.40721e-05 0.000259252 5.38706e-05 -7.40721e-05 0.0100199 -0.0183328 -8.41728e-05 0.000259252 -0.0183328 0.0897956 
0.0101952 -0.0186833 3.0484e-05 -0.000105 -0.0186833 0.0907779 -9.82262e-05 0.000294679 3.0484e-05 -9.82262e-05 0.0099852 -0.0182904 -0.000105 0.000294679 -0.0182904 0.0896737 
0.0101698 -0.0186277 -6.79346e-06 -6.11411e-05 -0.0186277 0.090679 -5.09509e-05 0.000217391 -6.79346e-06 -5.09509e-05 0.00999317 -0.0183016 -6.11411e-05 0.000217391 -0.0183016 0.0897008 
0.0101609 -0.0186075 -6.77622e-06 -1.35524e-05 -0.0186075 0.0906116 -1.01643e-05 0.000105031 -6.77622e-06 -1.01643e-05 0.0100119 -0.0182958 -1.35524e-05 0.000105031 -0.0182958 0.08969 
0.0101467 -0.0186277 2.37946e-05 -1.01977e-05 -0.0186277 0.0906402 -2.03953e-05 6.79844e-05 2.37946e-05 -2.03953e-05 0.0100107 -0.0182742 -1.01977e-05 6.79844e-05 -0.0182742 0.0895763 
0.0101485 -0.0186017 -3.40441e-06 -2.72352e-05 -0.0186017 0.0906117 -4.08529e-05 7.83013e-05 -3.40441e-06 -4.08529e-05 0.00999534 -0.0182885 -2.72352e-05 7.83013e-05 -0.0182885 0.0895767 
0.0101701 -0.0186226 -1.35782e-05 -3.0551e-05 -0.0186226 0.0906483 -4.07347e-05 0.000125599 -1.35782e-05 -4.07347e-05 0.00997322 -0.0182424 -3.0551e-05 0.000125599 -0.0182424 0.0894806 
0.0101843 -0.0186408 1.01437e-05 -3.38125e-05 -0.0186408 0.0906749 -3.71937e-05 0.000142012 1.01437e-05 -3.71937e-05 0.00997129 -0.0182215 -3.38125e-05 0.000142012 -0.0182215 0.0894204 
0.0102096 -0.0186593 6.04514e-05 -6.71682e-05 -0.0186593 0.0907308 -6.04514e-05 0.000198146 6.04514e-05 -6.04514e-05 0.00998119 -0.0182261 -6.71682e-05 0.000198146 -0.0182261 0.0894076 
0.0102246 -0.0186564 6.02035e-05 -9.69945e-05 -0.0186564 0.09072 -9.69945e-05 0.000254193 6.02035e-05 -9.69945e-05 0.0100105 -0.0182851 -9.69945e-05 0.000254193 -0.0182851 0.0895527 
0.0102466 -0.0186698 5.33328e-05 -9.66657e-05 -0.0186698 0.0907291 -9.9999e-05 0.000279997 5.33328e-05 -9.9999e-05 0.0100332 -0.0183465 -9.66657e-05 0.000279997 -0.0183465 0.0897524 
0.0102384 -0.0187106 4.70116e-05 -9.73811e-05 -0.0187106 0.0908062 -9.40231e-05 0.000278711 4.70116e-05 -9.40231e-05 0.0100168 -0.0183547 -9.73811e-05 0.000278711 -0.0183547 0.0898055 
0.0102107 -0.0187173 2.70481e-05 -8.79064e-05 -0.0187173 0.0908513 -8.11444e-05 0.000263719 2.70481e-05 -8.11444e-05 0.00998752 -0.0183116 -8.79064e-05 0.000263719 -0.0183116 0.0897288 
0.0101956 -0.0186637 1.01617e-05 -6.43575e-05 -0.0186637 0.0907745 -6.09702e-05 0.000223558 1.01617e-05 -6.09702e-05 0.00997202 -0.0182911 -6.43575e-05 0.000223558 -0.0182911 0.0897008 
0.0102025 -0.0186618 3.37831e-06 -5.74313e-05 -0.0186618 0.0907346 -4.72963e-05 0.000195942 3.37831e-06 -4.72963e-05 0.0099525 -0.0182496 -5.74313e-05 0.000195942 -0.0182496 0.0895928 
0.0102019 -0.0186585 -3.38261e-05 -3.38261e-05 -0.0186585 0.0907283 -3.04435e-05 0.0001556 -3.38261e-05 -3.04435e-05 0.00996178 -0.018239 -3.38261e-05 0.0001556 -0.018239 0.0895274 
0.0102068 -0.0186313 -7.10215e-05 2.36738e-05 -0.0186313 0.0906674 1.01459e-05 4.39657e-05 -7.10215e-05 1.01459e-05 0.0099836 -0.0182965 2.36738e-05 4.39657e-05 -0.0182965 0.0896528 
0.0102483 -0.0186654 -9.07228e-05 6.38419e-05 -0.0186654 0.0907261 5.04015e-05 -6.04818e-05 -9.07228e-05 5.04015e-05 0.0100265 -0.018326 6.38419e-05 -6.04818e-05 -0.018326 0.089745 
0.0102835 -0.018707 -8.6978e-05 9.36687e-05 -0.018707 0.0908084 8.36327e-05 -0.000137158 -8.6978e-05 8.36327e-05 0.010066 -0.0183758 9.36687e-05 -0.000137158 -0.0183758 0.0898751 
0.0103257 -0.018764 -6.32456e-05 8.32179e-05 -0.018764 0.0909372 7.98892e-05 -0.000173093 -6.32456e-05 7.98892e-05 0.010106 -0.0184344 8.32179e-05 -0.000173093 -0.0184344 0.0900352 
0.0103418 -0.0188245 -4.3313e-05 3.33177e-05 -0.0188245 0.0910805 3.99812e-05 -8.32942e-05 -4.3313e-05 3.99812e-05 0.0101053 -0.018448 3.33177e-05 -8.32942e-05 -0.018448 0.0900843 
0.0103265 -0.0188432 -2.3416e-05 1.33806e-05 -0.0188432 0.0911718 1.67257e-05 -6.69028e-06 -2.3416e-05 1.67257e-05 0.010099 -0.0184418 1.33806e-05 -6.69028e-06 -0.0184418 0.090088 
0.0103025 -0.0188405 -6.69647e-06 -4.01788e-05 -0.0188405 0.0912025 -3.01341e-05 0.000117188 -6.69647e-06 -3.01341e-05 0.0100748 -0.0184052 -4.01788e-05 0.000117188 -0.0184052 0.0899905 
0.0102612 -0.0188133 2.01463e-05 -6.71542e-05 -0.0188133 0.0911686 -5.70811e-05 0.00020482 2.01463e-05 -5.70811e-05 0.0100698 -0.01836 -6.71542e-05 0.00020482 -0.01836 0.0898557 
0.0102429 -0.0187825 4.0155e-05 -7.36175e-05 -0.0187825 0.0911485 -6.6925e-05 0.000250969 4.0155e-05 -6.6925e-05 0.0100789 -0.0183508 -7.36175e-05 0.000250969 -0.0183508 0.0897765 
0.0102098 -0.0187018 4.35314e-05 -7.70171e-05 -0.0187018 0.0909404 -7.36685e-05 0.000227703 4.35314e-05 -7.36685e-05 0.0101127 -0.0184238 -7.70171e-05 0.000227703 -0.0184238 0.0899325 
0.0101653 -0.0186796 6.75208e-05 -9.45291e-05 -0.0186796 0.0908189 -9.11531e-05 0.000263331 6.75208e-05 -9.11531e-05 0.0101045 -0.0184298 -9.45291e-05 0.000263331 -0.0184298 0.089985 
0.010141 -0.0186319 0.000101647 -0.000111812 -0.0186319 0.0907267 -0.000118588 0.000308329 0.000101647 -0.000118588 0.0100834 -0.0184151 -0.000111812 0.000308329 -0.0184151 0.0899779 
0.0101272 -0.0185915 0.000101815 -0.000156117 -0.0185915 0.0905885 -0.000159511 0.000390292 0.000101815 -0.000159511 0.010056 -0.0183912 -0.000156117 0.000390292 -0.0183912 0.0899165 
0.0101363 -0.0185691 8.12802e-05 -0.000165947 -0.0185691 0.0905055 -0.000169334 0.000453814 8.12802e-05 -0.000169334 0.0100381 -0.0183625 -0.000165947 0.000453814 -0.0183625 0.089862 
0.010154 -0.0185701 6.74907e-05 -0.000128232 -0.0185701 0.0904713 -0.000128232 0.000394821 6.74907e-05 -0.000128232 0.0100359 -0.018344 -0.000128232 0.000394821 -0.018344 0.0898133 
0.0101612 -0.0185272 4.04156e-05 -6.39914e-05 -0.0185272 0.090339 -6.39914e-05 0.000222286 4.04156e-05 -6.39914e-05 0.0100803 -0.0184295 -6.39914e-05 0.000222286 -0.0184295 0.0900291 
0.0101792 -0.0185775 3.37282e-05 -4.38466e-05 -0.0185775 0.0904016 -5.39651e-05 0.000138286 3.37282e-05 -5.39651e-05 0.0100611 -0.018419 -4.38466e-05 0.000138286 -0.018419 0.0900306 
0.0101806 -0.0186469 5.08183e-05 -6.43699e-05 -0.0186469 0.0906023 -6.43699e-05 0.000159231 5.08183e-05 -6.43699e-05 0.0100349 -0.0183556 -6.43699e-05 0.000159231 -0.0183556 0.0898739 
0.0101854 -0.0186422 3.39628e-05 -9.50958e-05 -0.0186422 0.0906636 -9.84921e-05 0.000227551 3.39628e-05 -9.84921e-05 0.010002 -0.0183127 -9.50958e-05 0.000227551 -0.0183127 0.0897398 
0.0102167 -0.0186354 1.01389e-05 -9.12504e-05 -0.0186354 0.0906658 -8.78708e-05 0.000277131 1.01389e-05 -8.78708e-05 0.00996995 -0.0182839 -9.12504e-05 0.000277131 -0.0182839 0.0896586 
0.0102251 -0.018664 -3.73551e-05 -6.45225e-05 -0.018664 0.0906711 -5.43347e-05 0.000234318 -3.73551e-05 -5.43347e-05 0.00991948 -0.0182429 -6.45225e-05 0.000234318 -0.0182429 0.0895402 
0.0102098 -0.0186863 -3.39875e-05 -3.39875e-06 -0.0186863 0.0907296 0 0.000125754 -3.39875e-05 0 0.00989715 -0.0181663 -3.39875e-06 0.000125754 -0.0181663 0.0893599 
0.0102013 -0.018651 -5.43166e-05 2.03687e-05 -0.018651 0.0906986 1.6974e-05 2.71583e-05 -5.43166e-05 1.6974e-05 0.00989242 -0.0181553 2.03687e-05 2.71583e-05 -0.0181553 0.0892762 
0.0101995 -0.018617 -9.11272e-05 6.07515e-05 -0.018617 0.0905872 6.07515e-05 -7.76269e-05 -9.11272e-05 6.07515e-05 0.00992949 -0.0181984 6.07515e-05 -7.76269e-05 -0.0181984 0.0893756 
0.0101822 -0.0186173 -8.76903e-05 8.43176e-05 -0.0186173 0.0905571 9.44357e-05 -0.000168635 -8.76903e-05 9.44357e-05 0.00996297 -0.0182261 8.43176e-05 -0.000168635 -0.0182261 0.0894374 
0.0101678 -0.0186538 -3.71456e-05 5.06531e-05 -0.0186538 0.090669 5.06531e-05 -0.000104683 -3.71456e-05 5.06531e-05 0.00996177 -0.0182013 5.06531e-05 -0.000104683 -0.0182013 0.0893622 
0.0101624 -0.0186198 -3.7287e-05 -6.77945e-06 -0.0186198 0.0906345 0 3.38973e-06 -3.7287e-05 0 0.0099319 -0.0182164 -6.77945e-06 3.38973e-06 -0.0182164 0.0893803 
0.0101703 -0.0186183 -3.73657e-05 -3.39688e-06 -0.0186183 0.0906321 -3.39688e-06 6.45407e-05 -3.73657e-05 -3.39688e-06 0.00988831 -0.0181631 -3.39688e-06 6.45407e-05 -0.0181631 0.0893005 
0.0101838 -0.018608 -5.0953e-05 3.39687e-06 -0.018608 0.090574 1.35875e-05 4.07624e-05 -5.0953e-05 1.35875e-05 0.0098611 -0.0181427 3.39687e-06 4.07624e-05 -0.0181427 0.0892561 
0.0101992 -0.0186389 -3.06281e-05 1.02094e-05 -0.0186389 0.0906251 1.70156e-05 4.08374e-05 -3.06281e-05 1.70156e-05 0.00980779 -0.0180672 1.02094e-05 4.08374e-05 -0.0180672 0.0890835 
0.0101824 -0.0186444 -2.38944e-05 -6.82696e-06 -0.0186444 0.0906518 -1.02404e-05 5.46157e-05 -2.38944e-05 -1.02404e-05 0.00978304 -0.0180164 -6.82696e-06 5.46157e-05 -0.0180164 0.0889314 
0.0101734 -0.0185927 -3.41275e-05 0 -0.0185927 0.090547 -1.02382e-05 6.14295e-05 -3.41275e-05 -1.02382e-05 0.00978776 -0.018033 0 6.14295e-05 -0.018033 0.0889533 
0.0101915 -0.0185641 -8.20513e-05 3.07692e-05 -0.0185641 0.0904137 1.7094e-05 3.4188e-06 -8.20513e-05 1.7094e-05 0.00975726 -0.0180479 3.07692e-05 3.4188e-06 -0.0180479 0.0890154 
0.0101956 -0.0185577 -7.85331e-05 7.51187e-05 -0.0185577 0.0903302 6.48752e-05 -8.53621e-05 -7.85331e-05 6.48752e-05 0.00976884 -0.018049 7.51187e-05 -8.53621e-05 -0.018049 0.0890737 
0.0101934 -0.0185774 -9.89977e-05 9.21703e-05 -0.0185774 0.090361 8.87566e-05 -0.000184341 -9.89977e-05 8.87566e-05 0.00978029 -0.0180415 9.21703e-05 -0.000184341 -0.0180415 0.0890638 
0.0101684 -0.0185988 -9.21917e-05 8.19482e-05 -0.0185988 0.0904196 8.53627e-05 -0.000170725 -9.21917e-05 8.53627e-05 0.00979281 -0.0180184 8.19482e-05 -0.000170725 -0.0180184 0.088965 
0.0101312 -0.0185842 -8.57995e-05 7.20716e-05 -0.0185842 0.0904327 7.20716e-05 -0.000144143 -8.57995e-05 7.20716e-05 0.00979144 -0.0180042 7.20716e-05 -0.000144143 -0.0180042 0.0888711 
0.0101006 -0.0185379 -9.98698e-05 5.85444e-05 -0.0185379 0.0903787 5.85444e-05 -0.000103314 -9.98698e-05 5.85444e-05 0.00978036 -0.0179903 5.85444e-05 -0.000103314 -0.0179903 0.0888015 
0.0100865 -0.0184942 -0.000106426 6.86622e-05 -0.0184942 0.0902943 7.55284e-05 -0.00010986 -0.000106426 7.55284e-05 0.00978093 -0.0179758 6.86622e-05 -0.00010986 -0.0179758 0.0887562 
0.010075 -0.0184884 -7.8471e-05 8.18828e-05 -0.0184884 0.0902314 8.52945e-05 -0.000129648 -7.8471e-05 8.52945e-05 0.00979864 -0.0179664 8.18828e-05 -0.000129648 -0.0179664 0.0887166 
0.0100672 -0.0184503 -5.78379e-05 6.80446e-05 -0.0184503 0.090125 6.80446e-05 -0.00012248 -5.78379e-05 6.80446e-05 0.00982223 -0.0180318 6.80446e-05 -0.00012248 -0.0180318 0.088839 
0.0100653 -0.0184201 -4.77029e-05 5.7925e-05 -0.0184201 0.0900188 5.11103e-05 -0.00011585 -4.77029e-05 5.11103e-05 0.00981999 -0.0180862 5.7925e-05 -0.00011585 -0.0180862 0.0890137 
0.0100536 -0.0184231 -2.39617e-05 3.08079e-05 -0.0184231 0.0899898 2.39617e-05 -6.16158e-05 -2.39617e-05 2.39617e-05 0.00980718 -0.0180671 3.08079e-05 -6.16158e-05 -0.0180671 0.0890416 
0.0100254 -0.0184204 6.85028e-06 6.85028e-06 -0.0184204 0.0900024 6.85028e-06 -6.85028e-06 6.85028e-06 6.85028e-06 0.00982672 -0.0180505 6.85028e-06 -6.85028e-06 -0.0180505 0.0890228 
0.0100126 -0.0183604 2.05949e-05 -4.46223e-05 -0.0183604 0.0898865 -4.11898e-05 9.61096e-05 2.05949e-05 -4.11898e-05 0.00983751 -0.0180995 -4.46223e-05 9.61096e-05 -0.0180995 0.0891176 
0.0100141 -0.0183312 -6.85662e-06 -3.42831e-05 -0.0183312 0.0897566 -2.74265e-05 0.000113134 -6.85662e-06 -2.74265e-05 0.00983582 -0.0181152 -3.42831e-05 0.000113134 -0.0181152 0.0891977 
0.010019 -0.0183654 -2.05659e-05 -3.42765e-05 -0.0183654 0.0898182 -2.39936e-05 0.000130251 -2.05659e-05 -2.39936e-05 0.00982365 -0.0180706 -3.42765e-05 0.000130251 -0.0180706 0.0890915 
0.0100211 -0.0183754 -2.74363e-05 0 -0.0183754 0.089864 3.42953e-06 7.88792e-05 -2.74363e-05 3.42953e-06 0.00982561 -0.0180599 0 7.88792e-05 -0.0180599 0.0890306 
0.0100292 -0.0183869 -3.07644e-05 1.70913e-05 -0.0183869 0.0899175 2.05096e-05 2.05096e-05 -3.07644e-05 2.05096e-05 0.00983093 -0.0180553 1.70913e-05 2.05096e-05 -0.0180553 0.0889911 
0.0100512 -0.0184102 -3.41879e-05 1.02564e-05 -0.0184102 0.0899826 1.02564e-05 1.36752e-05 -3.41879e-05 1.02564e-05 0.00981193 -0.0180444 1.02564e-05 1.36752e-05 -0.0180444 0.0889433 
0.0100373 -0.0184624 -2.4062e-05 6.87486e-06 -0.0184624 0.0901157 1.03123e-05 1.71872e-05 -2.4062e-05 1.03123e-05 0.00978293 -0.0179812 6.87486e-06 1.71872e-05 -0.0179812 0.0887716 
0.0100182 -0.0184292 1.03245e-05 0 -0.0184292 0.090105 6.88298e-06 2.06489e-05 1.03245e-05 6.88298e-06 0.00978071 -0.0179749 0 2.06489e-05 -0.0179749 0.088725 
0.0100152 -0.0183932 4.79524e-05 -4.79524e-05 -0.0183932 0.0900067 -4.79524e-05 0.000116456 4.79524e-05 -4.79524e-05 0.0097823 -0.0179753 -4.79524e-05 0.000116456 -0.0179753 0.0887223 
0.0100134 -0.0183664 6.80487e-05 -8.84634e-05 -0.0183664 0.0899128 -9.86707e-05 0.000231366 6.80487e-05 -9.86707e-05 0.00981603 -0.0180193 -8.84634e-05 0.000231366 -0.0180193 0.0888308 
0.0100039 -0.0183326 5.77673e-05 -8.4952e-05 -0.0183326 0.0897976 -9.85443e-05 0.000234467 5.77673e-05 -9.85443e-05 0.00986122 -0.0180982 -8.4952e-05 0.000234467 -0.0180982 0.0890534 
0.00997387 -0.0183526 3.75728e-05 -7.51456e-05 -0.0183526 0.089799 -8.1977e-05 0.000232268 3.75728e-05 -8.1977e-05 0.00987823 -0.0181135 -7.51456e-05 0.000232268 -0.0181135 0.0891363 
0.0099664 -0.0183197 2.39742e-05 -7.19225e-05 -0.0183197 0.0897764 -8.21971e-05 0.000239742 2.39742e-05 -8.21971e-05 0.00986366 -0.0181313 -7.19225e-05 0.000239742 -0.0181313 0.0891736 
0.00995001 -0.0183136 4.11157e-05 -5.4821e-05 -0.0183136 0.089742 -5.82473e-05 0.000205579 4.11157e-05 -5.82473e-05 0.00987806 -0.0181252 -5.4821e-05 0.000205579 -0.0181252 0.0891938 
0.0099678 -0.0182949 6.50819e-05 -7.5358e-05 -0.0182949 0.0897068 -7.5358e-05 0.000219223 6.50819e-05 -7.5358e-05 0.00985476 -0.018127 -7.5358e-05 0.000219223 -0.018127 0.0891759 
0.0099874 -0.0183142 8.21726e-05 -0.000109564 -0.0183142 0.089712 -0.000102716 0.000277333 8.21726e-05 -0.000102716 0.0098299 -0.0180883 -0.000109564 0.000277333 -0.0180883 0.0891197 
0.00998875 -0.0183556 8.57257e-05 -0.000130303 -0.0183556 0.0897993 -0.000116587 0.000336045 8.57257e-05 -0.000116587 0.00981387 -0.0180401 -0.000130303 0.000336045 -0.0180401 0.0889969 
0.00999386 -0.0183627 8.57107e-05 -0.000137137 -0.0183627 0.0898591 -0.000123423 0.000356556 8.57107e-05 -0.000123423 0.00980187 -0.0180198 -0.000137137 0.000356556 -0.0180198 0.0888991 
0.00997853 -0.0183373 7.53355e-05 -0.00010273 -0.0183373 0.0898136 -9.58815e-05 0.000287645 7.53355e-05 -9.58815e-05 0.00983471 -0.0180463 -0.00010273 0.000287645 -0.0180463 0.0889438 
0.00995183 -0.0183276 6.8374e-05 -9.57236e-05 -0.0183276 0.0897819 -8.20488e-05 0.000232471 6.8374e-05 -8.20488e-05 0.00986294 -0.0180576 -9.57236e-05 0.000232471 -0.0180576 0.0889648 
0.00991827 -0.0182962 8.87999e-05 -9.90461e-05 -0.0182962 0.0897358 -9.56307e-05 0.000245908 8.87999e-05 -9.56307e-05 0.00989095 -0.0180879 -9.90461e-05 0.000245908 -0.0180879 0.0890083 
0.00990028 -0.0182591 0.000115952 -0.000115952 -0.0182591 0.0896584 -0.000115952 0.00028306 0.000115952 -0.000115952 0.00992074 -0.0181397 -0.000115952 0.00028306 -0.0181397 0.0891366 
0.00990129 -0.0182293 0.000143646 -0.000153906 -0.0182293 0.0895597 -0.000147066 0.000352274 0.000143646 -0.000147066 0.00991156 -0.0181746 -0.000153906 0.000352274 -0.0181746 0.0892519 
0.00991015 -0.0182029 0.000150777 -0.000188471 -0.0182029 0.0894586 -0.000181618 0.00043177 0.000150777 -0.000181618 0.00989302 -0.0181892 -0.000188471 0.00043177 -0.0181892 0.0893284 
0.00991636 -0.018209 0.000160658 -0.000181167 -0.018209 0.0894147 -0.000177749 0.000444373 0.000160658 -0.000177749 0.00988217 -0.018168 -0.000181167 0.000444373 -0.018168 0.0893395 
0.00990994 -0.018231 0.000181488 -0.00019861 -0.018231 0.08946 -0.000212307 0.000489676 0.000181488 -0.000212307 0.00987227 -0.0181317 -0.00019861 0.000489676 -0.0181317 0.0892443 
0.00991377 -0.0182376 0.000154527 -0.000219772 -0.0182376 0.0895193 -0.00022664 0.00053226 0.000154527 -0.00022664 0.00986226 -0.0181174 -0.000219772 0.00053226 -0.0181174 0.0891759 
0.00990885 -0.0182617 0.000165607 -0.000203559 -0.0182617 0.0896005 -0.000207009 0.000538224 0.000165607 -0.000207009 0.00983639 -0.0180719 -0.000203559 0.000538224 -0.0180719 0.0890485 
0.00992456 -0.0182645 0.000151573 -0.00021358 -0.0182645 0.0896311 -0.000217024 0.000554618 0.000151573 -0.000217024 0.00983499 -0.0180544 -0.00021358 0.000554618 -0.0180544 0.08898 
0.00997288 -0.0183048 0.000168217 -0.000199114 -0.0183048 0.089749 -0.000202547 0.000538982 0.000168217 -0.000202547 0.00981839 -0.0180267 -0.000199114 0.000538982 -0.0180267 0.0888874 
0.00997244 -0.0183371 0.000205688 -0.000215972 -0.0183371 0.0898136 -0.000212544 0.000541645 0.000205688 -0.000212544 0.00983188 -0.0180251 -0.000215972 0.000541645 -0.0180251 0.0888503 
0.0099442 -0.0183172 0.000222504 -0.000253312 -0.0183172 0.0897854 -0.000243042 0.000588779 0.000222504 -0.000243042 0.00988259 -0.0180741 -0.000253312 0.000588779 -0.0180741 0.0889604 
0.00991477 -0.01827 0.000235985 -0.000290706 -0.01827 0.0896741 -0.000277025 0.000690853 0.000235985 -0.000277025 0.00990793 -0.0181366 -0.000290706 0.000690853 -0.0181366 0.0891098 
0.00989768 -0.0182288 0.000273039 -0.000317408 -0.0182288 0.0895603 -0.000303756 0.000774749 0.000273039 -0.000303756 0.0099284 -0.018181 -0.000317408 0.000774749 -0.018181 0.0892532 
0.00991583 -0.018224 0.000279896 -0.000337923 -0.018224 0.0895223 -0.000341337 0.000836275 0.000279896 -0.000341337 0.00991241 -0.0181932 -0.000337923 0.000836275 -0.0181932 0.0893141 
0.00994701 -0.0182818 0.000290948 -0.000352561 -0.0182818 0.0896327 -0.000355984 0.000886537 0.000290948 -0.000355984 0.00986144 -0.0181244 -0.000352561 0.000886537 -0.0181244 0.0891911 
0.00995809 -0.0183118 0.000270247 -0.000348927 -0.0183118 0.0897323 -0.000352348 0.000886 0.000270247 -0.000352348 0.00984863 -0.0180895 -0.000348927 0.000886 -0.0180895 0.0890926 
0.00994658 -0.0183072 0.000259773 -0.000314462 -0.0183072 0.089755 -0.00031788 0.000806664 0.000259773 -0.00031788 0.00987138 -0.0180952 -0.000314462 0.000806664 -0.0180952 0.0890714 
0.00993207 -0.0183013 0.000236478 -0.000315304 -0.0183013 0.0897451 -0.000315304 0.000777978 0.000236478 -0.000315304 0.00987724 -0.0181026 -0.000315304 0.000777978 -0.0181026 0.0890733 
0.00991861 -0.0182561 0.000240077 -0.000284663 -0.0182561 0.0896276 -0.000277804 0.000723661 0.000240077 -0.000277804 0.00988432 -0.0181464 -0.000284663 0.000723661 -0.0181464 0.0891886 
0.00991509 -0.0182186 0.000235586 -0.000279971 -0.0182186 0.0895123 -0.000269729 0.000662371 0.000235586 -0.000269729 0.00990826 -0.0181742 -0.000279971 0.000662371 -0.0181742 0.0892972 
0.00992211 -0.0182632 0.000252141 -0.000289622 -0.0182632 0.089592 -0.000286215 0.000701907 0.000252141 -0.000286215 0.00990848 -0.018144 -0.000289622 0.000701907 -0.018144 0.0892138 
0.0098871 -0.0182486 0.00029692 -0.000317397 -0.0182486 0.0895914 -0.000313985 0.000767897 0.00029692 -0.000313985 0.00993488 -0.0181667 -0.000317397 0.000767897 -0.0181667 0.0892433 
0.0098603 -0.0181865 0.000362159 -0.000375826 -0.0181865 0.0894533 -0.000372409 0.000881482 0.000362159 -0.000372409 0.00995938 -0.0182344 -0.000375826 0.000881482 -0.0182344 0.0894089 
0.00986855 -0.0181673 0.000367537 -0.000429366 -0.0181673 0.0893734 -0.000432801 0.000996129 0.000367537 -0.000432801 0.00993037 -0.0182429 -0.000429366 0.000996129 -0.0182429 0.0894627 
0.00987427 -0.0182161 0.000352036 -0.000438319 -0.0182161 0.0894758 -0.000431417 0.00105956 0.000352036 -0.000431417 0.00988117 -0.0181506 -0.000438319 0.00105956 -0.0181506 0.0892826 
0.0098866 -0.0182261 0.000338416 -0.00043856 -0.0182261 0.0895353 -0.000435107 0.00108431 0.000338416 -0.000435107 0.00985206 -0.0180811 -0.00043856 0.00108431 -0.0180811 0.089083 
0.00989002 -0.0182399 0.000324602 -0.000414386 -0.0182399 0.0895765 -0.000414386 0.00105323 0.000324602 -0.000414386 0.00982095 -0.0180258 -0.000414386 0.00105323 -0.0180258 0.0888893 
0.00990136 -0.0182263 0.000309096 -0.000405259 -0.0182263 0.0895347 -0.000405259 0.00103375 0.000309096 -0.000405259 0.00982924 -0.0180237 -0.000405259 0.00103375 -0.0180237 0.088841 
0.00989261 -0.0182016 0.000267368 -0.000359918 -0.0182016 0.0894551 -0.000363346 0.000932359 0.000267368 -0.000363346 0.00984805 -0.0180679 -0.000359918 0.000932359 -0.0180679 0.0889478 
0.00990833 -0.018204 0.000242583 -0.00029725 -0.018204 0.0894483 -0.00029725 0.000782416 0.000242583 -0.00029725 0.00987075 -0.0181015 -0.00029725 0.000782416 -0.0181015 0.0890588 
0.00990567 -0.0182226 0.000222561 -0.000270497 -0.0182226 0.0894729 -0.000273921 0.000684803 0.000222561 -0.000273921 0.00989197 -0.0181404 -0.000270497 0.000684803 -0.0181404 0.0891853 
0.00990207 -0.0182194 0.000260131 -0.000256708 -0.0182194 0.0894849 -0.000260131 0.000622944 0.000260131 -0.000260131 0.00991919 -0.0181783 -0.000256708 0.000622944 -0.0181783 0.0892967 
0.00990481 -0.0182464 0.000283287 -0.000307179 -0.0182464 0.0895631 -0.000310592 0.000703098 0.000283287 -0.000310592 0.00991846 -0.0181611 -0.000307179 0.000703098 -0.0181611 0.0892457 
0.00989568 -0.0182105 0.000261216 -0.000339242 -0.0182105 0.0895089 -0.000339242 0.000783649 0.000261216 -0.000339242 0.00994996 -0.0182003 -0.000339242 0.000783649 -0.0182003 0.0893359 
0.00989671 -0.0182371 0.000252015 -0.000323533 -0.0182371 0.0895301 -0.000323533 0.000810536 0.000252015 -0.000323533 0.00992055 -0.018186 -0.000323533 0.000810536 -0.018186 0.0892951 
0.00990402 -0.0182299 0.00024488 -0.0003061 -0.0182299 0.0895375 -0.000309501 0.000775452 0.00024488 -0.000309501 0.00991082 -0.0181823 -0.0003061 0.000775452 -0.0181823 0.0893164 
0.00992426 -0.0182587 0.000245633 -0.000300218 -0.0182587 0.0895981 -0.000307041 0.000757369 0.000245633 -0.000307041 0.0098765 -0.018153 -0.000300218 0.000757369 -0.018153 0.0892501 
0.00990529 -0.0182525 0.000252843 -0.000290428 -0.0182525 0.0895815 -0.000293844 0.000717527 0.000252843 -0.000293844 0.00989845 -0.0181534 -0.000290428 0.000717527 -0.0181534 0.0892706 
0.00990755 -0.0182207 0.000266295 -0.000286779 -0.0182207 0.0895366 -0.000293608 0.000706707 0.000266295 -0.000293608 0.00992462 -0.0181934 -0.000286779 0.000706707 -0.0181934 0.0893625 
0.00989994 -0.0181961 0.000246216 -0.000287252 -0.0181961 0.0894585 -0.000290672 0.000666835 0.000246216 -0.000290672 0.00995124 -0.0182439 -0.000287252 0.000666835 -0.0182439 0.0895167 
0.00991509 -0.018245 0.000232813 -0.000280745 -0.018245 0.089544 -0.000280745 0.000667625 0.000232813 -0.000280745 0.0099596 -0.0182416 -0.000280745 0.000667625 -0.0182416 0.0895131 
0.00994318 -0.0182975 0.000266518 -0.000290436 -0.0182975 0.0897004 -0.000290436 0.000714132 0.000266518 -0.000290436 0.00995343 -0.0182087 -0.000290436 0.000714132 -0.0182087 0.0894168 
0.00994445 -0.0182997 0.000313748 -0.000354672 -0.0182997 0.0897387 -0.000347851 0.000838935 0.000313748 -0.000347851 0.00996491 -0.0182213 -0.000354672 0.000838935 -0.0182213 0.0894148 
0.00998127 -0.0183097 0.000322414 -0.000414048 -0.0183097 0.0897839 -0.000400472 0.000984212 0.000322414 -0.000400472 0.00996769 -0.0182453 -0.000414048 0.000984212 -0.0182453 0.089475 
0.0099879 -0.0183548 0.000333043 -0.000414605 -0.0183548 0.0898469 -0.000401011 0.00102972 0.000333043 -0.000401011 0.00996751 -0.0182494 -0.000414605 0.00102972 -0.0182494 0.0894901 
0.00999637 -0.0183922 0.00033909 -0.000400126 -0.0183922 0.0899843 -0.000393344 0.000996924 0.00033909 -0.000393344 0.00997942 -0.0182295 -0.000400126 0.000996924 -0.0182295 0.089435 
0.00999377 -0.0183724 0.00035668 -0.000397059 -0.0183724 0.0899877 -0.000393694 0.000972458 0.00035668 -0.000393694 0.0100308 -0.0182782 -0.000397059 0.000972458 -0.0182782 0.0895503 
0.00999427 -0.018383 0.000360913 -0.000411509 -0.018383 0.0900091 -0.000425001 0.000995042 0.000360913 -0.000425001 0.0100482 -0.0183223 -0.000411509 0.000995042 -0.0183223 0.0896381 
0.00997492 -0.0184048 0.000360744 -0.000439019 -0.0184048 0.0900601 -0.000442422 0.00107543 0.000360744 -0.000442422 0.010009 -0.0183027 -0.000439019 0.00107543 -0.0183027 0.0896075 
0.00995738 -0.0183581 0.00029831 -0.000428606 -0.0183581 0.089973 -0.000435464 0.00107323 0.00029831 -0.000435464 0.00996081 -0.0182758 -0.000428606 0.00107323 -0.0182758 0.089565 
