0.00652844 0 -0.000216263 0 0 0.00998414 0 0 -0.000216263 0 0.00805129 0 0 0 0 0.00998414 
0.00936604 -0.0116438 -0.000250803 0.000312476 -0.0116438 0.031523 0.000312476 -0.000592059 -0.000250803 0.000312476 0.0112039 -0.0138969 0.000312476 -0.000592059 -0.0138969 0.0358401 
0.00955092 -0.0180998 -0.000180285 0.000272524 -0.0180998 0.0671416 0.000272524 -0.000867885 -0.000180285 0.000272524 0.0110938 -0.0205777 0.000272524 -0.000867885 -0.0205777 0.0749106 
0.00904089 -0.0181226 -0.000208165 0.0002449 -0.0181226 0.0822252 0.000228573 -0.00075919 -0.000208165 0.000228573 0.0104001 -0.0198369 0.0002449 -0.00075919 -0.0198369 0.0878252 
0.00901138 -0.0175013 -0.000243342 0.00028583 -0.0175013 0.0861314 0.00027038 -0.000702988 -0.000243342 0.00027038 0.010371 -0.0190077 0.00028583 -0.000702988 -0.0190077 0.0900365 
0.00915038 -0.0173688 -0.000260496 0.000308192 -0.0173688 0.0871671 0.000293517 -0.000719116 -0.000260496 0.000293517 0.0105923 -0.0189502 0.000308192 -0.000719116 -0.0189502 0.0907994 
0.00926793 -0.0174253 -0.000230634 0.00025902 -0.0174253 0.0875415 0.000248375 -0.000603196 -0.000230634 0.000248375 0.0107298 -0.0191426 0.00025902 -0.000603196 -0.0191426 0.0914942 
0.0093082 -0.0175266 -0.00022212 0.000260296 -0.0175266 0.0878101 0.000256826 -0.000590005 -0.00022212 0.000256826 0.0107936 -0.0192168 0.000260296 -0.000590005 -0.0192168 0.0918395 
0.0093029 -0.0175756 -0.000222476 0.00025328 -0.0175756 0.0879839 0.000249857 -0.00059555 -0.000222476 0.000249857 0.0108328 -0.0192424 0.00025328 -0.00059555 -0.0192424 0.0919474 
0.00930251 -0.0175703 -0.000230697 0.00024766 -0.0175703 0.0880143 0.000240875 -0.000580135 -0.000230697 0.000240875 0.0108597 -0.0193005 0.00024766 -0.000580135 -0.0193005 0.0920481 
0.00931943 -0.0175749 -0.000236448 0.000270226 -0.0175749 0.0880229 0.000273604 -0.00063841 -0.000236448 0.000273604 0.0108462 -0.0193178 0.000270226 -0.00063841 -0.0193178 0.0920999 
0.00930322 -0.0175829 -0.000227073 0.000264354 -0.0175829 0.0880299 0.000267743 -0.000643939 -0.000227073 0.000267743 0.0108182 -0.0193046 0.000264354 -0.000643939 -0.0193046 0.0920901 
0.00928237 -0.0175514 -0.00020605 0.000219561 -0.0175514 0.0879866 0.000229695 -0.000543836 -0.00020605 0.000229695 0.0108227 -0.0193045 0.000219561 -0.000543836 -0.0193045 0.0921245 
0.00926733 -0.0175577 -0.000223881 0.000254411 -0.0175577 0.0880125 0.000261195 -0.000600409 -0.000223881 0.000261195 0.0108141 -0.0192775 0.000254411 -0.000600409 -0.0192775 0.0920526 
0.00929029 -0.0175551 -0.000220712 0.00026825 -0.0175551 0.0880506 0.000264855 -0.000638368 -0.000220712 0.000264855 0.0107979 -0.0192733 0.00026825 -0.000638368 -0.0192733 0.0920302 
0.00930496 -0.0175753 -0.000217104 0.000257812 -0.0175753 0.0880867 0.000247635 -0.000617391 -0.000217104 0.000247635 0.0107942 -0.0192477 0.000257812 -0.000617391 -0.0192477 0.091981 
0.00932191 -0.0175851 -0.000190035 0.000217183 -0.0175851 0.0880984 0.00021379 -0.00051581 -0.000190035 0.00021379 0.0107811 -0.0192513 0.000217183 -0.00051581 -0.0192513 0.0919839 
0.00932699 -0.0175906 -0.000189656 0.000199816 -0.0175906 0.0880883 0.000193042 -0.000457206 -0.000189656 0.000193042 0.0107934 -0.0192568 0.000199816 -0.000457206 -0.0192568 0.0920338 
0.00931223 -0.0175834 -0.000200081 0.000223819 -0.0175834 0.0880525 0.000230601 -0.000518853 -0.000200081 0.000230601 0.0108213 -0.0192925 0.000223819 -0.000518853 -0.0192925 0.0921219 
0.00929355 -0.017556 -0.000203508 0.000230643 -0.017556 0.0879937 0.000240818 -0.000559648 -0.000203508 0.000240818 0.01083 -0.0193197 0.000230643 -0.000559648 -0.0193197 0.0921961 
0.0092625 -0.0175702 -0.000234451 0.000241246 -0.0175702 0.0880311 0.000241246 -0.000584428 -0.000234451 0.000241246 0.0108561 -0.0193031 0.000241246 -0.000584428 -0.0193031 0.0921731 
0.00927416 -0.0175311 -0.000244952 0.000275571 -0.0175311 0.087982 0.000275571 -0.000632793 -0.000244952 0.000275571 0.0108391 -0.0193376 0.000275571 -0.000632793 -0.0193376 0.0921973 
0.00930987 -0.0175273 -0.000244282 0.000295174 -0.0175273 0.0879314 0.000291782 -0.000695526 -0.000244282 0.000291782 0.0108129 -0.0193288 0.000295174 -0.000695526 -0.0193288 0.0922267 
0.00934171 -0.0175788 -0.000233797 0.000288011 -0.0175788 0.0879856 0.000284622 -0.000708167 -0.000233797 0.000284622 0.0107919 -0.0192832 0.000288011 -0.000708167 -0.0192832 0.0921465 
0.00936055 -0.0176119 -0.000240101 0.0002773 -0.0176119 0.0880832 0.0002773 -0.000700013 -0.000240101 0.0002773 0.0107572 -0.0192453 0.0002773 -0.000700013 -0.0192453 0.0920398 
0.00936372 -0.0176212 -0.000216502 0.000260479 -0.0176212 0.0881096 0.000260479 -0.000625827 -0.000216502 0.000260479 0.0107372 -0.0192247 0.000260479 -0.000625827 -0.0192247 0.0919695 
0.00935789 -0.0176316 -0.000196509 0.000237166 -0.0176316 0.088158 0.000233778 -0.000572586 -0.000196509 0.000233778 0.0107233 -0.0191901 0.000237166 -0.000572586 -0.0191901 0.0918849 
0.0093382 -0.0176407 -0.000192924 0.000223386 -0.0176407 0.0882035 0.000220001 -0.000548311 -0.000192924 0.000220001 0.0107394 -0.0191739 0.000223386 -0.000548311 -0.0191739 0.0918251 
0.00935212 -0.0176084 -0.000172498 0.000175881 -0.0176084 0.0881602 0.000165734 -0.000405878 -0.000172498 0.000165734 0.0107355 -0.0191981 0.000175881 -0.000405878 -0.0191981 0.0918402 
0.00933815 -0.0176151 -0.000168986 0.000168986 -0.0176151 0.0881396 0.000165606 -0.000365009 -0.000168986 0.000165606 0.0107374 -0.0191833 0.000168986 -0.000365009 -0.0191833 0.091837 
0.00935183 -0.0176011 -0.000172493 0.000196169 -0.0176011 0.0881237 0.000196169 -0.000419395 -0.000172493 0.000196169 0.0107013 -0.0191806 0.000196169 -0.000419395 -0.0191806 0.0918002 
0.0093599 -0.017616 -0.000165393 0.000209273 -0.017616 0.0881241 0.000216024 -0.000492804 -0.000165393 0.000216024 0.010683 -0.0191417 0.000209273 -0.000492804 -0.0191417 0.0917526 
0.00936145 -0.0176132 -0.000165779 0.000199612 -0.0176132 0.0881099 0.000199612 -0.000490571 -0.000165779 0.000199612 0.0106775 -0.0191356 0.000199612 -0.000490571 -0.0191356 0.0917503 
0.00932013 -0.0176017 -0.000176492 0.00020025 -0.0176017 0.0880695 0.00020025 -0.000502323 -0.000176492 0.00020025 0.0107015 -0.0191358 0.00020025 -0.000502323 -0.0191358 0.0917588 
0.0092769 -0.0175605 -0.000183701 0.00020071 -0.0175605 0.0879928 0.000197308 -0.000479664 -0.000183701 0.000197308 0.0107295 -0.0191661 0.00020071 -0.000479664 -0.0191661 0.0918165 
0.00929647 -0.0175055 -0.000201134 0.000231815 -0.0175055 0.087875 0.000231815 -0.000552266 -0.000201134 0.000231815 0.0106976 -0.0191964 0.000231815 -0.000552266 -0.0191964 0.0918773 
0.0093138 -0.0175329 -0.000203358 0.00024403 -0.0175329 0.0878677 0.00024403 -0.000586349 -0.000203358 0.00024403 0.0107204 -0.0191733 0.00024403 -0.000586349 -0.0191733 0.091884 
0.0093314 -0.017559 -0.000196379 0.000216694 -0.017559 0.0879406 0.000223466 -0.000545122 -0.000196379 0.000223466 0.010723 -0.0191808 0.000216694 -0.000545122 -0.0191808 0.091875 
0.00939712 -0.0175862 -0.000175963 0.000189499 -0.0175862 0.0879952 0.000189499 -0.000439908 -0.000175963 0.000189499 0.010683 -0.0191969 0.000189499 -0.000439908 -0.0191969 0.0919037 
0.00943205 -0.0176475 -0.000155455 0.000158834 -0.0176475 0.0881057 0.000148696 -0.000327807 -0.000155455 0.000148696 0.010652 -0.0191514 0.000158834 -0.000327807 -0.0191514 0.0918501 
0.00942622 -0.017694 -0.000145227 0.000148604 -0.017694 0.0882269 0.000138472 -0.000287076 -0.000145227 0.000138472 0.0106454 -0.0191057 0.000148604 -0.000287076 -0.0191057 0.0917224 
0.00940131 -0.0177065 -0.000175915 0.000186064 -0.0177065 0.0883162 0.000179298 -0.000382277 -0.000175915 0.000179298 0.0106463 -0.0190665 0.000186064 -0.000382277 -0.0190665 0.0915842 
0.00940246 -0.0176918 -0.000209771 0.000223304 -0.0176918 0.0883439 0.000223304 -0.000504126 -0.000209771 0.000223304 0.0106374 -0.0190688 0.000223304 -0.000504126 -0.0190688 0.0915412 
0.00941592 -0.0176654 -0.000230566 0.000244129 -0.0176654 0.0882628 0.000257692 -0.000586588 -0.000230566 0.000257692 0.0105959 -0.0190624 0.000244129 -0.000586588 -0.0190624 0.0915247 
0.00937321 -0.0176505 -0.000245051 0.000245051 -0.0176505 0.0881912 0.000255262 -0.000588804 -0.000245051 0.000255262 0.0105985 -0.0190289 0.000245051 -0.000588804 -0.0190289 0.0914926 
0.00931726 -0.0175917 -0.000248778 0.00024537 -0.0175917 0.0880641 0.000255594 -0.000569123 -0.000248778 0.000255594 0.0106293 -0.0190401 0.00024537 -0.000569123 -0.0190401 0.0915027 
0.00930545 -0.0175445 -0.000261504 0.000278484 -0.0175445 0.0879501 0.000281881 -0.000628288 -0.000261504 0.000281881 0.0106571 -0.019083 0.000278484 -0.000628288 -0.019083 0.0915704 
0.00934871 -0.017525 -0.000233802 0.000294794 -0.017525 0.0878453 0.00030496 -0.00069463 -0.000233802 0.00030496 0.0106363 -0.019121 0.000294794 -0.00069463 -0.019121 0.0916675 
0.00938278 -0.0175602 -0.000202579 0.000246471 -0.0175602 0.0878618 0.000243095 -0.000617865 -0.000202579 0.000243095 0.0106219 -0.0190998 0.000246471 -0.000617865 -0.0190998 0.0916872 
0.00936511 -0.0176257 -0.000220236 0.000237177 -0.0176257 0.0880063 0.000230401 -0.000576002 -0.000220236 0.000230401 0.0106221 -0.0190521 0.000237177 -0.000576002 -0.0190521 0.0915775 
0.00936329 -0.0176109 -0.000220432 0.000237389 -0.0176109 0.0880644 0.000237389 -0.000549385 -0.000220432 0.000237389 0.0106113 -0.0190487 0.000237389 -0.000549385 -0.0190487 0.0915235 
0.00938729 -0.0175889 -0.000210645 0.000234428 -0.0175889 0.0880225 0.000237825 -0.000540203 -0.000210645 0.000237825 0.0105798 -0.01906 0.000234428 -0.000540203 -0.01906 0.091566 
0.0093965 -0.0176036 -0.000216868 0.000240588 -0.0176036 0.0880079 0.000240588 -0.000562502 -0.000216868 0.000240588 0.0105791 -0.019037 0.000240588 -0.000562502 -0.019037 0.0915625 
0.00937507 -0.0176196 -0.000245189 0.000241784 -0.0176196 0.0880433 0.000248594 -0.000565297 -0.000245189 0.000248594 0.0105874 -0.0190226 0.000241784 -0.000565297 -0.0190226 0.0915032 
0.00933889 -0.0176155 -0.000245133 0.000241728 -0.0176155 0.0880743 0.000241728 -0.000524312 -0.000245133 0.000241728 0.0106122 -0.0190114 0.000241728 -0.000524312 -0.0190114 0.0914551 
0.00932383 -0.0175827 -0.000244204 0.000261162 -0.0175827 0.0880286 0.000267946 -0.000576592 -0.000244204 0.000267946 0.0106534 -0.0190513 0.000261162 -0.000576592 -0.0190513 0.0914983 
0.0093041 -0.0175548 -0.000224277 0.000251462 -0.0175548 0.0879675 0.000251462 -0.000574285 -0.000224277 0.000251462 0.0106837 -0.0191043 0.000251462 -0.000574285 -0.0191043 0.0916069 
0.00934139 -0.0175265 -0.000200052 0.000237349 -0.0175265 0.0878803 0.00024074 -0.000552685 -0.000200052 0.00024074 0.0106672 -0.0191609 0.000237349 -0.000552685 -0.0191609 0.0917694 
0.00940893 -0.0175742 -0.000162223 0.000182501 -0.0175742 0.0879181 0.000185881 -0.000439354 -0.000162223 0.000185881 0.0106188 -0.0191288 0.000182501 -0.000439354 -0.0191288 0.091781 
0.00942027 -0.0176532 -0.000149259 0.000156043 -0.0176532 0.0880729 0.000149259 -0.000349401 -0.000149259 0.000149259 0.010594 -0.0190712 0.000156043 -0.000349401 -0.0190712 0.091672 
0.0094332 -0.0176594 -0.000145386 0.000152148 -0.0176594 0.0881649 0.000142005 -0.000321202 -0.000145386 0.000142005 0.0106098 -0.0190659 0.000152148 -0.000321202 -0.0190659 0.0916474 
0.0094001 -0.0176881 -0.000158865 0.000152105 -0.0176881 0.0882311 0.000152105 -0.000327871 -0.000158865 0.000152105 0.010644 -0.0190571 0.000152105 -0.000327871 -0.0190571 0.0915977 
0.00937135 -0.0176782 -0.000179113 0.000179113 -0.0176782 0.0882691 0.000172354 -0.000385263 -0.000179113 0.000172354 0.0106691 -0.0190739 0.000179113 -0.000385263 -0.0190739 0.0915742 
0.00934122 -0.0176397 -0.000202483 0.000209233 -0.0176397 0.088232 0.000205858 -0.000452212 -0.000202483 0.000205858 0.0107114 -0.0191212 0.000209233 -0.000452212 -0.0191212 0.0916506 
0.00937595 -0.0176191 -0.000219143 0.000229257 -0.0176191 0.0881899 0.000225886 -0.000525943 -0.000219143 0.000225886 0.0106975 -0.0191632 0.000229257 -0.000525943 -0.0191632 0.0917501 
0.00938032 -0.0176451 -0.0002231 0.00022648 -0.0176451 0.0881987 0.000236621 -0.000530707 -0.0002231 0.000236621 0.010702 -0.0191663 0.00022648 -0.000530707 -0.0191663 0.0918089 
0.00934926 -0.0176623 -0.000253139 0.00027339 -0.0176623 0.0882645 0.000283516 -0.00064466 -0.000253139 0.000283516 0.0107432 -0.0191576 0.00027339 -0.00064466 -0.0191576 0.0918118 
0.00928865 -0.0176171 -0.000242576 0.000279636 -0.0176171 0.0882068 0.000293113 -0.000677192 -0.000242576 0.000293113 0.0108283 -0.0192174 0.000279636 -0.000677192 -0.0192174 0.0919161 
0.009243 -0.017537 -0.000212754 0.000246525 -0.017537 0.0880229 0.000256656 -0.000624755 -0.000212754 0.000256656 0.0108707 -0.0193269 0.000246525 -0.000624755 -0.0193269 0.0921362 
0.00920643 -0.017479 -0.000173194 0.000213945 -0.017479 0.0878601 0.000213945 -0.000519581 -0.000173194 0.000213945 0.0108874 -0.0193807 0.000213945 -0.000519581 -0.0193807 0.0923224 
0.00923274 -0.0174487 -0.000138966 0.000183028 -0.0174487 0.0877619 0.000186417 -0.00045418 -0.000138966 0.000186417 0.010863 -0.0193874 0.000183028 -0.00045418 -0.0193874 0.0923816 
0.00926772 -0.0174562 -0.000118039 0.000158509 -0.0174562 0.0877128 0.000151764 -0.000381096 -0.000118039 0.000151764 0.0108359 -0.0193651 0.000158509 -0.000381096 -0.0193651 0.0923703 
0.00934809 -0.0175058 -0.000110967 0.000100879 -0.0175058 0.0877779 9.07908e-05 -0.000245471 -0.000110967 9.07908e-05 0.010757 -0.0193183 0.000100879 -0.000245471 -0.0193183 0.0922535 
0.00939206 -0.0175942 -0.00014078 0.000120669 -0.0175942 0.0879509 0.000120669 -0.000251394 -0.00014078 0.000120669 0.0107228 -0.0192467 0.000120669 -0.000251394 -0.0192467 0.092124 
0.00939264 -0.0176828 -0.000170897 0.000167546 -0.0176828 0.0881997 0.000170897 -0.000358549 -0.000170897 0.000170897 0.0107263 -0.019174 0.000167546 -0.000358549 -0.019174 0.0919192 
0.00933476 -0.01766 -0.00017835 0.00019181 -0.01766 0.088236 0.000201905 -0.000434096 -0.00017835 0.000201905 0.0107447 -0.0191776 0.00019181 -0.000434096 -0.0191776 0.0918467 
0.009296 -0.0176076 -0.000148844 0.000199587 -0.0176076 0.0881733 0.000206352 -0.000463447 -0.000148844 0.000206352 0.0107405 -0.0191908 0.000199587 -0.000463447 -0.0191908 0.0918403 
0.00928864 -0.0175479 -0.000146091 0.00017327 -0.0175479 0.0880348 0.00017327 -0.000431477 -0.000146091 0.00017327 0.0107156 -0.019199 0.00017327 -0.000431477 -0.019199 0.0918808 
0.00930696 -0.0175421 -0.000183155 0.000203505 -0.0175421 0.0879854 0.000200113 -0.000501979 -0.000183155 0.000200113 0.0107111 -0.0191803 0.000203505 -0.000501979 -0.0191803 0.0918825 
0.00935609 -0.0175562 -0.000203393 0.000227122 -0.0175562 0.0879744 0.000223733 -0.000542382 -0.000203393 0.000223733 0.0106781 -0.0191766 0.000227122 -0.000542382 -0.0191766 0.091849 
0.00938083 -0.0176142 -0.000204301 0.000231541 -0.0176142 0.0880606 0.000238351 -0.000551613 -0.000204301 0.000238351 0.0106441 -0.0191192 0.000231541 -0.000551613 -0.0191192 0.0917551 
0.00935382 -0.0176611 -0.000207938 0.000252253 -0.0176611 0.0881898 0.000255662 -0.000606771 -0.000207938 0.000255662 0.0106628 -0.0190724 0.000252253 -0.000606771 -0.0190724 0.0916225 
0.009314 -0.0176086 -0.000207963 0.000214781 -0.0176086 0.0881455 0.000221599 -0.000548885 -0.000207963 0.000221599 0.0106913 -0.0190985 0.000214781 -0.000548885 -0.0190985 0.0916058 
0.00931233 -0.0175681 -0.000227627 0.000244614 -0.0175681 0.0880373 0.000248012 -0.000574164 -0.000227627 0.000248012 0.0107155 -0.0191445 0.000244614 -0.000574164 -0.0191445 0.0917032 
0.00931792 -0.0175647 -0.000247438 0.000291503 -0.0175647 0.0879897 0.000301671 -0.000698251 -0.000247438 0.000301671 0.0107178 -0.0191612 0.000291503 -0.000698251 -0.0191612 0.0917725 
0.0093611 -0.0175855 -0.000267267 0.000331546 -0.0175855 0.0880322 0.000331546 -0.000828865 -0.000267267 0.000331546 0.0107177 -0.0191857 0.000331546 -0.000828865 -0.0191857 0.0918382 
0.00936975 -0.017627 -0.000253602 0.000321229 -0.017627 0.0881081 0.000317848 -0.000804764 -0.000253602 0.000317848 0.0107121 -0.0191655 0.000321229 -0.000804764 -0.0191655 0.0918005 
0.00939322 -0.0176102 -0.000213559 0.000277966 -0.0176102 0.0880983 0.000271186 -0.000694915 -0.000213559 0.000271186 0.010661 -0.0191763 0.000277966 -0.000694915 -0.0191763 0.0918102 
0.00944267 -0.0176678 -0.000196159 0.000240125 -0.0176678 0.0881936 0.000229979 -0.000602004 -0.000196159 0.000229979 0.0106129 -0.0191052 0.000240125 -0.000602004 -0.0191052 0.0917177 
0.00941155 -0.0177129 -0.000185599 0.000195722 -0.0177129 0.0883079 0.000185599 -0.000465684 -0.000185599 0.000185599 0.0106433 -0.0190458 0.000195722 -0.000465684 -0.0190458 0.0915677 
0.00938053 -0.0176891 -0.000206277 0.000206277 -0.0176891 0.0883237 0.000199514 -0.000456514 -0.000206277 0.000199514 0.0106655 -0.0190722 0.000206277 -0.000456514 -0.0190722 0.0915464 
0.00935475 -0.017643 -0.000237001 0.000257315 -0.017643 0.0882218 0.000253929 -0.000578958 -0.000237001 0.000253929 0.0106853 -0.0191158 0.000257315 -0.000578958 -0.0191158 0.0916583 
0.00931386 -0.0175759 -0.000227333 0.000264656 -0.0175759 0.0880457 0.000278228 -0.000617531 -0.000227333 0.000278228 0.0107016 -0.0191706 0.000264656 -0.000617531 -0.0191706 0.0918052 
0.00933162 -0.0175682 -0.000210846 0.000268658 -0.0175682 0.0879974 0.00027546 -0.000649541 -0.000210846 0.00027546 0.0106919 -0.0191699 0.000268658 -0.000649541 -0.0191699 0.0918335 
0.00932645 -0.0175667 -0.000190683 0.000217924 -0.0175667 0.0879628 0.000217924 -0.000527784 -0.000190683 0.000217924 0.0106748 -0.0191534 0.000217924 -0.000527784 -0.0191534 0.0918139 
0.00933896 -0.0175688 -0.000166706 0.000163304 -0.0175688 0.0879665 0.0001565 -0.000357228 -0.000166706 0.0001565 0.0106862 -0.0191474 0.000163304 -0.000357228 -0.0191474 0.0918008 
0.00932393 -0.0175647 -0.00018675 0.000173168 -0.0175647 0.0879458 0.000166377 -0.000342941 -0.00018675 0.000166377 0.0107093 -0.0191538 0.000173168 -0.000342941 -0.0191538 0.09182 
0.00935336 -0.0175579 -0.000203334 0.000223667 -0.0175579 0.0879386 0.000206723 -0.000440557 -0.000203334 0.000206723 0.0106988 -0.0191778 0.000223667 -0.000440557 -0.0191778 0.0918561 
0.00934662 -0.017607 -0.00023688 0.000250416 -0.017607 0.0880281 0.000247032 -0.000561745 -0.00023688 0.000247032 0.0107104 -0.0191399 0.000250416 -0.000561745 -0.0191399 0.0917911 
0.00932696 -0.0176191 -0.000271428 0.000285 -0.0176191 0.0881023 0.000285 -0.000658214 -0.000271428 0.000285 0.0107112 -0.0191391 0.000285 -0.000658214 -0.0191391 0.0917157 
0.00929606 -0.0175721 -0.000261813 0.000295815 -0.0175721 0.088044 0.000295815 -0.000673234 -0.000261813 0.000295815 0.0107173 -0.0191634 0.000295815 -0.000673234 -0.0191634 0.0917536 
0.00930068 -0.0175389 -0.000257975 0.00028513 -0.0175389 0.0879661 0.00028513 -0.000665304 -0.000257975 0.00028513 0.0107331 -0.019192 0.00028513 -0.000665304 -0.019192 0.0918459 
0.00932275 -0.0175212 -0.000243821 0.000267525 -0.0175212 0.0878703 0.000260753 -0.000609552 -0.000243821 0.000260753 0.0107044 -0.0191975 0.000267525 -0.000609552 -0.0191975 0.0918831 
0.00936073 -0.0175403 -0.000217218 0.000240976 -0.0175403 0.0878613 0.000240976 -0.000553227 -0.000217218 0.000240976 0.0106335 -0.0191593 0.000240976 -0.000553227 -0.0191593 0.0918187 
0.00940067 -0.0176092 -0.000200956 0.000238423 -0.0176092 0.0879917 0.000241829 -0.000558591 -0.000200956 0.000241829 0.0105689 -0.019067 0.000238423 -0.000558591 -0.019067 0.0916429 
0.00944042 -0.0176412 -0.000166876 0.000197527 -0.0176412 0.088097 0.000197527 -0.000473383 -0.000166876 0.000197527 0.0105234 -0.0190103 0.000197527 -0.000473383 -0.0190103 0.0914924 
0.00949903 -0.0177023 -0.000142843 0.000170051 -0.0177023 0.0882155 0.000173452 -0.000411523 -0.000142843 0.000173452 0.0104717 -0.0189402 0.000170051 -0.000411523 -0.0189402 0.0913308 
0.00951952 -0.0177605 -0.000132973 0.000132973 -0.0177605 0.0883625 0.000129564 -0.000310271 -0.000132973 0.000129564 0.0104401 -0.0188686 0.000132973 -0.000310271 -0.0188686 0.0911344 
0.00948144 -0.0177892 -0.000180826 0.000146708 -0.0177892 0.0884616 0.000153532 -0.000334358 -0.000180826 0.000153532 0.0104504 -0.0188162 0.000146708 -0.000334358 -0.0188162 0.0909556 
0.00943071 -0.0177559 -0.000221779 0.000204719 -0.0177559 0.0884658 0.000211543 -0.000433321 -0.000221779 0.000211543 0.010485 -0.0188171 0.000204719 -0.000433321 -0.0188171 0.0908849 
0.00939631 -0.0176619 -0.000231587 0.000258833 -0.0176619 0.0882688 0.000262238 -0.000561939 -0.000231587 0.000262238 0.010527 -0.0189016 0.000258833 -0.000561939 -0.0189016 0.091041 
0.00935287 -0.0176252 -0.000231777 0.000265861 -0.0176252 0.0881058 0.00026927 -0.000623752 -0.000231777 0.00026927 0.0105697 -0.0189511 0.000265861 -0.000623752 -0.0189511 0.091187 
0.00933635 -0.0175458 -0.000232213 0.000262948 -0.0175458 0.0879133 0.000252703 -0.000607853 -0.000232213 0.000252703 0.010576 -0.0190176 0.000262948 -0.000607853 -0.0190176 0.0913726 
0.00937666 -0.0175255 -0.000190458 0.000221067 -0.0175255 0.0878012 0.000214265 -0.000496551 -0.000190458 0.000214265 0.0105432 -0.019039 0.000221067 -0.000496551 -0.019039 0.0914947 
0.00943348 -0.0175933 -0.000173685 0.00020093 -0.0175933 0.0878744 0.000190713 -0.000452943 -0.000173685 0.000190713 0.010496 -0.0189862 0.00020093 -0.000452943 -0.0189862 0.0914332 
0.00947525 -0.0176776 -0.00017698 0.00017698 -0.0176776 0.0880954 0.00017698 -0.000405013 -0.00017698 0.00017698 0.0104827 -0.0189233 0.00017698 -0.000405013 -0.0189233 0.0913116 
0.00951264 -0.0177297 -0.000180706 0.000187525 -0.0177297 0.08828 0.000180706 -0.000388688 -0.000180706 0.000180706 0.0104605 -0.0188991 0.000187525 -0.000388688 -0.0188991 0.091219 
0.00952579 -0.0177846 -0.00016688 0.000173692 -0.0177846 0.0884362 0.000173692 -0.000367817 -0.00016688 0.000173692 0.0104726 -0.0188779 0.000173692 -0.000367817 -0.0188779 0.091137 
0.00952163 -0.0177655 -0.000177655 0.000160573 -0.0177655 0.0884244 0.000170822 -0.00035531 -0.000177655 0.000170822 0.0104612 -0.0189032 0.000160573 -0.00035531 -0.0189032 0.0911576 
0.00948131 -0.0177706 -0.000209551 0.000188939 -0.0177706 0.0884167 0.000188939 -0.00040536 -0.000209551 0.000188939 0.0104672 -0.0188802 0.000188939 -0.00040536 -0.0188802 0.0911236 
0.00945233 -0.0177261 -0.00023571 0.000263039 -0.0177261 0.0883504 0.000256207 -0.000567072 -0.00023571 0.000256207 0.0105045 -0.0188876 0.000263039 -0.000567072 -0.0188876 0.0911277 
0.0094313 -0.0176718 -0.000231359 0.000248371 -0.0176718 0.0882058 0.000244969 -0.000578399 -0.000231359 0.000244969 0.0105371 -0.018934 0.000248371 -0.000578399 -0.018934 0.091193 
0.00943483 -0.0176537 -0.000204365 0.000221395 -0.0176537 0.0881322 0.000211177 -0.000493881 -0.000204365 0.000211177 0.0105248 -0.0189616 0.000221395 -0.000493881 -0.0189616 0.0912556 
0.00945635 -0.0176498 -0.000173605 0.000200837 -0.0176498 0.088089 0.000197433 -0.000445926 -0.000173605 0.000197433 0.010498 -0.0189535 0.000200837 -0.000445926 -0.0189535 0.091282 
0.00944912 -0.01766 -0.000156917 0.000156917 -0.01766 0.0880815 0.000156917 -0.000344535 -0.000156917 0.000156917 0.0104588 -0.0189085 0.000156917 -0.000344535 -0.0189085 0.0911994 
0.00945726 -0.0176611 -0.000136616 0.000133201 -0.0176611 0.0880901 0.00012637 -0.000273232 -0.000136616 0.00012637 0.010417 -0.0188667 0.000133201 -0.000273232 -0.0188667 0.0910855 
0.00946595 -0.0176793 -0.000139555 0.000136152 -0.0176793 0.0881378 0.000136152 -0.000282515 -0.000139555 0.000136152 0.010419 -0.0188264 0.000136152 -0.000282515 -0.0188264 0.0910072 
0.00947218 -0.0176871 -0.000166956 0.000149919 -0.0176871 0.0881628 0.000160141 -0.000330504 -0.000166956 0.000160141 0.0104228 -0.0188251 0.000149919 -0.000330504 -0.0188251 0.0909841 
0.00949584 -0.0177036 -0.00017673 0.000173331 -0.0177036 0.0882189 0.000183527 -0.000387447 -0.00017673 0.000183527 0.0104237 -0.0188218 0.000173331 -0.000387447 -0.0188218 0.0909752 
0.00948016 -0.0177216 -0.000174042 0.000160391 -0.0177216 0.0882529 0.000170629 -0.000358321 -0.000174042 0.000170629 0.0104254 -0.0188341 0.000160391 -0.000358321 -0.0188341 0.0909898 
0.00944438 -0.0177125 -0.000207981 0.000173886 -0.0177125 0.0882658 0.000184114 -0.000378457 -0.000207981 0.000184114 0.0104638 -0.0188308 0.000173886 -0.000378457 -0.0188308 0.0909798 
0.00942139 -0.0176536 -0.000201035 0.000183998 -0.0176536 0.0881658 0.000187406 -0.000357774 -0.000201035 0.000187406 0.0104879 -0.0188905 0.000183998 -0.000357774 -0.0188905 0.0910928 
0.00944192 -0.0176453 -0.00021776 0.000251785 -0.0176453 0.0880974 0.000261992 -0.000544399 -0.00021776 0.000261992 0.0104865 -0.0189179 0.000251785 -0.000544399 -0.0189179 0.0911835 
0.00944157 -0.0176655 -0.000204068 0.000234679 -0.0176655 0.0881168 0.000227876 -0.000550985 -0.000204068 0.000227876 0.0105027 -0.0189239 0.000234679 -0.000550985 -0.0189239 0.0912492 
0.00944988 -0.0176686 -0.000192786 0.000219843 -0.0176686 0.0881335 0.000209697 -0.000514095 -0.000192786 0.000209697 0.0105457 -0.0189573 0.000219843 -0.000514095 -0.0189573 0.0913331 
0.00946082 -0.0176717 -0.0001752 0.00017857 -0.0176717 0.0881325 0.000158354 -0.000384093 -0.0001752 0.000158354 0.0105794 -0.0190193 0.00017857 -0.000384093 -0.0190193 0.0914782 
0.00949159 -0.0176994 -0.00016847 0.000154992 -0.0176994 0.0882007 0.000141515 -0.000313354 -0.00016847 0.000141515 0.0105732 -0.0190506 0.000154992 -0.000313354 -0.0190506 0.0915735 
0.00950767 -0.0177301 -0.000179262 0.000158969 -0.0177301 0.0882715 0.000152204 -0.000311172 -0.000179262 0.000152204 0.0105325 -0.0190356 0.000158969 -0.000311172 -0.0190356 0.0915659 
0.00951048 -0.0177572 -0.000189735 0.000172795 -0.0177572 0.0883523 0.000179571 -0.000345589 -0.000189735 0.000179571 0.0105134 -0.0189871 0.000172795 -0.000345589 -0.0189871 0.0914795 
0.00949951 -0.0177471 -0.00018999 0.000179812 -0.0177471 0.088359 0.000186598 -0.000369802 -0.00018999 0.000186598 0.010497 -0.0189617 0.000179812 -0.000369802 -0.0189617 0.0913887 
0.00950517 -0.0177462 -0.000200502 0.000197104 -0.0177462 0.0883739 0.000207299 -0.000434988 -0.000200502 0.000207299 0.0104703 -0.0189254 0.000197104 -0.000434988 -0.0189254 0.0912761 
0.00949163 -0.0177464 -0.000205003 0.000198169 -0.0177464 0.0883562 0.000205003 -0.000444173 -0.000205003 0.000205003 0.0104483 -0.0188944 0.000198169 -0.000444173 -0.0188944 0.0911989 
0.00948772 -0.0177488 -0.000202158 0.000205584 -0.0177488 0.0883773 0.000202158 -0.000442006 -0.000202158 0.000202158 0.0104368 -0.0188452 0.000205584 -0.000442006 -0.0188452 0.0910567 
0.00951104 -0.0177225 -0.00019494 0.00020862 -0.0177225 0.0883251 0.00020862 -0.000451441 -0.00019494 0.00020862 0.0104071 -0.0188442 0.00020862 -0.000451441 -0.0188442 0.0910235 
0.0095645 -0.0177607 -0.000188143 0.000208668 -0.0177607 0.088369 0.000208668 -0.000465226 -0.000188143 0.000208668 0.0103752 -0.0188211 0.000208668 -0.000465226 -0.0188211 0.0909825 
0.00959829 -0.0178049 -0.000177809 0.000188068 -0.0178049 0.0884328 0.000191487 -0.000447943 -0.000177809 0.000191487 0.0103608 -0.0187931 0.000188068 -0.000447943 -0.0187931 0.0909461 
0.00958656 -0.0178458 -0.000195504 0.000178355 -0.0178458 0.0885119 0.000178355 -0.000404728 -0.000195504 0.000178355 0.0103446 -0.0187581 0.000178355 -0.000404728 -0.0187581 0.0908442 
0.00955928 -0.01783 -0.000182114 0.000182114 -0.01783 0.0885213 0.000188987 -0.000391718 -0.000182114 0.000188987 0.0103462 -0.0187303 0.000182114 -0.000391718 -0.0187303 0.090741 
0.00951127 -0.0177913 -0.000177845 0.000184685 -0.0177913 0.0884777 0.000184685 -0.000406991 -0.000177845 0.000184685 0.0103697 -0.0187113 0.000184685 -0.000406991 -0.0187113 0.09067 
0.00948814 -0.0177064 -0.000160008 0.000153199 -0.0177064 0.0882564 0.000156604 -0.000340443 -0.000160008 0.000156604 0.0104005 -0.018789 0.000153199 -0.000340443 -0.018789 0.0908029 
