0.00738798 0 -0.000763499 0 0 0.00998388 0 0 -0.000763499 0 0.00721282 0 0 0 0 0.00998388 
0.0103912 -0.012909 -0.000922657 0.00112359 -0.012909 0.0339333 0.00112359 -0.00216517 -0.000922657 0.00112359 0.0102025 -0.0126712 0.00112359 -0.00216517 -0.0126712 0.0334822 
0.01039 -0.0194467 -0.000779881 0.00123691 -0.0194467 0.0713759 0.00123691 -0.00389521 -0.000779881 0.00123691 0.0102726 -0.0192874 0.00123691 -0.00389521 -0.0192874 0.0708517 
0.00977419 -0.019018 -0.000732862 0.000870526 -0.019018 0.0851658 0.000882673 -0.00284237 -0.000732862 0.000882673 0.00973775 -0.0190301 0.000870526 -0.00284237 -0.0190301 0.0852549 
0.0097325 -0.0183362 -0.000779686 0.000795202 -0.0183362 0.0882597 0.000810719 -0.00198607 -0.000779686 0.000810719 0.00967432 -0.0182625 0.000795202 -0.00198607 -0.0182625 0.0881821 
0.00991248 -0.0182552 -0.000843851 0.00090281 -0.0182552 0.0891939 0.00091755 -0.00201198 -0.000843851 0.00091755 0.0098093 -0.018093 0.00090281 -0.00201198 -0.018093 0.0888475 
0.0100447 -0.0183515 -0.000861889 0.000982482 -0.0183515 0.0897038 0.000989576 -0.00224162 -0.000861889 0.000989576 0.00993832 -0.018199 0.000982482 -0.00224162 -0.018199 0.0893243 
0.010125 -0.0184675 -0.000853248 0.000994881 -0.0184675 0.0900643 0.0010087 -0.00238011 -0.000853248 0.0010087 0.0099799 -0.0182567 0.000994881 -0.00238011 -0.0182567 0.0895289 
0.0101384 -0.0184793 -0.000830341 0.00098069 -0.0184793 0.090121 0.00098069 -0.00238851 -0.000830341 0.00098069 0.0100085 -0.0183461 0.00098069 -0.00238851 -0.0183461 0.0897622 
0.0101354 -0.0185328 -0.000801054 0.000933431 -0.0185328 0.0902407 0.000930037 -0.00227418 -0.000801054 0.000930037 0.0100098 -0.0183258 0.000933431 -0.00227418 -0.0183258 0.0897587 
0.0101343 -0.0185425 -0.000763454 0.000898579 -0.0185425 0.0903173 0.000895201 -0.00216537 -0.000763454 0.000895201 0.0100161 -0.0183297 0.000898579 -0.00216537 -0.0183297 0.0897532 
0.010117 -0.0185158 -0.000732531 0.000864185 -0.0185158 0.090287 0.000854057 -0.00206932 -0.000732531 0.000854057 0.0100158 -0.0183538 0.000864185 -0.00206932 -0.0183538 0.0897874 
0.0101028 -0.018488 -0.000730324 0.000835139 -0.018488 0.0902221 0.000831758 -0.00201515 -0.000730324 0.000831758 0.00999801 -0.0183629 0.000835139 -0.00201515 -0.0183629 0.0898468 
0.0100798 -0.0184717 -0.000709796 0.000821868 -0.0184717 0.0901644 0.000825265 -0.00195618 -0.000709796 0.000825265 0.00999827 -0.0183562 0.000821868 -0.00195618 -0.0183562 0.0898791 
0.0100778 -0.0184606 -0.00070507 0.000806763 -0.0184606 0.0901643 0.000806763 -0.00192877 -0.00070507 0.000806763 0.0099998 -0.018342 0.000806763 -0.00192877 -0.018342 0.0898422 
0.0100542 -0.0184106 -0.000668921 0.000787765 -0.0184106 0.090009 0.000794556 -0.00187434 -0.000668921 0.000794556 0.0100067 -0.0183868 0.000787765 -0.00187434 -0.0183868 0.0899377 
0.0100596 -0.0184234 -0.00067768 0.000762815 -0.0184234 0.090019 0.000769626 -0.00184234 -0.00067768 0.000769626 0.00999493 -0.0183484 0.000762815 -0.00184234 -0.0183484 0.089893 
0.0100593 -0.0184262 -0.000675627 0.000757521 -0.0184262 0.0900325 0.000767758 -0.00179485 -0.000675627 0.000767758 0.00996721 -0.0183204 0.000757521 -0.00179485 -0.0183204 0.0898107 
0.0100967 -0.0184783 -0.000666989 0.000762273 -0.0184783 0.0901592 0.000769079 -0.0018104 -0.000666989 0.000769079 0.00993677 -0.0182469 0.000762273 -0.0018104 -0.0182469 0.0896147 
0.0100864 -0.0184436 -0.000671293 0.000756053 -0.0184436 0.0900957 0.000762833 -0.00181385 -0.000671293 0.000762833 0.00995413 -0.0182809 0.000756053 -0.00181385 -0.0182809 0.0896584 
0.0100871 -0.0184463 -0.000693216 0.000777755 -0.0184463 0.0900809 0.000777755 -0.0018497 -0.000693216 0.000777755 0.00996203 -0.0182941 0.000777755 -0.0018497 -0.0182941 0.0896819 
0.0100786 -0.018461 -0.000746309 0.00082094 -0.018461 0.0901202 0.000817548 -0.00194719 -0.000746309 0.000817548 0.00994966 -0.0182778 0.00082094 -0.00194719 -0.0182778 0.0896487 
0.0100946 -0.0184944 -0.000781454 0.000899856 -0.0184944 0.0902325 0.000889707 -0.00211094 -0.000781454 0.000889707 0.00993224 -0.0182339 0.000899856 -0.00211094 -0.0182339 0.0895458 
0.0100965 -0.018529 -0.000808265 0.000923731 -0.018529 0.0903524 0.000913543 -0.00220065 -0.000808265 0.000913543 0.00990973 -0.0181927 0.000923731 -0.00220065 -0.0181927 0.0894015 
0.0101012 -0.0184828 -0.000800662 0.00094593 -0.0184828 0.0902856 0.000939173 -0.00227361 -0.000800662 0.000939173 0.00993564 -0.0182429 0.00094593 -0.00227361 -0.0182429 0.0895154 
0.0101122 -0.0184835 -0.00073262 0.000927538 -0.0184835 0.0902467 0.000917456 -0.00224827 -0.00073262 0.000917456 0.00996767 -0.0182785 0.000927538 -0.00224827 -0.0182785 0.0896284 
0.010112 -0.0184933 -0.000677484 0.000848532 -0.0184933 0.0902328 0.000831763 -0.00209953 -0.000677484 0.000831763 0.00999457 -0.0183189 0.000848532 -0.00209953 -0.0183189 0.0897432 
0.0100937 -0.0184652 -0.000636964 0.000768401 -0.0184652 0.0901658 0.00075155 -0.0018873 -0.000636964 0.00075155 0.00999933 -0.018381 0.000768401 -0.0018873 -0.018381 0.0899097 
0.0100559 -0.0184523 -0.000598525 0.000693745 -0.0184523 0.0901155 0.000690345 -0.00168675 -0.000598525 0.000690345 0.0100015 -0.0183843 0.000693745 -0.00168675 -0.0183843 0.0899795 
0.0100187 -0.0184278 -0.000596754 0.000637675 -0.0184278 0.0900792 0.000651315 -0.0015311 -0.000596754 0.000651315 0.010005 -0.0183528 0.000637675 -0.0015311 -0.0183528 0.0899189 
0.00998882 -0.0183689 -0.00061058 0.000651743 -0.0183689 0.0899542 0.000668894 -0.0015093 -0.00061058 0.000668894 0.00998196 -0.0183414 0.000651743 -0.0015093 -0.0183414 0.089841 
0.00998322 -0.018361 -0.00065661 0.000701301 -0.018361 0.0899212 0.000708176 -0.00160543 -0.00065661 0.000708176 0.00995228 -0.0182682 0.000701301 -0.00160543 -0.0182682 0.0896771 
0.0100104 -0.0183615 -0.000694499 0.00078345 -0.0183615 0.0899222 0.00078345 -0.0018098 -0.000694499 0.00078345 0.00993168 -0.018228 0.00078345 -0.0018098 -0.018228 0.0895254 
0.0100336 -0.0184041 -0.000722531 0.000821368 -0.0184041 0.0899892 0.000828184 -0.00194947 -0.000722531 0.000828184 0.00992799 -0.018186 0.000821368 -0.00194947 -0.018186 0.089386 
0.0100242 -0.0183647 -0.000695323 0.00083166 -0.0183647 0.0898909 0.000835069 -0.00199735 -0.000695323 0.000835069 0.00994243 -0.0182488 0.00083166 -0.00199735 -0.0182488 0.0894989 
0.0100253 -0.0183078 -0.000672655 0.000805148 -0.0183078 0.0897213 0.00080175 -0.0019738 -0.000672655 0.00080175 0.00996752 -0.0183315 0.000805148 -0.0019738 -0.0183315 0.0897621 
0.0100393 -0.0183447 -0.000647258 0.000773303 -0.0183447 0.0897372 0.00076649 -0.00188386 -0.000647258 0.00076649 0.00995755 -0.0183242 0.000773303 -0.00188386 -0.0183242 0.0898122 
0.0100402 -0.0183741 -0.000677747 0.000752674 -0.0183741 0.0898168 0.000749268 -0.0018323 -0.000677747 0.000749268 0.00995504 -0.018306 0.000752674 -0.0018323 -0.018306 0.0897963 
0.0100511 -0.018423 -0.000667575 0.000769755 -0.018423 0.0899625 0.000776567 -0.00183583 -0.000667575 0.000776567 0.00993869 -0.0182527 0.000769755 -0.00183583 -0.0182527 0.0896458 
0.0100644 -0.0184259 -0.00063221 0.000761371 -0.0184259 0.0900186 0.00076477 -0.00183205 -0.00063221 0.00076477 0.00992842 -0.0182525 0.000761371 -0.00183205 -0.0182525 0.0896039 
0.0100796 -0.0184616 -0.000612326 0.000717782 -0.0184616 0.090114 0.000717782 -0.00174513 -0.000612326 0.000717782 0.00992309 -0.0182269 0.000717782 -0.00174513 -0.0182269 0.0895221 
0.0100773 -0.0184479 -0.000618782 0.00070378 -0.0184479 0.090094 0.00069018 -0.00168635 -0.000618782 0.00069018 0.00992772 -0.0182507 0.00070378 -0.00168635 -0.0182507 0.0895773 
0.0100779 -0.0184049 -0.000640025 0.000717912 -0.0184049 0.0899692 0.000707752 -0.00169319 -0.000640025 0.000707752 0.00995594 -0.0183034 0.000717912 -0.00169319 -0.0183034 0.0897356 
0.0100513 -0.0184098 -0.00065737 0.000732304 -0.0184098 0.0899371 0.00071868 -0.00170644 -0.00065737 0.00071868 0.00995252 -0.0183144 0.000732304 -0.00170644 -0.0183144 0.0897702 
0.0100293 -0.018391 -0.000668392 0.000760467 -0.018391 0.089909 0.000767287 -0.00180057 -0.000668392 0.000767287 0.00993722 -0.0182853 0.000760467 -0.00180057 -0.0182853 0.0897214 
0.0100208 -0.01835 -0.00066034 0.00077607 -0.01835 0.0898233 0.000782877 -0.00185848 -0.00066034 0.000782877 0.00992893 -0.0182819 0.00077607 -0.00185848 -0.0182819 0.0896973 
0.0100271 -0.0183261 -0.000642545 0.000754145 -0.0183261 0.0897264 0.000757527 -0.00182956 -0.000642545 0.000757527 0.00993916 -0.0182855 0.000754145 -0.00182956 -0.0182855 0.0897196 
0.0100451 -0.0184076 -0.000619568 0.000717751 -0.0184076 0.0898949 0.000724522 -0.00174698 -0.000619568 0.000724522 0.00989616 -0.0181977 0.000717751 -0.00174698 -0.0181977 0.0894751 
0.0100277 -0.0184336 -0.000603095 0.000715537 -0.0184336 0.0900384 0.000722351 -0.00173092 -0.000603095 0.000722351 0.00987781 -0.0181542 0.000715537 -0.00173092 -0.0181542 0.0893126 
0.0100151 -0.0184003 -0.000582072 0.000691639 -0.0184003 0.0900226 0.000691639 -0.00168459 -0.000582072 0.000691639 0.00985756 -0.0181504 0.000691639 -0.00168459 -0.0181504 0.0892762 
0.00999677 -0.0183417 -0.000576935 0.000679959 -0.0183417 0.0898817 0.000690261 -0.00167586 -0.000576935 0.000690261 0.00987314 -0.0181735 0.000679959 -0.00167586 -0.0181735 0.0893494 
0.00998632 -0.0183266 -0.000604815 0.000680417 -0.0183266 0.0898047 0.000683853 -0.00166324 -0.000604815 0.000683853 0.00986948 -0.0181685 0.000680417 -0.00166324 -0.0181685 0.0893408 
0.00997967 -0.0183081 -0.000657055 0.000705216 -0.0183081 0.089731 0.000705216 -0.0016822 -0.000657055 0.000705216 0.00987303 -0.0181671 0.000705216 -0.0016822 -0.0181671 0.089332 
0.00997952 -0.0183198 -0.000649493 0.000756024 -0.0183198 0.0897504 0.000745715 -0.00176291 -0.000649493 0.000745715 0.00986955 -0.0181411 0.000756024 -0.00176291 -0.0181411 0.0892624 
0.00999179 -0.0183274 -0.000597858 0.000755912 -0.0183274 0.0897818 0.000755912 -0.00182106 -0.000597858 0.000755912 0.00985779 -0.0181282 0.000755912 -0.00182106 -0.0181282 0.0892045 
0.0100085 -0.0183255 -0.000567227 0.000697074 -0.0183255 0.0897585 0.000697074 -0.00173927 -0.000567227 0.000697074 0.00987179 -0.0181478 0.000697074 -0.00173927 -0.0181478 0.0892664 
0.0100128 -0.0183039 -0.000584168 0.00066274 -0.0183039 0.0896783 0.000672989 -0.00167052 -0.000584168 0.000672989 0.00988303 -0.0182014 0.00066274 -0.00167052 -0.0182014 0.0894016 
0.0100195 -0.0183503 -0.000610655 0.00066865 -0.0183503 0.0897697 0.000675473 -0.00163751 -0.000610655 0.000675473 0.00987623 -0.0181695 0.00066865 -0.00163751 -0.0181695 0.0893637 
0.0100126 -0.0183456 -0.000648617 0.000710065 -0.0183456 0.0897856 0.000720306 -0.00170689 -0.000648617 0.000720306 0.00987605 -0.0181818 0.000710065 -0.00170689 -0.0181818 0.0893692 
0.0100162 -0.0183579 -0.000665018 0.000757098 -0.0183579 0.0898389 0.000767329 -0.00181772 -0.000665018 0.000767329 0.00989002 -0.0181874 0.000757098 -0.00181772 -0.0181874 0.0893955 
0.0100354 -0.0183551 -0.000662456 0.000784756 -0.0183551 0.0898427 0.000788153 -0.00190244 -0.000662456 0.000788153 0.00990627 -0.0182091 0.000784756 -0.00190244 -0.0182091 0.0894452 
0.0100413 -0.0184051 -0.000672363 0.000777631 -0.0184051 0.0899438 0.00077084 -0.00190842 -0.000672363 0.00077084 0.00990207 -0.0181877 0.000777631 -0.00190842 -0.0181877 0.0894004 
0.0100045 -0.0183812 -0.000660608 0.000769574 -0.0183812 0.089921 0.000759358 -0.00186264 -0.000660608 0.000759358 0.00992955 -0.0182246 0.000769574 -0.00186264 -0.0182246 0.0894749 
0.00998484 -0.0183272 -0.000650144 0.000763064 -0.0183272 0.0898122 0.000749376 -0.00184436 -0.000650144 0.000749376 0.00993694 -0.0182759 0.000763064 -0.00184436 -0.0182759 0.0896035 
0.0099708 -0.0183084 -0.000641617 0.000747982 -0.0183084 0.0897441 0.000744551 -0.00181506 -0.000641617 0.000744551 0.00994678 -0.0182707 0.000747982 -0.00181506 -0.0182707 0.0896377 
0.00997571 -0.0182808 -0.000621774 0.000741346 -0.0182808 0.0896721 0.000734513 -0.00178675 -0.000621774 0.000734513 0.00996204 -0.0182911 0.000741346 -0.00178675 -0.0182911 0.0896926 
0.00999002 -0.0183116 -0.000585646 0.000738867 -0.0183116 0.0897025 0.000725247 -0.00179099 -0.000585646 0.000725247 0.0099764 -0.0182844 0.000738867 -0.00179099 -0.0182844 0.0896753 
0.0100381 -0.0184043 -0.000567489 0.000686423 -0.0184043 0.0899521 0.000672831 -0.00170586 -0.000567489 0.000672831 0.00993955 -0.0182174 0.000686423 -0.00170586 -0.0182174 0.0894627 
0.0100667 -0.0184665 -0.000574951 0.000653199 -0.0184665 0.0901619 0.000646395 -0.00159557 -0.000574951 0.000646395 0.00990345 -0.0181705 0.000653199 -0.00159557 -0.0181705 0.0893148 
0.0100758 -0.0184741 -0.000601086 0.000662213 -0.0184741 0.0902206 0.000662213 -0.00158592 -0.000601086 0.000662213 0.00991962 -0.0181854 0.000662213 -0.00158592 -0.0181854 0.0893377 
0.010036 -0.0184609 -0.000643071 0.000677277 -0.0184609 0.090201 0.000680698 -0.00159058 -0.000643071 0.000680698 0.00992656 -0.0182044 0.000677277 -0.00159058 -0.0182044 0.0893698 
0.0100338 -0.0184083 -0.000652824 0.000724226 -0.0184083 0.0900863 0.000720826 -0.00166266 -0.000652824 0.000720826 0.00993856 -0.0182315 0.000724226 -0.00166266 -0.0182315 0.0894742 
0.0100246 -0.0183366 -0.000634167 0.000742688 -0.0183366 0.0898482 0.000742688 -0.00174311 -0.000634167 0.000742688 0.00996354 -0.0183095 0.000742688 -0.00174311 -0.0183095 0.0896855 
0.0100279 -0.0183326 -0.000616166 0.000731274 -0.0183326 0.089774 0.000731274 -0.00175709 -0.000616166 0.000731274 0.00997376 -0.0183326 0.000731274 -0.00175709 -0.0183326 0.0898146 
0.0100647 -0.0184018 -0.000608546 0.000716732 -0.0184018 0.0899127 0.000713351 -0.00173774 -0.000608546 0.000713351 0.00994973 -0.0182902 0.000716732 -0.00173774 -0.0182902 0.0897369 
0.0100879 -0.018469 -0.000623085 0.000697584 -0.018469 0.0900933 0.000704357 -0.00168978 -0.000623085 0.000704357 0.00991856 -0.0182422 0.000697584 -0.00168978 -0.0182422 0.0895955 
0.0100743 -0.0184611 -0.000622629 0.000714492 -0.0184611 0.0901247 0.000721297 -0.00170457 -0.000622629 0.000721297 0.00989402 -0.0182264 0.000714492 -0.00170457 -0.0182264 0.0895259 
0.0100757 -0.0184516 -0.00066081 0.000725529 -0.0184516 0.0901052 0.000728935 -0.00174399 -0.00066081 0.000728935 0.00987128 -0.0181893 0.000725529 -0.00174399 -0.0181893 0.0894478 
0.0100505 -0.0184128 -0.000666386 0.00076549 -0.0184128 0.0900066 0.00076549 -0.0018112 -0.000666386 0.00076549 0.00986594 -0.0181906 0.00076549 -0.0018112 -0.0181906 0.089453 
0.0100256 -0.0183523 -0.000652875 0.000769094 -0.0183523 0.0898336 0.000769094 -0.00183557 -0.000652875 0.000769094 0.00987859 -0.0182121 0.000769094 -0.00183557 -0.0182121 0.0895191 
0.0099985 -0.0183095 -0.000597792 0.000758342 -0.0183095 0.0896893 0.000748094 -0.00182412 -0.000597792 0.000748094 0.00988919 -0.0182207 0.000758342 -0.00182412 -0.0182207 0.0895492 
0.0100162 -0.0183494 -0.000555319 0.000698407 -0.0183494 0.0897709 0.000698407 -0.0017375 -0.000555319 0.000698407 0.00986969 -0.0181654 0.000698407 -0.0017375 -0.0181654 0.0893961 
0.0100137 -0.0183766 -0.000522898 0.000632262 -0.0183766 0.0898633 0.000632262 -0.00157895 -0.000522898 0.000632262 0.00987013 -0.018134 0.000632262 -0.00157895 -0.018134 0.0892755 
0.0099695 -0.0182467 -0.000542488 0.000624373 -0.0182467 0.0895788 0.000620961 -0.00153534 -0.000542488 0.000620961 0.00992173 -0.0182604 0.000624373 -0.00153534 -0.0182604 0.0895754 
0.00999578 -0.0182546 -0.000616435 0.00064368 -0.0182546 0.0895295 0.000636869 -0.00153938 -0.000616435 0.000636869 0.00990382 -0.0182683 0.00064368 -0.00153938 -0.0182683 0.0896419 
0.0100557 -0.018365 -0.00062954 0.00071754 -0.018365 0.0897839 0.000707386 -0.00164831 -0.00062954 0.000707386 0.00989325 -0.0181957 0.00071754 -0.00164831 -0.0181957 0.0895131 
0.0100694 -0.0184333 -0.000628486 0.000723609 -0.0184333 0.0899857 0.000727006 -0.0017156 -0.000628486 0.000727006 0.00988932 -0.0181853 0.000723609 -0.0017156 -0.0181853 0.0894149 
0.0100297 -0.0184161 -0.000593189 0.000719326 -0.0184161 0.0900044 0.000719326 -0.00173525 -0.000593189 0.000719326 0.00992057 -0.0182218 0.000719326 -0.00173525 -0.0182218 0.0894828 
0.0100308 -0.0184142 -0.000549117 0.000671901 -0.0184142 0.0900313 0.000675312 -0.0016644 -0.000549117 0.000675312 0.00991139 -0.0182027 0.000671901 -0.0016644 -0.0182027 0.0894344 
0.00999187 -0.0183167 -0.0005329 0.000625132 -0.0183167 0.0897834 0.000625132 -0.00154746 -0.0005329 0.000625132 0.00991672 -0.0182586 0.000625132 -0.00154746 -0.0182586 0.0895716 
0.0100006 -0.0183259 -0.000539096 0.00061416 -0.0183259 0.0897561 0.000603924 -0.00148081 -0.000539096 0.000603924 0.00988457 -0.0182099 0.00061416 -0.00148081 -0.0182099 0.0894764 
0.0100061 -0.018345 -0.000521611 0.000610251 -0.018345 0.0898057 0.000617069 -0.00145915 -0.000521611 0.000617069 0.00986629 -0.0181541 0.000610251 -0.00145915 -0.0181541 0.0893455 
0.00999864 -0.0183223 -0.000511701 0.000596984 -0.0183223 0.0897592 0.000600396 -0.00143617 -0.000511701 0.000600396 0.00987583 -0.0181688 0.000596984 -0.00143617 -0.0181688 0.0893498 
0.00997973 -0.0182916 -0.000512658 0.000591265 -0.0182916 0.0896433 0.000591265 -0.00142177 -0.000512658 0.000591265 0.00987378 -0.0181891 0.000591265 -0.00142177 -0.0181891 0.0894041 
0.00996285 -0.0182589 -0.000515498 0.000597977 -0.0182589 0.0895385 0.000597977 -0.00143652 -0.000515498 0.000597977 0.00985975 -0.0182039 0.000597977 -0.00143652 -0.0182039 0.0894594 
0.00993702 -0.0182305 -0.000503053 0.000602974 -0.0182305 0.0894607 0.000599529 -0.00144369 -0.000503053 0.000599529 0.00985432 -0.0181788 0.000602974 -0.00144369 -0.0181788 0.08944 
0.00996678 -0.0183016 -0.000497139 0.000575995 -0.0183016 0.0896427 0.000572567 -0.00139885 -0.000497139 0.000572567 0.00984678 -0.0180924 0.000575995 -0.00139885 -0.0180924 0.0891936 
0.00995955 -0.0182757 -0.000505665 0.000570581 -0.0182757 0.0896325 0.000567165 -0.00135641 -0.000505665 0.000567165 0.00988438 -0.0181322 0.000570581 -0.00135641 -0.0181322 0.0892157 
0.00996996 -0.0182664 -0.000496627 0.000585068 -0.0182664 0.0896072 0.000581666 -0.00137763 -0.000496627 0.000581666 0.00991894 -0.0181949 0.000585068 -0.00137763 -0.0181949 0.0893555 
0.00997122 -0.0182749 -0.000504699 0.000583132 -0.0182749 0.0896114 0.000589952 -0.00142202 -0.000504699 0.000589952 0.00991666 -0.018234 0.000583132 -0.00142202 -0.018234 0.0894647 
0.0100016 -0.018326 -0.000510007 0.000575041 -0.018326 0.089727 0.000581887 -0.00139995 -0.000510007 0.000581887 0.00986812 -0.0181891 0.000575041 -0.00139995 -0.0181891 0.0893915 
0.0100219 -0.0183525 -0.000530715 0.00057865 -0.0183525 0.0898106 0.000588922 -0.00138328 -0.000530715 0.000588922 0.00984733 -0.0181539 0.00057865 -0.00138328 -0.0181539 0.0893244 
0.0100206 -0.0183671 -0.000544412 0.000612464 -0.0183671 0.0898552 0.000626074 -0.0014597 -0.000544412 0.000626074 0.00985726 -0.0181153 0.000612464 -0.0014597 -0.0181153 0.0892291 
0.00998411 -0.018328 -0.000553541 0.000638439 -0.018328 0.0897687 0.000645231 -0.00153497 -0.000553541 0.000645231 0.00988562 -0.018148 0.000638439 -0.00153497 -0.018148 0.0892627 
0.00995132 -0.0182991 -0.000544718 0.000643448 -0.0182991 0.089698 0.000643448 -0.00155585 -0.000544718 0.000643448 0.00990025 -0.0181766 0.000643448 -0.00155585 -0.0181766 0.0893031 
0.00992544 -0.01825 -0.00054498 0.000643757 -0.01825 0.0896014 0.000640351 -0.00156682 -0.00054498 0.000640351 0.00991522 -0.0182091 0.000643757 -0.00156682 -0.0182091 0.0894141 
0.00992991 -0.0182487 -0.000519927 0.000636226 -0.0182487 0.089571 0.000629385 -0.0015461 -0.000519927 0.000629385 0.00989913 -0.0182077 0.000636226 -0.0015461 -0.0182077 0.0894239 
0.0099455 -0.0182643 -0.000511346 0.000617733 -0.0182643 0.0895987 0.000607438 -0.00151345 -0.000511346 0.000607438 0.00985971 -0.0181682 0.000617733 -0.00151345 -0.0181682 0.0893551 
0.00997314 -0.0182881 -0.000572145 0.000599553 -0.0182881 0.0896555 0.000599553 -0.00148347 -0.000572145 0.000599553 0.00984295 -0.0181271 0.000599553 -0.00148347 -0.0181271 0.0892512 
0.00998113 -0.0183039 -0.000617636 0.000665409 -0.0183039 0.0897005 0.000672233 -0.00157309 -0.000617636 0.000672233 0.0098617 -0.0181196 0.000665409 -0.00157309 -0.0181196 0.089233 
0.0100049 -0.018327 -0.000668347 0.0007362 -0.018327 0.0897655 0.000732807 -0.00173702 -0.000668347 0.000732807 0.00988611 -0.0181505 0.0007362 -0.00173702 -0.0181505 0.0892634 
0.0100232 -0.0183985 -0.000696526 0.000784865 -0.0183985 0.0899333 0.000781468 -0.00186533 -0.000696526 0.000781468 0.00987367 -0.0181267 0.000784865 -0.00186533 -0.0181267 0.089196 
0.0100267 -0.0184027 -0.000651392 0.000798041 -0.0184027 0.0900081 0.00079122 -0.00190984 -0.000651392 0.00079122 0.0098732 -0.0181435 0.000798041 -0.00190984 -0.0181435 0.0892305 
0.00999204 -0.018345 -0.000610358 0.000750946 -0.018345 0.0898564 0.000744088 -0.00185165 -0.000610358 0.000744088 0.00988575 -0.0182044 0.000750946 -0.00185165 -0.0182044 0.0894072 
0.0100024 -0.0183349 -0.000563518 0.000700961 -0.0183349 0.0898192 0.000700961 -0.00174209 -0.000563518 0.000700961 0.00987187 -0.0181872 0.000700961 -0.00174209 -0.0181872 0.0894241 
0.0100163 -0.0183335 -0.000565214 0.000650852 -0.0183335 0.0897868 0.000657703 -0.00162713 -0.000565214 0.000657703 0.00986897 -0.0181725 0.000650852 -0.00162713 -0.0181725 0.0894065 
0.0100322 -0.0183486 -0.000595735 0.000660414 -0.0183486 0.0897925 0.000667223 -0.00161019 -0.000595735 0.000667223 0.00988238 -0.0181716 0.000660414 -0.00161019 -0.0181716 0.0893942 
0.0100234 -0.0183666 -0.000614725 0.000703518 -0.0183666 0.0898113 0.000700103 -0.00167342 -0.000614725 0.000700103 0.00988682 -0.0181924 0.000703518 -0.00167342 -0.0181924 0.0894049 
0.0100272 -0.0183544 -0.000637943 0.000719383 -0.0183544 0.0898143 0.000709203 -0.00171362 -0.000637943 0.000709203 0.00990848 -0.0182051 0.000719383 -0.00171362 -0.0182051 0.0894478 
0.0100439 -0.0183716 -0.000630481 0.000755228 -0.0183716 0.0898654 0.000741742 -0.00179704 -0.000630481 0.000741742 0.00993597 -0.0182334 0.000755228 -0.00179704 -0.0182334 0.0895249 
0.0100398 -0.0183804 -0.000611441 0.000736432 -0.0183804 0.0898649 0.000722919 -0.00178027 -0.000611441 0.000722919 0.00994521 -0.0182858 0.000736432 -0.00178027 -0.0182858 0.0896285 
0.0100389 -0.0184018 -0.000576754 0.000695498 -0.0184018 0.0899533 0.000695498 -0.00170312 -0.000576754 0.000695498 0.00993374 -0.0182627 0.000695498 -0.00170312 -0.0182627 0.0896242 
0.0100384 -0.0183861 -0.000560139 0.000655192 -0.0183861 0.0899548 0.000661982 -0.0016227 -0.000560139 0.000661982 0.00992294 -0.0182639 0.000655192 -0.0016227 -0.0182639 0.0896357 
0.0100284 -0.0183679 -0.000567518 0.000638882 -0.0183679 0.0898887 0.000649077 -0.00155643 -0.000567518 0.000649077 0.00991966 -0.0182693 0.000638882 -0.00155643 -0.0182693 0.0896576 
0.0100259 -0.0183497 -0.000577567 0.000648914 -0.0183497 0.0898355 0.000662504 -0.00155943 -0.000577567 0.000662504 0.00991717 -0.0182647 0.000648914 -0.00155943 -0.0182647 0.0896452 
0.0100475 -0.0183972 -0.00057385 0.000651948 -0.0183972 0.0899451 0.000662135 -0.00157215 -0.00057385 0.000662135 0.00989807 -0.0182036 0.000651948 -0.00157215 -0.0182036 0.0895002 
0.0100201 -0.0184128 -0.000586808 0.00065163 -0.0184128 0.089983 0.000658454 -0.00156596 -0.000586808 0.000658454 0.00989045 -0.0181808 0.00065163 -0.00156596 -0.0181808 0.0893928 
0.00998898 -0.018378 -0.00057655 0.00066525 -0.018378 0.0899452 0.00066525 -0.0015659 -0.00057655 0.00066525 0.0099071 -0.0181767 0.00066525 -0.0015659 -0.0181767 0.089355 
0.00997307 -0.0183276 -0.000540647 0.000663058 -0.0183276 0.0898426 0.000663058 -0.00158114 -0.000540647 0.000663058 0.00994247 -0.0182154 0.000663058 -0.00158114 -0.0182154 0.0894312 
0.00999774 -0.0183073 -0.000532404 0.000640233 -0.0183073 0.0897741 0.000633494 -0.00155341 -0.000532404 0.000633494 0.00996742 -0.018277 0.000640233 -0.00155341 -0.018277 0.0895652 
0.0100392 -0.0183694 -0.000554002 0.000631226 -0.0183694 0.0898759 0.000631226 -0.00154785 -0.000554002 0.000631226 0.00997875 -0.0182854 0.000631226 -0.00154785 -0.0182854 0.0896241 
0.0100471 -0.0184337 -0.000549003 0.000650046 -0.0184337 0.0900398 0.000653414 -0.00156954 -0.000549003 0.000653414 0.00996288 -0.018272 0.000650046 -0.00156954 -0.018272 0.0895885 
0.0100169 -0.0184366 -0.00053916 0.00064428 -0.0184366 0.0900906 0.00064428 -0.00156662 -0.00053916 0.00064428 0.00994564 -0.0182636 0.00064428 -0.00156662 -0.0182636 0.089565 
0.00998919 -0.0184155 -0.000564265 0.000618981 -0.0184155 0.0901011 0.000618981 -0.0015218 -0.000564265 0.000618981 0.0099037 -0.0181967 0.000618981 -0.0015218 -0.0181967 0.0894103 
0.00998478 -0.018376 -0.000563052 0.000662012 -0.018376 0.0900302 0.000655187 -0.00156972 -0.000563052 0.000655187 0.00989264 -0.0181678 0.000662012 -0.00156972 -0.0181678 0.0893409 
0.00996481 -0.0183294 -0.000561977 0.000657924 -0.0183294 0.089858 0.000661351 -0.00160026 -0.000561977 0.000661351 0.00988257 -0.0181717 0.000657924 -0.00160026 -0.0181717 0.0893303 
0.0099633 -0.0182866 -0.000519349 0.000662854 -0.0182866 0.0897107 0.00065602 -0.0016093 -0.000519349 0.00065602 0.00989497 -0.0181909 0.000662854 -0.0016093 -0.0181909 0.0893896 
0.0099488 -0.018264 -0.000512649 0.000615179 -0.018264 0.0896178 0.000611761 -0.00155503 -0.000512649 0.000611761 0.00992146 -0.0182195 0.000615179 -0.00155503 -0.0182195 0.0894777 
0.00996598 -0.0182926 -0.00054304 0.000597686 -0.0182926 0.0896597 0.000590855 -0.00147201 -0.00054304 0.000590855 0.00991475 -0.0182038 0.000597686 -0.00147201 -0.0182038 0.0894411 
0.00996267 -0.018301 -0.000566646 0.000635331 -0.018301 0.0896881 0.000635331 -0.00150419 -0.000566646 0.000635331 0.00988368 -0.0181911 0.000635331 -0.00150419 -0.0181911 0.0893996 
0.00997266 -0.0183273 -0.000549647 0.000652706 -0.0183273 0.0897505 0.00064927 -0.00155619 -0.000549647 0.00064927 0.00986273 -0.0181349 0.000652706 -0.00155619 -0.0181349 0.0892695 
0.00998486 -0.0182919 -0.000563827 0.000642421 -0.0182919 0.0896963 0.000639004 -0.00155821 -0.000563827 0.000639004 0.00986868 -0.0181484 0.000642421 -0.00155821 -0.0181484 0.0892863 
0.00996315 -0.0182806 -0.000585061 0.000670597 -0.0182806 0.0896102 0.000660332 -0.00159438 -0.000585061 0.000660332 0.00987419 -0.0181677 0.000670597 -0.00159438 -0.0181677 0.0893262 
0.0099543 -0.0182833 -0.00059444 0.000694087 -0.0182833 0.0896265 0.000687214 -0.00166306 -0.00059444 0.000687214 0.00986496 -0.0181562 0.000694087 -0.00166306 -0.0181562 0.0893035 
0.00997901 -0.018292 -0.000587405 0.000700764 -0.018292 0.0896565 0.000697329 -0.00168664 -0.000587405 0.000697329 0.0098313 -0.0181237 0.000700764 -0.00168664 -0.0181237 0.0892203 
0.0099835 -0.0182824 -0.000561529 0.000671768 -0.0182824 0.0896207 0.000675212 -0.00164669 -0.000561529 0.000675212 0.00980781 -0.0181102 0.000671768 -0.00164669 -0.0181102 0.0891969 
0.00997673 -0.0182987 -0.000544687 0.000641213 -0.0182987 0.0896492 0.000655003 -0.00160303 -0.000544687 0.000655003 0.00980436 -0.0180712 0.000641213 -0.00160303 -0.0180712 0.0891011 
0.00998945 -0.0183134 -0.000568867 0.000640832 -0.0183134 0.08972 0.000657967 -0.00158666 -0.000568867 0.000657967 0.00982838 -0.0180632 0.000640832 -0.00158666 -0.0180632 0.0890517 
0.00999015 -0.0183267 -0.000579786 0.000658691 -0.0183267 0.0897673 0.000672414 -0.00160556 -0.000579786 0.000672414 0.00984263 -0.0180866 0.000658691 -0.00160556 -0.0180866 0.0890709 
0.00997128 -0.0183144 -0.000551865 0.000668408 -0.0183144 0.0897346 0.000678691 -0.00161103 -0.000551865 0.000678691 0.00986844 -0.0181156 0.000668408 -0.00161103 -0.0181156 0.0891519 
