0.00738451 0 0.000143563 0 0 0.00999107 0 0 0.000143563 0 0.00733965 0 0 0 0 0.00999107 
0.0104108 -0.0129308 0.000163371 -0.000212382 -0.0129308 0.0339729 -0.000212382 0.000404342 0.000163371 -0.000212382 0.010374 -0.0128818 -0.000212382 0.000404342 -0.0128818 0.0338912 
0.010449 -0.0195209 6.25936e-05 -0.000242029 -0.0195209 0.0716071 -0.000242029 0.00081789 6.25936e-05 -0.000242029 0.0103864 -0.0195209 -0.000242029 0.00081789 -0.0195209 0.0716363 
0.00993182 -0.0191447 -8.07794e-06 -0.000153481 -0.0191447 0.0855171 -0.000145403 0.000815872 -8.07794e-06 -0.000145403 0.00972583 -0.0191084 -0.000153481 0.000815872 -0.0191084 0.08561 
0.00998261 -0.01849 0 -6.87929e-05 -0.01849 0.088567 -5.73274e-05 0.000405114 0 -5.73274e-05 0.00964629 -0.0182989 -6.87929e-05 0.000405114 -0.0182989 0.0884485 
0.0101688 -0.0184907 4.36273e-05 -8.3619e-05 -0.0184907 0.0896287 -7.27122e-05 0.000225408 4.36273e-05 -7.27122e-05 0.00982705 -0.0181344 -8.3619e-05 0.000225408 -0.0181344 0.0890906 
0.0102764 -0.0186428 9.77708e-05 -0.000171099 -0.0186428 0.0903437 -0.000174591 0.000415526 9.77708e-05 -0.000174591 0.0099831 -0.0182308 -0.000171099 0.000415526 -0.0182308 0.0894743 
0.010307 -0.0187108 0.00010954 -0.000249888 -0.0187108 0.0906819 -0.000249888 0.000674355 0.00010954 -0.000249888 0.0100263 -0.0183479 -0.000249888 0.000674355 -0.0183479 0.0897508 
0.0103367 -0.0187071 9.83157e-05 -0.000223753 -0.0187071 0.0907454 -0.000227143 0.000694991 9.83157e-05 -0.000227143 0.0100113 -0.0184088 -0.000223753 0.000694991 -0.0184088 0.0899657 
0.0104177 -0.0187505 8.40678e-05 -0.000154685 -0.0187505 0.0907966 -0.00016141 0.000534671 8.40678e-05 -0.00016141 0.00997717 -0.0184008 -0.000154685 0.000534671 -0.0184008 0.09004 
0.0104533 -0.0188552 8.67213e-05 -0.000140088 -0.0188552 0.091004 -0.000150095 0.000440277 8.67213e-05 -0.000150095 0.00997295 -0.0183416 -0.000140088 0.000440277 -0.0183416 0.0899367 
0.0105102 -0.0189276 8.65035e-05 -0.000143063 -0.0189276 0.0912445 -0.000153045 0.000402574 8.65035e-05 -0.000153045 0.00996453 -0.0183454 -0.000143063 0.000402574 -0.0183454 0.0899004 
0.0104879 -0.0189779 0.000116941 -0.00020047 -0.0189779 0.0914045 -0.000197129 0.000531247 0.000116941 -0.000197129 0.00996338 -0.0183297 -0.00020047 0.000531247 -0.0183297 0.0898776 
0.0104318 -0.0189433 0.000100887 -0.000211864 -0.0189433 0.0913872 -0.000205138 0.000568333 0.000100887 -0.000205138 0.00997105 -0.0183481 -0.000211864 0.000568333 -0.0183481 0.0899008 
0.0103405 -0.0188509 0.000114595 -0.000219079 -0.0188509 0.0912008 -0.000202227 0.000599939 0.000114595 -0.000202227 0.0100136 -0.0183689 -0.000219079 0.000599939 -0.0183689 0.0899537 
0.0103169 -0.0187473 0.000107995 -0.00022274 -0.0187473 0.0909622 -0.00022274 0.000644595 0.000107995 -0.00022274 0.00998616 -0.0183929 -0.00022274 0.000644595 -0.0183929 0.0900003 
0.0103306 -0.0187086 0.000108103 -0.000219584 -0.0187086 0.0907795 -0.000216206 0.00064524 0.000108103 -0.000216206 0.0099421 -0.0183708 -0.000219584 0.00064524 -0.0183708 0.0899755 
0.0103467 -0.0187625 0.000101273 -0.00019917 -0.0187625 0.0908486 -0.000195794 0.000597511 0.000101273 -0.000195794 0.00990112 -0.0182696 -0.00019917 0.000597511 -0.0182696 0.089765 
0.0103487 -0.0187569 8.79017e-05 -0.000199469 -0.0187569 0.0908565 -0.000189327 0.000581503 8.79017e-05 -0.000189327 0.00986865 -0.0182328 -0.000199469 0.000581503 -0.0182328 0.0896259 
0.0103368 -0.0187657 8.78005e-05 -0.000155339 -0.0187657 0.0908701 -0.000158716 0.000493033 8.78005e-05 -0.000158716 0.00988093 -0.0182186 -0.000155339 0.000493033 -0.0182186 0.0895801 
0.0103241 -0.018761 9.11549e-05 -0.000158677 -0.018761 0.0908916 -0.000158677 0.000462527 9.11549e-05 -0.000158677 0.00991563 -0.0182276 -0.000158677 0.000462527 -0.0182276 0.0895783 
0.0103599 -0.0187448 0.000111215 -0.000178618 -0.0187448 0.0908696 -0.000181989 0.000512264 0.000111215 -0.000181989 0.00989815 -0.0182663 -0.000178618 0.000512264 -0.0182663 0.0896395 
0.0103721 -0.0187838 0.000134965 -0.000229441 -0.0187838 0.0909293 -0.000229441 0.000630962 0.000134965 -0.000229441 0.00986932 -0.018227 -0.000229441 0.000630962 -0.018227 0.0895999 
0.0103557 -0.0187917 0.000125052 -0.000229826 -0.0187917 0.0909536 -0.000229826 0.00066244 0.000125052 -0.000229826 0.00985548 -0.0182002 -0.000229826 0.00066244 -0.0182002 0.0895172 
0.0103086 -0.0187754 0.000108548 -0.000210311 -0.0187754 0.0909325 -0.000206919 0.000613973 0.000108548 -0.000206919 0.00987107 -0.0181885 -0.000210311 0.000613973 -0.0181885 0.0894807 
0.0102532 -0.0186719 0.000101921 -0.000186855 -0.0186719 0.0907096 -0.000190252 0.00055377 0.000101921 -0.000190252 0.00989312 -0.0182404 -0.000186855 0.00055377 -0.0182404 0.0895749 
0.010229 -0.0186112 0.000108244 -0.000179279 -0.0186112 0.0905189 -0.000175896 0.000517541 0.000108244 -0.000175896 0.00992122 -0.0182594 -0.000179279 0.000517541 -0.0182594 0.0896664 
0.0102184 -0.0185894 0.000108275 -0.000199632 -0.0185894 0.0904231 -0.000199632 0.000551525 0.000108275 -0.000199632 0.00992407 -0.0182815 -0.000199632 0.000551525 -0.0182815 0.089699 
0.0102674 -0.0185982 8.44911e-05 -0.000158843 -0.0185982 0.0904292 -0.000162223 0.00047991 8.44911e-05 -0.000162223 0.0098956 -0.0182839 -0.000158843 0.00047991 -0.0182839 0.0897364 
0.0102966 -0.0186585 9.4868e-05 -0.000169407 -0.0186585 0.0905244 -0.00018296 0.000518386 9.4868e-05 -0.00018296 0.00986627 -0.0182451 -0.000169407 0.000518386 -0.0182451 0.089674 
0.0103137 -0.0187157 0.000104897 -0.00017934 -0.0187157 0.0906953 -0.000189491 0.000531253 0.000104897 -0.000189491 0.00985017 -0.0181878 -0.00017934 0.000531253 -0.0181878 0.0895347 
0.0103002 -0.0187354 9.78084e-05 -0.000165262 -0.0187354 0.0907999 -0.000175381 0.000495787 9.78084e-05 -0.000175381 0.00989214 -0.0181789 -0.000165262 0.000495787 -0.0181789 0.0894711 
0.0102981 -0.0187057 9.8077e-05 -0.000175862 -0.0187057 0.0907584 -0.000182626 0.000514059 9.8077e-05 -0.000182626 0.00987872 -0.0182288 -0.000175862 0.000514059 -0.0182288 0.0895173 
0.010313 -0.0186957 8.4811e-05 -0.000179799 -0.0186957 0.0907139 -0.000176407 0.000505474 8.4811e-05 -0.000176407 0.00983469 -0.0182072 -0.000179799 0.000505474 -0.0182072 0.0895231 
0.0102925 -0.0187179 8.48654e-05 -0.000166336 -0.0187179 0.0907279 -0.000169731 0.000499009 8.48654e-05 -0.000169731 0.00983421 -0.0181612 -0.000166336 0.000499009 -0.0181612 0.0894584 
0.0102919 -0.0186925 0.000101498 -0.000179313 -0.0186925 0.0907119 -0.000175929 0.000521022 0.000101498 -0.000175929 0.00984867 -0.0181681 -0.000179313 0.000521022 -0.0181681 0.0894162 
0.0103201 -0.0186908 0.000111295 -0.000202355 -0.0186908 0.0907021 -0.000188864 0.000559848 0.000111295 -0.000188864 0.00982769 -0.0181715 -0.000202355 0.000559848 -0.0181715 0.0894037 
0.0103681 -0.018734 0.000114602 -0.000185385 -0.018734 0.0907611 -0.000178644 0.00052919 0.000114602 -0.000178644 0.00978495 -0.0181441 -0.000185385 0.00052919 -0.0181441 0.0893656 
0.0103886 -0.0187555 0.000131843 -0.000206216 -0.0187555 0.0907892 -0.000189313 0.000551037 0.000131843 -0.000189313 0.00975977 -0.0181267 -0.000206216 0.000551037 -0.0181267 0.0893728 
0.0103799 -0.0187841 0.000125385 -0.000210105 -0.0187841 0.0908469 -0.000210105 0.000579484 0.000125385 -0.000210105 0.00974279 -0.0180894 -0.000210105 0.000579484 -0.0180894 0.0893185 
0.0103989 -0.0187718 0.000133013 -0.000218277 -0.0187718 0.0908545 -0.000228509 0.000627547 0.000133013 -0.000228509 0.00969288 -0.0180727 -0.000218277 0.000627547 -0.0180727 0.0892618 
0.0104338 -0.0188007 0.000139845 -0.000201241 -0.0188007 0.0909063 -0.000225117 0.000600312 0.000139845 -0.000225117 0.00963569 -0.0179991 -0.000201241 0.000600312 -0.0179991 0.0890985 
0.0104572 -0.0188688 0.000129776 -0.000181004 -0.0188688 0.0910414 -0.000201494 0.00052935 0.000129776 -0.000201494 0.00960002 -0.0179057 -0.000181004 0.00052935 -0.0179057 0.0888625 
0.0104657 -0.0188753 0.000126588 -0.000181329 -0.0188753 0.0910988 -0.000195014 0.000506352 0.000126588 -0.000195014 0.00959673 -0.0178865 -0.000181329 0.000506352 -0.0178865 0.0887587 
0.010436 -0.0188648 0.000140195 -0.000212003 -0.0188648 0.0910655 -0.000218842 0.000574459 0.000140195 -0.000218842 0.00962561 -0.0178903 -0.000212003 0.000574459 -0.0178903 0.0887403 
0.0103758 -0.0188261 0.000149684 -0.000238133 -0.0188261 0.0909941 -0.000244937 0.000656568 0.000149684 -0.000244937 0.00969883 -0.0179212 -0.000238133 0.000656568 -0.0179212 0.0887761 
0.0103382 -0.0187318 0.000155563 -0.000257017 -0.0187318 0.0907981 -0.000257017 0.000720325 0.000155563 -0.000257017 0.00973622 -0.0180081 -0.000257017 0.000720325 -0.0180081 0.0889313 
0.0103057 -0.0186877 0.000169334 -0.000284482 -0.0186877 0.0906209 -0.000291255 0.000809418 0.000169334 -0.000291255 0.00974349 -0.0180578 -0.000284482 0.000809418 -0.0180578 0.0890834 
0.0103119 -0.0186703 0.000149744 -0.000241632 -0.0186703 0.0905712 -0.000241632 0.000711284 0.000149744 -0.000241632 0.00970953 -0.0180612 -0.000241632 0.000711284 -0.0180612 0.0891453 
0.0103125 -0.0186961 0.000129503 -0.000194254 -0.0186961 0.0906281 -0.000197662 0.000569131 0.000129503 -0.000197662 0.00969226 -0.0180077 -0.000194254 0.000569131 -0.0180077 0.0890741 
0.010325 -0.0187061 0.000156594 -0.000207657 -0.0187061 0.0906609 -0.000207657 0.000561694 0.000156594 -0.000207657 0.00967136 -0.0179776 -0.000207657 0.000561694 -0.0179776 0.0889622 
0.0103789 -0.0187032 0.000197305 -0.000265341 -0.0187032 0.0906549 -0.000265341 0.000683764 0.000197305 -0.000265341 0.00961352 -0.0179616 -0.000265341 0.000683764 -0.0179616 0.0889234 
0.0104203 -0.0187668 0.000193788 -0.000271983 -0.0187668 0.0907641 -0.000271983 0.000710556 0.000193788 -0.000271983 0.0095602 -0.0178829 -0.000271983 0.000710556 -0.0178829 0.0887753 
0.0104493 -0.0188285 0.000190668 -0.000268978 -0.0188285 0.090901 -0.000265574 0.00071841 0.000190668 -0.000265574 0.00951979 -0.0178139 -0.000268978 0.00071841 -0.0178139 0.0885994 
0.0104842 -0.0188655 0.000169868 -0.000237815 -0.0188655 0.091032 -0.000244609 0.000652291 0.000169868 -0.000244609 0.0094956 -0.0177749 -0.000237815 0.000652291 -0.0177749 0.0884738 
0.0104825 -0.0188834 0.000160116 -0.000214623 -0.0188834 0.0910717 -0.000214623 0.000568921 0.000160116 -0.000214623 0.0094877 -0.0177626 -0.000214623 0.000568921 -0.0177626 0.0884247 
0.0104519 -0.0188918 0.000156609 -0.000200867 -0.0188918 0.0911189 -0.000204272 0.000527703 0.000156609 -0.000204272 0.00951908 -0.0177444 -0.000200867 0.000527703 -0.0177444 0.0883885 
0.0104221 -0.0188501 0.000166454 -0.00021741 -0.0188501 0.0910539 -0.00021741 0.000557113 0.000166454 -0.00021741 0.00956263 -0.0177902 -0.00021741 0.000557113 -0.0177902 0.0884586 
0.0103678 -0.0188024 0.000176995 -0.000258686 -0.0188024 0.0909416 -0.000262089 0.000653521 0.000176995 -0.000262089 0.00958838 -0.0178289 -0.000258686 0.000653521 -0.0178289 0.0885079 
0.0103347 -0.0187225 0.000187532 -0.000265954 -0.0187225 0.090755 -0.000272773 0.00071262 0.000187532 -0.000272773 0.00959139 -0.0178735 -0.000265954 0.00071262 -0.0178735 0.088624 
0.0103179 -0.018685 0.00018791 -0.00027674 -0.018685 0.0905997 -0.000286989 0.000755055 0.00018791 -0.000286989 0.0095663 -0.0178651 -0.00027674 0.000755055 -0.0178651 0.0886557 
0.0103604 -0.0186685 0.000211367 -0.000269323 -0.0186685 0.0905369 -0.000272732 0.000746604 0.000211367 -0.000272732 0.00952517 -0.0178537 -0.000269323 0.000746604 -0.0178537 0.0886516 
0.0103949 -0.0187461 0.000213873 -0.000281769 -0.0187461 0.0906752 -0.000268189 0.000712908 0.000213873 -0.000268189 0.00952242 -0.017782 -0.000281769 0.000712908 -0.017782 0.0885364 
0.0103509 -0.0187986 0.000183202 -0.000247662 -0.0187986 0.0908175 -0.000251055 0.000637816 0.000183202 -0.000251055 0.00958081 -0.0177638 -0.000247662 0.000637816 -0.0177638 0.0884393 
0.0102825 -0.0187297 0.000149268 -0.000234079 -0.0187297 0.0907481 -0.000234079 0.000603857 0.000149268 -0.000234079 0.00965153 -0.0178477 -0.000234079 0.000603857 -0.0178477 0.0885396 
0.0102649 -0.0186425 0.000139174 -0.000190091 -0.0186425 0.0905684 -0.000186697 0.000505779 0.000139174 -0.000186697 0.00965733 -0.0179331 -0.000190091 0.000505779 -0.0179331 0.0887286 
0.0102788 -0.0186084 0.000139964 -0.000170688 -0.0186084 0.0904476 -0.000163861 0.000433548 0.000139964 -0.000163861 0.00960974 -0.0179393 -0.000170688 0.000433548 -0.0179393 0.0888124 
0.0103182 -0.0186392 0.000133602 -0.000195264 -0.0186392 0.0904656 -0.000188413 0.00046932 0.000133602 -0.000188413 0.00955082 -0.0178753 -0.000195264 0.00046932 -0.0178753 0.0887391 
0.0103149 -0.0186802 0.00014097 -0.000213174 -0.0186802 0.0905303 -0.000216612 0.000553565 0.00014097 -0.000216612 0.00951376 -0.0177966 -0.000213174 0.000553565 -0.0177966 0.0885567 
0.0102785 -0.0186794 0.000134112 -0.000185693 -0.0186794 0.0905599 -0.000192571 0.000522692 0.000134112 -0.000192571 0.00953914 -0.0177475 -0.000185693 0.000522692 -0.0177475 0.08839 
0.010241 -0.0186262 0.000134026 -0.000182138 -0.0186262 0.0904745 -0.000175265 0.000477683 0.000134026 -0.000175265 0.00958802 -0.0177911 -0.000182138 0.000477683 -0.0177911 0.0884195 
0.0102674 -0.0185849 0.000144176 -0.000185369 -0.0185849 0.0903879 -0.000185369 0.00049775 0.000144176 -0.000185369 0.00957396 -0.0178366 -0.000185369 0.00049775 -0.0178366 0.0885068 
0.0102896 -0.0186014 0.000178234 -0.00022622 -0.0186014 0.090337 -0.000233075 0.000599825 0.000178234 -0.000233075 0.00955606 -0.0178371 -0.00022622 0.000599825 -0.0178371 0.0885512 
0.0103437 -0.0186358 0.000181229 -0.000249617 -0.0186358 0.0903921 -0.000249617 0.000649688 0.000181229 -0.000249617 0.00950938 -0.0178083 -0.000249617 0.000649688 -0.0178083 0.0885183 
0.0103654 -0.0187034 0.000174064 -0.000245738 -0.0187034 0.0905169 -0.000242325 0.000655301 0.000174064 -0.000242325 0.00949163 -0.0177546 -0.000245738 0.000655301 -0.0177546 0.0884213 
0.010398 -0.0187567 0.000170515 -0.000218259 -0.0187567 0.0907141 -0.000214849 0.000586572 0.000170515 -0.000214849 0.00948064 -0.0177268 -0.000218259 0.000586572 -0.0177268 0.0883269 
0.0104391 -0.0188122 0.000163378 -0.000200818 -0.0188122 0.0908958 -0.000207626 0.000527573 0.000163378 -0.000207626 0.0094793 -0.017706 -0.000200818 0.000527573 -0.017706 0.0882545 
0.0104467 -0.0188244 0.000190558 -0.000251809 -0.0188244 0.0909335 -0.000245003 0.000622716 0.000190558 -0.000245003 0.00948706 -0.0177423 -0.000251809 0.000622716 -0.0177423 0.0883304 
0.0105149 -0.0188721 0.000198007 -0.000242388 -0.0188721 0.0910661 -0.000242388 0.000631574 0.000198007 -0.000242388 0.00943606 -0.0177319 -0.000242388 0.000631574 -0.0177319 0.0883316 
0.0105486 -0.0189192 0.000228724 -0.000286758 -0.0189192 0.0911446 -0.000283344 0.000723722 0.000228724 -0.000283344 0.00940498 -0.0177005 -0.000286758 0.000723722 -0.0177005 0.0883146 
0.0105499 -0.0189879 0.000228605 -0.000300257 -0.0189879 0.0913157 -0.000296845 0.000757467 0.000228605 -0.000296845 0.00941034 -0.0176333 -0.000300257 0.000757467 -0.0176333 0.0881494 
0.0105002 -0.0189795 0.000211642 -0.000310635 -0.0189795 0.0913473 -0.000307222 0.000795363 0.000211642 -0.000307222 0.00943854 -0.0176345 -0.000310635 0.000795363 -0.0176345 0.0880668 
0.0104377 -0.0188896 0.00020814 -0.000293443 -0.0188896 0.0911892 -0.000293443 0.000795026 0.00020814 -0.000293443 0.0094789 -0.0176885 -0.000293443 0.000795026 -0.0176885 0.0881524 
0.0104027 -0.0188262 0.000193839 -0.000268654 -0.0188262 0.0910161 -0.000278857 0.00073795 0.000193839 -0.000278857 0.00952193 -0.017738 -0.000268654 0.00073795 -0.017738 0.0882751 
0.0104142 -0.0187815 0.000183002 -0.000227059 -0.0187815 0.0908777 -0.000227059 0.000610008 0.000183002 -0.000227059 0.00953307 -0.0177987 -0.000227059 0.000610008 -0.0177987 0.0884275 
0.0104503 -0.0187854 0.000182744 -0.000223354 -0.0187854 0.0908273 -0.000230122 0.00057869 0.000182744 -0.000230122 0.00951285 -0.0178142 -0.000223354 0.00057869 -0.0178142 0.0885362 
0.0104438 -0.0188205 0.000190072 -0.000254561 -0.0188205 0.0908748 -0.000257955 0.000648282 0.000190072 -0.000257955 0.009507 -0.0177955 -0.000254561 0.000648282 -0.0177955 0.0885431 
0.0104295 -0.018839 0.000183629 -0.000248239 -0.018839 0.0909542 -0.000261842 0.000659705 0.000183629 -0.000261842 0.00950791 -0.0177712 -0.000248239 0.000659705 -0.0177712 0.0884752 
0.0103953 -0.018808 0.000176537 -0.000230857 -0.018808 0.0909304 -0.000237647 0.000614486 0.000176537 -0.000237647 0.00952623 -0.0177658 -0.000230857 0.000614486 -0.0177658 0.0884351 
0.0103677 -0.0187663 0.000162684 -0.000213523 -0.0187663 0.0908287 -0.000220302 0.000555838 0.000162684 -0.000220302 0.00954415 -0.0177936 -0.000213523 0.000555838 -0.0177936 0.088463 
0.0103361 -0.0187212 0.000166547 -0.000207333 -0.0187212 0.0907033 -0.000210732 0.000537028 0.000166547 -0.000210732 0.00955773 -0.0178205 -0.000207333 0.000537028 -0.0178205 0.088545 
0.0103068 -0.0186791 0.000184232 -0.000255878 -0.0186791 0.0905809 -0.000249055 0.000620932 0.000184232 -0.000249055 0.00955279 -0.017833 -0.000255878 0.000620932 -0.017833 0.0885783 
0.0102791 -0.0186588 0.000174222 -0.00024596 -0.0186588 0.0905271 -0.000235712 0.000621733 0.000174222 -0.000235712 0.0095583 -0.0178116 -0.00024596 0.000621733 -0.0178116 0.0885355 
0.0103067 -0.0186449 0.000167173 -0.000218348 -0.0186449 0.0905257 -0.000208113 0.000556105 0.000167173 -0.000208113 0.00953226 -0.0178022 -0.000218348 0.000556105 -0.0178022 0.0884958 
0.0103099 -0.0186728 0.000181355 -0.000236104 -0.0186728 0.0905408 -0.000222417 0.000574862 0.000181355 -0.000222417 0.00951602 -0.0177591 -0.000236104 0.000574862 -0.0177591 0.0884056 
0.010297 -0.0186779 0.000167961 -0.000226233 -0.0186779 0.0905822 -0.000215949 0.000548443 0.000167961 -0.000215949 0.00951891 -0.0177421 -0.000226233 0.000548443 -0.0177421 0.0883302 
0.0102719 -0.0186514 0.00016141 -0.000240398 -0.0186514 0.0905441 -0.000230095 0.000590692 0.00016141 -0.000230095 0.00951975 -0.0177482 -0.000240398 0.000590692 -0.0177482 0.0883119 
0.0102695 -0.0186218 0.000174291 -0.00024264 -0.0186218 0.0904605 -0.000239223 0.000642485 0.000174291 -0.000239223 0.00953475 -0.0177572 -0.00024264 0.000642485 -0.0177572 0.0883314 
0.0102732 -0.0186048 0.00017122 -0.000232859 -0.0186048 0.0903802 -0.000232859 0.000619816 0.00017122 -0.000232859 0.00951641 -0.0177726 -0.000232859 0.000619816 -0.0177726 0.0883564 
0.0103102 -0.0186239 0.00015725 -0.000201691 -0.0186239 0.0903917 -0.000205109 0.000540121 0.00015725 -0.000205109 0.00947605 -0.0177454 -0.000201691 0.000540121 -0.0177454 0.0883303 
0.0103724 -0.0186861 0.000150722 -0.000164424 -0.0186861 0.0905292 -0.000174701 0.000435039 0.000150722 -0.000174701 0.00940643 -0.0176859 -0.000164424 0.000435039 -0.0176859 0.088193 
0.0104031 -0.0187606 0.000171611 -0.000178476 -0.0187606 0.0906932 -0.00018534 0.000432461 0.000171611 -0.00018534 0.00936998 -0.0176073 -0.000178476 0.000432461 -0.0176073 0.0880263 
0.0103708 -0.0187932 0.000171816 -0.000237106 -0.0187932 0.0908082 -0.000230233 0.000536066 0.000171816 -0.000230233 0.00939833 -0.017563 -0.000237106 0.000536066 -0.017563 0.0878942 
0.0103057 -0.018747 0.000154792 -0.000237347 -0.018747 0.090794 -0.000227028 0.000584769 0.000154792 -0.000227028 0.00945262 -0.0175912 -0.000237347 0.000584769 -0.0175912 0.0878667 
0.0102527 -0.0186591 0.000154719 -0.000223483 -0.0186591 0.0906103 -0.000220045 0.00059137 0.000154719 -0.000220045 0.00948943 -0.0176586 -0.000223483 0.00059137 -0.0176586 0.0879835 
0.010234 -0.0185515 0.00019303 -0.000220605 -0.0185515 0.0903034 -0.000227499 0.000603217 0.00019303 -0.000227499 0.00949292 -0.0177415 -0.000220605 0.000603217 -0.0177415 0.0882076 
0.0102681 -0.0185397 0.000220301 -0.000230627 -0.0185397 0.0901994 -0.000240954 0.000588616 0.000220301 -0.000240954 0.00946949 -0.0177445 -0.000230627 0.000588616 -0.0177445 0.0883234 
0.0102418 -0.0185974 0.000231045 -0.000262081 -0.0185974 0.0902696 -0.000275874 0.00063796 0.000231045 -0.000275874 0.00950387 -0.0177042 -0.000262081 0.00063796 -0.0177042 0.0882522 
0.0102423 -0.0185776 0.000232307 -0.000266979 -0.0185776 0.0902806 -0.000280848 0.000662247 0.000232307 -0.000280848 0.00947256 -0.0177108 -0.000266979 0.000662247 -0.0177108 0.0882071 
0.0102443 -0.018584 0.000218554 -0.000291406 -0.018584 0.090301 -0.000301813 0.000725045 0.000218554 -0.000301813 0.00945681 -0.0176751 -0.000291406 0.000725045 -0.0176751 0.0881398 
0.0102394 -0.0185941 0.000204027 -0.000280104 -0.0185941 0.0903284 -0.000273188 0.000729654 0.000204027 -0.000273188 0.00946822 -0.0176466 -0.000280104 0.000729654 -0.0176466 0.0880357 
0.0102551 -0.018583 0.000204132 -0.000252571 -0.018583 0.090313 -0.000245651 0.000660836 0.000204132 -0.000245651 0.00944199 -0.0176453 -0.000252571 0.000660836 -0.0176453 0.087988 
0.0102888 -0.0185861 0.000207088 -0.000251957 -0.0185861 0.0902972 -0.000248506 0.00063507 0.000207088 -0.000248506 0.0094156 -0.0176473 -0.000251957 0.00063507 -0.0176473 0.0880055 
0.0102719 -0.0186477 0.000168617 -0.000233999 -0.0186477 0.0904236 -0.000244323 0.000591881 0.000168617 -0.000244323 0.00945289 -0.0175947 -0.000233999 0.000591881 -0.0175947 0.0879184 
0.0102542 -0.0186322 0.000184884 -0.000232817 -0.0186322 0.0904528 -0.000239664 0.000619704 0.000184884 -0.000239664 0.00949756 -0.0176496 -0.000232817 0.000619704 -0.0176496 0.0879534 
0.0102694 -0.0185952 0.000177944 -0.000215587 -0.0185952 0.0903889 -0.000215587 0.000547521 0.000177944 -0.000215587 0.00950292 -0.0177226 -0.000215587 0.000547521 -0.0177226 0.0881304 
0.0102928 -0.0185976 0.000191622 -0.000218997 -0.0185976 0.0903464 -0.000222418 0.000533804 0.000191622 -0.000222418 0.00948187 -0.0177421 -0.000218997 0.000533804 -0.0177421 0.0882522 
0.0103087 -0.0186322 0.00021868 -0.000246015 -0.0186322 0.09039 -0.000246015 0.000597953 0.00021868 -0.000246015 0.009475 -0.0177233 -0.000246015 0.000597953 -0.0177233 0.0882921 
0.0103121 -0.0186535 0.00024292 -0.000283977 -0.0186535 0.090445 -0.000280556 0.000691125 0.00024292 -0.000280556 0.00947047 -0.0177126 -0.000283977 0.000691125 -0.0177126 0.088269 
0.0103191 -0.0186688 0.000263278 -0.000314566 -0.0186688 0.0905028 -0.000304309 0.000755643 0.000263278 -0.000304309 0.00946435 -0.0176944 -0.000314566 0.000755643 -0.0176944 0.0882256 
0.0102799 -0.0186783 0.000281548 -0.000346785 -0.0186783 0.0905486 -0.000336484 0.000837777 0.000281548 -0.000336484 0.00948679 -0.0176792 -0.000346785 0.000837777 -0.0176792 0.088176 
0.0102344 -0.0186271 0.000262597 -0.000338612 -0.0186271 0.0904819 -0.000335157 0.000832709 0.000262597 -0.000335157 0.00950186 -0.017708 -0.000338612 0.000832709 -0.017708 0.0881876 
0.0102141 -0.0185636 0.000234807 -0.000300415 -0.0185636 0.0903249 -0.000303868 0.000780389 0.000234807 -0.000303868 0.00951315 -0.0177314 -0.000300415 0.000780389 -0.0177314 0.0882565 
0.010245 -0.0185369 0.000227742 -0.000276051 -0.0185369 0.0902067 -0.000282953 0.000734987 0.000227742 -0.000282953 0.00946857 -0.0177363 -0.000276051 0.000734987 -0.0177363 0.088264 
0.0102705 -0.0185709 0.000196317 -0.000254867 -0.0185709 0.0902127 -0.0002652 0.00067161 0.000196317 -0.0002652 0.00944043 -0.0176857 -0.000254867 0.00067161 -0.0176857 0.088191 
0.0102907 -0.0186167 0.000202654 -0.000243871 -0.0186167 0.0903183 -0.000257611 0.000649179 0.000202654 -0.000257611 0.00943886 -0.0176446 -0.000243871 0.000649179 -0.0176446 0.0880788 
0.0102551 -0.018645 0.000196154 -0.000251215 -0.018645 0.0904098 -0.00026498 0.000664171 0.000196154 -0.00026498 0.00947389 -0.0176401 -0.000251215 0.000664171 -0.0176401 0.0880319 
0.0102278 -0.0185963 0.000182824 -0.000238016 -0.0185963 0.0903738 -0.000238016 0.000617463 0.000182824 -0.000238016 0.00950341 -0.017696 -0.000238016 0.000617463 -0.017696 0.0881144 
0.0102093 -0.0185554 0.000162767 -0.00022164 -0.0185554 0.0902835 -0.00022164 0.000564488 0.000162767 -0.00022164 0.00950626 -0.0177277 -0.00022164 0.000564488 -0.0177277 0.0882091 
0.0102028 -0.0185609 0.000155741 -0.000214577 -0.0185609 0.0902606 -0.000197272 0.000536442 0.000155741 -0.000197272 0.00950021 -0.0176922 -0.000214577 0.000536442 -0.0176922 0.0881322 
0.0102103 -0.0185394 0.000127715 -0.000172588 -0.0185394 0.0902256 -0.000151878 0.00041076 0.000127715 -0.000151878 0.00948545 -0.0176868 -0.000172588 0.00041076 -0.0176868 0.0880959 
0.0102387 -0.0185282 0.0001412 -0.000165307 -0.0185282 0.0901511 -0.000151532 0.000399493 0.0001412 -0.000151532 0.00945352 -0.0176845 -0.000165307 0.000399493 -0.0176845 0.0881123 
0.0102408 -0.0185476 0.000161733 -0.000185821 -0.0185476 0.0901333 -0.000185821 0.00046111 0.000161733 -0.000185821 0.00944588 -0.0176667 -0.000185821 0.00046111 -0.0176667 0.0880996 
0.0102263 -0.0185621 0.000161559 -0.000192495 -0.0185621 0.0901738 -0.000192495 0.000467489 0.000161559 -0.000192495 0.00946321 -0.0176477 -0.000192495 0.000467489 -0.0176477 0.0880598 
0.0102116 -0.0185625 0.000168531 -0.000202926 -0.0185625 0.0902296 -0.000202926 0.000498715 0.000168531 -0.000202926 0.00947559 -0.0176511 -0.000202926 0.000498715 -0.0176511 0.0880215 
0.010207 -0.0185476 0.000181169 -0.000225606 -0.0185476 0.0902254 -0.000215351 0.000550343 0.000181169 -0.000215351 0.0095199 -0.0176896 -0.000225606 0.000550343 -0.0176896 0.0880958 
0.0101979 -0.0185211 0.000184732 -0.00024631 -0.0185211 0.090163 -0.000232626 0.000588406 0.000184732 -0.000232626 0.00953766 -0.0177514 -0.00024631 0.000588406 -0.0177514 0.0882404 
0.0102033 -0.0185102 0.00018895 -0.000230175 -0.0185102 0.0901152 -0.000219869 0.000587461 0.00018895 -0.000219869 0.00952649 -0.0177887 -0.000230175 0.000587461 -0.0177887 0.0883734 
0.0101524 -0.018541 0.00017225 -0.000265265 -0.018541 0.0901659 -0.000251485 0.000654549 0.00017225 -0.000251485 0.00955298 -0.0177417 -0.000265265 0.000654549 -0.0177417 0.0883125 
0.0101274 -0.0184832 0.00014448 -0.000216721 -0.0184832 0.0901144 -0.000220161 0.000595121 0.00014448 -0.000220161 0.00957698 -0.0177745 -0.000216721 0.000595121 -0.0177745 0.0883222 
0.0101059 -0.0184485 0.000120309 -0.000178745 -0.0184485 0.0900254 -0.000192494 0.000519047 0.000120309 -0.000192494 0.00959721 -0.0178057 -0.000178745 0.000519047 -0.0178057 0.0883926 
0.0101191 -0.0184036 0.000137674 -0.000158325 -0.0184036 0.0899013 -0.000168651 0.00046465 0.000137674 -0.000168651 0.00960622 -0.0178529 -0.000158325 0.00046465 -0.0178529 0.0885348 
0.0101366 -0.018403 0.000145451 -0.000173156 -0.018403 0.0898195 -0.000180082 0.000450206 0.000145451 -0.000180082 0.00955475 -0.0178558 -0.000173156 0.000450206 -0.0178558 0.0885727 
0.010137 -0.0184426 0.000139006 -0.000166807 -0.0184426 0.0898814 -0.000173758 0.000420494 0.000139006 -0.000173758 0.00952887 -0.0177719 -0.000166807 0.000420494 -0.0177719 0.0884323 
0.0101646 -0.0184396 0.000162661 -0.000190348 -0.0184396 0.0899136 -0.000200731 0.000484523 0.000162661 -0.000200731 0.00950703 -0.0177439 -0.000190348 0.000484523 -0.0177439 0.0883182 
0.0101952 -0.0184959 0.000172215 -0.000213547 -0.0184959 0.0900342 -0.000220436 0.000544201 0.000172215 -0.000220436 0.0094994 -0.0176865 -0.000213547 0.000544201 -0.0176865 0.088164 
0.0102242 -0.018551 0.000168116 -0.000226442 -0.018551 0.090182 -0.000229872 0.000583258 0.000168116 -0.000229872 0.00949339 -0.0176693 -0.000226442 0.000583258 -0.0176693 0.0880617 
0.0102291 -0.0185745 0.000153847 -0.00023248 -0.0185745 0.0902741 -0.000225643 0.000601714 0.000153847 -0.000225643 0.00951801 -0.0176856 -0.00023248 0.000601714 -0.0176856 0.0880656 
0.0102133 -0.0185572 0.000154643 -0.000230247 -0.0185572 0.0902533 -0.000223374 0.00062201 0.000154643 -0.000223374 0.0095226 -0.0177393 -0.000230247 0.00062201 -0.0177393 0.088188 
0.0101897 -0.0185463 0.000130198 -0.000202149 -0.0185463 0.0902544 -0.00019187 0.000555053 0.000130198 -0.00019187 0.00956953 -0.0177548 -0.000202149 0.000555053 -0.0177548 0.0882945 
