0.0072949 0 0.000575794 0 0 0.00998799 0 0 0.000575794 0 0.00727677 0 0 0 0 0.00998799 
0.0102949 -0.0127757 0.000697606 -0.000858592 -0.0127757 0.0336956 -0.000858592 0.00165114 0.000697606 -0.000858592 0.0102618 -0.0127509 -0.000858592 0.00165114 -0.0127509 0.0336378 
0.0103932 -0.0193395 0.000536859 -0.000952085 -0.0193395 0.070987 -0.000952085 0.00299047 0.000536859 -0.000952085 0.0102674 -0.0193101 -0.000952085 0.00299047 -0.0193101 0.0709912 
0.00993566 -0.019091 0.000436161 -0.000592218 -0.019091 0.0851553 -0.000588216 0.00209277 0.000436161 -0.000588216 0.00973158 -0.019003 -0.000592218 0.00209277 -0.019003 0.0853354 
0.00994714 -0.0184173 0.000482285 -0.000489821 -0.0184173 0.0882959 -0.000478518 0.00132628 0.000482285 -0.000478518 0.00977382 -0.0184173 -0.000489821 0.00132628 -0.0184173 0.0886953 
0.0100826 -0.0183523 0.000550352 -0.00056474 -0.0183523 0.0892757 -0.000568337 0.00125178 0.000550352 -0.000568337 0.00997827 -0.0183954 -0.00056474 0.00125178 -0.0183954 0.0896966 
0.010163 -0.0184354 0.000567511 -0.000654553 -0.0184354 0.0898026 -0.000658034 0.00145882 0.000567511 -0.000658034 0.0100968 -0.0185433 -0.000654553 0.00145882 -0.0185433 0.09029 
0.0101458 -0.0184878 0.000529106 -0.000669972 -0.0184878 0.090058 -0.000676843 0.00158388 0.000529106 -0.000676843 0.0101286 -0.0185909 -0.000669972 0.00158388 -0.0185909 0.0905321 
0.010137 -0.0185022 0.000477036 -0.00060311 -0.0185022 0.0901938 -0.000620147 0.00152311 0.000477036 -0.000620147 0.0101166 -0.0185465 -0.00060311 0.00152311 -0.0185465 0.0904562 
0.0100943 -0.0184437 0.000439622 -0.000538452 -0.0184437 0.0900714 -0.000545267 0.00134954 0.000439622 -0.000545267 0.010084 -0.0185221 -0.000538452 0.00134954 -0.0185221 0.0903474 
0.0100793 -0.0183827 0.000454145 -0.000508371 -0.0183827 0.0899105 -0.000504982 0.00125059 0.000454145 -0.000504982 0.010059 -0.0184979 -0.000508371 0.00125059 -0.0184979 0.0902766 
0.010106 -0.0184051 0.00047123 -0.000511911 -0.0184051 0.0899065 -0.000498351 0.00119333 0.00047123 -0.000498351 0.0100213 -0.0184458 -0.000511911 0.00119333 -0.0184458 0.0901574 
0.0101156 -0.0184188 0.000491214 -0.000538642 -0.0184188 0.0899227 -0.000528479 0.00122634 0.000491214 -0.000528479 0.0100038 -0.0184154 -0.000538642 0.00122634 -0.0184154 0.0900819 
0.0101463 -0.0184828 0.000452446 -0.000560493 -0.0184828 0.0900874 -0.000550363 0.00127293 0.000452446 -0.000550363 0.0100078 -0.018368 -0.000560493 0.00127293 -0.018368 0.0899625 
0.0101045 -0.0184343 0.000431788 -0.000523585 -0.0184343 0.0899886 -0.000520185 0.00125796 0.000431788 -0.000520185 0.0100059 -0.0184309 -0.000523585 0.00125796 -0.0184309 0.0900566 
0.0100743 -0.0183572 0.000432536 -0.00051087 -0.0183572 0.0897904 -0.000507464 0.00124652 0.000432536 -0.000507464 0.00999261 -0.0184526 -0.00051087 0.00124652 -0.0184526 0.0901923 
0.0100507 -0.0183534 0.00038919 -0.000505264 -0.0183534 0.0897459 -0.000512092 0.00124268 0.00038919 -0.000512092 0.00997897 -0.0184012 -0.000505264 0.00124268 -0.0184012 0.0901146 
0.0100296 -0.0183379 0.000359299 -0.000475643 -0.0183379 0.0897186 -0.000475643 0.00120108 0.000359299 -0.000475643 0.00997139 -0.0183687 -0.000475643 0.00120108 -0.0183687 0.0899958 
0.0100416 -0.0183496 0.000370526 -0.000435114 -0.0183496 0.0897626 -0.000441912 0.00113198 0.000370526 -0.000441912 0.00998382 -0.0183292 -0.000435114 0.00113198 -0.0183292 0.0898884 
0.010031 -0.0183266 0.000398923 -0.000446657 -0.0183266 0.0896962 -0.000443247 0.00109107 0.000398923 -0.000443247 0.00997647 -0.0183641 -0.000446657 0.00109107 -0.0183641 0.0898871 
0.0100262 -0.0183066 0.000404997 -0.000483274 -0.0183066 0.0896338 -0.000476468 0.00114693 0.000404997 -0.000476468 0.0099888 -0.0183712 -0.000483274 0.00114693 -0.0183712 0.0899401 
0.0100241 -0.0183048 0.000335154 -0.000470569 -0.0183048 0.0896282 -0.000470569 0.00114088 0.000335154 -0.000470569 0.00998351 -0.0183556 -0.000470569 0.00114088 -0.0183556 0.0899024 
0.0100404 -0.0183428 0.000276745 -0.000388118 -0.0183428 0.0897159 -0.000384743 0.00100911 0.000276745 -0.000384743 0.00998306 -0.0183326 -0.000388118 0.00100911 -0.0183326 0.0898374 
0.0100408 -0.0183339 0.000286783 -0.000313775 -0.0183339 0.0897193 -0.000313775 0.000833359 0.000286783 -0.000313775 0.00999018 -0.0183643 -0.000313775 0.000833359 -0.0183643 0.089888 
0.0100308 -0.0182989 0.000331539 -0.000341688 -0.0182989 0.0896205 -0.000338305 0.00080855 0.000331539 -0.000338305 0.00996647 -0.018397 -0.000341688 0.00080855 -0.018397 0.0899858 
0.0100126 -0.0182744 0.000350188 -0.000401186 -0.0182744 0.0895188 -0.000390986 0.000904368 0.000350188 -0.000390986 0.00994125 -0.01839 -0.000401186 0.000904368 -0.01839 0.090039 
0.00997306 -0.0182668 0.000370134 -0.000428396 -0.0182668 0.0894971 -0.000428396 0.000997306 0.000370134 -0.000428396 0.00991137 -0.0183216 -0.000428396 0.000997306 -0.0183216 0.0898912 
0.00995721 -0.0182446 0.000363452 -0.000445743 -0.0182446 0.0894846 -0.0004526 0.00107321 0.000363452 -0.0004526 0.00990578 -0.018272 -0.000445743 0.00107321 -0.018272 0.089752 
0.00995544 -0.018262 0.000322916 -0.000408798 -0.018262 0.0895475 -0.00042254 0.00103058 0.000322916 -0.00042254 0.0098833 -0.018207 -0.000408798 0.00103058 -0.018207 0.0895372 
0.00997727 -0.0182665 0.000284184 -0.000362934 -0.0182665 0.0895831 -0.00037663 0.000941574 0.000284184 -0.00037663 0.00989852 -0.0181946 -0.000362934 0.000941574 -0.0181946 0.0894633 
0.00999314 -0.0182736 0.000238826 -0.000327532 -0.0182736 0.08958 -0.000334356 0.000852948 0.000238826 -0.000334356 0.00992491 -0.0182326 -0.000327532 0.000852948 -0.0182326 0.0895152 
0.00997903 -0.0182688 0.000231122 -0.000282105 -0.0182688 0.0895496 -0.000285504 0.000747747 0.000231122 -0.000285504 0.00997903 -0.0182858 -0.000282105 0.000747747 -0.0182858 0.0896515 
0.0099662 -0.0182238 0.000251363 -0.000288728 -0.0182238 0.0894377 -0.000281934 0.000716724 0.000251363 -0.000281934 0.00999338 -0.0183665 -0.000288728 0.000716724 -0.0183665 0.0898487 
0.00995541 -0.0182072 0.000300438 -0.000320922 -0.0182072 0.0893631 -0.000320922 0.00076475 0.000300438 -0.000320922 0.00995883 -0.0183745 -0.000320922 0.00076475 -0.0183745 0.0899196 
0.00993792 -0.0182167 0.000339377 -0.000383942 -0.0182167 0.0893864 -0.000377086 0.000891293 0.000339377 -0.000377086 0.00993106 -0.0183126 -0.000383942 0.000891293 -0.0183126 0.0898183 
0.00991956 -0.0181939 0.000347632 -0.000419912 -0.0181939 0.0893587 -0.000423354 0.00101536 0.000347632 -0.000423354 0.00991612 -0.0182765 -0.000419912 0.00101536 -0.0182765 0.0897201 
0.00991037 -0.0181742 0.000313467 -0.000416807 -0.0181742 0.0893104 -0.000416807 0.00103685 0.000313467 -0.000416807 0.00989315 -0.0182431 -0.000416807 0.00103685 -0.0182431 0.0895998 
0.0099317 -0.0182127 0.000285433 -0.000371407 -0.0182127 0.0893888 -0.000371407 0.000969785 0.000285433 -0.000371407 0.00987668 -0.0181749 -0.000371407 0.000969785 -0.0181749 0.0894025 
0.00992214 -0.0181877 0.000270386 -0.000338838 -0.0181877 0.0893403 -0.000331993 0.000865919 0.000270386 -0.000331993 0.00989475 -0.0181877 -0.000338838 0.000865919 -0.0181877 0.0893985 
0.00992379 -0.0181749 0.000292978 -0.000327046 -0.0181749 0.0893039 -0.000333859 0.000834648 0.000292978 -0.000333859 0.00992379 -0.018226 -0.000327046 0.000834648 -0.018226 0.0894708 
0.00993116 -0.0181685 0.000316952 -0.000351033 -0.0181685 0.0892611 -0.000351033 0.000852021 0.000316952 -0.000351033 0.00992434 -0.0182741 -0.000351033 0.000852021 -0.0182741 0.0895951 
0.00993474 -0.0181905 0.000352753 -0.000407022 -0.0181905 0.0893143 -0.000396847 0.000963287 0.000352753 -0.000396847 0.00995509 -0.0182821 -0.000407022 0.000963287 -0.0182821 0.0896806 
0.00993096 -0.0181903 0.00038392 -0.000441678 -0.0181903 0.0893175 -0.000434883 0.00106342 0.00038392 -0.000434883 0.00996494 -0.0183296 -0.000441678 0.00106342 -0.0183296 0.0897762 
0.00990146 -0.0181408 0.00038148 -0.000463226 -0.0181408 0.0891881 -0.00045982 0.00111038 0.00038148 -0.00045982 0.0099764 -0.0183826 -0.000463226 0.00111038 -0.0183826 0.0899476 
0.00991154 -0.0181485 0.000340369 -0.00045269 -0.0181485 0.089197 -0.00045269 0.00111641 0.000340369 -0.00045269 0.0099694 -0.0183697 -0.00045269 0.00111641 -0.0183697 0.0899799 
0.00993744 -0.018209 0.000309376 -0.000384171 -0.018209 0.089352 -0.00039437 0.000996124 0.000309376 -0.00039437 0.00995444 -0.0183076 -0.000384171 0.000996124 -0.0183076 0.0898246 
0.00991795 -0.0182161 0.000302 -0.000353477 -0.0182161 0.0893953 -0.000356909 0.000885408 0.000302 -0.000356909 0.00991108 -0.0182813 -0.000353477 0.000885408 -0.0182813 0.0896939 
0.00992995 -0.0182273 0.000292158 -0.000343716 -0.0182273 0.0894692 -0.000343716 0.000831792 0.000292158 -0.000343716 0.00987496 -0.0182101 -0.000343716 0.000831792 -0.0182101 0.0895139 
0.00991579 -0.0181687 0.000329155 -0.000363442 -0.0181687 0.0893278 -0.000370299 0.00089489 0.000329155 -0.000370299 0.00988836 -0.0182235 -0.000363442 0.00089489 -0.0182235 0.0895267 
0.00989345 -0.0181443 0.000382488 -0.000420053 -0.0181443 0.0892255 -0.000423468 0.00101769 0.000382488 -0.000423468 0.0099037 -0.0182296 -0.000420053 0.00101769 -0.0182296 0.0895465 
0.00992859 -0.0182205 0.000383697 -0.000455004 -0.0182205 0.0894049 -0.000465191 0.00109676 0.000383697 -0.000465191 0.00990822 -0.0181866 -0.000455004 0.00109676 -0.0181866 0.0893981 
0.00989875 -0.0181791 0.000410595 -0.000468762 -0.0181791 0.0893283 -0.000472184 0.00115651 0.000410595 -0.000472184 0.0099056 -0.0182372 -0.000468762 0.00115651 -0.0182372 0.0894652 
0.00990545 -0.0181858 0.000381375 -0.000463835 -0.0181858 0.0893689 -0.00046727 0.00113038 0.000381375 -0.00046727 0.00989857 -0.0182201 -0.000463835 0.00113038 -0.0182201 0.0894892 
0.00989997 -0.0181648 0.000357251 -0.000456869 -0.0181648 0.0893127 -0.000446564 0.00112328 0.000357251 -0.000446564 0.00991028 -0.0182335 -0.000456869 0.00112328 -0.0182335 0.0895566 
0.00986746 -0.0181379 0.000374366 -0.000429319 -0.0181379 0.0892193 -0.000432753 0.00109906 0.000374366 -0.000432753 0.00993959 -0.0182615 -0.000429319 0.00109906 -0.0182615 0.0896177 
0.00989811 -0.018142 0.000406725 -0.000444321 -0.018142 0.0892266 -0.000440904 0.0010903 0.000406725 -0.000440904 0.00995622 -0.0182855 -0.000444321 0.0010903 -0.0182855 0.0896675 
0.00988165 -0.0181186 0.000387987 -0.000494426 -0.0181186 0.089134 -0.000490992 0.00118113 0.000387987 -0.000490992 0.00996062 -0.0183281 -0.000494426 0.00118113 -0.0183281 0.0897863 
0.00992164 -0.0181372 0.000379498 -0.000454713 -0.0181372 0.0891819 -0.000454713 0.00114533 0.000379498 -0.000454713 0.00994899 -0.0183253 -0.000454713 0.00114533 -0.0183253 0.0898144 
0.00996107 -0.0182045 0.000385876 -0.000450758 -0.0182045 0.0893218 -0.000457588 0.00112348 0.000385876 -0.000457588 0.00992692 -0.0182899 -0.000450758 0.00112348 -0.0182899 0.089735 
0.00997721 -0.0182206 0.000415575 -0.000459858 -0.0182206 0.0893759 -0.000473483 0.00113432 0.000415575 -0.000473483 0.00992952 -0.0182955 -0.000459858 0.00113432 -0.0182955 0.0897506 
0.00998509 -0.0182271 0.000415336 -0.000486828 -0.0182271 0.089396 -0.000497042 0.00117111 0.000415336 -0.000497042 0.00992381 -0.0183088 -0.000486828 0.00117111 -0.0183088 0.0897875 
0.00999465 -0.0182877 0.000412607 -0.000484217 -0.0182877 0.0895426 -0.000487627 0.00117644 0.000412607 -0.000487627 0.00991963 -0.0182707 -0.000484217 0.00117644 -0.0182707 0.0896995 
0.00999878 -0.0182971 0.000408113 -0.000476132 -0.0182971 0.0896353 -0.000489736 0.00118013 0.000408113 -0.000489736 0.00993756 -0.0182699 -0.000476132 0.00118013 -0.0182699 0.0896659 
0.0099921 -0.0183126 0.000394918 -0.000463007 -0.0183126 0.089694 -0.000466412 0.00111326 0.000394918 -0.000466412 0.00993763 -0.0182649 -0.000463007 0.00111326 -0.0182649 0.0896327 
0.00998119 -0.0182863 0.000409625 -0.000450587 -0.0182863 0.0896327 -0.000447174 0.00107868 0.000409625 -0.000447174 0.00994023 -0.0182897 -0.000450587 0.00107868 -0.0182897 0.0896771 
0.0099915 -0.0182888 0.000432046 -0.000483075 -0.0182888 0.0896377 -0.000469468 0.00112604 0.000432046 -0.000469468 0.00995407 -0.018282 -0.000483075 0.00112604 -0.018282 0.0896921 
0.00998316 -0.0183064 0.000439682 -0.000531708 -0.0183064 0.0896712 -0.000514666 0.00123043 0.000439682 -0.000514666 0.00994226 -0.0182724 -0.000531708 0.00123043 -0.0182724 0.0896303 
0.00997768 -0.018272 0.00042596 -0.000541821 -0.018272 0.0896015 -0.00052819 0.00130855 0.00042596 -0.00052819 0.0099402 -0.0182992 -0.000541821 0.00130855 -0.0182992 0.0896935 
0.00996 -0.0182202 0.000440315 -0.000505168 -0.0182202 0.0894522 -0.000505168 0.00126633 0.000440315 -0.000505168 0.00993952 -0.0183294 -0.000505168 0.00126633 -0.0183294 0.0898038 
0.00996466 -0.0182394 0.000483322 -0.0005176 -0.0182394 0.0894523 -0.0005176 0.00125801 0.000483322 -0.0005176 0.0099201 -0.0182908 -0.0005176 0.00125801 -0.0182908 0.0897436 
0.00997072 -0.0182401 0.000467431 -0.000543045 -0.0182401 0.0894718 -0.000546482 0.00127169 0.000467431 -0.000546482 0.00988136 -0.018247 -0.000543045 0.00127169 -0.018247 0.0896402 
0.00995802 -0.0182192 0.000429373 -0.000532423 -0.0182192 0.0894058 -0.000546163 0.00129155 0.000429373 -0.000546163 0.00989276 -0.0182466 -0.000532423 0.00129155 -0.0182466 0.089636 
0.00994395 -0.0181866 0.000425336 -0.000497369 -0.0181866 0.0893138 -0.000507659 0.00125543 0.000425336 -0.000507659 0.00990279 -0.0182552 -0.000497369 0.00125543 -0.0182552 0.0896362 
0.00995879 -0.0182418 0.000381181 -0.000484203 -0.0182418 0.0894334 -0.000491071 0.00118819 0.000381181 -0.000491071 0.00989354 -0.0182074 -0.000484203 0.00118819 -0.0182074 0.0895124 
0.00995878 -0.0182297 0.000378138 -0.000446891 -0.0182297 0.08944 -0.000450328 0.00112754 0.000378138 -0.000450328 0.00989347 -0.0182228 -0.000446891 0.00112754 -0.0182228 0.0895156 
0.00996872 -0.0182315 0.000383676 -0.00045219 -0.0182315 0.0894342 -0.00045219 0.00110649 0.000383676 -0.00045219 0.00990021 -0.018228 -0.00045219 0.00110649 -0.018228 0.0895472 
0.00998978 -0.0182633 0.000400001 -0.000447865 -0.0182633 0.0895114 -0.000451284 0.00110086 0.000400001 -0.000451284 0.00991114 -0.0182189 -0.000447865 0.00110086 -0.0182189 0.0895251 
0.00997436 -0.0182612 0.000431287 -0.000468939 -0.0182612 0.0895057 -0.000465516 0.00112271 0.000431287 -0.000465516 0.0099196 -0.0182544 -0.000468939 0.00112271 -0.0182544 0.0895844 
0.00996546 -0.0182381 0.0004651 -0.000523238 -0.0182381 0.0894703 -0.000516398 0.00122773 0.0004651 -0.000516398 0.00993126 -0.0182825 -0.000523238 0.00122773 -0.0182825 0.0896686 
0.00995893 -0.0182074 0.000464318 -0.000576983 -0.0182074 0.0893914 -0.000566741 0.00137588 0.000464318 -0.000566741 0.00994869 -0.0183166 -0.000576983 0.00137588 -0.0183166 0.0897703 
0.00998265 -0.0182577 0.000450807 -0.000536188 -0.0182577 0.0894887 -0.000539603 0.00133535 0.000450807 -0.000539603 0.00992801 -0.0182816 -0.000536188 0.00133535 -0.0182816 0.089697 
0.00998584 -0.0182693 0.000436689 -0.000518568 -0.0182693 0.0895348 -0.000518568 0.00128277 0.000436689 -0.000518568 0.00993126 -0.0182795 -0.000518568 0.00128277 -0.0182795 0.0896952 
0.00996801 -0.0182599 0.000457436 -0.000539365 -0.0182599 0.0895244 -0.000549606 0.00133476 0.000457436 -0.000549606 0.0099407 -0.0182974 -0.000539365 0.00133476 -0.0182974 0.0897258 
0.00996279 -0.0182657 0.000479602 -0.000551032 -0.0182657 0.0895528 -0.000557835 0.00136737 0.000479602 -0.000557835 0.00995599 -0.0182895 -0.000551032 0.00136737 -0.0182895 0.0896957 
0.0099515 -0.0182592 0.000456054 -0.000551349 -0.0182592 0.0895669 -0.000551349 0.00133413 0.000456054 -0.000551349 0.00996171 -0.0182864 -0.000551349 0.00133413 -0.0182864 0.089669 
0.00993825 -0.0182423 0.000440108 -0.000521988 -0.0182423 0.0895227 -0.000521988 0.00127597 0.000440108 -0.000521988 0.0099519 -0.0182969 -0.000521988 0.00127597 -0.0182969 0.0896831 
0.00992554 -0.0182048 0.000444019 -0.000498668 -0.0182048 0.0894084 -0.000502083 0.0012091 0.000444019 -0.000502083 0.0099392 -0.0183073 -0.000498668 0.0012091 -0.0183073 0.0897192 
0.0099208 -0.0181756 0.000468672 -0.000519987 -0.0181756 0.0893215 -0.000509724 0.00122129 0.000468672 -0.000509724 0.00992423 -0.0183022 -0.000519987 0.00122129 -0.0183022 0.0897422 
0.00995751 -0.0182248 0.000477088 -0.000555467 -0.0182248 0.0894335 -0.000552059 0.00129836 0.000477088 -0.000552059 0.00991661 -0.0182452 -0.000555467 0.00129836 -0.0182452 0.089621 
0.00994527 -0.018225 0.00046265 -0.000562035 -0.018225 0.0894149 -0.000558608 0.00134683 0.00046265 -0.000558608 0.00989386 -0.0182524 -0.000562035 0.00134683 -0.0182524 0.089576 
0.00991559 -0.0181952 0.000428727 -0.0005522 -0.0181952 0.0893535 -0.000562489 0.00136164 0.000428727 -0.000562489 0.00990187 -0.0182466 -0.0005522 0.00136164 -0.0182466 0.0896039 
0.00989816 -0.0181719 0.000372474 -0.000500081 -0.0181719 0.0892903 -0.000510428 0.00126917 0.000372474 -0.000510428 0.00989126 -0.0182409 -0.000500081 0.00126917 -0.0182409 0.0895628 
0.00991071 -0.0181955 0.000372039 -0.000427156 -0.0181955 0.0893617 -0.000434046 0.00111267 0.000372039 -0.000434046 0.00987282 -0.0181748 -0.000427156 0.00111267 -0.0181748 0.0894203 
0.00991074 -0.018172 0.000396016 -0.000430453 -0.018172 0.0893069 -0.000430453 0.00104342 0.000396016 -0.000430453 0.00986942 -0.0181823 -0.000430453 0.00104342 -0.0181823 0.089393 
0.00988588 -0.0181253 0.000415922 -0.000474357 -0.0181253 0.0891517 -0.000474357 0.00111027 0.000415922 -0.000474357 0.00988932 -0.0182146 -0.000474357 0.00111027 -0.0182146 0.0894816 
0.00989916 -0.0181296 0.000448871 -0.000510548 -0.0181296 0.0891472 -0.000513975 0.00122326 0.000448871 -0.000513975 0.00989231 -0.0182187 -0.000510548 0.00122326 -0.0182187 0.0895036 
0.00990671 -0.0181623 0.000464911 -0.000543536 -0.0181623 0.0892082 -0.000546954 0.00131269 0.000464911 -0.000546954 0.00990329 -0.0182136 -0.000543536 0.00131269 -0.0182136 0.0894851 
0.00990942 -0.0181673 0.000483552 -0.000568685 -0.0181673 0.0892359 -0.00057209 0.00139617 0.000483552 -0.00057209 0.00992304 -0.0182388 -0.000568685 0.00139617 -0.0182388 0.0895355 
0.00991871 -0.01819 0.000494919 -0.000562716 -0.01819 0.0893125 -0.000566106 0.00138984 0.000494919 -0.000566106 0.00994244 -0.0182578 -0.000562716 0.00138984 -0.0182578 0.089587 
0.00993885 -0.0182224 0.000499983 -0.00058444 -0.0182224 0.089426 -0.00058444 0.00142225 0.000499983 -0.00058444 0.00996926 -0.0182832 -0.00058444 0.00142225 -0.0182832 0.0896422 
0.00996539 -0.0182614 0.000515744 -0.000586998 -0.0182614 0.0895426 -0.000580212 0.00142508 0.000515744 -0.000580212 0.00994503 -0.0182987 -0.000586998 0.00142508 -0.0182987 0.0896783 
0.00994522 -0.0182604 0.000505514 -0.000598364 -0.0182604 0.0895586 -0.000584608 0.00142369 0.000505514 -0.000584608 0.00992115 -0.0183051 -0.000598364 0.00142369 -0.0183051 0.0897374 
0.00994293 -0.0182488 0.000499731 -0.000610017 -0.0182488 0.0895725 -0.00060657 0.00147852 0.000499731 -0.00060657 0.00989812 -0.0182523 -0.000610017 0.00147852 -0.0182523 0.0896518 
0.00993085 -0.018218 0.000447026 -0.000584572 -0.018218 0.0894705 -0.000584572 0.00145111 0.000447026 -0.000584572 0.00989646 -0.0182352 -0.000584572 0.00145111 -0.0182352 0.0895908 
0.00993975 -0.0182223 0.000428881 -0.000500933 -0.0182223 0.0894578 -0.000511226 0.00130037 0.000428881 -0.000511226 0.00989858 -0.0182154 -0.000500933 0.00130037 -0.0182154 0.0895127 
0.00996453 -0.0182273 0.000396394 -0.000468155 -0.0182273 0.089445 -0.000471572 0.00115159 0.000396394 -0.000471572 0.00990644 -0.0182239 -0.000468155 0.00115159 -0.0182239 0.0895202 
0.00995992 -0.0182275 0.000418827 -0.000463094 -0.0182275 0.0894078 -0.000476714 0.0011339 0.000418827 -0.000476714 0.00992587 -0.0182582 -0.000463094 0.0011339 -0.0182582 0.0895882 
0.00992715 -0.0181725 0.000422142 -0.000490229 -0.0181725 0.089266 -0.000497038 0.0011677 0.000422142 -0.000497038 0.00993736 -0.0183155 -0.000490229 0.0011677 -0.0183155 0.0897358 
0.00992127 -0.018185 0.00041096 -0.000503426 -0.018185 0.0892709 -0.000496577 0.00119863 0.00041096 -0.000496577 0.00991442 -0.0182877 -0.000503426 0.00119863 -0.0182877 0.0897126 
0.00991199 -0.0182001 0.000402535 -0.000491987 -0.0182001 0.089349 -0.000481666 0.00118696 0.000402535 -0.000481666 0.00988447 -0.0182207 -0.000491987 0.00118696 -0.0182207 0.0895589 
0.00989005 -0.0182014 0.000404169 -0.000483621 -0.0182014 0.0894008 -0.000466349 0.00115724 0.000404169 -0.000466349 0.00986586 -0.0181634 -0.000483621 0.00115724 -0.0181634 0.0893662 
0.00986291 -0.0181548 0.000447368 -0.000485516 -0.0181548 0.0893211 -0.000468176 0.00114443 0.000447368 -0.000468176 0.0098421 -0.0181444 -0.000485516 0.00114443 -0.0181444 0.0892621 
0.0098586 -0.0181162 0.000463365 -0.000532524 -0.0181162 0.0891943 -0.000518692 0.00123794 0.000463365 -0.000518692 0.00985169 -0.0181369 -0.000532524 0.00123794 -0.0181369 0.0892392 
0.009882 -0.0180851 0.000447938 -0.00055052 -0.0180851 0.0890748 -0.000540261 0.00130278 0.000447938 -0.000540261 0.00986832 -0.0181671 -0.00055052 0.00130278 -0.0181671 0.0893175 
0.00988485 -0.0180955 0.000415989 -0.000518281 -0.0180955 0.0890285 -0.000525101 0.00128888 0.000415989 -0.000525101 0.00989167 -0.0182012 -0.000518281 0.00128888 -0.0182012 0.0894069 
0.00987715 -0.0181036 0.000364936 -0.000453612 -0.0181036 0.0890342 -0.000460433 0.00114597 0.000364936 -0.000460433 0.00990102 -0.0182332 -0.000453612 0.00114597 -0.0182332 0.0895014 
0.00989093 -0.0181402 0.000383051 -0.000413832 -0.0181402 0.0891484 -0.000420672 0.00103971 0.000383051 -0.000420672 0.00988067 -0.0182189 -0.000413832 0.00103971 -0.0182189 0.089487 
0.00990618 -0.0182013 0.000397618 -0.000438751 -0.0182013 0.0893407 -0.000438751 0.0010249 0.000397618 -0.000438751 0.00985819 -0.0181533 -0.000438751 0.0010249 -0.0181533 0.0893339 
0.00989735 -0.018219 0.000391363 -0.000473755 -0.018219 0.0894538 -0.000473755 0.00110543 0.000391363 -0.000473755 0.00984929 -0.0181125 -0.000473755 0.00110543 -0.0181125 0.0891826 
0.00988265 -0.0181865 0.000386148 -0.000471579 -0.0181865 0.0894189 -0.000468162 0.00114819 0.000386148 -0.000468162 0.00986898 -0.018125 -0.000471579 0.00114819 -0.018125 0.0891797 
0.00986554 -0.0181239 0.000386415 -0.000475324 -0.0181239 0.0892447 -0.000475324 0.00116608 0.000386415 -0.000475324 0.0098929 -0.0181888 -0.000475324 0.00116608 -0.0181888 0.0893336 
0.00984204 -0.0181165 0.000385019 -0.000467523 -0.0181165 0.0891765 -0.00047096 0.00117568 0.000385019 -0.00047096 0.00989017 -0.0181956 -0.000467523 0.00117568 -0.0181956 0.0893896 
0.00981645 -0.018086 0.000410889 -0.000476493 -0.018086 0.0891007 -0.000483399 0.0012085 0.000410889 -0.000483399 0.00988896 -0.0182 -0.000476493 0.0012085 -0.0182 0.0894046 
0.00979744 -0.0180497 0.000402635 -0.000485226 -0.0180497 0.0890064 -0.000492109 0.00120102 0.000402635 -0.000492109 0.00990068 -0.0181977 -0.000485226 0.00120102 -0.0181977 0.0894262 
0.00981 -0.0180546 0.00036308 -0.000455562 -0.0180546 0.0890093 -0.000462413 0.00113034 0.00036308 -0.000462413 0.00992646 -0.0182054 -0.000455562 0.00113034 -0.0182054 0.0894238 
0.00981053 -0.0180567 0.000321769 -0.000421038 -0.0180567 0.0889828 -0.000417615 0.00105431 0.000321769 -0.000417615 0.00992692 -0.0182245 -0.000421038 0.00105431 -0.0182245 0.0894449 
0.00982433 -0.018085 0.000305189 -0.00037377 -0.018085 0.0890705 -0.000363483 0.000939569 0.000305189 -0.000363483 0.00990663 -0.0182084 -0.00037377 0.000939569 -0.0182084 0.0894065 
0.00981455 -0.0180785 0.000303899 -0.000348793 -0.0180785 0.0890493 -0.00034534 0.000852989 0.000303899 -0.00034534 0.00987671 -0.0181959 -0.000348793 0.000852989 -0.0181959 0.0893774 
0.00978128 -0.0180383 0.000291668 -0.00035764 -0.0180383 0.0889552 -0.000364585 0.000857642 0.000291668 -0.000364585 0.00986462 -0.0181806 -0.00035764 0.000857642 -0.0181806 0.0893718 
0.0097968 -0.0180133 0.000300855 -0.000352726 -0.0180133 0.088887 -0.000352726 0.000861067 0.000300855 -0.000352726 0.00985559 -0.018155 -0.000352726 0.000861067 -0.018155 0.0893158 
0.00982295 -0.0180191 0.000330878 -0.000361898 -0.0180191 0.0888511 -0.000365345 0.000878895 0.000330878 -0.000365345 0.00984363 -0.0181397 -0.000361898 0.000878895 -0.0181397 0.0892785 
0.00983323 -0.0180299 0.000342383 -0.000400588 -0.0180299 0.0888483 -0.000407435 0.000972366 0.000342383 -0.000407435 0.00986062 -0.0181463 -0.000400588 0.000972366 -0.0181463 0.0892899 
0.00986208 -0.0180805 0.000334887 -0.000403231 -0.0180805 0.0889672 -0.000406649 0.000987575 0.000334887 -0.000406649 0.00985525 -0.0181386 -0.000403231 0.000987575 -0.0181386 0.0892679 
0.00986206 -0.0181083 0.000324522 -0.000382595 -0.0181083 0.0890762 -0.000392843 0.000949655 0.000324522 -0.000392843 0.00985864 -0.0181459 -0.000382595 0.000949655 -0.0181459 0.0892744 
0.00987473 -0.0181384 0.000348159 -0.000382292 -0.0181384 0.0891832 -0.000392532 0.000959143 0.000348159 -0.000392532 0.00986108 -0.0181418 -0.000382292 0.000959143 -0.0181418 0.0892549 
0.0098641 -0.0181423 0.000369135 -0.00041015 -0.0181423 0.0892178 -0.000423822 0.000991195 0.000369135 -0.000423822 0.00986069 -0.0181457 -0.00041015 0.000991195 -0.0181457 0.0892589 
0.00989218 -0.0181665 0.000372838 -0.000427567 -0.0181665 0.0893101 -0.000434408 0.00102274 0.000372838 -0.000434408 0.00984772 -0.0181357 -0.000427567 0.00102274 -0.0181357 0.0892349 
0.00985788 -0.018137 0.000416191 -0.000443708 -0.018137 0.0892334 -0.000440268 0.00106971 0.000416191 -0.000440268 0.00985788 -0.0181542 -0.000443708 0.00106971 -0.0181542 0.0892953 
0.00986688 -0.0181121 0.000445689 -0.000490258 -0.0181121 0.0891893 -0.00048683 0.00114165 0.000445689 -0.00048683 0.0098703 -0.0181636 -0.000490258 0.00114165 -0.0181636 0.0893333 
0.00986673 -0.0180941 0.000455177 -0.00051678 -0.0180941 0.0891086 -0.000509935 0.00120468 0.000455177 -0.000509935 0.009877 -0.0181934 -0.00051678 0.00120468 -0.0181934 0.0894132 
0.00985905 -0.0180954 0.000440685 -0.000546586 -0.0180954 0.0890696 -0.000546586 0.00130497 0.000440685 -0.000546586 0.00989663 -0.018215 -0.000546586 0.00130497 -0.018215 0.0894932 
0.0098672 -0.0181362 0.000425281 -0.000528171 -0.0181362 0.0891684 -0.000528171 0.00131357 0.000425281 -0.000528171 0.00989807 -0.0182048 -0.000528171 0.00131357 -0.0182048 0.0894668 
0.00987977 -0.0181615 0.000421802 -0.000517822 -0.0181615 0.0892917 -0.000507534 0.00128598 0.000421802 -0.000507534 0.00989006 -0.0181752 -0.000517822 0.00128598 -0.0181752 0.089374 
0.00987402 -0.0181373 0.000405264 -0.000508298 -0.0181373 0.0892371 -0.000497994 0.00126731 0.000405264 -0.000497994 0.00987746 -0.0181888 -0.000508298 0.00126731 -0.0181888 0.0893986 
0.00987745 -0.0181328 0.000407246 -0.000496978 -0.0181328 0.089218 -0.000486625 0.00123554 0.000407246 -0.000486625 0.00984293 -0.0181742 -0.000496978 0.00123554 -0.0181742 0.0893629 
0.00988105 -0.0181493 0.00039455 -0.000474152 -0.0181493 0.089234 -0.000470691 0.00118365 0.00039455 -0.000470691 0.00983605 -0.0181389 -0.000474152 0.00118365 -0.0181389 0.0893067 
0.00988524 -0.0181384 0.000402007 -0.000453546 -0.0181384 0.0892248 -0.000446674 0.00110638 0.000402007 -0.000446674 0.0098715 -0.0181453 -0.000453546 0.00110638 -0.0181453 0.0893176 
0.00988284 -0.018118 0.000393944 -0.000469307 -0.018118 0.0891477 -0.000469307 0.00112702 0.000393944 -0.000469307 0.00991367 -0.0182139 -0.000469307 0.00112702 -0.0182139 0.0894457 
0.00988157 -0.0181476 0.000431271 -0.000465498 -0.0181476 0.0892114 -0.000465498 0.0011261 0.000431271 -0.000465498 0.00991922 -0.0182229 -0.000465498 0.0011261 -0.0182229 0.0894578 
0.00987237 -0.0181404 0.000468647 -0.000499434 -0.0181404 0.0892139 -0.000502855 0.00117333 0.000468647 -0.000502855 0.00993052 -0.0182464 -0.000499434 0.00117333 -0.0182464 0.0895252 
