0.00735244 0 0.000194797 0 0 0.00998899 0 0 0.000194797 0 0.00733432 0 0 0 0 0.00998899 
0.0103846 -0.0128911 0.000222615 -0.000288575 -0.0128911 0.0339117 -0.000288575 0.000552416 0.000222615 -0.000288575 0.010331 -0.0128416 -0.000288575 0.000552416 -0.0128416 0.0338004 
0.0104363 -0.0195395 5.39881e-05 -0.000203493 -0.0195395 0.0716463 -0.000203493 0.000714304 5.39881e-05 -0.000203493 0.0104363 -0.0194565 -0.000203493 0.000714304 -0.0194565 0.0714179 
0.00977258 -0.0190306 -3.24132e-05 -0.000166118 -0.0190306 0.0851414 -0.000162066 0.000826537 -3.24132e-05 -0.000162066 0.00986577 -0.0191765 -0.000166118 0.000826537 -0.0191765 0.0856154 
0.00970497 -0.018291 -8.07466e-05 -3.84507e-06 -0.018291 0.0881368 1.92254e-05 0.000246085 -8.07466e-05 1.92254e-05 0.00990107 -0.0184717 -3.84507e-06 0.000246085 -0.0184717 0.0886866 
0.00986473 -0.0181495 -4.39899e-05 2.93266e-05 -0.0181495 0.0889622 5.49874e-05 -5.49874e-05 -4.39899e-05 5.49874e-05 0.0100883 -0.0184501 2.93266e-05 -5.49874e-05 -0.0184501 0.0896404 
0.00998539 -0.0182234 1.76858e-05 -4.95202e-05 -0.0182234 0.0893556 -2.47601e-05 5.65945e-05 1.76858e-05 -2.47601e-05 0.0102118 -0.0186054 -4.95202e-05 5.65945e-05 -0.0186054 0.0903071 
0.0100157 -0.0183351 4.82685e-05 -0.000124119 -0.0183351 0.0896829 -0.000103433 0.000272372 4.82685e-05 -0.000103433 0.0103019 -0.0186661 -0.000124119 0.000272372 -0.0186661 0.0905932 
0.0100358 -0.0183515 4.41059e-05 -0.000139103 -0.0183515 0.0898132 -0.000128925 0.000393561 4.41059e-05 -0.000128925 0.0103242 -0.0187213 -0.000139103 0.000393561 -0.0187213 0.0907225 
0.0100487 -0.0183525 4.71612e-05 -0.000138115 -0.0183525 0.0897882 -0.000138115 0.0004514 4.71612e-05 -0.000138115 0.0103047 -0.0187567 -0.000138115 0.0004514 -0.0187567 0.0908258 
0.0100967 -0.0183963 4.68525e-05 -0.000127171 -0.0183963 0.0898799 -0.000130518 0.000431712 4.68525e-05 -0.000130518 0.010264 -0.0187243 -0.000127171 0.000431712 -0.0187243 0.0908136 
0.0100878 -0.0184597 2.67581e-05 -0.000107032 -0.0184597 0.0900376 -0.000113722 0.000371269 2.67581e-05 -0.000113722 0.0102718 -0.0186872 -0.000107032 0.000371269 -0.0186872 0.0907333 
0.0100105 -0.0184368 2.00946e-05 -0.00011387 -0.0184368 0.0900508 -0.00011387 0.0003751 2.00946e-05 -0.00011387 0.0103219 -0.0187048 -0.00011387 0.0003751 -0.0187048 0.090734 
0.0099523 -0.0183404 1.34264e-05 -9.39846e-05 -0.0183404 0.0899064 -0.000100698 0.000349086 1.34264e-05 -0.000100698 0.0103484 -0.0187734 -9.39846e-05 0.000349086 -0.0187734 0.0908932 
0.00994865 -0.0182645 2.70436e-05 -0.000108174 -0.0182645 0.08969 -0.000108174 0.000354947 2.70436e-05 -0.000108174 0.0103036 -0.0188223 -0.000108174 0.000354947 -0.0188223 0.0910455 
0.00998267 -0.0182801 4.06902e-05 -0.000101726 -0.0182801 0.0896677 -0.000111898 0.000352649 4.06902e-05 -0.000111898 0.0102404 -0.0187514 -0.000101726 0.000352649 -0.0187514 0.0909698 
0.00998303 -0.0183232 4.42178e-05 -0.000119048 -0.0183232 0.089735 -0.000129252 0.000387756 4.42178e-05 -0.000129252 0.0101837 -0.0186327 -0.000119048 0.000387756 -0.0186327 0.0906976 
0.00996934 -0.0183326 2.37689e-05 -9.16799e-05 -0.0183326 0.0898089 -0.000101867 0.00033616 2.37689e-05 -0.000101867 0.0102138 -0.0185872 -9.16799e-05 0.00033616 -0.0185872 0.0905424 
0.00996705 -0.0182932 3.03873e-05 -9.45384e-05 -0.0182932 0.0897372 -0.000104667 0.000330884 3.03873e-05 -0.000104667 0.0102473 -0.0186376 -9.45384e-05 0.000330884 -0.0186376 0.0905745 
0.00995912 -0.018291 3.71357e-05 -0.000111407 -0.018291 0.0897097 -0.000108031 0.000354477 3.71357e-05 -0.000108031 0.0102596 -0.0186624 -0.000111407 0.000354477 -0.0186624 0.0906313 
0.00996545 -0.0183176 3.69713e-05 -0.000114275 -0.0183176 0.0897798 -0.000110914 0.000362991 3.69713e-05 -0.000110914 0.0103016 -0.018684 -0.000114275 0.000362991 -0.018684 0.0906738 
0.00998686 -0.0183064 3.0253e-05 -0.000110928 -0.0183064 0.0897708 -0.000110928 0.000359675 3.0253e-05 -0.000110928 0.0102927 -0.0187199 -0.000110928 0.000359675 -0.0187199 0.0907624 
0.00999517 -0.0183262 2.70049e-05 -9.4517e-05 -0.0183262 0.0897776 -8.43902e-05 0.000313931 2.70049e-05 -8.43902e-05 0.0102517 -0.0187177 -9.4517e-05 0.000313931 -0.0187177 0.0907971 
0.00999861 -0.0183409 6.77413e-05 -0.000121934 -0.0183409 0.0898181 -0.000118547 0.000375964 6.77413e-05 -0.000118547 0.0102086 -0.0186661 -0.000121934 0.000375964 -0.0186661 0.0907089 
0.00999305 -0.0183353 8.47443e-05 -0.000159319 -0.0183353 0.0898154 -0.000159319 0.00045084 8.47443e-05 -0.000159319 0.0101897 -0.01862 -0.000159319 0.00045084 -0.01862 0.0906052 
0.0099659 -0.0183267 7.44987e-05 -0.000176088 -0.0183267 0.0897879 -0.000179474 0.00053165 7.44987e-05 -0.000179474 0.0102029 -0.018584 -0.000176088 0.00053165 -0.018584 0.090499 
0.00995661 -0.0182881 7.41772e-05 -0.000165213 -0.0182881 0.0897241 -0.00015847 0.000525984 7.41772e-05 -0.00015847 0.0102331 -0.0186151 -0.000165213 0.000525984 -0.0186151 0.0905299 
0.00996604 -0.0182711 7.73343e-05 -0.00017148 -0.0182711 0.0896406 -0.000164756 0.00054134 7.73343e-05 -0.000164756 0.0102216 -0.0186443 -0.00017148 0.00054134 -0.0186443 0.0905787 
0.0099762 -0.0182835 6.06866e-05 -0.000158459 -0.0182835 0.0896475 -0.000155088 0.000492235 6.06866e-05 -0.000155088 0.0101886 -0.0186308 -0.000158459 0.000492235 -0.0186308 0.0905747 
0.00994537 -0.0183093 3.02189e-05 -0.000120876 -0.0183093 0.0897098 -0.000120876 0.000409634 3.02189e-05 -0.000120876 0.0102274 -0.018598 -0.000120876 0.000409634 -0.018598 0.0905358 
0.00993161 -0.018285 6.70149e-06 -7.70672e-05 -0.018285 0.0897162 -6.36642e-05 0.000278112 6.70149e-06 -6.36642e-05 0.0102767 -0.0186536 -7.70672e-05 0.000278112 -0.0186536 0.0906008 
0.00992592 -0.0182708 0 -4.36378e-05 -0.0182708 0.0897058 -4.0281e-05 0.000167838 0 -4.0281e-05 0.0102851 -0.018687 -4.36378e-05 0.000167838 -0.018687 0.0906759 
0.00989379 -0.0182553 3.72074e-05 -9.47098e-05 -0.0182553 0.089653 -9.13273e-05 0.000273982 3.72074e-05 -9.13273e-05 0.0102557 -0.0186917 -9.47098e-05 0.000273982 -0.0186917 0.0907015 
0.00984919 -0.0182466 5.11204e-05 -0.000115873 -0.0182466 0.0896549 -0.000119281 0.000351027 5.11204e-05 -0.000119281 0.0102582 -0.0186521 -0.000115873 0.000351027 -0.0186521 0.090616 
0.00981584 -0.018161 3.39649e-05 -9.84981e-05 -0.018161 0.0894906 -9.84981e-05 0.000329459 3.39649e-05 -9.84981e-05 0.0103015 -0.0186773 -9.84981e-05 0.000329459 -0.0186773 0.0906726 
0.00983142 -0.01811 4.39809e-05 -0.000108261 -0.01811 0.0893218 -0.000108261 0.000358613 4.39809e-05 -0.000108261 0.0103084 -0.0187257 -0.000108261 0.000358613 -0.0187257 0.0907698 
0.00988506 -0.0181305 6.07273e-05 -0.000131576 -0.0181305 0.0892995 -0.000128202 0.00041497 6.07273e-05 -0.000128202 0.0102832 -0.0187377 -0.000131576 0.00041497 -0.0187377 0.0908244 
0.00990219 -0.0181849 5.05042e-05 -0.000148146 -0.0181849 0.0893487 -0.000148146 0.000457905 5.05042e-05 -0.000148146 0.0102759 -0.0187202 -0.000148146 0.000457905 -0.0187202 0.0908301 
0.00989632 -0.0182095 4.71574e-05 -0.000151577 -0.0182095 0.0894408 -0.000148209 0.000488416 4.71574e-05 -0.000148209 0.0102635 -0.0186945 -0.000151577 0.000488416 -0.0186945 0.0907578 
0.00987828 -0.0182228 4.05401e-05 -0.000124999 -0.0182228 0.0895194 -0.00012162 0.000425671 4.05401e-05 -0.00012162 0.0102634 -0.0186687 -0.000124999 0.000425671 -0.0186687 0.090668 
0.00986983 -0.0182202 3.03895e-05 -8.77919e-05 -0.0182202 0.089568 -7.7662e-05 0.000314025 3.03895e-05 -7.7662e-05 0.0102784 -0.0186625 -8.77919e-05 0.000314025 -0.0186625 0.0906519 
0.00981363 -0.0181832 4.40681e-05 -0.000105085 -0.0181832 0.0894955 -0.000108475 0.000335595 4.40681e-05 -0.000108475 0.0103153 -0.0186917 -0.000105085 0.000335595 -0.0186917 0.0906786 
0.00975759 -0.0181198 1.69756e-05 -8.82732e-05 -0.0181198 0.0893767 -8.1483e-05 0.000288586 1.69756e-05 -8.1483e-05 0.0103517 -0.0187241 -8.82732e-05 0.000288586 -0.0187241 0.0907279 
0.00974697 -0.0180409 3.39497e-06 -7.80844e-05 -0.0180409 0.0891724 -7.12945e-05 0.000271598 3.39497e-06 -7.12945e-05 0.0103513 -0.0187776 -7.80844e-05 0.000271598 -0.0187776 0.0908631 
0.00977773 -0.0180424 3.37745e-06 -6.07942e-05 -0.0180424 0.0891108 -5.74167e-05 0.000239799 3.37745e-06 -5.74167e-05 0.0103418 -0.0187719 -6.07942e-05 0.000239799 -0.0187719 0.0908974 
0.00983215 -0.0180796 2.36026e-05 -6.06923e-05 -0.0180796 0.0891502 -5.73205e-05 0.000232654 2.36026e-05 -5.73205e-05 0.0102975 -0.0187573 -6.06923e-05 0.000232654 -0.0187573 0.0908631 
0.00989593 -0.0181509 3.36253e-05 -9.07883e-05 -0.0181509 0.0892853 -8.74258e-05 0.00027909 3.36253e-05 -8.74258e-05 0.0102624 -0.0187158 -9.07883e-05 0.00027909 -0.0187158 0.0907984 
0.00990179 -0.0182337 5.06399e-05 -0.000121536 -0.0182337 0.0894841 -0.00011816 0.000361231 5.06399e-05 -0.00011816 0.0102495 -0.0186591 -0.000121536 0.000361231 -0.0186591 0.0906792 
0.00984868 -0.0182397 6.08779e-05 -0.000142048 -0.0182397 0.0896021 -0.000148813 0.000446438 6.08779e-05 -0.000148813 0.0102884 -0.0186455 -0.000142048 0.000446438 -0.0186455 0.0905998 
0.00980143 -0.0181774 6.10892e-05 -0.000142542 -0.0181774 0.089533 -0.000149329 0.000447988 6.10892e-05 -0.000149329 0.0103071 -0.0186763 -0.000142542 0.000447988 -0.0186763 0.0906021 
0.0097758 -0.0180954 4.41269e-05 -0.000135775 -0.0180954 0.0893366 -0.000139169 0.000441269 4.41269e-05 -0.000139169 0.0103155 -0.01872 -0.000135775 0.000441269 -0.01872 0.0907079 
0.00974766 -0.0180597 2.37005e-05 -0.000108345 -0.0180597 0.089178 -0.000108345 0.000382593 2.37005e-05 -0.000108345 0.01033 -0.0187335 -0.000108345 0.000382593 -0.0187335 0.0907761 
0.00972757 -0.0180336 6.76936e-06 -7.78476e-05 -0.0180336 0.0890881 -7.10783e-05 0.000291082 6.76936e-06 -7.10783e-05 0.0103436 -0.0187477 -7.78476e-05 0.000291082 -0.0187477 0.0908042 
0.00967463 -0.0180152 -2.03676e-05 -3.73407e-05 -0.0180152 0.0890303 -3.39461e-05 0.000173125 -2.03676e-05 -3.39461e-05 0.0103773 -0.0187484 -3.73407e-05 0.000173125 -0.0187484 0.0908057 
0.00963632 -0.017963 -4.72534e-05 6.75049e-06 -0.017963 0.0889613 6.75049e-06 5.40039e-05 -4.72534e-05 6.75049e-06 0.0104295 -0.0187832 6.75049e-06 5.40039e-05 -0.0187832 0.090875 
0.00962401 -0.017916 -3.37211e-05 -1.01163e-05 -0.017916 0.0888383 -1.01163e-05 7.75586e-05 -3.37211e-05 -1.01163e-05 0.0104434 -0.0188434 -1.01163e-05 7.75586e-05 -0.0188434 0.0909594 
0.00965581 -0.0178956 -2.02287e-05 -2.02287e-05 -0.0178956 0.0887566 -1.34858e-05 8.76575e-05 -2.02287e-05 -1.34858e-05 0.0103908 -0.0188598 -2.02287e-05 8.76575e-05 -0.0188598 0.091039 
0.00967829 -0.0179523 -1.01273e-05 -2.02545e-05 -0.0179523 0.088833 -2.02545e-05 0.000104648 -1.01273e-05 -2.02545e-05 0.0103636 -0.018803 -2.02545e-05 0.000104648 -0.018803 0.0909732 
0.00970354 -0.0179599 2.71143e-05 -7.79537e-05 -0.0179599 0.0888672 -7.79537e-05 0.000233861 2.71143e-05 -7.79537e-05 0.0102967 -0.0187563 -7.79537e-05 0.000233861 -0.0187563 0.0908465 
0.00972019 -0.0179905 2.70381e-05 -8.11142e-05 -0.0179905 0.0889451 -8.11142e-05 0.000256862 2.70381e-05 -8.11142e-05 0.0102745 -0.0186901 -8.11142e-05 0.000256862 -0.0186901 0.0907195 
0.00973051 -0.0180279 3.04926e-05 -9.82538e-05 -0.0180279 0.0890315 -9.82538e-05 0.000308314 3.04926e-05 -9.82538e-05 0.0102523 -0.0186479 -9.82538e-05 0.000308314 -0.0186479 0.0905832 
0.00973281 -0.0180325 3.05636e-05 -8.82948e-05 -0.0180325 0.0890725 -8.15029e-05 0.000281864 3.05636e-05 -8.15029e-05 0.0102558 -0.0186438 -8.82948e-05 0.000281864 -0.0186438 0.0905531 
0.00970422 -0.0180299 0 -5.09319e-05 -0.0180299 0.0890867 -4.75364e-05 0.000190146 0 -4.75364e-05 0.010295 -0.0186411 -5.09319e-05 0.000190146 -0.0186411 0.0905331 
0.0096538 -0.0179771 -3.40282e-06 -2.72226e-05 -0.0179771 0.0889939 -3.06254e-05 0.000136113 -3.40282e-06 -3.06254e-05 0.0103412 -0.0186883 -2.72226e-05 0.000136113 -0.0186883 0.0906069 
0.0096126 -0.0179324 -1.36446e-05 -3.41114e-05 -0.0179324 0.0888841 -2.72891e-05 0.00011939 -1.36446e-05 -2.72891e-05 0.0103699 -0.0187238 -3.41114e-05 0.00011939 -0.0187238 0.0906886 
0.0096145 -0.0178803 -6.81155e-06 -5.44924e-05 -0.0178803 0.0887579 -4.76808e-05 0.000190723 -6.81155e-06 -4.76808e-05 0.0103808 -0.0187828 -5.44924e-05 0.000190723 -0.0187828 0.0908184 
0.00965712 -0.0178968 1.01976e-05 -8.15808e-05 -0.0178968 0.0887429 -8.15808e-05 0.000292331 1.01976e-05 -8.15808e-05 0.010354 -0.018767 -8.15808e-05 0.000292331 -0.018767 0.0908266 
0.00970324 -0.0179327 3.7268e-05 -0.000111804 -0.0179327 0.0887962 -0.000111804 0.000389621 3.7268e-05 -0.000111804 0.0103029 -0.0187187 -0.000111804 0.000389621 -0.0187187 0.0907308 
0.00977869 -0.0179698 4.05334e-05 -8.78224e-05 -0.0179698 0.088856 -9.79558e-05 0.000334401 4.05334e-05 -9.79558e-05 0.0102414 -0.0186994 -8.78224e-05 0.000334401 -0.0186994 0.0906901 
0.00979806 -0.0180706 2.02509e-05 -7.76285e-05 -0.0180706 0.0890264 -8.43788e-05 0.000263262 2.02509e-05 -8.43788e-05 0.0102098 -0.0186038 -7.76285e-05 0.000263262 -0.0186038 0.0905283 
0.00980971 -0.018088 3.05599e-05 -8.8284e-05 -0.018088 0.0891363 -9.50751e-05 0.000285225 3.05599e-05 -9.50751e-05 0.0101696 -0.0185838 -8.8284e-05 0.000285225 -0.0185838 0.0904198 
0.00982131 -0.0180808 4.43323e-05 -0.000109126 -0.0180808 0.0891352 -0.000119356 0.000351248 4.43323e-05 -0.000119356 0.0101146 -0.0185479 -0.000109126 0.000351248 -0.0185479 0.0903526 
0.00982559 -0.0181084 4.42748e-05 -0.00011239 -0.0181084 0.0891932 -0.000122607 0.000367821 4.42748e-05 -0.000122607 0.0101049 -0.0184728 -0.00011239 0.000367821 -0.0184728 0.0902115 
0.00981839 -0.0181131 4.44116e-05 -0.000109321 -0.0181131 0.0892196 -0.000126402 0.000365542 4.44116e-05 -0.000126402 0.0100985 -0.0184547 -0.000109321 0.000365542 -0.0184547 0.0901147 
0.00980668 -0.0181165 4.79544e-05 -9.93341e-05 -0.0181165 0.0892431 -0.00010961 0.000339106 4.79544e-05 -0.00010961 0.0101013 -0.0184419 -9.93341e-05 0.000339106 -0.0184419 0.0900549 
0.00980025 -0.0180891 5.1526e-05 -9.27469e-05 -0.0180891 0.0891984 -9.61819e-05 0.000302286 5.1526e-05 -9.61819e-05 0.0100922 -0.0184429 -9.27469e-05 0.000302286 -0.0184429 0.0900263 
0.00982404 -0.0180964 4.79556e-05 -9.59111e-05 -0.0180964 0.0891973 -8.56349e-05 0.000270606 4.79556e-05 -8.56349e-05 0.0100809 -0.0184286 -9.59111e-05 0.000270606 -0.0184286 0.0899954 
0.00978397 -0.0180888 4.4613e-05 -0.000109817 -0.0180888 0.0891402 -0.000106385 0.000312291 4.4613e-05 -0.000106385 0.01011 -0.0184252 -0.000109817 0.000312291 -0.0184252 0.0899741 
0.00976145 -0.0180253 3.41907e-05 -9.91531e-05 -0.0180253 0.0890155 -9.2315e-05 0.000304297 3.41907e-05 -9.2315e-05 0.0101273 -0.0184664 -9.91531e-05 0.000304297 -0.0184664 0.0900515 
0.00976644 -0.0180172 2.38955e-05 -8.53411e-05 -0.0180172 0.0889493 -7.16865e-05 0.000269678 2.38955e-05 -7.16865e-05 0.0101283 -0.0184781 -8.53411e-05 0.000269678 -0.0184781 0.0900997 
0.00974342 -0.0180217 1.02454e-05 -7.17181e-05 -0.0180217 0.0889441 -6.48878e-05 0.000245891 1.02454e-05 -6.48878e-05 0.0101635 -0.018493 -7.17181e-05 0.000245891 -0.018493 0.0901429 
0.00973196 -0.0179796 -6.82466e-06 -5.80096e-05 -0.0179796 0.0888639 -6.14219e-05 0.000225214 -6.82466e-06 -6.14219e-05 0.0101926 -0.0185631 -5.80096e-05 0.000225214 -0.0185631 0.0903073 
0.0097582 -0.0179868 0 -4.09721e-05 -0.0179868 0.0888515 -4.09721e-05 0.000194618 0 -4.09721e-05 0.0101816 -0.0185843 -4.09721e-05 0.000194618 -0.0185843 0.0904016 
0.0097819 -0.0180197 1.02715e-05 -4.79337e-05 -0.0180197 0.0889136 -5.82052e-05 0.000202006 1.02715e-05 -5.82052e-05 0.0101585 -0.018564 -4.79337e-05 0.000202006 -0.018564 0.0903996 
0.00980954 -0.0180316 5.8288e-05 -0.000113147 -0.0180316 0.0889373 -0.000126862 0.000353157 5.8288e-05 -0.000126862 0.0101044 -0.018539 -0.000113147 0.000353157 -0.018539 0.0903328 
0.00981386 -0.0180834 6.20476e-05 -0.000134436 -0.0180834 0.0890452 -0.000144778 0.00041365 6.20476e-05 -0.000144778 0.0100517 -0.0184385 -0.000134436 0.00041365 -0.0184385 0.0901241 
0.0098199 -0.0180925 5.50134e-05 -9.97119e-05 -0.0180925 0.089108 -0.000106589 0.000340396 5.50134e-05 -0.000106589 0.0100262 -0.0183711 -9.97119e-05 0.000340396 -0.0183711 0.089916 
0.00980018 -0.018081 6.18742e-05 -0.000106561 -0.018081 0.0890954 -0.000106561 0.000326558 6.18742e-05 -0.000106561 0.0100339 -0.0183491 -0.000106561 0.000326558 -0.0183491 0.0898104 
0.0097862 -0.0180502 6.52872e-05 -0.000127138 -0.0180502 0.0890242 -0.000123702 0.000360797 6.52872e-05 -0.000123702 0.0100405 -0.0183629 -0.000127138 0.000360797 -0.0183629 0.0898008 
0.00975138 -0.0180445 6.1761e-05 -0.000137247 -0.0180445 0.0890045 -0.000130384 0.000391153 6.1761e-05 -0.000130384 0.0100705 -0.0183567 -0.000137247 0.000391153 -0.0183567 0.0897731 
0.00972743 -0.0179966 4.80367e-05 -0.000113229 -0.0179966 0.0889022 -0.000106367 0.000336257 4.80367e-05 -0.000106367 0.0100808 -0.0184015 -0.000113229 0.000336257 -0.0184015 0.0898423 
0.00973791 -0.017994 4.43874e-05 -8.53604e-05 -0.017994 0.0888977 -8.19459e-05 0.000269739 4.43874e-05 -8.19459e-05 0.010093 -0.0184037 -8.53604e-05 0.000269739 -0.0184037 0.0898674 
0.00979477 -0.0180093 6.81139e-05 -0.000105576 -0.0180093 0.088909 -0.000102171 0.00029289 6.81139e-05 -0.000102171 0.0100536 -0.0184112 -0.000105576 0.00029289 -0.0184112 0.0898865 
0.00979283 -0.0180607 6.15471e-05 -0.000119675 -0.0180607 0.0890073 -0.000116256 0.000324832 6.15471e-05 -0.000116256 0.0100322 -0.0183684 -0.000119675 0.000324832 -0.0183684 0.0898314 
0.00976157 -0.018049 4.78844e-05 -0.000123131 -0.018049 0.0890068 -0.00011287 0.000345451 4.78844e-05 -0.00011287 0.0100489 -0.0183773 -0.000123131 0.000345451 -0.0183773 0.0898516 
0.00976292 -0.0180154 4.44235e-05 -0.000116185 -0.0180154 0.0889427 -0.000105933 0.000355388 4.44235e-05 -0.000105933 0.0100534 -0.0183947 -0.000116185 0.000355388 -0.0183947 0.0898892 
0.00980259 -0.0180146 4.08725e-05 -7.49329e-05 -0.0180146 0.0889317 -7.83389e-05 0.000262265 4.08725e-05 -7.83389e-05 0.0100444 -0.0184028 -7.49329e-05 0.000262265 -0.0184028 0.0899501 
0.0097926 -0.0180349 4.4295e-05 -8.17753e-05 -0.0180349 0.0889068 -8.859e-05 0.000241919 4.4295e-05 -8.859e-05 0.0100516 -0.0184131 -8.17753e-05 0.000241919 -0.0184131 0.0899972 
0.00978884 -0.0180431 3.41789e-05 -9.91189e-05 -0.0180431 0.0889506 -9.5701e-05 0.000283685 3.41789e-05 -9.5701e-05 0.0100623 -0.018419 -9.91189e-05 0.000283685 -0.018419 0.0900068 
0.00978939 -0.0180379 3.08165e-05 -0.000102722 -0.0180379 0.0889502 -0.000106146 0.000321862 3.08165e-05 -0.000106146 0.0100462 -0.0184146 -0.000102722 0.000321862 -0.0184146 0.0900014 
0.00982756 -0.0180457 4.79393e-05 -9.24544e-05 -0.0180457 0.088989 -8.90301e-05 0.00031503 4.79393e-05 -8.90301e-05 0.00999192 -0.0183779 -9.24544e-05 0.00031503 -0.0183779 0.0899238 
0.0098602 -0.0181107 4.45233e-05 -6.16476e-05 -0.0181107 0.0891219 -6.50725e-05 0.000208917 4.45233e-05 -6.50725e-05 0.00997664 -0.0183162 -6.16476e-05 0.000208917 -0.0183162 0.0897966 
0.00987545 -0.0181432 4.44686e-05 -7.52546e-05 -0.0181432 0.0892314 -8.55166e-05 0.000225764 4.44686e-05 -8.55166e-05 0.00998491 -0.0182971 -7.52546e-05 0.000225764 -0.0182971 0.0897137 
0.00989075 -0.0181547 9.24689e-05 -0.000133566 -0.0181547 0.0892565 -0.000140416 0.0003733 9.24689e-05 -0.000140416 0.00995582 -0.0182986 -0.000133566 0.0003733 -0.0182986 0.0896709 
0.00991865 -0.0181836 0.000116167 -0.000170834 -0.0181836 0.0893464 -0.000177668 0.000481753 0.000116167 -0.000177668 0.00993573 -0.0182622 -0.000170834 0.000481753 -0.0182622 0.0895993 
0.00990116 -0.0181892 0.000140127 -0.000215317 -0.0181892 0.0893497 -0.000215317 0.000591267 0.000140127 -0.000215317 0.00994217 -0.0182678 -0.000215317 0.000591267 -0.0182678 0.0896026 
0.00991677 -0.0181847 0.000140542 -0.000188532 -0.0181847 0.0893538 -0.000195387 0.000545028 0.000140542 -0.000195387 0.00991334 -0.018267 -0.000188532 0.000545028 -0.018267 0.0895869 
0.00994067 -0.0181954 0.000144217 -0.000212892 -0.0181954 0.0893458 -0.000212892 0.000559699 0.000144217 -0.000212892 0.00986856 -0.0182263 -0.000212892 0.000559699 -0.0182263 0.0895244 
0.00992614 -0.0182116 0.000129887 -0.00021534 -0.0182116 0.0893762 -0.000211922 0.000581075 0.000129887 -0.000211922 0.00988512 -0.018174 -0.00021534 0.000581075 -0.018174 0.0894104 
0.00988667 -0.0182033 9.94152e-05 -0.000188546 -0.0182033 0.0893777 -0.000185118 0.000538213 9.94152e-05 -0.000185118 0.00990381 -0.0181793 -0.000188546 0.000538213 -0.0181793 0.0893674 
0.00987575 -0.018137 9.61813e-05 -0.000164882 -0.018137 0.0892631 -0.000161447 0.000494646 9.61813e-05 -0.000161447 0.00989293 -0.018216 -0.000164882 0.000494646 -0.018216 0.0894211 
0.00986959 -0.0181068 0.00011684 -0.000178697 -0.0181068 0.0891321 -0.000171824 0.000505163 0.00011684 -0.000171824 0.00987646 -0.0182168 -0.000178697 0.000505163 -0.0182168 0.089462 
0.00989236 -0.0181337 0.000141319 -0.000189575 -0.0181337 0.0891656 -0.000186128 0.000527363 0.000141319 -0.000186128 0.00983031 -0.0181613 -0.000189575 0.000527363 -0.0181613 0.0893518 
0.00993725 -0.0181655 0.000161946 -0.00021363 -0.0181655 0.0892389 -0.000206739 0.00055475 0.000161946 -0.000206739 0.0097822 -0.0181034 -0.00021363 0.00055475 -0.0181034 0.0892113 
0.00998354 -0.018225 0.000179386 -0.000213884 -0.018225 0.0893655 -0.000217334 0.000555408 0.000179386 -0.000217334 0.00973516 -0.0180421 -0.000213884 0.000555408 -0.0180421 0.089055 
0.00998193 -0.0182606 0.000151712 -0.000213775 -0.0182606 0.089465 -0.000213775 0.000537887 0.000151712 -0.000213775 0.00975092 -0.0180089 -0.000213775 0.000537887 -0.0180089 0.0889685 
0.00996579 -0.0182523 0.000134208 -0.000220239 -0.0182523 0.0894685 -0.000227121 0.000591891 0.000134208 -0.000227121 0.00977653 -0.0180286 -0.000220239 0.000591891 -0.0180286 0.0889592 
0.00996307 -0.0182346 0.000127467 -0.000203258 -0.0182346 0.0894437 -0.000220483 0.000592548 0.000127467 -0.000220483 0.0097667 -0.0180486 -0.000203258 0.000592548 -0.0180486 0.0889855 
0.00996631 -0.0182342 0.000148134 -0.000210143 -0.0182342 0.0894246 -0.000213588 0.000592535 0.000148134 -0.000213588 0.00975272 -0.0180379 -0.000210143 0.000592535 -0.0180379 0.0890009 
0.00999232 -0.0182665 0.00014806 -0.000199709 -0.0182665 0.0895074 -0.000203152 0.000557807 0.00014806 -0.000203152 0.00973752 -0.0180082 -0.000199709 0.000557807 -0.0180082 0.0889324 
0.0100315 -0.0183039 0.000151471 -0.000189339 -0.0183039 0.0896022 -0.000192782 0.000509494 0.000151471 -0.000192782 0.00970794 -0.0179769 -0.000189339 0.000509494 -0.0179769 0.0888414 
0.0100978 -0.0183631 0.000164415 -0.000188392 -0.0183631 0.0897535 -0.000195243 0.000496671 0.000164415 -0.000195243 0.00967309 -0.0179315 -0.000188392 0.000496671 -0.0179315 0.0887396 
0.0101048 -0.0184254 0.000163751 -0.000221746 -0.0184254 0.0898993 -0.000218335 0.000545837 0.000163751 -0.000218335 0.00969201 -0.0179034 -0.000221746 0.000545837 -0.0179034 0.0886643 
0.0100755 -0.0184097 0.000177904 -0.000266856 -0.0184097 0.0898964 -0.000256593 0.000673984 0.000177904 -0.000256593 0.00970947 -0.0179478 -0.000266856 0.000673984 -0.0179478 0.0887298 
0.0100369 -0.018381 0.000157307 -0.000263318 -0.018381 0.0898564 -0.000256479 0.000704461 0.000157307 -0.000256479 0.00974277 -0.0179774 -0.000263318 0.000704461 -0.0179774 0.08881 
0.0100052 -0.0183104 0.000164188 -0.000249702 -0.0183104 0.0897047 -0.000242861 0.000697799 0.000164188 -0.000242861 0.00978286 -0.0180538 -0.000249702 0.000697799 -0.0180538 0.0890069 
0.00999908 -0.0183162 0.000143872 -0.000212382 -0.0183162 0.0897005 -0.000205531 0.000589188 0.000143872 -0.000205531 0.00980382 -0.0180627 -0.000212382 0.000589188 -0.0180627 0.0890668 
0.0099536 -0.0182837 0.000140723 -0.000202504 -0.0182837 0.0896098 -0.00019564 0.000549164 0.000140723 -0.00019564 0.0098472 -0.0181155 -0.000202504 0.000549164 -0.0181155 0.0891842 
0.00996037 -0.0182248 0.000140191 -0.000194899 -0.0182248 0.0894895 -0.000188061 0.000516312 0.000140191 -0.000188061 0.00987831 -0.0181803 -0.000194899 0.000516312 -0.0181803 0.0893595 
0.00995311 -0.0182234 0.000147073 -0.000232581 -0.0182234 0.0894241 -0.000225741 0.000598555 0.000147073 -0.000225741 0.00987444 -0.0181858 -0.000232581 0.000598555 -0.0181858 0.0894104 
0.00994801 -0.0182426 0.000133232 -0.000228886 -0.0182426 0.0894671 -0.00022547 0.00062175 0.000133232 -0.00022547 0.0098831 -0.0181742 -0.000228886 0.00062175 -0.0181742 0.0893817 
0.00992331 -0.0182492 0.000119723 -0.000194977 -0.0182492 0.0895219 -0.000194977 0.000567828 0.000119723 -0.000194977 0.00990279 -0.0181671 -0.000194977 0.000567828 -0.0181671 0.0893235 
0.00990018 -0.0182309 0.000109659 -0.000174769 -0.0182309 0.0895094 -0.00018505 0.000517455 0.000109659 -0.00018505 0.00991731 -0.0181897 -0.000174769 0.000517455 -0.0181897 0.089338 
0.00987963 -0.0181631 0.00010664 -0.000171999 -0.0181631 0.089357 -0.000175439 0.000495358 0.00010664 -0.000175439 0.00990715 -0.0182285 -0.000171999 0.000495358 -0.0182285 0.0894258 
0.00983455 -0.0181226 8.97502e-05 -0.000182952 -0.0181226 0.0892013 -0.000189856 0.000521241 8.97502e-05 -0.000189856 0.0099174 -0.0182262 -0.000182952 0.000521241 -0.0182262 0.0894775 
0.00978706 -0.0180626 7.62718e-05 -0.000142143 -0.0180626 0.089037 -0.00014561 0.00044723 7.62718e-05 -0.00014561 0.00992921 -0.0182359 -0.000142143 0.00044723 -0.0182359 0.089505 
0.00975782 -0.0180128 6.57908e-05 -0.000117731 -0.0180128 0.0889215 -0.000117731 0.000363581 6.57908e-05 -0.000117731 0.00995866 -0.0182345 -0.000117731 0.000363581 -0.0182345 0.0895102 
0.0097695 -0.0179665 7.93147e-05 -0.000127593 -0.0179665 0.088798 -0.000124145 0.000365537 7.93147e-05 -0.000124145 0.00995227 -0.0182631 -0.000127593 0.000365537 -0.0182631 0.0895291 
0.00977294 -0.0179537 0.000113479 -0.000158183 -0.0179537 0.0886889 -0.000154744 0.000422967 0.000113479 -0.000154744 0.00993456 -0.0182632 -0.000158183 0.000422967 -0.0182632 0.0895623 
0.00973865 -0.017973 9.59473e-05 -0.000185041 -0.017973 0.0886724 -0.000185041 0.00048659 9.59473e-05 -0.000185041 0.00997166 -0.0182505 -0.000185041 0.00048659 -0.0182505 0.0895531 
0.00975808 -0.0179736 6.54211e-05 -0.000134285 -0.0179736 0.0887317 -0.000141172 0.000413186 6.54211e-05 -0.000141172 0.0099268 -0.0182525 -0.000134285 0.000413186 -0.0182525 0.0894996 
0.00979892 -0.0179951 4.82536e-05 -0.0001034 -0.0179951 0.0887831 -0.000106847 0.000323988 4.82536e-05 -0.000106847 0.00986441 -0.0182088 -0.0001034 0.000323988 -0.0182088 0.0894276 
0.00981898 -0.0180331 5.86723e-05 -9.66367e-05 -0.0180331 0.088854 -0.000103539 0.000310618 5.86723e-05 -0.000103539 0.00982933 -0.0181401 -9.66367e-05 0.000310618 -0.0181401 0.0892923 
0.0098452 -0.0180834 8.62102e-05 -0.000120694 -0.0180834 0.0890103 -0.000127591 0.000351737 8.62102e-05 -0.000127591 0.00978658 -0.0180628 -0.000120694 0.000351737 -0.0180628 0.0890758 
0.00986632 -0.0180975 0.000110624 -0.00012791 -0.0180975 0.0890734 -0.000124452 0.000345701 0.000110624 -0.000124452 0.00974532 -0.0180318 -0.00012791 0.000345701 -0.0180318 0.0889455 
0.00987214 -0.0181226 0.000131675 -0.000166326 -0.0181226 0.0891299 -0.000152465 0.000398489 0.000131675 -0.000152465 0.00973007 -0.0179805 -0.000166326 0.000398489 -0.0179805 0.0888354 
0.00989114 -0.0180974 0.000156012 -0.000201082 -0.0180974 0.0890792 -0.000190681 0.000488836 0.000156012 -0.000190681 0.00969006 -0.017976 -0.000201082 0.000488836 -0.017976 0.0887914 
0.0098776 -0.0181159 0.000148717 -0.000228264 -0.0181159 0.0890679 -0.00021443 0.000567201 0.000148717 -0.00021443 0.00970122 -0.0179291 -0.000228264 0.000567201 -0.0179291 0.0887255 
0.00985057 -0.0181313 0.00011731 -0.000196666 -0.0181313 0.0891382 -0.000189766 0.000531344 0.00011731 -0.000189766 0.00973671 -0.0179104 -0.000196666 0.000531344 -0.0179104 0.0886344 
0.00981787 -0.0181097 9.99011e-05 -0.000172243 -0.0181097 0.0891221 -0.000175688 0.000496061 9.99011e-05 -0.000175688 0.00978342 -0.0179512 -0.000172243 0.000496061 -0.0179512 0.0886571 
