0.00780584 0 -0.000258532 0 0 0.00998748 0 0 -0.000258532 0 0.00684428 0 0 0 0 0.00998748 
0.0109075 -0.0135487 -0.0003219 0.000383804 -0.0135487 0.0351573 0.000383804 -0.00073872 -0.0003219 0.000383804 0.00975193 -0.0121167 0.000383804 -0.00073872 -0.0121167 0.032417 
0.0108255 -0.0202402 -0.000291345 0.000366262 -0.0202402 0.0739017 0.000366262 -0.00109879 -0.000291345 0.000366262 0.00994319 -0.0185878 0.000366262 -0.00109879 -0.0185878 0.0686326 
0.0101959 -0.0196279 -0.000285452 0.000237207 -0.0196279 0.0873766 0.000237207 -0.00052668 -0.000285452 0.000237207 0.00944807 -0.0185263 0.000237207 -0.00052668 -0.0185263 0.0832435 
0.0102232 -0.0188077 -0.000326959 0.000296544 -0.0188077 0.0896438 0.000296544 -0.000543664 -0.000326959 0.000296544 0.00942858 -0.0179827 0.000296544 -0.000543664 -0.0179827 0.0872638 
0.0104345 -0.0188229 -0.000323467 0.000330736 -0.0188229 0.0904763 0.00033437 -0.000683279 -0.000323467 0.00033437 0.0095768 -0.0178452 0.000330736 -0.000683279 -0.0178452 0.0883138 
0.010528 -0.0190005 -0.000289115 0.000289115 -0.0190005 0.0911912 0.000303218 -0.000666375 -0.000289115 0.000303218 0.00967478 -0.0178899 0.000289115 -0.000666375 -0.0178899 0.0886667 
0.0105582 -0.019067 -0.000263089 0.000231933 -0.019067 0.0915825 0.000249242 -0.000529639 -0.000263089 0.000249242 0.00968582 -0.0179316 0.000231933 -0.000529639 -0.0179316 0.0887786 
0.0105531 -0.0190373 -0.000249233 0.000235576 -0.0190373 0.0915879 0.000242404 -0.000495051 -0.000249233 0.000242404 0.00969959 -0.017955 0.000235576 -0.000495051 -0.017955 0.0888463 
0.0105359 -0.0190182 -0.000216886 0.000213497 -0.0190182 0.0915259 0.000220275 -0.000447327 -0.000216886 0.000220275 0.00970226 -0.0179541 0.000213497 -0.000447327 -0.0179541 0.088825 
0.010532 -0.0189812 -0.00023967 0.000209289 -0.0189812 0.0914188 0.000209289 -0.000445583 -0.00023967 0.000209289 0.00969481 -0.0179786 0.000209289 -0.000445583 -0.0179786 0.088877 
0.0105536 -0.0189904 -0.000272155 0.000248636 -0.0189904 0.0914039 0.000245276 -0.000517431 -0.000272155 0.000245276 0.00968 -0.0179723 0.000248636 -0.000517431 -0.0179723 0.0889142 
0.0105905 -0.0190387 -0.000292593 0.000275778 -0.0190387 0.0915044 0.000265688 -0.000575097 -0.000292593 0.000265688 0.0096354 -0.017939 0.000275778 -0.000575097 -0.017939 0.0888374 
0.0105963 -0.0190788 -0.000292846 0.000296213 -0.0190788 0.0916206 0.000282748 -0.000612621 -0.000292846 0.000282748 0.00961681 -0.0178973 0.000296213 -0.000612621 -0.0178973 0.0887628 
0.0105457 -0.0190948 -0.000252934 0.000273169 -0.0190948 0.0917173 0.000276541 -0.000590179 -0.000252934 0.000276541 0.00964522 -0.0178639 0.000273169 -0.000590179 -0.0178639 0.0886618 
0.0104505 -0.0190374 -0.000190443 0.000214248 -0.0190374 0.0916539 0.000214248 -0.000465904 -0.000190443 0.000214248 0.00968876 -0.0178846 0.000214248 -0.000465904 -0.0178846 0.0886442 
0.0104043 -0.0189333 -0.000139541 0.000132734 -0.0189333 0.0914639 0.000132734 -0.000275678 -0.000139541 0.000132734 0.00969978 -0.0179293 0.000132734 -0.000275678 -0.0179293 0.0887241 
0.0103724 -0.0188494 -0.000143445 9.563e-05 -0.0188494 0.0912174 9.563e-05 -0.000160522 -0.000143445 9.563e-05 0.0096962 -0.0179614 9.563e-05 -0.000160522 -0.0179614 0.0888198 
0.010417 -0.0188227 -0.000170157 0.000105497 -0.0188227 0.0910984 0.000105497 -0.000149738 -0.000170157 0.000105497 0.00965809 -0.0179515 0.000105497 -0.000149738 -0.0179515 0.0888353 
0.0104471 -0.0188941 -0.000168938 0.000135151 -0.0188941 0.0911895 0.000135151 -0.000189211 -0.000168938 0.000135151 0.00965314 -0.0178838 0.000135151 -0.000189211 -0.0178838 0.0886859 
0.0104381 -0.0188984 -0.000161726 0.000154988 -0.0188984 0.0912304 0.000154988 -0.000279651 -0.000161726 0.000154988 0.00966988 -0.0178977 0.000154988 -0.000279651 -0.0178977 0.0886563 
0.0104631 -0.0189017 -0.000161697 0.000134747 -0.0189017 0.091234 0.000138116 -0.000269495 -0.000161697 0.000138116 0.0096378 -0.0179214 0.000134747 -0.000269495 -0.0179214 0.0887075 
0.0104411 -0.0188987 -0.000182465 0.00016557 -0.0188987 0.0912021 0.000172328 -0.000341277 -0.000182465 0.000172328 0.00964024 -0.0179086 0.00016557 -0.000341277 -0.0179086 0.0887625 
0.0103837 -0.0188788 -0.00017261 0.000169225 -0.0188788 0.0911752 0.000175994 -0.00037568 -0.00017261 0.000175994 0.00967969 -0.0179176 0.000169225 -0.00037568 -0.0179176 0.088779 
0.0103583 -0.0188015 -0.000169475 0.000183033 -0.0188015 0.0910216 0.000179643 -0.000396571 -0.000169475 0.000179643 0.00970074 -0.0179813 0.000183033 -0.000396571 -0.0179813 0.0889065 
0.0103681 -0.0187934 -0.000172914 0.000152571 -0.0187934 0.0909664 0.00014579 -0.000335657 -0.000172914 0.00014579 0.00968319 -0.0179763 0.000152571 -0.000335657 -0.0179763 0.0889287 
0.0103883 -0.0187883 -0.000220162 0.000169355 -0.0187883 0.090927 0.000162581 -0.000352259 -0.000220162 0.000162581 0.00968036 -0.0179856 0.000169355 -0.000352259 -0.0179856 0.0889726 
0.0104566 -0.0188259 -0.000242784 0.000209064 -0.0188259 0.09099 0.000198948 -0.000384408 -0.000242784 0.000198948 0.0096574 -0.017966 0.000209064 -0.000384408 -0.017966 0.0889601 
0.0104695 -0.0189019 -0.000263936 0.000253785 -0.0189019 0.0911223 0.000247017 -0.000500802 -0.000263936 0.000247017 0.0096269 -0.0179138 0.000253785 -0.000500802 -0.0179138 0.088845 
0.010459 -0.0188988 -0.000271486 0.000281666 -0.0188988 0.0911716 0.000274879 -0.000597268 -0.000271486 0.000274879 0.00961059 -0.0179011 0.000281666 -0.000597268 -0.0179011 0.0887961 
0.0104197 -0.018916 -0.000223498 0.000264134 -0.018916 0.0912345 0.000264134 -0.000582449 -0.000223498 0.000264134 0.00965104 -0.0178697 0.000264134 -0.000582449 -0.0178697 0.0887015 
0.0103991 -0.0188739 -0.000226582 0.000233345 -0.0188739 0.0912178 0.000236727 -0.000568145 -0.000226582 0.000236727 0.00969229 -0.0179135 0.000233345 -0.000568145 -0.0179135 0.0887287 
0.010382 -0.0188527 -0.000202246 0.000198876 -0.0188527 0.0911625 0.000205617 -0.000444942 -0.000202246 0.000205617 0.00972805 -0.017946 0.000198876 -0.000444942 -0.017946 0.0887827 
0.0103808 -0.0188279 -0.000192362 0.000161989 -0.0188279 0.0910953 0.000168739 -0.000340852 -0.000192362 0.000168739 0.0097126 -0.0179842 0.000161989 -0.000340852 -0.0179842 0.0888545 
0.0103848 -0.0188378 -0.000195876 0.000148595 -0.0188378 0.091089 0.00015535 -0.000287059 -0.000195876 0.00015535 0.00967897 -0.0179497 0.000148595 -0.000287059 -0.0179497 0.0888195 
0.0103641 -0.0188141 -0.000195804 0.000182301 -0.0188141 0.0910288 0.000192428 -0.000347722 -0.000195804 0.000192428 0.00968557 -0.0179465 0.000182301 -0.000347722 -0.0179465 0.0888243 
0.01035 -0.0188058 -0.000182647 0.000175882 -0.0188058 0.0910087 0.000182647 -0.000365293 -0.000182647 0.000182647 0.00967688 -0.0179332 0.000175882 -0.000365293 -0.0179332 0.0887831 
0.0103443 -0.01877 -0.000172575 0.000162423 -0.01877 0.0909266 0.000162423 -0.000341766 -0.000172575 0.000162423 0.00966419 -0.0179376 0.000162423 -0.000341766 -0.0179376 0.0887948 
0.0103834 -0.018778 -0.000162083 0.000151953 -0.018778 0.0909284 0.000151953 -0.000327542 -0.000162083 0.000151953 0.00964055 -0.0179203 0.000151953 -0.000327542 -0.0179203 0.0887741 
0.0103961 -0.0188035 -0.000186006 0.000179242 -0.0188035 0.0909401 0.00017586 -0.000378776 -0.000186006 0.00017586 0.00962836 -0.0179006 0.000179242 -0.000378776 -0.0179006 0.0887487 
0.0103829 -0.0188438 -0.00016271 0.00015254 -0.0188438 0.0910666 0.000149151 -0.00030847 -0.00016271 0.000149151 0.0096236 -0.017854 0.00015254 -0.00030847 -0.017854 0.0886293 
0.0103929 -0.0188531 -0.00016276 0.000135634 -0.0188531 0.0911357 0.000128852 -0.000264486 -0.00016276 0.000128852 0.00961643 -0.017846 0.000135634 -0.000264486 -0.017846 0.0885552 
0.0103791 -0.0188299 -0.000172535 0.000165768 -0.0188299 0.0911016 0.000159002 -0.000318005 -0.000172535 0.000159002 0.00964164 -0.0178725 0.000165768 -0.000318005 -0.0178725 0.0886151 
0.0103869 -0.0188212 -0.00015933 0.00015255 -0.0188212 0.0910552 0.00014916 -0.000294929 -0.00015933 0.00014916 0.00964453 -0.0179025 0.00015255 -0.000294929 -0.0179025 0.0886856 
0.0104078 -0.0188257 -0.000172002 0.000161884 -0.0188257 0.0910731 0.000165256 -0.000337258 -0.000172002 0.000165256 0.00967256 -0.0179253 0.000161884 -0.000337258 -0.0179253 0.0887865 
0.0104293 -0.0188713 -0.000181262 0.000181262 -0.0188713 0.0911611 0.000187975 -0.000402804 -0.000181262 0.000187975 0.00971428 -0.0179483 0.000181262 -0.000402804 -0.0179483 0.0888417 
0.0104485 -0.0188759 -0.000239149 0.000191993 -0.0188759 0.0911865 0.000202098 -0.000447983 -0.000239149 0.000202098 0.0097108 -0.0180204 0.000191993 -0.000447983 -0.0180204 0.0889803 
0.0104506 -0.0189177 -0.000246254 0.000226014 -0.0189177 0.0912691 0.000226014 -0.000468894 -0.000246254 0.000226014 0.0097051 -0.0179934 0.000226014 -0.000468894 -0.0179934 0.0889989 
0.0104479 -0.0189151 -0.000273788 0.000260268 -0.0189151 0.0912898 0.000260268 -0.000564477 -0.000273788 0.000260268 0.00969413 -0.0179957 0.000260268 -0.000564477 -0.0179957 0.0890015 
0.0104968 -0.0189389 -0.000280952 0.000260642 -0.0189389 0.0913636 0.000257257 -0.000555134 -0.000280952 0.000257257 0.00964038 -0.0179471 0.000260642 -0.000555134 -0.0179471 0.088896 
0.0105095 -0.0189809 -0.000291649 0.000278084 -0.0189809 0.0914387 0.000271301 -0.000586689 -0.000291649 0.000271301 0.00961085 -0.0178923 0.000278084 -0.000586689 -0.0178923 0.0887596 
0.0105416 -0.018985 -0.000293009 0.000313217 -0.018985 0.0914694 0.000309849 -0.000666849 -0.000293009 0.000309849 0.00962552 -0.0178938 0.000313217 -0.000666849 -0.0178938 0.0887447 
0.0105583 -0.0190158 -0.000290473 0.000310738 -0.0190158 0.0915192 0.000310738 -0.000699161 -0.000290473 0.000310738 0.00962276 -0.0179012 0.000310738 -0.000699161 -0.0179012 0.0887496 
0.0105406 -0.0190476 -0.000260555 0.000277474 -0.0190476 0.0915935 0.000277474 -0.000632776 -0.000260555 0.000277474 0.00963715 -0.0178971 0.000277474 -0.000632776 -0.0178971 0.0887545 
0.0105064 -0.0190076 -0.000245127 0.000251936 -0.0190076 0.091521 0.000248532 -0.00056175 -0.000245127 0.000248532 0.00962465 -0.0179079 0.000251936 -0.00056175 -0.0179079 0.0887633 
0.010482 -0.018948 -0.000252005 0.000241789 -0.018948 0.0913825 0.000238383 -0.000524443 -0.000252005 0.000238383 0.00961705 -0.017906 0.000241789 -0.000524443 -0.017906 0.0887705 
0.0104754 -0.0189272 -0.000255083 0.00024488 -0.0189272 0.0913061 0.000238077 -0.000520369 -0.000255083 0.000238077 0.00961153 -0.017883 0.00024488 -0.000520369 -0.017883 0.0887281 
0.0104711 -0.0189072 -0.000289727 0.000286318 -0.0189072 0.0912196 0.000279501 -0.000616947 -0.000289727 0.000279501 0.00959847 -0.017871 0.000286318 -0.000616947 -0.017871 0.0887041 
0.0104774 -0.0188967 -0.000289149 0.000295953 -0.0188967 0.0911738 0.000292551 -0.000632726 -0.000289149 0.000292551 0.00957934 -0.0178558 0.000295953 -0.000632726 -0.0178558 0.0886565 
0.0105289 -0.0189173 -0.000312571 0.000292186 -0.0189173 0.0912096 0.000285391 -0.000635335 -0.000312571 0.000285391 0.00953342 -0.0178403 0.000292186 -0.000635335 -0.0178403 0.0886139 
0.0106045 -0.0189497 -0.000346021 0.000335844 -0.0189497 0.0912409 0.000335844 -0.000715788 -0.000346021 0.000335844 0.00948504 -0.0178235 0.000335844 -0.000715788 -0.0178235 0.088622 
0.010638 -0.019076 -0.00032779 0.000351445 -0.019076 0.091494 0.000341307 -0.000746821 -0.00032779 0.000341307 0.0094755 -0.0177311 0.000351445 -0.000746821 -0.0177311 0.0884256 
0.0106156 -0.019125 -0.000295065 0.000318806 -0.019125 0.0917043 0.000325589 -0.00071901 -0.000295065 0.000325589 0.009476 -0.0177005 0.000318806 -0.00071901 -0.0177005 0.0882754 
0.0105983 -0.0191162 -0.000270624 0.000274007 -0.0191162 0.0917652 0.00027739 -0.000619053 -0.000270624 0.00027739 0.00949552 -0.0176988 0.000274007 -0.000619053 -0.0176988 0.0882167 
0.0105865 -0.0190928 -0.000260019 0.000273527 -0.0190928 0.0917665 0.000266773 -0.000601083 -0.000260019 0.000266773 0.00950927 -0.0177184 0.000273527 -0.000601083 -0.0177184 0.0882343 
0.0105658 -0.0190736 -0.000242119 0.000258933 -0.0190736 0.0917162 0.000265659 -0.000578396 -0.000242119 0.000265659 0.00953681 -0.017742 0.000258933 -0.000578396 -0.017742 0.0882727 
0.0105665 -0.0190413 -0.000255588 0.000242136 -0.0190413 0.0916382 0.000255588 -0.000558257 -0.000255588 0.000255588 0.00954418 -0.0177835 0.000242136 -0.000558257 -0.0177835 0.0883862 
0.0106064 -0.0190211 -0.0002853 0.0002853 -0.0190211 0.0915746 0.0002853 -0.000631016 -0.0002853 0.0002853 0.00952902 -0.0178396 0.0002853 -0.000631016 -0.0178396 0.0885638 
0.0106157 -0.019055 -0.000303209 0.000303209 -0.019055 0.091559 0.000309947 -0.000683905 -0.000303209 0.000309947 0.00950729 -0.0178186 0.000303209 -0.000683905 -0.0178186 0.0886044 
0.0106063 -0.019088 -0.000306892 0.000327127 -0.019088 0.0916495 0.000330499 -0.000741937 -0.000306892 0.000330499 0.0095204 -0.0177829 0.000327127 -0.000741937 -0.0177829 0.088557 
0.0105861 -0.0190855 -0.000307776 0.00031454 -0.0190855 0.0916867 0.000311158 -0.000713633 -0.000307776 0.000311158 0.00951737 -0.01778 0.00031454 -0.000713633 -0.01778 0.0885007 
0.0105569 -0.0190582 -0.000312597 0.000312597 -0.0190582 0.0916384 0.000302403 -0.000682956 -0.000312597 0.000302403 0.00950362 -0.0177636 0.000312597 -0.000682956 -0.0177636 0.0884411 
0.0105585 -0.0190129 -0.000333678 0.000326869 -0.0190129 0.09153 0.000320059 -0.00070481 -0.000333678 0.000320059 0.00947238 -0.0177599 0.000326869 -0.00070481 -0.0177599 0.0884146 
0.0105848 -0.0190322 -0.000336402 0.0003398 -0.0190322 0.0915319 0.000333004 -0.000727171 -0.000336402 0.000333004 0.00944303 -0.0176968 0.0003398 -0.000727171 -0.0176968 0.0882936 
0.0105974 -0.0190285 -0.000319179 0.000366716 -0.0190285 0.0915126 0.00036332 -0.000811528 -0.000319179 0.00036332 0.00942595 -0.0176839 0.000366716 -0.000811528 -0.0176839 0.0882393 
0.0105983 -0.0190452 -0.000280772 0.000348429 -0.0190452 0.0915318 0.000355194 -0.000818638 -0.000280772 0.000355194 0.00945831 -0.0176887 0.000348429 -0.000818638 -0.0176887 0.0882539 
0.0105897 -0.0190373 -0.000269031 0.000292571 -0.0190373 0.0915074 0.000299296 -0.000729745 -0.000269031 0.000299296 0.00950014 -0.0177224 0.000292571 -0.000729745 -0.0177224 0.0883227 
0.0105954 -0.0190401 -0.000272193 0.000268833 -0.0190401 0.091524 0.000275553 -0.000628396 -0.000272193 0.000275553 0.00949987 -0.0177665 0.000268833 -0.000628396 -0.0177665 0.0883989 
0.0105342 -0.0190398 -0.000249769 0.000253144 -0.0190398 0.0915099 0.00026327 -0.000563667 -0.000249769 0.00026327 0.00952834 -0.017764 0.000253144 -0.000563667 -0.017764 0.0884148 
0.0105159 -0.0189743 -0.000242441 0.000255909 -0.0189743 0.0914237 0.000259277 -0.00055896 -0.000242441 0.000259277 0.00953263 -0.0177891 0.000255909 -0.00055896 -0.0177891 0.0884841 
0.0104883 -0.0189648 -0.000223155 0.00023668 -0.0189648 0.0913652 0.000240061 -0.000524077 -0.000223155 0.000240061 0.00954158 -0.0177882 0.00023668 -0.000524077 -0.0177882 0.0884879 
0.0104418 -0.018936 -0.000220937 0.00021074 -0.018936 0.0913114 0.00021074 -0.000479263 -0.000220937 0.00021074 0.00953427 -0.0177735 0.00021074 -0.000479263 -0.0177735 0.0884324 
0.0104159 -0.0188702 -0.000220604 0.000244362 -0.0188702 0.0912013 0.000244362 -0.000532845 -0.000220604 0.000244362 0.00956745 -0.0178011 0.000244362 -0.000532845 -0.0178011 0.0884828 
0.0104246 -0.0188256 -0.000241878 0.000245285 -0.0188256 0.0910485 0.000238472 -0.000555298 -0.000241878 0.000238472 0.00954568 -0.0178411 0.000245285 -0.000555298 -0.0178411 0.0885581 
0.0104344 -0.0188452 -0.00022787 0.000238073 -0.0188452 0.0910427 0.000248277 -0.000544168 -0.00022787 0.000248277 0.00952974 -0.0177909 0.000238073 -0.000544168 -0.0177909 0.0884987 
0.0104605 -0.0188643 -0.000238358 0.000217927 -0.0188643 0.0910732 0.000221332 -0.000486931 -0.000238358 0.000221332 0.00949005 -0.0177645 0.000217927 -0.000486931 -0.0177645 0.088424 
0.0104761 -0.0188992 -0.000235302 0.000238712 -0.0188992 0.0911472 0.000242122 -0.000508116 -0.000235302 0.000242122 0.00946665 -0.0177193 0.000238712 -0.000508116 -0.0177193 0.0883167 
0.0104787 -0.0189096 -0.000239319 0.000252994 -0.0189096 0.0911804 0.000246156 -0.000543595 -0.000239319 0.000246156 0.00945651 -0.0176993 0.000252994 -0.000543595 -0.0176993 0.0882505 
0.0104946 -0.0189073 -0.00027392 0.000267072 -0.0189073 0.0911983 0.0002568 -0.000585504 -0.00027392 0.0002568 0.00943655 -0.0176781 0.000267072 -0.000585504 -0.0176781 0.0882057 
0.0105581 -0.0189203 -0.000316131 0.00031953 -0.0189203 0.091219 0.000309332 -0.000703646 -0.000316131 0.000309332 0.00942954 -0.0176863 0.00031953 -0.000703646 -0.0176863 0.0882345 
0.0106013 -0.0190132 -0.000305025 0.000328749 -0.0190132 0.0913956 0.000332138 -0.00072867 -0.000305025 0.000332138 0.0094151 -0.0176474 0.000328749 -0.00072867 -0.0176474 0.0881318 
0.010581 -0.019069 -0.000292219 0.000309208 -0.019069 0.0915562 0.000316004 -0.000720353 -0.000292219 0.000316004 0.00943255 -0.0176249 0.000309208 -0.000720353 -0.0176249 0.0880632 
0.0105852 -0.0190411 -0.000312428 0.0003362 -0.0190411 0.0915651 0.000339595 -0.000787861 -0.000312428 0.000339595 0.00942717 -0.0176658 0.0003362 -0.000787861 -0.0176658 0.0881216 
0.0105814 -0.0190411 -0.000305037 0.00033893 -0.0190411 0.0915586 0.000345709 -0.000796486 -0.000305037 0.000345709 0.00944598 -0.0176718 0.00033893 -0.000796486 -0.0176718 0.0881727 
0.0105861 -0.0190007 -0.000318429 0.000355692 -0.0190007 0.0914536 0.000362467 -0.000843499 -0.000318429 0.000362467 0.00945803 -0.0177338 0.000355692 -0.000843499 -0.0177338 0.0883133 
0.0105967 -0.0190355 -0.000297166 0.000351196 -0.0190355 0.0914967 0.000351196 -0.00083409 -0.000297166 0.000351196 0.00946541 -0.0177185 0.000351196 -0.00083409 -0.0177185 0.0883224 
0.0105575 -0.0190523 -0.000294204 0.000331402 -0.0190523 0.0915584 0.000328021 -0.000791308 -0.000294204 0.000328021 0.00949908 -0.0177097 0.000331402 -0.000791308 -0.0177097 0.0882815 
0.0104674 -0.0190267 -0.000258959 0.000289625 -0.0190267 0.0915556 0.000286218 -0.000667841 -0.000258959 0.000286218 0.00955081 -0.0177216 0.000289625 -0.000667841 -0.0177216 0.0882675 
0.0104318 -0.0189488 -0.000213517 0.00024402 -0.0189488 0.09146 0.000237241 -0.000542266 -0.000213517 0.000237241 0.00959133 -0.0177728 0.00024402 -0.000542266 -0.0177728 0.0883352 
0.0104476 -0.0188743 -0.000213632 0.000210241 -0.0188743 0.0912516 0.000203459 -0.000464566 -0.000213632 0.000203459 0.00957277 -0.0178366 0.000210241 -0.000464566 -0.0178366 0.0884913 
0.0105331 -0.0188675 -0.000250304 0.000226627 -0.0188675 0.0911413 0.000219862 -0.000470166 -0.000250304 0.000219862 0.00951157 -0.0178629 0.000226627 -0.000470166 -0.0178629 0.0886416 
0.0105909 -0.0189752 -0.000253048 0.000256422 -0.0189752 0.0912591 0.000259795 -0.000536461 -0.000253048 0.000259795 0.00948422 -0.0177909 0.000256422 -0.000536461 -0.0177909 0.088597 
0.0106021 -0.0190641 -0.000246011 0.000242641 -0.0190641 0.0915059 0.000246011 -0.000525722 -0.000246011 0.000246011 0.00948321 -0.017733 0.000242641 -0.000525722 -0.017733 0.0884088 
0.0106079 -0.01907 -0.000253052 0.000246304 -0.01907 0.0916081 0.000256426 -0.000546592 -0.000253052 0.000256426 0.00948776 -0.017744 0.000246304 -0.000546592 -0.017744 0.0883961 
0.0105878 -0.0190789 -0.000249046 0.000269239 -0.0190789 0.0916455 0.000272604 -0.000599056 -0.000249046 0.000272604 0.00953105 -0.0177664 0.000269239 -0.000599056 -0.0177664 0.0884517 
0.0105865 -0.0190435 -0.000249331 0.00025607 -0.0190435 0.0915955 0.000252701 -0.000572788 -0.000249331 0.000252701 0.00954197 -0.0178204 0.00025607 -0.000572788 -0.0178204 0.0885564 
0.0105615 -0.0190404 -0.000263278 0.000270029 -0.0190404 0.0915599 0.000253152 -0.000583937 -0.000263278 0.000253152 0.00956239 -0.0178253 0.000270029 -0.000583937 -0.0178253 0.0886031 
0.0105507 -0.0190014 -0.000286979 0.000286979 -0.0190014 0.0914923 0.000273474 -0.000614473 -0.000286979 0.000273474 0.00954121 -0.01784 0.000286979 -0.000614473 -0.01784 0.088636 
0.0105723 -0.0190369 -0.000257943 0.000264731 -0.0190369 0.0915425 0.000247761 -0.000543037 -0.000257943 0.000247761 0.00948279 -0.0177811 0.000264731 -0.000543037 -0.0177811 0.0884947 
0.0105916 -0.0190444 -0.000265214 0.000251613 -0.0190444 0.0915669 0.000251613 -0.000520228 -0.000265214 0.000251613 0.0094491 -0.0177251 0.000251613 -0.000520228 -0.0177251 0.0883843 
0.0105866 -0.0190295 -0.000284933 0.000264581 -0.0190295 0.0915178 0.000267973 -0.000556298 -0.000284933 0.000267973 0.00943671 -0.017693 0.000264581 -0.000556298 -0.017693 0.0883021 
0.0105907 -0.019026 -0.0002779 0.000284678 -0.019026 0.09148 0.000284678 -0.000596469 -0.0002779 0.000284678 0.0094181 -0.0176839 0.000284678 -0.000596469 -0.0176839 0.0882367 
0.0105795 -0.0190194 -0.000292084 0.000305669 -0.0190194 0.091446 0.000302273 -0.000679265 -0.000292084 0.000302273 0.00941801 -0.0176779 0.000305669 -0.000679265 -0.0176779 0.0882297 
0.010556 -0.0190084 -0.000300042 0.0003205 -0.0190084 0.0914242 0.000323909 -0.000722829 -0.000300042 0.000323909 0.00943428 -0.0176752 0.0003205 -0.000722829 -0.0176752 0.0882397 
0.0104845 -0.0189975 -0.000262623 0.000327426 -0.0189975 0.0914235 0.000324015 -0.000746941 -0.000262623 0.000324015 0.00950218 -0.0176742 0.000327426 -0.000746941 -0.0176742 0.088214 
0.0104297 -0.0189142 -0.000211598 0.000269617 -0.0189142 0.0912876 0.00027303 -0.000665511 -0.000211598 0.00027303 0.00954923 -0.017747 0.000269617 -0.000665511 -0.017747 0.0883013 
0.0104194 -0.0188599 -0.000231619 0.000228213 -0.0188599 0.0911488 0.000228213 -0.00055861 -0.000231619 0.000228213 0.00956449 -0.0177904 0.000228213 -0.00055861 -0.0177904 0.0884068 
0.0104396 -0.0188477 -0.000255204 0.000227983 -0.0188477 0.0910842 0.000231385 -0.000493395 -0.000255204 0.000231385 0.00954465 -0.0178031 0.000227983 -0.000493395 -0.0178031 0.0884369 
0.0104489 -0.0188482 -0.000279636 0.000262585 -0.0188482 0.0910557 0.000272816 -0.000559273 -0.000279636 0.000272816 0.00951787 -0.017791 0.000262585 -0.000559273 -0.017791 0.0884435 
0.010457 -0.0188819 -0.000248895 0.000265943 -0.0188819 0.0911161 0.000272762 -0.000562572 -0.000248895 0.000272762 0.00949212 -0.0177363 0.000265943 -0.000562572 -0.0177363 0.088334 
0.0104716 -0.0188733 -0.000262129 0.000275747 -0.0188733 0.0910985 0.000285959 -0.0006366 -0.000262129 0.000285959 0.00947411 -0.0177329 0.000275747 -0.0006366 -0.0177329 0.088307 
0.0104322 -0.0188918 -0.000235083 0.000262339 -0.0188918 0.0910999 0.000269153 -0.000609854 -0.000235083 0.000269153 0.00949873 -0.0177062 0.000262339 -0.000609854 -0.0177062 0.088255 
0.0104146 -0.0188517 -0.000210672 0.000217467 -0.0188517 0.0910713 0.000220865 -0.000502893 -0.000210672 0.000220865 0.00952099 -0.0177168 0.000217467 -0.000502893 -0.0177168 0.088234 
0.0103716 -0.0188292 -0.000201291 0.000204703 -0.0188292 0.0910176 0.000201291 -0.000457169 -0.000201291 0.000201291 0.0095255 -0.0177273 0.000204703 -0.000457169 -0.0177273 0.0882371 
0.0103576 -0.0187759 -0.000232985 0.00021928 -0.0187759 0.0909156 0.000212428 -0.000479675 -0.000232985 0.000212428 0.00951128 -0.0177446 0.00021928 -0.000479675 -0.0177446 0.0882843 
0.0103483 -0.0187573 -0.000238089 0.00024154 -0.0187573 0.0908329 0.000234639 -0.000500333 -0.000238089 0.000234639 0.00947872 -0.0177256 0.00024154 -0.000500333 -0.0177256 0.0882518 
0.0103677 -0.0187239 -0.000258332 0.000251443 -0.0187239 0.09074 0.000247999 -0.000547664 -0.000258332 0.000247999 0.00944462 -0.0177009 0.000251443 -0.000547664 -0.0177009 0.0882221 
0.0103885 -0.0187219 -0.000287714 0.000301414 -0.0187219 0.0906538 0.000301414 -0.000671332 -0.000287714 0.000301414 0.0094603 -0.0176978 0.000301414 -0.000671332 -0.0176978 0.0882459 
0.0103861 -0.0187675 -0.000276645 0.000303968 -0.0187675 0.0907293 0.000303968 -0.00069332 -0.000276645 0.000303968 0.00947082 -0.017678 0.000303968 -0.00069332 -0.017678 0.0881712 
0.0103767 -0.0187824 -0.000238702 0.000293262 -0.0187824 0.0908124 0.000293262 -0.000688825 -0.000238702 0.000293262 0.00949692 -0.0176878 0.000293262 -0.000688825 -0.0176878 0.088156 
0.0103462 -0.0187808 -0.00018774 0.000232115 -0.0187808 0.090839 0.000242356 -0.000587115 -0.00018774 0.000242356 0.00950648 -0.0177022 0.000232115 -0.000587115 -0.0177022 0.0881492 
0.010325 -0.0187566 -0.000156646 0.000177078 -0.0187566 0.0908274 0.000190699 -0.000456316 -0.000156646 0.000190699 0.00954178 -0.017718 0.000177078 -0.000456316 -0.017718 0.0882052 
0.0103635 -0.0187197 -0.000170117 0.000149703 -0.0187197 0.0907609 0.000166715 -0.000374258 -0.000170117 0.000166715 0.00951295 -0.0177772 0.000149703 -0.000374258 -0.0177772 0.0883146 
0.010379 -0.0187483 -0.000173721 0.000160096 -0.0187483 0.0907505 0.000166909 -0.000347442 -0.000173721 0.000166909 0.00948313 -0.0177468 0.000160096 -0.000347442 -0.0177468 0.0883184 
0.0103718 -0.0187691 -0.000225845 0.000201892 -0.0187691 0.0907862 0.00019847 -0.000438002 -0.000225845 0.00019847 0.00946153 -0.0177014 0.000201892 -0.000438002 -0.0177014 0.0882301 
0.0103414 -0.0187831 -0.00022369 0.000251221 -0.0187831 0.0908628 0.000247779 -0.000536855 -0.00022369 0.000247779 0.00945003 -0.017644 0.000251221 -0.000536855 -0.017644 0.0880718 
0.0103147 -0.0187246 -0.000226923 0.000264744 -0.0187246 0.0907659 0.000261306 -0.00062232 -0.000226923 0.000261306 0.00946202 -0.0176485 0.000264744 -0.00062232 -0.0176485 0.0880497 
0.0102908 -0.0186887 -0.000206505 0.000247806 -0.0186887 0.0906557 0.000247806 -0.000616073 -0.000206505 0.000247806 0.00947858 -0.0176631 0.000247806 -0.000616073 -0.0176631 0.0880743 
0.01029 -0.0186471 -0.00020291 0.000230423 -0.0186471 0.0905392 0.000226984 -0.000564022 -0.00020291 0.000226984 0.00948519 -0.0176979 0.000230423 -0.000564022 -0.0176979 0.0881318 
0.0102825 -0.0186276 -0.000185828 0.000237447 -0.0186276 0.0904433 0.000227123 -0.000557485 -0.000185828 0.000227123 0.00948756 -0.0177122 0.000237447 -0.000557485 -0.0177122 0.0882064 
0.0103006 -0.0186347 -0.000213519 0.000251402 -0.0186347 0.0904323 0.000244514 -0.000623338 -0.000213519 0.000244514 0.00947061 -0.0177118 0.000251402 -0.000623338 -0.0177118 0.0882144 
0.0103603 -0.0186814 -0.000250182 0.00026389 -0.0186814 0.0905349 0.000257036 -0.000644303 -0.000250182 0.000257036 0.00944521 -0.0176772 0.00026389 -0.000644303 -0.0176772 0.0881565 
0.0104107 -0.0187652 -0.000262141 0.000265545 -0.0187652 0.0907246 0.000262141 -0.000609393 -0.000262141 0.000262141 0.00943027 -0.0176315 0.000265545 -0.000609393 -0.0176315 0.0880419 
0.010412 -0.018836 -0.000244271 0.000268019 -0.018836 0.0909264 0.000254449 -0.000590321 -0.000244271 0.000254449 0.00944513 -0.0176078 0.000268019 -0.000590321 -0.0176078 0.0879408 
0.0104104 -0.018832 -0.000234974 0.000248596 -0.018832 0.090993 0.000241785 -0.00055849 -0.000234974 0.000241785 0.00945006 -0.0176503 0.000248596 -0.00055849 -0.0176503 0.088003 
0.0104102 -0.0188192 -0.00021065 0.000248023 -0.0188192 0.0909838 0.000244626 -0.000560601 -0.00021065 0.000244626 0.00946226 -0.0176708 0.000248023 -0.000560601 -0.0176708 0.0880959 
0.0103746 -0.018798 -0.000215283 0.000232369 -0.018798 0.0908973 0.000239203 -0.000557002 -0.000215283 0.000239203 0.00946562 -0.0176976 0.000232369 -0.000557002 -0.0176976 0.0881806 
0.0103652 -0.0187379 -0.000251216 0.000251216 -0.0187379 0.090768 0.00026154 -0.000602229 -0.000251216 0.00026154 0.00945328 -0.0177296 0.000251216 -0.000602229 -0.0177296 0.0883006 
0.010378 -0.0187423 -0.000268041 0.000298969 -0.0187423 0.0907388 0.000305842 -0.000694158 -0.000268041 0.000305842 0.0094433 -0.0176942 0.000298969 -0.000694158 -0.0176942 0.088268 
0.010398 -0.0187549 -0.000274897 0.000312695 -0.0187549 0.0907676 0.000309259 -0.000742222 -0.000274897 0.000309259 0.00942553 -0.017669 0.000312695 -0.000742222 -0.017669 0.088187 
