0.0070091 0 -0.000720051 0 0 0.00998956 0 0 -0.000720051 0 0.00749673 0 0 0 0 0.00998956 
0.00993457 -0.0123425 -0.000871818 0.00106279 -0.0123425 0.0328509 0.00106279 -0.00204254 -0.000871818 0.00106279 0.0105407 -0.0130856 0.00106279 -0.00204254 -0.0130856 0.0342666 
0.0100851 -0.0188737 -0.000755963 0.00116562 -0.0188737 0.0695233 0.00116562 -0.00366156 -0.000755963 0.00116562 0.0104695 -0.0196086 0.00116562 -0.00366156 -0.0196086 0.0718756 
0.00954727 -0.0186697 -0.000714922 0.000841565 -0.0186697 0.0837848 0.000857906 -0.00272896 -0.000714922 0.000857906 0.00988226 -0.0191803 0.000841565 -0.00272896 -0.0191803 0.0857375 
0.00954174 -0.0180323 -0.000743162 0.000789369 -0.0180323 0.0873389 0.000804772 -0.0019792 -0.000743162 0.000804772 0.0099037 -0.0184866 0.000789369 -0.0019792 -0.0184866 0.0887251 
0.00970272 -0.0179276 -0.000748047 0.000853868 -0.0179276 0.0883206 0.000861166 -0.00194492 -0.000748047 0.000861166 0.0101151 -0.0184713 0.000853868 -0.00194492 -0.0184713 0.0897036 
0.00977642 -0.0179957 -0.000753673 0.000853215 -0.0179957 0.0887415 0.00084255 -0.0019695 -0.000753673 0.00084255 0.0102172 -0.0186214 0.000853215 -0.0019695 -0.0186214 0.090327 
0.0098012 -0.0180574 -0.000756876 0.000861033 -0.0180574 0.088985 0.000850618 -0.00200676 -0.000756876 0.000850618 0.0102699 -0.0186754 0.000861033 -0.00200676 -0.0186754 0.0906411 
0.0098049 -0.0180546 -0.000755279 0.000868571 -0.0180546 0.0890234 0.000872004 -0.00205299 -0.000755279 0.000872004 0.0102546 -0.0186932 0.000868571 -0.00205299 -0.0186932 0.0907022 
0.0098058 -0.0180513 -0.000720412 0.00084674 -0.0180513 0.0889931 0.000856983 -0.00203832 -0.000720412 0.000856983 0.0102326 -0.0186693 0.00084674 -0.00203832 -0.0186693 0.0906661 
0.00983315 -0.0181196 -0.000695342 0.000814059 -0.0181196 0.0891767 0.000824235 -0.00198766 -0.000695342 0.000824235 0.0102097 -0.0185911 0.000814059 -0.00198766 -0.0185911 0.0904623 
0.00984466 -0.0181859 -0.000679059 0.000770275 -0.0181859 0.089406 0.000773654 -0.00186826 -0.000679059 0.000773654 0.0102163 -0.018544 0.000770275 -0.00186826 -0.018544 0.0902743 
0.00982334 -0.0181601 -0.000677238 0.000758507 -0.0181601 0.0894022 0.000755121 -0.00180823 -0.000677238 0.000755121 0.0102297 -0.018597 0.000758507 -0.00180823 -0.018597 0.0903538 
0.00982232 -0.0181547 -0.000655048 0.000763657 -0.0181547 0.0893954 0.000767051 -0.00179884 -0.000655048 0.000767051 0.0102126 -0.0186095 0.000763657 -0.00179884 -0.0186095 0.0904034 
0.0098008 -0.0181123 -0.000651351 0.00074634 -0.0181123 0.0892927 0.000753124 -0.00180478 -0.000651351 0.000753124 0.0102215 -0.0186178 0.00074634 -0.00180478 -0.0186178 0.0904733 
0.00980771 -0.0181092 -0.000644575 0.000753135 -0.0181092 0.0892736 0.000756527 -0.00181159 -0.000644575 0.000756527 0.0101979 -0.0185943 0.000753135 -0.00181159 -0.0185943 0.090444 
0.00982455 -0.0181418 -0.000641102 0.000736585 -0.0181418 0.0893349 0.000739996 -0.00179031 -0.000641102 0.000739996 0.0101553 -0.0185442 0.000736585 -0.00179031 -0.0185442 0.0903136 
0.00980734 -0.0181124 -0.000619375 0.000725456 -0.0181124 0.0892858 0.000722034 -0.00173836 -0.000619375 0.000722034 0.0101495 -0.0185333 0.000725456 -0.00173836 -0.0185333 0.0902919 
0.00979326 -0.0180759 -0.000620603 0.000705851 -0.0180759 0.0891793 0.000702441 -0.00169813 -0.000620603 0.000702441 0.0101649 -0.0185397 0.000705851 -0.00169813 -0.0185397 0.0903285 
0.00980232 -0.0180646 -0.000565584 0.000701869 -0.0180646 0.0891272 0.000691648 -0.00166268 -0.000565584 0.000691648 0.0101635 -0.0185518 0.000701869 -0.00166268 -0.0185518 0.0903231 
0.00980396 -0.0180951 -0.000556616 0.000641987 -0.0180951 0.0891849 0.000635157 -0.0015674 -0.000556616 0.000635157 0.0101557 -0.0185288 0.000641987 -0.0015674 -0.0185288 0.0902845 
0.00978815 -0.0180976 -0.00057981 0.000631272 -0.0180976 0.0892015 0.00062441 -0.00149241 -0.00057981 0.00062441 0.0101552 -0.0185265 0.000631272 -0.00149241 -0.0185265 0.0902753 
0.00977687 -0.0180965 -0.000592537 0.000668327 -0.0180965 0.0892182 0.000664882 -0.00154335 -0.000592537 0.000664882 0.0101455 -0.0185065 0.000668327 -0.00154335 -0.0185065 0.0902104 
0.00978472 -0.0180907 -0.000617549 0.000696458 -0.0180907 0.0892358 0.000703319 -0.00165023 -0.000617549 0.000703319 0.0101552 -0.0184819 0.000696458 -0.00165023 -0.0184819 0.0901484 
0.00977096 -0.0180578 -0.000638492 0.000716605 -0.0180578 0.0891341 0.000720001 -0.00170491 -0.000638492 0.000720001 0.0102193 -0.0185434 0.000716605 -0.00170491 -0.0185434 0.090265 
0.00977788 -0.0180652 -0.000659069 0.000746945 -0.0180652 0.0891264 0.000746945 -0.00178456 -0.000659069 0.000746945 0.0102511 -0.0185993 0.000746945 -0.00178456 -0.0185993 0.0903735 
0.00980201 -0.01806 -0.000686208 0.000760211 -0.01806 0.0891128 0.000763574 -0.00180634 -0.000686208 0.000763574 0.0102864 -0.018679 0.000760211 -0.00180634 -0.018679 0.0906164 
0.00979378 -0.0180782 -0.000727711 0.000788354 -0.0180782 0.0891143 0.000795092 -0.00186644 -0.000727711 0.000795092 0.0102958 -0.0187251 0.000788354 -0.00186644 -0.0187251 0.0907752 
0.00979843 -0.0180941 -0.000744694 0.000852037 -0.0180941 0.0891754 0.000855392 -0.00201269 -0.000744694 0.000855392 0.0103117 -0.0187482 0.000852037 -0.00201269 -0.0187482 0.0908862 
0.00981083 -0.0181045 -0.000718112 0.000869826 -0.0181045 0.0892145 0.000869826 -0.00207679 -0.000718112 0.000869826 0.0102862 -0.0187518 0.000869826 -0.00207679 -0.0187518 0.0909036 
0.0098079 -0.0181397 -0.000687264 0.000836228 -0.0181397 0.0893003 0.000829457 -0.00204148 -0.000687264 0.000829457 0.0102548 -0.0186949 0.000836228 -0.00204148 -0.0186949 0.0908001 
0.00977612 -0.0181362 -0.000691 0.000793119 -0.0181362 0.0893399 0.000782907 -0.00194365 -0.000691 0.000782907 0.0102323 -0.0186332 0.000793119 -0.00194365 -0.0186332 0.0906095 
0.00973868 -0.0180549 -0.000682219 0.000770907 -0.0180549 0.0891933 0.000753852 -0.00183517 -0.000682219 0.000753852 0.0102196 -0.0186314 0.000770907 -0.00183517 -0.0186314 0.0905441 
0.00973452 -0.0180239 -0.000668055 0.0007669 -0.0180239 0.0890831 0.000763491 -0.00181329 -0.000668055 0.000763491 0.0102049 -0.0185999 0.0007669 -0.00181329 -0.0185999 0.0904874 
0.0097472 -0.0180089 -0.00065117 0.000759698 -0.0180089 0.0890068 0.00076309 -0.00181446 -0.00065117 0.00076309 0.0102084 -0.0186058 0.000759698 -0.00181446 -0.0186058 0.0904719 
0.00977761 -0.0180427 -0.00063811 0.000756279 -0.0180427 0.0890552 0.000756279 -0.0018198 -0.00063811 0.000756279 0.0102233 -0.0186031 0.000756279 -0.0018198 -0.0186031 0.0904631 
0.0097768 -0.0180502 -0.000608094 0.000733091 -0.0180502 0.0890756 0.000743226 -0.0017905 -0.000608094 0.000743226 0.0102194 -0.0186279 0.000733091 -0.0017905 -0.0186279 0.090508 
0.00981167 -0.0181379 -0.000590125 0.000708828 -0.0181379 0.089292 0.000705436 -0.00174324 -0.000590125 0.000705436 0.0101915 -0.018572 0.000708828 -0.00174324 -0.018572 0.090384 
0.00982442 -0.0181591 -0.000593877 0.00068211 -0.0181591 0.0894073 0.00068211 -0.00166964 -0.000593877 0.00068211 0.0101706 -0.0185391 0.00068211 -0.00166964 -0.0185391 0.090293 
0.00982523 -0.0181608 -0.00062635 0.000700835 -0.0181608 0.0894326 0.000694064 -0.00167591 -0.00062635 0.000694064 0.0101807 -0.0185298 0.000700835 -0.00167591 -0.0185298 0.0902689 
0.00982484 -0.0181541 -0.000634189 0.000715582 -0.0181541 0.0894104 0.000715582 -0.00168891 -0.000634189 0.000715582 0.0101775 -0.0185441 0.000715582 -0.00168891 -0.0185441 0.090265 
0.00978959 -0.0181106 -0.000659858 0.000720768 -0.0181106 0.0892974 0.000720768 -0.00170548 -0.000659858 0.000720768 0.0102193 -0.0185877 0.000720768 -0.00170548 -0.0185877 0.0904074 
0.00976102 -0.0180746 -0.000677754 0.00074587 -0.0180746 0.0891876 0.000749275 -0.00173355 -0.000677754 0.000749275 0.0102174 -0.0186161 0.00074587 -0.00173355 -0.0186161 0.0904784 
0.00976848 -0.0180286 -0.000643023 0.000769575 -0.0180286 0.0890929 0.000772996 -0.00180936 -0.000643023 0.000772996 0.0101823 -0.0186271 0.000769575 -0.00180936 -0.0186271 0.0905431 
0.00976556 -0.0180063 -0.00059964 0.00072642 -0.0180063 0.0889557 0.000733273 -0.00176465 -0.00059964 0.000733273 0.0101596 -0.018606 0.00072642 -0.00176465 -0.018606 0.0905558 
0.00974945 -0.0180265 -0.000560748 0.000674274 -0.0180265 0.0889732 0.000677714 -0.0016616 -0.000560748 0.000677714 0.0101279 -0.0185288 0.000674274 -0.0016616 -0.0185288 0.0903527 
0.00976542 -0.0180395 -0.000543854 0.000636206 -0.0180395 0.089021 0.000639627 -0.00156657 -0.000543854 0.000639627 0.0101212 -0.0184637 0.000636206 -0.00156657 -0.0184637 0.0901463 
0.0097857 -0.018073 -0.000547048 0.000625197 -0.018073 0.0891076 0.0006218 -0.00150863 -0.000547048 0.0006218 0.0101221 -0.0184365 0.000625197 -0.00150863 -0.0184365 0.0900148 
0.00977552 -0.0180722 -0.00052914 0.00061733 -0.0180722 0.0891126 0.000607154 -0.00145514 -0.00052914 0.000607154 0.0101486 -0.0184656 0.00061733 -0.00145514 -0.0184656 0.0900454 
0.00978258 -0.0180821 -0.000527225 0.000619064 -0.0180821 0.0891555 0.000605459 -0.00146262 -0.000527225 0.000605459 0.0101261 -0.0184767 0.000619064 -0.00146262 -0.0184767 0.0900535 
0.00976173 -0.0180604 -0.000551646 0.000620173 -0.0180604 0.0891165 0.000609894 -0.00146991 -0.000551646 0.000609894 0.0101044 -0.018475 0.000620173 -0.00146991 -0.018475 0.090069 
0.00977031 -0.018074 -0.000567485 0.00064953 -0.018074 0.0891634 0.000642693 -0.0015452 -0.000567485 0.000642693 0.0101087 -0.0184364 0.00064953 -0.0015452 -0.0184364 0.0900283 
0.00977222 -0.0180387 -0.00054973 0.000662408 -0.0180387 0.0890733 0.000662408 -0.00159114 -0.00054973 0.000662408 0.0101171 -0.0184757 0.000662408 -0.00159114 -0.0184757 0.0900943 
0.0097441 -0.0179951 -0.00055007 0.000632068 -0.0179951 0.0889132 0.000638901 -0.00155796 -0.00055007 0.000638901 0.0101404 -0.0185145 0.000632068 -0.00155796 -0.0185145 0.090232 
0.00973998 -0.018025 -0.000585426 0.00064705 -0.018025 0.0889574 0.000650473 -0.00157483 -0.000585426 0.000650473 0.010144 -0.0184906 0.00064705 -0.00157483 -0.0184906 0.0901967 
0.00973019 -0.0179954 -0.00057297 0.000662174 -0.0179954 0.0889269 0.000672467 -0.0015851 -0.00057297 0.000672467 0.0101316 -0.0184997 0.000662174 -0.0015851 -0.0184997 0.0901827 
0.00971721 -0.017991 -0.000581459 0.000666968 -0.017991 0.088888 0.000673808 -0.00162466 -0.000581459 0.000673808 0.0101345 -0.0184836 0.000666968 -0.00162466 -0.0184836 0.0901638 
0.00975078 -0.017992 -0.000543038 0.00066599 -0.017992 0.0889012 0.00066599 -0.00159838 -0.000543038 0.00066599 0.0101231 -0.0184872 0.00066599 -0.00159838 -0.0184872 0.0901512 
0.00975372 -0.017971 -0.000551905 0.000613227 -0.017971 0.0888158 0.000620041 -0.00151944 -0.000551905 0.000620041 0.0101319 -0.0185263 0.000613227 -0.00151944 -0.0185263 0.0902807 
0.00974297 -0.0179582 -0.000535403 0.000607018 -0.0179582 0.0887405 0.000617248 -0.00145275 -0.000535403 0.000617248 0.010142 -0.0185584 0.000607018 -0.00145275 -0.0185584 0.090374 
0.00975869 -0.0179977 -0.000521327 0.000616733 -0.0179977 0.0888436 0.000623548 -0.00146517 -0.000521327 0.000623548 0.0101267 -0.0185088 0.000616733 -0.00146517 -0.0185088 0.0902815 
0.00978269 -0.0180522 -0.000527048 0.000625657 -0.0180522 0.0890099 0.000618856 -0.00150974 -0.000527048 0.000618856 0.0101091 -0.0184637 0.000625657 -0.00150974 -0.0184637 0.090149 
0.00980359 -0.0180856 -0.000525253 0.000623526 -0.0180856 0.0891337 0.000616748 -0.00151476 -0.000525253 0.000616748 0.0101255 -0.0184584 0.000623526 -0.00151476 -0.0184584 0.0900961 
0.00980359 -0.0180963 -0.000535234 0.00059621 -0.0180963 0.0891808 0.000589435 -0.00144987 -0.000535234 0.000589435 0.0101288 -0.0184825 0.00059621 -0.00144987 -0.0184825 0.0901192 
0.00978438 -0.0181038 -0.000575752 0.000613227 -0.0181038 0.0892144 0.00060982 -0.00144449 -0.000575752 0.00060982 0.0101217 -0.0184752 0.000613227 -0.00144449 -0.0184752 0.0901035 
0.00975955 -0.0180511 -0.00059468 0.000645652 -0.0180511 0.0891374 0.000642254 -0.0014918 -0.00059468 0.000642254 0.0101605 -0.0185132 0.000645652 -0.0014918 -0.0185132 0.0902248 
0.00975796 -0.0180485 -0.000602637 0.000687756 -0.0180485 0.0891086 0.000694565 -0.00161044 -0.000602637 0.000694565 0.0101665 -0.0185285 0.000687756 -0.00161044 -0.0185285 0.0902594 
0.00976944 -0.0180539 -0.000611652 0.000716992 -0.0180539 0.0891177 0.000716992 -0.00170583 -0.000611652 0.000716992 0.010167 -0.0185263 0.000716992 -0.00170583 -0.0185263 0.0902662 
0.00979711 -0.018063 -0.000558964 0.000697858 -0.018063 0.0891259 0.000697858 -0.00169044 -0.000558964 0.000697858 0.0101596 -0.0185441 0.000697858 -0.00169044 -0.0185441 0.0903184 
0.00981261 -0.0180862 -0.000547964 0.000635909 -0.0180862 0.0891659 0.000635909 -0.00157286 -0.000547964 0.000635909 0.0101813 -0.0185631 0.000635909 -0.00157286 -0.0185631 0.0903802 
0.00979905 -0.0181259 -0.000571215 0.000632416 -0.0181259 0.0892591 0.000635817 -0.00154024 -0.000571215 0.000635817 0.0101833 -0.0185577 0.000632416 -0.00154024 -0.0185577 0.0903709 
0.00978105 -0.0181218 -0.000612385 0.000667123 -0.0181218 0.0892987 0.000667123 -0.00157373 -0.000612385 0.000667123 0.0101745 -0.0185494 0.000667123 -0.00157373 -0.0185494 0.0903319 
0.00974857 -0.0180575 -0.00064442 0.000716404 -0.0180575 0.0891665 0.000723259 -0.00168646 -0.00064442 0.000723259 0.0101908 -0.0185682 0.000716404 -0.00168646 -0.0185682 0.0903937 
0.00973029 -0.0179668 -0.000651415 0.000729857 -0.0179668 0.0889198 0.000736678 -0.00172915 -0.000651415 0.000736678 0.0102385 -0.0186523 0.000729857 -0.00172915 -0.0186523 0.090608 
0.00974581 -0.0180106 -0.00066883 0.000750728 -0.0180106 0.0889578 0.000757552 -0.00178127 -0.00066883 0.000757552 0.0102406 -0.0186351 0.000750728 -0.00178127 -0.0186351 0.0905924 
0.00978757 -0.0180743 -0.000632448 0.000765775 -0.0180743 0.0891239 0.000776031 -0.00182897 -0.000632448 0.000776031 0.0102012 -0.018594 0.000765775 -0.00182897 -0.018594 0.0904538 
0.00980683 -0.018122 -0.000597353 0.000733891 -0.018122 0.0892616 0.000744131 -0.00181254 -0.000597353 0.000744131 0.0101823 -0.0185487 0.000733891 -0.00181254 -0.0185487 0.0903369 
0.00980679 -0.018147 -0.00062611 0.000690763 -0.018147 0.0893568 0.000707777 -0.00172521 -0.00062611 0.000707777 0.0102015 -0.0185315 0.000690763 -0.00172521 -0.0185315 0.0902619 
0.0098011 -0.0181334 -0.000639644 0.000710715 -0.0181334 0.0893538 0.000717484 -0.00169556 -0.000639644 0.000717484 0.0102309 -0.01857 0.000710715 -0.00169556 -0.01857 0.0903082 
0.00980259 -0.0181273 -0.000640626 0.000725365 -0.0181273 0.0893351 0.000721975 -0.00170495 -0.000640626 0.000721975 0.0102432 -0.018612 0.000725365 -0.00170495 -0.018612 0.0904096 
0.00981838 -0.0181689 -0.000683194 0.000747455 -0.0181689 0.0894443 0.000740691 -0.00175534 -0.000683194 0.000740691 0.0102378 -0.0185815 0.000747455 -0.00175534 -0.0185815 0.090371 
0.00981817 -0.0181626 -0.000704686 0.000789384 -0.0181626 0.0894477 0.000782608 -0.00182947 -0.000704686 0.000782608 0.0102349 -0.0186064 0.000789384 -0.00182947 -0.0186064 0.0904132 
0.00981738 -0.0181402 -0.000718592 0.000819802 -0.0181402 0.0893787 0.000806307 -0.00190275 -0.000718592 0.000806307 0.0102492 -0.0186294 0.000819802 -0.00190275 -0.0186294 0.0905122 
0.00980267 -0.0181193 -0.000700913 0.000832334 -0.0181193 0.0893057 0.000818855 -0.00195784 -0.000700913 0.000818855 0.0102744 -0.0186719 0.000832334 -0.00195784 -0.0186719 0.09063 
0.00979166 -0.0180787 -0.000693125 0.00080132 -0.0180787 0.0892035 0.000787796 -0.0019137 -0.000693125 0.000787796 0.0102684 -0.0187144 0.00080132 -0.0019137 -0.0187144 0.0907453 
0.00977916 -0.0180737 -0.000715218 0.000799959 -0.0180737 0.0891582 0.00079657 -0.00191177 -0.000715218 0.00079657 0.0102673 -0.0187075 0.000799959 -0.00191177 -0.0187075 0.0907988 
0.00976892 -0.0180671 -0.000730291 0.000825399 -0.0180671 0.0891397 0.000828796 -0.0019565 -0.000730291 0.000828796 0.0102614 -0.0186955 0.000825399 -0.0019565 -0.0186955 0.0907701 
0.00979663 -0.0180793 -0.000692209 0.000814965 -0.0180793 0.0891927 0.000828605 -0.00195046 -0.000692209 0.000828605 0.0102161 -0.018659 0.000814965 -0.00195046 -0.018659 0.0906589 
0.00981902 -0.0181115 -0.000687094 0.000781866 -0.0181115 0.0892614 0.000795405 -0.00191236 -0.000687094 0.000795405 0.0102286 -0.0186159 0.000781866 -0.00191236 -0.0186159 0.0905712 
0.00981852 -0.0181375 -0.000658187 0.00077354 -0.0181375 0.0893031 0.000776932 -0.00184903 -0.000658187 0.000776932 0.0102087 -0.0186023 0.00077354 -0.00184903 -0.0186023 0.0904838 
0.0098357 -0.0181649 -0.000665801 0.000759955 -0.0181649 0.0894091 0.000763318 -0.00182927 -0.000665801 0.000763318 0.0102459 -0.0185954 0.000759955 -0.00182927 -0.0185954 0.0904582 
0.00980537 -0.018149 -0.000675421 0.00076951 -0.018149 0.0893908 0.00076615 -0.00183473 -0.000675421 0.00076615 0.0102792 -0.0186463 0.00076951 -0.00183473 -0.0186463 0.09053 
0.00979619 -0.0181359 -0.000687982 0.000785306 -0.0181359 0.0893806 0.000778594 -0.00186594 -0.000687982 0.000778594 0.0102962 -0.0186896 0.000785306 -0.00186594 -0.0186896 0.0906424 
0.00978831 -0.0181216 -0.000678763 0.000796371 -0.0181216 0.0893548 0.000803091 -0.00190188 -0.000678763 0.000803091 0.0103125 -0.0187164 0.000796371 -0.00190188 -0.0187164 0.0907292 
0.00977253 -0.018102 -0.000681258 0.000771869 -0.018102 0.0893187 0.000775225 -0.00187262 -0.000681258 0.000775225 0.0103296 -0.0187363 0.000771869 -0.00187262 -0.0187363 0.0907886 
0.00977476 -0.0181061 -0.000688127 0.000785472 -0.0181061 0.0893223 0.000795542 -0.00189655 -0.000688127 0.000795542 0.010332 -0.0187473 0.000785472 -0.00189655 -0.0187473 0.0908462 
0.00979369 -0.0181222 -0.000675194 0.000796729 -0.0181222 0.0893451 0.000806857 -0.00193443 -0.000675194 0.000806857 0.0102967 -0.0187434 0.000796729 -0.00193443 -0.0187434 0.0908407 
0.00980718 -0.0181382 -0.000658337 0.000787289 -0.0181382 0.0893777 0.000780502 -0.00191053 -0.000658337 0.000780502 0.0102653 -0.0186981 0.000787289 -0.00191053 -0.0186981 0.0907826 
0.00978584 -0.0181094 -0.00062035 0.000736239 -0.0181094 0.0893167 0.000739647 -0.0018031 -0.00062035 0.000739647 0.010246 -0.0186787 0.000736239 -0.0018031 -0.0186787 0.090721 
0.00977214 -0.0181116 -0.00061546 0.000700941 -0.0181116 0.0893067 0.000697522 -0.00169252 -0.00061546 0.000697522 0.0102201 -0.0186143 0.000700941 -0.00169252 -0.0186143 0.0905513 
0.00975361 -0.0180875 -0.000608959 0.000694487 -0.0180875 0.0892673 0.000701329 -0.00165582 -0.000608959 0.000701329 0.0102223 -0.0185904 0.000694487 -0.00165582 -0.0185904 0.0904441 
0.00975388 -0.0180763 -0.000604706 0.00069695 -0.0180763 0.0892164 0.00069695 -0.00164671 -0.000604706 0.00069695 0.0102288 -0.0185853 0.00069695 -0.00164671 -0.0185853 0.0903882 
0.00975701 -0.0180598 -0.000592572 0.000691334 -0.0180598 0.0891821 0.000687929 -0.0016449 -0.000592572 0.000687929 0.0102372 -0.0185843 0.000691334 -0.0016449 -0.0185843 0.0903809 
0.00977396 -0.0180761 -0.000600275 0.000691842 -0.0180761 0.0892035 0.000691842 -0.0016516 -0.000600275 0.000691842 0.0102352 -0.0185814 0.000691842 -0.0016516 -0.0185814 0.0903464 
0.00977726 -0.0180916 -0.000604744 0.000685827 -0.0180916 0.0892217 0.000682449 -0.00162842 -0.000604744 0.000682449 0.0102502 -0.0185984 0.000685827 -0.00162842 -0.0185984 0.0903839 
0.00976091 -0.0180754 -0.000639837 0.000697694 -0.0180754 0.0891755 0.000697694 -0.00164043 -0.000639837 0.000697694 0.0102272 -0.0186233 0.000697694 -0.00164043 -0.0186233 0.0904484 
0.00977614 -0.0181049 -0.000677521 0.000752801 -0.0181049 0.089248 0.000749379 -0.00175539 -0.000677521 0.000749379 0.0101697 -0.0185531 0.000752801 -0.00175539 -0.0185531 0.0903361 
0.00978813 -0.0181063 -0.000649108 0.000786485 -0.0181063 0.0892712 0.00078305 -0.00184429 -0.000649108 0.00078305 0.0101213 -0.0185013 0.000786485 -0.00184429 -0.0185013 0.090195 
0.00977789 -0.0180838 -0.000605314 0.000746325 -0.0180838 0.0892048 0.000739447 -0.00180563 -0.000605314 0.000739447 0.0101115 -0.0184655 0.000746325 -0.00180563 -0.0184655 0.0901093 
0.00976872 -0.0180496 -0.000556642 0.000694084 -0.0180496 0.0891108 0.000690648 -0.00171116 -0.000556642 0.000690648 0.0101089 -0.018462 0.000694084 -0.00171116 -0.018462 0.0900901 
0.00977185 -0.0180464 -0.00053208 0.000630992 -0.0180464 0.089062 0.000627582 -0.00157236 -0.00053208 0.000627582 0.0101334 -0.0184659 0.000630992 -0.00157236 -0.0184659 0.0900852 
0.00977442 -0.0180258 -0.000514443 0.000599056 -0.0180258 0.0890122 0.000595671 -0.00144856 -0.000514443 0.000595671 0.0101873 -0.0185233 0.000599056 -0.00144856 -0.0185233 0.0902002 
0.00978163 -0.0180691 -0.000531942 0.000589541 -0.0180691 0.0890918 0.000586153 -0.00141286 -0.000531942 0.000586153 0.0101814 -0.0185434 0.000589541 -0.00141286 -0.0185434 0.0902438 
0.00979237 -0.0181045 -0.000555499 0.000606307 -0.0181045 0.089222 0.00060292 -0.00143278 -0.000555499 0.00060292 0.0101954 -0.0185449 0.000606307 -0.00143278 -0.0185449 0.0902855 
0.00975746 -0.0181176 -0.000635765 0.000652764 -0.0181176 0.0892892 0.000652764 -0.00151972 -0.000635765 0.000652764 0.01023 -0.0185596 0.000652764 -0.00151972 -0.0185596 0.0903024 
0.00973234 -0.0180777 -0.000700266 0.000754655 -0.0180777 0.0892363 0.000758055 -0.00173367 -0.000700266 0.000758055 0.0102422 -0.0185808 0.000754655 -0.00173367 -0.0185808 0.0903479 
0.00973273 -0.0180649 -0.000700294 0.000826075 -0.0180649 0.0892127 0.000826075 -0.00193091 -0.000700294 0.000826075 0.0102325 -0.018585 0.000826075 -0.00193091 -0.018585 0.090355 
0.00974112 -0.0180368 -0.000661623 0.000827876 -0.0180368 0.0891426 0.000824483 -0.00200862 -0.000661623 0.000824483 0.0102365 -0.0186103 0.000827876 -0.00200862 -0.0186103 0.0904387 
0.00974018 -0.0180481 -0.000663407 0.000779079 -0.0180481 0.0891177 0.000775676 -0.00194259 -0.000663407 0.000775676 0.0102335 -0.0186094 0.000779079 -0.00194259 -0.0186094 0.090465 
0.00975179 -0.0180311 -0.00062376 0.000756693 -0.0180311 0.0890614 0.000746467 -0.00182697 -0.00062376 0.000746467 0.0102119 -0.0186276 0.000756693 -0.00182697 -0.0186276 0.0904963 
0.00974348 -0.0180098 -0.000600439 0.000706198 -0.0180098 0.0889775 0.000709609 -0.00172626 -0.000600439 0.000709609 0.0102006 -0.0186204 0.000706198 -0.00172626 -0.0186204 0.0905434 
0.00976035 -0.0180246 -0.000580125 0.000681901 -0.0180246 0.0890034 0.000681901 -0.00165217 -0.000580125 0.000681901 0.0102014 -0.0185945 0.000681901 -0.00165217 -0.0185945 0.0904927 
0.0097705 -0.0180548 -0.000582303 0.000650012 -0.0180548 0.0890517 0.000653398 -0.00157086 -0.000582303 0.000653398 0.010214 -0.0185931 0.000650012 -0.00157086 -0.0185931 0.0904601 
0.00975321 -0.0180723 -0.0006117 0.00067287 -0.0180723 0.0891145 0.000669471 -0.00159722 -0.0006117 0.000669471 0.0102154 -0.0185889 0.00067287 -0.00159722 -0.0185889 0.0904092 
0.00974453 -0.0180429 -0.000613936 0.000692384 -0.0180429 0.089089 0.000688973 -0.00162011 -0.000613936 0.000688973 0.010205 -0.018592 0.000692384 -0.00162011 -0.018592 0.0904328 
0.00973715 -0.0180147 -0.000609856 0.000705789 -0.0180147 0.0890185 0.000698937 -0.00165483 -0.000609856 0.000698937 0.0101688 -0.0185732 0.000705789 -0.00165483 -0.0185732 0.0904095 
0.00971239 -0.018025 -0.000596465 0.000710242 -0.018025 0.0890044 0.000696451 -0.00167907 -0.000596465 0.000696451 0.0101399 -0.0185111 0.000710242 -0.00167907 -0.0185111 0.0902524 
0.00973466 -0.0180144 -0.000617638 0.000703421 -0.0180144 0.089029 0.000689695 -0.00169164 -0.000617638 0.000689695 0.0101464 -0.0184845 0.000703421 -0.00169164 -0.0184845 0.0901682 
0.00973985 -0.0180209 -0.000642263 0.000737919 -0.0180209 0.0890286 0.000734503 -0.00177647 -0.000642263 0.000734503 0.0101806 -0.0184958 0.000737919 -0.00177647 -0.0184958 0.0901594 
0.00974144 -0.0180285 -0.000667595 0.000773184 -0.0180285 0.0890354 0.000773184 -0.00189038 -0.000667595 0.000773184 0.0102115 -0.0185394 0.000773184 -0.00189038 -0.0185394 0.090231 
0.00975217 -0.0180291 -0.000666234 0.000795402 -0.0180291 0.089034 0.000798801 -0.00194432 -0.000666234 0.000798801 0.0102213 -0.0185798 0.000795402 -0.00194432 -0.0185798 0.0903393 
0.00977362 -0.0180238 -0.000639839 0.000768483 -0.0180238 0.0890188 0.000771869 -0.00189582 -0.000639839 0.000771869 0.010234 -0.0186366 0.000768483 -0.00189582 -0.0186366 0.0905152 
0.00977133 -0.0180562 -0.000613691 0.00073302 -0.0180562 0.0890432 0.000726202 -0.00179334 -0.000613691 0.000726202 0.0102077 -0.0186392 0.00073302 -0.00179334 -0.0186392 0.0905468 
0.00976904 -0.0180589 -0.000616343 0.000705371 -0.0180589 0.089089 0.000695098 -0.00170864 -0.000616343 0.000695098 0.0101731 -0.018593 0.000705371 -0.00170864 -0.018593 0.0904758 
0.00977704 -0.0180976 -0.000640837 0.000702522 -0.0180976 0.0892202 0.000705948 -0.00168262 -0.000640837 0.000705948 0.0101574 -0.0185157 0.000702522 -0.00168262 -0.0185157 0.090286 
0.00975051 -0.0180588 -0.000642515 0.000727956 -0.0180588 0.0891627 0.000734792 -0.00172591 -0.000642515 0.000734792 0.010188 -0.018527 0.000727956 -0.00172591 -0.018527 0.0902529 
0.00974436 -0.0180484 -0.000634834 0.00074064 -0.0180484 0.0891225 0.000750879 -0.00177139 -0.000634834 0.000750879 0.0101881 -0.0185331 0.00074064 -0.00177139 -0.0185331 0.0902249 
0.00972429 -0.0180282 -0.000607768 0.000720444 -0.0180282 0.0890551 0.000734102 -0.00176184 -0.000607768 0.000734102 0.0101852 -0.0185437 0.000720444 -0.00176184 -0.0185437 0.0902296 
0.00971149 -0.0180113 -0.000613788 0.000692216 -0.0180113 0.0890265 0.000702446 -0.00169815 -0.000613788 0.000702446 0.0102025 -0.0185398 0.000692216 -0.00169815 -0.0185398 0.0902438 
0.00973668 -0.0180173 -0.000615772 0.000711029 -0.0180173 0.0890386 0.000704225 -0.00170103 -0.000615772 0.000704225 0.010196 -0.0185446 0.000711029 -0.00170103 -0.0185446 0.0902463 
0.00975676 -0.0180258 -0.000592351 0.000704693 -0.0180258 0.0890296 0.00069448 -0.00168173 -0.000592351 0.00069448 0.0101789 -0.0185603 0.000704693 -0.00168173 -0.0185603 0.0902994 
0.00977824 -0.018074 -0.00056492 0.000688175 -0.018074 0.0891066 0.000677903 -0.0016571 -0.00056492 0.000677903 0.0101206 -0.0185054 0.000688175 -0.0016571 -0.0185054 0.0901851 
0.00977728 -0.0180464 -0.000529059 0.000635558 -0.0180464 0.0890399 0.000632122 -0.00154595 -0.000529059 0.000632122 0.0100899 -0.0184827 0.000635558 -0.00154595 -0.0184827 0.0901702 
0.0097447 -0.0179759 -0.000515957 0.00059163 -0.0179759 0.0888546 0.000581311 -0.00141716 -0.000515957 0.000581311 0.0100956 -0.0184953 0.00059163 -0.00141716 -0.0184953 0.0902271 
0.00973365 -0.0179651 -0.000504174 0.000589918 -0.0179651 0.0887929 0.000583058 -0.00139591 -0.000504174 0.000583058 0.0101075 -0.018483 0.000589918 -0.00139591 -0.018483 0.090206 
0.00975478 -0.0179821 -0.000511436 0.000579627 -0.0179821 0.0888296 0.000576218 -0.00138429 -0.000511436 0.000576218 0.0101162 -0.0184662 0.000579627 -0.00138429 -0.0184662 0.0901627 
0.00975483 -0.0180519 -0.000561993 0.000609677 -0.0180519 0.0889924 0.000616489 -0.0014714 -0.000561993 0.000616489 0.0101295 -0.0184436 0.000609677 -0.0014714 -0.0184436 0.0900551 
0.00978171 -0.0181004 -0.000585201 0.000660053 -0.0181004 0.0892092 0.000666857 -0.00156848 -0.000585201 0.000666857 0.0101321 -0.018427 0.000660053 -0.00156848 -0.018427 0.0899509 
0.00977276 -0.0180823 -0.000605694 0.000683957 -0.0180823 0.0892037 0.000683957 -0.00163333 -0.000605694 0.000683957 0.0101505 -0.0184771 0.000683957 -0.00163333 -0.0184771 0.0900442 
0.00976226 -0.0180648 -0.000602272 0.000704352 -0.0180648 0.0891567 0.00070095 -0.00167411 -0.000602272 0.00070095 0.0101638 -0.0185037 0.000704352 -0.00167411 -0.0185037 0.0901333 
