0.0071826 0 -4.49756e-06 0 0 0.00999357 0 0 -4.49756e-06 0 0.00757838 0 0 0 0 0.00999357 
0.0101718 -0.012635 -2.04582e-05 1.63665e-05 -0.012635 0.0334082 1.63665e-05 -3.68247e-05 -2.04582e-05 1.63665e-05 0.0106383 -0.0132283 1.63665e-05 -3.68247e-05 -0.0132283 0.0345375 
0.0102568 -0.0191814 -4.59384e-05 -4.59384e-05 -0.0191814 0.0704779 -4.59384e-05 0.000200459 -4.59384e-05 -4.59384e-05 0.0105951 -0.019908 -4.59384e-05 0.000200459 -0.019908 0.0728959 
0.00973882 -0.0188791 -9.70646e-05 2.42662e-05 -0.0188791 0.0845069 2.02218e-05 0.000190085 -9.70646e-05 2.02218e-05 0.00995721 -0.019417 2.42662e-05 0.000190085 -0.019417 0.0868122 
0.00971692 -0.0182284 -0.000135225 0.000104317 -0.0182284 0.0878425 8.49989e-05 -9.65896e-05 -0.000135225 8.49989e-05 0.00991396 -0.0185916 0.000104317 -9.65896e-05 -0.0185916 0.089272 
0.00983661 -0.018087 -0.000102809 0.000102809 -0.018087 0.0887388 8.44502e-05 -0.000172572 -0.000102809 8.44502e-05 0.010123 -0.0185276 0.000102809 -0.000172572 -0.0185276 0.0899614 
0.00990844 -0.0181489 -0.000102917 6.74285e-05 -0.0181489 0.0891618 5.3233e-05 -0.000127759 -0.000102917 5.3233e-05 0.0102846 -0.0186706 6.74285e-05 -0.000127759 -0.0186706 0.0905174 
0.00994667 -0.0182002 -0.000114729 6.95328e-05 -0.0182002 0.0893705 6.95328e-05 -0.000104299 -0.000114729 6.95328e-05 0.0103256 -0.0187704 6.95328e-05 -0.000104299 -0.0187704 0.0908516 
0.00998101 -0.0182011 -9.97414e-05 7.91052e-05 -0.0182011 0.0893648 7.22265e-05 -0.00010662 -9.97414e-05 7.22265e-05 0.0102871 -0.0187961 7.91052e-05 -0.00010662 -0.0187961 0.0909882 
0.0100158 -0.0182555 -7.84081e-05 5.45448e-05 -0.0182555 0.0894432 6.13629e-05 -8.86353e-05 -7.84081e-05 6.13629e-05 0.0102544 -0.0187293 5.45448e-05 -8.86353e-05 -0.0187293 0.0908955 
0.0100375 -0.0183063 -5.74924e-05 3.38191e-05 -0.0183063 0.0895766 3.7201e-05 -3.38191e-05 -5.74924e-05 3.7201e-05 0.0102607 -0.018702 3.38191e-05 -3.38191e-05 -0.018702 0.0908076 
0.0100532 -0.0183531 -4.06192e-05 2.36945e-05 -0.0183531 0.0897278 2.70794e-05 -1.69247e-05 -4.06192e-05 2.70794e-05 0.0102428 -0.0186916 2.36945e-05 -1.69247e-05 -0.0186916 0.09075 
0.0100488 -0.0183606 -2.01987e-05 -3.36645e-06 -0.0183606 0.0897899 -1.00993e-05 5.72296e-05 -2.01987e-05 -1.00993e-05 0.0102811 -0.0187175 -3.36645e-06 5.72296e-05 -0.0187175 0.0908167 
0.0100313 -0.0183906 -8.72867e-05 1.34287e-05 -0.0183906 0.0898885 0 2.35003e-05 -8.72867e-05 0 0.0103334 -0.0187398 1.34287e-05 2.35003e-05 -0.0187398 0.0908654 
0.00998066 -0.01835 -0.000131192 5.71861e-05 -0.01835 0.0898528 5.38222e-05 -3.36389e-05 -0.000131192 5.38222e-05 0.0103776 -0.0188142 5.71861e-05 -3.36389e-05 -0.0188142 0.0910066 
0.00992904 -0.0182847 -0.000158353 9.43377e-05 -0.0182847 0.0897253 9.09685e-05 -0.000114553 -0.000158353 9.09685e-05 0.0104176 -0.0188844 9.43377e-05 -0.000114553 -0.0188844 0.0911976 
0.00989962 -0.0182129 -0.000138385 0.000118134 -0.0182129 0.0895455 0.000118134 -0.000165387 -0.000138385 0.000118134 0.0104329 -0.0189386 0.000118134 -0.000165387 -0.0189386 0.0913648 
0.00989691 -0.0181668 -0.00010464 9.7889e-05 -0.0181668 0.089403 0.000101264 -0.000168774 -0.00010464 0.000101264 0.0104134 -0.0189533 9.7889e-05 -0.000168774 -0.0189533 0.0914553 
0.00990625 -0.0181885 -0.000101498 6.42824e-05 -0.0181885 0.0893931 7.44322e-05 -0.000118415 -0.000101498 7.44322e-05 0.0103765 -0.0189024 6.42824e-05 -0.000118415 -0.0189024 0.0913655 
0.00988182 -0.0181893 -9.45952e-05 4.39192e-05 -0.0181893 0.0894094 5.40544e-05 -3.71624e-05 -9.45952e-05 5.40544e-05 0.0103616 -0.0188481 4.39192e-05 -3.71624e-05 -0.0188481 0.0912135 
0.0098535 -0.0181861 -0.000121941 4.40342e-05 -0.0181861 0.0894132 4.74215e-05 -1.01617e-05 -0.000121941 4.74215e-05 0.010365 -0.0188229 4.40342e-05 -1.01617e-05 -0.0188229 0.0911102 
0.00982142 -0.0181524 -0.000172365 9.1252e-05 -0.0181524 0.0893796 9.46317e-05 -0.00010815 -0.000172365 9.46317e-05 0.0104095 -0.0188418 9.1252e-05 -0.00010815 -0.0188418 0.0911235 
0.00982202 -0.0181244 -0.000198799 0.000168474 -0.0181244 0.0893215 0.000168474 -0.000272928 -0.000198799 0.000168474 0.0104454 -0.0188927 0.000168474 -0.000272928 -0.0188927 0.0912319 
0.00985119 -0.0181143 -0.000178317 0.00019514 -0.0181143 0.0892495 0.000185046 -0.000380186 -0.000178317 0.000185046 0.0104232 -0.0189285 0.00019514 -0.000380186 -0.0189285 0.0913186 
0.00986575 -0.0181741 -0.000197181 0.000187155 -0.0181741 0.0893766 0.000180471 -0.000404389 -0.000197181 0.000180471 0.0104439 -0.018896 0.000187155 -0.000404389 -0.018896 0.0912949 
0.00985014 -0.0181825 -0.000204374 0.000187622 -0.0181825 0.0894352 0.000194322 -0.000405397 -0.000204374 0.000194322 0.0104666 -0.0189263 0.000187622 -0.000405397 -0.0189263 0.0913114 
0.00981441 -0.0181513 -0.000228868 0.000191846 -0.0181513 0.0893899 0.000198577 -0.00042408 -0.000228868 0.000198577 0.0104674 -0.0189557 0.000191846 -0.00042408 -0.0189557 0.0913892 
0.00979395 -0.0181009 -0.000236569 0.000212912 -0.0181009 0.0892743 0.000219671 -0.000449481 -0.000236569 0.000219671 0.0104563 -0.0189762 0.000212912 -0.000449481 -0.0189762 0.091471 
0.0097617 -0.0180495 -0.000243958 0.000210075 -0.0180495 0.089109 0.000223628 -0.000454033 -0.000243958 0.000223628 0.0104529 -0.0189745 0.000210075 -0.000454033 -0.0189745 0.0914977 
0.00973802 -0.0180106 -0.000248211 0.00022441 -0.0180106 0.0890158 0.00022781 -0.00046922 -0.000248211 0.00022781 0.0104418 -0.018949 0.00022441 -0.00046922 -0.018949 0.0914537 
0.0097271 -0.0179943 -0.000271612 0.000227475 -0.0179943 0.0889563 0.00023087 -0.000475321 -0.000271612 0.00023087 0.0104435 -0.0189279 0.000227475 -0.000475321 -0.0189279 0.0913974 
0.00973831 -0.0180111 -0.000280263 0.000276887 -0.0180111 0.0890022 0.00027351 -0.000563903 -0.000280263 0.00027351 0.010471 -0.0189127 0.000276887 -0.000563903 -0.0189127 0.0913388 
0.00976981 -0.0180335 -0.000272317 0.000292489 -0.0180335 0.089068 0.000292489 -0.000632045 -0.000272317 0.000292489 0.0104624 -0.0189244 0.000292489 -0.000632045 -0.0189244 0.0912869 
0.00979234 -0.0180684 -0.000251602 0.000278439 -0.0180684 0.0891442 0.000281794 -0.000640746 -0.000251602 0.000281794 0.0104465 -0.0189205 0.000278439 -0.000640746 -0.0189205 0.0912812 
0.00978388 -0.0180724 -0.000208813 0.00022902 -0.0180724 0.089136 0.000232388 -0.000538871 -0.000208813 0.000232388 0.0104069 -0.0189144 0.00022902 -0.000538871 -0.0189144 0.0912578 
0.0097269 -0.0180691 -0.000216153 0.000175625 -0.0180691 0.0891464 0.00016887 -0.000388401 -0.000216153 0.00016887 0.0104125 -0.0188594 0.000175625 -0.000388401 -0.0188594 0.0911661 
0.00969198 -0.0180265 -0.000233582 0.000196345 -0.0180265 0.0891269 0.000192959 -0.000379148 -0.000233582 0.000192959 0.0104198 -0.0188423 0.000196345 -0.000379148 -0.0188423 0.0910802 
0.00967079 -0.0179968 -0.00027776 0.000243887 -0.0179968 0.0890627 0.000247274 -0.000487773 -0.00027776 0.000247274 0.0104329 -0.0188403 0.000243887 -0.000487773 -0.0188403 0.0910443 
0.00968361 -0.0179509 -0.000254118 0.000284613 -0.0179509 0.0889618 0.000291389 -0.000599719 -0.000254118 0.000291389 0.0104222 -0.0188691 0.000284613 -0.000599719 -0.0188691 0.091093 
0.00969773 -0.0179596 -0.000254578 0.00027155 -0.0179596 0.0889021 0.000281733 -0.000638143 -0.000254578 0.000281733 0.0103834 -0.0188524 0.00027155 -0.000638143 -0.0188524 0.0910847 
0.00972877 -0.0179942 -0.000260834 0.000264221 -0.0179942 0.0889478 0.000277771 -0.000626679 -0.000260834 0.000277771 0.0103521 -0.0188038 0.000264221 -0.000626679 -0.0188038 0.0910073 
0.00974082 -0.0180165 -0.000249246 0.000255983 -0.0180165 0.0890045 0.000262719 -0.000589434 -0.000249246 0.000262719 0.0103774 -0.0187912 0.000255983 -0.000589434 -0.0187912 0.0909749 
0.00976035 -0.0180305 -0.000255085 0.00026851 -0.0180305 0.0890481 0.00026851 -0.000604148 -0.000255085 0.00026851 0.0104014 -0.0188259 0.00026851 -0.000604148 -0.0188259 0.0910318 
0.00975311 -0.0180207 -0.000227517 0.0002409 -0.0180207 0.0890226 0.000230863 -0.000525296 -0.000227517 0.000230863 0.010439 -0.0188839 0.0002409 -0.000525296 -0.0188839 0.0911807 
0.00972921 -0.0179955 -0.000198418 0.000184966 -0.0179955 0.0889451 0.000171514 -0.000369932 -0.000198418 0.000171514 0.0104354 -0.0189405 0.000184966 -0.000369932 -0.0189405 0.0913362 
0.00973698 -0.0179975 -0.000192577 0.000179063 -0.0179975 0.088964 0.000165549 -0.000334476 -0.000192577 0.000165549 0.010389 -0.0189097 0.000179063 -0.000334476 -0.0189097 0.0913121 
0.00978367 -0.0180445 -0.000188666 0.000202142 -0.0180445 0.0890773 0.000195404 -0.000404284 -0.000188666 0.000195404 0.0103699 -0.0188497 0.000202142 -0.000404284 -0.0188497 0.09122 
0.00980603 -0.0180797 -0.000154584 0.000174748 -0.0180797 0.0891616 0.000174748 -0.000369658 -0.000154584 0.000174748 0.0103773 -0.0188391 0.000174748 -0.000369658 -0.0188391 0.0911645 
0.00981637 -0.0181093 -0.000138497 0.000128363 -0.0181093 0.0892358 0.000131741 -0.000287127 -0.000138497 0.000131741 0.0103501 -0.0188254 0.000128363 -0.000287127 -0.0188254 0.0910869 
0.00980422 -0.0181292 -0.000155354 0.000114827 -0.0181292 0.0893052 0.000124959 -0.000246541 -0.000155354 0.000124959 0.0103648 -0.0187945 0.000114827 -0.000246541 -0.0187945 0.0910344 
0.00979539 -0.0181145 -0.000186224 0.000142208 -0.0181145 0.08933 0.000142208 -0.000260714 -0.000186224 0.000142208 0.0103642 -0.0188086 0.000142208 -0.000260714 -0.0188086 0.0910094 
0.00981337 -0.0181292 -0.000219727 0.000189304 -0.0181292 0.0893513 0.000182543 -0.000348184 -0.000219727 0.000182543 0.0103847 -0.0188019 0.000189304 -0.000348184 -0.0188019 0.0909976 
0.00981562 -0.0181097 -0.000250209 0.000213016 -0.0181097 0.0892907 0.000219778 -0.000419269 -0.000250209 0.000219778 0.0103769 -0.0188265 0.000213016 -0.000419269 -0.0188265 0.0910422 
0.00978224 -0.0180802 -0.000244556 0.000227573 -0.0180802 0.0891916 0.000237763 -0.000448353 -0.000244556 0.000237763 0.0103665 -0.0188444 0.000227573 -0.000448353 -0.0188444 0.0910937 
0.00978361 -0.0180654 -0.000196622 0.000227132 -0.0180654 0.0891475 0.000237302 -0.000461044 -0.000196622 0.000237302 0.0103769 -0.0188418 0.000227132 -0.000461044 -0.0188418 0.0911205 
0.00979166 -0.0180556 -0.000172376 0.000175756 -0.0180556 0.0891085 0.000175756 -0.000395452 -0.000172376 0.000175756 0.0104 -0.0188499 0.000175756 -0.000395452 -0.0188499 0.0911635 
0.00979502 -0.018065 -0.000161957 0.000141712 -0.018065 0.0890932 0.00013159 -0.000286799 -0.000161957 0.00013159 0.0104091 -0.0188747 0.000141712 -0.000286799 -0.0188747 0.0911987 
0.00978188 -0.0180706 -0.000186225 0.000142208 -0.0180706 0.0891035 0.00013205 -0.000247171 -0.000186225 0.00013205 0.010388 -0.0188696 0.000142208 -0.000247171 -0.0188696 0.0911858 
0.00980376 -0.0180858 -0.0001919 0.000175067 -0.0180858 0.0891832 0.000168334 -0.000306367 -0.0001919 0.000168334 0.0103896 -0.0188399 0.000175067 -0.000306367 -0.0188399 0.0911291 
0.00981326 -0.0181145 -0.000174339 0.000174339 -0.0181145 0.0892446 0.000170986 -0.000331914 -0.000174339 0.000170986 0.0104167 -0.018842 0.000174339 -0.000331914 -0.018842 0.0911154 
0.00978839 -0.0181065 -0.000157769 0.000144342 -0.0181065 0.0892435 0.000147699 -0.00029204 -0.000157769 0.000147699 0.0104463 -0.0188853 0.000144342 -0.00029204 -0.0188853 0.0911938 
0.00976448 -0.0180431 -0.000138145 0.000101082 -0.0180431 0.0891 0.000101082 -0.000181947 -0.000138145 0.000101082 0.0104282 -0.0189326 0.000101082 -0.000181947 -0.0189326 0.091307 
0.0097723 -0.0180182 -0.000128895 9.83674e-05 -0.0180182 0.0890124 9.83674e-05 -0.000159423 -0.000128895 9.83674e-05 0.0103489 -0.0189069 9.83674e-05 -0.000159423 -0.0189069 0.0913121 
0.00980212 -0.0180675 -0.000149599 0.000118999 -0.0180675 0.0890861 0.000118999 -0.000217598 -0.000149599 0.000118999 0.0103053 -0.0187916 0.000118999 -0.000217598 -0.0187916 0.0911023 
0.00979098 -0.0180824 -0.000183199 0.000135703 -0.0180824 0.0891298 0.000139096 -0.000268014 -0.000183199 0.000139096 0.0102999 -0.018727 0.000135703 -0.000268014 -0.018727 0.0909109 
0.00982348 -0.0180583 -0.000172758 0.000186307 -0.0180583 0.089082 0.000176145 -0.000355678 -0.000172758 0.000176145 0.010274 -0.0187391 0.000186307 -0.000355678 -0.0187391 0.0908604 
0.0098604 -0.0180628 -0.000124943 0.000155335 -0.0180628 0.0890273 0.000162089 -0.000351192 -0.000124943 0.000162089 0.0102386 -0.0187314 0.000155335 -0.000351192 -0.0187314 0.090871 
0.00988111 -0.0181261 -9.12726e-05 0.000101414 -0.0181261 0.0891463 0.000101414 -0.000243394 -9.12726e-05 0.000101414 0.0102192 -0.0186771 0.000101414 -0.000243394 -0.0186771 0.0907926 
0.00991268 -0.0181445 -2.02921e-05 4.05841e-05 -0.0181445 0.0892107 4.05841e-05 -7.44043e-05 -2.02921e-05 4.05841e-05 0.0101731 -0.0186518 4.05841e-05 -7.44043e-05 -0.0186518 0.0906988 
0.00991218 -0.0181751 -3.37264e-06 -4.04716e-05 -0.0181751 0.0892838 -3.37264e-05 9.78064e-05 -3.37264e-06 -3.37264e-05 0.0101752 -0.0186102 -4.04716e-05 9.78064e-05 -0.0186102 0.0906328 
0.00990334 -0.0181753 0 -5.75382e-05 -0.0181753 0.0893162 -6.43074e-05 0.000216614 0 -6.43074e-05 0.0101606 -0.0186119 -5.75382e-05 0.000216614 -0.0186119 0.0905685 
0.00990039 -0.0182223 -1.35205e-05 -4.73218e-05 -0.0182223 0.0894753 -5.07019e-05 0.000212948 -1.35205e-05 -5.07019e-05 0.0101742 -0.0185569 -4.73218e-05 0.000212948 -0.0185569 0.0904522 
0.00991451 -0.0182151 -1.01931e-05 -2.03863e-05 -0.0182151 0.0895126 -2.71817e-05 0.000152897 -1.01931e-05 -2.71817e-05 0.0101558 -0.0185719 -2.03863e-05 0.000152897 -0.0185719 0.0904232 
0.00991654 -0.0182524 -5.45052e-05 -3.40657e-06 -0.0182524 0.0896168 -6.81315e-06 6.81315e-05 -5.45052e-05 -6.81315e-06 0.0101618 -0.0185352 -3.40657e-06 6.81315e-05 -0.0185352 0.0903458 
0.00991323 -0.0182284 -8.12559e-05 4.40136e-05 -0.0182284 0.0895813 4.0628e-05 -1.35427e-05 -8.12559e-05 4.0628e-05 0.0102145 -0.0185805 4.40136e-05 -1.35427e-05 -0.0185805 0.0904311 
0.00990678 -0.0181951 -7.77135e-05 5.06827e-05 -0.0181951 0.0894719 4.3925e-05 -4.73038e-05 -7.77135e-05 4.3925e-05 0.0102447 -0.0186546 5.06827e-05 -4.73038e-05 -0.0186546 0.0905835 
0.00990369 -0.0181961 -8.76433e-05 6.06761e-05 -0.0181961 0.0894467 5.05634e-05 -7.07888e-05 -8.76433e-05 5.05634e-05 0.0102711 -0.0186849 6.06761e-05 -7.07888e-05 -0.0186849 0.090694 
0.0098822 -0.0181796 -0.000104307 5.72003e-05 -0.0181796 0.0894008 5.04709e-05 -7.06593e-05 -0.000104307 5.04709e-05 0.0103129 -0.0187449 5.72003e-05 -7.06593e-05 -0.0187449 0.0908476 
0.00991136 -0.0182023 -0.000131388 0.000111174 -0.0182023 0.0894549 0.000107805 -0.000192028 -0.000131388 0.000107805 0.0103022 -0.0187548 0.000111174 -0.000192028 -0.0187548 0.0908935 
0.00991282 -0.0182071 -0.000137958 0.000124499 -0.0182071 0.0894677 0.000117769 -0.000225444 -0.000137958 0.000117769 0.0103099 -0.0187657 0.000124499 -0.000225444 -0.0187657 0.0909449 
0.00993816 -0.0182245 -0.00014803 0.000137937 -0.0182245 0.0895141 0.000134572 -0.000279238 -0.00014803 0.000134572 0.0102948 -0.0187728 0.000137937 -0.000279238 -0.0187728 0.0909641 
0.00994699 -0.0182451 -0.000134874 0.000121387 -0.0182451 0.0895567 0.000131503 -0.000263005 -0.000134874 0.000131503 0.0102842 -0.0187577 0.000121387 -0.000263005 -0.0187577 0.090956 
0.00992229 -0.018246 -0.000141651 0.000111297 -0.018246 0.0895435 0.000134905 -0.000259693 -0.000141651 0.000134905 0.0103203 -0.0187788 0.000111297 -0.000259693 -0.0187788 0.0910173 
0.00989745 -0.0181785 -0.000124857 0.00010461 -0.0181785 0.089401 0.000121482 -0.000229467 -0.000124857 0.000121482 0.0103328 -0.0188298 0.00010461 -0.000229467 -0.0188298 0.0911321 
0.00986627 -0.0181342 -0.000104316 7.40307e-05 -0.0181342 0.0892541 8.07608e-05 -0.000148061 -0.000104316 8.07608e-05 0.0103542 -0.0188475 7.40307e-05 -0.000148061 -0.0188475 0.0912159 
0.00985724 -0.0181577 -0.000120783 6.71017e-05 -0.0181577 0.0893023 7.04568e-05 -0.000104008 -0.000120783 7.04568e-05 0.0103571 -0.0188153 6.71017e-05 -0.000104008 -0.0188153 0.0911241 
0.00988733 -0.0182038 -0.000154071 0.000113878 -0.0182038 0.0894716 0.000117228 -0.000197613 -0.000154071 0.000117228 0.0103696 -0.0187966 0.000113878 -0.000197613 -0.0187966 0.0910391 
0.00986899 -0.0181942 -0.000174139 0.000144 -0.0181942 0.0894673 0.000144 -0.000274604 -0.000174139 0.000144 0.0104048 -0.0188505 0.000144 -0.000274604 -0.0188505 0.0911316 
0.00983156 -0.018141 -0.000174724 0.000151203 -0.018141 0.0893509 0.000154563 -0.000302406 -0.000174724 0.000154563 0.0104196 -0.0189138 0.000151203 -0.000302406 -0.0189138 0.0912796 
0.00979122 -0.0180897 -0.000176418 0.00015267 -0.0180897 0.089193 0.000145884 -0.000288376 -0.000176418 0.000145884 0.0103815 -0.0189107 0.00015267 -0.000288376 -0.0189107 0.0913168 
0.00975492 -0.0180177 -0.000157062 0.000122918 -0.0180177 0.08902 0.000126332 -0.000218521 -0.000157062 0.000126332 0.0103217 -0.0188611 0.000122918 -0.000218521 -0.0188611 0.0912223 
0.00977652 -0.0180221 -0.00013327 0.000126435 -0.0180221 0.0889899 0.000126435 -0.000218699 -0.00013327 0.000126435 0.010272 -0.0187637 0.000126435 -0.000218699 -0.0187637 0.0910163 
0.00979223 -0.018024 -0.000126066 0.000102215 -0.018024 0.0889716 0.00010903 -0.000187395 -0.000126066 0.00010903 0.0102556 -0.0187054 0.000102215 -0.000187395 -0.0187054 0.090849 
0.00979741 -0.01805 -0.000108408 8.46941e-05 -0.01805 0.0890169 9.14696e-05 -0.000145674 -0.000108408 9.14696e-05 0.0102683 -0.0186801 8.46941e-05 -0.000145674 -0.0186801 0.0907446 
0.00984246 -0.0181065 -0.000101399 8.78791e-05 -0.0181065 0.0891601 9.4639e-05 -0.000165618 -0.000101399 9.4639e-05 0.0102717 -0.0186811 8.78791e-05 -0.000165618 -0.0186811 0.090698 
0.00988345 -0.0181506 -8.77329e-05 7.08612e-05 -0.0181506 0.0892851 7.76099e-05 -0.000134974 -8.77329e-05 7.76099e-05 0.0102614 -0.018704 7.08612e-05 -0.000134974 -0.018704 0.0907293 
0.00991091 -0.0181751 -9.16733e-05 6.11156e-05 -0.0181751 0.0893408 6.11156e-05 -9.8464e-05 -9.16733e-05 6.11156e-05 0.0102165 -0.0186946 6.11156e-05 -9.8464e-05 -0.0186946 0.0907294 
0.00990402 -0.0182089 -8.48819e-05 6.79055e-05 -0.0182089 0.0894315 7.13008e-05 -0.000105254 -8.48819e-05 7.13008e-05 0.0101926 -0.0186299 6.79055e-05 -0.000105254 -0.0186299 0.0906131 
0.00988299 -0.0182112 -7.77389e-05 4.73194e-05 -0.0182112 0.0894843 4.73194e-05 -6.75991e-05 -7.77389e-05 4.73194e-05 0.0102244 -0.0186033 4.73194e-05 -6.75991e-05 -0.0186033 0.0905287 
0.00987467 -0.0181735 -8.11617e-05 6.08713e-05 -0.0181735 0.0894165 4.73443e-05 -6.76347e-05 -8.11617e-05 4.73443e-05 0.010223 -0.0186334 6.08713e-05 -6.76347e-05 -0.0186334 0.0905393 
0.00984481 -0.0181089 -4.41929e-05 2.71956e-05 -0.0181089 0.0892152 1.35978e-05 1.35978e-05 -4.41929e-05 1.35978e-05 0.0102052 -0.01868 2.71956e-05 1.35978e-05 -0.01868 0.0906668 
0.00983997 -0.0181001 -1.02145e-05 -3.40483e-06 -0.0181001 0.089159 -1.36193e-05 8.1716e-05 -1.02145e-05 -1.36193e-05 0.0101702 -0.0186279 -3.40483e-06 8.1716e-05 -0.0186279 0.0906129 
0.00983612 -0.0180997 0 -2.71716e-05 -0.0180997 0.08915 -3.39645e-05 0.000125669 0 -3.39645e-05 0.0101622 -0.0185786 -2.71716e-05 0.000125669 -0.0185786 0.090495 
0.00983091 -0.0181096 -6.76361e-06 -3.04363e-05 -0.0181096 0.0891715 -4.05817e-05 0.000142036 -6.76361e-06 -4.05817e-05 0.0101792 -0.0185594 -3.04363e-05 0.000142036 -0.0185594 0.090416 
0.00980988 -0.0181092 -4.07331e-05 -1.01833e-05 -0.0181092 0.0891918 -2.03665e-05 8.8255e-05 -4.07331e-05 -2.03665e-05 0.0101867 -0.0185709 -1.01833e-05 8.8255e-05 -0.0185709 0.0903697 
0.00980399 -0.0180981 -5.12404e-05 2.73282e-05 -0.0180981 0.0891924 2.73282e-05 1.02481e-05 -5.12404e-05 2.73282e-05 0.010149 -0.0185627 2.73282e-05 1.02481e-05 -0.0185627 0.0903436 
0.00978531 -0.0180565 -5.1036e-05 1.7012e-05 -0.0180565 0.0890817 1.7012e-05 3.4024e-06 -5.1036e-05 1.7012e-05 0.010163 -0.0185499 1.7012e-05 3.4024e-06 -0.0185499 0.0903542 
0.00975166 -0.0180127 -5.09314e-05 1.69771e-05 -0.0180127 0.0889567 2.03725e-05 1.01863e-05 -5.09314e-05 2.03725e-05 0.0101931 -0.0185662 1.69771e-05 1.01863e-05 -0.0185662 0.0903794 
0.00976647 -0.0179487 -3.73155e-05 3.39231e-06 -0.0179487 0.0887904 1.35693e-05 4.41001e-05 -3.73155e-05 1.35693e-05 0.01016 -0.0186136 3.39231e-06 4.41001e-05 -0.0186136 0.0904798 
0.00978689 -0.0180101 -3.73935e-05 6.79881e-06 -0.0180101 0.0888435 6.79881e-06 3.39941e-05 -3.73935e-05 6.79881e-06 0.0101166 -0.0185472 6.79881e-06 3.39941e-05 -0.0185472 0.0903902 
0.00982617 -0.0180785 -5.76613e-05 3.05266e-05 -0.0180785 0.0890494 2.37429e-05 -1.69592e-05 -5.76613e-05 2.37429e-05 0.0101009 -0.0184754 3.05266e-05 -1.69592e-05 -0.0184754 0.0902061 
0.00981415 -0.0180864 -7.11662e-05 2.71109e-05 -0.0180864 0.0891034 2.37221e-05 3.38887e-06 -7.11662e-05 2.37221e-05 0.0101158 -0.0184829 2.71109e-05 3.38887e-06 -0.0184829 0.0901743 
0.00980828 -0.0180956 -9.84563e-05 5.43207e-05 -0.0180956 0.0891403 6.45058e-05 -7.4691e-05 -9.84563e-05 6.45058e-05 0.0101274 -0.0184928 5.43207e-05 -7.4691e-05 -0.0184928 0.0901859 
0.00976883 -0.0180337 -8.84673e-05 6.12466e-05 -0.0180337 0.0890049 7.48569e-05 -9.8675e-05 -8.84673e-05 7.48569e-05 0.0101499 -0.0185441 6.12466e-05 -9.8675e-05 -0.0185441 0.0903251 
0.00977752 -0.0180125 -9.55569e-05 8.1906e-05 -0.0180125 0.0889499 9.21442e-05 -0.000163812 -9.55569e-05 9.21442e-05 0.0101359 -0.0185585 8.1906e-05 -0.000163812 -0.0185585 0.0903798 
0.00977383 -0.0180351 -0.000115828 8.17609e-05 -0.0180351 0.0889865 9.1981e-05 -0.000173742 -0.000115828 9.1981e-05 0.010152 -0.0185325 8.17609e-05 -0.000173742 -0.0185325 0.0903526 
0.0097435 -0.0180145 -9.90748e-05 6.83275e-05 -0.0180145 0.0889385 7.85766e-05 -0.000119573 -9.90748e-05 7.85766e-05 0.010174 -0.0185612 6.83275e-05 -0.000119573 -0.0185612 0.0903733 
0.0097456 -0.0180024 -5.80502e-05 6.82943e-05 -0.0180024 0.0889466 6.82943e-05 -0.000109271 -5.80502e-05 6.82943e-05 0.0101793 -0.0185658 6.82943e-05 -0.000109271 -0.0185658 0.090391 
0.00975884 -0.0180373 -6.82198e-05 4.77539e-05 -0.0180373 0.0890234 4.77539e-05 -9.89187e-05 -6.82198e-05 4.77539e-05 0.0101954 -0.0185592 4.77539e-05 -9.89187e-05 -0.0185592 0.090364 
0.00976502 -0.0180348 -8.85562e-05 6.47141e-05 -0.0180348 0.0890466 6.13081e-05 -0.000112398 -8.85562e-05 6.13081e-05 0.0102214 -0.01859 6.47141e-05 -0.000112398 -0.01859 0.090409 
0.00973865 -0.0180286 -0.000126122 8.18088e-05 -0.0180286 0.0890216 8.18088e-05 -0.000132939 -0.000126122 8.18088e-05 0.0102534 -0.0186183 8.18088e-05 -0.000132939 -0.0186183 0.0904839 
0.00970331 -0.0179825 -0.000149911 0.000109026 -0.0179825 0.0889311 0.000102212 -0.000170353 -0.000149911 0.000102212 0.0102859 -0.0186673 0.000109026 -0.000170353 -0.0186673 0.090604 
0.00966678 -0.0179316 -0.000156906 0.000105741 -0.0179316 0.0887918 0.000105741 -0.000146673 -0.000156906 0.000105741 0.0103115 -0.018723 0.000105741 -0.000146673 -0.018723 0.0907326 
0.00965647 -0.0179056 -0.000157127 0.000133216 -0.0179056 0.0887391 0.000133216 -0.000218611 -0.000157127 0.000133216 0.0103157 -0.0187323 0.000133216 -0.000218611 -0.0187323 0.0907818 
0.00966837 -0.0179326 -0.000195217 0.000184942 -0.0179326 0.0887791 0.000188367 -0.000383584 -0.000195217 0.000188367 0.0102883 -0.0186963 0.000184942 -0.000383584 -0.0186963 0.0906834 
0.00967278 -0.0179418 -0.000218055 0.000214648 -0.0179418 0.0888165 0.000214648 -0.000473588 -0.000218055 0.000214648 0.0102895 -0.0186607 0.000214648 -0.000473588 -0.0186607 0.0905916 
0.00970083 -0.017928 -0.000217309 0.000227496 -0.017928 0.0887811 0.000227496 -0.000505923 -0.000217309 0.000227496 0.0102882 -0.0186988 0.000227496 -0.000505923 -0.0186988 0.090635 
0.00969708 -0.0179577 -0.000255905 0.00023202 -0.0179577 0.0888057 0.000228608 -0.000525457 -0.000255905 0.000228608 0.0102737 -0.0186776 0.00023202 -0.000525457 -0.0186776 0.0906209 
0.00970188 -0.0179568 -0.000286654 0.000276417 -0.0179568 0.0888287 0.000279829 -0.000604021 -0.000286654 0.000279829 0.0102615 -0.0186666 0.000276417 -0.000604021 -0.0186666 0.0906134 
0.00972861 -0.0179358 -0.000272892 0.000289948 -0.0179358 0.0887616 0.000300181 -0.00065153 -0.000272892 0.000300181 0.0102266 -0.0186761 0.000289948 -0.00065153 -0.0186761 0.0906412 
0.00974685 -0.0179379 -0.000238309 0.000258736 -0.0179379 0.0887225 0.00026214 -0.000588964 -0.000238309 0.00026214 0.010203 -0.018646 0.000258736 -0.000588964 -0.018646 0.0906256 
0.00977127 -0.0179759 -0.000221378 0.000238407 -0.0179759 0.088786 0.000245218 -0.000561958 -0.000221378 0.000245218 0.0101595 -0.0186093 0.000238407 -0.000561958 -0.0186093 0.090523 
0.00975503 -0.0180253 -0.000228687 0.00022186 -0.0180253 0.088908 0.00022186 -0.000515399 -0.000228687 0.00022186 0.0101544 -0.0185339 0.00022186 -0.000515399 -0.0185339 0.0903416 
0.00972734 -0.0180121 -0.000197337 0.000221153 -0.0180121 0.088941 0.000221153 -0.000486537 -0.000197337 0.000221153 0.0101833 -0.0185258 0.000221153 -0.000486537 -0.0185258 0.0902611 
0.00971759 -0.0180095 -0.000197346 0.000214359 -0.0180095 0.0889758 0.000207554 -0.000493365 -0.000197346 0.000207554 0.0101905 -0.0185369 0.000214359 -0.000493365 -0.0185369 0.0902212 
0.00972531 -0.0179813 -0.000166274 0.000210387 -0.0179813 0.088936 0.0002036 -0.000492034 -0.000166274 0.0002036 0.0102038 -0.0185616 0.000210387 -0.000492034 -0.0185616 0.0902798 
0.00970251 -0.0179507 -0.000146801 0.000177527 -0.0179507 0.0888281 0.000170699 -0.000440402 -0.000146801 0.000170699 0.0101805 -0.0185925 0.000177527 -0.000440402 -0.0185925 0.0903678 
0.00969267 -0.0179318 -0.000136805 0.000133385 -0.0179318 0.0887457 0.000126545 -0.000318073 -0.000136805 0.000126545 0.0101783 -0.0185782 0.000133385 -0.000318073 -0.0185782 0.0903908 
0.00967841 -0.0179131 -0.000143688 0.000126582 -0.0179131 0.0886931 0.000126582 -0.000280534 -0.000143688 0.000126582 0.0101711 -0.0185597 0.000126582 -0.000280534 -0.0185597 0.0903661 
0.00967166 -0.0178801 -0.000133332 0.000133332 -0.0178801 0.0886039 0.000129913 -0.000270082 -0.000133332 0.000129913 0.0101674 -0.0185604 0.000133332 -0.000270082 -0.0185604 0.090368 
0.00965804 -0.0178773 -0.000116197 0.000116197 -0.0178773 0.0885559 0.00011278 -0.00023923 -0.000116197 0.00011278 0.0101809 -0.018554 0.000116197 -0.00023923 -0.018554 0.0903673 
0.00967107 -0.0178986 -0.000102375 9.89629e-05 -0.0178986 0.088623 9.89629e-05 -0.000191101 -0.000102375 9.89629e-05 0.0101761 -0.0185436 9.89629e-05 -0.000191101 -0.0185436 0.0902986 
0.00966413 -0.017887 -9.92773e-05 6.50438e-05 -0.017887 0.0885896 6.50438e-05 -0.000112971 -9.92773e-05 6.50438e-05 0.0101571 -0.0185477 6.50438e-05 -0.000112971 -0.0185477 0.0902944 
0.00967808 -0.0178867 -9.22698e-05 7.17654e-05 -0.0178867 0.0886098 7.86002e-05 -0.000109357 -9.22698e-05 7.86002e-05 0.0101565 -0.0185292 7.17654e-05 -0.000109357 -0.0185292 0.0902707 
0.00972039 -0.0178958 -7.1624e-05 6.82133e-05 -0.0178958 0.0886022 7.84453e-05 -0.000119373 -7.1624e-05 7.84453e-05 0.010116 -0.0185336 6.82133e-05 -0.000119373 -0.0185336 0.0902837 
0.00973747 -0.0179287 -6.47121e-05 4.76826e-05 -0.0179287 0.0886216 4.08708e-05 -6.47121e-05 -6.47121e-05 4.08708e-05 0.0101087 -0.0185111 4.76826e-05 -6.47121e-05 -0.0185111 0.0902768 
0.00974512 -0.017949 -6.13758e-05 3.06879e-05 -0.017949 0.0886881 2.38684e-05 -2.38684e-05 -6.13758e-05 2.38684e-05 0.0100895 -0.0184912 3.06879e-05 -2.38684e-05 -0.0184912 0.0902225 
0.00975546 -0.0179864 -8.54543e-05 7.51998e-05 -0.0179864 0.0888178 7.17816e-05 -0.000123054 -8.54543e-05 7.17816e-05 0.0100597 -0.018441 7.51998e-05 -0.000123054 -0.018441 0.0900996 
0.0097701 -0.0180176 -7.54448e-05 7.88741e-05 -0.0180176 0.0889151 8.23034e-05 -0.000161177 -7.54448e-05 8.23034e-05 0.0100376 -0.0183982 7.88741e-05 -0.000161177 -0.0183982 0.0899576 
0.00976482 -0.0180263 -8.23746e-05 7.20778e-05 -0.0180263 0.0889611 7.551e-05 -0.000164749 -8.23746e-05 7.551e-05 0.0100257 -0.0183592 7.20778e-05 -0.000164749 -0.0183592 0.0898432 
