0.00707801 0 0.000205808 0 0 0.0099817 0 0 0.000205808 0 0.00768649 0 0 0 0 0.0099817 
0.010045 -0.0124757 0.000248781 -0.000297721 -0.0124757 0.0331041 -0.000297721 0.000570972 0.000248781 -0.000297721 0.0107873 -0.0133974 -0.000297721 0.000570972 -0.0133974 0.0348741 
0.0101921 -0.0190457 0.000213996 -0.000310504 -0.0190457 0.0700523 -0.000310504 0.000948297 0.000213996 -0.000310504 0.0106201 -0.0200485 -0.000310504 0.000948297 -0.0200485 0.0733419 
0.00968147 -0.0188103 0.000192401 -0.000241525 -0.0188103 0.0842472 -0.000225151 0.000675452 0.000192401 -0.000225151 0.00987387 -0.0193793 -0.000241525 0.000675452 -0.0193793 0.0867689 
0.0096402 -0.0181298 0.000209908 -0.000202133 -0.0181298 0.0875976 -0.000182697 0.000478123 0.000209908 -0.000182697 0.00981124 -0.0184796 -0.000202133 0.000478123 -0.0184796 0.0889542 
0.00978327 -0.0180281 0.000238981 -0.000235247 -0.0180281 0.0886058 -0.00022031 0.0005041 0.000238981 -0.00022031 0.00996998 -0.0183343 -0.000235247 0.0005041 -0.0183343 0.0894535 
0.00987562 -0.0181149 0.000279905 -0.000272728 -0.0181149 0.0891103 -0.000258374 0.000588518 0.000279905 -0.000258374 0.0101555 -0.0184486 -0.000272728 0.000588518 -0.0184486 0.0899428 
0.00989362 -0.0181441 0.000314638 -0.00028667 -0.0181441 0.0892348 -0.000279678 0.000622284 0.000314638 -0.000279678 0.0102712 -0.0186196 -0.00028667 0.000622284 -0.0186196 0.090392 
0.00989782 -0.0181168 0.000333712 -0.000330271 -0.0181168 0.0891492 -0.000323391 0.000705267 0.000333712 -0.000323391 0.0103072 -0.018736 -0.000330271 0.000705267 -0.018736 0.0907318 
0.00992855 -0.0181277 0.000322135 -0.000359435 -0.0181277 0.0891196 -0.000356044 0.00079008 0.000322135 -0.000356044 0.0103083 -0.0187754 -0.000359435 0.00079008 -0.0187754 0.0908998 
0.00993286 -0.0181854 0.000297512 -0.000348225 -0.0181854 0.0892334 -0.000344844 0.000801255 0.000297512 -0.000344844 0.0103115 -0.0187669 -0.000348225 0.000801255 -0.0187669 0.0909272 
0.0099301 -0.0182383 0.000313582 -0.000323698 -0.0182383 0.0894316 -0.00032707 0.000775526 0.000313582 -0.00032707 0.010328 -0.0187576 -0.000323698 0.000775526 -0.0187576 0.0908984 
0.00991349 -0.0182294 0.000324921 -0.000328306 -0.0182294 0.0894956 -0.000328306 0.00075815 0.000324921 -0.000328306 0.0103264 -0.0187879 -0.000328306 0.00075815 -0.0187879 0.0909306 
0.00990745 -0.01822 0.000351424 -0.000348045 -0.01822 0.0895252 -0.000344666 0.00076705 0.000351424 -0.000344666 0.0103298 -0.0187775 -0.000348045 0.00076705 -0.0187775 0.0909275 
0.00993152 -0.0181999 0.000327227 -0.000374456 -0.0181999 0.0894781 -0.000371083 0.000819755 0.000327227 -0.000371083 0.0102891 -0.0187802 -0.000374456 0.000819755 -0.0187802 0.0909321 
0.00991782 -0.0181996 0.000310988 -0.000354932 -0.0181996 0.0894227 -0.000358313 0.000845077 0.000310988 -0.000358313 0.0102728 -0.0187573 -0.000354932 0.000845077 -0.0187573 0.0909303 
0.00988834 -0.018185 0.000327809 -0.000341327 -0.018185 0.0893837 -0.000344706 0.000821212 0.000327809 -0.000344706 0.0102871 -0.0187459 -0.000341327 0.000821212 -0.0187459 0.0909315 
0.00987607 -0.0181694 0.000319233 -0.000349476 -0.0181694 0.0893685 -0.000359558 0.000819926 0.000319233 -0.000359558 0.0103331 -0.0187709 -0.000349476 0.000819926 -0.0187709 0.090968 
0.00985585 -0.0181358 0.000313151 -0.000329987 -0.0181358 0.0892852 -0.000336722 0.000787929 0.000313151 -0.000336722 0.0103475 -0.018816 -0.000329987 0.000787929 -0.018816 0.0910597 
0.00986683 -0.0181616 0.000316439 -0.00034337 -0.0181616 0.0893468 -0.000336637 0.00078773 0.000316439 -0.000336637 0.0103348 -0.0187978 -0.00034337 0.00078773 -0.0187978 0.0910199 
0.00983505 -0.0181316 0.000340768 -0.000330647 -0.0181316 0.0892847 -0.000327273 0.000765885 0.000340768 -0.000327273 0.0103344 -0.0188064 -0.000330647 0.000765885 -0.0188064 0.0910493 
0.00980734 -0.0180976 0.00038934 -0.000365845 -0.0180976 0.0892126 -0.000362489 0.000802175 0.00038934 -0.000362489 0.0103813 -0.0188259 -0.000365845 0.000802175 -0.0188259 0.0911157 
0.00981334 -0.0180832 0.000421863 -0.000435256 -0.0180832 0.0891672 -0.000438604 0.000947518 0.000421863 -0.000438604 0.0103993 -0.0188667 -0.000435256 0.000947518 -0.0188667 0.0912062 
0.00982691 -0.0180861 0.000410436 -0.000467628 -0.0180861 0.0891588 -0.000470992 0.0010631 0.000410436 -0.000470992 0.0103686 -0.0188834 -0.000467628 0.0010631 -0.0188834 0.091248 
0.00984951 -0.0180894 0.000363674 -0.000447858 -0.0180894 0.0891541 -0.000447858 0.00107082 0.000363674 -0.000447858 0.0103277 -0.0188639 -0.000447858 0.00107082 -0.0188639 0.0912519 
0.0098552 -0.0181153 0.000341799 -0.000395415 -0.0181153 0.0891894 -0.000398766 0.000991887 0.000341799 -0.000398766 0.0103344 -0.0188258 -0.000395415 0.000991887 -0.0188258 0.0912101 
0.00986267 -0.018155 0.000339628 -0.00037998 -0.018155 0.089292 -0.00037998 0.00092473 0.000339628 -0.00037998 0.0103166 -0.0187939 -0.00037998 0.00092473 -0.0187939 0.0910775 
0.00984814 -0.0181558 0.000363251 -0.000366615 -0.0181558 0.089343 -0.000366615 0.00087113 0.000363251 -0.000366615 0.0103157 -0.0187781 -0.000366615 0.00087113 -0.0187781 0.0910247 
0.00981929 -0.0181422 0.000378314 -0.000381692 -0.0181422 0.0893295 -0.00038507 0.000864719 0.000378314 -0.00038507 0.0103124 -0.0187739 -0.000381692 0.000864719 -0.0187739 0.0909745 
0.00979833 -0.0181295 0.000397367 -0.000410952 -0.0181295 0.0893465 -0.000414349 0.000923794 0.000397367 -0.000414349 0.0102942 -0.0187374 -0.000410952 0.000923794 -0.0187374 0.0908544 
0.00977143 -0.0180833 0.000408277 -0.000428691 -0.0180833 0.089263 -0.000438898 0.000973061 0.000408277 -0.000438898 0.0102818 -0.0187127 -0.000428691 0.000973061 -0.0187127 0.0907702 
0.00979316 -0.018066 0.00036473 -0.000453356 -0.018066 0.0891815 -0.000449947 0.00102942 0.00036473 -0.000449947 0.0102363 -0.0186898 -0.000453356 0.00102942 -0.0186898 0.0906916 
0.00979326 -0.0180579 0.000343087 -0.000387247 -0.0180579 0.0891143 -0.000397437 0.000947735 0.000343087 -0.000397437 0.0102417 -0.018649 -0.000387247 0.000947735 -0.018649 0.0906361 
0.00979411 -0.0180814 0.000332579 -0.000369909 -0.0180814 0.0891515 -0.00038009 0.00089932 0.000332579 -0.00038009 0.0102387 -0.0186278 -0.000369909 0.00089932 -0.0186278 0.0905225 
0.00978334 -0.0180271 0.000301808 -0.000349284 -0.0180271 0.0890267 -0.000359457 0.000837603 0.000301808 -0.000359457 0.0102276 -0.018668 -0.000349284 0.000837603 -0.018668 0.0905934 
0.00977051 -0.0180091 0.000275753 -0.00032001 -0.0180091 0.0889219 -0.000316605 0.000759172 0.000275753 -0.000316605 0.0102063 -0.0186593 -0.00032001 0.000759172 -0.0186593 0.0906411 
0.00974427 -0.0179844 0.000262621 -0.000283085 -0.0179844 0.0888512 -0.000286496 0.000682133 0.000262621 -0.000286496 0.0102047 -0.0186495 -0.000283085 0.000682133 -0.0186495 0.0906418 
0.00973566 -0.0179893 0.000280015 -0.000293675 -0.0179893 0.0888537 -0.000286845 0.000669305 0.000280015 -0.000286845 0.0102001 -0.0186142 -0.000293675 0.000669305 -0.0186142 0.0905611 
0.00974758 -0.0180018 0.000311676 -0.000321951 -0.0180018 0.0888995 -0.000308251 0.000708977 0.000311676 -0.000308251 0.0101757 -0.0185807 -0.000321951 0.000708977 -0.0185807 0.0904579 
0.00975104 -0.0179811 0.000326179 -0.00034678 -0.0179811 0.0888787 -0.00033648 0.000769096 0.000326179 -0.00033648 0.0101665 -0.0185785 -0.00034678 0.000769096 -0.0185785 0.0904443 
0.00976281 -0.0179866 0.000310526 -0.000365124 -0.0179866 0.0888651 -0.000361712 0.000825795 0.000310526 -0.000361712 0.0101859 -0.0185838 -0.000365124 0.000825795 -0.0185838 0.0904552 
0.00977718 -0.0180234 0.000314303 -0.000348099 -0.0180234 0.0889477 -0.000344719 0.000831382 0.000314303 -0.000344719 0.0102402 -0.0185946 -0.000348099 0.000831382 -0.0185946 0.0904787 
0.00978368 -0.0180733 0.000349177 -0.00034582 -0.0180733 0.089104 -0.000349177 0.000819224 0.000349177 -0.000349177 0.0103074 -0.0186441 -0.00034582 0.000819224 -0.0186441 0.0905309 
0.00981587 -0.0180917 0.000364915 -0.000381654 -0.0180917 0.0891999 -0.000385002 0.000857047 0.000364915 -0.000385002 0.0103247 -0.0187312 -0.000381654 0.000857047 -0.0187312 0.0907097 
0.00981061 -0.0181194 0.000391479 -0.000418478 -0.0181194 0.0892674 -0.000411728 0.000941575 0.000391479 -0.000411728 0.0103101 -0.0187573 -0.000418478 0.000941575 -0.0187573 0.0908198 
0.00977873 -0.0181047 0.000407306 -0.000434459 -0.0181047 0.089261 -0.000427671 0.000991111 0.000407306 -0.000427671 0.0103048 -0.0187496 -0.000434459 0.000991111 -0.0187496 0.0908665 
0.00974613 -0.0180475 0.00041133 -0.000448723 -0.0180475 0.0891429 -0.000445324 0.00102662 0.00041133 -0.000445324 0.0103002 -0.0187444 -0.000448723 0.00102662 -0.0187444 0.0908562 
0.00974029 -0.0179813 0.000356974 -0.000428369 -0.0179813 0.0889477 -0.000428369 0.000989328 0.000356974 -0.000428369 0.0102639 -0.0187496 -0.000428369 0.000989328 -0.0187496 0.090872 
0.00974609 -0.0179751 0.000342027 -0.000379278 -0.0179751 0.088856 -0.000382664 0.000917717 0.000342027 -0.000382664 0.0102608 -0.0187133 -0.000379278 0.000917717 -0.0187133 0.0908269 
0.00975063 -0.0180006 0.000359877 -0.000353087 -0.0180006 0.0888829 -0.000356482 0.000831791 0.000359877 -0.000356482 0.0102463 -0.0186831 -0.000353087 0.000831791 -0.0186831 0.0907298 
0.00972423 -0.0179791 0.000363936 -0.000367337 -0.0179791 0.0888547 -0.000374139 0.000826508 0.000363936 -0.000374139 0.010248 -0.0186764 -0.000367337 0.000826508 -0.0186764 0.0906948 
0.00976087 -0.018006 0.000358632 -0.000419531 -0.018006 0.0889474 -0.000412765 0.000940562 0.000358632 -0.000412765 0.0102345 -0.0186421 -0.000419531 0.000940562 -0.0186421 0.0906018 
0.00975661 -0.0180196 0.00033079 -0.000395584 -0.0180196 0.0889417 -0.000388764 0.000934398 0.00033079 -0.000388764 0.0101999 -0.0186368 -0.000395584 0.000934398 -0.0186368 0.0905547 
0.0097326 -0.0179863 0.000318372 -0.000359452 -0.0179863 0.0888943 -0.000359452 0.000866109 0.000318372 -0.000359452 0.0101776 -0.0186025 -0.000359452 0.000866109 -0.0186025 0.0905033 
0.0097154 -0.017962 0.000319157 -0.000353475 -0.017962 0.0888182 -0.000356906 0.000847652 0.000319157 -0.000356906 0.0101581 -0.0185797 -0.000353475 0.000847652 -0.0185797 0.090438 
0.00972155 -0.0179546 0.000326573 -0.000371262 -0.0179546 0.0887831 -0.000374699 0.000880028 0.000326573 -0.000374699 0.0101444 -0.0185425 -0.000371262 0.000880028 -0.0185425 0.0903506 
0.00973079 -0.0179361 0.000311248 -0.000372814 -0.0179361 0.0887434 -0.000369394 0.000885861 0.000311248 -0.000369394 0.0101549 -0.0185312 -0.000372814 0.000885861 -0.0185312 0.090327 
0.0097438 -0.0179536 0.000286984 -0.000338231 -0.0179536 0.0887396 -0.000341648 0.000819955 0.000286984 -0.000341648 0.0101435 -0.0185344 -0.000338231 0.000819955 -0.0185344 0.0902975 
0.00978037 -0.0180328 0.000302871 -0.000316484 -0.0180328 0.0889387 -0.000319887 0.000786105 0.000302871 -0.000319887 0.0101445 -0.0184956 -0.000316484 0.000786105 -0.0184956 0.0902047 
0.00979629 -0.0180295 0.000268438 -0.000326203 -0.0180295 0.0889584 -0.000316009 0.000733957 0.000268438 -0.000316009 0.0101565 -0.0185392 -0.000326203 0.000733957 -0.0185392 0.090287 
0.00979318 -0.0180449 0.000238194 -0.000279027 -0.0180449 0.0889723 -0.000272222 0.00064993 0.000238194 -0.000272222 0.0101437 -0.0185451 -0.000279027 0.00064993 -0.0185451 0.090313 
0.00978862 -0.0180506 0.000238001 -0.000258401 -0.0180506 0.089019 -0.000255001 0.000601801 0.000238001 -0.000255001 0.0101354 -0.0185232 -0.000258401 0.000601801 -0.0185232 0.090294 
0.00978157 -0.0180757 0.00027444 -0.000257499 -0.0180757 0.0891149 -0.000264275 0.000603089 0.00027444 -0.000264275 0.0101678 -0.0185094 -0.000257499 0.000603089 -0.0185094 0.0902364 
0.0097674 -0.0180209 0.000275569 -0.00029258 -0.0180209 0.0889987 -0.00029258 0.000636191 0.000275569 -0.00029258 0.0101586 -0.0185686 -0.00029258 0.000636191 -0.0185686 0.0903289 
0.00974896 -0.01799 0.000279125 -0.000289337 -0.01799 0.0888946 -0.000285933 0.00064335 0.000279125 -0.000285933 0.0101608 -0.0185788 -0.000289337 0.00064335 -0.0185788 0.0904195 
0.00978781 -0.0180243 0.000275569 -0.000316394 -0.0180243 0.0889612 -0.000316394 0.000721243 0.000275569 -0.000316394 0.0101314 -0.0185278 -0.000316394 0.000721243 -0.0185278 0.0903255 
0.00978042 -0.0180157 0.000230926 -0.000298846 -0.0180157 0.0889305 -0.000285262 0.000689383 0.000230926 -0.000285262 0.0101302 -0.0185217 -0.000298846 0.000689383 -0.0185217 0.0902957 
0.00977783 -0.0180482 0.00021389 -0.000251236 -0.0180482 0.0890224 -0.000247841 0.000607719 0.00021389 -0.000247841 0.0101241 -0.0184828 -0.000251236 0.000607719 -0.0184828 0.0901937 
0.00975897 -0.0180338 0.000207638 -0.000234869 -0.0180338 0.0890085 -0.000231465 0.000561643 0.000207638 -0.000231465 0.0101266 -0.0185002 -0.000234869 0.000561643 -0.0185002 0.0901896 
0.00974949 -0.0180096 0.000195607 -0.000223061 -0.0180096 0.0889636 -0.000216198 0.00052162 0.000195607 -0.000216198 0.0100892 -0.0184832 -0.000223061 0.00052162 -0.0184832 0.0901544 
0.00973005 -0.0179896 0.000216452 -0.000209581 -0.0179896 0.088907 -0.000209581 0.000484441 0.000216452 -0.000209581 0.0100805 -0.0184466 -0.000209581 0.000484441 -0.0184466 0.0900854 
0.00971389 -0.0179662 0.000249864 -0.000243018 -0.0179662 0.0888386 -0.000243018 0.000544224 0.000249864 -0.000243018 0.0101075 -0.0184386 -0.000243018 0.000544224 -0.0184386 0.0900434 
0.0096767 -0.0178962 0.000258367 -0.000268701 -0.0178962 0.0886543 -0.000272146 0.000592521 0.000258367 -0.000272146 0.0101039 -0.0184887 -0.000268701 0.000592521 -0.0184887 0.0901287 
0.00966748 -0.0178554 0.000248326 -0.000282816 -0.0178554 0.0885077 -0.000279367 0.000638061 0.000248326 -0.000279367 0.0100779 -0.0184796 -0.000282816 0.000638061 -0.0184796 0.0901356 
0.00966536 -0.0178424 0.000238267 -0.000269345 -0.0178424 0.0884247 -0.000272799 0.000638832 0.000238267 -0.000272799 0.0100452 -0.0184398 -0.000269345 0.000638832 -0.0184398 0.0900546 
0.00966997 -0.0178528 0.00024786 -0.00026163 -0.0178528 0.0884343 -0.000271957 0.000633419 0.00024786 -0.000271957 0.0100383 -0.0183829 -0.00026163 0.000633419 -0.0183829 0.0899214 
0.00969555 -0.0179161 0.000268175 -0.000281927 -0.0179161 0.0886112 -0.00029568 0.00068419 0.000268175 -0.00029568 0.0100153 -0.018315 -0.000281927 0.00068419 -0.018315 0.0896976 
0.00970351 -0.0179527 0.000274401 -0.000305271 -0.0179527 0.0887379 -0.000305271 0.000727163 0.000274401 -0.000305271 0.0100156 -0.0182854 -0.000305271 0.000727163 -0.0182854 0.0895714 
0.00968257 -0.0179451 0.000285388 -0.000323211 -0.0179451 0.0887557 -0.000319772 0.000766766 0.000285388 -0.000319772 0.0100264 -0.0183061 -0.000323211 0.000766766 -0.0183061 0.0895706 
0.00967953 -0.0179011 0.000275084 -0.000312908 -0.0179011 0.0886631 -0.000316347 0.000749605 0.000275084 -0.000316347 0.0100303 -0.018355 -0.000312908 0.000749605 -0.018355 0.089705 
0.00970311 -0.0178839 0.00025715 -0.000318866 -0.0178839 0.0885932 -0.000322294 0.000774878 0.00025715 -0.000322294 0.0100391 -0.0183776 -0.000318866 0.000774878 -0.0183776 0.0898412 
0.00967326 -0.0178469 0.000255104 -0.000282683 -0.0178469 0.0884176 -0.000275788 0.000696364 0.000255104 -0.000275788 0.0100318 -0.0184261 -0.000282683 0.000696364 -0.0184261 0.0899792 
0.00967978 -0.0178664 0.000225192 -0.000263301 -0.0178664 0.0884449 -0.000266766 0.000616679 0.000225192 -0.000266766 0.00999505 -0.0183722 -0.000263301 0.000616679 -0.0183722 0.0899034 
0.00966368 -0.0178865 0.000221676 -0.000228603 -0.0178865 0.0885214 -0.000225139 0.000540335 0.000221676 -0.000225139 0.0100031 -0.018316 -0.000228603 0.000540335 -0.018316 0.0897717 
0.00965044 -0.0178412 0.000200618 -0.000221372 -0.0178412 0.0884451 -0.000221372 0.000494628 0.000200618 -0.000221372 0.0100344 -0.01836 -0.000221372 0.000494628 -0.01836 0.0898113 
0.00964479 -0.0177986 0.000176429 -0.000200645 -0.0177986 0.0883079 -0.000200645 0.000453181 0.000176429 -0.000200645 0.0100426 -0.018404 -0.000200645 0.000453181 -0.018404 0.08992 
0.00964931 -0.017829 0.000169833 -0.000201027 -0.017829 0.0883411 -0.000201027 0.000481772 0.000169833 -0.000201027 0.0100167 -0.0183593 -0.000201027 0.000481772 -0.0183593 0.0898384 
0.00964269 -0.0178568 0.000173367 -0.000190704 -0.0178568 0.0884312 -0.000197639 0.000464624 0.000173367 -0.000197639 0.00999983 -0.0183041 -0.000190704 0.000464624 -0.0183041 0.0896794 
0.00964619 -0.0178684 0.000179721 -0.000200458 -0.0178684 0.0885127 -0.000197002 0.000466584 0.000179721 -0.000197002 0.00999872 -0.0182694 -0.000200458 0.000466584 -0.0182694 0.0895392 
0.00965859 -0.0178689 0.00017931 -0.000217241 -0.0178689 0.0885376 -0.000217241 0.000510343 0.00017931 -0.000217241 0.00998962 -0.0182655 -0.000217241 0.000510343 -0.0182655 0.0894687 
0.00968056 -0.0178908 0.000192374 -0.000226727 -0.0178908 0.0885815 -0.000233598 0.000566817 0.000192374 -0.000233598 0.00998629 -0.0182584 -0.000226727 0.000566817 -0.0182584 0.089461 
0.00966817 -0.0178911 0.000202062 -0.000232885 -0.0178911 0.0885787 -0.000232885 0.000582214 0.000202062 -0.000232885 0.0100141 -0.0182918 -0.000232885 0.000582214 -0.0182918 0.0895547 
0.00966741 -0.0178873 0.000195059 -0.000222436 -0.0178873 0.0885671 -0.000219014 0.000547535 0.000195059 -0.000219014 0.0100404 -0.0183424 -0.000222436 0.000547535 -0.0183424 0.0896725 
0.00966169 -0.0178822 0.000206373 -0.000213252 -0.0178822 0.0885614 -0.000209812 0.000515932 0.000206373 -0.000209812 0.0100366 -0.0183706 -0.000213252 0.000515932 -0.0183706 0.0897756 
0.00967332 -0.017906 0.000203831 -0.000238378 -0.017906 0.0886214 -0.000231469 0.000538942 0.000203831 -0.000231469 0.0100153 -0.0183378 -0.000238378 0.000538942 -0.0183378 0.0897408 
0.0096388 -0.0178487 0.000204124 -0.000235262 -0.0178487 0.0884999 -0.000224882 0.000550097 0.000204124 -0.000224882 0.0100436 -0.0183677 -0.000235262 0.000550097 -0.0183677 0.0898284 
0.00963084 -0.0178245 0.000187007 -0.0002251 -0.0178245 0.0884298 -0.000214711 0.000526389 0.000187007 -0.000214711 0.0100464 -0.0183751 -0.0002251 0.000526389 -0.0183751 0.0898428 
0.00965429 -0.0178236 0.000162693 -0.000207694 -0.0178236 0.0884013 -0.000214617 0.000508849 0.000162693 -0.000214617 0.0100212 -0.018367 -0.000207694 0.000508849 -0.018367 0.0898206 
0.00965178 -0.017816 0.00017989 -0.00017989 -0.017816 0.0883501 -0.00017643 0.000456643 0.00017989 -0.00017643 0.0100185 -0.018366 -0.00017989 0.000456643 -0.018366 0.0898342 
0.00967597 -0.0178652 0.000190608 -0.000204471 -0.0178652 0.0884561 -0.000204471 0.000474788 0.000190608 -0.000204471 0.0100052 -0.0183365 -0.000204471 0.000474788 -0.0183365 0.0897557 
0.00966043 -0.0178766 0.000200395 -0.000214216 -0.0178766 0.0884987 -0.000221126 0.000514809 0.000200395 -0.000221126 0.0100267 -0.0183293 -0.000214216 0.000514809 -0.0183293 0.0897253 
0.00966064 -0.0178798 0.000223626 -0.000233947 -0.0178798 0.0885352 -0.000237387 0.000560785 0.000223626 -0.000237387 0.0100494 -0.0183442 -0.000233947 0.000560785 -0.0183442 0.0897256 
0.00967218 -0.0178841 0.00023708 -0.00025426 -0.0178841 0.0885683 -0.000264568 0.000611598 0.00023708 -0.000264568 0.010057 -0.0183651 -0.00025426 0.000611598 -0.0183651 0.0897537 
0.00968923 -0.0179092 0.000227091 -0.000244295 -0.0179092 0.0886344 -0.000258058 0.000598695 0.000227091 -0.000258058 0.0100299 -0.0183565 -0.000244295 0.000598695 -0.0183565 0.089732 
0.00971378 -0.0179376 0.000203016 -0.000244307 -0.0179376 0.0887075 -0.000244307 0.00058496 0.000203016 -0.000244307 0.0100131 -0.0183333 -0.000244307 0.00058496 -0.0183333 0.0896985 
0.00974155 -0.0179459 0.000168135 -0.000212743 -0.0179459 0.0887308 -0.000226468 0.000521562 0.000168135 -0.000226468 0.0099989 -0.0183336 -0.000212743 0.000521562 -0.0183336 0.0897019 
0.00975299 -0.0179673 0.000147357 -0.000178199 -0.0179673 0.0887673 -0.00018848 0.000455779 0.000147357 -0.00018848 0.00999287 -0.0183237 -0.000178199 0.000455779 -0.0183237 0.0896925 
0.00973656 -0.0179599 0.00016433 -0.000157483 -0.0179599 0.0887485 -0.000167754 0.000400555 0.00016433 -0.000167754 0.0100241 -0.0183468 -0.000157483 0.000400555 -0.0183468 0.0897687 
0.00972579 -0.0179722 0.000208899 -0.000198625 -0.0179722 0.088789 -0.000205475 0.000462318 0.000208899 -0.000205475 0.0100546 -0.0183694 -0.000198625 0.000462318 -0.0183694 0.0898266 
0.00973921 -0.0179349 0.000215137 -0.000245871 -0.0179349 0.0887183 -0.000235626 0.000546379 0.000215137 -0.000235626 0.010067 -0.0184266 -0.000245871 0.000546379 -0.0184266 0.089975 
0.00975543 -0.0179734 0.000251709 -0.000255111 -0.0179734 0.0887683 -0.000241505 0.000595258 0.000251709 -0.000241505 0.010082 -0.0184292 -0.000255111 0.000595258 -0.0184292 0.0900201 
0.00975338 -0.0179616 0.000241118 -0.000271682 -0.0179616 0.0887381 -0.000261494 0.000607888 0.000241118 -0.000261494 0.0100998 -0.0184812 -0.000271682 0.000607888 -0.0184812 0.0901475 
0.00973743 -0.0179684 0.000238579 -0.000262437 -0.0179684 0.0887445 -0.000248804 0.000596447 0.000238579 -0.000248804 0.0101089 -0.0185001 -0.000262437 0.000596447 -0.0185001 0.0902033 
0.00971586 -0.017933 0.000238971 -0.00025604 -0.017933 0.0886888 -0.00025604 0.000590599 0.000238971 -0.00025604 0.0101221 -0.0185202 -0.00025604 0.000590599 -0.0185202 0.0902831 
0.00970615 -0.0179112 0.000208111 -0.000259286 -0.0179112 0.0886348 -0.000262697 0.000603863 0.000208111 -0.000262697 0.0101258 -0.0185321 -0.000259286 0.000603863 -0.0185321 0.0903406 
0.00969709 -0.0178997 0.000195381 -0.000233087 -0.0178997 0.0886038 -0.000236514 0.000582717 0.000195381 -0.000236514 0.0101153 -0.0185304 -0.000233087 0.000582717 -0.0185304 0.0903382 
0.00970724 -0.0179274 0.00019531 -0.000202163 -0.0179274 0.0886672 -0.000212442 0.00050712 0.00019531 -0.000212442 0.0101047 -0.0184928 -0.000202163 0.00050712 -0.0184928 0.0902537 
0.00976479 -0.0180076 0.000212055 -0.000225736 -0.0180076 0.0889092 -0.000232576 0.000536978 0.000212055 -0.000232576 0.010076 -0.0184146 -0.000225736 0.000536978 -0.0184146 0.0900242 
0.00978054 -0.0180587 0.000249818 -0.000236129 -0.0180587 0.0890549 -0.000242973 0.00055439 0.000249818 -0.000242973 0.0100783 -0.0183907 -0.000236129 0.00055439 -0.0183907 0.0899173 
0.00975459 -0.0180319 0.000250206 -0.000253633 -0.0180319 0.0890287 -0.000257061 0.000558678 0.000250206 -0.000257061 0.0101111 -0.0184398 -0.000253633 0.000558678 -0.0184398 0.0899918 
0.00974978 -0.0180025 0.000250082 -0.000280914 -0.0180025 0.0889642 -0.000277488 0.000623493 0.000250082 -0.000277488 0.0101232 -0.0184718 -0.000280914 0.000623493 -0.0184718 0.0900776 
0.00973635 -0.0179993 0.0002564 -0.000287168 -0.0179993 0.0889365 -0.000287168 0.000673477 0.0002564 -0.000287168 0.0101534 -0.0184779 -0.000287168 0.000673477 -0.0184779 0.0901125 
0.009737 -0.0179658 0.000248532 -0.000289386 -0.0179658 0.0888688 -0.000285982 0.0006741 0.000248532 -0.000285982 0.0101592 -0.0185241 -0.000289386 0.0006741 -0.0185241 0.0902102 
0.0097272 -0.017959 0.000225341 -0.000262897 -0.017959 0.0888013 -0.000262897 0.000621394 0.000225341 -0.000262897 0.0101574 -0.0185565 -0.000262897 0.000621394 -0.0185565 0.0903001 
0.0097269 -0.0179432 0.00020073 -0.00023135 -0.0179432 0.0887397 -0.000234752 0.000557962 0.00020073 -0.000234752 0.0101692 -0.0185658 -0.00023135 0.000557962 -0.0185658 0.0903694 
0.00969683 -0.0179531 0.000234436 -0.000214051 -0.0179531 0.0887528 -0.000210653 0.000496054 0.000234436 -0.000210653 0.0101963 -0.0185544 -0.000214051 0.000496054 -0.0185544 0.0903667 
0.00969899 -0.0179448 0.000279059 -0.00025864 -0.0179448 0.0887713 -0.000255237 0.000558117 0.000279059 -0.000255237 0.0101959 -0.0185812 -0.00025864 0.000558117 -0.0185812 0.0903776 
0.00972965 -0.0179504 0.00029701 -0.00031408 -0.0179504 0.0887856 -0.00031408 0.000682783 0.00029701 -0.00031408 0.0101564 -0.0185717 -0.00031408 0.000682783 -0.0185717 0.0903731 
0.00976177 -0.0180059 0.000304201 -0.000345217 -0.0180059 0.0889155 -0.000352053 0.000803227 0.000304201 -0.000352053 0.0101309 -0.0185084 -0.000345217 0.000803227 -0.0185084 0.0902656 
0.00974515 -0.0180071 0.000301432 -0.000325409 -0.0180071 0.0889258 -0.000328835 0.000780982 0.000301432 -0.000328835 0.0101288 -0.0185038 -0.000325409 0.000780982 -0.0185038 0.0902137 
0.0097091 -0.0179087 0.000274462 -0.00030877 -0.0179087 0.0886925 -0.000319062 0.000730756 0.000274462 -0.000319062 0.0101242 -0.0185468 -0.00030877 0.000730756 -0.0185468 0.0903187 
0.00969807 -0.0179091 0.000240391 -0.000302206 -0.0179091 0.0886322 -0.00030564 0.000728042 0.000240391 -0.00030564 0.0100999 -0.0184964 -0.000302206 0.000728042 -0.0184964 0.0902291 
0.00969038 -0.0179336 0.000240627 -0.000268127 -0.0179336 0.0886985 -0.000264689 0.00068063 0.000240627 -0.000264689 0.0100891 -0.018432 -0.000268127 0.00068063 -0.018432 0.0900597 
0.00967388 -0.0179355 0.000263305 -0.000266724 -0.0179355 0.0887268 -0.000263305 0.000636034 0.000263305 -0.000263305 0.0101253 -0.0184279 -0.000266724 0.000636034 -0.0184279 0.0899989 
0.00967296 -0.0178967 0.000290531 -0.000290531 -0.0178967 0.0886666 -0.000290531 0.00066993 0.000290531 -0.000290531 0.0101378 -0.0184846 -0.000290531 0.00066993 -0.0184846 0.0900543 
0.00965987 -0.0178874 0.000318683 -0.000325536 -0.0178874 0.0886042 -0.00032211 0.000723034 0.000318683 -0.00032211 0.0101465 -0.018511 -0.000325536 0.000723034 -0.018511 0.0901667 
0.00963501 -0.0178268 0.00029551 -0.00034018 -0.0178268 0.0884263 -0.000333308 0.000755957 0.00029551 -0.000333308 0.010147 -0.0185553 -0.00034018 0.000755957 -0.0185553 0.0903025 
0.00964393 -0.0178172 0.000278985 -0.000330649 -0.0178172 0.0883798 -0.000323761 0.000781847 0.000278985 -0.000323761 0.0101089 -0.0185232 -0.000330649 0.000781847 -0.0185232 0.0902844 
0.00966102 -0.0178376 0.000268649 -0.000330645 -0.0178376 0.088413 -0.000330645 0.000816279 0.000268649 -0.000330645 0.0100709 -0.018461 -0.000330645 0.000816279 -0.018461 0.0901454 
0.00966798 -0.0178756 0.000275539 -0.000313426 -0.0178756 0.0885031 -0.000313426 0.000778398 0.000275539 -0.000313426 0.0100434 -0.0183957 -0.000313426 0.000778398 -0.0183957 0.0899497 
0.00967968 -0.0178849 0.000264022 -0.000291453 -0.0178849 0.0885572 -0.00030174 0.000713203 0.000264022 -0.00030174 0.01005 -0.0183787 -0.000291453 0.000713203 -0.0183787 0.0898705 
0.00969114 -0.0178958 0.000243737 -0.000274634 -0.0178958 0.0885763 -0.000288365 0.000655688 0.000243737 -0.000288365 0.0100516 -0.0183936 -0.000274634 0.000655688 -0.0183936 0.0898842 
0.00968899 -0.0179113 0.000246156 -0.000259832 -0.0179113 0.0886266 -0.000273507 0.000642742 0.000246156 -0.000273507 0.0100753 -0.0183934 -0.000259832 0.000642742 -0.0183934 0.0898984 
0.00968635 -0.0179573 0.000269444 -0.000272855 -0.0179573 0.0887734 -0.000289908 0.000665084 0.000269444 -0.000289908 0.0101161 -0.0183972 -0.000272855 0.000665084 -0.0183972 0.0898682 
0.00966884 -0.0179598 0.000308471 -0.000311898 -0.0179598 0.088843 -0.000308471 0.00072662 0.000308471 -0.000308471 0.0101213 -0.018426 -0.000311898 0.00072662 -0.018426 0.0898815 
0.00967654 -0.0179412 0.000323699 -0.000368466 -0.0179412 0.0888245 -0.000361579 0.000833353 0.000323699 -0.000361579 0.0101001 -0.0184336 -0.000368466 0.000833353 -0.0184336 0.0899195 
0.00964166 -0.0178582 0.000292589 -0.000354549 -0.0178582 0.0885856 -0.000347664 0.00083646 0.000292589 -0.000347664 0.0101098 -0.0184744 -0.000354549 0.00083646 -0.0184744 0.0900589 
0.00958673 -0.0177936 0.000289775 -0.000324272 -0.0177936 0.0883573 -0.000324272 0.000789982 0.000289775 -0.000324272 0.0101249 -0.0184939 -0.000324272 0.000789982 -0.0184939 0.0901442 
0.00959717 -0.0177722 0.000265153 -0.00032025 -0.0177722 0.0882857 -0.000327137 0.000771355 0.000265153 -0.000327137 0.0101068 -0.0184746 -0.00032025 0.000771355 -0.0184746 0.0901108 
0.00959226 -0.017756 0.000234631 -0.000300189 -0.017756 0.0882005 -0.00030709 0.000745298 0.000234631 -0.00030709 0.0100926 -0.0184703 -0.000300189 0.000745298 -0.0184703 0.0901017 
