0.00708705 0 0.000662255 0 0 0.00998901 0 0 0.000662255 0 0.00734459 0 0 0 0 0.00998901 
0.0100405 -0.0124795 0.000778138 -0.000949664 -0.0124795 0.0331044 -0.000949664 0.00181984 0.000778138 -0.000949664 0.010325 -0.0128226 -0.000949664 0.00181984 -0.0128226 0.0337695 
0.0101263 -0.0189879 0.000727537 -0.0010617 -0.0189879 0.0699155 -0.0010617 0.00332891 0.000727537 -0.0010617 0.0103589 -0.0192924 -0.0010617 0.00332891 -0.0192924 0.0708545 
0.0095314 -0.0187054 0.000735397 -0.000829889 -0.0187054 0.0840037 -0.000829889 0.0025554 0.000735397 -0.000829889 0.00981077 -0.0189683 -0.000829889 0.0025554 -0.0189683 0.0847432 
0.00951138 -0.0180528 0.000850674 -0.000858372 -0.0180528 0.087477 -0.000850674 0.00205547 0.000850674 -0.000850674 0.00986936 -0.018353 -0.000858372 0.00205547 -0.018353 0.0880775 
0.00966281 -0.0179353 0.000940304 -0.00102446 -0.0179353 0.0884141 -0.00101348 0.00227575 0.000940304 -0.00101348 0.0100982 -0.0183817 -0.00102446 0.00227575 -0.0183817 0.0892959 
0.00978751 -0.0180358 0.000944782 -0.00111109 -0.0180358 0.0889369 -0.00110401 0.00255834 0.000944782 -0.00110401 0.0102086 -0.0185382 -0.00111109 0.00255834 -0.0185382 0.0900267 
0.0098481 -0.0181571 0.000932467 -0.00109539 -0.0181571 0.0893123 -0.00109886 0.00264835 0.000932467 -0.00109886 0.0102329 -0.0185835 -0.00109539 0.00264835 -0.0185835 0.0903037 
0.00990683 -0.0182043 0.00089446 -0.00109097 -0.0182043 0.0895003 -0.00109436 0.00266644 0.00089446 -0.00109436 0.0102694 -0.018621 -0.00109097 0.00266644 -0.018621 0.0904659 
0.00992445 -0.0182334 0.000841283 -0.00101222 -0.0182334 0.0895312 -0.00101222 0.00251714 0.000841283 -0.00101222 0.0102998 -0.0186825 -0.00101222 0.00251714 -0.0186825 0.0906138 
0.00991582 -0.0182505 0.000790585 -0.000937983 -0.0182505 0.0895639 -0.000941333 0.00231816 0.000790585 -0.000941333 0.0102843 -0.0187094 -0.000937983 0.00231816 -0.0187094 0.0906996 
0.00988583 -0.0182372 0.000753689 -0.000875361 -0.0182372 0.0895639 -0.00088212 0.00215629 0.000753689 -0.00088212 0.0102542 -0.0187138 -0.000875361 0.00215629 -0.0187138 0.0907367 
0.0098601 -0.0182192 0.000745437 -0.000826757 -0.0182192 0.0895608 -0.000833534 0.00199574 0.000745437 -0.000833534 0.0102294 -0.0186562 -0.000826757 0.00199574 -0.0186562 0.090662 
0.00985833 -0.0182284 0.000752596 -0.000827178 -0.0182284 0.0895996 -0.000840738 0.00195946 0.000752596 -0.000840738 0.0102245 -0.0186047 -0.000827178 0.00195946 -0.0186047 0.0905319 
0.00985299 -0.0182175 0.000752706 -0.000857813 -0.0182175 0.0896025 -0.000861204 0.00201061 0.000752706 -0.000861204 0.0102327 -0.0186006 -0.000857813 0.00201061 -0.0186006 0.0904705 
0.00985773 -0.018191 0.000752005 -0.000881309 -0.018191 0.0895192 -0.000881309 0.00209268 0.000752005 -0.000881309 0.0101946 -0.018613 -0.000881309 0.00209268 -0.018613 0.090472 
0.00987587 -0.0182193 0.000756015 -0.000878612 -0.0182193 0.0895605 -0.000861585 0.00209096 0.000756015 -0.000861585 0.0101687 -0.0185496 -0.000878612 0.00209096 -0.0185496 0.090371 
0.00987599 -0.0182227 0.000740869 -0.00087341 -0.0182227 0.0895772 -0.000863214 0.00208667 0.000740869 -0.000863214 0.0101649 -0.0185251 -0.00087341 0.00208667 -0.0185251 0.0902875 
0.00986512 -0.0182138 0.000756507 -0.000858279 -0.0182138 0.0895494 -0.000851494 0.00206598 0.000756507 -0.000851494 0.0101806 -0.0185327 -0.000858279 0.00206598 -0.0185327 0.0902719 
0.00985526 -0.0181665 0.000743283 -0.000875047 -0.0181665 0.0894305 -0.000864912 0.00208457 0.000743283 -0.000864912 0.0101965 -0.0185821 -0.000875047 0.00208457 -0.0185821 0.0903833 
0.00986363 -0.0181454 0.000704545 -0.000840034 -0.0181454 0.0893451 -0.000829873 0.00202218 0.000704545 -0.000829873 0.0101786 -0.0186027 -0.000840034 0.00202218 -0.0186027 0.0904731 
0.00987628 -0.0181603 0.00066883 -0.000784263 -0.0181603 0.0893381 -0.000784263 0.00189785 0.00066883 -0.000784263 0.0101513 -0.0185813 -0.000784263 0.00189785 -0.0185813 0.0904822 
0.00986015 -0.0181916 0.000674517 -0.000762645 -0.0181916 0.0894091 -0.000762645 0.00183374 0.000674517 -0.000762645 0.0101652 -0.0185407 -0.000762645 0.00183374 -0.0185407 0.090392 
0.00983351 -0.0181699 0.000700935 -0.000786 -0.0181699 0.0894033 -0.000782598 0.00186803 0.000700935 -0.000782598 0.010167 -0.018551 -0.000786 0.00186803 -0.018551 0.0903492 
0.00981154 -0.0181303 0.000719241 -0.000810843 -0.0181303 0.0893216 -0.000817628 0.00192702 0.000719241 -0.000817628 0.0101949 -0.0185714 -0.000810843 0.00192702 -0.0185714 0.0904005 
0.00982097 -0.0181164 0.00068479 -0.000817002 -0.0181164 0.0892837 -0.000827172 0.00196962 0.00068479 -0.000827172 0.0102007 -0.0185978 -0.000817002 0.00196962 -0.0185978 0.0904567 
0.00984589 -0.0181572 0.000641681 -0.000770696 -0.0181572 0.08936 -0.000777486 0.00190467 0.000641681 -0.000777486 0.010182 -0.0185748 -0.000770696 0.00190467 -0.0185748 0.0904193 
0.00984324 -0.0181661 0.000608825 -0.00073127 -0.0181661 0.0893816 -0.000738073 0.00179926 0.000608825 -0.000738073 0.01018 -0.0185607 -0.00073127 0.00179926 -0.0185607 0.0903816 
0.00984174 -0.0181636 0.000607263 -0.000698862 -0.0181636 0.0894102 -0.000709039 0.0017268 0.000607263 -0.000709039 0.0101844 -0.0185538 -0.000698862 0.0017268 -0.0185538 0.0903567 
0.00984675 -0.0181954 0.000633297 -0.000697989 -0.0181954 0.089489 -0.000708203 0.00170241 0.000633297 -0.000708203 0.01016 -0.0185154 -0.000697989 0.00170241 -0.0185154 0.0902312 
0.00984623 -0.0182234 0.000652543 -0.000737954 -0.0182234 0.0895966 -0.000744787 0.00176289 0.000652543 -0.000744787 0.0101366 -0.0184659 -0.000737954 0.00176289 -0.0184659 0.0900851 
0.00982374 -0.0182109 0.000684104 -0.000769618 -0.0182109 0.0896006 -0.000776459 0.00184024 0.000684104 -0.000776459 0.010135 -0.0184503 -0.000769618 0.00184024 -0.0184503 0.0900179 
0.00981629 -0.0181707 0.000725876 -0.000814067 -0.0181707 0.0895101 -0.000814067 0.0019368 0.000725876 -0.000814067 0.0101928 -0.0184861 -0.000814067 0.0019368 -0.0184861 0.0901003 
0.00980887 -0.0181545 0.000711279 -0.00084676 -0.0181545 0.0894517 -0.00084676 0.0020119 0.000711279 -0.00084676 0.0102153 -0.0185373 -0.00084676 0.0020119 -0.0185373 0.0901867 
0.00981419 -0.0181394 0.000673089 -0.000812466 -0.0181394 0.0894019 -0.000812466 0.00197847 0.000673089 -0.000812466 0.0102187 -0.0185881 -0.000812466 0.00197847 -0.0185881 0.0903299 
0.00983417 -0.0181408 0.000668737 -0.000787549 -0.0181408 0.08938 -0.000784154 0.00192474 0.000668737 -0.000784154 0.010211 -0.0186024 -0.000787549 0.00192474 -0.0186024 0.0904323 
0.00984994 -0.0181827 0.000689021 -0.000770481 -0.0181827 0.0894573 -0.000773876 0.00187699 0.000689021 -0.000773876 0.0102063 -0.0185764 -0.000770481 0.00187699 -0.0185764 0.0904043 
0.00981955 -0.0181742 0.000713778 -0.000791954 -0.0181742 0.08945 -0.000802151 0.00188981 0.000713778 -0.000802151 0.0102308 -0.0185854 -0.000791954 0.00188981 -0.0185854 0.0904289 
0.00979478 -0.0181187 0.000715121 -0.000816797 -0.0181187 0.0893223 -0.000820186 0.00193523 0.000715121 -0.000820186 0.0102693 -0.0186474 -0.000816797 0.00193523 -0.0186474 0.0905492 
0.00981629 -0.0181247 0.000718512 -0.000823084 -0.0181247 0.0893249 -0.000823084 0.00198012 0.000718512 -0.000823084 0.0102683 -0.0186543 -0.000823084 0.00198012 -0.0186543 0.0905899 
0.00982457 -0.0181658 0.000687483 -0.000839881 -0.0181658 0.0893931 -0.000829721 0.00199133 0.000687483 -0.000829721 0.0102479 -0.0186298 -0.000839881 0.00199133 -0.0186298 0.0905344 
0.00982891 -0.0181957 0.000659999 -0.000802153 -0.0181957 0.0895026 -0.000791999 0.00195292 0.000659999 -0.000791999 0.0102283 -0.018595 -0.000802153 0.00195292 -0.018595 0.0904368 
0.00982912 -0.0181989 0.000656854 -0.000765202 -0.0181989 0.0895523 -0.000755044 0.00186899 0.000656854 -0.000755044 0.010232 -0.0185781 -0.000765202 0.00186899 -0.0185781 0.0903751 
0.00981566 -0.0181835 0.000657768 -0.000769656 -0.0181835 0.0895174 -0.000759484 0.00184107 0.000657768 -0.000759484 0.0102191 -0.0185701 -0.000769656 0.00184107 -0.0185701 0.0903379 
0.0098235 -0.0181453 0.000640663 -0.000759304 -0.0181453 0.0894318 -0.000759304 0.00181691 0.000640663 -0.000759304 0.0102133 -0.0185928 -0.000759304 0.00181691 -0.0185928 0.090408 
0.00981762 -0.0181361 0.000635698 -0.000754678 -0.0181361 0.089358 -0.000751279 0.00182211 0.000635698 -0.000751279 0.0101984 -0.018595 -0.000754678 0.00182211 -0.018595 0.0904424 
0.00981962 -0.0181367 0.000630337 -0.000742775 -0.0181367 0.0893477 -0.000742775 0.00179901 0.000630337 -0.000742775 0.010174 -0.018566 -0.000742775 0.00179901 -0.018566 0.0903903 
0.00982166 -0.0181375 0.000633655 -0.000732451 -0.0181375 0.0893215 -0.000735858 0.00179195 0.000633655 -0.000735858 0.0101657 -0.0185463 -0.000732451 0.00179195 -0.0185463 0.0903572 
0.00982801 -0.0181689 0.000660192 -0.000741865 -0.0181689 0.0893879 -0.000745268 0.00179341 0.000660192 -0.000745268 0.0101513 -0.0184956 -0.000741865 0.00179341 -0.0184956 0.0902149 
0.00981667 -0.0181124 0.000691029 -0.000755389 -0.0181124 0.0892714 -0.000752002 0.00180548 0.000691029 -0.000752002 0.010169 -0.0185358 -0.000755389 0.00180548 -0.0185358 0.0902741 
0.00983706 -0.0181511 0.000685521 -0.000800338 -0.0181511 0.0893508 -0.000793584 0.00186408 0.000685521 -0.000793584 0.0101646 -0.0185125 -0.000800338 0.00186408 -0.0185125 0.0902153 
0.00985061 -0.0181632 0.000686547 -0.00078751 -0.0181632 0.0893992 -0.000784145 0.00187791 0.000686547 -0.000784145 0.010167 -0.01852 -0.00078751 0.00187791 -0.01852 0.0902069 
0.00985459 -0.0182136 0.000668451 -0.000793364 -0.0182136 0.0895219 -0.00079674 0.0019007 0.000668451 -0.00079674 0.0101382 -0.0184803 -0.000793364 0.0019007 -0.0184803 0.0901093 
0.00985993 -0.0182483 0.00065439 -0.000783234 -0.0182483 0.0896684 -0.000793406 0.00191231 0.00065439 -0.000793406 0.0101176 -0.0184382 -0.000783234 0.00191231 -0.0184382 0.0899973 
0.00984239 -0.0182137 0.000665899 -0.000761027 -0.0182137 0.0896144 -0.000767822 0.00186859 0.000665899 -0.000767822 0.0101244 -0.0184651 -0.000761027 0.00186859 -0.0184651 0.0900526 
0.00981838 -0.0181585 0.0006384 -0.000754472 -0.0181585 0.089451 -0.0007613 0.00182302 0.0006384 -0.0007613 0.0101256 -0.0184931 -0.000754472 0.00182302 -0.0184931 0.0901441 
0.00981648 -0.0181233 0.000631889 -0.000730942 -0.0181233 0.0893423 -0.000727526 0.00176587 0.000631889 -0.000727526 0.0101136 -0.0184716 -0.000730942 0.00176587 -0.0184716 0.090121 
0.00979468 -0.0181038 0.00062839 -0.00073426 -0.0181038 0.089245 -0.000727429 0.00174515 0.00062839 -0.000727429 0.010102 -0.0184589 -0.00073426 0.00174515 -0.0184589 0.0900851 
0.00978218 -0.0180726 0.000609034 -0.000728788 -0.0180726 0.0891619 -0.000725367 0.00175525 0.000609034 -0.000725367 0.0101038 -0.0184558 -0.000728788 0.00175525 -0.0184558 0.0900755 
0.00979857 -0.0180949 0.000614544 -0.000713554 -0.0180949 0.0892045 -0.000713554 0.00174121 0.000614544 -0.000713554 0.0100956 -0.0184329 -0.000713554 0.00174121 -0.0184329 0.0900102 
0.0098007 -0.0180871 0.000653832 -0.000711423 -0.0180871 0.0891786 -0.000714811 0.00172774 0.000653832 -0.000714811 0.0101429 -0.0184631 -0.000711423 0.00172774 -0.0184631 0.0900899 
0.00980654 -0.0180833 0.000678758 -0.000749673 -0.0180833 0.0891571 -0.000759804 0.00179314 0.000678758 -0.000759804 0.0101679 -0.0185257 -0.000749673 0.00179314 -0.0185257 0.0902107 
0.00983525 -0.018137 0.000661564 -0.000790484 -0.018137 0.0892806 -0.000804055 0.0018897 0.000661564 -0.000804055 0.010144 -0.0185272 -0.000790484 0.0018897 -0.0185272 0.0902373 
0.00984465 -0.0181708 0.000638646 -0.000771131 -0.0181708 0.0893934 -0.000774528 0.00189216 0.000638646 -0.000774528 0.0101572 -0.0185105 -0.000771131 0.00189216 -0.0185105 0.0902562 
0.00985439 -0.0181851 0.000587056 -0.000732971 -0.0181851 0.0894666 -0.000736365 0.00180867 0.000587056 -0.000736365 0.0101666 -0.0185245 -0.000732971 0.00180867 -0.0185245 0.0902674 
0.00986963 -0.0182334 0.000573184 -0.000681716 -0.0182334 0.0896101 -0.000681716 0.0016992 0.000573184 -0.000681716 0.0101647 -0.0184945 -0.000681716 0.0016992 -0.0184945 0.0901629 
0.00984857 -0.01823 0.000601102 -0.000669024 -0.01823 0.089639 -0.000665627 0.0016335 0.000601102 -0.000665627 0.0101814 -0.0185051 -0.000669024 0.0016335 -0.0185051 0.0901484 
0.00982357 -0.018206 0.000627325 -0.00068158 -0.018206 0.0896125 -0.000688362 0.00162087 0.000627325 -0.000688362 0.0102034 -0.018518 -0.00068158 0.00162087 -0.018518 0.0901754 
0.00980025 -0.0181616 0.000622508 -0.000731362 -0.0181616 0.0894915 -0.000731362 0.00170424 0.000622508 -0.000731362 0.0102017 -0.0185494 -0.000731362 0.00170424 -0.0185494 0.0902229 
0.00978707 -0.018115 0.000598023 -0.000721045 -0.018115 0.0893514 -0.000721045 0.00172914 0.000598023 -0.000721045 0.0101732 -0.0185558 -0.000721045 0.00172914 -0.0185558 0.0902673 
0.0097912 -0.0181049 0.000616206 -0.000708126 -0.0181049 0.0892852 -0.000711531 0.00173287 0.000616206 -0.000711531 0.0101657 -0.0185168 -0.000708126 0.00173287 -0.0185168 0.0902554 
0.00980619 -0.0181056 0.000622453 -0.000721093 -0.0181056 0.0892523 -0.000724495 0.00174491 0.000622453 -0.000724495 0.0101565 -0.0185171 -0.000721093 0.00174491 -0.0185171 0.0902183 
0.00982415 -0.0181296 0.000612945 -0.000718508 -0.0181296 0.0892959 -0.000725319 0.00173327 0.000612945 -0.000725319 0.0101511 -0.0185075 -0.000718508 0.00173327 -0.0185075 0.0902119 
0.00984221 -0.0181527 0.000587544 -0.000719996 -0.0181527 0.0893475 -0.000730185 0.00175924 0.000587544 -0.000730185 0.0101547 -0.0185059 -0.000719996 0.00175924 -0.0185059 0.0902101 
0.00984203 -0.0181843 0.000578143 -0.000690371 -0.0181843 0.0894183 -0.000690371 0.00170722 0.000578143 -0.000690371 0.0101549 -0.0184904 -0.000690371 0.00170722 -0.0184904 0.0901631 
0.00982258 -0.0181811 0.0005788 -0.000674132 -0.0181811 0.0894417 -0.000670727 0.00164788 0.0005788 -0.000670727 0.0101494 -0.0184842 -0.000674132 0.00164788 -0.0184842 0.0901158 
0.00980667 -0.0181645 0.000570632 -0.000666307 -0.0181645 0.089432 -0.000666307 0.00160939 0.000570632 -0.000666307 0.0101415 -0.0184721 -0.000666307 0.00160939 -0.0184721 0.0900847 
0.00979296 -0.018119 0.00056077 -0.000659931 -0.018119 0.0893266 -0.000656511 0.00157631 0.00056077 -0.000656511 0.0101383 -0.0184917 -0.000659931 0.00157631 -0.0184917 0.0901301 
0.00981561 -0.0180796 0.000529656 -0.000645093 -0.0180796 0.089196 -0.000638303 0.00156181 0.000529656 -0.000638303 0.0101449 -0.0185108 -0.000645093 0.00156181 -0.0185108 0.090218 
0.0098318 -0.0181096 0.000511227 -0.000599252 -0.0181096 0.0892006 -0.000602638 0.00146935 0.000511227 -0.000602638 0.0101636 -0.0185159 -0.000599252 0.00146935 -0.0185159 0.0902434 
0.00982391 -0.018179 0.000512227 -0.000586856 -0.018179 0.0893752 -0.000586856 0.00141456 0.000512227 -0.000586856 0.0101462 -0.0184673 -0.000586856 0.00141456 -0.0184673 0.0900808 
0.00981556 -0.0181795 0.000512146 -0.000593546 -0.0181795 0.0894525 -0.000593546 0.00142112 0.000512146 -0.000593546 0.0101479 -0.0184576 -0.000593546 0.00142112 -0.0184576 0.0900359 
0.0098154 -0.0181714 0.000509098 -0.000597341 -0.0181714 0.0894688 -0.000590553 0.00142208 0.000509098 -0.000590553 0.0101344 -0.0184497 -0.000597341 0.00142208 -0.0184497 0.0899983 
0.00980696 -0.0181604 0.000507198 -0.000595702 -0.0181604 0.0894268 -0.000588894 0.00142628 0.000507198 -0.000588894 0.0101201 -0.0184429 -0.000595702 0.00142628 -0.0184429 0.0899919 
0.00979515 -0.0181273 0.00052395 -0.000622616 -0.0181273 0.0893369 -0.000615812 0.0015004 0.00052395 -0.000615812 0.0101048 -0.0184369 -0.000622616 0.0015004 -0.0184369 0.0899766 
0.00981919 -0.0181118 0.000528022 -0.000629565 -0.0181118 0.0892798 -0.00062618 0.00152991 0.000528022 -0.00062618 0.0101001 -0.0184368 -0.000629565 0.00152991 -0.0184368 0.0900109 
0.0098106 -0.0181195 0.000507386 -0.000599328 -0.0181195 0.0892386 -0.000602734 0.00145746 0.000507386 -0.000602734 0.010083 -0.0184362 -0.000599328 0.00145746 -0.0184362 0.0900185 
0.0098202 -0.0181412 0.000496315 -0.00058531 -0.0181412 0.0892991 -0.000588733 0.00142733 0.000496315 -0.000588733 0.0100393 -0.0183842 -0.00058531 0.00142733 -0.0183842 0.0899084 
0.00981458 -0.0181345 0.000503927 -0.000579344 -0.0181345 0.0892945 -0.000582773 0.00140894 0.000503927 -0.000582773 0.0100271 -0.0183505 -0.000579344 0.00140894 -0.0183505 0.089819 
0.00981375 -0.0181235 0.000518501 -0.000600912 -0.0181235 0.0892784 -0.000600912 0.00144562 0.000518501 -0.000600912 0.010006 -0.0183261 -0.000600912 0.00144562 -0.0183261 0.089735 
0.00979239 -0.0180891 0.000515751 -0.000605148 -0.0180891 0.0891871 -0.000605148 0.00145442 0.000515751 -0.000605148 0.0100159 -0.0183298 -0.000605148 0.00145442 -0.0183298 0.0897304 
0.00978529 -0.0180623 0.000498198 -0.000601273 -0.0180623 0.0891156 -0.000597837 0.00144993 0.000498198 -0.000597837 0.0100292 -0.0183337 -0.000601273 0.00144993 -0.0183337 0.089734 
0.00977906 -0.0181095 0.000509254 -0.000612482 -0.0181095 0.0892124 -0.000615922 0.00148991 0.000509254 -0.000615922 0.0100165 -0.0182884 -0.000612482 0.00148991 -0.0182884 0.0895875 
0.00977009 -0.0180988 0.000540107 -0.000615791 -0.0180988 0.0892519 -0.000615791 0.00151712 0.000540107 -0.000615791 0.0100247 -0.0182811 -0.000615791 0.00151712 -0.0182811 0.089534 
0.0097557 -0.0180456 0.000542365 -0.000631614 -0.0180456 0.0891194 -0.00063848 0.00154128 0.000542365 -0.00063848 0.0100509 -0.0183374 -0.000631614 0.00154128 -0.0183374 0.0896515 
0.00975855 -0.0180189 0.000513068 -0.000629363 -0.0180189 0.0890002 -0.000636204 0.00154946 0.000513068 -0.000636204 0.0100664 -0.0183918 -0.000629363 0.00154946 -0.0183918 0.0898074 
0.00981608 -0.0180177 0.000445259 -0.000584614 -0.0180177 0.0889566 -0.000574418 0.00144454 0.000445259 -0.000574418 0.0100574 -0.0184222 -0.000584614 0.00144454 -0.0184222 0.0899355 
0.00984566 -0.0180864 0.000415585 -0.000503433 -0.0180864 0.0890535 -0.000496675 0.00127041 0.000415585 -0.000496675 0.0100754 -0.0184142 -0.000503433 0.00127041 -0.0184142 0.0899861 
0.00984449 -0.0181451 0.00040878 -0.000483103 -0.0181451 0.0892221 -0.000472968 0.00116891 0.00040878 -0.000472968 0.0100911 -0.0184154 -0.000483103 0.00116891 -0.0184154 0.0899822 
0.00983767 -0.0181787 0.000432425 -0.000496613 -0.0181787 0.0893836 -0.0004831 0.00117566 0.000432425 -0.0004831 0.010091 -0.0184017 -0.000496613 0.00117566 -0.0184017 0.0899208 
0.00982289 -0.0182032 0.000495557 -0.000529499 -0.0182032 0.0895023 -0.000526105 0.00125247 0.000495557 -0.000526105 0.0100809 -0.0183763 -0.000529499 0.00125247 -0.0183763 0.0898316 
0.00978272 -0.0181489 0.000534594 -0.000595885 -0.0181489 0.0894304 -0.000595885 0.00139948 0.000534594 -0.000595885 0.0101062 -0.0184043 -0.000595885 0.00139948 -0.0184043 0.0898866 
0.00976063 -0.0180596 0.000529355 -0.000638642 -0.0180596 0.0892152 -0.000645472 0.00152318 0.000529355 -0.000645472 0.010109 -0.0184762 -0.000638642 0.00152318 -0.0184762 0.0900587 
0.00977984 -0.0180683 0.000496005 -0.000625992 -0.0180683 0.0891508 -0.000636254 0.00154959 0.000496005 -0.000636254 0.010074 -0.0184377 -0.000625992 0.00154959 -0.0184377 0.09003 
0.00978032 -0.0180826 0.000466383 -0.00057612 -0.0180826 0.0891614 -0.000586408 0.00146088 0.000466383 -0.000586408 0.010065 -0.0183981 -0.00057612 0.00146088 -0.0183981 0.0899364 
0.00977618 -0.0181136 0.000436099 -0.000532247 -0.0181136 0.0892459 -0.000542549 0.00134607 0.000436099 -0.000542549 0.0100475 -0.0183299 -0.000532247 0.00134607 -0.0183299 0.0897266 
0.00976278 -0.01808 0.000417916 -0.000493277 -0.01808 0.0892215 -0.000496703 0.00121949 0.000417916 -0.000496703 0.0100711 -0.0183403 -0.000493277 0.00121949 -0.0183403 0.0897114 
0.00977542 -0.0180751 0.000421148 -0.000479355 -0.0180751 0.0891943 -0.000472507 0.00115388 0.000421148 -0.000472507 0.0100665 -0.0183559 -0.000479355 0.00115388 -0.0183559 0.0897079 
0.00980586 -0.018095 0.00043627 -0.000494213 -0.018095 0.0892037 -0.000494213 0.00117248 0.00043627 -0.000494213 0.0100444 -0.0183472 -0.000494213 0.00117248 -0.0183472 0.0897047 
0.00981371 -0.0181382 0.000442646 -0.000518136 -0.0181382 0.0892773 -0.000521568 0.00122843 0.000442646 -0.000521568 0.0100093 -0.0183063 -0.000518136 0.00122843 -0.0183063 0.089617 
0.00978302 -0.018125 0.000421592 -0.000521807 -0.018125 0.0892636 -0.000521807 0.00125787 0.000421592 -0.000521807 0.00998345 -0.018284 -0.000521807 0.00125787 -0.018284 0.0895607 
0.00976817 -0.0180639 0.000376762 -0.000497741 -0.0180639 0.0891648 -0.000508111 0.00124781 0.000376762 -0.000508111 0.00998593 -0.0182782 -0.000497741 0.00124781 -0.0182782 0.0895623 
0.00977107 -0.0180352 0.000344052 -0.000440386 -0.0180352 0.0890475 -0.000454148 0.00114569 0.000344052 -0.000454148 0.010005 -0.0182932 -0.000440386 0.00114569 -0.0182932 0.0895979 
0.00978687 -0.0180499 0.000342438 -0.000410925 -0.0180499 0.0890475 -0.00041435 0.00105128 0.000342438 -0.00041435 0.0100197 -0.0182964 -0.000410925 0.00105128 -0.0182964 0.0895954 
0.0098051 -0.0181041 0.000353368 -0.000421983 -0.0181041 0.0891619 -0.000421983 0.00104295 0.000353368 -0.000421983 0.0099835 -0.0182688 -0.000421983 0.00104295 -0.0182688 0.0894947 
0.00979513 -0.0181066 0.000384662 -0.000436179 -0.0181066 0.0892175 -0.000432744 0.00106125 0.000384662 -0.000432744 0.00999777 -0.0182646 -0.000436179 0.00106125 -0.0182646 0.0894991 
0.00978549 -0.0181093 0.000408301 -0.000480354 -0.0181093 0.0892531 -0.000487216 0.00116314 0.000408301 -0.000487216 0.0100154 -0.0182672 -0.000480354 0.00116314 -0.0182672 0.0894864 
0.00978963 -0.0181045 0.000441406 -0.000513263 -0.0181045 0.0892564 -0.000513263 0.00126263 0.000441406 -0.000513263 0.010012 -0.0182653 -0.000513263 0.00126263 -0.0182653 0.0894788 
0.00980134 -0.0180985 0.000441009 -0.000540151 -0.0180985 0.089224 -0.000536732 0.00132303 0.000441009 -0.000536732 0.0100065 -0.0182899 -0.000540151 0.00132303 -0.0182899 0.0895283 
0.00979539 -0.0180627 0.000397434 -0.000524202 -0.0180627 0.0891076 -0.000513924 0.00128824 0.000397434 -0.000513924 0.00999753 -0.0183197 -0.000524202 0.00128824 -0.0183197 0.0896455 
0.00978683 -0.0180603 0.000374041 -0.000476988 -0.0180603 0.0890663 -0.000470125 0.00121821 0.000374041 -0.000470125 0.00999959 -0.0183177 -0.000476988 0.00121821 -0.0183177 0.0897012 
0.00976667 -0.0180546 0.000343897 -0.000447066 -0.0180546 0.0890486 -0.000440188 0.00113486 0.000343897 -0.000440188 0.0100108 -0.0183125 -0.000447066 0.00113486 -0.0183125 0.0896814 
0.009783 -0.018082 0.000328266 -0.000400074 -0.018082 0.0891447 -0.000403493 0.00101899 0.000328266 -0.000403493 0.0100155 -0.0182735 -0.000400074 0.00101899 -0.0182735 0.0895584 
0.00980816 -0.0181441 0.000330574 -0.000408958 -0.0181441 0.0893197 -0.000412366 0.00101899 0.000330574 -0.000412366 0.00999901 -0.0182293 -0.000408958 0.00101899 -0.0182293 0.0893913 
0.00980516 -0.0181073 0.000306731 -0.000395342 -0.0181073 0.0892586 -0.000395342 0.000995171 0.000306731 -0.000395342 0.0100096 -0.0182846 -0.000395342 0.000995171 -0.0182846 0.0894768 
0.00979381 -0.018079 0.000292861 -0.000364373 -0.018079 0.0891659 -0.000367779 0.000943284 0.000292861 -0.000367779 0.0100254 -0.0183208 -0.000364373 0.000943284 -0.0183208 0.0896358 
0.00976019 -0.0180576 0.00028777 -0.000346009 -0.0180576 0.0890716 -0.000346009 0.000863309 0.00028777 -0.000346009 0.0100377 -0.0183487 -0.000346009 0.000863309 -0.0183487 0.0897431 
0.00977043 -0.0180615 0.000282104 -0.000333708 -0.0180615 0.0890932 -0.000337149 0.000818789 0.000282104 -0.000337149 0.0100112 -0.0183333 -0.000333708 0.000818789 -0.0183333 0.0897228 
0.00978579 -0.0180953 0.000315118 -0.00034937 -0.0180953 0.0891784 -0.00034937 0.000846024 0.000315118 -0.00034937 0.0100153 -0.0182803 -0.00034937 0.000846024 -0.0182803 0.0896237 
0.00981038 -0.0181262 0.000334406 -0.000392415 -0.0181262 0.0892693 -0.000392415 0.000928147 0.000334406 -0.000392415 0.0100185 -0.0182695 -0.000392415 0.000928147 -0.0182695 0.0895287 
0.00983059 -0.0181195 0.000363341 -0.000434651 -0.0181195 0.0892631 -0.000434651 0.00105946 0.000363341 -0.000434651 0.0100241 -0.0183097 -0.000434651 0.00105946 -0.0183097 0.0896027 
0.00983923 -0.0181574 0.000368332 -0.000453594 -0.0181574 0.0893238 -0.000443362 0.00110158 0.000368332 -0.000443362 0.0100166 -0.0183109 -0.000453594 0.00110158 -0.0183109 0.0896171 
0.00981876 -0.0181448 0.000369744 -0.000441639 -0.0181448 0.0893377 -0.000445062 0.00109896 0.000369744 -0.000445062 0.0100242 -0.0183263 -0.000441639 0.00109896 -0.0183263 0.0896835 
0.00979408 -0.0180996 0.000340335 -0.000405652 -0.0180996 0.0892227 -0.000419403 0.00100725 0.000340335 -0.000419403 0.0100485 -0.0183678 -0.000405652 0.00100725 -0.0183678 0.0898175 
0.00979764 -0.018109 0.000352729 -0.000393823 -0.018109 0.089237 -0.000404097 0.000979422 0.000352729 -0.000404097 0.0100716 -0.0183624 -0.000393823 0.000979422 -0.0183624 0.0898157 
0.00983307 -0.0181471 0.00034741 -0.00043256 -0.0181471 0.0893492 -0.000429154 0.00103542 0.00034741 -0.000429154 0.0100681 -0.0183446 -0.00043256 0.00103542 -0.0183446 0.0897272 
0.00985218 -0.01819 0.000341852 -0.000444408 -0.01819 0.0894559 -0.000440989 0.00110076 0.000341852 -0.000440989 0.0100402 -0.0183233 -0.000444408 0.00110076 -0.0183233 0.0896405 
0.0098227 -0.0181842 0.000340373 -0.000412574 -0.0181842 0.0894735 -0.000409136 0.00104863 0.000340373 -0.000409136 0.0100359 -0.0183114 -0.000412574 0.00104863 -0.0183114 0.089611 
0.00978167 -0.0181268 0.000294942 -0.000409449 -0.0181268 0.0893467 -0.000405979 0.00101321 0.000294942 -0.000405979 0.0100107 -0.0183176 -0.000409449 0.00101321 -0.0183176 0.0896208 
0.00977408 -0.0180746 0.000263508 -0.000346721 -0.0180746 0.0891837 -0.000350189 0.000901476 0.000263508 -0.000350189 0.00999945 -0.0183 -0.000346721 0.000901476 -0.0183 0.0896101 
0.0097819 -0.018056 0.000244979 -0.000310537 -0.018056 0.0890722 -0.000310537 0.000797044 0.000244979 -0.000310537 0.00998892 -0.0182733 -0.000310537 0.000797044 -0.0182733 0.0895656 
0.00977213 -0.0180403 0.000251806 -0.000296648 -0.0180403 0.0890116 -0.000296648 0.000751968 0.000251806 -0.000296648 0.0100067 -0.0182852 -0.000296648 0.000751968 -0.0182852 0.089567 
0.00979444 -0.0180574 0.000268435 -0.000309733 -0.0180574 0.089031 -0.000313174 0.000760566 0.000268435 -0.000313174 0.0100009 -0.0182846 -0.000309733 0.000760566 -0.0182846 0.0895506 
0.00981134 -0.0181032 0.000268144 -0.000333462 -0.0181032 0.0891443 -0.000336899 0.000811309 0.000268144 -0.000336899 0.00999354 -0.0182613 -0.000333462 0.000811309 -0.0182613 0.0894984 
0.00983295 -0.0181342 0.000276936 -0.00033164 -0.0181342 0.0892726 -0.000338478 0.000834228 0.000276936 -0.000338478 0.010021 -0.0182641 -0.00033164 0.000834228 -0.0182641 0.089488 
0.00984108 -0.0181927 0.000301328 -0.000356114 -0.0181927 0.0894395 -0.000366387 0.000900558 0.000301328 -0.000366387 0.0100123 -0.0182474 -0.000356114 0.000900558 -0.0182474 0.0893984 
0.00982835 -0.0181813 0.000325215 -0.000379989 -0.0181813 0.0894685 -0.000383412 0.00094826 0.000325215 -0.000383412 0.0100303 -0.0182771 -0.000379989 0.00094826 -0.0182771 0.0894616 
0.00982065 -0.0181604 0.000341232 -0.000416303 -0.0181604 0.0894266 -0.000419715 0.00103393 0.000341232 -0.000419715 0.0100459 -0.0183071 -0.000416303 0.00103393 -0.0183071 0.0895426 
0.00981129 -0.0181335 0.000333162 -0.000411353 -0.0181335 0.0893521 -0.000401155 0.00101988 0.000333162 -0.000401155 0.0100867 -0.0183545 -0.000411353 0.00101988 -0.0183545 0.0897022 
0.00985002 -0.0181574 0.000354439 -0.000421951 -0.0181574 0.0894165 -0.0004152 0.00104306 0.000354439 -0.0004152 0.0101133 -0.0183903 -0.000421951 0.00104306 -0.0183903 0.0898148 
