0.00779167 0 -0.000662067 0 0 0.00998505 0 0 -0.000662067 0 0.0067783 0 0 0 0 0.00998505 
0.0109057 -0.0135355 -0.000797173 0.000965648 -0.0135355 0.0351414 0.000965648 -0.00184911 -0.000797173 0.000965648 0.00966059 -0.0120028 0.000965648 -0.00184911 -0.0120028 0.0322156 
0.010861 -0.020248 -0.000669598 0.000977023 -0.020248 0.0738958 0.000977023 -0.00303635 -0.000669598 0.000977023 0.00975339 -0.0183908 0.000977023 -0.00303635 -0.0183908 0.0680421 
0.0101921 -0.0196444 -0.00060169 0.000699261 -0.0196444 0.0873385 0.000699261 -0.00210998 -0.00060169 0.000699261 0.00926114 -0.0183068 0.000699261 -0.00210998 -0.0183068 0.0827283 
0.0101751 -0.0188061 -0.000629186 0.000679366 -0.0188061 0.0896648 0.000679366 -0.00161735 -0.000629186 0.000679366 0.00924864 -0.0177562 0.000679366 -0.00161735 -0.0177562 0.0866616 
0.0103558 -0.0187039 -0.000660617 0.000734428 -0.0187039 0.0902683 0.000730738 -0.00163493 -0.000660617 0.000730738 0.00939995 -0.0176669 0.000734428 -0.00163493 -0.0176669 0.0878214 
0.0104998 -0.0188656 -0.000672246 0.000771838 -0.0188656 0.0908813 0.000764725 -0.00175709 -0.000672246 0.000764725 0.0095146 -0.0177203 0.000771838 -0.00175709 -0.0177203 0.0882457 
0.0105191 -0.0189551 -0.000630797 0.000759036 -0.0189551 0.091216 0.000762502 -0.00179188 -0.000630797 0.000762502 0.00960059 -0.017794 0.000759036 -0.00179188 -0.017794 0.0884571 
0.0105197 -0.0189717 -0.000609341 0.000701769 -0.0189717 0.0913429 0.000701769 -0.00171848 -0.000609341 0.000701769 0.00961252 -0.017842 0.000701769 -0.00171848 -0.017842 0.0885153 
0.01051 -0.0189351 -0.00062584 0.000683662 -0.0189351 0.0912706 0.000676859 -0.00163603 -0.00062584 0.000676859 0.00959848 -0.017884 0.000683662 -0.00163603 -0.017884 0.0886209 
0.010507 -0.0189356 -0.000637403 0.000698431 -0.0189356 0.0912299 0.000684869 -0.00161385 -0.000637403 0.000684869 0.00958477 -0.0178676 0.000698431 -0.00161385 -0.0178676 0.0886397 
0.0104961 -0.0189468 -0.000654515 0.000722694 -0.0189468 0.0912503 0.000715876 -0.00166356 -0.000654515 0.000715876 0.00955183 -0.0178424 0.000722694 -0.00166356 -0.0178424 0.0885913 
0.010486 -0.0189395 -0.000630863 0.000736575 -0.0189395 0.0912808 0.000733165 -0.00171527 -0.000630863 0.000733165 0.00955161 -0.0178108 0.000736575 -0.00171527 -0.0178108 0.0885459 
0.0104595 -0.0189027 -0.000592625 0.000718643 -0.0189027 0.0912131 0.000725455 -0.00172679 -0.000592625 0.000725455 0.00958758 -0.0178332 0.000718643 -0.00172679 -0.0178332 0.0885872 
0.0104403 -0.0188886 -0.000561857 0.000670823 -0.0188886 0.0911673 0.000677634 -0.00164811 -0.000561857 0.000677634 0.00960265 -0.0178568 0.000670823 -0.00164811 -0.0178568 0.0886202 
0.0104311 -0.0188849 -0.000530916 0.000612595 -0.0188849 0.0911541 0.000619402 -0.00149065 -0.000530916 0.000619402 0.00960413 -0.0178639 0.000612595 -0.00149065 -0.0178639 0.0886323 
0.0103943 -0.0188408 -0.000511699 0.000586748 -0.0188408 0.0910517 0.00059016 -0.00139182 -0.000511699 0.00059016 0.009637 -0.0179026 0.000586748 -0.00139182 -0.0179026 0.0887355 
0.0103743 -0.0187904 -0.000504897 0.000566304 -0.0187904 0.0909156 0.000566304 -0.0013373 -0.000504897 0.000566304 0.00963057 -0.0179273 0.000566304 -0.0013373 -0.0179273 0.0888141 
0.0103965 -0.018756 -0.000545926 0.00058687 -0.018756 0.0907943 0.000580046 -0.00137164 -0.000545926 0.000580046 0.00959465 -0.0179234 0.00058687 -0.00137164 -0.0179234 0.0888358 
0.010381 -0.0187783 -0.00054351 0.000625036 -0.0187783 0.0908001 0.000614845 -0.0014403 -0.00054351 0.000614845 0.00958615 -0.0178611 0.000625036 -0.0014403 -0.0178611 0.0887144 
0.0103878 -0.0187705 -0.000541914 0.000629975 -0.0187705 0.0908078 0.000626588 -0.00149365 -0.000541914 0.000626588 0.00959187 -0.0178628 0.000629975 -0.00149365 -0.0178628 0.0886706 
0.0103859 -0.0187837 -0.000537845 0.000629755 -0.0187837 0.0908379 0.000616139 -0.00149099 -0.000537845 0.000616139 0.00957909 -0.0178646 0.000629755 -0.00149099 -0.0178646 0.0886627 
0.0103796 -0.018806 -0.000504493 0.000603346 -0.018806 0.0909246 0.00059312 -0.00142826 -0.000504493 0.00059312 0.00958195 -0.0178413 0.000603346 -0.00142826 -0.0178413 0.0886135 
0.0104039 -0.0188269 -0.00048248 0.000564025 -0.0188269 0.0910153 0.000553832 -0.0013591 -0.00048248 0.000553832 0.00956804 -0.0178178 0.000564025 -0.0013591 -0.0178178 0.0885316 
0.0103732 -0.0187863 -0.00048406 0.000555646 -0.0187863 0.0908976 0.000555646 -0.00133969 -0.00048406 0.000555646 0.00959257 -0.0178659 0.000555646 -0.00133969 -0.0178659 0.0886375 
0.0103351 -0.0187365 -0.000481737 0.000550068 -0.0187365 0.0907681 0.000556901 -0.00132221 -0.000481737 0.000556901 0.0096074 -0.0178823 0.000550068 -0.00132221 -0.0178823 0.0887147 
0.0103078 -0.0187206 -0.000490033 0.000541435 -0.0187206 0.0907247 0.000551716 -0.00129533 -0.000490033 0.000551716 0.00961562 -0.0178845 0.000541435 -0.00129533 -0.0178845 0.0887029 
0.0103156 -0.0187004 -0.000528124 0.000558989 -0.0187004 0.0906865 0.000562418 -0.00131688 -0.000528124 0.000562418 0.00958854 -0.0178636 0.000558989 -0.00131688 -0.0178636 0.0886426 
0.0103319 -0.0186884 -0.000543426 0.000611782 -0.0186884 0.0906394 0.0006152 -0.00142863 -0.000543426 0.0006152 0.00957319 -0.0178476 0.000611782 -0.00142863 -0.0178476 0.0886092 
0.0103491 -0.0187061 -0.000538059 0.000643628 -0.0187061 0.0906391 0.000640222 -0.00153926 -0.000538059 0.000640222 0.00957269 -0.0178309 0.000643628 -0.00153926 -0.0178309 0.0885822 
0.0103308 -0.0187405 -0.000504106 0.000613102 -0.0187405 0.0907084 0.000616508 -0.00150891 -0.000504106 0.000616508 0.00959505 -0.0178174 0.000613102 -0.00150891 -0.0178174 0.0885285 
0.0103165 -0.0187232 -0.00048769 0.000552488 -0.0187232 0.0907206 0.000559309 -0.0013744 -0.00048769 0.000559309 0.00960033 -0.0178399 0.000552488 -0.0013744 -0.0178399 0.0885447 
0.010312 -0.0187299 -0.000468418 0.0005368 -0.0187299 0.0907568 0.000540219 -0.001289 -0.000468418 0.000540219 0.00958376 -0.0178238 0.0005368 -0.001289 -0.0178238 0.0885104 
0.0103194 -0.0187253 -0.000457882 0.000550141 -0.0187253 0.0907563 0.000546724 -0.00131214 -0.000457882 0.000546724 0.00957451 -0.017813 0.000550141 -0.00131214 -0.017813 0.0884737 
0.010343 -0.0187139 -0.000431807 0.000520208 -0.0187139 0.0907168 0.000516808 -0.00126482 -0.000431807 0.000516808 0.00957455 -0.0178197 0.000520208 -0.00126482 -0.0178197 0.088517 
0.0103887 -0.0187362 -0.000443441 0.000494217 -0.0187362 0.0907429 0.000494217 -0.00120508 -0.000443441 0.000494217 0.00956275 -0.0178324 0.000494217 -0.00120508 -0.0178324 0.0885629 
0.0103894 -0.0187977 -0.000450386 0.000507955 -0.0187977 0.0908697 0.000504568 -0.00120555 -0.000450386 0.000504568 0.00958002 -0.017819 0.000507955 -0.00120555 -0.017819 0.0885433 
0.0103765 -0.0187859 -0.000466245 0.000510487 -0.0187859 0.0908769 0.000517294 -0.00121836 -0.000466245 0.000517294 0.00956313 -0.0178466 0.000510487 -0.00121836 -0.0178466 0.0885899 
0.0103781 -0.0187973 -0.000467728 0.000515179 -0.0187973 0.0909088 0.00051179 -0.00119983 -0.000467728 0.00051179 0.00957149 -0.0178245 0.000515179 -0.00119983 -0.0178245 0.0885701 
0.0103646 -0.0187718 -0.0004725 0.000526501 -0.0187718 0.0908686 0.000526501 -0.00121838 -0.0004725 0.000526501 0.00960863 -0.017847 0.000526501 -0.00121838 -0.017847 0.0886141 
0.0103372 -0.0187187 -0.000491439 0.000569391 -0.0187187 0.090723 0.000559223 -0.00133197 -0.000491439 0.000559223 0.00961187 -0.0179087 0.000569391 -0.00133197 -0.0179087 0.0887403 
0.0103051 -0.018685 -0.000499126 0.000590802 -0.018685 0.090593 0.000587406 -0.0014091 -0.000499126 0.000587406 0.0096192 -0.0179176 0.000590802 -0.0014091 -0.0179176 0.0888172 
0.0102725 -0.0186724 -0.000464774 0.000580119 -0.0186724 0.09058 0.000583512 -0.00141468 -0.000464774 0.000583512 0.00963812 -0.0178955 0.000580119 -0.00141468 -0.0178955 0.088765 
0.0102269 -0.0186432 -0.000435622 0.00053772 -0.0186432 0.0905378 0.00053772 -0.00133069 -0.000435622 0.00053772 0.00964834 -0.0178877 0.00053772 -0.00133069 -0.0178877 0.0886966 
0.0101966 -0.0186016 -0.0004368 0.0004914 -0.0186016 0.0904689 0.000494813 -0.0012285 -0.0004368 0.000494813 0.00965056 -0.0178952 0.0004914 -0.0012285 -0.0178952 0.0886705 
0.010186 -0.0185618 -0.000442275 0.000486845 -0.0185618 0.090368 0.000490273 -0.00117254 -0.000442275 0.000490273 0.00962376 -0.0178898 0.000486845 -0.00117254 -0.0178898 0.0886606 
0.0101821 -0.018521 -0.000453912 0.000519248 -0.018521 0.0902357 0.000522687 -0.00122419 -0.000453912 0.000522687 0.00961813 -0.0178986 0.000519248 -0.00122419 -0.0178986 0.0887158 
0.010195 -0.0185201 -0.000445062 0.000510614 -0.0185201 0.0901752 0.000510614 -0.00122478 -0.000445062 0.000510614 0.00958782 -0.017868 0.000510614 -0.00122478 -0.017868 0.0886675 
0.010222 -0.0185366 -0.000433807 0.000512994 -0.0185366 0.0901973 0.000506108 -0.00122568 -0.000433807 0.000506108 0.0095644 -0.0178308 0.000512994 -0.00122568 -0.0178308 0.0885723 
0.0102196 -0.0185415 -0.00044269 0.000518188 -0.0185415 0.0901819 0.000514756 -0.00126287 -0.00044269 0.000514756 0.00957104 -0.0178209 0.000518188 -0.00126287 -0.0178209 0.0885381 
0.0102531 -0.0185784 -0.000435645 0.000490529 -0.0185784 0.0902779 0.000487099 -0.00118687 -0.000435645 0.000487099 0.00954302 -0.017786 0.000490529 -0.00118687 -0.017786 0.0884221 
0.0102244 -0.0185948 -0.000423863 0.000510014 -0.0185948 0.0903035 0.000499676 -0.00118888 -0.000423863 0.000499676 0.0095352 -0.0177609 0.000510014 -0.00118888 -0.0177609 0.0883496 
0.0102199 -0.0185939 -0.000385009 0.000477824 -0.0185939 0.09035 0.000481262 -0.00115503 -0.000385009 0.000481262 0.00954273 -0.0177414 0.000477824 -0.00115503 -0.0177414 0.08826 
0.0102331 -0.0185933 -0.000348624 0.000423817 -0.0185933 0.0903927 0.000423817 -0.00104929 -0.000348624 0.000423817 0.00954614 -0.0177217 0.000423817 -0.00104929 -0.0177217 0.0882018 
0.0102536 -0.0185938 -0.000351923 0.00038609 -0.0185938 0.0903997 0.000392923 -0.000963516 -0.000351923 0.000392923 0.00953266 -0.0177499 0.00038609 -0.000963516 -0.0177499 0.0882301 
0.0102348 -0.0186236 -0.000356827 0.000404861 -0.0186236 0.0904178 0.000415154 -0.000964118 -0.000356827 0.000415154 0.00953825 -0.0177453 0.000404861 -0.000964118 -0.0177453 0.0882494 
0.0102122 -0.0185895 -0.00036423 0.000419208 -0.0185895 0.090384 0.000429516 -0.00101709 -0.00036423 0.000429516 0.00954557 -0.0177579 0.000419208 -0.00101709 -0.0177579 0.0882811 
0.0102148 -0.0185525 -0.000383656 0.00044189 -0.0185525 0.0903031 0.000445315 -0.00108246 -0.000383656 0.000445315 0.00955373 -0.0177749 0.00044189 -0.00108246 -0.0177749 0.0883403 
0.0102205 -0.0185575 -0.000379422 0.00046146 -0.0185575 0.090282 0.000454623 -0.00111776 -0.000379422 0.000454623 0.00956076 -0.0177884 0.00046146 -0.00111776 -0.0177884 0.0883781 
0.0102212 -0.0185314 -0.000388363 0.000474284 -0.0185314 0.0901895 0.000474284 -0.00117884 -0.000388363 0.000474284 0.00953723 -0.0178166 0.000474284 -0.00117884 -0.0178166 0.0884574 
0.0102394 -0.0185626 -0.000430807 0.000475611 -0.0185626 0.0902352 0.000472165 -0.00118213 -0.000430807 0.000472165 0.00950188 -0.0177665 0.000475611 -0.00118213 -0.0177665 0.088381 
0.0102264 -0.0185691 -0.000448528 0.000507182 -0.0185691 0.0902542 0.000503731 -0.00121103 -0.000448528 0.000503731 0.00949154 -0.0177272 0.000507182 -0.00121103 -0.0177272 0.0882945 
0.0102179 -0.0185859 -0.00043223 0.00051176 -0.0185859 0.0903118 0.000501387 -0.00120679 -0.00043223 0.000501387 0.00948485 -0.0176834 0.00051176 -0.00120679 -0.0176834 0.0881368 
0.0101959 -0.0185614 -0.000392944 0.000492903 -0.0185614 0.0902874 0.000486009 -0.00117538 -0.000392944 0.000486009 0.00950992 -0.017679 0.000492903 -0.00117538 -0.017679 0.0880952 
0.0102132 -0.0185708 -0.000362924 0.000458791 -0.0185708 0.0903339 0.000455367 -0.00112643 -0.000362924 0.000455367 0.00952505 -0.017684 0.000458791 -0.00112643 -0.017684 0.0880536 
0.0102035 -0.0185664 -0.000353026 0.000445567 -0.0185664 0.0903165 0.000445567 -0.00111392 -0.000353026 0.000445567 0.00954542 -0.0177267 0.000445567 -0.00111392 -0.0177267 0.0881469 
0.010181 -0.0185492 -0.000354992 0.000413583 -0.0185492 0.0902818 0.00041703 -0.0010443 -0.000354992 0.00041703 0.00955378 -0.01776 0.000413583 -0.0010443 -0.01776 0.0882277 
0.010162 -0.0185389 -0.000358374 0.000410062 -0.0185389 0.0902722 0.000406616 -0.00100276 -0.000358374 0.000406616 0.00956237 -0.0177567 0.000410062 -0.00100276 -0.0177567 0.0882598 
0.010148 -0.0185188 -0.000338844 0.00040108 -0.0185188 0.0902257 0.000390707 -0.000947379 -0.000338844 0.000390707 0.00956023 -0.0177582 0.00040108 -0.000947379 -0.0177582 0.088248 
0.0101242 -0.0185084 -0.000318871 0.000381259 -0.0185084 0.0902023 0.000374327 -0.000908089 -0.000318871 0.000374327 0.00956959 -0.0177424 0.000381259 -0.000908089 -0.0177424 0.0882094 
0.0101078 -0.0184399 -0.000325389 0.000373851 -0.0184399 0.0900324 0.00037039 -0.000903474 -0.000325389 0.00037039 0.00958859 -0.0177925 0.000373851 -0.000903474 -0.0177925 0.088312 
0.0101072 -0.0184138 -0.000324259 0.000379452 -0.0184138 0.0899197 0.000382901 -0.000917583 -0.000324259 0.000382901 0.00960358 -0.0178135 0.000379452 -0.000917583 -0.0178135 0.0883984 
0.0101333 -0.0184176 -0.000321257 0.000379356 -0.0184176 0.0898972 0.000389609 -0.000936429 -0.000321257 0.000389609 0.00962061 -0.01784 0.000379356 -0.000936429 -0.01784 0.0884754 
0.0101715 -0.0184309 -0.000319238 0.000383765 -0.0184309 0.0898927 0.000404142 -0.000967903 -0.000319238 0.000404142 0.00963488 -0.0178909 0.000383765 -0.000967903 -0.0178909 0.0886192 
0.0102006 -0.0184725 -0.000329381 0.000380316 -0.0184725 0.0899515 0.00040069 -0.00097456 -0.000329381 0.00040069 0.00962675 -0.0179224 0.000380316 -0.00097456 -0.0179224 0.0887562 
0.0102352 -0.0185592 -0.000346266 0.000380214 -0.0185592 0.0901684 0.000390398 -0.000940351 -0.000346266 0.000390398 0.00960719 -0.0178836 0.000380214 -0.000940351 -0.0178836 0.0887121 
0.0102549 -0.0186163 -0.000346129 0.000400423 -0.0186163 0.0903939 0.000403817 -0.000963731 -0.000346129 0.000403817 0.00958641 -0.0178324 0.000400423 -0.000963731 -0.0178324 0.0885615 
0.010284 -0.018636 -0.000362687 0.000406752 -0.018636 0.0904989 0.000399973 -0.000979595 -0.000362687 0.000399973 0.00955867 -0.0178191 0.000406752 -0.000979595 -0.0178191 0.0884991 
0.0102829 -0.018645 -0.000369914 0.000434395 -0.018645 0.0905 0.00042082 -0.00102151 -0.000369914 0.00042082 0.00956347 -0.0178271 0.000434395 -0.00102151 -0.0178271 0.0885384 
0.0102921 -0.0186552 -0.000395324 0.000456668 -0.0186552 0.0905258 0.000443036 -0.00109055 -0.000395324 0.000443036 0.00954231 -0.0178203 0.000456668 -0.00109055 -0.0178203 0.0885356 
0.0102919 -0.0186665 -0.000390312 0.000462212 -0.0186665 0.0905627 0.000458788 -0.00110588 -0.000390312 0.000458788 0.00952498 -0.01779 0.000462212 -0.00110588 -0.01779 0.0884742 
0.0102366 -0.0186588 -0.000353932 0.000463892 -0.0186588 0.0905552 0.000453583 -0.0011099 -0.000353932 0.000453583 0.00954587 -0.0177619 0.000463892 -0.0011099 -0.0177619 0.0883972 
0.0102044 -0.0185759 -0.000322642 0.000425612 -0.0185759 0.0904014 0.000418748 -0.00107776 -0.000322642 0.000418748 0.00957971 -0.0178036 0.000425612 -0.00107776 -0.0178036 0.088445 
0.0101981 -0.018506 -0.000351184 0.000402829 -0.018506 0.0901854 0.000402829 -0.00103978 -0.000351184 0.000402829 0.00957493 -0.0178656 0.000402829 -0.00103978 -0.0178656 0.0885879 
0.0102362 -0.0184988 -0.000398858 0.000426366 -0.0184988 0.0901076 0.000429804 -0.00104528 -0.000398858 0.000429804 0.00954166 -0.0178489 0.000426366 -0.00104528 -0.0178489 0.0886153 
0.0102372 -0.0185645 -0.000395722 0.00045422 -0.0185645 0.0902005 0.00045422 -0.00106329 -0.000395722 0.00045422 0.00954206 -0.0177868 0.00045422 -0.00106329 -0.0177868 0.0885007 
0.0102889 -0.0185783 -0.000445851 0.000493866 -0.0185783 0.090278 0.000493866 -0.00119008 -0.000445851 0.000493866 0.00950006 -0.0177792 0.000493866 -0.00119008 -0.0177792 0.0884089 
0.0102812 -0.0186293 -0.000436839 0.00053315 -0.0186293 0.0903534 0.00053315 -0.00127612 -0.000436839 0.00053315 0.00949351 -0.0177247 0.00053315 -0.00127612 -0.0177247 0.0883068 
0.0102666 -0.0186484 -0.000404357 0.00051744 -0.0186484 0.0904664 0.00050716 -0.00127818 -0.000404357 0.00050716 0.00952639 -0.0177095 0.00051744 -0.00127818 -0.0177095 0.088239 
0.0102434 -0.0186075 -0.000387513 0.000490393 -0.0186075 0.0904037 0.000483534 -0.00123798 -0.000387513 0.000483534 0.00955066 -0.0177707 0.000490393 -0.00123798 -0.0177707 0.0883153 
0.0102466 -0.0185921 -0.0003857 0.000474445 -0.0185921 0.0903766 0.000467618 -0.00118441 -0.0003857 0.000467618 0.00957082 -0.0177934 0.000474445 -0.00118441 -0.0177934 0.0883901 
0.0102446 -0.0186107 -0.000357963 0.000432965 -0.0186107 0.0904079 0.000432965 -0.00107389 -0.000357963 0.000432965 0.00959342 -0.0178061 0.000432965 -0.00107389 -0.0178061 0.0884306 
0.0102551 -0.0186088 -0.000343537 0.000404762 -0.0186088 0.0904218 0.000404762 -0.000993197 -0.000343537 0.000404762 0.00960884 -0.0178503 0.000404762 -0.000993197 -0.0178503 0.088534 
0.0102796 -0.0186127 -0.00034468 0.000395368 -0.0186127 0.0904142 0.000402126 -0.000959696 -0.00034468 0.000402126 0.00964089 -0.0178997 0.000395368 -0.000959696 -0.0178997 0.0887043 
0.0103206 -0.0186326 -0.000403069 0.000440327 -0.0186326 0.0904364 0.000443714 -0.00107033 -0.000403069 0.000443714 0.00962623 -0.0179518 0.000440327 -0.00107033 -0.0179518 0.0888682 
0.0103461 -0.0186958 -0.000421736 0.000469351 -0.0186958 0.0905677 0.000472752 -0.00111896 -0.000421736 0.000472752 0.00960129 -0.0179272 0.000469351 -0.00111896 -0.0179272 0.0888842 
0.0103568 -0.0187293 -0.000421537 0.000496934 -0.0187293 0.0906717 0.000507216 -0.0011995 -0.000421537 0.000507216 0.00955828 -0.0178862 0.000496934 -0.0011995 -0.0178862 0.0888005 
0.010334 -0.0187168 -0.000419828 0.000498976 -0.0187168 0.0906657 0.000495535 -0.00121475 -0.000419828 0.000495535 0.00954937 -0.017853 0.000498976 -0.00121475 -0.017853 0.088718 
0.0103201 -0.0186761 -0.000430721 0.000509974 -0.0186761 0.0905789 0.000509974 -0.00125771 -0.000430721 0.000509974 0.009531 -0.0178284 0.000509974 -0.00125771 -0.0178284 0.0886252 
0.0103353 -0.0186721 -0.000459346 0.000527905 -0.0186721 0.0905598 0.000517621 -0.00128548 -0.000459346 0.000517621 0.00952286 -0.0177842 0.000527905 -0.00128548 -0.0177842 0.0884961 
0.0103625 -0.0187078 -0.000471022 0.000549526 -0.0187078 0.0906171 0.000542699 -0.00132091 -0.000471022 0.000542699 0.00950918 -0.0177555 0.000549526 -0.00132091 -0.0177555 0.088378 
0.0103879 -0.0187309 -0.000489963 0.00055461 -0.0187309 0.0906771 0.000547805 -0.00132698 -0.000489963 0.000547805 0.00951004 -0.0177645 0.00055461 -0.00132698 -0.0177645 0.0883736 
0.010386 -0.0187794 -0.000473486 0.000568865 -0.0187794 0.0907868 0.000565459 -0.00134552 -0.000473486 0.000565459 0.00951742 -0.0177438 0.000568865 -0.00134552 -0.0177438 0.088324 
0.0103315 -0.0187913 -0.00042197 0.00054788 -0.0187913 0.0908902 0.00054788 -0.00133057 -0.00042197 0.00054788 0.00956578 -0.0177329 0.00054788 -0.00133057 -0.0177329 0.0882767 
0.0102647 -0.0187296 -0.000383215 0.000492705 -0.0187296 0.0908083 0.000489284 -0.00123861 -0.000383215 0.000489284 0.00959407 -0.0177853 0.000492705 -0.00123861 -0.0177853 0.0883071 
0.0102368 -0.0186528 -0.000359366 0.000438085 -0.0186528 0.0906561 0.000438085 -0.0011089 -0.000359366 0.000438085 0.00959679 -0.0178143 0.000438085 -0.0011089 -0.0178143 0.088387 
0.0102428 -0.0186247 -0.000344839 0.000378982 -0.0186247 0.0905459 0.00038581 -0.000935505 -0.000344839 0.00038581 0.00958722 -0.0178156 0.000378982 -0.000935505 -0.0178156 0.0884223 
0.0102103 -0.0185673 -0.000345359 0.000406909 -0.0185673 0.090344 0.000417167 -0.000974529 -0.000345359 0.000417167 0.00960167 -0.0178561 0.000406909 -0.000974529 -0.0178561 0.0885419 
0.0101855 -0.0185118 -0.000336766 0.00041924 -0.0185118 0.09014 0.000429549 -0.00103092 -0.000336766 0.000429549 0.00959097 -0.0178761 0.00041924 -0.00103092 -0.0178761 0.0886486 
0.0101922 -0.0184947 -0.000344215 0.0004165 -0.0184947 0.0900673 0.000423385 -0.00104986 -0.000344215 0.000423385 0.00955541 -0.0178441 0.0004165 -0.00104986 -0.0178441 0.088601 
0.0101727 -0.0185155 -0.000312426 0.000408557 -0.0185155 0.0900954 0.000415424 -0.00102311 -0.000312426 0.000415424 0.00956161 -0.0177911 0.000408557 -0.00102311 -0.0177911 0.0884921 
0.010147 -0.0184925 -0.000284817 0.000370605 -0.0184925 0.0900674 0.000367174 -0.000950534 -0.000284817 0.000367174 0.009598 -0.0178062 0.000370605 -0.000950534 -0.0178062 0.0884683 
0.0101762 -0.0185034 -0.000278375 0.000302433 -0.0185034 0.0901146 0.000298996 -0.000776702 -0.000278375 0.000298996 0.0095713 -0.0178126 0.000302433 -0.000776702 -0.0178126 0.088434 
0.0102013 -0.0185225 -0.000316213 0.000333399 -0.0185225 0.0901448 0.000336836 -0.00079397 -0.000316213 0.000336836 0.00954826 -0.0177973 0.000333399 -0.00079397 -0.0177973 0.0884091 
0.0102183 -0.0185345 -0.000333058 0.000387995 -0.0185345 0.0901659 0.000377694 -0.000882431 -0.000333058 0.000377694 0.00952476 -0.0177757 0.000387995 -0.000882431 -0.0177757 0.0883735 
0.0102156 -0.0185084 -0.000371475 0.000433387 -0.0185084 0.0900792 0.000426508 -0.001025 -0.000371475 0.000426508 0.00951732 -0.0177964 0.000433387 -0.001025 -0.0177964 0.0884351 
0.0101942 -0.0185142 -0.000389302 0.000465095 -0.0185142 0.0900873 0.000471986 -0.00114035 -0.000389302 0.000471986 0.00954307 -0.017777 0.000465095 -0.00114035 -0.017777 0.0884405 
0.0101573 -0.0185078 -0.000367545 0.000484335 -0.0185078 0.0901137 0.00049464 -0.00121599 -0.000367545 0.00049464 0.00957677 -0.0177761 0.000484335 -0.00121599 -0.0177761 0.0883894 
0.0100997 -0.0184617 -0.00033379 0.000450788 -0.0184617 0.09002 0.000450788 -0.00116999 -0.00033379 0.000450788 0.00961452 -0.0178147 0.000450788 -0.00116999 -0.0178147 0.0884268 
0.0101188 -0.0184088 -0.000319108 0.000387734 -0.0184088 0.0899165 0.000380871 -0.00101566 -0.000319108 0.000380871 0.0096007 -0.0178563 0.000387734 -0.00101566 -0.0178563 0.0885234 
0.0101328 -0.0184488 -0.000301653 0.000353071 -0.0184488 0.0899303 0.000349643 -0.000880964 -0.000301653 0.000349643 0.00960148 -0.0178352 0.000353071 -0.000880964 -0.0178352 0.0885214 
0.0101644 -0.0184733 -0.000303568 0.000354731 -0.0184733 0.0900232 0.000344498 -0.000845897 -0.000303568 0.000344498 0.00959138 -0.0178184 0.000354731 -0.000845897 -0.0178184 0.0884712 
0.0102216 -0.0185061 -0.000331381 0.000362128 -0.0185061 0.0900982 0.000351879 -0.000867741 -0.000331381 0.000351879 0.00953832 -0.0178126 0.000362128 -0.000867741 -0.0178126 0.0884481 
0.0102701 -0.018581 -0.00037203 0.000409574 -0.018581 0.0902702 0.000406161 -0.000969326 -0.00037203 0.000406161 0.00949189 -0.0177516 0.000409574 -0.000969326 -0.0177516 0.0883452 
0.0102922 -0.0186543 -0.00035184 0.00042699 -0.0186543 0.0904672 0.000416742 -0.00100428 -0.00035184 0.000416742 0.00949284 -0.0177013 0.00042699 -0.00100428 -0.0177013 0.0882332 
0.0102719 -0.0186102 -0.000364906 0.000453575 -0.0186102 0.0904115 0.000450165 -0.00111177 -0.000364906 0.000450165 0.0095319 -0.0177747 0.000453575 -0.00111177 -0.0177747 0.0883721 
0.0102431 -0.0185977 -0.00036607 0.000461864 -0.0185977 0.0903645 0.000468706 -0.00117348 -0.00036607 0.000468706 0.00956571 -0.017804 0.000461864 -0.00117348 -0.017804 0.0884657 
0.0101953 -0.018565 -0.000358212 0.000461542 -0.018565 0.0903142 0.000471875 -0.0011883 -0.000358212 0.000471875 0.00957528 -0.017821 0.000461542 -0.0011883 -0.017821 0.0884955 
0.0101774 -0.0185423 -0.00033707 0.000412738 -0.0185423 0.0902797 0.000409299 -0.00105248 -0.00033707 0.000409299 0.00958929 -0.01782 0.000412738 -0.00105248 -0.01782 0.0884946 
0.0101698 -0.0185006 -0.000361609 0.000420155 -0.0185006 0.0901577 0.000416711 -0.0010435 -0.000361609 0.000416711 0.00959124 -0.0178394 0.000420155 -0.0010435 -0.0178394 0.0885322 
0.0101863 -0.0184858 -0.000378033 0.000422709 -0.0184858 0.0900887 0.000422709 -0.00102413 -0.000378033 0.000422709 0.00957798 -0.0178432 0.000422709 -0.00102413 -0.0178432 0.0885628 
0.0101935 -0.0184955 -0.000367985 0.000447084 -0.0184955 0.0900703 0.000450523 -0.00106612 -0.000367985 0.000450523 0.00958136 -0.0178387 0.000447084 -0.00106612 -0.0178387 0.0885742 
0.0102279 -0.0185227 -0.000390746 0.000442159 -0.0185227 0.0901251 0.000445587 -0.0010934 -0.000390746 0.000445587 0.00956641 -0.0178303 0.000442159 -0.0010934 -0.0178303 0.0885621 
0.0102443 -0.0185983 -0.000384247 0.000435709 -0.0185983 0.0903084 0.000435709 -0.00104639 -0.000384247 0.000435709 0.00956501 -0.017792 0.000435709 -0.00104639 -0.017792 0.0884489 
0.010243 -0.0186449 -0.0003538 0.000422499 -0.0186449 0.0904869 0.000429369 -0.00100301 -0.0003538 0.000429369 0.00956634 -0.0177553 0.000422499 -0.00100301 -0.0177553 0.0883195 
0.0102572 -0.0186392 -0.000329109 0.000401101 -0.0186392 0.0905357 0.000394245 -0.000963328 -0.000329109 0.000394245 0.009575 -0.0177822 0.000401101 -0.000963328 -0.0177822 0.0883382 
0.0102867 -0.0186158 -0.000365551 0.000409963 -0.0186158 0.0904789 0.000416796 -0.00101808 -0.000365551 0.000416796 0.00957265 -0.0178266 0.000409963 -0.00101808 -0.0178266 0.0884633 
0.0103 -0.0185987 -0.000415956 0.000470508 -0.0185987 0.0903546 0.000473917 -0.00114558 -0.000415956 0.000473917 0.009567 -0.0178725 0.000470508 -0.00114558 -0.0178725 0.0886328 
0.0103145 -0.0186392 -0.000430056 0.000498319 -0.0186392 0.0903937 0.000505145 -0.00121849 -0.000430056 0.000505145 0.00956022 -0.0178507 0.000498319 -0.00121849 -0.0178507 0.0886564 
0.010314 -0.0186467 -0.000448288 0.000520151 -0.0186467 0.0904207 0.000526995 -0.00128327 -0.000448288 0.000526995 0.00954408 -0.0178494 0.000520151 -0.00128327 -0.0178494 0.0886652 
0.0102964 -0.0186535 -0.000445436 0.000541376 -0.0186535 0.0904475 0.000544802 -0.00134316 -0.000445436 0.000544802 0.00955289 -0.0178277 0.000541376 -0.00134316 -0.0178277 0.0886383 
0.0103087 -0.0186496 -0.000442243 0.000531377 -0.0186496 0.0904712 0.000538233 -0.00134044 -0.000442243 0.000538233 0.00953736 -0.01782 0.000531377 -0.00134044 -0.01782 0.088572 
0.0103335 -0.0187012 -0.000428847 0.000500894 -0.0187012 0.0905966 0.000507755 -0.00125223 -0.000428847 0.000507755 0.00951698 -0.0177611 0.000500894 -0.00125223 -0.0177611 0.0884215 
0.0103322 -0.0187012 -0.000430507 0.000492501 -0.0187012 0.0906304 0.000502833 -0.00121575 -0.000430507 0.000502833 0.00950216 -0.0177472 0.000492501 -0.00121575 -0.0177472 0.088347 
0.0103116 -0.0187196 -0.000437985 0.000486267 -0.0187196 0.0906768 0.000489716 -0.00117946 -0.000437985 0.000489716 0.00949083 -0.0177056 0.000486267 -0.00117946 -0.0177056 0.0882316 
0.0102898 -0.0186793 -0.00042874 0.000531638 -0.0186793 0.0906082 0.000531638 -0.00126564 -0.00042874 0.000531638 0.00954204 -0.0177293 0.000531638 -0.00126564 -0.0177293 0.0882484 
0.0102572 -0.0186559 -0.000403852 0.000516794 -0.0186559 0.0905588 0.000513372 -0.00128001 -0.000403852 0.000513372 0.00957951 -0.0177661 0.000516794 -0.00128001 -0.0177661 0.0882965 
0.0102361 -0.0185918 -0.000382914 0.000482061 -0.0185918 0.090395 0.000471805 -0.00118977 -0.000382914 0.000471805 0.00960703 -0.0178431 0.000482061 -0.00118977 -0.0178431 0.088477 
0.0102629 -0.018603 -0.000363499 0.000438237 -0.018603 0.0904026 0.000428046 -0.00107691 -0.000363499 0.000428046 0.00961065 -0.017859 0.000438237 -0.00107691 -0.017859 0.0885613 
0.010279 -0.0185952 -0.000390514 0.000431263 -0.0185952 0.0903411 0.000414284 -0.00102213 -0.000390514 0.000414284 0.00961343 -0.0179059 0.000431263 -0.00102213 -0.0179059 0.0887077 
