0.00695126 0 -0.000665258 0 0 0.00998792 0 0 -0.000665258 0 0.00757127 0 0 0 0 0.00998792 
0.00987583 -0.0122726 -0.000792047 0.000969432 -0.0122726 0.0327214 0.000969432 -0.00186048 -0.000792047 0.000969432 0.0106225 -0.0131884 0.000969432 -0.00186048 -0.0131884 0.0344623 
0.00991304 -0.0187735 -0.000655233 0.0010991 -0.0187735 0.0692729 0.0010991 -0.00346639 -0.000655233 0.0010991 0.0106359 -0.0197331 0.0010991 -0.00346639 -0.0197331 0.0722278 
0.00936234 -0.0185302 -0.000623886 0.000769729 -0.0185302 0.0837385 0.000753525 -0.00257252 -0.000623886 0.000753525 0.0101037 -0.0193648 0.000769729 -0.00257252 -0.0193648 0.0860679 
0.00931829 -0.0178276 -0.000635601 0.00068953 -0.0178276 0.0870233 0.000662565 -0.00171805 -0.000635601 0.000662565 0.0101349 -0.0187329 0.00068953 -0.00171805 -0.0187329 0.0892114 
0.00944881 -0.0177437 -0.000685712 0.000752071 -0.0177437 0.0879739 0.000733638 -0.00165898 -0.000685712 0.000733638 0.0103078 -0.0186432 0.000752071 -0.00165898 -0.0186432 0.0900974 
0.00954084 -0.0178419 -0.000744599 0.000855042 -0.0178419 0.0885218 0.000851479 -0.00192741 -0.000744599 0.000851479 0.0104244 -0.0187361 0.000855042 -0.00192741 -0.0187361 0.0905525 
0.00958577 -0.0178655 -0.000743814 0.000907942 -0.0178655 0.0886884 0.000900958 -0.00214065 -0.000743814 0.000900958 0.0104448 -0.0188223 0.000907942 -0.00214065 -0.0188223 0.0908361 
0.00962885 -0.017864 -0.000707146 0.000871917 -0.017864 0.088661 0.000861619 -0.00214203 -0.000707146 0.000861619 0.0104527 -0.0188595 0.000871917 -0.00214203 -0.0188595 0.0910227 
0.0096501 -0.017894 -0.000665759 0.000808421 -0.017894 0.0886648 0.000808421 -0.00203464 -0.000665759 0.000808421 0.0104653 -0.0188756 0.000808421 -0.00203464 -0.0188756 0.0910934 
0.00967996 -0.0179626 -0.000646233 0.00077142 -0.0179626 0.0888283 0.00077142 -0.0019184 -0.000646233 0.00077142 0.0104548 -0.0188524 0.00077142 -0.0019184 -0.0188524 0.0910377 
0.00968617 -0.0180089 -0.00062928 0.000744309 -0.0180089 0.0889957 0.000747693 -0.00183032 -0.00062928 0.000747693 0.010444 -0.0188479 0.000744309 -0.00183032 -0.0188479 0.091002 
0.00967801 -0.0180311 -0.000626902 0.000725173 -0.0180311 0.0891014 0.000735339 -0.00178582 -0.000626902 0.000735339 0.0104438 -0.0188274 0.000725173 -0.00178582 -0.0188274 0.0909618 
0.00966413 -0.0179796 -0.000599772 0.000714983 -0.0179796 0.0890306 0.000718371 -0.00173832 -0.000599772 0.000718371 0.0104435 -0.018864 0.000714983 -0.00173832 -0.018864 0.0910468 
0.00967032 -0.0179843 -0.000595305 0.000720454 -0.0179843 0.0890082 0.000713689 -0.00174532 -0.000595305 0.000713689 0.0104314 -0.0188468 0.000720454 -0.00174532 -0.0188468 0.0910444 
0.00966311 -0.017991 -0.000613638 0.000711415 -0.017991 0.0890179 0.000711415 -0.00173976 -0.000613638 0.000711415 0.0104588 -0.0188474 0.000711415 -0.00173976 -0.0188474 0.0910476 
0.00964663 -0.0179983 -0.000665981 0.000743342 -0.0179983 0.0890396 0.000739978 -0.00179277 -0.000665981 0.000739978 0.010464 -0.0188392 0.000743342 -0.00179277 -0.0188392 0.0910072 
0.00964446 -0.0179938 -0.000713159 0.000793894 -0.0179938 0.0890574 0.00079053 -0.00188382 -0.000713159 0.00079053 0.0104619 -0.018855 0.000793894 -0.00188382 -0.018855 0.0910219 
0.00964406 -0.0179896 -0.000693209 0.000845377 -0.0179896 0.0890656 0.000845377 -0.00200523 -0.000693209 0.000845377 0.0104286 -0.0188418 0.000845377 -0.00200523 -0.0188418 0.0909964 
0.00968874 -0.0180378 -0.000649524 0.000825437 -0.0180378 0.0891979 0.00082882 -0.00202638 -0.000649524 0.00082882 0.0103822 -0.0187719 0.000825437 -0.00202638 -0.0187719 0.0908488 
0.00972739 -0.0180351 -0.000586151 0.00075217 -0.0180351 0.0891898 0.000755558 -0.00189398 -0.000586151 0.000755558 0.0103406 -0.0187704 0.00075217 -0.00189398 -0.0187704 0.0908432 
0.00974235 -0.0180822 -0.00058209 0.000687615 -0.0180822 0.089247 0.000687615 -0.00174287 -0.00058209 0.000687615 0.0102938 -0.0186984 0.000687615 -0.00174287 -0.0186984 0.0907073 
0.00973233 -0.018049 -0.000581898 0.000649956 -0.018049 0.0891835 0.00064315 -0.00157555 -0.000581898 0.00064315 0.0102938 -0.0186922 0.000649956 -0.00157555 -0.0186922 0.0906842 
0.00971965 -0.0180391 -0.000558718 0.00066433 -0.0180391 0.0891258 0.000660923 -0.00156714 -0.000558718 0.000660923 0.010275 -0.0186762 0.00066433 -0.00156714 -0.0186762 0.0906282 
0.00969988 -0.0180267 -0.000559413 0.000637392 -0.0180267 0.0890755 0.000627221 -0.00152228 -0.000559413 0.000627221 0.0103135 -0.0186674 0.000637392 -0.00152228 -0.0186674 0.0906012 
0.00969818 -0.0179965 -0.000560608 0.000631103 -0.0179965 0.0890359 0.000621033 -0.00149048 -0.000560608 0.000621033 0.0103662 -0.0187115 0.000631103 -0.00149048 -0.0187115 0.090664 
0.00970327 -0.0180524 -0.00057985 0.000680402 -0.0180524 0.0891494 0.00067705 -0.00160548 -0.00057985 0.00067705 0.0103803 -0.0187194 0.000680402 -0.00160548 -0.0187194 0.0906644 
0.00969274 -0.0180519 -0.000567182 0.000708978 -0.0180519 0.0891962 0.00069885 -0.0016948 -0.000567182 0.00069885 0.0103578 -0.0187407 0.000708978 -0.0016948 -0.0187407 0.0906985 
0.00969111 -0.0180346 -0.000553293 0.000675492 -0.0180346 0.0891785 0.000682281 -0.00168364 -0.000553293 0.000682281 0.0103259 -0.0187305 0.000675492 -0.00168364 -0.0187305 0.0907094 
0.00966391 -0.0179828 -0.00055845 0.000646985 -0.0179828 0.0890387 0.000653795 -0.00161406 -0.00055845 0.000653795 0.0103143 -0.0187183 0.000646985 -0.00161406 -0.0187183 0.0907379 
0.00963939 -0.0179486 -0.000553948 0.000646273 -0.0179486 0.0889292 0.000646273 -0.0015661 -0.000553948 0.000646273 0.0103096 -0.0187043 0.000646273 -0.0015661 -0.0187043 0.0907244 
0.00965481 -0.0179348 -0.000527998 0.000637711 -0.0179348 0.0888716 0.000637711 -0.00153942 -0.000527998 0.000637711 0.0102822 -0.0186788 0.000637711 -0.00153942 -0.0186788 0.0906613 
0.0096617 -0.0179539 -0.00054437 0.000626539 -0.0179539 0.0888863 0.000619691 -0.00152355 -0.00054437 0.000619691 0.0102711 -0.0186387 0.000626539 -0.00152355 -0.0186387 0.0905502 
0.00967843 -0.0179885 -0.000563859 0.000667004 -0.0179885 0.0889728 0.000656689 -0.00159875 -0.000563859 0.000656689 0.0102423 -0.0185901 0.000667004 -0.00159875 -0.0185901 0.0903927 
0.00966624 -0.018 -0.000596005 0.000671362 -0.018 0.0890239 0.000667936 -0.00163387 -0.000596005 0.000667936 0.0102588 -0.0185584 0.000671362 -0.00163387 -0.0185584 0.090281 
0.0096676 -0.0179556 -0.000585915 0.000684703 -0.0179556 0.0889501 0.000688109 -0.00164192 -0.000585915 0.000688109 0.010291 -0.0186232 0.000684703 -0.00164192 -0.0186232 0.0903774 
0.00967537 -0.0179622 -0.000578548 0.000687451 -0.0179622 0.0889092 0.000687451 -0.00166418 -0.000578548 0.000687451 0.0102948 -0.0186565 0.000687451 -0.00166418 -0.0186565 0.0904781 
0.00967519 -0.0179599 -0.000586168 0.000681591 -0.0179599 0.0888931 0.000688407 -0.00166308 -0.000586168 0.000688407 0.0102818 -0.018662 0.000681591 -0.00166308 -0.018662 0.0905289 
0.00967368 -0.0179522 -0.000557374 0.000673636 -0.0179522 0.0888447 0.000683894 -0.00164476 -0.000557374 0.000683894 0.0102482 -0.0186566 0.000673636 -0.00164476 -0.0186566 0.0905339 
0.00965479 -0.017947 -0.000542288 0.000648686 -0.017947 0.0888323 0.000655551 -0.0016097 -0.000542288 0.000655551 0.0102314 -0.018606 0.000648686 -0.0016097 -0.018606 0.0904523 
0.00965893 -0.0179336 -0.000522936 0.000615218 -0.0179336 0.0888341 0.000632308 -0.00152096 -0.000522936 0.000632308 0.01024 -0.0185899 0.000615218 -0.00152096 -0.0185899 0.0903961 
0.00969048 -0.0179699 -0.000503225 0.00061203 -0.0179699 0.0889178 0.000618831 -0.00150287 -0.000503225 0.000618831 0.0102413 -0.0185717 0.00061203 -0.00150287 -0.0185717 0.0903289 
0.00969295 -0.0180148 -0.000529447 0.000593931 -0.0180148 0.0890184 0.000597325 -0.00147974 -0.000529447 0.000597325 0.0102529 -0.0185612 0.000593931 -0.00147974 -0.0185612 0.0902673 
0.00970637 -0.0180266 -0.000534172 0.000642358 -0.0180266 0.0890917 0.000635597 -0.0015349 -0.000534172 0.000635597 0.0102608 -0.0185844 0.000642358 -0.0015349 -0.0185844 0.0902886 
0.00969849 -0.0180052 -0.000532959 0.000644982 -0.0180052 0.089038 0.000628009 -0.00156153 -0.000532959 0.000628009 0.0102586 -0.0186332 0.000644982 -0.00156153 -0.0186332 0.0904061 
0.0097127 -0.0180005 -0.00050672 0.000622347 -0.0180005 0.0890059 0.000615546 -0.00150996 -0.00050672 0.000615546 0.010216 -0.0186228 0.000622347 -0.00150996 -0.0186228 0.0904478 
0.00973477 -0.018012 -0.000505042 0.00059317 -0.018012 0.0890026 0.00059317 -0.00145072 -0.000505042 0.00059317 0.0101957 -0.0185713 0.00059317 -0.00145072 -0.0185713 0.0903822 
0.00972439 -0.0180169 -0.000512345 0.000586992 -0.0180169 0.0889988 0.000593778 -0.00142167 -0.000512345 0.000593778 0.0101892 -0.0185564 0.000586992 -0.00142167 -0.0185564 0.0903459 
0.00970973 -0.0180396 -0.000536975 0.000591352 -0.0180396 0.0890766 0.000608345 -0.0014274 -0.000536975 0.000608345 0.0102025 -0.0185324 0.000591352 -0.0014274 -0.0185324 0.0902593 
0.00968207 -0.0179893 -0.000551317 0.000598961 -0.0179893 0.0890036 0.000609171 -0.00141232 -0.000551317 0.000609171 0.0102368 -0.0185848 0.000598961 -0.00141232 -0.0185848 0.0903479 
0.0096672 -0.0179592 -0.00056567 0.000636802 -0.0179592 0.0889118 0.00064019 -0.001487 -0.00056567 0.00064019 0.0102667 -0.0186197 0.000636802 -0.001487 -0.0186197 0.090453 
0.00966926 -0.0179514 -0.00057656 0.000678306 -0.0179514 0.0888717 0.00066474 -0.00159741 -0.00057656 0.00066474 0.0102696 -0.0186466 0.000678306 -0.00159741 -0.0186466 0.0905166 
0.00965755 -0.0179258 -0.000576064 0.000687888 -0.0179258 0.0887884 0.000670945 -0.00164687 -0.000576064 0.000670945 0.0102844 -0.018678 0.000687888 -0.00164687 -0.018678 0.090642 
0.00966856 -0.0179327 -0.000582076 0.000703906 -0.0179327 0.0887835 0.000686985 -0.00169208 -0.000582076 0.000686985 0.0102811 -0.018684 0.000703906 -0.00169208 -0.018684 0.0906719 
0.00968312 -0.0179863 -0.000614052 0.000725391 -0.0179863 0.0889228 0.000718643 -0.00178142 -0.000614052 0.000718643 0.0102871 -0.0186442 0.000725391 -0.00178142 -0.0186442 0.0905794 
0.00967918 -0.0179698 -0.000597981 0.000702712 -0.0179698 0.0889269 0.000699334 -0.00171962 -0.000597981 0.000699334 0.0102907 -0.0186827 0.000702712 -0.00171962 -0.0186827 0.0906296 
0.00970653 -0.0179846 -0.000571372 0.000693809 -0.0179846 0.0889606 0.000693809 -0.00168351 -0.000571372 0.000693809 0.0102303 -0.0186614 0.000693809 -0.00168351 -0.0186614 0.0905863 
0.00971419 -0.0180176 -0.000544433 0.000643732 -0.0180176 0.0890336 0.000654004 -0.00159906 -0.000544433 0.000654004 0.0101833 -0.0185758 0.000643732 -0.00159906 -0.0185758 0.0904306 
0.00967819 -0.017962 -0.000537103 0.000612848 -0.017962 0.0889112 0.000623177 -0.00149425 -0.000537103 0.000623177 0.0101602 -0.018561 0.000612848 -0.00149425 -0.018561 0.0903676 
0.00966713 -0.017924 -0.000478159 0.000595966 -0.017924 0.0888024 0.000602896 -0.00142062 -0.000478159 0.000602896 0.010128 -0.0185269 0.000595966 -0.00142062 -0.0185269 0.090275 
0.00968975 -0.0179488 -0.000463062 0.000549454 -0.0179488 0.0888285 0.000559821 -0.00137536 -0.000463062 0.000559821 0.0100941 -0.0184326 0.000549454 -0.00137536 -0.0184326 0.0900414 
0.0096923 -0.0179524 -0.000453361 0.000532355 -0.0179524 0.0888175 0.00053579 -0.001312 -0.000453361 0.00053579 0.0101113 -0.0184092 0.000532355 -0.001312 -0.0184092 0.0899234 
0.00972211 -0.0179709 -0.000420471 0.000529862 -0.0179709 0.0888596 0.000529862 -0.00129218 -0.000420471 0.000529862 0.0101118 -0.0184221 0.000529862 -0.00129218 -0.0184221 0.0898919 
0.00970967 -0.0180132 -0.000431085 0.000502932 -0.0180132 0.0889505 0.000499511 -0.0012522 -0.000431085 0.000499511 0.0101305 -0.0184101 0.000502932 -0.0012522 -0.0184101 0.0898401 
0.00966001 -0.0179591 -0.000445636 0.000503911 -0.0179591 0.0888701 0.000490199 -0.00120322 -0.000445636 0.000490199 0.0101639 -0.0184699 0.000503911 -0.00120322 -0.0184699 0.0899842 
0.0096464 -0.0179343 -0.000477883 0.000532498 -0.0179343 0.0888281 0.000529084 -0.00126639 -0.000477883 0.000529084 0.0101926 -0.0185009 0.000532498 -0.00126639 -0.0185009 0.090074 
0.00966486 -0.0179427 -0.000478289 0.000577363 -0.0179427 0.0888388 0.000567114 -0.00136312 -0.000478289 0.000567114 0.0101841 -0.01852 0.000577363 -0.00136312 -0.01852 0.0901199 
0.00965912 -0.0179384 -0.000473688 0.000573231 -0.0179384 0.0888131 0.000573231 -0.00139017 -0.000473688 0.000573231 0.0101603 -0.018515 0.000573231 -0.00139017 -0.018515 0.0901346 
0.00962727 -0.0179043 -0.000451225 0.000540781 -0.0179043 0.088719 0.000551114 -0.0013399 -0.000451225 0.000551114 0.0101474 -0.0184968 0.000540781 -0.0013399 -0.0184968 0.0901209 
0.00965168 -0.0178875 -0.000404024 0.000521432 -0.0178875 0.0886711 0.000531792 -0.00129149 -0.000404024 0.000531792 0.0100971 -0.0184539 0.000521432 -0.00129149 -0.0184539 0.0900248 
0.00965833 -0.0178784 -0.000395692 0.000474831 -0.0178784 0.0885869 0.000488594 -0.00121804 -0.000395692 0.000488594 0.0100815 -0.018422 0.000474831 -0.00121804 -0.018422 0.0899838 
0.00968419 -0.0178946 -0.000371015 0.000453463 -0.0178946 0.0886109 0.000467205 -0.00113709 -0.000371015 0.000467205 0.0100655 -0.0184031 0.000453463 -0.00113709 -0.0184031 0.0899197 
0.00968316 -0.0179341 -0.00037691 0.00042488 -0.0179341 0.0886903 0.00043516 -0.00105877 -0.00037691 0.00043516 0.0100841 -0.0183829 0.00042488 -0.00105877 -0.0183829 0.0898622 
0.00969678 -0.0179708 -0.000399199 0.000457202 -0.0179708 0.0888337 0.000460614 -0.00110547 -0.000399199 0.000460614 0.0101028 -0.0183734 0.000457202 -0.00110547 -0.0183734 0.0897959 
0.00967883 -0.0179764 -0.000403427 0.000478642 -0.0179764 0.0888736 0.000468386 -0.00113165 -0.000403427 0.000468386 0.0100994 -0.0183901 0.000478642 -0.00113165 -0.0183901 0.0897796 
0.00965977 -0.0179612 -0.000386115 0.000492986 -0.0179612 0.0888547 0.000486091 -0.00118592 -0.000386115 0.000486091 0.01007 -0.0183853 0.000492986 -0.00118592 -0.0183853 0.0897614 
0.00965984 -0.0179289 -0.000385567 0.000481959 -0.0179289 0.0888079 0.000481959 -0.00120834 -0.000385567 0.000481959 0.0100661 -0.0183626 0.000481959 -0.00120834 -0.0183626 0.0897511 
0.00966716 -0.0179102 -0.000380921 0.000473577 -0.0179102 0.088734 0.000470146 -0.00117365 -0.000380921 0.000470146 0.0100584 -0.0183597 0.000473577 -0.00117365 -0.0183597 0.0897567 
0.00969509 -0.0179033 -0.000359832 0.000451487 -0.0179033 0.088685 0.000451487 -0.00113042 -0.000359832 0.000451487 0.0100855 -0.0183888 0.000451487 -0.00113042 -0.0183888 0.0898426 
0.00971237 -0.0179585 -0.000357198 0.000428637 -0.0179585 0.0887585 0.000425235 -0.00107159 -0.000357198 0.000425235 0.0100832 -0.0184042 0.000428637 -0.00107159 -0.0184042 0.0898743 
0.00971132 -0.0180095 -0.000399376 0.00042327 -0.0180095 0.0889141 0.000419857 -0.00103769 -0.000399376 0.000419857 0.0100766 -0.0183747 0.00042327 -0.00103769 -0.0183747 0.0898152 
0.00969429 -0.0180066 -0.000468637 0.00048232 -0.0180066 0.0889863 0.000485741 -0.00113568 -0.000468637 0.000485741 0.0100877 -0.0183761 0.00048232 -0.00113568 -0.0183761 0.0898142 
0.00968474 -0.0179659 -0.00048612 0.000558011 -0.0179659 0.088912 0.000564858 -0.00129746 -0.00048612 0.000564858 0.0100887 -0.0183972 0.000558011 -0.00129746 -0.0183972 0.08985 
0.00968403 -0.017921 -0.000476657 0.000579533 -0.017921 0.088768 0.000582962 -0.00138539 -0.000476657 0.000582962 0.010075 -0.0184285 0.000579533 -0.00138539 -0.0184285 0.0899648 
0.00969691 -0.0179515 -0.000447497 0.000536996 -0.0179515 0.0887902 0.000547323 -0.00132872 -0.000447497 0.000547323 0.010048 -0.0183818 0.000536996 -0.00132872 -0.0183818 0.0898745 
0.00967437 -0.017939 -0.000426046 0.000498786 -0.017939 0.08877 0.000509177 -0.00122965 -0.000426046 0.000509177 0.0100415 -0.0183581 0.000498786 -0.00122965 -0.0183581 0.0898265 
0.00965489 -0.01793 -0.000418425 0.000494502 -0.01793 0.0887648 0.00049796 -0.00119994 -0.000418425 0.00049796 0.010056 -0.0183346 0.000494502 -0.00119994 -0.0183346 0.0897365 
0.0096537 -0.0178919 -0.000433952 0.000492501 -0.0178919 0.0886811 0.000485612 -0.0011882 -0.000433952 0.000485612 0.0100877 -0.0183706 0.000492501 -0.0011882 -0.0183706 0.0897798 
0.00966142 -0.0179009 -0.000422451 0.000525488 -0.0179009 0.0886632 0.000504881 -0.00123301 -0.000422451 0.000504881 0.0100942 -0.0183955 0.000525488 -0.00123301 -0.0183955 0.0898069 
0.0096768 -0.0179182 -0.000391467 0.000497919 -0.0179182 0.0886948 0.000484183 -0.00121218 -0.000391467 0.000484183 0.010082 -0.0183921 0.000497919 -0.00121218 -0.0183921 0.089804 
0.00970106 -0.0179514 -0.000364391 0.000464083 -0.0179514 0.0887912 0.000457208 -0.00115849 -0.000364391 0.000457208 0.0100448 -0.0183536 0.000464083 -0.00115849 -0.0183536 0.0897262 
0.00967307 -0.0179657 -0.000363259 0.000428992 -0.0179657 0.0888116 0.000428992 -0.00106902 -0.000363259 0.000428992 0.0100225 -0.0183186 0.000428992 -0.00106902 -0.0183186 0.0896246 
0.00965861 -0.0179384 -0.000383002 0.000438711 -0.0179384 0.0887972 0.000449157 -0.00106892 -0.000383002 0.000449157 0.00999634 -0.0182831 0.000438711 -0.00106892 -0.0182831 0.0895214 
0.00963014 -0.0178781 -0.000371592 0.00045494 -0.0178781 0.0886473 0.000458413 -0.00110089 -0.000371592 0.000458413 0.0100087 -0.0182775 0.00045494 -0.00110089 -0.0182775 0.089526 
0.00960557 -0.0178161 -0.000381724 0.000447659 -0.0178161 0.0884386 0.000430308 -0.00108271 -0.000381724 0.000430308 0.010022 -0.0183124 0.000447659 -0.00108271 -0.0183124 0.0895942 
0.00961748 -0.0177934 -0.000387188 0.000449415 -0.0177934 0.0883342 0.000439044 -0.00106822 -0.000387188 0.000439044 0.010022 -0.0183223 0.000449415 -0.00106822 -0.0183223 0.0896514 
0.00963274 -0.0177769 -0.000371283 0.000443477 -0.0177769 0.0882451 0.000436602 -0.00104853 -0.000371283 0.000436602 0.0100453 -0.0183716 0.000443477 -0.00104853 -0.0183716 0.0897921 
0.00964755 -0.0178782 -0.000356808 0.00044601 -0.0178782 0.0884576 0.000439149 -0.00107729 -0.000356808 0.000439149 0.0100421 -0.018307 0.00044601 -0.00107729 -0.018307 0.089655 
0.00967737 -0.0179305 -0.000337143 0.000419708 -0.0179305 0.0886858 0.000419708 -0.00103895 -0.000337143 0.000419708 0.0100111 -0.0182848 0.000419708 -0.00103895 -0.0182848 0.0895183 
0.00967819 -0.0179022 -0.000303955 0.000373035 -0.0179022 0.088658 0.000373035 -0.000929134 -0.000303955 0.000373035 0.0100029 -0.0183167 0.000373035 -0.000929134 -0.0183167 0.0896113 
0.00966123 -0.0178899 -0.000307969 0.000349493 -0.0178899 0.088619 0.000349493 -0.000872002 -0.000307969 0.000349493 0.0100107 -0.0183086 0.000349493 -0.000872002 -0.0183086 0.0896432 
0.00966007 -0.0178546 -0.000295857 0.00034746 -0.0178546 0.0885197 0.00034058 -0.000822207 -0.000295857 0.00034058 0.0100419 -0.01835 0.00034746 -0.000822207 -0.01835 0.0897547 
0.00966975 -0.0179295 -0.000327496 0.000382653 -0.0179295 0.0886755 0.0003861 -0.00094112 -0.000327496 0.0003861 0.0100179 -0.018295 0.000382653 -0.00094112 -0.018295 0.089596 
0.0096599 -0.0179492 -0.000352148 0.000407387 -0.0179492 0.0887724 0.000417744 -0.00101156 -0.000352148 0.000417744 0.0100224 -0.0182703 0.000407387 -0.00101156 -0.0182703 0.089487 
0.00963658 -0.0178669 -0.0003317 0.00041808 -0.0178669 0.088602 0.000424991 -0.00103656 -0.0003317 0.000424991 0.010027 -0.0183264 0.00041808 -0.00103656 -0.0183264 0.0896074 
0.00964352 -0.0178723 -0.000328599 0.000408155 -0.0178723 0.0885834 0.000421991 -0.0010446 -0.000328599 0.000421991 0.00999633 -0.0182909 0.000408155 -0.0010446 -0.0182909 0.0895485 
0.00964048 -0.0178273 -0.000307308 0.000376366 -0.0178273 0.0884459 0.000390177 -0.000959905 -0.000307308 0.000390177 0.00998923 -0.0183038 0.000376366 -0.000959905 -0.0183038 0.0896061 
0.00964947 -0.0178589 -0.000310051 0.000361726 -0.0178589 0.0884609 0.000378951 -0.000933597 -0.000310051 0.000378951 0.00996986 -0.0182517 0.000361726 -0.000933597 -0.0182517 0.0894979 
0.009656 -0.0178716 -0.0002742 0.000364443 -0.0178716 0.0885006 0.000371385 -0.000912843 -0.0002742 0.000371385 0.00993714 -0.0182326 0.000364443 -0.000912843 -0.0182326 0.0894169 
0.00965538 -0.0178811 -0.000254548 0.000345209 -0.0178811 0.0885443 0.000345209 -0.000892661 -0.000254548 0.000345209 0.00990993 -0.0181845 0.000345209 -0.000892661 -0.0181845 0.0893114 
0.00962933 -0.0178681 -0.00026554 0.000314456 -0.0178681 0.0885122 0.000307468 -0.000807103 -0.00026554 0.000307468 0.00990535 -0.0181441 0.000314456 -0.000807103 -0.0181441 0.0892145 
0.00957737 -0.0177836 -0.000303545 0.00032099 -0.0177836 0.0883247 0.00032099 -0.00078852 -0.000303545 0.00032099 0.00994023 -0.0181813 0.00032099 -0.00078852 -0.0181813 0.0892597 
0.00959676 -0.0177709 -0.000295659 0.00035827 -0.0177709 0.0882665 0.00035827 -0.000834803 -0.000295659 0.00035827 0.00993415 -0.0181813 0.00035827 -0.000834803 -0.0181813 0.0892509 
0.00961288 -0.0177949 -0.000288247 0.000357705 -0.0177949 0.0882871 0.000361178 -0.00088558 -0.000288247 0.000361178 0.00991849 -0.0181631 0.000357705 -0.00088558 -0.0181631 0.0892109 
0.00964241 -0.0178155 -0.000283499 0.000349187 -0.0178155 0.0883444 0.000349187 -0.000878154 -0.000283499 0.000349187 0.00991554 -0.0181681 0.000349187 -0.000878154 -0.0181681 0.0891984 
0.00966772 -0.0179005 -0.000304277 0.000335396 -0.0179005 0.0885516 0.000335396 -0.000829847 -0.000304277 0.000335396 0.00989938 -0.0181149 0.000335396 -0.000829847 -0.0181149 0.0890702 
0.00966933 -0.0179162 -0.000315719 0.00037123 -0.0179162 0.0886511 0.000374699 -0.000895115 -0.000315719 0.000374699 0.00989831 -0.0181209 0.00037123 -0.000895115 -0.0181209 0.0890501 
0.00967961 -0.0178991 -0.00031907 0.000381497 -0.0178991 0.0886217 0.000388433 -0.000946805 -0.00031907 0.000388433 0.00989117 -0.0181523 0.000381497 -0.000946805 -0.0181523 0.0891384 
0.00968471 -0.0178997 -0.000308496 0.000374355 -0.0178997 0.0886078 0.000377822 -0.000932422 -0.000308496 0.000377822 0.00989268 -0.0181458 0.000374355 -0.000932422 -0.0181458 0.0891832 
0.00966353 -0.0178625 -0.00030469 0.000363551 -0.0178625 0.0884883 0.000360088 -0.000907146 -0.00030469 0.000360088 0.00991974 -0.0181914 0.000363551 -0.000907146 -0.0181914 0.0893088 
0.00964515 -0.0178727 -0.00030228 0.000371769 -0.0178727 0.088495 0.000361346 -0.000903364 -0.00030228 0.000361346 0.00992658 -0.0181819 0.000371769 -0.000903364 -0.0181819 0.089308 
0.0096466 -0.0178749 -0.00030591 0.000358054 -0.0178749 0.0885402 0.000354578 -0.000882968 -0.00030591 0.000354578 0.00993166 -0.0181843 0.000358054 -0.000882968 -0.0181843 0.0892911 
0.00964667 -0.0178627 -0.000312527 0.000364615 -0.0178627 0.0885146 0.000361142 -0.000878548 -0.000312527 0.000361142 0.00995573 -0.0182064 0.000364615 -0.000878548 -0.0182064 0.0893376 
0.00963533 -0.0178255 -0.000328438 0.000356096 -0.0178255 0.0884189 0.000352639 -0.000853938 -0.000328438 0.000352639 0.00998451 -0.0182542 0.000356096 -0.000853938 -0.0182542 0.0894526 
0.00964299 -0.0178645 -0.000338108 0.000382959 -0.0178645 0.0885016 0.000379509 -0.000900472 -0.000338108 0.000379509 0.00998454 -0.0182406 0.000382959 -0.000900472 -0.0182406 0.0894055 
0.00963693 -0.0178813 -0.000360259 0.000422612 -0.0178813 0.088558 0.000419148 -0.00101843 -0.000360259 0.000419148 0.00998334 -0.0182416 0.000422612 -0.00101843 -0.0182416 0.0893997 
0.00962141 -0.017851 -0.00038084 0.00044316 -0.017851 0.0885211 0.000446622 -0.00108366 -0.00038084 0.000446622 0.00999186 -0.018263 0.00044316 -0.00108366 -0.018263 0.0894628 
0.00961217 -0.0178068 -0.000365587 0.000438014 -0.0178068 0.0883961 0.000441463 -0.00107952 -0.000365587 0.000441463 0.010026 -0.0183138 0.000438014 -0.00107952 -0.0183138 0.0896066 
0.00962018 -0.0178336 -0.000364583 0.000440251 -0.0178336 0.0884149 0.00044713 -0.00110407 -0.000364583 0.00044713 0.0100432 -0.0183255 0.000440251 -0.00110407 -0.0183255 0.0896599 
0.00965844 -0.0178436 -0.000328915 0.000421422 -0.0178436 0.0884678 0.000421422 -0.00105527 -0.000328915 0.000421422 0.0100525 -0.0183644 0.000421422 -0.00105527 -0.0183644 0.0897457 
0.00966957 -0.0179132 -0.000342771 0.000394187 -0.0179132 0.0886166 0.000390759 -0.00100432 -0.000342771 0.000390759 0.0100638 -0.018352 0.000394187 -0.00100432 -0.018352 0.0897409 
0.00966089 -0.0179431 -0.000380674 0.000421828 -0.0179431 0.0887519 0.000418399 -0.00102885 -0.000380674 0.000418399 0.0100759 -0.0183444 0.000421828 -0.00102885 -0.0183444 0.0897088 
0.00966001 -0.0179346 -0.000405652 0.000464093 -0.0179346 0.0887827 0.000460655 -0.00111726 -0.000405652 0.000460655 0.0100485 -0.0183471 0.000464093 -0.00111726 -0.0183471 0.0896696 
0.00963571 -0.0179037 -0.000432988 0.000494844 -0.0179037 0.088711 0.000487971 -0.00118556 -0.000432988 0.000487971 0.0100653 -0.0183539 0.000494844 -0.00118556 -0.0183539 0.0897248 
0.00964571 -0.0178571 -0.00041177 0.000518144 -0.0178571 0.0885717 0.000514712 -0.0012456 -0.00041177 0.000514712 0.0100609 -0.0183958 0.000518144 -0.0012456 -0.0183958 0.0898379 
0.00964962 -0.0178513 -0.000400498 0.000486075 -0.0178513 0.0885101 0.000482652 -0.00121519 -0.000400498 0.000482652 0.0100775 -0.0184092 0.000486075 -0.00121519 -0.0184092 0.0899136 
0.00964724 -0.017904 -0.000405115 0.000480645 -0.017904 0.0886104 0.000477212 -0.00119131 -0.000405115 0.000477212 0.0100695 -0.018371 0.000480645 -0.00119131 -0.018371 0.0898223 
0.00962758 -0.0178936 -0.000423986 0.000492927 -0.0178936 0.0886337 0.000496374 -0.00120646 -0.000423986 0.000496374 0.0100688 -0.0183693 0.000492927 -0.00120646 -0.0183693 0.0897919 
0.00963379 -0.0178879 -0.000441506 0.00051394 -0.0178879 0.0886564 0.000510491 -0.00123829 -0.000441506 0.000510491 0.0100649 -0.0183604 0.00051394 -0.00123829 -0.0183604 0.0897671 
0.00961738 -0.0178682 -0.000465858 0.000524521 -0.0178682 0.0885958 0.000521071 -0.0012768 -0.000465858 0.000521071 0.0100936 -0.0183859 0.000524521 -0.0012768 -0.0183859 0.0898174 
0.00960833 -0.0178519 -0.000461806 0.000554857 -0.0178519 0.08856 0.000547964 -0.00132683 -0.000461806 0.000547964 0.010108 -0.0183964 0.000554857 -0.00132683 -0.0183964 0.0898454 
0.00961482 -0.0178142 -0.000428093 0.000538568 -0.0178142 0.0884494 0.000538568 -0.0013188 -0.000428093 0.000538568 0.0100982 -0.0184494 0.000538568 -0.0013188 -0.0184494 0.0899581 
0.00964937 -0.0178182 -0.000388173 0.000484358 -0.0178182 0.0884005 0.000487793 -0.00121261 -0.000388173 0.000487793 0.0100925 -0.0184571 0.000484358 -0.00121261 -0.0184571 0.0900425 
0.00967038 -0.0178731 -0.000377214 0.000438939 -0.0178731 0.0884909 0.000449227 -0.00111792 -0.000377214 0.000449227 0.0100853 -0.0184217 0.000438939 -0.00111792 -0.0184217 0.0899894 
0.00967218 -0.01794 -0.000419931 0.000457794 -0.01794 0.0886846 0.000464678 -0.00112555 -0.000419931 0.000464678 0.010068 -0.0183668 0.000457794 -0.00112555 -0.0183668 0.089817 
0.00965518 -0.0179537 -0.00047174 0.000509617 -0.0179537 0.0887939 0.000516504 -0.00121895 -0.00047174 0.000516504 0.0100649 -0.0183324 0.000509617 -0.00121895 -0.0183324 0.0896823 
0.00962467 -0.0178925 -0.000477455 0.000546153 -0.0178925 0.0887207 0.000546153 -0.00129153 -0.000477455 0.000546153 0.0101056 -0.0183769 0.000546153 -0.00129153 -0.0183769 0.0897649 
0.00962733 -0.0178572 -0.000454347 0.000550723 -0.0178572 0.0886011 0.000550723 -0.00131829 -0.000454347 0.000550723 0.0100989 -0.0184217 0.000550723 -0.00131829 -0.0184217 0.0898574 
0.00964398 -0.0178547 -0.000399085 0.000513605 -0.0178547 0.0885414 0.000513605 -0.00126666 -0.000399085 0.000513605 0.0100431 -0.0184134 0.000513605 -0.00126666 -0.0184134 0.0898844 
0.00966795 -0.0178961 -0.000351246 0.000469487 -0.0178961 0.0886217 0.000462531 -0.00117198 -0.000351246 0.000462531 0.0100053 -0.0183343 0.000469487 -0.00117198 -0.0183343 0.0897554 
