0.0073159 0 -0.000192524 0 0 0.00998437 0 0 -0.000192524 0 0.00738754 0 0 0 0 0.00998437 
0.0103595 -0.0128566 -0.000224409 0.000281532 -0.0128566 0.0338368 0.000281532 -0.000546742 -0.000224409 0.000281532 0.0103799 -0.0129015 0.000281532 -0.000546742 -0.0129015 0.0339184 
0.0105284 -0.019612 -0.000149456 0.000240791 -0.019612 0.0718553 0.000240791 -0.000797101 -0.000149456 0.000240791 0.0103582 -0.0194418 0.000240791 -0.000797101 -0.0194418 0.0714111 
0.00988288 -0.019156 -0.000109765 0.000268313 -0.019156 0.0855025 0.000264248 -0.00097162 -0.000109765 0.000264248 0.00976092 -0.0191275 0.000268313 -0.00097162 -0.0191275 0.0856652 
0.00985311 -0.0184472 -8.06058e-05 0.000176565 -0.0184472 0.0886549 0.000168888 -0.000629493 -8.06058e-05 0.000168888 0.0097725 -0.0183589 0.000176565 -0.000629493 -0.0183589 0.0885052 
0.00997205 -0.0182833 -7.68206e-05 0.000146325 -0.0182833 0.0893863 0.000149983 -0.000428001 -7.68206e-05 0.000149983 0.00997571 -0.0183199 0.000146325 -0.000428001 -0.0183199 0.0893351 
0.0100565 -0.0183295 -7.07704e-05 0.000123848 -0.0183295 0.089698 0.000134464 -0.000339698 -7.07704e-05 0.000134464 0.0101237 -0.0184817 0.000123848 -0.000339698 -0.0184817 0.089981 
0.0100734 -0.0183399 -6.57715e-05 0.000121158 -0.0183399 0.0897331 0.000135005 -0.000342704 -6.57715e-05 0.000135005 0.0101842 -0.0186099 0.000121158 -0.000342704 -0.0186099 0.0904427 
0.0100681 -0.0183318 -6.49335e-05 0.000119614 -0.0183318 0.0896766 0.000129867 -0.000355426 -6.49335e-05 0.000129867 0.010198 -0.0186496 0.000119614 -0.000355426 -0.0186496 0.0906335 
0.0100468 -0.0183229 -8.15711e-05 0.000129154 -0.0183229 0.0896262 0.000135952 -0.000373867 -8.15711e-05 0.000135952 0.0101964 -0.0186492 0.000129154 -0.000373867 -0.0186492 0.0906662 
0.0100382 -0.018341 -6.46529e-05 0.000129306 -0.018341 0.0896668 0.000129306 -0.000364098 -6.46529e-05 0.000129306 0.0101709 -0.0186166 0.000129306 -0.000364098 -0.0186166 0.0905787 
0.0100207 -0.0183418 -4.0873e-05 9.53704e-05 -0.0183418 0.0897061 9.19644e-05 -0.000282705 -4.0873e-05 9.19644e-05 0.010157 -0.0185938 9.53704e-05 -0.000282705 -0.0185938 0.0905031 
0.0100447 -0.0183473 -3.40269e-05 6.46511e-05 -0.0183473 0.0897596 5.10404e-05 -0.000183745 -3.40269e-05 5.10404e-05 0.0101468 -0.0185753 6.46511e-05 -0.000183745 -0.0185753 0.0904572 
0.0100324 -0.0183476 -1.35757e-05 7.46664e-05 -0.0183476 0.089766 6.78785e-05 -0.000200242 -1.35757e-05 6.78785e-05 0.0101614 -0.0185716 7.46664e-05 -0.000200242 -0.0185716 0.090438 
0.0100308 -0.0183381 6.74566e-06 6.74566e-05 -0.0183381 0.0897611 6.07109e-05 -0.000212488 6.74566e-06 6.07109e-05 0.0102096 -0.0186079 6.74566e-05 -0.000212488 -0.0186079 0.09052 
0.0100298 -0.0183201 3.02811e-05 3.70102e-05 -0.0183201 0.0897027 4.03748e-05 -0.000178322 3.02811e-05 4.03748e-05 0.0102283 -0.0186666 3.70102e-05 -0.000178322 -0.0186666 0.0906717 
0.0100252 -0.0182845 3.37663e-06 2.70131e-05 -0.0182845 0.0895753 3.37663e-05 -0.000168832 3.37663e-06 3.37663e-05 0.0102076 -0.0187234 2.70131e-05 -0.000168832 -0.0187234 0.0908449 
0.010043 -0.0183297 -6.72895e-06 3.36448e-05 -0.0183297 0.08966 4.37382e-05 -0.000148037 -6.72895e-06 4.37382e-05 0.010191 -0.0186661 3.36448e-05 -0.000148037 -0.0186661 0.0907837 
0.0100609 -0.018365 -5.03887e-05 6.38256e-05 -0.018365 0.0897892 7.05441e-05 -0.000204914 -5.03887e-05 7.05441e-05 0.0101819 -0.0186337 6.38256e-05 -0.000204914 -0.0186337 0.0906929 
0.010054 -0.0183901 -8.0999e-05 0.000118124 -0.0183901 0.0898853 0.000114749 -0.000310496 -8.0999e-05 0.000114749 0.0101552 -0.0185994 0.000118124 -0.000310496 -0.0185994 0.090567 
0.0100586 -0.0183825 -0.000114532 0.000151587 -0.0183825 0.0899013 0.000151587 -0.000407601 -0.000114532 0.000151587 0.0101395 -0.0185812 0.000151587 -0.000407601 -0.0185812 0.0905177 
0.0100426 -0.0183896 -0.000124481 0.000181676 -0.0183896 0.0899194 0.000174947 -0.000471011 -0.000124481 0.000174947 0.0101402 -0.0185511 0.000181676 -0.000471011 -0.0185511 0.0904206 
0.0100371 -0.0183616 -0.000134591 0.000201886 -0.0183616 0.0898899 0.000191792 -0.000538363 -0.000134591 0.000191792 0.0101347 -0.0185601 0.000201886 -0.000538363 -0.0185601 0.0903946 
0.0100319 -0.0183254 -0.000152204 0.00021985 -0.0183254 0.0897597 0.000202939 -0.000578375 -0.000152204 0.000202939 0.0100996 -0.0185723 0.00021985 -0.000578375 -0.0185723 0.0904531 
0.0100573 -0.0183411 -0.000135634 0.000220405 -0.0183411 0.0897762 0.000210233 -0.000579836 -0.000135634 0.000210233 0.0100708 -0.0185242 0.000220405 -0.000579836 -0.0185242 0.0904035 
0.010045 -0.0183535 -0.000129394 0.000200901 -0.0183535 0.0897891 0.000204306 -0.000572057 -0.000129394 0.000204306 0.0100553 -0.0184863 0.000200901 -0.000572057 -0.0184863 0.0903033 
0.0100538 -0.0183458 -0.000105435 0.000156452 -0.0183458 0.0897731 0.000173458 -0.000482962 -0.000105435 0.000173458 0.0100538 -0.018475 0.000156452 -0.000482962 -0.018475 0.0902697 
0.0100654 -0.0183147 -0.000163555 0.000173777 -0.0183147 0.0896688 0.000187406 -0.000500886 -0.000163555 0.000187406 0.0100279 -0.0184885 0.000173777 -0.000500886 -0.0184885 0.0902787 
0.0100371 -0.0183067 -0.000164094 0.000218791 -0.0183067 0.0895985 0.000232466 -0.000564072 -0.000164094 0.000232466 0.0100097 -0.0184571 0.000218791 -0.000564072 -0.0184571 0.0902446 
0.010023 -0.0182902 -0.000177277 0.000272734 -0.0182902 0.0895659 0.000269325 -0.000719336 -0.000177277 0.000269325 0.0100128 -0.01843 0.000272734 -0.000719336 -0.01843 0.0901693 
0.010022 -0.0183033 -0.000183953 0.000252084 -0.0183033 0.0896124 0.000248677 -0.000691528 -0.000183953 0.000248677 0.010005 -0.0183987 0.000252084 -0.000691528 -0.0183987 0.0900451 
0.0100127 -0.0183146 -0.0001704 0.000248784 -0.0183146 0.0896339 0.0002556 -0.000678193 -0.0001704 0.0002556 0.00999567 -0.0183794 0.000248784 -0.000678193 -0.0183794 0.0899679 
0.00999786 -0.0183255 -0.000129005 0.000220666 -0.0183255 0.0897126 0.000227456 -0.000624654 -0.000129005 0.000227456 0.0100352 -0.0183662 0.000220666 -0.000624654 -0.0183662 0.089923 
0.00998236 -0.0183326 -0.000104971 0.000159149 -0.0183326 0.0897803 0.000172693 -0.000487605 -0.000104971 0.000172693 0.0100772 -0.0183902 0.000159149 -0.000487605 -0.0183902 0.0899056 
0.00997456 -0.0182952 -0.000121765 0.000138677 -0.0182952 0.0897136 0.000148824 -0.000422794 -0.000121765 0.000148824 0.0100929 -0.0184643 0.000138677 -0.000422794 -0.0184643 0.0900315 
0.00996643 -0.0182644 -0.000125471 0.00015599 -0.0182644 0.0896063 0.000162773 -0.000400149 -0.000125471 0.000162773 0.0100885 -0.0184916 0.00015599 -0.000400149 -0.0184916 0.090159 
0.00991596 -0.0182246 -9.51497e-05 0.000186901 -0.0182246 0.0894747 0.000190299 -0.000475749 -9.51497e-05 0.000190299 0.0100995 -0.0185032 0.000186901 -0.000475749 -0.0185032 0.0902393 
0.00988844 -0.0181594 -7.13599e-05 0.000169904 -0.0181594 0.0893188 0.000163108 -0.000492723 -7.13599e-05 0.000163108 0.0101059 -0.018523 0.000169904 -0.000492723 -0.018523 0.090311 
0.00988597 -0.0181328 -7.12686e-05 0.000139143 -0.0181328 0.0892079 0.000132356 -0.000437793 -7.12686e-05 0.000132356 0.0101066 -0.0185298 0.000139143 -0.000437793 -0.0185298 0.0903618 
0.00988827 -0.0181546 -4.77036e-05 0.000122666 -0.0181546 0.0892432 0.000105629 -0.000354369 -4.77036e-05 0.000105629 0.0100927 -0.0185022 0.000122666 -0.000354369 -0.0185022 0.0903063 
0.00988785 -0.0181129 -5.81638e-05 9.57992e-05 -0.0181129 0.0891446 7.86922e-05 -0.000297662 -5.81638e-05 7.86922e-05 0.0100487 -0.0185098 9.57992e-05 -0.000297662 -0.0185098 0.0902976 
0.00988382 -0.0181226 -3.42712e-05 8.91052e-05 -0.0181226 0.0891223 8.56781e-05 -0.000243326 -3.42712e-05 8.56781e-05 0.0100141 -0.0184413 8.91052e-05 -0.000243326 -0.0184413 0.0901847 
0.00986898 -0.0181285 6.84871e-06 4.79409e-05 -0.0181285 0.089153 5.8214e-05 -0.000174642 6.84871e-06 5.8214e-05 0.0100128 -0.0183922 4.79409e-05 -0.000174642 -0.0183922 0.0900262 
0.00985259 -0.01812 3.41629e-05 1.02489e-05 -0.01812 0.0891584 2.04978e-05 -9.22399e-05 3.41629e-05 2.04978e-05 0.0100234 -0.0183728 1.02489e-05 -9.22399e-05 -0.0183728 0.0899407 
0.0098452 -0.0180991 3.41492e-05 -2.04895e-05 -0.0180991 0.0891156 -1.02447e-05 -3.41492e-06 3.41492e-05 -1.02447e-05 0.0100399 -0.0183962 -2.04895e-05 -3.41492e-06 -0.0183962 0.0899455 
0.00984862 -0.0181081 2.72815e-05 -4.09223e-05 -0.0181081 0.0891457 -3.41019e-05 8.52547e-05 2.72815e-05 -3.41019e-05 0.0100396 -0.0183946 -4.09223e-05 8.52547e-05 -0.0183946 0.0899266 
0.00988124 -0.0181395 0 -1.0229e-05 -0.0181395 0.0892312 -6.81935e-06 4.77355e-05 0 -6.81935e-06 0.010021 -0.0183782 -1.0229e-05 4.77355e-05 -0.0183782 0.0898688 
0.00986775 -0.0181558 3.41918e-06 3.07726e-05 -0.0181558 0.0892576 3.07726e-05 -6.15452e-05 3.41918e-06 3.07726e-05 0.0100148 -0.0183541 3.07726e-05 -6.15452e-05 -0.0183541 0.0898286 
0.0098365 -0.0181004 -2.0557e-05 6.16709e-05 -0.0181004 0.0891658 5.82447e-05 -0.000181586 -2.0557e-05 5.82447e-05 0.0100181 -0.0183813 6.16709e-05 -0.000181586 -0.0183813 0.0898819 
0.00983195 -0.0180737 -3.76179e-05 6.83962e-05 -0.0180737 0.0890758 5.81368e-05 -0.000208608 -3.76179e-05 5.81368e-05 0.0100235 -0.0183849 6.83962e-05 -0.000208608 -0.0183849 0.0899239 
0.00983411 -0.0180776 -1.02403e-05 5.4615e-05 -0.0180776 0.0890702 4.77881e-05 -0.000160431 -1.02403e-05 4.77881e-05 0.0100253 -0.0183779 5.4615e-05 -0.000160431 -0.0183779 0.0899099 
0.00987068 -0.0180792 -2.73048e-05 4.77834e-05 -0.0180792 0.0890614 4.77834e-05 -0.000167242 -2.73048e-05 4.77834e-05 0.00999696 -0.0183864 4.77834e-05 -0.000167242 -0.0183864 0.0899181 
0.00984491 -0.0181071 -2.39286e-05 7.86225e-05 -0.0181071 0.0890862 8.20409e-05 -0.000232449 -2.39286e-05 8.20409e-05 0.00999874 -0.0183498 7.86225e-05 -0.000232449 -0.0183498 0.089869 
0.00981883 -0.0181066 -4.78467e-05 9.22758e-05 -0.0181066 0.0891248 9.56935e-05 -0.000307586 -4.78467e-05 9.56935e-05 0.0100068 -0.0183287 9.22758e-05 -0.000307586 -0.0183287 0.0897741 
0.00980718 -0.0180855 -3.0851e-05 7.54135e-05 -0.0180855 0.0891319 6.85577e-05 -0.000229668 -3.0851e-05 6.85577e-05 0.0100094 -0.0183323 7.54135e-05 -0.000229668 -0.0183323 0.0897386 
0.00978562 -0.018028 -4.1246e-05 8.24921e-05 -0.018028 0.0890021 6.18691e-05 -0.000233728 -4.1246e-05 6.18691e-05 0.010009 -0.0183648 8.24921e-05 -0.000233728 -0.0183648 0.0898098 
0.0098021 -0.017994 -6.88108e-05 8.2573e-05 -0.017994 0.0888588 6.53703e-05 -0.000227076 -6.88108e-05 6.53703e-05 0.00999133 -0.0183862 8.2573e-05 -0.000227076 -0.0183862 0.0899151 
0.00982406 -0.0180183 -0.000103593 0.000107046 -0.0180183 0.088862 0.000103593 -0.000269342 -0.000103593 0.000103593 0.00995874 -0.0183498 0.000107046 -0.000269342 -0.0183498 0.0898772 
0.00985314 -0.018059 -0.000133567 0.000150691 -0.018059 0.0889489 0.000150691 -0.000352754 -0.000133567 0.000150691 0.00995931 -0.0182987 0.000150691 -0.000352754 -0.0182987 0.0897742 
0.00990261 -0.0181014 -0.000156752 0.000170382 -0.0181014 0.0890519 0.000184013 -0.000425955 -0.000156752 0.000184013 0.00995372 -0.0183024 0.000170382 -0.000425955 -0.0183024 0.0897232 
0.00994204 -0.0181662 -0.000172464 0.000199517 -0.0181662 0.0892078 0.000213044 -0.000500484 -0.000172464 0.000213044 0.00997586 -0.0183082 0.000199517 -0.000500484 -0.0183082 0.0897455 
0.00993465 -0.0182457 -9.82958e-05 0.00020676 -0.0182457 0.0894322 0.000216929 -0.000515205 -9.82958e-05 0.000216929 0.0100092 -0.0183067 0.00020676 -0.000515205 -0.0183067 0.0897203 
0.00990594 -0.0182267 -1.36071e-05 0.000136071 -0.0182267 0.0894868 0.000149678 -0.000435426 -1.36071e-05 0.000149678 0.010042 -0.0183627 0.000136071 -0.000435426 -0.0183627 0.089827 
0.00988196 -0.0181767 6.82692e-06 5.46153e-05 -0.0181767 0.0893814 5.80288e-05 -0.000269663 6.82692e-06 5.80288e-05 0.0100526 -0.0184258 5.46153e-05 -0.000269663 -0.0184258 0.0899924 
0.00988107 -0.0181479 6.85471e-06 1.02821e-05 -0.0181479 0.0892827 1.37094e-05 -0.000123385 6.85471e-06 1.37094e-05 0.0100216 -0.0184255 1.02821e-05 -0.000123385 -0.0184255 0.0900332 
0.00989202 -0.0181291 -3.09018e-05 3.43354e-05 -0.0181291 0.0892135 2.74683e-05 -0.000109873 -3.09018e-05 2.74683e-05 0.00999502 -0.0183934 3.43354e-05 -0.000109873 -0.0183934 0.0900101 
0.00988461 -0.0181424 -4.81505e-05 6.53471e-05 -0.0181424 0.089216 4.81505e-05 -0.000134134 -4.81505e-05 4.81505e-05 0.00998091 -0.0183488 6.53471e-05 -0.000134134 -0.0183488 0.0899004 
0.00985377 -0.0181191 -6.87633e-05 9.97067e-05 -0.0181191 0.0891584 9.28304e-05 -0.000233795 -6.87633e-05 9.28304e-05 0.0100016 -0.018346 9.97067e-05 -0.000233795 -0.018346 0.0898564 
0.00983296 -0.0180944 -6.84746e-05 0.000133526 -0.0180944 0.089106 0.000130102 -0.000345797 -6.84746e-05 0.000130102 0.010035 -0.0183615 0.000133526 -0.000345797 -0.0183615 0.0898524 
0.00979299 -0.0180613 -1.7055e-05 0.000126207 -0.0180613 0.089034 0.000119385 -0.000358155 -1.7055e-05 0.000119385 0.0100761 -0.0183921 0.000126207 -0.000358155 -0.0183921 0.0899004 
0.00979443 -0.0180621 2.04477e-05 4.08953e-05 -0.0180621 0.089053 3.74874e-05 -0.000201069 2.04477e-05 3.74874e-05 0.0100909 -0.0184199 4.08953e-05 -0.000201069 -0.0184199 0.0899391 
0.00979932 -0.0180539 2.04152e-05 6.80508e-06 -0.0180539 0.0890275 3.40254e-06 -9.86737e-05 2.04152e-05 3.40254e-06 0.0101021 -0.0184656 6.80508e-06 -9.86737e-05 -0.0184656 0.0900482 
0.00983278 -0.0180821 -6.78122e-06 1.69531e-05 -0.0180821 0.0890883 6.78122e-06 -7.79841e-05 -6.78122e-06 6.78122e-06 0.0101108 -0.0184653 1.69531e-05 -7.79841e-05 -0.0184653 0.0901021 
0.00987054 -0.0180491 -6.78155e-05 5.76431e-05 -0.0180491 0.0890044 5.76431e-05 -0.000162757 -6.78155e-05 5.76431e-05 0.0100672 -0.0185238 5.76431e-05 -0.000162757 -0.0185238 0.0902488 
0.00992231 -0.0181171 -9.80399e-05 0.000108182 -0.0181171 0.0890844 0.000104801 -0.000253551 -9.80399e-05 0.000104801 0.0100271 -0.0184721 0.000108182 -0.000253551 -0.0184721 0.090244 
0.00995509 -0.0182018 -0.000101686 0.00014575 -0.0182018 0.0892941 0.000142361 -0.000345733 -0.000101686 0.000142361 0.0100059 -0.0184154 0.00014575 -0.000345733 -0.0184154 0.0901246 
0.00993758 -0.0182661 -6.81824e-05 0.000146592 -0.0182661 0.0895098 0.000139774 -0.000381821 -6.81824e-05 0.000139774 0.0100194 -0.0183683 0.000146592 -0.000381821 -0.0183683 0.0899769 
0.00992744 -0.0182702 -3.40798e-05 9.20154e-05 -0.0182702 0.0896196 9.54234e-05 -0.000299902 -3.40798e-05 9.54234e-05 0.0100604 -0.0183792 9.20154e-05 -0.000299902 -0.0183792 0.0899468 
0.00990221 -0.0182013 -3.41809e-05 7.5198e-05 -0.0182013 0.0894959 7.5198e-05 -0.000259775 -3.41809e-05 7.5198e-05 0.0100765 -0.0184474 7.5198e-05 -0.000259775 -0.0184474 0.0900428 
0.00989704 -0.0181718 -3.06727e-05 7.49776e-05 -0.0181718 0.0893767 8.17937e-05 -0.000245381 -3.06727e-05 8.17937e-05 0.0100879 -0.0184649 7.49776e-05 -0.000245381 -0.0184649 0.0901333 
0.00992092 -0.0181821 -3.7335e-05 6.78817e-05 -0.0181821 0.0893731 7.12758e-05 -0.000247768 -3.7335e-05 7.12758e-05 0.010094 -0.018474 6.78817e-05 -0.000247768 -0.018474 0.0901673 
0.00994171 -0.0182214 -5.4382e-05 8.49719e-05 -0.0182214 0.0894448 8.83707e-05 -0.000261713 -5.4382e-05 8.83707e-05 0.0101015 -0.0184865 8.49719e-05 -0.000261713 -0.0184865 0.0901959 
0.00993551 -0.0182077 -4.43093e-05 0.000102252 -0.0182077 0.0894196 0.000102252 -0.000306757 -4.43093e-05 0.000102252 0.0101025 -0.0185145 0.000102252 -0.000306757 -0.0185145 0.0902819 
0.00992106 -0.0182011 -3.07683e-05 9.91422e-05 -0.0182011 0.0893955 9.91422e-05 -0.000304264 -3.07683e-05 9.91422e-05 0.0100988 -0.0185191 9.91422e-05 -0.000304264 -0.0185191 0.0903152 
0.00993428 -0.0181975 -5.44531e-05 9.18896e-05 -0.0181975 0.0894017 8.84862e-05 -0.000316508 -5.44531e-05 8.84862e-05 0.0101181 -0.0185174 9.18896e-05 -0.000316508 -0.0185174 0.0903376 
0.00998332 -0.0182514 -6.76606e-05 8.11927e-05 -0.0182514 0.0895217 7.78097e-05 -0.00025711 -6.76606e-05 7.78097e-05 0.0101423 -0.0185187 8.11927e-05 -0.00025711 -0.0185187 0.0903404 
0.00998413 -0.0182935 -3.0388e-05 9.45403e-05 -0.0182935 0.0896174 9.79167e-05 -0.000256609 -3.0388e-05 9.79167e-05 0.0101901 -0.0185569 9.45403e-05 -0.000256609 -0.0185569 0.090394 
0.00996489 -0.018265 -3.36993e-06 8.76182e-05 -0.018265 0.0895761 8.76182e-05 -0.000289814 -3.36993e-06 8.76182e-05 0.0102311 -0.0186391 8.76182e-05 -0.000289814 -0.0186391 0.0905804 
0.00993312 -0.018227 1.01186e-05 6.74575e-05 -0.018227 0.0894891 6.74575e-05 -0.000276576 1.01186e-05 6.74575e-05 0.0102333 -0.0186857 6.74575e-05 -0.000276576 -0.0186857 0.0906966 
0.00991204 -0.0181918 3.37259e-06 5.05889e-05 -0.0181918 0.0894006 4.72163e-05 -0.000249572 3.37259e-06 4.72163e-05 0.0102257 -0.0186909 5.05889e-05 -0.000249572 -0.0186909 0.0907631 
0.00993019 -0.0181986 0 3.37074e-05 -0.0181986 0.0894054 2.69659e-05 -0.000161795 0 2.69659e-05 0.0102066 -0.0186739 3.37074e-05 -0.000161795 -0.0186739 0.0907436 
0.00992867 -0.0181964 3.37595e-06 4.05114e-05 -0.0181964 0.0893783 4.05114e-05 -0.000155294 3.37595e-06 4.05114e-05 0.010192 -0.0186589 4.05114e-05 -0.000155294 -0.0186589 0.0907151 
0.00994414 -0.0181882 -3.03586e-05 5.05977e-05 -0.0181882 0.0893522 4.72245e-05 -0.000175405 -3.03586e-05 4.72245e-05 0.0101567 -0.0186436 5.05977e-05 -0.000175405 -0.0186436 0.0906914 
0.00994336 -0.0182228 -3.36151e-06 7.05918e-05 -0.0182228 0.0894096 7.05918e-05 -0.000198329 -3.36151e-06 7.05918e-05 0.0101652 -0.0185993 7.05918e-05 -0.000198329 -0.0185993 0.0906096 
0.00992904 -0.018238 3.70486e-05 3.36806e-05 -0.018238 0.0894792 3.36806e-05 -0.000151563 3.70486e-05 3.36806e-05 0.0101783 -0.0185917 3.36806e-05 -0.000151563 -0.0185917 0.0905502 
0.00987714 -0.0182303 9.79942e-05 -1.68955e-05 -0.0182303 0.0895126 -1.68955e-05 -4.73075e-05 9.79942e-05 -1.68955e-05 0.0102083 -0.0185952 -1.68955e-05 -4.73075e-05 -0.0185952 0.0905061 
0.00986428 -0.0181741 0.000112249 -0.000108847 -0.0181741 0.0894418 -0.000105446 0.000149665 0.000112249 -0.000105446 0.010184 -0.0186231 -0.000108847 0.000149665 -0.0186231 0.0905269 
0.00982645 -0.018128 9.91534e-05 -8.54771e-05 -0.018128 0.089286 -8.2058e-05 0.000157278 9.91534e-05 -8.2058e-05 0.0101752 -0.0186101 -8.54771e-05 0.000157278 -0.0186101 0.0905442 
0.00981167 -0.0181102 9.54244e-05 -7.49763e-05 -0.0181102 0.0892389 -7.15683e-05 0.000139729 9.54244e-05 -7.15683e-05 0.0101866 -0.0185669 -7.49763e-05 0.000139729 -0.0185669 0.0904419 
0.00982827 -0.0180812 8.13094e-05 -8.13094e-05 -0.0180812 0.0891726 -7.79215e-05 0.000149067 8.13094e-05 -7.79215e-05 0.0101942 -0.0185758 -8.13094e-05 0.000149067 -0.0185758 0.0904126 
0.00983496 -0.0180783 5.09056e-05 -4.41182e-05 -0.0180783 0.0891188 -3.73308e-05 6.44804e-05 5.09056e-05 -3.73308e-05 0.0101777 -0.0185941 -4.41182e-05 6.44804e-05 -0.0185941 0.0904423 
0.00982185 -0.0180906 2.37899e-05 3.39856e-06 -0.0180906 0.0891171 1.01957e-05 -5.4377e-05 2.37899e-05 1.01957e-05 0.0101651 -0.0185765 3.39856e-06 -5.4377e-05 -0.0185765 0.0904256 
0.00980613 -0.0180619 -1.02218e-05 3.06654e-05 -0.0180619 0.0890593 3.748e-05 -0.000153327 -1.02218e-05 3.748e-05 0.0101503 -0.0185798 3.06654e-05 -0.000153327 -0.0185798 0.0904358 
0.00978663 -0.0180343 -2.72988e-05 8.18964e-05 -0.0180343 0.0889771 8.18964e-05 -0.000255926 -2.72988e-05 8.18964e-05 0.0101313 -0.018553 8.18964e-05 -0.000255926 -0.018553 0.0903932 
0.00981433 -0.0180521 -4.09499e-05 5.11874e-05 -0.0180521 0.0890217 4.77749e-05 -0.000187687 -4.09499e-05 4.77749e-05 0.0100907 -0.0185059 5.11874e-05 -0.000187687 -0.0185059 0.0902638 
0.00984535 -0.0180986 -3.40199e-05 6.12357e-05 -0.0180986 0.089115 5.10298e-05 -0.000149687 -3.40199e-05 5.10298e-05 0.0100767 -0.0184354 6.12357e-05 -0.000149687 -0.0184354 0.0900948 
0.00983381 -0.0180752 -5.45565e-05 0.000102293 -0.0180752 0.0890669 8.86543e-05 -0.000255734 -5.45565e-05 8.86543e-05 0.0100623 -0.0184571 0.000102293 -0.000255734 -0.0184571 0.0901 
0.00983032 -0.018073 -5.4746e-05 0.000116335 -0.018073 0.0890443 0.000102649 -0.000307946 -5.4746e-05 0.000102649 0.0100425 -0.0184425 0.000116335 -0.000307946 -0.0184425 0.0900776 
0.00984773 -0.0180987 -2.74119e-05 7.88092e-05 -0.0180987 0.0891195 7.53827e-05 -0.000256987 -2.74119e-05 7.53827e-05 0.0100156 -0.0183934 7.88092e-05 -0.000256987 -0.0183934 0.0899864 
0.0098858 -0.0181109 -2.73372e-05 6.15086e-05 -0.0181109 0.0891601 5.80915e-05 -0.000218697 -2.73372e-05 5.80915e-05 0.00999856 -0.0183774 6.15086e-05 -0.000218697 -0.0183774 0.0899392 
0.00989041 -0.01815 -2.72369e-05 7.83061e-05 -0.01815 0.0892179 8.17108e-05 -0.000258751 -2.72369e-05 8.17108e-05 0.01003 -0.0183713 7.83061e-05 -0.000258751 -0.0183713 0.0899261 
0.00988251 -0.0181903 6.78744e-06 5.42995e-05 -0.0181903 0.0893532 6.78744e-05 -0.000220592 6.78744e-06 6.78744e-05 0.010076 -0.0183804 5.42995e-05 -0.000220592 -0.0183804 0.0898962 
0.00987125 -0.0181692 3.05822e-05 6.79604e-06 -0.0181692 0.0893611 2.71842e-05 -0.000118931 3.05822e-05 2.71842e-05 0.0101023 -0.0184445 6.79604e-06 -0.000118931 -0.0184445 0.0899966 
0.00982655 -0.0181131 4.80181e-05 6.85972e-06 -0.0181131 0.0892175 1.37194e-05 -9.60361e-05 4.80181e-05 1.37194e-05 0.0100907 -0.0184938 6.85972e-06 -9.60361e-05 -0.0184938 0.0901436 
0.00980877 -0.0180932 6.86648e-05 -3.43324e-05 -0.0180932 0.089175 -2.40327e-05 1.02997e-05 6.86648e-05 -2.40327e-05 0.0100869 -0.018464 -3.43324e-05 1.02997e-05 -0.018464 0.0901397 
0.00978429 -0.0180533 6.85655e-05 -4.11393e-05 -0.0180533 0.0890597 -3.42827e-05 2.74262e-05 6.85655e-05 -3.42827e-05 0.0101031 -0.0184613 -4.11393e-05 2.74262e-05 -0.0184613 0.0901259 
0.00978575 -0.0180062 5.13778e-05 -4.11022e-05 -0.0180062 0.0889144 -4.79526e-05 6.50785e-05 5.13778e-05 -4.79526e-05 0.0100906 -0.0184892 -4.11022e-05 6.50785e-05 -0.0184892 0.0901714 
0.00980831 -0.0180195 1.70996e-05 -2.05195e-05 -0.0180195 0.0888938 -1.36797e-05 3.07792e-05 1.70996e-05 -1.36797e-05 0.0100716 -0.0184607 -2.05195e-05 3.07792e-05 -0.0184607 0.090125 
0.00978636 -0.0180377 1.36443e-05 2.38775e-05 -0.0180377 0.0889266 2.38775e-05 -7.16325e-05 1.36443e-05 2.38775e-05 0.0100695 -0.0184198 2.38775e-05 -7.16325e-05 -0.0184198 0.0900011 
0.00977447 -0.018033 1.71482e-05 2.40075e-05 -0.018033 0.0889511 2.05778e-05 -0.000102889 1.71482e-05 2.05778e-05 0.0100523 -0.0184137 2.40075e-05 -0.000102889 -0.0184137 0.0899422 
0.00977792 -0.0180278 2.74083e-05 1.02781e-05 -0.0180278 0.0889572 0 -7.19469e-05 2.74083e-05 0 0.0100623 -0.0184047 1.02781e-05 -7.19469e-05 -0.0184047 0.0899576 
0.00978124 -0.0180141 1.37329e-05 6.86643e-06 -0.0180141 0.0889169 0 -6.86643e-05 1.37329e-05 0 0.0100456 -0.0184089 6.86643e-06 -6.86643e-05 -0.0184089 0.0899572 
0.00979043 -0.0180018 -1.02985e-05 1.71641e-05 -0.0180018 0.0888588 1.37313e-05 -7.55222e-05 -1.02985e-05 1.37313e-05 0.0100342 -0.0184068 1.71641e-05 -7.55222e-05 -0.0184068 0.0899779 
0.00977852 -0.0179937 -3.09229e-05 4.81024e-05 -0.0179937 0.0887935 4.12306e-05 -0.000120256 -3.09229e-05 4.12306e-05 0.0100293 -0.0184129 4.81024e-05 -0.000120256 -0.0184129 0.0900098 
0.00978455 -0.0179971 -5.13714e-05 8.56191e-05 -0.0179971 0.0887938 8.56191e-05 -0.000229459 -5.13714e-05 8.56191e-05 0.0100277 -0.0183944 8.56191e-05 -0.000229459 -0.0183944 0.089972 
0.00979328 -0.018026 -4.43907e-05 9.21961e-05 -0.018026 0.0888771 9.21961e-05 -0.000266344 -4.43907e-05 9.21961e-05 0.0100323 -0.0183709 9.21961e-05 -0.000266344 -0.0183709 0.0898844 
0.00979551 -0.0180633 3.41783e-06 5.12675e-05 -0.0180633 0.0890072 5.81032e-05 -0.000194817 3.41783e-06 5.81032e-05 0.0100484 -0.0183538 5.12675e-05 -0.000194817 -0.0183538 0.0898207 
0.00977387 -0.0180167 1.70872e-05 3.75918e-05 -0.0180167 0.0889422 4.78441e-05 -0.000181124 1.70872e-05 4.78441e-05 0.0100712 -0.0184097 3.75918e-05 -0.000181124 -0.0184097 0.0899264 
0.00975362 -0.017972 2.04693e-05 2.38808e-05 -0.017972 0.0888026 2.38808e-05 -0.000146697 2.04693e-05 2.38808e-05 0.0100914 -0.0184701 2.38808e-05 -0.000146697 -0.0184701 0.0901024 
0.00975688 -0.0179836 2.04475e-05 2.04475e-05 -0.0179836 0.0887832 2.38554e-05 -0.000126093 2.04475e-05 2.38554e-05 0.0100977 -0.0184709 2.04475e-05 -0.000126093 -0.0184709 0.0901463 
0.00979944 -0.0180003 2.0451e-05 -3.4085e-06 -0.0180003 0.0888631 -6.817e-06 -3.74935e-05 2.0451e-05 -6.817e-06 0.0100687 -0.0184639 -3.4085e-06 -3.74935e-05 -0.0184639 0.0901276 
0.00978968 -0.0180651 5.12728e-05 -1.70909e-05 -0.0180651 0.0889958 -2.39273e-05 2.39273e-05 5.12728e-05 -2.39273e-05 0.0100734 -0.0184206 -1.70909e-05 2.39273e-05 -0.0184206 0.0900486 
0.00976493 -0.0180555 8.57174e-05 -3.77157e-05 -0.0180555 0.0890364 -5.14305e-05 6.17165e-05 8.57174e-05 -5.14305e-05 0.0101009 -0.0184292 -3.77157e-05 6.17165e-05 -0.0184292 0.0900273 
0.00970844 -0.0179734 0.00012058 -4.82321e-05 -0.0179734 0.0888608 -6.8903e-05 7.23482e-05 0.00012058 -6.8903e-05 0.0101219 -0.0184901 -4.82321e-05 7.23482e-05 -0.0184901 0.0901527 
0.00966474 -0.0179118 0.000137969 -8.62307e-05 -0.0179118 0.0886831 -0.000103477 0.000148317 0.000137969 -0.000103477 0.0101511 -0.018512 -8.62307e-05 0.000148317 -0.018512 0.0902387 
0.00966891 -0.0178842 0.000151561 -0.000134338 -0.0178842 0.0886047 -0.000134338 0.00024112 0.000151561 -0.000134338 0.0101615 -0.0185283 -0.000134338 0.00024112 -0.0185283 0.0902718 
0.00969966 -0.0178855 0.000137001 -0.000150701 -0.0178855 0.0885847 -0.000147276 0.000301402 0.000137001 -0.000147276 0.0101689 -0.0185396 -0.000150701 0.000301402 -0.0185396 0.090311 
0.00971066 -0.0179331 0.000102397 -0.000122877 -0.0179331 0.0886657 -0.00011605 0.000273059 0.000102397 -0.00011605 0.0101783 -0.0185339 -0.000122877 0.000273059 -0.0185339 0.0902665 
0.00971359 -0.0179104 6.84779e-05 -6.16301e-05 -0.0179104 0.0886275 -5.47823e-05 0.000130108 6.84779e-05 -5.47823e-05 0.0101518 -0.0185746 -6.16301e-05 0.000130108 -0.0185746 0.0903429 
0.00971733 -0.0179122 6.51479e-05 -4.11461e-05 -0.0179122 0.0886149 -3.42884e-05 7.20056e-05 6.51479e-05 -3.42884e-05 0.0101254 -0.0185569 -4.11461e-05 7.20056e-05 -0.0185569 0.0903636 
0.00972844 -0.0179471 5.807e-05 -5.46541e-05 -0.0179471 0.0886798 -5.807e-05 8.53971e-05 5.807e-05 -5.807e-05 0.0101144 -0.0185004 -5.46541e-05 8.53971e-05 -0.0185004 0.0902681 
0.00973603 -0.0179639 6.49753e-05 -5.4716e-05 -0.0179639 0.0887254 -5.81358e-05 0.000109432 6.49753e-05 -5.81358e-05 0.0101088 -0.0184838 -5.4716e-05 0.000109432 -0.0184838 0.0901891 
0.00971387 -0.0179837 7.88909e-05 -4.45905e-05 -0.0179837 0.0888243 -4.80205e-05 8.9181e-05 7.88909e-05 -4.80205e-05 0.0101083 -0.0184467 -4.45905e-05 8.9181e-05 -0.0184467 0.0900796 
0.0097472 -0.0179709 9.58628e-05 -7.87445e-05 -0.0179709 0.0888409 -8.21681e-05 0.000136947 9.58628e-05 -8.21681e-05 0.0100861 -0.018457 -7.87445e-05 0.000136947 -0.018457 0.090046 
0.0097337 -0.0179382 8.17386e-05 -6.13039e-05 -0.0179382 0.0887238 -6.47097e-05 0.000115796 8.17386e-05 -6.47097e-05 0.0101015 -0.0184763 -6.13039e-05 0.000115796 -0.0184763 0.0901202 
0.0097336 -0.017987 9.89049e-05 -7.16208e-05 -0.017987 0.0888098 -7.84418e-05 0.000136421 9.89049e-05 -7.84418e-05 0.0101019 -0.0184441 -7.16208e-05 0.000136421 -0.0184441 0.0900512 
0.00972937 -0.017959 8.50172e-05 -6.80138e-05 -0.017959 0.0887886 -6.80138e-05 0.000112223 8.50172e-05 -6.80138e-05 0.0101205 -0.0184861 -6.80138e-05 0.000112223 -0.0184861 0.0901251 
0.00972613 -0.0179774 7.81624e-05 -7.47641e-05 -0.0179774 0.0888299 -6.79673e-05 0.000129138 7.81624e-05 -6.79673e-05 0.0101407 -0.0184939 -7.47641e-05 0.000129138 -0.0184939 0.0901587 
0.00972002 -0.0179726 5.76152e-05 -6.10043e-05 -0.0179726 0.0888494 -5.42261e-05 9.82848e-05 5.76152e-05 -5.42261e-05 0.0101674 -0.0185148 -6.10043e-05 9.82848e-05 -0.0185148 0.0902152 
0.0096857 -0.0179843 6.11943e-05 -3.05972e-05 -0.0179843 0.0888915 -3.05972e-05 5.09953e-05 6.11943e-05 -3.05972e-05 0.0101855 -0.0185215 -3.05972e-05 5.09953e-05 -0.0185215 0.0902038 
