0.00778084 0 0.00022488 0 0 0.00998916 0 0 0.00022488 0 0.00677788 0 0 0 0 0.00998916 
0.0108767 -0.0134933 0.000274787 -0.000332205 -0.0134933 0.0350579 -0.000332205 0.000631601 0.000274787 -0.000332205 0.00968317 -0.0120291 -0.000332205 0.000631601 -0.0120291 0.0322526 
0.0108067 -0.0200778 0.000306279 -0.000455279 -0.0200778 0.0733703 -0.000455279 0.00139895 0.000306279 -0.000455279 0.00993336 -0.0186499 -0.000455279 0.00139895 -0.0186499 0.0688341 
0.0102489 -0.0195999 0.000295335 -0.00031529 -0.0195999 0.087056 -0.000311299 0.00090596 0.000295335 -0.000311299 0.00945072 -0.0186021 -0.00031529 0.00090596 -0.0186021 0.0837155 
0.0103091 -0.0189267 0.000316909 -0.000271091 -0.0189267 0.0898303 -0.000263454 0.000587999 0.000316909 -0.000263454 0.0093469 -0.0179454 -0.000271091 0.000587999 -0.0179454 0.0873332 
0.010512 -0.0189275 0.000318325 -0.000307348 -0.0189275 0.0907701 -0.000311007 0.000640308 0.000318325 -0.000311007 0.00945826 -0.017753 -0.000307348 0.000640308 -0.017753 0.0882161 
0.0106425 -0.019082 0.000322822 -0.000305085 -0.019082 0.0914332 -0.000322822 0.000684667 0.000322822 -0.000322822 0.00952503 -0.01778 -0.000305085 0.000684667 -0.01778 0.0884745 
0.0106564 -0.0191654 0.000332247 -0.000297273 -0.0191654 0.0917736 -0.000300771 0.000654002 0.000332247 -0.000300771 0.00952324 -0.0177735 -0.000297273 0.000654002 -0.0177735 0.0884756 
0.0106398 -0.0191523 0.000341882 -0.000300441 -0.0191523 0.0918418 -0.000310801 0.000628509 0.000341882 -0.000310801 0.00952779 -0.0177433 -0.000300441 0.000628509 -0.0177433 0.0883539 
0.010595 -0.019116 0.000317747 -0.000317747 -0.019116 0.0917639 -0.000321163 0.000655993 0.000317747 -0.000321163 0.00956998 -0.0177357 -0.000317747 0.000655993 -0.0177357 0.0882789 
0.0105413 -0.0190584 0.000278027 -0.000308543 -0.0190584 0.0916473 -0.000305152 0.000664553 0.000278027 -0.000305152 0.00963263 -0.0178005 -0.000308543 0.000664553 -0.0178005 0.0883483 
0.0105373 -0.0189813 0.000274355 -0.000277742 -0.0189813 0.0914584 -0.000277742 0.000633387 0.000274355 -0.000277742 0.00963291 -0.0179042 -0.000277742 0.000633387 -0.0179042 0.0885828 
0.0105982 -0.0189733 0.000300681 -0.000297302 -0.0189733 0.0913529 -0.000293924 0.000672309 0.000300681 -0.000293924 0.00960489 -0.0179462 -0.000297302 0.000672309 -0.0179462 0.0888089 
0.0106408 -0.0190454 0.000320915 -0.000317536 -0.0190454 0.0914437 -0.000314158 0.000699256 0.000320915 -0.000314158 0.00956325 -0.0179003 -0.000317536 0.000699256 -0.0179003 0.0888122 
0.0106485 -0.0191341 0.000310904 -0.000314284 -0.0191341 0.091683 -0.000310904 0.000682638 0.000310904 -0.000310904 0.00953327 -0.0178094 -0.000314284 0.000682638 -0.0178094 0.0886043 
0.0106461 -0.019169 0.000297036 -0.000303787 -0.019169 0.0918551 -0.000300412 0.000668332 0.000297036 -0.000300412 0.00953892 -0.0177648 -0.000303787 0.000668332 -0.0177648 0.088446 
0.0106212 -0.0191679 0.00025889 -0.000275701 -0.0191679 0.0919327 -0.000272338 0.000601834 0.00025889 -0.000272338 0.00956547 -0.0177592 -0.000275701 0.000601834 -0.0177592 0.0883688 
0.0105911 -0.0191464 0.000234761 -0.000241468 -0.0191464 0.0919256 -0.000238114 0.000523181 0.000234761 -0.000238114 0.00960842 -0.0177982 -0.000241468 0.000523181 -0.0177982 0.0884209 
0.0105996 -0.0190819 0.000235247 -0.000211723 -0.0190819 0.0917936 -0.000205001 0.000453692 0.000235247 -0.000205001 0.0095981 -0.0178822 -0.000211723 0.000453692 -0.0178822 0.0886043 
0.0106496 -0.0190889 0.000241123 -0.000214331 -0.0190889 0.0917439 -0.000214331 0.000425314 0.000241123 -0.000214331 0.00955784 -0.0178866 -0.000214331 0.000425314 -0.0178866 0.0887299 
0.0106617 -0.0191393 0.000248649 -0.000218408 -0.0191393 0.0917751 -0.000211688 0.000416655 0.000248649 -0.000211688 0.00954275 -0.0178523 -0.000218408 0.000416655 -0.0178523 0.0887308 
0.0106572 -0.0191385 0.000265673 -0.000252221 -0.0191385 0.0917984 -0.000252221 0.000507805 0.000265673 -0.000252221 0.00954741 -0.0178539 -0.000252221 0.000507805 -0.0178539 0.0887449 
0.0106524 -0.0191307 0.000268831 -0.000272191 -0.0191307 0.0917956 -0.000268831 0.000574626 0.000268831 -0.000268831 0.00956365 -0.0178638 -0.000272191 0.000574626 -0.0178638 0.0887545 
0.0106525 -0.0191118 0.000296934 -0.00029356 -0.0191118 0.0917324 -0.000300308 0.000641108 0.000296934 -0.000300308 0.00953901 -0.0178768 -0.00029356 0.000641108 -0.0178768 0.0887833 
0.0106643 -0.0191483 0.00028731 -0.00029745 -0.0191483 0.0918039 -0.00030421 0.000655742 0.00028731 -0.00030421 0.0095184 -0.01782 -0.00029745 0.000655742 -0.01782 0.0886841 
0.0106274 -0.0191666 0.000264414 -0.000288143 -0.0191666 0.0918669 -0.000284753 0.000633915 0.000264414 -0.000284753 0.00952568 -0.0177734 -0.000288143 0.000633915 -0.0177734 0.088538 
0.0106074 -0.0191042 0.000261283 -0.000257889 -0.0191042 0.0917645 -0.000261283 0.000593824 0.000261283 -0.000261283 0.00952494 -0.017791 -0.000257889 0.000593824 -0.017791 0.0885103 
0.010584 -0.0190715 0.000282013 -0.000254831 -0.0190715 0.0916779 -0.000254831 0.000550434 0.000282013 -0.000254831 0.00953067 -0.0177838 -0.000254831 0.000550434 -0.0177838 0.0884908 
0.0105554 -0.0190416 0.00029705 -0.000300426 -0.0190416 0.0915928 -0.00029705 0.000634608 0.00029705 -0.00029705 0.00956975 -0.017796 -0.000300426 0.000634608 -0.017796 0.0885075 
0.0105391 -0.0190234 0.000268598 -0.000295458 -0.0190234 0.0915382 -0.0002921 0.00063792 0.000268598 -0.0002921 0.00960909 -0.0178383 -0.000295458 0.00063792 -0.0178383 0.0885634 
0.0105544 -0.0190093 0.000240708 -0.000254081 -0.0190093 0.0914926 -0.000250738 0.000561653 0.000240708 -0.000250738 0.00961497 -0.0178893 -0.000254081 0.000561653 -0.0178893 0.0886676 
0.0105347 -0.0189834 0.000253157 -0.000239655 -0.0189834 0.0913795 -0.00023628 0.000529942 0.000253157 -0.00023628 0.00957608 -0.0179168 -0.000239655 0.000529942 -0.0179168 0.0888007 
0.0105233 -0.018971 0.000267484 -0.000274256 -0.018971 0.0913406 -0.000274256 0.000599299 0.000267484 -0.000274256 0.00954138 -0.0178706 -0.000274256 0.000599299 -0.0178706 0.0887809 
0.0105058 -0.018954 0.000272523 -0.000286149 -0.018954 0.0912953 -0.000282743 0.000647243 0.000272523 -0.000282743 0.00951106 -0.0178196 -0.000286149 0.000647243 -0.0178196 0.088679 
0.010549 -0.0189317 0.000309965 -0.000309965 -0.0189317 0.0912454 -0.000306558 0.000698272 0.000309965 -0.000306558 0.00945562 -0.017794 -0.000309965 0.000698272 -0.017794 0.0885953 
0.0105645 -0.0189998 0.000306119 -0.000316323 -0.0189998 0.0913494 -0.000319725 0.00071768 0.000306119 -0.000319725 0.00944888 -0.0177005 -0.000316323 0.00071768 -0.0177005 0.0883869 
0.0105679 -0.018989 0.000305726 -0.000336299 -0.018989 0.0913782 -0.000336299 0.00077111 0.000305726 -0.000336299 0.00946732 -0.0177083 -0.000336299 0.00077111 -0.0177083 0.0883379 
0.0105107 -0.0190078 0.000275524 -0.000346956 -0.0190078 0.0914162 -0.000343555 0.000816368 0.000275524 -0.000343555 0.00950389 -0.0177016 -0.000346956 0.000816368 -0.0177016 0.0882732 
0.0104771 -0.0189427 0.000226879 -0.000284445 -0.0189427 0.0913271 -0.000284445 0.00070434 0.000226879 -0.000284445 0.00954922 -0.0177541 -0.000284445 0.00070434 -0.0177541 0.0883439 
0.0104718 -0.018896 0.000210182 -0.000227132 -0.018896 0.0911985 -0.000233912 0.000576304 0.000210182 -0.000233912 0.0095497 -0.0178112 -0.000227132 0.000576304 -0.0178112 0.0884831 
0.0104307 -0.0188841 0.000210996 -0.000200786 -0.0188841 0.0911127 -0.000214399 0.000479845 0.000210996 -0.000214399 0.00956627 -0.0178155 -0.000200786 0.000479845 -0.0178155 0.0885399 
0.010436 -0.0188428 0.000238732 -0.000214859 -0.0188428 0.0910626 -0.00022509 0.000491106 0.000238732 -0.00022509 0.00954245 -0.0178299 -0.000214859 0.000491106 -0.0178299 0.0885763 
0.0104617 -0.0188557 0.000280256 -0.000270002 -0.0188557 0.0910592 -0.000266585 0.000570765 0.000280256 -0.000266585 0.00950819 -0.0177997 -0.000270002 0.000570765 -0.0177997 0.0885266 
0.0104433 -0.0189078 0.000252468 -0.000293408 -0.0189078 0.0911647 -0.000289996 0.000617522 0.000252468 -0.000289996 0.00953577 -0.0177375 -0.000293408 0.000617522 -0.0177375 0.0883875 
0.010432 -0.0188765 0.000207958 -0.000262505 -0.0188765 0.0911778 -0.000255686 0.000596602 0.000207958 -0.000255686 0.00955586 -0.0177651 -0.000262505 0.000596602 -0.0177651 0.0883516 
0.0104435 -0.0188695 0.000198662 -0.000188386 -0.0188695 0.0911482 -0.000181536 0.000441852 0.000198662 -0.000181536 0.00951523 -0.0177734 -0.000188386 0.000441852 -0.0177734 0.0883498 
0.0105209 -0.0188852 0.000228272 -0.000204422 -0.0188852 0.0911724 -0.000204422 0.000432694 0.000228272 -0.000204422 0.00947157 -0.0177575 -0.000204422 0.000432694 -0.0177575 0.0883752 
0.0105901 -0.0189744 0.000248499 -0.000217862 -0.0189744 0.091308 -0.000217862 0.000435724 0.000248499 -0.000217862 0.00944976 -0.0177183 -0.000217862 0.000435724 -0.0177183 0.0883192 
0.0105864 -0.0190494 0.000238971 -0.000228729 -0.0190494 0.0914814 -0.000228729 0.000447217 0.000238971 -0.000228729 0.00944617 -0.0176702 -0.000228729 0.000447217 -0.0176702 0.0882075 
0.0105282 -0.0190509 0.000207704 -0.000221324 -0.0190509 0.0915635 -0.000228134 0.000469888 0.000207704 -0.000228134 0.00950672 -0.0176685 -0.000221324 0.000469888 -0.0176685 0.0881585 
0.0104825 -0.01898 0.000180147 -0.000186945 -0.01898 0.0914637 -0.000193743 0.000414678 0.000180147 -0.000193743 0.00957499 -0.0177564 -0.000186945 0.000414678 -0.0177564 0.0882857 
0.0104332 -0.0189087 0.000172143 -0.000182269 -0.0189087 0.091293 -0.000189019 0.000398291 0.000172143 -0.000189019 0.00966361 -0.0178556 -0.000182269 0.000398291 -0.0178556 0.0885488 
0.0104487 -0.0188473 0.000208035 -0.000181192 -0.0188473 0.0911193 -0.000184547 0.000406003 0.000208035 -0.000184547 0.00969375 -0.0179782 -0.000181192 0.000406003 -0.0179782 0.0888544 
0.0105204 -0.0188918 0.000261502 -0.000221271 -0.0188918 0.0911401 -0.000217918 0.000445894 0.000261502 -0.000217918 0.00965545 -0.0180068 -0.000221271 0.000445894 -0.0180068 0.0890045 
0.0105544 -0.0189892 0.000284621 -0.000274575 -0.0189892 0.0913331 -0.000267878 0.000549151 0.000284621 -0.000267878 0.00964027 -0.0179612 -0.000274575 0.000549151 -0.0179612 0.0889858 
0.0105929 -0.0190405 0.000294993 -0.00027488 -0.0190405 0.0915015 -0.000271528 0.000583282 0.000294993 -0.000271528 0.00960404 -0.0179309 -0.00027488 0.000583282 -0.0179309 0.0889069 
0.0106296 -0.0190916 0.000285651 -0.000299093 -0.0190916 0.0916805 -0.000302454 0.00061835 0.000285651 -0.000302454 0.00958443 -0.0179019 -0.000299093 0.00061835 -0.0179019 0.0888542 
0.0106027 -0.0191261 0.00025992 -0.000273422 -0.0191261 0.0917686 -0.000283549 0.00060423 0.00025992 -0.000283549 0.00959341 -0.0178602 -0.000273422 0.00060423 -0.0178602 0.0887475 
0.010609 -0.0191029 0.000279538 -0.000269434 -0.0191029 0.0917961 -0.000282905 0.000623066 0.000279538 -0.000282905 0.00961205 -0.0178769 -0.000269434 0.000623066 -0.0178769 0.0887616 
0.010625 -0.0191007 0.000304152 -0.000280495 -0.0191007 0.0917693 -0.000287254 0.000608303 0.000304152 -0.000287254 0.00959092 -0.0178943 -0.000280495 0.000608303 -0.0178943 0.0887582 
0.0106009 -0.0191109 0.000331384 -0.000304053 -0.0191109 0.0917626 -0.000307469 0.000645686 0.000331384 -0.000307469 0.00955205 -0.0178537 -0.000304053 0.000645686 -0.0178537 0.0886844 
0.010562 -0.0190957 0.000317578 -0.000344897 -0.0190957 0.0917597 -0.000338067 0.000727357 0.000317578 -0.000338067 0.00958199 -0.0178151 -0.000344897 0.000727357 -0.0178151 0.0885873 
0.01051 -0.0190374 0.000310523 -0.000334409 -0.0190374 0.0916418 -0.000330997 0.00075754 0.000310523 -0.000330997 0.0096228 -0.0178295 -0.000334409 0.00075754 -0.0178295 0.0885571 
0.0105027 -0.0189626 0.000298623 -0.000312197 -0.0189626 0.0914465 -0.00030541 0.000709229 0.000298623 -0.00030541 0.00965095 -0.0179004 -0.000312197 0.000709229 -0.0179004 0.088674 
0.0105019 -0.0189522 0.00027806 -0.000288233 -0.0189522 0.0913428 -0.000281451 0.000634113 0.00027806 -0.000281451 0.00964734 -0.0179145 -0.000288233 0.000634113 -0.0179145 0.0887487 
0.0105117 -0.0189643 0.000237054 -0.000237054 -0.0189643 0.091354 -0.000243827 0.000518133 0.000237054 -0.000243827 0.00963456 -0.0179078 -0.000237054 0.000518133 -0.0179078 0.0887565 
0.0104997 -0.0189783 0.000193621 -0.000186828 -0.0189783 0.0913757 -0.000193621 0.000394036 0.000193621 -0.000193621 0.00961653 -0.0178845 -0.000186828 0.000394036 -0.0178845 0.0886956 
0.0105019 -0.0189414 0.000193038 -0.000179491 -0.0189414 0.091317 -0.000179491 0.000379302 0.000193038 -0.000179491 0.00960786 -0.0178882 -0.000179491 0.000379302 -0.0178882 0.0886992 
0.0104597 -0.0189316 0.000185936 -0.000182555 -0.0189316 0.0912641 -0.000182555 0.000378633 0.000185936 -0.000182555 0.00963824 -0.0178803 -0.000182555 0.000378633 -0.0178803 0.0886914 
0.0104229 -0.018931 0.000162382 -0.000138701 -0.018931 0.0912957 -0.000138701 0.000270636 0.000162382 -0.000138701 0.00965832 -0.0178755 -0.000138701 0.000270636 -0.0178755 0.0886468 
0.0103763 -0.0188681 0.000159583 -0.000129024 -0.0188681 0.0911897 -0.000129024 0.000234281 0.000159583 -0.000129024 0.00967343 -0.0179106 -0.000129024 0.000234281 -0.0179106 0.0886907 
0.0104008 -0.0187891 0.000182945 -0.00014229 -0.0187891 0.0910015 -0.000145678 0.000267641 0.000182945 -0.000145678 0.00964526 -0.0179591 -0.00014229 0.000267641 -0.0179591 0.0888265 
0.0103818 -0.018838 0.000195947 -0.000185812 -0.018838 0.0910175 -0.000185812 0.000361489 0.000195947 -0.000185812 0.00967574 -0.0179089 -0.000185812 0.000361489 -0.0179089 0.0887844 
0.0103637 -0.0188253 0.000192923 -0.000196308 -0.0188253 0.0910362 -0.000186154 0.000396001 0.000192923 -0.000186154 0.00968002 -0.0179216 -0.000196308 0.000396001 -0.0179216 0.0887482 
0.0103082 -0.0187872 0.00015979 -0.000197188 -0.0187872 0.0909443 -0.000193788 0.000424973 0.00015979 -0.000193788 0.00970639 -0.0179509 -0.000197188 0.000424973 -0.0179509 0.0888059 
0.0103162 -0.0187174 0.000176868 -0.000173466 -0.0187174 0.0908182 -0.000173466 0.000425163 0.000176868 -0.000173466 0.00969031 -0.0179793 -0.000173466 0.000425163 -0.0179793 0.088893 
0.0103616 -0.0187433 0.000213957 -0.000176599 -0.0187433 0.0908196 -0.000176599 0.000383764 0.000213957 -0.000176599 0.00964843 -0.017952 -0.000176599 0.000383764 -0.017952 0.0888566 
0.0104085 -0.0187868 0.000217267 -0.000193504 -0.0187868 0.090889 -0.000196899 0.000383613 0.000217267 -0.000196899 0.00960389 -0.017894 -0.000193504 0.000383613 -0.017894 0.0887435 
0.0104302 -0.0188349 0.000241299 -0.000217509 -0.0188349 0.09099 -0.00021411 0.000445213 0.000241299 -0.00021411 0.00958398 -0.0178561 -0.000217509 0.000445213 -0.0178561 0.0886484 
0.0104035 -0.018888 0.000200394 -0.000210584 -0.018888 0.0911589 -0.000200394 0.000393995 0.000200394 -0.000200394 0.00959514 -0.0177909 -0.000210584 0.000393995 -0.0177909 0.0884621 
0.0103177 -0.0188624 0.000170146 -0.000180355 -0.0188624 0.0911643 -0.000176952 0.000370919 0.000170146 -0.000176952 0.00965409 -0.0177939 -0.000180355 0.000370919 -0.0177939 0.0883739 
0.0102601 -0.0187243 0.000191204 -0.000177547 -0.0187243 0.0908833 -0.000180961 0.000396065 0.000191204 -0.000180961 0.00966263 -0.0178844 -0.000177547 0.000396065 -0.0178844 0.0885172 
0.0102155 -0.0186255 0.000170657 -0.000197962 -0.0186255 0.0905914 -0.000197962 0.000436881 0.000170657 -0.000197962 0.00968647 -0.0179258 -0.000197962 0.000436881 -0.0179258 0.0886902 
0.0102113 -0.018575 0.000167342 -0.000157097 -0.018575 0.0904092 -0.000167342 0.000396157 0.000167342 -0.000167342 0.00967853 -0.0179432 -0.000157097 0.000396157 -0.0179432 0.0887666 
0.0102451 -0.0185806 0.000177641 -0.000150312 -0.0185806 0.0903647 -0.00016056 0.000355282 0.000177641 -0.00016056 0.00963362 -0.0179213 -0.000150312 0.000355282 -0.0179213 0.088742 
0.0102352 -0.0186257 0.000144013 -0.000140584 -0.0186257 0.0904368 -0.000144013 0.000274311 0.000144013 -0.000144013 0.00961459 -0.0178542 -0.000140584 0.000274311 -0.0178542 0.088599 
0.0102414 -0.0186202 0.000130115 -0.000130115 -0.0186202 0.0904711 -0.000133539 0.000277351 0.000130115 -0.000133539 0.0096114 -0.017836 -0.000130115 0.000277351 -0.017836 0.0885228 
0.0102375 -0.0186266 0.00012232 -0.000118922 -0.0186266 0.0904893 -0.00012232 0.00025823 0.00012232 -0.00012232 0.00964286 -0.0178349 -0.000118922 0.00025823 -0.0178349 0.0884948 
0.0102319 -0.0186261 0.00013638 -0.000102285 -0.0186261 0.090495 -9.88755e-05 0.000201161 0.00013638 -9.88755e-05 0.00964548 -0.0178624 -0.000102285 0.000201161 -0.0178624 0.0885175 
0.0102101 -0.0186299 9.88954e-05 -8.86649e-05 -0.0186299 0.0905166 -8.18445e-05 0.000126177 9.88954e-05 -8.18445e-05 0.00965083 -0.0178489 -8.86649e-05 0.000126177 -0.0178489 0.0884978 
0.0102028 -0.0185994 0.000109048 -8.86011e-05 -0.0185994 0.0904788 -7.49702e-05 0.000136309 0.000109048 -7.49702e-05 0.0096473 -0.0178633 -8.86011e-05 0.000136309 -0.0178633 0.0885159 
0.0101917 -0.018585 0.000102566 -7.52152e-05 -0.018585 0.0904155 -7.52152e-05 0.000112823 0.000102566 -7.52152e-05 0.00963439 -0.0178602 -7.52152e-05 0.000112823 -0.0178602 0.0885317 
0.0101887 -0.0185483 0.000126972 -0.000113246 -0.0185483 0.0903151 -0.000106382 0.000195606 0.000126972 -0.000106382 0.00961558 -0.0178791 -0.000113246 0.000195606 -0.0178791 0.0885958 
0.0101706 -0.0185365 0.00012328 -0.000140402 -0.0185365 0.0902613 -0.000147251 0.00030135 0.00012328 -0.000147251 0.00963293 -0.0178619 -0.000140402 0.00030135 -0.0178619 0.0885867 
0.0101453 -0.0185133 0.000116652 -0.000137237 -0.0185133 0.0901923 -0.000144099 0.0003328 0.000116652 -0.000144099 0.00965807 -0.0178786 -0.000137237 0.0003328 -0.0178786 0.0886072 
0.0101848 -0.0184861 0.000130136 -9.9314e-05 -0.0184861 0.0901361 -0.000106163 0.000253422 0.000130136 -0.000106163 0.00962661 -0.0179039 -9.9314e-05 0.000253422 -0.0179039 0.0886429 
0.0101933 -0.0185506 0.000126264 -9.89639e-05 -0.0185506 0.090221 -0.000102376 0.00018769 0.000126264 -0.000102376 0.0096268 -0.0178374 -9.89639e-05 0.00018769 -0.0178374 0.0885488 
0.0101715 -0.0185757 0.000119184 -0.000108968 -0.0185757 0.0903348 -0.000108968 0.000200911 0.000119184 -0.000108968 0.00966414 -0.0178368 -0.000108968 0.000200911 -0.0178368 0.0884722 
0.0101429 -0.0185438 9.5079e-05 -0.00012564 -0.0185438 0.0903386 -0.000122244 0.000247884 9.5079e-05 -0.000122244 0.00973541 -0.0179054 -0.00012564 0.000247884 -0.0179054 0.0886068 
0.010117 -0.0185343 6.45911e-05 -6.79907e-05 -0.0185343 0.0903324 -6.45911e-05 0.000149579 6.45911e-05 -6.45911e-05 0.00977366 -0.0179631 -6.79907e-05 0.000149579 -0.0179631 0.0887346 
0.0101085 -0.018502 4.78265e-05 -1.02485e-05 -0.018502 0.0902759 -1.70809e-05 -6.83235e-06 4.78265e-05 -1.70809e-05 0.00978051 -0.0180203 -1.02485e-05 -6.83235e-06 -0.0180203 0.0888718 
0.0100877 -0.0184576 3.42187e-05 -6.84374e-06 -0.0184576 0.0901389 -6.84374e-06 -6.15936e-05 3.42187e-05 -6.84374e-06 0.00978312 -0.0180538 -6.84374e-06 -6.15936e-05 -0.0180538 0.0890199 
0.0101125 -0.0184563 2.3947e-05 1.0263e-05 -0.0184563 0.0901058 1.7105e-05 -0.00010263 2.3947e-05 1.7105e-05 0.00974301 -0.0180287 1.0263e-05 -0.00010263 -0.0180287 0.0889803 
0.0101271 -0.0184809 3.07502e-05 -3.41669e-06 -0.0184809 0.0901323 3.41669e-06 -6.83338e-05 3.07502e-05 3.41669e-06 0.00973756 -0.0179889 -3.41669e-06 -6.83338e-05 -0.0179889 0.0889159 
0.0101431 -0.0184932 1.70759e-05 1.36607e-05 -0.0184932 0.0901503 2.73214e-05 -0.000112701 1.70759e-05 2.73214e-05 0.00970933 -0.0179604 1.36607e-05 -0.000112701 -0.0179604 0.0888286 
0.0101301 -0.0185059 0 2.38918e-05 -0.0185059 0.0901815 2.38918e-05 -0.000119459 0 2.38918e-05 0.00972398 -0.0179564 2.38918e-05 -0.000119459 -0.0179564 0.0888128 
0.0101255 -0.0184725 2.72557e-05 1.02209e-05 -0.0184725 0.0901243 1.02209e-05 -7.49531e-05 2.72557e-05 1.02209e-05 0.00975753 -0.0180058 1.02209e-05 -7.49531e-05 -0.0180058 0.0889216 
0.0101213 -0.0184877 5.48394e-05 -3.42746e-05 -0.0184877 0.0901183 -2.39922e-05 3.42746e-06 5.48394e-05 -2.39922e-05 0.00976141 -0.0180216 -3.42746e-05 3.42746e-06 -0.0180216 0.0889701 
0.010109 -0.018493 5.50898e-05 -4.13173e-05 -0.018493 0.0901579 -4.13173e-05 4.13173e-05 5.50898e-05 -4.13173e-05 0.00974745 -0.0180144 -4.13173e-05 4.13173e-05 -0.0180144 0.0889459 
0.0100898 -0.0184835 3.79185e-05 -2.06828e-05 -0.0184835 0.0901702 -2.75771e-05 1.72357e-05 3.79185e-05 -2.75771e-05 0.00975539 -0.0179837 -2.06828e-05 1.72357e-05 -0.0179837 0.0888602 
0.0100693 -0.0184678 3.43778e-06 1.71889e-05 -0.0184678 0.0901697 6.87557e-06 -7.21935e-05 3.43778e-06 6.87557e-06 0.00976675 -0.0179521 1.71889e-05 -7.21935e-05 -0.0179521 0.0887533 
0.0100748 -0.0184257 2.0645e-05 2.75267e-05 -0.0184257 0.0900708 2.75267e-05 -0.000106666 2.0645e-05 2.75267e-05 0.00975821 -0.0179887 2.75267e-05 -0.000106666 -0.0179887 0.0887873 
0.0100836 -0.0184287 6.5411e-05 -3.44268e-06 -0.0184287 0.0900193 -6.88537e-06 -5.16403e-05 6.5411e-05 -6.88537e-06 0.0097428 -0.0179811 -3.44268e-06 -5.16403e-05 -0.0179811 0.0887972 
0.0101122 -0.018443 0.000116706 -5.83531e-05 -0.018443 0.0900388 -6.17856e-05 5.83531e-05 0.000116706 -6.17856e-05 0.00972437 -0.0179659 -5.83531e-05 5.83531e-05 -0.0179659 0.0887688 
0.0101089 -0.0184837 0.000130749 -9.97819e-05 -0.0184837 0.090103 -0.000106663 0.000161715 0.000130749 -0.000106663 0.00970293 -0.017916 -9.97819e-05 0.000161715 -0.017916 0.0886545 
0.0101015 -0.0184661 0.000113733 -9.65005e-05 -0.0184661 0.0901004 -9.99469e-05 0.000168876 0.000113733 -9.99469e-05 0.00968107 -0.0179008 -9.65005e-05 0.000168876 -0.0179008 0.0885874 
0.0101036 -0.0184472 9.60611e-05 -8.91996e-05 -0.0184472 0.090047 -8.57689e-05 0.000168107 9.60611e-05 -8.57689e-05 0.00967816 -0.0178948 -8.91996e-05 0.000168107 -0.0178948 0.088589 
0.0100955 -0.0184491 7.87108e-05 -7.18664e-05 -0.0184491 0.0900315 -6.5022e-05 0.000130044 7.87108e-05 -6.5022e-05 0.00969854 -0.0178947 -7.18664e-05 0.000130044 -0.0178947 0.088577 
0.0100866 -0.0184481 5.13398e-05 -4.79171e-05 -0.0184481 0.090026 -4.10718e-05 5.81851e-05 5.13398e-05 -4.10718e-05 0.00971007 -0.0179107 -4.79171e-05 5.81851e-05 -0.0179107 0.0886091 
0.0100474 -0.0184357 2.06101e-05 -2.40451e-05 -0.0184357 0.0900144 -2.06101e-05 1.7175e-05 2.06101e-05 -2.06101e-05 0.00972451 -0.0179204 -2.40451e-05 1.7175e-05 -0.0179204 0.0886336 
0.0100262 -0.0183848 4.11754e-05 -6.86257e-06 -0.0183848 0.0899237 -3.43129e-06 6.86257e-06 4.11754e-05 -3.43129e-06 0.00975857 -0.0179696 -6.86257e-06 6.86257e-06 -0.0179696 0.0887468 
0.0100091 -0.0183534 5.49196e-05 -4.11897e-05 -0.0183534 0.0898313 -3.77572e-05 5.49196e-05 5.49196e-05 -3.77572e-05 0.00977912 -0.0180033 -4.11897e-05 5.49196e-05 -0.0180033 0.0888496 
0.00997652 -0.018327 3.43781e-05 -4.12537e-05 -0.018327 0.0897405 -4.46915e-05 7.56318e-05 3.43781e-05 -4.46915e-05 0.00982182 -0.0180451 -4.12537e-05 7.56318e-05 -0.0180451 0.0889877 
0.00998257 -0.0182979 1.37786e-05 0 -0.0182979 0.0896812 0 -3.44464e-06 1.37786e-05 0 0.00982412 -0.0180878 0 -3.44464e-06 -0.0180878 0.0890819 
0.00998743 -0.0183028 2.07711e-05 2.76948e-05 -0.0183028 0.0896376 2.42329e-05 -8.30844e-05 2.07711e-05 2.42329e-05 0.00977972 -0.018057 2.76948e-05 -8.30844e-05 -0.018057 0.0890457 
0.00998256 -0.0183008 3.12715e-05 1.04238e-05 -0.0183008 0.0896241 1.73731e-05 -9.72891e-05 3.12715e-05 1.73731e-05 0.00973239 -0.017995 1.04238e-05 -9.72891e-05 -0.017995 0.0889083 
0.00997993 -0.0182861 2.77799e-05 -1.38899e-05 -0.0182861 0.0895763 -6.94497e-06 -5.55598e-05 2.77799e-05 -6.94497e-06 0.00971255 -0.0179493 -1.38899e-05 -5.55598e-05 -0.0179493 0.0887915 
0.00998207 -0.0182964 3.13354e-05 6.96342e-06 -0.0182964 0.0896053 1.39268e-05 -6.61525e-05 3.13354e-05 1.39268e-05 0.00967916 -0.0178925 6.96342e-06 -6.61525e-05 -0.0178925 0.0885957 
0.00998543 -0.0183165 2.42786e-05 3.46837e-06 -0.0183165 0.0896747 0 -5.89623e-05 2.42786e-05 0 0.00967675 -0.0178344 3.46837e-06 -5.89623e-05 -0.0178344 0.0884122 
0.00998045 -0.0182963 3.11456e-05 -3.46063e-06 -0.0182963 0.089651 -6.92125e-06 -3.80669e-05 3.11456e-05 -6.92125e-06 0.00967937 -0.017843 -3.46063e-06 -3.80669e-05 -0.017843 0.0883706 
0.00999696 -0.0182967 6.89922e-06 3.44961e-06 -0.0182967 0.0896346 -1.37984e-05 -4.48449e-05 6.89922e-06 -1.37984e-05 0.00967615 -0.0178621 3.44961e-06 -4.48449e-05 -0.0178621 0.08841 
0.0100062 -0.0183199 -3.45398e-06 2.07239e-05 -0.0183199 0.0896757 2.07239e-05 -7.59876e-05 -3.45398e-06 2.07239e-05 0.00967115 -0.0178605 2.07239e-05 -7.59876e-05 -0.0178605 0.0884219 
0.0100107 -0.0183363 -2.41222e-05 5.85825e-05 -0.0183363 0.0897174 4.82444e-05 -0.000161963 -2.41222e-05 4.82444e-05 0.00966611 -0.0178504 5.85825e-05 -0.000161963 -0.0178504 0.0884182 
0.0100182 -0.0183066 3.43206e-06 4.46168e-05 -0.0183066 0.0896455 4.11847e-05 -0.000137282 3.43206e-06 4.11847e-05 0.00967155 -0.0178913 4.46168e-05 -0.000137282 -0.0178913 0.0885129 
0.00998167 -0.0183335 3.4384e-06 1.7192e-05 -0.0183335 0.0896769 1.37536e-05 -9.97136e-05 3.4384e-06 1.37536e-05 0.00969629 -0.0178659 1.7192e-05 -9.97136e-05 -0.0178659 0.0884941 
0.00994874 -0.0182808 -1.03633e-05 2.76354e-05 -0.0182808 0.0896146 3.45442e-05 -0.000107087 -1.03633e-05 3.45442e-05 0.00971384 -0.0179146 2.76354e-05 -0.000107087 -0.0179146 0.0885852 
0.00993944 -0.0182384 -2.42256e-05 3.46081e-05 -0.0182384 0.089538 4.84513e-05 -0.000121128 -2.42256e-05 4.84513e-05 0.00972141 -0.0179339 3.46081e-05 -0.000121128 -0.0179339 0.0886555 
0.00994977 -0.0182378 -1.3848e-05 5.19299e-05 -0.0182378 0.089496 5.53919e-05 -0.000145404 -1.3848e-05 5.53919e-05 0.00971089 -0.0179331 5.19299e-05 -0.000145404 -0.0179331 0.0886651 
0.00998476 -0.018265 6.92905e-06 3.46452e-05 -0.018265 0.0895683 3.46452e-05 -0.000124723 6.92905e-06 3.46452e-05 0.00967988 -0.0178977 3.46452e-05 -0.000124723 -0.0178977 0.0885775 
0.0100168 -0.0183278 4.15203e-05 0 -0.0183278 0.0896978 0 -5.88205e-05 4.15203e-05 0 0.00965348 -0.0178399 0 -5.88205e-05 -0.0178399 0.0884314 
0.00997135 -0.0183247 2.07881e-05 -1.73234e-05 -0.0183247 0.0897075 -1.73234e-05 -1.38587e-05 2.07881e-05 -1.73234e-05 0.00969071 -0.01785 -1.73234e-05 -1.38587e-05 -0.01785 0.0884152 
0.00996558 -0.0182639 4.49679e-05 -1.03772e-05 -0.0182639 0.0895795 -1.38363e-05 0 4.49679e-05 -1.38363e-05 0.00969923 -0.0179007 -1.03772e-05 0 -0.0179007 0.088528 
0.00996696 -0.0182837 3.7976e-05 -1.03571e-05 -0.0182837 0.0895818 -3.45236e-06 -3.7976e-05 3.7976e-05 -3.45236e-06 0.00969768 -0.0178832 -1.03571e-05 -3.7976e-05 -0.0178832 0.0885081 
0.00996506 -0.0182762 3.44573e-06 6.89147e-06 -0.0182762 0.0895787 3.44573e-06 -7.92519e-05 3.44573e-06 3.44573e-06 0.00970663 -0.0179006 6.89147e-06 -7.92519e-05 -0.0179006 0.0885312 
0.00997055 -0.0182759 -1.3762e-05 2.0643e-05 -0.0182759 0.0895732 1.72025e-05 -7.91313e-05 -1.3762e-05 1.72025e-05 0.00970907 -0.0179112 2.0643e-05 -7.91313e-05 -0.0179112 0.0885686 
0.00997736 -0.0183039 -3.79105e-05 6.54818e-05 -0.0183039 0.089648 6.89282e-05 -0.000192999 -3.79105e-05 6.89282e-05 0.00969131 -0.01788 6.54818e-05 -0.000192999 -0.01788 0.0885004 
0.00996822 -0.0182837 -3.79545e-05 6.90081e-05 -0.0182837 0.0896139 7.24585e-05 -0.000220826 -3.79545e-05 7.24585e-05 0.00969219 -0.0178904 6.90081e-05 -0.000220826 -0.0178904 0.088534 
0.00992367 -0.0182456 -2.75562e-05 6.54459e-05 -0.0182456 0.0895094 6.88905e-05 -0.000210116 -2.75562e-05 6.88905e-05 0.00973422 -0.0179115 6.54459e-05 -0.000210116 -0.0179115 0.0886 
0.00992077 -0.0181738 0 3.78262e-05 -0.0181738 0.0893282 4.12649e-05 -0.000140988 0 4.12649e-05 0.0097282 -0.0179777 3.78262e-05 -0.000140988 -0.0179777 0.0887505 
0.00994926 -0.0182128 1.37326e-05 2.4032e-05 -0.0182128 0.0893614 2.05989e-05 -0.000102994 1.37326e-05 2.05989e-05 0.0097158 -0.0179485 2.4032e-05 -0.000102994 -0.0179485 0.08874 
