0.0078677 0 -0.000448302 0 0 0.00998816 0 0 -0.000448302 0 0.00672453 0 0 0 0 0.00998816 
0.0109762 -0.0136282 -0.00054431 0.000662994 -0.0136282 0.0353147 0.000662994 -0.00127688 -0.00054431 0.000662994 0.0096216 -0.0119666 0.000662994 -0.00127688 -0.0119666 0.0321225 
0.0109143 -0.0202664 -0.000497053 0.000760199 -0.0202664 0.0739607 0.000760199 -0.00237667 -0.000497053 0.000760199 0.00976146 -0.0184787 0.000760199 -0.00237667 -0.0184787 0.0683385 
0.0103111 -0.0197026 -0.000488293 0.000520846 -0.0197026 0.0873719 0.000520846 -0.00161544 -0.000488293 0.000520846 0.00918398 -0.0183639 0.000520846 -0.00161544 -0.0183639 0.0830668 
0.0103092 -0.0189561 -0.000517798 0.000513905 -0.0189561 0.0898983 0.000502225 -0.00116797 -0.000517798 0.000502225 0.00908287 -0.0176246 0.000513905 -0.00116797 -0.0176246 0.086554 
0.0105345 -0.0188863 -0.000565213 0.000609835 -0.0188863 0.0906758 0.000587524 -0.00130148 -0.000565213 0.000587524 0.00917356 -0.0174435 0.000609835 -0.00130148 -0.0174435 0.0873961 
0.0106772 -0.0190621 -0.000558753 0.000648297 -0.0190621 0.091306 0.000637552 -0.00144345 -0.000558753 0.000637552 0.00925525 -0.017436 0.000648297 -0.00144345 -0.017436 0.0876096 
0.010716 -0.0191714 -0.00053807 0.000625419 -0.0191714 0.091713 0.000618431 -0.00148144 -0.00053807 0.000618431 0.0093149 -0.0174593 0.000625419 -0.00148144 -0.0174593 0.0876426 
0.0106993 -0.0191914 -0.000504586 0.0005904 -0.0191914 0.091869 0.000593832 -0.00143138 -0.000504586 0.000593832 0.00939491 -0.0175232 0.0005904 -0.00143138 -0.0175232 0.0877293 
0.0106342 -0.0191518 -0.00046695 0.00053171 -0.0191518 0.0918086 0.000538527 -0.00128837 -0.00046695 0.000538527 0.00947194 -0.017618 0.00053171 -0.00128837 -0.017618 0.0878992 
0.0106066 -0.0190824 -0.000455395 0.000499575 -0.0190824 0.0916805 0.000496177 -0.00116907 -0.000455395 0.000496177 0.00950892 -0.0177196 0.000499575 -0.00116907 -0.0177196 0.0881495 
0.0106199 -0.0190614 -0.000475009 0.000502153 -0.0190614 0.091592 0.00049876 -0.00116038 -0.000475009 0.00049876 0.0094968 -0.0177721 0.000502153 -0.00116038 -0.0177721 0.0883484 
0.0106405 -0.0190804 -0.000484119 0.000514588 -0.0190804 0.0916034 0.000511202 -0.00116798 -0.000484119 0.000511202 0.00948264 -0.0177702 0.000514588 -0.00116798 -0.0177702 0.0884279 
0.0106319 -0.0191089 -0.000477723 0.000531933 -0.0191089 0.0916449 0.000535321 -0.00120955 -0.000477723 0.000535321 0.00949348 -0.0177638 0.000531933 -0.00120955 -0.0177638 0.0884398 
0.0106054 -0.0190925 -0.000464347 0.000528745 -0.0190925 0.0916526 0.000535524 -0.00124052 -0.000464347 0.000535524 0.00953098 -0.0177841 0.000528745 -0.00124052 -0.0177841 0.0884937 
0.0105819 -0.0190434 -0.000497934 0.000555518 -0.0190434 0.0915724 0.000555518 -0.00132782 -0.000497934 0.000555518 0.00957591 -0.0178477 0.000555518 -0.00132782 -0.0178477 0.0886525 
0.0105993 -0.0190179 -0.000523212 0.000573845 -0.0190179 0.0914811 0.00057047 -0.0013671 -0.000523212 0.00057047 0.00956972 -0.0178871 0.000573845 -0.0013671 -0.0178871 0.0887638 
0.0106227 -0.0190583 -0.000518182 0.000582113 -0.0190583 0.0915297 0.000582113 -0.00137957 -0.000518182 0.000582113 0.00956281 -0.0178672 0.000582113 -0.00137957 -0.0178672 0.0887571 
0.0105848 -0.0190898 -0.000486969 0.000551221 -0.0190898 0.0916076 0.00056813 -0.00131549 -0.000486969 0.00056813 0.00955676 -0.0178318 0.000551221 -0.00131549 -0.0178318 0.0886553 
0.0105539 -0.0190561 -0.000475553 0.000516315 -0.0190561 0.0916085 0.000526505 -0.00123644 -0.000475553 0.000526505 0.00955183 -0.0178332 0.000516315 -0.00123644 -0.0178332 0.0886125 
0.0105524 -0.0190297 -0.000452439 0.000496663 -0.0190297 0.0915799 0.000500065 -0.00114981 -0.000452439 0.000500065 0.00954545 -0.0178186 0.000496663 -0.00114981 -0.0178186 0.0885727 
0.0105656 -0.0190215 -0.000433462 0.000491031 -0.0190215 0.0915553 0.000497804 -0.00113784 -0.000433462 0.000497804 0.00955309 -0.0178058 0.000491031 -0.00113784 -0.0178058 0.0885414 
0.0105961 -0.0190258 -0.000431944 0.000475813 -0.0190258 0.0915349 0.000469064 -0.0011136 -0.000431944 0.000469064 0.00955 -0.0178244 0.000475813 -0.0011136 -0.0178244 0.0885619 
0.0106149 -0.019046 -0.000448895 0.000479272 -0.019046 0.091551 0.000482647 -0.00112393 -0.000448895 0.000482647 0.00953818 -0.0178343 0.000479272 -0.00112393 -0.0178343 0.0886079 
0.0106283 -0.0191032 -0.000469143 0.000479268 -0.0191032 0.0916921 0.000475893 -0.00110367 -0.000469143 0.000475893 0.00951111 -0.0177802 0.000479268 -0.00110367 -0.0177802 0.0884959 
0.010604 -0.0191303 -0.000462068 0.000505914 -0.0191303 0.0918032 0.000502541 -0.0011265 -0.000462068 0.000502541 0.0095348 -0.017761 0.000505914 -0.0011265 -0.017761 0.0884237 
0.0105525 -0.0191005 -0.000428581 0.000499448 -0.0191005 0.091777 0.000492699 -0.00113726 -0.000428581 0.000492699 0.00959076 -0.0177878 0.000499448 -0.00113726 -0.0177878 0.0884496 
0.0105343 -0.0190103 -0.00043121 0.00048848 -0.0190103 0.0915884 0.000475005 -0.00113866 -0.00043121 0.000475005 0.00961127 -0.0178851 0.00048848 -0.00113866 -0.0178851 0.0886609 
0.0105539 -0.0189909 -0.000442987 0.000470039 -0.0189909 0.0914683 0.000463276 -0.00109901 -0.000442987 0.000463276 0.00957324 -0.0179055 0.000470039 -0.00109901 -0.0179055 0.088763 
0.0105918 -0.0190206 -0.000452871 0.000476528 -0.0190206 0.0915036 0.000473149 -0.0010781 -0.000452871 0.000473149 0.00953733 -0.0178546 0.000476528 -0.0010781 -0.0178546 0.088712 
0.0106253 -0.0190932 -0.000438227 0.000478679 -0.0190932 0.0916602 0.000488792 -0.00108883 -0.000438227 0.000488792 0.00951289 -0.0177853 0.000478679 -0.00108883 -0.0177853 0.0885454 
0.0106173 -0.0191132 -0.000440553 0.00047783 -0.0191132 0.09174 0.000484608 -0.00111833 -0.000440553 0.000484608 0.00949899 -0.017761 0.00047783 -0.00111833 -0.017761 0.088446 
0.0105949 -0.0190972 -0.000440184 0.000487589 -0.0190972 0.0917411 0.000497747 -0.00114448 -0.000440184 0.000497747 0.00951475 -0.0177496 0.000487589 -0.00114448 -0.0177496 0.0884093 
0.0105457 -0.01904 -0.000448319 0.000499265 -0.01904 0.0915964 0.000509454 -0.00118193 -0.000448319 0.000509454 0.00954037 -0.0177867 0.000499265 -0.00118193 -0.0177867 0.0884548 
0.0105163 -0.0189889 -0.0004338 0.000488025 -0.0189889 0.0914809 0.000491414 -0.00114889 -0.0004338 0.000491414 0.00955376 -0.0177993 0.000488025 -0.00114889 -0.0177993 0.0884985 
0.0104991 -0.0189693 -0.000411863 0.000465878 -0.0189693 0.0914066 0.000459126 -0.00108367 -0.000411863 0.000459126 0.00959101 -0.0178249 0.000465878 -0.00108367 -0.0178249 0.0885472 
0.0105058 -0.0189497 -0.000425912 0.000439433 -0.0189497 0.0913479 0.000446193 -0.00103436 -0.000425912 0.000446193 0.00959653 -0.017868 0.000439433 -0.00103436 -0.017868 0.0886403 
0.0104904 -0.0189419 -0.000458765 0.000475757 -0.0189419 0.0913045 0.000479155 -0.00109084 -0.000458765 0.000479155 0.00959669 -0.0178885 0.000475757 -0.00109084 -0.0178885 0.0887252 
0.0104655 -0.0189072 -0.000461814 0.000526332 -0.0189072 0.0912354 0.000522936 -0.00119528 -0.000461814 0.000522936 0.00964376 -0.0179191 0.000526332 -0.00119528 -0.0179191 0.0888312 
0.0104452 -0.0189147 -0.000434508 0.000495611 -0.0189147 0.0912399 0.000499005 -0.00117114 -0.000434508 0.000499005 0.00966441 -0.0179133 0.000495611 -0.00117114 -0.0179133 0.088806 
0.0104137 -0.018896 -0.000407314 0.000458228 -0.018896 0.0912349 0.00045144 -0.00107599 -0.000407314 0.00045144 0.00969407 -0.0179252 0.000458228 -0.00107599 -0.0179252 0.0887945 
0.010415 -0.0188637 -0.000403447 0.00043057 -0.0188637 0.0911791 0.00043057 -0.0010137 -0.000403447 0.00043057 0.00969291 -0.0179585 0.00043057 -0.0010137 -0.0179585 0.0888465 
0.0104624 -0.0188902 -0.000394107 0.000434528 -0.0188902 0.0912239 0.000431159 -0.000980214 -0.000394107 0.000431159 0.00968424 -0.0179504 0.000434528 -0.000980214 -0.0179504 0.0888458 
0.0104846 -0.0189399 -0.000381566 0.000391696 -0.0189399 0.0912989 0.000395073 -0.000884693 -0.000381566 0.000395073 0.0096337 -0.0179133 0.000391696 -0.000884693 -0.0179133 0.0887462 
0.0104804 -0.0189681 -0.000378281 0.000398546 -0.0189681 0.0914022 0.000408679 -0.00089504 -0.000378281 0.000408679 0.00961915 -0.017867 0.000398546 -0.00089504 -0.017867 0.0886428 
0.0104564 -0.0189332 -0.000382386 0.000419609 -0.0189332 0.0913462 0.000433145 -0.000974576 -0.000382386 0.000433145 0.00963409 -0.0179011 0.000419609 -0.000974576 -0.0179011 0.0887068 
0.0104036 -0.0188932 -0.000379423 0.000437014 -0.0188932 0.0912309 0.000440402 -0.00103325 -0.000379423 0.000440402 0.00969223 -0.0179345 0.000437014 -0.00103325 -0.0179345 0.0888189 
0.0103644 -0.0188323 -0.000356223 0.00040372 -0.0188323 0.0911015 0.00040372 -0.000966892 -0.000356223 0.00040372 0.00971302 -0.0179706 0.00040372 -0.000966892 -0.0179706 0.0888896 
0.0103671 -0.0188105 -0.000338685 0.000362392 -0.0188105 0.0910316 0.000362392 -0.000853485 -0.000338685 0.000362392 0.00968299 -0.0179537 0.000362392 -0.000853485 -0.0179537 0.088837 
0.0103686 -0.0188069 -0.000294122 0.000341452 -0.0188069 0.0910019 0.000341452 -0.000780944 -0.000294122 0.000341452 0.00966206 -0.0179245 0.000341452 -0.000780944 -0.0179245 0.0887875 
0.0103756 -0.0188125 -0.000273576 0.000290463 -0.0188125 0.0909791 0.000297218 -0.000702515 -0.000273576 0.000297218 0.00964607 -0.017904 0.000290463 -0.000702515 -0.017904 0.0887297 
0.0103662 -0.0188066 -0.000278516 0.000275119 -0.0188066 0.0909557 0.000285309 -0.000638548 -0.000278516 0.000285309 0.00961218 -0.0178929 0.000275119 -0.000638548 -0.0178929 0.0887004 
0.0103824 -0.0187699 -0.000329655 0.000316061 -0.0187699 0.0908862 0.00031946 -0.000720483 -0.000329655 0.00031946 0.00960078 -0.0178965 0.000316061 -0.000720483 -0.0178965 0.0887554 
0.0103993 -0.0187923 -0.000374687 0.000371281 -0.0187923 0.0908992 0.000361062 -0.000820906 -0.000374687 0.000361062 0.00958178 -0.0178726 0.000371281 -0.000820906 -0.0178726 0.0887158 
0.0103905 -0.01883 -0.000379265 0.000403183 -0.01883 0.0909656 0.000396349 -0.00088837 -0.000379265 0.000396349 0.00957389 -0.0178255 0.000403183 -0.00088837 -0.0178255 0.0886046 
0.0103626 -0.0188 -0.000390525 0.000424781 -0.0188 0.0909443 0.00041793 -0.000959183 -0.000390525 0.00041793 0.00960211 -0.0178374 0.000424781 -0.000959183 -0.0178374 0.088584 
0.0103714 -0.0187832 -0.000409667 0.000433564 -0.0187832 0.0909358 0.000433564 -0.00100368 -0.000409667 0.000433564 0.00960669 -0.0178444 0.000433564 -0.00100368 -0.0178444 0.0885665 
0.010383 -0.0188008 -0.000394375 0.000445372 -0.0188008 0.0909477 0.000441972 -0.00101994 -0.000394375 0.000441972 0.0096146 -0.0178455 0.000445372 -0.00101994 -0.0178455 0.0885577 
0.0103691 -0.0188213 -0.000343256 0.000418025 -0.0188213 0.09099 0.000411228 -0.000975391 -0.000343256 0.000411228 0.00964176 -0.0178527 0.000418025 -0.000975391 -0.0178527 0.0885601 
0.0103583 -0.0187971 -0.000353316 0.000377097 -0.0187971 0.0909585 0.000377097 -0.000910468 -0.000353316 0.000377097 0.00965504 -0.01789 0.000377097 -0.000910468 -0.01789 0.0886246 
0.0103445 -0.0187649 -0.000353541 0.000373937 -0.0187649 0.090877 0.000380736 -0.000877053 -0.000353541 0.000380736 0.00966118 -0.0179184 0.000373937 -0.000877053 -0.0179184 0.0887251 
0.0103134 -0.0187715 -0.000329623 0.000377197 -0.0187715 0.0908977 0.000380595 -0.000876728 -0.000329623 0.000380595 0.00968818 -0.0179084 0.000377197 -0.000876728 -0.0179084 0.0887228 
0.0102968 -0.0187683 -0.000310474 0.000327533 -0.0187683 0.090911 0.000327533 -0.000760832 -0.000310474 0.000327533 0.00966905 -0.0178983 0.000327533 -0.000760832 -0.0178983 0.0886421 
0.010305 -0.0187213 -0.000313099 0.000330115 -0.0187213 0.0908293 0.000323309 -0.000741908 -0.000313099 0.000323309 0.00968224 -0.0179249 0.000330115 -0.000741908 -0.0179249 0.0887363 
0.0103608 -0.0187178 -0.000334548 0.000351444 -0.0187178 0.0907841 0.000351444 -0.00078737 -0.000334548 0.000351444 0.00966809 -0.0179541 0.000351444 -0.00078737 -0.0179541 0.0888308 
0.0104168 -0.0187798 -0.000356303 0.000383193 -0.0187798 0.0908538 0.000396639 -0.000884034 -0.000356303 0.000396639 0.00967731 -0.0179664 0.000383193 -0.000884034 -0.0179664 0.0889176 
0.0104525 -0.0188952 -0.000329372 0.000373064 -0.0188952 0.0911285 0.000383147 -0.000873844 -0.000329372 0.000383147 0.00966942 -0.0179272 0.000373064 -0.000873844 -0.0179272 0.0888296 
0.0104021 -0.01892 -0.000304452 0.000348429 -0.01892 0.0912477 0.000358577 -0.000835552 -0.000304452 0.000358577 0.00968834 -0.0179356 0.000348429 -0.000835552 -0.0179356 0.0888121 
0.0103851 -0.0188783 -0.000253377 0.000300674 -0.0188783 0.0912494 0.000293917 -0.000706076 -0.000253377 0.000293917 0.00969588 -0.0179391 0.000300674 -0.000706076 -0.0179391 0.0888068 
0.0103942 -0.0188242 -0.000269543 0.000259435 -0.0188242 0.0911122 0.000256066 -0.00060984 -0.000269543 0.000256066 0.00969343 -0.0179852 0.000259435 -0.00060984 -0.0179852 0.0889221 
0.0103685 -0.0188131 -0.000256512 0.000283513 -0.0188131 0.0910143 0.000273387 -0.000607527 -0.000256512 0.000273387 0.00971031 -0.0179862 0.000283513 -0.000607527 -0.0179862 0.0889757 
0.0103506 -0.0187912 -0.000261224 0.000264617 -0.0187912 0.0909603 0.000264617 -0.000590299 -0.000261224 0.000264617 0.00968565 -0.0179804 0.000264617 -0.000590299 -0.0179804 0.0889451 
0.0103832 -0.0187779 -0.000285028 0.000268062 -0.0187779 0.0909273 0.000268062 -0.000580235 -0.000285028 0.000268062 0.00963666 -0.01795 0.000268062 -0.000580235 -0.01795 0.088888 
0.0103808 -0.0188209 -0.000299609 0.000299609 -0.0188209 0.0909859 0.000289395 -0.000616242 -0.000299609 0.000289395 0.00960111 -0.017871 0.000299609 -0.000616242 -0.017871 0.0887081 
0.0103639 -0.0188098 -0.000312308 0.000329281 -0.0188098 0.0909801 0.000325887 -0.000712877 -0.000312308 0.000325887 0.00962044 -0.0178593 0.000329281 -0.000712877 -0.0178593 0.0886276 
0.0103456 -0.0187879 -0.000312678 0.000329672 -0.0187879 0.0909418 0.000329672 -0.000734115 -0.000312678 0.000329672 0.00963186 -0.0178601 0.000329672 -0.000734115 -0.0178601 0.0886036 
0.0102966 -0.0187491 -0.000317608 0.000344929 -0.0187491 0.0908461 0.000351759 -0.000788897 -0.000317608 0.000351759 0.00964776 -0.0178851 0.000344929 -0.000788897 -0.0178851 0.0886331 
0.0102425 -0.0186867 -0.000287173 0.000331616 -0.0186867 0.0906953 0.000345291 -0.000782887 -0.000287173 0.000345291 0.00967156 -0.0178936 0.000331616 -0.000782887 -0.0178936 0.0886611 
0.0102131 -0.0186329 -0.00027326 0.000293755 -0.0186329 0.0905722 0.000307418 -0.00072414 -0.00027326 0.000307418 0.00967 -0.017902 0.000293755 -0.00072414 -0.017902 0.0886628 
0.0102209 -0.0186203 -0.000276793 0.000290462 -0.0186203 0.0905354 0.000297297 -0.000693692 -0.000276793 0.000297297 0.0096741 -0.0178993 0.000290462 -0.000693692 -0.0178993 0.0886457 
0.0102045 -0.0185835 -0.000276906 0.000314511 -0.0185835 0.0904115 0.000317929 -0.000731579 -0.000276906 0.000317929 0.00969855 -0.0179442 0.000314511 -0.000731579 -0.0179442 0.0887535 
0.0102136 -0.0185844 -0.000286649 0.000334424 -0.0185844 0.0903969 0.000327599 -0.000788286 -0.000286649 0.000327599 0.00971536 -0.0179634 0.000334424 -0.000788286 -0.0179634 0.0888067 
0.0102421 -0.0186155 -0.000282518 0.000299537 -0.0186155 0.0904567 0.000299537 -0.000714804 -0.000282518 0.000299537 0.0096941 -0.0179484 0.000299537 -0.000714804 -0.0179484 0.0887854 
0.0102644 -0.018653 -0.000265547 0.000272356 -0.018653 0.0905448 0.000262143 -0.000605993 -0.000265547 0.000262143 0.00967545 -0.0179244 0.000272356 -0.000605993 -0.0179244 0.0887336 
0.0102982 -0.0186704 -0.00025771 0.000278056 -0.0186704 0.090619 0.000274665 -0.000610366 -0.00025771 0.000274665 0.0096743 -0.017921 0.000278056 -0.000610366 -0.017921 0.0887404 
0.0102981 -0.0187238 -0.000217087 0.000251007 -0.0187238 0.0907222 0.000251007 -0.000566463 -0.000217087 0.000251007 0.00967396 -0.0178995 0.000251007 -0.000566463 -0.0178995 0.0886836 
0.0102943 -0.0187194 -0.000196404 0.000223495 -0.0187194 0.0907693 0.000230267 -0.000538419 -0.000196404 0.000230267 0.00970509 -0.0179304 0.000223495 -0.000538419 -0.0179304 0.0887477 
0.0103098 -0.0187161 -0.000196441 0.000182893 -0.0187161 0.0907795 0.000193054 -0.000440299 -0.000196441 0.000193054 0.00970351 -0.0179642 0.000182893 -0.000440299 -0.0179642 0.0888218 
0.0103332 -0.0187627 -0.000189351 0.000175826 -0.0187627 0.0908851 0.000179207 -0.000368558 -0.000189351 0.000179207 0.00969748 -0.017941 0.000175826 -0.000368558 -0.017941 0.0887887 
0.0103027 -0.01879 -0.000193048 0.000172727 -0.01879 0.0909731 0.000176114 -0.000362389 -0.000193048 0.000176114 0.00970999 -0.017923 0.000172727 -0.000362389 -0.017923 0.0887243 
0.0102976 -0.0187302 -0.000244131 0.000203442 -0.0187302 0.0908743 0.000206833 -0.000417057 -0.000244131 0.000206833 0.00972115 -0.0179809 0.000203442 -0.000417057 -0.0179809 0.0888364 
0.0102991 -0.0187306 -0.000264864 0.00024449 -0.0187306 0.0908449 0.000241094 -0.000488979 -0.000264864 0.000241094 0.00970148 -0.0179598 0.00024449 -0.000488979 -0.0179598 0.0888177 
0.0102956 -0.0187502 -0.000264948 0.000275139 -0.0187502 0.0908977 0.000268345 -0.000567261 -0.000264948 0.000268345 0.0096842 -0.017918 0.000275139 -0.000567261 -0.017918 0.0887135 
0.0102904 -0.0187298 -0.000260559 0.000277478 -0.0187298 0.0908571 0.00027071 -0.000598946 -0.000260559 0.00027071 0.00970158 -0.0179176 0.000277478 -0.000598946 -0.0179176 0.0887117 
0.0102499 -0.01867 -0.000256586 0.00031398 -0.01867 0.0906964 0.000310604 -0.000719116 -0.000256586 0.000310604 0.00977728 -0.0180083 0.00031398 -0.000719116 -0.0180083 0.0889374 
0.0102771 -0.0186475 -0.000277211 0.000287352 -0.0186475 0.0906141 0.000280591 -0.000686265 -0.000277211 0.000280591 0.00977674 -0.0180863 0.000287352 -0.000686265 -0.0180863 0.0891333 
0.0103015 -0.0186872 -0.000295007 0.000291616 -0.0186872 0.0906554 0.000295007 -0.000668005 -0.000295007 0.000295007 0.00975898 -0.0180836 0.000291616 -0.000668005 -0.0180836 0.0892007 
0.0103097 -0.0187347 -0.000281853 0.000312415 -0.0187347 0.0907668 0.000315811 -0.000696142 -0.000281853 0.000315811 0.00974599 -0.018042 0.000312415 -0.000696142 -0.018042 0.0891436 
0.0103481 -0.0187302 -0.00030794 0.000318092 -0.0187302 0.0908119 0.000321476 -0.000747855 -0.00030794 0.000321476 0.0097661 -0.0180737 0.000318092 -0.000747855 -0.0180737 0.0891977 
0.0103707 -0.0188087 -0.00033344 0.000316428 -0.0188087 0.0909577 0.000323233 -0.000717917 -0.00033344 0.000323233 0.00973781 -0.0180296 0.000316428 -0.000717917 -0.0180296 0.0890795 
0.0103956 -0.0188136 -0.00037103 0.000364222 -0.0188136 0.0910282 0.00037103 -0.00080333 -0.00037103 0.00037103 0.00972166 -0.0180341 0.000364222 -0.00080333 -0.0180341 0.0890744 
0.0103946 -0.0188785 -0.000364424 0.000381453 -0.0188785 0.0911673 0.000378047 -0.000844646 -0.000364424 0.000378047 0.009693 -0.0179385 0.000381453 -0.000844646 -0.0179385 0.0888377 
0.0103891 -0.0188803 -0.000353093 0.000387044 -0.0188803 0.091227 0.000380254 -0.000862362 -0.000353093 0.000380254 0.00968969 -0.0179059 0.000387044 -0.000862362 -0.0179059 0.0886773 
0.0104053 -0.0188275 -0.000347969 0.00038851 -0.0188275 0.0911241 0.000385131 -0.000891883 -0.000347969 0.000385131 0.00969923 -0.0179559 0.00038851 -0.000891883 -0.0179559 0.0887761 
0.0103897 -0.0188723 -0.000317294 0.0003578 -0.0188723 0.0911647 0.000354424 -0.000820239 -0.000317294 0.000354424 0.00970785 -0.0179237 0.0003578 -0.000820239 -0.0179237 0.0887209 
0.010346 -0.0188696 -0.000250198 0.000297533 -0.0188696 0.0911937 0.000300914 -0.000689734 -0.000250198 0.000300914 0.0097239 -0.0179162 0.000297533 -0.000689734 -0.0179162 0.0886681 
0.0103444 -0.0188381 -0.00021353 0.000230477 -0.0188381 0.0911809 0.000233867 -0.000542299 -0.00021353 0.000233867 0.00971055 -0.0179399 0.000230477 -0.000542299 -0.0179399 0.0886998 
0.0103403 -0.0188214 -0.000211515 0.000194457 -0.0188214 0.0911253 0.000197868 -0.000433264 -0.000211515 0.000197868 0.00968532 -0.0179412 0.000194457 -0.000433264 -0.0179412 0.0887304 
0.0103618 -0.0187879 -0.00024923 0.000201433 -0.0187879 0.0910339 0.000211675 -0.000433592 -0.00024923 0.000211675 0.00965169 -0.0179309 0.000201433 -0.000433592 -0.0179309 0.0887566 
0.010382 -0.0188082 -0.000241917 0.000248732 -0.0188082 0.0910222 0.000248732 -0.000494056 -0.000241917 0.000248732 0.00963239 -0.0178848 0.000248732 -0.000494056 -0.0178848 0.0886745 
0.0103887 -0.0188166 -0.000234485 0.000254875 -0.0188166 0.0910277 0.000254875 -0.00055053 -0.000234485 0.000254875 0.00963427 -0.0178786 0.000254875 -0.00055053 -0.0178786 0.0886523 
0.0104146 -0.0188068 -0.00027872 0.000258326 -0.0188068 0.0909783 0.000258326 -0.00059143 -0.00027872 0.000258326 0.00963624 -0.0179197 0.000258326 -0.00059143 -0.0179197 0.0887519 
0.0104263 -0.0188545 -0.000293217 0.000289808 -0.0188545 0.0910576 0.000279579 -0.000610301 -0.000293217 0.000279579 0.00960798 -0.0178828 0.000289808 -0.000610301 -0.0178828 0.0886811 
0.0104609 -0.0189071 -0.00029898 0.000295583 -0.0189071 0.0912127 0.00028539 -0.000618345 -0.00029898 0.00028539 0.00958435 -0.0178199 0.000295583 -0.000618345 -0.0178199 0.0885525 
0.0104485 -0.0189165 -0.00032438 0.000303893 -0.0189165 0.0912499 0.000297064 -0.000659004 -0.00032438 0.000297064 0.00956752 -0.0178068 0.000303893 -0.000659004 -0.0178068 0.0884671 
0.0104335 -0.0189087 -0.000322964 0.000339963 -0.0189087 0.0912732 0.000329764 -0.000717321 -0.000322964 0.000329764 0.00958695 -0.0177834 0.000339963 -0.000717321 -0.0177834 0.0884107 
0.010395 -0.0188761 -0.000319531 0.000353524 -0.0188761 0.0911888 0.000336528 -0.000775033 -0.000319531 0.000336528 0.00961653 -0.017819 0.000353524 -0.000775033 -0.017819 0.0884388 
0.0104066 -0.0188015 -0.000354427 0.000364553 -0.0188015 0.0910337 0.000361178 -0.000840498 -0.000354427 0.000361178 0.00964041 -0.0178969 0.000364553 -0.000840498 -0.0178969 0.0886371 
0.0104386 -0.0188447 -0.00037076 0.000394354 -0.0188447 0.091062 0.000394354 -0.000899935 -0.00037076 0.000394354 0.00964313 -0.0179043 0.000394354 -0.000899935 -0.0179043 0.0887127 
0.0104501 -0.0188883 -0.000360001 0.000413833 -0.0188883 0.0911611 0.000413833 -0.000958882 -0.000360001 0.000413833 0.0096763 -0.0179261 0.000413833 -0.000958882 -0.0179261 0.0887992 
0.0104503 -0.0189392 -0.000340366 0.000363956 -0.0189392 0.0913025 0.000370696 -0.000879561 -0.000340366 0.000370696 0.00968191 -0.0179248 0.000363956 -0.000879561 -0.0179248 0.0887716 
0.0103946 -0.0189157 -0.000336626 0.000357027 -0.0189157 0.0913106 0.000374029 -0.000853466 -0.000336626 0.000374029 0.00969415 -0.0179432 0.000357027 -0.000853466 -0.0179432 0.0888046 
0.0103132 -0.0188455 -0.000327511 0.000361627 -0.0188455 0.0911845 0.000375273 -0.000852893 -0.000327511 0.000375273 0.00973663 -0.0179653 0.000361627 -0.000852893 -0.0179653 0.0888646 
0.0102997 -0.0187289 -0.000333898 0.000350933 -0.0187289 0.090919 0.000357748 -0.000834744 -0.000333898 0.000357748 0.00976481 -0.0180509 0.000350933 -0.000834744 -0.0180509 0.0890485 
0.0103157 -0.0187043 -0.000339892 0.000367083 -0.0187043 0.0907546 0.000370482 -0.000846331 -0.000339892 0.000370482 0.0097549 -0.0180551 0.000367083 -0.000846331 -0.0180551 0.0891163 
0.0103293 -0.018738 -0.000318974 0.000356301 -0.018738 0.0907718 0.000356301 -0.000824581 -0.000318974 0.000356301 0.00973549 -0.0180254 0.000356301 -0.000824581 -0.0180254 0.089048 
0.010349 -0.0187784 -0.000285397 0.000326168 -0.0187784 0.0908853 0.000326168 -0.000757661 -0.000285397 0.000326168 0.00971708 -0.0179834 0.000326168 -0.000757661 -0.0179834 0.0889419 
0.010373 -0.0187794 -0.000292102 0.000309084 -0.0187794 0.0909184 0.000309084 -0.000723461 -0.000292102 0.000309084 0.00971068 -0.0179914 0.000309084 -0.000723461 -0.0179914 0.0889552 
0.0104067 -0.0188441 -0.000288603 0.000291999 -0.0188441 0.0910628 0.000285208 -0.000645113 -0.000288603 0.000285208 0.00966991 -0.0179274 0.000291999 -0.000645113 -0.0179274 0.0887947 
0.0104045 -0.018889 -0.000294085 0.000297465 -0.018889 0.0912035 0.000300845 -0.000652395 -0.000294085 0.000300845 0.00967438 -0.0178783 0.000297465 -0.000652395 -0.0178783 0.0886345 
0.0103628 -0.0188817 -0.000277423 0.000297723 -0.0188817 0.0912419 0.00029434 -0.000649577 -0.000277423 0.00029434 0.00969291 -0.0178837 0.000297723 -0.000649577 -0.0178837 0.0885759 
0.0103307 -0.0188282 -0.000243076 0.000280212 -0.0188282 0.0911466 0.000280212 -0.000627946 -0.000243076 0.000280212 0.00971965 -0.0179167 0.000280212 -0.000627946 -0.0179167 0.088645 
0.0102753 -0.0187724 -0.000196818 0.000227359 -0.0187724 0.0909878 0.000227359 -0.000522587 -0.000196818 0.000227359 0.00972893 -0.017958 0.000227359 -0.000522587 -0.017958 0.0887413 
0.0102182 -0.0186828 -0.000190675 0.00020089 -0.0186828 0.0907614 0.000204295 -0.000463069 -0.000190675 0.000204295 0.0097653 -0.0180052 0.00020089 -0.000463069 -0.0180052 0.0888921 
0.0101584 -0.0186008 -0.000195222 0.000184947 -0.0186008 0.0905417 0.000181522 -0.000407568 -0.000195222 0.000181522 0.00977478 -0.0180323 0.000184947 -0.000407568 -0.0180323 0.0889799 
0.0101362 -0.018547 -0.000199357 0.000192482 -0.018547 0.0903876 0.000175296 -0.000381527 -0.000199357 0.000175296 0.00975472 -0.0180177 0.000192482 -0.000381527 -0.0180177 0.088968 
0.0101271 -0.0184943 -0.000202405 0.000216127 -0.0184943 0.0902177 0.000205835 -0.000452838 -0.000202405 0.000205835 0.00975317 -0.018014 0.000216127 -0.000452838 -0.018014 0.0889724 
0.0101341 -0.0184445 -0.000228384 0.00023861 -0.0184445 0.0900343 0.000242019 -0.000538576 -0.000228384 0.000242019 0.00977959 -0.0180662 0.00023861 -0.000538576 -0.0180662 0.0891071 
0.0101626 -0.0184753 -0.000213843 0.000244392 -0.0184753 0.0900482 0.000244392 -0.000560064 -0.000213843 0.000244392 0.00978585 -0.018068 0.000244392 -0.000560064 -0.018068 0.0891385 
0.0101569 -0.0185559 -0.000179858 0.000207006 -0.0185559 0.0902242 0.000217187 -0.000488671 -0.000179858 0.000217187 0.00979038 -0.0180265 0.000207006 -0.000488671 -0.0180265 0.0890127 
0.0101657 -0.0185665 -0.000179534 0.000182921 -0.0185665 0.0903258 0.000199858 -0.000450528 -0.000179534 0.000199858 0.00977612 -0.0180245 0.000182921 -0.000450528 -0.0180245 0.0889641 
0.0101715 -0.0185631 -0.000175954 0.000182721 -0.0185631 0.0903523 0.000189489 -0.00042635 -0.000175954 0.000189489 0.00976882 -0.0180251 0.000182721 -0.00042635 -0.0180251 0.0889582 
0.0101639 -0.0185801 -0.000162894 0.000166288 -0.0185801 0.0904028 0.000169681 -0.000380086 -0.000162894 0.000169681 0.00975328 -0.0179964 0.000166288 -0.000380086 -0.0179964 0.0888961 
0.0101637 -0.0185535 -0.000156312 0.000166506 -0.0185535 0.0903855 0.000169904 -0.000373789 -0.000156312 0.000169904 0.00975928 -0.0180234 0.000166506 -0.000373789 -0.0180234 0.0889617 
0.0101885 -0.0185775 -0.000125158 0.000135306 -0.0185775 0.0904315 0.000138688 -0.000297672 -0.000125158 0.000138688 0.00975892 -0.0180058 0.000135306 -0.000297672 -0.0180058 0.0889398 
0.0102112 -0.0186109 -9.78279e-05 9.44545e-05 -0.0186109 0.0905144 0.000101201 -0.000199029 -9.78279e-05 0.000101201 0.00976929 -0.0180071 9.44545e-05 -0.000199029 -0.0180071 0.0889289 
0.0101874 -0.0186108 -0.000111726 8.12551e-05 -0.0186108 0.090508 8.12551e-05 -0.000152353 -0.000111726 8.12551e-05 0.0097777 -0.0180251 8.12551e-05 -0.000152353 -0.0180251 0.088971 
0.0101764 -0.0185984 -0.000125803 0.000102002 -0.0185984 0.0905032 9.52022e-05 -0.000159804 -0.000125803 9.52022e-05 0.00976162 -0.0180238 0.000102002 -0.000159804 -0.0180238 0.0889596 
0.0101341 -0.0185701 -0.000147219 0.000133524 -0.0185701 0.0904198 0.000116406 -0.00022254 -0.000147219 0.000116406 0.00973699 -0.0179915 0.000133524 -0.00022254 -0.0179915 0.0888963 
0.0101102 -0.0185331 -0.000140324 0.00014717 -0.0185331 0.0903484 0.000140324 -0.000290917 -0.000140324 0.000140324 0.00973373 -0.0179615 0.00014717 -0.000290917 -0.0179615 0.0888254 
