0.00672709 0 -0.00037823 0 0 0.00998708 0 0 -0.00037823 0 0.00790231 0 0 0 0 0.00998708 
0.00959825 -0.0119383 -0.000447481 0.000558324 -0.0119383 0.0320708 0.000558324 -0.00105917 -0.000447481 0.000558324 0.0110433 -0.0137036 0.000558324 -0.00105917 -0.0137036 0.0354618 
0.00974693 -0.0183903 -0.000315912 0.000627612 -0.0183903 0.0680895 0.000627612 -0.00200078 -0.000315912 0.000627612 0.0109474 -0.0203953 0.000627612 -0.00200078 -0.0203953 0.0743277 
0.00921216 -0.0183629 -0.000237363 0.000388785 -0.0183629 0.083024 0.000384693 -0.0015224 -0.000237363 0.000384693 0.0102967 -0.0196971 0.000388785 -0.0015224 -0.0196971 0.087448 
0.0091611 -0.0177031 -0.000241389 0.000292003 -0.0177031 0.0866625 0.000288109 -0.000895475 -0.000241389 0.000288109 0.0102746 -0.0188906 0.000292003 -0.000895475 -0.0188906 0.0897811 
0.00925668 -0.0175583 -0.00028242 0.000323296 -0.0175583 0.0875836 0.00031958 -0.000754358 -0.00028242 0.00031958 0.010483 -0.0187995 0.000323296 -0.000754358 -0.0187995 0.0904524 
0.00934098 -0.0175832 -0.000312907 0.000380466 -0.0175832 0.0879374 0.000380466 -0.000853382 -0.000312907 0.000380466 0.0106637 -0.01897 0.000380466 -0.000853382 -0.01897 0.0910594 
0.0094214 -0.0176254 -0.000321656 0.000397746 -0.0176254 0.0880991 0.000390829 -0.000933839 -0.000321656 0.000390829 0.0107219 -0.0191057 0.000397746 -0.000933839 -0.0191057 0.0914817 
0.0094546 -0.0176877 -0.000313902 0.000429909 -0.0176877 0.0881894 0.000419673 -0.00104065 -0.000313902 0.000419673 0.0107068 -0.0191378 0.000429909 -0.00104065 -0.0191378 0.0916355 
0.00946647 -0.0177044 -0.000297837 0.000395987 -0.0177044 0.0882341 0.000392603 -0.00101197 -0.000297837 0.000392603 0.0106984 -0.0191529 0.000395987 -0.00101197 -0.0191529 0.0917134 
0.0094575 -0.0177416 -0.000299224 0.000366465 -0.0177416 0.0883249 0.000369827 -0.000948103 -0.000299224 0.000369827 0.0107284 -0.0191436 0.000366465 -0.000948103 -0.0191436 0.0917307 
0.00949031 -0.0177517 -0.000283595 0.000378127 -0.0177517 0.0883837 0.000391631 -0.000948693 -0.000283595 0.000391631 0.010672 -0.0191595 0.000378127 -0.000948693 -0.0191595 0.0917497 
0.00950586 -0.0177968 -0.000287646 0.000379016 -0.0177968 0.0884969 0.000392552 -0.000991533 -0.000287646 0.000392552 0.010626 -0.0190963 0.000379016 -0.000991533 -0.0190963 0.0916644 
0.00956096 -0.0178116 -0.000260047 0.00035461 -0.0178116 0.0885849 0.000364742 -0.000921986 -0.000260047 0.000364742 0.0105674 -0.0190442 0.00035461 -0.000921986 -0.0190442 0.0915502 
0.00961175 -0.0178625 -0.000226278 0.000317465 -0.0178625 0.0886604 0.000324219 -0.000827434 -0.000226278 0.000324219 0.0105034 -0.0189803 0.000317465 -0.000827434 -0.0189803 0.0914163 
0.00964694 -0.0179317 -0.00022647 0.000307594 -0.0179317 0.0888134 0.000314354 -0.000804475 -0.00022647 0.000314354 0.0104413 -0.0188916 0.000307594 -0.000804475 -0.0188916 0.0911964 
0.00961291 -0.0179678 -0.000240747 0.000311953 -0.0179678 0.0889168 0.000315344 -0.0008104 -0.000240747 0.000315344 0.0104504 -0.0188359 0.000311953 -0.0008104 -0.0188359 0.0910259 
0.00960553 -0.0179321 -0.000240223 0.000331575 -0.0179321 0.088923 0.000334959 -0.000845855 -0.000240223 0.000334959 0.0104548 -0.0188389 0.000331575 -0.000845855 -0.0188389 0.0909666 
0.00963034 -0.0179256 -0.000230423 0.000349024 -0.0179256 0.0889027 0.000352412 -0.000911528 -0.000230423 0.000352412 0.0104131 -0.0188303 0.000349024 -0.000911528 -0.0188303 0.0909359 
0.00967734 -0.0179363 -0.000176445 0.000285027 -0.0179363 0.0888741 0.000278241 -0.000766858 -0.000176445 0.000278241 0.0103662 -0.0188118 0.000285027 -0.000766858 -0.0188118 0.0909507 
0.00968939 -0.0179689 -0.000155898 0.00022029 -0.0179689 0.0889058 0.000216901 -0.000613424 -0.000155898 0.000216901 0.010357 -0.0187755 0.00022029 -0.000613424 -0.0187755 0.090902 
0.0097157 -0.0180067 -0.000162436 0.000226734 -0.0180067 0.0890115 0.000219965 -0.000585446 -0.000162436 0.000219965 0.0103384 -0.0187444 0.000226734 -0.000585446 -0.0187444 0.0908051 
0.00968063 -0.0180387 -0.000169123 0.000213096 -0.0180387 0.0890942 0.000209713 -0.00054796 -0.000169123 0.000209713 0.0103842 -0.018722 0.000213096 -0.00054796 -0.018722 0.0907483 
0.00965444 -0.0179944 -0.000189236 0.0002602 -0.0179944 0.0890493 0.000266959 -0.000648811 -0.000189236 0.000266959 0.0104046 -0.0187716 0.0002602 -0.000648811 -0.0187716 0.0907896 
0.00960435 -0.0179489 -0.000213355 0.000291246 -0.0179489 0.0889384 0.000294633 -0.000751821 -0.000213355 0.000294633 0.0104239 -0.0187888 0.000291246 -0.000751821 -0.0187888 0.0908383 
0.00956088 -0.0178966 -0.000230138 0.000297826 -0.0178966 0.0888163 0.000297826 -0.000771639 -0.000230138 0.000297826 0.0104442 -0.0188138 0.000297826 -0.000771639 -0.0188138 0.0909011 
0.00949631 -0.0178306 -0.000248025 0.00031258 -0.0178306 0.0886503 0.000309182 -0.000798437 -0.000248025 0.000309182 0.0104782 -0.0188465 0.00031258 -0.000798437 -0.0188465 0.0909743 
0.00950334 -0.0177708 -0.000247854 0.000329341 -0.0177708 0.0885145 0.00032255 -0.000814863 -0.000247854 0.00032255 0.0104744 -0.0188811 0.000329341 -0.000814863 -0.0188811 0.0910643 
0.00950891 -0.0177624 -0.000224539 0.000312994 -0.0177624 0.0884209 0.000309592 -0.000792692 -0.000224539 0.000309592 0.0104581 -0.0188817 0.000312994 -0.000792692 -0.0188817 0.0911086 
0.00953985 -0.0177756 -0.000224147 0.000312448 -0.0177756 0.0884262 0.000298863 -0.000798101 -0.000224147 0.000298863 0.0104161 -0.0188454 0.000312448 -0.000798101 -0.0188454 0.0910412 
0.00957914 -0.017817 -0.000217322 0.000298818 -0.017817 0.0884908 0.000302213 -0.000787792 -0.000217322 0.000302213 0.0103635 -0.0187916 0.000298818 -0.000787792 -0.0187916 0.0909221 
0.00958293 -0.0178724 -0.000238891 0.000307145 -0.0178724 0.0886353 0.000320796 -0.000822467 -0.000238891 0.000320796 0.0103269 -0.0187154 0.000307145 -0.000822467 -0.0187154 0.0907102 
0.00959426 -0.0178541 -0.000239514 0.000321634 -0.0178541 0.088634 0.000331899 -0.0008383 -0.000239514 0.000331899 0.0102957 -0.0186924 0.000321634 -0.0008383 -0.0186924 0.0906391 
0.00960808 -0.017875 -0.000226962 0.00032325 -0.017875 0.0886667 0.000340444 -0.000863145 -0.000226962 0.000340444 0.0102443 -0.0186281 0.00032325 -0.000863145 -0.0186281 0.0904892 
0.00958761 -0.0178705 -0.000216883 0.00029262 -0.0178705 0.088657 0.000302948 -0.000788353 -0.000216883 0.000302948 0.0102486 -0.0185865 0.00029262 -0.000788353 -0.0185865 0.0903886 
0.00958419 -0.0178419 -0.000189003 0.00024055 -0.0178419 0.0886014 0.000243986 -0.000635739 -0.000189003 0.000243986 0.0102646 -0.0185945 0.00024055 -0.000635739 -0.0185945 0.0903505 
0.00960315 -0.0178448 -0.000172347 0.000230944 -0.0178448 0.0885827 0.000224051 -0.000572191 -0.000172347 0.000224051 0.0102305 -0.0185893 0.000230944 -0.000572191 -0.0185893 0.0903234 
0.0096355 -0.017872 -0.000192024 0.000250317 -0.017872 0.0886191 0.000243459 -0.000620649 -0.000192024 0.000243459 0.010215 -0.0185578 0.000250317 -0.000620649 -0.0185578 0.0902753 
0.00968262 -0.0178819 -0.00017089 0.000246081 -0.0178819 0.0886235 0.000235828 -0.000594697 -0.00017089 0.000235828 0.0101885 -0.0185723 0.000246081 -0.000594697 -0.0185723 0.0902914 
0.00968992 -0.0179481 -0.00016441 0.000253465 -0.0179481 0.08873 0.00024319 -0.000633664 -0.00016441 0.00024319 0.0101455 -0.018503 0.000253465 -0.000633664 -0.018503 0.0901618 
0.00969172 -0.0179627 -0.000157478 0.000222523 -0.0179627 0.0888037 0.000212252 -0.000588829 -0.000157478 0.000212252 0.0101505 -0.0184865 0.000222523 -0.000588829 -0.0184865 0.0901046 
0.00967219 -0.0179607 -0.0001781 0.00022605 -0.0179607 0.0888444 0.000222625 -0.00058225 -0.0001781 0.000222625 0.0101688 -0.0184744 0.00022605 -0.00058225 -0.0184744 0.0900535 
0.00962984 -0.0179412 -0.00018835 0.000243143 -0.0179412 0.0888329 0.000239719 -0.000616419 -0.00018835 0.000239719 0.0102189 -0.018496 0.000243143 -0.000616419 -0.018496 0.0900931 
0.00964263 -0.0179146 -0.000167075 0.000242089 -0.0179146 0.0888193 0.000242089 -0.000623975 -0.000167075 0.000242089 0.0102393 -0.0185522 0.000242089 -0.000623975 -0.0185522 0.0901831 
0.0096532 -0.0179288 -0.000183224 0.000230727 -0.0179288 0.0888128 0.000230727 -0.00061414 -0.000183224 0.000230727 0.0102775 -0.0185939 0.000230727 -0.00061414 -0.0185939 0.0903159 
0.00963114 -0.0179296 -0.000203978 0.000254972 -0.0179296 0.088805 0.000254972 -0.000659527 -0.000203978 0.000254972 0.0102975 -0.0186401 0.000254972 -0.000659527 -0.0186401 0.0904165 
0.00961785 -0.0179242 -0.000225418 0.00027665 -0.0179242 0.0888251 0.000283481 -0.000703578 -0.000225418 0.000283481 0.0103009 -0.0186517 0.00027665 -0.000703578 -0.0186517 0.0904747 
0.0095921 -0.0179 -0.000226019 0.000297934 -0.0179 0.0887809 0.000304783 -0.000753396 -0.000226019 0.000304783 0.0102839 -0.0186363 0.000297934 -0.000753396 -0.0186363 0.0904555 
0.00958858 -0.0178533 -0.00020867 0.000311295 -0.0178533 0.088661 0.000314716 -0.000793632 -0.00020867 0.000314716 0.0102727 -0.0186367 0.000311295 -0.000793632 -0.0186367 0.0904706 
0.00957739 -0.0178296 -0.000202026 0.000291054 -0.0178296 0.0885489 0.000284206 -0.000767013 -0.000202026 0.000284206 0.0102656 -0.0186377 0.000291054 -0.000767013 -0.0186377 0.0904836 
0.00955788 -0.0178217 -0.000229362 0.000280711 -0.0178217 0.0885131 0.000284135 -0.000756551 -0.000229362 0.000284135 0.0102734 -0.0186194 0.000280711 -0.000756551 -0.0186194 0.0904336 
0.00957088 -0.0178326 -0.000232436 0.000304217 -0.0178326 0.0885512 0.000307636 -0.000775925 -0.000232436 0.000307636 0.0102579 -0.0185949 0.000304217 -0.000775925 -0.0185949 0.0903355 
0.00957858 -0.0178333 -0.000215518 0.000287357 -0.0178333 0.0885642 0.000287357 -0.000735498 -0.000215518 0.000287357 0.0102422 -0.018579 0.000287357 -0.000735498 -0.018579 0.0902918 
0.00958687 -0.0178268 -0.000206169 0.000271456 -0.0178268 0.0885188 0.000264584 -0.000690667 -0.000206169 0.000264584 0.0102088 -0.0185793 0.000271456 -0.000690667 -0.0185793 0.0902918 
0.0096057 -0.0178343 -0.000202117 0.000246651 -0.0178343 0.0885239 0.000250077 -0.000633757 -0.000202117 0.000250077 0.0101949 -0.0185468 0.000246651 -0.000633757 -0.0185468 0.0902607 
0.00967319 -0.0178682 -0.000174508 0.000249785 -0.0178682 0.0885951 0.000249785 -0.000633018 -0.000174508 0.000249785 0.0101351 -0.0185149 0.000249785 -0.000633018 -0.0185149 0.0901588 
0.00968552 -0.0179314 -0.000151175 0.000226763 -0.0179314 0.0886986 0.000223327 -0.000594393 -0.000151175 0.000223327 0.0101047 -0.0184606 0.000226763 -0.000594393 -0.0184606 0.0900489 
0.00968511 -0.0179606 -0.000171905 0.000230352 -0.0179606 0.0888231 0.000223476 -0.000605104 -0.000171905 0.000223476 0.0101046 -0.0184041 0.000230352 -0.000605104 -0.0184041 0.0899027 
0.00965611 -0.0179613 -0.000178753 0.000254379 -0.0179613 0.0888609 0.000254379 -0.000663449 -0.000178753 0.000254379 0.0101099 -0.0183875 0.000254379 -0.000663449 -0.0183875 0.0898131 
0.00965647 -0.0179388 -0.000164075 0.000235857 -0.0179388 0.0888498 0.000235857 -0.000622116 -0.000164075 0.000235857 0.0101487 -0.0184139 0.000235857 -0.000622116 -0.0184139 0.0898342 
0.00966137 -0.0179172 -0.000133049 0.000194456 -0.0179172 0.0887809 0.000194456 -0.000535606 -0.000133049 0.000194456 0.0101629 -0.0184699 0.000194456 -0.000535606 -0.0184699 0.0899477 
0.00967391 -0.0179532 -0.000139806 0.000201185 -0.0179532 0.0888588 0.000197775 -0.000525126 -0.000139806 0.000197775 0.0101683 -0.0184647 0.000201185 -0.000525126 -0.0184647 0.089967 
0.0096654 -0.0179759 -0.000143343 0.000208188 -0.0179759 0.0889339 0.000204775 -0.000549481 -0.000143343 0.000204775 0.0101876 -0.0184776 0.000208188 -0.000549481 -0.0184776 0.0899988 
0.00961617 -0.0179425 -0.000174033 0.000218394 -0.0179425 0.0888762 0.000218394 -0.000573285 -0.000174033 0.000218394 0.0102475 -0.018526 0.000218394 -0.000573285 -0.018526 0.0901388 
0.00960623 -0.0178718 -0.00018421 0.000228557 -0.0178718 0.0887314 0.000225146 -0.000579922 -0.00018421 0.000225146 0.0102714 -0.0186189 0.000228557 -0.000579922 -0.0186189 0.0903552 
0.00962625 -0.0178603 -0.000207638 0.000251889 -0.0178603 0.0886309 0.000248485 -0.000633127 -0.000207638 0.000248485 0.010273 -0.0186534 0.000251889 -0.000633127 -0.0186534 0.0905133 
0.00965677 -0.0178994 -0.000204954 0.000276688 -0.0178994 0.0886701 0.000269857 -0.000690013 -0.000204954 0.000269857 0.0102238 -0.0186201 0.000276688 -0.000690013 -0.0186201 0.0904635 
0.0096767 -0.01795 -0.000201955 0.000318335 -0.01795 0.0887984 0.000304643 -0.000807818 -0.000201955 0.000304643 0.0101628 -0.0185353 0.000318335 -0.000807818 -0.0185353 0.0902702 
0.00971117 -0.0179648 -0.000206255 0.000319695 -0.0179648 0.0888581 0.000316258 -0.000862834 -0.000206255 0.000316258 0.0100927 -0.0184667 0.000319695 -0.000862834 -0.0184667 0.0900888 
0.00971088 -0.0179892 -0.000203171 0.000306478 -0.0179892 0.0889096 0.000309922 -0.000864337 -0.000203171 0.000309922 0.0100656 -0.0183852 0.000306478 -0.000864337 -0.0183852 0.0898876 
0.00967754 -0.0179991 -0.000195679 0.000271205 -0.0179991 0.0889723 0.000278071 -0.000772418 -0.000195679 0.000278071 0.0100929 -0.0183458 0.000271205 -0.000772418 -0.0183458 0.0897275 
0.00964533 -0.0179501 -0.00017187 0.00023718 -0.0179501 0.0888773 0.000240618 -0.00064623 -0.00017187 0.000240618 0.01013 -0.0184004 0.00023718 -0.00064623 -0.0184004 0.0897813 
0.00963099 -0.0178827 -0.000147536 0.000199002 -0.0178827 0.0887032 0.00019557 -0.000514659 -0.000147536 0.00019557 0.0101559 -0.018466 0.000199002 -0.000514659 -0.018466 0.0899556 
0.0096142 -0.0178564 -0.000157385 0.000205285 -0.0178564 0.0885807 0.000201864 -0.000526899 -0.000157385 0.000201864 0.0101753 -0.0184962 0.000205285 -0.000526899 -0.0184962 0.0900827 
0.00962084 -0.0178541 -0.000153797 0.000225569 -0.0178541 0.0885493 0.000218733 -0.000563921 -0.000153797 0.000218733 0.0101848 -0.0185171 0.000225569 -0.000563921 -0.0185171 0.0901454 
0.00958957 -0.0178541 -0.000170755 0.000221981 -0.0178541 0.088526 0.000221981 -0.00058398 -0.000170755 0.000221981 0.0102043 -0.01852 0.000221981 -0.00058398 -0.01852 0.0901755 
0.00962397 -0.017835 -0.00016422 0.000232645 -0.017835 0.0885179 0.000236066 -0.000605561 -0.00016422 0.000236066 0.0101679 -0.01855 0.000232645 -0.000605561 -0.01855 0.090208 
0.00965567 -0.0178769 -0.000151354 0.000220151 -0.0178769 0.0885694 0.00023735 -0.000612294 -0.000151354 0.00023735 0.0101097 -0.0184927 0.000220151 -0.000612294 -0.0184927 0.0901311 
0.009648 -0.0179428 -0.00014806 0.000196265 -0.0179428 0.0887361 0.000210038 -0.000547477 -0.00014806 0.000210038 0.0101128 -0.0184111 0.000196265 -0.000547477 -0.0184111 0.0899619 
0.00967053 -0.0179324 -0.000134649 0.000179531 -0.0179324 0.0888059 0.000193341 -0.000486806 -0.000134649 0.000193341 0.0100917 -0.0184054 0.000179531 -0.000486806 -0.0184054 0.0898727 
0.00968635 -0.0179585 -0.000147962 0.000196136 -0.0179585 0.0888633 0.000206459 -0.000533352 -0.000147962 0.000206459 0.0101096 -0.0183817 0.000196136 -0.000533352 -0.0183817 0.0897992 
0.00961545 -0.017944 -0.000169055 0.000217357 -0.017944 0.0888334 0.000224257 -0.000572718 -0.000169055 0.000224257 0.0101571 -0.0183994 0.000217357 -0.000572718 -0.0183994 0.0898098 
0.00962556 -0.0178746 -0.000143818 0.000208879 -0.0178746 0.0887154 0.000208879 -0.000534183 -0.000143818 0.000208879 0.0101803 -0.0184772 0.000208879 -0.000534183 -0.0184772 0.089955 
0.00964736 -0.0179004 -0.000150366 0.000205045 -0.0179004 0.088699 0.000194793 -0.000526282 -0.000150366 0.000194793 0.0101839 -0.018495 0.000205045 -0.000526282 -0.018495 0.0900317 
0.00963857 -0.017906 -0.000146659 0.000204641 -0.017906 0.0887015 0.000204641 -0.000528655 -0.000146659 0.000204641 0.0102116 -0.01852 0.000204641 -0.000528655 -0.01852 0.0901271 
0.00964651 -0.0179179 -0.000163385 0.000241673 -0.0179179 0.088735 0.000241673 -0.000622905 -0.000163385 0.000241673 0.0102047 -0.0185306 0.000241673 -0.000622905 -0.0185306 0.0901612 
0.00968295 -0.0179274 -0.00015946 0.000223922 -0.0179274 0.0887649 0.000217137 -0.000593734 -0.00015946 0.000217137 0.0101817 -0.0185347 0.000223922 -0.000593734 -0.0185347 0.0901966 
0.00971198 -0.0179733 -0.000146429 0.000204319 -0.0179733 0.0888585 0.000204319 -0.000548257 -0.000146429 0.000204319 0.0101649 -0.0185181 0.000204319 -0.000548257 -0.0185181 0.0901934 
0.00970771 -0.0179949 -0.000153657 0.000211705 -0.0179949 0.088923 0.000218534 -0.000570238 -0.000153657 0.000218534 0.0101653 -0.0185106 0.000211705 -0.000570238 -0.0185106 0.0901864 
0.00965534 -0.0179794 -0.000164697 0.000226458 -0.0179794 0.0889053 0.000236751 -0.000614181 -0.000164697 0.000236751 0.0101906 -0.0185043 0.000226458 -0.000614181 -0.0185043 0.0901748 
0.00962356 -0.017922 -0.000178979 0.000244375 -0.017922 0.0888217 0.000247817 -0.000653961 -0.000178979 0.000247817 0.0101984 -0.0185278 0.000244375 -0.000653961 -0.0185278 0.0901985 
0.00962455 -0.0178761 -0.00016861 0.000264959 -0.0178761 0.0886787 0.000261518 -0.000701969 -0.00016861 0.000261518 0.0101992 -0.0185471 0.000264959 -0.000701969 -0.0185471 0.0902547 
0.0096552 -0.0178717 -0.000151077 0.00024035 -0.0178717 0.0886205 0.00024035 -0.000662679 -0.000151077 0.00024035 0.0101737 -0.0185378 0.00024035 -0.000662679 -0.0185378 0.0902445 
0.00967711 -0.0178996 -0.000136586 0.000194635 -0.0178996 0.0886408 0.000187806 -0.000542929 -0.000136586 0.000187806 0.0101859 -0.0185313 0.000194635 -0.000542929 -0.0185313 0.0902594 
0.00969138 -0.0179479 -0.000145863 0.000196745 -0.0179479 0.0887387 0.000189961 -0.000522392 -0.000145863 0.000189961 0.0102138 -0.0185381 0.000196745 -0.000522392 -0.0185381 0.0902415 
0.00970382 -0.0179727 -0.000165444 0.000209338 -0.0179727 0.0888436 0.000205961 -0.000543603 -0.000165444 0.000205961 0.0102643 -0.0185905 0.000209338 -0.000543603 -0.0185905 0.0903495 
0.00969755 -0.0180097 -0.000192131 0.000246062 -0.0180097 0.08897 0.000246062 -0.000626953 -0.000192131 0.000246062 0.0103043 -0.0186266 0.000246062 -0.000626953 -0.0186266 0.0904363 
0.00973207 -0.017995 -0.000172638 0.00024711 -0.017995 0.0889968 0.00024034 -0.000619468 -0.000172638 0.00024034 0.0102805 -0.0186991 0.00024711 -0.000619468 -0.0186991 0.0906081 
0.00973906 -0.018063 -0.000167092 0.000252343 -0.018063 0.0891315 0.000255753 -0.000664957 -0.000167092 0.000255753 0.0102608 -0.0186495 0.000252343 -0.000664957 -0.0186495 0.0905876 
0.00973697 -0.0180864 -0.000160237 0.000242061 -0.0180864 0.0892419 0.000248879 -0.000671633 -0.000160237 0.000248879 0.0102722 -0.0186148 0.000242061 -0.000671633 -0.0186148 0.0904966 
0.0097568 -0.0180633 -0.000139577 0.000241707 -0.0180633 0.0892274 0.000255324 -0.000680865 -0.000139577 0.000255324 0.0102606 -0.0186285 0.000241707 -0.000680865 -0.0186285 0.0904767 
0.00974927 -0.0180514 -0.000135878 0.000220802 -0.0180514 0.0891396 0.000227596 -0.000645422 -0.000135878 0.000227596 0.0102622 -0.0186357 0.000220802 -0.000645422 -0.0186357 0.0905086 
0.00974452 -0.0180567 -0.000132371 0.000190071 -0.0180567 0.0891229 0.000193465 -0.000553242 -0.000132371 0.000193465 0.0102604 -0.0186303 0.000190071 -0.000553242 -0.0186303 0.0904907 
0.00967425 -0.0180486 -0.000166739 0.000207573 -0.0180486 0.0891167 0.000210975 -0.000554661 -0.000166739 0.000210975 0.0103242 -0.0186237 0.000207573 -0.000554661 -0.0186237 0.0904745 
0.0095824 -0.0179666 -0.000201987 0.000256763 -0.0179666 0.0889838 0.00026361 -0.000657314 -0.000201987 0.00026361 0.010363 -0.0186787 0.000256763 -0.000657314 -0.0186787 0.0905278 
0.00959855 -0.0178663 -0.000204733 0.000283214 -0.0178663 0.0887755 0.000283214 -0.000723389 -0.000204733 0.000283214 0.0103527 -0.0187365 0.000283214 -0.000723389 -0.0187365 0.0906625 
0.00966588 -0.0178615 -0.000183788 0.000258664 -0.0178615 0.0886572 0.00024505 -0.000653468 -0.000183788 0.00024505 0.0103125 -0.0187566 0.000258664 -0.000653468 -0.0187566 0.0907912 
0.00973817 -0.0179572 -0.000170307 0.000245242 -0.0179572 0.088788 0.000241836 -0.000640355 -0.000170307 0.000241836 0.0102559 -0.0186895 0.000245242 -0.000640355 -0.0186895 0.0906886 
0.0097366 -0.0180399 -0.000180434 0.00025533 -0.0180399 0.088981 0.00025533 -0.000670668 -0.000180434 0.00025533 0.0102575 -0.0186187 0.00025533 -0.000670668 -0.0186187 0.0905368 
0.00974478 -0.0180503 -0.000173528 0.000251785 -0.0180503 0.089098 0.00025859 -0.000680501 -0.000173528 0.00025859 0.0102688 -0.0186219 0.000251785 -0.000680501 -0.0186219 0.0904726 
0.00974991 -0.0180648 -0.000173015 0.000254434 -0.0180648 0.0891638 0.000261219 -0.00069206 -0.000173015 0.000261219 0.0102893 -0.0186347 0.000254434 -0.00069206 -0.0186347 0.0904937 
0.00976123 -0.0180606 -0.00014245 0.000240809 -0.0180606 0.0891602 0.000240809 -0.000664767 -0.00014245 0.000240809 0.0103039 -0.0186745 0.000240809 -0.000664767 -0.0186745 0.0905847 
0.00978639 -0.0180727 -0.000132066 0.000243813 -0.0180727 0.0891781 0.000237041 -0.000677259 -0.000132066 0.000237041 0.0102774 -0.0186754 0.000243813 -0.000677259 -0.0186754 0.0906003 
0.00979839 -0.0181125 -0.0001251 0.000213008 -0.0181125 0.0892539 0.000209627 -0.000628882 -0.0001251 0.000209627 0.0102616 -0.0186501 0.000213008 -0.000628882 -0.0186501 0.0905658 
0.00985011 -0.0181423 -0.000118026 0.000178725 -0.0181423 0.0893625 0.000168608 -0.000515942 -0.000118026 0.000168608 0.0102514 -0.0186447 0.000178725 -0.000515942 -0.0186447 0.0905461 
0.00982761 -0.0182042 -0.000139326 0.000203892 -0.0182042 0.0894917 0.000193698 -0.000540315 -0.000139326 0.000193698 0.0102354 -0.0185984 0.000203892 -0.000540315 -0.0185984 0.0904466 
0.00980915 -0.0182004 -0.000163998 0.000242581 -0.0182004 0.0895499 0.000242581 -0.000642327 -0.000163998 0.000242581 0.0102157 -0.0185694 0.000242581 -0.000642327 -0.0185694 0.0903357 
0.00979354 -0.0181426 -0.000163909 0.000242448 -0.0181426 0.0894532 0.000252693 -0.000669294 -0.000163909 0.000252693 0.0102272 -0.0185763 0.000242448 -0.000669294 -0.0185763 0.0903444 
0.00979057 -0.0181066 -0.000149838 0.000224757 -0.0181066 0.0893206 0.000238379 -0.000636813 -0.000149838 0.000238379 0.0102333 -0.0185902 0.000224757 -0.000636813 -0.0185902 0.0903797 
0.00981104 -0.0181124 -0.000139091 0.000223903 -0.0181124 0.0893035 0.000234081 -0.000641178 -0.000139091 0.000234081 0.0102215 -0.018584 0.000223903 -0.000641178 -0.018584 0.0903484 
0.00978091 -0.0181568 -0.000159897 0.000238144 -0.0181568 0.089372 0.000234742 -0.000656597 -0.000159897 0.000234742 0.0102266 -0.0185446 0.000238144 -0.000656597 -0.0185446 0.0902497 
0.00972945 -0.0181181 -0.000173558 0.000231411 -0.0181181 0.0893381 0.000238217 -0.000646588 -0.000173558 0.000238217 0.0102842 -0.0185775 0.000231411 -0.000646588 -0.0185775 0.090291 
0.00969177 -0.0180363 -0.000183248 0.000223969 -0.0180363 0.0891806 0.000223969 -0.000593858 -0.000183248 0.000223969 0.0103297 -0.0186505 0.000223969 -0.000593858 -0.0186505 0.090443 
0.00970491 -0.0179938 -0.000166389 0.000241095 -0.0179938 0.0890523 0.000241095 -0.00060783 -0.000166389 0.000241095 0.0103433 -0.0187273 0.000241095 -0.00060783 -0.0187273 0.090655 
0.00971883 -0.0180143 -0.000163056 0.000247981 -0.0180143 0.0890321 0.000247981 -0.000652225 -0.000163056 0.000247981 0.0103303 -0.0187243 0.000247981 -0.000652225 -0.0187243 0.090717 
0.00976017 -0.0180383 -0.000166174 0.000247565 -0.0180383 0.0890929 0.000244174 -0.000668086 -0.000166174 0.000244174 0.0103096 -0.01872 0.000247565 -0.000668086 -0.01872 0.0907275 
0.00976127 -0.0180748 -0.000169525 0.000227164 -0.0180748 0.0891738 0.000220383 -0.000606901 -0.000169525 0.000220383 0.0103309 -0.0187088 0.000227164 -0.000606901 -0.0187088 0.0907266 
0.00978571 -0.01808 -0.000179648 0.000250829 -0.01808 0.0892103 0.00024405 -0.00064063 -0.000179648 0.00024405 0.0103247 -0.0187376 0.000250829 -0.00064063 -0.0187376 0.0907729 
0.00977713 -0.0181113 -0.000183768 0.000262039 -0.0181113 0.0892737 0.000262039 -0.000687428 -0.000183768 0.000262039 0.0103216 -0.0187137 0.000262039 -0.000687428 -0.0187137 0.0907405 
0.00975777 -0.0180959 -0.000190197 0.000278502 -0.0180959 0.0892668 0.000281899 -0.000733616 -0.000190197 0.000281899 0.0103352 -0.0187106 0.000278502 -0.000733616 -0.0187106 0.0907238 
0.00975215 -0.0180633 -0.000186045 0.000270611 -0.0180633 0.0891833 0.000277377 -0.000744181 -0.000186045 0.000277377 0.0103576 -0.0187364 0.000270611 -0.000744181 -0.0187364 0.0907867 
0.00978031 -0.0180775 -0.000168917 0.000253376 -0.0180775 0.0892119 0.000266889 -0.000712831 -0.000168917 0.000266889 0.0103445 -0.0187532 0.000253376 -0.000712831 -0.0187532 0.0907998 
0.00986001 -0.0181216 -0.000141338 0.000228833 -0.0181216 0.0892785 0.000238929 -0.000656212 -0.000141338 0.000238929 0.0103109 -0.0187475 0.000228833 -0.000656212 -0.0187475 0.0908265 
0.00988848 -0.0182213 -0.00013776 0.00023184 -0.0182213 0.089497 0.00023184 -0.00064512 -0.00013776 0.00023184 0.0102816 -0.0186782 0.00023184 -0.00064512 -0.0186782 0.0906864 
0.00985237 -0.0182637 -0.000151161 0.000248577 -0.0182637 0.0896421 0.000241858 -0.000678547 -0.000151161 0.000241858 0.0103025 -0.0186432 0.000248577 -0.000678547 -0.0186432 0.0905524 
0.00982582 -0.0182162 -0.000148263 0.000235874 -0.0182162 0.0896286 0.000232504 -0.000650337 -0.000148263 0.000232504 0.0103144 -0.0186778 0.000235874 -0.000650337 -0.0186778 0.0905856 
0.00979615 -0.0181794 -0.000148375 0.000205702 -0.0181794 0.0895749 0.00020233 -0.000583385 -0.000148375 0.00020233 0.0103627 -0.0187155 0.000205702 -0.000583385 -0.0187155 0.0907012 
0.00983175 -0.0181517 -0.000144783 0.000212123 -0.0181517 0.0894891 0.000205389 -0.000565662 -0.000144783 0.000205389 0.0103705 -0.0187847 0.000212123 -0.000565662 -0.0187847 0.090873 
0.00983259 -0.0181776 -0.000145043 0.000215879 -0.0181776 0.0894884 0.000212505 -0.000570054 -0.000145043 0.000212505 0.0103723 -0.0187781 0.000215879 -0.000570054 -0.0187781 0.0909051 
0.00985482 -0.0181946 -0.000138042 0.000228947 -0.0181946 0.0895317 0.000228947 -0.000619504 -0.000138042 0.000228947 0.0103464 -0.0187636 0.000228947 -0.000619504 -0.0187636 0.0908583 
0.0098602 -0.0182011 -0.000128011 0.000225703 -0.0182011 0.0895402 0.000232441 -0.000646791 -0.000128011 0.000232441 0.0103419 -0.0187536 0.000225703 -0.000646791 -0.0187536 0.0908573 
0.00988977 -0.0182111 -0.00012143 0.000202383 -0.0182111 0.0895611 0.000209129 -0.000597029 -0.00012143 0.000209129 0.0103114 -0.018744 0.000202383 -0.000597029 -0.018744 0.090853 
0.00993337 -0.0182314 -0.000111044 0.000188438 -0.0182314 0.0895787 0.000195168 -0.000545124 -0.000111044 0.000195168 0.0102833 -0.0187328 0.000188438 -0.000545124 -0.0187328 0.0908406 
0.0100194 -0.0183157 -0.000107483 0.000194813 -0.0183157 0.0897482 0.00020153 -0.000554208 -0.000107483 0.00020153 0.0102042 -0.0186617 0.000194813 -0.000554208 -0.0186617 0.0906853 
0.0100433 -0.0184161 -0.000107559 0.000184867 -0.0184161 0.0899899 0.000184867 -0.000541156 -0.000107559 0.000184867 0.0101912 -0.0185741 0.000184867 -0.000541156 -0.0185741 0.090484 
0.00997578 -0.0184306 -0.000105008 0.000203242 -0.0184306 0.0900801 0.000203242 -0.000565689 -0.000105008 0.000203242 0.0102027 -0.0185458 0.000203242 -0.000565689 -0.0185458 0.0903376 
0.00990807 -0.0183243 -0.00011921 0.000207766 -0.0183243 0.0899186 0.000207766 -0.000602863 -0.00011921 0.000207766 0.0102146 -0.0185798 0.000207766 -0.000602863 -0.0185798 0.0903784 
0.00989589 -0.0182396 -0.000111837 0.000183006 -0.0182396 0.0896934 0.000176228 -0.000535463 -0.000111837 0.000176228 0.010245 -0.0186192 0.000183006 -0.000535463 -0.0186192 0.0905067 
0.0099182 -0.0182274 -0.000111783 0.00017953 -0.0182274 0.0895856 0.000169368 -0.000494555 -0.000111783 0.000169368 0.0102366 -0.0186407 0.00017953 -0.000494555 -0.0186407 0.0905645 
0.00993275 -0.0182513 -0.000118691 0.000217035 -0.0182513 0.0895813 0.000206862 -0.000569717 -0.000118691 0.000206862 0.0101973 -0.0186142 0.000217035 -0.000569717 -0.0186142 0.0905037 
