0.00763491 0 -0.000595696 0 0 0.00999041 0 0 -0.000595696 0 0.0068937 0 0 0 0 0.00999041 
0.0107171 -0.013297 -0.000716407 0.00088205 -0.013297 0.0346815 0.00088205 -0.00168542 -0.000716407 0.00088205 0.00978123 -0.0121582 0.00088205 -0.00168542 -0.0121582 0.0325033 
0.010757 -0.019966 -0.00057165 0.00096805 -0.019966 0.0729626 0.00096805 -0.00305854 -0.00057165 0.00096805 0.00989748 -0.0185932 0.00096805 -0.00305854 -0.0185932 0.068719 
0.0101715 -0.0194697 -0.000504771 0.000673028 -0.0194697 0.0865042 0.000677035 -0.00233156 -0.000504771 0.000677035 0.00940637 -0.0185443 0.000673028 -0.00233156 -0.0185443 0.0835477 
0.0101427 -0.0187488 -0.000503323 0.000575771 -0.0187488 0.0892827 0.000594836 -0.00159004 -0.000503323 0.000594836 0.00941824 -0.0179671 0.000575771 -0.00159004 -0.0179671 0.0872541 
0.0102822 -0.0186663 -0.000507357 0.000576708 -0.0186663 0.0901817 0.000602258 -0.00137607 -0.000507357 0.000602258 0.00962153 -0.0179035 0.000576708 -0.00137607 -0.0179035 0.0883859 
0.0103905 -0.0187269 -0.000550583 0.000607053 -0.0187269 0.0906168 0.000631759 -0.00143293 -0.000550583 0.000631759 0.00973403 -0.0180528 0.000607053 -0.00143293 -0.0180528 0.0890003 
0.0104161 -0.0187781 -0.000575017 0.000658152 -0.0187781 0.0908077 0.000672008 -0.00155532 -0.000575017 0.000672008 0.0097649 -0.0181234 0.000658152 -0.00155532 -0.0181234 0.0893182 
0.0104471 -0.0187911 -0.000561748 0.000664506 -0.0187911 0.090849 0.000661081 -0.00157563 -0.000561748 0.000661081 0.00975865 -0.0181369 0.000664506 -0.00157563 -0.0181369 0.0894172 
0.010447 -0.018802 -0.000545182 0.000661033 -0.018802 0.0908341 0.000657626 -0.00159125 -0.000545182 0.000657626 0.00974172 -0.0181171 0.000661033 -0.00159125 -0.0181171 0.0893826 
0.0104424 -0.0188037 -0.000538022 0.000649687 -0.0188037 0.0908242 0.000649687 -0.00159376 -0.000538022 0.000649687 0.00974869 -0.01811 0.000649687 -0.00159376 -0.01811 0.0893692 
0.0104064 -0.0187686 -0.000520318 0.000655465 -0.0187686 0.0907279 0.000655465 -0.00160488 -0.000520318 0.000655465 0.00976103 -0.0181368 0.000655465 -0.00160488 -0.0181368 0.0894271 
0.0104002 -0.0187595 -0.000510209 0.000614954 -0.0187595 0.0907125 0.000618333 -0.00153739 -0.000510209 0.000618333 0.00975142 -0.0181276 0.000614954 -0.00153739 -0.0181276 0.0894083 
0.0103838 -0.0187657 -0.000513244 0.000601617 -0.0187657 0.0907422 0.000601617 -0.00148875 -0.000513244 0.000601617 0.00972784 -0.0181097 0.000601617 -0.00148875 -0.0181097 0.0893657 
0.0103706 -0.0187546 -0.000499173 0.000624815 -0.0187546 0.090768 0.000624815 -0.00151789 -0.000499173 0.000624815 0.0097186 -0.0180687 0.000624815 -0.00151789 -0.0180687 0.0892773 
0.0103947 -0.0187854 -0.000479858 0.000584615 -0.0187854 0.0908688 0.000584615 -0.00145985 -0.000479858 0.000584615 0.00972557 -0.0180386 0.000584615 -0.00145985 -0.0180386 0.0891826 
0.0103877 -0.0187696 -0.000473554 0.000598707 -0.0187696 0.0908378 0.000585177 -0.00146463 -0.000473554 0.000585177 0.00973491 -0.018083 0.000598707 -0.00146463 -0.018083 0.0892175 
0.0104079 -0.01877 -0.00049368 0.000571452 -0.01877 0.0908236 0.000557926 -0.00140665 -0.00049368 0.000557926 0.00971468 -0.0180836 0.000571452 -0.00140665 -0.0180836 0.0892648 
0.0103494 -0.0187667 -0.000456643 0.00059977 -0.0187667 0.0907765 0.000586139 -0.00143127 -0.000456643 0.000586139 0.00973603 -0.0180783 0.00059977 -0.00143127 -0.0180783 0.0892873 
0.0102644 -0.0186825 -0.000394653 0.000579969 -0.0186825 0.090633 0.000559378 -0.00143105 -0.000394653 0.000559378 0.00975308 -0.0180923 0.000579969 -0.00143105 -0.0180923 0.089298 
0.0102366 -0.0185752 -0.000404255 0.000520735 -0.0185752 0.090375 0.00050018 -0.0013498 -0.000404255 0.00050018 0.00973638 -0.0181127 0.000520735 -0.0013498 -0.0181127 0.0893232 
0.0102518 -0.0185873 -0.000388016 0.000483319 -0.0185873 0.0903602 0.0004663 -0.0012117 -0.000388016 0.0004663 0.00974125 -0.0180564 0.000483319 -0.0012117 -0.0180564 0.0892063 
0.0102569 -0.0186281 -0.000361612 0.000446101 -0.0186281 0.0904504 0.000439342 -0.00108146 -0.000361612 0.000439342 0.00976691 -0.0180232 0.000446101 -0.00108146 -0.0180232 0.0890682 
0.0102281 -0.0186018 -0.000341162 0.000415475 -0.0186018 0.0904046 0.000425608 -0.00102686 -0.000341162 0.000425608 0.00979574 -0.018085 0.000415475 -0.00102686 -0.018085 0.0891277 
0.0102146 -0.0185741 -0.00032438 0.000402096 -0.0185741 0.0903399 0.000412233 -0.000986656 -0.00032438 0.000412233 0.00980236 -0.0181281 0.000402096 -0.000986656 -0.0181281 0.0892552 
0.0101864 -0.0185354 -0.000275945 0.000380265 -0.0185354 0.0902474 0.00038363 -0.00093552 -0.000275945 0.00038363 0.00984988 -0.0181686 0.000380265 -0.00093552 -0.0181686 0.0894094 
0.0101898 -0.0184704 -0.000318221 0.000372387 -0.0184704 0.0900769 0.000385928 -0.000974976 -0.000318221 0.000385928 0.00980392 -0.01823 0.000372387 -0.000974976 -0.01823 0.0895623 
0.0102075 -0.0184986 -0.000377176 0.000417952 -0.0184986 0.0900806 0.000431544 -0.00104658 -0.000377176 0.000431544 0.00975222 -0.0181656 0.000417952 -0.00104658 -0.0181656 0.0895165 
0.0102129 -0.0185333 -0.000392149 0.000463759 -0.0185333 0.090167 0.000473989 -0.00112871 -0.000392149 0.000473989 0.00971847 -0.0180764 0.000463759 -0.00112871 -0.0180764 0.0893213 
0.0101953 -0.0185215 -0.000409315 0.000494589 -0.0185215 0.0901584 0.000497999 -0.00121089 -0.000409315 0.000497999 0.00972463 -0.0180678 0.000494589 -0.00121089 -0.0180678 0.0892613 
0.0101882 -0.0185153 -0.000393433 0.000492646 -0.0185153 0.0901406 0.000499489 -0.00122819 -0.000393433 0.000499489 0.00970581 -0.0180397 0.000492646 -0.00122819 -0.0180397 0.0891724 
0.0102257 -0.0185447 -0.000416121 0.000487748 -0.0185447 0.0902198 0.000491159 -0.00123131 -0.000416121 0.000491159 0.00969016 -0.0180023 0.000487748 -0.00123131 -0.0180023 0.0890601 
0.0102619 -0.0185895 -0.000434365 0.000505628 -0.0185895 0.0903344 0.000502235 -0.0012488 -0.000434365 0.000502235 0.00968838 -0.017982 0.000505628 -0.0012488 -0.017982 0.0889973 
0.0102801 -0.0186534 -0.000437666 0.000536057 -0.0186534 0.0904986 0.000536057 -0.00131639 -0.000437666 0.000536057 0.00968634 -0.0179647 0.000536057 -0.00131639 -0.0179647 0.088904 
0.0102693 -0.0186773 -0.000389887 0.000511939 -0.0186773 0.090603 0.000515329 -0.00128154 -0.000389887 0.000515329 0.00971667 -0.0179721 0.000511939 -0.00128154 -0.0179721 0.0888977 
0.0102626 -0.0186418 -0.000371956 0.000463254 -0.0186418 0.0905814 0.000466636 -0.00119702 -0.000371956 0.000466636 0.00974863 -0.0180297 0.000463254 -0.00119702 -0.0180297 0.0890023 
0.0102215 -0.0185938 -0.000360319 0.000462296 -0.0185938 0.0904196 0.000458896 -0.00115574 -0.000360319 0.000458896 0.009749 -0.0180703 0.000462296 -0.00115574 -0.0180703 0.0891143 
0.0101604 -0.0185197 -0.000337092 0.000439242 -0.0185197 0.0902284 0.000435837 -0.001093 -0.000337092 0.000435837 0.00975525 -0.0180838 0.000439242 -0.001093 -0.0180838 0.0891933 
0.0101237 -0.0184799 -0.000286616 0.000406039 -0.0184799 0.09011 0.000392391 -0.0010168 -0.000286616 0.000392391 0.00976883 -0.0180705 0.000406039 -0.0010168 -0.0180705 0.0891888 
0.0101287 -0.0184454 -0.00030828 0.000349384 -0.0184454 0.0900419 0.000345959 -0.00091114 -0.00030828 0.000345959 0.00974166 -0.0180687 0.000349384 -0.00091114 -0.0180687 0.0891547 
0.0101192 -0.0184342 -0.000316762 0.000368408 -0.0184342 0.0899673 0.000364965 -0.000881424 -0.000316762 0.000364965 0.00971633 -0.0180417 0.000368408 -0.000881424 -0.0180417 0.0891203 
0.010137 -0.0184138 -0.0003473 0.000398879 -0.0184138 0.089906 0.000398879 -0.00096625 -0.0003473 0.000398879 0.00971408 -0.0180458 0.000398879 -0.00096625 -0.0180458 0.0891323 
0.0101375 -0.0184122 -0.000348626 0.000454581 -0.0184122 0.0898464 0.000451163 -0.00108689 -0.000348626 0.000451163 0.00974444 -0.0180568 0.000454581 -0.00108689 -0.0180568 0.0891834 
0.0101678 -0.0184313 -0.000360465 0.000431877 -0.0184313 0.0898679 0.000431877 -0.00108819 -0.000360465 0.000431877 0.00975635 -0.0180776 0.000431877 -0.00108819 -0.0180776 0.0892116 
0.0101731 -0.0184666 -0.000336498 0.000438467 -0.0184666 0.0899469 0.000438467 -0.00110466 -0.000336498 0.000438467 0.00975844 -0.0180825 0.000438467 -0.00110466 -0.0180825 0.0892127 
0.0101737 -0.0184778 -0.000334348 0.000436699 -0.0184778 0.0899975 0.000443523 -0.0011361 -0.000334348 0.000443523 0.00974044 -0.0180855 0.000436699 -0.0011361 -0.0180855 0.0892231 
0.0101522 -0.0184995 -0.000320131 0.000425706 -0.0184995 0.0900896 0.000425706 -0.00111024 -0.000320131 0.000425706 0.00976058 -0.0180465 0.000425706 -0.00111024 -0.0180465 0.0891598 
0.0101506 -0.0185222 -0.000312325 0.000393801 -0.0185222 0.0902042 0.000400591 -0.00102864 -0.000312325 0.000400591 0.00977713 -0.01803 0.000393801 -0.00102864 -0.01803 0.08905 
0.0101594 -0.0185018 -0.000335594 0.000389832 -0.0185018 0.0902037 0.000396612 -0.000996614 -0.000335594 0.000396612 0.0097763 -0.0180712 0.000389832 -0.000996614 -0.0180712 0.0890884 
0.0101624 -0.0184796 -0.000352768 0.000427392 -0.0184796 0.0901188 0.000430784 -0.0010617 -0.000352768 0.000430784 0.00976897 -0.0181031 0.000427392 -0.0010617 -0.0181031 0.0891995 
0.0101613 -0.0184702 -0.000350742 0.000449495 -0.0184702 0.0900488 0.000449495 -0.00111693 -0.000350742 0.000449495 0.0097663 -0.0181194 0.000449495 -0.00111693 -0.0181194 0.0893133 
0.0101632 -0.018473 -0.000352225 0.000430877 -0.018473 0.090043 0.000427457 -0.00108745 -0.000352225 0.000427457 0.00974602 -0.0181002 0.000430877 -0.00108745 -0.0181002 0.0893009 
0.0101435 -0.0184514 -0.000359577 0.000434917 -0.0184514 0.0899729 0.000431492 -0.00109243 -0.000359577 0.000431492 0.00973254 -0.0180747 0.000434917 -0.00109243 -0.0180747 0.0892572 
0.0101628 -0.0184379 -0.000358447 0.000440378 -0.0184379 0.089943 0.000440378 -0.00109924 -0.000358447 0.000440378 0.00971905 -0.0180555 0.000440378 -0.00109924 -0.0180555 0.089209 
0.0102033 -0.0184742 -0.000391258 0.000459302 -0.0184742 0.0900029 0.000459302 -0.00115676 -0.000391258 0.000459302 0.00969979 -0.0180285 0.000459302 -0.00115676 -0.0180285 0.0891217 
0.0102424 -0.0185536 -0.000386251 0.000464179 -0.0185536 0.090193 0.000464179 -0.0011452 -0.000386251 0.000464179 0.00968676 -0.0179776 0.000464179 -0.0011452 -0.0179776 0.0889766 
0.0102612 -0.0185911 -0.000408557 0.000482841 -0.0185911 0.0903216 0.000486217 -0.00119866 -0.000408557 0.000486217 0.00969395 -0.0179833 0.000482841 -0.00119866 -0.0179833 0.0889507 
0.0102529 -0.0186229 -0.000385371 0.000496925 -0.0186229 0.0904303 0.000496925 -0.00122034 -0.000385371 0.000496925 0.00971878 -0.0180076 0.000496925 -0.00122034 -0.0180076 0.0889936 
0.010227 -0.0186316 -0.000342143 0.00047087 -0.0186316 0.0904952 0.000467483 -0.00119242 -0.000342143 0.000467483 0.00975955 -0.018032 0.00047087 -0.00119242 -0.018032 0.0890521 
0.0101965 -0.0185681 -0.000312069 0.000424006 -0.0185681 0.0903947 0.000420614 -0.00111938 -0.000312069 0.000420614 0.00979624 -0.0181135 0.000424006 -0.00111938 -0.0181135 0.089238 
0.0102039 -0.0185761 -0.000278166 0.00037315 -0.0185761 0.0903972 0.000366365 -0.000973581 -0.000278166 0.000366365 0.00980366 -0.0181215 0.00037315 -0.000973581 -0.0181215 0.0892913 
0.0102208 -0.0185534 -0.000288148 0.000345778 -0.0185534 0.0903362 0.000338998 -0.000884785 -0.000288148 0.000338998 0.00980043 -0.0181533 0.000345778 -0.000884785 -0.0181533 0.0893802 
0.0102492 -0.0185739 -0.000325264 0.000359146 -0.0185739 0.0903285 0.000365922 -0.000894476 -0.000325264 0.000365922 0.00977824 -0.018147 0.000359146 -0.000894476 -0.018147 0.0894001 
0.0102692 -0.018605 -0.000352125 0.000409683 -0.018605 0.0903944 0.000413069 -0.000995429 -0.000352125 0.000413069 0.00977146 -0.0181243 0.000409683 -0.000995429 -0.0181243 0.0893753 
0.010302 -0.018626 -0.000395579 0.000449675 -0.018626 0.0904523 0.000456437 -0.00111574 -0.000395579 0.000456437 0.00975761 -0.0181223 0.000449675 -0.00111574 -0.0181223 0.089367 
0.0102975 -0.0186514 -0.000410406 0.000508768 -0.0186514 0.090486 0.000505376 -0.00123461 -0.000410406 0.000505376 0.00975138 -0.0181087 0.000508768 -0.00123461 -0.0181087 0.0893498 
0.0102786 -0.0186473 -0.000410464 0.000539371 -0.0186473 0.0905023 0.000532586 -0.00135012 -0.000410464 0.000532586 0.00976295 -0.0181079 0.000539371 -0.00135012 -0.0181079 0.0893422 
0.0102464 -0.0186307 -0.000367645 0.000503809 -0.0186307 0.090478 0.000500405 -0.00129697 -0.000367645 0.000500405 0.00977662 -0.0181099 0.000503809 -0.00129697 -0.0181099 0.0893342 
0.0102281 -0.0186184 -0.000326102 0.000451788 -0.0186184 0.0904832 0.000448391 -0.00117193 -0.000326102 0.000448391 0.00980346 -0.0181055 0.000451788 -0.00117193 -0.0181055 0.0893011 
0.0102205 -0.0185778 -0.000311663 0.000413292 -0.0185778 0.0904059 0.000406516 -0.00107388 -0.000311663 0.000406516 0.00983431 -0.0181543 0.000413292 -0.00107388 -0.0181543 0.0893794 
0.0102547 -0.0185856 -0.000334723 0.000398963 -0.0185856 0.0903955 0.000385439 -0.00101769 -0.000334723 0.000385439 0.00984221 -0.0181968 0.000398963 -0.00101769 -0.0181968 0.0894894 
0.010313 -0.0186558 -0.000347476 0.000384586 -0.0186558 0.0905463 0.000381212 -0.00094797 -0.000347476 0.000381212 0.00984067 -0.0181902 0.000384586 -0.00094797 -0.0181902 0.0895106 
0.0103089 -0.0186855 -0.000345777 0.000430526 -0.0186855 0.0906139 0.000437306 -0.00103394 -0.000345777 0.000437306 0.00984108 -0.0182075 0.000430526 -0.00103394 -0.0182075 0.0895528 
0.0103204 -0.0186645 -0.000368222 0.000449299 -0.0186645 0.0906063 0.000452677 -0.00112156 -0.000368222 0.000452677 0.00984403 -0.0182321 0.000449299 -0.00112156 -0.0182321 0.0896435 
0.0103392 -0.0186856 -0.000395839 0.00044997 -0.0186856 0.0906166 0.00046012 -0.00113338 -0.000395839 0.00046012 0.00981815 -0.0182255 0.00044997 -0.00113338 -0.0182255 0.0896422 
0.01038 -0.0187502 -0.000401959 0.000449248 -0.0187502 0.0907583 0.000452626 -0.00109103 -0.000401959 0.000452626 0.00979564 -0.0181692 0.000449248 -0.00109103 -0.0181692 0.0895288 
0.0103908 -0.0187829 -0.000387589 0.000461737 -0.0187829 0.0908711 0.000465107 -0.00109199 -0.000387589 0.000465107 0.00981106 -0.0181459 0.000461737 -0.00109199 -0.0181459 0.0894454 
0.0103794 -0.0187644 -0.000367204 0.000475007 -0.0187644 0.0908442 0.000478375 -0.00115214 -0.000367204 0.000478375 0.00982354 -0.0181917 0.000475007 -0.00115214 -0.0181917 0.0895202 
0.0103541 -0.0187192 -0.000382232 0.000490475 -0.0187192 0.0907141 0.000490475 -0.00123803 -0.000382232 0.000490475 0.00982302 -0.0182287 0.000490475 -0.00123803 -0.0182287 0.0896249 
0.0103442 -0.0187253 -0.000372946 0.000478049 -0.0187253 0.0907174 0.000478049 -0.00121377 -0.000372946 0.000478049 0.00982204 -0.0182031 0.000478049 -0.00121377 -0.0182031 0.0896291 
0.0103411 -0.0187161 -0.000364862 0.000476348 -0.0187161 0.0907055 0.000476348 -0.00121283 -0.000364862 0.000476348 0.00984791 -0.0182127 0.000476348 -0.00121283 -0.0182127 0.0896447 
0.010369 -0.018763 -0.000325816 0.00044002 -0.018763 0.0908389 0.000426584 -0.00111181 -0.000325816 0.000426584 0.0098954 -0.0182155 0.00044002 -0.00111181 -0.0182155 0.0896364 
0.0103931 -0.0187617 -0.000336877 0.000420262 -0.0187617 0.0908466 0.000410256 -0.001074 -0.000336877 0.000410256 0.0099462 -0.0183114 0.000420262 -0.001074 -0.0183114 0.089806 
0.0103875 -0.0187643 -0.000347363 0.000430863 -0.0187643 0.0908153 0.000427523 -0.00108217 -0.000347363 0.000427523 0.00995995 -0.0183868 0.000430863 -0.00108217 -0.0183868 0.0900304 
0.010378 -0.0187497 -0.00035624 0.000463784 -0.0187497 0.090774 0.000457063 -0.00115946 -0.00035624 0.000457063 0.00993776 -0.0184237 0.000463784 -0.00115946 -0.0184237 0.0901792 
0.0103888 -0.018788 -0.000380406 0.000467933 -0.018788 0.0908834 0.000478032 -0.00121191 -0.000380406 0.000478032 0.00990739 -0.0183504 0.000467933 -0.00121191 -0.0183504 0.0900653 
0.0103812 -0.0187956 -0.000368343 0.000483239 -0.0187956 0.09093 0.000496756 -0.0012402 -0.000368343 0.000496756 0.00988781 -0.0182989 0.000483239 -0.0012402 -0.0182989 0.0899094 
0.0103888 -0.0187918 -0.000348866 0.000456209 -0.0187918 0.0909399 0.000469627 -0.00119419 -0.000348866 0.000469627 0.00991248 -0.0182785 0.000456209 -0.00119419 -0.0182785 0.0898396 
0.0103664 -0.018734 -0.000362205 0.000449402 -0.018734 0.0907826 0.000446048 -0.00115034 -0.000362205 0.000446048 0.00991367 -0.0183316 0.000449402 -0.00115034 -0.0183316 0.0899039 
0.0103431 -0.018721 -0.000366156 0.000466933 -0.018721 0.0907127 0.000456856 -0.00115894 -0.000366156 0.000456856 0.00990974 -0.0183213 0.000466933 -0.00115894 -0.0183213 0.0899199 
0.0102938 -0.0186854 -0.000337282 0.000462076 -0.0186854 0.0906276 0.00045533 -0.00115688 -0.000337282 0.00045533 0.00990597 -0.0183178 0.000462076 -0.00115688 -0.0183178 0.0898923 
0.0102469 -0.0186249 -0.000297404 0.000442726 -0.0186249 0.0904952 0.000429208 -0.00113216 -0.000297404 0.000429208 0.00990895 -0.018314 0.000442726 -0.00113216 -0.018314 0.0898869 
0.0102106 -0.018596 -0.00024673 0.000371785 -0.018596 0.0904147 0.000368405 -0.00098692 -0.00024673 0.000368405 0.0099199 -0.0182918 0.000371785 -0.00098692 -0.0182918 0.08983 
0.010216 -0.0185853 -0.000206691 0.000284624 -0.0185853 0.0904088 0.000284624 -0.000782717 -0.000206691 0.000284624 0.00992119 -0.0183007 0.000284624 -0.000782717 -0.0183007 0.0898159 
0.0102853 -0.0185798 -0.000250119 0.000273779 -0.0185798 0.0904046 0.000270399 -0.000716558 -0.000250119 0.000270399 0.00990337 -0.0183229 0.000273779 -0.000716558 -0.0183229 0.0898773 
0.0103415 -0.0186524 -0.000283328 0.000323804 -0.0186524 0.090493 0.000323804 -0.000765661 -0.000283328 0.000323804 0.00987264 -0.0182949 0.000323804 -0.000765661 -0.0182949 0.0898622 
0.0103425 -0.018716 -0.000287574 0.000368771 -0.018716 0.0906434 0.000368771 -0.000876255 -0.000287574 0.000368771 0.00988578 -0.0182762 0.000368771 -0.000876255 -0.0182762 0.0898178 
0.01037 -0.0187256 -0.000321106 0.000381948 -0.0187256 0.0907312 0.000392088 -0.0009667 -0.000321106 0.000392088 0.00987994 -0.0182862 0.000381948 -0.0009667 -0.0182862 0.0898186 
0.0104101 -0.0187751 -0.000359896 0.000420439 -0.0187751 0.0908485 0.000427166 -0.00104942 -0.000359896 0.000427166 0.00987528 -0.0182639 0.000420439 -0.00104942 -0.0182639 0.0897722 
0.010408 -0.0188298 -0.000346149 0.00045369 -0.0188298 0.0909901 0.000460411 -0.00112918 -0.000346149 0.000460411 0.00990388 -0.0182585 0.00045369 -0.00112918 -0.0182585 0.0897264 
0.0103812 -0.0188067 -0.000336615 0.000451065 -0.0188067 0.0909939 0.000457797 -0.00117815 -0.000336615 0.000457797 0.00993352 -0.0183051 0.000451065 -0.00117815 -0.0183051 0.0897955 
0.0103453 -0.0187593 -0.000310629 0.00043218 -0.0187593 0.0908658 0.00043218 -0.0011311 -0.000310629 0.00043218 0.00994014 -0.0183508 0.00043218 -0.0011311 -0.0183508 0.0899002 
0.0103311 -0.0186901 -0.000328134 0.000429619 -0.0186901 0.0906901 0.000426236 -0.00114339 -0.000328134 0.000426236 0.00990829 -0.018362 0.000429619 -0.00114339 -0.018362 0.0899696 
0.010359 -0.0186914 -0.000333294 0.000403993 -0.0186914 0.0906459 0.000403993 -0.00106048 -0.000333294 0.000403993 0.00989446 -0.0183278 0.000403993 -0.00106048 -0.0183278 0.089949 
0.0103918 -0.0187207 -0.000349982 0.000417286 -0.0187207 0.0906689 0.000413921 -0.00103312 -0.000349982 0.000413921 0.00987354 -0.0183101 0.000417286 -0.00103312 -0.0183101 0.0899252 
0.0104209 -0.0187999 -0.000332475 0.000419791 -0.0187999 0.0908563 0.000426508 -0.00103101 -0.000332475 0.000426508 0.00989028 -0.0182727 0.000419791 -0.00103101 -0.0182727 0.0898454 
0.0103955 -0.0187995 -0.000343707 0.000441428 -0.0187995 0.0908938 0.000444798 -0.00110189 -0.000343707 0.000444798 0.00990012 -0.0183041 0.000441428 -0.00110189 -0.0183041 0.0898559 
0.0103802 -0.0187848 -0.000327014 0.000431524 -0.0187848 0.0908965 0.000431524 -0.00108555 -0.000327014 0.000431524 0.00990483 -0.0183027 0.000431524 -0.00108555 -0.0183027 0.0898717 
0.010365 -0.01874 -0.000313683 0.000424989 -0.01874 0.0908027 0.000418244 -0.00107934 -0.000313683 0.000418244 0.00991979 -0.0183353 0.000424989 -0.00107934 -0.0183353 0.0899527 
0.0103655 -0.0187448 -0.000310222 0.000397893 -0.0187448 0.0907871 0.000397893 -0.00103182 -0.000310222 0.000397893 0.0099271 -0.0183402 0.000397893 -0.00103182 -0.0183402 0.089961 
0.0103639 -0.0187509 -0.000294868 0.000398741 -0.0187509 0.0907991 0.00039204 -0.00101193 -0.000294868 0.00039204 0.00994508 -0.0183287 0.000398741 -0.00101193 -0.0183287 0.0899313 
0.0103515 -0.0187297 -0.00029098 0.000401351 -0.0187297 0.0907455 0.000398007 -0.00103348 -0.00029098 0.000398007 0.00995351 -0.0183585 0.000401351 -0.00103348 -0.0183585 0.0899696 
0.0103374 -0.0186992 -0.000301383 0.000408542 -0.0186992 0.0906662 0.000405193 -0.00106154 -0.000301383 0.000405193 0.0099423 -0.0183877 0.000408542 -0.00106154 -0.0183877 0.0900567 
0.0103594 -0.0187328 -0.00030528 0.000375729 -0.0187328 0.0907319 0.000382439 -0.00100306 -0.00030528 0.000382439 0.00992328 -0.0183571 0.000375729 -0.00100306 -0.0183571 0.0900274 
0.0103774 -0.0187632 -0.00030512 0.000382239 -0.0187632 0.0908353 0.000382239 -0.000972361 -0.00030512 0.000382239 0.00991809 -0.0183206 0.000382239 -0.000972361 -0.0183206 0.0899501 
0.0103812 -0.0187946 -0.000307889 0.000398248 -0.0187946 0.0909444 0.000398248 -0.00100064 -0.000307889 0.000398248 0.00993277 -0.018306 0.000398248 -0.00100064 -0.018306 0.0898735 
0.0103448 -0.0187889 -0.000285955 0.000393608 -0.0187889 0.0909504 0.000393608 -0.000995795 -0.000285955 0.000393608 0.00992767 -0.0183045 0.000393608 -0.000995795 -0.0183045 0.0898133 
0.010314 -0.0187288 -0.000276118 0.000383871 -0.0187288 0.0908292 0.000377136 -0.00097988 -0.000276118 0.000377136 0.00992003 -0.0183113 0.000383871 -0.00097988 -0.0183113 0.089819 
0.0102729 -0.0186584 -0.000265302 0.000386199 -0.0186584 0.0906359 0.000379482 -0.000990684 -0.000265302 0.000379482 0.00992028 -0.0183159 0.000386199 -0.000990684 -0.0183159 0.0898198 
0.0102231 -0.0185893 -0.000259026 0.0003734 -0.0185893 0.0904235 0.0003734 -0.000985643 -0.000259026 0.0003734 0.00993043 -0.0183303 0.0003734 -0.000985643 -0.0183303 0.0898718 
0.0101704 -0.0185363 -0.000245759 0.000366955 -0.0185363 0.0902676 0.000370322 -0.000996502 -0.000245759 0.000370322 0.00995492 -0.0183377 0.000366955 -0.000996502 -0.0183377 0.0899141 
0.0101442 -0.0184643 -0.00025673 0.000344559 -0.0184643 0.0900885 0.000337802 -0.000942469 -0.00025673 0.000337802 0.00993477 -0.0183697 0.000344559 -0.000942469 -0.0183697 0.0899669 
0.0101348 -0.0184531 -0.000237667 0.000319153 -0.0184531 0.0900146 0.000319153 -0.000842019 -0.000237667 0.000319153 0.00991071 -0.0183377 0.000319153 -0.000842019 -0.0183377 0.0899433 
0.0101279 -0.0184573 -0.000211996 0.000290639 -0.0184573 0.0900229 0.0002838 -0.000731726 -0.000211996 0.0002838 0.00988515 -0.0182863 0.000290639 -0.000731726 -0.0182863 0.0898314 
0.0101276 -0.0184859 -0.000192382 0.000240478 -0.0184859 0.0901243 0.000243913 -0.000608066 -0.000192382 0.000243913 0.0098699 -0.0182179 0.000240478 -0.000608066 -0.0182179 0.0896433 
0.0101063 -0.0184511 -0.000157643 0.000243318 -0.0184511 0.0900517 0.000239891 -0.000592874 -0.000157643 0.000239891 0.00991436 -0.0182352 0.000243318 -0.000592874 -0.0182352 0.0896439 
0.010114 -0.0184062 -0.000163459 0.000234973 -0.0184062 0.0899265 0.000231567 -0.000612973 -0.000163459 0.000231567 0.00994037 -0.0182972 0.000234973 -0.000612973 -0.0182972 0.0897358 
0.0101295 -0.0184034 -0.000156047 0.000237463 -0.0184034 0.0898559 0.000237463 -0.000630973 -0.000156047 0.000237463 0.00994291 -0.0183287 0.000237463 -0.000630973 -0.0183287 0.0898254 
0.0101331 -0.0184152 -0.000155946 0.00023731 -0.0184152 0.0898591 0.00023392 -0.000637346 -0.000155946 0.00023392 0.0099365 -0.0183339 0.00023731 -0.000637346 -0.0183339 0.0898625 
0.0101388 -0.0184113 -0.000179838 0.000230735 -0.0184113 0.089851 0.000227342 -0.000614163 -0.000179838 0.000227342 0.00991483 -0.0183401 0.000230735 -0.000614163 -0.0183401 0.0898918 
0.0101518 -0.0184185 -0.000228398 0.000262488 -0.0184185 0.0898492 0.000259079 -0.000664742 -0.000228398 0.000259079 0.00985863 -0.0182991 0.000262488 -0.000664742 -0.0182991 0.0898322 
0.0101987 -0.0185044 -0.000265077 0.000292265 -0.0185044 0.0900718 0.000299061 -0.000720466 -0.000265077 0.000299061 0.00981805 -0.0181884 0.000292265 -0.000720466 -0.0181884 0.0895927 
0.0102162 -0.0185702 -0.000277117 0.000358224 -0.0185702 0.0902658 0.000368363 -0.000882043 -0.000277117 0.000368363 0.00982751 -0.0181343 0.000358224 -0.000882043 -0.0181343 0.0893905 
0.0101878 -0.0185667 -0.000280647 0.000385467 -0.0185667 0.0903278 0.000388849 -0.0009941 -0.000280647 0.000388849 0.00985308 -0.0181474 0.000385467 -0.0009941 -0.0181474 0.0893371 
0.0101657 -0.0185444 -0.000259622 0.00035403 -0.0185444 0.0903215 0.000357402 -0.000940708 -0.000259622 0.000357402 0.00988587 -0.0181803 0.00035403 -0.000940708 -0.0181803 0.0893842 
0.0101126 -0.0184953 -0.00024327 0.000337876 -0.0184953 0.0902094 0.000334497 -0.000885234 -0.00024327 0.000334497 0.00991327 -0.0182318 0.000337876 -0.000885234 -0.0182318 0.08951 
0.0100902 -0.0184176 -0.000238217 0.000319891 -0.0184176 0.0900221 0.000326697 -0.000850774 -0.000238217 0.000326697 0.00989621 -0.0182882 0.000319891 -0.000850774 -0.0182882 0.0896614 
0.0100457 -0.0183601 -0.000225823 0.000331892 -0.0183601 0.0898161 0.000331892 -0.000865656 -0.000225823 0.000331892 0.0098849 -0.0182814 0.000331892 -0.000865656 -0.0182814 0.0897374 
0.0100163 -0.018318 -0.000195456 0.000312044 -0.018318 0.0896936 0.000308614 -0.000843546 -0.000195456 0.000308614 0.0098688 -0.0182391 0.000312044 -0.000843546 -0.0182391 0.0896559 
0.0100156 -0.0183104 -0.000161431 0.000243864 -0.0183104 0.0896526 0.000236994 -0.000673202 -0.000161431 0.000236994 0.00984729 -0.0182005 0.000243864 -0.000673202 -0.0182005 0.0895255 
0.00998193 -0.0182881 -0.000134472 0.000199983 -0.0182881 0.0895788 0.000193087 -0.000534439 -0.000134472 0.000193087 0.00984401 -0.018164 0.000199983 -0.000534439 -0.018164 0.0894167 
0.00999027 -0.0182657 -0.000134028 0.000171831 -0.0182657 0.0895551 0.000168395 -0.000450198 -0.000134028 0.000168395 0.0098425 -0.0181557 0.000171831 -0.000450198 -0.0181557 0.0893523 
0.00999986 -0.018273 -0.000168209 0.000188806 -0.018273 0.0895353 0.000195672 -0.00048403 -0.000168209 0.000195672 0.00984882 -0.0181529 0.000188806 -0.00048403 -0.0181529 0.0893191 
0.00999511 -0.0182831 -0.000172092 0.000216836 -0.0182831 0.0895327 0.000220278 -0.000530044 -0.000172092 0.000220278 0.00984711 -0.0181557 0.000216836 -0.000530044 -0.0181557 0.0893124 
0.00998429 -0.0182708 -0.000181782 0.000243519 -0.0182708 0.0895259 0.000253809 -0.000620803 -0.000181782 0.000253809 0.00985396 -0.0181576 0.000243519 -0.000620803 -0.0181576 0.0893133 
0.00998604 -0.018252 -0.000218423 0.000283268 -0.018252 0.0894887 0.000283268 -0.00072694 -0.000218423 0.000283268 0.00987342 -0.0181803 0.000283268 -0.00072694 -0.0181803 0.0893829 
0.0100033 -0.0182656 -0.00022441 0.000302614 -0.0182656 0.0895024 0.000309414 -0.000795637 -0.00022441 0.000309414 0.00988086 -0.018201 0.000302614 -0.000795637 -0.018201 0.0894275 
0.0100411 -0.0182905 -0.000268079 0.000335947 -0.0182905 0.089569 0.000342734 -0.00090604 -0.000268079 0.000342734 0.00985446 -0.0182056 0.000335947 -0.00090604 -0.0182056 0.0894604 
0.0100561 -0.018317 -0.00025549 0.000350874 -0.018317 0.0896056 0.000350874 -0.000912953 -0.00025549 0.000350874 0.00983468 -0.0182011 0.000350874 -0.000912953 -0.0182011 0.0894966 
0.0100567 -0.0183566 -0.000225151 0.000317258 -0.0183566 0.0897089 0.000317258 -0.000842609 -0.000225151 0.000317258 0.00982135 -0.0181553 0.000317258 -0.000842609 -0.0181553 0.0894258 
