0.00727312 0 9.39333e-05 0 0 0.00998376 0 0 9.39333e-05 0 0.00747888 0 0 0 0 0.00998376 
0.0102827 -0.0127669 0.000109954 -0.000134388 -0.0127669 0.0336622 -0.000134388 0.000260632 0.000109954 -0.000134388 0.0105189 -0.0130642 -0.000134388 0.000260632 -0.0130642 0.0342405 
0.0104115 -0.0194122 4.14967e-06 -0.00012034 -0.0194122 0.0712457 -0.00012034 0.000431566 4.14967e-06 -0.00012034 0.0105111 -0.0197317 -0.00012034 0.000431566 -0.0197317 0.0722997 
0.00984527 -0.0190719 4.01684e-06 -0.000140589 -0.0190719 0.0852212 -0.000144606 0.000739098 4.01684e-06 -0.000144606 0.00990151 -0.0193089 -0.000140589 0.000739098 -0.0193089 0.0863339 
0.00981723 -0.0183949 1.907e-05 -9.535e-05 -0.0183949 0.0884085 -0.000110606 0.000503448 1.907e-05 -0.000110606 0.00988207 -0.0185208 -9.535e-05 0.000503448 -0.0185208 0.0890111 
0.00993872 -0.0183043 4.74489e-05 -0.000113147 -0.0183043 0.0893901 -0.000124097 0.000368641 4.74489e-05 -0.000124097 0.0100811 -0.0184029 -0.000113147 0.000368641 -0.0184029 0.0896492 
0.0100175 -0.0183449 8.11565e-05 -0.000165842 -0.0183449 0.0897697 -0.000172899 0.000462239 8.11565e-05 -0.000172899 0.0102187 -0.0185672 -0.000165842 0.000462239 -0.0185672 0.0901966 
0.0100288 -0.0183302 9.00068e-05 -0.000204246 -0.0183302 0.0897853 -0.000204246 0.000578121 9.00068e-05 -0.000204246 0.0102504 -0.0186868 -0.000204246 0.000578121 -0.0186868 0.0906196 
0.0100476 -0.0183455 7.50328e-05 -0.00017735 -0.0183455 0.0897972 -0.000184171 0.000566157 7.50328e-05 -0.000184171 0.010259 -0.0186866 -0.00017735 0.000566157 -0.0186866 0.0907147 
0.0100638 -0.0183677 6.40576e-05 -0.000158458 -0.0183677 0.0898088 -0.000158458 0.000509089 6.40576e-05 -0.000158458 0.0102627 -0.0186779 -0.000158458 0.000509089 -0.0186779 0.0907123 
0.0100729 -0.0183889 5.73284e-05 -0.000138263 -0.0183889 0.0898404 -0.000138263 0.000455255 5.73284e-05 -0.000138263 0.0102348 -0.0186891 -0.000138263 0.000455255 -0.0186891 0.0907104 
0.0100582 -0.0184147 6.4151e-05 -0.000141808 -0.0184147 0.0899263 -0.000138431 0.000438928 6.4151e-05 -0.000138431 0.0102101 -0.0186376 -0.000141808 0.000438928 -0.0186376 0.0906083 
0.0100499 -0.0184013 5.38148e-05 -0.000141264 -0.0184013 0.089938 -0.0001379 0.000420428 5.38148e-05 -0.0001379 0.0102114 -0.0186233 -0.000141264 0.000420428 -0.0186233 0.0905568 
0.0100754 -0.0183896 6.34931e-05 -0.000123645 -0.0183896 0.0899297 -0.000126986 0.000390984 6.34931e-05 -0.000126986 0.0102191 -0.0186536 -0.000123645 0.000390984 -0.0186536 0.0906381 
0.010099 -0.0184206 7.68362e-05 -0.000146991 -0.0184206 0.0899552 -0.00014365 0.00042427 7.68362e-05 -0.00014365 0.0102059 -0.0186612 -0.000146991 0.00042427 -0.0186612 0.0906834 
0.0101128 -0.0184601 7.34266e-05 -0.000143516 -0.0184601 0.090061 -0.000146853 0.000427209 7.34266e-05 -0.000146853 0.0102063 -0.018647 -0.000143516 0.000427209 -0.018647 0.0906718 
0.0100739 -0.0184934 5.70474e-05 -0.000154363 -0.0184934 0.0901818 -0.000147652 0.000446312 5.70474e-05 -0.000147652 0.0102081 -0.0186176 -0.000154363 0.000446312 -0.0186176 0.0905946 
0.0100655 -0.0184388 5.39343e-05 -0.000134836 -0.0184388 0.0901378 -0.000141578 0.000438217 5.39343e-05 -0.000141578 0.0101801 -0.0186309 -0.000134836 0.000438217 -0.0186309 0.0905928 
0.0100288 -0.0183967 6.41355e-05 -0.000148524 -0.0183967 0.0900057 -0.0001519 0.000455699 6.41355e-05 -0.0001519 0.0101807 -0.0186195 -0.000148524 0.000455699 -0.0186195 0.0906031 
0.0100105 -0.0183458 6.07925e-05 -0.000145227 -0.0183458 0.0898615 -0.000145227 0.000449189 6.07925e-05 -0.000145227 0.0101726 -0.018616 -0.000145227 0.000449189 -0.018616 0.0905809 
0.0100019 -0.0183481 5.41741e-05 -0.000118506 -0.0183481 0.0898275 -0.000118506 0.000382605 5.41741e-05 -0.000118506 0.0101576 -0.0185716 -0.000118506 0.000382605 -0.0185716 0.0904945 
0.00994125 -0.0183322 2.7199e-05 -0.000101996 -0.0183322 0.0898044 -0.000105396 0.000326389 2.7199e-05 -0.000105396 0.0101724 -0.0185463 -0.000101996 0.000326389 -0.0185463 0.0903824 
0.00994615 -0.018277 3.05409e-05 -9.50161e-05 -0.018277 0.0897427 -8.14423e-05 0.000298622 3.05409e-05 -8.14423e-05 0.0101633 -0.0185485 -9.50161e-05 0.000298622 -0.0185485 0.0903263 
0.00994278 -0.0182855 2.37298e-05 -9.15291e-05 -0.0182855 0.0897155 -8.13592e-05 0.000274587 2.37298e-05 -8.13592e-05 0.0101665 -0.0185296 -9.15291e-05 0.000274587 -0.0185296 0.0902749 
0.00993299 -0.0182536 3.74188e-05 -0.000108855 -0.0182536 0.0896384 -9.52478e-05 0.000326564 3.74188e-05 -9.52478e-05 0.0101439 -0.0185461 -0.000108855 0.000326564 -0.0185461 0.0902813 
0.00995047 -0.0182363 5.07504e-05 -0.000108268 -0.0182363 0.0895745 -9.47341e-05 0.000331569 5.07504e-05 -9.47341e-05 0.0101366 -0.0185408 -0.000108268 0.000331569 -0.0185408 0.0903188 
0.0099867 -0.0182758 7.76256e-05 -0.000121501 -0.0182758 0.0896238 -0.000118126 0.000364503 7.76256e-05 -0.000118126 0.0101318 -0.0185221 -0.000121501 0.000364503 -0.0185221 0.0902988 
0.010034 -0.0183132 0.000107784 -0.000168413 -0.0183132 0.0897066 -0.000168413 0.000464819 0.000107784 -0.000168413 0.0100845 -0.0185085 -0.000168413 0.000464819 -0.0185085 0.090259 
0.0100009 -0.0183689 8.13082e-05 -0.000182944 -0.0183689 0.0898117 -0.000193107 0.00051834 8.13082e-05 -0.000193107 0.0100958 -0.0184671 -0.000182944 0.00051834 -0.0184671 0.0901844 
0.00995658 -0.0183109 9.50509e-05 -0.000183312 -0.0183109 0.0897484 -0.000196891 0.000580489 9.50509e-05 -0.000196891 0.0101059 -0.0184874 -0.000183312 0.000580489 -0.0184874 0.0901965 
0.00996547 -0.0182706 9.82654e-05 -0.000162646 -0.0182706 0.0896587 -0.000172812 0.000531989 9.82654e-05 -0.000172812 0.0100705 -0.0184739 -0.000162646 0.000531989 -0.0184739 0.0901636 
0.00999477 -0.0182813 0.000101883 -0.000152825 -0.0182813 0.0896337 -0.000152825 0.00045508 0.000101883 -0.000152825 0.0100219 -0.0184307 -0.000152825 0.00045508 -0.0184307 0.0900854 
0.00999423 -0.0183052 8.48407e-05 -0.000152713 -0.0183052 0.0896596 -0.000142532 0.000410629 8.48407e-05 -0.000142532 0.0100112 -0.0183799 -0.000152713 0.000410629 -0.0183799 0.089982 
0.00993056 -0.0182849 6.08822e-05 -0.000142058 -0.0182849 0.0896253 -0.000138676 0.000402499 6.08822e-05 -0.000138676 0.010076 -0.0183864 -0.000142058 0.000402499 -0.0183864 0.0899568 
0.00990621 -0.0182076 6.41944e-05 -0.000121631 -0.0182076 0.0894904 -0.00012501 0.000378409 6.41944e-05 -0.00012501 0.0100988 -0.0184643 -0.000121631 0.000378409 -0.0184643 0.0900715 
0.00987157 -0.0181827 4.07075e-05 -0.00011873 -0.0181827 0.0893903 -0.000128907 0.000362975 4.07075e-05 -0.000128907 0.010109 -0.0184778 -0.00011873 0.000362975 -0.0184778 0.0901535 
0.00985146 -0.0181422 4.08916e-05 -0.000112452 -0.0181422 0.089297 -0.000122675 0.000374839 4.08916e-05 -0.000122675 0.01009 -0.0184796 -0.000112452 0.000374839 -0.0184796 0.0901591 
0.00985691 -0.0181194 5.46278e-05 -0.000116084 -0.0181194 0.0892209 -0.000122913 0.000385809 5.46278e-05 -0.000122913 0.0100379 -0.0184471 -0.000116084 0.000385809 -0.0184471 0.0901154 
0.00990581 -0.0181589 4.80032e-05 -8.57201e-05 -0.0181589 0.0892894 -8.22913e-05 0.000291448 4.80032e-05 -8.22913e-05 0.00997782 -0.0183715 -8.57201e-05 0.000291448 -0.0183715 0.0899341 
0.00997377 -0.0182264 8.22862e-05 -9.2572e-05 -0.0182264 0.0894485 -8.91434e-05 0.000270859 8.22862e-05 -8.91434e-05 0.00991549 -0.0182881 -9.2572e-05 0.000270859 -0.0182881 0.0897194 
0.0100422 -0.0183058 0.000119713 -0.000133394 -0.0183058 0.0896271 -0.000129974 0.000328354 0.000119713 -0.000129974 0.00986773 -0.0182134 -0.000133394 0.000328354 -0.0182134 0.0895245 
0.010051 -0.0183655 0.00013647 -0.000191058 -0.0183655 0.0897565 -0.000191058 0.000470823 0.00013647 -0.000191058 0.00989069 -0.0181813 -0.000191058 0.000470823 -0.0181813 0.0894495 
0.0100049 -0.0183418 0.000136168 -0.000231485 -0.0183418 0.0897483 -0.000228081 0.000595735 0.000136168 -0.000228081 0.00994706 -0.0182295 -0.000231485 0.000595735 -0.0182295 0.0895066 
0.00995271 -0.0182927 0.000112518 -0.000225036 -0.0182927 0.0896562 -0.000221626 0.000637601 0.000112518 -0.000221626 0.0100004 -0.0182995 -0.000225036 0.000637601 -0.0182995 0.089663 
0.00991023 -0.0182214 0.000102946 -0.000212754 -0.0182214 0.0894803 -0.000209323 0.000638263 0.000102946 -0.000209323 0.00999945 -0.0183621 -0.000212754 0.000638263 -0.0183621 0.0898201 
0.00988676 -0.018172 8.57333e-05 -0.000171467 -0.018172 0.0893307 -0.000178325 0.000545264 8.57333e-05 -0.000178325 0.0100068 -0.0183606 -0.000171467 0.000545264 -0.0183606 0.0898896 
0.00983651 -0.0181076 7.22514e-05 -0.000165146 -0.0181076 0.0891341 -0.000172027 0.000512641 7.22514e-05 -0.000172027 0.0100051 -0.0183725 -0.000165146 0.000512641 -0.0183725 0.0899116 
0.00980423 -0.018084 2.75303e-05 -0.000123886 -0.018084 0.0890708 -0.000123886 0.000399189 2.75303e-05 -0.000123886 0.0100245 -0.0183455 -0.000123886 0.000399189 -0.0183455 0.0898451 
0.009827 -0.0180653 1.37249e-05 -6.17619e-05 -0.0180653 0.0890572 -5.48994e-05 0.000243616 1.37249e-05 -5.48994e-05 0.00999856 -0.0183433 -6.17619e-05 0.000243616 -0.0183433 0.0897777 
0.00987161 -0.0180934 4.45903e-05 -4.80204e-05 -0.0180934 0.0890812 -4.11603e-05 0.000164641 4.45903e-05 -4.11603e-05 0.0099505 -0.0183163 -4.80204e-05 0.000164641 -0.0183163 0.0897089 
0.00989967 -0.0181185 8.57559e-05 -8.57559e-05 -0.0181185 0.0891141 -7.54652e-05 0.000195524 8.57559e-05 -7.54652e-05 0.00992368 -0.0182832 -8.57559e-05 0.000195524 -0.0182832 0.0896733 
0.00992309 -0.0181568 0.000123609 -0.000154512 -0.0181568 0.0891842 -0.000151078 0.000350227 0.000123609 -0.000151078 0.00989219 -0.018253 -0.000154512 0.000350227 -0.018253 0.0896031 
0.00996385 -0.0182025 0.000161205 -0.000212654 -0.0182025 0.0893179 -0.000216083 0.000538494 0.000161205 -0.000216083 0.00984037 -0.0181922 -0.000212654 0.000538494 -0.0181922 0.0894448 
0.0100263 -0.0182851 0.000174698 -0.000236356 -0.0182851 0.0895277 -0.000250058 0.000637135 0.000174698 -0.000250058 0.00978653 -0.0181104 -0.000236356 0.000637135 -0.0181104 0.0892434 
0.0100563 -0.0183701 0.000170504 -0.000252345 -0.0183701 0.0897565 -0.000255755 0.000692244 0.000170504 -0.000255755 0.0097869 -0.0180393 -0.000252345 0.000692244 -0.0180393 0.089037 
0.0100666 -0.0183742 0.000177265 -0.000252262 -0.0183742 0.0898154 -0.000269307 0.000722696 0.000177265 -0.000269307 0.00977685 -0.0180606 -0.000252262 0.000722696 -0.0180606 0.0890246 
0.0100127 -0.0183749 0.000170866 -0.000256299 -0.0183749 0.0898208 -0.000263134 0.000721054 0.000170866 -0.000263134 0.00981454 -0.0180605 -0.000256299 0.000721054 -0.0180605 0.0890417 
0.00996706 -0.0182991 0.000173725 -0.000265697 -0.0182991 0.0897001 -0.000265697 0.00074259 0.000173725 -0.000265697 0.00986487 -0.0181253 -0.000265697 0.00074259 -0.0181253 0.089179 
0.00992977 -0.018249 0.000136774 -0.000239354 -0.018249 0.0895662 -0.000232515 0.000663352 0.000136774 -0.000232515 0.00988873 -0.0181704 -0.000239354 0.000663352 -0.0181704 0.0892961 
0.00988503 -0.018186 9.25758e-05 -0.000185152 -0.018186 0.0893939 -0.000181723 0.00054174 9.25758e-05 -0.000181723 0.00991246 -0.0182169 -0.000185152 0.00054174 -0.0182169 0.0894419 
0.0098805 -0.0181667 5.13184e-05 -0.000119743 -0.0181667 0.0893384 -0.000109479 0.000372913 5.13184e-05 -0.000109479 0.00992839 -0.018218 -0.000119743 0.000372913 -0.018218 0.0894684 
0.00988317 -0.0181374 5.12258e-05 -9.22065e-05 -0.0181374 0.0892627 -7.85463e-05 0.00027662 5.12258e-05 -7.85463e-05 0.0099344 -0.0182466 -9.22065e-05 0.00027662 -0.0182466 0.0895257 
0.00992701 -0.0181485 6.80865e-05 -9.53211e-05 -0.0181485 0.0892376 -8.51081e-05 0.000255324 6.80865e-05 -8.51081e-05 0.00991339 -0.0182608 -9.53211e-05 0.000255324 -0.0182608 0.0895882 
0.00995419 -0.0181891 9.55165e-05 -0.000133041 -0.0181891 0.0892807 -0.000133041 0.000344542 9.55165e-05 -0.000133041 0.00987914 -0.0182437 -0.000133041 0.000344542 -0.0182437 0.0895979 
0.010011 -0.0182438 0.000150182 -0.000184315 -0.0182438 0.0894166 -0.000194555 0.00048468 0.000150182 -0.000194555 0.00983354 -0.0181994 -0.000184315 0.00048468 -0.0181994 0.0895087 
0.0100392 -0.0183089 0.000167377 -0.000235694 -0.0183089 0.089567 -0.000242525 0.000604605 0.000167377 -0.000242525 0.00979324 -0.0181382 -0.000235694 0.000604605 -0.0181382 0.0893825 
0.0100358 -0.0183551 0.000126516 -0.00021542 -0.0183551 0.0897207 -0.000212001 0.000564195 0.000126516 -0.000212001 0.00981358 -0.0181021 -0.00021542 0.000564195 -0.0181021 0.0892694 
0.00999914 -0.0183318 0.000126875 -0.000188598 -0.0183318 0.0897214 -0.000195456 0.000538363 0.000126875 -0.000195456 0.00984826 -0.0181226 -0.000188598 0.000538363 -0.0181226 0.0892722 
0.00994112 -0.0182679 0.000127627 -0.000206963 -0.0182679 0.0895805 -0.000217311 0.000579496 0.000127627 -0.000217311 0.00986868 -0.0181644 -0.000206963 0.000579496 -0.0181644 0.0893321 
0.00993073 -0.0182179 0.000138119 -0.000196819 -0.0182179 0.0894629 -0.000203725 0.000559381 0.000138119 -0.000203725 0.00984441 -0.0181626 -0.000196819 0.000559381 -0.0181626 0.0893421 
0.0099373 -0.0182063 0.00012064 -0.000189577 -0.0182063 0.0893909 -0.000186131 0.000513582 0.00012064 -0.000186131 0.00984424 -0.0181477 -0.000189577 0.000513582 -0.0181477 0.0893116 
0.0099133 -0.0182087 0.000106484 -0.000171748 -0.0182087 0.0893743 -0.000158008 0.000460285 0.000106484 -0.000158008 0.00987552 -0.0181229 -0.000171748 0.000460285 -0.0181229 0.0892403 
0.00992667 -0.0181864 9.54488e-05 -0.0001534 -0.0181864 0.0893537 -0.000146582 0.000415884 9.54488e-05 -0.000146582 0.00987895 -0.0181523 -0.0001534 0.000415884 -0.0181523 0.089248 
0.00994723 -0.018198 0.000105604 -0.000166923 -0.018198 0.0893445 -0.00016011 0.000446263 0.000105604 -0.00016011 0.00987569 -0.0181844 -0.000166923 0.000446263 -0.0181844 0.0893275 
0.00994488 -0.0182283 0.000115757 -0.000190658 -0.0182283 0.0894052 -0.000190658 0.000520906 0.000115757 -0.000190658 0.00987679 -0.0181772 -0.000190658 0.000520906 -0.0181772 0.0893473 
0.00993714 -0.018238 0.000129541 -0.000190902 -0.018238 0.0894615 -0.000190902 0.000548844 0.000129541 -0.000190902 0.00988941 -0.0181868 -0.000190902 0.000548844 -0.0181868 0.0893865 
0.00992721 -0.0182198 0.000153566 -0.000225231 -0.0182198 0.0894404 -0.000225231 0.000624503 0.000153566 -0.000225231 0.00989308 -0.0182061 -0.000225231 0.000624503 -0.0182061 0.0894234 
0.00991192 -0.0182077 0.000129836 -0.000215254 -0.0182077 0.0894225 -0.000215254 0.000601343 0.000129836 -0.000215254 0.00989825 -0.0182111 -0.000215254 0.000601343 -0.0182111 0.0894635 
0.00990705 -0.0182068 0.000112852 -0.000184667 -0.0182068 0.0894199 -0.000191507 0.000557421 0.000112852 -0.000191507 0.00992415 -0.0182205 -0.000184667 0.000557421 -0.0182205 0.0894918 
0.009952 -0.0181923 0.000116398 -0.000154056 -0.0181923 0.0894105 -0.000157479 0.000462167 0.000116398 -0.000157479 0.00988353 -0.0182334 -0.000154056 0.000462167 -0.0182334 0.0895201 
0.00998048 -0.0182486 0.000133301 -0.000184571 -0.0182486 0.0894723 -0.000184571 0.00048877 0.000133301 -0.000184571 0.00986427 -0.0181939 -0.000184571 0.00048877 -0.0181939 0.0894586 
0.00998582 -0.0182703 0.000150317 -0.000225475 -0.0182703 0.0895479 -0.000222059 0.000591019 0.000150317 -0.000222059 0.00986625 -0.0181747 -0.000225475 0.000591019 -0.0181747 0.0893975 
0.00997239 -0.0182793 0.000129689 -0.00021501 -0.0182793 0.0895809 -0.000211598 0.000590426 0.000129689 -0.000211598 0.00989048 -0.0181803 -0.00021501 0.000590426 -0.0181803 0.0893932 
0.00995619 -0.0182667 0.000105844 -0.000174131 -0.0182667 0.0895682 -0.000170717 0.000505321 0.000105844 -0.000170717 0.00992888 -0.0182223 -0.000174131 0.000505321 -0.0182223 0.0894862 
0.00995122 -0.0182536 8.19311e-05 -0.000146793 -0.0182536 0.0895541 -0.000143379 0.000413069 8.19311e-05 -0.000143379 0.00995463 -0.0182638 -0.000146793 0.000413069 -0.0182638 0.0895848 
0.00996047 -0.0182466 7.17564e-05 -0.000126428 -0.0182466 0.0895246 -0.000129845 0.000375867 7.17564e-05 -0.000129845 0.00996047 -0.0183047 -0.000126428 0.000375867 -0.0183047 0.0896954 
0.00997129 -0.0182739 7.49209e-05 -0.000132814 -0.0182739 0.0895782 -0.000129409 0.000371199 7.49209e-05 -0.000129409 0.00998491 -0.0183079 -0.000132814 0.000371199 -0.0183079 0.0897518 
0.00995853 -0.0182926 5.80175e-05 -0.000126273 -0.0182926 0.0896336 -0.000129686 0.000365169 5.80175e-05 -0.000129686 0.0100166 -0.0183301 -0.000126273 0.000365169 -0.0183301 0.0897736 
0.00994295 -0.0182515 6.48305e-05 -0.000116012 -0.0182515 0.0895684 -0.000126249 0.00036851 6.48305e-05 -0.000126249 0.0100317 -0.0183777 -0.000116012 0.00036851 -0.0183777 0.0898823 
0.00998819 -0.0182395 9.55481e-05 -0.00012626 -0.0182395 0.0895354 -0.000136497 0.00037878 9.55481e-05 -0.000136497 0.00998478 -0.018393 -0.00012626 0.00037878 -0.018393 0.089921 
0.0100152 -0.0182693 0.000130201 -0.000171317 -0.0182693 0.0895407 -0.000181596 0.000459131 0.000130201 -0.000181596 0.00991928 -0.0183344 -0.000171317 0.000459131 -0.0183344 0.0898491 
0.0100067 -0.0183143 0.000143588 -0.000211964 -0.0183143 0.0896367 -0.00022222 0.000560678 0.000143588 -0.00022222 0.00991443 -0.0182528 -0.000211964 0.000560678 -0.0182528 0.0896743 
0.0100067 -0.0183195 0.000133195 -0.000225408 -0.0183195 0.0897019 -0.000218577 0.000604502 0.000133195 -0.000218577 0.00991793 -0.0182307 -0.000225408 0.000604502 -0.0182307 0.0895448 
0.0100265 -0.0183247 0.000129286 -0.000204136 -0.0183247 0.0897316 -0.000200734 0.000588594 0.000129286 -0.000200734 0.00990402 -0.0182192 -0.000204136 0.000588594 -0.0182192 0.089473 
0.0100399 -0.0183301 0.000139019 -0.000210224 -0.0183301 0.0897079 -0.000213614 0.000593373 0.000139019 -0.000213614 0.00989068 -0.0182216 -0.000210224 0.000593373 -0.0182216 0.0894739 
0.0100193 -0.0183417 0.000121692 -0.00019944 -0.0183417 0.0897343 -0.00020282 0.000561135 0.000121692 -0.00020282 0.00993479 -0.0182301 -0.00019944 0.000561135 -0.0182301 0.0895247 
0.0099945 -0.0183176 0.000108049 -0.000189085 -0.0183176 0.0897175 -0.000195838 0.00054362 0.000108049 -0.000195838 0.00997086 -0.0182805 -0.000189085 0.00054362 -0.0182805 0.0896162 
0.00997379 -0.0182932 0.000101704 -0.000193238 -0.0182932 0.0896726 -0.000189848 0.000552593 0.000101704 -0.000189848 0.00997718 -0.0183237 -0.000193238 0.000552593 -0.0183237 0.089737 
0.00994747 -0.0182597 8.49921e-05 -0.000163185 -0.0182597 0.0895817 -0.000159785 0.000482755 8.49921e-05 -0.000159785 0.00998147 -0.0183447 -0.000163185 0.000482755 -0.0183447 0.0898162 
0.0099609 -0.0182577 7.82715e-05 -0.000119109 -0.0182577 0.0895902 -0.000119109 0.000360729 7.82715e-05 -0.000119109 0.0099609 -0.0183121 -0.000119109 0.000360729 -0.0183121 0.089774 
0.0099226 -0.0182262 5.80669e-05 -0.000119549 -0.0182262 0.0894879 -0.000126381 0.000331323 5.80669e-05 -0.000126381 0.00996359 -0.018315 -0.000119549 0.000331323 -0.018315 0.0897714 
0.00991526 -0.0181945 5.81841e-05 -0.000102678 -0.0181945 0.0893982 -0.000112946 0.000325146 5.81841e-05 -0.000112946 0.00995291 -0.0183075 -0.000102678 0.000325146 -0.0183075 0.0897404 
0.00990024 -0.018163 7.5522e-05 -0.000144178 -0.018163 0.0892841 -0.000147611 0.000418804 7.5522e-05 -0.000147611 0.0099277 -0.0182935 -0.000144178 0.000418804 -0.0182935 0.0897132 
0.00991759 -0.0181862 7.83595e-05 -0.000143091 -0.0181862 0.089323 -0.000143091 0.000432681 7.83595e-05 -0.000143091 0.0099244 -0.0182271 -0.000143091 0.000432681 -0.0182271 0.0895683 
0.00993251 -0.0181897 7.15059e-05 -0.000132797 -0.0181897 0.0893449 -0.000119177 0.000381365 7.15059e-05 -0.000119177 0.00990868 -0.0182374 -0.000132797 0.000381365 -0.0182374 0.0895118 
0.00997404 -0.0182626 7.78429e-05 -9.81497e-05 -0.0182626 0.0895295 -9.81497e-05 0.000291065 7.78429e-05 -9.81497e-05 0.00992666 -0.0182118 -9.81497e-05 0.000291065 -0.0182118 0.0894753 
0.00998769 -0.0182972 0.000111878 -0.000145781 -0.0182972 0.089635 -0.000149171 0.000383099 0.000111878 -0.000149171 0.0099504 -0.0182531 -0.000145781 0.000383099 -0.0182531 0.0895299 
0.00998569 -0.0183162 9.85654e-05 -0.00016994 -0.0183162 0.0897115 -0.00016994 0.000445244 9.85654e-05 -0.00016994 0.00997889 -0.0182856 -0.00016994 0.000445244 -0.0182856 0.0896503 
0.0099677 -0.0182933 9.49951e-05 -0.000196776 -0.0182933 0.089672 -0.000200168 0.000563185 9.49951e-05 -0.000200168 0.0100186 -0.018351 -0.000196776 0.000563185 -0.018351 0.0898247 
0.00993444 -0.0182511 9.5164e-05 -0.000200524 -0.0182511 0.0895697 -0.000200524 0.000604971 9.5164e-05 -0.000200524 0.0100466 -0.018404 -0.000200524 0.000604971 -0.018404 0.0899605 
0.00994255 -0.0182189 0.000105627 -0.000180588 -0.0182189 0.0894864 -0.000187402 0.000575837 0.000105627 -0.000187402 0.0100243 -0.0184268 -0.000180588 0.000575837 -0.0184268 0.090052 
0.00999375 -0.01824 0.000105808 -0.000160419 -0.01824 0.0895137 -0.000167245 0.000501736 0.000105808 -0.000167245 0.00997327 -0.0183936 -0.000160419 0.000501736 -0.0183936 0.0900223 
0.0100243 -0.0183314 0.000102011 -0.000166618 -0.0183314 0.0896884 -0.000166618 0.000476053 0.000102011 -0.000166618 0.00996311 -0.0183076 -0.000166618 0.000476053 -0.0183076 0.0898312 
0.0100501 -0.0183715 9.15186e-05 -0.000145752 -0.0183715 0.0898408 -0.000145752 0.000420308 9.15186e-05 -0.000145752 0.0099857 -0.0183003 -0.000145752 0.000420308 -0.0183003 0.0897458 
0.0100616 -0.0183712 9.15e-05 -0.000142333 -0.0183712 0.0898564 -0.000135556 0.000386333 9.15e-05 -0.000135556 0.00999722 -0.0183474 -0.000142333 0.000386333 -0.0183474 0.0898191 
0.0100909 -0.0183915 9.77735e-05 -0.000128117 -0.0183915 0.0899044 -0.000131488 0.000354007 9.77735e-05 -0.000131488 0.0100134 -0.018378 -0.000128117 0.000354007 -0.018378 0.0899314 
0.0101224 -0.0184414 0.000111235 -0.000155054 -0.0184414 0.0900158 -0.000158425 0.000397748 0.000111235 -0.000158425 0.010028 -0.0184009 -0.000155054 0.000397748 -0.0184009 0.0900057 
0.0101847 -0.0184891 0.000127813 -0.000178265 -0.0184891 0.090145 -0.000178265 0.000480979 0.000127813 -0.000178265 0.00999966 -0.0184084 -0.000178265 0.000480979 -0.0184084 0.0900272 
0.0102257 -0.0185574 0.000157836 -0.000221642 -0.0185574 0.0902921 -0.000225 0.000594403 0.000157836 -0.000225 0.00997723 -0.0183828 -0.000221642 0.000594403 -0.0183828 0.0899999 
0.0102139 -0.0185985 0.000143811 -0.000254178 -0.0185985 0.0904071 -0.000254178 0.000688956 0.000143811 -0.000254178 0.0100099 -0.018361 -0.000254178 0.000688956 -0.018361 0.089969 
0.0101745 -0.0185721 0.000137721 -0.000262005 -0.0185721 0.0903784 -0.000265364 0.000762502 0.000137721 -0.000265364 0.0100167 -0.0183941 -0.000262005 0.000762502 -0.0183941 0.0899887 
0.0101765 -0.0185374 0.000117901 -0.000225696 -0.0185374 0.0903459 -0.000222328 0.000690564 0.000117901 -0.000222328 0.00999128 -0.0183993 -0.000225696 0.000690564 -0.0183993 0.0900192 
0.0101784 -0.0185618 0.000124373 -0.000198324 -0.0185618 0.0903853 -0.000198324 0.000611779 0.000124373 -0.000198324 0.010007 -0.0183702 -0.000198324 0.000611779 -0.0183702 0.0899853 
0.0101588 -0.0185589 0.00011097 -0.000178225 -0.0185589 0.0904004 -0.000188313 0.000531312 0.00011097 -0.000188313 0.010068 -0.0183975 -0.000178225 0.000531312 -0.0183975 0.0900372 
0.0101239 -0.0185263 0.000110956 -0.000184927 -0.0185263 0.0903451 -0.000191651 0.000531244 0.000110956 -0.000191651 0.0101105 -0.0184624 -0.000184927 0.000531244 -0.0184624 0.0901434 
0.0100827 -0.0184602 8.79701e-05 -0.000196241 -0.0184602 0.0901761 -0.000192858 0.000551505 8.79701e-05 -0.000192858 0.010103 -0.0185245 -0.000196241 0.000551505 -0.0185245 0.0902708 
0.0100678 -0.0184215 8.4518e-05 -0.000179178 -0.0184215 0.0900522 -0.000179178 0.000554438 8.4518e-05 -0.000179178 0.0101016 -0.018523 -0.000179178 0.000554438 -0.018523 0.0903464 
0.0100677 -0.0183906 7.42508e-05 -0.000155252 -0.0183906 0.0899346 -0.000155252 0.00048263 7.42508e-05 -0.000155252 0.0101049 -0.0185323 -0.000155252 0.00048263 -0.0185323 0.0903903 
0.0100845 -0.0184136 5.72794e-05 -0.000104451 -0.0184136 0.0899556 -0.000101081 0.000347046 5.72794e-05 -0.000101081 0.010125 -0.0185349 -0.000104451 0.000347046 -0.0185349 0.0903969 
0.0101547 -0.0184179 0.000100975 -0.000117804 -0.0184179 0.089952 -0.000124536 0.000346681 0.000100975 -0.000124536 0.0100605 -0.0185458 -0.000117804 0.000346681 -0.0185458 0.0904064 
0.0102152 -0.0185133 0.000121288 -0.000158348 -0.0185133 0.090117 -0.000161717 0.000400924 0.000121288 -0.000161717 0.00999953 -0.0184627 -0.000158348 0.000400924 -0.0184627 0.0902855 
0.0102318 -0.0185595 0.000138176 -0.00022243 -0.0185595 0.0902495 -0.00021906 0.000559446 0.000138176 -0.00021906 0.00995882 -0.0183977 -0.00022243 0.000559446 -0.0183977 0.0901113 
0.0102195 -0.0185898 0.000142502 -0.000230718 -0.0185898 0.0903465 -0.000230718 0.000631082 0.000142502 -0.000230718 0.00992088 -0.0183319 -0.000230718 0.000631082 -0.0183319 0.0899292 
0.0102008 -0.0185737 0.000152605 -0.000237386 -0.0185737 0.0903693 -0.000230603 0.000664679 0.000152605 -0.000230603 0.00990915 -0.0182753 -0.000237386 0.000664679 -0.0182753 0.089769 
0.0101538 -0.0185099 0.000166511 -0.000275253 -0.0185099 0.0902217 -0.000265058 0.000744202 0.000166511 -0.000265058 0.0099125 -0.018289 -0.000275253 0.000744202 -0.018289 0.0897562 
0.0101551 -0.0185034 0.000159629 -0.000244538 -0.0185034 0.0901903 -0.000241141 0.00069965 0.000159629 -0.000241141 0.00991057 -0.018269 -0.000244538 0.00069965 -0.018269 0.0897046 
0.0101895 -0.0185134 0.000169598 -0.000200126 -0.0185134 0.0902298 -0.000203518 0.000566459 0.000169598 -0.000203518 0.00989437 -0.0182624 -0.000200126 0.000566459 -0.0182624 0.0896667 
0.0101781 -0.0185583 0.000153234 -0.000214527 -0.0185583 0.0903092 -0.000231553 0.000561857 0.000153234 -0.000231553 0.00990571 -0.0182348 -0.000214527 0.000561857 -0.0182348 0.0896043 
0.0101715 -0.0185294 0.000177609 -0.000242505 -0.0185294 0.0902834 -0.000259582 0.000666034 0.000177609 -0.000259582 0.00989145 -0.0182493 -0.000242505 0.000666034 -0.0182493 0.0896037 
0.0101195 -0.0184865 0.000177296 -0.000279582 -0.0184865 0.0901516 -0.000289811 0.000750098 0.000177296 -0.000289811 0.00991493 -0.0182512 -0.000279582 0.000750098 -0.0182512 0.0896367 
0.0101215 -0.0184489 0.000189566 -0.000270809 -0.0184489 0.0900644 -0.000270809 0.00075488 0.000189566 -0.000270809 0.00994885 -0.0182796 -0.000270809 0.00075488 -0.0182796 0.0896886 
0.0100828 -0.0184417 0.000145637 -0.000257405 -0.0184417 0.090014 -0.000254019 0.000707865 0.000145637 -0.000254019 0.00998124 -0.0183029 -0.000257405 0.000707865 -0.0183029 0.0897397 
0.0100336 -0.0184017 0.000111937 -0.000213697 -0.0184017 0.0899359 -0.000213697 0.000624131 0.000111937 -0.000213697 0.0100132 -0.0183406 -0.000213697 0.000624131 -0.0183406 0.08979 
0.0100633 -0.0183439 0.000131922 -0.000175896 -0.0183439 0.089822 -0.000175896 0.000527688 0.000131922 -0.000175896 0.00997534 -0.0183811 -0.000175896 0.000527688 -0.0183811 0.0898965 
0.0100884 -0.0183535 0.000162062 -0.000226211 -0.0183535 0.0897553 -0.000226211 0.000594227 0.000162062 -0.000226211 0.00994318 -0.0183636 -0.000226211 0.000594227 -0.0183636 0.0899208 
0.0101261 -0.018417 0.000172374 -0.000239972 -0.018417 0.0898712 -0.000243352 0.000642178 0.000172374 -0.000243352 0.00990306 -0.0183021 -0.000239972 0.000642178 -0.0183021 0.0898137 
0.0101109 -0.0184448 0.000175665 -0.000270254 -0.0184448 0.0899506 -0.00027701 0.000733064 0.000175665 -0.00027701 0.00990818 -0.0182624 -0.000270254 0.000733064 -0.0182624 0.0897277 
0.0101127 -0.018454 0.000161966 -0.000232826 -0.018454 0.0900462 -0.000232826 0.000647863 0.000161966 -0.000232826 0.00991028 -0.0182616 -0.000232826 0.000647863 -0.0182616 0.0896615 
0.0101001 -0.0184514 0.000135299 -0.000213096 -0.0184514 0.0900552 -0.000209714 0.000571639 0.000135299 -0.000209714 0.00993773 -0.0182722 -0.000213096 0.000571639 -0.0182722 0.0896966 
0.01006 -0.0184274 0.000108757 -0.000193723 -0.0184274 0.0900165 -0.000190324 0.000533587 0.000108757 -0.000190324 0.00996822 -0.0183085 -0.000193723 0.000533587 -0.0183085 0.0897548 
