0.00781489 0 0.000211092 0 0 0.00998868 0 0 0.000211092 0 0.00686722 0 0 0 0 0.00998868 
0.0109256 -0.0135496 0.000237425 -0.000298828 -0.0135496 0.0351675 -0.000298828 0.000569001 0.000237425 -0.000298828 0.00978353 -0.0121619 -0.000298828 0.000569001 -0.0121619 0.0325067 
0.0108749 -0.0201571 0.000178823 -0.00037844 -0.0201571 0.073592 -0.00037844 0.00125176 0.000178823 -0.00037844 0.0098935 -0.0187432 -0.00037844 0.00125176 -0.0187432 0.0691838 
0.0102873 -0.0195528 0.000170307 -0.000304119 -0.0195528 0.086755 -0.000300064 0.00122864 0.000170307 -0.000300064 0.00926144 -0.0185715 -0.000304119 0.00122864 -0.0185715 0.0838841 
0.0103453 -0.018898 0.000172357 -0.000229809 -0.018898 0.0895605 -0.000233639 0.000754541 0.000172357 -0.000233639 0.00916556 -0.0177604 -0.000229809 0.000754541 -0.0177604 0.0870977 
0.0105477 -0.0189186 0.000193569 -0.000248353 -0.0189186 0.0906123 -0.000255657 0.00061723 0.000193569 -0.000255657 0.00930593 -0.0175673 -0.000248353 0.00061723 -0.0175673 0.0877599 
0.0106976 -0.0190621 0.000234021 -0.000287208 -0.0190621 0.0913143 -0.000290753 0.00068788 0.000234021 -0.000290753 0.0093963 -0.0176509 -0.000287208 0.00068788 -0.0176509 0.0881266 
0.0106833 -0.01916 0.000249415 -0.00034641 -0.01916 0.091674 -0.000342946 0.000848705 0.000249415 -0.000342946 0.0095055 -0.017705 -0.00034641 0.000848705 -0.017705 0.0883173 
0.0106997 -0.0191379 0.000241091 -0.000346357 -0.0191379 0.0917642 -0.000342961 0.000910036 0.000241091 -0.000342961 0.00955537 -0.0177966 -0.000346357 0.000910036 -0.0177966 0.0884704 
0.0106972 -0.0191419 0.000218515 -0.000332816 -0.0191419 0.0917563 -0.000329454 0.000887508 0.000218515 -0.000329454 0.00959786 -0.0178645 -0.000332816 0.000887508 -0.0178645 0.0886365 
0.0106716 -0.0191249 0.000197995 -0.000305381 -0.0191249 0.091705 -0.000315449 0.000865807 0.000197995 -0.000315449 0.00963462 -0.0179403 -0.000305381 0.000865807 -0.0179403 0.0888391 
0.0106457 -0.0191258 0.000191966 -0.000282897 -0.0191258 0.0917091 -0.000282897 0.00078807 0.000191966 -0.000282897 0.00964544 -0.0179741 -0.000282897 0.00078807 -0.0179741 0.0889677 
0.0106299 -0.0190851 0.000176149 -0.000264224 -0.0190851 0.0916485 -0.000264224 0.00071476 0.000176149 -0.000264224 0.00962724 -0.0179977 -0.000264224 0.00071476 -0.0179977 0.0890638 
0.0106065 -0.0190538 0.00017937 -0.000263978 -0.0190538 0.0915463 -0.000257209 0.000697173 0.00017937 -0.000257209 0.00961151 -0.0179674 -0.000263978 0.000697173 -0.0179674 0.0890486 
0.0105869 -0.0190341 0.000178867 -0.000256488 -0.0190341 0.0914853 -0.000253113 0.000688468 0.000178867 -0.000253113 0.00965205 -0.0179677 -0.000256488 0.000688468 -0.0179677 0.0890588 
0.0105599 -0.0190105 0.000185913 -0.00028056 -0.0190105 0.0914422 -0.00028732 0.000757174 0.000185913 -0.00028732 0.00965735 -0.0179795 -0.00028056 0.000757174 -0.0179795 0.0890254 
0.0105385 -0.0189889 0.000182749 -0.000280891 -0.0189889 0.091398 -0.000284276 0.000774989 0.000182749 -0.000284276 0.00964506 -0.0179804 -0.000280891 0.000774989 -0.0179804 0.0890155 
0.010509 -0.0189583 0.000169664 -0.000257889 -0.0189583 0.09132 -0.000261283 0.000712589 0.000169664 -0.000261283 0.00965049 -0.017964 -0.000257889 0.000712589 -0.017964 0.088982 
0.0104505 -0.0189096 0.000138619 -0.000223143 -0.0189096 0.0912112 -0.000216381 0.000618714 0.000138619 -0.000216381 0.00969318 -0.0179664 -0.000223143 0.000618714 -0.0179664 0.0889764 
0.0104236 -0.0188473 0.000127938 -0.000202007 -0.0188473 0.0910918 -0.000202007 0.00056562 0.000127938 -0.000202007 0.00973338 -0.0180258 -0.000202007 0.00056562 -0.0180258 0.0890717 
0.0104549 -0.0188182 0.000138097 -0.000205461 -0.0188182 0.0909755 -0.000198725 0.000552388 0.000138097 -0.000198725 0.00971394 -0.0180772 -0.000205461 0.000552388 -0.0180772 0.0892072 
0.0104684 -0.0188593 0.000138497 -0.000216191 -0.0188593 0.0910028 -0.000212813 0.000587768 0.000138497 -0.000212813 0.00969142 -0.0180587 -0.000216191 0.000587768 -0.0180587 0.0892259 
0.0104933 -0.0188859 0.000169138 -0.000240176 -0.0188859 0.0910942 -0.000236793 0.000646106 0.000169138 -0.000236793 0.00964085 -0.018003 -0.000240176 0.000646106 -0.018003 0.0891187 
0.0105133 -0.0189063 0.000196447 -0.000270961 -0.0189063 0.0911514 -0.000270961 0.000711274 0.000196447 -0.000270961 0.00959542 -0.0179478 -0.000270961 0.000711274 -0.0179478 0.0889803 
0.0105385 -0.0189259 0.000193087 -0.000277774 -0.0189259 0.0912013 -0.000277774 0.00072831 0.000193087 -0.000277774 0.0095561 -0.0179029 -0.000277774 0.00072831 -0.0179029 0.0888809 
0.0105606 -0.0189717 0.000196949 -0.000264863 -0.0189717 0.0912928 -0.000264863 0.00069951 0.000196949 -0.000264863 0.00951809 -0.0178477 -0.000264863 0.00069951 -0.0178477 0.0887359 
0.0106224 -0.0189993 0.000227598 -0.000278552 -0.0189993 0.0913992 -0.000275155 0.000709969 0.000227598 -0.000275155 0.00946059 -0.0178036 -0.000278552 0.000709969 -0.0178036 0.0886069 
0.0106592 -0.0190635 0.000217674 -0.000285698 -0.0190635 0.0915117 -0.000285698 0.000710843 0.000217674 -0.000285698 0.00942463 -0.0177303 -0.000285698 0.000710843 -0.0177303 0.0884541 
0.0106136 -0.0190922 0.000214519 -0.000299646 -0.0190922 0.0915827 -0.000306456 0.000769545 0.000214519 -0.000306456 0.00945247 -0.0176927 -0.000299646 0.000769545 -0.0176927 0.0883445 
0.0105595 -0.0190438 0.000193596 -0.000281903 -0.0190438 0.0915507 -0.000281903 0.000740421 0.000193596 -0.000281903 0.00952019 -0.0177294 -0.000281903 0.000740421 -0.0177294 0.0883513 
0.0104908 -0.0189666 0.00019609 -0.000283992 -0.0189666 0.0913879 -0.000283992 0.000764074 0.00019609 -0.000283992 0.00960163 -0.0178137 -0.000283992 0.000764074 -0.0178137 0.088521 
0.010437 -0.018886 0.000185953 -0.000260334 -0.018886 0.0911845 -0.000263715 0.000720144 0.000185953 -0.000263715 0.00968307 -0.0179428 -0.000260334 0.000720144 -0.0179428 0.0888077 
0.0104127 -0.0188358 0.000171694 -0.000249125 -0.0188358 0.0910483 -0.000252491 0.000676677 0.000171694 -0.000252491 0.00972933 -0.0180043 -0.000249125 0.000676677 -0.0180043 0.0889914 
0.010393 -0.0187965 0.000175637 -0.000260077 -0.0187965 0.0909358 -0.000266832 0.000699168 0.000175637 -0.000266832 0.00971743 -0.01805 -0.000260077 0.000699168 -0.01805 0.0891254 
0.0103959 -0.018801 0.000151838 -0.000236193 -0.018801 0.0909039 -0.000236193 0.000644469 0.000151838 -0.000236193 0.00972102 -0.0180485 -0.000236193 0.000644469 -0.0180485 0.0891864 
0.0104253 -0.018808 0.000137972 -0.000218737 -0.018808 0.090944 -0.000215371 0.000605732 0.000137972 -0.000215371 0.00970854 -0.0180407 -0.000218737 0.000605732 -0.0180407 0.0891537 
0.0104577 -0.0188299 0.000131184 -0.000211912 -0.0188299 0.0909877 -0.000208548 0.000598736 0.000131184 -0.000208548 0.00965714 -0.0180125 -0.000211912 0.000598736 -0.0180125 0.0890838 
0.0105028 -0.0188841 0.000127959 -0.000198674 -0.0188841 0.0910937 -0.000198674 0.000565716 0.000127959 -0.000198674 0.00960706 -0.0179547 -0.000198674 0.000565716 -0.0179547 0.0889689 
0.0105449 -0.0189264 0.000141091 -0.000181403 -0.0189264 0.0912087 -0.000181403 0.000503897 0.000141091 -0.000181403 0.00958076 -0.0179186 -0.000181403 0.000503897 -0.0179186 0.0889076 
0.0105102 -0.0189495 0.000152273 -0.000223334 -0.0189495 0.0912386 -0.000226717 0.000571869 0.000152273 -0.000226717 0.00958304 -0.0178971 -0.000223334 0.000571869 -0.0178971 0.0888529 
0.0104775 -0.0189382 0.000145757 -0.00022372 -0.0189382 0.0912743 -0.00022372 0.000596586 0.000145757 -0.00022372 0.00961317 -0.017884 -0.00022372 0.000596586 -0.017884 0.0888099 
0.0104465 -0.0188925 0.000145796 -0.000237343 -0.0188925 0.0912109 -0.000233952 0.000647607 0.000145796 -0.000233952 0.00965307 -0.0179194 -0.000237343 0.000647607 -0.0179194 0.088851 
0.0104241 -0.0188408 0.000152846 -0.000234364 -0.0188408 0.0910758 -0.000224174 0.000641953 0.000152846 -0.000224174 0.00966666 -0.0179713 -0.000234364 0.000641953 -0.0179713 0.0889598 
0.0104393 -0.0188281 0.000149376 -0.000227459 -0.0188281 0.0910208 -0.000213879 0.000621268 0.000149376 -0.000213879 0.00965851 -0.0179896 -0.000227459 0.000621268 -0.0179896 0.0890076 
0.010462 -0.0188567 0.000125598 -0.000203673 -0.0188567 0.0910588 -0.000203673 0.000570284 0.000125598 -0.000203673 0.00966088 -0.0179707 -0.000203673 0.000570284 -0.0179707 0.0889949 
0.0104533 -0.0188843 0.000121943 -0.000179528 -0.0188843 0.0911086 -0.000193077 0.000525034 0.000121943 -0.000193077 0.0096945 -0.0179731 -0.000179528 0.000525034 -0.0179731 0.0889848 
0.0104836 -0.0188778 0.000117944 -0.000178602 -0.0188778 0.0911542 -0.000185341 0.000495366 0.000117944 -0.000185341 0.00969503 -0.0179983 -0.000178602 0.000495366 -0.0179983 0.089011 
0.0104947 -0.0188939 0.000138133 -0.000212253 -0.0188939 0.0911305 -0.000215622 0.000569376 0.000138133 -0.000215622 0.00969287 -0.018028 -0.000212253 0.000569376 -0.018028 0.0890922 
0.0105226 -0.0188982 0.000178922 -0.000256567 -0.0188982 0.0911319 -0.000249815 0.000678552 0.000178922 -0.000249815 0.00963814 -0.0180238 -0.000256567 0.000678552 -0.0180238 0.0891131 
0.0105462 -0.018965 0.000185732 -0.000270156 -0.018965 0.0912756 -0.000266779 0.000712537 0.000185732 -0.000266779 0.00960068 -0.0179384 -0.000270156 0.000712537 -0.0179384 0.0889523 
0.010569 -0.0190087 0.000185599 -0.000269962 -0.0190087 0.0914328 -0.000269962 0.000728897 0.000185599 -0.000269962 0.00957015 -0.0178715 -0.000269962 0.000728897 -0.0178715 0.0887534 
0.0104857 -0.0190177 0.000169287 -0.000264088 -0.0190177 0.0914828 -0.000264088 0.000724549 0.000169287 -0.000264088 0.00963583 -0.017853 -0.000264088 0.000724549 -0.017853 0.0886693 
0.0104284 -0.0189064 0.000135215 -0.000223104 -0.0189064 0.0913138 -0.000226484 0.000632128 0.000135215 -0.000226484 0.00970165 -0.0179531 -0.000223104 0.000632128 -0.0179531 0.0888225 
0.0103887 -0.0188196 0.000107829 -0.000188701 -0.0188196 0.0910855 -0.000185332 0.000535777 0.000107829 -0.000185332 0.0097653 -0.0180412 -0.000188701 0.000535777 -0.0180412 0.0890604 
0.0103398 -0.0187779 0.000124983 -0.000212809 -0.0187779 0.0909134 -0.000212809 0.000594514 0.000124983 -0.000212809 0.00979597 -0.0180989 -0.000212809 0.000594514 -0.0180989 0.0892143 
0.0103289 -0.0187586 0.000111317 -0.000178782 -0.0187586 0.0908818 -0.000178782 0.000519479 0.000111317 -0.000178782 0.00982962 -0.0181244 -0.000178782 0.000519479 -0.0181244 0.0893132 
0.0103593 -0.0187224 0.000118411 -0.000179308 -0.0187224 0.0907974 -0.000186074 0.000507475 0.000118411 -0.000186074 0.00979427 -0.0181778 -0.000179308 0.000507475 -0.0181778 0.089434 
0.0103798 -0.0187399 0.000128564 -0.000226678 -0.0187399 0.0907593 -0.000216529 0.00060222 0.000128564 -0.000216529 0.0097607 -0.0181478 -0.000226678 0.00060222 -0.0181478 0.0894534 
0.0103854 -0.018754 0.000142358 -0.000223706 -0.018754 0.0907738 -0.000216927 0.000623665 0.000142358 -0.000216927 0.00973121 -0.0181066 -0.000223706 0.000623665 -0.0181066 0.0893706 
0.010338 -0.0187518 0.00014278 -0.000234568 -0.0187518 0.0907437 -0.000231168 0.000645911 0.00014278 -0.000231168 0.00973626 -0.0180719 -0.000234568 0.000645911 -0.0180719 0.0892718 
0.0103143 -0.0187106 0.000125166 -0.00021312 -0.0187106 0.0906944 -0.00021312 0.000598766 0.000125166 -0.00021312 0.00976293 -0.0180678 -0.00021312 0.000598766 -0.0180678 0.0892263 
0.010306 -0.0186824 0.000118072 -0.000202409 -0.0186824 0.0906254 -0.000202409 0.00057012 0.000118072 -0.000202409 0.00978312 -0.0180954 -0.000202409 0.00057012 -0.0180954 0.089249 
0.0103172 -0.0186763 0.000114785 -0.00017893 -0.0186763 0.0906028 -0.00017893 0.00051991 0.000114785 -0.00017893 0.00977026 -0.0181091 -0.00017893 0.00051991 -0.0181091 0.0892828 
0.0102966 -0.0187115 0.000118663 -0.000203423 -0.0187115 0.0906656 -0.000203423 0.000562803 0.000118663 -0.000203423 0.00976769 -0.0180775 -0.000203423 0.000562803 -0.0180775 0.0892179 
0.0102744 -0.0186936 0.000115519 -0.000207254 -0.0186936 0.0907025 -0.000203856 0.000587786 0.000115519 -0.000203856 0.00977831 -0.0180719 -0.000207254 0.000587786 -0.0180719 0.0891871 
0.0102665 -0.0186573 0.000105524 -0.000177008 -0.0186573 0.0906417 -0.000173604 0.000507196 0.000105524 -0.000173604 0.0097865 -0.0180957 -0.000177008 0.000507196 -0.0180957 0.0892257 
0.0102742 -0.0186363 0.000116093 -0.000184383 -0.0186363 0.0905456 -0.000184383 0.000512174 0.000116093 -0.000184383 0.00975521 -0.0181037 -0.000184383 0.000512174 -0.0181037 0.0892549 
0.0103075 -0.0186522 0.000126075 -0.000190816 -0.0186522 0.0905454 -0.000187408 0.000524743 0.000126075 -0.000187408 0.00972138 -0.0180593 -0.000190816 0.000524743 -0.0180593 0.0891859 
0.0103008 -0.018675 0.000122103 -0.000186547 -0.018675 0.0905634 -0.000196722 0.000525723 0.000122103 -0.000196722 0.00974114 -0.0180306 -0.000186547 0.000525723 -0.0180306 0.0891287 
0.0102806 -0.0186757 0.000115094 -0.000179411 -0.0186757 0.0905857 -0.000182796 0.000507767 0.000115094 -0.000182796 0.00976944 -0.0180427 -0.000179411 0.000507767 -0.0180427 0.0890996 
0.0102492 -0.0186612 0.000112069 -0.000193573 -0.0186612 0.0905788 -0.000193573 0.00052978 0.000112069 -0.000193573 0.00977376 -0.0180567 -0.000193573 0.00052978 -0.0180567 0.0890811 
0.0102238 -0.0186024 0.000119159 -0.000214486 -0.0186024 0.0904588 -0.000214486 0.000592391 0.000119159 -0.000214486 0.00976083 -0.0180747 -0.000214486 0.000592391 -0.0180747 0.0891276 
0.0101844 -0.0185625 0.000108851 -0.000204096 -0.0185625 0.0903531 -0.000200694 0.000591877 0.000108851 -0.000200694 0.00977958 -0.0180659 -0.000204096 0.000591877 -0.0180659 0.0891421 
0.010159 -0.0185144 0.000129067 -0.00021398 -0.0185144 0.0902147 -0.000210584 0.000618165 0.000129067 -0.000210584 0.00979553 -0.0181034 -0.00021398 0.000618165 -0.0181034 0.0892229 
0.0101353 -0.0185153 0.00012199 -0.000196539 -0.0185153 0.0901944 -0.00019315 0.000562508 0.00012199 -0.00019315 0.00984389 -0.0181087 -0.000196539 0.000562508 -0.0181087 0.089249 
0.0101024 -0.0184917 0.000125264 -0.000192974 -0.0184917 0.0901732 -0.000192974 0.000541682 0.000125264 -0.000192974 0.00989925 -0.0181599 -0.000192974 0.000541682 -0.0181599 0.0893336 
0.0101497 -0.0184573 0.000114915 -0.000172372 -0.0184573 0.0901403 -0.000162232 0.000469798 0.000114915 -0.000162232 0.00987927 -0.0182309 -0.000172372 0.000469798 -0.0182309 0.0894914 
0.0102592 -0.0185133 0.000128494 -0.000179215 -0.0185133 0.0901756 -0.000175834 0.000490305 0.000128494 -0.000175834 0.0097892 -0.0182258 -0.000179215 0.000490305 -0.0182258 0.0895704 
0.0102967 -0.0186306 0.000135841 -0.000234326 -0.0186306 0.090375 -0.000234326 0.00061468 0.000135841 -0.000234326 0.0097364 -0.018111 -0.000234326 0.00061468 -0.018111 0.0893833 
0.010289 -0.0186821 0.000126392 -0.00022204 -0.0186821 0.0905616 -0.00022204 0.00063196 0.000126392 -0.00022204 0.00967411 -0.0179955 -0.00022204 0.00063196 -0.0179955 0.089079 
0.0102709 -0.0186613 0.00010941 -0.00018463 -0.0186613 0.0905781 -0.00018463 0.000540213 0.00010941 -0.00018463 0.00966572 -0.0179535 -0.00018463 0.000540213 -0.0179535 0.0889232 
0.0101991 -0.0186285 8.18384e-05 -0.000139807 -0.0186285 0.0905098 -0.000146627 0.000419422 8.18384e-05 -0.000146627 0.00974899 -0.0179533 -0.000139807 0.000419422 -0.0179533 0.0888901 
0.010126 -0.0185233 7.17429e-05 -0.000150318 -0.0185233 0.0902833 -0.000150318 0.000423625 7.17429e-05 -0.000150318 0.00980828 -0.0180553 -0.000150318 0.000423625 -0.0180553 0.0890329 
0.010079 -0.0184348 9.23108e-05 -0.000177784 -0.0184348 0.0900509 -0.000188041 0.000526514 9.23108e-05 -0.000188041 0.00983623 -0.0181203 -0.000177784 0.000526514 -0.0181203 0.089186 
0.0100704 -0.0183844 0.000112537 -0.000180741 -0.0183844 0.0898932 -0.000180741 0.000531993 0.000112537 -0.000180741 0.00983846 -0.0181491 -0.000180741 0.000531993 -0.0181491 0.0892896 
0.0100809 -0.0183906 0.000109204 -0.000167218 -0.0183906 0.0898577 -0.000163806 0.000481179 0.000109204 -0.000163806 0.00983176 -0.0181449 -0.000167218 0.000481179 -0.0181449 0.0893287 
0.0101186 -0.0184157 0.000105544 -0.000160018 -0.0184157 0.0899131 -0.000153209 0.000435794 0.000105544 -0.000153209 0.00981898 -0.0181297 -0.000160018 0.000435794 -0.0181297 0.0893071 
0.01007 -0.0184299 9.53857e-05 -0.000180552 -0.0184299 0.0899249 -0.000177145 0.000480335 9.53857e-05 -0.000177145 0.0098622 -0.0181301 -0.000180552 0.000480335 -0.0181301 0.0893151 
0.0100536 -0.0183861 9.22037e-05 -0.000184407 -0.0183861 0.0898747 -0.000187822 0.000529317 9.22037e-05 -0.000187822 0.00985555 -0.0181744 -0.000184407 0.000529317 -0.0181744 0.089359 
0.0100741 -0.0183713 0.000102518 -0.000184533 -0.0183713 0.0898401 -0.000184533 0.000543346 0.000102518 -0.000184533 0.00982124 -0.0181628 -0.000184533 0.000543346 -0.0181628 0.0893617 
0.0100631 -0.0183841 9.56438e-05 -0.000170792 -0.0183841 0.08983 -0.000170792 0.000495298 9.56438e-05 -0.000170792 0.00982057 -0.0181279 -0.000170792 0.000495298 -0.0181279 0.0893074 
0.010071 -0.0183995 8.55792e-05 -0.000160889 -0.0183995 0.0898753 -0.000160889 0.000462128 8.55792e-05 -0.000160889 0.00979369 -0.018088 -0.000160889 0.000462128 -0.018088 0.089177 
0.0100387 -0.0183985 9.61294e-05 -0.000157927 -0.0183985 0.0898913 -0.000157927 0.000456615 9.61294e-05 -0.000157927 0.00979147 -0.0180517 -0.000157927 0.000456615 -0.0180517 0.0890708 
0.0100307 -0.0183427 9.26225e-05 -0.000161232 -0.0183427 0.0897855 -0.000161232 0.000459682 9.26225e-05 -0.000161232 0.00978711 -0.0180751 -0.000161232 0.000459682 -0.0180751 0.0890994 
0.0100007 -0.0183049 9.27265e-05 -0.000164847 -0.0183049 0.0896459 -0.000164847 0.000467067 9.27265e-05 -0.000164847 0.00980153 -0.0180885 -0.000164847 0.000467067 -0.0180885 0.0891513 
0.0100206 -0.0182868 7.91191e-05 -0.000144478 -0.0182868 0.0895903 -0.000141038 0.000416235 7.91191e-05 -0.000141038 0.00976949 -0.0180839 -0.000144478 0.000416235 -0.0180839 0.0891294 
0.0100129 -0.0183204 7.206e-05 -0.000123531 -0.0183204 0.0896357 -0.000126963 0.0003603 7.206e-05 -0.000126963 0.00976241 -0.0180253 -0.000123531 0.0003603 -0.0180253 0.0890146 
0.0100214 -0.0183321 5.81646e-05 -9.9222e-05 -0.0183321 0.0897035 -0.000102643 0.000290823 5.81646e-05 -0.000102643 0.00977165 -0.0180105 -9.9222e-05 0.000290823 -0.0180105 0.0889268 
0.00998742 -0.0183297 7.883e-05 -0.000133668 -0.0183297 0.0896949 -0.000137096 0.000359876 7.883e-05 -0.000137096 0.00978521 -0.0180178 -0.000133668 0.000359876 -0.0180178 0.0888963 
0.00995114 -0.0182873 9.27765e-05 -0.000151191 -0.0182873 0.0896496 -0.000144319 0.000405468 9.27765e-05 -0.000144319 0.00979995 -0.018033 -0.000151191 0.000405468 -0.018033 0.0889245 
0.00994848 -0.0182469 0.00011982 -0.000174595 -0.0182469 0.0895466 -0.000160901 0.000475856 0.00011982 -0.000160901 0.00981839 -0.0180757 -0.000174595 0.000475856 -0.0180757 0.0890296 
0.0099124 -0.0182259 0.00012695 -0.000205865 -0.0182259 0.0894484 -0.000199003 0.000535249 0.00012695 -0.000199003 0.00983692 -0.0180921 -0.000205865 0.000535249 -0.0180921 0.0890984 
0.00990877 -0.0181952 9.94649e-05 -0.000178351 -0.0181952 0.0894018 -0.000174921 0.000497325 9.94649e-05 -0.000174921 0.00985046 -0.0181198 -0.000178351 0.000497325 -0.0181198 0.0891686 
0.0099375 -0.0182108 0.000102519 -0.000153778 -0.0182108 0.0894375 -0.00016403 0.000475004 0.000102519 -0.00016403 0.00986232 -0.0181322 -0.000153778 0.000475004 -0.0181322 0.0892222 
0.00997614 -0.018256 9.21505e-05 -0.000133106 -0.018256 0.0895361 -0.000139932 0.00038908 9.21505e-05 -0.000139932 0.00984645 -0.0181366 -0.000133106 0.00038908 -0.0181366 0.0892256 
0.0100402 -0.0182774 0.000113119 -0.000174821 -0.0182774 0.08957 -0.000174821 0.000476473 0.000113119 -0.000174821 0.00977626 -0.0181402 -0.000174821 0.000476473 -0.0181402 0.0892513 
0.0100615 -0.0183632 0.000106344 -0.000168092 -0.0183632 0.0897303 -0.000161231 0.000469972 0.000106344 -0.000161231 0.00975277 -0.0180442 -0.000168092 0.000469972 -0.0180442 0.0891231 
0.0100473 -0.0183767 0.000102874 -0.000168027 -0.0183767 0.0898155 -0.000164598 0.00046636 0.000102874 -0.000164598 0.0097627 -0.0180166 -0.000168027 0.00046636 -0.0180166 0.0890097 
0.0100443 -0.0183705 0.000116594 -0.000185179 -0.0183705 0.0898223 -0.000185179 0.000514387 0.000116594 -0.000185179 0.00975964 -0.0180207 -0.000185179 0.000514387 -0.0180207 0.0889513 
0.0100746 -0.0183763 0.000116588 -0.000171453 -0.0183763 0.0898414 -0.000178311 0.000504072 0.000116588 -0.000178311 0.00972139 -0.018006 -0.000171453 0.000504072 -0.018006 0.0889053 
0.0100772 -0.018386 9.28933e-05 -0.000165144 -0.018386 0.0898278 -0.000161703 0.000450705 9.28933e-05 -0.000161703 0.00969875 -0.0179731 -0.000165144 0.000450705 -0.0179731 0.0888611 
0.0100789 -0.0183907 8.61148e-05 -0.00016534 -0.0183907 0.0898488 -0.000158451 0.000468465 8.61148e-05 -0.000158451 0.00967242 -0.0179429 -0.00016534 0.000468465 -0.0179429 0.0887706 
0.0100862 -0.0183919 8.62658e-05 -0.000158729 -0.0183919 0.089851 -0.000151828 0.000458934 8.62658e-05 -0.000151828 0.00964797 -0.0179088 -0.000158729 0.000458934 -0.0179088 0.0886778 
0.0101018 -0.0183931 7.22785e-05 -0.000134231 -0.0183931 0.0898421 -0.000134231 0.000395811 7.22785e-05 -0.000134231 0.00963369 -0.0178769 -0.000134231 0.000395811 -0.0178769 0.0886099 
0.0100885 -0.0183876 8.27492e-05 -0.00013102 -0.0183876 0.0898001 -0.000134467 0.000382715 8.27492e-05 -0.000134467 0.00963339 -0.0178807 -0.00013102 0.000382715 -0.0178807 0.0886141 
0.0101002 -0.0183854 0.000103521 -0.000134578 -0.0183854 0.0898083 -0.000141479 0.000379579 0.000103521 -0.000141479 0.00962059 -0.0178713 -0.000134578 0.000379579 -0.0178713 0.0885937 
0.0100626 -0.0184142 0.000103489 -0.000144885 -0.0184142 0.0898667 -0.000162133 0.000403608 0.000103489 -0.000162133 0.0096521 -0.0178416 -0.000144885 0.000403608 -0.0178416 0.088511 
0.0100515 -0.0183726 0.000110305 -0.000141328 -0.0183726 0.0898258 -0.000144775 0.000375725 0.000110305 -0.000144775 0.00967233 -0.01789 -0.000141328 0.000375725 -0.01789 0.0885711 
0.0100681 -0.0183458 0.000103298 -0.000158391 -0.0183458 0.089749 -0.000161834 0.000406307 0.000103298 -0.000161834 0.00967217 -0.0179291 -0.000158391 0.000406307 -0.0179291 0.0886747 
0.0100503 -0.0183614 0.000103115 -0.000168421 -0.0183614 0.0897445 -0.000171859 0.000467455 0.000103115 -0.000171859 0.00970313 -0.0179283 -0.000168421 0.000467455 -0.0179283 0.0887134 
0.0100319 -0.0183472 0.00010643 -0.000164796 -0.0183472 0.0897312 -0.000161362 0.000466921 0.00010643 -0.000161362 0.00972637 -0.0179558 -0.000164796 0.000466921 -0.0179558 0.0887664 
0.0100623 -0.0183352 9.23772e-05 -0.000150541 -0.0183352 0.0897222 -0.000147119 0.000424251 9.23772e-05 -0.000147119 0.00972355 -0.0179896 -0.000150541 0.000424251 -0.0179896 0.0888566 
0.0100677 -0.0183676 8.23811e-05 -0.000144167 -0.0183676 0.0897508 -0.000144167 0.00040504 8.23811e-05 -0.000144167 0.00971754 -0.0179934 -0.000144167 0.00040504 -0.0179934 0.0888995 
0.0100841 -0.0183675 7.54595e-05 -0.000116619 -0.0183675 0.0897694 -0.000113189 0.000336138 7.54595e-05 -0.000113189 0.00972056 -0.0180005 -0.000116619 0.000336138 -0.0180005 0.0889496 
0.0100869 -0.01838 9.60328e-05 -0.000154338 -0.01838 0.0897873 -0.000147479 0.00040471 9.60328e-05 -0.000147479 0.00971989 -0.0180027 -0.000154338 0.00040471 -0.0180027 0.0889744 
0.0101194 -0.018371 0.000116947 -0.00017886 -0.018371 0.0897534 -0.00017542 0.000478107 0.000116947 -0.00017542 0.00968596 -0.0180236 -0.00017886 0.000478107 -0.0180236 0.0890311 
0.0101678 -0.0184249 0.000126926 -0.000192105 -0.0184249 0.0898535 -0.000181813 0.000500844 0.000126926 -0.000181813 0.00966011 -0.0179755 -0.000192105 0.000500844 -0.0179755 0.0889684 
0.0101941 -0.0184897 0.000153938 -0.000208672 -0.0184897 0.090006 -0.000218934 0.000578124 0.000153938 -0.000218934 0.00964338 -0.0179218 -0.000208672 0.000578124 -0.0179218 0.0888326 
0.0101779 -0.0185308 0.000167468 -0.000228986 -0.0185308 0.090142 -0.000239239 0.000622022 0.000167468 -0.000239239 0.00967211 -0.0179019 -0.000228986 0.000622022 -0.0179019 0.0887305 
0.01018 -0.0185112 0.000167445 -0.000232372 -0.0185112 0.0901502 -0.000246041 0.000639023 0.000167445 -0.000246041 0.00965711 -0.0179337 -0.000232372 0.000639023 -0.0179337 0.0887423 
0.0102522 -0.0185459 0.000160084 -0.000211175 -0.0185459 0.0902499 -0.000214581 0.000572215 0.000160084 -0.000214581 0.00961185 -0.0179056 -0.000211175 0.000572215 -0.0179056 0.0887001 
0.0102613 -0.0186322 0.000142801 -0.000214202 -0.0186322 0.090417 -0.000214202 0.000564405 0.000142801 -0.000214202 0.00962889 -0.017857 -0.000214202 0.000564405 -0.017857 0.0886184 
0.0102694 -0.0186646 0.000118624 -0.000203355 -0.0186646 0.0905779 -0.000196577 0.000549059 0.000118624 -0.000196577 0.0096526 -0.0178682 -0.000203355 0.000549059 -0.0178682 0.0885816 
0.0102624 -0.0186499 0.000111474 -0.000172278 -0.0186499 0.0905879 -0.000165522 0.00048981 0.000111474 -0.000165522 0.00969824 -0.0179304 -0.000172278 0.00048981 -0.0179304 0.0887198 
0.0102779 -0.0186429 0.000122315 -0.000186871 -0.0186429 0.0905576 -0.000180075 0.000513045 0.000122315 -0.000180075 0.0096833 -0.0179838 -0.000186871 0.000513045 -0.0179838 0.0888825 
0.0102807 -0.0186673 0.000115819 -0.000177135 -0.0186673 0.0906081 -0.000173729 0.000480309 0.000115819 -0.000173729 0.00968794 -0.0179724 -0.000177135 0.000480309 -0.0179724 0.0889287 
0.0102917 -0.0186545 0.00012609 -0.0001738 -0.0186545 0.0905872 -0.0001738 0.000477098 0.00012609 -0.0001738 0.00967827 -0.0179866 -0.0001738 0.000477098 -0.0179866 0.0889651 
0.0102946 -0.0186687 0.00012962 -0.00019443 -0.0186687 0.0905807 -0.000184197 0.000498015 0.00012962 -0.000184197 0.009684 -0.0179797 -0.00019443 0.000498015 -0.0179797 0.0889809 
0.0102872 -0.0186537 0.00013329 -0.000215314 -0.0186537 0.0905344 -0.000208479 0.0005605 0.00013329 -0.000208479 0.00968913 -0.0180043 -0.000215314 0.0005605 -0.0180043 0.0890033 
0.0103151 -0.0186476 0.000163516 -0.000235054 -0.0186476 0.0905263 -0.000228241 0.000630216 0.000163516 -0.000228241 0.00966786 -0.0179867 -0.000235054 0.000630216 -0.0179867 0.0890036 
0.0103404 -0.0186977 0.000173474 -0.000238101 -0.0186977 0.090611 -0.000234699 0.000642872 0.000173474 -0.000234699 0.00965329 -0.0179562 -0.000238101 0.000642872 -0.0179562 0.0889205 
0.0103093 -0.0187273 0.000162405 -0.000233457 -0.0187273 0.0906929 -0.000233457 0.000625935 0.000162405 -0.000233457 0.00971721 -0.0179491 -0.000233457 0.000625935 -0.0179491 0.0888929 
0.0102966 -0.0186595 0.000173308 -0.00026506 -0.0186595 0.0905758 -0.000282051 0.000723818 0.000173308 -0.000282051 0.00970527 -0.0180377 -0.00026506 0.000723818 -0.0180377 0.0890228 
0.0103324 -0.0186808 0.000167037 -0.000242033 -0.0186808 0.0905952 -0.000259077 0.000695417 0.000167037 -0.000259077 0.00964721 -0.0179956 -0.000242033 0.000695417 -0.0179956 0.0889964 
0.010305 -0.0187167 0.000160908 -0.000236227 -0.0187167 0.0906666 -0.000249921 0.000677869 0.000160908 -0.000249921 0.00964422 -0.0179156 -0.000236227 0.000677869 -0.0179156 0.0888453 
0.0103244 -0.0186753 0.000144158 -0.000209372 -0.0186753 0.0906339 -0.000212804 0.000590359 0.000144158 -0.000212804 0.00959677 -0.0179133 -0.000209372 0.000590359 -0.0179133 0.0887701 
0.0103198 -0.0186857 0.000129809 -0.000201545 -0.0186857 0.0906066 -0.000198129 0.000553396 0.000129809 -0.000198129 0.00960928 -0.0178726 -0.000201545 0.000553396 -0.0178726 0.0887039 
0.0102626 -0.0186668 0.000132751 -0.000200828 -0.0186668 0.0905393 -0.000207636 0.000575253 0.000132751 -0.000207636 0.00966697 -0.0178805 -0.000200828 0.000575253 -0.0178805 0.0886774 
0.0102116 -0.0186 0.000142868 -0.000221105 -0.0186 0.0904149 -0.000221105 0.000615692 0.000142868 -0.000221105 0.0096912 -0.0179367 -0.000221105 0.000615692 -0.0179367 0.0887345 
0.0101845 -0.0185597 0.000119256 -0.000207846 -0.0185597 0.0903246 -0.000197624 0.000569022 0.000119256 -0.000197624 0.00971426 -0.0179804 -0.000207846 0.000569022 -0.0179804 0.088856 
