0.00723623 0 -0.000652036 0 0 0.00998573 0 0 -0.000652036 0 0.00722255 0 0 0 0 0.00998573 
0.0102122 -0.0126822 -0.000772143 0.000946498 -0.0126822 0.0334886 0.000946498 -0.00182242 -0.000772143 0.000946498 0.0102039 -0.0126781 0.000946498 -0.00182242 -0.0126781 0.0335052 
0.0103483 -0.0192716 -0.000620314 0.00102687 -0.0192716 0.0707786 0.00102687 -0.0032315 -0.000620314 0.00102687 0.0102184 -0.0191333 0.00102687 -0.0032315 -0.0191333 0.0703972 
0.00985491 -0.0190062 -0.000586361 0.000699589 -0.0190062 0.0848606 0.000719808 -0.00237375 -0.000586361 0.000719808 0.00964867 -0.0188849 0.000699589 -0.00237375 -0.0188849 0.0846988 
0.00986004 -0.0183876 -0.000648839 0.000644977 -0.0183876 0.0881765 0.000679736 -0.00168003 -0.000648839 0.000679736 0.009609 -0.0182138 0.000644977 -0.00168003 -0.0182138 0.0879911 
0.00998442 -0.0182645 -0.000764375 0.000779004 -0.0182645 0.0891064 0.000797291 -0.00176647 -0.000764375 0.000797291 0.00984179 -0.0181804 0.000779004 -0.00176647 -0.0181804 0.0891137 
0.0100499 -0.0183029 -0.00083838 0.000919742 -0.0183029 0.0894803 0.000930354 -0.00208711 -0.00083838 0.000930354 0.00999689 -0.018363 0.000919742 -0.00208711 -0.018363 0.0898057 
0.0100917 -0.0183883 -0.000842133 0.000980756 -0.0183883 0.0897686 0.000984221 -0.00230807 -0.000842133 0.000984221 0.0100224 -0.018416 0.000980756 -0.00230807 -0.018416 0.0900528 
0.0101268 -0.0184325 -0.000826813 0.000987393 -0.0184325 0.0899347 0.000987393 -0.00239844 -0.000826813 0.000987393 0.0100243 -0.0184154 0.000987393 -0.00239844 -0.0184154 0.0900782 
0.0101606 -0.0185181 -0.000793054 0.000948953 -0.0185181 0.0901844 0.000945564 -0.00232494 -0.000793054 0.000945564 0.0100115 -0.0183555 0.000948953 -0.00232494 -0.0183555 0.0898964 
0.0101479 -0.0185171 -0.000710114 0.000906241 -0.0185171 0.0902319 0.000899478 -0.00223179 -0.000710114 0.000899478 0.0100261 -0.0183886 0.000906241 -0.00223179 -0.0183886 0.0899106 
0.0101338 -0.018474 -0.000635054 0.000810707 -0.018474 0.0901303 0.000800573 -0.00203014 -0.000635054 0.000800573 0.0100224 -0.0184368 0.000810707 -0.00203014 -0.0184368 0.0900459 
0.0101244 -0.0184945 -0.000618749 0.000717341 -0.0184945 0.0901503 0.000713941 -0.00179505 -0.000618749 0.000713941 0.00999177 -0.0183959 0.000717341 -0.00179505 -0.0183959 0.0900109 
0.0100951 -0.0184735 -0.000636901 0.000698207 -0.0184735 0.0901437 0.000701613 -0.00168592 -0.000636901 0.000701613 0.00999629 -0.0183646 0.000698207 -0.00168592 -0.0183646 0.0899427 
0.010092 -0.0184471 -0.000639038 0.000717219 -0.0184471 0.090101 0.000720618 -0.00168257 -0.000639038 0.000720618 0.00998328 -0.0183486 0.000717219 -0.00168257 -0.0183486 0.0898733 
0.0100723 -0.0183719 -0.00059768 0.00073012 -0.0183719 0.0898727 0.00073012 -0.00171833 -0.00059768 0.00073012 0.00997718 -0.0183956 0.00073012 -0.00171833 -0.0183956 0.0899712 
0.0100536 -0.0183269 -0.000594587 0.000693118 -0.0183269 0.0896773 0.000693118 -0.00169202 -0.000594587 0.000693118 0.00997207 -0.0184016 0.000693118 -0.00169202 -0.0184016 0.0900544 
0.0100228 -0.018308 -0.000602928 0.000690996 -0.018308 0.0895992 0.000687609 -0.00166991 -0.000602928 0.000687609 0.00998557 -0.0183927 0.000690996 -0.00166991 -0.0183927 0.09007 
0.0100253 -0.018335 -0.000630605 0.000701802 -0.018335 0.0896916 0.000701802 -0.00168161 -0.000630605 0.000701802 0.00998118 -0.0183587 0.000701802 -0.00168161 -0.0183587 0.0899629 
0.0100277 -0.0183456 -0.000607224 0.000715778 -0.0183456 0.089764 0.000712386 -0.00168937 -0.000607224 0.000712386 0.00998697 -0.0183524 0.000715778 -0.00168937 -0.0183524 0.0899167 
0.0100445 -0.0183572 -0.000567084 0.000696121 -0.0183572 0.0898132 0.000692725 -0.0016639 -0.000567084 0.000692725 0.00994944 -0.0183301 0.000696121 -0.0016639 -0.0183301 0.0898302 
0.0100483 -0.0183585 -0.000553336 0.000665361 -0.0183585 0.0898033 0.000661966 -0.00163285 -0.000553336 0.000661966 0.00994647 -0.0183314 0.000665361 -0.00163285 -0.0183314 0.0898509 
0.0100321 -0.0183541 -0.000568882 0.000640419 -0.0183541 0.0897915 0.000647232 -0.00158061 -0.000568882 0.000647232 0.00993671 -0.0183167 0.000640419 -0.00158061 -0.0183167 0.0898187 
0.0100395 -0.0183632 -0.000580965 0.000659106 -0.0183632 0.0898321 0.000669299 -0.0015968 -0.000580965 0.000669299 0.00993076 -0.0182817 0.000659106 -0.0015968 -0.0182817 0.0897268 
0.010053 -0.0184135 -0.000578932 0.000677691 -0.0184135 0.0899831 0.000677691 -0.00163123 -0.000578932 0.000677691 0.00992018 -0.0182432 0.000677691 -0.00163123 -0.0182432 0.0895949 
0.0100608 -0.0184079 -0.000559884 0.000669129 -0.0184079 0.0899945 0.000655474 -0.00161479 -0.000559884 0.000655474 0.00992428 -0.0182577 0.000669129 -0.00161479 -0.0182577 0.089595 
0.0100488 -0.0183864 -0.000505516 0.000645558 -0.0183864 0.0899307 0.000638727 -0.00156778 -0.000505516 0.000638727 0.00993613 -0.0182771 0.000645558 -0.00156778 -0.0182771 0.0896437 
0.0100353 -0.0183418 -0.000470564 0.00058309 -0.0183418 0.0897925 0.000572861 -0.0014492 -0.000470564 0.000572861 0.00993641 -0.0182974 0.00058309 -0.0014492 -0.0182974 0.0897141 
0.0100278 -0.0183182 -0.000488666 0.000536175 -0.0183182 0.0896973 0.000539568 -0.00134044 -0.000488666 0.000539568 0.00994299 -0.0183012 0.000536175 -0.00134044 -0.0183012 0.0897448 
0.0100308 -0.0183575 -0.000511531 0.000552183 -0.0183575 0.0897755 0.000552183 -0.00130762 -0.000511531 0.000552183 0.00994607 -0.0182661 0.000552183 -0.00130762 -0.0182661 0.0896671 
0.0100535 -0.0183577 -0.000530198 0.000601116 -0.0183577 0.089806 0.000604493 -0.00140485 -0.000530198 0.000604493 0.00995556 -0.0183003 0.000601116 -0.00140485 -0.0183003 0.0897115 
0.0100707 -0.0183674 -0.000536569 0.000627115 -0.0183674 0.0898451 0.000630468 -0.00149233 -0.000536569 0.000630468 0.00998353 -0.0183305 0.000627115 -0.00149233 -0.0183305 0.0898082 
0.010072 -0.0184139 -0.000520735 0.000624882 -0.0184139 0.0899327 0.000631602 -0.00151853 -0.000520735 0.000631602 0.00999476 -0.0183534 0.000624882 -0.00151853 -0.0183534 0.0898588 
0.010074 -0.0184123 -0.000529147 0.000613406 -0.0184123 0.0899651 0.000613406 -0.00150318 -0.000529147 0.000613406 0.00999649 -0.018382 0.000613406 -0.00150318 -0.018382 0.0899617 
0.0100865 -0.0183758 -0.000538485 0.000625989 -0.0183758 0.0898765 0.000625989 -0.00152122 -0.000538485 0.000625989 0.00998553 -0.0184162 0.000625989 -0.00152122 -0.0184162 0.0900986 
0.010079 -0.0183838 -0.00050107 0.000626337 -0.0183838 0.0898405 0.000626337 -0.00152691 -0.00050107 0.000626337 0.00996723 -0.018394 0.000626337 -0.00152691 -0.018394 0.0900944 
0.0100629 -0.018388 -0.000464962 0.000590535 -0.018388 0.089853 0.000583747 -0.00147294 -0.000464962 0.000583747 0.00996104 -0.0183609 0.000590535 -0.00147294 -0.0183609 0.0900227 
0.0100811 -0.0183833 -0.000463303 0.000537702 -0.0183833 0.0898706 0.00053432 -0.00134256 -0.000463303 0.00053432 0.00995255 -0.0183393 0.000537702 -0.00134256 -0.0183393 0.0899416 
0.0100683 -0.0183639 -0.000460112 0.000541309 -0.0183639 0.0897997 0.000537925 -0.00130591 -0.000460112 0.000537925 0.00996346 -0.0183605 0.000541309 -0.00130591 -0.0183605 0.0899723 
0.0100266 -0.0183395 -0.0004429 0.000551922 -0.0183395 0.0897213 0.000548515 -0.00133551 -0.0004429 0.000548515 0.00996525 -0.0183735 0.000551922 -0.00133551 -0.0183735 0.0900041 
0.0100099 -0.0183122 -0.00040299 0.000536182 -0.0183122 0.0896653 0.000525937 -0.00131143 -0.00040299 0.000525937 0.00995523 -0.0183566 0.000536182 -0.00131143 -0.0183566 0.0899727 
0.0100099 -0.0183055 -0.000404748 0.000489779 -0.0183055 0.0896704 0.000482977 -0.00123465 -0.000404748 0.000482977 0.00994864 -0.0183157 0.000489779 -0.00123465 -0.0183157 0.0898541 
0.0100225 -0.0183242 -0.000380904 0.00047273 -0.0183242 0.089703 0.000465928 -0.00116312 -0.000380904 0.000465928 0.00994093 -0.0183004 0.00047273 -0.00116312 -0.0183004 0.0897608 
0.0100378 -0.018345 -0.000366492 0.000447934 -0.018345 0.0897633 0.000437754 -0.00110287 -0.000366492 0.000437754 0.00994957 -0.0182907 0.000447934 -0.00110287 -0.0182907 0.0897124 
0.0100121 -0.0183091 -0.000393963 0.00044151 -0.0183091 0.0896707 0.000448303 -0.00109698 -0.000393963 0.000448303 0.00995435 -0.0183261 0.00044151 -0.00109698 -0.0183261 0.0897896 
0.00998418 -0.0182873 -0.000405778 0.000487615 -0.0182873 0.089595 0.000484205 -0.00115936 -0.000405778 0.000484205 0.00995008 -0.018335 0.000487615 -0.00115936 -0.018335 0.0898269 
0.00995197 -0.0182219 -0.000427343 0.000499137 -0.0182219 0.0894549 0.000499137 -0.00121024 -0.000427343 0.000499137 0.00993829 -0.0183416 0.000499137 -0.00121024 -0.0183416 0.0898617 
0.00993765 -0.0182173 -0.000444408 0.000523034 -0.0182173 0.0894149 0.000523034 -0.00127169 -0.000444408 0.000523034 0.00992739 -0.0183028 0.000523034 -0.00127169 -0.0183028 0.0897943 
0.00996747 -0.0182402 -0.000453532 0.000521732 -0.0182402 0.0894719 0.000521732 -0.00127193 -0.000453532 0.000521732 0.00990609 -0.0182572 0.000521732 -0.00127193 -0.0182572 0.0896561 
0.00998458 -0.0182807 -0.000456166 0.000520846 -0.0182807 0.0895821 0.00052425 -0.00126297 -0.000456166 0.00052425 0.00989607 -0.0182092 0.000520846 -0.00126297 -0.0182092 0.0895004 
0.00999599 -0.0183147 -0.000468562 0.000533074 -0.0183147 0.0896923 0.000539865 -0.00128345 -0.000468562 0.000539865 0.00990432 -0.0181958 0.000533074 -0.00128345 -0.0181958 0.0894207 
0.00997512 -0.0182917 -0.000494832 0.000566497 -0.0182917 0.0896601 0.000569909 -0.00136847 -0.000494832 0.000569909 0.00990346 -0.0182337 0.000566497 -0.00136847 -0.0182337 0.089469 
0.00998155 -0.0182984 -0.000500439 0.000599165 -0.0182984 0.0896841 0.000592357 -0.00144344 -0.000500439 0.000592357 0.00991687 -0.0182269 0.000599165 -0.00144344 -0.0182269 0.0895173 
0.00999695 -0.0182672 -0.000491876 0.000583466 -0.0182672 0.0896062 0.000583466 -0.00143153 -0.000491876 0.000583466 0.00992571 -0.0182774 0.000583466 -0.00143153 -0.0182774 0.0896333 
0.00997497 -0.0182348 -0.000468691 0.000577373 -0.0182348 0.0894589 0.000577373 -0.00142305 -0.000468691 0.000577373 0.00993421 -0.0183231 0.000577373 -0.00142305 -0.0183231 0.0897815 
0.00997139 -0.0182502 -0.000452936 0.000538074 -0.0182502 0.0894531 0.000538074 -0.00134518 -0.000452936 0.000538074 0.00992031 -0.0182945 0.000538074 -0.00134518 -0.0182945 0.0897732 
0.00998649 -0.0182752 -0.000451616 0.000522924 -0.0182752 0.0895558 0.000519528 -0.00126996 -0.000451616 0.000519528 0.00992197 -0.0182616 0.000522924 -0.00126996 -0.0182616 0.0896814 
0.010015 -0.0183297 -0.000464946 0.00052264 -0.0183297 0.0897345 0.00052264 -0.0012523 -0.000464946 0.00052264 0.00992337 -0.0182313 0.00052264 -0.0012523 -0.0182313 0.0895818 
0.0100049 -0.0183084 -0.000509416 0.000546773 -0.0183084 0.0897047 0.000546773 -0.00130071 -0.000509416 0.000546773 0.00993361 -0.0182846 0.000546773 -0.00130071 -0.0182846 0.0896674 
0.00998268 -0.0182675 -0.000559139 0.00061028 -0.0182675 0.089568 0.000613689 -0.00144217 -0.000559139 0.000613689 0.00993495 -0.018322 0.00061028 -0.00144217 -0.018322 0.0897964 
0.0099822 -0.0182598 -0.000559113 0.000661389 -0.0182598 0.0895262 0.000654571 -0.00155461 -0.000559113 0.000654571 0.00993107 -0.0183109 0.000661389 -0.00155461 -0.0183109 0.0898228 
0.00996906 -0.01828 -0.000540162 0.000659818 -0.01828 0.0895711 0.000663237 -0.00160681 -0.000540162 0.000663237 0.00992462 -0.0182732 0.000659818 -0.00160681 -0.0182732 0.0897147 
0.00995337 -0.0182353 -0.000535531 0.000637862 -0.0182353 0.0894917 0.000637862 -0.00158954 -0.000535531 0.000637862 0.00994314 -0.0182933 0.000637862 -0.00158954 -0.0182933 0.089727 
0.00994278 -0.0182415 -0.000522945 0.000625483 -0.0182415 0.089509 0.000632319 -0.00155516 -0.000522945 0.000632319 0.00994278 -0.0182791 0.000625483 -0.00155516 -0.0182791 0.0896833 
0.00995227 -0.018251 -0.000512475 0.000604721 -0.018251 0.0895397 0.000604721 -0.00149301 -0.000512475 0.000604721 0.00993519 -0.0182715 0.000604721 -0.00149301 -0.0182715 0.0896422 
0.00997267 -0.0182634 -0.000481509 0.000603582 -0.0182634 0.0895641 0.000593409 -0.00147166 -0.000481509 0.000593409 0.0099625 -0.0182736 0.000603582 -0.00147166 -0.0182736 0.0896591 
0.0099908 -0.018325 -0.00050582 0.000570321 -0.018325 0.0897203 0.000563531 -0.00141901 -0.00050582 0.000563531 0.00995006 -0.0182503 0.000570321 -0.00141901 -0.0182503 0.0895608 
0.0099799 -0.0183215 -0.000508552 0.00058364 -0.0183215 0.0897576 0.000580227 -0.00139596 -0.000508552 0.000580227 0.00994577 -0.0182737 0.00058364 -0.00139596 -0.0182737 0.0896143 
0.0100084 -0.0183124 -0.000500078 0.000585126 -0.0183124 0.0897419 0.000591929 -0.00140838 -0.000500078 0.000591929 0.00993693 -0.0182818 0.000585126 -0.00140838 -0.0182818 0.0896535 
0.00997796 -0.0182986 -0.00048523 0.000587743 -0.0182986 0.0896547 0.00059116 -0.00143177 -0.00048523 0.00059116 0.00993695 -0.0182884 0.000587743 -0.00143177 -0.0182884 0.0896991 
0.00996672 -0.0183003 -0.000458791 0.000558082 -0.0183003 0.0896697 0.000564929 -0.00139007 -0.000458791 0.000564929 0.00992906 -0.0182592 0.000558082 -0.00139007 -0.0182592 0.0896286 
0.00996117 -0.0182684 -0.000434881 0.000527336 -0.0182684 0.089606 0.00053076 -0.00131149 -0.000434881 0.00053076 0.0099372 -0.0182616 0.000527336 -0.00131149 -0.0182616 0.0896266 
0.00994216 -0.0182347 -0.000462028 0.000516787 -0.0182347 0.0894931 0.000520209 -0.00127314 -0.000462028 0.000520209 0.00995585 -0.0182895 0.000516787 -0.00127314 -0.0182895 0.0897019 
0.00992696 -0.0181726 -0.000472549 0.000547883 -0.0181726 0.0893084 0.00053761 -0.0013115 -0.000472549 0.00053761 0.00995778 -0.0183438 0.000547883 -0.0013115 -0.0183438 0.0898152 
0.00995232 -0.0181809 -0.000468546 0.000560887 -0.0181809 0.0892802 0.000557467 -0.00135434 -0.000468546 0.000557467 0.00992838 -0.0183212 0.000560887 -0.00135434 -0.0183212 0.0898172 
0.0099894 -0.018227 -0.000473738 0.000562351 -0.018227 0.0893627 0.000558943 -0.00136668 -0.000473738 0.000558943 0.00991442 -0.0182815 0.000562351 -0.00136668 -0.0182815 0.0897581 
0.00996493 -0.0182309 -0.000461497 0.000570889 -0.0182309 0.089363 0.000570889 -0.00139475 -0.000461497 0.000570889 0.00991365 -0.0182856 0.000570889 -0.00139475 -0.0182856 0.0897356 
0.00995311 -0.0182382 -0.000430663 0.000560546 -0.0182382 0.0894241 0.00055371 -0.00139111 -0.000430663 0.00055371 0.00991551 -0.0182553 0.000560546 -0.00139111 -0.0182553 0.0896634 
0.00996965 -0.0182708 -0.000397415 0.000489917 -0.0182708 0.0895418 0.000483065 -0.00125049 -0.000397415 0.000483065 0.00989427 -0.0182194 0.000489917 -0.00125049 -0.0182194 0.0895384 
0.00996458 -0.0182529 -0.000388946 0.000454344 -0.0182529 0.0895298 0.000444018 -0.00111521 -0.000388946 0.000444018 0.00987853 -0.0182116 0.000454344 -0.00111521 -0.0182116 0.0894954 
0.00996041 -0.0182361 -0.00038243 0.000444446 -0.0182361 0.0894818 0.000437555 -0.00105771 -0.00038243 0.000437555 0.00986394 -0.0182016 0.000444446 -0.00105771 -0.0182016 0.0894646 
0.0099353 -0.0181917 -0.000359274 0.000435274 -0.0181917 0.0893382 0.000431819 -0.00103637 -0.000359274 0.000431819 0.00985239 -0.0181986 0.000435274 -0.00103637 -0.0181986 0.089466 
0.00993585 -0.0181831 -0.000315751 0.000418713 -0.0181831 0.0892923 0.000415281 -0.00100903 -0.000315751 0.000415281 0.00986035 -0.0181728 0.000418713 -0.00100903 -0.0181728 0.0894124 
0.00996734 -0.0182183 -0.000313932 0.000371941 -0.0182183 0.0893649 0.000365117 -0.000938384 -0.000313932 0.000365117 0.00985815 -0.0181535 0.000371941 -0.000938384 -0.0181535 0.0893478 
0.00996985 -0.0182241 -0.000347904 0.000382013 -0.0182241 0.0893671 0.000375191 -0.000937978 -0.000347904 0.000375191 0.00986411 -0.0181797 0.000382013 -0.000937978 -0.0181797 0.0893773 
0.00997527 -0.0182513 -0.000349355 0.000410407 -0.0182513 0.0894654 0.000413799 -0.000980229 -0.000349355 0.000413799 0.0098837 -0.0181732 0.000410407 -0.000980229 -0.0181732 0.0893942 
0.00995489 -0.0182495 -0.000391255 0.000432082 -0.0182495 0.0894885 0.000435484 -0.00105469 -0.000391255 0.000435484 0.00989365 -0.0182087 0.000432082 -0.00105469 -0.0182087 0.0894307 
0.00995028 -0.0182162 -0.000430411 0.000474469 -0.0182162 0.0894204 0.000474469 -0.00113534 -0.000430411 0.000474469 0.00990284 -0.0182501 0.000474469 -0.00113534 -0.0182501 0.0895559 
0.00995189 -0.0182163 -0.000451587 0.000502518 -0.0182163 0.0894108 0.000512704 -0.00120197 -0.000451587 0.000512704 0.00990096 -0.0182536 0.000502518 -0.00120197 -0.0182536 0.0896077 
0.0099522 -0.0182349 -0.000426767 0.000525777 -0.0182349 0.0894537 0.000529191 -0.0012564 -0.000426767 0.000529191 0.00988392 -0.0182349 0.000525777 -0.0012564 -0.0182349 0.0895835 
0.00994666 -0.0182692 -0.000393216 0.000499214 -0.0182692 0.089561 0.000499214 -0.00123778 -0.000393216 0.000499214 0.00987827 -0.0181837 0.000499214 -0.00123778 -0.0181837 0.0894686 
0.00994871 -0.0182599 -0.000360461 0.000442852 -0.0182599 0.0895899 0.000442852 -0.00111571 -0.000360461 0.000442852 0.00986975 -0.0181706 0.000442852 -0.00111571 -0.0181706 0.0893839 
0.00993337 -0.0182421 -0.000370956 0.000419042 -0.0182421 0.0895445 0.000419042 -0.00104074 -0.000370956 0.000419042 0.00986467 -0.0181665 0.000419042 -0.00104074 -0.0181665 0.0893385 
0.0099349 -0.0182123 -0.000376711 0.00043493 -0.0182123 0.0894586 0.000441779 -0.00105137 -0.000376711 0.000441779 0.00986983 -0.0181677 0.00043493 -0.00105137 -0.0181677 0.0893387 
0.00994315 -0.0181795 -0.000400189 0.000451495 -0.0181795 0.0893379 0.000454915 -0.00108085 -0.000400189 0.000454915 0.0098679 -0.0182069 0.000451495 -0.00108085 -0.0182069 0.0894405 
0.00994311 -0.0181702 -0.00043499 0.000472666 -0.0181702 0.0892379 0.000486366 -0.00114399 -0.00043499 0.000486366 0.00987118 -0.018225 0.000472666 -0.00114399 -0.018225 0.0895496 
0.00997338 -0.0181845 -0.000470378 0.000518098 -0.0181845 0.0892696 0.000531732 -0.00125093 -0.000470378 0.000531732 0.00987112 -0.0182186 0.000518098 -0.00125093 -0.0182186 0.0895729 
0.00996768 -0.0182394 -0.000460677 0.000556225 -0.0182394 0.0893679 0.000569874 -0.00134108 -0.000460677 0.000569874 0.00986531 -0.018195 0.000556225 -0.00134108 -0.018195 0.089501 
0.00996955 -0.018248 -0.000460291 0.000548939 -0.018248 0.0894703 0.000548939 -0.00136041 -0.000460291 0.000548939 0.00986727 -0.0181866 0.000548939 -0.00136041 -0.0181866 0.0894532 
0.00996759 -0.0182347 -0.00041915 0.00053842 -0.0182347 0.0894562 0.000528197 -0.0013256 -0.00041915 0.000528197 0.00987218 -0.0182075 0.00053842 -0.0013256 -0.0182075 0.0894936 
0.00998746 -0.0182956 -0.000424926 0.000499713 -0.0182956 0.0896118 0.000489515 -0.00124418 -0.000424926 0.000489515 0.00987868 -0.0181698 0.000499713 -0.00124418 -0.0181698 0.089418 
0.0100094 -0.0182947 -0.000436072 0.000490158 -0.0182947 0.0896583 0.000480017 -0.00118314 -0.000436072 0.000480017 0.00991133 -0.0182136 0.000490158 -0.00118314 -0.0182136 0.0894724 
0.00999052 -0.0183131 -0.000448402 0.000523135 -0.0183131 0.0896735 0.000509547 -0.00121952 -0.000448402 0.000509547 0.00991579 -0.0182452 0.000523135 -0.00121952 -0.0182452 0.0895512 
0.00998818 -0.0183168 -0.000432787 0.000517981 -0.0183168 0.0897266 0.000521389 -0.00124384 -0.000432787 0.000521389 0.0099132 -0.0182384 0.000517981 -0.00124384 -0.0182384 0.089563 
0.00992922 -0.0182493 -0.000401423 0.000504352 -0.0182493 0.0895654 0.000507783 -0.00123172 -0.000401423 0.000507783 0.00991206 -0.0182733 0.000504352 -0.00123172 -0.0182733 0.089634 
0.00988473 -0.0181861 -0.00037765 0.000464267 -0.0181861 0.0893887 0.000474661 -0.00117453 -0.00037765 0.000474661 0.0098778 -0.018245 0.000464267 -0.00117453 -0.018245 0.0895827 
0.00987898 -0.0181432 -0.000404564 0.000449516 -0.0181432 0.0892773 0.000456432 -0.00112379 -0.000404564 0.000456432 0.00986169 -0.0181881 0.000449516 -0.00112379 -0.0181881 0.089471 
0.00987382 -0.0181216 -0.000462619 0.000490238 -0.0181216 0.0891751 0.000483334 -0.00118071 -0.000462619 0.000483334 0.00986001 -0.0181664 0.000490238 -0.00118071 -0.0181664 0.0893822 
0.00991777 -0.0181544 -0.00050984 0.000551179 -0.0181544 0.0892358 0.000551179 -0.00129527 -0.00050984 0.000551179 0.00984198 -0.0181407 0.000551179 -0.00129527 -0.0181407 0.0892944 
0.00993607 -0.0181589 -0.000515 0.0006077 -0.0181589 0.0892152 0.0006077 -0.00143857 -0.000515 0.0006077 0.0098777 -0.0181898 0.0006077 -0.00143857 -0.0181898 0.0894178 
0.00994369 -0.0181793 -0.000540827 0.000622978 -0.0181793 0.0892502 0.000626401 -0.00152664 -0.000540827 0.000626401 0.00990262 -0.0182307 0.000622978 -0.00152664 -0.0182307 0.0895172 
0.00995313 -0.0182285 -0.000521502 0.000641584 -0.0182285 0.0893895 0.000645015 -0.00157823 -0.000521502 0.000645015 0.00989481 -0.0182114 0.000641584 -0.00157823 -0.0182114 0.089489 
0.0100047 -0.0182745 -0.000530683 0.00061913 -0.0182745 0.0895595 0.000622532 -0.00155463 -0.000530683 0.000622532 0.00989247 -0.0181997 0.00061913 -0.00155463 -0.0181997 0.0894608 
0.010027 -0.0183194 -0.000526128 0.000627959 -0.0183194 0.089676 0.000627959 -0.00153765 -0.000526128 0.000627959 0.009898 -0.0182142 0.000627959 -0.00153765 -0.0182142 0.0894723 
0.0100466 -0.0183706 -0.000519826 0.00059797 -0.0183706 0.0898111 0.000601368 -0.00147454 -0.000519826 0.000601368 0.00990388 -0.0182211 0.00059797 -0.00147454 -0.0182211 0.0894985 
0.0100481 -0.0183656 -0.000511379 0.000609591 -0.0183656 0.08983 0.000606204 -0.00147656 -0.000511379 0.000606204 0.00992617 -0.0182606 0.000609591 -0.00147656 -0.0182606 0.0896099 
0.0100247 -0.0183222 -0.000524941 0.00061977 -0.0183222 0.0897176 0.000609609 -0.00151048 -0.000524941 0.000609609 0.00996034 -0.0183357 0.00061977 -0.00151048 -0.0183357 0.089826 
0.0100532 -0.0183645 -0.000550259 0.000624527 -0.0183645 0.0898138 0.0006144 -0.00151237 -0.000550259 0.0006144 0.00996881 -0.018324 0.000624527 -0.00151237 -0.018324 0.0898374 
0.0100773 -0.0184084 -0.000524505 0.000639557 -0.0184084 0.0899339 0.000629405 -0.00152276 -0.000524505 0.000629405 0.0099622 -0.0183204 0.000639557 -0.00152276 -0.0183204 0.0898121 
0.0101052 -0.0184175 -0.000521408 0.000618962 -0.0184175 0.0899917 0.000615598 -0.00152386 -0.000521408 0.000615598 0.00998076 -0.0183468 0.000618962 -0.00152386 -0.0183468 0.0899008 
0.0101062 -0.0184447 -0.000502609 0.000600432 -0.0184447 0.0900278 0.000597059 -0.00147747 -0.000502609 0.000597059 0.00998472 -0.0183672 0.000600432 -0.00147747 -0.0183672 0.0899333 
0.0100925 -0.0184347 -0.000503441 0.000581154 -0.0184347 0.0900248 0.000587911 -0.00143599 -0.000503441 0.000587911 0.00998773 -0.0183705 0.000581154 -0.00143599 -0.0183705 0.0899775 
0.0100732 -0.0183981 -0.000542117 0.000596329 -0.0183981 0.0899441 0.000606494 -0.00145355 -0.000542117 0.000606494 0.00998513 -0.0183981 0.000596329 -0.00145355 -0.0183981 0.0900525 
0.0100527 -0.0184032 -0.000551484 0.000633185 -0.0184032 0.0899361 0.000633185 -0.00150467 -0.000551484 0.000633185 0.00996756 -0.0183624 0.000633185 -0.00150467 -0.0183624 0.0899701 
0.0100463 -0.0183575 -0.000588555 0.000653195 -0.0183575 0.0898449 0.000649792 -0.00157175 -0.000588555 0.000649792 0.00996462 -0.0183609 0.000653195 -0.00157175 -0.0183609 0.0899537 
0.0100798 -0.018393 -0.000594528 0.000696447 -0.018393 0.0899199 0.00069305 -0.00166128 -0.000594528 0.00069305 0.00994051 -0.0183115 0.000696447 -0.00166128 -0.0183115 0.0898247 
0.0101049 -0.018404 -0.000580428 0.000695835 -0.018404 0.089946 0.000695835 -0.00169037 -0.000580428 0.000695835 0.00993856 -0.0183056 0.000695835 -0.00169037 -0.0183056 0.0898035 
0.0101059 -0.0184383 -0.00056634 0.000681642 -0.0184383 0.0899938 0.000681642 -0.00168206 -0.00056634 0.000681642 0.00994316 -0.0183026 0.000681642 -0.00168206 -0.0183026 0.0897835 
0.0100795 -0.0184134 -0.000567142 0.000658835 -0.0184134 0.089948 0.000662231 -0.00162332 -0.000567142 0.000662231 0.00995724 -0.0183285 0.000658835 -0.00162332 -0.0183285 0.0898257 
0.0100452 -0.0183674 -0.00054142 0.00064698 -0.0183674 0.0898383 0.00064698 -0.00157318 -0.00054142 0.00064698 0.00996009 -0.0183538 0.00064698 -0.00157318 -0.0183538 0.0898962 
0.0100452 -0.0183553 -0.000569366 0.000633759 -0.0183553 0.0898243 0.000640537 -0.00155559 -0.000569366 0.000640537 0.00997746 -0.0183519 0.000633759 -0.00155559 -0.0183519 0.0899022 
0.0100911 -0.0184228 -0.000593196 0.000650493 -0.0184228 0.0899838 0.000660604 -0.00155714 -0.000593196 0.000660604 0.00998322 -0.0183149 0.000650493 -0.00155714 -0.0183149 0.0898085 
0.0101038 -0.0184477 -0.000603462 0.000691115 -0.0184477 0.0900641 0.000697858 -0.00164182 -0.000603462 0.000697858 0.00997903 -0.0183365 0.000691115 -0.00164182 -0.0183365 0.0898079 
0.0101045 -0.0184519 -0.000603708 0.000698143 -0.0184519 0.0900941 0.000701515 -0.00168633 -0.000603708 0.000701515 0.00999997 -0.0183676 0.000698143 -0.00168633 -0.0183676 0.0899188 
0.0101065 -0.0184583 -0.000600655 0.000698515 -0.0184583 0.0901118 0.00069514 -0.00168723 -0.000600655 0.00069514 0.010012 -0.0183909 0.000698515 -0.00168723 -0.0183909 0.0900072 
0.0101265 -0.0184978 -0.000627846 0.000691981 -0.0184978 0.090214 0.000688605 -0.00167088 -0.000627846 0.000688605 0.0100185 -0.0183864 0.000691981 -0.00167088 -0.0183864 0.0900183 
0.0101374 -0.0184951 -0.000649663 0.000727487 -0.0184951 0.0902117 0.000717336 -0.00170875 -0.000649663 0.000717336 0.0100055 -0.0184037 0.000727487 -0.00170875 -0.0184037 0.090029 
0.0101332 -0.0184617 -0.000658134 0.000759907 -0.0184617 0.0901134 0.000753122 -0.00178782 -0.000658134 0.000753122 0.00999413 -0.0184176 0.000759907 -0.00178782 -0.0184176 0.0901202 
0.010124 -0.0184512 -0.000626155 0.000758873 -0.0184512 0.0900472 0.000755469 -0.00182061 -0.000626155 0.000755469 0.00998785 -0.0184171 0.000758873 -0.00182061 -0.0184171 0.0901357 
0.0101401 -0.018445 -0.000580115 0.000715815 -0.018445 0.0900298 0.000725992 -0.00177088 -0.000580115 0.000725992 0.00999087 -0.018411 0.000715815 -0.00177088 -0.018411 0.0901282 
0.0101508 -0.0184533 -0.000557551 0.000658924 -0.0184533 0.090009 0.000665682 -0.00164562 -0.000557551 0.000665682 0.0100089 -0.0184195 0.000658924 -0.00164562 -0.0184195 0.0901442 
0.0101448 -0.0184485 -0.000537137 0.000635105 -0.0184485 0.0899789 0.000641862 -0.00155736 -0.000537137 0.000641862 0.010013 -0.0184383 0.000635105 -0.00155736 -0.0184383 0.0901984 
0.0101399 -0.0184645 -0.00053849 0.000626545 -0.0184645 0.0900295 0.000623158 -0.00151048 -0.00053849 0.000623158 0.0100146 -0.0184374 0.000626545 -0.00151048 -0.0184374 0.0902022 
0.0101361 -0.0184528 -0.000567052 0.000637934 -0.0184528 0.0900195 0.000634558 -0.00152227 -0.000567052 0.000634558 0.010028 -0.0184528 0.000637934 -0.00152227 -0.0184528 0.0902457 
0.0101165 -0.0184391 -0.000582145 0.000666759 -0.0184391 0.0899854 0.000656605 -0.00157044 -0.000582145 0.000656605 0.0100285 -0.0184662 0.000666759 -0.00157044 -0.0184662 0.0902528 
0.0101395 -0.0184836 -0.000596244 0.000670775 -0.0184836 0.0901278 0.000670775 -0.00159902 -0.000596244 0.000670775 0.00999387 -0.018409 0.000670775 -0.00159902 -0.018409 0.0901142 
0.0101296 -0.0184798 -0.000611239 0.000702924 -0.0184798 0.0901339 0.00070632 -0.00167072 -0.000611239 0.00070632 0.00998356 -0.0183915 0.000702924 -0.00167072 -0.0183915 0.0900456 
0.0101378 -0.0184687 -0.000602314 0.000717363 -0.0184687 0.0901237 0.000717363 -0.00172573 -0.000602314 0.000717363 0.00998894 -0.0183875 0.000717363 -0.00172573 -0.0183875 0.0900324 
0.0101234 -0.018455 -0.000563355 0.00069571 -0.018455 0.0900385 0.00069571 -0.00170703 -0.000563355 0.00069571 0.00998429 -0.0184007 0.00069571 -0.00170703 -0.0184007 0.090052 
0.0101204 -0.0184511 -0.000485645 0.000645262 -0.0184511 0.0900412 0.000648658 -0.00159957 -0.000485645 0.000648658 0.00998458 -0.0183832 0.000645262 -0.00159957 -0.0183832 0.090031 
