0.0079137 0 0.000524591 0 0 0.00998068 0 0 0.000524591 0 0.00666275 0 0 0 0 0.00998068 
0.0110544 -0.0137115 0.000618227 -0.000765618 -0.0137115 0.0354846 -0.000765618 0.00145345 0.000618227 -0.000765618 0.00953134 -0.0118609 -0.000765618 0.00145345 -0.0118609 0.0319226 
0.0109878 -0.0203969 0.000508032 -0.000776743 -0.0203969 0.0743406 -0.000776743 0.00241 0.000508032 -0.000776743 0.00964001 -0.0182933 -0.000776743 0.00241 -0.0182933 0.0677488 
0.010399 -0.0197621 0.000489601 -0.000558388 -0.0197621 0.0876184 -0.000562434 0.00176418 0.000489601 -0.000562434 0.00908797 -0.0182366 -0.000558388 0.00176418 -0.0182366 0.0826657 
0.0104096 -0.019026 0.000529887 -0.000529887 -0.019026 0.0900654 -0.000541406 0.0012748 0.000529887 -0.000541406 0.00900424 -0.0175323 -0.000529887 0.0012748 -0.0175323 0.0862794 
0.0105815 -0.0189909 0.000528341 -0.000594384 -0.0189909 0.0908821 -0.000594384 0.00128049 0.000528341 -0.000594384 0.00915058 -0.0173582 -0.000594384 0.00128049 -0.0173582 0.0871763 
0.0106364 -0.0190801 0.000525957 -0.000639677 -0.0190801 0.0913814 -0.000639677 0.0014606 0.000525957 -0.000639677 0.00931796 -0.0174774 -0.000639677 0.0014606 -0.0174774 0.0876535 
0.010635 -0.0190673 0.000528102 -0.000649705 -0.0190673 0.0915111 -0.000642756 0.00156694 0.000528102 -0.000642756 0.00939466 -0.017608 -0.000649705 0.00156694 -0.017608 0.0879812 
0.0106091 -0.0190538 0.000500784 -0.000620835 -0.0190538 0.0915165 -0.000617405 0.00152979 0.000500784 -0.000617405 0.00942914 -0.0176509 -0.000620835 0.00152979 -0.0176509 0.0881071 
0.0105784 -0.0190186 0.000476656 -0.000585606 -0.0190186 0.0914226 -0.000575392 0.00144699 0.000476656 -0.000575392 0.00945821 -0.0176873 -0.000585606 0.00144699 -0.0176873 0.0881915 
0.0105237 -0.0189896 0.000448252 -0.000543336 -0.0189896 0.0913518 -0.000533149 0.00132438 0.000448252 -0.000533149 0.00951857 -0.0177297 -0.000543336 0.00132438 -0.0177297 0.0883023 
0.010485 -0.018939 0.000452469 -0.000523911 -0.018939 0.0912456 -0.000513705 0.00127916 0.000452469 -0.000513705 0.00954607 -0.017796 -0.000523911 0.00127916 -0.017796 0.0884457 
0.0104723 -0.0188841 0.00047338 -0.000548303 -0.0188841 0.0911171 -0.000534681 0.00130094 0.00047338 -0.000534681 0.00954934 -0.0178488 -0.000548303 0.00130094 -0.0178488 0.0886072 
0.0104413 -0.0188542 0.000442428 -0.000564947 -0.0188542 0.0910177 -0.000554737 0.0013477 0.000442428 -0.000554737 0.00958368 -0.0178775 -0.000564947 0.0013477 -0.0178775 0.0887477 
0.0104444 -0.0187965 0.000463438 -0.000562259 -0.0187965 0.0908781 -0.000555444 0.00140054 0.000463438 -0.000555444 0.00959248 -0.0179378 -0.000562259 0.00140054 -0.0179378 0.0889085 
0.0104686 -0.018838 0.00044373 -0.000539303 -0.018838 0.0909203 -0.000525649 0.0013073 0.00044373 -0.000525649 0.0095675 -0.0179028 -0.000539303 0.0013073 -0.0179028 0.0888859 
0.010495 -0.0189054 0.000410763 -0.000479224 -0.0189054 0.091097 -0.00048607 0.00116725 0.000410763 -0.00048607 0.0094989 -0.01781 -0.000479224 0.00116725 -0.01781 0.0886325 
0.010521 -0.0189322 0.000386372 -0.000430822 -0.0189322 0.0912112 -0.000437661 0.00102577 0.000386372 -0.000437661 0.00945416 -0.0177287 -0.000430822 0.00102577 -0.0177287 0.0883972 
0.0104955 -0.0189281 0.000371674 -0.000426231 -0.0189281 0.0911896 -0.000436461 0.000999086 0.000371674 -0.000436461 0.00946233 -0.0177039 -0.000426231 0.000999086 -0.0177039 0.0883049 
0.0104622 -0.0188558 0.000406199 -0.00044716 -0.0188558 0.0910295 -0.000453987 0.00106499 0.000406199 -0.000453987 0.00947911 -0.0177465 -0.00044716 0.00106499 -0.0177465 0.088367 
0.0104352 -0.0188141 0.000412636 -0.00049107 -0.0188141 0.0908855 -0.00049107 0.00115265 0.000412636 -0.00049107 0.00949403 -0.017774 -0.00049107 0.00115265 -0.017774 0.0884609 
0.0104806 -0.0188255 0.000429868 -0.00049469 -0.0188255 0.0909035 -0.000498101 0.0012009 0.000429868 -0.000498101 0.00946052 -0.0177713 -0.00049469 0.0012009 -0.0177713 0.0884608 
0.0105156 -0.0188941 0.00042539 -0.000490049 -0.0188941 0.0910505 -0.000496856 0.00118429 0.00042539 -0.000496856 0.00943345 -0.017703 -0.000490049 0.00118429 -0.017703 0.0883348 
0.0105278 -0.0189226 0.000427263 -0.000488789 -0.0189226 0.0911334 -0.000495625 0.0011895 0.000427263 -0.000495625 0.00941345 -0.0176955 -0.000488789 0.0011895 -0.0176955 0.088293 
0.0105301 -0.018946 0.000426943 -0.000485007 -0.018946 0.0912156 -0.000491839 0.00116129 0.000426943 -0.000491839 0.00940983 -0.0176584 -0.000485007 0.00116129 -0.0176584 0.0882065 
0.0104946 -0.018934 0.000443099 -0.00050786 -0.018934 0.0912239 -0.000511268 0.00122364 0.000443099 -0.000511268 0.00944142 -0.0176524 -0.00050786 0.00122364 -0.0176524 0.0881461 
0.0104678 -0.0189142 0.000425383 -0.000503653 -0.0189142 0.0912089 -0.000510459 0.00121489 0.000425383 -0.000510459 0.00946051 -0.0176619 -0.000503653 0.00121489 -0.0176619 0.0881155 
0.0104539 -0.0188801 0.000430634 -0.000501841 -0.0188801 0.091135 -0.000505232 0.00122748 0.000430634 -0.000505232 0.00948073 -0.0176967 -0.000501841 0.00122748 -0.0176967 0.0881715 
0.010463 -0.0188666 0.000426786 -0.000491142 -0.0188666 0.0910985 -0.000484368 0.00117874 0.000426786 -0.000484368 0.00946381 -0.0177048 -0.000491142 0.00117874 -0.0177048 0.0881889 
0.0104561 -0.018867 0.000406324 -0.000487589 -0.018867 0.0910876 -0.000484202 0.00116479 0.000406324 -0.000484202 0.00945041 -0.0176886 -0.000487589 0.00116479 -0.0176886 0.0881824 
0.010452 -0.0188816 0.00038749 -0.00045887 -0.0188816 0.0911146 -0.00045887 0.00112508 0.00038749 -0.00045887 0.00943573 -0.0176682 -0.00045887 0.00112508 -0.0176682 0.0881336 
0.0104251 -0.0188528 0.000373053 -0.00043749 -0.0188528 0.0910725 -0.000440881 0.00106829 0.000373053 -0.000440881 0.00947216 -0.0176861 -0.00043749 0.00106829 -0.0176861 0.0881966 
0.0104016 -0.0188101 0.000384991 -0.000429283 -0.0188101 0.09095 -0.00043269 0.00105276 0.000384991 -0.00043269 0.0094851 -0.0177369 -0.000429283 0.00105276 -0.0177369 0.0883095 
0.010356 -0.0187236 0.000396991 -0.000465438 -0.0187236 0.0907056 -0.000462015 0.00110541 0.000396991 -0.000462015 0.00951067 -0.0177927 -0.000465438 0.00110541 -0.0177927 0.0884982 
0.0103398 -0.0187031 0.000392564 -0.000454009 -0.0187031 0.0906345 -0.000454009 0.00108552 0.000392564 -0.000454009 0.00953077 -0.0177848 -0.000454009 0.00108552 -0.0177848 0.0885351 
0.0102948 -0.0186925 0.000360197 -0.000452819 -0.0186925 0.0905982 -0.000445958 0.00108059 0.000360197 -0.000445958 0.00954008 -0.0177732 -0.000452819 0.00108059 -0.0177732 0.0884644 
0.0102785 -0.0186791 0.000336437 -0.000405097 -0.0186791 0.0905839 -0.000398231 0.000992145 0.000336437 -0.000398231 0.00953695 -0.0177625 -0.000405097 0.000992145 -0.0177625 0.0883765 
0.0102532 -0.0186324 0.000316328 -0.000378219 -0.0186324 0.0904974 -0.000371342 0.000914602 0.000316328 -0.000371342 0.00953455 -0.0177591 -0.000378219 0.000914602 -0.0177591 0.0883519 
0.0102288 -0.0186194 0.000282792 -0.000348317 -0.0186194 0.0904451 -0.000344868 0.000827683 0.000282792 -0.000344868 0.00953905 -0.0177435 -0.000348317 0.000827683 -0.0177435 0.0883 
0.0102412 -0.0185784 0.000306995 -0.000348388 -0.0185784 0.0903462 -0.00033459 0.0008382 0.000306995 -0.00033459 0.0095134 -0.017754 -0.000348388 0.0008382 -0.017754 0.0882904 
0.0102337 -0.0185507 0.000340664 -0.000399162 -0.0185507 0.0902278 -0.000402603 0.00094973 0.000340664 -0.000402603 0.00950762 -0.0177489 -0.000399162 0.00094973 -0.0177489 0.0883077 
0.0102779 -0.0185605 0.000345679 -0.000407285 -0.0185605 0.0902187 -0.000407285 0.000992542 0.000345679 -0.000407285 0.00948049 -0.0177391 -0.000407285 0.000992542 -0.0177391 0.0882918 
0.0102998 -0.0186546 0.000324754 -0.000376031 -0.0186546 0.0904184 -0.000386286 0.000926404 0.000324754 -0.000386286 0.00946573 -0.0176632 -0.000376031 0.000926404 -0.0176632 0.0881314 
0.0103148 -0.0186632 0.00034942 -0.000380252 -0.0186632 0.0904793 -0.00039738 0.00094549 0.00034942 -0.00039738 0.00943778 -0.0176663 -0.000380252 0.00094549 -0.0176663 0.0880676 
0.0102911 -0.0186606 0.000346584 -0.000408351 -0.0186606 0.0904823 -0.000425509 0.000977983 0.000346584 -0.000425509 0.00945727 -0.017662 -0.000408351 0.000977983 -0.017662 0.0881043 
0.0102806 -0.0186597 0.000321483 -0.000389884 -0.0186597 0.0905145 -0.000400144 0.000957609 0.000321483 -0.000400144 0.00948717 -0.0176713 -0.000389884 0.000957609 -0.0176713 0.0881137 
0.0102599 -0.0186406 0.000291473 -0.000353197 -0.0186406 0.090487 -0.000363484 0.000877849 0.000291473 -0.000363484 0.00950203 -0.0176976 -0.000353197 0.000877849 -0.0176976 0.0881381 
0.010211 -0.0186095 0.00029577 -0.000347358 -0.0186095 0.0903992 -0.000350798 0.00085292 0.00029577 -0.000350798 0.00953344 -0.0177153 -0.000347358 0.00085292 -0.0177153 0.0881912 
0.0101683 -0.0185204 0.00030959 -0.000378388 -0.0185204 0.0902077 -0.000374948 0.000911571 0.00030959 -0.000374948 0.00955945 -0.0177877 -0.000378388 0.000911571 -0.0177877 0.0883604 
0.0101763 -0.0184847 0.000298195 -0.000359891 -0.0184847 0.090079 -0.000353036 0.000877449 0.000298195 -0.000353036 0.00956282 -0.0177992 -0.000359891 0.000877449 -0.0177992 0.0884304 
0.0101964 -0.0184963 0.000320685 -0.000362064 -0.0184963 0.0900781 -0.000358616 0.000893091 0.000320685 -0.000358616 0.00952056 -0.017786 -0.000362064 0.000893091 -0.017786 0.0884022 
0.0102187 -0.0185432 0.000328964 -0.000384369 -0.0185432 0.0901847 -0.000377443 0.000910712 0.000328964 -0.000377443 0.0094811 -0.0177156 -0.000384369 0.000910712 -0.0177156 0.088256 
0.0102137 -0.018565 0.000343347 -0.000395369 -0.018565 0.0902483 -0.000391901 0.000950274 0.000343347 -0.000391901 0.00946459 -0.0176737 -0.000395369 0.000950274 -0.0176737 0.0881188 
0.0102271 -0.018569 0.000367359 -0.000405481 -0.018569 0.0902872 -0.00039855 0.000973848 0.000367359 -0.00039855 0.00945776 -0.0176402 -0.000405481 0.000973848 -0.0176402 0.0880241 
0.0102186 -0.0185831 0.000341196 -0.000427356 -0.0185831 0.0903273 -0.000417017 0.000999462 0.000341196 -0.000417017 0.00949834 -0.0176422 -0.000427356 0.000999462 -0.0176422 0.0879837 
0.0102011 -0.0185822 0.000302764 -0.00040598 -0.0185822 0.0903442 -0.000402539 0.000987425 0.000302764 -0.000402539 0.00953708 -0.0176842 -0.00040598 0.000987425 -0.0176842 0.0880356 
0.0101744 -0.0185368 0.000271639 -0.00033697 -0.0185368 0.0902598 -0.000343847 0.00087681 0.000271639 -0.000343847 0.00957614 -0.0177528 -0.00033697 0.00087681 -0.0177528 0.0881933 
0.0101589 -0.018505 0.000250624 -0.000305555 -0.018505 0.0901697 -0.000308988 0.000772471 0.000250624 -0.000308988 0.00959924 -0.0178012 -0.000305555 0.000772471 -0.0178012 0.0883432 
0.0101672 -0.0184867 0.000246809 -0.000291372 -0.0184867 0.0900923 -0.000291372 0.000709577 0.000246809 -0.000291372 0.00959815 -0.0178354 -0.000291372 0.000709577 -0.0178354 0.0884606 
0.0101815 -0.018513 0.000238922 -0.00026964 -0.018513 0.0901315 -0.00026964 0.000655328 0.000238922 -0.00026964 0.00960124 -0.0178236 -0.00026964 0.000655328 -0.0178236 0.0884795 
0.0101987 -0.0185191 0.000252239 -0.000282917 -0.0185191 0.0901552 -0.000282917 0.000674911 0.000252239 -0.000282917 0.00960555 -0.0178511 -0.000282917 0.000674911 -0.0178511 0.0885463 
0.0102438 -0.0185459 0.000293459 -0.000293459 -0.0185459 0.090208 -0.000293459 0.000699525 0.000293459 -0.000293459 0.00956131 -0.0178498 -0.000293459 0.000699525 -0.0178498 0.0885599 
0.0102825 -0.0185898 0.000341724 -0.000351976 -0.0185898 0.0902971 -0.000355393 0.000803051 0.000341724 -0.000355393 0.00952726 -0.0178243 -0.000351976 0.000803051 -0.0178243 0.0885509 
0.0102652 -0.0186543 0.000332684 -0.0003807 -0.0186543 0.0904489 -0.00038756 0.000881441 0.000332684 -0.00038756 0.00952436 -0.0177523 -0.0003807 0.000881441 -0.0177523 0.088391 
0.0102184 -0.0186167 0.00032685 -0.00039222 -0.0186167 0.0904343 -0.000402542 0.000963348 0.00032685 -0.000402542 0.00953715 -0.0177497 -0.00039222 0.000963348 -0.0177497 0.0883218 
0.0101758 -0.0185615 0.000296048 -0.000371782 -0.0185615 0.0903292 -0.000382109 0.000929454 0.000296048 -0.000382109 0.00955961 -0.0177629 -0.000371782 0.000929454 -0.0177629 0.0883326 
0.0101433 -0.0185059 0.000268651 -0.000337535 -0.0185059 0.0901736 -0.000344424 0.000854171 0.000268651 -0.000344424 0.00957843 -0.017786 -0.000337535 0.000854171 -0.017786 0.0883619 
0.0101354 -0.0184862 0.000248044 -0.000282495 -0.0184862 0.0900986 -0.00028594 0.000706237 0.000248044 -0.00028594 0.00957037 -0.0177799 -0.000282495 0.000706237 -0.0177799 0.0883416 
0.0101274 -0.0184663 0.000217089 -0.000261885 -0.0184663 0.0900367 -0.000258439 0.000613362 0.000217089 -0.000258439 0.00955535 -0.0177634 -0.000261885 0.000613362 -0.0177634 0.0882896 
0.0101097 -0.0184001 0.000238648 -0.0002594 -0.0184001 0.0898561 -0.0002594 0.000622559 0.000238648 -0.0002594 0.00955629 -0.0178017 -0.0002594 0.000622559 -0.0178017 0.0884 
0.0101151 -0.0183953 0.000269553 -0.000286832 -0.0183953 0.0897991 -0.000286832 0.000680794 0.000269553 -0.000286832 0.00954494 -0.017787 -0.000286832 0.000680794 -0.017787 0.0883926 
0.0101418 -0.0184556 0.000258192 -0.000299503 -0.0184556 0.0899474 -0.000296061 0.000691956 0.000258192 -0.000296061 0.00953591 -0.0177258 -0.000299503 0.000691956 -0.0177258 0.0882399 
0.0101494 -0.0184479 0.000267361 -0.000322205 -0.0184479 0.08995 -0.000308494 0.000764379 0.000267361 -0.000308494 0.00955645 -0.017759 -0.000322205 0.000764379 -0.017759 0.0882772 
0.0101608 -0.0184723 0.000277393 -0.000332186 -0.0184723 0.0900019 -0.000325337 0.000801356 0.000277393 -0.000325337 0.0095649 -0.0177771 -0.000332186 0.000801356 -0.0177771 0.0883238 
0.0101635 -0.0185028 0.000288035 -0.000322325 -0.0185028 0.0901036 -0.000325754 0.000792097 0.000288035 -0.000325754 0.00955317 -0.0177656 -0.000322325 0.000792097 -0.0177656 0.0882931 
0.0101786 -0.0185313 0.000296832 -0.000317541 -0.0185313 0.090199 -0.000324444 0.00076279 0.000296832 -0.000324444 0.00952624 -0.0177409 -0.000317541 0.00076279 -0.0177409 0.0882316 
0.0101572 -0.0185219 0.00029356 -0.000324643 -0.0185219 0.090192 -0.00033155 0.00076671 0.00029356 -0.00033155 0.00953207 -0.0177276 -0.000324643 0.00076671 -0.0177276 0.0882096 
0.0101421 -0.0184887 0.000282585 -0.000327385 -0.0184887 0.0901343 -0.000337724 0.000765048 0.000282585 -0.000337724 0.00955276 -0.0177339 -0.000327385 0.000765048 -0.0177339 0.0882217 
0.0101327 -0.0184472 0.000268098 -0.000333404 -0.0184472 0.0900089 -0.000333404 0.000807732 0.000268098 -0.000333404 0.00957936 -0.0177873 -0.000333404 0.000807732 -0.0177873 0.0883247 
0.0101252 -0.0184702 0.000246956 -0.000298405 -0.0184702 0.0900429 -0.000305265 0.000747728 0.000246956 -0.000305265 0.00959698 -0.0177774 -0.000298405 0.000747728 -0.0177774 0.0883176 
0.0101271 -0.0184926 0.000219782 -0.00024382 -0.0184926 0.0901036 -0.000240386 0.000597532 0.000219782 -0.000240386 0.00958111 -0.0177645 -0.00024382 0.000597532 -0.0177645 0.0882389 
0.0101154 -0.018476 0.000227545 -0.000227545 -0.018476 0.0900873 -0.000241336 0.000537835 0.000227545 -0.000241336 0.0095707 -0.0177658 -0.000227545 0.000537835 -0.0177658 0.0882497 
0.0100992 -0.0184592 0.000211339 -0.000239055 -0.0184592 0.0900615 -0.000249449 0.000533544 0.000211339 -0.000249449 0.00954489 -0.0177351 -0.000239055 0.000533544 -0.0177351 0.0881733 
0.0101017 -0.0184114 0.000231786 -0.000238705 -0.0184114 0.0899363 -0.000242164 0.000556978 0.000231786 -0.000242164 0.00953089 -0.0177472 -0.000238705 0.000556978 -0.0177472 0.0882101 
0.0100889 -0.0184227 0.000241858 -0.000245313 -0.0184227 0.0899021 -0.000255678 0.000566639 0.000241858 -0.000255678 0.00954994 -0.0177178 -0.000245313 0.000566639 -0.0177178 0.0881676 
0.0100843 -0.0184052 0.000247974 -0.000272083 -0.0184052 0.0898837 -0.000275527 0.000619935 0.000247974 -0.000275527 0.00956422 -0.0177336 -0.000272083 0.000619935 -0.0177336 0.0881617 
0.0100401 -0.0183817 0.000205881 -0.00028137 -0.0183817 0.0897948 -0.000284802 0.000669112 0.000205881 -0.000284802 0.00960433 -0.0177606 -0.00028137 0.000669112 -0.0177606 0.0882199 
0.0100003 -0.0183357 0.000168564 -0.000244246 -0.0183357 0.0897038 -0.000251127 0.000632977 0.000168564 -0.000251127 0.00962193 -0.0178025 -0.000244246 0.000632977 -0.0178025 0.0883037 
0.0100045 -0.018286 0.00016164 -0.000189154 -0.018286 0.0895831 -0.000185714 0.000512434 0.00016164 -0.000185714 0.00960556 -0.017832 -0.000189154 0.000512434 -0.017832 0.0884104 
0.0100191 -0.0182817 0.000179097 -0.000185986 -0.0182817 0.0895142 -0.000179097 0.000458076 0.000179097 -0.000179097 0.00958515 -0.0178305 -0.000185986 0.000458076 -0.0178305 0.0884534 
0.0100387 -0.0183414 0.000190192 -0.000200566 -0.0183414 0.0896494 -0.00019365 0.000453002 0.000190192 -0.00019365 0.00954762 -0.0177501 -0.000200566 0.000453002 -0.0177501 0.08828 
0.0100427 -0.0183414 0.000189941 -0.000221022 -0.0183414 0.0897038 -0.000221022 0.000511113 0.000189941 -0.000221022 0.00954539 -0.0177232 -0.000221022 0.000511113 -0.0177232 0.0881843 
0.0100352 -0.0183453 0.000190916 -0.000204801 -0.0183453 0.0897096 -0.000211743 0.000499852 0.000190916 -0.000211743 0.00951802 -0.0176996 -0.000204801 0.000499852 -0.0176996 0.0880747 
0.0100466 -0.0183434 0.000177415 -0.000212203 -0.0183434 0.08972 -0.000215681 0.000507895 0.000177415 -0.000215681 0.00947955 -0.017665 -0.000212203 0.000507895 -0.017665 0.0879876 
0.0100225 -0.0183072 0.000191534 -0.000215911 -0.0183072 0.0896067 -0.000219394 0.000543261 0.000191534 -0.000219394 0.00949661 -0.0176699 -0.000215911 0.000543261 -0.0176699 0.0880187 
0.0099992 -0.0182815 0.000173778 -0.000218961 -0.0182815 0.089534 -0.000222436 0.000542188 0.000173778 -0.000222436 0.00953 -0.0176872 -0.000218961 0.000542188 -0.0176872 0.0880534 
0.0100028 -0.0182745 0.000155484 -0.000193491 -0.0182745 0.0895104 -0.000193491 0.000497549 0.000155484 -0.000193491 0.00956399 -0.0177148 -0.000193491 0.000497549 -0.0177148 0.0880972 
0.00998179 -0.018304 0.0001515 -0.000189375 -0.018304 0.0895778 -0.000185932 0.000475159 0.0001515 -0.000185932 0.00960304 -0.0177221 -0.000189375 0.000475159 -0.0177221 0.0880732 
0.00996315 -0.0182584 0.000167822 -0.000195222 -0.0182584 0.0895176 -0.000195222 0.000493191 0.000167822 -0.000195222 0.00966175 -0.0178097 -0.000195222 0.000493191 -0.0178097 0.088271 
0.00993077 -0.0182317 0.000158837 -0.000179555 -0.0182317 0.0894356 -0.000176102 0.000438528 0.000158837 -0.000176102 0.00965798 -0.0178657 -0.000179555 0.000438528 -0.0178657 0.0884032 
0.00993496 -0.0182118 0.000152953 -0.000163381 -0.0182118 0.0893973 -0.000156429 0.000378905 0.000152953 -0.000156429 0.0096082 -0.0178433 -0.000163381 0.000378905 -0.0178433 0.0884065 
0.00992422 -0.0182228 0.000128796 -0.000160124 -0.0182228 0.0893911 -0.0001462 0.000358539 0.000128796 -0.0001462 0.00959005 -0.0177773 -0.000160124 0.000358539 -0.0177773 0.0883015 
0.00990572 -0.0181831 0.000118548 -0.000149928 -0.0181831 0.0893119 -0.000142955 0.00034867 0.000118548 -0.000142955 0.00958494 -0.0177578 -0.000149928 0.00034867 -0.0177578 0.088217 
0.00991045 -0.0181721 0.000118521 -0.000132465 -0.0181721 0.0892637 -0.000132465 0.000320704 0.000118521 -0.000132465 0.00956186 -0.0177363 -0.000132465 0.000320704 -0.0177363 0.0881482 
0.00988391 -0.0181618 0.000118705 -0.000143144 -0.0181618 0.0892275 -0.000146635 0.000335166 0.000118705 -0.000146635 0.00957668 -0.0177184 -0.000143144 0.000335166 -0.0177184 0.0880859 
0.00988286 -0.0181366 0.000125585 -0.000136051 -0.0181366 0.0891829 -0.000139539 0.000345359 0.000125585 -0.000139539 0.00958285 -0.017725 -0.000136051 0.000345359 -0.017725 0.0880666 
0.00989843 -0.0181425 0.000111689 -0.00012565 -0.0181425 0.0891871 -0.00012565 0.000296674 0.000111689 -0.00012565 0.0095529 -0.0177132 -0.00012565 0.000296674 -0.0177132 0.0880214 
0.00992171 -0.0181474 0.000118406 -0.000125371 -0.0181474 0.0891735 -0.000121888 0.00028905 0.000118406 -0.000121888 0.00954212 -0.0177086 -0.000125371 0.00028905 -0.0177086 0.0880452 
0.00995674 -0.0181808 0.000124502 -0.000127961 -0.0181808 0.0892267 -0.000124502 0.000287047 0.000124502 -0.000124502 0.0095521 -0.0177105 -0.000127961 0.000287047 -0.0177105 0.0880509 
0.00996151 -0.0182058 0.000152031 -0.000155487 -0.0182058 0.0892908 -0.000148576 0.000342071 0.000152031 -0.000148576 0.00957797 -0.0177324 -0.000155487 0.000342071 -0.0177324 0.0881229 
0.00996297 -0.0182233 0.000162647 -0.000166107 -0.0182233 0.0893415 -0.000162647 0.000377202 0.000162647 -0.000162647 0.00958923 -0.0177666 -0.000166107 0.000377202 -0.0177666 0.0882064 
0.00998315 -0.0182609 0.000145285 -0.000169499 -0.0182609 0.0894817 -0.000169499 0.000366672 0.000145285 -0.000169499 0.00957151 -0.0177455 -0.000169499 0.000366672 -0.0177455 0.0881569 
0.00997508 -0.0182715 0.000131524 -0.000162675 -0.0182715 0.0895092 -0.000166136 0.000398034 0.000131524 -0.000166136 0.00956666 -0.017735 -0.000162675 0.000398034 -0.017735 0.0881351 
0.0099753 -0.0182626 0.000138932 -0.000145878 -0.0182626 0.0895138 -0.000149352 0.000375116 0.000138932 -0.000149352 0.00955156 -0.0177277 -0.000145878 0.000375116 -0.0177277 0.088121 
0.00994699 -0.0182617 0.000128775 -0.000146177 -0.0182617 0.0894986 -0.000149657 0.00034456 0.000128775 -0.000149657 0.00956415 -0.0177153 -0.000146177 0.00034456 -0.0177153 0.088089 
0.00991876 -0.0182315 0.000118704 -0.000143143 -0.0182315 0.0894539 -0.00013616 0.000335164 0.000118704 -0.00013616 0.00958359 -0.0177253 -0.000143143 0.000335164 -0.0177253 0.0880888 
0.00992976 -0.0181993 0.000125561 -0.000136024 -0.0181993 0.0893922 -0.000139512 0.000341804 0.000125561 -0.000139512 0.00958795 -0.0177494 -0.000136024 0.000341804 -0.0177494 0.0881331 
0.00993983 -0.0181936 0.000148872 -0.000155797 -0.0181936 0.0893269 -0.000162721 0.000377374 0.000148872 -0.000162721 0.00961439 -0.0177747 -0.000155797 0.000377374 -0.0177747 0.0882259 
0.00994166 -0.0181813 0.000159455 -0.000169854 -0.0181813 0.08926 -0.000162921 0.000395171 0.000159455 -0.000162921 0.00962275 -0.0178312 -0.000169854 0.000395171 -0.0178312 0.0883622 
0.00997547 -0.0182427 0.000166316 -0.000180175 -0.0182427 0.0894119 -0.000173245 0.000405394 0.000166316 -0.000173245 0.00960472 -0.0177888 -0.000180175 0.000405394 -0.0177888 0.0882893 
0.0100145 -0.0182702 0.000200014 -0.000210359 -0.0182702 0.0894993 -0.000206911 0.000500034 0.000200014 -0.000206911 0.00959032 -0.0177909 -0.000210359 0.000500034 -0.0177909 0.0882888 
0.0100516 -0.0183194 0.000237602 -0.000254819 -0.0183194 0.0896137 -0.000247932 0.000595726 0.000237602 -0.000247932 0.00956949 -0.0177719 -0.000254819 0.000595726 -0.0177719 0.0882639 
0.0100521 -0.0183675 0.000240728 -0.000278556 -0.0183675 0.0897364 -0.000278556 0.000653404 0.000240728 -0.000278556 0.00959128 -0.0177623 -0.000278556 0.000653404 -0.0177623 0.0882508 
0.0100331 -0.0183654 0.000244458 -0.000278889 -0.0183654 0.0897713 -0.000278889 0.000674843 0.000244458 -0.000278889 0.00960618 -0.0177835 -0.000278889 0.000674843 -0.0177835 0.0882736 
0.0100469 -0.0183503 0.000248584 -0.000258941 -0.0183503 0.0897801 -0.000262394 0.000628364 0.000248584 -0.000262394 0.00959464 -0.0178083 -0.000258941 0.000628364 -0.0178083 0.0883369 
0.0100965 -0.0183701 0.000237767 -0.000272226 -0.0183701 0.089807 -0.000282564 0.000651275 0.000237767 -0.000282564 0.00955548 -0.0177877 -0.000272226 0.000651275 -0.0177877 0.0883425 
0.0101215 -0.0184338 0.000189541 -0.000251573 -0.0184338 0.0899047 -0.000261912 0.000620317 0.000189541 -0.000261912 0.00953566 -0.0177445 -0.000251573 0.000620317 -0.0177445 0.0882574 
0.0101246 -0.0184865 0.000144587 -0.000185898 -0.0184865 0.0900538 -0.000199668 0.000492285 0.000144587 -0.000199668 0.00953243 -0.0176947 -0.000185898 0.000492285 -0.0176947 0.0881018 
0.0101328 -0.0184685 0.000158056 -0.000144312 -0.0184685 0.0900782 -0.000147748 0.000374524 0.000158056 -0.000147748 0.0095349 -0.0177091 -0.000144312 0.000374524 -0.0177091 0.0880888 
0.0101082 -0.0184692 0.000175406 -0.000158209 -0.0184692 0.0900693 -0.000158209 0.000333615 0.000175406 -0.000158209 0.00954759 -0.0177057 -0.000158209 0.000333615 -0.0177057 0.0880951 
0.0100629 -0.0184349 0.000192855 -0.000185968 -0.0184349 0.0899946 -0.000172192 0.000368492 0.000192855 -0.000172192 0.00958078 -0.0177358 -0.000185968 0.000368492 -0.0177358 0.0881521 
0.0100731 -0.0183569 0.000230105 -0.000240409 -0.0183569 0.0898201 -0.000223237 0.000504858 0.000230105 -0.000223237 0.00959574 -0.0178211 -0.000240409 0.000504858 -0.0178211 0.0883467 
0.010103 -0.018356 0.000280925 -0.00030148 -0.018356 0.0897349 -0.000280925 0.000657775 0.000280925 -0.000280925 0.00959256 -0.017849 -0.00030148 0.000657775 -0.017849 0.088505 
0.0101204 -0.0184273 0.000282174 -0.000337232 -0.0184273 0.0898586 -0.000313144 0.000743287 0.000282174 -0.000313144 0.00956294 -0.0178045 -0.000337232 0.000743287 -0.0178045 0.0884443 
0.0101044 -0.0184526 0.000273091 -0.000338771 -0.0184526 0.0899333 -0.0003284 0.000801988 0.000273091 -0.0003284 0.00956855 -0.0177786 -0.000338771 0.000801988 -0.0177786 0.0883847 
0.0100911 -0.0184171 0.000277418 -0.000339838 -0.0184171 0.0899183 -0.000329434 0.000835723 0.000277418 -0.000329434 0.00956747 -0.0177825 -0.000339838 0.000835723 -0.0177825 0.0883717 
0.0100504 -0.0183933 0.000253342 -0.000312339 -0.0183933 0.0898392 -0.00031581 0.00078779 0.000253342 -0.00031581 0.00958535 -0.0177686 -0.000312339 0.00078779 -0.0177686 0.0883261 
0.010055 -0.0183919 0.000212161 -0.000257375 -0.0183919 0.0898657 -0.000253897 0.000650394 0.000212161 -0.000253897 0.00955418 -0.0177276 -0.000257375 0.000650394 -0.0177276 0.0881649 
0.010052 -0.0183858 0.000197846 -0.000215201 -0.0183858 0.0898463 -0.000208259 0.000520647 0.000197846 -0.000208259 0.00955214 -0.0177089 -0.000215201 0.000520647 -0.0177089 0.0881004 
0.0100324 -0.0183094 0.000201202 -0.000222016 -0.0183094 0.0896426 -0.000225485 0.00052382 0.000201202 -0.000225485 0.00958486 -0.0177821 -0.000222016 0.00052382 -0.0177821 0.0882619 
0.0100156 -0.018309 0.000214423 -0.000249007 -0.018309 0.0895873 -0.000249007 0.000591393 0.000214423 -0.000249007 0.00961445 -0.0177971 -0.000249007 0.000591393 -0.0177971 0.0883354 
0.0100081 -0.0183148 0.000225253 -0.000252976 -0.0183148 0.0896124 -0.000256441 0.000623776 0.000225253 -0.000256441 0.00961309 -0.0178088 -0.000252976 0.000623776 -0.0178088 0.0883544 
0.0100183 -0.0182773 0.00022209 -0.000270672 -0.0182773 0.089516 -0.000270672 0.000648918 0.00022209 -0.000270672 0.00961926 -0.0178609 -0.000270672 0.000648918 -0.0178609 0.0884958 
0.0100514 -0.0183172 0.000201097 -0.000260039 -0.0183172 0.0895853 -0.000249638 0.000634496 0.000201097 -0.000249638 0.00957985 -0.0178179 -0.000260039 0.000634496 -0.0178179 0.0884445 
0.0100887 -0.0183362 0.000221502 -0.000221502 -0.0183362 0.0896185 -0.000221502 0.000571061 0.000221502 -0.000221502 0.00955575 -0.0177963 -0.000221502 0.000571061 -0.0177963 0.0884002 
0.0101068 -0.0183913 0.00023424 -0.000258353 -0.0183913 0.0897276 -0.000261797 0.000599378 0.00023424 -0.000261797 0.00954871 -0.0177505 -0.000258353 0.000599378 -0.0177505 0.0882911 
0.0101305 -0.0184219 0.000244067 -0.00026813 -0.0184219 0.0898441 -0.000278442 0.000653136 0.000244067 -0.000278442 0.0095186 -0.0177206 -0.00026813 0.000653136 -0.0177206 0.0881837 
0.0101449 -0.0184374 0.00025431 -0.000292112 -0.0184374 0.0898709 -0.000288676 0.000687323 0.00025431 -0.000288676 0.00950568 -0.0177192 -0.000292112 0.000687323 -0.0177192 0.0881835 
0.0101096 -0.018451 0.000217152 -0.000303323 -0.018451 0.0899318 -0.000310216 0.00074452 0.000217152 -0.000310216 0.00953054 -0.017703 -0.000303323 0.00074452 -0.017703 0.0881428 
0.0100967 -0.0184265 0.000213142 -0.000244082 -0.0184265 0.0899425 -0.00024752 0.000653177 0.000213142 -0.00024752 0.00955013 -0.0177217 -0.000244082 0.000653177 -0.0177217 0.0881514 
