0.00702327 0 8.29457e-05 0 0 0.00995293 0 0 8.29457e-05 0 0.00701677 0 0 0 0 0.00995293 
0.00959942 -0.0119167 7.6774e-05 -9.02019e-05 -0.0119167 0.031647 -9.02019e-05 0.000172785 7.6774e-05 -9.02019e-05 0.00956628 -0.0118731 -9.02019e-05 0.000172785 -0.0118731 0.0315636 
0.00988659 -0.0185201 3.19072e-05 5.69966e-06 -0.0185201 0.0682623 5.69966e-06 -5.48031e-05 3.19072e-05 5.69966e-06 0.0098928 -0.0183757 5.69966e-06 -5.48031e-05 -0.0183757 0.0677778 
0.00931727 -0.0181329 1.58155e-05 0.000146574 -0.0181329 0.0815223 0.000144976 -0.00081417 1.58155e-05 0.000144976 0.00935482 -0.0180041 0.000146574 -0.00081417 -0.0180041 0.0806796 
0.00898935 -0.0169306 2.23249e-05 0.000138065 -0.0169306 0.0820456 0.000134745 -0.00106184 2.23249e-05 0.000134745 0.00905461 -0.0168781 0.000138065 -0.00106184 -0.0168781 0.0812965 
0.00923342 -0.017078 6.03508e-05 8.20453e-05 -0.017078 0.0842597 8.10482e-05 -0.000877786 6.03508e-05 8.10482e-05 0.00932565 -0.0170979 8.20453e-05 -0.000877786 -0.0170979 0.0838051 
0.00942938 -0.0173144 9.12316e-05 1.22632e-05 -0.0173144 0.0856625 9.5948e-06 -0.000568724 9.12316e-05 9.5948e-06 0.00950855 -0.0173876 1.22632e-05 -0.000568724 -0.0173876 0.0854988 
0.00956886 -0.0175629 0.000106018 -2.9996e-05 -0.0175629 0.0868488 -3.52258e-05 -0.000333978 0.000106018 -3.52258e-05 0.00966572 -0.0176233 -2.9996e-05 -0.000333978 -0.0176233 0.0868052 
0.00935562 -0.0171674 0.000115725 -4.11912e-05 -0.0171674 0.0848772 -4.75138e-05 -0.000212995 0.000115725 -4.75138e-05 0.00946532 -0.0172372 -4.11912e-05 -0.000212995 -0.0172372 0.0848795 
0.00967041 -0.0177544 0.000106554 -4.71681e-05 -0.0177544 0.0877445 -5.38944e-05 -0.000188157 0.000106554 -5.38944e-05 0.00979954 -0.0178497 -4.71681e-05 -0.000188157 -0.0178497 0.0878106 
0.00966203 -0.0177152 8.71602e-05 -2.59626e-05 -0.0177152 0.0875373 -3.11983e-05 -0.000220794 8.71602e-05 -3.11983e-05 0.00975628 -0.0178341 -2.59626e-05 -0.000220794 -0.0178341 0.0876739 
0.00965751 -0.0176966 7.8835e-05 1.49698e-06 -0.0176966 0.0873777 -4.88518e-06 -0.00028765 7.8835e-05 -4.88518e-06 0.00971896 -0.0177791 1.49698e-06 -0.00028765 -0.0177791 0.0874975 
0.00962725 -0.0176309 6.95e-05 1.45978e-05 -0.0176309 0.086975 4.2676e-06 -0.000337078 6.95e-05 4.2676e-06 0.00965539 -0.0176532 1.45978e-05 -0.000337078 -0.0176532 0.0869581 
0.00961512 -0.0175961 7.05426e-05 2.21637e-05 -0.0175961 0.086739 8.99594e-06 -0.00035702 7.05426e-05 8.99594e-06 0.00961432 -0.0175788 2.21637e-05 -0.00035702 -0.0175788 0.0865988 
0.00962581 -0.0176156 7.06592e-05 1.80306e-05 -0.0176156 0.0867645 8.81753e-06 -0.000360058 7.06592e-05 8.81753e-06 0.00959138 -0.0175631 1.80306e-05 -0.000360058 -0.0175631 0.0865225 
0.00962198 -0.0176384 6.58659e-05 1.01651e-05 -0.0176384 0.0868334 9.29615e-06 -0.000348377 6.58659e-05 9.29615e-06 0.00959043 -0.0175462 1.01651e-05 -0.000348377 -0.0175462 0.0864955 
0.00961752 -0.0176627 6.68248e-05 1.07428e-05 -0.0176627 0.0869987 1.92748e-05 -0.000349599 6.68248e-05 1.92748e-05 0.00961935 -0.0175789 1.07428e-05 -0.000349599 -0.0175789 0.0866404 
0.00963472 -0.0177062 6.50203e-05 7.37196e-06 -0.0177062 0.0872904 2.10744e-05 -0.000351356 6.50203e-05 2.10744e-05 0.00965377 -0.0176529 7.37196e-06 -0.000351356 -0.0176529 0.0869634 
0.00961497 -0.0176895 8.0843e-05 1.26665e-05 -0.0176895 0.0872642 2.51437e-05 -0.000360317 8.0843e-05 2.51437e-05 0.00967244 -0.0176526 1.26665e-05 -0.000360317 -0.0176526 0.0869753 
0.00960932 -0.0176563 6.61344e-05 -2.12706e-06 -0.0176563 0.0871799 9.91206e-06 -0.000347492 6.61344e-05 9.91206e-06 0.00967785 -0.0176705 -2.12706e-06 -0.000347492 -0.0176705 0.0869859 
0.00963016 -0.0176465 5.8722e-05 1.30219e-05 -0.0176465 0.0871249 2.46287e-05 -0.00035843 5.8722e-05 2.46287e-05 0.00966539 -0.0176792 1.30219e-05 -0.00035843 -0.0176792 0.0870082 
0.00963633 -0.0176472 6.50226e-05 2.01979e-05 -0.0176472 0.0870235 2.97702e-05 -0.000374615 6.50226e-05 2.97702e-05 0.00963028 -0.0176388 2.01979e-05 -0.000374615 -0.0176388 0.0868676 
0.00965106 -0.0177273 6.27902e-05 8.23938e-06 -0.0177273 0.0873397 1.79991e-05 -0.000356359 6.27902e-05 1.79991e-05 0.00965553 -0.017657 8.23938e-06 -0.000356359 -0.017657 0.0870412 
0.0096346 -0.0177361 6.00235e-05 7.88397e-06 -0.0177361 0.0874558 1.48348e-05 -0.000334119 6.00235e-05 1.48348e-05 0.00968627 -0.017667 7.88397e-06 -0.000334119 -0.017667 0.0870782 
0.00957324 -0.0176066 7.35956e-05 1.0594e-05 -0.0176066 0.0869303 1.40984e-05 -0.000322314 7.35956e-05 1.40984e-05 0.00965046 -0.0175909 1.0594e-05 -0.000322314 -0.0175909 0.0866075 
0.00957761 -0.0175825 8.17148e-05 -6.43135e-06 -0.0175825 0.0868279 -2.36693e-06 -0.000292719 8.17148e-05 -2.36693e-06 0.00962733 -0.017604 -6.43135e-06 -0.000292719 -0.017604 0.0866031 
0.00961343 -0.0175807 9.23212e-05 -1.81276e-05 -0.0175807 0.0867637 -1.18722e-05 -0.000259347 9.23212e-05 -1.18722e-05 0.00958564 -0.0175768 -1.81276e-05 -0.000259347 -0.0175768 0.0865472 
0.00963093 -0.0176494 9.47572e-05 -3.09327e-05 -0.0176494 0.0869184 -2.41771e-05 -0.000228131 9.47572e-05 -2.41771e-05 0.00959154 -0.0175414 -3.09327e-05 -0.000228131 -0.0175414 0.0865184 
0.00959609 -0.017672 0.000107068 -2.96983e-05 -0.017672 0.0870158 -2.37476e-05 -0.00021999 0.000107068 -2.37476e-05 0.00961795 -0.0175335 -2.96983e-05 -0.00021999 -0.0175335 0.0864543 
0.00957186 -0.017629 0.000101537 -3.97125e-05 -0.017629 0.0869838 -3.43235e-05 -0.000209499 0.000101537 -3.43235e-05 0.00963738 -0.0175675 -3.97125e-05 -0.000209499 -0.0175675 0.0864856 
0.00960132 -0.0176822 8.80319e-05 -3.49888e-05 -0.0176822 0.0873294 -2.8259e-05 -0.000211735 8.80319e-05 -2.8259e-05 0.00969912 -0.0176794 -3.49888e-05 -0.000211735 -0.0176794 0.0869725 
0.00960093 -0.0176897 6.27779e-05 -1.86992e-05 -0.0176897 0.0874128 -1.2512e-05 -0.000239414 6.27779e-05 -1.2512e-05 0.00972335 -0.0177279 -1.86992e-05 -0.000239414 -0.0177279 0.0871772 
0.00958086 -0.0176352 4.8901e-05 1.14489e-05 -0.0176352 0.0871982 1.62604e-05 -0.000296223 4.8901e-05 1.62604e-05 0.00969846 -0.0177064 1.14489e-05 -0.000296223 -0.0177064 0.0870626 
0.00956744 -0.0175883 4.71795e-05 2.93799e-05 -0.0175883 0.0869755 3.10251e-05 -0.000345049 4.71795e-05 3.10251e-05 0.00967118 -0.0176701 2.93799e-05 -0.000345049 -0.0176701 0.0869166 
0.00953262 -0.0175161 6.11685e-05 2.98688e-05 -0.0175161 0.086578 2.56632e-05 -0.000351853 6.11685e-05 2.56632e-05 0.00963511 -0.0175797 2.98688e-05 -0.000351853 -0.0175797 0.0865174 
0.00954168 -0.0175047 7.45777e-05 1.60236e-05 -0.0175047 0.0864787 7.21499e-06 -0.000326714 7.45777e-05 7.21499e-06 0.00961392 -0.0175621 1.60236e-05 -0.000326714 -0.0175621 0.0863994 
0.00956135 -0.0175393 8.54487e-05 4.69478e-07 -0.0175393 0.0865519 -9.6868e-06 -0.000289033 8.54487e-05 -9.6868e-06 0.00959709 -0.0175524 4.69478e-07 -0.000289033 -0.0175524 0.086393 
0.00957718 -0.0175648 9.47366e-05 -9.48689e-06 -0.0175648 0.0866262 -1.88458e-05 -0.000265101 9.47366e-05 -1.88458e-05 0.00956312 -0.0175313 -9.48689e-06 -0.000265101 -0.0175313 0.0863548 
0.0095556 -0.0175595 8.38104e-05 -2.19048e-05 -0.0175595 0.0865683 -2.81413e-05 -0.000239233 8.38104e-05 -2.81413e-05 0.00954898 -0.0174699 -2.19048e-05 -0.000239233 -0.0174699 0.0861702 
0.00952001 -0.0175614 6.36744e-05 -1.16088e-05 -0.0175614 0.0866349 -1.27553e-05 -0.000248572 6.36744e-05 -1.27553e-05 0.00957849 -0.0174759 -1.16088e-05 -0.000248572 -0.0174759 0.0861835 
0.00950986 -0.0174995 5.20595e-05 1.0985e-05 -0.0174995 0.0865096 1.2976e-05 -0.000293709 5.20595e-05 1.2976e-05 0.00957252 -0.0174985 1.0985e-05 -0.000293709 -0.0174985 0.0861817 
0.00949694 -0.0174872 3.59355e-05 2.77653e-05 -0.0174872 0.0864497 3.01785e-05 -0.000345249 3.59355e-05 3.01785e-05 0.00958597 -0.0175078 2.77653e-05 -0.000345249 -0.0175078 0.0862462 
0.0094659 -0.0174611 4.24016e-05 4.06724e-05 -0.0174611 0.0863518 4.56356e-05 -0.000379347 4.24016e-05 4.56356e-05 0.00960265 -0.0175083 4.06724e-05 -0.000379347 -0.0175083 0.0862241 
0.0094453 -0.0174336 5.20211e-05 3.28858e-05 -0.0174336 0.0863095 3.84972e-05 -0.000381181 5.20211e-05 3.84972e-05 0.00963599 -0.0175447 3.28858e-05 -0.000381181 -0.0175447 0.0863177 
0.00943272 -0.0173297 6.44886e-05 1.54911e-05 -0.0173297 0.0858763 1.90258e-05 -0.000338019 6.44886e-05 1.90258e-05 0.00959024 -0.0175165 1.54911e-05 -0.000338019 -0.0175165 0.0860723 
0.00944365 -0.0173172 6.87807e-05 -8.77838e-07 -0.0173172 0.0856762 9.17962e-08 -0.000287077 6.87807e-05 9.17962e-08 0.00953499 -0.0174725 -8.77838e-07 -0.000287077 -0.0174725 0.0859187 
0.00945589 -0.0173528 7.34759e-05 -6.49435e-06 -0.0173528 0.0857074 -1.00472e-05 -0.00024978 7.34759e-05 -1.00472e-05 0.00950287 -0.0174142 -6.49435e-06 -0.00024978 -0.0174142 0.085788 
0.00945093 -0.0173782 7.22557e-05 -8.62359e-06 -0.0173782 0.0857768 -1.35172e-05 -0.000235772 7.22557e-05 -1.35172e-05 0.00948008 -0.0173656 -8.62359e-06 -0.000235772 -0.0173656 0.0856341 
0.00946646 -0.0174234 7.48163e-05 -7.1346e-06 -0.0174234 0.0860286 -8.4886e-06 -0.000239218 7.48163e-05 -8.4886e-06 0.00948813 -0.0173747 -7.1346e-06 -0.000239218 -0.0173747 0.0857219 
0.00948047 -0.0174725 6.5034e-05 -1.48688e-05 -0.0174725 0.0863148 -1.04953e-05 -0.000232417 6.5034e-05 -1.04953e-05 0.00951439 -0.0174099 -1.48688e-05 -0.000232417 -0.0174099 0.0859192 
0.00947747 -0.0174579 7.1457e-05 -5.96405e-06 -0.0174579 0.0863306 -5.46192e-07 -0.000238799 7.1457e-05 -5.46192e-07 0.00952874 -0.0174212 -5.96405e-06 -0.000238799 -0.0174212 0.0859553 
0.00943127 -0.0173564 4.4086e-05 -1.17035e-05 -0.0173564 0.0858599 -6.17593e-06 -0.000235664 4.4086e-05 -6.17593e-06 0.00948351 -0.0173464 -1.17035e-05 -0.000235664 -0.0173464 0.0855503 
0.00941213 -0.0173293 2.45089e-05 1.32918e-05 -0.0173293 0.0857126 2.29588e-05 -0.000264598 2.45089e-05 2.29588e-05 0.00948769 -0.0173288 1.32918e-05 -0.000264598 -0.0173288 0.0854589 
0.00937624 -0.0172774 2.03356e-05 3.61414e-05 -0.0172774 0.0854669 4.96563e-05 -0.000321364 2.03356e-05 4.96563e-05 0.00948114 -0.0173024 3.61414e-05 -0.000321364 -0.0173024 0.0852702 
0.00931322 -0.0171415 2.3406e-05 4.04773e-05 -0.0171415 0.0848404 5.32944e-05 -0.000348381 2.3406e-05 5.32944e-05 0.0094181 -0.0172106 4.04773e-05 -0.000348381 -0.0172106 0.084747 
0.00928556 -0.017093 1.59617e-05 3.88737e-05 -0.017093 0.0845786 4.01274e-05 -0.000338618 1.59617e-05 4.01274e-05 0.00939175 -0.0171702 3.88737e-05 -0.000338618 -0.0171702 0.084553 
0.00928487 -0.0170878 1.24857e-05 5.23611e-05 -0.0170878 0.0845457 4.41924e-05 -0.00034506 1.24857e-05 4.41924e-05 0.00936969 -0.0171667 5.23611e-05 -0.00034506 -0.0171667 0.0845466 
0.00930617 -0.0171346 2.91134e-05 5.64413e-05 -0.0171346 0.0847623 4.87986e-05 -0.000355955 2.91134e-05 4.87986e-05 0.0093724 -0.0171858 5.64413e-05 -0.000355955 -0.0171858 0.0847281 
0.00929375 -0.0171217 5.70149e-05 3.4042e-05 -0.0171217 0.0847075 3.2838e-05 -0.000331679 5.70149e-05 3.2838e-05 0.00936249 -0.0171467 3.4042e-05 -0.000331679 -0.0171467 0.0846087 
0.00926177 -0.0170706 9.30253e-05 -8.41449e-06 -0.0170706 0.0844741 -1.73431e-06 -0.000252271 9.30253e-05 -1.73431e-06 0.00934986 -0.0170889 -8.41449e-06 -0.000252271 -0.0170889 0.0843263 
0.00930137 -0.0171204 9.86651e-05 -5.94696e-05 -0.0171204 0.0847526 -4.78596e-05 -0.000136333 9.86651e-05 -4.78596e-05 0.00937162 -0.01717 -5.94696e-05 -0.000136333 -0.01717 0.0846437 
0.00933378 -0.0171719 0.000115385 -7.24713e-05 -0.0171719 0.0849794 -5.89145e-05 -5.95456e-05 0.000115385 -5.89145e-05 0.00937347 -0.0172088 -7.24713e-05 -5.95456e-05 -0.0172088 0.0848874 
0.00932969 -0.0171683 0.000108119 -9.10732e-05 -0.0171683 0.0849294 -7.7958e-05 -6.41395e-06 0.000108119 -7.7958e-05 0.0093534 -0.0171609 -9.10732e-05 -6.41395e-06 -0.0171609 0.0847595 
0.00934031 -0.0171539 9.98293e-05 -8.11706e-05 -0.0171539 0.0848425 -6.8978e-05 5.4143e-07 9.98293e-05 -6.8978e-05 0.00931085 -0.0171113 -8.11706e-05 5.4143e-07 -0.0171113 0.0845587 
0.00933866 -0.0171326 7.87053e-05 -7.06759e-05 -0.0171326 0.0846472 -6.312e-05 -1.11734e-05 7.87053e-05 -6.312e-05 0.00926289 -0.0170212 -7.06759e-05 -1.11734e-05 -0.0170212 0.0842054 
0.00934835 -0.0171432 4.66615e-05 -3.87359e-05 -0.0171432 0.0846168 -4.30885e-05 -5.62881e-05 4.66615e-05 -4.30885e-05 0.00923178 -0.0169732 -3.87359e-05 -5.62881e-05 -0.0169732 0.0840094 
0.00973867 -0.0178782 2.12842e-05 8.70958e-06 -0.0178782 0.0881765 -5.50988e-06 -0.000152951 2.12842e-05 -5.50988e-06 0.00960756 -0.0176423 8.70958e-06 -0.000152951 -0.0176423 0.0873726 
0.00934142 -0.0172067 1.65651e-05 4.45744e-05 -0.0172067 0.0848714 2.9476e-05 -0.000246097 1.65651e-05 2.9476e-05 0.00926002 -0.0169717 4.45744e-05 -0.000246097 -0.0169717 0.084022 
0.00932407 -0.0172011 2.53099e-05 4.72389e-05 -0.0172011 0.0849686 3.6532e-05 -0.000293348 2.53099e-05 3.6532e-05 0.00930239 -0.0170202 4.72389e-05 -0.000293348 -0.0170202 0.0841807 
0.00928015 -0.0171533 3.43506e-05 3.433e-05 -0.0171533 0.0848529 2.73658e-05 -0.000290114 3.43506e-05 2.73658e-05 0.0093428 -0.0170519 3.433e-05 -0.000290114 -0.0170519 0.0842348 
0.009235 -0.0170633 5.38101e-05 1.89317e-05 -0.0170633 0.0845409 1.63329e-05 -0.000260455 5.38101e-05 1.63329e-05 0.00935356 -0.0170672 1.89317e-05 -0.000260455 -0.0170672 0.0841668 
0.00957186 -0.0177051 5.27219e-05 -4.16702e-06 -0.0177051 0.0877812 -6.01122e-06 -0.000223626 5.27219e-05 -6.01122e-06 0.00975742 -0.0177877 -4.16702e-06 -0.000223626 -0.0177877 0.0876302 
0.0095473 -0.0176496 5.12246e-05 -3.1551e-06 -0.0176496 0.087603 -5.44083e-06 -0.000198134 5.12246e-05 -5.44083e-06 0.00977248 -0.0178276 -3.1551e-06 -0.000198134 -0.0178276 0.0877166 
0.00958749 -0.017646 6.62034e-05 -1.00707e-06 -0.017646 0.0876332 -3.11254e-06 -0.000196548 6.62034e-05 -3.11254e-06 0.00975254 -0.0178947 -1.00707e-06 -0.000196548 -0.0178947 0.0879941 
0.0096298 -0.0176785 6.66946e-05 -2.08926e-05 -0.0176785 0.0876328 -2.44627e-05 -0.000162797 6.66946e-05 -2.44627e-05 0.00970291 -0.0178436 -2.08926e-05 -0.000162797 -0.0178436 0.087955 
0.00960458 -0.0176478 4.65838e-05 -1.9197e-05 -0.0176478 0.087306 -2.94066e-05 -0.000138921 4.65838e-05 -2.94066e-05 0.00962547 -0.0176857 -1.9197e-05 -0.000138921 -0.0176857 0.08737 
0.00956544 -0.0175505 3.34978e-05 4.41104e-06 -0.0175505 0.0867788 -8.00637e-06 -0.000161973 3.34978e-05 -8.00637e-06 0.00953191 -0.0175233 4.41104e-06 -0.000161973 -0.0175233 0.086623 
0.00954929 -0.0175543 3.19729e-05 2.06448e-05 -0.0175543 0.0867089 1.10397e-05 -0.000206976 3.19729e-05 1.10397e-05 0.00951432 -0.0174645 2.06448e-05 -0.000206976 -0.0174645 0.086384 
0.00950912 -0.0175189 5.21897e-05 2.00812e-05 -0.0175189 0.0865584 1.31449e-05 -0.000224405 5.21897e-05 1.31449e-05 0.00949785 -0.0174263 2.00812e-05 -0.000224405 -0.0174263 0.0861622 
0.0094572 -0.0174637 5.31184e-05 -1.22389e-05 -0.0174637 0.0863723 -1.56003e-05 -0.00017451 5.31184e-05 -1.56003e-05 0.00950719 -0.0174027 -1.22389e-05 -0.00017451 -0.0174027 0.0860145 
0.00940622 -0.0173773 7.26937e-05 -2.45289e-05 -0.0173773 0.0860781 -1.85409e-05 -0.000126481 7.26937e-05 -1.85409e-05 0.00950807 -0.0173973 -2.45289e-05 -0.000126481 -0.0173973 0.0858796 
0.00941183 -0.0173845 5.40005e-05 -4.98462e-05 -0.0173845 0.0861906 -3.08465e-05 -8.67958e-05 5.40005e-05 -3.08465e-05 0.00954634 -0.017474 -4.98462e-05 -8.67958e-05 -0.017474 0.0861837 
0.0094784 -0.0174767 3.39563e-05 -3.00298e-05 -0.0174767 0.0866766 -5.39557e-06 -0.000103116 3.39563e-05 -5.39557e-06 0.00959324 -0.0176039 -3.00298e-05 -0.000103116 -0.0176039 0.0868044 
0.00951999 -0.0175405 3.86688e-05 -1.68776e-06 -0.0175405 0.0869484 1.77086e-05 -0.000159868 3.86688e-05 1.77086e-05 0.0096032 -0.0176426 -1.68776e-06 -0.000159868 -0.0176426 0.0870829 
0.00956266 -0.0175807 4.78511e-05 1.5365e-06 -0.0175807 0.0871055 1.21352e-05 -0.000189263 4.78511e-05 1.21352e-05 0.00957393 -0.0176379 1.5365e-06 -0.000189263 -0.0176379 0.0871527 
0.00958705 -0.0176176 6.38056e-05 -6.05798e-06 -0.0176176 0.0871953 -8.23313e-06 -0.000171216 6.38056e-05 -8.23313e-06 0.00953864 -0.0175926 -6.05798e-06 -0.000171216 -0.0175926 0.0870837 
0.00959341 -0.0176818 6.51152e-05 -2.6187e-05 -0.0176818 0.0874494 -3.60679e-05 -0.000117134 6.51152e-05 -3.60679e-05 0.00955334 -0.017574 -2.6187e-05 -0.000117134 -0.017574 0.0871256 
0.00955477 -0.0176039 6.31202e-05 -2.84411e-05 -0.0176039 0.087155 -4.07979e-05 -8.32738e-05 6.31202e-05 -4.07979e-05 0.00953291 -0.0175019 -2.84411e-05 -8.32738e-05 -0.0175019 0.0867435 
0.00953095 -0.0175333 4.20173e-05 -2.82016e-05 -0.0175333 0.0868333 -3.50679e-05 -7.90669e-05 4.20173e-05 -3.50679e-05 0.00951024 -0.0174601 -2.82016e-05 -7.90669e-05 -0.0174601 0.0864568 
0.009527 -0.0175353 3.21049e-05 -3.91845e-06 -0.0175353 0.0867835 -5.1928e-06 -0.000122058 3.21049e-05 -5.1928e-06 0.00950723 -0.0174548 -3.91845e-06 -0.000122058 -0.0174548 0.0864047 
0.00952767 -0.0175346 2.33236e-05 1.08509e-05 -0.0175346 0.0867583 1.057e-05 -0.000171283 2.33236e-05 1.057e-05 0.00949944 -0.0174408 1.08509e-05 -0.000171283 -0.0174408 0.0863318 
0.00953357 -0.0175656 1.97914e-05 2.02547e-05 -0.0175656 0.0869014 1.82947e-05 -0.000200973 1.97914e-05 1.82947e-05 0.00951606 -0.0174696 2.02547e-05 -0.000200973 -0.0174696 0.08646 
0.00951362 -0.0175692 3.40514e-05 2.20585e-05 -0.0175692 0.0869572 2.11815e-05 -0.000212389 3.40514e-05 2.11815e-05 0.00954468 -0.017486 2.20585e-05 -0.000212389 -0.017486 0.0865271 
0.00949755 -0.0175193 4.02518e-05 8.16214e-07 -0.0175193 0.0868192 3.90989e-06 -0.000182638 4.02518e-05 3.90989e-06 0.00954519 -0.0174971 8.16214e-07 -0.000182638 -0.0174971 0.0864935 
0.00948035 -0.0174819 5.42487e-05 -1.22814e-05 -0.0174819 0.0866471 -5.65389e-06 -0.000143451 5.42487e-05 -5.65389e-06 0.00954075 -0.0174916 -1.22814e-05 -0.000143451 -0.0174916 0.0864394 
0.00946557 -0.0174269 6.07796e-05 -2.71156e-05 -0.0174269 0.086364 -2.29131e-05 -0.000103361 6.07796e-05 -2.29131e-05 0.00950456 -0.017444 -2.71156e-05 -0.000103361 -0.017444 0.0862007 
0.0094628 -0.0174315 5.31273e-05 -2.9013e-05 -0.0174315 0.0863184 -2.9718e-05 -8.49065e-05 5.31273e-05 -2.9718e-05 0.00949894 -0.0174232 -2.9013e-05 -8.49065e-05 -0.0174232 0.0861314 
0.0094821 -0.0174675 2.86338e-05 -1.81736e-05 -0.0174675 0.086485 -2.04853e-05 -9.61993e-05 2.86338e-05 -2.04853e-05 0.00951004 -0.0174534 -1.81736e-05 -9.61993e-05 -0.0174534 0.0862672 
0.00947898 -0.0174652 2.1575e-05 8.75459e-06 -0.0174652 0.0864665 9.93643e-06 -0.000146949 2.1575e-05 9.93643e-06 0.00951035 -0.0174449 8.75459e-06 -0.000146949 -0.0174449 0.0862355 
0.00947778 -0.0175016 1.90049e-05 1.81782e-05 -0.0175016 0.0866637 2.10736e-05 -0.000190478 1.90049e-05 2.10736e-05 0.00955418 -0.017498 1.81782e-05 -0.000190478 -0.017498 0.0864696 
0.00947981 -0.0174627 3.25919e-05 2.08978e-05 -0.0174627 0.0865732 2.48982e-05 -0.000208675 3.25919e-05 2.48982e-05 0.0095461 -0.0175218 2.08978e-05 -0.000208675 -0.0175218 0.0865031 
0.00951923 -0.0174991 5.12159e-05 7.62808e-06 -0.0174991 0.0867017 1.08804e-05 -0.000196446 5.12159e-05 1.08804e-05 0.00954486 -0.0175475 7.62808e-06 -0.000196446 -0.0175475 0.0866794 
0.00955079 -0.0175547 6.90123e-05 -1.37147e-05 -0.0175547 0.0868644 -1.31051e-05 -0.000154605 6.90123e-05 -1.31051e-05 0.00954532 -0.0175398 -1.37147e-05 -0.000154605 -0.0175398 0.0867349 
0.00956332 -0.0175779 6.06207e-05 -3.27216e-05 -0.0175779 0.0869118 -3.54879e-05 -0.000105202 6.06207e-05 -3.54879e-05 0.00954177 -0.0175123 -3.27216e-05 -0.000105202 -0.0175123 0.0866301 
0.00955715 -0.0176302 6.10815e-05 -2.29732e-05 -0.0176302 0.0871251 -2.88279e-05 -9.71345e-05 6.10815e-05 -2.88279e-05 0.00957388 -0.0175355 -2.29732e-05 -9.71345e-05 -0.0175355 0.086722 
0.0095216 -0.0175914 5.32079e-05 -2.43029e-05 -0.0175914 0.0870435 -2.85344e-05 -9.90939e-05 5.32079e-05 -2.85344e-05 0.00959958 -0.017538 -2.43029e-05 -9.90939e-05 -0.017538 0.0866492 
0.00949222 -0.0174899 3.79314e-05 -1.48209e-05 -0.0174899 0.086656 -1.377e-05 -0.0001196 3.79314e-05 -1.377e-05 0.00958082 -0.0175232 -1.48209e-05 -0.0001196 -0.0175232 0.0864262 
0.00948103 -0.0174998 2.09862e-05 1.0361e-06 -0.0174998 0.0866588 6.49965e-06 -0.000157873 2.09862e-05 6.49965e-06 0.00959724 -0.0175576 1.0361e-06 -0.000157873 -0.0175576 0.0865587 
0.00951375 -0.0175578 1.37023e-05 2.16313e-05 -0.0175578 0.0869998 2.99838e-05 -0.000211866 1.37023e-05 2.99838e-05 0.0096302 -0.0176517 2.16313e-05 -0.000211866 -0.0176517 0.0869977 
0.00958469 -0.0176443 2.87202e-05 3.579e-05 -0.0176443 0.0874524 4.1245e-05 -0.000259887 2.87202e-05 4.1245e-05 0.0096571 -0.0177428 3.579e-05 -0.000259887 -0.0177428 0.087505 
0.0096431 -0.0177045 4.07545e-05 1.94415e-05 -0.0177045 0.0876716 2.20594e-05 -0.000250683 4.07545e-05 2.20594e-05 0.00964254 -0.0177491 1.94415e-05 -0.000250683 -0.0177491 0.0876583 
0.00964517 -0.0177614 3.59371e-05 6.52988e-06 -0.0177614 0.0877978 5.9842e-06 -0.000219052 3.59371e-05 5.9842e-06 0.00964553 -0.0176946 6.52988e-06 -0.000219052 -0.0176946 0.0875458 
0.0096455 -0.0177827 3.57164e-05 1.32644e-05 -0.0177827 0.0879413 1.01169e-05 -0.000213253 3.57164e-05 1.01169e-05 0.00966637 -0.0177012 1.32644e-05 -0.000213253 -0.0177012 0.0875342 
0.00964962 -0.0177818 1.56493e-05 1.69302e-05 -0.0177818 0.0879944 1.35197e-05 -0.000226053 1.56493e-05 1.35197e-05 0.00967922 -0.0177276 1.69302e-05 -0.000226053 -0.0177276 0.0875847 
0.00962575 -0.0177506 8.72273e-06 3.75176e-05 -0.0177506 0.0878484 3.6277e-05 -0.000260319 8.72273e-06 3.6277e-05 0.00967177 -0.0177098 3.75176e-05 -0.000260319 -0.0177098 0.0874745 
0.00959654 -0.0177178 -1.09088e-06 4.43234e-05 -0.0177178 0.087726 4.36156e-05 -0.000287625 -1.09088e-06 4.36156e-05 0.00967365 -0.0177021 4.43234e-05 -0.000287625 -0.0177021 0.0874105 
0.00956602 -0.0176105 -1.66456e-05 5.42454e-05 -0.0176105 0.0872801 5.19921e-05 -0.000306706 -1.66456e-05 5.19921e-05 0.00962056 -0.0176487 5.42454e-05 -0.000306706 -0.0176487 0.0870931 
0.00955849 -0.0176143 -3.74099e-07 7.30823e-05 -0.0176143 0.0872204 7.06874e-05 -0.000342258 -3.74099e-07 7.06874e-05 0.0096192 -0.0176266 7.30823e-05 -0.000342258 -0.0176266 0.0870598 
0.0095741 -0.0176578 2.25423e-05 5.56616e-05 -0.0176578 0.0874538 5.38407e-05 -0.000337359 2.25423e-05 5.38407e-05 0.00965982 -0.0176845 5.56616e-05 -0.000337359 -0.0176845 0.0873199 
0.00960242 -0.0176631 4.71419e-05 2.77874e-05 -0.0176631 0.0875274 2.55022e-05 -0.000284189 4.71419e-05 2.55022e-05 0.00966214 -0.017727 2.77874e-05 -0.000284189 -0.017727 0.0874763 
0.00962244 -0.0176944 5.92777e-05 -3.68102e-06 -0.0176944 0.0875931 -6.92485e-06 -0.000208309 5.92777e-05 -6.92485e-06 0.00964622 -0.0177249 -3.68102e-06 -0.000208309 -0.0177249 0.0875318 
0.00963044 -0.0176726 7.67627e-05 -2.17227e-05 -0.0176726 0.0874351 -2.32474e-05 -0.000146399 7.67627e-05 -2.32474e-05 0.00958549 -0.0176567 -2.17227e-05 -0.000146399 -0.0176567 0.087285 
0.00963961 -0.0176482 0.000103338 -4.57902e-05 -0.0176482 0.0872053 -4.64053e-05 -8.50541e-05 0.000103338 -4.64053e-05 0.00950663 -0.0175442 -4.57902e-05 -8.50541e-05 -0.0175442 0.0868727 
0.00960478 -0.0176584 9.99485e-05 -7.82883e-05 -0.0176584 0.0870974 -7.80656e-05 -9.97266e-06 9.99485e-05 -7.80656e-05 0.00949029 -0.0174328 -7.82883e-05 -9.97266e-06 -0.0174328 0.0864758 
0.00954574 -0.0176092 8.71123e-05 -7.59587e-05 -0.0176092 0.0869317 -7.8812e-05 2.63567e-05 8.71123e-05 -7.8812e-05 0.00950093 -0.0173949 -7.59587e-05 2.63567e-05 -0.0173949 0.0861876 
0.00953244 -0.0176079 7.4959e-05 -5.74326e-05 -0.0176079 0.0870918 -6.35563e-05 6.65927e-06 7.4959e-05 -6.35563e-05 0.00954775 -0.0174891 -5.74326e-05 6.65927e-06 -0.0174891 0.0864796 
0.00949743 -0.0175564 4.74158e-05 -3.76094e-05 -0.0175564 0.0869751 -4.64918e-05 -3.66098e-05 4.74158e-05 -4.64918e-05 0.00957028 -0.0175282 -3.76094e-05 -3.66098e-05 -0.0175282 0.0866014 
0.00948433 -0.0174992 3.77682e-05 -4.79268e-06 -0.0174992 0.0867979 -1.02546e-05 -0.000109274 3.77682e-05 -1.02546e-05 0.00956599 -0.017547 -4.79268e-06 -0.000109274 -0.017547 0.0866474 
0.00944502 -0.0174217 4.64501e-05 2.44255e-06 -0.0174217 0.0863942 2.91878e-06 -0.000154937 4.64501e-05 2.91878e-06 0.00952635 -0.0174763 2.44255e-06 -0.000154937 -0.0174763 0.0863398 
0.00944242 -0.017423 5.32777e-05 -1.08736e-05 -0.017423 0.0864016 -6.94087e-06 -0.00014969 5.32777e-05 -6.94087e-06 0.00953378 -0.0174857 -1.08736e-05 -0.00014969 -0.0174857 0.0863961 
0.00945056 -0.017423 6.32084e-05 -2.44018e-05 -0.017423 0.0864169 -1.8085e-05 -0.000117876 6.32084e-05 -1.8085e-05 0.00953446 -0.0174963 -2.44018e-05 -0.000117876 -0.0174963 0.0864425 
0.00946155 -0.0174489 5.74014e-05 -3.48681e-05 -0.0174489 0.0865255 -2.88378e-05 -8.88172e-05 5.74014e-05 -2.88378e-05 0.00954824 -0.0175189 -3.48681e-05 -8.88172e-05 -0.0175189 0.086567 
0.00947876 -0.0174669 6.19963e-05 -2.62553e-05 -0.0174669 0.0866289 -2.31601e-05 -8.78679e-05 6.19963e-05 -2.31601e-05 0.0095643 -0.0175473 -2.62553e-05 -8.78679e-05 -0.0175473 0.0867008 
0.00951644 -0.0175217 5.35066e-05 -3.3703e-05 -0.0175217 0.0868743 -3.07741e-05 -7.81286e-05 5.35066e-05 -3.07741e-05 0.00958397 -0.0175998 -3.3703e-05 -7.81286e-05 -0.0175998 0.0869562 
0.00952498 -0.0175368 2.24999e-05 -2.30705e-05 -0.0175368 0.0869017 -1.9657e-05 -8.92036e-05 2.24999e-05 -1.9657e-05 0.00958049 -0.0175903 -2.30705e-05 -8.92036e-05 -0.0175903 0.0869453 
0.00951604 -0.0174776 3.16108e-06 1.51457e-05 -0.0174776 0.0865751 1.61715e-05 -0.00015101 3.16108e-06 1.61715e-05 0.00952539 -0.0175052 1.51457e-05 -0.00015101 -0.0175052 0.086543 
0.0095499 -0.0175318 -1.41954e-06 3.90644e-05 -0.0175318 0.0867169 4.20134e-05 -0.000221922 -1.41954e-06 4.20134e-05 0.0095168 -0.017496 3.90644e-05 -0.000221922 -0.017496 0.086545 
0.00958985 -0.0176312 7.72413e-07 4.37882e-05 -0.0176312 0.087108 4.9842e-05 -0.000261241 7.72413e-07 4.9842e-05 0.00953859 -0.0175249 4.37882e-05 -0.000261241 -0.0175249 0.086738 
0.00957124 -0.0176692 1.73067e-05 4.29741e-05 -0.0176692 0.0872914 4.92526e-05 -0.000275627 1.73067e-05 4.92526e-05 0.00956513 -0.0175279 4.29741e-05 -0.000275627 -0.0175279 0.0867637 
0.00953885 -0.0176518 3.33334e-05 2.45128e-05 -0.0176518 0.087349 2.76586e-05 -0.000247835 3.33334e-05 2.76586e-05 0.00959329 -0.0175547 2.45128e-05 -0.000247835 -0.0175547 0.0868132 
0.00949758 -0.017559 3.40346e-05 2.88404e-06 -0.017559 0.0870601 4.29268e-06 -0.000193437 3.40346e-05 4.29268e-06 0.00958284 -0.0175481 2.88404e-06 -0.000193437 -0.0175481 0.0866834 
0.00947551 -0.0174829 1.95675e-05 -2.31879e-06 -0.0174829 0.0867404 -7.05391e-07 -0.000156833 1.95675e-05 -7.05391e-07 0.00956265 -0.0175213 -2.31879e-06 -0.000156833 -0.0175213 0.0865268 
0.0094666 -0.017453 -3.18039e-06 1.99801e-05 -0.017453 0.0865523 2.325e-05 -0.000186639 -3.18039e-06 2.325e-05 0.00955522 -0.0174985 1.99801e-05 -0.000186639 -0.0174985 0.0864191 
0.00946919 -0.0174918 -2.54128e-05 4.92438e-05 -0.0174918 0.0867027 5.11948e-05 -0.000250864 -2.54128e-05 5.11948e-05 0.00958847 -0.0175422 4.92438e-05 -0.000250864 -0.0175422 0.0866045 
0.00947705 -0.0175072 -6.94182e-06 7.51327e-05 -0.0175072 0.0868347 7.93725e-05 -0.000321181 -6.94182e-06 7.93725e-05 0.00961254 -0.0175947 7.51327e-05 -0.000321181 -0.0175947 0.0868068 
0.00951704 -0.0175435 5.31415e-06 5.49093e-05 -0.0175435 0.0870492 6.18866e-05 -0.000325839 5.31415e-06 6.18866e-05 0.00961855 -0.0176604 5.49093e-05 -0.000325839 -0.0176604 0.087113 
0.00953012 -0.0175431 2.36062e-05 3.52056e-05 -0.0175431 0.0869914 4.02023e-05 -0.000277922 2.36062e-05 4.02023e-05 0.00959567 -0.0176268 3.52056e-05 -0.000277922 -0.0176268 0.0870549 
0.00954279 -0.0175232 3.69914e-05 9.96679e-06 -0.0175232 0.0868103 8.99486e-06 -0.000205363 3.69914e-05 8.99486e-06 0.00953118 -0.017551 9.96679e-06 -0.000205363 -0.017551 0.0867587 
0.00955706 -0.0175674 3.93996e-05 -3.82833e-06 -0.0175674 0.0868767 -6.2388e-06 -0.000155061 3.93996e-05 -6.2388e-06 0.00949308 -0.0174833 -3.82833e-06 -0.000155061 -0.0174833 0.0865763 
0.00954404 -0.0175656 5.07718e-05 -9.55027e-06 -0.0175656 0.0868271 -9.36137e-06 -0.000126214 5.07718e-05 -9.36137e-06 0.00946109 -0.0174059 -9.55027e-06 -0.000126214 -0.0174059 0.0862796 
