0.00714058 0 7.08725e-05 0 0 0.00987844 0 0 7.08725e-05 0 0.00682533 0 0 0 0 0.00987844 
0.00972322 -0.012065 7.65176e-05 -9.08476e-05 -0.012065 0.0318753 -9.08476e-05 0.000174429 7.65176e-05 -9.08476e-05 0.00936226 -0.011626 -9.08476e-05 0.000174429 -0.011626 0.0310335 
0.00995589 -0.01857 3.66547e-05 -4.21823e-05 -0.01857 0.068329 -4.21823e-05 0.000110814 3.66547e-05 -4.21823e-05 0.0097605 -0.0182012 -4.21823e-05 0.000110814 -0.0182012 0.06721 
0.00941724 -0.0181087 4.54786e-05 5.45276e-05 -0.0181087 0.0811309 4.6344e-05 -0.000319876 4.54786e-05 4.6344e-05 0.00932253 -0.018171 5.45276e-05 -0.000319876 -0.018171 0.0816578 
0.00916711 -0.0170068 7.63395e-05 2.88561e-05 -0.0170068 0.0818134 1.4179e-05 -0.000423123 7.63395e-05 1.4179e-05 0.00905646 -0.0171668 2.88561e-05 -0.000423123 -0.0171668 0.0832654 
0.00942682 -0.0171954 7.71297e-05 -3.36062e-05 -0.0171954 0.0840713 -4.11837e-05 -0.000270911 7.71297e-05 -4.11837e-05 0.00928025 -0.0172535 -3.36062e-05 -0.000270911 -0.0172535 0.0853629 
0.00955872 -0.0173801 3.56383e-05 -5.32625e-05 -0.0173801 0.0852444 -5.11691e-05 -0.000115432 3.56383e-05 -5.11691e-05 0.00940446 -0.0173579 -5.32625e-05 -0.000115432 -0.0173579 0.0860983 
0.00971344 -0.0176356 5.2862e-06 -3.15108e-07 -0.0176356 0.0866215 4.94668e-06 -0.000135868 5.2862e-06 4.94668e-06 0.00953192 -0.0175828 -3.15108e-07 -0.000135868 -0.0175828 0.0871668 
0.00947346 -0.0171938 1.08749e-05 4.24318e-05 -0.0171938 0.0844655 4.93018e-05 -0.000227061 1.08749e-05 4.93018e-05 0.00929183 -0.0171125 4.24318e-05 -0.000227061 -0.0171125 0.0848213 
0.00976086 -0.017726 3.32442e-05 3.83242e-05 -0.017726 0.0870613 4.54518e-05 -0.00026914 3.32442e-05 4.54518e-05 0.00958498 -0.017646 3.83242e-05 -0.00026914 -0.017646 0.0873743 
0.0097062 -0.0176188 4.70604e-05 1.21558e-05 -0.0176188 0.0865259 1.62445e-05 -0.000232857 4.70604e-05 1.62445e-05 0.00951817 -0.0175617 1.21558e-05 -0.000232857 -0.0175617 0.0868742 
0.00967335 -0.0175736 5.61809e-05 -6.49632e-06 -0.0175736 0.0862564 -3.12899e-06 -0.000180194 5.61809e-05 -3.12899e-06 0.00946966 -0.0174955 -6.49632e-06 -0.000180194 -0.0174955 0.0865886 
0.00964285 -0.0175915 6.35589e-05 -2.03259e-05 -0.0175915 0.0863214 -1.49417e-05 -0.000138177 6.35589e-05 -1.49417e-05 0.00948194 -0.0174696 -2.03259e-05 -0.000138177 -0.0174696 0.0865409 
0.00957797 -0.0174682 5.89234e-05 -3.26681e-05 -0.0174682 0.0858629 -2.63719e-05 -0.000100525 5.89234e-05 -2.63719e-05 0.0094425 -0.0173928 -3.26681e-05 -0.000100525 -0.0173928 0.0860882 
0.00955962 -0.0174559 5.52742e-05 -2.67381e-05 -0.0174559 0.0858604 -2.12198e-05 -9.50994e-05 5.52742e-05 -2.12198e-05 0.00945507 -0.0174215 -2.67381e-05 -9.50994e-05 -0.0174215 0.0861797 
0.0095387 -0.0173933 4.22147e-05 -1.82043e-05 -0.0173933 0.0856323 -1.51099e-05 -0.000109909 4.22147e-05 -1.51099e-05 0.00943767 -0.0174022 -1.82043e-05 -0.000109909 -0.0174022 0.0860608 
0.00952801 -0.0173959 4.01294e-05 -2.74793e-06 -0.0173959 0.0856267 -1.38869e-06 -0.000137534 4.01294e-05 -1.38869e-06 0.00945663 -0.0174062 -2.74793e-06 -0.000137534 -0.0174062 0.086099 
0.00950385 -0.0173663 4.14131e-05 -8.65094e-07 -0.0173663 0.085524 1.0025e-06 -0.000153287 4.14131e-05 1.0025e-06 0.00946836 -0.0174094 -8.65094e-07 -0.000153287 -0.0174094 0.0860496 
0.00950653 -0.0173396 3.6975e-05 -2.72779e-06 -0.0173396 0.085459 -1.32036e-06 -0.000152685 3.6975e-05 -1.32036e-06 0.00945979 -0.0174404 -2.72779e-06 -0.000152685 -0.0174404 0.0861145 
0.00948869 -0.0172831 4.64524e-05 1.86529e-07 -0.0172831 0.0851469 -1.85317e-06 -0.000145556 4.64524e-05 -1.85317e-06 0.00941459 -0.0173787 1.86529e-07 -0.000145556 -0.0173787 0.0858651 
0.00948288 -0.0173058 6.25541e-05 -1.26454e-05 -0.0173058 0.085186 -1.72387e-05 -0.000119124 6.25541e-05 -1.72387e-05 0.0094109 -0.0173602 -1.26454e-05 -0.000119124 -0.0173602 0.0858491 
0.00947015 -0.017282 5.21352e-05 -3.10643e-05 -0.017282 0.0851133 -3.93158e-05 -7.31002e-05 5.21352e-05 -3.93158e-05 0.00939004 -0.0173376 -3.10643e-05 -7.31002e-05 -0.0173376 0.085745 
0.00946529 -0.0172781 3.51041e-05 -1.64108e-05 -0.0172781 0.0851022 -2.77656e-05 -7.25313e-05 3.51041e-05 -2.77656e-05 0.00938627 -0.0173188 -1.64108e-05 -7.25313e-05 -0.0173188 0.0856993 
0.00945504 -0.0172265 4.77377e-05 5.87918e-06 -0.0172265 0.0848679 -5.66065e-06 -0.00011511 4.77377e-05 -5.66065e-06 0.00935698 -0.0172706 5.87918e-06 -0.00011511 -0.0172706 0.0854555 
0.00947972 -0.0173023 5.25181e-05 -9.5742e-06 -0.0173023 0.0851679 -1.49089e-05 -0.00012187 5.25181e-05 -1.49089e-05 0.0093857 -0.017316 -9.5742e-06 -0.00012187 -0.017316 0.0857006 
0.00949029 -0.0173337 6.16957e-05 -1.60345e-05 -0.0173337 0.0853545 -1.53014e-05 -0.000114596 6.16957e-05 -1.53014e-05 0.00940147 -0.0173469 -1.60345e-05 -0.000114596 -0.0173469 0.0858493 
0.00953371 -0.0174051 6.8594e-05 -2.82796e-05 -0.0174051 0.0857468 -2.61012e-05 -9.48977e-05 6.8594e-05 -2.61012e-05 0.00943568 -0.0174255 -2.82796e-05 -9.48977e-05 -0.0174255 0.0862433 
0.00956199 -0.0174385 4.67054e-05 -3.89168e-05 -0.0174385 0.0859201 -3.85635e-05 -6.2791e-05 4.67054e-05 -3.85635e-05 0.00944745 -0.0174517 -3.89168e-05 -6.2791e-05 -0.0174517 0.0864134 
0.00955594 -0.0173904 4.14371e-05 -1.93269e-05 -0.0173904 0.0856518 -2.1965e-05 -6.42062e-05 4.14371e-05 -2.1965e-05 0.00941143 -0.0173829 -1.93269e-05 -6.42062e-05 -0.0173829 0.0861075 
0.00953183 -0.0173804 3.62965e-05 -1.35769e-05 -0.0173804 0.0855127 -1.63145e-05 -7.73745e-05 3.62965e-05 -1.63145e-05 0.00940584 -0.01734 -1.35769e-05 -7.73745e-05 -0.01734 0.0859053 
0.00948721 -0.0173262 2.94313e-05 -1.08691e-05 -0.0173262 0.0852755 -1.15171e-05 -8.28765e-05 2.94313e-05 -1.15171e-05 0.00940141 -0.0173051 -1.08691e-05 -8.28765e-05 -0.0173051 0.0856646 
0.00947002 -0.0172614 3.49149e-05 -1.01465e-06 -0.0172614 0.0850294 1.36442e-07 -0.000102141 3.49149e-05 1.36442e-07 0.00937261 -0.0172947 -1.01465e-06 -0.000102141 -0.0172947 0.0855164 
0.00948313 -0.0172644 5.39733e-05 -2.52469e-06 -0.0172644 0.0849949 -9.43848e-07 -0.00011657 5.39733e-05 -9.43848e-07 0.00936152 -0.017283 -2.52469e-06 -0.00011657 -0.017283 0.0855079 
0.00949328 -0.017267 6.48696e-05 -2.47282e-05 -0.017267 0.0849316 -2.18535e-05 -9.09918e-05 6.48696e-05 -2.18535e-05 0.00933004 -0.0172461 -2.47282e-05 -9.09918e-05 -0.0172461 0.0853678 
0.00950236 -0.0172973 5.17367e-05 -4.03899e-05 -0.0172973 0.0850016 -3.519e-05 -5.4261e-05 5.17367e-05 -3.519e-05 0.00931533 -0.0172211 -4.03899e-05 -5.4261e-05 -0.0172211 0.0853108 
0.0094498 -0.017281 3.10032e-05 -2.1826e-05 -0.017281 0.0849018 -1.57421e-05 -7.19788e-05 3.10032e-05 -1.57421e-05 0.00931618 -0.0171653 -2.1826e-05 -7.19788e-05 -0.0171653 0.0850787 
0.00940057 -0.0172013 5.99056e-06 5.75291e-06 -0.0172013 0.0846791 7.07744e-06 -0.000125224 5.99056e-06 7.07744e-06 0.00931595 -0.0171517 5.75291e-06 -0.000125224 -0.0171517 0.0849011 
0.00939494 -0.0171695 7.01702e-06 3.80189e-05 -0.0171695 0.0846322 3.20874e-05 -0.000190879 7.01702e-06 3.20874e-05 0.00932413 -0.0171975 3.80189e-05 -0.000190879 -0.0171975 0.085036 
0.00941603 -0.0172017 1.88762e-05 4.17358e-05 -0.0172017 0.0847988 3.47064e-05 -0.000230234 1.88762e-05 3.47064e-05 0.00934265 -0.0172497 4.17358e-05 -0.000230234 -0.0172497 0.0853189 
0.00943131 -0.0172115 2.71872e-05 2.19414e-05 -0.0172115 0.0848545 2.22813e-05 -0.000215411 2.71872e-05 2.22813e-05 0.00935012 -0.0172624 2.19414e-05 -0.000215411 -0.0172624 0.0854224 
0.00946713 -0.0172674 1.68608e-05 6.83897e-06 -0.0172674 0.0850942 1.83622e-05 -0.00019119 1.68608e-05 1.83622e-05 0.00936825 -0.0173032 6.83897e-06 -0.00019119 -0.0173032 0.0856465 
0.00945828 -0.0172716 9.11105e-06 1.28091e-05 -0.0172716 0.0850774 2.90086e-05 -0.000190428 9.11105e-06 2.90086e-05 0.0093663 -0.0172815 1.28091e-05 -0.000190428 -0.0172815 0.0855754 
0.00942342 -0.0171942 1.26952e-05 2.44367e-05 -0.0171942 0.084714 3.33756e-05 -0.000203122 1.26952e-05 3.33756e-05 0.0093243 -0.017199 2.44367e-05 -0.000203122 -0.017199 0.0851586 
0.00941097 -0.0171679 3.84941e-05 2.71999e-05 -0.0171679 0.0845567 2.63536e-05 -0.000208535 3.84941e-05 2.63536e-05 0.00929787 -0.0171626 2.71999e-05 -0.000208535 -0.0171626 0.0849675 
0.00940424 -0.0171551 4.09392e-05 1.3044e-06 -0.0171551 0.0844712 -3.0915e-06 -0.000170568 4.09392e-05 -3.0915e-06 0.00926522 -0.0171321 1.3044e-06 -0.000170568 -0.0171321 0.0848366 
0.00940305 -0.0171724 2.95358e-05 -1.1001e-05 -0.0171724 0.0845298 -1.34916e-05 -0.0001212 2.95358e-05 -1.34916e-05 0.00925597 -0.0171031 -1.1001e-05 -0.0001212 -0.0171031 0.0847849 
0.00939869 -0.0171629 1.77575e-05 2.93874e-06 -0.0171629 0.0845136 -8.99733e-07 -0.000122457 1.77575e-05 -8.99733e-07 0.00924596 -0.0170823 2.93874e-06 -0.000122457 -0.0170823 0.084699 
0.00938865 -0.0171673 1.07105e-05 2.33699e-05 -0.0171673 0.0845366 1.64638e-05 -0.000163018 1.07105e-05 1.64638e-05 0.00926308 -0.0170744 2.33699e-05 -0.000163018 -0.0170744 0.0846712 
0.00976244 -0.0178474 2.32971e-05 2.80908e-05 -0.0178474 0.0879373 2.43532e-05 -0.000192262 2.32971e-05 2.43532e-05 0.00966089 -0.0177809 2.80908e-05 -0.000192262 -0.0177809 0.0880954 
0.00936674 -0.0171137 3.90921e-05 9.75096e-06 -0.0171137 0.0843512 1.14075e-05 -0.000168344 3.90921e-05 1.14075e-05 0.00927161 -0.0171005 9.75096e-06 -0.000168344 -0.0171005 0.0846139 
0.00933189 -0.0171106 4.69691e-05 -9.28788e-06 -0.0171106 0.0843349 -7.33035e-06 -0.000129495 4.69691e-05 -7.33035e-06 0.00930583 -0.0171131 -9.28788e-06 -0.000129495 -0.0171131 0.0846884 
0.0093361 -0.0171364 5.79362e-05 -2.10425e-05 -0.0171364 0.0845975 -2.38254e-05 -8.55506e-05 5.79362e-05 -2.38254e-05 0.00936775 -0.0172204 -2.10425e-05 -8.55506e-05 -0.0172204 0.0851072 
0.00932204 -0.0170839 5.87754e-05 -3.48118e-05 -0.0170839 0.0844521 -4.04616e-05 -4.13065e-05 5.87754e-05 -4.04616e-05 0.00938669 -0.0172499 -3.48118e-05 -4.13065e-05 -0.0172499 0.0851784 
0.00931792 -0.0170165 5.26756e-05 -3.98487e-05 -0.0170165 0.0841286 -4.50079e-05 -1.06851e-05 5.26756e-05 -4.50079e-05 0.00936085 -0.0172348 -3.98487e-05 -1.06851e-05 -0.0172348 0.0850399 
0.00937291 -0.0170884 3.37608e-05 -3.01703e-05 -0.0170884 0.0843663 -3.53283e-05 -1.82859e-05 3.37608e-05 -3.53283e-05 0.00936438 -0.017292 -3.01703e-05 -1.82859e-05 -0.017292 0.0853477 
0.00938173 -0.0171099 3.82199e-05 -4.68054e-06 -0.0171099 0.0843591 -1.27059e-05 -6.21966e-05 3.82199e-05 -1.27059e-05 0.00934323 -0.0172522 -4.68054e-06 -6.21966e-05 -0.0172522 0.0852618 
0.00940544 -0.0171412 4.60182e-05 -3.96673e-06 -0.0171412 0.0844557 -1.18528e-05 -9.19954e-05 4.60182e-05 -1.18528e-05 0.00933648 -0.0172295 -3.96673e-06 -9.19954e-05 -0.0172295 0.085212 
0.00940203 -0.0171788 4.69377e-05 -1.41299e-05 -0.0171788 0.0845744 -1.60243e-05 -9.28481e-05 4.69377e-05 -1.60243e-05 0.00936415 -0.0172233 -1.41299e-05 -9.28481e-05 -0.0172233 0.0851966 
0.00943246 -0.0172071 4.7921e-05 -1.51846e-05 -0.0172071 0.0847771 -1.20997e-05 -9.76155e-05 4.7921e-05 -1.20997e-05 0.00937304 -0.0172898 -1.51846e-05 -9.76155e-05 -0.0172898 0.0854063 
0.00946043 -0.0172135 5.75405e-05 -1.3323e-05 -0.0172135 0.0847769 -9.24708e-06 -0.000109467 5.75405e-05 -9.24708e-06 0.00934332 -0.0172813 -1.3323e-05 -0.000109467 -0.0172813 0.0854159 
0.00949343 -0.0172776 6.04452e-05 -2.50454e-05 -0.0172776 0.0849682 -1.8828e-05 -0.000100769 6.04452e-05 -1.8828e-05 0.00934449 -0.017264 -2.50454e-05 -0.000100769 -0.017264 0.0854653 
0.00953105 -0.0173656 5.15412e-05 -3.16214e-05 -0.0173656 0.0853402 -2.23885e-05 -8.64147e-05 5.15412e-05 -2.23885e-05 0.00937708 -0.0172995 -3.16214e-05 -8.64147e-05 -0.0172995 0.0856693 
0.00955569 -0.0173982 4.3295e-05 -1.75546e-05 -0.0173982 0.0855191 -6.18464e-06 -0.000110034 4.3295e-05 -6.18464e-06 0.00938672 -0.0173338 -1.75546e-05 -0.000110034 -0.0173338 0.0857937 
0.00958428 -0.0174442 2.77268e-05 -5.39973e-06 -0.0174442 0.0857183 5.69403e-06 -0.000145271 2.77268e-05 5.69403e-06 0.00939258 -0.01736 -5.39973e-06 -0.000145271 -0.01736 0.0859507 
0.00953165 -0.0174231 1.39157e-05 1.60593e-05 -0.0174231 0.0855811 2.2423e-05 -0.000189453 1.39157e-05 2.2423e-05 0.00940345 -0.0173012 1.60593e-05 -0.000189453 -0.0173012 0.0857217 
0.00948361 -0.0173591 1.36381e-05 3.12476e-05 -0.0173591 0.0854215 3.22126e-05 -0.000223864 1.36381e-05 3.22126e-05 0.009405 -0.0173145 3.12476e-05 -0.000223864 -0.0173145 0.0856403 
0.00944147 -0.0172396 2.34358e-05 3.36475e-05 -0.0172396 0.0849664 3.09669e-05 -0.000237159 2.34358e-05 3.09669e-05 0.00936188 -0.0172672 3.36475e-05 -0.000237159 -0.0172672 0.0853614 
0.00939673 -0.0171743 3.18948e-05 2.02488e-05 -0.0171743 0.0846192 1.26754e-05 -0.000208212 3.18948e-05 1.26754e-05 0.00935354 -0.0172055 2.02488e-05 -0.000208212 -0.0172055 0.0851003 
0.00935886 -0.0170978 4.559e-05 3.51684e-06 -0.0170978 0.0842817 -5.90364e-06 -0.000155199 4.559e-05 -5.90364e-06 0.00933354 -0.0171762 3.51684e-06 -0.000155199 -0.0171762 0.084861 
0.00938497 -0.0171252 4.37658e-05 -1.56188e-05 -0.0171252 0.0844197 -2.27711e-05 -0.00010326 4.37658e-05 -2.27711e-05 0.00933246 -0.017232 -1.56188e-05 -0.00010326 -0.017232 0.0851011 
0.00939648 -0.0171481 2.57831e-05 -1.38349e-05 -0.0171481 0.0844864 -1.81904e-05 -8.79392e-05 2.57831e-05 -1.81904e-05 0.00931651 -0.0172177 -1.38349e-05 -8.79392e-05 -0.0172177 0.0851463 
0.00938666 -0.0171662 -6.51039e-06 7.21975e-06 -0.0171662 0.0845502 9.07154e-06 -0.000123742 -6.51039e-06 9.07154e-06 0.00931897 -0.0171856 7.21975e-06 -0.000123742 -0.0171856 0.0850871 
0.00936134 -0.0170899 1.06961e-05 4.42839e-05 -0.0170899 0.0842341 4.89296e-05 -0.000199651 1.06961e-05 4.89296e-05 0.0092783 -0.0171122 4.42839e-05 -0.000199651 -0.0171122 0.084702 
0.00936975 -0.01712 2.76748e-05 2.88821e-05 -0.01712 0.0843431 3.0242e-05 -0.000214224 2.76748e-05 3.0242e-05 0.00928213 -0.0171279 2.88821e-05 -0.000214224 -0.0171279 0.0847781 
0.00941266 -0.0172193 3.23481e-05 8.36224e-06 -0.0172193 0.0848429 6.54375e-06 -0.000174513 3.23481e-05 6.54375e-06 0.00932882 -0.0172167 8.36224e-06 -0.000174513 -0.0172167 0.0852404 
0.00939692 -0.0172078 1.16837e-05 -3.03148e-08 -0.0172078 0.0848471 -3.98372e-06 -0.000134492 1.16837e-05 -3.98372e-06 0.00934037 -0.0172158 -3.03148e-08 -0.000134492 -0.0172158 0.0852511 
0.00936369 -0.0171423 -4.29925e-06 2.3562e-05 -0.0171423 0.0846082 1.79809e-05 -0.000152453 -4.29925e-06 1.79809e-05 0.00932688 -0.0171954 2.3562e-05 -0.000152453 -0.0171954 0.0851035 
0.00937672 -0.0171413 5.96241e-06 3.73135e-05 -0.0171413 0.0846435 3.42318e-05 -0.000183689 5.96241e-06 3.42318e-05 0.00932756 -0.017229 3.73135e-05 -0.000183689 -0.017229 0.0852521 
0.00936369 -0.0170885 1.23398e-05 2.0854e-05 -0.0170885 0.0843524 1.91005e-05 -0.000166901 1.23398e-05 1.91005e-05 0.00928819 -0.0171615 2.0854e-05 -0.000166901 -0.0171615 0.0849823 
0.00935869 -0.017094 2.64653e-05 1.01432e-05 -0.017094 0.0842983 7.11798e-06 -0.000131356 2.64653e-05 7.11798e-06 0.00926957 -0.0171233 1.01432e-05 -0.000131356 -0.0171233 0.084846 
0.00972265 -0.017775 4.91242e-05 -2.80775e-06 -0.017775 0.0876425 -7.27398e-06 -0.000103463 4.91242e-05 -7.27398e-06 0.00962969 -0.0177763 -2.80775e-06 -0.000103463 -0.0177763 0.0881083 
0.00966807 -0.0176855 6.41332e-05 -2.58125e-05 -0.0176855 0.0872275 -3.00656e-05 -5.68456e-05 6.41332e-05 -3.00656e-05 0.00958827 -0.0176829 -2.58125e-05 -5.68456e-05 -0.0176829 0.0876354 
0.00960916 -0.017593 5.99821e-05 -4.36097e-05 -0.017593 0.0867917 -4.41422e-05 -1.49406e-05 5.99821e-05 -4.41422e-05 0.0095567 -0.0175993 -4.36097e-05 -1.49406e-05 -0.0175993 0.0871852 
0.0095954 -0.0175643 5.7437e-05 -4.37574e-05 -0.0175643 0.0866877 -4.21753e-05 3.50002e-06 5.7437e-05 -4.21753e-05 0.00955949 -0.0176023 -4.37574e-05 3.50002e-06 -0.0176023 0.087125 
0.00962581 -0.0176266 4.01049e-05 -4.32321e-05 -0.0176266 0.0869947 -4.26843e-05 1.08437e-05 4.01049e-05 -4.26843e-05 0.00959052 -0.0176801 -4.32321e-05 1.08437e-05 -0.0176801 0.0874719 
0.00963676 -0.0176812 4.10254e-05 -2.35086e-05 -0.0176812 0.0872745 -2.63831e-05 -8.14995e-06 4.10254e-05 -2.63831e-05 0.00963702 -0.0177348 -2.35086e-05 -8.14995e-06 -0.0177348 0.0877649 
0.00964327 -0.0176511 4.5106e-05 -2.39662e-05 -0.0176511 0.0872229 -2.88507e-05 -1.6382e-05 4.5106e-05 -2.88507e-05 0.00963541 -0.0177608 -2.39662e-05 -1.6382e-05 -0.0177608 0.0878147 
0.00962278 -0.0176203 4.06066e-05 -2.8369e-05 -0.0176203 0.0870328 -3.63111e-05 -2.48542e-06 4.06066e-05 -3.63111e-05 0.00962495 -0.017735 -2.8369e-05 -2.48542e-06 -0.017735 0.0877048 
0.00961376 -0.0176021 3.30492e-05 -2.11586e-05 -0.0176021 0.0869387 -3.28166e-05 -1.7636e-06 3.30492e-05 -3.28166e-05 0.00962056 -0.0177237 -2.11586e-05 -1.7636e-06 -0.0177237 0.0876424 
0.00959069 -0.0175996 2.46446e-05 -1.0951e-05 -0.0175996 0.0869244 -2.33604e-05 -2.02192e-05 2.46446e-05 -2.33604e-05 0.00963017 -0.0177325 -1.0951e-05 -2.02192e-05 -0.0177325 0.087669 
0.00959995 -0.0175636 2.85337e-05 -3.79651e-06 -0.0175636 0.086836 -1.47369e-05 -3.70748e-05 2.85337e-05 -1.47369e-05 0.00961113 -0.0177383 -3.79651e-06 -3.70748e-05 -0.0177383 0.0876664 
0.00964332 -0.0176172 1.70508e-05 -9.39103e-06 -0.0176172 0.0870399 -1.97991e-05 -3.36091e-05 1.70508e-05 -1.97991e-05 0.00961718 -0.0177755 -9.39103e-06 -3.36091e-05 -0.0177755 0.0879117 
0.00967446 -0.0176877 -9.42915e-07 -5.4434e-07 -0.0176877 0.0872991 -1.0881e-05 -3.6032e-05 -9.42915e-07 -1.0881e-05 0.00961911 -0.0177905 -5.4434e-07 -3.6032e-05 -0.0177905 0.088082 
0.00971664 -0.0177393 3.27415e-06 1.82372e-05 -0.0177393 0.0875315 1.09192e-05 -6.87248e-05 3.27415e-06 1.09192e-05 0.00960384 -0.0177896 1.82372e-05 -6.87248e-05 -0.0177896 0.0881676 
0.00974642 -0.0177779 3.4606e-06 9.66564e-06 -0.0177779 0.087653 6.84788e-06 -7.14051e-05 3.4606e-06 6.84788e-06 0.00958088 -0.017753 9.66564e-06 -7.14051e-05 -0.017753 0.0881041 
0.00972406 -0.0177622 -2.56764e-06 1.01616e-05 -0.0177622 0.0875005 7.3412e-06 -6.7895e-05 -2.56764e-06 7.3412e-06 0.00955233 -0.0176617 1.01616e-05 -6.7895e-05 -0.0176617 0.0877376 
0.00975361 -0.0177985 -9.82144e-06 1.65868e-05 -0.0177985 0.0876881 1.54816e-05 -7.86813e-05 -9.82144e-06 1.54816e-05 0.00954317 -0.0176769 1.65868e-05 -7.86813e-05 -0.0176769 0.0877876 
0.00967225 -0.0177303 -2.28552e-05 2.51566e-05 -0.0177303 0.0873114 2.88317e-05 -0.000104496 -2.28552e-05 2.88317e-05 0.00952969 -0.0175621 2.51566e-05 -0.000104496 -0.0175621 0.0872892 
0.00959743 -0.0175999 -3.29013e-06 3.81696e-05 -0.0175999 0.0868392 4.46929e-05 -0.000135998 -3.29013e-06 4.46929e-05 0.009516 -0.0175197 3.81696e-05 -0.000135998 -0.0175197 0.0868992 
0.00955755 -0.017498 4.90357e-05 1.88138e-05 -0.017498 0.0864247 2.42709e-05 -0.000125104 4.90357e-05 2.42709e-05 0.00949346 -0.0174986 1.88138e-05 -0.000125104 -0.0174986 0.086675 
0.00952524 -0.0174547 8.43743e-05 -4.14363e-05 -0.0174547 0.0861961 -3.65195e-05 -2.59408e-05 8.43743e-05 -3.65195e-05 0.00950357 -0.0174889 -4.14363e-05 -2.59408e-05 -0.0174889 0.0865946 
0.00953344 -0.0174418 9.16536e-05 -8.75159e-05 -0.0174418 0.0861654 -8.35098e-05 9.85527e-05 9.16536e-05 -8.35098e-05 0.00950684 -0.0175293 -8.75159e-05 9.85527e-05 -0.0175293 0.0866995 
0.00958399 -0.0175302 7.70778e-05 -0.000101792 -0.0175302 0.0865509 -9.95963e-05 0.000179097 7.70778e-05 -9.95963e-05 0.00954153 -0.017616 -0.000101792 0.000179097 -0.017616 0.0871491 
0.00962479 -0.0176245 2.76103e-05 -8.10952e-05 -0.0176245 0.0869812 -8.12929e-05 0.000173425 2.76103e-05 -8.12929e-05 0.00958337 -0.0176889 -8.10952e-05 0.000173425 -0.0176889 0.0875628 
0.00962784 -0.0176132 -6.36321e-06 -1.58578e-05 -0.0176132 0.0869645 -1.98008e-05 6.37916e-05 -6.36321e-06 -1.98008e-05 0.00957974 -0.0176858 -1.58578e-05 6.37916e-05 -0.0176858 0.0875527 
0.0096606 -0.01767 -1.35361e-05 2.88389e-05 -0.01767 0.0872161 2.17996e-05 -5.7582e-05 -1.35361e-05 2.17996e-05 0.0095982 -0.0177285 2.88389e-05 -5.7582e-05 -0.0177285 0.0877859 
0.0096569 -0.017714 -2.0039e-05 4.4624e-05 -0.017714 0.0874166 3.40111e-05 -0.000133685 -2.0039e-05 3.40111e-05 0.00963876 -0.0177552 4.4624e-05 -0.000133685 -0.0177552 0.0879522 
0.00967992 -0.0177229 -3.09527e-05 5.0603e-05 -0.0177229 0.0875648 4.22065e-05 -0.000167239 -3.09527e-05 4.22065e-05 0.00964948 -0.0178122 5.0603e-05 -0.000167239 -0.0178122 0.0881513 
0.00929972 -0.0170219 -1.86013e-05 5.55634e-05 -0.0170219 0.0840756 5.32277e-05 -0.000184196 -1.86013e-05 5.32277e-05 0.00925673 -0.0170955 5.55634e-05 -0.000184196 -0.0170955 0.0846576 
0.00968359 -0.0176993 -1.40849e-07 4.32464e-05 -0.0176993 0.0874136 4.458e-05 -0.000185399 -1.40849e-07 4.458e-05 0.00961025 -0.0177627 4.32464e-05 -0.000185399 -0.0177627 0.0880009 
0.00962934 -0.0176205 1.17811e-05 1.49126e-05 -0.0176205 0.0869734 2.19412e-05 -0.000137105 1.17811e-05 2.19412e-05 0.00957388 -0.0176527 1.49126e-05 -0.000137105 -0.0176527 0.0875067 
0.00959832 -0.0175387 3.37042e-05 -4.24197e-06 -0.0175387 0.0865839 6.2036e-06 -8.53661e-05 3.37042e-05 6.2036e-06 0.0095292 -0.0175847 -4.24197e-06 -8.53661e-05 -0.0175847 0.0871021 
0.00960975 -0.0175441 3.03266e-05 -3.04289e-05 -0.0175441 0.0865504 -1.79045e-05 -2.95361e-05 3.03266e-05 -1.79045e-05 0.00949971 -0.0175711 -3.04289e-05 -2.95361e-05 -0.0175711 0.0870398 
0.00959788 -0.0175535 3.06776e-05 -2.5332e-05 -0.0175535 0.0865195 -1.70561e-05 -7.79807e-06 3.06776e-05 -1.70561e-05 0.00947903 -0.0175195 -2.5332e-05 -7.79807e-06 -0.0175195 0.0868807 
0.00961537 -0.0175764 1.26563e-05 -1.85682e-05 -0.0175764 0.0866643 -1.44277e-05 -1.82029e-05 1.26563e-05 -1.44277e-05 0.00946815 -0.0175272 -1.85682e-05 -1.82029e-05 -0.0175272 0.0869339 
0.00962256 -0.017608 3.36484e-09 5.67287e-06 -0.017608 0.0868031 1.25812e-05 -6.75747e-05 3.36484e-09 1.25812e-05 0.00947617 -0.0175182 5.67287e-06 -6.75747e-05 -0.0175182 0.0869703 
0.00961139 -0.0176022 -3.75439e-06 1.91124e-05 -0.0176022 0.086821 2.76113e-05 -0.00011398 -3.75439e-06 2.76113e-05 0.00950181 -0.0175222 1.91124e-05 -0.00011398 -0.0175222 0.086965 
0.00962322 -0.0176383 1.16953e-05 2.39091e-05 -0.0176383 0.087045 3.24282e-05 -0.000140561 1.16953e-05 3.24282e-05 0.00955241 -0.0175978 2.39091e-05 -0.000140561 -0.0175978 0.0872421 
0.00963309 -0.017659 2.50511e-05 6.27551e-06 -0.017659 0.0872078 1.06092e-05 -0.000118118 2.50511e-05 1.06092e-05 0.00959871 -0.017676 6.27551e-06 -0.000118118 -0.017676 0.0875364 
0.00966016 -0.0177158 3.06025e-05 -5.5771e-06 -0.0177158 0.0875255 -7.25119e-06 -8.24573e-05 3.06025e-05 -7.25119e-06 0.0096372 -0.0177783 -5.5771e-06 -8.24573e-05 -0.0177783 0.0879841 
0.00964406 -0.0176704 3.543e-05 -1.06139e-05 -0.0176704 0.087348 -1.41889e-05 -5.88735e-05 3.543e-05 -1.41889e-05 0.0096134 -0.0177561 -1.06139e-05 -5.88735e-05 -0.0177561 0.0879065 
0.00961137 -0.0176065 4.55241e-05 -1.95231e-05 -0.0176065 0.0870214 -2.51627e-05 -3.03223e-05 4.55241e-05 -2.51627e-05 0.00957139 -0.0176771 -1.95231e-05 -3.03223e-05 -0.0176771 0.0875872 
0.00958145 -0.0175324 4.81364e-05 -3.08283e-05 -0.0175324 0.0866504 -3.86127e-05 2.06954e-06 4.81364e-05 -3.86127e-05 0.00952235 -0.0175932 -3.08283e-05 2.06954e-06 -0.0175932 0.0871994 
0.00957459 -0.0174799 5.36514e-05 -4.16166e-05 -0.0174799 0.0863452 -4.82227e-05 4.15631e-05 5.36514e-05 -4.82227e-05 0.0094782 -0.0175163 -4.16166e-05 4.15631e-05 -0.0175163 0.086848 
0.00960003 -0.0175173 4.98272e-05 -4.97038e-05 -0.0175173 0.0864145 -5.30953e-05 6.77946e-05 4.98272e-05 -5.30953e-05 0.00946363 -0.017506 -4.97038e-05 6.77946e-05 -0.017506 0.08682 
0.00961493 -0.0176222 4.09215e-05 -4.69495e-05 -0.0176222 0.0868413 -4.59109e-05 7.07292e-05 4.09215e-05 -4.59109e-05 0.00951596 -0.0175498 -4.69495e-05 7.07292e-05 -0.0175498 0.0870921 
0.00964139 -0.0176351 3.05261e-05 -3.67093e-05 -0.0176351 0.0870293 -3.27342e-05 5.04187e-05 3.05261e-05 -3.27342e-05 0.00952515 -0.0176045 -3.67093e-05 5.04187e-05 -0.0176045 0.0872702 
0.00963312 -0.0176336 3.16344e-05 -2.33206e-05 -0.0176336 0.0870003 -1.75439e-05 1.5996e-05 3.16344e-05 -1.75439e-05 0.00952954 -0.0175918 -2.33206e-05 1.5996e-05 -0.0175918 0.0872502 
0.00963741 -0.0176231 2.99026e-05 -2.05722e-05 -0.0176231 0.086972 -1.5428e-05 -6.38948e-06 2.99026e-05 -1.5428e-05 0.00952991 -0.0175959 -2.05722e-05 -6.38948e-06 -0.0175959 0.0872392 
0.00966308 -0.0176659 4.17443e-05 -1.90921e-05 -0.0176659 0.0871551 -1.79835e-05 -1.02088e-05 4.17443e-05 -1.79835e-05 0.00952988 -0.0176359 -1.90921e-05 -1.02088e-05 -0.0176359 0.087433 
0.00967347 -0.0176828 3.84762e-05 -3.10713e-05 -0.0176828 0.0872105 -3.31663e-05 9.07442e-06 3.84762e-05 -3.31663e-05 0.00952434 -0.0176156 -3.10713e-05 9.07442e-06 -0.0176156 0.087425 
0.00967593 -0.0176985 1.62171e-05 -2.73165e-05 -0.0176985 0.0872728 -3.41864e-05 2.15593e-05 1.62171e-05 -3.41864e-05 0.00952314 -0.0176086 -2.73165e-05 2.15593e-05 -0.0176086 0.0874156 
0.00969764 -0.0177691 2.23979e-05 1.3702e-06 -0.0177691 0.0876303 -1.36609e-05 -1.0322e-05 2.23979e-05 -1.36609e-05 0.00956488 -0.0176649 1.3702e-06 -1.0322e-05 -0.0176649 0.0877112 
0.00964182 -0.0176616 4.39553e-05 -2.42945e-06 -0.0176616 0.0871855 -2.13173e-05 -2.09076e-05 4.39553e-05 -2.13173e-05 0.00954357 -0.0175928 -2.42945e-06 -2.09076e-05 -0.0175928 0.0873086 
0.00961569 -0.0176087 5.00586e-05 -3.37127e-05 -0.0176087 0.0869585 -4.78996e-05 2.90577e-05 5.00586e-05 -4.78996e-05 0.00954811 -0.0175908 -3.37127e-05 2.90577e-05 -0.0175908 0.0871993 
0.00962173 -0.0175972 4.15982e-05 -4.99073e-05 -0.0175972 0.0869042 -5.55312e-05 7.95654e-05 4.15982e-05 -5.55312e-05 0.00955635 -0.0176186 -4.99073e-05 7.95654e-05 -0.0176186 0.0872627 
0.00962775 -0.017606 2.63453e-05 -4.2418e-05 -0.017606 0.0868985 -4.11854e-05 8.08881e-05 2.63453e-05 -4.11854e-05 0.00954527 -0.0176311 -4.2418e-05 8.08881e-05 -0.0176311 0.0873128 
0.00962911 -0.0176055 1.44426e-05 -2.6285e-05 -0.0176055 0.0868673 -2.22582e-05 5.13699e-05 1.44426e-05 -2.22582e-05 0.00953134 -0.0176094 -2.6285e-05 5.13699e-05 -0.0176094 0.0872655 
0.00964443 -0.0176131 3.89397e-05 -1.14634e-05 -0.0176131 0.0868878 -5.78386e-06 1.15132e-05 3.89397e-05 -5.78386e-06 0.00951425 -0.0176025 -1.14634e-05 1.15132e-05 -0.0176025 0.087258 
0.00963454 -0.017618 6.12437e-05 -4.17142e-05 -0.017618 0.086849 -3.59859e-05 4.35205e-05 6.12437e-05 -3.59859e-05 0.00950954 -0.0175622 -4.17142e-05 4.35205e-05 -0.0175622 0.0871308 
0.00960113 -0.0175539 3.9483e-05 -6.81661e-05 -0.0175539 0.0865519 -6.62735e-05 0.000112387 3.9483e-05 -6.62735e-05 0.00947055 -0.0174983 -6.81661e-05 0.000112387 -0.0174983 0.0867837 
0.00957718 -0.0175274 9.9478e-06 -3.84709e-05 -0.0175274 0.0864195 -4.24778e-05 9.89209e-05 9.9478e-06 -4.24778e-05 0.00945461 -0.0174659 -3.84709e-05 9.89209e-05 -0.0174659 0.0866298 
0.00957088 -0.0174987 -1.40516e-05 5.54987e-06 -0.0174987 0.0863083 -4.01477e-06 1.41633e-05 -1.40516e-05 -4.01477e-06 0.00941826 -0.0174411 5.54987e-06 1.41633e-05 -0.0174411 0.0865079 
0.00957269 -0.0175398 -7.4958e-06 3.29119e-05 -0.0175398 0.086481 2.20665e-05 -6.25289e-05 -7.4958e-06 2.20665e-05 0.00944503 -0.0174412 3.29119e-05 -6.25289e-05 -0.0174412 0.086611 
0.00956733 -0.017524 4.6722e-06 2.04359e-05 -0.017524 0.086477 1.16858e-05 -7.06836e-05 4.6722e-06 1.16858e-05 0.00945123 -0.0174516 2.04359e-05 -7.06836e-05 -0.0174516 0.0866016 
0.00957336 -0.0175259 -4.10212e-06 1.96328e-06 -0.0175259 0.0865156 -3.14886e-06 -3.75851e-05 -4.10212e-06 -3.14886e-06 0.00945947 -0.017477 1.96328e-06 -3.75851e-05 -0.017477 0.0866966 
0.00958624 -0.0175156 -1.41502e-05 1.09163e-05 -0.0175156 0.0864637 7.46761e-06 -3.55797e-05 -1.41502e-05 7.46761e-06 0.00944063 -0.0174755 1.09163e-05 -3.55797e-05 -0.0174755 0.0866891 
0.00957922 -0.017548 -1.84617e-05 2.37148e-05 -0.017548 0.0865445 2.0436e-05 -5.91598e-05 -1.84617e-05 2.0436e-05 0.00945927 -0.0174625 2.37148e-05 -5.91598e-05 -0.0174625 0.0867068 
0.00957544 -0.017573 -6.69869e-06 2.50639e-05 -0.017573 0.0867353 2.36988e-05 -7.04984e-05 -6.69869e-06 2.36988e-05 0.00950009 -0.0175157 2.50639e-05 -7.04984e-05 -0.0175157 0.086901 
0.00951466 -0.0174938 9.02316e-06 1.00492e-05 -0.0174938 0.086452 8.90133e-06 -4.90568e-05 9.02316e-06 8.90133e-06 0.00952124 -0.0175012 1.00492e-05 -4.90568e-05 -0.0175012 0.0867444 
