0.00699299 0 -4.87828e-05 0 0 0.00997597 0 0 -4.87828e-05 0 0.00707847 0 0 0 0 0.00997597 
0.00957167 -0.011885 -4.41017e-05 5.2524e-05 -0.011885 0.0316023 5.2524e-05 -0.00010057 -4.41017e-05 5.2524e-05 0.00962751 -0.0119463 5.2524e-05 -0.00010057 -0.0119463 0.0317201 
0.00985634 -0.0184235 -1.68677e-05 4.80385e-06 -0.0184235 0.067924 4.80385e-06 3.20542e-06 -1.68677e-05 4.80385e-06 0.00987307 -0.0182779 4.80385e-06 3.20542e-06 -0.0182779 0.0673982 
0.00935478 -0.0182715 -3.38367e-05 -8.43036e-05 -0.0182715 0.0820833 -8.63088e-05 0.000463692 -3.38367e-05 -8.63088e-05 0.0094105 -0.0179867 -8.43036e-05 0.000463692 -0.0179867 0.0804587 
0.00903027 -0.017118 -6.87278e-05 -4.82894e-05 -0.017118 0.0830421 -5.60127e-05 0.000595985 -6.87278e-05 -5.60127e-05 0.00915152 -0.0169406 -4.82894e-05 0.000595985 -0.0169406 0.0812857 
0.00923694 -0.0171933 -0.000103335 2.92019e-05 -0.0171933 0.0850403 1.85534e-05 0.000396458 -0.000103335 1.85534e-05 0.00941234 -0.0171667 2.92019e-05 0.000396458 -0.0171667 0.0837825 
0.00937734 -0.0173717 -0.000101977 8.31863e-05 -0.0173717 0.0861809 7.64861e-05 0.00014736 -0.000101977 7.64861e-05 0.00959561 -0.0174366 8.31863e-05 0.00014736 -0.0174366 0.0854514 
0.00949177 -0.017602 -8.14495e-05 8.09228e-05 -0.017602 0.0874037 7.95996e-05 2.49709e-05 -8.14495e-05 7.95996e-05 0.00978338 -0.0177336 8.09228e-05 2.49709e-05 -0.0177336 0.0870482 
0.00927479 -0.0170938 -6.46583e-05 4.84337e-05 -0.0170938 0.0849987 5.10312e-05 2.93238e-05 -6.46583e-05 5.10312e-05 0.00952353 -0.0173096 4.84337e-05 2.93238e-05 -0.0173096 0.0849496 
0.00957061 -0.0176176 -6.23716e-05 2.18091e-05 -0.0176176 0.0874246 2.65042e-05 9.33963e-05 -6.23716e-05 2.65042e-05 0.00979952 -0.0178104 2.18091e-05 9.33963e-05 -0.0178104 0.0874796 
0.00951338 -0.017522 -4.81087e-05 1.08972e-05 -0.017522 0.0868091 1.71686e-05 0.00014218 -4.81087e-05 1.71686e-05 0.00972462 -0.0176727 1.08972e-05 0.00014218 -0.0176727 0.0868095 
0.00949347 -0.0174541 -3.565e-05 -6.06562e-06 -0.0174541 0.0864032 2.10435e-07 0.00018639 -3.565e-05 2.10435e-07 0.00965389 -0.0175745 -6.06562e-06 0.00018639 -0.0175745 0.0863162 
0.00951951 -0.0174889 -2.90333e-05 -2.60329e-05 -0.0174889 0.0864509 -1.96773e-05 0.000244578 -2.90333e-05 -1.96773e-05 0.00963081 -0.0175488 -2.60329e-05 0.000244578 -0.0175488 0.0862369 
0.00950793 -0.0175106 -2.1124e-05 -3.50945e-05 -0.0175106 0.0864564 -3.03869e-05 0.000286445 -2.1124e-05 -3.03869e-05 0.00962467 -0.0175083 -3.50945e-05 0.000286445 -0.0175083 0.0860876 
0.00951136 -0.0175627 -1.82821e-05 -4.20696e-05 -0.0175627 0.0867498 -3.96001e-05 0.000313832 -1.82821e-05 -3.96001e-05 0.0096641 -0.0175682 -4.20696e-05 0.000313832 -0.0175682 0.0863298 
0.00948483 -0.0175049 -2.86251e-05 -4.21586e-05 -0.0175049 0.0865689 -4.1231e-05 0.000321638 -2.86251e-05 -4.1231e-05 0.0096562 -0.0175543 -4.21586e-05 0.000321638 -0.0175543 0.086211 
0.00948435 -0.017521 -2.49843e-05 -2.97561e-05 -0.017521 0.0866744 -2.9434e-05 0.000307224 -2.49843e-05 -2.9434e-05 0.00966924 -0.0175963 -2.97561e-05 0.000307224 -0.0175963 0.0863949 
0.00945255 -0.0174654 -3.44923e-05 -3.21364e-05 -0.0174654 0.0864567 -3.30216e-05 0.000300267 -3.44923e-05 -3.30216e-05 0.00966064 -0.0175621 -3.21364e-05 0.000300267 -0.0175621 0.0862488 
0.00948446 -0.0174906 -4.62451e-05 -2.19036e-05 -0.0174906 0.0866164 -2.21288e-05 0.000284526 -4.62451e-05 -2.21288e-05 0.00966369 -0.0176159 -2.19036e-05 0.000284526 -0.0176159 0.0864799 
0.00950973 -0.0174895 -6.06793e-05 -1.03576e-05 -0.0174895 0.0865593 -4.46858e-06 0.000253151 -6.06793e-05 -4.46858e-06 0.00962124 -0.0175845 -1.03576e-05 0.000253151 -0.0175845 0.0864157 
0.00951091 -0.0174811 -7.19752e-05 5.78822e-06 -0.0174811 0.0863877 1.60872e-05 0.00021034 -7.19752e-05 1.60872e-05 0.00956707 -0.0174862 5.78822e-06 0.00021034 -0.0174862 0.0860817 
0.00951335 -0.0175186 -6.76728e-05 2.04533e-05 -0.0175186 0.0864761 3.12533e-05 0.000166666 -6.76728e-05 3.12533e-05 0.00956341 -0.0174407 2.04533e-05 0.000166666 -0.0174407 0.0859415 
0.00950751 -0.0175393 -6.0495e-05 1.69411e-05 -0.0175393 0.0866023 2.56022e-05 0.000155807 -6.0495e-05 2.56022e-05 0.00958229 -0.0174529 1.69411e-05 0.000155807 -0.0174529 0.0859592 
0.00946767 -0.0174155 -5.52621e-05 1.19262e-05 -0.0174155 0.0860674 1.41185e-05 0.000166158 -5.52621e-05 1.41185e-05 0.00951573 -0.0173629 1.19262e-05 0.000166158 -0.0173629 0.085452 
0.00947497 -0.0173778 -5.7522e-05 2.1053e-06 -0.0173778 0.0858 3.001e-06 0.000193465 -5.7522e-05 3.001e-06 0.00945779 -0.0172982 2.1053e-06 0.000193465 -0.0172982 0.0851735 
0.00947209 -0.0173997 -4.8525e-05 3.94583e-06 -0.0173997 0.0857577 5.69714e-06 0.000203847 -4.8525e-05 5.69714e-06 0.00943172 -0.0172428 3.94583e-06 0.000203847 -0.0172428 0.0850003 
0.00946597 -0.0174183 -2.60326e-05 -7.21856e-06 -0.0174183 0.0858308 -2.21686e-06 0.000219828 -2.60326e-05 -2.21686e-06 0.00942895 -0.0172235 -7.21856e-06 0.000219828 -0.0172235 0.084938 
0.00940793 -0.0173936 -1.91853e-05 -3.54423e-05 -0.0173936 0.0857714 -2.68868e-05 0.000268397 -1.91853e-05 -2.68868e-05 0.00946454 -0.0172177 -3.54423e-05 0.000268397 -0.0172177 0.0848797 
0.00935911 -0.0173358 -3.87381e-05 -4.35482e-05 -0.0173358 0.0857045 -3.58727e-05 0.000305043 -3.87381e-05 -3.58727e-05 0.00950472 -0.017284 -4.35482e-05 0.000305043 -0.017284 0.0850291 
0.00935099 -0.0173049 -6.16057e-05 -1.85584e-05 -0.0173049 0.0857363 -1.17152e-05 0.000278911 -6.16057e-05 -1.17152e-05 0.00954021 -0.0173783 -1.85584e-05 0.000278911 -0.0173783 0.0853886 
0.00934083 -0.0172688 -6.96146e-05 1.31741e-05 -0.0172688 0.0856271 2.01227e-05 0.000206639 -6.96146e-05 2.01227e-05 0.00954735 -0.0174061 1.31741e-05 0.000206639 -0.0174061 0.0855314 
0.0093148 -0.0172211 -6.22685e-05 2.38669e-05 -0.0172211 0.0854128 3.20205e-05 0.000154157 -6.22685e-05 3.20205e-05 0.00954662 -0.0173906 2.38669e-05 0.000154157 -0.0173906 0.085476 
0.00930956 -0.0171853 -4.90892e-05 1.61548e-05 -0.0171853 0.0852617 2.07424e-05 0.000150578 -4.90892e-05 2.07424e-05 0.00953407 -0.0173881 1.61548e-05 0.000150578 -0.0173881 0.0854418 
0.00935627 -0.0172449 -2.91678e-05 -1.07093e-06 -0.0172449 0.0855195 1.38954e-07 0.000187913 -2.91678e-05 1.38954e-07 0.0095473 -0.0174447 -1.07093e-06 0.000187913 -0.0174447 0.08575 
0.00937761 -0.0172327 -7.10148e-06 -2.61026e-05 -0.0172327 0.0853948 -2.35324e-05 0.000242214 -7.10148e-06 -2.35324e-05 0.0095043 -0.0173957 -2.61026e-05 0.000242214 -0.0173957 0.0855897 
0.00941241 -0.0172938 1.10121e-05 -5.34825e-05 -0.0172938 0.0855551 -4.78866e-05 0.00030537 1.10121e-05 -4.78866e-05 0.00949209 -0.0173797 -5.34825e-05 0.00030537 -0.0173797 0.0856126 
0.00943111 -0.0173603 5.12191e-06 -7.50671e-05 -0.0173603 0.085792 -6.83536e-05 0.000363508 5.12191e-06 -6.83536e-05 0.00950808 -0.0173705 -7.50671e-05 0.000363508 -0.0173705 0.0856468 
0.00939487 -0.0173774 -1.58223e-05 -7.31756e-05 -0.0173774 0.0858815 -7.01296e-05 0.000395026 -1.58223e-05 -7.01296e-05 0.00956416 -0.0173676 -7.31756e-05 0.000395026 -0.0173676 0.0856032 
0.00936629 -0.0172841 -4.74223e-05 -5.01683e-05 -0.0172841 0.0856097 -5.08973e-05 0.00037554 -4.74223e-05 -5.08973e-05 0.00956287 -0.0173949 -5.01683e-05 0.00037554 -0.0173949 0.0854828 
0.00935245 -0.0172392 -6.26005e-05 -1.13039e-05 -0.0172392 0.0853844 -1.12579e-05 0.000303497 -6.26005e-05 -1.12579e-05 0.00955425 -0.0173997 -1.13039e-05 0.000303497 -0.0173997 0.085445 
0.0093867 -0.017251 -5.93343e-05 7.93566e-06 -0.017251 0.0854016 1.09273e-05 0.000237525 -5.93343e-05 1.09273e-05 0.00952977 -0.0174169 7.93566e-06 0.000237525 -0.0174169 0.085535 
0.0093975 -0.0172512 -3.71116e-05 6.80897e-06 -0.0172512 0.085275 9.78359e-06 0.000211002 -3.71116e-05 9.78359e-06 0.00948467 -0.0173501 6.80897e-06 0.000211002 -0.0173501 0.0853363 
0.00944439 -0.0172966 -3.24241e-05 -2.2922e-05 -0.0172966 0.0853866 -2.0193e-05 0.000254472 -3.24241e-05 -2.0193e-05 0.00945214 -0.0173164 -2.2922e-05 0.000254472 -0.0173164 0.0852646 
0.00947975 -0.0173607 -3.88958e-05 -3.15014e-05 -0.0173607 0.0855442 -2.98745e-05 0.000297984 -3.88958e-05 -2.98745e-05 0.00943567 -0.0172758 -3.15014e-05 0.000297984 -0.0172758 0.0851713 
0.00949319 -0.0174559 -4.24965e-05 -2.54961e-05 -0.0174559 0.0859244 -2.85163e-05 0.000314707 -4.24965e-05 -2.85163e-05 0.00949329 -0.0173019 -2.54961e-05 0.000314707 -0.0173019 0.0853284 
0.00950599 -0.0175258 -3.73863e-05 -1.6219e-05 -0.0175258 0.0863726 -2.40521e-05 0.000306155 -3.73863e-05 -2.40521e-05 0.00956389 -0.0174219 -1.6219e-05 0.000306155 -0.0174219 0.0857625 
0.00954505 -0.0175971 -5.07819e-05 -2.12751e-05 -0.0175971 0.0868597 -3.17105e-05 0.000312215 -5.07819e-05 -3.17105e-05 0.00962388 -0.0175603 -2.12751e-05 0.000312215 -0.0175603 0.0863616 
0.00958175 -0.0176082 -6.27768e-05 -4.73374e-06 -0.0176082 0.086987 -1.34018e-05 0.000289349 -6.27768e-05 -1.34018e-05 0.00962506 -0.0176028 -4.73374e-06 0.000289349 -0.0176028 0.0865938 
0.00962723 -0.0176702 -6.66477e-05 1.18813e-05 -0.0176702 0.0872021 4.73328e-06 0.00024644 -6.66477e-05 4.73328e-06 0.00961102 -0.0176109 1.18813e-05 0.00024644 -0.0176109 0.0867472 
0.00963421 -0.0176978 -7.54542e-05 1.82035e-05 -0.0176978 0.087249 1.42473e-05 0.000210194 -7.54542e-05 1.42473e-05 0.00958763 -0.0175534 1.82035e-05 0.000210194 -0.0175534 0.0866045 
0.00962354 -0.0177145 -6.06019e-05 2.60311e-05 -0.0177145 0.087311 2.8549e-05 0.000179286 -6.06019e-05 2.8549e-05 0.00958079 -0.0175138 2.60311e-05 0.000179286 -0.0175138 0.086466 
0.00957831 -0.0176084 -4.51622e-05 6.66912e-06 -0.0176084 0.0868669 1.33929e-05 0.000189636 -4.51622e-05 1.33929e-05 0.00953327 -0.0174173 6.66912e-06 0.000189636 -0.0174173 0.0859656 
0.00956086 -0.0176067 -6.09679e-05 -1.56244e-05 -0.0176067 0.0868515 -7.88777e-06 0.000237771 -6.09679e-05 -7.88777e-06 0.00955269 -0.0174247 -1.56244e-05 0.000237771 -0.0174247 0.085968 
0.00954883 -0.0175882 -5.56702e-05 4.61029e-06 -0.0175882 0.0868361 1.04569e-05 0.000230435 -5.56702e-05 1.04569e-05 0.00956769 -0.0174581 4.61029e-06 0.000230435 -0.0174581 0.0860507 
0.00953353 -0.017558 -4.6453e-05 1.57612e-07 -0.017558 0.0867363 2.71467e-06 0.000227895 -4.6453e-05 2.71467e-06 0.0095732 -0.0174715 1.57612e-07 0.000227895 -0.0174715 0.0860826 
0.00953837 -0.0175608 -3.28905e-05 -1.04237e-05 -0.0175608 0.08678 -9.15768e-06 0.000247924 -3.28905e-05 -9.15768e-06 0.0095808 -0.0175056 -1.04237e-05 0.000247924 -0.0175056 0.0862336 
0.00952967 -0.0175303 -3.35985e-05 -2.84669e-05 -0.0175303 0.0866322 -2.4884e-05 0.000283702 -3.35985e-05 -2.4884e-05 0.00956929 -0.0174794 -2.84669e-05 0.000283702 -0.0174794 0.0861404 
0.00951152 -0.0175187 -3.04875e-05 -3.6259e-05 -0.0175187 0.086544 -2.81587e-05 0.000315937 -3.04875e-05 -2.81587e-05 0.00956869 -0.0174618 -3.6259e-05 0.000315937 -0.0174618 0.0860576 
0.00950616 -0.0175017 -2.68985e-05 -3.98513e-05 -0.0175017 0.086486 -2.71021e-05 0.000325117 -2.68985e-05 -2.71021e-05 0.00957107 -0.0174552 -3.98513e-05 0.000325117 -0.0174552 0.0859991 
0.00950536 -0.0175272 -1.52651e-05 -4.61611e-05 -0.0175272 0.0866187 -3.13553e-05 0.000339063 -1.52651e-05 -3.13553e-05 0.00961944 -0.017503 -4.61611e-05 0.000339063 -0.017503 0.0861845 
0.00950518 -0.0175076 -1.21607e-05 -5.5015e-05 -0.0175076 0.0865872 -4.46937e-05 0.000357776 -1.21607e-05 -4.46937e-05 0.00963234 -0.0175472 -5.5015e-05 0.000357776 -0.0175472 0.0862831 
0.00951327 -0.0175274 -1.51432e-05 -5.91446e-05 -0.0175274 0.0866812 -5.51202e-05 0.00038328 -1.51432e-05 -5.51202e-05 0.00964042 -0.0175961 -5.91446e-05 0.00038328 -0.0175961 0.0865027 
0.00948566 -0.0174401 -2.87666e-05 -5.5831e-05 -0.0174401 0.0862689 -5.41302e-05 0.000391071 -2.87666e-05 -5.41302e-05 0.00958929 -0.0175147 -5.5831e-05 0.000391071 -0.0175147 0.0861604 
0.00945981 -0.0173938 -5.89134e-05 -4.03712e-05 -0.0173938 0.0859739 -3.81722e-05 0.000369437 -5.89134e-05 -3.81722e-05 0.00957426 -0.0174472 -4.03712e-05 0.000369437 -0.0174472 0.0858699 
0.00948575 -0.017421 -6.90322e-05 -3.51609e-06 -0.017421 0.0860784 4.8223e-06 0.000295652 -6.90322e-05 4.8223e-06 0.00957951 -0.0174847 -3.51609e-06 0.000295652 -0.0174847 0.0859832 
0.00951991 -0.0174682 -6.48653e-05 1.22404e-05 -0.0174682 0.0862545 1.94175e-05 0.000233592 -6.48653e-05 1.94175e-05 0.00958053 -0.0175169 1.22404e-05 0.000233592 -0.0175169 0.0861612 
0.00954187 -0.0175402 -6.85638e-05 1.08661e-05 -0.0175402 0.0865321 1.26244e-05 0.000216848 -6.85638e-05 1.26244e-05 0.00959924 -0.0175348 1.08661e-05 0.000216848 -0.0175348 0.0863332 
0.00958269 -0.0176363 -6.77685e-05 1.31173e-05 -0.0176363 0.0870368 1.17301e-05 0.000220704 -6.77685e-05 1.17301e-05 0.00963784 -0.0176206 1.31173e-05 0.000220704 -0.0176206 0.0867598 
0.00956548 -0.0175788 -6.57255e-05 1.49497e-05 -0.0175788 0.0868269 1.06766e-05 0.000217614 -6.57255e-05 1.06766e-05 0.00961018 -0.0175735 1.49497e-05 0.000217614 -0.0175735 0.0865582 
0.00951434 -0.0175246 -6.10668e-05 1.43214e-05 -0.0175246 0.0865476 5.04655e-06 0.000222579 -6.10668e-05 5.04655e-06 0.00960283 -0.0175155 1.43214e-05 0.000222579 -0.0175155 0.0862953 
0.00947551 -0.0174372 -4.98865e-05 8.43027e-06 -0.0174372 0.0862132 -2.11787e-06 0.000235541 -4.98865e-05 -2.11787e-06 0.00957908 -0.0174895 8.43027e-06 0.000235541 -0.0174895 0.0860708 
0.00947121 -0.0174132 -6.06513e-05 -5.30611e-06 -0.0174132 0.0860988 -1.32559e-05 0.000258993 -6.06513e-05 -1.32559e-05 0.00957499 -0.0174853 -5.30611e-06 0.000258993 -0.0174853 0.0860473 
0.00949108 -0.0174697 -6.79916e-05 4.11147e-06 -0.0174697 0.0863256 -4.62594e-06 0.000261505 -6.79916e-05 -4.62594e-06 0.00960089 -0.0175222 4.11147e-06 0.000261505 -0.0175222 0.0862484 
0.00948946 -0.0174681 -6.54808e-05 1.38537e-05 -0.0174681 0.0863256 5.90339e-06 0.000241442 -6.54808e-05 5.90339e-06 0.00959666 -0.0175116 1.38537e-05 0.000241442 -0.0175116 0.0861918 
0.00947884 -0.0174044 -6.52077e-05 1.12762e-05 -0.0174044 0.0860207 6.161e-06 0.000230337 -6.52077e-05 6.161e-06 0.00953888 -0.0174467 1.12762e-05 0.000230337 -0.0174467 0.0858616 
0.00945163 -0.0173883 -4.9317e-05 8.83072e-06 -0.0173883 0.0858561 6.95215e-06 0.000230104 -4.9317e-05 6.95215e-06 0.00952232 -0.0173849 8.83072e-06 0.000230104 -0.0173849 0.0856321 
0.00941883 -0.0172719 -3.37283e-05 -8.27712e-06 -0.0172719 0.0853113 -7.65591e-06 0.000247255 -3.37283e-05 -7.65591e-06 0.00943295 -0.0172739 -8.27712e-06 0.000247255 -0.0172739 0.0850533 
0.0094513 -0.0173072 -3.09766e-05 -3.094e-05 -0.0173072 0.0853591 -2.75189e-05 0.000293197 -3.09766e-05 -2.75189e-05 0.00939757 -0.017238 -3.094e-05 0.000293197 -0.017238 0.0849833 
0.00945089 -0.0173822 -3.55589e-05 -3.64701e-05 -0.0173822 0.0856099 -3.23251e-05 0.000322951 -3.55589e-05 -3.23251e-05 0.00941074 -0.0172239 -3.64701e-05 0.000322951 -0.0172239 0.085028 
0.00943668 -0.0174034 -3.39487e-05 -2.7494e-05 -0.0174034 0.085828 -2.37877e-05 0.000314159 -3.39487e-05 -2.37877e-05 0.00943895 -0.0172589 -2.7494e-05 0.000314159 -0.0172589 0.0851694 
0.00939037 -0.0173421 -3.16734e-05 -2.24342e-05 -0.0173421 0.0856774 -2.15314e-05 0.000294354 -3.16734e-05 -2.15314e-05 0.00945624 -0.0172527 -2.24342e-05 0.000294354 -0.0172527 0.0850979 
0.00937938 -0.0172833 -2.02898e-05 -2.39034e-05 -0.0172833 0.0855244 -2.42999e-05 0.00028784 -2.02898e-05 -2.42999e-05 0.00945419 -0.017283 -2.39034e-05 0.00028784 -0.017283 0.0851415 
0.00937245 -0.0172097 -1.79078e-05 -3.782e-05 -0.0172097 0.0851468 -3.54693e-05 0.000301976 -1.79078e-05 -3.54693e-05 0.00940291 -0.0172266 -3.782e-05 0.000301976 -0.0172266 0.0848897 
0.00936882 -0.0172168 -1.57054e-05 -4.27264e-05 -0.0172168 0.0850561 -4.02092e-05 0.00032014 -1.57054e-05 -4.02092e-05 0.00939479 -0.0171853 -4.27264e-05 0.00032014 -0.0171853 0.0847682 
0.00936138 -0.0172694 -2.3476e-05 -4.40829e-05 -0.0172694 0.0852914 -4.33304e-05 0.000329775 -2.3476e-05 -4.33304e-05 0.00944428 -0.0172287 -4.40829e-05 0.000329775 -0.0172287 0.0849566 
0.0093362 -0.0172341 -2.69546e-05 -3.02566e-05 -0.0172341 0.085243 -3.45206e-05 0.000311676 -2.69546e-05 -3.45206e-05 0.009468 -0.0172584 -3.02566e-05 0.000311676 -0.0172584 0.0849924 
0.00932513 -0.0172045 -4.08878e-05 -2.19982e-05 -0.0172045 0.0851823 -2.92633e-05 0.000287398 -4.08878e-05 -2.92633e-05 0.00948057 -0.0172977 -2.19982e-05 0.000287398 -0.0172977 0.0850963 
0.00934011 -0.0172355 -3.94167e-05 -9.5648e-06 -0.0172355 0.0853525 -1.35487e-05 0.000262003 -3.94167e-05 -1.35487e-05 0.00950541 -0.0173559 -9.5648e-06 0.000262003 -0.0173559 0.0853802 
0.00932863 -0.0172219 -4.46041e-05 -9.04793e-06 -0.0172219 0.085314 -1.05383e-05 0.000241675 -4.46041e-05 -1.05383e-05 0.00951359 -0.0173576 -9.04793e-06 0.000241675 -0.0173576 0.0854082 
0.0093582 -0.0171899 -3.20243e-05 2.80734e-07 -0.0171899 0.085186 -7.14412e-06 0.000226107 -3.20243e-05 -7.14412e-06 0.00947282 -0.0173448 2.80734e-07 0.000226107 -0.0173448 0.0853272 
0.00942153 -0.0173058 -3.02001e-05 -1.21012e-05 -0.0173058 0.0855818 -2.50573e-05 0.000242004 -3.02001e-05 -2.50573e-05 0.00948351 -0.0173754 -1.21012e-05 0.000242004 -0.0173754 0.0856084 
0.00942513 -0.0173762 -4.09417e-05 -1.73946e-05 -0.0173762 0.0858447 -2.62576e-05 0.000259332 -4.09417e-05 -2.62576e-05 0.00951967 -0.0173708 -1.73946e-05 0.000259332 -0.0173708 0.0856727 
0.00942263 -0.0173879 -4.60077e-05 -1.1455e-05 -0.0173879 0.0860035 -1.22388e-05 0.000253942 -4.60077e-05 -1.22388e-05 0.00955684 -0.0174224 -1.1455e-05 0.000253942 -0.0174224 0.0858105 
0.00940293 -0.0173267 -6.26831e-05 -7.89406e-06 -0.0173267 0.0857717 -5.77653e-06 0.000241534 -6.26831e-05 -5.77653e-06 0.00954452 -0.0174085 -7.89406e-06 0.000241534 -0.0174085 0.0856662 
0.00941881 -0.017329 -6.22353e-05 1.01249e-05 -0.017329 0.085758 1.21456e-05 0.000213478 -6.22353e-05 1.21456e-05 0.00954043 -0.01742 1.01249e-05 0.000213478 -0.01742 0.0857051 
0.00946305 -0.0174025 -5.6918e-05 1.13087e-05 -0.0174025 0.086042 9.32054e-06 0.000201904 -5.6918e-05 9.32054e-06 0.00955938 -0.0174597 1.13087e-05 0.000201904 -0.0174597 0.0859357 
0.00947608 -0.0174423 -5.00185e-05 5.44818e-06 -0.0174423 0.0861809 1.45728e-06 0.000210796 -5.00185e-05 1.45728e-06 0.0095632 -0.0174634 5.44818e-06 0.000210796 -0.0174634 0.08598 
0.00953111 -0.0174867 -4.20488e-05 -3.74668e-06 -0.0174867 0.0863944 -5.77688e-06 0.000229469 -4.20488e-05 -5.77688e-06 0.00954234 -0.0174837 -3.74668e-06 0.000229469 -0.0174837 0.0860969 
0.0095641 -0.0175524 -4.1417e-05 -1.62087e-05 -0.0175524 0.0865841 -1.60381e-05 0.000256745 -4.1417e-05 -1.60381e-05 0.00953206 -0.0174551 -1.62087e-05 0.000256745 -0.0174551 0.0860999 
0.00954489 -0.0175531 -4.9681e-05 -1.81969e-05 -0.0175531 0.0865252 -1.6913e-05 0.000271479 -4.9681e-05 -1.6913e-05 0.0095117 -0.017385 -1.81969e-05 0.000271479 -0.017385 0.0858153 
0.0095089 -0.0175475 -6.07733e-05 -4.84719e-06 -0.0175475 0.0865375 -4.64782e-06 0.000253114 -6.07733e-05 -4.64782e-06 0.00952307 -0.01737 -4.84719e-06 0.000253114 -0.01737 0.0857115 
0.00946597 -0.0174775 -4.54608e-05 1.07493e-05 -0.0174775 0.0863421 1.06377e-05 0.000215961 -4.54608e-05 1.06377e-05 0.00952752 -0.017359 1.07493e-05 0.000215961 -0.017359 0.0855717 
0.0094358 -0.0174406 -4.22487e-05 -4.60569e-06 -0.0174406 0.0862695 -7.38601e-07 0.000212064 -4.22487e-05 -7.38601e-07 0.0095641 -0.0174036 -4.60569e-06 0.000212064 -0.0174036 0.0856894 
0.00940578 -0.0173775 -4.32903e-05 -1.49173e-05 -0.0173775 0.086078 -6.23861e-06 0.000232471 -4.32903e-05 -6.23861e-06 0.00958007 -0.0174447 -1.49173e-05 0.000232471 -0.0174447 0.0857742 
0.00938441 -0.0173101 -6.04145e-05 -1.44236e-05 -0.0173101 0.0857798 -9.28395e-06 0.000244161 -6.04145e-05 -9.28395e-06 0.00955811 -0.01743 -1.44236e-05 0.000244161 -0.01743 0.0856773 
0.00939485 -0.0172884 -7.15679e-05 1.55298e-05 -0.0172884 0.0856273 1.33558e-05 0.000200249 -7.15679e-05 1.33558e-05 0.00951283 -0.0174011 1.55298e-05 0.000200249 -0.0174011 0.0855805 
0.00941997 -0.0173131 -7.44634e-05 3.81527e-05 -0.0173131 0.0856341 2.8611e-05 0.000142085 -7.44634e-05 2.8611e-05 0.00946901 -0.017348 3.81527e-05 0.000142085 -0.017348 0.0854617 
0.00941592 -0.0173403 -4.61612e-05 4.70188e-05 -0.0173403 0.0856665 3.5588e-05 9.95672e-05 -4.61612e-05 3.5588e-05 0.00945446 -0.0172835 4.70188e-05 9.95672e-05 -0.0172835 0.0852762 
0.0093941 -0.0173131 -2.98981e-05 1.15557e-05 -0.0173131 0.0855616 7.13611e-07 0.000136047 -2.98981e-05 7.13611e-07 0.0094489 -0.0172432 1.15557e-05 0.000136047 -0.0172432 0.0850575 
0.00937191 -0.0172533 -2.41285e-05 -1.12916e-05 -0.0172533 0.0853142 -2.36237e-05 0.000199277 -2.41285e-05 -2.36237e-05 0.00943412 -0.0172188 -1.12916e-05 0.000199277 -0.0172188 0.0848524 
0.00936194 -0.0172889 -3.39911e-05 -2.51499e-05 -0.0172889 0.0854604 -3.56192e-05 0.000252463 -3.39911e-05 -3.56192e-05 0.00947304 -0.0172615 -2.51499e-05 0.000252463 -0.0172615 0.0850321 
0.00939514 -0.0172936 -4.15978e-05 -1.43734e-05 -0.0172936 0.0855828 -2.18226e-05 0.000253325 -4.15978e-05 -2.18226e-05 0.00947625 -0.0173211 -1.43734e-05 0.000253325 -0.0173211 0.0852432 
0.00940851 -0.0173013 -5.3009e-05 -4.93064e-06 -0.0173013 0.0855303 -1.01485e-05 0.000229817 -5.3009e-05 -1.01485e-05 0.00945753 -0.0172886 -4.93064e-06 0.000229817 -0.0172886 0.0851707 
0.0094413 -0.0173693 -6.10043e-05 1.26719e-05 -0.0173693 0.0857831 1.00227e-05 0.000184883 -6.10043e-05 1.00227e-05 0.0094701 -0.0173063 1.26719e-05 0.000184883 -0.0173063 0.0853013 
0.00949932 -0.0174741 -6.46059e-05 2.10377e-05 -0.0174741 0.0862631 1.93517e-05 0.000153591 -6.46059e-05 1.93517e-05 0.00949957 -0.0173723 2.10377e-05 0.000153591 -0.0173723 0.0856464 
0.00946973 -0.0174549 -6.31669e-05 2.11622e-05 -0.0174549 0.0861361 2.36203e-05 0.000140393 -6.31669e-05 2.36203e-05 0.00950079 -0.0173132 2.11622e-05 0.000140393 -0.0173132 0.0854 
0.00945219 -0.0174651 -7.33867e-05 1.24418e-05 -0.0174651 0.0862522 2.0241e-05 0.000152403 -7.33867e-05 2.0241e-05 0.00954295 -0.0173638 1.24418e-05 0.000152403 -0.0173638 0.0855313 
0.00943631 -0.0174651 -7.49725e-05 2.27563e-05 -0.0174651 0.0863743 3.13267e-05 0.000146184 -7.49725e-05 3.13267e-05 0.00958812 -0.0174376 2.27563e-05 0.000146184 -0.0174376 0.0857875 
0.00942944 -0.0174235 -6.43703e-05 2.68987e-05 -0.0174235 0.0863006 3.06805e-05 0.000139869 -6.43703e-05 3.06805e-05 0.00958946 -0.0174802 2.68987e-05 0.000139869 -0.0174802 0.0859193 
0.00941165 -0.0173962 -5.53576e-05 1.92089e-05 -0.0173962 0.0861845 1.97377e-05 0.000147849 -5.53576e-05 1.97377e-05 0.00959784 -0.0174791 1.92089e-05 0.000147849 -0.0174791 0.0859533 
0.0093988 -0.0173417 -7.94405e-05 1.22962e-05 -0.0173417 0.0859582 9.69385e-06 0.000162641 -7.94405e-05 9.69385e-06 0.00958295 -0.0174647 1.22962e-05 0.000162641 -0.0174647 0.0858534 
0.00939009 -0.0172967 -8.91557e-05 3.76777e-05 -0.0172967 0.0856993 3.48153e-05 0.000135228 -8.91557e-05 3.48153e-05 0.0095377 -0.0174255 3.76777e-05 0.000135228 -0.0174255 0.0856669 
0.00938143 -0.0172582 -7.95311e-05 5.35448e-05 -0.0172582 0.0854395 5.39693e-05 8.24431e-05 -7.95311e-05 5.39693e-05 0.00949195 -0.0173508 5.35448e-05 8.24431e-05 -0.0173508 0.0853877 
0.00940969 -0.0173297 -5.26666e-05 4.20144e-05 -0.0173297 0.0857109 4.23197e-05 8.01817e-05 -5.26666e-05 4.23197e-05 0.00951028 -0.0173758 4.20144e-05 8.01817e-05 -0.0173758 0.0855704 
0.00946601 -0.0174147 -3.575e-05 8.05031e-06 -0.0174147 0.0861301 5.86634e-06 0.000141208 -3.575e-05 5.86634e-06 0.00952656 -0.0174455 8.05031e-06 0.000141208 -0.0174455 0.0859243 
0.00945319 -0.0173973 -2.32903e-05 -9.61409e-06 -0.0173973 0.0859888 -1.55995e-05 0.000198982 -2.32903e-05 -1.55995e-05 0.00950454 -0.017367 -9.61409e-06 0.000198982 -0.017367 0.0856505 
0.00944975 -0.0174057 -1.04506e-05 -1.75785e-05 -0.0174057 0.0860079 -3.01965e-05 0.000231777 -1.04506e-05 -3.01965e-05 0.00950351 -0.0173497 -1.75785e-05 0.000231777 -0.0173497 0.085548 
0.00945758 -0.0174374 -2.11496e-06 -2.90442e-05 -0.0174374 0.0861781 -4.90665e-05 0.000264541 -2.11496e-06 -4.90665e-05 0.00952515 -0.0173801 -2.90442e-05 0.000264541 -0.0173801 0.0856614 
0.00947185 -0.0174822 -4.82973e-06 -4.098e-05 -0.0174822 0.0864294 -6.08104e-05 0.0002972 -4.82973e-06 -6.08104e-05 0.00956784 -0.0174323 -4.098e-05 0.0002972 -0.0174323 0.0858937 
0.00947424 -0.0174773 -1.56761e-05 -4.41151e-05 -0.0174773 0.0864603 -5.75034e-05 0.000313675 -1.56761e-05 -5.75034e-05 0.00958599 -0.0174618 -4.41151e-05 0.000313675 -0.0174618 0.0859699 
0.00944724 -0.0174333 -3.78676e-05 -3.31453e-05 -0.0174333 0.0862525 -4.04904e-05 0.000295817 -3.78676e-05 -4.04904e-05 0.00959114 -0.0174414 -3.31453e-05 0.000295817 -0.0174414 0.0858269 
0.00947758 -0.0174703 -3.65197e-05 -1.35658e-05 -0.0174703 0.0864465 -1.10571e-05 0.000252297 -3.65197e-05 -1.10571e-05 0.00962007 -0.0175127 -1.35658e-05 0.000252297 -0.0175127 0.0860899 
0.0095035 -0.0175378 -2.34356e-05 -2.02523e-05 -0.0175378 0.0867406 -1.1217e-05 0.000240261 -2.34356e-05 -1.1217e-05 0.00966567 -0.0175796 -2.02523e-05 0.000240261 -0.0175796 0.0864119 
0.00948621 -0.0175109 -3.02206e-05 -4.35898e-05 -0.0175109 0.086638 -3.03797e-05 0.000279855 -3.02206e-05 -3.03797e-05 0.00967591 -0.0175772 -4.35898e-05 0.000279855 -0.0175772 0.0863502 
0.00949355 -0.0175214 -2.68949e-05 -4.22522e-05 -0.0175214 0.0867035 -2.77177e-05 0.000305849 -2.68949e-05 -2.77177e-05 0.00969248 -0.0176152 -4.22522e-05 0.000305849 -0.0176152 0.0864709 
0.00949819 -0.0175036 -3.08689e-05 -4.22563e-05 -0.0175036 0.0866099 -3.03429e-05 0.000312499 -3.08689e-05 -3.03429e-05 0.00965443 -0.0176042 -4.22563e-05 0.000312499 -0.0176042 0.0864053 
0.00950541 -0.0174898 -3.73249e-05 -3.08889e-05 -0.0174898 0.0864831 -2.68636e-05 0.000301138 -3.73249e-05 -2.68636e-05 0.00960249 -0.0175402 -3.08889e-05 0.000301138 -0.0175402 0.0862099 
0.00952228 -0.0175273 -2.47003e-05 -1.44977e-05 -0.0175273 0.0865743 -2.19119e-05 0.000275009 -2.47003e-05 -2.19119e-05 0.00957424 -0.0174947 -1.44977e-05 0.000275009 -0.0174947 0.0861192 
0.00948183 -0.0175108 -1.73145e-05 -2.38892e-05 -0.0175108 0.0864592 -3.82161e-05 0.000277622 -1.73145e-05 -3.82161e-05 0.00956251 -0.0174161 -2.38892e-05 0.000277622 -0.0174161 0.0858167 
0.00944313 -0.0174237 -1.37101e-05 -3.19176e-05 -0.0174237 0.0861466 -4.81967e-05 0.000295391 -1.37101e-05 -4.81967e-05 0.00953296 -0.0173665 -3.19176e-05 0.000295391 -0.0173665 0.0854872 
0.00942138 -0.0174197 -8.58092e-06 -3.09819e-05 -0.0174197 0.0861502 -4.83103e-05 0.000295416 -8.58092e-06 -4.83103e-05 0.00955883 -0.0173864 -3.09819e-05 0.000295416 -0.0173864 0.085556 
0.0094209 -0.0174264 -9.94218e-06 -3.25226e-05 -0.0174264 0.0862818 -4.64663e-05 0.000283799 -9.94218e-06 -4.64663e-05 0.00960213 -0.0174568 -3.25226e-05 0.000283799 -0.0174568 0.0858233 
0.00943914 -0.0174146 -1.47825e-05 -3.54068e-05 -0.0174146 0.0862944 -4.1764e-05 0.000277547 -1.47825e-05 -4.1764e-05 0.0096038 -0.0175049 -3.54068e-05 0.000277547 -0.0175049 0.0859994 
0.00946242 -0.0173968 -2.83535e-05 -3.348e-05 -0.0173968 0.0861462 -3.14756e-05 0.000263886 -2.83535e-05 -3.14756e-05 0.00955778 -0.0174719 -3.348e-05 0.000263886 -0.0174719 0.085905 
0.00946366 -0.017407 -2.51703e-05 -2.30014e-05 -0.017407 0.0860281 -1.54224e-05 0.000241656 -2.51703e-05 -1.54224e-05 0.00951171 -0.0173869 -2.30014e-05 0.000241656 -0.0173869 0.0856379 
0.00944737 -0.0174262 -2.34303e-05 -2.45371e-05 -0.0174262 0.0860527 -1.67171e-05 0.000230038 -2.34303e-05 -1.67171e-05 0.00950999 -0.0173334 -2.45371e-05 0.000230038 -0.0173334 0.0854514 
0.00940749 -0.0173993 -3.86674e-05 -2.14175e-05 -0.0173993 0.0859936 -2.03486e-05 0.000226403 -3.86674e-05 -2.03486e-05 0.00952156 -0.0173229 -2.14175e-05 0.000226403 -0.0173229 0.0853271 
0.00942295 -0.0173884 -3.52594e-05 2.71757e-06 -0.0173884 0.0860893 -5.81884e-06 0.000194883 -3.52594e-05 -5.81884e-06 0.00954122 -0.0173961 2.71757e-06 0.000194883 -0.0173961 0.0855688 
0.00942997 -0.0173525 -3.0292e-05 5.16707e-06 -0.0173525 0.0858996 -8.72801e-06 0.000169949 -3.0292e-05 -8.72801e-06 0.009519 -0.0173773 5.16707e-06 0.000169949 -0.0173773 0.0854985 
0.00942742 -0.0173466 -2.06522e-05 -5.74076e-06 -0.0173466 0.0857479 -1.75941e-05 0.000182756 -2.06522e-05 -1.75941e-05 0.00949905 -0.0173242 -5.74076e-06 0.000182756 -0.0173242 0.0852988 
