0.00706593 0 -4.50088e-05 0 0 0.00994485 0 0 -4.50088e-05 0 0.00696329 0 0 0 0 0.00994485 
0.00961635 -0.0119339 -4.0291e-05 4.69157e-05 -0.0119339 0.0316747 4.69157e-05 -8.97419e-05 -4.0291e-05 4.69157e-05 0.00953758 -0.0118413 4.69157e-05 -8.97419e-05 -0.0118413 0.0314966 
0.00988981 -0.0183696 -1.93618e-05 -1.18654e-05 -0.0183696 0.0677235 -1.18654e-05 6.01602e-05 -1.93618e-05 -1.18654e-05 0.00986964 -0.0184323 -1.18654e-05 6.01602e-05 -0.0184323 0.0679692 
0.00933143 -0.0178426 -3.7234e-05 -7.27152e-05 -0.0178426 0.0799001 -7.8624e-05 0.000452591 -3.7234e-05 -7.8624e-05 0.00928762 -0.0180944 -7.27152e-05 0.000452591 -0.0180944 0.0812947 
0.00907727 -0.0167909 -3.12013e-05 -3.74106e-05 -0.0167909 0.0805872 -4.1194e-05 0.000524379 -3.12013e-05 -4.1194e-05 0.00898388 -0.0169853 -3.74106e-05 0.000524379 -0.0169853 0.0823451 
0.00932147 -0.0170009 -2.33937e-05 -2.52308e-05 -0.0170009 0.0829281 -1.79016e-05 0.000413759 -2.33937e-05 -1.79016e-05 0.00919203 -0.0170575 -2.52308e-05 0.000413759 -0.0170575 0.0842655 
0.00954661 -0.0173596 -3.56812e-05 -2.98369e-05 -0.0173596 0.085011 -2.24895e-05 0.000328575 -3.56812e-05 -2.24895e-05 0.00939261 -0.0173315 -2.98369e-05 0.000328575 -0.0173315 0.0858272 
0.00970819 -0.017689 -5.12638e-05 -1.10415e-05 -0.017689 0.0867924 -1.33282e-05 0.000264189 -5.12638e-05 -1.33282e-05 0.00958385 -0.0176314 -1.10415e-05 0.000264189 -0.0176314 0.0873085 
0.00950623 -0.0172826 -5.18991e-05 7.24378e-06 -0.0172826 0.0849673 -1.28901e-06 0.000206595 -5.18991e-05 -1.28901e-06 0.00937542 -0.0172618 7.24378e-06 0.000206595 -0.0172618 0.085394 
0.00983267 -0.0178517 -5.62768e-05 9.46471e-06 -0.0178517 0.0877429 -1.37979e-06 0.000191624 -5.62768e-05 -1.37979e-06 0.00966634 -0.0178269 9.46471e-06 0.000191624 -0.0178269 0.088174 
0.00976367 -0.0177535 -5.27273e-05 6.17095e-06 -0.0177535 0.0871798 -4.00723e-06 0.000198854 -5.27273e-05 -4.00723e-06 0.00960491 -0.0176899 6.17095e-06 0.000198854 -0.0176899 0.0875413 
0.00972204 -0.0176792 -3.96864e-05 -5.71149e-07 -0.0176792 0.0868289 -5.37835e-06 0.000210145 -3.96864e-05 -5.37835e-06 0.00956418 -0.017622 -5.71149e-07 0.000210145 -0.017622 0.0871626 
0.00967044 -0.0176538 -1.05764e-05 -1.65454e-05 -0.0176538 0.0867033 -1.60404e-05 0.000234669 -1.05764e-05 -1.60404e-05 0.00955866 -0.0175996 -1.65454e-05 0.000234669 -0.0175996 0.0870456 
0.00965862 -0.0175991 -1.29293e-05 -4.85587e-05 -0.0175991 0.0865883 -4.73307e-05 0.000289375 -1.29293e-05 -4.73307e-05 0.00953937 -0.0176036 -4.85587e-05 0.000289375 -0.0176036 0.0870253 
0.0096238 -0.0175242 -2.85225e-05 -5.10262e-05 -0.0175242 0.0862166 -5.04436e-05 0.000325718 -2.85225e-05 -5.04436e-05 0.00951422 -0.0175253 -5.10262e-05 0.000325718 -0.0175253 0.0867041 
0.00960541 -0.0174936 -4.83824e-05 -3.28576e-05 -0.0174936 0.0860451 -3.61673e-05 0.000312704 -4.83824e-05 -3.61673e-05 0.00951583 -0.0175059 -3.28576e-05 0.000312704 -0.0175059 0.0865585 
0.00960626 -0.017489 -5.55793e-05 -2.24221e-06 -0.017489 0.0860155 -1.12971e-05 0.000257216 -5.55793e-05 -1.12971e-05 0.00951403 -0.0175239 -2.24221e-06 0.000257216 -0.0175239 0.0865722 
0.00961781 -0.017487 -6.35703e-05 1.11305e-05 -0.017487 0.0859838 2.66918e-06 0.000205368 -6.35703e-05 2.66918e-06 0.00950317 -0.0175204 1.11305e-05 0.000205368 -0.0175204 0.0865605 
0.00961456 -0.0174938 -7.23754e-05 1.99287e-05 -0.0174938 0.0859325 1.48669e-05 0.00016972 -7.23754e-05 1.48669e-05 0.00948757 -0.0174803 1.99287e-05 0.00016972 -0.0174803 0.0864132 
0.00963089 -0.0175086 -7.899e-05 2.62356e-05 -0.0175086 0.0859887 2.31411e-05 0.000149176 -7.899e-05 2.31411e-05 0.00946613 -0.0174725 2.62356e-05 0.000149176 -0.0174725 0.0863739 
0.00962043 -0.0175604 -8.89269e-05 3.42637e-05 -0.0175604 0.0861853 3.30846e-05 0.000126244 -8.89269e-05 3.30846e-05 0.00949205 -0.0174714 3.42637e-05 0.000126244 -0.0174714 0.0864423 
0.00957915 -0.0175034 -8.37323e-05 4.84105e-05 -0.0175034 0.0860444 4.73021e-05 9.2925e-05 -8.37323e-05 4.73021e-05 0.0095034 -0.0174649 4.84105e-05 9.2925e-05 -0.0174649 0.0863249 
0.00958475 -0.0175063 -8.61278e-05 4.01196e-05 -0.0175063 0.0861699 3.68608e-05 9.87867e-05 -8.61278e-05 3.68608e-05 0.00952563 -0.0175452 4.01196e-05 9.87867e-05 -0.0175452 0.0866146 
0.00958552 -0.0175089 -7.73505e-05 4.37106e-05 -0.0175089 0.0862299 4.12465e-05 9.84293e-05 -7.73505e-05 4.12465e-05 0.00953307 -0.0175751 4.37106e-05 9.84293e-05 -0.0175751 0.0868002 
0.0095694 -0.0174855 -4.72161e-05 3.31041e-05 -0.0174855 0.0861401 3.49224e-05 0.000104507 -4.72161e-05 3.49224e-05 0.00953898 -0.0175503 3.31041e-05 0.000104507 -0.0175503 0.0867382 
0.00955036 -0.017464 -2.20167e-05 1.16313e-07 -0.017464 0.086068 1.56869e-06 0.000155717 -2.20167e-05 1.56869e-06 0.00954758 -0.017554 1.16313e-07 0.000155717 -0.017554 0.0867088 
0.0095196 -0.0173799 -2.96636e-05 -3.21571e-05 -0.0173799 0.0857004 -3.08029e-05 0.000232198 -2.96636e-05 -3.08029e-05 0.00950709 -0.0175011 -3.21571e-05 0.000232198 -0.0175011 0.086406 
0.00948251 -0.0173283 -4.09846e-05 -2.36769e-05 -0.0173283 0.085415 -2.11297e-05 0.000248863 -4.09846e-05 -2.11297e-05 0.00948527 -0.0174456 -2.36769e-05 0.000248863 -0.0174456 0.0861542 
0.00948331 -0.0173055 -5.90741e-05 -1.1935e-05 -0.0173055 0.0853341 -5.12252e-06 0.000227227 -5.90741e-05 -5.12252e-06 0.00945879 -0.0174464 -1.1935e-05 0.000227227 -0.0174464 0.0861213 
0.00946769 -0.0172268 -6.98344e-05 1.08959e-05 -0.0172268 0.0849076 2.0801e-05 0.000172495 -6.98344e-05 2.0801e-05 0.00937595 -0.0173384 1.08959e-05 0.000172495 -0.0173384 0.0856798 
0.00948832 -0.0172414 -6.44272e-05 2.44523e-05 -0.0172414 0.0848411 3.11652e-05 0.00013134 -6.44272e-05 3.11652e-05 0.00932112 -0.0172618 2.44523e-05 0.00013134 -0.0172618 0.0854497 
0.00949414 -0.0173159 -6.5879e-05 2.44632e-05 -0.0173159 0.0850807 2.5803e-05 0.000116629 -6.5879e-05 2.5803e-05 0.00932448 -0.0172307 2.44632e-05 0.000116629 -0.0172307 0.0854306 
0.00949484 -0.0173198 -6.11677e-05 2.90967e-05 -0.0173198 0.0851631 2.70167e-05 0.00010746 -6.11677e-05 2.70167e-05 0.00930912 -0.0172091 2.90967e-05 0.00010746 -0.0172091 0.0853262 
0.00948323 -0.0173163 -5.64649e-05 2.97061e-05 -0.0173163 0.0851632 2.48088e-05 9.68558e-05 -5.64649e-05 2.48088e-05 0.00930979 -0.0171767 2.97061e-05 9.68558e-05 -0.0171767 0.085207 
0.00946457 -0.0172505 -5.7719e-05 2.66329e-05 -0.0172505 0.0848875 2.17696e-05 9.25978e-05 -5.7719e-05 2.17696e-05 0.00928567 -0.0171254 2.66329e-05 9.25978e-05 -0.0171254 0.0848996 
0.0094717 -0.0172446 -4.41966e-05 2.90848e-05 -0.0172446 0.0848041 2.31154e-05 8.74994e-05 -4.41966e-05 2.31154e-05 0.00926946 -0.0171102 2.90848e-05 8.74994e-05 -0.0171102 0.0847916 
0.00946154 -0.0172776 -3.47545e-05 1.17154e-05 -0.0172776 0.0848939 5.31085e-06 0.000111307 -3.47545e-05 5.31085e-06 0.00927011 -0.0171117 1.17154e-05 0.000111307 -0.0171117 0.0848166 
0.00943719 -0.0172764 -3.09462e-05 -5.73379e-06 -0.0172764 0.0849691 -8.40901e-06 0.000154607 -3.09462e-05 -8.40901e-06 0.00929526 -0.0171229 -5.73379e-06 0.000154607 -0.0171229 0.0848761 
0.00940764 -0.0172337 -3.85395e-05 -1.38001e-05 -0.0172337 0.0848869 -9.08917e-06 0.000179378 -3.85395e-05 -9.08917e-06 0.00931512 -0.0171408 -1.38001e-05 0.000179378 -0.0171408 0.0848899 
0.00941279 -0.0172113 -6.79088e-05 -3.78659e-06 -0.0172113 0.0848778 4.30795e-06 0.000166182 -6.79088e-05 4.30795e-06 0.0093373 -0.0171939 -3.78659e-06 0.000166182 -0.0171939 0.0850636 
0.00942786 -0.0171842 -8.02454e-05 3.66391e-05 -0.0171842 0.0847446 4.25894e-05 9.12749e-05 -8.02454e-05 4.25894e-05 0.00931458 -0.0172104 3.66391e-05 9.12749e-05 -0.0172104 0.0851085 
0.00942371 -0.0171819 -6.68982e-05 5.3217e-05 -0.0171819 0.0846124 5.93341e-05 2.70292e-05 -6.68982e-05 5.93341e-05 0.00928497 -0.0171579 5.3217e-05 2.70292e-05 -0.0171579 0.0849644 
0.00941624 -0.0171734 -4.02798e-05 3.65713e-05 -0.0171734 0.0845232 4.59227e-05 2.47749e-05 -4.02798e-05 4.59227e-05 0.00926318 -0.0171079 3.65713e-05 2.47749e-05 -0.0171079 0.0847761 
0.00943613 -0.0172214 -2.28919e-06 1.71023e-06 -0.0172214 0.0847311 9.57719e-06 8.88766e-05 -2.28919e-06 9.57719e-06 0.0092788 -0.0171223 1.71023e-06 8.88766e-05 -0.0171223 0.0848693 
0.00945115 -0.0172434 1.28889e-06 -4.50952e-05 -0.0172434 0.0848489 -3.98576e-05 0.000195911 1.28889e-06 -3.98576e-05 0.00928914 -0.0171399 -4.50952e-05 0.000195911 -0.0171399 0.0849344 
0.00943868 -0.0172467 -9.43872e-06 -4.91035e-05 -0.0172467 0.0848595 -4.53929e-05 0.000250557 -9.43872e-06 -4.53929e-05 0.00930558 -0.0171433 -4.91035e-05 0.000250557 -0.0171433 0.0849363 
0.00944123 -0.0172668 -1.87946e-05 -3.48041e-05 -0.0172668 0.085021 -3.27174e-05 0.000244046 -1.87946e-05 -3.27174e-05 0.0093408 -0.0172047 -3.48041e-05 0.000244046 -0.0172047 0.085166 
0.00942734 -0.0172397 -1.59998e-05 -2.14466e-05 -0.0172397 0.0849494 -2.34356e-05 0.000218072 -1.59998e-05 -2.34356e-05 0.00935624 -0.0172214 -2.14466e-05 0.000218072 -0.0172214 0.0852056 
0.00944992 -0.0172363 -1.61016e-05 -2.06816e-05 -0.0172363 0.0849675 -2.46521e-05 0.0002036 -1.61016e-05 -2.46521e-05 0.00936661 -0.0172629 -2.06816e-05 0.0002036 -0.0172629 0.0853549 
0.0094547 -0.0172634 -2.45431e-05 -1.9484e-05 -0.0172634 0.0850176 -2.29649e-05 0.00019518 -2.45431e-05 -2.29649e-05 0.00939565 -0.0172784 -1.9484e-05 0.00019518 -0.0172784 0.0854494 
0.00944903 -0.0172565 -3.96919e-05 -9.94656e-06 -0.0172565 0.0849967 -1.33666e-05 0.000178491 -3.96919e-05 -1.33666e-05 0.00940566 -0.0173064 -9.94656e-06 0.000178491 -0.0173064 0.0854986 
0.00942046 -0.0172183 -4.3894e-05 1.42288e-05 -0.0172183 0.0848236 7.86887e-06 0.000128793 -4.3894e-05 7.86887e-06 0.00940382 -0.0172951 1.42288e-05 0.000128793 -0.0172951 0.0854129 
0.0094033 -0.0171658 -3.53198e-05 2.10121e-05 -0.0171658 0.0846039 1.51464e-05 9.2361e-05 -3.53198e-05 1.51464e-05 0.00937375 -0.0172768 2.10121e-05 9.2361e-05 -0.0172768 0.0852841 
0.00941304 -0.0172179 -4.09567e-05 5.54175e-06 -0.0172179 0.0848242 4.27654e-06 0.000105115 -4.09567e-05 4.27654e-06 0.0093972 -0.0173099 5.54175e-06 0.000105115 -0.0173099 0.0855123 
0.00942505 -0.0172156 -5.12992e-05 6.8525e-06 -0.0172156 0.0848721 1.19104e-05 0.000109402 -5.12992e-05 1.19104e-05 0.00938538 -0.0173158 6.8525e-06 0.000109402 -0.0173158 0.0855523 
0.00943097 -0.0171986 -5.52645e-05 1.65329e-05 -0.0171986 0.0847732 2.28125e-05 9.53781e-05 -5.52645e-05 2.28125e-05 0.00935928 -0.0172809 1.65329e-05 9.53781e-05 -0.0172809 0.0854423 
0.00944843 -0.0172515 -4.20595e-05 2.5005e-05 -0.0172515 0.0849634 2.9718e-05 7.28193e-05 -4.20595e-05 2.9718e-05 0.0093661 -0.017288 2.5005e-05 7.28193e-05 -0.017288 0.0855464 
0.00947858 -0.0173229 -2.73571e-05 1.19365e-05 -0.0173229 0.0853218 1.92188e-05 7.60782e-05 -2.73571e-05 1.92188e-05 0.00938625 -0.0173336 1.19365e-05 7.60782e-05 -0.0173336 0.0858097 
0.00946728 -0.017291 -2.67579e-05 -4.09624e-06 -0.017291 0.0852137 6.2525e-06 9.8245e-05 -2.67579e-05 6.2525e-06 0.00936582 -0.017297 -4.09624e-06 9.8245e-05 -0.017297 0.0856658 
0.00941859 -0.0171965 -4.38239e-05 -2.56988e-06 -0.0171965 0.0847499 5.86199e-06 0.000104367 -4.38239e-05 5.86199e-06 0.00931946 -0.0171922 -2.56988e-06 0.000104367 -0.0171922 0.0851762 
0.00974841 -0.017808 -5.64959e-05 1.81729e-05 -0.017808 0.0877567 2.40677e-05 8.01874e-05 -5.64959e-05 2.40677e-05 0.00966951 -0.0178084 1.81729e-05 8.01874e-05 -0.0178084 0.0882 
0.00972939 -0.0177886 -4.89951e-05 3.44711e-05 -0.0177886 0.0876616 3.93257e-05 3.67e-05 -4.89951e-05 3.93257e-05 0.00966299 -0.0178048 3.44711e-05 3.67e-05 -0.0178048 0.0881118 
0.009703 -0.0177871 -1.21517e-05 2.48699e-05 -0.0177871 0.0876845 3.07561e-05 3.35777e-05 -1.21517e-05 3.07561e-05 0.00967486 -0.0178198 2.48699e-05 3.35777e-05 -0.0178198 0.0881701 
0.00970491 -0.0177561 -7.46915e-06 -1.89119e-05 -0.0177561 0.0876554 -9.35023e-06 9.62597e-05 -7.46915e-06 -9.35023e-06 0.00967178 -0.0178405 -1.89119e-05 9.62597e-05 -0.0178405 0.0882383 
0.0096952 -0.0177159 -2.19568e-05 -2.75283e-05 -0.0177159 0.0874443 -1.72342e-05 0.000145258 -2.19568e-05 -1.72342e-05 0.00964054 -0.0178003 -2.75283e-05 0.000145258 -0.0178003 0.0880794 
0.00968594 -0.0177036 -4.40362e-05 -9.58909e-06 -0.0177036 0.0873309 1.92013e-06 0.000128644 -4.40362e-05 1.92013e-06 0.00962775 -0.0177607 -9.58909e-06 0.000128644 -0.0177607 0.0879334 
0.00971593 -0.0177637 -6.23022e-05 1.85189e-05 -0.0177637 0.0876094 3.04439e-05 7.09956e-05 -6.23022e-05 3.04439e-05 0.00965991 -0.0178119 1.85189e-05 7.09956e-05 -0.0178119 0.0881739 
0.00935022 -0.0170609 -5.53411e-05 4.04955e-05 -0.0170609 0.0841522 4.90183e-05 8.98997e-06 -5.53411e-05 4.90183e-05 0.00925823 -0.0171173 4.04955e-05 8.98997e-06 -0.0171173 0.0847061 
0.00976292 -0.0178015 -2.64895e-05 4.40229e-05 -0.0178015 0.087726 4.63117e-05 -1.81949e-05 -2.64895e-05 4.63117e-05 0.00964308 -0.0178109 4.40229e-05 -1.81949e-05 -0.0178109 0.0882345 
0.00975916 -0.0178334 -2.07454e-05 4.58459e-06 -0.0178334 0.0878052 4.65929e-06 4.07598e-05 -2.07454e-05 4.65929e-06 0.0096657 -0.0177976 4.58459e-06 4.07598e-05 -0.0177976 0.0881842 
0.0097501 -0.0178471 -2.33222e-05 -6.78454e-06 -0.0178471 0.0879169 -8.92128e-06 0.000100304 -2.33222e-05 -8.92128e-06 0.00969409 -0.0178418 -6.78454e-06 0.000100304 -0.0178418 0.0882873 
0.00935301 -0.017119 -1.66566e-05 1.5095e-06 -0.017119 0.0844218 -4.85588e-06 0.00010183 -1.66566e-05 -4.85588e-06 0.0093228 -0.0171726 1.5095e-06 0.00010183 -0.0171726 0.0848976 
0.00934852 -0.01711 -5.41633e-07 1.3358e-06 -0.01711 0.0844269 -4.83131e-06 8.98118e-05 -5.41633e-07 -4.83131e-06 0.00932885 -0.017205 1.3358e-06 8.98118e-05 -0.017205 0.085044 
0.00934338 -0.0171216 -2.00139e-06 -1.83204e-05 -0.0171216 0.084504 -2.38007e-05 0.000113834 -2.00139e-06 -2.38007e-05 0.00934882 -0.0172209 -1.83204e-05 0.000113834 -0.0172209 0.0851717 
0.00930557 -0.0170687 -1.64783e-05 -2.26224e-05 -0.0170687 0.0843086 -2.55406e-05 0.000137437 -1.64783e-05 -2.55406e-05 0.00935236 -0.0171984 -2.26224e-05 0.000137437 -0.0171984 0.0850359 
0.00965272 -0.0176341 -1.87169e-05 -9.37019e-06 -0.0176341 0.087185 -7.83693e-06 0.000128852 -1.87169e-05 -7.83693e-06 0.00968633 -0.0178306 -9.37019e-06 0.000128852 -0.0178306 0.0880758 
0.00965624 -0.0176555 -2.105e-05 -6.14924e-06 -0.0176555 0.0871681 -5.45617e-06 0.000115271 -2.105e-05 -5.45617e-06 0.00966989 -0.0178357 -6.14924e-06 0.000115271 -0.0178357 0.0881025 
0.00964875 -0.017683 -1.24982e-05 -1.72098e-06 -0.017683 0.0872691 -6.09609e-06 0.000109923 -1.24982e-05 -6.09609e-06 0.00967185 -0.0178259 -1.72098e-06 0.000109923 -0.0178259 0.0881341 
0.00966637 -0.0176855 -4.97433e-06 -1.82957e-05 -0.0176855 0.0873493 -2.15185e-05 0.000140334 -4.97433e-06 -2.15185e-05 0.00965138 -0.0178308 -1.82957e-05 0.000140334 -0.0178308 0.0881703 
0.00964813 -0.0176559 -1.48736e-05 -2.87576e-05 -0.0176559 0.0871707 -2.71393e-05 0.000167482 -1.48736e-05 -2.71393e-05 0.00962584 -0.0177584 -2.87576e-05 0.000167482 -0.0177584 0.0879155 
0.00965755 -0.0176864 -1.40441e-05 -1.39151e-05 -0.0176864 0.0873242 -1.336e-05 0.000153652 -1.40441e-05 -1.336e-05 0.00965168 -0.0177835 -1.39151e-05 0.000153652 -0.0177835 0.0880241 
0.00962968 -0.0176306 -2.28387e-05 -1.20555e-05 -0.0176306 0.0870858 -1.21417e-05 0.000137799 -2.28387e-05 -1.21417e-05 0.00963823 -0.017753 -1.20555e-05 0.000137799 -0.017753 0.0878144 
0.00964198 -0.0176186 -2.28805e-05 2.79559e-06 -0.0176186 0.087027 1.25281e-06 0.000106455 -2.28805e-05 1.25281e-06 0.00962582 -0.0177574 2.79559e-06 0.000106455 -0.0177574 0.0877996 
0.00965871 -0.017628 -2.24935e-05 5.04471e-06 -0.017628 0.0869872 2.00428e-06 8.72768e-05 -2.24935e-05 2.00428e-06 0.00959329 -0.0177273 5.04471e-06 8.72768e-05 -0.0177273 0.0877035 
0.00965068 -0.0176544 -3.44163e-05 5.68718e-06 -0.0176544 0.087014 1.08123e-06 7.98453e-05 -3.44163e-05 1.08123e-06 0.0095776 -0.0176752 5.68718e-06 7.98453e-05 -0.0176752 0.0875505 
0.00968593 -0.0177235 -4.15577e-05 1.98632e-05 -0.0177235 0.0873857 1.37439e-05 5.85455e-05 -4.15577e-05 1.37439e-05 0.0095849 -0.0177206 1.98632e-05 5.85455e-05 -0.0177206 0.0877838 
0.00966201 -0.0176929 -9.73747e-06 2.78267e-05 -0.0176929 0.0872633 1.87029e-05 4.0272e-05 -9.73747e-06 1.87029e-05 0.00957307 -0.0176656 2.78267e-05 4.0272e-05 -0.0176656 0.0875841 
0.00964783 -0.0177089 1.47646e-05 -1.06297e-05 -0.0177089 0.0873899 -1.34738e-05 8.34415e-05 1.47646e-05 -1.34738e-05 0.00960577 -0.0176989 -1.06297e-05 8.34415e-05 -0.0176989 0.0877115 
0.0096588 -0.0176907 1.87121e-05 -4.84506e-05 -0.0176907 0.0874381 -4.52632e-05 0.000169571 1.87121e-05 -4.52632e-05 0.00961934 -0.0177567 -4.84506e-05 0.000169571 -0.0177567 0.0879082 
0.00965978 -0.0176459 -1.22263e-05 -5.27553e-05 -0.0176459 0.0872033 -4.7688e-05 0.000208985 -1.22263e-05 -4.7688e-05 0.00959803 -0.0177225 -5.27553e-05 0.000208985 -0.0177225 0.0877719 
0.00969234 -0.0176772 -2.88273e-05 -1.55245e-05 -0.0176772 0.0872422 -1.1405e-05 0.000164423 -2.88273e-05 -1.1405e-05 0.0095832 -0.0177156 -1.55245e-05 0.000164423 -0.0177156 0.0877709 
0.00970961 -0.0177682 -3.92239e-05 1.66316e-06 -0.0177682 0.0875649 1.3865e-06 0.000121298 -3.92239e-05 1.3865e-06 0.00960918 -0.0177364 1.66316e-06 0.000121298 -0.0177364 0.0879439 
0.00968639 -0.017717 -4.44303e-05 1.68724e-05 -0.017717 0.0873732 1.07321e-05 8.82902e-05 -4.44303e-05 1.07321e-05 0.00958944 -0.0176811 1.68724e-05 8.82902e-05 -0.0176811 0.0876516 
0.00971856 -0.0177587 -4.90994e-05 2.63498e-05 -0.0177587 0.0875814 1.77514e-05 6.28426e-05 -4.90994e-05 1.77514e-05 0.00960621 -0.0177304 2.63498e-05 6.28426e-05 -0.0177304 0.0878448 
0.00971514 -0.017762 -3.35289e-05 2.93577e-05 -0.017762 0.0875635 2.45696e-05 4.71948e-05 -3.35289e-05 2.45696e-05 0.00961293 -0.0177215 2.93577e-05 4.71948e-05 -0.0177215 0.0878133 
0.00973197 -0.0177883 -2.48803e-05 1.17914e-05 -0.0177883 0.0876893 1.03368e-05 6.24302e-05 -2.48803e-05 1.03368e-05 0.00964047 -0.0177536 1.17914e-05 6.24302e-05 -0.0177536 0.0879308 
0.00934724 -0.0171031 -4.16173e-05 1.41235e-06 -0.0171031 0.0842995 -1.07349e-06 8.79389e-05 -4.16173e-05 -1.07349e-06 0.00927882 -0.0170871 1.41235e-06 8.79389e-05 -0.0170871 0.084567 
0.00936388 -0.0171041 -4.72072e-05 1.84862e-05 -0.0171041 0.0843452 1.34152e-05 8.21356e-05 -4.72072e-05 1.34152e-05 0.00928289 -0.0171225 1.84862e-05 8.21356e-05 -0.0171225 0.0846972 
0.00946938 -0.0172555 -3.19865e-05 2.745e-05 -0.0172555 0.0850481 1.95245e-05 6.32884e-05 -3.19865e-05 1.95245e-05 0.00932983 -0.0172666 2.745e-05 6.32884e-05 -0.0172666 0.0854425 
0.00953107 -0.0173958 -4.40496e-06 4.78821e-06 -0.0173958 0.0856174 -2.80837e-06 9.48199e-05 -4.40496e-06 -2.80837e-06 0.00937084 -0.0173248 4.78821e-06 9.48199e-05 -0.0173248 0.0858866 
0.0095154 -0.0174484 -1.8736e-06 -3.02721e-05 -0.0174484 0.0858797 -3.44632e-05 0.000165837 -1.8736e-06 -3.44632e-05 0.0094143 -0.0173382 -3.02721e-05 0.000165837 -0.0173382 0.0860052 
0.00943936 -0.0173127 -3.52864e-05 -3.58225e-05 -0.0173127 0.0854053 -3.60658e-05 0.000204317 -3.52864e-05 -3.60658e-05 0.00940153 -0.0172828 -3.58225e-05 0.000204317 -0.0172828 0.0856081 
0.0093979 -0.0172095 -5.32748e-05 1.5329e-06 -0.0172095 0.0850031 6.07064e-06 0.000154996 -5.32748e-05 6.07064e-06 0.00939315 -0.0172704 1.5329e-06 0.000154996 -0.0172704 0.0854184 
0.00937324 -0.017163 -5.61918e-05 2.83633e-05 -0.017163 0.0847836 3.67232e-05 7.20334e-05 -5.61918e-05 3.67232e-05 0.00940315 -0.0172823 2.83633e-05 7.20334e-05 -0.0172823 0.0854062 
0.00932058 -0.0170501 -5.32786e-05 3.73548e-05 -0.0170501 0.0842452 4.46102e-05 1.95486e-05 -5.32786e-05 4.46102e-05 0.00936693 -0.0172234 3.73548e-05 1.95486e-05 -0.0172234 0.0850466 
0.00966702 -0.0176592 -5.57964e-05 3.76682e-05 -0.0176592 0.0872303 4.034e-05 5.97601e-06 -5.57964e-05 4.034e-05 0.00971037 -0.0178667 3.76682e-05 5.97601e-06 -0.0178667 0.0881917 
0.00963469 -0.0176045 -5.4435e-05 4.02439e-05 -0.0176045 0.0868938 3.88532e-05 1.4154e-06 -5.4435e-05 3.88532e-05 0.0096766 -0.0178106 4.02439e-05 1.4154e-06 -0.0178106 0.0879078 
0.00965464 -0.0176422 -5.54194e-05 3.42242e-05 -0.0176422 0.0870495 3.32144e-05 1.40123e-05 -5.54194e-05 3.32144e-05 0.00967937 -0.0178449 3.42242e-05 1.40123e-05 -0.0178449 0.0880751 
0.00968905 -0.0177193 -5.18769e-05 2.83172e-05 -0.0177193 0.0873985 3.13721e-05 3.23159e-05 -5.18769e-05 3.13721e-05 0.00969718 -0.0178883 2.83172e-05 3.23159e-05 -0.0178883 0.0883606 
0.00971574 -0.0177719 -5.3746e-05 1.71655e-05 -0.0177719 0.0876739 2.33397e-05 6.20508e-05 -5.3746e-05 2.33397e-05 0.00969822 -0.0179171 1.71655e-05 6.20508e-05 -0.0179171 0.0885609 
0.00931748 -0.0170773 -5.89463e-05 2.13762e-05 -0.0170773 0.0842599 2.34502e-05 6.72082e-05 -5.89463e-05 2.34502e-05 0.00931018 -0.0171806 2.13762e-05 6.72082e-05 -0.0171806 0.0850162 
0.00933743 -0.0171032 -7.00075e-05 3.50428e-05 -0.0171032 0.0844669 3.1326e-05 5.15983e-05 -7.00075e-05 3.1326e-05 0.00933131 -0.0172062 3.50428e-05 5.15983e-05 -0.0172062 0.0851614 
0.00935095 -0.0171198 -8.25639e-05 5.28038e-05 -0.0171198 0.0845656 4.74711e-05 1.26927e-05 -8.25639e-05 4.74711e-05 0.00934596 -0.0172225 5.28038e-05 1.26927e-05 -0.0172225 0.085236 
0.00936221 -0.0171283 -8.30253e-05 6.98835e-05 -0.0171283 0.084596 6.58054e-05 -3.47094e-05 -8.30253e-05 6.58054e-05 0.00934555 -0.0172247 6.98835e-05 -3.47094e-05 -0.0172247 0.0852367 
0.00941148 -0.0171931 -6.2459e-05 7.25164e-05 -0.0171931 0.0848834 7.30179e-05 -6.85563e-05 -6.2459e-05 7.30179e-05 0.00935626 -0.0172729 7.25164e-05 -6.85563e-05 -0.0172729 0.0854826 
0.00943027 -0.017192 -4.84691e-05 4.60611e-05 -0.017192 0.0848095 5.02405e-05 -4.2441e-05 -4.84691e-05 5.02405e-05 0.00930368 -0.0172264 4.60611e-05 -4.2441e-05 -0.0172264 0.0853214 
0.00943305 -0.0171772 -2.81538e-05 2.66619e-05 -0.0171772 0.0846276 3.34439e-05 1.28978e-06 -2.81538e-05 3.34439e-05 0.00924091 -0.0171249 2.66619e-05 1.28978e-06 -0.0171249 0.0849648 
0.00938905 -0.0171495 -2.17181e-05 6.01694e-07 -0.0171495 0.0843837 7.46647e-06 5.88933e-05 -2.17181e-05 7.46647e-06 0.00921067 -0.0170044 6.01694e-07 5.88933e-05 -0.0170044 0.084482 
0.00974051 -0.0177767 -9.8899e-06 -5.85376e-06 -0.0177767 0.0875391 2.60246e-08 9.57326e-05 -9.8899e-06 2.60246e-08 0.00955295 -0.0176452 -5.85376e-06 9.57326e-05 -0.0176452 0.0875699 
0.00969869 -0.01777 -3.18496e-07 -1.69653e-05 -0.01777 0.0874858 -1.43867e-05 0.000122339 -3.18496e-07 -1.43867e-05 0.00956816 -0.0176321 -1.69653e-05 0.000122339 -0.0176321 0.0874953 
0.0096926 -0.0177675 -3.59839e-06 -2.49975e-05 -0.0177675 0.0876162 -2.8501e-05 0.000149154 -3.59839e-06 -2.8501e-05 0.00959636 -0.0176957 -2.49975e-05 0.000149154 -0.0176957 0.0877095 
0.00968456 -0.0177357 -1.68226e-05 -1.92137e-05 -0.0177357 0.0875538 -2.57607e-05 0.000153176 -1.68226e-05 -2.57607e-05 0.00959394 -0.017718 -1.92137e-05 0.000153176 -0.017718 0.0877925 
0.00967046 -0.0176931 -1.73176e-05 -5.87709e-06 -0.0176931 0.0873691 -9.33098e-06 0.000128587 -1.73176e-05 -9.33098e-06 0.00957418 -0.0176963 -5.87709e-06 0.000128587 -0.0176963 0.0877162 
0.00963914 -0.0176298 -1.00865e-05 -7.06477e-06 -0.0176298 0.0870418 -5.35707e-06 0.00011212 -1.00865e-05 -5.35707e-06 0.00954875 -0.0176253 -7.06477e-06 0.00011212 -0.0176253 0.0874101 
0.00961335 -0.0175773 -7.6697e-06 -1.87484e-05 -0.0175773 0.0867619 -1.49118e-05 0.000128223 -7.6697e-06 -1.49118e-05 0.00952751 -0.0175758 -1.87484e-05 0.000128223 -0.0175758 0.0871331 
0.00957555 -0.0175406 9.35011e-06 -2.65465e-05 -0.0175406 0.0865485 -2.16909e-05 0.000155426 9.35011e-06 -2.16909e-05 0.00953752 -0.0175379 -2.65465e-05 0.000155426 -0.0175379 0.0869092 
0.0095875 -0.0175558 2.83768e-05 -4.57043e-05 -0.0175558 0.0866706 -4.1976e-05 0.000194715 2.83768e-05 -4.1976e-05 0.00957583 -0.0176068 -4.57043e-05 0.000194715 -0.0176068 0.0871014 
0.00961716 -0.0175722 2.52846e-05 -6.4765e-05 -0.0175722 0.0867585 -6.22511e-05 0.000238655 2.52846e-05 -6.22511e-05 0.00959014 -0.0176698 -6.4765e-05 0.000238655 -0.0176698 0.0873196 
0.00966724 -0.0176429 -1.15155e-05 -5.91228e-05 -0.0176429 0.0870198 -6.00472e-05 0.00025058 -1.15155e-05 -6.00472e-05 0.00960597 -0.0177246 -5.91228e-05 0.00025058 -0.0177246 0.0876158 
0.00974522 -0.0177591 -2.81057e-05 -9.79332e-06 -0.0177591 0.0875028 -1.54109e-05 0.000176147 -2.81057e-05 -1.54109e-05 0.00961635 -0.0177968 -9.79332e-06 0.000176147 -0.0177968 0.0880321 
0.00979114 -0.0178641 -2.69061e-05 9.06272e-06 -0.0178641 0.0879043 3.35655e-06 0.000110125 -2.69061e-05 3.35655e-06 0.00961736 -0.0178076 9.06272e-06 0.000110125 -0.0178076 0.0882433 
0.00939423 -0.0171708 -2.13349e-05 7.1472e-06 -0.0171708 0.0844844 6.67658e-06 7.8547e-05 -2.13349e-05 6.67658e-06 0.00923701 -0.0170601 7.1472e-06 7.8547e-05 -0.0170601 0.0846337 
0.00939341 -0.017197 -2.82705e-05 -1.88494e-06 -0.017197 0.0846775 2.8935e-06 8.26335e-05 -2.82705e-05 2.8935e-06 0.00927352 -0.017096 -1.88494e-06 8.26335e-05 -0.017096 0.0847718 
0.00939905 -0.017161 -3.85791e-05 7.45411e-07 -0.017161 0.0846001 7.87985e-06 8.69839e-05 -3.85791e-05 7.87985e-06 0.00926729 -0.017118 7.45411e-07 8.69839e-05 -0.017118 0.0847925 
0.00936788 -0.0171275 -3.02592e-05 1.23756e-05 -0.0171275 0.0843892 2.08988e-05 6.77323e-05 -3.02592e-05 2.08988e-05 0.00926331 -0.0170829 1.23756e-05 6.77323e-05 -0.0170829 0.0846505 
0.00938063 -0.0171262 -1.33292e-05 3.87307e-06 -0.0171262 0.0844254 1.56961e-05 6.495e-05 -1.33292e-05 1.56961e-05 0.00925994 -0.0171145 3.87307e-06 6.495e-05 -0.0171145 0.0847558 
0.00938036 -0.0171342 -1.75947e-05 -1.4656e-05 -0.0171342 0.0844362 -3.62311e-06 9.29078e-05 -1.75947e-05 -3.62311e-06 0.00927209 -0.0171132 -1.4656e-05 9.29078e-05 -0.0171132 0.084803 
0.00941375 -0.0171579 -3.29321e-05 -9.763e-06 -0.0171579 0.0845589 -3.70982e-06 0.000107197 -3.29321e-05 -3.70982e-06 0.00928288 -0.0171471 -9.763e-06 0.000107197 -0.0171471 0.0849429 
0.00942579 -0.0171887 -4.80499e-05 1.0643e-05 -0.0171887 0.0846264 1.324e-05 8.08898e-05 -4.80499e-05 1.324e-05 0.00929824 -0.0171492 1.0643e-05 8.08898e-05 -0.0171492 0.0849755 
0.00943429 -0.0172237 -4.41378e-05 3.05351e-05 -0.0172237 0.0847782 3.14456e-05 3.56732e-05 -4.41378e-05 3.14456e-05 0.00931077 -0.0171861 3.05351e-05 3.56732e-05 -0.0171861 0.0851062 
0.00941485 -0.0172133 -3.73501e-05 3.00406e-05 -0.0172133 0.0847632 2.77208e-05 1.69164e-05 -3.73501e-05 2.77208e-05 0.00931758 -0.0171862 3.00406e-05 1.69164e-05 -0.0171862 0.0851093 
0.00942396 -0.0172081 -3.68682e-05 2.56082e-05 -0.0172081 0.0848103 1.65123e-05 2.39476e-05 -3.68682e-05 1.65123e-05 0.00931777 -0.0172137 2.56082e-05 2.39476e-05 -0.0172137 0.0852188 
0.00937402 -0.0171184 -3.28063e-05 2.57207e-05 -0.0171184 0.0843536 1.60661e-05 2.7992e-05 -3.28063e-05 1.60661e-05 0.00926951 -0.017111 2.57207e-05 2.7992e-05 -0.017111 0.0847675 
0.00938074 -0.017098 -3.00209e-05 2.10042e-05 -0.017098 0.0842442 1.82497e-05 2.54244e-05 -3.00209e-05 1.82497e-05 0.00925023 -0.0170805 2.10042e-05 2.54244e-05 -0.0170805 0.0846213 
0.00939755 -0.0171126 -2.9507e-05 1.61576e-05 -0.0171126 0.0842316 2.07563e-05 2.29944e-05 -2.9507e-05 2.07563e-05 0.00924042 -0.0170572 1.61576e-05 2.29944e-05 -0.0170572 0.0845262 
0.00943122 -0.017193 -3.59688e-05 1.17622e-05 -0.017193 0.0845369 2.06605e-05 2.69904e-05 -3.59688e-05 2.06605e-05 0.00925545 -0.0170933 1.17622e-05 2.69904e-05 -0.0170933 0.0847107 
0.00948411 -0.0172835 -4.61203e-05 1.99028e-05 -0.0172835 0.0849822 2.82758e-05 1.60831e-05 -4.61203e-05 2.82758e-05 0.00928302 -0.017167 1.99028e-05 1.60831e-05 -0.017167 0.0850838 
0.00951382 -0.0173496 -3.58862e-05 3.37459e-05 -0.0173496 0.0852881 3.89214e-05 -8.74859e-06 -3.58862e-05 3.89214e-05 0.00931837 -0.0172035 3.37459e-05 -8.74859e-06 -0.0172035 0.0853229 
0.00953089 -0.0173778 -1.05958e-05 2.39346e-05 -0.0173778 0.0854505 2.85398e-05 -8.14917e-06 -1.05958e-05 2.85398e-05 0.00934875 -0.0172444 2.39346e-05 -8.14917e-06 -0.0172444 0.0854839 
0.00950337 -0.0173425 -1.96593e-05 -1.40632e-05 -0.0173425 0.0852769 -6.62532e-06 6.04073e-05 -1.96593e-05 -6.62532e-06 0.00935911 -0.0172273 -1.40632e-05 6.04073e-05 -0.0172273 0.08535 
