0.00696402 0 3.99425e-05 0 0 0.00985335 0 0 3.99425e-05 0 0.00694139 0 0 0 0 0.00985335 
0.00949328 -0.0117795 3.61666e-05 -4.27838e-05 -0.0117795 0.0313142 -4.27838e-05 8.16016e-05 3.61666e-05 -4.27838e-05 0.00952693 -0.0118293 -4.27838e-05 8.16016e-05 -0.0118293 0.031409 
0.009786 -0.0181165 3.34736e-05 6.0787e-07 -0.0181165 0.066831 6.0787e-07 -1.78483e-05 3.34736e-05 6.0787e-07 0.00982715 -0.0184161 6.0787e-07 -1.78483e-05 -0.0184161 0.0678557 
0.00929042 -0.017736 3.00652e-05 4.04457e-05 -0.017736 0.0793659 5.0977e-05 -0.000352375 3.00652e-05 5.0977e-05 0.00926695 -0.0181365 4.04457e-05 -0.000352375 -0.0181365 0.08153 
0.00902587 -0.016733 4.95069e-05 3.10041e-05 -0.016733 0.0802791 4.43985e-05 -0.000457821 4.95069e-05 4.43985e-05 0.00897762 -0.0169848 3.10041e-05 -0.000457821 -0.0169848 0.0824594 
0.00976551 -0.0178442 7.00229e-05 -7.11507e-06 -0.0178442 0.0871512 -9.51732e-07 -0.000363574 7.00229e-05 -9.51732e-07 0.00968885 -0.0179866 -7.11507e-06 -0.000363574 -0.0179866 0.0888764 
0.0095061 -0.0172901 8.90624e-05 -3.34666e-05 -0.0172901 0.0848171 -3.03531e-05 -0.000196677 8.90624e-05 -3.03531e-05 0.00939255 -0.0173531 -3.34666e-05 -0.000196677 -0.0173531 0.085926 
0.0101984 -0.0185081 7.96773e-05 -7.3252e-05 -0.0185081 0.090919 -6.83125e-05 -6.42731e-05 7.96773e-05 -6.83125e-05 0.0100068 -0.0185164 -7.3252e-05 -6.42731e-05 -0.0185164 0.0917161 
0.0100391 -0.0181704 6.56785e-05 -5.66978e-05 -0.0181704 0.0892494 -5.49943e-05 -1.19081e-05 6.56785e-05 -5.49943e-05 0.00976765 -0.0180926 -5.66978e-05 -1.19081e-05 -0.0180926 0.0897319 
0.00991059 -0.0179457 5.59739e-05 -3.73814e-05 -0.0179457 0.088017 -3.69781e-05 -3.03745e-05 5.59739e-05 -3.69781e-05 0.00960575 -0.0177633 -3.73814e-05 -3.03745e-05 -0.0177633 0.0882002 
0.00982023 -0.0178172 5.24522e-05 -2.13821e-05 -0.0178172 0.0873281 -2.29517e-05 -6.92094e-05 5.24522e-05 -2.29517e-05 0.00953548 -0.0175926 -2.13821e-05 -6.92094e-05 -0.0175926 0.0873253 
0.00975317 -0.0177267 5.00026e-05 -1.44721e-05 -0.0177267 0.0869158 -1.90333e-05 -9.48234e-05 5.00026e-05 -1.90333e-05 0.00951045 -0.0175301 -1.44721e-05 -9.48234e-05 -0.0175301 0.0869031 
0.00971757 -0.0176764 3.10748e-05 -9.31486e-06 -0.0176764 0.0867355 -1.64015e-05 -0.000111351 3.10748e-05 -1.64015e-05 0.00951923 -0.0175324 -9.31486e-06 -0.000111351 -0.0175324 0.0868182 
0.00968624 -0.017614 4.22285e-05 8.58566e-06 -0.017614 0.0864937 2.72601e-07 -0.000135516 4.22285e-05 2.72601e-07 0.00950937 -0.0175354 8.58566e-06 -0.000135516 -0.0175354 0.0867392 
0.00965865 -0.0175753 3.54954e-05 -4.13125e-06 -0.0175753 0.0863255 -1.23225e-05 -0.000130158 3.54954e-05 -1.23225e-05 0.00950338 -0.017529 -4.13125e-06 -0.000130158 -0.017529 0.086695 
0.00960453 -0.0174986 3.14006e-05 1.23109e-06 -0.0174986 0.0859907 -7.96968e-06 -0.000124109 3.14006e-05 -7.96968e-06 0.00948943 -0.0174815 1.23109e-06 -0.000124109 -0.0174815 0.0864493 
0.00956962 -0.0174643 2.30388e-05 9.41011e-06 -0.0174643 0.0858968 -9.54698e-07 -0.000138206 2.30388e-05 -9.54698e-07 0.00950028 -0.0175024 9.41011e-06 -0.000138206 -0.0175024 0.0864851 
0.00956486 -0.0174444 2.94777e-05 2.01175e-05 -0.0174444 0.0858937 1.31396e-05 -0.00016797 2.94777e-05 1.31396e-05 0.0095089 -0.0175335 2.01175e-05 -0.00016797 -0.0175335 0.0866135 
0.00960067 -0.0174949 3.03923e-05 5.94567e-06 -0.0174949 0.0861585 8.10897e-06 -0.000165179 3.03923e-05 8.10897e-06 0.00952473 -0.0175947 5.94567e-06 -0.000165179 -0.0175947 0.0869447 
0.00962398 -0.0174981 2.93443e-05 -1.66232e-06 -0.0174981 0.0861512 7.63385e-06 -0.000149752 2.93443e-05 7.63385e-06 0.00949389 -0.0175671 -1.66232e-06 -0.000149752 -0.0175671 0.0868987 
0.0096286 -0.0175362 2.14475e-05 -2.61698e-06 -0.0175362 0.0862443 7.54407e-06 -0.000139018 2.14475e-05 7.54407e-06 0.00948375 -0.0175326 -2.61698e-06 -0.000139018 -0.0175326 0.0868448 
0.0095819 -0.0174657 3.76583e-05 8.9742e-06 -0.0174657 0.0859111 1.44533e-05 -0.000148348 3.76583e-05 1.44533e-05 0.00945505 -0.01743 8.9742e-06 -0.000148348 -0.01743 0.0863708 
0.00955172 -0.0174379 6.22847e-05 -4.35039e-06 -0.0174379 0.0858072 -5.59146e-06 -0.000134246 6.22847e-05 -5.59146e-06 0.00946139 -0.0174226 -4.35039e-06 -0.000134246 -0.0174226 0.086248 
0.00952434 -0.0173753 7.50405e-05 -3.34302e-05 -0.0173753 0.0855747 -3.83553e-05 -7.45832e-05 7.50405e-05 -3.83553e-05 0.00943928 -0.0174092 -3.34302e-05 -7.45832e-05 -0.0174092 0.086096 
0.00951484 -0.017345 7.18937e-05 -5.22656e-05 -0.017345 0.0854244 -5.75955e-05 -1.33437e-05 7.18937e-05 -5.75955e-05 0.00941928 -0.0173802 -5.22656e-05 -1.33437e-05 -0.0173802 0.0859808 
0.00949309 -0.0172993 5.54127e-05 -5.0007e-05 -0.0172993 0.0851784 -5.26886e-05 5.78433e-06 5.54127e-05 -5.26886e-05 0.0093989 -0.017328 -5.0007e-05 5.78433e-06 -0.017328 0.085738 
0.00947023 -0.0172782 3.23624e-05 -2.77478e-05 -0.0172782 0.0850559 -2.93985e-05 -2.972e-05 3.23624e-05 -2.93985e-05 0.0094028 -0.0173128 -2.77478e-05 -2.972e-05 -0.0173128 0.085625 
0.00951223 -0.017303 3.57709e-05 1.72144e-06 -0.017303 0.0852193 2.27843e-08 -9.5915e-05 3.57709e-05 2.27843e-08 0.00940074 -0.0173787 1.72144e-06 -9.5915e-05 -0.0173787 0.0858698 
0.0095528 -0.0173619 3.86141e-05 2.40615e-06 -0.0173619 0.0854149 -7.4704e-07 -0.00012961 3.86141e-05 -7.4704e-07 0.0094006 -0.017395 2.40615e-06 -0.00012961 -0.017395 0.0860578 
0.00954286 -0.0173912 3.29164e-05 -2.04568e-06 -0.0173912 0.0854763 -5.73837e-06 -0.000128714 3.29164e-05 -5.73837e-06 0.00940247 -0.0173651 -2.04568e-06 -0.000128714 -0.0173651 0.0860008 
0.00953704 -0.0173723 4.10482e-05 -1.0644e-06 -0.0173723 0.0854399 -1.68469e-06 -0.000124841 4.10482e-05 -1.68469e-06 0.00938901 -0.0173487 -1.0644e-06 -0.000124841 -0.0173487 0.0859 
0.00951434 -0.0173129 3.48934e-05 -1.30491e-05 -0.0173129 0.0851478 -1.03702e-05 -0.000107706 3.48934e-05 -1.03702e-05 0.00934591 -0.0172793 -1.30491e-05 -0.000107706 -0.0172793 0.0855737 
0.00951744 -0.0173188 3.28453e-05 -1.11831e-05 -0.0173188 0.0851261 -2.72872e-06 -0.000102175 3.28453e-05 -2.72872e-06 0.00933952 -0.0172501 -1.11831e-05 -0.000102175 -0.0172501 0.0854696 
0.00950838 -0.0173852 1.54525e-05 -7.43822e-06 -0.0173852 0.0854275 9.41717e-06 -0.000123258 1.54525e-05 9.41717e-06 0.00939261 -0.0173023 -7.43822e-06 -0.000123258 -0.0173023 0.0857066 
0.00950967 -0.0173722 1.64332e-05 1.38383e-05 -0.0173722 0.0855265 3.13291e-05 -0.000166131 1.64332e-05 3.13291e-05 0.00942496 -0.0173557 1.38383e-05 -0.000166131 -0.0173557 0.0858688 
0.00951572 -0.0173276 2.84151e-05 1.44622e-05 -0.0173276 0.0853604 2.6747e-05 -0.000182944 2.84151e-05 2.6747e-05 0.00940137 -0.0173649 1.44622e-05 -0.000182944 -0.0173649 0.0858449 
0.00953463 -0.0173472 3.65199e-05 6.29767e-06 -0.0173472 0.0853664 1.57963e-05 -0.000178658 3.65199e-05 1.57963e-05 0.0093749 -0.0173552 6.29767e-06 -0.000178658 -0.0173552 0.0858734 
0.00953773 -0.0173351 3.78199e-05 -7.58941e-07 -0.0173351 0.0852352 4.0064e-06 -0.000160587 3.78199e-05 4.0064e-06 0.00933984 -0.0172828 -7.58941e-07 -0.000160587 -0.0172828 0.0856355 
0.00956567 -0.0174013 4.82746e-05 -3.74319e-06 -0.0174013 0.0854862 -5.09722e-06 -0.000139787 4.82746e-05 -5.09722e-06 0.00935934 -0.0172992 -3.74319e-06 -0.000139787 -0.0172992 0.0857554 
0.00957529 -0.0174797 5.90115e-05 -1.63612e-05 -0.0174797 0.0858704 -2.09167e-05 -0.000107971 5.90115e-05 -2.09167e-05 0.009423 -0.0173689 -1.63612e-05 -0.000107971 -0.0173689 0.0860747 
0.00955636 -0.017445 6.60721e-05 -3.25743e-05 -0.017445 0.0858383 -3.82805e-05 -6.29367e-05 6.60721e-05 -3.82805e-05 0.00943142 -0.0174056 -3.25743e-05 -6.29367e-05 -0.0174056 0.0861396 
0.00957057 -0.0174545 5.57685e-05 -4.10011e-05 -0.0174545 0.0859538 -4.7798e-05 -3.02e-05 5.57685e-05 -4.7798e-05 0.00945024 -0.0174574 -4.10011e-05 -3.02e-05 -0.0174574 0.0863904 
0.00957771 -0.0174668 5.54872e-05 -2.72033e-05 -0.0174668 0.0860167 -3.66142e-05 -3.59541e-05 5.54872e-05 -3.66142e-05 0.00946335 -0.0174733 -2.72033e-05 -3.59541e-05 -0.0174733 0.0865107 
0.00956937 -0.0174456 4.86367e-05 -2.30378e-05 -0.0174456 0.0859151 -3.58685e-05 -4.78584e-05 4.86367e-05 -3.58685e-05 0.00946191 -0.0174528 -2.30378e-05 -4.78584e-05 -0.0174528 0.0864169 
0.00957759 -0.0174623 2.66473e-05 -1.26532e-05 -0.0174623 0.0859809 -2.75491e-05 -6.80851e-05 2.66473e-05 -2.75491e-05 0.00946844 -0.0174711 -1.26532e-05 -6.80851e-05 -0.0174711 0.086479 
0.00955961 -0.0174324 1.15955e-05 9.98667e-06 -0.0174324 0.0858285 -5.17775e-07 -0.000111783 1.15955e-05 -5.17775e-07 0.00945377 -0.0174357 9.98667e-06 -0.000111783 -0.0174357 0.0863105 
0.00954418 -0.0173901 1.92184e-05 2.73301e-05 -0.0173901 0.0856294 1.91696e-05 -0.000160396 1.92184e-05 1.91696e-05 0.00942845 -0.0174017 2.73301e-05 -0.000160396 -0.0174017 0.0861213 
0.00956241 -0.01737 2.04485e-05 1.69269e-05 -0.01737 0.0855022 9.19241e-06 -0.00016162 2.04485e-05 9.19241e-06 0.00938886 -0.0173712 1.69269e-05 -0.00016162 -0.0173712 0.0859862 
0.0095686 -0.0174077 1.41577e-05 1.27889e-05 -0.0174077 0.0855459 6.00423e-06 -0.000147357 1.41577e-05 6.00423e-06 0.00938969 -0.0173324 1.27889e-05 -0.000147357 -0.0173324 0.0858993 
0.00953689 -0.0173905 9.21608e-06 2.21412e-05 -0.0173905 0.0854536 1.53497e-05 -0.000156023 9.21608e-06 1.53497e-05 0.00940188 -0.0173058 2.21412e-05 -0.000156023 -0.0173058 0.0857205 
0.00952513 -0.0173561 1.49427e-05 2.752e-05 -0.0173561 0.0853688 2.2191e-05 -0.000172056 1.49427e-05 2.2191e-05 0.00939702 -0.0173321 2.752e-05 -0.000172056 -0.0173321 0.0857152 
0.00953762 -0.0174009 9.58807e-06 2.00382e-05 -0.0174009 0.0855899 1.68724e-05 -0.000169378 9.58807e-06 1.68724e-05 0.00942715 -0.017389 2.00382e-05 -0.000169378 -0.017389 0.0860112 
0.00952411 -0.0173576 2.63243e-05 2.41775e-05 -0.0173576 0.0854267 2.39276e-05 -0.000173643 2.63243e-05 2.39276e-05 0.00939868 -0.0173644 2.41775e-05 -0.000173643 -0.0173644 0.0858976 
0.0094965 -0.0172983 3.06898e-05 -1.06443e-06 -0.0172983 0.085116 8.3686e-06 -0.000144419 3.06898e-05 8.3686e-06 0.00936253 -0.0172849 -1.06443e-06 -0.000144419 -0.0172849 0.0855724 
0.00948484 -0.017313 3.16734e-05 -1.34314e-05 -0.017313 0.0851652 2.57996e-06 -0.000108414 3.16734e-05 2.57996e-06 0.00937444 -0.0172899 -1.34314e-05 -0.000108414 -0.0172899 0.085594 
0.00943967 -0.0172469 3.09646e-05 -1.39508e-05 -0.0172469 0.0849089 -2.48086e-06 -8.98519e-05 3.09646e-05 -2.48086e-06 0.00935952 -0.017253 -1.39508e-05 -8.98519e-05 -0.017253 0.0853724 
0.00941023 -0.0171788 3.76666e-05 -1.25669e-05 -0.0171788 0.0846458 -1.1123e-05 -7.1123e-05 3.76666e-05 -1.1123e-05 0.00933795 -0.0172261 -1.25669e-05 -7.1123e-05 -0.0172261 0.0851992 
0.00938905 -0.0171266 2.92396e-05 -1.22133e-05 -0.0171266 0.0844044 -1.74559e-05 -6.51878e-05 2.92396e-05 -1.74559e-05 0.00931617 -0.0171973 -1.22133e-05 -6.51878e-05 -0.0171973 0.0850507 
0.00941114 -0.0171321 4.2727e-05 -2.86952e-07 -0.0171321 0.0844093 -7.56778e-06 -7.99045e-05 4.2727e-05 -7.56778e-06 0.00928964 -0.0171989 -2.86952e-07 -7.99045e-05 -0.0171989 0.0850819 
0.00941685 -0.0171459 4.47533e-05 -1.26894e-05 -0.0171459 0.0843808 -2.32709e-05 -7.16784e-05 4.47533e-05 -2.32709e-05 0.00926184 -0.0171437 -1.26894e-05 -7.16784e-05 -0.0171437 0.0849406 
0.00938881 -0.0171449 4.01529e-05 -1.86778e-05 -0.0171449 0.0843302 -2.57816e-05 -5.41339e-05 4.01529e-05 -2.57816e-05 0.00924947 -0.0170869 -1.86778e-05 -5.41339e-05 -0.0170869 0.0847232 
0.0093858 -0.0171523 3.4983e-05 -1.40185e-05 -0.0171523 0.0844472 -1.40062e-05 -6.40759e-05 3.4983e-05 -1.40062e-05 0.00927019 -0.0171036 -1.40185e-05 -6.40759e-05 -0.0171036 0.0847709 
0.00938697 -0.0171566 6.50268e-06 -1.33411e-05 -0.0171566 0.0845334 -7.29744e-06 -7.40535e-05 6.50268e-06 -7.29744e-06 0.00929426 -0.0171396 -1.33411e-05 -7.40535e-05 -0.0171396 0.0848902 
0.00937787 -0.0171287 -1.53409e-07 2.2074e-05 -0.0171287 0.0844353 2.80861e-05 -0.000131984 -1.53409e-07 2.80861e-05 0.00928729 -0.0171458 2.2074e-05 -0.000131984 -0.0171458 0.0848737 
0.00936851 -0.0171001 8.35643e-06 3.07662e-05 -0.0171001 0.0842974 3.3031e-05 -0.000170105 8.35643e-06 3.3031e-05 0.00926973 -0.0171277 3.07662e-05 -0.000170105 -0.0171277 0.0847981 
0.0093525 -0.0171071 1.41969e-05 1.93912e-05 -0.0171071 0.0843082 1.55792e-05 -0.000153076 1.41969e-05 1.55792e-05 0.00928481 -0.0171221 1.93912e-05 -0.000153076 -0.0171221 0.0848077 
0.00933828 -0.0170846 6.31214e-06 1.14578e-05 -0.0170846 0.0842685 3.66583e-06 -0.00012178 6.31214e-06 3.66583e-06 0.00928402 -0.0171342 1.14578e-05 -0.00012178 -0.0171342 0.0848136 
0.00934667 -0.0170926 8.83706e-06 1.78828e-05 -0.0170926 0.084349 1.03669e-05 -0.000114191 8.83706e-06 1.03669e-05 0.00928953 -0.0171591 1.78828e-05 -0.000114191 -0.0171591 0.0849454 
0.0093391 -0.0170642 2.54633e-05 1.14464e-05 -0.0170642 0.0842113 1.11207e-05 -0.000109642 2.54633e-05 1.11207e-05 0.00926893 -0.0171221 1.14464e-05 -0.000109642 -0.0171221 0.0848043 
0.010145 -0.0185093 4.82247e-05 -1.39259e-05 -0.0185093 0.0913123 -7.39242e-06 -7.83972e-05 4.82247e-05 -7.39242e-06 0.0100457 -0.0185536 -1.39259e-05 -7.83972e-05 -0.0185536 0.0919197 
0.00937058 -0.0170836 3.57141e-05 -3.448e-05 -0.0170836 0.0842031 -2.77826e-05 -2.28381e-05 3.57141e-05 -2.77826e-05 0.00924422 -0.0170921 -3.448e-05 -2.28381e-05 -0.0170921 0.0846877 
0.009376 -0.017137 2.67965e-05 -2.32703e-05 -0.017137 0.0843976 -1.57786e-05 -2.16544e-05 2.67965e-05 -1.57786e-05 0.00927402 -0.0170999 -2.32703e-05 -2.16544e-05 -0.0170999 0.0847747 
0.00935535 -0.0171116 2.56467e-05 -1.08397e-05 -0.0171116 0.0843363 -2.74287e-06 -4.98868e-05 2.56467e-05 -2.74287e-06 0.00928405 -0.0171041 -1.08397e-05 -4.98868e-05 -0.0171041 0.0847089 
0.00935568 -0.01708 8.11685e-06 -8.49104e-06 -0.01708 0.0842366 -2.1436e-06 -6.51752e-05 8.11685e-06 -2.1436e-06 0.00927745 -0.0171177 -8.49104e-06 -6.51752e-05 -0.0171177 0.0846994 
0.010169 -0.0185412 5.25682e-06 1.35528e-05 -0.0185412 0.0914049 1.62355e-05 -0.000103272 5.25682e-06 1.62355e-05 0.0100578 -0.0185898 1.35528e-05 -0.000103272 -0.0185898 0.0919883 
0.0101529 -0.0185588 6.14646e-06 2.80749e-05 -0.0185588 0.0914208 2.7876e-05 -0.000151415 6.14646e-06 2.7876e-05 0.0100696 -0.0185733 2.80749e-05 -0.000151415 -0.0185733 0.0919761 
0.00935806 -0.017097 8.56543e-06 2.57202e-05 -0.017097 0.0842766 2.29418e-05 -0.000154717 8.56543e-06 2.29418e-05 0.00927295 -0.0171287 2.57202e-05 -0.000154717 -0.0171287 0.0847807 
0.00936147 -0.0170828 1.4133e-05 2.10827e-05 -0.0170828 0.0842161 1.75257e-05 -0.000149188 1.4133e-05 1.75257e-05 0.00925192 -0.0171123 2.10827e-05 -0.000149188 -0.0171123 0.0847324 
0.00936491 -0.0171067 2.70251e-05 1.5637e-05 -0.0171067 0.084304 1.06435e-05 -0.000137544 2.70251e-05 1.06435e-05 0.00925804 -0.0171131 1.5637e-05 -0.000137544 -0.0171131 0.084797 
0.00934992 -0.0170948 2.61594e-05 2.07954e-07 -0.0170948 0.0842773 -2.512e-06 -0.000113286 2.61594e-05 -2.512e-06 0.00925555 -0.0171043 2.07954e-07 -0.000113286 -0.0171043 0.0847602 
0.0101251 -0.0184795 1.97528e-05 -7.98617e-06 -0.0184795 0.0911494 -4.95926e-06 -9.40128e-05 1.97528e-05 -4.95926e-06 0.0100017 -0.0184972 -7.98617e-06 -9.40128e-05 -0.0184972 0.0916739 
0.0101207 -0.0184628 9.13672e-06 -7.0448e-07 -0.0184628 0.0910077 6.88903e-06 -9.76257e-05 9.13672e-06 6.88903e-06 0.00997541 -0.018445 -7.0448e-07 -9.76257e-05 -0.018445 0.0914651 
0.0101185 -0.0184495 3.11093e-05 1.14838e-05 -0.0184495 0.0908834 1.8091e-05 -0.000117938 3.11093e-05 1.8091e-05 0.00994199 -0.0183891 1.14838e-05 -0.000117938 -0.0183891 0.0912176 
0.0101332 -0.0185108 4.10317e-05 -7.89392e-06 -0.0185108 0.0911274 -7.63163e-06 -9.8693e-05 4.10317e-05 -7.63163e-06 0.00995352 -0.0184042 -7.89392e-06 -9.8693e-05 -0.0184042 0.0913237 
0.0101141 -0.0185456 3.16769e-05 -2.13322e-05 -0.0185456 0.0913333 -2.15316e-05 -6.20938e-05 3.16769e-05 -2.15316e-05 0.00998589 -0.0184202 -2.13322e-05 -6.20938e-05 -0.0184202 0.0914207 
0.010045 -0.0184429 3.00124e-05 -1.69137e-05 -0.0184429 0.0910037 -1.34439e-05 -5.05198e-05 3.00124e-05 -1.34439e-05 0.00998756 -0.0183851 -1.69137e-05 -5.05198e-05 -0.0183851 0.0911559 
0.0100311 -0.0183846 2.4167e-05 -1.44509e-05 -0.0183846 0.0908633 -8.43386e-06 -5.81215e-05 2.4167e-05 -8.43386e-06 0.0100035 -0.0184286 -1.44509e-05 -5.81215e-05 -0.0184286 0.0912337 
0.0100298 -0.0183689 2.70584e-05 -7.24623e-06 -0.0183689 0.09079 2.08651e-07 -7.3803e-05 2.70584e-05 2.08651e-07 0.0100203 -0.0184575 -7.24623e-06 -7.3803e-05 -0.0184575 0.0913388 
0.0100298 -0.0183745 3.03558e-05 -6.85201e-06 -0.0183745 0.0907985 8.42631e-07 -8.74051e-05 3.03558e-05 8.42631e-07 0.010036 -0.0184873 -6.85201e-06 -8.74051e-05 -0.0184873 0.0914535 
0.0100343 -0.0183733 2.87866e-05 -9.74121e-06 -0.0183733 0.0907997 -2.41035e-06 -8.94929e-05 2.87866e-05 -2.41035e-06 0.0100289 -0.018504 -9.74121e-06 -8.94929e-05 -0.018504 0.0915178 
0.0100436 -0.0183347 2.581e-05 -2.69096e-06 -0.0183347 0.0906021 2.13663e-06 -0.000104175 2.581e-05 2.13663e-06 0.00998074 -0.0184608 -2.69096e-06 -0.000104175 -0.0184608 0.0913475 
0.0100788 -0.0184085 2.74479e-05 2.91875e-07 -0.0184085 0.0908321 3.04129e-06 -0.000113431 2.74479e-05 3.04129e-06 0.00997604 -0.018458 2.91875e-07 -0.000113431 -0.018458 0.0914613 
0.0100754 -0.0184133 1.36538e-05 -1.28917e-06 -0.0184133 0.0908165 -7.85725e-07 -0.000112062 1.36538e-05 -7.85725e-07 0.00994882 -0.018409 -1.28917e-06 -0.000112062 -0.018409 0.0912924 
0.0100544 -0.0183936 -2.80942e-06 1.84918e-05 -0.0183936 0.0907202 1.86579e-05 -0.000143219 -2.80942e-06 1.86579e-05 0.00992423 -0.0183559 1.84918e-05 -0.000143219 -0.0183559 0.0910777 
0.0100115 -0.0183296 -8.21682e-06 3.74374e-05 -0.0183296 0.0904308 4.12072e-05 -0.000193032 -8.21682e-06 4.12072e-05 0.00989449 -0.0182727 3.74374e-05 -0.000193032 -0.0182727 0.0906951 
0.00996032 -0.0182931 7.41978e-06 4.51987e-05 -0.0182931 0.0902869 5.02908e-05 -0.000229596 7.41978e-06 5.02908e-05 0.00990713 -0.018243 4.51987e-05 -0.000229596 -0.018243 0.0905129 
0.00989956 -0.0181565 2.41183e-05 2.653e-05 -0.0181565 0.0897484 3.15909e-05 -0.000213946 2.41183e-05 3.15909e-05 0.00986959 -0.0181758 2.653e-05 -0.000213946 -0.0181758 0.0900554 
0.00990202 -0.0181421 1.93795e-05 4.11784e-06 -0.0181421 0.0896834 6.12463e-06 -0.000161535 1.93795e-05 6.12463e-06 0.00986148 -0.0181937 4.11784e-06 -0.000161535 -0.0181937 0.0900878 
0.00986505 -0.0180967 -1.92122e-06 8.90135e-07 -0.0180967 0.0894283 1.86907e-06 -0.000119722 -1.92122e-06 1.86907e-06 0.00984548 -0.0181386 8.90135e-07 -0.000119722 -0.0181386 0.0898511 
0.00986151 -0.0181265 -1.51402e-05 2.82029e-05 -0.0181265 0.089606 2.94095e-05 -0.000151369 -1.51402e-05 2.94095e-05 0.00988109 -0.0181884 2.82029e-05 -0.000151369 -0.0181884 0.0900517 
0.00989266 -0.0181423 -1.37708e-05 5.20153e-05 -0.0181423 0.0897757 4.99856e-05 -0.000211272 -1.37708e-05 4.99856e-05 0.00987885 -0.0182499 5.20153e-05 -0.000211272 -0.0182499 0.0903006 
0.00992948 -0.0181473 1.18612e-06 4.91792e-05 -0.0181473 0.0897569 4.73187e-05 -0.000228605 1.18612e-06 4.73187e-05 0.00983591 -0.0182204 4.91792e-05 -0.000228605 -0.0182204 0.0902728 
0.00996013 -0.0182308 1.57022e-05 2.88755e-05 -0.0182308 0.090016 2.86461e-05 -0.000200756 1.57022e-05 2.86461e-05 0.00984259 -0.0182035 2.88755e-05 -0.000200756 -0.0182035 0.0903561 
0.00996062 -0.0182364 2.93434e-05 5.96903e-06 -0.0182364 0.0900444 6.83788e-06 -0.000144845 2.93434e-05 6.83788e-06 0.00983761 -0.0181833 5.96903e-06 -0.000144845 -0.0181833 0.0902629 
0.00993524 -0.0182354 4.30592e-05 -1.02226e-05 -0.0182354 0.0900273 -1.04645e-05 -9.40986e-05 4.30592e-05 -1.04645e-05 0.00984983 -0.0181614 -1.02226e-05 -9.40986e-05 -0.0181614 0.0901602 
0.00991845 -0.0182311 4.41081e-05 -2.63796e-05 -0.0182311 0.0900959 -2.76977e-05 -4.70113e-05 4.41081e-05 -2.76977e-05 0.00987436 -0.0181972 -2.63796e-05 -4.70113e-05 -0.0181972 0.0902524 
0.00988372 -0.0181486 3.10127e-05 -2.97073e-05 -0.0181486 0.0897874 -3.24799e-05 -1.73578e-05 3.10127e-05 -3.24799e-05 0.00984877 -0.0181666 -2.97073e-05 -1.73578e-05 -0.0181666 0.0900446 
0.00989079 -0.0181196 2.99066e-05 -1.16199e-05 -0.0181196 0.0896571 -1.28933e-05 -4.02921e-05 2.99066e-05 -1.28933e-05 0.00981972 -0.0181523 -1.16199e-05 -4.02921e-05 -0.0181523 0.0899844 
0.00984836 -0.0180675 4.14602e-05 -1.04955e-05 -0.0180675 0.08932 -1.02793e-05 -5.8842e-05 4.14602e-05 -1.02793e-05 0.00978671 -0.0180584 -1.04955e-05 -5.8842e-05 -0.0180584 0.0896071 
0.00982031 -0.0180411 3.95464e-05 -2.45388e-05 -0.0180411 0.0892184 -2.35521e-05 -4.25325e-05 3.95464e-05 -2.35521e-05 0.00978499 -0.0180436 -2.45388e-05 -4.25325e-05 -0.0180436 0.0894938 
0.00979349 -0.0179751 5.39339e-05 -2.69585e-05 -0.0179751 0.088969 -2.54221e-05 -2.40965e-05 5.39339e-05 -2.54221e-05 0.00976622 -0.018021 -2.69585e-05 -2.40965e-05 -0.018021 0.0893282 
0.00977795 -0.0179239 6.74448e-05 -4.87315e-05 -0.0179239 0.0887061 -4.92958e-05 2.41243e-05 6.74448e-05 -4.92958e-05 0.00972511 -0.0179769 -4.87315e-05 2.41243e-05 -0.0179769 0.089117 
0.00974887 -0.0178833 6.4114e-05 -6.72144e-05 -0.0178833 0.0884557 -6.74568e-05 7.81122e-05 6.4114e-05 -6.74568e-05 0.00969387 -0.0179075 -6.72144e-05 7.81122e-05 -0.0179075 0.0888376 
0.00977162 -0.01786 6.49227e-05 -6.26544e-05 -0.01786 0.0883449 -6.17467e-05 9.38341e-05 6.49227e-05 -6.17467e-05 0.00965013 -0.0178757 -6.26544e-05 9.38341e-05 -0.0178757 0.0886839 
0.00979445 -0.0179283 4.23711e-05 -6.04074e-05 -0.0179283 0.088509 -6.0828e-05 8.83183e-05 4.23711e-05 -6.0828e-05 0.00964513 -0.0178433 -6.04074e-05 8.83183e-05 -0.0178433 0.0886556 
0.00982982 -0.0180292 1.93857e-05 -2.43849e-05 -0.0180292 0.0889767 -2.94344e-05 2.79751e-05 1.93857e-05 -2.94344e-05 0.00969453 -0.0178979 -2.43849e-05 2.79751e-05 -0.0178979 0.0889381 
0.00982281 -0.0180407 -4.06933e-06 1.10787e-05 -0.0180407 0.0890942 3.55378e-06 -6.32939e-05 -4.06933e-06 3.55378e-06 0.00971695 -0.01793 1.10787e-05 -6.32939e-05 -0.01793 0.0890211 
0.00981034 -0.0180088 3.60724e-06 3.76545e-05 -0.0180088 0.0890128 3.57148e-05 -0.000149415 3.60724e-06 3.57148e-05 0.00971891 -0.0179368 3.76545e-05 -0.000149415 -0.0179368 0.0890017 
0.00981273 -0.0179888 1.10397e-05 2.30933e-05 -0.0179888 0.088935 2.73218e-05 -0.000163678 1.10397e-05 2.73218e-05 0.00971174 -0.017941 2.30933e-05 -0.000163678 -0.017941 0.0889994 
0.00980195 -0.0179998 7.34468e-06 8.30519e-06 -0.0179998 0.0889485 1.55219e-05 -0.000135874 7.34468e-06 1.55219e-05 0.00972338 -0.0179428 8.30519e-06 -0.000135874 -0.0179428 0.0890331 
0.00982982 -0.0180108 1.48562e-05 1.3801e-05 -0.0180108 0.0890562 1.64145e-05 -0.000125827 1.48562e-05 1.64145e-05 0.00972327 -0.0179792 1.3801e-05 -0.000125827 -0.0179792 0.0891781 
0.0098605 -0.0180458 2.81452e-05 6.8179e-06 -0.0180458 0.0891751 2.27413e-06 -0.000107619 2.81452e-05 2.27413e-06 0.00971766 -0.0179939 6.8179e-06 -0.000107619 -0.0179939 0.0893061 
0.00989383 -0.0181076 3.86597e-05 -1.15361e-05 -0.0181076 0.0894132 -2.31267e-05 -5.66655e-05 3.86597e-05 -2.31267e-05 0.00973061 -0.0180128 -1.15361e-05 -5.66655e-05 -0.0180128 0.0894785 
0.00990389 -0.0181554 5.64573e-05 -2.63013e-05 -0.0181554 0.0896107 -3.54499e-05 -1.08903e-05 5.64573e-05 -3.54499e-05 0.00975184 -0.0180242 -2.63013e-05 -1.08903e-05 -0.0180242 0.0895721 
0.00986966 -0.0181283 7.75538e-05 -4.9352e-05 -0.0181283 0.0895199 -5.06354e-05 3.2711e-05 7.75538e-05 -5.06354e-05 0.00976126 -0.018005 -4.9352e-05 3.2711e-05 -0.018005 0.0894452 
0.00983507 -0.0180547 7.43554e-05 -7.54751e-05 -0.0180547 0.0892696 -7.23517e-05 8.47551e-05 7.43554e-05 -7.23517e-05 0.00975747 -0.0179992 -7.54751e-05 8.47551e-05 -0.0179992 0.0893089 
0.00982646 -0.0180386 3.46799e-05 -6.90022e-05 -0.0180386 0.0892177 -6.63874e-05 9.42921e-05 3.46799e-05 -6.63874e-05 0.00976672 -0.0180228 -6.90022e-05 9.42921e-05 -0.0180228 0.0893795 
0.00977145 -0.0179671 -2.26439e-06 -1.7123e-05 -0.0179671 0.0888816 -1.51564e-05 9.37976e-06 -2.26439e-06 -1.51564e-05 0.00975608 -0.0179752 -1.7123e-05 9.37976e-06 -0.0179752 0.089133 
0.00977646 -0.0179284 -1.54974e-05 3.11264e-05 -0.0179284 0.0887627 3.40842e-05 -0.000114103 -1.54974e-05 3.40842e-05 0.0097314 -0.0179837 3.11264e-05 -0.000114103 -0.0179837 0.0891094 
0.00979494 -0.0179388 1.22697e-05 4.56255e-05 -0.0179388 0.0887363 4.87708e-05 -0.000186438 1.22697e-05 4.87708e-05 0.00970348 -0.0179558 4.56255e-05 -0.000186438 -0.0179558 0.089066 
0.00984728 -0.0180104 2.72709e-05 8.57922e-06 -0.0180104 0.0889947 1.1101e-05 -0.000147423 2.72709e-05 1.1101e-05 0.00969436 -0.0179569 8.57922e-06 -0.000147423 -0.0179569 0.0891735 
0.00987706 -0.0180668 3.02356e-05 -1.26474e-05 -0.0180668 0.0891752 -1.14428e-05 -8.01644e-05 3.02356e-05 -1.14428e-05 0.00968522 -0.0179386 -1.26474e-05 -8.01644e-05 -0.0179386 0.0891718 
0.00986524 -0.0181078 1.80897e-05 -1.85029e-05 -0.0181078 0.0893303 -1.80523e-05 -4.00074e-05 1.80897e-05 -1.80523e-05 0.00971151 -0.0179296 -1.85029e-05 -4.00074e-05 -0.0179296 0.0891686 
0.00984483 -0.0180665 1.41951e-05 -4.00793e-06 -0.0180665 0.0892477 -7.41901e-06 -4.2236e-05 1.41951e-05 -7.41901e-06 0.00971991 -0.0179412 -4.00793e-06 -4.2236e-05 -0.0179412 0.089113 
0.00980527 -0.017991 1.23545e-05 5.52978e-06 -0.017991 0.0889183 -1.90497e-06 -6.24153e-05 1.23545e-05 -1.90497e-06 0.00970541 -0.0179085 5.52978e-06 -6.24153e-05 -0.0179085 0.0888942 
0.00981652 -0.0179885 1.14429e-05 1.14931e-05 -0.0179885 0.0889244 4.00462e-06 -8.39362e-05 1.14429e-05 4.00462e-06 0.00970733 -0.017941 1.14931e-05 -8.39362e-05 -0.017941 0.0890059 
0.00983198 -0.0180019 1.35107e-05 1.09043e-05 -0.0180019 0.0889558 5.60358e-06 -9.05839e-05 1.35107e-05 5.60358e-06 0.00970231 -0.01795 1.09043e-05 -9.05839e-05 -0.01795 0.0890822 
0.00982444 -0.0179942 3.03486e-05 4.52382e-06 -0.0179942 0.0888643 2.69342e-06 -8.17642e-05 3.03486e-05 2.69342e-06 0.0096988 -0.0179122 4.52382e-06 -8.17642e-05 -0.0179122 0.0889471 
0.0098573 -0.0180644 4.25662e-05 -1.48882e-05 -0.0180644 0.0891887 -1.44281e-05 -5.27354e-05 4.25662e-05 -1.44281e-05 0.00973365 -0.0179773 -1.48882e-05 -5.27354e-05 -0.0179773 0.0892297 
0.00987807 -0.0181304 3.45723e-05 -3.25575e-05 -0.0181304 0.0895247 -3.19716e-05 -7.58053e-06 3.45723e-05 -3.19716e-05 0.00978111 -0.0180497 -3.25575e-05 -7.58053e-06 -0.0180497 0.0895698 
0.00992357 -0.0181347 2.87791e-05 -2.72167e-05 -0.0181347 0.0896276 -2.42335e-05 6.15613e-06 2.87791e-05 -2.42335e-05 0.00977383 -0.0180999 -2.72167e-05 6.15613e-06 -0.0180999 0.0897625 
0.00991773 -0.0181654 2.36331e-05 -2.07471e-05 -0.0181654 0.0896392 -1.84589e-05 2.77505e-07 2.36331e-05 -1.84589e-05 0.00978573 -0.018072 -2.07471e-05 2.77505e-07 -0.018072 0.0897397 
0.00990326 -0.01819 2.12766e-06 -1.18186e-05 -0.01819 0.089787 -1.66405e-05 -8.81551e-06 2.12766e-06 -1.66405e-05 0.00982989 -0.0181089 -1.18186e-05 -8.81551e-06 -0.0181089 0.0898658 
0.00989264 -0.0181943 3.21005e-06 1.73336e-05 -0.0181943 0.0899448 6.08462e-06 -5.22948e-05 3.21005e-06 6.08462e-06 0.00988109 -0.0181999 1.73336e-05 -5.22948e-05 -0.0181999 0.090181 
0.00987632 -0.0181696 3.86688e-06 1.90111e-05 -0.0181696 0.0899386 9.0336e-06 -8.29646e-05 3.86688e-06 9.0336e-06 0.00990777 -0.0182524 1.90111e-05 -8.29646e-05 -0.0182524 0.0903762 
0.00987039 -0.0181182 6.53575e-06 1.60316e-05 -0.0181182 0.0897743 1.04112e-05 -9.01209e-05 6.53575e-06 1.04112e-05 0.00989561 -0.018267 1.60316e-05 -9.01209e-05 -0.018267 0.0904147 
0.0098589 -0.0180978 5.80055e-06 6.62108e-06 -0.0180978 0.0896419 4.4696e-06 -7.49535e-05 5.80055e-06 4.4696e-06 0.00987908 -0.0182484 6.62108e-06 -7.49535e-05 -0.0182484 0.0903817 
0.00983884 -0.0180484 6.7438e-06 6.78641e-06 -0.0180484 0.0893892 8.00584e-06 -7.08205e-05 6.7438e-06 8.00584e-06 0.00984824 -0.0181833 6.78641e-06 -7.08205e-05 -0.0181833 0.0901206 
0.0098227 -0.0180124 7.59934e-06 6.20945e-06 -0.0180124 0.0891781 9.93935e-06 -7.35713e-05 7.59934e-06 9.93935e-06 0.00981953 -0.0181285 6.20945e-06 -7.35713e-05 -0.0181285 0.0898648 
0.00982352 -0.018008 1.14333e-05 6.05902e-06 -0.018008 0.0891202 7.43697e-06 -7.29249e-05 1.14333e-05 7.43697e-06 0.00980053 -0.0181005 6.05902e-06 -7.29249e-05 -0.0181005 0.0897397 
