0.00699079 0 5.1727e-05 0 0 0.00976044 0 0 5.1727e-05 0 0.00684399 0 0 0 0 0.00976044 
0.0105654 -0.013113 4.10071e-05 -4.6851e-05 -0.013113 0.034709 -4.6851e-05 8.92669e-05 4.10071e-05 -4.6851e-05 0.0103742 -0.0128797 -4.6851e-05 8.92669e-05 -0.0128797 0.0342611 
0.00982216 -0.0183415 3.10004e-05 6.16902e-05 -0.0183415 0.0675214 6.16902e-05 -0.000227878 3.10004e-05 6.16902e-05 0.00973568 -0.0181259 6.16902e-05 -0.000227878 -0.0181259 0.0668534 
0.00930236 -0.0179849 5.44992e-05 0.000131302 -0.0179849 0.0806497 0.000116223 -0.000796065 5.44992e-05 0.000116223 0.00926759 -0.0179996 0.000131302 -0.000796065 -0.0179996 0.0807471 
0.00901796 -0.0168364 8.19938e-05 8.09731e-05 -0.0168364 0.0812219 5.35718e-05 -0.00087365 8.19938e-05 5.35718e-05 0.00898687 -0.0169248 8.09731e-05 -0.00087365 -0.0169248 0.0818615 
0.00973012 -0.0178318 0.000100091 1.09582e-06 -0.0178318 0.0874907 -2.36674e-05 -0.000632548 0.000100091 -2.36674e-05 0.00966269 -0.017893 1.09582e-06 -0.000632548 -0.017893 0.0881651 
0.00950684 -0.0173485 0.000112924 -4.00971e-05 -0.0173485 0.0853213 -5.52242e-05 -0.000331661 0.000112924 -5.52242e-05 0.00939399 -0.0173441 -4.00971e-05 -0.000331661 -0.0173441 0.0857557 
0.0101435 -0.0185427 0.000109736 -6.61549e-05 -0.0185427 0.091252 -7.83337e-05 -0.000177485 0.000109736 -7.83337e-05 0.0100378 -0.018459 -6.61549e-05 -0.000177485 -0.018459 0.0914415 
0.00990489 -0.0181245 0.00010654 -4.98505e-05 -0.0181245 0.0893166 -5.96569e-05 -0.000128204 0.00010654 -5.96569e-05 0.00986039 -0.0180523 -4.98505e-05 -0.000128204 -0.0180523 0.0893893 
0.00975605 -0.0178581 9.30807e-05 -4.37116e-05 -0.0178581 0.0880994 -4.66029e-05 -0.000141881 9.30807e-05 -4.66029e-05 0.00977476 -0.0178729 -4.37116e-05 -0.000141881 -0.0178729 0.0882961 
0.0096904 -0.0177305 8.99364e-05 -2.80315e-05 -0.0177305 0.0875301 -2.62398e-05 -0.000182332 8.99364e-05 -2.62398e-05 0.00975612 -0.0178489 -2.80315e-05 -0.000182332 -0.0178489 0.0879957 
0.00965185 -0.0176222 9.60482e-05 -2.2327e-05 -0.0176222 0.0870117 -1.70653e-05 -0.000218434 9.60482e-05 -1.70653e-05 0.00971726 -0.0178166 -2.2327e-05 -0.000218434 -0.0178166 0.0877394 
0.00961703 -0.0175919 9.80428e-05 -3.30194e-05 -0.0175919 0.0867897 -1.97954e-05 -0.000223016 9.80428e-05 -1.97954e-05 0.00970954 -0.0177966 -3.30194e-05 -0.000223016 -0.0177966 0.0876561 
0.00958597 -0.0175228 9.85342e-05 -4.02064e-05 -0.0175228 0.0864796 -1.9741e-05 -0.000214282 9.85342e-05 -1.9741e-05 0.00967976 -0.0177504 -4.02064e-05 -0.000214282 -0.0177504 0.0874107 
0.00955812 -0.0174431 0.000103917 -3.72524e-05 -0.0174431 0.0860732 -2.08161e-05 -0.000214294 0.000103917 -2.08161e-05 0.00961988 -0.0176755 -3.72524e-05 -0.000214294 -0.0176755 0.0870392 
0.00957689 -0.0173996 9.0858e-05 -3.99207e-05 -0.0173996 0.0857618 -3.11244e-05 -0.000205656 9.0858e-05 -3.11244e-05 0.00952669 -0.017573 -3.99207e-05 -0.000205656 -0.017573 0.08662 
0.00956705 -0.0174318 7.17601e-05 -2.45171e-05 -0.0174318 0.0856834 -2.31666e-05 -0.000214302 7.17601e-05 -2.31666e-05 0.00947402 -0.0174536 -2.45171e-05 -0.000214302 -0.0174536 0.0862337 
0.00954628 -0.0174646 7.62901e-05 -3.72661e-06 -0.0174646 0.0858246 -6.1002e-06 -0.000243602 7.62901e-05 -6.1002e-06 0.00948915 -0.0174126 -3.72661e-06 -0.000243602 -0.0174126 0.086082 
0.00954685 -0.0174698 7.97028e-05 -4.72051e-06 -0.0174698 0.0859826 -7.02917e-06 -0.000261148 7.97028e-05 -7.02917e-06 0.00951717 -0.0174576 -4.72051e-06 -0.000261148 -0.0174576 0.086183 
0.0095588 -0.0174602 6.93642e-05 -1.10735e-05 -0.0174602 0.0859963 -1.34948e-05 -0.000251664 6.93642e-05 -1.34948e-05 0.00950929 -0.017486 -1.10735e-05 -0.000251664 -0.017486 0.0862605 
0.00960439 -0.0175262 6.92576e-05 -4.8922e-07 -0.0175262 0.086281 -7.57942e-06 -0.000254661 6.92576e-05 -7.57942e-06 0.00950839 -0.0175313 -4.8922e-07 -0.000254661 -0.0175313 0.0865473 
0.00959644 -0.0175476 7.25619e-05 4.73085e-06 -0.0175476 0.0863293 -6.24418e-06 -0.000265631 7.25619e-05 -6.24418e-06 0.00950074 -0.017492 4.73085e-06 -0.000265631 -0.017492 0.0864889 
0.00959629 -0.0175627 5.12081e-05 -3.58295e-06 -0.0175627 0.0864684 -1.28001e-05 -0.000253786 5.12081e-05 -1.28001e-05 0.00952607 -0.0175096 -3.58295e-06 -0.000253786 -0.0175096 0.086579 
0.00959626 -0.0175559 3.47393e-05 2.22412e-05 -0.0175559 0.0865044 1.51219e-05 -0.000288278 3.47393e-05 1.51219e-05 0.0095463 -0.0175395 2.22412e-05 -0.000288278 -0.0175395 0.086667 
0.00957994 -0.0175295 3.09179e-05 4.09661e-05 -0.0175295 0.0864018 3.38317e-05 -0.000335223 3.09179e-05 3.38317e-05 0.00954709 -0.017545 4.09661e-05 -0.000335223 -0.017545 0.0866531 
0.00955047 -0.0174554 4.28508e-05 4.23012e-05 -0.0174554 0.0860688 3.39074e-05 -0.0003494 4.28508e-05 3.39074e-05 0.00951614 -0.0174983 4.23012e-05 -0.0003494 -0.0174983 0.0864063 
0.00952547 -0.0174086 4.30899e-05 2.72519e-05 -0.0174086 0.0858267 1.89099e-05 -0.000326221 4.30899e-05 1.89099e-05 0.00949363 -0.0174661 2.72519e-05 -0.000326221 -0.0174661 0.0862464 
0.00952533 -0.017372 4.78873e-05 2.55328e-05 -0.017372 0.0856466 1.9881e-05 -0.000311496 4.78873e-05 1.9881e-05 0.00946264 -0.0174397 2.55328e-05 -0.000311496 -0.0174397 0.0861253 
0.00956921 -0.0174561 4.85751e-05 1.80696e-05 -0.0174561 0.0859691 1.35008e-05 -0.000296216 4.85751e-05 1.35008e-05 0.00948827 -0.0174784 1.80696e-05 -0.000296216 -0.0174784 0.0863955 
0.00957941 -0.0175261 5.19909e-05 1.73545e-05 -0.0175261 0.0862723 1.60566e-05 -0.000292786 5.19909e-05 1.60566e-05 0.00952769 -0.0175141 1.73545e-05 -0.000292786 -0.0175141 0.0865995 
0.00957349 -0.0175118 5.22104e-05 1.31738e-05 -0.0175118 0.0863013 1.61001e-05 -0.000292389 5.22104e-05 1.61001e-05 0.00953937 -0.0175388 1.31738e-05 -0.000292389 -0.0175388 0.0866504 
0.00954633 -0.0174749 4.68052e-05 1.40187e-05 -0.0174749 0.0861419 2.16194e-05 -0.000301842 4.68052e-05 2.16194e-05 0.00953076 -0.0175133 1.40187e-05 -0.000301842 -0.0175133 0.0865186 
0.0094931 -0.0173598 3.91478e-05 1.9235e-05 -0.0173598 0.0856203 3.11355e-05 -0.000318434 3.91478e-05 3.11355e-05 0.00947282 -0.0174212 1.9235e-05 -0.000318434 -0.0174212 0.086039 
0.00946483 -0.0173289 3.58077e-05 2.69553e-05 -0.0173289 0.0854444 3.6789e-05 -0.000333455 3.58077e-05 3.6789e-05 0.00945308 -0.0173775 2.69553e-05 -0.000333455 -0.0173775 0.0858514 
0.00942884 -0.0172412 2.51882e-05 2.99734e-05 -0.0172412 0.0850437 3.79495e-05 -0.000340156 2.51882e-05 3.79495e-05 0.00940863 -0.0172933 2.99734e-05 -0.000340156 -0.0172933 0.0854305 
0.00943544 -0.0172649 2.691e-05 4.02581e-05 -0.0172649 0.0851317 4.66358e-05 -0.000351504 2.691e-05 4.66358e-05 0.00942789 -0.0173145 4.02581e-05 -0.000351504 -0.0173145 0.0855165 
0.0094387 -0.0173116 4.34908e-05 3.77783e-05 -0.0173116 0.0853636 4.39222e-05 -0.000353964 4.34908e-05 4.39222e-05 0.00946564 -0.0173686 3.77783e-05 -0.000353964 -0.0173686 0.0857462 
0.00943486 -0.0173193 6.68903e-05 1.39077e-05 -0.0173193 0.0854991 2.13948e-05 -0.000313216 6.68903e-05 2.13948e-05 0.00950176 -0.0174255 1.39077e-05 -0.000313216 -0.0174255 0.0859671 
0.00945589 -0.01733 8.46153e-05 -1.36405e-05 -0.01733 0.0856384 -5.71961e-06 -0.000250686 8.46153e-05 -5.71961e-06 0.00952088 -0.0174941 -1.36405e-05 -0.000250686 -0.0174941 0.0862491 
0.00948055 -0.0173584 8.48941e-05 -3.3236e-05 -0.0173584 0.0857684 -2.72054e-05 -0.000193607 8.48941e-05 -2.72054e-05 0.00951782 -0.0175273 -3.3236e-05 -0.000193607 -0.0175273 0.0864572 
0.00947216 -0.0173377 6.7392e-05 -3.14941e-05 -0.0173377 0.0856297 -3.2218e-05 -0.00016586 6.7392e-05 -3.2218e-05 0.00949154 -0.0174695 -3.14941e-05 -0.00016586 -0.0174695 0.0862811 
0.00948452 -0.017355 7.34122e-05 -4.97569e-06 -0.017355 0.0856923 -1.0196e-05 -0.000200667 7.34122e-05 -1.0196e-05 0.00949203 -0.017462 -4.97569e-06 -0.000200667 -0.017462 0.0862754 
0.00947741 -0.017327 6.99247e-05 -7.12397e-06 -0.017327 0.0855217 -1.01129e-05 -0.000226565 6.99247e-05 -1.01129e-05 0.00946794 -0.017408 -7.12397e-06 -0.000226565 -0.017408 0.0860226 
0.00947836 -0.0173566 7.61691e-05 -9.2418e-06 -0.0173566 0.0856006 -4.25053e-06 -0.000233426 7.61691e-05 -4.25053e-06 0.009484 -0.0174023 -9.2418e-06 -0.000233426 -0.0174023 0.085994 
0.00950706 -0.0173958 8.71883e-05 -1.82929e-05 -0.0173958 0.0858184 -8.77999e-06 -0.000229386 8.71883e-05 -8.77999e-06 0.00950304 -0.0174549 -1.82929e-05 -0.000229386 -0.0174549 0.086175 
0.00949381 -0.0173626 9.84542e-05 -3.2624e-05 -0.0173626 0.0856318 -2.51632e-05 -0.000198 9.84542e-05 -2.51632e-05 0.00948097 -0.017413 -3.2624e-05 -0.000198 -0.017413 0.0859689 
0.00950676 -0.0173832 0.000101601 -4.06622e-05 -0.0173832 0.0857025 -3.85517e-05 -0.000171341 0.000101601 -3.85517e-05 0.00948547 -0.0174256 -4.06622e-05 -0.000171341 -0.0174256 0.0860201 
0.00950246 -0.0173566 0.000113941 -4.51311e-05 -0.0173566 0.0855467 -4.51647e-05 -0.00015101 0.000113941 -4.51647e-05 0.00947176 -0.0173906 -4.51311e-05 -0.00015101 -0.0173906 0.0858453 
0.00951216 -0.0173899 0.000111817 -6.07318e-05 -0.0173899 0.0856487 -6.05306e-05 -0.000121644 0.000111817 -6.05306e-05 0.00949585 -0.0174094 -6.07318e-05 -0.000121644 -0.0174094 0.0859137 
0.00953511 -0.0174613 0.000105222 -6.17255e-05 -0.0174613 0.0860059 -6.32396e-05 -0.00010157 0.000105222 -6.32396e-05 0.00953803 -0.0175034 -6.17255e-05 -0.00010157 -0.0175034 0.0862985 
0.00953151 -0.0174686 8.91123e-05 -4.96127e-05 -0.0174686 0.0861039 -5.36352e-05 -0.000113316 8.91123e-05 -5.36352e-05 0.00954439 -0.0175336 -4.96127e-05 -0.000113316 -0.0175336 0.0864485 
0.00956609 -0.0174597 8.02043e-05 -2.79998e-05 -0.0174597 0.0861274 -3.2508e-05 -0.000155891 8.02043e-05 -3.2508e-05 0.00950477 -0.0175429 -2.79998e-05 -0.000155891 -0.0175429 0.0865317 
0.00960933 -0.0175076 9.19048e-05 -1.50428e-05 -0.0175076 0.0862341 -1.96637e-05 -0.000198611 9.19048e-05 -1.96637e-05 0.00947252 -0.017497 -1.50428e-05 -0.000198611 -0.017497 0.0865158 
0.00963058 -0.0175663 9.81127e-05 -2.9288e-05 -0.0175663 0.0863999 -3.06437e-05 -0.000197569 9.81127e-05 -3.06437e-05 0.00946569 -0.017454 -2.9288e-05 -0.000197569 -0.017454 0.0864413 
0.00960581 -0.0175653 8.77929e-05 -4.10346e-05 -0.0175653 0.0863749 -3.95408e-05 -0.000172556 8.77929e-05 -3.95408e-05 0.00946966 -0.0174086 -4.10346e-05 -0.000172556 -0.0174086 0.0862295 
0.0095772 -0.0175392 9.58264e-05 -3.31893e-05 -0.0175392 0.0863289 -2.85649e-05 -0.000172671 9.58264e-05 -2.85649e-05 0.00948285 -0.0174162 -3.31893e-05 -0.000172671 -0.0174162 0.0861668 
0.00951661 -0.0174189 8.12991e-05 -3.94869e-05 -0.0174189 0.0858315 -3.17805e-05 -0.000174402 8.12991e-05 -3.17805e-05 0.00944986 -0.0173514 -3.94869e-05 -0.000174402 -0.0173514 0.0857673 
0.00948528 -0.0173358 7.18373e-05 -2.15497e-05 -0.0173358 0.0854526 -1.34824e-05 -0.000200004 7.18373e-05 -1.34824e-05 0.00942858 -0.0173128 -2.15497e-05 -0.000200004 -0.0173128 0.0855161 
0.00946391 -0.0172882 6.6531e-05 -3.06485e-06 -0.0172882 0.0851635 4.19212e-06 -0.000251095 6.6531e-05 4.19212e-06 0.009408 -0.0172687 -3.06485e-06 -0.000251095 -0.0172687 0.0852731 
0.00944557 -0.0172918 7.96343e-05 2.79243e-06 -0.0172918 0.0851318 1.09292e-05 -0.000283186 7.96343e-05 1.09292e-05 0.00942059 -0.0172708 2.79243e-06 -0.000283186 -0.0172708 0.0852479 
0.00941485 -0.0172712 8.68224e-05 -1.37974e-05 -0.0172712 0.0850851 -4.65176e-06 -0.000270443 8.68224e-05 -4.65176e-06 0.00944594 -0.017287 -1.37974e-05 -0.000270443 -0.017287 0.085254 
0.00939541 -0.0172555 8.52285e-05 -2.7157e-05 -0.0172555 0.0851176 -1.96402e-05 -0.00023264 8.52285e-05 -1.96402e-05 0.00948097 -0.0173508 -2.7157e-05 -0.00023264 -0.0173508 0.08545 
0.00940036 -0.0172493 9.45153e-05 -2.77131e-05 -0.0172493 0.0851879 -2.51758e-05 -0.000206815 9.45153e-05 -2.51758e-05 0.00949071 -0.0174176 -2.77131e-05 -0.000206815 -0.0174176 0.0857147 
0.00941966 -0.0172583 8.57088e-05 -4.13796e-05 -0.0172583 0.0852462 -4.39025e-05 -0.000166389 8.57088e-05 -4.39025e-05 0.00948224 -0.0174311 -4.13796e-05 -0.000166389 -0.0174311 0.0858585 
0.00945111 -0.0172959 7.75986e-05 -3.09034e-05 -0.0172959 0.085388 -3.91065e-05 -0.000155177 7.75986e-05 -3.91065e-05 0.0094667 -0.0174313 -3.09034e-05 -0.000155177 -0.0174313 0.0859593 
0.00946987 -0.0173255 7.97659e-05 -1.53041e-05 -0.0173255 0.0854727 -2.63547e-05 -0.000181373 7.97659e-05 -2.63547e-05 0.00944639 -0.0173963 -1.53041e-05 -0.000181373 -0.0173963 0.0859071 
0.00946584 -0.0173462 7.17128e-05 -2.18356e-05 -0.0173462 0.0855273 -2.83641e-05 -0.000183911 7.17128e-05 -2.83641e-05 0.00943249 -0.0173543 -2.18356e-05 -0.000183911 -0.0173543 0.0857827 
0.00943615 -0.0172921 6.0745e-05 -1.67362e-05 -0.0172921 0.0853004 -2.00561e-05 -0.000187434 6.0745e-05 -2.00561e-05 0.00939232 -0.0172845 -1.67362e-05 -0.000187434 -0.0172845 0.0854541 
0.00940219 -0.0172366 4.81545e-05 -1.31422e-06 -0.0172366 0.0850451 -2.58804e-06 -0.000218809 4.81545e-05 -2.58804e-06 0.00936742 -0.0172162 -1.31422e-06 -0.000218809 -0.0172162 0.0851459 
0.00937812 -0.0171833 5.62852e-05 1.39114e-05 -0.0171833 0.0848106 1.75891e-05 -0.000262583 5.62852e-05 1.75891e-05 0.00934437 -0.0171785 1.39114e-05 -0.000262583 -0.0171785 0.0849209 
0.00937532 -0.0171882 6.13792e-05 8.19431e-06 -0.0171882 0.0848317 1.67321e-05 -0.000285375 6.13792e-05 1.67321e-05 0.00935465 -0.0171917 8.19431e-06 -0.000285375 -0.0171917 0.0849735 
0.00937083 -0.0171864 6.01333e-05 -1.49101e-06 -0.0171864 0.0848499 9.63994e-06 -0.000274919 6.01333e-05 9.63994e-06 0.00936083 -0.0172097 -1.49101e-06 -0.000274919 -0.0172097 0.0850405 
0.00933715 -0.0171364 6.62722e-05 -6.08281e-06 -0.0171364 0.0846295 9.63059e-06 -0.000259758 6.62722e-05 9.63059e-06 0.0093394 -0.0171724 -6.08281e-06 -0.000259758 -0.0171724 0.0848616 
0.00932402 -0.0171228 7.85675e-05 -1.67135e-05 -0.0171228 0.0845989 -2.59229e-06 -0.00023308 7.85675e-05 -2.59229e-06 0.00934025 -0.0171655 -1.67135e-05 -0.00023308 -0.0171655 0.0848433 
0.00930516 -0.0170457 5.65087e-05 -2.96853e-05 -0.0170457 0.0842702 -2.13675e-05 -0.000192333 5.65087e-05 -2.13675e-05 0.00929255 -0.0171137 -2.96853e-05 -0.000192333 -0.0171137 0.0845654 
0.00935556 -0.017128 4.2855e-05 1.61912e-06 -0.017128 0.0846126 -1.12327e-06 -0.000213863 4.2855e-05 -1.12327e-06 0.00931557 -0.0171668 1.61912e-06 -0.000213863 -0.0171668 0.0848931 
0.00938964 -0.0171422 4.00217e-05 2.40782e-05 -0.0171422 0.084626 1.18259e-05 -0.000258121 4.00217e-05 1.18259e-05 0.00928262 -0.0171379 2.40782e-05 -0.000258121 -0.0171379 0.0848131 
0.00941994 -0.0172096 4.74843e-05 2.53017e-05 -0.0172096 0.084815 1.05384e-05 -0.000271119 4.74843e-05 1.05384e-05 0.00928718 -0.0171148 2.53017e-05 -0.000271119 -0.0171148 0.0848113 
0.00945489 -0.0173169 5.26037e-05 1.74609e-05 -0.0173169 0.0852883 6.74718e-06 -0.000268551 5.26037e-05 6.74718e-06 0.00934302 -0.0171767 1.74609e-05 -0.000268551 -0.0171767 0.0851095 
0.00944327 -0.0173455 6.50652e-05 5.29411e-06 -0.0173455 0.0854942 -2.91356e-07 -0.000247142 6.50652e-05 -2.91356e-07 0.00938244 -0.0172317 5.29411e-06 -0.000247142 -0.0172317 0.0852917 
0.00941122 -0.0172648 7.90886e-05 -1.44327e-05 -0.0172648 0.0852339 -1.58148e-05 -0.000206053 7.90886e-05 -1.58148e-05 0.00936727 -0.0172161 -1.44327e-05 -0.000206053 -0.0172161 0.0851371 
0.00939439 -0.0171748 4.98378e-05 -3.0519e-05 -0.0171748 0.0848061 -3.0155e-05 -0.000166485 4.98378e-05 -3.0155e-05 0.00930841 -0.0171489 -3.0519e-05 -0.000166485 -0.0171489 0.0847994 
0.00937929 -0.017175 5.56214e-05 3.85892e-06 -0.017175 0.0846898 3.92408e-06 -0.000200811 5.56214e-05 3.92408e-06 0.00929056 -0.0171016 3.85892e-06 -0.000200811 -0.0171016 0.0846462 
0.00935009 -0.0171674 7.94917e-05 -4.01305e-07 -0.0171674 0.0846639 -5.39301e-07 -0.00022168 7.94917e-05 -5.39301e-07 0.00930517 -0.0170896 -4.01305e-07 -0.00022168 -0.0170896 0.0845846 
0.00930391 -0.0170866 8.20326e-05 -3.1209e-05 -0.0170866 0.0843692 -2.67653e-05 -0.000179667 8.20326e-05 -2.67653e-05 0.00930224 -0.0170621 -3.1209e-05 -0.000179667 -0.0170621 0.0843617 
0.0100941 -0.0185242 8.34158e-05 -4.19336e-05 -0.0185242 0.0915275 -3.10397e-05 -0.000161003 8.34158e-05 -3.10397e-05 0.0101221 -0.0185619 -4.19336e-05 -0.000161003 -0.0185619 0.0916714 
0.0100789 -0.0185057 7.15428e-05 -3.83258e-05 -0.0185057 0.0914393 -2.18225e-05 -0.000161628 7.15428e-05 -2.18225e-05 0.0101363 -0.0185841 -3.83258e-05 -0.000161628 -0.0185841 0.0917141 
0.010081 -0.0185026 7.0329e-05 -2.54733e-05 -0.0185026 0.0914447 -9.36819e-06 -0.00018278 7.0329e-05 -9.36819e-06 0.0101244 -0.0186143 -2.54733e-05 -0.00018278 -0.0186143 0.0918166 
0.0100763 -0.0184696 9.2129e-05 -1.64282e-05 -0.0184696 0.0912727 -1.12172e-05 -0.00020075 9.2129e-05 -1.12172e-05 0.0100713 -0.01856 -1.64282e-05 -0.00020075 -0.01856 0.0916407 
0.0101027 -0.0185021 0.000104736 -3.87309e-05 -0.0185021 0.0913761 -3.92587e-05 -0.000169182 0.000104736 -3.92587e-05 0.010047 -0.0185298 -3.87309e-05 -0.000169182 -0.0185298 0.0916295 
0.0101404 -0.0185726 8.90868e-05 -6.18483e-05 -0.0185726 0.0916628 -6.31417e-05 -0.000104807 8.90868e-05 -6.31417e-05 0.0100417 -0.018533 -6.18483e-05 -0.000104807 -0.018533 0.0917499 
0.0101287 -0.0185664 8.67446e-05 -4.51068e-05 -0.0185664 0.0916038 -4.59921e-05 -9.92638e-05 8.67446e-05 -4.59921e-05 0.0100242 -0.0184689 -4.51068e-05 -9.92638e-05 -0.0184689 0.0915242 
0.0100915 -0.0185267 8.41608e-05 -4.14247e-05 -0.0185267 0.0914194 -3.82173e-05 -0.000116424 8.41608e-05 -3.82173e-05 0.0100119 -0.0184093 -4.14247e-05 -0.000116424 -0.0184093 0.0912221 
0.0100552 -0.0184785 7.40992e-05 -4.47619e-05 -0.0184785 0.0912439 -3.72068e-05 -0.000114097 7.40992e-05 -3.72068e-05 0.0100114 -0.0183858 -4.47619e-05 -0.000114097 -0.0183858 0.0910327 
0.0100531 -0.0184698 7.40768e-05 -3.48932e-05 -0.0184698 0.0912665 -2.65738e-05 -0.000124576 7.40768e-05 -2.65738e-05 0.0100158 -0.0184207 -3.48932e-05 -0.000124576 -0.0184207 0.0911256 
0.0100512 -0.0184368 7.76096e-05 -3.28403e-05 -0.0184368 0.0911341 -2.74922e-05 -0.000131754 7.76096e-05 -2.74922e-05 0.00997821 -0.0184056 -3.28403e-05 -0.000131754 -0.0184056 0.0910666 
0.0100345 -0.0184122 6.85003e-05 -3.33775e-05 -0.0184122 0.09096 -3.35862e-05 -0.000127228 6.85003e-05 -3.35862e-05 0.00994972 -0.0183305 -3.33775e-05 -0.000127228 -0.0183305 0.0908292 
0.0100171 -0.0183816 6.53395e-05 -1.94721e-05 -0.0183816 0.0907933 -2.50661e-05 -0.000142271 6.53395e-05 -2.50661e-05 0.0099302 -0.0182734 -1.94721e-05 -0.000142271 -0.0182734 0.0905676 
0.00997638 -0.0183255 5.62939e-05 -1.51996e-05 -0.0183255 0.0905176 -2.2956e-05 -0.000153981 5.62939e-05 -2.2956e-05 0.00991388 -0.0182217 -1.51996e-05 -0.000153981 -0.0182217 0.0902704 
0.00998865 -0.0183625 6.07453e-05 -5.06584e-06 -0.0183625 0.0907398 -1.45843e-05 -0.000171698 6.07453e-05 -1.45843e-05 0.0099482 -0.0182916 -5.06584e-06 -0.000171698 -0.0182916 0.0905441 
0.0099908 -0.0183604 6.42326e-05 -1.0451e-05 -0.0183604 0.0907817 -1.88327e-05 -0.000171352 6.42326e-05 -1.88327e-05 0.00995704 -0.0183215 -1.0451e-05 -0.000171352 -0.0183215 0.0906692 
0.010014 -0.0183482 7.40884e-05 -1.75593e-05 -0.0183482 0.0907449 -2.26106e-05 -0.000157804 7.40884e-05 -2.26106e-05 0.00993932 -0.0183301 -1.75593e-05 -0.000157804 -0.0183301 0.0907192 
0.0100284 -0.0183861 7.28793e-05 -3.21429e-05 -0.0183861 0.0908255 -3.43007e-05 -0.00012911 7.28793e-05 -3.43007e-05 0.00993632 -0.0183202 -3.21429e-05 -0.00012911 -0.0183202 0.0907614 
0.0100186 -0.0183919 7.07035e-05 -3.18156e-05 -0.0183919 0.090834 -3.22133e-05 -0.000117788 7.07035e-05 -3.22133e-05 0.00994056 -0.0183024 -3.18156e-05 -0.000117788 -0.0183024 0.0907043 
0.0100314 -0.0184037 5.74908e-05 -2.99997e-05 -0.0184037 0.0909199 -3.23007e-05 -0.000114511 5.74908e-05 -3.23007e-05 0.00994825 -0.0183174 -2.99997e-05 -0.000114511 -0.0183174 0.0907533 
0.0100407 -0.0184216 4.49027e-05 -1.01263e-05 -0.0184216 0.0910084 -1.37485e-05 -0.0001471 4.49027e-05 -1.37485e-05 0.00996689 -0.0183477 -1.01263e-05 -0.0001471 -0.0183477 0.0908792 
0.0100147 -0.0183866 4.84729e-05 6.77482e-06 -0.0183866 0.0908355 5.67753e-06 -0.000193817 4.84729e-05 5.67753e-06 0.00996298 -0.0183241 6.77482e-06 -0.000193817 -0.0183241 0.0907434 
0.00999027 -0.0183448 6.71822e-05 2.48104e-06 -0.0183448 0.0906561 3.84094e-06 -0.000210449 6.71822e-05 3.84094e-06 0.00996002 -0.0183088 2.48104e-06 -0.000210449 -0.0183088 0.0906195 
0.0099557 -0.0182953 7.07976e-05 -1.76953e-05 -0.0182953 0.0904308 -1.54977e-05 -0.000186893 7.07976e-05 -1.54977e-05 0.00996386 -0.0182891 -1.76953e-05 -0.000186893 -0.0182891 0.0904714 
0.00996515 -0.0183033 5.95739e-05 -2.32431e-05 -0.0183033 0.0905169 -2.45279e-05 -0.000161281 5.95739e-05 -2.45279e-05 0.00998872 -0.0183537 -2.32431e-05 -0.000161281 -0.0183537 0.0906909 
0.00997672 -0.0183071 4.66464e-05 -1.44484e-05 -0.0183071 0.0905388 -1.40081e-05 -0.00016318 4.66464e-05 -1.40081e-05 0.0099767 -0.0183817 -1.44484e-05 -0.00016318 -0.0183817 0.0908208 
0.0099941 -0.0183171 5.43203e-05 -2.22274e-06 -0.0183171 0.0905557 3.14296e-06 -0.000189629 5.43203e-05 3.14296e-06 0.00995229 -0.0183656 -2.22274e-06 -0.000189629 -0.0183656 0.0908413 
0.0100247 -0.0183945 7.412e-05 -1.15331e-05 -0.0183945 0.0908672 -4.01923e-06 -0.00018985 7.412e-05 -4.01923e-06 0.00996912 -0.01838 -1.15331e-05 -0.00018985 -0.01838 0.0910313 
0.00997224 -0.0183216 7.42832e-05 -3.47731e-05 -0.0183216 0.0905252 -3.25425e-05 -0.000141691 7.42832e-05 -3.25425e-05 0.00994532 -0.0182864 -3.47731e-05 -0.000141691 -0.0182864 0.0905912 
0.00996643 -0.0182779 6.71324e-05 -3.80636e-05 -0.0182779 0.0903621 -4.37684e-05 -9.75891e-05 6.71324e-05 -4.37684e-05 0.00991979 -0.0182713 -3.80636e-05 -9.75891e-05 -0.0182713 0.0904291 
0.00997046 -0.0183235 6.03978e-05 -2.34068e-05 -0.0183235 0.0905414 -3.50471e-05 -0.000104339 6.03978e-05 -3.50471e-05 0.00993794 -0.0183023 -2.34068e-05 -0.000104339 -0.0183023 0.090612 
0.00997177 -0.0183237 5.98099e-05 -1.08198e-05 -0.0183237 0.0906027 -2.26754e-05 -0.000135386 5.98099e-05 -2.26754e-05 0.00994019 -0.0183119 -1.08198e-05 -0.000135386 -0.0183119 0.0906729 
0.00995756 -0.0183005 6.53507e-05 -1.33312e-05 -0.0183005 0.0905199 -2.49436e-05 -0.000139134 6.53507e-05 -2.49436e-05 0.00994057 -0.0182967 -1.33312e-05 -0.000139134 -0.0182967 0.0906141 
0.00995974 -0.0182915 4.87914e-05 -2.2437e-05 -0.0182915 0.0904963 -3.3678e-05 -0.000121282 4.87914e-05 -3.3678e-05 0.00994032 -0.0183004 -2.2437e-05 -0.000121282 -0.0183004 0.0906151 
0.00997959 -0.0183119 2.70704e-05 -9.48749e-06 -0.0183119 0.0905864 -1.67457e-05 -0.000127319 2.70704e-05 -1.67457e-05 0.00995086 -0.0183256 -9.48749e-06 -0.000127319 -0.0183256 0.0907357 
0.0100382 -0.0183844 1.66619e-06 1.66453e-05 -0.0183844 0.0909114 1.47154e-05 -0.000180806 1.66619e-06 1.47154e-05 0.00997449 -0.0183938 1.66453e-05 -0.000180806 -0.0183938 0.0910755 
0.0100494 -0.0184219 2.36949e-05 4.72805e-05 -0.0184219 0.0910041 4.83286e-05 -0.000256574 2.36949e-05 4.83286e-05 0.00998612 -0.0183924 4.72805e-05 -0.000256574 -0.0183924 0.0911193 
0.0100215 -0.0184345 5.1562e-05 2.66117e-05 -0.0184345 0.0910524 3.10562e-05 -0.000269667 5.1562e-05 3.10562e-05 0.0100192 -0.018393 2.66117e-05 -0.000269667 -0.018393 0.0911072 
0.010033 -0.0184057 6.01876e-05 -4.66203e-06 -0.0184057 0.0910461 9.39676e-07 -0.000223073 6.01876e-05 9.39676e-07 0.0100136 -0.018443 -4.66203e-06 -0.000223073 -0.018443 0.0912056 
0.0100489 -0.0184098 7.54877e-05 -1.38109e-05 -0.0184098 0.0910128 -9.036e-06 -0.000187616 7.54877e-05 -9.036e-06 0.00999964 -0.0184319 -1.38109e-05 -0.000187616 -0.0184319 0.0912174 
0.0100313 -0.0183731 6.64171e-05 -3.27488e-05 -0.0183731 0.0907579 -2.58952e-05 -0.000151063 6.64171e-05 -2.58952e-05 0.00996957 -0.0183594 -3.27488e-05 -0.000151063 -0.0183594 0.0909138 
0.0100539 -0.0183914 5.48173e-05 -2.54852e-05 -0.0183914 0.0908044 -1.64911e-05 -0.000147252 5.48173e-05 -1.64911e-05 0.00995705 -0.0183628 -2.54852e-05 -0.000147252 -0.0183628 0.0909124 
0.0100769 -0.0184489 6.02637e-05 -5.30577e-06 -0.0184489 0.0910057 -1.78193e-06 -0.000182076 6.02637e-05 -1.78193e-06 0.00996496 -0.0183752 -5.30577e-06 -0.000182076 -0.0183752 0.0910258 
0.0101149 -0.0185239 5.07595e-05 -9.90296e-06 -0.0185239 0.0913628 -1.0931e-05 -0.000188885 5.07595e-05 -1.0931e-05 0.00999754 -0.0184256 -9.90296e-06 -0.000188885 -0.0184256 0.091294 
0.0101134 -0.0185589 4.54464e-05 1.70706e-06 -0.0185589 0.0915368 -2.73589e-06 -0.000200959 4.54464e-05 -2.73589e-06 0.0100416 -0.0184536 1.70706e-06 -0.000200959 -0.0184536 0.0914247 
0.0100915 -0.0185258 7.02274e-05 9.10462e-06 -0.0185258 0.0914553 3.45033e-06 -0.000218215 7.02274e-05 3.45033e-06 0.0100739 -0.0184762 9.10462e-06 -0.000218215 -0.0184762 0.0914118 
0.0100861 -0.0185466 8.5586e-05 -2.11138e-05 -0.0185466 0.0916055 -2.48314e-05 -0.000182606 8.5586e-05 -2.48314e-05 0.0101311 -0.0185636 -2.11138e-05 -0.000182606 -0.0185636 0.0917051 
0.00930382 -0.0170863 6.9803e-05 -3.63259e-05 -0.0170863 0.0844786 -3.67786e-05 -0.000128043 6.9803e-05 -3.67786e-05 0.00934975 -0.0171748 -3.63259e-05 -0.000128043 -0.0171748 0.0847408 
0.00933506 -0.017091 7.35944e-05 -2.34245e-05 -0.017091 0.0844959 -2.38917e-05 -0.000134964 7.35944e-05 -2.38917e-05 0.00933284 -0.0171882 -2.34245e-05 -0.000134964 -0.0171882 0.0848471 
0.0093818 -0.0171451 7.84277e-05 -2.51868e-05 -0.0171451 0.0846488 -2.83184e-05 -0.00014211 7.84277e-05 -2.83184e-05 0.00931536 -0.0171822 -2.51868e-05 -0.00014211 -0.0171822 0.0849307 
0.00940689 -0.0171754 5.12765e-05 -2.67528e-05 -0.0171754 0.0846745 -3.37244e-05 -0.000139897 5.12765e-05 -3.37244e-05 0.00928734 -0.0171272 -2.67528e-05 -0.000139897 -0.0171272 0.0847727 
0.00942977 -0.017249 2.58703e-05 8.057e-06 -0.017249 0.0849414 -3.78083e-08 -0.000193268 2.58703e-05 -3.78083e-08 0.00930776 -0.0171339 8.057e-06 -0.000193268 -0.0171339 0.0848566 
0.00946071 -0.0173271 3.5966e-05 3.97161e-05 -0.0173271 0.0853363 3.39758e-05 -0.000276972 3.5966e-05 3.39758e-05 0.00934667 -0.0171991 3.97161e-05 -0.000276972 -0.0171991 0.0851496 
0.00945998 -0.0173299 3.7936e-05 2.80711e-05 -0.0173299 0.085399 2.79448e-05 -0.000302553 3.7936e-05 2.79448e-05 0.00936338 -0.0172177 2.80711e-05 -0.000302553 -0.0172177 0.0852152 
0.00942595 -0.0172994 4.2611e-05 2.15414e-05 -0.0172994 0.0852865 2.65613e-05 -0.000296705 4.2611e-05 2.65613e-05 0.00937884 -0.0172148 2.15414e-05 -0.000296705 -0.0172148 0.0851627 
0.00943033 -0.0172895 6.21305e-05 1.81482e-05 -0.0172895 0.0853487 2.43087e-05 -0.000294537 6.21305e-05 2.43087e-05 0.00939638 -0.0172849 1.81482e-05 -0.000294537 -0.0172849 0.0854023 
0.00938775 -0.0172134 7.94693e-05 -1.05304e-06 -0.0172134 0.084992 -1.69361e-06 -0.000261443 7.94693e-05 -1.69361e-06 0.00938171 -0.0172346 -1.05304e-06 -0.000261443 -0.0172346 0.0851826 
0.00940393 -0.0171898 6.85175e-05 -2.02308e-05 -0.0171898 0.0849043 -2.5638e-05 -0.000211057 6.85175e-05 -2.5638e-05 0.00937124 -0.0172533 -2.02308e-05 -0.000211057 -0.0172533 0.0852197 
0.00938818 -0.0171672 5.60329e-05 -1.06954e-05 -0.0171672 0.0846888 -1.51195e-05 -0.000201146 5.60329e-05 -1.51195e-05 0.00934173 -0.0171986 -1.06954e-05 -0.000201146 -0.0171986 0.0850107 
0.00936164 -0.0171653 4.06068e-05 -1.93419e-06 -0.0171653 0.0846328 1.89759e-06 -0.000218821 4.06068e-05 1.89759e-06 0.0093365 -0.0171624 -1.93419e-06 -0.000218821 -0.0171624 0.0848696 
0.00932249 -0.0171395 4.73055e-05 1.29765e-05 -0.0171395 0.0845715 2.06006e-05 -0.000252747 4.73055e-05 2.06006e-05 0.00934296 -0.0171464 1.29765e-05 -0.000252747 -0.0171464 0.0847632 
0.00928219 -0.0170785 3.91538e-05 6.24961e-06 -0.0170785 0.0844088 1.22212e-05 -0.000254848 3.91538e-05 1.22212e-05 0.00934736 -0.017148 6.24961e-06 -0.000254848 -0.017148 0.0846908 
0.00928707 -0.0170554 3.73243e-05 1.32017e-05 -0.0170554 0.0843891 1.71972e-05 -0.000253475 3.73243e-05 1.71972e-05 0.00935246 -0.0171813 1.32017e-05 -0.000253475 -0.0171813 0.0848056 
0.00930843 -0.0170493 2.65121e-05 2.0333e-05 -0.0170493 0.0843465 2.22998e-05 -0.000269266 2.65121e-05 2.22998e-05 0.00933371 -0.0171845 2.0333e-05 -0.000269266 -0.0171845 0.0848419 
0.00932397 -0.0170874 2.20286e-05 3.56464e-05 -0.0170874 0.0844312 3.62548e-05 -0.000300262 2.20286e-05 3.62548e-05 0.00933458 -0.0171707 3.56464e-05 -0.000300262 -0.0171707 0.0848664 
