0.0068218 0 6.01216e-06 0 0 0.00981274 0 0 6.01216e-06 0 0.00704423 0 0 0 0 0.00981274 
0.0103467 -0.012845 3.44091e-05 -4.38636e-05 -0.012845 0.0342435 -4.38636e-05 8.39862e-05 3.44091e-05 -4.38636e-05 0.0106331 -0.0131958 -4.38636e-05 8.39862e-05 -0.0131958 0.0349161 
0.00971327 -0.0180997 3.377e-05 -0.0001115 -0.0180997 0.0668163 -0.0001115 0.000371899 3.377e-05 -0.0001115 0.00990078 -0.0184278 -0.0001115 0.000371899 -0.0184278 0.0678364 
0.00929259 -0.0179244 -3.33816e-06 -0.000153456 -0.0179244 0.0805084 -0.000158032 0.000786158 -3.33816e-06 -0.000158032 0.00929145 -0.017979 -0.000153456 0.000786158 -0.017979 0.080497 
0.00906529 -0.0170523 -4.01946e-05 -8.14818e-05 -0.0170523 0.0823082 -9.91941e-05 0.000808459 -4.01946e-05 -9.91941e-05 0.0090361 -0.0168493 -8.14818e-05 0.000808459 -0.0168493 0.0812669 
0.00973333 -0.0180795 -6.50199e-05 1.02858e-05 -0.0180795 0.0889382 -2.13661e-05 0.000551706 -6.50199e-05 -2.13661e-05 0.0097876 -0.0178546 1.02858e-05 0.000551706 -0.0178546 0.0875862 
0.00940654 -0.0174307 -5.45275e-05 5.31235e-05 -0.0174307 0.0861851 1.80721e-05 0.000263861 -5.45275e-05 1.80721e-05 0.00956231 -0.0173467 5.31235e-05 0.000263861 -0.0173467 0.0851878 
0.009975 -0.0184174 -4.43681e-05 4.52244e-05 -0.0184174 0.0913166 1.28285e-05 0.000159469 -4.43681e-05 1.28285e-05 0.0101669 -0.0184901 4.52244e-05 0.000159469 -0.0184901 0.0907531 
0.00977197 -0.0179413 -3.21357e-05 1.88236e-05 -0.0179413 0.0889732 -2.6082e-06 0.000150091 -3.21357e-05 -2.6082e-06 0.00989374 -0.0180578 1.88236e-05 0.000150091 -0.0180578 0.0887282 
0.00965781 -0.0176808 -1.65128e-05 -6.98165e-06 -0.0176808 0.0874706 -1.91135e-05 0.000192885 -1.65128e-05 -1.91135e-05 0.00970144 -0.0177142 -6.98165e-06 0.000192885 -0.0177142 0.0872028 
0.00959716 -0.0175656 -2.38714e-05 -3.31519e-05 -0.0175656 0.08668 -3.61606e-05 0.000250346 -2.38714e-05 -3.61606e-05 0.009574 -0.0174947 -3.31519e-05 0.000250346 -0.0174947 0.0861942 
0.00955454 -0.0175731 -3.38674e-05 -3.32459e-05 -0.0175731 0.0865843 -2.65528e-05 0.000273514 -3.38674e-05 -2.65528e-05 0.00956627 -0.0174173 -3.32459e-05 0.000273514 -0.0174173 0.0858602 
0.00950911 -0.0175509 -2.89667e-05 -2.15628e-05 -0.0175509 0.0865729 -1.16902e-05 0.000257879 -2.89667e-05 -1.16902e-05 0.00958538 -0.0174244 -2.15628e-05 0.000257879 -0.0174244 0.0857805 
0.00949224 -0.0175068 -3.31579e-05 -2.22989e-05 -0.0175068 0.0865276 -1.59217e-05 0.00024823 -3.31579e-05 -1.59217e-05 0.00959187 -0.0174726 -2.22989e-05 0.00024823 -0.0174726 0.0858944 
0.00949473 -0.0175125 -2.34501e-05 -1.16049e-05 -0.0175125 0.0866154 -1.21558e-05 0.00023304 -2.34501e-05 -1.21558e-05 0.00961648 -0.0175254 -1.16049e-05 0.00023304 -0.0175254 0.0861578 
0.00951802 -0.0175551 -2.16265e-05 -2.00003e-05 -0.0175551 0.0868754 -2.64284e-05 0.000241425 -2.16265e-05 -2.64284e-05 0.0096526 -0.0176059 -2.00003e-05 0.000241425 -0.0176059 0.0865577 
0.0095345 -0.0175554 -3.00729e-05 -2.15014e-05 -0.0175554 0.0868984 -2.8435e-05 0.000249223 -3.00729e-05 -2.8435e-05 0.00964251 -0.0176145 -2.15014e-05 0.000249223 -0.0176145 0.0866419 
0.00958239 -0.0175952 -4.19495e-05 -1.41561e-05 -0.0175952 0.0870559 -1.77513e-05 0.000238394 -4.19495e-05 -1.77513e-05 0.00962301 -0.0176302 -1.41561e-05 0.000238394 -0.0176302 0.0867928 
0.00963696 -0.0177094 -5.31681e-05 -4.20307e-06 -0.0177094 0.0874892 -1.01766e-06 0.000212389 -5.31681e-05 -1.01766e-06 0.00964397 -0.0176533 -4.20307e-06 0.000212389 -0.0176533 0.0870653 
0.00962359 -0.0177053 -4.90957e-05 6.0834e-06 -0.0177053 0.0874413 1.30187e-05 0.000182847 -4.90957e-05 1.30187e-05 0.00964793 -0.0176018 6.0834e-06 0.000182847 -0.0176018 0.086859 
0.00957277 -0.0176076 -3.62592e-05 1.90296e-06 -0.0176076 0.0869898 5.70625e-06 0.00018085 -3.62592e-05 5.70625e-06 0.00962697 -0.0175254 1.90296e-06 0.00018085 -0.0175254 0.0863817 
0.00954475 -0.0175953 -2.17867e-05 -1.7277e-05 -0.0175953 0.0869189 -1.48163e-05 0.000220379 -2.17867e-05 -1.48163e-05 0.00965613 -0.0175446 -1.7277e-05 0.000220379 -0.0175446 0.0863542 
0.009533 -0.0176114 -4.65174e-06 -3.79664e-05 -0.0176114 0.0870715 -3.47319e-05 0.000275673 -4.65174e-06 -3.47319e-05 0.00971139 -0.0176269 -3.79664e-05 0.000275673 -0.0176269 0.086622 
0.00952061 -0.0175817 -6.24898e-06 -5.49949e-05 -0.0175817 0.0870431 -5.35342e-05 0.000323509 -6.24898e-06 -5.35342e-05 0.00973354 -0.0176823 -5.49949e-05 0.000323509 -0.0176823 0.0867797 
0.00950917 -0.0175032 -5.44982e-06 -5.19485e-05 -0.0175032 0.0867084 -5.42933e-05 0.000341287 -5.44982e-06 -5.42933e-05 0.00968555 -0.0176592 -5.19485e-05 0.000341287 -0.0176592 0.0866289 
0.00951361 -0.0175048 -6.44386e-06 -5.0953e-05 -0.0175048 0.086616 -5.72351e-05 0.000345985 -6.44386e-06 -5.72351e-05 0.00966442 -0.0176188 -5.0953e-05 0.000345985 -0.0176188 0.0865473 
0.00954983 -0.0175476 -3.18593e-05 -3.97691e-05 -0.0175476 0.0867558 -5.2434e-05 0.000328639 -3.18593e-05 -5.2434e-05 0.00966281 -0.0176159 -3.97691e-05 0.000328639 -0.0176159 0.0865818 
0.00958838 -0.0176413 -5.02024e-05 -5.15105e-06 -0.0176413 0.0871127 -1.98832e-05 0.00026503 -5.02024e-05 -1.98832e-05 0.00968574 -0.0176473 -5.15105e-06 0.00026503 -0.0176473 0.0867742 
0.00956485 -0.0176162 -5.73573e-05 1.84729e-05 -0.0176162 0.0869776 9.58871e-06 0.00018485 -5.73573e-05 9.58871e-06 0.00966501 -0.0175911 1.84729e-05 0.00018485 -0.0175911 0.0865027 
0.00955361 -0.0176007 -6.22474e-05 2.55961e-05 -0.0176007 0.0869282 2.62579e-05 0.000129125 -6.22474e-05 2.62579e-05 0.00964914 -0.0175769 2.55961e-05 0.000129125 -0.0175769 0.0864003 
0.00953891 -0.0175993 -5.99283e-05 3.62437e-05 -0.0175993 0.0869399 3.81161e-05 8.37184e-05 -5.99283e-05 3.81161e-05 0.00965486 -0.0175738 3.62437e-05 8.37184e-05 -0.0175738 0.0864017 
0.00953335 -0.0175837 -5.72828e-05 3.64904e-05 -0.0175837 0.0869322 3.28726e-05 6.97198e-05 -5.72828e-05 3.28726e-05 0.00966242 -0.0175838 3.64904e-05 6.97198e-05 -0.0175838 0.0864271 
0.00954798 -0.0175728 -4.28281e-05 2.93435e-05 -0.0175728 0.0869049 1.89298e-05 9.16885e-05 -4.28281e-05 1.89298e-05 0.00964581 -0.0175949 2.93435e-05 9.16885e-05 -0.0175949 0.0864601 
0.00958223 -0.0176297 -4.49716e-05 1.11076e-05 -0.0176297 0.0871217 -2.32572e-06 0.000135091 -4.49716e-05 -2.32572e-06 0.00963744 -0.0176176 1.11076e-05 0.000135091 -0.0176176 0.086654 
0.00958519 -0.017654 -4.85916e-05 1.04151e-05 -0.017654 0.0872056 -5.06073e-07 0.000157034 -4.85916e-05 -5.06073e-07 0.00963306 -0.0175875 1.04151e-05 0.000157034 -0.0175875 0.0866302 
0.00960509 -0.01767 -5.50455e-05 1.42503e-05 -0.01767 0.0873116 9.54727e-06 0.000149055 -5.50455e-05 9.54727e-06 0.00961819 -0.0175903 1.42503e-05 0.000149055 -0.0175903 0.0866616 
0.00957875 -0.017616 -4.44342e-05 1.82782e-05 -0.017616 0.0870222 2.2445e-05 0.000128693 -4.44342e-05 2.2445e-05 0.00957577 -0.0175044 1.82782e-05 0.000128693 -0.0175044 0.0863153 
0.00953059 -0.0175165 -3.66223e-05 3.22797e-06 -0.0175165 0.0865164 1.15411e-05 0.00013744 -3.66223e-05 1.15411e-05 0.00951993 -0.0173889 3.22797e-06 0.00013744 -0.0173889 0.0857666 
0.00947041 -0.0174412 -3.35232e-05 -3.30503e-06 -0.0174412 0.0861016 2.66144e-07 0.000157604 -3.35232e-05 2.66144e-07 0.00949729 -0.0172976 -3.30503e-06 0.000157604 -0.0172976 0.0853058 
0.00938769 -0.0173272 -3.03847e-05 -3.81402e-06 -0.0173272 0.0856004 -7.44381e-06 0.000172724 -3.03847e-05 -7.44381e-06 0.00949376 -0.0172368 -3.81402e-06 0.000172724 -0.0172368 0.0848764 
0.00936265 -0.0172619 -2.13985e-05 -3.2288e-06 -0.0172619 0.0853813 -6.77136e-06 0.000171632 -2.13985e-05 -6.77136e-06 0.00949752 -0.0172719 -3.2288e-06 0.000171632 -0.0172719 0.0848599 
0.009351 -0.0172263 -1.94481e-05 -1.3265e-05 -0.0172263 0.0851986 -1.5575e-05 0.000181291 -1.94481e-05 -1.5575e-05 0.00948986 -0.0172724 -1.3265e-05 0.000181291 -0.0172724 0.0848318 
0.00941055 -0.0173202 -2.57234e-05 -1.38158e-05 -0.0173202 0.0856218 -1.82532e-05 0.00018951 -2.57234e-05 -1.82532e-05 0.00951682 -0.0173705 -1.38158e-05 0.00018951 -0.0173705 0.0853123 
0.00945701 -0.0173997 -2.33478e-05 -8.86336e-06 -0.0173997 0.0859594 -1.11259e-05 0.000183408 -2.33478e-05 -1.11259e-05 0.00952637 -0.0174071 -8.86336e-06 0.000183408 -0.0174071 0.085593 
0.00953667 -0.0175072 -3.47919e-05 -1.512e-05 -0.0175072 0.0864464 -1.18181e-05 0.000185648 -3.47919e-05 -1.18181e-05 0.00951906 -0.0174582 -1.512e-05 0.000185648 -0.0174582 0.0859416 
0.00955711 -0.0175596 -2.86596e-05 -5.35437e-06 -0.0175596 0.0866017 -2.27955e-06 0.000178557 -2.86596e-05 -2.27955e-06 0.00948854 -0.017405 -5.35437e-06 0.000178557 -0.017405 0.0858751 
0.00951979 -0.0175262 -1.51615e-05 -1.05237e-05 -0.0175262 0.0864142 -9.54318e-06 0.000179923 -1.51615e-05 -9.54318e-06 0.00946208 -0.0172945 -1.05237e-05 0.000179923 -0.0172945 0.0854512 
0.00946891 -0.0174919 -2.26323e-05 -2.97647e-05 -0.0174919 0.0863134 -2.74767e-05 0.000214602 -2.26323e-05 -2.74767e-05 0.00948838 -0.017274 -2.97647e-05 0.000214602 -0.017274 0.0852802 
0.00942728 -0.0174313 -3.26677e-05 -2.2269e-05 -0.0174313 0.0861895 -1.87995e-05 0.000222729 -3.26677e-05 -1.87995e-05 0.00952846 -0.0173225 -2.2269e-05 0.000222729 -0.0173225 0.0853306 
0.00943936 -0.0174077 -3.45769e-05 -1.25386e-05 -0.0174077 0.0862066 -6.41271e-06 0.000206278 -3.45769e-05 -6.41271e-06 0.00954715 -0.0174179 -1.25386e-05 0.000206278 -0.0174179 0.0856479 
0.00946295 -0.017431 -3.28135e-05 -1.05384e-05 -0.017431 0.0863093 2.157e-06 0.000186016 -3.28135e-05 2.157e-06 0.00956958 -0.017473 -1.05384e-05 0.000186016 -0.017473 0.0859605 
0.0094806 -0.0174595 -2.64241e-05 -1.07323e-05 -0.0174595 0.0864066 4.67535e-06 0.000174583 -2.64241e-05 4.67535e-06 0.00957454 -0.0174949 -1.07323e-05 0.000174583 -0.0174949 0.0861164 
0.00948088 -0.0174772 -1.61751e-05 -1.97832e-05 -0.0174772 0.08646 -8.59928e-06 0.000192241 -1.61751e-05 -8.59928e-06 0.00957239 -0.0174847 -1.97832e-05 0.000192241 -0.0174847 0.0861271 
0.00946421 -0.0174359 -1.25436e-06 -3.29916e-05 -0.0174359 0.0862725 -2.69692e-05 0.000229369 -1.25436e-06 -2.69692e-05 0.00954559 -0.0174313 -3.29916e-05 0.000229369 -0.0174313 0.085888 
0.0094438 -0.0173817 2.92905e-06 -5.38782e-05 -0.0173817 0.0859928 -5.02168e-05 0.00028457 2.92905e-06 -5.02168e-05 0.00951505 -0.0173689 -5.38782e-05 0.00028457 -0.0173689 0.085579 
0.00944899 -0.0173365 -8.61644e-06 -6.3931e-05 -0.0173365 0.0857203 -6.12363e-05 0.000332206 -8.61644e-06 -6.12363e-05 0.00946282 -0.0173092 -6.3931e-05 0.000332206 -0.0173092 0.0852717 
0.00943748 -0.0173792 -1.66174e-05 -4.73504e-05 -0.0173792 0.0857795 -4.40601e-05 0.000321453 -1.66174e-05 -4.40601e-05 0.00946371 -0.0172791 -4.73504e-05 0.000321453 -0.0172791 0.0851986 
0.00944469 -0.0174382 -1.24454e-05 -3.6058e-05 -0.0174382 0.0861428 -3.15292e-05 0.000292066 -1.24454e-05 -3.15292e-05 0.00950864 -0.0173527 -3.6058e-05 0.000292066 -0.0173527 0.0855168 
0.00941452 -0.0173803 -1.71698e-05 -3.82943e-05 -0.0173803 0.0859967 -2.95093e-05 0.000272783 -1.71698e-05 -2.95093e-05 0.00951709 -0.0173533 -3.82943e-05 0.000272783 -0.0173533 0.0854755 
0.00940519 -0.017345 -2.41671e-05 -3.00039e-05 -0.017345 0.0858948 -1.99591e-05 0.000249668 -2.41671e-05 -1.99591e-05 0.00950754 -0.0173799 -3.00039e-05 0.000249668 -0.0173799 0.085546 
0.00937909 -0.0172713 -3.56405e-05 -1.36587e-05 -0.0172713 0.0855304 -8.14577e-06 0.00020863 -3.56405e-05 -8.14577e-06 0.00946022 -0.017307 -1.36587e-05 0.00020863 -0.017307 0.0852609 
0.00934328 -0.0172299 -2.62058e-05 1.17185e-06 -0.0172299 0.0852775 -3.39378e-07 0.000174787 -2.62058e-05 -3.39378e-07 0.00944121 -0.0172389 1.17185e-06 0.000174787 -0.0172389 0.0849884 
0.00929434 -0.0171573 -2.17236e-05 -5.14064e-06 -0.0171573 0.0849557 -1.16476e-05 0.000169093 -2.17236e-05 -1.16476e-05 0.0094316 -0.0171879 -5.14064e-06 0.000169093 -0.0171879 0.0846852 
0.00928959 -0.0171597 -8.27192e-06 -1.55704e-05 -0.0171597 0.0850185 -2.13145e-05 0.000193286 -8.27192e-06 -2.13145e-05 0.00945147 -0.0172385 -1.55704e-05 0.000193286 -0.0172385 0.0848367 
0.00927027 -0.017109 3.26298e-06 -3.7788e-05 -0.017109 0.0848068 -4.00647e-05 0.000239792 3.26298e-06 -4.00647e-05 0.00942035 -0.0172132 -3.7788e-05 0.000239792 -0.0172132 0.0847043 
0.00926032 -0.0170895 1.4117e-05 -5.01167e-05 -0.0170895 0.0846981 -5.37103e-05 0.000281124 1.4117e-05 -5.37103e-05 0.00940495 -0.0171829 -5.01167e-05 0.000281124 -0.0171829 0.0846152 
0.00925159 -0.0170601 6.7638e-06 -5.76312e-05 -0.0170601 0.0845442 -6.45751e-05 0.000306436 6.7638e-06 -6.45751e-05 0.00938414 -0.0171413 -5.76312e-05 0.000306436 -0.0171413 0.0844352 
0.0092513 -0.0170549 -2.94785e-05 -5.22055e-05 -0.0170549 0.0844907 -5.81765e-05 0.000309059 -2.94785e-05 -5.81765e-05 0.00936393 -0.0171272 -5.22055e-05 0.000309059 -0.0171272 0.0843616 
0.00924458 -0.0170778 -6.50639e-05 -7.3834e-06 -0.0170778 0.0845697 -9.46454e-06 0.00023151 -6.50639e-05 -9.46454e-06 0.00937719 -0.0171183 -7.3834e-06 0.00023151 -0.0171183 0.0843736 
0.00924823 -0.0171041 -6.48323e-05 3.90495e-05 -0.0171041 0.0847678 4.00026e-05 0.000112089 -6.48323e-05 4.00026e-05 0.00941298 -0.0171727 3.90495e-05 0.000112089 -0.0171727 0.0845869 
0.00925677 -0.017085 -6.47318e-05 4.4082e-05 -0.017085 0.0847534 4.52164e-05 4.61846e-05 -6.47318e-05 4.52164e-05 0.00940913 -0.0172009 4.4082e-05 4.61846e-05 -0.0172009 0.0846753 
0.00928507 -0.0171084 -4.54821e-05 4.4481e-05 -0.0171084 0.0848399 4.38601e-05 2.73291e-05 -4.54821e-05 4.38601e-05 0.00939803 -0.0172195 4.4481e-05 2.73291e-05 -0.0172195 0.0848172 
0.00932322 -0.0171494 -2.60881e-05 2.17785e-05 -0.0171494 0.0849714 1.93233e-05 5.79418e-05 -2.60881e-05 1.93233e-05 0.00937543 -0.0172113 2.17785e-05 5.79418e-05 -0.0172113 0.084887 
0.00932488 -0.0171764 -6.25696e-06 -9.64236e-06 -0.0171764 0.0850018 -1.13782e-05 0.000132901 -6.25696e-06 -1.13782e-05 0.00936038 -0.0171538 -9.64236e-06 0.000132901 -0.0171538 0.0847414 
0.0092784 -0.0171157 3.14213e-07 -4.12899e-05 -0.0171157 0.0847115 -4.2342e-05 0.000221874 3.14213e-07 -4.2342e-05 0.00933835 -0.0170698 -4.12899e-05 0.000221874 -0.0170698 0.0843297 
0.0100068 -0.0185299 1.04705e-05 -6.06902e-05 -0.0185299 0.0917642 -5.79565e-05 0.000309993 1.04705e-05 -5.79565e-05 0.0101711 -0.0185085 -6.06902e-05 0.000309993 -0.0185085 0.0913462 
0.00919053 -0.0170317 1.18896e-05 -6.58523e-05 -0.0170317 0.08451 -5.62149e-05 0.000312487 1.18896e-05 -5.62149e-05 0.00941588 -0.0171276 -6.58523e-05 0.000312487 -0.0171276 0.0843171 
0.00921572 -0.0170171 4.55972e-08 -6.01369e-05 -0.0170171 0.084556 -5.04504e-05 0.000302778 4.55972e-08 -5.04504e-05 0.00942933 -0.0172233 -6.01369e-05 0.000302778 -0.0172233 0.0846553 
0.00923632 -0.0170339 -4.03107e-06 -3.90484e-05 -0.0170339 0.0845686 -3.40493e-05 0.000261669 -4.03107e-06 -3.40493e-05 0.00941809 -0.0172325 -3.90484e-05 0.000261669 -0.0172325 0.0847879 
0.00922119 -0.0170006 -2.47294e-05 -2.83722e-05 -0.0170006 0.0843295 -2.87609e-05 0.000223301 -2.47294e-05 -2.87609e-05 0.00938178 -0.0171533 -2.83722e-05 0.000223301 -0.0171533 0.084499 
0.00998541 -0.018406 -1.79229e-05 -2.17487e-06 -0.018406 0.0912483 -6.01448e-06 0.000185283 -1.79229e-05 -6.01448e-06 0.010141 -0.0185382 -2.17487e-06 0.000185283 -0.0185382 0.0913388 
0.0099741 -0.0184102 -1.79738e-05 -1.17249e-05 -0.0184102 0.0912266 -1.78559e-05 0.000174732 -1.79738e-05 -1.78559e-05 0.0101333 -0.0185179 -1.17249e-05 0.000174732 -0.0185179 0.0912438 
0.00996989 -0.0183832 -1.81144e-05 -1.61987e-05 -0.0183832 0.0911167 -2.16174e-05 0.000189577 -1.81144e-05 -2.16174e-05 0.0100956 -0.0184884 -1.61987e-05 0.000189577 -0.0184884 0.0910938 
0.00998569 -0.0183838 -1.18703e-05 -2.18458e-05 -0.0183838 0.0910894 -2.47421e-05 0.000207937 -1.18703e-05 -2.47421e-05 0.0100741 -0.0184573 -2.18458e-05 0.000207937 -0.0184573 0.0910175 
0.00996734 -0.0183709 -2.8544e-05 -2.69195e-05 -0.0183709 0.0909436 -2.78493e-05 0.000217081 -2.8544e-05 -2.78493e-05 0.0100527 -0.0183934 -2.69195e-05 0.000217081 -0.0183934 0.0907597 
0.00998032 -0.0184089 -3.97045e-05 -6.85711e-06 -0.0184089 0.0911361 -1.0479e-05 0.000195385 -3.97045e-05 -1.0479e-05 0.0100734 -0.0184262 -6.85711e-06 0.000195385 -0.0184262 0.0908915 
0.0100137 -0.0184603 -3.57587e-05 7.07173e-06 -0.0184603 0.0914224 2.14662e-06 0.000162402 -3.57587e-05 2.14662e-06 0.0100899 -0.0184921 7.07173e-06 0.000162402 -0.0184921 0.0911898 
0.0100249 -0.0184851 -2.9883e-05 -1.77296e-08 -0.0184851 0.091529 -1.50468e-06 0.000156961 -2.9883e-05 -1.50468e-06 0.0100881 -0.0184911 -1.77296e-08 0.000156961 -0.0184911 0.0912603 
0.00998735 -0.0184211 -1.57656e-05 -7.78194e-06 -0.0184211 0.0912082 -2.26274e-06 0.000159548 -1.57656e-05 -2.26274e-06 0.0100441 -0.0183998 -7.78194e-06 0.000159548 -0.0183998 0.0908628 
0.0100011 -0.0184199 -3.64392e-05 -2.20903e-05 -0.0184199 0.0912135 -1.52207e-05 0.000178824 -3.64392e-05 -1.52207e-05 0.0100184 -0.0183886 -2.20903e-05 0.000178824 -0.0183886 0.090815 
0.00998729 -0.0184111 -3.56807e-05 3.69936e-06 -0.0184111 0.0911238 7.28381e-06 0.000151733 -3.56807e-05 7.28381e-06 0.00999573 -0.0183375 3.69936e-06 0.000151733 -0.0183375 0.0906478 
0.00998756 -0.0184173 -3.53345e-05 6.84681e-06 -0.0184173 0.0911716 6.45668e-06 0.000127045 -3.53345e-05 6.45668e-06 0.0100005 -0.0183317 6.84681e-06 0.000127045 -0.0183317 0.0906392 
0.00996548 -0.018402 -2.07942e-05 4.14204e-06 -0.018402 0.0911177 1.89946e-06 0.000130807 -2.07942e-05 1.89946e-06 0.0100163 -0.0183244 4.14204e-06 0.000130807 -0.0183244 0.0905854 
0.00992061 -0.01832 -4.05068e-06 -1.26362e-05 -0.01832 0.0907847 -1.47135e-05 0.000156445 -4.05068e-06 -1.47135e-05 0.0100072 -0.0182947 -1.26362e-05 0.000156445 -0.0182947 0.0903457 
0.00991169 -0.0182283 -4.60506e-06 -3.46086e-05 -0.0182283 0.0903746 -3.17927e-05 0.000198593 -4.60506e-06 -3.17927e-05 0.00994489 -0.018258 -3.46086e-05 0.000198593 -0.018258 0.0900849 
0.00988672 -0.0182374 -1.80559e-06 -3.75377e-05 -0.0182374 0.0902624 -3.0263e-05 0.000219631 -1.80559e-06 -3.0263e-05 0.00993131 -0.0181994 -3.75377e-05 0.000219631 -0.0181994 0.0899324 
0.00988038 -0.0181974 -5.24112e-06 -3.58896e-05 -0.0181974 0.0901215 -3.11606e-05 0.000219338 -5.24112e-06 -3.11606e-05 0.00990009 -0.0181699 -3.58896e-05 0.000219338 -0.0181699 0.0897623 
0.00986161 -0.0181668 -2.17552e-05 -2.73945e-05 -0.0181668 0.0899246 -2.4784e-05 0.000203373 -2.17552e-05 -2.4784e-05 0.00986796 -0.0181102 -2.73945e-05 0.000203373 -0.0181102 0.0895233 
0.00985694 -0.018212 -4.05981e-05 -6.87486e-06 -0.018212 0.0901335 -5.93208e-06 0.000165719 -4.05981e-05 -5.93208e-06 0.00990988 -0.018136 -6.87486e-06 0.000165719 -0.018136 0.089675 
0.00984292 -0.0182189 -5.23556e-05 1.0966e-05 -0.0182189 0.090274 1.00683e-05 0.000128765 -5.23556e-05 1.00683e-05 0.00996301 -0.0181968 1.0966e-05 0.000128765 -0.0181968 0.0898726 
0.00981894 -0.0181658 -6.61575e-05 2.41842e-05 -0.0181658 0.0901495 2.62051e-05 9.13601e-05 -6.61575e-05 2.62051e-05 0.00998268 -0.0182451 2.41842e-05 9.13601e-05 -0.0182451 0.0899666 
0.00983125 -0.018136 -6.05067e-05 3.94039e-05 -0.018136 0.0900557 4.62472e-05 4.94459e-05 -6.05067e-05 4.62472e-05 0.00997004 -0.0182796 3.94039e-05 4.94459e-05 -0.0182796 0.0900887 
0.00987704 -0.0181999 -4.65349e-05 2.97813e-05 -0.0181999 0.0903002 3.65375e-05 5.07041e-05 -4.65349e-05 3.65375e-05 0.00997693 -0.0183276 2.97813e-05 5.07041e-05 -0.0183276 0.0904127 
0.00989692 -0.018258 -2.45167e-05 1.15016e-05 -0.018258 0.0905122 1.36551e-05 9.29469e-05 -2.45167e-05 1.36551e-05 0.0099771 -0.0183303 1.15016e-05 9.29469e-05 -0.0183303 0.0905496 
0.00988354 -0.0182237 -9.25395e-06 -1.83521e-05 -0.0182237 0.0903558 -1.80169e-05 0.000164479 -9.25395e-06 -1.80169e-05 0.00994382 -0.0182629 -1.83521e-05 0.000164479 -0.0182629 0.0902928 
0.0098836 -0.0182106 -3.45648e-06 -3.79932e-05 -0.0182106 0.090277 -3.58792e-05 0.000225186 -3.45648e-06 -3.58792e-05 0.00992418 -0.0182258 -3.79932e-05 0.000225186 -0.0182258 0.09014 
0.00985617 -0.0181673 -1.0002e-06 -4.46095e-05 -0.0181673 0.0900348 -3.80736e-05 0.000251917 -1.0002e-06 -3.80736e-05 0.00990996 -0.018165 -4.46095e-05 0.000251917 -0.018165 0.0898514 
0.00983238 -0.0181333 4.73899e-06 -4.54831e-05 -0.0181333 0.0898723 -4.0682e-05 0.000261705 4.73899e-06 -4.0682e-05 0.00991821 -0.0181514 -4.54831e-05 0.000261705 -0.0181514 0.0897083 
0.0098015 -0.0181251 -8.0331e-06 -4.92211e-05 -0.0181251 0.0898361 -5.02656e-05 0.000273095 -8.0331e-06 -5.02656e-05 0.00995521 -0.018173 -4.92211e-05 0.000273095 -0.018173 0.0897235 
0.00980714 -0.0181326 -2.7991e-05 -2.59145e-05 -0.0181326 0.0899844 -3.09933e-05 0.000239461 -2.7991e-05 -3.09933e-05 0.00999158 -0.0182681 -2.59145e-05 0.000239461 -0.0182681 0.0900337 
0.00981527 -0.0181085 -5.24215e-05 2.70607e-06 -0.0181085 0.0899133 -1.62912e-06 0.000170029 -5.24215e-05 -1.62912e-06 0.00998105 -0.0182904 2.70607e-06 0.000170029 -0.0182904 0.0901223 
0.00986654 -0.0181297 -6.13882e-05 3.10566e-05 -0.0181297 0.0899584 2.81394e-05 9.4343e-05 -6.13882e-05 2.81394e-05 0.00994518 -0.0182922 3.10566e-05 9.4343e-05 -0.0182922 0.0902013 
0.00990769 -0.0182429 -6.69446e-05 4.3381e-05 -0.0182429 0.0903152 3.95662e-05 4.48995e-05 -6.69446e-05 3.95662e-05 0.00995318 -0.0182846 4.3381e-05 4.48995e-05 -0.0182846 0.0903548 
0.00994086 -0.0183316 -6.69107e-05 5.1735e-05 -0.0183316 0.090728 4.55411e-05 1.56625e-05 -6.69107e-05 4.55411e-05 0.00997228 -0.0183072 5.1735e-05 1.56625e-05 -0.0183072 0.0905249 
0.00992774 -0.0183234 -4.67968e-05 4.78989e-05 -0.0183234 0.0907327 3.79574e-05 2.04789e-05 -4.67968e-05 3.79574e-05 0.00997997 -0.0182816 4.78989e-05 2.04789e-05 -0.0182816 0.0904087 
0.00990188 -0.0182587 -2.5787e-05 2.23153e-05 -0.0182587 0.0904743 1.54981e-05 6.16391e-05 -2.5787e-05 1.54981e-05 0.00996716 -0.0182507 2.23153e-05 6.16391e-05 -0.0182507 0.0901734 
0.00988597 -0.0182516 -1.34568e-05 -4.04042e-06 -0.0182516 0.0904224 -9.35273e-06 0.000122399 -1.34568e-05 -9.35273e-06 0.00998075 -0.0182577 -4.04042e-06 0.000122399 -0.0182577 0.09016 
0.00988465 -0.0182689 -4.48839e-06 -2.28305e-05 -0.0182689 0.0905416 -2.71624e-05 0.000180584 -4.48839e-06 -2.71624e-05 0.0100093 -0.0183011 -2.28305e-05 0.000180584 -0.0183011 0.090318 
0.00990068 -0.0182937 -1.67284e-05 -3.61763e-05 -0.0182937 0.0907302 -3.65855e-05 0.000221593 -1.67284e-05 -3.65855e-05 0.0100391 -0.0183685 -3.61763e-05 0.000221593 -0.0183685 0.0905949 
0.00992231 -0.0183126 -4.36077e-05 -2.08149e-05 -0.0183126 0.0908512 -1.84294e-05 0.00020768 -4.36077e-05 -1.84294e-05 0.0100532 -0.018412 -2.08149e-05 0.00020768 -0.018412 0.0908029 
0.00993492 -0.0182891 -5.6786e-05 1.37983e-05 -0.0182891 0.0907085 1.89437e-05 0.000136606 -5.6786e-05 1.89437e-05 0.0100263 -0.0183834 1.37983e-05 0.000136606 -0.0183834 0.0906935 
0.00994716 -0.0183445 -4.834e-05 3.34512e-05 -0.0183445 0.0908767 3.91096e-05 6.90519e-05 -4.834e-05 3.91096e-05 0.0100488 -0.0183958 3.34512e-05 6.90519e-05 -0.0183958 0.0908086 
0.00991689 -0.018299 -4.05278e-05 2.40884e-05 -0.018299 0.0906769 2.66779e-05 6.129e-05 -4.05278e-05 2.66779e-05 0.0100302 -0.0183586 2.40884e-05 6.129e-05 -0.0183586 0.0905862 
0.00985827 -0.0181966 -3.60467e-05 1.11185e-05 -0.0181966 0.0901997 1.34593e-05 8.86973e-05 -3.60467e-05 1.34593e-05 0.0099863 -0.0182726 1.11185e-05 8.86973e-05 -0.0182726 0.0901399 
0.00985191 -0.0181888 -3.56642e-05 3.895e-06 -0.0181888 0.0901831 8.08336e-06 0.000111577 -3.56642e-05 8.08336e-06 0.00998134 -0.0182826 3.895e-06 0.000111577 -0.0182826 0.0901658 
0.00988275 -0.018228 -3.60733e-05 3.08815e-06 -0.018228 0.0903951 9.14483e-06 0.000119153 -3.60733e-05 9.14483e-06 0.00998745 -0.0183258 3.08815e-06 0.000119153 -0.0183258 0.0904074 
0.00987801 -0.0182039 -3.10688e-05 8.05713e-06 -0.0182039 0.0902467 1.11083e-05 0.000112106 -3.10688e-05 1.11083e-05 0.0099559 -0.0182699 8.05713e-06 0.000112106 -0.0182699 0.0902202 
0.0098734 -0.018226 -2.95508e-05 -1.11413e-06 -0.018226 0.0903151 -4.53883e-06 0.000135254 -2.95508e-05 -4.53883e-06 0.0099696 -0.0182608 -1.11413e-06 0.000135254 -0.0182608 0.0902181 
0.00986687 -0.0182329 -2.3333e-05 4.63492e-06 -0.0182329 0.0904013 -8.36162e-06 0.00014149 -2.3333e-05 -8.36162e-06 0.00999089 -0.0182895 4.63492e-06 0.00014149 -0.0182895 0.0903038 
0.00985724 -0.0182021 -2.32248e-05 -4.67108e-07 -0.0182021 0.0903071 -1.53007e-05 0.00014849 -2.32248e-05 -1.53007e-05 0.00998441 -0.0182865 -4.67108e-07 0.00014849 -0.0182865 0.0902551 
0.00984853 -0.0181506 -2.16361e-05 -2.64153e-06 -0.0181506 0.090049 -1.22956e-05 0.000148603 -2.16361e-05 -1.22956e-05 0.00994135 -0.0182381 -2.64153e-06 0.000148603 -0.0182381 0.0900213 
0.00988778 -0.0181856 -3.47255e-05 -7.51659e-06 -0.0181856 0.0901278 -8.06487e-06 0.000145901 -3.47255e-05 -8.06487e-06 0.00989454 -0.018215 -7.51659e-06 0.000145901 -0.018215 0.0899931 
0.00991193 -0.0182403 -3.12564e-05 6.43047e-07 -0.0182403 0.0902764 7.21385e-06 0.000132035 -3.12564e-05 7.21385e-06 0.00986787 -0.0181653 6.43047e-07 0.000132035 -0.0181653 0.0899255 
0.00988842 -0.018248 -3.10615e-05 -6.75968e-06 -0.018248 0.0902855 3.21433e-06 0.000133938 -3.10615e-05 3.21433e-06 0.00986939 -0.0181123 -6.75968e-06 0.000133938 -0.0181123 0.0897421 
0.00984338 -0.0181624 -1.13899e-05 -5.51046e-07 -0.0181624 0.0899688 8.34298e-06 0.000122512 -1.13899e-05 8.34298e-06 0.0098497 -0.018065 -5.51046e-07 0.000122512 -0.018065 0.0894241 
0.00981751 -0.0181111 -2.24136e-06 -1.8375e-05 -0.0181111 0.0897561 -1.05573e-05 0.000136024 -2.24136e-06 -1.05573e-05 0.00983977 -0.0180519 -1.8375e-05 0.000136024 -0.0180519 0.0893014 
0.00981427 -0.0181044 -1.26333e-05 -3.00331e-05 -0.0181044 0.0897304 -2.36655e-05 0.000166136 -1.26333e-05 -2.36655e-05 0.00983981 -0.0180636 -3.00331e-05 0.000166136 -0.0180636 0.0893489 
0.00979358 -0.0180788 -1.55366e-05 -1.72742e-05 -0.0180788 0.0896141 -1.65531e-05 0.000165102 -1.55366e-05 -1.65531e-05 0.00984232 -0.0180501 -1.72742e-05 0.000165102 -0.0180501 0.0892911 
0.00981559 -0.0181062 -3.33245e-05 -9.39698e-06 -0.0181062 0.0897893 -1.23882e-05 0.000147243 -3.33245e-05 -1.23882e-05 0.00985931 -0.0181096 -9.39698e-06 0.000147243 -0.0181096 0.0895413 
0.00980225 -0.0181011 -4.547e-05 1.32512e-05 -0.0181011 0.089745 9.66196e-06 0.000103718 -4.547e-05 9.66196e-06 0.00985663 -0.0180891 1.32512e-05 0.000103718 -0.0180891 0.0894952 
0.00976792 -0.0180795 -4.96923e-05 3.36552e-05 -0.0180795 0.089676 2.70698e-05 4.90414e-05 -4.96923e-05 2.70698e-05 0.0098677 -0.0180769 3.36552e-05 4.90414e-05 -0.0180769 0.0894296 
0.00971751 -0.017962 -4.92045e-05 4.65413e-05 -0.017962 0.0892151 3.51741e-05 3.52266e-06 -4.92045e-05 3.51741e-05 0.00983535 -0.0180222 4.65413e-05 3.52266e-06 -0.0180222 0.0890783 
0.00968806 -0.0178722 -2.90359e-05 4.58372e-05 -0.0178722 0.0887876 3.39052e-05 -1.28849e-05 -2.90359e-05 3.39052e-05 0.00979213 -0.0179705 4.58372e-05 -1.28849e-05 -0.0179705 0.0887854 
0.00968135 -0.0178166 -8.45212e-06 1.53784e-05 -0.0178166 0.0884465 1.06099e-05 2.60779e-05 -8.45212e-06 1.06099e-05 0.00973291 -0.0179036 1.53784e-05 2.60779e-05 -0.0179036 0.0884869 
0.00970337 -0.0178557 3.68291e-06 -1.78406e-05 -0.0178557 0.088508 -1.61827e-05 0.000100047 3.68291e-06 -1.61827e-05 0.00971682 -0.0178747 -1.78406e-05 0.000100047 -0.0178747 0.0884484 
0.00969946 -0.0178846 5.05542e-06 -3.72882e-05 -0.0178846 0.0885736 -3.06092e-05 0.000160415 5.05542e-06 -3.06092e-05 0.00972844 -0.0178471 -3.72882e-05 0.000160415 -0.0178471 0.0883613 
0.0097015 -0.0179129 -6.43848e-06 -4.28897e-05 -0.0179129 0.0887474 -3.41982e-05 0.000194171 -6.43848e-06 -3.41982e-05 0.00976618 -0.017892 -4.28897e-05 0.000194171 -0.017892 0.0884949 
0.00969652 -0.0179213 -1.97711e-05 -2.88402e-05 -0.0179213 0.0888541 -2.6436e-05 0.000193383 -1.97711e-05 -2.6436e-05 0.00979951 -0.0179516 -2.88402e-05 0.000193383 -0.0179516 0.0886874 
0.00970209 -0.0179503 -2.33895e-05 -7.75375e-06 -0.0179503 0.0890583 -1.14984e-05 0.000161504 -2.33895e-05 -1.14984e-05 0.00983835 -0.0180245 -7.75375e-06 0.000161504 -0.0180245 0.0889983 
0.00975329 -0.0180245 -2.62015e-05 -2.71323e-06 -0.0180245 0.0894923 -8.88726e-06 0.0001419 -2.62015e-05 -8.88726e-06 0.00987213 -0.018134 -2.71323e-06 0.0001419 -0.018134 0.0895231 
