0.00691571 0 9.23365e-05 0 0 0.00988238 0 0 9.23365e-05 0 0.00702794 0 0 0 0 0.00988238 
0.00946333 -0.0117464 9.21595e-05 -0.000111397 -0.0117464 0.0312718 -0.000111397 0.000213424 9.21595e-05 -0.000111397 0.0096005 -0.0119166 -0.000111397 0.000213424 -0.0119166 0.0315983 
0.00982867 -0.018305 3.23965e-05 -5.18145e-05 -0.018305 0.0675495 -5.18145e-05 0.000139488 3.23965e-05 -5.18145e-05 0.00993133 -0.0185392 -5.18145e-05 0.000139488 -0.0185392 0.068297 
0.00929373 -0.017996 1.72637e-05 0.000114778 -0.017996 0.0807936 0.000108476 -0.00059289 1.72637e-05 0.000108476 0.00936774 -0.0180799 0.000114778 -0.00059289 -0.0180799 0.0811116 
0.00893965 -0.0168053 3.06754e-05 0.00011787 -0.0168053 0.0812645 0.000110951 -0.00091052 3.06754e-05 0.000110951 0.00903765 -0.0168225 0.00011787 -0.00091052 -0.0168225 0.0811252 
0.00917679 -0.0169466 5.47699e-05 5.80218e-05 -0.0169466 0.0834876 5.71176e-05 -0.000761273 5.47699e-05 5.71176e-05 0.00929736 -0.0170094 5.80218e-05 -0.000761273 -0.0170094 0.0833273 
0.00939849 -0.017241 5.39275e-05 3.4455e-07 -0.017241 0.0851741 5.09049e-06 -0.000489955 5.39275e-05 5.09049e-06 0.00948946 -0.0173418 3.4455e-07 -0.000489955 -0.0173418 0.0851461 
0.0096112 -0.017581 5.5286e-05 -8.17687e-06 -0.017581 0.0868219 6.75128e-07 -0.00032838 5.5286e-05 6.75128e-07 0.00963442 -0.0176472 -8.17687e-06 -0.00032838 -0.0176472 0.0868152 
0.00941968 -0.0172495 7.25237e-05 4.60565e-06 -0.0172495 0.0850778 8.77624e-06 -0.000284723 7.25237e-05 8.77624e-06 0.00940701 -0.0172224 4.60565e-06 -0.000284723 -0.0172224 0.0849123 
0.00974555 -0.0178236 9.78494e-05 -5.68824e-06 -0.0178236 0.0878868 -1.04585e-05 -0.000273377 9.78494e-05 -1.04585e-05 0.00968386 -0.0177437 -5.68824e-06 -0.000273377 -0.0177437 0.087545 
0.00964684 -0.0176509 8.80915e-05 -2.50286e-05 -0.0176509 0.0869654 -3.44406e-05 -0.000236575 8.80915e-05 -3.44406e-05 0.00957387 -0.0175242 -2.50286e-05 -0.000236575 -0.0175242 0.0865036 
0.00954729 -0.0175482 5.90071e-05 -1.13733e-05 -0.0175482 0.0864222 -2.18584e-05 -0.000244048 5.90071e-05 -2.18584e-05 0.00954319 -0.0174018 -1.13733e-05 -0.000244048 -0.0174018 0.0858773 
0.00948635 -0.0174029 4.85244e-05 2.20905e-05 -0.0174029 0.0858581 1.30184e-05 -0.000305988 4.85244e-05 1.30184e-05 0.00949937 -0.0173458 2.20905e-05 -0.000305988 -0.0173458 0.0854298 
0.00949984 -0.0174041 4.25932e-05 3.47284e-05 -0.0174041 0.0858616 2.76259e-05 -0.000359926 4.25932e-05 2.76259e-05 0.00948802 -0.0173889 3.47284e-05 -0.000359926 -0.0173889 0.085595 
0.00954653 -0.0174611 4.58873e-05 3.56168e-05 -0.0174611 0.0860917 3.02271e-05 -0.000373317 4.58873e-05 3.02271e-05 0.00949175 -0.0174223 3.56168e-05 -0.000373317 -0.0174223 0.0858613 
0.0095895 -0.0175431 5.14665e-05 2.87271e-05 -0.0175431 0.0864027 2.22075e-05 -0.000360441 5.14665e-05 2.22075e-05 0.0095103 -0.0174444 2.87271e-05 -0.000360441 -0.0174444 0.0860739 
0.00960718 -0.0176038 4.62332e-05 2.64744e-05 -0.0176038 0.0866635 1.78672e-05 -0.000350538 4.62332e-05 1.78672e-05 0.00953401 -0.0174715 2.64744e-05 -0.000350538 -0.0174715 0.0862306 
0.00960248 -0.0176075 4.88441e-05 3.29165e-05 -0.0176075 0.0867146 2.65772e-05 -0.00035902 4.88441e-05 2.65772e-05 0.00953945 -0.0174759 3.29165e-05 -0.00035902 -0.0174759 0.0862371 
0.00959433 -0.0176408 2.67938e-05 3.08856e-05 -0.0176408 0.08691 2.70766e-05 -0.000366071 2.67938e-05 2.70766e-05 0.00958667 -0.0175144 3.08856e-05 -0.000366071 -0.0175144 0.0864212 
0.00957596 -0.0176053 9.97356e-06 5.4871e-05 -0.0176053 0.0868641 5.15616e-05 -0.00040222 9.97356e-06 5.15616e-05 0.00961221 -0.0175505 5.4871e-05 -0.00040222 -0.0175505 0.0864866 
0.00956998 -0.0175645 7.85024e-06 7.40916e-05 -0.0175645 0.0867278 6.83597e-05 -0.000446984 7.85024e-06 6.83597e-05 0.009617 -0.0175708 7.40916e-05 -0.000446984 -0.0175708 0.0865104 
0.00957844 -0.0175633 1.44979e-05 7.58059e-05 -0.0175633 0.0867011 6.77729e-05 -0.000462877 1.44979e-05 6.77729e-05 0.00962609 -0.0175946 7.58059e-05 -0.000462877 -0.0175946 0.0866054 
0.00959716 -0.0175847 4.87321e-05 6.93516e-05 -0.0175847 0.0867677 6.22439e-05 -0.00046053 4.87321e-05 6.22439e-05 0.00962661 -0.0176182 6.93516e-05 -0.00046053 -0.0176182 0.0867187 
0.00956981 -0.0175594 6.45253e-05 2.56317e-05 -0.0175594 0.086598 2.38563e-05 -0.000394131 6.45253e-05 2.38563e-05 0.00962389 -0.0175728 2.56317e-05 -0.000394131 -0.0175728 0.0865362 
0.00955593 -0.017568 6.28386e-05 2.22727e-06 -0.017568 0.0866782 7.0981e-06 -0.000329695 6.28386e-05 7.0981e-06 0.00965294 -0.0176162 2.22727e-06 -0.000329695 -0.0176162 0.0866658 
0.0095696 -0.0175957 8.32464e-05 1.07737e-05 -0.0175957 0.0868982 1.41372e-05 -0.000326789 8.32464e-05 1.41372e-05 0.00968657 -0.0176915 1.07737e-05 -0.000326789 -0.0176915 0.0869826 
0.00957689 -0.0175719 9.91064e-05 -8.35542e-06 -0.0175719 0.0868344 -8.96031e-06 -0.000303909 9.91064e-05 -8.96031e-06 0.00968454 -0.0177026 -8.35542e-06 -0.000303909 -0.0177026 0.0870324 
0.009607 -0.0175841 9.73235e-05 -2.92165e-05 -0.0175841 0.0868384 -3.11533e-05 -0.000255551 9.73235e-05 -3.11533e-05 0.00965775 -0.017702 -2.92165e-05 -0.000255551 -0.017702 0.08706 
0.00961179 -0.0175816 8.30381e-05 -2.78904e-05 -0.0175816 0.0867107 -3.18647e-05 -0.000231794 8.30381e-05 -3.18647e-05 0.00960975 -0.0176314 -2.78904e-05 -0.000231794 -0.0176314 0.0868333 
0.00962207 -0.0176176 6.93334e-05 -9.83831e-06 -0.0176176 0.0867914 -1.34924e-05 -0.000255603 6.93334e-05 -1.34924e-05 0.00959336 -0.0175825 -9.83831e-06 -0.000255603 -0.0175825 0.0867055 
0.0096168 -0.0175813 7.24703e-05 8.32947e-06 -0.0175813 0.086604 2.25073e-06 -0.000295243 7.24703e-05 2.25073e-06 0.00953957 -0.0175118 8.32947e-06 -0.000295243 -0.0175118 0.0863726 
0.00958882 -0.0175714 7.23686e-05 3.96279e-06 -0.0175714 0.086489 -3.95693e-06 -0.000301404 7.23686e-05 -3.95693e-06 0.00952596 -0.0174481 3.96279e-06 -0.000301404 -0.0174481 0.0861298 
0.00956849 -0.0175662 6.66769e-05 -7.43429e-08 -0.0175662 0.0865291 -3.07243e-06 -0.000295038 6.66769e-05 -3.07243e-06 0.0095558 -0.017469 -7.43429e-08 -0.000295038 -0.017469 0.0861698 
0.00957745 -0.0175527 7.1257e-05 3.9449e-06 -0.0175527 0.086556 8.25964e-06 -0.000304442 7.1257e-05 8.25964e-06 0.00957039 -0.0175196 3.9449e-06 -0.000304442 -0.0175196 0.0863166 
0.00959688 -0.0175686 6.53905e-05 -4.71549e-07 -0.0175686 0.0866229 6.95939e-06 -0.000308964 6.53905e-05 6.95939e-06 0.00955363 -0.017556 -4.71549e-07 -0.000308964 -0.017556 0.0864925 
0.00961375 -0.0175939 7.11426e-05 7.01235e-06 -0.0175939 0.0867013 1.36653e-05 -0.000319193 7.11426e-05 1.36653e-05 0.00954438 -0.017534 7.01235e-06 -0.000319193 -0.017534 0.0865331 
0.00961902 -0.0176038 7.01455e-05 8.20316e-06 -0.0176038 0.0867171 1.15427e-05 -0.000332752 7.01455e-05 1.15427e-05 0.00954346 -0.017505 8.20316e-06 -0.000332752 -0.017505 0.0864505 
0.00963479 -0.0176507 6.45377e-05 1.68557e-05 -0.0176507 0.0869436 1.45634e-05 -0.000353325 6.45377e-05 1.45634e-05 0.00958134 -0.0175514 1.68557e-05 -0.000353325 -0.0175514 0.0866428 
0.00966982 -0.0177441 7.74154e-05 2.57499e-05 -0.0177441 0.0874416 1.75889e-05 -0.000373234 7.74154e-05 1.75889e-05 0.00966247 -0.0176725 2.57499e-05 -0.000373234 -0.0176725 0.0871773 
0.00968362 -0.017784 7.36374e-05 8.02193e-06 -0.017784 0.0877236 -4.09154e-07 -0.000353399 7.36374e-05 -4.09154e-07 0.00972393 -0.0177708 8.02193e-06 -0.000353399 -0.0177708 0.0875735 
0.00966356 -0.0177321 6.03998e-05 4.17258e-06 -0.0177321 0.08755 -2.06509e-06 -0.000325526 6.03998e-05 -2.06509e-06 0.00972321 -0.017782 4.17258e-06 -0.000325526 -0.017782 0.0875575 
0.00967111 -0.0177 7.04002e-05 1.91452e-05 -0.0177 0.087401 1.63978e-05 -0.000342219 7.04002e-05 1.63978e-05 0.0097014 -0.0177738 1.91452e-05 -0.000342219 -0.0177738 0.0875119 
0.00965219 -0.0176475 8.11668e-05 8.75515e-06 -0.0176475 0.0870548 6.15817e-06 -0.000338278 8.11668e-05 6.15817e-06 0.00966028 -0.0176912 8.75515e-06 -0.000338278 -0.0176912 0.0871635 
0.00963839 -0.0176085 5.93655e-05 -6.32557e-06 -0.0176085 0.0867876 -1.0796e-05 -0.000303975 5.93655e-05 -1.0796e-05 0.00961562 -0.0176244 -6.32557e-06 -0.000303975 -0.0176244 0.0868379 
0.00959677 -0.0175499 2.74985e-05 2.42461e-05 -0.0175499 0.0864182 1.87865e-05 -0.000337972 2.74985e-05 1.87865e-05 0.00956675 -0.0175202 2.42461e-05 -0.000337972 -0.0175202 0.0863655 
0.00957081 -0.0175283 1.12584e-05 6.80566e-05 -0.0175283 0.0862971 6.4635e-05 -0.000438132 1.12584e-05 6.4635e-05 0.00954497 -0.0174821 6.80566e-05 -0.000438132 -0.0174821 0.0861668 
0.00950956 -0.0174914 1.39612e-05 8.50308e-05 -0.0174914 0.0861441 8.60316e-05 -0.000512127 1.39612e-05 8.60316e-05 0.00955381 -0.0174398 8.50308e-05 -0.000512127 -0.0174398 0.0859647 
0.00950907 -0.0174229 4.32145e-05 7.22614e-05 -0.0174229 0.085995 7.92295e-05 -0.000514933 4.32145e-05 7.92295e-05 0.00952906 -0.0174662 7.22614e-05 -0.000514933 -0.0174662 0.085954 
0.00954856 -0.0174531 7.60338e-05 2.88012e-05 -0.0174531 0.0860776 3.70515e-05 -0.000434283 7.60338e-05 3.70515e-05 0.00950999 -0.0174741 2.88012e-05 -0.000434283 -0.0174741 0.0860896 
0.00957651 -0.0175196 9.21333e-05 -1.54242e-05 -0.0175196 0.0862873 -1.46004e-05 -0.000308959 9.21333e-05 -1.46004e-05 0.00950094 -0.0174627 -1.54242e-05 -0.000308959 -0.0174627 0.0861713 
0.00958641 -0.0175655 8.7236e-05 -3.23287e-05 -0.0175655 0.0864905 -3.88487e-05 -0.000222528 8.7236e-05 -3.88487e-05 0.00950649 -0.0174545 -3.23287e-05 -0.000222528 -0.0174545 0.086215 
0.00955044 -0.0175121 8.62319e-05 -2.5592e-05 -0.0175121 0.0862824 -3.51625e-05 -0.000195999 8.62319e-05 -3.51625e-05 0.00948537 -0.0173977 -2.5592e-05 -0.000195999 -0.0173977 0.0859395 
0.00953457 -0.0174679 7.58856e-05 -1.85889e-05 -0.0174679 0.0861213 -2.73117e-05 -0.000209756 7.58856e-05 -2.73117e-05 0.00946179 -0.0173795 -1.85889e-05 -0.000209756 -0.0173795 0.0858113 
0.0095432 -0.0174967 9.41278e-05 -7.58309e-06 -0.0174967 0.0862561 -1.37631e-05 -0.000236335 9.41278e-05 -1.37631e-05 0.00947924 -0.0174005 -7.58309e-06 -0.000236335 -0.0174005 0.0859589 
0.00950496 -0.0174811 0.000112909 -2.98632e-05 -0.0174811 0.0862073 -3.24109e-05 -0.000219204 0.000112909 -3.24109e-05 0.00950782 -0.0173932 -2.98632e-05 -0.000219204 -0.0173932 0.0859229 
0.00946417 -0.017417 0.000110993 -5.55524e-05 -0.017417 0.0860372 -5.40161e-05 -0.000168501 0.000110993 -5.40161e-05 0.00953374 -0.0174189 -5.55524e-05 -0.000168501 -0.0174189 0.0859066 
0.00945028 -0.0173644 0.000107389 -5.94799e-05 -0.0173644 0.0858736 -5.30395e-05 -0.000138925 0.000107389 -5.30395e-05 0.00953053 -0.0174569 -5.94799e-05 -0.000138925 -0.0174569 0.0859767 
0.00941703 -0.0172906 9.03696e-05 -5.60387e-05 -0.0172906 0.0855053 -4.62046e-05 -0.000136732 9.03696e-05 -4.62046e-05 0.0094978 -0.0174046 -5.60387e-05 -0.000136732 -0.0174046 0.085753 
0.00939543 -0.0172499 7.88222e-05 -3.79444e-05 -0.0172499 0.0852788 -2.74447e-05 -0.000164105 7.88222e-05 -2.74447e-05 0.00947303 -0.017359 -3.79444e-05 -0.000164105 -0.017359 0.0855568 
0.00939969 -0.017263 7.41282e-05 -1.94788e-05 -0.017263 0.0853308 -1.48681e-05 -0.000203531 7.41282e-05 -1.48681e-05 0.00948268 -0.0173666 -1.94788e-05 -0.000203531 -0.0173666 0.0856052 
0.00943104 -0.0173078 7.00417e-05 -1.39111e-05 -0.0173078 0.0855535 -1.46818e-05 -0.000220559 7.00417e-05 -1.46818e-05 0.00949802 -0.0174133 -1.39111e-05 -0.000220559 -0.0174133 0.0858202 
0.0094295 -0.0173 6.28468e-05 -7.25502e-06 -0.0173 0.0854874 -1.24221e-05 -0.000230064 6.28468e-05 -1.24221e-05 0.00948149 -0.0173865 -7.25502e-06 -0.000230064 -0.0173865 0.0857222 
0.00942507 -0.0173094 7.36348e-05 4.26451e-06 -0.0173094 0.0855123 -5.93503e-06 -0.000246028 7.36348e-05 -5.93503e-06 0.00947417 -0.0173771 4.26451e-06 -0.000246028 -0.0173771 0.0856997 
0.0093789 -0.0172263 7.75898e-05 -5.35582e-06 -0.0172263 0.0851341 -1.75856e-05 -0.000238885 7.75898e-05 -1.75856e-05 0.00944531 -0.0172931 -5.35582e-06 -0.000238885 -0.0172931 0.0853041 
0.00938758 -0.0172118 7.51997e-05 -1.19907e-05 -0.0172118 0.085089 -2.1223e-05 -0.000225318 7.51997e-05 -2.1223e-05 0.00943751 -0.017313 -1.19907e-05 -0.000225318 -0.017313 0.0853284 
0.00941597 -0.0172339 7.83355e-05 -1.18793e-05 -0.0172339 0.0851333 -2.09246e-05 -0.000217859 7.83355e-05 -2.09246e-05 0.00942736 -0.0173114 -1.18793e-05 -0.000217859 -0.0173114 0.0853684 
0.00945414 -0.0173151 7.46061e-05 -1.23377e-05 -0.0173151 0.0854312 -2.41307e-05 -0.000217234 7.46061e-05 -2.41307e-05 0.00944399 -0.0173418 -1.23377e-05 -0.000217234 -0.0173418 0.0855754 
0.00949685 -0.0174162 6.93406e-05 -7.0726e-06 -0.0174162 0.085896 -1.57971e-05 -0.000230005 6.93406e-05 -1.57971e-05 0.00949421 -0.0174073 -7.0726e-06 -0.000230005 -0.0174073 0.085929 
0.00951597 -0.0174464 5.88626e-05 -4.26867e-06 -0.0174464 0.0860722 -6.28994e-06 -0.000245204 5.88626e-05 -6.28994e-06 0.00951096 -0.0174418 -4.26867e-06 -0.000245204 -0.0174418 0.0860625 
0.009512 -0.0174738 5.61557e-05 4.23911e-06 -0.0174738 0.0862105 5.95921e-06 -0.000265748 5.61557e-05 5.95921e-06 0.00953812 -0.0174702 4.23911e-06 -0.000265748 -0.0174702 0.0861988 
0.0094611 -0.0173892 5.31099e-05 7.50686e-06 -0.0173892 0.0858726 9.78143e-06 -0.00027991 5.31099e-05 9.78143e-06 0.00950426 -0.0174207 7.50686e-06 -0.00027991 -0.0174207 0.08591 
0.00942075 -0.0172981 6.16304e-05 1.35484e-05 -0.0172981 0.0854928 1.30671e-05 -0.000291634 6.16304e-05 1.30671e-05 0.00945592 -0.0173642 1.35484e-05 -0.000291634 -0.0173642 0.085631 
0.00941921 -0.0172478 5.84551e-05 5.96197e-06 -0.0172478 0.0852477 3.88985e-06 -0.000285475 5.84551e-05 3.88985e-06 0.00940852 -0.0173102 5.96197e-06 -0.000285475 -0.0173102 0.085432 
0.00940583 -0.0172257 5.66616e-05 5.36931e-06 -0.0172257 0.0850418 3.52837e-06 -0.00027325 5.66616e-05 3.52837e-06 0.00937062 -0.0172343 5.36931e-06 -0.00027325 -0.0172343 0.0851627 
0.0094199 -0.0172497 4.36802e-05 6.23078e-06 -0.0172497 0.0851218 6.8598e-06 -0.000272693 4.36802e-05 6.8598e-06 0.00935904 -0.017225 6.23078e-06 -0.000272693 -0.017225 0.0851508 
0.0094226 -0.017285 5.34746e-05 2.2198e-05 -0.017285 0.0852639 2.14145e-05 -0.000295024 5.34746e-05 2.14145e-05 0.00937353 -0.017221 2.2198e-05 -0.000295024 -0.017221 0.0851874 
0.00939386 -0.0172223 6.29021e-05 1.17381e-05 -0.0172223 0.0850098 9.13207e-06 -0.000289032 6.29021e-05 9.13207e-06 0.0093492 -0.0171747 1.17381e-05 -0.000289032 -0.0171747 0.0849174 
0.00937698 -0.0171703 7.65473e-05 -3.3243e-06 -0.0171703 0.0847531 -1.55052e-06 -0.000258547 7.65473e-05 -1.55052e-06 0.00932036 -0.0171313 -3.3243e-06 -0.000258547 -0.0171313 0.0846825 
0.00933274 -0.0171298 9.09826e-05 -2.56539e-05 -0.0171298 0.084496 -2.01469e-05 -0.000209078 9.09826e-05 -2.01469e-05 0.00930963 -0.0170693 -2.56539e-05 -0.000209078 -0.0170693 0.0843924 
0.00934296 -0.0171306 8.45638e-05 -4.6049e-05 -0.0171306 0.0845695 -4.19423e-05 -0.000151901 8.45638e-05 -4.19423e-05 0.00930339 -0.0171137 -4.6049e-05 -0.000151901 -0.0171137 0.084515 
0.00933555 -0.0171538 6.74025e-05 -3.5321e-05 -0.0171538 0.0846647 -3.60316e-05 -0.000139863 6.74025e-05 -3.60316e-05 0.00932571 -0.0171155 -3.5321e-05 -0.000139863 -0.0171155 0.0846063 
0.00930264 -0.0170886 6.06084e-05 -9.77392e-06 -0.0170886 0.0844187 -1.1776e-05 -0.000183447 6.06084e-05 -1.1776e-05 0.00932874 -0.0170846 -9.77392e-06 -0.000183447 -0.0170846 0.0843975 
0.00929932 -0.0170887 7.72315e-05 -2.36669e-06 -0.0170887 0.0844501 -2.37259e-06 -0.00021929 7.72315e-05 -2.37259e-06 0.00935234 -0.0171375 -2.36669e-06 -0.00021929 -0.0171375 0.0845446 
0.00930623 -0.0171019 7.91346e-05 -2.17248e-05 -0.0171019 0.0845494 -2.0336e-05 -0.000206155 7.91346e-05 -2.0336e-05 0.00936394 -0.0171903 -2.17248e-05 -0.000206155 -0.0171903 0.0847654 
0.00930171 -0.0171156 6.15176e-05 -2.8125e-05 -0.0171156 0.0846401 -2.66791e-05 -0.000178391 6.15176e-05 -2.66791e-05 0.00937855 -0.0172136 -2.8125e-05 -0.000178391 -0.0172136 0.084926 
0.00928225 -0.0170487 6.03382e-05 -9.62547e-06 -0.0170487 0.084384 -6.82817e-06 -0.000194126 6.03382e-05 -6.82817e-06 0.00935723 -0.0171764 -9.62547e-06 -0.000194126 -0.0171764 0.084748 
0.00967546 -0.0177429 7.01345e-05 -1.55665e-05 -0.0177429 0.0877837 -1.04086e-05 -0.000200437 7.01345e-05 -1.04086e-05 0.00973343 -0.0178726 -1.55665e-05 -0.000200437 -0.0178726 0.0881962 
0.00967056 -0.0177565 7.17701e-05 -2.62626e-05 -0.0177565 0.0877634 -1.74691e-05 -0.000180675 7.17701e-05 -1.74691e-05 0.00973928 -0.0178508 -2.62626e-05 -0.000180675 -0.0178508 0.0881128 
0.0096807 -0.0177797 7.42116e-05 -3.16005e-05 -0.0177797 0.0878748 -2.14385e-05 -0.000159978 7.42116e-05 -2.14385e-05 0.00975311 -0.017872 -3.16005e-05 -0.000159978 -0.017872 0.0881643 
0.00931447 -0.017071 5.16591e-05 -2.76049e-05 -0.017071 0.0843728 -2.19717e-05 -0.000150321 5.16591e-05 -2.19717e-05 0.00933854 -0.0171618 -2.76049e-05 -0.000150321 -0.0171618 0.0846263 
0.00934879 -0.0171097 4.72731e-05 8.62353e-08 -0.0171097 0.0844673 -7.89254e-07 -0.000189051 4.72731e-05 -7.89254e-07 0.00930858 -0.0171353 8.62353e-08 -0.000189051 -0.0171353 0.0845997 
0.00973466 -0.0178502 4.12019e-05 1.0651e-05 -0.0178502 0.0880135 6.0726e-06 -0.000236457 4.12019e-05 6.0726e-06 0.00968046 -0.017785 1.0651e-05 -0.000236457 -0.017785 0.0879295 
0.00933611 -0.0171674 4.44258e-05 2.35555e-05 -0.0171674 0.0846673 1.79337e-05 -0.000264259 4.44258e-05 1.79337e-05 0.00931143 -0.0170861 2.35555e-05 -0.000264259 -0.0170861 0.0844553 
0.0093521 -0.0171916 6.15466e-05 1.80702e-05 -0.0171916 0.0848951 9.33868e-06 -0.000269591 6.15466e-05 9.33868e-06 0.00934539 -0.0171424 1.80702e-05 -0.000269591 -0.0171424 0.0846887 
0.00936639 -0.0171848 7.49415e-05 -4.96837e-06 -0.0171848 0.0849056 -1.42455e-05 -0.000230057 7.49415e-05 -1.42455e-05 0.00933924 -0.0171655 -4.96837e-06 -0.000230057 -0.0171655 0.084769 
0.00935618 -0.0171717 7.72167e-05 -2.10662e-05 -0.0171717 0.0847976 -2.69809e-05 -0.000188952 7.72167e-05 -2.69809e-05 0.00933483 -0.0171348 -2.10662e-05 -0.000188952 -0.0171348 0.0846746 
0.00931731 -0.0171348 6.90831e-05 -2.28461e-05 -0.0171348 0.0846019 -2.3933e-05 -0.000177719 6.90831e-05 -2.3933e-05 0.0093384 -0.0170937 -2.28461e-05 -0.000177719 -0.0170937 0.084456 
0.00968631 -0.0178148 6.46586e-05 -2.00956e-05 -0.0178148 0.0880345 -1.71747e-05 -0.000188224 6.46586e-05 -1.71747e-05 0.00974486 -0.0178274 -2.00956e-05 -0.000188224 -0.0178274 0.0879598 
0.00966067 -0.017791 5.41898e-05 -1.29777e-05 -0.017791 0.0879598 -1.00249e-05 -0.000200026 5.41898e-05 -1.00249e-05 0.0097577 -0.0178581 -1.29777e-05 -0.000200026 -0.0178581 0.0880269 
0.00963186 -0.0177135 4.44543e-05 -2.56326e-06 -0.0177135 0.0876577 2.58684e-06 -0.000219391 4.44543e-05 2.58684e-06 0.0097243 -0.0178369 -2.56326e-06 -0.000219391 -0.0178369 0.0878836 
0.00963073 -0.0176565 3.12849e-05 6.59859e-06 -0.0176565 0.0873729 1.69034e-05 -0.000245753 3.12849e-05 1.69034e-05 0.0096625 -0.0177858 6.59859e-06 -0.000245753 -0.0177858 0.0876906 
0.00964518 -0.0176665 2.61874e-05 1.94945e-05 -0.0176665 0.0873006 3.01191e-05 -0.000271801 2.61874e-05 3.01191e-05 0.00961037 -0.0177191 1.94945e-05 -0.000271801 -0.0177191 0.0875267 
0.00964154 -0.0176917 3.93831e-05 3.15314e-05 -0.0176917 0.0873214 3.7313e-05 -0.000301322 3.93831e-05 3.7313e-05 0.00958516 -0.017647 3.15314e-05 -0.000301322 -0.017647 0.0873243 
0.00964547 -0.0177035 3.7407e-05 2.19764e-05 -0.0177035 0.0874052 1.94563e-05 -0.000294448 3.7407e-05 1.94563e-05 0.00959133 -0.0176338 2.19764e-05 -0.000294448 -0.0176338 0.0872745 
0.00961901 -0.0177015 4.86193e-05 2.67892e-05 -0.0177015 0.0874077 1.68045e-05 -0.000286631 4.86193e-05 1.68045e-05 0.00962111 -0.0176329 2.67892e-05 -0.000286631 -0.0176329 0.0872331 
0.00962646 -0.017676 6.53012e-05 1.34016e-05 -0.017676 0.0874013 6.50772e-07 -0.00026215 6.53012e-05 6.50772e-07 0.00962953 -0.0176872 1.34016e-05 -0.00026215 -0.0176872 0.0873526 
0.00965745 -0.0176994 6.74857e-05 -9.7815e-06 -0.0176994 0.0874809 -2.05206e-05 -0.000213416 6.74857e-05 -2.05206e-05 0.0096118 -0.0177168 -9.7815e-06 -0.000213416 -0.0177168 0.0875183 
0.00966866 -0.0176872 5.46922e-05 -1.8427e-05 -0.0176872 0.0873277 -2.19631e-05 -0.000179145 5.46922e-05 -2.19631e-05 0.00954848 -0.0176372 -1.8427e-05 -0.000179145 -0.0176372 0.0872767 
0.00968636 -0.0177434 4.90774e-05 -1.19117e-05 -0.0177434 0.0874877 -1.02811e-05 -0.000173561 4.90774e-05 -1.02811e-05 0.00953053 -0.0175937 -1.19117e-05 -0.000173561 -0.0175937 0.0872204 
0.00970051 -0.0178025 3.52611e-05 -6.33415e-06 -0.0178025 0.0877702 -5.81444e-06 -0.00017949 3.52611e-05 -5.81444e-06 0.00955474 -0.0175983 -6.33415e-06 -0.00017949 -0.0175983 0.0873065 
0.00970858 -0.0178014 2.5775e-05 1.46133e-05 -0.0178014 0.0878247 1.14512e-05 -0.000212025 2.5775e-05 1.14512e-05 0.00956239 -0.017604 1.46133e-05 -0.000212025 -0.017604 0.087289 
0.00971217 -0.0178378 4.15903e-05 3.18412e-05 -0.0178378 0.0879918 2.81063e-05 -0.000261547 4.15903e-05 2.81063e-05 0.00958613 -0.017639 3.18412e-05 -0.000261547 -0.017639 0.0874363 
0.00969706 -0.017829 5.65141e-05 1.39023e-05 -0.017829 0.0880222 1.37346e-05 -0.000259486 5.65141e-05 1.37346e-05 0.00960905 -0.0176634 1.39023e-05 -0.000259486 -0.0176634 0.0875191 
0.00969505 -0.0178225 5.74874e-05 -1.03192e-05 -0.0178225 0.0880732 -3.24881e-06 -0.000218217 5.74874e-05 -3.24881e-06 0.00963889 -0.0177091 -1.03192e-05 -0.000218217 -0.0177091 0.087687 
0.00961568 -0.0177158 2.61896e-05 -1.54103e-05 -0.0177158 0.0875885 -8.13182e-07 -0.000196796 2.61896e-05 -8.13182e-07 0.00964078 -0.0176482 -1.54103e-05 -0.000196796 -0.0176482 0.0873338 
0.00954527 -0.017587 2.16834e-05 2.17259e-05 -0.017587 0.0870622 3.6982e-05 -0.000247245 2.16834e-05 3.6982e-05 0.0096492 -0.0176192 2.17259e-05 -0.000247245 -0.0176192 0.0870137 
0.00955785 -0.0176036 3.70779e-05 3.60867e-05 -0.0176036 0.0872071 4.68551e-05 -0.000308114 3.70779e-05 4.68551e-05 0.00970942 -0.0177488 3.60867e-05 -0.000308114 -0.0177488 0.0874484 
0.00957978 -0.0176236 3.22323e-05 2.16463e-05 -0.0176236 0.0873255 2.88753e-05 -0.000307282 3.22323e-05 2.88753e-05 0.00973966 -0.0178349 2.16463e-05 -0.000307282 -0.0178349 0.0878002 
0.00959774 -0.0176734 5.14752e-05 2.1766e-05 -0.0176734 0.0875334 2.79989e-05 -0.000293145 5.14752e-05 2.79989e-05 0.00976657 -0.0178928 2.1766e-05 -0.000293145 -0.0178928 0.088107 
0.00962508 -0.0177068 7.0569e-05 2.76649e-06 -0.0177068 0.087717 8.4204e-06 -0.000265398 7.0569e-05 8.4204e-06 0.00977274 -0.0179292 2.76649e-06 -0.000265398 -0.0179292 0.0883097 
0.00926198 -0.0170458 6.68665e-05 -1.88113e-05 -0.0170458 0.0844193 -1.5097e-05 -0.000206856 6.68665e-05 -1.5097e-05 0.00939749 -0.0172372 -1.88113e-05 -0.000206856 -0.0172372 0.0849614 
0.00928604 -0.0170738 5.58482e-05 -1.69676e-05 -0.0170738 0.0845655 -1.88922e-05 -0.000182311 5.58482e-05 -1.88922e-05 0.00940093 -0.0172518 -1.69676e-05 -0.000182311 -0.0172518 0.0850589 
0.00933445 -0.017071 5.25085e-05 -9.54371e-07 -0.017071 0.0845188 -5.87711e-06 -0.00020075 5.25085e-05 -5.87711e-06 0.00935111 -0.0172223 -9.54371e-07 -0.00020075 -0.0172223 0.0849516 
0.00940195 -0.0171782 5.03851e-05 9.45127e-06 -0.0171782 0.0848147 3.56633e-06 -0.00023556 5.03851e-05 3.56633e-06 0.00933704 -0.0171997 9.45127e-06 -0.00023556 -0.0171997 0.0850097 
0.00942649 -0.0172896 3.76813e-05 1.75269e-05 -0.0172896 0.085212 9.96432e-06 -0.000267169 3.76813e-05 9.96432e-06 0.00936833 -0.0171986 1.75269e-05 -0.000267169 -0.0171986 0.0851007 
0.00946737 -0.0173658 4.33204e-05 3.16347e-05 -0.0173658 0.0856499 2.47851e-05 -0.000300475 4.33204e-05 2.47851e-05 0.00940737 -0.0172752 3.16347e-05 -0.000300475 -0.0172752 0.085401 
0.0094724 -0.0173762 4.8825e-05 2.78541e-05 -0.0173762 0.0857186 2.09373e-05 -0.000314703 4.8825e-05 2.09373e-05 0.0094182 -0.0172827 2.78541e-05 -0.000314703 -0.0172827 0.0854286 
0.00948289 -0.017391 6.17427e-05 2.03271e-05 -0.017391 0.0858143 1.38655e-05 -0.000306035 6.17427e-05 1.38655e-05 0.00944404 -0.017317 2.03271e-05 -0.000306035 -0.017317 0.0855573 
0.00950293 -0.0174297 6.64178e-05 2.46982e-06 -0.0174297 0.0860011 2.12947e-06 -0.000281588 6.64178e-05 2.12947e-06 0.00947823 -0.0173721 2.46982e-06 -0.000281588 -0.0173721 0.085785 
0.00950367 -0.0174485 7.54963e-05 -1.09474e-05 -0.0174485 0.0860983 -3.8343e-06 -0.000250175 7.54963e-05 -3.8343e-06 0.00949889 -0.0174067 -1.09474e-05 -0.000250175 -0.0174067 0.0859194 
0.00948275 -0.0174339 6.96695e-05 -2.45903e-05 -0.0174339 0.0860591 -1.34437e-05 -0.000219912 6.96695e-05 -1.34437e-05 0.00951262 -0.0174074 -2.45903e-05 -0.000219912 -0.0174074 0.0859049 
0.00946714 -0.0173891 4.57967e-05 -1.25791e-05 -0.0173891 0.085915 -1.69784e-06 -0.00023165 4.57967e-05 -1.69784e-06 0.00951066 -0.0174129 -1.25791e-05 -0.00023165 -0.0174129 0.0858606 
0.00946371 -0.0173386 3.34466e-05 1.90681e-05 -0.0173386 0.0856803 2.80327e-05 -0.000289592 3.34466e-05 2.80327e-05 0.00947692 -0.0173937 1.90681e-05 -0.000289592 -0.0173937 0.0857375 
0.00943773 -0.0172773 4.38462e-05 3.72075e-05 -0.0172773 0.0852805 4.39956e-05 -0.000346488 4.38462e-05 4.39956e-05 0.00944187 -0.0172892 3.72075e-05 -0.000346488 -0.0172892 0.0853061 
0.00946851 -0.0173618 5.67715e-05 2.08818e-05 -0.0173618 0.0856108 2.77478e-05 -0.00034172 5.67715e-05 2.77478e-05 0.00947439 -0.0173493 2.08818e-05 -0.00034172 -0.0173493 0.0855551 
0.00952522 -0.0174156 7.88194e-05 -2.29969e-09 -0.0174156 0.0858892 7.8534e-06 -0.000294332 7.88194e-05 7.8534e-06 0.00946377 -0.0174018 -2.29969e-09 -0.000294332 -0.0174018 0.0857911 
0.00958085 -0.0175429 9.97413e-05 -2.41434e-05 -0.0175429 0.0863966 -1.89845e-05 -0.00023647 9.97413e-05 -1.89845e-05 0.0094839 -0.0174402 -2.41434e-05 -0.00023647 -0.0174402 0.0861385 
0.00956596 -0.0175604 0.000103423 -4.70414e-05 -0.0175604 0.0864757 -4.81399e-05 -0.000169638 0.000103423 -4.81399e-05 0.00950416 -0.0173995 -4.70414e-05 -0.000169638 -0.0173995 0.0860238 
0.00953817 -0.0175303 9.30166e-05 -5.11261e-05 -0.0175303 0.0864251 -5.59043e-05 -0.000131289 9.30166e-05 -5.59043e-05 0.00953743 -0.0174132 -5.11261e-05 -0.000131289 -0.0174132 0.0859633 
0.00953548 -0.0175265 9.11063e-05 -3.90556e-05 -0.0175265 0.0865066 -4.19361e-05 -0.000141502 9.11063e-05 -4.19361e-05 0.0095828 -0.0174978 -3.90556e-05 -0.000141502 -0.0174978 0.0862138 
0.00953988 -0.0175501 8.13202e-05 -3.44995e-05 -0.0175501 0.0866801 -3.63731e-05 -0.000161971 8.13202e-05 -3.63731e-05 0.0096153 -0.0175902 -3.44995e-05 -0.000161971 -0.0175902 0.0865853 
0.00951418 -0.017493 7.92183e-05 -2.54125e-05 -0.017493 0.0864715 -2.51376e-05 -0.000183189 7.92183e-05 -2.51376e-05 0.0096044 -0.0175714 -2.54125e-05 -0.000183189 -0.0175714 0.0865207 
0.00949514 -0.0174501 8.62491e-05 -1.98645e-05 -0.0174501 0.0862821 -1.5191e-05 -0.000211536 8.62491e-05 -1.5191e-05 0.00958904 -0.0175485 -1.98645e-05 -0.000211536 -0.0175485 0.086417 
0.00945508 -0.0174247 8.31927e-05 -2.79355e-05 -0.0174247 0.0861536 -2.14829e-05 -0.000213109 8.31927e-05 -2.14829e-05 0.00961264 -0.0175259 -2.79355e-05 -0.000213109 -0.0175259 0.0863216 
0.00944208 -0.0173497 7.02485e-05 -2.92839e-05 -0.0173497 0.0858902 -2.19048e-05 -0.000203796 7.02485e-05 -2.19048e-05 0.00958371 -0.0175237 -2.92839e-05 -0.000203796 -0.0175237 0.0861726 
0.00944208 -0.0173015 7.22559e-05 -1.26759e-05 -0.0173015 0.0855716 -6.08334e-06 -0.00022485 7.22559e-05 -6.08334e-06 0.0095083 -0.0174471 -1.26759e-05 -0.00022485 -0.0174471 0.0858587 
0.00947642 -0.0173444 6.87552e-05 -7.20057e-06 -0.0173444 0.0856399 -3.19907e-06 -0.000250912 6.87552e-05 -3.19907e-06 0.00946631 -0.0173956 -7.20057e-06 -0.000250912 -0.0173956 0.0857636 
0.00947799 -0.017382 4.79087e-05 9.15542e-07 -0.017382 0.0857033 -2.70027e-06 -0.00026479 4.79087e-05 -2.70027e-06 0.00945555 -0.0173277 9.15542e-07 -0.00026479 -0.0173277 0.0855661 
0.00947749 -0.0173694 4.66777e-05 2.70783e-05 -0.0173694 0.0856632 1.71644e-05 -0.00030374 4.66777e-05 1.71644e-05 0.0094542 -0.0173062 2.70783e-05 -0.00030374 -0.0173062 0.0854114 
0.00947969 -0.0173748 5.22386e-05 2.68725e-05 -0.0173748 0.0856741 1.84719e-05 -0.000323066 5.22386e-05 1.84719e-05 0.00945835 -0.0173223 2.68725e-05 -0.000323066 -0.0173223 0.0854246 
