0.00710438 0 -5.09557e-05 0 0 0.00993744 0 0 -5.09557e-05 0 0.00692979 0 0 0 0 0.00993744 
0.0096644 -0.0119934 -7.5694e-05 9.42671e-05 -0.0119934 0.0317824 9.42671e-05 -0.000180841 -7.5694e-05 9.42671e-05 0.00949691 -0.0117902 9.42671e-05 -0.000180841 -0.0117902 0.0313931 
0.00986436 -0.0183645 -5.09017e-05 0.000150402 -0.0183645 0.0676616 0.000150402 -0.000486662 -5.09017e-05 0.000150402 0.00979593 -0.0182897 0.000150402 -0.000486662 -0.0182897 0.0674714 
0.00928026 -0.017781 1.1262e-05 9.52043e-05 -0.017781 0.0796615 0.000106802 -0.000506402 1.1262e-05 0.000106802 0.00924755 -0.018026 9.52043e-05 -0.000506402 -0.018026 0.0810045 
0.00896405 -0.0166049 4.7924e-05 1.06658e-06 -0.0166049 0.0797539 2.01565e-05 -0.000302438 4.7924e-05 2.01565e-05 0.00892442 -0.0168397 1.06658e-06 -0.000302438 -0.0168397 0.081692 
0.00975346 -0.0177228 7.43535e-05 -5.83959e-05 -0.0177228 0.0865361 -4.62926e-05 -8.00956e-05 7.43535e-05 -4.62926e-05 0.00961021 -0.017874 -5.83959e-05 -8.00956e-05 -0.017874 0.0882538 
0.00952013 -0.0172594 7.42909e-05 -8.38778e-05 -0.0172594 0.0844247 -7.9004e-05 8.34004e-05 7.42909e-05 -7.9004e-05 0.00932063 -0.0172348 -8.38778e-05 8.34004e-05 -0.0172348 0.08542 
0.0101065 -0.0183914 5.40225e-05 -8.00959e-05 -0.0183914 0.0900628 -7.95353e-05 0.000132484 5.40225e-05 -7.95353e-05 0.00993138 -0.0182607 -8.00959e-05 0.000132484 -0.0182607 0.0905548 
0.00986827 -0.0180236 2.25409e-05 -4.30948e-05 -0.0180236 0.0884681 -4.15686e-05 7.81755e-05 2.25409e-05 -4.15686e-05 0.00977475 -0.0179393 -4.30948e-05 7.81755e-05 -0.0179393 0.0887874 
0.00968466 -0.0176746 3.01782e-06 1.61339e-06 -0.0176746 0.0869928 6.59448e-06 -3.59912e-05 3.01782e-06 6.59448e-06 0.00965318 -0.0177178 1.61339e-06 -3.59912e-05 -0.0177178 0.0875092 
0.00960707 -0.0175006 -1.37689e-05 2.71804e-05 -0.0175006 0.0862103 2.98369e-05 -0.000126203 -1.37689e-05 2.98369e-05 0.00958622 -0.017636 2.71804e-05 -0.000126203 -0.017636 0.0869993 
0.00960814 -0.0174897 -2.86331e-05 4.60013e-05 -0.0174897 0.0861184 4.37706e-05 -0.000181028 -2.86331e-05 4.37706e-05 0.00956709 -0.0176432 4.60013e-05 -0.000181028 -0.0176432 0.0870583 
0.00961997 -0.0175122 -3.36392e-05 6.3346e-05 -0.0175122 0.0861903 5.85319e-05 -0.000222311 -3.36392e-05 5.85319e-05 0.00955771 -0.0176453 6.3346e-05 -0.000222311 -0.0176453 0.087153 
0.00964108 -0.0175184 -2.35052e-06 6.92834e-05 -0.0175184 0.0862008 6.27015e-05 -0.000243375 -2.35052e-06 6.27015e-05 0.00954416 -0.0176183 6.92834e-05 -0.000243375 -0.0176183 0.0871011 
0.00962748 -0.0175143 2.16565e-05 2.63188e-05 -0.0175143 0.0860866 2.15713e-05 -0.000178071 2.16565e-05 2.15713e-05 0.0095271 -0.0175593 2.63188e-05 -0.000178071 -0.0175593 0.086857 
0.00959356 -0.0174716 1.20528e-05 -5.6883e-06 -0.0174716 0.0858663 -4.90418e-06 -9.74023e-05 1.20528e-05 -4.90418e-06 0.00951449 -0.0175002 -5.6883e-06 -9.74023e-05 -0.0175002 0.0865367 
0.00957812 -0.0174475 -1.65691e-06 3.57306e-06 -0.0174475 0.0857717 8.48789e-06 -8.34335e-05 -1.65691e-06 8.48789e-06 0.00950598 -0.0174973 3.57306e-06 -8.34335e-05 -0.0174973 0.0864336 
0.00951485 -0.0173944 -1.58194e-06 2.39682e-05 -0.0173944 0.0855322 3.1526e-05 -0.000124996 -1.58194e-06 3.1526e-05 0.00949485 -0.0174631 2.39682e-05 -0.000124996 -0.0174631 0.0862406 
0.00949074 -0.0173331 1.07925e-07 2.1257e-05 -0.0173331 0.0853791 3.13164e-05 -0.000141695 1.07925e-07 3.13164e-05 0.0094801 -0.0174661 2.1257e-05 -0.000141695 -0.0174661 0.0862043 
0.00948151 -0.0173053 1.33012e-05 1.91327e-05 -0.0173053 0.0852702 2.94784e-05 -0.000141747 1.33012e-05 2.94784e-05 0.00946252 -0.0174505 1.91327e-05 -0.000141747 -0.0174505 0.0861719 
0.00947708 -0.017272 2.00318e-05 3.11757e-06 -0.017272 0.0850984 8.49985e-06 -0.000109188 2.00318e-05 8.49985e-06 0.00943442 -0.0174018 3.11757e-06 -0.000109188 -0.0174018 0.0859893 
0.00949067 -0.0173023 8.62926e-06 -5.88508e-06 -0.0173023 0.0851955 -4.81992e-06 -7.12364e-05 8.62926e-06 -4.81992e-06 0.00942937 -0.0174049 -5.88508e-06 -7.12364e-05 -0.0174049 0.0860358 
0.00950772 -0.0173133 -1.28019e-05 9.79229e-06 -0.0173133 0.0852403 6.53528e-06 -7.58687e-05 -1.28019e-05 6.53528e-06 0.00941474 -0.0173923 9.79229e-06 -7.58687e-05 -0.0173923 0.086016 
0.00949882 -0.0172987 -9.80493e-06 3.52112e-05 -0.0172987 0.0851165 2.6893e-05 -0.00011513 -9.80493e-06 2.6893e-05 0.00939211 -0.0173363 3.52112e-05 -0.00011513 -0.0173363 0.0857976 
0.00945998 -0.0172749 1.3642e-06 3.25769e-05 -0.0172749 0.0849716 1.9427e-05 -0.000122138 1.3642e-06 1.9427e-05 0.00938885 -0.0172868 3.25769e-05 -0.000122138 -0.0172868 0.0855569 
0.00940755 -0.0171997 -7.41301e-06 1.91852e-05 -0.0171997 0.084689 5.24505e-06 -9.69348e-05 -7.41301e-06 5.24505e-06 0.00937745 -0.0172511 1.91852e-05 -9.69348e-05 -0.0172511 0.0852895 
0.00939232 -0.0171292 -1.61793e-05 2.32569e-05 -0.0171292 0.0844217 1.17125e-05 -8.41674e-05 -1.61793e-05 1.17125e-05 0.00934839 -0.0172306 2.32569e-05 -8.41674e-05 -0.0172306 0.0851182 
0.00939861 -0.0171052 1.03532e-05 3.17485e-05 -0.0171052 0.0842388 2.49864e-05 -0.000100591 1.03532e-05 2.49864e-05 0.00930835 -0.0171857 3.17485e-05 -0.000100591 -0.0171857 0.0849423 
0.00940847 -0.0171263 3.59102e-05 1.1993e-06 -0.0171263 0.0842305 -2.6736e-06 -6.83462e-05 3.59102e-05 -2.6736e-06 0.00929345 -0.0171474 1.1993e-06 -6.83462e-05 -0.0171474 0.0848274 
0.00947096 -0.0172338 3.17472e-05 -2.72451e-05 -0.0172338 0.0847184 -3.10663e-05 -7.31061e-06 3.17472e-05 -3.10663e-05 0.00930979 -0.0172291 -2.72451e-05 -7.31061e-06 -0.0172291 0.0852301 
0.00949881 -0.0173177 1.38005e-05 -2.40266e-05 -0.0173177 0.0850856 -2.52982e-05 1.32642e-05 1.38005e-05 -2.52982e-05 0.00933704 -0.0172526 -2.40266e-05 1.32642e-05 -0.0172526 0.0854697 
0.00949536 -0.0173246 8.10066e-06 -2.96903e-06 -0.0173246 0.0851677 -1.17197e-06 -2.16937e-05 8.10066e-06 -1.17197e-06 0.00934173 -0.0172515 -2.96903e-06 -2.16937e-05 -0.0172515 0.0854703 
0.00949669 -0.0173208 -1.37383e-05 4.27794e-06 -0.0173208 0.0851973 1.02705e-05 -5.70197e-05 -1.37383e-05 1.02705e-05 0.00933422 -0.0172558 4.27794e-06 -5.70197e-05 -0.0172558 0.0854868 
0.00946365 -0.0172418 -4.26473e-06 3.18179e-05 -0.0172418 0.0848165 3.73349e-05 -0.000111982 -4.26473e-06 3.73349e-05 0.00929582 -0.0171657 3.18179e-05 -0.000111982 -0.0171657 0.0850843 
0.00948781 -0.0172798 5.0552e-06 2.47003e-05 -0.0172798 0.0849708 3.16978e-05 -0.00013559 5.0552e-06 3.16978e-05 0.00930128 -0.017197 2.47003e-05 -0.00013559 -0.017197 0.0852169 
0.00952918 -0.0173734 -1.71069e-05 1.23678e-05 -0.0173734 0.0854033 2.01733e-05 -0.000119669 -1.71069e-05 2.01733e-05 0.00933596 -0.0172648 1.23678e-05 -0.000119669 -0.0172648 0.0855959 
0.00954762 -0.0174323 -1.6229e-05 4.03661e-05 -0.0174323 0.0857195 4.27206e-05 -0.000149665 -1.6229e-05 4.27206e-05 0.0093679 -0.0173096 4.03661e-05 -0.000149665 -0.0173096 0.0858567 
0.0095264 -0.0174036 -1.65432e-06 3.99583e-05 -0.0174036 0.0856551 4.19887e-05 -0.000168779 -1.65432e-06 4.19887e-05 0.00937727 -0.0173005 3.99583e-05 -0.000168779 -0.0173005 0.0858033 
0.00949188 -0.0173134 1.67296e-05 1.95695e-05 -0.0173134 0.0852743 2.103e-05 -0.000137049 1.67296e-05 2.103e-05 0.00935258 -0.0172492 1.95695e-05 -0.000137049 -0.0172492 0.0854931 
0.00948182 -0.0173015 1.37131e-05 -8.73403e-06 -0.0173015 0.0851813 -7.55194e-06 -6.78687e-05 1.37131e-05 -7.55194e-06 0.00936101 -0.0172481 -8.73403e-06 -6.78687e-05 -0.0172481 0.0854535 
0.00942193 -0.0172401 3.26529e-05 -5.20713e-06 -0.0172401 0.0848883 -5.02789e-06 -4.17546e-05 3.26529e-05 -5.02789e-06 0.00936658 -0.0172161 -5.20713e-06 -4.17546e-05 -0.0172161 0.0852296 
0.00939563 -0.0171994 4.57678e-05 -2.44304e-05 -0.0171994 0.0848069 -2.4151e-05 -1.10916e-05 4.57678e-05 -2.4151e-05 0.00939888 -0.0172668 -2.44304e-05 -1.10916e-05 -0.0172668 0.085334 
0.00938832 -0.0171751 2.38381e-05 -3.75674e-05 -0.0171751 0.0847666 -3.59401e-05 1.86851e-05 2.38381e-05 -3.59401e-05 0.00942502 -0.0173283 -3.75674e-05 1.86851e-05 -0.0173283 0.0855322 
0.00938435 -0.0171096 4.88255e-06 -1.0623e-05 -0.0171096 0.0844579 -9.14562e-06 -1.04012e-05 4.88255e-06 -9.14562e-06 0.00939468 -0.0173071 -1.0623e-05 -1.04012e-05 -0.0173071 0.0853962 
0.0094503 -0.0171709 -2.92821e-06 1.84815e-05 -0.0171709 0.0846376 2.25882e-05 -8.74222e-05 -2.92821e-06 2.25882e-05 0.00938037 -0.0173365 1.84815e-05 -8.74222e-05 -0.0173365 0.085594 
0.0095409 -0.0173399 1.96333e-06 2.7582e-05 -0.0173399 0.0852657 3.57268e-05 -0.000141067 1.96333e-06 3.57268e-05 0.00939751 -0.0173921 2.7582e-05 -0.000141067 -0.0173921 0.0860232 
0.00959204 -0.0174893 -1.07107e-05 1.89677e-05 -0.0174893 0.0859099 2.73373e-05 -0.000143336 -1.07107e-05 2.73373e-05 0.00944043 -0.0174438 1.89677e-05 -0.000143336 -0.0174438 0.0864083 
0.00958424 -0.017507 -3.06579e-06 3.08248e-05 -0.017507 0.0860727 3.36065e-05 -0.000144442 -3.06579e-06 3.36065e-05 0.00946567 -0.0174473 3.08248e-05 -0.000144442 -0.0174473 0.0864374 
0.00957761 -0.0174739 1.71172e-06 2.51118e-05 -0.0174739 0.0860187 2.13929e-05 -0.00013376 1.71172e-06 2.13929e-05 0.00947932 -0.0174605 2.51118e-05 -0.00013376 -0.0174605 0.0864219 
0.00955733 -0.0174212 -9.1503e-06 1.6338e-05 -0.0174212 0.0857732 9.42465e-06 -0.000104233 -9.1503e-06 9.42465e-06 0.0094789 -0.0174474 1.6338e-05 -0.000104233 -0.0174474 0.0862892 
0.00952105 -0.0173762 -1.20993e-05 2.80512e-05 -0.0173762 0.0855308 1.69509e-05 -0.000100355 -1.20993e-05 1.69509e-05 0.00947283 -0.0174312 2.80512e-05 -0.000100355 -0.0174312 0.0861457 
0.00951854 -0.0173671 -1.18836e-05 3.65697e-05 -0.0173671 0.0855239 2.31162e-05 -0.000117627 -1.18836e-05 2.31162e-05 0.00948749 -0.0174614 3.65697e-05 -0.000117627 -0.0174614 0.0862434 
0.00954408 -0.0174162 -1.56028e-06 3.38502e-05 -0.0174162 0.0857832 2.47628e-05 -0.000123095 -1.56028e-06 2.47628e-05 0.00952484 -0.0175456 3.38502e-05 -0.000123095 -0.0175456 0.0866227 
0.00954759 -0.0174168 -2.5527e-06 1.98849e-05 -0.0174168 0.0858075 1.53976e-05 -0.000108088 -2.5527e-06 1.53976e-05 0.00953411 -0.0175664 1.98849e-05 -0.000108088 -0.0175664 0.0867331 
0.00952763 -0.0173677 -1.92291e-06 1.825e-05 -0.0173677 0.0855797 1.45336e-05 -9.41752e-05 -1.92291e-06 1.45336e-05 0.00951849 -0.0175359 1.825e-05 -9.41752e-05 -0.0175359 0.0865819 
0.00955715 -0.0173874 2.5474e-06 1.70278e-05 -0.0173874 0.0856482 9.68752e-06 -8.34709e-05 2.5474e-06 9.68752e-06 0.00950449 -0.0175528 1.70278e-05 -8.34709e-05 -0.0175528 0.0866709 
0.00959936 -0.0174344 -8.65469e-07 9.61031e-06 -0.0174344 0.085784 1.48586e-06 -6.33622e-05 -8.65469e-07 1.48586e-06 0.00947785 -0.0175395 9.61031e-06 -6.33622e-05 -0.0175395 0.0867119 
0.0095974 -0.0174636 1.61043e-06 7.9891e-06 -0.0174636 0.085805 8.15763e-07 -4.43091e-05 1.61043e-06 8.15763e-07 0.00946934 -0.0174706 7.9891e-06 -4.43091e-05 -0.0174706 0.0865123 
0.00960805 -0.0175122 2.28076e-06 4.94342e-06 -0.0175122 0.0860534 2.10261e-06 -3.88488e-05 2.28076e-06 2.10261e-06 0.00949975 -0.0175022 4.94342e-06 -3.88488e-05 -0.0175022 0.0866225 
0.00954538 -0.0174537 2.03963e-05 1.02216e-06 -0.0174537 0.0858315 9.73326e-07 -3.01006e-05 2.03963e-05 9.73326e-07 0.00950379 -0.0174736 1.02216e-06 -3.01006e-05 -0.0174736 0.0864085 
0.00954743 -0.0174241 1.43286e-05 -1.8601e-05 -0.0174241 0.085847 -1.88085e-05 2.22672e-06 1.43286e-05 -1.88085e-05 0.00950871 -0.0175345 -1.8601e-05 2.22672e-06 -0.0175345 0.0865898 
0.00957048 -0.0173928 9.39208e-06 -1.66873e-05 -0.0173928 0.0856977 -1.89222e-05 2.63265e-05 9.39208e-06 -1.89222e-05 0.00947355 -0.0175155 -1.66873e-05 2.63265e-05 -0.0175155 0.0865514 
0.00958239 -0.0173969 1.03036e-05 -4.52417e-06 -0.0173969 0.0855619 -1.06478e-05 1.11211e-05 1.03036e-05 -1.06478e-05 0.00943518 -0.0174444 -4.52417e-06 1.11211e-05 -0.0174444 0.0863266 
0.00961333 -0.0174693 3.01088e-06 -3.18749e-06 -0.0174693 0.0858063 -1.14058e-05 1.88484e-06 3.01088e-06 -1.14058e-05 0.00943442 -0.0174452 -3.18749e-06 1.88484e-06 -0.0174452 0.0863924 
0.00962025 -0.017522 -2.00226e-06 5.02853e-06 -0.017522 0.0860339 -2.94955e-06 -1.21332e-05 -2.00226e-06 -2.94955e-06 0.00946402 -0.0174465 5.02853e-06 -1.21332e-05 -0.0174465 0.0864475 
0.00960826 -0.0175304 1.64857e-05 1.08812e-05 -0.0175304 0.0861401 6.8733e-06 -3.42288e-05 1.64857e-05 6.8733e-06 0.00948926 -0.0174761 1.08812e-05 -3.42288e-05 -0.0174761 0.0865111 
0.00958365 -0.0175019 1.13239e-05 -9.2445e-06 -0.0175019 0.0860926 -1.07196e-05 -1.83694e-05 1.13239e-05 -1.07196e-05 0.00950582 -0.0174954 -9.2445e-06 -1.83694e-05 -0.0174954 0.086538 
0.00958561 -0.0174821 -1.62827e-05 -3.83265e-06 -0.0174821 0.0860803 -5.02682e-06 -1.42396e-05 -1.62827e-05 -5.02682e-06 0.00951139 -0.0175295 -3.83265e-06 -1.42396e-05 -0.0175295 0.0866483 
0.00955015 -0.0174269 -2.20398e-05 2.73236e-05 -0.0174269 0.0858022 2.54987e-05 -6.04686e-05 -2.20398e-05 2.54987e-05 0.00949299 -0.0174844 2.73236e-05 -6.04686e-05 -0.0174844 0.0864446 
0.00951637 -0.0173773 -1.34268e-05 3.2565e-05 -0.0173773 0.0855924 2.92479e-05 -8.82794e-05 -1.34268e-05 2.92479e-05 0.00948088 -0.0174645 3.2565e-05 -8.82794e-05 -0.0174645 0.0863152 
0.00952346 -0.0173594 -1.31868e-05 2.11281e-05 -0.0173594 0.0855521 1.48506e-05 -7.11643e-05 -1.31868e-05 1.48506e-05 0.00946882 -0.0174799 2.11281e-05 -7.11643e-05 -0.0174799 0.0863726 
0.00948603 -0.0173055 -4.60551e-06 1.4502e-05 -0.0173055 0.0852443 9.1605e-06 -3.99188e-05 -4.60551e-06 9.1605e-06 0.00944685 -0.0174057 1.4502e-05 -3.99188e-05 -0.0174057 0.0860788 
0.00946156 -0.0172436 6.75544e-06 3.97493e-06 -0.0172436 0.0849594 -1.07971e-06 -1.14338e-05 6.75544e-06 -1.07971e-06 0.0094252 -0.0173644 3.97493e-06 -1.14338e-05 -0.0173644 0.0858212 
0.00950956 -0.0173093 -1.32901e-05 -6.86241e-06 -0.0173093 0.0852443 -1.39353e-05 1.73167e-05 -1.32901e-05 -1.39353e-05 0.00944262 -0.0174333 -6.86241e-06 1.73167e-05 -0.0174333 0.0861318 
0.00954546 -0.0173702 -2.31005e-05 1.94066e-05 -0.0173702 0.0854675 1.00424e-05 -9.67909e-06 -2.31005e-05 1.00424e-05 0.00944701 -0.0174501 1.94066e-05 -9.67909e-06 -0.0174501 0.0862866 
0.00953404 -0.0173748 -6.11925e-06 3.08317e-05 -0.0173748 0.085442 2.32914e-05 -4.82091e-05 -6.11925e-06 2.32914e-05 0.00943851 -0.017409 3.08317e-05 -4.82091e-05 -0.017409 0.0861412 
0.00951889 -0.0173721 1.7668e-06 1.03101e-05 -0.0173721 0.0854505 8.73591e-06 -3.9749e-05 1.7668e-06 8.73591e-06 0.00943277 -0.0173984 1.03101e-05 -3.9749e-05 -0.0173984 0.0860697 
0.00951099 -0.0173523 4.30042e-06 -4.62516e-06 -0.0173523 0.0854189 7.18303e-07 -1.02027e-05 4.30042e-06 7.18303e-07 0.00941779 -0.0173947 -4.62516e-06 -1.02027e-05 -0.0173947 0.0860428 
0.00953488 -0.0173635 -6.83619e-06 -1.19912e-05 -0.0173635 0.0854947 -4.41388e-06 1.51125e-05 -6.83619e-06 -4.41388e-06 0.0094017 -0.0173983 -1.19912e-05 1.51125e-05 -0.0173983 0.0861148 
0.0095163 -0.0173134 -7.54422e-06 3.0413e-06 -0.0173134 0.0851934 8.37952e-06 1.08394e-06 -7.54422e-06 8.37952e-06 0.00935093 -0.0173006 3.0413e-06 1.08394e-06 -0.0173006 0.0857327 
0.00948188 -0.0172606 6.0676e-06 7.08312e-06 -0.0172606 0.0848688 8.91579e-06 -1.40898e-05 6.0676e-06 8.91579e-06 0.00931412 -0.0171988 7.08312e-06 -1.40898e-05 -0.0171988 0.0852772 
0.00946367 -0.0172687 1.69869e-05 -1.22298e-05 -0.0172687 0.0848947 -1.21335e-05 1.76622e-05 1.69869e-05 -1.21335e-05 0.00932146 -0.0171983 -1.22298e-05 1.76622e-05 -0.0171983 0.0852287 
0.00941929 -0.0171731 1.45831e-05 -2.6124e-05 -0.0171731 0.0845065 -2.73769e-05 6.00235e-05 1.45831e-05 -2.73769e-05 0.0092911 -0.0171359 -2.6124e-05 6.00235e-05 -0.0171359 0.0848664 
0.00942979 -0.0171841 2.56592e-05 -2.55494e-05 -0.0171841 0.0845536 -2.82137e-05 8.0115e-05 2.56592e-05 -2.82137e-05 0.00929979 -0.0171595 -2.55494e-05 8.0115e-05 -0.0171595 0.0849468 
0.00944168 -0.0172047 2.89163e-05 -3.78685e-05 -0.0172047 0.0846283 -4.07878e-05 0.00010431 2.89163e-05 -4.07878e-05 0.00930446 -0.0171741 -3.78685e-05 0.00010431 -0.0171741 0.0850198 
0.00944774 -0.0172415 2.59958e-05 -4.25534e-05 -0.0172415 0.0847914 -4.31729e-05 0.000121719 2.59958e-05 -4.31729e-05 0.00932173 -0.0171993 -4.25534e-05 0.000121719 -0.0171993 0.0851548 
0.00946515 -0.0173095 6.58411e-06 -4.14475e-05 -0.0173095 0.0851731 -4.07982e-05 0.000126023 6.58411e-06 -4.07982e-05 0.00936382 -0.0172797 -4.14475e-05 0.000126023 -0.0172797 0.0855427 
0.00950856 -0.0173177 -7.29249e-06 -1.46359e-05 -0.0173177 0.0853252 -1.49805e-05 8.25202e-05 -7.29249e-06 -1.49805e-05 0.00935173 -0.0173243 -1.46359e-05 8.25202e-05 -0.0173243 0.0857624 
0.00949779 -0.0173007 -1.0575e-06 7.41143e-06 -0.0173007 0.0851462 4.83323e-06 2.27034e-05 -1.0575e-06 4.83323e-06 0.00933073 -0.017251 7.41143e-06 2.27034e-05 -0.017251 0.0855467 
0.00951139 -0.01735 9.98138e-06 9.37408e-08 -0.01735 0.0853551 -1.8779e-06 8.87057e-06 9.98138e-06 -1.8779e-06 0.00935546 -0.0172778 9.37408e-08 8.87057e-06 -0.0172778 0.0856773 
0.0095166 -0.017349 4.4845e-06 -1.34171e-05 -0.017349 0.0853823 -1.56074e-05 3.03796e-05 4.4845e-06 -1.56074e-05 0.0093731 -0.0172831 -1.34171e-05 3.03796e-05 -0.0172831 0.0856735 
0.00950027 -0.0173169 -1.28465e-05 -7.80716e-06 -0.0173169 0.0852222 -1.02203e-05 3.30828e-05 -1.28465e-05 -1.02203e-05 0.00938125 -0.0172769 -7.80716e-06 3.30828e-05 -0.0172769 0.0855611 
0.00950667 -0.0173453 -1.78833e-05 1.19566e-05 -0.0173453 0.0853563 1.33492e-05 -2.53938e-06 -1.78833e-05 1.33492e-05 0.00941182 -0.0173384 1.19566e-05 -2.53938e-06 -0.0173384 0.0857765 
0.00951178 -0.0173594 -1.18685e-05 1.85986e-05 -0.0173594 0.0854613 2.10547e-05 -3.27659e-05 -1.18685e-05 2.10547e-05 0.00943339 -0.0173854 1.85986e-05 -3.27659e-05 -0.0173854 0.0859712 
0.00950657 -0.0173095 -1.01645e-05 1.08966e-05 -0.0173095 0.0852405 1.14791e-05 -2.80857e-05 -1.01645e-05 1.14791e-05 0.00940529 -0.0173553 1.08966e-05 -2.80857e-05 -0.0173553 0.0858192 
0.00953069 -0.01732 -4.44599e-06 5.96891e-06 -0.01732 0.08521 5.57786e-06 -9.04881e-06 -4.44599e-06 5.57786e-06 0.00939249 -0.0173373 5.96891e-06 -9.04881e-06 -0.0173373 0.0857713 
0.00954481 -0.0173837 1.87671e-05 -1.16403e-06 -0.0173837 0.0854079 7.1198e-07 5.9123e-06 1.87671e-05 7.1198e-07 0.00941392 -0.0173545 -1.16403e-06 5.9123e-06 -0.0173545 0.0858846 
0.00952825 -0.0173747 4.65691e-05 -3.4144e-05 -0.0173747 0.0853967 -2.6326e-05 6.03769e-05 4.65691e-05 -2.6326e-05 0.00942524 -0.0173591 -3.4144e-05 6.03769e-05 -0.0173591 0.0858592 
0.00949169 -0.0173626 5.03521e-05 -6.8871e-05 -0.0173626 0.0853957 -5.68119e-05 0.000134196 5.03521e-05 -5.68119e-05 0.00945465 -0.017386 -6.8871e-05 0.000134196 -0.017386 0.0859323 
0.00951014 -0.0173595 3.42321e-05 -7.06389e-05 -0.0173595 0.0855382 -5.65931e-05 0.000163474 3.42321e-05 -5.65931e-05 0.00946994 -0.017474 -7.06389e-05 0.000163474 -0.017474 0.0862662 
0.00953516 -0.0173764 1.08646e-06 -4.71136e-05 -0.0173764 0.0856198 -3.51901e-05 0.000128984 1.08646e-06 -3.51901e-05 0.00946315 -0.0174955 -4.71136e-05 0.000128984 -0.0174955 0.0864566 
0.00951565 -0.0173354 -1.59536e-05 -3.45136e-06 -0.0173354 0.0853636 3.40478e-06 4.36599e-05 -1.59536e-05 3.40478e-06 0.0094313 -0.0174121 -3.45136e-06 4.36599e-05 -0.0174121 0.086161 
0.00949346 -0.0173013 -1.43006e-05 2.25791e-05 -0.0173013 0.0851604 2.28242e-05 -3.23354e-05 -1.43006e-05 2.28242e-05 0.00940708 -0.0173514 2.25791e-05 -3.23354e-05 -0.0173514 0.0858723 
0.00948753 -0.0172813 -1.49979e-05 1.93541e-05 -0.0172813 0.0850521 1.55205e-05 -4.77095e-05 -1.49979e-05 1.55205e-05 0.00939985 -0.0173227 1.93541e-05 -4.77095e-05 -0.0173227 0.0857086 
0.00950913 -0.0173054 -1.44346e-05 1.77082e-05 -0.0173054 0.0851424 9.50396e-06 -3.46827e-05 -1.44346e-05 9.50396e-06 0.00940139 -0.0173476 1.77082e-05 -3.46827e-05 -0.0173476 0.0857863 
0.00950979 -0.0173396 -1.38005e-05 1.81669e-05 -0.0173396 0.0852551 5.1868e-06 -2.36571e-05 -1.38005e-05 5.1868e-06 0.00942408 -0.0173561 1.81669e-05 -2.36571e-05 -0.0173561 0.0858536 
0.00947775 -0.0173493 2.34251e-05 1.86402e-05 -0.0173493 0.0853409 6.22323e-06 -2.26443e-05 2.34251e-05 6.22323e-06 0.00946594 -0.0173829 1.86402e-05 -2.26443e-05 -0.0173829 0.0859266 
0.00946472 -0.0173012 4.59795e-05 -2.97509e-05 -0.0173012 0.0852783 -3.6171e-05 4.67489e-05 4.59795e-05 -3.6171e-05 0.00948567 -0.0174351 -2.97509e-05 4.67489e-05 -0.0174351 0.0860313 
0.00949977 -0.0173276 3.98105e-05 -6.87251e-05 -0.0173276 0.0854418 -7.08924e-05 0.000154472 3.98105e-05 -7.08924e-05 0.0095057 -0.017515 -6.87251e-05 0.000154472 -0.017515 0.0863839 
0.00952205 -0.0173446 1.79597e-05 -6.4477e-05 -0.0173446 0.0854777 -6.6514e-05 0.000196614 1.79597e-05 -6.6514e-05 0.00948296 -0.0175275 -6.4477e-05 0.000196614 -0.0175275 0.0865007 
0.00947836 -0.0172978 -5.18619e-06 -3.34507e-05 -0.0172978 0.085171 -3.86151e-05 0.000157381 -5.18619e-06 -3.86151e-05 0.00944975 -0.0174155 -3.34507e-05 0.000157381 -0.0174155 0.0861023 
0.00947667 -0.0172852 -2.56114e-05 3.05368e-06 -0.0172852 0.0851476 -4.17607e-06 7.31007e-05 -2.56114e-05 -4.17607e-06 0.00944541 -0.017408 3.05368e-06 7.31007e-05 -0.017408 0.0860257 
0.00942992 -0.0172444 -3.26261e-05 3.1536e-05 -0.0172444 0.0849383 2.25622e-05 -1.0331e-05 -3.26261e-05 2.25622e-05 0.00943254 -0.0173651 3.1536e-05 -1.0331e-05 -0.0173651 0.085806 
0.00943502 -0.0172265 -5.18524e-05 3.74062e-05 -0.0172265 0.0849504 3.29327e-05 -5.61531e-05 -5.18524e-05 3.29327e-05 0.00942811 -0.0173884 3.74062e-05 -5.61531e-05 -0.0173884 0.0858754 
0.00944727 -0.0172066 -5.12824e-05 5.89272e-05 -0.0172066 0.0848379 6.2379e-05 -0.000111917 -5.12824e-05 6.2379e-05 0.00938746 -0.0173607 5.89272e-05 -0.000111917 -0.0173607 0.0857883 
0.00944743 -0.0172264 -2.17416e-05 6.0442e-05 -0.0172264 0.084835 7.06139e-05 -0.00015352 -2.17416e-05 7.06139e-05 0.00937426 -0.0173093 6.0442e-05 -0.00015352 -0.0173093 0.0856695 
0.00946977 -0.0172708 8.30277e-06 2.16426e-05 -0.0172708 0.0850419 3.2542e-05 -0.000106128 8.30277e-06 3.2542e-05 0.00938067 -0.0173208 2.16426e-05 -0.000106128 -0.0173208 0.0857418 
0.00945503 -0.0172366 2.87432e-05 -1.79713e-05 -0.0172366 0.0848629 -1.06137e-05 -7.86065e-06 2.87432e-05 -1.06137e-05 0.00935641 -0.0172564 -1.79713e-05 -7.86065e-06 -0.0172564 0.0854486 
0.00948275 -0.0172987 3.30501e-05 -4.15872e-05 -0.0172987 0.08515 -3.90056e-05 7.39757e-05 3.30501e-05 -3.90056e-05 0.00937146 -0.0173111 -4.15872e-05 7.39757e-05 -0.0173111 0.0856869 
0.00951577 -0.0173288 3.35359e-05 -4.57866e-05 -0.0173288 0.0853141 -4.37418e-05 0.00011075 3.35359e-05 -4.37418e-05 0.00936149 -0.017329 -4.57866e-05 0.00011075 -0.017329 0.0858195 
0.00951068 -0.0172935 1.03965e-05 -4.5253e-05 -0.0172935 0.0850859 -4.16257e-05 0.000116058 1.03965e-05 -4.16257e-05 0.00930822 -0.017245 -4.5253e-05 0.000116058 -0.017245 0.0855054 
0.00952708 -0.0173324 8.89336e-08 -2.07562e-05 -0.0173324 0.0851822 -1.85153e-05 8.63536e-05 8.89336e-08 -1.85153e-05 0.0092924 -0.0172107 -2.07562e-05 8.63536e-05 -0.0172107 0.0854313 
0.00948642 -0.0173117 -1.95085e-05 -5.24553e-06 -0.0173117 0.0850429 -5.27773e-06 4.53721e-05 -1.95085e-05 -5.27773e-06 0.00927936 -0.0171362 -5.24553e-06 4.53721e-05 -0.0171362 0.0851128 
0.00943275 -0.0172556 -2.78165e-05 1.98603e-05 -0.0172556 0.0848628 1.57869e-05 -5.71696e-06 -2.78165e-05 1.57869e-05 0.00928487 -0.0171078 1.98603e-05 -5.71696e-06 -0.0171078 0.0848914 
0.00936604 -0.0171293 -1.12823e-05 3.20755e-05 -0.0171293 0.0843793 2.69149e-05 -4.76585e-05 -1.12823e-05 2.69149e-05 0.0092762 -0.0170619 3.20755e-05 -4.76585e-05 -0.0170619 0.0845391 
0.0101353 -0.0185116 -1.36457e-05 1.59057e-05 -0.0185116 0.0912597 1.13647e-05 -4.32459e-05 -1.36457e-05 1.13647e-05 0.0100655 -0.018532 1.59057e-05 -4.32459e-05 -0.018532 0.0916706 
0.0101181 -0.0184878 -2.3839e-05 1.54995e-05 -0.0184878 0.0911217 1.15133e-05 -3.03003e-05 -2.3839e-05 1.15133e-05 0.0100635 -0.0185455 1.54995e-05 -3.03003e-05 -0.0185455 0.0916946 
0.0101118 -0.0184915 -2.44833e-05 2.59686e-05 -0.0184915 0.0911522 2.17408e-05 -4.08651e-05 -2.44833e-05 2.17408e-05 0.0100679 -0.0185701 2.59686e-05 -4.08651e-05 -0.0185701 0.0918165 
0.0101187 -0.0184901 -1.29358e-05 2.38918e-05 -0.0184901 0.0911995 1.9866e-05 -4.39568e-05 -1.29358e-05 1.9866e-05 0.0100628 -0.0185932 2.38918e-05 -4.39568e-05 -0.0185932 0.0919474 
0.00933362 -0.0170644 1.21547e-05 3.61606e-06 -0.0170644 0.084152 -3.85791e-07 -2.43691e-06 1.21547e-05 -3.85791e-07 0.00927417 -0.0171345 3.61606e-06 -2.43691e-06 -0.0171345 0.0848186 
0.00933104 -0.0170544 1.92571e-05 -2.60812e-05 -0.0170544 0.0841122 -2.85008e-05 6.29791e-05 1.92571e-05 -2.85008e-05 0.00925772 -0.0171029 -2.60812e-05 6.29791e-05 -0.0171029 0.0847133 
0.0101468 -0.0185019 -2.1298e-05 -4.00233e-05 -0.0185019 0.0912471 -3.98478e-05 0.000118533 -2.1298e-05 -3.98478e-05 0.0100222 -0.0185353 -4.00233e-05 0.000118533 -0.0185353 0.0918351 
0.0101595 -0.0185254 -5.57319e-05 1.45312e-05 -0.0185254 0.0912545 1.60931e-05 4.58998e-05 -5.57319e-05 1.60931e-05 0.00999297 -0.0184926 1.45312e-05 4.58998e-05 -0.0184926 0.0916986 
0.0101574 -0.0185226 -5.39346e-05 6.34623e-05 -0.0185226 0.0911958 6.29346e-05 -7.7981e-05 -5.39346e-05 6.29346e-05 0.00996582 -0.0184407 6.34623e-05 -7.7981e-05 -0.0184407 0.091497 
0.0101379 -0.0185352 -6.79774e-05 6.61306e-05 -0.0185352 0.0912312 6.10178e-05 -0.000132796 -6.79774e-05 6.10178e-05 0.00997376 -0.0184185 6.61306e-05 -0.000132796 -0.0184185 0.0914168 
0.0101331 -0.0185461 -5.437e-05 7.66332e-05 -0.0185461 0.0913762 6.98397e-05 -0.000150983 -5.437e-05 6.98397e-05 0.0100001 -0.0184624 7.66332e-05 -0.000150983 -0.0184624 0.0915675 
0.0100963 -0.0184721 -1.7238e-05 5.47976e-05 -0.0184721 0.0911029 5.38364e-05 -0.000126036 -1.7238e-05 5.38364e-05 0.00998241 -0.0184342 5.47976e-05 -0.000126036 -0.0184342 0.0913882 
0.0100724 -0.0184139 1.20177e-05 8.50443e-06 -0.0184139 0.0908447 1.06304e-05 -4.26101e-05 1.20177e-05 1.06304e-05 0.00995821 -0.0183988 8.50443e-06 -4.26101e-05 -0.0183988 0.0912072 
0.0100578 -0.0183685 2.14191e-05 -2.55664e-05 -0.0183685 0.0906013 -2.47888e-05 4.88814e-05 2.14191e-05 -2.47888e-05 0.00992732 -0.0183453 -2.55664e-05 4.88814e-05 -0.0183453 0.0909649 
0.0100759 -0.0184017 1.3379e-05 -4.06947e-05 -0.0184017 0.0907132 -4.14313e-05 0.000115456 1.3379e-05 -4.14313e-05 0.00992819 -0.0183516 -4.06947e-05 0.000115456 -0.0183516 0.0910172 
0.0100843 -0.0184179 5.7971e-07 -2.94126e-05 -0.0184179 0.0907645 -2.97683e-05 0.000120224 5.7971e-07 -2.97683e-05 0.00992583 -0.0183438 -2.94126e-05 0.000120224 -0.0183438 0.0909996 
0.0100924 -0.018474 -1.13406e-05 -7.07158e-06 -0.018474 0.0910249 -7.31038e-06 7.22349e-05 -1.13406e-05 -7.31038e-06 0.00996183 -0.0183855 -7.07158e-06 7.22349e-05 -0.0183855 0.0912091 
0.0100793 -0.0184264 -8.75426e-06 7.99079e-06 -0.0184264 0.090883 4.77569e-06 2.81979e-05 -8.75426e-06 4.77569e-06 0.00996234 -0.0183796 7.99079e-06 2.81979e-05 -0.0183796 0.0911159 
0.0101137 -0.0184848 -1.21128e-05 5.02472e-06 -0.0184848 0.0911555 1.48943e-07 1.8837e-05 -1.21128e-05 1.48943e-07 0.010009 -0.018458 5.02472e-06 1.8837e-05 -0.018458 0.0914581 
0.0101458 -0.0185356 -4.12849e-06 5.73997e-06 -0.0185356 0.0913974 9.09163e-08 2.37011e-05 -4.12849e-06 9.09163e-08 0.0100495 -0.0185329 5.73997e-06 2.37011e-05 -0.0185329 0.0917794 
0.0101528 -0.0185498 5.61623e-06 -4.94814e-06 -0.0185498 0.091441 -9.118e-06 4.21187e-05 5.61623e-06 -9.118e-06 0.0100624 -0.0185549 -4.94814e-06 4.21187e-05 -0.0185549 0.0918634 
0.00936836 -0.017113 1.75495e-06 -1.95512e-05 -0.017113 0.0843511 -1.92593e-05 7.01049e-05 1.75495e-06 -1.92593e-05 0.00926935 -0.0171264 -1.95512e-05 7.01049e-05 -0.0171264 0.0847719 
0.00938263 -0.0170925 -4.4233e-06 -2.22246e-05 -0.0170925 0.084247 -1.81552e-05 9.29123e-05 -4.4233e-06 -1.81552e-05 0.00923922 -0.0170962 -2.22246e-05 9.29123e-05 -0.0170962 0.084678 
0.00940517 -0.0171422 -1.12203e-05 -1.74229e-05 -0.0171422 0.0843826 -1.42062e-05 9.72603e-05 -1.12203e-05 -1.42062e-05 0.00924255 -0.0170867 -1.74229e-05 9.72603e-05 -0.0170867 0.0847198 
0.0094203 -0.017185 -1.80246e-05 -9.52324e-06 -0.017185 0.0845535 -8.50147e-06 8.98312e-05 -1.80246e-05 -8.50147e-06 0.00925838 -0.0170949 -9.52324e-06 8.98312e-05 -0.0170949 0.084775 
