0.00717103 0 -7.79504e-06 0 0 0.00999535 0 0 -7.79504e-06 0 0.00692601 0 0 0 0 0.00999535 
0.00974276 -0.0120888 -1.75421e-05 2.07869e-05 -0.0120888 0.032008 2.07869e-05 -3.95745e-05 -1.75421e-05 2.07869e-05 0.00948439 -0.0117768 2.07869e-05 -3.95745e-05 -0.0117768 0.0314094 
0.00993953 -0.0184625 -1.89826e-05 3.46642e-05 -0.0184625 0.0680019 3.46642e-05 -0.000111658 -1.89826e-05 3.46642e-05 0.009792 -0.0182824 3.46642e-05 -0.000111658 -0.0182824 0.0674869 
0.00933824 -0.0179173 -2.1469e-05 5.63755e-05 -0.0179173 0.0801816 5.2151e-05 -0.000242982 -2.1469e-05 5.2151e-05 0.00929123 -0.0180637 5.63755e-05 -0.000242982 -0.0180637 0.0812067 
0.00903237 -0.0167253 5.95031e-06 5.36747e-05 -0.0167253 0.0803692 4.74595e-05 -0.000288529 5.95031e-06 4.74595e-05 0.00899216 -0.0169733 5.36747e-05 -0.000288529 -0.0169733 0.082241 
0.00971227 -0.0176707 1.11298e-05 1.16187e-05 -0.0176707 0.0863026 7.82532e-06 -0.000207979 1.11298e-05 7.82532e-06 0.00961828 -0.0178522 1.16187e-05 -0.000207979 -0.0178522 0.0880967 
0.00942253 -0.0171182 1.83329e-05 -4.86248e-06 -0.0171182 0.0838202 -7.82716e-06 -9.57486e-05 1.83329e-05 -7.82716e-06 0.0092949 -0.0171807 -4.86248e-06 -9.57486e-05 -0.0171807 0.0850229 
0.0100352 -0.0182449 2.00177e-05 -1.17487e-05 -0.0182449 0.0895112 -1.86088e-05 -4.28503e-05 2.00177e-05 -1.86088e-05 0.00987564 -0.0182437 -1.17487e-05 -4.28503e-05 -0.0182437 0.0903524 
0.00983852 -0.0178921 2.37764e-05 -1.19325e-05 -0.0178921 0.0878939 -1.86174e-05 -1.86583e-05 2.37764e-05 -1.86174e-05 0.00967559 -0.017855 -1.19325e-05 -1.86583e-05 -0.017855 0.0884713 
0.00972062 -0.0176366 1.09935e-05 -1.58755e-05 -0.0176366 0.0866887 -2.16248e-05 -7.15953e-06 1.09935e-05 -2.16248e-05 0.0095284 -0.0175987 -1.58755e-05 -7.15953e-06 -0.0175987 0.0871722 
0.00961647 -0.0175197 1.24345e-05 3.94457e-06 -0.0175197 0.0860344 -2.05091e-06 -3.94203e-05 1.24345e-05 -2.05091e-06 0.00947808 -0.0174516 3.94457e-06 -3.94203e-05 -0.0174516 0.0864526 
0.00955273 -0.017432 1.77781e-05 3.62368e-06 -0.017432 0.0857183 -2.29751e-06 -5.84785e-05 1.77781e-05 -2.29751e-06 0.00946219 -0.0174293 3.62368e-06 -5.84785e-05 -0.0174293 0.0862119 
0.00949422 -0.0173173 1.78825e-05 -3.47184e-06 -0.0173173 0.0852642 -9.78785e-06 -5.12042e-05 1.78825e-05 -9.78785e-06 0.00942632 -0.0173806 -3.47184e-06 -5.12042e-05 -0.0173806 0.0859193 
0.0094894 -0.017275 9.06093e-06 -2.00389e-06 -0.017275 0.0850823 -9.39479e-06 -4.83904e-05 9.06093e-06 -9.39479e-06 0.00940915 -0.0173615 -2.00389e-06 -4.83904e-05 -0.0173615 0.0858369 
0.0094891 -0.017288 -5.01845e-06 5.02697e-06 -0.017288 0.0850805 1.66992e-06 -5.92219e-05 -5.01845e-06 1.66992e-06 0.0094023 -0.0173529 5.02697e-06 -5.92219e-05 -0.0173529 0.0858262 
0.00949367 -0.0173094 -8.04685e-06 1.74263e-05 -0.0173094 0.0851837 2.09438e-05 -8.75265e-05 -8.04685e-06 2.09438e-05 0.00941291 -0.0173604 1.74263e-05 -8.75265e-05 -0.0173604 0.0858814 
0.00950854 -0.0173267 -1.17725e-05 1.97963e-05 -0.0173267 0.0852974 3.03219e-05 -0.000112269 -1.17725e-05 3.03219e-05 0.00942001 -0.0173891 1.97963e-05 -0.000112269 -0.0173891 0.0859967 
0.00952781 -0.0173314 -1.00985e-05 2.25955e-05 -0.0173314 0.0853108 3.44751e-05 -0.000124948 -1.00985e-05 3.44751e-05 0.00940532 -0.0173851 2.25955e-05 -0.000124948 -0.0173851 0.0859998 
0.00954449 -0.0173513 3.12522e-06 1.93768e-05 -0.0173513 0.0853388 2.92617e-05 -0.000120031 3.12522e-06 2.92617e-05 0.00938474 -0.0173653 1.93768e-05 -0.000120031 -0.0173653 0.0859619 
0.00952435 -0.0173377 1.39028e-05 7.64473e-06 -0.0173377 0.0852008 1.20627e-05 -9.67349e-05 1.39028e-05 1.20627e-05 0.00935033 -0.0172879 7.64473e-06 -9.67349e-05 -0.0172879 0.085667 
0.00950262 -0.0173192 1.51659e-05 -3.90445e-06 -0.0173192 0.0851157 -4.90165e-06 -6.15239e-05 1.51659e-05 -4.90165e-06 0.00933189 -0.0172386 -3.90445e-06 -6.15239e-05 -0.0172386 0.085447 
0.00944605 -0.0172327 9.59755e-06 -5.46245e-06 -0.0172327 0.0847229 -7.99084e-06 -4.16665e-05 9.59755e-06 -7.99084e-06 0.00929435 -0.0171425 -5.46245e-06 -4.16665e-05 -0.0171425 0.0849669 
0.00942081 -0.0171827 1.56221e-05 1.59917e-07 -0.0171827 0.0845284 -2.46724e-06 -4.3367e-05 1.56221e-05 -2.46724e-06 0.00928835 -0.0171196 1.59917e-07 -4.3367e-05 -0.0171196 0.0847864 
0.00949752 -0.0172678 1.7304e-05 -7.13003e-06 -0.0172678 0.0849649 -9.3146e-06 -3.63118e-05 1.7304e-05 -9.3146e-06 0.00931062 -0.0172383 -7.13003e-06 -3.63118e-05 -0.0172383 0.0853041 
0.00952404 -0.01731 -1.03869e-06 -1.03232e-05 -0.01731 0.0850588 -1.02952e-05 -2.83589e-05 -1.03869e-06 -1.02952e-05 0.00930037 -0.017219 -1.03232e-05 -2.83589e-05 -0.017219 0.085346 
0.0095598 -0.0174136 -7.31141e-06 1.16001e-05 -0.0174136 0.0855065 1.56835e-05 -6.19511e-05 -7.31141e-06 1.56835e-05 0.0093381 -0.017275 1.16001e-05 -6.19511e-05 -0.017275 0.0856808 
0.00954505 -0.0174304 -1.07204e-05 2.03932e-05 -0.0174304 0.0856408 2.77822e-05 -0.000101081 -1.07204e-05 2.77822e-05 0.00937442 -0.0172911 2.03932e-05 -0.000101081 -0.0172911 0.0857627 
0.00952029 -0.0174179 -5.86742e-06 2.69825e-05 -0.0174179 0.0857058 3.61289e-05 -0.000131883 -5.86742e-06 3.61289e-05 0.00942807 -0.017346 2.69825e-05 -0.000131883 -0.017346 0.0859251 
0.00950082 -0.0174038 6.84427e-06 2.54479e-05 -0.0174038 0.0857801 3.55572e-05 -0.000149201 6.84427e-06 3.55572e-05 0.00948285 -0.0174394 2.54479e-05 -0.000149201 -0.0174394 0.0862353 
0.0094476 -0.0173196 2.4647e-05 6.63874e-06 -0.0173196 0.0854911 1.57894e-05 -0.000121029 2.4647e-05 1.57894e-05 0.00950266 -0.0174519 6.63874e-06 -0.000121029 -0.0174519 0.086208 
0.00943821 -0.0172551 2.97985e-05 -1.4215e-05 -0.0172551 0.085281 -9.73472e-06 -6.96349e-05 2.97985e-05 -9.73472e-06 0.00950256 -0.0174871 -1.4215e-05 -6.96349e-05 -0.0174871 0.0862734 
0.00947159 -0.0172646 8.70849e-06 -1.74738e-05 -0.0172646 0.0852856 -1.93199e-05 -3.67117e-05 8.70849e-06 -1.93199e-05 0.00947814 -0.0175149 -1.74738e-05 -3.67117e-05 -0.0175149 0.0864315 
0.00944412 -0.0172171 -6.26556e-06 1.01899e-05 -0.0172171 0.0849241 8.41284e-07 -6.00018e-05 -6.26556e-06 8.41284e-07 0.00942358 -0.0173921 1.01899e-05 -6.00018e-05 -0.0173921 0.0859918 
0.00944156 -0.0172046 -3.18766e-06 3.38738e-05 -0.0172046 0.0848138 2.07502e-05 -0.000113834 -3.18766e-06 2.07502e-05 0.00939307 -0.0173434 3.38738e-05 -0.000113834 -0.0173434 0.0857714 
0.00942419 -0.0171716 -3.54242e-06 3.06463e-05 -0.0171716 0.0846115 1.81382e-05 -0.000132778 -3.54242e-06 1.81382e-05 0.00936173 -0.0172835 3.06463e-05 -0.000132778 -0.0172835 0.0854961 
0.00944941 -0.017246 5.98998e-06 2.20326e-05 -0.017246 0.0849312 1.47622e-05 -0.000117857 5.98998e-06 1.47622e-05 0.00938581 -0.0173225 2.20326e-05 -0.000117857 -0.0173225 0.085714 
0.00949175 -0.0172932 8.59233e-06 5.18246e-06 -0.0172932 0.0851938 8.96298e-07 -8.10077e-05 8.59233e-06 8.96298e-07 0.00938945 -0.0173609 5.18246e-06 -8.10077e-05 -0.0173609 0.0859122 
0.00950736 -0.0173346 8.69143e-06 -2.48209e-06 -0.0173346 0.0853385 -7.01697e-06 -4.58281e-05 8.69143e-06 -7.01697e-06 0.00939281 -0.017352 -2.48209e-06 -4.58281e-05 -0.017352 0.0859508 
0.00951187 -0.017328 1.07602e-05 -5.07824e-06 -0.017328 0.0853108 -9.64911e-06 -2.35672e-05 1.07602e-05 -9.64911e-06 0.00937478 -0.0173281 -5.07824e-06 -2.35672e-05 -0.0173281 0.0858378 
0.00945277 -0.0172595 1.0762e-05 -5.34194e-06 -0.0172595 0.0849455 -8.27483e-06 -1.99968e-05 1.0762e-05 -8.27483e-06 0.00934859 -0.0172379 -5.34194e-06 -1.99968e-05 -0.0172379 0.0854155 
0.00943245 -0.0172125 -9.1304e-06 -5.75563e-06 -0.0172125 0.0847853 -6.61595e-06 -1.98051e-05 -9.1304e-06 -6.61595e-06 0.0093284 -0.017227 -5.75563e-06 -1.98051e-05 -0.017227 0.085284 
0.0093813 -0.0171217 -2.11653e-05 2.31117e-05 -0.0171217 0.0843505 2.22903e-05 -6.92961e-05 -2.11653e-05 2.22903e-05 0.00928713 -0.0171432 2.31117e-05 -6.92961e-05 -0.0171432 0.0848889 
0.00938353 -0.0170953 -2.93731e-05 4.35237e-05 -0.0170953 0.0842324 4.18189e-05 -0.000132014 -2.93731e-05 4.18189e-05 0.00926103 -0.0171257 4.35237e-05 -0.000132014 -0.0171257 0.0847935 
0.00937433 -0.0170924 -1.92869e-05 5.27634e-05 -0.0170924 0.0841523 5.48959e-05 -0.000176528 -1.92869e-05 5.48959e-05 0.00925549 -0.0170874 5.27634e-05 -0.000176528 -0.0170874 0.0846644 
0.0101836 -0.0185659 -1.86439e-05 4.14017e-05 -0.0185659 0.0913908 4.70849e-05 -0.000186185 -1.86439e-05 4.70849e-05 0.0100497 -0.0185467 4.14017e-05 -0.000186185 -0.0185467 0.0918698 
0.0101606 -0.0185749 -5.56929e-06 3.23239e-05 -0.0185749 0.091424 3.63725e-05 -0.000153856 -5.56929e-06 3.63725e-05 0.0100761 -0.0185572 3.23239e-05 -0.000153856 -0.0185572 0.0918834 
0.00936967 -0.0171243 8.1211e-06 1.23252e-05 -0.0171243 0.0843787 1.3592e-05 -9.40256e-05 8.1211e-06 1.3592e-05 0.0093091 -0.0171612 1.23252e-05 -9.40256e-05 -0.0171612 0.0848754 
0.00940102 -0.0171404 6.15615e-06 -4.40491e-06 -0.0171404 0.0844911 -6.7857e-06 -4.05653e-05 6.15615e-06 -6.7857e-06 0.00931135 -0.0172044 -4.40491e-06 -4.05653e-05 -0.0172044 0.0850776 
0.00941748 -0.017137 -2.73964e-07 -1.90059e-06 -0.017137 0.0843945 -6.90188e-06 -1.90893e-05 -2.73964e-07 -6.90188e-06 0.00927011 -0.0171607 -1.90059e-06 -1.90893e-05 -0.0171607 0.084945 
0.00943672 -0.0172134 3.28064e-06 9.25705e-06 -0.0172134 0.0846614 -1.39728e-07 -2.91711e-05 3.28064e-06 -1.39728e-07 0.00927973 -0.0171624 9.25705e-06 -2.91711e-05 -0.0171624 0.0850657 
0.0094558 -0.0172755 4.36562e-06 9.87465e-06 -0.0172755 0.0850101 -3.01973e-06 -3.67061e-05 4.36562e-06 -3.01973e-06 0.00931757 -0.0172117 9.87465e-06 -3.67061e-05 -0.0172117 0.0853255 
0.00947394 -0.0172807 2.14414e-05 8.19496e-06 -0.0172807 0.0851228 -5.69635e-07 -4.09876e-05 2.14414e-05 -5.69635e-07 0.00932531 -0.0172487 8.19496e-06 -4.09876e-05 -0.0172487 0.0854745 
0.00945568 -0.0172656 2.23231e-05 -2.11425e-05 -0.0172656 0.08503 -1.98284e-05 -3.07006e-06 2.23231e-05 -1.98284e-05 0.00932607 -0.017224 -2.11425e-05 -3.07006e-06 -0.017224 0.0853965 
0.00943692 -0.0172412 2.10213e-05 -2.90336e-05 -0.0172412 0.0849547 -2.11723e-05 2.94481e-05 2.10213e-05 -2.11723e-05 0.00934301 -0.0172258 -2.90336e-05 2.94481e-05 -0.0172258 0.085366 
0.00944592 -0.0172414 1.32926e-05 -2.60813e-05 -0.0172414 0.085 -1.76378e-05 3.23048e-05 1.32926e-05 -1.76378e-05 0.00935756 -0.0172702 -2.60813e-05 3.23048e-05 -0.0172702 0.0855063 
0.0094293 -0.0172492 2.52723e-05 -1.19449e-05 -0.0172492 0.0850252 -5.34241e-06 5.43501e-06 2.52723e-05 -5.34241e-06 0.00938047 -0.017287 -1.19449e-05 5.43501e-06 -0.017287 0.0855921 
0.0094097 -0.0172092 2.2206e-05 -2.22415e-05 -0.0172092 0.0849017 -1.48339e-05 1.51103e-06 2.2206e-05 -1.48339e-05 0.00937878 -0.0172829 -2.22415e-05 1.51103e-06 -0.0172829 0.0855251 
0.00941453 -0.0171615 3.20581e-05 -1.73523e-05 -0.0171615 0.084692 -1.15043e-05 -4.16878e-06 3.20581e-05 -1.15043e-05 0.00934401 -0.0172572 -1.73523e-05 -4.16878e-06 -0.0172572 0.0853735 
0.00941596 -0.017127 4.8244e-05 -2.83741e-05 -0.017127 0.0844131 -2.61879e-05 1.09519e-05 4.8244e-05 -2.61879e-05 0.00929069 -0.0171782 -2.83741e-05 1.09519e-05 -0.0171782 0.0850528 
0.00943192 -0.0171442 5.30108e-05 -4.72254e-05 -0.0171442 0.0843563 -4.89564e-05 5.24069e-05 5.30108e-05 -4.89564e-05 0.00925875 -0.0171193 -4.72254e-05 5.24069e-05 -0.0171193 0.0848356 
0.010223 -0.0186355 4.38418e-05 -6.13399e-05 -0.0186355 0.0915747 -6.35985e-05 9.95087e-05 4.38418e-05 -6.35985e-05 0.0100442 -0.0185335 -6.13399e-05 9.95087e-05 -0.0185335 0.0918877 
0.00938284 -0.0171523 1.2973e-05 -4.26804e-05 -0.0171523 0.08433 -3.92717e-05 7.81821e-05 1.2973e-05 -3.92717e-05 0.00926429 -0.0170643 -4.26804e-05 7.81821e-05 -0.0170643 0.0845435 
0.00940822 -0.0171926 -1.69918e-06 -8.95787e-06 -0.0171926 0.0846562 4.1083e-07 7.63681e-06 -1.69918e-06 4.1083e-07 0.00930237 -0.0171731 -8.95787e-06 7.63681e-06 -0.0171731 0.0849751 
0.009435 -0.0172479 -7.1221e-06 1.06693e-05 -0.0172479 0.0849827 2.59561e-05 -6.77646e-05 -7.1221e-06 2.59561e-05 0.00934202 -0.0172596 1.06693e-05 -6.77646e-05 -0.0172596 0.0854268 
0.00942645 -0.0172142 -2.0621e-05 1.8805e-05 -0.0172142 0.0848708 3.5867e-05 -0.000114468 -2.0621e-05 3.5867e-05 0.0093347 -0.0172442 1.8805e-05 -0.000114468 -0.0172442 0.0853902 
0.00940987 -0.017191 -3.15045e-05 3.91635e-05 -0.017191 0.0847492 5.25156e-05 -0.000162132 -3.15045e-05 5.25156e-05 0.00932579 -0.0172194 3.91635e-05 -0.000162132 -0.0172194 0.0852903 
0.00937278 -0.0171451 -2.66389e-05 5.56298e-05 -0.0171451 0.0845315 6.31124e-05 -0.000203357 -2.66389e-05 6.31124e-05 0.00932337 -0.0171716 5.56298e-05 -0.000203357 -0.0171716 0.0850603 
0.00937599 -0.0171336 -1.60154e-05 4.96683e-05 -0.0171336 0.0845255 5.03024e-05 -0.000201605 -1.60154e-05 5.03024e-05 0.00931789 -0.0171967 4.96683e-05 -0.000201605 -0.0171967 0.0850967 
0.00938389 -0.017149 8.25369e-06 3.98405e-05 -0.017149 0.0845903 3.69191e-05 -0.000180136 8.25369e-06 3.69191e-05 0.00931463 -0.0172073 3.98405e-05 -0.000180136 -0.0172073 0.0851864 
0.00937846 -0.0171632 2.94719e-05 9.07672e-06 -0.0171632 0.0846565 4.62613e-06 -0.00011863 2.94719e-05 4.62613e-06 0.00932069 -0.017203 9.07672e-06 -0.00011863 -0.017203 0.085221 
0.00938292 -0.0171161 2.0456e-05 -1.72668e-05 -0.0171161 0.0844812 -2.15761e-05 -4.84077e-05 2.0456e-05 -2.15761e-05 0.00928689 -0.0171654 -1.72668e-05 -4.84077e-05 -0.0171654 0.0850338 
0.00934228 -0.0170844 1.48362e-05 -3.61171e-06 -0.0170844 0.0842265 -9.10063e-06 -4.54515e-05 1.48362e-05 -9.10063e-06 0.00926426 -0.0170869 -3.61171e-06 -4.54515e-05 -0.0170869 0.0847053 
0.0101017 -0.018515 1.61236e-05 6.48016e-06 -0.018515 0.0913263 -1.01265e-06 -7.43836e-05 1.61236e-05 -1.01265e-06 0.0100614 -0.0185264 6.48016e-06 -7.43836e-05 -0.0185264 0.0917917 
0.0100702 -0.0184326 1.74751e-05 3.27153e-06 -0.0184326 0.0910367 -1.41138e-06 -7.91661e-05 1.74751e-05 -1.41138e-06 0.0100471 -0.0185073 3.27153e-06 -7.91661e-05 -0.0185073 0.0915977 
0.0100573 -0.018334 5.34948e-06 -3.14618e-06 -0.018334 0.0905418 2.59913e-07 -7.4174e-05 5.34948e-06 2.59913e-07 0.00998567 -0.0184286 -3.14618e-06 -7.4174e-05 -0.0184286 0.0911798 
0.0100787 -0.0183853 -7.21279e-06 9.97117e-06 -0.0183853 0.0906194 1.54343e-05 -9.2622e-05 -7.21279e-06 1.54343e-05 0.00997223 -0.0184198 9.97117e-06 -9.2622e-05 -0.0184198 0.0911902 
0.0101163 -0.0184794 5.73518e-06 2.54773e-05 -0.0184794 0.0910254 3.20818e-05 -0.000129556 5.73518e-06 3.20818e-05 0.00999197 -0.0184688 2.54773e-05 -0.000129556 -0.0184688 0.0914809 
0.010108 -0.018512 2.40302e-05 9.8092e-06 -0.018512 0.0912148 1.53169e-05 -0.000121028 2.40302e-05 1.53169e-05 0.0100109 -0.0184854 9.8092e-06 -0.000121028 -0.0184854 0.0916086 
0.0100904 -0.0184862 3.4636e-05 -1.09082e-05 -0.0184862 0.0912023 -7.67926e-06 -7.73559e-05 3.4636e-05 -7.67926e-06 0.010009 -0.0184887 -1.09082e-05 -7.73559e-05 -0.0184887 0.0916155 
0.0100698 -0.0184461 3.13921e-05 -1.97904e-05 -0.0184461 0.0910707 -1.81154e-05 -4.78637e-05 3.13921e-05 -1.81154e-05 0.0100029 -0.0184651 -1.97904e-05 -4.78637e-05 -0.0184651 0.0915224 
0.0100824 -0.01844 4.1677e-05 -1.44289e-05 -0.01844 0.0910678 -1.3507e-05 -4.77177e-05 4.1677e-05 -1.3507e-05 0.00999316 -0.0184696 -1.44289e-05 -4.77177e-05 -0.0184696 0.0915394 
0.0100974 -0.0184274 4.29244e-05 -2.27181e-05 -0.0184274 0.0909655 -2.51165e-05 -3.94578e-05 4.29244e-05 -2.51165e-05 0.00996014 -0.0184338 -2.27181e-05 -3.94578e-05 -0.0184338 0.0914094 
0.0101032 -0.018456 3.7938e-05 -2.40515e-05 -0.018456 0.0910058 -3.03956e-05 -2.66182e-05 3.7938e-05 -3.03956e-05 0.00996336 -0.0184061 -2.40515e-05 -2.66182e-05 -0.0184061 0.091347 
0.0101059 -0.0184363 2.80292e-05 -1.76438e-05 -0.0184363 0.0909013 -2.3417e-05 -3.34629e-05 2.80292e-05 -2.3417e-05 0.00994536 -0.0183794 -1.76438e-05 -3.34629e-05 -0.0183794 0.0911753 
0.0100796 -0.0184428 2.20448e-05 -8.30969e-06 -0.0184428 0.0908656 -8.45606e-06 -5.696e-05 2.20448e-05 -8.45606e-06 0.0099485 -0.0183615 -8.30969e-06 -5.696e-05 -0.0183615 0.091086 
0.0100514 -0.0184448 3.09567e-05 -5.55567e-06 -0.0184448 0.0909594 -6.06157e-08 -7.3873e-05 3.09567e-05 -6.06157e-08 0.00998002 -0.0183936 -5.55567e-06 -7.3873e-05 -0.0183936 0.0911961 
0.0100312 -0.0183942 4.42712e-05 -1.74968e-05 -0.0183942 0.0908496 -1.2253e-05 -5.98647e-05 4.42712e-05 -1.2253e-05 0.00997214 -0.0184017 -1.74968e-05 -5.98647e-05 -0.0184017 0.0911737 
0.0100151 -0.0183834 5.95894e-05 -3.65744e-05 -0.0183834 0.0908314 -3.23612e-05 -1.63784e-05 5.95894e-05 -3.23612e-05 0.00998724 -0.018404 -3.65744e-05 -1.63784e-05 -0.018404 0.0912163 
0.00999241 -0.0183301 7.1999e-05 -5.67981e-05 -0.0183301 0.0906439 -5.0674e-05 3.49527e-05 7.1999e-05 -5.0674e-05 0.00997229 -0.018394 -5.67981e-05 3.49527e-05 -0.018394 0.0911156 
0.00998769 -0.0182832 7.82308e-05 -7.85089e-05 -0.0182832 0.0904308 -7.17258e-05 9.70619e-05 7.82308e-05 -7.17258e-05 0.00993736 -0.0183597 -7.85089e-05 9.70619e-05 -0.0183597 0.0909603 
0.0099881 -0.0182546 5.52475e-05 -8.1056e-05 -0.0182546 0.0902202 -7.94508e-05 0.000128039 5.52475e-05 -7.94508e-05 0.00989213 -0.0182966 -8.1056e-05 0.000128039 -0.0182966 0.0907178 
0.00996706 -0.018186 2.82438e-05 -5.15359e-05 -0.018186 0.0897853 -5.40222e-05 9.90861e-05 2.82438e-05 -5.40222e-05 0.00981604 -0.0181684 -5.15359e-05 9.90861e-05 -0.0181684 0.0901614 
0.00995331 -0.0181865 1.42041e-05 -1.71407e-05 -0.0181865 0.0896544 -2.16419e-05 2.88945e-05 1.42041e-05 -2.16419e-05 0.00978742 -0.0180843 -1.71407e-05 2.88945e-05 -0.0180843 0.0898231 
0.00996151 -0.0182203 7.85913e-06 4.02072e-06 -0.0182203 0.0898113 -4.56662e-06 -3.47641e-05 7.85913e-06 -4.56662e-06 0.00979486 -0.0181016 4.02072e-06 -3.47641e-05 -0.0181016 0.0898655 
0.0099509 -0.0182355 -3.79114e-06 1.5926e-05 -0.0182355 0.0899083 4.66896e-06 -7.59705e-05 -3.79114e-06 4.66896e-06 0.00981558 -0.0181148 1.5926e-05 -7.59705e-05 -0.0181148 0.0899231 
0.00998508 -0.0182706 -2.24936e-05 2.50045e-05 -0.0182706 0.0901609 1.74682e-05 -0.00010132 -2.24936e-05 1.74682e-05 0.00983719 -0.0181864 2.50045e-05 -0.00010132 -0.0181864 0.0902176 
0.0100387 -0.0183663 -2.04391e-05 5.00589e-05 -0.0183663 0.0906142 4.90841e-05 -0.000163497 -2.04391e-05 4.90841e-05 0.00987609 -0.0182745 5.00589e-05 -0.000163497 -0.0182745 0.0906949 
0.0100262 -0.01837 -9.20458e-06 4.7027e-05 -0.01837 0.090623 5.2325e-05 -0.000196655 -9.20458e-06 5.2325e-05 0.00988659 -0.0182591 4.7027e-05 -0.000196655 -0.0182591 0.0906731 
0.00999394 -0.0183574 2.66676e-05 2.76602e-05 -0.0183574 0.0906253 3.43991e-05 -0.000172781 2.66676e-05 3.43991e-05 0.00992162 -0.0182765 2.76602e-05 -0.000172781 -0.0182765 0.0907076 
0.00996755 -0.0183455 2.81834e-05 -1.35452e-05 -0.0183455 0.0907053 -8.5521e-06 -9.75516e-05 2.81834e-05 -8.5521e-06 0.00997589 -0.0183501 -1.35452e-05 -9.75516e-05 -0.0183501 0.090947 
0.009943 -0.01827 2.5771e-05 -2.00579e-05 -0.01827 0.0904856 -1.50236e-05 -4.41492e-05 2.5771e-05 -1.50236e-05 0.00998465 -0.0183812 -2.00579e-05 -4.41492e-05 -0.0183812 0.0909806 
0.00993736 -0.0182098 2.0045e-05 -1.36206e-05 -0.0182098 0.0902059 -1.2285e-05 -3.71959e-05 2.0045e-05 -1.2285e-05 0.00995865 -0.0183713 -1.36206e-05 -3.71959e-05 -0.0183713 0.0909017 
0.00992314 -0.0181605 1.53678e-05 1.40782e-06 -0.0181605 0.0898771 -8.59802e-06 -5.51645e-05 1.53678e-05 -8.59802e-06 0.00991767 -0.0183041 1.40782e-06 -5.51645e-05 -0.0183041 0.0906256 
0.00990981 -0.0181416 2.4447e-05 1.10671e-05 -0.0181416 0.0896846 -5.40627e-06 -7.46045e-05 2.4447e-05 -5.40627e-06 0.00988828 -0.0182418 1.10671e-05 -7.46045e-05 -0.0182418 0.0903604 
0.00996628 -0.0182112 4.37895e-05 -3.65915e-06 -0.0182112 0.0899826 -1.77098e-05 -5.6948e-05 4.37895e-05 -1.77098e-05 0.00988624 -0.0182825 -3.65915e-06 -5.6948e-05 -0.0182825 0.0905682 
0.00998231 -0.0182491 4.3244e-05 -3.39956e-05 -0.0182491 0.0900605 -3.83231e-05 -3.35282e-06 4.3244e-05 -3.83231e-05 0.00986577 -0.018245 -3.39956e-05 -3.35282e-06 -0.018245 0.0904887 
0.00999526 -0.0182842 2.26192e-05 -4.14972e-05 -0.0182842 0.0901901 -3.55715e-05 2.87428e-05 2.26192e-05 -3.55715e-05 0.00985981 -0.0182253 -4.14972e-05 2.87428e-05 -0.0182253 0.0904465 
0.00999492 -0.0182775 2.80701e-06 -1.73404e-05 -0.0182775 0.0901601 -5.92806e-06 -5.77579e-06 2.80701e-06 -5.92806e-06 0.00984791 -0.0181979 -1.73404e-05 -5.77579e-06 -0.0181979 0.0903164 
0.00997543 -0.0182524 -1.78329e-05 9.88522e-06 -0.0182524 0.0900221 2.32868e-05 -7.53493e-05 -1.78329e-05 2.32868e-05 0.00984014 -0.0181644 9.88522e-06 -7.53493e-05 -0.0181644 0.0901388 
0.00997756 -0.0182338 -1.83268e-05 3.90442e-05 -0.0182338 0.0899412 5.06926e-05 -0.000151202 -1.83268e-05 5.06926e-05 0.00982614 -0.0181584 3.90442e-05 -0.000151202 -0.0181584 0.0900644 
0.00997735 -0.0182419 -1.62858e-05 4.52828e-05 -0.0182419 0.0899356 5.33785e-05 -0.000196052 -1.62858e-05 5.33785e-05 0.0098149 -0.0181522 4.52828e-05 -0.000196052 -0.0181522 0.0900534 
0.00995202 -0.0182105 -1.72683e-05 3.60412e-05 -0.0182105 0.0897789 4.03446e-05 -0.000182281 -1.72683e-05 4.03446e-05 0.00979662 -0.0181072 3.60412e-05 -0.000182281 -0.0181072 0.0898677 
0.0099479 -0.0182193 -5.97016e-06 3.8037e-05 -0.0182193 0.0898474 3.96437e-05 -0.000172905 -5.97016e-06 3.96437e-05 0.00980358 -0.0181185 3.8037e-05 -0.000172905 -0.0181185 0.0899196 
0.00992796 -0.0181888 -7.71027e-08 2.87997e-05 -0.0181888 0.089731 3.13705e-05 -0.000162032 -7.71027e-08 3.13705e-05 0.00979369 -0.0180862 2.87997e-05 -0.000162032 -0.0180862 0.089775 
0.0099209 -0.0182057 -1.02372e-05 2.41792e-05 -0.0182057 0.0898387 2.90108e-05 -0.000157239 -1.02372e-05 2.90108e-05 0.00981602 -0.0181077 2.41792e-05 -0.000157239 -0.0181077 0.0898657 
0.0099083 -0.0182005 -6.12872e-06 3.09391e-05 -0.0182005 0.0898977 3.63224e-05 -0.000160096 -6.12872e-06 3.63224e-05 0.0098386 -0.0181424 3.09391e-05 -0.000160096 -0.0181424 0.0899823 
0.00990076 -0.0181182 -9.38679e-07 2.52025e-05 -0.0181182 0.0895776 3.23172e-05 -0.000156883 -9.38679e-07 3.23172e-05 0.00979549 -0.0181068 2.52025e-05 -0.000156883 -0.0181068 0.0897676 
0.00986915 -0.0180859 -2.79746e-06 2.01695e-05 -0.0180859 0.0893059 2.62517e-05 -0.000146868 -2.79746e-06 2.62517e-05 0.00977889 -0.0180329 2.01695e-05 -0.000146868 -0.0180329 0.0894806 
0.00983612 -0.0180439 -8.53035e-06 2.23562e-05 -0.0180439 0.0891099 2.734e-05 -0.000143051 -8.53035e-06 2.734e-05 0.00977277 -0.0180087 2.23562e-05 -0.000143051 -0.0180087 0.0892879 
0.00984261 -0.0180318 -1.77825e-05 3.12525e-05 -0.0180318 0.0891061 3.52661e-05 -0.000157944 -1.77825e-05 3.52661e-05 0.00977764 -0.0180464 3.12525e-05 -0.000157944 -0.0180464 0.0893891 
0.00983657 -0.0180339 -1.91199e-05 4.54544e-05 -0.0180339 0.0890934 4.42499e-05 -0.000183655 -1.91199e-05 4.42499e-05 0.00978898 -0.0180587 4.54544e-05 -0.000183655 -0.0180587 0.0894596 
0.00987628 -0.0180919 -7.10365e-06 5.2137e-05 -0.0180919 0.0893932 4.86871e-05 -0.000208375 -7.10365e-06 4.86871e-05 0.00981223 -0.0181303 5.2137e-05 -0.000208375 -0.0181303 0.0897982 
0.00990545 -0.0181262 3.5266e-06 3.53485e-05 -0.0181262 0.0895371 3.45207e-05 -0.000193629 3.5266e-06 3.45207e-05 0.00980512 -0.0181451 3.53485e-05 -0.000193629 -0.0181451 0.0899298 
0.00994791 -0.0182089 2.25162e-05 1.78688e-05 -0.0182089 0.0898859 1.91953e-05 -0.000154602 2.25162e-05 1.91953e-05 0.00982303 -0.018174 1.78688e-05 -0.000154602 -0.018174 0.0901723 
0.0100026 -0.0182728 3.27977e-05 -7.27904e-06 -0.0182728 0.0901709 -4.26565e-06 -9.99157e-05 3.27977e-05 -4.26565e-06 0.00982727 -0.0181893 -7.27904e-06 -9.99157e-05 -0.0181893 0.0903069 
0.0100263 -0.018337 3.65161e-05 -1.73625e-05 -0.018337 0.0903898 -1.74684e-05 -5.92249e-05 3.65161e-05 -1.74684e-05 0.00984028 -0.0181892 -1.73625e-05 -5.92249e-05 -0.0181892 0.0903607 
0.0100124 -0.0183427 4.05308e-05 -1.92068e-05 -0.0183427 0.0904202 -2.48001e-05 -3.88347e-05 4.05308e-05 -2.48001e-05 0.00984676 -0.0181801 -1.92068e-05 -3.88347e-05 -0.0181801 0.0902937 
0.00999198 -0.0183195 4.47503e-05 -2.46761e-05 -0.0183195 0.090377 -3.22931e-05 -1.93115e-05 4.47503e-05 -3.22931e-05 0.00986257 -0.0181871 -2.46761e-05 -1.93115e-05 -0.0181871 0.0902728 
0.00999434 -0.0183097 3.74247e-05 -2.67388e-05 -0.0183097 0.0903919 -3.86362e-05 -7.21832e-06 3.74247e-05 -3.86362e-05 0.00987378 -0.0182265 -2.67388e-05 -7.21832e-06 -0.0182265 0.0903933 
0.0100012 -0.0183359 3.85843e-05 -1.36742e-05 -0.0183359 0.0905272 -2.63098e-05 -2.60458e-05 3.85843e-05 -2.63098e-05 0.00990312 -0.0182723 -1.36742e-05 -2.60458e-05 -0.0182723 0.0906222 
0.00998781 -0.0182828 3.50875e-05 -1.22375e-05 -0.0182828 0.0902986 -1.60076e-05 -5.60081e-05 3.50875e-05 -1.60076e-05 0.00987479 -0.0182399 -1.22375e-05 -5.60081e-05 -0.0182399 0.09045 
0.00996839 -0.0182506 2.24076e-05 -1.50092e-05 -0.0182506 0.0900947 -1.15823e-05 -6.66275e-05 2.24076e-05 -1.15823e-05 0.00985281 -0.0181909 -1.50092e-05 -6.66275e-05 -0.0181909 0.0902433 
0.00998647 -0.0182737 2.31025e-05 -7.90467e-07 -0.0182737 0.0902039 9.66761e-06 -9.96652e-05 2.31025e-05 9.66761e-06 0.00985382 -0.0182157 -7.90467e-07 -9.96652e-05 -0.0182157 0.0903532 
0.0099478 -0.0182197 2.87672e-05 -6.15044e-06 -0.0182197 0.0899115 1.09016e-05 -0.000112625 2.87672e-05 1.09016e-05 0.00982176 -0.0181415 -6.15044e-06 -0.000112625 -0.0181415 0.0900331 
0.00990935 -0.0181894 1.99261e-05 -1.8998e-05 -0.0181894 0.0897788 2.50636e-06 -9.31522e-05 1.99261e-05 2.50636e-06 0.00981914 -0.0181074 -1.8998e-05 -9.31522e-05 -0.0181074 0.089863 
0.00986389 -0.0181121 1.87249e-05 -7.45497e-06 -0.0181121 0.0894888 8.12775e-06 -9.24241e-05 1.87249e-05 8.12775e-06 0.00980831 -0.0180675 -7.45497e-06 -9.24241e-05 -0.0180675 0.0896072 
0.00978468 -0.0180236 2.82994e-05 -4.71998e-06 -0.0180236 0.0891076 4.56958e-06 -9.14291e-05 2.82994e-05 4.56958e-06 0.00982232 -0.0180251 -4.71998e-06 -9.14291e-05 -0.0180251 0.0893214 
0.00976707 -0.0179579 3.81614e-05 -1.59583e-05 -0.0179579 0.0889449 -8.3989e-06 -7.0515e-05 3.81614e-05 -8.3989e-06 0.00982281 -0.0180811 -1.59583e-05 -7.0515e-05 -0.0180811 0.089394 
0.00975954 -0.0179383 4.18695e-05 -2.18463e-05 -0.0179383 0.0888518 -1.58173e-05 -5.61409e-05 4.18695e-05 -1.58173e-05 0.00981823 -0.0180927 -2.18463e-05 -5.61409e-05 -0.0180927 0.0894746 
0.00977199 -0.0179577 1.61052e-05 -2.23161e-05 -0.0179577 0.0889416 -1.90587e-05 -5.13896e-05 1.61052e-05 -1.90587e-05 0.00982185 -0.0181099 -2.23161e-05 -5.13896e-05 -0.0181099 0.0896063 
0.00978065 -0.0179589 5.67448e-06 1.13335e-05 -0.0179589 0.0889404 9.75783e-06 -9.87131e-05 5.67448e-06 9.75783e-06 0.00980452 -0.0180978 1.13335e-05 -9.87131e-05 -0.0180978 0.0895884 
0.00985758 -0.0180757 9.22682e-06 3.27684e-05 -0.0180757 0.089485 2.78607e-05 -0.000166738 9.22682e-06 2.78607e-05 0.00982478 -0.0181816 3.27684e-05 -0.000166738 -0.0181816 0.0900689 
0.00988408 -0.0181298 2.63682e-05 2.65169e-05 -0.0181298 0.089687 2.03015e-05 -0.000179375 2.63682e-05 2.03015e-05 0.00982431 -0.0181647 2.65169e-05 -0.000179375 -0.0181647 0.0901277 
0.00988699 -0.0181258 4.00229e-05 5.2508e-06 -0.0181258 0.0896433 1.39199e-06 -0.000149191 4.00229e-05 1.39199e-06 0.00981161 -0.0181166 5.2508e-06 -0.000149191 -0.0181166 0.0899333 
0.00987804 -0.0181198 4.66865e-05 -1.67847e-05 -0.0181198 0.0895872 -1.42866e-05 -0.0001014 4.66865e-05 -1.42866e-05 0.00981459 -0.0180946 -1.67847e-05 -0.0001014 -0.0180946 0.0897968 
0.00987971 -0.0181265 5.15304e-05 -2.58154e-05 -0.0181265 0.0896194 -1.94829e-05 -7.23062e-05 5.15304e-05 -1.94829e-05 0.00982753 -0.0181083 -2.58154e-05 -7.23062e-05 -0.0181083 0.0898007 
0.0098824 -0.018131 5.93184e-05 -3.26822e-05 -0.018131 0.089638 -2.59188e-05 -5.20061e-05 5.93184e-05 -2.59188e-05 0.00983557 -0.0181223 -3.26822e-05 -5.20061e-05 -0.0181223 0.089821 
0.00991229 -0.0181995 5.66028e-05 -4.33573e-05 -0.0181995 0.0899618 -3.49523e-05 -3.02116e-05 5.66028e-05 -3.49523e-05 0.00986518 -0.0181896 -4.33573e-05 -3.02116e-05 -0.0181896 0.0901354 
0.00992212 -0.0181674 3.78684e-05 -4.09818e-05 -0.0181674 0.0898311 -2.97467e-05 -2.60641e-05 3.78684e-05 -2.97467e-05 0.00983407 -0.018162 -4.09818e-05 -2.60641e-05 -0.018162 0.0900105 
0.00992662 -0.0182135 1.77396e-05 -1.10525e-05 -0.0182135 0.0899586 -4.6963e-06 -7.55605e-05 1.77396e-05 -4.6963e-06 0.00984955 -0.0181606 -1.10525e-05 -7.55605e-05 -0.0181606 0.0900731 
