0.00714117 0 1.88556e-05 0 0 0.00994401 0 0 1.88556e-05 0 0.00692504 0 0 0 0 0.00994401 
0.00970951 -0.012048 1.29889e-05 -1.62877e-05 -0.012048 0.031888 -1.62877e-05 3.09699e-05 1.29889e-05 -1.62877e-05 0.00948461 -0.0117771 -1.62877e-05 3.09699e-05 -0.0117771 0.031369 
0.00995284 -0.0185243 2.16179e-05 6.29073e-07 -0.0185243 0.0682148 6.29073e-07 -6.58093e-06 2.16179e-05 6.29073e-07 0.00983827 -0.0183892 6.29073e-07 -6.58093e-06 -0.0183892 0.0678445 
0.00935094 -0.0179708 3.42293e-05 3.4773e-05 -0.0179708 0.0804829 3.20858e-05 -0.000250354 3.42293e-05 3.20858e-05 0.00932055 -0.0181425 3.4773e-05 -0.000250354 -0.0181425 0.0815616 
0.00908151 -0.0168319 4.88734e-05 1.39316e-05 -0.0168319 0.0809535 6.9111e-06 -0.000318855 4.88734e-05 6.9111e-06 0.00903247 -0.0170689 1.39316e-05 -0.000318855 -0.0170689 0.082737 
0.00934547 -0.0170267 5.92872e-05 -2.71958e-05 -0.0170267 0.083226 -3.50422e-05 -0.000194086 5.92872e-05 -3.50422e-05 0.00924832 -0.0171808 -2.71958e-05 -0.000194086 -0.0171808 0.0848307 
0.0095657 -0.0174176 5.42626e-05 -5.15821e-05 -0.0174176 0.0853737 -5.66634e-05 -5.51739e-05 5.42626e-05 -5.66634e-05 0.00946525 -0.0174625 -5.15821e-05 -5.51739e-05 -0.0174625 0.0864843 
0.00970616 -0.0176949 4.08604e-05 -4.47852e-05 -0.0176949 0.0869574 -4.99075e-05 1.84951e-06 4.08604e-05 -4.99075e-05 0.00963182 -0.0177261 -4.47852e-05 1.84951e-06 -0.0177261 0.0877614 
0.00945593 -0.0172109 2.79332e-05 -1.96951e-05 -0.0172109 0.0847568 -2.567e-05 -2.25137e-05 2.79332e-05 -2.567e-05 0.00939875 -0.0172878 -1.96951e-05 -2.25137e-05 -0.0172878 0.0855035 
0.00974686 -0.0176732 2.24908e-05 -7.92178e-07 -0.0176732 0.0870529 -6.91377e-06 -7.34373e-05 2.24908e-05 -6.91377e-06 0.00966159 -0.0177909 -7.92178e-07 -7.34373e-05 -0.0177909 0.0879067 
0.00968644 -0.0175446 9.26085e-06 7.9113e-06 -0.0175446 0.0862611 3.41434e-06 -0.000111733 9.26085e-06 3.41434e-06 0.00957181 -0.0176348 7.9113e-06 -0.000111733 -0.0176348 0.0871194 
0.00969252 -0.0175557 -5.61661e-06 2.47022e-05 -0.0175557 0.0861841 1.98481e-05 -0.000153137 -5.61661e-06 1.98481e-05 0.00952176 -0.0176093 2.47022e-05 -0.000153137 -0.0176093 0.0869844 
0.00964498 -0.0175639 -8.10149e-06 3.9349e-05 -0.0175639 0.0861377 3.72378e-05 -0.000192863 -8.10149e-06 3.72378e-05 0.00952267 -0.0175394 3.9349e-05 -0.000192863 -0.0175394 0.0867782 
0.0096167 -0.0175481 -6.32617e-07 4.02123e-05 -0.0175481 0.0862111 4.39543e-05 -0.000216223 -6.32617e-07 4.39543e-05 0.00954511 -0.0175692 4.02123e-05 -0.000216223 -0.0175692 0.0868307 
0.00963858 -0.0175296 8.20528e-07 2.87252e-05 -0.0175296 0.0862479 3.6568e-05 -0.000207439 8.20528e-07 3.6568e-05 0.00953018 -0.0176067 2.87252e-05 -0.000207439 -0.0176067 0.0869598 
0.00961388 -0.0175039 -2.76151e-06 2.52034e-05 -0.0175039 0.0860515 3.11091e-05 -0.000190624 -2.76151e-06 3.11091e-05 0.00951168 -0.0175372 2.52034e-05 -0.000190624 -0.0175372 0.0867353 
0.00960769 -0.0174972 -1.01058e-06 2.99545e-05 -0.0174972 0.0860479 3.32843e-05 -0.000186862 -1.01058e-06 3.32843e-05 0.00950242 -0.0175414 2.99545e-05 -0.000186862 -0.0175414 0.0867186 
0.00960181 -0.0174677 -8.00854e-07 2.75484e-05 -0.0174677 0.0859307 2.82891e-05 -0.000179114 -8.00854e-07 2.82891e-05 0.00947271 -0.0175137 2.75484e-05 -0.000179114 -0.0175137 0.0866109 
0.00959843 -0.0174761 -1.51514e-05 2.48294e-05 -0.0174761 0.0859339 2.4229e-05 -0.000164487 -1.51514e-05 2.4229e-05 0.00946128 -0.0174821 2.48294e-05 -0.000164487 -0.0174821 0.0865435 
0.00959894 -0.0174893 -1.93986e-05 4.55515e-05 -0.0174893 0.086007 4.09765e-05 -0.000186573 -1.93986e-05 4.09765e-05 0.00946383 -0.0174727 4.55515e-05 -0.000186573 -0.0174727 0.08653 
0.00958177 -0.0174478 -2.78037e-05 5.65058e-05 -0.0174478 0.085823 4.80278e-05 -0.000218009 -2.78037e-05 4.80278e-05 0.00944501 -0.0174212 5.65058e-05 -0.000218009 -0.0174212 0.0862756 
0.00954963 -0.0173931 -3.45719e-05 6.61785e-05 -0.0173931 0.0855445 5.72718e-05 -0.000241795 -3.45719e-05 5.72718e-05 0.00942003 -0.0173705 6.61785e-05 -0.000241795 -0.0173705 0.0859847 
0.00958069 -0.0174271 -2.57816e-05 7.2275e-05 -0.0174271 0.085712 6.55838e-05 -0.000261185 -2.57816e-05 6.55838e-05 0.0094206 -0.0174121 7.2275e-05 -0.000261185 -0.0174121 0.0861611 
0.00957631 -0.0174433 -2.07404e-05 5.83404e-05 -0.0174433 0.0857493 5.42523e-05 -0.000247225 -2.07404e-05 5.42523e-05 0.00941546 -0.0174025 5.83404e-05 -0.000247225 -0.0174025 0.0861769 
0.00957052 -0.0174367 -6.7024e-06 4.50743e-05 -0.0174367 0.0857496 4.38497e-05 -0.00021282 -6.7024e-06 4.38497e-05 0.00941754 -0.0173929 4.50743e-05 -0.00021282 -0.0173929 0.0861567 
0.00956257 -0.0174066 5.05252e-06 2.38941e-05 -0.0174066 0.0856272 2.65074e-05 -0.000164784 5.05252e-06 2.65074e-05 0.00941148 -0.0173766 2.38941e-05 -0.000164784 -0.0173766 0.0860577 
0.00955152 -0.0173873 -3.81354e-06 8.90609e-06 -0.0173873 0.0855063 1.24017e-05 -0.000120916 -3.81354e-06 1.24017e-05 0.00939075 -0.0173565 8.90609e-06 -0.000120916 -0.0173565 0.0859438 
0.00953313 -0.0173371 -2.48219e-06 2.05602e-05 -0.0173371 0.0852466 1.93593e-05 -0.000114307 -2.48219e-06 1.93593e-05 0.00934922 -0.0172904 2.05602e-05 -0.000114307 -0.0172904 0.0856534 
0.00951095 -0.0173348 1.97939e-05 2.66136e-05 -0.0173348 0.0851938 2.12512e-05 -0.00012948 1.97939e-05 2.12512e-05 0.00935098 -0.0172615 2.66136e-05 -0.00012948 -0.0172615 0.0855444 
0.00950319 -0.0173214 1.0428e-05 3.43954e-06 -0.0173214 0.0851885 -1.02878e-06 -0.000106759 1.0428e-05 -1.02878e-06 0.00936494 -0.0172745 3.43954e-06 -0.000106759 -0.0172745 0.0855505 
0.00954382 -0.0173673 1.07684e-05 9.23938e-06 -0.0173673 0.0854418 1.09061e-05 -0.000103108 1.07684e-05 1.09061e-05 0.00939522 -0.0173506 9.23938e-06 -0.000103108 -0.0173506 0.0858684 
0.00956232 -0.0173414 1.22221e-05 7.78821e-06 -0.0173414 0.0852692 1.52533e-05 -0.000112161 1.22221e-05 1.52533e-05 0.00936394 -0.0173196 7.78821e-06 -0.000112161 -0.0173196 0.0857274 
0.00959653 -0.0174382 1.05688e-05 2.6627e-06 -0.0174382 0.0855911 9.36018e-06 -0.00010538 1.05688e-05 9.36018e-06 0.00938733 -0.0173535 2.6627e-06 -0.00010538 -0.0173535 0.0859585 
0.00958263 -0.0174798 2.13575e-05 8.94666e-06 -0.0174798 0.0857882 1.09629e-05 -0.000110034 2.13575e-05 1.09629e-05 0.00941399 -0.0173682 8.94666e-06 -0.000110034 -0.0173682 0.0860456 
0.00957848 -0.0174902 1.1753e-05 1.45738e-06 -0.0174902 0.0859806 -2.20758e-08 -0.000104924 1.1753e-05 -2.20758e-08 0.00943796 -0.0174265 1.45738e-06 -0.000104924 -0.0174265 0.0862684 
0.00952284 -0.0174186 -5.96299e-07 1.25128e-05 -0.0174186 0.0857362 6.36474e-06 -0.000109253 -5.96299e-07 6.36474e-06 0.00944433 -0.0173959 1.25128e-05 -0.000109253 -0.0173959 0.0861231 
0.00949638 -0.0173536 1.70792e-06 2.87701e-05 -0.0173536 0.085538 2.14773e-05 -0.000138098 1.70792e-06 2.14773e-05 0.00945235 -0.0174014 2.87701e-05 -0.000138098 -0.0174014 0.0860666 
0.00947823 -0.0173132 1.27165e-05 2.47201e-05 -0.0173132 0.085372 2.1178e-05 -0.000148834 1.27165e-05 2.1178e-05 0.00945551 -0.0174116 2.47201e-05 -0.000148834 -0.0174116 0.0860554 
0.0094803 -0.0173205 2.77466e-05 6.77888e-06 -0.0173205 0.085411 1.08808e-05 -0.000127188 2.77466e-05 1.08808e-05 0.00947923 -0.0174419 6.77888e-06 -0.000127188 -0.0174419 0.0861846 
0.0094783 -0.0173007 4.02742e-05 -1.41161e-05 -0.0173007 0.0853342 -8.08625e-06 -8.19903e-05 4.02742e-05 -8.08625e-06 0.00949601 -0.0174556 -1.41161e-05 -8.19903e-05 -0.0174556 0.0861984 
0.00948947 -0.0173071 4.8418e-05 -3.23149e-05 -0.0173071 0.0853491 -3.07893e-05 -2.39538e-05 4.8418e-05 -3.07893e-05 0.00950982 -0.0174971 -3.23149e-05 -2.39538e-05 -0.0174971 0.0863217 
0.0095516 -0.0173632 3.70649e-05 -3.77437e-05 -0.0173632 0.0855865 -4.39404e-05 1.41202e-05 3.70649e-05 -4.39404e-05 0.00950424 -0.0175637 -3.77437e-05 1.41202e-05 -0.0175637 0.0866362 
0.00958323 -0.0174037 2.42268e-05 -2.04868e-05 -0.0174037 0.0856383 -3.10267e-05 3.50197e-06 2.42268e-05 -3.10267e-05 0.00947261 -0.0175226 -2.04868e-05 3.50197e-06 -0.0175226 0.0865926 
0.00960317 -0.0174593 3.83462e-05 -5.30849e-06 -0.0174593 0.0858091 -1.45489e-05 -3.09282e-05 3.83462e-05 -1.45489e-05 0.00947589 -0.0175012 -5.30849e-06 -3.09282e-05 -0.0175012 0.0865879 
0.00961219 -0.0174996 5.11915e-05 -2.77858e-05 -0.0174996 0.085997 -3.20884e-05 -1.19119e-05 5.11915e-05 -3.20884e-05 0.00949116 -0.0175185 -2.77858e-05 -1.19119e-05 -0.0175185 0.0866634 
0.00961089 -0.0174914 3.5094e-05 -4.82527e-05 -0.0174914 0.0859868 -4.95709e-05 3.67204e-05 3.5094e-05 -4.95709e-05 0.00948581 -0.0175082 -4.82527e-05 3.67204e-05 -0.0175082 0.0866014 
0.00956845 -0.0174503 5.89634e-06 -2.77564e-05 -0.0174503 0.0857968 -3.13494e-05 2.90029e-05 5.89634e-06 -3.13494e-05 0.0094874 -0.0174768 -2.77564e-05 2.90029e-05 -0.0174768 0.0864313 
0.00956104 -0.0174314 -1.13188e-05 1.09456e-05 -0.0174314 0.0857885 2.06774e-06 -3.49436e-05 -1.13188e-05 2.06774e-06 0.00950162 -0.0175112 1.09456e-05 -3.49436e-05 -0.0175112 0.0865188 
0.00958185 -0.0174339 -5.03665e-06 3.37155e-05 -0.0174339 0.0858427 2.38756e-05 -9.9957e-05 -5.03665e-06 2.38756e-05 0.00949982 -0.0175553 3.37155e-05 -9.9957e-05 -0.0175553 0.0867048 
0.00962622 -0.0175312 1.07218e-05 2.57731e-05 -0.0175312 0.0862562 1.93089e-05 -0.000116944 1.07218e-05 1.93089e-05 0.00953289 -0.0176161 2.57731e-05 -0.000116944 -0.0176161 0.0871051 
0.00970408 -0.017648 1.70413e-05 5.95463e-06 -0.017648 0.0868372 -3.3209e-07 -8.64727e-05 1.70413e-05 -3.3209e-07 0.00956955 -0.0177086 5.95463e-06 -8.64727e-05 -0.0177086 0.0876172 
0.009696 -0.0176471 1.86579e-05 -4.00782e-06 -0.0176471 0.0867879 -1.1825e-05 -4.8996e-05 1.86579e-05 -1.1825e-05 0.00957028 -0.0176604 -4.00782e-06 -4.8996e-05 -0.0176604 0.0874661 
0.00966012 -0.017617 1.71354e-05 -1.02054e-05 -0.017617 0.0866557 -1.69471e-05 -2.12718e-05 1.71354e-05 -1.69471e-05 0.00958185 -0.0176393 -1.02054e-05 -2.12718e-05 -0.0176393 0.0873001 
0.00963845 -0.0175549 2.30617e-05 -1.39547e-05 -0.0175549 0.0864366 -1.56207e-05 -5.66616e-06 2.30617e-05 -1.56207e-05 0.00957568 -0.0176384 -1.39547e-05 -5.66616e-06 -0.0176384 0.0871754 
0.00964334 -0.0175075 2.62699e-05 -2.03502e-05 -0.0175075 0.0861992 -1.6461e-05 9.06148e-07 2.62699e-05 -1.6461e-05 0.00955531 -0.017625 -2.03502e-05 9.06148e-07 -0.017625 0.0870627 
0.00969903 -0.0175653 2.17804e-05 -2.79185e-05 -0.0175653 0.0863622 -2.1418e-05 1.66702e-05 2.17804e-05 -2.1418e-05 0.00953825 -0.01766 -2.79185e-05 1.66702e-05 -0.01766 0.0872521 
0.0097241 -0.0176073 2.84289e-05 -1.84063e-05 -0.0176073 0.0864072 -1.48239e-05 7.84714e-06 2.84289e-05 -1.48239e-05 0.00950432 -0.0176071 -1.84063e-05 7.84714e-06 -0.0176071 0.0871427 
0.00970054 -0.0175898 2.73655e-05 -2.40674e-05 -0.0175898 0.0862377 -2.6245e-05 1.44426e-05 2.73655e-05 -2.6245e-05 0.00946677 -0.0175165 -2.40674e-05 1.44426e-05 -0.0175165 0.0867791 
0.0097177 -0.0176679 2.38758e-05 -2.19696e-05 -0.0176679 0.0866165 -3.2187e-05 2.88119e-05 2.38758e-05 -3.2187e-05 0.00950574 -0.0175638 -2.19696e-05 2.88119e-05 -0.0175638 0.0870203 
0.00973164 -0.0176854 1.83225e-05 -1.45144e-05 -0.0176854 0.0868063 -2.7082e-05 2.20627e-05 1.83225e-05 -2.7082e-05 0.00951862 -0.0176153 -1.45144e-05 2.20627e-05 -0.0176153 0.0872219 
0.00975018 -0.0177144 1.2589e-05 -6.81412e-06 -0.0177144 0.0869703 -1.43287e-05 -2.10721e-06 1.2589e-05 -1.43287e-05 0.00953969 -0.0176367 -6.81412e-06 -2.10721e-06 -0.0176367 0.0873809 
0.00974852 -0.017756 5.29644e-07 -3.69586e-06 -0.017756 0.0871836 -2.24293e-06 -2.57413e-05 5.29644e-07 -2.24293e-06 0.00959088 -0.0176839 -3.69586e-06 -2.57413e-05 -0.0176839 0.0875997 
0.00971208 -0.0176889 -8.25262e-06 1.29216e-05 -0.0176889 0.0869618 1.70543e-05 -6.55136e-05 -8.25262e-06 1.70543e-05 0.00959337 -0.0176784 1.29216e-05 -6.55136e-05 -0.0176784 0.0874708 
0.00969451 -0.0176055 9.1418e-07 2.71832e-05 -0.0176055 0.0866064 2.90508e-05 -0.000108387 9.1418e-07 2.90508e-05 0.0095585 -0.0176506 2.71832e-05 -0.000108387 -0.0176506 0.0872598 
0.00970462 -0.0175651 1.23535e-05 1.65415e-05 -0.0175651 0.0863325 1.84432e-05 -0.000111824 1.23535e-05 1.84432e-05 0.00951113 -0.0176014 1.65415e-05 -0.000111824 -0.0176014 0.0870461 
0.00967721 -0.0175151 2.12452e-05 -1.08029e-06 -0.0175151 0.0859148 4.38781e-06 -8.2347e-05 2.12452e-05 4.38781e-06 0.00945038 -0.017474 -1.08029e-06 -8.2347e-05 -0.017474 0.0865134 
0.00968914 -0.0175971 1.09853e-05 -1.85739e-05 -0.0175971 0.0862191 -1.05732e-05 -3.78176e-05 1.09853e-05 -1.05732e-05 0.00946439 -0.0174978 -1.85739e-05 -3.78176e-05 -0.0174978 0.0866493 
0.00968262 -0.0175958 -1.6692e-06 -8.67613e-06 -0.0175958 0.0862856 5.58248e-07 -3.47272e-05 -1.6692e-06 5.58248e-07 0.00946243 -0.0174931 -8.67613e-06 -3.47272e-05 -0.0174931 0.0866327 
0.00963131 -0.017536 -1.42204e-05 1.21615e-05 -0.017536 0.0860512 1.7808e-05 -7.21089e-05 -1.42204e-05 1.7808e-05 0.00945782 -0.0174493 1.21615e-05 -7.21089e-05 -0.0174493 0.0864108 
0.00960525 -0.0174601 1.08204e-06 3.51826e-05 -0.0174601 0.0857814 3.3962e-05 -0.000124038 1.08204e-06 3.3962e-05 0.00943097 -0.0174326 3.51826e-05 -0.000124038 -0.0174326 0.0862451 
0.00959967 -0.0174829 1.8249e-05 2.13163e-05 -0.0174829 0.0858709 1.73848e-05 -0.000127311 1.8249e-05 1.73848e-05 0.00945731 -0.01745 2.13163e-05 -0.000127311 -0.01745 0.0863728 
0.00962765 -0.0175353 1.54889e-05 -2.44089e-06 -0.0175353 0.0861961 -6.19662e-06 -8.27917e-05 1.54889e-05 -6.19662e-06 0.00949542 -0.0175346 -2.44089e-06 -8.27917e-05 -0.0175346 0.086744 
0.00962457 -0.0175351 -6.87185e-06 -3.70304e-06 -0.0175351 0.0862412 -3.76128e-06 -5.69999e-05 -6.87185e-06 -3.76128e-06 0.00950542 -0.017556 -3.70304e-06 -5.69999e-05 -0.017556 0.0868543 
0.009585 -0.0174662 -2.76177e-06 1.67733e-05 -0.0174662 0.085938 2.20158e-05 -7.98007e-05 -2.76177e-06 2.20158e-05 0.00948637 -0.0174976 1.67733e-05 -7.98007e-05 -0.0174976 0.0865819 
0.00953031 -0.0174043 1.04819e-05 1.38642e-05 -0.0174043 0.0856623 1.85809e-05 -9.20482e-05 1.04819e-05 1.85809e-05 0.0094824 -0.0174596 1.38642e-05 -9.20482e-05 -0.0174596 0.0863541 
0.00950138 -0.0173202 2.00814e-05 -1.91176e-06 -0.0173202 0.0853432 -1.39511e-06 -6.25596e-05 2.00814e-05 -1.39511e-06 0.0094561 -0.0174334 -1.91176e-06 -6.25596e-05 -0.0174334 0.0861416 
0.00949563 -0.0173057 1.62795e-05 -1.34032e-05 -0.0173057 0.0852466 -1.75749e-05 -2.31042e-05 1.62795e-05 -1.75749e-05 0.0094498 -0.017426 -1.34032e-05 -2.31042e-05 -0.017426 0.0861116 
0.00951036 -0.0173037 9.99842e-06 -4.77088e-06 -0.0173037 0.0852215 -9.18812e-06 -2.52984e-05 9.99842e-06 -9.18812e-06 0.0094286 -0.0174232 -4.77088e-06 -2.52984e-05 -0.0174232 0.0861018 
0.00954074 -0.0173373 -1.0833e-05 1.31168e-06 -0.0173373 0.0853033 -7.1345e-07 -4.13503e-05 -1.0833e-05 -7.1345e-07 0.00939507 -0.0174015 1.31168e-06 -4.13503e-05 -0.0174015 0.0860881 
0.00949945 -0.0172805 -1.34037e-05 2.6883e-05 -0.0172805 0.0849291 2.28002e-05 -8.36183e-05 -1.34037e-05 2.28002e-05 0.00932328 -0.0172545 2.6883e-05 -8.36183e-05 -0.0172545 0.0855053 
0.00946455 -0.0172399 -8.59965e-06 3.16961e-05 -0.0172399 0.0847181 2.76752e-05 -0.000113278 -8.59965e-06 2.76752e-05 0.00928732 -0.0171669 3.16961e-05 -0.000113278 -0.0171669 0.0851127 
0.00945653 -0.0172444 -1.65134e-07 2.31897e-05 -0.0172444 0.0847805 2.20806e-05 -0.000109952 -1.65134e-07 2.20806e-05 0.00930266 -0.0171718 2.31897e-05 -0.000109952 -0.0171718 0.0851103 
0.00946322 -0.0172557 2.14202e-06 8.14475e-06 -0.0172557 0.0848986 1.02254e-05 -8.03941e-05 2.14202e-06 1.02254e-05 0.00932125 -0.0172174 8.14475e-06 -8.03941e-05 -0.0172174 0.0852691 
0.0094961 -0.0173341 -5.38044e-06 2.81113e-06 -0.0173341 0.0853032 7.6698e-06 -5.85629e-05 -5.38044e-06 7.6698e-06 0.00937489 -0.017307 2.81113e-06 -5.85629e-05 -0.017307 0.0857145 
0.00950853 -0.0173627 3.94943e-07 1.249e-05 -0.0173627 0.0854962 1.74582e-05 -6.59455e-05 3.94943e-07 1.74582e-05 0.00941396 -0.0173589 1.249e-05 -6.59455e-05 -0.0173589 0.0859525 
0.00951939 -0.0173448 5.63021e-06 9.73093e-06 -0.0173448 0.0854614 9.20026e-06 -6.65581e-05 5.63021e-06 9.20026e-06 0.00941808 -0.0173839 9.73093e-06 -6.65581e-05 -0.0173839 0.0860143 
0.00951044 -0.0172686 1.95176e-05 5.29124e-06 -0.0172686 0.0850341 2.03453e-06 -5.66229e-05 1.95176e-05 2.03453e-06 0.00935197 -0.0173064 5.29124e-06 -5.66229e-05 -0.0173064 0.0856359 
0.00952631 -0.017313 3.36219e-05 -1.00747e-05 -0.017313 0.0850977 -1.33078e-05 -3.18755e-05 3.36219e-05 -1.33078e-05 0.00933416 -0.0172812 -1.00747e-05 -3.18755e-05 -0.0172812 0.085609 
0.00948896 -0.0172904 2.98627e-05 -3.30441e-05 -0.0172904 0.0849338 -3.4753e-05 2.09788e-05 2.98627e-05 -3.4753e-05 0.00931728 -0.0172013 -3.30441e-05 2.09788e-05 -0.0172013 0.0852852 
0.00947291 -0.0173081 2.37145e-05 -2.84671e-05 -0.0173081 0.0850855 -2.83007e-05 3.56824e-05 2.37145e-05 -2.83007e-05 0.00934887 -0.0172361 -2.84671e-05 3.56824e-05 -0.0172361 0.085388 
0.00945404 -0.0172483 1.60175e-05 -1.75909e-05 -0.0172483 0.0849276 -1.63688e-05 1.38719e-05 1.60175e-05 -1.63688e-05 0.00934062 -0.0172443 -1.75909e-05 1.38719e-05 -0.0172443 0.085341 
0.00945563 -0.0172364 6.2734e-06 -8.45941e-06 -0.0172364 0.0848788 -8.36935e-06 -9.40332e-06 6.2734e-06 -8.36935e-06 0.00933158 -0.0172506 -8.45941e-06 -9.40332e-06 -0.0172506 0.085384 
0.00944566 -0.0172192 3.45321e-06 3.68932e-06 -0.0172192 0.0847783 4.30404e-06 -3.80291e-05 3.45321e-06 4.30404e-06 0.00931805 -0.0172252 3.68932e-06 -3.80291e-05 -0.0172252 0.0853045 
0.00944162 -0.0172131 6.51441e-06 7.79306e-06 -0.0172131 0.0847426 1.18941e-05 -6.24207e-05 6.51441e-06 1.18941e-05 0.00932206 -0.0172124 7.79306e-06 -6.24207e-05 -0.0172124 0.0852614 
0.00942802 -0.0172264 1.59579e-06 1.68377e-06 -0.0172264 0.08482 7.37188e-06 -6.05185e-05 1.59579e-06 7.37188e-06 0.00936264 -0.0172442 1.68377e-06 -6.05185e-05 -0.0172442 0.0853726 
0.00945792 -0.0172292 -1.42397e-05 5.36139e-06 -0.0172292 0.0849285 1.05817e-05 -5.90709e-05 -1.42397e-05 1.05817e-05 0.00936143 -0.0173168 5.36139e-06 -5.90709e-05 -0.0173168 0.0856127 
0.00949805 -0.0173086 -2.98729e-05 2.2922e-05 -0.0173086 0.0852363 2.78479e-05 -8.33471e-05 -2.98729e-05 2.78479e-05 0.0093776 -0.0173539 2.2922e-05 -8.33471e-05 -0.0173539 0.0859189 
0.00953379 -0.0173707 -3.00672e-05 4.44917e-05 -0.0173707 0.0855227 4.39643e-05 -0.000123257 -3.00672e-05 4.39643e-05 0.00938971 -0.0173769 4.44917e-05 -0.000123257 -0.0173769 0.0861101 
0.0095328 -0.0173995 -1.53908e-05 5.25698e-05 -0.0173995 0.0856418 4.39594e-05 -0.000151751 -1.53908e-05 4.39594e-05 0.00941257 -0.0173667 5.25698e-05 -0.000151751 -0.0173667 0.086112 
0.00948531 -0.0173334 2.04149e-05 3.72465e-05 -0.0173334 0.085374 2.25558e-05 -0.000132052 2.04149e-05 2.25558e-05 0.00942581 -0.0173257 3.72465e-05 -0.000132052 -0.0173257 0.0858251 
0.00950731 -0.01737 3.0521e-05 -7.94119e-06 -0.01737 0.0856258 -2.14124e-05 -5.03523e-05 3.0521e-05 -2.14124e-05 0.00949225 -0.0174422 -7.94119e-06 -5.03523e-05 -0.0174422 0.0862153 
0.00953521 -0.017375 1.90189e-05 -2.89666e-05 -0.017375 0.0856872 -3.73363e-05 2.57494e-05 1.90189e-05 -3.73363e-05 0.00950706 -0.0175202 -2.89666e-05 2.57494e-05 -0.0175202 0.0864822 
0.00955354 -0.0173958 3.08523e-06 -1.56321e-05 -0.0173958 0.0857206 -1.90568e-05 2.63487e-05 3.08523e-06 -1.90568e-05 0.00949442 -0.0175421 -1.56321e-05 2.63487e-05 -0.0175421 0.086625 
0.00955928 -0.0174063 2.84686e-06 6.82174e-06 -0.0174063 0.0857162 6.69812e-06 -2.24485e-05 2.84686e-06 6.69812e-06 0.00947186 -0.0175136 6.82174e-06 -2.24485e-05 -0.0175136 0.0865922 
0.0095376 -0.0173658 -1.09209e-06 8.03421e-06 -0.0173658 0.0854926 7.85227e-06 -4.92729e-05 -1.09209e-06 7.85227e-06 0.00943196 -0.0174373 8.03421e-06 -4.92729e-05 -0.0174373 0.0862938 
0.0094505 -0.0172411 1.80886e-05 1.01671e-05 -0.0172411 0.0848554 1.06021e-05 -5.65194e-05 1.80886e-05 1.06021e-05 0.00938204 -0.0172815 1.01671e-05 -5.65194e-05 -0.0172815 0.0855653 
0.00944729 -0.0172276 3.34482e-05 -1.53607e-05 -0.0172276 0.0848473 -1.382e-05 -1.9169e-05 3.34482e-05 -1.382e-05 0.00939119 -0.0173075 -1.53607e-05 -1.9169e-05 -0.0173075 0.0855762 
0.0094287 -0.0172048 3.99661e-05 -3.63692e-05 -0.0172048 0.0847416 -3.4645e-05 3.78256e-05 3.99661e-05 -3.4645e-05 0.00938227 -0.0173058 -3.63692e-05 3.78256e-05 -0.0173058 0.0855323 
0.00945255 -0.0172295 3.87074e-05 -4.72489e-05 -0.0172295 0.0848867 -4.76513e-05 8.40679e-05 3.87074e-05 -4.76513e-05 0.00937873 -0.0173396 -4.72489e-05 8.40679e-05 -0.0173396 0.0857119 
0.00946368 -0.0172561 2.78956e-05 -4.59422e-05 -0.0172561 0.0849861 -4.98046e-05 0.000105467 2.78956e-05 -4.98046e-05 0.00938872 -0.0173304 -4.59422e-05 0.000105467 -0.0173304 0.0857616 
0.00953818 -0.017346 7.07828e-06 -3.10506e-05 -0.017346 0.0854218 -3.67724e-05 9.07144e-05 7.07828e-06 -3.67724e-05 0.0094066 -0.0174081 -3.10506e-05 9.07144e-05 -0.0174081 0.0861359 
0.00957129 -0.0174106 -2.02892e-05 -4.11229e-06 -0.0174106 0.0856363 -1.11344e-05 4.06469e-05 -2.02892e-05 -1.11344e-05 0.00941086 -0.0174074 -4.11229e-06 4.06469e-05 -0.0174074 0.0862301 
0.00959445 -0.0174124 -3.67346e-05 3.27463e-05 -0.0174124 0.0856142 2.77871e-05 -4.53361e-05 -3.67346e-05 2.77871e-05 0.00938323 -0.0173771 3.27463e-05 -4.53361e-05 -0.0173771 0.0861021 
0.0096204 -0.01746 -4.11036e-05 5.44749e-05 -0.01746 0.0857372 5.577e-05 -0.00012773 -4.11036e-05 5.577e-05 0.00938544 -0.0173619 5.44749e-05 -0.00012773 -0.0173619 0.0860903 
0.00960566 -0.0174481 -1.04183e-05 5.73009e-05 -0.0174481 0.0856241 6.38035e-05 -0.00016666 -1.04183e-05 6.38035e-05 0.00937959 -0.0173193 5.73009e-05 -0.00016666 -0.0173193 0.0858662 
0.00960732 -0.0174862 -6.15287e-06 1.60622e-05 -0.0174862 0.0858062 2.2133e-05 -0.000110869 -6.15287e-06 2.2133e-05 0.00942072 -0.0173667 1.60622e-05 -0.000110869 -0.0173667 0.0860234 
0.0096204 -0.0175473 -3.71659e-06 9.6899e-06 -0.0175473 0.0861761 5.03148e-06 -5.14091e-05 -3.71659e-06 5.03148e-06 0.00949007 -0.01748 9.6899e-06 -5.14091e-05 -0.01748 0.0864799 
0.00961951 -0.0175258 7.26525e-06 8.75932e-06 -0.0175258 0.0861908 -6.22045e-06 -1.70361e-05 7.26525e-06 -6.22045e-06 0.00950894 -0.0175375 8.75932e-06 -1.70361e-05 -0.0175375 0.0866753 
0.00964974 -0.0175315 1.80017e-05 -6.12465e-07 -0.0175315 0.0862444 -1.98762e-05 1.08255e-05 1.80017e-05 -1.98762e-05 0.0095035 -0.0175807 -6.12465e-07 1.08255e-05 -0.0175807 0.0868846 
0.00966789 -0.0175938 1.87951e-05 -1.48043e-05 -0.0175938 0.0864722 -3.17565e-05 4.31654e-05 1.87951e-05 -3.17565e-05 0.00952711 -0.0176116 -1.48043e-05 4.31654e-05 -0.0176116 0.0871379 
0.00966268 -0.0175558 1.61667e-05 -1.94511e-05 -0.0175558 0.0863253 -3.03047e-05 6.09968e-05 1.61667e-05 -3.03047e-05 0.00949922 -0.017578 -1.94511e-05 6.09968e-05 -0.017578 0.0869907 
0.0096541 -0.017541 1.56561e-05 -1.99264e-05 -0.017541 0.0862115 -2.8074e-05 6.85767e-05 1.56561e-05 -2.8074e-05 0.00948666 -0.0175429 -1.99264e-05 6.85767e-05 -0.0175429 0.0868674 
0.00966508 -0.0175651 3.77556e-05 -1.89244e-05 -0.0175651 0.0863103 -3.04611e-05 7.27328e-05 3.77556e-05 -3.04611e-05 0.00950122 -0.0175555 -1.89244e-05 7.27328e-05 -0.0175555 0.0869343 
0.00965935 -0.0176052 5.49663e-05 -4.81404e-05 -0.0176052 0.0865017 -5.97669e-05 0.000122793 5.49663e-05 -5.97669e-05 0.00954502 -0.0175937 -4.81404e-05 0.000122793 -0.0175937 0.0871033 
0.00965103 -0.0175822 5.62469e-05 -7.8125e-05 -0.0175822 0.0864911 -8.45809e-05 0.000200623 5.62469e-05 -8.45809e-05 0.00956255 -0.0176228 -7.8125e-05 0.000200623 -0.0176228 0.0871533 
0.00966034 -0.0176155 4.69953e-05 -8.21026e-05 -0.0176155 0.0866829 -8.19329e-05 0.000233229 4.69953e-05 -8.19329e-05 0.0096034 -0.0176884 -8.21026e-05 0.000233229 -0.0176884 0.0874299 
0.00965273 -0.0175257 2.68167e-05 -6.60898e-05 -0.0175257 0.086292 -6.14027e-05 0.000205244 2.68167e-05 -6.14027e-05 0.00956493 -0.0176361 -6.60898e-05 0.000205244 -0.0176361 0.0871265 
0.00968 -0.0175503 2.68147e-06 -3.7329e-05 -0.0175503 0.0862795 -2.81117e-05 0.000132885 2.68147e-06 -2.81117e-05 0.00954168 -0.0176342 -3.7329e-05 0.000132885 -0.0176342 0.0871235 
0.00972343 -0.0175792 -1.28824e-05 -8.12774e-06 -0.0175792 0.0863002 5.45884e-06 4.75715e-05 -1.28824e-05 5.45884e-06 0.00949358 -0.0175993 -8.12774e-06 4.75715e-05 -0.0175993 0.0870345 
0.0097877 -0.0176753 -1.46526e-05 1.43381e-05 -0.0176753 0.0866111 3.41232e-05 -3.67915e-05 -1.46526e-05 3.41232e-05 0.00946738 -0.0175948 1.43381e-05 -3.67915e-05 -0.0175948 0.087154 
0.00980813 -0.0177905 -8.76754e-06 1.53317e-05 -0.0177905 0.0870415 3.92482e-05 -7.62086e-05 -8.76754e-06 3.92482e-05 0.00949988 -0.0175897 1.53317e-05 -7.62086e-05 -0.0175897 0.087301 
0.00976703 -0.017764 1.06374e-06 6.24107e-06 -0.017764 0.0870177 3.12362e-05 -7.56357e-05 1.06374e-06 3.12362e-05 0.00952071 -0.0175749 6.24107e-06 -7.56357e-05 -0.0175749 0.0871702 
0.00967756 -0.0176273 1.42845e-05 -8.66758e-06 -0.0176273 0.086489 1.09348e-05 -3.92388e-05 1.42845e-05 1.09348e-05 0.00950292 -0.0175106 -8.66758e-06 -3.92388e-05 -0.0175106 0.0867296 
0.00964179 -0.0175567 1.17541e-05 -1.95753e-05 -0.0175567 0.0862622 -7.42514e-06 -2.71254e-06 1.17541e-05 -7.42514e-06 0.00951915 -0.017529 -1.95753e-05 -2.71254e-06 -0.017529 0.0866952 
0.00964123 -0.0175292 2.00276e-05 -1.48026e-05 -0.0175292 0.0861789 -1.10971e-05 1.50139e-05 2.00276e-05 -1.10971e-05 0.00953574 -0.0175713 -1.48026e-05 1.50139e-05 -0.0175713 0.086808 
0.00962953 -0.0174884 1.8502e-05 -1.37193e-05 -0.0174884 0.0859518 -1.86606e-05 1.43477e-05 1.8502e-05 -1.86606e-05 0.00951369 -0.0175585 -1.37193e-05 1.43477e-05 -0.0175585 0.0867099 
0.00965227 -0.0175097 6.07505e-06 -6.54636e-06 -0.0175097 0.086007 -1.56419e-05 2.34524e-06 6.07505e-06 -1.56419e-05 0.00951514 -0.0175705 -6.54636e-06 2.34524e-06 -0.0175705 0.0867978 
0.00969107 -0.0175689 1.39653e-05 3.02457e-06 -0.0175689 0.0862311 -8.28699e-06 -7.38562e-06 1.39653e-05 -8.28699e-06 0.00951193 -0.0176049 3.02457e-06 -7.38562e-06 -0.0176049 0.086993 
0.00972534 -0.0176754 3.87736e-05 -6.31596e-06 -0.0176754 0.0866927 -1.48862e-05 -2.77029e-06 3.87736e-05 -1.48862e-05 0.0095411 -0.0176555 -6.31596e-06 -2.77029e-06 -0.0176555 0.0873487 
0.00970899 -0.0176872 3.78753e-05 -3.95938e-05 -0.0176872 0.086832 -4.45413e-05 5.26687e-05 3.78753e-05 -4.45413e-05 0.00955569 -0.017668 -3.95938e-05 5.26687e-05 -0.017668 0.0874481 
0.00972797 -0.0176882 2.71805e-05 -4.73282e-05 -0.0176882 0.0869622 -5.11592e-05 0.000102618 2.71805e-05 -5.11592e-05 0.00956544 -0.0177021 -4.73282e-05 0.000102618 -0.0177021 0.0876227 
0.00972066 -0.017635 1.55173e-05 -3.34853e-05 -0.017635 0.0866901 -3.6651e-05 9.76747e-05 1.55173e-05 -3.6651e-05 0.00952172 -0.0176382 -3.34853e-05 9.76747e-05 -0.0176382 0.0873574 
0.00970624 -0.0176329 9.11175e-06 -1.84134e-05 -0.0176329 0.0865787 -1.81104e-05 6.1827e-05 9.11175e-06 -1.81104e-05 0.00951037 -0.0175737 -1.84134e-05 6.1827e-05 -0.0175737 0.0871225 
0.00968903 -0.0176079 1.4761e-05 -1.34276e-05 -0.0176079 0.0864642 -1.15549e-05 4.0382e-05 1.4761e-05 -1.15549e-05 0.00950671 -0.0175437 -1.34276e-05 4.0382e-05 -0.0175437 0.0869227 
0.00966099 -0.0175948 2.24051e-05 -1.91032e-05 -0.0175948 0.086416 -2.09549e-05 4.57597e-05 2.24051e-05 -2.09549e-05 0.00953335 -0.0175527 -1.91032e-05 4.57597e-05 -0.0175527 0.0868889 
0.00964205 -0.0175764 1.66587e-05 -2.30181e-05 -0.0175764 0.0864168 -2.97879e-05 5.56467e-05 1.66587e-05 -2.97879e-05 0.00955691 -0.0176042 -2.30181e-05 5.56467e-05 -0.0176042 0.087015 
0.00961275 -0.0175252 3.09308e-06 -1.73257e-05 -0.0175252 0.0862473 -2.20466e-05 5.00435e-05 3.09308e-06 -2.20466e-05 0.00956093 -0.0176142 -1.73257e-05 5.00435e-05 -0.0176142 0.0870113 
0.00961839 -0.0175204 -1.98097e-05 -1.66876e-06 -0.0175204 0.0862711 -1.08182e-06 1.56498e-05 -1.98097e-05 -1.08182e-06 0.00956704 -0.0176535 -1.66876e-06 1.56498e-05 -0.0176535 0.0871791 
0.00964595 -0.0175328 -1.26417e-05 2.44936e-05 -0.0175328 0.0863264 2.78782e-05 -4.27073e-05 -1.26417e-05 2.78782e-05 0.00954611 -0.0176679 2.44936e-05 -4.27073e-05 -0.0176679 0.0872948 
0.00966182 -0.0175627 -3.87865e-06 1.87216e-05 -0.0175627 0.0863811 1.91655e-05 -6.05671e-05 -3.87865e-06 1.91655e-05 0.00953388 -0.0176257 1.87216e-05 -6.05671e-05 -0.0176257 0.0872375 
