0.00699079 0 5.1727e-05 0 0 0.00976044 0 0 5.1727e-05 0 0.00684399 0 0 0 0 0.00976044 
0.0100622 -0.0124886 3.90544e-05 -4.462e-05 -0.0124886 0.0330562 -4.462e-05 8.50161e-05 3.90544e-05 -4.462e-05 0.00988024 -0.0122664 -4.462e-05 8.50161e-05 -0.0122664 0.0326296 
0.00982216 -0.0183415 3.10004e-05 6.16902e-05 -0.0183415 0.0675214 6.16902e-05 -0.000227878 3.10004e-05 6.16902e-05 0.00973568 -0.0181259 6.16902e-05 -0.000227878 -0.0181259 0.0668534 
0.00930236 -0.0179849 5.44992e-05 0.000131302 -0.0179849 0.0806497 0.000116223 -0.000796065 5.44992e-05 0.000116223 0.00926759 -0.0179996 0.000131302 -0.000796065 -0.0179996 0.0807471 
0.00901796 -0.0168364 8.19938e-05 8.09731e-05 -0.0168364 0.0812219 5.35718e-05 -0.00087365 8.19938e-05 5.35718e-05 0.00898687 -0.0169248 8.09731e-05 -0.00087365 -0.0169248 0.0818615 
0.00926678 -0.0169827 9.53248e-05 1.04364e-06 -0.0169827 0.0833245 -2.25404e-05 -0.000602426 9.53248e-05 -2.25404e-05 0.00920256 -0.0170409 1.04364e-06 -0.000602426 -0.0170409 0.0839668 
0.00950684 -0.0173485 0.000112924 -4.00971e-05 -0.0173485 0.0853213 -5.52242e-05 -0.000331661 0.000112924 -5.52242e-05 0.00939399 -0.0173441 -4.00971e-05 -0.000331661 -0.0173441 0.0857557 
0.00970252 -0.0177365 0.000104964 -6.32786e-05 -0.0177365 0.0872845 -7.49279e-05 -0.000169768 0.000104964 -7.49279e-05 0.00960135 -0.0176564 -6.32786e-05 -0.000169768 -0.0176564 0.0874658 
0.00947424 -0.0173365 0.000101908 -4.76831e-05 -0.0173365 0.0854333 -5.70631e-05 -0.00012263 0.000101908 -5.70631e-05 0.00943168 -0.0172674 -4.76831e-05 -0.00012263 -0.0172674 0.0855028 
0.00933188 -0.0170817 8.90337e-05 -4.18111e-05 -0.0170817 0.084269 -4.45767e-05 -0.000135713 8.90337e-05 -4.45767e-05 0.00934977 -0.0170958 -4.18111e-05 -0.000135713 -0.0170958 0.0844571 
0.0096904 -0.0177305 8.99364e-05 -2.80315e-05 -0.0177305 0.0875301 -2.62398e-05 -0.000182332 8.99364e-05 -2.62398e-05 0.00975612 -0.0178489 -2.80315e-05 -0.000182332 -0.0178489 0.0879957 
0.00965185 -0.0176222 9.60482e-05 -2.2327e-05 -0.0176222 0.0870117 -1.70653e-05 -0.000218434 9.60482e-05 -1.70653e-05 0.00971726 -0.0178166 -2.2327e-05 -0.000218434 -0.0178166 0.0877394 
0.00961703 -0.0175919 9.80428e-05 -3.30194e-05 -0.0175919 0.0867897 -1.97954e-05 -0.000223016 9.80428e-05 -1.97954e-05 0.00970954 -0.0177966 -3.30194e-05 -0.000223016 -0.0177966 0.0876561 
0.00958597 -0.0175228 9.85342e-05 -4.02064e-05 -0.0175228 0.0864796 -1.9741e-05 -0.000214282 9.85342e-05 -1.9741e-05 0.00967976 -0.0177504 -4.02064e-05 -0.000214282 -0.0177504 0.0874107 
0.00955812 -0.0174431 0.000103917 -3.72524e-05 -0.0174431 0.0860732 -2.08161e-05 -0.000214294 0.000103917 -2.08161e-05 0.00961988 -0.0176755 -3.72524e-05 -0.000214294 -0.0176755 0.0870392 
0.00957689 -0.0173996 9.0858e-05 -3.99207e-05 -0.0173996 0.0857618 -3.11244e-05 -0.000205656 9.0858e-05 -3.11244e-05 0.00952669 -0.017573 -3.99207e-05 -0.000205656 -0.017573 0.08662 
0.00956705 -0.0174318 7.17601e-05 -2.45171e-05 -0.0174318 0.0856834 -2.31666e-05 -0.000214302 7.17601e-05 -2.31666e-05 0.00947402 -0.0174536 -2.45171e-05 -0.000214302 -0.0174536 0.0862337 
0.00954628 -0.0174646 7.62901e-05 -3.72661e-06 -0.0174646 0.0858246 -6.1002e-06 -0.000243602 7.62901e-05 -6.1002e-06 0.00948915 -0.0174126 -3.72661e-06 -0.000243602 -0.0174126 0.086082 
0.00954685 -0.0174698 7.97028e-05 -4.72051e-06 -0.0174698 0.0859826 -7.02917e-06 -0.000261148 7.97028e-05 -7.02917e-06 0.00951717 -0.0174576 -4.72051e-06 -0.000261148 -0.0174576 0.086183 
0.0095588 -0.0174602 6.93642e-05 -1.10735e-05 -0.0174602 0.0859963 -1.34948e-05 -0.000251664 6.93642e-05 -1.34948e-05 0.00950929 -0.017486 -1.10735e-05 -0.000251664 -0.017486 0.0862605 
0.00960439 -0.0175262 6.92576e-05 -4.8922e-07 -0.0175262 0.086281 -7.57942e-06 -0.000254661 6.92576e-05 -7.57942e-06 0.00950839 -0.0175313 -4.8922e-07 -0.000254661 -0.0175313 0.0865473 
0.00959644 -0.0175476 7.25619e-05 4.73085e-06 -0.0175476 0.0863293 -6.24418e-06 -0.000265631 7.25619e-05 -6.24418e-06 0.00950074 -0.017492 4.73085e-06 -0.000265631 -0.017492 0.0864889 
0.00959629 -0.0175627 5.12081e-05 -3.58295e-06 -0.0175627 0.0864684 -1.28001e-05 -0.000253786 5.12081e-05 -1.28001e-05 0.00952607 -0.0175096 -3.58295e-06 -0.000253786 -0.0175096 0.086579 
0.00959626 -0.0175559 3.47393e-05 2.22412e-05 -0.0175559 0.0865044 1.51219e-05 -0.000288278 3.47393e-05 1.51219e-05 0.0095463 -0.0175395 2.22412e-05 -0.000288278 -0.0175395 0.086667 
0.00957994 -0.0175295 3.09179e-05 4.09661e-05 -0.0175295 0.0864018 3.38317e-05 -0.000335223 3.09179e-05 3.38317e-05 0.00954709 -0.017545 4.09661e-05 -0.000335223 -0.017545 0.0866531 
0.00955047 -0.0174554 4.28508e-05 4.23012e-05 -0.0174554 0.0860688 3.39074e-05 -0.0003494 4.28508e-05 3.39074e-05 0.00951614 -0.0174983 4.23012e-05 -0.0003494 -0.0174983 0.0864063 
0.00952547 -0.0174086 4.30899e-05 2.72519e-05 -0.0174086 0.0858267 1.89099e-05 -0.000326221 4.30899e-05 1.89099e-05 0.00949363 -0.0174661 2.72519e-05 -0.000326221 -0.0174661 0.0862464 
0.00952533 -0.017372 4.78873e-05 2.55328e-05 -0.017372 0.0856466 1.9881e-05 -0.000311496 4.78873e-05 1.9881e-05 0.00946264 -0.0174397 2.55328e-05 -0.000311496 -0.0174397 0.0861253 
0.00956921 -0.0174561 4.85751e-05 1.80696e-05 -0.0174561 0.0859691 1.35008e-05 -0.000296216 4.85751e-05 1.35008e-05 0.00948827 -0.0174784 1.80696e-05 -0.000296216 -0.0174784 0.0863955 
0.00957941 -0.0175261 5.19909e-05 1.73545e-05 -0.0175261 0.0862723 1.60566e-05 -0.000292786 5.19909e-05 1.60566e-05 0.00952769 -0.0175141 1.73545e-05 -0.000292786 -0.0175141 0.0865995 
0.00957349 -0.0175118 5.22104e-05 1.31738e-05 -0.0175118 0.0863013 1.61001e-05 -0.000292389 5.22104e-05 1.61001e-05 0.00953937 -0.0175388 1.31738e-05 -0.000292389 -0.0175388 0.0866504 
0.00954633 -0.0174749 4.68052e-05 1.40187e-05 -0.0174749 0.0861419 2.16194e-05 -0.000301842 4.68052e-05 2.16194e-05 0.00953076 -0.0175133 1.40187e-05 -0.000301842 -0.0175133 0.0865186 
0.0094931 -0.0173598 3.91478e-05 1.9235e-05 -0.0173598 0.0856203 3.11355e-05 -0.000318434 3.91478e-05 3.11355e-05 0.00947282 -0.0174212 1.9235e-05 -0.000318434 -0.0174212 0.086039 
0.00946483 -0.0173289 3.58077e-05 2.69553e-05 -0.0173289 0.0854444 3.6789e-05 -0.000333455 3.58077e-05 3.6789e-05 0.00945308 -0.0173775 2.69553e-05 -0.000333455 -0.0173775 0.0858514 
0.00942884 -0.0172412 2.51882e-05 2.99734e-05 -0.0172412 0.0850437 3.79495e-05 -0.000340156 2.51882e-05 3.79495e-05 0.00940863 -0.0172933 2.99734e-05 -0.000340156 -0.0172933 0.0854305 
0.00943544 -0.0172649 2.691e-05 4.02581e-05 -0.0172649 0.0851317 4.66358e-05 -0.000351504 2.691e-05 4.66358e-05 0.00942789 -0.0173145 4.02581e-05 -0.000351504 -0.0173145 0.0855165 
0.0094387 -0.0173116 4.34908e-05 3.77783e-05 -0.0173116 0.0853636 4.39222e-05 -0.000353964 4.34908e-05 4.39222e-05 0.00946564 -0.0173686 3.77783e-05 -0.000353964 -0.0173686 0.0857462 
0.00943486 -0.0173193 6.68903e-05 1.39077e-05 -0.0173193 0.0854991 2.13948e-05 -0.000313216 6.68903e-05 2.13948e-05 0.00950176 -0.0174255 1.39077e-05 -0.000313216 -0.0174255 0.0859671 
0.00945589 -0.01733 8.46153e-05 -1.36405e-05 -0.01733 0.0856384 -5.71961e-06 -0.000250686 8.46153e-05 -5.71961e-06 0.00952088 -0.0174941 -1.36405e-05 -0.000250686 -0.0174941 0.0862491 
0.00948055 -0.0173584 8.48941e-05 -3.3236e-05 -0.0173584 0.0857684 -2.72054e-05 -0.000193607 8.48941e-05 -2.72054e-05 0.00951782 -0.0175273 -3.3236e-05 -0.000193607 -0.0175273 0.0864572 
0.00947216 -0.0173377 6.7392e-05 -3.14941e-05 -0.0173377 0.0856297 -3.2218e-05 -0.00016586 6.7392e-05 -3.2218e-05 0.00949154 -0.0174695 -3.14941e-05 -0.00016586 -0.0174695 0.0862811 
0.00948452 -0.017355 7.34122e-05 -4.97569e-06 -0.017355 0.0856923 -1.0196e-05 -0.000200667 7.34122e-05 -1.0196e-05 0.00949203 -0.017462 -4.97569e-06 -0.000200667 -0.017462 0.0862754 
0.00947741 -0.017327 6.99247e-05 -7.12397e-06 -0.017327 0.0855217 -1.01129e-05 -0.000226565 6.99247e-05 -1.01129e-05 0.00946794 -0.017408 -7.12397e-06 -0.000226565 -0.017408 0.0860226 
0.00947836 -0.0173566 7.61691e-05 -9.2418e-06 -0.0173566 0.0856006 -4.25053e-06 -0.000233426 7.61691e-05 -4.25053e-06 0.009484 -0.0174023 -9.2418e-06 -0.000233426 -0.0174023 0.085994 
0.00950706 -0.0173958 8.71883e-05 -1.82929e-05 -0.0173958 0.0858184 -8.77999e-06 -0.000229386 8.71883e-05 -8.77999e-06 0.00950304 -0.0174549 -1.82929e-05 -0.000229386 -0.0174549 0.086175 
0.00949381 -0.0173626 9.84542e-05 -3.2624e-05 -0.0173626 0.0856318 -2.51632e-05 -0.000198 9.84542e-05 -2.51632e-05 0.00948097 -0.017413 -3.2624e-05 -0.000198 -0.017413 0.0859689 
0.00950676 -0.0173832 0.000101601 -4.06622e-05 -0.0173832 0.0857025 -3.85517e-05 -0.000171341 0.000101601 -3.85517e-05 0.00948547 -0.0174256 -4.06622e-05 -0.000171341 -0.0174256 0.0860201 
0.00950246 -0.0173566 0.000113941 -4.51311e-05 -0.0173566 0.0855467 -4.51647e-05 -0.00015101 0.000113941 -4.51647e-05 0.00947176 -0.0173906 -4.51311e-05 -0.00015101 -0.0173906 0.0858453 
0.00951216 -0.0173899 0.000111817 -6.07318e-05 -0.0173899 0.0856487 -6.05306e-05 -0.000121644 0.000111817 -6.05306e-05 0.00949585 -0.0174094 -6.07318e-05 -0.000121644 -0.0174094 0.0859137 
0.00953511 -0.0174613 0.000105222 -6.17255e-05 -0.0174613 0.0860059 -6.32396e-05 -0.00010157 0.000105222 -6.32396e-05 0.00953803 -0.0175034 -6.17255e-05 -0.00010157 -0.0175034 0.0862985 
0.00953151 -0.0174686 8.91123e-05 -4.96127e-05 -0.0174686 0.0861039 -5.36352e-05 -0.000113316 8.91123e-05 -5.36352e-05 0.00954439 -0.0175336 -4.96127e-05 -0.000113316 -0.0175336 0.0864485 
0.00956609 -0.0174597 8.02043e-05 -2.79998e-05 -0.0174597 0.0861274 -3.2508e-05 -0.000155891 8.02043e-05 -3.2508e-05 0.00950477 -0.0175429 -2.79998e-05 -0.000155891 -0.0175429 0.0865317 
0.00960933 -0.0175076 9.19048e-05 -1.50428e-05 -0.0175076 0.0862341 -1.96637e-05 -0.000198611 9.19048e-05 -1.96637e-05 0.00947252 -0.017497 -1.50428e-05 -0.000198611 -0.017497 0.0865158 
0.00963058 -0.0175663 9.81127e-05 -2.9288e-05 -0.0175663 0.0863999 -3.06437e-05 -0.000197569 9.81127e-05 -3.06437e-05 0.00946569 -0.017454 -2.9288e-05 -0.000197569 -0.017454 0.0864413 
0.00960581 -0.0175653 8.77929e-05 -4.10346e-05 -0.0175653 0.0863749 -3.95408e-05 -0.000172556 8.77929e-05 -3.95408e-05 0.00946966 -0.0174086 -4.10346e-05 -0.000172556 -0.0174086 0.0862295 
0.0095772 -0.0175392 9.58264e-05 -3.31893e-05 -0.0175392 0.0863289 -2.85649e-05 -0.000172671 9.58264e-05 -2.85649e-05 0.00948285 -0.0174162 -3.31893e-05 -0.000172671 -0.0174162 0.0861668 
0.00951661 -0.0174189 8.12991e-05 -3.94869e-05 -0.0174189 0.0858315 -3.17805e-05 -0.000174402 8.12991e-05 -3.17805e-05 0.00944986 -0.0173514 -3.94869e-05 -0.000174402 -0.0173514 0.0857673 
0.00948528 -0.0173358 7.18373e-05 -2.15497e-05 -0.0173358 0.0854526 -1.34824e-05 -0.000200004 7.18373e-05 -1.34824e-05 0.00942858 -0.0173128 -2.15497e-05 -0.000200004 -0.0173128 0.0855161 
0.00946391 -0.0172882 6.6531e-05 -3.06485e-06 -0.0172882 0.0851635 4.19212e-06 -0.000251095 6.6531e-05 4.19212e-06 0.009408 -0.0172687 -3.06485e-06 -0.000251095 -0.0172687 0.0852731 
0.00944557 -0.0172918 7.96343e-05 2.79243e-06 -0.0172918 0.0851318 1.09292e-05 -0.000283186 7.96343e-05 1.09292e-05 0.00942059 -0.0172708 2.79243e-06 -0.000283186 -0.0172708 0.0852479 
0.00941485 -0.0172712 8.68224e-05 -1.37974e-05 -0.0172712 0.0850851 -4.65176e-06 -0.000270443 8.68224e-05 -4.65176e-06 0.00944594 -0.017287 -1.37974e-05 -0.000270443 -0.017287 0.085254 
0.00939541 -0.0172555 8.52285e-05 -2.7157e-05 -0.0172555 0.0851176 -1.96402e-05 -0.00023264 8.52285e-05 -1.96402e-05 0.00948097 -0.0173508 -2.7157e-05 -0.00023264 -0.0173508 0.08545 
0.00940036 -0.0172493 9.45153e-05 -2.77131e-05 -0.0172493 0.0851879 -2.51758e-05 -0.000206815 9.45153e-05 -2.51758e-05 0.00949071 -0.0174176 -2.77131e-05 -0.000206815 -0.0174176 0.0857147 
0.00941966 -0.0172583 8.57088e-05 -4.13796e-05 -0.0172583 0.0852462 -4.39025e-05 -0.000166389 8.57088e-05 -4.39025e-05 0.00948224 -0.0174311 -4.13796e-05 -0.000166389 -0.0174311 0.0858585 
0.00945111 -0.0172959 7.75986e-05 -3.09034e-05 -0.0172959 0.085388 -3.91065e-05 -0.000155177 7.75986e-05 -3.91065e-05 0.0094667 -0.0174313 -3.09034e-05 -0.000155177 -0.0174313 0.0859593 
0.00946987 -0.0173255 7.97659e-05 -1.53041e-05 -0.0173255 0.0854727 -2.63547e-05 -0.000181373 7.97659e-05 -2.63547e-05 0.00944639 -0.0173963 -1.53041e-05 -0.000181373 -0.0173963 0.0859071 
0.00946584 -0.0173462 7.17128e-05 -2.18356e-05 -0.0173462 0.0855273 -2.83641e-05 -0.000183911 7.17128e-05 -2.83641e-05 0.00943249 -0.0173543 -2.18356e-05 -0.000183911 -0.0173543 0.0857827 
0.00943615 -0.0172921 6.0745e-05 -1.67362e-05 -0.0172921 0.0853004 -2.00561e-05 -0.000187434 6.0745e-05 -2.00561e-05 0.00939232 -0.0172845 -1.67362e-05 -0.000187434 -0.0172845 0.0854541 
0.00940219 -0.0172366 4.81545e-05 -1.31422e-06 -0.0172366 0.0850451 -2.58804e-06 -0.000218809 4.81545e-05 -2.58804e-06 0.00936742 -0.0172162 -1.31422e-06 -0.000218809 -0.0172162 0.0851459 
0.00937812 -0.0171833 5.62852e-05 1.39114e-05 -0.0171833 0.0848106 1.75891e-05 -0.000262583 5.62852e-05 1.75891e-05 0.00934437 -0.0171785 1.39114e-05 -0.000262583 -0.0171785 0.0849209 
0.00937532 -0.0171882 6.13792e-05 8.19431e-06 -0.0171882 0.0848317 1.67321e-05 -0.000285375 6.13792e-05 1.67321e-05 0.00935465 -0.0171917 8.19431e-06 -0.000285375 -0.0171917 0.0849735 
0.00937083 -0.0171864 6.01333e-05 -1.49101e-06 -0.0171864 0.0848499 9.63994e-06 -0.000274919 6.01333e-05 9.63994e-06 0.00936083 -0.0172097 -1.49101e-06 -0.000274919 -0.0172097 0.0850405 
0.00933715 -0.0171364 6.62722e-05 -6.08281e-06 -0.0171364 0.0846295 9.63059e-06 -0.000259758 6.62722e-05 9.63059e-06 0.0093394 -0.0171724 -6.08281e-06 -0.000259758 -0.0171724 0.0848616 
0.00932402 -0.0171228 7.85675e-05 -1.67135e-05 -0.0171228 0.0845989 -2.59229e-06 -0.00023308 7.85675e-05 -2.59229e-06 0.00934025 -0.0171655 -1.67135e-05 -0.00023308 -0.0171655 0.0848433 
0.00930516 -0.0170457 5.65087e-05 -2.96853e-05 -0.0170457 0.0842702 -2.13675e-05 -0.000192333 5.65087e-05 -2.13675e-05 0.00929255 -0.0171137 -2.96853e-05 -0.000192333 -0.0171137 0.0845654 
0.00935556 -0.017128 4.2855e-05 1.61912e-06 -0.017128 0.0846126 -1.12327e-06 -0.000213863 4.2855e-05 -1.12327e-06 0.00931557 -0.0171668 1.61912e-06 -0.000213863 -0.0171668 0.0848931 
0.00938964 -0.0171422 4.00217e-05 2.40782e-05 -0.0171422 0.084626 1.18259e-05 -0.000258121 4.00217e-05 1.18259e-05 0.00928262 -0.0171379 2.40782e-05 -0.000258121 -0.0171379 0.0848131 
0.00941994 -0.0172096 4.74843e-05 2.53017e-05 -0.0172096 0.084815 1.05384e-05 -0.000271119 4.74843e-05 1.05384e-05 0.00928718 -0.0171148 2.53017e-05 -0.000271119 -0.0171148 0.0848113 
0.00945489 -0.0173169 5.26037e-05 1.74609e-05 -0.0173169 0.0852883 6.74718e-06 -0.000268551 5.26037e-05 6.74718e-06 0.00934302 -0.0171767 1.74609e-05 -0.000268551 -0.0171767 0.0851095 
0.00944327 -0.0173455 6.50652e-05 5.29411e-06 -0.0173455 0.0854942 -2.91356e-07 -0.000247142 6.50652e-05 -2.91356e-07 0.00938244 -0.0172317 5.29411e-06 -0.000247142 -0.0172317 0.0852917 
0.00941122 -0.0172648 7.90886e-05 -1.44327e-05 -0.0172648 0.0852339 -1.58148e-05 -0.000206053 7.90886e-05 -1.58148e-05 0.00936727 -0.0172161 -1.44327e-05 -0.000206053 -0.0172161 0.0851371 
0.00939439 -0.0171748 4.98378e-05 -3.0519e-05 -0.0171748 0.0848061 -3.0155e-05 -0.000166485 4.98378e-05 -3.0155e-05 0.00930841 -0.0171489 -3.0519e-05 -0.000166485 -0.0171489 0.0847994 
0.00937929 -0.017175 5.56214e-05 3.85892e-06 -0.017175 0.0846898 3.92408e-06 -0.000200811 5.56214e-05 3.92408e-06 0.00929056 -0.0171016 3.85892e-06 -0.000200811 -0.0171016 0.0846462 
0.00935009 -0.0171674 7.94917e-05 -4.01305e-07 -0.0171674 0.0846639 -5.39301e-07 -0.00022168 7.94917e-05 -5.39301e-07 0.00930517 -0.0170896 -4.01305e-07 -0.00022168 -0.0170896 0.0845846 
0.00930391 -0.0170866 8.20326e-05 -3.1209e-05 -0.0170866 0.0843692 -2.67653e-05 -0.000179667 8.20326e-05 -2.67653e-05 0.00930224 -0.0170621 -3.1209e-05 -0.000179667 -0.0170621 0.0843617 
0.0096903 -0.0177832 8.00792e-05 -4.02563e-05 -0.0177832 0.0878664 -2.97981e-05 -0.000154563 8.00792e-05 -2.97981e-05 0.00971724 -0.0178194 -4.02563e-05 -0.000154563 -0.0178194 0.0880046 
0.00967571 -0.0177655 6.86811e-05 -3.67927e-05 -0.0177655 0.0877817 -2.09496e-05 -0.000155163 6.86811e-05 -2.09496e-05 0.00973082 -0.0178407 -3.67927e-05 -0.000155163 -0.0178407 0.0880455 
0.00967771 -0.0177625 6.75159e-05 -2.44544e-05 -0.0177625 0.0877869 -8.99346e-06 -0.000175468 6.75159e-05 -8.99346e-06 0.00971943 -0.0178698 -2.44544e-05 -0.000175468 -0.0178698 0.0881439 
0.00967321 -0.0177308 8.84438e-05 -1.57711e-05 -0.0177308 0.0876218 -1.07685e-05 -0.00019272 8.84438e-05 -1.07685e-05 0.00966849 -0.0178176 -1.57711e-05 -0.00019272 -0.0178176 0.0879751 
0.00969859 -0.017762 0.000100546 -3.71817e-05 -0.017762 0.087721 -3.76884e-05 -0.000162415 0.000100546 -3.76884e-05 0.00964509 -0.0177886 -3.71817e-05 -0.000162415 -0.0177886 0.0879644 
0.00973479 -0.0178297 8.55233e-05 -5.93743e-05 -0.0178297 0.0879963 -6.0616e-05 -0.000100615 8.55233e-05 -6.0616e-05 0.00963999 -0.0177917 -5.93743e-05 -0.000100615 -0.0177917 0.0880799 
0.00972354 -0.0178237 8.32749e-05 -4.33025e-05 -0.0178237 0.0879396 -4.41524e-05 -9.52932e-05 8.32749e-05 -4.41524e-05 0.00962321 -0.0177302 -4.33025e-05 -9.52932e-05 -0.0177302 0.0878632 
0.00968779 -0.0177857 8.07944e-05 -3.97677e-05 -0.0177857 0.0877626 -3.66886e-05 -0.000111767 8.07944e-05 -3.66886e-05 0.00961144 -0.0176729 -3.97677e-05 -0.000111767 -0.0176729 0.0875732 
0.00965298 -0.0177393 7.11352e-05 -4.29715e-05 -0.0177393 0.0875942 -3.57185e-05 -0.000109534 7.11352e-05 -3.57185e-05 0.00961095 -0.0176504 -4.29715e-05 -0.000109534 -0.0176504 0.0873914 
0.00965096 -0.017731 7.11138e-05 -3.34975e-05 -0.017731 0.0876159 -2.55108e-05 -0.000119593 7.11138e-05 -2.55108e-05 0.00961516 -0.0176838 -3.34975e-05 -0.000119593 -0.0176838 0.0874806 
0.00964913 -0.0176993 7.45052e-05 -3.15267e-05 -0.0176993 0.0874888 -2.63925e-05 -0.000126484 7.45052e-05 -2.63925e-05 0.00957908 -0.0176694 -3.15267e-05 -0.000126484 -0.0176694 0.0874239 
0.0096331 -0.0176757 6.57603e-05 -3.20424e-05 -0.0176757 0.0873216 -3.22428e-05 -0.000122139 6.57603e-05 -3.22428e-05 0.00955173 -0.0175973 -3.20424e-05 -0.000122139 -0.0175973 0.087196 
0.00961646 -0.0176464 6.27259e-05 -1.86933e-05 -0.0176464 0.0871616 -2.40635e-05 -0.00013658 6.27259e-05 -2.40635e-05 0.00953299 -0.0175425 -1.86933e-05 -0.00013658 -0.0175425 0.0869449 
0.00957733 -0.0175925 5.40422e-05 -1.45916e-05 -0.0175925 0.0868969 -2.20378e-05 -0.000147822 5.40422e-05 -2.20378e-05 0.00951732 -0.0174928 -1.45916e-05 -0.000147822 -0.0174928 0.0866596 
0.0095891 -0.017628 5.83155e-05 -4.86321e-06 -0.017628 0.0871102 -1.4001e-05 -0.00016483 5.83155e-05 -1.4001e-05 0.00955027 -0.0175599 -4.86321e-06 -0.00016483 -0.0175599 0.0869223 
0.00959117 -0.017626 6.16633e-05 -1.00329e-05 -0.017626 0.0871504 -1.80794e-05 -0.000164498 6.16633e-05 -1.80794e-05 0.00955876 -0.0175887 -1.00329e-05 -0.000164498 -0.0175887 0.0870425 
0.00961347 -0.0176143 7.11249e-05 -1.6857e-05 -0.0176143 0.0871151 -2.17061e-05 -0.000151492 7.11249e-05 -2.17061e-05 0.00954174 -0.0175969 -1.6857e-05 -0.000151492 -0.0175969 0.0870904 
0.00962724 -0.0176506 6.99641e-05 -3.08572e-05 -0.0176506 0.0871925 -3.29287e-05 -0.000123946 6.99641e-05 -3.29287e-05 0.00953886 -0.0175873 -3.08572e-05 -0.000123946 -0.0175873 0.087131 
0.00961787 -0.0176562 6.78754e-05 -3.0543e-05 -0.0176562 0.0872007 -3.09248e-05 -0.000113077 6.78754e-05 -3.09248e-05 0.00954294 -0.0175703 -3.0543e-05 -0.000113077 -0.0175703 0.0870761 
0.00963011 -0.0176675 5.51912e-05 -2.87997e-05 -0.0176675 0.0872831 -3.10086e-05 -0.00010993 5.51912e-05 -3.10086e-05 0.00955032 -0.0175847 -2.87997e-05 -0.00010993 -0.0175847 0.0871232 
0.00963911 -0.0176847 4.31066e-05 -9.72121e-06 -0.0176847 0.0873681 -1.31986e-05 -0.000141216 4.31066e-05 -1.31986e-05 0.00956822 -0.0176138 -9.72121e-06 -0.000141216 -0.0176138 0.087244 
0.00961412 -0.0176511 4.6534e-05 6.50382e-06 -0.0176511 0.0872021 5.45043e-06 -0.000186065 4.6534e-05 5.45043e-06 0.00956446 -0.0175911 6.50382e-06 -0.000186065 -0.0175911 0.0871137 
0.00959066 -0.017611 6.44949e-05 2.3818e-06 -0.017611 0.0870299 3.6873e-06 -0.000202031 6.44949e-05 3.6873e-06 0.00956161 -0.0175765 2.3818e-06 -0.000202031 -0.0175765 0.0869948 
0.00955748 -0.0175635 6.79657e-05 -1.69875e-05 -0.0175635 0.0868136 -1.48778e-05 -0.000179417 6.79657e-05 -1.48778e-05 0.0095653 -0.0175575 -1.69875e-05 -0.000179417 -0.0175575 0.0868525 
0.00956654 -0.0175712 5.7191e-05 -2.23134e-05 -0.0175712 0.0868963 -2.35468e-05 -0.00015483 5.7191e-05 -2.35468e-05 0.00958917 -0.0176195 -2.23134e-05 -0.00015483 -0.0176195 0.0870633 
0.00957765 -0.0175748 4.47805e-05 -1.38705e-05 -0.0175748 0.0869172 -1.34478e-05 -0.000156653 4.47805e-05 -1.34478e-05 0.00957763 -0.0176464 -1.38705e-05 -0.000156653 -0.0176464 0.087188 
0.00959434 -0.0175844 5.21475e-05 -2.13383e-06 -0.0175844 0.0869335 3.01724e-06 -0.000182044 5.21475e-05 3.01724e-06 0.0095542 -0.017631 -2.13383e-06 -0.000182044 -0.017631 0.0872076 
0.00962371 -0.0176587 7.11552e-05 -1.10718e-05 -0.0176587 0.0872325 -3.85846e-06 -0.000182256 7.11552e-05 -3.85846e-06 0.00957036 -0.0176448 -1.10718e-05 -0.000182256 -0.0176448 0.0873901 
0.00957335 -0.0175887 7.13119e-05 -3.33822e-05 -0.0175887 0.0869041 -3.12408e-05 -0.000136023 7.13119e-05 -3.12408e-05 0.0095475 -0.0175549 -3.33822e-05 -0.000136023 -0.0175549 0.0869675 
0.00956778 -0.0175468 6.44471e-05 -3.65411e-05 -0.0175468 0.0867476 -4.20176e-05 -9.36855e-05 6.44471e-05 -4.20176e-05 0.00952299 -0.0175404 -3.65411e-05 -9.36855e-05 -0.0175404 0.086812 
0.00957164 -0.0175906 5.79819e-05 -2.24706e-05 -0.0175906 0.0869198 -3.36452e-05 -0.000100166 5.79819e-05 -3.36452e-05 0.00954042 -0.0175702 -2.24706e-05 -0.000100166 -0.0175702 0.0869875 
0.0095729 -0.0175907 5.74175e-05 -1.0387e-05 -0.0175907 0.0869786 -2.17683e-05 -0.00012997 5.74175e-05 -2.17683e-05 0.00954259 -0.0175794 -1.0387e-05 -0.00012997 -0.0175794 0.087046 
0.00955925 -0.0175685 6.27367e-05 -1.2798e-05 -0.0175685 0.0868991 -2.39458e-05 -0.000133569 6.27367e-05 -2.39458e-05 0.00954295 -0.0175648 -1.2798e-05 -0.000133569 -0.0175648 0.0869895 
0.00956135 -0.0175598 4.68397e-05 -2.15395e-05 -0.0175598 0.0868765 -3.23309e-05 -0.000116431 4.68397e-05 -3.23309e-05 0.00954271 -0.0175683 -2.15395e-05 -0.000116431 -0.0175683 0.0869905 
0.00958041 -0.0175794 2.59876e-05 -9.10799e-06 -0.0175794 0.086963 -1.60759e-05 -0.000122227 2.59876e-05 -1.60759e-05 0.00955283 -0.0175925 -9.10799e-06 -0.000122227 -0.0175925 0.0871063 
0.00963669 -0.017649 1.59954e-06 1.59794e-05 -0.017649 0.0872749 1.41268e-05 -0.000173574 1.59954e-06 1.41268e-05 0.00957551 -0.017658 1.59794e-05 -0.000173574 -0.017658 0.0874325 
0.00964739 -0.017685 2.27471e-05 4.53893e-05 -0.017685 0.087364 4.63955e-05 -0.000246311 2.27471e-05 4.63955e-05 0.00958668 -0.0176567 4.53893e-05 -0.000246311 -0.0176567 0.0874746 
0.00962065 -0.0176971 4.94996e-05 2.55472e-05 -0.0176971 0.0874103 2.98139e-05 -0.000258881 4.94996e-05 2.98139e-05 0.00961848 -0.0176573 2.55472e-05 -0.000258881 -0.0176573 0.0874629 
0.00963165 -0.0176694 5.77801e-05 -4.47555e-06 -0.0176694 0.0874043 9.02089e-07 -0.00021415 5.77801e-05 9.02089e-07 0.0096131 -0.0177053 -4.47555e-06 -0.00021415 -0.0177053 0.0875574 
0.00964695 -0.0176734 7.24682e-05 -1.32585e-05 -0.0176734 0.0873723 -8.67456e-06 -0.000180111 7.24682e-05 -8.67456e-06 0.00959965 -0.0176946 -1.32585e-05 -0.000180111 -0.0176946 0.0875687 
0.00963007 -0.0176382 6.37604e-05 -3.14389e-05 -0.0176382 0.0871276 -2.48594e-05 -0.00014502 6.37604e-05 -2.48594e-05 0.00957079 -0.0176251 -3.14389e-05 -0.00014502 -0.0176251 0.0872773 
0.00965174 -0.0176558 5.26246e-05 -2.44658e-05 -0.0176558 0.0871722 -1.58314e-05 -0.000141362 5.26246e-05 -1.58314e-05 0.00955877 -0.0176283 -2.44658e-05 -0.000141362 -0.0176283 0.0872759 
0.00967385 -0.017711 5.78531e-05 -5.09354e-06 -0.017711 0.0873654 -1.71066e-06 -0.000174793 5.78531e-05 -1.71066e-06 0.00956636 -0.0176402 -5.09354e-06 -0.000174793 -0.0176402 0.0873847 
0.00971028 -0.017783 4.87291e-05 -9.50684e-06 -0.017783 0.0877083 -1.04937e-05 -0.00018133 4.87291e-05 -1.04937e-05 0.00959763 -0.0176885 -9.50684e-06 -0.00018133 -0.0176885 0.0876422 
0.00970891 -0.0178166 4.36285e-05 1.63878e-06 -0.0178166 0.0878753 -2.62645e-06 -0.000192921 4.36285e-05 -2.62645e-06 0.00963992 -0.0177155 1.63878e-06 -0.000192921 -0.0177155 0.0877677 
0.00968787 -0.0177847 6.74183e-05 8.74044e-06 -0.0177847 0.0877971 3.31232e-06 -0.000209486 6.74183e-05 3.31232e-06 0.00967096 -0.0177372 8.74044e-06 -0.000209486 -0.0177372 0.0877553 
0.00968261 -0.0178047 8.21626e-05 -2.02692e-05 -0.0178047 0.0879413 -2.38381e-05 -0.000175302 8.21626e-05 -2.38381e-05 0.00972584 -0.017821 -2.02692e-05 -0.000175302 -0.017821 0.0880369 
0.00930382 -0.0170863 6.9803e-05 -3.63259e-05 -0.0170863 0.0844786 -3.67786e-05 -0.000128043 6.9803e-05 -3.67786e-05 0.00934975 -0.0171748 -3.63259e-05 -0.000128043 -0.0171748 0.0847408 
0.00933506 -0.017091 7.35944e-05 -2.34245e-05 -0.017091 0.0844959 -2.38917e-05 -0.000134964 7.35944e-05 -2.38917e-05 0.00933284 -0.0171882 -2.34245e-05 -0.000134964 -0.0171882 0.0848471 
0.0093818 -0.0171451 7.84277e-05 -2.51868e-05 -0.0171451 0.0846488 -2.83184e-05 -0.00014211 7.84277e-05 -2.83184e-05 0.00931536 -0.0171822 -2.51868e-05 -0.00014211 -0.0171822 0.0849307 
0.00940689 -0.0171754 5.12765e-05 -2.67528e-05 -0.0171754 0.0846745 -3.37244e-05 -0.000139897 5.12765e-05 -3.37244e-05 0.00928734 -0.0171272 -2.67528e-05 -0.000139897 -0.0171272 0.0847727 
0.00942977 -0.017249 2.58703e-05 8.057e-06 -0.017249 0.0849414 -3.78083e-08 -0.000193268 2.58703e-05 -3.78083e-08 0.00930776 -0.0171339 8.057e-06 -0.000193268 -0.0171339 0.0848566 
0.00946071 -0.0173271 3.5966e-05 3.97161e-05 -0.0173271 0.0853363 3.39758e-05 -0.000276972 3.5966e-05 3.39758e-05 0.00934667 -0.0171991 3.97161e-05 -0.000276972 -0.0171991 0.0851496 
0.00945998 -0.0173299 3.7936e-05 2.80711e-05 -0.0173299 0.085399 2.79448e-05 -0.000302553 3.7936e-05 2.79448e-05 0.00936338 -0.0172177 2.80711e-05 -0.000302553 -0.0172177 0.0852152 
0.00942595 -0.0172994 4.2611e-05 2.15414e-05 -0.0172994 0.0852865 2.65613e-05 -0.000296705 4.2611e-05 2.65613e-05 0.00937884 -0.0172148 2.15414e-05 -0.000296705 -0.0172148 0.0851627 
0.00943033 -0.0172895 6.21305e-05 1.81482e-05 -0.0172895 0.0853487 2.43087e-05 -0.000294537 6.21305e-05 2.43087e-05 0.00939638 -0.0172849 1.81482e-05 -0.000294537 -0.0172849 0.0854023 
0.00938775 -0.0172134 7.94693e-05 -1.05304e-06 -0.0172134 0.084992 -1.69361e-06 -0.000261443 7.94693e-05 -1.69361e-06 0.00938171 -0.0172346 -1.05304e-06 -0.000261443 -0.0172346 0.0851826 
0.00940393 -0.0171898 6.85175e-05 -2.02308e-05 -0.0171898 0.0849043 -2.5638e-05 -0.000211057 6.85175e-05 -2.5638e-05 0.00937124 -0.0172533 -2.02308e-05 -0.000211057 -0.0172533 0.0852197 
0.00938818 -0.0171672 5.60329e-05 -1.06954e-05 -0.0171672 0.0846888 -1.51195e-05 -0.000201146 5.60329e-05 -1.51195e-05 0.00934173 -0.0171986 -1.06954e-05 -0.000201146 -0.0171986 0.0850107 
0.00936164 -0.0171653 4.06068e-05 -1.93419e-06 -0.0171653 0.0846328 1.89759e-06 -0.000218821 4.06068e-05 1.89759e-06 0.0093365 -0.0171624 -1.93419e-06 -0.000218821 -0.0171624 0.0848696 
0.00932249 -0.0171395 4.73055e-05 1.29765e-05 -0.0171395 0.0845715 2.06006e-05 -0.000252747 4.73055e-05 2.06006e-05 0.00934296 -0.0171464 1.29765e-05 -0.000252747 -0.0171464 0.0847632 
0.00928219 -0.0170785 3.91538e-05 6.24961e-06 -0.0170785 0.0844088 1.22212e-05 -0.000254848 3.91538e-05 1.22212e-05 0.00934736 -0.017148 6.24961e-06 -0.000254848 -0.017148 0.0846908 
0.00928707 -0.0170554 3.73243e-05 1.32017e-05 -0.0170554 0.0843891 1.71972e-05 -0.000253475 3.73243e-05 1.71972e-05 0.00935246 -0.0171813 1.32017e-05 -0.000253475 -0.0171813 0.0848056 
0.00930843 -0.0170493 2.65121e-05 2.0333e-05 -0.0170493 0.0843465 2.22998e-05 -0.000269266 2.65121e-05 2.22998e-05 0.00933371 -0.0171845 2.0333e-05 -0.000269266 -0.0171845 0.0848419 
0.00932397 -0.0170874 2.20286e-05 3.56464e-05 -0.0170874 0.0844312 3.62548e-05 -0.000300262 2.20286e-05 3.62548e-05 0.00933458 -0.0171707 3.56464e-05 -0.000300262 -0.0171707 0.0848664 
