0.00673305 0 8.26607e-05 0 0 0.00941954 0 0 8.26607e-05 0 0.00658565 0 0 0 0 0.00941954 
0.00974082 -0.0120898 8.65205e-05 -0.000105584 -0.0120898 0.0320155 -0.000105584 0.000202157 8.65205e-05 -0.000105584 0.00954749 -0.0118515 -0.000105584 0.000202157 -0.0118515 0.031559 
0.00995683 -0.0185468 5.62596e-05 -5.26054e-05 -0.0185468 0.0682935 -5.26054e-05 0.000147972 5.62596e-05 -5.26054e-05 0.00978207 -0.0182505 -5.26054e-05 0.000147972 -0.0182505 0.0673531 
0.0093732 -0.0180896 4.32777e-05 7.87032e-05 -0.0180896 0.0810389 7.9449e-05 -0.000531578 4.32777e-05 7.9449e-05 0.00925051 -0.0179202 7.87032e-05 -0.000531578 -0.0179202 0.080516 
0.00904868 -0.0169181 6.11072e-05 8.0525e-05 -0.0169181 0.0815028 8.42541e-05 -0.000840839 6.11072e-05 8.42541e-05 0.00898283 -0.0168258 8.0525e-05 -0.000840839 -0.0168258 0.0814146 
0.00926243 -0.0170186 8.36734e-05 9.99529e-06 -0.0170186 0.0834792 1.86058e-05 -0.00066049 8.36734e-05 1.86058e-05 0.00923034 -0.0169803 9.99529e-06 -0.00066049 -0.0169803 0.0835648 
0.00940516 -0.0172307 7.76535e-05 -4.61284e-05 -0.0172307 0.0847962 -3.15692e-05 -0.000373601 7.76535e-05 -3.15692e-05 0.00940662 -0.0172218 -4.61284e-05 -0.000373601 -0.0172218 0.0849305 
0.00956905 -0.0175266 7.14869e-05 -4.06917e-05 -0.0175266 0.0864015 -2.72566e-05 -0.000232996 7.14869e-05 -2.72566e-05 0.00959712 -0.017559 -4.06917e-05 -0.000232996 -0.017559 0.0865935 
0.0093542 -0.0171494 4.49389e-05 -1.45144e-05 -0.0171494 0.0846346 -9.71359e-06 -0.000222662 4.49389e-05 -9.71359e-06 0.00942407 -0.0172277 -1.45144e-05 -0.000222662 -0.0172277 0.0849319 
0.00965881 -0.0176895 3.91218e-05 2.90108e-05 -0.0176895 0.087382 2.57693e-05 -0.000304738 3.91218e-05 2.57693e-05 0.00975587 -0.017837 2.90108e-05 -0.000304738 -0.017837 0.087859 
0.00960689 -0.0175594 5.00827e-05 4.3665e-05 -0.0175594 0.0867353 3.29606e-05 -0.000363008 5.00827e-05 3.29606e-05 0.0096983 -0.0177481 4.3665e-05 -0.000363008 -0.0177481 0.0873637 
0.00956341 -0.0174384 6.014e-05 3.1743e-05 -0.0174384 0.0860528 1.82314e-05 -0.000362968 6.014e-05 1.82314e-05 0.00961829 -0.0176235 3.1743e-05 -0.000362968 -0.0176235 0.0867426 
0.009521 -0.0173998 6.67348e-05 1.29448e-05 -0.0173998 0.0857155 5.58999e-06 -0.000330553 6.67348e-05 5.58999e-06 0.00958711 -0.0175364 1.29448e-05 -0.000330553 -0.0175364 0.0863474 
0.00955805 -0.0174352 7.06092e-05 -3.87941e-06 -0.0174352 0.0858981 -6.91131e-07 -0.000294943 7.06092e-05 -6.91131e-07 0.00957902 -0.017586 -3.87941e-06 -0.000294943 -0.017586 0.0865205 
0.00959645 -0.0175402 6.31173e-05 -1.26403e-05 -0.0175402 0.0863328 -1.7136e-06 -0.00027416 6.31173e-05 -1.7136e-06 0.00959122 -0.0176381 -1.26403e-05 -0.00027416 -0.0176381 0.0868828 
0.00958419 -0.0175877 6.4488e-05 -4.35576e-06 -0.0175877 0.0865963 6.88767e-06 -0.000278826 6.4488e-05 6.88767e-06 0.00962091 -0.0176443 -4.35576e-06 -0.000278826 -0.0176443 0.0870288 
0.00954227 -0.0175127 5.42047e-05 -4.4558e-06 -0.0175127 0.0864016 4.16169e-06 -0.000279132 5.42047e-05 4.16169e-06 0.00960422 -0.01762 -4.4558e-06 -0.000279132 -0.01762 0.086863 
0.00952496 -0.0174618 4.10978e-05 7.85122e-06 -0.0174618 0.0862226 1.49051e-05 -0.00029301 4.10978e-05 1.49051e-05 0.00958508 -0.0175879 7.85122e-06 -0.00029301 -0.0175879 0.0867246 
0.0095578 -0.0174145 3.77821e-05 3.0013e-05 -0.0174145 0.0859944 3.28381e-05 -0.000335178 3.77821e-05 3.28381e-05 0.00952357 -0.0175437 3.0013e-05 -0.000335178 -0.0175437 0.0865209 
0.00963231 -0.017501 4.40724e-05 3.41328e-05 -0.017501 0.0861753 3.36327e-05 -0.000356433 4.40724e-05 3.36327e-05 0.00948382 -0.0175026 3.41328e-05 -0.000356433 -0.0175026 0.0864952 
0.00963523 -0.0175886 4.85031e-05 1.994e-05 -0.0175886 0.0863776 2.11682e-05 -0.000334992 4.85031e-05 2.11682e-05 0.00947707 -0.0174377 1.994e-05 -0.000334992 -0.0174377 0.0863337 
0.00960627 -0.0175813 6.20828e-05 8.08415e-06 -0.0175813 0.0863969 1.35866e-05 -0.000301665 6.20828e-05 1.35866e-05 0.00947696 -0.0173996 8.08415e-06 -0.000301665 -0.0173996 0.0861189 
0.00955099 -0.0175112 6.74538e-05 -8.89488e-06 -0.0175112 0.0861707 -1.60832e-06 -0.000261939 6.74538e-05 -1.60832e-06 0.00947442 -0.0173724 -8.89488e-06 -0.000261939 -0.0173724 0.0858939 
0.00951045 -0.0174507 5.98008e-05 -1.2982e-05 -0.0174507 0.0859908 -8.4363e-06 -0.000236457 5.98008e-05 -8.4363e-06 0.00947282 -0.0173785 -1.2982e-05 -0.000236457 -0.0173785 0.0858361 
0.0094881 -0.017373 5.56697e-05 -6.53753e-07 -0.017373 0.0857032 7.20128e-08 -0.000244915 5.56697e-05 7.20128e-08 0.00943935 -0.0173571 -6.53753e-07 -0.000244915 -0.0173571 0.0857024 
0.00948616 -0.0173353 6.90119e-05 7.11107e-06 -0.0173353 0.085483 6.61158e-06 -0.000265901 6.90119e-05 6.61158e-06 0.00940542 -0.0173038 7.11107e-06 -0.000265901 -0.0173038 0.0855146 
0.00946843 -0.0173085 5.73859e-05 -1.06413e-05 -0.0173085 0.0852593 -1.42877e-05 -0.000241202 5.73859e-05 -1.42877e-05 0.0093743 -0.0172288 -1.06413e-05 -0.000241202 -0.0172288 0.0852022 
0.00944064 -0.0172938 4.80799e-05 1.2793e-06 -0.0172938 0.0851608 -7.18351e-06 -0.000234254 4.80799e-05 -7.18351e-06 0.00937754 -0.0171998 1.2793e-06 -0.000234254 -0.0171998 0.0850375 
0.00940974 -0.0172438 4.71585e-05 1.39922e-05 -0.0172438 0.0849759 2.16327e-06 -0.000251092 4.71585e-05 2.16327e-06 0.00936109 -0.0171866 1.39922e-05 -0.000251092 -0.0171866 0.0848841 
0.00940948 -0.0172612 4.70689e-05 1.88104e-05 -0.0172612 0.0851086 7.15636e-06 -0.000270974 4.70689e-05 7.15636e-06 0.00938703 -0.0172361 1.88104e-05 -0.000270974 -0.0172361 0.0851106 
0.00942228 -0.017305 5.96799e-05 1.8725e-05 -0.017305 0.0853797 8.58135e-06 -0.000279929 5.96799e-05 8.58135e-06 0.00943567 -0.0173074 1.8725e-05 -0.000279929 -0.0173074 0.0854607 
0.00944467 -0.0173028 6.31559e-05 -1.17458e-06 -0.0173028 0.0854526 -8.44434e-06 -0.000250369 6.31559e-05 -8.44434e-06 0.00944971 -0.0173576 -1.17458e-06 -0.000250369 -0.0173576 0.0856583 
0.00948528 -0.017292 5.68979e-05 -6.65207e-06 -0.017292 0.085351 -1.3931e-05 -0.000223665 5.68979e-05 -1.3931e-05 0.00940469 -0.0173441 -6.65207e-06 -0.000223665 -0.0173441 0.0856202 
0.00951875 -0.0173545 6.25247e-05 -6.67133e-07 -0.0173545 0.0854597 -6.25885e-06 -0.00022383 6.25247e-05 -6.25885e-06 0.00938606 -0.0173112 -6.67133e-07 -0.00022383 -0.0173112 0.0856128 
0.00951348 -0.0173557 5.82723e-05 -7.77676e-06 -0.0173557 0.0853732 -1.12597e-05 -0.000216783 5.82723e-05 -1.12597e-05 0.00935309 -0.0172408 -7.77676e-06 -0.000216783 -0.0172408 0.0853425 
0.00950477 -0.0173706 7.61998e-05 -4.21319e-06 -0.0173706 0.0854243 -5.80581e-06 -0.000217936 7.61998e-05 -5.80581e-06 0.00935677 -0.0172239 -4.21319e-06 -0.000217936 -0.0172239 0.0852753 
0.00945889 -0.0173446 8.23496e-05 -2.74805e-05 -0.0173446 0.0853496 -2.79403e-05 -0.000184524 8.23496e-05 -2.79403e-05 0.00937452 -0.017215 -2.74805e-05 -0.000184524 -0.017215 0.0851907 
0.00943142 -0.0172912 7.74663e-05 -4.22717e-05 -0.0172912 0.0852362 -4.00637e-05 -0.000136734 7.74663e-05 -4.00637e-05 0.00937703 -0.0172397 -4.22717e-05 -0.000136734 -0.0172397 0.0852057 
0.00941072 -0.0172547 5.03017e-05 -3.75383e-05 -0.0172547 0.0851227 -3.34919e-05 -0.00012558 5.03017e-05 -3.34919e-05 0.00937884 -0.0172448 -3.75383e-05 -0.00012558 -0.0172448 0.0852287 
0.00945129 -0.0172716 4.16467e-05 -5.09657e-06 -0.0172716 0.0852455 -1.30522e-06 -0.000172603 4.16467e-05 -1.30522e-06 0.00938108 -0.0172859 -5.09657e-06 -0.000172603 -0.0172859 0.0854351 
0.00949634 -0.0173131 3.76546e-05 6.2514e-06 -0.0173131 0.0853452 9.34759e-06 -0.00021502 3.76546e-05 9.34759e-06 0.00934832 -0.0172774 6.2514e-06 -0.00021502 -0.0172774 0.085484 
0.00950642 -0.0173699 5.96326e-05 1.16234e-05 -0.0173699 0.0854913 1.21106e-05 -0.000233367 5.96326e-05 1.21106e-05 0.00934884 -0.0172385 1.16234e-05 -0.000233367 -0.0172385 0.0854464 
0.00948434 -0.0173223 6.37061e-05 -1.21611e-05 -0.0173223 0.0852749 -1.31361e-05 -0.000203295 6.37061e-05 -1.31361e-05 0.0093174 -0.0171688 -1.21611e-05 -0.000203295 -0.0171688 0.0850948 
0.00944019 -0.0172525 5.32324e-05 -2.24065e-05 -0.0172525 0.0849216 -1.90833e-05 -0.000168323 5.32324e-05 -1.90833e-05 0.00929301 -0.0170934 -2.24065e-05 -0.000168323 -0.0170934 0.084697 
0.00945939 -0.0173048 4.5592e-05 -9.96817e-06 -0.0173048 0.0852017 -2.82943e-06 -0.000181534 4.5592e-05 -2.82943e-06 0.00932347 -0.0171763 -9.96817e-06 -0.000181534 -0.0171763 0.0850165 
0.00943386 -0.0173061 3.96133e-05 5.92204e-07 -0.0173061 0.0852436 9.70369e-06 -0.000212407 3.96133e-05 9.70369e-06 0.00935497 -0.0171849 5.92204e-07 -0.000212407 -0.0171849 0.0850875 
0.00938023 -0.0172525 3.25162e-05 9.32549e-06 -0.0172525 0.0850913 1.9943e-05 -0.00024281 3.25162e-05 1.9943e-05 0.00939287 -0.0171871 9.32549e-06 -0.00024281 -0.0171871 0.0850094 
0.00936118 -0.0172007 1.65067e-05 2.38046e-05 -0.0172007 0.0849893 3.43761e-05 -0.000285023 1.65067e-05 3.43761e-05 0.0094208 -0.0172482 2.38046e-05 -0.000285023 -0.0172482 0.0851184 
0.0093837 -0.0171815 1.34855e-05 4.6499e-05 -0.0171815 0.0849368 5.44098e-05 -0.000339464 1.34855e-05 5.44098e-05 0.00941696 -0.0172959 4.6499e-05 -0.000339464 -0.0172959 0.085274 
0.00936442 -0.0171913 2.43541e-05 5.32407e-05 -0.0171913 0.0848753 6.04614e-05 -0.000378616 2.43541e-05 6.04614e-05 0.00942736 -0.0172746 5.32407e-05 -0.000378616 -0.0172746 0.0852442 
0.00938459 -0.017247 4.61475e-05 3.83553e-05 -0.017247 0.0852 4.41744e-05 -0.000364866 4.61475e-05 4.41744e-05 0.00947236 -0.0173582 3.83553e-05 -0.000364866 -0.0173582 0.0855938 
0.00939928 -0.0172649 6.34239e-05 1.21335e-05 -0.0172649 0.0853467 1.38277e-05 -0.000308695 6.34239e-05 1.38277e-05 0.0094895 -0.0174042 1.21335e-05 -0.000308695 -0.0174042 0.0857981 
0.00939414 -0.0172213 7.38153e-05 -1.01121e-05 -0.0172213 0.0851465 -1.68482e-05 -0.000235027 7.38153e-05 -1.68482e-05 0.00946622 -0.01737 -1.01121e-05 -0.000235027 -0.01737 0.0856441 
0.0093739 -0.0171653 8.33073e-05 -1.71917e-05 -0.0171653 0.0848105 -2.97743e-05 -0.000192797 8.33073e-05 -2.97743e-05 0.00941232 -0.0172969 -1.71917e-05 -0.000192797 -0.0172969 0.0853028 
0.00936589 -0.0171187 7.26684e-05 -2.94298e-05 -0.0171187 0.0845041 -3.68508e-05 -0.000164409 7.26684e-05 -3.68508e-05 0.00934318 -0.0172043 -2.94298e-05 -0.000164409 -0.0172043 0.0849149 
0.00936361 -0.0171052 4.36999e-05 -2.1435e-05 -0.0171052 0.0843338 -1.72409e-05 -0.000176481 4.36999e-05 -1.72409e-05 0.00929212 -0.0171203 -2.1435e-05 -0.000176481 -0.0171203 0.0846017 
0.00938871 -0.0171626 3.0205e-05 1.22696e-05 -0.0171626 0.0845237 2.2104e-05 -0.000244577 3.0205e-05 2.2104e-05 0.00928191 -0.0170988 1.22696e-05 -0.000244577 -0.0170988 0.084583 
0.00938573 -0.0171771 3.22897e-05 3.12532e-05 -0.0171771 0.084555 4.40633e-05 -0.000314483 3.22897e-05 4.40633e-05 0.00926529 -0.0170529 3.12532e-05 -0.000314483 -0.0170529 0.0844097 
0.00937678 -0.0171914 3.38366e-05 2.84442e-05 -0.0171914 0.0846545 4.00166e-05 -0.000335499 3.38366e-05 4.00166e-05 0.00928528 -0.017058 2.84442e-05 -0.000335499 -0.017058 0.0844189 
0.00936446 -0.0172017 3.50202e-05 2.70835e-05 -0.0172017 0.0847764 3.25955e-05 -0.000329132 3.50202e-05 3.25955e-05 0.00931383 -0.0170981 2.70835e-05 -0.000329132 -0.0170981 0.0845483 
0.00934206 -0.0171909 5.34204e-05 2.88187e-05 -0.0171909 0.08483 2.75674e-05 -0.000321118 5.34204e-05 2.75674e-05 0.0093501 -0.0171399 2.88187e-05 -0.000321118 -0.0171399 0.0846974 
0.00932578 -0.0171471 5.04391e-05 1.01591e-05 -0.0171471 0.0847415 7.58117e-06 -0.000292172 5.04391e-05 7.58117e-06 0.00935636 -0.0171745 1.01591e-05 -0.000292172 -0.0171745 0.0847809 
0.009329 -0.0171563 4.47896e-05 8.02465e-06 -0.0171563 0.0848235 9.77697e-06 -0.000272748 4.47896e-05 9.77697e-06 0.00938411 -0.0172141 8.02465e-06 -0.000272748 -0.0172141 0.0849903 
0.00932836 -0.0171577 3.01347e-05 1.10767e-05 -0.0171577 0.0848637 1.97212e-05 -0.000276931 3.01347e-05 1.97212e-05 0.00940168 -0.0172411 1.10767e-05 -0.000276931 -0.0172411 0.0851061 
0.00931775 -0.0170954 1.58058e-05 2.29548e-05 -0.0170954 0.0845879 3.53358e-05 -0.000295103 1.58058e-05 3.53358e-05 0.00936823 -0.0172028 2.29548e-05 -0.000295103 -0.0172028 0.0848979 
0.00931603 -0.0170985 3.75949e-06 3.84654e-05 -0.0170985 0.0845236 5.18777e-05 -0.000326962 3.75949e-06 5.18777e-05 0.00934811 -0.0171737 3.84654e-05 -0.000326962 -0.0171737 0.0848043 
0.00933586 -0.0171136 3.44891e-05 5.18541e-05 -0.0171136 0.084572 6.18401e-05 -0.000354217 3.44891e-05 6.18401e-05 0.00932553 -0.0171595 5.18541e-05 -0.000354217 -0.0171595 0.0847765 
0.00930157 -0.0170756 5.71505e-05 1.7523e-05 -0.0170756 0.0843219 2.19226e-05 -0.000307002 5.71505e-05 2.19226e-05 0.0092898 -0.0170686 1.7523e-05 -0.000307002 -0.0170686 0.0844106 
0.00931147 -0.017082 7.59797e-05 -1.4023e-05 -0.017082 0.0843862 -1.43518e-05 -0.000217466 7.59797e-05 -1.43518e-05 0.00928557 -0.0170761 -1.4023e-05 -0.000217466 -0.0170761 0.0844248 
0.00930667 -0.0171087 7.47551e-05 -3.58605e-05 -0.0171087 0.0844887 -4.03995e-05 -0.000140853 7.47551e-05 -4.03995e-05 0.0093086 -0.0170752 -3.58605e-05 -0.000140853 -0.0170752 0.0844618 
0.00929707 -0.0171128 6.8619e-05 -2.99725e-05 -0.0171128 0.0845771 -3.8471e-05 -0.000120028 6.8619e-05 -3.8471e-05 0.00933254 -0.0171124 -2.99725e-05 -0.000120028 -0.0171124 0.0845686 
0.00929222 -0.017116 6.43469e-05 -1.76375e-05 -0.017116 0.0846728 -2.71448e-05 -0.000141339 6.43469e-05 -2.71448e-05 0.00934791 -0.0171585 -1.76375e-05 -0.000141339 -0.0171585 0.0847483 
0.00963662 -0.0177186 8.1355e-05 -1.80528e-05 -0.0177186 0.087741 -2.50485e-05 -0.000157108 8.1355e-05 -2.50485e-05 0.00969758 -0.0178029 -1.80528e-05 -0.000157108 -0.0178029 0.0879397 
0.00962247 -0.0176457 9.35479e-05 -3.86446e-05 -0.0176457 0.0873475 -4.39982e-05 -0.000124666 9.35479e-05 -4.39982e-05 0.00964536 -0.0177309 -3.86446e-05 -0.000124666 -0.0177309 0.0875938 
0.00964842 -0.0176539 7.14925e-05 -5.80069e-05 -0.0176539 0.0872684 -5.97873e-05 -7.58175e-05 7.14925e-05 -5.97873e-05 0.00959976 -0.0176912 -5.80069e-05 -7.58175e-05 -0.0176912 0.0874536 
0.00963134 -0.0176843 4.54242e-05 -3.24879e-05 -0.0176843 0.0872727 -2.89552e-05 -9.93867e-05 4.54242e-05 -2.89552e-05 0.00959747 -0.0176307 -3.24879e-05 -9.93867e-05 -0.0176307 0.0872749 
0.00963663 -0.0177254 4.07931e-05 3.73073e-06 -0.0177254 0.0875363 1.03294e-05 -0.00018371 4.07931e-05 1.03294e-05 0.00963533 -0.0176815 3.73073e-06 -0.00018371 -0.0176815 0.0874566 
0.00963591 -0.0177135 5.45577e-05 5.90829e-06 -0.0177135 0.0875653 1.49243e-05 -0.000223915 5.45577e-05 1.49243e-05 0.00964259 -0.0177115 5.90829e-06 -0.000223915 -0.0177115 0.0875372 
0.00964065 -0.0177019 6.62424e-05 -1.24802e-05 -0.0177019 0.0875294 -2.84406e-06 -0.000205457 6.62424e-05 -2.84406e-06 0.00963094 -0.0177159 -1.24802e-05 -0.000205457 -0.0177159 0.0875631 
0.00961348 -0.017654 7.90901e-05 -2.81116e-05 -0.017654 0.0872559 -2.27582e-05 -0.000159595 7.90901e-05 -2.27582e-05 0.00960147 -0.0176439 -2.81116e-05 -0.000159595 -0.0176439 0.0872692 
0.00958283 -0.0175854 8.34055e-05 -4.31978e-05 -0.0175854 0.0868999 -4.24017e-05 -0.00010975 8.34055e-05 -4.24017e-05 0.00956713 -0.0175663 -4.31978e-05 -0.00010975 -0.0175663 0.0868762 
0.00956542 -0.0175704 6.48173e-05 -4.48097e-05 -0.0175704 0.0867885 -4.66438e-05 -8.6661e-05 6.48173e-05 -4.66438e-05 0.00956453 -0.0175501 -4.48097e-05 -8.6661e-05 -0.0175501 0.0867506 
0.0095741 -0.0175951 6.52206e-05 -2.18811e-05 -0.0175951 0.0869195 -2.57248e-05 -0.000113318 6.52206e-05 -2.57248e-05 0.00958053 -0.0175856 -2.18811e-05 -0.000113318 -0.0175856 0.0868839 
0.00959483 -0.0176538 6.18342e-05 -1.82131e-05 -0.0176538 0.087228 -2.05639e-05 -0.000144813 6.18342e-05 -2.05639e-05 0.00962204 -0.0176563 -1.82131e-05 -0.000144813 -0.0176563 0.0872198 
0.00962345 -0.017719 5.29672e-05 -1.35849e-05 -0.017719 0.087611 -1.0824e-05 -0.000170442 5.29672e-05 -1.0824e-05 0.00967457 -0.0177529 -1.35849e-05 -0.000170442 -0.0177529 0.0876705 
0.0096302 -0.0176968 4.73019e-05 -6.03737e-06 -0.0176968 0.0875656 4.67186e-06 -0.000199155 4.73019e-05 4.67186e-06 0.00966354 -0.0177644 -6.03737e-06 -0.000199155 -0.0177644 0.0877122 
0.00965596 -0.0176915 5.31263e-05 -6.00327e-07 -0.0176915 0.087497 9.62552e-06 -0.000218763 5.31263e-05 9.62552e-06 0.00962442 -0.0177381 -6.00327e-07 -0.000218763 -0.0177381 0.0876493 
0.00970423 -0.0177268 2.50294e-05 -6.894e-07 -0.0177268 0.0875426 3.43582e-06 -0.000224964 2.50294e-05 3.43582e-06 0.00956946 -0.0176939 -6.894e-07 -0.000224964 -0.0176939 0.087563 
0.00972377 -0.017813 1.43441e-05 3.14075e-05 -0.017813 0.0877749 3.0973e-05 -0.000265405 1.43441e-05 3.0973e-05 0.00955467 -0.0176355 3.14075e-05 -0.000265405 -0.0176355 0.0874847 
0.00970243 -0.0178104 2.29919e-05 4.87039e-05 -0.0178104 0.0877759 4.28642e-05 -0.00031275 2.29919e-05 4.28642e-05 0.00955496 -0.0175758 4.87039e-05 -0.00031275 -0.0175758 0.0872348 
0.00967216 -0.0177823 5.08007e-05 3.74285e-05 -0.0177823 0.0877209 2.68076e-05 -0.000305597 5.08007e-05 2.68076e-05 0.00958075 -0.0175794 3.74285e-05 -0.000305597 -0.0175794 0.0871457 
0.00964001 -0.01772 7.60951e-05 2.85392e-06 -0.01772 0.0875225 -7.63965e-06 -0.000243682 7.60951e-05 -7.63965e-06 0.00959687 -0.0176035 2.85392e-06 -0.000243682 -0.0176035 0.0871092 
0.009626 -0.0176838 8.44773e-05 -3.43931e-05 -0.0176838 0.0873955 -3.92474e-05 -0.000155254 8.44773e-05 -3.92474e-05 0.0095974 -0.0176403 -3.43931e-05 -0.000155254 -0.0176403 0.0871951 
0.00964319 -0.0176909 7.60195e-05 -4.73769e-05 -0.0176909 0.0874323 -4.63828e-05 -0.000102753 7.60195e-05 -4.63828e-05 0.00959746 -0.0176656 -4.73769e-05 -0.000102753 -0.0176656 0.0873503 
0.0096852 -0.0177826 6.26074e-05 -4.12351e-05 -0.0177826 0.0878277 -3.41846e-05 -0.000100302 6.26074e-05 -3.41846e-05 0.00963152 -0.017727 -4.12351e-05 -0.000100302 -0.017727 0.0877239 
0.00970717 -0.0178309 6.27686e-05 -2.4848e-05 -0.0178309 0.0880751 -1.1869e-05 -0.000137905 6.27686e-05 -1.1869e-05 0.00964534 -0.017759 -2.4848e-05 -0.000137905 -0.017759 0.0879159 
0.00968948 -0.0177689 6.05804e-05 -2.47561e-05 -0.0177689 0.0877847 -9.76229e-06 -0.000156294 6.05804e-05 -9.76229e-06 0.00960519 -0.0176795 -2.47561e-05 -0.000156294 -0.0176795 0.0875673 
0.00964094 -0.0177215 4.9348e-05 -1.69167e-05 -0.0177215 0.0874836 -7.11587e-06 -0.000171631 4.9348e-05 -7.11587e-06 0.00959549 -0.0175944 -1.69167e-05 -0.000171631 -0.0175944 0.0871682 
0.00960466 -0.0176829 4.69628e-05 -1.08065e-07 -0.0176829 0.0873562 2.44089e-06 -0.000198235 4.69628e-05 2.44089e-06 0.00961961 -0.0176016 -1.08065e-07 -0.000198235 -0.0176016 0.0870593 
0.00958893 -0.0176448 3.67045e-05 7.59938e-06 -0.0176448 0.0872679 4.92883e-06 -0.000221412 3.67045e-05 4.92883e-06 0.00964337 -0.0176582 7.59938e-06 -0.000221412 -0.0176582 0.0871658 
0.00961023 -0.0177005 3.16612e-05 1.80896e-05 -0.0177005 0.0875789 1.34228e-05 -0.000241551 3.16612e-05 1.34228e-05 0.00969333 -0.0177769 1.80896e-05 -0.000241551 -0.0177769 0.0876819 
0.00961519 -0.0177287 3.88576e-05 2.48248e-05 -0.0177287 0.0877684 2.09049e-05 -0.000262931 3.88576e-05 2.09049e-05 0.00972201 -0.0178343 2.48248e-05 -0.000262931 -0.0178343 0.0879915 
0.00960377 -0.0176765 3.97738e-05 1.3195e-05 -0.0176765 0.0875795 1.56526e-05 -0.00025801 3.97738e-05 1.56526e-05 0.00969045 -0.0178053 1.3195e-05 -0.00025801 -0.0178053 0.0878744 
0.00956429 -0.0176213 5.74192e-05 8.28939e-06 -0.0176213 0.0872686 1.35183e-05 -0.000243561 5.74192e-05 1.35183e-05 0.0096594 -0.0177175 8.28939e-06 -0.000243561 -0.0177175 0.0875296 
0.00954143 -0.0175747 6.95714e-05 -8.61929e-06 -0.0175747 0.0870715 -6.14083e-06 -0.000213886 6.95714e-05 -6.14083e-06 0.00964458 -0.0176818 -8.61929e-06 -0.000213886 -0.0176818 0.0873211 
0.00953442 -0.0175607 8.22727e-05 -1.95213e-05 -0.0175607 0.0870092 -2.13734e-05 -0.000180646 8.22727e-05 -2.13734e-05 0.0096433 -0.0176806 -1.95213e-05 -0.000180646 -0.0176806 0.0872823 
0.00956509 -0.0175992 8.82773e-05 -3.36415e-05 -0.0175992 0.0872017 -4.00795e-05 -0.000142943 8.82773e-05 -4.00795e-05 0.00965635 -0.0177289 -3.36415e-05 -0.000142943 -0.0177289 0.087504 
0.00958925 -0.0176082 5.97214e-05 -3.61836e-05 -0.0176082 0.0872018 -4.58553e-05 -0.000123853 5.97214e-05 -4.58553e-05 0.00963167 -0.017712 -3.61836e-05 -0.000123853 -0.017712 0.0874722 
0.00960629 -0.017634 2.54152e-05 -6.38442e-06 -0.017634 0.0872221 -1.07294e-05 -0.000165264 2.54152e-05 -1.07294e-05 0.00960694 -0.0176692 -6.38442e-06 -0.000165264 -0.0176692 0.0873545 
0.00956929 -0.0175425 6.13728e-06 3.04647e-05 -0.0175425 0.0867111 3.46756e-05 -0.00025239 6.13728e-06 3.46756e-05 0.00952554 -0.0175274 3.04647e-05 -0.00025239 -0.0175274 0.0867002 
0.00956902 -0.0175418 8.45359e-06 4.5156e-05 -0.0175418 0.0866171 5.75872e-05 -0.000312088 8.45359e-06 5.75872e-05 0.00949042 -0.0174692 4.5156e-05 -0.000312088 -0.0174692 0.0864557 
0.00957733 -0.0175807 2.22618e-05 4.0819e-05 -0.0175807 0.086758 5.73148e-05 -0.000328552 2.22618e-05 5.73148e-05 0.0094895 -0.0174655 4.0819e-05 -0.000328552 -0.0174655 0.0864682 
0.00958243 -0.0175984 4.63683e-05 1.79215e-05 -0.0175984 0.0868576 3.27046e-05 -0.000284719 4.63683e-05 3.27046e-05 0.00948952 -0.0174613 1.79215e-05 -0.000284719 -0.0174613 0.0864705 
0.00956514 -0.0176016 6.57587e-05 -1.01596e-05 -0.0176016 0.086882 -4.01595e-06 -0.000207616 6.57587e-05 -4.01595e-06 0.00950184 -0.0174489 -1.01596e-05 -0.000207616 -0.0174489 0.0864227 
0.0095364 -0.017562 5.58755e-05 -2.83193e-05 -0.017562 0.0867732 -2.99404e-05 -0.000141679 5.58755e-05 -2.99404e-05 0.00950678 -0.0174503 -2.83193e-05 -0.000141679 -0.0174503 0.0863542 
0.00952116 -0.0175435 4.15471e-05 -1.35289e-05 -0.0175435 0.0867558 -1.8344e-05 -0.000137981 4.15471e-05 -1.8344e-05 0.00952245 -0.0174817 -1.35289e-05 -0.000137981 -0.0174817 0.0864521 
0.00955112 -0.0175923 1.57959e-05 5.76345e-06 -0.0175923 0.0870671 9.43016e-07 -0.000176366 1.57959e-05 9.43016e-07 0.00956781 -0.0175785 5.76345e-06 -0.000176366 -0.0175785 0.0869009 
0.00954173 -0.0175648 8.4078e-06 4.30488e-05 -0.0175648 0.0869661 3.77188e-05 -0.000257401 8.4078e-06 3.77188e-05 0.00957563 -0.0175828 4.30488e-05 -0.000257401 -0.0175828 0.0869249 
0.0095623 -0.0175921 2.33943e-06 5.37169e-05 -0.0175921 0.087107 5.05595e-05 -0.00031553 2.33943e-06 5.05595e-05 0.0095994 -0.0176364 5.37169e-05 -0.00031553 -0.0176364 0.0871642 
0.00959175 -0.0175992 1.44217e-05 6.19751e-05 -0.0175992 0.0871197 5.84966e-05 -0.000348268 1.44217e-05 5.84966e-05 0.00958858 -0.0176431 6.19751e-05 -0.000348268 -0.0176431 0.0872135 
0.00960594 -0.0176569 2.03404e-05 4.54206e-05 -0.0176569 0.0872871 3.95257e-05 -0.000328802 2.03404e-05 3.95257e-05 0.00960276 -0.0176466 4.54206e-05 -0.000328802 -0.0176466 0.0873022 
0.00957672 -0.0176456 5.47497e-06 3.35529e-05 -0.0176456 0.0872382 2.61642e-05 -0.00029062 5.47497e-06 2.61642e-05 0.00960775 -0.0176197 3.35529e-05 -0.00029062 -0.0176197 0.0871663 
0.00952994 -0.0175772 2.85289e-05 4.8966e-05 -0.0175772 0.0870062 4.12982e-05 -0.000294547 2.85289e-05 4.12982e-05 0.00962294 -0.0176051 4.8966e-05 -0.000294547 -0.0176051 0.0870026 
0.00952642 -0.0175488 5.49317e-05 2.85032e-05 -0.0175488 0.0869671 2.07444e-05 -0.000279684 5.49317e-05 2.07444e-05 0.00964271 -0.017672 2.85032e-05 -0.000279684 -0.017672 0.0871772 
0.00956081 -0.0175814 6.52824e-05 -7.67079e-06 -0.0175814 0.0871481 -1.55838e-05 -0.000207578 6.52824e-05 -1.55838e-05 0.009663 -0.0177576 -7.67079e-06 -0.000207578 -0.0177576 0.0875729 
0.00956936 -0.0175977 5.82811e-05 -2.23806e-05 -0.0175977 0.087172 -3.14241e-05 -0.000147631 5.82811e-05 -3.14241e-05 0.0096616 -0.0177541 -2.23806e-05 -0.000147631 -0.0177541 0.087648 
0.00959724 -0.0176055 5.88861e-05 -1.0943e-05 -0.0176055 0.0871829 -1.87982e-05 -0.000150372 5.88861e-05 -1.87982e-05 0.00963589 -0.0177391 -1.0943e-05 -0.000150372 -0.0177391 0.0876174 
0.00960323 -0.0176677 5.98077e-05 -1.18346e-05 -0.0176677 0.0873664 -1.43537e-05 -0.000163109 5.98077e-05 -1.43537e-05 0.00966335 -0.0177242 -1.18346e-05 -0.000163109 -0.0177242 0.0876498 
0.00964981 -0.0177058 4.92548e-05 -1.33016e-05 -0.0177058 0.0876039 -1.09174e-05 -0.000172522 4.92548e-05 -1.09174e-05 0.00965831 -0.0177752 -1.33016e-05 -0.000172522 -0.0177752 0.0878138 
0.00967382 -0.0177102 4.66194e-05 2.02698e-06 -0.0177102 0.0875347 3.96842e-06 -0.000201893 4.66194e-05 3.96842e-06 0.00960527 -0.0177175 2.02698e-06 -0.000201893 -0.0177175 0.0876324 
0.0096842 -0.0177307 4.28172e-05 2.22062e-06 -0.0177307 0.0875079 4.87771e-06 -0.000216157 4.28172e-05 4.87771e-06 0.0095588 -0.0176421 2.22062e-06 -0.000216157 -0.0176421 0.0873975 
0.00966824 -0.0177445 4.258e-05 3.79355e-06 -0.0177445 0.0875088 9.82574e-06 -0.000221566 4.258e-05 9.82574e-06 0.00954187 -0.017575 3.79355e-06 -0.000221566 -0.017575 0.0871654 
0.00964247 -0.0176727 4.27192e-05 -7.74764e-07 -0.0176727 0.0872195 2.69751e-06 -0.000206159 4.27192e-05 2.69751e-06 0.00949883 -0.0175039 -7.74764e-07 -0.000206159 -0.0175039 0.0867839 
0.009583 -0.0176369 5.15543e-05 -1.00327e-06 -0.0176369 0.0870167 -2.8182e-06 -0.000190154 5.15543e-05 -2.8182e-06 0.0095038 -0.0174536 -1.00327e-06 -0.000190154 -0.0174536 0.0865462 
0.00951743 -0.0175495 5.25741e-05 -1.20434e-05 -0.0175495 0.0867378 -1.83967e-05 -0.000158317 5.25741e-05 -1.83967e-05 0.00951414 -0.0174456 -1.20434e-05 -0.000158317 -0.0174456 0.0863761 
0.00946781 -0.0174303 5.26578e-05 -1.59584e-05 -0.0174303 0.0862995 -2.11613e-05 -0.000132951 5.26578e-05 -2.11613e-05 0.00949693 -0.0174313 -1.59584e-05 -0.000132951 -0.0174313 0.0861766 
0.00944959 -0.0174028 4.95941e-05 -1.28653e-05 -0.0174028 0.0861676 -1.60927e-05 -0.000135559 4.95941e-05 -1.60927e-05 0.00950594 -0.017443 -1.28653e-05 -0.000135559 -0.017443 0.0862108 
0.00946067 -0.0174101 6.07448e-05 -1.14814e-05 -0.0174101 0.0862234 -1.18151e-05 -0.000141245 6.07448e-05 -1.18151e-05 0.00952084 -0.017481 -1.14814e-05 -0.000141245 -0.017481 0.0863679 
0.00950068 -0.0174675 5.49292e-05 -2.25326e-05 -0.0174675 0.0864816 -1.84788e-05 -0.000137596 5.49292e-05 -1.84788e-05 0.00954372 -0.0175385 -2.25326e-05 -0.000137596 -0.0175385 0.0866596 
0.00952876 -0.0175296 4.49073e-05 -1.9722e-05 -0.0175296 0.0867413 -1.06931e-05 -0.00013957 4.49073e-05 -1.06931e-05 0.00956677 -0.0175766 -1.9722e-05 -0.00013957 -0.0175766 0.0868837 
0.00951797 -0.0175147 4.02048e-05 -6.19699e-06 -0.0175147 0.086666 4.14684e-06 -0.000167717 4.02048e-05 4.14684e-06 0.00956509 -0.0175532 -6.19699e-06 -0.000167717 -0.0175532 0.0867724 
0.0095172 -0.0174796 2.57369e-05 2.17917e-06 -0.0174796 0.0865095 1.06684e-05 -0.000194333 2.57369e-05 1.06684e-05 0.00954021 -0.0175371 2.17917e-06 -0.000194333 -0.0175371 0.0866412 
0.0094996 -0.0174654 1.6006e-05 2.39872e-05 -0.0174654 0.0863819 2.9213e-05 -0.000238999 1.6006e-05 2.9213e-05 0.00952812 -0.0175071 2.39872e-05 -0.000238999 -0.0175071 0.0865244 
0.00947746 -0.0174704 2.04053e-05 3.79901e-05 -0.0174704 0.0864178 3.97913e-05 -0.000279287 2.04053e-05 3.97913e-05 0.00954379 -0.0175148 3.79901e-05 -0.000279287 -0.0175148 0.0865579 
0.00949169 -0.0174831 2.04485e-05 3.33889e-05 -0.0174831 0.0865868 3.20733e-05 -0.000284594 2.04485e-05 3.20733e-05 0.00956146 -0.0175733 3.33889e-05 -0.000284594 -0.0175733 0.0867966 
0.00954378 -0.0175559 2.18981e-05 3.35748e-05 -0.0175559 0.0869669 2.96658e-05 -0.000279628 2.18981e-05 2.96658e-05 0.00958071 -0.0176484 3.35748e-05 -0.000279628 -0.0176484 0.0872137 
0.00958178 -0.0175841 2.36353e-05 2.58678e-05 -0.0175841 0.0870568 2.48693e-05 -0.000261754 2.36353e-05 2.48693e-05 0.00955357 -0.0176203 2.58678e-05 -0.000261754 -0.0176203 0.0872049 
0.00958783 -0.0176214 3.72373e-05 2.02422e-05 -0.0176214 0.0871249 2.49116e-05 -0.000247535 3.72373e-05 2.49116e-05 0.00953804 -0.0175637 2.02422e-05 -0.000247535 -0.0175637 0.0870516 
0.00955975 -0.0176159 6.00905e-05 2.96565e-06 -0.0176159 0.0870933 9.55079e-06 -0.000216981 6.00905e-05 9.55079e-06 0.0095446 -0.0175166 2.96565e-06 -0.000216981 -0.0175166 0.0868341 
0.00954227 -0.01759 5.52322e-05 -2.75296e-05 -0.01759 0.0870646 -1.81439e-05 -0.000155456 5.52322e-05 -1.81439e-05 0.00955039 -0.0175332 -2.75296e-05 -0.000155456 -0.0175332 0.0868005 
