0.00705399 0 -0.000101244 0 0 0.00994193 0 0 -0.000101244 0 0.00699602 0 0 0 0 0.00994193 
0.00961778 -0.0119387 -0.000101756 0.000122433 -0.0119387 0.0316788 0.000122433 -0.000234632 -0.000101756 0.000122433 0.00955987 -0.0118655 0.000122433 -0.000234632 -0.0118655 0.0315391 
0.00987461 -0.0184609 -5.86606e-05 4.77771e-05 -0.0184609 0.0680335 4.77771e-05 -0.000121974 -5.86606e-05 4.77771e-05 0.00987961 -0.0183829 4.77771e-05 -0.000121974 -0.0183829 0.0677862 
0.00930559 -0.0180125 -3.26021e-05 -9.43908e-05 -0.0180125 0.0808742 -0.000102569 0.000630569 -3.26021e-05 -0.000102569 0.00935962 -0.0180912 -9.43908e-05 0.000630569 -0.0180912 0.0811417 
0.00899108 -0.0167544 -5.95489e-05 -9.68152e-05 -0.0167544 0.080937 -0.000112611 0.000927112 -5.95489e-05 -0.000112611 0.00900853 -0.0169241 -9.68152e-05 0.000927112 -0.0169241 0.0817035 
0.00923766 -0.0168797 -8.5752e-05 -2.24479e-05 -0.0168797 0.0827935 -4.17182e-05 0.000741152 -8.5752e-05 -4.17182e-05 0.00918576 -0.0169599 -2.24479e-05 0.000741152 -0.0169599 0.0834544 
0.00946787 -0.0172499 -7.31549e-05 3.20871e-05 -0.0172499 0.0846965 1.77514e-05 0.000449658 -7.31549e-05 1.77514e-05 0.0093618 -0.0172232 3.20871e-05 0.000449658 -0.0172232 0.0850265 
0.00966702 -0.0176396 -4.95081e-05 1.65323e-05 -0.0176396 0.0866425 7.51419e-06 0.000319977 -4.95081e-05 7.51419e-06 0.00953894 -0.0175292 1.65323e-05 0.000319977 -0.0175292 0.0866569 
0.00947277 -0.0173401 -4.0179e-05 -1.938e-05 -0.0173401 0.0852535 -2.3364e-05 0.000321093 -4.0179e-05 -2.3364e-05 0.00937323 -0.0172002 -1.938e-05 0.000321093 -0.0172002 0.0850754 
0.00976098 -0.0178381 -6.44815e-05 -4.21533e-05 -0.0178381 0.0878478 -4.33416e-05 0.000387134 -6.44815e-05 -4.33416e-05 0.00964993 -0.0177243 -4.21533e-05 0.000387134 -0.0177243 0.0876366 
0.00966609 -0.0176402 -7.19836e-05 -1.81407e-05 -0.0176402 0.0868609 -1.55379e-05 0.000371527 -7.19836e-05 -1.55379e-05 0.00954462 -0.0175239 -1.81407e-05 0.000371527 -0.0175239 0.0866595 
0.00961257 -0.0175426 -7.12102e-05 -4.92432e-06 -0.0175426 0.0863125 -5.8994e-07 0.000329856 -7.12102e-05 -5.8994e-07 0.00949657 -0.0174126 -4.92432e-06 0.000329856 -0.0174126 0.0860875 
0.00959325 -0.0175188 -7.38978e-05 -3.07525e-06 -0.0175188 0.0861629 -4.82743e-07 0.000312128 -7.38978e-05 -4.82743e-07 0.00948251 -0.0173995 -3.07525e-06 0.000312128 -0.0173995 0.0859444 
0.00956892 -0.0175247 -6.72475e-05 1.05264e-06 -0.0175247 0.0861888 6.15865e-07 0.000304278 -6.72475e-05 6.15865e-07 0.00950344 -0.0174119 1.05264e-06 0.000304278 -0.0174119 0.0859882 
0.00956229 -0.0175125 -5.35356e-05 -3.85822e-06 -0.0175125 0.0862238 -9.01596e-06 0.000310228 -5.35356e-05 -9.01596e-06 0.00951387 -0.0174466 -3.85822e-06 0.000310228 -0.0174466 0.0860917 
0.00957729 -0.0175632 -5.39535e-05 -1.6352e-05 -0.0175632 0.086519 -2.34742e-05 0.000330438 -5.39535e-05 -2.34742e-05 0.00956113 -0.0175262 -1.6352e-05 0.000330438 -0.0175262 0.0864784 
0.00959366 -0.0175742 -4.81925e-05 -1.88467e-05 -0.0175742 0.0866466 -2.60465e-05 0.000347012 -4.81925e-05 -2.60465e-05 0.00956827 -0.0175725 -1.88467e-05 0.000347012 -0.0175725 0.0866879 
0.00960393 -0.0175558 -5.21351e-05 -2.05527e-05 -0.0175558 0.0865625 -2.68676e-05 0.000344024 -5.21351e-05 -2.68676e-05 0.00955021 -0.0175534 -2.05527e-05 0.000344024 -0.0175534 0.0866526 
0.00959546 -0.0176138 -5.63343e-05 -1.75367e-05 -0.0176138 0.0867716 -1.98707e-05 0.000336606 -5.63343e-05 -1.98707e-05 0.00958688 -0.0175712 -1.75367e-05 0.000336606 -0.0175712 0.0868029 
0.00960232 -0.0175952 -6.0617e-05 -1.57587e-05 -0.0175952 0.0868153 -1.31184e-05 0.000326037 -6.0617e-05 -1.31184e-05 0.00959086 -0.0176052 -1.57587e-05 0.000326037 -0.0176052 0.0868923 
0.00955637 -0.0174949 -6.10642e-05 -1.54202e-05 -0.0174949 0.0863179 -7.55646e-06 0.000316575 -6.10642e-05 -7.55646e-06 0.00953949 -0.0175088 -1.54202e-05 0.000316575 -0.0175088 0.086446 
0.00946779 -0.0173836 -6.23759e-05 -1.29206e-05 -0.0173836 0.0857312 -1.73528e-06 0.000300788 -6.23759e-05 -1.73528e-06 0.00951544 -0.0173855 -1.29206e-05 0.000300788 -0.0173855 0.0858502 
0.00941579 -0.0173079 -6.79149e-05 -5.59731e-06 -0.0173079 0.0854544 6.33149e-07 0.000282772 -6.79149e-05 6.33149e-07 0.00951548 -0.0173856 -5.59731e-06 0.000282772 -0.0173856 0.0856774 
0.00938549 -0.0172119 -7.57052e-05 4.62704e-06 -0.0172119 0.0850693 5.02508e-06 0.000263071 -7.57052e-05 5.02508e-06 0.00949569 -0.0173654 4.62704e-06 0.000263071 -0.0173654 0.0854825 
0.00941284 -0.0172044 -8.4598e-05 1.67578e-05 -0.0172044 0.0849867 1.45258e-05 0.00023684 -8.4598e-05 1.45258e-05 0.00946544 -0.0173796 1.67578e-05 0.00023684 -0.0173796 0.0855255 
0.00945285 -0.0173102 -9.30541e-05 2.74671e-05 -0.0173102 0.0853563 2.7273e-05 0.000207806 -9.30541e-05 2.7273e-05 0.00949348 -0.0174161 2.74671e-05 0.000207806 -0.0174161 0.0858335 
0.00948898 -0.0173897 -8.12937e-05 3.53196e-05 -0.0173897 0.0857516 3.73459e-05 0.000182578 -8.12937e-05 3.73459e-05 0.00952266 -0.017478 3.53196e-05 0.000182578 -0.017478 0.0861552 
0.00952651 -0.0174214 -6.31193e-05 1.59892e-05 -0.0174214 0.0859476 2.18826e-05 0.000202791 -6.31193e-05 2.18826e-05 0.00951726 -0.0175148 1.59892e-05 0.000202791 -0.0175148 0.0863527 
0.00953156 -0.0174279 -4.47068e-05 -1.13198e-05 -0.0174279 0.0859106 -2.84302e-06 0.000262045 -4.47068e-05 -2.84302e-06 0.00950799 -0.017468 -1.13198e-05 0.000262045 -0.017468 0.086241 
0.00951628 -0.0173939 -3.69823e-05 -3.31304e-05 -0.0173939 0.085696 -2.84144e-05 0.000326237 -3.69823e-05 -2.84144e-05 0.00948548 -0.0174018 -3.31304e-05 0.000326237 -0.0174018 0.0859192 
0.00951308 -0.0174155 -3.97182e-05 -3.69755e-05 -0.0174155 0.0857632 -3.78353e-05 0.000360504 -3.97182e-05 -3.78353e-05 0.00948975 -0.0174121 -3.69755e-05 0.000360504 -0.0174121 0.0859252 
0.0095085 -0.0174001 -4.1033e-05 -3.02557e-05 -0.0174001 0.0857334 -3.34527e-05 0.000359366 -4.1033e-05 -3.34527e-05 0.00947209 -0.0174127 -3.02557e-05 0.000359366 -0.0174127 0.085909 
0.00951498 -0.0174153 -4.04812e-05 -2.57189e-05 -0.0174153 0.0858087 -2.8383e-05 0.000343718 -4.04812e-05 -2.8383e-05 0.00947763 -0.0174122 -2.57189e-05 0.000343718 -0.0174122 0.0859732 
0.00951553 -0.017436 -5.17507e-05 -2.48044e-05 -0.017436 0.0859154 -2.78454e-05 0.000334861 -5.17507e-05 -2.78454e-05 0.00950474 -0.0174247 -2.48044e-05 0.000334861 -0.0174247 0.086048 
0.00952454 -0.0174728 -5.70218e-05 -1.05973e-05 -0.0174728 0.0861348 -1.69361e-05 0.000314252 -5.70218e-05 -1.69361e-05 0.00953317 -0.0174827 -1.05973e-05 0.000314252 -0.0174827 0.0862734 
0.00951973 -0.017485 -4.17268e-05 -2.99873e-06 -0.017485 0.0862668 -1.16122e-05 0.000292254 -4.17268e-05 -1.16122e-05 0.00955151 -0.0175254 -2.99873e-06 0.000292254 -0.0175254 0.0864669 
0.00949871 -0.0174358 -3.07138e-05 -2.06319e-05 -0.0174358 0.0861189 -2.95367e-05 0.000309624 -3.07138e-05 -2.95367e-05 0.00953087 -0.0175124 -2.06319e-05 0.000309624 -0.0175124 0.0864105 
0.00949684 -0.0173757 -3.77072e-05 -3.71531e-05 -0.0173757 0.0858457 -4.5891e-05 0.000349265 -3.77072e-05 -4.5891e-05 0.00948349 -0.0174473 -3.71531e-05 0.000349265 -0.0174473 0.0861597 
0.00950106 -0.0173586 -5.44253e-05 -2.83504e-05 -0.0173586 0.085653 -3.48806e-05 0.000349529 -5.44253e-05 -3.48806e-05 0.00944221 -0.0173729 -2.83504e-05 0.000349529 -0.0173729 0.0858781 
0.00951416 -0.0173682 -4.98851e-05 -9.0628e-06 -0.0173682 0.0855955 -1.11321e-05 0.000309144 -4.98851e-05 -1.11321e-05 0.00941633 -0.0173222 -9.0628e-06 0.000309144 -0.0173222 0.0856706 
0.00950686 -0.0173466 -4.08414e-05 -1.39441e-05 -0.0173466 0.0853857 -9.67521e-06 0.000286666 -4.08414e-05 -9.67521e-06 0.00936898 -0.0172336 -1.39441e-05 0.000286666 -0.0172336 0.085265 
0.00949488 -0.0173664 -3.66464e-05 -3.43739e-05 -0.0173664 0.0853987 -2.63987e-05 0.000320923 -3.66464e-05 -2.63987e-05 0.00936632 -0.0171991 -3.43739e-05 0.000320923 -0.0171991 0.0851065 
0.009492 -0.0174212 -4.6521e-05 -4.06061e-05 -0.0174212 0.0857146 -3.77517e-05 0.000358177 -4.6521e-05 -3.77517e-05 0.00942097 -0.0172657 -4.06061e-05 0.000358177 -0.0172657 0.0853677 
0.00947811 -0.0174303 -6.05687e-05 -2.35699e-05 -0.0174303 0.0859076 -2.93641e-05 0.000353583 -6.05687e-05 -2.93641e-05 0.00947292 -0.0173493 -2.35699e-05 0.000353583 -0.0173493 0.0856723 
0.0094742 -0.0173742 -5.53474e-05 -2.11243e-06 -0.0173742 0.085792 -1.11922e-05 0.000311919 -5.53474e-05 -1.11922e-05 0.00946852 -0.0173916 -2.11243e-06 0.000311919 -0.0173916 0.0857923 
0.00947173 -0.0173289 -6.05667e-05 -5.46373e-06 -0.0173289 0.085549 -1.00797e-05 0.000287443 -6.05667e-05 -1.00797e-05 0.00943869 -0.0173552 -5.46373e-06 0.000287443 -0.0173552 0.0856778 
0.00947057 -0.0172988 -5.60064e-05 -1.05807e-06 -0.0172988 0.0853096 -7.80858e-07 0.000269814 -5.60064e-05 -7.80858e-07 0.00938587 -0.0172882 -1.05807e-06 0.000269814 -0.0172882 0.0854157 
0.00946767 -0.0173512 -3.44827e-05 -4.15562e-06 -0.0173512 0.0854563 -3.37044e-06 0.000261714 -3.44827e-05 -3.37044e-06 0.00939483 -0.017264 -4.15562e-06 0.000261714 -0.017264 0.0854079 
0.00943563 -0.0173367 -1.22666e-05 -2.77588e-05 -0.0173367 0.0854582 -2.99138e-05 0.000296341 -1.22666e-05 -2.99138e-05 0.00940824 -0.0172563 -2.77588e-05 0.000296341 -0.0172563 0.0853359 
0.00941201 -0.0173024 -1.98002e-05 -5.20498e-05 -0.0173024 0.0854173 -5.80454e-05 0.000354611 -1.98002e-05 -5.80454e-05 0.00941781 -0.0172777 -5.20498e-05 0.000354611 -0.0172777 0.0853634 
0.00939451 -0.0172468 -3.96131e-05 -4.44511e-05 -0.0172468 0.0852311 -5.07859e-05 0.000368188 -3.96131e-05 -5.07859e-05 0.00940156 -0.0172745 -4.44511e-05 0.000368188 -0.0172745 0.0853142 
0.00939117 -0.017178 -4.40854e-05 -1.92248e-05 -0.017178 0.0848848 -2.44139e-05 0.00032342 -4.40854e-05 -2.44139e-05 0.00933959 -0.0172055 -1.92248e-05 0.00032342 -0.0172055 0.085021 
0.00938289 -0.0171437 -5.20059e-05 -1.37489e-05 -0.0171437 0.0845837 -1.53227e-05 0.000287729 -5.20059e-05 -1.53227e-05 0.0092871 -0.0171042 -1.37489e-05 0.000287729 -0.0171042 0.0846352 
0.00937467 -0.017159 -7.42871e-05 -1.16451e-05 -0.017159 0.0845489 -5.44872e-06 0.000272157 -7.42871e-05 -5.44872e-06 0.00927538 -0.0170556 -1.16451e-05 0.000272157 -0.0170556 0.0844377 
0.00974151 -0.017878 -7.32018e-05 1.09602e-05 -0.017878 0.088103 2.54697e-05 0.000237538 -7.32018e-05 2.54697e-05 0.00968306 -0.0177657 1.09602e-05 0.000237538 -0.0177657 0.0879103 
0.00970041 -0.0178457 -6.12514e-05 1.09508e-05 -0.0178457 0.0880344 2.73774e-05 0.000204707 -6.12514e-05 2.73774e-05 0.00970758 -0.01778 1.09508e-05 0.000204707 -0.01778 0.0878826 
0.00930385 -0.0170915 -5.34149e-05 3.2289e-07 -0.0170915 0.0844458 1.10268e-05 0.000205706 -5.34149e-05 1.10268e-05 0.00933403 -0.017113 3.2289e-07 0.000205706 -0.017113 0.0844688 
0.00932569 -0.0171446 -5.34717e-05 -1.66338e-06 -0.0171446 0.0847198 9.22776e-08 0.000223558 -5.34717e-05 9.22776e-08 0.00938233 -0.0172039 -1.66338e-06 0.000223558 -0.0172039 0.0848911 
0.00932634 -0.0171128 -3.77358e-05 3.10167e-06 -0.0171128 0.0846162 -4.22916e-06 0.000227904 -3.77358e-05 -4.22916e-06 0.00937998 -0.017216 3.10167e-06 0.000227904 -0.017216 0.0849239 
0.00935094 -0.0171146 -2.93222e-05 -1.57329e-05 -0.0171146 0.0845918 -2.51414e-05 0.000259398 -2.93222e-05 -2.51414e-05 0.00936016 -0.0172266 -1.57329e-05 0.000259398 -0.0172266 0.0849855 
0.00941022 -0.0171949 -3.21733e-05 -3.07053e-05 -0.0171949 0.0848811 -3.43996e-05 0.000296528 -3.21733e-05 -3.43996e-05 0.00935834 -0.0172554 -3.07053e-05 0.000296528 -0.0172554 0.085231 
0.00947251 -0.0172856 -4.15524e-05 -3.09793e-05 -0.0172856 0.0852067 -2.70001e-05 0.000306728 -4.15524e-05 -2.70001e-05 0.00935349 -0.0172593 -3.09793e-05 0.000306728 -0.0172593 0.0853786 
0.00946159 -0.0172933 -6.2795e-05 -2.3311e-05 -0.0172933 0.0851174 -1.34646e-05 0.000291903 -6.2795e-05 -1.34646e-05 0.00933561 -0.0171661 -2.3311e-05 0.000291903 -0.0171661 0.0850283 
0.00943557 -0.0172916 -7.92682e-05 4.14452e-06 -0.0172916 0.0850993 1.46262e-05 0.000239408 -7.92682e-05 1.46262e-05 0.00934957 -0.0171469 4.14452e-06 0.000239408 -0.0171469 0.0848606 
0.00942533 -0.017258 -9.79283e-05 2.78272e-05 -0.017258 0.0850196 3.29077e-05 0.000181755 -9.79283e-05 3.29077e-05 0.00935481 -0.0171648 2.78272e-05 0.000181755 -0.0171648 0.0848182 
0.0094249 -0.0172751 -9.31397e-05 5.26374e-05 -0.0172751 0.0851105 5.2479e-05 0.000126852 -9.31397e-05 5.2479e-05 0.00938819 -0.0172138 5.26374e-05 0.000126852 -0.0172138 0.0850072 
0.00942763 -0.0173046 -8.00818e-05 4.63496e-05 -0.0173046 0.0853062 4.25259e-05 0.000118953 -8.00818e-05 4.25259e-05 0.00943143 -0.0172931 4.63496e-05 0.000118953 -0.0172931 0.0853291 
0.0094435 -0.0173167 -7.02502e-05 3.25478e-05 -0.0173167 0.0854449 2.38664e-05 0.000147291 -7.02502e-05 2.38664e-05 0.00945789 -0.0173564 3.25478e-05 0.000147291 -0.0173564 0.0856043 
0.00946798 -0.0173166 -7.96458e-05 1.73864e-05 -0.0173166 0.0854563 9.57789e-06 0.000189159 -7.96458e-05 9.57789e-06 0.00944634 -0.0173778 1.73864e-05 0.000189159 -0.0173778 0.0857164 
0.00949055 -0.017387 -9.00869e-05 2.28183e-05 -0.017387 0.0857074 2.16615e-05 0.000195534 -9.00869e-05 2.16615e-05 0.00946058 -0.017397 2.28183e-05 0.000195534 -0.017397 0.0859169 
0.0094925 -0.0173847 -7.69566e-05 3.14182e-05 -0.0173847 0.085724 3.47286e-05 0.000179724 -7.69566e-05 3.47286e-05 0.00944588 -0.0173785 3.14182e-05 0.000179724 -0.0173785 0.085863 
0.00948354 -0.0174232 -6.72889e-05 1.70408e-05 -0.0174232 0.0859095 1.69762e-05 0.000197831 -6.72889e-05 1.69762e-05 0.00947895 -0.0173899 1.70408e-05 0.000197831 -0.0173899 0.0859726 
0.0094269 -0.0173645 -4.36133e-05 8.31827e-06 -0.0173645 0.0857439 4.12925e-06 0.000226414 -4.36133e-05 4.12925e-06 0.00950321 -0.0173775 8.31827e-06 0.000226414 -0.0173775 0.0858364 
0.00939181 -0.017288 -6.06853e-05 -1.57175e-05 -0.017288 0.0855384 -2.25889e-05 0.000272112 -6.06853e-05 -2.25889e-05 0.00952909 -0.0174128 -1.57175e-05 0.000272112 -0.0174128 0.0858434 
0.00942114 -0.0172997 -8.0592e-05 3.8543e-06 -0.0172997 0.0856633 -4.11715e-06 0.0002672 -8.0592e-05 -4.11715e-06 0.00955182 -0.0175142 3.8543e-06 0.0002672 -0.0175142 0.0862278 
0.00942064 -0.0173026 -8.75249e-05 2.72765e-05 -0.0173026 0.0856149 1.93618e-05 0.000220828 -8.75249e-05 1.93618e-05 0.00954613 -0.0175029 2.72765e-05 0.000220828 -0.0175029 0.0862536 
0.0094316 -0.0172782 -8.66871e-05 3.28431e-05 -0.0172782 0.0854803 2.96023e-05 0.00018777 -8.66871e-05 2.96023e-05 0.00950059 -0.0174647 3.28431e-05 0.00018777 -0.0174647 0.0860982 
0.00941726 -0.0172711 -8.83271e-05 2.77505e-05 -0.0172711 0.0853283 3.0253e-05 0.000181215 -8.83271e-05 3.0253e-05 0.00946962 -0.0173768 2.77505e-05 0.000181215 -0.0173768 0.0857933 
0.00939479 -0.0172371 -7.30798e-05 2.65925e-05 -0.0172371 0.0851358 2.82166e-05 0.000188463 -7.30798e-05 2.82166e-05 0.00944281 -0.0173052 2.65925e-05 0.000188463 -0.0173052 0.085442 
0.00938751 -0.0172054 -6.42663e-05 1.09731e-05 -0.0172054 0.084978 9.04985e-06 0.000216638 -6.42663e-05 9.04985e-06 0.00941596 -0.0172701 1.09731e-05 0.000216638 -0.0172701 0.0852212 
0.00937633 -0.0172102 -6.07175e-05 2.23146e-06 -0.0172102 0.0849556 -4.72034e-07 0.00024358 -6.07175e-05 -4.72034e-07 0.00941605 -0.0172556 2.23146e-06 0.00024358 -0.0172556 0.0851542 
0.00936474 -0.0171961 -5.91151e-05 -1.12063e-06 -0.0171961 0.0849208 -2.7485e-06 0.000255716 -5.91151e-05 -2.7485e-06 0.00941959 -0.0172587 -1.12063e-06 0.000255716 -0.0172587 0.0851307 
0.00934618 -0.0171266 -6.15255e-05 2.30956e-06 -0.0171266 0.084611 2.71997e-06 0.000243111 -6.15255e-05 2.71997e-06 0.00938412 -0.0172158 2.30956e-06 0.000243111 -0.0172158 0.0848845 
0.00936066 -0.0171295 -7.39353e-05 6.04035e-06 -0.0171295 0.0845661 4.2558e-06 0.000232606 -7.39353e-05 4.2558e-06 0.00935369 -0.0172076 6.04035e-06 0.000232606 -0.0172076 0.0848648 
0.00937839 -0.0171722 -7.24682e-05 2.23406e-05 -0.0171722 0.0846917 1.55586e-05 0.000207525 -7.24682e-05 1.55586e-05 0.00934087 -0.0171912 2.23406e-05 0.000207525 -0.0171912 0.0848973 
0.00938015 -0.0171808 -4.62385e-05 2.60387e-05 -0.0171808 0.084709 1.58471e-05 0.000187755 -4.62385e-05 1.58471e-05 0.00932848 -0.0171513 2.60387e-05 0.000187755 -0.0171513 0.0847779 
0.00939843 -0.0172439 -5.27307e-05 -9.34646e-06 -0.0172439 0.085005 -1.71343e-05 0.000237099 -5.27307e-05 -1.71343e-05 0.00935842 -0.0171849 -9.34646e-06 0.000237099 -0.0171849 0.0849568 
0.00940441 -0.0172743 -6.14423e-05 -8.09552e-06 -0.0172743 0.0852032 -8.90306e-06 0.000261556 -6.14423e-05 -8.90306e-06 0.00938121 -0.0172192 -8.09552e-06 0.000261556 -0.0172192 0.0851023 
0.00937323 -0.0172469 -7.65604e-05 3.91103e-06 -0.0172469 0.0851348 7.48571e-06 0.000239249 -7.65604e-05 7.48571e-06 0.00939773 -0.0172138 3.91103e-06 0.000239249 -0.0172138 0.0850522 
0.0093685 -0.0172035 -7.70374e-05 2.13227e-05 -0.0172035 0.0850339 2.72525e-05 0.000198147 -7.70374e-05 2.72525e-05 0.00938886 -0.0172409 2.13227e-05 0.000198147 -0.0172409 0.085085 
0.00938141 -0.0171668 -8.01677e-05 2.46201e-05 -0.0171668 0.0848438 2.87468e-05 0.000173598 -8.01677e-05 2.87468e-05 0.00934177 -0.0172158 2.46201e-05 0.000173598 -0.0172158 0.0850012 
0.00939669 -0.0171916 -6.95055e-05 3.11313e-05 -0.0171916 0.0848298 3.31054e-05 0.000155411 -6.95055e-05 3.31054e-05 0.00932606 -0.0171627 3.11313e-05 0.000155411 -0.0171627 0.0848957 
0.00937913 -0.0171886 -4.33283e-05 2.37657e-05 -0.0171886 0.0847379 2.10461e-05 0.000157437 -4.33283e-05 2.10461e-05 0.00931371 -0.0171077 2.37657e-05 0.000157437 -0.0171077 0.0846523 
0.00938253 -0.0172119 -3.94916e-05 -1.15425e-05 -0.0172119 0.0848709 -1.69829e-05 0.000224253 -3.94916e-05 -1.69829e-05 0.00932584 -0.0171316 -1.15425e-05 0.000224253 -0.0171316 0.0847174 
0.00937342 -0.0172157 -5.13612e-05 -2.2707e-05 -0.0172157 0.0849384 -2.82441e-05 0.000282894 -5.13612e-05 -2.82441e-05 0.00934586 -0.0171547 -2.2707e-05 0.000282894 -0.0171547 0.0848069 
0.00936694 -0.0172234 -5.04713e-05 -1.20003e-05 -0.0172234 0.0850471 -1.32791e-05 0.000286249 -5.04713e-05 -1.32791e-05 0.00937222 -0.0172018 -1.20003e-05 0.000286249 -0.0172018 0.0849947 
0.00935011 -0.0171511 -5.75936e-05 -9.3334e-06 -0.0171511 0.0847782 -7.76833e-06 0.000267598 -5.75936e-05 -7.76833e-06 0.00935744 -0.01718 -9.3334e-06 0.000267598 -0.01718 0.0848555 
0.00934741 -0.0171441 -6.33055e-05 3.92355e-06 -0.0171441 0.0846983 5.48631e-06 0.000235732 -6.33055e-05 5.48631e-06 0.00935038 -0.0171779 3.92355e-06 0.000235732 -0.0171779 0.0848433 
0.00929672 -0.0170778 -6.00307e-05 1.5161e-05 -0.0170778 0.0843543 1.84747e-05 0.000195539 -6.00307e-05 1.84747e-05 0.00932658 -0.0171094 1.5161e-05 0.000195539 -0.0171094 0.0845195 
0.00967629 -0.0177521 -6.53147e-05 1.23756e-05 -0.0177521 0.0877319 2.28064e-05 0.000178976 -6.53147e-05 2.28064e-05 0.00970195 -0.0178121 1.23756e-05 0.000178976 -0.0178121 0.0879428 
0.00963517 -0.017687 -5.27296e-05 9.10833e-06 -0.017687 0.0873842 2.00546e-05 0.000183205 -5.27296e-05 2.00546e-05 0.00967044 -0.0177504 9.10833e-06 0.000183205 -0.0177504 0.0876391 
0.00964524 -0.0176683 -3.8599e-05 -8.14767e-06 -0.0176683 0.0873154 -1.75958e-07 0.000218335 -3.8599e-05 -1.75958e-07 0.00964179 -0.0177557 -8.14767e-06 0.000218335 -0.0177557 0.087638 
0.00966451 -0.0176787 -2.51281e-05 -2.31117e-05 -0.0176787 0.0872999 -1.78175e-05 0.000259579 -2.51281e-05 -1.78175e-05 0.00961676 -0.0177303 -2.31117e-05 0.000259579 -0.0177303 0.0876171 
0.00967342 -0.0177488 -1.54121e-05 -3.31621e-05 -0.0177488 0.0875497 -3.15312e-05 0.000290574 -1.54121e-05 -3.15312e-05 0.00963427 -0.0177326 -3.31621e-05 0.000290574 -0.0177326 0.0877348 
0.00963729 -0.0177501 -4.07734e-05 -3.87916e-05 -0.0177501 0.0876117 -4.03053e-05 0.000306257 -4.07734e-05 -4.03053e-05 0.00966131 -0.01772 -3.87916e-05 0.000306257 -0.01772 0.0876808 
0.00959936 -0.0177113 -7.3847e-05 -8.91853e-06 -0.0177113 0.0875879 -1.09089e-05 0.000265697 -7.3847e-05 -1.09089e-05 0.00970052 -0.017752 -8.91853e-06 0.000265697 -0.017752 0.0877177 
0.00959725 -0.0176735 -8.22172e-05 3.33924e-05 -0.0176735 0.0875542 3.39747e-05 0.000169095 -8.22172e-05 3.39747e-05 0.00972425 -0.0178177 3.33924e-05 0.000169095 -0.0178177 0.0878957 
0.00964566 -0.0176722 -7.04413e-05 4.67549e-05 -0.0176722 0.0875532 4.85123e-05 9.93131e-05 -7.04413e-05 4.85123e-05 0.00970924 -0.0178578 4.67549e-05 9.93131e-05 -0.0178578 0.0880657 
0.00931561 -0.0170527 -5.41625e-05 2.89838e-05 -0.0170527 0.0843002 3.03633e-05 0.000101877 -5.41625e-05 3.03633e-05 0.00932047 -0.0171589 2.89838e-05 0.000101877 -0.0171589 0.0847431 
0.00935952 -0.0171476 -5.33364e-05 3.34692e-06 -0.0171476 0.084658 7.08027e-06 0.000159289 -5.33364e-05 7.08027e-06 0.00933753 -0.0171831 3.34692e-06 0.000159289 -0.0171831 0.0849441 
0.00940278 -0.0172114 -5.23083e-05 -7.34114e-06 -0.0172114 0.0849451 -1.00915e-06 0.00021138 -5.23083e-05 -1.00915e-06 0.00934468 -0.0172075 -7.34114e-06 0.00021138 -0.0172075 0.085096 
0.00940494 -0.0172219 -5.60388e-05 -9.42952e-06 -0.0172219 0.0849369 -4.35799e-06 0.000237553 -5.60388e-05 -4.35799e-06 0.00933531 -0.0171689 -9.42952e-06 0.000237553 -0.0171689 0.0849592 
0.00938804 -0.0172229 -5.63131e-05 -1.15649e-06 -0.0172229 0.0849248 -1.36817e-06 0.00023751 -5.63131e-05 -1.36817e-06 0.00935184 -0.0171544 -1.15649e-06 0.00023751 -0.0171544 0.0848664 
0.009372 -0.017186 -5.34541e-05 2.45178e-06 -0.017186 0.0848014 -1.19651e-06 0.000231442 -5.34541e-05 -1.19651e-06 0.00935164 -0.0171563 2.45178e-06 0.000231442 -0.0171563 0.0847715 
0.00935032 -0.0171731 -6.04899e-05 -9.03022e-07 -0.0171731 0.0847476 -4.001e-06 0.000234104 -6.04899e-05 -4.001e-06 0.00936332 -0.0171711 -9.03022e-07 0.000234104 -0.0171711 0.0847959 
0.00937449 -0.0172324 -6.32185e-05 8.04636e-06 -0.0172324 0.0851086 4.6181e-06 0.000223637 -6.32185e-05 4.6181e-06 0.0094102 -0.0172731 8.04636e-06 0.000223637 -0.0172731 0.0852551 
0.00943687 -0.0172653 -6.51182e-05 1.06627e-05 -0.0172653 0.0853447 4.07391e-06 0.000217968 -6.51182e-05 4.07391e-06 0.00940317 -0.01734 1.06627e-05 0.000217968 -0.01734 0.0855942 
0.00946839 -0.0173338 -6.38018e-05 1.28648e-05 -0.0173338 0.0855262 2.89805e-06 0.000219263 -6.38018e-05 2.89805e-06 0.00941487 -0.0173126 1.28648e-05 0.000219263 -0.0173126 0.0856566 
0.00944288 -0.0173104 -8.2281e-05 1.11731e-05 -0.0173104 0.0853619 1.09297e-06 0.000223153 -8.2281e-05 1.09297e-06 0.00940711 -0.0172475 1.11731e-05 0.000223153 -0.0172475 0.0853265 
0.00942011 -0.0173105 -8.42055e-05 3.14536e-05 -0.0173105 0.0853804 2.38612e-05 0.000194372 -8.42055e-05 2.38612e-05 0.0094246 -0.0172616 3.14536e-05 0.000194372 -0.0172616 0.0852915 
0.00946008 -0.0172957 -7.44423e-05 3.5355e-05 -0.0172957 0.0854096 3.01639e-05 0.000166943 -7.44423e-05 3.01639e-05 0.0093831 -0.0173032 3.5355e-05 0.000166943 -0.0173032 0.0854048 
0.00941979 -0.0172449 -7.06586e-05 1.65678e-05 -0.0172449 0.0850102 1.90487e-05 0.00018476 -7.06586e-05 1.90487e-05 0.00932611 -0.0171612 1.65678e-05 0.00018476 -0.0171612 0.0849201 
0.00934638 -0.0171451 -7.52936e-05 3.99595e-06 -0.0171451 0.0845127 1.59278e-05 0.000212047 -7.52936e-05 1.59278e-05 0.00929229 -0.0170423 3.99595e-06 0.000212047 -0.0170423 0.0843355 
0.00972055 -0.0178456 -8.80817e-05 1.13466e-05 -0.0178456 0.0880383 2.59403e-05 0.000216034 -8.80817e-05 2.59403e-05 0.00970858 -0.0177908 1.13466e-05 0.000216034 -0.0177908 0.0879082 
0.00968995 -0.017817 -8.84684e-05 2.75895e-05 -0.017817 0.0879569 3.92263e-05 0.000184744 -8.84684e-05 3.92263e-05 0.00973144 -0.0178232 2.75895e-05 0.000184744 -0.0178232 0.0879704 
0.00969391 -0.0177955 -8.37201e-05 3.57548e-05 -0.0177955 0.0879397 4.26488e-05 0.000154328 -8.37201e-05 4.26488e-05 0.00973985 -0.0178704 3.57548e-05 0.000154328 -0.0178704 0.088129 
0.00929615 -0.0170781 -6.51542e-05 3.23017e-05 -0.0170781 0.0843808 3.57142e-05 0.000138801 -6.51542e-05 3.57142e-05 0.00935453 -0.0171626 3.23017e-05 0.000138801 -0.0171626 0.0846639 
0.00929116 -0.017082 -6.05944e-05 1.62251e-05 -0.017082 0.0844352 1.83748e-05 0.000160696 -6.05944e-05 1.83748e-05 0.00936673 -0.0171894 1.62251e-05 0.000160696 -0.0171894 0.0847916 
0.00929016 -0.017042 -4.49275e-05 9.36563e-06 -0.017042 0.0842806 9.82493e-06 0.000185902 -4.49275e-05 9.82493e-06 0.00934605 -0.0171685 9.36563e-06 0.000185902 -0.0171685 0.084696 
0.00966849 -0.0177272 -5.33475e-05 -8.26981e-06 -0.0177272 0.0876078 -7.1479e-06 0.000226598 -5.33475e-05 -7.1479e-06 0.00971548 -0.0178376 -8.26981e-06 0.000226598 -0.0178376 0.0880402 
0.00930022 -0.0170674 -6.16697e-05 -1.5877e-06 -0.0170674 0.0843027 1.42063e-08 0.000223803 -6.16697e-05 1.42063e-08 0.00934128 -0.0171616 -1.5877e-06 0.000223803 -0.0171616 0.0846966 
0.00935275 -0.0171373 -7.44247e-05 8.9379e-06 -0.0171373 0.0846595 1.05265e-05 0.000210134 -7.44247e-05 1.05265e-05 0.00936186 -0.017226 8.9379e-06 0.000210134 -0.017226 0.0850344 
0.00942966 -0.0172626 -7.21225e-05 2.24489e-05 -0.0172626 0.0852348 2.63198e-05 0.000182481 -7.21225e-05 2.63198e-05 0.00938713 -0.0173227 2.24489e-05 0.000182481 -0.0173227 0.085574 
0.00941051 -0.0172844 -6.20808e-05 1.68597e-05 -0.0172844 0.0852824 2.44171e-05 0.000175208 -6.20808e-05 2.44171e-05 0.00938554 -0.0172721 1.68597e-05 0.000175208 -0.0172721 0.0854816 
0.00936423 -0.0172162 -5.42118e-05 1.6887e-06 -0.0172162 0.0850601 1.33129e-05 0.000195296 -5.42118e-05 1.33129e-05 0.00937063 -0.0172248 1.6887e-06 0.000195296 -0.0172248 0.085224 
0.00928275 -0.0170621 -5.13918e-05 -6.00837e-06 -0.0170621 0.0843885 3.99944e-06 0.000215953 -5.13918e-05 3.99944e-06 0.0093273 -0.0171091 -6.00837e-06 0.000215953 -0.0171091 0.0846147 
0.00965869 -0.0177185 -4.92543e-05 -4.551e-06 -0.0177185 0.0876659 9.77832e-07 0.000231196 -4.92543e-05 9.77832e-07 0.0097048 -0.0178104 -4.551e-06 0.000231196 -0.0178104 0.087995 
0.0096396 -0.0176935 -2.64596e-05 -5.71931e-06 -0.0176935 0.0874752 -2.95344e-06 0.000233023 -2.64596e-05 -2.95344e-06 0.00969847 -0.0177814 -5.71931e-06 0.000233023 -0.0177814 0.0878296 
0.00962729 -0.0176675 -1.63154e-05 -3.1643e-05 -0.0176675 0.0873397 -3.03707e-05 0.000272887 -1.63154e-05 -3.03707e-05 0.00969041 -0.0177735 -3.1643e-05 0.000272887 -0.0177735 0.0877267 
0.00961346 -0.0176645 -1.13524e-05 -4.51263e-05 -0.0176645 0.0873187 -4.47417e-05 0.000318106 -1.13524e-05 -4.47417e-05 0.00970156 -0.0177895 -4.51263e-05 0.000318106 -0.0177895 0.0877699 
0.00962189 -0.0176905 -2.67857e-05 -4.76825e-05 -0.0176905 0.0874911 -5.025e-05 0.00033809 -2.67857e-05 -5.025e-05 0.00972515 -0.017848 -4.76825e-05 0.00033809 -0.017848 0.0880234 
0.00925903 -0.0170135 -4.69542e-05 -2.4876e-05 -0.0170135 0.0841752 -3.08693e-05 0.000298079 -4.69542e-05 -3.08693e-05 0.00935004 -0.0171796 -2.4876e-05 0.000298079 -0.0171796 0.0847437 
0.00930431 -0.0170798 -6.45114e-05 3.10366e-06 -0.0170798 0.0845005 -7.61933e-06 0.00024486 -6.45114e-05 -7.61933e-06 0.0093578 -0.0172357 3.10366e-06 0.00024486 -0.0172357 0.0850736 
0.00931414 -0.017092 -6.72642e-05 2.44374e-05 -0.017092 0.0845301 1.07592e-05 0.000191601 -6.72642e-05 1.07592e-05 0.00935676 -0.0172033 2.44374e-05 0.000191601 -0.0172033 0.0850317 
0.00930227 -0.0170604 -4.62448e-05 2.58686e-05 -0.0170604 0.0843484 1.5181e-05 0.000166917 -4.62448e-05 1.5181e-05 0.00934114 -0.0171509 2.58686e-05 0.000166917 -0.0171509 0.0847687 
0.00928647 -0.0170453 -2.58379e-05 -1.92862e-06 -0.0170453 0.0842371 -6.18709e-06 0.000196434 -2.58379e-05 -6.18709e-06 0.00934485 -0.0171294 -1.92862e-06 0.000196434 -0.0171294 0.0846158 
0.00937048 -0.0171228 -3.76547e-05 -3.41791e-05 -0.0171228 0.0846355 -3.28351e-05 0.00026607 -3.76547e-05 -3.28351e-05 0.00934963 -0.0172373 -3.41791e-05 0.00026607 -0.0172373 0.0850541 
0.0093848 -0.0171699 -6.13223e-05 -2.29785e-05 -0.0171699 0.0846967 -2.26979e-05 0.000285732 -6.13223e-05 -2.26979e-05 0.00933469 -0.0171907 -2.29785e-05 0.000285732 -0.0171907 0.0850004 
0.00939328 -0.0171866 -6.50789e-05 1.30945e-05 -0.0171866 0.0847433 4.57807e-06 0.000234962 -6.50789e-05 4.57807e-06 0.00931388 -0.0171589 1.30945e-05 0.000234962 -0.0171589 0.0848834 
0.00938835 -0.0172222 -7.51535e-05 2.67136e-05 -0.0172222 0.0848792 8.58962e-06 0.000191229 -7.51535e-05 8.58962e-06 0.00931726 -0.0171389 2.67136e-05 0.000191229 -0.0171389 0.0848441 
