0.00710777 0 -3.58566e-05 0 0 0.00998851 0 0 -3.58566e-05 0 0.00697844 0 0 0 0 0.00998851 
0.00965831 -0.0119844 -4.10193e-05 4.86947e-05 -0.0119844 0.0318029 4.86947e-05 -9.35952e-05 -4.10193e-05 4.86947e-05 0.00955702 -0.0118662 4.86947e-05 -9.35952e-05 -0.0118662 0.0315759 
0.00992907 -0.01841 -4.03644e-05 2.80403e-05 -0.01841 0.067872 2.80403e-05 -7.87135e-05 -4.03644e-05 2.80403e-05 0.00987468 -0.0184935 2.80403e-05 -7.87135e-05 -0.0184935 0.0682008 
0.00936513 -0.0179267 -3.83526e-05 1.67529e-05 -0.0179267 0.080224 7.86434e-06 5.24882e-05 -3.83526e-05 7.86434e-06 0.00934942 -0.0182097 1.67529e-05 5.24882e-05 -0.0182097 0.0819087 
0.00906207 -0.0167929 -3.60074e-05 2.48294e-05 -0.0167929 0.0806344 4.40355e-06 9.08017e-05 -3.60074e-05 4.40355e-06 0.00904594 -0.017079 2.48294e-05 9.08017e-05 -0.017079 0.0828166 
0.00929998 -0.0169318 -2.95209e-05 3.13442e-05 -0.0169318 0.0827086 8.62359e-06 6.6997e-05 -2.95209e-05 8.62359e-06 0.00923452 -0.0171332 3.13442e-05 6.6997e-05 -0.0171332 0.0845733 
0.00949039 -0.0172541 -7.94619e-06 2.07211e-05 -0.0172541 0.0845369 7.58028e-06 4.9105e-05 -7.94619e-06 7.58028e-06 0.00941482 -0.0173609 2.07211e-05 4.9105e-05 -0.0173609 0.085894 
0.0096708 -0.0176079 4.8401e-06 -1.7652e-05 -0.0176079 0.0864526 -1.74268e-05 9.3651e-05 4.8401e-06 -1.74268e-05 0.0096097 -0.0176841 -1.7652e-05 9.3651e-05 -0.0176841 0.0874632 
0.00944867 -0.0171751 1.36634e-05 -3.81766e-05 -0.0171751 0.0844917 -3.13477e-05 0.000142189 1.36634e-05 -3.13477e-05 0.00937638 -0.017279 -3.81766e-05 0.000142189 -0.017279 0.085386 
0.00975127 -0.0176993 1.57203e-06 -4.94073e-05 -0.0176993 0.0870844 -4.36914e-05 0.000181783 1.57203e-06 -4.36914e-05 0.00965717 -0.0178143 -4.94073e-05 0.000181783 -0.0178143 0.0880264 
0.00971444 -0.017589 -2.18805e-05 -2.9988e-05 -0.017589 0.086469 -3.13977e-05 0.000170444 -2.18805e-05 -3.13977e-05 0.00956626 -0.0176782 -2.9988e-05 0.000170444 -0.0176782 0.087378 
0.00972278 -0.0176035 -3.65938e-05 3.78809e-06 -0.0176035 0.0864016 -2.24767e-06 0.000108941 -3.65938e-05 -2.24767e-06 0.00952326 -0.017631 3.78809e-06 0.000108941 -0.017631 0.0872101 
0.00972337 -0.0176334 -3.88655e-05 2.51196e-05 -0.0176334 0.0864591 1.87129e-05 4.46229e-05 -3.88655e-05 1.87129e-05 0.0095032 -0.0175798 2.51196e-05 4.46229e-05 -0.0175798 0.0870708 
0.00971134 -0.0176799 -9.53714e-06 2.27492e-05 -0.0176799 0.0866848 2.14503e-05 2.26192e-05 -9.53714e-06 2.14503e-05 0.00954018 -0.0175832 2.27492e-05 2.26192e-05 -0.0175832 0.087123 
0.0097114 -0.0176379 -1.16535e-05 -1.45232e-05 -0.0176379 0.0866182 -1.10069e-05 6.9249e-05 -1.16535e-05 -1.10069e-05 0.00951549 -0.0175959 -1.45232e-05 6.9249e-05 -0.0175959 0.0870671 
0.0096952 -0.0175738 -1.53889e-05 -1.08939e-05 -0.0175738 0.0862655 -6.81306e-06 8.73487e-05 -1.53889e-05 -6.81306e-06 0.00945566 -0.0175029 -1.08939e-05 8.73487e-05 -0.0175029 0.0866903 
0.00969911 -0.0175961 -3.08341e-05 -2.5713e-06 -0.0175961 0.0862772 2.29872e-06 6.94024e-05 -3.08341e-05 2.29872e-06 0.00944746 -0.0174633 -2.5713e-06 6.94024e-05 -0.0174633 0.0865715 
0.00970572 -0.0176061 -3.1981e-05 1.91039e-05 -0.0176061 0.0863153 2.46895e-05 2.23144e-05 -3.1981e-05 2.46895e-05 0.00945226 -0.0174584 1.91039e-05 2.23144e-05 -0.0174584 0.0865208 
0.00971841 -0.0176409 -3.2499e-05 2.05851e-05 -0.0176409 0.0864643 2.84205e-05 -5.8397e-06 -3.2499e-05 2.84205e-05 0.00947009 -0.0174894 2.05851e-05 -5.8397e-06 -0.0174894 0.0866333 
0.00967781 -0.0175943 -4.17199e-05 1.92777e-05 -0.0175943 0.086248 3.20302e-05 -1.77543e-05 -4.17199e-05 3.20302e-05 0.00945483 -0.0174486 1.92777e-05 -1.77543e-05 -0.0174486 0.0864121 
0.00965798 -0.0175561 -3.45572e-05 2.84081e-05 -0.0175561 0.0861242 4.26056e-05 -3.66946e-05 -3.45572e-05 4.26056e-05 0.00943909 -0.0174422 2.84081e-05 -3.66946e-05 -0.0174422 0.0863397 
0.00967971 -0.017588 -2.40598e-05 2.42211e-05 -0.017588 0.086305 3.33523e-05 -3.90286e-05 -2.40598e-05 3.33523e-05 0.00945284 -0.017485 2.42211e-05 -3.90286e-05 -0.017485 0.0865743 
0.00969148 -0.0175779 -7.64439e-06 1.01878e-05 -0.0175779 0.0862567 1.55261e-05 -1.045e-05 -7.64439e-06 1.55261e-05 0.00944821 -0.0174725 1.01878e-05 -1.045e-05 -0.0174725 0.0865499 
0.00970951 -0.0176332 2.15257e-06 -8.43094e-06 -0.0176332 0.0864683 -6.15096e-06 3.33586e-05 2.15257e-06 -6.15096e-06 0.00948058 -0.0175145 -8.43094e-06 3.33586e-05 -0.0175145 0.0867601 
0.0096981 -0.0176541 1.94505e-06 -2.14826e-05 -0.0176541 0.0865987 -1.88001e-05 7.37542e-05 1.94505e-06 -1.88001e-05 0.00951471 -0.0175533 -2.14826e-05 7.37542e-05 -0.0175533 0.0869144 
0.00968911 -0.0176703 -1.08928e-06 -1.92541e-05 -0.0176703 0.0867743 -1.67174e-05 8.33521e-05 -1.08928e-06 -1.67174e-05 0.00956778 -0.0176158 -1.92541e-05 8.33521e-05 -0.0176158 0.0871657 
0.00964881 -0.0176204 -5.06258e-06 -1.30148e-05 -0.0176204 0.0866428 -1.14665e-05 7.21485e-05 -5.06258e-06 -1.14665e-05 0.00958258 -0.0176357 -1.30148e-05 7.21485e-05 -0.0176357 0.0871713 
0.00962795 -0.0175367 -3.79736e-06 -3.5532e-06 -0.0175367 0.0863533 1.56538e-06 4.04359e-05 -3.79736e-06 1.56538e-06 0.00956804 -0.0176306 -3.5532e-06 4.04359e-05 -0.0176306 0.0870765 
0.0096426 -0.0175451 -1.3337e-05 -7.18504e-06 -0.0175451 0.0863618 2.6052e-08 3.1315e-05 -1.3337e-05 2.6052e-08 0.00956704 -0.0176563 -7.18504e-06 3.1315e-05 -0.0176563 0.0872092 
0.00963348 -0.0175189 -3.45936e-05 9.7669e-07 -0.0175189 0.0861923 1.085e-05 1.72737e-05 -3.45936e-05 1.085e-05 0.00953686 -0.0176172 9.7669e-07 1.72737e-05 -0.0176172 0.0870661 
0.0095871 -0.0174534 -4.48037e-05 2.69727e-05 -0.0174534 0.0858384 3.42559e-05 -2.74407e-05 -4.48037e-05 3.42559e-05 0.00950301 -0.0175312 2.69727e-05 -2.74407e-05 -0.0175312 0.0866917 
0.00952719 -0.0173403 -5.11841e-05 4.60887e-05 -0.0173403 0.0853007 4.71048e-05 -7.78596e-05 -5.11841e-05 4.71048e-05 0.00943781 -0.0174218 4.60887e-05 -7.78596e-05 -0.0174218 0.0861341 
0.00950498 -0.0173104 -4.52917e-05 5.93494e-05 -0.0173104 0.0851416 5.42177e-05 -0.0001142 -4.52917e-05 5.42177e-05 0.00940846 -0.0173771 5.93494e-05 -0.0001142 -0.0173771 0.0859383 
0.00950103 -0.0173055 -4.24622e-05 5.52085e-05 -0.0173055 0.0851208 4.47568e-05 -0.000118751 -4.24622e-05 4.47568e-05 0.00939419 -0.0173494 5.52085e-05 -0.000118751 -0.0173494 0.085844 
0.00952473 -0.0173208 -3.44609e-05 5.10139e-05 -0.0173208 0.085195 4.1969e-05 -0.000112521 -3.44609e-05 4.1969e-05 0.00937833 -0.0173449 5.10139e-05 -0.000112521 -0.0173449 0.0858435 
0.00951175 -0.0172968 -2.67059e-05 3.89837e-05 -0.0172968 0.0850118 3.9615e-05 -0.000101418 -2.67059e-05 3.9615e-05 0.00935195 -0.0172712 3.89837e-05 -0.000101418 -0.0172712 0.0855459 
0.00949656 -0.017268 -3.22934e-05 2.39862e-05 -0.017268 0.0848358 3.42176e-05 -7.88666e-05 -3.22934e-05 3.42176e-05 0.00932562 -0.017221 2.39862e-05 -7.88666e-05 -0.017221 0.0852751 
0.00948439 -0.0172452 -2.04742e-05 2.23374e-05 -0.0172452 0.0847047 3.27049e-05 -5.76333e-05 -2.04742e-05 3.27049e-05 0.00929643 -0.01719 2.23374e-05 -5.76333e-05 -0.01719 0.085102 
0.00950556 -0.0172769 -2.61298e-05 1.01838e-05 -0.0172769 0.0848335 1.51079e-05 -2.73628e-05 -2.61298e-05 1.51079e-05 0.00927965 -0.0171915 1.01838e-05 -2.73628e-05 -0.0171915 0.0851587 
0.00950389 -0.0173042 -2.74113e-05 1.90583e-05 -0.0173042 0.0849339 2.1171e-05 -2.44881e-05 -2.74113e-05 2.1171e-05 0.00927998 -0.0171671 1.90583e-05 -2.44881e-05 -0.0171671 0.0851397 
0.00950873 -0.0173273 -1.64631e-05 2.92127e-05 -0.0173273 0.0850863 2.95474e-05 -5.18898e-05 -1.64631e-05 2.95474e-05 0.00929655 -0.0171776 2.92127e-05 -5.18898e-05 -0.0171776 0.0851976 
0.00947934 -0.0173171 -3.53775e-06 1.6124e-05 -0.0173171 0.0850909 1.16279e-05 -3.64836e-05 -3.53775e-06 1.16279e-05 0.00932044 -0.0171856 1.6124e-05 -3.64836e-05 -0.0171856 0.0852012 
0.00947229 -0.0173352 2.48902e-06 3.87489e-06 -0.0173352 0.0853035 -6.62435e-06 -4.13546e-06 2.48902e-06 -6.62435e-06 0.00937797 -0.0172685 3.87489e-06 -4.13546e-06 -0.0172685 0.0855195 
0.00947635 -0.0173311 2.02903e-06 -4.36356e-06 -0.0173311 0.0854178 -1.53094e-05 2.39208e-05 2.02903e-06 -1.53094e-05 0.00941954 -0.0173476 -4.36356e-06 2.39208e-05 -0.0173476 0.0858177 
0.00950913 -0.0173691 -1.69939e-06 -1.20061e-05 -0.0173691 0.0856619 -1.94222e-05 5.18149e-05 -1.69939e-06 -1.94222e-05 0.00945817 -0.0174456 -1.20061e-05 5.18149e-05 -0.0174456 0.0862534 
0.00948317 -0.0173076 2.76872e-06 -1.10735e-05 -0.0173076 0.0853519 -1.33999e-05 6.04962e-05 2.76872e-06 -1.33999e-05 0.00943272 -0.017396 -1.10735e-05 6.04962e-05 -0.017396 0.086042 
0.00949163 -0.017276 1.52331e-06 -1.66972e-05 -0.017276 0.0851646 -1.01532e-05 5.95782e-05 1.52331e-06 -1.01532e-05 0.00940049 -0.0173592 -1.66972e-05 5.95782e-05 -0.0173592 0.0858728 
0.00953298 -0.0173404 6.51989e-06 -1.79727e-05 -0.0173404 0.0853605 -8.96157e-06 6.27759e-05 6.51989e-06 -8.96157e-06 0.00939714 -0.0173709 -1.79727e-05 6.27759e-05 -0.0173709 0.0859865 
0.00955655 -0.0173758 1.80477e-06 -1.87355e-05 -0.0173758 0.0854492 -2.02334e-05 7.20671e-05 1.80477e-06 -2.02334e-05 0.00939203 -0.0173476 -1.87355e-05 7.20671e-05 -0.0173476 0.0859349 
0.00958853 -0.0174312 -3.07469e-05 -6.57451e-06 -0.0174312 0.085658 -1.88037e-05 6.654e-05 -3.07469e-05 -1.88037e-05 0.00939945 -0.0173672 -6.57451e-06 6.654e-05 -0.0173672 0.0860304 
0.00963298 -0.0174801 -4.48648e-05 3.27121e-05 -0.0174801 0.0858557 1.83064e-05 7.14118e-06 -4.48648e-05 1.83064e-05 0.00939804 -0.017389 3.27121e-05 7.14118e-06 -0.017389 0.0861479 
0.00964547 -0.0175432 -3.90816e-05 4.93299e-05 -0.0175432 0.0860709 3.90128e-05 -5.43553e-05 -3.90816e-05 3.90128e-05 0.00941515 -0.0174026 4.93299e-05 -5.43553e-05 -0.0174026 0.0862693 
0.00964129 -0.0175547 -3.82151e-05 3.78522e-05 -0.0175547 0.0861787 3.07428e-05 -5.77678e-05 -3.82151e-05 3.07428e-05 0.00943576 -0.017427 3.78522e-05 -5.77678e-05 -0.017427 0.0863632 
0.00965426 -0.0175888 -2.25514e-05 3.10955e-05 -0.0175888 0.0864134 2.15333e-05 -3.15822e-05 -2.25514e-05 2.15333e-05 0.00947637 -0.017498 3.10955e-05 -3.15822e-05 -0.017498 0.0866716 
0.00968242 -0.0175963 -1.17865e-05 1.02018e-05 -0.0175963 0.0865133 -1.00812e-06 1.76861e-05 -1.17865e-05 -1.00812e-06 0.00949671 -0.0175487 1.02018e-05 1.76861e-05 -0.0175487 0.0868869 
0.00968396 -0.0176171 2.98139e-06 -7.74367e-06 -0.0176171 0.0865614 -1.72467e-05 7.16048e-05 2.98139e-06 -1.72467e-05 0.00951302 -0.0175711 -7.74367e-06 7.16048e-05 -0.0175711 0.0870036 
0.00966921 -0.017595 6.17907e-06 -2.83349e-05 -0.017595 0.0864805 -3.29749e-05 0.000122118 6.17907e-06 -3.29749e-05 0.00952003 -0.017571 -2.83349e-05 0.000122118 -0.017571 0.0869828 
0.00966794 -0.0175904 8.46983e-06 -3.82752e-05 -0.0175904 0.0864835 -3.61178e-05 0.000157417 8.46983e-06 -3.61178e-05 0.00953644 -0.017593 -3.82752e-05 0.000157417 -0.017593 0.0870545 
0.00965319 -0.0175757 -1.09023e-07 -3.95549e-05 -0.0175757 0.0864123 -3.27218e-05 0.000163429 -1.09023e-07 -3.27218e-05 0.00954622 -0.0175926 -3.95549e-05 0.000163429 -0.0175926 0.087025 
0.00966458 -0.0175528 -9.18871e-06 -2.95365e-05 -0.0175528 0.0863371 -2.21197e-05 0.000149211 -9.18871e-06 -2.21197e-05 0.00953986 -0.0176072 -2.95365e-05 0.000149211 -0.0176072 0.087032 
0.00968787 -0.0175475 -2.10739e-05 -1.62037e-05 -0.0175475 0.0862333 -8.20344e-06 0.000116883 -2.10739e-05 -8.20344e-06 0.00950895 -0.0175865 -1.62037e-05 0.000116883 -0.0175865 0.0869505 
0.0096704 -0.0175632 -3.48241e-05 -2.60054e-06 -0.0175632 0.0861661 2.67645e-06 8.61624e-05 -3.48241e-05 2.67645e-06 0.00949665 -0.0175358 -2.60054e-06 8.61624e-05 -0.0175358 0.0867843 
0.0096393 -0.0175848 -2.87957e-05 1.46468e-05 -0.0175848 0.0863164 1.42481e-05 5.69831e-05 -2.87957e-05 1.42481e-05 0.00952935 -0.017567 1.46468e-05 5.69831e-05 -0.017567 0.0869029 
0.00957272 -0.0174959 -2.36946e-05 1.12119e-05 -0.0174959 0.0860547 6.54359e-06 5.12966e-05 -2.36946e-05 6.54359e-06 0.0095349 -0.0175448 1.12119e-05 5.12966e-05 -0.0175448 0.0867289 
0.00951504 -0.0174092 -2.01201e-05 1.1073e-05 -0.0174092 0.0857824 1.70621e-06 5.23593e-05 -2.01201e-05 1.70621e-06 0.00954158 -0.0175482 1.1073e-05 5.23593e-05 -0.0175482 0.0866474 
0.00946388 -0.0173 -3.65632e-05 8.83385e-06 -0.0173 0.0853662 -4.00594e-06 5.87366e-05 -3.65632e-05 -4.00594e-06 0.00952428 -0.0175206 8.83385e-06 5.87366e-05 -0.0175206 0.0864415 
0.00943342 -0.0172309 -2.54344e-05 2.5709e-05 -0.0172309 0.085059 1.32877e-05 4.07356e-05 -2.54344e-05 1.32877e-05 0.00951412 -0.017496 2.5709e-05 4.07356e-05 -0.017496 0.0862903 
0.00944637 -0.0172284 -8.71705e-06 9.19215e-06 -0.0172284 0.0850479 1.27423e-06 5.14088e-05 -8.71705e-06 1.27423e-06 0.00950527 -0.0175259 9.19215e-06 5.14088e-05 -0.0175259 0.0863965 
0.0094664 -0.017225 1.49811e-06 -1.55397e-05 -0.017225 0.0849683 -1.33726e-05 9.01536e-05 1.49811e-06 -1.33726e-05 0.00945538 -0.0174885 -1.55397e-05 9.01536e-05 -0.0174885 0.086297 
0.0094903 -0.0172688 6.99709e-06 -3.21261e-05 -0.0172688 0.0850598 -2.34492e-05 0.00013079 6.99709e-06 -2.34492e-05 0.00942861 -0.0174363 -3.21261e-05 0.00013079 -0.0174363 0.0862049 
0.00950187 -0.0173056 8.08249e-07 -3.70301e-05 -0.0173056 0.0851643 -2.67196e-05 0.000148078 8.08249e-07 -2.67196e-05 0.0094084 -0.0173884 -3.70301e-05 0.000148078 -0.0173884 0.0860614 
0.00950891 -0.0173005 4.46394e-07 -2.73973e-05 -0.0173005 0.0851268 -1.96363e-05 0.0001397 4.46394e-07 -1.96363e-05 0.0093783 -0.0173362 -2.73973e-05 0.0001397 -0.0173362 0.0858353 
0.00948735 -0.0172544 -1.8517e-05 -2.10097e-05 -0.0172544 0.0848515 -1.81937e-05 0.000122415 -1.8517e-05 -1.81937e-05 0.00931655 -0.0172459 -2.10097e-05 0.000122415 -0.0172459 0.0854181 
0.00945973 -0.0172239 -2.08086e-05 3.17699e-07 -0.0172239 0.0846513 -2.68914e-06 9.38399e-05 -2.08086e-05 -2.68914e-06 0.00927388 -0.0171588 3.17699e-07 9.38399e-05 -0.0171588 0.0850642 
0.00945488 -0.0172028 -4.00742e-05 8.45968e-06 -0.0172028 0.0845532 5.03091e-07 6.69149e-05 -4.00742e-05 5.03091e-07 0.00924057 -0.0171059 8.45968e-06 6.69149e-05 -0.0171059 0.0848323 
0.00948741 -0.017294 -4.04384e-05 2.95377e-05 -0.017294 0.0849661 1.85639e-05 3.39546e-05 -4.04384e-05 1.85639e-05 0.0092815 -0.0171565 2.95377e-05 3.39546e-05 -0.0171565 0.0851245 
0.00946996 -0.0172981 -2.92679e-05 3.40192e-05 -0.0172981 0.0850444 2.25817e-05 6.66115e-06 -2.92679e-05 2.25817e-05 0.009307 -0.0171745 3.40192e-05 6.66115e-06 -0.0171745 0.085175 
0.00946093 -0.0172935 -1.79983e-05 1.42428e-05 -0.0172935 0.0851353 5.00671e-06 3.33553e-05 -1.79983e-05 5.00671e-06 0.00932972 -0.0172275 1.42428e-05 3.33553e-05 -0.0172275 0.0853582 
0.00941916 -0.0172118 -1.73499e-05 4.4917e-06 -0.0172118 0.0848206 -3.55168e-06 5.64133e-05 -1.73499e-05 -3.55168e-06 0.00931939 -0.0171927 4.4917e-06 5.64133e-05 -0.0171927 0.0851719 
0.00940337 -0.0171494 -1.36845e-05 6.20785e-06 -0.0171494 0.0845548 4.22686e-07 5.71558e-05 -1.36845e-05 4.22686e-07 0.00929526 -0.0171725 6.20785e-06 5.71558e-05 -0.0171725 0.0850266 
0.00938295 -0.0171129 -8.80214e-06 -1.46636e-06 -0.0171129 0.0843137 -5.06882e-06 6.66479e-05 -8.80214e-06 -5.06882e-06 0.00925856 -0.0171166 -1.46636e-06 6.66479e-05 -0.0171166 0.0847931 
0.00935299 -0.0171048 -9.88039e-06 -9.70754e-06 -0.0171048 0.0842502 -1.27021e-05 8.70458e-05 -9.88039e-06 -1.27021e-05 0.00925998 -0.017087 -9.70754e-06 8.70458e-05 -0.017087 0.0846864 
0.00935062 -0.0170679 -1.94765e-06 -1.01451e-05 -0.0170679 0.0841587 -1.23367e-05 9.83394e-05 -1.94765e-06 -1.23367e-05 0.00924907 -0.0170848 -1.01451e-05 9.83394e-05 -0.0170848 0.0846229 
0.00975942 -0.0177996 2.63209e-06 -2.18483e-05 -0.0177996 0.0877393 -1.75108e-05 0.000114839 2.63209e-06 -1.75108e-05 0.00963758 -0.0178164 -2.18483e-05 0.000114839 -0.0178164 0.0882564 
0.00973955 -0.0177807 -9.96468e-06 -3.14024e-05 -0.0177807 0.0875948 -1.95198e-05 0.000129914 -9.96468e-06 -1.95198e-05 0.0096244 -0.0177693 -3.14024e-05 0.000129914 -0.0177693 0.0880642 
0.00974999 -0.0177885 -4.06478e-05 -1.71657e-05 -0.0177885 0.0876375 -4.50444e-06 0.00011495 -4.06478e-05 -4.50444e-06 0.00960836 -0.0177729 -1.71657e-05 0.00011495 -0.0177729 0.0880592 
0.00974699 -0.0177567 -3.5258e-05 2.55483e-05 -0.0177567 0.087457 3.05857e-05 4.3122e-05 -3.5258e-05 3.05857e-05 0.00957519 -0.0177137 2.55483e-05 4.3122e-05 -0.0177137 0.0878224 
0.00976285 -0.0177737 -2.38117e-05 2.28033e-05 -0.0177737 0.0874711 2.26062e-05 1.37017e-05 -2.38117e-05 2.26062e-05 0.00955108 -0.0176939 2.28033e-05 1.37017e-05 -0.0176939 0.0877512 
0.00976984 -0.0178401 -7.95423e-06 6.22963e-06 -0.0178401 0.0877392 5.77781e-06 3.8448e-05 -7.95423e-06 5.77781e-06 0.00958533 -0.0177151 6.22963e-06 3.8448e-05 -0.0177151 0.0879207 
0.00974413 -0.0178033 -4.52862e-07 -1.06849e-05 -0.0178033 0.087639 -7.00006e-06 6.9865e-05 -4.52862e-07 -7.00006e-06 0.00958215 -0.0177029 -1.06849e-05 6.9865e-05 -0.0177029 0.0878077 
0.00972004 -0.0177939 -7.67353e-06 -2.30275e-05 -0.0177939 0.0876433 -1.36257e-05 9.71219e-05 -7.67353e-06 -1.36257e-05 0.00960141 -0.0177168 -2.30275e-05 9.71219e-05 -0.0177168 0.0878505 
0.00966985 -0.0177031 -2.5847e-05 -1.20529e-05 -0.0177031 0.0873047 -5.01219e-06 8.99461e-05 -2.5847e-05 -5.01219e-06 0.0095909 -0.0176823 -1.20529e-05 8.99461e-05 -0.0176823 0.0876161 
0.00962985 -0.0176211 -3.3703e-05 1.06353e-05 -0.0176211 0.086963 1.28973e-05 5.39496e-05 -3.3703e-05 1.28973e-05 0.0095658 -0.0176561 1.06353e-05 5.39496e-05 -0.0176561 0.087416 
0.00960687 -0.0175835 -2.59965e-05 2.68778e-05 -0.0175835 0.0867922 2.30728e-05 1.03627e-05 -2.59965e-05 2.30728e-05 0.00955586 -0.0176388 2.68778e-05 1.03627e-05 -0.0176388 0.0873409 
0.00958877 -0.0175822 -1.50118e-05 2.3772e-05 -0.0175822 0.0868017 1.58044e-05 -4.10854e-06 -1.50118e-05 1.58044e-05 0.00958358 -0.0176484 2.3772e-05 -4.10854e-06 -0.0176484 0.0873937 
0.00959996 -0.0175397 -2.4389e-05 1.20972e-05 -0.0175397 0.0866805 1.09277e-06 1.49211e-05 -2.4389e-05 1.09277e-06 0.0095604 -0.017667 1.20972e-05 1.49211e-05 -0.017667 0.0873855 
0.0096338 -0.0176117 -3.0906e-05 1.82207e-05 -0.0176117 0.0869349 6.0442e-06 2.3266e-05 -3.0906e-05 6.0442e-06 0.00957473 -0.0176998 1.82207e-05 2.3266e-05 -0.0176998 0.0876379 
0.00964552 -0.0176181 -4.57009e-05 2.53711e-05 -0.0176181 0.0869278 1.26183e-05 1.54271e-05 -4.57009e-05 1.26183e-05 0.00956024 -0.017659 2.53711e-05 1.54271e-05 -0.017659 0.0875059 
0.00970871 -0.0177042 -4.24551e-05 4.24936e-05 -0.0177042 0.0873087 3.0424e-05 -1.31584e-05 -4.24551e-05 3.0424e-05 0.00957227 -0.0177189 4.24936e-05 -1.31584e-05 -0.0177189 0.0877974 
0.00975866 -0.0177835 -3.80214e-05 3.33654e-05 -0.0177835 0.0876142 2.54173e-05 -1.17555e-05 -3.80214e-05 2.54173e-05 0.00956441 -0.01774 3.33654e-05 -1.17555e-05 -0.01774 0.0879836 
0.0097723 -0.0178168 -2.88582e-05 2.17042e-05 -0.0178168 0.0876971 2.08167e-05 1.14367e-05 -2.88582e-05 2.08167e-05 0.00953859 -0.0176878 2.17042e-05 1.14367e-05 -0.0176878 0.0878622 
0.00976361 -0.0178507 -3.30257e-05 1.00457e-05 -0.0178507 0.0878348 1.27639e-05 3.54606e-05 -3.30257e-05 1.27639e-05 0.00956004 -0.0176595 1.00457e-05 3.54606e-05 -0.0176595 0.087794 
0.00976375 -0.0178398 -3.68123e-05 1.79159e-05 -0.0178398 0.0878807 1.81993e-05 3.45205e-05 -3.68123e-05 1.81993e-05 0.00958334 -0.0176877 1.79159e-05 3.45205e-05 -0.0176877 0.0878186 
0.00937942 -0.0171248 -3.50741e-05 2.27521e-05 -0.0171248 0.0843806 2.1415e-05 2.22348e-05 -3.50741e-05 2.1415e-05 0.00921454 -0.0170163 2.27521e-05 2.22348e-05 -0.0170163 0.0844028 
0.00939397 -0.0171379 -2.21083e-05 2.08004e-05 -0.0171379 0.0844245 2.11505e-05 2.00647e-05 -2.21083e-05 2.11505e-05 0.00921101 -0.0170366 2.08004e-05 2.00647e-05 -0.0170366 0.0844926 
0.00939854 -0.0171483 -1.9234e-05 -3.1035e-06 -0.0171483 0.0844367 8.59302e-07 6.20181e-05 -1.9234e-05 8.59302e-07 0.00920763 -0.017024 -3.1035e-06 6.20181e-05 -0.017024 0.084483 
0.00977625 -0.0178739 -1.51657e-05 -1.06828e-05 -0.0178739 0.0879922 -8.45234e-06 0.000106409 -1.51657e-05 -8.45234e-06 0.00960374 -0.0177288 -1.06828e-05 0.000106409 -0.0177288 0.0879928 
0.00936798 -0.0171313 -4.32297e-06 -1.38942e-05 -0.0171313 0.0844073 -1.6403e-05 0.000126712 -4.32297e-06 -1.6403e-05 0.00922271 -0.0170248 -1.38942e-05 0.000126712 -0.0170248 0.0844433 
0.00938956 -0.0171736 -1.46164e-05 -2.23273e-05 -0.0171736 0.0846532 -2.77699e-05 0.000150428 -1.46164e-05 -2.77699e-05 0.00925829 -0.0170918 -2.23273e-05 0.000150428 -0.0170918 0.0847538 
0.00934603 -0.0171488 -6.55303e-06 -1.23826e-05 -0.0171488 0.0845671 -1.4839e-05 0.000145419 -6.55303e-06 -1.4839e-05 0.00929114 -0.0170932 -1.23826e-05 0.000145419 -0.0170932 0.0847444 
0.00968576 -0.0177497 -2.64058e-05 -2.16359e-05 -0.0177497 0.0876854 -2.43651e-05 0.000157241 -2.64058e-05 -2.43651e-05 0.00967031 -0.0177931 -2.16359e-05 0.000157241 -0.0177931 0.088062 
0.00966771 -0.0176695 -3.74238e-05 3.7745e-06 -0.0176695 0.0873241 -3.12803e-06 0.000128111 -3.74238e-05 -3.12803e-06 0.00964145 -0.017779 3.7745e-06 0.000128111 -0.017779 0.0879138 
0.00971149 -0.017698 -3.80418e-05 2.43513e-05 -0.017698 0.0873877 1.38818e-05 7.61852e-05 -3.80418e-05 1.38818e-05 0.00960879 -0.0178027 2.43513e-05 7.61852e-05 -0.0178027 0.0880654 
0.00968336 -0.0176854 -3.26293e-05 2.39193e-05 -0.0176854 0.0871684 1.46402e-05 5.43889e-05 -3.26293e-05 1.46402e-05 0.00957741 -0.0176878 2.39193e-05 5.43889e-05 -0.0176878 0.0876987 
0.00965576 -0.0176697 -2.74765e-05 1.1037e-05 -0.0176697 0.0870892 1.0188e-05 6.54997e-05 -2.74765e-05 1.0188e-05 0.00956886 -0.0176465 1.1037e-05 6.54997e-05 -0.0176465 0.0874715 
0.00960932 -0.0176107 -1.70098e-05 -2.4051e-07 -0.0176107 0.086869 6.04063e-06 8.59817e-05 -1.70098e-05 6.04063e-06 0.00955685 -0.0176135 -2.4051e-07 8.59817e-05 -0.0176135 0.087243 
0.00956566 -0.0175569 -2.3775e-05 -1.05895e-05 -0.0175569 0.0866914 -3.32387e-06 0.000105357 -2.3775e-05 -3.32387e-06 0.00957051 -0.0176064 -1.05895e-05 0.000105357 -0.0176064 0.0871501 
0.00957771 -0.0175736 -2.5564e-05 -2.74593e-06 -0.0175736 0.0868836 6.10317e-07 0.000106878 -2.5564e-05 6.10317e-07 0.0096111 -0.0177054 -2.74593e-06 0.000106878 -0.0177054 0.0875279 
0.0095912 -0.017606 -3.10103e-05 3.50968e-06 -0.017606 0.0870881 3.58926e-06 9.42865e-05 -3.10103e-05 3.58926e-06 0.00965334 -0.0177798 3.50968e-06 9.42865e-05 -0.0177798 0.087891 
0.00961634 -0.0175797 -3.65154e-05 1.14232e-05 -0.0175797 0.0870045 1.11891e-05 7.63744e-05 -3.65154e-05 1.11891e-05 0.00962804 -0.0177859 1.14232e-05 7.63744e-05 -0.0177859 0.0879106 
0.0096482 -0.0175955 -4.11753e-05 1.88799e-05 -0.0175955 0.0869471 2.00323e-05 5.35913e-05 -4.11753e-05 2.00323e-05 0.00958461 -0.0177401 1.88799e-05 5.35913e-05 -0.0177401 0.0877996 
0.00965006 -0.0176364 -4.64321e-05 2.4259e-05 -0.0176364 0.0869912 2.48353e-05 3.61059e-05 -4.64321e-05 2.48353e-05 0.00956931 -0.0176829 2.4259e-05 3.61059e-05 -0.0176829 0.0876441 
0.0096725 -0.0176795 -5.00402e-05 3.35689e-05 -0.0176795 0.0871986 3.01186e-05 1.71126e-05 -5.00402e-05 3.01186e-05 0.00956448 -0.0176883 3.35689e-05 1.71126e-05 -0.0176883 0.08768 
0.00968167 -0.0177289 -3.53556e-05 3.64958e-05 -0.0177289 0.0874413 3.30973e-05 7.08621e-06 -3.53556e-05 3.30973e-05 0.00958074 -0.0177089 3.64958e-05 7.08621e-06 -0.0177089 0.0878243 
0.00965684 -0.0176854 -3.16171e-06 1.99134e-05 -0.0176854 0.0872996 1.72319e-05 2.66567e-05 -3.16171e-06 1.72319e-05 0.00956096 -0.0176725 1.99134e-05 2.66567e-05 -0.0176725 0.0876518 
0.0096162 -0.0176308 2.65406e-05 -2.35461e-05 -0.0176308 0.0870769 -2.62329e-05 0.000109708 2.65406e-05 -2.62329e-05 0.00955541 -0.0176307 -2.35461e-05 0.000109708 -0.0176307 0.0874524 
0.00959365 -0.0175808 3.5964e-05 -6.1364e-05 -0.0175808 0.0868937 -6.69227e-05 0.000213467 3.5964e-05 -6.69227e-05 0.00954738 -0.0176165 -6.1364e-05 0.000213467 -0.0176165 0.0873268 
0.00957257 -0.0175408 3.65429e-05 -7.20818e-05 -0.0175408 0.0867049 -8.15464e-05 0.000276623 3.65429e-05 -8.15464e-05 0.00953277 -0.0175874 -7.20818e-05 0.000276623 -0.0175874 0.0871703 
0.00956371 -0.0174781 3.58451e-05 -6.78411e-05 -0.0174781 0.0864047 -7.88536e-05 0.000287472 3.58451e-05 -7.88536e-05 0.00947852 -0.0175354 -6.78411e-05 0.000287472 -0.0175354 0.0868986 
0.00957021 -0.0174883 1.17153e-05 -6.7092e-05 -0.0174883 0.0863526 -7.69264e-05 0.000284961 1.17153e-05 -7.69264e-05 0.00944991 -0.0174885 -6.7092e-05 0.000284961 -0.0174885 0.0867661 
0.00956548 -0.017469 -8.6045e-07 -4.01251e-05 -0.017469 0.0861983 -4.59629e-05 0.000240592 -8.6045e-07 -4.59629e-05 0.00940794 -0.0174137 -4.01251e-05 0.000240592 -0.0174137 0.0864595 
0.00957541 -0.0174993 -7.69482e-06 -2.60479e-05 -0.0174993 0.0862826 -2.5762e-05 0.000189022 -7.69482e-06 -2.5762e-05 0.00940047 -0.0173903 -2.60479e-05 0.000189022 -0.0173903 0.0863859 
0.00956853 -0.0174832 -1.34043e-05 -2.20612e-05 -0.0174832 0.0861839 -1.7322e-05 0.000161178 -1.34043e-05 -1.7322e-05 0.00937294 -0.0173436 -2.20612e-05 0.000161178 -0.0173436 0.086162 
0.00956761 -0.0175227 -1.39714e-05 -1.61757e-05 -0.0175227 0.0863446 -1.29713e-05 0.000147768 -1.39714e-05 -1.29713e-05 0.00939007 -0.0173485 -1.61757e-05 0.000147768 -0.0173485 0.0862111 
0.00954576 -0.017511 4.80501e-06 -1.04033e-05 -0.017511 0.0863505 -8.28105e-06 0.000129996 4.80501e-06 -8.28105e-06 0.00939814 -0.017349 -1.04033e-05 0.000129996 -0.017349 0.0861749 
0.00949404 -0.0174275 1.60296e-05 -3.25011e-05 -0.0174275 0.0860211 -2.90206e-05 0.000153367 1.60296e-05 -2.90206e-05 0.00938179 -0.0172953 -3.25011e-05 0.000153367 -0.0172953 0.0858702 
0.00949235 -0.0173779 1.40976e-05 -4.73028e-05 -0.0173779 0.0858544 -4.25286e-05 0.000188339 1.40976e-05 -4.25286e-05 0.00936734 -0.0173034 -4.73028e-05 0.000188339 -0.0173034 0.0858215 
0.00952845 -0.0173954 1.62327e-06 -4.42917e-05 -0.0173954 0.0858903 -4.02537e-05 0.000197417 1.62327e-06 -4.02537e-05 0.00934972 -0.0173236 -4.42917e-05 0.000197417 -0.0173236 0.0859401 
0.00953303 -0.0174418 -2.21642e-05 -2.61186e-05 -0.0174418 0.0859855 -2.58483e-05 0.000171162 -2.21642e-05 -2.58483e-05 0.00935713 -0.0173027 -2.61186e-05 0.000171162 -0.0173027 0.0859577 
0.00949983 -0.0174321 -1.15335e-05 4.70683e-06 -0.0174321 0.0859608 2.83321e-06 0.000110785 -1.15335e-05 2.83321e-06 0.00938347 -0.0172939 4.70683e-06 0.000110785 -0.0172939 0.0858855 
0.00947169 -0.0174177 -1.96173e-05 -8.12062e-06 -0.0174177 0.0860062 -5.96704e-06 9.61367e-05 -1.96173e-05 -5.96704e-06 0.00942992 -0.0173494 -8.12062e-06 9.61367e-05 -0.0173494 0.0860254 
0.00946789 -0.0173667 -2.81125e-05 -9.78775e-07 -0.0173667 0.0858999 3.39284e-06 8.70446e-05 -2.81125e-05 3.39284e-06 0.00943389 -0.0174024 -9.78775e-07 8.70446e-05 -0.0174024 0.0861477 
0.00947021 -0.0173743 -1.79476e-05 9.8258e-06 -0.0173743 0.0859185 1.23329e-05 6.54796e-05 -1.79476e-05 1.23329e-05 0.00945178 -0.0174336 9.8258e-06 6.54796e-05 -0.0174336 0.0863241 
0.00945905 -0.0173726 -2.67968e-05 -5.90238e-07 -0.0173726 0.085917 -1.34288e-06 7.42716e-05 -2.67968e-05 -1.34288e-06 0.00947094 -0.0174477 -5.90238e-07 7.42716e-05 -0.0174477 0.0863959 
0.00948001 -0.0173824 -6.067e-05 7.03707e-06 -0.0173824 0.0860144 7.50679e-06 7.33413e-05 -6.067e-05 7.50679e-06 0.00948052 -0.0174955 7.03707e-06 7.33413e-05 -0.0174955 0.0865811 
0.00948871 -0.0173698 -6.73924e-05 5.11916e-05 -0.0173698 0.0859194 5.07619e-05 -3.5225e-07 -6.73924e-05 5.07619e-05 0.00944981 -0.0174767 5.11916e-05 -3.5225e-07 -0.0174767 0.0865268 
0.00946829 -0.0173289 -5.9882e-05 6.27628e-05 -0.0173289 0.0856399 6.0308e-05 -5.79831e-05 -5.9882e-05 6.0308e-05 0.00939957 -0.017384 6.27628e-05 -5.79831e-05 -0.017384 0.0861727 
0.00944224 -0.0172775 -4.89219e-05 5.1997e-05 -0.0172775 0.085344 5.1313e-05 -6.05491e-05 -4.89219e-05 5.1313e-05 0.00935246 -0.0172912 5.1997e-05 -6.05491e-05 -0.0172912 0.0857664 
0.00945437 -0.0172933 -2.7607e-05 3.46966e-05 -0.0172933 0.0853698 3.9075e-05 -3.18602e-05 -2.7607e-05 3.9075e-05 0.00933693 -0.0172642 3.46966e-05 -3.18602e-05 -0.0172642 0.0856595 
0.00945935 -0.0173226 -1.32772e-05 6.46654e-06 -0.0173226 0.085467 1.15578e-05 2.67685e-05 -1.32772e-05 1.15578e-05 0.00932779 -0.0172535 6.46654e-06 2.67685e-05 -0.0172535 0.0856313 
