0.00688197 0 -7.0349e-05 0 0 0.00988189 0 0 -7.0349e-05 0 0.00708199 0 0 0 0 0.00988189 
0.00943913 -0.0117185 -7.80764e-05 9.31959e-05 -0.0117185 0.0312166 9.31959e-05 -0.000178428 -7.80764e-05 9.31959e-05 0.00964749 -0.0119726 9.31959e-05 -0.000178428 -0.0119726 0.031703 
0.00977633 -0.0182895 -5.57431e-05 3.8783e-05 -0.0182895 0.0674898 3.8783e-05 -0.000100319 -5.57431e-05 3.8783e-05 0.00994744 -0.0184719 3.8783e-05 -0.000100319 -0.0184719 0.0680285 
0.00922511 -0.0179985 -4.65572e-05 -2.03476e-05 -0.0179985 0.0809639 -2.01214e-05 0.000250699 -4.65572e-05 -2.01214e-05 0.00936812 -0.0179217 -2.03476e-05 0.000250699 -0.0179217 0.0801783 
0.00894893 -0.0169154 -6.08698e-05 -1.26313e-05 -0.0169154 0.082133 -8.71009e-06 0.000332958 -6.08698e-05 -8.71009e-06 0.00908764 -0.0168371 -1.26313e-05 0.000332958 -0.0168371 0.0807554 
0.00919568 -0.0170643 -7.42599e-05 3.02803e-05 -0.0170643 0.0843689 3.16895e-05 0.000212891 -7.42599e-05 3.16895e-05 0.00935367 -0.0170597 3.02803e-05 0.000212891 -0.0170597 0.0832297 
0.00934821 -0.0172636 -8.78387e-05 6.18049e-05 -0.0172636 0.0855294 5.4002e-05 6.82309e-05 -8.78387e-05 5.4002e-05 0.00952626 -0.0173114 6.18049e-05 6.82309e-05 -0.0173114 0.0847851 
0.00953481 -0.0176011 -8.27008e-05 8.17767e-05 -0.0176011 0.0872153 6.79344e-05 -2.70735e-05 -8.27008e-05 6.79344e-05 0.00971957 -0.0176828 8.17767e-05 -2.70735e-05 -0.0176828 0.0867439 
0.00931598 -0.0171954 -7.96263e-05 7.28908e-05 -0.0171954 0.0852313 5.68318e-05 -5.29229e-05 -7.96263e-05 5.68318e-05 0.00950605 -0.0172824 7.28908e-05 -5.29229e-05 -0.0172824 0.0849068 
0.00958833 -0.0176715 -6.97945e-05 6.70678e-05 -0.0176715 0.0875853 5.16011e-05 -4.06981e-05 -6.97945e-05 5.16011e-05 0.00977467 -0.0177594 6.70678e-05 -4.06981e-05 -0.0177594 0.0872818 
0.00953058 -0.0175585 -4.89348e-05 5.25599e-05 -0.0175585 0.0869462 3.68876e-05 -1.19707e-05 -4.89348e-05 3.68876e-05 0.00969796 -0.0176269 5.25599e-05 -1.19707e-05 -0.0176269 0.08661 
0.00951925 -0.0175479 -2.17844e-05 2.22078e-05 -0.0175479 0.0868367 1.19034e-05 4.78953e-05 -2.17844e-05 1.19034e-05 0.00969542 -0.0175981 2.22078e-05 4.78953e-05 -0.0175981 0.0864545 
0.00954056 -0.0175809 -1.35723e-05 -8.64611e-06 -0.0175809 0.086996 -1.2549e-05 0.000110749 -1.35723e-05 -1.2549e-05 0.00970716 -0.0176497 -8.64611e-06 0.000110749 -0.0176497 0.0866277 
0.00954891 -0.0175483 -1.11393e-05 -1.78422e-05 -0.0175483 0.086812 -1.84218e-05 0.000143841 -1.11393e-05 -1.84218e-05 0.00966374 -0.0176092 -1.78422e-05 0.000143841 -0.0176092 0.0864525 
0.00953752 -0.0175616 1.26691e-06 -2.04251e-05 -0.0175616 0.0867357 -2.12057e-05 0.000155348 1.26691e-06 -2.12057e-05 0.00965048 -0.0175452 -2.04251e-05 0.000155348 -0.0175452 0.0862404 
0.00959169 -0.0176539 9.27869e-07 -3.02245e-05 -0.0176539 0.0871896 -3.55099e-05 0.000172254 9.27869e-07 -3.55099e-05 0.00967239 -0.017623 -3.02245e-05 0.000172254 -0.017623 0.0865794 
0.00962796 -0.0177079 2.64973e-06 -2.69555e-05 -0.0177079 0.0874266 -3.24115e-05 0.000171427 2.64973e-06 -3.24115e-05 0.00967187 -0.0176384 -2.69555e-05 0.000171427 -0.0176384 0.0867207 
0.00962206 -0.0177374 4.22938e-06 -2.97628e-05 -0.0177374 0.0875245 -2.78411e-05 0.000162249 4.22938e-06 -2.78411e-05 0.00967934 -0.0176186 -2.97628e-05 0.000162249 -0.0176186 0.0866938 
0.00957816 -0.0176739 3.78989e-06 -3.33094e-05 -0.0176739 0.0872751 -2.68248e-05 0.000158994 3.78989e-06 -2.68248e-05 0.00968201 -0.0175666 -3.33094e-05 0.000158994 -0.0175666 0.0864012 
0.00953892 -0.0176315 -2.21713e-05 -2.88204e-05 -0.0176315 0.0871224 -2.63801e-05 0.000152018 -2.21713e-05 -2.63801e-05 0.0096975 -0.0175778 -2.88204e-05 0.000152018 -0.0175778 0.0863181 
0.0095416 -0.0176158 -4.21917e-05 3.56291e-06 -0.0176158 0.0871456 -2.24241e-06 0.000108808 -4.21917e-05 -2.24241e-06 0.00969652 -0.0176385 3.56291e-06 0.000108808 -0.0176385 0.0865084 
0.00955165 -0.0176451 -4.65056e-05 2.56836e-05 -0.0176451 0.0872959 1.74101e-05 5.81345e-05 -4.65056e-05 1.74101e-05 0.00970109 -0.0176683 2.56836e-05 5.81345e-05 -0.0176683 0.0867412 
0.00952698 -0.0176053 -2.85244e-05 3.24782e-05 -0.0176053 0.0871378 2.39136e-05 2.57572e-05 -2.85244e-05 2.39136e-05 0.00967866 -0.0176208 3.24782e-05 2.57572e-05 -0.0176208 0.0865921 
0.00953152 -0.0176001 -2.27368e-05 1.11246e-05 -0.0176001 0.0871577 4.38678e-06 4.63471e-05 -2.27368e-05 4.38678e-06 0.00968156 -0.017625 1.11246e-05 4.63471e-05 -0.017625 0.086632 
0.00950035 -0.0175413 -2.88611e-05 2.82868e-06 -0.0175413 0.0868743 -3.49244e-07 6.98623e-05 -2.88611e-05 -3.49244e-07 0.00966853 -0.017577 2.82868e-06 6.98623e-05 -0.017577 0.0863983 
0.0095034 -0.0175054 -4.40057e-05 1.15875e-05 -0.0175054 0.0867121 1.26778e-05 5.53751e-05 -4.40057e-05 1.26778e-05 0.00965545 -0.0175732 1.15875e-05 5.53751e-05 -0.0175732 0.0863215 
0.00954298 -0.0175794 -5.6211e-05 3.15517e-05 -0.0175794 0.0869913 3.23932e-05 1.39372e-05 -5.6211e-05 3.23932e-05 0.00967833 -0.0176332 3.15517e-05 1.39372e-05 -0.0176332 0.0866295 
0.00956807 -0.0176458 -4.5431e-05 4.75558e-05 -0.0176458 0.0872652 4.38938e-05 -2.5926e-05 -4.5431e-05 4.38938e-05 0.00970494 -0.0176623 4.75558e-05 -2.5926e-05 -0.0176623 0.0868287 
0.00957573 -0.017681 -3.62663e-05 3.79982e-05 -0.017681 0.0874409 3.10869e-05 -2.76863e-05 -3.62663e-05 3.10869e-05 0.00972515 -0.0176805 3.79982e-05 -2.76863e-05 -0.0176805 0.0869164 
0.00951112 -0.0175486 -4.51626e-05 1.96876e-05 -0.0175486 0.0868269 1.67354e-05 7.62085e-06 -4.51626e-05 1.67354e-05 0.00965204 -0.0175568 1.96876e-05 7.62085e-06 -0.0175568 0.0862778 
0.00945879 -0.0174584 -4.83744e-05 2.36682e-05 -0.0174584 0.0863779 2.90269e-05 1.65511e-05 -4.83744e-05 2.90269e-05 0.00959997 -0.0174671 2.36682e-05 1.65511e-05 -0.0174671 0.0858356 
0.00942502 -0.0173997 -4.87339e-05 2.30345e-05 -0.0173997 0.0860967 3.36361e-05 1.6303e-05 -4.87339e-05 3.36361e-05 0.00956542 -0.0174085 2.30345e-05 1.6303e-05 -0.0174085 0.0855548 
0.00942221 -0.0173744 -6.15395e-05 2.54247e-05 -0.0173744 0.0859871 3.49939e-05 1.31619e-05 -6.15395e-05 3.49939e-05 0.00953246 -0.0173882 2.54247e-05 1.31619e-05 -0.0173882 0.0854613 
0.00941548 -0.0173514 -5.65074e-05 4.40637e-05 -0.0173514 0.085842 4.91981e-05 -1.34993e-05 -5.65074e-05 4.91981e-05 0.00950745 -0.0173381 4.40637e-05 -1.34993e-05 -0.0173381 0.0852974 
0.00940077 -0.0173333 -4.52924e-05 4.15575e-05 -0.0173333 0.0857219 4.68039e-05 -2.83851e-05 -4.52924e-05 4.68039e-05 0.00949248 -0.0173033 4.15575e-05 -2.83851e-05 -0.0173033 0.0851453 
0.00936934 -0.0173015 -4.93767e-05 2.97188e-05 -0.0173015 0.0855768 3.59776e-05 -1.68807e-05 -4.93767e-05 3.59776e-05 0.00949102 -0.0172817 2.97188e-05 -1.68807e-05 -0.0172817 0.0850218 
0.00934831 -0.0172686 -4.07176e-05 3.08234e-05 -0.0172686 0.0854778 3.62401e-05 -5.6202e-06 -4.07176e-05 3.62401e-05 0.00949309 -0.0172896 3.08234e-05 -5.6202e-06 -0.0172896 0.0850087 
0.0093883 -0.0172954 -2.12136e-05 2.26431e-05 -0.0172954 0.0856527 2.25899e-05 1.30495e-05 -2.12136e-05 2.25899e-05 0.00947683 -0.0173489 2.26431e-05 1.30495e-05 -0.0173489 0.085282 
0.0093983 -0.0173053 -1.54787e-05 5.45846e-06 -0.0173053 0.0856098 -5.15009e-07 4.73406e-05 -1.54787e-05 -5.15009e-07 0.00945171 -0.0172865 5.45846e-06 4.73406e-05 -0.0172865 0.085171 
0.00937922 -0.0172801 -1.72833e-05 3.75083e-06 -0.0172801 0.0854129 -5.67839e-06 6.50916e-05 -1.72833e-05 -5.67839e-06 0.00941941 -0.0171965 3.75083e-06 6.50916e-05 -0.0171965 0.0847981 
0.00936567 -0.0172813 -1.67321e-05 3.30787e-06 -0.0172813 0.0854014 -3.95023e-06 6.96137e-05 -1.67321e-05 -3.95023e-06 0.00941208 -0.0171746 3.30787e-06 6.96137e-05 -0.0171746 0.0846661 
0.00932563 -0.0172152 -9.93752e-06 3.02296e-06 -0.0172152 0.085132 -5.11044e-07 6.45229e-05 -9.93752e-06 -5.11044e-07 0.00938526 -0.0171263 3.02296e-06 6.45229e-05 -0.0171263 0.0843948 
0.00933419 -0.0172296 4.0605e-06 -5.14e-06 -0.0172296 0.0852511 -1.03244e-05 7.58686e-05 4.0605e-06 -1.03244e-05 0.00938901 -0.0171645 -5.14e-06 7.58686e-05 -0.0171645 0.0845654 
0.00931788 -0.0172541 2.79363e-06 -2.31109e-05 -0.0172541 0.0853972 -2.91753e-05 0.000112292 2.79363e-06 -2.91753e-05 0.00943057 -0.0171891 -2.31109e-05 0.000112292 -0.0171891 0.0847454 
0.00927894 -0.017208 -1.33886e-05 -2.40253e-05 -0.017208 0.0853142 -2.70004e-05 0.000130043 -1.33886e-05 -2.70004e-05 0.00945734 -0.0172145 -2.40253e-05 0.000130043 -0.0172145 0.0847834 
0.00926892 -0.0171337 -4.04323e-05 -5.10574e-06 -0.0171337 0.0850848 -1.78134e-06 9.693e-05 -4.04323e-05 -1.78134e-06 0.00945972 -0.0172331 -5.10574e-06 9.693e-05 -0.0172331 0.0847769 
0.00927961 -0.0170836 -4.57707e-05 2.62932e-05 -0.0170836 0.0847872 3.35642e-05 2.59923e-05 -4.57707e-05 3.35642e-05 0.00942775 -0.0172075 2.62932e-05 2.59923e-05 -0.0172075 0.0846312 
0.00929043 -0.0170832 -4.79501e-05 3.74136e-05 -0.0170832 0.0846058 4.33795e-05 -2.81888e-05 -4.79501e-05 4.33795e-05 0.00939027 -0.0171505 3.74136e-05 -2.81888e-05 -0.0171505 0.0844076 
0.00932871 -0.0171252 -3.91241e-05 3.7249e-05 -0.0171252 0.0846756 4.11346e-05 -3.8841e-05 -3.91241e-05 4.11346e-05 0.00936122 -0.0171253 3.7249e-05 -3.8841e-05 -0.0171253 0.0843292 
0.00975692 -0.0179125 -5.70602e-05 2.36415e-05 -0.0179125 0.0884151 2.72487e-05 -1.26869e-05 -5.70602e-05 2.72487e-05 0.00971663 -0.0178173 2.36415e-05 -1.26869e-05 -0.0178173 0.0878264 
0.00935175 -0.0172405 -5.53709e-05 3.58067e-05 -0.0172405 0.0850155 4.09304e-05 -1.15685e-05 -5.53709e-05 4.09304e-05 0.00931879 -0.0170541 3.58067e-05 -1.15685e-05 -0.0170541 0.0841985 
0.00932391 -0.0172493 -5.58574e-05 4.13389e-05 -0.0172493 0.0851736 4.46286e-05 -2.68891e-05 -5.58574e-05 4.46286e-05 0.00934323 -0.0170649 4.13389e-05 -2.68891e-05 -0.0170649 0.0842461 
0.00929594 -0.0172037 -6.4534e-05 4.48167e-05 -0.0172037 0.0851328 4.53931e-05 -3.7462e-05 -6.4534e-05 4.53931e-05 0.00936797 -0.0170875 4.48167e-05 -3.7462e-05 -0.0170875 0.0842899 
0.00929714 -0.0171517 -4.75952e-05 5.63868e-05 -0.0171517 0.0849797 5.49575e-05 -5.6926e-05 -4.75952e-05 5.49575e-05 0.00936696 -0.017108 5.63868e-05 -5.6926e-05 -0.017108 0.0843131 
0.00933505 -0.0171796 -1.40048e-05 3.46827e-05 -0.0171796 0.0850582 3.31176e-05 -3.19122e-05 -1.40048e-05 3.31176e-05 0.00936735 -0.0171402 3.46827e-05 -3.19122e-05 -0.0171402 0.0844825 
0.00934988 -0.0172637 8.63062e-06 -9.75663e-06 -0.0172637 0.085353 -1.00494e-05 5.71443e-05 8.63062e-06 -1.00494e-05 0.00941546 -0.0171711 -9.75663e-06 5.71443e-05 -0.0171711 0.0847111 
0.00936422 -0.0172718 2.54821e-06 -3.95622e-05 -0.0172718 0.0854707 -4.00252e-05 0.000147326 2.54821e-06 -4.00252e-05 0.00944009 -0.0172184 -3.95622e-05 0.000147326 -0.0172184 0.0848452 
0.00936636 -0.0172781 -3.71551e-05 -3.50138e-05 -0.0172781 0.0854995 -3.31768e-05 0.000176544 -3.71551e-05 -3.31768e-05 0.00947046 -0.0172484 -3.50138e-05 0.000176544 -0.0172484 0.0849471 
0.00936588 -0.0172884 -7.68799e-05 1.64121e-05 -0.0172884 0.0855531 2.07716e-05 9.45753e-05 -7.68799e-05 2.07716e-05 0.00949575 -0.0172923 1.64121e-05 9.45753e-05 -0.0172923 0.0850812 
0.00936587 -0.0173129 -0.000110733 6.73325e-05 -0.0173129 0.0856988 7.46948e-05 -3.5029e-05 -0.000110733 7.46948e-05 0.00951767 -0.0173453 6.73325e-05 -3.5029e-05 -0.0173453 0.0852999 
0.00933681 -0.0172583 -9.40863e-05 0.000104247 -0.0172583 0.085502 0.000111589 -0.000140469 -9.40863e-05 0.000111589 0.00950243 -0.0173235 0.000104247 -0.000140469 -0.0173235 0.0851916 
0.00932011 -0.0171884 -5.01746e-05 8.18425e-05 -0.0171884 0.0851964 8.86554e-05 -0.000142365 -5.01746e-05 8.86554e-05 0.00947506 -0.0172768 8.18425e-05 -0.000142365 -0.0172768 0.084965 
0.00934059 -0.017209 -2.5611e-05 2.91916e-05 -0.017209 0.0852282 3.34556e-05 -4.60818e-05 -2.5611e-05 3.34556e-05 0.00947042 -0.0172823 2.91916e-05 -4.60818e-05 -0.0172823 0.0850012 
0.00938716 -0.0173158 -1.57597e-05 -3.48623e-06 -0.0173158 0.085676 -1.27757e-06 6.01213e-05 -1.57597e-05 -1.27757e-06 0.00950138 -0.0173479 -3.48623e-06 6.01213e-05 -0.0173479 0.0853664 
0.00944102 -0.0174292 -1.92089e-05 -2.14121e-05 -0.0174292 0.0862383 -1.58444e-05 0.000131755 -1.92089e-05 -1.58444e-05 0.00955617 -0.0174362 -2.14121e-05 0.000131755 -0.0174362 0.0858439 
0.00947601 -0.0174596 -2.29597e-05 -2.30213e-05 -0.0174596 0.0864233 -1.04576e-05 0.000157635 -2.29597e-05 -1.04576e-05 0.0095575 -0.0174668 -2.30213e-05 0.000157635 -0.0174668 0.0859947 
0.00948326 -0.0174549 -4.80874e-05 -1.81872e-05 -0.0174549 0.0863323 -4.47854e-06 0.000155485 -4.80874e-05 -4.47854e-06 0.00952928 -0.0174138 -1.81872e-05 0.000155485 -0.0174138 0.0858132 
0.00947644 -0.0174531 -6.99807e-05 1.3127e-05 -0.0174531 0.0862434 2.37492e-05 0.000110172 -6.99807e-05 2.37492e-05 0.00951828 -0.0173584 1.3127e-05 0.000110172 -0.0173584 0.0855817 
0.00948206 -0.0174829 -7.83589e-05 4.19753e-05 -0.0174829 0.0863654 4.837e-05 4.623e-05 -7.83589e-05 4.837e-05 0.00953545 -0.0173723 4.19753e-05 4.623e-05 -0.0173723 0.0856014 
0.00947567 -0.0174892 -7.18005e-05 5.56437e-05 -0.0174892 0.0864149 5.44435e-05 6.52562e-06 -7.18005e-05 5.44435e-05 0.00955147 -0.0173862 5.56437e-05 6.52562e-06 -0.0173862 0.0856175 
0.00945116 -0.0174817 -8.21543e-05 5.30482e-05 -0.0174817 0.0864277 4.24621e-05 4.82263e-06 -8.21543e-05 4.24621e-05 0.00959151 -0.017411 5.30482e-05 4.82263e-06 -0.017411 0.0856757 
0.00942418 -0.0174305 -9.08005e-05 6.57186e-05 -0.0174305 0.086288 5.13055e-05 -7.19097e-06 -9.08005e-05 5.13055e-05 0.00959907 -0.0174454 6.57186e-05 -7.19097e-06 -0.0174454 0.0856982 
0.00943242 -0.0173986 -8.33322e-05 7.09449e-05 -0.0173986 0.0861874 6.28511e-05 -2.63621e-05 -8.33322e-05 6.28511e-05 0.0095819 -0.0174661 7.09449e-05 -2.63621e-05 -0.0174661 0.0857697 
0.00942117 -0.0173363 -7.63032e-05 5.71633e-05 -0.0173363 0.085817 5.75746e-05 -1.89718e-05 -7.63032e-05 5.75746e-05 0.0095143 -0.0173825 5.71633e-05 -1.89718e-05 -0.0173825 0.0854464 
0.00941855 -0.017346 -7.19856e-05 4.82918e-05 -0.017346 0.0857525 5.54089e-05 -7.59787e-06 -7.19856e-05 5.54089e-05 0.00948319 -0.017326 4.82918e-05 -7.59787e-06 -0.017326 0.0852883 
0.00941981 -0.0173573 -7.5299e-05 4.55514e-05 -0.0173573 0.0857862 5.6201e-05 -5.73413e-06 -7.5299e-05 5.6201e-05 0.00946343 -0.0172961 4.55514e-05 -5.73413e-06 -0.0172961 0.0852029 
0.00939777 -0.0173388 -7.33867e-05 4.63534e-05 -0.0173388 0.0856994 5.96457e-05 -7.99439e-06 -7.33867e-05 5.96457e-05 0.00945254 -0.0172539 4.63534e-05 -7.99439e-06 -0.0172539 0.0850421 
0.00939178 -0.0173075 -6.80968e-05 4.08809e-05 -0.0173075 0.085596 5.45263e-05 1.08379e-06 -6.80968e-05 5.45263e-05 0.00943337 -0.0172375 4.08809e-05 1.08379e-06 -0.0172375 0.0849392 
0.00936628 -0.0172745 -6.17756e-05 2.77179e-05 -0.0172745 0.0854065 4.22576e-05 3.51806e-05 -6.17756e-05 4.22576e-05 0.00942321 -0.0171893 2.77179e-05 3.51806e-05 -0.0171893 0.0847384 
0.009363 -0.0172488 -4.62518e-05 2.01324e-05 -0.0172488 0.0853038 3.50509e-05 6.34527e-05 -4.62518e-05 3.50509e-05 0.00941082 -0.0171843 2.01324e-05 6.34527e-05 -0.0171843 0.0846619 
0.00939722 -0.0172824 -5.05325e-05 1.94905e-06 -0.0172824 0.0854278 1.68327e-05 0.000102374 -5.05325e-05 1.68327e-05 0.00941092 -0.0172062 1.94905e-06 0.000102374 -0.0172062 0.0847856 
0.00939389 -0.0173124 -5.95965e-05 3.20323e-06 -0.0173124 0.0854878 1.67114e-05 0.000126326 -5.95965e-05 1.67114e-05 0.00942526 -0.0171935 3.20323e-06 0.000126326 -0.0171935 0.0847762 
0.00940386 -0.0173974 -6.23031e-05 1.91126e-05 -0.0173974 0.0859473 2.35463e-05 0.000117153 -6.23031e-05 2.35463e-05 0.00949645 -0.0172981 1.91126e-05 0.000117153 -0.0172981 0.085225 
0.00938552 -0.0173381 -6.83607e-05 2.62412e-05 -0.0173381 0.0858212 2.54644e-05 0.00010181 -6.83607e-05 2.54644e-05 0.00950211 -0.0173186 2.62412e-05 0.00010181 -0.0173186 0.0852381 
0.00939055 -0.0173141 -6.15178e-05 3.01275e-05 -0.0173141 0.0857334 2.92913e-05 9.50464e-05 -6.15178e-05 2.92913e-05 0.00950137 -0.0173366 3.01275e-05 9.50464e-05 -0.0173366 0.0853029 
0.00939601 -0.0173403 -4.5081e-05 1.97416e-05 -0.0173403 0.0857984 1.88471e-05 0.000113438 -4.5081e-05 1.88471e-05 0.0095157 -0.0173468 1.97416e-05 0.000113438 -0.0173468 0.0853912 
0.00938727 -0.0173152 -2.96825e-05 1.47198e-06 -0.0173152 0.0856955 1.28326e-06 0.000149367 -2.96825e-05 1.28326e-06 0.00950921 -0.0173368 1.47198e-06 0.000149367 -0.0173368 0.0853146 
0.00936159 -0.0172805 -2.76883e-05 -1.67564e-05 -0.0172805 0.0855283 -1.48147e-05 0.000190737 -2.76883e-05 -1.48147e-05 0.00951032 -0.0173191 -1.67564e-05 0.000190737 -0.0173191 0.0852063 
0.00935188 -0.0172644 -4.49371e-05 -2.2357e-05 -0.0172644 0.0854871 -1.84515e-05 0.000218354 -4.49371e-05 -1.84515e-05 0.00950986 -0.0173451 -2.2357e-05 0.000218354 -0.0173451 0.0852696 
0.00936564 -0.0172786 -5.23681e-05 -5.83513e-06 -0.0172786 0.0855779 2.73156e-07 0.000203618 -5.23681e-05 2.73156e-07 0.00952287 -0.0173724 -5.83513e-06 0.000203618 -0.0173724 0.0854316 
0.00939632 -0.0173059 -6.21726e-05 5.72373e-06 -0.0173059 0.0857015 8.94273e-06 0.000176503 -6.21726e-05 8.94273e-06 0.00952991 -0.0173997 5.72373e-06 0.000176503 -0.0173997 0.0855814 
0.00946813 -0.0173814 -5.74188e-05 1.97716e-05 -0.0173814 0.0860014 1.9239e-05 0.000148239 -5.74188e-05 1.9239e-05 0.00952408 -0.0174411 1.97716e-05 0.000148239 -0.0174411 0.0858292 
0.00949367 -0.0174487 -5.77973e-05 2.01216e-05 -0.0174487 0.0861523 1.91688e-05 0.000128522 -5.77973e-05 1.91688e-05 0.00950515 -0.017392 2.01216e-05 0.000128522 -0.017392 0.0857453 
0.0095299 -0.0174962 -5.70428e-05 2.16873e-05 -0.0174962 0.0863337 2.51823e-05 0.000113198 -5.70428e-05 2.51823e-05 0.00947278 -0.0173655 2.16873e-05 0.000113198 -0.0173655 0.0856729 
0.00953405 -0.0175313 -6.01506e-05 1.55779e-05 -0.0175313 0.0864228 2.35797e-05 0.000115535 -6.01506e-05 2.35797e-05 0.00945244 -0.017309 1.55779e-05 0.000115535 -0.017309 0.0855123 
0.00950579 -0.0174952 -7.40983e-05 1.45923e-05 -0.0174952 0.0862583 2.19505e-05 0.000126022 -7.40983e-05 2.19505e-05 0.00943366 -0.0172364 1.45923e-05 0.000126022 -0.0172364 0.0851778 
0.00947202 -0.0174567 -6.72921e-05 2.88542e-05 -0.0174567 0.0860996 3.39366e-05 0.000116076 -6.72921e-05 3.39366e-05 0.00942374 -0.0172064 2.88542e-05 0.000116076 -0.0172064 0.084969 
0.00945417 -0.0174381 -4.78172e-05 2.12691e-05 -0.0174381 0.0860794 2.25439e-05 0.000126184 -4.78172e-05 2.25439e-05 0.00943067 -0.0172247 2.12691e-05 0.000126184 -0.0172247 0.0850024 
0.00940488 -0.0173814 -1.69605e-05 1.20105e-06 -0.0173814 0.0858777 -4.11906e-07 0.00016631 -1.69605e-05 -4.11906e-07 0.00944893 -0.0172133 1.20105e-06 0.00016631 -0.0172133 0.0849189 
0.0093582 -0.0172922 -1.46596e-05 -3.6528e-05 -0.0172922 0.0855782 -3.62969e-05 0.000239209 -1.46596e-05 -3.62969e-05 0.00945886 -0.0172286 -3.6528e-05 0.000239209 -0.0172286 0.0848595 
0.00933635 -0.0172071 -2.9031e-05 -4.37707e-05 -0.0172071 0.0852264 -3.78906e-05 0.000279822 -2.9031e-05 -3.78906e-05 0.0094337 -0.017226 -4.37707e-05 0.000279822 -0.017226 0.0847682 
0.0093017 -0.0171537 -3.71048e-05 -2.79876e-05 -0.0171537 0.0848962 -1.97796e-05 0.000264906 -3.71048e-05 -1.97796e-05 0.00940872 -0.0171689 -2.79876e-05 0.000264906 -0.0171689 0.0845451 
0.00930679 -0.0171474 -5.4811e-05 -1.50995e-05 -0.0171474 0.0848664 -6.54685e-06 0.000231122 -5.4811e-05 -6.54685e-06 0.00940733 -0.017176 -1.50995e-05 0.000231122 -0.017176 0.0845653 
0.00936874 -0.0172544 -6.05177e-05 6.13036e-06 -0.0172544 0.0853608 1.38561e-05 0.000188226 -6.05177e-05 1.38561e-05 0.0094488 -0.0172791 6.13036e-06 0.000188226 -0.0172791 0.0850791 
0.00939369 -0.017306 -5.74476e-05 1.50027e-05 -0.017306 0.085573 1.97e-05 0.0001574 -5.74476e-05 1.97e-05 0.0094641 -0.0172959 1.50027e-05 0.0001574 -0.0172959 0.085234 
0.00939188 -0.0173494 -5.39685e-05 1.36861e-05 -0.0173494 0.0857659 1.54658e-05 0.000150398 -5.39685e-05 1.54658e-05 0.00949725 -0.0173111 1.36861e-05 0.000150398 -0.0173111 0.0853338 
0.00942638 -0.0173748 -4.31973e-05 7.78531e-06 -0.0173748 0.0859996 5.66351e-06 0.000167129 -4.31973e-05 5.66351e-06 0.00951648 -0.0173895 7.78531e-06 0.000167129 -0.0173895 0.0856212 
0.00941258 -0.0173552 -4.20725e-05 -9.71693e-06 -0.0173552 0.0858787 -1.32145e-05 0.000210407 -4.20725e-05 -1.32145e-05 0.00951458 -0.0173649 -9.71693e-06 0.000210407 -0.0173649 0.0855479 
0.00939707 -0.0173194 -3.43889e-05 -1.04072e-05 -0.0173194 0.0857061 -1.36007e-05 0.000229292 -3.43889e-05 -1.36007e-05 0.00950757 -0.0173376 -1.04072e-05 0.000229292 -0.0173376 0.0853893 
0.00938373 -0.0172901 -2.222e-05 -1.80924e-05 -0.0172901 0.0855533 -1.87486e-05 0.000241374 -2.222e-05 -1.87486e-05 0.00950001 -0.0173269 -1.80924e-05 0.000241374 -0.0173269 0.0852851 
0.00936413 -0.0172569 -2.60492e-05 -3.39168e-05 -0.0172569 0.085376 -2.69013e-05 0.00026227 -2.60492e-05 -2.69013e-05 0.0094842 -0.0173029 -3.39168e-05 0.00026227 -0.0173029 0.0851484 
0.00934174 -0.0172307 -2.98345e-05 -3.48238e-05 -0.0172307 0.0852479 -2.40744e-05 0.000276561 -2.98345e-05 -2.40744e-05 0.00946505 -0.0172846 -3.48238e-05 0.000276561 -0.0172846 0.0850539 
0.00932469 -0.0171963 -2.54976e-05 -3.0917e-05 -0.0171963 0.0851085 -2.14572e-05 0.000275091 -2.54976e-05 -2.14572e-05 0.00944824 -0.0172551 -3.0917e-05 0.000275091 -0.0172551 0.0849407 
0.00933605 -0.0171916 -2.57651e-05 -3.56731e-05 -0.0171916 0.0850907 -2.82738e-05 0.000285165 -2.57651e-05 -2.82738e-05 0.00943576 -0.0172482 -3.56731e-05 0.000285165 -0.0172482 0.0849234 
0.00934024 -0.0171969 -3.34276e-05 -3.70852e-05 -0.0171969 0.0850601 -2.69084e-05 0.000291456 -3.34276e-05 -2.69084e-05 0.00941321 -0.0172193 -3.70852e-05 0.000291456 -0.0172193 0.0848331 
0.0093155 -0.0171582 -1.33082e-05 -2.40585e-05 -0.0171582 0.084846 -1.58803e-05 0.000271974 -1.33082e-05 -1.58803e-05 0.00938065 -0.0171563 -2.40585e-05 0.000271974 -0.0171563 0.0845645 
0.00932073 -0.0171513 -1.57544e-05 -3.75053e-05 -0.0171513 0.084821 -3.82538e-05 0.000279822 -1.57544e-05 -3.82538e-05 0.0093651 -0.0171463 -3.75053e-05 0.000279822 -0.0171463 0.0845226 
0.0093426 -0.0171823 -3.10818e-05 -3.26085e-05 -0.0171823 0.0849399 -3.91196e-05 0.000287196 -3.10818e-05 -3.91196e-05 0.00935351 -0.0171544 -3.26085e-05 0.000287196 -0.0171544 0.0846092 
0.00937925 -0.0172668 -3.16305e-05 -1.61827e-05 -0.0172668 0.0853115 -2.2185e-05 0.000264648 -3.16305e-05 -2.2185e-05 0.00936833 -0.017188 -1.61827e-05 0.000264648 -0.017188 0.0848742 
0.00938263 -0.0172656 -3.06324e-05 -1.26553e-05 -0.0172656 0.0853296 -1.7786e-05 0.000238901 -3.06324e-05 -1.7786e-05 0.00936563 -0.0171614 -1.26553e-05 0.000238901 -0.0171614 0.0848072 
0.00936846 -0.0173023 -2.16459e-05 -1.09356e-05 -0.0173023 0.085498 -1.58404e-05 0.000224274 -2.16459e-05 -1.58404e-05 0.00941542 -0.0171814 -1.09356e-05 0.000224274 -0.0171814 0.0849039 
0.00938754 -0.0173061 -1.2579e-05 -2.45728e-05 -0.0173061 0.0856508 -2.6467e-05 0.000237822 -1.2579e-05 -2.6467e-05 0.00944527 -0.0172596 -2.45728e-05 0.000237822 -0.0172596 0.0851375 
0.00938016 -0.0173267 -2.39402e-05 -3.79888e-05 -0.0173267 0.0857566 -3.69098e-05 0.000264094 -2.39402e-05 -3.69098e-05 0.00948988 -0.0173103 -3.79888e-05 0.000264094 -0.0173103 0.0853623 
0.00937676 -0.017306 -3.83771e-05 -2.59823e-05 -0.017306 0.0857455 -2.33302e-05 0.000257176 -3.83771e-05 -2.33302e-05 0.00950988 -0.0173564 -2.59823e-05 0.000257176 -0.0173564 0.0854996 
0.00933584 -0.0172002 -3.64268e-05 -1.04714e-05 -0.0172002 0.0852339 -9.89074e-06 0.000229984 -3.64268e-05 -9.89074e-06 0.0094644 -0.017282 -1.04714e-05 0.000229984 -0.017282 0.0851084 
0.0093633 -0.0172404 -3.36091e-05 -1.3792e-05 -0.0172404 0.0853623 -1.73718e-05 0.000231286 -3.36091e-05 -1.73718e-05 0.00946414 -0.0173056 -1.3792e-05 0.000231286 -0.0173056 0.0852349 
0.00936341 -0.0172445 -3.52936e-05 -1.69038e-05 -0.0172445 0.0853215 -2.18609e-05 0.000242567 -3.52936e-05 -2.18609e-05 0.00944079 -0.0172674 -1.69038e-05 0.000242567 -0.0172674 0.0851082 
0.00934581 -0.0172177 -3.08934e-05 -1.49875e-05 -0.0172177 0.0851695 -1.83134e-05 0.000243151 -3.08934e-05 -1.83134e-05 0.00942052 -0.0172126 -1.49875e-05 0.000243151 -0.0172126 0.0848724 
0.00933815 -0.0172006 -2.85547e-05 -1.81903e-05 -0.0172006 0.0850826 -1.53272e-05 0.000235922 -2.85547e-05 -1.53272e-05 0.00941251 -0.0171914 -1.81903e-05 0.000235922 -0.0171914 0.0847438 
0.00935674 -0.0172304 -8.29661e-06 -2.37183e-05 -0.0172304 0.0852142 -1.66757e-05 0.00023913 -8.29661e-06 -1.66757e-05 0.0094243 -0.0172203 -2.37183e-05 0.00023913 -0.0172203 0.0848631 
0.00938756 -0.0172944 -1.30652e-05 -5.11105e-05 -0.0172944 0.0855183 -4.66501e-05 0.000290349 -1.30652e-05 -4.66501e-05 0.0094498 -0.0172835 -5.11105e-05 0.000290349 -0.0172835 0.0851701 
0.00937298 -0.0172709 -3.86201e-05 -4.89014e-05 -0.0172709 0.0854173 -4.58219e-05 0.000320476 -3.86201e-05 -4.58219e-05 0.00944198 -0.0172593 -4.89014e-05 0.000320476 -0.0172593 0.0850816 
0.00935686 -0.0172508 -6.21716e-05 -1.87957e-05 -0.0172508 0.0853318 -1.36071e-05 0.000280493 -6.21716e-05 -1.36071e-05 0.00944892 -0.0172476 -1.87957e-05 0.000280493 -0.0172476 0.0850156 
0.00937809 -0.0172545 -6.69498e-05 1.57124e-05 -0.0172545 0.0853726 2.15992e-05 0.000196167 -6.69498e-05 2.15992e-05 0.00945621 -0.0172759 1.57124e-05 0.000196167 -0.0172759 0.0851017 
0.00940548 -0.0172937 -5.81234e-05 2.21136e-05 -0.0172937 0.0854949 2.40137e-05 0.000156466 -5.81234e-05 2.40137e-05 0.00946769 -0.017301 2.21136e-05 0.000156466 -0.017301 0.0852299 
0.00945667 -0.0174097 -4.50403e-05 9.67614e-06 -0.0174097 0.0859994 7.47688e-06 0.000174268 -4.50403e-05 7.47688e-06 0.00950693 -0.0173855 9.67614e-06 0.000174268 -0.0173855 0.0856623 
0.00949173 -0.0174707 -4.68594e-05 -1.322e-05 -0.0174707 0.0863151 -1.29796e-05 0.000226439 -4.68594e-05 -1.29796e-05 0.00953326 -0.0174287 -1.322e-05 0.000226439 -0.0174287 0.08591 
0.0095462 -0.0175622 -3.65214e-05 -1.53629e-05 -0.0175622 0.0867585 -8.91615e-06 0.00025232 -3.65214e-05 -8.91615e-06 0.00955705 -0.0175014 -1.53629e-05 0.00025232 -0.0175014 0.0862874 
0.009541 -0.0175947 -3.44359e-05 -2.51933e-05 -0.0175947 0.0868984 -1.54877e-05 0.00026703 -3.44359e-05 -1.54877e-05 0.00957981 -0.0174947 -2.51933e-05 0.00026703 -0.0174947 0.0863372 
0.00951396 -0.0175442 -5.67929e-05 -2.67798e-05 -0.0175442 0.0867371 -2.13719e-05 0.000280615 -5.67929e-05 -2.13719e-05 0.00957463 -0.0174743 -2.67798e-05 0.000280615 -0.0174743 0.0861772 
0.00947185 -0.0174766 -6.83639e-05 3.2014e-06 -0.0174766 0.0864518 1.37278e-06 0.000245282 -6.83639e-05 1.37278e-06 0.00957542 -0.0174437 3.2014e-06 0.000245282 -0.0174437 0.0859751 
0.00944143 -0.0174309 -7.19197e-05 2.38889e-05 -0.0174309 0.0862813 1.86346e-05 0.000189107 -7.19197e-05 1.86346e-05 0.00957944 -0.0174583 2.38889e-05 0.000189107 -0.0174583 0.0859466 
0.00941843 -0.0173621 -7.52298e-05 2.44255e-05 -0.0173621 0.0859925 1.98941e-05 0.000171593 -7.52298e-05 1.98941e-05 0.00954985 -0.0174333 2.44255e-05 0.000171593 -0.0174333 0.0857878 
0.00938312 -0.0173107 -7.21624e-05 2.44536e-05 -0.0173107 0.0857046 2.45899e-05 0.000165034 -7.21624e-05 2.45899e-05 0.00952266 -0.0173742 2.44536e-05 0.000165034 -0.0173742 0.0855429 
0.009353 -0.0172381 -5.13448e-05 1.94251e-05 -0.0172381 0.0853633 1.88538e-05 0.000172569 -5.13448e-05 1.88538e-05 0.00946971 -0.0173094 1.94251e-05 0.000172569 -0.0173094 0.085219 
0.00935542 -0.0172164 -2.93123e-05 1.14979e-06 -0.0172164 0.0852351 -2.34758e-06 0.000200764 -2.93123e-05 -2.34758e-06 0.00943473 -0.0172716 1.14979e-06 0.000200764 -0.0172716 0.0850898 
0.00935171 -0.0172395 -4.53379e-05 -2.27969e-05 -0.0172395 0.0852899 -2.39718e-05 0.000244871 -4.53379e-05 -2.39718e-05 0.00944398 -0.0172552 -2.27969e-05 0.000244871 -0.0172552 0.0850861 
0.00932173 -0.0171855 -6.89084e-05 -3.02563e-06 -0.0171855 0.0850657 -1.18179e-06 0.000227735 -6.89084e-05 -1.18179e-06 0.00942773 -0.0172194 -3.02563e-06 0.000227735 -0.0172194 0.0848695 
0.00932171 -0.0171915 -7.65562e-05 2.56495e-05 -0.0171915 0.085115 3.21497e-05 0.000159929 -7.65562e-05 3.21497e-05 0.00944213 -0.0172464 2.56495e-05 0.000159929 -0.0172464 0.0849702 
0.00932122 -0.0171387 -0.000102404 3.79366e-05 -0.0171387 0.0848674 4.67214e-05 0.000102285 -0.000102404 4.67214e-05 0.00939981 -0.0172046 3.79366e-05 0.000102285 -0.0172046 0.0847568 
