0.00714059 0 7.08726e-05 0 0 0.00987845 0 0 7.08726e-05 0 0.00682534 0 0 0 0 0.00987845 
0.00972325 -0.0120651 7.65176e-05 -9.08476e-05 -0.0120651 0.0318754 -9.08476e-05 0.000174429 7.65176e-05 -9.08476e-05 0.00936228 -0.0116261 -9.08476e-05 0.000174429 -0.0116261 0.0310336 
0.00995591 -0.01857 3.66545e-05 -4.2182e-05 -0.01857 0.0683291 -4.2182e-05 0.000110813 3.66545e-05 -4.2182e-05 0.00976051 -0.0182012 -4.2182e-05 0.000110813 -0.0182012 0.0672101 
0.00941726 -0.0181087 4.54787e-05 5.45278e-05 -0.0181087 0.0811311 4.63442e-05 -0.000319877 4.54787e-05 4.63442e-05 0.00932255 -0.0181711 5.45278e-05 -0.000319877 -0.0181711 0.081658 
0.00916713 -0.0170069 7.63396e-05 2.88562e-05 -0.0170069 0.0818136 1.41791e-05 -0.000423124 7.63396e-05 1.41791e-05 0.00905648 -0.0171669 2.88562e-05 -0.000423124 -0.0171669 0.0832656 
0.00942684 -0.0171954 7.71298e-05 -3.36061e-05 -0.0171954 0.0840715 -4.11837e-05 -0.000270912 7.71298e-05 -4.11837e-05 0.00928027 -0.0172535 -3.36061e-05 -0.000270912 -0.0172535 0.0853631 
0.00955874 -0.0173801 3.56382e-05 -5.32624e-05 -0.0173801 0.0852445 -5.1169e-05 -0.000115433 3.56382e-05 -5.1169e-05 0.00940448 -0.0173579 -5.32624e-05 -0.000115433 -0.0173579 0.0860984 
0.00971346 -0.0176356 5.286e-06 -3.14837e-07 -0.0176356 0.0866217 4.94696e-06 -0.000135869 5.286e-06 4.94696e-06 0.00953193 -0.0175828 -3.14837e-07 -0.000135869 -0.0175828 0.0871669 
0.00947348 -0.0171938 1.08746e-05 4.24323e-05 -0.0171938 0.0844657 4.93023e-05 -0.000227063 1.08746e-05 4.93023e-05 0.00929185 -0.0171126 4.24323e-05 -0.000227063 -0.0171126 0.0848215 
0.00976089 -0.017726 3.32444e-05 3.83242e-05 -0.017726 0.0870615 4.54518e-05 -0.00026914 3.32444e-05 4.54518e-05 0.009585 -0.017646 3.83242e-05 -0.00026914 -0.017646 0.0873745 
0.00970622 -0.0176189 4.70602e-05 1.21563e-05 -0.0176189 0.0865261 1.62451e-05 -0.000232859 4.70602e-05 1.62451e-05 0.0095182 -0.0175617 1.21563e-05 -0.000232859 -0.0175617 0.0868744 
0.00967338 -0.0175736 5.61809e-05 -6.49617e-06 -0.0175736 0.0862567 -3.12883e-06 -0.000180195 5.61809e-05 -3.12883e-06 0.00946969 -0.0174955 -6.49617e-06 -0.000180195 -0.0174955 0.0865888 
0.00964288 -0.0175916 6.35591e-05 -2.03259e-05 -0.0175916 0.0863216 -1.49417e-05 -0.000138177 6.35591e-05 -1.49417e-05 0.00948197 -0.0174696 -2.03259e-05 -0.000138177 -0.0174696 0.0865411 
0.009578 -0.0174683 5.89234e-05 -3.2668e-05 -0.0174683 0.0858631 -2.63717e-05 -0.000100526 5.89234e-05 -2.63717e-05 0.00944253 -0.0173929 -3.2668e-05 -0.000100526 -0.0173929 0.0860884 
0.00955965 -0.0174559 5.5274e-05 -2.67378e-05 -0.0174559 0.0858606 -2.12194e-05 -9.51009e-05 5.5274e-05 -2.12194e-05 0.0094551 -0.0174215 -2.67378e-05 -9.51009e-05 -0.0174215 0.0861799 
0.00953872 -0.0173934 4.22147e-05 -1.82042e-05 -0.0173934 0.0856325 -1.51098e-05 -0.000109909 4.22147e-05 -1.51098e-05 0.0094377 -0.0174023 -1.82042e-05 -0.000109909 -0.0174023 0.086061 
0.00952804 -0.0173959 4.01293e-05 -2.74766e-06 -0.0173959 0.085627 -1.38841e-06 -0.000137535 4.01293e-05 -1.38841e-06 0.00945665 -0.0174062 -2.74766e-06 -0.000137535 -0.0174062 0.0860992 
0.00950387 -0.0173663 4.1413e-05 -8.64868e-07 -0.0173663 0.0855242 1.00274e-06 -0.000153288 4.1413e-05 1.00274e-06 0.00946839 -0.0174095 -8.64868e-07 -0.000153288 -0.0174095 0.0860499 
0.00950655 -0.0173397 3.69749e-05 -2.72752e-06 -0.0173397 0.0854592 -1.32008e-06 -0.000152686 3.69749e-05 -1.32008e-06 0.00945981 -0.0174405 -2.72752e-06 -0.000152686 -0.0174405 0.0861147 
0.00948871 -0.0172831 4.64525e-05 1.86618e-07 -0.0172831 0.0851471 -1.85309e-06 -0.000145556 4.64525e-05 -1.85309e-06 0.00941461 -0.0173788 1.86618e-07 -0.000145556 -0.0173788 0.0858654 
0.0094829 -0.0173058 6.25541e-05 -1.26453e-05 -0.0173058 0.0851861 -1.72386e-05 -0.000119125 6.25541e-05 -1.72386e-05 0.00941092 -0.0173603 -1.26453e-05 -0.000119125 -0.0173603 0.0858492 
0.00947018 -0.017282 5.21353e-05 -3.10642e-05 -0.017282 0.0851136 -3.93158e-05 -7.31007e-05 5.21353e-05 -3.93158e-05 0.00939007 -0.0173376 -3.10642e-05 -7.31007e-05 -0.0173376 0.0857453 
0.00946532 -0.0172781 3.51043e-05 -1.64109e-05 -0.0172781 0.0851024 -2.77657e-05 -7.25312e-05 3.51043e-05 -2.77657e-05 0.00938629 -0.0173189 -1.64109e-05 -7.25312e-05 -0.0173189 0.0856995 
0.00945506 -0.0172266 4.77377e-05 5.87943e-06 -0.0172266 0.0848681 -5.66042e-06 -0.000115111 4.77377e-05 -5.66042e-06 0.009357 -0.0172707 5.87943e-06 -0.000115111 -0.0172707 0.0854557 
0.00947974 -0.0173024 5.25182e-05 -9.57419e-06 -0.0173024 0.0851681 -1.49089e-05 -0.00012187 5.25182e-05 -1.49089e-05 0.00938572 -0.0173161 -9.57419e-06 -0.00012187 -0.0173161 0.0857008 
0.00949031 -0.0173337 6.16957e-05 -1.60344e-05 -0.0173337 0.0853547 -1.53013e-05 -0.000114597 6.16957e-05 -1.53013e-05 0.0094015 -0.0173469 -1.60344e-05 -0.000114597 -0.0173469 0.0858495 
0.00953373 -0.0174051 6.8594e-05 -2.82795e-05 -0.0174051 0.085747 -2.61011e-05 -9.48983e-05 6.8594e-05 -2.61011e-05 0.0094357 -0.0174256 -2.82795e-05 -9.48983e-05 -0.0174256 0.0862435 
0.00956202 -0.0174385 4.67053e-05 -3.89166e-05 -0.0174385 0.0859204 -3.85634e-05 -6.2792e-05 4.67053e-05 -3.85634e-05 0.00944747 -0.0174518 -3.89166e-05 -6.2792e-05 -0.0174518 0.0864136 
0.00955596 -0.0173904 4.14369e-05 -1.93264e-05 -0.0173904 0.085652 -2.19646e-05 -6.42079e-05 4.14369e-05 -2.19646e-05 0.00941145 -0.0173829 -1.93264e-05 -6.42079e-05 -0.0173829 0.0861077 
0.00953185 -0.0173804 3.62966e-05 -1.35771e-05 -0.0173804 0.0855129 -1.63147e-05 -7.73744e-05 3.62966e-05 -1.63147e-05 0.00940586 -0.0173401 -1.35771e-05 -7.73744e-05 -0.0173401 0.0859055 
0.00948723 -0.0173262 2.9431e-05 -1.08686e-05 -0.0173262 0.0852757 -1.15166e-05 -8.28781e-05 2.9431e-05 -1.15166e-05 0.00940143 -0.0173051 -1.08686e-05 -8.28781e-05 -0.0173051 0.0856648 
0.00947004 -0.0172614 3.49147e-05 -1.01432e-06 -0.0172614 0.0850296 1.36773e-07 -0.000102142 3.49147e-05 1.36773e-07 0.00937263 -0.0172947 -1.01432e-06 -0.000102142 -0.0172947 0.0855166 
0.00948316 -0.0172644 5.39732e-05 -2.52443e-06 -0.0172644 0.0849952 -9.43576e-07 -0.000116571 5.39732e-05 -9.43576e-07 0.00936155 -0.017283 -2.52443e-06 -0.000116571 -0.017283 0.0855082 
0.0094933 -0.017267 6.48697e-05 -2.47283e-05 -0.017267 0.0849318 -2.18536e-05 -9.09919e-05 6.48697e-05 -2.18536e-05 0.00933006 -0.0172461 -2.47283e-05 -9.09919e-05 -0.0172461 0.0853679 
0.00950238 -0.0172973 5.17369e-05 -4.03901e-05 -0.0172973 0.0850018 -3.51902e-05 -5.42609e-05 5.17369e-05 -3.51902e-05 0.00931535 -0.0172212 -4.03901e-05 -5.42609e-05 -0.0172212 0.085311 
0.00944983 -0.017281 3.10031e-05 -2.18259e-05 -0.017281 0.0849021 -1.57419e-05 -7.19797e-05 3.10031e-05 -1.57419e-05 0.00931621 -0.0171653 -2.18259e-05 -7.19797e-05 -0.0171653 0.0850789 
0.0094006 -0.0172014 5.99019e-06 5.75343e-06 -0.0172014 0.0846794 7.07797e-06 -0.000125226 5.99019e-06 7.07797e-06 0.00931598 -0.0171517 5.75343e-06 -0.000125226 -0.0171517 0.0849014 
0.00939497 -0.0171695 7.01708e-06 3.8019e-05 -0.0171695 0.0846324 3.20874e-05 -0.000190879 7.01708e-06 3.20874e-05 0.00932415 -0.0171975 3.8019e-05 -0.000190879 -0.0171975 0.0850362 
0.00941606 -0.0172017 1.88762e-05 4.17359e-05 -0.0172017 0.084799 3.47065e-05 -0.000230235 1.88762e-05 3.47065e-05 0.00934267 -0.0172497 4.17359e-05 -0.000230235 -0.0172497 0.0853191 
0.00943134 -0.0172116 2.71868e-05 2.1942e-05 -0.0172116 0.0848547 2.22819e-05 -0.000215413 2.71868e-05 2.22819e-05 0.00935014 -0.0172624 2.1942e-05 -0.000215413 -0.0172624 0.0854226 
0.00946716 -0.0172675 1.68605e-05 6.83945e-06 -0.0172675 0.0850944 1.83627e-05 -0.000191192 1.68605e-05 1.83627e-05 0.00936828 -0.0173032 6.83945e-06 -0.000191192 -0.0173032 0.0856467 
0.00945831 -0.0172716 9.11107e-06 1.28091e-05 -0.0172716 0.0850776 2.90087e-05 -0.000190428 9.11107e-06 2.90087e-05 0.00936632 -0.0172816 1.28091e-05 -0.000190428 -0.0172816 0.0855756 
0.00942344 -0.0171942 1.2695e-05 2.44371e-05 -0.0171942 0.0847142 3.3376e-05 -0.000203124 1.2695e-05 3.3376e-05 0.00932432 -0.017199 2.44371e-05 -0.000203124 -0.017199 0.0851588 
0.00941099 -0.0171679 3.8494e-05 2.72003e-05 -0.0171679 0.0845569 2.6354e-05 -0.000208536 3.8494e-05 2.6354e-05 0.00929789 -0.0171627 2.72003e-05 -0.000208536 -0.0171627 0.0849677 
0.00940426 -0.0171552 4.09393e-05 1.3044e-06 -0.0171552 0.0844714 -3.09152e-06 -0.000170568 4.09393e-05 -3.09152e-06 0.00926524 -0.0171321 1.3044e-06 -0.000170568 -0.0171321 0.0848368 
0.00940307 -0.0171725 2.95355e-05 -1.10005e-05 -0.0171725 0.08453 -1.34911e-05 -0.000121201 2.95355e-05 -1.34911e-05 0.00925599 -0.0171032 -1.10005e-05 -0.000121201 -0.0171032 0.0847851 
0.00939872 -0.017163 1.77576e-05 2.9387e-06 -0.017163 0.0845138 -8.99781e-07 -0.000122457 1.77576e-05 -8.99781e-07 0.00924598 -0.0170824 2.9387e-06 -0.000122457 -0.0170824 0.0846992 
0.00938868 -0.0171673 1.07103e-05 2.33702e-05 -0.0171673 0.0845369 1.64642e-05 -0.000163019 1.07103e-05 1.64642e-05 0.00926311 -0.0170745 2.33702e-05 -0.000163019 -0.0170745 0.0846715 
0.00976246 -0.0178475 2.3297e-05 2.80911e-05 -0.0178475 0.0879375 2.43535e-05 -0.000192263 2.3297e-05 2.43535e-05 0.00966091 -0.0177809 2.80911e-05 -0.000192263 -0.0177809 0.0880956 
0.00936676 -0.0171138 3.90923e-05 9.75091e-06 -0.0171138 0.0843514 1.14074e-05 -0.000168345 3.90923e-05 1.14074e-05 0.00927163 -0.0171005 9.75091e-06 -0.000168345 -0.0171005 0.0846141 
0.00933192 -0.0171106 4.69688e-05 -9.28742e-06 -0.0171106 0.0843351 -7.32988e-06 -0.000129496 4.69688e-05 -7.32988e-06 0.00930586 -0.0171131 -9.28742e-06 -0.000129496 -0.0171131 0.0846886 
0.00933613 -0.0171364 5.79363e-05 -2.10425e-05 -0.0171364 0.0845977 -2.38254e-05 -8.5551e-05 5.79363e-05 -2.38254e-05 0.00936778 -0.0172204 -2.10425e-05 -8.5551e-05 -0.0172204 0.0851075 
0.00932207 -0.0170839 5.87755e-05 -3.48117e-05 -0.0170839 0.0844523 -4.04616e-05 -4.1307e-05 5.87755e-05 -4.04616e-05 0.00938671 -0.01725 -3.48117e-05 -4.1307e-05 -0.01725 0.0851786 
0.00931794 -0.0170165 5.26755e-05 -3.98484e-05 -0.0170165 0.0841288 -4.50076e-05 -1.06862e-05 5.26755e-05 -4.50076e-05 0.00936087 -0.0172348 -3.98484e-05 -1.06862e-05 -0.0172348 0.0850401 
0.00937294 -0.0170884 3.3761e-05 -3.01705e-05 -0.0170884 0.0843665 -3.53285e-05 -1.82855e-05 3.3761e-05 -3.53285e-05 0.0093644 -0.0172921 -3.01705e-05 -1.82855e-05 -0.0172921 0.0853479 
0.00938175 -0.01711 3.82197e-05 -4.6802e-06 -0.01711 0.0843593 -1.27056e-05 -6.21977e-05 3.82197e-05 -1.27056e-05 0.00934326 -0.0172522 -4.6802e-06 -6.21977e-05 -0.0172522 0.085262 
0.00940546 -0.0171412 4.60179e-05 -3.96632e-06 -0.0171412 0.0844559 -1.18524e-05 -9.19968e-05 4.60179e-05 -1.18524e-05 0.0093365 -0.0172296 -3.96632e-06 -9.19968e-05 -0.0172296 0.0852122 
0.00940205 -0.0171789 4.69377e-05 -1.41297e-05 -0.0171789 0.0845745 -1.60242e-05 -9.2849e-05 4.69377e-05 -1.60242e-05 0.00936417 -0.0172233 -1.41297e-05 -9.2849e-05 -0.0172233 0.0851968 
0.00943248 -0.0172072 4.79208e-05 -1.51842e-05 -0.0172072 0.0847773 -1.20993e-05 -9.76168e-05 4.79208e-05 -1.20993e-05 0.00937306 -0.0172898 -1.51842e-05 -9.76168e-05 -0.0172898 0.0854064 
0.00946045 -0.0172136 5.75404e-05 -1.33227e-05 -0.0172136 0.0847771 -9.24682e-06 -0.000109468 5.75404e-05 -9.24682e-06 0.00934335 -0.0172814 -1.33227e-05 -0.000109468 -0.0172814 0.0854161 
0.00949346 -0.0172776 6.0445e-05 -2.5045e-05 -0.0172776 0.0849684 -1.88276e-05 -0.000100771 6.0445e-05 -1.88276e-05 0.00934452 -0.017264 -2.5045e-05 -0.000100771 -0.017264 0.0854655 
0.00953107 -0.0173656 5.15413e-05 -3.16215e-05 -0.0173656 0.0853404 -2.23885e-05 -8.6415e-05 5.15413e-05 -2.23885e-05 0.0093771 -0.0172995 -3.16215e-05 -8.6415e-05 -0.0172995 0.0856695 
0.00955571 -0.0173982 4.32948e-05 -1.75542e-05 -0.0173982 0.0855193 -6.18426e-06 -0.000110035 4.32948e-05 -6.18426e-06 0.00938674 -0.0173338 -1.75542e-05 -0.000110035 -0.0173338 0.0857939 
0.00958431 -0.0174442 2.77268e-05 -5.39958e-06 -0.0174442 0.0857185 5.6942e-06 -0.000145271 2.77268e-05 5.6942e-06 0.0093926 -0.01736 -5.39958e-06 -0.000145271 -0.01736 0.0859509 
0.00953168 -0.0174232 1.39155e-05 1.60596e-05 -0.0174232 0.0855813 2.24234e-05 -0.000189454 1.39155e-05 2.24234e-05 0.00940347 -0.0173012 1.60596e-05 -0.000189454 -0.0173012 0.0857219 
0.00948363 -0.0173592 1.36381e-05 3.12478e-05 -0.0173592 0.0854217 3.22128e-05 -0.000223865 1.36381e-05 3.22128e-05 0.00940502 -0.0173145 3.12478e-05 -0.000223865 -0.0173145 0.0856405 
0.0094415 -0.0172396 2.34356e-05 3.3648e-05 -0.0172396 0.0849666 3.09674e-05 -0.00023716 2.34356e-05 3.09674e-05 0.0093619 -0.0172672 3.3648e-05 -0.00023716 -0.0172672 0.0853616 
0.00939675 -0.0171744 3.18947e-05 2.0249e-05 -0.0171744 0.0846195 1.26756e-05 -0.000208213 3.18947e-05 1.26756e-05 0.00935357 -0.0172056 2.0249e-05 -0.000208213 -0.0172056 0.0851005 
0.00935889 -0.0170979 4.55899e-05 3.51709e-06 -0.0170979 0.0842819 -5.90342e-06 -0.0001552 4.55899e-05 -5.90342e-06 0.00933357 -0.0171762 3.51709e-06 -0.0001552 -0.0171762 0.0848613 
0.00938499 -0.0171253 4.37659e-05 -1.56189e-05 -0.0171253 0.0844199 -2.27712e-05 -0.00010326 4.37659e-05 -2.27712e-05 0.00933248 -0.0172321 -1.56189e-05 -0.00010326 -0.0172321 0.0851014 
0.0093965 -0.0171482 2.57832e-05 -1.38349e-05 -0.0171482 0.0844866 -1.81905e-05 -8.79393e-05 2.57832e-05 -1.81905e-05 0.00931653 -0.0172177 -1.38349e-05 -8.79393e-05 -0.0172177 0.0851465 
0.00938668 -0.0171663 -6.51043e-06 7.2198e-06 -0.0171663 0.0845504 9.0716e-06 -0.000123743 -6.51043e-06 9.0716e-06 0.009319 -0.0171857 7.2198e-06 -0.000123743 -0.0171857 0.0850873 
0.00936137 -0.01709 1.06959e-05 4.42844e-05 -0.01709 0.0842343 4.89301e-05 -0.000199653 1.06959e-05 4.89301e-05 0.00927833 -0.0171123 4.42844e-05 -0.000199653 -0.0171123 0.0847022 
0.00936977 -0.01712 2.76747e-05 2.88824e-05 -0.01712 0.0843433 3.02422e-05 -0.000214225 2.76747e-05 3.02422e-05 0.00928216 -0.0171279 2.88824e-05 -0.000214225 -0.0171279 0.0847783 
0.00941268 -0.0172193 3.2348e-05 8.36257e-06 -0.0172193 0.0848431 6.54408e-06 -0.000174514 3.2348e-05 6.54408e-06 0.00932884 -0.0172167 8.36257e-06 -0.000174514 -0.0172167 0.0852406 
0.00939694 -0.0172079 1.16836e-05 -3.01478e-08 -0.0172079 0.0848473 -3.98356e-06 -0.000134493 1.16836e-05 -3.98356e-06 0.0093404 -0.0172159 -3.01478e-08 -0.000134493 -0.0172159 0.0852514 
0.00936371 -0.0171423 -4.29922e-06 2.35621e-05 -0.0171423 0.0846084 1.79809e-05 -0.000152453 -4.29922e-06 1.79809e-05 0.00932691 -0.0171954 2.35621e-05 -0.000152453 -0.0171954 0.0851037 
0.00937673 -0.0171413 5.96235e-06 3.73137e-05 -0.0171413 0.0846437 3.4232e-05 -0.000183689 5.96235e-06 3.4232e-05 0.00932758 -0.017229 3.73137e-05 -0.000183689 -0.017229 0.0852522 
0.00936371 -0.0170885 1.234e-05 2.08539e-05 -0.0170885 0.0843526 1.91004e-05 -0.000166901 1.234e-05 1.91004e-05 0.00928822 -0.0171616 2.08539e-05 -0.000166901 -0.0171616 0.0849825 
0.00935871 -0.0170941 2.64651e-05 1.01436e-05 -0.0170941 0.0842985 7.11834e-06 -0.000131357 2.64651e-05 7.11834e-06 0.0092696 -0.0171233 1.01436e-05 -0.000131357 -0.0171233 0.0848462 
0.00972267 -0.017775 4.91242e-05 -2.80763e-06 -0.017775 0.0876427 -7.27388e-06 -0.000103464 4.91242e-05 -7.27388e-06 0.00962972 -0.0177763 -2.80763e-06 -0.000103464 -0.0177763 0.0881085 
0.00966809 -0.0176856 6.41333e-05 -2.58125e-05 -0.0176856 0.0872277 -3.00656e-05 -5.68461e-05 6.41333e-05 -3.00656e-05 0.00958829 -0.0176829 -2.58125e-05 -5.68461e-05 -0.0176829 0.0876356 
0.00960918 -0.0175931 5.99822e-05 -4.36098e-05 -0.0175931 0.0867919 -4.41422e-05 -1.49408e-05 5.99822e-05 -4.41422e-05 0.00955672 -0.0175993 -4.36098e-05 -1.49408e-05 -0.0175993 0.0871855 
0.00959542 -0.0175643 5.74374e-05 -4.37578e-05 -0.0175643 0.086688 -4.21758e-05 3.50098e-06 5.74374e-05 -4.21758e-05 0.00955951 -0.0176024 -4.37578e-05 3.50098e-06 -0.0176024 0.0871252 
0.00962583 -0.0176267 4.01046e-05 -4.32317e-05 -0.0176267 0.0869949 -4.26839e-05 1.08423e-05 4.01046e-05 -4.26839e-05 0.00959054 -0.0176802 -4.32317e-05 1.08423e-05 -0.0176802 0.0874721 
0.00963678 -0.0176813 4.10253e-05 -2.35083e-05 -0.0176813 0.0872747 -2.63828e-05 -8.15083e-06 4.10253e-05 -2.63828e-05 0.00963704 -0.0177349 -2.35083e-05 -8.15083e-06 -0.0177349 0.0877651 
0.00964329 -0.0176511 4.5106e-05 -2.39661e-05 -0.0176511 0.0872231 -2.88505e-05 -1.63827e-05 4.5106e-05 -2.88505e-05 0.00963544 -0.0177608 -2.39661e-05 -1.63827e-05 -0.0177608 0.0878149 
0.00962281 -0.0176203 4.06067e-05 -2.83691e-05 -0.0176203 0.087033 -3.63112e-05 -2.48554e-06 4.06067e-05 -3.63112e-05 0.00962498 -0.017735 -2.83691e-05 -2.48554e-06 -0.017735 0.087705 
0.00961378 -0.0176022 3.30492e-05 -2.11586e-05 -0.0176022 0.0869389 -3.28166e-05 -1.76379e-06 3.30492e-05 -3.28166e-05 0.00962058 -0.0177238 -2.11586e-05 -1.76379e-06 -0.0177238 0.0876426 
0.00959071 -0.0175997 2.46447e-05 -1.09511e-05 -0.0175997 0.0869246 -2.33606e-05 -2.0219e-05 2.46447e-05 -2.33606e-05 0.00963019 -0.0177325 -1.09511e-05 -2.0219e-05 -0.0177325 0.0876691 
0.00959997 -0.0175636 2.85339e-05 -3.7967e-06 -0.0175636 0.0868362 -1.47371e-05 -3.70744e-05 2.85339e-05 -1.47371e-05 0.00961116 -0.0177384 -3.7967e-06 -3.70744e-05 -0.0177384 0.0876666 
0.00964334 -0.0176172 1.70509e-05 -9.39115e-06 -0.0176172 0.0870401 -1.97993e-05 -3.36089e-05 1.70509e-05 -1.97993e-05 0.0096172 -0.0177755 -9.39115e-06 -3.36089e-05 -0.0177755 0.0879119 
0.00967448 -0.0176877 -9.42896e-07 -5.44343e-07 -0.0176877 0.0872993 -1.0881e-05 -3.60321e-05 -9.42896e-07 -1.0881e-05 0.00961913 -0.0177906 -5.44343e-07 -3.60321e-05 -0.0177906 0.0880822 
0.00971666 -0.0177393 3.27389e-06 1.82376e-05 -0.0177393 0.0875317 1.09195e-05 -6.87259e-05 3.27389e-06 1.09195e-05 0.00960386 -0.0177896 1.82376e-05 -6.87259e-05 -0.0177896 0.0881678 
0.00974643 -0.0177779 3.46056e-06 9.66573e-06 -0.0177779 0.0876531 6.84796e-06 -7.14054e-05 3.46056e-06 6.84796e-06 0.0095809 -0.017753 9.66573e-06 -7.14054e-05 -0.017753 0.0881043 
0.00972408 -0.0177623 -2.56738e-06 1.01613e-05 -0.0177623 0.0875007 7.34088e-06 -6.78942e-05 -2.56738e-06 7.34088e-06 0.00955235 -0.0176617 1.01613e-05 -6.78942e-05 -0.0176617 0.0877378 
0.00975363 -0.0177986 -9.82153e-06 1.65869e-05 -0.0177986 0.0876883 1.54817e-05 -7.86818e-05 -9.82153e-06 1.54817e-05 0.00954319 -0.0176769 1.65869e-05 -7.86818e-05 -0.0176769 0.0877878 
0.00967226 -0.0177304 -2.28555e-05 2.5157e-05 -0.0177304 0.0873115 2.88321e-05 -0.000104497 -2.28555e-05 2.88321e-05 0.00952971 -0.0175621 2.5157e-05 -0.000104497 -0.0175621 0.0872894 
0.00959746 -0.0175999 -3.29006e-06 3.81696e-05 -0.0175999 0.0868395 4.46929e-05 -0.000135998 -3.29006e-06 4.46929e-05 0.00951603 -0.0175197 3.81696e-05 -0.000135998 -0.0175197 0.0868994 
0.00955757 -0.0174981 4.90356e-05 1.88141e-05 -0.0174981 0.0864249 2.42712e-05 -0.000125105 4.90356e-05 2.42712e-05 0.00949348 -0.0174986 1.88141e-05 -0.000125105 -0.0174986 0.0866752 
0.00952526 -0.0174547 8.43748e-05 -4.14368e-05 -0.0174547 0.0861963 -3.652e-05 -2.59398e-05 8.43748e-05 -3.652e-05 0.00950359 -0.017489 -4.14368e-05 -2.59398e-05 -0.017489 0.0865948 
0.00953346 -0.0174419 9.16541e-05 -8.75165e-05 -0.0174419 0.0861656 -8.35104e-05 9.85541e-05 9.16541e-05 -8.35104e-05 0.00950686 -0.0175294 -8.75165e-05 9.85541e-05 -0.0175294 0.0866997 
0.00958401 -0.0175302 7.7078e-05 -0.000101792 -0.0175302 0.0865511 -9.95966e-05 0.000179098 7.7078e-05 -9.95966e-05 0.00954155 -0.017616 -0.000101792 0.000179098 -0.017616 0.0871493 
0.00962481 -0.0176245 2.76104e-05 -8.10954e-05 -0.0176245 0.0869814 -8.12932e-05 0.000173425 2.76104e-05 -8.12932e-05 0.00958339 -0.0176889 -8.10954e-05 0.000173425 -0.0176889 0.087563 
0.00962787 -0.0176132 -6.36318e-06 -1.58579e-05 -0.0176132 0.0869647 -1.98009e-05 6.37919e-05 -6.36318e-06 -1.98009e-05 0.00957977 -0.0176859 -1.58579e-05 6.37919e-05 -0.0176859 0.0875529 
0.00966062 -0.01767 -1.35362e-05 2.88391e-05 -0.01767 0.0872164 2.17998e-05 -5.75827e-05 -1.35362e-05 2.17998e-05 0.00959823 -0.0177285 2.88391e-05 -5.75827e-05 -0.0177285 0.0877861 
0.00965693 -0.017714 -2.00394e-05 4.46245e-05 -0.017714 0.0874168 3.40117e-05 -0.000133686 -2.00394e-05 3.40117e-05 0.00963879 -0.0177552 4.46245e-05 -0.000133686 -0.0177552 0.0879525 
0.00967994 -0.017723 -3.09529e-05 5.06032e-05 -0.017723 0.087565 4.22067e-05 -0.00016724 -3.09529e-05 4.22067e-05 0.00964951 -0.0178123 5.06032e-05 -0.00016724 -0.0178123 0.0881516 
0.00929974 -0.017022 -1.86014e-05 5.55637e-05 -0.017022 0.0840758 5.3228e-05 -0.000184197 -1.86014e-05 5.3228e-05 0.00925676 -0.0170956 5.55637e-05 -0.000184197 -0.0170956 0.0846578 
0.00968361 -0.0176994 -1.40879e-07 4.32466e-05 -0.0176994 0.0874138 4.45802e-05 -0.0001854 -1.40879e-07 4.45802e-05 0.00961027 -0.0177627 4.32466e-05 -0.0001854 -0.0177627 0.0880011 
0.00962937 -0.0176206 1.1781e-05 1.4913e-05 -0.0176206 0.0869736 2.19415e-05 -0.000137107 1.1781e-05 2.19415e-05 0.00957391 -0.0176528 1.4913e-05 -0.000137107 -0.0176528 0.087507 
0.00959835 -0.0175387 3.37042e-05 -4.24187e-06 -0.0175387 0.0865842 6.20373e-06 -8.53666e-05 3.37042e-05 6.20373e-06 0.00952922 -0.0175848 -4.24187e-06 -8.53666e-05 -0.0175848 0.0871024 
0.00960977 -0.0175441 3.03266e-05 -3.04289e-05 -0.0175441 0.0865506 -1.79044e-05 -2.95366e-05 3.03266e-05 -1.79044e-05 0.00949974 -0.0175711 -3.04289e-05 -2.95366e-05 -0.0175711 0.08704 
0.00959791 -0.0175535 3.06778e-05 -2.53322e-05 -0.0175535 0.0865197 -1.70562e-05 -7.79774e-06 3.06778e-05 -1.70562e-05 0.00947905 -0.0175196 -2.53322e-05 -7.79774e-06 -0.0175196 0.0868809 
0.00961539 -0.0175765 1.26567e-05 -1.85686e-05 -0.0175765 0.0866644 -1.44281e-05 -1.82019e-05 1.26567e-05 -1.44281e-05 0.00946817 -0.0175273 -1.85686e-05 -1.82019e-05 -0.0175273 0.0869341 
0.00962258 -0.0176081 3.35692e-09 5.67289e-06 -0.0176081 0.0868033 1.25813e-05 -6.75749e-05 3.35692e-09 1.25813e-05 0.0094762 -0.0175182 5.67289e-06 -6.75749e-05 -0.0175182 0.0869705 
0.00961142 -0.0176022 -3.7546e-06 1.91127e-05 -0.0176022 0.0868213 2.76117e-05 -0.000113982 -3.7546e-06 2.76117e-05 0.00950184 -0.0175223 1.91127e-05 -0.000113982 -0.0175223 0.0869653 
0.00962325 -0.0176383 1.16954e-05 2.39091e-05 -0.0176383 0.0870452 3.24283e-05 -0.000140561 1.16954e-05 3.24283e-05 0.00955243 -0.0175979 2.39091e-05 -0.000140561 -0.0175979 0.0872424 
0.00963311 -0.017659 2.50511e-05 6.27562e-06 -0.017659 0.087208 1.06093e-05 -0.000118118 2.50511e-05 1.06093e-05 0.00959873 -0.017676 6.27562e-06 -0.000118118 -0.017676 0.0875366 
0.00966019 -0.0177159 3.06024e-05 -5.57696e-06 -0.0177159 0.0875257 -7.25106e-06 -8.24579e-05 3.06024e-05 -7.25106e-06 0.00963722 -0.0177784 -5.57696e-06 -8.24579e-05 -0.0177784 0.0879844 
0.00964408 -0.0176704 3.54303e-05 -1.06142e-05 -0.0176704 0.0873482 -1.41892e-05 -5.88728e-05 3.54303e-05 -1.41892e-05 0.00961342 -0.0177561 -1.06142e-05 -5.88728e-05 -0.0177561 0.0879067 
0.00961139 -0.0176065 4.55238e-05 -1.95227e-05 -0.0176065 0.0870216 -2.51623e-05 -3.03236e-05 4.55238e-05 -2.51623e-05 0.00957141 -0.0176772 -1.95227e-05 -3.03236e-05 -0.0176772 0.0875874 
0.00958148 -0.0175324 4.81364e-05 -3.08282e-05 -0.0175324 0.0866507 -3.86125e-05 2.06883e-06 4.81364e-05 -3.86125e-05 0.00952238 -0.0175933 -3.08282e-05 2.06883e-06 -0.0175933 0.0871997 
0.00957461 -0.01748 5.36514e-05 -4.16166e-05 -0.01748 0.0863454 -4.82226e-05 4.15627e-05 5.36514e-05 -4.82226e-05 0.00947823 -0.0175164 -4.16166e-05 4.15627e-05 -0.0175164 0.0868482 
0.00960006 -0.0175174 4.98271e-05 -4.97037e-05 -0.0175174 0.0864147 -5.30951e-05 6.77939e-05 4.98271e-05 -5.30951e-05 0.00946366 -0.0175061 -4.97037e-05 6.77939e-05 -0.0175061 0.0868203 
0.00961495 -0.0176223 4.09218e-05 -4.69499e-05 -0.0176223 0.0868415 -4.59113e-05 7.07302e-05 4.09218e-05 -4.59113e-05 0.00951599 -0.0175498 -4.69499e-05 7.07302e-05 -0.0175498 0.0870923 
0.00964141 -0.0176352 3.05263e-05 -3.67094e-05 -0.0176352 0.0870295 -3.27343e-05 5.04189e-05 3.05263e-05 -3.27343e-05 0.00952517 -0.0176045 -3.67094e-05 5.04189e-05 -0.0176045 0.0872705 
0.00963315 -0.0176337 3.16345e-05 -2.33206e-05 -0.0176337 0.0870006 -1.75439e-05 1.59958e-05 3.16345e-05 -1.75439e-05 0.00952956 -0.0175918 -2.33206e-05 1.59958e-05 -0.0175918 0.0872504 
0.00963744 -0.0176232 2.99027e-05 -2.05723e-05 -0.0176232 0.0869723 -1.54281e-05 -6.38942e-06 2.99027e-05 -1.54281e-05 0.00952993 -0.017596 -2.05723e-05 -6.38942e-06 -0.017596 0.0872395 
0.00966311 -0.0176659 4.17445e-05 -1.90921e-05 -0.0176659 0.0871553 -1.79836e-05 -1.02087e-05 4.17445e-05 -1.79836e-05 0.00952991 -0.017636 -1.90921e-05 -1.02087e-05 -0.017636 0.0874333 
0.0096735 -0.0176829 3.84763e-05 -3.10714e-05 -0.0176829 0.0872107 -3.31664e-05 9.07445e-06 3.84763e-05 -3.31664e-05 0.00952436 -0.0176156 -3.10714e-05 9.07445e-06 -0.0176156 0.0874252 
0.00967595 -0.0176986 1.62167e-05 -2.7316e-05 -0.0176986 0.087273 -3.41859e-05 2.15577e-05 1.62167e-05 -3.41859e-05 0.00952316 -0.0176086 -2.7316e-05 2.15577e-05 -0.0176086 0.0874158 
0.00969766 -0.0177692 2.23979e-05 1.37034e-06 -0.0177692 0.0876305 -1.36608e-05 -1.03224e-05 2.23979e-05 -1.36608e-05 0.0095649 -0.017665 1.37034e-06 -1.03224e-05 -0.017665 0.0877114 
0.00964185 -0.0176617 4.39554e-05 -2.42948e-06 -0.0176617 0.0871857 -2.13173e-05 -2.09076e-05 4.39554e-05 -2.13173e-05 0.00954359 -0.0175928 -2.42948e-06 -2.09076e-05 -0.0175928 0.0873088 
0.00961571 -0.0176088 5.00586e-05 -3.37126e-05 -0.0176088 0.0869587 -4.78996e-05 2.90575e-05 5.00586e-05 -4.78996e-05 0.00954813 -0.0175909 -3.37126e-05 2.90575e-05 -0.0175909 0.0871995 
0.00962175 -0.0175973 4.15981e-05 -4.99072e-05 -0.0175973 0.0869044 -5.5531e-05 7.95649e-05 4.15981e-05 -5.5531e-05 0.00955637 -0.0176187 -4.99072e-05 7.95649e-05 -0.0176187 0.0872629 
0.00962778 -0.0176061 2.63455e-05 -4.24184e-05 -0.0176061 0.0868988 -4.11857e-05 8.0889e-05 2.63455e-05 -4.11857e-05 0.00954529 -0.0176312 -4.24184e-05 8.0889e-05 -0.0176312 0.0873131 
0.00962914 -0.0176056 1.44427e-05 -2.62852e-05 -0.0176056 0.0868676 -2.22583e-05 5.13702e-05 1.44427e-05 -2.22583e-05 0.00953136 -0.0176094 -2.62852e-05 5.13702e-05 -0.0176094 0.0872658 
0.00964445 -0.0176131 3.89398e-05 -1.14633e-05 -0.0176131 0.086888 -5.7838e-06 1.1513e-05 3.89398e-05 -5.7838e-06 0.00951428 -0.0176025 -1.14633e-05 1.1513e-05 -0.0176025 0.0872582 
0.00963456 -0.0176181 6.12435e-05 -4.17138e-05 -0.0176181 0.0868492 -3.59856e-05 4.35193e-05 6.12435e-05 -3.59856e-05 0.00950956 -0.0175622 -4.17138e-05 4.35193e-05 -0.0175622 0.087131 
0.00960115 -0.0175539 3.94831e-05 -6.81662e-05 -0.0175539 0.0865521 -6.62736e-05 0.000112387 3.94831e-05 -6.62736e-05 0.00947057 -0.0174983 -6.81662e-05 0.000112387 -0.0174983 0.0867839 
0.00957721 -0.0175274 9.94795e-06 -3.84711e-05 -0.0175274 0.0864197 -4.24781e-05 9.89216e-05 9.94795e-06 -4.24781e-05 0.00945463 -0.017466 -3.84711e-05 9.89216e-05 -0.017466 0.08663 
0.00957091 -0.0174988 -1.40517e-05 5.54993e-06 -0.0174988 0.0863086 -4.01474e-06 1.41633e-05 -1.40517e-05 -4.01474e-06 0.00941828 -0.0174411 5.54993e-06 1.41633e-05 -0.0174411 0.0865081 
0.00957272 -0.0175399 -7.49577e-06 3.2912e-05 -0.0175399 0.0864812 2.20665e-05 -6.25289e-05 -7.49577e-06 2.20665e-05 0.00944506 -0.0174412 3.2912e-05 -6.25289e-05 -0.0174412 0.0866113 
0.00956736 -0.0175241 4.67222e-06 2.0436e-05 -0.0175241 0.0864773 1.16858e-05 -7.06839e-05 4.67222e-06 1.16858e-05 0.00945125 -0.0174516 2.0436e-05 -7.06839e-05 -0.0174516 0.0866019 
0.00957338 -0.0175259 -4.10192e-06 1.96301e-06 -0.0175259 0.0865157 -3.14914e-06 -3.75844e-05 -4.10192e-06 -3.14914e-06 0.00945948 -0.017477 1.96301e-06 -3.75844e-05 -0.017477 0.0866968 
0.00958626 -0.0175156 -1.41506e-05 1.09169e-05 -0.0175156 0.0864639 7.46817e-06 -3.55813e-05 -1.41506e-05 7.46817e-06 0.00944066 -0.0174756 1.09169e-05 -3.55813e-05 -0.0174756 0.0866893 
0.00957925 -0.0175481 -1.8462e-05 2.37152e-05 -0.0175481 0.0865448 2.04364e-05 -5.9161e-05 -1.8462e-05 2.04364e-05 0.0094593 -0.0174626 2.37152e-05 -5.9161e-05 -0.0174626 0.086707 
0.00957547 -0.017573 -6.69879e-06 2.5064e-05 -0.017573 0.0867356 2.3699e-05 -7.04989e-05 -6.69879e-06 2.3699e-05 0.00950012 -0.0175157 2.5064e-05 -7.04989e-05 -0.0175157 0.0869012 
0.00951469 -0.0174938 9.0235e-06 1.00488e-05 -0.0174938 0.0864522 8.90093e-06 -4.90557e-05 9.0235e-06 8.90093e-06 0.00952126 -0.0175012 1.00488e-05 -4.90557e-05 -0.0175012 0.0867446 
