0.00696402 0 3.99425e-05 0 0 0.00985334 0 0 3.99425e-05 0 0.00694138 0 0 0 0 0.00985334 
0.00949325 -0.0117795 3.61665e-05 -4.27837e-05 -0.0117795 0.0313141 -4.27837e-05 8.16015e-05 3.61665e-05 -4.27837e-05 0.0095269 -0.0118293 -4.27837e-05 8.16015e-05 -0.0118293 0.031409 
0.00978598 -0.0181164 3.34734e-05 6.08104e-07 -0.0181164 0.0668309 6.08104e-07 -1.7849e-05 3.34734e-05 6.08104e-07 0.00982713 -0.0184161 6.08104e-07 -1.7849e-05 -0.0184161 0.0678556 
0.0092904 -0.017736 3.00654e-05 4.04452e-05 -0.017736 0.0793657 5.09765e-05 -0.000352373 3.00654e-05 5.09765e-05 0.00926692 -0.0181365 4.04452e-05 -0.000352373 -0.0181365 0.0815299 
0.00902585 -0.016733 4.95069e-05 3.10039e-05 -0.016733 0.0802789 4.43983e-05 -0.00045782 4.95069e-05 4.43983e-05 0.0089776 -0.0169847 3.10039e-05 -0.00045782 -0.0169847 0.0824592 
0.00930047 -0.0169944 6.66884e-05 -6.77631e-06 -0.0169944 0.083001 -9.06479e-07 -0.00034626 6.66884e-05 -9.06479e-07 0.00922745 -0.01713 -6.77631e-06 -0.00034626 -0.01713 0.084644 
0.00950608 -0.0172901 8.90626e-05 -3.3467e-05 -0.0172901 0.0848169 -3.03535e-05 -0.000196675 8.90626e-05 -3.03535e-05 0.00939252 -0.0173531 -3.3467e-05 -0.000196675 -0.0173531 0.0859258 
0.00975501 -0.0177033 7.62132e-05 -7.00674e-05 -0.0177033 0.0869659 -6.53426e-05 -6.14773e-05 7.62132e-05 -6.53426e-05 0.0095717 -0.0177113 -7.00674e-05 -6.14773e-05 -0.0177113 0.0877283 
0.00960257 -0.0173804 6.28227e-05 -5.42325e-05 -0.0173804 0.0853688 -5.26031e-05 -1.13905e-05 6.28227e-05 -5.26031e-05 0.00934295 -0.017306 -5.42325e-05 -1.13905e-05 -0.017306 0.0858303 
0.00947967 -0.0171654 5.354e-05 -3.57558e-05 -0.0171654 0.08419 -3.537e-05 -2.90545e-05 5.354e-05 -3.537e-05 0.00918809 -0.0169909 -3.57558e-05 -2.90545e-05 -0.0169909 0.0843653 
0.0098202 -0.0178172 5.24524e-05 -2.13825e-05 -0.0178172 0.0873279 -2.29521e-05 -6.92079e-05 5.24524e-05 -2.29521e-05 0.00953546 -0.0175926 -2.13825e-05 -6.92079e-05 -0.0175926 0.0873251 
0.00975315 -0.0177266 5.00025e-05 -1.44721e-05 -0.0177266 0.0869156 -1.90332e-05 -9.48232e-05 5.00025e-05 -1.90332e-05 0.00951043 -0.0175301 -1.44721e-05 -9.48232e-05 -0.0175301 0.0869029 
0.00971754 -0.0176763 3.10749e-05 -9.31514e-06 -0.0176763 0.0867353 -1.64018e-05 -0.000111349 3.10749e-05 -1.64018e-05 0.0095192 -0.0175324 -9.31514e-06 -0.000111349 -0.0175324 0.0868179 
0.00968621 -0.017614 4.22289e-05 8.58497e-06 -0.017614 0.0864935 2.71934e-07 -0.000135514 4.22289e-05 2.71934e-07 0.00950935 -0.0175354 8.58497e-06 -0.000135514 -0.0175354 0.0867389 
0.00965863 -0.0175753 3.54956e-05 -4.13164e-06 -0.0175753 0.0863253 -1.23228e-05 -0.000130157 3.54956e-05 -1.23228e-05 0.00950336 -0.017529 -4.13164e-06 -0.000130157 -0.017529 0.0866948 
0.0096045 -0.0174985 3.14007e-05 1.23092e-06 -0.0174985 0.0859905 -7.96983e-06 -0.000124109 3.14007e-05 -7.96983e-06 0.00948941 -0.0174814 1.23092e-06 -0.000124109 -0.0174814 0.0864491 
0.00956959 -0.0174643 2.30388e-05 9.41002e-06 -0.0174643 0.0858966 -9.54765e-07 -0.000138205 2.30388e-05 -9.54765e-07 0.00950025 -0.0175024 9.41002e-06 -0.000138205 -0.0175024 0.0864848 
0.00956483 -0.0174444 2.9478e-05 2.0117e-05 -0.0174444 0.0858935 1.31392e-05 -0.000167969 2.9478e-05 1.31392e-05 0.00950887 -0.0175334 2.0117e-05 -0.000167969 -0.0175334 0.0866133 
0.00960064 -0.0174949 3.03923e-05 5.94553e-06 -0.0174949 0.0861583 8.10883e-06 -0.000165178 3.03923e-05 8.10883e-06 0.0095247 -0.0175947 5.94553e-06 -0.000165178 -0.0175947 0.0869445 
0.00962395 -0.017498 2.93444e-05 -1.66266e-06 -0.017498 0.0861509 7.63348e-06 -0.000149751 2.93444e-05 7.63348e-06 0.00949386 -0.017567 -1.66266e-06 -0.000149751 -0.017567 0.0868985 
0.00962858 -0.0175362 2.14476e-05 -2.61712e-06 -0.0175362 0.086244 7.54391e-06 -0.000139017 2.14476e-05 7.54391e-06 0.00948373 -0.0175326 -2.61712e-06 -0.000139017 -0.0175326 0.0868446 
0.00958188 -0.0174656 3.76583e-05 8.97411e-06 -0.0174656 0.0859109 1.44532e-05 -0.000148347 3.76583e-05 1.44532e-05 0.00945503 -0.01743 8.97411e-06 -0.000148347 -0.01743 0.0863706 
0.0095517 -0.0174379 6.22847e-05 -4.35064e-06 -0.0174379 0.085807 -5.59171e-06 -0.000134245 6.22847e-05 -5.59171e-06 0.00946138 -0.0174225 -4.35064e-06 -0.000134245 -0.0174225 0.0862478 
0.00952431 -0.0173753 7.50403e-05 -3.34302e-05 -0.0173753 0.0855745 -3.83553e-05 -7.45828e-05 7.50403e-05 -3.83553e-05 0.00943925 -0.0174091 -3.34302e-05 -7.45828e-05 -0.0174091 0.0860957 
0.00951482 -0.0173449 7.18934e-05 -5.22653e-05 -0.0173449 0.0854242 -5.75952e-05 -1.3344e-05 7.18934e-05 -5.75952e-05 0.00941926 -0.0173801 -5.22653e-05 -1.3344e-05 -0.0173801 0.0859806 
0.00949307 -0.0172993 5.54128e-05 -5.00072e-05 -0.0172993 0.0851783 -5.26888e-05 5.78519e-06 5.54128e-05 -5.26888e-05 0.00939888 -0.017328 -5.00072e-05 5.78519e-06 -0.017328 0.0857378 
0.00947021 -0.0172781 3.23626e-05 -2.77481e-05 -0.0172781 0.0850557 -2.93989e-05 -2.97187e-05 3.23626e-05 -2.93989e-05 0.00940277 -0.0173128 -2.77481e-05 -2.97187e-05 -0.0173128 0.0856248 
0.0095122 -0.017303 3.57711e-05 1.72106e-06 -0.017303 0.085219 2.24178e-08 -9.59137e-05 3.57711e-05 2.24178e-08 0.00940071 -0.0173787 1.72106e-06 -9.59137e-05 -0.0173787 0.0858696 
0.00955278 -0.0173618 3.8614e-05 2.40611e-06 -0.0173618 0.0854147 -7.47068e-07 -0.000129609 3.8614e-05 -7.47068e-07 0.00940058 -0.0173949 2.40611e-06 -0.000129609 -0.0173949 0.0860576 
0.00954283 -0.0173912 3.29167e-05 -2.04613e-06 -0.0173912 0.0854761 -5.73881e-06 -0.000128712 3.29167e-05 -5.73881e-06 0.00940244 -0.0173651 -2.04613e-06 -0.000128712 -0.0173651 0.0860006 
0.00953701 -0.0173723 4.10485e-05 -1.06497e-06 -0.0173723 0.0854397 -1.68526e-06 -0.000124839 4.10485e-05 -1.68526e-06 0.00938898 -0.0173486 -1.06497e-06 -0.000124839 -0.0173486 0.0858998 
0.00951431 -0.0173128 3.48936e-05 -1.30494e-05 -0.0173128 0.0851476 -1.03706e-05 -0.000107704 3.48936e-05 -1.03706e-05 0.00934589 -0.0172792 -1.30494e-05 -0.000107704 -0.0172792 0.0855735 
0.00951741 -0.0173187 3.28451e-05 -1.11829e-05 -0.0173187 0.0851259 -2.72863e-06 -0.000102175 3.28451e-05 -2.72863e-06 0.0093395 -0.01725 -1.11829e-05 -0.000102175 -0.01725 0.0854694 
0.00950836 -0.0173852 1.54526e-05 -7.4384e-06 -0.0173852 0.0854273 9.41694e-06 -0.000123257 1.54526e-05 9.41694e-06 0.00939258 -0.0173022 -7.4384e-06 -0.000123257 -0.0173022 0.0857064 
0.00950965 -0.0173721 1.64334e-05 1.38379e-05 -0.0173721 0.0855263 3.13286e-05 -0.000166129 1.64334e-05 3.13286e-05 0.00942494 -0.0173557 1.38379e-05 -0.000166129 -0.0173557 0.0858686 
0.0095157 -0.0173275 2.84151e-05 1.4462e-05 -0.0173275 0.0853602 2.67467e-05 -0.000182943 2.84151e-05 2.67467e-05 0.00940135 -0.0173649 1.4462e-05 -0.000182943 -0.0173649 0.0858447 
0.00953461 -0.0173471 3.65199e-05 6.2976e-06 -0.0173471 0.0853662 1.57962e-05 -0.000178658 3.65199e-05 1.57962e-05 0.00937488 -0.0173551 6.2976e-06 -0.000178658 -0.0173551 0.0858732 
0.0095377 -0.0173351 3.78198e-05 -7.58907e-07 -0.0173351 0.085235 4.00642e-06 -0.000160587 3.78198e-05 4.00642e-06 0.00933982 -0.0172827 -7.58907e-07 -0.000160587 -0.0172827 0.0856353 
0.00956564 -0.0174012 4.82747e-05 -3.74344e-06 -0.0174012 0.085486 -5.09746e-06 -0.000139786 4.82747e-05 -5.09746e-06 0.00935931 -0.0172992 -3.74344e-06 -0.000139786 -0.0172992 0.0857552 
0.00957527 -0.0174797 5.90115e-05 -1.63614e-05 -0.0174797 0.0858702 -2.09168e-05 -0.000107971 5.90115e-05 -2.09168e-05 0.00942298 -0.0173688 -1.63614e-05 -0.000107971 -0.0173688 0.0860745 
0.00955634 -0.0174449 6.60721e-05 -3.25743e-05 -0.0174449 0.0858381 -3.82805e-05 -6.29363e-05 6.60721e-05 -3.82805e-05 0.0094314 -0.0174056 -3.25743e-05 -6.29363e-05 -0.0174056 0.0861394 
0.00957055 -0.0174545 5.57689e-05 -4.10017e-05 -0.0174545 0.0859536 -4.77986e-05 -3.01981e-05 5.57689e-05 -4.77986e-05 0.00945022 -0.0174574 -4.10017e-05 -3.01981e-05 -0.0174574 0.0863902 
0.0095777 -0.0174667 5.54876e-05 -2.72039e-05 -0.0174667 0.0860166 -3.66149e-05 -3.59521e-05 5.54876e-05 -3.66149e-05 0.00946333 -0.0174733 -2.72039e-05 -3.59521e-05 -0.0174733 0.0865105 
0.00956934 -0.0174456 4.86367e-05 -2.3038e-05 -0.0174456 0.0859148 -3.58687e-05 -4.78575e-05 4.86367e-05 -3.58687e-05 0.00946189 -0.0174527 -2.3038e-05 -4.78575e-05 -0.0174527 0.0864166 
0.00957757 -0.0174623 2.66473e-05 -1.26533e-05 -0.0174623 0.0859807 -2.75491e-05 -6.80847e-05 2.66473e-05 -2.75491e-05 0.00946842 -0.017471 -1.26533e-05 -6.80847e-05 -0.017471 0.0864788 
0.00955959 -0.0174323 1.15955e-05 9.98653e-06 -0.0174323 0.0858283 -5.17892e-07 -0.000111782 1.15955e-05 -5.17892e-07 0.00945375 -0.0174356 9.98653e-06 -0.000111782 -0.0174356 0.0863103 
0.00954415 -0.0173901 1.92184e-05 2.73299e-05 -0.0173901 0.0856292 1.91695e-05 -0.000160395 1.92184e-05 1.91695e-05 0.00942842 -0.0174017 2.73299e-05 -0.000160395 -0.0174017 0.0861211 
0.00956239 -0.0173699 2.04485e-05 1.69268e-05 -0.0173699 0.0855021 9.19227e-06 -0.000161619 2.04485e-05 9.19227e-06 0.00938884 -0.0173711 1.69268e-05 -0.000161619 -0.0173711 0.085986 
0.00956858 -0.0174077 1.41577e-05 1.27888e-05 -0.0174077 0.0855456 6.00418e-06 -0.000147357 1.41577e-05 6.00418e-06 0.00938966 -0.0173324 1.27888e-05 -0.000147357 -0.0173324 0.0858991 
0.00953687 -0.0173905 9.21604e-06 2.21411e-05 -0.0173905 0.0854534 1.53497e-05 -0.000156023 9.21604e-06 1.53497e-05 0.00940186 -0.0173057 2.21411e-05 -0.000156023 -0.0173057 0.0857203 
0.00952511 -0.0173561 1.49426e-05 2.752e-05 -0.0173561 0.0853686 2.2191e-05 -0.000172056 1.49426e-05 2.2191e-05 0.009397 -0.0173321 2.752e-05 -0.000172056 -0.0173321 0.085715 
0.0095376 -0.0174008 9.5881e-06 2.00381e-05 -0.0174008 0.0855897 1.68723e-05 -0.000169377 9.5881e-06 1.68723e-05 0.00942713 -0.017389 2.00381e-05 -0.000169377 -0.017389 0.086011 
0.00952409 -0.0173575 2.63246e-05 2.4177e-05 -0.0173575 0.0854265 2.39271e-05 -0.000173641 2.63246e-05 2.39271e-05 0.00939866 -0.0173643 2.4177e-05 -0.000173641 -0.0173643 0.0858974 
0.00949648 -0.0172982 3.069e-05 -1.06484e-06 -0.0172982 0.0851158 8.36816e-06 -0.000144418 3.069e-05 8.36816e-06 0.00936251 -0.0172849 -1.06484e-06 -0.000144418 -0.0172849 0.0855721 
0.00948482 -0.017313 3.16732e-05 -1.34312e-05 -0.017313 0.085165 2.58018e-06 -0.000108415 3.16732e-05 2.58018e-06 0.00937442 -0.0172899 -1.34312e-05 -0.000108415 -0.0172899 0.0855938 
0.00943965 -0.0172469 3.09646e-05 -1.39509e-05 -0.0172469 0.0849087 -2.48092e-06 -8.98515e-05 3.09646e-05 -2.48092e-06 0.0093595 -0.0172529 -1.39509e-05 -8.98515e-05 -0.0172529 0.0853722 
0.00941021 -0.0171788 3.76665e-05 -1.25668e-05 -0.0171788 0.0846456 -1.11229e-05 -7.11229e-05 3.76665e-05 -1.11229e-05 0.00933793 -0.0172261 -1.25668e-05 -7.11229e-05 -0.0172261 0.085199 
0.00938902 -0.0171265 2.92396e-05 -1.22133e-05 -0.0171265 0.0844042 -1.74558e-05 -6.51877e-05 2.92396e-05 -1.74558e-05 0.00931614 -0.0171973 -1.22133e-05 -6.51877e-05 -0.0171973 0.0850504 
0.00941112 -0.017132 4.27269e-05 -2.86964e-07 -0.017132 0.0844091 -7.56777e-06 -7.99042e-05 4.27269e-05 -7.56777e-06 0.00928961 -0.0171988 -2.86964e-07 -7.99042e-05 -0.0171988 0.0850816 
0.00941682 -0.0171458 4.47533e-05 -1.26895e-05 -0.0171458 0.0843806 -2.3271e-05 -7.1678e-05 4.47533e-05 -2.3271e-05 0.00926182 -0.0171436 -1.26895e-05 -7.1678e-05 -0.0171436 0.0849404 
0.00938879 -0.0171448 4.01527e-05 -1.86777e-05 -0.0171448 0.08433 -2.57814e-05 -5.41339e-05 4.01527e-05 -2.57814e-05 0.00924945 -0.0170869 -1.86777e-05 -5.41339e-05 -0.0170869 0.084723 
0.00938578 -0.0171522 3.4983e-05 -1.40185e-05 -0.0171522 0.084447 -1.40062e-05 -6.40756e-05 3.4983e-05 -1.40062e-05 0.00927017 -0.0171036 -1.40185e-05 -6.40756e-05 -0.0171036 0.0847707 
0.00938694 -0.0171566 6.50258e-06 -1.3341e-05 -0.0171566 0.0845331 -7.29732e-06 -7.40536e-05 6.50258e-06 -7.29732e-06 0.00929424 -0.0171395 -1.3341e-05 -7.40536e-05 -0.0171395 0.08489 
0.00937785 -0.0171287 -1.53288e-07 2.20738e-05 -0.0171287 0.0844351 2.80859e-05 -0.000131983 -1.53288e-07 2.80859e-05 0.00928727 -0.0171457 2.20738e-05 -0.000131983 -0.0171457 0.0848734 
0.00936848 -0.0171 8.35636e-06 3.07662e-05 -0.0171 0.0842972 3.30309e-05 -0.000170105 8.35636e-06 3.30309e-05 0.00926971 -0.0171276 3.07662e-05 -0.000170105 -0.0171276 0.0847979 
0.00935247 -0.017107 1.41967e-05 1.93913e-05 -0.017107 0.0843079 1.55793e-05 -0.000153076 1.41967e-05 1.55793e-05 0.00928478 -0.0171221 1.93913e-05 -0.000153076 -0.0171221 0.0848074 
0.00933826 -0.0170845 6.31203e-06 1.14579e-05 -0.0170845 0.0842683 3.66594e-06 -0.00012178 6.31203e-06 3.66594e-06 0.00928399 -0.0171341 1.14579e-05 -0.00012178 -0.0171341 0.0848134 
0.00934664 -0.0170926 8.83716e-06 1.78826e-05 -0.0170926 0.0843487 1.03668e-05 -0.00011419 8.83716e-06 1.03668e-05 0.0092895 -0.0171591 1.78826e-05 -0.00011419 -0.0171591 0.0849451 
0.00933908 -0.0170642 2.54634e-05 1.14461e-05 -0.0170642 0.0842111 1.11204e-05 -0.000109641 2.54634e-05 1.11204e-05 0.00926891 -0.0171221 1.14461e-05 -0.000109641 -0.0171221 0.0848042 
0.00973922 -0.0177688 4.62958e-05 -1.33691e-05 -0.0177688 0.0876596 -7.09699e-06 -7.52603e-05 4.62958e-05 -7.09699e-06 0.00964387 -0.0178114 -1.33691e-05 -7.52603e-05 -0.0178114 0.0882427 
0.00937056 -0.0170836 3.57142e-05 -3.44801e-05 -0.0170836 0.0842029 -2.77827e-05 -2.28373e-05 3.57142e-05 -2.77827e-05 0.0092442 -0.0170921 -3.44801e-05 -2.28373e-05 -0.0170921 0.0846875 
0.00937598 -0.0171369 2.67969e-05 -2.32708e-05 -0.0171369 0.0843974 -1.57791e-05 -2.16527e-05 2.67969e-05 -1.57791e-05 0.00927399 -0.0170999 -2.32708e-05 -2.16527e-05 -0.0170999 0.0847745 
0.00935532 -0.0171116 2.56465e-05 -1.08395e-05 -0.0171116 0.084336 -2.74272e-06 -4.9887e-05 2.56465e-05 -2.74272e-06 0.00928402 -0.017104 -1.08395e-05 -4.9887e-05 -0.017104 0.0847087 
0.00935566 -0.0170799 8.11681e-06 -8.49098e-06 -0.0170799 0.0842365 -2.14355e-06 -6.51752e-05 8.11681e-06 -2.14355e-06 0.00927743 -0.0171177 -8.49098e-06 -6.51752e-05 -0.0171177 0.0846992 
0.00976225 -0.0177995 5.04667e-06 1.30105e-05 -0.0177995 0.0877485 1.55858e-05 -9.91401e-05 5.04667e-06 1.55858e-05 0.00965543 -0.0178461 1.30105e-05 -9.91401e-05 -0.0178461 0.0883086 
0.00974673 -0.0178164 5.90097e-06 2.69513e-05 -0.0178164 0.0877637 2.67604e-05 -0.000145356 5.90097e-06 2.67604e-05 0.0096668 -0.0178303 2.69513e-05 -0.000145356 -0.0178303 0.0882968 
0.00935804 -0.0170969 8.56548e-06 2.57201e-05 -0.0170969 0.0842764 2.29416e-05 -0.000154717 8.56548e-06 2.29416e-05 0.00927293 -0.0171286 2.57201e-05 -0.000154717 -0.0171286 0.0847805 
0.00936145 -0.0170828 1.41332e-05 2.10825e-05 -0.0170828 0.084216 1.75254e-05 -0.000149188 1.41332e-05 1.75254e-05 0.0092519 -0.0171122 2.10825e-05 -0.000149188 -0.0171122 0.0847322 
0.00936489 -0.0171067 2.70252e-05 1.56369e-05 -0.0171067 0.0843038 1.06434e-05 -0.000137543 2.70252e-05 1.06434e-05 0.00925802 -0.0171131 1.56369e-05 -0.000137543 -0.0171131 0.0847967 
0.0093499 -0.0170948 2.61596e-05 2.07634e-07 -0.0170948 0.0842771 -2.51231e-06 -0.000113285 2.61596e-05 -2.51231e-06 0.00925552 -0.0171043 2.07634e-07 -0.000113285 -0.0171043 0.08476 
0.00972004 -0.0177403 1.89628e-05 -7.66689e-06 -0.0177403 0.0875032 -4.76106e-06 -9.02514e-05 1.89628e-05 -4.76106e-06 0.00960161 -0.0177572 -7.66689e-06 -9.02514e-05 -0.0177572 0.0880067 
0.00971582 -0.0177242 8.77107e-06 -6.76093e-07 -0.0177242 0.0873672 6.61366e-06 -9.3721e-05 8.77107e-06 6.61366e-06 0.00957637 -0.0177072 -6.76093e-07 -9.3721e-05 -0.0177072 0.0878063 
0.00971372 -0.0177114 2.98649e-05 1.10244e-05 -0.0177114 0.0872478 1.73673e-05 -0.00011322 2.98649e-05 1.73673e-05 0.00954428 -0.0176535 1.10244e-05 -0.00011322 -0.0176535 0.0875687 
0.00972784 -0.0177703 3.93906e-05 -7.57852e-06 -0.0177703 0.0874821 -7.32673e-06 -9.4744e-05 3.93906e-05 -7.32673e-06 0.00955536 -0.017668 -7.57852e-06 -9.4744e-05 -0.017668 0.0876705 
0.00970955 -0.0178038 3.04103e-05 -2.04795e-05 -0.0178038 0.0876798 -2.06709e-05 -5.96082e-05 3.04103e-05 -2.06709e-05 0.00958643 -0.0176834 -2.04795e-05 -5.96082e-05 -0.0176834 0.0877637 
0.00964322 -0.0177051 2.88122e-05 -1.62375e-05 -0.0177051 0.0873633 -1.29065e-05 -4.84977e-05 2.88122e-05 -1.29065e-05 0.00958803 -0.0176497 -1.62375e-05 -4.84977e-05 -0.0176497 0.0875095 
0.00962985 -0.0176491 2.32004e-05 -1.38732e-05 -0.0176491 0.0872286 -8.09679e-06 -5.57956e-05 2.32004e-05 -8.09679e-06 0.00960336 -0.0176914 -1.38732e-05 -5.57956e-05 -0.0176914 0.0875841 
0.00962857 -0.0176341 2.59761e-05 -6.95649e-06 -0.0176341 0.0871581 2.00179e-07 -7.08503e-05 2.59761e-05 2.00179e-07 0.00961944 -0.0177191 -6.95649e-06 -7.08503e-05 -0.0177191 0.087685 
0.00962858 -0.0176395 2.91417e-05 -6.57816e-06 -0.0176395 0.0871664 8.08671e-07 -8.39081e-05 2.91417e-05 8.08671e-07 0.00963452 -0.0177478 -6.57816e-06 -8.39081e-05 -0.0177478 0.0877951 
0.00963293 -0.0176383 2.76352e-05 -9.35164e-06 -0.0176383 0.0871675 -2.31403e-06 -8.59127e-05 2.76352e-05 -2.31403e-06 0.00962775 -0.0177638 -9.35164e-06 -8.59127e-05 -0.0177638 0.0878569 
0.00964188 -0.0176013 2.47778e-05 -2.58364e-06 -0.0176013 0.0869778 2.05084e-06 -0.000100007 2.47778e-05 2.05084e-06 0.00958148 -0.0177223 -2.58364e-06 -0.000100007 -0.0177223 0.0876934 
0.00967562 -0.0176721 2.63499e-05 2.80198e-07 -0.0176721 0.0871986 2.91963e-06 -0.000108894 2.63499e-05 2.91963e-06 0.00957698 -0.0177197 2.80198e-07 -0.000108894 -0.0177197 0.0878026 
0.00967237 -0.0176767 1.31078e-05 -1.2378e-06 -0.0176767 0.0871836 -7.54491e-07 -0.000107579 1.31078e-05 -7.54491e-07 0.00955084 -0.0176726 -1.2378e-06 -0.000107579 -0.0176726 0.0876405 
0.00965223 -0.0176579 -2.69675e-06 1.77517e-05 -0.0176579 0.0870911 1.79112e-05 -0.000137489 -2.69675e-06 1.79112e-05 0.00952723 -0.0176216 1.77517e-05 -0.000137489 -0.0176216 0.0874344 
0.00961103 -0.0175964 -7.888e-06 3.59396e-05 -0.0175964 0.0868133 3.95586e-05 -0.00018531 -7.888e-06 3.95586e-05 0.00949869 -0.0175418 3.59396e-05 -0.00018531 -0.0175418 0.0870671 
0.00956189 -0.0175613 7.12319e-06 4.33903e-05 -0.0175613 0.0866752 4.82788e-05 -0.000220411 7.12319e-06 4.82788e-05 0.00951083 -0.0175133 4.33903e-05 -0.000220411 -0.0175133 0.0868922 
0.00950355 -0.0174302 2.31539e-05 2.54683e-05 -0.0174302 0.0861582 3.03267e-05 -0.000205386 2.31539e-05 3.03267e-05 0.00947478 -0.0174487 2.54683e-05 -0.000205386 -0.0174487 0.0864529 
0.00950591 -0.0174164 1.86043e-05 3.95299e-06 -0.0174164 0.0860958 5.8795e-06 -0.000155073 1.86043e-05 5.8795e-06 0.00946699 -0.0174659 3.95299e-06 -0.000155073 -0.0174659 0.086484 
0.00947043 -0.0173728 -1.84419e-06 8.54283e-07 -0.0173728 0.085851 1.79406e-06 -0.000114933 -1.84419e-06 1.79406e-06 0.00945164 -0.017413 8.54283e-07 -0.000114933 -0.017413 0.0862569 
0.00946703 -0.0174014 -1.45344e-05 2.70744e-05 -0.0174014 0.0860216 2.82328e-05 -0.000145313 -1.45344e-05 2.82328e-05 0.00948582 -0.0174608 2.70744e-05 -0.000145313 -0.0174608 0.0864494 
0.00949692 -0.0174165 -1.32199e-05 4.99345e-05 -0.0174165 0.0861844 4.7986e-05 -0.00020282 -1.32199e-05 4.7986e-05 0.00948367 -0.0175199 4.99345e-05 -0.00020282 -0.0175199 0.0866883 
0.00953229 -0.0174214 1.13885e-06 4.72117e-05 -0.0174214 0.0861665 4.54256e-05 -0.000219459 1.13885e-06 4.54256e-05 0.00944245 -0.0174915 4.72117e-05 -0.000219459 -0.0174915 0.0866617 
0.0095617 -0.0175015 1.50742e-05 2.77202e-05 -0.0175015 0.0864151 2.75e-05 -0.000192725 1.50742e-05 2.75e-05 0.00944886 -0.0174753 2.77202e-05 -0.000192725 -0.0174753 0.0867416 
0.00956217 -0.0175069 2.81695e-05 5.73035e-06 -0.0175069 0.0864424 6.56445e-06 -0.000139051 2.81695e-05 6.56445e-06 0.00944408 -0.0174559 5.73035e-06 -0.000139051 -0.0174559 0.0866521 
0.00953781 -0.0175059 4.13368e-05 -9.81377e-06 -0.0175059 0.086426 -1.0046e-05 -9.03341e-05 4.13368e-05 -1.0046e-05 0.00945581 -0.0174349 -9.81377e-06 -9.03341e-05 -0.0174349 0.0865536 
0.00952169 -0.0175018 4.23437e-05 -2.53243e-05 -0.0175018 0.0864919 -2.65897e-05 -4.51307e-05 4.23437e-05 -2.65897e-05 0.00947936 -0.0174693 -2.53243e-05 -4.51307e-05 -0.0174693 0.0866422 
0.00948834 -0.0174226 2.97722e-05 -2.85191e-05 -0.0174226 0.0861957 -3.11807e-05 -1.66631e-05 2.97722e-05 -3.11807e-05 0.00945479 -0.0174399 -2.85191e-05 -1.66631e-05 -0.0174399 0.0864426 
0.00949514 -0.0173948 2.87104e-05 -1.11552e-05 -0.0173948 0.0860706 -1.23777e-05 -3.86799e-05 2.87104e-05 -1.23777e-05 0.00942691 -0.0174262 -1.11552e-05 -3.86799e-05 -0.0174262 0.0863848 
0.0094544 -0.0173448 3.98019e-05 -1.00759e-05 -0.0173448 0.085747 -9.86839e-06 -5.64874e-05 3.98019e-05 -9.86839e-06 0.00939522 -0.017336 -1.00759e-05 -5.64874e-05 -0.017336 0.0860226 
0.00942747 -0.0173194 3.79644e-05 -2.3557e-05 -0.0173194 0.0856495 -2.26098e-05 -4.08315e-05 3.79644e-05 -2.26098e-05 0.00939356 -0.0173218 -2.3557e-05 -4.08315e-05 -0.0173218 0.0859138 
0.00940173 -0.0172561 5.17767e-05 -2.58805e-05 -0.0172561 0.08541 -2.44055e-05 -2.31315e-05 5.17767e-05 -2.44055e-05 0.00937555 -0.0173001 -2.58805e-05 -2.31315e-05 -0.0173001 0.0857548 
0.00938681 -0.0172069 6.47471e-05 -4.67824e-05 -0.0172069 0.0851577 -4.73241e-05 2.31601e-05 6.47471e-05 -4.73241e-05 0.00933609 -0.0172578 -4.67824e-05 2.31601e-05 -0.0172578 0.0855521 
0.00935889 -0.0171679 6.15491e-05 -6.45254e-05 -0.0171679 0.0849172 -6.47581e-05 7.4987e-05 6.15491e-05 -6.47581e-05 0.00930609 -0.0171912 -6.45254e-05 7.4987e-05 -0.0171912 0.0852838 
0.00938073 -0.0171455 6.23256e-05 -6.01481e-05 -0.0171455 0.0848109 -5.92767e-05 9.00805e-05 6.23256e-05 -5.92767e-05 0.0092641 -0.0171606 -6.01481e-05 9.00805e-05 -0.0171606 0.0851363 
0.00940264 -0.0172111 4.06762e-05 -5.7991e-05 -0.0172111 0.0849684 -5.83948e-05 8.47855e-05 4.06762e-05 -5.83948e-05 0.0092593 -0.0171295 -5.7991e-05 8.47855e-05 -0.0171295 0.0851092 
0.0094366 -0.017308 1.86103e-05 -2.34095e-05 -0.017308 0.0854174 -2.8257e-05 2.68561e-05 1.86103e-05 -2.8257e-05 0.00930672 -0.0171819 -2.34095e-05 2.68561e-05 -0.0171819 0.0853803 
0.00942987 -0.017319 -3.90638e-06 1.06353e-05 -0.017319 0.0855302 3.4114e-06 -6.07614e-05 -3.90638e-06 3.4114e-06 0.00932824 -0.0172127 1.06353e-05 -6.07614e-05 -0.0172127 0.08546 
0.0094179 -0.0172884 3.46303e-06 3.61482e-05 -0.0172884 0.0854521 3.4286e-05 -0.000143438 3.46303e-06 3.4286e-05 0.00933013 -0.0172193 3.61482e-05 -0.000143438 -0.0172193 0.0854414 
0.00942019 -0.0172692 1.05982e-05 2.21694e-05 -0.0172692 0.0853773 2.62287e-05 -0.00015713 1.05982e-05 2.62287e-05 0.00932324 -0.0172233 2.21694e-05 -0.00015713 -0.0172233 0.0854392 
0.00940985 -0.0172798 7.05108e-06 7.9727e-06 -0.0172798 0.0853903 1.49007e-05 -0.000130438 7.05108e-06 1.49007e-05 0.00933442 -0.017225 7.9727e-06 -0.000130438 -0.017225 0.0854716 
0.0094366 -0.0172904 1.42619e-05 1.32489e-05 -0.0172904 0.0854937 1.57579e-05 -0.000120794 1.42619e-05 1.57579e-05 0.00933431 -0.01726 1.32489e-05 -0.000120794 -0.01726 0.0856107 
0.00946606 -0.017324 2.70194e-05 6.54499e-06 -0.017324 0.0856079 2.18297e-06 -0.000103313 2.70194e-05 2.18297e-06 0.00932893 -0.0172741 6.54499e-06 -0.000103313 -0.0172741 0.0857336 
0.00949805 -0.0173833 3.71135e-05 -1.1075e-05 -0.0173833 0.0858365 -2.22019e-05 -5.43977e-05 3.71135e-05 -2.22019e-05 0.00934136 -0.0172922 -1.1075e-05 -5.43977e-05 -0.0172922 0.0858992 
0.00950771 -0.0174291 5.41988e-05 -2.52491e-05 -0.0174291 0.086026 -3.40317e-05 -1.04549e-05 5.41988e-05 -3.40317e-05 0.00936174 -0.0173032 -2.52491e-05 -1.04549e-05 -0.0173032 0.0859889 
0.00947485 -0.0174031 7.4452e-05 -4.73784e-05 -0.0174031 0.0859389 -4.86105e-05 3.14041e-05 7.4452e-05 -4.86105e-05 0.00937079 -0.0172848 -4.73784e-05 3.14041e-05 -0.0172848 0.0858671 
0.00944164 -0.0173325 7.1381e-05 -7.24558e-05 -0.0173325 0.0856986 -6.94574e-05 8.13646e-05 7.1381e-05 -6.94574e-05 0.00936715 -0.0172792 -7.24558e-05 8.13646e-05 -0.0172792 0.0857363 
0.00943337 -0.017317 3.32924e-05 -6.62417e-05 -0.017317 0.0856487 -6.37314e-05 9.05194e-05 3.32924e-05 -6.37314e-05 0.00937602 -0.0173018 -6.62417e-05 9.05194e-05 -0.0173018 0.0858041 
0.00938057 -0.0172483 -2.17343e-06 -1.64386e-05 -0.0172483 0.0853261 -1.45506e-05 9.00598e-06 -2.17343e-06 -1.45506e-05 0.00936581 -0.0172562 -1.64386e-05 9.00598e-06 -0.0172562 0.0855674 
0.00938538 -0.0172112 -1.48774e-05 2.98812e-05 -0.0172112 0.085212 3.27207e-05 -0.000109538 -1.48774e-05 3.27207e-05 0.00934212 -0.0172643 2.98812e-05 -0.000109538 -0.0172643 0.0855449 
0.00940312 -0.0172212 1.17789e-05 4.38004e-05 -0.0172212 0.0851866 4.68198e-05 -0.00017898 1.17789e-05 4.68198e-05 0.00931532 -0.0172375 4.38004e-05 -0.00017898 -0.0172375 0.0855032 
0.00945336 -0.0172899 2.61802e-05 8.23581e-06 -0.0172899 0.0854346 1.06567e-05 -0.000141526 2.61802e-05 1.06567e-05 0.00930656 -0.0172386 8.23581e-06 -0.000141526 -0.0172386 0.0856063 
0.00948195 -0.0173441 2.9026e-05 -1.21414e-05 -0.0173441 0.085608 -1.0985e-05 -7.69578e-05 2.9026e-05 -1.0985e-05 0.00929778 -0.0172211 -1.21414e-05 -7.69578e-05 -0.0172211 0.0856047 
0.00947061 -0.0173835 1.73664e-05 -1.77632e-05 -0.0173835 0.0857568 -1.73306e-05 -3.84058e-05 1.73664e-05 -1.73306e-05 0.00932303 -0.0172124 -1.77632e-05 -3.84058e-05 -0.0172124 0.0856016 
0.00945101 -0.0173438 1.36271e-05 -3.84737e-06 -0.0173438 0.0856775 -7.122e-06 -4.0547e-05 1.36271e-05 -7.122e-06 0.00933109 -0.0172235 -3.84737e-06 -4.0547e-05 -0.0172235 0.0855483 
0.00941304 -0.0172713 1.18601e-05 5.30873e-06 -0.0172713 0.0853614 -1.82861e-06 -5.99189e-05 1.18601e-05 -1.82861e-06 0.00931717 -0.0171921 5.30873e-06 -5.99189e-05 -0.0171921 0.0853382 
0.00942384 -0.0172689 1.09854e-05 1.10331e-05 -0.0172689 0.0853673 3.84414e-06 -8.05778e-05 1.09854e-05 3.84414e-06 0.00931901 -0.0172233 1.10331e-05 -8.05778e-05 -0.0172233 0.0854454 
0.00943868 -0.0172818 1.29702e-05 1.04682e-05 -0.0172818 0.0853973 5.37949e-06 -8.69604e-05 1.29702e-05 5.37949e-06 0.0093142 -0.017232 1.04682e-05 -8.69604e-05 -0.017232 0.0855187 
0.00943143 -0.0172744 2.91348e-05 4.34264e-06 -0.0172744 0.0853095 2.58545e-06 -7.84928e-05 2.91348e-05 2.58545e-06 0.00931083 -0.0171957 4.34264e-06 -7.84928e-05 -0.0171957 0.085389 
0.00946299 -0.0173418 4.08633e-05 -1.42925e-05 -0.0173418 0.0856209 -1.38509e-05 -5.06261e-05 4.08633e-05 -1.38509e-05 0.00934428 -0.0172581 -1.42925e-05 -5.06261e-05 -0.0172581 0.0856603 
0.00948292 -0.0174051 3.31894e-05 -3.12552e-05 -0.0174051 0.0859435 -3.06928e-05 -7.27705e-06 3.31894e-05 -3.06928e-05 0.00938984 -0.0173277 -3.12552e-05 -7.27705e-06 -0.0173277 0.0859868 
0.0095266 -0.0174093 2.7628e-05 -2.61281e-05 -0.0174093 0.0860423 -2.32642e-05 5.91027e-06 2.7628e-05 -2.32642e-05 0.00938285 -0.0173759 -2.61281e-05 5.91027e-06 -0.0173759 0.0861718 
0.009521 -0.0174387 2.26875e-05 -1.99169e-05 -0.0174387 0.0860535 -1.77202e-05 2.65643e-07 2.26875e-05 -1.77202e-05 0.00939427 -0.017349 -1.99169e-05 2.65643e-07 -0.017349 0.0861499 
0.0095071 -0.0174623 2.04249e-06 -1.13458e-05 -0.0174623 0.0861953 -1.59748e-05 -8.46311e-06 2.04249e-06 -1.59748e-05 0.00943667 -0.0173845 -1.13458e-05 -8.46311e-06 -0.0173845 0.086271 
0.00949691 -0.0174665 3.08148e-06 1.66404e-05 -0.0174665 0.0863469 5.84143e-06 -5.02035e-05 3.08148e-06 5.84143e-06 0.00948582 -0.0174719 1.66404e-05 -5.02035e-05 -0.0174719 0.0865736 
0.00948124 -0.0174428 3.7124e-06 1.82503e-05 -0.0174428 0.0863408 8.67197e-06 -7.96451e-05 3.7124e-06 8.67197e-06 0.00951144 -0.0175222 1.82503e-05 -7.96451e-05 -0.0175222 0.0867609 
0.00947556 -0.0173934 6.27428e-06 1.53903e-05 -0.0173934 0.0861832 9.99478e-06 -8.65159e-05 6.27428e-06 9.99478e-06 0.00949977 -0.0175363 1.53903e-05 -8.65159e-05 -0.0175363 0.0867979 
0.00946452 -0.0173738 5.5685e-06 6.35622e-06 -0.0173738 0.0860559 4.29081e-06 -7.19551e-05 5.5685e-06 4.29081e-06 0.00948389 -0.0175184 6.35622e-06 -7.19551e-05 -0.0175184 0.0867662 
0.00944527 -0.0173264 6.47402e-06 6.51494e-06 -0.0173264 0.0858134 7.68559e-06 -6.79875e-05 6.47402e-06 7.68559e-06 0.00945429 -0.017456 6.51494e-06 -6.79875e-05 -0.017456 0.0865156 
0.00942977 -0.0172918 7.29535e-06 5.96104e-06 -0.0172918 0.0856107 9.54174e-06 -7.06282e-05 7.29535e-06 9.54174e-06 0.00942672 -0.0174033 5.96104e-06 -7.06282e-05 -0.0174033 0.08627 
0.00943056 -0.0172877 1.0976e-05 5.8165e-06 -0.0172877 0.0855552 7.13933e-06 -7.00074e-05 1.0976e-05 7.13933e-06 0.00940849 -0.0173764 5.8165e-06 -7.00074e-05 -0.0173764 0.0861499 
