0.00702451 0 -9.62655e-05 0 0 0.00991902 0 0 -9.62655e-05 0 0.00697616 0 0 0 0 0.00991902 
0.00959203 -0.0119064 -9.55138e-05 0.000115418 -0.0119064 0.0316031 0.000115418 -0.000221531 -9.55138e-05 0.000115418 0.00953203 -0.011831 0.000115418 -0.000221531 -0.011831 0.031459 
0.00990595 -0.018444 -4.40623e-05 4.95115e-05 -0.018444 0.0679772 4.95115e-05 -0.000133174 -4.40623e-05 4.95115e-05 0.00983521 -0.0183423 4.95115e-05 -0.000133174 -0.0183423 0.0676487 
0.00936466 -0.0181098 -2.69797e-05 -0.000105356 -0.0181098 0.081189 -0.000106286 0.000616331 -2.69797e-05 -0.000106286 0.00933482 -0.0180331 -0.000105356 0.000616331 -0.0180331 0.0809624 
0.00902978 -0.0168644 -4.90808e-05 -0.000106558 -0.0168644 0.081383 -0.000113245 0.000943238 -4.90808e-05 -0.000113245 0.00899295 -0.0168434 -0.000106558 0.000943238 -0.0168434 0.0813476 
0.00971815 -0.0178875 -7.97086e-05 -3.9705e-05 -0.0178875 0.0877705 -4.81723e-05 0.000813126 -7.97086e-05 -4.81723e-05 0.00971107 -0.0178564 -3.9705e-05 0.000813126 -0.0178564 0.087783 
0.00946336 -0.0172926 -8.11368e-05 1.75203e-05 -0.0172926 0.0851752 1.58629e-05 0.000478554 -8.11368e-05 1.58629e-05 0.00941662 -0.0172957 1.75203e-05 0.000478554 -0.0172957 0.0852197 
0.010114 -0.0184736 -8.36943e-05 2.74664e-05 -0.0184736 0.090983 3.61151e-05 0.000309882 -8.36943e-05 3.61151e-05 0.0100398 -0.0184272 2.74664e-05 0.000309882 -0.0184272 0.0909715 
0.00987706 -0.0180437 -8.34857e-05 1.94249e-05 -0.0180437 0.088872 2.50119e-05 0.000245775 -8.34857e-05 2.50119e-05 0.00981355 -0.0179641 1.94249e-05 0.000245775 -0.0179641 0.0887602 
0.00970828 -0.0177649 -7.91764e-05 1.79413e-05 -0.0177649 0.0874817 1.27307e-05 0.000247601 -7.91764e-05 1.27307e-05 0.00967656 -0.0176873 1.79413e-05 0.000247601 -0.0176873 0.0873226 
0.00962844 -0.0175995 -6.75774e-05 1.86827e-05 -0.0175995 0.0867106 6.66105e-06 0.000254625 -6.75774e-05 6.66105e-06 0.00958207 -0.0175665 1.86827e-05 0.000254625 -0.0175665 0.0866159 
0.00955935 -0.0175326 -7.06071e-05 4.37133e-06 -0.0175326 0.0863377 -6.01998e-06 0.000279373 -7.06071e-05 -6.01998e-06 0.00955513 -0.0174809 4.37133e-06 0.000279373 -0.0174809 0.0862463 
0.00950074 -0.0174269 -6.02743e-05 4.4729e-06 -0.0174269 0.0859308 1.64238e-07 0.000286767 -6.02743e-05 1.64238e-07 0.0095337 -0.017431 4.4729e-06 0.000286767 -0.017431 0.0859222 
0.00947755 -0.0173803 -5.99472e-05 -7.27158e-06 -0.0173803 0.0857538 -5.46538e-06 0.000294498 -5.99472e-05 -5.46538e-06 0.00952886 -0.017438 -7.27158e-06 0.000294498 -0.017438 0.0858873 
0.0094756 -0.0173987 -3.70916e-05 -9.57617e-06 -0.0173987 0.0858543 -3.24223e-06 0.000299488 -3.70916e-05 -3.24223e-06 0.00956142 -0.0174786 -9.57617e-06 0.000299488 -0.0174786 0.0860831 
0.00948615 -0.0174 -4.59194e-05 -3.27203e-05 -0.0174 0.0859251 -2.44581e-05 0.00032527 -4.59194e-05 -2.44581e-05 0.00957633 -0.0175289 -3.27203e-05 0.00032527 -0.0175289 0.0862695 
0.00952595 -0.0174378 -4.58053e-05 -3.08251e-05 -0.0174378 0.0861088 -2.23663e-05 0.000347387 -4.58053e-05 -2.23663e-05 0.00958002 -0.0175822 -3.08251e-05 0.000347387 -0.0175822 0.0865453 
0.00960047 -0.0175083 -5.74848e-05 -2.96429e-05 -0.0175083 0.0863797 -2.2008e-05 0.00035006 -5.74848e-05 -2.2008e-05 0.00955676 -0.0176094 -2.96429e-05 0.00035006 -0.0176094 0.086786 
0.00963204 -0.0175713 -4.09738e-05 -1.46684e-05 -0.0175713 0.0865177 -9.19162e-06 0.000330391 -4.09738e-05 -9.19162e-06 0.00953729 -0.0175579 -1.46684e-05 0.000330391 -0.0175579 0.0867301 
0.0096561 -0.0175873 -3.08545e-05 -3.15217e-05 -0.0175873 0.0865224 -2.77756e-05 0.000343371 -3.08545e-05 -2.77756e-05 0.00950237 -0.0174991 -3.15217e-05 0.000343371 -0.0174991 0.086508 
0.00962513 -0.0175643 -1.86277e-05 -4.31629e-05 -0.0175643 0.0863036 -3.90699e-05 0.000370356 -1.86277e-05 -3.90699e-05 0.00947712 -0.0174031 -4.31629e-05 0.000370356 -0.0174031 0.0860891 
0.00958239 -0.0175265 -2.64889e-05 -6.25197e-05 -0.0175265 0.086131 -5.37808e-05 0.000408502 -2.64889e-05 -5.37808e-05 0.00948168 -0.0173661 -6.25197e-05 0.000408502 -0.0173661 0.0858291 
0.00955531 -0.0174937 -3.49554e-05 -5.84084e-05 -0.0174937 0.0860513 -4.76253e-05 0.00042448 -3.49554e-05 -4.76253e-05 0.00949834 -0.0173912 -5.84084e-05 0.00042448 -0.0173912 0.0858193 
0.00954744 -0.017468 -3.57811e-05 -4.53176e-05 -0.017468 0.0860075 -3.86664e-05 0.000409572 -3.57811e-05 -3.86664e-05 0.00950774 -0.0174353 -4.53176e-05 0.000409572 -0.0174353 0.0859465 
0.00958721 -0.0175321 -3.58988e-05 -3.72845e-05 -0.0175321 0.0863339 -3.68905e-05 0.000391048 -3.58988e-05 -3.68905e-05 0.00954586 -0.0175204 -3.72845e-05 0.000391048 -0.0175204 0.0863787 
0.00962372 -0.0175817 -3.90411e-05 -3.34262e-05 -0.0175817 0.0865767 -3.86689e-05 0.000381596 -3.90411e-05 -3.86689e-05 0.00957059 -0.0175751 -3.34262e-05 0.000381596 -0.0175751 0.0866752 
0.00966145 -0.0176405 -4.45273e-05 -2.78276e-05 -0.0176405 0.0868252 -3.53811e-05 0.000371239 -4.45273e-05 -3.53811e-05 0.00959086 -0.0176132 -2.78276e-05 0.000371239 -0.0176132 0.086902 
0.00967519 -0.017705 -5.58242e-05 -2.21198e-05 -0.017705 0.0870946 -2.85979e-05 0.000358106 -5.58242e-05 -2.85979e-05 0.00961982 -0.0176444 -2.21198e-05 0.000358106 -0.0176444 0.0870892 
0.00968751 -0.0177736 -3.96697e-05 -1.39325e-05 -0.0177736 0.0874893 -2.03229e-05 0.000347792 -3.96697e-05 -2.03229e-05 0.00967636 -0.0177201 -1.39325e-05 0.000347792 -0.0177201 0.0874419 
0.0096629 -0.0177064 -2.26259e-05 -3.14214e-05 -0.0177064 0.0872745 -3.88879e-05 0.000367218 -2.26259e-05 -3.88879e-05 0.00966745 -0.0176933 -3.14214e-05 0.000367218 -0.0176933 0.0872592 
0.00966726 -0.0177096 -1.06204e-05 -5.47876e-05 -0.0177096 0.0872986 -6.51898e-05 0.000424807 -1.06204e-05 -6.51898e-05 0.00966741 -0.0177155 -5.47876e-05 0.000424807 -0.0177155 0.0873286 
0.00963346 -0.0176384 -2.55976e-05 -6.74461e-05 -0.0176384 0.0869625 -7.67087e-05 0.000465246 -2.55976e-05 -7.67087e-05 0.00964401 -0.01765 -6.74461e-05 0.000465246 -0.01765 0.0870263 
0.00964048 -0.0176059 -5.3925e-05 -5.0477e-05 -0.0176059 0.086803 -5.81304e-05 0.00045453 -5.3925e-05 -5.81304e-05 0.00962125 -0.0176417 -5.0477e-05 0.00045453 -0.0176417 0.0869274 
0.00961504 -0.0175883 -6.46294e-05 -1.78677e-05 -0.0175883 0.0866146 -2.43339e-05 0.000393897 -6.46294e-05 -2.43339e-05 0.00960359 -0.017589 -1.78677e-05 0.000393897 -0.017589 0.0867152 
0.00958266 -0.017548 -7.88472e-05 -1.24245e-06 -0.017548 0.0864232 -5.80352e-06 0.000332981 -7.88472e-05 -5.80352e-06 0.00959199 -0.0175473 -1.24245e-06 0.000332981 -0.0175473 0.0864886 
0.00955887 -0.0175209 -7.91714e-05 1.29486e-05 -0.0175209 0.0863293 1.18223e-05 0.000288208 -7.91714e-05 1.18223e-05 0.00959059 -0.0175483 1.29486e-05 0.000288208 -0.0175483 0.0864351 
0.00955443 -0.0175183 -4.59103e-05 1.22081e-05 -0.0175183 0.0863606 1.2977e-05 0.000269686 -4.59103e-05 1.2977e-05 0.00958296 -0.0175662 1.22081e-05 0.000269686 -0.0175662 0.0865117 
0.00955858 -0.0175127 -3.71894e-05 -2.27895e-05 -0.0175127 0.086365 -2.32569e-05 0.000313173 -3.71894e-05 -2.32569e-05 0.00956879 -0.0175562 -2.27895e-05 0.000313173 -0.0175562 0.0865254 
0.00956469 -0.0174962 -4.25152e-05 -3.52436e-05 -0.0174962 0.0862776 -3.70615e-05 0.000360979 -4.25152e-05 -3.70615e-05 0.00953971 -0.0175185 -3.52436e-05 0.000360979 -0.0175185 0.0864028 
0.00954872 -0.0174958 -2.73633e-05 -2.79623e-05 -0.0174958 0.0862159 -3.34415e-05 0.000369471 -2.73633e-05 -3.34415e-05 0.00953216 -0.0174745 -2.79623e-05 0.000369471 -0.0174745 0.0862541 
0.00955945 -0.0175242 -2.16136e-05 -3.81874e-05 -0.0175242 0.0863887 -4.91199e-05 0.000379868 -2.16136e-05 -4.91199e-05 0.00954359 -0.0175046 -3.81874e-05 0.000379868 -0.0175046 0.0863765 
0.00956447 -0.0175226 -3.28289e-05 -4.47228e-05 -0.0175226 0.0864053 -5.8161e-05 0.000399826 -3.28289e-05 -5.8161e-05 0.00952872 -0.0174974 -4.47228e-05 0.000399826 -0.0174974 0.0863633 
0.00956944 -0.0174944 -4.64331e-05 -3.33388e-05 -0.0174944 0.0862503 -4.45249e-05 0.000387272 -4.64331e-05 -4.45249e-05 0.00949861 -0.0174405 -3.33388e-05 0.000387272 -0.0174405 0.0861403 
0.00958921 -0.017538 -6.64126e-05 -1.57582e-05 -0.017538 0.0863688 -2.33867e-05 0.00034547 -6.64126e-05 -2.33867e-05 0.00949953 -0.017431 -1.57582e-05 0.00034547 -0.017431 0.0861277 
0.00961405 -0.0176052 -8.39906e-05 8.53931e-06 -0.0176052 0.0866568 5.11298e-06 0.000284508 -8.39906e-05 5.11298e-06 0.00952263 -0.0174614 8.53931e-06 0.000284508 -0.0174614 0.0862815 
0.00958803 -0.0176044 -8.78203e-05 2.91435e-05 -0.0176044 0.0866765 2.9262e-05 0.000222121 -8.78203e-05 2.9262e-05 0.00954926 -0.0174571 2.91435e-05 0.000222121 -0.0174571 0.0862398 
0.00955871 -0.0175549 -8.81449e-05 3.23753e-05 -0.0175549 0.0865411 3.46584e-05 0.000189744 -8.81449e-05 3.46584e-05 0.00954717 -0.0174687 3.23753e-05 0.000189744 -0.0174687 0.0861716 
0.0095149 -0.0174803 -9.15032e-05 3.17875e-05 -0.0174803 0.0862385 3.28211e-05 0.000183178 -9.15032e-05 3.28211e-05 0.0095329 -0.0174403 3.17875e-05 0.000183178 -0.0174403 0.0859989 
0.00948473 -0.0174365 -8.84599e-05 3.53492e-05 -0.0174365 0.0860777 3.24381e-05 0.000183583 -8.84599e-05 3.24381e-05 0.00953228 -0.0174407 3.53492e-05 0.000183583 -0.0174407 0.0859697 
0.00942465 -0.0173491 -7.25481e-05 3.36063e-05 -0.0173491 0.0856945 2.60108e-05 0.000188904 -7.25481e-05 2.60108e-05 0.00951325 -0.0173832 3.36063e-05 0.000188904 -0.0173832 0.0856795 
0.00935299 -0.0171842 -7.63986e-05 2.05072e-05 -0.0171842 0.0849486 1.14761e-05 0.000205072 -7.63986e-05 1.14761e-05 0.00944643 -0.0172598 2.05072e-05 0.000205072 -0.0172598 0.0850252 
0.00933905 -0.0170966 -5.34354e-05 1.89979e-05 -0.0170966 0.0844909 1.56136e-05 0.000215982 -5.34354e-05 1.56136e-05 0.00936811 -0.0171952 1.89979e-05 0.000215982 -0.0171952 0.0846599 
0.0101152 -0.0185842 -4.49028e-05 -1.18412e-05 -0.0185842 0.0916777 -7.70849e-06 0.00027623 -4.49028e-05 -7.70849e-06 0.0101617 -0.0186091 -1.18412e-05 0.00027623 -0.0186091 0.091775 
0.0101021 -0.018561 -4.66255e-05 -2.7776e-05 -0.018561 0.09163 -2.47998e-05 0.000323656 -4.66255e-05 -2.47998e-05 0.0101446 -0.0185954 -2.7776e-05 0.000323656 -0.0185954 0.0916737 
0.00931707 -0.0171243 -2.6557e-05 -2.18256e-05 -0.0171243 0.0845689 -2.25944e-05 0.000310383 -2.6557e-05 -2.25944e-05 0.00934649 -0.0171634 -2.18256e-05 0.000310383 -0.0171634 0.08463 
0.00928097 -0.0170973 -2.89744e-05 -3.82991e-05 -0.0170973 0.0844566 -4.23824e-05 0.000335723 -2.89744e-05 -4.23824e-05 0.00934949 -0.0171177 -3.82991e-05 0.000335723 -0.0171177 0.0844894 
0.00929611 -0.0170835 -3.3639e-05 -3.59058e-05 -0.0170835 0.0844861 -4.24805e-05 0.000350218 -3.3639e-05 -4.24805e-05 0.0093402 -0.0171437 -3.59058e-05 0.000350218 -0.0171437 0.0845497 
0.0093107 -0.0171009 -1.46269e-05 -2.78127e-05 -0.0171009 0.0845339 -3.66737e-05 0.000340312 -1.46269e-05 -3.66737e-05 0.009338 -0.0171399 -2.78127e-05 0.000340312 -0.0171399 0.084598 
0.00928836 -0.0170884 -4.83765e-06 -4.64412e-05 -0.0170884 0.0844456 -5.22997e-05 0.000351397 -4.83765e-06 -5.22997e-05 0.00933994 -0.01711 -4.64412e-05 0.000351397 -0.01711 0.0844772 
0.0100822 -0.0185197 -1.09563e-05 -6.80106e-05 -0.0185197 0.0915773 -7.1575e-05 0.000419001 -1.09563e-05 -7.1575e-05 0.0101344 -0.0185758 -6.80106e-05 0.000419001 -0.0185758 0.0916479 
0.00931183 -0.0171068 -2.3149e-05 -5.53067e-05 -0.0171068 0.0845569 -5.74641e-05 0.000387228 -2.3149e-05 -5.74641e-05 0.00935669 -0.01716 -5.53067e-05 0.000387228 -0.01716 0.0846554 
0.00934848 -0.0171868 -2.55981e-05 -3.46641e-05 -0.0171868 0.0849313 -3.90773e-05 0.000350453 -2.55981e-05 -3.90773e-05 0.00938553 -0.0172239 -3.46641e-05 0.000350453 -0.0172239 0.0849994 
0.00936517 -0.0172031 -3.59535e-05 -2.61279e-05 -0.0172031 0.0850211 -2.61515e-05 0.00030635 -3.59535e-05 -2.61515e-05 0.00938876 -0.0172161 -2.61279e-05 0.00030635 -0.0172161 0.0850147 
0.00935598 -0.0172126 -6.04057e-05 -1.95789e-05 -0.0172126 0.0850386 -1.30091e-05 0.000276091 -6.04057e-05 -1.30091e-05 0.00939056 -0.0172061 -1.95789e-05 0.000276091 -0.0172061 0.0849648 
0.00934756 -0.0172261 -8.16955e-05 1.4159e-05 -0.0172261 0.0851559 1.98261e-05 0.00020787 -8.16955e-05 1.98261e-05 0.00941822 -0.0172364 1.4159e-05 0.00020787 -0.0172364 0.0850849 
0.00936111 -0.0172046 -7.89263e-05 3.94964e-05 -0.0172046 0.0851535 4.26819e-05 0.000140729 -7.89263e-05 4.26819e-05 0.00940821 -0.0172753 3.94964e-05 0.000140729 -0.0172753 0.0852072 
0.00935125 -0.0171415 -8.07307e-05 3.8477e-05 -0.0171415 0.0847947 3.79449e-05 0.00011626 -8.07307e-05 3.79449e-05 0.00935061 -0.0171938 3.8477e-05 0.00011626 -0.0171938 0.0848956 
0.00934409 -0.0171031 -6.94411e-05 3.99751e-05 -0.0171031 0.0844901 3.64598e-05 0.000115089 -6.94411e-05 3.64598e-05 0.00929374 -0.0170961 3.99751e-05 0.000115089 -0.0170961 0.0845045 
0.0101344 -0.0185902 -5.71481e-05 3.02499e-05 -0.0185902 0.0917159 2.62125e-05 0.0001441 -5.71481e-05 2.62125e-05 0.0100873 -0.0185131 3.02499e-05 0.0001441 -0.0185131 0.0915735 
0.0101208 -0.0185219 -5.62657e-05 2.9161e-06 -0.0185219 0.0914065 3.80844e-06 0.00019562 -5.62657e-05 3.80844e-06 0.010028 -0.0184534 2.9161e-06 0.00019562 -0.0184534 0.0912105 
0.0100997 -0.0185571 -6.30079e-05 -1.74702e-06 -0.0185571 0.0914782 -3.78313e-07 0.000229983 -6.30079e-05 -3.78313e-07 0.0100325 -0.0184286 -1.74702e-06 0.000229983 -0.0184286 0.0911775 
0.0100709 -0.0185535 -7.13252e-05 6.38676e-06 -0.0185535 0.0915651 9.44956e-06 0.000226424 -7.13252e-05 9.44956e-06 0.0100651 -0.0184449 6.38676e-06 0.000226424 -0.0184449 0.0912255 
0.0100307 -0.0184968 -6.5716e-05 1.72688e-05 -0.0184968 0.091445 1.96589e-05 0.000204228 -6.5716e-05 1.96589e-05 0.0101001 -0.0184696 1.72688e-05 0.000204228 -0.0184696 0.0912347 
0.0099956 -0.0184524 -4.32893e-05 1.20324e-05 -0.0184524 0.0913448 1.21522e-05 0.000203487 -4.32893e-05 1.21522e-05 0.0101491 -0.0185251 1.20324e-05 0.000203487 -0.0185251 0.0913631 
0.0100113 -0.0184658 -2.60893e-05 -1.16689e-05 -0.0184658 0.0915166 -1.44511e-05 0.00024144 -2.60893e-05 -1.44511e-05 0.0101927 -0.0186434 -1.16689e-05 0.00024144 -0.0186434 0.0917957 
0.00924674 -0.0170498 -3.35061e-05 -3.22883e-05 -0.0170498 0.0845031 -3.53254e-05 0.000276755 -3.35061e-05 -3.53254e-05 0.00942075 -0.0172343 -3.22883e-05 0.000276755 -0.0172343 0.0848811 
0.00930279 -0.0171247 -3.929e-05 -2.63613e-05 -0.0171247 0.0848735 -2.74241e-05 0.000295988 -3.929e-05 -2.74241e-05 0.00945307 -0.0173171 -2.63613e-05 0.000295988 -0.0173171 0.0852962 
0.00935885 -0.0171912 -2.9879e-05 -1.53743e-05 -0.0171912 0.0851538 -1.68191e-05 0.000277007 -2.9879e-05 -1.68191e-05 0.00945915 -0.0173601 -1.53743e-05 0.000277007 -0.0173601 0.0855585 
0.00936516 -0.0172158 -1.5464e-05 -2.86147e-05 -0.0172158 0.0851793 -3.18261e-05 0.000292542 -1.5464e-05 -3.18261e-05 0.0094572 -0.0173247 -2.86147e-05 0.000292542 -0.0173247 0.0854772 
0.00934905 -0.0172216 -2.02617e-05 -4.95762e-05 -0.0172216 0.0851809 -5.15832e-05 0.000338475 -2.02617e-05 -5.15832e-05 0.00946901 -0.0173056 -4.95762e-05 0.000338475 -0.0173056 0.0853717 
0.00933083 -0.0171596 -2.27511e-05 -4.95845e-05 -0.0171596 0.0849295 -4.74769e-05 0.000360993 -2.27511e-05 -4.74769e-05 0.00943631 -0.0172702 -4.95845e-05 0.000360993 -0.0172702 0.0851156 
0.00933974 -0.0171169 -3.67315e-05 -4.53725e-05 -0.0171169 0.0846851 -3.89327e-05 0.000352898 -3.67315e-05 -3.89327e-05 0.00939085 -0.0172218 -4.53725e-05 0.000352898 -0.0172218 0.0848851 
0.00935307 -0.017153 -4.65105e-05 -2.67045e-05 -0.017153 0.084719 -1.92339e-05 0.000318944 -4.65105e-05 -1.92339e-05 0.00937838 -0.0171967 -2.67045e-05 0.000318944 -0.0171967 0.0848322 
0.00932527 -0.0171975 -4.70877e-05 -1.17894e-05 -0.0171975 0.0848954 -8.22099e-06 0.000281462 -4.70877e-05 -8.22099e-06 0.00942934 -0.0172074 -1.17894e-05 0.000281462 -0.0172074 0.084905 
0.00931147 -0.0171393 -3.42228e-05 -8.27735e-06 -0.0171393 0.0848005 -8.06204e-06 0.0002618 -3.42228e-05 -8.06204e-06 0.00943481 -0.0172515 -8.27735e-06 0.0002618 -0.0172515 0.0849387 
0.00932171 -0.0171435 -2.1444e-05 -2.47904e-05 -0.0171435 0.084844 -2.39286e-05 0.000281761 -2.1444e-05 -2.39286e-05 0.00944624 -0.017301 -2.47904e-05 0.000281761 -0.017301 0.0851617 
0.00932943 -0.0171745 -1.26868e-05 -4.50309e-05 -0.0171745 0.0849817 -4.24994e-05 0.000329229 -1.26868e-05 -4.24994e-05 0.00945604 -0.0173327 -4.50309e-05 0.000329229 -0.0173327 0.0853681 
0.00930984 -0.0171286 -2.90407e-05 -5.43112e-05 -0.0171286 0.0847895 -5.24321e-05 0.000361295 -2.90407e-05 -5.24321e-05 0.00942788 -0.0172829 -5.43112e-05 0.000361295 -0.0172829 0.0851794 
0.00928687 -0.0170822 -4.94751e-05 -3.53329e-05 -0.0170822 0.0845575 -3.1844e-05 0.000342117 -4.94751e-05 -3.1844e-05 0.00939441 -0.0172252 -3.53329e-05 0.000342117 -0.0172252 0.0849296 
0.00927754 -0.0170713 -4.99984e-05 -5.88342e-06 -0.0170713 0.0844898 -2.44558e-06 0.000277203 -4.99984e-05 -2.44558e-06 0.00938067 -0.0171939 -5.88342e-06 0.000277203 -0.0171939 0.0848114 
0.009263 -0.0170306 -5.93551e-05 3.66562e-06 -0.0170306 0.0842896 4.74697e-06 0.000225154 -5.93551e-05 4.74697e-06 0.00934829 -0.0171403 3.66562e-06 0.000225154 -0.0171403 0.084557 
0.00927454 -0.0170412 -8.73797e-05 1.56906e-05 -0.0170412 0.0843024 1.51365e-05 0.000189651 -8.73797e-05 1.51365e-05 0.00933892 -0.017121 1.56906e-05 0.000189651 -0.017121 0.0844923 
0.00930917 -0.017054 -8.83488e-05 4.61873e-05 -0.017054 0.0843211 4.346e-05 0.000135536 -8.83488e-05 4.346e-05 0.00930583 -0.0171078 4.61873e-05 0.000135536 -0.0171078 0.0844356 
0.00933847 -0.0171203 -7.58851e-05 5.16093e-05 -0.0171203 0.0845037 4.50091e-05 0.000101187 -7.58851e-05 4.50091e-05 0.00929368 -0.0170848 5.16093e-05 0.000101187 -0.0170848 0.0844383 
0.009372 -0.0171756 -6.56841e-05 3.68259e-05 -0.0171756 0.0847253 3.13118e-05 0.000112466 -6.56841e-05 3.13118e-05 0.00928701 -0.0170757 3.68259e-05 0.000112466 -0.0170757 0.0844543 
0.0093563 -0.0171926 -6.6487e-05 2.34394e-05 -0.0171926 0.0847664 2.17822e-05 0.000137191 -6.6487e-05 2.17822e-05 0.0093121 -0.0170489 2.34394e-05 0.000137191 -0.0170489 0.0843567 
0.00935635 -0.017212 -7.05177e-05 2.07371e-05 -0.017212 0.0849458 1.90989e-05 0.000157325 -7.05177e-05 1.90989e-05 0.00935586 -0.0171249 2.07371e-05 0.000157325 -0.0171249 0.0845781 
0.00935554 -0.0171837 -6.71198e-05 1.97473e-05 -0.0171837 0.0848851 1.91567e-05 0.000170144 -6.71198e-05 1.91567e-05 0.00935206 -0.0171593 1.97473e-05 0.000170144 -0.0171593 0.0846644 
0.00935087 -0.017191 -6.78116e-05 1.40284e-05 -0.017191 0.0849024 1.38508e-05 0.000185732 -6.78116e-05 1.38508e-05 0.0093737 -0.0171695 1.40284e-05 0.000185732 -0.0171695 0.0847602 
0.00936364 -0.0171656 -5.89845e-05 1.50683e-05 -0.0171656 0.0848046 1.32917e-05 0.000193734 -5.89845e-05 1.32917e-05 0.00935143 -0.017169 1.50683e-05 0.000193734 -0.017169 0.0847132 
0.0093852 -0.0172036 -5.56632e-05 7.48357e-06 -0.0172036 0.0848901 5.85722e-06 0.000205116 -5.56632e-05 5.85722e-06 0.00934338 -0.0171592 7.48357e-06 0.000205116 -0.0171592 0.0847398 
0.00938935 -0.0172784 -6.17797e-05 -1.39904e-06 -0.0172784 0.0852135 1.99705e-06 0.0002254 -6.17797e-05 1.99705e-06 0.00938887 -0.0171961 -1.39904e-06 0.0002254 -0.0171961 0.0849616 
0.00935071 -0.0171882 -7.66954e-05 3.19478e-06 -0.0171882 0.0849014 1.34814e-05 0.000218696 -7.66954e-05 1.34814e-05 0.00936956 -0.0171613 3.19478e-06 0.000218696 -0.0171613 0.0847039 
0.00933433 -0.0172042 -8.20294e-05 1.96109e-05 -0.0172042 0.0849885 3.32846e-05 0.000186398 -8.20294e-05 3.32846e-05 0.00941279 -0.0172023 1.96109e-05 0.000186398 -0.0172023 0.0848745 
0.00934785 -0.0172076 -9.29484e-05 2.71132e-05 -0.0172076 0.0851211 3.96123e-05 0.000160521 -9.29484e-05 3.96123e-05 0.00944982 -0.0172824 2.71132e-05 0.000160521 -0.0172824 0.0851613 
0.00939403 -0.0172598 -8.52958e-05 3.95583e-05 -0.0172598 0.085391 4.98791e-05 0.000138508 -8.52958e-05 4.98791e-05 0.00947998 -0.0173709 3.95583e-05 0.000138508 -0.0173709 0.0855715 
0.00938147 -0.0172296 -6.47447e-05 3.09882e-05 -0.0172296 0.0851917 3.84883e-05 0.000144091 -6.47447e-05 3.84883e-05 0.00946258 -0.0173313 3.09882e-05 0.000144091 -0.0173313 0.0854244 
0.00939661 -0.0172298 -5.34241e-05 5.89203e-06 -0.0172298 0.0851689 1.0125e-05 0.000193424 -5.34241e-05 1.0125e-05 0.00945448 -0.0173345 5.89203e-06 0.000193424 -0.0173345 0.0854295 
0.00939911 -0.0172418 -3.9775e-05 -8.44941e-06 -0.0172418 0.0851496 -8.11828e-06 0.000245869 -3.9775e-05 -8.11828e-06 0.00944061 -0.0173144 -8.44941e-06 0.000245869 -0.0173144 0.0853737 
0.00940422 -0.0172366 -4.39478e-05 -1.85587e-05 -0.0172366 0.0851092 -1.83977e-05 0.000274365 -4.39478e-05 -1.83977e-05 0.00942504 -0.0172931 -1.85587e-05 0.000274365 -0.0172931 0.0852937 
0.00942433 -0.0173009 -5.75447e-05 -1.66686e-05 -0.0173009 0.0853766 -1.09441e-05 0.000279112 -5.75447e-05 -1.09441e-05 0.00945072 -0.0173267 -1.66686e-05 0.000279112 -0.0173267 0.0854941 
0.00942094 -0.0173206 -5.77253e-05 -1.04509e-05 -0.0173206 0.085514 -8.58892e-07 0.00027607 -5.77253e-05 -8.58892e-07 0.00949064 -0.0173553 -1.04509e-05 0.00027607 -0.0173553 0.0856188 
0.00945193 -0.0173571 -3.60182e-05 -7.11731e-06 -0.0173571 0.0857764 -1.3124e-06 0.000269478 -3.60182e-05 -1.3124e-06 0.00952618 -0.0174543 -7.11731e-06 0.000269478 -0.0174543 0.0859931 
0.00947662 -0.0174074 -4.36186e-05 -3.28205e-05 -0.0174074 0.0860167 -3.17092e-05 0.000314887 -4.36186e-05 -3.17092e-05 0.00956216 -0.0175121 -3.28205e-05 0.000314887 -0.0175121 0.0863043 
0.00949222 -0.0174109 -6.01872e-05 -2.6922e-05 -0.0174109 0.0860382 -2.9794e-05 0.00034071 -6.01872e-05 -2.9794e-05 0.00956802 -0.0175169 -2.6922e-05 0.00034071 -0.0175169 0.08633 
0.00950016 -0.0174692 -5.62086e-05 -4.71631e-06 -0.0174692 0.0862624 -6.00603e-06 0.000308907 -5.62086e-05 -6.00603e-06 0.00960388 -0.0175514 -4.71631e-06 0.000308907 -0.0175514 0.0865016 
0.00948699 -0.0174439 -4.88573e-05 -6.62739e-06 -0.0174439 0.0862035 -6.37044e-06 0.000286416 -4.88573e-05 -6.37044e-06 0.00961398 -0.0175535 -6.62739e-06 0.000286416 -0.0175535 0.0864478 
0.0095155 -0.0174413 -3.58596e-05 -1.74733e-05 -0.0174413 0.0862216 -2.10755e-05 0.00030714 -3.58596e-05 -2.10755e-05 0.00960244 -0.017587 -1.74733e-05 0.00030714 -0.017587 0.0865411 
0.00955442 -0.017436 -4.24902e-05 -3.12574e-05 -0.017436 0.0861027 -3.94516e-05 0.000343503 -4.24902e-05 -3.94516e-05 0.00954627 -0.0175491 -3.12574e-05 0.000343503 -0.0175491 0.0864271 
0.00961569 -0.0175168 -5.12699e-05 -2.20926e-05 -0.0175168 0.0862784 -3.12629e-05 0.000346346 -5.12699e-05 -3.12629e-05 0.00950779 -0.0175025 -2.20926e-05 0.000346346 -0.0175025 0.086383 
0.00963371 -0.0175753 -5.51523e-05 -1.34838e-05 -0.0175753 0.0863834 -1.73778e-05 0.000325196 -5.51523e-05 -1.73778e-05 0.00948273 -0.0174274 -1.34838e-05 0.000325196 -0.0174274 0.0861563 
0.00962406 -0.0176394 -6.01762e-05 -1.03458e-05 -0.0176394 0.0866566 -1.19664e-05 0.000310517 -6.01762e-05 -1.19664e-05 0.00951625 -0.0174325 -1.03458e-05 0.000310517 -0.0174325 0.0861917 
0.00962005 -0.0176431 -5.34985e-05 -8.75706e-06 -0.0176431 0.0868075 -9.29709e-06 0.000307631 -5.34985e-05 -9.29709e-06 0.0095475 -0.0174716 -8.75706e-06 0.000307631 -0.0174716 0.0862883 
0.00958898 -0.0176066 -4.11725e-05 -1.56899e-05 -0.0176066 0.0867074 -1.71276e-05 0.000317754 -4.11725e-05 -1.71276e-05 0.00956855 -0.0174848 -1.56899e-05 0.000317754 -0.0174848 0.0862713 
0.0096005 -0.0176045 -3.46628e-05 -3.44827e-05 -0.0176045 0.0867874 -3.63243e-05 0.000360152 -3.46628e-05 -3.63243e-05 0.00958554 -0.0175516 -3.44827e-05 0.000360152 -0.0175516 0.0864986 
0.00961952 -0.0175904 -5.24131e-05 -4.23694e-05 -0.0175904 0.0867146 -4.51747e-05 0.000392846 -5.24131e-05 -4.51747e-05 0.00957033 -0.0175487 -4.23694e-05 0.000392846 -0.0175487 0.0865124 
0.00960128 -0.0175756 -6.83828e-05 -2.07873e-05 -0.0175756 0.0865419 -2.28023e-05 0.000372013 -6.83828e-05 -2.28023e-05 0.00955401 -0.0174958 -2.07873e-05 0.000372013 -0.0174958 0.0863113 
0.00962295 -0.0176386 -6.46574e-05 2.2395e-06 -0.0176386 0.0868432 1.01141e-06 0.00031733 -6.46574e-05 1.01141e-06 0.00958023 -0.0175513 2.2395e-06 0.00031733 -0.0175513 0.0865631 
0.00960884 -0.017654 -5.68378e-05 -4.04847e-06 -0.017654 0.0869741 -2.7146e-07 0.00029762 -5.68378e-05 -2.7146e-07 0.00961286 -0.0175824 -4.04847e-06 0.00029762 -0.0175824 0.086718 
0.00957399 -0.0175727 -3.59212e-05 -1.7925e-05 -0.0175727 0.0866965 -9.05267e-06 0.000313085 -3.59212e-05 -9.05267e-06 0.00960745 -0.0175642 -1.7925e-05 0.000313085 -0.0175642 0.0865603 
0.00960572 -0.017561 -3.09067e-05 -4.32651e-05 -0.017561 0.0866626 -3.24205e-05 0.000358029 -3.09067e-05 -3.24205e-05 0.00959484 -0.017595 -4.32651e-05 0.000358029 -0.017595 0.0866619 
0.0096564 -0.0176398 -3.5306e-05 -5.4592e-05 -0.0176398 0.0869187 -4.43461e-05 0.000405615 -3.5306e-05 -4.43461e-05 0.00961235 -0.0176326 -5.4592e-05 0.000405615 -0.0176326 0.0869271 
0.00967624 -0.0177207 -3.46164e-05 -5.25872e-05 -0.0177207 0.0872374 -4.31821e-05 0.000426148 -3.46164e-05 -4.31821e-05 0.00965502 -0.0176782 -5.25872e-05 0.000426148 -0.0176782 0.087188 
0.0096359 -0.0176441 -4.04494e-05 -5.12313e-05 -0.0176441 0.086922 -4.57501e-05 0.000432105 -4.04494e-05 -4.57501e-05 0.00963132 -0.0176301 -5.12313e-05 0.000432105 -0.0176301 0.0868996 
0.00958107 -0.0175506 -4.13454e-05 -4.07338e-05 -0.0175506 0.0864876 -3.85026e-05 0.000417643 -4.13454e-05 -3.85026e-05 0.00960737 -0.0175691 -4.07338e-05 0.000417643 -0.0175691 0.0865588 
0.00954221 -0.0174867 -4.21475e-05 -3.71764e-05 -0.0174867 0.0861995 -3.52408e-05 0.00040201 -4.21475e-05 -3.52408e-05 0.00958865 -0.0175431 -3.71764e-05 0.00040201 -0.0175431 0.086372 
0.00951843 -0.0174537 -4.32573e-05 -3.63928e-05 -0.0174537 0.086064 -3.49757e-05 0.000397549 -4.32573e-05 -3.49757e-05 0.00957849 -0.0175362 -3.63928e-05 0.000397549 -0.0175362 0.0863227 
0.00954125 -0.0174551 -4.53886e-05 -3.36682e-05 -0.0174551 0.0861035 -3.06764e-05 0.000388513 -4.53886e-05 -3.06764e-05 0.00955592 -0.0175491 -3.36682e-05 0.000388513 -0.0175491 0.0864055 
0.00950886 -0.0173971 -5.74544e-05 -3.00204e-05 -0.0173971 0.0857486 -2.3116e-05 0.000369394 -5.74544e-05 -2.3116e-05 0.00950402 -0.017439 -3.00204e-05 0.000369394 -0.017439 0.0859872 
0.00951354 -0.0174232 -6.20357e-05 -1.6318e-05 -0.0174232 0.0858483 -7.15305e-06 0.000337588 -6.20357e-05 -7.15305e-06 0.00950107 -0.017436 -1.6318e-05 0.000337588 -0.017436 0.0859992 
0.00952152 -0.0174535 -5.81352e-05 -8.48254e-06 -0.0174535 0.0860187 -1.60349e-06 0.00031086 -5.81352e-05 -1.60349e-06 0.00950824 -0.0174556 -8.48254e-06 0.00031086 -0.0174556 0.0861192 
0.00953106 -0.017472 -7.14195e-05 -8.52309e-06 -0.017472 0.0861546 -7.44708e-06 0.000302565 -7.14195e-05 -7.44708e-06 0.0095383 -0.0174764 -8.52309e-06 0.000302565 -0.0174764 0.0862474 
0.00956794 -0.0174895 -7.25024e-05 7.98882e-06 -0.0174895 0.0862623 2.84588e-06 0.000284202 -7.25024e-05 2.84588e-06 0.00953998 -0.0175151 7.98882e-06 0.000284202 -0.0175151 0.086382 
0.00958781 -0.0175374 -6.92188e-05 1.66872e-05 -0.0175374 0.0863907 5.92813e-06 0.000258828 -6.92188e-05 5.92813e-06 0.00954145 -0.0175131 1.66872e-05 0.000258828 -0.0175131 0.0864376 
0.00956546 -0.0175456 -6.6757e-05 1.59925e-05 -0.0175456 0.0864019 1.75952e-06 0.00024985 -6.6757e-05 1.75952e-06 0.00954978 -0.0174876 1.59925e-05 0.00024985 -0.0174876 0.0863367 
0.00953724 -0.0175233 -5.32969e-05 7.5829e-06 -0.0175233 0.0863832 -7.33706e-06 0.00026898 -5.32969e-05 -7.33706e-06 0.00956527 -0.0174983 7.5829e-06 0.00026898 -0.0174983 0.086316 
0.00950023 -0.0174783 -4.84028e-05 -9.84523e-06 -0.0174783 0.0862748 -1.85118e-05 0.000297806 -4.84028e-05 -1.85118e-05 0.00958394 -0.0175136 -9.84523e-06 0.000297806 -0.0175136 0.0863188 
0.00951816 -0.0174736 -3.8741e-05 -1.63651e-05 -0.0174736 0.0863673 -2.06329e-05 0.000315764 -3.8741e-05 -2.06329e-05 0.0095941 -0.0175879 -1.63651e-05 0.000315764 -0.0175879 0.0865997 
0.0095311 -0.0174533 -1.65927e-05 -2.71235e-05 -0.0174533 0.0862433 -3.23457e-05 0.00033617 -1.65927e-05 -3.23457e-05 0.00955921 -0.017559 -2.71235e-05 0.00033617 -0.017559 0.0865436 
0.00951831 -0.0174418 -1.60329e-05 -5.66375e-05 -0.0174418 0.0860847 -6.08817e-05 0.000392851 -1.60329e-05 -6.08817e-05 0.00952009 -0.0174838 -5.66375e-05 0.000392851 -0.0174838 0.0862907 
