0.00709488 0 3.25595e-05 0 0 0.00990914 0 0 3.25595e-05 0 0.00693421 0 0 0 0 0.00990914 
0.00965945 -0.0119862 1.97121e-05 -2.35362e-05 -0.0119862 0.0317437 -2.35362e-05 4.54453e-05 1.97121e-05 -2.35362e-05 0.00949496 -0.0117896 -2.35362e-05 4.54453e-05 -0.0117896 0.0313663 
0.00991676 -0.0184483 9.26943e-06 3.83538e-05 -0.0184483 0.0679483 3.83538e-05 -0.000138799 9.26943e-06 3.83538e-05 0.00982417 -0.0183782 3.83538e-05 -0.000138799 -0.0183782 0.0677764 
0.00930746 -0.017917 2.09017e-05 0.000110413 -0.017917 0.0802427 0.000107875 -0.000625383 2.09017e-05 0.000107875 0.00929134 -0.0180657 0.000110413 -0.000625383 -0.0180657 0.0812109 
0.00899579 -0.0167753 3.54626e-05 8.09969e-05 -0.0167753 0.0807517 7.25626e-05 -0.000750088 3.54626e-05 7.25626e-05 0.00901665 -0.0169782 8.09969e-05 -0.000750088 -0.0169782 0.0822327 
0.00926796 -0.0169897 4.02615e-05 2.05561e-05 -0.0169897 0.0832803 1.4325e-05 -0.000542652 4.02615e-05 1.4325e-05 0.0092694 -0.0171763 2.05561e-05 -0.000542652 -0.0171763 0.0846644 
0.00947852 -0.0172878 4.92211e-05 -7.92004e-06 -0.0172878 0.0850548 -1.00298e-05 -0.000319657 4.92211e-05 -1.00298e-05 0.00944213 -0.0174156 -7.92004e-06 -0.000319657 -0.0174156 0.0861257 
0.00965575 -0.0176009 4.58973e-05 -1.83256e-05 -0.0176009 0.0866736 -1.7852e-05 -0.000201375 4.58973e-05 -1.7852e-05 0.0095977 -0.0176618 -1.83256e-05 -0.000201375 -0.0176618 0.0874335 
0.00949403 -0.0173052 4.51755e-05 -7.97909e-06 -0.0173052 0.0852523 -4.44244e-06 -0.000172833 4.51755e-05 -4.44244e-06 0.00942169 -0.0173314 -7.97909e-06 -0.000172833 -0.0173314 0.0857871 
0.00936496 -0.0170485 4.21518e-05 -5.43121e-06 -0.0170485 0.0839884 3.17112e-06 -0.000181031 4.21518e-05 3.17112e-06 0.00926719 -0.0170589 -5.43121e-06 -0.000181031 -0.0170589 0.0844141 
0.00967562 -0.0176062 5.90987e-05 9.80542e-07 -0.0176062 0.0866733 1.15094e-05 -0.00021049 5.90987e-05 1.15094e-05 0.00955955 -0.0175901 9.80542e-07 -0.00021049 -0.0175901 0.0870439 
0.00956305 -0.0174242 6.88308e-05 -1.61964e-05 -0.0174242 0.0857047 -6.89934e-06 -0.000194255 6.88308e-05 -6.89934e-06 0.00947303 -0.0173831 -1.61964e-05 -0.000194255 -0.0173831 0.0859977 
0.00956918 -0.0174457 7.04602e-05 -2.70474e-05 -0.0174457 0.0858084 -2.21471e-05 -0.000164003 7.04602e-05 -2.21471e-05 0.00947315 -0.0174317 -2.70474e-05 -0.000164003 -0.0174317 0.0861079 
0.00961115 -0.0175367 5.62417e-05 -2.72909e-05 -0.0175367 0.0862503 -2.47019e-05 -0.000151224 5.62417e-05 -2.47019e-05 0.00950207 -0.0175067 -2.72909e-05 -0.000151224 -0.0175067 0.086525 
0.00959836 -0.0175358 2.59231e-05 -1.20496e-05 -0.0175358 0.0862663 -1.0709e-05 -0.000165836 2.59231e-05 -1.0709e-05 0.00950102 -0.0174858 -1.20496e-05 -0.000165836 -0.0174858 0.0864851 
0.00959858 -0.0175556 1.14215e-05 2.72591e-05 -0.0175556 0.086443 2.65718e-05 -0.000234769 1.14215e-05 2.65718e-05 0.009542 -0.0175369 2.72591e-05 -0.000234769 -0.0175369 0.0867016 
0.00959379 -0.0174918 3.44066e-06 4.79223e-05 -0.0174918 0.0862168 4.76439e-05 -0.000303057 3.44066e-06 4.76439e-05 0.0095132 -0.0175336 4.79223e-05 -0.000303057 -0.0175336 0.0866084 
0.00959608 -0.0174886 2.13554e-06 5.18946e-05 -0.0174886 0.0861258 5.31383e-05 -0.000329129 2.13554e-06 5.31383e-05 0.00949407 -0.0175104 5.18946e-05 -0.000329129 -0.0175104 0.0865656 
0.00956637 -0.017427 1.32429e-05 4.97271e-05 -0.017427 0.085777 5.01379e-05 -0.000324552 1.32429e-05 5.01379e-05 0.00945378 -0.0174205 4.97271e-05 -0.000324552 -0.0174205 0.0861767 
0.00954858 -0.0174253 1.00386e-05 3.93268e-05 -0.0174253 0.0857237 3.84969e-05 -0.000307245 1.00386e-05 3.84969e-05 0.00946232 -0.0174024 3.93268e-05 -0.000307245 -0.0174024 0.0860761 
0.00951294 -0.0173948 9.59692e-06 4.31838e-05 -0.0173948 0.0856143 4.22021e-05 -0.000303976 9.59692e-06 4.22021e-05 0.00946374 -0.0174004 4.31838e-05 -0.000303976 -0.0174004 0.0859881 
0.00951927 -0.017415 2.38885e-05 4.34241e-05 -0.017415 0.0858179 4.05604e-05 -0.000303142 2.38885e-05 4.05604e-05 0.00949013 -0.0174798 4.34241e-05 -0.000303142 -0.0174798 0.0863198 
0.00949732 -0.0173751 3.81893e-05 2.62171e-05 -0.0173751 0.0856889 1.94128e-05 -0.000270095 3.81893e-05 1.94128e-05 0.00947804 -0.0174665 2.62171e-05 -0.000270095 -0.0174665 0.0862958 
0.00948018 -0.0173202 3.89055e-05 6.14139e-06 -0.0173202 0.085458 -4.79945e-06 -0.000210526 3.89055e-05 -4.79945e-06 0.00945479 -0.0174206 6.14139e-06 -0.000210526 -0.0174206 0.0861122 
0.0094904 -0.0173045 2.63234e-05 3.90667e-06 -0.0173045 0.0853428 -5.31697e-06 -0.000181588 2.63234e-05 -5.31697e-06 0.0094302 -0.0173868 3.90667e-06 -0.000181588 -0.0173868 0.0859692 
0.00950721 -0.0173516 1.79257e-05 1.62104e-05 -0.0173516 0.0854819 1.29825e-05 -0.000197997 1.79257e-05 1.29825e-05 0.00943541 -0.0173886 1.62104e-05 -0.000197997 -0.0173886 0.0860176 
0.0094975 -0.0173443 3.72684e-05 2.15166e-05 -0.0173443 0.0854339 2.44445e-05 -0.000218316 3.72684e-05 2.44445e-05 0.00941687 -0.0173587 2.15166e-05 -0.000218316 -0.0173587 0.0858785 
0.00946525 -0.0172753 4.27135e-05 -6.70967e-06 -0.0172753 0.0851064 1.40054e-06 -0.000183187 4.27135e-05 1.40054e-06 0.00936666 -0.0172779 -6.70967e-06 -0.000183187 -0.0172779 0.0854962 
0.00944819 -0.0172768 4.65888e-05 -1.37962e-05 -0.0172768 0.0850871 -5.37109e-06 -0.000150491 4.65888e-05 -5.37109e-06 0.00936303 -0.0172518 -1.37962e-05 -0.000150491 -0.0172518 0.0854058 
0.0094281 -0.0172424 5.6546e-05 -1.10354e-05 -0.0172424 0.0849818 -9.40832e-06 -0.000143284 5.6546e-05 -9.40832e-06 0.00935428 -0.0172356 -1.10354e-05 -0.000143284 -0.0172356 0.085295 
0.00940874 -0.0172105 6.02658e-05 -1.82232e-05 -0.0172105 0.0848512 -2.17419e-05 -0.000130314 6.02658e-05 -2.17419e-05 0.00934405 -0.0172112 -1.82232e-05 -0.000130314 -0.0172112 0.0851719 
0.00937158 -0.0171213 6.04207e-05 -2.25188e-05 -0.0171213 0.0844312 -2.5655e-05 -0.00011902 6.04207e-05 -2.5655e-05 0.00929385 -0.0171316 -2.25188e-05 -0.00011902 -0.0171316 0.0847648 
0.00972403 -0.0177696 6.09188e-05 -2.89036e-05 -0.0177696 0.0875898 -3.00869e-05 -0.000106768 6.09188e-05 -3.00869e-05 0.00963867 -0.0177641 -2.89036e-05 -0.000106768 -0.0177641 0.0879186 
0.00970473 -0.0177267 4.51351e-05 -2.72486e-05 -0.0177267 0.0873656 -3.06415e-05 -9.69151e-05 4.51351e-05 -3.06415e-05 0.00960077 -0.0177132 -2.72486e-05 -9.69151e-05 -0.0177132 0.0876663 
0.00969102 -0.0176891 3.27145e-05 -9.26352e-06 -0.0176891 0.0871522 -1.22133e-05 -0.000120206 3.27145e-05 -1.22133e-05 0.00955832 -0.0176519 -9.26352e-06 -0.000120206 -0.0176519 0.0874026 
0.00970725 -0.0177259 1.88811e-05 4.9392e-06 -0.0177259 0.0872787 6.50124e-06 -0.000161109 1.88811e-05 6.50124e-06 0.00955537 -0.0176457 4.9392e-06 -0.000161109 -0.0176457 0.0874304 
0.00972541 -0.0177868 1.13001e-05 2.15907e-05 -0.0177868 0.0875697 2.73445e-05 -0.000208377 1.13001e-05 2.73445e-05 0.00957845 -0.0176832 2.15907e-05 -0.000208377 -0.0176832 0.0876403 
0.00971727 -0.0178088 2.50053e-05 3.004e-05 -0.0178088 0.0877256 3.89093e-05 -0.000245132 2.50053e-05 3.89093e-05 0.00961687 -0.017703 3.004e-05 -0.000245132 -0.017703 0.0877467 
0.00973227 -0.0177973 3.15523e-05 1.39884e-05 -0.0177973 0.0877715 2.24158e-05 -0.000233549 3.15523e-05 2.24158e-05 0.00961731 -0.0177463 1.39884e-05 -0.000233549 -0.0177463 0.0878585 
0.00972271 -0.0177866 4.46237e-05 5.78846e-06 -0.0177866 0.0876822 1.11361e-05 -0.000206753 4.46237e-05 1.11361e-05 0.00960891 -0.0177224 5.78846e-06 -0.000206753 -0.0177224 0.0877913 
0.00969038 -0.0177771 5.05122e-05 -1.39688e-05 -0.0177771 0.0876363 -6.52021e-06 -0.000163857 5.05122e-05 -6.52021e-06 0.00962541 -0.0177087 -1.39688e-05 -0.000163857 -0.0177087 0.0877283 
0.00969736 -0.0177967 5.53371e-05 -2.4308e-05 -0.0177967 0.0878446 -1.17631e-05 -0.000132184 5.53371e-05 -1.17631e-05 0.0096617 -0.0177844 -2.4308e-05 -0.000132184 -0.0177844 0.0880094 
0.00933825 -0.0171302 4.75987e-05 -2.77356e-05 -0.0171302 0.0846174 -1.41404e-05 -0.000112938 4.75987e-05 -1.41404e-05 0.00930707 -0.0171527 -2.77356e-05 -0.000112938 -0.0171527 0.0848661 
0.00936989 -0.0171633 4.83946e-05 -1.83189e-05 -0.0171633 0.0847955 -1.02364e-05 -0.000118848 4.83946e-05 -1.02364e-05 0.00932786 -0.0171816 -1.83189e-05 -0.000118848 -0.0171816 0.085059 
0.00940273 -0.017155 6.33256e-05 -8.36409e-06 -0.017155 0.0847128 -9.7236e-06 -0.000139402 6.33256e-05 -9.7236e-06 0.00929595 -0.0171565 -8.36409e-06 -0.000139402 -0.0171565 0.0849411 
0.00939874 -0.01714 8.47856e-05 -2.20781e-05 -0.01714 0.0844643 -2.93423e-05 -0.000124289 8.47856e-05 -2.93423e-05 0.00924124 -0.0170584 -2.20781e-05 -0.000124289 -0.0170584 0.0845408 
0.00979098 -0.0178888 8.43148e-05 -5.33656e-05 -0.0178888 0.0880433 -6.01404e-05 -7.06256e-05 8.43148e-05 -6.01404e-05 0.00962108 -0.0177319 -5.33656e-05 -7.06256e-05 -0.0177319 0.0879254 
0.0097642 -0.0179012 7.52389e-05 -5.20707e-05 -0.0179012 0.0881234 -5.42257e-05 -4.84862e-05 7.52389e-05 -5.42257e-05 0.0096475 -0.0177419 -5.20707e-05 -4.84862e-05 -0.0177419 0.0879279 
0.00932746 -0.0171572 5.83315e-05 -4.38886e-05 -0.0171572 0.0845838 -3.95533e-05 -5.66714e-05 5.83315e-05 -3.95533e-05 0.00930892 -0.0170636 -4.38886e-05 -5.66714e-05 -0.0170636 0.0844648 
0.00935379 -0.0171507 3.97856e-05 -2.44179e-05 -0.0171507 0.0847528 -1.65522e-05 -0.000100321 3.97856e-05 -1.65522e-05 0.00934218 -0.0171929 -2.44179e-05 -0.000100321 -0.0171929 0.0849124 
0.00936068 -0.0171331 4.30637e-05 2.68374e-06 -0.0171331 0.084656 6.10584e-06 -0.000161876 4.30637e-05 6.10584e-06 0.00933832 -0.0172046 2.68374e-06 -0.000161876 -0.0172046 0.0850188 
0.00938146 -0.0171686 5.02717e-05 2.6609e-06 -0.0171686 0.0847718 -2.87485e-06 -0.00018127 5.02717e-05 -2.87485e-06 0.00934213 -0.0172238 2.6609e-06 -0.00018127 -0.0172238 0.0851729 
0.00937147 -0.0171166 3.87473e-05 -7.71838e-06 -0.0171166 0.0844833 -1.69088e-05 -0.000158635 3.87473e-05 -1.69088e-05 0.00929198 -0.0171454 -7.71838e-06 -0.000158635 -0.0171454 0.0848441 
0.00972852 -0.0178074 4.00257e-05 8.38836e-07 -0.0178074 0.0878026 -5.27055e-06 -0.000163209 4.00257e-05 -5.27055e-06 0.00966105 -0.0177869 8.38836e-07 -0.000163209 -0.0177869 0.0880822 
0.00968943 -0.0177664 5.42834e-05 4.30231e-06 -0.0177664 0.0876425 -1.13058e-06 -0.000177164 5.42834e-05 -1.13058e-06 0.00966646 -0.0177643 4.30231e-06 -0.000177164 -0.0177643 0.0879057 
0.00967941 -0.0177254 3.71655e-05 -1.15477e-05 -0.0177254 0.0875268 -1.53623e-05 -0.000162935 3.71655e-05 -1.53623e-05 0.00966255 -0.0177839 -1.15477e-05 -0.000162935 -0.0177839 0.0878972 
0.00968989 -0.0177211 2.57728e-05 3.51798e-06 -0.0177211 0.0874984 2.0533e-06 -0.000171412 2.57728e-05 2.0533e-06 0.00964044 -0.0177958 3.51798e-06 -0.000171412 -0.0177958 0.0879629 
0.00968852 -0.0177402 3.58882e-05 1.4736e-05 -0.0177402 0.0875277 1.28298e-05 -0.000193659 3.58882e-05 1.28298e-05 0.00962722 -0.017763 1.4736e-05 -0.000193659 -0.017763 0.0879294 
0.00967978 -0.0177451 5.53199e-05 2.72514e-06 -0.0177451 0.0875668 -1.26456e-06 -0.000182137 5.53199e-05 -1.26456e-06 0.00962728 -0.0177422 2.72514e-06 -0.000182137 -0.0177422 0.0878744 
0.00967157 -0.017739 5.79795e-05 -2.08203e-05 -0.017739 0.0875798 -2.66524e-05 -0.000133153 5.79795e-05 -2.66524e-05 0.00963038 -0.0177352 -2.08203e-05 -0.000133153 -0.0177352 0.0878327 
0.00962071 -0.0176533 6.3832e-05 -2.56117e-05 -0.0176533 0.0872028 -3.13506e-05 -9.86883e-05 6.3832e-05 -3.13506e-05 0.00960584 -0.0176676 -2.56117e-05 -9.86883e-05 -0.0176676 0.0874671 
0.00958602 -0.0175556 5.95469e-05 -3.42667e-05 -0.0175556 0.0867631 -3.45532e-05 -8.02089e-05 5.95469e-05 -3.45532e-05 0.00956048 -0.0176052 -3.42667e-05 -8.02089e-05 -0.0176052 0.0870944 
0.00960052 -0.0175364 3.41998e-05 -3.06738e-05 -0.0175364 0.0866031 -2.64904e-05 -8.18679e-05 3.41998e-05 -2.64904e-05 0.00951014 -0.0175694 -3.06738e-05 -8.18679e-05 -0.0175694 0.0869346 
0.00961926 -0.0175237 7.39338e-06 3.21451e-07 -0.0175237 0.0864115 5.20955e-06 -0.000132201 7.39338e-06 5.20955e-06 0.0094414 -0.0174825 3.21451e-07 -0.000132201 -0.0174825 0.0866268 
0.00965168 -0.0176417 2.6397e-06 3.37237e-05 -0.0176417 0.086816 3.80827e-05 -0.00020888 2.6397e-06 3.80827e-05 0.0094552 -0.0174844 3.37237e-05 -0.00020888 -0.0174844 0.086783 
0.00961462 -0.0176657 5.20464e-06 4.02838e-05 -0.0176657 0.0869687 4.19685e-05 -0.000248424 5.20464e-06 4.19685e-05 0.00949484 -0.0174743 4.02838e-05 -0.000248424 -0.0174743 0.0867572 
0.00959333 -0.0176328 8.44739e-06 3.59413e-05 -0.0176328 0.0870259 3.61981e-05 -0.000247825 8.44739e-06 3.61981e-05 0.0095397 -0.0175402 3.59413e-05 -0.000247825 -0.0175402 0.0869117 
0.00961588 -0.0176302 1.17517e-05 3.02469e-05 -0.0176302 0.0871286 3.27025e-05 -0.000235914 1.17517e-05 3.27025e-05 0.00956225 -0.0176289 3.02469e-05 -0.000235914 -0.0176289 0.0872379 
0.00964776 -0.0176088 9.20786e-06 2.84853e-05 -0.0176088 0.0870106 3.01072e-05 -0.000229867 9.20786e-06 3.01072e-05 0.00953018 -0.0176327 2.84853e-05 -0.000229867 -0.0176327 0.0872823 
0.00966957 -0.017667 1.03046e-05 3.43061e-05 -0.017667 0.0871135 3.2107e-05 -0.000234395 1.03046e-05 3.2107e-05 0.00952266 -0.0176046 3.43061e-05 -0.000234395 -0.0176046 0.0872976 
0.00970224 -0.0177295 1.43853e-05 3.0829e-05 -0.0177295 0.0873832 2.51509e-05 -0.000225171 1.43853e-05 2.51509e-05 0.00952573 -0.0176258 3.0829e-05 -0.000225171 -0.0176258 0.0874395 
0.00972741 -0.0178054 3.99969e-05 2.53187e-05 -0.0178054 0.0877373 1.63256e-05 -0.000206663 3.99969e-05 1.63256e-05 0.00956917 -0.0176633 2.53187e-05 -0.000206663 -0.0176633 0.0876872 
0.00973089 -0.0178227 5.3358e-05 -5.78692e-06 -0.0178227 0.0878782 -1.43809e-05 -0.000150579 5.3358e-05 -1.43809e-05 0.00960464 -0.017703 -5.78692e-06 -0.000150579 -0.017703 0.0878243 
0.00972916 -0.0178132 5.08278e-05 -2.61169e-05 -0.0178132 0.0878886 -3.18226e-05 -8.94691e-05 5.08278e-05 -3.18226e-05 0.00963072 -0.0177417 -2.61169e-05 -8.94691e-05 -0.0177417 0.08793 
0.00933416 -0.0170748 4.75764e-05 -2.44681e-05 -0.0170748 0.0842614 -2.81152e-05 -6.46587e-05 4.75764e-05 -2.81152e-05 0.00924743 -0.0170448 -2.44681e-05 -6.46587e-05 -0.0170448 0.0844131 
0.00935388 -0.0170776 4.83514e-05 -2.31397e-05 -0.0170776 0.0842524 -2.53264e-05 -6.45662e-05 4.83514e-05 -2.53264e-05 0.00923752 -0.0170587 -2.31397e-05 -6.45662e-05 -0.0170587 0.0844699 
0.00975831 -0.0178329 3.07218e-05 -2.03826e-05 -0.0178329 0.0878826 -2.1587e-05 -8.27446e-05 3.07218e-05 -2.1587e-05 0.00963028 -0.017766 -2.03826e-05 -8.27446e-05 -0.017766 0.0880477 
0.009755 -0.0178273 1.63418e-05 4.34423e-06 -0.0178273 0.0878438 5.91591e-06 -0.000131668 1.63418e-05 5.91591e-06 0.00961652 -0.0177455 4.34423e-06 -0.000131668 -0.0177455 0.0879399 
0.00934508 -0.0171335 1.37499e-05 2.43842e-05 -0.0171335 0.0844184 2.50405e-05 -0.00018529 1.37499e-05 2.50405e-05 0.00925859 -0.0170448 2.43842e-05 -0.00018529 -0.0170448 0.0844744 
0.00934485 -0.0171334 1.99556e-05 2.78884e-05 -0.0171334 0.0845389 2.65323e-05 -0.000214576 1.99556e-05 2.65323e-05 0.00929487 -0.0171014 2.78884e-05 -0.000214576 -0.0171014 0.0846675 
0.00930717 -0.0170855 2.42505e-05 1.86303e-05 -0.0170855 0.0843634 1.83515e-05 -0.00020792 2.42505e-05 1.83515e-05 0.00931176 -0.0171048 1.86303e-05 -0.00020792 -0.0171048 0.0846226 
0.00929269 -0.0170257 3.79289e-05 7.1674e-06 -0.0170257 0.0841541 1.17874e-05 -0.000184528 3.79289e-05 1.17874e-05 0.00929906 -0.0171159 7.1674e-06 -0.000184528 -0.0171159 0.0845812 
0.0096967 -0.017726 5.32131e-05 -7.44839e-06 -0.017726 0.0875838 2.61263e-07 -0.000166006 5.32131e-05 2.61263e-07 0.00966869 -0.0178263 -7.44839e-06 -0.000166006 -0.0178263 0.0881212 
0.00971016 -0.0177474 5.48648e-05 -2.3668e-05 -0.0177474 0.0875837 -1.89349e-05 -0.000125564 5.48648e-05 -1.89349e-05 0.00965478 -0.0177994 -2.3668e-05 -0.000125564 -0.0177994 0.0880648 
0.00973329 -0.0177736 2.84423e-05 -2.16282e-05 -0.0177736 0.0876467 -1.86936e-05 -0.0001153 2.84423e-05 -1.86936e-05 0.00962819 -0.0177802 -2.16282e-05 -0.0001153 -0.0177802 0.0880077 
0.00974928 -0.017815 9.65689e-07 1.11581e-05 -0.017815 0.0877817 1.76543e-05 -0.000171599 9.65689e-07 1.76543e-05 0.00962357 -0.0177635 1.11581e-05 -0.000171599 -0.0177635 0.0880024 
0.00937368 -0.0171671 5.08224e-06 4.47966e-05 -0.0171671 0.084573 5.39626e-05 -0.000252712 5.08224e-06 5.39626e-05 0.00926855 -0.0170821 4.47966e-05 -0.000252712 -0.0170821 0.0846563 
0.00936474 -0.0171493 1.50619e-05 4.31265e-05 -0.0171493 0.0845593 5.35345e-05 -0.000294773 1.50619e-05 5.35345e-05 0.00926989 -0.0170829 4.31265e-05 -0.000294773 -0.0170829 0.0846219 
0.00974602 -0.0178236 3.09255e-05 3.20301e-05 -0.0178236 0.0879035 4.30167e-05 -0.000298708 3.09255e-05 4.30167e-05 0.00963662 -0.0177592 3.20301e-05 -0.000298708 -0.0177592 0.0879671 
0.00972745 -0.0177833 4.72019e-05 1.17211e-05 -0.0177833 0.0876633 2.0198e-05 -0.000255855 4.72019e-05 2.0198e-05 0.0096111 -0.0177069 1.17211e-05 -0.000255855 -0.0177069 0.0877069 
0.00970477 -0.017784 7.51069e-05 -1.27232e-05 -0.017784 0.0876291 -3.19521e-06 -0.000195032 7.51069e-05 -3.19521e-06 0.00962405 -0.0176954 -1.27232e-05 -0.000195032 -0.0176954 0.0876346 
0.00972369 -0.0178109 6.69578e-05 -4.58798e-05 -0.0178109 0.0878404 -3.42812e-05 -0.000121999 6.69578e-05 -3.42812e-05 0.00965099 -0.0177711 -4.58798e-05 -0.000121999 -0.0177711 0.0879113 
0.00971085 -0.0177978 5.39309e-05 -3.57247e-05 -0.0177978 0.0877936 -2.48194e-05 -0.000104802 5.39309e-05 -2.48194e-05 0.00965856 -0.0177736 -3.57247e-05 -0.000104802 -0.0177736 0.0879311 
0.00970583 -0.0177576 3.93533e-05 -1.32397e-05 -0.0177576 0.0876406 -6.77284e-06 -0.000143296 3.93533e-05 -6.77284e-06 0.00963929 -0.0177659 -1.32397e-05 -0.000143296 -0.0177659 0.0878577 
0.0096768 -0.0176963 4.79587e-05 8.90678e-06 -0.0176963 0.0872944 9.96995e-06 -0.000194449 4.79587e-05 9.96995e-06 0.00959812 -0.017692 8.90678e-06 -0.000194449 -0.017692 0.0875316 
0.00967547 -0.0176888 3.82729e-05 -2.82817e-06 -0.0176888 0.0872085 -7.69872e-06 -0.000187853 3.82729e-05 -7.69872e-06 0.00956808 -0.0176565 -2.82817e-06 -0.000187853 -0.0176565 0.0873888 
0.00968092 -0.0177311 4.15108e-05 7.85029e-06 -0.0177311 0.0873723 -2.06845e-06 -0.000185297 4.15108e-05 -2.06845e-06 0.00957878 -0.0176538 7.85029e-06 -0.000185297 -0.0176538 0.0874428 
0.00967313 -0.0177464 4.92615e-05 4.22865e-06 -0.0177464 0.0874988 -3.53963e-06 -0.000183921 4.92615e-05 -3.53963e-06 0.0096137 -0.0176743 4.22865e-06 -0.000183921 -0.0176743 0.0875249 
0.00967583 -0.0177714 3.7593e-05 -6.59254e-06 -0.0177714 0.0877122 -1.08831e-05 -0.000168706 3.7593e-05 -1.08831e-05 0.00966678 -0.017755 -6.59254e-06 -0.000168706 -0.017755 0.0878179 
0.00969412 -0.017792 4.21386e-05 5.97437e-06 -0.017792 0.0878992 4.08127e-06 -0.000181829 4.21386e-05 4.08127e-06 0.00970495 -0.0178366 5.97437e-06 -0.000181829 -0.0178366 0.0881421 
0.00933567 -0.0170664 3.48119e-05 4.16798e-06 -0.0170664 0.0843343 6.23651e-07 -0.000183536 3.48119e-05 6.23651e-07 0.00930132 -0.0171399 4.16798e-06 -0.000183536 -0.0171399 0.0846818 
0.0093594 -0.0171069 1.23879e-05 1.39249e-05 -0.0171069 0.0844013 6.88975e-06 -0.000198935 1.23879e-05 6.88975e-06 0.00929242 -0.0171313 1.39249e-05 -0.000198935 -0.0171313 0.0847236 
0.00940301 -0.0171737 3.05266e-06 3.83998e-05 -0.0171737 0.0846632 3.1804e-05 -0.000242218 3.05266e-06 3.1804e-05 0.00929662 -0.0171533 3.83998e-05 -0.000242218 -0.0171533 0.0848855 
0.00942306 -0.0172001 -4.31062e-06 5.24171e-05 -0.0172001 0.084737 4.64595e-05 -0.000289895 -4.31062e-06 4.64595e-05 0.00928506 -0.017137 5.24171e-05 -0.000289895 -0.017137 0.0848604 
0.00941306 -0.0172508 5.83481e-07 6.17522e-05 -0.0172508 0.0849284 5.52624e-05 -0.000322354 5.83481e-07 5.52624e-05 0.00932799 -0.0171435 6.17522e-05 -0.000322354 -0.0171435 0.084938 
0.00938761 -0.0171971 1.58428e-05 5.3238e-05 -0.0171971 0.0847901 4.85646e-05 -0.000320026 1.58428e-05 4.85646e-05 0.00934647 -0.0171545 5.3238e-05 -0.000320026 -0.0171545 0.0848526 
0.00937986 -0.0171665 3.56464e-05 3.45068e-05 -0.0171665 0.0846951 3.29702e-05 -0.000292416 3.56464e-05 3.29702e-05 0.00935373 -0.0172014 3.45068e-05 -0.000292416 -0.0172014 0.084951 
0.00939107 -0.0171476 6.51529e-05 8.43618e-06 -0.0171476 0.084598 9.62325e-06 -0.000241794 6.51529e-05 9.62325e-06 0.00932771 -0.0172106 8.43618e-06 -0.000241794 -0.0172106 0.0849989 
0.0094242 -0.0171986 8.02244e-05 -2.79357e-05 -0.0171986 0.0847592 -2.26496e-05 -0.000169009 8.02244e-05 -2.26496e-05 0.00931803 -0.0172148 -2.79357e-05 -0.000169009 -0.0172148 0.0851429 
0.00942936 -0.0172124 8.58035e-05 -4.93444e-05 -0.0172124 0.0847459 -3.93602e-05 -0.000106983 8.58035e-05 -3.93602e-05 0.0092977 -0.0171522 -4.93444e-05 -0.000106983 -0.0171522 0.0849582 
0.00942103 -0.0172269 8.13381e-05 -6.43721e-05 -0.0172269 0.0847896 -5.07199e-05 -5.66189e-05 8.13381e-05 -5.07199e-05 0.00930374 -0.0171323 -6.43721e-05 -5.66189e-05 -0.0171323 0.0848626 
0.00945996 -0.0172923 7.78147e-05 -5.38644e-05 -0.0172923 0.0851513 -4.2984e-05 -5.64604e-05 7.78147e-05 -4.2984e-05 0.00932823 -0.0172043 -5.38644e-05 -5.64604e-05 -0.0172043 0.0851671 
0.00945063 -0.0172411 6.2973e-05 -4.28318e-05 -0.0172411 0.0848927 -3.55917e-05 -8.05365e-05 6.2973e-05 -3.55917e-05 0.00927091 -0.017128 -4.28318e-05 -8.05365e-05 -0.017128 0.0848421 
0.00943037 -0.0172194 5.4999e-05 -2.23578e-05 -0.0172194 0.0847157 -1.71933e-05 -0.000122404 5.4999e-05 -1.71933e-05 0.00924362 -0.0170523 -2.23578e-05 -0.000122404 -0.0170523 0.0845526 
0.00978456 -0.017884 4.89504e-05 -1.48792e-05 -0.017884 0.0879818 -1.18323e-05 -0.000156103 4.89504e-05 -1.18323e-05 0.00960856 -0.0176931 -1.48792e-05 -0.000156103 -0.0176931 0.0877167 
0.00976964 -0.0178224 2.73245e-05 -3.75873e-06 -0.0178224 0.0877196 -4.17115e-06 -0.000178667 2.73245e-05 -4.17115e-06 0.00956612 -0.0176632 -3.75873e-06 -0.000178667 -0.0176632 0.0874829 
0.00976497 -0.0178567 1.92641e-05 2.60588e-05 -0.0178567 0.0878289 2.25561e-05 -0.000233331 1.92641e-05 2.25561e-05 0.0095747 -0.0176722 2.60588e-05 -0.000233331 -0.0176722 0.0875892 
0.00974476 -0.0178452 2.14108e-05 3.80823e-05 -0.0178452 0.0878418 3.30189e-05 -0.000277481 2.14108e-05 3.30189e-05 0.00958476 -0.0176752 3.80823e-05 -0.000277481 -0.0176752 0.0876123 
0.00972332 -0.0178407 3.88243e-05 3.55719e-05 -0.0178407 0.0878967 2.9103e-05 -0.000287538 3.88243e-05 2.9103e-05 0.00961575 -0.0176958 3.55719e-05 -0.000287538 -0.0176958 0.0877013 
0.00968632 -0.0177671 5.87147e-05 9.77678e-06 -0.0177671 0.087654 4.24048e-06 -0.000243418 5.87147e-05 4.24048e-06 0.00961613 -0.0176896 9.77678e-06 -0.000243418 -0.0176896 0.0875836 
0.00969305 -0.017788 6.78137e-05 -1.72575e-05 -0.017788 0.0878155 -2.10325e-05 -0.000178445 6.78137e-05 -2.10325e-05 0.00965966 -0.0177676 -1.72575e-05 -0.000178445 -0.0177676 0.0879043 
0.00932309 -0.0170793 7.02417e-05 -2.99283e-05 -0.0170793 0.0843728 -2.97534e-05 -0.000124847 7.02417e-05 -2.97534e-05 0.00928868 -0.017108 -2.99283e-05 -0.000124847 -0.017108 0.0845983 
0.00934914 -0.0171031 6.14595e-05 -3.8776e-05 -0.0171031 0.0844532 -3.41416e-05 -9.81108e-05 6.14595e-05 -3.41416e-05 0.00929551 -0.01713 -3.8776e-05 -9.81108e-05 -0.01713 0.0847348 
0.00938444 -0.0171448 4.98456e-05 -2.4688e-05 -0.0171448 0.0845877 -1.84842e-05 -0.000116494 4.98456e-05 -1.84842e-05 0.00928193 -0.0171394 -2.4688e-05 -0.000116494 -0.0171394 0.0848234 
0.00938719 -0.0171549 4.73731e-05 -9.71766e-06 -0.0171549 0.0845523 -2.22261e-06 -0.000153973 4.73731e-05 -2.22261e-06 0.00925803 -0.0170838 -9.71766e-06 -0.000153973 -0.0170838 0.0846505 
0.00940403 -0.0171911 4.80865e-05 -4.61415e-06 -0.0171911 0.0846879 2.69059e-06 -0.000180342 4.80865e-05 2.69059e-06 0.00926174 -0.0170711 -4.61415e-06 -0.000180342 -0.0170711 0.0846258 
0.00942552 -0.0172327 2.66301e-05 -3.57223e-06 -0.0172327 0.0848751 2.1905e-07 -0.000188852 2.66301e-05 2.1905e-07 0.00928114 -0.0170912 -3.57223e-06 -0.000188852 -0.0170912 0.0847083 
0.00942442 -0.0172236 9.88254e-06 2.63094e-05 -0.0172236 0.0848202 2.29651e-05 -0.000231825 9.88254e-06 2.29651e-05 0.00928136 -0.0170779 2.63094e-05 -0.000231825 -0.0170779 0.0846065 
0.00942314 -0.0172139 8.72875e-06 4.9024e-05 -0.0172139 0.0847437 4.62842e-05 -0.00029353 8.72875e-06 4.62842e-05 0.00928793 -0.0170704 4.9024e-05 -0.00029353 -0.0170704 0.0845169 
0.0094383 -0.0172813 1.84558e-05 4.99246e-05 -0.0172813 0.0850527 5.08326e-05 -0.000327215 1.84558e-05 5.08326e-05 0.00934086 -0.0171612 4.99246e-05 -0.000327215 -0.0171612 0.0848764 
0.0094632 -0.0173167 3.84325e-05 3.94868e-05 -0.0173167 0.0853087 4.11149e-05 -0.00032491 3.84325e-05 4.11149e-05 0.00937716 -0.0172524 3.94868e-05 -0.00032491 -0.0172524 0.0852568 
0.00942755 -0.0172925 4.68062e-05 1.5998e-05 -0.0172925 0.0852094 1.63741e-05 -0.000284293 4.68062e-05 1.63741e-05 0.00940176 -0.0172534 1.5998e-05 -0.000284293 -0.0172534 0.0852735 
0.00938463 -0.0172348 5.06933e-05 5.48789e-06 -0.0172348 0.0850351 6.02304e-06 -0.000248654 5.06933e-05 6.02304e-06 0.00941788 -0.0172715 5.48789e-06 -0.000248654 -0.0172715 0.085262 
0.00936316 -0.0171587 5.32823e-05 -1.7057e-06 -0.0171587 0.0847567 -8.01442e-08 -0.000223754 5.32823e-05 -8.01442e-08 0.00940511 -0.0172648 -1.7057e-06 -0.000223754 -0.0172648 0.0851633 
0.00937758 -0.0171523 5.58523e-05 -4.9795e-06 -0.0171523 0.0847022 -4.14413e-06 -0.000210625 5.58523e-05 -4.14413e-06 0.00939366 -0.0172791 -4.9795e-06 -0.000210625 -0.0172791 0.0852261 
0.00936982 -0.0171446 6.31223e-05 -6.48293e-06 -0.0171446 0.0845768 -5.22594e-06 -0.000205264 6.31223e-05 -5.22594e-06 0.0093745 -0.0172289 -6.48293e-06 -0.000205264 -0.0172289 0.0850577 
0.00939261 -0.0171883 7.26404e-05 -1.77198e-05 -0.0171883 0.0847643 -1.29165e-05 -0.000189595 7.26404e-05 -1.29165e-05 0.00937658 -0.0172514 -1.77198e-05 -0.000189595 -0.0172514 0.0851744 
0.00939112 -0.0171957 7.8009e-05 -3.31416e-05 -0.0171957 0.0847845 -2.4344e-05 -0.000158636 7.8009e-05 -2.4344e-05 0.0093625 -0.0172291 -3.31416e-05 -0.000158636 -0.0172291 0.0851152 
0.00939021 -0.0171825 8.64116e-05 -3.9303e-05 -0.0171825 0.084732 -3.13302e-05 -0.000134481 8.64116e-05 -3.13302e-05 0.00933977 -0.0171964 -3.9303e-05 -0.000134481 -0.0171964 0.0849901 
0.0094148 -0.0172481 7.6159e-05 -4.20324e-05 -0.0172481 0.0850252 -4.12186e-05 -0.00012191 7.6159e-05 -4.12186e-05 0.00936391 -0.0172281 -4.20324e-05 -0.00012191 -0.0172281 0.0851946 
0.00944165 -0.0172996 7.07346e-05 -2.70871e-05 -0.0172996 0.0853038 -2.99889e-05 -0.000138658 7.07346e-05 -2.99889e-05 0.00939003 -0.0172687 -2.70871e-05 -0.000138658 -0.0172687 0.0854021 
0.00944993 -0.0173093 6.85794e-05 -2.42243e-05 -0.0173093 0.0853739 -2.47631e-05 -0.000151883 6.85794e-05 -2.47631e-05 0.0094125 -0.0172839 -2.42243e-05 -0.000151883 -0.0172839 0.085464 
0.00947961 -0.0173454 6.50075e-05 -2.29763e-05 -0.0173454 0.0855542 -1.79836e-05 -0.000164101 6.50075e-05 -1.79836e-05 0.00943971 -0.0173418 -2.29763e-05 -0.000164101 -0.0173418 0.0856832 
0.00950582 -0.0173858 5.45545e-05 -1.72224e-05 -0.0173858 0.0857176 -8.08015e-06 -0.000184966 5.45545e-05 -8.08015e-06 0.00946254 -0.0173838 -1.72224e-05 -0.000184966 -0.0173838 0.0858751 
0.00949555 -0.0173803 5.38493e-05 -2.80549e-06 -0.0173803 0.0856489 5.30623e-06 -0.000217592 5.38493e-05 5.30623e-06 0.00945987 -0.0173661 -2.80549e-06 -0.000217592 -0.0173661 0.085788 
0.00944837 -0.0173491 4.41963e-05 7.43978e-06 -0.0173491 0.0855077 9.46609e-06 -0.000251188 4.41963e-05 9.46609e-06 0.00947803 -0.0173481 7.43978e-06 -0.000251188 -0.0173481 0.085662 
0.00943211 -0.0173249 4.6449e-05 2.28412e-05 -0.0173249 0.0855298 1.83354e-05 -0.000284293 4.6449e-05 1.83354e-05 0.00951005 -0.0174152 2.28412e-05 -0.000284293 -0.0174152 0.0858447 
0.00945678 -0.017344 4.28658e-05 1.78778e-05 -0.017344 0.0857094 1.46725e-05 -0.000291187 4.28658e-05 1.46725e-05 0.00954339 -0.0175078 1.78778e-05 -0.000291187 -0.0175078 0.0862412 
0.0094681 -0.0173181 3.31622e-05 1.42742e-05 -0.0173181 0.0855791 1.44754e-05 -0.000280184 3.31622e-05 1.44754e-05 0.00952487 -0.0175011 1.42742e-05 -0.000280184 -0.0175011 0.0862426 
0.00949307 -0.017295 1.53592e-05 2.75401e-05 -0.017295 0.0853702 2.70892e-05 -0.000295189 1.53592e-05 2.70892e-05 0.00948494 -0.0174441 2.75401e-05 -0.000295189 -0.0174441 0.0860279 
