0.0069719 0 3.78803e-05 0 0 0.0099971 0 0 3.78803e-05 0 0.00712076 0 0 0 0 0.0099971 
0.00953108 -0.0118316 2.40955e-05 -2.85476e-05 -0.0118316 0.0315175 -2.85476e-05 5.47819e-05 2.40955e-05 -2.85476e-05 0.00969318 -0.0120296 -2.85476e-05 5.47819e-05 -0.0120296 0.0318969 
0.00978938 -0.0182706 -5.97031e-06 3.15865e-05 -0.0182706 0.0674262 3.15865e-05 -0.00011825 -5.97031e-06 3.15865e-05 0.00992629 -0.0184323 3.15865e-05 -0.00011825 -0.0184323 0.0679165 
0.00924331 -0.0179524 8.11252e-06 0.000144006 -0.0179524 0.0806648 0.000134332 -0.00069006 8.11252e-06 0.000134332 0.00935961 -0.017961 0.000144006 -0.00069006 -0.017961 0.0804027 
0.0089588 -0.0168427 4.85172e-05 0.000111917 -0.0168427 0.0815627 9.95147e-05 -0.000865692 4.85172e-05 9.95147e-05 0.00903913 -0.0168213 0.000111917 -0.000865692 -0.0168213 0.0808513 
0.00923022 -0.0170267 7.87211e-05 2.31299e-05 -0.0170267 0.0839022 1.20219e-05 -0.000630482 7.87211e-05 1.20219e-05 0.00928442 -0.0170059 2.31299e-05 -0.000630482 -0.0170059 0.0832064 
0.00946241 -0.0173679 8.26287e-05 -3.98947e-05 -0.0173679 0.0857268 -4.88965e-05 -0.000323614 8.26287e-05 -4.88965e-05 0.00948346 -0.0173332 -3.98947e-05 -0.000323614 -0.0173332 0.0851395 
0.00963374 -0.017722 8.79163e-05 -4.64358e-05 -0.017722 0.0874487 -5.29945e-05 -0.000166988 8.79163e-05 -5.29945e-05 0.00969827 -0.0176447 -4.64358e-05 -0.000166988 -0.0176447 0.086874 
0.00940475 -0.0173089 9.2058e-05 -4.14192e-05 -0.0173089 0.0855035 -4.54035e-05 -0.000125034 9.2058e-05 -4.54035e-05 0.00949907 -0.0172764 -4.14192e-05 -0.000125034 -0.0172764 0.085004 
0.0096854 -0.0178404 9.06661e-05 -3.79802e-05 -0.0178404 0.0881836 -4.27174e-05 -0.000141622 9.06661e-05 -4.27174e-05 0.00982154 -0.017856 -3.79802e-05 -0.000141622 -0.017856 0.0877953 
0.00961619 -0.0176857 8.00982e-05 -2.6031e-05 -0.0176857 0.0874823 -3.47826e-05 -0.00017105 8.00982e-05 -3.47826e-05 0.00974828 -0.0177649 -2.6031e-05 -0.00017105 -0.0177649 0.08727 
0.00957799 -0.0176111 7.38484e-05 -1.60779e-05 -0.0176111 0.0870849 -2.73529e-05 -0.000196534 7.38484e-05 -2.73529e-05 0.00971812 -0.0176988 -1.60779e-05 -0.000196534 -0.0176988 0.0869815 
0.00955005 -0.0175652 6.80567e-05 -1.42756e-05 -0.0175652 0.0868348 -2.31857e-05 -0.000207104 6.80567e-05 -2.31857e-05 0.00971636 -0.0176632 -1.42756e-05 -0.000207104 -0.0176632 0.0867846 
0.00955802 -0.0175615 4.51425e-05 -5.45604e-06 -0.0175615 0.0868139 -1.15358e-05 -0.000230734 4.51425e-05 -1.15358e-05 0.00971382 -0.0176921 -5.45604e-06 -0.000230734 -0.0176921 0.0868367 
0.00960714 -0.0176251 4.7802e-05 2.17166e-05 -0.0176251 0.0870818 1.31972e-05 -0.000277485 4.7802e-05 1.31972e-05 0.00970609 -0.0177456 2.17166e-05 -0.000277485 -0.0177456 0.0871256 
0.00958395 -0.0176036 5.91289e-05 2.65937e-05 -0.0176036 0.0868897 1.53889e-05 -0.000313367 5.91289e-05 1.53889e-05 0.00966288 -0.0176499 2.65937e-05 -0.000313367 -0.0176499 0.0868138 
0.00956255 -0.0175931 4.62244e-05 1.0242e-05 -0.0175931 0.0868405 3.21418e-06 -0.000301137 4.62244e-05 3.21418e-06 0.0096603 -0.0176124 1.0242e-05 -0.000301137 -0.0176124 0.0866615 
0.0095651 -0.0175651 1.69254e-05 2.01989e-05 -0.0175651 0.0867648 1.89238e-05 -0.000307288 1.69254e-05 1.89238e-05 0.00963662 -0.0176108 2.01989e-05 -0.000307288 -0.0176108 0.0865976 
0.00955548 -0.0175328 2.00057e-06 5.38635e-05 -0.0175328 0.086559 5.57295e-05 -0.00036791 2.00057e-06 5.57295e-05 0.00958775 -0.0175515 5.38635e-05 -0.00036791 -0.0175515 0.0863762 
0.00955564 -0.0175472 1.20429e-05 7.58309e-05 -0.0175472 0.0865743 7.98342e-05 -0.000439216 1.20429e-05 7.98342e-05 0.00956757 -0.0175117 7.58309e-05 -0.000439216 -0.0175117 0.0862843 
0.00951827 -0.017484 3.64922e-05 5.99864e-05 -0.017484 0.086264 6.46424e-05 -0.000437701 3.64922e-05 6.46424e-05 0.00951359 -0.0174138 5.99864e-05 -0.000437701 -0.0174138 0.0858563 
0.00949712 -0.0174086 4.94765e-05 2.13183e-05 -0.0174086 0.0859064 2.87268e-05 -0.00036156 4.94765e-05 2.87268e-05 0.00945228 -0.0173241 2.13183e-05 -0.00036156 -0.0173241 0.0854418 
0.00948822 -0.0173906 6.29989e-05 2.11947e-06 -0.0173906 0.0857433 1.08218e-05 -0.000290916 6.29989e-05 1.08218e-05 0.00942547 -0.0172635 2.11947e-06 -0.000290916 -0.0172635 0.0852021 
0.00946386 -0.0174135 6.0893e-05 -1.74212e-05 -0.0174135 0.0858066 -1.25385e-05 -0.000224189 6.0893e-05 -1.25385e-05 0.00945447 -0.0172537 -1.74212e-05 -0.000224189 -0.0172537 0.0851642 
0.00945207 -0.0173877 4.74891e-05 -1.30213e-05 -0.0173877 0.0858098 -1.68848e-05 -0.00019418 4.74891e-05 -1.68848e-05 0.00947197 -0.0172996 -1.30213e-05 -0.00019418 -0.0172996 0.0852466 
0.00947291 -0.0174245 3.07691e-05 7.92822e-06 -0.0174245 0.0860392 -1.59318e-06 -0.000215829 3.07691e-05 -1.59318e-06 0.00950363 -0.0173816 7.92822e-06 -0.000215829 -0.0173816 0.0856117 
0.00947478 -0.0174435 3.36802e-05 2.93539e-05 -0.0174435 0.0861578 2.3054e-05 -0.000267114 3.36802e-05 2.3054e-05 0.00952337 -0.0174178 2.93539e-05 -0.000267114 -0.0174178 0.0858179 
0.0094925 -0.0174861 4.35315e-05 2.37715e-05 -0.0174861 0.0864166 2.68202e-05 -0.000291752 4.35315e-05 2.68202e-05 0.00957459 -0.0174782 2.37715e-05 -0.000291752 -0.0174782 0.0861239 
0.00954405 -0.0175161 5.88463e-05 1.21506e-05 -0.0175161 0.0866192 2.21875e-05 -0.000289785 5.88463e-05 2.21875e-05 0.00958314 -0.0175498 1.21506e-05 -0.000289785 -0.0175498 0.0864074 
0.00951136 -0.0174633 7.40579e-05 -4.06157e-06 -0.0174633 0.0862376 8.03216e-06 -0.00026639 7.40579e-05 8.03216e-06 0.00955398 -0.0174432 -4.06157e-06 -0.00026639 -0.0174432 0.0859825 
0.00952993 -0.0174695 6.78661e-05 -2.23243e-05 -0.0174695 0.0862272 -1.56266e-05 -0.000222372 6.78661e-05 -1.56266e-05 0.00954391 -0.0174451 -2.23243e-05 -0.000222372 -0.0174451 0.0859168 
0.0095292 -0.0174973 5.72965e-05 -5.27494e-06 -0.0174973 0.0862678 -1.00001e-05 -0.00022708 5.72965e-05 -1.00001e-05 0.00953753 -0.0174315 -5.27494e-06 -0.00022708 -0.0174315 0.085868 
0.00952862 -0.0175546 5.72391e-05 1.06871e-05 -0.0175546 0.086554 -3.2578e-06 -0.000250525 5.72391e-05 -3.2578e-06 0.00958585 -0.0174706 1.06871e-05 -0.000250525 -0.0174706 0.0860671 
0.00951618 -0.0175271 5.5992e-05 1.11937e-05 -0.0175271 0.0865429 -2.44112e-06 -0.000263453 5.5992e-05 -2.44112e-06 0.00960928 -0.0175011 1.11937e-05 -0.000263453 -0.0175011 0.0861107 
0.00953165 -0.0175533 4.52008e-05 6.03065e-06 -0.0175533 0.0867237 1.22497e-06 -0.00026283 4.52008e-05 1.22497e-06 0.00964578 -0.0175802 6.03065e-06 -0.00026283 -0.0175802 0.0864241 
0.00954338 -0.017563 2.9618e-05 1.06022e-05 -0.017563 0.0868043 1.4279e-05 -0.00027039 2.9618e-05 1.4279e-05 0.00965205 -0.0176242 1.06022e-05 -0.00027039 -0.0176242 0.0866245 
0.00952345 -0.0175606 3.17963e-05 2.65047e-05 -0.0175606 0.0867836 3.46996e-05 -0.00029892 3.17963e-05 3.46996e-05 0.00967339 -0.0176102 2.65047e-05 -0.00029892 -0.0176102 0.0866236 
0.0095556 -0.0176089 3.86381e-05 2.30348e-05 -0.0176089 0.0870912 3.51171e-05 -0.000312887 3.86381e-05 3.51171e-05 0.0097075 -0.0176961 2.30348e-05 -0.000312887 -0.0176961 0.0869679 
0.009584 -0.0176361 4.75044e-05 1.34827e-05 -0.0176361 0.0872439 2.41669e-05 -0.000297668 4.75044e-05 2.41669e-05 0.00971242 -0.0177333 1.34827e-05 -0.000297668 -0.0177333 0.0871676 
0.00962249 -0.0176718 6.45534e-05 9.86531e-06 -0.0176718 0.0873829 9.71147e-06 -0.000276918 6.45534e-05 9.71147e-06 0.00971403 -0.0177439 9.86531e-06 -0.000276918 -0.0177439 0.0872882 
0.00961491 -0.0176002 6.12615e-05 -5.91716e-06 -0.0176002 0.0869549 -2.04294e-05 -0.000230812 6.12615e-05 -2.04294e-05 0.00962808 -0.0176393 -5.91716e-06 -0.000230812 -0.0176393 0.0868126 
0.00959205 -0.0176071 3.47063e-05 2.71965e-06 -0.0176071 0.0868354 -1.81803e-05 -0.000218904 3.47063e-05 -1.81803e-05 0.00959437 -0.0175601 2.71965e-06 -0.000218904 -0.0175601 0.0865527 
0.00955183 -0.0175365 3.04178e-05 3.53316e-05 -0.0175365 0.0865172 1.92537e-05 -0.000275117 3.04178e-05 1.92537e-05 0.00955937 -0.0174704 3.53316e-05 -0.000275117 -0.0174704 0.0861339 
0.00949706 -0.0174362 3.66622e-05 4.00336e-05 -0.0174362 0.0860235 3.55395e-05 -0.000328801 3.66622e-05 3.55395e-05 0.00951768 -0.0173689 4.00336e-05 -0.000328801 -0.0173689 0.0856008 
0.00948704 -0.0174471 4.14188e-05 2.89676e-05 -0.0174471 0.0860773 3.30555e-05 -0.000339456 4.14188e-05 3.30555e-05 0.00953209 -0.0174025 2.89676e-05 -0.000339456 -0.0174025 0.0856882 
0.00948978 -0.0174571 4.55126e-05 1.78806e-05 -0.0174571 0.0861883 2.34798e-05 -0.000318041 4.55126e-05 2.34798e-05 0.00953946 -0.0174443 1.78806e-05 -0.000318041 -0.0174443 0.0858691 
0.00950019 -0.0174606 6.25135e-05 1.28182e-05 -0.0174606 0.086251 1.45278e-05 -0.000293656 6.25135e-05 1.45278e-05 0.00954225 -0.0174617 1.28182e-05 -0.000293656 -0.0174617 0.0859944 
0.00952837 -0.017504 7.56764e-05 -1.98231e-06 -0.017504 0.0864575 -3.40008e-06 -0.000265531 7.56764e-05 -3.40008e-06 0.00956912 -0.0174997 -1.98231e-06 -0.000265531 -0.0174997 0.086223 
0.00954466 -0.0175037 6.24268e-05 -2.08473e-05 -0.0175037 0.0864363 -1.96047e-05 -0.000222076 6.24268e-05 -1.96047e-05 0.0095605 -0.0174954 -2.08473e-05 -0.000222076 -0.0174954 0.086199 
0.00959466 -0.0175482 4.19903e-05 -7.69344e-06 -0.0175482 0.0865723 -3.82829e-06 -0.000223981 4.19903e-05 -3.82829e-06 0.00953591 -0.017502 -7.69344e-06 -0.000223981 -0.017502 0.0862673 
0.00961076 -0.0175902 4.84702e-05 1.83599e-05 -0.0175902 0.0866338 1.96359e-05 -0.000269102 4.84702e-05 1.96359e-05 0.00951444 -0.0174507 1.83599e-05 -0.000269102 -0.0174507 0.0861476 
0.00959024 -0.017589 5.06058e-05 1.45023e-05 -0.017589 0.086593 1.19216e-05 -0.000284164 5.06058e-05 1.19216e-05 0.00949728 -0.0174023 1.45023e-05 -0.000284164 -0.0174023 0.0859433 
0.00958485 -0.0176462 2.81047e-05 9.87035e-06 -0.0176462 0.0869219 1.19143e-05 -0.000282316 2.81047e-05 1.19143e-05 0.0095518 -0.0174536 9.87035e-06 -0.000282316 -0.0174536 0.0861883 
0.00953543 -0.0175697 -1.51898e-06 3.76102e-05 -0.0175697 0.0867201 4.31038e-05 -0.000328155 -1.51898e-06 4.31038e-05 0.00956035 -0.0174574 3.76102e-05 -0.000328155 -0.0174574 0.0860942 
0.00949681 -0.0174682 7.80988e-06 7.2096e-05 -0.0174682 0.0863384 7.65192e-05 -0.000402562 7.80988e-06 7.65192e-05 0.00954323 -0.0174364 7.2096e-05 -0.000402562 -0.0174364 0.0859122 
0.00946608 -0.017391 7.02432e-06 6.59548e-05 -0.017391 0.0859524 6.39211e-05 -0.000422676 7.02432e-06 6.39211e-05 0.00950497 -0.0173852 6.59548e-05 -0.000422676 -0.0173852 0.0856498 
0.00948325 -0.0174152 1.76352e-05 7.00555e-05 -0.0174152 0.0860229 5.82193e-05 -0.000420067 1.76352e-05 5.82193e-05 0.00949089 -0.0173937 7.00555e-05 -0.000420067 -0.0173937 0.0857242 
0.00948907 -0.0174078 4.37486e-05 5.37369e-05 -0.0174078 0.0859466 4.05533e-05 -0.000386762 4.37486e-05 4.05533e-05 0.00945534 -0.0173452 5.37369e-05 -0.000386762 -0.0173452 0.0855764 
0.00950249 -0.0173985 6.12559e-05 1.81681e-05 -0.0173985 0.0858373 1.22197e-05 -0.000320732 6.12559e-05 1.22197e-05 0.00941094 -0.0172801 1.81681e-05 -0.000320732 -0.0172801 0.0853383 
0.0095123 -0.01746 6.72484e-05 -5.92944e-06 -0.01746 0.086045 -5.99818e-06 -0.000256496 6.72484e-05 -5.99818e-06 0.00945315 -0.0172843 -5.92944e-06 -0.000256496 -0.0172843 0.0854201 
0.00950894 -0.0175145 7.47479e-05 -1.50077e-05 -0.0175145 0.0863541 -8.94444e-06 -0.000226114 7.47479e-05 -8.94444e-06 0.00952879 -0.0173704 -1.50077e-05 -0.000226114 -0.0173704 0.0857159 
0.00948548 -0.0174511 8.24765e-05 -2.3096e-05 -0.0174511 0.0861905 -1.69617e-05 -0.000205525 8.24765e-05 -1.69617e-05 0.009532 -0.0174078 -2.3096e-05 -0.000205525 -0.0174078 0.0857272 
0.00949812 -0.0174597 7.80134e-05 -2.34751e-05 -0.0174597 0.086259 -2.57111e-05 -0.000198203 7.80134e-05 -2.57111e-05 0.00955884 -0.0174616 -2.34751e-05 -0.000198203 -0.0174616 0.0859699 
0.00954365 -0.01749 7.24604e-05 -1.52621e-05 -0.01749 0.0864079 -2.57828e-05 -0.000200846 7.24604e-05 -2.57828e-05 0.00955643 -0.0175226 -1.52621e-05 -0.000200846 -0.0175226 0.0862492 
0.00951109 -0.0174697 6.4749e-05 -8.86814e-06 -0.0174697 0.0861911 -2.09723e-05 -0.000209622 6.4749e-05 -2.09723e-05 0.00954611 -0.0174435 -8.86814e-06 -0.000209622 -0.0174435 0.085995 
0.00950789 -0.0174606 5.96772e-05 -3.06712e-07 -0.0174606 0.0861774 -8.94401e-06 -0.000232615 5.96772e-05 -8.94401e-06 0.009543 -0.0174502 -3.06712e-07 -0.000232615 -0.0174502 0.0859595 
0.00949234 -0.0174578 5.43019e-05 4.03156e-06 -0.0174578 0.0861744 -3.64562e-06 -0.000249065 5.43019e-05 -3.64562e-06 0.00955299 -0.0174563 4.03156e-06 -0.000249065 -0.0174563 0.0859837 
0.0094651 -0.0174257 4.85491e-05 1.37991e-05 -0.0174257 0.0860816 6.89474e-06 -0.000275041 4.85491e-05 6.89474e-06 0.00955858 -0.0174567 1.37991e-05 -0.000275041 -0.0174567 0.0859525 
0.0094371 -0.0173791 5.11279e-05 1.98279e-05 -0.0173791 0.0859284 1.48713e-05 -0.000297106 5.11279e-05 1.48713e-05 0.00955779 -0.0174584 1.98279e-05 -0.000297106 -0.0174584 0.085918 
0.00945699 -0.0173729 5.669e-05 1.04835e-05 -0.0173729 0.0859447 1.13162e-05 -0.000293188 5.669e-05 1.13162e-05 0.00955163 -0.017485 1.04835e-05 -0.000293188 -0.017485 0.0860382 
0.00949371 -0.0174152 8.37531e-05 -1.65591e-07 -0.0174152 0.0860989 4.45323e-06 -0.000273042 8.37531e-05 4.45323e-06 0.00954224 -0.0175077 -1.65591e-07 -0.000273042 -0.0175077 0.0862191 
0.00949905 -0.017394 7.95079e-05 -3.67828e-05 -0.017394 0.0859186 -2.84903e-05 -0.000206451 7.95079e-05 -2.84903e-05 0.00947665 -0.0174256 -3.67828e-05 -0.000206451 -0.0174256 0.0859391 
0.00946902 -0.0173545 5.64717e-05 -3.15689e-05 -0.0173545 0.0856069 -2.30073e-05 -0.000179812 5.64717e-05 -2.30073e-05 0.00942169 -0.0172866 -3.15689e-05 -0.000179812 -0.0172866 0.0854117 
0.00943758 -0.0173093 4.35764e-05 1.81363e-06 -0.0173093 0.0853594 4.80231e-06 -0.00022558 4.35764e-05 4.80231e-06 0.00938538 -0.0172033 1.81363e-06 -0.00022558 -0.0172033 0.0849962 
0.00941346 -0.0173167 2.40611e-05 2.38831e-05 -0.0173167 0.0854068 2.05775e-05 -0.000284555 2.40611e-05 2.05775e-05 0.00940836 -0.0172087 2.38831e-05 -0.000284555 -0.0172087 0.0849867 
0.0094107 -0.0172936 3.04226e-05 4.91362e-05 -0.0172936 0.0854109 4.20406e-05 -0.000342422 3.04226e-05 4.20406e-05 0.00941465 -0.0172491 4.91362e-05 -0.000342422 -0.0172491 0.0850829 
0.0093971 -0.0172442 4.67035e-05 4.14457e-05 -0.0172442 0.0851912 3.04369e-05 -0.00034908 4.67035e-05 3.04369e-05 0.00939318 -0.0172256 4.14457e-05 -0.00034908 -0.0172256 0.0849733 
0.00939969 -0.0172624 3.93885e-05 2.49024e-05 -0.0172624 0.0852446 8.57186e-06 -0.000316507 3.93885e-05 8.57186e-06 0.0094008 -0.0172403 2.49024e-05 -0.000316507 -0.0172403 0.0850713 
0.00938704 -0.0172854 2.50218e-05 3.02251e-05 -0.0172854 0.0853686 1.24997e-05 -0.000300879 2.50218e-05 1.24997e-05 0.00942684 -0.017264 3.02251e-05 -0.000300879 -0.017264 0.0852056 
0.0093461 -0.0172091 4.00352e-05 4.68978e-05 -0.0172091 0.0851037 2.72443e-05 -0.000319229 4.00352e-05 2.72443e-05 0.00942143 -0.0172366 4.68978e-05 -0.000319229 -0.0172366 0.0850236 
0.00933671 -0.0171857 4.94327e-05 3.13905e-05 -0.0171857 0.0850358 1.46739e-05 -0.000314863 4.94327e-05 1.46739e-05 0.00942377 -0.0172572 3.13905e-05 -0.000314863 -0.0172572 0.0850705 
0.009309 -0.0170941 4.48185e-05 1.27337e-05 -0.0170941 0.0846061 2.36304e-06 -0.000275574 4.48185e-05 2.36304e-06 0.00937342 -0.0171896 1.27337e-05 -0.000275574 -0.0171896 0.0847395 
0.00929596 -0.0170791 3.66253e-05 1.07332e-05 -0.0170791 0.0844648 8.38842e-06 -0.000255944 3.66253e-05 8.38842e-06 0.00936286 -0.0171558 1.07332e-05 -0.000255944 -0.0171558 0.0846169 
0.00931474 -0.0171054 2.76138e-05 1.81992e-05 -0.0171054 0.0845823 2.30519e-05 -0.000271166 2.76138e-05 2.30519e-05 0.00935277 -0.0171798 1.81992e-05 -0.000271166 -0.0171798 0.0847237 
0.00969199 -0.0178045 3.41028e-05 2.7485e-05 -0.0178045 0.0879992 3.64519e-05 -0.00030566 3.41028e-05 3.64519e-05 0.00970563 -0.0178362 2.7485e-05 -0.00030566 -0.0178362 0.0880678 
0.00966235 -0.0177638 4.46156e-05 2.04989e-05 -0.0177638 0.0877959 3.06375e-05 -0.00030411 4.46156e-05 3.06375e-05 0.00968049 -0.0177627 2.04989e-05 -0.00030411 -0.0177627 0.0877717 
0.00963811 -0.0177133 5.11966e-05 4.80273e-06 -0.0177133 0.0875744 1.27611e-05 -0.000268637 5.11966e-05 1.27611e-05 0.00964421 -0.0177161 4.80273e-06 -0.000268637 -0.0177161 0.0875172 
0.00957167 -0.0175936 4.98391e-05 -1.89816e-06 -0.0175936 0.0869766 4.83455e-06 -0.000238143 4.98391e-05 4.83455e-06 0.00957761 -0.0175795 -1.89816e-06 -0.000238143 -0.0175795 0.0868862 
0.00954736 -0.0175648 3.4792e-05 2.22809e-06 -0.0175648 0.0868385 8.60696e-06 -0.000237378 3.4792e-05 8.60696e-06 0.00956634 -0.0175542 2.22809e-06 -0.000237378 -0.0175542 0.0867416 
0.00953413 -0.0175387 3.60811e-05 1.88523e-05 -0.0175387 0.0867441 2.56778e-05 -0.000262639 3.60811e-05 2.56778e-05 0.00955913 -0.0175451 1.88523e-05 -0.000262639 -0.0175451 0.0866741 
0.00954226 -0.0175992 3.10447e-05 2.08397e-05 -0.0175992 0.0870515 2.34122e-05 -0.00027949 3.10447e-05 2.34122e-05 0.00961595 -0.0176131 2.08397e-05 -0.00027949 -0.0176131 0.0870074 
0.0095602 -0.017584 2.36744e-05 2.69016e-05 -0.017584 0.0870973 2.29503e-05 -0.000282001 2.36744e-05 2.29503e-05 0.00961714 -0.0176697 2.69016e-05 -0.000282001 -0.0176697 0.0871891 
0.00961839 -0.0176454 4.72552e-05 3.7255e-05 -0.0176454 0.0873546 2.80366e-05 -0.000292188 4.72552e-05 2.80366e-05 0.00961093 -0.0177215 3.7255e-05 -0.000292188 -0.0177215 0.087519 
0.00963274 -0.0176974 6.20137e-05 7.54151e-06 -0.0176974 0.0874903 -2.82837e-06 -0.000247801 6.20137e-05 -2.82837e-06 0.009606 -0.0176868 7.54151e-06 -0.000247801 -0.0176868 0.087529 
0.00960349 -0.0176438 6.65239e-05 -1.69255e-05 -0.0176438 0.087235 -2.32698e-05 -0.000179537 6.65239e-05 -2.32698e-05 0.00958357 -0.017605 -1.69255e-05 -0.000179537 -0.017605 0.0871542 
0.0095814 -0.0176422 6.98123e-05 -2.58348e-05 -0.0176422 0.0872319 -2.56787e-05 -0.000145325 6.98123e-05 -2.56787e-05 0.00961162 -0.0176147 -2.58348e-05 -0.000145325 -0.0176147 0.0871302 
0.0095502 -0.0175733 7.2612e-05 -3.27987e-05 -0.0175733 0.0869762 -3.04912e-05 -0.0001237 7.2612e-05 -3.04912e-05 0.00959688 -0.0176069 -3.27987e-05 -0.0001237 -0.0176069 0.0869695 
0.00954481 -0.0175512 5.69758e-05 -3.75578e-05 -0.0175512 0.0868712 -4.0025e-05 -9.84725e-05 5.69758e-05 -4.0025e-05 0.00957937 -0.0176028 -3.75578e-05 -9.84725e-05 -0.0176028 0.0869388 
0.00954382 -0.017532 4.13418e-05 -1.51944e-05 -0.017532 0.0867447 -2.20574e-05 -0.000119548 4.13418e-05 -2.20574e-05 0.00954223 -0.0175585 -1.51944e-05 -0.000119548 -0.0175585 0.0867827 
0.0095488 -0.0175448 3.81538e-05 8.01803e-06 -0.0175448 0.0867465 -3.09726e-06 -0.0001671 3.81538e-05 -3.09726e-06 0.00952687 -0.0175175 8.01803e-06 -0.0001671 -0.0175175 0.0866664 
0.00955186 -0.0175625 4.68426e-05 9.46382e-06 -0.0175625 0.086815 -1.91065e-06 -0.000186813 4.68426e-05 -1.91065e-06 0.0095134 -0.0175082 9.46382e-06 -0.000186813 -0.0175082 0.0866308 
0.00953836 -0.0175212 3.51822e-05 -5.26686e-06 -0.0175212 0.0866382 -1.02416e-05 -0.000171308 3.51822e-05 -1.02416e-05 0.00947365 -0.0174579 -5.26686e-06 -0.000171308 -0.0174579 0.0864203 
0.00950781 -0.0174604 1.65597e-05 8.25783e-06 -0.0174604 0.0863077 6.87063e-06 -0.0001847 1.65597e-05 6.87063e-06 0.00942631 -0.0173643 8.25783e-06 -0.0001847 -0.0173643 0.0860329 
0.00948747 -0.0174653 2.91044e-05 3.3827e-05 -0.0174653 0.086314 3.02482e-05 -0.000234569 2.91044e-05 3.02482e-05 0.00943247 -0.017352 3.3827e-05 -0.000234569 -0.017352 0.0859923 
0.00947776 -0.0174553 4.04303e-05 1.89022e-05 -0.0174553 0.0863486 1.91563e-05 -0.000241302 4.04303e-05 1.91563e-05 0.00943721 -0.017373 1.89022e-05 -0.000241302 -0.017373 0.0860583 
0.00943715 -0.0173966 4.6447e-05 3.14874e-06 -0.0173966 0.0861116 8.76906e-06 -0.000216985 4.6447e-05 8.76906e-06 0.00942808 -0.0173319 3.14874e-06 -0.000216985 -0.0173319 0.0858732 
0.00939051 -0.0173074 4.0492e-05 -1.12458e-05 -0.0173074 0.085747 -6.4113e-06 -0.000172459 4.0492e-05 -6.4113e-06 0.00941067 -0.0172891 -1.12458e-05 -0.000172459 -0.0172891 0.0856102 
0.00940354 -0.0172597 4.45224e-05 -2.54598e-06 -0.0172597 0.085552 -2.80363e-06 -0.000160826 4.45224e-05 -2.80363e-06 0.00937913 -0.0172883 -2.54598e-06 -0.000160826 -0.0172883 0.085548 
0.00942187 -0.0172928 5.23907e-05 -7.30876e-06 -0.0172928 0.0855831 -1.1959e-05 -0.000146605 5.23907e-05 -1.1959e-05 0.0093771 -0.0172759 -7.30876e-06 -0.000146605 -0.0172759 0.0855774 
0.00945307 -0.0173456 6.02626e-05 -1.88759e-05 -0.0173456 0.0857717 -2.22228e-05 -0.0001193 6.02626e-05 -2.22228e-05 0.00938283 -0.0172918 -1.88759e-05 -0.0001193 -0.0172918 0.0856786 
0.00945754 -0.0173507 6.45601e-05 -3.21578e-05 -0.0173507 0.0857464 -3.16553e-05 -8.68192e-05 6.45601e-05 -3.16553e-05 0.0093757 -0.0172653 -3.21578e-05 -8.68192e-05 -0.0172653 0.0855678 
0.00944709 -0.0173705 6.99194e-05 -3.68093e-05 -0.0173705 0.085802 -3.44307e-05 -6.96691e-05 6.99194e-05 -3.44307e-05 0.00939404 -0.0172681 -3.68093e-05 -6.96691e-05 -0.0172681 0.0855598 
0.00947141 -0.0174038 5.26953e-05 -4.11345e-05 -0.0174038 0.0860141 -3.73342e-05 -6.32256e-05 5.26953e-05 -3.73342e-05 0.00940798 -0.0173241 -4.11345e-05 -6.32256e-05 -0.0173241 0.085767 
0.00949279 -0.0174653 2.99596e-05 -1.83797e-05 -0.0174653 0.0863005 -1.16418e-05 -0.000102516 2.99596e-05 -1.16418e-05 0.00942826 -0.0173675 -1.83797e-05 -0.000102516 -0.0173675 0.086024 
0.00948814 -0.0175063 3.09044e-05 1.08858e-05 -0.0175063 0.0865402 1.93848e-05 -0.000173063 3.09044e-05 1.93848e-05 0.00947127 -0.0173967 1.08858e-05 -0.000173063 -0.0173967 0.0862084 
0.00949407 -0.0175144 3.93437e-05 1.50614e-05 -0.0175144 0.0867217 2.2997e-05 -0.000218533 3.93437e-05 2.2997e-05 0.00950991 -0.0174671 1.50614e-05 -0.000218533 -0.0174671 0.0864621 
0.00945679 -0.0174639 3.39914e-05 2.141e-06 -0.0174639 0.0865394 7.66284e-06 -0.000205244 3.39914e-05 7.66284e-06 0.00952548 -0.017462 2.141e-06 -0.000205244 -0.017462 0.0863997 
0.00944259 -0.0174247 3.34677e-05 3.45158e-06 -0.0174247 0.0864371 5.34998e-06 -0.000185627 3.34677e-05 5.34998e-06 0.00954038 -0.0174971 3.45158e-06 -0.000185627 -0.0174971 0.0864715 
0.00941967 -0.017373 3.8921e-05 4.40473e-06 -0.017373 0.0862045 7.30805e-06 -0.000181314 3.8921e-05 7.30805e-06 0.00953594 -0.0174866 4.40473e-06 -0.000181314 -0.0174866 0.0863863 
0.00941319 -0.0173675 3.81489e-05 -1.32603e-06 -0.0173675 0.0861749 3.69661e-06 -0.000175314 3.81489e-05 3.69661e-06 0.00955051 -0.0175065 -1.32603e-06 -0.000175314 -0.0175065 0.0864539 
0.00945806 -0.0173975 3.45741e-05 1.19731e-06 -0.0173975 0.0863439 3.58435e-06 -0.000175133 3.45741e-05 3.58435e-06 0.00955545 -0.0175654 1.19731e-06 -0.000175133 -0.0175654 0.0867078 
0.00948452 -0.0174137 4.77765e-05 3.00973e-06 -0.0174137 0.086314 2.39942e-06 -0.00017121 4.77765e-05 2.39942e-06 0.0095218 -0.0175316 3.00973e-06 -0.00017121 -0.0175316 0.0866338 
0.00950821 -0.0174566 4.70452e-05 -1.00903e-05 -0.0174566 0.0863981 -1.46844e-05 -0.000147639 4.70452e-05 -1.46844e-05 0.00949284 -0.0174924 -1.00903e-05 -0.000147639 -0.0174924 0.0865461 
0.00952896 -0.0175253 3.5571e-05 -7.36016e-06 -0.0175253 0.0866759 -1.32679e-05 -0.000139697 3.5571e-05 -1.32679e-05 0.00950449 -0.0174951 -7.36016e-06 -0.000139697 -0.0174951 0.0866418 
0.00951355 -0.0175492 3.95192e-05 6.62728e-06 -0.0175492 0.0868248 3.77167e-06 -0.000164788 3.95192e-05 3.77167e-06 0.00953969 -0.0175037 6.62728e-06 -0.000164788 -0.0175037 0.0866892 
0.00950074 -0.0175223 2.66279e-05 2.41921e-07 -0.0175223 0.0868079 4.15039e-06 -0.000176353 2.66279e-05 4.15039e-06 0.00955821 -0.0175279 2.41921e-07 -0.000176353 -0.0175279 0.0867057 
0.0094872 -0.0174512 2.94972e-05 9.62322e-06 -0.0174512 0.0865042 1.47757e-05 -0.000187236 2.94972e-05 1.47757e-05 0.00952667 -0.017499 9.62322e-06 -0.000187236 -0.017499 0.0864996 
0.0094758 -0.0174255 4.62754e-05 4.59918e-06 -0.0174255 0.0863107 1.14334e-05 -0.000185696 4.62754e-05 1.14334e-05 0.00950848 -0.0174669 4.59918e-06 -0.000185696 -0.0174669 0.0863558 
0.00948049 -0.0174389 4.61905e-05 -1.34685e-05 -0.0174389 0.0863217 -6.11933e-06 -0.000157704 4.61905e-05 -6.11933e-06 0.00949212 -0.0174557 -1.34685e-05 -0.000157704 -0.0174557 0.0863181 
0.00952796 -0.0174967 3.93325e-05 -1.59008e-05 -0.0174967 0.0865902 -1.32646e-05 -0.000129864 3.93325e-05 -1.32646e-05 0.00947712 -0.0174845 -1.59008e-05 -0.000129864 -0.0174845 0.0865106 
0.00950508 -0.0175077 2.93127e-05 -9.96765e-06 -0.0175077 0.0865675 -9.50426e-06 -0.000123183 2.93127e-05 -9.50426e-06 0.0094681 -0.0174151 -9.96765e-06 -0.000123183 -0.0174151 0.0863242 
0.00946286 -0.0174285 2.59059e-05 7.99874e-06 -0.0174285 0.086264 6.19447e-06 -0.000153428 2.59059e-05 6.19447e-06 0.00944914 -0.0173534 7.99874e-06 -0.000153428 -0.0173534 0.085971 
0.00945734 -0.0174016 2.71221e-05 1.41917e-05 -0.0174016 0.0861723 1.07062e-05 -0.000177494 2.71221e-05 1.07062e-05 0.00945881 -0.017366 1.41917e-05 -0.000177494 -0.017366 0.0859516 
0.00947169 -0.0174567 2.9216e-05 1.36346e-05 -0.0174567 0.0864204 1.0502e-05 -0.000186693 2.9216e-05 1.0502e-05 0.00950592 -0.0174381 1.36346e-05 -0.000186693 -0.0174381 0.08626 
0.00950046 -0.0174829 2.78062e-05 8.82093e-06 -0.0174829 0.086605 9.91633e-06 -0.0001862 2.78062e-05 9.91633e-06 0.00951892 -0.0175047 8.82093e-06 -0.0001862 -0.0175047 0.0865275 
0.0095062 -0.0174978 4.09775e-05 6.41279e-06 -0.0174978 0.0866383 1.34854e-05 -0.000183766 4.09775e-05 1.34854e-05 0.00952407 -0.0174976 6.41279e-06 -0.000183766 -0.0174976 0.0865622 
0.00947777 -0.0174976 6.19258e-05 -1.02171e-05 -0.0174976 0.0866156 7.89025e-08 -0.000162006 6.19258e-05 7.89025e-08 0.00954473 -0.017477 -1.02171e-05 -0.000162006 -0.017477 0.0864676 
0.00944367 -0.0174407 6.133e-05 -3.94197e-05 -0.0174407 0.0864489 -2.68915e-05 -0.000103836 6.133e-05 -2.68915e-05 0.0095637 -0.0174881 -3.94197e-05 -0.000103836 -0.0174881 0.0863837 
0.00947438 -0.017425 5.95873e-05 -4.10813e-05 -0.017425 0.0864364 -3.2992e-05 -6.73991e-05 5.95873e-05 -3.2992e-05 0.00954992 -0.0175445 -4.10813e-05 -6.73991e-05 -0.0175445 0.0865398 
0.00950516 -0.0174458 4.22519e-05 -3.08814e-05 -0.0174458 0.0864064 -2.84999e-05 -7.37983e-05 4.22519e-05 -2.84999e-05 0.00950953 -0.0175146 -3.08814e-05 -7.37983e-05 -0.0175146 0.0865114 
0.00950499 -0.0174783 2.89105e-05 -4.12923e-06 -0.0174783 0.0864239 -3.6704e-06 -0.000124416 2.89105e-05 -3.6704e-06 0.00949508 -0.0174486 -4.12923e-06 -0.000124416 -0.0174486 0.0863371 
0.00953057 -0.0175532 3.25981e-05 1.67971e-05 -0.0175532 0.0867821 1.49017e-05 -0.000183505 3.25981e-05 1.49017e-05 0.00953093 -0.0174871 1.67971e-05 -0.000183505 -0.0174871 0.0865221 
0.00955294 -0.0176157 2.15721e-05 1.5666e-05 -0.0176157 0.0871396 1.52428e-05 -0.000214822 2.15721e-05 1.52428e-05 0.00957466 -0.0175637 1.5666e-05 -0.000214822 -0.0175637 0.0868444 
0.00957807 -0.0176766 2.06865e-05 2.54042e-05 -0.0176766 0.087498 2.85948e-05 -0.000239876 2.06865e-05 2.85948e-05 0.00961875 -0.0176423 2.54042e-05 -0.000239876 -0.0176423 0.0872132 
0.00961514 -0.0177005 3.10759e-05 2.44604e-05 -0.0177005 0.0876985 3.07642e-05 -0.000251724 3.10759e-05 3.07642e-05 0.00964273 -0.0177063 2.44604e-05 -0.000251724 -0.0177063 0.0875017 
0.00963907 -0.0177301 3.19832e-05 1.25849e-05 -0.0177301 0.0878018 2.05299e-05 -0.00024064 3.19832e-05 2.05299e-05 0.00966501 -0.0177329 1.25849e-05 -0.00024064 -0.0177329 0.0876574 
0.00964307 -0.0177065 2.88559e-05 1.28565e-05 -0.0177065 0.0876348 1.90147e-05 -0.000232275 2.88559e-05 1.90147e-05 0.00964682 -0.0177027 1.28565e-05 -0.000232275 -0.0177027 0.0874907 
0.00966642 -0.0177489 4.67425e-05 1.6211e-05 -0.0177489 0.0877515 1.83425e-05 -0.00023041 4.67425e-05 1.83425e-05 0.00965272 -0.0177175 1.6211e-05 -0.00023041 -0.0177175 0.0875641 
0.00969301 -0.0178039 5.41303e-05 -7.33903e-06 -0.0178039 0.0879655 -8.23433e-06 -0.000188725 5.41303e-05 -8.23433e-06 0.00965976 -0.0177414 -7.33903e-06 -0.000188725 -0.0177414 0.0876924 
0.00972114 -0.0178424 5.5119e-05 -1.67713e-05 -0.0178424 0.0881221 -1.95653e-05 -0.000149514 5.5119e-05 -1.95653e-05 0.00965265 -0.0177406 -1.67713e-05 -0.000149514 -0.0177406 0.0877305 
