0.00716291 0 9.8165e-05 0 0 0.00991906 0 0 9.8165e-05 0 0.00686113 0 0 0 0 0.00991906 
0.00976456 -0.0121171 0.000101581 -0.000123078 -0.0121171 0.0320041 -0.000123078 0.000235824 0.000101581 -0.000123078 0.0093849 -0.0116527 -0.000123078 0.000235824 -0.0116527 0.0311135 
0.00995166 -0.0186126 6.78477e-05 -7.63933e-05 -0.0186126 0.0684641 -7.63933e-05 0.000220557 6.78477e-05 -7.63933e-05 0.00974997 -0.0180988 -7.63933e-05 0.000220557 -0.0180988 0.0668572 
0.00930865 -0.0179999 5.759e-05 6.53641e-05 -0.0179999 0.0807264 5.62305e-05 -0.000456678 5.759e-05 5.62305e-05 0.0092536 -0.0178552 6.53641e-05 -0.000456678 -0.0178552 0.0800918 
0.00901476 -0.0168325 7.32719e-05 6.96384e-05 -0.0168325 0.0812013 5.36319e-05 -0.000765312 7.32719e-05 5.36319e-05 0.00899345 -0.0168839 6.96384e-05 -0.000765312 -0.0168839 0.0814649 
0.0096942 -0.0177892 5.33332e-05 7.00981e-06 -0.0177892 0.087273 -6.44195e-06 -0.000631778 5.33332e-05 -6.44195e-06 0.00966016 -0.017853 7.00981e-06 -0.000631778 -0.017853 0.0877802 
0.00939384 -0.0171963 3.44615e-05 4.33713e-06 -0.0171963 0.0846178 -2.76367e-06 -0.000406688 3.44615e-05 -2.76367e-06 0.00938071 -0.017231 4.33713e-06 -0.000406688 -0.017231 0.0850411 
0.00998742 -0.0182591 2.2784e-05 2.75715e-05 -0.0182591 0.0900255 1.87597e-05 -0.000361337 2.2784e-05 1.87597e-05 0.00999268 -0.0183279 2.75715e-05 -0.000361337 -0.0183279 0.0904737 
0.00978558 -0.0178741 2.30859e-05 4.95682e-05 -0.0178741 0.0881846 4.11003e-05 -0.000365121 2.30859e-05 4.11003e-05 0.00979303 -0.0179699 4.95682e-05 -0.000365121 -0.0179699 0.0886834 
0.0096964 -0.0176798 3.76421e-05 5.22395e-05 -0.0176798 0.0872065 4.73674e-05 -0.000384834 3.76421e-05 4.73674e-05 0.00967647 -0.0177744 5.22395e-05 -0.000384834 -0.0177744 0.087722 
0.0096733 -0.0176195 5.62413e-05 3.16228e-05 -0.0176195 0.0868088 3.11769e-05 -0.000364915 5.62413e-05 3.11769e-05 0.00960653 -0.0176735 3.16228e-05 -0.000364915 -0.0176735 0.0872582 
0.00964677 -0.0175618 3.74112e-05 6.56034e-06 -0.0175618 0.0864201 5.59707e-06 -0.000312366 3.74112e-05 5.59707e-06 0.00953384 -0.0175499 6.56034e-06 -0.000312366 -0.0175499 0.0867215 
0.00961295 -0.0175677 3.29099e-05 2.92547e-05 -0.0175677 0.0863682 2.39363e-05 -0.000317559 3.29099e-05 2.39363e-05 0.00953316 -0.0174946 2.92547e-05 -0.000317559 -0.0174946 0.0864981 
0.00953572 -0.0174595 5.6595e-05 3.57125e-05 -0.0174595 0.0859343 3.15533e-05 -0.000339297 5.6595e-05 3.15533e-05 0.00951661 -0.0174237 3.57125e-05 -0.000339297 -0.0174237 0.0860475 
0.00954459 -0.0174362 5.90393e-05 7.95865e-06 -0.0174362 0.0859193 8.55715e-06 -0.000314317 5.90393e-05 8.55715e-06 0.00950834 -0.0174726 7.95865e-06 -0.000314317 -0.0174726 0.0861543 
0.00955762 -0.0174799 4.33705e-05 -1.01836e-06 -0.0174799 0.0860919 3.35185e-06 -0.000280924 4.33705e-05 3.35185e-06 0.00953021 -0.017502 -1.01836e-06 -0.000280924 -0.017502 0.0863707 
0.00957806 -0.0174979 1.43444e-05 1.84807e-05 -0.0174979 0.0862206 2.51136e-05 -0.000302256 1.43444e-05 2.51136e-05 0.00952363 -0.0175364 1.84807e-05 -0.000302256 -0.0175364 0.0865323 
0.00960636 -0.0175654 8.98851e-06 5.09614e-05 -0.0175654 0.0865192 5.883e-05 -0.000365117 8.98851e-06 5.883e-05 0.0095262 -0.0175628 5.09614e-05 -0.000365117 -0.0175628 0.0867748 
0.0095892 -0.0175473 1.57159e-05 6.27158e-05 -0.0175473 0.0864462 6.90894e-05 -0.000416005 1.57159e-05 6.90894e-05 0.00950071 -0.017501 6.27158e-05 -0.000416005 -0.017501 0.0865869 
0.00952175 -0.0174615 2.57419e-05 5.14845e-05 -0.0174615 0.086061 5.77731e-05 -0.000408979 2.57419e-05 5.77731e-05 0.00948752 -0.0173991 5.14845e-05 -0.000408979 -0.0173991 0.0861166 
0.00948195 -0.0173762 3.0808e-05 3.66892e-05 -0.0173762 0.0857425 4.00386e-05 -0.00036963 3.0808e-05 4.00386e-05 0.00947517 -0.0173749 3.66892e-05 -0.00036963 -0.0173749 0.0858541 
0.00946231 -0.0173309 2.31919e-05 2.8405e-05 -0.0173309 0.0855455 2.83337e-05 -0.000331506 2.31919e-05 2.83337e-05 0.00946571 -0.0173743 2.8405e-05 -0.000331506 -0.0173743 0.0857777 
0.00945128 -0.0173218 2.78473e-05 3.4755e-05 -0.0173218 0.0854893 3.13657e-05 -0.000317908 2.78473e-05 3.13657e-05 0.00947452 -0.0173757 3.4755e-05 -0.000317908 -0.0173757 0.0857849 
0.00943088 -0.0172706 3.85412e-05 2.91696e-05 -0.0172706 0.0852696 2.35319e-05 -0.000302482 3.85412e-05 2.35319e-05 0.00945058 -0.0173571 2.91696e-05 -0.000302482 -0.0173571 0.0856437 
0.00946666 -0.0172975 4.60007e-05 1.8506e-05 -0.0172975 0.085394 1.04991e-05 -0.000277297 4.60007e-05 1.04991e-05 0.00943868 -0.0173915 1.8506e-05 -0.000277297 -0.0173915 0.0858301 
0.00945909 -0.0173004 4.37556e-05 4.50342e-06 -0.0173004 0.0853211 -4.63137e-06 -0.000233673 4.37556e-05 -4.63137e-06 0.00941629 -0.017339 4.50342e-06 -0.000233673 -0.017339 0.0857003 
0.0094264 -0.0172737 5.16099e-05 7.36745e-06 -0.0172737 0.0851891 3.0534e-08 -0.000222017 5.16099e-05 3.0534e-08 0.00940861 -0.0172911 7.36745e-06 -0.000222017 -0.0172911 0.0854953 
0.00936401 -0.0171908 5.16962e-05 7.53723e-07 -0.0171908 0.084849 -6.32693e-06 -0.000214326 5.16962e-05 -6.32693e-06 0.00940398 -0.0172374 7.53723e-07 -0.000214326 -0.0172374 0.0851744 
0.00931872 -0.0171213 6.01342e-05 -1.32342e-06 -0.0171213 0.0846044 -8.36318e-06 -0.000203767 6.01342e-05 -8.36318e-06 0.00940563 -0.0172398 -1.32342e-06 -0.000203767 -0.0172398 0.0850628 
0.00933248 -0.0170678 5.25433e-05 -1.15598e-05 -0.0170678 0.0844226 -1.57342e-05 -0.000187444 5.25433e-05 -1.57342e-05 0.00936582 -0.0172551 -1.15598e-05 -0.000187444 -0.0172551 0.0850667 
0.00937108 -0.0170751 4.13283e-05 -7.91382e-06 -0.0170751 0.0843223 -5.54001e-06 -0.000186776 4.13283e-05 -5.54001e-06 0.00931229 -0.0172021 -7.91382e-06 -0.000186776 -0.0172021 0.0849562 
0.00944814 -0.0171918 3.50712e-05 6.63301e-06 -0.0171918 0.0847062 1.14457e-05 -0.000215775 3.50712e-05 1.14457e-05 0.00929693 -0.0172117 6.63301e-06 -0.000215775 -0.0172117 0.0851587 
0.00947082 -0.0173013 2.92787e-05 1.73982e-05 -0.0173013 0.0850852 2.00594e-05 -0.000246944 2.92787e-05 2.00594e-05 0.00932152 -0.0171912 1.73982e-05 -0.000246944 -0.0171912 0.0852312 
0.00948194 -0.017344 4.46198e-05 2.2887e-05 -0.017344 0.085358 2.57883e-05 -0.000265007 4.46198e-05 2.57883e-05 0.00935085 -0.0172207 2.2887e-05 -0.000265007 -0.0172207 0.0853282 
0.00947272 -0.0173271 6.00537e-05 3.34149e-06 -0.0173271 0.0853359 2.40733e-06 -0.000235923 6.00537e-05 2.40733e-06 0.0093626 -0.017222 3.34149e-06 -0.000235923 -0.017222 0.0852788 
0.00944497 -0.0172987 6.57401e-05 -1.30693e-05 -0.0172987 0.0852138 -1.74964e-05 -0.000191425 6.57401e-05 -1.74964e-05 0.00937094 -0.0172124 -1.30693e-05 -0.000191425 -0.0172124 0.0851735 
0.00943918 -0.0173022 4.21089e-05 -1.8121e-05 -0.0173022 0.0853038 -2.0846e-05 -0.000171062 4.21089e-05 -2.0846e-05 0.0093993 -0.0172726 -1.8121e-05 -0.000171062 -0.0172726 0.0853725 
0.0094334 -0.0172819 1.78774e-05 9.28039e-06 -0.0172819 0.0852814 1.05505e-05 -0.000211038 1.78774e-05 1.05505e-05 0.00940157 -0.017306 9.28039e-06 -0.000211038 -0.017306 0.0855 
0.00941623 -0.0172517 7.70289e-06 3.87494e-05 -0.0172517 0.0851493 4.32239e-05 -0.000284686 7.70289e-06 4.32239e-05 0.00939153 -0.0172852 3.87494e-05 -0.000284686 -0.0172852 0.0854458 
0.00937964 -0.0172015 5.12066e-07 5.02497e-05 -0.0172015 0.0849085 5.90142e-05 -0.000338922 5.12066e-07 5.90142e-05 0.00937885 -0.0172324 5.02497e-05 -0.000338922 -0.0172324 0.0852099 
0.00936845 -0.017157 7.92114e-08 5.8334e-05 -0.017157 0.0847401 7.1706e-05 -0.00037505 7.92114e-08 7.1706e-05 0.00936075 -0.0172205 5.8334e-05 -0.00037505 -0.0172205 0.085094 
0.00935826 -0.0171296 7.33774e-06 5.64368e-05 -0.0171296 0.0845742 7.04845e-05 -0.000382736 7.33774e-06 7.04845e-05 0.00934172 -0.0171854 5.64368e-05 -0.000382736 -0.0171854 0.0849431 
0.00935983 -0.0171378 1.88291e-05 4.72438e-05 -0.0171378 0.084576 5.98849e-05 -0.000368646 1.88291e-05 5.98849e-05 0.00932834 -0.0171721 4.72438e-05 -0.000368646 -0.0171721 0.0848948 
0.00940878 -0.0171759 3.03172e-05 3.32549e-05 -0.0171759 0.0847505 4.22784e-05 -0.000333656 3.03172e-05 4.22784e-05 0.00930211 -0.0171833 3.32549e-05 -0.000333656 -0.0171833 0.084989 
0.00940874 -0.017179 3.6907e-05 1.98331e-05 -0.017179 0.0846318 2.30143e-05 -0.000289296 3.6907e-05 2.30143e-05 0.00926201 -0.0170853 1.98331e-05 -0.000289296 -0.0170853 0.0846669 
0.00943539 -0.0172064 2.59505e-05 1.17665e-05 -0.0172064 0.0847077 1.19662e-05 -0.000254054 2.59505e-05 1.19662e-05 0.00923365 -0.0170558 1.17665e-05 -0.000254054 -0.0170558 0.0845454 
0.00941152 -0.0172243 2.63446e-05 2.32136e-05 -0.0172243 0.0847243 2.68445e-05 -0.000259757 2.63446e-05 2.68445e-05 0.00924184 -0.0170157 2.32136e-05 -0.000259757 -0.0170157 0.0844061 
0.00936688 -0.0171899 3.33474e-05 2.46885e-05 -0.0171899 0.0846422 2.44679e-05 -0.000266581 3.33474e-05 2.44679e-05 0.00927029 -0.0170081 2.46885e-05 -0.000266581 -0.0170081 0.0842828 
0.00935088 -0.0171563 3.77761e-05 1.92384e-05 -0.0171563 0.084619 1.0127e-05 -0.000249908 3.77761e-05 1.0127e-05 0.0093053 -0.01707 1.92384e-05 -0.000249908 -0.01707 0.0844152 
0.009366 -0.0171884 6.03014e-05 1.46585e-05 -0.0171884 0.0848392 -2.67828e-08 -0.000227595 6.03014e-05 -2.67828e-08 0.00936728 -0.0171758 1.46585e-05 -0.000227595 -0.0171758 0.0848411 
0.0094058 -0.0172204 6.13831e-05 -1.71647e-05 -0.0172204 0.085052 -2.83265e-05 -0.000170023 6.13831e-05 -2.83265e-05 0.0093932 -0.0172783 -1.71647e-05 -0.000170023 -0.0172783 0.0852621 
0.00945241 -0.0172698 7.03051e-05 -2.23118e-05 -0.0172698 0.0852344 -2.84233e-05 -0.000136078 7.03051e-05 -2.84233e-05 0.00940607 -0.0173169 -2.23118e-05 -0.000136078 -0.0173169 0.0855262 
0.00944862 -0.0173301 7.48608e-05 -2.66291e-05 -0.0173301 0.0854248 -3.15092e-05 -0.000131902 7.48608e-05 -3.15092e-05 0.00944656 -0.0173306 -2.66291e-05 -0.000131902 -0.0173306 0.0856588 
0.00945412 -0.0173435 6.59916e-05 -2.8569e-05 -0.0173435 0.0855939 -3.3749e-05 -0.000131744 6.59916e-05 -3.3749e-05 0.00947768 -0.0173958 -2.8569e-05 -0.000131744 -0.0173958 0.0858735 
0.00947429 -0.0173608 5.18103e-05 -1.52578e-05 -0.0173608 0.0857416 -1.84478e-05 -0.000159841 5.18103e-05 -1.84478e-05 0.00950596 -0.01746 -1.52578e-05 -0.000159841 -0.01746 0.0861504 
0.0094807 -0.0173237 4.94047e-05 1.5038e-06 -0.0173237 0.0855586 1.00204e-06 -0.000203896 4.94047e-05 1.00204e-06 0.0094819 -0.0174449 1.5038e-06 -0.000203896 -0.0174449 0.0860729 
0.00952612 -0.0173877 4.44349e-05 5.12855e-06 -0.0173877 0.0857668 6.72769e-06 -0.00023484 4.44349e-05 6.72769e-06 0.00949103 -0.0174696 5.12855e-06 -0.00023484 -0.0174696 0.0862596 
0.00953919 -0.0174484 4.16864e-05 1.01345e-05 -0.0174484 0.0859758 9.87957e-06 -0.000248745 4.16864e-05 9.87957e-06 0.00951775 -0.0174851 1.01345e-05 -0.000248745 -0.0174851 0.0863806 
0.00956308 -0.0174301 3.92644e-05 1.74075e-05 -0.0174301 0.0859444 1.21793e-05 -0.000262493 3.92644e-05 1.21793e-05 0.00949134 -0.0175013 1.74075e-05 -0.000262493 -0.0175013 0.0863878 
0.00955462 -0.0174135 4.3426e-05 2.2461e-05 -0.0174135 0.0857556 1.6215e-05 -0.000276351 4.3426e-05 1.6215e-05 0.00945638 -0.0174376 2.2461e-05 -0.000276351 -0.0174376 0.086178 
0.00956177 -0.017437 5.58437e-05 1.80223e-05 -0.017437 0.0858108 1.40827e-05 -0.000280558 5.58437e-05 1.40827e-05 0.00944401 -0.0174171 1.80223e-05 -0.000280558 -0.0174171 0.086134 
0.00955756 -0.0174597 5.70338e-05 -1.40964e-06 -0.0174597 0.0859096 4.32549e-06 -0.000260153 5.70338e-05 4.32549e-06 0.0094474 -0.0174106 -1.40964e-06 -0.000260153 -0.0174106 0.0861407 
0.00952464 -0.0174239 5.13311e-05 -8.43429e-06 -0.0174239 0.0857846 3.48038e-06 -0.000239663 5.13311e-05 3.48038e-06 0.00944483 -0.017374 -8.43429e-06 -0.000239663 -0.017374 0.0859652 
0.00952706 -0.017414 4.72292e-05 -7.31034e-06 -0.017414 0.0858014 5.86987e-06 -0.000229361 4.72292e-05 5.86987e-06 0.0094589 -0.0173883 -7.31034e-06 -0.000229361 -0.0173883 0.0859851 
0.00956261 -0.0174702 2.85515e-05 1.84934e-06 -0.0174702 0.0860783 1.16578e-05 -0.000241009 2.85515e-05 1.16578e-05 0.00949062 -0.0174598 1.84934e-06 -0.000241009 -0.0174598 0.0862892 
0.00957949 -0.0174773 3.04761e-05 2.7097e-05 -0.0174773 0.0860971 3.23546e-05 -0.000282124 3.04761e-05 3.23546e-05 0.00947717 -0.01746 2.7097e-05 -0.000282124 -0.01746 0.086299 
0.00957228 -0.017479 4.63219e-05 2.86056e-05 -0.017479 0.086026 3.00534e-05 -0.000304474 4.63219e-05 3.00534e-05 0.00945435 -0.0174063 2.86056e-05 -0.000304474 -0.0174063 0.0861104 
0.00956189 -0.0174904 5.90841e-05 1.70238e-05 -0.0174904 0.086066 1.36347e-05 -0.000296072 5.90841e-05 1.36347e-05 0.00946411 -0.0173837 1.70238e-05 -0.000296072 -0.0173837 0.0860195 
0.00956745 -0.0175001 6.86064e-05 2.66044e-06 -0.0175001 0.0861718 -4.28073e-06 -0.000263825 6.86064e-05 -4.28073e-06 0.00949638 -0.0174221 2.66044e-06 -0.000263825 -0.0174221 0.0861222 
0.00956325 -0.0174777 6.09479e-05 -7.39255e-06 -0.0174777 0.0860947 -1.56493e-05 -0.000235024 6.09479e-05 -1.56493e-05 0.00950274 -0.0174466 -7.39255e-06 -0.000235024 -0.0174466 0.0861435 
0.00954419 -0.0174267 6.82692e-05 2.09857e-07 -0.0174267 0.0858338 -5.97714e-06 -0.000237477 6.82692e-05 -5.97714e-06 0.00948595 -0.0174208 2.09857e-07 -0.000237477 -0.0174208 0.0859821 
0.00955975 -0.0174526 6.74727e-05 -7.26854e-06 -0.0174526 0.08593 -1.04114e-05 -0.00023772 6.74727e-05 -1.04114e-05 0.00949991 -0.0174619 -7.26854e-06 -0.00023772 -0.0174619 0.0861606 
0.00953118 -0.0174458 6.57755e-05 -6.94329e-06 -0.0174458 0.0858709 -7.68133e-06 -0.000238735 6.57755e-05 -7.68133e-06 0.00952599 -0.0174523 -6.94329e-06 -0.000238735 -0.0174523 0.086131 
0.00953885 -0.0174951 5.49176e-05 -3.73782e-06 -0.0174951 0.0861964 -3.5038e-06 -0.000251132 5.49176e-05 -3.5038e-06 0.00959267 -0.0175602 -3.73782e-06 -0.000251132 -0.0175602 0.0865464 
0.00952471 -0.0174491 4.32611e-05 9.14079e-06 -0.0174491 0.0860882 1.25423e-05 -0.000280438 4.32611e-05 1.25423e-05 0.0095895 -0.0175911 9.14079e-06 -0.000280438 -0.0175911 0.0866101 
0.00952275 -0.0174273 3.7514e-05 2.06172e-05 -0.0174273 0.0859895 2.74216e-05 -0.000312911 3.7514e-05 2.74216e-05 0.00957014 -0.0175791 2.06172e-05 -0.000312911 -0.0175791 0.0865966 
0.00954752 -0.0174262 2.77642e-05 2.80686e-05 -0.0174262 0.0859575 3.33505e-05 -0.000336072 2.77642e-05 3.33505e-05 0.00952912 -0.0175578 2.80686e-05 -0.000336072 -0.0175578 0.0865581 
0.00957558 -0.0174485 3.04219e-05 3.9869e-05 -0.0174485 0.0859663 4.23015e-05 -0.000357529 3.04219e-05 4.23015e-05 0.00949271 -0.0175065 3.9869e-05 -0.000357529 -0.0175065 0.0864496 
0.00958429 -0.0174613 3.37257e-05 4.01881e-05 -0.0174613 0.0859244 3.65935e-05 -0.00036152 3.37257e-05 3.65935e-05 0.00945384 -0.0174436 4.01881e-05 -0.00036152 -0.0174436 0.0862377 
0.0095581 -0.0174372 3.70135e-05 3.47414e-05 -0.0174372 0.0857541 2.4012e-05 -0.00033896 3.70135e-05 2.4012e-05 0.00942426 -0.0173637 3.47414e-05 -0.00033896 -0.0173637 0.0859144 
0.00954184 -0.0174384 3.79786e-05 2.89414e-05 -0.0174384 0.0857844 1.611e-05 -0.000314071 3.79786e-05 1.611e-05 0.00943853 -0.0173601 2.89414e-05 -0.000314071 -0.0173601 0.0858788 
0.00954721 -0.0174423 2.17098e-05 2.37025e-05 -0.0174423 0.0858767 1.40386e-05 -0.000294538 2.17098e-05 1.40386e-05 0.00946069 -0.0174023 2.37025e-05 -0.000294538 -0.0174023 0.0860183 
0.00953866 -0.017439 1.48226e-05 4.06675e-05 -0.017439 0.0858878 3.62575e-05 -0.000315422 1.48226e-05 3.62575e-05 0.00947717 -0.0174292 4.06675e-05 -0.000315422 -0.0174292 0.0861188 
0.00952958 -0.0174076 1.90308e-05 4.95459e-05 -0.0174076 0.0857752 4.86784e-05 -0.000347131 1.90308e-05 4.86784e-05 0.00947018 -0.0174278 4.95459e-05 -0.000347131 -0.0174278 0.0860872 
0.00950431 -0.0173996 2.62123e-05 4.28673e-05 -0.0173996 0.0857124 4.23565e-05 -0.00034681 2.62123e-05 4.23565e-05 0.00948359 -0.0174109 4.28673e-05 -0.00034681 -0.0174109 0.0860298 
0.00944253 -0.0173483 1.6265e-05 3.4294e-05 -0.0173483 0.0855417 3.19084e-05 -0.000326088 1.6265e-05 3.19084e-05 0.00951174 -0.0174086 3.4294e-05 -0.000326088 -0.0174086 0.0859298 
0.00943838 -0.0172928 1.67914e-05 4.26371e-05 -0.0172928 0.0854617 3.90458e-05 -0.000322223 1.67914e-05 3.90458e-05 0.00952331 -0.0174822 4.26371e-05 -0.000322223 -0.0174822 0.0861141 
0.00946597 -0.0173123 1.37619e-05 4.96334e-05 -0.0173123 0.0855417 4.54541e-05 -0.000344843 1.37619e-05 4.54541e-05 0.00952648 -0.0175268 4.96334e-05 -0.000344843 -0.0175268 0.0863655 
0.00949632 -0.0173524 2.42494e-05 5.77115e-05 -0.0173524 0.0856598 5.18379e-05 -0.000370094 2.42494e-05 5.18379e-05 0.0095183 -0.0175216 5.77115e-05 -0.000370094 -0.0175216 0.086448 
0.00951015 -0.0173668 3.19045e-05 3.96422e-05 -0.0173668 0.0856528 3.69702e-05 -0.000351933 3.19045e-05 3.69702e-05 0.00948966 -0.0174726 3.96422e-05 -0.000351933 -0.0174726 0.0862916 
0.00950432 -0.0173635 2.38245e-05 2.63426e-05 -0.0173635 0.0855753 2.98216e-05 -0.000322699 2.38245e-05 2.98216e-05 0.00946525 -0.0174125 2.63426e-05 -0.000322699 -0.0174125 0.0860504 
0.00952889 -0.0173771 2.18274e-05 2.95805e-05 -0.0173771 0.0856176 3.84559e-05 -0.000315033 2.18274e-05 3.84559e-05 0.00944653 -0.0173963 2.95805e-05 -0.000315033 -0.0173963 0.0859711 
0.00954281 -0.0174038 2.86202e-05 3.77088e-05 -0.0174038 0.0856541 4.40356e-05 -0.000332662 2.86202e-05 4.40356e-05 0.00942799 -0.0173609 3.77088e-05 -0.000332662 -0.0173609 0.0858511 
0.00955894 -0.0174361 1.47399e-05 3.52322e-05 -0.0174361 0.0857647 3.67466e-05 -0.00033719 1.47399e-05 3.67466e-05 0.00941762 -0.0173483 3.52322e-05 -0.00033719 -0.0173483 0.0858145 
0.00956802 -0.0174343 2.08447e-05 4.38089e-05 -0.0174343 0.0857391 4.53685e-05 -0.000339024 2.08447e-05 4.53685e-05 0.00938263 -0.0173189 4.38089e-05 -0.000339024 -0.0173189 0.0856925 
0.00954946 -0.0174447 2.20531e-05 3.76023e-05 -0.0174447 0.0857469 4.02772e-05 -0.000336576 2.20531e-05 4.02772e-05 0.00937849 -0.0172859 3.76023e-05 -0.000336576 -0.0172859 0.0856117 
0.00949872 -0.01738 1.73981e-05 3.52614e-05 -0.01738 0.0855058 3.85239e-05 -0.000327706 1.73981e-05 3.85239e-05 0.00936758 -0.0172374 3.52614e-05 -0.000327706 -0.0172374 0.0853554 
0.00946334 -0.0173396 1.91711e-05 3.72585e-05 -0.0173396 0.085411 3.98186e-05 -0.000320945 1.91711e-05 3.98186e-05 0.00939539 -0.0172569 3.72585e-05 -0.000320945 -0.0172569 0.0853746 
0.00945777 -0.017344 3.71579e-05 3.33197e-05 -0.017344 0.0855399 3.6076e-05 -0.000310843 3.71579e-05 3.6076e-05 0.00946281 -0.0173465 3.33197e-05 -0.000310843 -0.0173465 0.0857042 
0.00944328 -0.0173104 5.73302e-05 1.63511e-05 -0.0173104 0.085472 1.74717e-05 -0.000283263 5.73302e-05 1.74717e-05 0.00950135 -0.0174143 1.63511e-05 -0.000283263 -0.0174143 0.0858985 
0.009454 -0.017298 6.6394e-05 -7.70843e-06 -0.017298 0.0854372 -8.91854e-06 -0.000229766 6.6394e-05 -8.91854e-06 0.0095075 -0.0174627 -7.70843e-06 -0.000229766 -0.0174627 0.0860639 
0.00948715 -0.0172941 6.22214e-05 -2.0316e-05 -0.0172941 0.0853587 -2.285e-05 -0.000182592 6.22214e-05 -2.285e-05 0.00947409 -0.0174459 -2.0316e-05 -0.000182592 -0.0174459 0.0860296 
0.00953566 -0.0173558 5.96692e-05 -1.26318e-05 -0.0173558 0.0854799 -1.39212e-05 -0.000182498 5.96692e-05 -1.39212e-05 0.00945284 -0.0174133 -1.26318e-05 -0.000182498 -0.0174133 0.0859907 
0.00958032 -0.0174543 5.24446e-05 -6.07379e-06 -0.0174543 0.085826 -7.18795e-06 -0.00020347 5.24446e-05 -7.18795e-06 0.00945592 -0.0174276 -6.07379e-06 -0.00020347 -0.0174276 0.0861218 
0.00958357 -0.0175127 4.18892e-05 3.83249e-06 -0.0175127 0.0860815 5.62872e-07 -0.000227505 4.18892e-05 5.62872e-07 0.00947859 -0.0174381 3.83249e-06 -0.000227505 -0.0174381 0.0862193 
0.00960272 -0.0175505 4.34907e-05 1.7987e-05 -0.0175505 0.086362 1.18743e-05 -0.000256974 4.34907e-05 1.18743e-05 0.00950838 -0.0174992 1.7987e-05 -0.000256974 -0.0174992 0.0864783 
0.00962668 -0.0176295 4.36422e-05 1.90426e-05 -0.0176295 0.0867956 1.18285e-05 -0.000275558 4.36422e-05 1.18285e-05 0.00956301 -0.0175933 1.90426e-05 -0.000275558 -0.0175933 0.0869484 
0.00964328 -0.0176064 4.21629e-05 2.04849e-05 -0.0176064 0.0867983 8.18181e-06 -0.000277705 4.21629e-05 8.18181e-06 0.00955826 -0.017617 2.04849e-05 -0.000277705 -0.017617 0.0870515 
0.00964986 -0.0175965 5.01091e-05 2.39681e-05 -0.0175965 0.0867028 8.36457e-06 -0.000279105 5.01091e-05 8.36457e-06 0.00954491 -0.0175921 2.39681e-05 -0.000279105 -0.0175921 0.086993 
0.00962038 -0.0175461 4.48855e-05 1.07204e-05 -0.0175461 0.0863963 -3.12476e-06 -0.000257093 4.48855e-05 -3.12476e-06 0.00951711 -0.0175196 1.07204e-05 -0.000257093 -0.0175196 0.0866634 
0.00961195 -0.0175352 3.13344e-05 1.48638e-05 -0.0175352 0.0863211 3.84089e-06 -0.000253127 3.13344e-05 3.84089e-06 0.00951509 -0.0175072 1.48638e-05 -0.000253127 -0.0175072 0.0865718 
0.00958469 -0.0175286 4.41909e-05 2.9911e-05 -0.0175286 0.0862851 2.1782e-05 -0.000279744 4.41909e-05 2.1782e-05 0.00953559 -0.0175105 2.9911e-05 -0.000279744 -0.0175105 0.0865538 
0.00953023 -0.0174073 4.8158e-05 1.14771e-05 -0.0174073 0.0857853 8.68553e-06 -0.000266097 4.8158e-05 8.68553e-06 0.0095048 -0.017454 1.14771e-05 -0.000266097 -0.017454 0.0861719 
0.00950345 -0.0173576 5.12551e-05 3.32996e-06 -0.0173576 0.0855395 5.36216e-06 -0.000244683 5.12551e-05 5.36216e-06 0.00950526 -0.0174447 3.32996e-06 -0.000244683 -0.0174447 0.0860652 
0.00952507 -0.0173488 5.32277e-05 -4.49065e-06 -0.0173488 0.0855 -4.59115e-07 -0.000222479 5.32277e-05 -4.59115e-07 0.00948005 -0.0174758 -4.49065e-06 -0.000222479 -0.0174758 0.0861513 
0.00950829 -0.0173206 4.62877e-05 -1.54682e-06 -0.0173206 0.0852559 -8.65921e-07 -0.000218855 4.62877e-05 -8.65921e-07 0.00942146 -0.0173943 -1.54682e-06 -0.000218855 -0.0173943 0.0858789 
0.00947263 -0.0173104 2.83727e-05 9.82671e-06 -0.0173104 0.0851578 4.31352e-06 -0.000231275 2.83727e-05 4.31352e-06 0.00941024 -0.0173233 9.82671e-06 -0.000231275 -0.0173233 0.0856467 
0.00942779 -0.0172392 2.61753e-05 2.84662e-05 -0.0172392 0.0849005 2.09838e-05 -0.000259673 2.61753e-05 2.09838e-05 0.00939762 -0.0172771 2.84662e-05 -0.000259673 -0.0172771 0.0853642 
0.00944007 -0.0172426 3.41563e-05 2.82649e-05 -0.0172426 0.0849846 2.38043e-05 -0.000273088 3.41563e-05 2.38043e-05 0.00940978 -0.0173279 2.82649e-05 -0.000273088 -0.0173279 0.085538 
0.00942888 -0.0172412 4.3526e-05 1.96559e-05 -0.0172412 0.0849568 1.56015e-05 -0.000262253 4.3526e-05 1.56015e-05 0.00941971 -0.0173218 1.96559e-05 -0.000262253 -0.0173218 0.0855414 
0.00945999 -0.0172626 5.29487e-05 8.50922e-06 -0.0172626 0.0850936 2.37962e-06 -0.000236307 5.29487e-05 2.37962e-06 0.00942181 -0.0173613 8.50922e-06 -0.000236307 -0.0173613 0.0856995 
0.00953491 -0.0173806 5.41145e-05 -5.63884e-06 -0.0173806 0.0856132 -9.27036e-06 -0.000203082 5.41145e-05 -9.27036e-06 0.0094435 -0.0174494 -5.63884e-06 -0.000203082 -0.0174494 0.0861938 
0.00958779 -0.017449 7.02539e-05 -1.36542e-05 -0.017449 0.0858912 -1.41092e-05 -0.00017191 7.02539e-05 -1.41092e-05 0.00942701 -0.0174559 -1.36542e-05 -0.00017191 -0.0174559 0.0863576 
0.00958578 -0.0174995 7.64866e-05 -3.45548e-05 -0.0174995 0.0860458 -3.05886e-05 -0.000132901 7.64866e-05 -3.05886e-05 0.00942976 -0.0174125 -3.45548e-05 -0.000132901 -0.0174125 0.0863016 
0.00954133 -0.0174014 7.45372e-05 -4.43902e-05 -0.0174014 0.0856372 -3.74209e-05 -9.94418e-05 7.45372e-05 -3.74209e-05 0.00937558 -0.0173093 -4.43902e-05 -9.94418e-05 -0.0173093 0.0857773 
0.00948969 -0.0172885 6.82281e-05 -4.24165e-05 -0.0172885 0.085062 -3.52741e-05 -8.83464e-05 6.82281e-05 -3.52741e-05 0.00931044 -0.0171755 -4.24165e-05 -8.83464e-05 -0.0171755 0.0851249 
0.00943175 -0.017218 6.517e-05 -3.13012e-05 -0.017218 0.0846626 -2.80699e-05 -0.000101641 6.517e-05 -2.80699e-05 0.00928204 -0.0170873 -3.13012e-05 -0.000101641 -0.0170873 0.0846643 
0.0094381 -0.0172394 7.33649e-05 -2.35099e-05 -0.0172394 0.084814 -2.6327e-05 -0.000117991 7.33649e-05 -2.6327e-05 0.00930857 -0.017142 -2.35099e-05 -0.000117991 -0.017142 0.0848369 
0.0094246 -0.0172704 3.44161e-05 -3.1398e-05 -0.0172704 0.0850049 -3.89188e-05 -0.00010901 3.44161e-05 -3.89188e-05 0.00935708 -0.0172014 -3.1398e-05 -0.00010901 -0.0172014 0.0850949 
0.00943459 -0.0172412 2.53499e-05 1.32092e-05 -0.0172412 0.0850139 4.4688e-06 -0.000163276 2.53499e-05 4.4688e-06 0.00936777 -0.0172591 1.32092e-05 -0.000163276 -0.0172591 0.0852805 
0.00946453 -0.0172933 1.49701e-05 2.66582e-05 -0.0172933 0.0852507 1.96699e-05 -0.000222619 1.49701e-05 1.96699e-05 0.00939981 -0.0173301 2.66582e-05 -0.000222619 -0.0173301 0.0856554 
0.00949776 -0.01737 2.32562e-05 3.57341e-05 -0.01737 0.0856241 3.47278e-05 -0.000260452 2.32562e-05 3.47278e-05 0.00944295 -0.0174083 3.57341e-05 -0.000260452 -0.0174083 0.0860785 
0.0095028 -0.017386 2.55865e-05 2.09175e-05 -0.017386 0.0857411 2.59465e-05 -0.000254945 2.55865e-05 2.59465e-05 0.00946077 -0.0174334 2.09175e-05 -0.000254945 -0.0174334 0.0862202 
0.00947751 -0.0172981 2.37576e-05 1.63935e-05 -0.0172981 0.0853446 2.47454e-05 -0.000243232 2.37576e-05 2.47454e-05 0.00942229 -0.017361 1.63935e-05 -0.000243232 -0.017361 0.0858577 
0.0094606 -0.0172945 1.87497e-05 2.4783e-05 -0.0172945 0.0852531 3.59575e-05 -0.000264408 1.87497e-05 3.59575e-05 0.0094286 -0.0173408 2.4783e-05 -0.000264408 -0.0173408 0.0857565 
0.00943783 -0.0172756 1.58352e-05 3.94149e-05 -0.0172756 0.085179 5.12355e-05 -0.000310653 1.58352e-05 5.12355e-05 0.00944874 -0.0173388 3.94149e-05 -0.000310653 -0.0173388 0.0856791 
0.00945852 -0.0172898 2.72158e-05 4.17514e-05 -0.0172898 0.0853052 5.24624e-05 -0.000334441 2.72158e-05 5.24624e-05 0.00946934 -0.0174079 4.17514e-05 -0.000334441 -0.0174079 0.0858977 
0.00947537 -0.0173006 4.72947e-05 2.45519e-05 -0.0173006 0.0853326 3.68986e-05 -0.000315925 4.72947e-05 3.68986e-05 0.00946451 -0.017426 2.45519e-05 -0.000315925 -0.017426 0.0859914 
0.00953211 -0.0173521 6.48904e-05 -5.60052e-06 -0.0173521 0.0855318 5.54024e-06 -0.000250056 6.48904e-05 5.54024e-06 0.00945414 -0.0174485 -5.60052e-06 -0.000250056 -0.0174485 0.0861579 
0.00956172 -0.0174237 5.06606e-05 -2.48059e-05 -0.0174237 0.0857445 -2.07605e-05 -0.000183596 5.06606e-05 -2.07605e-05 0.009441 -0.0174374 -2.48059e-05 -0.000183596 -0.0174374 0.0862198 
0.00957715 -0.0174191 4.47549e-05 -4.6454e-06 -0.0174191 0.0856889 -6.51861e-06 -0.000181275 4.47549e-05 -6.51861e-06 0.00939914 -0.0173704 -4.6454e-06 -0.000181275 -0.0173704 0.08598 
0.00954083 -0.0174227 5.1602e-05 7.53764e-06 -0.0174227 0.0855938 2.42483e-06 -0.000210152 5.1602e-05 2.42483e-06 0.00939388 -0.0172878 7.53764e-06 -0.000210152 -0.0172878 0.0856597 
0.00950631 -0.0174045 5.40625e-05 5.80517e-06 -0.0174045 0.0855944 1.06865e-06 -0.000228208 5.40625e-05 1.06865e-06 0.00942306 -0.0172944 5.80517e-06 -0.000228208 -0.0172944 0.0855825 
0.00952926 -0.0173877 4.9698e-05 -2.35209e-06 -0.0173877 0.085656 -2.61796e-06 -0.000221348 4.9698e-05 -2.61796e-06 0.00943283 -0.0173679 -2.35209e-06 -0.000221348 -0.0173679 0.0857842 
0.00951753 -0.0173787 4.92304e-05 1.75329e-06 -0.0173787 0.0855474 5.04691e-06 -0.000227863 4.92304e-05 5.04691e-06 0.0094367 -0.0173518 1.75329e-06 -0.000227863 -0.0173518 0.0857513 
0.009501 -0.0173798 4.17502e-05 6.44357e-06 -0.0173798 0.085562 9.41753e-06 -0.000244606 4.17502e-05 9.41753e-06 0.00945935 -0.0173749 6.44357e-06 -0.000244606 -0.0173749 0.0858192 
0.00949684 -0.0174141 2.46878e-05 1.41184e-05 -0.0174141 0.0858001 1.60508e-05 -0.00026053 2.46878e-05 1.60508e-05 0.00951571 -0.0174529 1.41184e-05 -0.00026053 -0.0174529 0.0861444 
0.00951064 -0.01742 6.76033e-06 3.42862e-05 -0.01742 0.0859605 3.55829e-05 -0.000296755 6.76033e-06 3.55829e-05 0.00955009 -0.0175372 3.42862e-05 -0.000296755 -0.0175372 0.0864716 
0.00954011 -0.0174251 1.88618e-06 5.72708e-05 -0.0174251 0.0860079 5.82118e-05 -0.000350838 1.88618e-06 5.82118e-05 0.00954663 -0.0175681 5.72708e-05 -0.000350838 -0.0175681 0.0866342 
0.00959371 -0.0174848 7.65316e-06 6.34752e-05 -0.0174848 0.0862149 6.26387e-05 -0.000381217 7.65316e-06 6.26387e-05 0.00953952 -0.0175887 6.34752e-05 -0.000381217 -0.0175887 0.0868185 
