0.00704761 0 6.42913e-06 0 0 0.00981018 0 0 6.42913e-06 0 0.00687149 0 0 0 0 0.00981018 
0.0101099 -0.0125468 -3.23573e-06 3.94176e-06 -0.0125468 0.033202 3.94176e-06 -8.26775e-06 -3.23573e-06 3.94176e-06 0.00992768 -0.012326 3.94176e-06 -8.26775e-06 -0.012326 0.032779 
0.00990406 -0.0183938 -3.36993e-05 3.06898e-05 -0.0183938 0.067725 3.06898e-05 -0.000104503 -3.36993e-05 3.06898e-05 0.0097748 -0.0183089 3.06898e-05 -0.000104503 -0.0183089 0.0675032 
0.00940937 -0.017979 -5.28601e-05 0.000101819 -0.017979 0.0804283 0.000103465 -0.000398911 -5.28601e-05 0.000103465 0.00924493 -0.0181498 0.000101819 -0.000398911 -0.0181498 0.0816239 
0.00913987 -0.0169283 -1.18031e-05 0.000112801 -0.0169283 0.0811512 0.00011933 -0.000536939 -1.18031e-05 0.00011933 0.00895794 -0.0170201 0.000112801 -0.000536939 -0.0170201 0.0828019 
0.00937923 -0.0170807 2.88991e-05 4.68715e-05 -0.0170807 0.0832975 5.91612e-05 -0.000425649 2.88991e-05 5.91612e-05 0.00915451 -0.0170373 4.68715e-05 -0.000425649 -0.0170373 0.0844728 
0.00950808 -0.0173293 4.08399e-05 -1.62386e-05 -0.0173293 0.0847768 -3.46371e-06 -0.00021921 4.08399e-05 -3.46371e-06 0.00932634 -0.0171728 -1.62386e-05 -0.00021921 -0.0171728 0.0853278 
0.00968832 -0.0176504 3.55075e-05 -3.03143e-05 -0.0176504 0.086627 -2.51203e-05 -8.95782e-05 3.55075e-05 -2.51203e-05 0.00952656 -0.0175247 -3.03143e-05 -8.95782e-05 -0.0175247 0.0868868 
0.00950818 -0.0173174 2.56729e-05 -1.57933e-05 -0.0173174 0.0851457 -2.21466e-05 -5.42623e-05 2.56729e-05 -2.21466e-05 0.00937081 -0.0172526 -1.57933e-05 -5.42623e-05 -0.0172526 0.0854228 
0.00937605 -0.0170842 7.369e-06 -1.81651e-06 -0.0170842 0.0840671 -1.27555e-05 -6.56402e-05 7.369e-06 -1.27555e-05 0.00926102 -0.0170672 -1.81651e-06 -6.56402e-05 -0.0170672 0.084459 
0.00970266 -0.0176798 1.22095e-05 1.74477e-05 -0.0176798 0.087045 1.13204e-05 -0.000106592 1.22095e-05 1.13204e-05 0.00961283 -0.0176991 1.74477e-05 -0.000106592 -0.0176991 0.087582 
0.00961163 -0.017506 2.67089e-05 1.00214e-05 -0.017506 0.0862077 1.02253e-05 -0.00011912 2.67089e-05 1.02253e-05 0.00955075 -0.0175631 1.00214e-05 -0.00011912 -0.0175631 0.0868595 
0.00957522 -0.0174413 4.62595e-05 -7.27685e-06 -0.0174413 0.0858722 -1.26475e-06 -0.000102853 4.62595e-05 -1.26475e-06 0.00954615 -0.0175326 -7.27685e-06 -0.000102853 -0.0175326 0.0866259 
0.00954663 -0.0174199 4.7241e-05 -3.65704e-05 -0.0174199 0.0857449 -2.39921e-05 -5.00608e-05 4.7241e-05 -2.39921e-05 0.00955466 -0.0175365 -3.65704e-05 -5.00608e-05 -0.0175365 0.0865577 
0.00950748 -0.0173732 4.07187e-05 -3.91721e-05 -0.0173732 0.0855617 -2.52471e-05 -2.13972e-05 4.07187e-05 -2.52471e-05 0.00954641 -0.0175309 -3.91721e-05 -2.13972e-05 -0.0175309 0.0864541 
0.00949049 -0.017328 4.83823e-05 -3.09177e-05 -0.017328 0.0854094 -1.90541e-05 -2.5311e-05 4.83823e-05 -1.90541e-05 0.00952993 -0.0175245 -3.09177e-05 -2.5311e-05 -0.0175245 0.0863956 
0.00952598 -0.0173656 2.65294e-05 -2.99802e-05 -0.0173656 0.0855906 -2.75726e-05 -3.09126e-05 2.65294e-05 -2.75726e-05 0.00952473 -0.0175631 -2.99802e-05 -3.09126e-05 -0.0175631 0.0866182 
0.00952567 -0.0173596 1.6246e-05 -4.44793e-06 -0.0173596 0.0855082 -8.0229e-06 -6.10663e-05 1.6246e-05 -8.0229e-06 0.00949356 -0.0175151 -4.44793e-06 -6.10663e-05 -0.0175151 0.0864876 
0.00951943 -0.0173388 1.79343e-05 1.08333e-05 -0.0173388 0.0853757 7.14021e-06 -0.000104943 1.79343e-05 7.14021e-06 0.00946649 -0.0174586 1.08333e-05 -0.000104943 -0.0174586 0.0862718 
0.0095141 -0.0173312 3.02142e-05 9.46834e-06 -0.0173312 0.0852902 1.03434e-05 -0.000126342 3.02142e-05 1.03434e-05 0.0094342 -0.0174132 9.46834e-06 -0.000126342 -0.0174132 0.0860804 
0.00954004 -0.0174421 4.85784e-05 -8.93617e-06 -0.0174421 0.0857991 -3.08528e-06 -0.00010869 4.85784e-05 -3.08528e-06 0.00947847 -0.0174753 -8.93617e-06 -0.00010869 -0.0174753 0.0864513 
0.00956521 -0.0174457 5.72727e-05 -3.07882e-05 -0.0174457 0.0859411 -2.38951e-05 -6.67387e-05 5.72727e-05 -2.38951e-05 0.00948197 -0.0174992 -3.07882e-05 -6.67387e-05 -0.0174992 0.0865589 
0.00960425 -0.0174313 5.90007e-05 -3.73356e-05 -0.0174313 0.0858422 -3.15172e-05 -4.02767e-05 5.90007e-05 -3.15172e-05 0.00943745 -0.0174691 -3.73356e-05 -4.02767e-05 -0.0174691 0.0864437 
0.00964322 -0.0175133 5.83459e-05 -3.50097e-05 -0.0175133 0.0860325 -3.3228e-05 -3.77994e-05 5.83459e-05 -3.3228e-05 0.00942781 -0.0174329 -3.50097e-05 -3.77994e-05 -0.0174329 0.0864173 
0.00963753 -0.0175308 3.43638e-05 -3.6443e-05 -0.0175308 0.0860346 -3.93011e-05 -2.69614e-05 3.43638e-05 -3.93011e-05 0.00941829 -0.0173755 -3.6443e-05 -2.69614e-05 -0.0173755 0.0861748 
0.00961825 -0.0175174 1.58572e-05 -8.48604e-06 -0.0175174 0.0859775 -1.25265e-05 -6.14106e-05 1.58572e-05 -1.25265e-05 0.00941954 -0.0173521 -8.48604e-06 -6.14106e-05 -0.0173521 0.0859971 
0.00959168 -0.0174874 -6.2236e-06 1.62238e-05 -0.0174874 0.0858834 1.36409e-05 -0.000124625 -6.2236e-06 1.36409e-05 0.00942396 -0.0173609 1.62238e-05 -0.000124625 -0.0173609 0.0859449 
0.00955202 -0.0174225 -4.86578e-06 4.42116e-05 -0.0174225 0.0856383 4.3228e-05 -0.000196759 -4.86578e-06 4.3228e-05 0.00941227 -0.017349 4.42116e-05 -0.000196759 -0.017349 0.0858282 
0.00953038 -0.0173939 -1.06053e-05 4.23131e-05 -0.0173939 0.0855471 4.23705e-05 -0.000225067 -1.06053e-05 4.23705e-05 0.00941894 -0.0173549 4.23131e-05 -0.000225067 -0.0173549 0.0858495 
0.009562 -0.0174377 -1.54666e-05 4.72393e-05 -0.0174377 0.085817 4.20089e-05 -0.000229272 -1.54666e-05 4.20089e-05 0.00945062 -0.0174379 4.72393e-05 -0.000229272 -0.0174379 0.0862321 
0.00960135 -0.0174875 -7.53272e-06 5.36822e-05 -0.0174875 0.0860693 4.35827e-05 -0.000233605 -7.53272e-06 4.35827e-05 0.00946853 -0.0174983 5.36822e-05 -0.000233605 -0.0174983 0.0865639 
0.00961146 -0.0175013 1.13217e-05 4.35635e-05 -0.0175013 0.086094 3.12131e-05 -0.000214736 1.13217e-05 3.12131e-05 0.0094643 -0.0174802 4.35635e-05 -0.000214736 -0.0174802 0.0865598 
0.00963086 -0.0175079 4.04203e-05 1.80878e-05 -0.0175079 0.0861002 8.42011e-06 -0.00016417 4.04203e-05 8.42011e-06 0.00946217 -0.0174678 1.80878e-05 -0.00016417 -0.0174678 0.0865148 
0.00964916 -0.0175037 5.0308e-05 -2.55607e-05 -0.0175037 0.0860077 -2.91442e-05 -7.29799e-05 5.0308e-05 -2.91442e-05 0.00943576 -0.0174422 -2.55607e-05 -7.29799e-05 -0.0174422 0.0863766 
0.0096671 -0.017533 2.7978e-05 -4.26916e-05 -0.017533 0.0860301 -4.23029e-05 -4.31374e-06 2.7978e-05 -4.23029e-05 0.00943246 -0.0174165 -4.26916e-05 -4.31374e-06 -0.0174165 0.0862941 
0.00968734 -0.0175956 1.03578e-05 -1.61909e-05 -0.0175956 0.0862606 -1.7293e-05 -1.79756e-05 1.03578e-05 -1.7293e-05 0.00945103 -0.0174453 -1.61909e-05 -1.79756e-05 -0.0174453 0.0864161 
0.00971369 -0.0176709 9.55544e-06 9.98524e-06 -0.0176709 0.0866384 4.87697e-06 -7.21416e-05 9.55544e-06 4.87697e-06 0.00948672 -0.0175158 9.98524e-06 -7.21416e-05 -0.0175158 0.0867452 
0.00970666 -0.01767 1.97809e-05 1.31091e-05 -0.01767 0.0866936 7.96871e-06 -0.000102569 1.97809e-05 7.96871e-06 0.00950547 -0.0175267 1.31091e-05 -0.000102569 -0.0175267 0.0868042 
0.00969597 -0.0176618 3.0813e-05 -2.18505e-06 -0.0176618 0.0867155 -3.05072e-06 -8.97816e-05 3.0813e-05 -3.05072e-06 0.00953381 -0.0175595 -2.18505e-06 -8.97816e-05 -0.0175595 0.0869058 
0.00970274 -0.0176837 3.00651e-05 -1.9754e-05 -0.0176837 0.0868899 -1.38892e-05 -5.87035e-05 3.00651e-05 -1.38892e-05 0.00957723 -0.0176408 -1.9754e-05 -5.87035e-05 -0.0176408 0.0872271 
0.00967928 -0.0176971 3.13453e-05 -1.82235e-05 -0.0176971 0.087014 -7.71517e-06 -5.47147e-05 3.13453e-05 -7.71517e-06 0.00963268 -0.0177018 -1.82235e-05 -5.47147e-05 -0.0177018 0.0874961 
0.00964535 -0.0176336 3.37594e-05 -1.21353e-05 -0.0176336 0.086864 -3.12783e-06 -7.48797e-05 3.37594e-05 -3.12783e-06 0.0096515 -0.0177371 -1.21353e-05 -7.48797e-05 -0.0177371 0.0875587 
0.00958999 -0.0175404 3.3135e-05 -9.51945e-06 -0.0175404 0.0864846 -6.31645e-06 -8.76286e-05 3.3135e-05 -6.31645e-06 0.00965308 -0.017711 -9.51945e-06 -8.76286e-05 -0.017711 0.0873827 
0.00956419 -0.0174585 1.52684e-05 -4.5064e-06 -0.0174585 0.0861537 -5.83737e-06 -9.92912e-05 1.52684e-05 -5.83737e-06 0.00963449 -0.0177063 -4.5064e-06 -9.92912e-05 -0.0177063 0.08726 
0.00954584 -0.0174038 7.81976e-06 1.53366e-05 -0.0174038 0.0858523 1.27804e-05 -0.000131923 7.81976e-06 1.27804e-05 0.0096055 -0.017669 1.53366e-05 -0.000131923 -0.017669 0.0870829 
0.00955371 -0.0173814 6.05776e-06 2.71178e-05 -0.0173814 0.0856811 2.53763e-05 -0.000171176 6.05776e-06 2.53763e-05 0.00956429 -0.0176321 2.71178e-05 -0.000171176 -0.0176321 0.0869304 
0.00958034 -0.0174236 6.66013e-06 3.15138e-05 -0.0174236 0.0857829 3.16211e-05 -0.000199342 6.66013e-06 3.16211e-05 0.00954353 -0.0176215 3.15138e-05 -0.000199342 -0.0176215 0.086964 
0.00960536 -0.0174684 2.00632e-05 2.86588e-05 -0.0174684 0.0859258 3.03132e-05 -0.000205437 2.00632e-05 3.03132e-05 0.00952574 -0.0175934 2.86588e-05 -0.000205437 -0.0175934 0.0869369 
0.00958488 -0.0174518 3.84517e-05 8.3568e-06 -0.0174518 0.0857932 1.37809e-05 -0.000175326 3.84517e-05 1.37809e-05 0.009494 -0.0175114 8.3568e-06 -0.000175326 -0.0175114 0.0866079 
0.00960006 -0.0174716 4.79251e-05 -1.76253e-05 -0.0174716 0.0858894 -1.12063e-05 -0.000116962 4.79251e-05 -1.12063e-05 0.00947997 -0.0174976 -1.76253e-05 -0.000116962 -0.0174976 0.0865455 
0.00958681 -0.0174544 4.98036e-05 -3.29732e-05 -0.0174544 0.0857827 -2.39484e-05 -6.49735e-05 4.98036e-05 -2.39484e-05 0.00946156 -0.0174465 -3.29732e-05 -6.49735e-05 -0.0174465 0.0863263 
0.0095755 -0.0174248 3.38634e-05 -3.24128e-05 -0.0174248 0.0856322 -2.27931e-05 -5.06688e-05 3.38634e-05 -2.27931e-05 0.00943813 -0.017402 -3.24128e-05 -5.06688e-05 -0.017402 0.0860905 
0.00956453 -0.017422 2.31001e-05 -7.28371e-06 -0.017422 0.0855898 2.27659e-06 -9.31384e-05 2.31001e-05 2.27659e-06 0.00943198 -0.0173819 -7.28371e-06 -9.31384e-05 -0.0173819 0.0859849 
0.00957626 -0.0174407 2.6484e-05 5.85964e-06 -0.0174407 0.0857113 1.18999e-05 -0.000132661 2.6484e-05 1.18999e-05 0.00943441 -0.017414 5.85964e-06 -0.000132661 -0.017414 0.0861097 
0.0095671 -0.0174338 3.85421e-05 6.52073e-06 -0.0174338 0.085684 3.78218e-06 -0.00014256 3.85421e-05 3.78218e-06 0.00942259 -0.017399 6.52073e-06 -0.00014256 -0.017399 0.0860826 
0.00953676 -0.0173804 2.20447e-05 -7.93024e-06 -0.0173804 0.0854423 -1.84479e-05 -0.000109256 2.20447e-05 -1.84479e-05 0.00939567 -0.0173367 -7.93024e-06 -0.000109256 -0.0173367 0.085817 
0.00956098 -0.0173979 1.5808e-05 6.59977e-06 -0.0173979 0.0855489 -9.16286e-06 -9.89995e-05 1.5808e-05 -9.16286e-06 0.00938028 -0.0173626 6.59977e-06 -9.89995e-05 -0.0173626 0.0859338 
0.00958886 -0.0174141 1.41945e-06 1.1751e-05 -0.0174141 0.085587 -5.2732e-06 -0.000101992 1.41945e-06 -5.2732e-06 0.00935142 -0.0173385 1.1751e-05 -0.000101992 -0.0173385 0.0859245 
0.00961339 -0.0174622 -1.70035e-05 2.64491e-05 -0.0174622 0.0857312 1.18039e-05 -0.000122923 -1.70035e-05 1.18039e-05 0.00933646 -0.0173151 2.64491e-05 -0.000122923 -0.0173151 0.0859298 
0.00958554 -0.0174562 -3.35249e-05 4.59016e-05 -0.0174562 0.0856506 3.65177e-05 -0.0001649 -3.35249e-05 3.65177e-05 0.00933068 -0.0172404 4.59016e-05 -0.0001649 -0.0172404 0.0856505 
0.00951482 -0.0173795 -2.10475e-05 6.5252e-05 -0.0173795 0.0853503 6.13072e-05 -0.000217963 -2.10475e-05 6.13072e-05 0.00933848 -0.0171907 6.5252e-05 -0.000217963 -0.0171907 0.0853068 
0.00945321 -0.0173009 -1.08961e-05 4.91314e-05 -0.0173009 0.0851163 4.91302e-05 -0.00022024 -1.08961e-05 4.91302e-05 0.00936282 -0.0172135 4.91314e-05 -0.00022024 -0.0172135 0.0852357 
0.00941198 -0.0172172 -1.8494e-05 3.8328e-05 -0.0172172 0.0848589 3.83007e-05 -0.000198573 -1.8494e-05 3.83007e-05 0.00936613 -0.0172482 3.8328e-05 -0.000198573 -0.0172482 0.0852607 
0.00936442 -0.0171386 -1.48127e-05 4.6569e-05 -0.0171386 0.0845403 4.59413e-05 -0.000199613 -1.48127e-05 4.59413e-05 0.0093596 -0.0172357 4.6569e-05 -0.000199613 -0.0172357 0.085179 
0.00934442 -0.0170985 -3.61409e-06 4.26629e-05 -0.0170985 0.084393 4.68315e-05 -0.000205891 -3.61409e-06 4.68315e-05 0.00935373 -0.0172336 4.26629e-05 -0.000205891 -0.0172336 0.085162 
0.00937373 -0.0170777 -1.42362e-06 2.48785e-05 -0.0170777 0.0843007 3.44883e-05 -0.000182027 -1.42362e-06 3.44883e-05 0.00930909 -0.017217 2.48785e-05 -0.000182027 -0.017217 0.0851068 
0.00939453 -0.0170829 -5.3868e-06 1.64619e-05 -0.0170829 0.0841722 2.61187e-05 -0.000149306 -5.3868e-06 2.61187e-05 0.00925386 -0.0171317 1.64619e-05 -0.000149306 -0.0171317 0.0848409 
0.00942658 -0.0171502 -4.09358e-06 1.73095e-05 -0.0171502 0.0843456 2.32089e-05 -0.0001265 -4.09358e-06 2.32089e-05 0.0092369 -0.0170901 1.73095e-05 -0.0001265 -0.0170901 0.0847516 
0.00943163 -0.0171815 2.74951e-06 1.74921e-05 -0.0171815 0.0844353 1.72186e-05 -0.000111264 2.74951e-06 1.72186e-05 0.00922325 -0.0170532 1.74921e-05 -0.000111264 -0.0170532 0.0846089 
0.00941206 -0.0171898 2.98899e-06 1.16781e-05 -0.0171898 0.0844742 6.52964e-06 -9.1261e-05 2.98899e-06 6.52964e-06 0.00922877 -0.0170303 1.16781e-05 -9.1261e-05 -0.0170303 0.0845003 
0.0097797 -0.0178722 8.38635e-07 1.15218e-05 -0.0178722 0.0879172 4.66616e-06 -8.04816e-05 8.38635e-07 4.66616e-06 0.00962682 -0.0177334 1.15218e-05 -8.04816e-05 -0.0177334 0.0879231 
0.00978159 -0.0178778 6.2385e-07 1.59426e-05 -0.0178778 0.0880183 7.71046e-06 -8.19304e-05 6.2385e-07 7.71046e-06 0.00965336 -0.0178032 1.59426e-05 -8.19304e-05 -0.0178032 0.0881505 
0.00938713 -0.0171182 2.75161e-06 1.74571e-05 -0.0171182 0.0843295 9.47877e-06 -8.69759e-05 2.75161e-06 9.47877e-06 0.00924377 -0.017093 1.74571e-05 -8.69759e-05 -0.017093 0.0846095 
0.00977631 -0.0178273 -8.79801e-06 1.67357e-05 -0.0178273 0.0877713 9.29401e-06 -9.37689e-05 -8.79801e-06 9.29401e-06 0.00961688 -0.0177848 1.67357e-05 -9.37689e-05 -0.0177848 0.0881165 
0.00974089 -0.0177793 -2.27463e-05 3.1865e-05 -0.0177793 0.0875169 2.42298e-05 -0.000118856 -2.27463e-05 2.42298e-05 0.00959476 -0.0177249 3.1865e-05 -0.000118856 -0.0177249 0.0878522 
0.00971395 -0.0177558 -2.0115e-05 4.66508e-05 -0.0177558 0.0874227 4.19785e-05 -0.000156107 -2.0115e-05 4.19785e-05 0.00959572 -0.0177074 4.66508e-05 -0.000156107 -0.0177074 0.0877508 
0.00969823 -0.0177387 2.92982e-06 3.75937e-05 -0.0177387 0.0873932 4.10531e-05 -0.000161785 2.92982e-06 4.10531e-05 0.0096047 -0.0177136 3.75937e-05 -0.000161785 -0.0177136 0.0877442 
0.00971063 -0.0177377 1.60927e-05 6.24695e-06 -0.0177377 0.087437 1.5313e-05 -0.000115319 1.60927e-05 1.5313e-05 0.00959928 -0.0177383 6.24695e-06 -0.000115319 -0.0177383 0.0878334 
0.00972621 -0.0177372 2.08059e-05 -1.21013e-05 -0.0177372 0.0874005 -1.26985e-06 -6.35968e-05 2.08059e-05 -1.26985e-06 0.0095679 -0.0177102 -1.21013e-05 -6.35968e-05 -0.0177102 0.0877643 
0.00973622 -0.0177733 3.04486e-05 -1.94873e-05 -0.0177733 0.0874976 -7.85802e-06 -3.16709e-05 3.04486e-05 -7.85802e-06 0.00956028 -0.0176825 -1.94873e-05 -3.16709e-05 -0.0176825 0.0877302 
0.00973657 -0.0178343 2.38811e-05 -2.89584e-05 -0.0178343 0.0877982 -2.00601e-05 -5.68635e-06 2.38811e-05 -2.00601e-05 0.00960356 -0.017716 -2.89584e-05 -5.68635e-06 -0.017716 0.0879167 
0.00934405 -0.0171097 1.99851e-05 -1.38732e-05 -0.0171097 0.0843633 -1.0319e-05 -1.75625e-05 1.99851e-05 -1.0319e-05 0.00923162 -0.0170486 -1.38732e-05 -1.75625e-05 -0.0170486 0.0845181 
0.00934035 -0.0170646 9.89284e-06 -8.08703e-06 -0.0170646 0.0842036 -6.0381e-06 -3.60123e-05 9.89284e-06 -6.0381e-06 0.00921662 -0.0170389 -8.08703e-06 -3.60123e-05 -0.0170389 0.0844666 
0.00936023 -0.0170871 -6.42737e-06 6.44008e-06 -0.0170871 0.0842687 6.39923e-06 -6.58152e-05 -6.42737e-06 6.39923e-06 0.00921438 -0.0170498 6.44008e-06 -6.58152e-05 -0.0170498 0.0845602 
0.00973765 -0.0178009 7.99543e-07 3.16547e-05 -0.0178009 0.0877372 2.97331e-05 -0.000124657 7.99543e-07 2.97331e-05 0.00959799 -0.0177294 3.16547e-05 -0.000124657 -0.0177294 0.0879912 
0.00971966 -0.0177915 1.42199e-05 2.59054e-05 -0.0177915 0.0877192 2.62043e-05 -0.000149144 1.42199e-05 2.62043e-05 0.00960462 -0.0177256 2.59054e-05 -0.000149144 -0.0177256 0.0879424 
0.00966146 -0.0177085 1.82132e-05 7.15225e-06 -0.0177085 0.0873733 1.24279e-05 -0.000129311 1.82132e-05 1.24279e-05 0.00959184 -0.0176721 7.15225e-06 -0.000129311 -0.0176721 0.087634 
0.009627 -0.0176194 1.15875e-05 -4.10848e-06 -0.0176194 0.0870132 7.52765e-06 -0.000101508 1.15875e-05 7.52765e-06 0.00955969 -0.0176366 -4.10848e-06 -0.000101508 -0.0176366 0.0873734 
0.00961659 -0.0176234 2.35264e-06 3.63278e-06 -0.0176234 0.0870093 1.54898e-05 -0.000102898 2.35264e-06 1.54898e-05 0.00958142 -0.0176439 3.63278e-06 -0.000102898 -0.0176439 0.0874202 
0.0096377 -0.0176401 8.84602e-07 1.82766e-05 -0.0176401 0.0871363 2.55245e-05 -0.000127834 8.84602e-07 2.55245e-05 0.00960028 -0.0176978 1.82766e-05 -0.000127834 -0.0176978 0.0876108 
0.00963958 -0.0176254 9.91619e-06 2.27101e-05 -0.0176254 0.0870353 2.40843e-05 -0.000141823 9.91619e-06 2.40843e-05 0.00959077 -0.0176839 2.27101e-05 -0.000141823 -0.0176839 0.0875432 
0.00966648 -0.0176459 1.76533e-05 1.03454e-05 -0.0176459 0.0870912 9.66614e-06 -0.000122766 1.76533e-05 9.66614e-06 0.00957815 -0.0176987 1.03454e-05 -0.000122766 -0.0176987 0.0876086 
0.00966113 -0.0176414 4.62095e-06 -1.24957e-06 -0.0176414 0.0869767 1.55223e-06 -9.51491e-05 4.62095e-06 1.55223e-06 0.00954984 -0.0176428 -1.24957e-06 -9.51491e-05 -0.0176428 0.0874119 
0.00965851 -0.0176278 -8.5963e-06 1.45866e-05 -0.0176278 0.0868586 1.84863e-05 -0.000110458 -8.5963e-06 1.84863e-05 0.00950944 -0.0175805 1.45866e-05 -0.000110458 -0.0175805 0.0871475 
0.00963914 -0.0176324 -9.5292e-09 3.61678e-05 -0.0176324 0.0868209 3.51031e-05 -0.000155125 -9.5292e-09 3.51031e-05 0.00949951 -0.0175287 3.61678e-05 -0.000155125 -0.0175287 0.0869482 
0.00966028 -0.0177152 1.60857e-05 3.18678e-05 -0.0177152 0.0872779 2.62921e-05 -0.000170827 1.60857e-05 2.62921e-05 0.00955335 -0.0176141 3.18678e-05 -0.000170827 -0.0176141 0.0873308 
0.00966878 -0.0176892 2.41688e-05 1.43872e-05 -0.0176892 0.087273 1.15275e-05 -0.000153196 2.41688e-05 1.15275e-05 0.00953605 -0.0176357 1.43872e-05 -0.000153196 -0.0176357 0.0873869 
0.00967176 -0.0177084 3.33015e-05 2.44751e-06 -0.0177084 0.0873469 4.01365e-06 -0.000129893 3.33015e-05 4.01365e-06 0.00953848 -0.0176377 2.44751e-06 -0.000129893 -0.0176377 0.0874899 
0.00967243 -0.0177487 2.32135e-05 -1.31539e-05 -0.0177487 0.0875753 -6.85514e-06 -9.96533e-05 2.32135e-05 -6.85514e-06 0.00957419 -0.0176733 -1.31539e-05 -9.96533e-05 -0.0176733 0.0877063 
0.00927945 -0.0170441 7.92815e-06 -4.5669e-06 -0.0170441 0.0841993 6.91903e-06 -9.77245e-05 7.92815e-06 6.91903e-06 0.00923737 -0.0170084 -4.5669e-06 -9.77245e-05 -0.0170084 0.0843703 
0.00925521 -0.0170231 5.54872e-06 1.49403e-05 -0.0170231 0.0841939 2.95574e-05 -0.000140362 5.54872e-06 2.95574e-05 0.00927512 -0.0170576 1.49403e-05 -0.000140362 -0.0170576 0.0845065 
0.00962057 -0.0176673 8.27292e-06 2.43897e-05 -0.0176673 0.0874973 3.62322e-05 -0.000182634 8.27292e-06 3.62322e-05 0.00966856 -0.01779 2.43897e-05 -0.000182634 -0.01779 0.088032 
0.00963906 -0.0176536 4.22515e-06 2.88938e-05 -0.0176536 0.0874338 3.23468e-05 -0.000201465 4.22515e-06 3.23468e-05 0.00965491 -0.0178158 2.88938e-05 -0.000201465 -0.0178158 0.088128 
0.0096207 -0.0175903 2.33888e-05 3.7466e-05 -0.0175903 0.0870234 3.56187e-05 -0.000217726 2.33888e-05 3.56187e-05 0.00959613 -0.0177136 3.7466e-05 -0.000217726 -0.0177136 0.0877128 
0.00963055 -0.0175623 3.47984e-05 1.434e-05 -0.0175623 0.0867707 1.44494e-05 -0.000193369 3.47984e-05 1.44494e-05 0.00953885 -0.0176278 1.434e-05 -0.000193369 -0.0176278 0.0873409 
0.00962845 -0.0175967 3.00717e-05 -6.05797e-06 -0.0175967 0.0867673 -3.27618e-06 -0.000144562 3.00717e-05 -3.27618e-06 0.0095249 -0.0175717 -6.05797e-06 -0.000144562 -0.0175717 0.0871335 
0.00966041 -0.0176602 2.70353e-05 -6.64189e-06 -0.0176602 0.0870604 -1.69105e-06 -0.000118495 2.70353e-05 -1.69105e-06 0.00953656 -0.0176041 -6.64189e-06 -0.000118495 -0.0176041 0.0872669 
0.00967604 -0.0177071 2.78974e-05 -9.20619e-08 -0.0177071 0.0872845 3.12649e-06 -0.000122672 2.78974e-05 3.12649e-06 0.00954297 -0.017632 -9.20619e-08 -0.000122672 -0.017632 0.0874164 
0.00968928 -0.0177806 4.26779e-05 2.05647e-06 -0.0177806 0.0876807 1.28135e-06 -0.000127952 4.26779e-05 1.28135e-06 0.00959279 -0.0176957 2.05647e-06 -0.000127952 -0.0176957 0.0877724 
0.00969268 -0.0177497 5.43889e-05 -1.21379e-05 -0.0177497 0.0876577 -1.78156e-05 -0.000106209 5.43889e-05 -1.78156e-05 0.00960049 -0.0177106 -1.21379e-05 -0.000106209 -0.0177106 0.0878027 
0.00970763 -0.0177488 6.83666e-05 -2.34578e-05 -0.0177488 0.0876359 -3.04925e-05 -7.87039e-05 6.83666e-05 -3.04925e-05 0.00959927 -0.0177209 -2.34578e-05 -7.87039e-05 -0.0177209 0.0878366 
0.00970286 -0.0177103 5.80323e-05 -4.54648e-05 -0.0177103 0.0873686 -4.6521e-05 -3.5464e-05 5.80323e-05 -4.6521e-05 0.00956433 -0.0176506 -4.54648e-05 -3.5464e-05 -0.0176506 0.0875206 
0.00967743 -0.0176969 3.80619e-05 -3.83905e-05 -0.0176969 0.0872018 -3.12518e-05 -3.26869e-05 3.80619e-05 -3.12518e-05 0.00955136 -0.0176015 -3.83905e-05 -3.26869e-05 -0.0176015 0.0872701 
0.00965695 -0.0176828 1.09376e-05 -1.25062e-05 -0.0176828 0.0871454 5.11286e-07 -8.80655e-05 1.09376e-05 5.11286e-07 0.00955617 -0.0175944 -1.25062e-05 -8.80655e-05 -0.0175944 0.0871781 
0.00964783 -0.0176764 1.29653e-06 2.57284e-05 -0.0176764 0.087162 3.95616e-05 -0.000182123 1.29653e-06 3.95616e-05 0.00956799 -0.017621 2.57284e-05 -0.000182123 -0.017621 0.0872435 
0.009633 -0.0176856 2.38436e-05 4.18786e-05 -0.0176856 0.0872487 5.45764e-05 -0.000252358 2.38436e-05 5.45764e-05 0.00959378 -0.0176587 4.18786e-05 -0.000252358 -0.0176587 0.0874062 
0.00961147 -0.0176627 3.83987e-05 1.54548e-05 -0.0176627 0.0872488 2.51733e-05 -0.000234509 3.83987e-05 2.51733e-05 0.00961667 -0.0176938 1.54548e-05 -0.000234509 -0.0176938 0.0875358 
0.00959874 -0.0176447 2.66597e-05 -2.416e-06 -0.0176447 0.0872592 -1.21402e-06 -0.000179213 2.66597e-05 -1.21402e-06 0.00964824 -0.0177373 -2.416e-06 -0.000179213 -0.0177373 0.0877087 
0.00960434 -0.0176225 1.82716e-05 9.20581e-06 -0.0176225 0.0872275 5.89504e-06 -0.000163697 1.82716e-05 5.89504e-06 0.00965341 -0.0177817 9.20581e-06 -0.000163697 -0.0177817 0.0878643 
0.00961295 -0.0176111 5.18597e-06 1.82779e-05 -0.0176111 0.08714 1.40673e-05 -0.000173411 5.18597e-06 1.40673e-05 0.00964083 -0.017768 1.82779e-05 -0.000173411 -0.017768 0.0878484 
0.00963369 -0.0176377 4.40357e-06 3.5781e-05 -0.0176377 0.0872015 3.00782e-05 -0.000204928 4.40357e-06 3.00782e-05 0.00963676 -0.0177641 3.5781e-05 -0.000204928 -0.0177641 0.087873 
0.00964206 -0.0175937 1.19805e-05 3.89349e-05 -0.0175937 0.086924 3.4735e-05 -0.00022948 1.19805e-05 3.4735e-05 0.00956758 -0.0176817 3.89349e-05 -0.00022948 -0.0176817 0.0875012 
0.0096447 -0.0176197 3.1181e-05 3.24347e-05 -0.0176197 0.0868816 2.99744e-05 -0.000233834 3.1181e-05 2.99744e-05 0.00953668 -0.0176098 3.24347e-05 -0.000233834 -0.0176098 0.0872655 
0.00962915 -0.0175872 4.74412e-05 7.12163e-06 -0.0175872 0.0866684 8.20997e-06 -0.000197222 4.74412e-05 8.20997e-06 0.00948342 -0.0175169 7.12163e-06 -0.000197222 -0.0175169 0.0868427 
0.00962255 -0.0175961 4.97106e-05 -1.65638e-05 -0.0175961 0.0866738 -9.57654e-06 -0.000147056 4.97106e-05 -9.57654e-06 0.00946255 -0.0174845 -1.65638e-05 -0.000147056 -0.0174845 0.0867101 
0.00956607 -0.0175782 3.71271e-05 -2.22983e-05 -0.0175782 0.0865921 -1.12459e-05 -0.000118453 3.71271e-05 -1.12459e-05 0.00948261 -0.0174359 -2.22983e-05 -0.000118453 -0.0174359 0.0865087 
0.00954948 -0.0175532 2.76176e-05 -1.08394e-05 -0.0175532 0.0866511 5.36965e-08 -0.000124662 2.76176e-05 5.36965e-08 0.00950518 -0.0174939 -1.08394e-05 -0.000124662 -0.0174939 0.0866314 
0.00951526 -0.0174739 3.01134e-05 4.15857e-06 -0.0174739 0.0863597 1.38978e-05 -0.000154704 3.01134e-05 1.38978e-05 0.00949583 -0.0174735 4.15857e-06 -0.000154704 -0.0174735 0.0864899 
0.00953058 -0.0174832 3.57043e-05 3.81184e-06 -0.0174832 0.0864357 1.07804e-05 -0.000167251 3.57043e-05 1.07804e-05 0.00951289 -0.0175271 3.81184e-06 -0.000167251 -0.0175271 0.0867106 
0.00954016 -0.0174809 3.36229e-05 -1.491e-07 -0.0174809 0.0864194 8.30562e-07 -0.000157371 3.36229e-05 8.30562e-07 0.00951034 -0.0175425 -1.491e-07 -0.000157371 -0.0175425 0.0867933 
0.00955105 -0.0175461 3.40763e-05 2.22412e-06 -0.0175461 0.0866948 -2.92876e-06 -0.000148042 3.40763e-05 -2.92876e-06 0.00956219 -0.0175882 2.22412e-06 -0.000148042 -0.0175882 0.0870695 
0.0095722 -0.0176066 3.7226e-05 7.04965e-06 -0.0176066 0.087059 -9.82565e-07 -0.000155845 3.7226e-05 -9.82565e-07 0.00961934 -0.01768 7.04965e-06 -0.000155845 -0.01768 0.0874513 
0.00962785 -0.0176705 2.87195e-05 6.00056e-06 -0.0176705 0.0874596 -4.58239e-06 -0.000158793 2.87195e-05 -4.58239e-06 0.00964987 -0.017795 6.00056e-06 -0.000158793 -0.017795 0.0879549 
0.0096149 -0.0176615 3.4014e-05 1.34969e-05 -0.0176615 0.0873786 1.6628e-06 -0.000164803 3.4014e-05 1.6628e-06 0.00964924 -0.0177604 1.34969e-05 -0.000164803 -0.0177604 0.0878884 
0.00960036 -0.0176119 5.48186e-05 9.47896e-06 -0.0176119 0.0871616 6.2053e-07 -0.000170094 5.48186e-05 6.2053e-07 0.00963557 -0.0177267 9.47896e-06 -0.000170094 -0.0177267 0.0876891 
0.00963864 -0.0176357 7.77115e-05 -1.97335e-05 -0.0176357 0.0872395 -2.21172e-05 -0.000130898 7.77115e-05 -2.21172e-05 0.00962604 -0.0177519 -1.97335e-05 -0.000130898 -0.0177519 0.0877858 
0.00964561 -0.0176911 6.8289e-05 -5.05968e-05 -0.0176911 0.0873834 -4.78993e-05 -6.61903e-05 6.8289e-05 -4.78993e-05 0.00964222 -0.0177463 -5.05968e-05 -6.61903e-05 -0.0177463 0.0878446 
0.00966583 -0.0177242 5.67872e-05 -3.7514e-05 -0.0177242 0.087587 -3.59157e-05 -5.74688e-05 5.67872e-05 -3.59157e-05 0.0096597 -0.0177918 -3.7514e-05 -5.74688e-05 -0.0177918 0.088024 
0.00929613 -0.0170266 5.52599e-05 -2.09243e-05 -0.0170266 0.0841596 -2.40941e-05 -7.87213e-05 5.52599e-05 -2.40941e-05 0.0092859 -0.0171057 -2.09243e-05 -7.87213e-05 -0.0171057 0.0846249 
0.00934596 -0.0171003 4.95428e-05 -1.92495e-05 -0.0171003 0.0844831 -2.4806e-05 -9.23013e-05 4.95428e-05 -2.4806e-05 0.00931254 -0.0171716 -1.92495e-05 -9.23013e-05 -0.0171716 0.0849589 
0.00935455 -0.0170766 2.47391e-05 -1.43812e-05 -0.0170766 0.0843138 -1.61143e-05 -0.000104775 2.47391e-05 -1.61143e-05 0.00927106 -0.0171226 -1.43812e-05 -0.000104775 -0.0171226 0.0847557 
0.00976564 -0.0178005 2.60722e-05 1.4309e-05 -0.0178005 0.0877643 1.93461e-05 -0.000167237 2.60722e-05 1.93461e-05 0.00963289 -0.0177815 1.4309e-05 -0.000167237 -0.0177815 0.0881006 
0.00978139 -0.0178416 2.26508e-05 1.6611e-05 -0.0178416 0.0878381 2.30928e-05 -0.000205318 2.26508e-05 2.30928e-05 0.00962386 -0.0177554 1.6611e-05 -0.000205318 -0.0177554 0.0879983 
0.00977103 -0.0178295 2.44246e-05 1.93297e-05 -0.0178295 0.0877338 2.56153e-05 -0.000217744 2.44246e-05 2.56153e-05 0.00959841 -0.0177108 1.93297e-05 -0.000217744 -0.0177108 0.0877655 
0.00976986 -0.0178616 5.37793e-05 1.15045e-05 -0.0178616 0.0878793 2.08352e-05 -0.000208661 5.37793e-05 2.08352e-05 0.00960908 -0.0177286 1.15045e-05 -0.000208661 -0.0177286 0.0878504 
0.00975598 -0.0178918 6.8264e-05 -2.3581e-05 -0.0178918 0.0880874 -1.24901e-05 -0.00015403 6.8264e-05 -1.24901e-05 0.00965832 -0.017769 -2.3581e-05 -0.00015403 -0.017769 0.0880455 
0.00936232 -0.0171715 5.12174e-05 -3.69854e-05 -0.0171715 0.08468 -2.92461e-05 -9.79912e-05 5.12174e-05 -2.92461e-05 0.00930634 -0.017123 -3.69854e-05 -9.79912e-05 -0.017123 0.0847398 
0.00937734 -0.0172028 4.24688e-05 -1.51181e-05 -0.0172028 0.0849182 -1.28698e-05 -0.000112894 4.24688e-05 -1.28698e-05 0.00935344 -0.0172154 -1.51181e-05 -0.000112894 -0.0172154 0.0851439 
0.00940236 -0.0172225 5.44863e-05 3.19944e-06 -0.0172225 0.0850722 -4.78747e-07 -0.000157069 5.44863e-05 -4.78747e-07 0.0093711 -0.0172736 3.19944e-06 -0.000157069 -0.0172736 0.085422 
0.00938354 -0.0171837 6.16779e-05 -9.14813e-06 -0.0171837 0.0848698 -1.63581e-05 -0.000154186 6.16779e-05 -1.63581e-05 0.00934932 -0.0172342 -9.14813e-06 -0.000154186 -0.0172342 0.0852759 
