0.00696599 0 -6.33953e-05 0 0 0.00993158 0 0 -6.33953e-05 0 0.00705505 0 0 0 0 0.00993158 
0.00954762 -0.0118533 -7.46323e-05 9.00584e-05 -0.0118533 0.0315099 9.00584e-05 -0.000172472 -7.46323e-05 9.00584e-05 0.00959874 -0.011912 9.00584e-05 -0.000172472 -0.011912 0.0316232 
0.00980291 -0.0183074 -1.60924e-05 5.75911e-05 -0.0183074 0.0674909 5.75911e-05 -0.00016784 -1.60924e-05 5.75911e-05 0.00979428 -0.0181836 5.75911e-05 -0.00016784 -0.0181836 0.0670457 
0.00923096 -0.0180134 7.68158e-06 -4.46211e-05 -0.0180134 0.0809162 -3.95266e-05 0.000167407 7.68158e-06 -3.95266e-05 0.00926085 -0.0176695 -4.46211e-05 0.000167407 -0.0176695 0.0791082 
0.0089462 -0.0169043 4.18873e-07 -6.4344e-05 -0.0169043 0.0820083 -4.56484e-05 0.00030191 4.18873e-07 -4.56484e-05 0.00900082 -0.0166575 -6.4344e-05 0.00030191 -0.0166575 0.079849 
0.00961793 -0.0178394 -1.29535e-05 -5.37478e-05 -0.0178394 0.0881296 -2.24604e-05 0.000284839 -1.29535e-05 -2.24604e-05 0.00972671 -0.0177217 -5.37478e-05 0.000284839 -0.0177217 0.0864054 
0.00936636 -0.0173665 -2.20867e-05 -2.39075e-05 -0.0173665 0.0859774 7.08377e-06 0.00017313 -2.20867e-05 7.08377e-06 0.00957574 -0.0173594 -2.39075e-05 0.00017313 -0.0173594 0.084945 
0.00998299 -0.0184665 -6.887e-07 -1.73535e-07 -0.0184665 0.0916236 2.09249e-05 8.90569e-05 -6.887e-07 2.09249e-05 0.0102382 -0.0185975 -1.73535e-07 8.90569e-05 -0.0185975 0.0910792 
0.00977809 -0.018033 8.98884e-06 -1.5017e-05 -0.018033 0.0895022 -1.33061e-05 8.30553e-05 8.98884e-06 -1.33061e-05 0.010003 -0.0181992 -1.5017e-05 8.30553e-05 -0.0181992 0.0892712 
0.00966162 -0.0177927 -2.90666e-06 -2.19324e-05 -0.0177927 0.088205 -3.54362e-05 0.000114735 -2.90666e-06 -3.54362e-05 0.00983551 -0.0179146 -2.19324e-05 0.000114735 -0.0179146 0.0879993 
0.00956092 -0.0176285 -3.26923e-05 4.55668e-07 -0.0176285 0.0872759 -1.85996e-05 9.12641e-05 -3.26923e-05 -1.85996e-05 0.00973576 -0.0176785 4.55668e-07 9.12641e-05 -0.0176785 0.0869327 
0.00950943 -0.0175418 -2.10524e-05 3.50543e-05 -0.0175418 0.0868259 1.8206e-05 2.00686e-05 -2.10524e-05 1.8206e-05 0.00968271 -0.0175815 3.50543e-05 2.00686e-05 -0.0175815 0.0863801 
0.00948214 -0.0174777 -1.1054e-05 2.33212e-05 -0.0174777 0.0865072 1.27287e-05 -8.88997e-06 -1.1054e-05 1.27287e-05 0.00964039 -0.0175218 2.33212e-05 -8.88997e-06 -0.0175218 0.0860414 
0.00942018 -0.0174002 -1.08884e-05 4.4087e-06 -0.0174002 0.0860822 -2.41931e-07 1.59448e-05 -1.08884e-05 -2.41931e-07 0.00961415 -0.0174296 4.4087e-06 1.59448e-05 -0.0174296 0.0855979 
0.00939507 -0.017385 -2.96981e-05 -1.20271e-06 -0.017385 0.0860715 -2.80422e-07 3.51492e-05 -2.96981e-05 -2.80422e-07 0.00963265 -0.0174674 -1.20271e-06 3.51492e-05 -0.0174674 0.0856682 
0.00938705 -0.0173331 -2.97883e-05 1.15843e-05 -0.0173331 0.085923 1.90569e-05 2.56528e-05 -2.97883e-05 1.90569e-05 0.00961543 -0.017489 1.15843e-05 2.56528e-05 -0.017489 0.085706 
0.0094265 -0.0173626 -1.84372e-05 8.17087e-06 -0.0173626 0.0860431 1.76078e-05 2.6003e-05 -1.84372e-05 1.76078e-05 0.00959634 -0.0175202 8.17087e-06 2.6003e-05 -0.0175202 0.0859293 
0.00946501 -0.017409 1.10983e-06 -3.59773e-06 -0.017409 0.0861635 4.07429e-06 4.78619e-05 1.10983e-06 4.07429e-06 0.00956766 -0.0174935 -3.59773e-06 4.78619e-05 -0.0174935 0.0859704 
0.00946866 -0.0174353 2.39922e-05 -2.69609e-05 -0.0174353 0.0861767 -2.37831e-05 0.000100687 2.39922e-05 -2.37831e-05 0.00953679 -0.0174197 -2.69609e-05 0.000100687 -0.0174197 0.0857609 
0.0094317 -0.0174403 1.98088e-05 -4.74299e-05 -0.0174403 0.086169 -4.90864e-05 0.000155349 1.98088e-05 -4.90864e-05 0.0095365 -0.0173594 -4.74299e-05 0.000155349 -0.0173594 0.0855255 
0.00941014 -0.0173636 1.02385e-05 -4.02421e-05 -0.0173636 0.0859346 -4.37271e-05 0.000165252 1.02385e-05 -4.37271e-05 0.00951047 -0.0173312 -4.02421e-05 0.000165252 -0.0173312 0.0852835 
0.0093869 -0.0173341 -4.11164e-06 -2.58304e-05 -0.0173341 0.0857728 -3.16544e-05 0.000140681 -4.11164e-06 -3.16544e-05 0.00951564 -0.0173066 -2.58304e-05 0.000140681 -0.0173066 0.085162 
0.00937532 -0.0173214 9.80529e-06 -6.73215e-06 -0.0173214 0.0857394 -1.33982e-05 9.80323e-05 9.80529e-06 -1.33982e-05 0.00951349 -0.0173309 -6.73215e-06 9.80323e-05 -0.0173309 0.0851985 
0.0093671 -0.0172782 2.1891e-05 -1.88757e-05 -0.0172782 0.0855677 -2.32868e-05 8.78657e-05 2.1891e-05 -2.32868e-05 0.00948615 -0.0173111 -1.88757e-05 8.78657e-05 -0.0173111 0.0851146 
0.00935884 -0.017263 1.02895e-05 -3.52236e-05 -0.017263 0.0854525 -3.54056e-05 0.000110633 1.02895e-05 -3.54056e-05 0.00947428 -0.0172748 -3.52236e-05 0.000110633 -0.0172748 0.0850074 
0.0093357 -0.0172105 -8.47272e-06 -2.15488e-05 -0.0172105 0.0851801 -2.37467e-05 0.000102891 -8.47272e-06 -2.37467e-05 0.00943136 -0.0172174 -2.15488e-05 0.000102891 -0.0172174 0.0847237 
0.00932811 -0.017234 -6.74757e-06 2.09314e-06 -0.017234 0.0852723 -4.46015e-06 6.36169e-05 -6.74757e-06 -4.46015e-06 0.0094384 -0.017223 2.09314e-06 6.36169e-05 -0.017223 0.0847908 
0.0093152 -0.017217 1.69495e-05 1.28192e-06 -0.017217 0.0852571 -4.9851e-06 4.35079e-05 1.69495e-05 -4.9851e-06 0.0094338 -0.0172181 1.28192e-06 4.35079e-05 -0.0172181 0.0847744 
0.00929636 -0.0171614 3.31684e-05 -2.54513e-05 -0.0171614 0.0850276 -3.00475e-05 7.46534e-05 3.31684e-05 -3.00475e-05 0.00941589 -0.017175 -2.54513e-05 7.46534e-05 -0.017175 0.0845791 
0.00933468 -0.0172181 1.36145e-05 -4.59253e-05 -0.0172181 0.0852933 -4.93313e-05 0.000123512 1.36145e-05 -4.93313e-05 0.00943465 -0.0172388 -4.59253e-05 0.000123512 -0.0172388 0.0848745 
0.00934679 -0.0172742 -6.0571e-06 -2.05276e-05 -0.0172742 0.0855291 -2.74201e-05 0.00010724 -6.0571e-06 -2.74201e-05 0.00947131 -0.0172676 -2.05276e-05 0.00010724 -0.0172676 0.0850789 
0.00933992 -0.0172669 2.2076e-06 8.18091e-06 -0.0172669 0.0855533 -2.55287e-06 4.66677e-05 2.2076e-06 -2.55287e-06 0.00949813 -0.0172869 8.18091e-06 4.66677e-05 -0.0172869 0.0851182 
0.00935733 -0.0172544 2.65983e-05 -9.19465e-08 -0.0172544 0.0855304 -1.19608e-05 3.13169e-05 2.65983e-05 -1.19608e-05 0.00949653 -0.0173168 -9.19465e-08 3.13169e-05 -0.0173168 0.0851767 
0.00939217 -0.0172707 3.8951e-05 -3.09963e-05 -0.0172707 0.0855326 -4.09978e-05 7.65437e-05 3.8951e-05 -4.09978e-05 0.00947725 -0.0173169 -3.09963e-05 7.65437e-05 -0.0173169 0.0852007 
0.00943387 -0.0173863 3.79038e-05 -5.03143e-05 -0.0173863 0.0859496 -5.70175e-05 0.000131235 3.79038e-05 -5.70175e-05 0.00951624 -0.0173546 -5.03143e-05 0.000131235 -0.0173546 0.085481 
0.00941009 -0.0173919 3.76537e-05 -4.80117e-05 -0.0173919 0.085981 -5.11482e-05 0.000140421 3.76537e-05 -5.11482e-05 0.00952754 -0.0173398 -4.80117e-05 0.000140421 -0.0173398 0.0853856 
0.00942033 -0.0174241 3.66297e-05 -4.76925e-05 -0.0174241 0.0862509 -4.98492e-05 0.000138263 3.66297e-05 -4.98492e-05 0.00956345 -0.0174185 -4.76925e-05 0.000138263 -0.0174185 0.0856836 
0.00942482 -0.0173828 2.055e-05 -4.58557e-05 -0.0173828 0.0861328 -4.60267e-05 0.000130159 2.055e-05 -4.60267e-05 0.00955317 -0.0174181 -4.58557e-05 0.000130159 -0.0174181 0.0856675 
0.00947928 -0.0174631 4.84114e-06 -2.91434e-05 -0.0174631 0.08646 -2.5428e-05 9.7723e-05 4.84114e-06 -2.5428e-05 0.00958264 -0.0174802 -2.91434e-05 9.7723e-05 -0.0174802 0.0860058 
0.00950672 -0.0175472 -6.2314e-06 -1.1162e-05 -0.0175472 0.0867944 -6.09262e-06 5.30552e-05 -6.2314e-06 -6.09262e-06 0.00962044 -0.0175212 -1.1162e-05 5.30552e-05 -0.0175212 0.0862541 
0.00951115 -0.0175874 -3.52659e-06 8.45314e-07 -0.0175874 0.0870314 8.0991e-06 1.5979e-05 -3.52659e-06 8.0991e-06 0.0096635 -0.0175688 8.45314e-07 1.5979e-05 -0.0175688 0.0864492 
0.00954702 -0.0176042 1.31534e-06 -5.71613e-06 -0.0176042 0.0872169 4.25644e-06 1.30212e-05 1.31534e-06 4.25644e-06 0.00968032 -0.0176451 -5.71613e-06 1.30212e-05 -0.0176451 0.0867302 
0.009558 -0.0175962 -2.98376e-06 -1.35041e-05 -0.0175962 0.0871219 -3.18819e-06 3.03645e-05 -2.98376e-06 -3.18819e-06 0.00965737 -0.017623 -1.35041e-05 3.03645e-05 -0.017623 0.0866795 
0.00955378 -0.0175772 -1.8241e-05 -8.54142e-06 -0.0175772 0.0869371 2.51235e-06 3.11272e-05 -1.8241e-05 2.51235e-06 0.00962508 -0.0175538 -8.54142e-06 3.11272e-05 -0.0175538 0.0864121 
0.00954456 -0.0175571 -2.07395e-05 4.59722e-06 -0.0175571 0.0867605 1.32525e-05 1.91624e-05 -2.07395e-05 1.32525e-05 0.00959297 -0.0174882 4.59722e-06 1.91624e-05 -0.0174882 0.0861075 
0.00952833 -0.0175603 -2.27001e-05 1.27767e-05 -0.0175603 0.0867168 1.52118e-05 4.41516e-06 -2.27001e-05 1.52118e-05 0.00959963 -0.0174557 1.27767e-05 4.41516e-06 -0.0174557 0.0859468 
0.0095171 -0.0175469 1.5597e-05 1.3436e-05 -0.0175469 0.0866897 1.11107e-05 7.56949e-06 1.5597e-05 1.11107e-05 0.00958707 -0.0174675 1.3436e-05 7.56949e-06 -0.0174675 0.0859038 
0.00949631 -0.0175342 2.83335e-05 -2.69104e-05 -0.0175342 0.0866492 -3.28762e-05 6.90691e-05 2.83335e-05 -3.28762e-05 0.00959572 -0.0174542 -2.69104e-05 6.90691e-05 -0.0174542 0.0858705 
0.00949239 -0.0175172 3.32166e-05 -4.05815e-05 -0.0175172 0.0866361 -4.99197e-05 0.000125361 3.32166e-05 -4.99197e-05 0.00960188 -0.0174746 -4.05815e-05 0.000125361 -0.0174746 0.0859126 
0.00950308 -0.0175337 3.93335e-06 -4.00898e-05 -0.0175337 0.0867196 -5.16964e-05 0.000137991 3.93335e-06 -5.16964e-05 0.00961762 -0.0174983 -4.00898e-05 0.000137991 -0.0174983 0.0860309 
0.00951651 -0.0175546 -2.21771e-05 -3.26966e-06 -0.0175546 0.0868304 -1.23882e-05 7.821e-05 -2.21771e-05 -1.23882e-05 0.00965111 -0.0175367 -3.26966e-06 7.821e-05 -0.0175367 0.0861937 
0.0095637 -0.0176364 -3.09916e-05 2.79531e-05 -0.0176364 0.087234 2.5547e-05 -1.26437e-05 -3.09916e-05 2.5547e-05 0.00969408 -0.0176436 2.79531e-05 -1.26437e-05 -0.0176436 0.0866542 
0.00958779 -0.0176847 -2.17382e-05 3.1308e-05 -0.0176847 0.0874581 3.99309e-05 -6.20951e-05 -2.17382e-05 3.99309e-05 0.00971901 -0.0176862 3.1308e-05 -6.20951e-05 -0.0176862 0.0868961 
0.00955899 -0.0176521 -1.18389e-05 1.72267e-05 -0.0176521 0.0872991 3.04566e-05 -5.7882e-05 -1.18389e-05 3.04566e-05 0.00971836 -0.017648 1.72267e-05 -5.7882e-05 -0.017648 0.0867232 
0.00952166 -0.0175874 -2.10097e-05 7.32556e-06 -0.0175874 0.0870343 1.41578e-05 -2.87975e-05 -2.10097e-05 1.41578e-05 0.00970339 -0.0176221 7.32556e-06 -2.87975e-05 -0.0176221 0.0865151 
0.009498 -0.0175512 -1.50036e-05 2.08031e-05 -0.0175512 0.0868932 1.94805e-05 -2.98732e-05 -1.50036e-05 1.94805e-05 0.00969771 -0.017618 2.08031e-05 -2.98732e-05 -0.017618 0.0864594 
0.00949164 -0.0175074 4.41625e-06 1.66849e-05 -0.0175074 0.086717 1.00897e-05 -2.45854e-05 4.41625e-06 1.00897e-05 0.00966057 -0.0176013 1.66849e-05 -2.45854e-05 -0.0176013 0.0863661 
0.00947565 -0.0174946 7.79096e-06 -5.54872e-06 -0.0174946 0.086592 -1.45958e-05 1.42539e-05 7.79096e-06 -1.45958e-05 0.00964602 -0.017542 -5.54872e-06 1.42539e-05 -0.017542 0.0861925 
0.0094559 -0.0174647 3.38912e-05 -1.23149e-05 -0.0174647 0.0864632 -2.16809e-05 4.80069e-05 3.38912e-05 -2.16809e-05 0.00963734 -0.0175163 -1.23149e-05 4.80069e-05 -0.0175163 0.0860392 
0.00943869 -0.0174278 4.46409e-05 -4.1231e-05 -0.0174278 0.0863143 -4.9549e-05 9.86723e-05 4.46409e-05 -4.9549e-05 0.00962854 -0.0175066 -4.1231e-05 9.86723e-05 -0.0175066 0.0859494 
0.00944937 -0.0174562 2.41987e-05 -5.43077e-05 -0.0174562 0.0864512 -6.0339e-05 0.000139193 2.41987e-05 -6.0339e-05 0.00965679 -0.0175457 -5.43077e-05 0.000139193 -0.0175457 0.0861357 
0.00945855 -0.0174581 5.05557e-06 -2.99047e-05 -0.0174581 0.0864862 -3.2203e-05 0.000111104 5.05557e-06 -3.2203e-05 0.00966084 -0.0175729 -2.99047e-05 0.000111104 -0.0175729 0.0862332 
0.00942694 -0.0173881 5.68654e-06 -6.30884e-06 -0.0173881 0.0861122 -4.98781e-06 4.99997e-05 5.68654e-06 -4.98781e-06 0.00961123 -0.0174928 -6.30884e-06 4.99997e-05 -0.0174928 0.0858704 
0.00944441 -0.0174083 5.27834e-06 -9.62221e-06 -0.0174083 0.0861705 -6.41658e-06 3.00642e-05 5.27834e-06 -6.41658e-06 0.00959144 -0.0174886 -9.62221e-06 3.00642e-05 -0.0174886 0.0858849 
0.00945415 -0.0174271 -6.2682e-06 -1.20571e-05 -0.0174271 0.0862126 -9.50596e-06 3.56903e-05 -6.2682e-06 -9.50596e-06 0.00955815 -0.0174572 -1.20571e-05 3.56903e-05 -0.0174572 0.0858225 
0.00943151 -0.0173896 -1.62601e-05 4.97567e-06 -0.0173896 0.0859946 6.26969e-06 1.00934e-05 -1.62601e-05 6.26969e-06 0.00949892 -0.0173557 4.97567e-06 1.00934e-05 -0.0173557 0.0854457 
0.00940912 -0.0173439 -1.13892e-05 2.00529e-05 -0.0173439 0.0857573 1.91604e-05 -2.75688e-05 -1.13892e-05 1.91604e-05 0.00945706 -0.0172609 2.00529e-05 -2.75688e-05 -0.0172609 0.0850602 
0.00938321 -0.0173102 1.94531e-06 1.63832e-05 -0.0173102 0.0855791 1.18914e-05 -3.50478e-05 1.94531e-06 1.18914e-05 0.00944648 -0.017209 1.63832e-05 -3.50478e-05 -0.017209 0.0848038 
0.00935695 -0.0172873 1.11018e-05 2.14907e-06 -0.0172873 0.0854951 -3.73974e-06 -1.41509e-05 1.11018e-05 -3.73974e-06 0.00946839 -0.0172121 2.14907e-06 -1.41509e-05 -0.0172121 0.0847419 
0.00933313 -0.0172272 3.00276e-05 -8.63578e-06 -0.0172272 0.0852682 -1.50555e-05 1.22815e-05 3.00276e-05 -1.50555e-05 0.00946481 -0.0172168 -8.63578e-06 1.22815e-05 -0.0172168 0.0846432 
0.00932953 -0.0172365 3.76704e-05 -3.12948e-05 -0.0172365 0.0853169 -3.46383e-05 5.35097e-05 3.76704e-05 -3.46383e-05 0.00948505 -0.0172641 -3.12948e-05 5.35097e-05 -0.0172641 0.0848294 
0.00936136 -0.0172774 5.10749e-05 -4.50424e-05 -0.0172774 0.0855585 -4.37087e-05 9.17361e-05 5.10749e-05 -4.37087e-05 0.00949602 -0.0173358 -4.50424e-05 9.17361e-05 -0.0173358 0.0851729 
0.00937647 -0.0172819 5.62232e-05 -6.38741e-05 -0.0172819 0.0855653 -5.87059e-05 0.000131582 5.62232e-05 -5.87059e-05 0.0094875 -0.0173199 -6.38741e-05 0.000131582 -0.0173199 0.0851983 
0.00938621 -0.0173096 2.05769e-05 -6.55337e-05 -0.0173096 0.0856394 -6.26427e-05 0.000148463 2.05769e-05 -6.26427e-05 0.00947775 -0.0173076 -6.55337e-05 0.000148463 -0.0173076 0.0851926 
0.00942742 -0.0173882 -1.25831e-06 -2.07255e-05 -0.0173882 0.0860136 -2.17764e-05 8.80972e-05 -1.25831e-06 -2.17764e-05 0.00948652 -0.0173517 -2.07255e-05 8.80972e-05 -0.0173517 0.0854608 
0.00944845 -0.0174112 -1.79387e-05 1.15832e-05 -0.0174112 0.0861293 9.12129e-06 -1.65545e-06 -1.79387e-05 9.12129e-06 0.00947828 -0.0173355 1.15832e-05 -1.65545e-06 -0.0173355 0.0854756 
0.00947157 -0.0174373 -8.90964e-06 3.10773e-05 -0.0174373 0.0862333 2.88236e-05 -6.73231e-05 -8.90964e-06 2.88236e-05 0.00946804 -0.01733 3.10773e-05 -6.73231e-05 -0.01733 0.085494 
0.00947376 -0.01742 -1.51514e-05 2.0494e-05 -0.01742 0.0860948 1.65269e-05 -7.51547e-05 -1.51514e-05 1.65269e-05 0.00942059 -0.0172649 2.0494e-05 -7.51547e-05 -0.0172649 0.0852408 
0.00945738 -0.0174223 -2.21367e-05 2.56507e-05 -0.0174223 0.0860362 2.05556e-05 -7.49175e-05 -2.21367e-05 2.05556e-05 0.0094057 -0.0172063 2.56507e-05 -7.49175e-05 -0.0172063 0.0850404 
0.0094116 -0.0173566 -7.79109e-06 3.31749e-05 -0.0173566 0.0857528 2.75762e-05 -8.66573e-05 -7.79109e-06 2.75762e-05 0.00939706 -0.0171414 3.31749e-05 -8.66573e-05 -0.0171414 0.0846938 
0.00937932 -0.0173116 1.15155e-05 1.36398e-05 -0.0173116 0.0855891 1.15378e-05 -6.29201e-05 1.15155e-05 1.15378e-05 0.00940955 -0.0171472 1.36398e-05 -6.29201e-05 -0.0171472 0.0846006 
0.00937802 -0.0173054 1.5862e-05 -1.19368e-05 -0.0173054 0.0856167 -7.9639e-06 -1.57433e-05 1.5862e-05 -7.9639e-06 0.0094301 -0.0172016 -1.19368e-05 -1.57433e-05 -0.0172016 0.0847692 
0.00937016 -0.0172946 1.8238e-05 -1.91611e-05 -0.0172946 0.0855844 -1.47847e-05 1.80626e-05 1.8238e-05 -1.47847e-05 0.00943701 -0.0172209 -1.91611e-05 1.80626e-05 -0.0172209 0.0848467 
0.00934896 -0.0172293 2.97746e-05 -1.61778e-05 -0.0172293 0.0852841 -1.2493e-05 1.75473e-05 2.97746e-05 -1.2493e-05 0.00939985 -0.0171762 -1.61778e-05 1.75473e-05 -0.0171762 0.0846251 
0.00934523 -0.017208 2.10999e-05 -2.9063e-05 -0.017208 0.0851327 -2.69244e-05 3.53022e-05 2.10999e-05 -2.69244e-05 0.00936009 -0.0171359 -2.9063e-05 3.53022e-05 -0.0171359 0.0844729 
0.00938078 -0.0172964 1.77033e-05 -1.67575e-05 -0.0172964 0.0855091 -2.09452e-05 3.19821e-05 1.77033e-05 -2.09452e-05 0.00938464 -0.017174 -1.67575e-05 3.19821e-05 -0.017174 0.0847556 
0.00938548 -0.0173288 2.4786e-05 -6.85691e-06 -0.0173288 0.0856846 -1.59578e-05 1.00123e-05 2.4786e-05 -1.59578e-05 0.0093944 -0.0171811 -6.85691e-06 1.00123e-05 -0.0171811 0.084831 
0.00934289 -0.0172433 2.48908e-05 -1.3351e-05 -0.0172433 0.0853191 -2.35306e-05 1.00504e-05 2.48908e-05 -2.35306e-05 0.00936375 -0.0170998 -1.3351e-05 1.00504e-05 -0.0170998 0.0844367 
0.00929081 -0.0171324 4.17458e-05 -1.56243e-05 -0.0171324 0.084792 -2.3719e-05 1.57992e-05 4.17458e-05 -2.3719e-05 0.00932619 -0.0170159 -1.56243e-05 1.57992e-05 -0.0170159 0.083964 
0.00928304 -0.0171323 2.37733e-05 -3.84108e-05 -0.0171323 0.0847705 -4.14735e-05 4.74539e-05 2.37733e-05 -4.14735e-05 0.00933054 -0.0170374 -3.84108e-05 4.74539e-05 -0.0170374 0.084005 
0.0100642 -0.0185603 1.79096e-06 -2.29142e-05 -0.0185603 0.0918634 -2.63271e-05 4.81957e-05 1.79096e-06 -2.63271e-05 0.0101076 -0.018479 -2.29142e-05 4.81957e-05 -0.018479 0.0911046 
0.0100078 -0.0185034 -5.49107e-06 8.83846e-06 -0.0185034 0.0915662 4.4063e-06 -1.09322e-05 -5.49107e-06 4.4063e-06 0.0100916 -0.0184161 8.83846e-06 -1.09322e-05 -0.0184161 0.0908333 
0.00995772 -0.0184329 5.09286e-06 1.70154e-05 -0.0184329 0.0913311 1.74141e-05 -5.69166e-05 5.09286e-06 1.74141e-05 0.010094 -0.0184095 1.70154e-05 -5.69166e-05 -0.0184095 0.090722 
0.0099552 -0.0184185 2.58676e-05 3.15855e-06 -0.0184185 0.0913666 5.09488e-06 -5.21778e-05 2.58676e-05 5.09488e-06 0.0101232 -0.0184705 3.15855e-06 -5.21778e-05 -0.0184705 0.0909524 
0.00997138 -0.018465 3.03905e-05 -1.82753e-05 -0.018465 0.0916325 -2.01177e-05 -1.12177e-05 3.03905e-05 -2.01177e-05 0.0101768 -0.0185618 -1.82753e-05 -1.12177e-05 -0.0185618 0.0913812 
0.00922038 -0.0170497 1.86783e-05 -2.29666e-05 -0.0170497 0.0846693 -2.59095e-05 2.08481e-05 1.86783e-05 -2.59095e-05 0.00940102 -0.0171852 -2.29666e-05 2.08481e-05 -0.0171852 0.0845734 
0.00919929 -0.017022 -1.04565e-06 -1.56589e-05 -0.017022 0.0844992 -1.33901e-05 1.79795e-05 -1.04565e-06 -1.33901e-05 0.00939149 -0.0171356 -1.56589e-05 1.79795e-05 -0.0171356 0.0844173 
0.00998069 -0.0184484 1.00159e-06 6.65902e-06 -0.0184484 0.0916018 9.79642e-06 -2.14994e-05 1.00159e-06 9.79642e-06 0.0101892 -0.0185859 6.65902e-06 -2.14994e-05 -0.0185859 0.0915245 
0.0100171 -0.0184547 1.77574e-05 9.03707e-06 -0.0184547 0.0916147 1.01318e-05 -4.74744e-05 1.77574e-05 1.01318e-05 0.0101481 -0.0186032 9.03707e-06 -4.74744e-05 -0.0186032 0.0915738 
0.0100284 -0.0184505 2.85853e-05 -1.29591e-05 -0.0184505 0.09144 -9.26116e-06 -2.3869e-05 2.85853e-05 -9.26116e-06 0.0100782 -0.0184993 -1.29591e-05 -2.3869e-05 -0.0184993 0.0912586 
0.0100319 -0.0184644 1.17421e-05 -2.60058e-05 -0.0184644 0.0913712 -1.99204e-05 7.81734e-06 1.17421e-05 -1.99204e-05 0.0100364 -0.0183989 -2.60058e-05 7.81734e-06 -0.0183989 0.0909179 
0.00998019 -0.0183977 -7.67727e-06 -5.63077e-06 -0.0183977 0.09097 -2.82726e-07 -1.14669e-05 -7.67727e-06 -2.82726e-07 0.0099883 -0.0182581 -5.63077e-06 -1.14669e-05 -0.0182581 0.0902612 
0.00995889 -0.0183486 -5.39691e-06 1.78503e-05 -0.0183486 0.0907629 1.95582e-05 -5.67861e-05 -5.39691e-06 1.95582e-05 0.00996054 -0.0182292 1.78503e-05 -5.67861e-05 -0.0182292 0.0900063 
0.00996881 -0.0183703 1.02485e-06 2.22916e-05 -0.0183703 0.090854 1.80077e-05 -8.48603e-05 1.02485e-06 1.80077e-05 0.0099543 -0.0182496 2.22916e-05 -8.48603e-05 -0.0182496 0.0901016 
0.0099792 -0.018385 2.22464e-05 1.63982e-05 -0.018385 0.0909072 8.99347e-06 -8.15752e-05 2.22464e-05 8.99347e-06 0.00994259 -0.0182325 1.63982e-05 -8.15752e-05 -0.0182325 0.0900945 
0.00998382 -0.0184139 1.86806e-05 -8.39698e-06 -0.0184139 0.0910267 -1.54968e-05 -4.25884e-05 1.86806e-05 -1.54968e-05 0.00994874 -0.018232 -8.39698e-06 -4.25884e-05 -0.018232 0.0901375 
0.00999045 -0.0184603 3.01611e-06 -4.117e-06 -0.0184603 0.0912922 -1.3065e-05 -2.77658e-05 3.01611e-06 -1.3065e-05 0.00999222 -0.0182798 -4.117e-06 -2.77658e-05 -0.0182798 0.0903713 
0.00998731 -0.0184803 1.63316e-05 1.83393e-05 -0.0184803 0.0914856 6.23482e-06 -6.07545e-05 1.63316e-05 6.23482e-06 0.010046 -0.0183452 1.83393e-05 -6.07545e-05 -0.0183452 0.0906271 
0.00994724 -0.0184507 2.4496e-05 1.54567e-06 -0.0184507 0.0914498 -9.2141e-06 -5.45394e-05 2.4496e-05 -9.2141e-06 0.0101064 -0.0183943 1.54567e-06 -5.45394e-05 -0.0183943 0.090762 
0.0099417 -0.0183659 3.03687e-05 -8.23068e-06 -0.0183659 0.0912076 -1.95816e-05 -2.98297e-05 3.03687e-05 -1.95816e-05 0.0101043 -0.018453 -8.23068e-06 -2.98297e-05 -0.018453 0.0908435 
0.00994613 -0.0183481 3.20652e-05 -1.16406e-05 -0.0183481 0.0910497 -2.46441e-05 -1.64742e-05 3.20652e-05 -2.46441e-05 0.0100896 -0.0184549 -1.16406e-05 -1.64742e-05 -0.0184549 0.090884 
0.00999075 -0.0184392 2.91348e-05 -1.39606e-05 -0.0184392 0.0914071 -2.3857e-05 -1.50126e-05 2.91348e-05 -2.3857e-05 0.0101151 -0.0185097 -1.39606e-05 -1.50126e-05 -0.0185097 0.0912285 
0.00924233 -0.0170761 3.71929e-05 -8.9118e-06 -0.0170761 0.0846307 -1.46947e-05 -2.61874e-05 3.71929e-05 -1.46947e-05 0.00935941 -0.0171153 -8.9118e-06 -2.61874e-05 -0.0171153 0.0844012 
0.00924119 -0.0170876 4.11251e-05 -1.80631e-05 -0.0170876 0.0847171 -2.23286e-05 -2.55997e-05 4.11251e-05 -2.23286e-05 0.00937938 -0.0171242 -1.80631e-05 -2.55997e-05 -0.0171242 0.0844494 
0.0100108 -0.0184924 4.27128e-05 -2.60864e-05 -0.0184924 0.0917316 -2.80889e-05 -1.73273e-05 4.27128e-05 -2.80889e-05 0.0101702 -0.0185598 -2.60864e-05 -1.73273e-05 -0.0185598 0.091472 
0.0092266 -0.01705 1.96571e-05 -2.23174e-05 -0.01705 0.0845554 -2.14046e-05 -1.83728e-05 1.96571e-05 -2.14046e-05 0.00938279 -0.0171221 -2.23174e-05 -1.83728e-05 -0.0171221 0.0843482 
0.00922296 -0.0170362 -3.2547e-06 6.33026e-06 -0.0170362 0.0844884 6.01246e-06 -7.03531e-05 -3.2547e-06 6.01246e-06 0.00938082 -0.0171164 6.33026e-06 -7.03531e-05 -0.0171164 0.0842998 
0.0100354 -0.0185055 -2.8968e-05 3.92351e-05 -0.0185055 0.0917546 3.77377e-05 -0.00015773 -2.8968e-05 3.77377e-05 0.0101777 -0.0185916 3.92351e-05 -0.00015773 -0.0185916 0.09155 
0.0100264 -0.0185228 -1.36681e-05 6.96641e-05 -0.0185228 0.0917576 6.63292e-05 -0.000235844 -1.36681e-05 6.63292e-05 0.0101826 -0.018572 6.96641e-05 -0.000235844 -0.018572 0.0914913 
0.0100352 -0.018526 1.48122e-05 5.47483e-05 -0.018526 0.0918202 5.05248e-05 -0.000249422 1.48122e-05 5.05248e-05 0.0101801 -0.0186003 5.47483e-05 -0.000249422 -0.0186003 0.0915713 
0.0100472 -0.0185046 5.73602e-06 1.5406e-05 -0.0185046 0.0917098 1.21811e-05 -0.000182028 5.73602e-06 1.21811e-05 0.0101534 -0.0185786 1.5406e-05 -0.000182028 -0.0185786 0.0915001 
0.00928164 -0.0170902 4.33353e-06 1.97197e-05 -0.0170902 0.0846162 1.79184e-05 -0.00014049 4.33353e-06 1.79184e-05 0.00935509 -0.0171216 1.97197e-05 -0.00014049 -0.0171216 0.0843879 
0.00930104 -0.0171755 1.05087e-05 1.80677e-05 -0.0171755 0.0849724 1.62192e-05 -0.000130225 1.05087e-05 1.62192e-05 0.00939365 -0.0171605 1.80677e-05 -0.000130225 -0.0171605 0.08463 
0.00931859 -0.0172334 8.15854e-06 1.33386e-05 -0.0172334 0.0853264 1.28011e-05 -0.000125011 8.15854e-06 1.28011e-05 0.00943871 -0.0172268 1.33386e-05 -0.000125011 -0.0172268 0.0849257 
0.00930302 -0.0171579 -8.96772e-06 1.78339e-05 -0.0171579 0.0850309 1.82162e-05 -0.000132367 -8.96772e-06 1.82162e-05 0.0094093 -0.0171772 1.78339e-05 -0.000132367 -0.0171772 0.084646 
0.00931519 -0.0171504 -2.29234e-05 3.7848e-05 -0.0171504 0.0849289 4.07143e-05 -0.000169872 -2.29234e-05 4.07143e-05 0.00938131 -0.0171569 3.7848e-05 -0.000169872 -0.0171569 0.0845381 
0.00931096 -0.0171824 -1.22847e-05 5.2823e-05 -0.0171824 0.0849965 6.1452e-05 -0.000217365 -1.22847e-05 6.1452e-05 0.00937676 -0.0171402 5.2823e-05 -0.000217365 -0.0171402 0.0845182 
0.00929649 -0.0171748 1.76339e-05 3.51796e-05 -0.0171748 0.0850061 4.72238e-05 -0.000208243 1.76339e-05 4.72238e-05 0.00939153 -0.0171304 3.51796e-05 -0.000208243 -0.0171304 0.0844774 
0.0092547 -0.0171155 5.88406e-05 -6.90672e-06 -0.0171155 0.0847835 6.11769e-06 -0.000125785 5.88406e-05 6.11769e-06 0.00939115 -0.0171145 -6.90672e-06 -0.000125785 -0.0171145 0.0843178 
0.00926965 -0.0171278 5.2165e-05 -5.68035e-05 -0.0171278 0.0849095 -4.4078e-05 -1.01368e-05 5.2165e-05 -4.4078e-05 0.00941918 -0.0171754 -5.68035e-05 -1.01368e-05 -0.0171754 0.0845508 
0.0092872 -0.0171153 3.79561e-05 -5.09852e-05 -0.0171153 0.0848598 -4.2531e-05 4.21666e-05 3.79561e-05 -4.2531e-05 0.00941438 -0.0171954 -5.09852e-05 4.21666e-05 -0.0171954 0.0846202 
0.009347 -0.0171901 2.5352e-05 -2.75857e-05 -0.0171901 0.0851431 -2.58094e-05 2.06506e-05 2.5352e-05 -2.58094e-05 0.00940812 -0.0172471 -2.75857e-05 2.06506e-05 -0.0172471 0.0849176 
0.00935527 -0.0172753 2.90262e-05 -1.03215e-05 -0.0172753 0.085433 -1.13534e-05 -1.90803e-05 2.90262e-05 -1.13534e-05 0.00942855 -0.0172344 -1.03215e-05 -1.90803e-05 -0.0172344 0.0850285 
0.00929758 -0.0172064 2.30341e-05 -1.55192e-05 -0.0172064 0.0851644 -1.51502e-05 -2.75171e-05 2.30341e-05 -1.51502e-05 0.00941691 -0.0171502 -1.55192e-05 -2.75171e-05 -0.0171502 0.0846074 
0.009284 -0.0172165 1.81849e-05 -9.83392e-06 -0.0172165 0.0853296 -6.30787e-06 -3.54769e-05 1.81849e-05 -6.30787e-06 0.00944606 -0.0172172 -9.83392e-06 -3.54769e-05 -0.0172172 0.0848067 
0.0092861 -0.0171966 6.65804e-06 -3.90002e-06 -0.0171966 0.0853783 3.74089e-07 -5.03725e-05 6.65804e-06 3.74089e-07 0.00946968 -0.0172674 -3.90002e-06 -5.03725e-05 -0.0172674 0.0850159 
0.00930901 -0.0171868 -1.13378e-05 1.32185e-05 -0.0171868 0.0853675 1.4298e-05 -8.24152e-05 -1.13378e-05 1.4298e-05 0.00947602 -0.017299 1.32185e-05 -8.24152e-05 -0.017299 0.0851578 
0.00934344 -0.0171957 -6.84354e-06 3.386e-05 -0.0171957 0.0853319 3.09121e-05 -0.000121733 -6.84354e-06 3.09121e-05 0.00945955 -0.0172982 3.386e-05 -0.000121733 -0.0172982 0.0851811 
0.00939603 -0.0172735 1.05773e-05 2.99819e-05 -0.0172735 0.0855562 2.59475e-05 -0.000133131 1.05773e-05 2.59475e-05 0.00946406 -0.0173093 2.99819e-05 -0.000133131 -0.0173093 0.0853128 
0.00943815 -0.0173077 2.21032e-05 9.74267e-06 -0.0173077 0.0855812 5.66617e-06 -0.000102243 2.21032e-05 5.66617e-06 0.0094172 -0.0172593 9.74267e-06 -0.000102243 -0.0172593 0.0851277 
0.00944607 -0.0173945 3.62117e-05 -5.24347e-06 -0.0173945 0.0858187 -1.26862e-05 -5.71252e-05 3.62117e-05 -1.26862e-05 0.00942359 -0.0172191 -5.24347e-06 -5.71252e-05 -0.0172191 0.0850528 
0.00939821 -0.0173609 4.00823e-05 -1.95998e-05 -0.0173609 0.0857033 -2.77126e-05 -2.02487e-05 4.00823e-05 -2.77126e-05 0.00942459 -0.0171663 -1.95998e-05 -2.02487e-05 -0.0171663 0.0847451 
0.00938113 -0.0173261 4.32818e-05 -2.50225e-05 -0.0173261 0.0856721 -3.049e-05 -2.27239e-06 4.32818e-05 -3.049e-05 0.00944955 -0.0172016 -2.50225e-05 -2.27239e-06 -0.0172016 0.0847707 
0.00938867 -0.0173095 3.91947e-05 -3.20997e-05 -0.0173095 0.0856512 -3.40647e-05 1.30973e-05 3.91947e-05 -3.40647e-05 0.00945979 -0.0172522 -3.20997e-05 1.30973e-05 -0.0172522 0.0849174 
0.00939093 -0.0172876 3.12453e-05 -2.85119e-05 -0.0172876 0.0855094 -2.86108e-05 1.27969e-05 3.12453e-05 -2.86108e-05 0.00943261 -0.0172392 -2.85119e-05 1.27969e-05 -0.0172392 0.0848671 
0.00940565 -0.0173341 2.38598e-05 -1.33785e-05 -0.0173341 0.0856513 -1.49716e-05 -1.71298e-05 2.38598e-05 -1.49716e-05 0.0094359 -0.0172346 -1.33785e-05 -1.71298e-05 -0.0172346 0.0849384 
0.00942628 -0.0173958 2.92615e-05 -3.08688e-06 -0.0173958 0.0859643 -3.54005e-06 -5.16961e-05 2.92615e-05 -3.54005e-06 0.0094844 -0.0172836 -3.08688e-06 -5.16961e-05 -0.0172836 0.0851896 
0.00942789 -0.0174213 4.16564e-05 -1.20816e-05 -0.0174213 0.0861406 -8.12216e-06 -5.6237e-05 4.16564e-05 -8.12216e-06 0.00953759 -0.0173398 -1.20816e-05 -5.6237e-05 -0.0173398 0.0853881 
0.00941092 -0.017394 5.73588e-05 -3.2653e-05 -0.017394 0.0860746 -2.28306e-05 -2.42898e-05 5.73588e-05 -2.28306e-05 0.00957032 -0.0173742 -3.2653e-05 -2.42898e-05 -0.0173742 0.0854352 
0.00939419 -0.0173566 5.96395e-05 -4.99371e-05 -0.0173566 0.0859443 -3.97678e-05 1.49407e-05 5.96395e-05 -3.97678e-05 0.00957411 -0.017411 -4.99371e-05 1.49407e-05 -0.017411 0.0854899 
