0.00696598 0 -6.33952e-05 0 0 0.00993157 0 0 -6.33952e-05 0 0.00705504 0 0 0 0 0.00993157 
0.00954759 -0.0118533 -7.4632e-05 9.00581e-05 -0.0118533 0.0315098 9.00581e-05 -0.000172472 -7.4632e-05 9.00581e-05 0.00959872 -0.0119119 9.00581e-05 -0.000172472 -0.0119119 0.0316231 
0.00980289 -0.0183073 -1.60923e-05 5.7591e-05 -0.0183073 0.0674908 5.7591e-05 -0.000167839 -1.60923e-05 5.7591e-05 0.00979426 -0.0181836 5.7591e-05 -0.000167839 -0.0181836 0.0670455 
0.00923094 -0.0180134 7.68146e-06 -4.46208e-05 -0.0180134 0.080916 -3.95264e-05 0.000167406 7.68146e-06 -3.95264e-05 0.00926083 -0.0176695 -4.46208e-05 0.000167406 -0.0176695 0.0791081 
0.00894618 -0.0169043 4.18653e-07 -6.43435e-05 -0.0169043 0.0820081 -4.5648e-05 0.000301909 4.18653e-07 -4.5648e-05 0.0090008 -0.0166574 -6.43435e-05 0.000301909 -0.0166574 0.0798488 
0.00915991 -0.0169899 -1.23369e-05 -5.11879e-05 -0.0169899 0.0839328 -2.13904e-05 0.000271273 -1.23369e-05 -2.13904e-05 0.00926351 -0.0168778 -5.11879e-05 0.000271273 -0.0168778 0.0822907 
0.00936633 -0.0173665 -2.20868e-05 -2.39071e-05 -0.0173665 0.0859772 7.08404e-06 0.000173129 -2.20868e-05 7.08404e-06 0.00957571 -0.0173593 -2.39071e-05 0.000173129 -0.0173593 0.0849448 
0.00954892 -0.0176636 -6.58698e-07 -1.66057e-07 -0.0176636 0.0876398 2.0015e-05 8.51849e-05 -6.58698e-07 2.0015e-05 0.00979304 -0.0177889 -1.66057e-07 8.51849e-05 -0.0177889 0.0871191 
0.00935293 -0.017249 8.59791e-06 -1.43639e-05 -0.017249 0.0856106 -1.27275e-05 7.94436e-05 8.59791e-06 -1.27275e-05 0.00956809 -0.0174079 -1.43639e-05 7.94436e-05 -0.0174079 0.0853897 
0.00924152 -0.0170191 -2.78023e-06 -2.09788e-05 -0.0170191 0.0843697 -3.38955e-05 0.000109747 -2.78023e-06 -3.38955e-05 0.00940786 -0.0171357 -2.09788e-05 0.000109747 -0.0171357 0.084173 
0.0095609 -0.0176284 -3.26921e-05 4.55536e-07 -0.0176284 0.0872757 -1.85997e-05 9.12642e-05 -3.26921e-05 -1.85997e-05 0.00973574 -0.0176785 4.55536e-07 9.12642e-05 -0.0176785 0.0869325 
0.00950941 -0.0175418 -2.1052e-05 3.50538e-05 -0.0175418 0.0868258 1.82056e-05 2.00698e-05 -2.1052e-05 1.82056e-05 0.00968269 -0.0175815 3.50538e-05 2.00698e-05 -0.0175815 0.08638 
0.00948212 -0.0174776 -1.1054e-05 2.33212e-05 -0.0174776 0.086507 1.27288e-05 -8.89021e-06 -1.1054e-05 1.27288e-05 0.00964037 -0.0175217 2.33212e-05 -8.89021e-06 -0.0175217 0.0860412 
0.00942016 -0.0174002 -1.08885e-05 4.40885e-06 -0.0174002 0.086082 -2.41765e-07 1.59443e-05 -1.08885e-05 -2.41765e-07 0.00961412 -0.0174295 4.40885e-06 1.59443e-05 -0.0174295 0.0855977 
0.00939505 -0.017385 -2.96979e-05 -1.20299e-06 -0.017385 0.0860713 -2.80707e-07 3.515e-05 -2.96979e-05 -2.80707e-07 0.00963263 -0.0174673 -1.20299e-06 3.515e-05 -0.0174673 0.085668 
0.00938702 -0.0173331 -2.97882e-05 1.15842e-05 -0.0173331 0.0859228 1.90568e-05 2.56529e-05 -2.97882e-05 1.90568e-05 0.00961541 -0.017489 1.15842e-05 2.56529e-05 -0.017489 0.0857058 
0.00942647 -0.0173625 -1.84371e-05 8.17076e-06 -0.0173625 0.0860429 1.76077e-05 2.60032e-05 -1.84371e-05 1.76077e-05 0.00959632 -0.0175202 8.17076e-06 2.60032e-05 -0.0175202 0.0859291 
0.00946498 -0.017409 1.1099e-06 -3.59782e-06 -0.017409 0.0861633 4.07417e-06 4.7862e-05 1.1099e-06 4.07417e-06 0.00956763 -0.0174935 -3.59782e-06 4.7862e-05 -0.0174935 0.0859702 
0.00946864 -0.0174353 2.39921e-05 -2.69608e-05 -0.0174353 0.0861765 -2.3783e-05 0.000100687 2.39921e-05 -2.3783e-05 0.00953677 -0.0174196 -2.69608e-05 0.000100687 -0.0174196 0.0857607 
0.00943168 -0.0174403 1.98088e-05 -4.743e-05 -0.0174403 0.0861688 -4.90865e-05 0.00015535 1.98088e-05 -4.90865e-05 0.00953648 -0.0173594 -4.743e-05 0.00015535 -0.0173594 0.0855254 
0.00941012 -0.0173635 1.02383e-05 -4.02419e-05 -0.0173635 0.0859344 -4.37268e-05 0.000165251 1.02383e-05 -4.37268e-05 0.00951045 -0.0173311 -4.02419e-05 0.000165251 -0.0173311 0.0852834 
0.00938688 -0.0173341 -4.11157e-06 -2.58304e-05 -0.0173341 0.0857726 -3.16544e-05 0.000140681 -4.11157e-06 -3.16544e-05 0.00951562 -0.0173066 -2.58304e-05 0.000140681 -0.0173066 0.0851618 
0.00937529 -0.0173214 9.80527e-06 -6.73215e-06 -0.0173214 0.0857391 -1.33982e-05 9.80321e-05 9.80527e-06 -1.33982e-05 0.00951347 -0.0173308 -6.73215e-06 9.80321e-05 -0.0173308 0.0851983 
0.00936707 -0.0172781 2.18907e-05 -1.88754e-05 -0.0172781 0.0855674 -2.32865e-05 8.78648e-05 2.18907e-05 -2.32865e-05 0.00948612 -0.017311 -1.88754e-05 8.78648e-05 -0.017311 0.0851144 
0.00935882 -0.017263 1.02894e-05 -3.52234e-05 -0.017263 0.0854524 -3.54053e-05 0.000110633 1.02894e-05 -3.54053e-05 0.00947426 -0.0172747 -3.52234e-05 0.000110633 -0.0172747 0.0850072 
0.00933567 -0.0172104 -8.47282e-06 -2.15486e-05 -0.0172104 0.0851798 -2.37464e-05 0.000102891 -8.47282e-06 -2.37464e-05 0.00943134 -0.0172174 -2.15486e-05 0.000102891 -0.0172174 0.0847235 
0.00932809 -0.017234 -6.74752e-06 2.09307e-06 -0.017234 0.0852721 -4.4602e-06 6.3617e-05 -6.74752e-06 -4.4602e-06 0.00943838 -0.0172229 2.09307e-06 6.3617e-05 -0.0172229 0.0847906 
0.00931518 -0.017217 1.69494e-05 1.28206e-06 -0.017217 0.0852569 -4.98494e-06 4.35074e-05 1.69494e-05 -4.98494e-06 0.00943378 -0.017218 1.28206e-06 4.35074e-05 -0.017218 0.0847742 
0.00929634 -0.0171613 3.3168e-05 -2.54509e-05 -0.0171613 0.0850274 -3.0047e-05 7.46521e-05 3.3168e-05 -3.0047e-05 0.00941587 -0.017175 -2.54509e-05 7.46521e-05 -0.017175 0.0845788 
0.00933466 -0.017218 1.36145e-05 -4.59253e-05 -0.017218 0.0852931 -4.93313e-05 0.000123512 1.36145e-05 -4.93313e-05 0.00943463 -0.0172388 -4.59253e-05 0.000123512 -0.0172388 0.0848743 
0.00934676 -0.0172741 -6.05706e-06 -2.05276e-05 -0.0172741 0.0855289 -2.742e-05 0.00010724 -6.05706e-06 -2.742e-05 0.00947128 -0.0172676 -2.05276e-05 0.00010724 -0.0172676 0.0850786 
0.00933991 -0.0172668 2.2073e-06 8.18131e-06 -0.0172668 0.0855531 -2.55245e-06 4.66665e-05 2.2073e-06 -2.55245e-06 0.00949811 -0.0172869 8.18131e-06 4.66665e-05 -0.0172869 0.0851181 
0.0093573 -0.0172543 2.65982e-05 -9.18446e-08 -0.0172543 0.0855301 -1.19607e-05 3.13165e-05 2.65982e-05 -1.19607e-05 0.00949651 -0.0173168 -9.18446e-08 3.13165e-05 -0.0173168 0.0851764 
0.00939215 -0.0172707 3.89508e-05 -3.0996e-05 -0.0172707 0.0855324 -4.09974e-05 7.65427e-05 3.89508e-05 -4.09974e-05 0.00947724 -0.0173169 -3.0996e-05 7.65427e-05 -0.0173169 0.0852005 
0.00943385 -0.0173863 3.79035e-05 -5.03138e-05 -0.0173863 0.0859493 -5.70169e-05 0.000131234 3.79035e-05 -5.70169e-05 0.00951622 -0.0173546 -5.03138e-05 0.000131234 -0.0173546 0.0854808 
0.00941007 -0.0173919 3.76538e-05 -4.80118e-05 -0.0173919 0.0859808 -5.11483e-05 0.000140421 3.76538e-05 -5.11483e-05 0.00952752 -0.0173397 -4.80118e-05 0.000140421 -0.0173397 0.0853855 
0.00942031 -0.0174241 3.66295e-05 -4.76922e-05 -0.0174241 0.0862507 -4.98489e-05 0.000138263 3.66295e-05 -4.98489e-05 0.00956343 -0.0174184 -4.76922e-05 0.000138263 -0.0174184 0.0856834 
0.0094248 -0.0173827 2.05498e-05 -4.58554e-05 -0.0173827 0.0861326 -4.60264e-05 0.000130158 2.05498e-05 -4.60264e-05 0.00955315 -0.0174181 -4.58554e-05 0.000130158 -0.0174181 0.0856673 
0.00947925 -0.0174631 4.84083e-06 -2.91429e-05 -0.0174631 0.0864598 -2.54276e-05 9.77216e-05 4.84083e-06 -2.54276e-05 0.00958262 -0.0174802 -2.91429e-05 9.77216e-05 -0.0174802 0.0860056 
0.0095067 -0.0175471 -6.23128e-06 -1.11621e-05 -0.0175471 0.0867941 -6.09274e-06 5.30555e-05 -6.23128e-06 -6.09274e-06 0.00962042 -0.0175212 -1.11621e-05 5.30555e-05 -0.0175212 0.0862539 
0.00951113 -0.0175873 -3.52669e-06 8.45454e-07 -0.0175873 0.0870312 8.09922e-06 1.59786e-05 -3.52669e-06 8.09922e-06 0.00966347 -0.0175687 8.45454e-07 1.59786e-05 -0.0175687 0.086449 
0.009547 -0.0176041 1.31542e-06 -5.71621e-06 -0.0176041 0.0872167 4.25633e-06 1.30214e-05 1.31542e-06 4.25633e-06 0.00968029 -0.017645 -5.71621e-06 1.30214e-05 -0.017645 0.08673 
0.00955797 -0.0175961 -2.98351e-06 -1.35044e-05 -0.0175961 0.0871217 -3.18852e-06 3.03654e-05 -2.98351e-06 -3.18852e-06 0.00965735 -0.017623 -1.35044e-05 3.03654e-05 -0.017623 0.0866793 
0.00955376 -0.0175771 -1.8241e-05 -8.54138e-06 -0.0175771 0.0869369 2.51236e-06 3.11271e-05 -1.8241e-05 2.51236e-06 0.00962506 -0.0175538 -8.54138e-06 3.11271e-05 -0.0175538 0.0864119 
0.00954454 -0.0175571 -2.07397e-05 4.59758e-06 -0.0175571 0.0867603 1.32529e-05 1.91613e-05 -2.07397e-05 1.32529e-05 0.00959295 -0.0174882 4.59758e-06 1.91613e-05 -0.0174882 0.0861073 
0.0095283 -0.0175603 -2.27e-05 1.27765e-05 -0.0175603 0.0867166 1.52116e-05 4.41552e-06 -2.27e-05 1.52116e-05 0.0095996 -0.0174557 1.27765e-05 4.41552e-06 -0.0174557 0.0859466 
0.00951708 -0.0175468 1.55972e-05 1.34358e-05 -0.0175468 0.0866895 1.11104e-05 7.57019e-06 1.55972e-05 1.11104e-05 0.00958704 -0.0174674 1.34358e-05 7.57019e-06 -0.0174674 0.0859036 
0.00949629 -0.0175341 2.83335e-05 -2.69103e-05 -0.0175341 0.0866491 -3.28762e-05 6.9069e-05 2.83335e-05 -3.28762e-05 0.0095957 -0.0174541 -2.69103e-05 6.9069e-05 -0.0174541 0.0858703 
0.00949237 -0.0175171 3.32163e-05 -4.05812e-05 -0.0175171 0.0866358 -4.99194e-05 0.00012536 3.32163e-05 -4.99194e-05 0.00960185 -0.0174746 -4.05812e-05 0.00012536 -0.0174746 0.0859123 
0.00950305 -0.0175337 3.93363e-06 -4.009e-05 -0.0175337 0.0867194 -5.16966e-05 0.000137992 3.93363e-06 -5.16966e-05 0.0096176 -0.0174982 -4.009e-05 0.000137992 -0.0174982 0.0860307 
0.00951649 -0.0175545 -2.21771e-05 -3.2697e-06 -0.0175545 0.0868303 -1.23883e-05 7.82099e-05 -2.21771e-05 -1.23883e-05 0.00965109 -0.0175366 -3.2697e-06 7.82099e-05 -0.0175366 0.0861935 
0.00956368 -0.0176364 -3.09914e-05 2.79529e-05 -0.0176364 0.0872338 2.55467e-05 -1.26433e-05 -3.09914e-05 2.55467e-05 0.00969406 -0.0176436 2.79529e-05 -1.26433e-05 -0.0176436 0.086654 
0.00958776 -0.0176846 -2.17383e-05 3.13082e-05 -0.0176846 0.0874579 3.99311e-05 -6.20956e-05 -2.17383e-05 3.99311e-05 0.00971898 -0.0176862 3.13082e-05 -6.20956e-05 -0.0176862 0.0868959 
0.00955897 -0.017652 -1.18389e-05 1.72267e-05 -0.017652 0.0872989 3.04566e-05 -5.78819e-05 -1.18389e-05 3.04566e-05 0.00971834 -0.017648 1.72267e-05 -5.78819e-05 -0.017648 0.086723 
0.00952164 -0.0175874 -2.101e-05 7.32595e-06 -0.0175874 0.0870342 1.41582e-05 -2.87986e-05 -2.101e-05 1.41582e-05 0.00970337 -0.0176221 7.32595e-06 -2.87986e-05 -0.0176221 0.0865149 
0.00949798 -0.0175511 -1.50036e-05 2.08031e-05 -0.0175511 0.086893 1.94805e-05 -2.98732e-05 -1.50036e-05 1.94805e-05 0.00969768 -0.017618 2.08031e-05 -2.98732e-05 -0.017618 0.0864592 
0.00949161 -0.0175073 4.41644e-06 1.66846e-05 -0.0175073 0.0867168 1.00894e-05 -2.45845e-05 4.41644e-06 1.00894e-05 0.00966055 -0.0176013 1.66846e-05 -2.45845e-05 -0.0176013 0.0863659 
0.00947563 -0.0174946 7.79067e-06 -5.54834e-06 -0.0174946 0.0865918 -1.45954e-05 1.42528e-05 7.79067e-06 -1.45954e-05 0.009646 -0.017542 -5.54834e-06 1.42528e-05 -0.017542 0.0861923 
0.00945587 -0.0174646 3.38911e-05 -1.23148e-05 -0.0174646 0.086463 -2.16808e-05 4.80067e-05 3.38911e-05 -2.16808e-05 0.00963731 -0.0175162 -1.23148e-05 4.80067e-05 -0.0175162 0.086039 
0.00943866 -0.0174278 4.4641e-05 -4.12311e-05 -0.0174278 0.0863141 -4.95492e-05 9.86729e-05 4.4641e-05 -4.95492e-05 0.00962852 -0.0175066 -4.12311e-05 9.86729e-05 -0.0175066 0.0859492 
0.00944934 -0.0174561 2.41986e-05 -5.43074e-05 -0.0174561 0.086451 -6.03387e-05 0.000139192 2.41986e-05 -6.03387e-05 0.00965677 -0.0175457 -5.43074e-05 0.000139192 -0.0175457 0.0861355 
0.00945852 -0.0174581 5.05537e-06 -2.99043e-05 -0.0174581 0.086486 -3.22027e-05 0.000111103 5.05537e-06 -3.22027e-05 0.00966082 -0.0175729 -2.99043e-05 0.000111103 -0.0175729 0.0862329 
0.00942692 -0.017388 5.68636e-06 -6.3086e-06 -0.017388 0.086112 -4.98757e-06 4.99989e-05 5.68636e-06 -4.98757e-06 0.00961121 -0.0174928 -6.3086e-06 4.99989e-05 -0.0174928 0.0858702 
0.00944438 -0.0174083 5.27833e-06 -9.62219e-06 -0.0174083 0.0861703 -6.41657e-06 3.00641e-05 5.27833e-06 -6.41657e-06 0.00959141 -0.0174886 -9.62219e-06 3.00641e-05 -0.0174886 0.0858846 
0.00945413 -0.017427 -6.26838e-06 -1.20569e-05 -0.017427 0.0862124 -9.50569e-06 3.56896e-05 -6.26838e-06 -9.50569e-06 0.00955813 -0.0174571 -1.20569e-05 3.56896e-05 -0.0174571 0.0858223 
0.00943149 -0.0173896 -1.62603e-05 4.97606e-06 -0.0173896 0.0859943 6.27008e-06 1.00922e-05 -1.62603e-05 6.27008e-06 0.00949889 -0.0173556 4.97606e-06 1.00922e-05 -0.0173556 0.0854455 
0.0094091 -0.0173439 -1.13892e-05 2.00529e-05 -0.0173439 0.0857571 1.91604e-05 -2.75686e-05 -1.13892e-05 1.91604e-05 0.00945704 -0.0172609 2.00529e-05 -2.75686e-05 -0.0172609 0.08506 
0.00938318 -0.0173101 1.9453e-06 1.63832e-05 -0.0173101 0.0855789 1.18914e-05 -3.50477e-05 1.9453e-06 1.18914e-05 0.00944646 -0.0172089 1.63832e-05 -3.50477e-05 -0.0172089 0.0848036 
0.00935692 -0.0172872 1.11017e-05 2.14914e-06 -0.0172872 0.0854949 -3.73966e-06 -1.4151e-05 1.11017e-05 -3.73966e-06 0.00946837 -0.0172121 2.14914e-06 -1.4151e-05 -0.0172121 0.0847416 
0.00933311 -0.0172271 3.00272e-05 -8.63523e-06 -0.0172271 0.085268 -1.50549e-05 1.228e-05 3.00272e-05 -1.50549e-05 0.00946479 -0.0172168 -8.63523e-06 1.228e-05 -0.0172168 0.084643 
0.0093295 -0.0172364 3.76701e-05 -3.12945e-05 -0.0172364 0.0853167 -3.46381e-05 5.35091e-05 3.76701e-05 -3.46381e-05 0.00948503 -0.0172641 -3.12945e-05 5.35091e-05 -0.0172641 0.0848292 
0.00936133 -0.0172774 5.10749e-05 -4.50425e-05 -0.0172774 0.0855582 -4.37088e-05 9.17365e-05 5.10749e-05 -4.37088e-05 0.009496 -0.0173358 -4.50425e-05 9.17365e-05 -0.0173358 0.0851727 
0.00937645 -0.0172818 5.62231e-05 -6.38741e-05 -0.0172818 0.0855651 -5.87059e-05 0.000131582 5.62231e-05 -5.87059e-05 0.00948748 -0.0173199 -6.38741e-05 0.000131582 -0.0173199 0.0851981 
0.00938618 -0.0173096 2.05767e-05 -6.55333e-05 -0.0173096 0.0856392 -6.26423e-05 0.000148462 2.05767e-05 -6.26423e-05 0.00947773 -0.0173075 -6.55333e-05 0.000148462 -0.0173075 0.0851924 
0.0094274 -0.0173882 -1.25847e-06 -2.07252e-05 -0.0173882 0.0860133 -2.17761e-05 8.80963e-05 -1.25847e-06 -2.17761e-05 0.00948649 -0.0173516 -2.07252e-05 8.80963e-05 -0.0173516 0.0854605 
0.00944843 -0.0174111 -1.79386e-05 1.15832e-05 -0.0174111 0.0861291 9.12125e-06 -1.65539e-06 -1.79386e-05 9.12125e-06 0.00947826 -0.0173355 1.15832e-05 -1.65539e-06 -0.0173355 0.0854754 
0.00947155 -0.0174373 -8.90948e-06 3.1077e-05 -0.0174373 0.0862331 2.88233e-05 -6.73224e-05 -8.90948e-06 2.88233e-05 0.00946801 -0.01733 3.1077e-05 -6.73224e-05 -0.01733 0.0854938 
0.00947374 -0.0174199 -1.51513e-05 2.04938e-05 -0.0174199 0.0860946 1.65268e-05 -7.51543e-05 -1.51513e-05 1.65268e-05 0.00942057 -0.0172649 2.04938e-05 -7.51543e-05 -0.0172649 0.0852406 
0.00945736 -0.0174222 -2.21366e-05 2.56505e-05 -0.0174222 0.086036 2.05554e-05 -7.49169e-05 -2.21366e-05 2.05554e-05 0.00940568 -0.0172062 2.56505e-05 -7.49169e-05 -0.0172062 0.0850402 
0.00941157 -0.0173566 -7.79124e-06 3.31751e-05 -0.0173566 0.0857525 2.75763e-05 -8.66577e-05 -7.79124e-06 2.75763e-05 0.00939703 -0.0171414 3.31751e-05 -8.66577e-05 -0.0171414 0.0846935 
0.0093793 -0.0173116 1.15156e-05 1.36396e-05 -0.0173116 0.0855889 1.15376e-05 -6.29196e-05 1.15156e-05 1.15376e-05 0.00940953 -0.0171472 1.36396e-05 -6.29196e-05 -0.0171472 0.0846004 
0.00937799 -0.0173054 1.58621e-05 -1.1937e-05 -0.0173054 0.0856164 -7.96408e-06 -1.57427e-05 1.58621e-05 -7.96408e-06 0.00943007 -0.0172016 -1.1937e-05 -1.57427e-05 -0.0172016 0.0847689 
0.00937014 -0.0172946 1.82379e-05 -1.91609e-05 -0.0172946 0.0855842 -1.47846e-05 1.80623e-05 1.82379e-05 -1.47846e-05 0.00943699 -0.0172209 -1.91609e-05 1.80623e-05 -0.0172209 0.0848465 
0.00934893 -0.0172293 2.97748e-05 -1.61782e-05 -0.0172293 0.0852839 -1.24934e-05 1.75485e-05 2.97748e-05 -1.24934e-05 0.00939983 -0.0171762 -1.61782e-05 1.75485e-05 -0.0171762 0.0846249 
0.0093452 -0.0172079 2.11001e-05 -2.90633e-05 -0.0172079 0.0851325 -2.69247e-05 3.5303e-05 2.11001e-05 -2.69247e-05 0.00936006 -0.0171359 -2.90633e-05 3.5303e-05 -0.0171359 0.0844726 
0.00938076 -0.0172964 1.77034e-05 -1.67576e-05 -0.0172964 0.085509 -2.09453e-05 3.19826e-05 1.77034e-05 -2.09453e-05 0.00938462 -0.017174 -1.67576e-05 3.19826e-05 -0.017174 0.0847554 
0.00938546 -0.0173288 2.47858e-05 -6.85672e-06 -0.0173288 0.0856844 -1.59575e-05 1.00118e-05 2.47858e-05 -1.59575e-05 0.00939438 -0.0171811 -6.85672e-06 1.00118e-05 -0.0171811 0.0848308 
0.00934287 -0.0172433 2.48908e-05 -1.3351e-05 -0.0172433 0.0853189 -2.35306e-05 1.00505e-05 2.48908e-05 -2.35306e-05 0.00936373 -0.0170997 -1.3351e-05 1.00505e-05 -0.0170997 0.0844365 
0.00929079 -0.0171323 4.17457e-05 -1.56242e-05 -0.0171323 0.0847918 -2.37189e-05 1.5799e-05 4.17457e-05 -2.37189e-05 0.00932617 -0.0170158 -1.56242e-05 1.5799e-05 -0.0170158 0.0839638 
0.00928302 -0.0171323 2.37734e-05 -3.8411e-05 -0.0171323 0.0847703 -4.14737e-05 4.74546e-05 2.37734e-05 -4.14737e-05 0.00933052 -0.0170373 -3.8411e-05 4.74546e-05 -0.0170373 0.0840048 
0.00966161 -0.0178178 1.71931e-06 -2.19975e-05 -0.0178178 0.0881887 -2.5274e-05 4.62676e-05 1.71931e-06 -2.5274e-05 0.00970329 -0.0177398 -2.19975e-05 4.62676e-05 -0.0177398 0.0874602 
0.00960748 -0.0177633 -5.27133e-06 8.48479e-06 -0.0177633 0.0879033 4.22993e-06 -1.04946e-05 -5.27133e-06 4.22993e-06 0.00968791 -0.0176794 8.48479e-06 -1.04946e-05 -0.0176794 0.0871997 
0.00955939 -0.0176955 4.88916e-06 1.63347e-05 -0.0176955 0.0876776 1.67174e-05 -5.46398e-05 4.88916e-06 1.67174e-05 0.00969021 -0.0176731 1.63347e-05 -5.46398e-05 -0.0176731 0.0870929 
0.00955697 -0.0176817 2.48331e-05 3.03188e-06 -0.0176817 0.0877117 4.89075e-06 -5.00896e-05 2.48331e-05 4.89075e-06 0.00971822 -0.0177316 3.03188e-06 -5.00896e-05 -0.0177316 0.0873141 
0.0095725 -0.0177264 2.91751e-05 -1.75446e-05 -0.0177264 0.087967 -1.93133e-05 -1.0768e-05 2.91751e-05 -1.93133e-05 0.00976975 -0.0178193 -1.75446e-05 -1.0768e-05 -0.0178193 0.0877258 
0.00922036 -0.0170497 1.86787e-05 -2.29671e-05 -0.0170497 0.0846691 -2.591e-05 2.08498e-05 1.86787e-05 -2.591e-05 0.009401 -0.0171852 -2.29671e-05 2.08498e-05 -0.0171852 0.0845732 
0.00919926 -0.017022 -1.04572e-06 -1.56587e-05 -0.017022 0.084499 -1.33899e-05 1.79791e-05 -1.04572e-06 -1.33899e-05 0.00939147 -0.0171356 -1.56587e-05 1.79791e-05 -0.0171356 0.084417 
0.00958144 -0.0177104 9.61744e-07 6.39235e-06 -0.0177104 0.0879375 9.40425e-06 -2.06385e-05 9.61744e-07 9.40425e-06 0.0097816 -0.0178424 6.39235e-06 -2.06385e-05 -0.0178424 0.0878633 
0.00961635 -0.0177165 1.70471e-05 8.67557e-06 -0.0177165 0.0879498 9.72647e-06 -4.55754e-05 1.70471e-05 9.72647e-06 0.00974211 -0.017859 8.67557e-06 -4.55754e-05 -0.017859 0.0879106 
0.00962723 -0.0177125 2.74418e-05 -1.24406e-05 -0.0177125 0.0877822 -8.8906e-06 -2.29144e-05 2.74418e-05 -8.8906e-06 0.00967504 -0.0177593 -1.24406e-05 -2.29144e-05 -0.0177593 0.087608 
0.00963064 -0.0177258 1.12727e-05 -2.49659e-05 -0.0177258 0.0877161 -1.91239e-05 7.50583e-06 1.12727e-05 -1.91239e-05 0.00963494 -0.0176629 -2.49659e-05 7.50583e-06 -0.0176629 0.087281 
0.00958096 -0.0176618 -7.36993e-06 -5.40584e-06 -0.0176618 0.087331 -2.71728e-07 -1.10073e-05 -7.36993e-06 -2.71728e-07 0.00958875 -0.0175277 -5.40584e-06 -1.10073e-05 -0.0175277 0.0866506 
0.0095605 -0.0176146 -5.18107e-06 1.71363e-05 -0.0176146 0.0871321 1.87759e-05 -5.45148e-05 -5.18107e-06 1.87759e-05 0.00956209 -0.0175 1.71363e-05 -5.45148e-05 -0.0175 0.0864058 
0.00957003 -0.0176354 9.83755e-07 2.13999e-05 -0.0176354 0.0872196 1.72874e-05 -8.1466e-05 9.83755e-07 1.72874e-05 0.0095561 -0.0175196 2.13999e-05 -8.1466e-05 -0.0175196 0.0864973 
0.00958001 -0.0176496 2.13567e-05 1.5742e-05 -0.0176496 0.0872707 8.63348e-06 -7.83113e-05 2.13567e-05 8.63348e-06 0.00954486 -0.0175032 1.5742e-05 -7.83113e-05 -0.0175032 0.0864906 
0.00958444 -0.0176773 1.79333e-05 -8.06103e-06 -0.0176773 0.0873854 -1.48768e-05 -4.08849e-05 1.79333e-05 -1.48768e-05 0.00955077 -0.0175027 -8.06103e-06 -4.08849e-05 -0.0175027 0.0865318 
0.00959081 -0.0177219 2.89574e-06 -3.95267e-06 -0.0177219 0.0876403 -1.25427e-05 -2.66541e-05 2.89574e-06 -1.25427e-05 0.0095925 -0.0175486 -3.95267e-06 -2.66541e-05 -0.0175486 0.0867562 
0.0095878 -0.017741 1.56785e-05 1.76054e-05 -0.017741 0.0878259 5.98514e-06 -5.83234e-05 1.56785e-05 5.98514e-06 0.00964411 -0.0176113 1.76054e-05 -5.83234e-05 -0.0176113 0.0870018 
0.00954932 -0.0177126 2.35162e-05 1.48368e-06 -0.0177126 0.0877915 -8.84567e-06 -5.23571e-05 2.35162e-05 -8.84567e-06 0.00970215 -0.0176585 1.48368e-06 -5.23571e-05 -0.0176585 0.0871313 
0.00954401 -0.0176312 2.91539e-05 -7.90146e-06 -0.0176312 0.0875591 -1.87984e-05 -2.86363e-05 2.91539e-05 -1.87984e-05 0.00970013 -0.0177149 -7.90146e-06 -2.86363e-05 -0.0177149 0.0872095 
0.00954826 -0.0176141 3.07826e-05 -1.11751e-05 -0.0176141 0.0874075 -2.36584e-05 -1.58148e-05 3.07826e-05 -2.36584e-05 0.00968603 -0.0177167 -1.11751e-05 -1.58148e-05 -0.0177167 0.0872485 
0.00959109 -0.0177016 2.79696e-05 -1.34025e-05 -0.0177016 0.0877506 -2.2903e-05 -1.44109e-05 2.79696e-05 -2.2903e-05 0.00971043 -0.0177693 -1.34025e-05 -1.44109e-05 -0.0177693 0.0875791 
0.00924231 -0.0170761 3.71928e-05 -8.9118e-06 -0.0170761 0.0846304 -1.46947e-05 -2.61872e-05 3.71928e-05 -1.46947e-05 0.00935939 -0.0171152 -8.9118e-06 -2.61872e-05 -0.0171152 0.084401 
0.00924117 -0.0170876 4.11256e-05 -1.80638e-05 -0.0170876 0.0847169 -2.23293e-05 -2.55976e-05 4.11256e-05 -2.23293e-05 0.00937936 -0.0171241 -1.80638e-05 -2.55976e-05 -0.0171241 0.0844492 
0.00961031 -0.0177526 4.10042e-05 -2.5043e-05 -0.0177526 0.0880621 -2.69653e-05 -1.6634e-05 4.10042e-05 -2.69653e-05 0.00976332 -0.0178174 -2.5043e-05 -1.6634e-05 -0.0178174 0.0878129 
0.00922657 -0.0170499 1.96572e-05 -2.23176e-05 -0.0170499 0.0845552 -2.14047e-05 -1.83722e-05 1.96572e-05 -2.14047e-05 0.00938276 -0.0171221 -2.23176e-05 -1.83722e-05 -0.0171221 0.084348 
0.00922293 -0.0170362 -3.25472e-06 6.33028e-06 -0.0170362 0.0844882 6.01248e-06 -7.0353e-05 -3.25472e-06 6.01248e-06 0.0093808 -0.0171164 6.33028e-06 -7.0353e-05 -0.0171164 0.0842996 
0.00963393 -0.0177652 -2.78093e-05 3.76657e-05 -0.0177652 0.0880842 3.62282e-05 -0.000151421 -2.78093e-05 3.62282e-05 0.00977057 -0.0178479 3.76657e-05 -0.000151421 -0.0178479 0.0878878 
0.00962536 -0.0177818 -1.31211e-05 6.6877e-05 -0.0177818 0.088087 6.36755e-05 -0.000226408 -1.31211e-05 6.36755e-05 0.00977528 -0.0178291 6.6877e-05 -0.000226408 -0.0178291 0.0878314 
0.00963373 -0.0177849 1.42197e-05 5.25582e-05 -0.0177849 0.0881472 4.85037e-05 -0.000239444 1.42197e-05 4.85037e-05 0.00977287 -0.0178563 5.25582e-05 -0.000239444 -0.0178563 0.0879082 
0.00964525 -0.0177643 5.50648e-06 1.47898e-05 -0.0177643 0.0880412 1.16939e-05 -0.000174747 5.50648e-06 1.16939e-05 0.00974723 -0.0178354 1.47898e-05 -0.000174747 -0.0178354 0.0878399 
0.00928162 -0.0170902 4.33378e-06 1.97194e-05 -0.0170902 0.084616 1.7918e-05 -0.000140489 4.33378e-06 1.7918e-05 0.00935507 -0.0171216 1.97194e-05 -0.000140489 -0.0171216 0.0843877 
0.00930101 -0.0171754 1.05087e-05 1.80675e-05 -0.0171754 0.0849722 1.62191e-05 -0.000130225 1.05087e-05 1.62191e-05 0.00939363 -0.0171605 1.80675e-05 -0.000130225 -0.0171605 0.0846298 
0.00931856 -0.0172334 8.15847e-06 1.33386e-05 -0.0172334 0.0853262 1.28011e-05 -0.00012501 8.15847e-06 1.28011e-05 0.00943869 -0.0172268 1.33386e-05 -0.00012501 -0.0172268 0.0849255 
0.00930299 -0.0171579 -8.96792e-06 1.78341e-05 -0.0171579 0.0850306 1.82164e-05 -0.000132367 -8.96792e-06 1.82164e-05 0.00940928 -0.0171771 1.78341e-05 -0.000132367 -0.0171771 0.0846457 
0.00931517 -0.0171504 -2.29232e-05 3.78477e-05 -0.0171504 0.0849287 4.0714e-05 -0.000169871 -2.29232e-05 4.0714e-05 0.00938129 -0.0171569 3.78477e-05 -0.000169871 -0.0171569 0.0845379 
0.00931094 -0.0171824 -1.22846e-05 5.28228e-05 -0.0171824 0.0849964 6.14517e-05 -0.000217364 -1.22846e-05 6.14517e-05 0.00937675 -0.0171401 5.28228e-05 -0.000217364 -0.0171401 0.0845181 
0.00929647 -0.0171747 1.76338e-05 3.51795e-05 -0.0171747 0.0850059 4.72237e-05 -0.000208242 1.76338e-05 4.72237e-05 0.00939151 -0.0171304 3.51795e-05 -0.000208242 -0.0171304 0.0844772 
0.00925468 -0.0171154 5.88406e-05 -6.9069e-06 -0.0171154 0.0847833 6.11747e-06 -0.000125784 5.88406e-05 6.11747e-06 0.00939113 -0.0171145 -6.9069e-06 -0.000125784 -0.0171145 0.0843176 
0.00926963 -0.0171277 5.2165e-05 -5.68036e-05 -0.0171277 0.0849092 -4.40781e-05 -1.01362e-05 5.2165e-05 -4.40781e-05 0.00941915 -0.0171753 -5.68036e-05 -1.01362e-05 -0.0171753 0.0845506 
0.00928718 -0.0171153 3.79561e-05 -5.09851e-05 -0.0171153 0.0848596 -4.2531e-05 4.21669e-05 3.79561e-05 -4.2531e-05 0.00941435 -0.0171954 -5.09851e-05 4.21669e-05 -0.0171954 0.08462 
0.00934698 -0.01719 2.5352e-05 -2.75857e-05 -0.01719 0.0851429 -2.58095e-05 2.06507e-05 2.5352e-05 -2.58095e-05 0.0094081 -0.0172471 -2.75857e-05 2.06507e-05 -0.0172471 0.0849174 
0.00935525 -0.0172753 2.90262e-05 -1.03215e-05 -0.0172753 0.0854328 -1.13534e-05 -1.908e-05 2.90262e-05 -1.13534e-05 0.00942853 -0.0172343 -1.03215e-05 -1.908e-05 -0.0172343 0.0850283 
0.00929756 -0.0172064 2.30343e-05 -1.55194e-05 -0.0172064 0.0851641 -1.51503e-05 -2.75164e-05 2.30343e-05 -1.51503e-05 0.00941688 -0.0171502 -1.55194e-05 -2.75164e-05 -0.0171502 0.0846071 
0.00928398 -0.0172165 1.8185e-05 -9.83402e-06 -0.0172165 0.0853294 -6.30798e-06 -3.54764e-05 1.8185e-05 -6.30798e-06 0.00944604 -0.0172171 -9.83402e-06 -3.54764e-05 -0.0172171 0.0848065 
0.00928608 -0.0171965 6.65778e-06 -3.8997e-06 -0.0171965 0.085378 3.744e-07 -5.03732e-05 6.65778e-06 3.744e-07 0.00946965 -0.0172674 -3.8997e-06 -5.03732e-05 -0.0172674 0.0850156 
0.00930898 -0.0171867 -1.13374e-05 1.3218e-05 -0.0171867 0.0853673 1.42975e-05 -8.24137e-05 -1.13374e-05 1.42975e-05 0.00947599 -0.0172989 1.3218e-05 -8.24137e-05 -0.0172989 0.0851576 
0.00934342 -0.0171956 -6.84359e-06 3.386e-05 -0.0171956 0.0853317 3.09122e-05 -0.000121733 -6.84359e-06 3.09122e-05 0.00945953 -0.0172982 3.386e-05 -0.000121733 -0.0172982 0.0851809 
0.00939601 -0.0172734 1.05775e-05 2.99816e-05 -0.0172734 0.085556 2.59473e-05 -0.00013313 1.05775e-05 2.59473e-05 0.00946403 -0.0173092 2.99816e-05 -0.00013313 -0.0173092 0.0853126 
0.00943813 -0.0173077 2.21032e-05 9.7425e-06 -0.0173077 0.085581 5.66602e-06 -0.000102243 2.21032e-05 5.66602e-06 0.00941718 -0.0172592 9.7425e-06 -0.000102243 -0.0172592 0.0851275 
0.00944605 -0.0173945 3.62116e-05 -5.2435e-06 -0.0173945 0.0858184 -1.26862e-05 -5.71249e-05 3.62116e-05 -1.26862e-05 0.00942357 -0.017219 -5.2435e-06 -5.71249e-05 -0.017219 0.0850525 
0.00939819 -0.0173608 4.00822e-05 -1.95997e-05 -0.0173608 0.0857031 -2.77124e-05 -2.02488e-05 4.00822e-05 -2.77124e-05 0.00942456 -0.0171663 -1.95997e-05 -2.02488e-05 -0.0171663 0.0847449 
0.00938111 -0.0173261 4.32817e-05 -2.50224e-05 -0.0173261 0.0856719 -3.04899e-05 -2.27254e-06 4.32817e-05 -3.04899e-05 0.00944953 -0.0172016 -2.50224e-05 -2.27254e-06 -0.0172016 0.0847705 
0.00938864 -0.0173094 3.91947e-05 -3.20998e-05 -0.0173094 0.0856509 -3.40647e-05 1.30977e-05 3.91947e-05 -3.40647e-05 0.00945976 -0.0172521 -3.20998e-05 1.30977e-05 -0.0172521 0.0849171 
0.0093909 -0.0172875 3.12453e-05 -2.8512e-05 -0.0172875 0.0855092 -2.86109e-05 1.27973e-05 3.12453e-05 -2.86109e-05 0.00943259 -0.0172391 -2.8512e-05 1.27973e-05 -0.0172391 0.0848668 
0.00940562 -0.017334 2.38598e-05 -1.33785e-05 -0.017334 0.0856511 -1.49716e-05 -1.71297e-05 2.38598e-05 -1.49716e-05 0.00943588 -0.0172345 -1.33785e-05 -1.71297e-05 -0.0172345 0.0849382 
0.00942626 -0.0173958 2.92616e-05 -3.08716e-06 -0.0173958 0.0859641 -3.54033e-06 -5.16951e-05 2.92616e-05 -3.54033e-06 0.00948438 -0.0172836 -3.08716e-06 -5.16951e-05 -0.0172836 0.0851894 
0.00942786 -0.0174212 4.16564e-05 -1.20817e-05 -0.0174212 0.0861404 -8.12227e-06 -5.62365e-05 4.16564e-05 -8.12227e-06 0.00953756 -0.0173398 -1.20817e-05 -5.62365e-05 -0.0173398 0.0853878 
0.0094109 -0.0173939 5.73589e-05 -3.26532e-05 -0.0173939 0.0860744 -2.28308e-05 -2.42891e-05 5.73589e-05 -2.28308e-05 0.0095703 -0.0173742 -3.26532e-05 -2.42891e-05 -0.0173742 0.085435 
0.00939417 -0.0173566 5.96394e-05 -4.99371e-05 -0.0173566 0.0859441 -3.97678e-05 1.49408e-05 5.96394e-05 -3.97678e-05 0.00957409 -0.017411 -4.99371e-05 1.49408e-05 -0.017411 0.0854897 
