0.00678709 0 -5.51558e-06 0 0 0.00942383 0 0 -5.51558e-06 0 0.00653018 0 0 0 0 0.00942383 
0.00979155 -0.0121495 -7.75554e-06 1.09586e-05 -0.0121495 0.0321337 1.09586e-05 -2.09987e-05 -7.75554e-06 1.09586e-05 0.00949363 -0.0117879 1.09586e-05 -2.09987e-05 -0.0117879 0.0314406 
0.00999163 -0.0186038 1.74464e-06 3.91083e-05 -0.0186038 0.0684872 3.91083e-05 -0.000130393 1.74464e-06 3.91083e-05 0.00982768 -0.0183311 3.91083e-05 -0.000130393 -0.0183311 0.067672 
0.00937453 -0.0179785 2.54615e-05 1.73246e-06 -0.0179785 0.0805082 1.14197e-05 -8.60511e-05 2.54615e-05 1.14197e-05 0.00928951 -0.0180773 1.73246e-06 -8.60511e-05 -0.0180773 0.0812331 
0.00906594 -0.0167523 2.01571e-05 -4.07424e-05 -0.0167523 0.0804949 -2.07194e-05 3.48374e-05 2.01571e-05 -2.07194e-05 0.00894613 -0.0169539 -4.07424e-05 3.48374e-05 -0.0169539 0.0821598 
0.00930215 -0.0169119 2.18855e-05 -3.81209e-05 -0.0169119 0.0825266 -2.01778e-05 8.53427e-05 2.18855e-05 -2.01778e-05 0.00913342 -0.0170037 -3.81209e-05 8.53427e-05 -0.0170037 0.084051 
0.00952412 -0.0172535 3.13556e-05 -3.20475e-05 -0.0172535 0.0844386 -2.50655e-05 9.17902e-05 3.13556e-05 -2.50655e-05 0.00931077 -0.0172337 -3.20475e-05 9.17902e-05 -0.0172337 0.0854557 
0.00970254 -0.0176002 1.94689e-05 -3.75083e-05 -0.0176002 0.0862458 -4.2791e-05 0.000108275 1.94689e-05 -4.2791e-05 0.00949196 -0.0175219 -3.75083e-05 0.000108275 -0.0175219 0.0868957 
0.00951371 -0.0172691 1.86027e-05 -1.93709e-05 -0.0172691 0.0847284 -3.30759e-05 9.75602e-05 1.86027e-05 -3.30759e-05 0.00931528 -0.0171916 -1.93709e-05 9.75602e-05 -0.0171916 0.0851978 
0.00981258 -0.017816 2.43079e-05 -1.78839e-05 -0.017816 0.0874617 -3.55148e-05 9.21408e-05 2.43079e-05 -3.55148e-05 0.00961769 -0.0177446 -1.78839e-05 9.21408e-05 -0.0177446 0.0879014 
0.00970024 -0.0176392 2.14916e-05 -2.53638e-05 -0.0176392 0.0866093 -3.65456e-05 9.52163e-05 2.14916e-05 -3.65456e-05 0.00953998 -0.0175841 -2.53638e-05 9.52163e-05 -0.0175841 0.0870645 
0.00966155 -0.0176267 1.56225e-05 -2.57329e-05 -0.0176267 0.0865975 -2.98562e-05 9.29271e-05 1.56225e-05 -2.98562e-05 0.0095682 -0.0176054 -2.57329e-05 9.29271e-05 -0.0176054 0.0871082 
0.0096496 -0.0176265 -2.67621e-06 -2.03454e-05 -0.0176265 0.0867453 -2.05164e-05 7.80619e-05 -2.67621e-06 -2.05164e-05 0.00961505 -0.0176927 -2.03454e-05 7.80619e-05 -0.0176927 0.0874278 
0.00959811 -0.0175399 -1.66462e-05 2.29319e-07 -0.0175399 0.0864434 4.28049e-07 4.08579e-05 -1.66462e-05 4.28049e-07 0.00961264 -0.0176869 2.29319e-07 4.08579e-05 -0.0176869 0.0873413 
0.00956444 -0.0174573 -2.80176e-05 2.00804e-05 -0.0174573 0.086115 1.75873e-05 -8.13043e-06 -2.80176e-05 1.75873e-05 0.00959606 -0.0176617 2.00804e-05 -8.13043e-06 -0.0176617 0.0871846 
0.00953964 -0.0173299 -2.6217e-05 3.37576e-05 -0.0173299 0.0854844 3.12751e-05 -4.93624e-05 -2.6217e-05 3.12751e-05 0.00950469 -0.0175565 3.37576e-05 -4.93624e-05 -0.0175565 0.0866497 
0.00952285 -0.0172863 -2.4035e-06 3.05614e-05 -0.0172863 0.0850915 3.10042e-05 -6.20415e-05 -2.4035e-06 3.10042e-05 0.0094249 -0.0174345 3.05614e-05 -6.20415e-05 -0.0174345 0.0861721 
0.00952387 -0.0173137 1.25653e-05 2.56296e-06 -0.0173137 0.085105 4.34961e-06 -2.52138e-05 1.25653e-05 4.34961e-06 0.00939194 -0.0173719 2.56296e-06 -2.52138e-05 -0.0173719 0.0859753 
0.00951452 -0.0172908 3.11215e-05 -2.19543e-05 -0.0172908 0.0849611 -1.75829e-05 3.6453e-05 3.11215e-05 -1.75829e-05 0.00935097 -0.0172827 -2.19543e-05 3.6453e-05 -0.0172827 0.0856031 
0.00953008 -0.0173042 3.7997e-05 -4.6922e-05 -0.0173042 0.0849805 -3.88565e-05 9.81187e-05 3.7997e-05 -3.88565e-05 0.00932199 -0.0172481 -4.6922e-05 9.81187e-05 -0.0172481 0.0854434 
0.0095392 -0.0173076 2.23732e-05 -5.57978e-05 -0.0173076 0.0849374 -4.65086e-05 0.000136158 2.23732e-05 -4.65086e-05 0.00928633 -0.017201 -5.57978e-05 0.000136158 -0.017201 0.0852533 
0.0095297 -0.0173644 -1.90412e-06 -2.87789e-05 -0.0173644 0.0851449 -1.99287e-05 9.76182e-05 -1.90412e-06 -1.99287e-05 0.00931821 -0.0171966 -2.87789e-05 9.76182e-05 -0.0171966 0.0852974 
0.00953351 -0.0173835 -4.229e-06 3.41989e-06 -0.0173835 0.0853629 1.27477e-05 1.92764e-05 -4.229e-06 1.27477e-05 0.00936007 -0.0172601 3.41989e-06 1.92764e-05 -0.0172601 0.0855047 
0.00957181 -0.0174668 9.11574e-07 1.5383e-05 -0.0174668 0.0858597 2.21624e-05 -4.37926e-05 9.11574e-07 2.21624e-05 0.0094371 -0.0174036 1.5383e-05 -4.37926e-05 -0.0174036 0.086129 
0.00960254 -0.0175293 -7.37829e-06 1.6368e-05 -0.0175293 0.0862494 2.00086e-05 -7.24277e-05 -7.37829e-06 2.00086e-05 0.00950328 -0.0175219 1.6368e-05 -7.24277e-05 -0.0175219 0.0866729 
0.00959871 -0.0175073 -5.66727e-06 1.98816e-05 -0.0175073 0.0862099 2.41735e-05 -7.98856e-05 -5.66727e-06 2.41735e-05 0.00952965 -0.0175506 1.98816e-05 -7.98856e-05 -0.0175506 0.0867828 
0.00960444 -0.0174835 2.8421e-06 1.70585e-05 -0.0174835 0.0861122 2.13022e-05 -7.84209e-05 2.8421e-06 2.13022e-05 0.00952897 -0.0175752 1.70585e-05 -7.84209e-05 -0.0175752 0.0868349 
0.00959598 -0.0174835 -3.81093e-07 4.52713e-06 -0.0174835 0.0860636 5.67713e-06 -4.97588e-05 -3.81093e-07 5.67713e-06 0.00953551 -0.0175802 4.52713e-06 -4.97588e-05 -0.0175802 0.0868741 
0.00959167 -0.0174883 1.38155e-05 4.96369e-06 -0.0174883 0.0860949 3.33677e-06 -2.85839e-05 1.38155e-05 3.33677e-06 0.0095538 -0.0175973 4.96369e-06 -2.85839e-05 -0.0175973 0.0869517 
0.00958317 -0.017482 3.21323e-05 -1.03696e-05 -0.017482 0.0860962 -1.2766e-05 -4.60221e-07 3.21323e-05 -1.2766e-05 0.00956252 -0.0176187 -1.03696e-05 -4.60221e-07 -0.0176187 0.087017 
0.00956821 -0.0174527 3.35518e-05 -3.43195e-05 -0.0174527 0.0859966 -3.57415e-05 5.22079e-05 3.35518e-05 -3.57415e-05 0.00955702 -0.0176178 -3.43195e-05 5.22079e-05 -0.0176178 0.0869999 
0.00954451 -0.0174063 3.98112e-05 -3.85505e-05 -0.0174063 0.0857755 -4.01201e-05 8.68655e-05 3.98112e-05 -4.01201e-05 0.00954242 -0.0175745 -3.85505e-05 8.68655e-05 -0.0175745 0.0868102 
0.0095286 -0.017321 4.31194e-05 -4.62141e-05 -0.017321 0.0853588 -4.81664e-05 0.000109948 4.31194e-05 -4.81664e-05 0.00947413 -0.0175012 -4.62141e-05 0.000109948 -0.0175012 0.0864187 
0.00954572 -0.0173218 2.67558e-05 -5.05496e-05 -0.0173218 0.0852413 -5.08171e-05 0.000125093 2.67558e-05 -5.08171e-05 0.00941709 -0.0174446 -5.05496e-05 0.000125093 -0.0174446 0.0862342 
0.00955914 -0.0173839 1.17213e-05 -3.13267e-05 -0.0173839 0.085415 -2.99228e-05 0.000100399 1.17213e-05 -2.99228e-05 0.00940537 -0.0174058 -3.13267e-05 0.000100399 -0.0174058 0.0861996 
0.00954378 -0.0174094 -8.83012e-07 -1.23849e-05 -0.0174094 0.0855503 -7.58605e-06 5.05983e-05 -8.83012e-07 -7.58605e-06 0.00941187 -0.017385 -1.23849e-05 5.05983e-05 -0.017385 0.0861455 
0.00954327 -0.0174249 -1.04785e-05 7.65185e-06 -0.0174249 0.0857356 1.53434e-05 -1.2718e-05 -1.04785e-05 1.53434e-05 0.0094357 -0.017416 7.65185e-06 -1.2718e-05 -0.017416 0.0862693 
0.00951323 -0.0173286 -9.76611e-08 1.70439e-05 -0.0173286 0.0853464 2.62126e-05 -5.26324e-05 -9.76611e-08 2.62126e-05 0.00939401 -0.0173485 1.70439e-05 -5.26324e-05 -0.0173485 0.0859066 
0.00952526 -0.0173316 6.19599e-06 5.71697e-06 -0.0173316 0.0853062 1.11923e-05 -4.74072e-05 6.19599e-06 1.11923e-05 0.00937672 -0.0173339 5.71697e-06 -4.74072e-05 -0.0173339 0.0858498 
0.00954438 -0.0173825 1.40075e-05 -3.55513e-06 -0.0173825 0.0854856 -3.25846e-06 -1.74702e-05 1.40075e-05 -3.25846e-06 0.00937903 -0.017341 -3.55513e-06 -1.74702e-05 -0.017341 0.0859333 
0.00952758 -0.0173484 1.11185e-05 -1.41319e-05 -0.0173484 0.0853256 -1.42078e-05 1.43553e-05 1.11185e-05 -1.42078e-05 0.00934794 -0.0172885 -1.41319e-05 1.43553e-05 -0.0172885 0.0856975 
0.00951771 -0.0173625 1.01298e-05 -7.06024e-06 -0.0173625 0.085386 -8.57723e-06 1.31107e-05 1.01298e-05 -8.57723e-06 0.0093567 -0.0172829 -7.06024e-06 1.31107e-05 -0.0172829 0.0856975 
0.00948283 -0.0172917 1.66328e-05 -3.45525e-06 -0.0172917 0.0851018 -6.69824e-06 2.8995e-06 1.66328e-05 -6.69824e-06 0.00933453 -0.0172343 -3.45525e-06 2.8995e-06 -0.0172343 0.0854233 
0.00945577 -0.0172836 2.05435e-05 -1.87384e-05 -0.0172836 0.0850727 -1.81002e-05 2.46649e-05 2.05435e-05 -1.81002e-05 0.00935568 -0.0172408 -1.87384e-05 2.46649e-05 -0.0172408 0.085428 
0.00941774 -0.0171965 2.23807e-05 -2.40702e-05 -0.0171965 0.084748 -2.02997e-05 4.13261e-05 2.23807e-05 -2.02997e-05 0.00933337 -0.0172168 -2.40702e-05 4.13261e-05 -0.0172168 0.0852166 
0.00936969 -0.0170794 1.15532e-05 -2.47565e-05 -0.0170794 0.0841847 -2.22221e-05 4.82551e-05 1.15532e-05 -2.22221e-05 0.00927492 -0.0171276 -2.47565e-05 4.82551e-05 -0.0171276 0.0847613 
0.00935552 -0.0170785 2.522e-05 -7.11573e-06 -0.0170785 0.0841265 -1.00012e-05 2.62732e-05 2.522e-05 -1.00012e-05 0.00927167 -0.0171158 -7.11573e-06 2.62732e-05 -0.0171158 0.0847284 
0.00935546 -0.0170746 3.66145e-05 -1.80764e-05 -0.0170746 0.0841299 -2.57451e-05 2.84383e-05 3.66145e-05 -2.57451e-05 0.00926381 -0.0171141 -1.80764e-05 2.84383e-05 -0.0171141 0.0847222 
0.00935628 -0.0171018 4.63475e-05 -3.45669e-05 -0.0171018 0.084264 -4.39061e-05 6.59005e-05 4.63475e-05 -4.39061e-05 0.00927364 -0.0171322 -3.45669e-05 6.59005e-05 -0.0171322 0.0848401 
0.00936002 -0.0171212 4.05284e-05 -5.14861e-05 -0.0171212 0.0844118 -5.98098e-05 0.0001128 4.05284e-05 -5.98098e-05 0.00929479 -0.0171534 -5.14861e-05 0.0001128 -0.0171534 0.0849677 
0.00936023 -0.0171241 2.8317e-05 -4.52238e-05 -0.0171241 0.0844734 -5.222e-05 0.000122817 2.8317e-05 -5.222e-05 0.0092985 -0.01717 -4.52238e-05 0.000122817 -0.01717 0.0850337 
0.00936189 -0.0170957 4.14502e-05 -2.95661e-05 -0.0170957 0.0843746 -3.28018e-05 9.32588e-05 4.14502e-05 -3.28018e-05 0.00927499 -0.0171547 -2.95661e-05 9.32588e-05 -0.0171547 0.084969 
0.00939319 -0.0170939 5.08841e-05 -4.79835e-05 -0.0170939 0.0843274 -4.51032e-05 0.000101296 5.08841e-05 -4.51032e-05 0.0092328 -0.0171292 -4.79835e-05 0.000101296 -0.0171292 0.0849057 
0.00941303 -0.0171234 4.33791e-05 -6.32193e-05 -0.0171234 0.0843253 -5.84615e-05 0.00013582 4.33791e-05 -5.84615e-05 0.00919775 -0.0170683 -6.32193e-05 0.00013582 -0.0170683 0.0847529 
0.00942164 -0.0171591 1.72065e-05 -5.48302e-05 -0.0171591 0.0844083 -5.07221e-05 0.000139368 1.72065e-05 -5.07221e-05 0.00918241 -0.0170226 -5.48302e-05 0.000139368 -0.0170226 0.0846181 
0.00939999 -0.0171495 2.29867e-06 -1.87455e-05 -0.0171495 0.0843498 -1.62686e-05 7.76535e-05 2.29867e-06 -1.62686e-05 0.0091721 -0.0169752 -1.87455e-05 7.76535e-05 -0.0169752 0.0844005 
0.00938509 -0.0171422 3.3593e-06 2.6642e-06 -0.0171422 0.084367 2.23669e-06 1.30802e-05 3.3593e-06 2.23669e-06 0.00918123 -0.0169778 2.6642e-06 1.30802e-05 -0.0169778 0.0843692 
0.00972316 -0.0177495 7.61939e-07 4.18939e-06 -0.0177495 0.0874235 4.42292e-06 -1.78185e-05 7.61939e-07 4.42292e-06 0.00952838 -0.0176083 4.18939e-06 -1.78185e-05 -0.0176083 0.0874543 
0.00969342 -0.0176659 -5.45789e-06 4.61102e-06 -0.0176659 0.0870164 7.58775e-06 -2.7222e-05 -5.45789e-06 7.58775e-06 0.00948515 -0.0175439 4.61102e-06 -2.7222e-05 -0.0175439 0.0870879 
0.00967386 -0.0176727 -1.18413e-05 1.09535e-05 -0.0176727 0.0869736 1.43081e-05 -3.92239e-05 -1.18413e-05 1.43081e-05 0.0094875 -0.0175231 1.09535e-05 -3.92239e-05 -0.0175231 0.087003 
0.0096687 -0.017699 -1.41361e-05 2.06646e-05 -0.017699 0.0871571 1.58872e-05 -5.10649e-05 -1.41361e-05 1.58872e-05 0.00951989 -0.0175691 2.06646e-05 -5.10649e-05 -0.0175691 0.0871799 
0.00966974 -0.0177158 -2.02291e-05 2.64203e-05 -0.0177158 0.0873333 1.22476e-05 -5.44756e-05 -2.02291e-05 1.22476e-05 0.00956143 -0.0176253 2.64203e-05 -5.44756e-05 -0.0176253 0.0874081 
0.00970007 -0.017782 -2.45804e-06 3.39845e-05 -0.017782 0.0877419 1.76575e-05 -6.2798e-05 -2.45804e-06 1.76575e-05 0.00963441 -0.0177476 3.39845e-05 -6.2798e-05 -0.0177476 0.0879382 
0.00971831 -0.0177761 -6.55136e-06 9.75543e-06 -0.0177761 0.0877881 -2.46671e-06 -3.10192e-05 -6.55136e-06 -2.46671e-06 0.00965693 -0.0178057 9.75543e-06 -3.10192e-05 -0.0178057 0.0881506 
0.00972562 -0.0177388 -1.15996e-05 9.88017e-06 -0.0177388 0.0875737 2.62366e-06 -1.21497e-05 -1.15996e-05 2.62366e-06 0.0096446 -0.0177956 9.88017e-06 -1.21497e-05 -0.0177956 0.088079 
0.00973758 -0.0177865 -2.58192e-05 1.37858e-05 -0.0177865 0.0876939 1.09915e-05 -1.75731e-05 -2.58192e-05 1.09915e-05 0.00967223 -0.017831 1.37858e-05 -1.75731e-05 -0.017831 0.0882527 
0.00936431 -0.0170988 -1.27278e-05 2.93601e-05 -0.0170988 0.0843067 3.02314e-05 -5.06808e-05 -1.27278e-05 3.02314e-05 0.0092936 -0.0171595 2.93601e-05 -5.06808e-05 -0.0171595 0.0848872 
0.00935725 -0.0170855 1.8894e-06 1.99036e-05 -0.0170855 0.0842102 2.13551e-05 -6.01557e-05 1.8894e-06 2.13551e-05 0.00927354 -0.0171245 1.99036e-05 -6.01557e-05 -0.0171245 0.0847683 
0.00936745 -0.0171222 1.39365e-05 5.1828e-07 -0.0171222 0.0843796 -2.19756e-06 -1.95501e-05 1.39365e-05 -2.19756e-06 0.00928161 -0.0171471 5.1828e-07 -1.95501e-05 -0.0171471 0.0849036 
0.00933657 -0.0170977 9.11337e-06 -1.92871e-05 -0.0170977 0.0842988 -1.97964e-05 3.36655e-05 9.11337e-06 -1.97964e-05 0.00927953 -0.0171247 -1.92871e-05 3.36655e-05 -0.0171247 0.0848191 
0.00968856 -0.0177462 -3.74436e-06 -1.90561e-05 -0.0177462 0.0876005 -1.6062e-05 5.68919e-05 -3.74436e-06 -1.6062e-05 0.00966047 -0.0178168 -1.90561e-05 5.68919e-05 -0.0178168 0.0882169 
0.00967579 -0.0176488 -5.14922e-06 -2.779e-06 -0.0176488 0.0871774 -6.36404e-07 3.71292e-05 -5.14922e-06 -6.36404e-07 0.00960028 -0.017756 -2.779e-06 3.71292e-05 -0.017756 0.0878851 
0.00968004 -0.0176418 -2.41486e-06 4.24668e-06 -0.0176418 0.0870131 5.70195e-06 1.0347e-05 -2.41486e-06 5.70195e-06 0.00955187 -0.0176954 4.24668e-06 1.0347e-05 -0.0176954 0.0876821 
0.0096878 -0.0176831 3.06495e-06 3.84615e-06 -0.0176831 0.0871136 3.85195e-06 4.66823e-07 3.06495e-06 3.85195e-06 0.00953619 -0.0176555 3.84615e-06 4.66823e-07 -0.0176555 0.0876028 
0.00967663 -0.0176776 -1.66091e-06 -5.28736e-06 -0.0176776 0.0870765 -6.25736e-06 1.49228e-05 -1.66091e-06 -6.25736e-06 0.00952434 -0.0175988 -5.28736e-06 1.49228e-05 -0.0175988 0.0873733 
0.0096525 -0.0176713 -4.88217e-06 3.62486e-06 -0.0176713 0.0870597 1.21651e-06 6.98946e-06 -4.88217e-06 1.21651e-06 0.00954022 -0.0175807 3.62486e-06 6.98946e-06 -0.0175807 0.087248 
0.00968289 -0.0177087 1.88324e-05 6.36477e-06 -0.0177087 0.0873396 3.76932e-06 -9.71629e-07 1.88324e-05 3.76932e-06 0.0095696 -0.0176762 6.36477e-06 -9.71629e-07 -0.0176762 0.0875897 
0.00967171 -0.0177201 2.63346e-05 -2.10206e-05 -0.0177201 0.0874053 -2.30674e-05 3.54316e-05 2.63346e-05 -2.30674e-05 0.0095924 -0.0176988 -2.10206e-05 3.54316e-05 -0.0176988 0.0877268 
0.00967287 -0.0176701 1.71903e-05 -3.46369e-05 -0.0176701 0.0872398 -3.6155e-05 8.19681e-05 1.71903e-05 -3.6155e-05 0.00956919 -0.0176901 -3.46369e-05 8.19681e-05 -0.0176901 0.0876465 
0.00966254 -0.0176687 -2.67866e-06 -2.20748e-05 -0.0176687 0.0871527 -2.31799e-05 7.84295e-05 -2.67866e-06 -2.31799e-05 0.00957116 -0.0176575 -2.20748e-05 7.84295e-05 -0.0176575 0.0875484 
0.00966574 -0.0176304 -1.1889e-05 3.67812e-06 -0.0176304 0.086966 9.01338e-07 3.31799e-05 -1.1889e-05 9.01338e-07 0.00953472 -0.0176283 3.67812e-06 3.31799e-05 -0.0176283 0.0873493 
0.0097093 -0.0176798 -2.10112e-05 1.55837e-05 -0.0176798 0.0871149 1.22562e-05 -6.90679e-06 -2.10112e-05 1.22562e-05 0.00951065 -0.017638 1.55837e-05 -6.90679e-06 -0.017638 0.0874496 
0.00971139 -0.017727 -9.32181e-06 2.38374e-05 -0.017727 0.0872292 2.30254e-05 -3.27596e-05 -9.32181e-06 2.30254e-05 0.00950201 -0.0175954 2.38374e-05 -3.27596e-05 -0.0175954 0.0873893 
0.00973929 -0.0177402 8.34946e-06 1.00801e-05 -0.0177402 0.0873334 1.30787e-05 -2.65918e-05 8.34946e-06 1.30787e-05 0.00947135 -0.0175916 1.00801e-05 -2.65918e-05 -0.0175916 0.0873804 
0.00969288 -0.017731 1.0922e-05 -1.74278e-05 -0.017731 0.0872153 -1.30115e-05 2.94139e-05 1.0922e-05 -1.30115e-05 0.00947431 -0.0175124 -1.74278e-05 2.94139e-05 -0.0175124 0.0871234 
0.00962826 -0.0176489 -9.27849e-06 -2.65607e-05 -0.0176489 0.086935 -2.69448e-05 8.42642e-05 -9.27849e-06 -2.69448e-05 0.00948855 -0.0174739 -2.65607e-05 8.42642e-05 -0.0174739 0.0868206 
0.00960306 -0.0176109 -2.97686e-05 2.07736e-06 -0.0176109 0.0868882 -3.64859e-06 6.32852e-05 -2.97686e-05 -3.64859e-06 0.00951692 -0.0175406 2.07736e-06 6.32852e-05 -0.0175406 0.0869571 
0.00959085 -0.0175828 -5.26408e-05 2.72572e-05 -0.0175828 0.0868419 1.91476e-05 1.27201e-05 -5.26408e-05 1.91476e-05 0.00952513 -0.0175897 2.72572e-05 1.27201e-05 -0.0175897 0.0871317 
0.00955691 -0.0175112 -4.49337e-05 5.47494e-05 -0.0175112 0.0865261 4.82669e-05 -5.13583e-05 -4.49337e-05 4.82669e-05 0.00950697 -0.017544 5.47494e-05 -5.13583e-05 -0.017544 0.0869445 
0.00950915 -0.0174543 -3.34631e-05 4.39276e-05 -0.0174543 0.0862559 4.24755e-05 -6.80613e-05 -3.34631e-05 4.24755e-05 0.0095102 -0.0175084 4.39276e-05 -6.80613e-05 -0.0175084 0.0867489 
0.00945805 -0.0173741 -3.29383e-05 3.24518e-05 -0.0173741 0.0859402 3.41786e-05 -5.83906e-05 -3.29383e-05 3.41786e-05 0.00951019 -0.0174936 3.24518e-05 -5.83906e-05 -0.0174936 0.0865665 
0.00942804 -0.0172886 -2.77614e-05 3.49551e-05 -0.0172886 0.0855877 3.70724e-05 -6.16272e-05 -2.77614e-05 3.70724e-05 0.00947842 -0.0174744 3.49551e-05 -6.16272e-05 -0.0174744 0.0863823 
0.00942865 -0.0172423 -1.06507e-05 2.84765e-05 -0.0172423 0.0853101 2.92106e-05 -5.47343e-05 -1.06507e-05 2.92106e-05 0.00942435 -0.0174134 2.84765e-05 -5.47343e-05 -0.0174134 0.086134 
0.00950087 -0.0173685 -6.95313e-06 6.98781e-06 -0.0173685 0.0857921 7.66418e-06 -1.77275e-05 -6.95313e-06 7.66418e-06 0.00943454 -0.017458 6.98781e-06 -1.77275e-05 -0.017458 0.0864704 
0.00952551 -0.0174476 -8.60092e-06 -1.49208e-06 -0.0174476 0.0860888 2.37778e-06 1.43326e-05 -8.60092e-06 2.37778e-06 0.00944031 -0.017443 -1.49208e-06 1.43326e-05 -0.017443 0.0865193 
0.00953298 -0.0174816 2.25975e-06 -5.89221e-07 -0.0174816 0.0862916 7.86928e-06 1.76416e-05 2.25975e-06 7.86928e-06 0.00944876 -0.0174536 -5.89221e-07 1.76416e-05 -0.0174536 0.0865759 
0.0095101 -0.0174708 3.55432e-06 -1.29486e-05 -0.0174708 0.086293 -3.72052e-06 3.28025e-05 3.55432e-06 -3.72052e-06 0.00946744 -0.0174446 -1.29486e-05 3.28025e-05 -0.0174446 0.0865324 
0.00950228 -0.0174213 2.5787e-05 -1.34985e-05 -0.0174213 0.0861468 -6.8032e-06 4.38833e-05 2.5787e-05 -6.8032e-06 0.00946766 -0.0174495 -1.34985e-05 4.38833e-05 -0.0174495 0.0864625 
0.00952526 -0.0174325 3.48976e-05 -3.86085e-05 -0.0174325 0.0861807 -3.3366e-05 8.35807e-05 3.48976e-05 -3.3366e-05 0.00946273 -0.0174859 -3.86085e-05 8.35807e-05 -0.0174859 0.0865991 
0.0095339 -0.017484 2.1594e-05 -4.85387e-05 -0.017484 0.0863621 -4.14003e-05 0.000115165 2.1594e-05 -4.14003e-05 0.00948082 -0.0175081 -4.85387e-05 0.000115165 -0.0175081 0.0867833 
0.00949178 -0.0174403 6.65797e-06 -3.24164e-05 -0.0174403 0.0861952 -2.52947e-05 0.00010138 6.65797e-06 -2.52947e-05 0.00948196 -0.0174717 -3.24164e-05 0.00010138 -0.0174717 0.0866128 
0.00945581 -0.0173639 -3.77502e-06 -1.25103e-05 -0.0173639 0.0859225 -4.51244e-06 5.48557e-05 -3.77502e-06 -4.51244e-06 0.00947434 -0.0174545 -1.25103e-05 5.48557e-05 -0.0174545 0.086442 
0.00944499 -0.017323 1.49735e-07 2.36678e-06 -0.017323 0.0857543 1.04136e-05 7.42454e-06 1.49735e-07 1.04136e-05 0.00946504 -0.0174599 2.36678e-06 7.42454e-06 -0.0174599 0.0864152 
0.00945868 -0.0173382 1.827e-06 5.86586e-07 -0.0173382 0.0858099 5.30945e-06 -7.31826e-06 1.827e-06 5.30945e-06 0.00946702 -0.0174866 5.86586e-07 -7.31826e-06 -0.0174866 0.0865594 
0.00944487 -0.0173055 -1.1167e-06 4.05281e-06 -0.0173055 0.0856206 5.98621e-07 -1.16791e-05 -1.1167e-06 5.98621e-07 0.00944541 -0.0174386 4.05281e-06 -1.16791e-05 -0.0174386 0.0863724 
0.00945609 -0.01731 7.11793e-06 1.06115e-05 -0.01731 0.0856117 1.34971e-06 -1.86571e-05 7.11793e-06 1.34971e-06 0.00943055 -0.0174292 1.06115e-05 -1.86571e-05 -0.0174292 0.0863321 
0.009454 -0.0173072 1.96564e-05 1.52956e-06 -0.0173072 0.0855409 -5.47863e-06 -1.35652e-05 1.96564e-05 -5.47863e-06 0.00940973 -0.0173892 1.52956e-06 -1.35652e-05 -0.0173892 0.0861829 
0.00947242 -0.0173541 1.89422e-05 -2.18537e-05 -0.0173541 0.0857316 -2.24539e-05 2.75413e-05 1.89422e-05 -2.24539e-05 0.00941539 -0.0173962 -2.18537e-05 2.75413e-05 -0.0173962 0.0862529 
0.00950028 -0.0173894 1.62116e-05 -2.4948e-05 -0.0173894 0.0859062 -2.27263e-05 5.28671e-05 1.62116e-05 -2.27263e-05 0.00941591 -0.0174102 -2.4948e-05 5.28671e-05 -0.0174102 0.0863368 
0.00951723 -0.0174312 2.1206e-05 -2.04989e-05 -0.0174312 0.0860888 -1.76908e-05 5.07528e-05 2.1206e-05 -1.76908e-05 0.00942123 -0.0174318 -2.04989e-05 5.07528e-05 -0.0174318 0.0864709 
0.00949516 -0.0174112 3.2801e-05 -2.69567e-05 -0.0174112 0.0860004 -2.40839e-05 5.94089e-05 3.2801e-05 -2.40839e-05 0.0094174 -0.0173941 -2.69567e-05 5.94089e-05 -0.0173941 0.086329 
0.00949206 -0.0173614 4.20559e-05 -4.32453e-05 -0.0173614 0.0858075 -4.01685e-05 9.03844e-05 4.20559e-05 -4.01685e-05 0.00939131 -0.0173672 -4.32453e-05 9.03844e-05 -0.0173672 0.08615 
0.00952738 -0.017372 2.90765e-05 -5.58902e-05 -0.017372 0.0857836 -5.34519e-05 0.000126762 2.90765e-05 -5.34519e-05 0.00935686 -0.0173516 -5.58902e-05 0.000126762 -0.0173516 0.0861031 
0.0095541 -0.0174625 2.50594e-05 -3.77885e-05 -0.0174625 0.0860558 -3.68029e-05 0.000113594 2.50594e-05 -3.68029e-05 0.00936728 -0.0173377 -3.77885e-05 0.000113594 -0.0173377 0.0861735 
0.00959127 -0.0175303 3.45198e-05 -2.91577e-05 -0.0175303 0.0863918 -2.84662e-05 8.4436e-05 3.45198e-05 -2.84662e-05 0.00938978 -0.0173719 -2.91577e-05 8.4436e-05 -0.0173719 0.0863382 
0.00957934 -0.0175595 4.82482e-05 -3.75731e-05 -0.0175595 0.0865238 -3.54374e-05 7.81441e-05 4.82482e-05 -3.54374e-05 0.00942817 -0.0173825 -3.75731e-05 7.81441e-05 -0.0173825 0.0863799 
0.00957713 -0.0175369 3.66591e-05 -5.20768e-05 -0.0175369 0.0865319 -4.96818e-05 9.70634e-05 3.66591e-05 -4.96818e-05 0.00944287 -0.0174347 -5.20768e-05 9.70634e-05 -0.0174347 0.0864859 
0.00956672 -0.0175202 2.2484e-05 -3.78879e-05 -0.0175202 0.0864658 -3.73369e-05 8.68503e-05 2.2484e-05 -3.73369e-05 0.00945066 -0.0174525 -3.78879e-05 8.68503e-05 -0.0174525 0.0865522 
0.00951522 -0.0174164 1.32894e-05 -1.70327e-05 -0.0174164 0.0859808 -1.79893e-05 4.31983e-05 1.32894e-05 -1.79893e-05 0.00942551 -0.0173823 -1.70327e-05 4.31983e-05 -0.0173823 0.0861828 
0.00949211 -0.0174001 -1.7409e-06 -4.47692e-06 -0.0174001 0.085893 -8.3574e-06 6.41904e-06 -1.7409e-06 -8.3574e-06 0.00944532 -0.0173997 -4.47692e-06 6.41904e-06 -0.0173997 0.0861985 
0.00950763 -0.0174421 -1.04479e-06 1.52083e-05 -0.0174421 0.0861559 1.07201e-05 -3.78927e-05 -1.04479e-06 1.07201e-05 0.00949061 -0.0174976 1.52083e-05 -3.78927e-05 -0.0174976 0.0865976 
0.00952206 -0.0174657 2.40107e-07 1.16856e-05 -0.0174657 0.0863257 5.93883e-06 -4.70387e-05 2.40107e-07 5.93883e-06 0.00952492 -0.0175575 1.16856e-05 -4.70387e-05 -0.0175575 0.0868838 
0.0095792 -0.0175212 -4.42759e-06 9.11117e-06 -0.0175212 0.0866266 2.84822e-06 -4.01479e-05 -4.42759e-06 2.84822e-06 0.00954184 -0.0176426 9.11117e-06 -4.01479e-05 -0.0176426 0.0872835 
0.00959049 -0.0175766 -1.9154e-07 1.53369e-05 -0.0175766 0.0868098 1.3317e-05 -5.21137e-05 -1.9154e-07 1.3317e-05 0.00956756 -0.0176542 1.53369e-05 -5.21137e-05 -0.0176542 0.087449 
0.00962239 -0.0176259 8.87292e-06 7.86774e-06 -0.0176259 0.0870951 1.24011e-05 -5.30159e-05 8.87292e-06 1.24011e-05 0.00959001 -0.0177147 7.86774e-06 -5.30159e-05 -0.0177147 0.0877209 
0.00967174 -0.0176779 1.61428e-06 -7.8904e-06 -0.0176779 0.087352 2.34492e-06 -2.95118e-05 1.61428e-06 2.34492e-06 0.00958935 -0.0177566 -7.8904e-06 -2.95118e-05 -0.0177566 0.0879693 
0.00969207 -0.0177209 -2.39495e-05 -3.95288e-06 -0.0177209 0.0874894 7.73296e-06 -1.95417e-05 -2.39495e-05 7.73296e-06 0.00958622 -0.0177432 -3.95288e-06 -1.95417e-05 -0.0177432 0.0880198 
0.00968798 -0.0177095 -3.05591e-05 2.97071e-05 -0.0177095 0.0874173 3.40907e-05 -6.16887e-05 -3.05591e-05 3.40907e-05 0.0095691 -0.0176989 2.97071e-05 -6.16887e-05 -0.0176989 0.0878458 
0.00968476 -0.017702 -2.52239e-05 4.41244e-05 -0.017702 0.0873566 3.82803e-05 -9.97302e-05 -2.52239e-05 3.82803e-05 0.00955686 -0.0176687 4.41244e-05 -9.97302e-05 -0.0176687 0.0877051 
0.00966671 -0.0176891 -7.94767e-06 3.53025e-05 -0.0176891 0.0872745 2.2832e-05 -8.5356e-05 -7.94767e-06 2.2832e-05 0.0095708 -0.0176419 3.53025e-05 -8.5356e-05 -0.0176419 0.087567 
0.00964806 -0.0176426 2.41713e-05 1.47081e-05 -0.0176426 0.0870765 -2.96841e-07 -3.91191e-05 2.41713e-05 -2.96841e-07 0.00956588 -0.0176317 1.47081e-05 -3.91191e-05 -0.0176317 0.0874004 
0.00964018 -0.0176119 6.418e-05 -2.59937e-05 -0.0176119 0.0869131 -4.32898e-05 5.12082e-05 6.418e-05 -4.32898e-05 0.00955603 -0.0176289 -2.59937e-05 5.12082e-05 -0.0176289 0.0873171 
0.00965343 -0.0176493 6.95077e-05 -7.71973e-05 -0.0176493 0.0870586 -9.25562e-05 0.000171959 6.95077e-05 -9.25562e-05 0.00956629 -0.0176723 -7.71973e-05 0.000171959 -0.0176723 0.0875168 
0.00964489 -0.0176227 4.68549e-05 -8.8768e-05 -0.0176227 0.0869348 -9.57831e-05 0.000237378 4.68549e-05 -9.57831e-05 0.00954279 -0.0176417 -8.8768e-05 0.000237378 -0.0176417 0.0874057 
0.00964651 -0.0176468 1.59906e-05 -6.49032e-05 -0.0176468 0.0870309 -6.11446e-05 0.000210229 1.59906e-05 -6.11446e-05 0.00953685 -0.0176474 -6.49032e-05 0.000210229 -0.0176474 0.0874804 
0.00959237 -0.0176072 -9.30719e-06 -2.59915e-05 -0.0176072 0.0868745 -1.81757e-05 0.000124579 -9.30719e-06 -1.81757e-05 0.00955076 -0.0175985 -2.59915e-05 0.000124579 -0.0175985 0.0872951 
0.00957113 -0.0175518 -1.58481e-05 1.16534e-06 -0.0175518 0.0867424 7.24873e-06 5.04353e-05 -1.58481e-05 7.24873e-06 0.00956153 -0.0176131 1.16534e-06 5.04353e-05 -0.0176131 0.0872434 
0.00959395 -0.0175473 1.24803e-06 1.02025e-05 -0.0175473 0.086758 1.51163e-05 9.33843e-06 1.24803e-06 1.51163e-05 0.00956635 -0.0176584 1.02025e-05 9.33843e-06 -0.0176584 0.0873952 
0.00962582 -0.0175965 -2.74626e-06 -9.57143e-06 -0.0175965 0.0869228 -7.16153e-06 3.00978e-05 -2.74626e-06 -7.16153e-06 0.00958363 -0.0176929 -9.57143e-06 3.00978e-05 -0.0176929 0.0875993 
0.00961474 -0.0176115 -1.50148e-05 -3.23096e-06 -0.0176115 0.0869443 -6.48281e-06 4.26148e-05 -1.50148e-05 -6.48281e-06 0.0096056 -0.0176877 -3.23096e-06 4.26148e-05 -0.0176877 0.0875896 
0.00961834 -0.0176118 -1.8838e-05 1.38347e-05 -0.0176118 0.0870041 7.19366e-06 2.04523e-05 -1.8838e-05 7.19366e-06 0.009622 -0.0177325 1.38347e-05 2.04523e-05 -0.0177325 0.0877075 
0.00963948 -0.0176104 4.91131e-06 1.58689e-05 -0.0176104 0.0870016 1.33514e-05 3.19328e-06 4.91131e-06 1.33514e-05 0.00961818 -0.0177467 1.58689e-05 3.19328e-06 -0.0177467 0.0877638 
0.00966504 -0.0176619 1.18493e-05 -1.76704e-05 -0.0176619 0.0871613 -1.45945e-05 4.70358e-05 1.18493e-05 -1.45945e-05 0.00962688 -0.0177625 -1.76704e-05 4.70358e-05 -0.0177625 0.0878846 
0.00966559 -0.0176904 1.76022e-05 -2.90444e-05 -0.0176904 0.0872588 -1.91407e-05 8.36236e-05 1.76022e-05 -1.91407e-05 0.00964418 -0.0177594 -2.90444e-05 8.36236e-05 -0.0177594 0.0878944 
0.00968606 -0.0177239 3.51266e-06 -3.48388e-05 -0.0177239 0.0874675 -2.2796e-05 0.000100374 3.51266e-06 -2.2796e-05 0.00967109 -0.0178192 -3.48388e-05 0.000100374 -0.0178192 0.0881141 
0.00932666 -0.0170386 -7.32274e-06 -1.11258e-05 -0.0170386 0.0841085 -3.64657e-06 6.5452e-05 -7.32274e-06 -3.64657e-06 0.00927891 -0.0171564 -1.11258e-05 6.5452e-05 -0.0171564 0.0848116 
0.00936252 -0.0171156 -1.53348e-05 9.61152e-06 -0.0171156 0.0844403 1.09054e-05 1.29788e-05 -1.53348e-05 1.09054e-05 0.00930333 -0.017197 9.61152e-06 1.29788e-05 -0.017197 0.0851326 
0.00939847 -0.0171632 -1.46696e-05 2.32724e-05 -0.0171632 0.0846837 1.85912e-05 -2.60544e-05 -1.46696e-05 1.85912e-05 0.00931463 -0.0172268 2.32724e-05 -2.60544e-05 -0.0172268 0.0853307 
0.00942062 -0.0171756 1.30227e-06 2.28118e-05 -0.0171756 0.0847013 1.38811e-05 -3.5865e-05 1.30227e-06 1.38811e-05 0.00929166 -0.017197 2.28118e-05 -3.5865e-05 -0.017197 0.0852514 
0.0094149 -0.0171814 -2.49753e-06 -2.05173e-06 -0.0171814 0.0846406 -1.22033e-05 9.36094e-06 -2.49753e-06 -1.22033e-05 0.00927894 -0.0171393 -2.05173e-06 9.36094e-06 -0.0171393 0.0850383 
