0.00694827 0 7.69454e-06 0 0 0.00997797 0 0 7.69454e-06 0 0.00717756 0 0 0 0 0.00997797 
0.00951012 -0.01181 -5.91097e-06 9.08377e-06 -0.01181 0.0314537 9.08377e-06 -1.75378e-05 -5.91097e-06 9.08377e-06 0.00974808 -0.0120949 9.08377e-06 -1.75378e-05 -0.0120949 0.0319996 
0.00983062 -0.0183831 -1.86955e-05 7.36468e-05 -0.0183831 0.0678167 7.36468e-05 -0.000252747 -1.86955e-05 7.36468e-05 0.00993622 -0.0185003 7.36468e-05 -0.000252747 -0.0185003 0.0681196 
0.00928992 -0.0181389 -3.26484e-05 0.000109497 -0.0181389 0.0815454 0.000107738 -0.000554819 -3.26484e-05 0.000107738 0.00933841 -0.0179314 0.000109497 -0.000554819 -0.0179314 0.0803138 
0.00898643 -0.0170253 1.51033e-06 0.00010677 -0.0170253 0.0826172 0.000100269 -0.00060958 1.51033e-06 0.000100269 0.00904884 -0.0167927 0.00010677 -0.00060958 -0.0167927 0.0807403 
0.00968973 -0.0179891 2.41413e-05 5.43847e-05 -0.0179891 0.0889676 3.85765e-05 -0.000478914 2.41413e-05 3.85765e-05 0.00977465 -0.017851 5.43847e-05 -0.000478914 -0.017851 0.0872943 
0.00940739 -0.017368 2.05654e-05 1.92108e-05 -0.017368 0.0860508 1.87917e-06 -0.000284023 2.05654e-05 1.87917e-06 0.0094997 -0.0172923 1.92108e-05 -0.000284023 -0.0172923 0.0848887 
0.0100567 -0.0185295 1.30182e-05 2.30962e-05 -0.0185295 0.0917836 1.00362e-05 -0.00022638 1.30182e-05 1.00362e-05 0.010152 -0.018475 2.30962e-05 -0.00022638 -0.018475 0.0908579 
0.00985965 -0.0181536 2.39811e-05 3.44652e-05 -0.0181536 0.0898615 2.92988e-05 -0.000227177 2.39811e-05 2.92988e-05 0.00996811 -0.0180994 3.44652e-05 -0.000227177 -0.0180994 0.0890919 
0.00973412 -0.0179222 2.20204e-05 2.1469e-05 -0.0179222 0.0886494 2.47678e-05 -0.000226106 2.20204e-05 2.47678e-05 0.00985096 -0.0178793 2.1469e-05 -0.000226106 -0.0178793 0.087943 
0.00960567 -0.0177352 4.20064e-05 2.11966e-05 -0.0177352 0.08768 2.54644e-05 -0.000220628 4.20064e-05 2.54644e-05 0.00978275 -0.0177069 2.11966e-05 -0.000220628 -0.0177069 0.0870259 
0.00954767 -0.0176271 5.67124e-05 3.39244e-06 -0.0176271 0.0872113 1.98989e-06 -0.000194808 5.67124e-05 1.98989e-06 0.00973879 -0.0176659 3.39244e-06 -0.000194808 -0.0176659 0.0866701 
0.00953647 -0.017619 6.83483e-05 -1.67599e-05 -0.017619 0.0871727 -2.29171e-05 -0.000141352 6.83483e-05 -2.29171e-05 0.00972275 -0.0176675 -1.67599e-05 -0.000141352 -0.0176675 0.086688 
0.00955276 -0.0175912 5.93503e-05 -3.23904e-05 -0.0175912 0.0870689 -3.95094e-05 -9.1812e-05 5.93503e-05 -3.95094e-05 0.00968369 -0.0176437 -3.23904e-05 -9.1812e-05 -0.0176437 0.08662 
0.00955602 -0.0176057 5.08534e-05 -2.66025e-05 -0.0176057 0.0870354 -2.9532e-05 -8.07462e-05 5.08534e-05 -2.9532e-05 0.00966414 -0.017602 -2.66025e-05 -8.07462e-05 -0.017602 0.0865263 
0.00956633 -0.0176286 3.96733e-05 -1.13309e-05 -0.0176286 0.0871126 -1.38998e-05 -0.000111492 3.96733e-05 -1.38998e-05 0.00964622 -0.0175865 -1.13309e-05 -0.000111492 -0.0175865 0.0864941 
0.00954618 -0.0176383 3.68551e-05 5.58588e-06 -0.0176383 0.0871573 -1.75031e-06 -0.000150179 3.68551e-05 -1.75031e-06 0.00966159 -0.0175709 5.58588e-06 -0.000150179 -0.0175709 0.0864711 
0.00949614 -0.0175659 3.84002e-05 1.21491e-05 -0.0175659 0.0868957 3.28669e-06 -0.000177109 3.84002e-05 3.28669e-06 0.00965482 -0.0175367 1.21491e-05 -0.000177109 -0.0175367 0.0862407 
0.00948628 -0.0175309 3.53115e-05 4.91516e-06 -0.0175309 0.0868117 1.09733e-06 -0.000177884 3.53115e-05 1.09733e-06 0.0096465 -0.0175588 4.91516e-06 -0.000177884 -0.0175588 0.0862754 
0.00947308 -0.0175077 3.9141e-05 3.65585e-06 -0.0175077 0.086714 2.73088e-06 -0.000171575 3.9141e-05 2.73088e-06 0.00964192 -0.0175533 3.65585e-06 -0.000171575 -0.0175533 0.0862819 
0.00944809 -0.0174464 5.7652e-05 -1.67491e-06 -0.0174464 0.0864318 -3.38677e-06 -0.000157261 5.7652e-05 -3.38677e-06 0.0096063 -0.0175033 -1.67491e-06 -0.000157261 -0.0175033 0.0860564 
0.0094077 -0.0173841 6.71013e-05 -2.41053e-05 -0.0173841 0.0861015 -2.40351e-05 -0.000117632 6.71013e-05 -2.40351e-05 0.0095804 -0.0174281 -2.41053e-05 -0.000117632 -0.0174281 0.0857293 
0.00938952 -0.0173223 5.57463e-05 -4.20424e-05 -0.0173223 0.085812 -3.72223e-05 -6.85598e-05 5.57463e-05 -3.72223e-05 0.00953885 -0.0173805 -4.20424e-05 -6.85598e-05 -0.0173805 0.0854523 
0.00934935 -0.017223 5.52516e-05 -2.93758e-05 -0.017223 0.0852613 -1.96706e-05 -7.20504e-05 5.52516e-05 -1.96706e-05 0.00945759 -0.0172543 -2.93758e-05 -7.20504e-05 -0.0172543 0.0848734 
0.0093639 -0.0172259 5.441e-05 -2.75169e-05 -0.0172259 0.0851964 -1.82941e-05 -8.46653e-05 5.441e-05 -1.82941e-05 0.00940369 -0.0172147 -2.75169e-05 -8.46653e-05 -0.0172147 0.084734 
0.00936709 -0.0172512 4.13042e-05 -2.56392e-05 -0.0172512 0.0852316 -2.24798e-05 -8.49379e-05 4.13042e-05 -2.24798e-05 0.00938469 -0.0171632 -2.56392e-05 -8.49379e-05 -0.0171632 0.0846277 
0.00937104 -0.017274 4.72629e-05 -9.76195e-06 -0.017274 0.085344 -1.1977e-05 -9.86999e-05 4.72629e-05 -1.1977e-05 0.00938198 -0.0171578 -9.76195e-06 -9.86999e-05 -0.0171578 0.0846345 
0.00936935 -0.0172941 3.10982e-05 -1.56141e-05 -0.0172941 0.0854674 -1.8067e-05 -9.99987e-05 3.10982e-05 -1.8067e-05 0.00939712 -0.0171659 -1.56141e-05 -9.99987e-05 -0.0171659 0.084702 
0.00935579 -0.0172817 9.49377e-06 -5.11774e-07 -0.0172817 0.0854691 -3.11059e-06 -0.000112357 9.49377e-06 -3.11059e-06 0.00941495 -0.0171741 -5.11774e-07 -0.000112357 -0.0171741 0.084718 
0.00936931 -0.0173022 -7.59963e-06 2.54024e-05 -0.0173022 0.0856404 2.61685e-05 -0.000164322 -7.59963e-06 2.61685e-05 0.00944107 -0.0172434 2.54024e-05 -0.000164322 -0.0172434 0.0849907 
0.00936531 -0.017253 -3.53466e-06 4.71378e-05 -0.017253 0.0854325 5.29222e-05 -0.000229967 -3.53466e-06 5.29222e-05 0.00941213 -0.0172202 4.71378e-05 -0.000229967 -0.0172202 0.0848857 
0.00934713 -0.0172279 2.4616e-05 4.12317e-05 -0.0172279 0.0852367 4.99993e-05 -0.000249876 2.4616e-05 4.99993e-05 0.00939612 -0.0171655 4.12317e-05 -0.000249876 -0.0171655 0.0846872 
0.00933837 -0.017216 3.90829e-05 7.92103e-07 -0.017216 0.085157 1.17672e-05 -0.000185505 3.90829e-05 1.17672e-05 0.00938248 -0.0171434 7.92103e-07 -0.000185505 -0.0171434 0.0845604 
0.00932096 -0.0172029 3.29319e-05 -2.22326e-05 -0.0172029 0.0850861 -1.25146e-05 -0.000105716 3.29319e-05 -1.25146e-05 0.0093742 -0.0171205 -2.22326e-05 -0.000105716 -0.0171205 0.0844513 
0.00930438 -0.0171741 2.62728e-05 -1.51787e-05 -0.0171741 0.0849792 -9.49608e-06 -7.89622e-05 2.62728e-05 -9.49608e-06 0.00936579 -0.0171002 -1.51787e-05 -7.89622e-05 -0.0171002 0.0843356 
0.00925607 -0.0171241 7.21653e-06 -4.29256e-06 -0.0171241 0.0847629 -3.64518e-06 -8.65155e-05 7.21653e-06 -3.64518e-06 0.00937584 -0.0170725 -4.29256e-06 -8.65155e-05 -0.0170725 0.0841686 
0.0100385 -0.018547 7.7548e-06 2.42926e-05 -0.018547 0.0919292 2.41305e-05 -0.000146586 7.7548e-06 2.41305e-05 0.0101914 -0.0185826 2.42926e-05 -0.000146586 -0.0185826 0.0914687 
0.00998951 -0.0184777 2.16316e-05 2.9408e-05 -0.0184777 0.0915985 2.85947e-05 -0.000184138 2.16316e-05 2.85947e-05 0.0101987 -0.0185587 2.9408e-05 -0.000184138 -0.0185587 0.0913254 
0.00995437 -0.018431 3.18111e-05 1.24639e-05 -0.018431 0.0914199 1.03052e-05 -0.000167778 3.18111e-05 1.03052e-05 0.0102232 -0.0185789 1.24639e-05 -0.000167778 -0.0185789 0.0913203 
0.00922671 -0.0170235 2.07288e-05 -8.56956e-07 -0.0170235 0.0845003 -8.39429e-08 -0.000127926 2.07288e-05 -8.39429e-08 0.00943881 -0.0172348 -8.56956e-07 -0.000127926 -0.0172348 0.0846028 
0.00930653 -0.0171316 4.46461e-06 7.38824e-06 -0.0171316 0.084916 9.91686e-06 -0.000128915 4.46461e-06 9.91686e-06 0.00943527 -0.0172863 7.38824e-06 -0.000128915 -0.0172863 0.084997 
0.00934289 -0.0172039 -1.54268e-05 2.93428e-05 -0.0172039 0.0851222 2.9582e-05 -0.000166457 -1.54268e-05 2.9582e-05 0.00941747 -0.0172393 2.93428e-05 -0.000166457 -0.0172393 0.0849647 
0.00937477 -0.0172549 -2.7063e-05 5.28615e-05 -0.0172549 0.0853098 4.98523e-05 -0.0002145 -2.7063e-05 4.98523e-05 0.00940934 -0.0172097 5.28615e-05 -0.0002145 -0.0172097 0.0848943 
0.00943847 -0.01734 -1.87783e-05 7.30451e-05 -0.01734 0.0856841 6.98496e-05 -0.000273884 -1.87783e-05 6.98496e-05 0.00940939 -0.0172472 7.30451e-05 -0.000273884 -0.0172472 0.0850904 
0.00947625 -0.0174295 1.14576e-05 5.9166e-05 -0.0174295 0.0860196 5.88432e-05 -0.000275437 1.14576e-05 5.88432e-05 0.00943126 -0.0172537 5.9166e-05 -0.000275437 -0.0172537 0.0852244 
0.00947612 -0.0174746 2.76789e-05 1.92849e-05 -0.0174746 0.0862226 2.23734e-05 -0.00021097 2.76789e-05 2.23734e-05 0.00946263 -0.017263 1.92849e-05 -0.00021097 -0.017263 0.0852613 
0.00945401 -0.0174882 4.84148e-05 -1.92861e-06 -0.0174882 0.0863689 -1.82675e-06 -0.000140217 4.84148e-05 -1.82675e-06 0.00950883 -0.0173065 -1.92861e-06 -0.000140217 -0.0173065 0.0853798 
0.00938022 -0.0173757 5.5301e-05 -2.48817e-05 -0.0173757 0.0859805 -2.90673e-05 -7.53975e-05 5.5301e-05 -2.90673e-05 0.00951235 -0.0172883 -2.48817e-05 -7.53975e-05 -0.0172883 0.0851507 
0.00931296 -0.0172411 5.29484e-05 -3.19772e-05 -0.0172411 0.0854574 -3.87883e-05 -3.58947e-05 5.29484e-05 -3.87883e-05 0.00949022 -0.0172613 -3.19772e-05 -3.58947e-05 -0.0172613 0.084888 
0.00928521 -0.0171528 4.9397e-05 -2.51937e-05 -0.0171528 0.0850779 -3.29204e-05 -3.86991e-05 4.9397e-05 -3.29204e-05 0.00945474 -0.017242 -2.51937e-05 -3.86991e-05 -0.017242 0.0847447 
0.00928453 -0.0171375 3.0707e-05 -2.11961e-05 -0.0171375 0.0849531 -2.7485e-05 -5.16184e-05 3.0707e-05 -2.7485e-05 0.00943213 -0.0172219 -2.11961e-05 -5.16184e-05 -0.0172219 0.0847126 
0.00928413 -0.0171418 2.48146e-05 -2.75614e-06 -0.0171418 0.0849224 -4.35405e-06 -8.6446e-05 2.48146e-05 -4.35405e-06 0.00943103 -0.0171943 -2.75614e-06 -8.6446e-05 -0.0171943 0.0846527 
0.00930845 -0.0171889 2.53216e-05 5.87723e-06 -0.0171889 0.0851402 8.75263e-06 -0.000126025 2.53216e-05 8.75263e-06 0.00944769 -0.0172359 5.87723e-06 -0.000126025 -0.0172359 0.0848348 
0.00934309 -0.0172418 4.21399e-05 1.08215e-05 -0.0172418 0.0853931 1.02207e-05 -0.000150306 4.21399e-05 1.02207e-05 0.00944903 -0.0172754 1.08215e-05 -0.000150306 -0.0172754 0.0850506 
0.00932388 -0.0171868 3.4271e-05 -7.12175e-06 -0.0171868 0.0851036 -1.25613e-05 -0.000128019 3.4271e-05 -1.25613e-05 0.00939574 -0.0171881 -7.12175e-06 -0.000128019 -0.0171881 0.0847066 
0.00930038 -0.0171757 2.63169e-05 -3.87347e-06 -0.0171757 0.0850065 -1.03669e-05 -0.000108996 2.63169e-05 -1.03669e-05 0.00938707 -0.0171409 -3.87347e-06 -0.000108996 -0.0171409 0.0845335 
0.00927378 -0.0171178 3.28238e-05 4.66597e-06 -0.0171178 0.0847757 -1.95078e-06 -0.000115373 3.28238e-05 -1.95078e-06 0.00936051 -0.0171053 4.66597e-06 -0.000115373 -0.0171053 0.0843157 
0.00925858 -0.0170894 2.08106e-05 -2.50974e-06 -0.0170894 0.0846313 -3.49365e-06 -0.000117132 2.08106e-05 -3.49365e-06 0.00935477 -0.0170767 -2.50974e-06 -0.000117132 -0.0170767 0.0841935 
0.0100456 -0.0185609 1.4146e-05 8.93325e-06 -0.0185609 0.0919157 1.41967e-05 -0.00014613 1.4146e-05 1.41967e-05 0.0101655 -0.0185557 8.93325e-06 -0.00014613 -0.0185557 0.0914536 
0.0100267 -0.0185213 2.51694e-05 1.89862e-05 -0.0185213 0.0917645 2.75194e-05 -0.000177382 2.51694e-05 2.75194e-05 0.0101619 -0.0185394 1.89862e-05 -0.000177382 -0.0185394 0.0913514 
0.0100384 -0.0185197 3.64199e-05 9.34442e-06 -0.0185197 0.0917654 1.73279e-05 -0.000179266 3.64199e-05 1.73279e-05 0.0101496 -0.0185588 9.34442e-06 -0.000179266 -0.0185588 0.0914109 
0.00923174 -0.0170795 3.63212e-05 -7.74689e-06 -0.0170795 0.0845775 5.54523e-08 -0.00013226 3.63212e-05 5.54523e-08 0.00935605 -0.0170812 -7.74689e-06 -0.00013226 -0.0170812 0.0842103 
0.00999399 -0.0184946 2.48079e-05 -2.45132e-05 -0.0184946 0.0916826 -1.06861e-05 -9.37049e-05 2.48079e-05 -1.06861e-05 0.010153 -0.0185225 -2.45132e-05 -9.37049e-05 -0.0185225 0.0912897 
0.0100064 -0.0184801 2.18723e-05 -1.00144e-05 -0.0184801 0.0916839 4.53037e-06 -9.14466e-05 2.18723e-05 4.53037e-06 0.0101489 -0.0185561 -1.00144e-05 -9.14466e-05 -0.0185561 0.0913995 
0.00997517 -0.018438 2.02407e-05 -3.31704e-06 -0.018438 0.0914367 8.5881e-06 -0.000104728 2.02407e-05 8.5881e-06 0.0101324 -0.0185047 -3.31704e-06 -0.000104728 -0.0185047 0.0912065 
0.00997427 -0.0184305 2.31584e-05 -2.03203e-06 -0.0184305 0.0914187 4.35735e-06 -0.000101122 2.31584e-05 4.35735e-06 0.0101388 -0.0185114 -2.03203e-06 -0.000101122 -0.0185114 0.091218 
0.00997543 -0.0184406 3.94759e-05 -7.00921e-07 -0.0184406 0.0914615 -1.14993e-06 -9.73449e-05 3.94759e-05 -1.14993e-06 0.0101601 -0.0185302 -7.00921e-07 -9.73449e-05 -0.0185302 0.0912904 
0.00921158 -0.0170237 3.62317e-05 -1.1078e-05 -0.0170237 0.0844327 -1.61815e-05 -7.4767e-05 3.62317e-05 -1.61815e-05 0.00937772 -0.0171167 -1.1078e-05 -7.4767e-05 -0.0171167 0.0842841 
0.00923264 -0.0170537 3.86034e-05 -1.54267e-05 -0.0170537 0.0845596 -1.814e-05 -5.79637e-05 3.86034e-05 -1.814e-05 0.00937899 -0.0171318 -1.54267e-05 -5.79637e-05 -0.0171318 0.0843791 
0.0100297 -0.0185173 4.38997e-05 -2.05454e-05 -0.0185173 0.0917803 -2.24603e-05 -5.20235e-05 4.38997e-05 -2.24603e-05 0.0101667 -0.0185699 -2.05454e-05 -5.20235e-05 -0.0185699 0.0915044 
0.0100037 -0.0185004 4.00241e-05 -2.17336e-05 -0.0185004 0.0916659 -2.58682e-05 -4.49705e-05 4.00241e-05 -2.58682e-05 0.0101621 -0.0185299 -2.17336e-05 -4.49705e-05 -0.0185299 0.09132 
0.00998329 -0.0184403 3.08642e-05 -1.4161e-05 -0.0184403 0.091421 -1.87927e-05 -5.43707e-05 3.08642e-05 -1.87927e-05 0.0101382 -0.0184975 -1.4161e-05 -5.43707e-05 -0.0184975 0.0910923 
0.0100112 -0.0184972 1.74091e-05 -8.17954e-06 -0.0184972 0.0916761 -9.67456e-06 -6.58175e-05 1.74091e-05 -9.67456e-06 0.0101689 -0.0185568 -8.17954e-06 -6.58175e-05 -0.0185568 0.0913752 
0.0100122 -0.0185045 1.92972e-05 5.40713e-06 -0.0185045 0.091706 6.63528e-06 -9.25537e-05 1.92972e-05 6.63528e-06 0.010172 -0.0185606 5.40713e-06 -9.25537e-05 -0.0185606 0.0913998 
0.0100077 -0.0184834 8.27263e-06 5.21136e-06 -0.0184834 0.0916093 8.72641e-06 -0.000108879 8.27263e-06 8.72641e-06 0.0101585 -0.0185418 5.21136e-06 -0.000108879 -0.0185418 0.0913048 
0.0100281 -0.0185408 1.93296e-06 1.86759e-05 -0.0185408 0.0918832 2.07746e-05 -0.000131512 1.93296e-06 2.07746e-05 0.0101998 -0.0186023 1.86759e-05 -0.000131512 -0.0186023 0.0915997 
0.0100389 -0.0185261 1.74044e-05 3.20494e-05 -0.0185261 0.0918569 3.05988e-05 -0.000164421 1.74044e-05 3.05988e-05 0.0101918 -0.0186183 3.20494e-05 -0.000164421 -0.0186183 0.0916364 
0.00929468 -0.0171228 3.62858e-05 1.76401e-05 -0.0171228 0.0848409 1.07627e-05 -0.000147216 3.62858e-05 1.07627e-05 0.00939648 -0.0171867 1.76401e-05 -0.000147216 -0.0171867 0.0846365 
0.00931911 -0.0171901 4.84682e-05 -5.46065e-06 -0.0171901 0.0850739 -1.55026e-05 -0.000104657 4.84682e-05 -1.55026e-05 0.00941818 -0.0171947 -5.46065e-06 -0.000104657 -0.0171947 0.0847541 
0.00934893 -0.0172417 3.83419e-05 -2.51256e-05 -0.0172417 0.0853233 -3.46199e-05 -4.96433e-05 3.83419e-05 -3.46199e-05 0.00943106 -0.0172316 -2.51256e-05 -4.96433e-05 -0.0172316 0.0849081 
0.00936787 -0.0172848 4.27092e-05 -1.82635e-05 -0.0172848 0.0855256 -2.50385e-05 -3.65661e-05 4.27092e-05 -2.50385e-05 0.00945399 -0.0172578 -1.82635e-05 -3.65661e-05 -0.0172578 0.085057 
0.00937524 -0.0173048 3.4683e-05 -2.11458e-05 -0.0173048 0.0856331 -2.69681e-05 -3.67309e-05 3.4683e-05 -2.69681e-05 0.00946854 -0.0172766 -2.11458e-05 -3.67309e-05 -0.0172766 0.0851336 
0.00937742 -0.0173268 3.48293e-05 -1.12482e-05 -0.0173268 0.0857521 -1.28857e-05 -5.60896e-05 3.48293e-05 -1.28857e-05 0.00948731 -0.0173007 -1.12482e-05 -5.60896e-05 -0.0173007 0.0852378 
0.00940438 -0.0173451 1.82558e-05 -1.19609e-05 -0.0173451 0.0858901 -6.94126e-06 -7.49462e-05 1.82558e-05 -6.94126e-06 0.00949485 -0.01734 -1.19609e-05 -7.49462e-05 -0.01734 0.0854025 
0.00940507 -0.0173599 1.6302e-05 8.10202e-06 -0.0173599 0.0859059 1.82969e-05 -0.000119097 1.6302e-05 1.82969e-05 0.00950346 -0.0173222 8.10202e-06 -0.000119097 -0.0173222 0.0853701 
0.00938405 -0.0173415 1.52168e-05 1.53328e-05 -0.0173415 0.0858165 2.36758e-05 -0.000155554 1.52168e-05 2.36758e-05 0.00950957 -0.0173046 1.53328e-05 -0.000155554 -0.0173046 0.0852387 
0.00938525 -0.0173622 2.12655e-05 1.69474e-05 -0.0173622 0.0859662 2.36484e-05 -0.000169822 2.12655e-05 2.36484e-05 0.00954189 -0.0173613 1.69474e-05 -0.000169822 -0.0173613 0.08543 
0.00941431 -0.0173758 1.93757e-05 9.08024e-06 -0.0173758 0.086102 1.51129e-05 -0.000162227 1.93757e-05 1.51129e-05 0.00955023 -0.0174198 9.08024e-06 -0.000162227 -0.0174198 0.0856663 
0.00939921 -0.0173225 1.79508e-05 8.55867e-06 -0.0173225 0.0857826 1.37182e-05 -0.000149296 1.79508e-05 1.37182e-05 0.00950016 -0.0173425 8.55867e-06 -0.000149296 -0.0173425 0.0853587 
0.00939745 -0.0173208 3.04698e-05 6.29923e-06 -0.0173208 0.0857023 1.25524e-05 -0.000137774 3.04698e-05 1.25524e-05 0.00947422 -0.0173026 6.29923e-06 -0.000137774 -0.0173026 0.0852176 
0.00940147 -0.0173169 2.33343e-05 -5.54314e-06 -0.0173169 0.085649 1.67978e-06 -0.000120405 2.33343e-05 1.67978e-06 0.00944323 -0.0172642 -5.54314e-06 -0.000120405 -0.0172642 0.0850756 
0.00935267 -0.0172767 3.69143e-05 -2.62037e-06 -0.0172767 0.0854015 4.46681e-06 -0.000107876 3.69143e-05 4.46681e-06 0.0094379 -0.017179 -2.62037e-06 -0.000107876 -0.017179 0.084722 
0.00931586 -0.0172361 5.81376e-05 -1.35922e-05 -0.0172361 0.0852795 -1.02643e-05 -8.94073e-05 5.81376e-05 -1.02643e-05 0.00945706 -0.0171832 -1.35922e-05 -8.94073e-05 -0.0171832 0.0846105 
0.0092748 -0.0171875 6.95202e-05 -3.82556e-05 -0.0171875 0.0851312 -3.7926e-05 -3.89323e-05 6.95202e-05 -3.7926e-05 0.00948617 -0.0172108 -3.82556e-05 -3.89323e-05 -0.0172108 0.0846116 
0.00929938 -0.0171773 6.48742e-05 -5.37009e-05 -0.0171773 0.085189 -5.60093e-05 1.41152e-05 6.48742e-05 -5.60093e-05 0.00948531 -0.0172947 -5.37009e-05 1.41152e-05 -0.0172947 0.084891 
0.00933856 -0.0172731 5.99848e-05 -4.99729e-05 -0.0172731 0.0855881 -5.55302e-05 3.55713e-05 5.99848e-05 -5.55302e-05 0.00950674 -0.0173592 -4.99729e-05 3.55713e-05 -0.0173592 0.0853367 
0.00932899 -0.0172846 5.80867e-05 -4.3425e-05 -0.0172846 0.0856824 -4.93485e-05 3.13812e-05 5.80867e-05 -4.93485e-05 0.00952019 -0.0173514 -4.3425e-05 3.13812e-05 -0.0173514 0.0854007 
0.00933469 -0.0172818 3.32977e-05 -4.14867e-05 -0.0172818 0.0857664 -4.03574e-05 1.57689e-05 3.32977e-05 -4.03574e-05 0.00952351 -0.0173812 -4.14867e-05 1.57689e-05 -0.0173812 0.0855257 
0.00930495 -0.0171969 1.78593e-05 -1.63885e-05 -0.0171969 0.0853667 -9.01877e-06 -3.02292e-05 1.78593e-05 -9.01877e-06 0.00948374 -0.017295 -1.63885e-05 -3.02292e-05 -0.017295 0.0851574 
0.00926886 -0.0171213 1.92391e-05 3.00672e-06 -0.0171213 0.0849511 1.20639e-05 -8.54797e-05 1.92391e-05 1.20639e-05 0.00944035 -0.0172128 3.00672e-06 -8.54797e-05 -0.0172128 0.0847479 
0.00927141 -0.0170859 1.78791e-05 7.36193e-06 -0.0170859 0.0847428 1.08672e-05 -0.000113082 1.78791e-05 1.08672e-05 0.00940203 -0.0171746 7.36193e-06 -0.000113082 -0.0171746 0.0845448 
0.00926856 -0.0171011 1.43547e-05 1.05853e-05 -0.0171011 0.0846988 5.55194e-06 -0.000115568 1.43547e-05 5.55194e-06 0.00938331 -0.0171331 1.05853e-05 -0.000115568 -0.0171331 0.0844092 
0.0100465 -0.0185406 2.38345e-05 1.59903e-05 -0.0185406 0.0918029 6.42981e-06 -0.000125778 2.38345e-05 6.42981e-06 0.0101653 -0.0185408 1.59903e-05 -0.000125778 -0.0185408 0.0913664 
0.0100621 -0.0185592 1.82151e-05 7.46234e-06 -0.0185592 0.0918826 -2.28487e-06 -0.000115775 1.82151e-05 -2.28487e-06 0.0101581 -0.0185533 7.46234e-06 -0.000115775 -0.0185533 0.0913896 
0.00930822 -0.0171668 2.83329e-05 1.29598e-05 -0.0171668 0.0849595 5.3729e-06 -0.000113722 2.83329e-05 5.3729e-06 0.00936195 -0.0171413 1.29598e-05 -0.000113722 -0.0171413 0.0844649 
0.00928394 -0.0171493 4.86462e-05 -4.61253e-06 -0.0171493 0.0848618 -1.09858e-05 -8.91015e-05 4.86462e-05 -1.09858e-05 0.009367 -0.0170892 -4.61253e-06 -8.91015e-05 -0.0170892 0.0843088 
0.00931026 -0.0171792 4.90757e-05 -3.04307e-05 -0.0171792 0.0850626 -3.51892e-05 -3.71371e-05 4.90757e-05 -3.51892e-05 0.00939759 -0.0171518 -3.04307e-05 -3.71371e-05 -0.0171518 0.0845293 
0.00932772 -0.0172064 4.46502e-05 -3.1908e-05 -0.0172064 0.0851728 -3.21586e-05 -1.52157e-05 4.46502e-05 -3.21586e-05 0.00941775 -0.0171845 -3.1908e-05 -1.52157e-05 -0.0171845 0.084673 
0.00933024 -0.017226 4.89456e-05 -2.86878e-05 -0.017226 0.0852412 -2.24855e-05 -2.32332e-05 4.89456e-05 -2.24855e-05 0.00943542 -0.0172018 -2.86878e-05 -2.32332e-05 -0.0172018 0.0847414 
0.00933896 -0.0172285 5.3403e-05 -3.04137e-05 -0.0172285 0.0852731 -1.95536e-05 -3.65708e-05 5.3403e-05 -1.95536e-05 0.00943855 -0.0172204 -3.04137e-05 -3.65708e-05 -0.0172204 0.0847919 
0.00936116 -0.0172525 4.8452e-05 -3.42104e-05 -0.0172525 0.0853805 -2.46242e-05 -3.58903e-05 4.8452e-05 -2.46242e-05 0.00942528 -0.0172461 -3.42104e-05 -3.58903e-05 -0.0172461 0.084919 
0.00935595 -0.0172349 3.77219e-05 -3.30433e-05 -0.0172349 0.0852528 -2.62623e-05 -2.65302e-05 3.77219e-05 -2.62623e-05 0.00937757 -0.0171843 -3.30433e-05 -2.65302e-05 -0.0171843 0.0847285 
0.00932898 -0.0171901 1.97675e-05 -1.86362e-05 -0.0171901 0.0849917 -1.48123e-05 -4.26952e-05 1.97675e-05 -1.48123e-05 0.00933584 -0.0170812 -1.86362e-05 -4.26952e-05 -0.0170812 0.0843366 
0.00931316 -0.017168 -2.94386e-07 3.21494e-06 -0.017168 0.0848688 5.82051e-06 -8.35987e-05 -2.94386e-07 5.82051e-06 0.00932013 -0.0170334 3.21494e-06 -8.35987e-05 -0.0170334 0.0841062 
0.0100899 -0.0186351 -1.42709e-06 3.50907e-05 -0.0186351 0.0921252 3.99151e-05 -0.00016696 -1.42709e-06 3.99151e-05 0.0101299 -0.018485 3.50907e-05 -0.00016696 -0.018485 0.0912414 
0.0100173 -0.0185243 2.84261e-06 3.36236e-05 -0.0185243 0.0916494 3.91103e-05 -0.000194221 2.84261e-06 3.91103e-05 0.0100985 -0.0184086 3.36236e-05 -0.000194221 -0.0184086 0.090796 
0.00996802 -0.0184284 3.66782e-06 2.37786e-05 -0.0184284 0.0912676 3.29878e-05 -0.000182703 3.66782e-06 3.29878e-05 0.0100894 -0.0183782 2.37786e-05 -0.000182703 -0.0183782 0.0905559 
0.00995269 -0.018399 4.58856e-06 1.78104e-05 -0.018399 0.091164 2.46727e-05 -0.000155724 4.58856e-06 2.46727e-05 0.0101005 -0.0184113 1.78104e-05 -0.000155724 -0.0184113 0.0906281 
0.00999659 -0.0184671 2.12665e-05 1.83069e-05 -0.0184671 0.0915316 1.55034e-05 -0.000133419 2.12665e-05 1.55034e-05 0.0101533 -0.0185284 1.83069e-05 -0.000133419 -0.0185284 0.091167 
0.0099841 -0.0184476 3.5363e-05 1.41705e-06 -0.0184476 0.0914269 -7.25214e-06 -9.4335e-05 3.5363e-05 -7.25214e-06 0.0101583 -0.0185233 1.41705e-06 -9.4335e-05 -0.0185233 0.0911601 
0.0100275 -0.0185133 4.90176e-05 -1.61337e-05 -0.0185133 0.0917511 -2.48744e-05 -4.71761e-05 4.90176e-05 -2.48744e-05 0.01019 -0.0186051 -1.61337e-05 -4.71761e-05 -0.0186051 0.0915366 
0.00927121 -0.0171266 3.9067e-05 -3.16173e-05 -0.0171266 0.0848354 -3.63165e-05 -3.46907e-06 3.9067e-05 -3.63165e-05 0.00940472 -0.0171852 -3.16173e-05 -3.46907e-06 -0.0171852 0.0845992 
0.00931216 -0.0172045 1.83022e-05 -2.43914e-05 -0.0172045 0.0852096 -2.65997e-05 -3.00007e-06 1.83022e-05 -2.65997e-05 0.00943338 -0.0172259 -2.43914e-05 -3.00007e-06 -0.0172259 0.08487 
0.00936719 -0.0172295 -4.79136e-06 4.82572e-07 -0.0172295 0.0853521 -3.92908e-07 -4.71031e-05 -4.79136e-06 -3.92908e-07 0.00941046 -0.0172465 4.82572e-07 -4.71031e-05 -0.0172465 0.0849714 
0.00942299 -0.0172992 -1.69008e-06 3.22643e-05 -0.0172992 0.0855365 3.44852e-05 -0.000127376 -1.69008e-06 3.44852e-05 0.00937341 -0.0172222 3.22643e-05 -0.000127376 -0.0172222 0.0849996 
0.00941958 -0.0173116 7.12968e-06 2.85852e-05 -0.0173116 0.0854439 3.25628e-05 -0.000159163 7.12968e-06 3.25628e-05 0.00933501 -0.0171063 2.85852e-05 -0.000159163 -0.0171063 0.0846116 
0.00936613 -0.0172821 1.44679e-05 1.52085e-05 -0.0172821 0.0852535 1.93414e-05 -0.000140781 1.44679e-05 1.93414e-05 0.00934112 -0.0170197 1.52085e-05 -0.000140781 -0.0170197 0.0841836 
0.00934919 -0.0172822 2.24555e-05 1.89188e-06 -0.0172822 0.0853727 8.4076e-06 -0.000107397 2.24555e-05 8.4076e-06 0.00939398 -0.0170896 1.89188e-06 -0.000107397 -0.0170896 0.0843141 
0.00928479 -0.0171866 2.12998e-05 -7.94804e-06 -0.0171866 0.0850124 -6.16574e-06 -7.14705e-05 2.12998e-05 -6.16574e-06 0.0093975 -0.0170816 -7.94804e-06 -7.14705e-05 -0.0170816 0.0841214 
0.009295 -0.017159 3.87977e-05 -8.90159e-07 -0.017159 0.0849836 -3.90089e-06 -6.74291e-05 3.87977e-05 -3.90089e-06 0.0093846 -0.0171463 -8.90159e-07 -6.74291e-05 -0.0171463 0.0843202 
0.00928766 -0.0171367 4.51029e-05 -1.95528e-05 -0.0171367 0.0848253 -2.16354e-05 -4.63586e-05 4.51029e-05 -2.16354e-05 0.00935144 -0.0171032 -1.95528e-05 -4.63586e-05 -0.0171032 0.0842375 
0.00927272 -0.0171555 6.00495e-05 -3.21013e-05 -0.0171555 0.0848862 -3.26403e-05 -1.16237e-05 6.00495e-05 -3.26403e-05 0.00936009 -0.017087 -3.21013e-05 -1.16237e-05 -0.017087 0.0842495 
0.00923154 -0.0171147 6.19646e-05 -4.87047e-05 -0.0171147 0.0847777 -4.99965e-05 2.69736e-05 6.19646e-05 -4.99965e-05 0.0093763 -0.017073 -4.87047e-05 2.69736e-05 -0.017073 0.0841567 
0.00998515 -0.0185121 4.646e-05 -4.9032e-05 -0.0185121 0.0918388 -5.41054e-05 3.75123e-05 4.646e-05 -5.41054e-05 0.0101983 -0.0185488 -4.9032e-05 3.75123e-05 -0.0185488 0.0913196 
0.00997502 -0.0184836 2.91102e-05 -2.09317e-05 -0.0184836 0.0917784 -2.72784e-05 -9.73299e-06 2.91102e-05 -2.72784e-05 0.0102317 -0.0186067 -2.09317e-05 -9.73299e-06 -0.0186067 0.0914924 
0.00920698 -0.0170036 3.26834e-05 4.01308e-06 -0.0170036 0.084457 -3.06002e-06 -7.11116e-05 3.26834e-05 -3.06002e-06 0.00940884 -0.017175 4.01308e-06 -7.11116e-05 -0.017175 0.0843865 
0.00923536 -0.0170209 4.28206e-05 -5.7002e-06 -0.0170209 0.0844434 -1.14796e-05 -8.18811e-05 4.28206e-05 -1.14796e-05 0.00938306 -0.0171631 -5.7002e-06 -8.18811e-05 -0.0171631 0.0844235 
0.00926608 -0.0170883 5.14725e-05 -2.02693e-05 -0.0170883 0.0846508 -2.58666e-05 -5.45212e-05 5.14725e-05 -2.58666e-05 0.00937903 -0.0171552 -2.02693e-05 -5.45212e-05 -0.0171552 0.0845082 
0.00927547 -0.0171195 3.9694e-05 -3.5381e-05 -0.0171195 0.0847606 -3.68838e-05 -1.72152e-05 3.9694e-05 -3.68838e-05 0.00937505 -0.0171308 -3.5381e-05 -1.72152e-05 -0.0171308 0.0844541 
0.0092792 -0.017124 2.74599e-05 -2.67141e-05 -0.017124 0.0847887 -2.34105e-05 -1.53256e-05 2.74599e-05 -2.34105e-05 0.00936029 -0.0171169 -2.67141e-05 -1.53256e-05 -0.0171169 0.0843843 
0.00932158 -0.0171554 4.09723e-05 -1.08968e-05 -0.0171554 0.0849458 -7.79746e-06 -4.31441e-05 4.09723e-05 -7.79746e-06 0.00934535 -0.0171358 -1.08968e-05 -4.31441e-05 -0.0171358 0.0845049 
0.0093119 -0.0171893 5.47689e-05 -2.1043e-05 -0.0171893 0.085005 -2.21371e-05 -4.37864e-05 5.47689e-05 -2.21371e-05 0.00935287 -0.0170944 -2.1043e-05 -4.37864e-05 -0.0170944 0.0844287 
0.00931963 -0.0171945 4.80044e-05 -3.79356e-05 -0.0171945 0.0850846 -4.14575e-05 -8.97807e-06 4.80044e-05 -4.14575e-05 0.00935468 -0.0171032 -3.79356e-05 -8.97807e-06 -0.0171032 0.0844219 
0.00929216 -0.0171746 3.39706e-05 -2.98267e-05 -0.0171746 0.0849854 -3.48839e-05 -3.10876e-06 3.39706e-05 -3.48839e-05 0.00936003 -0.0170783 -2.98267e-05 -3.10876e-06 -0.0170783 0.0842968 
0.0100769 -0.0185772 3.36617e-05 -9.69203e-06 -0.0185772 0.092 -1.59967e-05 -4.56531e-05 3.36617e-05 -1.59967e-05 0.0101348 -0.0185156 -9.69203e-06 -4.56531e-05 -0.0185156 0.0913082 
0.0100312 -0.0185081 3.2772e-05 -2.82184e-06 -0.0185081 0.0915905 -1.13835e-05 -7.65701e-05 3.2772e-05 -1.13835e-05 0.0101143 -0.0184386 -2.82184e-06 -7.65701e-05 -0.0184386 0.090934 
0.0100052 -0.018484 3.45534e-05 -4.62317e-06 -0.018484 0.0914684 -1.09407e-05 -8.33441e-05 3.45534e-05 -1.09407e-05 0.0101335 -0.0184418 -4.62317e-06 -8.33441e-05 -0.0184418 0.0908566 
0.0100327 -0.018554 3.31426e-05 -8.68635e-06 -0.018554 0.0918646 -6.58717e-06 -8.78105e-05 3.31426e-05 -6.58717e-06 0.0101936 -0.0185739 -8.68635e-06 -8.78105e-05 -0.0185739 0.0913764 
0.00924914 -0.0171167 2.95545e-05 -1.74985e-05 -0.0171167 0.0848174 -8.22476e-06 -6.4375e-05 2.95545e-05 -8.22476e-06 0.00942634 -0.0171857 -1.74985e-05 -6.4375e-05 -0.0171857 0.0845173 
0.00925483 -0.0171059 1.29749e-05 -1.75582e-05 -0.0171059 0.0848356 -3.06985e-06 -6.07328e-05 1.29749e-05 -3.06985e-06 0.00943072 -0.0172195 -1.75582e-05 -6.07328e-05 -0.0172195 0.0846793 
