0.00697755 0 2.64016e-06 0 0 0.0099416 0 0 2.64016e-06 0 0.00704632 0 0 0 0 0.0099416 
0.00956146 -0.0118704 7.80169e-06 -9.36132e-06 -0.0118704 0.0315509 -9.36132e-06 1.83195e-05 7.80169e-06 -9.36132e-06 0.00958663 -0.011897 -9.36132e-06 1.83195e-05 -0.011897 0.0316016 
0.00987607 -0.0184766 -4.03392e-06 -2.10161e-05 -0.0184766 0.0681089 -2.10161e-05 6.85254e-05 -4.03392e-06 -2.10161e-05 0.00987775 -0.018309 -2.10161e-05 6.85254e-05 -0.018309 0.0675232 
0.00930769 -0.0181911 -2.20918e-05 -6.7567e-06 -0.0181911 0.0817708 -1.04601e-05 9.34547e-05 -2.20918e-05 -1.04601e-05 0.00936925 -0.0178624 -6.7567e-06 9.34547e-05 -0.0178624 0.079937 
0.00897961 -0.0170735 -2.09701e-05 1.83889e-05 -0.0170735 0.0828953 7.65507e-06 6.86853e-05 -2.09701e-05 7.65507e-06 0.00915754 -0.0168556 1.83889e-05 6.86853e-05 -0.0168556 0.0807876 
0.0091638 -0.0170781 -1.79451e-05 2.08288e-05 -0.0170781 0.0846379 1.36374e-05 2.7913e-05 -1.79451e-05 1.36374e-05 0.00942128 -0.0171078 2.08288e-05 2.7913e-05 -0.0171078 0.0832246 
0.00930729 -0.0172036 -1.42401e-06 1.21321e-05 -0.0172036 0.0855004 1.26364e-05 1.4583e-05 -1.42401e-06 1.26364e-05 0.00956947 -0.0173867 1.21321e-05 1.4583e-05 -0.0173867 0.0848807 
0.00948883 -0.0174786 2.13219e-05 -6.14335e-06 -0.0174786 0.0867965 -3.80789e-06 3.14388e-05 2.13219e-05 -3.80789e-06 0.00971205 -0.0176823 -6.14335e-06 3.14388e-05 -0.0176823 0.0865954 
0.00931013 -0.0171533 1.79386e-05 -3.59979e-05 -0.0171533 0.0850322 -3.56922e-05 9.12328e-05 1.79386e-05 -3.56922e-05 0.00949778 -0.0172805 -3.59979e-05 9.12328e-05 -0.0172805 0.084857 
0.00963163 -0.0177492 9.29844e-06 -3.6374e-05 -0.0177492 0.0879068 -3.742e-05 0.00012475 9.29844e-06 -3.742e-05 0.00978774 -0.0178202 -3.6374e-05 0.00012475 -0.0178202 0.0875894 
0.00958294 -0.0176083 -7.11145e-06 -2.24239e-05 -0.0176083 0.0871732 -2.15767e-05 0.000104794 -7.11145e-06 -2.15767e-05 0.00967513 -0.0176362 -2.24239e-05 0.000104794 -0.0176362 0.0867355 
0.00958043 -0.0176321 -1.62468e-05 -1.93196e-06 -0.0176321 0.0871494 6.96958e-07 5.84825e-05 -1.62468e-05 6.96958e-07 0.00965636 -0.0175863 -1.93196e-06 5.84825e-05 -0.0175863 0.0865511 
0.00955359 -0.0176053 -8.98283e-06 7.63302e-07 -0.0176053 0.0870064 4.38099e-06 4.35294e-05 -8.98283e-06 4.38099e-06 0.00963704 -0.0175393 7.63302e-07 4.35294e-05 -0.0175393 0.0863066 
0.00953762 -0.0175798 6.44943e-06 -3.01507e-06 -0.0175798 0.0869129 1.20586e-06 3.9444e-05 6.44943e-06 1.20586e-06 0.00962603 -0.0175247 -3.01507e-06 3.9444e-05 -0.0175247 0.0862014 
0.00951685 -0.0175247 9.21074e-06 -1.61456e-05 -0.0175247 0.0866443 -1.48362e-05 5.6304e-05 9.21074e-06 -1.48362e-05 0.00957913 -0.017469 -1.61456e-05 5.6304e-05 -0.017469 0.0859281 
0.00950232 -0.0174923 1.89408e-05 -1.9706e-05 -0.0174923 0.0864466 -2.1674e-05 7.64846e-05 1.89408e-05 -2.1674e-05 0.00955273 -0.0174098 -1.9706e-05 7.64846e-05 -0.0174098 0.0856954 
0.00950612 -0.0175324 1.15007e-05 -2.76411e-05 -0.0175324 0.0866036 -3.36456e-05 9.5211e-05 1.15007e-05 -3.36456e-05 0.00957508 -0.0174287 -2.76411e-05 9.5211e-05 -0.0174287 0.0857919 
0.00948825 -0.0174836 -1.37341e-05 -1.7499e-05 -0.0174836 0.0864167 -2.43929e-05 8.72705e-05 -1.37341e-05 -2.43929e-05 0.00954729 -0.017406 -1.7499e-05 8.72705e-05 -0.017406 0.0856259 
0.00946256 -0.0174567 -2.75163e-05 1.34149e-05 -0.0174567 0.0862638 8.11848e-06 3.01182e-05 -2.75163e-05 8.11848e-06 0.00952514 -0.0173653 1.34149e-05 3.01182e-05 -0.0173653 0.0854698 
0.00944483 -0.0174408 -6.29836e-06 2.98057e-05 -0.0174408 0.0862275 2.34859e-05 -2.12118e-05 -6.29836e-06 2.34859e-05 0.00952405 -0.0173587 2.98057e-05 -2.12118e-05 -0.0173587 0.0854476 
0.00940743 -0.0173838 7.1075e-06 6.02591e-06 -0.0173838 0.0860118 2.17544e-07 -7.05274e-06 7.1075e-06 2.17544e-07 0.00951396 -0.0173314 6.02591e-06 -7.05274e-06 -0.0173314 0.0853016 
0.00941743 -0.0173579 -9.83517e-07 -1.29398e-05 -0.0173579 0.0859498 -1.79324e-05 3.87234e-05 -9.83517e-07 -1.79324e-05 0.00950318 -0.017347 -1.29398e-05 3.87234e-05 -0.017347 0.0853455 
0.00942333 -0.0173285 -1.0925e-05 -5.82616e-06 -0.0173285 0.0857413 -7.48318e-06 4.6476e-05 -1.0925e-05 -7.48318e-06 0.00945658 -0.0172969 -5.82616e-06 4.6476e-05 -0.0172969 0.085162 
0.00939726 -0.0173182 -1.70704e-05 6.06285e-06 -0.0173182 0.0855652 6.53163e-06 2.20877e-05 -1.70704e-05 6.53163e-06 0.00944787 -0.017214 6.06285e-06 2.20877e-05 -0.017214 0.0848653 
0.00938274 -0.0173432 -1.71267e-05 1.79757e-05 -0.0173432 0.0856972 1.84792e-05 -1.19051e-05 -1.71267e-05 1.84792e-05 0.00947732 -0.0172402 1.79757e-05 -1.19051e-05 -0.0172402 0.0849086 
0.00937693 -0.0173417 -2.25386e-05 1.82181e-05 -0.0173417 0.0858132 1.90799e-05 -2.82582e-05 -2.25386e-05 1.90799e-05 0.00949433 -0.0173034 1.82181e-05 -2.82582e-05 -0.0173034 0.0851115 
0.00934939 -0.0172923 -2.41982e-05 2.37683e-05 -0.0172923 0.085653 2.6446e-05 -4.26887e-05 -2.41982e-05 2.6446e-05 0.00947943 -0.0172939 2.37683e-05 -4.26887e-05 -0.0172939 0.0850795 
0.00932756 -0.0172134 1.15188e-05 2.20217e-05 -0.0172134 0.0853166 2.5103e-05 -4.33802e-05 1.15188e-05 2.5103e-05 0.00944044 -0.0172369 2.20217e-05 -4.33802e-05 -0.0172369 0.0848406 
0.00929736 -0.0171262 3.07355e-05 -1.79948e-05 -0.0171262 0.0848343 -1.7339e-05 1.80334e-05 3.07355e-05 -1.7339e-05 0.00938356 -0.0171325 -1.79948e-05 1.80334e-05 -0.0171325 0.0843763 
0.00928701 -0.0171477 2.82431e-05 -4.28961e-05 -0.0171477 0.0848463 -4.4939e-05 9.52736e-05 2.82431e-05 -4.4939e-05 0.00938826 -0.0171175 -4.28961e-05 9.52736e-05 -0.0171175 0.0843252 
0.00927758 -0.0171144 4.43419e-06 -3.58773e-05 -0.0171144 0.0847238 -3.81096e-05 0.000109495 4.43419e-06 -3.81096e-05 0.00936869 -0.0170987 -3.58773e-05 0.000109495 -0.0170987 0.0841889 
0.00931331 -0.0171353 -6.01076e-06 -1.00914e-05 -0.0171353 0.0848104 -1.16004e-05 7.16647e-05 -6.01076e-06 -1.16004e-05 0.00936243 -0.0171172 -1.00914e-05 7.16647e-05 -0.0171172 0.0842898 
0.00934081 -0.0172059 -1.55765e-05 4.73643e-06 -0.0172059 0.0850446 2.04342e-06 2.78204e-05 -1.55765e-05 2.04342e-06 0.00938283 -0.0171332 4.73643e-06 2.78204e-05 -0.0171332 0.08444 
0.00935121 -0.0172313 -1.88588e-05 1.10004e-05 -0.0172313 0.0851545 9.68961e-06 8.03049e-06 -1.88588e-05 9.68961e-06 0.00938305 -0.0171426 1.10004e-05 8.03049e-06 -0.0171426 0.084471 
0.00936074 -0.0172593 3.21916e-06 1.04373e-05 -0.0172593 0.0852852 1.33047e-05 2.145e-06 3.21916e-06 1.33047e-05 0.00937906 -0.0171507 1.04373e-05 2.145e-06 -0.0171507 0.0845353 
0.00934365 -0.0172679 1.63865e-06 -1.59418e-05 -0.0172679 0.0853427 -9.13219e-06 3.64314e-05 1.63865e-06 -9.13219e-06 0.00939442 -0.0171389 -1.59418e-05 3.64314e-05 -0.0171389 0.0845284 
0.00929723 -0.0171782 -1.86409e-06 -1.63711e-05 -0.0171782 0.0849993 -9.60627e-06 6.06314e-05 -1.86409e-06 -9.60627e-06 0.00937748 -0.0170898 -1.63711e-05 6.06314e-05 -0.0170898 0.0842223 
0.00966632 -0.0178574 1.25527e-05 -8.13291e-06 -0.0178574 0.0884029 -6.02012e-06 5.60116e-05 1.25527e-05 -6.02012e-06 0.00976123 -0.0178101 -8.13291e-06 5.60116e-05 -0.0178101 0.0877006 
0.00964332 -0.017783 1.98892e-05 -1.55438e-05 -0.017783 0.0880593 -1.88156e-05 5.67745e-05 1.98892e-05 -1.88156e-05 0.00971593 -0.0177586 -1.55438e-05 5.67745e-05 -0.0177586 0.0874544 
0.00961349 -0.0177762 1.01915e-05 -2.21755e-05 -0.0177762 0.0879781 -2.77221e-05 6.92643e-05 1.01915e-05 -2.77221e-05 0.00972938 -0.0177345 -2.21755e-05 6.92643e-05 -0.0177345 0.0873965 
0.00960064 -0.0177835 1.45178e-06 -8.88749e-06 -0.0177835 0.0881136 -1.63946e-05 5.3589e-05 1.45178e-06 -1.63946e-05 0.00977343 -0.0178025 -8.88749e-06 5.3589e-05 -0.0178025 0.0876384 
0.00959877 -0.0177474 -1.98225e-05 2.18685e-06 -0.0177474 0.0880727 -6.90633e-06 2.63851e-05 -1.98225e-05 -6.90633e-06 0.00977955 -0.017859 2.18685e-06 2.63851e-05 -0.017859 0.0878303 
0.00959926 -0.0176964 -4.10544e-05 2.46234e-05 -0.0176964 0.0878222 1.67164e-05 -1.59897e-05 -4.10544e-05 1.67164e-05 0.00973473 -0.0178286 2.46234e-05 -1.59897e-05 -0.0178286 0.0877344 
0.00964229 -0.017765 -1.94964e-05 4.42525e-05 -0.017765 0.0880492 4.38009e-05 -6.82648e-05 -1.94964e-05 4.38009e-05 0.00973063 -0.0178339 4.42525e-05 -6.82648e-05 -0.0178339 0.0879057 
0.00923705 -0.0170767 -1.66028e-05 1.44992e-05 -0.0170767 0.0845559 2.23827e-05 -5.07313e-05 -1.66028e-05 2.23827e-05 0.00934677 -0.0170699 1.44992e-05 -5.07313e-05 -0.0170699 0.0842449 
0.00924813 -0.0171264 -1.48625e-05 5.16508e-06 -0.0171264 0.0848908 1.93819e-05 -2.12433e-05 -1.48625e-05 1.93819e-05 0.0093931 -0.0171411 5.16508e-06 -2.12433e-05 -0.0171411 0.0845223 
0.00923315 -0.0170954 -1.71557e-05 4.06966e-06 -0.0170954 0.0848425 1.75659e-05 -9.33846e-06 -1.71557e-05 1.75659e-05 0.009406 -0.0171547 4.06966e-06 -9.33846e-06 -0.0171547 0.084537 
0.00922768 -0.0170491 8.54704e-06 9.143e-06 -0.0170491 0.0846709 1.53529e-05 -5.96875e-06 8.54704e-06 1.53529e-05 0.00939131 -0.0171545 9.143e-06 -5.96875e-06 -0.0171545 0.084486 
0.00960738 -0.0177257 3.06162e-05 -1.68623e-05 -0.0177257 0.0879839 -2.148e-05 4.11085e-05 3.06162e-05 -2.148e-05 0.00976171 -0.0178287 -1.68623e-05 4.11085e-05 -0.0178287 0.087841 
0.00922392 -0.017027 5.09341e-05 -4.17806e-05 -0.017027 0.084443 -4.82469e-05 0.000106258 5.09341e-05 -4.82469e-05 0.00937038 -0.0171062 -4.17806e-05 0.000106258 -0.0171062 0.0842861 
0.00924955 -0.0170523 7.17862e-05 -6.75382e-05 -0.0170523 0.0845565 -7.23315e-05 0.000169527 7.17862e-05 -7.23315e-05 0.00937276 -0.0171332 -6.75382e-05 0.000169527 -0.0171332 0.0843931 
0.00965456 -0.0177557 6.57857e-05 -9.59146e-05 -0.0177557 0.0879702 -0.000100537 0.000240342 6.57857e-05 -0.000100537 0.00972811 -0.0178015 -9.59146e-05 0.000240342 -0.0178015 0.087732 
0.00968866 -0.017793 2.68251e-05 -8.4549e-05 -0.017793 0.0880085 -8.95575e-05 0.000250761 2.68251e-05 -8.95575e-05 0.00969289 -0.0177609 -8.4549e-05 0.000250761 -0.0177609 0.0876004 
0.00969939 -0.0178472 1.25653e-07 -3.66664e-05 -0.0178472 0.0881298 -3.92434e-05 0.000170225 1.25653e-07 -3.92434e-05 0.00968416 -0.0177158 -3.66664e-05 0.000170225 -0.0177158 0.0874683 
0.0096917 -0.0178903 -1.14483e-05 -1.38983e-06 -0.0178903 0.0883325 -1.11688e-06 6.61898e-05 -1.14483e-05 -1.11688e-06 0.00971314 -0.0177245 -1.38983e-06 6.61898e-05 -0.0177245 0.0874916 
0.00969217 -0.0178942 -8.29287e-06 1.22322e-05 -0.0178942 0.0884577 1.46304e-05 1.72992e-06 -8.29287e-06 1.46304e-05 0.0097425 -0.0177688 1.22322e-05 1.72992e-06 -0.0177688 0.0876093 
0.00929607 -0.0171749 -2.98771e-06 1.05549e-05 -0.0171749 0.0849646 1.27064e-05 -2.03225e-05 -2.98771e-06 1.27064e-05 0.00937609 -0.0171039 1.05549e-05 -2.03225e-05 -0.0171039 0.0842572 
0.00930626 -0.0171623 -7.82865e-06 3.36565e-06 -0.0171623 0.0849653 7.58327e-06 -1.76834e-05 -7.82865e-06 7.58327e-06 0.00937378 -0.017135 3.36565e-06 -1.76834e-05 -0.017135 0.0843764 
0.00931341 -0.0171976 -1.5046e-05 8.87464e-06 -0.0171976 0.0850981 1.26351e-05 -2.22631e-05 -1.5046e-05 1.26351e-05 0.00939339 -0.0171533 8.87464e-06 -2.22631e-05 -0.0171533 0.0845305 
0.00933609 -0.0172437 -1.10915e-05 1.43214e-05 -0.0172437 0.0853604 1.60793e-05 -2.82111e-05 -1.10915e-05 1.60793e-05 0.00942379 -0.0172085 1.43214e-05 -2.82111e-05 -0.0172085 0.0847937 
0.00935224 -0.0172617 6.54856e-06 9.12119e-06 -0.0172617 0.0854818 7.44019e-06 -1.80916e-05 6.54856e-06 7.44019e-06 0.00943991 -0.0172393 9.12119e-06 -1.80916e-05 -0.0172393 0.0849434 
0.00934793 -0.0172416 2.51008e-05 -9.25301e-06 -0.0172416 0.085371 -1.20501e-05 1.52484e-05 2.51008e-05 -1.20501e-05 0.00943516 -0.0172152 -9.25301e-06 1.52484e-05 -0.0172152 0.0848368 
0.00932829 -0.01722 2.7171e-05 -3.3692e-05 -0.01722 0.0852391 -3.51394e-05 6.94177e-05 2.7171e-05 -3.51394e-05 0.00944651 -0.0171961 -3.3692e-05 6.94177e-05 -0.0171961 0.0847106 
0.00935401 -0.0172584 1.52654e-05 -3.35685e-05 -0.0172584 0.0854511 -3.39369e-05 8.56775e-05 1.52654e-05 -3.39369e-05 0.00947126 -0.0172738 -3.35685e-05 8.56775e-05 -0.0172738 0.0849844 
0.00934389 -0.0172359 1.00129e-06 -1.6929e-05 -0.0172359 0.0853244 -1.63343e-05 5.83419e-05 1.00129e-06 -1.63343e-05 0.00945788 -0.0172485 -1.6929e-05 5.83419e-05 -0.0172485 0.0848858 
0.00933573 -0.0172575 7.02069e-06 6.2629e-06 -0.0172575 0.0854064 5.28738e-06 2.74984e-06 7.02069e-06 5.28738e-06 0.00948254 -0.0172575 6.2629e-06 2.74984e-06 -0.0172575 0.0849393 
0.00931975 -0.017255 3.5244e-06 6.48655e-06 -0.017255 0.0854649 3.45058e-07 -2.56013e-05 3.5244e-06 3.45058e-07 0.00950231 -0.0172925 6.48655e-06 -2.56013e-05 -0.0172925 0.085035 
0.00932942 -0.017227 -9.36383e-06 1.33583e-05 -0.017227 0.0854344 3.17808e-06 -4.13882e-05 -9.36383e-06 3.17808e-06 0.00950339 -0.0173251 1.33583e-05 -4.13882e-05 -0.0173251 0.085142 
0.00933539 -0.0172202 -7.86846e-06 2.88119e-05 -0.0172202 0.0853434 1.71823e-05 -6.97071e-05 -7.86846e-06 1.71823e-05 0.00949119 -0.017306 2.88119e-05 -6.97071e-05 -0.017306 0.0850952 
0.00936736 -0.0172601 -8.11765e-06 3.21435e-05 -0.0172601 0.0854782 1.78883e-05 -9.23569e-05 -8.11765e-06 1.78883e-05 0.00949705 -0.0173207 3.21435e-05 -9.23569e-05 -0.0173207 0.0851934 
0.0093699 -0.0172768 -2.12128e-05 3.22459e-05 -0.0172768 0.085481 1.71045e-05 -9.91616e-05 -2.12128e-05 1.71045e-05 0.00948718 -0.017296 3.22459e-05 -9.91616e-05 -0.017296 0.0851002 
0.00936439 -0.0172921 -2.55668e-05 4.50472e-05 -0.0172921 0.0855421 3.11969e-05 -0.000119381 -2.55668e-05 3.11969e-05 0.00949196 -0.0172948 4.50472e-05 -0.000119381 -0.0172948 0.0850905 
0.00935681 -0.017319 -1.7485e-05 5.0592e-05 -0.017319 0.0857267 3.96007e-05 -0.000143268 -1.7485e-05 3.96007e-05 0.0095127 -0.0173375 5.0592e-05 -0.000143268 -0.0173375 0.0852744 
0.00933496 -0.0172704 -1.1116e-06 3.69454e-05 -0.0172704 0.0856046 3.00874e-05 -0.000132713 -1.1116e-06 3.00874e-05 0.0094953 -0.0173251 3.69454e-05 -0.000132713 -0.0173251 0.0852178 
0.00934113 -0.0172784 6.00661e-06 1.02686e-05 -0.0172784 0.0856894 1.02674e-05 -8.552e-05 6.00661e-06 1.02674e-05 0.00950958 -0.0173461 1.02686e-05 -8.552e-05 -0.0173461 0.0853666 
0.00935577 -0.0172895 2.55372e-05 -9.30801e-06 -0.0172895 0.0857732 -2.89366e-06 -2.8083e-05 2.55372e-05 -2.89366e-06 0.00952639 -0.0173709 -9.30801e-06 -2.8083e-05 -0.0173709 0.0854978 
0.00934892 -0.0172523 4.4081e-05 -3.29213e-05 -0.0172523 0.085569 -2.59757e-05 2.95678e-05 4.4081e-05 -2.59757e-05 0.00949842 -0.0173321 -3.29213e-05 2.95678e-05 -0.0173321 0.0853069 
0.00936131 -0.017256 6.2427e-05 -5.25164e-05 -0.017256 0.085528 -4.86201e-05 8.53231e-05 6.2427e-05 -4.86201e-05 0.00948752 -0.0173135 -5.25164e-05 8.53231e-05 -0.0173135 0.085242 
0.00936023 -0.0172555 6.16785e-05 -7.23102e-05 -0.0172555 0.0854466 -7.30112e-05 0.000141225 6.16785e-05 -7.30112e-05 0.00947584 -0.0172761 -7.23102e-05 0.000141225 -0.0172761 0.0850778 
0.00934114 -0.0172679 6.17722e-05 -6.11748e-05 -0.0172679 0.0854547 -6.4182e-05 0.000137451 6.17722e-05 -6.4182e-05 0.00949284 -0.0172612 -6.11748e-05 0.000137451 -0.0172612 0.0849884 
0.00929666 -0.0171755 5.30051e-05 -5.72659e-05 -0.0171755 0.0850745 -5.92697e-05 0.000116887 5.30051e-05 -5.92697e-05 0.00945351 -0.0172106 -5.72659e-05 0.000116887 -0.0172106 0.0846284 
0.00928452 -0.0171449 4.68887e-05 -4.52422e-05 -0.0171449 0.0849291 -4.74067e-05 8.74676e-05 4.68887e-05 -4.74067e-05 0.00942767 -0.0171939 -4.52422e-05 8.74676e-05 -0.0171939 0.0845363 
0.00931142 -0.0171638 2.21464e-05 -3.87024e-05 -0.0171638 0.0850191 -3.99322e-05 6.19675e-05 2.21464e-05 -3.99322e-05 0.00941138 -0.0172084 -3.87024e-05 6.19675e-05 -0.0172084 0.0846531 
0.00929924 -0.0171279 7.26675e-06 -6.93989e-06 -0.0171279 0.0847709 -5.87467e-06 -1.30237e-06 7.26675e-06 -5.87467e-06 0.00938322 -0.0171214 -6.93989e-06 -1.30237e-06 -0.0171214 0.0843407 
0.00932966 -0.017194 4.51653e-06 1.56929e-05 -0.017194 0.0850337 1.54296e-05 -7.16533e-05 4.51653e-06 1.54296e-05 0.00940619 -0.0171649 1.56929e-05 -7.16533e-05 -0.0171649 0.0845282 
0.00938162 -0.0173047 1.13957e-05 1.96729e-05 -0.0173047 0.0855658 1.60797e-05 -0.000101366 1.13957e-05 1.60797e-05 0.00945197 -0.0172654 1.96729e-05 -0.000101366 -0.0172654 0.0850152 
0.00940736 -0.017365 9.02513e-07 1.57358e-05 -0.017365 0.0858844 3.36194e-06 -9.78654e-05 9.02513e-07 3.36194e-06 0.00949133 -0.0173163 1.57358e-05 -9.78654e-05 -0.0173163 0.0853045 
0.00942509 -0.0173873 -3.34523e-06 2.96601e-05 -0.0173873 0.0860305 1.12506e-05 -0.000108061 -3.34523e-06 1.12506e-05 0.00950627 -0.0173512 2.96601e-05 -0.000108061 -0.0173512 0.0854531 
0.00946625 -0.0174442 1.0236e-05 3.61025e-05 -0.0174442 0.0863078 1.85333e-05 -0.000129568 1.0236e-05 1.85333e-05 0.00952735 -0.0174038 3.61025e-05 -0.000129568 -0.0174038 0.0857278 
0.00949461 -0.0174801 2.64163e-05 1.70029e-05 -0.0174801 0.0864495 5.24839e-06 -0.000113934 2.64163e-05 5.24839e-06 0.00952498 -0.0174158 1.70029e-05 -0.000113934 -0.0174158 0.0858282 
0.00953584 -0.0175349 1.78081e-05 -9.99402e-06 -0.0175349 0.0866605 -1.23317e-05 -6.55898e-05 1.78081e-05 -1.23317e-05 0.00951673 -0.0174209 -9.99402e-06 -6.55898e-05 -0.0174209 0.0859214 
0.00954202 -0.0175576 6.93669e-06 -5.64175e-06 -0.0175576 0.0866932 2.19164e-07 -5.31569e-05 6.93669e-06 2.19164e-07 0.00949434 -0.0173736 -5.64175e-06 -5.31569e-05 -0.0173736 0.0857788 
0.00954896 -0.0176054 1.10903e-05 2.81575e-06 -0.0176054 0.0869073 1.31017e-05 -6.6698e-05 1.10903e-05 1.31017e-05 0.00951136 -0.0173713 2.81575e-06 -6.6698e-05 -0.0173713 0.0858131 
0.00950404 -0.0175453 5.02172e-05 -6.1663e-06 -0.0175453 0.0866828 8.18542e-06 -5.99821e-05 5.02172e-05 8.18542e-06 0.0095239 -0.0173277 -6.1663e-06 -5.99821e-05 -0.0173277 0.0855475 
0.00950009 -0.0175348 6.42856e-05 -5.25422e-05 -0.0175348 0.0867118 -3.76471e-05 1.59477e-05 6.42856e-05 -3.76471e-05 0.00955279 -0.0173907 -5.25422e-05 1.59477e-05 -0.0173907 0.0856878 
0.00950359 -0.0175363 4.24078e-05 -7.36537e-05 -0.0175363 0.0867468 -6.19169e-05 9.87956e-05 4.24078e-05 -6.19169e-05 0.009573 -0.0174362 -7.36537e-05 9.87956e-05 -0.0174362 0.0858535 
0.00947808 -0.0174613 3.71586e-05 -4.70008e-05 -0.0174613 0.08639 -3.84319e-05 9.35868e-05 3.71586e-05 -3.84319e-05 0.00954946 -0.0173921 -4.70008e-05 9.35868e-05 -0.0173921 0.0856122 
0.00947943 -0.0175095 4.45559e-05 -3.59122e-05 -0.0175095 0.0865728 -2.85434e-05 5.93882e-05 4.45559e-05 -2.85434e-05 0.00959885 -0.0174431 -3.59122e-05 5.93882e-05 -0.0174431 0.0858407 
0.00945912 -0.0175238 2.46053e-05 -4.07944e-05 -0.0175238 0.0867208 -3.4625e-05 5.08228e-05 2.46053e-05 -3.4625e-05 0.00965569 -0.0175147 -4.07944e-05 5.08228e-05 -0.0175147 0.0860887 
0.00946668 -0.0174849 9.20412e-06 -1.61716e-05 -0.0174849 0.0866958 -1.29501e-05 1.72707e-05 9.20412e-06 -1.29501e-05 0.00965829 -0.0175864 -1.61716e-05 1.72707e-05 -0.0175864 0.0863055 
0.00948643 -0.0174958 1.96895e-06 7.89606e-06 -0.0174958 0.0867155 5.20311e-06 -3.81246e-05 1.96895e-06 5.20311e-06 0.00964349 -0.0175995 7.89606e-06 -3.81246e-05 -0.0175995 0.0864501 
0.00945037 -0.0174236 -1.59616e-05 1.90701e-05 -0.0174236 0.086293 1.36539e-05 -7.79433e-05 -1.59616e-05 1.36539e-05 0.00959352 -0.017481 1.90701e-05 -7.79433e-05 -0.017481 0.0859901 
0.00941961 -0.0173857 -8.21711e-06 3.99979e-05 -0.0173857 0.0860621 3.79634e-05 -0.000127793 -8.21711e-06 3.79634e-05 0.00957089 -0.0174164 3.99979e-05 -0.000127793 -0.0174164 0.0856752 
0.00937336 -0.017345 -4.70786e-06 2.78713e-05 -0.017345 0.0858742 2.98438e-05 -0.000133624 -4.70786e-06 2.98438e-05 0.00958321 -0.0173829 2.78713e-05 -0.000133624 -0.0173829 0.0854645 
0.00936532 -0.0173013 6.27254e-06 1.87962e-05 -0.0173013 0.0857659 2.39223e-05 -0.000113449 6.27254e-06 2.39223e-05 0.00958721 -0.0174186 1.87962e-05 -0.000113449 -0.0174186 0.0854836 
0.00937022 -0.0173112 3.87669e-06 3.49545e-06 -0.0173112 0.0857992 6.9783e-06 -7.58312e-05 3.87669e-06 6.9783e-06 0.00960493 -0.0174512 3.49545e-06 -7.58312e-05 -0.0174512 0.0856287 
0.0093975 -0.0173608 4.90885e-06 -1.39111e-06 -0.0173608 0.0860458 9.59543e-07 -3.92037e-05 4.90885e-06 9.59543e-07 0.00961567 -0.0175187 -1.39111e-06 -3.92037e-05 -0.0175187 0.0859417 
0.00940077 -0.0173351 2.98901e-05 -8.67389e-06 -0.0173351 0.0859298 -2.45536e-06 -1.25112e-05 2.98901e-05 -2.45536e-06 0.0095867 -0.0174838 -8.67389e-06 -1.25112e-05 -0.0174838 0.085854 
0.00942156 -0.0173778 6.17625e-05 -3.759e-05 -0.0173778 0.0860712 -2.94505e-05 3.97328e-05 6.17625e-05 -2.94505e-05 0.00959512 -0.0174814 -3.759e-05 3.97328e-05 -0.0174814 0.0859257 
0.00942313 -0.0173768 7.40406e-05 -7.75928e-05 -0.0173768 0.086041 -7.1365e-05 0.000131781 7.40406e-05 -7.1365e-05 0.00957789 -0.0174565 -7.75928e-05 0.000131781 -0.0174565 0.0858111 
0.00941371 -0.0173784 6.71374e-05 -8.94223e-05 -0.0173784 0.0860167 -8.50721e-05 0.000189036 6.71374e-05 -8.50721e-05 0.00957269 -0.017427 -8.94223e-05 0.000189036 -0.017427 0.0856946 
0.00940652 -0.0173824 6.67994e-05 -7.68535e-05 -0.0173824 0.0860536 -7.4339e-05 0.000186258 6.67994e-05 -7.4339e-05 0.00956959 -0.0174275 -7.68535e-05 0.000186258 -0.0174275 0.0856763 
0.0094021 -0.0173717 5.58727e-05 -6.91031e-05 -0.0173717 0.086049 -6.82673e-05 0.000159875 5.58727e-05 -6.82673e-05 0.00956425 -0.0174254 -6.91031e-05 0.000159875 -0.0174254 0.0856702 
0.00941438 -0.0173786 3.03828e-05 -5.98344e-05 -0.0173786 0.0861129 -5.46295e-05 0.000131899 3.03828e-05 -5.46295e-05 0.00956997 -0.0174431 -5.98344e-05 0.000131899 -0.0174431 0.0857682 
0.00939846 -0.0173719 -5.38062e-06 -3.56709e-05 -0.0173719 0.0860606 -2.29105e-05 8.12792e-05 -5.38062e-06 -2.29105e-05 0.00957015 -0.0174276 -3.56709e-05 8.12792e-05 -0.0174276 0.0857163 
0.00937331 -0.017279 -3.62436e-05 3.38226e-06 -0.017279 0.085649 1.76192e-05 1.01799e-06 -3.62436e-05 1.76192e-05 0.00951616 -0.0173564 3.38226e-06 1.01799e-06 -0.0173564 0.0853417 
0.00932087 -0.0172065 -3.18239e-05 4.33135e-05 -0.0172065 0.0852068 4.98372e-05 -8.58201e-05 -3.18239e-05 4.98372e-05 0.00947884 -0.0172508 4.33135e-05 -8.58201e-05 -0.0172508 0.0848747 
0.00932058 -0.0171897 -2.30752e-05 4.82154e-05 -0.0171897 0.0851454 4.68782e-05 -0.000128346 -2.30752e-05 4.68782e-05 0.0094596 -0.017257 4.82154e-05 -0.000128346 -0.017257 0.0848334 
0.00931388 -0.0171991 -1.43256e-05 3.9124e-05 -0.0171991 0.0851565 3.21784e-05 -0.000118258 -1.43256e-05 3.21784e-05 0.0094568 -0.0172442 3.9124e-05 -0.000118258 -0.0172442 0.0848316 
0.00930452 -0.017201 9.27463e-06 2.81818e-05 -0.017201 0.0851888 1.68939e-05 -8.86573e-05 9.27463e-06 1.68939e-05 0.00945806 -0.0172415 2.81818e-05 -8.86573e-05 -0.0172415 0.0848318 
0.00927849 -0.0171701 3.19357e-05 4.07356e-06 -0.0171701 0.0850837 -9.98245e-06 -4.03561e-05 3.19357e-05 -9.98245e-06 0.00944933 -0.0172183 4.07356e-06 -4.03561e-05 -0.0172183 0.0847212 
0.00929078 -0.017171 3.12246e-05 -1.89798e-05 -0.017171 0.0851567 -3.51579e-05 1.33614e-05 3.12246e-05 -3.51579e-05 0.00945331 -0.0172486 -1.89798e-05 1.33614e-05 -0.0172486 0.0848504 
0.0093158 -0.0171554 1.60988e-05 -1.97975e-05 -0.0171554 0.0850828 -2.91018e-05 2.82183e-05 1.60988e-05 -2.91018e-05 0.00943149 -0.0172419 -1.97975e-05 2.82183e-05 -0.0172419 0.0848452 
0.00935887 -0.0172055 1.87993e-05 -1.21557e-05 -0.0172055 0.0851899 -1.32213e-05 1.83682e-05 1.87993e-05 -1.32213e-05 0.00941713 -0.0172285 -1.21557e-05 1.83682e-05 -0.0172285 0.0848753 
0.00938344 -0.0172883 2.19686e-05 -1.91835e-05 -0.0172883 0.0854627 -1.42009e-05 1.77197e-05 2.19686e-05 -1.42009e-05 0.00944331 -0.0172315 -1.91835e-05 1.77197e-05 -0.0172315 0.08497 
0.00940558 -0.0173427 2.57833e-05 -2.8058e-05 -0.0173427 0.0857453 -2.28739e-05 4.19392e-05 2.57833e-05 -2.28739e-05 0.00947401 -0.017282 -2.8058e-05 4.19392e-05 -0.017282 0.0851573 
0.00938031 -0.0173127 2.4105e-05 -3.29139e-05 -0.0173127 0.0856235 -2.88303e-05 6.28616e-05 2.4105e-05 -2.88303e-05 0.00946889 -0.0172609 -3.29139e-05 6.28616e-05 -0.0172609 0.085021 
0.00938466 -0.017335 3.01506e-05 -3.05856e-05 -0.017335 0.0857825 -2.68924e-05 6.77421e-05 3.01506e-05 -2.68924e-05 0.00949845 -0.0173109 -3.05856e-05 6.77421e-05 -0.0173109 0.0852217 
0.00940061 -0.0173614 1.36294e-05 -3.93224e-05 -0.0173614 0.0859658 -3.58341e-05 8.42978e-05 1.36294e-05 -3.58341e-05 0.00951877 -0.0173674 -3.93224e-05 8.42978e-05 -0.0173674 0.085468 
0.00937285 -0.0173175 2.34787e-05 -2.09893e-05 -0.0173175 0.0857729 -1.22524e-05 5.9533e-05 2.34787e-05 -1.22524e-05 0.00950391 -0.0173285 -2.09893e-05 5.9533e-05 -0.0173285 0.0853102 
0.00935096 -0.0172515 2.28924e-05 -2.96671e-05 -0.0172515 0.0854795 -1.92523e-05 5.22884e-05 2.28924e-05 -1.92523e-05 0.00947172 -0.0172782 -2.96671e-05 5.22884e-05 -0.0172782 0.0850479 
0.00933157 -0.0172083 2.16468e-05 -3.23536e-05 -0.0172083 0.0852182 -2.42168e-05 6.59405e-05 2.16468e-05 -2.42168e-05 0.00944735 -0.0172194 -3.23536e-05 6.59405e-05 -0.0172194 0.0847748 
0.00933239 -0.0172118 2.03965e-05 -2.84206e-05 -0.0172118 0.0851926 -2.31692e-05 6.71437e-05 2.03965e-05 -2.31692e-05 0.00944044 -0.0172121 -2.84206e-05 6.71437e-05 -0.0172121 0.0847143 
0.00933936 -0.0172806 -8.95932e-07 -2.596e-05 -0.0172806 0.0855112 -2.316e-05 6.64298e-05 -8.95932e-07 -2.316e-05 0.00948255 -0.0172697 -2.596e-05 6.64298e-05 -0.0172697 0.0849984 
0.00933919 -0.0172585 2.808e-06 -3.58322e-06 -0.0172585 0.085513 -2.26577e-06 3.90067e-05 2.808e-06 -2.26577e-06 0.00948031 -0.0172864 -3.58322e-06 3.90067e-05 -0.0172864 0.0850417 
0.00932687 -0.0172473 -8.86686e-06 -6.09105e-06 -0.0172473 0.0854656 -4.34532e-06 2.55361e-05 -8.86686e-06 -4.34532e-06 0.00947726 -0.0172805 -6.09105e-06 2.55361e-05 -0.0172805 0.085039 
0.00926341 -0.0171563 -1.5041e-05 4.34088e-06 -0.0171563 0.0850582 5.30085e-06 1.57176e-05 -1.5041e-05 5.30085e-06 0.00946321 -0.0172074 4.34088e-06 1.57176e-05 -0.0172074 0.084685 
0.00920627 -0.0170677 -2.6169e-05 7.47761e-06 -0.0170677 0.084708 1.06597e-05 7.76814e-06 -2.6169e-05 1.06597e-05 0.00946273 -0.0171851 7.47761e-06 7.76814e-06 -0.0171851 0.0844675 
0.00923357 -0.017084 -3.15939e-05 1.73944e-05 -0.017084 0.0848793 2.47775e-05 -1.0404e-05 -3.15939e-05 2.47775e-05 0.00948691 -0.017285 1.73944e-05 -1.0404e-05 -0.017285 0.0848499 
0.00927307 -0.0171006 -3.54807e-05 2.33801e-05 -0.0171006 0.0849628 3.13411e-05 -2.71174e-05 -3.54807e-05 3.13411e-05 0.009481 -0.0173315 2.33801e-05 -2.71174e-05 -0.0173315 0.0851174 
0.00930862 -0.0171203 -2.03556e-05 2.50473e-05 -0.0171203 0.084926 3.38083e-05 -3.19831e-05 -2.03556e-05 3.38083e-05 0.00943419 -0.0172799 2.50473e-05 -3.19831e-05 -0.0172799 0.0850202 
0.0092883 -0.0170907 8.79362e-07 8.69397e-06 -0.0170907 0.0846085 1.6948e-05 -1.02211e-05 8.79362e-07 1.6948e-05 0.00938452 -0.0171372 8.69397e-06 -1.02211e-05 -0.0171372 0.0844713 
0.00931063 -0.0171421 4.62292e-06 -1.88513e-05 -0.0171421 0.084775 -1.41033e-05 5.30336e-05 4.62292e-06 -1.41033e-05 0.00937547 -0.017129 -1.88513e-05 5.30336e-05 -0.017129 0.084407 
0.00928165 -0.0171502 3.15948e-06 -2.50392e-05 -0.0171502 0.0847785 -2.1869e-05 9.52129e-05 3.15948e-06 -2.1869e-05 0.00938922 -0.0170959 -2.50392e-05 9.52129e-05 -0.0170959 0.0842574 
0.00930369 -0.0171611 -2.63795e-07 -1.74112e-05 -0.0171611 0.0849498 -1.30139e-05 8.73599e-05 -2.63795e-07 -1.30139e-05 0.00939862 -0.0171637 -1.74112e-05 8.73599e-05 -0.0171637 0.0844611 
0.00934244 -0.0172415 -1.2633e-05 -1.35498e-05 -0.0172415 0.0853375 -1.02546e-05 7.80509e-05 -1.2633e-05 -1.02546e-05 0.00943819 -0.0172423 -1.35498e-05 7.80509e-05 -0.0172423 0.084895 
0.00936022 -0.0172791 -2.34917e-05 2.68469e-06 -0.0172791 0.0855416 3.61734e-06 5.04805e-05 -2.34917e-05 3.61734e-06 0.0094562 -0.0172763 2.68469e-06 5.04805e-05 -0.0172763 0.0850968 
0.00933721 -0.0172837 -1.95963e-05 1.53356e-05 -0.0172837 0.0855799 1.40317e-05 2.00945e-05 -1.95963e-05 1.40317e-05 0.00948515 -0.0172721 1.53356e-05 2.00945e-05 -0.0172721 0.0851091 
0.00929757 -0.0171913 -1.98071e-05 1.47667e-05 -0.0171913 0.0852396 1.00373e-05 7.81083e-06 -1.98071e-05 1.00373e-05 0.0094589 -0.0172413 1.47667e-05 7.81083e-06 -0.0172413 0.0848489 
0.00927209 -0.0171397 -2.21971e-05 1.21225e-05 -0.0171397 0.084998 7.73425e-06 1.39018e-05 -2.21971e-05 7.73425e-06 0.00945241 -0.0172122 1.21225e-05 1.39018e-05 -0.0172122 0.0846952 
