0.00701539 0 -8.13558e-05 0 0 0.00994941 0 0 -8.13558e-05 0 0.00704504 0 0 0 0 0.00994941 
0.00958198 -0.0118934 -7.59187e-05 9.13046e-05 -0.0118934 0.0315975 9.13046e-05 -0.000175325 -7.59187e-05 9.13046e-05 0.0096072 -0.0119253 9.13046e-05 -0.000175325 -0.0119253 0.0316586 
0.00990743 -0.0184269 -4.13192e-05 2.13954e-05 -0.0184269 0.0679344 2.13954e-05 -4.17238e-05 -4.13192e-05 2.13954e-05 0.00987183 -0.0184477 2.13954e-05 -4.17238e-05 -0.0184477 0.0679999 
0.00936078 -0.0180334 -1.03067e-05 -0.000115804 -0.0180334 0.0808494 -0.000103945 0.000661121 -1.03067e-05 -0.000103945 0.00925297 -0.0179392 -0.000115804 0.000661121 -0.0179392 0.0805481 
0.00909499 -0.016983 -4.50244e-05 -0.00014185 -0.016983 0.0818602 -0.000113054 0.000974546 -4.50244e-05 -0.000113054 0.00894901 -0.0168039 -0.00014185 0.000974546 -0.0168039 0.0812276 
0.00935464 -0.0172196 -6.94957e-05 -6.01557e-05 -0.0172196 0.084429 -2.98723e-05 0.000785472 -6.94957e-05 -2.98723e-05 0.0092151 -0.0169753 -6.01557e-05 0.000785472 -0.0169753 0.0835896 
0.00953814 -0.0175101 -7.91188e-05 4.25319e-08 -0.0175101 0.0861803 2.0204e-05 0.000484786 -7.91188e-05 2.0204e-05 0.0094318 -0.0172852 4.25319e-08 0.000484786 -0.0172852 0.0853502 
0.00962099 -0.0176418 -8.45182e-05 2.3068e-05 -0.0176418 0.0870019 3.3412e-05 0.00029644 -8.45182e-05 3.3412e-05 0.00956852 -0.0174698 2.3068e-05 0.00029644 -0.0174698 0.0863049 
0.00940548 -0.0172011 -7.89259e-05 2.89124e-05 -0.0172011 0.0848972 3.49234e-05 0.000208173 -7.89259e-05 3.49234e-05 0.00935439 -0.0171103 2.89124e-05 0.000208173 -0.0171103 0.0844179 
0.00971076 -0.0177506 -7.3145e-05 1.70314e-05 -0.0177506 0.0875112 1.98245e-05 0.000218558 -7.3145e-05 1.98245e-05 0.00964449 -0.0176466 1.70314e-05 0.000218558 -0.0176466 0.0870782 
0.00964948 -0.0176791 -6.56648e-05 6.09633e-06 -0.0176791 0.0870671 5.67519e-06 0.00024867 -6.56648e-05 5.67519e-06 0.00959475 -0.0175435 6.09633e-06 0.00024867 -0.0175435 0.0865742 
0.00958763 -0.0176066 -6.84281e-05 -4.84917e-06 -0.0176066 0.0867504 -5.87139e-06 0.000285637 -6.84281e-05 -5.87139e-06 0.00957678 -0.0174905 -4.84917e-06 0.000285637 -0.0174905 0.0862631 
0.00956839 -0.0175932 -6.99769e-05 -5.62996e-06 -0.0175932 0.0867871 -7.17089e-06 0.000309947 -6.99769e-05 -7.17089e-06 0.00959814 -0.017538 -5.62996e-06 0.000309947 -0.017538 0.0864137 
0.00956333 -0.0175941 -7.01849e-05 -4.42626e-06 -0.0175941 0.0869014 -3.55468e-06 0.000313909 -7.01849e-05 -3.55468e-06 0.00964497 -0.0176103 -4.42626e-06 0.000313909 -0.0176103 0.0867225 
0.00957471 -0.0175867 -7.3973e-05 -3.24796e-06 -0.0175867 0.0869527 2.83557e-06 0.000303492 -7.3973e-05 2.83557e-06 0.00966654 -0.0176785 -3.24796e-06 0.000303492 -0.0176785 0.0869944 
0.00955429 -0.0175257 -7.23995e-05 6.61281e-06 -0.0175257 0.0866301 1.52984e-05 0.000271682 -7.23995e-05 1.52984e-05 0.0096396 -0.0176276 6.61281e-06 0.000271682 -0.0176276 0.086782 
0.00953962 -0.0174652 -7.55557e-05 7.10666e-06 -0.0174652 0.086277 1.34803e-05 0.000255009 -7.55557e-05 1.34803e-05 0.00958509 -0.0175573 7.10666e-06 0.000255009 -0.0175573 0.0864464 
0.00953105 -0.0174282 -7.6838e-05 1.1028e-05 -0.0174282 0.086012 1.52546e-05 0.000246007 -7.6838e-05 1.52546e-05 0.0095383 -0.0174919 1.1028e-05 0.000246007 -0.0174919 0.0861685 
0.00951704 -0.0174044 -7.04273e-05 1.02339e-05 -0.0174044 0.0858059 1.15164e-05 0.000248784 -7.04273e-05 1.15164e-05 0.00950554 -0.0174223 1.02339e-05 0.000248784 -0.0174223 0.0858828 
0.00953763 -0.0174624 -6.16003e-05 1.61772e-06 -0.0174624 0.0860336 1.41409e-06 0.00026942 -6.16003e-05 1.41409e-06 0.00951249 -0.017447 1.61772e-06 0.00026942 -0.017447 0.086014 
0.00954988 -0.0174704 -6.94265e-05 -8.14523e-06 -0.0174704 0.0860733 -8.56379e-06 0.000293511 -6.94265e-05 -8.56379e-06 0.00948262 -0.0174278 -8.14523e-06 0.000293511 -0.0174278 0.085963 
0.00953681 -0.0174527 -6.51792e-05 3.23288e-06 -0.0174527 0.0859515 -1.19325e-06 0.000289165 -6.51792e-05 -1.19325e-06 0.00945334 -0.0173591 3.23288e-06 0.000289165 -0.0173591 0.0857239 
0.00952079 -0.0174762 -4.29058e-05 4.75146e-06 -0.0174762 0.08605 -5.18292e-06 0.000280023 -4.29058e-05 -5.18292e-06 0.00947151 -0.0173466 4.75146e-06 0.000280023 -0.0173466 0.0856908 
0.00953077 -0.0175105 -4.07372e-05 -1.95238e-05 -0.0175105 0.0863182 -2.80712e-05 0.000310141 -4.07372e-05 -2.80712e-05 0.00951202 -0.0174136 -1.95238e-05 0.000310141 -0.0174136 0.0859453 
0.00951672 -0.0174631 -2.54831e-05 -2.36669e-05 -0.0174631 0.0861747 -2.8041e-05 0.000328768 -2.54831e-05 -2.8041e-05 0.00949336 -0.0174132 -2.36669e-05 0.000328768 -0.0174132 0.0858916 
0.00949634 -0.0174106 -2.86082e-05 -4.22852e-05 -0.0174106 0.0859208 -4.21679e-05 0.000353698 -2.86082e-05 -4.21679e-05 0.0094553 -0.0173617 -4.22852e-05 0.000353698 -0.0173617 0.0856876 
0.00949186 -0.0174031 -2.5534e-05 -4.03367e-05 -0.0174031 0.0858524 -4.12016e-05 0.000365741 -2.5534e-05 -4.12016e-05 0.00944317 -0.0173269 -4.03367e-05 0.000365741 -0.0173269 0.0855805 
0.00947456 -0.0173891 -3.04264e-05 -4.14491e-05 -0.0173891 0.0857694 -4.45135e-05 0.000368743 -3.04264e-05 -4.45135e-05 0.00942625 -0.0172958 -4.14491e-05 0.000368743 -0.0172958 0.0854396 
0.00941277 -0.0173465 -3.47218e-05 -3.68226e-05 -0.0173465 0.0855986 -4.19346e-05 0.000366299 -3.47218e-05 -4.19346e-05 0.00944488 -0.0172595 -3.68226e-05 0.000366299 -0.0172595 0.0852627 
0.0093594 -0.0172525 -4.3879e-05 -2.97376e-05 -0.0172525 0.0853155 -3.3912e-05 0.000348959 -4.3879e-05 -3.3912e-05 0.0094547 -0.0172663 -2.97376e-05 0.000348959 -0.0172663 0.0851378 
0.00935696 -0.0172182 -7.35802e-05 -8.98138e-06 -0.0172182 0.0852506 -1.39047e-05 0.000298951 -7.35802e-05 -1.39047e-05 0.00947654 -0.0173274 -8.98138e-06 0.000298951 -0.0173274 0.085329 
0.00939111 -0.0172591 -9.70809e-05 2.52208e-05 -0.0172591 0.0854395 1.8097e-05 0.00022899 -9.70809e-05 1.8097e-05 0.00950258 -0.0174007 2.52208e-05 0.00022899 -0.0174007 0.0856787 
0.00941202 -0.0173232 -9.22799e-05 5.59827e-05 -0.0173232 0.0857032 4.81802e-05 0.000147623 -9.22799e-05 4.81802e-05 0.00953915 -0.0174507 5.59827e-05 0.000147623 -0.0174507 0.0859717 
0.0094241 -0.0173197 -8.26358e-05 5.0267e-05 -0.0173197 0.085717 4.40163e-05 0.00011931 -8.26358e-05 4.40163e-05 0.00954291 -0.0174565 5.0267e-05 0.00011931 -0.0174565 0.0859872 
0.00943224 -0.0173139 -5.71241e-05 3.66296e-05 -0.0173139 0.0856457 3.30151e-05 0.000134388 -5.71241e-05 3.30151e-05 0.00952254 -0.0174416 3.66296e-05 0.000134388 -0.0174416 0.0859066 
0.00944445 -0.0173076 -2.29878e-05 -2.60647e-06 -0.0173076 0.0855518 -3.63881e-06 0.00021034 -2.29878e-05 -3.63881e-06 0.00948055 -0.0174018 -2.60647e-06 0.00021034 -0.0174018 0.0857539 
0.00945255 -0.0173352 -1.24141e-05 -4.7006e-05 -0.0173352 0.0855852 -4.41894e-05 0.000313372 -1.24141e-05 -4.41894e-05 0.00945626 -0.0173572 -4.7006e-05 0.000313372 -0.0173572 0.0856428 
0.00941381 -0.0173094 -1.59755e-05 -6.16481e-05 -0.0173094 0.085437 -5.59913e-05 0.000376748 -1.59755e-05 -5.59913e-05 0.00943675 -0.0172863 -6.16481e-05 0.000376748 -0.0172863 0.0853485 
0.00936678 -0.0172177 -3.35612e-05 -5.76678e-05 -0.0172177 0.0850763 -5.24461e-05 0.000392278 -3.35612e-05 -5.24461e-05 0.00940148 -0.0172218 -5.76678e-05 0.000392278 -0.0172218 0.0849763 
0.00933169 -0.0171687 -3.1219e-05 -3.73788e-05 -0.0171687 0.0848638 -3.26259e-05 0.000365584 -3.1219e-05 -3.26259e-05 0.00939946 -0.0171943 -3.73788e-05 0.000365584 -0.0171943 0.0848165 
0.00933219 -0.0171166 -2.94156e-05 -3.28021e-05 -0.0171166 0.0846542 -2.79576e-05 0.000333776 -2.94156e-05 -2.79576e-05 0.00937028 -0.0171843 -3.28021e-05 0.000333776 -0.0171843 0.0847002 
0.00934156 -0.0171327 -3.08595e-05 -2.86411e-05 -0.0171327 0.0846322 -2.80945e-05 0.000314366 -3.08595e-05 -2.80945e-05 0.00935943 -0.0171652 -2.86411e-05 0.000314366 -0.0171652 0.0846691 
0.00934901 -0.0171758 -4.32063e-05 -2.39182e-05 -0.0171758 0.0847684 -3.099e-05 0.000305813 -4.32063e-05 -3.099e-05 0.0093713 -0.0171538 -2.39182e-05 0.000305813 -0.0171538 0.0846631 
0.00936901 -0.0172557 -5.3659e-05 -5.49987e-06 -0.0172557 0.0851829 -1.84851e-05 0.000278738 -5.3659e-05 -1.84851e-05 0.0094174 -0.0172302 -5.49987e-06 0.000278738 -0.0172302 0.0849921 
0.00938 -0.0172489 -6.76869e-05 5.9498e-06 -0.0172489 0.0852647 -4.81052e-06 0.000245536 -6.76869e-05 -4.81052e-06 0.00941303 -0.0172679 5.9498e-06 0.000245536 -0.0172679 0.0851302 
0.00937932 -0.0172319 -7.60024e-05 2.28666e-05 -0.0172319 0.0851802 1.73861e-05 0.000198149 -7.60024e-05 1.73861e-05 0.00939092 -0.0172408 2.28666e-05 0.000198149 -0.0172408 0.0850745 
0.00936497 -0.017193 -7.01663e-05 3.45649e-05 -0.017193 0.0849633 3.15827e-05 0.000153578 -7.01663e-05 3.15827e-05 0.00936403 -0.0171768 3.45649e-05 0.000153578 -0.0171768 0.0848244 
0.00934082 -0.0171492 -7.97528e-05 2.98897e-05 -0.0171492 0.0847169 2.92151e-05 0.000136675 -7.97528e-05 2.92151e-05 0.00934966 -0.0171212 2.98897e-05 0.000136675 -0.0171212 0.084545 
0.00932518 -0.017112 -7.08622e-05 3.92258e-05 -0.017112 0.0845086 4.08088e-05 0.000117117 -7.08622e-05 4.08088e-05 0.00933188 -0.017087 3.92258e-05 0.000117117 -0.017087 0.0843172 
0.00932226 -0.0171413 -5.01211e-05 2.50889e-05 -0.0171413 0.0846151 2.58416e-05 0.000135199 -5.01211e-05 2.58416e-05 0.00935174 -0.0171143 2.50889e-05 0.000135199 -0.0171143 0.08442 
0.00931998 -0.0171612 -3.73348e-05 5.41319e-07 -0.0171612 0.0847655 -4.39544e-06 0.000191169 -3.73348e-05 -4.39544e-06 0.0093761 -0.0171591 5.41319e-07 0.000191169 -0.0171591 0.0846011 
0.00934728 -0.0172404 -2.90957e-05 -1.42364e-05 -0.0172404 0.0852329 -2.47642e-05 0.000248904 -2.90957e-05 -2.47642e-05 0.00942493 -0.0172704 -1.42364e-05 0.000248904 -0.0172704 0.0851331 
0.00936691 -0.0172183 -4.1602e-05 -2.01146e-05 -0.0172183 0.0852273 -3.16864e-05 0.000274823 -4.1602e-05 -3.16864e-05 0.00941643 -0.0172737 -2.01146e-05 0.000274823 -0.0172737 0.0851919 
0.00939264 -0.0172625 -4.84062e-05 -4.45901e-07 -0.0172625 0.0853702 -1.16426e-05 0.000246481 -4.84062e-05 -1.16426e-05 0.00941818 -0.0172785 -4.45901e-07 0.000246481 -0.0172785 0.0852911 
0.00934185 -0.0172263 -5.0827e-05 1.26642e-05 -0.0172263 0.0851482 2.41696e-06 0.000198664 -5.0827e-05 2.41696e-06 0.00941584 -0.0172 1.26642e-05 0.000198664 -0.0172 0.0849559 
0.0093179 -0.0171705 -5.19694e-05 1.16431e-05 -0.0171705 0.0849846 5.41894e-06 0.000180729 -5.19694e-05 5.41894e-06 0.0094115 -0.0172045 1.16431e-05 0.000180729 -0.0172045 0.0848353 
0.0093079 -0.0171115 -4.70662e-05 5.03444e-06 -0.0171115 0.0847195 3.38765e-06 0.000189199 -4.70662e-05 3.38765e-06 0.00938131 -0.0171784 5.03444e-06 0.000189199 -0.0171784 0.0846672 
0.00931161 -0.0170984 -3.65053e-05 -4.30945e-06 -0.0170984 0.0845803 -1.85263e-06 0.000209082 -3.65053e-05 -1.85263e-06 0.0093585 -0.0171448 -4.30945e-06 0.000209082 -0.0171448 0.0845379 
0.00929022 -0.0170966 -2.60712e-05 -2.10582e-05 -0.0170966 0.0844923 -1.50663e-05 0.000243916 -2.60712e-05 -1.50663e-05 0.00935961 -0.0171096 -2.10582e-05 0.000243916 -0.0171096 0.084392 
0.00929179 -0.0171079 -2.44494e-05 -3.77744e-05 -0.0171079 0.0845816 -2.69528e-05 0.000284552 -2.44494e-05 -2.69528e-05 0.00937522 -0.0171398 -3.77744e-05 0.000284552 -0.0171398 0.0844714 
0.00933489 -0.0171726 -3.10936e-05 -4.16001e-05 -0.0171726 0.084932 -2.77836e-05 0.000306316 -3.10936e-05 -2.77836e-05 0.00939213 -0.017227 -4.16001e-05 0.000306316 -0.017227 0.0848684 
0.00935731 -0.0172134 -4.26362e-05 -3.31e-05 -0.0172134 0.0851183 -2.16867e-05 0.000301773 -4.26362e-05 -2.16867e-05 0.00938144 -0.0172386 -3.31e-05 0.000301773 -0.0172386 0.0850362 
0.00933276 -0.017185 -5.03001e-05 -1.27971e-05 -0.017185 0.0849698 -4.25936e-06 0.000261142 -5.03001e-05 -4.25936e-06 0.00935715 -0.0171623 -1.27971e-05 0.000261142 -0.0171623 0.0847892 
0.00968623 -0.0178034 -5.39937e-05 1.97644e-07 -0.0178034 0.0880665 6.66122e-06 0.000229369 -5.39937e-05 6.66122e-06 0.0096943 -0.0177764 1.97644e-07 0.000229369 -0.0177764 0.0878232 
0.00965654 -0.0177863 -4.93762e-05 5.36937e-06 -0.0177863 0.0879255 1.25839e-05 0.000198562 -4.93762e-05 1.25839e-05 0.00970295 -0.0177398 5.36937e-06 0.000198562 -0.0177398 0.0876416 
0.00966517 -0.0177972 -5.48987e-05 -2.47297e-07 -0.0177972 0.0880446 1.0344e-05 0.000192097 -5.48987e-05 1.0344e-05 0.00972463 -0.0178037 -2.47297e-07 0.000192097 -0.0178037 0.0878313 
0.00964548 -0.0177691 -4.94636e-05 6.0156e-06 -0.0177691 0.0879333 1.39406e-05 0.000185913 -4.94636e-05 1.39406e-05 0.00972667 -0.0178084 6.0156e-06 0.000185913 -0.0178084 0.0878385 
0.00967003 -0.0177564 -5.62795e-05 4.02818e-06 -0.0177564 0.0879118 6.15362e-06 0.000185894 -5.62795e-05 6.15362e-06 0.00969531 -0.0178289 4.02818e-06 0.000185894 -0.0178289 0.087923 
0.00967551 -0.0177511 -4.71354e-05 1.21829e-05 -0.0177511 0.0877781 1.09496e-05 0.00017992 -4.71354e-05 1.09496e-05 0.00964821 -0.0177602 1.21829e-05 0.00017992 -0.0177602 0.0877476 
0.00964563 -0.0177201 -3.17932e-05 5.52438e-07 -0.0177201 0.087542 -2.18042e-06 0.000195387 -3.17932e-05 -2.18042e-06 0.00959967 -0.0176563 5.52438e-07 0.000195387 -0.0176563 0.0873531 
0.00958681 -0.0176766 -2.34987e-05 -1.76344e-05 -0.0176766 0.0873296 -2.1658e-05 0.000234279 -2.34987e-05 -2.1658e-05 0.00959253 -0.0175768 -1.76344e-05 0.000234279 -0.0175768 0.0869996 
0.00954156 -0.0176362 -7.69473e-06 -2.90686e-05 -0.0176362 0.0872798 -3.2698e-05 0.000270716 -7.69473e-06 -3.2698e-05 0.0096358 -0.0176072 -2.90686e-05 0.000270716 -0.0176072 0.0870178 
0.00952252 -0.0175578 -1.81493e-05 -4.50723e-05 -0.0175578 0.0870691 -4.71756e-05 0.000301497 -1.81493e-05 -4.71756e-05 0.00963898 -0.0176545 -4.50723e-05 0.000301497 -0.0176545 0.0870728 
0.00952165 -0.0175212 -2.69083e-05 -3.47306e-05 -0.0175212 0.0868837 -3.50415e-05 0.000298358 -2.69083e-05 -3.50415e-05 0.00961828 -0.0176581 -3.47306e-05 0.000298358 -0.0176581 0.0870906 
0.00950989 -0.0175202 -3.12778e-05 -1.99591e-05 -0.0175202 0.0868038 -2.20936e-05 0.00026468 -3.12778e-05 -2.20936e-05 0.00960988 -0.0176275 -1.99591e-05 0.00026468 -0.0176275 0.0870265 
0.00949824 -0.0174684 -3.92739e-05 -1.09729e-05 -0.0174684 0.0865521 -1.24289e-05 0.000230473 -3.92739e-05 -1.24289e-05 0.00956491 -0.0175681 -1.09729e-05 0.000230473 -0.0175681 0.0867407 
0.00952031 -0.0174815 -3.01476e-05 -7.80998e-07 -0.0174815 0.0865414 -3.45517e-06 0.000202036 -3.01476e-05 -3.45517e-06 0.00953485 -0.0175343 -7.80998e-07 0.000202036 -0.0175343 0.0866351 
0.00953405 -0.017525 -1.19891e-05 -1.23441e-05 -0.017525 0.0866556 -1.71376e-05 0.000210928 -1.19891e-05 -1.71376e-05 0.00953335 -0.0175107 -1.23441e-05 0.000210928 -0.0175107 0.0865951 
0.00954337 -0.0175707 -1.83349e-05 -3.77232e-05 -0.0175707 0.0868701 -4.49714e-05 0.00026616 -1.83349e-05 -4.49714e-05 0.00955871 -0.0175359 -3.77232e-05 0.00026616 -0.0175359 0.0867061 
0.00954922 -0.017548 -3.49544e-05 -3.34272e-05 -0.017548 0.0868069 -4.14432e-05 0.000291618 -3.49544e-05 -4.14432e-05 0.00954421 -0.0175316 -3.34272e-05 0.000291618 -0.0175316 0.0866352 
0.00958385 -0.0176081 -5.5706e-05 -1.05731e-05 -0.0176081 0.0870396 -1.52701e-05 0.000254404 -5.5706e-05 -1.52701e-05 0.00956643 -0.0175635 -1.05731e-05 0.000254404 -0.0175635 0.086827 
0.00962817 -0.0177072 -7.0791e-05 1.64506e-05 -0.0177072 0.0874873 1.53328e-05 0.000186699 -7.0791e-05 1.53328e-05 0.00961871 -0.0176431 1.64506e-05 0.000186699 -0.0176431 0.0872121 
0.00963773 -0.0177299 -6.60737e-05 3.41722e-05 -0.0177299 0.0876194 3.66984e-05 0.000124881 -6.60737e-05 3.66984e-05 0.00963315 -0.0176753 3.41722e-05 0.000124881 -0.0176753 0.0873304 
0.00965991 -0.0177979 -6.36346e-05 2.65024e-05 -0.0177979 0.0879674 3.25972e-05 0.000110668 -6.36346e-05 3.25972e-05 0.00967124 -0.0177447 2.65024e-05 0.000110668 -0.0177447 0.0876759 
0.00967603 -0.0178219 -5.86369e-05 1.9188e-05 -0.0178219 0.088163 2.69623e-05 0.000125585 -5.86369e-05 2.69623e-05 0.00968159 -0.0177954 1.9188e-05 0.000125585 -0.0177954 0.0879208 
0.00966412 -0.0177935 -6.14593e-05 1.27448e-05 -0.0177935 0.0880682 1.70259e-05 0.000147763 -6.14593e-05 1.70259e-05 0.00967537 -0.0177759 1.27448e-05 0.000147763 -0.0177759 0.0878863 
0.00962706 -0.0177385 -6.79334e-05 2.0407e-05 -0.0177385 0.0878058 1.97664e-05 0.000147129 -6.79334e-05 1.97664e-05 0.00966004 -0.0177207 2.0407e-05 0.000147129 -0.0177207 0.0876389 
0.00958647 -0.0176583 -7.34776e-05 3.28619e-05 -0.0176583 0.0874514 3.00136e-05 0.000121317 -7.34776e-05 3.00136e-05 0.0096375 -0.0176656 3.28619e-05 0.000121317 -0.0176656 0.0873252 
0.00955933 -0.0176054 -5.29995e-05 4.52919e-05 -0.0176054 0.0872059 4.06653e-05 8.51171e-05 -5.29995e-05 4.06653e-05 0.00962674 -0.0176414 4.52919e-05 8.51171e-05 -0.0176414 0.0871525 
0.00954631 -0.0175817 -3.98335e-05 1.97273e-05 -0.0175817 0.0870874 1.50981e-05 0.000108788 -3.98335e-05 1.50981e-05 0.00961788 -0.0176365 1.97273e-05 0.000108788 -0.0176365 0.0870939 
0.00954361 -0.0175471 -3.99827e-05 -6.75741e-07 -0.0175471 0.0869159 -4.99702e-06 0.0001619 -3.99827e-05 -4.99702e-06 0.00958096 -0.017607 -6.75741e-07 0.0001619 -0.017607 0.0869524 
0.00952745 -0.0175111 -4.03744e-05 -6.08503e-06 -0.0175111 0.086669 -7.22713e-06 0.000194696 -4.03744e-05 -7.22713e-06 0.0095277 -0.017528 -6.08503e-06 0.000194696 -0.017528 0.0866471 
0.00953024 -0.0175517 -4.43288e-05 -2.40627e-07 -0.0175517 0.0868134 1.97079e-07 0.000186199 -4.43288e-05 1.97079e-07 0.00952935 -0.0175108 -2.40627e-07 0.000186199 -0.0175108 0.0866511 
0.00957204 -0.0175909 -5.54103e-05 7.24748e-06 -0.0175909 0.0870604 6.41394e-06 0.000167009 -5.54103e-05 6.41394e-06 0.00952577 -0.017548 7.24748e-06 0.000167009 -0.017548 0.0868336 
0.00960452 -0.0176218 -4.49124e-05 1.88659e-05 -0.0176218 0.0871576 1.5168e-05 0.00014666 -4.49124e-05 1.5168e-05 0.00950145 -0.0175315 1.88659e-05 0.00014666 -0.0175315 0.0868505 
0.00958813 -0.0176593 -3.92546e-05 9.00253e-06 -0.0176593 0.0872634 4.48516e-06 0.000147942 -3.92546e-05 4.48516e-06 0.00953295 -0.017503 9.00253e-06 0.000147942 -0.017503 0.0868174 
0.0095519 -0.0175626 -2.68713e-05 -1.51267e-06 -0.0175626 0.0869058 -3.98806e-06 0.000170314 -2.68713e-05 -3.98806e-06 0.00950694 -0.017465 -1.51267e-06 0.000170314 -0.017465 0.0864889 
0.00957035 -0.0175609 -3.76554e-05 -1.50472e-05 -0.0175609 0.0868671 -1.23161e-05 0.000190906 -3.76554e-05 -1.23161e-05 0.00948731 -0.0174717 -1.50472e-05 0.000190906 -0.0174717 0.0864934 
0.00956551 -0.0175485 -3.98148e-05 -6.45271e-06 -0.0175485 0.0866985 3.9895e-06 0.000181898 -3.98148e-05 3.9895e-06 0.00944029 -0.0173991 -6.45271e-06 0.000181898 -0.0173991 0.0862271 
0.00954787 -0.01754 -3.39783e-05 -7.53585e-07 -0.01754 0.0865941 1.02026e-05 0.000158641 -3.39783e-05 1.02026e-05 0.00941386 -0.017333 -7.53585e-07 0.000158641 -0.017333 0.0859711 
0.00949939 -0.0175092 -4.63841e-05 -7.39695e-06 -0.0175092 0.0864623 -2.53293e-06 0.000167781 -4.63841e-05 -2.53293e-06 0.00942754 -0.0172919 -7.39695e-06 0.000167781 -0.0172919 0.0857588 
0.00949389 -0.017492 -5.05668e-05 1.01736e-05 -0.017492 0.0865138 1.44101e-05 0.00014776 -5.05668e-05 1.44101e-05 0.00945335 -0.0173536 1.01736e-05 0.00014776 -0.0173536 0.0859102 
0.00949235 -0.0174961 -5.95351e-05 1.70431e-05 -0.0174961 0.086584 2.01335e-05 0.000121877 -5.95351e-05 2.01335e-05 0.00948674 -0.0174074 1.70431e-05 0.000121877 -0.0174074 0.0861315 
0.00945783 -0.0174253 -6.60178e-05 2.84282e-05 -0.0174253 0.0862838 2.59377e-05 0.000101678 -6.60178e-05 2.59377e-05 0.00947879 -0.0173883 2.84282e-05 0.000101678 -0.0173883 0.0859848 
0.0094405 -0.0174195 -7.16766e-05 3.53056e-05 -0.0174195 0.0862751 2.8767e-05 9.0531e-05 -7.16766e-05 2.8767e-05 0.00949606 -0.0174244 3.53056e-05 9.0531e-05 -0.0174244 0.086116 
0.00943211 -0.0174059 -7.41076e-05 4.43507e-05 -0.0174059 0.0862859 4.09159e-05 6.69644e-05 -7.41076e-05 4.09159e-05 0.00950851 -0.0174621 4.43507e-05 6.69644e-05 -0.0174621 0.0862758 
0.00942168 -0.0173556 -5.62e-05 4.44008e-05 -0.0173556 0.0860818 4.52455e-05 5.38326e-05 -5.62e-05 4.52455e-05 0.00948485 -0.0174386 4.44008e-05 5.38326e-05 -0.0174386 0.0861801 
0.0094153 -0.0173291 -2.30437e-05 1.88875e-05 -0.0173291 0.0858973 2.24327e-05 8.89111e-05 -2.30437e-05 2.24327e-05 0.00945133 -0.0173874 1.88875e-05 8.89111e-05 -0.0173874 0.0859908 
0.00941513 -0.0173153 -1.99217e-05 -2.5538e-05 -0.0173153 0.0857696 -2.20744e-05 0.000180316 -1.99217e-05 -2.20744e-05 0.00941054 -0.0173324 -2.5538e-05 0.000180316 -0.0173324 0.0857793 
0.00938504 -0.0172401 -1.25736e-05 -3.05531e-05 -0.0172401 0.0853396 -2.60937e-05 0.000228528 -1.25736e-05 -2.60937e-05 0.00934101 -0.0172056 -3.05531e-05 0.000228528 -0.0172056 0.0852276 
0.00936534 -0.0172261 -1.75244e-05 -3.25405e-05 -0.0172261 0.0851962 -2.49944e-05 0.000231308 -1.75244e-05 -2.49944e-05 0.00931624 -0.0171423 -3.25405e-05 0.000231308 -0.0171423 0.0849537 
0.00934665 -0.0172233 -1.81043e-06 -2.2798e-05 -0.0172233 0.0851907 -1.72154e-05 0.000212391 -1.81043e-06 -1.72154e-05 0.00932456 -0.0171305 -2.2798e-05 0.000212391 -0.0171305 0.0848781 
0.00932661 -0.0172163 9.31623e-06 -3.40581e-05 -0.0172163 0.0852271 -3.3603e-05 0.000216213 9.31623e-06 -3.3603e-05 0.00934863 -0.0171622 -3.40581e-05 0.000216213 -0.0171622 0.0849621 
0.00929823 -0.0171538 -9.36489e-06 -4.71127e-05 -0.0171538 0.0850245 -4.91278e-05 0.000243637 -9.36489e-06 -4.91278e-05 0.00935208 -0.0171634 -4.71127e-05 0.000243637 -0.0171634 0.084898 
0.00933038 -0.01715 -2.57211e-05 -2.17434e-05 -0.01715 0.0850345 -2.22182e-05 0.000211301 -2.57211e-05 -2.22182e-05 0.00933823 -0.0172034 -2.17434e-05 0.000211301 -0.0172034 0.0850448 
0.00935302 -0.0172179 -2.97648e-05 1.18316e-06 -0.0172179 0.0852321 1.60426e-06 0.000149747 -2.97648e-05 1.60426e-06 0.00934019 -0.0172026 1.18316e-06 0.000149747 -0.0172026 0.0851727 
0.00937487 -0.0172958 -4.63508e-05 9.73866e-06 -0.0172958 0.0856044 2.52619e-06 0.000116008 -4.63508e-05 2.52619e-06 0.00937205 -0.0172375 9.73866e-06 0.000116008 -0.0172375 0.0854038 
0.00941729 -0.0173679 -5.33362e-05 2.99425e-05 -0.0173679 0.0860384 1.30969e-05 8.92851e-05 -5.33362e-05 1.30969e-05 0.00940874 -0.0173194 2.99425e-05 8.92851e-05 -0.0173194 0.08579 
0.00942742 -0.0173686 -4.80947e-05 3.80347e-05 -0.0173686 0.0860789 1.65079e-05 7.07784e-05 -4.80947e-05 1.65079e-05 0.00941409 -0.0173256 3.80347e-05 7.07784e-05 -0.0173256 0.0858444 
0.00937113 -0.0173301 -4.31195e-05 2.90364e-05 -0.0173301 0.0858737 1.01263e-05 7.79912e-05 -4.31195e-05 1.01263e-05 0.00944401 -0.0172824 2.90364e-05 7.79912e-05 -0.0172824 0.0856383 
0.00934813 -0.0172818 -3.78741e-05 2.09186e-05 -0.0172818 0.0857794 9.86979e-06 8.84455e-05 -3.78741e-05 9.86979e-06 0.00947816 -0.0173383 2.09186e-05 8.84455e-05 -0.0173383 0.0856962 
0.00932529 -0.0172254 -2.88056e-05 9.48423e-06 -0.0172254 0.0855472 8.50928e-06 0.000101648 -2.88056e-05 8.50928e-06 0.00948645 -0.0173552 9.48423e-06 0.000101648 -0.0173552 0.0856643 
0.00936132 -0.0172747 -2.56037e-05 -6.19235e-06 -0.0172747 0.0857845 8.68895e-08 0.000127951 -2.56037e-05 8.68895e-08 0.00951225 -0.0174468 -6.19235e-06 0.000127951 -0.0174468 0.0860521 
0.00944456 -0.0173636 -1.78175e-05 -1.63213e-05 -0.0173636 0.0861898 -6.32053e-06 0.000159768 -1.78175e-05 -6.32053e-06 0.00951293 -0.0175275 -1.63213e-05 0.000159768 -0.0175275 0.0865043 
0.00950283 -0.0174239 -2.35344e-05 -2.45881e-05 -0.0174239 0.0863258 -1.54331e-05 0.000184015 -2.35344e-05 -1.54331e-05 0.00946829 -0.0174789 -2.45881e-05 0.000184015 -0.0174789 0.0864702 
0.00953047 -0.0175037 -3.46572e-05 -1.89e-05 -0.0175037 0.0865298 -1.42213e-05 0.000193536 -3.46572e-05 -1.42213e-05 0.00945755 -0.0174185 -1.89e-05 0.000193536 -0.0174185 0.0863518 
0.00956245 -0.0175686 -3.5929e-05 -1.48491e-07 -0.0175686 0.086815 2.21802e-06 0.000165831 -3.5929e-05 2.21802e-06 0.00946231 -0.0174215 -1.48491e-07 0.000165831 -0.0174215 0.0863796 
0.00953376 -0.0175537 -5.36251e-05 5.26586e-06 -0.0175537 0.0867171 8.68917e-06 0.000136677 -5.36251e-05 8.68917e-06 0.00945454 -0.0173659 5.26586e-06 0.000136677 -0.0173659 0.0861173 
0.00949108 -0.0175113 -6.25804e-05 2.23981e-05 -0.0175113 0.0865758 2.63043e-05 0.00010553 -6.25804e-05 2.63043e-05 0.00946856 -0.0173509 2.23981e-05 0.00010553 -0.0173509 0.0859583 
0.00945707 -0.0174924 -6.38555e-05 3.43088e-05 -0.0174924 0.086595 3.77631e-05 7.21469e-05 -6.38555e-05 3.77631e-05 0.00952129 -0.0174093 3.43088e-05 7.21469e-05 -0.0174093 0.0861138 
0.00944605 -0.0174633 -5.49544e-05 3.55507e-05 -0.0174633 0.0866141 3.87052e-05 5.83068e-05 -5.49544e-05 3.87052e-05 0.00956966 -0.0175021 3.55507e-05 5.83068e-05 -0.0175021 0.0864069 
0.00945047 -0.0174505 -5.31562e-05 2.03641e-05 -0.0174505 0.086622 2.60136e-05 8.14324e-05 -5.31562e-05 2.60136e-05 0.00960327 -0.0175784 2.03641e-05 8.14324e-05 -0.0175784 0.0866992 
0.00946776 -0.0174464 -4.91072e-05 1.49063e-05 -0.0174464 0.0865957 2.3986e-05 0.000102682 -4.91072e-05 2.3986e-05 0.00960003 -0.0176122 1.49063e-05 0.000102682 -0.0176122 0.0868481 
0.00947591 -0.0174329 -4.5215e-05 7.30022e-06 -0.0174329 0.08646 1.53e-05 0.000126482 -4.5215e-05 1.53e-05 0.00957572 -0.0175802 7.30022e-06 0.000126482 -0.0175802 0.086757 
0.00946912 -0.0174742 -3.54311e-05 3.34641e-06 -0.0174742 0.0865711 5.91728e-06 0.000150556 -3.54311e-05 5.91728e-06 0.00959496 -0.0175795 3.34641e-06 0.000150556 -0.0175795 0.0868066 
0.00946971 -0.0174906 -4.75522e-05 -8.12731e-06 -0.0174906 0.0867332 -1.02113e-05 0.000184017 -4.75522e-05 -1.02113e-05 0.00961923 -0.0176294 -8.12731e-06 0.000184017 -0.0176294 0.0869941 
0.00948267 -0.0174681 -6.04025e-05 7.64985e-06 -0.0174681 0.0866914 2.9402e-06 0.00017802 -6.04025e-05 2.9402e-06 0.00960516 -0.0176378 7.64985e-06 0.00017802 -0.0176378 0.0870256 
0.00948584 -0.0174223 -6.03043e-05 2.44478e-05 -0.0174223 0.0864038 1.94346e-05 0.000142182 -6.03043e-05 1.94346e-05 0.00955113 -0.0175669 2.44478e-05 0.000142182 -0.0175669 0.0867414 
0.00950037 -0.0174866 -3.98079e-05 2.72045e-05 -0.0174866 0.0865763 2.11418e-05 0.000120622 -3.98079e-05 2.11418e-05 0.00956419 -0.0175538 2.72045e-05 0.000120622 -0.0175538 0.086776 
0.00952032 -0.0175393 -3.06509e-05 2.54445e-06 -0.0175393 0.0868402 -6.26587e-06 0.000156076 -3.06509e-05 -6.26587e-06 0.00959353 -0.0175901 2.54445e-06 0.000156076 -0.0175901 0.0869269 
0.00953307 -0.0175081 -2.22071e-05 -8.18743e-06 -0.0175081 0.0867171 -1.74275e-05 0.000192328 -2.22071e-05 -1.74275e-05 0.00956459 -0.0175704 -8.18743e-06 0.000192328 -0.0175704 0.0867835 
0.0095601 -0.0175857 -3.11587e-05 -1.92709e-05 -0.0175857 0.0869849 -2.35919e-05 0.000216976 -3.11587e-05 -2.35919e-05 0.00958744 -0.0175968 -1.92709e-05 0.000216976 -0.0175968 0.0869684 
0.00958057 -0.0176441 -4.1252e-05 -1.03076e-05 -0.0176441 0.0872746 -1.04014e-05 0.000209088 -4.1252e-05 -1.04014e-05 0.00961913 -0.0176417 -1.03076e-05 0.000209088 -0.0176417 0.0871793 
0.0096158 -0.0176987 -4.22102e-05 2.82589e-06 -0.0176987 0.0875758 5.04777e-06 0.000178086 -4.22102e-05 5.04777e-06 0.00962823 -0.0176967 2.82589e-06 0.000178086 -0.0176967 0.0874357 
0.00963664 -0.0177333 -4.41913e-05 4.59119e-06 -0.0177333 0.0877365 7.43005e-06 0.000159948 -4.41913e-05 7.43005e-06 0.00962585 -0.0176985 4.59119e-06 0.000159948 -0.0176985 0.0875295 
0.00963332 -0.017739 -5.34565e-05 6.42159e-06 -0.017739 0.0877744 1.01152e-05 0.000151378 -5.34565e-05 1.01152e-05 0.00964662 -0.01769 6.42159e-06 0.000151378 -0.01769 0.0875267 
0.00960057 -0.0176762 -5.73141e-05 1.1715e-05 -0.0176762 0.0874995 1.76678e-05 0.000145078 -5.73141e-05 1.76678e-05 0.00964407 -0.0176586 1.1715e-05 0.000145078 -0.0176586 0.0872881 
0.00955897 -0.0176087 -5.74993e-05 1.40696e-05 -0.0176087 0.0871717 2.13775e-05 0.000139225 -5.74993e-05 2.13775e-05 0.0096291 -0.0176298 1.40696e-05 0.000139225 -0.0176298 0.087051 
0.00953166 -0.0175434 -5.61148e-05 1.54462e-05 -0.0175434 0.0868779 2.3476e-05 0.000134036 -5.61148e-05 2.3476e-05 0.00959477 -0.0176057 1.54462e-05 0.000134036 -0.0176057 0.086873 
0.00954305 -0.0175184 -5.729e-05 1.27634e-05 -0.0175184 0.0867391 2.0046e-05 0.000139299 -5.729e-05 2.0046e-05 0.00955557 -0.0175816 1.27634e-05 0.000139299 -0.0175816 0.0867975 
