0.00706867 0 3.73607e-05 0 0 0.00991382 0 0 3.73607e-05 0 0.00693895 0 0 0 0 0.00991382 
0.00961803 -0.0119347 4.10164e-05 -4.87063e-05 -0.0119347 0.0316506 -4.87063e-05 9.31136e-05 4.10164e-05 -4.87063e-05 0.00951144 -0.0118105 -4.87063e-05 9.31136e-05 -0.0118105 0.0314131 
0.009843 -0.0183012 4.31723e-05 -2.22494e-05 -0.0183012 0.0674509 -2.22494e-05 5.96737e-05 4.31723e-05 -2.22494e-05 0.00983966 -0.0183811 -2.22494e-05 5.96737e-05 -0.0183811 0.0677709 
0.00935541 -0.0179357 4.78936e-05 -1.92144e-06 -0.0179357 0.0803471 -2.53095e-06 -0.000119526 4.78936e-05 -2.53095e-06 0.00936037 -0.0182864 -1.92144e-06 -0.000119526 -0.0182864 0.0821389 
0.00908711 -0.0167734 5.72663e-05 -1.71924e-05 -0.0167734 0.0806327 -1.96032e-05 -0.000144487 5.72663e-05 -1.96032e-05 0.00898865 -0.0170848 -1.71924e-05 -0.000144487 -0.0170848 0.082877 
0.00930839 -0.0169558 3.78176e-05 -3.77865e-05 -0.0169558 0.0827242 -4.10747e-05 -7.6545e-05 3.78176e-05 -4.10747e-05 0.00916363 -0.0170448 -3.77865e-05 -7.6545e-05 -0.0170448 0.0843947 
0.00949242 -0.0172656 2.20386e-05 -2.19486e-05 -0.0172656 0.0845488 -2.8113e-05 -3.61004e-05 2.20386e-05 -2.8113e-05 0.00932567 -0.017235 -2.19486e-05 -3.61004e-05 -0.017235 0.0855201 
0.00966857 -0.0175848 -4.23898e-06 -2.31611e-06 -0.0175848 0.0863163 -7.8745e-06 -5.09636e-05 -4.23898e-06 -7.8745e-06 0.00950459 -0.0175156 -2.31611e-06 -5.09636e-05 -0.0175156 0.0868844 
0.00941989 -0.0171638 -4.18247e-06 2.73563e-05 -0.0171638 0.0843526 2.11143e-05 -9.61411e-05 -4.18247e-06 2.11143e-05 0.00930836 -0.0171058 2.73563e-05 -9.61411e-05 -0.0171058 0.0847649 
0.00970611 -0.0176494 -1.18232e-06 3.1722e-05 -0.0176494 0.0868577 2.52997e-05 -0.00013023 -1.18232e-06 2.52997e-05 0.00959735 -0.017671 3.1722e-05 -0.00013023 -0.017671 0.0873856 
0.00963574 -0.0175378 9.85582e-06 2.32904e-05 -0.0175378 0.0862708 2.27647e-05 -0.000126104 9.85582e-06 2.27647e-05 0.00955008 -0.0175815 2.32904e-05 -0.000126104 -0.0175815 0.0869097 
0.00963291 -0.0175191 1.12177e-05 9.62365e-06 -0.0175191 0.0861983 1.20052e-05 -0.000106447 1.12177e-05 1.20052e-05 0.00953707 -0.0176002 9.62365e-06 -0.000106447 -0.0176002 0.0869498 
0.00963759 -0.0175094 2.24549e-05 7.42536e-06 -0.0175094 0.0861279 6.05567e-06 -8.76525e-05 2.24549e-05 6.05567e-06 0.00951623 -0.0175875 7.42536e-06 -8.76525e-05 -0.0175875 0.0869398 
0.00962834 -0.0175048 3.26809e-05 -4.15502e-06 -0.0175048 0.0860384 -1.17433e-05 -5.69313e-05 3.26809e-05 -1.17433e-05 0.00949044 -0.0175373 -4.15502e-06 -5.69313e-05 -0.0175373 0.0867794 
0.00960592 -0.017504 4.38533e-05 -2.14409e-05 -0.017504 0.0860261 -3.0591e-05 -7.50633e-06 4.38533e-05 -3.0591e-05 0.00948836 -0.017509 -2.14409e-05 -7.50633e-06 -0.017509 0.0866761 
0.00958327 -0.017501 4.80998e-05 -3.70604e-05 -0.017501 0.0860815 -4.31047e-05 3.68723e-05 4.80998e-05 -4.31047e-05 0.00950531 -0.0175175 -3.70604e-05 3.68723e-05 -0.0175175 0.0866953 
0.00956237 -0.0174365 6.33847e-05 -5.00363e-05 -0.0174365 0.0858833 -5.03214e-05 7.59587e-05 6.33847e-05 -5.03214e-05 0.00949429 -0.0175049 -5.00363e-05 7.59587e-05 -0.0175049 0.0865718 
0.00957437 -0.0173629 4.41682e-05 -6.86916e-05 -0.0173629 0.0855246 -6.5012e-05 0.000114982 4.41682e-05 -6.5012e-05 0.00942498 -0.0174499 -6.86916e-05 0.000114982 -0.0174499 0.0862824 
0.00961588 -0.017441 2.95861e-05 -4.46193e-05 -0.017441 0.0856889 -4.10635e-05 9.61469e-05 2.95861e-05 -4.10635e-05 0.0094088 -0.0174199 -4.46193e-05 9.61469e-05 -0.0174199 0.0862963 
0.0096326 -0.0174991 2.07773e-05 -1.94418e-05 -0.0174991 0.0858678 -2.09365e-05 3.87539e-05 2.07773e-05 -2.09365e-05 0.00940518 -0.0173925 -1.94418e-05 3.87539e-05 -0.0173925 0.086238 
0.00964117 -0.0175481 1.23756e-05 -2.68468e-06 -0.0175481 0.0861091 -1.04413e-05 -9.17747e-06 1.23756e-05 -1.04413e-05 0.0094375 -0.0174133 -2.68468e-06 -9.17747e-06 -0.0174133 0.0863332 
0.00964481 -0.0175774 2.63307e-05 8.27959e-06 -0.0175774 0.0863215 -4.06047e-06 -3.92123e-05 2.63307e-05 -4.06047e-06 0.00948896 -0.0174771 8.27959e-06 -3.92123e-05 -0.0174771 0.0865575 
0.00968387 -0.0176044 3.32261e-05 -1.12745e-05 -0.0176044 0.086543 -2.29852e-05 -1.6854e-05 3.32261e-05 -2.29852e-05 0.00952769 -0.0175762 -1.12745e-05 -1.6854e-05 -0.0175762 0.0869255 
0.00970483 -0.0176135 1.74333e-05 -2.14898e-05 -0.0176135 0.0865411 -2.84101e-05 1.10728e-05 1.74333e-05 -2.84101e-05 0.00953812 -0.0176016 -2.14898e-05 1.10728e-05 -0.0176016 0.0870412 
0.00971607 -0.0176273 1.41249e-05 -2.07097e-06 -0.0176273 0.0865356 -5.99145e-06 -1.25546e-05 1.41249e-05 -5.99145e-06 0.00953423 -0.0176106 -2.07097e-06 -1.25546e-05 -0.0176106 0.0870788 
0.0097106 -0.0176563 9.4836e-06 1.72505e-07 -0.0176563 0.086621 1.80695e-06 -3.74258e-05 9.4836e-06 1.80695e-06 0.00955585 -0.0176144 1.72505e-07 -3.74258e-05 -0.0176144 0.0871331 
0.00969812 -0.0176274 2.63208e-05 1.45721e-06 -0.0176274 0.0865374 1.13353e-05 -5.33319e-05 2.63208e-05 1.13353e-05 0.0095437 -0.0176173 1.45721e-06 -5.33319e-05 -0.0176173 0.0870829 
0.00971009 -0.0176292 2.49706e-05 -2.03405e-05 -0.0176292 0.0865681 -6.89899e-06 -2.9454e-05 2.49706e-05 -6.89899e-06 0.00953321 -0.0176317 -2.03405e-05 -2.9454e-05 -0.0176317 0.0871718 
0.00969589 -0.0176576 2.62658e-05 -1.73965e-05 -0.0176576 0.0866729 -7.56253e-06 -1.64794e-05 2.62658e-05 -7.56253e-06 0.00954052 -0.0176302 -1.73965e-05 -1.64794e-05 -0.0176302 0.0872528 
0.00968691 -0.0176344 3.91699e-05 -1.71283e-05 -0.0176344 0.0866615 -9.73238e-06 -1.48978e-05 3.91699e-05 -9.73238e-06 0.00954092 -0.0176228 -1.71283e-05 -1.48978e-05 -0.0176228 0.0872344 
0.00964716 -0.0175783 4.63411e-05 -3.33044e-05 -0.0175783 0.0864222 -2.55365e-05 9.55852e-06 4.63411e-05 -2.55365e-05 0.00952599 -0.0175781 -3.33044e-05 9.55852e-06 -0.0175781 0.0870159 
0.00961226 -0.0175186 4.28156e-05 -4.25041e-05 -0.0175186 0.0861876 -3.5944e-05 3.92424e-05 4.28156e-05 -3.5944e-05 0.00952105 -0.0175475 -4.25041e-05 3.92424e-05 -0.0175475 0.0868301 
0.00959268 -0.017479 3.58761e-05 -3.63342e-05 -0.017479 0.0860347 -3.54628e-05 4.61714e-05 3.58761e-05 -3.54628e-05 0.0095199 -0.0175477 -3.63342e-05 4.61714e-05 -0.0175477 0.0867671 
0.00958806 -0.0174552 2.21101e-05 -2.49977e-05 -0.0174552 0.0859286 -2.67655e-05 2.87379e-05 2.21101e-05 -2.67655e-05 0.00950357 -0.0175448 -2.49977e-05 2.87379e-05 -0.0175448 0.0867303 
0.00956651 -0.0174108 5.25157e-06 -7.67196e-06 -0.0174108 0.0856845 -1.03692e-05 -4.91452e-06 5.25157e-06 -1.03692e-05 0.00946507 -0.0174857 -7.67196e-06 -4.91452e-06 -0.0174857 0.0864848 
0.00956386 -0.0174045 -9.16425e-06 1.28023e-05 -0.0174045 0.0856213 9.59641e-06 -5.24261e-05 -9.16425e-06 9.59641e-06 0.00944476 -0.0174492 1.28023e-05 -5.24261e-05 -0.0174492 0.0863557 
0.00953657 -0.0173888 -1.56214e-05 3.14239e-05 -0.0173888 0.0855222 2.98409e-05 -0.000104452 -1.56214e-05 2.98409e-05 0.00943481 -0.0174065 3.14239e-05 -0.000104452 -0.0174065 0.086176 
0.00950947 -0.0173189 -6.88211e-06 3.73446e-05 -0.0173189 0.0852417 3.75157e-05 -0.00013452 -6.88211e-06 3.75157e-05 0.00940179 -0.0173545 3.73446e-05 -0.00013452 -0.0173545 0.08588 
0.00953014 -0.017392 2.94767e-06 2.49966e-05 -0.017392 0.0855603 2.38833e-05 -0.000120108 2.94767e-06 2.38833e-05 0.0094363 -0.0174015 2.49966e-05 -0.000120108 -0.0174015 0.0861382 
0.00952976 -0.0173919 1.31867e-05 9.88654e-06 -0.0173919 0.0856208 2.59726e-06 -7.31122e-05 1.31867e-05 2.59726e-06 0.00946064 -0.0174163 9.88654e-06 -7.31122e-05 -0.0174163 0.0861853 
0.00953607 -0.0173929 1.72592e-05 -4.28942e-06 -0.0173929 0.0856631 -1.60844e-05 -2.1823e-05 1.72592e-05 -1.60844e-05 0.00947531 -0.017457 -4.28942e-06 -2.1823e-05 -0.017457 0.0862985 
0.00951656 -0.0173781 8.45829e-06 -1.16339e-05 -0.0173781 0.0855928 -2.42185e-05 1.57728e-05 8.45829e-06 -2.42185e-05 0.0094871 -0.017464 -1.16339e-05 1.57728e-05 -0.017464 0.0863121 
0.00948895 -0.0173388 -4.64962e-07 4.24352e-07 -0.0173388 0.0854509 -9.25414e-06 5.5528e-06 -4.64962e-07 -9.25414e-06 0.00949243 -0.0174642 4.24352e-07 5.5528e-06 -0.0174642 0.0862655 
0.00947912 -0.017294 1.02814e-05 7.54814e-06 -0.017294 0.0852842 3.6073e-07 -1.24506e-05 1.02814e-05 3.6073e-07 0.00947815 -0.0174688 7.54814e-06 -1.24506e-05 -0.0174688 0.0862312 
0.00952191 -0.0173413 7.87744e-06 -5.38638e-06 -0.0173413 0.0854879 -1.02123e-05 -2.71323e-06 7.87744e-06 -1.02123e-05 0.0094811 -0.0175164 -5.38638e-06 -2.71323e-06 -0.0175164 0.0865009 
0.00956528 -0.0174347 -9.45065e-06 1.53303e-06 -0.0174347 0.0858631 -9.08163e-07 -1.33404e-05 -9.45065e-06 -9.08163e-07 0.00950501 -0.0175543 1.53303e-06 -1.33404e-05 -0.0175543 0.0868023 
0.00957185 -0.0174448 -1.86085e-05 2.55762e-05 -0.0174448 0.0859071 2.54592e-05 -6.317e-05 -1.86085e-05 2.54592e-05 0.00949412 -0.0175316 2.55762e-05 -6.317e-05 -0.0175316 0.0867384 
0.00952388 -0.0173857 -3.06008e-05 3.68081e-05 -0.0173857 0.0856125 4.18754e-05 -0.000114324 -3.06008e-05 4.18754e-05 0.00946639 -0.0174532 3.68081e-05 -0.000114324 -0.0174532 0.0863735 
0.00948616 -0.0173226 -3.76861e-05 5.05111e-05 -0.0173226 0.0853659 5.75555e-05 -0.000157205 -3.76861e-05 5.75555e-05 0.00945202 -0.0174158 5.05111e-05 -0.000157205 -0.0174158 0.0861413 
0.00947843 -0.0172845 -2.60086e-05 5.70571e-05 -0.0172845 0.0852116 5.86915e-05 -0.000175951 -2.60086e-05 5.86915e-05 0.00942739 -0.0174016 5.70571e-05 -0.000175951 -0.0174016 0.0860336 
0.00949429 -0.0173044 -7.14668e-06 4.70016e-05 -0.0173044 0.0852723 4.45612e-05 -0.000164125 -7.14668e-06 4.45612e-05 0.00942322 -0.0174022 4.70016e-05 -0.000164125 -0.0174022 0.0860877 
0.00951145 -0.0173295 1.32028e-05 2.1251e-05 -0.0173295 0.0853606 2.2521e-05 -0.000117921 1.32028e-05 2.2521e-05 0.00942068 -0.0174022 2.1251e-05 -0.000117921 -0.0174022 0.086127 
0.00950093 -0.0173479 3.14719e-05 -1.01399e-05 -0.0173479 0.0854232 2.73745e-07 -5.23319e-05 3.14719e-05 2.73745e-07 0.00943869 -0.0173952 -1.01399e-05 -5.23319e-05 -0.0173952 0.086121 
0.00949074 -0.0173075 1.29306e-05 -3.53323e-05 -0.0173075 0.0852856 -1.88935e-05 7.73219e-06 1.29306e-05 -1.88935e-05 0.00942288 -0.0173793 -3.53323e-05 7.73219e-06 -0.0173793 0.0859776 
0.00949294 -0.0172897 1.38294e-05 -1.68896e-05 -0.0172897 0.0851731 -8.48147e-07 8.25484e-06 1.38294e-05 -8.48147e-07 0.00940382 -0.0173566 -1.68896e-05 8.25484e-06 -0.0173566 0.0858675 
0.00946812 -0.0172685 1.27753e-05 -1.19654e-05 -0.0172685 0.0850092 -4.30608e-06 -3.19899e-06 1.27753e-05 -4.30608e-06 0.00938066 -0.0173098 -1.19654e-05 -3.19899e-06 -0.0173098 0.0856596 
0.00944285 -0.0171991 1.18095e-05 -3.99617e-06 -0.0171991 0.0846907 -7.31735e-06 -1.10268e-05 1.18095e-05 -7.31735e-06 0.00932267 -0.0172406 -3.99617e-06 -1.10268e-05 -0.0172406 0.0853155 
0.00939874 -0.0171693 9.89592e-06 6.61395e-08 -0.0171693 0.0844969 -7.01145e-06 -1.89442e-05 9.89592e-06 -7.01145e-06 0.00930076 -0.0171672 6.61395e-08 -1.89442e-05 -0.0171672 0.0850428 
0.00934684 -0.0171221 1.03708e-05 -7.5184e-07 -0.0171221 0.0843445 -7.72079e-06 -1.69522e-05 1.03708e-05 -7.72079e-06 0.00930518 -0.0171324 -7.5184e-07 -1.69522e-05 -0.0171324 0.084848 
0.00935071 -0.0171003 4.75313e-06 -8.90805e-06 -0.0171003 0.0843773 -1.44813e-05 5.1498e-06 4.75313e-06 -1.44813e-05 0.00931284 -0.0171777 -8.90805e-06 5.1498e-06 -0.0171777 0.0849718 
0.00934264 -0.0170688 -1.14145e-05 8.32649e-07 -0.0170688 0.0842286 -6.31286e-06 8.73947e-07 -1.14145e-05 -6.31286e-06 0.00930119 -0.0171587 8.32649e-07 8.73947e-07 -0.0171587 0.0849002 
0.00938628 -0.0171055 -6.82318e-06 2.15973e-05 -0.0171055 0.0843778 1.48499e-05 -3.59359e-05 -6.82318e-06 1.48499e-05 0.00929711 -0.0171878 2.15973e-05 -3.59359e-05 -0.0171878 0.085057 
0.00940535 -0.0171744 6.36989e-06 1.5e-05 -0.0171744 0.0846023 1.06968e-05 -4.59192e-05 6.36989e-06 1.06968e-05 0.00931168 -0.0171924 1.5e-05 -4.59192e-05 -0.0171924 0.0851728 
0.00941414 -0.0171986 1.57437e-05 -1.56367e-06 -0.0171986 0.0847435 -3.48785e-06 -2.21241e-05 1.57437e-05 -3.48785e-06 0.00930964 -0.0172043 -1.56367e-06 -2.21241e-05 -0.0172043 0.0852284 
0.00939022 -0.01718 6.51202e-06 -1.77772e-05 -0.01718 0.0846833 -1.47188e-05 1.49067e-05 6.51202e-06 -1.47188e-05 0.00931444 -0.0171772 -1.77772e-05 1.49067e-05 -0.0171772 0.0851323 
0.00937726 -0.0171739 9.82395e-06 -9.88419e-06 -0.0171739 0.0847139 -6.48109e-06 2.24211e-05 9.82395e-06 -6.48109e-06 0.00933287 -0.0171964 -9.88419e-06 2.24211e-05 -0.0171964 0.0851772 
0.00937418 -0.0171365 2.60597e-05 -9.81431e-06 -0.0171365 0.0846048 -1.32967e-05 2.4625e-05 2.60597e-05 -1.32967e-05 0.00933011 -0.0172044 -9.81431e-06 2.4625e-05 -0.0172044 0.0851581 
0.0093534 -0.0170484 2.78645e-05 -2.56134e-05 -0.0170484 0.0841505 -3.37566e-05 5.46635e-05 2.78645e-05 -3.37566e-05 0.00928197 -0.0171324 -2.56134e-05 5.46635e-05 -0.0171324 0.0847891 
0.00977629 -0.0177669 2.47637e-05 -3.5299e-05 -0.0177669 0.0875692 -4.41311e-05 9.52971e-05 2.47637e-05 -4.41311e-05 0.0096335 -0.0178168 -3.5299e-05 9.52971e-05 -0.0178168 0.088206 
0.00981466 -0.0178392 2.32677e-05 -2.82197e-05 -0.0178392 0.0877329 -3.88635e-05 9.88627e-05 2.32677e-05 -3.88635e-05 0.00961934 -0.0177977 -2.82197e-05 9.88627e-05 -0.0177977 0.0882015 
0.00981685 -0.0179033 2.06375e-05 -2.02974e-05 -0.0179033 0.0879542 -2.88915e-05 7.52852e-05 2.06375e-05 -2.88915e-05 0.00963785 -0.0177913 -2.02974e-05 7.52852e-05 -0.0177913 0.0882225 
0.00941296 -0.0171742 3.76496e-06 -1.45538e-05 -0.0171742 0.0844437 -1.86166e-05 4.6216e-05 3.76496e-06 -1.86166e-05 0.0092624 -0.0170813 -1.45538e-05 4.6216e-05 -0.0170813 0.0846388 
0.00945866 -0.0172716 -1.31737e-05 1.03322e-06 -0.0172716 0.0849633 3.61756e-06 8.16021e-06 -1.31737e-05 3.61756e-06 0.00932789 -0.0172094 1.03322e-06 8.16021e-06 -0.0172094 0.0852073 
0.00950398 -0.0173287 -2.56123e-05 1.7006e-05 -0.0173287 0.0852944 2.34965e-05 -3.48739e-05 -2.56123e-05 2.34965e-05 0.00936336 -0.0172968 1.7006e-05 -3.48739e-05 -0.0172968 0.0856219 
0.00952961 -0.0173512 -2.94846e-05 3.21298e-05 -0.0173512 0.0853785 3.78994e-05 -7.48058e-05 -2.94846e-05 3.78994e-05 0.00936211 -0.0173102 3.21298e-05 -7.48058e-05 -0.0173102 0.08573 
0.0095253 -0.0173473 -3.44693e-05 4.00175e-05 -0.0173473 0.0852985 4.27514e-05 -0.000101158 -3.44693e-05 4.27514e-05 0.00934063 -0.017271 4.00175e-05 -0.000101158 -0.017271 0.0855951 
0.00951381 -0.0173249 -3.21152e-05 4.84819e-05 -0.0173249 0.0851714 4.81378e-05 -0.000121617 -3.21152e-05 4.81378e-05 0.00931986 -0.0172258 4.84819e-05 -0.000121617 -0.0172258 0.0854025 
0.00950641 -0.017339 -2.43249e-05 4.84191e-05 -0.017339 0.0852328 4.60933e-05 -0.000130093 -2.43249e-05 4.60933e-05 0.00933078 -0.0172343 4.84191e-05 -0.000130093 -0.0172343 0.0854405 
0.00946775 -0.0172828 -1.64034e-05 3.6274e-05 -0.0172828 0.0850115 3.53326e-05 -0.000113329 -1.64034e-05 3.53326e-05 0.00934165 -0.0172002 3.6274e-05 -0.000113329 -0.0172002 0.0852443 
0.00949033 -0.0173074 -1.74614e-06 2.04429e-05 -0.0173074 0.0851928 2.09585e-05 -7.43081e-05 -1.74614e-06 2.09585e-05 0.0093848 -0.0172907 2.04429e-05 -7.43081e-05 -0.0172907 0.0855518 
0.00954186 -0.0173679 1.69721e-05 2.89904e-06 -0.0173679 0.0854783 1.10138e-06 -2.71643e-05 1.69721e-05 1.10138e-06 0.00941987 -0.0173791 2.89904e-06 -2.71643e-05 -0.0173791 0.0859483 
0.00955051 -0.0174188 2.06238e-05 -2.13886e-05 -0.0174188 0.0856618 -2.20629e-05 3.16421e-05 2.06238e-05 -2.20629e-05 0.00945158 -0.0174216 -2.13886e-05 3.16421e-05 -0.0174216 0.0861737 
0.00954365 -0.0174026 1.12003e-05 -2.92606e-05 -0.0174026 0.0856334 -2.7018e-05 6.91074e-05 1.12003e-05 -2.7018e-05 0.00944346 -0.0174324 -2.92606e-05 6.91074e-05 -0.0174324 0.0861951 
0.00948319 -0.0173244 1.5182e-05 -1.89357e-05 -0.0173244 0.0852686 -1.69082e-05 6.75311e-05 1.5182e-05 -1.69082e-05 0.00942785 -0.0173602 -1.89357e-05 6.75311e-05 -0.0173602 0.085875 
0.00944395 -0.017277 1.22108e-05 -1.83853e-05 -0.017277 0.0851173 -1.86252e-05 5.95741e-05 1.22108e-05 -1.86252e-05 0.00943974 -0.0173643 -1.83853e-05 5.95741e-05 -0.0173643 0.0858155 
0.00942845 -0.0172653 2.49479e-06 -1.50507e-05 -0.0172653 0.0851541 -1.82436e-05 5.71056e-05 2.49479e-06 -1.82436e-05 0.00946809 -0.0174176 -1.50507e-05 5.71056e-05 -0.0174176 0.086003 
0.00939108 -0.0171798 -1.68604e-05 -7.70619e-06 -0.0171798 0.0848267 -1.34369e-05 5.31585e-05 -1.68604e-05 -1.34369e-05 0.00945072 -0.0173941 -7.70619e-06 5.31585e-05 -0.0173941 0.0858462 
0.00935773 -0.0171397 -3.22481e-05 2.04214e-05 -0.0171397 0.0846426 1.50138e-05 1.60359e-06 -3.22481e-05 1.50138e-05 0.00945157 -0.017379 2.04214e-05 1.60359e-06 -0.017379 0.0857703 
0.00934447 -0.0170921 -3.19066e-05 4.15872e-05 -0.0170921 0.0844589 3.4045e-05 -5.46056e-05 -3.19066e-05 3.4045e-05 0.00942908 -0.0173629 4.15872e-05 -5.46056e-05 -0.0173629 0.0856593 
0.00936357 -0.017063 -1.30777e-05 4.41835e-05 -0.017063 0.084289 3.36833e-05 -8.11323e-05 -1.30777e-05 3.36833e-05 0.00937377 -0.0173198 4.41835e-05 -8.11323e-05 -0.0173198 0.0854912 
0.00939254 -0.0171332 -9.57281e-06 1.88589e-05 -0.0171332 0.0844806 1.10821e-05 -5.07864e-05 -9.57281e-06 1.10821e-05 0.0093552 -0.0172972 1.88589e-05 -5.07864e-05 -0.0172972 0.0855299 
0.00938379 -0.0171393 -3.98859e-06 8.82913e-06 -0.0171393 0.0844721 7.43893e-06 -1.95141e-05 -3.98859e-06 7.43893e-06 0.00932382 -0.0172316 8.82913e-06 -1.95141e-05 -0.0172316 0.085311 
0.00936991 -0.0171303 -4.43547e-06 -1.01591e-07 -0.0171303 0.0844533 3.58416e-06 1.4207e-06 -4.43547e-06 3.58416e-06 0.00930573 -0.0171888 -1.01591e-07 1.4207e-06 -0.0171888 0.0851459 
0.009358 -0.0170802 9.8937e-06 7.69204e-07 -0.0170802 0.0842447 3.96878e-06 8.19163e-06 9.8937e-06 3.96878e-06 0.00926403 -0.0171255 7.69204e-07 8.19163e-06 -0.0171255 0.0848533 
0.0093291 -0.0170709 8.02793e-06 -1.52097e-05 -0.0170709 0.0841586 -1.35866e-05 3.5423e-05 8.02793e-06 -1.35866e-05 0.00926563 -0.0170867 -1.52097e-05 3.5423e-05 -0.0170867 0.0847019 
0.00968004 -0.0177278 7.65728e-06 -1.85007e-05 -0.0177278 0.0874773 -1.81825e-05 6.35031e-05 7.65728e-06 -1.81825e-05 0.00964466 -0.0177772 -1.85007e-05 6.35031e-05 -0.0177772 0.088053 
0.00961012 -0.0175541 -2.10327e-05 -1.39032e-05 -0.0175541 0.0866905 -1.55268e-05 6.15917e-05 -2.10327e-05 -1.55268e-05 0.00956671 -0.0176444 -1.39032e-05 6.15917e-05 -0.0176444 0.0873427 
0.00961882 -0.0175669 -3.27379e-05 1.96463e-05 -0.0175669 0.0866749 1.73541e-05 1.19891e-05 -3.27379e-05 1.73541e-05 0.00955592 -0.0176427 1.96463e-05 1.19891e-05 -0.0176427 0.087335 
0.00964449 -0.0175941 -2.49012e-05 3.41148e-05 -0.0175941 0.0867508 3.68845e-05 -4.36029e-05 -2.49012e-05 3.68845e-05 0.00953816 -0.0176305 3.41148e-05 -4.36029e-05 -0.0176305 0.0873189 
0.00967851 -0.0176148 -1.79491e-05 2.23288e-05 -0.0176148 0.0867766 2.91692e-05 -4.92263e-05 -1.79491e-05 2.91692e-05 0.00949028 -0.0175956 2.23288e-05 -4.92263e-05 -0.0175956 0.0872075 
0.00973506 -0.0177147 -9.30802e-07 1.73428e-05 -0.0177147 0.0871284 2.23206e-05 -4.04963e-05 -9.30802e-07 2.23206e-05 0.00947677 -0.0175919 1.73428e-05 -4.04963e-05 -0.0175919 0.0873371 
0.00973433 -0.0177332 2.22012e-06 1.84406e-06 -0.0177332 0.0871427 3.51347e-07 -1.09887e-05 2.22012e-06 3.51347e-07 0.00945134 -0.0175204 1.84406e-06 -1.09887e-05 -0.0175204 0.0871032 
0.00970268 -0.0177531 8.9422e-06 1.1692e-07 -0.0177531 0.087235 -4.35116e-06 7.53539e-06 8.9422e-06 -4.35116e-06 0.00947191 -0.0175016 1.1692e-07 7.53539e-06 -0.0175016 0.0870245 
0.00964149 -0.0176821 3.66721e-06 -8.21666e-06 -0.0176821 0.0870427 -9.6649e-06 2.00414e-05 3.66721e-06 -9.6649e-06 0.00948937 -0.017486 -8.21666e-06 2.00414e-05 -0.017486 0.0868437 
0.00963392 -0.017647 5.43918e-06 -3.15743e-06 -0.017647 0.0870502 -1.08961e-07 1.13813e-05 5.43918e-06 -1.08961e-07 0.00952457 -0.0175688 -3.15743e-06 1.13813e-05 -0.0175688 0.0870853 
0.00960796 -0.0175993 5.45503e-07 -6.1816e-06 -0.0175993 0.086861 -1.26998e-06 7.80481e-06 5.45503e-07 -1.26998e-06 0.00953928 -0.0175824 -6.1816e-06 7.80481e-06 -0.0175824 0.0871105 
0.00962522 -0.0175957 -1.54311e-05 -3.49914e-06 -0.0175957 0.0868841 2.21856e-06 6.65457e-06 -1.54311e-05 2.21856e-06 0.00955033 -0.0176379 -3.49914e-06 6.65457e-06 -0.0176379 0.0873143 
0.00965862 -0.0176326 -2.44178e-05 2.01909e-05 -0.0176326 0.0870104 2.65528e-05 -3.81134e-05 -2.44178e-05 2.65528e-05 0.00954862 -0.0176667 2.01909e-05 -3.81134e-05 -0.0176667 0.0875026 
0.00968984 -0.0176984 -2.92609e-05 3.04121e-05 -0.0176984 0.0872625 3.82592e-05 -7.74304e-05 -2.92609e-05 3.82592e-05 0.00955854 -0.0176895 3.04121e-05 -7.74304e-05 -0.0176895 0.0877021 
0.00969876 -0.0177197 -1.9308e-05 3.73749e-05 -0.0177197 0.0873443 4.37795e-05 -0.000101198 -1.9308e-05 4.37795e-05 0.00956 -0.0176711 3.73749e-05 -0.000101198 -0.0176711 0.087673 
0.00971457 -0.0177733 6.32254e-06 2.10446e-05 -0.0177733 0.0875955 2.56045e-05 -7.6615e-05 6.32254e-06 2.56045e-05 0.0095955 -0.017703 2.10446e-05 -7.6615e-05 -0.017703 0.0878298 
0.00969878 -0.0177906 2.13101e-05 -1.05605e-05 -0.0177906 0.0877304 -4.28046e-06 -1.57306e-05 2.13101e-05 -4.28046e-06 0.009644 -0.0177469 -1.05605e-05 -1.57306e-05 -0.0177469 0.087975 
0.00930106 -0.0170609 1.31147e-05 -2.67333e-05 -0.0170609 0.0842601 -2.58667e-05 4.31378e-05 1.31147e-05 -2.58667e-05 0.00928157 -0.0171011 -2.67333e-05 4.31378e-05 -0.0171011 0.0846425 
0.00967513 -0.0177147 -5.57009e-06 -1.23228e-05 -0.0177147 0.0875653 -2.16675e-05 5.13282e-05 -5.57009e-06 -2.16675e-05 0.00966386 -0.017816 -1.23228e-05 5.13282e-05 -0.017816 0.0881554 
0.00963978 -0.0176166 -7.41348e-06 1.43374e-05 -0.0176166 0.0870464 1.14246e-06 6.99006e-06 -7.41348e-06 1.14246e-06 0.00961674 -0.0177258 1.43374e-05 6.99006e-06 -0.0177258 0.0877213 
0.00967731 -0.0176697 4.05501e-06 1.30206e-05 -0.0176697 0.0872224 2.83848e-06 -1.05982e-05 4.05501e-06 2.83848e-06 0.00961366 -0.0177657 1.30206e-05 -1.05982e-05 -0.0177657 0.0879048 
0.00968737 -0.0176646 2.3262e-05 -5.94143e-06 -0.0176646 0.0871203 -1.31602e-05 1.67613e-05 2.3262e-05 -1.31602e-05 0.00957855 -0.0177103 -5.94143e-06 1.67613e-05 -0.0177103 0.08772 
0.00968519 -0.0176862 3.53156e-05 -3.45529e-05 -0.0176862 0.0871222 -4.11012e-05 8.23356e-05 3.53156e-05 -4.11012e-05 0.00957376 -0.0176651 -3.45529e-05 8.23356e-05 -0.0176651 0.0875639 
0.00969627 -0.0177358 2.61359e-05 -4.89967e-05 -0.0177358 0.0873764 -5.67726e-05 0.000136411 2.61359e-05 -5.67726e-05 0.00960662 -0.0177156 -4.89967e-05 0.000136411 -0.0177156 0.087756 
0.0097148 -0.0177675 9.16915e-06 -3.46994e-05 -0.0177675 0.0876014 -4.4711e-05 0.000133701 9.16915e-06 -4.4711e-05 0.00962575 -0.0177814 -3.46994e-05 0.000133701 -0.0177814 0.0880299 
0.0097246 -0.0177396 -4.93406e-06 -8.05335e-06 -0.0177396 0.087498 -1.62027e-05 7.69392e-05 -4.93406e-06 -1.62027e-05 0.00960151 -0.0177655 -8.05335e-06 7.69392e-05 -0.0177655 0.0879884 
0.00972787 -0.0177354 -2.14455e-05 4.59291e-06 -0.0177354 0.0873845 5.04818e-06 2.54083e-05 -2.14455e-05 5.04818e-06 0.00957365 -0.0177117 4.59291e-06 2.54083e-05 -0.0177117 0.0878109 
0.00970032 -0.0177236 -1.59583e-05 2.01654e-05 -0.0177236 0.0872583 2.58185e-05 -1.95514e-05 -1.59583e-05 2.58185e-05 0.0095633 -0.0176521 2.01654e-05 -1.95514e-05 -0.0176521 0.0875617 
0.00968859 -0.0177187 8.72368e-07 1.67609e-05 -0.0177187 0.0872795 2.28942e-05 -3.73621e-05 8.72368e-07 2.28942e-05 0.00956605 -0.0176616 1.67609e-05 -3.73621e-05 -0.0176616 0.0875452 
0.00964994 -0.0176696 8.21208e-06 -5.45971e-06 -0.0176696 0.0870997 5.52078e-07 -3.47718e-06 8.21208e-06 5.52078e-07 0.00956712 -0.017638 -5.45971e-06 -3.47718e-06 -0.017638 0.0874066 
0.0096362 -0.0176551 1.69355e-05 -1.69013e-05 -0.0176551 0.0871002 -1.36754e-05 3.84039e-05 1.69355e-05 -1.36754e-05 0.00959369 -0.0176693 -1.69013e-05 3.84039e-05 -0.0176693 0.0874947 
0.00965928 -0.0177015 2.33358e-05 -2.40719e-05 -0.0177015 0.0873996 -2.44358e-05 6.60807e-05 2.33358e-05 -2.44358e-05 0.00964286 -0.0177792 -2.40719e-05 6.60807e-05 -0.0177792 0.0879539 
0.00964936 -0.0176708 1.16e-05 -2.80647e-05 -0.0176708 0.0873087 -2.97487e-05 7.96138e-05 1.16e-05 -2.97487e-05 0.00963783 -0.0177933 -2.80647e-05 7.96138e-05 -0.0177933 0.0880169 
0.00960377 -0.0175622 6.8718e-06 -1.40676e-05 -0.0175622 0.0867878 -1.20502e-05 5.69422e-05 6.8718e-06 -1.20502e-05 0.00957397 -0.0176972 -1.40676e-05 5.69422e-05 -0.0176972 0.0875843 
0.009606 -0.0175622 2.39466e-06 -7.93446e-06 -0.0175622 0.0867325 -1.28557e-06 2.66564e-05 2.39466e-06 -1.28557e-06 0.00954949 -0.017662 -7.93446e-06 2.66564e-05 -0.017662 0.0874901 
0.00956057 -0.0174862 -1.34526e-06 -4.66315e-06 -0.0174862 0.0863155 4.0719e-06 8.39746e-06 -1.34526e-06 4.0719e-06 0.00949259 -0.0175373 -4.66315e-06 8.39746e-06 -0.0175373 0.0869478 
0.00954179 -0.0175099 4.92769e-06 -8.12781e-07 -0.0175099 0.0864148 8.34019e-06 -2.52273e-06 4.92769e-06 8.34019e-06 0.00951211 -0.0175312 -8.12781e-07 -2.52273e-06 -0.0175312 0.0869252 
0.00950564 -0.0174345 1.02701e-05 -9.81594e-06 -0.0174345 0.0861524 -3.26107e-06 1.31018e-05 1.02701e-05 -3.26107e-06 0.00949073 -0.0174919 -9.81594e-06 1.31018e-05 -0.0174919 0.0866506 
0.0095147 -0.0174378 8.66623e-06 -1.19416e-05 -0.0174378 0.0862033 -1.27164e-05 2.90233e-05 8.66623e-06 -1.27164e-05 0.00949614 -0.0175219 -1.19416e-05 2.90233e-05 -0.0175219 0.0867588 
0.00949724 -0.0174112 2.26579e-06 -1.05532e-05 -0.0174112 0.086061 -1.71359e-05 4.13494e-05 2.26579e-06 -1.71359e-05 0.00948832 -0.017491 -1.05532e-05 4.13494e-05 -0.017491 0.0866302 
0.00948057 -0.0173606 6.27629e-07 -4.62183e-06 -0.0173606 0.0858225 -1.04821e-05 3.81498e-05 6.27629e-07 -1.04821e-05 0.00945564 -0.0174527 -4.62183e-06 3.81498e-05 -0.0174527 0.0864092 
0.00950701 -0.0174115 4.36555e-06 -1.03041e-06 -0.0174115 0.0860326 -2.04515e-06 2.15121e-05 4.36555e-06 -2.04515e-06 0.00945881 -0.0174847 -1.03041e-06 2.15121e-05 -0.0174847 0.0866037 
0.00952761 -0.017453 3.28053e-07 -1.71939e-06 -0.017453 0.0862201 6.75869e-07 5.45258e-06 3.28053e-07 6.75869e-07 0.0094563 -0.0174943 -1.71939e-06 5.45258e-06 -0.0174943 0.086725 
0.00953785 -0.0174496 4.72816e-06 -1.04347e-06 -0.0174496 0.086202 4.8748e-06 -1.96111e-06 4.72816e-06 4.8748e-06 0.00942668 -0.0174579 -1.04347e-06 -1.96111e-06 -0.0174579 0.0866177 
0.00951799 -0.01741 4.11375e-06 -8.89227e-06 -0.01741 0.0859568 -2.06142e-06 8.85327e-06 4.11375e-06 -2.06142e-06 0.00938351 -0.0173655 -8.89227e-06 8.85327e-06 -0.0173655 0.0862473 
0.00949411 -0.0173837 8.83012e-06 -8.70932e-06 -0.0173837 0.0857907 -6.99447e-06 2.19829e-05 8.83012e-06 -6.99447e-06 0.00936019 -0.0173023 -8.70932e-06 2.19829e-05 -0.0173023 0.0859581 
0.009492 -0.0173801 1.97034e-05 -1.34591e-05 -0.0173801 0.0857856 -1.61509e-05 3.87014e-05 1.97034e-05 -1.61509e-05 0.00935135 -0.0172918 -1.34591e-05 3.87014e-05 -0.0172918 0.0858839 
0.00950122 -0.0173944 2.406e-05 -2.76035e-05 -0.0173944 0.0858668 -2.71992e-05 6.64423e-05 2.406e-05 -2.71992e-05 0.00935791 -0.017306 -2.76035e-05 6.64423e-05 -0.017306 0.0859504 
0.00949862 -0.0173978 1.84373e-05 -3.36539e-05 -0.0173978 0.0858795 -3.13489e-05 8.70864e-05 1.84373e-05 -3.13489e-05 0.0093681 -0.0173053 -3.36539e-05 8.70864e-05 -0.0173053 0.0859498 
0.00951987 -0.0174453 2.18652e-05 -2.56873e-05 -0.0174453 0.0861327 -2.59421e-05 8.3544e-05 2.18652e-05 -2.59421e-05 0.0094002 -0.017371 -2.56873e-05 8.3544e-05 -0.017371 0.0862303 
0.00955471 -0.0174926 2.60654e-05 -2.47034e-05 -0.0174926 0.0863929 -2.66927e-05 7.21691e-05 2.60654e-05 -2.66927e-05 0.00941911 -0.017432 -2.47034e-05 7.21691e-05 -0.017432 0.0865254 
0.0095605 -0.0175127 6.56369e-06 -2.97149e-05 -0.0175127 0.0864827 -2.9729e-05 7.36896e-05 6.56369e-06 -2.9729e-05 0.00942841 -0.0174459 -2.97149e-05 7.36896e-05 -0.0174459 0.0866391 
0.00952198 -0.0174625 -1.0757e-05 -4.71388e-06 -0.0174625 0.0862493 -7.39927e-06 3.89531e-05 -1.0757e-05 -7.39927e-06 0.00942553 -0.0173928 -4.71388e-06 3.89531e-05 -0.0173928 0.0863977 
0.00947826 -0.0173416 -1.72147e-05 1.92983e-05 -0.0173416 0.0857164 1.44885e-05 -1.94786e-05 -1.72147e-05 1.44885e-05 0.00938049 -0.0173242 1.92983e-05 -1.94786e-05 -0.0173242 0.0859535 
0.00944507 -0.0172676 -2.67941e-05 2.69269e-05 -0.0172676 0.0852932 2.4713e-05 -5.75488e-05 -2.67941e-05 2.4713e-05 0.00934279 -0.0172606 2.69269e-05 -5.75488e-05 -0.0172606 0.0856084 
