0.00668649 0 5.24514e-05 0 0 0.00941779 0 0 5.24514e-05 0 0.00661882 0 0 0 0 0.00941779 
0.0097132 -0.012057 5.68412e-05 -6.91529e-05 -0.012057 0.0319519 -6.91529e-05 0.000133008 5.68412e-05 -6.91529e-05 0.00955831 -0.0118637 -6.91529e-05 0.000133008 -0.0118637 0.0315814 
0.00994712 -0.0186004 3.77992e-05 -3.44182e-05 -0.0186004 0.0684887 -3.44182e-05 9.75776e-05 3.77992e-05 -3.44182e-05 0.00980874 -0.0181876 -3.44182e-05 9.75776e-05 -0.0181876 0.067133 
0.00937668 -0.01832 2.35059e-05 3.03237e-05 -0.01832 0.0822582 4.04446e-05 -0.000279047 2.35059e-05 4.04446e-05 0.00932222 -0.0178475 3.03237e-05 -0.000279047 -0.0178475 0.0799345 
0.00896574 -0.0170094 2.17194e-05 3.25342e-05 -0.0170094 0.0825158 5.38807e-05 -0.000452451 2.17194e-05 5.38807e-05 0.00904005 -0.0167019 3.25342e-05 -0.000452451 -0.0167019 0.0802365 
0.00913236 -0.016996 3.56657e-06 1.31691e-05 -0.016996 0.0841112 3.32268e-05 -0.00038622 3.56657e-06 3.32268e-05 0.00929382 -0.0169195 1.31691e-05 -0.00038622 -0.0169195 0.082546 
0.00927733 -0.017128 3.31527e-06 2.22749e-05 -0.017128 0.0850223 3.92977e-05 -0.000297418 3.31527e-06 3.92977e-05 0.00946549 -0.0172108 2.22749e-05 -0.000297418 -0.0172108 0.084236 
0.00945459 -0.0174002 1.45004e-05 2.15273e-05 -0.0174002 0.0863017 3.88985e-05 -0.000247715 1.45004e-05 3.88985e-05 0.00961856 -0.0175131 2.15273e-05 -0.000247715 -0.0175131 0.085915 
0.00929868 -0.0171039 8.73081e-06 1.50031e-05 -0.0171039 0.0847051 2.63385e-05 -0.000208668 8.73081e-06 2.63385e-05 0.00943779 -0.017174 1.50031e-05 -0.000208668 -0.017174 0.0844044 
0.00962236 -0.017693 1.67528e-05 2.76791e-05 -0.017693 0.0875151 2.87973e-05 -0.000209248 1.67528e-05 2.87973e-05 0.0097296 -0.0177159 2.76791e-05 -0.000209248 -0.0177159 0.0871129 
0.00954953 -0.0175744 3.73665e-05 2.35361e-05 -0.0175744 0.0868448 1.68016e-05 -0.000200572 3.73665e-05 1.68016e-05 0.00963188 -0.0175454 2.35361e-05 -0.000200572 -0.0175454 0.0863099 
0.009517 -0.0175104 4.53731e-05 1.81208e-06 -0.0175104 0.086519 -7.35968e-06 -0.00016571 4.53731e-05 -7.35968e-06 0.00956728 -0.0174602 1.81208e-06 -0.00016571 -0.0174602 0.085902 
0.00949595 -0.0174777 5.65454e-05 -1.17686e-05 -0.0174777 0.0863405 -1.98116e-05 -0.000122896 5.65454e-05 -1.98116e-05 0.00954275 -0.0174008 -1.17686e-05 -0.000122896 -0.0174008 0.0856727 
0.00950064 -0.0174657 4.94847e-05 -2.93854e-05 -0.0174657 0.0862855 -3.34575e-05 -8.10639e-05 4.94847e-05 -3.34575e-05 0.0095318 -0.0173922 -2.93854e-05 -8.10639e-05 -0.0173922 0.0856137 
0.00953156 -0.0175168 4.55431e-05 -2.08063e-05 -0.0175168 0.0864798 -2.5288e-05 -7.69283e-05 4.55431e-05 -2.5288e-05 0.00953814 -0.0174197 -2.08063e-05 -7.69283e-05 -0.0174197 0.0857729 
0.00955415 -0.0175535 5.2459e-05 -1.16238e-05 -0.0175535 0.0866108 -1.83392e-05 -9.51096e-05 5.2459e-05 -1.83392e-05 0.00953887 -0.0174213 -1.16238e-05 -9.51096e-05 -0.0174213 0.0858284 
0.00952275 -0.0175707 4.5767e-05 -1.40457e-05 -0.0175707 0.0866524 -2.18379e-05 -0.000108471 4.5767e-05 -2.18379e-05 0.00956031 -0.0174047 -1.40457e-05 -0.000108471 -0.0174047 0.0857759 
0.00949381 -0.017497 4.26638e-05 -1.40122e-05 -0.017497 0.0864402 -1.75133e-05 -0.000107643 4.26638e-05 -1.75133e-05 0.00954338 -0.0174008 -1.40122e-05 -0.000107643 -0.0174008 0.0856395 
0.00949645 -0.0174653 4.48715e-05 -1.09482e-05 -0.0174653 0.0863145 -1.09083e-05 -0.000115955 4.48715e-05 -1.09083e-05 0.00951015 -0.0173991 -1.09482e-05 -0.000115955 -0.0173991 0.0856309 
0.00946629 -0.0174362 4.98034e-05 -7.84118e-06 -0.0174362 0.0861128 -8.41537e-06 -0.000129867 4.98034e-05 -8.41537e-06 0.00950405 -0.0173333 -7.84118e-06 -0.000129867 -0.0173333 0.0854277 
0.00945209 -0.017419 3.86864e-05 -8.18346e-06 -0.017419 0.0860591 -1.18768e-05 -0.000139649 3.86864e-05 -1.18768e-05 0.00952021 -0.0173391 -8.18346e-06 -0.000139649 -0.0173391 0.0853899 
0.00944149 -0.0174101 2.56233e-05 6.32868e-06 -0.0174101 0.086051 -8.9657e-07 -0.000162686 2.56233e-05 -8.9657e-07 0.00954759 -0.0173756 6.32868e-06 -0.000162686 -0.0173756 0.0854819 
0.00944365 -0.0173958 3.29947e-05 2.43277e-05 -0.0173958 0.0860256 1.57348e-05 -0.0002041 3.29947e-05 1.57348e-05 0.00957268 -0.0174147 2.43277e-05 -0.0002041 -0.0174147 0.0855943 
0.00949143 -0.0174717 3.89218e-05 1.82078e-05 -0.0174717 0.0863907 1.09996e-05 -0.000219597 3.89218e-05 1.09996e-05 0.00960696 -0.0175278 1.82078e-05 -0.000219597 -0.0175278 0.0860844 
0.00949808 -0.0175127 4.37523e-05 1.35223e-05 -0.0175127 0.086564 5.00686e-06 -0.000215203 4.37523e-05 5.00686e-06 0.00963573 -0.0175531 1.35223e-05 -0.000215203 -0.0175531 0.0862849 
0.00951057 -0.0175189 5.10502e-05 1.11907e-05 -0.0175189 0.0866443 1.05183e-06 -0.000213329 5.10502e-05 1.05183e-06 0.00963487 -0.0175781 1.11907e-05 -0.000213329 -0.0175781 0.086384 
0.00949965 -0.0175336 4.61554e-05 8.10302e-07 -0.0175336 0.0867024 -1.15485e-05 -0.000192924 4.61554e-05 -1.15485e-05 0.00964993 -0.0175771 8.10302e-07 -0.000192924 -0.0175771 0.0864332 
0.00952032 -0.0175544 3.73253e-05 6.37515e-06 -0.0175544 0.086886 -6.63669e-06 -0.000190177 3.73253e-05 -6.63669e-06 0.00967395 -0.0176325 6.37515e-06 -0.000190177 -0.0176325 0.0866624 
0.00952911 -0.0175554 2.16373e-05 1.57138e-05 -0.0175554 0.0868973 4.78412e-06 -0.000208106 2.16373e-05 4.78412e-06 0.00967897 -0.0176424 1.57138e-05 -0.000208106 -0.0176424 0.0867227 
0.00953362 -0.0175587 2.35998e-05 3.66914e-05 -0.0175587 0.0868847 3.17964e-05 -0.000258932 2.35998e-05 3.17964e-05 0.00967555 -0.0176344 3.66914e-05 -0.000258932 -0.0176344 0.0866995 
0.00953169 -0.0175354 4.45689e-05 3.32679e-05 -0.0175354 0.0867525 3.41086e-05 -0.000284959 4.45689e-05 3.41086e-05 0.00963279 -0.0176032 3.32679e-05 -0.000284959 -0.0176032 0.0865486 
0.00952384 -0.0175264 6.78185e-05 6.09694e-06 -0.0175264 0.086656 1.00271e-05 -0.000253505 6.78185e-05 1.00271e-05 0.00960945 -0.0175437 6.09694e-06 -0.000253505 -0.0175437 0.086364 
0.00952722 -0.0174964 6.17577e-05 -2.57922e-05 -0.0174964 0.0864944 -2.10131e-05 -0.000182259 6.17577e-05 -2.10131e-05 0.0095716 -0.0174913 -2.57922e-05 -0.000182259 -0.0174913 0.0861197 
0.00958206 -0.0175812 5.80598e-05 -2.02842e-05 -0.0175812 0.086815 -1.7756e-05 -0.000154697 5.80598e-05 -1.7756e-05 0.00955605 -0.0175215 -2.02842e-05 -0.000154697 -0.0175215 0.0863231 
0.00961749 -0.0176327 5.38957e-05 -1.4284e-05 -0.0176327 0.0869723 -1.34123e-05 -0.00015808 5.38957e-05 -1.34123e-05 0.00952822 -0.0174739 -1.4284e-05 -0.00015808 -0.0174739 0.0862575 
0.00959437 -0.017662 5.97873e-05 -1.16115e-05 -0.017662 0.0870412 -7.988e-06 -0.000165396 5.97873e-05 -7.988e-06 0.00955325 -0.0174236 -1.16115e-05 -0.000165396 -0.0174236 0.0861 
0.00958665 -0.0176712 7.69947e-05 -2.25561e-05 -0.0176712 0.0872 -1.53252e-05 -0.000151226 7.69947e-05 -1.53252e-05 0.00958866 -0.0174809 -2.25561e-05 -0.000151226 -0.0174809 0.0862241 
0.00957805 -0.0176702 8.30539e-05 -4.33172e-05 -0.0176702 0.0873006 -3.9045e-05 -0.000106701 8.30539e-05 -3.9045e-05 0.00962414 -0.0175451 -4.33172e-05 -0.000106701 -0.0175451 0.0864526 
0.00956429 -0.0176451 8.22547e-05 -5.42889e-05 -0.0176451 0.0872718 -5.25463e-05 -6.07081e-05 8.22547e-05 -5.25463e-05 0.00963543 -0.0175824 -5.42889e-05 -6.07081e-05 -0.0175824 0.0865902 
0.00953824 -0.0175638 4.98661e-05 -5.24401e-05 -0.0175638 0.0869372 -5.08203e-05 -4.54744e-05 4.98661e-05 -5.08203e-05 0.00961309 -0.0175461 -5.24401e-05 -4.54744e-05 -0.0175461 0.0864127 
0.0095374 -0.0175164 3.35591e-05 -1.42995e-05 -0.0175164 0.0866628 -9.27369e-06 -0.000102953 3.35591e-05 -9.27369e-06 0.00957413 -0.0175021 -1.42995e-05 -0.000102953 -0.0175021 0.086205 
0.00952843 -0.0175389 2.62507e-05 6.74819e-06 -0.0175389 0.0866537 1.27951e-05 -0.000169075 2.62507e-05 1.27951e-05 0.00956073 -0.0174727 6.74819e-06 -0.000169075 -0.0174727 0.086129 
0.00948611 -0.0175334 1.56552e-05 1.92599e-05 -0.0175334 0.0866511 2.53496e-05 -0.000216857 1.56552e-05 2.53496e-05 0.00958898 -0.0174523 1.92599e-05 -0.000216857 -0.0174523 0.0860509 
0.00941826 -0.0174046 2.1394e-05 2.89235e-05 -0.0174046 0.0861813 3.43832e-05 -0.000241874 2.1394e-05 3.43832e-05 0.00958181 -0.0174065 2.89235e-05 -0.000241874 -0.0174065 0.0856795 
0.00941665 -0.0173433 2.65258e-05 2.11944e-05 -0.0173433 0.0859448 2.44942e-05 -0.000235821 2.65258e-05 2.44942e-05 0.00958958 -0.0174301 2.11944e-05 -0.000235821 -0.0174301 0.0856488 
0.00945264 -0.0173843 2.8882e-05 1.25103e-05 -0.0173843 0.0860612 1.26391e-05 -0.000208675 2.8882e-05 1.26391e-05 0.00961896 -0.0174986 1.25103e-05 -0.000208675 -0.0174986 0.0859149 
0.00948346 -0.0174495 2.52835e-05 1.52982e-05 -0.0174495 0.0862836 9.67373e-06 -0.000200191 2.52835e-05 9.67373e-06 0.00964408 -0.0175523 1.52982e-05 -0.000200191 -0.0175523 0.0861648 
0.00948664 -0.0174459 2.5931e-05 2.2256e-05 -0.0174459 0.086236 1.33342e-05 -0.000209046 2.5931e-05 1.33342e-05 0.00962404 -0.0175412 2.2256e-05 -0.000209046 -0.0175412 0.0861074 
0.0094988 -0.0174903 2.79762e-05 2.33814e-05 -0.0174903 0.0864109 1.46216e-05 -0.000220469 2.79762e-05 1.46216e-05 0.00961351 -0.0175538 2.33814e-05 -0.000220469 -0.0175538 0.0862221 
0.00947496 -0.0174631 3.81871e-05 2.29795e-05 -0.0174631 0.086293 1.74048e-05 -0.000230618 3.81871e-05 1.74048e-05 0.0095774 -0.0174886 2.29795e-05 -0.000230618 -0.0174886 0.0860032 
0.00946914 -0.0174526 2.42727e-05 1.06283e-05 -0.0174526 0.0862868 8.23938e-06 -0.000222373 2.42727e-05 8.23938e-06 0.00956101 -0.0174669 1.06283e-05 -0.000222373 -0.0174669 0.0859447 
0.0094683 -0.0174625 4.3565e-05 2.41471e-05 -0.0174625 0.0863523 2.38018e-05 -0.000235294 4.3565e-05 2.38018e-05 0.00957293 -0.0174609 2.41471e-05 -0.000235294 -0.0174609 0.0859679 
0.00947867 -0.0175082 5.73519e-05 3.25812e-06 -0.0175082 0.0866105 5.56277e-06 -0.000221652 5.73519e-05 5.56277e-06 0.00961139 -0.0175149 3.25812e-06 -0.000221652 -0.0175149 0.0862095 
0.00944739 -0.0174446 5.73843e-05 -2.15005e-05 -0.0174446 0.0863832 -1.83008e-05 -0.000161324 5.73843e-05 -1.83008e-05 0.00959448 -0.0174909 -2.15005e-05 -0.000161324 -0.0174909 0.0860491 
0.0093969 -0.0173368 4.93909e-05 -2.47382e-05 -0.0173368 0.0858922 -2.35771e-05 -0.00012046 4.93909e-05 -2.35771e-05 0.0095411 -0.0174105 -2.47382e-05 -0.00012046 -0.0174105 0.0856493 
0.0093744 -0.0172992 4.32388e-05 -1.12628e-05 -0.0172992 0.0857074 -1.11576e-05 -0.00013058 4.32388e-05 -1.11576e-05 0.00952003 -0.017379 -1.12628e-05 -0.00013058 -0.017379 0.0855227 
0.00933966 -0.0171849 3.32619e-05 -4.09408e-06 -0.0171849 0.0851656 3.56412e-07 -0.000155046 3.32619e-05 3.56412e-07 0.00944654 -0.0172752 -4.09408e-06 -0.000155046 -0.0172752 0.08503 
0.00932813 -0.0171567 1.4649e-05 5.77221e-06 -0.0171567 0.0849199 1.40581e-05 -0.00018342 1.4649e-05 1.40581e-05 0.00940422 -0.0171992 5.77221e-06 -0.00018342 -0.0171992 0.0847338 
0.00935103 -0.0171748 1.26867e-05 2.98845e-05 -0.0171748 0.0849399 3.60334e-05 -0.00023207 1.26867e-05 3.60334e-05 0.00937473 -0.0171762 2.98845e-05 -0.00023207 -0.0171762 0.0846566 
0.00938582 -0.0172419 4.83103e-05 3.4515e-05 -0.0172419 0.0851609 3.58777e-05 -0.000256609 4.83103e-05 3.58777e-05 0.00936689 -0.0171636 3.4515e-05 -0.000256609 -0.0171636 0.0846938 
0.00937433 -0.017275 7.2502e-05 -6.14286e-06 -0.017275 0.0852612 -1.00153e-05 -0.000196273 7.2502e-05 -1.00153e-05 0.00937979 -0.0171313 -6.14286e-06 -0.000196273 -0.0171313 0.0845947 
0.00933341 -0.0171911 6.79365e-05 -3.89487e-05 -0.0171911 0.0849304 -4.85522e-05 -9.80031e-05 6.79365e-05 -4.85522e-05 0.00935765 -0.0170735 -3.89487e-05 -9.80031e-05 -0.0170735 0.084217 
0.0093199 -0.0171935 6.53102e-05 -3.90753e-05 -0.0171935 0.0849654 -5.02517e-05 -4.93236e-05 6.53102e-05 -5.02517e-05 0.00938747 -0.017117 -3.90753e-05 -4.93236e-05 -0.017117 0.0843373 
0.0097052 -0.0178682 5.99327e-05 -4.18676e-05 -0.0178682 0.0883769 -4.67665e-05 -3.93589e-05 5.99327e-05 -4.67665e-05 0.00977269 -0.0178514 -4.18676e-05 -3.93589e-05 -0.0178514 0.0878734 
0.00967154 -0.0178141 4.98369e-05 -3.61605e-05 -0.0178141 0.088058 -3.37767e-05 -4.85264e-05 4.98369e-05 -3.37767e-05 0.00974694 -0.0177938 -3.61605e-05 -4.85264e-05 -0.0177938 0.0876199 
0.00965517 -0.0178073 3.99923e-05 -2.21757e-05 -0.0178073 0.08802 -1.71487e-05 -8.08404e-05 3.99923e-05 -1.71487e-05 0.0097468 -0.0177951 -2.21757e-05 -8.08404e-05 -0.0177951 0.0876047 
0.00965158 -0.0177966 4.02231e-05 -6.37244e-06 -0.0177966 0.0880229 -2.55038e-06 -0.000121738 4.02231e-05 -2.55038e-06 0.0097383 -0.017811 -6.37244e-06 -0.000121738 -0.017811 0.0876654 
0.00965143 -0.0178304 4.5066e-05 -5.24148e-06 -0.0178304 0.0882092 -3.43163e-06 -0.000138783 4.5066e-05 -3.43163e-06 0.00976297 -0.0178422 -5.24148e-06 -0.000138783 -0.0178422 0.0878798 
0.00963592 -0.0178272 5.74952e-05 -1.68207e-05 -0.0178272 0.0882815 -1.2698e-05 -0.000120691 5.74952e-05 -1.2698e-05 0.00977306 -0.0178644 -1.68207e-05 -0.000120691 -0.0178644 0.0879928 
0.00923287 -0.017093 3.50272e-05 -3.47835e-05 -0.017093 0.0847478 -2.69754e-05 -7.78069e-05 3.50272e-05 -2.69754e-05 0.00938748 -0.0171603 -3.47835e-05 -7.78069e-05 -0.0171603 0.0845419 
0.0092409 -0.0170797 3.0917e-05 -1.60466e-05 -0.0170797 0.0847644 -4.50571e-06 -8.49836e-05 3.0917e-05 -4.50571e-06 0.00938796 -0.0171727 -1.60466e-05 -8.49836e-05 -0.0171727 0.0846274 
0.00921946 -0.017022 2.36272e-05 -8.38382e-06 -0.017022 0.0844863 1.43633e-06 -0.000106623 2.36272e-05 1.43633e-06 0.00936608 -0.017124 -8.38382e-06 -0.000106623 -0.017124 0.0844142 
0.00959316 -0.0177019 1.77556e-05 1.30614e-06 -0.0177019 0.0878368 8.30679e-06 -0.000129243 1.77556e-05 8.30679e-06 0.00974343 -0.0178084 1.30614e-06 -0.000129243 -0.0178084 0.0877867 
0.00962495 -0.0177056 2.82601e-05 1.28445e-05 -0.0177056 0.0878218 1.90235e-05 -0.000156113 2.82601e-05 1.90235e-05 0.00972693 -0.0178105 1.28445e-05 -0.000156113 -0.0178105 0.0877809 
0.009615 -0.0177117 1.78994e-05 5.62199e-06 -0.0177117 0.0877061 9.1718e-06 -0.00016079 1.78994e-05 9.1718e-06 0.00971134 -0.0177553 5.62199e-06 -0.00016079 -0.0177553 0.0875748 
0.00958689 -0.0176702 2.1583e-05 1.67056e-05 -0.0176702 0.0874795 1.67137e-05 -0.000168526 2.1583e-05 1.67137e-05 0.00967961 -0.0176996 1.67056e-05 -0.000168526 -0.0176996 0.0872687 
0.00958872 -0.0176753 2.8916e-05 1.352e-05 -0.0176753 0.0874995 9.57482e-06 -0.000168382 2.8916e-05 9.57482e-06 0.00967589 -0.0176956 1.352e-05 -0.000168382 -0.0176956 0.0872427 
0.00964046 -0.0177696 3.80026e-05 9.17963e-06 -0.0177696 0.0879452 2.05062e-06 -0.000161345 3.80026e-05 2.05062e-06 0.00970113 -0.0177708 9.17963e-06 -0.000161345 -0.0177708 0.0876235 
0.00964845 -0.0178023 4.43456e-05 -5.44116e-07 -0.0178023 0.0880978 -8.04718e-06 -0.00014328 4.43456e-05 -8.04718e-06 0.00971437 -0.0177751 -5.44116e-07 -0.00014328 -0.0177751 0.0877104 
0.00927709 -0.0171226 3.65793e-05 -1.05639e-05 -0.0171226 0.0847712 -1.47029e-05 -0.000115525 3.65793e-05 -1.47029e-05 0.0093545 -0.0171042 -1.05639e-05 -0.000115525 -0.0171042 0.0843862 
0.00929385 -0.0171469 1.70066e-05 -6.13492e-06 -0.0171469 0.084928 -7.24686e-06 -0.000114525 1.70066e-05 -7.24686e-06 0.00937991 -0.0171526 -6.13492e-06 -0.000114525 -0.0171526 0.0845901 
0.00929491 -0.0171708 8.24934e-06 2.02907e-05 -0.0171708 0.0850387 2.16136e-05 -0.000163341 8.24934e-06 2.16136e-05 0.00940525 -0.0171748 2.02907e-05 -0.000163341 -0.0171748 0.0847067 
0.00927254 -0.0171127 1.15998e-05 3.14981e-05 -0.0171127 0.0848086 3.57079e-05 -0.000209688 1.15998e-05 3.57079e-05 0.00939432 -0.0171511 3.14981e-05 -0.000209688 -0.0171511 0.0845314 
0.00926657 -0.0170614 1.20217e-05 2.73102e-05 -0.0170614 0.0845371 3.43728e-05 -0.000224676 1.20217e-05 3.43728e-05 0.0093623 -0.0171096 2.73102e-05 -0.000224676 -0.0171096 0.084297 
0.00969289 -0.017769 2.43139e-05 2.4372e-05 -0.017769 0.0879389 3.09397e-05 -0.00022386 2.43139e-05 3.09397e-05 0.00969487 -0.0177841 2.4372e-05 -0.00022386 -0.0177841 0.0876427 
0.0097475 -0.0178976 3.26923e-05 1.1018e-05 -0.0178976 0.0883384 1.18827e-05 -0.000194113 3.26923e-05 1.18827e-05 0.00970542 -0.0177847 1.1018e-05 -0.000194113 -0.0177847 0.0878051 
0.00934477 -0.0172103 1.45837e-05 4.11199e-06 -0.0172103 0.0848874 -2.83609e-06 -0.000155919 1.45837e-05 -2.83609e-06 0.00931997 -0.0170364 4.11199e-06 -0.000155919 -0.0170364 0.084144 
0.00933658 -0.0172429 4.27702e-06 2.93138e-05 -0.0172429 0.0851301 1.52266e-05 -0.000179895 4.27702e-06 1.52266e-05 0.00935719 -0.0170877 2.93138e-05 -0.000179895 -0.0170877 0.0843233 
0.00931785 -0.017206 2.39579e-05 4.56359e-05 -0.017206 0.0850956 2.9131e-05 -0.000222081 2.39579e-05 2.9131e-05 0.00937377 -0.0171193 4.56359e-05 -0.000222081 -0.0171193 0.0844038 
0.00927263 -0.0171519 3.74462e-05 2.41573e-05 -0.0171519 0.0849077 8.78822e-06 -0.00021239 3.74462e-05 8.78822e-06 0.0093901 -0.0171244 2.41573e-05 -0.00021239 -0.0171244 0.0843884 
0.00925522 -0.0171047 3.94645e-05 1.35921e-06 -0.0171047 0.0848019 -5.86637e-06 -0.000170479 3.94645e-05 -5.86637e-06 0.00941282 -0.0171683 1.35921e-06 -0.000170479 -0.0171683 0.0845156 
0.00924175 -0.0170819 1.99274e-05 -4.84874e-06 -0.0170819 0.0847236 -7.05172e-06 -0.000144477 1.99274e-05 -7.05172e-06 0.00943963 -0.0172003 -4.84874e-06 -0.000144477 -0.0172003 0.0846322 
0.00926715 -0.01707 2.27946e-05 1.47034e-05 -0.01707 0.084705 1.24466e-05 -0.00016086 2.27946e-05 1.24466e-05 0.00942414 -0.0172456 1.47034e-05 -0.00016086 -0.0172456 0.0847848 
0.00931031 -0.0170856 3.11015e-05 1.68547e-05 -0.0170856 0.0846704 7.76821e-06 -0.000172996 3.11015e-05 7.76821e-06 0.00937558 -0.0172128 1.68547e-05 -0.000172996 -0.0172128 0.084752 
0.00931026 -0.017155 3.23279e-05 1.32951e-05 -0.017155 0.0848037 1.97265e-06 -0.000174484 3.23279e-05 1.97265e-06 0.0093766 -0.0171482 1.32951e-05 -0.000174484 -0.0171482 0.0846322 
0.00929769 -0.0172011 4.43252e-05 9.17358e-06 -0.0172011 0.085079 2.47476e-06 -0.000171632 4.43252e-05 2.47476e-06 0.00942203 -0.0171787 9.17358e-06 -0.000171632 -0.0171787 0.0847368 
0.0092677 -0.0171451 5.37408e-05 -7.62384e-06 -0.0171451 0.0849755 -1.01043e-05 -0.000148387 5.37408e-05 -1.01043e-05 0.00944389 -0.0172024 -7.62384e-06 -0.000148387 -0.0172024 0.0847194 
0.00925418 -0.0170571 5.15288e-05 -2.16796e-05 -0.0170571 0.0846379 -1.8807e-05 -0.00012018 5.15288e-05 -1.8807e-05 0.00941945 -0.0172032 -2.16796e-05 -0.00012018 -0.0172032 0.0846091 
0.00926568 -0.0170817 3.00947e-05 -1.54751e-05 -0.0170817 0.0846677 -9.73848e-06 -0.000127202 3.00947e-05 -9.73848e-06 0.00943006 -0.0172194 -1.54751e-05 -0.000127202 -0.0172194 0.0847327 
0.00929238 -0.0171465 1.04715e-05 1.24734e-05 -0.0171465 0.0849535 1.95088e-05 -0.000181323 1.04715e-05 1.95088e-05 0.00946072 -0.0172752 1.24734e-05 -0.000181323 -0.0172752 0.0850147 
0.00927553 -0.0171111 1.01953e-05 3.33233e-05 -0.0171111 0.0847911 4.05588e-05 -0.000236086 1.01953e-05 4.05588e-05 0.00944015 -0.0172365 3.33233e-05 -0.000236086 -0.0172365 0.0848341 
0.00926826 -0.0170872 2.92629e-05 3.12121e-05 -0.0170872 0.0846706 3.87794e-05 -0.00025157 2.92629e-05 3.87794e-05 0.00942753 -0.0172118 3.12121e-05 -0.00025157 -0.0172118 0.0847096 
0.00929694 -0.0171048 4.08108e-05 6.16515e-06 -0.0171048 0.0847229 1.25949e-05 -0.000210434 4.08108e-05 1.25949e-05 0.00940223 -0.0172134 6.16515e-06 -0.000210434 -0.0172134 0.0847204 
0.00933253 -0.0171593 3.82363e-05 -1.00932e-05 -0.0171593 0.0848894 -4.80231e-06 -0.000157987 3.82363e-05 -4.80231e-06 0.00938651 -0.0171962 -1.00932e-05 -0.000157987 -0.0171962 0.0847497 
0.00932868 -0.0171631 3.06457e-05 -1.11622e-05 -0.0171631 0.0848327 -5.08857e-06 -0.000130847 3.06457e-05 -5.08857e-06 0.00936449 -0.0171296 -1.11622e-05 -0.000130847 -0.0171296 0.0845033 
0.00932567 -0.0172002 2.20621e-05 -1.16964e-06 -0.0172002 0.0849914 6.28843e-06 -0.000142112 2.20621e-05 6.28843e-06 0.00938997 -0.0171343 -1.16964e-06 -0.000142112 -0.0171343 0.0845197 
0.0093557 -0.0172134 3.43461e-05 9.03425e-06 -0.0172134 0.0851386 1.84477e-05 -0.000167494 3.43461e-05 1.84477e-05 0.00939983 -0.0171884 9.03425e-06 -0.000167494 -0.0171884 0.0846828 
0.00938753 -0.0172926 4.95705e-05 -7.75123e-06 -0.0172926 0.0854586 2.37466e-06 -0.000151384 4.95705e-05 2.37466e-06 0.00943322 -0.0172361 -7.75123e-06 -0.000151384 -0.0172361 0.084965 
0.00940164 -0.0172983 5.23275e-05 -2.80712e-05 -0.0172983 0.0855024 -2.09488e-05 -0.000101993 5.23275e-05 -2.09488e-05 0.00942211 -0.0172391 -2.80712e-05 -0.000101993 -0.0172391 0.0849718 
0.00939846 -0.0173148 4.95399e-05 -2.93446e-05 -0.0173148 0.0855454 -2.58326e-05 -7.50642e-05 4.95399e-05 -2.58326e-05 0.00943205 -0.0172268 -2.93446e-05 -7.50642e-05 -0.0172268 0.0849579 
0.00940921 -0.0173076 3.49868e-05 -1.88147e-05 -0.0173076 0.0855478 -2.09004e-05 -8.47701e-05 3.49868e-05 -2.09004e-05 0.00942523 -0.0172387 -1.88147e-05 -8.47701e-05 -0.0172387 0.0849627 
0.00943311 -0.0173509 1.79152e-05 3.88246e-06 -0.0173509 0.085716 -3.0992e-06 -0.0001261 1.79152e-05 -3.0992e-06 0.00943271 -0.0172638 3.88246e-06 -0.0001261 -0.0172638 0.0851193 
0.00944666 -0.0173734 2.67396e-05 2.68201e-05 -0.0173734 0.0857998 2.26143e-05 -0.000187716 2.67396e-05 2.26143e-05 0.00942389 -0.0172589 2.68201e-05 -0.000187716 -0.0172589 0.0851403 
0.00941043 -0.0173428 4.82942e-05 1.20135e-05 -0.0173428 0.0856188 1.42106e-05 -0.000194439 4.82942e-05 1.42106e-05 0.00942016 -0.0171893 1.20135e-05 -0.000194439 -0.0171893 0.0848558 
0.00938674 -0.0173075 5.2422e-05 -1.73036e-05 -0.0173075 0.085512 -1.34726e-05 -0.000143854 5.2422e-05 -1.34726e-05 0.00942485 -0.0171907 -1.73036e-05 -0.000143854 -0.0171907 0.0847518 
0.00938918 -0.0172808 4.93764e-05 -3.22178e-05 -0.0172808 0.0854206 -2.6347e-05 -8.52524e-05 4.93764e-05 -2.6347e-05 0.00939741 -0.0171955 -3.22178e-05 -8.52524e-05 -0.0171955 0.0847172 
0.00941304 -0.0173242 4.33654e-05 -2.82585e-05 -0.0173242 0.0855884 -1.97676e-05 -7.26622e-05 4.33654e-05 -1.97676e-05 0.00940275 -0.0172081 -2.82585e-05 -7.26622e-05 -0.0172081 0.0848689 
0.00940225 -0.017341 4.0554e-05 -1.96206e-05 -0.017341 0.0856532 -1.28729e-05 -8.21909e-05 4.0554e-05 -1.28729e-05 0.00941706 -0.0171992 -1.96206e-05 -8.21909e-05 -0.0171992 0.0848724 
0.00941761 -0.0173543 3.79546e-05 -1.22446e-05 -0.0173543 0.0857998 -9.48684e-06 -9.87788e-05 3.79546e-05 -9.48684e-06 0.00943614 -0.0172482 -1.22446e-05 -9.87788e-05 -0.0172482 0.0850549 
0.00940742 -0.0173497 2.18375e-05 -1.07477e-05 -0.0173497 0.0857903 -1.23794e-05 -9.85012e-05 2.18375e-05 -1.23794e-05 0.00944527 -0.0172572 -1.07477e-05 -9.85012e-05 -0.0172572 0.0851043 
0.00937601 -0.0172801 4.67657e-06 9.87096e-06 -0.0172801 0.0854884 8.16926e-06 -0.00012856 4.67657e-06 8.16926e-06 0.00941651 -0.0172111 9.87096e-06 -0.00012856 -0.0172111 0.0848653 
0.00935959 -0.0172478 2.94987e-06 2.66324e-05 -0.0172478 0.0853272 2.80522e-05 -0.000169466 2.94987e-06 2.80522e-05 0.0094027 -0.0171846 2.66324e-05 -0.000169466 -0.0171846 0.0847438 
0.0093421 -0.017214 7.64859e-06 2.56643e-05 -0.017214 0.0851478 3.02831e-05 -0.00018476 7.64859e-06 3.02831e-05 0.00938868 -0.0171462 2.56643e-05 -0.00018476 -0.0171462 0.0845602 
0.0093382 -0.0171972 2.65667e-05 1.78176e-05 -0.0171972 0.0850495 2.34233e-05 -0.00017378 2.65667e-05 2.34233e-05 0.00938128 -0.0171279 1.78176e-05 -0.00017378 -0.0171279 0.0844476 
0.00932624 -0.0171881 3.05369e-05 -6.96141e-06 -0.0171881 0.0849755 -1.62385e-06 -0.000126023 3.05369e-05 -1.62385e-06 0.0093923 -0.0171175 -6.96141e-06 -0.000126023 -0.0171175 0.0843689 
0.00928943 -0.0171844 3.66613e-05 -1.36098e-05 -0.0171844 0.0849708 -9.80191e-06 -8.74808e-05 3.66613e-05 -9.80191e-06 0.00945053 -0.0171469 -1.36098e-05 -8.74808e-05 -0.0171469 0.0844191 
0.00928823 -0.0171714 4.1553e-05 -1.79369e-05 -0.0171714 0.0850545 -1.45931e-05 -7.27653e-05 4.1553e-05 -1.45931e-05 0.00949522 -0.0172546 -1.79369e-05 -7.27653e-05 -0.0172546 0.0847195 
0.00935584 -0.0172783 3.66666e-05 -2.288e-05 -0.0172783 0.0856158 -1.77568e-05 -6.51627e-05 3.66666e-05 -1.77568e-05 0.00955219 -0.0174173 -2.288e-05 -6.51627e-05 -0.0174173 0.0854691 
0.00939958 -0.0173191 2.40286e-05 -1.49521e-05 -0.0173191 0.0858033 -7.77896e-06 -7.94139e-05 2.40286e-05 -7.77896e-06 0.00955288 -0.0174479 -1.49521e-05 -7.94139e-05 -0.0174479 0.085714 
0.00946475 -0.0174358 1.2058e-05 -1.06141e-06 -0.0174358 0.0862841 5.31365e-06 -0.000107726 1.2058e-05 5.31365e-06 0.00956744 -0.0174996 -1.06141e-06 -0.000107726 -0.0174996 0.0860856 
0.00949245 -0.017505 2.42559e-05 1.63678e-05 -0.017505 0.0865651 1.74441e-05 -0.000143865 2.42559e-05 1.74441e-05 0.00957592 -0.0174878 1.63678e-05 -0.000143865 -0.0174878 0.0861601 
0.00949388 -0.0175307 4.38631e-05 6.395e-06 -0.0175307 0.0867129 5.39953e-06 -0.000146633 4.38631e-05 5.39953e-06 0.00960492 -0.0174915 6.395e-06 -0.000146633 -0.0174915 0.0861847 
0.00949125 -0.0175274 3.86878e-05 -1.81367e-05 -0.0175274 0.0867633 -1.99162e-05 -0.000103365 3.86878e-05 -1.99162e-05 0.00962606 -0.0175264 -1.81367e-05 -0.000103365 -0.0175264 0.0862587 
0.00947674 -0.0174834 1.12332e-05 -1.32406e-05 -0.0174834 0.0865872 -1.51484e-05 -8.79327e-05 1.12332e-05 -1.51484e-05 0.00963245 -0.0175203 -1.32406e-05 -8.79327e-05 -0.0175203 0.086175 
0.00946002 -0.0174537 -9.65608e-06 2.24451e-05 -0.0174537 0.086421 2.22508e-05 -0.000145796 -9.65608e-06 2.22508e-05 0.00963573 -0.0175171 2.24451e-05 -0.000145796 -0.0175171 0.0860912 
0.00942911 -0.0174345 -2.30671e-06 5.25165e-05 -0.0174345 0.0863234 5.16058e-05 -0.000227398 -2.30671e-06 5.16058e-05 0.0096402 -0.0175245 5.25165e-05 -0.000227398 -0.0175245 0.0860711 
0.00940954 -0.0173861 1.56705e-05 4.54236e-05 -0.0173861 0.0861654 4.32491e-05 -0.000251068 1.56705e-05 4.32491e-05 0.00962403 -0.0175182 4.54236e-05 -0.000251068 -0.0175182 0.0860069 
0.00942532 -0.0173975 3.59425e-05 1.33692e-05 -0.0173975 0.0862344 1.73438e-05 -0.000199676 3.59425e-05 1.73438e-05 0.00962117 -0.0175391 1.33692e-05 -0.000199676 -0.0175391 0.0861396 
0.00941525 -0.0173918 2.68514e-05 -1.79801e-05 -0.0173918 0.0861666 -8.21673e-06 -0.000125464 2.68514e-05 -8.21673e-06 0.00961548 -0.0174989 -1.79801e-05 -0.000125464 -0.0174989 0.086022 
0.00939785 -0.0173363 1.50803e-05 -1.05538e-05 -0.0173363 0.0859083 -2.05425e-06 -9.71168e-05 1.50803e-05 -2.05425e-06 0.00958933 -0.0174481 -1.05538e-05 -9.71168e-05 -0.0174481 0.0857423 
0.00942623 -0.0173907 2.29918e-05 1.18853e-05 -0.0173907 0.0861259 1.23915e-05 -0.000126541 2.29918e-05 1.23915e-05 0.00960372 -0.0174901 1.18853e-05 -0.000126541 -0.0174901 0.0859331 
0.00947057 -0.0174218 3.77962e-05 9.38694e-06 -0.0174218 0.0862725 5.53172e-07 -0.000134991 3.77962e-05 5.53172e-07 0.009603 -0.0175165 9.38694e-06 -0.000134991 -0.0175165 0.0860753 
0.00952806 -0.0175285 5.73329e-05 -3.05461e-06 -0.0175285 0.0866796 -1.68124e-05 -0.000115469 5.73329e-05 -1.68124e-05 0.00964015 -0.0175696 -3.05461e-06 -0.000115469 -0.0175696 0.0864013 
0.00957589 -0.0176129 6.36668e-05 -2.4488e-05 -0.0176129 0.0870441 -3.68942e-05 -7.73961e-05 6.36668e-05 -3.68942e-05 0.00966553 -0.0176257 -2.4488e-05 -7.73961e-05 -0.0176257 0.0866751 
0.00956568 -0.0176148 6.04278e-05 -3.34725e-05 -0.0176148 0.0870221 -4.18022e-05 -5.31444e-05 6.04278e-05 -4.18022e-05 0.00966448 -0.0176023 -3.34725e-05 -5.31444e-05 -0.0176023 0.0865816 
0.00956212 -0.0176459 5.21091e-05 -3.43767e-05 -0.0176459 0.0871947 -3.91164e-05 -4.40814e-05 5.21091e-05 -3.91164e-05 0.00969634 -0.0176332 -3.43767e-05 -4.40814e-05 -0.0176332 0.0867087 
0.00954897 -0.0176277 2.57224e-05 -2.23528e-05 -0.0176277 0.0871943 -2.71151e-05 -6.35221e-05 2.57224e-05 -2.71151e-05 0.00972731 -0.0176593 -2.23528e-05 -6.35221e-05 -0.0176593 0.086763 
0.0095347 -0.017629 1.13469e-05 1.13122e-05 -0.017629 0.087251 4.68697e-06 -0.000123427 1.13469e-05 4.68697e-06 0.00977868 -0.0177137 1.13122e-05 -0.000123427 -0.0177137 0.0869279 
0.00956054 -0.0176286 3.101e-06 3.38858e-05 -0.0176286 0.0873412 2.80552e-05 -0.000196592 3.101e-06 2.80552e-05 0.00979018 -0.017797 3.38858e-05 -0.000196592 -0.017797 0.0871953 
0.00958628 -0.0176584 1.82849e-06 4.91925e-05 -0.0176584 0.0874285 4.3641e-05 -0.000255993 1.82849e-06 4.3641e-05 0.00978526 -0.0178176 4.91925e-05 -0.000255993 -0.0178176 0.0873612 
