0.00713001 0 -6.97884e-05 0 0 0.0099039 0 0 -6.97884e-05 0 0.00686561 0 0 0 0 0.0099039 
0.00970989 -0.0120496 -7.92464e-05 9.55776e-05 -0.0120496 0.0318662 9.55776e-05 -0.000183211 -7.92464e-05 9.55776e-05 0.00941019 -0.0116835 9.55776e-05 -0.000183211 -0.0116835 0.0311641 
0.00996543 -0.0185539 -5.33212e-05 6.71129e-05 -0.0185539 0.0682965 6.71129e-05 -0.000197421 -5.33212e-05 6.71129e-05 0.00974919 -0.0182262 6.71129e-05 -0.000197421 -0.0182262 0.0672906 
0.00934415 -0.0179436 -3.48595e-05 -1.0965e-05 -0.0179436 0.0803314 -7.50256e-06 0.000144546 -3.48595e-05 -7.50256e-06 0.0092029 -0.0179096 -1.0965e-05 0.000144546 -0.0179096 0.0805822 
0.0090007 -0.0166927 -3.60612e-05 -2.84691e-05 -0.0166927 0.0802072 -2.07179e-05 0.000311247 -3.60612e-05 -2.07179e-05 0.00888044 -0.0167511 -2.84691e-05 0.000311247 -0.0167511 0.0812679 
0.00920012 -0.0168217 -5.96104e-05 -1.17416e-05 -0.0168217 0.0821671 -5.83107e-06 0.000283703 -5.96104e-05 -5.83107e-06 0.00911903 -0.0168436 -1.17416e-05 0.000283703 -0.0168436 0.0831841 
0.00936586 -0.0170657 -7.09051e-05 2.67176e-05 -0.0170657 0.0837136 2.83689e-05 0.000168234 -7.09051e-05 2.83689e-05 0.00932135 -0.0171053 2.67176e-05 0.000168234 -0.0171053 0.0845317 
0.00955974 -0.0174061 -5.22208e-05 4.55193e-05 -0.0174061 0.0855473 4.87545e-05 6.72001e-05 -5.22208e-05 4.87545e-05 0.00952438 -0.0174957 4.55193e-05 6.72001e-05 -0.0174957 0.0863273 
0.00940605 -0.0170704 -3.21553e-05 1.75649e-05 -0.0170704 0.083971 2.48953e-05 6.3915e-05 -3.21553e-05 2.48953e-05 0.0093188 -0.0171846 1.75649e-05 6.3915e-05 -0.0171846 0.0847712 
0.00973182 -0.0177148 -2.16522e-05 -9.64424e-06 -0.0177148 0.0870282 4.11734e-07 0.000120291 -2.16522e-05 4.11734e-07 0.00964443 -0.017768 -9.64424e-06 0.000120291 -0.017768 0.0877795 
0.0097064 -0.0176596 -2.70835e-05 -2.31247e-05 -0.0176596 0.0868152 -1.90989e-05 0.000173821 -2.70835e-05 -1.90989e-05 0.00958967 -0.0177171 -2.31247e-05 0.000173821 -0.0177171 0.0875303 
0.00967293 -0.0176186 -2.93195e-05 -1.24492e-05 -0.0176186 0.0866012 -1.43171e-05 0.000179872 -2.93195e-05 -1.43171e-05 0.0095567 -0.0176347 -1.24492e-05 0.000179872 -0.0176347 0.0872441 
0.00967883 -0.0176133 -3.2214e-05 -7.77433e-06 -0.0176133 0.0866079 -1.15749e-05 0.000171292 -3.2214e-05 -1.15749e-05 0.00954103 -0.0176201 -7.77433e-06 0.000171292 -0.0176201 0.0871888 
0.00968174 -0.0176172 -2.60189e-05 2.43407e-07 -0.0176172 0.0866057 -3.61561e-06 0.000149704 -2.60189e-05 -3.61561e-06 0.00954262 -0.0175983 2.43407e-07 0.000149704 -0.0175983 0.0871269 
0.00967439 -0.0176177 -7.62383e-06 -8.04979e-06 -0.0176177 0.0865975 -1.11594e-05 0.000151031 -7.62383e-06 -1.11594e-05 0.00955738 -0.0175954 -8.04979e-06 0.000151031 -0.0175954 0.0870795 
0.00963843 -0.017602 2.43059e-05 -3.11782e-05 -0.017602 0.0865562 -2.80662e-05 0.000180182 2.43059e-05 -2.80662e-05 0.00959422 -0.0176188 -3.11782e-05 0.000180182 -0.0176188 0.0870997 
0.00963125 -0.0175872 6.26989e-06 -6.78534e-05 -0.0175872 0.0866168 -6.06186e-05 0.000241195 6.26989e-06 -6.06186e-05 0.00962375 -0.0177011 -6.78534e-05 0.000241195 -0.0177011 0.0873557 
0.00959934 -0.0174938 -1.75439e-05 -4.47935e-05 -0.0174938 0.0862227 -3.85175e-05 0.000234522 -1.75439e-05 -3.85175e-05 0.00960231 -0.0176635 -4.47935e-05 0.000234522 -0.0176635 0.0871541 
0.0095626 -0.0174364 -2.90772e-05 -1.18613e-05 -0.0174364 0.0858946 -5.41785e-06 0.000164775 -2.90772e-05 -5.41785e-06 0.00957986 -0.0176168 -1.18613e-05 0.000164775 -0.0176168 0.0869146 
0.00955257 -0.017434 -3.22136e-05 3.09328e-06 -0.017434 0.0858885 1.09235e-05 0.000105523 -3.22136e-05 1.09235e-05 0.0095845 -0.0176327 3.09328e-06 0.000105523 -0.0176327 0.0869676 
0.00953268 -0.0173755 -2.99332e-05 3.44114e-06 -0.0173755 0.0856348 1.0025e-05 8.82191e-05 -2.99332e-05 1.0025e-05 0.00954987 -0.0175888 3.44114e-06 8.82191e-05 -0.0175888 0.0867546 
0.00951622 -0.0173108 -2.30425e-05 5.73127e-06 -0.0173108 0.0852754 8.25184e-06 8.02183e-05 -2.30425e-05 8.25184e-06 0.00949547 -0.0175 5.73127e-06 8.02183e-05 -0.0175 0.0863667 
0.0095193 -0.0173199 -1.42262e-05 2.27209e-06 -0.0173199 0.0852102 4.09217e-06 7.76569e-05 -1.42262e-05 4.09217e-06 0.00947136 -0.0174505 2.27209e-06 7.76569e-05 -0.0174505 0.0861786 
0.00952812 -0.0173541 -2.05153e-05 -2.87395e-06 -0.0173541 0.0853218 -4.16032e-07 7.68838e-05 -2.05153e-05 -4.16032e-07 0.00946737 -0.0174413 -2.87395e-06 7.68838e-05 -0.0174413 0.0861504 
0.00956886 -0.0174644 -3.43066e-05 2.69809e-06 -0.0174644 0.0858686 4.17079e-06 7.14861e-05 -3.43066e-05 4.17079e-06 0.00951433 -0.017534 2.69809e-06 7.14861e-05 -0.017534 0.0866125 
0.00962007 -0.0175219 -2.44355e-05 1.62282e-05 -0.0175219 0.0862327 1.83205e-05 4.95181e-05 -2.44355e-05 1.83205e-05 0.0095248 -0.0176037 1.62282e-05 4.95181e-05 -0.0176037 0.0869713 
0.00963503 -0.0175091 -3.00623e-05 1.63148e-06 -0.0175091 0.0861302 3.73663e-06 6.44519e-05 -3.00623e-05 3.73663e-06 0.00949613 -0.0175472 1.63148e-06 6.44519e-05 -0.0175472 0.0868112 
0.00965892 -0.017518 -3.11803e-05 4.71397e-06 -0.017518 0.0860739 5.54521e-06 7.75541e-05 -3.11803e-05 5.54521e-06 0.00945773 -0.0175009 4.71397e-06 7.75541e-05 -0.0175009 0.0866334 
0.00968737 -0.0175558 -2.50401e-05 6.39039e-06 -0.0175558 0.0861235 6.57177e-06 7.94264e-05 -2.50401e-05 6.57177e-06 0.00943526 -0.0174509 6.39039e-06 7.94264e-05 -0.0174509 0.0864784 
0.00971513 -0.0176396 -3.39093e-06 -2.36268e-06 -0.0176396 0.0864261 -2.06521e-06 9.38206e-05 -3.39093e-06 -2.06521e-06 0.00943888 -0.0174591 -2.36268e-06 9.38206e-05 -0.0174591 0.0865594 
0.00971076 -0.0176768 1.60564e-05 -2.63431e-05 -0.0176768 0.0866263 -2.61517e-05 0.000135354 1.60564e-05 -2.61517e-05 0.00944765 -0.0174661 -2.63431e-05 0.000135354 -0.0174661 0.0866228 
0.00970471 -0.0176663 1.2706e-05 -4.88671e-05 -0.0176663 0.0866916 -4.97998e-05 0.000191639 1.2706e-05 -4.97998e-05 0.00945998 -0.017484 -4.88671e-05 0.000191639 -0.017484 0.0866982 
0.0096555 -0.0176118 -4.47932e-07 -4.28527e-05 -0.0176118 0.086477 -4.48538e-05 0.000202316 -4.47932e-07 -4.48538e-05 0.00947213 -0.0174518 -4.28527e-05 0.000202316 -0.0174518 0.0865338 
0.00965154 -0.017582 2.01394e-05 -2.66335e-05 -0.017582 0.0864346 -2.13191e-05 0.000166226 2.01394e-05 -2.13191e-05 0.00949185 -0.0174912 -2.66335e-05 0.000166226 -0.0174912 0.0866122 
0.00962934 -0.0175538 2.92086e-05 -5.07295e-05 -0.0175538 0.0863029 -3.51369e-05 0.000167653 2.92086e-05 -3.51369e-05 0.00950424 -0.0174991 -5.07295e-05 0.000167653 -0.0174991 0.0866047 
0.009611 -0.0174987 2.26746e-05 -6.20286e-05 -0.0174987 0.0860704 -4.61198e-05 0.000191244 2.26746e-05 -4.61198e-05 0.0094968 -0.0174886 -6.20286e-05 0.000191244 -0.0174886 0.0864881 
0.00958478 -0.0174467 1.00085e-05 -5.19328e-05 -0.0174467 0.0857964 -4.1964e-05 0.000189298 1.00085e-05 -4.1964e-05 0.00947208 -0.0174634 -5.19328e-05 0.000189298 -0.0174634 0.0863231 
0.00958815 -0.0174534 6.90235e-06 -3.53677e-05 -0.0174534 0.0858161 -3.12517e-05 0.000167236 6.90235e-06 -3.12517e-05 0.00946841 -0.0174786 -3.53677e-05 0.000167236 -0.0174786 0.0864091 
0.00959403 -0.0174913 6.01382e-06 -3.02337e-05 -0.0174913 0.0859913 -2.97073e-05 0.000152329 6.01382e-06 -2.97073e-05 0.00948877 -0.0175026 -3.02337e-05 0.000152329 -0.0175026 0.0865819 
0.00960039 -0.0175021 -1.35942e-06 -3.00663e-05 -0.0175021 0.0860963 -2.94264e-05 0.000147902 -1.35942e-06 -2.94264e-05 0.00950448 -0.0175264 -3.00663e-05 0.000147902 -0.0175264 0.0866971 
0.00960438 -0.0174805 1.64276e-05 -1.99197e-05 -0.0174805 0.0860209 -1.9314e-05 0.000130075 1.64276e-05 -1.9314e-05 0.00949875 -0.0175235 -1.99197e-05 0.000130075 -0.0175235 0.0866669 
0.00957764 -0.0174485 2.1632e-05 -3.57604e-05 -0.0174485 0.0858163 -3.49009e-05 0.000135626 2.1632e-05 -3.49009e-05 0.00949712 -0.0174829 -3.57604e-05 0.000135626 -0.0174829 0.0864738 
0.00956428 -0.0174273 2.32189e-05 -4.36816e-05 -0.0174273 0.0857335 -3.48062e-05 0.000145894 2.32189e-05 -3.48062e-05 0.00950297 -0.0174931 -4.36816e-05 0.000145894 -0.0174931 0.0864397 
0.00955367 -0.0173812 7.1836e-06 -4.62048e-05 -0.0173812 0.085517 -3.30979e-05 0.000146242 7.1836e-06 -3.30979e-05 0.00947371 -0.01747 -4.62048e-05 0.000146242 -0.01747 0.0862831 
0.00955089 -0.0173933 1.31478e-06 -2.25129e-05 -0.0173933 0.0855182 -1.04446e-05 0.000103658 1.31478e-06 -1.04446e-05 0.00945728 -0.0174573 -2.25129e-05 0.000103658 -0.0174573 0.0862696 
0.00955502 -0.0174086 -6.5387e-07 -1.05439e-05 -0.0174086 0.0855977 -3.18303e-06 6.22288e-05 -6.5387e-07 -3.18303e-06 0.00944295 -0.0174474 -1.05439e-05 6.22288e-05 -0.0174474 0.0862829 
0.00949388 -0.0173395 2.02649e-06 -5.58125e-06 -0.0173395 0.0852721 -5.22636e-06 4.57045e-05 2.02649e-06 -5.22636e-06 0.00941908 -0.0173509 -5.58125e-06 4.57045e-05 -0.0173509 0.0858756 
0.0094706 -0.017294 1.74317e-05 -8.01584e-06 -0.017294 0.0851526 -1.31626e-05 5.17771e-05 1.74317e-05 -1.31626e-05 0.00941596 -0.0173483 -8.01584e-06 5.17771e-05 -0.0173483 0.0857829 
0.00946387 -0.0172338 9.77691e-06 -2.69929e-05 -0.0172338 0.0848929 -3.55216e-05 8.95705e-05 9.77691e-06 -3.55216e-05 0.00937775 -0.0173119 -2.69929e-05 8.95705e-05 -0.0173119 0.0855802 
0.00951348 -0.0172925 8.13538e-06 -2.11055e-05 -0.0172925 0.0850953 -2.91644e-05 0.000104184 8.13538e-06 -2.91644e-05 0.0093646 -0.0173335 -2.11055e-05 0.000104184 -0.0173335 0.0857506 
0.0095255 -0.0173465 -1.47067e-07 -1.73549e-05 -0.0173465 0.0852479 -2.2926e-05 9.44844e-05 -1.47067e-07 -2.2926e-05 0.00935621 -0.017303 -1.73549e-05 9.44844e-05 -0.017303 0.0857373 
0.00951173 -0.0173474 -5.63896e-06 -5.98693e-06 -0.0173474 0.0852572 -1.10639e-05 7.06753e-05 -5.63896e-06 -1.10639e-05 0.00935213 -0.017262 -5.98693e-06 7.06753e-05 -0.017262 0.0855805 
0.00949347 -0.0173399 -1.86557e-05 -3.42999e-07 -0.0173399 0.085274 -3.312e-06 4.84577e-05 -1.86557e-05 -3.312e-06 0.00937412 -0.0172633 -3.42999e-07 4.84577e-05 -0.0172633 0.0855429 
0.00948393 -0.0172851 -2.00307e-05 1.23868e-05 -0.0172851 0.0850891 1.23134e-05 1.93284e-05 -2.00307e-05 1.23134e-05 0.00937619 -0.0172637 1.23868e-05 1.93284e-05 -0.0172637 0.0854364 
0.00947343 -0.0172787 -2.02992e-05 1.13548e-05 -0.0172787 0.0850093 1.06041e-05 1.26543e-05 -2.02992e-05 1.06041e-05 0.00937873 -0.017272 1.13548e-05 1.26543e-05 -0.017272 0.0854228 
0.00946957 -0.0172956 -2.17026e-05 1.01624e-05 -0.0172956 0.0850965 7.46619e-06 2.01473e-05 -2.17026e-05 7.46619e-06 0.009393 -0.0173045 1.01624e-05 2.01473e-05 -0.0173045 0.0855577 
0.00948597 -0.0173004 -1.64311e-05 9.27984e-06 -0.0173004 0.085184 6.46761e-06 2.95608e-05 -1.64311e-05 6.46761e-06 0.00939565 -0.0173403 9.27984e-06 2.95608e-05 -0.0173403 0.085719 
0.00951936 -0.0173534 -1.54892e-05 4.20404e-06 -0.0173534 0.0854269 4.18785e-06 3.7569e-05 -1.54892e-05 4.18785e-06 0.00941011 -0.0173884 4.20404e-06 3.7569e-05 -0.0173884 0.0860049 
0.00952079 -0.0173773 -1.35959e-05 7.22297e-06 -0.0173773 0.0855219 9.14595e-06 2.782e-05 -1.35959e-05 9.14595e-06 0.00941945 -0.0173872 7.22297e-06 2.782e-05 -0.0173872 0.0860725 
0.00951755 -0.0173809 -1.77604e-05 4.23175e-06 -0.0173809 0.0855886 6.13256e-06 2.75328e-05 -1.77604e-05 6.13256e-06 0.00943279 -0.0174037 4.23175e-06 2.75328e-05 -0.0174037 0.086147 
0.00950246 -0.0173346 -1.48366e-05 1.05951e-05 -0.0173346 0.0854108 9.27913e-06 2.044e-05 -1.48366e-05 9.27913e-06 0.00941886 -0.0173806 1.05951e-05 2.044e-05 -0.0173806 0.0860172 
0.00947069 -0.0172963 -1.28044e-05 7.67283e-06 -0.0172963 0.0852029 4.60772e-06 2.23943e-05 -1.28044e-05 4.60772e-06 0.00941107 -0.0173393 7.67283e-06 2.23943e-05 -0.0173393 0.0858224 
0.00943689 -0.0172226 -9.06975e-06 2.37831e-06 -0.0172226 0.0848726 1.57874e-06 3.32572e-05 -9.06975e-06 1.57874e-06 0.00938929 -0.0172869 2.37831e-06 3.32572e-05 -0.0172869 0.0855132 
0.00942352 -0.017166 2.88058e-06 -2.56566e-06 -0.017166 0.0845866 2.7546e-06 3.7167e-05 2.88058e-06 2.7546e-06 0.0093744 -0.0172541 -2.56566e-06 3.7167e-05 -0.0172541 0.0852888 
0.00941599 -0.0171537 2.82618e-05 -2.09068e-05 -0.0171537 0.0844494 -9.23748e-06 6.16584e-05 2.82618e-05 -9.23748e-06 0.00935851 -0.0172438 -2.09068e-05 6.16584e-05 -0.0172438 0.0851873 
0.00941814 -0.017193 3.28416e-05 -5.11232e-05 -0.017193 0.0845983 -3.68696e-05 0.000115553 3.28416e-05 -3.68696e-05 0.00937883 -0.0172659 -5.11232e-05 0.000115553 -0.0172659 0.0853113 
0.00944316 -0.0172193 3.14818e-05 -5.28379e-05 -0.0172193 0.0847845 -4.06976e-05 0.000140355 3.14818e-05 -4.06976e-05 0.00938931 -0.0173183 -5.28379e-05 0.000140355 -0.0173183 0.0855281 
0.00948821 -0.0172953 6.73541e-06 -4.58321e-05 -0.0172953 0.0851416 -3.84659e-05 0.000133264 6.73541e-06 -3.84659e-05 0.00941367 -0.0173833 -4.58321e-05 0.000133264 -0.0173833 0.0858985 
0.00952198 -0.0173809 -4.17102e-06 -1.33859e-05 -0.0173809 0.0855434 -1.39127e-05 8.56024e-05 -4.17102e-06 -1.39127e-05 0.00943975 -0.0174415 -1.33859e-05 8.56024e-05 -0.0174415 0.0862574 
0.00950616 -0.017342 -1.54995e-05 3.53661e-06 -0.017342 0.0853976 -1.45135e-06 3.67662e-05 -1.54995e-05 -1.45135e-06 0.00941554 -0.0173869 3.53661e-06 3.67662e-05 -0.0173869 0.0860565 
0.00951201 -0.0173597 -1.98025e-05 1.51334e-05 -0.0173597 0.0854886 9.10203e-06 5.67064e-06 -1.98025e-05 9.10203e-06 0.00941693 -0.0173921 1.51334e-05 5.67064e-06 -0.0173921 0.0861058 
0.00949826 -0.0173467 -7.77741e-06 2.18483e-05 -0.0173467 0.0854322 1.39674e-05 -1.56705e-05 -7.77741e-06 1.39674e-05 0.00940524 -0.0173598 2.18483e-05 -1.56705e-05 -0.0173598 0.0859861 
0.00950226 -0.0173376 1.56169e-05 7.50556e-06 -0.0173376 0.085421 4.13832e-07 -2.80007e-06 1.56169e-05 4.13832e-07 0.00940229 -0.0173493 7.50556e-06 -2.80007e-06 -0.0173493 0.0859366 
0.00946146 -0.0172528 2.59096e-05 -2.27352e-05 -0.0172528 0.0849846 -2.45159e-05 4.79696e-05 2.59096e-05 -2.45159e-05 0.00936796 -0.0172573 -2.27352e-05 4.79696e-05 -0.0172573 0.0854739 
0.00943279 -0.0172111 1.17683e-05 -3.77658e-05 -0.0172111 0.0847505 -3.41715e-05 9.18301e-05 1.17683e-05 -3.41715e-05 0.00935774 -0.0172289 -3.77658e-05 9.18301e-05 -0.0172289 0.085255 
0.00941966 -0.0171929 5.19508e-06 -2.41169e-05 -0.0171929 0.0846773 -1.55343e-05 8.37375e-05 5.19508e-06 -1.55343e-05 0.00935329 -0.0172459 -2.41169e-05 8.37375e-05 -0.0172459 0.0852625 
0.0094221 -0.0172083 -2.1534e-05 -1.621e-05 -0.0172083 0.084768 -9.26584e-06 6.43866e-05 -2.1534e-05 -9.26584e-06 0.00935007 -0.0172721 -1.621e-05 6.43866e-05 -0.0172721 0.0854106 
0.00940668 -0.0172108 -2.59655e-05 1.79032e-05 -0.0172108 0.0848091 1.53055e-05 1.58712e-05 -2.59655e-05 1.53055e-05 0.00935216 -0.0172624 1.79032e-05 1.58712e-05 -0.0172624 0.0854448 
0.00937799 -0.0171499 -3.13355e-05 2.95929e-05 -0.0171499 0.0845899 1.96326e-05 -2.30745e-05 -3.13355e-05 1.96326e-05 0.00933266 -0.0172152 2.95929e-05 -2.30745e-05 -0.0172152 0.085227 
0.00937282 -0.0170871 -2.51966e-05 3.82002e-05 -0.0170871 0.0843026 2.92618e-05 -5.24305e-05 -2.51966e-05 2.92618e-05 0.00928867 -0.0171626 3.82002e-05 -5.24305e-05 -0.0171626 0.0849577 
0.00979943 -0.0177767 -1.45827e-05 3.00793e-05 -0.0177767 0.0875906 3.01394e-05 -6.31732e-05 -1.45827e-05 3.01394e-05 0.00959409 -0.0178007 3.00793e-05 -6.31732e-05 -0.0178007 0.0881864 
0.00979357 -0.0178389 1.33457e-06 1.10772e-05 -0.0178389 0.0876367 2.09524e-05 -4.35147e-05 1.33457e-06 2.09524e-05 0.00958263 -0.0177116 1.10772e-05 -4.35147e-05 -0.0177116 0.0879429 
0.00978041 -0.0178639 1.53834e-05 -1.39596e-05 -0.0178639 0.0877974 1.11362e-07 6.10928e-06 1.53834e-05 1.11362e-07 0.00959231 -0.0177225 -1.39596e-05 6.10928e-06 -0.0177225 0.0879321 
0.00937162 -0.017139 3.64989e-05 -3.04407e-05 -0.017139 0.0843421 -2.05977e-05 5.8193e-05 3.64989e-05 -2.05977e-05 0.00922434 -0.0170314 -3.04407e-05 5.8193e-05 -0.0170314 0.0844676 
0.00976502 -0.0178428 5.80129e-05 -5.16455e-05 -0.0178428 0.0879041 -4.4245e-05 0.000106805 5.80129e-05 -4.4245e-05 0.00962387 -0.0177734 -5.16455e-05 0.000106805 -0.0177734 0.0881104 
0.00937575 -0.0171428 4.13183e-05 -7.07143e-05 -0.0171428 0.0844759 -6.79698e-05 0.000157608 4.13183e-05 -6.79698e-05 0.00925687 -0.0170959 -7.07143e-05 0.000157608 -0.0170959 0.0847428 
0.00939985 -0.017169 1.64205e-05 -5.05385e-05 -0.017169 0.0846425 -5.27881e-05 0.000151518 1.64205e-05 -5.27881e-05 0.00927433 -0.0171382 -5.05385e-05 0.000151518 -0.0171382 0.0849537 
0.00943249 -0.0171817 -1.77834e-05 -1.78051e-05 -0.0171817 0.0846828 -2.30826e-05 9.12805e-05 -1.77834e-05 -2.30826e-05 0.00925653 -0.0171372 -1.78051e-05 9.12805e-05 -0.0171372 0.0849817 
0.00945183 -0.0172202 -1.60125e-05 2.57676e-05 -0.0172202 0.084759 2.30505e-05 -1.0118e-05 -1.60125e-05 2.30505e-05 0.00926136 -0.0171122 2.57676e-05 -1.0118e-05 -0.0171122 0.0849465 
0.0094754 -0.0172924 -7.80877e-06 2.64323e-05 -0.0172924 0.0850681 3.02263e-05 -6.78965e-05 -7.80877e-06 3.02263e-05 0.0092967 -0.0171603 2.64323e-05 -6.78965e-05 -0.0171603 0.0851537 
0.00947552 -0.0172973 8.80872e-06 1.3909e-05 -0.0172973 0.0851427 2.29803e-05 -6.92149e-05 8.80872e-06 2.29803e-05 0.00931145 -0.0171919 1.3909e-05 -6.92149e-05 -0.0171919 0.0852473 
0.0094818 -0.0173105 -5.15958e-06 -8.05498e-06 -0.0173105 0.0852389 5.70817e-07 -3.05475e-05 -5.15958e-06 5.70817e-07 0.00934384 -0.0172309 -8.05498e-06 -3.05475e-05 -0.0172309 0.085417 
0.00948361 -0.0173258 -2.75417e-05 8.46903e-06 -0.0173258 0.0853349 1.18795e-05 -2.89238e-05 -2.75417e-05 1.18795e-05 0.00938382 -0.0172803 8.46903e-06 -2.89238e-05 -0.0172803 0.0856035 
0.00948098 -0.0172956 -2.2773e-05 3.57819e-05 -0.0172956 0.0852227 3.45072e-05 -6.93663e-05 -2.2773e-05 3.45072e-05 0.00938932 -0.017298 3.57819e-05 -6.93663e-05 -0.017298 0.085608 
0.00949452 -0.0173103 -3.26728e-07 2.92971e-05 -0.0173103 0.0852598 2.63945e-05 -7.5473e-05 -3.26728e-07 2.63945e-05 0.00939937 -0.01733 2.92971e-05 -7.5473e-05 -0.01733 0.0857342 
0.00947681 -0.0172944 2.62242e-05 -6.71419e-07 -0.0172944 0.0851501 -3.83196e-06 -2.2065e-05 2.62242e-05 -3.83196e-06 0.0094002 -0.0173172 -6.71419e-07 -2.2065e-05 -0.0173172 0.0856701 
0.00944868 -0.0172367 1.27629e-05 -3.60329e-05 -0.0172367 0.0848863 -3.98686e-05 6.54114e-05 1.27629e-05 -3.98686e-05 0.00938735 -0.0172818 -3.60329e-05 6.54114e-05 -0.0172818 0.085456 
0.00942702 -0.0172141 -6.00178e-06 -2.1339e-05 -0.0172141 0.0847681 -2.47076e-05 8.21402e-05 -6.00178e-06 -2.47076e-05 0.00939309 -0.0172832 -2.1339e-05 8.21402e-05 -0.0172832 0.085408 
0.00943209 -0.0172448 -1.85357e-05 4.55737e-06 -0.0172448 0.0849519 6.21143e-07 3.79767e-05 -1.85357e-05 6.21143e-07 0.00943319 -0.0173511 4.55737e-06 3.79767e-05 -0.0173511 0.0856863 
0.00949184 -0.017341 -4.17304e-06 2.20965e-05 -0.017341 0.0854974 1.83682e-05 -1.54958e-05 -4.17304e-06 1.83682e-05 0.00949152 -0.0174999 2.20965e-05 -1.54958e-05 -0.0174999 0.0863699 
0.0094927 -0.0173488 -9.24214e-06 7.04049e-06 -0.0173488 0.0855374 2.18773e-06 -1.5397e-05 -9.24214e-06 2.18773e-06 0.00951347 -0.0175035 7.04049e-06 -1.5397e-05 -0.0175035 0.0864607 
0.00948201 -0.0172941 -1.67789e-05 1.0932e-05 -0.0172941 0.0852978 5.74414e-06 -1.12314e-05 -1.67789e-05 5.74414e-06 0.00948445 -0.0174768 1.0932e-05 -1.12314e-05 -0.0174768 0.0862748 
0.00948926 -0.0173002 -2.09619e-05 1.78733e-05 -0.0173002 0.0852566 2.03502e-05 -2.99441e-05 -2.09619e-05 2.03502e-05 0.00947221 -0.0174578 1.78733e-05 -2.99441e-05 -0.0174578 0.0862202 
0.00950838 -0.0173109 -3.44019e-05 2.33345e-05 -0.0173109 0.0852701 3.34118e-05 -5.95442e-05 -3.44019e-05 3.34118e-05 0.00944812 -0.0174506 2.33345e-05 -5.95442e-05 -0.0174506 0.0862015 
0.00952359 -0.0173109 -2.84269e-05 4.13509e-05 -0.0173109 0.0851998 5.19034e-05 -0.00010354 -2.84269e-05 5.19034e-05 0.00940689 -0.0174023 4.13509e-05 -0.00010354 -0.0174023 0.0860476 
0.00948156 -0.0172758 -1.48497e-05 4.01592e-05 -0.0172758 0.0849228 5.23481e-05 -0.00013156 -1.48497e-05 5.23481e-05 0.0093675 -0.0172887 4.01592e-05 -0.00013156 -0.0172887 0.0855983 
0.00949044 -0.0173294 9.63131e-07 2.18588e-05 -0.0173294 0.0852184 3.57514e-05 -0.000113188 9.63131e-07 3.57514e-05 0.00939574 -0.0173335 2.18588e-05 -0.000113188 -0.0173335 0.0857915 
0.00947498 -0.0173088 1.53247e-05 8.09006e-07 -0.0173088 0.0852044 1.18057e-05 -6.50418e-05 1.53247e-05 1.18057e-05 0.00941128 -0.0173319 8.09006e-07 -6.50418e-05 -0.0173319 0.0857661 
0.00948932 -0.0173478 2.38972e-05 -1.63126e-05 -0.0173478 0.0854624 -1.27361e-05 -7.22656e-06 2.38972e-05 -1.27361e-05 0.00944752 -0.0174169 -1.63126e-05 -7.22656e-06 -0.0174169 0.0861084 
0.009483 -0.0173442 1.59842e-05 -2.80407e-05 -0.0173442 0.0855143 -3.3992e-05 4.99799e-05 1.59842e-05 -3.3992e-05 0.00946106 -0.0174456 -2.80407e-05 4.99799e-05 -0.0174456 0.0862556 
0.00948668 -0.0172989 2.1048e-05 -1.95435e-05 -0.0172989 0.0853524 -3.4293e-05 7.51599e-05 2.1048e-05 -3.4293e-05 0.00943674 -0.0174262 -1.95435e-05 7.51599e-05 -0.0174262 0.0861709 
0.00949437 -0.0173037 2.7757e-05 -2.32191e-05 -0.0173037 0.0852905 -4.16357e-05 8.94684e-05 2.7757e-05 -4.16357e-05 0.00941379 -0.0173922 -2.32191e-05 8.94684e-05 -0.0173922 0.0860754 
0.00944287 -0.0172443 2.35765e-05 -2.75552e-05 -0.0172443 0.0849328 -4.74442e-05 0.000101502 2.35765e-05 -4.74442e-05 0.00938845 -0.0172833 -2.75552e-05 0.000101502 -0.0172833 0.0855988 
0.00945687 -0.0172139 1.72302e-05 -2.57079e-05 -0.0172139 0.0848379 -3.97523e-05 0.000100849 1.72302e-05 -3.97523e-05 0.0093695 -0.0172934 -2.57079e-05 0.000100849 -0.0172934 0.085523 
0.00949627 -0.017262 1.32565e-05 -1.6702e-05 -0.017262 0.0849684 -2.24812e-05 7.22221e-05 1.32565e-05 -2.24812e-05 0.00937735 -0.0173086 -1.6702e-05 7.22221e-05 -0.0173086 0.085636 
0.00949292 -0.0172929 -3.30003e-06 -1.4052e-05 -0.0172929 0.0850058 -1.355e-05 4.80352e-05 -3.30003e-06 -1.355e-05 0.00938691 -0.017292 -1.4052e-05 4.80352e-05 -0.017292 0.0855718 
0.00943745 -0.0172262 -2.41546e-05 1.06903e-06 -0.0172262 0.084697 2.46187e-06 2.2705e-05 -2.41546e-05 2.46187e-06 0.00936464 -0.0172338 1.06903e-06 2.2705e-05 -0.0172338 0.085218 
0.00946234 -0.017267 -1.92747e-05 2.33693e-05 -0.017267 0.0849636 2.30542e-05 -1.77408e-05 -1.92747e-05 2.30542e-05 0.00938332 -0.0173083 2.33693e-05 -1.77408e-05 -0.0173083 0.0855214 
0.00949784 -0.0173455 -2.36856e-05 1.68965e-05 -0.0173455 0.0853668 1.50457e-05 -2.1013e-05 -2.36856e-05 1.50457e-05 0.00942203 -0.0173816 1.68965e-05 -2.1013e-05 -0.0173816 0.0859409 
0.00950838 -0.017393 -1.72812e-06 1.80136e-05 -0.017393 0.0856454 1.7785e-05 -1.41003e-05 -1.72812e-06 1.7785e-05 0.00946766 -0.0174331 1.80136e-05 -1.41003e-05 -0.0174331 0.0862261 
0.00951604 -0.017399 6.96614e-06 -7.74572e-06 -0.017399 0.0857665 -1.45317e-06 1.72354e-05 6.96614e-06 -1.45317e-06 0.00950228 -0.0174828 -7.74572e-06 1.72354e-05 -0.0174828 0.0864167 
0.00950803 -0.0173734 8.00993e-06 -2.16428e-05 -0.0173734 0.085678 -9.75337e-06 5.1771e-05 8.00993e-06 -9.75337e-06 0.00950513 -0.0175014 -2.16428e-05 5.1771e-05 -0.0175014 0.0864484 
0.00945787 -0.0172489 -8.61818e-07 -2.37007e-05 -0.0172489 0.085078 -9.06612e-06 6.25635e-05 -8.61818e-07 -9.06612e-06 0.00945039 -0.0174041 -2.37007e-05 6.25635e-05 -0.0174041 0.0859569 
0.0094396 -0.0172024 4.53028e-06 -9.71944e-06 -0.0172024 0.0847981 4.88143e-06 3.8401e-05 4.53028e-06 4.88143e-06 0.00942461 -0.0173662 -9.71944e-06 3.8401e-05 -0.0173662 0.0857537 
0.00946353 -0.0172315 1.73503e-05 -1.25107e-05 -0.0172315 0.0848836 -8.81398e-07 2.863e-05 1.73503e-05 -8.81398e-07 0.00941513 -0.0173834 -1.25107e-05 2.863e-05 -0.0173834 0.08585 
0.00951172 -0.0173233 1.80253e-05 -2.51376e-05 -0.0173233 0.0852665 -1.78981e-05 4.91808e-05 1.80253e-05 -1.78981e-05 0.00942962 -0.0174282 -2.51376e-05 4.91808e-05 -0.0174282 0.0861554 
0.00955095 -0.0173986 -2.58661e-06 -2.04475e-05 -0.0173986 0.0855974 -1.92647e-05 5.37506e-05 -2.58661e-06 -1.92647e-05 0.00944095 -0.0174447 -2.04475e-05 5.37506e-05 -0.0174447 0.0863341 
0.00956103 -0.0174522 -2.92644e-05 8.7309e-06 -0.0174522 0.0858499 2.36786e-06 1.29987e-05 -2.92644e-05 2.36786e-06 0.00945202 -0.0174611 8.7309e-06 1.29987e-05 -0.0174611 0.0864598 
0.00956272 -0.0174668 -3.5646e-05 4.51604e-05 -0.0174668 0.0859991 3.4796e-05 -6.52839e-05 -3.5646e-05 3.4796e-05 0.0094602 -0.017476 4.51604e-05 -6.52839e-05 -0.017476 0.0865557 
0.00954182 -0.017404 -3.76818e-05 5.52476e-05 -0.017404 0.0857541 4.43447e-05 -0.000118363 -3.76818e-05 4.43447e-05 0.00943431 -0.0174193 5.52476e-05 -0.000118363 -0.0174193 0.0862993 
0.00953873 -0.0174048 -2.50369e-05 5.02883e-05 -0.0174048 0.0857331 4.18745e-05 -0.000121559 -2.50369e-05 4.18745e-05 0.0094363 -0.0174102 5.02883e-05 -0.000121559 -0.0174102 0.0862582 
0.00950344 -0.017312 -1.27686e-05 3.38737e-05 -0.017312 0.0852843 2.7449e-05 -9.54787e-05 -1.27686e-05 2.7449e-05 0.00938604 -0.0173235 3.38737e-05 -9.54787e-05 -0.0173235 0.0858048 
0.00945184 -0.0172105 4.96055e-06 1.85451e-05 -0.0172105 0.0847199 1.45945e-05 -6.22024e-05 4.96055e-06 1.45945e-05 0.00932607 -0.0172006 1.85451e-05 -6.22024e-05 -0.0172006 0.0852058 
0.00945961 -0.0171973 1.63002e-05 -7.62433e-06 -0.0171973 0.08461 -6.95586e-06 -9.0943e-06 1.63002e-05 -6.95586e-06 0.00928599 -0.01718 -7.62433e-06 -9.0943e-06 -0.01718 0.0850678 
0.00945649 -0.0172484 1.61196e-05 -2.0251e-05 -0.0172484 0.0847643 -1.48542e-05 2.60411e-05 1.61196e-05 -1.48542e-05 0.00929112 -0.017168 -2.0251e-05 2.60411e-05 -0.017168 0.085111 
0.00946195 -0.017233 1.6168e-05 -2.17398e-05 -0.017233 0.0847634 -1.18854e-05 3.57753e-05 1.6168e-05 -1.18854e-05 0.00926646 -0.0171545 -2.17398e-05 3.57753e-05 -0.0171545 0.0850436 
0.00979409 -0.0178805 9.11012e-06 -1.94971e-05 -0.0178805 0.0879166 -1.00119e-05 3.00535e-05 9.11012e-06 -1.00119e-05 0.00962832 -0.0177602 -1.94971e-05 3.00535e-05 -0.0177602 0.0881276 
0.00975802 -0.0178363 5.45083e-06 -1.09474e-05 -0.0178363 0.0877679 -4.20371e-06 1.79184e-05 5.45083e-06 -4.20371e-06 0.00962334 -0.0177449 -1.09474e-05 1.79184e-05 -0.0177449 0.0879593 
0.00971689 -0.0177821 7.43157e-06 -4.67681e-06 -0.0177821 0.0875799 -8.96569e-07 4.82129e-06 7.43157e-06 -8.96569e-07 0.00962229 -0.0177347 -4.67681e-06 4.82129e-06 -0.0177347 0.0878478 
0.0097054 -0.0177356 2.82622e-06 -5.746e-06 -0.0177356 0.0874435 -1.36382e-06 -2.66045e-06 2.82622e-06 -1.36382e-06 0.00961731 -0.0177459 -5.746e-06 -2.66045e-06 -0.0177459 0.0878428 
0.00971443 -0.0177851 5.48167e-06 1.58006e-06 -0.0177851 0.0876753 5.51118e-06 -1.78165e-05 5.48167e-06 5.51118e-06 0.00965211 -0.0178046 1.58006e-06 -1.78165e-05 -0.0178046 0.0881478 
0.0097451 -0.0177836 6.21275e-06 -1.01564e-06 -0.0177836 0.0877479 3.59461e-06 -2.39147e-05 6.21275e-06 3.59461e-06 0.00963765 -0.0178371 -1.01564e-06 -2.39147e-05 -0.0178371 0.0882938 
0.00976126 -0.0177957 2.6869e-05 -1.48116e-06 -0.0177957 0.0877231 3.76066e-07 -2.05973e-05 2.6869e-05 3.76066e-07 0.00960929 -0.0177986 -1.48116e-06 -2.05973e-05 -0.0177986 0.0882307 
0.00941152 -0.0171523 1.07102e-05 -2.24698e-05 -0.0171523 0.0844733 -2.44564e-05 1.43567e-05 1.07102e-05 -2.44564e-05 0.00922575 -0.0170896 -2.24698e-05 1.43567e-05 -0.0170896 0.0848116 
0.00939132 -0.0171554 -1.09616e-05 -5.04482e-06 -0.0171554 0.0844396 -8.86945e-06 9.37534e-06 -1.09616e-05 -8.86945e-06 0.00923097 -0.0170415 -5.04482e-06 9.37534e-06 -0.0170415 0.0846289 
0.00939961 -0.0171821 -1.63874e-05 2.24021e-05 -0.0171821 0.0846263 2.1598e-05 -4.77553e-05 -1.63874e-05 2.1598e-05 0.00926453 -0.0170879 2.24021e-05 -4.77553e-05 -0.0170879 0.084771 
0.00939232 -0.0171735 -1.18691e-05 3.2072e-05 -0.0171735 0.0846318 3.79509e-05 -0.00010323 -1.18691e-05 3.79509e-05 0.00928763 -0.017113 3.2072e-05 -0.00010323 -0.017113 0.0848276 
0.00938814 -0.0171706 2.62022e-06 2.4181e-05 -0.0171706 0.0846482 3.3911e-05 -0.000114833 2.62022e-06 3.3911e-05 0.00930456 -0.0171463 2.4181e-05 -0.000114833 -0.0171463 0.084923 
0.00938768 -0.0171765 -6.21532e-07 6.7538e-06 -0.0171765 0.0847055 1.60841e-05 -8.77899e-05 -6.21532e-07 1.60841e-05 0.00931672 -0.01718 6.7538e-06 -8.77899e-05 -0.01718 0.0850609 
0.00936168 -0.0171506 -1.08386e-05 1.03085e-05 -0.0171506 0.0846162 1.41067e-05 -7.21795e-05 -1.08386e-05 1.41067e-05 0.00932055 -0.0171757 1.03085e-05 -7.21795e-05 -0.0171757 0.0850434 
