0.00658619 0 7.58678e-05 0 0 0.00942886 0 0 7.58678e-05 0 0.00667611 0 0 0 0 0.00942886 
0.00956671 -0.0118766 8.00188e-05 -9.50323e-05 -0.0118766 0.0316218 -9.50323e-05 0.000182106 8.00188e-05 -9.50323e-05 0.00965424 -0.0119808 -9.50323e-05 0.000182106 -0.0119808 0.0318217 
0.00981215 -0.0182864 2.61218e-05 -2.24848e-05 -0.0182864 0.0674685 -2.24848e-05 4.10152e-05 2.61218e-05 -2.24848e-05 0.00985904 -0.0182949 -2.24848e-05 4.10152e-05 -0.0182949 0.0674617 
0.00926885 -0.018002 9.19901e-06 0.000107022 -0.018002 0.0808182 0.000103231 -0.000574021 9.19901e-06 0.000103231 0.00931381 -0.0178485 0.000107022 -0.000574021 -0.0178485 0.0799245 
0.00895923 -0.0168877 2.93988e-05 0.00010836 -0.0168877 0.0817396 0.00010089 -0.000798726 2.93988e-05 0.00010089 0.00903943 -0.0167694 0.00010836 -0.000798726 -0.0167694 0.0805827 
0.00920423 -0.0170508 6.05726e-05 5.3588e-05 -0.0170508 0.0840958 4.512e-05 -0.000653113 6.05726e-05 4.512e-05 0.0093358 -0.0170371 5.3588e-05 -0.000653113 -0.0170371 0.0832431 
0.00938612 -0.0172699 7.71258e-05 -1.64175e-06 -0.0172699 0.0854523 -4.91978e-06 -0.000417914 7.71258e-05 -4.91978e-06 0.00952006 -0.0173572 -1.64175e-06 -0.000417914 -0.0173572 0.085047 
0.00959115 -0.0176055 7.83138e-05 -2.89338e-05 -0.0176055 0.0870869 -2.39799e-05 -0.00026024 7.83138e-05 -2.39799e-05 0.00968866 -0.0176953 -2.89338e-05 -0.00026024 -0.0176953 0.0869042 
0.00940678 -0.0172575 6.84369e-05 -2.84128e-05 -0.0172575 0.0852828 -1.62096e-05 -0.000199292 6.84369e-05 -1.62096e-05 0.00946664 -0.0172851 -2.84128e-05 -0.000199292 -0.0172851 0.0850755 
0.00967649 -0.0177411 5.29124e-05 -1.71782e-05 -0.0177411 0.0876021 -3.91603e-07 -0.000214794 5.29124e-05 -3.91603e-07 0.00972394 -0.0177179 -1.71782e-05 -0.000214794 -0.0177179 0.0872689 
0.00963475 -0.0176948 6.73058e-05 9.48258e-06 -0.0176948 0.0872935 2.10986e-05 -0.000264746 6.73058e-05 2.10986e-05 0.0096922 -0.0176494 9.48258e-06 -0.000264746 -0.0176494 0.0868635 
0.0096403 -0.0176926 7.96326e-05 -4.59127e-06 -0.0176926 0.0872903 -1.55184e-06 -0.000261681 7.96326e-05 -1.55184e-06 0.00969499 -0.0176554 -4.59127e-06 -0.000261681 -0.0176554 0.0868316 
0.00963936 -0.0177424 9.48994e-05 -1.9666e-05 -0.0177424 0.0874944 -1.90973e-05 -0.000226433 9.48994e-05 -1.90973e-05 0.00971939 -0.0177017 -1.9666e-05 -0.000226433 -0.0177017 0.0870254 
0.00961594 -0.017697 0.000105652 -4.27924e-05 -0.017697 0.0873613 -3.89656e-05 -0.000173798 0.000105652 -3.89656e-05 0.00970221 -0.0176851 -4.27924e-05 -0.000173798 -0.0176851 0.086927 
0.00959671 -0.0176509 0.000100709 -5.85462e-05 -0.0176509 0.0871653 -4.98558e-05 -0.000128519 0.000100709 -4.98558e-05 0.00966756 -0.0176451 -5.85462e-05 -0.000128519 -0.0176451 0.0867575 
0.00960149 -0.017644 0.000105988 -5.76527e-05 -0.017644 0.0871233 -4.63188e-05 -0.000109278 0.000105988 -4.63188e-05 0.00963994 -0.0176189 -5.76527e-05 -0.000109278 -0.0176189 0.0866894 
0.00956318 -0.0176111 0.000105965 -6.12186e-05 -0.0176111 0.0869166 -5.50774e-05 -9.39793e-05 0.000105965 -5.50774e-05 0.0096071 -0.0175375 -6.12186e-05 -9.39793e-05 -0.0175375 0.0863799 
0.00954108 -0.0175807 8.81332e-05 -5.72837e-05 -0.0175807 0.0868357 -5.78982e-05 -8.65985e-05 8.81332e-05 -5.78982e-05 0.00960636 -0.0175171 -5.72837e-05 -8.65985e-05 -0.0175171 0.086271 
0.00956746 -0.0176298 7.4598e-05 -3.23001e-05 -0.0176298 0.08714 -3.43641e-05 -0.000128408 7.4598e-05 -3.43641e-05 0.0096386 -0.0176008 -3.23001e-05 -0.000128408 -0.0176008 0.0866338 
0.00957436 -0.0176512 7.16472e-05 -1.79003e-05 -0.0176512 0.0872698 -1.83556e-05 -0.000170592 7.16472e-05 -1.83556e-05 0.00965768 -0.0176237 -1.79003e-05 -0.000170592 -0.0176237 0.0867927 
0.0095285 -0.017558 4.7373e-05 -1.63763e-05 -0.017558 0.086855 -1.65824e-05 -0.000185741 4.7373e-05 -1.65824e-05 0.00962375 -0.017553 -1.63763e-05 -0.000185741 -0.017553 0.0864345 
0.00950159 -0.0174964 3.30926e-05 1.57868e-05 -0.0174964 0.0865676 1.15495e-05 -0.000236442 3.30926e-05 1.15495e-05 0.00959116 -0.0175176 1.57868e-05 -0.000236442 -0.0175176 0.0862288 
0.00949109 -0.0174538 3.34859e-05 3.61157e-05 -0.0174538 0.0863483 2.89611e-05 -0.000292007 3.34859e-05 2.89611e-05 0.00956247 -0.0174771 3.61157e-05 -0.000292007 -0.0174771 0.0860624 
0.0094916 -0.017428 3.57068e-05 3.98922e-05 -0.017428 0.0861736 3.2919e-05 -0.000324784 3.57068e-05 3.2919e-05 0.00953888 -0.0174375 3.98922e-05 -0.000324784 -0.0174375 0.0858972 
0.00947112 -0.0174041 5.08475e-05 3.59712e-05 -0.0174041 0.0859564 2.88057e-05 -0.000326681 5.08475e-05 2.88057e-05 0.00951658 -0.0173704 3.59712e-05 -0.000326681 -0.0173704 0.0855985 
0.00944314 -0.0173533 6.91028e-05 1.25493e-05 -0.0173533 0.0856792 6.93071e-06 -0.000286245 6.91028e-05 6.93071e-06 0.00948688 -0.0173098 1.25493e-05 -0.000286245 -0.0173098 0.085259 
0.00946161 -0.0173815 6.32384e-05 -1.14934e-05 -0.0173815 0.0857944 -1.77484e-05 -0.000225843 6.32384e-05 -1.77484e-05 0.00948248 -0.0173342 -1.14934e-05 -0.000225843 -0.0173342 0.0853446 
0.00945772 -0.0173742 5.00263e-05 -2.24925e-06 -0.0173742 0.0857327 -1.07159e-05 -0.000212734 5.00263e-05 -1.07159e-05 0.00945861 -0.0173071 -2.24925e-06 -0.000212734 -0.0173071 0.0852536 
0.00946882 -0.017419 6.99548e-05 1.108e-05 -0.017419 0.0859322 5.50423e-06 -0.000235851 6.99548e-05 5.50423e-06 0.00946276 -0.0173227 1.108e-05 -0.000235851 -0.0173227 0.0853883 
0.00947348 -0.0174213 9.77071e-05 -1.3854e-05 -0.0174213 0.0859891 -1.46345e-05 -0.000215404 9.77071e-05 -1.46345e-05 0.00946969 -0.0173184 -1.3854e-05 -0.000215404 -0.0173184 0.0854119 
0.00948629 -0.0174466 0.00011175 -5.51783e-05 -0.0174466 0.0861253 -5.5782e-05 -0.000127308 0.00011175 -5.5782e-05 0.00948558 -0.0173517 -5.51783e-05 -0.000127308 -0.0173517 0.085558 
0.00949442 -0.0174451 9.39895e-05 -6.96325e-05 -0.0174451 0.0861409 -7.16139e-05 -6.45524e-05 9.39895e-05 -7.16139e-05 0.00948395 -0.0173644 -6.96325e-05 -6.45524e-05 -0.0173644 0.0856175 
0.00949249 -0.0174591 6.88553e-05 -4.61692e-05 -0.0174591 0.08618 -4.55454e-05 -8.58793e-05 6.88553e-05 -4.55454e-05 0.00949282 -0.0173607 -4.61692e-05 -8.58793e-05 -0.0173607 0.0856417 
0.00947986 -0.0174741 3.62758e-05 -1.54375e-05 -0.0174741 0.0862796 -1.24709e-05 -0.000154512 3.62758e-05 -1.24709e-05 0.0095297 -0.017384 -1.54375e-05 -0.000154512 -0.017384 0.0857349 
0.00944685 -0.0174173 3.89572e-05 2.64063e-05 -0.0174173 0.0860874 3.32096e-05 -0.000256412 3.89572e-05 3.32096e-05 0.00953085 -0.017379 2.64063e-05 -0.000256412 -0.017379 0.0856116 
0.0094262 -0.017362 3.6378e-05 2.51639e-05 -0.017362 0.0858751 3.04904e-05 -0.000299188 3.6378e-05 3.04904e-05 0.00950824 -0.0173753 2.51639e-05 -0.000299188 -0.0173753 0.0855263 
0.00942391 -0.0173353 3.15097e-05 2.5572e-05 -0.0173353 0.0857383 2.71243e-05 -0.000299199 3.15097e-05 2.71243e-05 0.00949042 -0.0173506 2.5572e-05 -0.000299199 -0.0173506 0.0854488 
0.00941391 -0.0173467 3.74174e-05 2.88627e-05 -0.0173467 0.0857446 2.93143e-05 -0.000299914 3.74174e-05 2.93143e-05 0.00949721 -0.0173397 2.88627e-05 -0.000299914 -0.0173397 0.0854311 
0.00941074 -0.0173053 5.11911e-05 2.37265e-05 -0.0173053 0.0855888 2.30592e-05 -0.000291775 5.11911e-05 2.30592e-05 0.00945146 -0.0173175 2.37265e-05 -0.000291775 -0.0173175 0.0852855 
0.00940505 -0.0172991 6.77208e-05 4.68283e-06 -0.0172991 0.08549 2.94389e-06 -0.000252326 6.77208e-05 2.94389e-06 0.0094172 -0.0172535 4.68283e-06 -0.000252326 -0.0172535 0.0851015 
0.00940127 -0.0173531 5.55494e-05 -1.82442e-05 -0.0173531 0.0857342 -1.82502e-05 -0.00019822 5.55494e-05 -1.82502e-05 0.00945572 -0.0172666 -1.82442e-05 -0.00019822 -0.0172666 0.0852262 
0.00938534 -0.0173075 4.9269e-05 -7.67986e-06 -0.0173075 0.0856348 -5.98194e-06 -0.000186567 4.9269e-05 -5.98194e-06 0.00945587 -0.0172689 -7.67986e-06 -0.000186567 -0.0172689 0.0851471 
0.00937212 -0.0172301 4.24915e-05 1.16851e-06 -0.0172301 0.0852787 3.13025e-06 -0.000202492 4.24915e-05 3.13025e-06 0.00942963 -0.017224 1.16851e-06 -0.000202492 -0.017224 0.0848867 
0.00935894 -0.0171795 4.61448e-05 9.67276e-06 -0.0171795 0.0849301 1.13569e-05 -0.000222703 4.61448e-05 1.13569e-05 0.00938845 -0.0171657 9.67276e-06 -0.000222703 -0.0171657 0.0845767 
0.00935467 -0.0172025 4.63982e-05 4.96621e-06 -0.0172025 0.0849355 3.25333e-06 -0.000218827 4.63982e-05 3.25333e-06 0.0093754 -0.0171536 4.96621e-06 -0.000218827 -0.0171536 0.0845364 
0.00935621 -0.0172284 5.27699e-05 3.8312e-06 -0.0172284 0.0850781 -2.41924e-06 -0.000205249 5.27699e-05 -2.41924e-06 0.00938255 -0.0171709 3.8312e-06 -0.000205249 -0.0171709 0.0846461 
0.00933965 -0.0172365 5.8627e-05 -1.38319e-06 -0.0172365 0.085176 -1.03347e-05 -0.0001909 5.8627e-05 -1.03347e-05 0.00939797 -0.017191 -1.38319e-06 -0.0001909 -0.017191 0.0847607 
0.00931768 -0.017181 6.18643e-05 -1.21625e-05 -0.017181 0.0850222 -2.0329e-05 -0.000164941 6.18643e-05 -2.0329e-05 0.00937414 -0.0171789 -1.21625e-05 -0.000164941 -0.0171789 0.0846936 
0.00929927 -0.0171627 5.5612e-05 -2.12115e-05 -0.0171627 0.0849411 -2.34013e-05 -0.000140702 5.5612e-05 -2.34013e-05 0.00936324 -0.0171448 -2.12115e-05 -0.000140702 -0.0171448 0.0846158 
0.00927487 -0.0171357 5.44003e-05 -1.53051e-05 -0.0171357 0.0848573 -1.21651e-05 -0.00014555 5.44003e-05 -1.21651e-05 0.00936335 -0.0171241 -1.53051e-05 -0.00014555 -0.0171241 0.0845289 
0.00923882 -0.0170598 4.22228e-05 -7.86488e-06 -0.0170598 0.0845583 -4.04244e-06 -0.000169578 4.22228e-05 -4.04244e-06 0.00935235 -0.0170861 -7.86488e-06 -0.000169578 -0.0170861 0.0843006 
0.00922877 -0.0170371 5.13727e-05 4.43251e-06 -0.0170371 0.084468 8.66679e-06 -0.000195848 5.13727e-05 8.66679e-06 0.00936487 -0.0171 4.43251e-06 -0.000195848 -0.0171 0.0843114 
0.00921602 -0.0170134 4.59518e-05 -4.86679e-06 -0.0170134 0.0843622 -3.95204e-07 -0.000197573 4.59518e-05 -3.95204e-07 0.00937572 -0.0171125 -4.86679e-06 -0.000197573 -0.0171125 0.0843153 
0.0096003 -0.0177053 4.35864e-05 -1.58322e-06 -0.0177053 0.0878165 1.47794e-06 -0.000200216 4.35864e-05 1.47794e-06 0.0097779 -0.0178563 -1.58322e-06 -0.000200216 -0.0178563 0.0879127 
0.00960494 -0.0177056 4.154e-05 9.56242e-06 -0.0177056 0.087789 6.76084e-06 -0.000214977 4.154e-05 6.76084e-06 0.009781 -0.0178743 9.56242e-06 -0.000214977 -0.0178743 0.087982 
0.00923981 -0.0170442 4.18261e-05 1.5386e-05 -0.0170442 0.0844772 7.14278e-06 -0.000220696 4.18261e-05 7.14278e-06 0.00939987 -0.0172053 1.5386e-05 -0.000220696 -0.0172053 0.0846976 
0.00925504 -0.017044 5.43675e-05 1.48829e-05 -0.017044 0.0844884 3.4339e-06 -0.000222037 5.43675e-05 3.4339e-06 0.00937065 -0.0171911 1.48829e-05 -0.000222037 -0.0171911 0.0846932 
0.00927736 -0.0170554 5.29801e-05 -4.14126e-06 -0.0170554 0.0844793 -1.34365e-05 -0.000190771 5.29801e-05 -1.34365e-05 0.00933109 -0.0171403 -4.14126e-06 -0.000190771 -0.0171403 0.0845704 
0.00967762 -0.0177835 7.09752e-05 -5.55698e-06 -0.0177835 0.0879752 -1.17206e-05 -0.000181318 7.09752e-05 -1.17206e-05 0.00970041 -0.0177772 -5.55698e-06 -0.000181318 -0.0177772 0.0878446 
0.00967274 -0.0177743 4.98894e-05 -3.01671e-05 -0.0177743 0.0878568 -3.05243e-05 -0.000141966 4.98894e-05 -3.05243e-05 0.0096752 -0.0177227 -3.01671e-05 -0.000141966 -0.0177227 0.0875474 
0.00969408 -0.0178027 4.22899e-05 -1.32506e-05 -0.0178027 0.0879533 -1.04945e-05 -0.000141207 4.22899e-05 -1.04945e-05 0.00965615 -0.0177283 -1.32506e-05 -0.000141207 -0.0177283 0.0875462 
0.00968633 -0.0177773 4.68365e-05 -7.61634e-07 -0.0177773 0.087776 3.9187e-07 -0.00016697 4.68365e-05 3.9187e-07 0.00960714 -0.0176565 -7.61634e-07 -0.00016697 -0.0176565 0.0872689 
0.00966943 -0.0177712 7.54952e-05 -7.08597e-08 -0.0177712 0.0876911 -6.27199e-07 -0.00018344 7.54952e-05 -6.27199e-07 0.00958836 -0.0176003 -7.08597e-08 -0.00018344 -0.0176003 0.0870646 
0.00967168 -0.0178164 8.36233e-05 -2.90965e-05 -0.0178164 0.0879388 -3.29434e-05 -0.000148101 8.36233e-05 -3.29434e-05 0.00962768 -0.0176406 -2.90965e-05 -0.000148101 -0.0176406 0.0872497 
0.00964509 -0.0177957 6.42295e-05 -4.16197e-05 -0.0177957 0.0879366 -4.55053e-05 -0.000105119 6.42295e-05 -4.55053e-05 0.0096647 -0.0176688 -4.16197e-05 -0.000105119 -0.0176688 0.0873134 
0.00965612 -0.0177929 5.22371e-05 -2.05585e-05 -0.0177929 0.0880367 -2.16523e-05 -0.000125256 5.22371e-05 -2.16523e-05 0.00969125 -0.0177515 -2.05585e-05 -0.000125256 -0.0177515 0.0875935 
0.00965094 -0.0177757 5.21166e-05 -3.14045e-06 -0.0177757 0.0879613 -1.91234e-06 -0.000172857 5.21166e-05 -1.91234e-06 0.00969768 -0.0177648 -3.14045e-06 -0.000172857 -0.0177648 0.0876667 
0.0096543 -0.0177751 6.01546e-05 -1.55246e-06 -0.0177751 0.0879571 -1.7473e-06 -0.00019631 6.01546e-05 -1.7473e-06 0.00970172 -0.0177798 -1.55246e-06 -0.00019631 -0.0177798 0.0877404 
0.00964924 -0.0177729 6.60278e-05 -1.10826e-05 -0.0177729 0.087934 -1.27239e-05 -0.000184146 6.60278e-05 -1.27239e-05 0.00969603 -0.017777 -1.10826e-05 -0.000184146 -0.017777 0.0877431 
0.00966455 -0.0177925 7.33814e-05 -1.89313e-05 -0.0177925 0.0880378 -2.05849e-05 -0.000164569 7.33814e-05 -2.05849e-05 0.00968828 -0.0177871 -1.89313e-05 -0.000164569 -0.0177871 0.0878283 
0.00927603 -0.0170984 4.98922e-05 -2.53141e-05 -0.0170984 0.084585 -2.90763e-05 -0.000138226 4.98922e-05 -2.90763e-05 0.00930954 -0.0170624 -2.53141e-05 -0.000138226 -0.0170624 0.0843244 
0.00928149 -0.0170756 3.66866e-05 -2.50406e-06 -0.0170756 0.0845101 -1.14076e-05 -0.000153641 3.66866e-05 -1.14076e-05 0.0092927 -0.0170462 -2.50406e-06 -0.000153641 -0.0170462 0.0842225 
0.00967538 -0.0177755 4.11768e-05 1.72859e-05 -0.0177755 0.087935 1.57157e-06 -0.000198883 4.11768e-05 1.57157e-06 0.00966197 -0.0177341 1.72859e-05 -0.000198883 -0.0177341 0.0876388 
0.00967007 -0.0177732 4.88525e-05 1.95632e-05 -0.0177732 0.087867 1.71675e-06 -0.000222017 4.88525e-05 1.71675e-06 0.00964878 -0.0177171 1.95632e-05 -0.000222017 -0.0177171 0.087569 
0.00963914 -0.0177393 4.37316e-05 1.04985e-05 -0.0177393 0.0876901 -3.51977e-06 -0.000219673 4.37316e-05 -3.51977e-06 0.00964219 -0.0176777 1.04985e-05 -0.000219673 -0.0176777 0.0873932 
0.00961176 -0.0176993 3.39379e-05 1.33819e-05 -0.0176993 0.087536 5.4061e-06 -0.000226584 3.39379e-05 5.4061e-06 0.00964209 -0.0176653 1.33819e-05 -0.000226584 -0.0176653 0.0872804 
0.00958625 -0.0176688 2.77383e-05 2.1869e-05 -0.0176688 0.0874269 2.05393e-05 -0.000251365 2.77383e-05 2.05393e-05 0.00965349 -0.0176748 2.1869e-05 -0.000251365 -0.0176748 0.0872693 
0.00963188 -0.0177115 3.55902e-05 2.42072e-05 -0.0177115 0.0876995 2.93144e-05 -0.00026923 3.55902e-05 2.93144e-05 0.0096699 -0.0177685 2.42072e-05 -0.00026923 -0.0177685 0.0876716 
0.00967445 -0.0177789 7.0918e-05 1.22852e-05 -0.0177789 0.0879613 2.14988e-05 -0.000260679 7.0918e-05 2.14988e-05 0.00967541 -0.0177928 1.22852e-05 -0.000260679 -0.0177928 0.0879156 
0.00966854 -0.0178028 6.9218e-05 -2.85508e-05 -0.0178028 0.0880275 -2.07736e-05 -0.000190902 6.9218e-05 -2.07736e-05 0.00968282 -0.0177664 -2.85508e-05 -0.000190902 -0.0177664 0.0878765 
0.00965678 -0.0177754 4.63465e-05 -3.05584e-05 -0.0177754 0.0879463 -2.15398e-05 -0.000148091 4.63465e-05 -2.15398e-05 0.00967994 -0.0177515 -3.05584e-05 -0.000148091 -0.0177515 0.0877617 
0.00963818 -0.0177897 4.04525e-05 -5.99407e-06 -0.0177897 0.0880342 1.43396e-06 -0.000170018 4.04525e-05 1.43396e-06 0.00971611 -0.0177837 -5.99407e-06 -0.000170018 -0.0177837 0.0878824 
0.00921316 -0.0170155 5.0177e-05 8.83607e-06 -0.0170155 0.0843178 9.49882e-06 -0.000200065 5.0177e-05 9.49882e-06 0.00932705 -0.0170728 8.83607e-06 -0.000200065 -0.0170728 0.0842828 
0.00957755 -0.0176484 5.47188e-05 -3.33232e-06 -0.0176484 0.0875455 -8.29126e-06 -0.000196869 5.47188e-05 -8.29126e-06 0.00969571 -0.0177712 -3.33232e-06 -0.000196869 -0.0177712 0.087683 
0.00955265 -0.0176056 6.90181e-05 -6.12208e-06 -0.0176056 0.0872982 -1.46646e-05 -0.000176939 6.90181e-05 -1.46646e-05 0.00968259 -0.017735 -6.12208e-06 -0.000176939 -0.017735 0.0875292 
0.00954633 -0.0175603 4.73002e-05 -2.0907e-05 -0.0175603 0.0870708 -3.33287e-05 -0.000144409 4.73002e-05 -3.33287e-05 0.00965594 -0.0177039 -2.0907e-05 -0.000144409 -0.0177039 0.0873508 
0.00956816 -0.0175848 3.22859e-05 5.13507e-06 -0.0175848 0.0871116 -1.02343e-05 -0.00016474 3.22859e-05 -1.02343e-05 0.00965034 -0.017704 5.13507e-06 -0.00016474 -0.017704 0.0873739 
0.00962074 -0.0176541 3.20266e-05 2.80829e-05 -0.0176541 0.0873865 1.22215e-05 -0.000222248 3.20266e-05 1.22215e-05 0.00965596 -0.0177455 2.80829e-05 -0.000222248 -0.0177455 0.0875987 
0.00964499 -0.0177138 5.10802e-05 2.7028e-05 -0.0177138 0.0875698 1.42023e-05 -0.000248288 5.10802e-05 1.42023e-05 0.0096546 -0.0177375 2.7028e-05 -0.000248288 -0.0177375 0.0876465 
0.00965556 -0.0177438 7.46649e-05 2.68492e-06 -0.0177438 0.087702 -5.22947e-06 -0.000223465 7.46649e-05 -5.22947e-06 0.00966006 -0.0177394 2.68492e-06 -0.000223465 -0.0177394 0.0876765 
0.00963757 -0.0177178 0.000115815 -2.76328e-05 -0.0177178 0.0875753 -3.26256e-05 -0.000163263 0.000115815 -3.26256e-05 0.0096467 -0.0176995 -2.76328e-05 -0.000163263 -0.0176995 0.0874813 
0.0096722 -0.0178009 0.000123346 -7.51894e-05 -0.0178009 0.0879906 -7.92759e-05 -7.07599e-05 0.000123346 -7.92759e-05 0.00969353 -0.0177833 -7.51894e-05 -7.07599e-05 -0.0177833 0.0878701 
0.00929221 -0.0170873 8.71424e-05 -8.3478e-05 -0.0170873 0.0844984 -8.78408e-05 -7.91293e-06 8.71424e-05 -8.78408e-05 0.00930631 -0.0170802 -8.3478e-05 -7.91293e-06 -0.0170802 0.0843854 
0.00929633 -0.0170814 5.87772e-05 -4.36633e-05 -0.0170814 0.0844615 -4.76686e-05 -5.45638e-05 5.87772e-05 -4.76686e-05 0.0092986 -0.0170738 -4.36633e-05 -5.45638e-05 -0.0170738 0.0843607 
0.00970062 -0.017808 5.26182e-05 -4.77001e-06 -0.017808 0.0880309 -4.91798e-06 -0.000162768 5.26182e-05 -4.91798e-06 0.00967698 -0.0177931 -4.77001e-06 -0.000162768 -0.0177931 0.0879287 
0.00931587 -0.0171059 4.59248e-05 2.63102e-06 -0.0171059 0.0845144 6.65687e-06 -0.000212827 4.59248e-05 6.65687e-06 0.00927044 -0.0170593 2.63102e-06 -0.000212827 -0.0170593 0.0843668 
0.00968633 -0.0178179 4.41362e-05 1.20782e-05 -0.0178179 0.0880114 1.16194e-05 -0.0002506 4.41362e-05 1.16194e-05 0.00966076 -0.0177293 1.20782e-05 -0.0002506 -0.0177293 0.087755 
0.00965739 -0.0177617 4.05794e-05 1.63813e-05 -0.0177617 0.0877899 1.28096e-05 -0.000262743 4.05794e-05 1.28096e-05 0.00965649 -0.0176942 1.63813e-05 -0.000262743 -0.0176942 0.0875155 
0.00962734 -0.0177328 3.47863e-05 1.61422e-05 -0.0177328 0.0876664 1.38349e-05 -0.000263374 3.47863e-05 1.38349e-05 0.00966903 -0.0177 1.61422e-05 -0.000263374 -0.0177 0.0874541 
0.00961599 -0.0177064 2.36982e-05 1.93727e-05 -0.0177064 0.0876109 1.83863e-05 -0.000263952 2.36982e-05 1.83863e-05 0.00966366 -0.0177314 1.93727e-05 -0.000263952 -0.0177314 0.0875218 
0.00962016 -0.0176954 2.77143e-05 3.19638e-05 -0.0176954 0.0875916 3.1575e-05 -0.000283238 2.77143e-05 3.1575e-05 0.00966583 -0.0177441 3.19638e-05 -0.000283238 -0.0177441 0.0876191 
0.00962825 -0.0177107 4.91156e-05 2.27801e-05 -0.0177107 0.0876527 2.21697e-05 -0.00027111 4.91156e-05 2.21697e-05 0.00968936 -0.017763 2.27801e-05 -0.00027111 -0.017763 0.0877368 
0.00964372 -0.0177068 6.80073e-05 -1.16741e-06 -0.0177068 0.0876301 -1.68747e-06 -0.000230478 6.80073e-05 -1.68747e-06 0.00967876 -0.0177774 -1.16741e-06 -0.000230478 -0.0177774 0.0877623 
0.0096726 -0.0177626 8.53801e-05 -2.15283e-05 -0.0177626 0.0878175 -2.4438e-05 -0.000178406 8.53801e-05 -2.4438e-05 0.00967184 -0.01779 -2.15283e-05 -0.000178406 -0.01779 0.0878914 
0.00968507 -0.0177501 9.16846e-05 -4.24488e-05 -0.0177501 0.0877278 -4.70067e-05 -0.000123125 9.16846e-05 -4.70067e-05 0.00962347 -0.0177367 -4.24488e-05 -0.000123125 -0.0177367 0.0877113 
0.00966432 -0.0177496 7.37111e-05 -5.14222e-05 -0.0177496 0.0876251 -5.57916e-05 -8.59905e-05 7.37111e-05 -5.57916e-05 0.00960278 -0.0176554 -5.14222e-05 -8.59905e-05 -0.0176554 0.0874389 
0.00960662 -0.0177313 5.14863e-05 -3.14675e-05 -0.0177313 0.0875661 -3.19405e-05 -0.000105856 5.14863e-05 -3.19405e-05 0.00963214 -0.0176287 -3.14675e-05 -0.000105856 -0.0176287 0.0872775 
0.00958439 -0.0176919 4.87963e-05 -5.40245e-06 -0.0176919 0.0875833 -2.49488e-06 -0.000164252 4.87963e-05 -2.49488e-06 0.00967345 -0.0177012 -5.40245e-06 -0.000164252 -0.0177012 0.0874409 
0.00955956 -0.0176054 7.93591e-05 2.2272e-06 -0.0176054 0.0872672 4.2895e-06 -0.000204532 7.93591e-05 4.2895e-06 0.00966281 -0.0177106 2.2272e-06 -0.000204532 -0.0177106 0.0873815 
0.00956383 -0.0175662 9.07549e-05 -3.38558e-05 -0.0175662 0.0870478 -3.5581e-05 -0.000159268 9.07549e-05 -3.5581e-05 0.00963353 -0.0176999 -3.38558e-05 -0.000159268 -0.0176999 0.0873302 
0.00958089 -0.0175821 7.73548e-05 -5.1179e-05 -0.0175821 0.0870022 -5.49162e-05 -9.62798e-05 7.73548e-05 -5.49162e-05 0.0095974 -0.017661 -5.1179e-05 -9.62798e-05 -0.017661 0.0872408 
0.00958906 -0.017641 5.79699e-05 -3.48808e-05 -0.017641 0.0872063 -3.9853e-05 -9.69198e-05 5.79699e-05 -3.9853e-05 0.00960831 -0.0176528 -3.48808e-05 -9.69198e-05 -0.0176528 0.0872997 
0.00958186 -0.0176332 3.73988e-05 -5.46744e-06 -0.0176332 0.0872252 -1.25111e-05 -0.00015315 3.73988e-05 -1.25111e-05 0.00960934 -0.0176485 -5.46744e-06 -0.00015315 -0.0176485 0.0872619 
0.00957749 -0.0176064 3.29534e-05 1.92906e-05 -0.0176064 0.0871279 1.03639e-05 -0.000213984 3.29534e-05 1.03639e-05 0.00959568 -0.0176348 1.92906e-05 -0.000213984 -0.0176348 0.0871799 
0.00958234 -0.0176057 4.24296e-05 2.0532e-05 -0.0176057 0.0871099 9.17901e-06 -0.000231967 4.24296e-05 9.17901e-06 0.00958816 -0.0176347 2.0532e-05 -0.000231967 -0.0176347 0.087192 
0.00955443 -0.0175957 5.40018e-05 1.0042e-05 -0.0175957 0.0870348 9.10197e-07 -0.000222546 5.40018e-05 9.10197e-07 0.00959505 -0.0176097 1.0042e-05 -0.000222546 -0.0176097 0.0871025 
0.00954381 -0.017563 6.84427e-05 -1.04853e-05 -0.017563 0.0869563 -1.36716e-05 -0.000183491 6.84427e-05 -1.36716e-05 0.00959236 -0.0176191 -1.04853e-05 -0.000183491 -0.0176191 0.0870804 
0.00955598 -0.0175724 8.03285e-05 -3.18182e-05 -0.0175724 0.0870051 -2.9036e-05 -0.00013629 8.03285e-05 -2.9036e-05 0.00959435 -0.0176372 -3.18182e-05 -0.00013629 -0.0176372 0.0871763 
0.0095836 -0.0175986 8.43538e-05 -5.25203e-05 -0.0175986 0.0871082 -4.66143e-05 -8.17777e-05 8.43538e-05 -4.66143e-05 0.00959249 -0.0176476 -5.25203e-05 -8.17777e-05 -0.0176476 0.0872628 
0.00959666 -0.0176157 7.67298e-05 -5.74661e-05 -0.0176157 0.0871233 -5.294e-05 -4.9797e-05 7.67298e-05 -5.294e-05 0.00958354 -0.0176251 -5.74661e-05 -4.9797e-05 -0.0176251 0.0872008 
0.00961833 -0.0176438 8.13358e-05 -4.45014e-05 -0.0176438 0.0872135 -4.51058e-05 -5.64575e-05 8.13358e-05 -4.51058e-05 0.00957528 -0.0176252 -4.45014e-05 -5.64575e-05 -0.0176252 0.0872103 
0.00960493 -0.0176176 8.68207e-05 -4.73559e-05 -0.0176176 0.0870364 -4.81341e-05 -6.00216e-05 8.68207e-05 -4.81341e-05 0.00953818 -0.0175673 -4.73559e-05 -6.00216e-05 -0.0175673 0.0869584 
0.00964122 -0.0176726 6.98563e-05 -5.24126e-05 -0.0176726 0.0872749 -4.99021e-05 -5.87437e-05 6.98563e-05 -4.99021e-05 0.00953263 -0.0175908 -5.24126e-05 -5.87437e-05 -0.0175908 0.0871177 
0.0096193 -0.01768 4.80131e-05 -3.4805e-05 -0.01768 0.0872676 -3.24121e-05 -7.99845e-05 4.80131e-05 -3.24121e-05 0.00952547 -0.0175461 -3.4805e-05 -7.99845e-05 -0.0175461 0.0869974 
0.00961932 -0.0176758 4.75707e-05 -9.68878e-06 -0.0176758 0.0873384 -6.60534e-06 -0.000131371 4.75707e-05 -6.60534e-06 0.00953262 -0.0175597 -9.68878e-06 -0.000131371 -0.0175597 0.0870448 
0.00959364 -0.017647 5.36775e-05 -9.34383e-06 -0.017647 0.087221 -6.9446e-06 -0.000153243 5.36775e-05 -6.9446e-06 0.00952977 -0.0175329 -9.34383e-06 -0.000153243 -0.0175329 0.0869245 
0.00956226 -0.0176222 5.65728e-05 -1.82612e-05 -0.0176222 0.0871533 -1.88163e-05 -0.000136701 5.65728e-05 -1.88163e-05 0.00954668 -0.0175333 -1.82612e-05 -0.000136701 -0.0175333 0.0868908 
0.00951603 -0.0175255 5.61383e-05 -2.28921e-05 -0.0175255 0.0867999 -2.69032e-05 -0.000113248 5.61383e-05 -2.69032e-05 0.00953324 -0.017516 -2.28921e-05 -0.000113248 -0.017516 0.0867025 
0.00949194 -0.0174416 4.72393e-05 -1.90367e-05 -0.0174416 0.0864281 -2.67782e-05 -0.000107441 4.72393e-05 -2.67782e-05 0.00950523 -0.0174858 -1.90367e-05 -0.000107441 -0.0174858 0.0865116 
0.00947726 -0.0173681 5.17774e-05 -4.00599e-06 -0.0173681 0.0860062 -1.5426e-05 -0.000129411 5.17774e-05 -1.5426e-05 0.00944907 -0.0174153 -4.00599e-06 -0.000129411 -0.0174153 0.0861774 
0.00949871 -0.0174112 6.13915e-05 -6.20188e-06 -0.0174112 0.0860835 -2.09521e-05 -0.000138206 6.13915e-05 -2.09521e-05 0.00943982 -0.0174027 -6.20188e-06 -0.000138206 -0.0174027 0.0861887 
0.00950748 -0.0174369 6.95411e-05 -2.22606e-05 -0.0174369 0.0861394 -3.82203e-05 -0.000106192 6.95411e-05 -3.82203e-05 0.00943004 -0.0173764 -2.22606e-05 -0.000106192 -0.0173764 0.0861088 
0.00949482 -0.0174099 6.57982e-05 -3.32932e-05 -0.0174099 0.0859795 -4.31785e-05 -7.95845e-05 6.57982e-05 -4.31785e-05 0.00940231 -0.0173184 -3.32932e-05 -7.95845e-05 -0.0173184 0.0858311 
0.0094856 -0.0174533 5.699e-05 -3.05058e-05 -0.0174533 0.0861571 -3.09734e-05 -8.5434e-05 5.699e-05 -3.09734e-05 0.00942269 -0.0173366 -3.05058e-05 -8.5434e-05 -0.0173366 0.0859159 
0.00944514 -0.0174022 5.41748e-05 -1.87174e-05 -0.0174022 0.0860134 -1.7915e-05 -0.00011224 5.41748e-05 -1.7915e-05 0.00941225 -0.0173174 -1.87174e-05 -0.00011224 -0.0173174 0.0857781 
0.00941302 -0.0173701 4.27691e-05 -1.46338e-05 -0.0173701 0.0859571 -1.72192e-05 -0.000128283 4.27691e-05 -1.72192e-05 0.00942782 -0.017327 -1.46338e-05 -0.000128283 -0.017327 0.0858085 
0.00936513 -0.0172678 4.80546e-05 -4.2986e-06 -0.0172678 0.0855771 -6.09743e-06 -0.000145047 4.80546e-05 -6.09743e-06 0.00941203 -0.0172956 -4.2986e-06 -0.000145047 -0.0172956 0.0855927 
0.00935915 -0.0172033 6.15506e-05 -1.30233e-05 -0.0172033 0.0853099 -1.10637e-05 -0.000140902 6.15506e-05 -1.10637e-05 0.00938528 -0.0172897 -1.30233e-05 -0.000140902 -0.0172897 0.0855139 
0.00936727 -0.0171765 6.05625e-05 -3.51361e-05 -0.0171765 0.0850914 -2.93786e-05 -0.000100187 6.05625e-05 -2.93786e-05 0.00934135 -0.0172415 -3.51361e-05 -0.000100187 -0.0172415 0.0853437 
0.00937713 -0.0171999 5.16038e-05 -3.61688e-05 -0.0171999 0.0850736 -3.03191e-05 -7.37789e-05 5.16038e-05 -3.03191e-05 0.0093218 -0.0171966 -3.61688e-05 -7.37789e-05 -0.0171966 0.0852213 
0.00942396 -0.0172952 3.37356e-05 -2.10744e-05 -0.0172952 0.0854814 -1.86618e-05 -9.03064e-05 3.37356e-05 -1.86618e-05 0.00934323 -0.0172414 -2.10744e-05 -9.03064e-05 -0.0172414 0.0854775 
0.00939976 -0.0173028 1.34518e-05 4.91031e-06 -0.0173028 0.0854968 3.25487e-06 -0.000138856 1.34518e-05 3.25487e-06 0.00935702 -0.017212 4.91031e-06 -0.000138856 -0.017212 0.0853699 
0.00937729 -0.0172441 2.24281e-05 3.22918e-05 -0.0172441 0.085314 3.08064e-05 -0.000207318 2.24281e-05 3.08064e-05 0.00934757 -0.0172056 3.22918e-05 -0.000207318 -0.0172056 0.0852265 
0.009362 -0.0172121 2.56861e-05 2.01917e-05 -0.0172121 0.0851686 2.14582e-05 -0.000221203 2.56861e-05 2.14582e-05 0.00934046 -0.0172013 2.01917e-05 -0.000221203 -0.0172013 0.0851731 
0.00936589 -0.0172068 1.17332e-05 1.43747e-05 -0.0172068 0.0851423 1.64471e-05 -0.000207758 1.17332e-05 1.64471e-05 0.00932777 -0.017207 1.43747e-05 -0.000207758 -0.017207 0.0852013 
0.00938015 -0.017245 1.85078e-05 2.70895e-05 -0.017245 0.085297 2.88725e-05 -0.00021436 1.85078e-05 2.88725e-05 0.00933886 -0.0172176 2.70895e-05 -0.00021436 -0.0172176 0.0853242 
0.00938767 -0.0172682 3.15805e-05 2.09329e-05 -0.0172682 0.0854187 2.56645e-05 -0.000219788 3.15805e-05 2.56645e-05 0.00934871 -0.0172268 2.09329e-05 -0.000219788 -0.0172268 0.0853885 
0.00939061 -0.0172318 4.92748e-05 1.73482e-06 -0.0172318 0.0852616 6.09058e-06 -0.000183506 4.92748e-05 6.09058e-06 0.00930978 -0.0171896 1.73482e-06 -0.000183506 -0.0171896 0.085203 
0.00939455 -0.0172744 4.79464e-05 -2.6091e-05 -0.0172744 0.085373 -2.41945e-05 -0.000111592 4.79464e-05 -2.41945e-05 0.00931809 -0.0171662 -2.6091e-05 -0.000111592 -0.0171662 0.0851834 
0.00938221 -0.0173141 4.3918e-05 -2.5035e-05 -0.0173141 0.0856048 -2.90149e-05 -7.27925e-05 4.3918e-05 -2.90149e-05 0.00936194 -0.0172062 -2.5035e-05 -7.27925e-05 -0.0172062 0.0853411 
