0.00706867 0 3.73608e-05 0 0 0.00991383 0 0 3.73608e-05 0 0.00693895 0 0 0 0 0.00991383 
0.00961804 -0.0119347 4.10164e-05 -4.87063e-05 -0.0119347 0.0316507 -4.87063e-05 9.31135e-05 4.10164e-05 -4.87063e-05 0.00951146 -0.0118105 -4.87063e-05 9.31135e-05 -0.0118105 0.0314132 
0.00984302 -0.0183012 4.31723e-05 -2.22493e-05 -0.0183012 0.0674511 -2.22493e-05 5.96734e-05 4.31723e-05 -2.22493e-05 0.00983968 -0.0183811 -2.22493e-05 5.96734e-05 -0.0183811 0.067771 
0.00935543 -0.0179357 4.78937e-05 -1.9214e-06 -0.0179357 0.0803473 -2.53091e-06 -0.000119527 4.78937e-05 -2.53091e-06 0.00936038 -0.0182865 -1.9214e-06 -0.000119527 -0.0182865 0.082139 
0.00908713 -0.0167735 5.72663e-05 -1.71924e-05 -0.0167735 0.0806328 -1.96032e-05 -0.000144487 5.72663e-05 -1.96032e-05 0.00898866 -0.0170849 -1.71924e-05 -0.000144487 -0.0170849 0.0828771 
0.00930841 -0.0169559 3.78178e-05 -3.77867e-05 -0.0169559 0.0827244 -4.1075e-05 -7.65447e-05 3.78178e-05 -4.1075e-05 0.00916365 -0.0170448 -3.77867e-05 -7.65447e-05 -0.0170448 0.0843948 
0.00949245 -0.0172656 2.20387e-05 -2.19488e-05 -0.0172656 0.084549 -2.81131e-05 -3.61003e-05 2.20387e-05 -2.81131e-05 0.00932569 -0.0172351 -2.19488e-05 -3.61003e-05 -0.0172351 0.0855203 
0.0096686 -0.0175848 -4.23895e-06 -2.31616e-06 -0.0175848 0.0863165 -7.87457e-06 -5.09636e-05 -4.23895e-06 -7.87457e-06 0.00950462 -0.0175156 -2.31616e-06 -5.09636e-05 -0.0175156 0.0868847 
0.00941991 -0.0171638 -4.18249e-06 2.73564e-05 -0.0171638 0.0843528 2.11144e-05 -9.61414e-05 -4.18249e-06 2.11144e-05 0.00930838 -0.0171059 2.73564e-05 -9.61414e-05 -0.0171059 0.0847651 
0.00970614 -0.0176495 -1.18245e-06 3.17222e-05 -0.0176495 0.0868579 2.52999e-05 -0.000130231 -1.18245e-06 2.52999e-05 0.00959737 -0.0176711 3.17222e-05 -0.000130231 -0.0176711 0.0873858 
0.00963576 -0.0175379 9.85582e-06 2.32905e-05 -0.0175379 0.086271 2.27648e-05 -0.000126105 9.85582e-06 2.27648e-05 0.0095501 -0.0175816 2.32905e-05 -0.000126105 -0.0175816 0.08691 
0.00963294 -0.0175192 1.12174e-05 9.6242e-06 -0.0175192 0.0861985 1.20058e-05 -0.000106449 1.12174e-05 1.20058e-05 0.00953709 -0.0176003 9.6242e-06 -0.000106449 -0.0176003 0.0869501 
0.00963761 -0.0175094 2.2455e-05 7.42532e-06 -0.0175094 0.0861282 6.05563e-06 -8.76525e-05 2.2455e-05 6.05563e-06 0.00951626 -0.0175876 7.42532e-06 -8.76525e-05 -0.0175876 0.08694 
0.00962837 -0.0175048 3.26809e-05 -4.1549e-06 -0.0175048 0.0860387 -1.17432e-05 -5.69318e-05 3.26809e-05 -1.17432e-05 0.00949046 -0.0175374 -4.1549e-06 -5.69318e-05 -0.0175374 0.0867796 
0.00960595 -0.017504 4.38532e-05 -2.14407e-05 -0.017504 0.0860263 -3.05908e-05 -7.50708e-06 4.38532e-05 -3.05908e-05 0.00948838 -0.0175091 -2.14407e-05 -7.50708e-06 -0.0175091 0.0866763 
0.00958329 -0.017501 4.80999e-05 -3.70604e-05 -0.017501 0.0860817 -4.31047e-05 3.68721e-05 4.80999e-05 -4.31047e-05 0.00950533 -0.0175176 -3.70604e-05 3.68721e-05 -0.0175176 0.0866955 
0.0095624 -0.0174365 6.3385e-05 -5.00365e-05 -0.0174365 0.0858835 -5.03216e-05 7.59592e-05 6.3385e-05 -5.03216e-05 0.00949431 -0.017505 -5.00365e-05 7.59592e-05 -0.017505 0.086572 
0.00957439 -0.017363 4.41682e-05 -6.86916e-05 -0.017363 0.0855249 -6.50119e-05 0.000114981 4.41682e-05 -6.50119e-05 0.009425 -0.01745 -6.86916e-05 0.000114981 -0.01745 0.0862827 
0.0096159 -0.0174411 2.95862e-05 -4.46195e-05 -0.0174411 0.0856892 -4.10636e-05 9.61472e-05 2.95862e-05 -4.10636e-05 0.00940882 -0.0174199 -4.46195e-05 9.61472e-05 -0.0174199 0.0862965 
0.00963263 -0.0174991 2.07773e-05 -1.94417e-05 -0.0174991 0.085868 -2.09364e-05 3.87537e-05 2.07773e-05 -2.09364e-05 0.0094052 -0.0173925 -1.94417e-05 3.87537e-05 -0.0173925 0.0862382 
0.00964119 -0.0175481 1.23754e-05 -2.68443e-06 -0.0175481 0.0861093 -1.04411e-05 -9.17821e-06 1.23754e-05 -1.04411e-05 0.00943753 -0.0174134 -2.68443e-06 -9.17821e-06 -0.0174134 0.0863334 
0.00964484 -0.0175774 2.63309e-05 8.27949e-06 -0.0175774 0.0863217 -4.06061e-06 -3.9212e-05 2.63309e-05 -4.06061e-06 0.00948899 -0.0174771 8.27949e-06 -3.9212e-05 -0.0174771 0.0865578 
0.00968389 -0.0176045 3.32258e-05 -1.12741e-05 -0.0176045 0.0865432 -2.29848e-05 -1.68554e-05 3.32258e-05 -2.29848e-05 0.00952771 -0.0175762 -1.12741e-05 -1.68554e-05 -0.0175762 0.0869257 
0.00970485 -0.0176136 1.74333e-05 -2.14897e-05 -0.0176136 0.0865413 -2.841e-05 1.10725e-05 1.74333e-05 -2.841e-05 0.00953815 -0.0176016 -2.14897e-05 1.10725e-05 -0.0176016 0.0870415 
0.0097161 -0.0176274 1.41249e-05 -2.07095e-06 -0.0176274 0.0865358 -5.99145e-06 -1.25547e-05 1.41249e-05 -5.99145e-06 0.00953425 -0.0176106 -2.07095e-06 -1.25547e-05 -0.0176106 0.087079 
0.00971062 -0.0176563 9.48371e-06 1.72395e-07 -0.0176563 0.0866212 1.80684e-06 -3.74256e-05 9.48371e-06 1.80684e-06 0.00955588 -0.0176145 1.72395e-07 -3.74256e-05 -0.0176145 0.0871333 
0.00969814 -0.0176275 2.63206e-05 1.45759e-06 -0.0176275 0.0865377 1.13358e-05 -5.33331e-05 2.63206e-05 1.13358e-05 0.00954373 -0.0176174 1.45759e-06 -5.33331e-05 -0.0176174 0.0870831 
0.00971011 -0.0176293 2.49705e-05 -2.03403e-05 -0.0176293 0.0865683 -6.89882e-06 -2.94546e-05 2.49705e-05 -6.89882e-06 0.00953324 -0.0176317 -2.03403e-05 -2.94546e-05 -0.0176317 0.087172 
0.00969591 -0.0176576 2.62657e-05 -1.73962e-05 -0.0176576 0.0866731 -7.56228e-06 -1.64802e-05 2.62657e-05 -7.56228e-06 0.00954054 -0.0176302 -1.73962e-05 -1.64802e-05 -0.0176302 0.087253 
0.00968693 -0.0176345 3.917e-05 -1.71283e-05 -0.0176345 0.0866617 -9.73237e-06 -1.4898e-05 3.917e-05 -9.73237e-06 0.00954095 -0.0176228 -1.71283e-05 -1.4898e-05 -0.0176228 0.0872346 
0.00964718 -0.0175784 4.63413e-05 -3.33046e-05 -0.0175784 0.0864224 -2.55368e-05 9.55893e-06 4.63413e-05 -2.55368e-05 0.00952601 -0.0175781 -3.33046e-05 9.55893e-06 -0.0175781 0.0870161 
0.00961228 -0.0175186 4.28157e-05 -4.25042e-05 -0.0175186 0.0861878 -3.5944e-05 3.92424e-05 4.28157e-05 -3.5944e-05 0.00952108 -0.0175475 -4.25042e-05 3.92424e-05 -0.0175475 0.0868304 
0.0095927 -0.017479 3.58759e-05 -3.6334e-05 -0.017479 0.0860349 -3.54626e-05 4.61707e-05 3.58759e-05 -3.54626e-05 0.00951992 -0.0175477 -3.6334e-05 4.61707e-05 -0.0175477 0.0867673 
0.00958809 -0.0174553 2.21101e-05 -2.49977e-05 -0.0174553 0.0859289 -2.67654e-05 2.87377e-05 2.21101e-05 -2.67654e-05 0.0095036 -0.0175448 -2.49977e-05 2.87377e-05 -0.0175448 0.0867305 
0.00956653 -0.0174109 5.2514e-06 -7.67171e-06 -0.0174109 0.0856846 -1.03689e-05 -4.91527e-06 5.2514e-06 -1.03689e-05 0.00946509 -0.0174857 -7.67171e-06 -4.91527e-06 -0.0174857 0.086485 
0.00956388 -0.0174045 -9.16438e-06 1.28025e-05 -0.0174045 0.0856215 9.59659e-06 -5.24267e-05 -9.16438e-06 9.59659e-06 0.00944478 -0.0174493 1.28025e-05 -5.24267e-05 -0.0174493 0.0863559 
0.00953658 -0.0173888 -1.56211e-05 3.14235e-05 -0.0173888 0.0855224 2.98406e-05 -0.000104451 -1.56211e-05 2.98406e-05 0.00943483 -0.0174065 3.14235e-05 -0.000104451 -0.0174065 0.0861762 
0.00950949 -0.017319 -6.88211e-06 3.73446e-05 -0.017319 0.0852419 3.75158e-05 -0.00013452 -6.88211e-06 3.75158e-05 0.00940181 -0.0173545 3.73446e-05 -0.00013452 -0.0173545 0.0858802 
0.00953017 -0.0173921 2.94777e-06 2.49965e-05 -0.0173921 0.0855605 2.38832e-05 -0.000120108 2.94777e-06 2.38832e-05 0.00943633 -0.0174016 2.49965e-05 -0.000120108 -0.0174016 0.0861384 
0.00952978 -0.0173919 1.31867e-05 9.88656e-06 -0.0173919 0.085621 2.59725e-06 -7.31124e-05 1.31867e-05 2.59725e-06 0.00946066 -0.0174164 9.88656e-06 -7.31124e-05 -0.0174164 0.0861855 
0.0095361 -0.017393 1.72593e-05 -4.28959e-06 -0.017393 0.0856634 -1.60847e-05 -2.18226e-05 1.72593e-05 -1.60847e-05 0.00947534 -0.0174571 -4.28959e-06 -2.18226e-05 -0.0174571 0.0862988 
0.00951659 -0.0173782 8.4582e-06 -1.16338e-05 -0.0173782 0.085593 -2.42184e-05 1.57724e-05 8.4582e-06 -2.42184e-05 0.00948712 -0.017464 -1.16338e-05 1.57724e-05 -0.017464 0.0863123 
0.00948897 -0.0173388 -4.65039e-07 4.24461e-07 -0.0173388 0.0854511 -9.25406e-06 5.55248e-06 -4.65039e-07 -9.25406e-06 0.00949245 -0.0174642 4.24461e-07 5.55248e-06 -0.0174642 0.0862657 
0.00947914 -0.0172941 1.02815e-05 7.54808e-06 -0.0172941 0.0852844 3.60644e-07 -1.24503e-05 1.02815e-05 3.60644e-07 0.00947818 -0.0174688 7.54808e-06 -1.24503e-05 -0.0174688 0.0862314 
0.00952194 -0.0173413 7.87716e-06 -5.38601e-06 -0.0173413 0.0854882 -1.0212e-05 -2.71432e-06 7.87716e-06 -1.0212e-05 0.00948113 -0.0175164 -5.38601e-06 -2.71432e-06 -0.0175164 0.0865011 
0.0095653 -0.0174347 -9.45059e-06 1.53294e-06 -0.0174347 0.0858633 -9.08264e-07 -1.33402e-05 -9.45059e-06 -9.08264e-07 0.00950503 -0.0175543 1.53294e-06 -1.33402e-05 -0.0175543 0.0868025 
0.00957187 -0.0174449 -1.86086e-05 2.55764e-05 -0.0174449 0.0859073 2.54594e-05 -6.31706e-05 -1.86086e-05 2.54594e-05 0.00949414 -0.0175316 2.55764e-05 -6.31706e-05 -0.0175316 0.0867386 
0.0095239 -0.0173858 -3.0601e-05 3.68084e-05 -0.0173858 0.0856127 4.18757e-05 -0.000114325 -3.0601e-05 4.18757e-05 0.00946642 -0.0174533 3.68084e-05 -0.000114325 -0.0174533 0.0863737 
0.00948619 -0.0173226 -3.76862e-05 5.05113e-05 -0.0173226 0.0853661 5.75557e-05 -0.000157206 -3.76862e-05 5.75557e-05 0.00945205 -0.0174159 5.05113e-05 -0.000157206 -0.0174159 0.0861415 
0.00947845 -0.0172845 -2.60088e-05 5.70573e-05 -0.0172845 0.0852118 5.86917e-05 -0.000175951 -2.60088e-05 5.86917e-05 0.00942741 -0.0174016 5.70573e-05 -0.000175951 -0.0174016 0.0860338 
0.00949431 -0.0173044 -7.14663e-06 4.70016e-05 -0.0173044 0.0852725 4.45612e-05 -0.000164125 -7.14663e-06 4.45612e-05 0.00942325 -0.0174022 4.70016e-05 -0.000164125 -0.0174022 0.0860879 
0.00951147 -0.0173295 1.32031e-05 2.12507e-05 -0.0173295 0.0853608 2.25207e-05 -0.00011792 1.32031e-05 2.25207e-05 0.00942071 -0.0174022 2.12507e-05 -0.00011792 -0.0174022 0.0861272 
0.00950095 -0.017348 3.14718e-05 -1.01396e-05 -0.017348 0.0854234 2.74072e-07 -5.23329e-05 3.14718e-05 2.74072e-07 0.00943871 -0.0173952 -1.01396e-05 -5.23329e-05 -0.0173952 0.0861212 
0.00949076 -0.0173075 1.29304e-05 -3.53321e-05 -0.0173075 0.0852858 -1.88933e-05 7.73145e-06 1.29304e-05 -1.88933e-05 0.0094229 -0.0173793 -3.53321e-05 7.73145e-06 -0.0173793 0.0859779 
0.00949296 -0.0172897 1.38296e-05 -1.68899e-05 -0.0172897 0.0851733 -8.48402e-07 8.25555e-06 1.38296e-05 -8.48402e-07 0.00940385 -0.0173566 -1.68899e-05 8.25555e-06 -0.0173566 0.0858677 
0.00946814 -0.0172686 1.27753e-05 -1.19654e-05 -0.0172686 0.0850094 -4.30605e-06 -3.19911e-06 1.27753e-05 -4.30605e-06 0.00938068 -0.0173099 -1.19654e-05 -3.19911e-06 -0.0173099 0.0856598 
0.00944288 -0.0171991 1.18094e-05 -3.99601e-06 -0.0171991 0.084691 -7.31719e-06 -1.10273e-05 1.18094e-05 -7.31719e-06 0.0093227 -0.0172406 -3.99601e-06 -1.10273e-05 -0.0172406 0.0853158 
0.00939876 -0.0171694 9.89595e-06 6.61281e-08 -0.0171694 0.0844971 -7.01148e-06 -1.89442e-05 9.89595e-06 -7.01148e-06 0.00930078 -0.0171672 6.61281e-08 -1.89442e-05 -0.0171672 0.085043 
0.00934686 -0.0171221 1.03709e-05 -7.51959e-07 -0.0171221 0.0843447 -7.72093e-06 -1.6952e-05 1.03709e-05 -7.72093e-06 0.0093052 -0.0171324 -7.51959e-07 -1.6952e-05 -0.0171324 0.0848482 
0.00935073 -0.0171004 4.75299e-06 -8.90786e-06 -0.0171004 0.0843775 -1.44812e-05 5.14918e-06 4.75299e-06 -1.44812e-05 0.00931287 -0.0171777 -8.90786e-06 5.14918e-06 -0.0171777 0.084972 
0.00934266 -0.0170688 -1.14148e-05 8.33034e-07 -0.0170688 0.0842288 -6.31249e-06 8.72891e-07 -1.14148e-05 -6.31249e-06 0.00930121 -0.0171588 8.33034e-07 8.72891e-07 -0.0171588 0.0849004 
0.00938631 -0.0171056 -6.8232e-06 2.15973e-05 -0.0171056 0.0843781 1.48499e-05 -3.59359e-05 -6.8232e-06 1.48499e-05 0.00929714 -0.0171879 2.15973e-05 -3.59359e-05 -0.0171879 0.0850572 
0.00940538 -0.0171744 6.37001e-06 1.49999e-05 -0.0171744 0.0846025 1.06967e-05 -4.59189e-05 6.37001e-06 1.06967e-05 0.0093117 -0.0171924 1.49999e-05 -4.59189e-05 -0.0171924 0.085173 
0.00941416 -0.0171986 1.57437e-05 -1.56374e-06 -0.0171986 0.0847438 -3.48793e-06 -2.21239e-05 1.57437e-05 -3.48793e-06 0.00930967 -0.0172044 -1.56374e-06 -2.21239e-05 -0.0172044 0.0852286 
0.00939024 -0.0171801 6.51183e-06 -1.77769e-05 -0.0171801 0.0846835 -1.47185e-05 1.4906e-05 6.51183e-06 -1.47185e-05 0.00931447 -0.0171772 -1.77769e-05 1.4906e-05 -0.0171772 0.0851325 
0.00937728 -0.0171739 9.82391e-06 -9.88414e-06 -0.0171739 0.0847141 -6.48103e-06 2.24209e-05 9.82391e-06 -6.48103e-06 0.0093329 -0.0171965 -9.88414e-06 2.24209e-05 -0.0171965 0.0851775 
0.0093742 -0.0171366 2.60599e-05 -9.81441e-06 -0.0171366 0.084605 -1.32968e-05 2.46253e-05 2.60599e-05 -1.32968e-05 0.00933013 -0.0172044 -9.81441e-06 2.46253e-05 -0.0172044 0.0851583 
0.00935343 -0.0170485 2.78646e-05 -2.56135e-05 -0.0170485 0.0841507 -3.37567e-05 5.46638e-05 2.78646e-05 -3.37567e-05 0.00928199 -0.0171325 -2.56135e-05 5.46638e-05 -0.0171325 0.0847893 
0.00977631 -0.017767 2.47639e-05 -3.52993e-05 -0.017767 0.0875694 -4.41314e-05 9.52977e-05 2.47639e-05 -4.41314e-05 0.00963352 -0.0178168 -3.52993e-05 9.52977e-05 -0.0178168 0.0882061 
0.00981469 -0.0178393 2.32678e-05 -2.82199e-05 -0.0178393 0.0877331 -3.88637e-05 9.88632e-05 2.32678e-05 -3.88637e-05 0.00961937 -0.0177978 -2.82199e-05 9.88632e-05 -0.0177978 0.0882017 
0.00981687 -0.0179034 2.06375e-05 -2.02974e-05 -0.0179034 0.0879544 -2.88915e-05 7.52853e-05 2.06375e-05 -2.88915e-05 0.00963787 -0.0177913 -2.02974e-05 7.52853e-05 -0.0177913 0.0882227 
0.00941298 -0.0171742 3.7647e-06 -1.45535e-05 -0.0171742 0.0844439 -1.86162e-05 4.62151e-05 3.7647e-06 -1.86162e-05 0.00926242 -0.0170813 -1.45535e-05 4.62151e-05 -0.0170813 0.084639 
0.00945869 -0.0172717 -1.31738e-05 1.03326e-06 -0.0172717 0.0849635 3.6176e-06 8.16014e-06 -1.31738e-05 3.6176e-06 0.00932792 -0.0172095 1.03326e-06 8.16014e-06 -0.0172095 0.0852075 
0.009504 -0.0173287 -2.56124e-05 1.7006e-05 -0.0173287 0.0852946 2.34966e-05 -3.48739e-05 -2.56124e-05 2.34966e-05 0.00936339 -0.0172968 1.7006e-05 -3.48739e-05 -0.0172968 0.0856221 
0.00952963 -0.0173513 -2.94847e-05 3.21298e-05 -0.0173513 0.0853787 3.78995e-05 -7.48059e-05 -2.94847e-05 3.78995e-05 0.00936213 -0.0173102 3.21298e-05 -7.48059e-05 -0.0173102 0.0857302 
0.00952532 -0.0173473 -3.44693e-05 4.00174e-05 -0.0173473 0.0852987 4.27514e-05 -0.000101158 -3.44693e-05 4.27514e-05 0.00934066 -0.017271 4.00174e-05 -0.000101158 -0.017271 0.0855953 
0.00951383 -0.0173249 -3.2115e-05 4.84817e-05 -0.0173249 0.0851715 4.81375e-05 -0.000121616 -3.2115e-05 4.81375e-05 0.00931988 -0.0172258 4.84817e-05 -0.000121616 -0.0172258 0.0854026 
0.00950644 -0.0173391 -2.43249e-05 4.84192e-05 -0.0173391 0.085233 4.60933e-05 -0.000130093 -2.43249e-05 4.60933e-05 0.0093308 -0.0172344 4.84192e-05 -0.000130093 -0.0172344 0.0854407 
0.00946777 -0.0172828 -1.64037e-05 3.62744e-05 -0.0172828 0.0850117 3.53331e-05 -0.000113331 -1.64037e-05 3.53331e-05 0.00934168 -0.0172002 3.62744e-05 -0.000113331 -0.0172002 0.0852445 
0.00949036 -0.0173074 -1.74605e-06 2.04429e-05 -0.0173074 0.085193 2.09584e-05 -7.4308e-05 -1.74605e-06 2.09584e-05 0.00938483 -0.0172907 2.04429e-05 -7.4308e-05 -0.0172907 0.085552 
0.00954189 -0.017368 1.69722e-05 2.899e-06 -0.017368 0.0854785 1.10133e-06 -2.71642e-05 1.69722e-05 1.10133e-06 0.00941989 -0.0173792 2.899e-06 -2.71642e-05 -0.0173792 0.0859485 
0.00955053 -0.0174189 2.06238e-05 -2.13885e-05 -0.0174189 0.0856621 -2.20629e-05 3.16419e-05 2.06238e-05 -2.20629e-05 0.00945161 -0.0174216 -2.13885e-05 3.16419e-05 -0.0174216 0.0861739 
0.00954368 -0.0174026 1.12003e-05 -2.92607e-05 -0.0174026 0.0856335 -2.70181e-05 6.91078e-05 1.12003e-05 -2.70181e-05 0.00944349 -0.0174324 -2.92607e-05 6.91078e-05 -0.0174324 0.0861953 
0.00948321 -0.0173244 1.5182e-05 -1.89358e-05 -0.0173244 0.0852688 -1.69083e-05 6.75314e-05 1.5182e-05 -1.69083e-05 0.00942787 -0.0173602 -1.89358e-05 6.75314e-05 -0.0173602 0.0858752 
0.00944396 -0.017277 1.22111e-05 -1.83858e-05 -0.017277 0.0851175 -1.86257e-05 5.95756e-05 1.22111e-05 -1.86257e-05 0.00943976 -0.0173644 -1.83858e-05 5.95756e-05 -0.0173644 0.0858156 
0.00942847 -0.0172653 2.49475e-06 -1.50507e-05 -0.0172653 0.0851543 -1.82436e-05 5.71055e-05 2.49475e-06 -1.82436e-05 0.00946811 -0.0174177 -1.50507e-05 5.71055e-05 -0.0174177 0.0860032 
0.0093911 -0.0171799 -1.68604e-05 -7.70634e-06 -0.0171799 0.0848269 -1.3437e-05 5.3159e-05 -1.68604e-05 -1.3437e-05 0.00945074 -0.0173941 -7.70634e-06 5.3159e-05 -0.0173941 0.0858464 
0.00935775 -0.0171397 -3.22484e-05 2.04217e-05 -0.0171397 0.0846428 1.50141e-05 1.60273e-06 -3.22484e-05 1.50141e-05 0.00945159 -0.017379 2.04217e-05 1.60273e-06 -0.017379 0.0857705 
0.00934449 -0.0170922 -3.19067e-05 4.15874e-05 -0.0170922 0.0844591 3.40451e-05 -5.4606e-05 -3.19067e-05 3.40451e-05 0.0094291 -0.0173629 4.15874e-05 -5.4606e-05 -0.0173629 0.0856595 
0.00936359 -0.017063 -1.30779e-05 4.41837e-05 -0.017063 0.0842893 3.36835e-05 -8.11329e-05 -1.30779e-05 3.36835e-05 0.0093738 -0.0173199 4.41837e-05 -8.11329e-05 -0.0173199 0.0854915 
0.00939256 -0.0171332 -9.57251e-06 1.88585e-05 -0.0171332 0.0844809 1.10817e-05 -5.07853e-05 -9.57251e-06 1.10817e-05 0.00935522 -0.0172973 1.88585e-05 -5.07853e-05 -0.0172973 0.0855301 
0.00938381 -0.0171393 -3.9886e-06 8.82915e-06 -0.0171393 0.0844723 7.43895e-06 -1.95141e-05 -3.9886e-06 7.43895e-06 0.00932384 -0.0172316 8.82915e-06 -1.95141e-05 -0.0172316 0.0853112 
0.00936993 -0.0171303 -4.43569e-06 -1.01322e-07 -0.0171303 0.0844535 3.58443e-06 1.41996e-06 -4.43569e-06 3.58443e-06 0.00930575 -0.0171889 -1.01322e-07 1.41996e-06 -0.0171889 0.0851461 
0.00935803 -0.0170803 9.89356e-06 7.69415e-07 -0.0170803 0.0842449 3.96899e-06 8.19108e-06 9.89356e-06 3.96899e-06 0.00926405 -0.0171256 7.69415e-07 8.19108e-06 -0.0171256 0.0848535 
0.00932913 -0.0170709 8.02815e-06 -1.521e-05 -0.0170709 0.0841589 -1.35869e-05 3.54239e-05 8.02815e-06 -1.35869e-05 0.00926565 -0.0170868 -1.521e-05 3.54239e-05 -0.0170868 0.0847021 
0.00968006 -0.0177279 7.657e-06 -1.85004e-05 -0.0177279 0.0874775 -1.81821e-05 6.35022e-05 7.657e-06 -1.81821e-05 0.00964468 -0.0177773 -1.85004e-05 6.35022e-05 -0.0177773 0.0880532 
0.00961015 -0.0175542 -2.10327e-05 -1.39033e-05 -0.0175542 0.0866908 -1.55269e-05 6.15921e-05 -2.10327e-05 -1.55269e-05 0.00956673 -0.0176444 -1.39033e-05 6.15921e-05 -0.0176444 0.0873429 
0.00961884 -0.0175669 -3.27381e-05 1.96465e-05 -0.0175669 0.0866751 1.73543e-05 1.19888e-05 -3.27381e-05 1.73543e-05 0.00955594 -0.0176427 1.96465e-05 1.19888e-05 -0.0176427 0.0873352 
0.00964451 -0.0175942 -2.49011e-05 3.41147e-05 -0.0175942 0.086751 3.68845e-05 -4.36025e-05 -2.49011e-05 3.68845e-05 0.00953819 -0.0176305 3.41147e-05 -4.36025e-05 -0.0176305 0.0873191 
0.00967853 -0.0176149 -1.79492e-05 2.23289e-05 -0.0176149 0.0867767 2.91694e-05 -4.92266e-05 -1.79492e-05 2.91694e-05 0.0094903 -0.0175956 2.23289e-05 -4.92266e-05 -0.0175956 0.0872077 
0.00973508 -0.0177147 -9.30562e-07 1.73426e-05 -0.0177147 0.0871286 2.23203e-05 -4.04955e-05 -9.30562e-07 2.23203e-05 0.00947679 -0.0175919 1.73426e-05 -4.04955e-05 -0.0175919 0.0873373 
0.00973436 -0.0177332 2.22035e-06 1.84375e-06 -0.0177332 0.087143 3.5104e-07 -1.09878e-05 2.22035e-06 3.5104e-07 0.00945136 -0.0175204 1.84375e-06 -1.09878e-05 -0.0175204 0.0871034 
0.0097027 -0.0177532 8.94254e-06 1.16506e-07 -0.0177532 0.0872352 -4.35159e-06 7.53656e-06 8.94254e-06 -4.35159e-06 0.00947193 -0.0175016 1.16506e-07 7.53656e-06 -0.0175016 0.0870247 
0.00964152 -0.0176822 3.66748e-06 -8.21703e-06 -0.0176822 0.0870429 -9.66527e-06 2.00424e-05 3.66748e-06 -9.66527e-06 0.00948939 -0.0174861 -8.21703e-06 2.00424e-05 -0.0174861 0.0868439 
0.00963395 -0.017647 5.43938e-06 -3.15771e-06 -0.017647 0.0870504 -1.0923e-07 1.13822e-05 5.43938e-06 -1.0923e-07 0.00952459 -0.0175688 -3.15771e-06 1.13822e-05 -0.0175688 0.0870856 
0.00960799 -0.0175993 5.45131e-07 -6.18113e-06 -0.0175993 0.0868613 -1.26949e-06 7.80348e-06 5.45131e-07 -1.26949e-06 0.00953931 -0.0175825 -6.18113e-06 7.80348e-06 -0.0175825 0.0871107 
0.00962525 -0.0175957 -1.5431e-05 -3.49928e-06 -0.0175957 0.0868844 2.21843e-06 6.65499e-06 -1.5431e-05 2.21843e-06 0.00955035 -0.0176379 -3.49928e-06 6.65499e-06 -0.0176379 0.0873145 
0.00965864 -0.0176326 -2.44174e-05 2.01903e-05 -0.0176326 0.0870106 2.65522e-05 -3.81118e-05 -2.44174e-05 2.65522e-05 0.00954864 -0.0176668 2.01903e-05 -3.81118e-05 -0.0176668 0.0875028 
0.00968987 -0.0176984 -2.92611e-05 3.04124e-05 -0.0176984 0.0872627 3.82595e-05 -7.74311e-05 -2.92611e-05 3.82595e-05 0.00955857 -0.0176896 3.04124e-05 -7.74311e-05 -0.0176896 0.0877024 
0.00969879 -0.0177197 -1.9308e-05 3.7375e-05 -0.0177197 0.0873445 4.37797e-05 -0.000101198 -1.9308e-05 4.37797e-05 0.00956003 -0.0176711 3.7375e-05 -0.000101198 -0.0176711 0.0876733 
0.0097146 -0.0177733 6.32231e-06 2.1045e-05 -0.0177733 0.0875957 2.56049e-05 -7.66162e-05 6.32231e-06 2.56049e-05 0.00959553 -0.0177031 2.1045e-05 -7.66162e-05 -0.0177031 0.08783 
0.0096988 -0.0177906 2.13099e-05 -1.05602e-05 -0.0177906 0.0877307 -4.28019e-06 -1.57314e-05 2.13099e-05 -4.28019e-06 0.00964402 -0.017747 -1.05602e-05 -1.57314e-05 -0.017747 0.0879752 
0.00930109 -0.0170609 1.31147e-05 -2.67333e-05 -0.0170609 0.0842604 -2.58667e-05 4.31376e-05 1.31147e-05 -2.58667e-05 0.0092816 -0.0171011 -2.67333e-05 4.31376e-05 -0.0171011 0.0846427 
0.00967516 -0.0177147 -5.56969e-06 -1.23234e-05 -0.0177147 0.0875655 -2.16681e-05 5.13298e-05 -5.56969e-06 -2.16681e-05 0.00966389 -0.0178161 -1.23234e-05 5.13298e-05 -0.0178161 0.0881556 
0.0096398 -0.0176166 -7.41358e-06 1.43375e-05 -0.0176166 0.0870466 1.14259e-06 6.98969e-06 -7.41358e-06 1.14259e-06 0.00961676 -0.0177259 1.43375e-05 6.98969e-06 -0.0177259 0.0877215 
0.00967734 -0.0176698 4.05512e-06 1.30205e-05 -0.0176698 0.0872226 2.83835e-06 -1.05979e-05 4.05512e-06 2.83835e-06 0.00961368 -0.0177658 1.30205e-05 -1.05979e-05 -0.0177658 0.087905 
0.0096874 -0.0176647 2.32619e-05 -5.94125e-06 -0.0176647 0.0871205 -1.316e-05 1.67608e-05 2.32619e-05 -1.316e-05 0.00957857 -0.0177103 -5.94125e-06 1.67608e-05 -0.0177103 0.0877202 
0.00968522 -0.0176862 3.53159e-05 -3.45532e-05 -0.0176862 0.0871225 -4.11015e-05 8.23362e-05 3.53159e-05 -4.11015e-05 0.00957378 -0.0176652 -3.45532e-05 8.23362e-05 -0.0176652 0.0875641 
0.00969629 -0.0177358 2.61362e-05 -4.8997e-05 -0.0177358 0.0873766 -5.67729e-05 0.000136412 2.61362e-05 -5.67729e-05 0.00960665 -0.0177157 -4.8997e-05 0.000136412 -0.0177157 0.0877562 
0.00971482 -0.0177676 9.16939e-06 -3.46997e-05 -0.0177676 0.0876016 -4.47114e-05 0.000133702 9.16939e-06 -4.47114e-05 0.00962577 -0.0177815 -3.46997e-05 0.000133702 -0.0177815 0.0880301 
0.00972462 -0.0177397 -4.9341e-06 -8.05333e-06 -0.0177397 0.0874983 -1.62027e-05 7.69392e-05 -4.9341e-06 -1.62027e-05 0.00960154 -0.0177655 -8.05333e-06 7.69392e-05 -0.0177655 0.0879886 
0.0097279 -0.0177354 -2.14455e-05 4.59293e-06 -0.0177354 0.0873847 5.04819e-06 2.54084e-05 -2.14455e-05 5.04819e-06 0.00957368 -0.0177117 4.59293e-06 2.54084e-05 -0.0177117 0.0878111 
0.00970035 -0.0177236 -1.59582e-05 2.01652e-05 -0.0177236 0.0872586 2.58184e-05 -1.95509e-05 -1.59582e-05 2.58184e-05 0.00956333 -0.0176521 2.01652e-05 -1.95509e-05 -0.0176521 0.0875619 
0.00968862 -0.0177187 8.72247e-07 1.67611e-05 -0.0177187 0.0872797 2.28944e-05 -3.73627e-05 8.72247e-07 2.28944e-05 0.00956607 -0.0176617 1.67611e-05 -3.73627e-05 -0.0176617 0.0875454 
0.00964996 -0.0176697 8.21225e-06 -5.45992e-06 -0.0176697 0.0870999 5.51884e-07 -3.47665e-06 8.21225e-06 5.51884e-07 0.00956715 -0.0176381 -5.45992e-06 -3.47665e-06 -0.0176381 0.0874069 
0.00963622 -0.0176551 1.69355e-05 -1.69012e-05 -0.0176551 0.0871004 -1.36753e-05 3.84037e-05 1.69355e-05 -1.36753e-05 0.00959371 -0.0176693 -1.69012e-05 3.84037e-05 -0.0176693 0.0874949 
0.0096593 -0.0177015 2.33359e-05 -2.4072e-05 -0.0177015 0.0873998 -2.44358e-05 6.60809e-05 2.33359e-05 -2.44358e-05 0.00964288 -0.0177793 -2.4072e-05 6.60809e-05 -0.0177793 0.0879541 
0.00964939 -0.0176708 1.16e-05 -2.80648e-05 -0.0176708 0.0873089 -2.97488e-05 7.96141e-05 1.16e-05 -2.97488e-05 0.00963786 -0.0177933 -2.80648e-05 7.96141e-05 -0.0177933 0.0880171 
0.0096038 -0.0175623 6.87193e-06 -1.40677e-05 -0.0175623 0.0867881 -1.20503e-05 5.69428e-05 6.87193e-06 -1.20503e-05 0.009574 -0.0176973 -1.40677e-05 5.69428e-05 -0.0176973 0.0875846 
0.00960602 -0.0175622 2.39448e-06 -7.93423e-06 -0.0175622 0.0867326 -1.28533e-06 2.66558e-05 2.39448e-06 -1.28533e-06 0.00954951 -0.017662 -7.93423e-06 2.66558e-05 -0.017662 0.0874903 
0.0095606 -0.0174863 -1.34526e-06 -4.66318e-06 -0.0174863 0.0863157 4.07189e-06 8.39758e-06 -1.34526e-06 4.07189e-06 0.00949262 -0.0175373 -4.66318e-06 8.39758e-06 -0.0175373 0.086948 
0.00954181 -0.01751 4.92758e-06 -8.12632e-07 -0.01751 0.086415 8.34037e-06 -2.52316e-06 4.92758e-06 8.34037e-06 0.00951214 -0.0175313 -8.12632e-07 -2.52316e-06 -0.0175313 0.0869255 
0.00950566 -0.0174345 1.02701e-05 -9.81585e-06 -0.0174345 0.0861526 -3.26097e-06 1.31016e-05 1.02701e-05 -3.26097e-06 0.00949075 -0.017492 -9.81585e-06 1.31016e-05 -0.017492 0.0866508 
0.00951472 -0.0174378 8.66652e-06 -1.1942e-05 -0.0174378 0.0862035 -1.27168e-05 2.90244e-05 8.66652e-06 -1.27168e-05 0.00949616 -0.017522 -1.1942e-05 2.90244e-05 -0.017522 0.086759 
0.00949727 -0.0174113 2.26563e-06 -1.0553e-05 -0.0174113 0.0860612 -1.71357e-05 4.13489e-05 2.26563e-06 -1.71357e-05 0.00948834 -0.0174911 -1.0553e-05 4.13489e-05 -0.0174911 0.0866304 
0.0094806 -0.0173607 6.27418e-07 -4.62157e-06 -0.0173607 0.0858227 -1.04818e-05 3.81491e-05 6.27418e-07 -1.04818e-05 0.00945567 -0.0174527 -4.62157e-06 3.81491e-05 -0.0174527 0.0864094 
0.00950704 -0.0174116 4.36544e-06 -1.03023e-06 -0.0174116 0.0860328 -2.04498e-06 2.15117e-05 4.36544e-06 -2.04498e-06 0.00945884 -0.0174848 -1.03023e-06 2.15117e-05 -0.0174848 0.0866039 
0.00952764 -0.017453 3.27999e-07 -1.71933e-06 -0.017453 0.0862203 6.75938e-07 5.45242e-06 3.27999e-07 6.75938e-07 0.00945632 -0.0174943 -1.71933e-06 5.45242e-06 -0.0174943 0.0867252 
0.00953788 -0.0174496 4.72824e-06 -1.04357e-06 -0.0174496 0.0862023 4.87472e-06 -1.96084e-06 4.72824e-06 4.87472e-06 0.0094267 -0.0174579 -1.04357e-06 -1.96084e-06 -0.0174579 0.0866179 
0.00951801 -0.0174101 4.11396e-06 -8.89253e-06 -0.0174101 0.085957 -2.06167e-06 8.85392e-06 4.11396e-06 -2.06167e-06 0.00938353 -0.0173655 -8.89253e-06 8.85392e-06 -0.0173655 0.0862475 
0.00949413 -0.0173837 8.83023e-06 -8.70945e-06 -0.0173837 0.0857909 -6.99459e-06 2.19833e-05 8.83023e-06 -6.99459e-06 0.00936021 -0.0173023 -8.70945e-06 2.19833e-05 -0.0173023 0.0859583 
0.00949203 -0.0173801 1.97035e-05 -1.34593e-05 -0.0173801 0.0857858 -1.6151e-05 3.87019e-05 1.97035e-05 -1.6151e-05 0.00935137 -0.0172919 -1.34593e-05 3.87019e-05 -0.0172919 0.0858842 
0.00950124 -0.0173945 2.40602e-05 -2.76038e-05 -0.0173945 0.0858671 -2.71995e-05 6.64429e-05 2.40602e-05 -2.71995e-05 0.00935793 -0.0173061 -2.76038e-05 6.64429e-05 -0.0173061 0.0859506 
0.00949865 -0.0173979 1.84375e-05 -3.36542e-05 -0.0173979 0.0858798 -3.13491e-05 8.70871e-05 1.84375e-05 -3.13491e-05 0.00936812 -0.0173053 -3.36542e-05 8.70871e-05 -0.0173053 0.08595 
0.00951989 -0.0174453 2.18652e-05 -2.56874e-05 -0.0174453 0.0861329 -2.59422e-05 8.35442e-05 2.18652e-05 -2.59422e-05 0.00940022 -0.0173711 -2.56874e-05 8.35442e-05 -0.0173711 0.0862305 
0.00955473 -0.0174927 2.60656e-05 -2.47035e-05 -0.0174927 0.0863931 -2.66928e-05 7.21696e-05 2.60656e-05 -2.66928e-05 0.00941913 -0.017432 -2.47035e-05 7.21696e-05 -0.017432 0.0865256 
0.00956053 -0.0175128 6.5636e-06 -2.97149e-05 -0.0175128 0.0864829 -2.9729e-05 7.36895e-05 6.5636e-06 -2.9729e-05 0.00942844 -0.0174459 -2.97149e-05 7.36895e-05 -0.0174459 0.0866394 
0.009522 -0.0174626 -1.07571e-05 -4.7138e-06 -0.0174626 0.0862495 -7.39919e-06 3.8953e-05 -1.07571e-05 -7.39919e-06 0.00942556 -0.0173928 -4.7138e-06 3.8953e-05 -0.0173928 0.0863979 
0.00947828 -0.0173416 -1.72147e-05 1.92983e-05 -0.0173416 0.0857166 1.44885e-05 -1.94786e-05 -1.72147e-05 1.44885e-05 0.00938052 -0.0173243 1.92983e-05 -1.94786e-05 -0.0173243 0.0859537 
0.00944509 -0.0172677 -2.67942e-05 2.6927e-05 -0.0172677 0.0852934 2.4713e-05 -5.75488e-05 -2.67942e-05 2.4713e-05 0.00934281 -0.0172606 2.6927e-05 -5.75488e-05 -0.0172606 0.0856086 
