0.00710437 0 -5.09556e-05 0 0 0.00993743 0 0 -5.09556e-05 0 0.00692979 0 0 0 0 0.00993743 
0.00966438 -0.0119934 -7.56937e-05 9.42667e-05 -0.0119934 0.0317823 9.42667e-05 -0.00018084 -7.56937e-05 9.42667e-05 0.00949688 -0.0117902 9.42667e-05 -0.00018084 -0.0117902 0.031393 
0.00986435 -0.0183645 -5.09018e-05 0.000150402 -0.0183645 0.0676614 0.000150402 -0.000486663 -5.09018e-05 0.000150402 0.00979591 -0.0182897 0.000150402 -0.000486663 -0.0182897 0.0674713 
0.00928024 -0.0177809 1.12622e-05 9.52039e-05 -0.0177809 0.0796613 0.000106801 -0.0005064 1.12622e-05 0.000106801 0.00924752 -0.018026 9.52039e-05 -0.0005064 -0.018026 0.0810043 
0.00896403 -0.0166049 4.79239e-05 1.06666e-06 -0.0166049 0.0797537 2.01566e-05 -0.000302437 4.79239e-05 2.01566e-05 0.0089244 -0.0168397 1.06666e-06 -0.000302437 -0.0168397 0.0816918 
0.00928899 -0.0168788 7.08127e-05 -5.56151e-05 -0.0168788 0.0824152 -4.40881e-05 -7.62813e-05 7.08127e-05 -4.40881e-05 0.00915256 -0.0170228 -5.56151e-05 -7.62813e-05 -0.0170228 0.084051 
0.0095201 -0.0172593 7.42907e-05 -8.38776e-05 -0.0172593 0.0844245 -7.90038e-05 8.34002e-05 7.42907e-05 -7.90038e-05 0.0093206 -0.0172348 -8.38776e-05 8.34002e-05 -0.0172348 0.0854198 
0.00966705 -0.0175917 5.16735e-05 -7.66133e-05 -0.0175917 0.0861469 -7.6077e-05 0.000126724 5.16735e-05 -7.6077e-05 0.00949956 -0.0174667 -7.66133e-05 0.000126724 -0.0174667 0.0866174 
0.00943919 -0.0172399 2.1561e-05 -4.12212e-05 -0.0172399 0.0846215 -3.97614e-05 7.47769e-05 2.1561e-05 -3.97614e-05 0.00934974 -0.0171593 -4.12212e-05 7.47769e-05 -0.0171593 0.0849269 
0.00968463 -0.0176745 3.01805e-06 1.61305e-06 -0.0176745 0.0869926 6.59413e-06 -3.59901e-05 3.01805e-06 6.59413e-06 0.00965316 -0.0177178 1.61305e-06 -3.59901e-05 -0.0177178 0.087509 
0.00960705 -0.0175006 -1.37689e-05 2.71804e-05 -0.0175006 0.0862102 2.98369e-05 -0.000126203 -1.37689e-05 2.98369e-05 0.0095862 -0.0176359 2.71804e-05 -0.000126203 -0.0176359 0.0869991 
0.00960811 -0.0174897 -2.86331e-05 4.60013e-05 -0.0174897 0.0861181 4.37706e-05 -0.000181028 -2.86331e-05 4.37706e-05 0.00956707 -0.0176431 4.60013e-05 -0.000181028 -0.0176431 0.087058 
0.00961994 -0.0175121 -3.36388e-05 6.33454e-05 -0.0175121 0.08619 5.85313e-05 -0.00022231 -3.36388e-05 5.85313e-05 0.00955768 -0.0176453 6.33454e-05 -0.00022231 -0.0176453 0.0871527 
0.00964106 -0.0175183 -2.35056e-06 6.92833e-05 -0.0175183 0.0862006 6.27014e-05 -0.000243375 -2.35056e-06 6.27014e-05 0.00954413 -0.0176182 6.92833e-05 -0.000243375 -0.0176182 0.0871009 
0.00962746 -0.0175143 2.16568e-05 2.63183e-05 -0.0175143 0.0860864 2.15709e-05 -0.000178069 2.16568e-05 2.15709e-05 0.00952707 -0.0175592 2.63183e-05 -0.000178069 -0.0175592 0.0868568 
0.00959354 -0.0174715 1.2053e-05 -5.68852e-06 -0.0174715 0.0858661 -4.9044e-06 -9.74014e-05 1.2053e-05 -4.9044e-06 0.00951447 -0.0175002 -5.68852e-06 -9.74014e-05 -0.0175002 0.0865365 
0.0095781 -0.0174474 -1.65693e-06 3.57307e-06 -0.0174474 0.0857715 8.48789e-06 -8.34333e-05 -1.65693e-06 8.48789e-06 0.00950596 -0.0174973 3.57307e-06 -8.34333e-05 -0.0174973 0.0864334 
0.00951483 -0.0173943 -1.58183e-06 2.3968e-05 -0.0173943 0.085532 3.15258e-05 -0.000124996 -1.58183e-06 3.15258e-05 0.00949483 -0.0174631 2.3968e-05 -0.000124996 -0.0174631 0.0862404 
0.00949071 -0.017333 1.07748e-07 2.12571e-05 -0.017333 0.0853789 3.13165e-05 -0.000141695 1.07748e-07 3.13165e-05 0.00948008 -0.0174661 2.12571e-05 -0.000141695 -0.0174661 0.0862041 
0.00948149 -0.0173052 1.33011e-05 1.91327e-05 -0.0173052 0.08527 2.94784e-05 -0.000141747 1.33011e-05 2.94784e-05 0.0094625 -0.0174504 1.91327e-05 -0.000141747 -0.0174504 0.0861717 
0.00947706 -0.017272 2.00319e-05 3.11743e-06 -0.017272 0.0850983 8.4997e-06 -0.000109188 2.00319e-05 8.4997e-06 0.0094344 -0.0174017 3.11743e-06 -0.000109188 -0.0174017 0.0859891 
0.00949065 -0.0173023 8.62959e-06 -5.88553e-06 -0.0173023 0.0851953 -4.82037e-06 -7.1235e-05 8.62959e-06 -4.82037e-06 0.00942935 -0.0174049 -5.88553e-06 -7.1235e-05 -0.0174049 0.0860356 
0.0095077 -0.0173133 -1.28019e-05 9.79226e-06 -0.0173133 0.08524 6.53526e-06 -7.58684e-05 -1.28019e-05 6.53526e-06 0.00941471 -0.0173923 9.79226e-06 -7.58684e-05 -0.0173923 0.0860158 
0.00949879 -0.0172987 -9.80506e-06 3.52114e-05 -0.0172987 0.0851162 2.68931e-05 -0.00011513 -9.80506e-06 2.68931e-05 0.00939209 -0.0173363 3.52114e-05 -0.00011513 -0.0173363 0.0857973 
0.00945995 -0.0172748 1.36437e-06 3.25766e-05 -0.0172748 0.0849714 1.94267e-05 -0.000122137 1.36437e-06 1.94267e-05 0.00938883 -0.0172867 3.25766e-05 -0.000122137 -0.0172867 0.0855566 
0.00940752 -0.0171997 -7.41305e-06 1.91852e-05 -0.0171997 0.0846888 5.2451e-06 -9.69346e-05 -7.41305e-06 5.2451e-06 0.00937742 -0.0172511 1.91852e-05 -9.69346e-05 -0.0172511 0.0852893 
0.0093923 -0.0171292 -1.61792e-05 2.32568e-05 -0.0171292 0.0844214 1.17124e-05 -8.41669e-05 -1.61792e-05 1.17124e-05 0.00934836 -0.0172306 2.32568e-05 -8.41669e-05 -0.0172306 0.085118 
0.00939858 -0.0171051 1.03528e-05 3.17488e-05 -0.0171051 0.0842386 2.49867e-05 -0.000100592 1.03528e-05 2.49867e-05 0.00930833 -0.0171856 3.17488e-05 -0.000100592 -0.0171856 0.084942 
0.00940845 -0.0171263 3.59102e-05 1.19915e-06 -0.0171263 0.0842303 -2.67374e-06 -6.83456e-05 3.59102e-05 -2.67374e-06 0.00929343 -0.0171473 1.19915e-06 -6.83456e-05 -0.0171473 0.0848272 
0.00947094 -0.0172338 3.17473e-05 -2.72452e-05 -0.0172338 0.0847182 -3.10664e-05 -7.31013e-06 3.17473e-05 -3.10664e-05 0.00930976 -0.0172291 -2.72452e-05 -7.31013e-06 -0.0172291 0.0852299 
0.00949878 -0.0173177 1.38005e-05 -2.40266e-05 -0.0173177 0.0850854 -2.52982e-05 1.32644e-05 1.38005e-05 -2.52982e-05 0.00933702 -0.0172525 -2.40266e-05 1.32644e-05 -0.0172525 0.0854695 
0.00949533 -0.0173245 8.10088e-06 -2.96933e-06 -0.0173245 0.0851674 -1.17227e-06 -2.16928e-05 8.10088e-06 -1.17227e-06 0.0093417 -0.0172515 -2.96933e-06 -2.16928e-05 -0.0172515 0.0854701 
0.00949666 -0.0173208 -1.37382e-05 4.27784e-06 -0.0173208 0.085197 1.02704e-05 -5.70193e-05 -1.37382e-05 1.02704e-05 0.00933419 -0.0172557 4.27784e-06 -5.70193e-05 -0.0172557 0.0854865 
0.00946362 -0.0172417 -4.2646e-06 3.18177e-05 -0.0172417 0.0848163 3.73347e-05 -0.000111981 -4.2646e-06 3.73347e-05 0.00929579 -0.0171656 3.18177e-05 -0.000111981 -0.0171656 0.085084 
0.00948779 -0.0172797 5.05535e-06 2.47e-05 -0.0172797 0.0849706 3.16975e-05 -0.000135589 5.05535e-06 3.16975e-05 0.00930126 -0.0171969 2.47e-05 -0.000135589 -0.0171969 0.0852167 
0.00952916 -0.0173734 -1.7107e-05 1.23679e-05 -0.0173734 0.0854031 2.01734e-05 -0.000119669 -1.7107e-05 2.01734e-05 0.00933594 -0.0172648 1.23679e-05 -0.000119669 -0.0172648 0.0855957 
0.0095476 -0.0174322 -1.62288e-05 4.03658e-05 -0.0174322 0.0857193 4.27202e-05 -0.000149664 -1.62288e-05 4.27202e-05 0.00936788 -0.0173095 4.03658e-05 -0.000149664 -0.0173095 0.0858565 
0.00952638 -0.0174035 -1.65418e-06 3.9958e-05 -0.0174035 0.0856549 4.19884e-05 -0.000168778 -1.65418e-06 4.19884e-05 0.00937725 -0.0173004 3.9958e-05 -0.000168778 -0.0173004 0.0858031 
0.00949185 -0.0173134 1.67298e-05 1.95692e-05 -0.0173134 0.0852741 2.10296e-05 -0.000137048 1.67298e-05 2.10296e-05 0.00935255 -0.0172491 1.95692e-05 -0.000137048 -0.0172491 0.0854928 
0.0094818 -0.0173014 1.37132e-05 -8.73429e-06 -0.0173014 0.085181 -7.5522e-06 -6.78677e-05 1.37132e-05 -7.5522e-06 0.00936099 -0.0172481 -8.73429e-06 -6.78677e-05 -0.0172481 0.0854532 
0.00942191 -0.0172401 3.26527e-05 -5.20697e-06 -0.0172401 0.0848881 -5.02774e-06 -4.17549e-05 3.26527e-05 -5.02774e-06 0.00936656 -0.0172161 -5.20697e-06 -4.17549e-05 -0.0172161 0.0852294 
0.00939561 -0.0171994 4.5768e-05 -2.44307e-05 -0.0171994 0.0848067 -2.41514e-05 -1.10905e-05 4.5768e-05 -2.41514e-05 0.00939886 -0.0172668 -2.44307e-05 -1.10905e-05 -0.0172668 0.0853338 
0.0093883 -0.017175 2.38381e-05 -3.75675e-05 -0.017175 0.0847664 -3.59402e-05 1.86855e-05 2.38381e-05 -3.59402e-05 0.009425 -0.0173283 -3.75675e-05 1.86855e-05 -0.0173283 0.085532 
0.00938432 -0.0171095 4.8827e-06 -1.06232e-05 -0.0171095 0.0844576 -9.14582e-06 -1.04005e-05 4.8827e-06 -9.14582e-06 0.00939465 -0.017307 -1.06232e-05 -1.04005e-05 -0.017307 0.0853959 
0.00945028 -0.0171708 -2.92825e-06 1.84816e-05 -0.0171708 0.0846374 2.25882e-05 -8.74222e-05 -2.92825e-06 2.25882e-05 0.00938034 -0.0173365 1.84816e-05 -8.74222e-05 -0.0173365 0.0855938 
0.00954087 -0.0173399 1.96375e-06 2.75814e-05 -0.0173399 0.0852655 3.57262e-05 -0.000141065 1.96375e-06 3.57262e-05 0.00939749 -0.017392 2.75814e-05 -0.000141065 -0.017392 0.086023 
0.00959202 -0.0174893 -1.07108e-05 1.89678e-05 -0.0174893 0.0859097 2.73373e-05 -0.000143336 -1.07108e-05 2.73373e-05 0.00944041 -0.0174438 1.89678e-05 -0.000143336 -0.0174438 0.0864081 
0.00958422 -0.0175069 -3.06576e-06 3.08247e-05 -0.0175069 0.0860726 3.36064e-05 -0.000144442 -3.06576e-06 3.36064e-05 0.00946565 -0.0174473 3.08247e-05 -0.000144442 -0.0174473 0.0864372 
0.00957758 -0.0174739 1.71163e-06 2.51118e-05 -0.0174739 0.0860184 2.13929e-05 -0.00013376 1.71163e-06 2.13929e-05 0.00947929 -0.0174605 2.51118e-05 -0.00013376 -0.0174605 0.0864217 
0.0095573 -0.0174211 -9.15017e-06 1.63378e-05 -0.0174211 0.085773 9.42448e-06 -0.000104232 -9.15017e-06 9.42448e-06 0.00947888 -0.0174473 1.63378e-05 -0.000104232 -0.0174473 0.086289 
0.00952103 -0.0173762 -1.20989e-05 2.80505e-05 -0.0173762 0.0855306 1.69502e-05 -0.000100353 -1.20989e-05 1.69502e-05 0.0094728 -0.0174312 2.80505e-05 -0.000100353 -0.0174312 0.0861455 
0.00951852 -0.0173671 -1.18834e-05 3.65695e-05 -0.0173671 0.0855237 2.3116e-05 -0.000117626 -1.18834e-05 2.3116e-05 0.00948746 -0.0174613 3.65695e-05 -0.000117626 -0.0174613 0.0862431 
0.00954405 -0.0174161 -1.56027e-06 3.38501e-05 -0.0174161 0.085783 2.47627e-05 -0.000123095 -1.56027e-06 2.47627e-05 0.00952482 -0.0175455 3.38501e-05 -0.000123095 -0.0175455 0.0866224 
0.00954757 -0.0174167 -2.55275e-06 1.98849e-05 -0.0174167 0.0858073 1.53977e-05 -0.000108088 -2.55275e-06 1.53977e-05 0.00953409 -0.0175663 1.98849e-05 -0.000108088 -0.0175663 0.0867329 
0.00952761 -0.0173677 -1.92296e-06 1.825e-05 -0.0173677 0.0855795 1.45337e-05 -9.41751e-05 -1.92296e-06 1.45337e-05 0.00951846 -0.0175358 1.825e-05 -9.41751e-05 -0.0175358 0.0865816 
0.00955713 -0.0173873 2.54719e-06 1.7028e-05 -0.0173873 0.085648 9.68777e-06 -8.34715e-05 2.54719e-06 9.68777e-06 0.00950447 -0.0175527 1.7028e-05 -8.34715e-05 -0.0175527 0.0866707 
0.00959933 -0.0174344 -8.6555e-07 9.61039e-06 -0.0174344 0.0857838 1.48596e-06 -6.33623e-05 -8.6555e-07 1.48596e-06 0.00947783 -0.0175395 9.61039e-06 -6.33623e-05 -0.0175395 0.0867117 
0.00959737 -0.0174635 1.6105e-06 7.98897e-06 -0.0174635 0.0858048 8.15651e-07 -4.43087e-05 1.6105e-06 8.15651e-07 0.00946932 -0.0174706 7.98897e-06 -4.43087e-05 -0.0174706 0.0865121 
0.00960803 -0.0175122 2.28087e-06 4.94326e-06 -0.0175122 0.0860532 2.10246e-06 -3.88483e-05 2.28087e-06 2.10246e-06 0.00949973 -0.0175022 4.94326e-06 -3.88483e-05 -0.0175022 0.0866223 
0.00954535 -0.0174536 2.03962e-05 1.02228e-06 -0.0174536 0.0858313 9.73448e-07 -3.01008e-05 2.03962e-05 9.73448e-07 0.00950377 -0.0174735 1.02228e-06 -3.01008e-05 -0.0174735 0.0864083 
0.00954741 -0.0174241 1.43286e-05 -1.86009e-05 -0.0174241 0.0858468 -1.88085e-05 2.22675e-06 1.43286e-05 -1.88085e-05 0.00950869 -0.0175345 -1.86009e-05 2.22675e-06 -0.0175345 0.0865896 
0.00957045 -0.0173928 9.39225e-06 -1.66875e-05 -0.0173928 0.0856974 -1.89224e-05 2.63271e-05 9.39225e-06 -1.89224e-05 0.00947352 -0.0175155 -1.66875e-05 2.63271e-05 -0.0175155 0.0865512 
0.00958236 -0.0173969 1.03041e-05 -4.52477e-06 -0.0173969 0.0855617 -1.06484e-05 1.11228e-05 1.03041e-05 -1.06484e-05 0.00943515 -0.0174443 -4.52477e-06 1.11228e-05 -0.0174443 0.0863264 
0.00961331 -0.0174693 3.01087e-06 -3.18749e-06 -0.0174693 0.0858061 -1.14058e-05 1.88488e-06 3.01087e-06 -1.14058e-05 0.00943439 -0.0174452 -3.18749e-06 1.88488e-06 -0.0174452 0.0863922 
0.00962022 -0.017522 -2.00206e-06 5.02825e-06 -0.017522 0.0860337 -2.94981e-06 -1.21324e-05 -2.00206e-06 -2.94981e-06 0.009464 -0.0174465 5.02825e-06 -1.21324e-05 -0.0174465 0.0864472 
0.00960824 -0.0175304 1.64858e-05 1.0881e-05 -0.0175304 0.08614 6.8731e-06 -3.42282e-05 1.64858e-05 6.8731e-06 0.00948924 -0.0174761 1.0881e-05 -3.42282e-05 -0.0174761 0.086511 
0.00958363 -0.0175019 1.13237e-05 -9.24424e-06 -0.0175019 0.0860924 -1.07194e-05 -1.837e-05 1.13237e-05 -1.07194e-05 0.0095058 -0.0174953 -9.24424e-06 -1.837e-05 -0.0174953 0.0865378 
0.00958558 -0.0174821 -1.62824e-05 -3.83303e-06 -0.0174821 0.0860801 -5.0272e-06 -1.42384e-05 -1.62824e-05 -5.0272e-06 0.00951137 -0.0175294 -3.83303e-06 -1.42384e-05 -0.0175294 0.0866481 
0.00955013 -0.0174268 -2.20399e-05 2.73237e-05 -0.0174268 0.085802 2.54987e-05 -6.04688e-05 -2.20399e-05 2.54987e-05 0.00949298 -0.0174844 2.73237e-05 -6.04688e-05 -0.0174844 0.0864444 
0.00951635 -0.0173773 -1.34266e-05 3.25648e-05 -0.0173773 0.0855922 2.92477e-05 -8.82788e-05 -1.34266e-05 2.92477e-05 0.00948086 -0.0174645 3.25648e-05 -8.82788e-05 -0.0174645 0.086315 
0.00952343 -0.0173593 -1.31868e-05 2.11282e-05 -0.0173593 0.085552 1.48507e-05 -7.11645e-05 -1.31868e-05 1.48507e-05 0.0094688 -0.0174799 2.11282e-05 -7.11645e-05 -0.0174799 0.0863724 
0.00948601 -0.0173054 -4.60563e-06 1.45021e-05 -0.0173054 0.0852441 9.16065e-06 -3.99192e-05 -4.60563e-06 9.16065e-06 0.00944683 -0.0174057 1.45021e-05 -3.99192e-05 -0.0174057 0.0860786 
0.00946154 -0.0172436 6.75529e-06 3.97512e-06 -0.0172436 0.0849592 -1.07951e-06 -1.14344e-05 6.75529e-06 -1.07951e-06 0.00942518 -0.0173644 3.97512e-06 -1.14344e-05 -0.0173644 0.085821 
0.00950954 -0.0173093 -1.32899e-05 -6.8626e-06 -0.0173093 0.0852441 -1.39355e-05 1.73173e-05 -1.32899e-05 -1.39355e-05 0.0094426 -0.0174333 -6.8626e-06 1.73173e-05 -0.0174333 0.0861316 
0.00954544 -0.0173701 -2.31005e-05 1.94067e-05 -0.0173701 0.0854673 1.00425e-05 -9.67926e-06 -2.31005e-05 1.00425e-05 0.00944699 -0.01745 1.94067e-05 -9.67926e-06 -0.01745 0.0862864 
0.00953402 -0.0173747 -6.11932e-06 3.08317e-05 -0.0173747 0.0854418 2.32914e-05 -4.82092e-05 -6.11932e-06 2.32914e-05 0.00943849 -0.0174089 3.08317e-05 -4.82092e-05 -0.0174089 0.086141 
0.00951887 -0.017372 1.76679e-06 1.03101e-05 -0.017372 0.0854503 8.7359e-06 -3.9749e-05 1.76679e-06 8.7359e-06 0.00943275 -0.0173983 1.03101e-05 -3.9749e-05 -0.0173983 0.0860695 
0.00951096 -0.0173523 4.30032e-06 -4.62502e-06 -0.0173523 0.0854186 7.18431e-07 -1.02031e-05 4.30032e-06 7.18431e-07 0.00941777 -0.0173946 -4.62502e-06 -1.02031e-05 -0.0173946 0.0860426 
0.00953486 -0.0173634 -6.83605e-06 -1.19914e-05 -0.0173634 0.0854945 -4.41404e-06 1.5113e-05 -6.83605e-06 -4.41404e-06 0.00940168 -0.0173983 -1.19914e-05 1.5113e-05 -0.0173983 0.0861146 
0.00951628 -0.0173134 -7.54413e-06 3.04119e-06 -0.0173134 0.0851932 8.3794e-06 1.08423e-06 -7.54413e-06 8.3794e-06 0.00935091 -0.0173006 3.04119e-06 1.08423e-06 -0.0173006 0.0857325 
0.00948186 -0.0172605 6.06721e-06 7.08359e-06 -0.0172605 0.0848686 8.91625e-06 -1.40911e-05 6.06721e-06 8.91625e-06 0.0093141 -0.0171987 7.08359e-06 -1.40911e-05 -0.0171987 0.085277 
0.00946364 -0.0172686 1.69871e-05 -1.22301e-05 -0.0172686 0.0848945 -1.21338e-05 1.76631e-05 1.69871e-05 -1.21338e-05 0.00932143 -0.0171982 -1.22301e-05 1.76631e-05 -0.0171982 0.0852284 
0.00941926 -0.017173 1.45827e-05 -2.61234e-05 -0.017173 0.0845062 -2.73764e-05 6.00221e-05 1.45827e-05 -2.73764e-05 0.00929107 -0.0171359 -2.61234e-05 6.00221e-05 -0.0171359 0.0848662 
0.00942977 -0.017184 2.5659e-05 -2.55492e-05 -0.017184 0.0845534 -2.82136e-05 8.01145e-05 2.5659e-05 -2.82136e-05 0.00929976 -0.0171594 -2.55492e-05 8.01145e-05 -0.0171594 0.0849466 
0.00944166 -0.0172047 2.89163e-05 -3.78685e-05 -0.0172047 0.0846281 -4.07877e-05 0.00010431 2.89163e-05 -4.07877e-05 0.00930444 -0.0171741 -3.78685e-05 0.00010431 -0.0171741 0.0850196 
0.00944771 -0.0172415 2.59957e-05 -4.25533e-05 -0.0172415 0.0847911 -4.31728e-05 0.000121719 2.59957e-05 -4.31728e-05 0.0093217 -0.0171993 -4.25533e-05 0.000121719 -0.0171993 0.0851546 
0.00946513 -0.0173094 6.58406e-06 -4.14473e-05 -0.0173094 0.085173 -4.07981e-05 0.000126022 6.58406e-06 -4.07981e-05 0.0093638 -0.0172797 -4.14473e-05 0.000126022 -0.0172797 0.0855425 
0.00950854 -0.0173177 -7.29243e-06 -1.4636e-05 -0.0173177 0.085325 -1.49805e-05 8.25201e-05 -7.29243e-06 -1.49805e-05 0.00935171 -0.0173243 -1.4636e-05 8.25201e-05 -0.0173243 0.0857622 
0.00949777 -0.0173007 -1.0573e-06 7.41115e-06 -0.0173007 0.085146 4.83296e-06 2.27041e-05 -1.0573e-06 4.83296e-06 0.0093307 -0.0172509 7.41115e-06 2.27041e-05 -0.0172509 0.0855465 
0.00951137 -0.0173499 9.98144e-06 9.36413e-08 -0.0173499 0.0853549 -1.878e-06 8.8708e-06 9.98144e-06 -1.878e-06 0.00935543 -0.0172778 9.36413e-08 8.8708e-06 -0.0172778 0.0856771 
0.00951658 -0.0173489 4.48432e-06 -1.34168e-05 -0.0173489 0.085382 -1.56071e-05 3.03789e-05 4.48432e-06 -1.56071e-05 0.00937308 -0.0172831 -1.34168e-05 3.03789e-05 -0.0172831 0.0856733 
0.00950024 -0.0173169 -1.28464e-05 -7.80728e-06 -0.0173169 0.085222 -1.02204e-05 3.30831e-05 -1.28464e-05 -1.02204e-05 0.00938122 -0.0172769 -7.80728e-06 3.30831e-05 -0.0172769 0.0855608 
0.00950664 -0.0173453 -1.78835e-05 1.19569e-05 -0.0173453 0.0853561 1.33495e-05 -2.54021e-06 -1.78835e-05 1.33495e-05 0.00941179 -0.0173384 1.19569e-05 -2.54021e-06 -0.0173384 0.0857763 
0.00951176 -0.0173594 -1.18684e-05 1.85986e-05 -0.0173594 0.0854611 2.10547e-05 -3.27659e-05 -1.18684e-05 2.10547e-05 0.00943337 -0.0173853 1.85986e-05 -3.27659e-05 -0.0173853 0.0859711 
0.00950655 -0.0173094 -1.01646e-05 1.08968e-05 -0.0173094 0.0852403 1.14792e-05 -2.80862e-05 -1.01646e-05 1.14792e-05 0.00940527 -0.0173553 1.08968e-05 -2.80862e-05 -0.0173553 0.085819 
0.00953067 -0.01732 -4.4462e-06 5.96919e-06 -0.01732 0.0852098 5.57814e-06 -9.04958e-06 -4.4462e-06 5.57814e-06 0.00939247 -0.0173372 5.96919e-06 -9.04958e-06 -0.0173372 0.0857711 
0.00954479 -0.0173837 1.8767e-05 -1.1639e-06 -0.0173837 0.0854077 7.12107e-07 5.91195e-06 1.8767e-05 7.12107e-07 0.0094139 -0.0173545 -1.1639e-06 5.91195e-06 -0.0173545 0.0858844 
0.00952822 -0.0173746 4.65692e-05 -3.41442e-05 -0.0173746 0.0853965 -2.63262e-05 6.03777e-05 4.65692e-05 -2.63262e-05 0.00942522 -0.017359 -3.41442e-05 6.03777e-05 -0.017359 0.085859 
0.00949166 -0.0173626 5.0352e-05 -6.88708e-05 -0.0173626 0.0853954 -5.68117e-05 0.000134195 5.0352e-05 -5.68117e-05 0.00945463 -0.0173859 -6.88708e-05 0.000134195 -0.0173859 0.0859321 
0.00951012 -0.0173595 3.42317e-05 -7.06384e-05 -0.0173595 0.085538 -5.65927e-05 0.000163472 3.42317e-05 -5.65927e-05 0.00946992 -0.0174739 -7.06384e-05 0.000163472 -0.0174739 0.0862661 
0.00953514 -0.0173764 1.08641e-06 -4.71134e-05 -0.0173764 0.0856196 -3.51899e-05 0.000128983 1.08641e-06 -3.51899e-05 0.00946313 -0.0174955 -4.71134e-05 0.000128983 -0.0174955 0.0864565 
0.00951563 -0.0173354 -1.59538e-05 -3.45111e-06 -0.0173354 0.0853634 3.40502e-06 4.36591e-05 -1.59538e-05 3.40502e-06 0.00943128 -0.0174121 -3.45111e-06 4.36591e-05 -0.0174121 0.0861608 
0.00949344 -0.0173013 -1.43008e-05 2.25793e-05 -0.0173013 0.0851602 2.28244e-05 -3.23361e-05 -1.43008e-05 2.28244e-05 0.00940705 -0.0173513 2.25793e-05 -3.23361e-05 -0.0173513 0.0858721 
0.00948751 -0.0172812 -1.4998e-05 1.93542e-05 -0.0172812 0.0850518 1.55206e-05 -4.77098e-05 -1.4998e-05 1.55206e-05 0.00939982 -0.0173227 1.93542e-05 -4.77098e-05 -0.0173227 0.0857083 
0.00950911 -0.0173054 -1.44346e-05 1.77081e-05 -0.0173054 0.0851422 9.50394e-06 -3.46826e-05 -1.44346e-05 9.50394e-06 0.00940136 -0.0173476 1.77081e-05 -3.46826e-05 -0.0173476 0.0857861 
0.00950977 -0.0173396 -1.38007e-05 1.81672e-05 -0.0173396 0.0852549 5.1871e-06 -2.36579e-05 -1.38007e-05 5.1871e-06 0.00942406 -0.0173561 1.81672e-05 -2.36579e-05 -0.0173561 0.0858534 
0.00947773 -0.0173493 2.3425e-05 1.86402e-05 -0.0173493 0.0853407 6.2232e-06 -2.26442e-05 2.3425e-05 6.2232e-06 0.00946592 -0.0173829 1.86402e-05 -2.26442e-05 -0.0173829 0.0859264 
0.0094647 -0.0173012 4.59795e-05 -2.97509e-05 -0.0173012 0.0852781 -3.61711e-05 4.67491e-05 4.59795e-05 -3.61711e-05 0.00948565 -0.017435 -2.97509e-05 4.67491e-05 -0.017435 0.0860311 
0.00949974 -0.0173276 3.98102e-05 -6.87247e-05 -0.0173276 0.0854415 -7.0892e-05 0.000154471 3.98102e-05 -7.0892e-05 0.00950567 -0.017515 -6.87247e-05 0.000154471 -0.017515 0.0863837 
0.00952204 -0.0173445 1.79597e-05 -6.44768e-05 -0.0173445 0.0854775 -6.65138e-05 0.000196613 1.79597e-05 -6.65138e-05 0.00948294 -0.0175275 -6.44768e-05 0.000196613 -0.0175275 0.0865005 
0.00947833 -0.0172977 -5.18608e-06 -3.34508e-05 -0.0172977 0.0851708 -3.86151e-05 0.000157381 -5.18608e-06 -3.86151e-05 0.00944973 -0.0174154 -3.34508e-05 0.000157381 -0.0174154 0.086102 
0.00947665 -0.0172852 -2.56114e-05 3.05378e-06 -0.0172852 0.0851474 -4.17596e-06 7.31002e-05 -2.56114e-05 -4.17596e-06 0.00944539 -0.017408 3.05378e-06 7.31002e-05 -0.017408 0.0860255 
0.0094299 -0.0172444 -3.26258e-05 3.15356e-05 -0.0172444 0.0849381 2.25618e-05 -1.03301e-05 -3.26258e-05 2.25618e-05 0.00943252 -0.0173651 3.15356e-05 -1.03301e-05 -0.0173651 0.0858058 
0.009435 -0.0172265 -5.18524e-05 3.74062e-05 -0.0172265 0.0849502 3.29327e-05 -5.61533e-05 -5.18524e-05 3.29327e-05 0.00942808 -0.0173884 3.74062e-05 -5.61533e-05 -0.0173884 0.0858752 
0.00944725 -0.0172065 -5.12822e-05 5.8927e-05 -0.0172065 0.0848376 6.23788e-05 -0.000111916 -5.12822e-05 6.23788e-05 0.00938743 -0.0173606 5.8927e-05 -0.000111916 -0.0173606 0.0857881 
0.00944741 -0.0172263 -2.17418e-05 6.04422e-05 -0.0172263 0.0848348 7.06141e-05 -0.000153521 -2.17418e-05 7.06141e-05 0.00937423 -0.0173093 6.04422e-05 -0.000153521 -0.0173093 0.0856693 
0.00946975 -0.0172708 8.30279e-06 2.16425e-05 -0.0172708 0.0850417 3.25419e-05 -0.000106127 8.30279e-06 3.25419e-05 0.00938065 -0.0173207 2.16425e-05 -0.000106127 -0.0173207 0.0857415 
0.00945501 -0.0172365 2.87431e-05 -1.79712e-05 -0.0172365 0.0848627 -1.06136e-05 -7.86086e-06 2.87431e-05 -1.06136e-05 0.00935639 -0.0172563 -1.79712e-05 -7.86086e-06 -0.0172563 0.0854484 
0.00948272 -0.0172986 3.30501e-05 -4.15871e-05 -0.0172986 0.0851498 -3.90056e-05 7.39757e-05 3.30501e-05 -3.90056e-05 0.00937144 -0.017311 -4.15871e-05 7.39757e-05 -0.017311 0.0856867 
0.00951575 -0.0173288 3.35356e-05 -4.57862e-05 -0.0173288 0.0853139 -4.37414e-05 0.000110749 3.35356e-05 -4.37414e-05 0.00936147 -0.017329 -4.57862e-05 0.000110749 -0.017329 0.0858193 
0.00951066 -0.0172934 1.03966e-05 -4.5253e-05 -0.0172934 0.0850857 -4.16257e-05 0.000116058 1.03966e-05 -4.16257e-05 0.0093082 -0.0172449 -4.5253e-05 0.000116058 -0.0172449 0.0855052 
0.00952706 -0.0173323 8.8918e-08 -2.07562e-05 -0.0173323 0.085182 -1.85153e-05 8.63533e-05 8.8918e-08 -1.85153e-05 0.00929238 -0.0172107 -2.07562e-05 8.63533e-05 -0.0172107 0.0854311 
0.00948639 -0.0173117 -1.95084e-05 -5.24561e-06 -0.0173117 0.0850427 -5.27781e-06 4.53723e-05 -1.95084e-05 -5.27781e-06 0.00927934 -0.0171361 -5.24561e-06 4.53723e-05 -0.0171361 0.0851126 
0.00943273 -0.0172556 -2.78161e-05 1.98598e-05 -0.0172556 0.0848627 1.57864e-05 -5.71575e-06 -2.78161e-05 1.57864e-05 0.00928485 -0.0171078 1.98598e-05 -5.71575e-06 -0.0171078 0.0848912 
0.00936602 -0.0171292 -1.12822e-05 3.20753e-05 -0.0171292 0.0843791 2.69147e-05 -4.76581e-05 -1.12822e-05 2.69147e-05 0.00927618 -0.0170619 3.20753e-05 -4.76581e-05 -0.0170619 0.0845389 
0.00972984 -0.0177711 -1.30999e-05 1.52694e-05 -0.0177711 0.0876091 1.091e-05 -4.15159e-05 -1.30999e-05 1.091e-05 0.00966285 -0.0177907 1.52694e-05 -4.15159e-05 -0.0177907 0.0880035 
0.00971331 -0.0177483 -2.28855e-05 1.48797e-05 -0.0177483 0.0874766 1.1053e-05 -2.90889e-05 -2.28855e-05 1.1053e-05 0.00966095 -0.0178037 1.48797e-05 -2.90889e-05 -0.0178037 0.0880267 
0.00970733 -0.0177518 -2.35039e-05 2.49297e-05 -0.0177518 0.0875059 2.0871e-05 -3.92303e-05 -2.35039e-05 2.0871e-05 0.00966516 -0.0178272 2.49297e-05 -3.92303e-05 -0.0178272 0.0881436 
0.00971389 -0.0177505 -1.2418e-05 2.29355e-05 -0.0177505 0.0875513 1.90707e-05 -4.21969e-05 -1.2418e-05 1.90707e-05 0.00966028 -0.0178494 2.29355e-05 -4.21969e-05 -0.0178494 0.0882693 
0.0093336 -0.0170644 1.21548e-05 3.61595e-06 -0.0170644 0.0841518 -3.85894e-07 -2.43663e-06 1.21548e-05 -3.85894e-07 0.00927414 -0.0171344 3.61595e-06 -2.43663e-06 -0.0171344 0.0848184 
0.00933102 -0.0170544 1.92574e-05 -2.60816e-05 -0.0170544 0.0841119 -2.85012e-05 6.29803e-05 1.92574e-05 -2.85012e-05 0.0092577 -0.0171028 -2.60816e-05 6.29803e-05 -0.0171028 0.084713 
0.00974087 -0.0177617 -2.04462e-05 -3.84221e-05 -0.0177617 0.087597 -3.82536e-05 0.000113791 -2.04462e-05 -3.82536e-05 0.00962125 -0.0177938 -3.84221e-05 0.000113791 -0.0177938 0.0881615 
0.00975313 -0.0177843 -5.35025e-05 1.395e-05 -0.0177843 0.0876041 1.54493e-05 4.40635e-05 -5.35025e-05 1.54493e-05 0.00959323 -0.0177529 1.395e-05 4.40635e-05 -0.0177529 0.0880304 
0.00975104 -0.0177817 -5.17771e-05 6.09236e-05 -0.0177817 0.0875478 6.04171e-05 -7.48615e-05 -5.17771e-05 6.04171e-05 0.00956717 -0.017703 6.09236e-05 -7.48615e-05 -0.017703 0.0878369 
0.00973234 -0.0177938 -6.52583e-05 6.34853e-05 -0.0177938 0.0875817 5.85771e-05 -0.000127485 -6.52583e-05 5.85771e-05 0.00957479 -0.0176818 6.34853e-05 -0.000127485 -0.0176818 0.0877599 
0.00972774 -0.0178043 -5.21951e-05 7.35677e-05 -0.0178043 0.0877209 6.70459e-05 -0.000144943 -5.21951e-05 6.70459e-05 0.0096001 -0.0177239 7.35677e-05 -0.000144943 -0.0177239 0.0879045 
0.00969242 -0.0177332 -1.65482e-05 5.26052e-05 -0.0177332 0.0874586 5.16825e-05 -0.000120993 -1.65482e-05 5.16825e-05 0.00958309 -0.0176968 5.26052e-05 -0.000120993 -0.0176968 0.0877325 
0.00966946 -0.0176773 1.15369e-05 8.16428e-06 -0.0176773 0.0872107 1.02052e-05 -4.09058e-05 1.15369e-05 1.02052e-05 0.00955986 -0.0176628 8.16428e-06 -4.09058e-05 -0.0176628 0.0875586 
0.00965546 -0.0176337 2.05623e-05 -2.45439e-05 -0.0176337 0.086977 -2.37974e-05 4.69265e-05 2.05623e-05 -2.37974e-05 0.0095302 -0.0176114 -2.45439e-05 4.69265e-05 -0.0176114 0.0873261 
0.00967285 -0.0176656 1.28439e-05 -3.9067e-05 -0.0176656 0.0870844 -3.97741e-05 0.000110838 1.28439e-05 -3.97741e-05 0.00953104 -0.0176175 -3.9067e-05 0.000110838 -0.0176175 0.0873762 
0.00968086 -0.0176812 5.56526e-07 -2.82361e-05 -0.0176812 0.0871337 -2.85774e-05 0.000115415 5.56526e-07 -2.85774e-05 0.00952877 -0.01761 -2.82361e-05 0.000115415 -0.01761 0.0873594 
0.0096887 -0.017735 -1.08869e-05 -6.78878e-06 -0.017735 0.0873837 -7.01803e-06 6.93456e-05 -1.08869e-05 -7.01803e-06 0.00956333 -0.0176501 -6.78878e-06 6.93456e-05 -0.0176501 0.0875605 
0.0096761 -0.0176893 -8.40408e-06 7.67115e-06 -0.0176893 0.0872474 4.58466e-06 2.70699e-05 -8.40408e-06 4.58466e-06 0.00956382 -0.0176444 7.67115e-06 2.70699e-05 -0.0176444 0.087471 
0.00970917 -0.0177454 -1.16282e-05 4.82362e-06 -0.0177454 0.087509 1.42884e-07 1.80837e-05 -1.16282e-05 1.42884e-07 0.00960857 -0.0177196 4.82362e-06 1.80837e-05 -0.0177196 0.0877995 
0.00973999 -0.0177941 -3.96335e-06 5.51038e-06 -0.0177941 0.0877413 8.72994e-08 2.27529e-05 -3.96335e-06 8.72994e-08 0.00964749 -0.0177915 5.51038e-06 2.27529e-05 -0.0177915 0.088108 
0.00974668 -0.0178077 5.39152e-06 -4.75015e-06 -0.0178077 0.0877832 -8.7532e-06 4.04337e-05 5.39152e-06 -8.7532e-06 0.00965989 -0.0178126 -4.75015e-06 4.04337e-05 -0.0178126 0.0881886 
0.00936834 -0.017113 1.75483e-06 -1.9551e-05 -0.017113 0.0843509 -1.92591e-05 7.01043e-05 1.75483e-06 -1.92591e-05 0.00926932 -0.0171263 -1.9551e-05 7.01043e-05 -0.0171263 0.0847716 
0.00938261 -0.0170925 -4.42304e-06 -2.22249e-05 -0.0170925 0.0842468 -1.81555e-05 9.2913e-05 -4.42304e-06 -1.81555e-05 0.0092392 -0.0170961 -2.22249e-05 9.2913e-05 -0.0170961 0.0846778 
0.00940514 -0.0171422 -1.12203e-05 -1.74228e-05 -0.0171422 0.0843824 -1.42061e-05 9.726e-05 -1.12203e-05 -1.42061e-05 0.00924252 -0.0170866 -1.74228e-05 9.726e-05 -0.0170866 0.0847196 
0.00942028 -0.0171849 -1.80245e-05 -9.5233e-06 -0.0171849 0.0845533 -8.50153e-06 8.98312e-05 -1.80245e-05 -8.50153e-06 0.00925836 -0.0170948 -9.5233e-06 8.98312e-05 -0.0170948 0.0847748 
