0.00714011 0 -3.95933e-05 0 0 0.00997872 0 0 -3.95933e-05 0 0.0069501 0 0 0 0 0.00997872 
0.00971291 -0.0120526 -2.72441e-05 3.07013e-05 -0.0120526 0.0319245 3.07013e-05 -5.92816e-05 -2.72441e-05 3.07013e-05 0.00950775 -0.0118054 3.07013e-05 -5.92816e-05 -0.0118054 0.0314506 
0.00997713 -0.0185658 1.20195e-05 -5.27358e-05 -0.0185658 0.0683844 -5.27358e-05 0.000194083 1.20195e-05 -5.27358e-05 0.00985852 -0.0184108 -5.27358e-05 0.000194083 -0.0184108 0.0679379 
0.0093701 -0.0180102 6.68804e-06 -0.00014478 -0.0180102 0.0806742 -0.000145559 0.000718264 6.68804e-06 -0.000145559 0.00929299 -0.0180876 -0.00014478 0.000718264 -0.0180876 0.0812897 
0.0090675 -0.0168303 -2.09094e-05 -0.000109649 -0.0168303 0.080973 -0.000120811 0.000840684 -2.09094e-05 -0.000120811 0.00897999 -0.0169483 -0.000109649 0.000840684 -0.0169483 0.0821419 
0.00927273 -0.0169558 -4.36264e-05 -4.18718e-05 -0.0169558 0.0829301 -5.87198e-05 0.000642787 -4.36264e-05 -5.87198e-05 0.00919835 -0.0170061 -4.18718e-05 0.000642787 -0.0170061 0.0839521 
0.00942465 -0.0171957 -8.34803e-05 -1.6612e-06 -0.0171957 0.0844194 -1.00646e-05 0.000404229 -8.34803e-05 -1.00646e-05 0.00936211 -0.017224 -1.6612e-06 0.000404229 -0.017224 0.0851548 
0.00963252 -0.0175559 -0.000100285 4.33448e-05 -0.0175559 0.0863796 4.80136e-05 0.000208413 -0.000100285 4.80136e-05 0.00955081 -0.0176024 4.33448e-05 0.000208413 -0.0176024 0.0869984 
0.009386 -0.0171099 -0.000101849 5.53886e-05 -0.0171099 0.0842599 6.66097e-05 9.20798e-05 -0.000101849 6.66097e-05 0.00932676 -0.0171459 5.53886e-05 9.20798e-05 -0.0171459 0.084811 
0.00968397 -0.0176433 -9.43018e-05 5.82138e-05 -0.0176433 0.0869249 6.63753e-05 6.46657e-05 -9.43018e-05 6.63753e-05 0.00962686 -0.0177121 5.82138e-05 6.46657e-05 -0.0177121 0.0875262 
0.00960399 -0.0174681 -7.6824e-05 4.54792e-05 -0.0174681 0.0860439 4.72306e-05 8.53538e-05 -7.6824e-05 4.72306e-05 0.00952501 -0.0175506 4.54792e-05 8.53538e-05 -0.0175506 0.0866989 
0.00959399 -0.0174434 -6.03399e-05 2.09634e-05 -0.0174434 0.0858232 1.92018e-05 0.000147264 -6.03399e-05 1.92018e-05 0.00949493 -0.0174876 2.09634e-05 0.000147264 -0.0174876 0.0864278 
0.00959633 -0.0175052 -3.86468e-05 -5.58474e-06 -0.0175052 0.0860384 -3.12924e-06 0.000220591 -3.86468e-05 -3.12924e-06 0.00950413 -0.0175041 -5.58474e-06 0.000220591 -0.0175041 0.0865202 
0.00959908 -0.0174919 -3.36939e-05 -2.81126e-05 -0.0174919 0.0860372 -2.64919e-05 0.000279566 -3.36939e-05 -2.64919e-05 0.00948038 -0.0174841 -2.81126e-05 0.000279566 -0.0174841 0.086433 
0.00961291 -0.0175537 -2.73304e-05 -2.7237e-05 -0.0175537 0.0863229 -3.23795e-05 0.00030312 -2.73304e-05 -3.23795e-05 0.00951098 -0.0175139 -2.7237e-05 0.00030312 -0.0175139 0.086638 
0.00959862 -0.0175501 -3.57283e-05 -2.7763e-05 -0.0175501 0.0863797 -3.87091e-05 0.000307776 -3.57283e-05 -3.87091e-05 0.00952702 -0.0175285 -2.7763e-05 0.000307776 -0.0175285 0.0866781 
0.00962759 -0.0175648 -4.63025e-05 -1.82671e-05 -0.0175648 0.0865389 -3.23035e-05 0.000299979 -4.63025e-05 -3.23035e-05 0.00953257 -0.0175833 -1.82671e-05 0.000299979 -0.0175833 0.0869047 
0.0096454 -0.0175539 -7.76937e-05 -4.10513e-06 -0.0175539 0.0864444 -1.44418e-05 0.000263032 -7.76937e-05 -1.44418e-05 0.00951372 -0.0175491 -4.10513e-06 0.000263032 -0.0175491 0.0868131 
0.00967139 -0.0176145 -0.000104088 3.08342e-05 -0.0176145 0.0866313 2.47501e-05 0.000192201 -0.000104088 2.47501e-05 0.00954227 -0.0175619 3.08342e-05 0.000192201 -0.0175619 0.0869126 
0.00967226 -0.0175868 -0.000113507 6.40968e-05 -0.0175868 0.086474 6.3714e-05 9.7095e-05 -0.000113507 6.3714e-05 0.0095182 -0.0175373 6.40968e-05 9.7095e-05 -0.0175373 0.0867153 
0.00967652 -0.0175922 -0.000102869 7.23047e-05 -0.0175922 0.08642 7.83468e-05 4.12145e-05 -0.000102869 7.83468e-05 0.00949326 -0.0175167 7.23047e-05 4.12145e-05 -0.0175167 0.0866195 
0.00963035 -0.0175509 -7.41439e-05 5.39082e-05 -0.0175509 0.0861775 6.45672e-05 5.08911e-05 -7.41439e-05 6.45672e-05 0.00947448 -0.0174497 5.39082e-05 5.08911e-05 -0.0174497 0.0863306 
0.00966422 -0.0175691 -5.37766e-05 1.81947e-05 -0.0175691 0.0863344 2.67384e-05 0.000120868 -5.37766e-05 2.67384e-05 0.00947188 -0.017499 1.81947e-05 0.000120868 -0.017499 0.086517 
0.00970513 -0.017611 -5.69301e-05 -7.16341e-06 -0.017611 0.0864623 -4.89052e-06 0.000202549 -5.69301e-05 -4.89052e-06 0.00945408 -0.0174958 -7.16341e-06 0.000202549 -0.0174958 0.0866032 
0.00970912 -0.0176635 -5.1343e-05 -1.225e-06 -0.0176635 0.0866062 -2.84452e-06 0.000227901 -5.1343e-05 -2.84452e-06 0.00947407 -0.0174664 -1.225e-06 0.000227901 -0.0174664 0.0865771 
0.00969913 -0.0177008 -5.47309e-05 -5.855e-06 -0.0177008 0.0868319 -6.72242e-06 0.000234972 -5.47309e-05 -6.72242e-06 0.00952837 -0.0175146 -5.855e-06 0.000234972 -0.0175146 0.0867284 
0.00967913 -0.0176582 -5.24069e-05 -1.99356e-06 -0.0176582 0.086776 2.19329e-06 0.000224426 -5.24069e-05 2.19329e-06 0.00955516 -0.0175681 -1.99356e-06 0.000224426 -0.0175681 0.0868281 
0.00968355 -0.0176631 -7.86072e-05 -4.48428e-06 -0.0176631 0.0868588 1.12284e-07 0.00022135 -7.86072e-05 1.12284e-07 0.00957294 -0.0176369 -4.48428e-06 0.00022135 -0.0176369 0.0871024 
0.00972052 -0.0176909 -0.000112192 2.56343e-05 -0.0176909 0.0870372 2.48542e-05 0.000185408 -0.000112192 2.48542e-05 0.00958824 -0.0176965 2.56343e-05 0.000185408 -0.0176965 0.087425 
0.00972588 -0.0176989 -0.000107164 6.59486e-05 -0.0176989 0.08702 6.43619e-05 0.000107203 -0.000107164 6.43619e-05 0.00958797 -0.0176819 6.59486e-05 0.000107203 -0.0176819 0.0874304 
0.00975171 -0.0177554 -7.10128e-05 5.71116e-05 -0.0177554 0.0872661 6.11146e-05 8.22878e-05 -7.10128e-05 6.11146e-05 0.00962028 -0.0177226 5.71116e-05 8.22878e-05 -0.0177226 0.0876427 
0.00974402 -0.0177594 -4.12066e-05 1.21013e-05 -0.0177594 0.0872925 1.84593e-05 0.000146946 -4.12066e-05 1.84593e-05 0.00964146 -0.0177327 1.21013e-05 0.000146946 -0.0177327 0.087662 
0.00974508 -0.0177556 -2.79164e-05 -2.83533e-05 -0.0177556 0.0873178 -2.44584e-05 0.000252265 -2.79164e-05 -2.44584e-05 0.00966502 -0.0177649 -2.83533e-05 0.000252265 -0.0177649 0.0877447 
0.00972046 -0.0176985 -3.82056e-05 -4.4997e-05 -0.0176985 0.0870594 -4.63621e-05 0.000329713 -3.82056e-05 -4.63621e-05 0.00964241 -0.0177507 -4.4997e-05 0.000329713 -0.0177507 0.087601 
0.00973175 -0.0176925 -7.52492e-05 -2.71533e-05 -0.0176925 0.0870136 -3.46111e-05 0.000333802 -7.52492e-05 -3.46111e-05 0.00962064 -0.0177495 -2.71533e-05 0.000333802 -0.0177495 0.0876154 
0.00974968 -0.0177137 -9.32946e-05 2.11589e-05 -0.0177137 0.0870473 8.78285e-06 0.000257854 -9.32946e-05 8.78285e-06 0.00959902 -0.017726 2.11589e-05 0.000257854 -0.017726 0.0875954 
0.00978229 -0.0177668 -8.06141e-05 4.85912e-05 -0.0177668 0.0872456 3.33388e-05 0.000175841 -8.06141e-05 3.33388e-05 0.0095781 -0.0177205 4.85912e-05 0.000175841 -0.0177205 0.0876577 
0.00978837 -0.017771 -8.12586e-05 3.38358e-05 -0.017771 0.0872043 2.12734e-05 0.000161082 -8.12586e-05 2.12734e-05 0.00953527 -0.0176411 3.38358e-05 0.000161082 -0.0176411 0.0874012 
0.00973583 -0.0177014 -6.74442e-05 2.85949e-05 -0.0177014 0.0868217 2.32014e-05 0.000168279 -6.74442e-05 2.32014e-05 0.00948749 -0.0175111 2.85949e-05 0.000168279 -0.0175111 0.086828 
0.00969299 -0.0176203 -7.30326e-05 4.85083e-06 -0.0176203 0.0864426 8.56309e-06 0.000203216 -7.30326e-05 8.56309e-06 0.00945111 -0.0174213 4.85083e-06 0.000203216 -0.0174213 0.0863402 
0.00962888 -0.017551 -7.52165e-05 5.0564e-06 -0.017551 0.0860971 1.72625e-05 0.000214114 -7.52165e-05 1.72625e-05 0.00945136 -0.0173624 5.0564e-06 0.000214114 -0.0173624 0.08598 
0.00959069 -0.0175058 -6.23493e-05 1.50503e-05 -0.0175058 0.0859737 2.81658e-05 0.000187845 -6.23493e-05 2.81658e-05 0.00948463 -0.0173984 1.50503e-05 0.000187845 -0.0173984 0.0859833 
0.00960049 -0.0174896 -5.99589e-05 6.19834e-06 -0.0174896 0.0859995 1.52531e-05 0.000186665 -5.99589e-05 1.52531e-05 0.00950592 -0.0174866 6.19834e-06 0.000186665 -0.0174866 0.0862584 
0.00957835 -0.0175107 -5.80081e-05 1.54131e-06 -0.0175107 0.0860794 5.96788e-06 0.000205451 -5.80081e-05 5.96788e-06 0.00954247 -0.01753 1.54131e-06 0.000205451 -0.01753 0.0864932 
0.00956796 -0.0174635 -5.14012e-05 -2.77332e-06 -0.0174635 0.085983 2.68831e-06 0.000219215 -5.14012e-05 2.68831e-06 0.00953537 -0.0175544 -2.77332e-06 0.000219215 -0.0175544 0.0865564 
0.00953641 -0.0174037 -4.67672e-05 -1.13641e-05 -0.0174037 0.0856959 -4.0307e-06 0.000234364 -4.67672e-05 -4.0307e-06 0.00950081 -0.0175048 -1.13641e-05 0.000234364 -0.0175048 0.0863626 
0.0095394 -0.0173789 -5.44259e-05 -1.22513e-05 -0.0173789 0.085577 -7.44904e-06 0.000239628 -5.44259e-05 -7.44904e-06 0.00946396 -0.0174723 -1.22513e-05 0.000239628 -0.0174723 0.0862582 
0.00957152 -0.0174074 -6.71611e-05 3.42249e-08 -0.0174074 0.0856641 2.26031e-06 0.000223709 -6.71611e-05 2.26031e-06 0.00943083 -0.0174603 3.42249e-08 0.000223709 -0.0174603 0.0862965 
0.00955646 -0.0174087 -6.78025e-05 1.92576e-05 -0.0174087 0.085578 2.0078e-05 0.000180727 -6.78025e-05 2.0078e-05 0.00940732 -0.0173742 1.92576e-05 0.000180727 -0.0173742 0.0860373 
0.00955923 -0.0174444 -5.44481e-05 2.05072e-05 -0.0174444 0.0857648 1.93606e-05 0.000161358 -5.44481e-05 1.93606e-05 0.00943785 -0.0173856 2.05072e-05 0.000161358 -0.0173856 0.0860903 
0.00955575 -0.0174516 -4.51526e-05 3.06077e-06 -0.0174516 0.0858626 4.68315e-06 0.000181684 -4.51526e-05 4.68315e-06 0.00945422 -0.0174196 3.06077e-06 0.000181684 -0.0174196 0.0861757 
0.00956395 -0.0174621 -4.20685e-05 -1.07287e-05 -0.0174621 0.0859776 -7.34707e-06 0.000215918 -4.20685e-05 -7.34707e-06 0.00946458 -0.0174635 -1.07287e-05 0.000215918 -0.0174635 0.0863619 
0.00954014 -0.0174166 -3.11339e-05 -1.35357e-05 -0.0174166 0.0857763 -1.25471e-05 0.000233698 -3.11339e-05 -1.25471e-05 0.00945189 -0.017421 -1.35357e-05 0.000233698 -0.017421 0.0861957 
0.00951746 -0.0174028 -2.28155e-05 -2.58393e-05 -0.0174028 0.0857131 -2.69738e-05 0.000259049 -2.28155e-05 -2.69738e-05 0.00945906 -0.0174132 -2.58393e-05 0.000259049 -0.0174132 0.0861427 
0.00950804 -0.0173442 -2.676e-05 -3.17862e-05 -0.0173442 0.0855064 -3.51356e-05 0.000278365 -2.676e-05 -3.51356e-05 0.00942247 -0.0174012 -3.17862e-05 0.000278365 -0.0174012 0.0860211 
0.00952672 -0.0173441 -2.41256e-05 -2.36368e-05 -0.0173441 0.0854548 -3.06111e-05 0.000273325 -2.41256e-05 -3.06111e-05 0.00938744 -0.0173724 -2.36368e-05 0.000273325 -0.0173724 0.0859742 
0.00954921 -0.0174033 -1.62837e-05 -2.38877e-05 -0.0174033 0.0856449 -3.04115e-05 0.000263406 -1.62837e-05 -3.04115e-05 0.00938828 -0.0173566 -2.38877e-05 0.000263406 -0.0173566 0.0860272 
0.00954105 -0.0174107 -2.67886e-05 -3.06117e-05 -0.0174107 0.0856619 -3.70526e-05 0.00026596 -2.67886e-05 -3.70526e-05 0.00938356 -0.0173162 -3.06117e-05 0.00026596 -0.0173162 0.0858715 
0.00953864 -0.0174114 -4.25413e-05 -1.91147e-05 -0.0174114 0.0857012 -2.34236e-05 0.000249673 -4.25413e-05 -2.34236e-05 0.00939511 -0.0173181 -1.91147e-05 0.000249673 -0.0173181 0.0858391 
0.00956933 -0.0174733 -4.32383e-05 -2.59539e-07 -0.0174733 0.0860327 -1.58596e-06 0.000206614 -4.32383e-05 -1.58596e-06 0.00943769 -0.0174015 -2.59539e-07 0.000206614 -0.0174015 0.0861904 
0.00958777 -0.0174957 -4.77992e-05 2.16617e-06 -0.0174957 0.0861767 -7.64273e-07 0.000182696 -4.77992e-05 -7.64273e-07 0.0094564 -0.0174476 2.16617e-06 0.000182696 -0.0174476 0.0863935 
0.00955658 -0.017466 -4.54822e-05 2.98378e-06 -0.017466 0.0860227 -7.41891e-07 0.000181478 -4.54822e-05 -7.41891e-07 0.00946851 -0.0174203 2.98378e-06 0.000181478 -0.0174203 0.0862721 
0.00953933 -0.017394 -6.34318e-05 -2.71468e-06 -0.017394 0.0857343 -8.51719e-06 0.000198219 -6.34318e-05 -8.51719e-06 0.00943473 -0.0174048 -2.71468e-06 0.000198219 -0.0174048 0.0860815 
0.00951368 -0.0173573 -6.10846e-05 1.90395e-05 -0.0173573 0.0854975 1.40849e-05 0.00017361 -6.10846e-05 1.40849e-05 0.0094212 -0.0173554 1.90395e-05 0.00017361 -0.0173554 0.0858822 
0.0095095 -0.0173413 -4.67202e-05 1.28412e-05 -0.0173413 0.085409 1.31633e-05 0.000166651 -4.67202e-05 1.31633e-05 0.00941341 -0.0173443 1.28412e-05 0.000166651 -0.0173443 0.0857924 
0.00950395 -0.0173413 -3.85854e-05 -9.35737e-06 -0.0173413 0.08538 -2.41642e-06 0.000199368 -3.85854e-05 -2.41642e-06 0.00940388 -0.017339 -9.35737e-06 0.000199368 -0.017339 0.0857579 
0.00948621 -0.017302 -2.55374e-05 -1.9577e-05 -0.017302 0.0851849 -1.10074e-05 0.000229708 -2.55374e-05 -1.10074e-05 0.00937592 -0.017287 -1.9577e-05 0.000229708 -0.017287 0.0855275 
0.0094499 -0.0172612 -1.95623e-05 -3.32413e-05 -0.0172612 0.0849552 -2.54187e-05 0.000258661 -1.95623e-05 -2.54187e-05 0.00935486 -0.0172263 -3.32413e-05 0.000258661 -0.0172263 0.0852438 
0.0094527 -0.0172397 -4.10259e-05 -3.89366e-05 -0.0172397 0.0848809 -3.50626e-05 0.000283999 -4.10259e-05 -3.50626e-05 0.00934018 -0.0172149 -3.89366e-05 0.000283999 -0.0172149 0.0851493 
0.00945279 -0.0172754 -5.72459e-05 -1.18042e-05 -0.0172754 0.0850007 -1.23931e-05 0.000255942 -5.72459e-05 -1.23931e-05 0.0093518 -0.0172236 -1.18042e-05 0.000255942 -0.0172236 0.0852146 
0.00949201 -0.0173404 -6.48425e-05 1.18493e-05 -0.0173404 0.0853781 1.08755e-05 0.000196654 -6.48425e-05 1.08755e-05 0.00938357 -0.0173081 1.18493e-05 0.000196654 -0.0173081 0.0856022 
0.00946774 -0.0172915 -7.53181e-05 2.56811e-05 -0.0172915 0.0851665 2.56318e-05 0.000142455 -7.53181e-05 2.56318e-05 0.00936767 -0.0172698 2.56811e-05 0.000142455 -0.0172698 0.0854425 
0.00946558 -0.0173016 -4.80212e-05 3.66753e-05 -0.0173016 0.0852301 3.86853e-05 0.000106045 -4.80212e-05 3.86853e-05 0.00937442 -0.017296 3.66753e-05 0.000106045 -0.017296 0.0855621 
0.00947201 -0.0173133 -9.77582e-06 4.56188e-06 -0.0173133 0.0853286 1.22173e-05 0.000129563 -9.77582e-06 1.22173e-05 0.00938823 -0.0173198 4.56188e-06 0.000129563 -0.0173198 0.0857086 
0.0094755 -0.0172934 -2.03847e-05 -4.34889e-05 -0.0172934 0.085257 -3.12171e-05 0.0002154 -2.03847e-05 -3.12171e-05 0.00936877 -0.0173108 -4.34889e-05 0.0002154 -0.0173108 0.0856769 
0.0094785 -0.0173089 -4.30682e-05 -3.07597e-05 -0.0173089 0.0852826 -2.02804e-05 0.000236985 -4.30682e-05 -2.02804e-05 0.00936055 -0.0172876 -3.07597e-05 0.000236985 -0.0172876 0.0856464 
0.00946965 -0.0172937 -5.09474e-05 4.47069e-06 -0.0172937 0.0852099 8.06752e-06 0.00017907 -5.09474e-05 8.06752e-06 0.00935646 -0.0172524 4.47069e-06 0.00017907 -0.0172524 0.0854984 
0.0094527 -0.0172524 -5.73644e-05 2.26687e-05 -0.0172524 0.085004 1.7657e-05 0.000121745 -5.73644e-05 1.7657e-05 0.0093397 -0.0172111 2.26687e-05 0.000121745 -0.0172111 0.0852545 
0.00944501 -0.0172437 -5.2917e-05 2.96688e-05 -0.0172437 0.0849309 2.02047e-05 9.7395e-05 -5.2917e-05 2.02047e-05 0.00933455 -0.0172017 2.96688e-05 9.7395e-05 -0.0172017 0.0851676 
0.00942301 -0.0172189 -3.15127e-05 2.09683e-05 -0.0172189 0.0848076 1.46781e-05 0.000102471 -3.15127e-05 1.46781e-05 0.00933311 -0.0171838 2.09683e-05 0.000102471 -0.0171838 0.0850516 
0.00943953 -0.0172133 -2.13303e-05 -1.05373e-05 -0.0172133 0.0848233 -9.30092e-06 0.000152292 -2.13303e-05 -9.30092e-06 0.0093293 -0.0172189 -1.05373e-05 0.000152292 -0.0172189 0.085156 
0.00945984 -0.0172333 -1.11712e-05 -2.9433e-05 -0.0172333 0.0848669 -2.37069e-05 0.000208207 -1.11712e-05 -2.37069e-05 0.00933085 -0.0172261 -2.9433e-05 0.000208207 -0.0172261 0.0852397 
0.00948674 -0.0172868 -2.28244e-05 -4.55511e-05 -0.0172868 0.0850696 -3.91947e-05 0.000258876 -2.28244e-05 -3.91947e-05 0.00933222 -0.0172575 -4.55511e-05 0.000258876 -0.0172575 0.0854221 
0.00949302 -0.0173045 -3.21687e-05 -3.12095e-05 -0.0173045 0.0851263 -2.76388e-05 0.000261449 -3.21687e-05 -2.76388e-05 0.00931278 -0.0172313 -3.12095e-05 0.000261449 -0.0172313 0.085382 
0.00950405 -0.0173443 -4.1319e-05 -1.72593e-05 -0.0173443 0.0853092 -1.63922e-05 0.000237059 -4.1319e-05 -1.63922e-05 0.00932928 -0.0172278 -1.72593e-05 0.000237059 -0.0172278 0.0854418 
0.00950715 -0.0173666 -2.59365e-05 -5.78888e-06 -0.0173666 0.0854541 -4.95081e-06 0.00020811 -2.59365e-05 -4.95081e-06 0.00934636 -0.0172504 -5.78888e-06 0.00020811 -0.0172504 0.0855272 
0.00950577 -0.0173647 -2.36725e-05 -2.02825e-05 -0.0173647 0.0855002 -1.56151e-05 0.00020751 -2.36725e-05 -1.56151e-05 0.00935389 -0.0172666 -2.02825e-05 0.00020751 -0.0172666 0.0855847 
0.0094739 -0.0173552 -1.03625e-05 -2.19662e-05 -0.0173552 0.0854798 -1.53413e-05 0.000210372 -1.03625e-05 -1.53413e-05 0.00938487 -0.0172655 -2.19662e-05 0.000210372 -0.0172655 0.0855823 
0.0094612 -0.0173291 -1.04156e-05 -3.60542e-05 -0.0173291 0.0854887 -2.89768e-05 0.000227159 -1.04156e-05 -2.89768e-05 0.0094149 -0.0173252 -3.60542e-05 0.000227159 -0.0173252 0.0857402 
0.00941191 -0.0172019 -1.66434e-05 -3.79591e-05 -0.0172019 0.084934 -3.30079e-05 0.000243425 -1.66434e-05 -3.30079e-05 0.00936729 -0.0172668 -3.79591e-05 0.000243425 -0.0172668 0.0853879 
0.00937998 -0.0171066 -3.23311e-05 -2.72691e-05 -0.0171066 0.084422 -2.65556e-05 0.000232016 -3.23311e-05 -2.65556e-05 0.00931106 -0.0171763 -2.72691e-05 0.000232016 -0.0171763 0.0849712 
0.00940993 -0.0171733 -4.79269e-05 -4.63549e-06 -0.0171733 0.084644 -8.72479e-06 0.000193405 -4.79269e-05 -8.72479e-06 0.00931884 -0.0172071 -4.63549e-06 0.000193405 -0.0172071 0.0851627 
0.00943203 -0.0172151 -4.52891e-05 1.44442e-05 -0.0172151 0.0848227 1.43859e-05 0.000140053 -4.52891e-05 1.43859e-05 0.00932275 -0.0172171 1.44442e-05 0.000140053 -0.0172171 0.0852634 
0.00940791 -0.0171889 -4.27802e-05 7.28246e-06 -0.0171889 0.0846766 1.44984e-05 0.000122089 -4.27802e-05 1.44984e-05 0.00930853 -0.017165 7.28246e-06 0.000122089 -0.017165 0.0850386 
0.00940635 -0.0171705 -3.93664e-05 2.48353e-06 -0.0171705 0.0846144 1.07488e-05 0.000126952 -3.93664e-05 1.07488e-05 0.00929241 -0.0171564 2.48353e-06 0.000126952 -0.0171564 0.084958 
0.00938878 -0.0171595 -4.14509e-05 2.99376e-06 -0.0171595 0.0845332 6.74449e-06 0.000130043 -4.14509e-05 6.74449e-06 0.00929113 -0.0171285 2.99376e-06 0.000130043 -0.0171285 0.084852 
0.00938384 -0.0171633 -3.416e-05 1.23043e-05 -0.0171633 0.0845841 1.28499e-05 0.000112484 -3.416e-05 1.28499e-05 0.00930861 -0.0171489 1.23043e-05 0.000112484 -0.0171489 0.0849109 
0.00937541 -0.0171417 -2.38152e-05 4.60602e-06 -0.0171417 0.0845221 5.17314e-06 0.000111144 -2.38152e-05 5.17314e-06 0.00930764 -0.0171568 4.60602e-06 0.000111144 -0.0171568 0.0849008 
0.00942096 -0.0171829 -1.80766e-05 -1.18472e-05 -0.0171829 0.0847335 -1.03824e-05 0.000141043 -1.80766e-05 -1.03824e-05 0.00930509 -0.0172105 -1.18472e-05 0.000141043 -0.0172105 0.0851623 
0.00940566 -0.0171958 -2.6183e-05 -1.99646e-05 -0.0171958 0.0847122 -1.82575e-05 0.000167699 -2.6183e-05 -1.82575e-05 0.0093008 -0.0171682 -1.99646e-05 0.000167699 -0.0171682 0.0850805 
0.00937486 -0.017162 -4.14765e-05 -9.03065e-06 -0.017162 0.0845943 -9.09259e-06 0.000162488 -4.14765e-05 -9.09259e-06 0.00931003 -0.0171376 -9.03065e-06 0.000162488 -0.0171376 0.0849178 
0.00938253 -0.0171433 -5.63058e-05 9.16742e-06 -0.0171433 0.084586 8.72566e-06 0.000130509 -5.63058e-05 8.72566e-06 0.00932208 -0.0171829 9.16742e-06 0.000130509 -0.0171829 0.0850176 
0.00943779 -0.017216 -6.10016e-05 2.81775e-05 -0.017216 0.0849178 2.8145e-05 8.52106e-05 -6.10016e-05 2.8145e-05 0.00935566 -0.0172763 2.81775e-05 8.52106e-05 -0.0172763 0.0854626 
0.00944395 -0.0172177 -5.83852e-05 3.17381e-05 -0.0172177 0.0848495 3.39647e-05 5.84654e-05 -5.83852e-05 3.39647e-05 0.00934528 -0.0172491 3.17381e-05 5.84654e-05 -0.0172491 0.0853866 
0.00943293 -0.0172195 -4.36233e-05 2.99108e-05 -0.0172195 0.0847975 3.54439e-05 4.77079e-05 -4.36233e-05 3.54439e-05 0.00934487 -0.017222 2.99108e-05 4.77079e-05 -0.017222 0.0852664 
0.00941907 -0.017198 -2.97395e-05 1.12155e-05 -0.017198 0.0847054 1.92501e-05 7.0471e-05 -2.97395e-05 1.92501e-05 0.00934501 -0.0172116 1.12155e-05 7.0471e-05 -0.0172116 0.0851617 
0.00941744 -0.017236 -2.30868e-05 -3.743e-06 -0.017236 0.0849071 3.17778e-06 0.000105263 -2.30868e-05 3.17778e-06 0.0093827 -0.0172739 -3.743e-06 0.000105263 -0.0172739 0.0854126 
0.00941245 -0.0171981 -1.80892e-05 -1.36374e-05 -0.0171981 0.0848192 -8.62802e-06 0.000139973 -1.80892e-05 -8.62802e-06 0.00936976 -0.0172859 -1.36374e-05 0.000139973 -0.0172859 0.0854263 
0.00941233 -0.0172152 -3.36382e-06 -1.9027e-05 -0.0172152 0.0848848 -1.37632e-05 0.000157867 -3.36382e-06 -1.37632e-05 0.00937085 -0.0172935 -1.9027e-05 0.000157867 -0.0172935 0.0855272 
0.00940086 -0.0171833 -1.63999e-05 -3.49533e-05 -0.0171833 0.0847649 -3.12041e-05 0.000188046 -1.63999e-05 -3.12041e-05 0.00935045 -0.0172582 -3.49533e-05 0.000188046 -0.0172582 0.0853985 
0.00938899 -0.0171435 -4.29425e-05 -1.92663e-05 -0.0171435 0.0845594 -2.04855e-05 0.000185112 -4.29425e-05 -2.04855e-05 0.00932186 -0.0171986 -1.92663e-05 0.000185112 -0.0171986 0.0851438 
0.00940451 -0.0171642 -4.8823e-05 1.59468e-05 -0.0171642 0.0846239 1.21211e-05 0.000124269 -4.8823e-05 1.21211e-05 0.00932304 -0.017202 1.59468e-05 0.000124269 -0.017202 0.085162 
0.00944512 -0.0172254 -4.03485e-05 2.93277e-05 -0.0172254 0.0848888 2.37573e-05 7.00829e-05 -4.03485e-05 2.37573e-05 0.0093263 -0.0172441 2.93277e-05 7.00829e-05 -0.0172441 0.085377 
0.0094513 -0.0172249 -4.58891e-05 2.05097e-05 -0.0172249 0.0848378 1.58811e-05 6.06813e-05 -4.58891e-05 1.58811e-05 0.00930517 -0.0171981 2.05097e-05 6.06813e-05 -0.0171981 0.0852345 
0.00948842 -0.0172815 -4.75149e-05 2.37732e-05 -0.0172815 0.0850616 2.41891e-05 5.41528e-05 -4.75149e-05 2.41891e-05 0.0093198 -0.0172139 2.37732e-05 5.41528e-05 -0.0172139 0.0853423 
0.00951237 -0.0173662 -4.7658e-05 2.47442e-05 -0.0173662 0.0854248 2.69644e-05 4.71307e-05 -4.7658e-05 2.69644e-05 0.00935614 -0.0172711 2.47442e-05 4.71307e-05 -0.0172711 0.0856165 
0.00951952 -0.0173805 -4.72611e-05 2.00953e-05 -0.0173805 0.0855586 1.8574e-05 6.24962e-05 -4.72611e-05 1.8574e-05 0.00937027 -0.0172999 2.00953e-05 6.24962e-05 -0.0172999 0.0857351 
0.00953475 -0.0173892 -4.30624e-05 1.69393e-05 -0.0173892 0.0856364 1.15238e-05 8.58224e-05 -4.30624e-05 1.15238e-05 0.00939054 -0.017324 1.69393e-05 8.58224e-05 -0.017324 0.0858469 
0.00953189 -0.0173906 -6.62719e-05 7.84692e-06 -0.0173906 0.0856235 3.54766e-06 0.000114162 -6.62719e-05 3.54766e-06 0.00941763 -0.0173387 7.84692e-06 0.000114162 -0.0173387 0.085881 
0.00952158 -0.0173739 -6.25252e-05 3.09388e-05 -0.0173739 0.0855571 2.90802e-05 9.47038e-05 -6.25252e-05 2.90802e-05 0.0094315 -0.0173675 3.09388e-05 9.47038e-05 -0.0173675 0.0859168 
0.00952776 -0.0173706 -6.89041e-05 2.98148e-05 -0.0173706 0.0855422 2.82585e-05 7.87552e-05 -6.89041e-05 2.82585e-05 0.00943807 -0.0173912 2.98148e-05 7.87552e-05 -0.0173912 0.0859936 
0.00952352 -0.0173648 -4.93563e-05 3.54456e-05 -0.0173648 0.0854824 3.48733e-05 6.87768e-05 -4.93563e-05 3.48733e-05 0.00944658 -0.0173895 3.54456e-05 6.87768e-05 -0.0173895 0.0859814 
0.00951389 -0.0173203 -3.8898e-05 1.58656e-05 -0.0173203 0.0852507 1.63139e-05 8.72831e-05 -3.8898e-05 1.63139e-05 0.00942133 -0.0173598 1.58656e-05 8.72831e-05 -0.0173598 0.0857864 
0.00946616 -0.0172866 -3.44936e-05 1.17392e-06 -0.0172866 0.0850084 -1.11145e-06 0.000128119 -3.44936e-05 -1.11145e-06 0.00941537 -0.0173036 1.17392e-06 0.000128119 -0.0173036 0.0855204 
0.0094495 -0.0172428 -4.83593e-05 -3.56235e-06 -0.0172428 0.0848729 -9.89053e-06 0.000157559 -4.83593e-05 -9.89053e-06 0.00941316 -0.0173103 -3.56235e-06 0.000157559 -0.0173103 0.0854429 
0.00946509 -0.0172631 -5.24405e-05 1.27893e-05 -0.0172631 0.0849825 7.95086e-06 0.000141208 -5.24405e-05 7.95086e-06 0.00942472 -0.0173621 1.27893e-05 0.000141208 -0.0173621 0.0856569 
0.00953161 -0.0173675 -4.26126e-05 1.81274e-05 -0.0173675 0.0854844 2.31244e-05 0.000108687 -4.26126e-05 2.31244e-05 0.00944982 -0.0174642 1.81274e-05 0.000108687 -0.0174642 0.0862036 
0.00957832 -0.0174752 -4.09234e-05 4.74008e-06 -0.0174752 0.0859707 2.16061e-05 0.000100444 -4.09234e-05 2.16061e-05 0.00948099 -0.0175173 4.74008e-06 0.000100444 -0.0175173 0.086615 
0.00957639 -0.0174465 -4.67279e-05 7.25003e-07 -0.0174465 0.0858636 2.07893e-05 0.000102969 -4.67279e-05 2.07893e-05 0.0094634 -0.0174652 7.25003e-07 0.000102969 -0.0174652 0.0864236 
0.00960149 -0.0174788 -4.3674e-05 9.16437e-06 -0.0174788 0.0859847 2.23297e-05 9.7899e-05 -4.3674e-05 2.23297e-05 0.00947848 -0.0174798 9.16437e-06 9.7899e-05 -0.0174798 0.086491 
0.00961486 -0.0175097 -3.4903e-05 8.60262e-06 -0.0175097 0.0860966 1.10942e-05 0.000104718 -3.4903e-05 1.10942e-05 0.00950703 -0.0175067 8.60262e-06 0.000104718 -0.0175067 0.0865906 
0.00960715 -0.0175271 -3.03701e-05 -5.45791e-06 -0.0175271 0.0861814 -7.66751e-06 0.000143245 -3.03701e-05 -7.66751e-06 0.00954572 -0.0175446 -5.45791e-06 0.000143245 -0.0175446 0.0867059 
0.00962409 -0.0175136 -2.35627e-05 -1.66151e-05 -0.0175136 0.0861871 -1.92653e-05 0.000186129 -2.35627e-05 -1.92653e-05 0.00955255 -0.0175935 -1.66151e-05 0.000186129 -0.0175935 0.0868338 
0.00966012 -0.0175807 -1.66465e-05 -2.40548e-05 -0.0175807 0.0864544 -2.98205e-05 0.000218337 -1.66465e-05 -2.98205e-05 0.00957465 -0.0176588 -2.40548e-05 0.000218337 -0.0176588 0.0871754 
0.00967412 -0.0176224 3.48e-06 -3.05507e-05 -0.0176224 0.086643 -4.0758e-05 0.000246184 3.48e-06 -4.0758e-05 0.00958422 -0.0176864 -3.05507e-05 0.000246184 -0.0176864 0.0873698 
0.00972007 -0.0176601 1.14298e-06 -5.39077e-05 -0.0176601 0.0868548 -6.51363e-05 0.000294334 1.14298e-06 -6.51363e-05 0.00958309 -0.0177133 -5.39077e-05 0.000294334 -0.0177133 0.0875584 
0.00978486 -0.0177838 -1.01347e-05 -5.90284e-05 -0.0177838 0.087366 -7.08894e-05 0.000335438 -1.01347e-05 -7.08894e-05 0.00961692 -0.0177731 -5.90284e-05 0.000335438 -0.0177731 0.0879579 
0.00978188 -0.0178113 -6.66695e-06 -4.36509e-05 -0.0178113 0.087474 -5.33075e-05 0.000320931 -6.66695e-06 -5.33075e-05 0.00962957 -0.0177576 -4.36509e-05 0.000320931 -0.0177576 0.0879348 
0.00977036 -0.0177654 -1.35771e-05 -4.63833e-05 -0.0177654 0.0873058 -5.07861e-05 0.000304148 -1.35771e-05 -5.07861e-05 0.00961704 -0.0177234 -4.63833e-05 0.000304148 -0.0177234 0.087719 
0.00974565 -0.0177269 -3.05215e-05 -3.91049e-05 -0.0177269 0.0870894 -3.53243e-05 0.000280681 -3.05215e-05 -3.53243e-05 0.00959998 -0.01769 -3.91049e-05 0.000280681 -0.01769 0.0875108 
0.00970653 -0.0176371 -4.31659e-05 -1.90075e-05 -0.0176371 0.0866466 -8.01156e-06 0.000228835 -4.31659e-05 -8.01156e-06 0.00955865 -0.0176067 -1.90075e-05 0.000228835 -0.0176067 0.0870743 
0.00968765 -0.0176148 -5.60042e-05 -1.44432e-06 -0.0176148 0.0864916 8.35258e-06 0.000176292 -5.60042e-05 8.35258e-06 0.00954666 -0.0175831 -1.44432e-06 0.000176292 -0.0175831 0.0869245 
0.00965888 -0.0175944 -5.27371e-05 1.75461e-05 -0.0175944 0.0863955 2.14734e-05 0.000129945 -5.27371e-05 2.14734e-05 0.00955221 -0.0175732 1.75461e-05 0.000129945 -0.0175732 0.086846 
0.00965409 -0.0175884 -4.85993e-05 1.81309e-05 -0.0175884 0.0864344 1.57385e-05 0.000113544 -4.85993e-05 1.57385e-05 0.00956158 -0.0176095 1.81309e-05 0.000113544 -0.0176095 0.0869618 
0.00967812 -0.0176161 -4.83859e-05 1.39756e-05 -0.0176161 0.0866144 1.12597e-05 0.000116901 -4.83859e-05 1.12597e-05 0.00956347 -0.0176641 1.39756e-05 0.000116901 -0.0176641 0.0872359 
0.00970298 -0.0176692 -4.57705e-05 1.03519e-05 -0.0176692 0.0868603 1.22523e-05 0.000122967 -4.57705e-05 1.22523e-05 0.00958002 -0.0176876 1.03519e-05 0.000122967 -0.0176876 0.0874699 
0.00971326 -0.0176928 -5.69663e-05 7.17254e-06 -0.0176928 0.0869882 1.23447e-05 0.000123624 -5.69663e-05 1.23447e-05 0.00958976 -0.0176905 7.17254e-06 0.000123624 -0.0176905 0.0875361 
0.00971941 -0.0176791 -5.59381e-05 2.11906e-05 -0.0176791 0.0869397 2.67547e-05 0.00010044 -5.59381e-05 2.67547e-05 0.0095843 -0.0176765 2.11906e-05 0.00010044 -0.0176765 0.0874622 
0.00967503 -0.0176129 -6.77558e-05 1.87781e-05 -0.0176129 0.0865784 2.65371e-05 8.82931e-05 -6.77558e-05 2.65371e-05 0.00956645 -0.017606 1.87781e-05 8.82931e-05 -0.017606 0.0870991 
0.00967148 -0.0176468 -6.09433e-05 3.28282e-05 -0.0176468 0.086762 4.27762e-05 6.28746e-05 -6.09433e-05 4.27762e-05 0.00960237 -0.0176719 3.28282e-05 6.28746e-05 -0.0176719 0.0873324 
