0.00663498 0 5.33923e-05 0 0 0.0094865 0 0 5.33923e-05 0 0.0067318 0 0 0 0 0.0094865 
0.00963396 -0.0119604 6.06514e-05 -7.40991e-05 -0.0119604 0.0318213 -7.40991e-05 0.000141472 6.06514e-05 -7.40991e-05 0.00970551 -0.0120444 -7.40991e-05 0.000141472 -0.0120444 0.0319824 
0.00988472 -0.0184952 2.23569e-05 -4.69839e-05 -0.0184952 0.0682091 -4.69839e-05 0.000138187 2.23569e-05 -4.69839e-05 0.0099378 -0.0184094 -4.69839e-05 0.000138187 -0.0184094 0.0678855 
0.00931905 -0.018157 -4.20225e-06 4.5641e-05 -0.018157 0.0816441 3.82285e-05 -0.000227497 -4.20225e-06 3.82285e-05 0.00935019 -0.0178961 4.5641e-05 -0.000227497 -0.0178961 0.0800664 
0.00897631 -0.0169645 -6.28171e-06 7.98671e-05 -0.0169645 0.0822799 6.03861e-05 -0.000441638 -6.28171e-06 6.03861e-05 0.00904325 -0.0167244 7.98671e-05 -0.000441638 -0.0167244 0.080286 
0.00917136 -0.0169988 -7.15093e-07 7.02663e-05 -0.0169988 0.083995 4.48448e-05 -0.000424483 -7.15093e-07 4.48448e-05 0.00927642 -0.0168968 7.02663e-05 -0.000424483 -0.0168968 0.0824345 
0.00934069 -0.0172196 2.15747e-08 4.87864e-05 -0.0172196 0.0852609 2.57732e-05 -0.0003226 2.15747e-08 2.57732e-05 0.00946866 -0.0172178 4.87864e-05 -0.0003226 -0.0172178 0.0842888 
0.00955876 -0.0175566 8.1664e-06 3.58817e-05 -0.0175566 0.0869155 2.41696e-05 -0.000245305 8.1664e-06 2.41696e-05 0.00964507 -0.0175935 3.58817e-05 -0.000245305 -0.0175935 0.0863112 
0.00939507 -0.0172549 1.73938e-05 1.79326e-05 -0.0172549 0.0852914 1.66739e-05 -0.000184076 1.73938e-05 1.66739e-05 0.00944591 -0.01723 1.79326e-05 -0.000184076 -0.01723 0.0847517 
0.00974204 -0.0178478 2.0629e-05 5.58514e-06 -0.0178478 0.0881289 9.84098e-06 -0.000152397 2.0629e-05 9.84098e-06 0.00972056 -0.0177517 5.58514e-06 -0.000152397 -0.0177517 0.0874249 
0.00973111 -0.0178392 1.74309e-05 6.59621e-06 -0.0178392 0.087918 8.97771e-06 -0.00014204 1.74309e-05 8.97771e-06 0.0096591 -0.0176409 6.59621e-06 -0.00014204 -0.0176409 0.0869714 
0.00972305 -0.0178126 8.46892e-06 1.54206e-05 -0.0178126 0.087714 1.32769e-05 -0.000153461 8.46892e-06 1.32769e-05 0.0095987 -0.0175446 1.54206e-05 -0.000153461 -0.0175446 0.086539 
0.00971523 -0.0178236 6.99301e-06 3.25987e-05 -0.0178236 0.0876927 2.57089e-05 -0.000188784 6.99301e-06 2.57089e-05 0.00958345 -0.017492 3.25987e-05 -0.000188784 -0.017492 0.0863297 
0.00970845 -0.0178818 -5.70108e-06 4.01823e-05 -0.0178818 0.087972 3.13131e-05 -0.000223034 -5.70108e-06 3.13131e-05 0.00961248 -0.0175231 4.01823e-05 -0.000223034 -0.0175231 0.0864669 
0.00968 -0.0178812 -2.0993e-05 5.539e-05 -0.0178812 0.0881144 5.15044e-05 -0.000264587 -2.0993e-05 5.15044e-05 0.00967239 -0.017566 5.539e-05 -0.000264587 -0.017566 0.0866226 
0.00961764 -0.0177807 -7.47866e-06 6.44051e-05 -0.0177807 0.0878045 6.32508e-05 -0.000288667 -7.47866e-06 6.32508e-05 0.00969177 -0.0175808 6.44051e-05 -0.000288667 -0.0175808 0.0865185 
0.00957869 -0.0176867 8.9645e-06 4.72982e-05 -0.0176867 0.0874699 4.56626e-05 -0.000270975 8.9645e-06 4.56626e-05 0.00969736 -0.0176007 4.72982e-05 -0.000270975 -0.0176007 0.0864769 
0.00955033 -0.0175993 3.03701e-05 2.39858e-05 -0.0175993 0.087063 2.29904e-05 -0.000218806 3.03701e-05 2.29904e-05 0.00967823 -0.0175807 2.39858e-05 -0.000218806 -0.0175807 0.0863181 
0.00959479 -0.0176642 5.48494e-05 -6.64538e-06 -0.0176642 0.087328 -7.08594e-06 -0.000143443 5.48494e-05 -7.08594e-06 0.00970335 -0.0176623 -6.64538e-06 -0.000143443 -0.0176623 0.086705 
0.00956085 -0.0176564 5.06673e-05 -4.338e-05 -0.0176564 0.0872428 -3.77724e-05 -5.28271e-05 5.06673e-05 -3.77724e-05 0.00972157 -0.0176408 -4.338e-05 -5.28271e-05 -0.0176408 0.0866526 
0.009519 -0.0176006 2.43001e-05 -4.61184e-05 -0.0176006 0.0870601 -3.20895e-05 -1.19366e-05 2.43001e-05 -3.20895e-05 0.00972665 -0.017638 -4.61184e-05 -1.19366e-05 -0.017638 0.086546 
0.00949109 -0.0175327 3.84338e-06 -1.43901e-05 -0.0175327 0.0868063 1.79829e-06 -5.32387e-05 3.84338e-06 1.79829e-06 0.00970921 -0.0176271 -1.43901e-05 -5.32387e-05 -0.0176271 0.0864261 
0.00954447 -0.0176099 9.49709e-06 1.2687e-05 -0.0176099 0.087197 2.50388e-05 -0.00011499 9.49709e-06 2.50388e-05 0.00973009 -0.0177255 1.2687e-05 -0.00011499 -0.0177255 0.0869141 
0.00962059 -0.0176736 3.03841e-05 9.61086e-06 -0.0176736 0.0874743 1.51275e-05 -0.00012967 3.03841e-05 1.51275e-05 0.00970259 -0.0177465 9.61086e-06 -0.00012967 -0.0177465 0.0871545 
0.00963584 -0.0177155 3.77823e-05 -1.61806e-05 -0.0177155 0.0874929 -1.5281e-05 -8.11878e-05 3.77823e-05 -1.5281e-05 0.00966847 -0.0176518 -1.61806e-05 -8.11878e-05 -0.0176518 0.0869215 
0.00963419 -0.0177057 3.11869e-05 -2.6818e-05 -0.0177057 0.0873943 -2.5325e-05 -3.6902e-05 3.11869e-05 -2.5325e-05 0.00963364 -0.0175772 -2.6818e-05 -3.6902e-05 -0.0175772 0.0865955 
0.00964746 -0.0177474 1.63855e-05 -2.35927e-05 -0.0177474 0.0875486 -1.48391e-05 -3.12495e-05 1.63855e-05 -1.48391e-05 0.00964288 -0.0175743 -2.35927e-05 -3.12495e-05 -0.0175743 0.0865945 
0.00963009 -0.0177503 -3.06205e-06 -6.57274e-06 -0.0177503 0.0875613 7.43877e-06 -6.42258e-05 -3.06205e-06 7.43877e-06 0.00964831 -0.0175627 -6.57274e-06 -6.42258e-05 -0.0175627 0.0865152 
0.00961256 -0.0177255 -6.25345e-06 1.85637e-05 -0.0177255 0.0875028 3.04326e-05 -0.000116584 -6.25345e-06 3.04326e-05 0.00964762 -0.0175574 1.85637e-05 -0.000116584 -0.0175574 0.0864411 
0.00959977 -0.0177336 -9.54137e-06 2.96541e-05 -0.0177336 0.0875873 3.6916e-05 -0.000158038 -9.54137e-06 3.6916e-05 0.00967347 -0.0175892 2.96541e-05 -0.000158038 -0.0175892 0.0865625 
0.00958942 -0.017691 -1.51918e-05 3.21129e-05 -0.017691 0.0874798 3.33017e-05 -0.000164936 -1.51918e-05 3.33017e-05 0.00966782 -0.0176037 3.21129e-05 -0.000164936 -0.0176037 0.0865724 
0.00957942 -0.0176848 -9.95464e-06 3.83138e-05 -0.0176848 0.0874441 3.69727e-05 -0.000170268 -9.95464e-06 3.69727e-05 0.00968263 -0.0176057 3.83138e-05 -0.000170268 -0.0176057 0.0866096 
0.00957273 -0.0176472 -6.34149e-06 2.70624e-05 -0.0176472 0.0872814 2.85175e-05 -0.000152673 -6.34149e-06 2.85175e-05 0.00967288 -0.0175902 2.70624e-05 -0.000152673 -0.0175902 0.0864935 
0.00957691 -0.0176664 -6.32482e-06 1.54483e-05 -0.0176664 0.0873343 2.39876e-05 -0.000123711 -6.32482e-06 2.39876e-05 0.00968264 -0.0176097 1.54483e-05 -0.000123711 -0.0176097 0.0865731 
0.00958504 -0.0176963 6.05621e-06 8.49806e-06 -0.0176963 0.0874969 2.66891e-05 -0.000105026 6.05621e-06 2.66891e-05 0.00970583 -0.0176522 8.49806e-06 -0.000105026 -0.0176522 0.0867674 
0.00957953 -0.0177102 1.59931e-05 -7.68646e-06 -0.0177102 0.0876088 1.17851e-05 -7.36508e-05 1.59931e-05 1.17851e-05 0.00973908 -0.0176871 -7.68646e-06 -7.36508e-05 -0.0176871 0.0869294 
0.00956231 -0.0176647 2.33294e-05 -1.734e-05 -0.0176647 0.0874529 -6.81541e-06 -3.34183e-05 2.33294e-05 -6.81541e-06 0.00974584 -0.0176833 -1.734e-05 -3.34183e-05 -0.0176833 0.0868558 
0.00950099 -0.0176023 1.43724e-05 -2.07341e-05 -0.0176023 0.0871432 -2.07581e-05 -3.84578e-06 1.43724e-05 -2.07581e-05 0.00976999 -0.0176478 -2.07341e-05 -3.84578e-06 -0.0176478 0.0866243 
0.0094836 -0.0174993 1.96326e-05 -7.53559e-06 -0.0174993 0.0867544 -1.22056e-05 -1.00271e-05 1.96326e-05 -1.22056e-05 0.00973172 -0.0176544 -7.53559e-06 -1.00271e-05 -0.0176544 0.0864384 
0.00953759 -0.0175423 1.62946e-05 -1.01691e-05 -0.0175423 0.086858 -1.65705e-05 -1.60779e-05 1.62946e-05 -1.65705e-05 0.00969795 -0.0176777 -1.01691e-05 -1.60779e-05 -0.0176777 0.0866166 
0.00959041 -0.0176261 2.71944e-05 -1.97143e-07 -0.0176261 0.0870966 -1.39145e-05 -2.89009e-05 2.71944e-05 -1.39145e-05 0.00965863 -0.0176503 -1.97143e-07 -2.89009e-05 -0.0176503 0.0866869 
0.0096142 -0.0177178 3.29137e-05 -8.2327e-06 -0.0177178 0.0874348 -3.10954e-05 -1.82832e-05 3.29137e-05 -3.10954e-05 0.00966407 -0.0176202 -8.2327e-06 -1.82832e-05 -0.0176202 0.0867355 
0.00958936 -0.0177268 7.22027e-06 -1.41737e-05 -0.0177268 0.0875272 -3.59244e-05 -4.6634e-06 7.22027e-06 -3.59244e-05 0.00967931 -0.0175982 -1.41737e-05 -4.6634e-06 -0.0175982 0.0866459 
0.00957658 -0.0176878 -3.76071e-06 1.11496e-05 -0.0176878 0.0874749 -2.76329e-06 -4.1304e-05 -3.76071e-06 -2.76329e-06 0.00967521 -0.0176106 1.11496e-05 -4.1304e-05 -0.0176106 0.086619 
0.00954418 -0.0176166 -2.32321e-05 2.38747e-05 -0.0176166 0.0871618 1.50089e-05 -8.83105e-05 -2.32321e-05 1.50089e-05 0.00963964 -0.0175608 2.38747e-05 -8.83105e-05 -0.0175608 0.0863818 
0.00951289 -0.0175896 -5.39024e-05 4.74656e-05 -0.0175896 0.0870321 4.58258e-05 -0.000152207 -5.39024e-05 4.58258e-05 0.00964615 -0.0175358 4.74656e-05 -0.000152207 -0.0175358 0.0862917 
0.00949514 -0.0175 -4.90513e-05 8.15342e-05 -0.0175 0.0866603 8.85301e-05 -0.000239751 -4.90513e-05 8.85301e-05 0.00960463 -0.0174888 8.15342e-05 -0.000239751 -0.0174888 0.0859946 
0.0094851 -0.0174631 -1.99086e-05 7.5178e-05 -0.0174631 0.0863916 8.42646e-05 -0.000271953 -1.99086e-05 8.42646e-05 0.00957092 -0.017434 7.5178e-05 -0.000271953 -0.017434 0.0857529 
0.00949128 -0.0174782 -1.32367e-06 3.94279e-05 -0.0174782 0.0863814 4.74783e-05 -0.000220206 -1.32367e-06 4.74783e-05 0.00954906 -0.0174142 3.94279e-05 -0.000220206 -0.0174142 0.0856802 
0.00947466 -0.0174784 3.91205e-07 1.68408e-05 -0.0174784 0.0863525 2.06188e-05 -0.000150904 3.91205e-07 2.06188e-05 0.00954378 -0.0173846 1.68408e-05 -0.000150904 -0.0173846 0.0855822 
0.00943482 -0.0174279 -8.04482e-06 1.43851e-05 -0.0174279 0.0861528 1.33049e-05 -0.000112861 -8.04482e-06 1.33049e-05 0.00953307 -0.0173482 1.43851e-05 -0.000112861 -0.0173482 0.0853774 
0.00939765 -0.0173784 -7.76937e-06 2.73122e-05 -0.0173784 0.0859854 2.51231e-05 -0.000123227 -7.76937e-06 2.51231e-05 0.00954533 -0.0173435 2.73122e-05 -0.000123227 -0.0173435 0.0852985 
0.00938526 -0.0173464 4.08844e-06 3.00352e-05 -0.0173464 0.0859147 2.49889e-05 -0.00013596 4.08844e-06 2.49889e-05 0.00956283 -0.0173847 3.00352e-05 -0.00013596 -0.0173847 0.0853995 
0.00936517 -0.0173042 2.69418e-06 1.77188e-05 -0.0173042 0.0857288 8.06898e-06 -0.000117666 2.69418e-06 8.06898e-06 0.00957093 -0.017386 1.77188e-05 -0.000117666 -0.017386 0.0853722 
0.0094323 -0.0173726 7.66351e-07 1.8978e-05 -0.0173726 0.0860675 8.38774e-06 -0.000106944 7.66351e-07 8.38774e-06 0.0095895 -0.0174906 1.8978e-05 -0.000106944 -0.0174906 0.0858306 
0.00950785 -0.0174946 5.88055e-06 2.17771e-05 -0.0174946 0.0865449 1.55773e-05 -0.000117494 5.88055e-06 1.55773e-05 0.00958112 -0.017549 2.17771e-05 -0.000117494 -0.017549 0.0862517 
0.00953856 -0.0175835 1.16158e-05 1.72214e-05 -0.0175835 0.0868919 1.23215e-05 -0.000118063 1.16158e-05 1.23215e-05 0.00958436 -0.0175266 1.72214e-05 -0.000118063 -0.0175266 0.0863733 
0.00953659 -0.0175705 9.79476e-06 1.22528e-05 -0.0175705 0.0868673 6.18152e-06 -0.000111005 9.79476e-06 6.18152e-06 0.00956707 -0.0174803 1.22528e-05 -0.000111005 -0.0174803 0.0861937 
0.00948916 -0.0174987 2.13023e-05 1.2627e-05 -0.0174987 0.0865074 9.39395e-06 -0.000111127 2.13023e-05 9.39395e-06 0.00954776 -0.0173882 1.2627e-05 -0.000111127 -0.0173882 0.085753 
0.00944102 -0.0174476 1.73064e-05 -1.60621e-06 -0.0174476 0.0862824 -4.57404e-08 -9.77005e-05 1.73064e-05 -4.57404e-08 0.00957042 -0.0173685 -1.60621e-06 -9.77005e-05 -0.0173685 0.0855433 
0.00941812 -0.0173602 3.06115e-05 3.53501e-06 -0.0173602 0.0859528 5.25814e-06 -9.93247e-05 3.06115e-05 5.25814e-06 0.00955402 -0.0173792 3.53501e-06 -9.93247e-05 -0.0173792 0.0853969 
0.00941228 -0.0173515 2.92987e-05 -1.07535e-05 -0.0173515 0.0858449 -1.36988e-05 -7.78474e-05 2.92987e-05 -1.36988e-05 0.00954888 -0.0173793 -1.07535e-05 -7.78474e-05 -0.0173793 0.0853932 
0.00942864 -0.0173625 2.53541e-05 -1.21764e-05 -0.0173625 0.0858704 -1.60911e-05 -5.85569e-05 2.53541e-05 -1.60911e-05 0.00953961 -0.0173862 -1.21764e-05 -5.85569e-05 -0.0173862 0.085434 
0.00946213 -0.017399 2.41546e-05 -6.51583e-06 -0.017399 0.0859886 -1.01654e-05 -6.30337e-05 2.41546e-05 -1.01654e-05 0.00952369 -0.0173878 -6.51583e-06 -6.30337e-05 -0.0173878 0.0854939 
0.00951338 -0.017514 3.44028e-05 -9.89304e-07 -0.017514 0.0864685 -3.385e-06 -8.28215e-05 3.44028e-05 -3.385e-06 0.00956011 -0.01744 -9.89304e-07 -8.28215e-05 -0.01744 0.0858406 
0.00955221 -0.0175744 3.14234e-05 -1.34337e-05 -0.0175744 0.0867644 -1.4889e-05 -7.4262e-05 3.14234e-05 -1.4889e-05 0.00956936 -0.0174736 -1.34337e-05 -7.4262e-05 -0.0174736 0.0860228 
0.00956509 -0.0176205 2.8115e-05 -1.09499e-05 -0.0176205 0.0869551 -1.22552e-05 -7.16801e-05 2.8115e-05 -1.22552e-05 0.00958232 -0.017479 -1.09499e-05 -7.16801e-05 -0.017479 0.0861053 
0.00961398 -0.0176694 4.48894e-05 -3.95755e-06 -0.0176694 0.0872252 -5.82874e-06 -8.64618e-05 4.48894e-05 -5.82874e-06 0.00957742 -0.0175208 -3.95755e-06 -8.64618e-05 -0.0175208 0.0863075 
0.00961009 -0.0176497 4.29974e-05 -2.33284e-05 -0.0176497 0.0870522 -2.27689e-05 -6.79882e-05 4.29974e-05 -2.27689e-05 0.00953917 -0.0174383 -2.33284e-05 -6.79882e-05 -0.0174383 0.0860192 
0.00956517 -0.0176681 3.14855e-05 -2.05391e-05 -0.0176681 0.0870871 -2.21325e-05 -5.75342e-05 3.14855e-05 -2.21325e-05 0.00957323 -0.0174138 -2.05391e-05 -5.75342e-05 -0.0174138 0.0859263 
0.00951721 -0.01762 1.84552e-05 -5.71383e-06 -0.01762 0.0870505 -9.34626e-06 -7.86805e-05 1.84552e-05 -9.34626e-06 0.00962115 -0.0174625 -5.71383e-06 -7.86805e-05 -0.0174625 0.0859877 
0.00949895 -0.0175725 -1.85563e-06 1.00709e-05 -0.0175725 0.0869996 8.55781e-06 -0.000118075 -1.85563e-06 8.55781e-06 0.00965846 -0.017542 1.00709e-05 -0.000118075 -0.017542 0.0862116 
0.00951362 -0.017596 -6.61401e-06 2.83547e-05 -0.017596 0.0871819 3.0914e-05 -0.000159844 -6.61401e-06 3.0914e-05 0.00969991 -0.017642 2.83547e-05 -0.000159844 -0.017642 0.086644 
0.0095095 -0.0175697 5.25318e-06 3.68479e-05 -0.0175697 0.0871031 4.08022e-05 -0.000196005 5.25318e-06 4.08022e-05 0.00970708 -0.0176616 3.68479e-05 -0.000196005 -0.0176616 0.0867494 
0.00950345 -0.017538 1.81837e-06 2.65028e-05 -0.017538 0.0869471 2.38828e-05 -0.000187879 1.81837e-06 2.38828e-05 0.00970399 -0.0176529 2.65028e-05 -0.000187879 -0.0176529 0.0867103 
0.00950214 -0.0174892 -1.12403e-06 2.68037e-05 -0.0174892 0.0866663 1.98506e-05 -0.000167901 -1.12403e-06 1.98506e-05 0.00965938 -0.0176077 2.68037e-05 -0.000167901 -0.0176077 0.0864812 
0.00951944 -0.0175076 -5.88227e-07 3.22912e-05 -0.0175076 0.0866274 2.79249e-05 -0.000176266 -5.88227e-07 2.79249e-05 0.0096159 -0.0175664 3.22912e-05 -0.000176266 -0.0175664 0.0863605 
0.00953337 -0.0175694 4.29926e-06 2.56866e-05 -0.0175694 0.0868219 2.9133e-05 -0.000173919 4.29926e-06 2.9133e-05 0.00960091 -0.0175337 2.56866e-05 -0.000173919 -0.0175337 0.0863386 
0.00949992 -0.0175279 5.0332e-06 1.49105e-05 -0.0175279 0.0866378 2.46061e-05 -0.000157603 5.0332e-06 2.46061e-05 0.00956621 -0.017448 1.49105e-05 -0.000157603 -0.017448 0.0859784 
0.00943783 -0.0174433 2.23146e-06 1.26328e-05 -0.0174433 0.0862723 2.68608e-05 -0.000150459 2.23146e-06 2.68608e-05 0.0095476 -0.0173636 1.26328e-05 -0.000150459 -0.0173636 0.0855503 
0.00940043 -0.01737 9.7267e-06 1.48972e-05 -0.01737 0.0860087 3.09712e-05 -0.000152584 9.7267e-06 3.09712e-05 0.00954667 -0.0173561 1.48972e-05 -0.000152584 -0.0173561 0.0853888 
0.00939408 -0.0173698 2.22179e-05 9.10927e-06 -0.0173698 0.0860474 1.9094e-05 -0.000141944 2.22179e-05 1.9094e-05 0.00956939 -0.0174103 9.10927e-06 -0.000141944 -0.0174103 0.0855789 
0.00936584 -0.0172879 2.41577e-05 -7.92023e-07 -0.0172879 0.0856992 -2.46779e-06 -0.000109675 2.41577e-05 -2.46779e-06 0.00953453 -0.017373 -7.92023e-07 -0.000109675 -0.017373 0.0853747 
0.00936501 -0.0172622 2.05112e-05 1.62332e-06 -0.0172622 0.0855356 -1.0123e-05 -9.03911e-05 2.05112e-05 -1.0123e-05 0.00949658 -0.0173428 1.62332e-06 -9.03911e-05 -0.0173428 0.085269 
0.00939757 -0.0172793 1.84492e-05 9.01179e-06 -0.0172793 0.0855573 -8.38293e-06 -9.29384e-05 1.84492e-05 -8.38293e-06 0.00946224 -0.0173204 9.01179e-06 -9.29384e-05 -0.0173204 0.0852523 
0.00943898 -0.0173425 1.31499e-05 1.3115e-05 -0.0173425 0.0857366 -6.86994e-06 -9.91904e-05 1.31499e-05 -6.86994e-06 0.00944289 -0.0172931 1.3115e-05 -9.91904e-05 -0.0172931 0.0852587 
0.00941117 -0.0173119 7.26328e-06 1.80936e-05 -0.0173119 0.085491 2.26199e-06 -0.000113438 7.26328e-06 2.26199e-06 0.00939564 -0.0171825 1.80936e-05 -0.000113438 -0.0171825 0.0848016 
0.00936068 -0.0172425 5.50088e-06 2.17171e-05 -0.0172425 0.0851419 1.56574e-05 -0.00013572 5.50088e-06 1.56574e-05 0.00936003 -0.0170868 2.17171e-05 -0.00013572 -0.0170868 0.0843257 
0.00970064 -0.0178787 1.5792e-05 2.33769e-05 -0.0178787 0.0883323 2.51939e-05 -0.000162545 1.5792e-05 2.51939e-05 0.00972513 -0.0177446 2.33769e-05 -0.000162545 -0.0177446 0.0874918 
0.00966922 -0.0178318 2.22972e-05 7.75437e-06 -0.0178318 0.0881361 1.22126e-05 -0.000146364 2.22972e-05 1.22126e-05 0.00972221 -0.0177335 7.75437e-06 -0.000146364 -0.0177335 0.0873746 
0.00962464 -0.0177772 3.43446e-05 -2.54236e-06 -0.0177772 0.0879008 3.43422e-06 -0.000118792 3.43446e-05 3.43422e-06 0.0097109 -0.0177145 -2.54236e-06 -0.000118792 -0.0177145 0.0872347 
0.00957875 -0.0177502 3.62381e-05 -1.77401e-05 -0.0177502 0.0878454 -9.76905e-06 -8.69859e-05 3.62381e-05 -9.76905e-06 0.00974035 -0.017733 -1.77401e-05 -8.69859e-05 -0.017733 0.0872975 
0.00958758 -0.0177339 2.96826e-05 -2.37669e-05 -0.0177339 0.0879398 -1.60328e-05 -5.8671e-05 2.96826e-05 -1.60328e-05 0.00975779 -0.0178181 -2.37669e-05 -5.8671e-05 -0.0178181 0.0876122 
0.00961636 -0.0177497 2.29766e-05 -1.88379e-05 -0.0177497 0.0880418 -1.28213e-05 -4.87592e-05 2.29766e-05 -1.28213e-05 0.00976098 -0.0178597 -1.88379e-05 -4.87592e-05 -0.0178597 0.0878774 
0.00962873 -0.0177664 1.48977e-05 -5.7457e-06 -0.0177664 0.0880662 -2.62234e-06 -6.67733e-05 1.48977e-05 -2.62234e-06 0.00975513 -0.0178427 -5.7457e-06 -6.67733e-05 -0.0178427 0.0879014 
0.00963212 -0.0177643 2.43655e-05 2.33447e-06 -0.0177643 0.0880087 8.27407e-06 -8.98852e-05 2.43655e-05 8.27407e-06 0.00974049 -0.0178026 2.33447e-06 -8.98852e-05 -0.0178026 0.0877553 
0.00962447 -0.0177753 1.63037e-05 -8.357e-06 -0.0177753 0.088016 2.64348e-06 -9.18523e-05 1.63037e-05 2.64348e-06 0.00974003 -0.0177832 -8.357e-06 -9.18523e-05 -0.0177832 0.0876664 
0.00962454 -0.017758 -7.56361e-06 -1.33497e-06 -0.017758 0.0879683 7.04217e-06 -9.15851e-05 -7.56361e-06 7.04217e-06 0.00972521 -0.0177783 -1.33497e-06 -9.15851e-05 -0.0177783 0.0876026 
0.00960815 -0.0177057 -3.82213e-05 3.1466e-05 -0.0177057 0.0876981 3.20495e-05 -0.000137186 -3.82213e-05 3.20495e-05 0.00968671 -0.0177218 3.1466e-05 -0.000137186 -0.0177218 0.0873453 
0.00961363 -0.0177606 -4.49172e-05 6.91177e-05 -0.0177606 0.0878972 6.7695e-05 -0.000214204 -4.49172e-05 6.7695e-05 0.00970585 -0.0177346 6.91177e-05 -0.000214204 -0.0177346 0.0874636 
0.00962059 -0.01776 -1.66682e-05 8.00759e-05 -0.01776 0.0879595 7.95886e-05 -0.000270699 -1.66682e-05 7.95886e-05 0.00969442 -0.0177459 8.00759e-05 -0.000270699 -0.0177459 0.087495 
0.00961081 -0.0177635 -1.75986e-07 4.64642e-05 -0.0177635 0.0879778 4.36279e-05 -0.0002348 -1.75986e-07 4.36279e-05 0.00970452 -0.0177307 4.64642e-05 -0.0002348 -0.0177307 0.0874868 
0.00962867 -0.0177811 2.0521e-05 1.99154e-05 -0.0177811 0.0881233 1.12885e-05 -0.000153275 2.0521e-05 1.12885e-05 0.00971758 -0.0177745 1.99154e-05 -0.000153275 -0.0177745 0.0876565 
0.00926862 -0.0170854 2.22765e-05 6.14442e-07 -0.0170854 0.0846827 -1.15453e-05 -8.79598e-05 2.22765e-05 -1.15453e-05 0.00932831 -0.0170866 6.14442e-07 -8.79598e-05 -0.0170866 0.084282 
0.00929306 -0.0171302 2.74628e-05 -8.12945e-08 -0.0171302 0.0848494 -1.51678e-05 -6.24917e-05 2.74628e-05 -1.51678e-05 0.00933477 -0.017105 -8.12945e-08 -6.24917e-05 -0.017105 0.0844334 
0.00929191 -0.0170922 4.33766e-05 -1.05685e-06 -0.0170922 0.0846407 -1.5158e-05 -6.46065e-05 4.33766e-05 -1.5158e-05 0.00929963 -0.0170446 -1.05685e-06 -6.46065e-05 -0.0170446 0.0841787 
0.00966797 -0.017827 6.1738e-05 -1.99468e-05 -0.017827 0.0881725 -3.02295e-05 -4.84996e-05 6.1738e-05 -3.02295e-05 0.00970894 -0.0177241 -1.99468e-05 -4.84996e-05 -0.0177241 0.0875811 
0.00963964 -0.0178248 5.6957e-05 -4.51275e-05 -0.0178248 0.0882049 -4.78025e-05 -6.65168e-06 5.6957e-05 -4.78025e-05 0.00975085 -0.0177606 -4.51275e-05 -6.65168e-06 -0.0177606 0.0876186 
0.00923881 -0.0170638 3.81972e-05 -4.35825e-05 -0.0170638 0.0845655 -3.95091e-05 9.14777e-06 3.81972e-05 -3.95091e-05 0.00936989 -0.0170947 -4.35825e-05 9.14777e-06 -0.0170947 0.0841766 
0.00923761 -0.0170782 1.1086e-05 -2.54631e-05 -0.0170782 0.0846563 -1.8431e-05 -1.79442e-05 1.1086e-05 -1.8431e-05 0.00940965 -0.0171531 -2.54631e-05 -1.79442e-05 -0.0171531 0.0844382 
0.0092631 -0.0171136 1.87542e-05 1.14329e-05 -0.0171136 0.0848771 1.86861e-05 -9.60552e-05 1.87542e-05 1.86861e-05 0.00943561 -0.0172312 1.14329e-05 -9.60552e-05 -0.0172312 0.0847758 
0.00930739 -0.0171763 3.48811e-05 7.65126e-06 -0.0171763 0.08518 1.17293e-05 -0.000129161 3.48811e-05 1.17293e-05 0.00945642 -0.01729 7.65126e-06 -0.000129161 -0.01729 0.085111 
0.00931316 -0.0171801 4.40588e-05 -4.39555e-06 -0.0171801 0.0851554 -7.61312e-06 -0.000115866 4.40588e-05 -7.61312e-06 0.00944264 -0.0172585 -4.39555e-06 -0.000115866 -0.0172585 0.0850298 
0.00932137 -0.0171851 4.73171e-05 -1.71518e-05 -0.0171851 0.0851586 -2.54747e-05 -7.84836e-05 4.73171e-05 -2.54747e-05 0.00944147 -0.0172464 -1.71518e-05 -7.84836e-05 -0.0172464 0.0849844 
0.00931858 -0.0171804 3.24511e-05 -2.01916e-05 -0.0171804 0.0851027 -2.98109e-05 -5.86519e-05 3.24511e-05 -2.98109e-05 0.00943955 -0.017231 -2.01916e-05 -5.86519e-05 -0.017231 0.0848959 
0.00935296 -0.0172481 2.19591e-05 -2.80646e-06 -0.0172481 0.0854192 -1.03847e-05 -8.17069e-05 2.19591e-05 -1.03847e-05 0.00947181 -0.0172983 -2.80646e-06 -8.17069e-05 -0.0172983 0.0851987 
0.00938499 -0.017287 1.7458e-05 1.18569e-05 -0.017287 0.0856134 5.66743e-06 -0.000123401 1.7458e-05 5.66743e-06 0.00948508 -0.017336 1.18569e-05 -0.000123401 -0.017336 0.0853878 
0.0093964 -0.0172792 1.75043e-05 1.63381e-05 -0.0172792 0.0855362 1.19271e-05 -0.000149668 1.75043e-05 1.19271e-05 0.00945125 -0.0173101 1.63381e-05 -0.000149668 -0.0173101 0.0852888 
0.00938508 -0.0172758 3.25217e-05 1.46204e-05 -0.0172758 0.0854286 1.25548e-05 -0.000157782 3.25217e-05 1.25548e-05 0.0094277 -0.0172422 1.46204e-05 -0.000157782 -0.0172422 0.0850578 
0.00933941 -0.0172287 3.75348e-05 -7.36786e-06 -0.0172287 0.0851728 -7.5267e-06 -0.000122615 3.75348e-05 -7.5267e-06 0.00940853 -0.0171592 -7.36786e-06 -0.000122615 -0.0171592 0.0846585 
0.00934872 -0.017217 3.91305e-05 -2.05218e-05 -0.017217 0.0851785 -1.45355e-05 -8.44894e-05 3.91305e-05 -1.45355e-05 0.00939012 -0.0171774 -2.05218e-05 -8.44894e-05 -0.0171774 0.0846476 
0.00937396 -0.0172362 3.54657e-05 -2.22267e-05 -0.0172362 0.085227 -1.30372e-05 -7.16793e-05 3.54657e-05 -1.30372e-05 0.00937775 -0.0171624 -2.22267e-05 -7.16793e-05 -0.0171624 0.0846465 
0.00940092 -0.0173036 1.1368e-05 -1.11093e-05 -0.0173036 0.0854756 -2.87688e-06 -9.16036e-05 1.1368e-05 -2.87688e-06 0.00939249 -0.0171814 -1.11093e-05 -9.16036e-05 -0.0171814 0.0847863 
0.00944063 -0.0173553 -2.70138e-06 1.9265e-05 -0.0173553 0.0857336 2.70566e-05 -0.000149792 -2.70138e-06 2.70566e-05 0.00940409 -0.0172211 1.9265e-05 -0.000149792 -0.0172211 0.0849805 
0.00949567 -0.0174789 8.37335e-06 3.7121e-05 -0.0174789 0.0862854 4.35512e-05 -0.000205158 8.37335e-06 4.35512e-05 0.00944819 -0.0173015 3.7121e-05 -0.000205158 -0.0173015 0.0854328 
0.00949044 -0.0174983 1.1429e-05 2.61055e-05 -0.0174983 0.0864075 2.86041e-05 -0.000205893 1.1429e-05 2.86041e-05 0.00946807 -0.0173067 2.61055e-05 -0.000205893 -0.0173067 0.0854863 
0.00943136 -0.0173919 1.75325e-05 1.88536e-05 -0.0173919 0.0859528 2.0245e-05 -0.000182056 1.75325e-05 2.0245e-05 0.00945586 -0.0172257 1.88536e-05 -0.000182056 -0.0172257 0.0850425 
0.00941734 -0.0173572 1.30479e-05 1.12296e-05 -0.0173572 0.0858228 1.16617e-05 -0.000158988 1.30479e-05 1.16617e-05 0.00947567 -0.0172523 1.12296e-05 -0.000158988 -0.0172523 0.0850196 
0.00942823 -0.0173753 1.47597e-05 1.8896e-05 -0.0173753 0.0859146 1.501e-05 -0.000158467 1.47597e-05 1.501e-05 0.00949494 -0.0173179 1.8896e-05 -0.000158467 -0.0173179 0.0852423 
0.00940971 -0.0174328 2.38116e-06 1.58767e-05 -0.0174328 0.086193 1.06979e-05 -0.000153303 2.38116e-06 1.06979e-05 0.0095751 -0.0173851 1.58767e-05 -0.000153303 -0.0173851 0.0855883 
0.00937009 -0.0173645 8.03543e-06 2.60762e-05 -0.0173645 0.0860582 2.40153e-05 -0.000163095 8.03543e-06 2.40153e-05 0.00961317 -0.0174325 2.60762e-05 -0.000163095 -0.0174325 0.085645 
0.00935691 -0.0173071 9.48631e-06 2.14124e-05 -0.0173071 0.0858941 2.51433e-05 -0.000174651 9.48631e-06 2.51433e-05 0.0096221 -0.0174896 2.14124e-05 -0.000174651 -0.0174896 0.0857792 
0.00934893 -0.0172775 4.02181e-06 1.40496e-05 -0.0172775 0.0857418 2.45963e-05 -0.000166158 4.02181e-06 2.45963e-05 0.00961644 -0.0174941 1.40496e-05 -0.000166158 -0.0174941 0.0858115 
0.00937741 -0.0172818 1.15442e-05 1.6889e-05 -0.0172818 0.0857329 3.02764e-05 -0.000166629 1.15442e-05 3.02764e-05 0.00958664 -0.0174955 1.6889e-05 -0.000166629 -0.0174955 0.0858494 
0.00940243 -0.0173675 1.17282e-05 1.02811e-05 -0.0173675 0.0860271 1.92629e-05 -0.000155752 1.17282e-05 1.92629e-05 0.00960485 -0.0175009 1.02811e-05 -0.000155752 -0.0175009 0.0860179 
0.00943731 -0.0174501 -7.16898e-06 1.65529e-05 -0.0174501 0.0864632 1.73317e-05 -0.00015637 -7.16898e-06 1.73317e-05 0.00964371 -0.0175648 1.65529e-05 -0.00015637 -0.0175648 0.0863416 
0.00945427 -0.0174485 -9.54473e-06 4.45928e-05 -0.0174485 0.0865183 3.58816e-05 -0.00019317 -9.54473e-06 3.58816e-05 0.00964007 -0.0175789 4.45928e-05 -0.00019317 -0.0175789 0.0864 
0.00946643 -0.0174593 2.56254e-06 5.18037e-05 -0.0174593 0.0865314 4.14987e-05 -0.000227173 2.56254e-06 4.14987e-05 0.00963464 -0.0175684 5.18037e-05 -0.000227173 -0.0175684 0.0863971 
0.0094654 -0.0174527 8.12156e-06 3.70228e-05 -0.0174527 0.086453 3.02762e-05 -0.000220418 8.12156e-06 3.02762e-05 0.00962235 -0.0175334 3.70228e-05 -0.000220418 -0.0175334 0.0862559 
0.00945784 -0.0174061 1.57825e-05 1.95598e-05 -0.0174061 0.0861906 1.79949e-05 -0.000180267 1.57825e-05 1.79949e-05 0.00956954 -0.0174709 1.95598e-05 -0.000180267 -0.0174709 0.0859401 
0.00943708 -0.0173784 3.21064e-05 6.1389e-06 -0.0173784 0.0859624 9.83126e-06 -0.000145457 3.21064e-05 9.83126e-06 0.00952609 -0.0173874 6.1389e-06 -0.000145457 -0.0173874 0.0856033 
0.00940795 -0.0173254 3.38529e-05 -2.00763e-05 -0.0173254 0.0856748 -1.03323e-05 -9.043e-05 3.38529e-05 -1.03323e-05 0.00948382 -0.0173017 -2.00763e-05 -9.043e-05 -0.0173017 0.0852099 
0.00937748 -0.0172991 2.94238e-05 -2.38226e-05 -0.0172991 0.0855308 -1.50989e-05 -5.63668e-05 2.94238e-05 -1.50989e-05 0.00946422 -0.0172615 -2.38226e-05 -5.63668e-05 -0.0172615 0.0850035 
0.00935319 -0.0172704 2.6127e-05 -1.41607e-05 -0.0172704 0.0854467 -1.17473e-05 -5.58263e-05 2.6127e-05 -1.17473e-05 0.00945414 -0.0172492 -1.41607e-05 -5.58263e-05 -0.0172492 0.0849265 
0.00935344 -0.0172542 1.92381e-05 -8.15908e-06 -0.0172542 0.0854238 -9.63082e-06 -6.36997e-05 1.92381e-05 -9.63082e-06 0.00944217 -0.0172529 -8.15908e-06 -6.36997e-05 -0.0172529 0.0849474 
0.00938528 -0.0172975 2.80723e-05 1.84422e-07 -0.0172975 0.0856268 2.10591e-06 -8.55544e-05 2.80723e-05 2.10591e-06 0.0094469 -0.0172812 1.84422e-07 -8.55544e-05 -0.0172812 0.0851484 
0.00939055 -0.0173175 3.58263e-05 -8.94659e-06 -0.0173175 0.0856852 -4.89539e-06 -8.50093e-05 3.58263e-05 -4.89539e-06 0.00945593 -0.0172629 -8.94659e-06 -8.50093e-05 -0.0172629 0.085137 
0.00941798 -0.0173204 3.38168e-05 -1.69333e-05 -0.0173204 0.0857122 -1.50202e-05 -6.76258e-05 3.38168e-05 -1.50202e-05 0.00944731 -0.0172749 -1.69333e-05 -6.76258e-05 -0.0172749 0.085149 
0.00941898 -0.0173271 2.77134e-05 -1.60505e-05 -0.0173271 0.0856367 -1.69739e-05 -5.37706e-05 2.77134e-05 -1.69739e-05 0.00942808 -0.0172338 -1.60505e-05 -5.37706e-05 -0.0172338 0.0849973 
0.00939012 -0.0173153 1.4201e-05 -5.52547e-06 -0.0173153 0.0855271 -1.18256e-05 -6.2707e-05 1.4201e-05 -1.18256e-05 0.0094131 -0.0171837 -5.52547e-06 -6.2707e-05 -0.0171837 0.0847707 
