0.00714118 0 1.88555e-05 0 0 0.00994402 0 0 1.88555e-05 0 0.00692505 0 0 0 0 0.00994402 
0.00970953 -0.012048 1.2989e-05 -1.62878e-05 -0.012048 0.0318881 -1.62878e-05 3.09702e-05 1.2989e-05 -1.62878e-05 0.00948463 -0.0117771 -1.62878e-05 3.09702e-05 -0.0117771 0.031369 
0.00995286 -0.0185244 2.16177e-05 6.29489e-07 -0.0185244 0.068215 6.29489e-07 -6.58227e-06 2.16177e-05 6.29489e-07 0.00983829 -0.0183893 6.29489e-07 -6.58227e-06 -0.0183893 0.0678446 
0.00935096 -0.0179708 3.42293e-05 3.47732e-05 -0.0179708 0.0804831 3.2086e-05 -0.000250355 3.42293e-05 3.2086e-05 0.00932057 -0.0181426 3.47732e-05 -0.000250355 -0.0181426 0.0815618 
0.00908153 -0.0168319 4.88733e-05 1.39319e-05 -0.0168319 0.0809536 6.9114e-06 -0.000318857 4.88733e-05 6.9114e-06 0.00903249 -0.0170689 1.39319e-05 -0.000318857 -0.0170689 0.0827372 
0.00981276 -0.0178781 6.22516e-05 -2.85555e-05 -0.0178781 0.0873875 -3.67942e-05 -0.000203792 6.22516e-05 -3.67942e-05 0.00971076 -0.0180398 -2.85555e-05 -0.000203792 -0.0180398 0.0890725 
0.00956573 -0.0174177 5.42625e-05 -5.15818e-05 -0.0174177 0.0853739 -5.66632e-05 -5.5175e-05 5.42625e-05 -5.66632e-05 0.00946527 -0.0174625 -5.15818e-05 -5.5175e-05 -0.0174625 0.0864845 
0.0101474 -0.0184992 4.27175e-05 -4.68207e-05 -0.0184992 0.0909102 -5.21757e-05 1.93252e-06 4.27175e-05 -5.21757e-05 0.0100696 -0.0185319 -4.68207e-05 1.93252e-06 -0.0185319 0.0917508 
0.00988577 -0.0179933 2.92027e-05 -2.05902e-05 -0.0179933 0.0886096 -2.68366e-05 -2.35378e-05 2.92027e-05 -2.68366e-05 0.00982599 -0.0180736 -2.05902e-05 -2.35378e-05 -0.0180736 0.0893902 
0.00974688 -0.0176732 2.24909e-05 -7.92235e-07 -0.0176732 0.0870531 -6.91384e-06 -7.34373e-05 2.24909e-05 -6.91384e-06 0.00966161 -0.0177909 -7.92235e-07 -7.34373e-05 -0.0177909 0.0879068 
0.00968646 -0.0175446 9.26074e-06 7.91152e-06 -0.0175446 0.0862613 3.41454e-06 -0.000111734 9.26074e-06 3.41454e-06 0.00957183 -0.0176348 7.91152e-06 -0.000111734 -0.0176348 0.0871196 
0.00969254 -0.0175558 -5.617e-06 2.47028e-05 -0.0175558 0.0861843 1.98486e-05 -0.000153138 -5.617e-06 1.98486e-05 0.00952178 -0.0176093 2.47028e-05 -0.000153138 -0.0176093 0.0869846 
0.009645 -0.017564 -8.10181e-06 3.93495e-05 -0.017564 0.0861379 3.72383e-05 -0.000192865 -8.10181e-06 3.72383e-05 0.0095227 -0.0175394 3.93495e-05 -0.000192865 -0.0175394 0.0867784 
0.00961673 -0.0175481 -6.32925e-07 4.02128e-05 -0.0175481 0.0862113 4.39548e-05 -0.000216225 -6.32925e-07 4.39548e-05 0.00954514 -0.0175692 4.02128e-05 -0.000216225 -0.0175692 0.086831 
0.00963861 -0.0175296 8.20451e-07 2.87254e-05 -0.0175296 0.0862481 3.65682e-05 -0.00020744 8.20451e-07 3.65682e-05 0.00953021 -0.0176068 2.87254e-05 -0.00020744 -0.0176068 0.0869601 
0.0096139 -0.0175039 -2.76171e-06 2.52038e-05 -0.0175039 0.0860517 3.11094e-05 -0.000190625 -2.76171e-06 3.11094e-05 0.0095117 -0.0175372 2.52038e-05 -0.000190625 -0.0175372 0.0867355 
0.00960771 -0.0174973 -1.0107e-06 2.99548e-05 -0.0174973 0.0860481 3.32845e-05 -0.000186863 -1.0107e-06 3.32845e-05 0.00950245 -0.0175414 2.99548e-05 -0.000186863 -0.0175414 0.0867188 
0.00960184 -0.0174678 -8.00943e-07 2.75486e-05 -0.0174678 0.0859309 2.82892e-05 -0.000179115 -8.00943e-07 2.82892e-05 0.00947273 -0.0175138 2.75486e-05 -0.000179115 -0.0175138 0.0866111 
0.00959846 -0.0174761 -1.51519e-05 2.48301e-05 -0.0174761 0.0859342 2.42296e-05 -0.000164489 -1.51519e-05 2.42296e-05 0.0094613 -0.0174821 2.48301e-05 -0.000164489 -0.0174821 0.0865438 
0.00959896 -0.0174894 -1.93984e-05 4.55514e-05 -0.0174894 0.0860072 4.09764e-05 -0.000186573 -1.93984e-05 4.09764e-05 0.00946386 -0.0174727 4.55514e-05 -0.000186573 -0.0174727 0.0865303 
0.00958179 -0.0174478 -2.78038e-05 5.65058e-05 -0.0174478 0.0858232 4.80278e-05 -0.00021801 -2.78038e-05 4.80278e-05 0.00944503 -0.0174212 5.65058e-05 -0.00021801 -0.0174212 0.0862758 
0.00954965 -0.0173931 -3.45723e-05 6.6179e-05 -0.0173931 0.0855447 5.72723e-05 -0.000241797 -3.45723e-05 5.72723e-05 0.00942006 -0.0173706 6.6179e-05 -0.000241797 -0.0173706 0.085985 
0.00958071 -0.0174272 -2.57817e-05 7.22753e-05 -0.0174272 0.0857122 6.55841e-05 -0.000261185 -2.57817e-05 6.55841e-05 0.00942063 -0.0174121 7.22753e-05 -0.000261185 -0.0174121 0.0861613 
0.00957633 -0.0174433 -2.07405e-05 5.83406e-05 -0.0174433 0.0857495 5.42525e-05 -0.000247226 -2.07405e-05 5.42525e-05 0.00941549 -0.0174025 5.83406e-05 -0.000247226 -0.0174025 0.0861771 
0.00957055 -0.0174368 -6.70267e-06 4.50747e-05 -0.0174368 0.0857498 4.38502e-05 -0.000212822 -6.70267e-06 4.38502e-05 0.00941756 -0.0173929 4.50747e-05 -0.000212822 -0.0173929 0.0861569 
0.0095626 -0.0174066 5.05264e-06 2.3894e-05 -0.0174066 0.0856274 2.65073e-05 -0.000164784 5.05264e-06 2.65073e-05 0.0094115 -0.0173766 2.3894e-05 -0.000164784 -0.0173766 0.0860579 
0.00955154 -0.0173873 -3.81333e-06 8.90584e-06 -0.0173873 0.0855065 1.24014e-05 -0.000120916 -3.81333e-06 1.24014e-05 0.00939077 -0.0173566 8.90584e-06 -0.000120916 -0.0173566 0.0859441 
0.00953315 -0.0173371 -2.48228e-06 2.05603e-05 -0.0173371 0.0852468 1.93594e-05 -0.000114308 -2.48228e-06 1.93594e-05 0.00934925 -0.0172904 2.05603e-05 -0.000114308 -0.0172904 0.0856536 
0.00951097 -0.0173349 1.97939e-05 2.66137e-05 -0.0173349 0.085194 2.12512e-05 -0.00012948 1.97939e-05 2.12512e-05 0.00935101 -0.0172616 2.66137e-05 -0.00012948 -0.0172616 0.0855446 
0.00950321 -0.0173214 1.04279e-05 3.43964e-06 -0.0173214 0.0851887 -1.02869e-06 -0.000106759 1.04279e-05 -1.02869e-06 0.00936496 -0.0172745 3.43964e-06 -0.000106759 -0.0172745 0.0855506 
0.00954385 -0.0173673 1.07683e-05 9.23955e-06 -0.0173673 0.085442 1.09063e-05 -0.000103109 1.07683e-05 1.09063e-05 0.00939524 -0.0173506 9.23955e-06 -0.000103109 -0.0173506 0.0858686 
0.00956235 -0.0173414 1.22221e-05 7.78834e-06 -0.0173414 0.0852694 1.52535e-05 -0.000112162 1.22221e-05 1.52535e-05 0.00936397 -0.0173197 7.78834e-06 -0.000112162 -0.0173197 0.0857276 
0.00959655 -0.0174382 1.05687e-05 2.66295e-06 -0.0174382 0.0855913 9.36045e-06 -0.000105381 1.05687e-05 9.36045e-06 0.00938735 -0.0173535 2.66295e-06 -0.000105381 -0.0173535 0.0859587 
0.00958265 -0.0174799 2.13572e-05 8.9471e-06 -0.0174799 0.0857884 1.09633e-05 -0.000110036 2.13572e-05 1.09633e-05 0.00941401 -0.0173682 8.9471e-06 -0.000110036 -0.0173682 0.0860457 
0.00957851 -0.0174903 1.17527e-05 1.45778e-06 -0.0174903 0.0859808 -2.16774e-08 -0.000104925 1.17527e-05 -2.16774e-08 0.00943799 -0.0174265 1.45778e-06 -0.000104925 -0.0174265 0.0862686 
0.00952287 -0.0174186 -5.96413e-07 1.2513e-05 -0.0174186 0.0857364 6.36491e-06 -0.000109253 -5.96413e-07 6.36491e-06 0.00944435 -0.0173959 1.2513e-05 -0.000109253 -0.0173959 0.0861233 
0.0094964 -0.0173536 1.70783e-06 2.87703e-05 -0.0173536 0.0855382 2.14775e-05 -0.000138099 1.70783e-06 2.14775e-05 0.00945237 -0.0174014 2.87703e-05 -0.000138099 -0.0174014 0.0860668 
0.00947825 -0.0173132 1.27166e-05 2.47201e-05 -0.0173132 0.0853722 2.11779e-05 -0.000148834 1.27166e-05 2.11779e-05 0.00945552 -0.0174117 2.47201e-05 -0.000148834 -0.0174117 0.0860556 
0.00948033 -0.0173205 2.77466e-05 6.77901e-06 -0.0173205 0.0854112 1.0881e-05 -0.000127189 2.77466e-05 1.0881e-05 0.00947925 -0.0174419 6.77901e-06 -0.000127189 -0.0174419 0.0861848 
0.00947832 -0.0173007 4.02743e-05 -1.41162e-05 -0.0173007 0.0853344 -8.08626e-06 -8.19905e-05 4.02743e-05 -8.08626e-06 0.00949603 -0.0174557 -1.41162e-05 -8.19905e-05 -0.0174557 0.0861986 
0.0094895 -0.0173071 4.84179e-05 -3.23147e-05 -0.0173071 0.0853493 -3.07891e-05 -2.39546e-05 4.84179e-05 -3.07891e-05 0.00950984 -0.0174972 -3.23147e-05 -2.39546e-05 -0.0174972 0.086322 
0.00955162 -0.0173632 3.70648e-05 -3.77434e-05 -0.0173632 0.0855867 -4.39402e-05 1.41193e-05 3.70648e-05 -4.39402e-05 0.00950427 -0.0175637 -3.77434e-05 1.41193e-05 -0.0175637 0.0866364 
0.00958325 -0.0174037 2.42271e-05 -2.04871e-05 -0.0174037 0.0856385 -3.10271e-05 3.50278e-06 2.42271e-05 -3.10271e-05 0.00947263 -0.0175226 -2.04871e-05 3.50278e-06 -0.0175226 0.0865928 
0.00960319 -0.0174594 3.83463e-05 -5.30853e-06 -0.0174594 0.0858093 -1.45489e-05 -3.09282e-05 3.83463e-05 -1.45489e-05 0.00947591 -0.0175013 -5.30853e-06 -3.09282e-05 -0.0175013 0.0865881 
0.00961222 -0.0174996 5.11916e-05 -2.77858e-05 -0.0174996 0.0859972 -3.20884e-05 -1.1912e-05 5.11916e-05 -3.20884e-05 0.00949118 -0.0175186 -2.77858e-05 -1.1912e-05 -0.0175186 0.0866637 
0.00961091 -0.0174914 3.50939e-05 -4.82526e-05 -0.0174914 0.085987 -4.95709e-05 3.672e-05 3.50939e-05 -4.95709e-05 0.00948583 -0.0175082 -4.82526e-05 3.672e-05 -0.0175082 0.0866016 
0.00956847 -0.0174503 5.89642e-06 -2.77566e-05 -0.0174503 0.085797 -3.13495e-05 2.90032e-05 5.89642e-06 -3.13495e-05 0.00948743 -0.0174768 -2.77566e-05 2.90032e-05 -0.0174768 0.0864315 
0.00956106 -0.0174315 -1.13188e-05 1.09456e-05 -0.0174315 0.0857887 2.06769e-06 -3.49435e-05 -1.13188e-05 2.06769e-06 0.00950165 -0.0175113 1.09456e-05 -3.49435e-05 -0.0175113 0.086519 
0.00958187 -0.0174339 -5.03668e-06 3.37157e-05 -0.0174339 0.0858429 2.38757e-05 -9.99574e-05 -5.03668e-06 2.38757e-05 0.00949985 -0.0175553 3.37157e-05 -9.99574e-05 -0.0175553 0.0867051 
0.00962624 -0.0175313 1.07216e-05 2.57735e-05 -0.0175313 0.0862563 1.93093e-05 -0.000116945 1.07216e-05 1.93093e-05 0.00953291 -0.0176161 2.57735e-05 -0.000116945 -0.0176161 0.0871053 
0.0097041 -0.017648 1.70414e-05 5.95457e-06 -0.017648 0.0868374 -3.32169e-07 -8.64727e-05 1.70414e-05 -3.32169e-07 0.00956957 -0.0177087 5.95457e-06 -8.64727e-05 -0.0177087 0.0876174 
0.00969602 -0.0176471 1.8658e-05 -4.0079e-06 -0.0176471 0.0867881 -1.18251e-05 -4.8996e-05 1.8658e-05 -1.18251e-05 0.0095703 -0.0176604 -4.0079e-06 -4.8996e-05 -0.0176604 0.0874663 
0.00966015 -0.017617 1.71352e-05 -1.02051e-05 -0.017617 0.0866559 -1.69467e-05 -2.1273e-05 1.71352e-05 -1.69467e-05 0.00958188 -0.0176394 -1.02051e-05 -2.1273e-05 -0.0176394 0.0873004 
0.00963847 -0.017555 2.30616e-05 -1.39544e-05 -0.017555 0.0864368 -1.56204e-05 -5.66702e-06 2.30616e-05 -1.56204e-05 0.0095757 -0.0176384 -1.39544e-05 -5.66702e-06 -0.0176384 0.0871756 
0.00964337 -0.0175076 2.62695e-05 -2.03496e-05 -0.0175076 0.0861994 -1.64605e-05 9.04532e-07 2.62695e-05 -1.64605e-05 0.00955534 -0.0176251 -2.03496e-05 9.04532e-07 -0.0176251 0.0870629 
0.00969905 -0.0175654 2.17805e-05 -2.79187e-05 -0.0175654 0.0863624 -2.14181e-05 1.66705e-05 2.17805e-05 -2.14181e-05 0.00953827 -0.0176601 -2.79187e-05 1.66705e-05 -0.0176601 0.0872523 
0.00972413 -0.0176074 2.84288e-05 -1.84062e-05 -0.0176074 0.0864074 -1.48238e-05 7.84668e-06 2.84288e-05 -1.48238e-05 0.00950435 -0.0176071 -1.84062e-05 7.84668e-06 -0.0176071 0.0871429 
0.00970057 -0.0175898 2.73656e-05 -2.40674e-05 -0.0175898 0.0862379 -2.6245e-05 1.44425e-05 2.73656e-05 -2.6245e-05 0.0094668 -0.0175166 -2.40674e-05 1.44425e-05 -0.0175166 0.0867793 
0.00971772 -0.0176679 2.38762e-05 -2.197e-05 -0.0176679 0.0866167 -3.21875e-05 2.88129e-05 2.38762e-05 -3.21875e-05 0.00950576 -0.0175638 -2.197e-05 2.88129e-05 -0.0175638 0.0870204 
0.00973166 -0.0176855 1.83226e-05 -1.45146e-05 -0.0176855 0.0868065 -2.70822e-05 2.20631e-05 1.83226e-05 -2.70822e-05 0.00951865 -0.0176153 -1.45146e-05 2.20631e-05 -0.0176153 0.0872222 
0.0097502 -0.0177145 1.25893e-05 -6.81448e-06 -0.0177145 0.0869706 -1.43291e-05 -2.10626e-06 1.25893e-05 -1.43291e-05 0.00953972 -0.0176367 -6.81448e-06 -2.10626e-06 -0.0176367 0.0873811 
0.00974854 -0.017756 5.29759e-07 -3.69603e-06 -0.017756 0.0871838 -2.24309e-06 -2.57409e-05 5.29759e-07 -2.24309e-06 0.00959089 -0.0176839 -3.69603e-06 -2.57409e-05 -0.0176839 0.0875999 
0.0097121 -0.0176889 -8.25263e-06 1.29216e-05 -0.0176889 0.086962 1.70543e-05 -6.55135e-05 -8.25263e-06 1.70543e-05 0.0095934 -0.0176785 1.29216e-05 -6.55135e-05 -0.0176785 0.087471 
0.00969453 -0.0176056 9.14023e-07 2.71835e-05 -0.0176056 0.0866066 2.90511e-05 -0.000108388 9.14023e-07 2.90511e-05 0.00955852 -0.0176507 2.71835e-05 -0.000108388 -0.0176507 0.08726 
0.00970464 -0.0175652 1.23535e-05 1.65416e-05 -0.0175652 0.0863327 1.84433e-05 -0.000111824 1.23535e-05 1.84433e-05 0.00951115 -0.0176015 1.65416e-05 -0.000111824 -0.0176015 0.0870463 
0.00967722 -0.0175152 2.12453e-05 -1.08035e-06 -0.0175152 0.0859149 4.38777e-06 -8.2347e-05 2.12453e-05 4.38777e-06 0.0094504 -0.0174741 -1.08035e-06 -8.2347e-05 -0.0174741 0.0865135 
0.00968917 -0.0175972 1.09852e-05 -1.85737e-05 -0.0175972 0.0862193 -1.0573e-05 -3.78183e-05 1.09852e-05 -1.0573e-05 0.00946441 -0.0174978 -1.85737e-05 -3.78183e-05 -0.0174978 0.0866495 
0.00968264 -0.0175958 -1.66925e-06 -8.67608e-06 -0.0175958 0.0862858 5.58315e-07 -3.47275e-05 -1.66925e-06 5.58315e-07 0.00946246 -0.0174931 -8.67608e-06 -3.47275e-05 -0.0174931 0.0866329 
0.00963133 -0.0175361 -1.42207e-05 1.21619e-05 -0.0175361 0.0860514 1.78084e-05 -7.211e-05 -1.42207e-05 1.78084e-05 0.00945785 -0.0174493 1.21619e-05 -7.211e-05 -0.0174493 0.086411 
0.00960527 -0.0174601 1.08212e-06 3.51826e-05 -0.0174601 0.0857816 3.3962e-05 -0.000124038 1.08212e-06 3.3962e-05 0.00943099 -0.0174326 3.51826e-05 -0.000124038 -0.0174326 0.0862453 
0.0095997 -0.017483 1.82487e-05 2.13168e-05 -0.017483 0.0858711 1.73853e-05 -0.000127313 1.82487e-05 1.73853e-05 0.00945733 -0.01745 2.13168e-05 -0.000127313 -0.01745 0.086373 
0.00962768 -0.0175354 1.54889e-05 -2.44088e-06 -0.0175354 0.0861963 -6.19661e-06 -8.2792e-05 1.54889e-05 -6.19661e-06 0.00949545 -0.0175347 -2.44088e-06 -8.2792e-05 -0.0175347 0.0867443 
0.00962459 -0.0175352 -6.87182e-06 -3.70311e-06 -0.0175352 0.0862414 -3.76134e-06 -5.69998e-05 -6.87182e-06 -3.76134e-06 0.00950545 -0.0175561 -3.70311e-06 -5.69998e-05 -0.0175561 0.0868545 
0.00958502 -0.0174662 -2.76164e-06 1.67732e-05 -0.0174662 0.0859382 2.20156e-05 -7.98005e-05 -2.76164e-06 2.20156e-05 0.0094864 -0.0174977 1.67732e-05 -7.98005e-05 -0.0174977 0.0865821 
0.00953033 -0.0174043 1.04816e-05 1.38645e-05 -0.0174043 0.0856625 1.85813e-05 -9.20494e-05 1.04816e-05 1.85813e-05 0.00948242 -0.0174597 1.38645e-05 -9.20494e-05 -0.0174597 0.0863543 
0.0095014 -0.0173203 2.00812e-05 -1.9114e-06 -0.0173203 0.0853434 -1.39475e-06 -6.25608e-05 2.00812e-05 -1.39475e-06 0.00945612 -0.0174334 -1.9114e-06 -6.25608e-05 -0.0174334 0.0861418 
0.00949566 -0.0173058 1.62793e-05 -1.34029e-05 -0.0173058 0.0852469 -1.75746e-05 -2.31053e-05 1.62793e-05 -1.75746e-05 0.00944983 -0.017426 -1.34029e-05 -2.31053e-05 -0.017426 0.0861119 
0.00951038 -0.0173037 9.99844e-06 -4.77088e-06 -0.0173037 0.0852217 -9.18814e-06 -2.52985e-05 9.99844e-06 -9.18814e-06 0.00942863 -0.0174232 -4.77088e-06 -2.52985e-05 -0.0174232 0.086102 
0.00954076 -0.0173374 -1.0833e-05 1.31162e-06 -0.0173374 0.0853034 -7.13517e-07 -4.13503e-05 -1.0833e-05 -7.13517e-07 0.00939509 -0.0174015 1.31162e-06 -4.13503e-05 -0.0174015 0.0860883 
0.00949948 -0.0172806 -1.34037e-05 2.6883e-05 -0.0172806 0.0849294 2.28002e-05 -8.36184e-05 -1.34037e-05 2.28002e-05 0.00932331 -0.0172546 2.6883e-05 -8.36184e-05 -0.0172546 0.0855055 
0.00946457 -0.0172399 -8.59963e-06 3.16962e-05 -0.0172399 0.0847183 2.76753e-05 -0.000113278 -8.59963e-06 2.76753e-05 0.00928734 -0.017167 3.16962e-05 -0.000113278 -0.017167 0.0851129 
0.00945655 -0.0172444 -1.65175e-07 2.31898e-05 -0.0172444 0.0847807 2.20807e-05 -0.000109953 -1.65175e-07 2.20807e-05 0.00930268 -0.0171719 2.31898e-05 -0.000109953 -0.0171719 0.0851104 
0.00946325 -0.0172557 2.14188e-06 8.14497e-06 -0.0172557 0.0848989 1.02256e-05 -8.03948e-05 2.14188e-06 1.02256e-05 0.00932127 -0.0172174 8.14497e-06 -8.03948e-05 -0.0172174 0.0852694 
0.00949612 -0.0173342 -5.38046e-06 2.81112e-06 -0.0173342 0.0853035 7.6698e-06 -5.85629e-05 -5.38046e-06 7.6698e-06 0.00937492 -0.0173071 2.81112e-06 -5.85629e-05 -0.0173071 0.0857147 
0.00950856 -0.0173627 3.94897e-07 1.24901e-05 -0.0173627 0.0854964 1.74583e-05 -6.5946e-05 3.94897e-07 1.74583e-05 0.00941399 -0.0173589 1.24901e-05 -6.5946e-05 -0.0173589 0.0859527 
0.00951941 -0.0173449 5.6302e-06 9.731e-06 -0.0173449 0.0854617 9.20033e-06 -6.65584e-05 5.6302e-06 9.20033e-06 0.0094181 -0.0173839 9.731e-06 -6.65584e-05 -0.0173839 0.0860145 
0.00951047 -0.0172686 1.95178e-05 5.291e-06 -0.0172686 0.0850343 2.03428e-06 -5.66224e-05 1.95178e-05 2.03428e-06 0.009352 -0.0173064 5.291e-06 -5.66224e-05 -0.0173064 0.0856362 
0.00952633 -0.017313 3.36222e-05 -1.0075e-05 -0.017313 0.0850979 -1.33081e-05 -3.18747e-05 3.36222e-05 -1.33081e-05 0.00933418 -0.0172812 -1.0075e-05 -3.18747e-05 -0.0172812 0.0856092 
0.00948899 -0.0172904 2.98629e-05 -3.30444e-05 -0.0172904 0.084934 -3.47533e-05 2.09794e-05 2.98629e-05 -3.47533e-05 0.0093173 -0.0172013 -3.30444e-05 2.09794e-05 -0.0172013 0.0852854 
0.00947294 -0.0173081 2.37146e-05 -2.84673e-05 -0.0173081 0.0850857 -2.83008e-05 3.56827e-05 2.37146e-05 -2.83008e-05 0.00934889 -0.0172361 -2.84673e-05 3.56827e-05 -0.0172361 0.0853882 
0.00945406 -0.0172483 1.60176e-05 -1.75911e-05 -0.0172483 0.0849279 -1.6369e-05 1.38721e-05 1.60176e-05 -1.6369e-05 0.00934064 -0.0172443 -1.75911e-05 1.38721e-05 -0.0172443 0.0853412 
0.00945565 -0.0172364 6.27306e-06 -8.45895e-06 -0.0172364 0.084879 -8.36889e-06 -9.40469e-06 6.27306e-06 -8.36889e-06 0.0093316 -0.0172506 -8.45895e-06 -9.40469e-06 -0.0172506 0.0853842 
0.00944568 -0.0172193 3.45324e-06 3.68934e-06 -0.0172193 0.0847785 4.30406e-06 -3.80293e-05 3.45324e-06 4.30406e-06 0.00931808 -0.0172252 3.68934e-06 -3.80293e-05 -0.0172252 0.0853047 
0.00944164 -0.0172131 6.51475e-06 7.79266e-06 -0.0172131 0.0847428 1.18937e-05 -6.24197e-05 6.51475e-06 1.18937e-05 0.00932208 -0.0172124 7.79266e-06 -6.24197e-05 -0.0172124 0.0852616 
0.00942804 -0.0172265 1.59587e-06 1.68368e-06 -0.0172265 0.0848202 7.3718e-06 -6.05184e-05 1.59587e-06 7.3718e-06 0.00936266 -0.0172442 1.68368e-06 -6.05184e-05 -0.0172442 0.0853728 
0.00945794 -0.0172292 -1.42397e-05 5.36137e-06 -0.0172292 0.0849287 1.05817e-05 -5.90709e-05 -1.42397e-05 1.05817e-05 0.00936146 -0.0173168 5.36137e-06 -5.90709e-05 -0.0173168 0.0856129 
0.00949807 -0.0173086 -2.98731e-05 2.29222e-05 -0.0173086 0.0852365 2.78481e-05 -8.33477e-05 -2.98731e-05 2.78481e-05 0.00937763 -0.0173539 2.29222e-05 -8.33477e-05 -0.0173539 0.0859192 
0.00953382 -0.0173707 -3.00672e-05 4.44918e-05 -0.0173707 0.085523 4.39644e-05 -0.000123257 -3.00672e-05 4.39644e-05 0.00938974 -0.0173769 4.44918e-05 -0.000123257 -0.0173769 0.0861103 
0.00953283 -0.0173995 -1.53912e-05 5.25703e-05 -0.0173995 0.085642 4.39599e-05 -0.000151753 -1.53912e-05 4.39599e-05 0.00941259 -0.0173667 5.25703e-05 -0.000151753 -0.0173667 0.0861122 
0.00948533 -0.0173334 2.04151e-05 3.72464e-05 -0.0173334 0.0853742 2.25557e-05 -0.000132051 2.04151e-05 2.25557e-05 0.00942583 -0.0173257 3.72464e-05 -0.000132051 -0.0173257 0.0858253 
0.00950733 -0.0173701 3.05211e-05 -7.94118e-06 -0.0173701 0.085626 -2.14124e-05 -5.03525e-05 3.05211e-05 -2.14124e-05 0.00949228 -0.0174422 -7.94118e-06 -5.03525e-05 -0.0174422 0.0862155 
0.00953523 -0.017375 1.90187e-05 -2.89664e-05 -0.017375 0.0856874 -3.73361e-05 2.57486e-05 1.90187e-05 -3.73361e-05 0.00950709 -0.0175202 -2.89664e-05 2.57486e-05 -0.0175202 0.0864824 
0.00955356 -0.0173959 3.0852e-06 -1.56321e-05 -0.0173959 0.0857208 -1.90568e-05 2.63486e-05 3.0852e-06 -1.90568e-05 0.00949444 -0.0175421 -1.56321e-05 2.63486e-05 -0.0175421 0.0866252 
0.00955931 -0.0174064 2.84678e-06 6.82187e-06 -0.0174064 0.0857164 6.69825e-06 -2.24489e-05 2.84678e-06 6.69825e-06 0.00947188 -0.0175137 6.82187e-06 -2.24489e-05 -0.0175137 0.0865925 
0.00953763 -0.0173658 -1.09205e-06 8.03416e-06 -0.0173658 0.0854928 7.85223e-06 -4.92728e-05 -1.09205e-06 7.85223e-06 0.00943199 -0.0174373 8.03416e-06 -4.92728e-05 -0.0174373 0.086294 
0.00945053 -0.0172412 1.80885e-05 1.01672e-05 -0.0172412 0.0848557 1.06022e-05 -5.65198e-05 1.80885e-05 1.06022e-05 0.00938207 -0.0172815 1.01672e-05 -5.65198e-05 -0.0172815 0.0855655 
0.00944731 -0.0172276 3.34483e-05 -1.53608e-05 -0.0172276 0.0848475 -1.38201e-05 -1.91688e-05 3.34483e-05 -1.38201e-05 0.00939121 -0.0173075 -1.53608e-05 -1.91688e-05 -0.0173075 0.0855764 
0.00942872 -0.0172048 3.99663e-05 -3.63695e-05 -0.0172048 0.0847418 -3.46452e-05 3.78262e-05 3.99663e-05 -3.46452e-05 0.00938229 -0.0173058 -3.63695e-05 3.78262e-05 -0.0173058 0.0855325 
0.00945257 -0.0172295 3.87074e-05 -4.72489e-05 -0.0172295 0.0848869 -4.76513e-05 8.40679e-05 3.87074e-05 -4.76513e-05 0.00937875 -0.0173396 -4.72489e-05 8.40679e-05 -0.0173396 0.0857121 
0.0094637 -0.0172561 2.78957e-05 -4.59422e-05 -0.0172561 0.0849863 -4.98047e-05 0.000105467 2.78957e-05 -4.98047e-05 0.00938874 -0.0173305 -4.59422e-05 0.000105467 -0.0173305 0.0857619 
0.00953821 -0.0173461 7.07811e-06 -3.10504e-05 -0.0173461 0.085422 -3.67722e-05 9.07139e-05 7.07811e-06 -3.67722e-05 0.00940663 -0.0174082 -3.10504e-05 9.07139e-05 -0.0174082 0.0861361 
0.00957131 -0.0174107 -2.02894e-05 -4.11211e-06 -0.0174107 0.0856365 -1.11343e-05 4.06465e-05 -2.02894e-05 -1.11343e-05 0.00941088 -0.0174074 -4.11211e-06 4.06465e-05 -0.0174074 0.0862303 
0.00959447 -0.0174125 -3.67348e-05 3.27466e-05 -0.0174125 0.0856144 2.77874e-05 -4.53367e-05 -3.67348e-05 2.77874e-05 0.00938326 -0.0173771 3.27466e-05 -4.53367e-05 -0.0173771 0.0861023 
0.00962042 -0.0174601 -4.11033e-05 5.44745e-05 -0.0174601 0.0857375 5.57696e-05 -0.000127729 -4.11033e-05 5.57696e-05 0.00938547 -0.017362 5.44745e-05 -0.000127729 -0.017362 0.0860906 
0.00960568 -0.0174482 -1.04181e-05 5.73008e-05 -0.0174482 0.0856243 6.38035e-05 -0.000166659 -1.04181e-05 6.38035e-05 0.00937962 -0.0173193 5.73008e-05 -0.000166659 -0.0173193 0.0858665 
0.00960734 -0.0174862 -6.15275e-06 1.6062e-05 -0.0174862 0.0858064 2.21328e-05 -0.000110868 -6.15275e-06 2.21328e-05 0.00942074 -0.0173667 1.6062e-05 -0.000110868 -0.0173667 0.0860236 
0.00962042 -0.0175473 -3.71658e-06 9.68991e-06 -0.0175473 0.0861762 5.03147e-06 -5.14092e-05 -3.71658e-06 5.03147e-06 0.00949009 -0.0174801 9.68991e-06 -5.14092e-05 -0.0174801 0.0864801 
0.00961954 -0.0175259 7.26515e-06 8.7595e-06 -0.0175259 0.086191 -6.22031e-06 -1.70365e-05 7.26515e-06 -6.22031e-06 0.00950896 -0.0175376 8.7595e-06 -1.70365e-05 -0.0175376 0.0866755 
0.00964977 -0.0175316 1.80019e-05 -6.12667e-07 -0.0175316 0.0862446 -1.98765e-05 1.08261e-05 1.80019e-05 -1.98765e-05 0.00950352 -0.0175807 -6.12667e-07 1.08261e-05 -0.0175807 0.0868849 
0.00966791 -0.0175939 1.8795e-05 -1.48041e-05 -0.0175939 0.0864724 -3.17564e-05 4.31649e-05 1.8795e-05 -3.17564e-05 0.00952714 -0.0176116 -1.48041e-05 4.31649e-05 -0.0176116 0.0871381 
0.0096627 -0.0175558 1.61667e-05 -1.9451e-05 -0.0175558 0.0863255 -3.03047e-05 6.09967e-05 1.61667e-05 -3.03047e-05 0.00949924 -0.017578 -1.9451e-05 6.09967e-05 -0.017578 0.0869909 
0.00965412 -0.0175411 1.56563e-05 -1.99268e-05 -0.0175411 0.0862117 -2.80744e-05 6.85776e-05 1.56563e-05 -2.80744e-05 0.00948668 -0.017543 -1.99268e-05 6.85776e-05 -0.017543 0.0868676 
0.0096651 -0.0175652 3.77558e-05 -1.89246e-05 -0.0175652 0.0863105 -3.04614e-05 7.27334e-05 3.77558e-05 -3.04614e-05 0.00950125 -0.0175555 -1.89246e-05 7.27334e-05 -0.0175555 0.0869345 
0.00965938 -0.0176053 5.49666e-05 -4.81408e-05 -0.0176053 0.0865019 -5.97673e-05 0.000122794 5.49666e-05 -5.97673e-05 0.00954504 -0.0175938 -4.81408e-05 0.000122794 -0.0175938 0.0871035 
0.00965105 -0.0175822 5.62469e-05 -7.8125e-05 -0.0175822 0.0864913 -8.4581e-05 0.000200623 5.62469e-05 -8.4581e-05 0.00956257 -0.0176228 -7.8125e-05 0.000200623 -0.0176228 0.0871535 
0.00966037 -0.0176156 4.69954e-05 -8.21028e-05 -0.0176156 0.0866832 -8.19331e-05 0.000233229 4.69954e-05 -8.19331e-05 0.00960343 -0.0176885 -8.21028e-05 0.000233229 -0.0176885 0.0874301 
0.00965275 -0.0175257 2.68166e-05 -6.60898e-05 -0.0175257 0.0862922 -6.14027e-05 0.000205244 2.68166e-05 -6.14027e-05 0.00956495 -0.0176362 -6.60898e-05 0.000205244 -0.0176362 0.0871267 
0.00968003 -0.0175504 2.68151e-06 -3.73291e-05 -0.0175504 0.0862797 -2.81118e-05 0.000132886 2.68151e-06 -2.81118e-05 0.00954171 -0.0176342 -3.73291e-05 0.000132886 -0.0176342 0.0871237 
0.00972346 -0.0175793 -1.28827e-05 -8.12753e-06 -0.0175793 0.0863005 5.4591e-06 4.7571e-05 -1.28827e-05 5.4591e-06 0.00949361 -0.0175994 -8.12753e-06 4.7571e-05 -0.0175994 0.0870348 
0.00978772 -0.0176753 -1.46525e-05 1.4338e-05 -0.0176753 0.0866113 3.41231e-05 -3.67911e-05 -1.46525e-05 3.41231e-05 0.0094674 -0.0175948 1.4338e-05 -3.67911e-05 -0.0175948 0.0871542 
0.00980815 -0.0177906 -8.76769e-06 1.53319e-05 -0.0177906 0.0870417 3.92485e-05 -7.62092e-05 -8.76769e-06 3.92485e-05 0.0094999 -0.0175897 1.53319e-05 -7.62092e-05 -0.0175897 0.0873012 
0.00976705 -0.0177641 1.06368e-06 6.24119e-06 -0.0177641 0.0870179 3.12364e-05 -7.56363e-05 1.06368e-06 3.12364e-05 0.00952074 -0.0175749 6.24119e-06 -7.56363e-05 -0.0175749 0.0871705 
0.00967758 -0.0176273 1.42843e-05 -8.66734e-06 -0.0176273 0.0864892 1.09351e-05 -3.92396e-05 1.42843e-05 1.09351e-05 0.00950294 -0.0175106 -8.66734e-06 -3.92396e-05 -0.0175106 0.0867298 
0.00964181 -0.0175568 1.17539e-05 -1.95752e-05 -0.0175568 0.0862624 -7.42494e-06 -2.7132e-06 1.17539e-05 -7.42494e-06 0.00951918 -0.0175291 -1.95752e-05 -2.7132e-06 -0.0175291 0.0866954 
0.00964125 -0.0175292 2.00276e-05 -1.48026e-05 -0.0175292 0.0861791 -1.10971e-05 1.50136e-05 2.00276e-05 -1.10971e-05 0.00953576 -0.0175713 -1.48026e-05 1.50136e-05 -0.0175713 0.0868082 
0.00962955 -0.0174884 1.85021e-05 -1.37195e-05 -0.0174884 0.085952 -1.86607e-05 1.43481e-05 1.85021e-05 -1.86607e-05 0.00951371 -0.0175586 -1.37195e-05 1.43481e-05 -0.0175586 0.0867101 
0.0096523 -0.0175097 6.07501e-06 -6.5463e-06 -0.0175097 0.0860073 -1.56418e-05 2.34502e-06 6.07501e-06 -1.56418e-05 0.00951517 -0.0175706 -6.5463e-06 2.34502e-06 -0.0175706 0.0867981 
0.0096911 -0.0175689 1.39653e-05 3.02462e-06 -0.0175689 0.0862313 -8.28697e-06 -7.38574e-06 1.39653e-05 -8.28697e-06 0.00951195 -0.0176049 3.02462e-06 -7.38574e-06 -0.0176049 0.0869932 
0.00972537 -0.0176755 3.87737e-05 -6.31589e-06 -0.0176755 0.0866929 -1.48862e-05 -2.77054e-06 3.87737e-05 -1.48862e-05 0.00954112 -0.0176555 -6.31589e-06 -2.77054e-06 -0.0176555 0.087349 
0.00970902 -0.0176873 3.78753e-05 -3.95937e-05 -0.0176873 0.0868322 -4.45413e-05 5.26684e-05 3.78753e-05 -4.45413e-05 0.00955572 -0.017668 -3.95937e-05 5.26684e-05 -0.017668 0.0874483 
0.009728 -0.0176883 2.71807e-05 -4.73285e-05 -0.0176883 0.0869624 -5.11595e-05 0.000102619 2.71807e-05 -5.11595e-05 0.00956547 -0.0177022 -4.73285e-05 0.000102619 -0.0177022 0.0876229 
0.00972068 -0.017635 1.55173e-05 -3.34853e-05 -0.017635 0.0866903 -3.6651e-05 9.76746e-05 1.55173e-05 -3.6651e-05 0.00952174 -0.0176383 -3.34853e-05 9.76746e-05 -0.0176383 0.0873576 
0.00970626 -0.0176329 9.11191e-06 -1.84137e-05 -0.0176329 0.0865788 -1.81106e-05 6.18277e-05 9.11191e-06 -1.81106e-05 0.00951039 -0.0175738 -1.84137e-05 6.18277e-05 -0.0175738 0.0871226 
0.00968905 -0.017608 1.47609e-05 -1.34275e-05 -0.017608 0.0864645 -1.15548e-05 4.03816e-05 1.47609e-05 -1.15548e-05 0.00950673 -0.0175437 -1.34275e-05 4.03816e-05 -0.0175437 0.0869229 
0.00966102 -0.0175948 2.24049e-05 -1.91029e-05 -0.0175948 0.0864162 -2.09546e-05 4.57588e-05 2.24049e-05 -2.09546e-05 0.00953337 -0.0175527 -1.91029e-05 4.57588e-05 -0.0175527 0.0868891 
0.00964208 -0.0175765 1.66585e-05 -2.30179e-05 -0.0175765 0.086417 -2.97877e-05 5.5646e-05 1.66585e-05 -2.97877e-05 0.00955693 -0.0176042 -2.30179e-05 5.5646e-05 -0.0176042 0.0870152 
0.00961278 -0.0175252 3.09309e-06 -1.73258e-05 -0.0175252 0.0862475 -2.20467e-05 5.00436e-05 3.09309e-06 -2.20467e-05 0.00956095 -0.0176142 -1.73258e-05 5.00436e-05 -0.0176142 0.0870115 
0.00961841 -0.0175204 -1.98097e-05 -1.66873e-06 -0.0175204 0.0862713 -1.08179e-06 1.56497e-05 -1.98097e-05 -1.08179e-06 0.00956706 -0.0176536 -1.66873e-06 1.56497e-05 -0.0176536 0.0871793 
0.00964597 -0.0175328 -1.26417e-05 2.44936e-05 -0.0175328 0.0863266 2.78783e-05 -4.27075e-05 -1.26417e-05 2.78783e-05 0.00954613 -0.0176679 2.44936e-05 -4.27075e-05 -0.0176679 0.087295 
0.00966184 -0.0175627 -3.87879e-06 1.87218e-05 -0.0175627 0.0863813 1.91658e-05 -6.05678e-05 -3.87879e-06 1.91658e-05 0.0095339 -0.0176257 1.87218e-05 -6.05678e-05 -0.0176257 0.0872377 
