0.0070476 0 6.42918e-06 0 0 0.00981017 0 0 6.42918e-06 0 0.00687149 0 0 0 0 0.00981017 
0.0101099 -0.0125468 -3.2353e-06 3.94122e-06 -0.0125468 0.033202 3.94122e-06 -8.26671e-06 -3.2353e-06 3.94122e-06 0.00992766 -0.012326 3.94122e-06 -8.26671e-06 -0.012326 0.032779 
0.00990404 -0.0183938 -3.3699e-05 3.06892e-05 -0.0183938 0.0677249 3.06892e-05 -0.000104501 -3.3699e-05 3.06892e-05 0.00977478 -0.0183089 3.06892e-05 -0.000104501 -0.0183089 0.067503 
0.00940935 -0.017979 -5.28601e-05 0.000101819 -0.017979 0.0804282 0.000103465 -0.000398911 -5.28601e-05 0.000103465 0.00924492 -0.0181497 0.000101819 -0.000398911 -0.0181497 0.0816238 
0.00913984 -0.0169283 -1.1803e-05 0.000112801 -0.0169283 0.081151 0.00011933 -0.000536938 -1.1803e-05 0.00011933 0.00895792 -0.01702 0.000112801 -0.000536938 -0.01702 0.0828018 
0.00937921 -0.0170806 2.88992e-05 4.68711e-05 -0.0170806 0.0832973 5.91608e-05 -0.000425647 2.88992e-05 5.91608e-05 0.00915449 -0.0170372 4.68711e-05 -0.000425647 -0.0170372 0.0844726 
0.00950805 -0.0173293 4.084e-05 -1.62389e-05 -0.0173293 0.0847766 -3.46399e-06 -0.000219208 4.084e-05 -3.46399e-06 0.00932632 -0.0171727 -1.62389e-05 -0.000219208 -0.0171727 0.0853276 
0.00968829 -0.0176504 3.55077e-05 -3.03146e-05 -0.0176504 0.0866267 -2.51206e-05 -8.95767e-05 3.55077e-05 -2.51206e-05 0.00952654 -0.0175247 -3.03146e-05 -8.95767e-05 -0.0175247 0.0868866 
0.00950815 -0.0173173 2.56728e-05 -1.57932e-05 -0.0173173 0.0851455 -2.21465e-05 -5.42622e-05 2.56728e-05 -2.21465e-05 0.00937078 -0.0172526 -1.57932e-05 -5.42622e-05 -0.0172526 0.0854226 
0.00937603 -0.0170842 7.36902e-06 -1.81657e-06 -0.0170842 0.0840669 -1.27556e-05 -6.56398e-05 7.36902e-06 -1.27556e-05 0.009261 -0.0170671 -1.81657e-06 -6.56398e-05 -0.0170671 0.0844588 
0.00970264 -0.0176798 1.22096e-05 1.74474e-05 -0.0176798 0.0870448 1.13201e-05 -0.000106591 1.22096e-05 1.13201e-05 0.00961281 -0.017699 1.74474e-05 -0.000106591 -0.017699 0.0875818 
0.00961161 -0.017506 2.6709e-05 1.00211e-05 -0.017506 0.0862075 1.0225e-05 -0.000119119 2.6709e-05 1.0225e-05 0.00955072 -0.0175631 1.00211e-05 -0.000119119 -0.0175631 0.0868593 
0.00957519 -0.0174413 4.62595e-05 -7.27703e-06 -0.0174413 0.085872 -1.26495e-06 -0.000102852 4.62595e-05 -1.26495e-06 0.00954613 -0.0175326 -7.27703e-06 -0.000102852 -0.0175326 0.0866256 
0.0095466 -0.0174199 4.72411e-05 -3.65705e-05 -0.0174199 0.0857447 -2.39922e-05 -5.00601e-05 4.72411e-05 -2.39922e-05 0.00955464 -0.0175365 -3.65705e-05 -5.00601e-05 -0.0175365 0.0865575 
0.00950746 -0.0173731 4.07185e-05 -3.9172e-05 -0.0173731 0.0855616 -2.5247e-05 -2.13974e-05 4.07185e-05 -2.5247e-05 0.00954639 -0.0175309 -3.9172e-05 -2.13974e-05 -0.0175309 0.0864539 
0.00949047 -0.0173279 4.83824e-05 -3.0918e-05 -0.0173279 0.0854092 -1.90544e-05 -2.531e-05 4.83824e-05 -1.90544e-05 0.00952991 -0.0175244 -3.0918e-05 -2.531e-05 -0.0175244 0.0863954 
0.00952596 -0.0173655 2.6529e-05 -2.99798e-05 -0.0173655 0.0855904 -2.75722e-05 -3.09134e-05 2.6529e-05 -2.75722e-05 0.00952471 -0.0175631 -2.99798e-05 -3.09134e-05 -0.0175631 0.086618 
0.00952565 -0.0173595 1.62463e-05 -4.44832e-06 -0.0173595 0.0855079 -8.02328e-06 -6.1065e-05 1.62463e-05 -8.02328e-06 0.00949353 -0.017515 -4.44832e-06 -6.1065e-05 -0.017515 0.0864873 
0.00951941 -0.0173387 1.79345e-05 1.08329e-05 -0.0173387 0.0853755 7.13988e-06 -0.000104942 1.79345e-05 7.13988e-06 0.00946647 -0.0174585 1.08329e-05 -0.000104942 -0.0174585 0.0862715 
0.00951409 -0.0173312 3.02145e-05 9.46792e-06 -0.0173312 0.0852901 1.03429e-05 -0.00012634 3.02145e-05 1.03429e-05 0.00943418 -0.0174132 9.46792e-06 -0.00012634 -0.0174132 0.0860803 
0.00954001 -0.017442 4.85785e-05 -8.93651e-06 -0.017442 0.0857988 -3.08564e-06 -0.000108688 4.85785e-05 -3.08564e-06 0.00947844 -0.0174753 -8.93651e-06 -0.000108688 -0.0174753 0.086451 
0.00956519 -0.0174456 5.72726e-05 -3.07883e-05 -0.0174456 0.0859409 -2.38952e-05 -6.67382e-05 5.72726e-05 -2.38952e-05 0.00948195 -0.0174991 -3.07883e-05 -6.67382e-05 -0.0174991 0.0865587 
0.00960423 -0.0174312 5.90009e-05 -3.7336e-05 -0.0174312 0.085842 -3.15177e-05 -4.02751e-05 5.90009e-05 -3.15177e-05 0.00943743 -0.0174691 -3.7336e-05 -4.02751e-05 -0.0174691 0.0864435 
0.00964319 -0.0175132 5.83459e-05 -3.50098e-05 -0.0175132 0.0860323 -3.32281e-05 -3.77987e-05 5.83459e-05 -3.32281e-05 0.00942778 -0.0174329 -3.50098e-05 -3.77987e-05 -0.0174329 0.0864171 
0.00963751 -0.0175308 3.43638e-05 -3.6443e-05 -0.0175308 0.0860344 -3.93011e-05 -2.69612e-05 3.43638e-05 -3.93011e-05 0.00941827 -0.0173754 -3.6443e-05 -2.69612e-05 -0.0173754 0.0861746 
0.00961823 -0.0175174 1.58576e-05 -8.48649e-06 -0.0175174 0.0859774 -1.25269e-05 -6.14091e-05 1.58576e-05 -1.25269e-05 0.00941952 -0.0173521 -8.48649e-06 -6.14091e-05 -0.0173521 0.0859969 
0.00959166 -0.0174874 -6.22347e-06 1.62236e-05 -0.0174874 0.0858831 1.36407e-05 -0.000124625 -6.22347e-06 1.36407e-05 0.00942393 -0.0173609 1.62236e-05 -0.000124625 -0.0173609 0.0859446 
0.009552 -0.0174224 -4.86555e-06 4.42112e-05 -0.0174224 0.0856381 4.32276e-05 -0.000196758 -4.86555e-06 4.32276e-05 0.00941224 -0.0173489 4.42112e-05 -0.000196758 -0.0173489 0.085828 
0.00953035 -0.0173938 -1.0605e-05 4.23126e-05 -0.0173938 0.0855469 4.23699e-05 -0.000225066 -1.0605e-05 4.23699e-05 0.00941892 -0.0173549 4.23126e-05 -0.000225066 -0.0173549 0.0858493 
0.00956198 -0.0174376 -1.54665e-05 4.72392e-05 -0.0174376 0.0858168 4.20088e-05 -0.000229272 -1.54665e-05 4.20088e-05 0.0094506 -0.0174379 4.72392e-05 -0.000229272 -0.0174379 0.0862319 
0.00960132 -0.0174875 -7.53267e-06 5.3682e-05 -0.0174875 0.0860691 4.35825e-05 -0.000233605 -7.53267e-06 4.35825e-05 0.00946851 -0.0174983 5.3682e-05 -0.000233605 -0.0174983 0.0865637 
0.00961144 -0.0175012 1.13215e-05 4.35635e-05 -0.0175012 0.0860938 3.12132e-05 -0.000214736 1.13215e-05 3.12132e-05 0.00946428 -0.0174802 4.35635e-05 -0.000214736 -0.0174802 0.0865596 
0.00963084 -0.0175079 4.04204e-05 1.80875e-05 -0.0175079 0.0861 8.41987e-06 -0.000164169 4.04204e-05 8.41987e-06 0.00946214 -0.0174678 1.80875e-05 -0.000164169 -0.0174678 0.0865146 
0.00964914 -0.0175036 5.03081e-05 -2.55608e-05 -0.0175036 0.0860075 -2.91444e-05 -7.29791e-05 5.03081e-05 -2.91444e-05 0.00943574 -0.0174422 -2.55608e-05 -7.29791e-05 -0.0174422 0.0863764 
0.00966707 -0.0175329 2.79784e-05 -4.26922e-05 -0.0175329 0.0860299 -4.23035e-05 -4.31183e-06 2.79784e-05 -4.23035e-05 0.00943243 -0.0174164 -4.26922e-05 -4.31183e-06 -0.0174164 0.0862939 
0.00968731 -0.0175955 1.03578e-05 -1.61909e-05 -0.0175955 0.0862604 -1.7293e-05 -1.79753e-05 1.03578e-05 -1.7293e-05 0.009451 -0.0174453 -1.61909e-05 -1.79753e-05 -0.0174453 0.0864159 
0.00971367 -0.0176709 9.55536e-06 9.98529e-06 -0.0176709 0.0866382 4.87703e-06 -7.21416e-05 9.55536e-06 4.87703e-06 0.0094867 -0.0175158 9.98529e-06 -7.21416e-05 -0.0175158 0.086745 
0.00970663 -0.0176699 1.97811e-05 1.31087e-05 -0.0176699 0.0866933 7.96836e-06 -0.000102568 1.97811e-05 7.96836e-06 0.00950545 -0.0175267 1.31087e-05 -0.000102568 -0.0175267 0.0868039 
0.00969594 -0.0176617 3.08131e-05 -2.18525e-06 -0.0176617 0.0867153 -3.05092e-06 -8.97808e-05 3.08131e-05 -3.05092e-06 0.00953379 -0.0175594 -2.18525e-06 -8.97808e-05 -0.0175594 0.0869056 
0.00970272 -0.0176837 3.00653e-05 -1.97542e-05 -0.0176837 0.0868898 -1.38895e-05 -5.87027e-05 3.00653e-05 -1.38895e-05 0.00957721 -0.0176408 -1.97542e-05 -5.87027e-05 -0.0176408 0.087227 
0.00967926 -0.017697 3.13454e-05 -1.82238e-05 -0.017697 0.0870138 -7.71544e-06 -5.47138e-05 3.13454e-05 -7.71544e-06 0.00963266 -0.0177017 -1.82238e-05 -5.47138e-05 -0.0177017 0.087496 
0.00964533 -0.0176336 3.37595e-05 -1.21356e-05 -0.0176336 0.0868638 -3.12815e-06 -7.48786e-05 3.37595e-05 -3.12815e-06 0.00965148 -0.017737 -1.21356e-05 -7.48786e-05 -0.017737 0.0875585 
0.00958997 -0.0175404 3.3135e-05 -9.51954e-06 -0.0175404 0.0864844 -6.31654e-06 -8.76281e-05 3.3135e-05 -6.31654e-06 0.00965306 -0.017711 -9.51954e-06 -8.76281e-05 -0.017711 0.0873826 
0.00956417 -0.0174584 1.52682e-05 -4.50628e-06 -0.0174584 0.0861535 -5.83725e-06 -9.92913e-05 1.52682e-05 -5.83725e-06 0.00963447 -0.0177063 -4.50628e-06 -9.92913e-05 -0.0177063 0.0872598 
0.00954582 -0.0174037 7.81978e-06 1.53365e-05 -0.0174037 0.0858521 1.27803e-05 -0.000131923 7.81978e-06 1.27803e-05 0.00960547 -0.017669 1.53365e-05 -0.000131923 -0.017669 0.0870827 
0.00955369 -0.0173814 6.05794e-06 2.71174e-05 -0.0173814 0.0856808 2.53759e-05 -0.000171175 6.05794e-06 2.53759e-05 0.00956426 -0.0176321 2.71174e-05 -0.000171175 -0.0176321 0.0869302 
0.00958032 -0.0174235 6.6602e-06 3.15136e-05 -0.0174235 0.0857826 3.16209e-05 -0.000199341 6.6602e-06 3.16209e-05 0.0095435 -0.0176215 3.15136e-05 -0.000199341 -0.0176215 0.0869637 
0.00960534 -0.0174683 2.00635e-05 2.86583e-05 -0.0174683 0.0859256 3.03127e-05 -0.000205436 2.00635e-05 3.03127e-05 0.00952572 -0.0175934 2.86583e-05 -0.000205436 -0.0175934 0.0869367 
0.00958486 -0.0174518 3.84516e-05 8.35681e-06 -0.0174518 0.085793 1.37809e-05 -0.000175325 3.84516e-05 1.37809e-05 0.00949398 -0.0175114 8.35681e-06 -0.000175325 -0.0175114 0.0866077 
0.00960004 -0.0174716 4.7925e-05 -1.76254e-05 -0.0174716 0.0858892 -1.12064e-05 -0.000116962 4.7925e-05 -1.12064e-05 0.00947995 -0.0174976 -1.76254e-05 -0.000116962 -0.0174976 0.0865453 
0.00958678 -0.0174544 4.98036e-05 -3.29732e-05 -0.0174544 0.0857825 -2.39484e-05 -6.4973e-05 4.98036e-05 -2.39484e-05 0.00946154 -0.0174465 -3.29732e-05 -6.4973e-05 -0.0174465 0.0863261 
0.00957548 -0.0174247 3.38635e-05 -3.2413e-05 -0.0174247 0.085632 -2.27933e-05 -5.0668e-05 3.38635e-05 -2.27933e-05 0.0094381 -0.0174019 -3.2413e-05 -5.0668e-05 -0.0174019 0.0860903 
0.00956451 -0.0174219 2.31001e-05 -7.28378e-06 -0.0174219 0.0855896 2.27651e-06 -9.31379e-05 2.31001e-05 2.27651e-06 0.00943196 -0.0173818 -7.28378e-06 -9.31379e-05 -0.0173818 0.0859847 
0.00957624 -0.0174406 2.64841e-05 5.85936e-06 -0.0174406 0.0857111 1.18996e-05 -0.00013266 2.64841e-05 1.18996e-05 0.00943438 -0.0174139 5.85936e-06 -0.00013266 -0.0174139 0.0861095 
0.00956707 -0.0174338 3.85421e-05 6.52054e-06 -0.0174338 0.0856838 3.78199e-06 -0.000142559 3.85421e-05 3.78199e-06 0.00942256 -0.0173989 6.52054e-06 -0.000142559 -0.0173989 0.0860824 
0.00953674 -0.0173803 2.20447e-05 -7.93023e-06 -0.0173803 0.0854421 -1.84479e-05 -0.000109256 2.20447e-05 -1.84479e-05 0.00939564 -0.0173366 -7.93023e-06 -0.000109256 -0.0173366 0.0858168 
0.00956096 -0.0173979 1.58082e-05 6.59942e-06 -0.0173979 0.0855487 -9.16317e-06 -9.89983e-05 1.58082e-05 -9.16317e-06 0.00938026 -0.0173626 6.59942e-06 -9.89983e-05 -0.0173626 0.0859336 
0.00958883 -0.017414 1.41965e-06 1.17507e-05 -0.017414 0.0855867 -5.27348e-06 -0.00010199 1.41965e-06 -5.27348e-06 0.00935139 -0.0173384 1.17507e-05 -0.00010199 -0.0173384 0.0859243 
0.00961337 -0.0174622 -1.70031e-05 2.64486e-05 -0.0174622 0.085731 1.18035e-05 -0.000122922 -1.70031e-05 1.18035e-05 0.00933643 -0.0173151 2.64486e-05 -0.000122922 -0.0173151 0.0859296 
0.00958551 -0.0174562 -3.35247e-05 4.59013e-05 -0.0174562 0.0856504 3.65175e-05 -0.000164899 -3.35247e-05 3.65175e-05 0.00933066 -0.0172403 4.59013e-05 -0.000164899 -0.0172403 0.0856503 
0.0095148 -0.0173795 -2.10475e-05 6.52519e-05 -0.0173795 0.0853501 6.13072e-05 -0.000217963 -2.10475e-05 6.13072e-05 0.00933846 -0.0171906 6.52519e-05 -0.000217963 -0.0171906 0.0853066 
0.00945318 -0.0173008 -1.0896e-05 4.91312e-05 -0.0173008 0.0851161 4.913e-05 -0.000220239 -1.0896e-05 4.913e-05 0.00936279 -0.0172134 4.91312e-05 -0.000220239 -0.0172134 0.0852355 
0.00941196 -0.0172171 -1.84937e-05 3.83276e-05 -0.0172171 0.0848587 3.83004e-05 -0.000198571 -1.84937e-05 3.83004e-05 0.00936611 -0.0172482 3.83276e-05 -0.000198571 -0.0172482 0.0852605 
0.00936439 -0.0171385 -1.48126e-05 4.65687e-05 -0.0171385 0.08454 4.5941e-05 -0.000199612 -1.48126e-05 4.5941e-05 0.00935957 -0.0172357 4.65687e-05 -0.000199612 -0.0172357 0.0851788 
0.0093444 -0.0170985 -3.61414e-06 4.26628e-05 -0.0170985 0.0843928 4.68315e-05 -0.000205891 -3.61414e-06 4.68315e-05 0.00935371 -0.0172336 4.26628e-05 -0.000205891 -0.0172336 0.0851618 
0.00937371 -0.0170777 -1.42357e-06 2.48784e-05 -0.0170777 0.0843005 3.44881e-05 -0.000182026 -1.42357e-06 3.44881e-05 0.00930907 -0.0172169 2.48784e-05 -0.000182026 -0.0172169 0.0851066 
0.00939451 -0.0170829 -5.38658e-06 1.64616e-05 -0.0170829 0.084172 2.61184e-05 -0.000149305 -5.38658e-06 2.61184e-05 0.00925383 -0.0171316 1.64616e-05 -0.000149305 -0.0171316 0.0848407 
0.00942656 -0.0171502 -4.09375e-06 1.73097e-05 -0.0171502 0.0843455 2.32091e-05 -0.000126501 -4.09375e-06 2.32091e-05 0.00923688 -0.0170901 1.73097e-05 -0.000126501 -0.0170901 0.0847514 
0.00943161 -0.0171814 2.7496e-06 1.74919e-05 -0.0171814 0.0844351 1.72184e-05 -0.000111263 2.7496e-06 1.72184e-05 0.00922323 -0.0170532 1.74919e-05 -0.000111263 -0.0170532 0.0846087 
0.00941204 -0.0171897 2.98908e-06 1.16779e-05 -0.0171897 0.084474 6.52949e-06 -9.12604e-05 2.98908e-06 6.52949e-06 0.00922875 -0.0170303 1.16779e-05 -9.12604e-05 -0.0170303 0.0845001 
0.00977968 -0.0178722 8.38454e-07 1.1522e-05 -0.0178722 0.087917 4.66639e-06 -8.0482e-05 8.38454e-07 4.66639e-06 0.00962679 -0.0177333 1.1522e-05 -8.0482e-05 -0.0177333 0.0879229 
0.00978157 -0.0178777 6.23718e-07 1.59427e-05 -0.0178777 0.088018 7.7106e-06 -8.19306e-05 6.23718e-07 7.7106e-06 0.00965334 -0.0178031 1.59427e-05 -8.19306e-05 -0.0178031 0.0881503 
0.00938711 -0.0171182 2.75168e-06 1.74569e-05 -0.0171182 0.0843293 9.47863e-06 -8.69753e-05 2.75168e-06 9.47863e-06 0.00924375 -0.017093 1.74569e-05 -8.69753e-05 -0.017093 0.0846093 
0.00977628 -0.0178272 -8.7979e-06 1.67356e-05 -0.0178272 0.087771 9.29389e-06 -9.37684e-05 -8.7979e-06 9.29389e-06 0.00961685 -0.0177848 1.67356e-05 -9.37684e-05 -0.0177848 0.0881162 
0.00974086 -0.0177793 -2.27464e-05 3.18651e-05 -0.0177793 0.0875166 2.423e-05 -0.000118856 -2.27464e-05 2.423e-05 0.00959473 -0.0177248 3.18651e-05 -0.000118856 -0.0177248 0.087852 
0.00971393 -0.0177558 -2.0115e-05 4.66508e-05 -0.0177558 0.0874225 4.19785e-05 -0.000156107 -2.0115e-05 4.19785e-05 0.00959569 -0.0177073 4.66508e-05 -0.000156107 -0.0177073 0.0877506 
0.0096982 -0.0177386 2.92987e-06 3.75935e-05 -0.0177386 0.087393 4.10529e-05 -0.000161784 2.92987e-06 4.10529e-05 0.00960467 -0.0177135 3.75935e-05 -0.000161784 -0.0177135 0.087744 
0.0097106 -0.0177376 1.60932e-05 6.24621e-06 -0.0177376 0.0874368 1.53123e-05 -0.000115316 1.60932e-05 1.53123e-05 0.00959926 -0.0177383 6.24621e-06 -0.000115316 -0.0177383 0.0878332 
0.00972619 -0.0177371 2.0806e-05 -1.21015e-05 -0.0177371 0.0874002 -1.27005e-06 -6.35961e-05 2.0806e-05 -1.27005e-06 0.00956787 -0.0177101 -1.21015e-05 -6.35961e-05 -0.0177101 0.0877641 
0.0097362 -0.0177733 3.04484e-05 -1.94871e-05 -0.0177733 0.0874974 -7.85782e-06 -3.16713e-05 3.04484e-05 -7.85782e-06 0.00956026 -0.0176825 -1.94871e-05 -3.16713e-05 -0.0176825 0.0877299 
0.00973655 -0.0178342 2.38812e-05 -2.89584e-05 -0.0178342 0.0877979 -2.00602e-05 -5.68592e-06 2.38812e-05 -2.00602e-05 0.00960354 -0.0177159 -2.89584e-05 -5.68592e-06 -0.0177159 0.0879165 
0.00934402 -0.0171097 1.99854e-05 -1.38737e-05 -0.0171097 0.0843631 -1.03195e-05 -1.75609e-05 1.99854e-05 -1.03195e-05 0.0092316 -0.0170485 -1.38737e-05 -1.75609e-05 -0.0170485 0.0845179 
0.00934033 -0.0170646 9.89289e-06 -8.0871e-06 -0.0170646 0.0842034 -6.03819e-06 -3.60119e-05 9.89289e-06 -6.03819e-06 0.00921659 -0.0170389 -8.0871e-06 -3.60119e-05 -0.0170389 0.0844663 
0.00936021 -0.0170871 -6.42719e-06 6.43985e-06 -0.0170871 0.0842685 6.399e-06 -6.58145e-05 -6.42719e-06 6.399e-06 0.00921436 -0.0170498 6.43985e-06 -6.58145e-05 -0.0170498 0.08456 
0.00973762 -0.0178009 7.99628e-07 3.16545e-05 -0.0178009 0.087737 2.97329e-05 -0.000124656 7.99628e-07 2.97329e-05 0.00959796 -0.0177293 3.16545e-05 -0.000124656 -0.0177293 0.087991 
0.00971964 -0.0177914 1.42199e-05 2.59054e-05 -0.0177914 0.087719 2.62043e-05 -0.000149143 1.42199e-05 2.62043e-05 0.0096046 -0.0177256 2.59054e-05 -0.000149143 -0.0177256 0.0879422 
0.00966143 -0.0177085 1.82133e-05 7.15205e-06 -0.0177085 0.0873731 1.24277e-05 -0.000129311 1.82133e-05 1.24277e-05 0.00959182 -0.0176721 7.15205e-06 -0.000129311 -0.0176721 0.0876338 
0.00962698 -0.0176194 1.15875e-05 -4.1085e-06 -0.0176194 0.087013 7.52759e-06 -0.000101508 1.15875e-05 7.52759e-06 0.00955967 -0.0176365 -4.1085e-06 -0.000101508 -0.0176365 0.0873731 
0.00961656 -0.0176233 2.35285e-06 3.63247e-06 -0.0176233 0.087009 1.54894e-05 -0.000102896 2.35285e-06 1.54894e-05 0.0095814 -0.0176439 3.63247e-06 -0.000102896 -0.0176439 0.08742 
0.00963768 -0.01764 8.84505e-07 1.82766e-05 -0.01764 0.0871362 2.55246e-05 -0.000127834 8.84505e-07 2.55246e-05 0.00960026 -0.0176977 1.82766e-05 -0.000127834 -0.0176977 0.0876106 
0.00963956 -0.0176254 9.9163e-06 2.27099e-05 -0.0176254 0.0870351 2.40841e-05 -0.000141822 9.9163e-06 2.40841e-05 0.00959075 -0.0176838 2.27099e-05 -0.000141822 -0.0176838 0.087543 
0.00966646 -0.0176459 1.76537e-05 1.03448e-05 -0.0176459 0.0870909 9.66554e-06 -0.000122764 1.76537e-05 9.66554e-06 0.00957812 -0.0176986 1.03448e-05 -0.000122764 -0.0176986 0.0876084 
0.00966111 -0.0176414 4.62093e-06 -1.24956e-06 -0.0176414 0.0869765 1.55224e-06 -9.51489e-05 4.62093e-06 1.55224e-06 0.00954982 -0.0176427 -1.24956e-06 -9.51489e-05 -0.0176427 0.0874117 
0.00965848 -0.0176278 -8.59638e-06 1.45867e-05 -0.0176278 0.0868584 1.84864e-05 -0.000110458 -8.59638e-06 1.84864e-05 0.00950942 -0.0175805 1.45867e-05 -0.000110458 -0.0175805 0.0871473 
0.00963911 -0.0176323 -9.20322e-09 3.61673e-05 -0.0176323 0.0868207 3.51026e-05 -0.000155124 -9.20322e-09 3.51026e-05 0.00949948 -0.0175287 3.61673e-05 -0.000155124 -0.0175287 0.0869479 
0.00966026 -0.0177152 1.60857e-05 3.18678e-05 -0.0177152 0.0872777 2.62921e-05 -0.000170827 1.60857e-05 2.62921e-05 0.00955333 -0.0176141 3.18678e-05 -0.000170827 -0.0176141 0.0873306 
0.00966876 -0.0176892 2.4169e-05 1.43868e-05 -0.0176892 0.0872728 1.15272e-05 -0.000153194 2.4169e-05 1.15272e-05 0.00953603 -0.0176357 1.43868e-05 -0.000153194 -0.0176357 0.0873867 
0.00967173 -0.0177084 3.33014e-05 2.44755e-06 -0.0177084 0.0873467 4.01368e-06 -0.000129892 3.33014e-05 4.01368e-06 0.00953846 -0.0176377 2.44755e-06 -0.000129892 -0.0176377 0.0874897 
0.0096724 -0.0177487 2.32131e-05 -1.31535e-05 -0.0177487 0.087575 -6.85475e-06 -9.96541e-05 2.32131e-05 -6.85475e-06 0.00957417 -0.0176732 -1.31535e-05 -9.96541e-05 -0.0176732 0.087706 
0.00927943 -0.017044 7.9282e-06 -4.56698e-06 -0.017044 0.0841991 6.91891e-06 -9.7724e-05 7.9282e-06 6.91891e-06 0.00923735 -0.0170084 -4.56698e-06 -9.7724e-05 -0.0170084 0.0843701 
0.00925519 -0.017023 5.54861e-06 1.49404e-05 -0.017023 0.0841937 2.95575e-05 -0.000140362 5.54861e-06 2.95575e-05 0.0092751 -0.0170576 1.49404e-05 -0.000140362 -0.0170576 0.0845063 
0.00962054 -0.0176672 8.27308e-06 2.43894e-05 -0.0176672 0.0874971 3.62318e-05 -0.000182633 8.27308e-06 3.62318e-05 0.00966854 -0.01779 2.43894e-05 -0.000182633 -0.01779 0.0880318 
0.00963903 -0.0176535 4.22513e-06 2.88937e-05 -0.0176535 0.0874336 3.23467e-05 -0.000201465 4.22513e-06 3.23467e-05 0.00965489 -0.0178158 2.88937e-05 -0.000201465 -0.0178158 0.0881278 
0.00962067 -0.0175902 2.33886e-05 3.74662e-05 -0.0175902 0.0870232 3.56188e-05 -0.000217725 2.33886e-05 3.56188e-05 0.00959611 -0.0177135 3.74662e-05 -0.000217725 -0.0177135 0.0877126 
0.00963053 -0.0175623 3.47985e-05 1.43398e-05 -0.0175623 0.0867704 1.44492e-05 -0.000193368 3.47985e-05 1.44492e-05 0.00953883 -0.0176277 1.43398e-05 -0.000193368 -0.0176277 0.0873406 
0.00962843 -0.0175966 3.00717e-05 -6.05805e-06 -0.0175966 0.0867671 -3.27627e-06 -0.000144561 3.00717e-05 -3.27627e-06 0.00952487 -0.0175717 -6.05805e-06 -0.000144561 -0.0175717 0.0871333 
0.00966039 -0.0176602 2.70356e-05 -6.64231e-06 -0.0176602 0.0870602 -1.69148e-06 -0.000118494 2.70356e-05 -1.69148e-06 0.00953654 -0.0176041 -6.64231e-06 -0.000118494 -0.0176041 0.0872667 
0.00967602 -0.017707 2.78974e-05 -9.21771e-08 -0.017707 0.0872843 3.12636e-06 -0.000122671 2.78974e-05 3.12636e-06 0.00954295 -0.017632 -9.21771e-08 -0.000122671 -0.017632 0.0874162 
0.00968926 -0.0177806 4.26779e-05 2.05628e-06 -0.0177806 0.0876804 1.28116e-06 -0.000127951 4.26779e-05 1.28116e-06 0.00959276 -0.0176957 2.05628e-06 -0.000127951 -0.0176957 0.0877721 
0.00969265 -0.0177497 5.43887e-05 -1.21379e-05 -0.0177497 0.0876574 -1.78156e-05 -0.000106208 5.43887e-05 -1.78156e-05 0.00960046 -0.0177106 -1.21379e-05 -0.000106208 -0.0177106 0.0878025 
0.00970761 -0.0177487 6.83667e-05 -2.34581e-05 -0.0177487 0.0876356 -3.04928e-05 -7.87028e-05 6.83667e-05 -3.04928e-05 0.00959925 -0.0177208 -2.34581e-05 -7.87028e-05 -0.0177208 0.0878364 
0.00970284 -0.0177102 5.80323e-05 -4.5465e-05 -0.0177102 0.0873684 -4.65211e-05 -3.54632e-05 5.80323e-05 -4.65211e-05 0.0095643 -0.0176506 -4.5465e-05 -3.54632e-05 -0.0176506 0.0875204 
0.00967741 -0.0176969 3.8062e-05 -3.83907e-05 -0.0176969 0.0872016 -3.12519e-05 -3.26863e-05 3.8062e-05 -3.12519e-05 0.00955134 -0.0176015 -3.83907e-05 -3.26863e-05 -0.0176015 0.0872699 
0.00965692 -0.0176828 1.09377e-05 -1.25065e-05 -0.0176828 0.0871452 5.10987e-07 -8.80644e-05 1.09377e-05 5.10987e-07 0.00955614 -0.0175944 -1.25065e-05 -8.80644e-05 -0.0175944 0.0871779 
0.00964781 -0.0176764 1.29659e-06 2.57282e-05 -0.0176764 0.0871618 3.95614e-05 -0.000182123 1.29659e-06 3.95614e-05 0.00956796 -0.0176209 2.57282e-05 -0.000182123 -0.0176209 0.0872432 
0.00963298 -0.0176855 2.38442e-05 4.18778e-05 -0.0176855 0.0872485 5.45755e-05 -0.000252356 2.38442e-05 5.45755e-05 0.00959376 -0.0176586 4.18778e-05 -0.000252356 -0.0176586 0.087406 
0.00961144 -0.0176626 3.83989e-05 1.54544e-05 -0.0176626 0.0872486 2.51729e-05 -0.000234508 3.83989e-05 2.51729e-05 0.00961665 -0.0176938 1.54544e-05 -0.000234508 -0.0176938 0.0875355 
0.00959871 -0.0176447 2.66598e-05 -2.41619e-06 -0.0176447 0.0872589 -1.21421e-06 -0.000179212 2.66598e-05 -1.21421e-06 0.00964821 -0.0177373 -2.41619e-06 -0.000179212 -0.0177373 0.0877085 
0.00960432 -0.0176224 1.82716e-05 9.20571e-06 -0.0176224 0.0872273 5.89495e-06 -0.000163697 1.82716e-05 5.89495e-06 0.00965339 -0.0177816 9.20571e-06 -0.000163697 -0.0177816 0.0878641 
0.00961293 -0.017611 5.18584e-06 1.8278e-05 -0.017611 0.0871398 1.40674e-05 -0.000173411 5.18584e-06 1.40674e-05 0.00964081 -0.0177679 1.8278e-05 -0.000173411 -0.0177679 0.0878482 
0.00963366 -0.0176376 4.40385e-06 3.57806e-05 -0.0176376 0.0872012 3.00778e-05 -0.000204927 4.40385e-06 3.00778e-05 0.00963673 -0.0177641 3.57806e-05 -0.000204927 -0.0177641 0.0878728 
0.00964204 -0.0175936 1.19804e-05 3.89348e-05 -0.0175936 0.0869238 3.4735e-05 -0.00022948 1.19804e-05 3.4735e-05 0.00956756 -0.0176817 3.89348e-05 -0.00022948 -0.0176817 0.087501 
0.00964467 -0.0176196 3.11809e-05 3.24346e-05 -0.0176196 0.0868814 2.99744e-05 -0.000233834 3.11809e-05 2.99744e-05 0.00953666 -0.0176098 3.24346e-05 -0.000233834 -0.0176098 0.0872653 
0.00962912 -0.0175872 4.74409e-05 7.12176e-06 -0.0175872 0.0866682 8.21009e-06 -0.000197222 4.74409e-05 8.21009e-06 0.0094834 -0.0175168 7.12176e-06 -0.000197222 -0.0175168 0.0868425 
0.00962252 -0.0175961 4.97107e-05 -1.65641e-05 -0.0175961 0.0866735 -9.57685e-06 -0.000147055 4.97107e-05 -9.57685e-06 0.00946253 -0.0174844 -1.65641e-05 -0.000147055 -0.0174844 0.0867099 
0.00956605 -0.0175782 3.7127e-05 -2.22982e-05 -0.0175782 0.0865919 -1.12459e-05 -0.000118453 3.7127e-05 -1.12459e-05 0.00948258 -0.0174359 -2.22982e-05 -0.000118453 -0.0174359 0.0865085 
0.00954946 -0.0175532 2.76175e-05 -1.08394e-05 -0.0175532 0.0866509 5.36494e-08 -0.000124662 2.76175e-05 5.36494e-08 0.00950516 -0.0174938 -1.08394e-05 -0.000124662 -0.0174938 0.0866312 
0.00951523 -0.0174738 3.01134e-05 4.15848e-06 -0.0174738 0.0863594 1.38977e-05 -0.000154703 3.01134e-05 1.38977e-05 0.0094958 -0.0174735 4.15848e-06 -0.000154703 -0.0174735 0.0864897 
0.00953056 -0.0174831 3.57043e-05 3.81168e-06 -0.0174831 0.0864354 1.07803e-05 -0.00016725 3.57043e-05 1.07803e-05 0.00951287 -0.017527 3.81168e-06 -0.00016725 -0.017527 0.0867103 
0.00954014 -0.0174809 3.36227e-05 -1.48978e-07 -0.0174809 0.0864192 8.30681e-07 -0.000157371 3.36227e-05 8.30681e-07 0.00951031 -0.0175424 -1.48978e-07 -0.000157371 -0.0175424 0.0867931 
0.00955102 -0.017546 3.40764e-05 2.22394e-06 -0.017546 0.0866945 -2.92892e-06 -0.000148041 3.40764e-05 -2.92892e-06 0.00956216 -0.0175881 2.22394e-06 -0.000148041 -0.0175881 0.0870693 
0.00957218 -0.0176066 3.72262e-05 7.04935e-06 -0.0176066 0.0870588 -9.82853e-07 -0.000155844 3.72262e-05 -9.82853e-07 0.00961932 -0.01768 7.04935e-06 -0.000155844 -0.01768 0.0874511 
0.00962783 -0.0176705 2.87195e-05 6.00049e-06 -0.0176705 0.0874594 -4.58243e-06 -0.000158793 2.87195e-05 -4.58243e-06 0.00964985 -0.0177949 6.00049e-06 -0.000158793 -0.0177949 0.0879547 
0.00961488 -0.0176615 3.40141e-05 1.34966e-05 -0.0176615 0.0873784 1.66251e-06 -0.000164802 3.40141e-05 1.66251e-06 0.00964922 -0.0177604 1.34966e-05 -0.000164802 -0.0177604 0.0878882 
0.00960033 -0.0176118 5.48186e-05 9.47866e-06 -0.0176118 0.0871614 6.20253e-07 -0.000170093 5.48186e-05 6.20253e-07 0.00963554 -0.0177266 9.47866e-06 -0.000170093 -0.0177266 0.0876889 
0.00963862 -0.0176357 7.77116e-05 -1.97338e-05 -0.0176357 0.0872393 -2.21175e-05 -0.000130897 7.77116e-05 -2.21175e-05 0.00962602 -0.0177518 -1.97338e-05 -0.000130897 -0.0177518 0.0877856 
0.00964559 -0.0176911 6.8289e-05 -5.05969e-05 -0.0176911 0.0873832 -4.78994e-05 -6.61895e-05 6.8289e-05 -4.78994e-05 0.0096422 -0.0177463 -5.05969e-05 -6.61895e-05 -0.0177463 0.0878444 
0.00966581 -0.0177241 5.6787e-05 -3.75138e-05 -0.0177241 0.0875868 -3.59156e-05 -5.74688e-05 5.6787e-05 -3.59156e-05 0.00965968 -0.0177917 -3.75138e-05 -5.74688e-05 -0.0177917 0.0880238 
0.00929611 -0.0170265 5.52598e-05 -2.09244e-05 -0.0170265 0.0841593 -2.40942e-05 -7.87206e-05 5.52598e-05 -2.40942e-05 0.00928587 -0.0171057 -2.09244e-05 -7.87206e-05 -0.0171057 0.0846246 
0.00934593 -0.0171003 4.95427e-05 -1.92496e-05 -0.0171003 0.0844829 -2.48061e-05 -9.23007e-05 4.95427e-05 -2.48061e-05 0.00931252 -0.0171716 -1.92496e-05 -9.23007e-05 -0.0171716 0.0849587 
0.00935453 -0.0170766 2.4739e-05 -1.43811e-05 -0.0170766 0.0843136 -1.61142e-05 -0.000104775 2.4739e-05 -1.61142e-05 0.00927104 -0.0171226 -1.43811e-05 -0.000104775 -0.0171226 0.0847555 
0.00976561 -0.0178004 2.60723e-05 1.43087e-05 -0.0178004 0.0877641 1.93457e-05 -0.000167236 2.60723e-05 1.93457e-05 0.00963287 -0.0177814 1.43087e-05 -0.000167236 -0.0177814 0.0881003 
0.00978137 -0.0178416 2.26509e-05 1.66108e-05 -0.0178416 0.0878379 2.30925e-05 -0.000205317 2.26509e-05 2.30925e-05 0.00962384 -0.0177553 1.66108e-05 -0.000205317 -0.0177553 0.0879981 
0.00977101 -0.0178295 2.44248e-05 1.93293e-05 -0.0178295 0.0877336 2.56149e-05 -0.000217742 2.44248e-05 2.56149e-05 0.00959839 -0.0177107 1.93293e-05 -0.000217742 -0.0177107 0.0877653 
0.00976983 -0.0178615 5.37794e-05 1.15042e-05 -0.0178615 0.0878791 2.08349e-05 -0.00020866 5.37794e-05 2.08349e-05 0.00960906 -0.0177286 1.15042e-05 -0.00020866 -0.0177286 0.0878502 
0.00975596 -0.0178918 6.8264e-05 -2.35811e-05 -0.0178918 0.0880872 -1.24903e-05 -0.000154029 6.8264e-05 -1.24903e-05 0.0096583 -0.0177689 -2.35811e-05 -0.000154029 -0.0177689 0.0880453 
0.0093623 -0.0171715 5.12175e-05 -3.69855e-05 -0.0171715 0.0846798 -2.92463e-05 -9.79902e-05 5.12175e-05 -2.92463e-05 0.00930631 -0.017123 -3.69855e-05 -9.79902e-05 -0.017123 0.0847395 
0.00937732 -0.0172028 4.2469e-05 -1.51184e-05 -0.0172028 0.084918 -1.28702e-05 -0.000112892 4.2469e-05 -1.28702e-05 0.00935342 -0.0172154 -1.51184e-05 -0.000112892 -0.0172154 0.0851437 
0.00940234 -0.0172224 5.44861e-05 3.19959e-06 -0.0172224 0.085072 -4.78588e-07 -0.000157069 5.44861e-05 -4.78588e-07 0.00937108 -0.0172736 3.19959e-06 -0.000157069 -0.0172736 0.0854218 
0.00938351 -0.0171837 6.1678e-05 -9.14844e-06 -0.0171837 0.0848696 -1.63584e-05 -0.000154184 6.1678e-05 -1.63584e-05 0.0093493 -0.0172342 -9.14844e-06 -0.000154184 -0.0172342 0.0852756 
