0.00699511 0 -8.38143e-05 0 0 0.00995869 0 0 -8.38143e-05 0 0.00705487 0 0 0 0 0.00995869 
0.00956714 -0.0118769 -8.33484e-05 0.000101301 -0.0118769 0.0315748 0.000101301 -0.000194032 -8.33484e-05 0.000101301 0.00960937 -0.0119262 0.000101301 -0.000194032 -0.0119262 0.0316697 
0.00984097 -0.018355 -4.94676e-05 4.96611e-05 -0.018355 0.0676776 4.96611e-05 -0.000138949 -4.94676e-05 4.96611e-05 0.00984988 -0.0182968 4.96611e-05 -0.000138949 -0.0182968 0.0674617 
0.00929912 -0.0180414 -3.48025e-05 -7.04665e-05 -0.0180414 0.0809861 -7.08728e-05 0.000471422 -3.48025e-05 -7.08728e-05 0.00930596 -0.0178622 -7.04665e-05 0.000471422 -0.0178622 0.0800148 
0.00902152 -0.0169812 -2.92082e-05 -8.42524e-05 -0.0169812 0.0821251 -8.58584e-05 0.000783251 -2.92082e-05 -8.58584e-05 0.00902713 -0.0168221 -8.42524e-05 0.000783251 -0.0168221 0.080905 
0.00975283 -0.0180054 -4.30989e-05 -5.16672e-05 -0.0180054 0.0886975 -5.09867e-05 0.000706449 -4.30989e-05 -5.09867e-05 0.00974209 -0.017895 -5.16672e-05 0.000706449 -0.017895 0.0876454 
0.00943487 -0.0173874 -1.38575e-05 -1.96447e-05 -0.0173874 0.0858449 -1.71619e-05 0.000475148 -1.38575e-05 -1.71619e-05 0.009478 -0.0172947 -1.96447e-05 0.000475148 -0.0172947 0.0850987 
0.0100087 -0.0183565 -2.83265e-06 -5.22436e-05 -0.0183565 0.0908078 -4.62425e-05 0.000422014 -2.83265e-06 -4.62425e-05 0.0100428 -0.0183532 -5.22436e-05 0.000422014 -0.0183532 0.0903423 
0.00982377 -0.0179804 6.50289e-06 -7.01893e-05 -0.0179804 0.0888525 -6.22898e-05 0.000418607 6.50289e-06 -6.22898e-05 0.00981389 -0.0179593 -7.01893e-05 0.000418607 -0.0179593 0.0885156 
0.00967645 -0.0176967 1.12558e-06 -8.31426e-05 -0.0176967 0.087323 -7.89572e-05 0.000444926 1.12558e-06 -7.89572e-05 0.00962639 -0.0176187 -8.31426e-05 0.000444926 -0.0176187 0.0869277 
0.00960326 -0.0175762 -2.89387e-05 -7.62931e-05 -0.0175762 0.0866098 -8.03845e-05 0.000459971 -2.89387e-05 -8.03845e-05 0.00953849 -0.0174374 -7.62931e-05 0.000459971 -0.0174374 0.0860665 
0.00953494 -0.0175287 -6.31972e-05 -3.65823e-05 -0.0175287 0.0863199 -4.47159e-05 0.00040616 -6.31972e-05 -4.47159e-05 0.00953261 -0.0173631 -3.65823e-05 0.00040616 -0.0173631 0.0856639 
0.00949086 -0.0174977 -6.24207e-05 4.66634e-06 -0.0174977 0.0862977 -1.63955e-06 0.000315008 -6.24207e-05 -1.63955e-06 0.00955932 -0.0174076 4.66634e-06 0.000315008 -0.0174076 0.0857136 
0.00943883 -0.0174195 -4.65209e-05 5.22129e-06 -0.0174195 0.0860735 2.06651e-06 0.000266941 -4.65209e-05 2.06651e-06 0.0095697 -0.0174224 5.22129e-06 0.000266941 -0.0174224 0.0856905 
0.0094788 -0.0174159 -5.04878e-05 -1.50814e-05 -0.0174159 0.0861791 -1.57585e-05 0.000284226 -5.04878e-05 -1.57585e-05 0.00956338 -0.0175085 -1.50814e-05 0.000284226 -0.0175085 0.0860401 
0.00950392 -0.0174423 -4.12239e-05 -1.16282e-05 -0.0174423 0.0862066 -8.12845e-06 0.000285439 -4.12239e-05 -8.12845e-06 0.00953962 -0.0174877 -1.16282e-05 0.000285439 -0.0174877 0.0861097 
0.00947913 -0.0173719 -4.19743e-05 -2.27432e-05 -0.0173719 0.085784 -1.46637e-05 0.00028961 -4.19743e-05 -1.46637e-05 0.00947252 -0.0173571 -2.27432e-05 0.00028961 -0.0173571 0.0855851 
0.00949056 -0.0174398 -3.29089e-05 -2.35607e-05 -0.0174398 0.0860267 -1.31077e-05 0.000294343 -3.29089e-05 -1.31077e-05 0.00948135 -0.0173704 -2.35607e-05 0.000294343 -0.0173704 0.0856928 
0.00951139 -0.0174667 -3.50928e-05 -3.30648e-05 -0.0174667 0.0862082 -2.15957e-05 0.000304915 -3.50928e-05 -2.15957e-05 0.0094869 -0.0173875 -3.30648e-05 0.000304915 -0.0173875 0.0858008 
0.00949366 -0.0174597 -1.92407e-05 -3.31913e-05 -0.0174597 0.0861695 -2.09792e-05 0.000313104 -1.92407e-05 -2.09792e-05 0.0094945 -0.0173654 -3.31913e-05 0.000313104 -0.0173654 0.0857248 
0.00945072 -0.0174068 -1.12616e-05 -5.05721e-05 -0.0174068 0.0859791 -4.05225e-05 0.000340689 -1.12616e-05 -4.05225e-05 0.00950662 -0.0173545 -5.05721e-05 0.000340689 -0.0173545 0.0855992 
0.00941622 -0.0173081 -1.80818e-05 -5.53066e-05 -0.0173081 0.0855794 -5.0557e-05 0.000363696 -1.80818e-05 -5.0557e-05 0.00946317 -0.0173222 -5.53066e-05 0.000363696 -0.0173222 0.0853399 
0.00944304 -0.0172964 -4.46195e-05 -4.35448e-05 -0.0172964 0.0854884 -4.2308e-05 0.000354848 -4.46195e-05 -4.2308e-05 0.00942359 -0.0173084 -4.35448e-05 0.000354848 -0.0173084 0.0853226 
0.00941952 -0.0172944 -5.89742e-05 -1.41744e-05 -0.0172944 0.0853365 -1.36237e-05 0.000304988 -5.89742e-05 -1.36237e-05 0.00939439 -0.0172295 -1.41744e-05 0.000304988 -0.0172295 0.0850778 
0.0093928 -0.0172517 -6.29189e-05 6.33566e-06 -0.0172517 0.0851549 4.20294e-06 0.000248236 -6.29189e-05 4.20294e-06 0.00935968 -0.0171751 6.33566e-06 0.000248236 -0.0171751 0.0848155 
0.00935269 -0.0172228 -5.69475e-05 9.14091e-06 -0.0172228 0.0850428 3.71028e-06 0.000229291 -5.69475e-05 3.71028e-06 0.00936517 -0.017148 9.14091e-06 0.000229291 -0.017148 0.0847013 
0.00931612 -0.0171493 -5.69559e-05 5.60642e-06 -0.0171493 0.0847924 1.81442e-06 0.000223729 -5.69559e-05 1.81442e-06 0.00936361 -0.0171305 5.60642e-06 0.000223729 -0.0171305 0.0845437 
0.00928467 -0.017097 -5.82008e-05 6.26235e-06 -0.017097 0.0845703 5.44612e-06 0.000216487 -5.82008e-05 5.44612e-06 0.00936518 -0.0171217 6.26235e-06 0.000216487 -0.0171217 0.0844394 
0.0100336 -0.0185149 -4.51548e-05 1.29899e-05 -0.0185149 0.0916086 1.12552e-05 0.00021415 -4.51548e-05 1.12552e-05 0.0101899 -0.0185768 1.29899e-05 0.00021415 -0.0185768 0.0915601 
0.0100138 -0.018475 -2.64489e-05 -4.19517e-06 -0.018475 0.0915089 -7.94786e-06 0.000227918 -2.64489e-05 -7.94786e-06 0.0102041 -0.0186202 -4.19517e-06 0.000227918 -0.0186202 0.0916215 
0.0100612 -0.0184844 -1.66194e-05 -3.01768e-05 -0.0184844 0.0915986 -3.21088e-05 0.000278774 -1.66194e-05 -3.21088e-05 0.0101887 -0.0186831 -3.01768e-05 0.000278774 -0.0186831 0.0918811 
0.00930734 -0.0171211 -4.45878e-06 -4.21521e-05 -0.0171211 0.0847011 -4.22554e-05 0.000301656 -4.45878e-06 -4.22554e-05 0.00939769 -0.0172339 -4.21521e-05 0.000301656 -0.0172339 0.084916 
0.0093644 -0.0172141 -2.04271e-05 -5.3633e-05 -0.0172141 0.0851387 -5.59571e-05 0.00033681 -2.04271e-05 -5.59571e-05 0.00940574 -0.0172762 -5.3633e-05 0.00033681 -0.0172762 0.0852083 
0.00938159 -0.0172497 -3.81159e-05 -2.74812e-05 -0.0172497 0.0852737 -3.31301e-05 0.000306866 -3.81159e-05 -3.31301e-05 0.00938145 -0.0172427 -2.74812e-05 0.000306866 -0.0172427 0.0851637 
0.00937269 -0.0172501 -3.19225e-05 -2.92707e-06 -0.0172501 0.0852609 -9.07065e-06 0.000244844 -3.19225e-05 -9.07065e-06 0.00935474 -0.0171803 -2.92707e-06 0.000244844 -0.0171803 0.084957 
0.00933684 -0.0171979 -4.04166e-05 -1.24701e-05 -0.0171979 0.0850343 -1.56924e-05 0.000229159 -4.04166e-05 -1.56924e-05 0.00932922 -0.0171043 -1.24701e-05 0.000229159 -0.0171043 0.0846132 
0.00928388 -0.0171183 -4.62383e-05 -6.23394e-06 -0.0171183 0.0846877 -7.63493e-06 0.000221955 -4.62383e-05 -7.63493e-06 0.00930973 -0.0170389 -6.23394e-06 0.000221955 -0.0170389 0.0842505 
0.0100395 -0.0184995 -6.85545e-05 6.25615e-06 -0.0184995 0.091596 3.42717e-06 0.000211541 -6.85545e-05 3.42717e-06 0.0100849 -0.0184656 6.25615e-06 0.000211541 -0.0184656 0.0912142 
0.00996011 -0.0183741 -7.95948e-05 3.05529e-05 -0.0183741 0.0909926 2.7809e-05 0.000156078 -7.95948e-05 2.7809e-05 0.0100575 -0.0183727 3.05529e-05 0.000156078 -0.0183727 0.0907219 
0.00995249 -0.0183246 -8.84979e-05 4.58589e-05 -0.0183246 0.0908174 4.61514e-05 0.000100096 -8.84979e-05 4.61514e-05 0.0100553 -0.0184018 4.58589e-05 0.000100096 -0.0184018 0.0907309 
0.0100081 -0.0183851 -8.75805e-05 5.85708e-05 -0.0183851 0.0910659 6.0864e-05 5.42448e-05 -8.75805e-05 6.0864e-05 0.0100661 -0.0184783 5.85708e-05 5.42448e-05 -0.0184783 0.0911049 
0.0100358 -0.0184628 -7.33203e-05 5.5777e-05 -0.0184628 0.0913295 5.7179e-05 4.34811e-05 -7.33203e-05 5.7179e-05 0.0100923 -0.0184979 5.5777e-05 4.34811e-05 -0.0184979 0.0913179 
0.010038 -0.0185163 -6.10251e-05 3.80979e-05 -0.0185163 0.091577 3.49098e-05 7.495e-05 -6.10251e-05 3.49098e-05 0.0101372 -0.0185273 3.80979e-05 7.495e-05 -0.0185273 0.0914644 
0.0100325 -0.0185111 -6.36439e-05 2.21637e-05 -0.0185111 0.091649 1.62191e-05 0.00012128 -6.36439e-05 1.62191e-05 0.0101663 -0.0185729 2.21637e-05 0.00012128 -0.0185729 0.0915732 
0.00999668 -0.0184408 -4.21018e-05 1.80042e-05 -0.0184408 0.0913539 1.74273e-05 0.000148887 -4.21018e-05 1.74273e-05 0.01015 -0.0185474 1.80042e-05 0.000148887 -0.0185474 0.0913795 
0.00997988 -0.0184192 -3.87401e-05 -1.03594e-05 -0.0184192 0.0912701 -2.11802e-06 0.00019044 -3.87401e-05 -2.11802e-06 0.0101606 -0.018557 -1.03594e-05 0.00019044 -0.018557 0.0913939 
0.00999634 -0.0184292 -2.29897e-05 -1.85379e-05 -0.0184292 0.0913559 -6.21659e-06 0.000226073 -2.29897e-05 -6.21659e-06 0.0101572 -0.0186033 -1.85379e-05 0.000226073 -0.0186033 0.0915776 
0.0100154 -0.0184684 -4.38211e-05 -3.6989e-05 -0.0184684 0.0915284 -2.70257e-05 0.00026883 -4.38211e-05 -2.70257e-05 0.0101733 -0.018625 -3.6989e-05 0.00026883 -0.018625 0.0917727 
0.00999119 -0.0184329 -5.80359e-05 -8.5006e-06 -0.0184329 0.0913603 -1.21372e-06 0.000245002 -5.80359e-05 -1.21372e-06 0.0101682 -0.0185881 -8.5006e-06 0.000245002 -0.0185881 0.0916101 
0.00999118 -0.0184126 -6.32063e-05 1.8655e-05 -0.0184126 0.0912948 1.97497e-05 0.000180928 -6.32063e-05 1.97497e-05 0.010161 -0.0185975 1.8655e-05 0.000180928 -0.0185975 0.0916037 
0.0100219 -0.0184496 -4.54632e-05 2.97944e-05 -0.0184496 0.091451 2.52545e-05 0.00013782 -4.54632e-05 2.52545e-05 0.0101582 -0.0186284 2.97944e-05 0.00013782 -0.0186284 0.0917822 
0.0100482 -0.0184699 -2.55755e-05 5.0004e-06 -0.0184699 0.0914983 -6.44999e-07 0.000166081 -2.55755e-05 -6.44999e-07 0.0101338 -0.0186072 5.0004e-06 0.000166081 -0.0186072 0.0917681 
0.0100246 -0.0184523 -1.90125e-05 -2.87278e-05 -0.0184523 0.0913235 -3.32091e-05 0.000245939 -1.90125e-05 -3.32091e-05 0.0100979 -0.0185216 -2.87278e-05 0.000245939 -0.0185216 0.0914476 
0.0100411 -0.018461 -1.56927e-05 -3.72912e-05 -0.018461 0.0913941 -3.96296e-05 0.000292342 -1.56927e-05 -3.96296e-05 0.0100868 -0.018523 -3.72912e-05 0.000292342 -0.018523 0.0914505 
0.0100495 -0.018515 -6.27039e-06 -3.97014e-05 -0.018515 0.0916054 -3.87301e-05 0.000305019 -6.27039e-06 -3.87301e-05 0.010105 -0.0185323 -3.97014e-05 0.000305019 -0.0185323 0.0915646 
0.0100737 -0.018514 -1.37462e-05 -4.94243e-05 -0.018514 0.0916612 -5.04765e-05 0.000322504 -1.37462e-05 -5.04765e-05 0.0100811 -0.0185359 -4.94243e-05 0.000322504 -0.0185359 0.0915703 
0.0100655 -0.0185039 1.80832e-06 -3.84104e-05 -0.0185039 0.0915191 -3.80314e-05 0.000309851 1.80832e-06 -3.80314e-05 0.0100438 -0.0184536 -3.84104e-05 0.000309851 -0.0184536 0.0912874 
0.0100397 -0.0184761 -2.40425e-07 -5.40575e-05 -0.0184761 0.0913354 -5.21492e-05 0.000315401 -2.40425e-07 -5.21492e-05 0.0100075 -0.018367 -5.40575e-05 0.000315401 -0.018367 0.090908 
0.0100062 -0.0183897 -1.18765e-05 -5.45941e-05 -0.0183897 0.0909285 -5.35598e-05 0.000326667 -1.18765e-05 -5.35598e-05 0.00995293 -0.0182698 -5.45941e-05 0.000326667 -0.0182698 0.0904047 
0.00999453 -0.0183614 -7.19226e-06 -4.32573e-05 -0.0183614 0.090748 -4.3261e-05 0.000317787 -7.19226e-06 -4.3261e-05 0.00993768 -0.0182303 -4.32573e-05 0.000317787 -0.0182303 0.0901941 
0.00997978 -0.0183711 -1.2068e-05 -4.9242e-05 -0.0183711 0.0907645 -4.94462e-05 0.000322425 -1.2068e-05 -4.94462e-05 0.00996459 -0.018246 -4.9242e-05 0.000322425 -0.018246 0.090224 
0.00998172 -0.0183899 -3.44396e-05 -4.2556e-05 -0.0183899 0.0909126 -4.44187e-05 0.000319199 -3.44396e-05 -4.44187e-05 0.0100015 -0.0183128 -4.2556e-05 0.000319199 -0.0183128 0.090454 
0.00997909 -0.0184146 -5.22169e-05 -1.5618e-05 -0.0184146 0.0910913 -1.9183e-05 0.00027887 -5.22169e-05 -1.9183e-05 0.0100526 -0.0183896 -1.5618e-05 0.00027887 -0.0183896 0.0907727 
0.010019 -0.0184622 -5.3556e-05 5.40018e-06 -0.0184622 0.0914359 8.13437e-06 0.000218405 -5.3556e-05 8.13437e-06 0.0101057 -0.0185181 5.40018e-06 0.000218405 -0.0185181 0.0913211 
0.0100415 -0.0184936 -4.50968e-05 6.02105e-06 -0.0184936 0.0915913 1.5005e-05 0.000184283 -4.50968e-05 1.5005e-05 0.0101302 -0.0185707 6.02105e-06 0.000184283 -0.0185707 0.0916056 
0.0099917 -0.0183896 -4.6055e-05 -1.09656e-06 -0.0183896 0.0910678 8.58667e-06 0.000179224 -4.6055e-05 8.58667e-06 0.010086 -0.0184704 -1.09656e-06 0.000179224 -0.0184704 0.091134 
0.0100333 -0.0184562 -4.77691e-05 -1.3178e-07 -0.0184562 0.0913732 5.18934e-06 0.000187206 -4.77691e-05 5.18934e-06 0.0100958 -0.0185469 -1.3178e-07 0.000187206 -0.0185469 0.0914731 
0.0100404 -0.0184776 -5.29287e-05 -2.19161e-07 -0.0184776 0.0914489 5.49029e-06 0.000192458 -5.29287e-05 5.49029e-06 0.0100814 -0.0185324 -2.19161e-07 0.000192458 -0.0185324 0.0915131 
0.0100513 -0.0184913 -6.61752e-05 2.42539e-06 -0.0184913 0.0915259 7.70947e-06 0.000195153 -6.61752e-05 7.70947e-06 0.010072 -0.0185172 2.42539e-06 0.000195153 -0.0185172 0.0915222 
0.0100322 -0.0184638 -4.7594e-05 2.1583e-05 -0.0184638 0.0913774 2.18409e-05 0.00017001 -4.7594e-05 2.18409e-05 0.0100513 -0.0184579 2.1583e-05 0.00017001 -0.0184579 0.0912887 
0.00998777 -0.0183655 -4.79142e-05 6.27263e-06 -0.0183655 0.0908935 8.05643e-07 0.000177722 -4.79142e-05 8.05643e-07 0.00999291 -0.0183442 6.27263e-06 0.000177722 -0.0183442 0.0907305 
0.0099823 -0.0183291 -4.31194e-05 5.91171e-06 -0.0183291 0.0906767 2.77231e-07 0.000189299 -4.31194e-05 2.77231e-07 0.00994584 -0.0182914 5.91171e-06 0.000189299 -0.0182914 0.0904607 
0.00997066 -0.0183295 -4.52599e-05 5.4965e-07 -0.0183295 0.09061 1.0935e-07 0.00018995 -4.52599e-05 1.0935e-07 0.00993758 -0.0182494 5.4965e-07 0.00018995 -0.0182494 0.090315 
0.00998666 -0.0183775 -4.56785e-05 1.69011e-06 -0.0183775 0.0908579 4.97566e-06 0.000183891 -4.56785e-05 4.97566e-06 0.00996678 -0.0182972 1.69011e-06 0.000183891 -0.0182972 0.0905171 
0.00995219 -0.0183583 -6.10398e-05 4.69363e-06 -0.0183583 0.0908057 1.00329e-05 0.000168765 -6.10398e-05 1.00329e-05 0.00999695 -0.0182988 4.69363e-06 0.000168765 -0.0182988 0.0904956 
0.00993409 -0.0183089 -7.05233e-05 2.16522e-05 -0.0183089 0.0906808 2.5658e-05 0.000140315 -7.05233e-05 2.5658e-05 0.0100107 -0.0183332 2.16522e-05 0.000140315 -0.0183332 0.0905253 
0.00993812 -0.0183113 -8.51313e-05 3.36628e-05 -0.0183113 0.0907237 3.44378e-05 0.000111852 -8.51313e-05 3.44378e-05 0.0100398 -0.0183931 3.36628e-05 0.000111852 -0.0183931 0.0907582 
0.00995576 -0.0183647 -7.97816e-05 5.25742e-05 -0.0183647 0.090995 5.129e-05 7.48101e-05 -7.97816e-05 5.129e-05 0.0100831 -0.0184791 5.25742e-05 7.48101e-05 -0.0184791 0.091158 
0.00993817 -0.0183208 -7.06592e-05 4.59244e-05 -0.0183208 0.0908225 4.33133e-05 7.00597e-05 -7.06592e-05 4.33133e-05 0.0100751 -0.0184551 4.59244e-05 7.00597e-05 -0.0184551 0.0910496 
0.00995576 -0.0183166 -4.64737e-05 3.31908e-05 -0.0183166 0.0907776 2.79483e-05 9.76997e-05 -4.64737e-05 2.79483e-05 0.01006 -0.0184436 3.31908e-05 9.76997e-05 -0.0184436 0.0909903 
0.00996426 -0.0183497 -2.91765e-05 1.48563e-06 -0.0183497 0.0908407 1.44422e-06 0.000155995 -2.91765e-05 1.44422e-06 0.0100586 -0.018426 1.48563e-06 0.000155995 -0.018426 0.0909485 
0.00995974 -0.0183472 -2.06774e-05 -2.42891e-05 -0.0183472 0.0908196 -1.79986e-05 0.000219402 -2.06774e-05 -1.79986e-05 0.0100492 -0.0184076 -2.42891e-05 0.000219402 -0.0184076 0.0908431 
0.00993728 -0.0183215 -2.5742e-05 -3.53453e-05 -0.0183215 0.0907033 -2.91336e-05 0.0002638 -2.5742e-05 -2.91336e-05 0.0100431 -0.0183825 -3.53453e-05 0.0002638 -0.0183825 0.0907028 
0.00990307 -0.0182315 -3.69489e-05 -2.60595e-05 -0.0182315 0.0903016 -2.45613e-05 0.0002673 -3.69489e-05 -2.45613e-05 0.0099958 -0.0183202 -2.60595e-05 0.0002673 -0.0183202 0.0903501 
0.00989187 -0.018241 -5.33378e-05 -8.39416e-06 -0.018241 0.0903073 -1.41921e-05 0.00024305 -5.33378e-05 -1.41921e-05 0.0100161 -0.018322 -8.39416e-06 0.00024305 -0.018322 0.0903832 
0.00992455 -0.0182712 -6.29088e-05 1.72794e-05 -0.0182712 0.0905202 6.44111e-06 0.000191903 -6.29088e-05 6.44111e-06 0.0100368 -0.018405 1.72794e-05 0.000191903 -0.018405 0.0907015 
0.0100012 -0.0183631 -8.18643e-05 2.90027e-05 -0.0183631 0.0909298 1.62122e-05 0.000154993 -8.18643e-05 1.62122e-05 0.0100452 -0.0184807 2.90027e-05 0.000154993 -0.0184807 0.0911388 
0.0100664 -0.0185057 -9.16509e-05 4.82949e-05 -0.0185057 0.0914913 3.64593e-05 0.000116885 -9.16509e-05 3.64593e-05 0.0100735 -0.0185224 4.82949e-05 0.000116885 -0.0185224 0.0915252 
0.0100913 -0.0185727 -7.73056e-05 5.52551e-05 -0.0185727 0.091813 5.31998e-05 8.25276e-05 -7.73056e-05 5.31998e-05 0.0100981 -0.0185379 5.52551e-05 8.25276e-05 -0.0185379 0.0916664 
0.00928522 -0.0170814 -4.96702e-05 3.08638e-05 -0.0170814 0.0844818 4.12388e-05 8.27165e-05 -4.96702e-05 4.12388e-05 0.00929758 -0.0170497 3.08638e-05 8.27165e-05 -0.0170497 0.0842846 
0.0100332 -0.0185123 -3.40062e-05 -1.98553e-07 -0.0185123 0.0915664 1.92003e-05 0.000144175 -3.40062e-05 1.92003e-05 0.010128 -0.0184936 -1.98553e-07 0.000144175 -0.0184936 0.091371 
0.00999083 -0.0184346 -1.4673e-05 -2.68225e-05 -0.0184346 0.0913185 -8.16422e-06 0.000216395 -1.4673e-05 -8.16422e-06 0.0101462 -0.0185243 -2.68225e-05 0.000216395 -0.0185243 0.0913134 
0.00998941 -0.0184058 -2.26353e-05 -4.82112e-05 -0.0184058 0.0912408 -3.16217e-05 0.000279484 -2.26353e-05 -3.16217e-05 0.0101556 -0.0185806 -4.82112e-05 0.000279484 -0.0185806 0.0914787 
0.0100047 -0.0184322 -3.08194e-05 -4.19404e-05 -0.0184322 0.0913525 -2.83922e-05 0.000304718 -3.08194e-05 -2.83922e-05 0.0101703 -0.0186288 -4.19404e-05 0.000304718 -0.0186288 0.0917347 
0.0100059 -0.0184257 -2.05899e-05 -3.0779e-05 -0.0184257 0.0913143 -2.28379e-05 0.00029806 -2.05899e-05 -2.28379e-05 0.0101665 -0.0186223 -3.0779e-05 0.00029806 -0.0186223 0.091746 
0.0100509 -0.0184515 -5.64921e-06 -4.27587e-05 -0.0184515 0.0914233 -3.57964e-05 0.000313732 -5.64921e-06 -3.57964e-05 0.0101569 -0.0186416 -4.27587e-05 0.000313732 -0.0186416 0.0918604 
0.00930434 -0.0170527 -1.48878e-05 -5.90212e-05 -0.0170527 0.0843508 -5.1606e-05 0.000331456 -1.48878e-05 -5.1606e-05 0.00933767 -0.0171543 -5.90212e-05 0.000331456 -0.0171543 0.0846283 
0.00937748 -0.0172029 -3.67858e-05 -4.64156e-05 -0.0172029 0.0849425 -4.52588e-05 0.000340839 -3.67858e-05 -4.52588e-05 0.00936063 -0.0172019 -4.64156e-05 0.000340839 -0.0172019 0.0849654 
0.00940025 -0.0172436 -4.74826e-05 -1.49397e-05 -0.0172436 0.0851101 -2.37594e-05 0.000298591 -4.74826e-05 -2.37594e-05 0.00934988 -0.0171818 -1.49397e-05 0.000298591 -0.0171818 0.0849258 
0.00944504 -0.0173452 -5.1251e-05 -2.39528e-07 -0.0173452 0.0855996 -1.18001e-05 0.000258047 -5.1251e-05 -1.18001e-05 0.00939418 -0.0172515 -2.39528e-07 0.000258047 -0.0172515 0.0852961 
0.00944095 -0.017348 -5.5828e-05 3.25029e-06 -0.017348 0.0856623 -6.63282e-06 0.000237126 -5.5828e-05 -6.63282e-06 0.00942352 -0.017268 3.25029e-06 0.000237126 -0.017268 0.0853583 
0.00943127 -0.0173498 -5.65559e-05 6.61945e-06 -0.0173498 0.0857136 -7.55819e-07 0.000226679 -5.65559e-05 -7.55819e-07 0.00945356 -0.0173081 6.61945e-06 0.000226679 -0.0173081 0.0854764 
0.00938123 -0.0172904 -3.94158e-05 5.79644e-06 -0.0172904 0.0854806 2.26608e-06 0.000220026 -3.94158e-05 2.26608e-06 0.00946781 -0.0172936 5.79644e-06 0.000220026 -0.0172936 0.0853432 
0.00937314 -0.0172607 -2.18142e-05 -1.76938e-05 -0.0172607 0.0854388 -1.59243e-05 0.000250317 -2.18142e-05 -1.59243e-05 0.00948574 -0.0173436 -1.76938e-05 0.000250317 -0.0173436 0.0854645 
0.00936213 -0.0171881 -3.37856e-05 -4.57294e-05 -0.0171881 0.0851052 -4.07861e-05 0.000314581 -3.37856e-05 -4.07861e-05 0.0094527 -0.0173129 -4.57294e-05 0.000314581 -0.0173129 0.0852822 
0.00937425 -0.0172121 -4.97811e-05 -3.24528e-05 -0.0172121 0.0851244 -2.62325e-05 0.00032271 -4.97811e-05 -2.62325e-05 0.00944938 -0.0173122 -3.24528e-05 0.00032271 -0.0173122 0.0853214 
0.00941049 -0.0172688 -6.42453e-05 -6.04513e-06 -0.0172688 0.0853614 -4.20905e-06 0.000277719 -6.42453e-05 -4.20905e-06 0.00945163 -0.0173447 -6.04513e-06 0.000277719 -0.0173447 0.0855092 
0.00937678 -0.0172457 -5.34426e-05 1.58471e-05 -0.0172457 0.0851949 1.67384e-05 0.000216219 -5.34426e-05 1.67384e-05 0.00944065 -0.0172723 1.58471e-05 0.000216219 -0.0172723 0.0852338 
0.00935609 -0.0171825 -4.15401e-05 2.1056e-06 -0.0171825 0.0849511 6.43637e-07 0.000215626 -4.15401e-05 6.43637e-07 0.00942053 -0.017242 2.1056e-06 0.000215626 -0.017242 0.0849975 
0.00935703 -0.0171761 -3.44883e-05 -1.67703e-05 -0.0171761 0.0848828 -1.86039e-05 0.000257161 -3.44883e-05 -1.86039e-05 0.00941329 -0.0172388 -1.67703e-05 0.000257161 -0.0172388 0.0849577 
0.00934745 -0.0171901 -3.50747e-05 -2.86813e-05 -0.0171901 0.0849061 -2.8259e-05 0.00029564 -3.50747e-05 -2.8259e-05 0.00942364 -0.0172356 -2.86813e-05 0.00029564 -0.0172356 0.084954 
0.00936155 -0.0172466 -3.30489e-05 -3.20983e-05 -0.0172466 0.0852266 -3.14884e-05 0.000321442 -3.30489e-05 -3.14884e-05 0.00946782 -0.0173093 -3.20983e-05 0.000321442 -0.0173093 0.0852754 
0.00934963 -0.0172147 -3.80319e-05 -3.2755e-05 -0.0172147 0.0851627 -3.58986e-05 0.000334882 -3.80319e-05 -3.58986e-05 0.00946587 -0.0173193 -3.2755e-05 0.000334882 -0.0173193 0.0852864 
0.00937942 -0.0172303 -3.63859e-05 -2.11267e-05 -0.0172303 0.0852681 -2.7001e-05 0.000319747 -3.63859e-05 -2.7001e-05 0.00945394 -0.0173539 -2.11267e-05 0.000319747 -0.0173539 0.0854646 
0.00940547 -0.0172536 -4.28391e-05 -2.29896e-05 -0.0172536 0.0853152 -2.96093e-05 0.000313898 -4.28391e-05 -2.96093e-05 0.00943334 -0.0173267 -2.29896e-05 0.000313898 -0.0173267 0.0854615 
0.0094015 -0.0172319 -4.69968e-05 -1.49904e-05 -0.0172319 0.0851202 -2.14273e-05 0.00029956 -4.69968e-05 -2.14273e-05 0.00939661 -0.0172383 -1.49904e-05 0.00029956 -0.0172383 0.0851177 
0.00937027 -0.0172033 -5.37578e-05 -8.29685e-06 -0.0172033 0.0849069 -1.25663e-05 0.000276546 -5.37578e-05 -1.25663e-05 0.00937632 -0.0171681 -8.29685e-06 0.000276546 -0.0171681 0.0847728 
0.00935143 -0.0172056 -5.76084e-05 -2.69691e-06 -0.0172056 0.0849344 -2.43487e-06 0.000257031 -5.76084e-05 -2.43487e-06 0.00939157 -0.0171765 -2.69691e-06 0.000257031 -0.0171765 0.0847482 
0.00937897 -0.0172239 -6.40918e-05 -7.44187e-07 -0.0172239 0.0851011 2.87012e-06 0.000244772 -6.40918e-05 2.87012e-06 0.00940179 -0.0172343 -7.44187e-07 0.000244772 -0.0172343 0.0849611 
0.0093856 -0.0172518 -7.67492e-05 6.76458e-06 -0.0172518 0.0852001 1.07855e-05 0.000228336 -7.67492e-05 1.07855e-05 0.00941343 -0.0172448 6.76458e-06 0.000228336 -0.0172448 0.0850645 
0.00938494 -0.0172696 -8.29982e-05 2.48609e-05 -0.0172696 0.0853136 2.6433e-05 0.000193885 -8.29982e-05 2.6433e-05 0.00942656 -0.0172697 2.48609e-05 0.000193885 -0.0172697 0.0851814 
0.00939784 -0.0172654 -8.88043e-05 3.97765e-05 -0.0172654 0.0853495 3.87818e-05 0.000149286 -8.88043e-05 3.87818e-05 0.00942214 -0.0172833 3.97765e-05 0.000149286 -0.0172833 0.0852525 
0.00937163 -0.0172387 -7.54179e-05 4.76896e-05 -0.0172387 0.0851846 4.71622e-05 0.000116559 -7.54179e-05 4.71622e-05 0.00942179 -0.0172373 4.76896e-05 0.000116559 -0.0172373 0.0850767 
0.00936012 -0.0171658 -7.46564e-05 3.00177e-05 -0.0171658 0.0848639 3.07645e-05 0.000130145 -7.46564e-05 3.07645e-05 0.00938834 -0.0171963 3.00177e-05 0.000130145 -0.0171963 0.0847925 
0.00936708 -0.0171414 -6.85784e-05 1.97243e-05 -0.0171414 0.0846401 2.24516e-05 0.000165316 -6.85784e-05 2.24516e-05 0.00934633 -0.017149 1.97243e-05 0.000165316 -0.017149 0.0845647 
0.00939823 -0.0172054 -5.57248e-05 7.151e-06 -0.0172054 0.0848175 1.18229e-05 0.000203037 -5.57248e-05 1.18229e-05 0.00934318 -0.0171493 7.151e-06 0.000203037 -0.0171493 0.0846278 
0.00944544 -0.0173124 -3.21949e-05 -1.16903e-05 -0.0173124 0.0852853 -5.23594e-06 0.000251787 -3.21949e-05 -5.23594e-06 0.00937096 -0.0172066 -1.16903e-05 0.000251787 -0.0172066 0.0849529 
0.00945304 -0.017398 -2.34767e-05 -4.04014e-05 -0.017398 0.085718 -3.2891e-05 0.000315995 -2.34767e-05 -3.2891e-05 0.00942719 -0.0172649 -4.04014e-05 0.000315995 -0.0172649 0.0852804 
0.0094685 -0.0174133 -2.48992e-05 -5.24504e-05 -0.0174133 0.0859659 -4.42318e-05 0.000365164 -2.48992e-05 -4.42318e-05 0.00946637 -0.0173475 -5.24504e-05 0.000365164 -0.0173475 0.0856023 
0.00945547 -0.0173922 -3.81883e-05 -4.67769e-05 -0.0173922 0.0859369 -4.07591e-05 0.000371225 -3.81883e-05 -4.07591e-05 0.00948333 -0.0173802 -4.67769e-05 0.000371225 -0.0173802 0.0857404 
0.00945108 -0.01738 -5.82314e-05 -3.1889e-05 -0.01738 0.0859205 -2.86216e-05 0.0003525 -5.82314e-05 -2.86216e-05 0.0095056 -0.0173978 -3.1889e-05 0.0003525 -0.0173978 0.0858299 
0.00948696 -0.0174094 -7.26154e-05 -8.76372e-06 -0.0174094 0.0860918 -4.26267e-06 0.000308494 -7.26154e-05 -4.26267e-06 0.00951874 -0.0174647 -8.76372e-06 0.000308494 -0.0174647 0.0861064 
0.00949661 -0.0173449 -7.17691e-05 1.25483e-05 -0.0173449 0.0857213 1.74601e-05 0.00024891 -7.17691e-05 1.74601e-05 0.00945809 -0.0173866 1.25483e-05 0.00024891 -0.0173866 0.0857815 
0.0094845 -0.0173455 -4.84488e-05 1.38268e-05 -0.0173455 0.085513 1.7043e-05 0.000222234 -4.84488e-05 1.7043e-05 0.00942767 -0.0172928 1.38268e-05 0.000222234 -0.0172928 0.0854282 
0.0094885 -0.0173644 -4.0025e-05 -1.22312e-05 -0.0173644 0.0855502 -8.26869e-06 0.000252041 -4.0025e-05 -8.26869e-06 0.00941544 -0.0172802 -1.22312e-05 0.000252041 -0.0172802 0.0853306 
0.00949379 -0.0174287 -2.03456e-05 -2.97323e-05 -0.0174287 0.0858492 -2.70838e-05 0.000307648 -2.03456e-05 -2.70838e-05 0.0094589 -0.017323 -2.97323e-05 0.000307648 -0.017323 0.085548 
0.0095258 -0.0174416 -3.01527e-05 -5.91422e-05 -0.0174416 0.0860196 -5.70232e-05 0.000382298 -3.01527e-05 -5.70232e-05 0.00946613 -0.0173842 -5.91422e-05 0.000382298 -0.0173842 0.0857653 
0.0095241 -0.0174108 -3.26104e-05 -5.27488e-05 -0.0174108 0.0858147 -5.01049e-05 0.000411211 -3.26104e-05 -5.01049e-05 0.00942757 -0.0173312 -5.27488e-05 0.000411211 -0.0173312 0.0855718 
0.0095131 -0.0174035 -2.92441e-05 -5.08422e-05 -0.0174035 0.085694 -4.75687e-05 0.00041473 -2.92441e-05 -4.75687e-05 0.00941803 -0.0172758 -5.08422e-05 0.00041473 -0.0172758 0.0853669 
0.00950424 -0.0173911 -1.59195e-05 -4.97506e-05 -0.0173911 0.0856257 -5.04464e-05 0.00041486 -1.59195e-05 -5.04464e-05 0.00942677 -0.0172696 -4.97506e-05 0.00041486 -0.0172696 0.0852739 
0.0094951 -0.0173936 -2.96563e-05 -6.5343e-05 -0.0173936 0.0856311 -6.89266e-05 0.000443822 -2.96563e-05 -6.89266e-05 0.00944213 -0.0172899 -6.5343e-05 0.000443822 -0.0172899 0.085302 
0.00953739 -0.0174736 -4.21161e-05 -4.94326e-05 -0.0174736 0.0860581 -5.44069e-05 0.000439545 -4.21161e-05 -5.44069e-05 0.00947552 -0.0173974 -4.94326e-05 0.000439545 -0.0173974 0.0857786 
0.00952671 -0.0174683 -6.22428e-05 -2.75916e-05 -0.0174683 0.0860436 -3.30023e-05 0.00038792 -6.22428e-05 -3.30023e-05 0.00947615 -0.0173749 -2.75916e-05 0.00038792 -0.0173749 0.0857497 
0.00953936 -0.0174939 -7.82301e-05 -2.84706e-07 -0.0174939 0.0862076 -4.94165e-06 0.000319145 -7.82301e-05 -4.94165e-06 0.00948194 -0.017406 -2.84706e-07 0.000319145 -0.017406 0.0858974 
0.00955085 -0.0175186 -7.09382e-05 1.47747e-05 -0.0175186 0.086367 1.47063e-05 0.000265266 -7.09382e-05 1.47063e-05 0.00950149 -0.0174352 1.47747e-05 0.000265266 -0.0174352 0.0860766 
0.00951616 -0.0174791 -6.05354e-05 3.61132e-06 -0.0174791 0.0862059 9.3747e-06 0.000255984 -6.05354e-05 9.3747e-06 0.00950311 -0.0174093 3.61132e-06 0.000255984 -0.0174093 0.0859511 
0.00952261 -0.0174713 -4.01175e-05 -1.53137e-05 -0.0174713 0.0862496 -5.80821e-06 0.000290482 -4.01175e-05 -5.80821e-06 0.00951352 -0.0174542 -1.53137e-05 0.000290482 -0.0174542 0.0861065 
0.00951583 -0.0174426 -4.18109e-05 -4.15004e-05 -0.0174426 0.0861185 -2.85837e-05 0.000343253 -4.18109e-05 -2.85837e-05 0.00950315 -0.0174453 -4.15004e-05 0.000343253 -0.0174453 0.086083 
0.00951108 -0.0174251 -4.965e-05 -3.80178e-05 -0.0174251 0.086004 -2.76473e-05 0.000363578 -4.965e-05 -2.76473e-05 0.00948458 -0.0174194 -3.80178e-05 0.000363578 -0.0174194 0.0859924 
0.00945752 -0.0173744 -5.15678e-05 -2.02882e-05 -0.0173744 0.0857208 -1.77085e-05 0.00033855 -5.15678e-05 -1.77085e-05 0.00946754 -0.0173451 -2.02882e-05 0.00033855 -0.0173451 0.0856685 
