0.00702898 0 -6.42826e-05 0 0 0.00987029 0 0 -6.42826e-05 0 0.0069293 0 0 0 0 0.00987029 
0.00958647 -0.0118984 -5.89376e-05 6.89674e-05 -0.0118984 0.0315506 6.89674e-05 -0.000132289 -5.89376e-05 6.89674e-05 0.00949319 -0.0117847 6.89674e-05 -0.000132289 -0.0117847 0.0313329 
0.00983855 -0.0182892 -4.02032e-05 -2.90629e-06 -0.0182892 0.0673877 -2.90629e-06 3.73518e-05 -4.02032e-05 -2.90629e-06 0.00977738 -0.0182358 -2.90629e-06 3.73518e-05 -0.0182358 0.0672435 
0.00929889 -0.0178755 -7.88595e-05 -8.30323e-05 -0.0178755 0.0800405 -8.96565e-05 0.000573135 -7.88595e-05 -8.96565e-05 0.00925788 -0.0179909 -8.30323e-05 0.000573135 -0.0179909 0.0807691 
0.00904231 -0.0168203 -9.0175e-05 -1.66273e-05 -0.0168203 0.0809026 -1.87624e-05 0.000649664 -9.0175e-05 -1.87624e-05 0.00898993 -0.016963 -1.66273e-05 0.000649664 -0.016963 0.0821016 
0.00928521 -0.0170399 -7.96027e-05 3.48973e-05 -0.0170399 0.0833773 3.74232e-05 0.000432106 -7.96027e-05 3.74232e-05 0.00925531 -0.0171079 3.48973e-05 0.000432106 -0.0171079 0.0843882 
0.00945709 -0.0173022 -6.4316e-05 3.82255e-05 -0.0173022 0.0850535 3.75507e-05 0.000256823 -6.4316e-05 3.75507e-05 0.00945106 -0.0173566 3.82255e-05 0.000256823 -0.0173566 0.0857802 
0.00963982 -0.0176052 -3.71998e-05 1.50481e-05 -0.0176052 0.086736 1.1743e-05 0.000219891 -3.71998e-05 1.1743e-05 0.00963394 -0.0176827 1.50481e-05 0.000219891 -0.0176827 0.0873458 
0.00944345 -0.0171998 -3.30693e-05 -2.75601e-05 -0.0171998 0.084798 -3.07556e-05 0.000275917 -3.30693e-05 -3.07556e-05 0.00941573 -0.0172942 -2.75601e-05 0.000275917 -0.0172942 0.0853925 
0.00975678 -0.0177839 -4.27505e-05 -4.08578e-05 -0.0177839 0.0875927 -4.02804e-05 0.000339405 -4.27505e-05 -4.02804e-05 0.0097324 -0.017863 -4.08578e-05 0.000339405 -0.017863 0.0881938 
0.00968971 -0.0176598 -4.81506e-05 -3.50668e-05 -0.0176598 0.0869605 -2.99331e-05 0.000347386 -4.81506e-05 -2.99331e-05 0.00966029 -0.0177433 -3.50668e-05 0.000347386 -0.0177433 0.0875519 
0.00968382 -0.0176173 -6.97536e-05 -2.76659e-05 -0.0176173 0.0867213 -1.6443e-05 0.000329645 -6.97536e-05 -1.6443e-05 0.00961028 -0.0176986 -2.76659e-05 0.000329645 -0.0176986 0.0873231 
0.00968845 -0.0176225 -7.83569e-05 -3.53428e-06 -0.0176225 0.0866492 5.64523e-06 0.000291629 -7.83569e-05 5.64523e-06 0.00957797 -0.0176487 -3.53428e-06 0.000291629 -0.0176487 0.0871702 
0.00968321 -0.0176088 -6.59378e-05 1.1449e-05 -0.0176088 0.0865062 1.49588e-05 0.000250481 -6.59378e-05 1.49588e-05 0.00954536 -0.0175699 1.1449e-05 0.000250481 -0.0175699 0.086857 
0.0096643 -0.0176064 -6.8184e-05 2.26964e-06 -0.0176064 0.0864342 5.00451e-06 0.000243762 -6.8184e-05 5.00451e-06 0.00953991 -0.0175264 2.26964e-06 0.000243762 -0.0175264 0.0866414 
0.00965587 -0.0176152 -9.35642e-05 9.21275e-06 -0.0176152 0.0865186 1.56002e-05 0.000224553 -9.35642e-05 1.56002e-05 0.00954983 -0.0175578 9.21275e-06 0.000224553 -0.0175578 0.0867109 
0.00965353 -0.017583 -0.000101689 4.4103e-05 -0.017583 0.0864234 5.23174e-05 0.000150254 -0.000101689 5.23174e-05 0.00952022 -0.0175489 4.4103e-05 0.000150254 -0.0175489 0.0866588 
0.00964921 -0.0175746 -7.76582e-05 5.92587e-05 -0.0175746 0.0863472 6.96681e-05 7.82556e-05 -7.76582e-05 6.96681e-05 0.0094884 -0.0175088 5.92587e-05 7.82556e-05 -0.0175088 0.0865581 
0.00964971 -0.0176193 -4.43437e-05 3.03452e-05 -0.0176193 0.086539 4.17337e-05 9.31973e-05 -4.43437e-05 4.17337e-05 0.00949461 -0.0175043 3.03452e-05 9.31973e-05 -0.0175043 0.0866363 
0.00960464 -0.0175429 -1.81721e-05 -1.35637e-05 -0.0175429 0.0862513 -2.44022e-06 0.000178616 -1.81721e-05 -2.44022e-06 0.00947542 -0.0174357 -1.35637e-05 0.000178616 -0.0174357 0.0863078 
0.00959532 -0.0175106 -2.93414e-05 -4.88791e-05 -0.0175106 0.0861576 -3.69649e-05 0.000274814 -2.93414e-05 -3.69649e-05 0.00947492 -0.0174454 -4.88791e-05 0.000274814 -0.0174454 0.0862827 
0.00955806 -0.0174792 -5.08466e-05 -3.25423e-05 -0.0174792 0.0860138 -2.41349e-05 0.000288656 -5.08466e-05 -2.41349e-05 0.00950126 -0.0174427 -3.25423e-05 0.000288656 -0.0174427 0.086246 
0.00957905 -0.0174934 -6.28548e-05 3.60871e-09 -0.0174934 0.0861823 6.1686e-06 0.000229855 -6.28548e-05 6.1686e-06 0.00954114 -0.0175436 3.60871e-09 0.000229855 -0.0175436 0.0866062 
0.00960485 -0.0174972 -5.87933e-05 1.628e-05 -0.0174972 0.0862098 2.30613e-05 0.000171724 -5.87933e-05 2.30613e-05 0.00953509 -0.0175897 1.628e-05 0.000171724 -0.0175897 0.0868162 
0.00960514 -0.0175137 -5.7259e-05 9.37978e-06 -0.0175137 0.0862068 1.90099e-05 0.000159436 -5.7259e-05 1.90099e-05 0.00951845 -0.0175709 9.37978e-06 0.000159436 -0.0175709 0.0868365 
0.00956581 -0.0174783 -6.48572e-05 8.3962e-06 -0.0174783 0.0860247 1.91252e-05 0.000156004 -6.48572e-05 1.91252e-05 0.00950027 -0.0175 8.3962e-06 0.000156004 -0.0175 0.0865755 
0.00951233 -0.0173993 -7.12457e-05 1.94044e-05 -0.0173993 0.0857122 2.73779e-05 0.00013893 -7.12457e-05 2.73779e-05 0.00949037 -0.0174416 1.94044e-05 0.00013893 -0.0174416 0.0862528 
0.00945522 -0.0172909 -6.03134e-05 3.49036e-05 -0.0172909 0.0852528 3.51368e-05 0.000106496 -6.03134e-05 3.51368e-05 0.00946371 -0.0173844 3.49036e-05 0.000106496 -0.0173844 0.0858741 
0.0094714 -0.017256 -2.9191e-05 2.54498e-05 -0.017256 0.0851149 2.40036e-05 0.000103659 -2.9191e-05 2.40036e-05 0.00943985 -0.0173982 2.54498e-05 0.000103659 -0.0173982 0.0858655 
0.0094895 -0.0172598 1.17084e-05 -1.33707e-05 -0.0172598 0.0850096 -1.29563e-05 0.000164808 1.17084e-05 -1.29563e-05 0.00939649 -0.0173572 -1.33707e-05 0.000164808 -0.0173572 0.0857487 
0.00953919 -0.0173447 1.29778e-05 -6.41128e-05 -0.0173447 0.0852947 -6.29949e-05 0.000272798 1.29778e-05 -6.29949e-05 0.00938416 -0.0173554 -6.41128e-05 0.000272798 -0.0173554 0.0858658 
0.00957088 -0.0174274 5.55902e-06 -7.01748e-05 -0.0174274 0.0856107 -6.74437e-05 0.000331338 5.55902e-06 -6.74437e-05 0.00937738 -0.0173456 -7.01748e-05 0.000331338 -0.0173456 0.0859363 
0.00960112 -0.0174832 5.05414e-06 -6.384e-05 -0.0174832 0.085886 -5.73393e-05 0.000336743 5.05414e-06 -5.73393e-05 0.00937006 -0.0173445 -6.384e-05 0.000336743 -0.0173445 0.0860081 
0.00959655 -0.0175309 -8.082e-06 -6.13239e-05 -0.0175309 0.0861145 -5.36396e-05 0.00032566 -8.082e-06 -5.36396e-05 0.00938679 -0.0173396 -6.13239e-05 0.00032566 -0.0173396 0.0860698 
0.00957137 -0.0174866 -3.25848e-05 -3.80998e-05 -0.0174866 0.0860149 -3.64507e-05 0.000284116 -3.25848e-05 -3.64507e-05 0.00938718 -0.0173146 -3.80998e-05 0.000284116 -0.0173146 0.0859222 
0.00953158 -0.0174143 -7.18507e-05 -8.25771e-07 -0.0174143 0.0857161 -7.56395e-06 0.000208794 -7.18507e-05 -7.56395e-06 0.0093854 -0.0172755 -8.25771e-07 0.000208794 -0.0172755 0.085671 
0.00948813 -0.017327 -6.86081e-05 4.56577e-05 -0.017327 0.0853255 3.65046e-05 0.000107431 -6.86081e-05 3.65046e-05 0.00937045 -0.017242 4.56577e-05 0.000107431 -0.017242 0.0853934 
0.00946454 -0.0172693 -5.9311e-05 4.43656e-05 -0.0172693 0.0850519 3.82049e-05 5.80973e-05 -5.9311e-05 3.82049e-05 0.00934566 -0.0172296 4.43656e-05 5.80973e-05 -0.0172296 0.0852532 
0.00945109 -0.0172741 -4.61398e-05 3.17348e-05 -0.0172741 0.0850407 2.7964e-05 6.48409e-05 -4.61398e-05 2.7964e-05 0.00935054 -0.0172292 3.17348e-05 6.48409e-05 -0.0172292 0.0852839 
0.00946533 -0.017287 -3.65707e-05 1.37321e-05 -0.017287 0.0851645 1.23468e-05 9.74375e-05 -3.65707e-05 1.23468e-05 0.00935951 -0.0172706 1.37321e-05 9.74375e-05 -0.0172706 0.0854672 
0.00941959 -0.017212 -2.11307e-05 3.84356e-06 -0.017212 0.0847876 5.45194e-06 0.000119506 -2.11307e-05 5.45194e-06 0.00932607 -0.0171839 3.84356e-06 0.000119506 -0.0171839 0.0850918 
0.00938734 -0.0171589 -2.94022e-05 -1.64326e-05 -0.0171589 0.0845355 -1.42125e-05 0.000158752 -2.94022e-05 -1.42125e-05 0.00930879 -0.0171361 -1.64326e-05 0.000158752 -0.0171361 0.0848289 
0.00974978 -0.0178335 -1.35707e-05 -1.06695e-05 -0.0178335 0.0878772 -9.11507e-06 0.000180366 -1.35707e-05 -9.11507e-06 0.00968367 -0.0178318 -1.06695e-05 0.000180366 -0.0178318 0.0882165 
0.00934017 -0.0170832 -6.92145e-06 -2.89784e-05 -0.0170832 0.0842183 -2.72938e-05 0.00020115 -6.92145e-06 -2.72938e-05 0.00928364 -0.0171074 -2.89784e-05 0.00020115 -0.0171074 0.0846081 
0.00974539 -0.0178089 -1.88951e-06 -3.84841e-05 -0.0178089 0.0878174 -3.73611e-05 0.000241081 -1.88951e-06 -3.73611e-05 0.00967439 -0.0178496 -3.84841e-05 0.000241081 -0.0178496 0.0882847 
0.00974695 -0.0178101 -1.7451e-05 -4.1879e-05 -0.0178101 0.0878014 -4.35871e-05 0.000257495 -1.7451e-05 -4.35871e-05 0.00965705 -0.0178372 -4.1879e-05 0.000257495 -0.0178372 0.0882726 
0.00974715 -0.0178201 -2.28578e-05 -2.38739e-05 -0.0178201 0.0878353 -2.79689e-05 0.000239237 -2.28578e-05 -2.79689e-05 0.00965328 -0.0178169 -2.38739e-05 0.000239237 -0.0178169 0.0882439 
0.00933788 -0.0171124 -3.98517e-05 -1.08827e-05 -0.0171124 0.084346 -1.63992e-05 0.000195119 -3.98517e-05 -1.63992e-05 0.00927498 -0.0170871 -1.08827e-05 0.000195119 -0.0170871 0.0846524 
0.00932453 -0.0170647 -4.2278e-05 1.18165e-05 -0.0170647 0.0842057 4.31047e-06 0.000148825 -4.2278e-05 4.31047e-06 0.00925603 -0.0170732 1.18165e-05 0.000148825 -0.0170732 0.0845251 
0.00974384 -0.0177995 -5.06541e-05 1.73159e-05 -0.0177995 0.0878311 1.0494e-05 0.000121969 -5.06541e-05 1.0494e-05 0.00963856 -0.0178102 1.73159e-05 0.000121969 -0.0178102 0.0881915 
0.00971293 -0.0177933 -5.32619e-05 1.82182e-05 -0.0177933 0.0877275 1.5794e-05 0.000111113 -5.32619e-05 1.5794e-05 0.00963629 -0.0177573 1.82182e-05 0.000111113 -0.0177573 0.0880145 
0.00970305 -0.0177506 -3.84273e-05 1.79555e-05 -0.0177506 0.0876032 2.13864e-05 0.000105472 -3.84273e-05 2.13864e-05 0.00961825 -0.0177485 1.79555e-05 0.000105472 -0.0177485 0.0878978 
0.00968494 -0.0176762 -4.11174e-05 3.29086e-06 -0.0176762 0.0872151 6.39448e-06 0.000121342 -4.11174e-05 6.39448e-06 0.00958057 -0.0176656 3.29086e-06 0.000121342 -0.0176656 0.0875144 
0.00967866 -0.0176775 -3.70154e-05 8.91943e-06 -0.0176775 0.0871113 1.08872e-05 0.000121724 -3.70154e-05 1.08872e-05 0.00957967 -0.0176377 8.91943e-06 0.000121724 -0.0176377 0.0873559 
0.00965921 -0.0176693 -2.56238e-05 6.46293e-06 -0.0176693 0.0870481 8.48172e-06 0.000118892 -2.56238e-05 8.48172e-06 0.00958087 -0.0176414 6.46293e-06 0.000118892 -0.0176414 0.0872909 
0.0096665 -0.0176777 -1.6891e-05 -7.05989e-06 -0.0176777 0.0871266 -6.02875e-06 0.000138492 -1.6891e-05 -6.02875e-06 0.00958122 -0.0176726 -7.05989e-06 0.000138492 -0.0176726 0.0874101 
0.0096525 -0.0177075 -2.28745e-05 -1.71004e-05 -0.0177075 0.0872775 -1.49216e-05 0.000162578 -2.28745e-05 -1.49216e-05 0.00960337 -0.0176974 -1.71004e-05 0.000162578 -0.0176974 0.0875771 
0.00966921 -0.0177259 -2.12653e-05 -1.33384e-05 -0.0177259 0.0874951 -9.05621e-06 0.000166933 -2.12653e-05 -9.05621e-06 0.00960654 -0.0177546 -1.33384e-05 0.000166933 -0.0177546 0.0878492 
0.0096494 -0.0176553 -2.0957e-05 -1.34417e-05 -0.0176553 0.0871809 -9.91514e-06 0.000162113 -2.0957e-05 -9.91514e-06 0.00955629 -0.0176689 -1.34417e-05 0.000162113 -0.0176689 0.0875444 
0.00963562 -0.0176431 -3.83864e-05 -4.97848e-06 -0.0176431 0.0870776 -6.47881e-06 0.000143392 -3.83864e-05 -6.47881e-06 0.00953849 -0.0176216 -4.97848e-06 0.000143392 -0.0176216 0.087385 
0.00961072 -0.0175635 -4.24698e-05 1.38501e-05 -0.0175635 0.0866999 1.05362e-05 0.000109638 -4.24698e-05 1.05362e-05 0.00948412 -0.0175326 1.38501e-05 0.000109638 -0.0175326 0.0869565 
0.00963865 -0.0176323 -5.84595e-05 2.06761e-05 -0.0176323 0.0869653 1.98053e-05 7.73877e-05 -5.84595e-05 1.98053e-05 0.00949514 -0.0175624 2.06761e-05 7.73877e-05 -0.0175624 0.0871452 
0.00963946 -0.0176509 -6.47127e-05 3.63177e-05 -0.0176509 0.0870613 3.98085e-05 4.10241e-05 -6.47127e-05 3.98085e-05 0.00949494 -0.0175551 3.63177e-05 4.10241e-05 -0.0175551 0.0871558 
0.00960264 -0.0175784 -7.77587e-05 3.88213e-05 -0.0175784 0.0867321 4.54722e-05 2.13253e-05 -7.77587e-05 4.54722e-05 0.00947201 -0.0174697 3.88213e-05 2.13253e-05 -0.0174697 0.0867547 
0.00955682 -0.0175023 -6.34335e-05 5.57912e-05 -0.0175023 0.0863642 6.09066e-05 -9.58261e-06 -6.34335e-05 6.09066e-05 0.00946246 -0.0174146 5.57912e-05 -9.58261e-06 -0.0174146 0.0863933 
0.00956818 -0.017572 -5.91113e-05 4.75514e-05 -0.017572 0.0867203 4.98088e-05 -1.81656e-05 -5.91113e-05 4.98088e-05 0.00952965 -0.0175256 4.75514e-05 -1.81656e-05 -0.0175256 0.0868184 
0.00954398 -0.0175588 -5.80769e-05 4.35062e-05 -0.0175588 0.0867656 4.46802e-05 -1.18483e-05 -5.80769e-05 4.46802e-05 0.00957369 -0.0175851 4.35062e-05 -1.18483e-05 -0.0175851 0.0870157 
0.00956809 -0.017545 -3.97152e-05 3.894e-05 -0.017545 0.0868262 4.20379e-05 -1.22296e-06 -3.97152e-05 4.20379e-05 0.00958287 -0.0176648 3.894e-05 -1.22296e-06 -0.0176648 0.0873035 
0.0095761 -0.0175071 -1.95782e-05 1.45716e-05 -0.0175071 0.0865799 1.87445e-05 4.05687e-05 -1.95782e-05 1.87445e-05 0.00954331 -0.0176204 1.45716e-05 4.05687e-05 -0.0176204 0.0871621 
0.00957178 -0.0174723 -7.13365e-06 -9.9046e-06 -0.0174723 0.0862699 -8.13885e-06 0.000102935 -7.13365e-06 -8.13885e-06 0.00948625 -0.0175256 -9.9046e-06 0.000102935 -0.0175256 0.0867836 
0.00960097 -0.0175546 -2.21649e-07 -2.5735e-05 -0.0175546 0.0865395 -2.3572e-05 0.000153723 -2.21649e-07 -2.3572e-05 0.00948483 -0.0175306 -2.5735e-05 0.000153723 -0.0175306 0.0868806 
0.00964945 -0.0176623 -3.46023e-06 -3.63709e-05 -0.0176623 0.0870694 -3.20762e-05 0.000189254 -3.46023e-06 -3.20762e-05 0.00951742 -0.0176029 -3.63709e-05 0.000189254 -0.0176029 0.0872844 
0.00965922 -0.0176911 -1.37767e-05 -3.16626e-05 -0.0176911 0.0872573 -2.65688e-05 0.000192746 -1.37767e-05 -2.65688e-05 0.00952893 -0.0176219 -3.16626e-05 0.000192746 -0.0176219 0.0874259 
0.00964308 -0.0176625 -1.92888e-05 -1.64467e-05 -0.0176625 0.0871672 -1.08544e-05 0.000161175 -1.92888e-05 -1.08544e-05 0.00953073 -0.0175981 -1.64467e-05 0.000161175 -0.0175981 0.0873325 
0.00962742 -0.0176513 -2.60449e-05 -4.54524e-06 -0.0176513 0.0871464 -3.49473e-06 0.000126256 -2.60449e-05 -3.49473e-06 0.00954586 -0.0176135 -4.54524e-06 0.000126256 -0.0176135 0.0873641 
0.00962238 -0.017639 -2.71675e-05 6.36248e-06 -0.017639 0.087151 9.24007e-07 0.000102132 -2.71675e-05 9.24007e-07 0.00956359 -0.0176429 6.36248e-06 0.000102132 -0.0176429 0.0874636 
0.00960328 -0.0176153 -3.29894e-05 7.46697e-06 -0.0176153 0.0870456 -2.58868e-06 9.75669e-05 -3.29894e-05 -2.58868e-06 0.0095755 -0.017633 7.46697e-06 9.75669e-05 -0.017633 0.0874022 
0.00958172 -0.0175889 -3.12477e-05 1.45441e-05 -0.0175889 0.0869432 4.25803e-06 8.78929e-05 -3.12477e-05 4.25803e-06 0.00958785 -0.0176354 1.45441e-05 8.78929e-05 -0.0176354 0.0873425 
0.00959928 -0.017559 -1.44196e-05 1.2648e-05 -0.017559 0.0868519 8.83774e-06 7.77723e-05 -1.44196e-05 8.83774e-06 0.00955887 -0.0176597 1.2648e-05 7.77723e-05 -0.0176597 0.0873669 
0.00962365 -0.0175729 1.5736e-05 -9.02236e-06 -0.0175729 0.0868145 -2.20286e-06 9.34477e-05 1.5736e-05 -2.20286e-06 0.00952558 -0.0176273 -9.02236e-06 9.34477e-05 -0.0176273 0.087325 
0.00965179 -0.0176299 -4.492e-06 -4.82328e-05 -0.0176299 0.0869844 -3.35698e-05 0.000154187 -4.492e-06 -3.35698e-05 0.00951819 -0.0176138 -4.82328e-05 0.000154187 -0.0176138 0.0873686 
0.00964577 -0.0176387 -1.57476e-05 -2.63408e-05 -0.0176387 0.0869726 -1.00267e-05 0.000150288 -1.57476e-05 -1.00267e-05 0.00950998 -0.0175656 -2.63408e-05 0.000150288 -0.0175656 0.0871947 
0.0096065 -0.0175918 -2.50934e-05 -5.18535e-06 -0.0175918 0.0867426 4.45244e-06 0.00010454 -2.50934e-05 4.45244e-06 0.00949483 -0.0175028 -5.18535e-06 0.00010454 -0.0175028 0.0868583 
0.00958559 -0.0175779 -1.4992e-05 9.3533e-06 -0.0175779 0.0867182 1.25136e-05 6.72942e-05 -1.4992e-05 1.25136e-05 0.00950659 -0.0175147 9.3533e-06 6.72942e-05 -0.0175147 0.0868341 
0.0095351 -0.0175088 -1.35502e-05 -4.02512e-06 -0.0175088 0.0864611 8.77544e-08 7.48538e-05 -1.35502e-05 8.77544e-08 0.00950803 -0.0175008 -4.02512e-06 7.48538e-05 -0.0175008 0.0866882 
0.00953671 -0.0174833 -1.36219e-05 -1.14142e-05 -0.0174833 0.0864489 -4.68974e-06 9.67765e-05 -1.36219e-05 -4.68974e-06 0.00950608 -0.0175621 -1.14142e-05 9.67765e-05 -0.0175621 0.0868943 
0.00954969 -0.0175013 -2.78135e-05 -1.1148e-05 -0.0175013 0.0865341 -4.52054e-06 0.000103644 -2.78135e-05 -4.52054e-06 0.00951792 -0.0175835 -1.1148e-05 0.000103644 -0.0175835 0.0870931 
0.00953679 -0.0174677 -3.09676e-05 9.31834e-06 -0.0174677 0.086354 1.28033e-05 7.35542e-05 -3.09676e-05 1.28033e-05 0.00948936 -0.017535 9.31834e-06 7.35542e-05 -0.017535 0.0869064 
0.00952824 -0.0174742 -3.19861e-05 2.26236e-05 -0.0174742 0.0863625 2.45226e-05 2.73884e-05 -3.19861e-05 2.45226e-05 0.00949414 -0.017519 2.26236e-05 2.73884e-05 -0.017519 0.0868671 
0.00951417 -0.0174688 -1.13882e-05 2.14138e-05 -0.0174688 0.0863683 2.4015e-05 1.11328e-05 -1.13882e-05 2.4015e-05 0.00951057 -0.0175184 2.14138e-05 1.11328e-05 -0.0175184 0.0868412 
0.00949121 -0.0174235 -9.47359e-06 -4.3908e-07 -0.0174235 0.0862057 3.76783e-07 3.8005e-05 -9.47359e-06 3.76783e-07 0.00951515 -0.0175111 -4.3908e-07 3.8005e-05 -0.0175111 0.0867274 
0.00948923 -0.0173839 -2.27748e-05 1.60508e-06 -0.0173839 0.0860312 4.78065e-07 4.74001e-05 -2.27748e-05 4.78065e-07 0.00949843 -0.0175106 1.60508e-06 4.74001e-05 -0.0175106 0.0866473 
0.00953808 -0.0174438 -3.19933e-05 1.5795e-05 -0.0174438 0.0862653 1.34775e-05 2.97546e-05 -3.19933e-05 1.34775e-05 0.00949961 -0.0175629 1.5795e-05 2.97546e-05 -0.0175629 0.0869247 
0.00955438 -0.0174616 -1.52337e-05 2.29054e-05 -0.0174616 0.0862531 2.63811e-05 5.21054e-06 -1.52337e-05 2.63811e-05 0.00948056 -0.0175187 2.29054e-05 5.21054e-06 -0.0175187 0.0868205 
0.00954705 -0.0175041 -8.34784e-06 -1.82659e-06 -0.0175041 0.0863786 1.14015e-05 2.38061e-05 -8.34784e-06 1.14015e-05 0.00949906 -0.0175075 -1.82659e-06 2.38061e-05 -0.0175075 0.086803 
0.00955102 -0.0175443 8.56669e-07 -1.73601e-05 -0.0175443 0.0866573 1.68187e-06 6.17084e-05 8.56669e-07 1.68187e-06 0.00954316 -0.0175757 -1.73601e-05 6.17084e-05 -0.0175757 0.0870621 
0.00959309 -0.0176199 -5.62084e-06 -2.71051e-05 -0.0176199 0.0871391 -1.07859e-05 9.31735e-05 -5.62084e-06 -1.07859e-05 0.00960886 -0.0177068 -2.71051e-05 9.31735e-05 -0.0177068 0.087645 
0.00961284 -0.0176098 6.25748e-06 -1.56963e-05 -0.0176098 0.0871365 -7.21029e-06 9.54223e-05 6.25748e-06 -7.21029e-06 0.00961338 -0.0177255 -1.56963e-05 9.54223e-05 -0.0177255 0.0877352 
0.00965753 -0.0176316 9.38286e-08 -2.39196e-05 -0.0176316 0.0871758 -2.25597e-05 0.000107236 9.38286e-08 -2.25597e-05 0.00959549 -0.0177368 -2.39196e-05 0.000107236 -0.0177368 0.0878053 
0.00971124 -0.0177078 -5.21267e-06 -1.76201e-05 -0.0177078 0.0873875 -1.97891e-05 0.000112451 -5.21267e-06 -1.97891e-05 0.009579 -0.0177345 -1.76201e-05 0.000112451 -0.0177345 0.0879001 
0.00974764 -0.0178209 -1.45075e-05 -7.3051e-06 -0.0178209 0.0878119 -1.01457e-05 9.25542e-05 -1.45075e-05 -1.01457e-05 0.00959741 -0.0177526 -7.3051e-06 9.25542e-05 -0.0177526 0.0881065 
0.0097309 -0.0177847 -2.22444e-05 2.66259e-06 -0.0177847 0.0876725 -2.72669e-06 7.27218e-05 -2.22444e-05 -2.72669e-06 0.00957496 -0.0176915 2.66259e-06 7.27218e-05 -0.0176915 0.0878285 
0.00970992 -0.0177592 -2.35604e-05 1.74571e-05 -0.0177592 0.0875585 6.40927e-06 4.30253e-05 -2.35604e-05 6.40927e-06 0.00957637 -0.0176726 1.74571e-05 4.30253e-05 -0.0176726 0.087699 
0.00969924 -0.0177343 -1.09206e-05 2.2073e-05 -0.0177343 0.0874758 8.79703e-06 2.27114e-05 -1.09206e-05 8.79703e-06 0.00958222 -0.0176856 2.2073e-05 2.27114e-05 -0.0176856 0.0876905 
0.00968906 -0.0176929 1.00816e-07 5.11694e-06 -0.0176929 0.0872757 -7.1426e-06 4.29517e-05 1.00816e-07 -7.1426e-06 0.00956867 -0.0176668 5.11694e-06 4.29517e-05 -0.0176668 0.0875691 
0.00967951 -0.0176721 -1.00821e-05 -1.55861e-05 -0.0176721 0.087126 -2.21047e-05 8.90726e-05 -1.00821e-05 -2.21047e-05 0.0095586 -0.0176455 -1.55861e-05 8.90726e-05 -0.0176455 0.0874564 
0.00964932 -0.0176506 -1.89804e-05 -5.04117e-06 -0.0176506 0.0869765 -6.60736e-06 8.93818e-05 -1.89804e-05 -6.60736e-06 0.00956103 -0.0176125 -5.04117e-06 8.93818e-05 -0.0176125 0.0872872 
0.00966318 -0.0177326 -2.60361e-05 6.588e-06 -0.0177326 0.0874295 5.46646e-06 6.59188e-05 -2.60361e-05 5.46646e-06 0.00962983 -0.0177297 6.588e-06 6.59188e-05 -0.0177297 0.0877778 
0.00970338 -0.0177652 -2.40224e-05 1.10892e-05 -0.0177652 0.0877359 5.93319e-06 5.76322e-05 -2.40224e-05 5.93319e-06 0.00966569 -0.0178306 1.10892e-05 5.76322e-05 -0.0178306 0.0882116 
0.00931374 -0.017072 -1.69956e-05 9.45081e-06 -0.017072 0.0842901 3.67607e-06 5.62542e-05 -1.69956e-05 3.67607e-06 0.00929532 -0.0171316 9.45081e-06 5.62542e-05 -0.0171316 0.0848024 
0.00969525 -0.0177356 -3.34057e-05 -2.75052e-06 -0.0177356 0.0876179 -4.69311e-06 8.17163e-05 -3.34057e-05 -4.69311e-06 0.00966294 -0.0178213 -2.75052e-06 8.17163e-05 -0.0178213 0.0881987 
0.00970201 -0.0177264 -4.9329e-05 1.40951e-05 -0.0177264 0.0875309 1.43977e-05 6.77797e-05 -4.9329e-05 1.43977e-05 0.00964604 -0.017808 1.40951e-05 6.77797e-05 -0.017808 0.0881437 
0.00972298 -0.017726 -4.79285e-05 3.59333e-05 -0.017726 0.0874582 3.3451e-05 2.4078e-05 -4.79285e-05 3.3451e-05 0.00961526 -0.0177745 3.59333e-05 2.4078e-05 -0.0177745 0.088023 
0.00972766 -0.017753 -2.33902e-05 3.1396e-05 -0.017753 0.0874597 2.8548e-05 1.65781e-05 -2.33902e-05 2.8548e-05 0.00960598 -0.0177278 3.1396e-05 1.65781e-05 -0.0177278 0.087874 
0.00975253 -0.0177988 -6.01706e-06 -1.13968e-06 -0.0177988 0.0876593 -4.39635e-06 7.20876e-05 -6.01706e-06 -4.39635e-06 0.0096107 -0.0177511 -1.13968e-06 7.20876e-05 -0.0177511 0.0879606 
0.00975196 -0.017789 1.25791e-06 -2.11832e-05 -0.017789 0.0876009 -2.47641e-05 0.000132598 1.25791e-06 -2.47641e-05 0.00958718 -0.017728 -2.11832e-05 0.000132598 -0.017728 0.0878598 
0.00938405 -0.0171509 -1.2957e-05 -2.659e-05 -0.0171509 0.0844327 -2.98938e-05 0.000157537 -1.2957e-05 -2.98938e-05 0.0092306 -0.0170673 -2.659e-05 0.000157537 -0.0170673 0.0846346 
0.00934899 -0.0171222 -2.96871e-05 -5.46588e-06 -0.0171222 0.08435 -5.8571e-06 0.000122871 -2.96871e-05 -5.8571e-06 0.00923995 -0.0170395 -5.46588e-06 0.000122871 -0.0170395 0.0845261 
0.00971435 -0.0177907 -3.52083e-05 2.04606e-05 -0.0177907 0.0877567 2.30439e-05 5.62677e-05 -3.52083e-05 2.30439e-05 0.00963388 -0.0177608 2.04606e-05 5.62677e-05 -0.0177608 0.0880205 
0.00972806 -0.0177685 -1.87133e-05 2.70251e-05 -0.0177685 0.0876968 3.10963e-05 9.33197e-06 -1.87133e-05 3.10963e-05 0.00960869 -0.0177779 2.70251e-05 9.33197e-06 -0.0177779 0.0880634 
0.00934598 -0.0170743 -3.86052e-06 -7.82894e-07 -0.0170743 0.0841948 6.14381e-06 3.88673e-05 -3.86052e-06 6.14381e-06 0.0092046 -0.017038 -7.82894e-07 3.88673e-05 -0.017038 0.0845152 
0.00933549 -0.0170786 1.37297e-05 -2.31259e-05 -0.0170786 0.0841987 -1.41819e-05 9.46016e-05 1.37297e-05 -1.41819e-05 0.00921008 -0.0170041 -2.31259e-05 9.46016e-05 -0.0170041 0.0844187 
0.00971371 -0.0177731 9.58707e-06 -4.80851e-05 -0.0177731 0.0876653 -3.94229e-05 0.000162625 9.58707e-06 -3.94229e-05 0.00960473 -0.0177086 -4.80851e-05 0.000162625 -0.0177086 0.0878604 
0.00969003 -0.0176757 8.38589e-06 -4.23367e-05 -0.0176757 0.0872087 -3.81304e-05 0.00018841 8.38589e-06 -3.81304e-05 0.00955732 -0.0176404 -4.23367e-05 0.00018841 -0.0176404 0.0874455 
0.00971351 -0.0177143 -5.11441e-06 -3.34009e-05 -0.0177143 0.087291 -3.31191e-05 0.000176984 -5.11441e-06 -3.31191e-05 0.00954996 -0.0176585 -3.34009e-05 0.000176984 -0.0176585 0.0875309 
0.00969506 -0.0177259 -1.83868e-05 -1.16101e-05 -0.0177259 0.0872826 -1.43098e-05 0.000135052 -1.83868e-05 -1.43098e-05 0.00954126 -0.0176293 -1.16101e-05 0.000135052 -0.0176293 0.0874494 
0.00966958 -0.0176843 -1.86601e-05 9.0579e-06 -0.0176843 0.0871414 5.6035e-07 8.52549e-05 -1.86601e-05 5.6035e-07 0.00951744 -0.0175925 9.0579e-06 8.52549e-05 -0.0175925 0.0872681 
0.00965486 -0.0176693 -6.79564e-06 1.04298e-05 -0.0176693 0.0871027 7.50721e-07 6.18938e-05 -6.79564e-06 7.50721e-07 0.0095094 -0.0175809 1.04298e-05 6.18938e-05 -0.0175809 0.0872293 
0.0096059 -0.0175939 1.43138e-07 -6.70423e-06 -0.0175939 0.0867756 -1.12153e-05 7.78559e-05 1.43138e-07 -1.12153e-05 0.00948745 -0.017513 -6.70423e-06 7.78559e-05 -0.017513 0.0869108 
0.00955696 -0.0175193 7.78271e-06 -2.05547e-05 -0.0175193 0.0864716 -2.28679e-05 0.000112947 7.78271e-06 -2.28679e-05 0.00948395 -0.0174791 -2.05547e-05 0.000112947 -0.0174791 0.0866839 
0.00953018 -0.0174437 1.89255e-05 -3.14608e-05 -0.0174437 0.0861701 -3.28824e-05 0.000145217 1.89255e-05 -3.28824e-05 0.00946754 -0.0174658 -3.14608e-05 0.000145217 -0.0174658 0.0865233 
0.00950203 -0.0174176 1.09458e-05 -4.23169e-05 -0.0174176 0.0860107 -4.72351e-05 0.000176013 1.09458e-05 -4.72351e-05 0.00946603 -0.0174519 -4.23169e-05 0.000176013 -0.0174519 0.0864451 
0.00954625 -0.0174772 -3.72646e-06 -2.92644e-05 -0.0174772 0.0863503 -3.54512e-05 0.000166661 -3.72646e-06 -3.54512e-05 0.00949134 -0.0175414 -2.92644e-05 0.000166661 -0.0175414 0.086852 
0.00956218 -0.0175158 -1.7597e-05 -1.09596e-05 -0.0175158 0.0865099 -1.30341e-05 0.000122456 -1.7597e-05 -1.30341e-05 0.00950126 -0.0175522 -1.09596e-05 0.000122456 -0.0175522 0.0869896 
0.00956983 -0.0174968 -1.62667e-05 3.67808e-06 -0.0174968 0.0864236 4.20905e-06 7.8207e-05 -1.62667e-05 4.20905e-06 0.00948516 -0.0175212 3.67808e-06 7.8207e-05 -0.0175212 0.0868579 
0.00955583 -0.0174958 -2.48768e-05 1.311e-07 -0.0174958 0.0863373 3.3078e-06 6.53527e-05 -2.48768e-05 3.3078e-06 0.00947383 -0.0174791 1.311e-07 6.53527e-05 -0.0174791 0.0866736 
0.00954189 -0.0174654 -3.771e-05 8.04875e-06 -0.0174654 0.0861896 1.40266e-05 5.08258e-05 -3.771e-05 1.40266e-05 0.00945785 -0.0174371 8.04875e-06 5.08258e-05 -0.0174371 0.0864417 
0.00959687 -0.017554 -3.80204e-05 2.18141e-05 -0.017554 0.0866088 3.02633e-05 2.22442e-05 -3.80204e-05 3.02633e-05 0.00949291 -0.0175241 2.18141e-05 2.22442e-05 -0.0175241 0.0868314 
0.00966155 -0.0176638 -3.2506e-05 2.34998e-05 -0.0176638 0.0871174 3.20081e-05 4.35144e-06 -3.2506e-05 3.20081e-05 0.00953525 -0.0176186 2.34998e-05 4.35144e-06 -0.0176186 0.0873185 
0.00971297 -0.0177726 -2.17568e-05 1.77592e-05 -0.0177726 0.0876328 2.41667e-05 1.13469e-05 -2.17568e-05 2.41667e-05 0.00958995 -0.0177133 1.77592e-05 1.13469e-05 -0.0177133 0.0878182 
0.00971696 -0.0177734 -2.96161e-05 1.08109e-05 -0.0177734 0.0876671 1.24304e-05 2.48929e-05 -2.96161e-05 1.24304e-05 0.0095995 -0.0177244 1.08109e-05 2.48929e-05 -0.0177244 0.0878743 
0.00966475 -0.0177269 -3.43125e-05 2.09436e-05 -0.0177269 0.0874337 1.59977e-05 2.52311e-05 -3.43125e-05 1.59977e-05 0.00960082 -0.0176831 2.09436e-05 2.52311e-05 -0.0176831 0.0876644 
0.00959091 -0.0176045 -4.74737e-05 2.83149e-05 -0.0176045 0.086935 1.69685e-05 1.55623e-05 -4.74737e-05 1.69685e-05 0.00957716 -0.0176172 2.83149e-05 1.55623e-05 -0.0176172 0.0872497 
0.00958473 -0.0175547 -3.28628e-05 4.5162e-05 -0.0175547 0.0867706 3.3635e-05 -1.4894e-05 -3.28628e-05 3.3635e-05 0.00956193 -0.0176351 4.5162e-05 -1.4894e-05 -0.0176351 0.0872411 
0.00958511 -0.0175291 -1.49084e-05 2.88001e-05 -0.0175291 0.0866046 2.28062e-05 -1.20866e-05 -1.49084e-05 2.28062e-05 0.00952699 -0.0176049 2.88001e-05 -1.20866e-05 -0.0176049 0.0871437 
0.00958276 -0.0175395 -1.49392e-05 2.75737e-06 -0.0175395 0.0865722 3.66824e-06 3.00666e-05 -1.49392e-05 3.66824e-06 0.00951897 -0.0175606 2.75737e-06 3.00666e-05 -0.0175606 0.0870263 
0.00961811 -0.0176015 -2.40086e-05 -5.53064e-06 -0.0176015 0.0868767 -2.31331e-06 6.9106e-05 -2.40086e-05 -2.31331e-06 0.00953295 -0.0176121 -5.53064e-06 6.9106e-05 -0.0176121 0.0872617 
0.00963435 -0.0176501 -5.8872e-06 2.42924e-06 -0.0176501 0.0870959 1.58756e-06 8.0222e-05 -5.8872e-06 1.58756e-06 0.00954766 -0.0176273 2.42924e-06 8.0222e-05 -0.0176273 0.0874003 
0.00959165 -0.0176378 -4.32876e-07 -1.56864e-05 -0.0176378 0.0870721 -2.06666e-05 0.000110848 -4.32876e-07 -2.06666e-05 0.00957299 -0.0176125 -1.56864e-05 0.000110848 -0.0176125 0.0873317 
0.00955293 -0.0175464 7.35421e-06 -1.95467e-05 -0.0175464 0.0867953 -2.74107e-05 0.000135141 7.35421e-06 -2.74107e-05 0.0095657 -0.0176103 -1.95467e-05 0.000135141 -0.0176103 0.0871839 
