0.00712702 0 3.84917e-05 0 0 0.00995813 0 0 3.84917e-05 0 0.00693427 0 0 0 0 0.00995813 
0.00969508 -0.0120299 3.33743e-05 -3.93352e-05 -0.0120299 0.0318668 -3.93352e-05 7.55124e-05 3.33743e-05 -3.93352e-05 0.00949482 -0.0117901 -3.93352e-05 7.55124e-05 -0.0117901 0.0314068 
0.00993947 -0.0184531 1.49442e-05 4.16857e-06 -0.0184531 0.067973 4.16857e-06 -3.11555e-05 1.49442e-05 4.16857e-06 0.00981146 -0.0183346 4.16857e-06 -3.11555e-05 -0.0183346 0.0676517 
0.00936095 -0.017901 2.18296e-05 6.97003e-05 -0.017901 0.0800997 6.97163e-05 -0.000398401 2.18296e-05 6.97163e-05 0.00922079 -0.018007 6.97003e-05 -0.000398401 -0.018007 0.0809472 
0.00907645 -0.0168142 3.82482e-05 5.48647e-05 -0.0168142 0.0806649 5.27235e-05 -0.000518835 3.82482e-05 5.27235e-05 0.00893089 -0.0168851 5.48647e-05 -0.000518835 -0.0168851 0.0819583 
0.00984102 -0.0179752 6.90338e-05 7.46973e-06 -0.0179752 0.0877163 6.72871e-06 -0.000405942 6.90338e-05 6.72871e-06 0.00968124 -0.0179633 7.46973e-06 -0.000405942 -0.0179633 0.0887902 
0.00955516 -0.0174098 7.60369e-05 -3.88229e-05 -0.0174098 0.0853382 -3.83682e-05 -0.000195992 7.60369e-05 -3.83682e-05 0.00941473 -0.017365 -3.88229e-05 -0.000195992 -0.017365 0.0860127 
0.0101401 -0.0184779 8.48119e-05 -5.22483e-05 -0.0184779 0.0908072 -5.15761e-05 -8.89026e-05 8.48119e-05 -5.15761e-05 0.0100295 -0.0184563 -5.22483e-05 -8.89026e-05 -0.0184563 0.091375 
0.00985542 -0.017965 8.57575e-05 -4.84525e-05 -0.017965 0.088442 -5.11497e-05 -5.13108e-05 8.57575e-05 -5.11497e-05 0.00980184 -0.0180131 -4.84525e-05 -5.13108e-05 -0.0180131 0.0890765 
0.00971633 -0.0177199 7.31408e-05 -4.80744e-05 -0.0177199 0.0873214 -5.36106e-05 -4.07339e-05 7.31408e-05 -5.36106e-05 0.00970919 -0.0178498 -4.80744e-05 -4.07339e-05 -0.0178498 0.0881428 
0.00965643 -0.017557 5.33024e-05 -3.38868e-05 -0.017557 0.0865718 -4.01975e-05 -5.78633e-05 5.33024e-05 -4.01975e-05 0.009631 -0.0177524 -3.38868e-05 -5.78633e-05 -0.0177524 0.0875952 
0.00963768 -0.0175312 2.47652e-05 -8.77489e-06 -0.0175312 0.0863394 -1.70349e-05 -0.000106144 2.47652e-05 -1.70349e-05 0.00960123 -0.0177019 -8.77489e-06 -0.000106144 -0.0177019 0.0874091 
0.00959726 -0.0174482 5.15607e-06 2.57034e-05 -0.0174482 0.0858864 1.99771e-05 -0.000183643 5.15607e-06 1.99771e-05 0.00953226 -0.0175877 2.57034e-05 -0.000183643 -0.0175877 0.0868845 
0.00958189 -0.0174253 1.59492e-06 4.79596e-05 -0.0174253 0.0857099 4.76414e-05 -0.000257751 1.59492e-06 4.76414e-05 0.00949682 -0.0175147 4.79596e-05 -0.000257751 -0.0175147 0.0865773 
0.00959086 -0.0174216 2.00018e-05 4.65719e-05 -0.0174216 0.0856538 4.92508e-05 -0.000279979 2.00018e-05 4.92508e-05 0.00945743 -0.017472 4.65719e-05 -0.000279979 -0.017472 0.0863835 
0.00961205 -0.0174487 3.36249e-05 2.29177e-05 -0.0174487 0.0857179 2.5525e-05 -0.00024413 3.36249e-05 2.5525e-05 0.00941525 -0.017439 2.29177e-05 -0.00024413 -0.017439 0.0862949 
0.0096447 -0.0175128 1.90633e-05 8.90537e-06 -0.0175128 0.0859576 1.19171e-05 -0.000205702 1.90633e-05 1.19171e-05 0.00939592 -0.0174155 8.90537e-06 -0.000205702 -0.0174155 0.0863202 
0.00964783 -0.0175442 3.26132e-05 2.58392e-05 -0.0175442 0.0860737 2.7981e-05 -0.000214129 3.26132e-05 2.7981e-05 0.00939603 -0.0173742 2.58392e-05 -0.000214129 -0.0173742 0.0862194 
0.00965128 -0.0175291 5.02138e-05 9.62853e-06 -0.0175291 0.0860342 1.05482e-05 -0.000197847 5.02138e-05 1.05482e-05 0.00938072 -0.0173536 9.62853e-06 -0.000197847 -0.0173536 0.0860806 
0.00965809 -0.0175442 7.1904e-05 -1.56809e-05 -0.0175442 0.08607 -1.79951e-05 -0.000138235 7.1904e-05 -1.79951e-05 0.00938063 -0.0173488 -1.56809e-05 -0.000138235 -0.0173488 0.0860633 
0.00959103 -0.0174595 7.0996e-05 -4.05109e-05 -0.0174595 0.0856442 -4.61631e-05 -6.71994e-05 7.0996e-05 -4.61631e-05 0.00936407 -0.0172561 -4.05109e-05 -6.71994e-05 -0.0172561 0.0855958 
0.00954694 -0.0174416 4.2603e-05 -4.42505e-05 -0.0174416 0.0856246 -4.84333e-05 -2.87682e-05 4.2603e-05 -4.84333e-05 0.00940975 -0.0172936 -4.42505e-05 -2.87682e-05 -0.0172936 0.0856399 
0.00952618 -0.0173876 2.2839e-05 -1.2998e-05 -0.0173876 0.0855283 -1.30722e-05 -6.70882e-05 2.2839e-05 -1.30722e-05 0.00942515 -0.0173556 -1.2998e-05 -6.70882e-05 -0.0173556 0.0857695 
0.00957154 -0.0174283 2.26303e-05 1.24163e-05 -0.0174283 0.0857692 1.77802e-05 -0.000138315 2.26303e-05 1.77802e-05 0.00943404 -0.0174437 1.24163e-05 -0.000138315 -0.0174437 0.0861937 
0.00959345 -0.0174845 2.22512e-05 1.62032e-05 -0.0174845 0.0859746 2.10792e-05 -0.000178542 2.22512e-05 2.10792e-05 0.00944394 -0.0174489 1.62032e-05 -0.000178542 -0.0174489 0.086374 
0.00961413 -0.0175172 3.65107e-05 1.58462e-05 -0.0175172 0.0861571 1.85346e-05 -0.000185497 3.65107e-05 1.85346e-05 0.00946307 -0.0174701 1.58462e-05 -0.000185497 -0.0174701 0.0865094 
0.00962507 -0.0175704 5.17637e-05 -2.15483e-06 -0.0175704 0.0864273 7.81419e-08 -0.000160216 5.17637e-05 7.81419e-08 0.00951922 -0.0175302 -2.15483e-06 -0.000160216 -0.0175302 0.0867858 
0.00960818 -0.0175839 5.71945e-05 -2.11314e-05 -0.0175839 0.0865831 -1.86105e-05 -0.000119153 5.71945e-05 -1.86105e-05 0.00958002 -0.0176051 -2.11314e-05 -0.000119153 -0.0176051 0.0870528 
0.00960044 -0.0175292 5.7229e-05 -2.77099e-05 -0.0175292 0.0864543 -2.46e-05 -9.2108e-05 5.7229e-05 -2.46e-05 0.00959086 -0.017647 -2.77099e-05 -9.2108e-05 -0.017647 0.0871325 
0.00959378 -0.0174991 4.70867e-05 -2.26943e-05 -0.0174991 0.0862954 -1.96475e-05 -9.78553e-05 4.70867e-05 -1.96475e-05 0.00958268 -0.017654 -2.26943e-05 -9.78553e-05 -0.017654 0.0871448 
0.00957467 -0.0174533 2.97148e-05 -5.27549e-06 -0.0174533 0.0860337 -2.56505e-06 -0.000136269 2.97148e-05 -2.56505e-06 0.0095597 -0.017605 -5.27549e-06 -0.000136269 -0.017605 0.0869342 
0.00956358 -0.0174233 2.52616e-05 1.83419e-05 -0.0174233 0.0858442 1.79973e-05 -0.000191382 2.52616e-05 1.79973e-05 0.00953177 -0.0175667 1.83419e-05 -0.000191382 -0.0175667 0.0867409 
0.0095528 -0.017382 2.66694e-05 2.59574e-05 -0.017382 0.0855907 2.80004e-05 -0.000232515 2.66694e-05 2.80004e-05 0.00949363 -0.0174959 2.59574e-05 -0.000232515 -0.0174959 0.0864243 
0.00958946 -0.0173978 2.97713e-05 2.21212e-05 -0.0173978 0.0855888 2.77116e-05 -0.000244995 2.97713e-05 2.77116e-05 0.00944527 -0.0174737 2.21212e-05 -0.000244995 -0.0174737 0.086327 
0.00959651 -0.0174649 3.40981e-05 1.59258e-05 -0.0174649 0.085767 2.62125e-05 -0.000242074 3.40981e-05 2.62125e-05 0.00944678 -0.0174429 1.59258e-05 -0.000242074 -0.0174429 0.0863215 
0.00957789 -0.0174309 5.13521e-05 9.30273e-06 -0.0174309 0.0856459 2.06082e-05 -0.000230925 5.13521e-05 2.06082e-05 0.00940796 -0.017397 9.30273e-06 -0.000230925 -0.017397 0.0860882 
0.00954268 -0.0173635 6.11434e-05 -1.11387e-05 -0.0173635 0.0853207 -2.59682e-06 -0.00019023 6.11434e-05 -2.59682e-06 0.00936538 -0.0173033 -1.11387e-05 -0.00019023 -0.0173033 0.0856874 
0.0095458 -0.0173866 8.26317e-05 -2.87204e-05 -0.0173866 0.0854205 -1.98683e-05 -0.00013712 8.26317e-05 -1.98683e-05 0.00937553 -0.017309 -2.87204e-05 -0.00013712 -0.017309 0.0857189 
0.00953912 -0.0173962 8.20067e-05 -5.27064e-05 -0.0173962 0.0854954 -4.01672e-05 -8.75006e-05 8.20067e-05 -4.01672e-05 0.00939323 -0.0173219 -5.27064e-05 -8.75006e-05 -0.0173219 0.0857627 
0.009546 -0.0174059 6.60042e-05 -5.28791e-05 -0.0174059 0.0856002 -4.00977e-05 -6.63205e-05 6.60042e-05 -4.00977e-05 0.00940913 -0.0173577 -5.28791e-05 -6.63205e-05 -0.0173577 0.085892 
0.00956504 -0.0174152 6.19976e-05 -3.34667e-05 -0.0174152 0.0856657 -2.57558e-05 -8.44797e-05 6.19976e-05 -2.57558e-05 0.00939996 -0.0173777 -3.34667e-05 -8.44797e-05 -0.0173777 0.0859851 
0.00956184 -0.0174542 5.81085e-05 -2.2385e-05 -0.0174542 0.0858111 -2.15578e-05 -0.000110768 5.81085e-05 -2.15578e-05 0.00942044 -0.0173794 -2.2385e-05 -0.000110768 -0.0173794 0.0860771 
0.00955812 -0.0174554 4.49269e-05 -1.41779e-05 -0.0174554 0.0858998 -1.57218e-05 -0.000134712 4.49269e-05 -1.57218e-05 0.00943044 -0.0174044 -1.41779e-05 -0.000134712 -0.0174044 0.0861636 
0.00954226 -0.0174346 2.56983e-05 4.67149e-06 -0.0174346 0.0858677 2.10054e-06 -0.000174809 2.56983e-05 2.10054e-06 0.0094482 -0.0174144 4.67149e-06 -0.000174809 -0.0174144 0.0862056 
0.00954422 -0.0174303 2.40263e-05 2.83049e-05 -0.0174303 0.0859058 2.76699e-05 -0.000232757 2.40263e-05 2.76699e-05 0.00947046 -0.0174536 2.83049e-05 -0.000232757 -0.0174536 0.0863475 
0.0095523 -0.0174108 2.4205e-05 2.52763e-05 -0.0174108 0.0858161 2.92835e-05 -0.000254226 2.4205e-05 2.92835e-05 0.00945937 -0.0174499 2.52763e-05 -0.000254226 -0.0174499 0.0863144 
0.00956807 -0.0174039 2.21797e-05 2.62213e-05 -0.0174039 0.0857156 2.79323e-05 -0.000259363 2.21797e-05 2.79323e-05 0.00942394 -0.0174205 2.62213e-05 -0.000259363 -0.0174205 0.0861976 
0.00956006 -0.0174039 5.18861e-06 2.99603e-05 -0.0174039 0.0856046 2.74821e-05 -0.000261581 5.18861e-06 2.74821e-05 0.00938796 -0.0173542 2.99603e-05 -0.000261581 -0.0173542 0.0859633 
0.00954285 -0.0174025 3.74802e-06 5.23728e-05 -0.0174025 0.085572 4.81398e-05 -0.000296104 3.74802e-06 4.81398e-05 0.00938306 -0.0173102 5.23728e-05 -0.000296104 -0.0173102 0.085792 
0.00952612 -0.0173671 1.62585e-05 5.18439e-05 -0.0173671 0.0854426 5.35355e-05 -0.000319261 1.62585e-05 5.35355e-05 0.00937118 -0.0172831 5.18439e-05 -0.000319261 -0.0172831 0.085612 
0.00948149 -0.0172852 2.92209e-05 3.00736e-05 -0.0172852 0.0850446 3.75567e-05 -0.000290976 2.92209e-05 3.75567e-05 0.00933497 -0.0172091 3.00736e-05 -0.000290976 -0.0172091 0.0852175 
0.00944614 -0.0172883 3.1663e-05 9.30834e-06 -0.0172883 0.0850436 2.10519e-05 -0.00024478 3.1663e-05 2.10519e-05 0.00936396 -0.0172103 9.30834e-06 -0.00024478 -0.0172103 0.085202 
0.00944484 -0.0172783 4.64196e-05 3.74649e-06 -0.0172783 0.0851274 1.99806e-05 -0.000219237 4.64196e-05 1.99806e-05 0.00938417 -0.0172683 3.74649e-06 -0.000219237 -0.0172683 0.0853674 
0.00946987 -0.0173217 5.31618e-05 -1.27227e-05 -0.0173217 0.0853928 3.91521e-06 -0.000189864 5.31618e-05 3.91521e-06 0.0094263 -0.0173518 -1.27227e-05 -0.000189864 -0.0173518 0.0857547 
0.00948933 -0.0173086 5.2954e-05 -2.13777e-05 -0.0173086 0.0853596 -1.20244e-05 -0.000151701 5.2954e-05 -1.20244e-05 0.00941729 -0.0173666 -2.13777e-05 -0.000151701 -0.0173666 0.0858152 
0.00948733 -0.0173022 3.98643e-05 -1.07967e-05 -0.0173022 0.0852358 -1.3785e-05 -0.000148164 3.98643e-05 -1.3785e-05 0.00939532 -0.0173223 -1.07967e-05 -0.000148164 -0.0173223 0.085664 
0.00945053 -0.0172425 2.62616e-05 1.16408e-05 -0.0172425 0.0848999 1.00067e-06 -0.000181464 2.62616e-05 1.00067e-06 0.00935644 -0.0172402 1.16408e-05 -0.000181464 -0.0172402 0.0852747 
0.00945958 -0.0172408 3.72043e-05 3.05495e-05 -0.0172408 0.084877 1.77415e-05 -0.000227754 3.72043e-05 1.77415e-05 0.00934622 -0.0172318 3.05495e-05 -0.000227754 -0.0172318 0.0852189 
0.00950683 -0.0173172 3.98243e-05 1.88513e-05 -0.0173172 0.0851986 9.45615e-06 -0.000237762 3.98243e-05 9.45615e-06 0.00935463 -0.0172882 1.88513e-05 -0.000237762 -0.0172882 0.0855075 
0.00950489 -0.0173564 4.05773e-05 7.19791e-06 -0.0173564 0.0853417 2.80482e-06 -0.000213064 4.05773e-05 2.80482e-06 0.00937267 -0.0172797 7.19791e-06 -0.000213064 -0.0172797 0.0855609 
0.00950177 -0.0173475 4.40066e-05 4.95036e-06 -0.0173475 0.085378 -1.19032e-06 -0.000194428 4.40066e-05 -1.19032e-06 0.00938379 -0.0173003 4.95036e-06 -0.000194428 -0.0173003 0.0856063 
0.00948361 -0.0172673 5.92406e-05 4.76273e-06 -0.0172673 0.085019 -6.38961e-06 -0.000183547 5.92406e-05 -6.38961e-06 0.00934034 -0.0172526 4.76273e-06 -0.000183547 -0.0172526 0.0853389 
0.00946744 -0.0172591 5.25015e-05 -1.00428e-05 -0.0172591 0.0848857 -2.14253e-05 -0.000161435 5.25015e-05 -2.14253e-05 0.00932244 -0.0172074 -1.00428e-05 -0.000161435 -0.0172074 0.0851812 
0.00942062 -0.0172019 6.75759e-05 -9.50221e-06 -0.0172019 0.084617 -1.45463e-05 -0.000147056 6.75759e-05 -1.45463e-05 0.00930726 -0.0171508 -9.50221e-06 -0.000147056 -0.0171508 0.0848947 
0.00941349 -0.017164 8.48479e-05 -3.75083e-05 -0.017164 0.0844917 -3.4207e-05 -0.000102165 8.48479e-05 -3.4207e-05 0.00929409 -0.0171485 -3.75083e-05 -0.000102165 -0.0171485 0.0848176 
0.00942771 -0.0171935 7.37974e-05 -6.08372e-05 -0.0171935 0.0846102 -5.6175e-05 -4.13839e-05 7.37974e-05 -5.6175e-05 0.00930831 -0.0171758 -6.08372e-05 -4.13839e-05 -0.0171758 0.0849683 
0.00942978 -0.017191 4.88424e-05 -4.29488e-05 -0.017191 0.0845852 -4.28693e-05 -4.03985e-05 4.88424e-05 -4.28693e-05 0.00929542 -0.0171641 -4.29488e-05 -4.03985e-05 -0.0171641 0.0849246 
0.00940666 -0.0171588 4.55442e-05 -8.56491e-06 -0.0171588 0.0844147 -1.36089e-05 -9.66596e-05 4.55442e-05 -1.36089e-05 0.00925636 -0.0171188 -8.56491e-06 -9.66596e-05 -0.0171188 0.0847292 
0.0101875 -0.0186234 4.44662e-05 -5.47767e-06 -0.0186234 0.0916201 -1.41947e-05 -0.000135594 4.44662e-05 -1.41947e-05 0.0100483 -0.0185395 -5.47767e-06 -0.000135594 -0.0185395 0.0918609 
0.0101738 -0.0185859 5.3708e-05 -1.48313e-06 -0.0185859 0.0915307 -1.03965e-05 -0.000145115 5.3708e-05 -1.03965e-05 0.010039 -0.0185324 -1.48313e-06 -0.000145115 -0.0185324 0.0917727 
0.0101659 -0.0186011 3.99933e-05 -1.04631e-05 -0.0186011 0.0916254 -1.63286e-05 -0.000141669 3.99933e-05 -1.63286e-05 0.0100591 -0.018559 -1.04631e-05 -0.000141669 -0.018559 0.0919045 
0.00934397 -0.0171353 2.77339e-05 8.71144e-07 -0.0171353 0.0844806 -3.0827e-07 -0.000141729 2.77339e-05 -3.0827e-07 0.00929624 -0.0171285 8.71144e-07 -0.000141729 -0.0171285 0.0848022 
0.00934587 -0.017131 1.02907e-05 1.05473e-05 -0.017131 0.0845938 1.19544e-05 -0.000166858 1.02907e-05 1.19544e-05 0.0093197 -0.0171932 1.05473e-05 -0.000166858 -0.0171932 0.0850604 
0.00932548 -0.0170741 -5.09295e-06 3.22562e-05 -0.0170741 0.0843753 3.18165e-05 -0.000208088 -5.09295e-06 3.18165e-05 0.00930379 -0.0171714 3.22562e-05 -0.000208088 -0.0171714 0.084974 
0.010124 -0.0184725 -7.45646e-06 5.5342e-05 -0.0184725 0.091279 4.98228e-05 -0.000269733 -7.45646e-06 4.98228e-05 0.0100503 -0.0185799 5.5342e-05 -0.000269733 -0.0185799 0.0919794 
0.0101203 -0.0184861 -2.54521e-06 6.04226e-05 -0.0184861 0.0912004 5.0513e-05 -0.000292033 -2.54521e-06 5.0513e-05 0.0100259 -0.0185228 6.04226e-05 -0.000292033 -0.0185228 0.0917937 
0.0101056 -0.0184986 1.61498e-05 5.14189e-05 -0.0184986 0.0912204 4.29062e-05 -0.000280836 1.61498e-05 4.29062e-05 0.0100191 -0.0184846 5.14189e-05 -0.000280836 -0.0184846 0.0916445 
0.0100784 -0.0184775 4.2332e-05 2.17839e-05 -0.0184775 0.091178 1.92206e-05 -0.000227983 4.2332e-05 1.92206e-05 0.0100266 -0.0184685 2.17839e-05 -0.000227983 -0.0184685 0.0915327 
0.00930908 -0.0170309 4.57597e-05 -1.7334e-05 -0.0170309 0.0841233 -1.38554e-05 -0.000127399 4.57597e-05 -1.38554e-05 0.00923821 -0.0170642 -1.7334e-05 -0.000127399 -0.0170642 0.0844982 
0.0101104 -0.0184956 2.63788e-05 -3.12252e-05 -0.0184956 0.0913084 -2.3125e-05 -7.96984e-05 2.63788e-05 -2.3125e-05 0.0100165 -0.0184978 -3.12252e-05 -7.96984e-05 -0.0184978 0.0916876 
0.010072 -0.0184197 2.04534e-05 -3.58255e-06 -0.0184197 0.0909151 1.76622e-06 -9.61319e-05 2.04534e-05 1.76622e-06 0.00997134 -0.0184005 -3.58255e-06 -9.61319e-05 -0.0184005 0.0912329 
0.0100037 -0.0183181 3.0217e-05 7.82758e-06 -0.0183181 0.090395 8.35095e-06 -0.000127768 3.0217e-05 8.35095e-06 0.00993545 -0.0182948 7.82758e-06 -0.000127768 -0.0182948 0.0906851 
0.00997578 -0.018271 3.97403e-05 -2.67206e-06 -0.018271 0.0902047 -5.77486e-06 -0.000118222 3.97403e-05 -5.77486e-06 0.00992612 -0.0182932 -2.67206e-06 -0.000118222 -0.0182932 0.0905661 
0.00998736 -0.0182724 3.87867e-05 -1.09649e-05 -0.0182724 0.0902371 -1.43378e-05 -0.000100658 3.87867e-05 -1.43378e-05 0.00992199 -0.018323 -1.09649e-05 -0.000100658 -0.018323 0.0906885 
0.00999204 -0.0183096 2.91481e-05 -1.00349e-05 -0.0183096 0.0903852 -1.04754e-05 -9.78247e-05 2.91481e-05 -1.04754e-05 0.0099414 -0.0183421 -1.00349e-05 -9.78247e-05 -0.0183421 0.090848 
0.0100183 -0.0183477 2.26471e-05 -6.64545e-07 -0.0183477 0.0906303 -2.52783e-07 -0.000110059 2.26471e-05 -2.52783e-07 0.00995935 -0.0184006 -6.64545e-07 -0.000110059 -0.0184006 0.0911222 
0.0100228 -0.0183449 7.71534e-06 8.76056e-06 -0.0183449 0.0906149 7.54524e-06 -0.000132468 7.71534e-06 7.54524e-06 0.0099382 -0.0183822 8.76056e-06 -0.000132468 -0.0183822 0.0910958 
0.0100301 -0.0183602 1.46708e-05 2.64026e-05 -0.0183602 0.0906654 2.49962e-05 -0.000167025 1.46708e-05 2.49962e-05 0.00993017 -0.0183601 2.64026e-05 -0.000167025 -0.0183601 0.0910696 
0.0100268 -0.0183406 3.9416e-05 1.90275e-05 -0.0183406 0.0905663 1.79158e-05 -0.000173264 3.9416e-05 1.79158e-05 0.00990281 -0.0183165 1.90275e-05 -0.000173264 -0.0183165 0.0908872 
0.00998036 -0.0183143 5.17436e-05 -1.59803e-05 -0.0183143 0.0903994 -1.80673e-05 -0.000109164 5.17436e-05 -1.80673e-05 0.0099041 -0.018256 -1.59803e-05 -0.000109164 -0.018256 0.0906285 
0.00992486 -0.0181994 4.46853e-05 -3.36693e-05 -0.0181994 0.0899511 -3.52163e-05 -4.52383e-05 4.46853e-05 -3.52163e-05 0.00987612 -0.0181998 -3.36693e-05 -4.52383e-05 -0.0181998 0.0902316 
0.0099366 -0.0182288 3.74108e-05 -2.39064e-05 -0.0182288 0.090115 -2.71816e-05 -3.59494e-05 3.74108e-05 -2.71816e-05 0.00991316 -0.0182659 -2.39064e-05 -3.59494e-05 -0.0182659 0.0904943 
0.00995151 -0.0182409 3.50192e-05 -1.02911e-05 -0.0182409 0.0902038 -1.40411e-05 -6.32588e-05 3.50192e-05 -1.40411e-05 0.00992835 -0.018313 -1.02911e-05 -6.32588e-05 -0.018313 0.0906814 
0.0099065 -0.0181646 3.43829e-05 -7.89677e-06 -0.0181646 0.089807 -8.9768e-06 -8.26305e-05 3.43829e-05 -8.9768e-06 0.00990228 -0.0182364 -7.89677e-06 -8.26305e-05 -0.0182364 0.0903222 
0.00990625 -0.0181687 2.96052e-05 -9.11986e-06 -0.0181687 0.0898225 -8.00706e-06 -8.90692e-05 2.96052e-05 -8.00706e-06 0.00990558 -0.0182518 -9.11986e-06 -8.90692e-05 -0.0182518 0.0903468 
0.00990472 -0.0181139 3.51914e-05 -5.66159e-06 -0.0181139 0.0895597 -4.49317e-06 -9.33772e-05 3.51914e-05 -4.49317e-06 0.00984639 -0.0182031 -5.66159e-06 -9.33772e-05 -0.0182031 0.0900983 
0.00991439 -0.0181549 1.06159e-05 -1.43996e-05 -0.0181549 0.0896565 -1.24446e-05 -8.01744e-05 1.06159e-05 -1.24446e-05 0.00983617 -0.0181835 -1.43996e-05 -8.01744e-05 -0.0181835 0.0901184 
0.00993566 -0.0182006 -1.3894e-05 1.49769e-05 -0.0182006 0.0898752 2.24517e-05 -0.000124176 -1.3894e-05 2.24517e-05 0.00983687 -0.0181913 1.49769e-05 -0.000124176 -0.0181913 0.0902174 
0.00993488 -0.0182041 -3.57724e-05 4.93943e-05 -0.0182041 0.0899009 6.13494e-05 -0.000214377 -3.57724e-05 6.13494e-05 0.00982336 -0.0181658 4.93943e-05 -0.000214377 -0.0181658 0.0901447 
0.00992246 -0.0181712 -4.70057e-05 7.75494e-05 -0.0181712 0.0897468 9.36726e-05 -0.000304546 -4.70057e-05 9.36726e-05 0.00978998 -0.0181093 7.75494e-05 -0.000304546 -0.0181093 0.0899066 
0.00991305 -0.0181603 -4.43021e-05 8.81247e-05 -0.0181603 0.0896739 0.000101142 -0.00034942 -4.43021e-05 0.000101142 0.00976823 -0.0180675 8.81247e-05 -0.00034942 -0.0180675 0.0897408 
0.00988422 -0.0181116 -1.3709e-05 8.54049e-05 -0.0181116 0.0894337 9.3386e-05 -0.000352839 -1.3709e-05 9.3386e-05 0.00974028 -0.0179953 8.54049e-05 -0.000352839 -0.0179953 0.0894116 
0.00985927 -0.0180797 1.54717e-05 4.56658e-05 -0.0180797 0.0892911 4.8345e-05 -0.000279247 1.54717e-05 4.8345e-05 0.00973407 -0.0179692 4.56658e-05 -0.000279247 -0.0179692 0.0892468 
0.00985504 -0.0180805 2.63461e-05 9.6154e-06 -0.0180805 0.0893254 5.7681e-06 -0.00017694 2.63461e-05 5.7681e-06 0.00974945 -0.017989 9.6154e-06 -0.00017694 -0.017989 0.0893009 
0.00988605 -0.0181118 1.11104e-05 -4.09354e-06 -0.0181118 0.0895132 -1.21266e-05 -0.000106896 1.11104e-05 -1.21266e-05 0.00976613 -0.0180475 -4.09354e-06 -0.000106896 -0.0180475 0.0895476 
0.0099048 -0.018178 4.44257e-06 1.31748e-05 -0.018178 0.0897971 6.10295e-06 -0.000107043 4.44257e-06 6.10295e-06 0.00980971 -0.0180968 1.31748e-05 -0.000107043 -0.0180968 0.0898317 
0.00992534 -0.0182048 -2.01338e-06 2.58521e-05 -0.0182048 0.0899862 1.98611e-05 -0.000142472 -2.01338e-06 1.98611e-05 0.00983342 -0.0181529 2.58521e-05 -0.000142472 -0.0181529 0.0900536 
0.00995935 -0.0182401 1.40493e-05 3.61199e-05 -0.0182401 0.0901683 3.33687e-05 -0.000180154 1.40493e-05 3.33687e-05 0.00984869 -0.0182009 3.61199e-05 -0.000180154 -0.0182009 0.0902884 
0.00996571 -0.0182663 2.2933e-05 1.48059e-05 -0.0182663 0.0902456 1.87163e-05 -0.000170483 2.2933e-05 1.87163e-05 0.00986917 -0.0182079 1.48059e-05 -0.000170483 -0.0182079 0.0903619 
0.0099382 -0.0182286 1.76933e-05 -4.11557e-06 -0.0182286 0.0900648 4.7902e-06 -0.000129093 1.76933e-05 4.7902e-06 0.00986852 -0.018181 -4.11557e-06 -0.000129093 -0.018181 0.0901819 
0.00992972 -0.0181818 1.58826e-05 3.02116e-06 -0.0181818 0.08986 1.43958e-05 -0.000128665 1.58826e-05 1.43958e-05 0.0098464 -0.0181663 3.02116e-06 -0.000128665 -0.0181663 0.0900301 
0.00991862 -0.0181906 1.80244e-05 9.56345e-06 -0.0181906 0.0898367 1.77195e-05 -0.000143409 1.80244e-05 1.77195e-05 0.00985737 -0.0181552 9.56345e-06 -0.000143409 -0.0181552 0.0899962 
0.00992418 -0.0182259 3.04502e-05 1.35169e-05 -0.0182259 0.0900433 1.15749e-05 -0.000149948 3.04502e-05 1.15749e-05 0.00989164 -0.0182142 1.35169e-05 -0.000149948 -0.0182142 0.0902201 
0.00997162 -0.0182542 5.55415e-05 2.64529e-06 -0.0182542 0.0902542 -7.91257e-06 -0.000130873 5.55415e-05 -7.91257e-06 0.00989311 -0.018285 2.64529e-06 -0.000130873 -0.018285 0.0905233 
0.00997904 -0.0182626 4.45463e-05 -2.49266e-05 -0.0182626 0.0902048 -3.73865e-05 -7.91387e-05 4.45463e-05 -3.73865e-05 0.00987813 -0.0182458 -2.49266e-05 -7.91387e-05 -0.0182458 0.0904535 
0.00995193 -0.0182446 2.43767e-05 -1.39736e-05 -0.0182446 0.0900629 -2.37758e-05 -7.16977e-05 2.43767e-05 -2.37758e-05 0.00987142 -0.0181943 -1.39736e-05 -7.16977e-05 -0.0181943 0.0902273 
0.00995787 -0.0182257 4.31704e-05 6.00305e-06 -0.0182257 0.090021 6.53874e-07 -0.00010725 4.31704e-05 6.53874e-07 0.00985997 -0.018207 6.00305e-06 -0.00010725 -0.018207 0.0902118 
0.00998423 -0.018251 4.66074e-05 -1.2161e-05 -0.018251 0.0900915 -1.50245e-05 -0.000108125 4.66074e-05 -1.50245e-05 0.00985088 -0.0182104 -1.2161e-05 -0.000108125 -0.0182104 0.0902726 
0.0100156 -0.0182585 5.78794e-05 -1.68615e-05 -0.0182585 0.0900575 -1.85697e-05 -9.36653e-05 5.78794e-05 -1.85697e-05 0.00981725 -0.0181801 -1.68615e-05 -9.36653e-05 -0.0181801 0.090176 
0.0100597 -0.0183881 6.3522e-05 -2.82579e-05 -0.0183881 0.0905412 -3.01656e-05 -7.54906e-05 6.3522e-05 -3.01656e-05 0.00986252 -0.0182245 -2.82579e-05 -7.54906e-05 -0.0182245 0.090495 
0.0101285 -0.0185519 5.32132e-05 -3.82688e-05 -0.0185519 0.091388 -3.78517e-05 -5.06136e-05 5.32132e-05 -3.78517e-05 0.00995466 -0.0183925 -3.82688e-05 -5.06136e-05 -0.0183925 0.0912781 
0.0101281 -0.0185876 3.87195e-05 -2.58791e-05 -0.0185876 0.0916647 -2.48411e-05 -6.06489e-05 3.87195e-05 -2.48411e-05 0.0100164 -0.0184601 -2.58791e-05 -6.06489e-05 -0.0184601 0.0915972 
0.010055 -0.0184434 9.45299e-06 -6.0105e-06 -0.0184434 0.0911023 -7.53042e-06 -9.69646e-05 9.45299e-06 -7.53042e-06 0.00999797 -0.0184092 -6.0105e-06 -9.69646e-05 -0.0184092 0.0912267 
0.0100214 -0.0183759 -1.27392e-05 2.63633e-05 -0.0183759 0.0908283 2.44347e-05 -0.000158984 -1.27392e-05 2.44347e-05 0.0100035 -0.0184189 2.63633e-05 -0.000158984 -0.0184189 0.0911777 
0.0100269 -0.0183207 1.6126e-06 5.16581e-05 -0.0183207 0.0905683 5.08226e-05 -0.000225182 1.6126e-06 5.08226e-05 0.00996873 -0.0184058 5.16581e-05 -0.000225182 -0.0184058 0.091071 
0.0100715 -0.0183821 3.03087e-05 3.58677e-05 -0.0183821 0.0907218 3.57718e-05 -0.000231654 3.03087e-05 3.57718e-05 0.00994518 -0.0184041 3.58677e-05 -0.000231654 -0.0184041 0.0911647 
0.0101073 -0.0184786 3.48632e-05 2.08495e-06 -0.0184786 0.0910909 -1.00782e-06 -0.000170855 3.48632e-05 -1.00782e-06 0.00995641 -0.0184187 2.08495e-06 -0.000170855 -0.0184187 0.0913633 
0.0101099 -0.018482 2.91458e-05 -2.6056e-06 -0.018482 0.0911298 -8.50111e-06 -0.00012968 2.91458e-05 -8.50111e-06 0.00993964 -0.0183929 -2.6056e-06 -0.00012968 -0.0183929 0.091279 
0.0100858 -0.0184345 2.55332e-05 3.92981e-06 -0.0184345 0.0908945 -1.04973e-06 -0.000126407 2.55332e-05 -1.04973e-06 0.00991485 -0.018319 3.92981e-06 -0.000126407 -0.018319 0.0909613 
0.0100688 -0.0183718 2.13126e-05 5.15966e-06 -0.0183718 0.0905802 2.59969e-06 -0.000130951 2.13126e-05 2.59969e-06 0.00987815 -0.018259 5.15966e-06 -0.000130951 -0.018259 0.0906242 
0.0100574 -0.0183695 2.91359e-05 6.8176e-06 -0.0183695 0.0904841 6.48792e-06 -0.000133004 2.91359e-05 6.48792e-06 0.00986436 -0.0182274 6.8176e-06 -0.000133004 -0.0182274 0.0904745 
0.010064 -0.0183939 4.99409e-05 -6.67505e-06 -0.0183939 0.0905879 -4.39711e-06 -0.000110902 4.99409e-05 -4.39711e-06 0.00987653 -0.0182356 -6.67505e-06 -0.000110902 -0.0182356 0.0905087 
0.0100197 -0.0183483 6.16964e-05 -3.08935e-05 -0.0183483 0.0903903 -2.91412e-05 -6.09938e-05 6.16964e-05 -2.91412e-05 0.00988053 -0.0182107 -3.08935e-05 -6.09938e-05 -0.0182107 0.0903331 
0.00995456 -0.0182647 5.57051e-05 -4.1812e-05 -0.0182647 0.090066 -4.5034e-05 -1.72162e-05 5.57051e-05 -4.5034e-05 0.00989016 -0.0181897 -4.1812e-05 -1.72162e-05 -0.0181897 0.0901267 
0.00996396 -0.0182698 5.93797e-05 -3.29925e-05 -0.0182698 0.0902209 -4.21975e-05 -8.82544e-06 5.93797e-05 -4.21975e-05 0.00993509 -0.0183023 -3.29925e-05 -8.82544e-06 -0.0183023 0.0905274 
0.009988 -0.0182929 4.36223e-05 -3.16102e-05 -0.0182929 0.0903743 -4.48167e-05 -1.31792e-05 4.36223e-05 -4.48167e-05 0.00995609 -0.0183799 -3.16102e-05 -1.31792e-05 -0.0183799 0.0908923 
0.0100253 -0.0183809 2.28461e-05 -1.17085e-05 -0.0183809 0.0908035 -2.66251e-05 -4.19819e-05 2.28461e-05 -2.66251e-05 0.0100115 -0.0184797 -1.17085e-05 -4.19819e-05 -0.0184797 0.0914422 
0.0100278 -0.01832 2.12561e-05 1.21919e-05 -0.01832 0.0905613 -8.51702e-07 -9.45253e-05 2.12561e-05 -8.51702e-07 0.00996902 -0.0184441 1.21919e-05 -9.45253e-05 -0.0184441 0.091282 
0.0100242 -0.0182982 3.22632e-05 1.14271e-05 -0.0182982 0.0903308 2.95513e-06 -0.000119072 3.22632e-05 2.95513e-06 0.00991696 -0.0183594 1.14271e-05 -0.000119072 -0.0183594 0.0909808 
0.0100469 -0.0183573 3.9191e-05 -7.27874e-06 -0.0183573 0.0905278 -1.41153e-05 -9.0044e-05 3.9191e-05 -1.41153e-05 0.00992194 -0.0183456 -7.27874e-06 -9.0044e-05 -0.0183456 0.0910032 
0.0100959 -0.0184205 4.39116e-05 -2.20857e-05 -0.0184205 0.090822 -2.54864e-05 -4.79895e-05 4.39116e-05 -2.54864e-05 0.00992768 -0.0183755 -2.20857e-05 -4.79895e-05 -0.0183755 0.0911577 
0.0101137 -0.0184655 4.25758e-05 -3.44899e-05 -0.0184655 0.0909612 -3.35985e-05 -8.05474e-06 4.25758e-05 -3.35985e-05 0.00993538 -0.0183607 -3.44899e-05 -8.05474e-06 -0.0183607 0.0911447 
0.0101397 -0.0185103 4.74169e-05 -3.16629e-05 -0.0185103 0.0911734 -2.71778e-05 -3.51699e-06 4.74169e-05 -2.71778e-05 0.00995656 -0.0183946 -3.16629e-05 -3.51699e-06 -0.0183946 0.0912732 
0.0101586 -0.0185823 5.08663e-05 -3.574e-05 -0.0185823 0.0915091 -2.62854e-05 -8.39056e-06 5.08663e-05 -2.62854e-05 0.00998936 -0.0184586 -3.574e-05 -8.39056e-06 -0.0184586 0.0915705 
0.00935002 -0.0171488 3.05174e-05 -3.64297e-05 -0.0171488 0.0845166 -2.50608e-05 -8.20838e-06 3.05174e-05 -2.50608e-05 0.00924151 -0.0170481 -3.64297e-05 -8.20838e-06 -0.0170481 0.0845751 
0.00932616 -0.017085 4.53541e-05 -1.50497e-05 -0.017085 0.084341 -6.62413e-06 -3.79382e-05 4.53541e-05 -6.62413e-06 0.00925494 -0.0170486 -1.50497e-05 -3.79382e-05 -0.0170486 0.0845121 
0.0101112 -0.0184732 5.00032e-05 -2.57578e-05 -0.0184732 0.0912351 -2.37299e-05 -4.90371e-05 5.00032e-05 -2.37299e-05 0.0100413 -0.0184997 -2.57578e-05 -4.90371e-05 -0.0184997 0.0916051 
0.0100834 -0.0184239 5.44738e-05 -2.94702e-05 -0.0184239 0.0909129 -3.01935e-05 -3.16686e-05 5.44738e-05 -3.01935e-05 0.0100335 -0.0184722 -2.94702e-05 -3.16686e-05 -0.0184722 0.0914083 
0.0101015 -0.0184094 6.55587e-05 -3.58397e-05 -0.0184094 0.0908095 -3.61614e-05 -1.52726e-05 6.55587e-05 -3.61614e-05 0.0100113 -0.0184843 -3.58397e-05 -1.52726e-05 -0.0184843 0.0913954 
0.0101082 -0.0184258 7.15562e-05 -4.79747e-05 -0.0184258 0.0907686 -4.74617e-05 5.99341e-06 7.15562e-05 -4.74617e-05 0.0099848 -0.0184597 -4.79747e-05 5.99341e-06 -0.0184597 0.0913417 
