0.00712701 0 3.84918e-05 0 0 0.00995812 0 0 3.84918e-05 0 0.00693427 0 0 0 0 0.00995812 
0.00969506 -0.0120299 3.33741e-05 -3.9335e-05 -0.0120299 0.0318667 -3.9335e-05 7.5512e-05 3.33741e-05 -3.9335e-05 0.0094948 -0.01179 -3.9335e-05 7.5512e-05 -0.01179 0.0314068 
0.00993945 -0.0184531 1.49442e-05 4.16836e-06 -0.0184531 0.0679729 4.16836e-06 -3.11548e-05 1.49442e-05 4.16836e-06 0.00981144 -0.0183346 4.16836e-06 -3.11548e-05 -0.0183346 0.0676516 
0.00936093 -0.017901 2.18299e-05 6.96997e-05 -0.017901 0.0800995 6.97156e-05 -0.000398398 2.18299e-05 6.97156e-05 0.00922078 -0.018007 6.96997e-05 -0.000398398 -0.018007 0.080947 
0.00907643 -0.0168142 3.82481e-05 5.48646e-05 -0.0168142 0.0806647 5.27234e-05 -0.000518834 3.82481e-05 5.27234e-05 0.00893087 -0.016885 5.48646e-05 -0.000518834 -0.016885 0.0819581 
0.00937237 -0.0171192 6.57464e-05 7.1138e-06 -0.0171192 0.0835391 6.40807e-06 -0.00038661 6.57464e-05 6.40807e-06 0.0092202 -0.0171079 7.1138e-06 -0.00038661 -0.0171079 0.0845619 
0.00955515 -0.0174098 7.60369e-05 -3.8823e-05 -0.0174098 0.085338 -3.83683e-05 -0.000195991 7.60369e-05 -3.83683e-05 0.00941471 -0.017365 -3.8823e-05 -0.000195991 -0.017365 0.0860126 
0.00969917 -0.0176745 8.11244e-05 -4.99767e-05 -0.0176745 0.0868588 -4.93337e-05 -8.50367e-05 8.11244e-05 -4.93337e-05 0.00959343 -0.0176538 -4.99767e-05 -8.50367e-05 -0.0176538 0.0874019 
0.0094269 -0.0171839 8.20289e-05 -4.63459e-05 -0.0171839 0.0845965 -4.89259e-05 -4.90794e-05 8.20289e-05 -4.89259e-05 0.00937565 -0.0172299 -4.63459e-05 -4.90794e-05 -0.0172299 0.0852034 
0.00971631 -0.0177199 7.31406e-05 -4.80743e-05 -0.0177199 0.0873212 -5.36104e-05 -4.07339e-05 7.31406e-05 -5.36104e-05 0.00970917 -0.0178497 -4.80743e-05 -4.07339e-05 -0.0178497 0.0881426 
0.00965641 -0.017557 5.33026e-05 -3.38872e-05 -0.017557 0.0865716 -4.01979e-05 -5.78619e-05 5.33026e-05 -4.01979e-05 0.00963098 -0.0177524 -3.38872e-05 -5.78619e-05 -0.0177524 0.087595 
0.00963765 -0.0175311 2.47653e-05 -8.77512e-06 -0.0175311 0.0863391 -1.70352e-05 -0.000106143 2.47653e-05 -1.70352e-05 0.0096012 -0.0177018 -8.77512e-06 -0.000106143 -0.0177018 0.0874088 
0.00959724 -0.0174482 5.15636e-06 2.5703e-05 -0.0174482 0.0858862 1.99766e-05 -0.000183641 5.15636e-06 1.99766e-05 0.00953223 -0.0175877 2.5703e-05 -0.000183641 -0.0175877 0.0868842 
0.00958186 -0.0174253 1.59513e-06 4.79592e-05 -0.0174253 0.0857097 4.7641e-05 -0.000257749 1.59513e-06 4.7641e-05 0.00949679 -0.0175147 4.79592e-05 -0.000257749 -0.0175147 0.086577 
0.00959084 -0.0174216 2.0002e-05 4.65716e-05 -0.0174216 0.0856536 4.92505e-05 -0.000279978 2.0002e-05 4.92505e-05 0.00945741 -0.017472 4.65716e-05 -0.000279978 -0.017472 0.0863833 
0.00961202 -0.0174487 3.36248e-05 2.29176e-05 -0.0174487 0.0857177 2.55249e-05 -0.000244129 3.36248e-05 2.55249e-05 0.00941523 -0.017439 2.29176e-05 -0.000244129 -0.017439 0.0862947 
0.00964468 -0.0175128 1.90634e-05 8.90517e-06 -0.0175128 0.0859574 1.19169e-05 -0.000205701 1.90634e-05 1.19169e-05 0.0093959 -0.0174155 8.90517e-06 -0.000205701 -0.0174155 0.08632 
0.00964781 -0.0175442 3.26134e-05 2.58387e-05 -0.0175442 0.0860735 2.79806e-05 -0.000214127 3.26134e-05 2.79806e-05 0.009396 -0.0173741 2.58387e-05 -0.000214127 -0.0173741 0.0862192 
0.00965126 -0.0175291 5.02138e-05 9.62831e-06 -0.0175291 0.086034 1.0548e-05 -0.000197846 5.02138e-05 1.0548e-05 0.00938069 -0.0173536 9.62831e-06 -0.000197846 -0.0173536 0.0860803 
0.00965806 -0.0175441 7.19035e-05 -1.56805e-05 -0.0175441 0.0860698 -1.79947e-05 -0.000138236 7.19035e-05 -1.79947e-05 0.0093806 -0.0173487 -1.56805e-05 -0.000138236 -0.0173487 0.0860631 
0.00959101 -0.0174594 7.0996e-05 -4.05109e-05 -0.0174594 0.085644 -4.61632e-05 -6.71987e-05 7.0996e-05 -4.61632e-05 0.00936405 -0.017256 -4.05109e-05 -6.71987e-05 -0.017256 0.0855956 
0.00954692 -0.0174415 4.26032e-05 -4.42507e-05 -0.0174415 0.0856244 -4.84336e-05 -2.87672e-05 4.26032e-05 -4.84336e-05 0.00940973 -0.0172935 -4.42507e-05 -2.87672e-05 -0.0172935 0.0856397 
0.00952616 -0.0173875 2.28389e-05 -1.2998e-05 -0.0173875 0.085528 -1.30723e-05 -6.70879e-05 2.28389e-05 -1.30723e-05 0.00942513 -0.0173555 -1.2998e-05 -6.70879e-05 -0.0173555 0.0857693 
0.00957151 -0.0174282 2.26304e-05 1.24159e-05 -0.0174282 0.085769 1.77798e-05 -0.000138314 2.26304e-05 1.77798e-05 0.00943401 -0.0174436 1.24159e-05 -0.000138314 -0.0174436 0.0861934 
0.00959343 -0.0174844 2.22513e-05 1.62029e-05 -0.0174844 0.0859744 2.10789e-05 -0.000178541 2.22513e-05 2.10789e-05 0.00944392 -0.0174489 1.62029e-05 -0.000178541 -0.0174489 0.0863738 
0.00961411 -0.0175172 3.65107e-05 1.5846e-05 -0.0175172 0.086157 1.85345e-05 -0.000185496 3.65107e-05 1.85345e-05 0.00946305 -0.0174701 1.5846e-05 -0.000185496 -0.0174701 0.0865092 
0.00962504 -0.0175703 5.17636e-05 -2.15491e-06 -0.0175703 0.0864271 7.80485e-08 -0.000160215 5.17636e-05 7.80485e-08 0.0095192 -0.0175301 -2.15491e-06 -0.000160215 -0.0175301 0.0867856 
0.00960815 -0.0175838 5.71942e-05 -2.11312e-05 -0.0175838 0.0865829 -1.86103e-05 -0.000119153 5.71942e-05 -1.86103e-05 0.00958 -0.0176051 -2.11312e-05 -0.000119153 -0.0176051 0.0870525 
0.00960042 -0.0175292 5.72292e-05 -2.77102e-05 -0.0175292 0.0864541 -2.46003e-05 -9.21066e-05 5.72292e-05 -2.46003e-05 0.00959084 -0.017647 -2.77102e-05 -9.21066e-05 -0.017647 0.0871323 
0.00959376 -0.017499 4.70867e-05 -2.26944e-05 -0.017499 0.0862952 -1.96476e-05 -9.78549e-05 4.70867e-05 -1.96476e-05 0.00958266 -0.017654 -2.26944e-05 -9.78549e-05 -0.017654 0.0871446 
0.00957465 -0.0174532 2.97148e-05 -5.27559e-06 -0.0174532 0.0860335 -2.56515e-06 -0.000136268 2.97148e-05 -2.56515e-06 0.00955967 -0.017605 -5.27559e-06 -0.000136268 -0.017605 0.086934 
0.00956355 -0.0174232 2.52618e-05 1.83415e-05 -0.0174232 0.0858439 1.79969e-05 -0.00019138 2.52618e-05 1.79969e-05 0.00953174 -0.0175667 1.83415e-05 -0.00019138 -0.0175667 0.0867406 
0.00955278 -0.017382 2.66694e-05 2.59574e-05 -0.017382 0.0855905 2.80003e-05 -0.000232514 2.66694e-05 2.80003e-05 0.0094936 -0.0174958 2.59574e-05 -0.000232514 -0.0174958 0.0864241 
0.00958944 -0.0173978 2.97716e-05 2.21207e-05 -0.0173978 0.0855886 2.77111e-05 -0.000244993 2.97716e-05 2.77111e-05 0.00944525 -0.0174736 2.21207e-05 -0.000244993 -0.0174736 0.0863268 
0.00959648 -0.0174649 3.40985e-05 1.59251e-05 -0.0174649 0.0857668 2.62118e-05 -0.000242071 3.40985e-05 2.62118e-05 0.00944676 -0.0174429 1.59251e-05 -0.000242071 -0.0174429 0.0863213 
0.00957787 -0.0174308 5.13518e-05 9.30299e-06 -0.0174308 0.0856457 2.06084e-05 -0.000230926 5.13518e-05 2.06084e-05 0.00940794 -0.017397 9.30299e-06 -0.000230926 -0.017397 0.086088 
0.00954266 -0.0173634 6.11432e-05 -1.11386e-05 -0.0173634 0.0853205 -2.59672e-06 -0.00019023 6.11432e-05 -2.59672e-06 0.00936535 -0.0173033 -1.11386e-05 -0.00019023 -0.0173033 0.0856872 
0.00954577 -0.0173866 8.26316e-05 -2.87206e-05 -0.0173866 0.0854203 -1.98685e-05 -0.000137119 8.26316e-05 -1.98685e-05 0.00937551 -0.017309 -2.87206e-05 -0.000137119 -0.017309 0.0857187 
0.0095391 -0.0173961 8.20066e-05 -5.27065e-05 -0.0173961 0.0854952 -4.01673e-05 -8.74999e-05 8.20066e-05 -4.01673e-05 0.0093932 -0.0173219 -5.27065e-05 -8.74999e-05 -0.0173219 0.0857625 
0.00954598 -0.0174058 6.60043e-05 -5.28793e-05 -0.0174058 0.0856 -4.00979e-05 -6.63193e-05 6.60043e-05 -4.00979e-05 0.0094091 -0.0173577 -5.28793e-05 -6.63193e-05 -0.0173577 0.0858918 
0.00956502 -0.0174152 6.19975e-05 -3.34667e-05 -0.0174152 0.0856655 -2.57558e-05 -8.44793e-05 6.19975e-05 -2.57558e-05 0.00939994 -0.0173776 -3.34667e-05 -8.44793e-05 -0.0173776 0.0859849 
0.00956182 -0.0174541 5.81085e-05 -2.23852e-05 -0.0174541 0.0858108 -2.1558e-05 -0.000110767 5.81085e-05 -2.1558e-05 0.00942042 -0.0173793 -2.23852e-05 -0.000110767 -0.0173793 0.0860769 
0.00955809 -0.0174554 4.49269e-05 -1.41781e-05 -0.0174554 0.0858995 -1.5722e-05 -0.000134711 4.49269e-05 -1.5722e-05 0.00943042 -0.0174044 -1.41781e-05 -0.000134711 -0.0174044 0.0861633 
0.00954223 -0.0174346 2.56984e-05 4.67128e-06 -0.0174346 0.0858675 2.10033e-06 -0.000174808 2.56984e-05 2.10033e-06 0.00944818 -0.0174144 4.67128e-06 -0.000174808 -0.0174144 0.0862054 
0.00954419 -0.0174303 2.40262e-05 2.83049e-05 -0.0174303 0.0859056 2.76698e-05 -0.000232756 2.40262e-05 2.76698e-05 0.00947043 -0.0174536 2.83049e-05 -0.000232756 -0.0174536 0.0863472 
0.00955228 -0.0174107 2.42052e-05 2.5276e-05 -0.0174107 0.0858159 2.92831e-05 -0.000254224 2.42052e-05 2.92831e-05 0.00945935 -0.0174499 2.5276e-05 -0.000254224 -0.0174499 0.0863142 
0.00956805 -0.0174038 2.21797e-05 2.62211e-05 -0.0174038 0.0857154 2.79322e-05 -0.000259363 2.21797e-05 2.79322e-05 0.00942392 -0.0174204 2.62211e-05 -0.000259363 -0.0174204 0.0861974 
0.00956003 -0.0174039 5.18886e-06 2.99598e-05 -0.0174039 0.0856043 2.74817e-05 -0.000261579 5.18886e-06 2.74817e-05 0.00938794 -0.0173541 2.99598e-05 -0.000261579 -0.0173541 0.085963 
0.00954283 -0.0174024 3.74805e-06 5.23726e-05 -0.0174024 0.0855718 4.81397e-05 -0.000296103 3.74805e-06 4.81397e-05 0.00938304 -0.0173101 5.23726e-05 -0.000296103 -0.0173101 0.0857918 
0.0095261 -0.0173671 1.62584e-05 5.18438e-05 -0.0173671 0.0854424 5.35354e-05 -0.00031926 1.62584e-05 5.35354e-05 0.00937115 -0.017283 5.18438e-05 -0.00031926 -0.017283 0.0856118 
0.00948147 -0.0172851 2.92213e-05 3.0073e-05 -0.0172851 0.0850444 3.7556e-05 -0.000290973 2.92213e-05 3.7556e-05 0.00933495 -0.017209 3.0073e-05 -0.000290973 -0.017209 0.0852173 
0.00944611 -0.0172883 3.16631e-05 9.30805e-06 -0.0172883 0.0850434 2.10516e-05 -0.000244778 3.16631e-05 2.10516e-05 0.00936394 -0.0172103 9.30805e-06 -0.000244778 -0.0172103 0.0852017 
0.00944482 -0.0172783 4.64198e-05 3.74605e-06 -0.0172783 0.0851272 1.99801e-05 -0.000219235 4.64198e-05 1.99801e-05 0.00938415 -0.0172682 3.74605e-06 -0.000219235 -0.0172682 0.0853672 
0.00946984 -0.0173216 5.31619e-05 -1.2723e-05 -0.0173216 0.0853926 3.91488e-06 -0.000189863 5.31619e-05 3.91488e-06 0.00942628 -0.0173518 -1.2723e-05 -0.000189863 -0.0173518 0.0857545 
0.00948932 -0.0173086 5.29541e-05 -2.13779e-05 -0.0173086 0.0853594 -1.20246e-05 -0.0001517 5.29541e-05 -1.20246e-05 0.00941727 -0.0173665 -2.13779e-05 -0.0001517 -0.0173665 0.085815 
0.0094873 -0.0173021 3.98644e-05 -1.0797e-05 -0.0173021 0.0852355 -1.37852e-05 -0.000148162 3.98644e-05 -1.37852e-05 0.00939529 -0.0173222 -1.0797e-05 -0.000148162 -0.0173222 0.0856638 
0.0094505 -0.0172425 2.62617e-05 1.16405e-05 -0.0172425 0.0848996 1.00045e-06 -0.000181463 2.62617e-05 1.00045e-06 0.00935641 -0.0172402 1.16405e-05 -0.000181463 -0.0172402 0.0852744 
0.00945956 -0.0172408 3.72045e-05 3.0549e-05 -0.0172408 0.0848768 1.7741e-05 -0.000227753 3.72045e-05 1.7741e-05 0.0093462 -0.0172318 3.0549e-05 -0.000227753 -0.0172318 0.0852187 
0.0095068 -0.0173172 3.98245e-05 1.88509e-05 -0.0173172 0.0851984 9.45574e-06 -0.00023776 3.98245e-05 9.45574e-06 0.0093546 -0.0172882 1.88509e-05 -0.00023776 -0.0172882 0.0855073 
0.00950487 -0.0173563 4.05774e-05 7.19767e-06 -0.0173563 0.0853415 2.8046e-06 -0.000213063 4.05774e-05 2.8046e-06 0.00937265 -0.0172797 7.19767e-06 -0.000213063 -0.0172797 0.0855607 
0.00950175 -0.0173475 4.40067e-05 4.95013e-06 -0.0173475 0.0853778 -1.19054e-06 -0.000194427 4.40067e-05 -1.19054e-06 0.00938377 -0.0173002 4.95013e-06 -0.000194427 -0.0173002 0.0856062 
0.00948359 -0.0172673 5.9241e-05 4.76192e-06 -0.0172673 0.0850189 -6.3904e-06 -0.000183544 5.9241e-05 -6.3904e-06 0.00934032 -0.0172525 4.76192e-06 -0.000183544 -0.0172525 0.0853387 
0.00946741 -0.0172591 5.25015e-05 -1.0043e-05 -0.0172591 0.0848855 -2.14254e-05 -0.000161434 5.25015e-05 -2.14254e-05 0.00932242 -0.0172074 -1.0043e-05 -0.000161434 -0.0172074 0.085181 
0.00942059 -0.0172018 6.75756e-05 -9.50203e-06 -0.0172018 0.0846168 -1.45461e-05 -0.000147056 6.75756e-05 -1.45461e-05 0.00930724 -0.0171507 -9.50203e-06 -0.000147056 -0.0171507 0.0848944 
0.00941347 -0.017164 8.48478e-05 -3.75084e-05 -0.017164 0.0844915 -3.42071e-05 -0.000102164 8.48478e-05 -3.42071e-05 0.00929406 -0.0171484 -3.75084e-05 -0.000102164 -0.0171484 0.0848174 
0.00942769 -0.0171934 7.37974e-05 -6.08372e-05 -0.0171934 0.0846099 -5.61751e-05 -4.13831e-05 7.37974e-05 -5.61751e-05 0.00930829 -0.0171758 -6.08372e-05 -4.13831e-05 -0.0171758 0.0849681 
0.00942976 -0.0171909 4.88426e-05 -4.29491e-05 -0.0171909 0.084585 -4.28696e-05 -4.03972e-05 4.88426e-05 -4.28696e-05 0.0092954 -0.0171641 -4.29491e-05 -4.03972e-05 -0.0171641 0.0849244 
0.00940664 -0.0171588 4.5544e-05 -8.56481e-06 -0.0171588 0.0844145 -1.36088e-05 -9.66595e-05 4.5544e-05 -1.36088e-05 0.00925634 -0.0171188 -8.56481e-06 -9.66595e-05 -0.0171188 0.084729 
0.00977999 -0.0178784 4.26877e-05 -5.25894e-06 -0.0178784 0.0879551 -1.36272e-05 -0.000130169 4.26877e-05 -1.36272e-05 0.00964634 -0.0177979 -5.25894e-06 -0.000130169 -0.0177979 0.0881862 
0.00976682 -0.0178424 5.15597e-05 -1.42404e-06 -0.0178424 0.0878692 -9.98086e-06 -0.000139309 5.15597e-05 -9.98086e-06 0.0096374 -0.0177911 -1.42404e-06 -0.000139309 -0.0177911 0.0881015 
0.0097592 -0.017857 3.83937e-05 -1.00448e-05 -0.017857 0.0879601 -1.56757e-05 -0.000136001 3.83937e-05 -1.56757e-05 0.00965671 -0.0178166 -1.00448e-05 -0.000136001 -0.0178166 0.0882281 
0.00934395 -0.0171353 2.77339e-05 8.71085e-07 -0.0171353 0.0844804 -3.08324e-07 -0.000141728 2.77339e-05 -3.08324e-07 0.00929621 -0.0171285 8.71085e-07 -0.000141728 -0.0171285 0.084802 
0.00934585 -0.0171309 1.02911e-05 1.05467e-05 -0.0171309 0.0845936 1.19537e-05 -0.000166856 1.02911e-05 1.19537e-05 0.00931968 -0.0171932 1.05467e-05 -0.000166856 -0.0171932 0.0850602 
0.00932545 -0.017074 -5.0926e-06 3.22557e-05 -0.017074 0.0843751 3.1816e-05 -0.000208086 -5.0926e-06 3.1816e-05 0.00930377 -0.0171714 3.22557e-05 -0.000208086 -0.0171714 0.0849738 
0.009719 -0.0177335 -7.15826e-06 5.31282e-05 -0.0177335 0.0876276 4.78298e-05 -0.000258943 -7.15826e-06 4.78298e-05 0.00964826 -0.0178367 5.31282e-05 -0.000258943 -0.0178367 0.0883 
0.00971551 -0.0177467 -2.44325e-06 5.80054e-05 -0.0177467 0.0875522 4.84922e-05 -0.000280351 -2.44325e-06 4.84922e-05 0.00962489 -0.0177819 5.80054e-05 -0.000280351 -0.0177819 0.0881218 
0.00970135 -0.0177586 1.5504e-05 4.93618e-05 -0.0177586 0.0875714 4.11896e-05 -0.000269601 1.5504e-05 4.11896e-05 0.00961827 -0.0177452 4.93618e-05 -0.000269601 -0.0177452 0.0879785 
0.00967525 -0.0177384 4.06386e-05 2.09125e-05 -0.0177384 0.0875307 1.84517e-05 -0.000218863 4.06386e-05 1.84517e-05 0.00962548 -0.0177297 2.09125e-05 -0.000218863 -0.0177297 0.0878711 
0.00930905 -0.0170309 4.57599e-05 -1.73343e-05 -0.0170309 0.084123 -1.38558e-05 -0.000127398 4.57599e-05 -1.38558e-05 0.00923819 -0.0170641 -1.73343e-05 -0.000127398 -0.0170641 0.0844979 
0.00970591 -0.0177557 2.53238e-05 -2.99765e-05 -0.0177557 0.0876558 -2.22003e-05 -7.65092e-05 2.53238e-05 -2.22003e-05 0.00961582 -0.0177579 -2.99765e-05 -7.65092e-05 -0.0177579 0.0880199 
0.00966907 -0.0176829 1.9635e-05 -3.43905e-06 -0.0176829 0.0872783 1.69575e-06 -9.22869e-05 1.9635e-05 1.69575e-06 0.00957246 -0.0176644 -3.43905e-06 -9.22869e-05 -0.0176644 0.0875833 
0.00960351 -0.0175853 2.90085e-05 7.51421e-06 -0.0175853 0.086779 8.01664e-06 -0.000122657 2.90085e-05 8.01664e-06 0.00953801 -0.017563 7.51421e-06 -0.000122657 -0.017563 0.0870574 
0.00957672 -0.0175401 3.81508e-05 -2.56544e-06 -0.0175401 0.0865963 -5.54412e-06 -0.000113492 3.81508e-05 -5.54412e-06 0.00952905 -0.0175614 -2.56544e-06 -0.000113492 -0.0175614 0.0869433 
0.00958784 -0.0175415 3.72353e-05 -1.05265e-05 -0.0175415 0.0866274 -1.37645e-05 -9.66309e-05 3.72353e-05 -1.37645e-05 0.00952509 -0.01759 -1.05265e-05 -9.66309e-05 -0.01759 0.0870608 
0.00959234 -0.0175771 2.79822e-05 -9.63369e-06 -0.0175771 0.0867696 -1.00565e-05 -9.3911e-05 2.79822e-05 -1.00565e-05 0.00954372 -0.0176084 -9.63369e-06 -9.3911e-05 -0.0176084 0.0872139 
0.00961755 -0.0176138 2.17413e-05 -6.38174e-07 -0.0176138 0.0870048 -2.42883e-07 -0.000105656 2.17413e-05 -2.42883e-07 0.00956095 -0.0176645 -6.38174e-07 -0.000105656 -0.0176645 0.0874771 
0.00962183 -0.017611 7.40682e-06 8.40997e-06 -0.017611 0.0869901 7.24327e-06 -0.000127169 7.40682e-06 7.24327e-06 0.00954065 -0.0176468 8.40997e-06 -0.000127169 -0.0176468 0.0874517 
0.00962887 -0.0176257 1.40841e-05 2.53461e-05 -0.0176257 0.0870386 2.3996e-05 -0.000160343 1.40841e-05 2.3996e-05 0.00953294 -0.0176257 2.53461e-05 -0.000160343 -0.0176257 0.0874265 
0.00962571 -0.0176069 3.78395e-05 1.82661e-05 -0.0176069 0.0869434 1.71988e-05 -0.000166332 3.78395e-05 1.71988e-05 0.00950668 -0.0175838 1.82661e-05 -0.000166332 -0.0175838 0.0872515 
0.00958112 -0.0175817 4.9674e-05 -1.53413e-05 -0.0175817 0.0867831 -1.73449e-05 -0.000104797 4.9674e-05 -1.73449e-05 0.00950791 -0.0175257 -1.53413e-05 -0.000104797 -0.0175257 0.0870031 
0.00952784 -0.0174714 4.28981e-05 -3.23229e-05 -0.0174714 0.0863528 -3.3808e-05 -4.34274e-05 4.28981e-05 -3.3808e-05 0.00948105 -0.0174717 -3.23229e-05 -4.34274e-05 -0.0174717 0.0866221 
0.00953912 -0.0174996 3.59144e-05 -2.29503e-05 -0.0174996 0.0865103 -2.60944e-05 -3.4511e-05 3.59144e-05 -2.60944e-05 0.00951662 -0.0175352 -2.29503e-05 -3.4511e-05 -0.0175352 0.0868743 
0.00955342 -0.0175112 3.36185e-05 -9.87958e-06 -0.0175112 0.0865954 -1.34796e-05 -6.07278e-05 3.36185e-05 -1.34796e-05 0.00953119 -0.0175804 -9.87958e-06 -6.07278e-05 -0.0175804 0.0870539 
0.00951021 -0.0174379 3.30076e-05 -7.58107e-06 -0.0174379 0.0862145 -8.61791e-06 -7.93246e-05 3.30076e-05 -8.61791e-06 0.00950617 -0.0175069 -7.58107e-06 -7.93246e-05 -0.0175069 0.086709 
0.00950998 -0.0174419 2.84212e-05 -8.7554e-06 -0.0174419 0.0862294 -7.68711e-06 -8.55053e-05 2.84212e-05 -7.68711e-06 0.00950933 -0.0175217 -8.7554e-06 -8.55053e-05 -0.0175217 0.0867328 
0.00950852 -0.0173894 3.37838e-05 -5.43525e-06 -0.0173894 0.0859771 -4.31356e-06 -8.96416e-05 3.37838e-05 -4.31356e-06 0.00945252 -0.0174749 -5.43525e-06 -8.96416e-05 -0.0174749 0.0864942 
0.00951779 -0.0174287 1.01914e-05 -1.38239e-05 -0.0174287 0.08607 -1.19471e-05 -7.69663e-05 1.01914e-05 -1.19471e-05 0.0094427 -0.0174561 -1.38239e-05 -7.69663e-05 -0.0174561 0.0865135 
0.0095382 -0.0174725 -1.3338e-05 1.43775e-05 -0.0174725 0.0862799 2.15533e-05 -0.000119208 -1.3338e-05 2.15533e-05 0.00944337 -0.0174636 1.43775e-05 -0.000119208 -0.0174636 0.0866085 
0.00953746 -0.0174759 -3.43416e-05 4.74186e-05 -0.0174759 0.0863046 5.88955e-05 -0.000205802 -3.43416e-05 5.88955e-05 0.0094304 -0.0174391 4.74186e-05 -0.000205802 -0.0174391 0.0865387 
0.00952554 -0.0174443 -4.5125e-05 7.44467e-05 -0.0174443 0.0861567 8.9925e-05 -0.000292362 -4.5125e-05 8.9925e-05 0.00939835 -0.0173849 7.44467e-05 -0.000292362 -0.0173849 0.0863101 
0.00951651 -0.0174338 -4.25301e-05 8.45997e-05 -0.0174338 0.0860867 9.70967e-05 -0.000335443 -4.25301e-05 9.70967e-05 0.00937748 -0.0173448 8.45997e-05 -0.000335443 -0.0173448 0.086151 
0.00948882 -0.017387 -1.31603e-05 8.19881e-05 -0.017387 0.0858561 8.96499e-05 -0.000338723 -1.31603e-05 8.96499e-05 0.00935065 -0.0172755 8.19881e-05 -0.000338723 -0.0172755 0.0858349 
0.00946487 -0.0173564 1.48527e-05 4.38392e-05 -0.0173564 0.0857192 4.64112e-05 -0.000268077 1.48527e-05 4.64112e-05 0.00934468 -0.0172504 4.38392e-05 -0.000268077 -0.0172504 0.0856767 
0.00946082 -0.0173572 2.52925e-05 9.2304e-06 -0.0173572 0.0857522 5.53699e-06 -0.000169861 2.52925e-05 5.53699e-06 0.00935945 -0.0172694 9.2304e-06 -0.000169861 -0.0172694 0.0857287 
0.00949059 -0.0173873 1.06662e-05 -3.93006e-06 -0.0173873 0.0859324 -1.16418e-05 -0.000102619 1.06662e-05 -1.16418e-05 0.00937547 -0.0173256 -3.93006e-06 -0.000102619 -0.0173256 0.0859655 
0.00950858 -0.0174508 4.26506e-06 1.26475e-05 -0.0174508 0.086205 5.85853e-06 -0.00010276 4.26506e-06 5.85853e-06 0.00941729 -0.0173729 1.26475e-05 -0.00010276 -0.0173729 0.0862382 
0.0095283 -0.0174766 -1.93287e-06 2.48179e-05 -0.0174766 0.0863865 1.90666e-05 -0.000136773 -1.93287e-06 1.90666e-05 0.00944006 -0.0174267 2.48179e-05 -0.000136773 -0.0174267 0.0864512 
0.00956095 -0.0175104 1.34874e-05 3.46748e-05 -0.0175104 0.0865614 3.20337e-05 -0.000172946 1.34874e-05 3.20337e-05 0.00945472 -0.0174728 3.46748e-05 -0.000172946 -0.0174728 0.0866767 
0.00956707 -0.0175356 2.20157e-05 1.42136e-05 -0.0175356 0.0866356 1.79676e-05 -0.000163663 2.20157e-05 1.79676e-05 0.00947439 -0.0174795 1.42136e-05 -0.000163663 -0.0174795 0.0867472 
0.00954065 -0.0174994 1.69858e-05 -3.95133e-06 -0.0174994 0.086462 4.59819e-06 -0.000123928 1.69858e-05 4.59819e-06 0.00947376 -0.0174537 -3.95133e-06 -0.000123928 -0.0174537 0.0865744 
0.00953251 -0.0174545 1.52473e-05 2.90026e-06 -0.0174545 0.0862654 1.38199e-05 -0.000123518 1.52473e-05 1.38199e-05 0.00945252 -0.0174396 2.90026e-06 -0.000123518 -0.0174396 0.0864287 
0.00952185 -0.0174629 1.73035e-05 9.18075e-06 -0.0174629 0.086243 1.70106e-05 -0.000137672 1.73035e-05 1.70106e-05 0.00946305 -0.0174289 9.18075e-06 -0.000137672 -0.0174289 0.0863961 
0.00952719 -0.0174968 2.92321e-05 1.29761e-05 -0.0174968 0.0864413 1.11118e-05 -0.00014395 2.92321e-05 1.11118e-05 0.00949595 -0.0174856 1.29761e-05 -0.00014395 -0.0174856 0.0866111 
0.00957274 -0.017524 5.33198e-05 2.53937e-06 -0.017524 0.0866439 -7.59616e-06 -0.000125637 5.33198e-05 -7.59616e-06 0.00949737 -0.0175536 2.53937e-06 -0.000125637 -0.0175536 0.0869022 
0.00957985 -0.0175321 4.27645e-05 -2.39297e-05 -0.0175321 0.0865963 -3.58911e-05 -7.59722e-05 4.27645e-05 -3.58911e-05 0.00948297 -0.0175159 -2.39297e-05 -7.59722e-05 -0.0175159 0.0868351 
0.00955382 -0.0175147 2.34017e-05 -1.34148e-05 -0.0175147 0.0864601 -2.28249e-05 -6.8829e-05 2.34017e-05 -2.28249e-05 0.00947653 -0.0174664 -1.34148e-05 -6.8829e-05 -0.0174664 0.0866179 
0.00955953 -0.0174966 4.14436e-05 5.76266e-06 -0.0174966 0.0864199 6.27466e-07 -0.000102959 4.14436e-05 6.27466e-07 0.00946555 -0.0174787 5.76266e-06 -0.000102959 -0.0174787 0.0866031 
0.00958483 -0.0175209 4.4743e-05 -1.16747e-05 -0.0175209 0.0864875 -1.44236e-05 -0.0001038 4.4743e-05 -1.44236e-05 0.00945682 -0.0174819 -1.16747e-05 -0.0001038 -0.0174819 0.0866614 
0.00961495 -0.0175281 5.5564e-05 -1.6187e-05 -0.0175281 0.086455 -1.78269e-05 -8.99184e-05 5.5564e-05 -1.78269e-05 0.00942454 -0.0174529 -1.6187e-05 -8.99184e-05 -0.0174529 0.0865688 
0.00965724 -0.0176526 6.09811e-05 -2.71277e-05 -0.0176526 0.0869194 -2.89592e-05 -7.24701e-05 6.09811e-05 -2.89592e-05 0.00946799 -0.0174955 -2.71277e-05 -7.24701e-05 -0.0174955 0.086875 
0.00972338 -0.0178097 5.10848e-05 -3.67383e-05 -0.0178097 0.0877322 -3.63379e-05 -4.8588e-05 5.10848e-05 -3.63379e-05 0.00955644 -0.0176567 -3.67383e-05 -4.8588e-05 -0.0176567 0.0876267 
0.00972296 -0.0178441 3.71708e-05 -2.48442e-05 -0.0178441 0.0879979 -2.38477e-05 -5.82218e-05 3.71708e-05 -2.38477e-05 0.00961567 -0.0177216 -2.48442e-05 -5.82218e-05 -0.0177216 0.0879331 
0.0096528 -0.0177056 9.07513e-06 -5.77045e-06 -0.0177056 0.087458 -7.22957e-06 -9.30846e-05 9.07513e-06 -7.22957e-06 0.00959802 -0.0176727 -5.77045e-06 -9.30846e-05 -0.0176727 0.0875774 
0.00962056 -0.0176408 -1.2229e-05 2.5308e-05 -0.0176408 0.0871949 2.34565e-05 -0.000152622 -1.2229e-05 2.34565e-05 0.0096033 -0.0176821 2.5308e-05 -0.000152622 -0.0176821 0.0875304 
0.00962583 -0.0175878 1.54807e-06 4.95917e-05 -0.0175878 0.0869453 4.87896e-05 -0.000216174 1.54807e-06 4.87896e-05 0.00956996 -0.0176695 4.95917e-05 -0.000216174 -0.0176695 0.087428 
0.00966863 -0.0176468 2.90964e-05 3.44328e-05 -0.0176468 0.0870927 3.43406e-05 -0.000222386 2.90964e-05 3.43406e-05 0.00954734 -0.0176679 3.44328e-05 -0.000222386 -0.0176679 0.0875178 
0.00970297 -0.0177395 3.3469e-05 2.00103e-06 -0.0177395 0.0874471 -9.68026e-07 -0.000164019 3.3469e-05 -9.68026e-07 0.00955813 -0.0176819 2.00103e-06 -0.000164019 -0.0176819 0.0877085 
0.00970549 -0.0177426 2.79798e-05 -2.50121e-06 -0.0177426 0.0874844 -8.16088e-06 -0.000124493 2.79798e-05 -8.16088e-06 0.00954203 -0.0176571 -2.50121e-06 -0.000124493 -0.0176571 0.0876277 
0.00968233 -0.0176971 2.45116e-05 3.77282e-06 -0.0176971 0.0872585 -1.00752e-06 -0.000121351 2.45116e-05 -1.00752e-06 0.00951823 -0.0175862 3.77282e-06 -0.000121351 -0.0175862 0.0873226 
0.00966603 -0.0176369 2.046e-05 4.95338e-06 -0.0176369 0.0869567 2.49582e-06 -0.000125713 2.046e-05 2.49582e-06 0.009483 -0.0175286 4.95338e-06 -0.000125713 -0.0175286 0.086999 
0.00965511 -0.0176347 2.79705e-05 6.54473e-06 -0.0176347 0.0868645 6.22824e-06 -0.000127683 2.79705e-05 6.22824e-06 0.00946976 -0.0174982 6.54473e-06 -0.000127683 -0.0174982 0.0868553 
0.00966138 -0.0176581 4.7943e-05 -6.40794e-06 -0.0176581 0.0869641 -4.22112e-06 -0.000106466 4.7943e-05 -4.22112e-06 0.00948145 -0.0175061 -6.40794e-06 -0.000106466 -0.0175061 0.0868882 
0.0096189 -0.0176143 5.92283e-05 -2.96576e-05 -0.0176143 0.0867745 -2.79753e-05 -5.85542e-05 5.92283e-05 -2.79753e-05 0.00948528 -0.0174822 -2.96576e-05 -5.85542e-05 -0.0174822 0.0867196 
0.00955635 -0.017534 5.3477e-05 -4.01397e-05 -0.017534 0.0864631 -4.32328e-05 -1.65266e-05 5.3477e-05 -4.32328e-05 0.00949453 -0.0174621 -4.01397e-05 -1.65266e-05 -0.0174621 0.0865214 
0.00956538 -0.0175389 5.70048e-05 -3.16733e-05 -0.0175389 0.0866119 -4.05102e-05 -8.47062e-06 5.70048e-05 -4.05102e-05 0.00953766 -0.0175702 -3.16733e-05 -8.47062e-06 -0.0175702 0.0869061 
0.00958846 -0.0175611 4.1877e-05 -3.03453e-05 -0.0175611 0.0867591 -4.30236e-05 -1.26529e-05 4.1877e-05 -4.30236e-05 0.00955782 -0.0176447 -3.03453e-05 -1.26529e-05 -0.0176447 0.0872564 
0.00962431 -0.0176456 2.19325e-05 -1.12404e-05 -0.0176456 0.0871712 -2.55604e-05 -4.03016e-05 2.19325e-05 -2.55604e-05 0.00961102 -0.0177404 -1.12404e-05 -4.03016e-05 -0.0177404 0.0877843 
0.00962667 -0.0175872 2.04063e-05 1.17037e-05 -0.0175872 0.0869386 -8.18184e-07 -9.07425e-05 2.04063e-05 -8.18184e-07 0.00957024 -0.0177063 1.17037e-05 -9.07425e-05 -0.0177063 0.0876305 
0.00962318 -0.0175662 3.09728e-05 1.09696e-05 -0.0175662 0.0867173 2.83656e-06 -0.000114307 3.09728e-05 2.83656e-06 0.00952025 -0.017625 1.09696e-05 -0.000114307 -0.017625 0.0873413 
0.00964504 -0.017623 3.76235e-05 -6.9878e-06 -0.017623 0.0869065 -1.35509e-05 -8.64414e-05 3.76235e-05 -1.35509e-05 0.00952504 -0.0176118 -6.9878e-06 -8.64414e-05 -0.0176118 0.0873629 
0.00969206 -0.0176836 4.21552e-05 -2.12024e-05 -0.0176836 0.0871889 -2.44671e-05 -4.60692e-05 4.21552e-05 -2.44671e-05 0.00953055 -0.0176404 -2.12024e-05 -4.60692e-05 -0.0176404 0.0875112 
0.00970914 -0.0177268 4.08726e-05 -3.31102e-05 -0.0177268 0.0873225 -3.22544e-05 -7.73256e-06 4.08726e-05 -3.22544e-05 0.00953794 -0.0176262 -3.31102e-05 -7.73256e-06 -0.0176262 0.0874987 
0.00973413 -0.0177698 4.55203e-05 -3.03966e-05 -0.0177698 0.0875262 -2.60909e-05 -3.37544e-06 4.55203e-05 -2.60909e-05 0.00955828 -0.0176588 -3.03966e-05 -3.37544e-06 -0.0176588 0.0876221 
0.0097522 -0.0178389 4.88316e-05 -3.43104e-05 -0.0178389 0.0878485 -2.5234e-05 -8.05459e-06 4.88316e-05 -2.5234e-05 0.00958976 -0.0177202 -3.43104e-05 -8.05459e-06 -0.0177202 0.0879075 
0.00935 -0.0171487 3.05172e-05 -3.64295e-05 -0.0171487 0.0845164 -2.50606e-05 -8.20877e-06 3.05172e-05 -2.50606e-05 0.00924148 -0.0170481 -3.64295e-05 -8.20877e-06 -0.0170481 0.0845749 
0.00932614 -0.017085 4.53541e-05 -1.50498e-05 -0.017085 0.0843408 -6.62429e-06 -3.79376e-05 4.53541e-05 -6.62429e-06 0.00925492 -0.0170486 -1.50498e-05 -3.79376e-05 -0.0170486 0.0845119 
0.00970675 -0.0177342 4.80031e-05 -2.47276e-05 -0.0177342 0.0875855 -2.27808e-05 -4.70749e-05 4.80031e-05 -2.27808e-05 0.00963958 -0.0177597 -2.47276e-05 -4.70749e-05 -0.0177597 0.0879407 
0.00968004 -0.0176869 5.22948e-05 -2.82915e-05 -0.0176869 0.0872762 -2.89859e-05 -3.04012e-05 5.22948e-05 -2.89859e-05 0.00963209 -0.0177332 -2.82915e-05 -3.04012e-05 -0.0177332 0.0877517 
0.0096974 -0.0176729 6.29364e-05 -3.44063e-05 -0.0176729 0.0871769 -3.47151e-05 -1.46611e-05 6.29364e-05 -3.47151e-05 0.00961084 -0.0177449 -3.44063e-05 -1.46611e-05 -0.0177449 0.0877394 
0.00970385 -0.0176888 6.86941e-05 -4.60559e-05 -0.0176888 0.0871377 -4.55634e-05 5.75454e-06 6.86941e-05 -4.55634e-05 0.00958539 -0.0177213 -4.60559e-05 5.75454e-06 -0.0177213 0.0876879 
