0.00659698 0 -0.000110199 0 0 0.00941844 0 0 -0.000110199 0 0.00671659 0 0 0 0 0.00941844 
0.00957089 -0.0118815 -0.000126932 0.000154976 -0.0118815 0.0316151 0.000154976 -0.000297024 -0.000126932 0.000154976 0.00971031 -0.0120509 0.000154976 -0.000297024 -0.0120509 0.0319399 
0.00984662 -0.0183488 -8.06727e-05 0.00012851 -0.0183488 0.0676851 0.00012851 -0.000390599 -8.06727e-05 0.00012851 0.00992668 -0.0184841 0.00012851 -0.000390599 -0.0184841 0.0680928 
0.00926202 -0.0179389 -5.27313e-05 -3.52565e-05 -0.0179389 0.0805121 -3.59262e-05 0.000309201 -5.27313e-05 -3.59262e-05 0.00928641 -0.0178842 -3.52565e-05 0.000309201 -0.0178842 0.0801478 
0.00893775 -0.0168283 -5.49797e-05 -6.75149e-05 -0.0168283 0.0813212 -6.63082e-05 0.000710154 -5.49797e-05 -6.63082e-05 0.00899779 -0.0167137 -6.75149e-05 0.000710154 -0.0167137 0.0804908 
0.00915984 -0.0169145 -4.28781e-05 -3.13392e-05 -0.0169145 0.0833073 -2.8163e-05 0.000640648 -4.28781e-05 -2.8163e-05 0.00921762 -0.016885 -3.13392e-05 0.000640648 -0.016885 0.082608 
0.00934524 -0.0171929 -3.4364e-05 -2.19322e-05 -0.0171929 0.0848746 -1.91789e-05 0.000475288 -3.4364e-05 -1.91789e-05 0.00940854 -0.0171872 -2.19322e-05 0.000475288 -0.0171872 0.0844062 
0.00956029 -0.0175409 -5.09847e-05 -2.24031e-05 -0.0175409 0.086669 -2.74941e-05 0.000383428 -5.09847e-05 -2.74941e-05 0.00958274 -0.0175486 -2.24031e-05 0.000383428 -0.0175486 0.0863411 
0.00939226 -0.0172188 -5.81392e-05 -7.65856e-06 -0.0172188 0.0850283 -1.52962e-05 0.000319888 -5.81392e-05 -1.52962e-05 0.00938132 -0.0171711 -7.65856e-06 0.000319888 -0.0171711 0.0846814 
0.00968249 -0.0177955 -7.09762e-05 2.13188e-06 -0.0177955 0.0878175 -7.56318e-07 0.000281057 -7.09762e-05 -7.56318e-07 0.00970833 -0.0176994 2.13188e-06 0.000281057 -0.0176994 0.0873546 
0.00956308 -0.0175894 -7.05516e-05 9.63078e-06 -0.0175894 0.0868563 1.24491e-05 0.000249671 -7.05516e-05 1.24491e-05 0.00963296 -0.017535 9.63078e-06 0.000249671 -0.017535 0.0864112 
0.0094998 -0.0174696 -6.69916e-05 7.64201e-06 -0.0174696 0.0863004 1.17783e-05 0.000242535 -6.69916e-05 1.17783e-05 0.00957627 -0.0174662 7.64201e-06 0.000242535 -0.0174662 0.0859513 
0.00945759 -0.0173862 -7.44629e-05 6.88178e-06 -0.0173862 0.0859102 7.04921e-06 0.000244911 -7.44629e-05 7.04921e-06 0.00953305 -0.017414 6.88178e-06 0.000244911 -0.017414 0.0856832 
0.00944386 -0.0173596 -6.97474e-05 1.77944e-05 -0.0173596 0.0857776 1.91664e-05 0.000225688 -6.97474e-05 1.91664e-05 0.00951342 -0.0173926 1.77944e-05 0.000225688 -0.0173926 0.0856106 
0.00944715 -0.0173359 -3.97539e-05 1.67818e-05 -0.0173359 0.0856641 1.92523e-05 0.000209558 -3.97539e-05 1.92523e-05 0.00947 -0.0173693 1.67818e-05 0.000209558 -0.0173693 0.0855316 
0.00946159 -0.0173642 -2.78215e-05 -1.76619e-05 -0.0173642 0.0857411 -1.32026e-05 0.000249277 -2.78215e-05 -1.32026e-05 0.00946213 -0.017348 -1.76619e-05 0.000249277 -0.017348 0.0855587 
0.00949117 -0.0174477 -8.82457e-06 -4.28805e-05 -0.0174477 0.0861309 -3.39464e-05 0.000316907 -8.82457e-06 -3.39464e-05 0.00949827 -0.0174027 -4.28805e-05 0.000316907 -0.0174027 0.0858724 
0.00947964 -0.0173994 -1.31195e-05 -6.29482e-05 -0.0173994 0.0859531 -5.27158e-05 0.000367511 -1.31195e-05 -5.27158e-05 0.00947241 -0.0173679 -6.29482e-05 0.000367511 -0.0173679 0.0856991 
0.00948452 -0.0173971 -4.01334e-05 -5.70179e-05 -0.0173971 0.0859004 -5.03243e-05 0.000380918 -4.01334e-05 -5.03243e-05 0.00945995 -0.0173422 -5.70179e-05 0.000380918 -0.0173422 0.0856129 
0.00949595 -0.0174473 -2.85182e-05 -2.12692e-05 -0.0174473 0.0860894 -1.92064e-05 0.000330873 -2.85182e-05 -1.92064e-05 0.00946952 -0.0173548 -2.12692e-05 0.000330873 -0.0173548 0.0857034 
0.00947846 -0.0174325 -2.12978e-05 -2.94469e-05 -0.0174325 0.0860516 -3.11901e-05 0.000312346 -2.12978e-05 -3.11901e-05 0.00947946 -0.0173332 -2.94469e-05 0.000312346 -0.0173332 0.085604 
0.00944088 -0.017383 -2.71329e-05 -3.50115e-05 -0.017383 0.0858601 -4.31063e-05 0.000324706 -2.71329e-05 -4.31063e-05 0.00948298 -0.0173157 -3.50115e-05 0.000324706 -0.0173157 0.0854348 
0.00944009 -0.0173424 -2.18768e-05 -2.86739e-05 -0.0173424 0.0857209 -4.26735e-05 0.000330414 -2.18768e-05 -4.26735e-05 0.00945818 -0.017323 -2.86739e-05 0.000330414 -0.017323 0.0853817 
0.00945815 -0.0173469 -1.90927e-05 -3.45396e-05 -0.0173469 0.0856872 -4.72488e-05 0.000336222 -1.90927e-05 -4.72488e-05 0.00944157 -0.0173048 -3.45396e-05 0.000336222 -0.0173048 0.0853595 
0.00947748 -0.0173761 -2.0111e-05 -4.24192e-05 -0.0173761 0.0857382 -5.07203e-05 0.000352104 -2.0111e-05 -5.07203e-05 0.00943539 -0.0172855 -4.24192e-05 0.000352104 -0.0172855 0.0853207 
0.00953095 -0.017481 -1.98862e-05 -4.56253e-05 -0.017481 0.0861878 -4.9596e-05 0.000365294 -1.98862e-05 -4.9596e-05 0.00947004 -0.0173514 -4.56253e-05 0.000365294 -0.0173514 0.0856573 
0.00955382 -0.0175808 -2.59741e-05 -4.68794e-05 -0.0175808 0.0866551 -4.88208e-05 0.000370405 -2.59741e-05 -4.88208e-05 0.00952302 -0.0174235 -4.68794e-05 0.000370405 -0.0174235 0.0860285 
0.00953062 -0.0175225 -3.41517e-05 -3.65342e-05 -0.0175225 0.0864839 -3.69826e-05 0.000349922 -3.41517e-05 -3.69826e-05 0.00951309 -0.0174004 -3.65342e-05 0.000349922 -0.0174004 0.0858717 
0.00952089 -0.0175514 -3.31425e-05 -2.66066e-05 -0.0175514 0.0866393 -2.42007e-05 0.000321487 -3.31425e-05 -2.42007e-05 0.00954664 -0.0174422 -2.66066e-05 0.000321487 -0.0174422 0.0860616 
0.00952783 -0.0175314 -2.35973e-05 -2.51854e-05 -0.0175314 0.0866594 -2.26121e-05 0.000300667 -2.35973e-05 -2.26121e-05 0.0095485 -0.0174753 -2.51854e-05 0.000300667 -0.0174753 0.0861725 
0.00950864 -0.0174831 -2.15398e-05 -3.01118e-05 -0.0174831 0.0864185 -3.04098e-05 0.000296957 -2.15398e-05 -3.04098e-05 0.00953072 -0.0174312 -3.01118e-05 0.000296957 -0.0174312 0.0859946 
0.00948756 -0.0174193 -3.37162e-05 -3.30036e-05 -0.0174193 0.0860946 -3.46236e-05 0.000303852 -3.37162e-05 -3.46236e-05 0.00949265 -0.0173789 -3.30036e-05 0.000303852 -0.0173789 0.085717 
0.00942763 -0.0173459 -4.12165e-05 -2.00213e-05 -0.0173459 0.0856798 -1.97715e-05 0.000285703 -4.12165e-05 -1.97715e-05 0.00947742 -0.0172926 -2.00213e-05 0.000285703 -0.0172926 0.0853118 
0.00939298 -0.0172948 -4.25157e-05 -1.44952e-05 -0.0172948 0.0854622 -1.21441e-05 0.000267852 -4.25157e-05 -1.21441e-05 0.00948978 -0.0172818 -1.44952e-05 0.000267852 -0.0172818 0.0851418 
0.0093973 -0.0172926 -5.33991e-05 -1.40363e-05 -0.0172926 0.0854841 -1.24188e-05 0.000264925 -5.33991e-05 -1.24188e-05 0.00951045 -0.0173377 -1.40363e-05 0.000264925 -0.0173377 0.0852861 
0.00939256 -0.0172947 -6.34376e-05 -5.64078e-06 -0.0172947 0.0854964 -5.43722e-07 0.00025376 -6.34376e-05 -5.43722e-07 0.00952098 -0.0173761 -5.64078e-06 0.00025376 -0.0173761 0.0854294 
0.00937399 -0.0172279 -6.12511e-05 6.4019e-06 -0.0172279 0.0851922 1.26399e-05 0.000229188 -6.12511e-05 1.26399e-05 0.00946353 -0.01733 6.4019e-06 0.000229188 -0.01733 0.0852107 
0.00939037 -0.0172481 -4.89074e-05 3.15063e-06 -0.0172481 0.0852291 7.58867e-06 0.000226732 -4.89074e-05 7.58867e-06 0.00943386 -0.0173038 3.15063e-06 0.000226732 -0.0173038 0.0852138 
0.00941085 -0.0173108 -4.84157e-05 -1.04875e-05 -0.0173108 0.0855006 -6.7758e-06 0.000250523 -4.84157e-05 -6.7758e-06 0.00944741 -0.0173177 -1.04875e-05 0.000250523 -0.0173177 0.0853941 
0.00942167 -0.0173299 -4.73571e-05 -1.56652e-05 -0.0173299 0.085644 -9.21568e-06 0.000270837 -4.73571e-05 -9.21568e-06 0.00945911 -0.0173341 -1.56652e-05 0.000270837 -0.0173341 0.0855016 
0.00941496 -0.0172825 -5.78308e-05 -1.76341e-05 -0.0172825 0.0854439 -7.40173e-06 0.000275511 -5.78308e-05 -7.40173e-06 0.00942969 -0.0172993 -1.76341e-05 0.000275511 -0.0172993 0.0853327 
0.00945567 -0.0173171 -6.48611e-05 -3.85485e-06 -0.0173171 0.0855553 4.69544e-06 0.000255642 -6.48611e-05 4.69544e-06 0.00942298 -0.0173093 -3.85485e-06 0.000255642 -0.0173093 0.0854303 
0.00945089 -0.0173018 -5.66803e-05 1.20178e-05 -0.0173018 0.0853628 1.60415e-05 0.000215737 -5.66803e-05 1.60415e-05 0.00937969 -0.0172307 1.20178e-05 0.000215737 -0.0172307 0.0851225 
0.00948765 -0.0173515 -5.22375e-05 4.13069e-06 -0.0173515 0.0855217 8.6868e-06 0.000208713 -5.22375e-05 8.6868e-06 0.00935783 -0.0172153 4.13069e-06 0.000208713 -0.0172153 0.085103 
0.0094566 -0.0173525 -5.6222e-05 -2.58751e-06 -0.0173525 0.0854438 8.10733e-07 0.000223005 -5.6222e-05 8.10733e-07 0.00936152 -0.0171452 -2.58751e-06 0.000223005 -0.0171452 0.0848394 
0.00944787 -0.0173509 -7.14185e-05 2.09296e-06 -0.0173509 0.0855188 2.84198e-06 0.000226987 -7.14185e-05 2.84198e-06 0.00939174 -0.0171823 2.09296e-06 0.000226987 -0.0171823 0.0848883 
0.00945384 -0.0173597 -7.32081e-05 1.89485e-05 -0.0173597 0.0856135 1.92611e-05 0.000204278 -7.32081e-05 1.92611e-05 0.0094159 -0.0172356 1.89485e-05 0.000204278 -0.0172356 0.085058 
0.00946093 -0.0173816 -7.87812e-05 2.43241e-05 -0.0173816 0.0857318 2.11297e-05 0.000186083 -7.87812e-05 2.11297e-05 0.00942538 -0.0172747 2.43241e-05 0.000186083 -0.0172747 0.0852337 
0.00942654 -0.0173811 -7.00701e-05 3.02938e-05 -0.0173811 0.0857568 2.47178e-05 0.00017536 -7.00701e-05 2.47178e-05 0.00945169 -0.0172759 3.02938e-05 0.00017536 -0.0172759 0.085275 
0.00938286 -0.0172978 -6.53947e-05 1.98401e-05 -0.0172978 0.0855013 1.89761e-05 0.000179723 -6.53947e-05 1.89761e-05 0.00945013 -0.0172631 1.98401e-05 0.000179723 -0.0172631 0.0851249 
0.00937785 -0.0172705 -5.60345e-05 1.22139e-05 -0.0172705 0.085447 1.32388e-05 0.000196781 -5.60345e-05 1.32388e-05 0.00945746 -0.0173058 1.22139e-05 0.000196781 -0.0173058 0.085261 
0.00936256 -0.0172309 -4.5535e-05 -1.00411e-07 -0.0172309 0.0852556 -2.50562e-07 0.00022482 -4.5535e-05 -2.50562e-07 0.00944213 -0.0172834 -1.00411e-07 0.00022482 -0.0172834 0.0851827 
0.00937224 -0.0172089 -3.06249e-05 -1.00168e-05 -0.0172089 0.0851397 -1.28337e-05 0.000251988 -3.06249e-05 -1.28337e-05 0.0094051 -0.0172665 -1.00168e-05 0.000251988 -0.0172665 0.0851179 
0.00938907 -0.0172212 -2.71479e-05 -2.51637e-05 -0.0172212 0.0851149 -3.0656e-05 0.000284368 -2.71479e-05 -3.0656e-05 0.00938536 -0.0172258 -2.51637e-05 0.000284368 -0.0172258 0.0850365 
0.00937442 -0.0172002 -2.73192e-05 -3.201e-05 -0.0172002 0.0849406 -3.55379e-05 0.000310118 -2.73192e-05 -3.55379e-05 0.0093698 -0.0171651 -3.201e-05 0.000310118 -0.0171651 0.0847743 
0.00937802 -0.0172064 -2.93908e-05 -3.00786e-05 -0.0172064 0.0849354 -3.40607e-05 0.000312648 -2.93908e-05 -3.40607e-05 0.00936604 -0.0171584 -3.00786e-05 0.000312648 -0.0171584 0.0846987 
0.00938219 -0.0172511 -2.13696e-05 -2.76001e-05 -0.0172511 0.0851308 -3.29703e-05 0.000310149 -2.13696e-05 -3.29703e-05 0.00940082 -0.0171948 -2.76001e-05 0.000310149 -0.0171948 0.0848574 
0.00938218 -0.0172832 -7.93548e-06 -3.6514e-05 -0.0172832 0.0853445 -4.3649e-05 0.000324126 -7.93548e-06 -4.3649e-05 0.00943579 -0.0172509 -3.6514e-05 0.000324126 -0.0172509 0.0850728 
0.009413 -0.0173328 -9.52535e-06 -5.48053e-05 -0.0173328 0.0856947 -5.67702e-05 0.000355812 -9.52535e-06 -5.67702e-05 0.00948601 -0.0173545 -5.48053e-05 0.000355812 -0.0173545 0.0855251 
0.00940236 -0.0173017 -1.48243e-05 -5.8108e-05 -0.0173017 0.0855778 -5.50944e-05 0.000375831 -1.48243e-05 -5.50944e-05 0.00947673 -0.0173493 -5.8108e-05 0.000375831 -0.0173493 0.0855004 
0.00937182 -0.0172227 -3.13522e-05 -4.92655e-05 -0.0172227 0.0851868 -4.68117e-05 0.000364393 -3.13522e-05 -4.68117e-05 0.00944181 -0.0172737 -4.92655e-05 0.000364393 -0.0172737 0.0851518 
0.00941005 -0.0172408 -4.01041e-05 -2.7424e-05 -0.0172408 0.0852198 -2.85342e-05 0.000328107 -4.01041e-05 -2.85342e-05 0.00941426 -0.0172777 -2.7424e-05 0.000328107 -0.0172777 0.0851629 
0.00944322 -0.0172723 -4.34059e-05 -1.12646e-05 -0.0172723 0.085226 -1.35776e-05 0.000280018 -4.34059e-05 -1.35776e-05 0.00935404 -0.0172219 -1.12646e-05 0.000280018 -0.0172219 0.0850121 
0.0094823 -0.0173547 -5.68358e-05 -2.95375e-07 -0.0173547 0.0854957 -5.84998e-06 0.000240041 -5.68358e-05 -5.84998e-06 0.00933558 -0.0171844 -2.95375e-07 0.000240041 -0.0171844 0.0850066 
0.00947353 -0.017415 -6.18155e-05 1.93922e-05 -0.017415 0.0857385 1.24989e-05 0.000191346 -6.18155e-05 1.24989e-05 0.00936407 -0.0171604 1.93922e-05 0.000191346 -0.0171604 0.0849775 
0.00948017 -0.017451 -5.67699e-05 2.24365e-05 -0.017451 0.0860463 1.63381e-05 0.000167489 -5.67699e-05 1.63381e-05 0.00941684 -0.0172303 2.24365e-05 0.000167489 -0.0172303 0.085214 
0.00946305 -0.0174243 -6.58918e-05 1.12676e-05 -0.0174243 0.0860315 1.0468e-05 0.000174823 -6.58918e-05 1.0468e-05 0.00945169 -0.0172751 1.12676e-05 0.000174823 -0.0172751 0.0853231 
0.00941345 -0.0172937 -6.50513e-05 1.96732e-05 -0.0172937 0.0854604 2.61472e-05 0.000159853 -6.50513e-05 2.61472e-05 0.00941416 -0.0172149 1.96732e-05 0.000159853 -0.0172149 0.0849304 
0.00942801 -0.0172991 -3.88737e-05 1.8304e-05 -0.0172991 0.0854381 2.65059e-05 0.000151276 -3.88737e-05 2.65059e-05 0.00942086 -0.0172403 1.8304e-05 0.000151276 -0.0172403 0.0850216 
0.00945617 -0.0173527 -2.13095e-05 -1.38947e-05 -0.0173527 0.0856364 -9.49791e-06 0.00020513 -2.13095e-05 -9.49791e-06 0.00942669 -0.0172854 -1.38947e-05 0.00020513 -0.0172854 0.0852459 
0.00948728 -0.017467 -2.12242e-05 -3.83497e-05 -0.017467 0.0861514 -3.76307e-05 0.000282321 -2.12242e-05 -3.76307e-05 0.00948356 -0.0173513 -3.83497e-05 0.000282321 -0.0173513 0.0856627 
0.00947002 -0.0174303 -3.22956e-05 -3.77299e-05 -0.0174303 0.0860768 -4.17876e-05 0.00031845 -3.22956e-05 -4.17876e-05 0.00948975 -0.017342 -3.77299e-05 0.00031845 -0.017342 0.0855733 
0.00946543 -0.017411 -4.26158e-05 -2.08267e-05 -0.017411 0.0860192 -2.73267e-05 0.00030188 -4.26158e-05 -2.73267e-05 0.00949086 -0.0173534 -2.08267e-05 0.00030188 -0.0173534 0.0855712 
0.00946612 -0.0174182 -3.64883e-05 -1.10612e-05 -0.0174182 0.0860631 -1.59843e-05 0.000278048 -3.64883e-05 -1.59843e-05 0.00951335 -0.0173816 -1.10612e-05 0.000278048 -0.0173816 0.0856908 
0.00946234 -0.0174204 -3.44269e-05 -2.06987e-05 -0.0174204 0.086112 -2.22036e-05 0.000282403 -3.44269e-05 -2.22036e-05 0.00954382 -0.017427 -2.06987e-05 0.000282403 -0.017427 0.0858568 
0.00944688 -0.0173634 -3.5572e-05 -2.93377e-05 -0.0173634 0.0858847 -2.9776e-05 0.000308033 -3.5572e-05 -2.9776e-05 0.0095431 -0.0174276 -2.93377e-05 0.000308033 -0.0174276 0.0857937 
0.00945818 -0.0173646 -3.44675e-05 -3.00055e-05 -0.0173646 0.0858506 -2.86594e-05 0.000321324 -3.44675e-05 -2.86594e-05 0.00954433 -0.0174483 -3.00055e-05 0.000321324 -0.0174483 0.085864 
0.00947481 -0.0173665 -4.77964e-05 -3.48144e-05 -0.0173665 0.0857999 -3.04538e-05 0.000333524 -4.77964e-05 -3.04538e-05 0.00952491 -0.0174396 -3.48144e-05 0.000333524 -0.0174396 0.085839 
0.00948229 -0.0174306 -3.8745e-05 -2.41522e-05 -0.0174306 0.0860047 -1.96625e-05 0.000329815 -3.8745e-05 -1.96625e-05 0.00953959 -0.0174428 -2.41522e-05 0.000329815 -0.0174428 0.085932 
0.00948886 -0.0174855 -3.14418e-05 -3.27822e-05 -0.0174855 0.0863201 -2.84612e-05 0.00033769 -3.14418e-05 -2.84612e-05 0.00958903 -0.0174897 -3.27822e-05 0.00033769 -0.0174897 0.0861567 
0.00952466 -0.0175212 -2.09183e-05 -4.26892e-05 -0.0175212 0.0866171 -3.98507e-05 0.000364207 -2.09183e-05 -3.98507e-05 0.00962947 -0.0175845 -4.26892e-05 0.000364207 -0.0175845 0.0865224 
0.00952577 -0.0175497 -1.1984e-05 -5.26494e-05 -0.0175497 0.0867455 -5.33663e-05 0.000393114 -1.1984e-05 -5.33663e-05 0.0096676 -0.0176195 -5.26494e-05 0.000393114 -0.0176195 0.0867027 
0.00956989 -0.0175917 4.79426e-07 -6.45936e-05 -0.0175917 0.0870139 -6.45898e-05 0.000423734 4.79426e-07 -6.45898e-05 0.00968635 -0.0177043 -6.45936e-05 0.000423734 -0.0177043 0.0870458 
0.009583 -0.0176286 3.26565e-06 -7.78713e-05 -0.0176286 0.0871454 -7.60089e-05 0.000451895 3.26565e-06 -7.60089e-05 0.00969695 -0.0177154 -7.78713e-05 0.000451895 -0.0177154 0.0871809 
0.00959865 -0.0176353 -7.19017e-06 -7.92093e-05 -0.0176353 0.0871853 -7.60727e-05 0.000461431 -7.19017e-06 -7.60727e-05 0.00967842 -0.0177097 -7.92093e-05 0.000461431 -0.0177097 0.0871766 
0.00958871 -0.0176442 -2.014e-05 -6.68181e-05 -0.0176442 0.0871945 -6.40567e-05 0.000445139 -2.014e-05 -6.40567e-05 0.00967787 -0.0176851 -6.68181e-05 0.000445139 -0.0176851 0.0871296 
0.00957906 -0.0176125 -2.24719e-05 -4.92012e-05 -0.0176125 0.0870918 -4.79234e-05 0.000407952 -2.24719e-05 -4.79234e-05 0.00965617 -0.0176667 -4.92012e-05 0.000407952 -0.0176667 0.0870231 
0.00956782 -0.0175734 -2.83846e-05 -3.99414e-05 -0.0175734 0.0868894 -4.0787e-05 0.000369861 -2.83846e-05 -4.0787e-05 0.00962047 -0.0176114 -3.99414e-05 0.000369861 -0.0176114 0.086802 
0.00955883 -0.0175 -3.19873e-05 -3.07685e-05 -0.0175 0.0864856 -3.31675e-05 0.000340584 -3.19873e-05 -3.31675e-05 0.00953331 -0.0175063 -3.07685e-05 0.000340584 -0.0175063 0.0863322 
0.00952841 -0.0174379 -4.28479e-05 -2.88726e-05 -0.0174379 0.0860265 -3.4278e-05 0.000330019 -4.28479e-05 -3.4278e-05 0.00945335 -0.017344 -2.88726e-05 0.000330019 -0.017344 0.0856803 
0.00951631 -0.0174621 -5.26711e-05 -1.51836e-05 -0.0174621 0.0860327 -2.33715e-05 0.000310955 -5.26711e-05 -2.33715e-05 0.00944927 -0.0172857 -1.51836e-05 0.000310955 -0.0172857 0.0854398 
0.00946092 -0.0174125 -4.39069e-05 -8.44989e-07 -0.0174125 0.0858213 -9.53978e-06 0.000275669 -4.39069e-05 -9.53978e-06 0.00944903 -0.0172383 -8.44989e-07 0.000275669 -0.0172383 0.0851212 
0.00942435 -0.0173701 -4.49435e-05 -8.44385e-06 -0.0173701 0.085722 -1.40636e-05 0.000264621 -4.49435e-05 -1.40636e-05 0.00945573 -0.0172543 -8.44385e-06 0.000264621 -0.0172543 0.0850702 
0.00940457 -0.0173252 -6.03942e-05 -3.55511e-06 -0.0173252 0.0856131 -7.57547e-06 0.00024829 -6.03942e-05 -7.57547e-06 0.00945545 -0.0172794 -3.55511e-06 0.00024829 -0.0172794 0.0851251 
0.00934955 -0.0172644 -6.64921e-05 1.78546e-05 -0.0172644 0.0853558 1.09034e-05 0.000207267 -6.64921e-05 1.09034e-05 0.00946375 -0.017252 1.78546e-05 0.000207267 -0.017252 0.0850018 
0.00926734 -0.0170802 -7.1153e-05 2.97173e-05 -0.0170802 0.0845614 1.88241e-05 0.00016612 -7.1153e-05 1.88241e-05 0.00940439 -0.0171443 2.97173e-05 0.00016612 -0.0171443 0.0843738 
0.00967421 -0.0177575 -7.62863e-05 3.58846e-05 -0.0177575 0.0878917 2.42225e-05 0.000150813 -7.62863e-05 2.42225e-05 0.00974161 -0.0178568 3.58846e-05 0.000150813 -0.0178568 0.0878287 
0.00972111 -0.0178463 -6.88786e-05 3.60094e-05 -0.0178463 0.0881532 2.79026e-05 0.000142929 -6.88786e-05 2.79026e-05 0.00971684 -0.0178514 3.60094e-05 0.000142929 -0.0178514 0.0879907 
0.00934865 -0.0171873 -6.88834e-05 2.73951e-05 -0.0171873 0.0848269 2.44828e-05 0.000134871 -6.88834e-05 2.44828e-05 0.00931768 -0.0171007 2.73951e-05 0.000134871 -0.0171007 0.0844548 
0.00971435 -0.0178718 -7.40501e-05 3.06221e-05 -0.0178718 0.0882321 3.53154e-05 0.00012777 -7.40501e-05 3.53154e-05 0.00969472 -0.0177499 3.06221e-05 0.00012777 -0.0177499 0.0877012 
0.00969498 -0.0178822 -7.69856e-05 3.17825e-05 -0.0178822 0.0883165 4.16277e-05 0.000113434 -7.69856e-05 4.16277e-05 0.00973367 -0.0177773 3.17825e-05 0.000113434 -0.0177773 0.0877677 
0.00929845 -0.0171496 -7.27251e-05 3.1144e-05 -0.0171496 0.0848083 4.25535e-05 0.000101956 -7.27251e-05 4.25535e-05 0.00936431 -0.0171204 3.1144e-05 0.000101956 -0.0171204 0.0844027 
0.00929299 -0.0171307 -6.36032e-05 3.22614e-05 -0.0171307 0.0847671 4.26456e-05 9.61152e-05 -6.36032e-05 4.26456e-05 0.00936852 -0.0171444 3.22614e-05 9.61152e-05 -0.0171444 0.0845016 
0.0092957 -0.0171266 -6.64718e-05 2.23438e-05 -0.0171266 0.0847521 2.52883e-05 0.000116957 -6.64718e-05 2.52883e-05 0.00936551 -0.0171458 2.23438e-05 0.000116957 -0.0171458 0.0845405 
0.00933089 -0.0171785 -6.69902e-05 2.54249e-05 -0.0171785 0.0849954 1.87826e-05 0.000137713 -6.69902e-05 1.87826e-05 0.00937528 -0.0171867 2.54249e-05 0.000137713 -0.0171867 0.084775 
0.00932491 -0.0171624 -5.2132e-05 2.87509e-05 -0.0171624 0.0849014 1.88902e-05 0.000140627 -5.2132e-05 1.88902e-05 0.00936786 -0.0171529 2.87509e-05 0.000140627 -0.0171529 0.084663 
0.00929396 -0.0170962 -4.28437e-05 1.35037e-05 -0.0170962 0.0845608 6.83334e-06 0.000155647 -4.28437e-05 6.83334e-06 0.00934383 -0.0170839 1.35037e-05 0.000155647 -0.0170839 0.084308 
0.00931352 -0.0171105 -3.50069e-05 -3.13226e-07 -0.0171105 0.0845983 -3.66068e-06 0.0001849 -3.50069e-05 -3.66068e-06 0.00933664 -0.0171037 -3.13226e-07 0.0001849 -0.0171037 0.0843476 
0.00932507 -0.0171486 -2.08404e-05 -9.49869e-06 -0.0171486 0.0847068 -1.10209e-05 0.00020694 -2.08404e-05 -1.10209e-05 0.0093331 -0.0170997 -9.49869e-06 0.00020694 -0.0170997 0.0843841 
0.00932824 -0.0171727 1.66777e-07 -2.93444e-05 -0.0171727 0.0848346 -2.65115e-05 0.000243921 1.66777e-07 -2.65115e-05 0.00933573 -0.0171094 -2.93444e-05 0.000243921 -0.0171094 0.0844555 
0.00932717 -0.0171993 1.19453e-05 -5.93355e-05 -0.0171993 0.0850101 -5.33872e-05 0.00030716 1.19453e-05 -5.33872e-05 0.00936666 -0.0171369 -5.93355e-05 0.00030716 -0.0171369 0.0846119 
0.00930274 -0.0171604 2.50486e-05 -7.53858e-05 -0.0171604 0.0849166 -6.86096e-05 0.00036062 2.50486e-05 -6.86096e-05 0.0093779 -0.0171488 -7.53858e-05 0.00036062 -0.0171488 0.0846091 
0.00933775 -0.0171309 1.45788e-05 -8.79519e-05 -0.0171309 0.084839 -8.51693e-05 0.00040031 1.45788e-05 -8.51693e-05 0.00934878 -0.0171717 -8.79519e-05 0.00040031 -0.0171717 0.084673 
0.0093723 -0.0171768 -5.74938e-06 -6.88848e-05 -0.0171768 0.0848874 -7.08673e-05 0.000385467 -5.74938e-06 -7.08673e-05 0.00932917 -0.0171374 -6.88848e-05 0.000385467 -0.0171374 0.0846541 
0.0093699 -0.0172392 -1.32466e-05 -3.72848e-05 -0.0172392 0.0850552 -4.23175e-05 0.000319248 -1.32466e-05 -4.23175e-05 0.00935077 -0.0171038 -3.72848e-05 0.000319248 -0.0171038 0.0845816 
0.00932707 -0.0172148 -1.59663e-05 -2.45755e-05 -0.0172148 0.0850063 -3.2894e-05 0.000269183 -1.59663e-05 -3.2894e-05 0.00936709 -0.0170978 -2.45755e-05 0.000269183 -0.0170978 0.0844386 
0.00928404 -0.0171567 -3.36298e-05 -2.11125e-05 -0.0171567 0.0848633 -3.24103e-05 0.000249317 -3.36298e-05 -3.24103e-05 0.00937806 -0.0171126 -2.11125e-05 0.000249317 -0.0171126 0.0843846 
0.00927204 -0.017122 -5.59219e-05 -3.67697e-06 -0.017122 0.0848121 -1.73363e-05 0.000225766 -5.59219e-05 -1.73363e-05 0.00938471 -0.0171564 -3.67697e-06 0.000225766 -0.0171564 0.0845184 
0.00927375 -0.0171178 -6.85654e-05 2.83567e-05 -0.0171178 0.0848287 1.56539e-05 0.000157097 -6.85654e-05 1.56539e-05 0.00939143 -0.0171796 2.83567e-05 0.000157097 -0.0171796 0.0846601 
0.00927484 -0.0170938 -7.23004e-05 4.24164e-05 -0.0170938 0.0847281 3.44989e-05 9.96491e-05 -7.23004e-05 3.44989e-05 0.00937621 -0.0171683 4.24164e-05 9.96491e-05 -0.0171683 0.0846328 
0.00924039 -0.0170322 -6.42255e-05 4.31635e-05 -0.0170322 0.0843811 4.52628e-05 6.70755e-05 -6.42255e-05 4.52628e-05 0.00935018 -0.0170884 4.31635e-05 6.70755e-05 -0.0170884 0.0842866 
0.00962471 -0.017749 -6.44978e-05 2.69405e-05 -0.017749 0.0879157 3.81205e-05 8.3697e-05 -6.44978e-05 3.81205e-05 0.0097567 -0.0178172 2.69405e-05 8.3697e-05 -0.0178172 0.0878272 
0.00923034 -0.0170394 -4.81316e-05 1.68973e-05 -0.0170394 0.0843984 2.69027e-05 0.000111601 -4.81316e-05 2.69027e-05 0.00937873 -0.0171188 1.68973e-05 0.000111601 -0.0171188 0.0843364 
0.00964025 -0.017763 -4.37577e-05 5.39542e-06 -0.017763 0.0880118 1.28934e-05 0.000145832 -4.37577e-05 1.28934e-05 0.00976803 -0.0178687 5.39542e-06 0.000145832 -0.0178687 0.0879897 
0.00924779 -0.0170477 -4.24575e-05 -1.23859e-06 -0.0170477 0.0844172 4.872e-06 0.000162291 -4.24575e-05 4.872e-06 0.00936592 -0.0171256 -1.23859e-06 0.000162291 -0.0171256 0.0843866 
0.00925299 -0.0170447 -4.89084e-05 5.17017e-07 -0.0170447 0.0844145 9.86759e-06 0.000161819 -4.89084e-05 9.86759e-06 0.00937451 -0.0171322 5.17017e-07 0.000161819 -0.0171322 0.0844066 
0.00928001 -0.0171325 -5.20976e-05 3.16567e-06 -0.0171325 0.0848167 1.20765e-05 0.00016309 -5.20976e-05 1.20765e-05 0.00944106 -0.0172206 3.16567e-06 0.00016309 -0.0172206 0.0848218 
0.00929898 -0.0171554 -2.64344e-05 1.02456e-05 -0.0171554 0.0849953 1.27033e-05 0.000158653 -2.64344e-05 1.27033e-05 0.00946346 -0.0172885 1.02456e-05 0.000158653 -0.0172885 0.0850721 
0.00931052 -0.0171664 -1.39445e-05 -1.93085e-05 -0.0171664 0.08504 -2.06548e-05 0.000204387 -1.39445e-05 -2.06548e-05 0.00947145 -0.0172957 -1.93085e-05 0.000204387 -0.0172957 0.0851395 
0.00933146 -0.0171276 -2.1954e-05 -3.82762e-05 -0.0171276 0.0848259 -4.12557e-05 0.000265631 -2.1954e-05 -4.12557e-05 0.00941983 -0.0172497 -3.82762e-05 0.000265631 -0.0172497 0.0849085 
0.00931825 -0.0171125 -3.94202e-05 -2.76608e-05 -0.0171125 0.0845776 -3.32101e-05 0.00027762 -3.94202e-05 -3.32101e-05 0.00937408 -0.017155 -2.76608e-05 0.00027762 -0.017155 0.0845385 
0.00936635 -0.0172367 -5.91921e-05 -5.5625e-06 -0.0172367 0.0851119 -1.47024e-05 0.000250057 -5.91921e-05 -1.47024e-05 0.00942041 -0.0172205 -5.5625e-06 0.000250057 -0.0172205 0.0848916 
0.0093876 -0.0173002 -6.75274e-05 1.58879e-05 -0.0173002 0.0854584 6.34951e-06 0.000208235 -6.75274e-05 6.34951e-06 0.00947007 -0.0172815 1.58879e-05 0.000208235 -0.0172815 0.0851616 
0.00943455 -0.0173853 -7.0296e-05 2.42791e-05 -0.0173853 0.0859538 1.85359e-05 0.00017596 -7.0296e-05 1.85359e-05 0.00953094 -0.0174123 2.42791e-05 0.00017596 -0.0174123 0.085719 
0.00947274 -0.0174282 -5.98306e-05 2.67034e-05 -0.0174282 0.0861929 2.47214e-05 0.00015839 -5.98306e-05 2.47214e-05 0.00954897 -0.0174696 2.67034e-05 0.00015839 -0.0174696 0.0860147 
0.0095162 -0.0175162 -5.17954e-05 1.48175e-05 -0.0175162 0.0865795 1.58592e-05 0.000164616 -5.17954e-05 1.58592e-05 0.00958962 -0.0175265 1.48175e-05 0.000164616 -0.0175265 0.0863628 
0.00949184 -0.0174737 -5.17563e-05 1.90297e-06 -0.0174737 0.0863689 8.07244e-06 0.000186863 -5.17563e-05 8.07244e-06 0.00958272 -0.0174742 1.90297e-06 0.000186863 -0.0174742 0.086103 
0.00949594 -0.0174519 -4.88349e-05 -3.31948e-06 -0.0174519 0.0862613 3.13364e-06 0.000210626 -4.88349e-05 3.13364e-06 0.00957985 -0.01747 -3.31948e-06 0.000210626 -0.01747 0.0859989 
0.00952623 -0.0174928 -4.9749e-05 -7.93398e-06 -0.0174928 0.0863894 -5.87272e-06 0.000234302 -4.9749e-05 -5.87272e-06 0.00957783 -0.0174981 -7.93398e-06 0.000234302 -0.0174981 0.0861051 
0.00956353 -0.0175903 -4.63303e-05 -9.19786e-06 -0.0175903 0.0867866 -1.12287e-05 0.000256194 -4.63303e-05 -1.12287e-05 0.00959584 -0.0175439 -9.19786e-06 0.000256194 -0.0175439 0.0863933 
0.00960335 -0.0176439 -4.39189e-05 -1.29783e-05 -0.0176439 0.0870815 -1.74325e-05 0.000275548 -4.39189e-05 -1.74325e-05 0.00959723 -0.0175749 -1.29783e-05 0.000275548 -0.0175749 0.086599 
0.00963268 -0.0176812 -4.32805e-05 -1.30947e-05 -0.0176812 0.0872478 -1.45667e-05 0.000276705 -4.32805e-05 -1.45667e-05 0.00959729 -0.0175759 -1.30947e-05 0.000276705 -0.0175759 0.0866896 
0.00961908 -0.0176862 -5.02707e-05 -1.70441e-05 -0.0176862 0.0872344 -1.08959e-05 0.000274481 -5.02707e-05 -1.08959e-05 0.00960995 -0.0175473 -1.70441e-05 0.000274481 -0.0175473 0.0865934 
0.00957416 -0.0176445 -6.25464e-05 -1.14087e-05 -0.0176445 0.0870749 -2.89927e-07 0.000261641 -6.25464e-05 -2.89927e-07 0.00963058 -0.0175317 -1.14087e-05 0.000261641 -0.0175317 0.086434 
0.00951928 -0.0175305 -7.19755e-05 1.25547e-06 -0.0175305 0.0866258 1.35897e-05 0.000235422 -7.19755e-05 1.35897e-05 0.00960863 -0.0175022 1.25547e-06 0.000235422 -0.0175022 0.0861347 
0.0094963 -0.0174888 -5.01737e-05 1.14525e-05 -0.0174888 0.086447 2.3944e-05 0.000210777 -5.01737e-05 2.3944e-05 0.00961283 -0.0175116 1.14525e-05 0.000210777 -0.0175116 0.0861211 
0.00947978 -0.0174499 -4.44068e-05 -1.5657e-05 -0.0174499 0.0862673 -4.69273e-06 0.000245752 -4.44068e-05 -4.69273e-06 0.00960365 -0.0175039 -1.5657e-05 0.000245752 -0.0175039 0.0860522 
0.00950284 -0.017492 -4.79321e-05 -2.18782e-05 -0.017492 0.0864639 -1.4308e-05 0.000283868 -4.79321e-05 -1.4308e-05 0.00961869 -0.0175562 -2.18782e-05 0.000283868 -0.0175562 0.0863071 
0.00949674 -0.0175081 -5.2847e-05 -1.09496e-05 -0.0175081 0.0865439 -7.79008e-06 0.000277316 -5.2847e-05 -7.79008e-06 0.00964267 -0.0175689 -1.09496e-05 0.000277316 -0.0175689 0.0864141 
0.00948253 -0.0174456 -4.56267e-05 -3.7849e-06 -0.0174456 0.0863125 -4.72562e-06 0.000264194 -4.56267e-05 -4.72562e-06 0.00961565 -0.017553 -3.7849e-06 0.000264194 -0.017553 0.0862759 
