0.00693475 0 8.45857e-05 0 0 0.0098584 0 0 8.45857e-05 0 0.00700167 0 0 0 0 0.0098584 
0.00947286 -0.0117581 7.89176e-05 -9.52377e-05 -0.0117581 0.0312726 -9.52377e-05 0.000182721 7.89176e-05 -9.52377e-05 0.00958024 -0.0118924 -9.52377e-05 0.000182721 -0.0118924 0.0315302 
0.00984276 -0.0182552 6.60662e-05 -2.02326e-05 -0.0182552 0.0673471 -2.02326e-05 3.87138e-05 6.60662e-05 -2.02326e-05 0.00988486 -0.0185217 -2.02326e-05 3.87138e-05 -0.0185217 0.0682153 
0.00942646 -0.0180785 3.95198e-05 9.46619e-05 -0.0180785 0.0809883 9.30699e-05 -0.000681913 3.95198e-05 9.30699e-05 0.00932336 -0.0182501 9.46619e-05 -0.000681913 -0.0182501 0.0819961 
0.0091338 -0.017023 3.90649e-05 0.000107653 -0.017023 0.0818678 0.000101502 -0.000978465 3.90649e-05 0.000101502 0.00898026 -0.0169631 0.000107653 -0.000978465 -0.0169631 0.0823588 
0.00928625 -0.0170707 4.09911e-05 5.69895e-05 -0.0170707 0.0835824 5.4454e-05 -0.00080543 4.09911e-05 5.4454e-05 0.00916595 -0.0168983 5.69895e-05 -0.00080543 -0.0168983 0.0835536 
0.00942209 -0.0172449 4.19654e-05 2.39972e-05 -0.0172449 0.0848122 3.03075e-05 -0.000560439 4.19654e-05 3.03075e-05 0.00932777 -0.0170929 2.39972e-05 -0.000560439 -0.0170929 0.0845592 
0.00964008 -0.0175663 5.0362e-05 1.08683e-05 -0.0175663 0.0865293 2.43268e-05 -0.000408205 5.0362e-05 2.43268e-05 0.00950122 -0.0174592 1.08683e-05 -0.000408205 -0.0174592 0.0862853 
0.00945378 -0.0172049 5.52293e-05 6.03141e-06 -0.0172049 0.0846604 1.73378e-05 -0.000326846 5.52293e-05 1.73378e-05 0.00926702 -0.0170501 6.03141e-06 -0.000326846 -0.0170501 0.0843538 
0.00977552 -0.0178008 6.33438e-05 3.75562e-06 -0.0178008 0.0874841 9.55399e-06 -0.000303847 6.33438e-05 9.55399e-06 0.00955691 -0.017572 3.75562e-06 -0.000303847 -0.017572 0.0870083 
0.00970303 -0.0177236 6.86384e-05 3.76167e-06 -0.0177236 0.0870541 6.35068e-06 -0.000297603 6.86384e-05 6.35068e-06 0.00951715 -0.0174597 3.76167e-06 -0.000297603 -0.0174597 0.0864453 
0.00967221 -0.0177458 6.92863e-05 -2.13992e-06 -0.0177458 0.0872486 -1.01552e-06 -0.000290032 6.92863e-05 -1.01552e-06 0.00957167 -0.0175254 -2.13992e-06 -0.000290032 -0.0175254 0.086664 
0.00960797 -0.0176618 8.13344e-05 -9.5067e-06 -0.0176618 0.0870426 -7.50428e-06 -0.000268495 8.13344e-05 -7.50428e-06 0.00959748 -0.0175537 -9.5067e-06 -0.000268495 -0.0175537 0.0866705 
0.00957196 -0.0175758 8.97513e-05 -2.39146e-05 -0.0175758 0.0867861 -2.30821e-05 -0.000234889 8.97513e-05 -2.30821e-05 0.00960748 -0.0175808 -2.39146e-05 -0.000234889 -0.0175808 0.0866962 
0.0095222 -0.0174682 8.34087e-05 -3.607e-05 -0.0174682 0.0862945 -3.82787e-05 -0.000191134 8.34087e-05 -3.82787e-05 0.00957969 -0.0175297 -3.607e-05 -0.000191134 -0.0175297 0.0864096 
0.00948881 -0.0173617 7.24862e-05 -2.94356e-05 -0.0173617 0.0857639 -3.31185e-05 -0.000178066 7.24862e-05 -3.31185e-05 0.00951754 -0.0174524 -2.94356e-05 -0.000178066 -0.0174524 0.0859963 
0.00948535 -0.0173594 7.25009e-05 -1.37831e-05 -0.0173594 0.0856576 -1.71983e-05 -0.000203335 7.25009e-05 -1.71983e-05 0.00949128 -0.0174231 -1.37831e-05 -0.000203335 -0.0174231 0.0859014 
0.00946 -0.017322 6.22593e-05 -1.26115e-05 -0.017322 0.085428 -1.45252e-05 -0.000221945 6.22593e-05 -1.45252e-05 0.00945695 -0.0173487 -1.26115e-05 -0.000221945 -0.0173487 0.0855976 
0.00943147 -0.0173132 4.09326e-05 1.04011e-06 -0.0173132 0.0853726 5.80054e-07 -0.000250931 4.09326e-05 5.80054e-07 0.00946234 -0.0173227 1.04011e-06 -0.000250931 -0.0173227 0.0854742 
0.00943637 -0.0173088 4.5031e-05 2.40379e-05 -0.0173088 0.0854442 2.27779e-05 -0.000295512 4.5031e-05 2.27779e-05 0.00947884 -0.0173677 2.40379e-05 -0.000295512 -0.0173677 0.085608 
0.00945066 -0.0173224 5.16338e-05 2.16985e-05 -0.0173224 0.085528 1.80917e-05 -0.000312004 5.16338e-05 1.80917e-05 0.0094871 -0.0174077 2.16985e-05 -0.000312004 -0.0174077 0.0857886 
0.00946884 -0.017341 5.06074e-05 1.7714e-05 -0.017341 0.0856037 1.00722e-05 -0.000307049 5.06074e-05 1.00722e-05 0.00948244 -0.0174228 1.7714e-05 -0.000307049 -0.0174228 0.0859043 
0.00947554 -0.0173455 7.44756e-05 1.74352e-05 -0.0173455 0.0855966 5.53036e-06 -0.000294464 7.44756e-05 5.53036e-06 0.00946571 -0.0174075 1.74352e-05 -0.000294464 -0.0174075 0.0858909 
0.00946975 -0.0173218 8.65192e-05 -1.23329e-05 -0.0173218 0.0854463 -2.5483e-05 -0.000241462 8.65192e-05 -2.5483e-05 0.00943342 -0.0173509 -1.23329e-05 -0.000241462 -0.0173509 0.0856785 
0.00948474 -0.0173133 9.25159e-05 -3.10427e-05 -0.0173133 0.0853713 -4.18491e-05 -0.000182688 9.25159e-05 -4.18491e-05 0.00940192 -0.017322 -3.10427e-05 -0.000182688 -0.017322 0.0855627 
0.0094896 -0.0173767 9.41993e-05 -3.94342e-05 -0.0173767 0.0855882 -4.63776e-05 -0.000151477 9.41993e-05 -4.63776e-05 0.00942553 -0.0173331 -3.94342e-05 -0.000151477 -0.0173331 0.0856949 
0.00946573 -0.0173703 8.60052e-05 -4.19374e-05 -0.0173703 0.0856294 -4.39472e-05 -0.000142784 8.60052e-05 -4.39472e-05 0.00944951 -0.017344 -4.19374e-05 -0.000142784 -0.017344 0.0857176 
0.00945197 -0.0173148 6.8795e-05 -3.2516e-05 -0.0173148 0.0854753 -3.07845e-05 -0.000159448 6.8795e-05 -3.07845e-05 0.00944235 -0.0173526 -3.2516e-05 -0.000159448 -0.0173526 0.0856734 
0.00947365 -0.0173432 6.42816e-05 -1.13841e-05 -0.0173432 0.0856064 -1.09349e-05 -0.000199822 6.42816e-05 -1.09349e-05 0.00944693 -0.017393 -1.13841e-05 -0.000199822 -0.017393 0.0858826 
0.00948864 -0.0172904 6.32597e-05 -6.94826e-06 -0.0172904 0.0853216 -8.72972e-06 -0.00022079 6.32597e-05 -8.72972e-06 0.00936839 -0.0173153 -6.94826e-06 -0.00022079 -0.0173153 0.0855789 
0.009486 -0.0173278 7.78138e-05 -8.29078e-06 -0.0173278 0.0853104 -1.00892e-05 -0.000219873 7.78138e-05 -1.00892e-05 0.00934229 -0.0172286 -8.29078e-06 -0.000219873 -0.0172286 0.0853462 
0.0094634 -0.0173327 8.07729e-05 -2.34078e-05 -0.0173327 0.0853332 -2.28419e-05 -0.000200449 8.07729e-05 -2.28419e-05 0.00935002 -0.0171926 -2.34078e-05 -0.000200449 -0.0171926 0.0851797 
0.00942217 -0.017301 7.55446e-05 -3.25351e-05 -0.017301 0.0852659 -2.75198e-05 -0.000174252 7.55446e-05 -2.75198e-05 0.00938331 -0.0171939 -3.25351e-05 -0.000174252 -0.0171939 0.0850912 
0.00941909 -0.0172695 7.0086e-05 -2.84239e-05 -0.0172695 0.0852458 -2.05059e-05 -0.000171706 7.0086e-05 -2.05059e-05 0.00941978 -0.0172572 -2.84239e-05 -0.000171706 -0.0172572 0.0852275 
0.00941006 -0.0172506 5.40435e-05 -1.94868e-05 -0.0172506 0.0851657 -1.599e-05 -0.000184531 5.40435e-05 -1.599e-05 0.00944123 -0.0173008 -1.94868e-05 -0.000184531 -0.0173008 0.0853394 
0.00940627 -0.0172369 4.86683e-05 4.41292e-06 -0.0172369 0.0851 1.91595e-06 -0.000223683 4.86683e-05 1.91595e-06 0.00944616 -0.0173255 4.41292e-06 -0.000223683 -0.0173255 0.085409 
0.00941217 -0.0172054 3.40858e-05 2.17508e-05 -0.0172054 0.0849316 1.46432e-05 -0.000276317 3.40858e-05 1.46432e-05 0.00942793 -0.0173078 2.17508e-05 -0.000276317 -0.0173078 0.085317 
0.00944235 -0.0172729 2.64273e-05 4.32404e-05 -0.0172729 0.0851669 3.18581e-05 -0.000329517 2.64273e-05 3.18581e-05 0.00945332 -0.0173516 4.32404e-05 -0.000329517 -0.0173516 0.0855513 
0.00951434 -0.0173768 3.36732e-05 5.29456e-05 -0.0173768 0.0856618 3.89486e-05 -0.000366473 3.36732e-05 3.89486e-05 0.00947433 -0.0174494 5.29456e-05 -0.000366473 -0.0174494 0.0860292 
0.00958035 -0.0174909 2.18753e-05 4.28918e-05 -0.0174909 0.0861477 3.20424e-05 -0.000368565 2.18753e-05 3.20424e-05 0.00949771 -0.0175009 4.28918e-05 -0.000368565 -0.0175009 0.0864178 
0.0096309 -0.0175855 3.82865e-05 5.39165e-05 -0.0175855 0.0865558 4.97113e-05 -0.000387625 3.82865e-05 4.97113e-05 0.00950975 -0.0175304 5.39165e-05 -0.000387625 -0.0175304 0.0866596 
0.00962744 -0.0176086 5.51532e-05 3.32493e-05 -0.0176086 0.086653 3.4062e-05 -0.000373281 5.51532e-05 3.4062e-05 0.00952503 -0.017508 3.32493e-05 -0.000373281 -0.017508 0.0866169 
0.0096141 -0.0176067 5.46771e-05 9.93397e-06 -0.0176067 0.0867083 1.43484e-05 -0.000327539 5.46771e-05 1.43484e-05 0.00956624 -0.0175357 9.93397e-06 -0.000327539 -0.0175357 0.0866742 
0.00962255 -0.0176113 6.84314e-05 1.00928e-05 -0.0176113 0.0868218 1.43521e-05 -0.000307138 6.84314e-05 1.43521e-05 0.00960064 -0.0176196 1.00928e-05 -0.000307138 -0.0176196 0.0869441 
0.00959133 -0.0175562 6.98189e-05 -5.30047e-06 -0.0175562 0.0865828 -3.33211e-06 -0.000278756 6.98189e-05 -3.33211e-06 0.00959481 -0.0176107 -5.30047e-06 -0.000278756 -0.0176107 0.0868711 
0.00957039 -0.0174756 9.55222e-05 -1.06737e-05 -0.0174756 0.0862067 -9.31836e-06 -0.000251147 9.55222e-05 -9.31836e-06 0.00955432 -0.0175551 -1.06737e-05 -0.000251147 -0.0175551 0.0865879 
0.00954085 -0.0174254 0.000104429 -3.60847e-05 -0.0174254 0.0858747 -3.46215e-05 -0.000211078 0.000104429 -3.46215e-05 0.00952529 -0.0174796 -3.60847e-05 -0.000211078 -0.0174796 0.0862494 
0.00953593 -0.0174216 0.000103938 -5.28031e-05 -0.0174216 0.085824 -5.04833e-05 -0.000159865 0.000103938 -5.04833e-05 0.00950693 -0.0174722 -5.28031e-05 -0.000159865 -0.0174722 0.0861756 
0.00954737 -0.0174442 9.64121e-05 -5.55298e-05 -0.0174442 0.0859153 -5.29259e-05 -0.00013202 9.64121e-05 -5.29259e-05 0.00949869 -0.0174685 -5.55298e-05 -0.00013202 -0.0174685 0.086205 
0.00955248 -0.0174639 9.70131e-05 -4.70341e-05 -0.0174639 0.0859937 -4.27223e-05 -0.00013751 9.70131e-05 -4.27223e-05 0.00949995 -0.0174535 -4.70341e-05 -0.00013751 -0.0174535 0.0861841 
0.00956048 -0.0174687 9.44298e-05 -4.28724e-05 -0.0174687 0.0860229 -3.51563e-05 -0.000159919 9.44298e-05 -3.51563e-05 0.00949314 -0.0174447 -4.28724e-05 -0.000159919 -0.0174447 0.086134 
0.00951545 -0.0174319 6.87958e-05 -4.11182e-05 -0.0174319 0.0858203 -3.16117e-05 -0.00017167 6.87958e-05 -3.16117e-05 0.00948237 -0.0173906 -4.11182e-05 -0.00017167 -0.0173906 0.0858742 
0.00945777 -0.0173412 3.68847e-05 -9.00161e-06 -0.0173412 0.0854739 -2.81479e-06 -0.000220399 3.68847e-05 -2.81479e-06 0.00947683 -0.0173523 -9.00161e-06 -0.000220399 -0.0173523 0.0855988 
0.00948761 -0.0173798 3.11489e-05 3.63005e-05 -0.0173798 0.0857431 3.69106e-05 -0.000317008 3.11489e-05 3.69106e-05 0.00951433 -0.0174601 3.63005e-05 -0.000317008 -0.0174601 0.0860245 
0.00953611 -0.0174544 3.31212e-05 4.55647e-05 -0.0174544 0.0861155 4.41364e-05 -0.000374683 3.31212e-05 4.41364e-05 0.00954372 -0.0175498 4.55647e-05 -0.000374683 -0.0175498 0.0865009 
0.0095452 -0.017472 3.30024e-05 4.31598e-05 -0.017472 0.0861906 4.15754e-05 -0.000385965 3.30024e-05 4.15754e-05 0.00953767 -0.0175509 4.31598e-05 -0.000385965 -0.0175509 0.0865928 
0.00952237 -0.0174122 4.20345e-05 4.37376e-05 -0.0174122 0.0859014 3.85632e-05 -0.000382642 4.20345e-05 3.85632e-05 0.00949598 -0.017472 4.37376e-05 -0.000382642 -0.017472 0.0862717 
0.00952285 -0.0173855 4.47069e-05 3.59806e-05 -0.0173855 0.0857384 2.93027e-05 -0.000371424 4.47069e-05 2.93027e-05 0.00945828 -0.0174226 3.59806e-05 -0.000371424 -0.0174226 0.0860624 
0.00946497 -0.0173088 4.76494e-05 2.42761e-05 -0.0173088 0.0852889 2.1005e-05 -0.000340025 4.76494e-05 2.1005e-05 0.00941578 -0.0173014 2.42761e-05 -0.000340025 -0.0173014 0.0855286 
0.0094918 -0.0173632 5.65143e-05 1.45001e-05 -0.0173632 0.085582 1.29987e-05 -0.000309324 5.65143e-05 1.29987e-05 0.00943655 -0.0173648 1.45001e-05 -0.000309324 -0.0173648 0.085784 
0.00948756 -0.0173574 5.45513e-05 -4.3159e-07 -0.0173574 0.0855619 -3.41456e-07 -0.000269321 5.45513e-05 -3.41456e-07 0.00942494 -0.0173447 -4.3159e-07 -0.000269321 -0.0173447 0.0857261 
0.0094867 -0.0173717 6.10888e-05 2.49387e-07 -0.0173717 0.0856405 -8.22475e-07 -0.000249356 6.10888e-05 -8.22475e-07 0.00944196 -0.0173475 2.49387e-07 -0.000249356 -0.0173475 0.0857652 
0.00947433 -0.0173342 5.88249e-05 -4.10095e-06 -0.0173342 0.0855008 -8.92686e-06 -0.000234751 5.88249e-05 -8.92686e-06 0.00942206 -0.0173352 -4.10095e-06 -0.000234751 -0.0173352 0.0856475 
0.00946669 -0.0172956 5.64396e-05 3.4772e-06 -0.0172956 0.0853041 5.68725e-08 -0.000245613 5.64396e-05 5.68725e-08 0.0093884 -0.0172957 3.4772e-06 -0.000245613 -0.0172957 0.0854781 
0.0094342 -0.0172821 4.13284e-05 4.62143e-06 -0.0172821 0.0851801 2.62869e-07 -0.000252156 4.13284e-05 2.62869e-07 0.00938828 -0.0172488 4.62143e-06 -0.000252156 -0.0172488 0.0853103 
0.00945849 -0.0172954 2.68349e-05 2.37636e-05 -0.0172954 0.0853147 1.59572e-05 -0.000279865 2.68349e-05 1.59572e-05 0.00938848 -0.0172937 2.37636e-05 -0.000279865 -0.0172937 0.0854601 
0.00947394 -0.017323 1.7792e-05 3.99351e-05 -0.017323 0.0854076 3.10071e-05 -0.000314056 1.7792e-05 3.10071e-05 0.00938815 -0.017294 3.99351e-05 -0.000314056 -0.017294 0.0855332 
0.00947837 -0.0173373 2.53071e-06 4.89529e-05 -0.0173373 0.0854516 4.49093e-05 -0.000343945 2.53071e-06 4.49093e-05 0.00938694 -0.0172801 4.89529e-05 -0.000343945 -0.0172801 0.0855058 
0.00948014 -0.0173493 1.31936e-05 6.05825e-05 -0.0173493 0.0855139 6.06772e-05 -0.000369303 1.31936e-05 6.06772e-05 0.00939101 -0.0172846 6.05825e-05 -0.000369303 -0.0172846 0.0855248 
0.0094705 -0.0173407 3.19933e-05 4.75634e-05 -0.0173407 0.0854978 4.82201e-05 -0.000360091 3.19933e-05 4.82201e-05 0.00939299 -0.017285 4.75634e-05 -0.000360091 -0.017285 0.085517 
0.00946 -0.0173241 3.76622e-05 2.29944e-05 -0.0173241 0.085454 2.62656e-05 -0.000314369 3.76622e-05 2.62656e-05 0.00939116 -0.0172867 2.29944e-05 -0.000314369 -0.0172867 0.0855135 
0.00942507 -0.0172562 3.31616e-05 1.23745e-05 -0.0172562 0.085146 1.71061e-05 -0.000273438 3.31616e-05 1.71061e-05 0.0093716 -0.0172325 1.23745e-05 -0.000273438 -0.0172325 0.0852503 
0.00942757 -0.0172246 4.65416e-05 2.00451e-05 -0.0172246 0.0849916 2.03316e-05 -0.000267096 4.65416e-05 2.03316e-05 0.00936253 -0.0172159 2.00451e-05 -0.000267096 -0.0172159 0.0851314 
0.00944691 -0.0172581 5.78083e-05 1.13039e-05 -0.0172581 0.0850661 3.28025e-06 -0.000253013 5.78083e-05 3.28025e-06 0.0093726 -0.0172292 1.13039e-05 -0.000253013 -0.0172292 0.0851817 
0.00943832 -0.0172679 7.4746e-05 3.00393e-07 -0.0172679 0.0850753 -1.13934e-05 -0.000225606 7.4746e-05 -1.13934e-05 0.00938489 -0.0172361 3.00393e-07 -0.000225606 -0.0172361 0.0851798 
0.00945827 -0.0173331 6.75697e-05 -2.24839e-05 -0.0173331 0.0854322 -3.13797e-05 -0.000182237 6.75697e-05 -3.13797e-05 0.00943122 -0.0173322 -2.24839e-05 -0.000182237 -0.0173322 0.08559 
0.0094965 -0.0173718 6.0413e-05 -1.45274e-05 -0.0173718 0.0857059 -1.9508e-05 -0.00017892 6.0413e-05 -1.9508e-05 0.00945564 -0.0174117 -1.45274e-05 -0.00017892 -0.0174117 0.0859679 
0.00951859 -0.0174119 7.45214e-05 -4.68896e-06 -0.0174119 0.0858746 -5.45107e-06 -0.000206345 7.45214e-05 -5.45107e-06 0.0094715 -0.0174371 -4.68896e-06 -0.000206345 -0.0174371 0.0861636 
0.0095112 -0.0173768 7.07081e-05 -2.13704e-05 -0.0173768 0.0856912 -1.61002e-05 -0.000201709 7.07081e-05 -1.61002e-05 0.00944935 -0.0173879 -2.13704e-05 -0.000201709 -0.0173879 0.0859523 
0.00948257 -0.0173123 5.74387e-05 -2.29347e-05 -0.0173123 0.0853144 -1.35142e-05 -0.000190183 5.74387e-05 -1.35142e-05 0.00939606 -0.0172952 -2.29347e-05 -0.000190183 -0.0172952 0.0855036 
0.00949337 -0.0173514 4.05197e-05 -4.13537e-06 -0.0173514 0.0854552 3.6805e-06 -0.000219192 4.05197e-05 3.6805e-06 0.00940283 -0.0173084 -4.13537e-06 -0.000219192 -0.0173084 0.0855773 
0.00953424 -0.0174327 4.37362e-05 2.06477e-05 -0.0174327 0.0858717 2.07121e-05 -0.000268326 4.37362e-05 2.07121e-05 0.00944147 -0.017386 2.06477e-05 -0.000268326 -0.017386 0.0859621 
0.00957117 -0.0174852 5.5368e-05 2.08696e-05 -0.0174852 0.0861553 1.82285e-05 -0.000292213 5.5368e-05 1.82285e-05 0.00947313 -0.0174422 2.08696e-05 -0.000292213 -0.0174422 0.0862532 
0.00957131 -0.0174827 6.14702e-05 7.01062e-06 -0.0174827 0.0861247 4.40449e-06 -0.000274727 6.14702e-05 4.40449e-06 0.00947327 -0.0174363 7.01062e-06 -0.000274727 -0.0174363 0.0862275 
0.00959411 -0.0174911 7.53195e-05 -1.33172e-06 -0.0174911 0.0861568 -4.70877e-06 -0.000250346 7.53195e-05 -4.70877e-06 0.00945609 -0.0174477 -1.33172e-06 -0.000250346 -0.0174477 0.0862711 
0.00958502 -0.0174885 0.00010389 -2.00107e-05 -0.0174885 0.0860613 -2.68347e-05 -0.000205065 0.00010389 -2.68347e-05 0.00944155 -0.0173949 -2.00107e-05 -0.000205065 -0.0173949 0.0861021 
0.00957558 -0.0174676 0.000105147 -5.24659e-05 -0.0174676 0.0859474 -5.71467e-05 -0.000140957 0.000105147 -5.71467e-05 0.00942168 -0.0173591 -5.24659e-05 -0.000140957 -0.0173591 0.0859145 
0.00956205 -0.0174479 9.78246e-05 -5.47892e-05 -0.0174479 0.0858316 -5.59006e-05 -0.000112032 9.78246e-05 -5.59006e-05 0.00940327 -0.0173293 -5.47892e-05 -0.000112032 -0.0173293 0.0857634 
0.00952486 -0.0174154 8.57261e-05 -4.20582e-05 -0.0174154 0.0856758 -4.47353e-05 -0.000127392 8.57261e-05 -4.47353e-05 0.00939398 -0.0172958 -4.20582e-05 -0.000127392 -0.0172958 0.0856003 
0.00945799 -0.0172956 6.65552e-05 -2.25234e-05 -0.0172956 0.0851657 -3.20688e-05 -0.000163775 6.65552e-05 -3.20688e-05 0.00934888 -0.0172072 -2.25234e-05 -0.000163775 -0.0172072 0.085132 
0.00942947 -0.0172668 5.36316e-05 -9.25083e-07 -0.0172668 0.0850639 -1.30995e-05 -0.000206068 5.36316e-05 -1.30995e-05 0.00935411 -0.0172077 -9.25083e-07 -0.000206068 -0.0172077 0.0851063 
0.00939767 -0.0172355 4.03479e-05 1.29227e-05 -0.0172355 0.0849839 2.37099e-06 -0.000245041 4.03479e-05 2.37099e-06 0.0093684 -0.0172206 1.29227e-05 -0.000245041 -0.0172206 0.0851333 
0.0093708 -0.0172124 4.08038e-05 2.20593e-05 -0.0172124 0.0849702 1.81412e-05 -0.00027442 4.08038e-05 1.81412e-05 0.00940637 -0.0172582 2.20593e-05 -0.00027442 -0.0172582 0.0852664 
0.00935408 -0.0171905 4.39712e-05 1.30021e-05 -0.0171905 0.0849768 1.5299e-05 -0.000269274 4.39712e-05 1.5299e-05 0.00944625 -0.0173197 1.30021e-05 -0.000269274 -0.0173197 0.0854703 
0.00931845 -0.017063 3.69798e-05 2.53035e-06 -0.017063 0.0844381 6.87362e-06 -0.000237996 3.69798e-05 6.87362e-06 0.00940464 -0.0172738 2.53035e-06 -0.000237996 -0.0172738 0.0851588 
0.0093396 -0.0170708 4.23265e-05 1.08568e-05 -0.0170708 0.0843898 1.42384e-05 -0.000235492 4.23265e-05 1.42384e-05 0.00937684 -0.0172833 1.08568e-05 -0.000235492 -0.0172833 0.0852211 
0.00935349 -0.017112 4.67454e-05 7.94225e-06 -0.017112 0.0844853 1.09839e-05 -0.000237427 4.67454e-05 1.09839e-05 0.00935972 -0.0172589 7.94225e-06 -0.000237427 -0.0172589 0.0852372 
0.00933991 -0.017121 3.51563e-05 5.13423e-06 -0.017121 0.0845081 8.62644e-06 -0.000235885 3.51563e-05 8.62644e-06 0.00934994 -0.017216 5.13423e-06 -0.000235885 -0.017216 0.0851118 
0.00934585 -0.0171472 3.38756e-05 1.44718e-05 -0.0171472 0.0846947 1.89423e-05 -0.00024528 3.38756e-05 1.89423e-05 0.00935597 -0.0172374 1.44718e-05 -0.00024528 -0.0172374 0.0852194 
0.00936469 -0.017141 1.72944e-05 1.54759e-05 -0.017141 0.0847221 2.32816e-05 -0.000257612 1.72944e-05 2.32816e-05 0.00933073 -0.0172254 1.54759e-05 -0.000257612 -0.0172254 0.085202 
0.00939497 -0.0171501 1.93413e-05 3.23728e-05 -0.0171501 0.0846975 4.42158e-05 -0.000286961 1.93413e-05 4.42158e-05 0.00929223 -0.0171708 3.23728e-05 -0.000286961 -0.0171708 0.0850458 
0.00942185 -0.0172208 3.6615e-05 3.12703e-05 -0.0172208 0.0849008 4.12057e-05 -0.000300372 3.6615e-05 4.12057e-05 0.00928865 -0.0171398 3.12703e-05 -0.000300372 -0.0171398 0.0850021 
0.00939855 -0.0172257 5.20966e-05 1.31138e-05 -0.0172257 0.0849078 1.60105e-05 -0.000266765 5.20966e-05 1.60105e-05 0.00930501 -0.0171073 1.31138e-05 -0.000266765 -0.0171073 0.0848377 
0.00934341 -0.0171437 4.40735e-05 -3.56615e-06 -0.0171437 0.0846018 -9.54284e-06 -0.00021289 4.40735e-05 -9.54284e-06 0.00931191 -0.0170816 -3.56615e-06 -0.00021289 -0.0170816 0.0845668 
0.00933285 -0.0170863 4.93619e-05 8.26951e-06 -0.0170863 0.0843983 -1.44707e-06 -0.000204795 4.93619e-05 -1.44707e-06 0.00930786 -0.017105 8.26951e-06 -0.000204795 -0.017105 0.0845297 
0.00969185 -0.0177716 5.77813e-05 6.91402e-06 -0.0177716 0.0877331 -2.9498e-06 -0.000220418 5.77813e-05 -2.9498e-06 0.00970908 -0.0178095 6.91402e-06 -0.000220418 -0.0178095 0.0879933 
0.00970335 -0.0177652 7.35849e-05 -2.89088e-06 -0.0177652 0.0877435 -1.19791e-05 -0.000207839 7.35849e-05 -1.19791e-05 0.00970295 -0.0178581 -2.89088e-06 -0.000207839 -0.0178581 0.0881344 
0.00968355 -0.0177222 8.03581e-05 -2.67487e-05 -0.0177222 0.0874854 -3.69377e-05 -0.000155847 8.03581e-05 -3.69377e-05 0.0096662 -0.0177987 -2.67487e-05 -0.000155847 -0.0177987 0.0879178 
0.00971292 -0.0177629 8.10073e-05 -3.53648e-05 -0.0177629 0.0876477 -5.12685e-05 -0.000109889 8.10073e-05 -5.12685e-05 0.00965779 -0.017813 -3.53648e-05 -0.000109889 -0.017813 0.0880367 
0.00971722 -0.0177964 7.61445e-05 -3.2721e-05 -0.0177964 0.087769 -5.07887e-05 -9.71043e-05 7.61445e-05 -5.07887e-05 0.00965387 -0.017807 -3.2721e-05 -9.71043e-05 -0.017807 0.0880875 
0.00968676 -0.0177377 7.0839e-05 -3.09384e-05 -0.0177377 0.0875262 -4.54849e-05 -9.44063e-05 7.0839e-05 -4.54849e-05 0.00962133 -0.0177461 -3.09384e-05 -9.44063e-05 -0.0177461 0.0878208 
0.00970642 -0.0177409 3.5359e-05 -2.64064e-05 -0.0177409 0.0875569 -3.01639e-05 -0.000115177 3.5359e-05 -3.01639e-05 0.00959875 -0.0177478 -2.64064e-05 -0.000115177 -0.0177478 0.0878506 
0.00972826 -0.0177992 1.97728e-05 8.95089e-06 -0.0177992 0.0877643 1.71513e-05 -0.000185506 1.97728e-05 1.71513e-05 0.00960785 -0.0177376 8.95089e-06 -0.000185506 -0.0177376 0.0879306 
0.00934285 -0.017115 3.02492e-05 2.53913e-05 -0.017115 0.0843872 4.13619e-05 -0.000246356 3.02492e-05 4.13619e-05 0.00924629 -0.0170261 2.53913e-05 -0.000246356 -0.0170261 0.0844182 
0.00935583 -0.0171236 2.77438e-05 1.16922e-05 -0.0171236 0.0844767 3.15629e-05 -0.000257735 2.77438e-05 3.15629e-05 0.00925451 -0.0170575 1.16922e-05 -0.000257735 -0.0170575 0.0844905 
0.0093543 -0.0171032 2.64986e-05 1.30283e-05 -0.0171032 0.084362 3.03759e-05 -0.000250279 2.64986e-05 3.03759e-05 0.00924292 -0.0170351 1.30283e-05 -0.000250279 -0.0170351 0.0843788 
0.00938237 -0.0171632 4.30826e-05 1.94944e-05 -0.0171632 0.0846178 2.93526e-05 -0.000256136 4.30826e-05 2.93526e-05 0.00926863 -0.0170869 1.94944e-05 -0.000256136 -0.0170869 0.0846242 
0.00936748 -0.0171468 5.51802e-05 2.82989e-06 -0.0171468 0.0845336 6.72001e-06 -0.000228999 5.51802e-05 6.72001e-06 0.00926772 -0.017065 2.82989e-06 -0.000228999 -0.017065 0.084521 
0.00938206 -0.0171692 6.40317e-05 -8.37221e-06 -0.0171692 0.084672 -8.22334e-06 -0.000196189 6.40317e-05 -8.22334e-06 0.00928055 -0.0171127 -8.37221e-06 -0.000196189 -0.0171127 0.0847042 
0.00934721 -0.017129 8.1552e-05 -1.53297e-05 -0.017129 0.08447 -1.7547e-05 -0.00017326 8.1552e-05 -1.7547e-05 0.00927388 -0.0170652 -1.53297e-05 -0.00017326 -0.0170652 0.0845069 
0.00936635 -0.0171414 9.93813e-05 -3.5441e-05 -0.0171414 0.0845905 -4.08689e-05 -0.000133564 9.93813e-05 -4.08689e-05 0.00929181 -0.0171163 -3.5441e-05 -0.000133564 -0.0171163 0.0846882 
0.00935386 -0.0171014 8.56759e-05 -5.65114e-05 -0.0171014 0.0843693 -6.36644e-05 -8.03043e-05 8.56759e-05 -6.36644e-05 0.00926563 -0.0170796 -5.65114e-05 -8.03043e-05 -0.0170796 0.0845132 
0.00935557 -0.0171301 7.84608e-05 -4.69043e-05 -0.0171301 0.0844606 -5.14455e-05 -6.78983e-05 7.84608e-05 -5.14455e-05 0.00928869 -0.0170875 -4.69043e-05 -6.78983e-05 -0.0170875 0.0845808 
0.00973653 -0.0178306 5.14259e-05 -3.80787e-05 -0.0178306 0.0879442 -3.72682e-05 -9.79105e-05 5.14259e-05 -3.72682e-05 0.00969576 -0.017807 -3.80787e-05 -9.79105e-05 -0.017807 0.0880773 
0.00974123 -0.0178323 4.09106e-05 1.00803e-07 -0.0178323 0.0879635 2.67416e-07 -0.000169038 4.09106e-05 2.67416e-07 0.00970801 -0.0178436 1.00803e-07 -0.000169038 -0.0178436 0.0881619 
0.00937899 -0.0171461 4.50367e-05 2.00345e-05 -0.0171461 0.0845683 1.73984e-05 -0.000232156 4.50367e-05 1.73984e-05 0.009319 -0.0171722 2.00345e-05 -0.000232156 -0.0171722 0.0848202 
0.00940492 -0.0171933 6.33734e-05 1.15199e-05 -0.0171933 0.0847457 8.29e-06 -0.0002443 6.33734e-05 8.29e-06 0.00933551 -0.017189 1.15199e-05 -0.0002443 -0.017189 0.0849811 
0.00939626 -0.0171767 7.97917e-05 -1.43134e-05 -0.0171767 0.0846404 -1.44536e-05 -0.000203072 7.97917e-05 -1.44536e-05 0.00932234 -0.0171612 -1.43134e-05 -0.000203072 -0.0171612 0.0848415 
0.00938971 -0.0172011 8.37949e-05 -3.72827e-05 -0.0172011 0.084755 -3.44327e-05 -0.000147891 8.37949e-05 -3.44327e-05 0.00933625 -0.0171864 -3.72827e-05 -0.000147891 -0.0171864 0.0849548 
0.00938598 -0.0171847 8.19421e-05 -4.63018e-05 -0.0171847 0.0847589 -4.37742e-05 -0.000105589 8.19421e-05 -4.37742e-05 0.00933892 -0.0172013 -4.63018e-05 -0.000105589 -0.0172013 0.0850161 
0.00941849 -0.0172047 8.42732e-05 -4.19869e-05 -0.0172047 0.0848814 -3.96889e-05 -9.94615e-05 8.42732e-05 -3.96889e-05 0.00934371 -0.0172353 -4.19869e-05 -9.94615e-05 -0.0172353 0.0851987 
0.00942935 -0.0172445 6.96264e-05 -4.05506e-05 -0.0172445 0.0850062 -3.62543e-05 -0.000111034 6.96264e-05 -3.62543e-05 0.009365 -0.0172444 -4.05506e-05 -0.000111034 -0.0172444 0.0853061 
0.00943418 -0.0172633 7.21073e-05 -2.35445e-05 -0.0172633 0.085094 -1.46835e-05 -0.000147672 7.21073e-05 -1.46835e-05 0.00939083 -0.0172528 -2.35445e-05 -0.000147672 -0.0172528 0.0853299 
0.00942848 -0.0172907 7.24819e-05 -2.73432e-05 -0.0172907 0.0852472 -1.60794e-05 -0.000164825 7.24819e-05 -1.60794e-05 0.00943956 -0.0173036 -2.73432e-05 -0.000164825 -0.0173036 0.0854915 
0.00946766 -0.0173318 8.67448e-05 -3.01507e-05 -0.0173318 0.0855405 -1.81569e-05 -0.000162641 8.67448e-05 -1.81569e-05 0.00946851 -0.0174102 -3.01507e-05 -0.000162641 -0.0174102 0.0858901 
0.00949066 -0.0173686 8.14724e-05 -4.8607e-05 -0.0173686 0.0857057 -3.75173e-05 -0.000131521 8.14724e-05 -3.75173e-05 0.00947559 -0.0174478 -4.8607e-05 -0.000131521 -0.0174478 0.0861256 
0.00945942 -0.0173506 7.58877e-05 -3.58397e-05 -0.0173506 0.0856087 -2.85576e-05 -0.000138126 7.58877e-05 -2.85576e-05 0.00946807 -0.0174126 -3.58397e-05 -0.000138126 -0.0174126 0.0860234 
0.00944303 -0.0173093 6.81455e-05 -2.47123e-05 -0.0173093 0.0854962 -2.36617e-05 -0.00015971 6.81455e-05 -2.36617e-05 0.00947611 -0.0173988 -2.47123e-05 -0.00015971 -0.0173988 0.0859408 
0.0094279 -0.0172727 7.46128e-05 -1.47976e-05 -0.0172727 0.0853348 -1.74457e-05 -0.000180917 7.46128e-05 -1.74457e-05 0.00947467 -0.0173924 -1.47976e-05 -0.000180917 -0.0173924 0.0858462 
0.00945605 -0.0173075 7.40022e-05 -1.8509e-05 -0.0173075 0.0854936 -2.2996e-05 -0.000187776 7.40022e-05 -2.2996e-05 0.00947809 -0.0174394 -1.8509e-05 -0.000187776 -0.0174394 0.0860471 
0.00944222 -0.0173005 7.85404e-05 -1.99964e-05 -0.0173005 0.0854056 -2.54389e-05 -0.000179622 7.85404e-05 -2.54389e-05 0.00946398 -0.0173892 -1.99964e-05 -0.000179622 -0.0173892 0.0858888 
0.00944178 -0.0172466 9.16838e-05 -2.89171e-05 -0.0172466 0.085166 -3.28809e-05 -0.000160657 9.16838e-05 -3.28809e-05 0.00940522 -0.0173396 -2.89171e-05 -0.000160657 -0.0173396 0.0856215 
0.00946026 -0.0172751 9.35399e-05 -4.56265e-05 -0.0172751 0.0852013 -4.87357e-05 -0.000126588 9.35399e-05 -4.87357e-05 0.00938057 -0.0173037 -4.56265e-05 -0.000126588 -0.0173037 0.0855621 
0.0094725 -0.0173113 7.61597e-05 -4.67813e-05 -0.0173113 0.0853105 -5.13032e-05 -0.000108159 7.61597e-05 -5.13032e-05 0.00936097 -0.0172748 -4.67813e-05 -0.000108159 -0.0172748 0.0855043 
0.0094657 -0.017297 7.26328e-05 -2.95179e-05 -0.017297 0.0852263 -3.31336e-05 -0.000123298 7.26328e-05 -3.31336e-05 0.00932748 -0.0172082 -2.95179e-05 -0.000123298 -0.0172082 0.0852506 
0.00940392 -0.0172066 6.52333e-05 -2.05291e-05 -0.0172066 0.0847613 -2.51681e-05 -0.000151054 6.52333e-05 -2.51681e-05 0.00927625 -0.0170807 -2.05291e-05 -0.000151054 -0.0170807 0.0846554 
0.00934008 -0.0171242 4.63349e-05 -1.42707e-05 -0.0171242 0.084403 -1.89527e-05 -0.000167407 4.63349e-05 -1.89527e-05 0.00925807 -0.0170197 -1.42707e-05 -0.000167407 -0.0170197 0.0842911 
0.00968111 -0.0177763 1.73503e-05 1.64652e-06 -0.0177763 0.0877152 -4.66358e-09 -0.000200377 1.73503e-05 -4.66358e-09 0.0096599 -0.0177268 1.64652e-06 -0.000200377 -0.0177268 0.0877023 
0.00966981 -0.0177189 1.0164e-05 3.67243e-05 -0.0177189 0.0875337 4.02025e-05 -0.000269491 1.0164e-05 4.02025e-05 0.00965228 -0.0177505 3.67243e-05 -0.000269491 -0.0177505 0.0877007 
0.00968077 -0.0177121 1.7417e-05 4.86432e-05 -0.0177121 0.087468 5.5146e-05 -0.000328357 1.7417e-05 5.5146e-05 0.00962966 -0.017754 4.86432e-05 -0.000328357 -0.017754 0.0877372 
