0.00704006 0 8.28502e-05 0 0 0.0100447 0 0 8.28502e-05 0 0.00712653 0 0 0 0 0.0100447 
0.00961428 -0.0119344 8.13251e-05 -9.63977e-05 -0.0119344 0.0317466 -9.63977e-05 0.000184785 8.13251e-05 -9.63977e-05 0.00968878 -0.0120246 -9.63977e-05 0.000184785 -0.0120246 0.0319198 
0.00988491 -0.0184499 2.18242e-05 -9.34531e-06 -0.0184499 0.0680482 -9.34531e-06 -2.24028e-06 2.18242e-05 -9.34531e-06 0.00992727 -0.018468 -9.34531e-06 -2.24028e-06 -0.018468 0.0680812 
0.00928134 -0.0180563 6.26238e-07 0.000117647 -0.0180563 0.0811079 0.000128019 -0.000656567 6.26238e-07 0.000128019 0.00935141 -0.0179163 0.000117647 -0.000656567 -0.0179163 0.0802872 
0.00897888 -0.0169944 2.56054e-05 0.000114343 -0.0169944 0.0823321 0.000128448 -0.000881546 2.56054e-05 0.000128448 0.0091121 -0.0168837 0.000114343 -0.000881546 -0.0168837 0.0811366 
0.00967752 -0.0179005 5.59167e-05 5.82697e-05 -0.0179005 0.0884984 6.9328e-05 -0.000755382 5.59167e-05 6.9328e-05 0.00980902 -0.0179523 5.82697e-05 -0.000755382 -0.0179523 0.0876634 
0.00941588 -0.0172728 7.78014e-05 3.67444e-06 -0.0172728 0.0855148 1.09893e-05 -0.000464344 7.78014e-05 1.09893e-05 0.00948275 -0.0173519 3.67444e-06 -0.000464344 -0.0173519 0.0851203 
0.010074 -0.0184127 8.58896e-05 -3.32665e-05 -0.0184127 0.0909974 -2.88483e-05 -0.000283192 8.58896e-05 -2.88483e-05 0.0100588 -0.0184126 -3.32665e-05 -0.000283192 -0.0184126 0.0906398 
0.00990058 -0.0180895 8.76041e-05 -3.58843e-05 -0.0180895 0.0892041 -3.15734e-05 -0.000186713 8.76041e-05 -3.15734e-05 0.00981853 -0.0179799 -3.58843e-05 -0.000186713 -0.0179799 0.0886887 
0.00972777 -0.0178143 7.32011e-05 -3.60593e-05 -0.0178143 0.0877008 -3.14638e-05 -0.000158112 7.32011e-05 -3.14638e-05 0.00963484 -0.0175971 -3.60593e-05 -0.000158112 -0.0175971 0.08691 
0.00962405 -0.0177007 5.13579e-05 -1.68914e-05 -0.0177007 0.0871201 -1.1147e-05 -0.000184962 5.13579e-05 -1.1147e-05 0.009577 -0.0174498 -1.68914e-05 -0.000184962 -0.0174498 0.0861319 
0.00951968 -0.0175653 3.77167e-05 1.02163e-05 -0.0175653 0.0865775 1.97277e-05 -0.000250562 3.77167e-05 1.97277e-05 0.00955152 -0.0173589 1.02163e-05 -0.000250562 -0.0173589 0.0855665 
0.00947074 -0.0174738 1.59571e-05 2.7223e-05 -0.0174738 0.0863101 3.57333e-05 -0.000306889 1.59571e-05 3.57333e-05 0.0095435 -0.0173809 2.7223e-05 -0.000306889 -0.0173809 0.0854985 
0.0094111 -0.0173627 1.87654e-06 5.34827e-05 -0.0173627 0.0858434 5.61286e-05 -0.000357484 1.87654e-06 5.61286e-05 0.00952062 -0.0173325 5.34827e-05 -0.000357484 -0.0173325 0.0852457 
0.00938556 -0.0172955 1.64059e-05 6.92486e-05 -0.0172955 0.0855591 6.67734e-05 -0.000393164 1.64059e-05 6.67734e-05 0.00949643 -0.0173188 6.92486e-05 -0.000393164 -0.0173188 0.0851365 
0.00937335 -0.0172794 4.73455e-05 4.66741e-05 -0.0172794 0.0854603 4.14571e-05 -0.0003617 4.73455e-05 4.14571e-05 0.00949945 -0.0173106 4.66741e-05 -0.0003617 -0.0173106 0.0851326 
0.00939047 -0.0173096 5.21377e-05 8.29821e-06 -0.0173096 0.0856331 2.69818e-06 -0.000279321 5.21377e-05 2.69818e-06 0.00952774 -0.0173737 8.29821e-06 -0.000279321 -0.0173737 0.0854043 
0.00941105 -0.017332 5.85986e-05 -2.39701e-06 -0.017332 0.0857613 -8.28337e-06 -0.000216438 5.85986e-05 -8.28337e-06 0.00953093 -0.0174184 -2.39701e-06 -0.000216438 -0.0174184 0.0856246 
0.00944585 -0.0173595 5.05696e-05 -1.50076e-05 -0.0173595 0.0858685 -1.74929e-05 -0.000175341 5.05696e-05 -1.74929e-05 0.00949845 -0.0174201 -1.50076e-05 -0.000175341 -0.0174201 0.085726 
0.00941195 -0.0172932 3.83892e-05 -8.91633e-06 -0.0172932 0.0854442 -4.06091e-06 -0.000171938 3.83892e-05 -4.06091e-06 0.00943427 -0.0172645 -8.91633e-06 -0.000171938 -0.0172645 0.0851474 
0.00933469 -0.0171946 2.94177e-05 3.04923e-06 -0.0171946 0.0849029 9.48091e-06 -0.000188747 2.94177e-05 9.48091e-06 0.00938067 -0.0171208 3.04923e-06 -0.000188747 -0.0171208 0.0844493 
0.0100822 -0.0185761 2.50821e-05 1.26432e-05 -0.0185761 0.0917915 1.66927e-05 -0.000220763 2.50821e-05 1.66927e-05 0.010141 -0.0185226 1.26432e-05 -0.000220763 -0.0185226 0.0912682 
0.0100685 -0.0185438 3.22671e-05 2.01655e-05 -0.0185438 0.091668 2.08772e-05 -0.000232269 3.22671e-05 2.08772e-05 0.0101167 -0.0185092 2.01655e-05 -0.000232269 -0.0185092 0.0911882 
0.0100511 -0.0185478 3.46595e-05 1.79481e-05 -0.0185478 0.0916921 1.50628e-05 -0.000234878 3.46595e-05 1.50628e-05 0.0101286 -0.0185099 1.79481e-05 -0.000234878 -0.0185099 0.0912413 
0.0100273 -0.0185269 4.11346e-05 1.61032e-05 -0.0185269 0.0916881 1.16221e-05 -0.00022941 4.11346e-05 1.16221e-05 0.0101462 -0.0185382 1.61032e-05 -0.00022941 -0.0185382 0.0913391 
0.0100282 -0.0185207 4.50642e-05 1.27018e-05 -0.0185207 0.0917717 6.63367e-06 -0.000227013 4.50642e-05 6.63367e-06 0.0101817 -0.0185997 1.27018e-05 -0.000227013 -0.0185997 0.0916012 
0.00926511 -0.0170695 4.61383e-05 4.78525e-06 -0.0170695 0.0846237 8.56878e-07 -0.000196339 4.61383e-05 8.56878e-07 0.00938556 -0.0171864 4.78525e-06 -0.000196339 -0.0171864 0.0846156 
0.00925529 -0.0170395 4.78242e-05 -3.17907e-06 -0.0170395 0.0844038 -1.44555e-06 -0.000183551 4.78242e-05 -1.44555e-06 0.00935521 -0.0171264 -3.17907e-06 -0.000183551 -0.0171264 0.0844069 
0.00927864 -0.0170829 4.15921e-05 -8.26972e-06 -0.0170829 0.0845518 -1.18482e-06 -0.000174166 4.15921e-05 -1.18482e-06 0.00934767 -0.0171281 -8.26972e-06 -0.000174166 -0.0171281 0.0844573 
0.00928255 -0.0171268 2.93743e-05 -2.64178e-06 -0.0171268 0.0847283 3.94257e-06 -0.00017518 2.93743e-05 3.94257e-06 0.00935664 -0.0171216 -2.64178e-06 -0.00017518 -0.0171216 0.0844922 
0.00932716 -0.0171606 3.7016e-05 1.12883e-05 -0.0171606 0.0849575 1.76291e-05 -0.000197654 3.7016e-05 1.76291e-05 0.00934917 -0.017159 1.12883e-05 -0.000197654 -0.017159 0.0846603 
0.00935126 -0.0172263 5.80939e-05 4.72654e-06 -0.0172263 0.0852109 9.01226e-06 -0.000198475 5.80939e-05 9.01226e-06 0.00936422 -0.0171716 4.72654e-06 -0.000198475 -0.0171716 0.0848309 
0.0093558 -0.017226 6.58746e-05 -2.05811e-05 -0.017226 0.0852374 -1.99127e-05 -0.000151118 6.58746e-05 -1.99127e-05 0.00936214 -0.0171619 -2.05811e-05 -0.000151118 -0.0171619 0.0848007 
0.00933991 -0.0172053 6.64505e-05 -3.82364e-05 -0.0172053 0.0851179 -3.60858e-05 -9.08716e-05 6.64505e-05 -3.60858e-05 0.00934581 -0.0171236 -3.82364e-05 -9.08716e-05 -0.0171236 0.0846276 
0.0092939 -0.0171286 5.81224e-05 -4.33501e-05 -0.0171286 0.0847424 -3.60583e-05 -6.04008e-05 5.81224e-05 -3.60583e-05 0.00930662 -0.0170371 -4.33501e-05 -6.04008e-05 -0.0170371 0.0842045 
0.0100565 -0.0185254 6.09818e-05 -3.67808e-05 -0.0185254 0.0916758 -2.86691e-05 -6.91751e-05 6.09818e-05 -2.86691e-05 0.010077 -0.0184383 -3.67808e-05 -6.91751e-05 -0.0184383 0.091095 
0.0100245 -0.0185137 5.70421e-05 -2.76868e-05 -0.0185137 0.0916093 -2.54467e-05 -8.61563e-05 5.70421e-05 -2.54467e-05 0.0101073 -0.0184387 -2.76868e-05 -8.61563e-05 -0.0184387 0.0910548 
0.00998496 -0.0184301 3.49654e-05 -1.99359e-05 -0.0184301 0.0913098 -2.30155e-05 -0.000100508 3.49654e-05 -2.30155e-05 0.0100983 -0.018445 -1.99359e-05 -0.000100508 -0.018445 0.0909224 
0.00995839 -0.0183643 2.24142e-05 1.2735e-05 -0.0183643 0.0910228 7.8796e-06 -0.00016125 2.24142e-05 7.8796e-06 0.0100836 -0.0184365 1.2735e-05 -0.00016125 -0.0184365 0.0908336 
0.0099789 -0.0183766 2.21415e-05 2.68548e-05 -0.0183766 0.0910687 2.12883e-05 -0.000211572 2.21415e-05 2.12883e-05 0.0100722 -0.0184691 2.68548e-05 -0.000211572 -0.0184691 0.0909981 
0.0100009 -0.0184107 3.57355e-05 3.09769e-05 -0.0184107 0.0911732 2.43598e-05 -0.000238399 3.57355e-05 2.43598e-05 0.0100585 -0.0184607 3.09769e-05 -0.000238399 -0.0184607 0.0910749 
0.0100179 -0.0184617 3.0247e-05 1.74001e-05 -0.0184617 0.0913663 7.348e-06 -0.000225915 3.0247e-05 7.348e-06 0.0100641 -0.018449 1.74001e-05 -0.000225915 -0.018449 0.0911221 
0.0100279 -0.018463 2.99448e-05 2.46204e-05 -0.018463 0.091385 1.18567e-05 -0.000224153 2.99448e-05 1.18567e-05 0.0100459 -0.0184283 2.46204e-05 -0.000224153 -0.0184283 0.0910317 
0.0100423 -0.0184924 2.4757e-05 2.35188e-05 -0.0184924 0.091492 1.20429e-05 -0.00022704 2.4757e-05 1.20429e-05 0.0100545 -0.0184232 2.35188e-05 -0.00022704 -0.0184232 0.0910497 
0.0100625 -0.018521 3.11722e-05 2.64314e-05 -0.018521 0.0916266 1.94327e-05 -0.000234417 3.11722e-05 1.94327e-05 0.0100661 -0.0184493 2.64314e-05 -0.000234417 -0.0184493 0.0911478 
0.010053 -0.0185339 3.7493e-05 1.77394e-05 -0.0185339 0.0916599 1.47116e-05 -0.00022929 3.7493e-05 1.47116e-05 0.0100859 -0.0184502 1.77394e-05 -0.00022929 -0.0184502 0.0911562 
0.0100818 -0.0185347 5.36501e-05 9.6048e-06 -0.0185347 0.0917304 6.2065e-06 -0.000213936 5.36501e-05 6.2065e-06 0.0100794 -0.0184962 9.6048e-06 -0.000213936 -0.0184962 0.0912926 
0.0100795 -0.0185225 6.28813e-05 -1.12805e-05 -0.0185225 0.0915915 -1.28911e-05 -0.000175675 6.28813e-05 -1.28911e-05 0.0100575 -0.0184568 -1.12805e-05 -0.000175675 -0.0184568 0.0911764 
0.0100898 -0.0185429 5.83085e-05 -2.4526e-05 -0.0185429 0.0916333 -2.3327e-05 -0.00013869 5.83085e-05 -2.3327e-05 0.0100489 -0.0184461 -2.4526e-05 -0.00013869 -0.0184461 0.0911596 
0.0101024 -0.0185582 5.1854e-05 -2.03492e-05 -0.0185582 0.0916813 -2.00686e-05 -0.000127693 5.1854e-05 -2.00686e-05 0.0100406 -0.0184373 -2.03492e-05 -0.000127693 -0.0184373 0.0911448 
0.0100951 -0.0185934 4.84456e-05 -1.11017e-05 -0.0185934 0.0918186 -1.57552e-05 -0.000135624 4.84456e-05 -1.57552e-05 0.0100592 -0.0184442 -1.11017e-05 -0.000135624 -0.0184442 0.0912115 
0.0100655 -0.0185726 5.02232e-05 -4.65201e-06 -0.0185726 0.0917952 -1.26974e-05 -0.000147893 5.02232e-05 -1.26974e-05 0.0100651 -0.0184408 -4.65201e-06 -0.000147893 -0.0184408 0.0911669 
0.0100247 -0.0185088 5.39652e-05 -4.0766e-06 -0.0185088 0.0915904 -1.08295e-05 -0.000158625 5.39652e-05 -1.08295e-05 0.0100761 -0.0184241 -4.0766e-06 -0.000158625 -0.0184241 0.0910424 
0.0100139 -0.0184226 4.62865e-05 -7.72577e-06 -0.0184226 0.0912623 -8.14586e-06 -0.000166982 4.62865e-05 -8.14586e-06 0.0100384 -0.0184183 -7.72577e-06 -0.000166982 -0.0184183 0.0908995 
0.0100568 -0.0184811 3.22979e-05 -2.96022e-06 -0.0184811 0.0914475 -7.15896e-07 -0.000176809 3.22979e-05 -7.15896e-07 0.0100396 -0.0184452 -2.96022e-06 -0.000176809 -0.0184452 0.0911217 
0.0100964 -0.0185762 4.31865e-05 1.89365e-05 -0.0185762 0.0918256 1.82679e-05 -0.000217268 4.31865e-05 1.82679e-05 0.0100652 -0.0184813 1.89365e-05 -0.000217268 -0.0184813 0.0913954 
0.0100816 -0.0185923 4.16201e-05 1.13649e-05 -0.0185923 0.091905 7.75204e-06 -0.000227161 4.16201e-05 7.75204e-06 0.0101096 -0.0184709 1.13649e-05 -0.000227161 -0.0184709 0.0913712 
0.00926653 -0.0170894 4.54381e-05 7.33671e-06 -0.0170894 0.0845742 8.00255e-06 -0.000203394 4.54381e-05 8.00255e-06 0.00933351 -0.0170524 7.33671e-06 -0.000203394 -0.0170524 0.0841707 
0.00929601 -0.0171301 4.98035e-05 -3.08851e-06 -0.0171301 0.0848197 3.58575e-06 -0.000193369 4.98035e-05 3.58575e-06 0.00937353 -0.0171491 -3.08851e-06 -0.000193369 -0.0171491 0.0845605 
0.00932941 -0.0172072 5.55087e-05 -1.10158e-05 -0.0172072 0.0851942 -1.44832e-06 -0.000177058 5.55087e-05 -1.44832e-06 0.00943563 -0.0172449 -1.10158e-05 -0.000177058 -0.0172449 0.0850329 
0.00937725 -0.0172349 5.09575e-05 -1.87707e-05 -0.0172349 0.0853708 -1.29084e-05 -0.000153389 5.09575e-05 -1.29084e-05 0.00943253 -0.0173067 -1.87707e-05 -0.000153389 -0.0173067 0.0852892 
0.00938822 -0.0172209 4.0039e-05 -7.88069e-06 -0.0172209 0.0851743 -1.08987e-05 -0.000152206 4.0039e-05 -1.08987e-05 0.00937845 -0.0172185 -7.88069e-06 -0.000152206 -0.0172185 0.0849979 
0.00942238 -0.0173183 4.6154e-05 1.14394e-05 -0.0173183 0.0855116 2.57977e-06 -0.000185583 4.6154e-05 2.57977e-06 0.00939378 -0.0172221 1.14394e-05 -0.000185583 -0.0172221 0.0851134 
0.00940343 -0.0173013 5.08966e-05 9.43064e-06 -0.0173013 0.0854239 -4.4348e-07 -0.000202915 5.08966e-05 -4.4348e-07 0.00938047 -0.0171681 9.43064e-06 -0.000202915 -0.0171681 0.0848517 
0.0093643 -0.0172572 5.43663e-05 5.42813e-06 -0.0172572 0.0852439 -3.29614e-06 -0.000206915 5.43663e-05 -3.29614e-06 0.00936499 -0.0171367 5.42813e-06 -0.000206915 -0.0171367 0.0846356 
0.00934548 -0.0172089 4.6561e-05 -1.14499e-06 -0.0172089 0.0850799 -7.7094e-06 -0.000198248 4.6561e-05 -7.7094e-06 0.00934785 -0.0171192 -1.14499e-06 -0.000198248 -0.0171192 0.0845169 
0.00934278 -0.0171973 5.11141e-05 7.04542e-06 -0.0171973 0.0850303 1.53502e-06 -0.000207467 5.11141e-05 1.53502e-06 0.00933974 -0.0171161 7.04542e-06 -0.000207467 -0.0171161 0.0845128 
0.0093378 -0.0171831 6.45328e-05 2.57069e-06 -0.0171831 0.0849608 -2.71005e-06 -0.00020922 6.45328e-05 -2.71005e-06 0.00933256 -0.017103 2.57069e-06 -0.00020922 -0.017103 0.0844712 
0.00931138 -0.0171386 5.47604e-05 -1.58317e-05 -0.0171386 0.0847374 -2.08851e-05 -0.000175537 5.47604e-05 -2.08851e-05 0.00932494 -0.0170619 -1.58317e-05 -0.000175537 -0.0170619 0.0842728 
0.00933869 -0.0171627 4.67085e-05 -4.26893e-06 -0.0171627 0.0848568 -6.74001e-06 -0.00018066 4.67085e-05 -6.74001e-06 0.0093363 -0.0171048 -4.26893e-06 -0.00018066 -0.0171048 0.0844278 
0.00935293 -0.0172169 4.01839e-05 5.33013e-06 -0.0172169 0.0850612 5.45434e-06 -0.000207536 4.01839e-05 5.45434e-06 0.00935208 -0.0171383 5.33013e-06 -0.000207536 -0.0171383 0.0846208 
0.0092993 -0.0171689 4.72957e-05 7.64481e-06 -0.0171689 0.0848618 8.8965e-06 -0.000217249 4.72957e-05 8.8965e-06 0.00934714 -0.0170915 7.64481e-06 -0.000217249 -0.0170915 0.0844113 
0.0100436 -0.0185347 6.68242e-05 -1.20473e-06 -0.0185347 0.0917618 1.23197e-06 -0.000223518 6.68242e-05 1.23197e-06 0.0101346 -0.0185228 -1.20473e-06 -0.000223518 -0.0185228 0.0913909 
0.0100196 -0.018434 7.57117e-05 -1.75429e-05 -0.018434 0.0913273 -1.67457e-05 -0.000191468 7.57117e-05 -1.67457e-05 0.0100826 -0.0184874 -1.75429e-05 -0.000191468 -0.0184874 0.091143 
0.0100231 -0.0184482 7.39047e-05 -3.02314e-05 -0.0184482 0.0912946 -3.00229e-05 -0.000153823 7.39047e-05 -3.00229e-05 0.010077 -0.0184634 -3.02314e-05 -0.000153823 -0.0184634 0.0911263 
0.0100381 -0.0184773 7.24052e-05 -2.57721e-05 -0.0184773 0.0914161 -2.5455e-05 -0.000149256 7.24052e-05 -2.5455e-05 0.0100916 -0.0184807 -2.57721e-05 -0.000149256 -0.0184807 0.0912161 
0.010084 -0.0185356 5.89347e-05 -2.27445e-05 -0.0185356 0.0917041 -2.22529e-05 -0.000157512 5.89347e-05 -2.22529e-05 0.010113 -0.0185481 -2.27445e-05 -0.000157512 -0.0185481 0.0915195 
0.00930518 -0.0171117 5.49636e-05 -9.11926e-06 -0.0171117 0.0845988 -9.30111e-06 -0.000160788 5.49636e-05 -9.30111e-06 0.00933075 -0.0170943 -9.11926e-06 -0.000160788 -0.0170943 0.0843943 
0.00931138 -0.0171801 5.81029e-05 -5.65818e-06 -0.0171801 0.0849255 -5.38138e-06 -0.00017969 5.81029e-05 -5.38138e-06 0.00938119 -0.0171566 -5.65818e-06 -0.00017969 -0.0171566 0.0846834 
0.00934554 -0.0172099 6.92567e-05 -1.23074e-05 -0.0172099 0.0851891 -1.20388e-05 -0.000172154 6.92567e-05 -1.20388e-05 0.00941292 -0.0172373 -1.23074e-05 -0.000172154 -0.0172373 0.0850091 
0.00936958 -0.0172309 6.50424e-05 -2.40481e-05 -0.0172309 0.0852683 -2.40724e-05 -0.000151498 6.50424e-05 -2.40724e-05 0.00942183 -0.0172547 -2.40481e-05 -0.000151498 -0.0172547 0.08512 
0.00939515 -0.0172801 5.92613e-05 -2.06261e-05 -0.0172801 0.0854524 -2.08446e-05 -0.000145473 5.92613e-05 -2.08446e-05 0.00942425 -0.0172792 -2.06261e-05 -0.000145473 -0.0172792 0.0852583 
0.00938249 -0.0172806 7.00777e-05 -1.31457e-05 -0.0172806 0.0854244 -1.49395e-05 -0.000155858 7.00777e-05 -1.49395e-05 0.00941834 -0.0172408 -1.31457e-05 -0.000155858 -0.0172408 0.0851343 
0.00935577 -0.0172147 8.54603e-05 -2.4866e-05 -0.0172147 0.0851338 -2.80965e-05 -0.000142868 8.54603e-05 -2.80965e-05 0.00938723 -0.0171785 -2.4866e-05 -0.000142868 -0.0171785 0.0848003 
0.00933201 -0.0171598 6.27384e-05 -4.23576e-05 -0.0171598 0.0848425 -4.47536e-05 -0.000109572 6.27384e-05 -4.47536e-05 0.00935913 -0.0171244 -4.23576e-05 -0.000109572 -0.0171244 0.0845088 
0.00933226 -0.0171461 5.44078e-05 -1.26655e-05 -0.0171461 0.084747 -1.62592e-05 -0.000141261 5.44078e-05 -1.62592e-05 0.00932485 -0.0171113 -1.26655e-05 -0.000141261 -0.0171113 0.0844179 
0.00935853 -0.0171435 3.99392e-05 4.95983e-07 -0.0171435 0.0846885 -1.80878e-06 -0.000189938 3.99392e-05 -1.80878e-06 0.00927444 -0.0170694 4.95983e-07 -0.000189938 -0.0170694 0.0843045 
0.00936188 -0.0171812 4.89567e-05 1.80685e-05 -0.0171812 0.0847317 1.54571e-05 -0.000234399 4.89567e-05 1.54571e-05 0.00926193 -0.0170092 1.80685e-05 -0.000234399 -0.0170092 0.0841635 
0.010149 -0.0186713 8.01287e-05 6.01252e-06 -0.0186713 0.092071 4.4125e-06 -0.000253016 8.01287e-05 4.4125e-06 0.0100758 -0.0184446 6.01252e-06 -0.000253016 -0.0184446 0.0912721 
0.00933977 -0.0171849 6.36584e-05 -2.94859e-05 -0.0171849 0.084834 -3.08476e-05 -0.000166734 6.36584e-05 -3.08476e-05 0.00929556 -0.0170264 -2.94859e-05 -0.000166734 -0.0170264 0.0841289 
0.0101052 -0.0186038 4.91599e-05 -2.56651e-05 -0.0186038 0.0918942 -2.65505e-05 -0.000148173 4.91599e-05 -2.65505e-05 0.0100825 -0.0184753 -2.56651e-05 -0.000148173 -0.0184753 0.0912439 
0.0100795 -0.0185837 1.6889e-05 -1.01154e-06 -0.0185837 0.0918507 -2.74504e-06 -0.000177289 1.6889e-05 -2.74504e-06 0.0100894 -0.0184918 -1.01154e-06 -0.000177289 -0.0184918 0.0913153 
0.010048 -0.0185426 1.3126e-05 4.09692e-05 -0.0185426 0.091737 4.06884e-05 -0.000261156 1.3126e-05 4.06884e-05 0.010082 -0.0184863 4.09692e-05 -0.000261156 -0.0184863 0.0912965 
0.0100077 -0.0184986 2.95881e-05 4.40857e-05 -0.0184986 0.0915944 4.96496e-05 -0.000311304 2.95881e-05 4.96496e-05 0.0101036 -0.0184644 4.40857e-05 -0.000311304 -0.0184644 0.0912223 
0.00995945 -0.0183539 4.94888e-05 2.03844e-05 -0.0183539 0.0909892 2.64349e-05 -0.000284998 4.94888e-05 2.64349e-05 0.0100414 -0.018391 2.03844e-05 -0.000284998 -0.018391 0.0907441 
0.00997485 -0.0183762 4.35464e-05 -5.16001e-06 -0.0183762 0.0910338 -3.33502e-06 -0.00022019 4.35464e-05 -3.33502e-06 0.0100398 -0.018407 -5.16001e-06 -0.00022019 -0.018407 0.0908532 
0.0100119 -0.0184321 5.32294e-05 4.23849e-06 -0.0184321 0.0912773 5.35835e-06 -0.000208762 5.32294e-05 5.35835e-06 0.0100602 -0.0184457 4.23849e-06 -0.000208762 -0.0184457 0.0910898 
0.009993 -0.018378 4.4736e-05 -3.78762e-06 -0.018378 0.0909696 -9.52624e-07 -0.000204939 4.4736e-05 -9.52624e-07 0.0100323 -0.0183752 -3.78762e-06 -0.000204939 -0.0183752 0.090761 
0.00998578 -0.0183878 3.40801e-05 5.44587e-06 -0.0183878 0.0909564 9.22132e-06 -0.000216175 3.40801e-05 9.22132e-06 0.0100553 -0.018381 5.44587e-06 -0.000216175 -0.018381 0.0907427 
0.0100192 -0.0184644 4.27273e-05 1.98813e-05 -0.0184644 0.0913571 2.35324e-05 -0.000250522 4.27273e-05 2.35324e-05 0.0101143 -0.0184993 1.98813e-05 -0.000250522 -0.0184993 0.0912146 
0.0100537 -0.018529 1.92686e-05 1.12214e-05 -0.018529 0.0917094 1.3554e-05 -0.000253628 1.92686e-05 1.3554e-05 0.0101507 -0.0185947 1.12214e-05 -0.000253628 -0.0185947 0.0916562 
0.0100718 -0.0185304 1.54766e-05 4.05642e-05 -0.0185304 0.0917332 3.8789e-05 -0.00028978 1.54766e-05 3.8789e-05 0.0101415 -0.0185982 4.05642e-05 -0.00028978 -0.0185982 0.0917205 
0.0093047 -0.0170964 1.68527e-05 5.05354e-05 -0.0170964 0.0845792 4.13608e-05 -0.000309297 1.68527e-05 4.13608e-05 0.00933482 -0.0171282 5.05354e-05 -0.000309297 -0.0171282 0.0845301 
0.00933469 -0.0171284 3.06246e-05 4.74143e-05 -0.0171284 0.0846645 3.54217e-05 -0.000315425 3.06246e-05 3.54217e-05 0.00931808 -0.0171167 4.74143e-05 -0.000315425 -0.0171167 0.0845238 
0.00934025 -0.0171929 4.95131e-05 2.68751e-05 -0.0171929 0.0849033 1.70573e-05 -0.000282866 4.95131e-05 1.70573e-05 0.00934351 -0.017129 2.68751e-05 -0.000282866 -0.017129 0.0846494 
0.0093077 -0.0171919 7.65725e-05 1.45885e-06 -0.0171919 0.084969 -5.39133e-06 -0.000227654 7.65725e-05 -5.39133e-06 0.00937176 -0.0171373 1.45885e-06 -0.000227654 -0.0171373 0.0846605 
0.00927027 -0.0171367 6.7746e-05 -2.78715e-05 -0.0171367 0.0848701 -3.43737e-05 -0.000163801 6.7746e-05 -3.43737e-05 0.0093856 -0.0171671 -2.78715e-05 -0.000163801 -0.0171671 0.0846973 
0.0092381 -0.01705 5.57229e-05 -1.99826e-05 -0.01705 0.084562 -2.71137e-05 -0.000144421 5.57229e-05 -2.71137e-05 0.00936149 -0.0171498 -1.99826e-05 -0.000144421 -0.0171498 0.0845743 
0.00924295 -0.0170299 4.95212e-05 -1.43143e-06 -0.0170299 0.0844705 -8.05206e-06 -0.000177823 4.95212e-05 -8.05206e-06 0.00934455 -0.017145 -1.43143e-06 -0.000177823 -0.017145 0.0845905 
0.00925069 -0.0170048 3.91945e-05 5.57503e-06 -0.0170048 0.0843084 2.66264e-06 -0.000208636 3.91945e-05 2.66264e-06 0.0093061 -0.0170999 5.57503e-06 -0.000208636 -0.0170999 0.0844409 
0.0100538 -0.0184661 5.8662e-05 1.40572e-05 -0.0184661 0.0914374 1.57675e-05 -0.000251482 5.8662e-05 1.57675e-05 0.0100666 -0.0185014 1.40572e-05 -0.000251482 -0.0185014 0.0914659 
0.0100482 -0.0184536 7.87994e-05 -9.2865e-06 -0.0184536 0.091282 -2.68319e-06 -0.000227005 7.87994e-05 -2.68319e-06 0.0100374 -0.0184233 -9.2865e-06 -0.000227005 -0.0184233 0.091143 
0.0100013 -0.0184205 7.60039e-05 -3.86202e-05 -0.0184205 0.0910596 -2.86162e-05 -0.000162865 7.60039e-05 -2.86162e-05 0.0100233 -0.0183559 -3.86202e-05 -0.000162865 -0.0183559 0.090791 
0.00998444 -0.0183702 6.10051e-05 -3.81697e-05 -0.0183702 0.0909008 -3.06994e-05 -0.000127457 6.10051e-05 -3.06994e-05 0.0100003 -0.018353 -3.81697e-05 -0.000127457 -0.018353 0.0906659 
0.00994317 -0.0183283 5.7631e-05 -1.75938e-05 -0.0183283 0.0906768 -1.48331e-05 -0.00014486 5.7631e-05 -1.48331e-05 0.00999266 -0.0183025 -1.75938e-05 -0.00014486 -0.0183025 0.0904567 
0.00990963 -0.018283 5.55691e-05 -1.30302e-05 -0.018283 0.0905131 -1.31313e-05 -0.000158908 5.55691e-05 -1.31313e-05 0.0100016 -0.018291 -1.30302e-05 -0.000158908 -0.018291 0.0903339 
0.00993657 -0.0182961 5.82869e-05 -7.99497e-06 -0.0182961 0.0906565 -1.16221e-05 -0.000169428 5.82869e-05 -1.16221e-05 0.0100151 -0.0183742 -7.99497e-06 -0.000169428 -0.0183742 0.0906316 
0.00995013 -0.0183011 5.24111e-05 -9.63287e-06 -0.0183011 0.0906373 -1.41641e-05 -0.000171342 5.24111e-05 -1.41641e-05 0.0100022 -0.0183694 -9.63287e-06 -0.000171342 -0.0183694 0.0906789 
0.00990788 -0.0182769 5.16584e-05 -9.77828e-06 -0.0182769 0.0904574 -8.81501e-06 -0.00016844 5.16584e-05 -8.81501e-06 0.00999876 -0.0183096 -9.77828e-06 -0.00016844 -0.0183096 0.0904545 
0.00989993 -0.0183161 4.00342e-05 -1.1113e-05 -0.0183161 0.0907438 -5.17776e-06 -0.00017104 4.00342e-05 -5.17776e-06 0.010047 -0.0183909 -1.1113e-05 -0.00017104 -0.0183909 0.0907713 
0.00993054 -0.0182916 3.34764e-05 -1.82307e-07 -0.0182916 0.0907864 7.43391e-06 -0.000186411 3.34764e-05 7.43391e-06 0.0100314 -0.0184403 -1.82307e-07 -0.000186411 -0.0184403 0.0909623 
0.00994803 -0.0182955 3.9661e-05 1.13898e-05 -0.0182955 0.0907087 1.32566e-05 -0.000207229 3.9661e-05 1.32566e-05 0.0100063 -0.0183962 1.13898e-05 -0.000207229 -0.0183962 0.0908944 
0.00995454 -0.0183011 3.74778e-05 9.24588e-06 -0.0183011 0.0906328 4.97345e-06 -0.000209927 3.74778e-05 4.97345e-06 0.00998023 -0.0183366 9.24588e-06 -0.000209927 -0.0183366 0.0906812 
0.00991194 -0.0182378 3.56697e-05 9.27385e-06 -0.0182378 0.0902541 5.13721e-06 -0.000205387 3.56697e-05 5.13721e-06 0.00993904 -0.0182277 9.27385e-06 -0.000205387 -0.0182277 0.0901623 
0.00987441 -0.0181869 3.08397e-05 7.00347e-06 -0.0181869 0.0900023 5.75069e-06 -0.000198231 3.08397e-05 5.75069e-06 0.00991477 -0.0181804 7.00347e-06 -0.000198231 -0.0181804 0.089863 
0.00981564 -0.0180948 3.88874e-05 8.62425e-06 -0.0180948 0.0895834 7.98854e-06 -0.000190962 3.88874e-05 7.98854e-06 0.00987917 -0.0181134 8.62425e-06 -0.000190962 -0.0181134 0.0894881 
0.00976292 -0.0180134 2.62948e-05 2.65151e-06 -0.0180134 0.0892282 1.62118e-06 -0.000182988 2.62948e-05 1.62118e-06 0.00985777 -0.0180606 2.65151e-06 -0.000182988 -0.0180606 0.0891993 
0.00978532 -0.018084 2.89436e-05 1.04416e-05 -0.018084 0.0896261 1.28557e-05 -0.000186027 2.89436e-05 1.28557e-05 0.00991591 -0.0181636 1.04416e-05 -0.000186027 -0.0181636 0.0896661 
0.00980153 -0.0181232 4.83288e-05 3.13023e-06 -0.0181232 0.0899065 1.35607e-05 -0.000184699 4.83288e-05 1.35607e-05 0.00995518 -0.0182433 3.13023e-06 -0.000184699 -0.0182433 0.0900315 
0.00982206 -0.0181412 5.92194e-05 -1.98561e-05 -0.0181412 0.0900687 -4.92119e-06 -0.000152973 5.92194e-05 -4.92119e-06 0.00997788 -0.0182952 -1.98561e-05 -0.000152973 -0.0182952 0.0902882 
0.00986038 -0.0181596 3.36503e-05 -3.45643e-05 -0.0181596 0.0901476 -1.95363e-05 -0.000110964 3.36503e-05 -1.95363e-05 0.00997071 -0.0183103 -3.45643e-05 -0.000110964 -0.0183103 0.090392 
0.00985531 -0.0181411 2.50932e-05 -3.90242e-06 -0.0181411 0.0899461 4.62367e-06 -0.000131614 2.50932e-05 4.62367e-06 0.00994149 -0.0182388 -3.90242e-06 -0.000131614 -0.0182388 0.0901131 
0.00986516 -0.0181622 2.15511e-05 1.40935e-05 -0.0181622 0.0899681 1.38181e-05 -0.00017258 2.15511e-05 1.38181e-05 0.00992439 -0.0182158 1.40935e-05 -0.00017258 -0.0182158 0.0900044 
0.00988385 -0.0181925 2.73971e-05 2.39462e-05 -0.0181925 0.0900867 1.77127e-05 -0.000201501 2.73971e-05 1.77127e-05 0.00991223 -0.0182188 2.39462e-05 -0.000201501 -0.0182188 0.0900336 
0.00989125 -0.0182113 4.76316e-05 2.17778e-05 -0.0182113 0.0901558 1.02213e-05 -0.000208125 4.76316e-05 1.02213e-05 0.0099015 -0.0182049 2.17778e-05 -0.000208125 -0.0182049 0.0900244 
0.00991901 -0.0182797 7.15872e-05 2.59358e-06 -0.0182797 0.0904891 -9.24986e-06 -0.000186957 7.15872e-05 -9.24986e-06 0.00992739 -0.0182476 2.59358e-06 -0.000186957 -0.0182476 0.0902824 
0.00994084 -0.0182783 7.19122e-05 -2.99284e-05 -0.0182783 0.0905179 -3.82983e-05 -0.000126182 7.19122e-05 -3.82983e-05 0.00990811 -0.0182412 -2.99284e-05 -0.000126182 -0.0182412 0.0902706 
0.00996182 -0.0183269 8.32838e-05 -3.2093e-05 -0.0183269 0.0906693 -4.08919e-05 -9.42662e-05 8.32838e-05 -4.08919e-05 0.00991487 -0.0182294 -3.2093e-05 -9.42662e-05 -0.0182294 0.0903067 
0.00996719 -0.0183219 7.53397e-05 -4.16176e-05 -0.0183219 0.0906272 -5.12178e-05 -7.68661e-05 7.53397e-05 -5.12178e-05 0.00991316 -0.0182038 -4.16176e-05 -7.68661e-05 -0.0182038 0.0901717 
0.0099459 -0.0182889 7.52135e-05 -3.78889e-05 -0.0182889 0.0904159 -4.48563e-05 -7.04425e-05 7.52135e-05 -4.48563e-05 0.0099061 -0.018164 -3.78889e-05 -7.04425e-05 -0.018164 0.0899244 
0.00995524 -0.0183287 8.85966e-05 -4.04818e-05 -0.0183287 0.0905953 -4.38098e-05 -6.90621e-05 8.85966e-05 -4.38098e-05 0.00994667 -0.0182198 -4.04818e-05 -6.90621e-05 -0.0182198 0.0901134 
0.00994004 -0.0183093 9.05343e-05 -5.40485e-05 -0.0183093 0.0905412 -5.74431e-05 -4.99327e-05 9.05343e-05 -5.74431e-05 0.00997273 -0.0182491 -5.40485e-05 -4.99327e-05 -0.0182491 0.0901585 
0.00995835 -0.0183406 7.69297e-05 -5.55922e-05 -0.0183406 0.0907484 -6.10893e-05 -3.55402e-05 7.69297e-05 -6.10893e-05 0.0100028 -0.0183523 -5.55922e-05 -3.55402e-05 -0.0183523 0.0905517 
0.00996411 -0.0183563 6.29625e-05 -3.52015e-05 -0.0183563 0.090853 -4.19689e-05 -6.59258e-05 6.29625e-05 -4.19689e-05 0.0100234 -0.0183939 -3.52015e-05 -6.59258e-05 -0.0183939 0.0907966 
0.00998964 -0.0184026 5.14677e-05 -1.44037e-05 -0.0184026 0.0911119 -1.90942e-05 -0.000123594 5.14677e-05 -1.90942e-05 0.0100552 -0.0184566 -1.44037e-05 -0.000123594 -0.0184566 0.0911281 
0.0100153 -0.0184089 4.13243e-05 1.41028e-06 -0.0184089 0.0911574 -3.16933e-06 -0.000176925 4.13243e-05 -3.16933e-06 0.0100527 -0.0184651 1.41028e-06 -0.000176925 -0.0184651 0.0911971 
0.0100157 -0.018432 6.26629e-05 1.7901e-05 -0.018432 0.0911771 1.38423e-05 -0.000230006 6.26629e-05 1.38423e-05 0.0100601 -0.0184412 1.7901e-05 -0.000230006 -0.0184412 0.0911343 
0.0100184 -0.018431 6.12176e-05 -7.31e-06 -0.018431 0.0911759 -8.76132e-06 -0.000217908 6.12176e-05 -8.76132e-06 0.0100611 -0.0184413 -7.31e-06 -0.000217908 -0.0184413 0.0910811 
0.00999488 -0.0183874 5.65399e-05 -1.31916e-05 -0.0183874 0.0909501 -1.04672e-05 -0.000192859 5.65399e-05 -1.04672e-05 0.0100292 -0.0184003 -1.31916e-05 -0.000192859 -0.0184003 0.0908522 
0.0100303 -0.0184345 5.84549e-05 -1.17617e-05 -0.0184345 0.0911771 -8.09313e-06 -0.00018353 5.84549e-05 -8.09313e-06 0.0100344 -0.0184424 -1.17617e-05 -0.00018353 -0.0184424 0.0910798 
