0.00692336 0 -3.55465e-05 0 0 0.00990533 0 0 -3.55465e-05 0 0.00707291 0 0 0 0 0.00990533 
0.00949664 -0.0117935 -3.77258e-05 4.53411e-05 -0.0117935 0.0313745 4.53411e-05 -8.69327e-05 -3.77258e-05 4.53411e-05 0.00962189 -0.0119377 4.53411e-05 -8.69327e-05 -0.0119377 0.0316511 
0.00986233 -0.018446 -1.6854e-05 1.98616e-05 -0.018446 0.0680115 1.98616e-05 -5.29823e-05 -1.6854e-05 1.98616e-05 0.00986561 -0.0183344 1.98616e-05 -5.29823e-05 -0.0183344 0.067572 
0.00934974 -0.018293 1.32279e-05 -2.75557e-05 -0.018293 0.0822119 -2.76726e-05 0.000172477 1.32279e-05 -2.76726e-05 0.00934958 -0.0178945 -2.75557e-05 0.000172477 -0.0178945 0.0801463 
0.00904969 -0.0171523 2.28099e-05 -5.84942e-05 -0.0171523 0.0832895 -5.76996e-05 0.000312081 2.28099e-05 -5.76996e-05 0.00909255 -0.0168445 -5.84942e-05 0.000312081 -0.0168445 0.0809044 
0.00922688 -0.0171832 1.78669e-05 -5.95458e-05 -0.0171832 0.0850152 -6.07751e-05 0.000317796 1.78669e-05 -6.07751e-05 0.00937982 -0.0170322 -5.95458e-05 0.000317796 -0.0170322 0.0831997 
0.0093797 -0.0173587 1.06647e-05 -4.91483e-05 -0.0173587 0.0861325 -5.30578e-05 0.000273526 1.06647e-05 -5.30578e-05 0.00958781 -0.017378 -4.91483e-05 0.000273526 -0.017378 0.0850458 
0.00958371 -0.0177274 -9.65106e-06 -3.56972e-05 -0.0177274 0.0879666 -4.19207e-05 0.000219774 -9.65106e-06 -4.19207e-05 0.00983249 -0.0178339 -3.56972e-05 0.000219774 -0.0178339 0.087396 
0.00938281 -0.0172985 -2.81438e-05 -7.94654e-06 -0.0172985 0.0858492 -1.77338e-05 0.0001505 -2.81438e-05 -1.77338e-05 0.00961024 -0.0174377 -7.94654e-06 0.0001505 -0.0174377 0.0855488 
0.00922277 -0.017048 -3.64697e-05 1.60421e-05 -0.017048 0.0844622 6.18683e-06 8.13051e-05 -3.64697e-05 6.18683e-06 0.00947441 -0.0171408 1.60421e-05 8.13051e-05 -0.0171408 0.0841521 
0.0095653 -0.0176717 -3.82999e-05 2.90805e-05 -0.0176717 0.0875711 1.842e-05 3.68265e-05 -3.82999e-05 1.842e-05 0.00982403 -0.0177942 2.90805e-05 3.68265e-05 -0.0177942 0.0872471 
0.0095633 -0.0176375 -3.71505e-05 2.95753e-05 -0.0176375 0.087363 1.91638e-05 1.77268e-05 -3.71505e-05 1.91638e-05 0.00977388 -0.01775 2.95753e-05 1.77268e-05 -0.01775 0.0870163 
0.00954101 -0.017602 -2.09224e-05 3.04835e-05 -0.017602 0.0870903 2.11671e-05 5.54864e-06 -2.09224e-05 2.11671e-05 0.00971506 -0.0176526 3.04835e-05 5.54864e-06 -0.0176526 0.0866264 
0.00950251 -0.0176138 -2.24228e-05 1.1191e-05 -0.0176138 0.0871096 2.76124e-06 2.74842e-05 -2.24228e-05 2.76124e-06 0.00972971 -0.0176202 1.1191e-05 2.74842e-05 -0.0176202 0.0865187 
0.00946105 -0.017506 -1.88878e-05 1.152e-05 -0.017506 0.0867316 7.11211e-06 3.5548e-05 -1.88878e-05 7.11211e-06 0.00970001 -0.0175751 1.152e-05 3.5548e-05 -0.0175751 0.0861884 
0.00943992 -0.0174724 -1.66003e-05 1.63583e-06 -0.0174724 0.0865633 -2.37992e-06 5.58012e-05 -1.66003e-05 -2.37992e-06 0.00968588 -0.0175687 1.63583e-06 5.58012e-05 -0.0175687 0.0861196 
0.00946489 -0.0175083 -1.79781e-05 -2.34895e-06 -0.0175083 0.0867468 -3.76224e-06 6.87417e-05 -1.79781e-05 -3.76224e-06 0.00968818 -0.0176081 -2.34895e-06 6.87417e-05 -0.0176081 0.0863401 
0.00951601 -0.0175327 -1.77228e-05 -5.55814e-06 -0.0175327 0.0868589 9.41563e-08 7.51379e-05 -1.77228e-05 9.41563e-08 0.00965604 -0.0176156 -5.55814e-06 7.51379e-05 -0.0176156 0.0864534 
0.00954894 -0.0175484 -2.1955e-05 -2.15858e-06 -0.0175484 0.0867817 5.85352e-06 6.3783e-05 -2.1955e-05 5.85352e-06 0.00958151 -0.0175302 -2.15858e-06 6.3783e-05 -0.0175302 0.0862202 
0.00953934 -0.017561 -1.5638e-05 6.82094e-06 -0.017561 0.0866741 1.14618e-05 4.49048e-05 -1.5638e-05 1.14618e-05 0.00953586 -0.0174059 6.82094e-06 4.49048e-05 -0.0174059 0.0858161 
0.0094746 -0.017509 -1.14393e-05 1.47126e-06 -0.017509 0.0864014 2.18838e-06 4.51986e-05 -1.14393e-05 2.18838e-06 0.0095233 -0.0173035 1.47126e-06 4.51986e-05 -0.0173035 0.0853287 
0.0094308 -0.017458 -4.51831e-06 -6.21277e-06 -0.017458 0.0862859 -6.18468e-06 6.39416e-05 -4.51831e-06 -6.18468e-06 0.0095479 -0.0173233 -6.21277e-06 6.39416e-05 -0.0173233 0.0852579 
0.00944619 -0.0174447 5.91569e-06 -1.67383e-05 -0.0174447 0.0863584 -1.32773e-05 8.67234e-05 5.91569e-06 -1.32773e-05 0.00956005 -0.017414 -1.67383e-05 8.67234e-05 -0.017414 0.085559 
0.00946546 -0.0174698 2.41898e-05 -2.7145e-05 -0.0174698 0.0864649 -2.03352e-05 0.00010505 2.41898e-05 -2.03352e-05 0.0095682 -0.0174492 -2.7145e-05 0.00010505 -0.0174492 0.0858067 
0.00947227 -0.0174898 2.24295e-05 -5.38022e-05 -0.0174898 0.0865482 -4.31829e-05 0.000154693 2.24295e-05 -4.31829e-05 0.00958511 -0.0174601 -5.38022e-05 0.000154693 -0.0174601 0.0859252 
0.00946356 -0.0174647 1.26069e-05 -5.6965e-05 -0.0174647 0.0864297 -4.63646e-05 0.000189629 1.26069e-05 -4.63646e-05 0.00956942 -0.0174363 -5.6965e-05 0.000189629 -0.0174363 0.0858029 
0.00945125 -0.0174593 4.83388e-06 -4.32817e-05 -0.0174593 0.0863853 -3.4585e-05 0.000180183 4.83388e-06 -3.4585e-05 0.00957421 -0.0174229 -4.32817e-05 0.000180183 -0.0174229 0.0857499 
0.00946879 -0.017471 7.29979e-06 -3.36776e-05 -0.017471 0.0864748 -2.60852e-05 0.000160545 7.29979e-06 -2.60852e-05 0.00958388 -0.0174572 -3.36776e-05 0.000160545 -0.0174572 0.0858694 
0.00949993 -0.0175206 -8.05107e-06 -3.56734e-05 -0.0175206 0.0866925 -2.84639e-05 0.000155849 -8.05107e-06 -2.84639e-05 0.00959356 -0.0175015 -3.56734e-05 0.000155849 -0.0175015 0.0861007 
0.0094804 -0.0175295 -9.81881e-06 -2.18103e-05 -0.0175295 0.086693 -1.13457e-05 0.000137551 -9.81881e-06 -1.13457e-05 0.00959658 -0.0174674 -2.18103e-05 0.000137551 -0.0174674 0.0860174 
0.00946088 -0.017524 1.09611e-06 -1.81746e-05 -0.017524 0.086752 -3.13679e-06 0.000114032 1.09611e-06 -3.13679e-06 0.00962286 -0.017491 -1.81746e-05 0.000114032 -0.017491 0.0860809 
0.00942349 -0.0174562 1.11396e-06 -3.31685e-05 -0.0174562 0.0865324 -1.91574e-05 0.000134027 1.11396e-06 -1.91574e-05 0.00964382 -0.0174898 -3.31685e-05 0.000134027 -0.0174898 0.085993 
0.00939199 -0.0173739 -6.44027e-06 -3.12015e-05 -0.0173739 0.0861937 -2.39122e-05 0.000151433 -6.44027e-06 -2.39122e-05 0.00965315 -0.0174929 -3.12015e-05 0.000151433 -0.0174929 0.0858693 
0.00940488 -0.0173974 -9.98146e-06 -1.96292e-05 -0.0173974 0.0862904 -2.11925e-05 0.00014918 -9.98146e-06 -2.11925e-05 0.00967909 -0.0175687 -1.96292e-05 0.00014918 -0.0175687 0.0861411 
0.0094244 -0.01742 -1.67141e-05 -8.42138e-06 -0.01742 0.0863937 -1.70521e-05 0.000130448 -1.67141e-05 -1.70521e-05 0.009675 -0.0176059 -8.42138e-06 0.000130448 -0.0176059 0.0863318 
0.00942625 -0.0174034 -3.21372e-05 2.08167e-07 -0.0174034 0.0862847 -1.39404e-05 0.000117205 -3.21372e-05 -1.39404e-05 0.00964041 -0.0175646 2.08167e-07 0.000117205 -0.0175646 0.0862197 
0.00944619 -0.0174074 -3.43809e-05 2.45666e-05 -0.0174074 0.0862452 9.98859e-06 6.59892e-05 -3.43809e-05 9.98859e-06 0.0095966 -0.0175202 2.45666e-05 6.59892e-05 -0.0175202 0.0860929 
0.00943614 -0.0174038 -4.8317e-05 3.12323e-05 -0.0174038 0.0861148 1.67949e-05 2.59063e-05 -4.8317e-05 1.67949e-05 0.00955401 -0.0174253 3.12323e-05 2.59063e-05 -0.0174253 0.085762 
0.00940535 -0.0174001 -5.17569e-05 4.74161e-05 -0.0174001 0.086061 3.39562e-05 -1.45571e-05 -5.17569e-05 3.39562e-05 0.00954451 -0.0173644 4.74161e-05 -1.45571e-05 -0.0173644 0.0855073 
0.00939946 -0.0173659 -3.55258e-05 5.13599e-05 -0.0173659 0.08598 3.6446e-05 -3.68716e-05 -3.55258e-05 3.6446e-05 0.00951096 -0.0173455 5.13599e-05 -3.68716e-05 -0.0173455 0.0853555 
0.00938274 -0.01733 -1.67814e-05 2.72527e-05 -0.01733 0.0857948 1.70827e-05 -8.44178e-06 -1.67814e-05 1.70827e-05 0.0094762 -0.0172859 2.72527e-05 -8.44178e-06 -0.0172859 0.0851288 
0.00939357 -0.0173099 -1.35372e-05 -5.21504e-06 -0.0173099 0.0856942 -5.78074e-06 5.65878e-05 -1.35372e-05 -5.78074e-06 0.0094398 -0.0172531 -5.21504e-06 5.65878e-05 -0.0172531 0.0849973 
0.0094161 -0.0173085 -2.41696e-05 -1.01843e-05 -0.0173085 0.0855988 -2.41684e-06 8.29437e-05 -2.41696e-05 -2.41684e-06 0.00939105 -0.0171982 -1.01843e-05 8.29437e-05 -0.0171982 0.0848156 
0.00944506 -0.0173447 -7.32401e-06 2.92418e-07 -0.0173447 0.0856408 1.36499e-05 6.81278e-05 -7.32401e-06 1.36499e-05 0.00933813 -0.0171442 2.92418e-07 6.81278e-05 -0.0171442 0.0846722 
0.0094427 -0.0173825 2.86831e-06 -1.25928e-05 -0.0173825 0.0857325 8.41277e-07 6.78592e-05 2.86831e-06 8.41277e-07 0.00932559 -0.0170902 -1.25928e-05 6.78592e-05 -0.0170902 0.0845516 
0.00940292 -0.0173631 -3.35134e-06 -2.34653e-05 -0.0173631 0.0856863 -1.51075e-05 9.4464e-05 -3.35134e-06 -1.51075e-05 0.00934889 -0.0170602 -2.34653e-05 9.4464e-05 -0.0170602 0.0844075 
0.00934975 -0.0172775 -1.40554e-05 -1.4518e-05 -0.0172775 0.0854147 -1.01437e-05 9.52813e-05 -1.40554e-05 -1.01437e-05 0.00937212 -0.0170672 -1.4518e-05 9.52813e-05 -0.0170672 0.084277 
0.00928424 -0.017194 -1.31447e-05 -2.46276e-06 -0.017194 0.0851011 3.91604e-07 7.70941e-05 -1.31447e-05 3.91604e-07 0.00940698 -0.0170898 -2.46276e-06 7.70941e-05 -0.0170898 0.0842282 
0.00925333 -0.0171417 -1.22278e-05 -8.10329e-06 -0.0171417 0.0849705 -5.70238e-06 8.36737e-05 -1.22278e-05 -5.70238e-06 0.00943822 -0.0171586 -8.10329e-06 8.36737e-05 -0.0171586 0.0843972 
0.00924211 -0.0171066 -1.99906e-05 -1.16234e-05 -0.0171066 0.0848709 -9.34013e-06 9.95523e-05 -1.99906e-05 -9.34013e-06 0.00944789 -0.0172033 -1.16234e-05 9.95523e-05 -0.0172033 0.0845507 
0.00923948 -0.0171005 -3.21496e-05 7.6405e-07 -0.0171005 0.0848585 2.46487e-06 8.57938e-05 -3.21496e-05 2.46487e-06 0.00946529 -0.0172331 7.6405e-07 8.57938e-05 -0.0172331 0.0847034 
0.009243 -0.0170908 -2.91184e-05 1.60308e-05 -0.0170908 0.0848169 1.61742e-05 5.66706e-05 -2.91184e-05 1.61742e-05 0.00946829 -0.0172432 1.60308e-05 5.66706e-05 -0.0172432 0.0847458 
0.00921897 -0.0170837 -1.82679e-05 1.06539e-05 -0.0170837 0.0847463 1.09233e-05 5.53188e-05 -1.82679e-05 1.09233e-05 0.00947363 -0.0172299 1.06539e-05 5.53188e-05 -0.0172299 0.0846893 
0.00923325 -0.017075 -1.69364e-05 -8.35399e-06 -0.017075 0.0847667 -4.0214e-06 8.80732e-05 -1.69364e-05 -4.0214e-06 0.00946144 -0.0172506 -8.35399e-06 8.80732e-05 -0.0172506 0.0847459 
0.00961815 -0.0177499 -2.12051e-05 -1.14055e-05 -0.0177499 0.0880743 -4.42745e-06 0.000112314 -2.12051e-05 -4.42745e-06 0.00981369 -0.0179091 -1.14055e-05 0.000112314 -0.0179091 0.0880492 
0.00962433 -0.0177442 -2.68526e-05 -1.6197e-06 -0.0177442 0.0879432 1.8535e-06 0.000100671 -2.68526e-05 1.8535e-06 0.00977304 -0.0178501 -1.6197e-06 0.000100671 -0.0178501 0.0878251 
0.00963076 -0.0177816 -2.97338e-05 7.53793e-06 -0.0177816 0.0880372 6.52742e-06 8.25988e-05 -2.97338e-05 6.52742e-06 0.00976232 -0.0178272 7.53793e-06 8.25988e-05 -0.0178272 0.0877803 
0.00960872 -0.0177934 -2.53254e-05 1.36593e-05 -0.0177934 0.0881011 1.13011e-05 6.42752e-05 -2.53254e-05 1.13011e-05 0.00977504 -0.017812 1.36593e-05 6.42752e-05 -0.017812 0.0877367 
0.00923753 -0.0170829 -1.61602e-05 8.90645e-06 -0.0170829 0.0846956 5.78718e-06 6.06094e-05 -1.61602e-05 5.78718e-06 0.00938335 -0.0171419 8.90645e-06 6.06094e-05 -0.0171419 0.0843702 
0.00926028 -0.0171003 -1.63364e-05 -3.55937e-06 -0.0171003 0.0847846 -5.06845e-06 8.04315e-05 -1.63364e-05 -5.06845e-06 0.00936818 -0.0171477 -3.55937e-06 8.04315e-05 -0.0171477 0.0844724 
0.00926309 -0.0171144 -1.78693e-05 -1.83537e-06 -0.0171144 0.0848115 -2.2342e-06 8.33889e-05 -1.78693e-05 -2.2342e-06 0.00936509 -0.0171162 -1.83537e-06 8.33889e-05 -0.0171162 0.0844291 
0.00924893 -0.0171233 -2.00584e-05 3.03291e-06 -0.0171233 0.0848659 2.62935e-06 7.01723e-05 -2.00584e-05 2.62935e-06 0.009384 -0.0171167 3.03291e-06 7.01723e-05 -0.0171167 0.0844319 
0.00922593 -0.0170453 -1.97218e-05 6.99378e-06 -0.0170453 0.0845704 5.25492e-06 5.75424e-05 -1.97218e-05 5.25492e-06 0.00935496 -0.017084 6.99378e-06 5.75424e-05 -0.017084 0.0841988 
0.00959087 -0.0177209 -1.54459e-05 1.05754e-05 -0.0177209 0.0878954 4.44646e-06 4.94443e-05 -1.54459e-05 4.44646e-06 0.00973996 -0.0177692 1.05754e-05 4.94443e-05 -0.0177692 0.0875801 
0.00956222 -0.017674 -2.72419e-05 4.75025e-06 -0.017674 0.087656 -2.17712e-06 5.36186e-05 -2.72419e-05 -2.17712e-06 0.00973199 -0.0177392 4.75025e-06 5.36186e-05 -0.0177392 0.0873893 
0.00955378 -0.0176398 -4.39763e-05 1.79802e-05 -0.0176398 0.087481 1.18886e-05 3.725e-05 -4.39763e-05 1.18886e-05 0.00970935 -0.0177209 1.79802e-05 3.725e-05 -0.0177209 0.0872486 
0.00955042 -0.0176298 -4.88649e-05 3.84585e-05 -0.0176298 0.0873783 3.4083e-05 -7.87535e-06 -4.88649e-05 3.4083e-05 0.00969938 -0.0176929 3.84585e-05 -7.87535e-06 -0.0176929 0.0871321 
0.00957876 -0.0176685 -2.48028e-05 4.77703e-05 -0.0176685 0.0875337 4.43891e-05 -4.88656e-05 -2.48028e-05 4.43891e-05 0.00969655 -0.0177233 4.77703e-05 -4.88656e-05 -0.0177233 0.0872584 
0.00961888 -0.0177349 1.14414e-05 1.91861e-05 -0.0177349 0.0878152 1.44105e-05 -2.135e-05 1.14414e-05 1.44105e-05 0.00968975 -0.0177564 1.91861e-05 -2.135e-05 -0.0177564 0.0874819 
0.00958995 -0.0177134 2.94805e-05 -2.70677e-05 -0.0177134 0.0876696 -3.5262e-05 7.60024e-05 2.94805e-05 -3.5262e-05 0.00966739 -0.0176764 -2.70677e-05 7.60024e-05 -0.0176764 0.0872187 
0.00960353 -0.0177525 3.65527e-05 -5.15439e-05 -0.0177525 0.0879067 -6.34667e-05 0.000166859 3.65527e-05 -6.34667e-05 0.00968743 -0.017713 -5.15439e-05 0.000166859 -0.017713 0.0873848 
0.00957303 -0.0177306 3.52452e-05 -5.90539e-05 -0.0177306 0.0878442 -6.69359e-05 0.000203821 3.52452e-05 -6.69359e-05 0.00970397 -0.0176966 -5.90539e-05 0.000203821 -0.0176966 0.087311 
0.00956853 -0.017663 2.05297e-05 -5.34595e-05 -0.017663 0.0876168 -5.80987e-05 0.000195757 2.05297e-05 -5.80987e-05 0.00968258 -0.0176934 -5.34595e-05 0.000195757 -0.0176934 0.0871901 
0.00957684 -0.0177031 8.50751e-06 -3.72554e-05 -0.0177031 0.0877383 -3.88153e-05 0.000161082 8.50751e-06 -3.88153e-05 0.00970841 -0.0177203 -3.72554e-05 0.000161082 -0.0177203 0.0873523 
0.00958165 -0.0176936 1.20692e-05 -2.34353e-05 -0.0176936 0.0877088 -2.4e-05 0.000123374 1.20692e-05 -2.4e-05 0.00969717 -0.0177225 -2.34353e-05 0.000123374 -0.0177225 0.0873343 
0.00958434 -0.0176946 1.4133e-05 -2.47914e-05 -0.0176946 0.0876793 -2.5518e-05 0.000106079 1.4133e-05 -2.5518e-05 0.00968327 -0.0177049 -2.47914e-05 0.000106079 -0.0177049 0.0872828 
0.00959156 -0.0177477 -4.67252e-06 -2.83562e-05 -0.0177477 0.087914 -2.90545e-05 0.000109475 -4.67252e-06 -2.90545e-05 0.00969808 -0.0177325 -2.83562e-05 0.000109475 -0.0177325 0.0874565 
0.00957802 -0.0177205 -2.12889e-05 -5.49209e-06 -0.0177205 0.0878684 -7.37229e-06 7.85617e-05 -2.12889e-05 -7.37229e-06 0.0096839 -0.0177208 -5.49209e-06 7.85617e-05 -0.0177208 0.0874145 
0.00955564 -0.0176496 -3.68263e-05 1.88141e-05 -0.0176496 0.0875776 1.56096e-05 2.04063e-05 -3.68263e-05 1.56096e-05 0.00964389 -0.0176692 1.88141e-05 2.04063e-05 -0.0176692 0.087189 
0.0095352 -0.0176241 -4.26835e-05 3.95662e-05 -0.0176241 0.0874186 3.46175e-05 -3.6365e-05 -4.26835e-05 3.46175e-05 0.00963182 -0.0176244 3.95662e-05 -3.6365e-05 -0.0176244 0.087037 
0.00954873 -0.0176101 -2.8255e-05 4.76465e-05 -0.0176101 0.0873643 4.4552e-05 -7.70407e-05 -2.8255e-05 4.4552e-05 0.00962013 -0.0176165 4.76465e-05 -7.70407e-05 -0.0176165 0.0869851 
0.00955595 -0.0176329 -2.38182e-05 3.00478e-05 -0.0176329 0.0873843 3.30426e-05 -7.38908e-05 -2.38182e-05 3.30426e-05 0.0096248 -0.0175998 3.00478e-05 -7.38908e-05 -0.0175998 0.0869376 
0.00954745 -0.0176387 -1.46274e-05 1.83619e-05 -0.0176387 0.0873831 2.55247e-05 -4.69924e-05 -1.46274e-05 2.55247e-05 0.0096294 -0.0175934 1.83619e-05 -4.69924e-05 -0.0175934 0.0868696 
0.00956519 -0.0176448 -1.56603e-05 1.11555e-05 -0.0176448 0.0874414 1.51391e-05 -2.62476e-05 -1.56603e-05 1.51391e-05 0.00962163 -0.0176158 1.11555e-05 -2.62476e-05 -0.0176158 0.0869282 
0.00957775 -0.0176787 -9.79512e-06 1.70706e-05 -0.0176787 0.0875605 1.4654e-05 -2.38909e-05 -9.79512e-06 1.4654e-05 0.00963592 -0.0176249 1.70706e-05 -2.38909e-05 -0.0176249 0.0870244 
0.00958496 -0.0177293 -7.52369e-06 1.0645e-05 -0.0177293 0.087809 1.73181e-06 -8.5374e-06 -7.52369e-06 1.73181e-06 0.00967953 -0.0176739 1.0645e-05 -8.5374e-06 -0.0176739 0.0872477 
0.00961127 -0.0177695 6.28845e-06 2.95189e-06 -0.0177695 0.088081 -5.14776e-06 1.59978e-05 6.28845e-06 -5.14776e-06 0.00971374 -0.0177515 2.95189e-06 1.59978e-05 -0.0177515 0.0875629 
0.00924033 -0.0170634 1.60894e-05 -1.89284e-05 -0.0170634 0.0846139 -2.24762e-05 6.10506e-05 1.60894e-05 -2.24762e-05 0.00932519 -0.017073 -1.89284e-05 6.10506e-05 -0.017073 0.0842033 
0.00924823 -0.0170871 1.7648e-05 -3.45659e-05 -0.0170871 0.0847178 -3.36723e-05 0.000105769 1.7648e-05 -3.36723e-05 0.00934232 -0.0170881 -3.45659e-05 0.000105769 -0.0170881 0.0843373 
0.00923325 -0.0170494 -1.12034e-06 -3.66656e-05 -0.0170494 0.0845435 -2.80548e-05 0.000115717 -1.12034e-06 -2.80548e-05 0.00932072 -0.0170523 -3.66656e-05 0.000115717 -0.0170523 0.0841606 
0.00959811 -0.0177582 2.08375e-06 -1.80206e-05 -0.0177582 0.0880399 -6.18603e-06 9.27622e-05 2.08375e-06 -6.18603e-06 0.00972061 -0.0177493 -1.80206e-05 9.27622e-05 -0.0177493 0.0876201 
0.0095752 -0.0176934 -5.44024e-06 -1.783e-05 -0.0176934 0.0878028 -7.94409e-06 7.42612e-05 -5.44024e-06 -7.94409e-06 0.00970628 -0.0177334 -1.783e-05 7.42612e-05 -0.0177334 0.087462 
0.00961047 -0.0177402 -1.48212e-05 -1.15621e-05 -0.0177402 0.0880198 -4.12103e-06 6.86325e-05 -1.48212e-05 -4.12103e-06 0.00972556 -0.0177928 -1.15621e-05 6.86325e-05 -0.0177928 0.0877439 
0.00919794 -0.0170379 -2.08416e-05 -7.67652e-07 -0.0170379 0.0844769 4.53638e-06 5.26661e-05 -2.08416e-05 4.53638e-06 0.00934942 -0.0170542 -7.67652e-07 5.26661e-05 -0.0170542 0.0841615 
0.00958777 -0.0177089 -3.24511e-05 1.2148e-05 -0.0177089 0.0879126 1.85843e-05 2.16801e-05 -3.24511e-05 1.85843e-05 0.00972972 -0.0177726 1.2148e-05 2.16801e-05 -0.0177726 0.0876153 
0.0095838 -0.017726 -5.11278e-05 2.48034e-05 -0.017726 0.0879322 3.21106e-05 -1.27798e-05 -5.11278e-05 3.21106e-05 0.00974731 -0.0177765 2.48034e-05 -1.27798e-05 -0.0177765 0.0876467 
0.00955503 -0.0176295 -5.16554e-05 4.7271e-05 -0.0176295 0.0874807 5.41913e-05 -6.00555e-05 -5.16554e-05 5.41913e-05 0.00970924 -0.0177076 4.7271e-05 -6.00555e-05 -0.0177076 0.0872386 
0.00954002 -0.0176103 -6.69203e-05 5.00258e-05 -0.0176103 0.0872835 5.21377e-05 -8.11003e-05 -6.69203e-05 5.21377e-05 0.00968884 -0.017671 5.00258e-05 -8.11003e-05 -0.017671 0.08703 
0.00954559 -0.0176465 -6.79143e-05 6.428e-05 -0.0176465 0.0874241 6.14872e-05 -9.32793e-05 -6.79143e-05 6.14872e-05 0.0097052 -0.0176976 6.428e-05 -9.32793e-05 -0.0176976 0.0871375 
0.00955372 -0.0176493 -4.42417e-05 6.41968e-05 -0.0176493 0.087466 6.24145e-05 -9.85143e-05 -4.42417e-05 6.24145e-05 0.00969998 -0.0177105 6.41968e-05 -9.85143e-05 -0.0177105 0.0871783 
0.0095759 -0.0176638 -3.12542e-05 3.08139e-05 -0.0176638 0.0875184 3.65261e-05 -5.31109e-05 -3.12542e-05 3.65261e-05 0.00967544 -0.0177108 3.08139e-05 -5.31109e-05 -0.0177108 0.0872135 
0.00956766 -0.0176966 -1.97901e-05 1.27284e-05 -0.0176966 0.0876107 2.55053e-05 -5.53431e-06 -1.97901e-05 2.55053e-05 0.00967838 -0.0176839 1.27284e-05 -5.53431e-06 -0.0176839 0.0872005 
0.00955902 -0.0177146 -1.69552e-05 -4.5666e-06 -0.0177146 0.0877785 9.25872e-06 4.05326e-05 -1.69552e-05 9.25872e-06 0.0097082 -0.0177141 -4.5666e-06 4.05326e-05 -0.0177141 0.0873317 
0.00958683 -0.0177438 -3.09738e-05 -4.89879e-06 -0.0177438 0.0880521 9.07252e-07 6.80253e-05 -3.09738e-05 9.07252e-07 0.00974411 -0.0178069 -4.89879e-06 6.80253e-05 -0.0178069 0.0877213 
0.00955364 -0.0176672 -3.34684e-05 1.70933e-05 -0.0176672 0.0877044 1.35216e-05 5.12662e-05 -3.34684e-05 1.35216e-05 0.00973083 -0.0177579 1.70933e-05 5.12662e-05 -0.0177579 0.0875029 
0.00951727 -0.0176016 -2.54048e-05 2.53525e-05 -0.0176016 0.0873679 1.79139e-05 2.49001e-05 -2.54048e-05 1.79139e-05 0.0097203 -0.0177162 2.53525e-05 2.49001e-05 -0.0177162 0.0872557 
0.00953161 -0.0176348 1.68815e-08 1.53948e-05 -0.0176348 0.0875333 9.18808e-06 2.97808e-05 1.68815e-08 9.18808e-06 0.00974894 -0.0177827 1.53948e-05 2.97808e-05 -0.0177827 0.0875098 
0.00955244 -0.0176599 1.48842e-05 -2.27542e-05 -0.0176599 0.0876779 -2.35987e-05 9.5601e-05 1.48842e-05 -2.35987e-05 0.0097425 -0.0178292 -2.27542e-05 9.5601e-05 -0.0178292 0.0877304 
0.00954821 -0.0176605 2.20437e-05 -5.15418e-05 -0.0176605 0.0876672 -4.53972e-05 0.000176739 2.20437e-05 -4.53972e-05 0.00972795 -0.0177976 -5.15418e-05 0.000176739 -0.0177976 0.0877014 
0.00956582 -0.0176389 3.04283e-05 -6.08387e-05 -0.0176389 0.0875813 -4.91247e-05 0.000215929 3.04283e-05 -4.91247e-05 0.00968543 -0.0177617 -6.08387e-05 0.000215929 -0.0177617 0.0875743 
0.00958286 -0.0176549 3.28372e-05 -7.22777e-05 -0.0176549 0.0875421 -5.7489e-05 0.000244008 3.28372e-05 -5.7489e-05 0.00965219 -0.017696 -7.22777e-05 0.000244008 -0.017696 0.0873846 
0.00955184 -0.0176369 1.01677e-05 -7.30216e-05 -0.0176369 0.0873684 -5.93793e-05 0.000255486 1.01677e-05 -5.93793e-05 0.00962866 -0.017614 -7.30216e-05 0.000255486 -0.017614 0.087035 
0.00949711 -0.0175695 -6.68709e-06 -4.09838e-05 -0.0175695 0.0870759 -2.9838e-05 0.000206693 -6.68709e-06 -2.9838e-05 0.00960861 -0.0175522 -4.09838e-05 0.000206693 -0.0175522 0.0866775 
0.00943252 -0.0174629 -1.94433e-05 -1.52682e-05 -0.0174629 0.0866382 -9.05711e-06 0.000139677 -1.94433e-05 -9.05711e-06 0.00958756 -0.0174967 -1.52682e-05 0.000139677 -0.0174967 0.0863196 
0.00942161 -0.0173903 -1.87689e-05 4.72085e-06 -0.0173903 0.0863387 6.23833e-06 8.30942e-05 -1.87689e-05 6.23833e-06 0.00954217 -0.0174749 4.72085e-06 8.30942e-05 -0.0174749 0.0861397 
0.00942542 -0.017366 -2.2553e-05 1.41683e-05 -0.017366 0.0861422 7.97118e-06 4.40723e-05 -2.2553e-05 7.97118e-06 0.00949926 -0.017423 1.41683e-05 4.40723e-05 -0.017423 0.0859683 
0.0094143 -0.0173977 -1.77995e-05 2.17493e-05 -0.0173977 0.0861982 7.96334e-06 2.60322e-05 -1.77995e-05 7.96334e-06 0.00949624 -0.0173968 2.17493e-05 2.60322e-05 -0.0173968 0.0859287 
0.009384 -0.0173622 -1.10468e-05 1.24729e-05 -0.0173622 0.0860974 -2.97474e-06 3.92373e-05 -1.10468e-05 -2.97474e-06 0.00949481 -0.0173762 1.24729e-05 3.92373e-05 -0.0173762 0.0858145 
0.00939885 -0.0173575 -9.22536e-06 -1.41798e-06 -0.0173575 0.0861601 -1.47264e-05 7.24292e-05 -9.22536e-06 -1.47264e-05 0.00949655 -0.0174186 -1.41798e-06 7.24292e-05 -0.0174186 0.0859739 
0.00940103 -0.0173282 -5.76807e-06 -1.00143e-05 -0.0173282 0.0860005 -2.01668e-05 0.000105037 -5.76807e-06 -2.01668e-05 0.00947456 -0.0173923 -1.00143e-05 0.000105037 -0.0173923 0.0858958 
0.00941953 -0.017368 4.04066e-06 -1.34895e-05 -0.017368 0.0861263 -2.35731e-05 0.000121329 4.04066e-06 -2.35731e-05 0.00948709 -0.0174074 -1.34895e-05 0.000121329 -0.0174074 0.0860186 
0.00943949 -0.0173961 5.88045e-06 -2.45352e-05 -0.0173961 0.0862312 -3.16626e-05 0.000138802 5.88045e-06 -3.16626e-05 0.00948521 -0.0174148 -2.45352e-05 0.000138802 -0.0174148 0.0860704 
0.00945452 -0.0174276 5.45435e-06 -2.66894e-05 -0.0174276 0.0863248 -2.74474e-05 0.000139881 5.45435e-06 -2.74474e-05 0.00946923 -0.0173928 -2.66894e-05 0.000139881 -0.0173928 0.0860246 
0.00945017 -0.0174434 -1.40281e-05 -2.58915e-05 -0.0174434 0.0863759 -1.91473e-05 0.00012487 -1.40281e-05 -1.91473e-05 0.00946611 -0.0173634 -2.58915e-05 0.00012487 -0.0173634 0.0859287 
0.00945651 -0.0174775 -2.13462e-05 -2.58737e-06 -0.0174775 0.086586 8.12255e-06 7.74316e-05 -2.13462e-05 8.12255e-06 0.00949527 -0.0174002 -2.58737e-06 7.74316e-05 -0.0174002 0.0860798 
0.00946729 -0.0174827 -8.97101e-07 7.63916e-06 -0.0174827 0.0866755 1.58434e-05 3.9427e-05 -8.97101e-07 1.58434e-05 0.0095033 -0.0174304 7.63916e-06 3.9427e-05 -0.0174304 0.0861893 
0.0094438 -0.0174421 1.87648e-05 -1.42805e-05 -0.0174421 0.086478 -7.15418e-06 5.55355e-05 1.87648e-05 -7.15418e-06 0.00949268 -0.017393 -1.42805e-05 5.55355e-05 -0.017393 0.0860181 
0.00939842 -0.0174266 6.33237e-06 -3.47422e-05 -0.0174266 0.0864071 -3.38583e-05 0.00010401 6.33237e-06 -3.38583e-05 0.00952541 -0.0173862 -3.47422e-05 0.00010401 -0.0173862 0.0859572 
0.00939159 -0.0174225 8.96847e-07 -1.90231e-05 -0.0174225 0.0865437 -2.7528e-05 0.000114671 8.96847e-07 -2.7528e-05 0.00956851 -0.0174778 -1.90231e-05 0.000114671 -0.0174778 0.0862443 
0.00939807 -0.017426 5.5212e-06 -7.46715e-06 -0.017426 0.0866576 -2.01924e-05 9.30147e-05 5.5212e-06 -2.01924e-05 0.0095972 -0.0175495 -7.46715e-06 9.30147e-05 -0.0175495 0.0865497 
0.00938375 -0.0173774 8.12691e-06 -8.99677e-06 -0.0173774 0.0864634 -2.21599e-05 8.17604e-05 8.12691e-06 -2.21599e-05 0.00958734 -0.0175386 -8.99677e-06 8.17604e-05 -0.0175386 0.0865053 
0.00935175 -0.017307 7.48886e-07 -1.32404e-05 -0.017307 0.0861093 -2.4984e-05 8.44811e-05 7.48886e-07 -2.4984e-05 0.00956596 -0.0174854 -1.32404e-05 8.44811e-05 -0.0174854 0.0862489 
0.00935272 -0.0172803 -7.73392e-06 -7.85796e-06 -0.0172803 0.0859527 -1.57132e-05 7.73875e-05 -7.73392e-06 -1.57132e-05 0.00953997 -0.0174716 -7.85796e-06 7.73875e-05 -0.0174716 0.0861495 
0.00937185 -0.0172898 -1.67438e-05 -4.79389e-06 -0.0172898 0.0859291 -5.34123e-06 6.6555e-05 -1.67438e-05 -5.34123e-06 0.00950494 -0.0174525 -4.79389e-06 6.6555e-05 -0.0174525 0.0861115 
0.00937633 -0.0173063 -1.45405e-05 1.65487e-06 -0.0173063 0.08592 9.02755e-06 4.66465e-05 -1.45405e-05 9.02755e-06 0.00948594 -0.0174018 1.65487e-06 4.66465e-05 -0.0174018 0.085984 
0.00939055 -0.0173488 -1.83069e-05 -2.07686e-06 -0.0173488 0.0860915 9.01863e-06 4.13783e-05 -1.83069e-05 9.01863e-06 0.00949359 -0.0174009 -2.07686e-06 4.13783e-05 -0.0174009 0.0860124 
0.00943041 -0.01739 -2.53522e-05 5.62053e-06 -0.01739 0.086312 1.36443e-05 3.14967e-05 -2.53522e-05 1.36443e-05 0.00949271 -0.017436 5.62053e-06 3.14967e-05 -0.017436 0.0861709 
0.00942878 -0.0173778 -2.23711e-05 1.74809e-05 -0.0173778 0.0861817 1.7712e-05 1.42208e-05 -2.23711e-05 1.7712e-05 0.00945469 -0.0173746 1.74809e-05 1.42208e-05 -0.0173746 0.0859473 
0.00942043 -0.0173724 -4.79262e-06 1.42377e-05 -0.0173724 0.0860916 1.32075e-05 1.12838e-05 -4.79262e-06 1.32075e-05 0.00942676 -0.0173149 1.42377e-05 1.12838e-05 -0.0173149 0.085719 
0.00938449 -0.0173282 1.02425e-05 -9.81963e-06 -0.0173282 0.0858541 -5.4595e-06 4.51663e-05 1.02425e-05 -5.4595e-06 0.00939719 -0.0172374 -9.81963e-06 4.51663e-05 -0.0172374 0.0853589 
0.00936501 -0.0173133 1.56722e-05 -3.49664e-05 -0.0173133 0.085818 -2.50095e-05 0.000102743 1.56722e-05 -2.50095e-05 0.00940321 -0.0172325 -3.49664e-05 0.000102743 -0.0172325 0.0852943 
0.00934061 -0.0172917 -4.81884e-06 -4.38728e-05 -0.0172917 0.085772 -3.24198e-05 0.000142462 -4.81884e-06 -3.24198e-05 0.00941786 -0.0172438 -4.38728e-05 0.000142462 -0.0172438 0.0852997 
0.00935926 -0.0172632 -2.63508e-05 -1.70771e-05 -0.0172632 0.0857243 -5.3424e-06 0.000113359 -2.63508e-05 -5.3424e-06 0.00939955 -0.0172763 -1.70771e-05 0.000113359 -0.0172763 0.0853895 
0.0093616 -0.0172734 -3.4088e-05 1.61026e-05 -0.0172734 0.0856793 2.50013e-05 3.82608e-05 -3.4088e-05 2.50013e-05 0.0093877 -0.0172453 1.61026e-05 3.82608e-05 -0.0172453 0.08535 
0.00931522 -0.017248 -4.03056e-05 3.09078e-05 -0.017248 0.0855248 3.54681e-05 -1.85359e-05 -4.03056e-05 3.54681e-05 0.00939641 -0.017194 3.09078e-05 -1.85359e-05 -0.017194 0.0851294 
0.00927706 -0.0171724 -4.54161e-05 3.86954e-05 -0.0171724 0.0852757 4.30648e-05 -5.10635e-05 -4.54161e-05 4.30648e-05 0.00939665 -0.0171911 3.86954e-05 -5.10635e-05 -0.0171911 0.0849732 
0.00925676 -0.0171243 -4.33969e-05 4.01719e-05 -0.0171243 0.0850905 4.68474e-05 -6.18309e-05 -4.33969e-05 4.68474e-05 0.00939992 -0.0172067 4.01719e-05 -6.18309e-05 -0.0172067 0.0849662 
0.00929548 -0.0171826 -4.81977e-05 3.5286e-05 -0.0171826 0.0853821 4.08636e-05 -5.21658e-05 -4.81977e-05 4.08636e-05 0.00943844 -0.0172981 3.5286e-05 -5.21658e-05 -0.0172981 0.085388 
0.00932307 -0.0172091 -3.50507e-05 4.11537e-05 -0.0172091 0.0854861 4.42676e-05 -5.2246e-05 -3.50507e-05 4.42676e-05 0.00943658 -0.0173222 4.11537e-05 -5.2246e-05 -0.0173222 0.0855341 
0.00932829 -0.0172354 -1.80537e-05 2.97063e-05 -0.0172354 0.0855429 3.17698e-05 -4.03041e-05 -1.80537e-05 3.17698e-05 0.00943597 -0.0173035 2.97063e-05 -4.03041e-05 -0.0173035 0.0855199 
