0.00713747 0 1.34548e-05 0 0 0.00998549 0 0 1.34548e-05 0 0.00695068 0 0 0 0 0.00998549 
0.00969811 -0.0120331 1.20453e-05 -1.28039e-05 -0.0120331 0.0318933 -1.28039e-05 2.48096e-05 1.20453e-05 -1.28039e-05 0.00951953 -0.0118203 -1.28039e-05 2.48096e-05 -0.0118203 0.031486 
0.00993288 -0.0184335 2.25448e-05 2.64082e-05 -0.0184335 0.0679236 2.64082e-05 -9.62071e-05 2.25448e-05 2.64082e-05 0.0098364 -0.0183941 2.64082e-05 -9.62071e-05 -0.0183941 0.0678645 
0.00932629 -0.0178062 4.88018e-05 1.28328e-05 -0.0178062 0.0796821 9.96764e-06 -0.000175037 4.88018e-05 9.96764e-06 0.00923239 -0.0180395 1.28328e-05 -0.000175037 -0.0180395 0.0811153 
0.00911194 -0.0167655 6.37763e-05 -3.71116e-05 -0.0167655 0.0803938 -4.33041e-05 -5.88201e-05 6.37763e-05 -4.33041e-05 0.00891459 -0.016957 -3.71116e-05 -5.88201e-05 -0.016957 0.0823361 
0.00988832 -0.0179205 6.32959e-05 -6.76346e-05 -0.0179205 0.0872083 -7.66942e-05 6.86288e-05 6.32959e-05 -7.66942e-05 0.00959085 -0.0179068 -6.76346e-05 6.86288e-05 -0.0179068 0.0887245 
0.00960697 -0.0174509 3.04055e-05 -5.35372e-05 -0.0174509 0.0851694 -6.56904e-05 9.90034e-05 3.04055e-05 -6.56904e-05 0.00933782 -0.0172808 -5.35372e-05 9.90034e-05 -0.0172808 0.0858913 
0.0101756 -0.01855 7.39834e-06 -1.45616e-05 -0.01855 0.0908684 -2.98599e-05 4.94884e-05 7.39834e-06 -2.98599e-05 0.00998417 -0.0183766 -1.45616e-05 4.94884e-05 -0.0183766 0.0912436 
0.00998616 -0.0181576 -7.0295e-06 1.72449e-05 -0.0181576 0.0892501 1.57828e-06 -3.10353e-05 -7.0295e-06 1.57828e-06 0.00981927 -0.0180992 1.72449e-05 -3.10353e-05 -0.0180992 0.0896481 
0.00991157 -0.0179741 -4.24855e-06 3.58334e-05 -0.0179741 0.0883812 2.44026e-05 -9.8887e-05 -4.24855e-06 2.44026e-05 0.00971785 -0.0179633 3.58334e-05 -9.8887e-05 -0.0179633 0.0889185 
0.00985842 -0.0178441 -8.76989e-06 2.6699e-05 -0.0178441 0.0876566 2.30342e-05 -0.000112876 -8.76989e-06 2.30342e-05 0.00961795 -0.017809 2.6699e-05 -0.000112876 -0.017809 0.0882172 
0.00978229 -0.0177406 -2.57284e-05 2.77805e-05 -0.0177406 0.0870317 3.42634e-05 -0.000125644 -2.57284e-05 3.42634e-05 0.00954577 -0.0176487 2.77805e-05 -0.000125644 -0.0176487 0.0875061 
0.00973561 -0.0177183 -2.30285e-05 4.57061e-05 -0.0177183 0.0869159 5.89665e-05 -0.000166343 -2.30285e-05 5.89665e-05 0.00953802 -0.017607 4.57061e-05 -0.000166343 -0.017607 0.0872926 
0.00969657 -0.0176555 -7.25953e-06 4.03774e-05 -0.0176555 0.0867334 5.46564e-05 -0.000176837 -7.25953e-06 5.46564e-05 0.00953656 -0.0175882 4.03774e-05 -0.000176837 -0.0175882 0.0871355 
0.00967727 -0.0176071 9.77475e-06 1.83405e-05 -0.0176071 0.0865707 2.72312e-05 -0.000130483 9.77475e-06 2.72312e-05 0.00953558 -0.0175909 1.83405e-05 -0.000130483 -0.0175909 0.0870755 
0.00964878 -0.0175592 8.66558e-06 -4.81011e-06 -0.0175592 0.0863461 5.6784e-07 -6.28008e-05 8.66558e-06 5.6784e-07 0.00954162 -0.017571 -4.81011e-06 -6.28008e-05 -0.017571 0.0869432 
0.00964293 -0.017543 2.93748e-06 -4.2124e-06 -0.017543 0.0862898 -1.38757e-06 -3.0292e-05 2.93748e-06 -1.38757e-06 0.00954955 -0.0176053 -4.2124e-06 -3.0292e-05 -0.0176053 0.0870086 
0.0096304 -0.0175145 7.93757e-06 8.85385e-06 -0.0175145 0.0861482 7.86788e-06 -4.27682e-05 7.93757e-06 7.86788e-06 0.00953837 -0.0175964 8.85385e-06 -4.27682e-05 -0.0175964 0.0869529 
0.00963633 -0.0175411 -2.61089e-07 1.07113e-05 -0.0175411 0.0862626 5.69833e-06 -5.85088e-05 -2.61089e-07 5.69833e-06 0.00955261 -0.0176207 1.07113e-05 -5.85088e-05 -0.0176207 0.0870882 
0.00964901 -0.0175568 6.66202e-06 2.13939e-05 -0.0175568 0.0863519 1.59943e-05 -8.02311e-05 6.66202e-06 1.59943e-05 0.00955379 -0.0176329 2.13939e-05 -8.02311e-05 -0.0176329 0.0871603 
0.00964667 -0.0175403 5.44292e-06 1.18941e-05 -0.0175403 0.086256 7.31723e-06 -7.74507e-05 5.44292e-06 7.31723e-06 0.00954081 -0.0175992 1.18941e-05 -7.74507e-05 -0.0175992 0.0870256 
0.00967972 -0.0175808 1.48784e-05 1.19897e-05 -0.0175808 0.0864244 5.4674e-06 -6.8828e-05 1.48784e-05 5.4674e-06 0.00954633 -0.0176313 1.19897e-05 -6.8828e-05 -0.0176313 0.0871692 
0.0097138 -0.0176885 1.5769e-05 8.84192e-07 -0.0176885 0.0868891 -1.00663e-05 -4.27691e-05 1.5769e-05 -1.00663e-05 0.00959245 -0.0177049 8.84192e-07 -4.27691e-05 -0.0177049 0.0875757 
0.00967945 -0.0176484 1.15992e-05 -5.63585e-06 -0.0176484 0.0867776 -1.50931e-05 -1.23902e-05 1.15992e-05 -1.50931e-05 0.00960485 -0.017691 -5.63585e-06 -1.23902e-05 -0.017691 0.0874886 
0.00968301 -0.0176391 -1.13018e-06 -7.54724e-07 -0.0176391 0.0868225 -7.37082e-06 -1.23748e-05 -1.13018e-06 -7.37082e-06 0.00963261 -0.0177451 -7.54724e-07 -1.23748e-05 -0.0177451 0.0876642 
0.00970247 -0.0175911 7.04164e-06 1.33942e-05 -0.0175911 0.0866059 5.82215e-06 -3.27992e-05 7.04164e-06 5.82215e-06 0.00958557 -0.0177382 1.33942e-05 -3.27992e-05 -0.0177382 0.0875888 
0.00972156 -0.0175962 1.95551e-05 5.50922e-06 -0.0175962 0.0864648 -3.02967e-06 -3.17672e-05 1.95551e-05 -3.02967e-06 0.00952948 -0.0176702 5.50922e-06 -3.17672e-05 -0.0176702 0.0874004 
0.00975332 -0.0176243 3.40853e-05 -1.10414e-05 -0.0176243 0.086449 -1.83368e-05 -1.05579e-06 3.40853e-05 -1.83368e-05 0.00948494 -0.017588 -1.10414e-05 -1.05579e-06 -0.017588 0.087149 
0.00976096 -0.0176967 1.54102e-05 -2.83709e-05 -0.0176967 0.0866546 -3.18211e-05 3.50592e-05 1.54102e-05 -3.18211e-05 0.00950113 -0.0175567 -2.83709e-05 3.50592e-05 -0.0175567 0.0870755 
0.00975213 -0.0177182 1.0983e-05 -8.21943e-06 -0.0177182 0.0868027 -8.6947e-06 1.7416e-05 1.0983e-05 -8.6947e-06 0.00951525 -0.0175749 -8.21943e-06 1.7416e-05 -0.0175749 0.0870846 
0.00971034 -0.0176991 1.09414e-05 -4.2037e-06 -0.0176991 0.0867988 -9.02357e-07 -7.42579e-06 1.09414e-05 -9.02357e-07 0.00954315 -0.0175848 -4.2037e-06 -7.42579e-06 -0.0175848 0.0870871 
0.00965468 -0.0176157 -1.34861e-05 -4.88541e-06 -0.0176157 0.0865588 5.16274e-06 -2.31146e-05 -1.34861e-05 5.16274e-06 0.00955282 -0.0175865 -4.88541e-06 -2.31146e-05 -0.0175865 0.0869847 
0.00960971 -0.0175385 -1.93262e-05 2.41276e-05 -0.0175385 0.0863057 3.71936e-05 -7.57605e-05 -1.93262e-05 3.71936e-05 0.00956182 -0.017597 2.41276e-05 -7.57605e-05 -0.017597 0.0869451 
0.00959487 -0.0174855 -4.21721e-06 3.32323e-05 -0.0174855 0.0861245 4.67779e-05 -0.000121154 -4.21721e-06 4.67779e-05 0.00956163 -0.0176136 3.32323e-05 -0.000121154 -0.0176136 0.0869656 
0.00958412 -0.0174505 7.22106e-06 1.54412e-05 -0.0174505 0.085942 2.73571e-05 -0.000108824 7.22106e-06 2.73571e-05 0.00953921 -0.0175995 1.54412e-05 -0.000108824 -0.0175995 0.0868987 
0.00958907 -0.0174743 1.71339e-05 2.20004e-06 -0.0174743 0.0860303 1.2162e-05 -7.62493e-05 1.71339e-05 1.2162e-05 0.00954167 -0.0176118 2.20004e-06 -7.62493e-05 -0.0176118 0.0870113 
0.00958254 -0.0174531 -5.47627e-07 -6.42982e-06 -0.0174531 0.0859478 -1.6768e-06 -4.69591e-05 -5.47627e-07 -1.6768e-06 0.0095163 -0.0175826 -6.42982e-06 -4.69591e-05 -0.0175826 0.0869083 
0.0095912 -0.0174167 -3.63159e-06 1.8753e-05 -0.0174167 0.0857611 1.94819e-05 -7.46611e-05 -3.63159e-06 1.94819e-05 0.00946 -0.0175232 1.8753e-05 -7.46611e-05 -0.0175232 0.0866767 
0.00960655 -0.0174755 3.5529e-06 2.15016e-05 -0.0174755 0.0859181 2.37511e-05 -9.89619e-05 3.5529e-06 2.37511e-05 0.00944967 -0.0174891 2.15016e-05 -9.89619e-05 -0.0174891 0.0866567 
0.00958297 -0.0174929 8.31035e-06 1.10342e-05 -0.0174929 0.0860019 1.09581e-05 -8.4803e-05 8.31035e-06 1.09581e-05 0.00947085 -0.0174612 1.10342e-05 -8.4803e-05 -0.0174612 0.0865626 
0.00951873 -0.0173858 9.97574e-06 3.84147e-06 -0.0173858 0.085611 4.74957e-07 -5.74486e-05 9.97574e-06 4.74957e-07 0.0094542 -0.0174097 3.84147e-06 -5.74486e-05 -0.0174097 0.0861865 
0.00952883 -0.0173708 2.67088e-05 -4.09172e-06 -0.0173708 0.0856019 -7.99521e-06 -2.59884e-05 2.67088e-05 -7.99521e-06 0.00946239 -0.0174425 -4.09172e-06 -2.59884e-05 -0.0174425 0.086266 
0.00953954 -0.0173716 3.27929e-05 -2.67405e-05 -0.0173716 0.0855719 -2.73257e-05 1.90494e-05 3.27929e-05 -2.73257e-05 0.0094626 -0.017451 -2.67405e-05 1.90494e-05 -0.017451 0.0862957 
0.00958444 -0.0174048 4.1084e-05 -3.4138e-05 -0.0174048 0.0856761 -3.04983e-05 4.72312e-05 4.1084e-05 -3.04983e-05 0.00944349 -0.0174695 -3.4138e-05 4.72312e-05 -0.0174695 0.0863931 
0.00962503 -0.0174424 5.47846e-05 -4.01799e-05 -0.0174424 0.0857224 -3.76988e-05 6.04389e-05 5.47846e-05 -3.76988e-05 0.00939959 -0.0174298 -4.01799e-05 6.04389e-05 -0.0174298 0.0863144 
0.00964283 -0.0174943 6.49015e-05 -5.47509e-05 -0.0174943 0.0858196 -5.79094e-05 9.39139e-05 6.49015e-05 -5.79094e-05 0.00937661 -0.0173665 -5.47509e-05 9.39139e-05 -0.0173665 0.0861501 
0.00961105 -0.0175052 6.44378e-05 -6.0571e-05 -0.0175052 0.0858444 -6.83063e-05 0.000116676 6.44378e-05 -6.83063e-05 0.00938869 -0.0173315 -6.0571e-05 0.000116676 -0.0173315 0.0859919 
0.00957496 -0.0174803 3.93808e-05 -6.2201e-05 -0.0174803 0.0858533 -6.84127e-05 0.000127192 3.93808e-05 -6.84127e-05 0.00941716 -0.0173629 -6.2201e-05 0.000127192 -0.0173629 0.0860328 
0.00952708 -0.0174559 2.77003e-07 -3.21229e-05 -0.0174559 0.0858873 -3.38971e-05 7.78455e-05 2.77003e-07 -3.38971e-05 0.00947066 -0.0174293 -3.21229e-05 7.78455e-05 -0.0174293 0.0862603 
0.00949262 -0.0173161 -6.69891e-06 1.32849e-05 -0.0173161 0.0854268 1.31243e-05 -1.80579e-05 -6.69891e-06 1.31243e-05 0.00943329 -0.0174243 1.32849e-05 -1.80579e-05 -0.0174243 0.0861085 
0.00949527 -0.0172843 3.91096e-06 2.01239e-05 -0.0172843 0.0852132 2.1641e-05 -7.087e-05 3.91096e-06 2.1641e-05 0.00940136 -0.0173942 2.01239e-05 -7.087e-05 -0.0173942 0.08604 
0.0095229 -0.0173084 3.0688e-06 6.39974e-06 -0.0173084 0.0852369 9.88518e-06 -6.53484e-05 3.0688e-06 9.88518e-06 0.00937837 -0.0173681 6.39974e-06 -6.53484e-05 -0.0173681 0.08601 
0.00959384 -0.0174043 1.04684e-07 7.6895e-06 -0.0174043 0.0856082 1.08898e-05 -5.96838e-05 1.04684e-07 1.08898e-05 0.00936909 -0.0173962 7.6895e-06 -5.96838e-05 -0.0173962 0.0862362 
0.00963162 -0.0174886 -2.44573e-06 1.16544e-05 -0.0174886 0.0858918 1.59638e-05 -6.73689e-05 -2.44573e-06 1.59638e-05 0.00937095 -0.0173738 1.16544e-05 -6.73689e-05 -0.0173738 0.0862785 
0.00962218 -0.0174957 1.0594e-06 1.66794e-05 -0.0174957 0.0858936 2.77179e-05 -9.16656e-05 1.0594e-06 2.77179e-05 0.00937548 -0.0173268 1.66794e-05 -9.16656e-05 -0.0173268 0.0860706 
0.00956378 -0.0174432 7.73088e-06 1.36772e-05 -0.0174432 0.0856602 2.71156e-05 -0.000105032 7.73088e-06 2.71156e-05 0.00939434 -0.0172842 1.36772e-05 -0.000105032 -0.0172842 0.0857644 
0.00956404 -0.0174381 2.38309e-05 8.25287e-06 -0.0174381 0.0857559 1.72236e-05 -9.89759e-05 2.38309e-05 1.72236e-05 0.00944272 -0.0173742 8.25287e-06 -9.89759e-05 -0.0173742 0.0859934 
0.00956989 -0.0174081 3.44053e-05 -1.05127e-05 -0.0174081 0.0856475 -9.154e-06 -5.74213e-05 3.44053e-05 -9.154e-06 0.00943805 -0.0174123 -1.05127e-05 -5.74213e-05 -0.0174123 0.0860761 
0.00959716 -0.0174197 3.57516e-05 -2.39983e-05 -0.0174197 0.0856398 -2.72438e-05 -9.94444e-06 3.57516e-05 -2.72438e-05 0.0094159 -0.0174198 -2.39983e-05 -9.94444e-06 -0.0174198 0.0861463 
0.00959557 -0.0174564 2.82974e-05 -2.67351e-05 -0.0174564 0.0857052 -3.11485e-05 1.63218e-05 2.82974e-05 -3.11485e-05 0.00941024 -0.0173937 -2.67351e-05 1.63218e-05 -0.0173937 0.0861307 
0.00959146 -0.0174669 2.74688e-05 -1.96409e-05 -0.0174669 0.0857862 -2.24816e-05 1.26692e-05 2.74688e-05 -2.24816e-05 0.00941644 -0.017389 -1.96409e-05 1.26692e-05 -0.017389 0.086129 
0.00957202 -0.0174676 2.24633e-05 -1.61658e-05 -0.0174676 0.0858406 -1.75505e-05 -2.18415e-06 2.24633e-05 -1.75505e-05 0.00944181 -0.0174037 -1.61658e-05 -2.18415e-06 -0.0174037 0.0861788 
0.00955932 -0.0174222 3.03601e-05 -9.59036e-06 -0.0174222 0.0857159 -1.06939e-05 -1.8258e-05 3.03601e-05 -1.06939e-05 0.00944829 -0.0174105 -9.59036e-06 -1.8258e-05 -0.0174105 0.0861367 
0.00955438 -0.0174123 3.79544e-05 -1.91394e-05 -0.0174123 0.0856769 -2.13637e-05 -8.79166e-06 3.79544e-05 -2.13637e-05 0.0094657 -0.0174385 -1.91394e-05 -8.79166e-06 -0.0174385 0.0862154 
0.00955893 -0.0174224 3.80433e-05 -2.75788e-05 -0.0174224 0.0857421 -3.08201e-05 1.17756e-05 3.80433e-05 -3.08201e-05 0.00948936 -0.0174865 -2.75788e-05 1.17756e-05 -0.0174865 0.0864003 
0.00959268 -0.0174486 2.00098e-05 -2.47176e-05 -0.0174486 0.0858931 -2.7568e-05 1.10896e-05 2.00098e-05 -2.7568e-05 0.00949584 -0.0175476 -2.47176e-05 1.10896e-05 -0.0175476 0.0866726 
0.00959639 -0.0174368 -4.30792e-06 -2.74343e-06 -0.0174368 0.0857791 -3.28999e-06 -2.79401e-05 -4.30792e-06 -3.28999e-06 0.0094715 -0.0175138 -2.74343e-06 -2.79401e-05 -0.0175138 0.0865892 
0.0096077 -0.0174494 1.17493e-06 2.83768e-05 -0.0174494 0.0857695 3.14786e-05 -0.00010292 1.17493e-06 3.14786e-05 0.00944822 -0.0174842 2.83768e-05 -0.00010292 -0.0174842 0.0865108 
0.00960598 -0.0174761 1.00002e-05 2.08862e-05 -0.0174761 0.0858478 2.86961e-05 -0.000131143 1.00002e-05 2.86961e-05 0.00944864 -0.0174658 2.08862e-05 -0.000131143 -0.0174658 0.0864824 
0.00957418 -0.0174701 7.86381e-06 9.31719e-06 -0.0174701 0.0858477 1.85434e-05 -0.000120775 7.86381e-06 1.85434e-05 0.00946213 -0.0174507 9.31719e-06 -0.000120775 -0.0174507 0.0864078 
0.00957327 -0.0174347 8.0875e-06 7.72835e-06 -0.0174347 0.0858026 1.8486e-05 -0.00010986 8.0875e-06 1.8486e-05 0.0094552 -0.0174721 7.72835e-06 -0.00010986 -0.0174721 0.0864284 
0.00956485 -0.0173932 1.6627e-05 9.91462e-06 -0.0173932 0.0855855 2.32164e-05 -0.000116643 1.6627e-05 2.32164e-05 0.00943094 -0.0174275 9.91462e-06 -0.000116643 -0.0174275 0.0862494 
0.00959702 -0.0174094 1.61152e-05 1.57e-06 -0.0174094 0.0856077 1.52353e-05 -0.000111327 1.61152e-05 1.52353e-05 0.0094079 -0.0174228 1.57e-06 -0.000111327 -0.0174228 0.0862416 
0.00962196 -0.0174886 2.07544e-05 4.41501e-06 -0.0174886 0.0858764 1.43446e-05 -0.000110193 2.07544e-05 1.43446e-05 0.00941561 -0.0174347 4.41501e-06 -0.000110193 -0.0174347 0.0863903 
0.00960688 -0.0174765 3.07182e-05 -2.21936e-06 -0.0174765 0.0858278 3.12354e-06 -9.43273e-05 3.07182e-05 3.12354e-06 0.0094115 -0.0173901 -2.21936e-06 -9.43273e-05 -0.0173901 0.0862148 
0.00961151 -0.0175019 4.52555e-05 -1.08336e-05 -0.0175019 0.0859802 -1.2287e-05 -7.01447e-05 4.52555e-05 -1.2287e-05 0.00943113 -0.0174222 -1.08336e-05 -7.01447e-05 -0.0174222 0.0863252 
0.00958885 -0.0174382 4.75296e-05 -2.78987e-05 -0.0174382 0.0857053 -3.0436e-05 -3.25084e-05 4.75296e-05 -3.0436e-05 0.00938754 -0.0173659 -2.78987e-05 -3.25084e-05 -0.0173659 0.0860362 
0.00955912 -0.0174038 4.8143e-05 -3.48358e-05 -0.0174038 0.0854999 -3.15674e-05 -6.20275e-06 4.8143e-05 -3.15674e-05 0.00936744 -0.0173006 -3.48358e-05 -6.20275e-06 -0.0173006 0.0857659 
0.00957794 -0.0174461 4.51382e-05 -3.44678e-05 -0.0174461 0.0857261 -2.80311e-05 -5.40855e-06 4.51382e-05 -2.80311e-05 0.00939452 -0.0173428 -3.44678e-05 -5.40855e-06 -0.0173428 0.0859415 
0.00951966 -0.0173946 2.05174e-05 -2.44334e-05 -0.0173946 0.0855202 -2.13198e-05 -2.6106e-05 2.05174e-05 -2.13198e-05 0.00940599 -0.0173244 -2.44334e-05 -2.6106e-05 -0.0173244 0.0857984 
0.0094723 -0.0172776 7.20579e-06 7.3221e-06 -0.0172776 0.0850909 6.73742e-06 -8.3317e-05 7.20579e-06 6.73742e-06 0.00938345 -0.0172953 7.3221e-06 -8.3317e-05 -0.0172953 0.0855388 
0.00947334 -0.0172494 -8.53603e-06 2.66271e-05 -0.0172494 0.0849533 1.98219e-05 -0.000135415 -8.53603e-06 1.98219e-05 0.00937154 -0.0173032 2.66271e-05 -0.000135415 -0.0173032 0.0855483 
0.00945764 -0.0172549 -2.28883e-05 4.49826e-05 -0.0172549 0.0849123 3.62738e-05 -0.00017921 -2.28883e-05 3.62738e-05 0.00937056 -0.0172854 4.49826e-05 -0.00017921 -0.0172854 0.085516 
0.00945279 -0.0173037 -1.77299e-05 6.21271e-05 -0.0173037 0.0851882 5.23906e-05 -0.000220561 -1.77299e-05 5.23906e-05 0.00941214 -0.0173365 6.21271e-05 -0.000220561 -0.0173365 0.0857637 
0.00945245 -0.017271 7.76219e-06 5.2708e-05 -0.017271 0.0851702 4.65414e-05 -0.000223751 7.76219e-06 4.65414e-05 0.009408 -0.0173574 5.2708e-05 -0.000223751 -0.0173574 0.0858141 
0.0094945 -0.0172532 3.86284e-05 1.41229e-05 -0.0172532 0.085077 1.43045e-05 -0.000158768 3.86284e-05 1.43045e-05 0.00936185 -0.0173363 1.41229e-05 -0.000158768 -0.0173363 0.0857554 
0.00948234 -0.0172316 5.55709e-05 -3.04472e-05 -0.0172316 0.0847759 -2.48386e-05 -5.55088e-05 5.55709e-05 -2.48386e-05 0.00930999 -0.0172189 -3.04472e-05 -5.55088e-05 -0.0172189 0.0853257 
0.00949282 -0.0172561 4.02295e-05 -5.5461e-05 -0.0172561 0.084804 -4.80433e-05 3.04036e-05 4.02295e-05 -4.80433e-05 0.00929492 -0.0171872 -5.5461e-05 3.04036e-05 -0.0171872 0.0851869 
0.00948821 -0.017297 3.31338e-05 -3.71767e-05 -0.017297 0.0849598 -3.15718e-05 3.73612e-05 3.31338e-05 -3.15718e-05 0.00930974 -0.0171943 -3.71767e-05 3.73612e-05 -0.0171943 0.0852259 
0.00950516 -0.0173027 3.15393e-05 -2.28396e-05 -0.0173027 0.085067 -1.82955e-05 3.50949e-06 3.15393e-05 -1.82955e-05 0.00931069 -0.0172231 -2.28396e-05 3.50949e-06 -0.0172231 0.0853245 
0.00950783 -0.017327 2.99265e-05 -1.67944e-05 -0.017327 0.0851732 -1.45381e-05 -2.15922e-05 2.99265e-05 -1.45381e-05 0.00932949 -0.0172404 -1.67944e-05 -2.15922e-05 -0.0172404 0.0854452 
0.00949046 -0.0173161 2.58868e-05 -1.14899e-05 -0.0173161 0.0851597 -1.0034e-05 -4.22689e-05 2.58868e-05 -1.0034e-05 0.00934465 -0.0172502 -1.14899e-05 -4.22689e-05 -0.0172502 0.0854676 
0.00947779 -0.01729 3.02607e-05 -3.99604e-06 -0.01729 0.0850906 -3.13936e-06 -6.37431e-05 3.02607e-05 -3.13936e-06 0.00934726 -0.0172561 -3.99604e-06 -6.37431e-05 -0.0172561 0.0854554 
0.00948583 -0.0172873 2.12954e-05 -1.18549e-05 -0.0172873 0.0851008 -1.43444e-05 -5.38247e-05 2.12954e-05 -1.43444e-05 0.00933799 -0.0172721 -1.18549e-05 -5.38247e-05 -0.0172721 0.0855206 
0.00947515 -0.0172798 2.3031e-05 -4.77686e-06 -0.0172798 0.0850369 -1.02736e-05 -4.76889e-05 2.3031e-05 -1.02736e-05 0.00933059 -0.0172388 -4.77686e-06 -4.76889e-05 -0.0172388 0.0854281 
0.00948584 -0.017294 2.46688e-05 -1.51764e-06 -0.017294 0.085125 -8.68808e-06 -5.62658e-05 2.46688e-05 -8.68808e-06 0.00933294 -0.017253 -1.51764e-06 -5.62658e-05 -0.017253 0.0854887 
0.00948245 -0.0172836 2.81657e-05 -6.00179e-06 -0.0172836 0.085066 -1.09002e-05 -5.18479e-05 2.81657e-05 -1.09002e-05 0.00932534 -0.0172291 -6.00179e-06 -5.18479e-05 -0.0172291 0.0853973 
0.00948964 -0.0173088 3.25774e-05 -1.02339e-05 -0.0173088 0.0851681 -1.27045e-05 -4.54714e-05 3.25774e-05 -1.27045e-05 0.00934554 -0.0172388 -1.02339e-05 -4.54714e-05 -0.0172388 0.0854488 
0.00944745 -0.0172348 2.91745e-05 -2.01653e-05 -0.0172348 0.0848281 -2.17875e-05 -2.25217e-05 2.91745e-05 -2.17875e-05 0.00933049 -0.0171883 -2.01653e-05 -2.25217e-05 -0.0171883 0.0851297 
0.00945632 -0.0172295 4.28734e-05 -1.6395e-05 -0.0172295 0.0848251 -2.08953e-05 -1.25066e-05 4.28734e-05 -2.08953e-05 0.00933767 -0.0172266 -1.6395e-05 -1.25066e-05 -0.0172266 0.085223 
0.00944355 -0.0172372 4.52806e-05 -3.10315e-05 -0.0172372 0.0848306 -3.71985e-05 1.17344e-05 4.52806e-05 -3.71985e-05 0.00934422 -0.0172448 -3.10315e-05 1.17344e-05 -0.0172448 0.0853083 
0.0094342 -0.0172075 3.59812e-05 -3.41363e-05 -0.0172075 0.0847447 -3.83344e-05 2.8919e-05 3.59812e-05 -3.83344e-05 0.00932825 -0.0172435 -3.41363e-05 2.8919e-05 -0.0172435 0.0853025 
0.00941343 -0.0172 2.69053e-05 -2.65032e-05 -0.0172 0.0847174 -2.77425e-05 2.36045e-05 2.69053e-05 -2.77425e-05 0.00933824 -0.0172405 -2.65032e-05 2.36045e-05 -0.0172405 0.0853367 
0.00939506 -0.017165 1.75231e-05 -1.51722e-05 -0.017165 0.0846283 -1.52961e-05 -3.92393e-07 1.75231e-05 -1.52961e-05 0.00934261 -0.0172458 -1.51722e-05 -3.92393e-07 -0.0172458 0.0853366 
0.00940173 -0.0171278 8.97005e-06 -2.11051e-06 -0.0171278 0.0844775 -4.18116e-06 -3.12272e-05 8.97005e-06 -4.18116e-06 0.00932489 -0.0172328 -2.11051e-06 -3.12272e-05 -0.0172328 0.0852619 
0.00941992 -0.0171645 1.09197e-05 8.14917e-06 -0.0171645 0.0845607 5.28853e-06 -5.89367e-05 1.09197e-05 5.28853e-06 0.00932108 -0.0172355 8.14917e-06 -5.89367e-05 -0.0172355 0.0853192 
0.0094174 -0.0171799 2.22323e-05 3.61545e-06 -0.0171799 0.0845981 3.37251e-06 -6.33866e-05 2.22323e-05 3.37251e-06 0.00930923 -0.0172137 3.61545e-06 -6.33866e-05 -0.0172137 0.0852608 
0.00940732 -0.0171985 3.32163e-05 -1.38707e-05 -0.0171985 0.0846981 -1.14339e-05 -3.47367e-05 3.32163e-05 -1.14339e-05 0.00931224 -0.017203 -1.38707e-05 -3.47367e-05 -0.017203 0.0852507 
0.00939856 -0.0171554 4.25735e-05 -2.88734e-05 -0.0171554 0.0845701 -2.67522e-05 5.19469e-06 4.25735e-05 -2.67522e-05 0.00929534 -0.0171715 -2.88734e-05 5.19469e-06 -0.0171715 0.0850862 
0.00939928 -0.0171797 3.41116e-05 -3.93409e-05 -0.0171797 0.0846647 -3.72206e-05 3.75319e-05 3.41116e-05 -3.72206e-05 0.00931575 -0.0171828 -3.93409e-05 3.75319e-05 -0.0171828 0.0851491 
0.00937697 -0.0171514 2.1629e-05 -3.07008e-05 -0.0171514 0.0845751 -2.96726e-05 3.95719e-05 2.1629e-05 -2.96726e-05 0.00932507 -0.0171834 -3.07008e-05 3.95719e-05 -0.0171834 0.0850896 
0.00936445 -0.017115 2.04763e-05 -1.51173e-05 -0.017115 0.0844505 -1.51743e-05 1.35175e-05 2.04763e-05 -1.51743e-05 0.00932159 -0.0171906 -1.51173e-05 1.35175e-05 -0.0171906 0.0850559 
0.00932989 -0.0170849 1.28255e-05 -8.8676e-06 -0.0170849 0.0842944 -1.0789e-05 -1.23005e-05 1.28255e-05 -1.0789e-05 0.00932489 -0.0171689 -8.8676e-06 -1.23005e-05 -0.0171689 0.0849515 
0.00934323 -0.0170407 2.37509e-05 4.56193e-06 -0.0170407 0.0841445 1.24292e-07 -4.44414e-05 2.37509e-05 1.24292e-07 0.00928813 -0.0171648 4.56193e-06 -4.44414e-05 -0.0171648 0.0848691 
0.0101461 -0.0184893 3.70392e-05 -4.87819e-06 -0.0184893 0.0911779 -7.58081e-06 -5.89345e-05 3.70392e-05 -7.58081e-06 0.0100345 -0.0185738 -4.87819e-06 -5.89345e-05 -0.0185738 0.0919447 
0.00936557 -0.0170653 3.29821e-05 -1.78281e-05 -0.0170653 0.0840831 -1.77192e-05 -3.73955e-05 3.29821e-05 -1.77192e-05 0.00922777 -0.0170911 -1.78281e-05 -3.73955e-05 -0.0170911 0.0846941 
0.00938227 -0.017109 2.16233e-05 -2.08328e-05 -0.017109 0.0842457 -1.5737e-05 -2.68255e-05 2.16233e-05 -1.5737e-05 0.00922266 -0.017077 -2.08328e-05 -2.68255e-05 -0.017077 0.0847052 
0.00939681 -0.0171201 2.18255e-05 -1.15466e-05 -0.0171201 0.0842947 -2.59951e-06 -3.71936e-05 2.18255e-05 -2.59951e-06 0.00920749 -0.0170531 -1.15466e-05 -3.71936e-05 -0.0170531 0.0846271 
0.0093972 -0.0171422 1.25752e-05 -7.88492e-06 -0.0171422 0.0843557 -2.22335e-07 -5.23441e-05 1.25752e-05 -2.22335e-07 0.00921245 -0.0170341 -7.88492e-06 -5.23441e-05 -0.0170341 0.0845722 
0.0101505 -0.0185431 7.65198e-06 2.32059e-06 -0.0185431 0.0912873 6.61897e-06 -7.01987e-05 7.65198e-06 6.61897e-06 0.00998736 -0.0184385 2.32059e-06 -7.01987e-05 -0.0184385 0.0914931 
0.0101205 -0.0185109 -4.20635e-06 9.76594e-06 -0.0185109 0.0911986 5.63568e-06 -7.52262e-05 -4.20635e-06 5.63568e-06 0.0100054 -0.018451 9.76594e-06 -7.52262e-05 -0.018451 0.0914711 
0.0100699 -0.0184481 -1.18825e-05 2.59866e-05 -0.0184481 0.0909734 1.18595e-05 -8.82332e-05 -1.18825e-05 1.18595e-05 0.0100253 -0.0184531 2.59866e-05 -8.82332e-05 -0.0184531 0.0913889 
0.0100532 -0.018386 -3.01684e-05 3.65846e-05 -0.018386 0.0907702 2.34835e-05 -0.000113839 -3.01684e-05 2.34835e-05 0.0100179 -0.0184748 3.65846e-05 -0.000113839 -0.0184748 0.0913748 
0.0101188 -0.0184397 -3.3728e-05 5.3687e-05 -0.0184397 0.0910222 4.87116e-05 -0.000152966 -3.3728e-05 4.87116e-05 0.0100077 -0.0185505 5.3687e-05 -0.000152966 -0.0185505 0.0917588 
0.0101447 -0.0185449 -2.21312e-05 5.26803e-05 -0.0185449 0.0913879 5.55745e-05 -0.000173301 -2.21312e-05 5.55745e-05 0.010037 -0.018556 5.26803e-05 -0.000173301 -0.018556 0.0920027 
0.00933181 -0.0170807 -1.71701e-05 3.44969e-05 -0.0170807 0.0842169 3.9226e-05 -0.000144197 -1.71701e-05 3.9226e-05 0.0092635 -0.0170743 3.44969e-05 -0.000144197 -0.0170743 0.0846605 
0.0101107 -0.0185101 -1.21112e-05 3.25039e-05 -0.0185101 0.0913411 3.32781e-05 -0.000131289 -1.21112e-05 3.32781e-05 0.0100703 -0.0185504 3.25039e-05 -0.000131289 -0.0185504 0.0918624 
0.0101047 -0.0184943 3.10181e-06 2.58867e-05 -0.0184943 0.0913038 2.23887e-05 -0.000107682 3.10181e-06 2.23887e-05 0.0100783 -0.0185756 2.58867e-05 -0.000107682 -0.0185756 0.091917 
0.0100967 -0.018487 4.26109e-06 1.17293e-05 -0.018487 0.0912765 3.44496e-06 -7.39446e-05 4.26109e-06 3.44496e-06 0.01009 -0.018586 1.17293e-05 -7.39446e-05 -0.018586 0.0919564 
0.0101024 -0.0184672 1.48086e-06 1.13927e-05 -0.0184672 0.0912156 -1.10284e-06 -5.32378e-05 1.48086e-06 -1.10284e-06 0.0100844 -0.0186008 1.13927e-05 -5.32378e-05 -0.0186008 0.0919817 
0.0101097 -0.0184359 -3.91365e-06 1.23136e-05 -0.0184359 0.0910132 -3.22347e-06 -4.03937e-05 -3.91365e-06 -3.22347e-06 0.0100386 -0.0185608 1.23136e-05 -4.03937e-05 -0.0185608 0.0918113 
0.0101185 -0.0184372 -2.74125e-06 2.03311e-05 -0.0184372 0.0908998 6.67731e-06 -5.31546e-05 -2.74125e-06 6.67731e-06 0.0100001 -0.0184993 2.03311e-05 -5.31546e-05 -0.0184993 0.0916123 
0.0101487 -0.018482 1.02282e-05 1.52995e-05 -0.018482 0.091021 8.59373e-06 -5.74294e-05 1.02282e-05 8.59373e-06 0.00998799 -0.0184761 1.52995e-05 -5.74294e-05 -0.0184761 0.0915704 
0.010183 -0.0185522 7.11332e-06 -1.24734e-06 -0.0185522 0.0912827 -1.4387e-06 -4.02923e-05 7.11332e-06 -1.4387e-06 0.00999562 -0.0184854 -1.24734e-06 -4.02923e-05 -0.0184854 0.0916558 
0.0101865 -0.0185675 -1.36836e-05 2.58692e-06 -0.0185675 0.0913196 2.77411e-06 -3.47073e-05 -1.36836e-05 2.77411e-06 0.00998707 -0.0184592 2.58692e-06 -3.47073e-05 -0.0184592 0.0915462 
0.01019 -0.0185834 -3.24873e-05 2.79893e-05 -0.0185834 0.0914005 2.58518e-05 -6.98063e-05 -3.24873e-05 2.58518e-05 0.0099921 -0.01847 2.79893e-05 -6.98063e-05 -0.01847 0.0915782 
0.0101634 -0.0185379 -2.01643e-05 5.49034e-05 -0.0185379 0.0912017 5.10065e-05 -0.000132701 -2.01643e-05 5.10065e-05 0.00998178 -0.0184355 5.49034e-05 -0.000132701 -0.0184355 0.0913939 
0.0101815 -0.0186066 -9.64483e-06 4.25395e-05 -0.0186066 0.0915486 3.62018e-05 -0.000140664 -9.64483e-06 3.62018e-05 0.0100351 -0.0185166 4.25395e-05 -0.000140664 -0.0185166 0.0917642 
0.00938832 -0.0171861 7.31001e-06 2.42807e-05 -0.0171861 0.0846317 1.5512e-05 -9.51721e-05 7.31001e-06 1.5512e-05 0.00929761 -0.0171382 2.42807e-05 -9.51721e-05 -0.0171382 0.0848887 
0.0094064 -0.0171823 2.12209e-05 5.96211e-07 -0.0171823 0.0847157 -7.80649e-06 -3.74312e-05 2.12209e-05 -7.80649e-06 0.00931399 -0.0171917 5.96211e-07 -3.74312e-05 -0.0171917 0.0850936 
0.00943093 -0.0172502 2.52111e-05 -2.4845e-05 -0.0172502 0.0850256 -2.81163e-05 3.19059e-05 2.52111e-05 -2.81163e-05 0.00936079 -0.0172629 -2.4845e-05 3.19059e-05 -0.0172629 0.0854695 
0.00946668 -0.0172578 1.83319e-05 -3.73981e-05 -0.0172578 0.0851284 -3.70209e-05 8.53527e-05 1.83319e-05 -3.70209e-05 0.0093601 -0.0173117 -3.73981e-05 8.53527e-05 -0.0173117 0.0856708 
0.00950453 -0.0172761 8.70214e-06 -2.99668e-05 -0.0172761 0.0851234 -2.66863e-05 9.07486e-05 8.70214e-06 -2.66863e-05 0.00933563 -0.0172879 -2.99668e-05 9.07486e-05 -0.0172879 0.0856551 
0.00949887 -0.0173104 1.42547e-05 -1.37316e-05 -0.0173104 0.0851339 -1.01528e-05 5.87783e-05 1.42547e-05 -1.01528e-05 0.00933292 -0.0172371 -1.37316e-05 5.87783e-05 -0.0172371 0.0855036 
0.00947614 -0.0172652 2.29669e-05 -1.6982e-05 -0.0172652 0.08493 -1.60972e-05 4.76035e-05 2.29669e-05 -1.60972e-05 0.00931963 -0.0171853 -1.6982e-05 4.76035e-05 -0.0171853 0.0851971 
0.00947737 -0.0172818 2.74918e-05 -2.59113e-05 -0.0172818 0.0850153 -2.92238e-05 6.55622e-05 2.74918e-05 -2.92238e-05 0.00933351 -0.0172294 -2.59113e-05 6.55622e-05 -0.0172294 0.0853192 
0.00947854 -0.0173232 2.74379e-05 -2.93778e-05 -0.0173232 0.0852405 -3.48519e-05 7.95418e-05 2.74379e-05 -3.48519e-05 0.00938114 -0.0172827 -2.93778e-05 7.95418e-05 -0.0172827 0.0855838 
0.00948319 -0.0173182 1.07375e-05 -2.89645e-05 -0.0173182 0.08531 -3.22384e-05 8.02006e-05 1.07375e-05 -3.22384e-05 0.00941226 -0.0173313 -2.89645e-05 8.02006e-05 -0.0173313 0.0857488 
0.00946271 -0.0172627 8.82487e-06 -1.02339e-05 -0.0172627 0.0850654 -9.63017e-06 4.75164e-05 8.82487e-06 -9.63017e-06 0.00941032 -0.0173271 -1.02339e-05 4.75164e-05 -0.0173271 0.0856545 
0.00946551 -0.0172582 -1.18466e-06 -7.48391e-06 -0.0172582 0.0850276 -6.65377e-06 2.4957e-05 -1.18466e-06 -6.65377e-06 0.00941875 -0.0173561 -7.48391e-06 2.4957e-05 -0.0173561 0.0857434 
