0.0068218 0 6.01216e-06 0 0 0.00981274 0 0 6.01216e-06 0 0.00704423 0 0 0 0 0.00981274 
0.009854 -0.0122333 3.27706e-05 -4.17749e-05 -0.0122333 0.0326129 -4.17749e-05 7.99869e-05 3.27706e-05 -4.17749e-05 0.0101267 -0.0125674 -4.17749e-05 7.99869e-05 -0.0125674 0.0332534 
0.00971327 -0.0180997 3.377e-05 -0.0001115 -0.0180997 0.0668163 -0.0001115 0.000371899 3.377e-05 -0.0001115 0.00990078 -0.0184278 -0.0001115 0.000371899 -0.0184278 0.0678364 
0.00929259 -0.0179244 -3.33816e-06 -0.000153456 -0.0179244 0.0805084 -0.000158032 0.000786158 -3.33816e-06 -0.000158032 0.00929145 -0.017979 -0.000153456 0.000786158 -0.017979 0.080497 
0.00906529 -0.0170523 -4.01946e-05 -8.14818e-05 -0.0170523 0.0823082 -9.91941e-05 0.000808459 -4.01946e-05 -9.91941e-05 0.0090361 -0.0168493 -8.14818e-05 0.000808459 -0.0168493 0.0812669 
0.00926983 -0.0172186 -6.19237e-05 9.79602e-06 -0.0172186 0.0847031 -2.03486e-05 0.000525435 -6.19237e-05 -2.03486e-05 0.00932152 -0.0170044 9.79602e-06 0.000525435 -0.0170044 0.0834154 
0.00940654 -0.0174307 -5.45275e-05 5.31235e-05 -0.0174307 0.0861851 1.80721e-05 0.000263861 -5.45275e-05 1.80721e-05 0.00956231 -0.0173467 5.31235e-05 0.000263861 -0.0173467 0.0851878 
0.00954131 -0.0176167 -4.2439e-05 4.32582e-05 -0.0176167 0.0873463 1.22707e-05 0.000152536 -4.2439e-05 1.22707e-05 0.00972485 -0.0176862 4.32582e-05 0.000152536 -0.0176862 0.0868073 
0.0093471 -0.0171612 -3.07385e-05 1.80052e-05 -0.0171612 0.0851048 -2.4948e-06 0.000143565 -3.07385e-05 -2.4948e-06 0.00946358 -0.0172726 1.80052e-05 0.000143565 -0.0172726 0.0848704 
0.00965781 -0.0176808 -1.65128e-05 -6.98165e-06 -0.0176808 0.0874706 -1.91135e-05 0.000192885 -1.65128e-05 -1.91135e-05 0.00970144 -0.0177142 -6.98165e-06 0.000192885 -0.0177142 0.0872028 
0.00959716 -0.0175656 -2.38714e-05 -3.31519e-05 -0.0175656 0.08668 -3.61606e-05 0.000250346 -2.38714e-05 -3.61606e-05 0.009574 -0.0174947 -3.31519e-05 0.000250346 -0.0174947 0.0861942 
0.00955454 -0.0175731 -3.38674e-05 -3.32459e-05 -0.0175731 0.0865843 -2.65528e-05 0.000273514 -3.38674e-05 -2.65528e-05 0.00956627 -0.0174173 -3.32459e-05 0.000273514 -0.0174173 0.0858602 
0.00950911 -0.0175509 -2.89667e-05 -2.15628e-05 -0.0175509 0.0865729 -1.16902e-05 0.000257879 -2.89667e-05 -1.16902e-05 0.00958538 -0.0174244 -2.15628e-05 0.000257879 -0.0174244 0.0857805 
0.00949224 -0.0175068 -3.31579e-05 -2.22989e-05 -0.0175068 0.0865276 -1.59217e-05 0.00024823 -3.31579e-05 -1.59217e-05 0.00959187 -0.0174726 -2.22989e-05 0.00024823 -0.0174726 0.0858944 
0.00949473 -0.0175125 -2.34501e-05 -1.16049e-05 -0.0175125 0.0866154 -1.21558e-05 0.00023304 -2.34501e-05 -1.21558e-05 0.00961648 -0.0175254 -1.16049e-05 0.00023304 -0.0175254 0.0861578 
0.00951802 -0.0175551 -2.16265e-05 -2.00003e-05 -0.0175551 0.0868754 -2.64284e-05 0.000241425 -2.16265e-05 -2.64284e-05 0.0096526 -0.0176059 -2.00003e-05 0.000241425 -0.0176059 0.0865577 
0.0095345 -0.0175554 -3.00729e-05 -2.15014e-05 -0.0175554 0.0868984 -2.8435e-05 0.000249223 -3.00729e-05 -2.8435e-05 0.00964251 -0.0176145 -2.15014e-05 0.000249223 -0.0176145 0.0866419 
0.00958239 -0.0175952 -4.19495e-05 -1.41561e-05 -0.0175952 0.0870559 -1.77513e-05 0.000238394 -4.19495e-05 -1.77513e-05 0.00962301 -0.0176302 -1.41561e-05 0.000238394 -0.0176302 0.0867928 
0.00963696 -0.0177094 -5.31681e-05 -4.20307e-06 -0.0177094 0.0874892 -1.01766e-06 0.000212389 -5.31681e-05 -1.01766e-06 0.00964397 -0.0176533 -4.20307e-06 0.000212389 -0.0176533 0.0870653 
0.00962359 -0.0177053 -4.90957e-05 6.0834e-06 -0.0177053 0.0874413 1.30187e-05 0.000182847 -4.90957e-05 1.30187e-05 0.00964793 -0.0176018 6.0834e-06 0.000182847 -0.0176018 0.086859 
0.00957277 -0.0176076 -3.62592e-05 1.90296e-06 -0.0176076 0.0869898 5.70625e-06 0.00018085 -3.62592e-05 5.70625e-06 0.00962697 -0.0175254 1.90296e-06 0.00018085 -0.0175254 0.0863817 
0.00954475 -0.0175953 -2.17867e-05 -1.7277e-05 -0.0175953 0.0869189 -1.48163e-05 0.000220379 -2.17867e-05 -1.48163e-05 0.00965613 -0.0175446 -1.7277e-05 0.000220379 -0.0175446 0.0863542 
0.009533 -0.0176114 -4.65174e-06 -3.79664e-05 -0.0176114 0.0870715 -3.47319e-05 0.000275673 -4.65174e-06 -3.47319e-05 0.00971139 -0.0176269 -3.79664e-05 0.000275673 -0.0176269 0.086622 
0.00952061 -0.0175817 -6.24898e-06 -5.49949e-05 -0.0175817 0.0870431 -5.35342e-05 0.000323509 -6.24898e-06 -5.35342e-05 0.00973354 -0.0176823 -5.49949e-05 0.000323509 -0.0176823 0.0867797 
0.00950917 -0.0175032 -5.44982e-06 -5.19485e-05 -0.0175032 0.0867084 -5.42933e-05 0.000341287 -5.44982e-06 -5.42933e-05 0.00968555 -0.0176592 -5.19485e-05 0.000341287 -0.0176592 0.0866289 
0.00951361 -0.0175048 -6.44386e-06 -5.0953e-05 -0.0175048 0.086616 -5.72351e-05 0.000345985 -6.44386e-06 -5.72351e-05 0.00966442 -0.0176188 -5.0953e-05 0.000345985 -0.0176188 0.0865473 
0.00954983 -0.0175476 -3.18593e-05 -3.97691e-05 -0.0175476 0.0867558 -5.2434e-05 0.000328639 -3.18593e-05 -5.2434e-05 0.00966281 -0.0176159 -3.97691e-05 0.000328639 -0.0176159 0.0865818 
0.00958838 -0.0176413 -5.02024e-05 -5.15105e-06 -0.0176413 0.0871127 -1.98832e-05 0.00026503 -5.02024e-05 -1.98832e-05 0.00968574 -0.0176473 -5.15105e-06 0.00026503 -0.0176473 0.0867742 
0.00956485 -0.0176162 -5.73573e-05 1.84729e-05 -0.0176162 0.0869776 9.58871e-06 0.00018485 -5.73573e-05 9.58871e-06 0.00966501 -0.0175911 1.84729e-05 0.00018485 -0.0175911 0.0865027 
0.00955361 -0.0176007 -6.22474e-05 2.55961e-05 -0.0176007 0.0869282 2.62579e-05 0.000129125 -6.22474e-05 2.62579e-05 0.00964914 -0.0175769 2.55961e-05 0.000129125 -0.0175769 0.0864003 
0.00953891 -0.0175993 -5.99283e-05 3.62437e-05 -0.0175993 0.0869399 3.81161e-05 8.37184e-05 -5.99283e-05 3.81161e-05 0.00965486 -0.0175738 3.62437e-05 8.37184e-05 -0.0175738 0.0864017 
0.00953335 -0.0175837 -5.72828e-05 3.64904e-05 -0.0175837 0.0869322 3.28726e-05 6.97198e-05 -5.72828e-05 3.28726e-05 0.00966242 -0.0175838 3.64904e-05 6.97198e-05 -0.0175838 0.0864271 
0.00954798 -0.0175728 -4.28281e-05 2.93435e-05 -0.0175728 0.0869049 1.89298e-05 9.16885e-05 -4.28281e-05 1.89298e-05 0.00964581 -0.0175949 2.93435e-05 9.16885e-05 -0.0175949 0.0864601 
0.00958223 -0.0176297 -4.49716e-05 1.11076e-05 -0.0176297 0.0871217 -2.32572e-06 0.000135091 -4.49716e-05 -2.32572e-06 0.00963744 -0.0176176 1.11076e-05 0.000135091 -0.0176176 0.086654 
0.00958519 -0.017654 -4.85916e-05 1.04151e-05 -0.017654 0.0872056 -5.06073e-07 0.000157034 -4.85916e-05 -5.06073e-07 0.00963306 -0.0175875 1.04151e-05 0.000157034 -0.0175875 0.0866302 
0.00960509 -0.01767 -5.50455e-05 1.42503e-05 -0.01767 0.0873116 9.54727e-06 0.000149055 -5.50455e-05 9.54727e-06 0.00961819 -0.0175903 1.42503e-05 0.000149055 -0.0175903 0.0866616 
0.00957875 -0.017616 -4.44342e-05 1.82782e-05 -0.017616 0.0870222 2.2445e-05 0.000128693 -4.44342e-05 2.2445e-05 0.00957577 -0.0175044 1.82782e-05 0.000128693 -0.0175044 0.0863153 
0.00953059 -0.0175165 -3.66223e-05 3.22797e-06 -0.0175165 0.0865164 1.15411e-05 0.00013744 -3.66223e-05 1.15411e-05 0.00951993 -0.0173889 3.22797e-06 0.00013744 -0.0173889 0.0857666 
0.00947041 -0.0174412 -3.35232e-05 -3.30503e-06 -0.0174412 0.0861016 2.66144e-07 0.000157604 -3.35232e-05 2.66144e-07 0.00949729 -0.0172976 -3.30503e-06 0.000157604 -0.0172976 0.0853058 
0.00938769 -0.0173272 -3.03847e-05 -3.81402e-06 -0.0173272 0.0856004 -7.44381e-06 0.000172724 -3.03847e-05 -7.44381e-06 0.00949376 -0.0172368 -3.81402e-06 0.000172724 -0.0172368 0.0848764 
0.00936265 -0.0172619 -2.13985e-05 -3.2288e-06 -0.0172619 0.0853813 -6.77136e-06 0.000171632 -2.13985e-05 -6.77136e-06 0.00949752 -0.0172719 -3.2288e-06 0.000171632 -0.0172719 0.0848599 
0.009351 -0.0172263 -1.94481e-05 -1.3265e-05 -0.0172263 0.0851986 -1.5575e-05 0.000181291 -1.94481e-05 -1.5575e-05 0.00948986 -0.0172724 -1.3265e-05 0.000181291 -0.0172724 0.0848318 
0.00941055 -0.0173202 -2.57234e-05 -1.38158e-05 -0.0173202 0.0856218 -1.82532e-05 0.00018951 -2.57234e-05 -1.82532e-05 0.00951682 -0.0173705 -1.38158e-05 0.00018951 -0.0173705 0.0853123 
0.00945701 -0.0173997 -2.33478e-05 -8.86336e-06 -0.0173997 0.0859594 -1.11259e-05 0.000183408 -2.33478e-05 -1.11259e-05 0.00952637 -0.0174071 -8.86336e-06 0.000183408 -0.0174071 0.085593 
0.00953667 -0.0175072 -3.47919e-05 -1.512e-05 -0.0175072 0.0864464 -1.18181e-05 0.000185648 -3.47919e-05 -1.18181e-05 0.00951906 -0.0174582 -1.512e-05 0.000185648 -0.0174582 0.0859416 
0.00955711 -0.0175596 -2.86596e-05 -5.35437e-06 -0.0175596 0.0866017 -2.27955e-06 0.000178557 -2.86596e-05 -2.27955e-06 0.00948854 -0.017405 -5.35437e-06 0.000178557 -0.017405 0.0858751 
0.00951979 -0.0175262 -1.51615e-05 -1.05237e-05 -0.0175262 0.0864142 -9.54318e-06 0.000179923 -1.51615e-05 -9.54318e-06 0.00946208 -0.0172945 -1.05237e-05 0.000179923 -0.0172945 0.0854512 
0.00946891 -0.0174919 -2.26323e-05 -2.97647e-05 -0.0174919 0.0863134 -2.74767e-05 0.000214602 -2.26323e-05 -2.74767e-05 0.00948838 -0.017274 -2.97647e-05 0.000214602 -0.017274 0.0852802 
0.00942728 -0.0174313 -3.26677e-05 -2.2269e-05 -0.0174313 0.0861895 -1.87995e-05 0.000222729 -3.26677e-05 -1.87995e-05 0.00952846 -0.0173225 -2.2269e-05 0.000222729 -0.0173225 0.0853306 
0.00943936 -0.0174077 -3.45769e-05 -1.25386e-05 -0.0174077 0.0862066 -6.41271e-06 0.000206278 -3.45769e-05 -6.41271e-06 0.00954715 -0.0174179 -1.25386e-05 0.000206278 -0.0174179 0.0856479 
0.00946295 -0.017431 -3.28135e-05 -1.05384e-05 -0.017431 0.0863093 2.157e-06 0.000186016 -3.28135e-05 2.157e-06 0.00956958 -0.017473 -1.05384e-05 0.000186016 -0.017473 0.0859605 
0.0094806 -0.0174595 -2.64241e-05 -1.07323e-05 -0.0174595 0.0864066 4.67535e-06 0.000174583 -2.64241e-05 4.67535e-06 0.00957454 -0.0174949 -1.07323e-05 0.000174583 -0.0174949 0.0861164 
0.00948088 -0.0174772 -1.61751e-05 -1.97832e-05 -0.0174772 0.08646 -8.59928e-06 0.000192241 -1.61751e-05 -8.59928e-06 0.00957239 -0.0174847 -1.97832e-05 0.000192241 -0.0174847 0.0861271 
0.00946421 -0.0174359 -1.25436e-06 -3.29916e-05 -0.0174359 0.0862725 -2.69692e-05 0.000229369 -1.25436e-06 -2.69692e-05 0.00954559 -0.0174313 -3.29916e-05 0.000229369 -0.0174313 0.085888 
0.0094438 -0.0173817 2.92905e-06 -5.38782e-05 -0.0173817 0.0859928 -5.02168e-05 0.00028457 2.92905e-06 -5.02168e-05 0.00951505 -0.0173689 -5.38782e-05 0.00028457 -0.0173689 0.085579 
0.00944899 -0.0173365 -8.61644e-06 -6.3931e-05 -0.0173365 0.0857203 -6.12363e-05 0.000332206 -8.61644e-06 -6.12363e-05 0.00946282 -0.0173092 -6.3931e-05 0.000332206 -0.0173092 0.0852717 
0.00943748 -0.0173792 -1.66174e-05 -4.73504e-05 -0.0173792 0.0857795 -4.40601e-05 0.000321453 -1.66174e-05 -4.40601e-05 0.00946371 -0.0172791 -4.73504e-05 0.000321453 -0.0172791 0.0851986 
0.00944469 -0.0174382 -1.24454e-05 -3.6058e-05 -0.0174382 0.0861428 -3.15292e-05 0.000292066 -1.24454e-05 -3.15292e-05 0.00950864 -0.0173527 -3.6058e-05 0.000292066 -0.0173527 0.0855168 
0.00941452 -0.0173803 -1.71698e-05 -3.82943e-05 -0.0173803 0.0859967 -2.95093e-05 0.000272783 -1.71698e-05 -2.95093e-05 0.00951709 -0.0173533 -3.82943e-05 0.000272783 -0.0173533 0.0854755 
0.00940519 -0.017345 -2.41671e-05 -3.00039e-05 -0.017345 0.0858948 -1.99591e-05 0.000249668 -2.41671e-05 -1.99591e-05 0.00950754 -0.0173799 -3.00039e-05 0.000249668 -0.0173799 0.085546 
0.00937909 -0.0172713 -3.56405e-05 -1.36587e-05 -0.0172713 0.0855304 -8.14577e-06 0.00020863 -3.56405e-05 -8.14577e-06 0.00946022 -0.017307 -1.36587e-05 0.00020863 -0.017307 0.0852609 
0.00934328 -0.0172299 -2.62058e-05 1.17185e-06 -0.0172299 0.0852775 -3.39378e-07 0.000174787 -2.62058e-05 -3.39378e-07 0.00944121 -0.0172389 1.17185e-06 0.000174787 -0.0172389 0.0849884 
0.00929434 -0.0171573 -2.17236e-05 -5.14064e-06 -0.0171573 0.0849557 -1.16476e-05 0.000169093 -2.17236e-05 -1.16476e-05 0.0094316 -0.0171879 -5.14064e-06 0.000169093 -0.0171879 0.0846852 
0.00928959 -0.0171597 -8.27192e-06 -1.55704e-05 -0.0171597 0.0850185 -2.13145e-05 0.000193286 -8.27192e-06 -2.13145e-05 0.00945147 -0.0172385 -1.55704e-05 0.000193286 -0.0172385 0.0848367 
0.00927027 -0.017109 3.26298e-06 -3.7788e-05 -0.017109 0.0848068 -4.00647e-05 0.000239792 3.26298e-06 -4.00647e-05 0.00942035 -0.0172132 -3.7788e-05 0.000239792 -0.0172132 0.0847043 
0.00926032 -0.0170895 1.4117e-05 -5.01167e-05 -0.0170895 0.0846981 -5.37103e-05 0.000281124 1.4117e-05 -5.37103e-05 0.00940495 -0.0171829 -5.01167e-05 0.000281124 -0.0171829 0.0846152 
0.00925159 -0.0170601 6.7638e-06 -5.76312e-05 -0.0170601 0.0845442 -6.45751e-05 0.000306436 6.7638e-06 -6.45751e-05 0.00938414 -0.0171413 -5.76312e-05 0.000306436 -0.0171413 0.0844352 
0.0092513 -0.0170549 -2.94785e-05 -5.22055e-05 -0.0170549 0.0844907 -5.81765e-05 0.000309059 -2.94785e-05 -5.81765e-05 0.00936393 -0.0171272 -5.22055e-05 0.000309059 -0.0171272 0.0843616 
0.00924458 -0.0170778 -6.50639e-05 -7.3834e-06 -0.0170778 0.0845697 -9.46454e-06 0.00023151 -6.50639e-05 -9.46454e-06 0.00937719 -0.0171183 -7.3834e-06 0.00023151 -0.0171183 0.0843736 
0.00924823 -0.0171041 -6.48323e-05 3.90495e-05 -0.0171041 0.0847678 4.00026e-05 0.000112089 -6.48323e-05 4.00026e-05 0.00941298 -0.0171727 3.90495e-05 0.000112089 -0.0171727 0.0845869 
0.00925677 -0.017085 -6.47318e-05 4.4082e-05 -0.017085 0.0847534 4.52164e-05 4.61846e-05 -6.47318e-05 4.52164e-05 0.00940913 -0.0172009 4.4082e-05 4.61846e-05 -0.0172009 0.0846753 
0.00928507 -0.0171084 -4.54821e-05 4.4481e-05 -0.0171084 0.0848399 4.38601e-05 2.73291e-05 -4.54821e-05 4.38601e-05 0.00939803 -0.0172195 4.4481e-05 2.73291e-05 -0.0172195 0.0848172 
0.00932322 -0.0171494 -2.60881e-05 2.17785e-05 -0.0171494 0.0849714 1.93233e-05 5.79418e-05 -2.60881e-05 1.93233e-05 0.00937543 -0.0172113 2.17785e-05 5.79418e-05 -0.0172113 0.084887 
0.00932488 -0.0171764 -6.25696e-06 -9.64236e-06 -0.0171764 0.0850018 -1.13782e-05 0.000132901 -6.25696e-06 -1.13782e-05 0.00936038 -0.0171538 -9.64236e-06 0.000132901 -0.0171538 0.0847414 
0.0092784 -0.0171157 3.14213e-07 -4.12899e-05 -0.0171157 0.0847115 -4.2342e-05 0.000221874 3.14213e-07 -4.2342e-05 0.00933835 -0.0170698 -4.12899e-05 0.000221874 -0.0170698 0.0843297 
0.00960652 -0.0177887 1.00517e-05 -5.82626e-05 -0.0177887 0.0880936 -5.56383e-05 0.000297593 1.00517e-05 -5.56383e-05 0.00976429 -0.0177681 -5.82626e-05 0.000297593 -0.0177681 0.0876923 
0.00919053 -0.0170317 1.18896e-05 -6.58523e-05 -0.0170317 0.08451 -5.62149e-05 0.000312487 1.18896e-05 -5.62149e-05 0.00941588 -0.0171276 -6.58523e-05 0.000312487 -0.0171276 0.0843171 
0.00921572 -0.0170171 4.55972e-08 -6.01369e-05 -0.0170171 0.084556 -5.04504e-05 0.000302778 4.55972e-08 -5.04504e-05 0.00942933 -0.0172233 -6.01369e-05 0.000302778 -0.0172233 0.0846553 
0.00923632 -0.0170339 -4.03107e-06 -3.90484e-05 -0.0170339 0.0845686 -3.40493e-05 0.000261669 -4.03107e-06 -3.40493e-05 0.00941809 -0.0172325 -3.90484e-05 0.000261669 -0.0172325 0.0847879 
0.00922119 -0.0170006 -2.47294e-05 -2.83722e-05 -0.0170006 0.0843295 -2.87609e-05 0.000223301 -2.47294e-05 -2.87609e-05 0.00938178 -0.0171533 -2.83722e-05 0.000223301 -0.0171533 0.084499 
0.00958599 -0.0176698 -1.7206e-05 -2.08788e-06 -0.0176698 0.0875983 -5.7739e-06 0.000177872 -1.7206e-05 -5.7739e-06 0.00973532 -0.0177967 -2.08788e-06 0.000177872 -0.0177967 0.0876853 
0.00957514 -0.0176738 -1.72549e-05 -1.12559e-05 -0.0176738 0.0875775 -1.71416e-05 0.000167743 -1.72549e-05 -1.71416e-05 0.00972794 -0.0177772 -1.12559e-05 0.000167743 -0.0177772 0.0875941 
0.0095711 -0.0176479 -1.73899e-05 -1.55508e-05 -0.0176479 0.0874721 -2.07527e-05 0.000181994 -1.73899e-05 -2.07527e-05 0.00969178 -0.0177489 -1.55508e-05 0.000181994 -0.0177489 0.08745 
0.00958626 -0.0176485 -1.13954e-05 -2.0972e-05 -0.0176485 0.0874458 -2.37524e-05 0.00019962 -1.13954e-05 -2.37524e-05 0.00967109 -0.017719 -2.0972e-05 0.00019962 -0.017719 0.0873768 
0.00956865 -0.0176361 -2.74022e-05 -2.58427e-05 -0.0176361 0.0873059 -2.67353e-05 0.000208398 -2.74022e-05 -2.67353e-05 0.00965061 -0.0176576 -2.58427e-05 0.000208398 -0.0176576 0.0871293 
0.0095811 -0.0176725 -3.81164e-05 -6.58282e-06 -0.0176725 0.0874906 -1.00599e-05 0.000187569 -3.81164e-05 -1.00599e-05 0.00967046 -0.0176891 -6.58282e-06 0.000187569 -0.0176891 0.0872559 
0.00961315 -0.0177219 -3.43283e-05 6.78886e-06 -0.0177219 0.0877655 2.06076e-06 0.000155905 -3.43283e-05 2.06076e-06 0.00968628 -0.0177524 6.78886e-06 0.000155905 -0.0177524 0.0875422 
0.00962391 -0.0177457 -2.86877e-05 -1.70204e-08 -0.0177457 0.0878678 -1.44449e-06 0.000150682 -2.86877e-05 -1.44449e-06 0.00968456 -0.0177515 -1.70204e-08 0.000150682 -0.0177515 0.0876099 
0.00958786 -0.0176842 -1.51349e-05 -7.47066e-06 -0.0176842 0.0875598 -2.17223e-06 0.000153166 -1.51349e-05 -2.17223e-06 0.00964232 -0.0176639 -7.47066e-06 0.000153166 -0.0176639 0.0872283 
0.00960107 -0.0176831 -3.49816e-05 -2.12067e-05 -0.0176831 0.087565 -1.46119e-05 0.000171671 -3.49816e-05 -1.46119e-05 0.00961771 -0.017653 -2.12067e-05 0.000171671 -0.017653 0.0871824 
0.0095878 -0.0176747 -3.42535e-05 3.55139e-06 -0.0176747 0.0874788 6.99246e-06 0.000145664 -3.42535e-05 6.99246e-06 0.0095959 -0.017604 3.55139e-06 0.000145664 -0.017604 0.0870219 
0.00958806 -0.0176806 -3.39212e-05 6.57294e-06 -0.0176806 0.0875247 6.19841e-06 0.000121963 -3.39212e-05 6.19841e-06 0.00960049 -0.0175985 6.57294e-06 0.000121963 -0.0175985 0.0870137 
0.00956686 -0.0176659 -1.99624e-05 3.97636e-06 -0.0176659 0.087473 1.82348e-06 0.000125575 -1.99624e-05 1.82348e-06 0.00961569 -0.0175914 3.97636e-06 0.000125575 -0.0175914 0.086962 
0.00952379 -0.0175872 -3.88865e-06 -1.21308e-05 -0.0175872 0.0871533 -1.4125e-05 0.000150187 -3.88865e-06 -1.4125e-05 0.00960693 -0.0175629 -1.21308e-05 0.000150187 -0.0175629 0.0867319 
0.00951523 -0.0174992 -4.42085e-06 -3.32242e-05 -0.0174992 0.0867596 -3.0521e-05 0.000190649 -4.42085e-06 -3.0521e-05 0.00954709 -0.0175276 -3.32242e-05 0.000190649 -0.0175276 0.0864815 
0.00949125 -0.0175079 -1.73336e-06 -3.60362e-05 -0.0175079 0.0866519 -2.90525e-05 0.000210846 -1.73336e-06 -2.90525e-05 0.00953406 -0.0174714 -3.60362e-05 0.000210846 -0.0174714 0.0863351 
0.00948517 -0.0174695 -5.03147e-06 -3.4454e-05 -0.0174695 0.0865166 -2.99142e-05 0.000210565 -5.03147e-06 -2.99142e-05 0.00950409 -0.0174431 -3.4454e-05 0.000210565 -0.0174431 0.0861718 
0.00946715 -0.0174402 -2.0885e-05 -2.62987e-05 -0.0174402 0.0863276 -2.37926e-05 0.000195238 -2.0885e-05 -2.37926e-05 0.00947324 -0.0173858 -2.62987e-05 0.000195238 -0.0173858 0.0859424 
0.00946266 -0.0174835 -3.89742e-05 -6.59987e-06 -0.0174835 0.0865282 -5.69479e-06 0.00015909 -3.89742e-05 -5.69479e-06 0.00951348 -0.0174105 -6.59987e-06 0.00015909 -0.0174105 0.086088 
0.00944921 -0.0174902 -5.02614e-05 1.05273e-05 -0.0174902 0.0866631 9.66555e-06 0.000123614 -5.02614e-05 9.66555e-06 0.00956448 -0.0174689 1.05273e-05 0.000123614 -0.0174689 0.0862777 
0.00942618 -0.0174391 -6.35112e-05 2.32169e-05 -0.0174391 0.0865436 2.51569e-05 8.77057e-05 -6.35112e-05 2.51569e-05 0.00958337 -0.0175153 2.32169e-05 8.77057e-05 -0.0175153 0.0863679 
0.009438 -0.0174105 -5.80864e-05 3.78277e-05 -0.0174105 0.0864535 4.43973e-05 4.74681e-05 -5.80864e-05 4.43973e-05 0.00957123 -0.0175484 3.78277e-05 4.74681e-05 -0.0175484 0.0864852 
0.00948196 -0.0174719 -4.46735e-05 2.859e-05 -0.0174719 0.0866882 3.5076e-05 4.86759e-05 -4.46735e-05 3.5076e-05 0.00957786 -0.0175945 2.859e-05 4.86759e-05 -0.0175945 0.0867962 
0.00950105 -0.0175277 -2.3536e-05 1.10415e-05 -0.0175277 0.0868917 1.31089e-05 8.9229e-05 -2.3536e-05 1.31089e-05 0.00957802 -0.0175971 1.10415e-05 8.9229e-05 -0.0175971 0.0869276 
0.0094882 -0.0174948 -8.88379e-06 -1.7618e-05 -0.0174948 0.0867416 -1.72962e-05 0.0001579 -8.88379e-06 -1.72962e-05 0.00954607 -0.0175324 -1.7618e-05 0.0001579 -0.0175324 0.0866811 
0.00948825 -0.0174822 -3.31822e-06 -3.64735e-05 -0.0174822 0.086666 -3.4444e-05 0.000216179 -3.31822e-06 -3.4444e-05 0.00952721 -0.0174968 -3.64735e-05 0.000216179 -0.0174968 0.0865344 
0.00946192 -0.0174406 -9.60187e-07 -4.28251e-05 -0.0174406 0.0864334 -3.65507e-05 0.00024184 -9.60187e-07 -3.65507e-05 0.00951356 -0.0174384 -4.28251e-05 0.00024184 -0.0174384 0.0862573 
0.00943908 -0.017408 4.54943e-06 -4.36638e-05 -0.017408 0.0862774 -3.90547e-05 0.000251237 4.54943e-06 -3.90547e-05 0.00952148 -0.0174253 -4.36638e-05 0.000251237 -0.0174253 0.08612 
0.00940944 -0.0174001 -7.71178e-06 -4.72522e-05 -0.0174001 0.0862427 -4.8255e-05 0.000262172 -7.71178e-06 -4.8255e-05 0.009557 -0.017446 -4.72522e-05 0.000262172 -0.017446 0.0861345 
0.00941485 -0.0174073 -2.68713e-05 -2.4878e-05 -0.0174073 0.086385 -2.97535e-05 0.000229882 -2.68713e-05 -2.97535e-05 0.00959192 -0.0175374 -2.4878e-05 0.000229882 -0.0175374 0.0864323 
0.00942266 -0.0173841 -5.03246e-05 2.59783e-06 -0.0173841 0.0863168 -1.56396e-06 0.000163228 -5.03246e-05 -1.56396e-06 0.0095818 -0.0175587 2.59783e-06 0.000163228 -0.0175587 0.0865174 
0.00947188 -0.0174045 -5.89327e-05 2.98143e-05 -0.0174045 0.08636 2.70138e-05 9.05693e-05 -5.89327e-05 2.70138e-05 0.00954737 -0.0175605 2.98143e-05 9.05693e-05 -0.0175605 0.0865932 
0.00951139 -0.0175132 -6.42668e-05 4.16457e-05 -0.0175132 0.0867026 3.79835e-05 4.31035e-05 -6.42668e-05 3.79835e-05 0.00955506 -0.0175532 4.16457e-05 4.31035e-05 -0.0175532 0.0867406 
0.00954322 -0.0175983 -6.42343e-05 4.96656e-05 -0.0175983 0.0870988 4.37194e-05 1.5036e-05 -6.42343e-05 4.37194e-05 0.00957339 -0.0175749 4.96656e-05 1.5036e-05 -0.0175749 0.0869039 
0.00953063 -0.0175905 -4.49249e-05 4.5983e-05 -0.0175905 0.0871034 3.64391e-05 1.96598e-05 -4.49249e-05 3.64391e-05 0.00958077 -0.0175503 4.5983e-05 1.96598e-05 -0.0175503 0.0867924 
0.0095058 -0.0175284 -2.47555e-05 2.14227e-05 -0.0175284 0.0868553 1.48781e-05 5.91736e-05 -2.47555e-05 1.48781e-05 0.00956848 -0.0175207 2.14227e-05 5.91736e-05 -0.0175207 0.0865665 
0.00949053 -0.0175215 -1.29185e-05 -3.87881e-06 -0.0175215 0.0868055 -8.97862e-06 0.000117503 -1.29185e-05 -8.97862e-06 0.00958152 -0.0175274 -3.87881e-06 0.000117503 -0.0175274 0.0865536 
0.00948926 -0.0175381 -4.30885e-06 -2.19173e-05 -0.0175381 0.0869199 -2.60759e-05 0.000173361 -4.30885e-06 -2.60759e-05 0.00960889 -0.0175691 -2.19173e-05 0.000173361 -0.0175691 0.0867052 
0.00950465 -0.017562 -1.60593e-05 -3.47293e-05 -0.017562 0.087101 -3.51221e-05 0.000212729 -1.60593e-05 -3.51221e-05 0.00963755 -0.0176338 -3.47293e-05 0.000212729 -0.0176338 0.0869711 
0.00952542 -0.0175801 -4.18634e-05 -1.99823e-05 -0.0175801 0.0872171 -1.76922e-05 0.000199373 -4.18634e-05 -1.76922e-05 0.0096511 -0.0176755 -1.99823e-05 0.000199373 -0.0176755 0.0871707 
0.00953752 -0.0175575 -5.45146e-05 1.32463e-05 -0.0175575 0.0870802 1.81859e-05 0.000131141 -5.45146e-05 1.81859e-05 0.00962527 -0.017648 1.32463e-05 0.000131141 -0.017648 0.0870658 
0.00954927 -0.0176107 -4.64064e-05 3.21132e-05 -0.0176107 0.0872417 3.75452e-05 6.62898e-05 -4.64064e-05 3.75452e-05 0.00964687 -0.01766 3.21132e-05 6.62898e-05 -0.01766 0.0871763 
0.00952021 -0.017567 -3.89067e-05 2.31249e-05 -0.017567 0.0870498 2.56108e-05 5.88384e-05 -3.89067e-05 2.56108e-05 0.00962897 -0.0176243 2.31249e-05 5.88384e-05 -0.0176243 0.0869628 
0.00946394 -0.0174688 -3.46049e-05 1.06737e-05 -0.0174688 0.0865917 1.2921e-05 8.51494e-05 -3.46049e-05 1.2921e-05 0.00958685 -0.0175417 1.06737e-05 8.51494e-05 -0.0175417 0.0865343 
0.00945783 -0.0174612 -3.42377e-05 3.7392e-06 -0.0174612 0.0865757 7.76002e-06 0.000107114 -3.42377e-05 7.76002e-06 0.00958209 -0.0175513 3.7392e-06 0.000107114 -0.0175513 0.0865591 
0.00948744 -0.0174989 -3.46304e-05 2.96463e-06 -0.0174989 0.0867793 8.77904e-06 0.000114387 -3.46304e-05 8.77904e-06 0.00958796 -0.0175927 2.96463e-06 0.000114387 -0.0175927 0.0867911 
0.00948289 -0.0174758 -2.98261e-05 7.73485e-06 -0.0174758 0.0866368 1.0664e-05 0.000107621 -2.98261e-05 1.0664e-05 0.00955766 -0.0175391 7.73485e-06 0.000107621 -0.0175391 0.0866114 
0.00947847 -0.017497 -2.83688e-05 -1.06956e-06 -0.017497 0.0867025 -4.35728e-06 0.000129844 -2.83688e-05 -4.35728e-06 0.00957082 -0.0175303 -1.06956e-06 0.000129844 -0.0175303 0.0866094 
0.00947219 -0.0175036 -2.23997e-05 4.44952e-06 -0.0175036 0.0867853 -8.02716e-06 0.00013583 -2.23997e-05 -8.02716e-06 0.00959126 -0.017558 4.44952e-06 0.00013583 -0.017558 0.0866916 
0.00946295 -0.0174741 -2.22958e-05 -4.48424e-07 -0.0174741 0.0866948 -1.46886e-05 0.000142551 -2.22958e-05 -1.46886e-05 0.00958504 -0.0175551 -4.48424e-07 0.000142551 -0.0175551 0.0866449 
0.00945459 -0.0174246 -2.07706e-05 -2.53587e-06 -0.0174246 0.086447 -1.18038e-05 0.000142659 -2.07706e-05 -1.18038e-05 0.00954369 -0.0175085 -2.53587e-06 0.000142659 -0.0175085 0.0864204 
0.00949227 -0.0174582 -3.33364e-05 -7.21593e-06 -0.0174582 0.0865227 -7.74228e-06 0.000140065 -3.33364e-05 -7.74228e-06 0.00949876 -0.0174864 -7.21593e-06 0.000140065 -0.0174864 0.0863934 
0.00951545 -0.0175107 -3.00061e-05 6.17325e-07 -0.0175107 0.0866653 6.92529e-06 0.000126753 -3.00061e-05 6.92529e-06 0.00947316 -0.0174387 6.17325e-07 0.000126753 -0.0174387 0.0863285 
0.00949288 -0.0175181 -2.9819e-05 -6.48929e-06 -0.0175181 0.0866741 3.08575e-06 0.00012858 -2.9819e-05 3.08575e-06 0.00947461 -0.0173878 -6.48929e-06 0.00012858 -0.0173878 0.0861525 
0.00944964 -0.0174359 -1.09343e-05 -5.29004e-07 -0.0174359 0.08637 8.00926e-06 0.000117612 -1.09343e-05 8.00926e-06 0.00945571 -0.0173424 -5.29004e-07 0.000117612 -0.0173424 0.0858471 
0.00942481 -0.0173866 -2.1517e-06 -1.764e-05 -0.0173866 0.0861658 -1.0135e-05 0.000130583 -2.1517e-06 -1.0135e-05 0.00944618 -0.0173298 -1.764e-05 0.000130583 -0.0173298 0.0857293 
0.0094217 -0.0173802 -1.2128e-05 -2.88318e-05 -0.0173802 0.0861412 -2.27189e-05 0.000159491 -1.2128e-05 -2.27189e-05 0.00944622 -0.0173411 -2.88318e-05 0.000159491 -0.0173411 0.0857749 
0.00940183 -0.0173556 -1.49152e-05 -1.65832e-05 -0.0173556 0.0860295 -1.58909e-05 0.000158498 -1.49152e-05 -1.58909e-05 0.00944862 -0.0173281 -1.65832e-05 0.000158498 -0.0173281 0.0857195 
0.00942297 -0.017382 -3.19915e-05 -9.0211e-06 -0.017382 0.0861977 -1.18926e-05 0.000141353 -3.19915e-05 -1.18926e-05 0.00946494 -0.0173852 -9.0211e-06 0.000141353 -0.0173852 0.0859597 
0.00941016 -0.0173771 -4.36512e-05 1.27211e-05 -0.0173771 0.0861552 9.27548e-06 9.95697e-05 -4.36512e-05 9.27548e-06 0.00946237 -0.0173655 1.27211e-05 9.95697e-05 -0.0173655 0.0859154 
0.0093772 -0.0173563 -4.77046e-05 3.2309e-05 -0.0173563 0.086089 2.5987e-05 4.70797e-05 -4.77046e-05 2.5987e-05 0.00947299 -0.0173539 3.2309e-05 4.70797e-05 -0.0173539 0.0858524 
0.00932881 -0.0172435 -4.72363e-05 4.46797e-05 -0.0172435 0.0856465 3.37671e-05 3.38175e-06 -4.72363e-05 3.37671e-05 0.00944194 -0.0173013 4.46797e-05 3.38175e-06 -0.0173013 0.0855152 
0.00930054 -0.0171573 -2.78745e-05 4.40037e-05 -0.0171573 0.0852361 3.2549e-05 -1.23695e-05 -2.78745e-05 3.2549e-05 0.00940045 -0.0172517 4.40037e-05 -1.23695e-05 -0.0172517 0.085234 
0.0092941 -0.017104 -8.11403e-06 1.47632e-05 -0.017104 0.0849086 1.01855e-05 2.50348e-05 -8.11403e-06 1.01855e-05 0.00934359 -0.0171875 1.47632e-05 2.50348e-05 -0.0171875 0.0849474 
0.00931524 -0.0171414 3.5356e-06 -1.7127e-05 -0.0171414 0.0849676 -1.55354e-05 9.60449e-05 3.5356e-06 -1.55354e-05 0.00932815 -0.0171597 -1.7127e-05 9.60449e-05 -0.0171597 0.0849104 
0.00931148 -0.0171693 4.8532e-06 -3.57967e-05 -0.0171693 0.0850306 -2.93849e-05 0.000153998 4.8532e-06 -2.93849e-05 0.0093393 -0.0171332 -3.57967e-05 0.000153998 -0.0171332 0.0848269 
0.00931344 -0.0171964 -6.18094e-06 -4.11741e-05 -0.0171964 0.0851975 -3.28303e-05 0.000186404 -6.18094e-06 -3.28303e-05 0.00937553 -0.0171763 -4.11741e-05 0.000186404 -0.0171763 0.0849551 
0.00930866 -0.0172045 -1.89802e-05 -2.76866e-05 -0.0172045 0.0853 -2.53785e-05 0.000185647 -1.89802e-05 -2.53785e-05 0.00940753 -0.0172335 -2.76866e-05 0.000185647 -0.0172335 0.0851399 
0.009314 -0.0172323 -2.24539e-05 -7.4436e-06 -0.0172323 0.0854959 -1.10385e-05 0.000155044 -2.24539e-05 -1.10385e-05 0.00944481 -0.0173035 -7.4436e-06 0.000155044 -0.0173035 0.0854384 
0.00936316 -0.0173035 -2.51534e-05 -2.6047e-06 -0.0173035 0.0859126 -8.53177e-06 0.000136224 -2.51534e-05 -8.53177e-06 0.00947724 -0.0174087 -2.6047e-06 0.000136224 -0.0174087 0.0859422 
