0.0070398 0 5.28403e-05 0 0 0.00988537 0 0 5.28403e-05 0 0.00690859 0 0 0 0 0.00988537 
0.00959846 -0.0119123 5.43573e-05 -6.56494e-05 -0.0119123 0.031594 -6.56494e-05 0.000126377 5.43573e-05 -6.56494e-05 0.00947348 -0.0117601 -6.56494e-05 0.000126377 -0.0117601 0.0313016 
0.0098866 -0.0183635 2.79357e-05 -4.54463e-05 -0.0183635 0.0676701 -4.54463e-05 0.000132643 2.79357e-05 -4.54463e-05 0.00979232 -0.0182709 -4.54463e-05 0.000132643 -0.0182709 0.0674035 
0.0093777 -0.0180306 3.2791e-05 4.84399e-05 -0.0180306 0.0807079 4.14206e-05 -0.000260979 3.2791e-05 4.14206e-05 0.00934897 -0.018142 4.84399e-05 -0.000260979 -0.018142 0.0815116 
0.00908064 -0.0168852 4.39107e-05 3.77045e-05 -0.0168852 0.0812106 2.72833e-05 -0.000420651 4.39107e-05 2.72833e-05 0.00906969 -0.0170777 3.77045e-05 -0.000420651 -0.0170777 0.0826872 
0.00934463 -0.0170903 2.84788e-05 2.93634e-06 -0.0170903 0.0836239 -4.03364e-06 -0.000334293 2.84788e-05 -4.03364e-06 0.00929631 -0.0172358 2.93634e-06 -0.000334293 -0.0172358 0.0849901 
0.00954746 -0.0174015 2.19675e-05 1.33286e-05 -0.0174015 0.085451 8.51908e-06 -0.000257883 2.19675e-05 8.51908e-06 0.00947419 -0.0174721 1.33286e-05 -0.000257883 -0.0174721 0.0864544 
0.00970914 -0.0177183 2.09014e-05 1.78191e-05 -0.0177183 0.087153 1.52709e-05 -0.000224525 2.09014e-05 1.52709e-05 0.00966121 -0.0177543 1.78191e-05 -0.000224525 -0.0177543 0.087892 
0.00950686 -0.0172858 3.04654e-05 1.80086e-05 -0.0172858 0.0851788 1.44392e-05 -0.000199491 3.04654e-05 1.44392e-05 0.00944291 -0.0173687 1.80086e-05 -0.000199491 -0.0173687 0.0858762 
0.00934952 -0.0170208 3.54353e-05 1.04522e-05 -0.0170208 0.0838083 5.06043e-06 -0.000179128 3.54353e-05 5.06043e-06 0.00931267 -0.0171081 1.04522e-05 -0.000179128 -0.0171081 0.0845497 
0.00965678 -0.0175985 5.22195e-05 2.40888e-06 -0.0175985 0.0866427 2.64828e-06 -0.000170324 5.22195e-05 2.64828e-06 0.00964237 -0.0177117 2.40888e-06 -0.000170324 -0.0177117 0.0874596 
0.0096156 -0.0174886 5.68937e-05 -1.54936e-05 -0.0174886 0.086115 -1.05659e-05 -0.000145564 5.68937e-05 -1.05659e-05 0.00959047 -0.0176265 -1.54936e-05 -0.000145564 -0.0176265 0.0869866 
0.00960528 -0.0174574 5.35762e-05 -2.15678e-05 -0.0174574 0.0858713 -1.85827e-05 -0.000121745 5.35762e-05 -1.85827e-05 0.00956075 -0.0175774 -2.15678e-05 -0.000121745 -0.0175774 0.0867323 
0.00958977 -0.0174689 3.7225e-05 -1.35329e-05 -0.0174689 0.085842 -1.50894e-05 -0.000126774 3.7225e-05 -1.50894e-05 0.00954086 -0.0175563 -1.35329e-05 -0.000126774 -0.0175563 0.0866293 
0.00958647 -0.0174509 2.00976e-05 8.82752e-06 -0.0174509 0.0857894 5.09719e-06 -0.000166499 2.00976e-05 5.09719e-06 0.00952345 -0.0175296 8.82752e-06 -0.000166499 -0.0175296 0.0865202 
0.00959514 -0.0174384 1.41944e-06 2.34452e-05 -0.0174384 0.085716 2.55429e-05 -0.000208952 1.41944e-06 2.55429e-05 0.00949567 -0.0175094 2.34452e-05 -0.000208952 -0.0175094 0.086426 
0.0095805 -0.0174459 3.64164e-06 4.29191e-05 -0.0174459 0.0856801 5.27629e-05 -0.000262039 3.64164e-06 5.27629e-05 0.00947812 -0.0174742 4.29191e-05 -0.000262039 -0.0174742 0.0863199 
0.00955906 -0.0174334 2.69283e-05 3.99044e-05 -0.0174334 0.0856556 5.23271e-05 -0.000283387 2.69283e-05 5.23271e-05 0.00946847 -0.0174523 3.99044e-05 -0.000283387 -0.0174523 0.0862385 
0.00953991 -0.0174082 3.7764e-05 1.36349e-05 -0.0174082 0.0855874 2.68818e-05 -0.000250924 3.7764e-05 2.68818e-05 0.00945701 -0.0174238 1.36349e-05 -0.000250924 -0.0174238 0.0861224 
0.00955993 -0.0174618 4.53113e-05 -2.92908e-07 -0.0174618 0.0858909 1.07088e-05 -0.000207062 4.53113e-05 1.07088e-05 0.00949021 -0.0174779 -2.92908e-07 -0.000207062 -0.0174779 0.0863942 
0.00958116 -0.0174931 4.865e-05 -7.81341e-06 -0.0174931 0.0861136 -7.82636e-06 -0.000166594 4.865e-05 -7.82636e-06 0.00950244 -0.0175308 -7.81341e-06 -0.000166594 -0.0175308 0.0866403 
0.00958091 -0.0174692 4.44064e-05 -1.29989e-05 -0.0174692 0.0860136 -1.87345e-05 -0.000131167 4.44064e-05 -1.87345e-05 0.00948729 -0.0174937 -1.29989e-05 -0.000131167 -0.0174937 0.0865289 
0.00957738 -0.0174626 3.60021e-05 -1.38245e-05 -0.0174626 0.085949 -1.54067e-05 -0.000113101 3.60021e-05 -1.54067e-05 0.00948329 -0.0174703 -1.38245e-05 -0.000113101 -0.0174703 0.086429 
0.00956176 -0.0174719 4.10514e-05 -5.01703e-06 -0.0174719 0.0859812 -4.07332e-07 -0.000127996 4.10514e-05 -4.07332e-07 0.00949195 -0.0174772 -5.01703e-06 -0.000127996 -0.0174772 0.0864392 
0.00953916 -0.0174183 2.9933e-05 -8.75513e-06 -0.0174183 0.0857952 -4.2808e-06 -0.000132437 2.9933e-05 -4.2808e-06 0.00947651 -0.0174533 -8.75513e-06 -0.000132437 -0.0174533 0.0862921 
0.00950035 -0.0173406 3.63053e-05 4.99517e-06 -0.0173406 0.0854216 4.85537e-06 -0.000145664 3.63053e-05 4.85537e-06 0.00945482 -0.0173896 4.99517e-06 -0.000145664 -0.0173896 0.0859683 
0.00947479 -0.0173166 4.7947e-05 -7.86436e-07 -0.0173166 0.0853095 -5.21793e-06 -0.000142133 4.7947e-05 -5.21793e-06 0.00946384 -0.0174009 -7.86436e-07 -0.000142133 -0.0174009 0.0859477 
0.00947538 -0.0173044 4.18909e-05 -1.03544e-05 -0.0173044 0.0852946 -1.8702e-05 -0.000122703 4.18909e-05 -1.8702e-05 0.00947335 -0.0174284 -1.03544e-05 -0.000122703 -0.0174284 0.0860327 
0.00947334 -0.0173046 3.53242e-05 -7.07208e-06 -0.0173046 0.0852959 -1.77993e-05 -0.000109186 3.53242e-05 -1.77993e-05 0.00946431 -0.0174468 -7.07208e-06 -0.000109186 -0.0174468 0.0861151 
0.00943361 -0.0172593 3.05632e-05 -1.50238e-07 -0.0172593 0.0850769 -8.74564e-06 -0.000118341 3.05632e-05 -8.74564e-06 0.00943668 -0.0173839 -1.50238e-07 -0.000118341 -0.0173839 0.0858852 
0.00938699 -0.017174 1.75789e-05 2.67081e-06 -0.017174 0.0847234 -4.26027e-06 -0.000125091 1.75789e-05 -4.26027e-06 0.00939785 -0.0173096 2.67081e-06 -0.000125091 -0.0173096 0.0855298 
0.00938132 -0.0171618 1.87315e-05 1.79976e-05 -0.0171618 0.0846971 1.05766e-05 -0.000148623 1.87315e-05 1.05766e-05 0.00939681 -0.0173098 1.79976e-05 -0.000148623 -0.0173098 0.0855296 
0.0093855 -0.0171634 2.77505e-05 1.88013e-05 -0.0171634 0.0847322 1.51579e-05 -0.000169351 2.77505e-05 1.51579e-05 0.00939181 -0.0173263 1.88013e-05 -0.000169351 -0.0173263 0.0856079 
0.00939864 -0.0171303 3.15089e-05 1.53419e-06 -0.0171303 0.0845651 5.44931e-06 -0.000150614 3.15089e-05 5.44931e-06 0.00934042 -0.0172761 1.53419e-06 -0.000150614 -0.0172761 0.0854235 
0.00942825 -0.0171732 3.91688e-05 -5.30498e-06 -0.0171732 0.0846385 -5.95035e-07 -0.000127557 3.91688e-05 -5.95035e-07 0.00931616 -0.0172258 -5.30498e-06 -0.000127557 -0.0172258 0.0853233 
0.00940028 -0.0171666 1.91421e-05 -1.13056e-05 -0.0171666 0.0845026 -1.19802e-05 -0.000105177 1.91421e-05 -1.19802e-05 0.00928913 -0.0171332 -1.13056e-05 -0.000105177 -0.0171332 0.0849397 
0.00936839 -0.0171282 1.89354e-05 8.56446e-06 -0.0171282 0.0843497 8.00232e-06 -0.000121764 1.89354e-05 8.00232e-06 0.00927896 -0.0170823 8.56446e-06 -0.000121764 -0.0170823 0.0846415 
0.00935232 -0.0171031 1.53796e-05 1.20089e-05 -0.0171031 0.0842683 1.41675e-05 -0.000147217 1.53796e-05 1.41675e-05 0.00927237 -0.017076 1.20089e-05 -0.000147217 -0.017076 0.0845329 
0.00934038 -0.0171059 2.22882e-05 1.54718e-05 -0.0171059 0.0843039 1.91775e-05 -0.000160263 2.22882e-05 1.91775e-05 0.00926839 -0.0170912 1.54718e-05 -0.000160263 -0.0170912 0.0845852 
0.00935805 -0.0171148 3.33404e-05 4.04224e-06 -0.0171148 0.0844212 1.35769e-05 -0.000152424 3.33404e-05 1.35769e-05 0.00926188 -0.0171164 4.04224e-06 -0.000152424 -0.0171164 0.08474 
0.00935386 -0.0171015 3.1303e-05 -9.09493e-06 -0.0171015 0.0843423 3.39886e-06 -0.000132071 3.1303e-05 3.39886e-06 0.00923835 -0.0170749 -9.09493e-06 -0.000132071 -0.0170749 0.0846333 
0.00936755 -0.0170828 1.90407e-05 -5.59464e-06 -0.0170828 0.0842419 4.12974e-06 -0.000125471 1.90407e-05 4.12974e-06 0.00921477 -0.0170359 -5.59464e-06 -0.000125471 -0.0170359 0.0844864 
0.00977237 -0.0178418 2.51054e-05 1.1449e-05 -0.0178418 0.0878791 1.50624e-05 -0.000150352 2.51054e-05 1.50624e-05 0.00961249 -0.0177453 1.1449e-05 -0.000150352 -0.0177453 0.0880419 
0.00978173 -0.0178329 4.16351e-05 5.91437e-06 -0.0178329 0.0878285 4.66747e-06 -0.000147487 4.16351e-05 4.66747e-06 0.00960692 -0.0177309 5.91437e-06 -0.000147487 -0.0177309 0.0879322 
0.00939828 -0.0171467 6.19639e-05 -1.53654e-05 -0.0171467 0.0843843 -1.50957e-05 -0.000104183 6.19639e-05 -1.50957e-05 0.00922693 -0.0170348 -1.53654e-05 -0.000104183 -0.0170348 0.0844512 
0.00942832 -0.0172257 5.57035e-05 -4.49168e-05 -0.0172257 0.0847582 -4.16118e-05 -4.1258e-05 5.57035e-05 -4.16118e-05 0.00925931 -0.0171 -4.49168e-05 -4.1258e-05 -0.0171 0.0847766 
0.00941588 -0.0172083 5.13643e-05 -3.87584e-05 -0.0172083 0.0847228 -3.83436e-05 -1.59303e-05 5.13643e-05 -3.83436e-05 0.00926086 -0.0170904 -3.87584e-05 -1.59303e-05 -0.0170904 0.0847385 
0.00943844 -0.0172173 3.04872e-05 -2.65007e-05 -0.0172173 0.0848061 -3.25011e-05 -3.07769e-05 3.04872e-05 -3.25011e-05 0.00926797 -0.0171214 -2.65007e-05 -3.07769e-05 -0.0171214 0.0848643 
0.00943705 -0.0172129 2.36719e-07 2.01344e-06 -0.0172129 0.0847325 -7.10243e-06 -8.07859e-05 2.36719e-07 -7.10243e-06 0.00924924 -0.0170998 2.01344e-06 -8.07859e-05 -0.0170998 0.0847896 
0.00937995 -0.0171839 -4.55831e-06 3.93515e-05 -0.0171839 0.0845611 2.82231e-05 -0.000161082 -4.55831e-06 2.82231e-05 0.00926228 -0.0170445 3.93515e-05 -0.000161082 -0.0170445 0.0845651 
0.00934648 -0.0171476 6.50098e-06 5.01652e-05 -0.0171476 0.0845413 3.73804e-05 -0.000216708 6.50098e-06 3.73804e-05 0.00930031 -0.017096 5.01652e-05 -0.000216708 -0.017096 0.0846595 
0.00933007 -0.0170823 1.32273e-05 3.54846e-05 -0.0170823 0.0843546 2.69327e-05 -0.000214999 1.32273e-05 2.69327e-05 0.0093042 -0.0171312 3.54846e-05 -0.000214999 -0.0171312 0.084714 
0.00933467 -0.0170909 2.5319e-05 2.16484e-05 -0.0170909 0.0843871 2.26241e-05 -0.000194281 2.5319e-05 2.26241e-05 0.00932339 -0.0171695 2.16484e-05 -0.000194281 -0.0171695 0.084904 
0.00935144 -0.0171239 3.55995e-05 1.25725e-06 -0.0171239 0.0845502 1.14607e-05 -0.000161734 3.55995e-05 1.14607e-05 0.00934126 -0.0172161 1.25725e-06 -0.000161734 -0.0172161 0.0851359 
0.00936249 -0.0171185 3.89194e-05 -1.24729e-05 -0.0171185 0.0845411 8.25893e-07 -0.00012937 3.89194e-05 8.25893e-07 0.00933109 -0.0172169 -1.24729e-05 -0.00012937 -0.0172169 0.0851628 
0.00933149 -0.0170621 3.67221e-05 -1.51681e-05 -0.0170621 0.0842133 -5.05326e-07 -0.000116097 3.67221e-05 -5.05326e-07 0.00929817 -0.0171316 -1.51681e-05 -0.000116097 -0.0171316 0.0847983 
0.00969778 -0.0177572 4.76098e-05 -8.51838e-06 -0.0177572 0.0876133 4.81869e-06 -0.000132274 4.76098e-05 4.81869e-06 0.00968902 -0.0178164 -8.51838e-06 -0.000132274 -0.0178164 0.0881647 
0.00967782 -0.0177473 5.20802e-05 -2.03626e-05 -0.0177473 0.0876017 -7.14814e-06 -0.000121672 5.20802e-05 -7.14814e-06 0.00971358 -0.0178373 -2.03626e-05 -0.000121672 -0.0178373 0.0881787 
0.0096917 -0.0177456 5.14913e-05 -3.00147e-05 -0.0177456 0.0876695 -1.54546e-05 -9.65974e-05 5.14913e-05 -1.54546e-05 0.00973411 -0.017896 -3.00147e-05 -9.65974e-05 -0.017896 0.0883622 
0.00933209 -0.0170564 4.00824e-05 -3.02837e-05 -0.0170564 0.084231 -1.39356e-05 -8.19803e-05 4.00824e-05 -1.39356e-05 0.00933565 -0.0172073 -3.02837e-05 -8.19803e-05 -0.0172073 0.0849584 
0.00936101 -0.0170785 1.85238e-05 -1.26403e-05 -0.0170785 0.0842633 -1.8285e-06 -0.000105356 1.85238e-05 -1.8285e-06 0.00931074 -0.0171888 -1.26403e-05 -0.000105356 -0.0171888 0.0849498 
0.00941475 -0.0171565 2.03673e-05 2.4168e-05 -0.0171565 0.0845389 2.26722e-05 -0.000173381 2.03673e-05 2.26722e-05 0.00930528 -0.0171962 2.4168e-05 -0.000173381 -0.0171962 0.0850824 
0.00944755 -0.0172187 3.69274e-05 3.20444e-05 -0.0172187 0.0847397 2.35965e-05 -0.000221005 3.69274e-05 2.35965e-05 0.00929175 -0.0171766 3.20444e-05 -0.000221005 -0.0171766 0.0850812 
0.00946224 -0.0172828 5.99356e-05 1.14653e-05 -0.0172828 0.0850046 7.6544e-07 -0.00020103 5.99356e-05 7.6544e-07 0.00931243 -0.0171809 1.14653e-05 -0.00020103 -0.0171809 0.0851654 
0.00943695 -0.0172764 5.67292e-05 -1.95945e-05 -0.0172764 0.0850221 -2.99292e-05 -0.000136507 5.67292e-05 -2.99292e-05 0.00934067 -0.0171758 -1.95945e-05 -0.000136507 -0.0171758 0.0851085 
0.00939502 -0.0171826 5.45079e-05 -2.08622e-05 -0.0171826 0.0846785 -3.04328e-05 -9.89125e-05 5.45079e-05 -3.04328e-05 0.00932868 -0.0171564 -2.08622e-05 -9.89125e-05 -0.0171564 0.0848718 
0.0093907 -0.0171562 6.65018e-05 -1.85692e-05 -0.0171562 0.0845661 -2.964e-05 -9.07317e-05 6.65018e-05 -2.964e-05 0.0093142 -0.0171751 -1.85692e-05 -9.07317e-05 -0.0171751 0.0849002 
0.00938493 -0.0171312 6.8006e-05 -3.40999e-05 -0.0171312 0.0844189 -4.50071e-05 -6.30653e-05 6.8006e-05 -4.50071e-05 0.00929509 -0.017144 -3.40999e-05 -6.30653e-05 -0.017144 0.0848055 
0.00938643 -0.0171136 5.25735e-05 -4.17014e-05 -0.0171136 0.0842851 -4.77476e-05 -3.57182e-05 5.25735e-05 -4.77476e-05 0.00925541 -0.0171022 -4.17014e-05 -3.57182e-05 -0.0171022 0.0846365 
0.00942873 -0.0172126 3.44526e-05 -3.11614e-05 -0.0172126 0.0846958 -2.72712e-05 -4.47658e-05 3.44526e-05 -2.72712e-05 0.00927607 -0.017142 -3.11614e-05 -4.47658e-05 -0.017142 0.0849263 
0.00946329 -0.0173115 1.23406e-05 -9.04786e-06 -0.0173115 0.0851951 -1.57064e-06 -9.18897e-05 1.23406e-05 -1.57064e-06 0.00932092 -0.0172093 -9.04786e-06 -9.18897e-05 -0.0172093 0.0853121 
0.00947909 -0.0173157 1.08282e-05 2.56963e-05 -0.0173157 0.0853083 2.85403e-05 -0.000168476 1.08282e-05 2.85403e-05 0.00932187 -0.0172317 2.56963e-05 -0.000168476 -0.0172317 0.085415 
0.00940565 -0.0171825 7.57186e-06 3.63909e-05 -0.0171825 0.0846456 3.31315e-05 -0.000221651 7.57186e-06 3.31315e-05 0.00927278 -0.0170851 3.63909e-05 -0.000221651 -0.0170851 0.0847423 
0.00936802 -0.0171325 2.02848e-05 4.12723e-05 -0.0171325 0.0844019 3.54401e-05 -0.000243711 2.02848e-05 3.54401e-05 0.00927925 -0.0170622 4.12723e-05 -0.000243711 -0.0170622 0.0845284 
0.0093633 -0.0171174 5.71005e-05 2.05775e-05 -0.0171174 0.0843738 1.7225e-05 -0.00021709 5.71005e-05 1.7225e-05 0.00928627 -0.0171085 2.05775e-05 -0.00021709 -0.0171085 0.0846253 
0.00936571 -0.0171417 6.55252e-05 -2.95468e-05 -0.0171417 0.0844962 -2.64659e-05 -0.000127655 6.55252e-05 -2.64659e-05 0.00931502 -0.017151 -2.95468e-05 -0.000127655 -0.017151 0.0848418 
0.00939068 -0.0171577 5.18821e-05 -4.19735e-05 -0.0171577 0.0846185 -3.77087e-05 -6.49074e-05 5.18821e-05 -3.77087e-05 0.00932874 -0.0171953 -4.19735e-05 -6.49074e-05 -0.0171953 0.0850341 
0.00939431 -0.0171755 4.09645e-05 -2.46975e-05 -0.0171755 0.0846653 -2.30169e-05 -6.97012e-05 4.09645e-05 -2.30169e-05 0.00934305 -0.0172063 -2.46975e-05 -6.97012e-05 -0.0172063 0.0851096 
0.00939382 -0.0171611 3.72676e-05 -7.43663e-06 -0.0171611 0.0846052 -6.49999e-06 -0.000106688 3.72676e-05 -6.49999e-06 0.00933274 -0.0172046 -7.43663e-06 -0.000106688 -0.0172046 0.0850717 
0.00941765 -0.0172042 4.93135e-05 -1.47901e-06 -0.0172042 0.0847905 4.84654e-07 -0.000136413 4.93135e-05 4.84654e-07 0.00935099 -0.0172362 -1.47901e-06 -0.000136413 -0.0172362 0.0852515 
0.00945476 -0.0172224 5.827e-05 -1.53943e-05 -0.0172224 0.0848584 -1.05629e-05 -0.000131727 5.827e-05 -1.05629e-05 0.00933717 -0.0172381 -1.53943e-05 -0.000131727 -0.0172381 0.0852748 
0.00943763 -0.0172179 6.90003e-05 -2.68616e-05 -0.0172179 0.0847037 -1.94978e-05 -0.000110212 6.90003e-05 -1.94978e-05 0.00932134 -0.0171641 -2.68616e-05 -0.000110212 -0.0171641 0.0849848 
0.00944854 -0.0172378 7.61217e-05 -3.93101e-05 -0.0172378 0.0848006 -2.94252e-05 -8.82391e-05 7.61217e-05 -2.94252e-05 0.00932563 -0.0171844 -3.93101e-05 -8.82391e-05 -0.0171844 0.0850136 
0.00946801 -0.0173033 7.26038e-05 -4.44367e-05 -0.0173033 0.0851164 -3.73006e-05 -7.27427e-05 7.26038e-05 -3.73006e-05 0.00935852 -0.0172477 -4.44367e-05 -7.27427e-05 -0.0172477 0.0853185 
0.00947336 -0.0173112 5.64011e-05 -3.47421e-05 -0.0173112 0.0852146 -3.18232e-05 -8.40772e-05 5.64011e-05 -3.18232e-05 0.00936909 -0.0172707 -3.47421e-05 -8.40772e-05 -0.0172707 0.0854353 
0.00945857 -0.0173087 4.56374e-05 -1.35446e-05 -0.0173087 0.0852407 -1.08541e-05 -0.000125636 4.56374e-05 -1.08541e-05 0.00939688 -0.0172885 -1.35446e-05 -0.000125636 -0.0172885 0.085522 
0.00946534 -0.0172838 3.92917e-05 2.44516e-06 -0.0172838 0.0851986 5.41207e-06 -0.000175427 3.92917e-05 5.41207e-06 0.00939945 -0.0173197 2.44516e-06 -0.000175427 -0.0173197 0.0855959 
0.00944523 -0.0172644 5.26887e-05 8.86935e-06 -0.0172644 0.0850544 1.41577e-05 -0.000207219 5.26887e-05 1.41577e-05 0.00939038 -0.0172902 8.86935e-06 -0.000207219 -0.0172902 0.0854861 
0.00943888 -0.0172271 6.3645e-05 -1.04342e-05 -0.0172271 0.0848922 -2.54985e-06 -0.000189648 6.3645e-05 -2.54985e-06 0.00936718 -0.0172644 -1.04342e-05 -0.000189648 -0.0172644 0.085343 
0.00944613 -0.0172532 7.00084e-05 -2.20911e-05 -0.0172532 0.084967 -1.37496e-05 -0.000162558 7.00084e-05 -1.37496e-05 0.00937377 -0.0172651 -2.20911e-05 -0.000162558 -0.0172651 0.0853828 
0.00947564 -0.0173081 6.45342e-05 -2.91922e-05 -0.0173081 0.0852309 -1.858e-05 -0.000145014 6.45342e-05 -1.858e-05 0.00938898 -0.0173039 -2.91922e-05 -0.000145014 -0.0173039 0.0855794 
0.00953035 -0.017415 4.75437e-05 -2.50708e-05 -0.017415 0.0857471 -1.29645e-05 -0.000145235 4.75437e-05 -1.29645e-05 0.00942579 -0.0173869 -2.50708e-05 -0.000145235 -0.0173869 0.0860234 
0.00951008 -0.0174123 4.39987e-05 -2.91087e-06 -0.0174123 0.085747 6.66632e-06 -0.000180807 4.39987e-05 6.66632e-06 0.00943147 -0.0173612 -2.91087e-06 -0.000180807 -0.0173612 0.0859515 
0.00948733 -0.0173612 4.62388e-05 6.21385e-06 -0.0173612 0.0855924 1.09704e-05 -0.000213069 4.62388e-05 1.09704e-05 0.00943581 -0.0173491 6.21385e-06 -0.000213069 -0.0173491 0.0858321 
0.00947333 -0.0173509 5.25809e-05 6.88764e-06 -0.0173509 0.0855774 5.90035e-06 -0.000221361 5.25809e-05 5.90035e-06 0.0094662 -0.0173852 6.88764e-06 -0.000221361 -0.0173852 0.0859326 
0.00944544 -0.0172952 5.85172e-05 1.39484e-06 -0.0172952 0.0853522 -3.13759e-06 -0.000212135 5.85172e-05 -3.13759e-06 0.00946734 -0.0173815 1.39484e-06 -0.000212135 -0.0173815 0.0858361 
0.00943177 -0.0172755 4.65343e-05 -4.65952e-06 -0.0172755 0.085277 -1.25524e-05 -0.000194825 4.65343e-05 -1.25524e-05 0.00948267 -0.0174066 -4.65952e-06 -0.000194825 -0.0174066 0.0858955 
0.00943078 -0.0172259 2.52818e-05 1.23146e-05 -0.0172259 0.0850638 8.76477e-07 -0.00021053 2.52818e-05 8.76477e-07 0.00945315 -0.0174014 1.23146e-05 -0.00021053 -0.0174014 0.085818 
0.00944789 -0.0172392 2.37129e-05 3.83391e-05 -0.0172392 0.0850394 2.69101e-05 -0.00026133 2.37129e-05 2.69101e-05 0.00943545 -0.0173838 3.83391e-05 -0.00026133 -0.0173838 0.0858107 
0.00943388 -0.0172331 1.8705e-05 3.78246e-05 -0.0172331 0.0849277 2.9667e-05 -0.000286108 1.8705e-05 2.9667e-05 0.00941731 -0.0173314 3.78246e-05 -0.000286108 -0.0173314 0.0856169 
0.00943916 -0.0172414 1.78213e-05 3.67147e-05 -0.0172414 0.0849737 3.39404e-05 -0.000288073 1.78213e-05 3.39404e-05 0.00941178 -0.0173366 3.67147e-05 -0.000288073 -0.0173366 0.085625 
0.00944881 -0.0172714 1.69495e-05 3.68634e-05 -0.0172714 0.0851067 3.99941e-05 -0.000295242 1.69495e-05 3.99941e-05 0.00940393 -0.0173447 3.68634e-05 -0.000295242 -0.0173447 0.0857057 
0.00940802 -0.0172435 1.10712e-05 3.07308e-05 -0.0172435 0.0849787 3.91446e-05 -0.000286167 1.10712e-05 3.91446e-05 0.00939124 -0.0172834 3.07308e-05 -0.000286167 -0.0172834 0.0854874 
0.0093814 -0.017186 2.29887e-05 3.68016e-05 -0.017186 0.0848056 4.71045e-05 -0.000291166 2.29887e-05 4.71045e-05 0.00937283 -0.0172572 3.68016e-05 -0.000291166 -0.0172572 0.0853155 
0.00937252 -0.0171548 3.81725e-05 2.53495e-05 -0.0171548 0.0846823 3.2011e-05 -0.000276534 3.81725e-05 3.2011e-05 0.00936202 -0.0172343 2.53495e-05 -0.000276534 -0.0172343 0.0852115 
0.00939071 -0.0171892 5.40346e-05 1.1341e-05 -0.0171892 0.0848402 8.96827e-06 -0.000238567 5.40346e-05 8.96827e-06 0.00938491 -0.01727 1.1341e-05 -0.000238567 -0.01727 0.0853811 
0.00936012 -0.0171571 5.67894e-05 -9.58564e-06 -0.0171571 0.0846937 -1.86236e-05 -0.0001768 5.67894e-05 -1.86236e-05 0.00938409 -0.0172536 -9.58564e-06 -0.0001768 -0.0172536 0.0852737 
0.00928625 -0.0170552 7.06785e-05 -1.66158e-05 -0.0170552 0.0842568 -2.68601e-05 -0.000131875 7.06785e-05 -2.68601e-05 0.00937287 -0.0171936 -1.66158e-05 -0.000131875 -0.0171936 0.0849253 
0.00926914 -0.0169745 8.20024e-05 -3.55697e-05 -0.0169745 0.0839754 -4.42023e-05 -8.62989e-05 8.20024e-05 -4.42023e-05 0.00935165 -0.0172016 -3.55697e-05 -8.62989e-05 -0.0172016 0.0848377 
0.00969263 -0.017701 7.82453e-05 -5.14612e-05 -0.017701 0.0875071 -5.94136e-05 -4.72503e-05 7.82453e-05 -5.94136e-05 0.00972096 -0.0179332 -5.14612e-05 -4.72503e-05 -0.0179332 0.0884959 
0.00971431 -0.0177424 6.11557e-05 -4.62759e-05 -0.0177424 0.0875679 -5.04641e-05 -3.9085e-05 6.11557e-05 -5.04641e-05 0.00969343 -0.0178933 -4.62759e-05 -3.9085e-05 -0.0178933 0.0884409 
0.00973724 -0.0177797 4.60434e-05 -3.00693e-05 -0.0177797 0.0876735 -2.92756e-05 -6.62415e-05 4.60434e-05 -2.92756e-05 0.0096745 -0.0178505 -3.00693e-05 -6.62415e-05 -0.0178505 0.0883283 
0.00935256 -0.0171125 4.07607e-05 -9.23804e-06 -0.0171125 0.0843281 -3.52616e-06 -0.000116082 4.07607e-05 -3.52616e-06 0.00928965 -0.017124 -9.23804e-06 -0.000116082 -0.017124 0.0847707 
0.00935912 -0.017153 1.4072e-06 -2.73123e-06 -0.017153 0.0845688 2.73708e-06 -0.000151712 1.4072e-06 2.73708e-06 0.00931945 -0.0171528 -2.73123e-06 -0.000151712 -0.0171528 0.084906 
0.0093733 -0.0171912 -6.01225e-06 4.57209e-05 -0.0171912 0.0848374 5.40308e-05 -0.000241332 -6.01225e-06 5.40308e-05 0.00937013 -0.0172215 4.57209e-05 -0.000241332 -0.0172215 0.0851871 
0.00941536 -0.0172095 1.10726e-05 5.87372e-05 -0.0172095 0.0850055 6.93485e-05 -0.000314306 1.10726e-05 6.93485e-05 0.00938349 -0.0173001 5.87372e-05 -0.000314306 -0.0173001 0.0854843 
0.00942793 -0.0172183 4.34901e-05 3.73068e-05 -0.0172183 0.084969 4.34164e-05 -0.000300158 4.34901e-05 4.34164e-05 0.00936951 -0.0172874 3.73068e-05 -0.000300158 -0.0172874 0.0854927 
0.00944129 -0.0172489 6.38509e-05 -3.16985e-06 -0.0172489 0.0850427 -4.02256e-06 -0.000214155 6.38509e-05 -4.02256e-06 0.00939332 -0.0172721 -3.16985e-06 -0.000214155 -0.0172721 0.0854851 
0.0094486 -0.0172549 5.70209e-05 -2.45603e-05 -0.0172549 0.0850484 -2.88481e-05 -0.000139504 5.70209e-05 -2.88481e-05 0.00940164 -0.0172878 -2.45603e-05 -0.000139504 -0.0172878 0.085463 
0.00946435 -0.0172953 5.84679e-05 -9.9393e-06 -0.0172953 0.0852076 -1.61575e-05 -0.000139776 5.84679e-05 -1.61575e-05 0.0094418 -0.0173297 -9.9393e-06 -0.000139776 -0.0173297 0.0856248 
0.0094791 -0.0173661 5.46373e-05 -1.04173e-05 -0.0173661 0.0855659 -1.72182e-05 -0.000149999 5.46373e-05 -1.72182e-05 0.00949808 -0.0174377 -1.04173e-05 -0.000149999 -0.0174377 0.0860529 
0.00947111 -0.0173259 2.87916e-05 -9.35711e-06 -0.0173259 0.08547 -1.28141e-05 -0.000154269 2.87916e-05 -1.28141e-05 0.0094888 -0.0174528 -9.35711e-06 -0.000154269 -0.0174528 0.0860835 
0.00946221 -0.0172821 2.42636e-05 1.92908e-05 -0.0172821 0.08525 1.68141e-05 -0.000198381 2.42636e-05 1.68141e-05 0.00946084 -0.0174159 1.92908e-05 -0.000198381 -0.0174159 0.0859418 
0.00946159 -0.0172601 2.37138e-05 2.84923e-05 -0.0172601 0.0850881 2.26284e-05 -0.0002368 2.37138e-05 2.26284e-05 0.00942737 -0.0173744 2.84923e-05 -0.0002368 -0.0173744 0.0857811 
0.0094871 -0.0172517 3.15556e-05 3.07156e-05 -0.0172517 0.0849757 2.19709e-05 -0.00025004 3.15556e-05 2.19709e-05 0.00937682 -0.0173265 3.07156e-05 -0.00025004 -0.0173265 0.0856051 
0.00951391 -0.017316 3.92268e-05 2.09854e-05 -0.017316 0.0851344 1.4863e-05 -0.000241355 3.92268e-05 1.4863e-05 0.00936075 -0.0172972 2.09854e-05 -0.000241355 -0.0172972 0.0855916 
0.00951818 -0.017408 4.45099e-05 1.13294e-05 -0.017408 0.0855319 9.78559e-06 -0.000227277 4.45099e-05 9.78559e-06 0.00941192 -0.0173218 1.13294e-05 -0.000227277 -0.0173218 0.0857839 
0.0095145 -0.0173996 5.63648e-05 6.2346e-06 -0.0173996 0.085644 1.17701e-05 -0.000225026 5.63648e-05 1.17701e-05 0.00944439 -0.0173637 6.2346e-06 -0.000225026 -0.0173637 0.0858798 
0.00953782 -0.0174238 6.45825e-05 -9.2164e-06 -0.0174238 0.0858332 -1.44624e-06 -0.000205938 6.45825e-05 -1.44624e-06 0.00948254 -0.0174445 -9.2164e-06 -0.000205938 -0.0174445 0.0861901 
0.00958446 -0.0175008 7.64588e-05 -2.13274e-05 -0.0175008 0.0862055 -1.51776e-05 -0.000174176 7.64588e-05 -1.51776e-05 0.00952332 -0.0175396 -2.13274e-05 -0.000174176 -0.0175396 0.086646 
0.00960346 -0.0175331 7.17576e-05 -3.45305e-05 -0.0175331 0.0863421 -2.48807e-05 -0.000145635 7.17576e-05 -2.48807e-05 0.00953252 -0.0175568 -3.45305e-05 -0.000145635 -0.0175568 0.086776 
0.00963832 -0.0175718 5.8699e-05 -3.01449e-05 -0.0175718 0.0865272 -1.90806e-05 -0.000140145 5.8699e-05 -1.90806e-05 0.0095384 -0.0175871 -3.01449e-05 -0.000140145 -0.0175871 0.0869413 
0.00965357 -0.0176281 5.63231e-05 -8.2444e-06 -0.0176281 0.0867625 -5.01768e-07 -0.000180385 5.63231e-05 -5.01768e-07 0.0095612 -0.0176204 -8.2444e-06 -0.000180385 -0.0176204 0.0871489 
0.00964734 -0.0176156 6.87401e-05 -4.57151e-06 -0.0176156 0.0867469 8.50144e-07 -0.000203726 6.87401e-05 8.50144e-07 0.00957472 -0.017614 -4.57151e-06 -0.000203726 -0.017614 0.0871222 
0.00961812 -0.017539 8.15465e-05 -1.58028e-05 -0.017539 0.0863826 -1.23006e-05 -0.000194924 8.15465e-05 -1.23006e-05 0.00956071 -0.017557 -1.58028e-05 -0.000194924 -0.017557 0.0867852 
0.00959225 -0.0175151 7.51422e-05 -2.80275e-05 -0.0175151 0.0862219 -2.76679e-05 -0.000169124 7.51422e-05 -2.76679e-05 0.0095695 -0.0175564 -2.80275e-05 -0.000169124 -0.0175564 0.0866837 
0.00959033 -0.0175182 6.41294e-05 -1.6734e-05 -0.0175182 0.0862693 -1.86416e-05 -0.000178885 6.41294e-05 -1.86416e-05 0.00958995 -0.0176063 -1.6734e-05 -0.000178885 -0.0176063 0.0868346 
0.00961804 -0.0175404 6.92254e-05 -4.5491e-07 -0.0175404 0.0864031 -4.52388e-07 -0.000219399 6.92254e-05 -4.52388e-07 0.00959514 -0.0176574 -4.5491e-07 -0.000219399 -0.0176574 0.0870606 
0.00967533 -0.0175562 4.75361e-05 -5.19085e-06 -0.0175562 0.0864256 -2.42261e-06 -0.000236769 4.75361e-05 -2.42261e-06 0.00955639 -0.0176447 -5.19085e-06 -0.000236769 -0.0176447 0.0870744 
0.00968039 -0.017637 4.43525e-05 1.61896e-05 -0.017637 0.0865963 1.92982e-05 -0.000267972 4.43525e-05 1.92982e-05 0.00956084 -0.0176033 1.61896e-05 -0.000267972 -0.0176033 0.0870382 
0.0096831 -0.0176508 3.21282e-05 2.41495e-05 -0.0176508 0.0867045 2.69934e-05 -0.000302478 3.21282e-05 2.69934e-05 0.00956301 -0.0175935 2.41495e-05 -0.000302478 -0.0175935 0.0869698 
0.00969301 -0.0176695 3.13204e-05 3.6134e-05 -0.0176695 0.0868239 3.61898e-05 -0.000325375 3.13204e-05 3.61898e-05 0.00956699 -0.0176117 3.6134e-05 -0.000325375 -0.0176117 0.0870341 
0.00968238 -0.0176789 3.18378e-05 3.82911e-05 -0.0176789 0.0868872 3.71581e-05 -0.00033801 3.18378e-05 3.71581e-05 0.00958402 -0.017619 3.82911e-05 -0.00033801 -0.017619 0.0870847 
0.00966163 -0.0176554 4.0183e-05 3.23791e-05 -0.0176554 0.0868414 3.45335e-05 -0.000330676 4.0183e-05 3.45335e-05 0.00961011 -0.0176287 3.23791e-05 -0.000330676 -0.0176287 0.0870837 
0.00963107 -0.0176087 5.41489e-05 2.17117e-05 -0.0176087 0.0866831 2.67171e-05 -0.000314009 5.41489e-05 2.67171e-05 0.0096352 -0.017646 2.17117e-05 -0.000314009 -0.017646 0.0870558 
0.00963376 -0.0175935 7.509e-05 1.02464e-05 -0.0175935 0.0866669 1.43806e-05 -0.000294476 7.509e-05 1.43806e-05 0.0096542 -0.0177047 1.02464e-05 -0.000294476 -0.0177047 0.087222 
0.00967751 -0.0176372 8.37571e-05 -1.13653e-05 -0.0176372 0.0868754 -1.09733e-05 -0.000252968 8.37571e-05 -1.09733e-05 0.00966612 -0.0177825 -1.13653e-05 -0.000252968 -0.0177825 0.0875831 
0.00966094 -0.0176063 7.95004e-05 -2.52729e-05 -0.0176063 0.0866514 -2.39411e-05 -0.000207201 7.95004e-05 -2.39411e-05 0.00964202 -0.0177196 -2.52729e-05 -0.000207201 -0.0177196 0.0873733 
0.00961944 -0.0175534 8.40674e-05 -1.98519e-05 -0.0175534 0.086356 -1.54899e-05 -0.000203946 8.40674e-05 -1.54899e-05 0.0096222 -0.017652 -1.98519e-05 -0.000203946 -0.017652 0.0870401 
0.00960717 -0.0175114 7.5282e-05 -2.60529e-05 -0.0175114 0.0861767 -1.84941e-05 -0.000202767 7.5282e-05 -1.84941e-05 0.00958573 -0.0176315 -2.60529e-05 -0.000202767 -0.0176315 0.0868753 
