0.00687546 0 6.35895e-05 0 0 0.00992295 0 0 6.35895e-05 0 0.0071297 0 0 0 0 0.00992295 
0.00942669 -0.0117033 8.58031e-05 -0.000107057 -0.0117033 0.0312191 -0.000107057 0.000204812 8.58031e-05 -0.000107057 0.00970691 -0.0120454 -0.000107057 0.000204812 -0.0120454 0.0318747 
0.00974654 -0.0181872 3.49824e-05 -0.00015534 -0.0181872 0.0671544 -0.00015534 0.000500031 3.49824e-05 -0.00015534 0.00994772 -0.0184957 -0.00015534 0.000500031 -0.0184957 0.0680971 
0.00925443 -0.0180061 -4.33046e-05 -5.38687e-05 -0.0180061 0.0809488 -5.46109e-05 0.000335806 -4.33046e-05 -5.46109e-05 0.00937371 -0.017987 -5.38687e-05 0.000335806 -0.017987 0.080497 
0.00898607 -0.0169836 -7.49701e-05 5.01287e-05 -0.0169836 0.082364 5.47973e-05 1.51134e-05 -7.49701e-05 5.47973e-05 0.00909859 -0.0168694 5.01287e-05 1.51134e-05 -0.0168694 0.0810318 
0.0092271 -0.0171112 -6.5801e-05 9.20008e-05 -0.0171112 0.0845547 0.000102964 -0.000183182 -6.5801e-05 0.000102964 0.0093453 -0.0170449 9.20008e-05 -0.000183182 -0.0170449 0.0832625 
0.0094411 -0.017395 -2.64801e-05 7.96621e-05 -0.017395 0.0861215 9.22058e-05 -0.000231799 -2.64801e-05 9.22058e-05 0.00953674 -0.0173644 7.96621e-05 -0.000231799 -0.0173644 0.0851303 
0.00963472 -0.0177574 1.31473e-05 3.20136e-05 -0.0177574 0.0878489 4.20831e-05 -0.000162824 1.31473e-05 4.20831e-05 0.00972619 -0.0177062 3.20136e-05 -0.000162824 -0.0177062 0.0870163 
0.00943543 -0.0173266 5.59374e-05 -1.98027e-05 -0.0173266 0.0857229 -1.54779e-05 -2.99122e-05 5.59374e-05 -1.54779e-05 0.00946712 -0.0172618 -1.98027e-05 -2.99122e-05 -0.0172618 0.0849452 
0.00972313 -0.0178724 7.09525e-05 -7.18859e-05 -0.0178724 0.0882669 -7.52317e-05 0.00011207 7.09525e-05 -7.52317e-05 0.00973659 -0.0177293 -7.18859e-05 0.00011207 -0.0177293 0.0873543 
0.00964874 -0.0177362 4.73701e-05 -8.19908e-05 -0.0177362 0.0875427 -9.13291e-05 0.000186091 4.73701e-05 -9.13291e-05 0.00964912 -0.0175611 -8.19908e-05 0.000186091 -0.0175611 0.0865083 
0.00960156 -0.0176851 1.43029e-05 -5.48128e-05 -0.0176851 0.0872485 -6.68416e-05 0.000171171 1.43029e-05 -6.68416e-05 0.00962185 -0.0174942 -5.48128e-05 0.000171171 -0.0174942 0.0861412 
0.00954605 -0.0176252 -1.86705e-05 -1.19577e-05 -0.0176252 0.0869933 -2.12616e-05 8.30663e-05 -1.86705e-05 -2.12616e-05 0.0096158 -0.0174545 -1.19577e-05 8.30663e-05 -0.0174545 0.0858863 
0.00948985 -0.0175355 -2.57084e-05 2.93561e-05 -0.0175355 0.0866544 2.59988e-05 -3.20249e-05 -2.57084e-05 2.59988e-05 0.00959944 -0.0174277 2.93561e-05 -3.20249e-05 -0.0174277 0.0856555 
0.00946069 -0.0174673 -3.80388e-05 4.44344e-05 -0.0174673 0.0864024 4.25003e-05 -0.000112948 -3.80388e-05 4.25003e-05 0.0095835 -0.0174236 4.44344e-05 -0.000112948 -0.0174236 0.0855755 
0.00943577 -0.0174149 -5.05031e-05 5.64003e-05 -0.0174149 0.086166 5.32173e-05 -0.000153829 -5.05031e-05 5.32173e-05 0.00956545 -0.0174039 5.64003e-05 -0.000153829 -0.0174039 0.0854858 
0.00946876 -0.0174581 -3.89109e-05 6.69311e-05 -0.0174581 0.0863893 6.18759e-05 -0.000176867 -3.89109e-05 6.18759e-05 0.00958276 -0.017468 6.69311e-05 -0.000176867 -0.017468 0.0858128 
0.00949148 -0.0174704 3.52023e-06 5.26719e-05 -0.0174704 0.0864126 4.74865e-05 -0.000164673 3.52023e-06 4.74865e-05 0.00957162 -0.0174596 5.26719e-05 -0.000164673 -0.0174596 0.0858488 
0.00950831 -0.0175161 3.98534e-05 3.15654e-06 -0.0175161 0.086546 -1.20679e-07 -8.45261e-05 3.98534e-05 -1.20679e-07 0.00957135 -0.0174519 3.15654e-06 -8.45261e-05 -0.0174519 0.0858828 
0.0095215 -0.0175462 3.38974e-05 -4.57414e-05 -0.0175462 0.0866926 -4.77845e-05 3.58552e-05 3.38974e-05 -4.77845e-05 0.00958052 -0.0174633 -4.57414e-05 3.58552e-05 -0.0174633 0.0859535 
0.00949139 -0.0175168 3.25008e-05 -3.85809e-05 -0.0175168 0.0865651 -3.88334e-05 7.2676e-05 3.25008e-05 -3.88334e-05 0.00957459 -0.0174348 -3.85809e-05 7.2676e-05 -0.0174348 0.0858078 
0.00948449 -0.0174948 2.81229e-05 -3.61909e-05 -0.0174948 0.0865209 -3.33017e-05 6.68661e-05 2.81229e-05 -3.33017e-05 0.00956618 -0.017444 -3.61909e-05 6.68661e-05 -0.017444 0.0858121 
0.00946163 -0.0174844 1.86498e-05 -3.17393e-05 -0.0174844 0.086477 -2.89143e-05 5.80577e-05 1.86498e-05 -2.89143e-05 0.00959083 -0.0174336 -3.17393e-05 5.80577e-05 -0.0174336 0.0857986 
0.00943193 -0.0173946 1.48393e-06 -1.81456e-05 -0.0173946 0.0861047 -1.96832e-05 3.73437e-05 1.48393e-06 -1.96832e-05 0.00956276 -0.0173958 -1.81456e-05 3.73437e-05 -0.0173958 0.0855072 
0.0094886 -0.0174811 -9.84124e-06 7.52867e-06 -0.0174811 0.0864798 2.75643e-06 -1.26013e-05 -9.84124e-06 2.75643e-06 0.00960345 -0.0174854 7.52867e-06 -1.26013e-05 -0.0174854 0.0859278 
0.00952643 -0.0175663 -5.61232e-06 3.15494e-05 -0.0175663 0.0868336 2.10963e-05 -7.75658e-05 -5.61232e-06 2.10963e-05 0.00961819 -0.0175432 3.15494e-05 -7.75658e-05 -0.0175432 0.0862396 
0.00954868 -0.0175843 -1.47074e-05 3.09155e-05 -0.0175843 0.0869423 1.49754e-05 -0.000102494 -1.47074e-05 1.49754e-05 0.00960152 -0.017544 3.09155e-05 -0.000102494 -0.017544 0.0863111 
0.00952671 -0.0175876 -1.3082e-05 4.26307e-05 -0.0175876 0.0869205 2.64928e-05 -0.000129026 -1.3082e-05 2.64928e-05 0.00960011 -0.0175013 4.26307e-05 -0.000129026 -0.0175013 0.0862079 
0.00946903 -0.017496 -1.37651e-06 4.14066e-05 -0.017496 0.0865541 3.1748e-05 -0.000151304 -1.37651e-06 3.1748e-05 0.00958111 -0.0174334 4.14066e-05 -0.000151304 -0.0174334 0.0858388 
0.0094029 -0.0173985 9.56642e-06 2.51739e-05 -0.0173985 0.0861355 2.3784e-05 -0.000143559 9.56642e-06 2.3784e-05 0.00957702 -0.0173814 2.51739e-05 -0.000143559 -0.0173814 0.0855044 
0.00938821 -0.0173547 1.3971e-05 7.62982e-06 -0.0173547 0.0860165 9.88584e-06 -0.000111404 1.3971e-05 9.88584e-06 0.00957807 -0.0174259 7.62982e-06 -0.000111404 -0.0174259 0.0855762 
0.00939082 -0.0173166 1.91168e-05 -5.03367e-07 -0.0173166 0.0858366 2.43197e-06 -8.15609e-05 1.91168e-05 2.43197e-06 0.00954695 -0.0174106 -5.03367e-07 -8.15609e-05 -0.0174106 0.0855267 
0.00936998 -0.0172948 2.46703e-05 -1.33929e-05 -0.0172948 0.0856505 -7.62625e-06 -4.76467e-05 2.46703e-05 -7.62625e-06 0.00951869 -0.0173538 -1.33929e-05 -4.76467e-05 -0.0173538 0.0853376 
0.00935283 -0.0172845 7.40341e-06 -2.33408e-05 -0.0172845 0.0856013 -1.78251e-05 -1.23051e-05 7.40341e-06 -1.78251e-05 0.00951692 -0.0173312 -2.33408e-05 -1.23051e-05 -0.0173312 0.0852529 
0.00934239 -0.0172276 -2.38683e-05 6.72328e-07 -0.0172276 0.0853781 -5.22364e-07 -2.739e-05 -2.38683e-05 -5.22364e-07 0.00947974 -0.0173019 6.72328e-07 -2.739e-05 -0.0173019 0.0850712 
0.00938054 -0.017219 -2.55232e-05 4.5828e-05 -0.017219 0.0852847 3.86226e-05 -0.000108858 -2.55232e-05 3.86226e-05 0.00943001 -0.0172722 4.5828e-05 -0.000108858 -0.0172722 0.0849866 
0.0094085 -0.0172995 -2.52348e-05 5.14831e-05 -0.0172995 0.0854651 4.46708e-05 -0.000161678 -2.52348e-05 4.46708e-05 0.00941607 -0.0172315 5.14831e-05 -0.000161678 -0.0172315 0.0849633 
0.0094337 -0.0174142 -1.51411e-05 4.60668e-05 -0.0174142 0.0859815 4.3504e-05 -0.000168725 -1.51411e-05 4.3504e-05 0.00945911 -0.0172762 4.60668e-05 -0.000168725 -0.0172762 0.0852426 
0.00942278 -0.0174341 6.74193e-06 3.26107e-05 -0.0174341 0.0861959 3.15074e-05 -0.000148032 6.74193e-06 3.15074e-05 0.00949726 -0.0173105 3.26107e-05 -0.000148032 -0.0173105 0.0853772 
0.00939585 -0.0173927 3.32506e-05 4.49265e-06 -0.0173927 0.086136 6.60361e-06 -9.65771e-05 3.32506e-05 6.60361e-06 0.00952526 -0.0173317 4.49265e-06 -9.65771e-05 -0.0173317 0.0853965 
0.00933002 -0.0172578 3.04866e-05 -3.26242e-05 -0.0172578 0.0855667 -2.74475e-05 -1.35024e-05 3.04866e-05 -2.74475e-05 0.00950096 -0.0172778 -3.26242e-05 -1.35024e-05 -0.0172778 0.0850174 
0.00934046 -0.0172353 1.88616e-05 -3.24064e-05 -0.0172353 0.0854768 -2.63114e-05 2.36442e-05 1.88616e-05 -2.63114e-05 0.00950224 -0.017311 -3.24064e-05 2.36442e-05 -0.017311 0.0850999 
0.00936137 -0.0172864 8.28749e-06 -1.56212e-05 -0.0172864 0.0856523 -1.13682e-05 5.79935e-06 8.28749e-06 -1.13682e-05 0.00952102 -0.0173562 -1.56212e-05 5.79935e-06 -0.0173562 0.0853409 
0.00936278 -0.0173157 3.7658e-06 1.51309e-06 -0.0173157 0.0857865 5.12247e-07 -2.81735e-05 3.7658e-06 5.12247e-07 0.00953833 -0.0173749 1.51309e-06 -2.81735e-05 -0.0173749 0.0854672 
0.00939656 -0.017335 -1.0965e-05 1.3405e-05 -0.017335 0.0859399 6.09582e-06 -6.07995e-05 -1.0965e-05 6.09582e-06 0.0095376 -0.0174157 1.3405e-05 -6.07995e-05 -0.0174157 0.0856503 
0.00942204 -0.0173793 -1.49847e-05 3.74535e-05 -0.0173793 0.0860902 2.6296e-05 -0.000113284 -1.49847e-05 2.6296e-05 0.00953861 -0.0174198 3.74535e-05 -0.000113284 -0.0174198 0.085759 
0.00943537 -0.0174019 4.30893e-06 4.56147e-05 -0.0174019 0.0861679 3.44238e-05 -0.000153611 4.30893e-06 3.44238e-05 0.00953061 -0.0174071 4.56147e-05 -0.000153611 -0.0174071 0.0857476 
0.00943746 -0.0173564 5.39963e-05 2.2912e-05 -0.0173564 0.0859336 1.10249e-05 -0.000133891 5.39963e-05 1.10249e-05 0.00947247 -0.0173419 2.2912e-05 -0.000133891 -0.0173419 0.0854549 
0.00943055 -0.0172947 6.08415e-05 -3.53511e-05 -0.0172947 0.0855195 -4.72813e-05 -3.49483e-05 6.08415e-05 -4.72813e-05 0.0093785 -0.0172145 -3.53511e-05 -3.49483e-05 -0.0172145 0.0849305 
0.00942245 -0.0172948 5.26953e-05 -4.63178e-05 -0.0172948 0.085337 -5.30954e-05 2.62737e-05 5.26953e-05 -5.30954e-05 0.0093239 -0.0170904 -4.63178e-05 2.62737e-05 -0.0170904 0.084482 
0.00936358 -0.0172498 2.55254e-05 -3.98494e-05 -0.0172498 0.0850527 -3.95362e-05 2.6132e-05 2.55254e-05 -3.95362e-05 0.00930438 -0.0169798 -3.98494e-05 2.6132e-05 -0.0169798 0.0839651 
0.00972094 -0.0179235 2.75981e-06 -1.41135e-05 -0.0179235 0.0884708 -5.83763e-06 -2.23598e-05 2.75981e-06 -5.83763e-06 0.00970434 -0.0176884 -1.41135e-05 -2.23598e-05 -0.0176884 0.0873118 
0.00970097 -0.0179137 -1.1189e-05 9.61083e-06 -0.0179137 0.0884878 1.94518e-05 -7.86345e-05 -1.1189e-05 1.94518e-05 0.00972473 -0.0177387 9.61083e-06 -7.86345e-05 -0.0177387 0.0874398 
0.00929724 -0.017181 -1.17224e-05 2.53343e-05 -0.017181 0.0849557 3.22419e-05 -0.000116899 -1.17224e-05 3.22419e-05 0.00935094 -0.0170664 2.53343e-05 -0.000116899 -0.0170664 0.0840906 
0.00932871 -0.0172318 -1.26773e-05 2.6155e-05 -0.0172318 0.0852851 3.422e-05 -0.000132573 -1.26773e-05 3.422e-05 0.00940083 -0.0171637 2.6155e-05 -0.000132573 -0.0171637 0.0845613 
0.00934159 -0.0172412 -1.22209e-05 2.8756e-05 -0.0172412 0.0853613 3.52432e-05 -0.000139394 -1.22209e-05 3.52432e-05 0.00941854 -0.0171978 2.8756e-05 -0.000139394 -0.0171978 0.0847358 
0.00935033 -0.0172499 -1.38914e-05 2.55507e-05 -0.0172499 0.0854048 2.8122e-05 -0.000126409 -1.38914e-05 2.8122e-05 0.00942894 -0.0172206 2.55507e-05 -0.000126409 -0.0172206 0.0848493 
0.00933559 -0.0172295 -2.03461e-05 2.56488e-05 -0.0172295 0.0852934 2.6935e-05 -0.000115165 -2.03461e-05 2.6935e-05 0.00941851 -0.0171991 2.56488e-05 -0.000115165 -0.0171991 0.084757 
0.00930628 -0.0171749 -1.27351e-05 3.30943e-05 -0.0171749 0.0850385 3.49263e-05 -0.000123007 -1.27351e-05 3.49263e-05 0.00938771 -0.0171509 3.30943e-05 -0.000123007 -0.0171509 0.0845196 
0.00927767 -0.0171552 -7.01177e-06 2.62887e-05 -0.0171552 0.0849544 2.4371e-05 -0.000115945 -7.01177e-06 2.4371e-05 0.00938856 -0.0171347 2.62887e-05 -0.000115945 -0.0171347 0.0844553 
0.00927568 -0.0171031 1.02757e-06 1.99713e-05 -0.0171031 0.0847789 1.73857e-05 -0.000100049 1.02757e-06 1.73857e-05 0.00935711 -0.0171185 1.99713e-05 -0.000100049 -0.0171185 0.0843433 
0.00927433 -0.0170836 8.0795e-06 4.51228e-06 -0.0170836 0.0846075 5.36616e-06 -6.63071e-05 8.0795e-06 5.36616e-06 0.00932174 -0.0170618 4.51228e-06 -6.63071e-05 -0.0170618 0.0841477 
0.0092882 -0.0171273 9.23216e-06 -4.62941e-06 -0.0171273 0.0847676 1.2522e-07 -4.11356e-05 9.23216e-06 1.2522e-07 0.00934183 -0.0170736 -4.62941e-06 -4.11356e-05 -0.0170736 0.0842479 
0.00965535 -0.0178185 3.25254e-06 -3.82559e-06 -0.0178185 0.0881916 4.64702e-06 -4.17299e-05 3.25254e-06 4.64702e-06 0.00972889 -0.0177596 -3.82559e-06 -4.17299e-05 -0.0177596 0.0876037 
0.00963307 -0.0177829 -4.50498e-06 7.69205e-06 -0.0177829 0.0880395 1.38214e-05 -6.31495e-05 -4.50498e-06 1.38214e-05 0.0097282 -0.0177462 7.69205e-06 -6.31495e-05 -0.0177462 0.0874779 
0.00961708 -0.0177501 -8.32521e-06 1.72384e-05 -0.0177501 0.0878887 1.85819e-05 -8.22278e-05 -8.32521e-06 1.85819e-05 0.00970438 -0.0177336 1.72384e-05 -8.22278e-05 -0.0177336 0.087367 
0.00959625 -0.0176962 2.48439e-06 1.80833e-05 -0.0176962 0.0876287 1.68711e-05 -8.23197e-05 2.48439e-06 1.68711e-05 0.00966735 -0.0176822 1.80833e-05 -8.23197e-05 -0.0176822 0.0871445 
0.00959238 -0.0176956 2.4383e-05 3.20463e-06 -0.0176956 0.0875858 1.50558e-06 -5.47945e-05 2.4383e-05 1.50558e-06 0.00965496 -0.0176547 3.20463e-06 -5.47945e-05 -0.0176547 0.0870623 
0.00959965 -0.0177254 2.60011e-05 -2.58551e-05 -0.0177254 0.087735 -2.78134e-05 7.3132e-06 2.60011e-05 -2.78134e-05 0.00966882 -0.0176784 -2.58551e-05 7.3132e-06 -0.0176784 0.0871844 
0.00960519 -0.0177091 1.72574e-05 -3.15714e-05 -0.0177091 0.0876904 -3.19168e-05 4.85159e-05 1.72574e-05 -3.19168e-05 0.00964225 -0.0176688 -3.15714e-05 4.85159e-05 -0.0176688 0.0871416 
0.009639 -0.0177606 7.73124e-06 -1.77449e-05 -0.0177606 0.087903 -1.48826e-05 3.19207e-05 7.73124e-06 -1.48826e-05 0.00962913 -0.0176829 -1.77449e-05 3.19207e-05 -0.0176829 0.0873037 
0.0096325 -0.017783 -7.9647e-06 2.57607e-07 -0.017783 0.0879714 6.70359e-06 -2.10268e-05 -7.9647e-06 6.70359e-06 0.00963266 -0.017644 2.57607e-07 -2.10268e-05 -0.017644 0.0872458 
0.00959105 -0.017697 -7.89916e-06 2.30492e-05 -0.017697 0.0876152 2.94259e-05 -8.4158e-05 -7.89916e-06 2.94259e-05 0.00960317 -0.0175744 2.30492e-05 -8.4158e-05 -0.0175744 0.0868651 
0.00955384 -0.0176452 -7.20161e-06 2.43398e-05 -0.0176452 0.0873624 1.98399e-05 -0.000100383 -7.20161e-06 1.98399e-05 0.00958403 -0.017534 2.43398e-05 -0.000100383 -0.017534 0.0866296 
0.00949791 -0.0175661 3.25327e-07 2.62577e-05 -0.0175661 0.0870164 1.33725e-05 -9.55458e-05 3.25327e-07 1.33725e-05 0.00957042 -0.0174847 2.62577e-05 -9.55458e-05 -0.0174847 0.0863506 
0.00947768 -0.0174855 1.9716e-05 1.54219e-05 -0.0174855 0.0867034 4.12889e-06 -7.67418e-05 1.9716e-05 4.12889e-06 0.00953726 -0.0174693 1.54219e-05 -7.67418e-05 -0.0174693 0.0861882 
0.0095031 -0.0175008 3.37241e-05 -1.12898e-05 -0.0175008 0.0867212 -1.74096e-05 -3.05421e-05 3.37241e-05 -1.74096e-05 0.00951736 -0.0174731 -1.12898e-05 -3.05421e-05 -0.0174731 0.086264 
0.0095329 -0.0175621 5.39092e-05 -2.76056e-05 -0.0175621 0.086923 -3.07723e-05 1.10591e-05 5.39092e-05 -3.07723e-05 0.00951669 -0.0174711 -2.76056e-05 1.10591e-05 -0.0174711 0.0863725 
0.00957153 -0.0176234 5.94482e-05 -5.28476e-05 -0.0176234 0.0871903 -5.53875e-05 6.46447e-05 5.94482e-05 -5.53875e-05 0.00950787 -0.0174871 -5.28476e-05 6.46447e-05 -0.0174871 0.0865096 
0.0095736 -0.017672 6.43021e-05 -5.81843e-05 -0.017672 0.0873842 -6.10244e-05 9.5064e-05 6.43021e-05 -6.10244e-05 0.00952549 -0.0174723 -5.81843e-05 9.5064e-05 -0.0174723 0.0865492 
0.0095656 -0.017698 6.49685e-05 -6.36572e-05 -0.017698 0.0875893 -6.60018e-05 0.000110753 6.49685e-05 -6.60018e-05 0.00956379 -0.0175094 -6.36572e-05 0.000110753 -0.0175094 0.0866948 
0.00954288 -0.017621 4.21929e-05 -6.4031e-05 -0.017621 0.0873528 -6.54186e-05 0.000114756 4.21929e-05 -6.54186e-05 0.00955011 -0.0175063 -6.4031e-05 0.000114756 -0.0175063 0.0865833 
0.00949555 -0.0175482 1.72026e-05 -3.25346e-05 -0.0175482 0.0869934 -3.21902e-05 5.97048e-05 1.72026e-05 -3.21902e-05 0.00954009 -0.017457 -3.25346e-05 5.97048e-05 -0.017457 0.0863433 
0.00947917 -0.0175255 -1.14931e-06 2.67809e-06 -0.0175255 0.0869393 2.52105e-06 -2.85977e-05 -1.14931e-06 2.52105e-06 0.00957127 -0.0174961 2.67809e-06 -2.85977e-05 -0.0174961 0.0864467 
0.00943268 -0.0174578 -2.25205e-08 2.63719e-05 -0.0174578 0.0866452 2.3304e-05 -0.00010078 -2.25205e-08 2.3304e-05 0.00958059 -0.0174845 2.63719e-05 -0.00010078 -0.0174845 0.086309 
0.00940537 -0.0174267 -8.61177e-06 2.57815e-05 -0.0174267 0.0865597 2.3165e-05 -0.000129974 -8.61177e-06 2.3165e-05 0.00962103 -0.0175325 2.57815e-05 -0.000129974 -0.0175325 0.0864258 
0.00940264 -0.017377 1.44237e-06 3.22336e-05 -0.017377 0.0864016 3.12463e-05 -0.000143726 1.44237e-06 3.12463e-05 0.00961272 -0.0175797 3.22336e-05 -0.000143726 -0.0175797 0.0865235 
0.0093976 -0.0173242 -1.14108e-05 1.76975e-05 -0.0173242 0.0860867 1.61129e-05 -0.000123527 -1.14108e-05 1.61129e-05 0.00956341 -0.0175283 1.76975e-05 -0.000123527 -0.0175283 0.0863321 
0.00941188 -0.017333 -9.48185e-07 2.70935e-05 -0.017333 0.0860046 2.59275e-05 -0.000118757 -9.48185e-07 2.59275e-05 0.00952485 -0.0174751 2.70935e-05 -0.000118757 -0.0174751 0.0861778 
0.00943645 -0.0173713 -7.77908e-06 1.32526e-05 -0.0173713 0.0860834 1.66998e-05 -0.000104116 -7.77908e-06 1.66998e-05 0.00949749 -0.0174336 1.32526e-05 -0.000104116 -0.0174336 0.086069 
0.00946712 -0.0174508 -2.15063e-05 1.53004e-05 -0.0174508 0.0863961 2.29143e-05 -9.51921e-05 -2.15063e-05 2.29143e-05 0.00950563 -0.0174423 1.53004e-05 -9.51921e-05 -0.0174423 0.0861804 
0.00948603 -0.0175095 -3.07475e-05 3.23542e-05 -0.0175095 0.0866759 4.01073e-05 -0.000119743 -3.07475e-05 4.01073e-05 0.00951786 -0.0174551 3.23542e-05 -0.000119743 -0.0174551 0.0862819 
0.00949999 -0.0175183 -2.41583e-05 4.60956e-05 -0.0175183 0.0867667 5.21005e-05 -0.000153853 -2.41583e-05 5.21005e-05 0.00950762 -0.0174577 4.60956e-05 -0.000153853 -0.0174577 0.0862983 
0.00951263 -0.0175749 -1.03983e-05 3.81966e-05 -0.0175749 0.087027 4.33524e-05 -0.000154632 -1.03983e-05 4.33524e-05 0.00953997 -0.0174854 3.81966e-05 -0.000154632 -0.0174854 0.0864911 
0.00952605 -0.0175879 -3.24177e-06 2.27243e-05 -0.0175879 0.0871543 2.81464e-05 -0.000127953 -3.24177e-06 2.81464e-05 0.00955077 -0.0175148 2.27243e-05 -0.000127953 -0.0175148 0.0866035 
0.00949416 -0.0175429 1.26887e-05 1.32836e-05 -0.0175429 0.0869345 1.89752e-05 -9.94937e-05 1.26887e-05 1.89752e-05 0.00953299 -0.0174634 1.32836e-05 -9.94937e-05 -0.0174634 0.0863704 
0.00945548 -0.0174275 9.02437e-06 -7.5727e-06 -0.0174275 0.086391 -4.46641e-06 -4.93959e-05 9.02437e-06 -4.46641e-06 0.00947018 -0.0173577 -7.5727e-06 -4.93959e-05 -0.0173577 0.0858241 
0.00949217 -0.0174989 2.67297e-05 -1.011e-05 -0.0174989 0.086657 -1.04078e-05 -1.02636e-05 2.67297e-05 -1.04078e-05 0.00948576 -0.017401 -1.011e-05 -1.02636e-05 -0.017401 0.0860468 
0.00950998 -0.0175552 4.48492e-05 -2.48885e-05 -0.0175552 0.086906 -2.88189e-05 2.2436e-05 4.48492e-05 -2.88189e-05 0.00952833 -0.017435 -2.48885e-05 2.2436e-05 -0.017435 0.0862416 
0.00950352 -0.0175544 3.641e-05 -4.15832e-05 -0.0175544 0.0869499 -4.84314e-05 6.07812e-05 3.641e-05 -4.84314e-05 0.00955731 -0.0174728 -4.15832e-05 6.07812e-05 -0.0174728 0.0863323 
0.00950312 -0.0175378 8.45697e-06 -2.9989e-05 -0.0175378 0.0869118 -4.01469e-05 6.23165e-05 8.45697e-06 -4.01469e-05 0.0095645 -0.0175051 -2.9989e-05 6.23165e-05 -0.0175051 0.0864062 
0.00948782 -0.0175174 -2.13639e-05 4.11466e-06 -0.0175174 0.0868 -2.94867e-06 -2.89029e-07 -2.13639e-05 -2.94867e-06 0.009562 -0.0175011 4.11466e-06 -2.89029e-07 -0.0175011 0.0863806 
0.00946969 -0.0174708 -1.57037e-05 3.82311e-05 -0.0174708 0.086569 4.16234e-05 -9.83294e-05 -1.57037e-05 4.16234e-05 0.00953008 -0.0174564 3.82311e-05 -9.83294e-05 -0.0174564 0.0861641 
0.00945925 -0.0174224 7.11991e-06 2.83345e-05 -0.0174224 0.0862951 3.99063e-05 -0.000131893 7.11991e-06 3.99063e-05 0.00947829 -0.0173868 2.83345e-05 -0.000131893 -0.0173868 0.0858558 
0.00947251 -0.0174763 3.18174e-05 -2.98441e-06 -0.0174763 0.0864781 6.36998e-06 -8.04187e-05 3.18174e-05 6.36998e-06 0.00949105 -0.0173899 -2.98441e-06 -8.04187e-05 -0.0173899 0.0859387 
0.00949275 -0.0175776 3.38507e-05 -3.46603e-05 -0.0175776 0.0870052 -2.92248e-05 2.40941e-06 3.38507e-05 -2.92248e-05 0.00957181 -0.0174882 -3.46603e-05 2.40941e-06 -0.0174882 0.0864076 
0.00949412 -0.0175618 2.9825e-05 -3.83472e-05 -0.0175618 0.087087 -3.37038e-05 4.64459e-05 2.9825e-05 -3.37038e-05 0.00959877 -0.0175513 -3.83472e-05 4.64459e-05 -0.0175513 0.086601 
0.00949249 -0.0175576 4.02686e-05 -3.7891e-05 -0.0175576 0.0871084 -3.14009e-05 6.40862e-05 4.02686e-05 -3.14009e-05 0.009617 -0.0175913 -3.7891e-05 6.40862e-05 -0.0175913 0.0867713 
0.00949487 -0.0175958 3.27179e-05 -4.96602e-05 -0.0175958 0.0873304 -4.20655e-05 8.67317e-05 3.27179e-05 -4.20655e-05 0.00966291 -0.0176586 -4.96602e-05 8.67317e-05 -0.0176586 0.0871022 
0.00947081 -0.017528 1.27454e-05 -3.92285e-05 -0.017528 0.0870926 -3.48518e-05 8.65295e-05 1.27454e-05 -3.48518e-05 0.0096556 -0.0176421 -3.92285e-05 8.65295e-05 -0.0176421 0.0869852 
0.00949265 -0.017485 1.37205e-05 -1.12533e-05 -0.017485 0.0868814 -1.41263e-05 4.36059e-05 1.37205e-05 -1.41263e-05 0.00960927 -0.0176222 -1.12533e-05 4.36059e-05 -0.0176222 0.086865 
0.0095113 -0.0175122 6.16449e-06 -4.75711e-06 -0.0175122 0.0868343 -1.50141e-05 1.27365e-05 6.16449e-06 -1.50141e-05 0.00957448 -0.0175652 -4.75711e-06 1.27365e-05 -0.0175652 0.0867199 
0.0095247 -0.0175577 -2.48068e-06 6.3553e-06 -0.0175577 0.0869485 -2.85154e-06 -1.69484e-05 -2.48068e-06 -2.85154e-06 0.0095742 -0.0175308 6.3553e-06 -1.69484e-05 -0.0175308 0.086632 
0.0095536 -0.017594 9.98212e-06 1.40145e-05 -0.017594 0.0871181 1.25546e-05 -4.91583e-05 9.98212e-06 1.25546e-05 0.00957628 -0.0175479 1.40145e-05 -4.91583e-05 -0.0175479 0.08668 
0.00961078 -0.0177219 1.48348e-05 -1.74596e-07 -0.0177219 0.0876975 2.0552e-06 -4.83841e-05 1.48348e-05 2.0552e-06 0.00964477 -0.0176455 -1.74596e-07 -4.83841e-05 -0.0176455 0.0871746 
0.00924561 -0.0171153 1.98887e-05 -5.29807e-06 -0.0171153 0.0846973 -6.81045e-06 -3.08857e-05 1.98887e-05 -6.81045e-06 0.00934878 -0.0170385 -5.29807e-06 -3.08857e-05 -0.0170385 0.0841343 
0.00925288 -0.0171269 6.28924e-06 -6.7059e-06 -0.0171269 0.0849176 -1.40714e-05 -2.19782e-05 6.28924e-06 -1.40714e-05 0.00940963 -0.0171462 -6.7059e-06 -2.19782e-05 -0.0171462 0.0844876 
0.00926028 -0.0171433 -6.53045e-06 8.22036e-06 -0.0171433 0.0850768 -1.26813e-06 -3.77767e-05 -6.53045e-06 -1.26813e-06 0.00945706 -0.0172386 8.22036e-06 -3.77767e-05 -0.0172386 0.08485 
0.00927032 -0.0170899 6.49838e-06 2.06822e-05 -0.0170899 0.0848586 1.61599e-05 -7.05786e-05 6.49838e-06 1.61599e-05 0.00942728 -0.0172325 2.06822e-05 -7.05786e-05 -0.0172325 0.0847873 
0.00927127 -0.0170795 -7.4138e-06 -3.47496e-07 -0.0170795 0.084669 3.32082e-06 -5.71432e-05 -7.4138e-06 3.32082e-06 0.00938903 -0.0171671 -3.47496e-07 -5.71432e-05 -0.0171671 0.0845609 
0.00929417 -0.0171292 -1.28642e-05 1.16675e-05 -0.0171292 0.0848223 1.97668e-05 -6.35602e-05 -1.28642e-05 1.97668e-05 0.00937833 -0.0171584 1.16675e-05 -6.35602e-05 -0.0171584 0.0845712 
0.00930194 -0.0171704 -1.82059e-05 2.14071e-05 -0.0171704 0.0849824 2.98041e-05 -9.11154e-05 -1.82059e-05 2.98041e-05 0.00937054 -0.0171421 2.14071e-05 -9.11154e-05 -0.0171421 0.0845561 
0.00928687 -0.0171754 -1.15838e-05 3.01166e-05 -0.0171754 0.0850377 3.85049e-05 -0.000117765 -1.15838e-05 3.85049e-05 0.00937934 -0.0171222 3.01166e-05 -0.000117765 -0.0171222 0.0844931 
0.00925586 -0.0171227 -9.16376e-06 2.53532e-05 -0.0171227 0.0848661 3.31649e-05 -0.000125535 -9.16376e-06 3.31649e-05 0.00939396 -0.0171039 2.53532e-05 -0.000125535 -0.0171039 0.0843403 
0.00924709 -0.0170965 9.05872e-06 1.75007e-05 -0.0170965 0.084789 2.17044e-05 -0.000102087 9.05872e-06 2.17044e-05 0.00940457 -0.0171379 1.75007e-05 -0.000102087 -0.0171379 0.0843797 
0.00961238 -0.0177483 -4.7527e-06 -2.10693e-06 -0.0177483 0.0880407 -2.24519e-06 -6.12198e-05 -4.7527e-06 -2.24519e-06 0.00977656 -0.0178328 -2.10693e-06 -6.12198e-05 -0.0178328 0.0877586 
0.00959626 -0.0177061 -2.28939e-05 1.3439e-05 -0.0177061 0.0877928 1.00547e-05 -5.57743e-05 -2.28939e-05 1.00547e-05 0.00974231 -0.017796 1.3439e-05 -5.57743e-05 -0.017796 0.0875842 
0.0095824 -0.0176859 -2.41002e-05 3.9693e-05 -0.0176859 0.0876344 3.3973e-05 -0.000102575 -2.41002e-05 3.3973e-05 0.00969947 -0.0177409 3.9693e-05 -0.000102575 -0.0177409 0.0873786 
0.00957508 -0.017664 -1.64738e-05 4.40326e-05 -0.017664 0.0875104 3.61299e-05 -0.000132735 -1.64738e-05 3.61299e-05 0.00967176 -0.0176838 4.40326e-05 -0.000132735 -0.0176838 0.0871735 
0.0095638 -0.0176473 -2.11508e-05 3.80347e-05 -0.0176473 0.0874085 2.95343e-05 -0.000134596 -2.11508e-05 2.95343e-05 0.00965043 -0.0176499 3.80347e-05 -0.000134596 -0.0176499 0.0870193 
0.00955158 -0.0176261 -1.83736e-05 4.02635e-05 -0.0176261 0.0873063 3.58901e-05 -0.000138808 -1.83736e-05 3.58901e-05 0.00964408 -0.0176251 4.02635e-05 -0.000138808 -0.0176251 0.0869086 
0.00952398 -0.0176029 -8.4391e-06 3.87918e-05 -0.0176029 0.0871973 3.51969e-05 -0.000143813 -8.4391e-06 3.51969e-05 0.00965511 -0.017613 3.87918e-05 -0.000143813 -0.017613 0.0868221 
0.00955883 -0.017645 7.96745e-06 2.42671e-05 -0.017645 0.0874693 1.82345e-05 -0.000116694 7.96745e-06 1.82345e-05 0.00968646 -0.0177062 2.42671e-05 -0.000116694 -0.0177062 0.0871908 
0.00960206 -0.0176832 4.10254e-05 2.13133e-07 -0.0176832 0.0876415 -6.54171e-06 -6.03302e-05 4.10254e-05 -6.54171e-06 0.00967995 -0.0177477 2.13133e-07 -6.03302e-05 -0.0177477 0.0874292 
0.00963458 -0.0177415 5.58342e-05 -4.07372e-05 -0.0177415 0.0878336 -4.60565e-05 2.69439e-05 5.58342e-05 -4.60565e-05 0.00967062 -0.0177453 -4.07372e-05 2.69439e-05 -0.0177453 0.08755 
0.00964336 -0.0177986 5.81251e-05 -5.665e-05 -0.0177986 0.0880664 -6.10268e-05 8.56693e-05 5.81251e-05 -6.10268e-05 0.00968929 -0.0177423 -5.665e-05 8.56693e-05 -0.0177423 0.087636 
0.00959686 -0.0177777 3.8314e-05 -5.87782e-05 -0.0177777 0.0880338 -6.07617e-05 0.000104324 3.8314e-05 -6.07617e-05 0.00971247 -0.0177278 -5.87782e-05 0.000104324 -0.0177278 0.0875432 
0.00955424 -0.0176859 3.55176e-05 -3.21325e-05 -0.0176859 0.0877523 -3.24435e-05 6.14309e-05 3.55176e-05 -3.24435e-05 0.00969908 -0.0177175 -3.21325e-05 6.14309e-05 -0.0177175 0.0873691 
0.00958859 -0.017692 3.69911e-05 -2.45661e-05 -0.017692 0.0878451 -2.40574e-05 1.85714e-05 3.69911e-05 -2.40574e-05 0.00969576 -0.017773 -2.45661e-05 1.85714e-05 -0.017773 0.087613 
0.00961846 -0.0177181 4.30551e-05 -2.34721e-05 -0.0177181 0.0878932 -2.36881e-05 -9.53943e-07 4.30551e-05 -2.36881e-05 0.00968602 -0.0177634 -2.34721e-05 -9.53943e-07 -0.0177634 0.0876825 
0.00963874 -0.017778 2.27557e-05 -2.95029e-05 -0.017778 0.0880804 -3.17388e-05 2.02381e-06 2.27557e-05 -3.17388e-05 0.00969812 -0.0177582 -2.95029e-05 2.02381e-06 -0.0177582 0.0877411 
0.00923321 -0.0170565 1.69369e-05 -9.37516e-06 -0.0170565 0.0844965 -1.17785e-05 -1.68189e-05 1.69369e-05 -1.17785e-05 0.00930081 -0.0170122 -9.37516e-06 -1.68189e-05 -0.0170122 0.0840515 
0.00957923 -0.0177317 1.20238e-05 6.43043e-07 -0.0177317 0.087892 -6.27307e-07 -5.39549e-05 1.20238e-05 -6.27307e-07 0.00969373 -0.0176961 6.43043e-07 -5.39549e-05 -0.0176961 0.087393 
0.00951333 -0.0176086 2.34686e-05 1.16292e-05 -0.0176086 0.0873854 7.22121e-06 -8.56267e-05 2.34686e-05 7.22121e-06 0.00966915 -0.0176313 1.16292e-05 -8.56267e-05 -0.0176313 0.0869768 
0.00945694 -0.0174776 4.13304e-05 -1.42267e-07 -0.0174776 0.0867847 -8.82885e-06 -7.85415e-05 4.13304e-05 -8.82885e-06 0.00962589 -0.01756 -1.42267e-07 -7.85415e-05 -0.01756 0.0865281 
0.00945481 -0.0174563 3.36811e-05 -2.50345e-05 -0.0174563 0.0866564 -3.47895e-05 -2.85424e-05 3.36811e-05 -3.47895e-05 0.00961883 -0.0175735 -2.50345e-05 -2.85424e-05 -0.0175735 0.0865399 
0.00948325 -0.0175072 1.67965e-05 -1.91285e-05 -0.0175072 0.0868537 -2.41371e-05 -1.65818e-05 1.67965e-05 -2.41371e-05 0.0096191 -0.0176175 -1.91285e-05 -1.65818e-05 -0.0176175 0.0867802 
0.00950335 -0.0175564 5.00722e-06 -2.11561e-06 -0.0175564 0.0870685 3.10763e-06 -5.323e-05 5.00722e-06 3.10763e-06 0.00962931 -0.0176337 -2.11561e-06 -5.323e-05 -0.0176337 0.0869611 
0.00948978 -0.0175373 -7.6362e-06 1.05343e-05 -0.0175373 0.0869768 2.19933e-05 -9.68293e-05 -7.6362e-06 2.19933e-05 0.00961228 -0.0175895 1.05343e-05 -9.68293e-05 -0.0175895 0.0867958 
0.00949339 -0.0175399 -3.77715e-06 2.15745e-05 -0.0175399 0.0870142 3.28454e-05 -0.000125615 -3.77715e-06 3.28454e-05 0.00960769 -0.0175948 2.15745e-05 -0.000125615 -0.0175948 0.0868178 
