0.00709366 0 0.000104465 0 0 0.00992558 0 0 0.000104465 0 0.00692625 0 0 0 0 0.00992558 
0.00965764 -0.0119836 0.000117 -0.000142584 -0.0119836 0.0317538 -0.000142584 0.000273689 0.000117 -0.000142584 0.00948609 -0.0117784 -0.000142584 0.000273689 -0.0117784 0.0313608 
0.00992259 -0.0183789 4.57688e-05 -0.000119443 -0.0183789 0.0677056 -0.000119443 0.000364509 4.57688e-05 -0.000119443 0.00977973 -0.0183042 -0.000119443 0.000364509 -0.0183042 0.0675252 
0.00938444 -0.0180267 1.70245e-05 5.56726e-05 -0.0180267 0.0805886 5.37385e-05 -0.000266827 1.70245e-05 5.37385e-05 0.00930546 -0.018118 5.56726e-05 -0.000266827 -0.018118 0.081485 
0.00903998 -0.016847 5.71354e-06 8.8564e-05 -0.016847 0.0809567 9.02943e-05 -0.000644027 5.71354e-06 9.02943e-05 0.00901588 -0.0169655 8.8564e-05 -0.000644027 -0.0169655 0.0822502 
0.00927016 -0.0169742 1.34434e-05 6.63704e-05 -0.0169742 0.0831231 7.13523e-05 -0.000608241 1.34434e-05 7.13523e-05 0.00925521 -0.017113 6.63704e-05 -0.000608241 -0.017113 0.0843517 
0.00948138 -0.0172908 4.67325e-06 4.38346e-05 -0.0172908 0.0849812 4.71858e-05 -0.000468605 4.67325e-06 4.71858e-05 0.00945662 -0.0174098 4.38346e-05 -0.000468605 -0.0174098 0.0859938 
0.00969294 -0.0176217 -9.7486e-06 4.60512e-05 -0.0176217 0.0867412 4.89838e-05 -0.000378155 -9.7486e-06 4.89838e-05 0.00962102 -0.0177323 4.60512e-05 -0.000378155 -0.0177323 0.0876089 
0.00948773 -0.017259 -1.62182e-05 6.11509e-05 -0.017259 0.0849361 6.64662e-05 -0.000356071 -1.62182e-05 6.64662e-05 0.00940396 -0.0173256 6.11509e-05 -0.000356071 -0.0173256 0.0856654 
0.00976332 -0.0177648 -1.57877e-05 7.5967e-05 -0.0177648 0.0874275 8.23776e-05 -0.000392164 -1.57877e-05 8.23776e-05 0.0096797 -0.0178144 7.5967e-05 -0.000392164 -0.0178144 0.0880925 
0.00968002 -0.0176094 -4.50523e-06 7.70197e-05 -0.0176094 0.0866555 7.89621e-05 -0.000401455 -4.50523e-06 7.89621e-05 0.00959103 -0.0176664 7.70197e-05 -0.000401455 -0.0176664 0.0873102 
0.00963199 -0.0175264 6.45404e-06 6.46481e-05 -0.0175264 0.0862175 6.24407e-05 -0.000380894 6.45404e-06 6.24407e-05 0.00953724 -0.0175745 6.46481e-05 -0.000380894 -0.0175745 0.0868616 
0.00963138 -0.0175292 -1.90358e-06 5.04496e-05 -0.0175292 0.0862024 4.85205e-05 -0.000348399 -1.90358e-06 4.85205e-05 0.00952832 -0.0175565 5.04496e-05 -0.000348399 -0.0175565 0.0867928 
0.00966213 -0.0175494 -3.73113e-06 6.18484e-05 -0.0175494 0.0862834 5.65443e-05 -0.00034804 -3.73113e-06 5.65443e-05 0.00951256 -0.0175583 6.18484e-05 -0.00034804 -0.0175583 0.0868067 
0.00963973 -0.0176042 1.90149e-06 6.47742e-05 -0.0176042 0.086461 5.61656e-05 -0.00035359 1.90149e-06 5.61656e-05 0.00954152 -0.0175567 6.47742e-05 -0.00035359 -0.0175567 0.0868656 
0.00960871 -0.0175759 2.88578e-05 5.33972e-05 -0.0175759 0.0864913 4.40472e-05 -0.000329774 2.88578e-05 4.40472e-05 0.00957324 -0.0175885 5.33972e-05 -0.000329774 -0.0175885 0.0869289 
0.00955767 -0.017508 2.88873e-05 1.97954e-05 -0.017508 0.0862943 9.51658e-06 -0.000263397 2.88873e-05 9.51658e-06 0.00959958 -0.0176036 1.97954e-05 -0.000263397 -0.0176036 0.0869014 
0.00952464 -0.0174277 3.59792e-05 1.58933e-05 -0.0174277 0.0860224 9.74249e-06 -0.000224785 3.59792e-05 9.74249e-06 0.00960791 -0.017621 1.58933e-05 -0.000224785 -0.017621 0.0868594 
0.00951937 -0.0174122 2.65439e-05 8.08608e-06 -0.0174122 0.0859792 7.45758e-06 -0.000210666 2.65439e-05 7.45758e-06 0.00962018 -0.0176709 8.08608e-06 -0.000210666 -0.0176709 0.0870338 
0.00951075 -0.0173562 3.04669e-05 1.96733e-05 -0.0173562 0.0857059 1.9391e-05 -0.000222151 3.04669e-05 1.9391e-05 0.00958581 -0.0176301 1.96733e-05 -0.000222151 -0.0176301 0.0868582 
0.00951803 -0.0173246 3.67836e-05 1.49419e-05 -0.0173246 0.085465 1.5372e-05 -0.000225258 3.67836e-05 1.5372e-05 0.00953618 -0.017566 1.49419e-05 -0.000225258 -0.017566 0.0865961 
0.00956138 -0.017389 2.01092e-05 3.70116e-06 -0.017389 0.0856453 1.0187e-05 -0.000211841 2.01092e-05 1.0187e-05 0.00951736 -0.0175639 3.70116e-06 -0.000211841 -0.0175639 0.0866584 
0.00960684 -0.0174787 2.38821e-05 2.41529e-05 -0.0174787 0.0859829 3.25821e-05 -0.000238435 2.38821e-05 3.25821e-05 0.00952727 -0.0175746 2.41529e-05 -0.000238435 -0.0175746 0.0868156 
0.00962857 -0.0175367 3.96129e-05 2.20946e-05 -0.0175367 0.0862269 2.51942e-05 -0.000248376 3.96129e-05 2.51942e-05 0.00953034 -0.0175851 2.20946e-05 -0.000248376 -0.0175851 0.0869057 
0.00967862 -0.017607 3.38224e-05 4.59583e-06 -0.017607 0.0865941 1.21181e-07 -0.000213881 3.38224e-05 1.21181e-07 0.0095417 -0.0176394 4.59583e-06 -0.000213881 -0.0176394 0.0872028 
0.0097037 -0.0176885 2.49315e-05 1.23813e-05 -0.0176885 0.0869647 2.98233e-06 -0.00020175 2.49315e-05 2.98233e-06 0.00957668 -0.0176837 1.23813e-05 -0.00020175 -0.0176837 0.087508 
0.00963578 -0.0175872 2.14267e-05 2.44388e-05 -0.0175872 0.0865332 1.32472e-05 -0.000218101 2.14267e-05 1.32472e-05 0.00956296 -0.0175865 2.44388e-05 -0.000218101 -0.0175865 0.0870378 
0.00960084 -0.0175363 1.35002e-05 3.11306e-05 -0.0175363 0.0863699 2.20355e-05 -0.000242833 1.35002e-05 2.20355e-05 0.00956812 -0.0176086 3.11306e-05 -0.000242833 -0.0176086 0.0869942 
0.0095761 -0.0174773 1.40383e-05 3.64544e-05 -0.0174773 0.0861443 3.28539e-05 -0.000261937 1.40383e-05 3.28539e-05 0.00955933 -0.0175976 3.64544e-05 -0.000261937 -0.0175976 0.0869044 
0.00957659 -0.0174772 2.69508e-05 3.41782e-05 -0.0174772 0.0861288 3.50172e-05 -0.000271486 2.69508e-05 3.50172e-05 0.00955714 -0.0175983 3.41782e-05 -0.000271486 -0.0175983 0.0869208 
0.00958563 -0.0174497 2.84793e-05 1.66978e-05 -0.0174497 0.0859843 2.07561e-05 -0.000248101 2.84793e-05 2.07561e-05 0.00951717 -0.017558 1.66978e-05 -0.000248101 -0.017558 0.0867411 
0.00958362 -0.0174512 2.41805e-05 1.35546e-05 -0.0174512 0.0858801 1.84152e-05 -0.000229892 2.41805e-05 1.84152e-05 0.00948376 -0.0174893 1.35546e-05 -0.000229892 -0.0174893 0.0864928 
0.00958891 -0.0174355 3.02492e-05 2.00292e-05 -0.0174355 0.0857593 2.29733e-05 -0.000231848 3.02492e-05 2.29733e-05 0.00944841 -0.0174323 2.00292e-05 -0.000231848 -0.0174323 0.0862336 
0.00960056 -0.0174654 4.25791e-05 1.41764e-05 -0.0174654 0.0858217 1.54365e-05 -0.000224751 4.25791e-05 1.54365e-05 0.00944496 -0.0174143 1.41764e-05 -0.000224751 -0.0174143 0.0861703 
0.00960982 -0.0174796 4.99367e-05 -3.54561e-06 -0.0174796 0.0858819 -1.97886e-06 -0.000189256 4.99367e-05 -1.97886e-06 0.00944357 -0.0174274 -3.54561e-06 -0.000189256 -0.0174274 0.0861979 
0.00956856 -0.0174674 5.52224e-05 -1.53633e-05 -0.0174674 0.0858125 -1.60059e-05 -0.000146808 5.52224e-05 -1.60059e-05 0.00946493 -0.0174131 -1.53633e-05 -0.000146808 -0.0174131 0.0861366 
0.00952354 -0.0173819 3.88438e-05 -2.29743e-05 -0.0173819 0.0855264 -2.4691e-05 -0.000114428 3.88438e-05 -2.4691e-05 0.00945847 -0.0174053 -2.29743e-05 -0.000114428 -0.0174053 0.0859793 
0.00950384 -0.0173597 2.57604e-05 -4.25098e-06 -0.0173597 0.0854662 -5.4855e-06 -0.00012857 2.57604e-05 -5.4855e-06 0.00947501 -0.0174327 -4.25098e-06 -0.00012857 -0.0174327 0.0860708 
0.00950193 -0.0173495 1.75027e-05 1.75369e-05 -0.0173495 0.0854688 1.65082e-05 -0.000180899 1.75027e-05 1.65082e-05 0.00949961 -0.0174611 1.75369e-05 -0.000180899 -0.0174611 0.0861828 
0.00953137 -0.0173745 2.39898e-05 3.0661e-05 -0.0173745 0.0856043 2.86332e-05 -0.000228401 2.39898e-05 2.86332e-05 0.00951119 -0.0175158 3.0661e-05 -0.000228401 -0.0175158 0.0864 
0.00958056 -0.0174234 2.90713e-05 2.6131e-05 -0.0174234 0.0857948 2.43246e-05 -0.000245381 2.90713e-05 2.43246e-05 0.00948423 -0.0175472 2.6131e-05 -0.000245381 -0.0175472 0.0866005 
0.00962761 -0.0174758 3.02129e-05 1.28929e-05 -0.0174758 0.0859421 1.18511e-05 -0.000220678 3.02129e-05 1.18511e-05 0.00944739 -0.0175068 1.28929e-05 -0.000220678 -0.0175068 0.086598 
0.00960183 -0.0174904 2.35277e-05 1.06304e-05 -0.0174904 0.0858882 1.0016e-05 -0.000204081 2.35277e-05 1.0016e-05 0.00943724 -0.0174117 1.06304e-05 -0.000204081 -0.0174117 0.0862886 
0.00956732 -0.0174596 9.17444e-06 1.5753e-05 -0.0174596 0.0858052 1.78453e-05 -0.000206106 9.17444e-06 1.78453e-05 0.00943762 -0.0173872 1.5753e-05 -0.000206106 -0.0173872 0.0860907 
0.00954921 -0.017406 6.77694e-06 3.22688e-05 -0.017406 0.0856361 3.61631e-05 -0.000235317 6.77694e-06 3.61631e-05 0.00942222 -0.0173794 3.22688e-05 -0.000235317 -0.0173794 0.0859697 
0.0095408 -0.0173855 -1.0493e-06 3.56513e-05 -0.0173855 0.0855292 4.11239e-05 -0.000257748 -1.0493e-06 4.11239e-05 0.00941575 -0.0173601 3.56513e-05 -0.000257748 -0.0173601 0.0858917 
0.00953191 -0.0173626 -3.28395e-07 4.47539e-05 -0.0173626 0.085396 5.30391e-05 -0.000282223 -3.28395e-07 5.30391e-05 0.00939826 -0.0173312 4.47539e-05 -0.000282223 -0.0173312 0.085743 
0.00955631 -0.0174267 8.81839e-06 4.77577e-05 -0.0174267 0.0856805 5.66689e-05 -0.000304091 8.81839e-06 5.66689e-05 0.00942177 -0.0173775 4.77577e-05 -0.000304091 -0.0173775 0.0859807 
0.00954133 -0.0174082 3.51444e-05 3.99567e-05 -0.0174082 0.0856152 4.53791e-05 -0.000299664 3.51444e-05 4.53791e-05 0.00940933 -0.0173542 3.99567e-05 -0.000299664 -0.0173542 0.0858777 
0.00954576 -0.0174028 4.59624e-05 9.33106e-06 -0.0174028 0.0856138 7.98099e-06 -0.000242244 4.59624e-05 7.98099e-06 0.00940509 -0.0173483 9.33106e-06 -0.000242244 -0.0173483 0.0858577 
0.00956782 -0.0174309 6.55196e-05 -7.07892e-06 -0.0174309 0.0857548 -1.25228e-05 -0.000178952 6.55196e-05 -1.25228e-05 0.00941184 -0.0173853 -7.07892e-06 -0.000178952 -0.0173853 0.0860318 
0.00956206 -0.0174245 6.35112e-05 -2.8344e-05 -0.0174245 0.0856995 -3.50902e-05 -0.000123903 6.35112e-05 -3.50902e-05 0.00940099 -0.0173625 -2.8344e-05 -0.000123903 -0.0173625 0.0859695 
0.00954379 -0.0173669 5.60158e-05 -2.69296e-05 -0.0173669 0.0854144 -3.44299e-05 -9.95307e-05 5.60158e-05 -3.44299e-05 0.00936699 -0.017294 -2.69296e-05 -9.95307e-05 -0.017294 0.0856523 
0.00956322 -0.0173907 4.39499e-05 -1.21309e-05 -0.0173907 0.0854734 -1.88895e-05 -0.000126681 4.39499e-05 -1.88895e-05 0.0093524 -0.0172981 -1.21309e-05 -0.000126681 -0.0172981 0.085669 
0.00954262 -0.0174027 3.7716e-05 7.57877e-07 -0.0174027 0.0854802 -5.46797e-06 -0.000158615 3.7716e-05 -5.46797e-06 0.00935309 -0.0172694 7.57877e-07 -0.000158615 -0.0172694 0.0855957 
0.00948626 -0.0173744 2.34402e-05 6.38992e-06 -0.0173744 0.0854253 1.99827e-06 -0.000180535 2.34402e-05 1.99827e-06 0.00938264 -0.0172649 6.38992e-06 -0.000180535 -0.0172649 0.0855389 
0.00944073 -0.0172849 2.68342e-06 2.13448e-05 -0.0172849 0.0851879 2.25202e-05 -0.000215358 2.68342e-06 2.25202e-05 0.00938142 -0.0172792 2.13448e-05 -0.000215358 -0.0172792 0.0854692 
0.00938181 -0.017178 -2.42234e-06 4.06491e-05 -0.017178 0.0847477 4.92293e-05 -0.000261202 -2.42234e-06 4.92293e-05 0.00936312 -0.0172335 4.06491e-05 -0.000261202 -0.0172335 0.0852174 
0.00934858 -0.0171399 -2.07667e-06 4.55037e-05 -0.0171399 0.084599 5.77657e-05 -0.000293169 -2.07667e-06 5.77657e-05 0.00938146 -0.0172306 4.55037e-05 -0.000293169 -0.0172306 0.085175 
0.00937763 -0.0171611 5.5219e-06 4.74629e-05 -0.0171611 0.0847815 5.74211e-05 -0.000305826 5.5219e-06 5.74211e-05 0.00940827 -0.0173152 4.74629e-05 -0.000305826 -0.0173152 0.0854911 
0.00940662 -0.0171447 2.04879e-05 3.70113e-05 -0.0171447 0.0846755 4.2542e-05 -0.000284696 2.04879e-05 4.2542e-05 0.00936965 -0.0173032 3.70113e-05 -0.000284696 -0.0173032 0.0854559 
0.0094077 -0.017162 3.18565e-05 1.59527e-05 -0.017162 0.0845997 1.9775e-05 -0.000234954 3.18565e-05 1.9775e-05 0.00934209 -0.0172382 1.59527e-05 -0.000234954 -0.0172382 0.0852702 
0.00940146 -0.0171631 3.06303e-05 -9.77289e-07 -0.0171631 0.0845602 3.49977e-06 -0.000183797 3.06303e-05 3.49977e-06 0.00932191 -0.0171953 -9.77289e-07 -0.000183797 -0.0171953 0.0850894 
0.00940537 -0.0171989 4.43031e-05 -2.10816e-06 -0.0171989 0.0847305 4.76774e-06 -0.000161506 4.43031e-05 4.76774e-06 0.00933945 -0.0172083 -2.10816e-06 -0.000161506 -0.0172083 0.0851653 
0.00940188 -0.0171866 5.78792e-05 -1.11843e-05 -0.0171866 0.084715 -3.94265e-06 -0.000151955 5.78792e-05 -3.94265e-06 0.00933659 -0.0172012 -1.11843e-05 -0.000151955 -0.0172012 0.0851073 
0.00938155 -0.0171621 4.48671e-05 -2.91984e-05 -0.0171621 0.0845943 -2.03977e-05 -0.000120329 4.48671e-05 -2.03977e-05 0.00932941 -0.0171726 -2.91984e-05 -0.000120329 -0.0171726 0.0849594 
0.00939245 -0.0171646 3.47639e-05 -1.58332e-05 -0.0171646 0.0846338 -6.106e-06 -0.000125073 3.47639e-05 -6.106e-06 0.00932358 -0.0171893 -1.58332e-05 -0.000125073 -0.0171893 0.0850035 
0.00941436 -0.0171824 3.11106e-05 7.21532e-07 -0.0171824 0.0846944 8.96366e-06 -0.000162536 3.11106e-05 8.96366e-06 0.00931332 -0.0171876 7.21532e-07 -0.000162536 -0.0171876 0.0850398 
0.00941029 -0.0171834 2.20945e-05 9.59129e-06 -0.0171834 0.0846349 1.63945e-05 -0.000195953 2.20945e-05 1.63945e-05 0.00928896 -0.0171456 9.59129e-06 -0.000195953 -0.0171456 0.0848931 
0.00940175 -0.0171954 1.42845e-05 2.27238e-05 -0.0171954 0.0846735 2.77026e-05 -0.000229085 1.42845e-05 2.77026e-05 0.00928143 -0.0171223 2.27238e-05 -0.000229085 -0.0171223 0.084822 
0.00937481 -0.0171622 7.97664e-06 3.53714e-05 -0.0171622 0.084549 3.75125e-05 -0.000262372 7.97664e-06 3.75125e-05 0.00926912 -0.0170781 3.53714e-05 -0.000262372 -0.0170781 0.0846172 
0.0093723 -0.0171511 2.60008e-05 4.22786e-05 -0.0171511 0.084553 4.30067e-05 -0.000283597 2.60008e-05 4.30067e-05 0.00927707 -0.0170888 4.22786e-05 -0.000283597 -0.0170888 0.0846278 
0.00939917 -0.0171731 3.88119e-05 2.2297e-05 -0.0171731 0.0846741 2.38589e-05 -0.000266304 3.88119e-05 2.38589e-05 0.00929789 -0.0171278 2.2297e-05 -0.000266304 -0.0171278 0.0847905 
0.00944272 -0.017256 4.74554e-05 3.50469e-06 -0.017256 0.0850293 7.56673e-06 -0.000223686 4.74554e-05 7.56673e-06 0.00934172 -0.0172035 3.50469e-06 -0.000223686 -0.0172035 0.0851505 
0.00944751 -0.0173027 4.94964e-05 -7.45766e-06 -0.0173027 0.0852409 -4.52984e-06 -0.000188135 4.94964e-05 -4.52984e-06 0.00937689 -0.0172444 -7.45766e-06 -0.000188135 -0.0172444 0.0853391 
0.00942025 -0.0172419 3.40955e-05 -1.05768e-05 -0.0172419 0.0850151 -1.25235e-05 -0.000162677 3.40955e-05 -1.25235e-05 0.00935682 -0.0172174 -1.05768e-05 -0.000162677 -0.0172174 0.0851487 
0.0094016 -0.0171753 3.89503e-05 1.15781e-05 -0.0171753 0.0847114 3.09545e-06 -0.000182758 3.89503e-05 3.09545e-06 0.009324 -0.0171774 1.15781e-05 -0.000182758 -0.0171774 0.0849296 
0.00940412 -0.0171727 4.99824e-05 1.23403e-05 -0.0171727 0.0846487 -4.27256e-06 -0.000194917 4.99824e-05 -4.27256e-06 0.00931044 -0.017169 1.23403e-05 -0.000194917 -0.017169 0.0849117 
0.00943016 -0.0172115 5.50223e-05 -1.62189e-06 -0.0172115 0.0848095 -2.18355e-05 -0.000169354 5.50223e-05 -2.18355e-05 0.00931657 -0.0171975 -1.62189e-06 -0.000169354 -0.0171975 0.0850865 
0.00945537 -0.0172637 4.25719e-05 -1.58221e-05 -0.0172637 0.08503 -3.1116e-05 -0.00013051 4.25719e-05 -3.1116e-05 0.00933457 -0.0172239 -1.58221e-05 -0.00013051 -0.0172239 0.0852736 
0.00947297 -0.0172807 3.41028e-05 -5.8538e-06 -0.0172807 0.0851047 -1.19162e-05 -0.000134447 3.41028e-05 -1.19162e-05 0.00932492 -0.0172264 -5.8538e-06 -0.000134447 -0.0172264 0.0853059 
0.00946492 -0.0172687 1.45578e-05 7.92619e-06 -0.0172687 0.084995 8.17354e-06 -0.000173493 1.45578e-05 8.17354e-06 0.00930008 -0.0171716 7.92619e-06 -0.000173493 -0.0171716 0.0851044 
0.0094509 -0.0172927 1.89935e-05 3.00775e-05 -0.0172927 0.0850962 3.33707e-05 -0.000226929 1.89935e-05 3.33707e-05 0.00931927 -0.017172 3.00775e-05 -0.000226929 -0.017172 0.0851209 
0.00939353 -0.017246 2.79101e-05 2.79831e-05 -0.017246 0.0849725 2.98732e-05 -0.000249334 2.79101e-05 2.98732e-05 0.00935675 -0.0171697 2.79831e-05 -0.000249334 -0.0171697 0.0850364 
0.00935966 -0.0171795 4.14358e-05 1.75538e-05 -0.0171795 0.0848236 1.6042e-05 -0.000232581 4.14358e-05 1.6042e-05 0.0093884 -0.0172233 1.75538e-05 -0.000232581 -0.0172233 0.0851083 
0.00936213 -0.0171348 2.456e-05 -1.50943e-06 -0.0171348 0.0846952 -7.24151e-06 -0.00018415 2.456e-05 -7.24151e-06 0.00939651 -0.0172804 -1.50943e-06 -0.00018415 -0.0172804 0.0852735 
0.00936869 -0.0171056 1.05308e-06 1.77145e-05 -0.0171056 0.0844972 8.89377e-06 -0.000184477 1.05308e-06 8.89377e-06 0.00935883 -0.0172652 1.77145e-05 -0.000184477 -0.0172652 0.0852272 
0.00937681 -0.0171008 -4.95934e-06 4.72691e-05 -0.0171008 0.0843653 3.77759e-05 -0.000236722 -4.95934e-06 3.77759e-05 0.00931019 -0.0172083 4.72691e-05 -0.000236722 -0.0172083 0.0850654 
0.00939033 -0.017116 5.48022e-06 5.1864e-05 -0.017116 0.0843465 4.64899e-05 -0.000269747 5.48022e-06 4.64899e-05 0.0092663 -0.0171489 5.1864e-05 -0.000269747 -0.0171489 0.0848983 
0.00978911 -0.0178219 1.92048e-05 3.88483e-05 -0.0178219 0.0877453 3.77759e-05 -0.000270092 1.92048e-05 3.77759e-05 0.00959547 -0.0177703 3.88483e-05 -0.000270092 -0.0177703 0.0881001 
0.00976961 -0.0178174 1.27315e-05 1.94588e-05 -0.0178174 0.0876272 2.39236e-05 -0.000234715 1.27315e-05 2.39236e-05 0.00957283 -0.0176819 1.94588e-05 -0.000234715 -0.0176819 0.0877531 
0.00977523 -0.0178368 6.39285e-06 2.29831e-05 -0.0178368 0.0877301 3.06462e-05 -0.000222914 6.39285e-06 3.06462e-05 0.00958038 -0.0176827 2.29831e-05 -0.000222914 -0.0176827 0.0877111 
0.00970922 -0.0178094 7.65116e-06 3.40426e-05 -0.0178094 0.0876162 3.91157e-05 -0.00023906 7.65116e-06 3.91157e-05 0.00961596 -0.0176658 3.40426e-05 -0.00023906 -0.0176658 0.0875753 
0.00972219 -0.0177833 2.37744e-05 3.40043e-05 -0.0177833 0.0877101 3.35375e-05 -0.000241417 2.37744e-05 3.35375e-05 0.00963442 -0.0177712 3.40043e-05 -0.000241417 -0.0177712 0.0878773 
0.0097327 -0.0178096 3.57106e-05 1.2951e-05 -0.0178096 0.0878279 9.03623e-06 -0.000200817 3.57106e-05 9.03623e-06 0.00966424 -0.0178118 1.2951e-05 -0.000200817 -0.0178118 0.0881374 
0.00933275 -0.0171329 3.65508e-05 -5.79156e-06 -0.0171329 0.0845101 -9.42854e-06 -0.000139698 3.65508e-05 -9.42854e-06 0.00932857 -0.0171517 -5.79156e-06 -0.000139698 -0.0171517 0.0848635 
0.00934421 -0.017115 1.93617e-05 -1.11257e-05 -0.017115 0.0845551 -1.31482e-05 -0.000108156 1.93617e-05 -1.31482e-05 0.00934641 -0.0172031 -1.11257e-05 -0.000108156 -0.0172031 0.0850288 
0.00936374 -0.0171447 1.86427e-05 8.48662e-06 -0.0171447 0.0846825 7.14977e-06 -0.000126297 1.86427e-05 7.14977e-06 0.00937115 -0.0172466 8.48662e-06 -0.000126297 -0.0172466 0.0852461 
0.00940219 -0.0171874 2.4359e-05 1.6141e-05 -0.0171874 0.0848867 1.12018e-05 -0.000156012 2.4359e-05 1.12018e-05 0.00939093 -0.0173015 1.6141e-05 -0.000156012 -0.0173015 0.0855031 
0.00940159 -0.0171924 3.21112e-05 1.02162e-05 -0.0171924 0.0848447 1.38761e-06 -0.0001519 3.21112e-05 1.38761e-06 0.00939151 -0.0172803 1.02162e-05 -0.0001519 -0.0172803 0.0854379 
0.00944302 -0.0172117 3.34798e-05 -2.72604e-06 -0.0172117 0.08493 -8.02159e-06 -0.000128721 3.34798e-05 -8.02159e-06 0.00937016 -0.0173084 -2.72604e-06 -0.000128721 -0.0173084 0.0855323 
0.00946249 -0.0172413 3.94487e-05 -5.22013e-06 -0.0172413 0.0849491 -8.12034e-06 -0.000115971 3.94487e-05 -8.12034e-06 0.00933913 -0.0172718 -5.22013e-06 -0.000115971 -0.0172718 0.0854733 
0.00941624 -0.0172278 2.58271e-05 -9.0715e-06 -0.0172278 0.084822 -1.32371e-05 -0.000109089 2.58271e-05 -1.32371e-05 0.00933849 -0.0172042 -9.0715e-06 -0.000109089 -0.0172042 0.0852298 
0.00936833 -0.0171559 2.98887e-05 9.33099e-06 -0.0171559 0.0845956 3.54578e-06 -0.000132986 2.98887e-05 3.54578e-06 0.00934313 -0.017186 9.33099e-06 -0.000132986 -0.017186 0.0850385 
0.00936622 -0.0171449 2.92635e-05 5.25053e-06 -0.0171449 0.0846368 -9.6829e-07 -0.000141544 2.92635e-05 -9.6829e-07 0.00937303 -0.0172538 5.25053e-06 -0.000141544 -0.0172538 0.0852605 
0.00937102 -0.017127 3.99743e-05 1.88361e-06 -0.017127 0.0845822 -4.76573e-06 -0.000129877 3.99743e-05 -4.76573e-06 0.00938184 -0.0172807 1.88361e-06 -0.000129877 -0.0172807 0.0853677 
0.00937887 -0.0170781 4.37263e-05 -1.10699e-05 -0.0170781 0.0843095 -1.91841e-05 -0.000101518 4.37263e-05 -1.91841e-05 0.0093381 -0.0172441 -1.10699e-05 -0.000101518 -0.0172441 0.0851816 
0.00939507 -0.0171184 3.87779e-05 -1.36236e-05 -0.0171184 0.0843451 -2.22655e-05 -8.48497e-05 3.87779e-05 -2.22655e-05 0.00932901 -0.0172145 -1.36236e-05 -8.48497e-05 -0.0172145 0.0851298 
0.00939087 -0.0171226 3.83488e-05 -8.55149e-06 -0.0171226 0.0843108 -1.47845e-05 -8.91775e-05 3.83488e-05 -1.47845e-05 0.00932955 -0.0171842 -8.55149e-06 -8.91775e-05 -0.0171842 0.0849859 
0.00943986 -0.0171845 4.27898e-05 -1.01009e-05 -0.0171845 0.0846004 -1.0131e-05 -9.88814e-05 4.27898e-05 -1.0131e-05 0.00934845 -0.0172476 -1.01009e-05 -9.88814e-05 -0.0172476 0.0852323 
0.00946798 -0.0172718 4.27172e-05 -1.86278e-05 -0.0172718 0.0849421 -8.82921e-06 -9.99374e-05 4.27172e-05 -8.82921e-06 0.00938329 -0.017292 -1.86278e-05 -9.99374e-05 -0.017292 0.0854932 
0.00947845 -0.0172906 2.20816e-05 -1.81397e-05 -0.0172906 0.0850859 -1.8337e-06 -0.000110232 2.20816e-05 -1.8337e-06 0.00938776 -0.0173281 -1.81397e-05 -0.000110232 -0.0173281 0.0856309 
0.00948146 -0.0172934 1.39332e-05 1.08054e-05 -0.0172934 0.0851096 2.69718e-05 -0.000165778 1.39332e-05 2.69718e-05 0.00938943 -0.0173194 1.08054e-05 -0.000165778 -0.0173194 0.0856406 
0.00951513 -0.0173757 -7.41152e-06 2.49725e-05 -0.0173757 0.0855118 3.65101e-05 -0.000215888 -7.41152e-06 3.65101e-05 0.00944241 -0.0173953 2.49725e-05 -0.000215888 -0.0173953 0.0860193 
0.00951832 -0.0173816 -1.24697e-05 5.22397e-05 -0.0173816 0.0855899 5.74082e-05 -0.0002687 -1.24697e-05 5.74082e-05 0.00944976 -0.0174225 5.22397e-05 -0.0002687 -0.0174225 0.0861135 
0.00957236 -0.0174104 5.7885e-06 5.95722e-05 -0.0174104 0.0857592 6.10287e-05 -0.000300822 5.7885e-06 6.10287e-05 0.00943304 -0.0174569 5.95722e-05 -0.000300822 -0.0174569 0.0863014 
0.00955172 -0.0173942 2.54772e-05 3.53611e-05 -0.0173942 0.0855477 3.79678e-05 -0.000273932 2.54772e-05 3.79678e-05 0.00940811 -0.017362 3.53611e-05 -0.000273932 -0.017362 0.0859837 
0.00952805 -0.0173369 2.90911e-05 1.03117e-05 -0.0173369 0.0852497 1.77337e-05 -0.000223399 2.90911e-05 1.77337e-05 0.00936582 -0.0172879 1.03117e-05 -0.000223399 -0.0172879 0.0855864 
0.00951775 -0.0173454 1.64438e-05 6.69551e-06 -0.0173454 0.0852393 1.67411e-05 -0.000201029 1.64438e-05 1.67411e-05 0.00936661 -0.0172715 6.69551e-06 -0.000201029 -0.0172715 0.0855069 
0.00951062 -0.0173913 1.60665e-05 2.56958e-05 -0.0173913 0.0854866 3.20949e-05 -0.000225129 1.60665e-05 3.20949e-05 0.00941854 -0.0173187 2.56958e-05 -0.000225129 -0.0173187 0.0857107 
0.00955467 -0.0174445 1.97324e-05 2.77294e-05 -0.0174445 0.0858969 3.07156e-05 -0.000242127 1.97324e-05 3.07156e-05 0.00946049 -0.0174548 2.77294e-05 -0.000242127 -0.0174548 0.086249 
0.00958428 -0.017478 2.04533e-05 1.86772e-05 -0.017478 0.0860811 1.77541e-05 -0.000220564 2.04533e-05 1.77541e-05 0.009486 -0.0175008 1.86772e-05 -0.000220564 -0.0175008 0.0865398 
0.00963418 -0.0175486 2.45892e-05 2.27014e-05 -0.0175486 0.0864034 1.66228e-05 -0.000214215 2.45892e-05 1.66228e-05 0.00951658 -0.0175661 2.27014e-05 -0.000214215 -0.0175661 0.0868882 
0.00966797 -0.0176109 3.52192e-05 1.75999e-05 -0.0176109 0.0866582 9.32073e-06 -0.000202323 3.52192e-05 9.32073e-06 0.00953526 -0.0176038 1.75999e-05 -0.000202323 -0.0176038 0.0871121 
0.00962762 -0.017578 2.67408e-05 7.30774e-06 -0.017578 0.0864836 -2.5321e-06 -0.000181076 2.67408e-05 -2.5321e-06 0.00953257 -0.0175545 7.30774e-06 -0.000181076 -0.0175545 0.0868949 
0.00958149 -0.0175074 8.50939e-06 2.12508e-05 -0.0175074 0.086233 1.26143e-05 -0.000199447 8.50939e-06 1.26143e-05 0.0095257 -0.0175375 2.12508e-05 -0.000199447 -0.0175375 0.0867226 
0.00954372 -0.0174137 -1.38873e-05 4.48827e-05 -0.0174137 0.0858414 4.10276e-05 -0.00025547 -1.38873e-05 4.10276e-05 0.00948573 -0.0174907 4.48827e-05 -0.00025547 -0.0174907 0.0864489 
0.00956507 -0.0173883 -1.4892e-05 6.76131e-05 -0.0173883 0.0856898 6.9501e-05 -0.000319215 -1.4892e-05 6.9501e-05 0.00943498 -0.0174575 6.76131e-05 -0.000319215 -0.0174575 0.0863297 
0.00956991 -0.0173996 -6.21563e-06 6.51529e-05 -0.0173996 0.0855888 7.26667e-05 -0.000345949 -6.21563e-06 7.26667e-05 0.00939453 -0.0173719 6.51529e-05 -0.000345949 -0.0173719 0.0860686 
0.00956916 -0.0174144 8.49598e-06 5.20628e-05 -0.0174144 0.0855755 6.00531e-05 -0.000327978 8.49598e-06 6.00531e-05 0.00937673 -0.0173072 5.20628e-05 -0.000327978 -0.0173072 0.0858131 
0.00956833 -0.0174337 1.97251e-05 3.26466e-05 -0.0174337 0.0856525 3.80905e-05 -0.000281178 1.97251e-05 3.80905e-05 0.00937412 -0.0172982 3.26466e-05 -0.000281178 -0.0172982 0.085739 
0.00953576 -0.0174051 1.90366e-05 1.83583e-05 -0.0174051 0.0855361 1.80155e-05 -0.000228814 1.90366e-05 1.80155e-05 0.00936716 -0.0172638 1.83583e-05 -0.000228814 -0.0172638 0.0855534 
0.00948735 -0.0173237 2.83412e-05 2.09736e-05 -0.0173237 0.0852091 1.81447e-05 -0.000211251 2.83412e-05 1.81447e-05 0.00934593 -0.0172113 2.09736e-05 -0.000211251 -0.0172113 0.0852393 
0.0094655 -0.0172728 4.55285e-05 9.64747e-06 -0.0172728 0.0850176 6.97477e-06 -0.000190282 4.55285e-05 6.97477e-06 0.00934569 -0.0172104 9.64747e-06 -0.000190282 -0.0172104 0.0851592 
0.0094391 -0.0172237 4.86781e-05 -1.05776e-05 -0.0172237 0.0847898 -1.38713e-05 -0.000148549 4.86781e-05 -1.38713e-05 0.00934296 -0.0172048 -1.05776e-05 -0.000148549 -0.0172048 0.0850728 
0.00944985 -0.0172449 4.42836e-05 -1.59898e-05 -0.0172449 0.0848992 -1.99622e-05 -0.000117946 4.42836e-05 -1.99622e-05 0.00935498 -0.0172577 -1.59898e-05 -0.000117946 -0.0172577 0.0852973 
0.00945936 -0.0172625 3.18553e-05 -1.19676e-05 -0.0172625 0.0849783 -1.25859e-05 -0.000117738 3.18553e-05 -1.25859e-05 0.00935145 -0.0172636 -1.19676e-05 -0.000117738 -0.0172636 0.0853846 
0.00947438 -0.0172737 4.43284e-05 -1.70504e-06 -0.0172737 0.0850323 4.21387e-06 -0.000139292 4.43284e-05 4.21387e-06 0.00934091 -0.0172558 -1.70504e-06 -0.000139292 -0.0172558 0.0853994 
0.00950399 -0.017342 4.14131e-05 -1.44727e-05 -0.017342 0.0853267 -5.23097e-06 -0.000138333 4.14131e-05 -5.23097e-06 0.00936918 -0.0172874 -1.44727e-05 -0.000138333 -0.0172874 0.0856131 
0.00950916 -0.0173794 5.48803e-05 -1.26061e-05 -0.0173794 0.0855196 -2.5597e-06 -0.00013436 5.48803e-05 -2.5597e-06 0.00939898 -0.0173133 -1.26061e-05 -0.00013436 -0.0173133 0.0857355 
0.00949897 -0.0173297 6.01278e-05 -2.67439e-05 -0.0173297 0.0853501 -2.17101e-05 -0.000109566 6.01278e-05 -2.17101e-05 0.0093788 -0.0173011 -2.67439e-05 -0.000109566 -0.0173011 0.0856057 
0.0094886 -0.0173084 5.51802e-05 -3.86022e-05 -0.0173084 0.0852207 -3.70375e-05 -6.52751e-05 5.51802e-05 -3.70375e-05 0.00937162 -0.0172792 -3.86022e-05 -6.52751e-05 -0.0172792 0.0855134 
0.00948979 -0.0173044 4.60165e-05 -2.98922e-05 -0.0173044 0.0851971 -3.19672e-05 -6.0239e-05 4.60165e-05 -3.19672e-05 0.00937197 -0.0172886 -2.98922e-05 -6.0239e-05 -0.0172886 0.0855342 
0.00949291 -0.0173429 4.50653e-05 -9.69408e-06 -0.0173429 0.0853659 -1.73949e-05 -9.56144e-05 4.50653e-05 -1.73949e-05 0.00940485 -0.0173235 -9.69408e-06 -9.56144e-05 -0.0173235 0.0857174 
0.00948577 -0.0173475 4.05196e-05 -3.27658e-06 -0.0173475 0.0854478 -1.19554e-05 -0.000128709 4.05196e-05 -1.19554e-05 0.00942757 -0.0173567 -3.27658e-06 -0.000128709 -0.0173567 0.0858382 
0.00949478 -0.0173277 4.67408e-05 4.08582e-06 -0.0173277 0.0854145 -5.62877e-06 -0.000152947 4.67408e-05 -5.62877e-06 0.00941714 -0.0173721 4.08582e-06 -0.000152947 -0.0173721 0.0858809 
0.00950114 -0.0173372 3.65719e-05 -6.09541e-06 -0.0173372 0.0854222 -1.38622e-05 -0.000148059 3.65719e-05 -1.38622e-05 0.00941598 -0.0173672 -6.09541e-06 -0.000148059 -0.0173672 0.0859098 
0.00950078 -0.0173501 2.81253e-05 8.4197e-07 -0.0173501 0.0854573 8.21861e-07 -0.000156521 2.81253e-05 8.21861e-07 0.00942963 -0.01736 8.4197e-07 -0.000156521 -0.01736 0.0859002 
0.00952013 -0.0173538 2.0422e-05 8.38617e-06 -0.0173538 0.0854971 1.9884e-05 -0.00018914 2.0422e-05 1.9884e-05 0.00942501 -0.0173846 8.38617e-06 -0.00018914 -0.0173846 0.0859584 
0.00953164 -0.0173617 1.07986e-05 2.11089e-05 -0.0173617 0.0854661 4.20296e-05 -0.000240268 1.07986e-05 4.20296e-05 0.00941379 -0.0173621 2.11089e-05 -0.000240268 -0.0173621 0.0858936 
