0.00696402 0 3.99425e-05 0 0 0.00985335 0 0 3.99425e-05 0 0.00694139 0 0 0 0 0.00985335 
0.00949328 -0.0117795 3.61666e-05 -4.27838e-05 -0.0117795 0.0313142 -4.27838e-05 8.16016e-05 3.61666e-05 -4.27838e-05 0.00952693 -0.0118293 -4.27838e-05 8.16016e-05 -0.0118293 0.031409 
0.009786 -0.0181165 3.34736e-05 6.0787e-07 -0.0181165 0.066831 6.0787e-07 -1.78483e-05 3.34736e-05 6.0787e-07 0.00982715 -0.0184161 6.0787e-07 -1.78483e-05 -0.0184161 0.0678557 
0.00929042 -0.017736 3.00652e-05 4.04457e-05 -0.017736 0.0793659 5.0977e-05 -0.000352375 3.00652e-05 5.0977e-05 0.00926695 -0.0181365 4.04457e-05 -0.000352375 -0.0181365 0.08153 
0.00902587 -0.016733 4.95069e-05 3.10041e-05 -0.016733 0.0802791 4.43985e-05 -0.000457821 4.95069e-05 4.43985e-05 0.00897762 -0.0169848 3.10041e-05 -0.000457821 -0.0169848 0.0824594 
0.00930049 -0.0169945 6.66885e-05 -6.77625e-06 -0.0169945 0.0830012 -9.06412e-07 -0.000346261 6.66885e-05 -9.06412e-07 0.00922748 -0.0171301 -6.77625e-06 -0.000346261 -0.0171301 0.0846442 
0.0095061 -0.0172901 8.90624e-05 -3.34666e-05 -0.0172901 0.0848171 -3.03531e-05 -0.000196677 8.90624e-05 -3.03531e-05 0.00939255 -0.0173531 -3.34666e-05 -0.000196677 -0.0173531 0.085926 
0.00975503 -0.0177034 7.6213e-05 -7.00672e-05 -0.0177034 0.086966 -6.53424e-05 -6.14786e-05 7.6213e-05 -6.53424e-05 0.00957172 -0.0177113 -7.00672e-05 -6.14786e-05 -0.0177113 0.0877285 
0.00960259 -0.0173804 6.28229e-05 -5.42327e-05 -0.0173804 0.085369 -5.26033e-05 -1.13904e-05 6.28229e-05 -5.26033e-05 0.00934297 -0.017306 -5.42327e-05 -1.13904e-05 -0.017306 0.0858305 
0.00947969 -0.0171654 5.35403e-05 -3.57561e-05 -0.0171654 0.0841902 -3.53703e-05 -2.90538e-05 5.35403e-05 -3.53703e-05 0.0091881 -0.016991 -3.57561e-05 -2.90538e-05 -0.016991 0.0843654 
0.00982023 -0.0178172 5.24522e-05 -2.13821e-05 -0.0178172 0.0873281 -2.29517e-05 -6.92094e-05 5.24522e-05 -2.29517e-05 0.00953548 -0.0175926 -2.13821e-05 -6.92094e-05 -0.0175926 0.0873253 
0.00975317 -0.0177267 5.00026e-05 -1.44721e-05 -0.0177267 0.0869158 -1.90333e-05 -9.48234e-05 5.00026e-05 -1.90333e-05 0.00951045 -0.0175301 -1.44721e-05 -9.48234e-05 -0.0175301 0.0869031 
0.00971757 -0.0176764 3.10748e-05 -9.31486e-06 -0.0176764 0.0867355 -1.64015e-05 -0.000111351 3.10748e-05 -1.64015e-05 0.00951923 -0.0175324 -9.31486e-06 -0.000111351 -0.0175324 0.0868182 
0.00968624 -0.017614 4.22285e-05 8.58566e-06 -0.017614 0.0864937 2.72601e-07 -0.000135516 4.22285e-05 2.72601e-07 0.00950937 -0.0175354 8.58566e-06 -0.000135516 -0.0175354 0.0867392 
0.00965865 -0.0175753 3.54954e-05 -4.13125e-06 -0.0175753 0.0863255 -1.23225e-05 -0.000130158 3.54954e-05 -1.23225e-05 0.00950338 -0.017529 -4.13125e-06 -0.000130158 -0.017529 0.086695 
0.00960453 -0.0174986 3.14006e-05 1.23109e-06 -0.0174986 0.0859907 -7.96968e-06 -0.000124109 3.14006e-05 -7.96968e-06 0.00948943 -0.0174815 1.23109e-06 -0.000124109 -0.0174815 0.0864493 
0.00956962 -0.0174643 2.30388e-05 9.41011e-06 -0.0174643 0.0858968 -9.54698e-07 -0.000138206 2.30388e-05 -9.54698e-07 0.00950028 -0.0175024 9.41011e-06 -0.000138206 -0.0175024 0.0864851 
0.00956486 -0.0174444 2.94777e-05 2.01175e-05 -0.0174444 0.0858937 1.31396e-05 -0.00016797 2.94777e-05 1.31396e-05 0.0095089 -0.0175335 2.01175e-05 -0.00016797 -0.0175335 0.0866135 
0.00960067 -0.0174949 3.03923e-05 5.94567e-06 -0.0174949 0.0861585 8.10897e-06 -0.000165179 3.03923e-05 8.10897e-06 0.00952473 -0.0175947 5.94567e-06 -0.000165179 -0.0175947 0.0869447 
0.00962398 -0.0174981 2.93443e-05 -1.66232e-06 -0.0174981 0.0861512 7.63385e-06 -0.000149752 2.93443e-05 7.63385e-06 0.00949389 -0.0175671 -1.66232e-06 -0.000149752 -0.0175671 0.0868987 
0.0096286 -0.0175362 2.14475e-05 -2.61698e-06 -0.0175362 0.0862443 7.54407e-06 -0.000139018 2.14475e-05 7.54407e-06 0.00948375 -0.0175326 -2.61698e-06 -0.000139018 -0.0175326 0.0868448 
0.0095819 -0.0174657 3.76583e-05 8.9742e-06 -0.0174657 0.0859111 1.44533e-05 -0.000148348 3.76583e-05 1.44533e-05 0.00945505 -0.01743 8.9742e-06 -0.000148348 -0.01743 0.0863708 
0.00955172 -0.0174379 6.22847e-05 -4.35039e-06 -0.0174379 0.0858072 -5.59146e-06 -0.000134246 6.22847e-05 -5.59146e-06 0.00946139 -0.0174226 -4.35039e-06 -0.000134246 -0.0174226 0.086248 
0.00952434 -0.0173753 7.50405e-05 -3.34302e-05 -0.0173753 0.0855747 -3.83553e-05 -7.45832e-05 7.50405e-05 -3.83553e-05 0.00943928 -0.0174092 -3.34302e-05 -7.45832e-05 -0.0174092 0.086096 
0.00951484 -0.017345 7.18937e-05 -5.22656e-05 -0.017345 0.0854244 -5.75955e-05 -1.33437e-05 7.18937e-05 -5.75955e-05 0.00941928 -0.0173802 -5.22656e-05 -1.33437e-05 -0.0173802 0.0859808 
0.00949309 -0.0172993 5.54127e-05 -5.0007e-05 -0.0172993 0.0851784 -5.26886e-05 5.78433e-06 5.54127e-05 -5.26886e-05 0.0093989 -0.017328 -5.0007e-05 5.78433e-06 -0.017328 0.085738 
0.00947023 -0.0172782 3.23624e-05 -2.77478e-05 -0.0172782 0.0850559 -2.93985e-05 -2.972e-05 3.23624e-05 -2.93985e-05 0.0094028 -0.0173128 -2.77478e-05 -2.972e-05 -0.0173128 0.085625 
0.00951223 -0.017303 3.57709e-05 1.72144e-06 -0.017303 0.0852193 2.27843e-08 -9.5915e-05 3.57709e-05 2.27843e-08 0.00940074 -0.0173787 1.72144e-06 -9.5915e-05 -0.0173787 0.0858698 
0.0095528 -0.0173619 3.86141e-05 2.40615e-06 -0.0173619 0.0854149 -7.4704e-07 -0.00012961 3.86141e-05 -7.4704e-07 0.0094006 -0.017395 2.40615e-06 -0.00012961 -0.017395 0.0860578 
0.00954286 -0.0173912 3.29164e-05 -2.04568e-06 -0.0173912 0.0854763 -5.73837e-06 -0.000128714 3.29164e-05 -5.73837e-06 0.00940247 -0.0173651 -2.04568e-06 -0.000128714 -0.0173651 0.0860008 
0.00953704 -0.0173723 4.10482e-05 -1.0644e-06 -0.0173723 0.0854399 -1.68469e-06 -0.000124841 4.10482e-05 -1.68469e-06 0.00938901 -0.0173487 -1.0644e-06 -0.000124841 -0.0173487 0.0859 
0.00951434 -0.0173129 3.48934e-05 -1.30491e-05 -0.0173129 0.0851478 -1.03702e-05 -0.000107706 3.48934e-05 -1.03702e-05 0.00934591 -0.0172793 -1.30491e-05 -0.000107706 -0.0172793 0.0855737 
0.00951744 -0.0173188 3.28453e-05 -1.11831e-05 -0.0173188 0.0851261 -2.72872e-06 -0.000102175 3.28453e-05 -2.72872e-06 0.00933952 -0.0172501 -1.11831e-05 -0.000102175 -0.0172501 0.0854696 
0.00950838 -0.0173852 1.54525e-05 -7.43822e-06 -0.0173852 0.0854275 9.41717e-06 -0.000123258 1.54525e-05 9.41717e-06 0.00939261 -0.0173023 -7.43822e-06 -0.000123258 -0.0173023 0.0857066 
0.00950967 -0.0173722 1.64332e-05 1.38383e-05 -0.0173722 0.0855265 3.13291e-05 -0.000166131 1.64332e-05 3.13291e-05 0.00942496 -0.0173557 1.38383e-05 -0.000166131 -0.0173557 0.0858688 
0.00951572 -0.0173276 2.84151e-05 1.44622e-05 -0.0173276 0.0853604 2.6747e-05 -0.000182944 2.84151e-05 2.6747e-05 0.00940137 -0.0173649 1.44622e-05 -0.000182944 -0.0173649 0.0858449 
0.00953463 -0.0173472 3.65199e-05 6.29767e-06 -0.0173472 0.0853664 1.57963e-05 -0.000178658 3.65199e-05 1.57963e-05 0.0093749 -0.0173552 6.29767e-06 -0.000178658 -0.0173552 0.0858734 
0.00953773 -0.0173351 3.78199e-05 -7.58941e-07 -0.0173351 0.0852352 4.0064e-06 -0.000160587 3.78199e-05 4.0064e-06 0.00933984 -0.0172828 -7.58941e-07 -0.000160587 -0.0172828 0.0856355 
0.00956567 -0.0174013 4.82746e-05 -3.74319e-06 -0.0174013 0.0854862 -5.09722e-06 -0.000139787 4.82746e-05 -5.09722e-06 0.00935934 -0.0172992 -3.74319e-06 -0.000139787 -0.0172992 0.0857554 
0.00957529 -0.0174797 5.90115e-05 -1.63612e-05 -0.0174797 0.0858704 -2.09167e-05 -0.000107971 5.90115e-05 -2.09167e-05 0.009423 -0.0173689 -1.63612e-05 -0.000107971 -0.0173689 0.0860747 
0.00955636 -0.017445 6.60721e-05 -3.25743e-05 -0.017445 0.0858383 -3.82805e-05 -6.29367e-05 6.60721e-05 -3.82805e-05 0.00943142 -0.0174056 -3.25743e-05 -6.29367e-05 -0.0174056 0.0861396 
0.00957057 -0.0174545 5.57685e-05 -4.10011e-05 -0.0174545 0.0859538 -4.7798e-05 -3.02e-05 5.57685e-05 -4.7798e-05 0.00945024 -0.0174574 -4.10011e-05 -3.02e-05 -0.0174574 0.0863904 
0.00957771 -0.0174668 5.54872e-05 -2.72033e-05 -0.0174668 0.0860167 -3.66142e-05 -3.59541e-05 5.54872e-05 -3.66142e-05 0.00946335 -0.0174733 -2.72033e-05 -3.59541e-05 -0.0174733 0.0865107 
0.00956937 -0.0174456 4.86367e-05 -2.30378e-05 -0.0174456 0.0859151 -3.58685e-05 -4.78584e-05 4.86367e-05 -3.58685e-05 0.00946191 -0.0174528 -2.30378e-05 -4.78584e-05 -0.0174528 0.0864169 
0.00957759 -0.0174623 2.66473e-05 -1.26532e-05 -0.0174623 0.0859809 -2.75491e-05 -6.80851e-05 2.66473e-05 -2.75491e-05 0.00946844 -0.0174711 -1.26532e-05 -6.80851e-05 -0.0174711 0.086479 
0.00955961 -0.0174324 1.15955e-05 9.98667e-06 -0.0174324 0.0858285 -5.17775e-07 -0.000111783 1.15955e-05 -5.17775e-07 0.00945377 -0.0174357 9.98667e-06 -0.000111783 -0.0174357 0.0863105 
0.00954418 -0.0173901 1.92184e-05 2.73301e-05 -0.0173901 0.0856294 1.91696e-05 -0.000160396 1.92184e-05 1.91696e-05 0.00942845 -0.0174017 2.73301e-05 -0.000160396 -0.0174017 0.0861213 
0.00956241 -0.01737 2.04485e-05 1.69269e-05 -0.01737 0.0855022 9.19241e-06 -0.00016162 2.04485e-05 9.19241e-06 0.00938886 -0.0173712 1.69269e-05 -0.00016162 -0.0173712 0.0859862 
0.0095686 -0.0174077 1.41577e-05 1.27889e-05 -0.0174077 0.0855459 6.00423e-06 -0.000147357 1.41577e-05 6.00423e-06 0.00938969 -0.0173324 1.27889e-05 -0.000147357 -0.0173324 0.0858993 
0.00953689 -0.0173905 9.21608e-06 2.21412e-05 -0.0173905 0.0854536 1.53497e-05 -0.000156023 9.21608e-06 1.53497e-05 0.00940188 -0.0173058 2.21412e-05 -0.000156023 -0.0173058 0.0857205 
0.00952513 -0.0173561 1.49427e-05 2.752e-05 -0.0173561 0.0853688 2.2191e-05 -0.000172056 1.49427e-05 2.2191e-05 0.00939702 -0.0173321 2.752e-05 -0.000172056 -0.0173321 0.0857152 
0.00953762 -0.0174009 9.58807e-06 2.00382e-05 -0.0174009 0.0855899 1.68724e-05 -0.000169378 9.58807e-06 1.68724e-05 0.00942715 -0.017389 2.00382e-05 -0.000169378 -0.017389 0.0860112 
0.00952411 -0.0173576 2.63243e-05 2.41775e-05 -0.0173576 0.0854267 2.39276e-05 -0.000173643 2.63243e-05 2.39276e-05 0.00939868 -0.0173644 2.41775e-05 -0.000173643 -0.0173644 0.0858976 
0.0094965 -0.0172983 3.06898e-05 -1.06443e-06 -0.0172983 0.085116 8.3686e-06 -0.000144419 3.06898e-05 8.3686e-06 0.00936253 -0.0172849 -1.06443e-06 -0.000144419 -0.0172849 0.0855724 
0.00948484 -0.017313 3.16734e-05 -1.34314e-05 -0.017313 0.0851652 2.57996e-06 -0.000108414 3.16734e-05 2.57996e-06 0.00937444 -0.0172899 -1.34314e-05 -0.000108414 -0.0172899 0.085594 
0.00943967 -0.0172469 3.09646e-05 -1.39508e-05 -0.0172469 0.0849089 -2.48086e-06 -8.98519e-05 3.09646e-05 -2.48086e-06 0.00935952 -0.017253 -1.39508e-05 -8.98519e-05 -0.017253 0.0853724 
0.00941023 -0.0171788 3.76666e-05 -1.25669e-05 -0.0171788 0.0846458 -1.1123e-05 -7.1123e-05 3.76666e-05 -1.1123e-05 0.00933795 -0.0172261 -1.25669e-05 -7.1123e-05 -0.0172261 0.0851992 
0.00938905 -0.0171266 2.92396e-05 -1.22133e-05 -0.0171266 0.0844044 -1.74559e-05 -6.51878e-05 2.92396e-05 -1.74559e-05 0.00931617 -0.0171973 -1.22133e-05 -6.51878e-05 -0.0171973 0.0850507 
0.00941114 -0.0171321 4.2727e-05 -2.86952e-07 -0.0171321 0.0844093 -7.56778e-06 -7.99045e-05 4.2727e-05 -7.56778e-06 0.00928964 -0.0171989 -2.86952e-07 -7.99045e-05 -0.0171989 0.0850819 
0.00941685 -0.0171459 4.47533e-05 -1.26894e-05 -0.0171459 0.0843808 -2.32709e-05 -7.16784e-05 4.47533e-05 -2.32709e-05 0.00926184 -0.0171437 -1.26894e-05 -7.16784e-05 -0.0171437 0.0849406 
0.00938881 -0.0171449 4.01529e-05 -1.86778e-05 -0.0171449 0.0843302 -2.57816e-05 -5.41339e-05 4.01529e-05 -2.57816e-05 0.00924947 -0.0170869 -1.86778e-05 -5.41339e-05 -0.0170869 0.0847232 
0.0093858 -0.0171523 3.4983e-05 -1.40185e-05 -0.0171523 0.0844472 -1.40062e-05 -6.40759e-05 3.4983e-05 -1.40062e-05 0.00927019 -0.0171036 -1.40185e-05 -6.40759e-05 -0.0171036 0.0847709 
0.00938697 -0.0171566 6.50268e-06 -1.33411e-05 -0.0171566 0.0845334 -7.29744e-06 -7.40535e-05 6.50268e-06 -7.29744e-06 0.00929426 -0.0171396 -1.33411e-05 -7.40535e-05 -0.0171396 0.0848902 
0.00937787 -0.0171287 -1.53409e-07 2.2074e-05 -0.0171287 0.0844353 2.80861e-05 -0.000131984 -1.53409e-07 2.80861e-05 0.00928729 -0.0171458 2.2074e-05 -0.000131984 -0.0171458 0.0848737 
0.00936851 -0.0171001 8.35643e-06 3.07662e-05 -0.0171001 0.0842974 3.3031e-05 -0.000170105 8.35643e-06 3.3031e-05 0.00926973 -0.0171277 3.07662e-05 -0.000170105 -0.0171277 0.0847981 
0.0093525 -0.0171071 1.41969e-05 1.93912e-05 -0.0171071 0.0843082 1.55792e-05 -0.000153076 1.41969e-05 1.55792e-05 0.00928481 -0.0171221 1.93912e-05 -0.000153076 -0.0171221 0.0848077 
0.00933828 -0.0170846 6.31214e-06 1.14578e-05 -0.0170846 0.0842685 3.66583e-06 -0.00012178 6.31214e-06 3.66583e-06 0.00928402 -0.0171342 1.14578e-05 -0.00012178 -0.0171342 0.0848136 
0.00934667 -0.0170926 8.83706e-06 1.78828e-05 -0.0170926 0.084349 1.03669e-05 -0.000114191 8.83706e-06 1.03669e-05 0.00928953 -0.0171591 1.78828e-05 -0.000114191 -0.0171591 0.0849454 
0.0093391 -0.0170642 2.54633e-05 1.14464e-05 -0.0170642 0.0842113 1.11207e-05 -0.000109642 2.54633e-05 1.11207e-05 0.00926893 -0.0171221 1.14464e-05 -0.000109642 -0.0171221 0.0848043 
0.00973924 -0.0177689 4.62957e-05 -1.33689e-05 -0.0177689 0.0876598 -7.09673e-06 -7.52613e-05 4.62957e-05 -7.09673e-06 0.00964389 -0.0178115 -1.33689e-05 -7.52613e-05 -0.0178115 0.0882429 
0.00937058 -0.0170836 3.57141e-05 -3.448e-05 -0.0170836 0.0842031 -2.77826e-05 -2.28381e-05 3.57141e-05 -2.77826e-05 0.00924422 -0.0170921 -3.448e-05 -2.28381e-05 -0.0170921 0.0846877 
0.009376 -0.017137 2.67965e-05 -2.32703e-05 -0.017137 0.0843976 -1.57786e-05 -2.16544e-05 2.67965e-05 -1.57786e-05 0.00927402 -0.0170999 -2.32703e-05 -2.16544e-05 -0.0170999 0.0847747 
0.00935535 -0.0171116 2.56467e-05 -1.08397e-05 -0.0171116 0.0843363 -2.74287e-06 -4.98868e-05 2.56467e-05 -2.74287e-06 0.00928405 -0.0171041 -1.08397e-05 -4.98868e-05 -0.0171041 0.0847089 
0.00935568 -0.01708 8.11685e-06 -8.49104e-06 -0.01708 0.0842366 -2.1436e-06 -6.51752e-05 8.11685e-06 -2.1436e-06 0.00927745 -0.0171177 -8.49104e-06 -6.51752e-05 -0.0171177 0.0846994 
0.00976227 -0.0177995 5.04655e-06 1.30107e-05 -0.0177995 0.0877487 1.55861e-05 -9.91409e-05 5.04655e-06 1.55861e-05 0.00965546 -0.0178462 1.30107e-05 -9.91409e-05 -0.0178462 0.0883088 
0.00974676 -0.0178165 5.9006e-06 2.69519e-05 -0.0178165 0.0877639 2.6761e-05 -0.000145358 5.9006e-06 2.6761e-05 0.00966683 -0.0178304 2.69519e-05 -0.000145358 -0.0178304 0.088297 
0.00935806 -0.017097 8.56543e-06 2.57202e-05 -0.017097 0.0842766 2.29418e-05 -0.000154717 8.56543e-06 2.29418e-05 0.00927295 -0.0171287 2.57202e-05 -0.000154717 -0.0171287 0.0847807 
0.00936147 -0.0170828 1.4133e-05 2.10827e-05 -0.0170828 0.0842161 1.75257e-05 -0.000149188 1.4133e-05 1.75257e-05 0.00925192 -0.0171123 2.10827e-05 -0.000149188 -0.0171123 0.0847324 
0.00936491 -0.0171067 2.70251e-05 1.5637e-05 -0.0171067 0.084304 1.06435e-05 -0.000137544 2.70251e-05 1.06435e-05 0.00925804 -0.0171131 1.5637e-05 -0.000137544 -0.0171131 0.084797 
0.00934992 -0.0170948 2.61594e-05 2.07954e-07 -0.0170948 0.0842773 -2.512e-06 -0.000113286 2.61594e-05 -2.512e-06 0.00925555 -0.0171043 2.07954e-07 -0.000113286 -0.0171043 0.0847602 
0.00972007 -0.0177404 1.89627e-05 -7.66673e-06 -0.0177404 0.0875035 -4.76089e-06 -9.02522e-05 1.89627e-05 -4.76089e-06 0.00960163 -0.0177573 -7.66673e-06 -9.02522e-05 -0.0177573 0.0880069 
0.00971584 -0.0177243 8.77125e-06 -6.76301e-07 -0.0177243 0.0873674 6.61347e-06 -9.37207e-05 8.77125e-06 6.61347e-06 0.00957639 -0.0177072 -6.76301e-07 -9.37207e-05 -0.0177072 0.0878065 
0.00971374 -0.0177115 2.9865e-05 1.10245e-05 -0.0177115 0.0872481 1.73673e-05 -0.000113221 2.9865e-05 1.73673e-05 0.00954431 -0.0176536 1.10245e-05 -0.000113221 -0.0176536 0.0875689 
0.00972786 -0.0177703 3.93904e-05 -7.57816e-06 -0.0177703 0.0874823 -7.32636e-06 -9.47453e-05 3.93904e-05 -7.32636e-06 0.00955538 -0.017668 -7.57816e-06 -9.47453e-05 -0.017668 0.0876708 
0.00970957 -0.0178038 3.04098e-05 -2.04789e-05 -0.0178038 0.08768 -2.06703e-05 -5.961e-05 3.04098e-05 -2.06703e-05 0.00958645 -0.0176834 -2.04789e-05 -5.961e-05 -0.0176834 0.0877638 
0.00964324 -0.0177052 2.88119e-05 -1.62372e-05 -0.0177052 0.0873635 -1.29062e-05 -4.8499e-05 2.88119e-05 -1.29062e-05 0.00958805 -0.0176497 -1.62372e-05 -4.8499e-05 -0.0176497 0.0875097 
0.00962987 -0.0176492 2.32003e-05 -1.38729e-05 -0.0176492 0.0872288 -8.09651e-06 -5.57966e-05 2.32003e-05 -8.09651e-06 0.00960338 -0.0176914 -1.38729e-05 -5.57966e-05 -0.0176914 0.0875844 
0.0096286 -0.0176341 2.59761e-05 -6.95638e-06 -0.0176341 0.0871584 2.00305e-07 -7.08509e-05 2.59761e-05 2.00305e-07 0.00961947 -0.0177192 -6.95638e-06 -7.08509e-05 -0.0177192 0.0876852 
0.00962861 -0.0176395 2.91416e-05 -6.57793e-06 -0.0176395 0.0871666 8.08926e-07 -8.39089e-05 2.91416e-05 8.08926e-07 0.00963454 -0.0177478 -6.57793e-06 -8.39089e-05 -0.0177478 0.0877953 
0.00963295 -0.0176383 2.76352e-05 -9.35156e-06 -0.0176383 0.0871677 -2.31394e-06 -8.59132e-05 2.76352e-05 -2.31394e-06 0.00962777 -0.0177638 -9.35156e-06 -8.59132e-05 -0.0177638 0.0878571 
0.0096419 -0.0176013 2.47776e-05 -2.58332e-06 -0.0176013 0.086978 2.05117e-06 -0.000100008 2.47776e-05 2.05117e-06 0.00958151 -0.0177224 -2.58332e-06 -0.000100008 -0.0177224 0.0876936 
0.00967564 -0.0176722 2.635e-05 2.802e-07 -0.0176722 0.0871988 2.91964e-06 -0.000108894 2.635e-05 2.91964e-06 0.009577 -0.0177197 2.802e-07 -0.000108894 -0.0177197 0.0878028 
0.00967239 -0.0176768 1.31077e-05 -1.23761e-06 -0.0176768 0.0871839 -7.54296e-07 -0.00010758 1.31077e-05 -7.54296e-07 0.00955087 -0.0176726 -1.23761e-06 -0.00010758 -0.0176726 0.0876407 
0.00965226 -0.0176579 -2.69704e-06 1.77522e-05 -0.0176579 0.0870914 1.79116e-05 -0.00013749 -2.69704e-06 1.79116e-05 0.00952726 -0.0176217 1.77522e-05 -0.00013749 -0.0176217 0.0874346 
0.00961105 -0.0175964 -7.88815e-06 3.59399e-05 -0.0175964 0.0868135 3.95589e-05 -0.000185311 -7.88815e-06 3.95589e-05 0.00949871 -0.0175418 3.59399e-05 -0.000185311 -0.0175418 0.0870673 
0.00956191 -0.0175614 7.12299e-06 4.33907e-05 -0.0175614 0.0866754 4.82792e-05 -0.000220412 7.12299e-06 4.82792e-05 0.00951085 -0.0175133 4.33907e-05 -0.000220412 -0.0175133 0.0868924 
0.00950357 -0.0174303 2.31536e-05 2.54688e-05 -0.0174303 0.0861584 3.03273e-05 -0.000205388 2.31536e-05 3.03273e-05 0.00947481 -0.0174488 2.54688e-05 -0.000205388 -0.0174488 0.0864532 
0.00950594 -0.0174164 1.86043e-05 3.95313e-06 -0.0174164 0.086096 5.87965e-06 -0.000155073 1.86043e-05 5.87965e-06 0.00946702 -0.017466 3.95313e-06 -0.000155073 -0.017466 0.0864843 
0.00947044 -0.0173728 -1.84437e-06 8.5453e-07 -0.0173728 0.0858512 1.79431e-06 -0.000114933 -1.84437e-06 1.79431e-06 0.00945166 -0.017413 8.5453e-07 -0.000114933 -0.017413 0.086257 
0.00946705 -0.0174014 -1.45346e-05 2.70748e-05 -0.0174014 0.0860218 2.82331e-05 -0.000145314 -1.45346e-05 2.82331e-05 0.00948584 -0.0174608 2.70748e-05 -0.000145314 -0.0174608 0.0864496 
0.00949695 -0.0174166 -1.322e-05 4.99347e-05 -0.0174166 0.0861847 4.79862e-05 -0.000202821 -1.322e-05 4.79862e-05 0.0094837 -0.0175199 4.99347e-05 -0.000202821 -0.0175199 0.0866886 
0.0095323 -0.0174214 1.13867e-06 4.7212e-05 -0.0174214 0.0861667 4.5426e-05 -0.00021946 1.13867e-06 4.5426e-05 0.00944247 -0.0174915 4.7212e-05 -0.00021946 -0.0174915 0.0866619 
0.00956172 -0.0175016 1.50741e-05 2.77204e-05 -0.0175016 0.0864153 2.75002e-05 -0.000192726 1.50741e-05 2.75002e-05 0.00944889 -0.0174754 2.77204e-05 -0.000192726 -0.0174754 0.0867419 
0.00956219 -0.017507 2.81696e-05 5.73026e-06 -0.017507 0.0864426 6.56436e-06 -0.000139051 2.81696e-05 6.56436e-06 0.00944411 -0.0174559 5.73026e-06 -0.000139051 -0.0174559 0.0866523 
0.00953783 -0.017506 4.13368e-05 -9.81368e-06 -0.017506 0.0864262 -1.00459e-05 -9.03346e-05 4.13368e-05 -1.00459e-05 0.00945584 -0.0174349 -9.81368e-06 -9.03346e-05 -0.0174349 0.0865538 
0.00952171 -0.0175018 4.23437e-05 -2.53244e-05 -0.0175018 0.0864921 -2.65898e-05 -4.51308e-05 4.23437e-05 -2.65898e-05 0.00947938 -0.0174693 -2.53244e-05 -4.51308e-05 -0.0174693 0.0866423 
0.00948837 -0.0174227 2.97722e-05 -2.8519e-05 -0.0174227 0.0861959 -3.11807e-05 -1.66635e-05 2.97722e-05 -3.11807e-05 0.00945482 -0.0174399 -2.8519e-05 -1.66635e-05 -0.0174399 0.0864428 
0.00949516 -0.0173948 2.87104e-05 -1.11551e-05 -0.0173948 0.0860708 -1.23775e-05 -3.86804e-05 2.87104e-05 -1.23775e-05 0.00942694 -0.0174262 -1.11551e-05 -3.86804e-05 -0.0174262 0.086385 
0.00945442 -0.0173448 3.98018e-05 -1.00757e-05 -0.0173448 0.0857472 -9.86816e-06 -5.64883e-05 3.98018e-05 -9.86816e-06 0.00939525 -0.0173361 -1.00757e-05 -5.64883e-05 -0.0173361 0.0860228 
0.00942749 -0.0173194 3.79646e-05 -2.35572e-05 -0.0173194 0.0856497 -2.261e-05 -4.08312e-05 3.79646e-05 -2.261e-05 0.00939359 -0.0173219 -2.35572e-05 -4.08312e-05 -0.0173219 0.085914 
0.00940175 -0.0172561 5.17765e-05 -2.58802e-05 -0.0172561 0.0854103 -2.44052e-05 -2.31327e-05 5.17765e-05 -2.44052e-05 0.00937557 -0.0173001 -2.58802e-05 -2.31327e-05 -0.0173001 0.085755 
0.00938683 -0.017207 6.4747e-05 -4.67822e-05 -0.017207 0.0851579 -4.73239e-05 2.31593e-05 6.4747e-05 -4.73239e-05 0.00933611 -0.0172578 -4.67822e-05 2.31593e-05 -0.0172578 0.0855523 
0.00935892 -0.0171679 6.15495e-05 -6.45258e-05 -0.0171679 0.0849174 -6.47585e-05 7.49878e-05 6.15495e-05 -6.47585e-05 0.00930611 -0.0171912 -6.45258e-05 7.49878e-05 -0.0171912 0.0852841 
0.00938075 -0.0171456 6.23258e-05 -6.01483e-05 -0.0171456 0.0848111 -5.92769e-05 9.00808e-05 6.23258e-05 -5.92769e-05 0.00926412 -0.0171606 -6.01483e-05 9.00808e-05 -0.0171606 0.0851365 
0.00940267 -0.0172112 4.06762e-05 -5.79911e-05 -0.0172112 0.0849686 -5.83949e-05 8.47855e-05 4.06762e-05 -5.83949e-05 0.00925932 -0.0171296 -5.79911e-05 8.47855e-05 -0.0171296 0.0851094 
0.00943662 -0.017308 1.86103e-05 -2.34095e-05 -0.017308 0.0854176 -2.8257e-05 2.68561e-05 1.86103e-05 -2.8257e-05 0.00930674 -0.017182 -2.34095e-05 2.68561e-05 -0.017182 0.0853806 
0.0094299 -0.0173191 -3.90656e-06 1.06356e-05 -0.0173191 0.0855305 3.41163e-06 -6.07621e-05 -3.90656e-06 3.41163e-06 0.00932827 -0.0172128 1.06356e-05 -6.07621e-05 -0.0172128 0.0854602 
0.00941793 -0.0172884 3.46295e-06 3.61484e-05 -0.0172884 0.0854523 3.42862e-05 -0.000143438 3.46295e-06 3.42862e-05 0.00933015 -0.0172193 3.61484e-05 -0.000143438 -0.0172193 0.0854416 
0.00942022 -0.0172693 1.05981e-05 2.21696e-05 -0.0172693 0.0853776 2.62289e-05 -0.000157131 1.05981e-05 2.62289e-05 0.00932327 -0.0172234 2.21696e-05 -0.000157131 -0.0172234 0.0854394 
0.00940987 -0.0172798 7.05089e-06 7.97298e-06 -0.0172798 0.0853906 1.4901e-05 -0.000130439 7.05089e-06 1.4901e-05 0.00933445 -0.0172251 7.97298e-06 -0.000130439 -0.0172251 0.0854718 
0.00943662 -0.0172904 1.4262e-05 1.32489e-05 -0.0172904 0.0854939 1.57579e-05 -0.000120794 1.4262e-05 1.57579e-05 0.00933434 -0.0172601 1.32489e-05 -0.000120794 -0.0172601 0.0856109 
0.00946608 -0.017324 2.70194e-05 6.54518e-06 -0.017324 0.0856081 2.18316e-06 -0.000103314 2.70194e-05 2.18316e-06 0.00932895 -0.0172742 6.54518e-06 -0.000103314 -0.0172742 0.0857338 
0.00949808 -0.0173833 3.71133e-05 -1.10747e-05 -0.0173833 0.0858367 -2.22016e-05 -5.43989e-05 3.71133e-05 -2.22016e-05 0.00934138 -0.0172922 -1.10747e-05 -5.43989e-05 -0.0172922 0.0858994 
0.00950774 -0.0174291 5.4199e-05 -2.52492e-05 -0.0174291 0.0860263 -3.40319e-05 -1.04547e-05 5.4199e-05 -3.40319e-05 0.00936177 -0.0173033 -2.52492e-05 -1.04547e-05 -0.0173033 0.0859892 
0.00947487 -0.0174032 7.44517e-05 -4.73779e-05 -0.0174032 0.0859391 -4.861e-05 3.14025e-05 7.44517e-05 -4.861e-05 0.00937081 -0.0172848 -4.73779e-05 3.14025e-05 -0.0172848 0.0858673 
0.00944166 -0.0173325 7.13812e-05 -7.24561e-05 -0.0173325 0.0856988 -6.94576e-05 8.13649e-05 7.13812e-05 -6.94576e-05 0.00936717 -0.0172792 -7.24561e-05 8.13649e-05 -0.0172792 0.0857365 
0.0094334 -0.017317 3.32927e-05 -6.62422e-05 -0.017317 0.085649 -6.37319e-05 9.05204e-05 3.32927e-05 -6.37319e-05 0.00937605 -0.0173018 -6.62422e-05 9.05204e-05 -0.0173018 0.0858044 
0.0093806 -0.0172484 -2.17381e-06 -1.64381e-05 -0.0172484 0.0853263 -1.45501e-05 9.00457e-06 -2.17381e-06 -1.45501e-05 0.00936584 -0.0172562 -1.64381e-05 9.00457e-06 -0.0172562 0.0855677 
0.0093854 -0.0172112 -1.48775e-05 2.98814e-05 -0.0172112 0.0852122 3.27208e-05 -0.000109539 -1.48775e-05 3.27208e-05 0.00934214 -0.0172644 2.98814e-05 -0.000109539 -0.0172644 0.0855451 
0.00940315 -0.0172212 1.17789e-05 4.38004e-05 -0.0172212 0.0851868 4.68199e-05 -0.000178981 1.17789e-05 4.68199e-05 0.00931534 -0.0172375 4.38004e-05 -0.000178981 -0.0172375 0.0855034 
0.00945339 -0.01729 2.61801e-05 8.23606e-06 -0.01729 0.0854349 1.06569e-05 -0.000141527 2.61801e-05 1.06569e-05 0.00930658 -0.0172386 8.23606e-06 -0.000141527 -0.0172386 0.0856065 
0.00948198 -0.0173441 2.90262e-05 -1.21415e-05 -0.0173441 0.0856082 -1.09851e-05 -7.69578e-05 2.90262e-05 -1.09851e-05 0.00929781 -0.0172211 -1.21415e-05 -7.69578e-05 -0.0172211 0.0856049 
0.00947063 -0.0173835 1.73661e-05 -1.77628e-05 -0.0173835 0.0857571 -1.73302e-05 -3.84071e-05 1.73661e-05 -1.73302e-05 0.00932305 -0.0172125 -1.77628e-05 -3.84071e-05 -0.0172125 0.0856018 
0.00945104 -0.0173438 1.36273e-05 -3.84761e-06 -0.0173438 0.0856777 -7.12225e-06 -4.05465e-05 1.36273e-05 -7.12225e-06 0.00933112 -0.0172235 -3.84761e-06 -4.05465e-05 -0.0172235 0.0855485 
0.00941306 -0.0172714 1.18603e-05 5.30859e-06 -0.0172714 0.0853616 -1.82877e-06 -5.99187e-05 1.18603e-05 -1.82877e-06 0.00931719 -0.0171922 5.30859e-06 -5.99187e-05 -0.0171922 0.0853384 
0.00942386 -0.0172689 1.09852e-05 1.10334e-05 -0.0172689 0.0853675 3.84443e-06 -8.05788e-05 1.09852e-05 3.84443e-06 0.00931904 -0.0172234 1.10334e-05 -8.05788e-05 -0.0172234 0.0854456 
0.0094387 -0.0172819 1.29703e-05 1.04682e-05 -0.0172819 0.0853975 5.37943e-06 -8.69605e-05 1.29703e-05 5.37943e-06 0.00931422 -0.017232 1.04682e-05 -8.69605e-05 -0.017232 0.0855189 
0.00943146 -0.0172745 2.91347e-05 4.34287e-06 -0.0172745 0.0853097 2.58568e-06 -7.84936e-05 2.91347e-05 2.58568e-06 0.00931085 -0.0171957 4.34287e-06 -7.84936e-05 -0.0171957 0.0853892 
0.00946301 -0.0173419 4.08635e-05 -1.42927e-05 -0.0173419 0.0856211 -1.3851e-05 -5.0626e-05 4.08635e-05 -1.3851e-05 0.0093443 -0.0172582 -1.42927e-05 -5.0626e-05 -0.0172582 0.0856605 
0.00948294 -0.0174051 3.31895e-05 -3.12552e-05 -0.0174051 0.0859437 -3.06928e-05 -7.27731e-06 3.31895e-05 -3.06928e-05 0.00938987 -0.0173277 -3.12552e-05 -7.27731e-06 -0.0173277 0.0859871 
0.00952662 -0.0174094 2.76279e-05 -2.6128e-05 -0.0174094 0.0860425 -2.32641e-05 5.90989e-06 2.76279e-05 -2.32641e-05 0.00938288 -0.0173759 -2.6128e-05 5.90989e-06 -0.0173759 0.086172 
0.00952102 -0.0174388 2.26878e-05 -1.99172e-05 -0.0174388 0.0860537 -1.77205e-05 2.66405e-07 2.26878e-05 -1.77205e-05 0.0093943 -0.0173491 -1.99172e-05 2.66405e-07 -0.0173491 0.0861501 
0.00950713 -0.0174624 2.04255e-06 -1.13459e-05 -0.0174624 0.0861955 -1.59749e-05 -8.46289e-06 2.04255e-06 -1.59749e-05 0.00943669 -0.0173846 -1.13459e-05 -8.46289e-06 -0.0173846 0.0862712 
0.00949693 -0.0174665 3.08165e-06 1.66402e-05 -0.0174665 0.086347 5.84124e-06 -5.02031e-05 3.08165e-06 5.84124e-06 0.00948584 -0.0174719 1.66402e-05 -5.02031e-05 -0.0174719 0.0865738 
0.00948127 -0.0174428 3.7122e-06 1.82507e-05 -0.0174428 0.086341 8.67226e-06 -7.96461e-05 3.7122e-06 8.67226e-06 0.00951146 -0.0175223 1.82507e-05 -7.96461e-05 -0.0175223 0.0867611 
0.00947558 -0.0173935 6.27432e-06 1.53904e-05 -0.0173935 0.0861833 9.99477e-06 -8.6516e-05 6.27432e-06 9.99477e-06 0.00949979 -0.0175364 1.53904e-05 -8.6516e-05 -0.0175364 0.0867981 
0.00946455 -0.0173739 5.56853e-06 6.35623e-06 -0.0173739 0.0860562 4.29081e-06 -7.19554e-05 5.56853e-06 4.29081e-06 0.00948392 -0.0175185 6.35623e-06 -7.19554e-05 -0.0175185 0.0867664 
0.00944529 -0.0173265 6.47405e-06 6.51495e-06 -0.0173265 0.0858136 7.6856e-06 -6.79877e-05 6.47405e-06 7.6856e-06 0.00945431 -0.017456 6.51495e-06 -6.79877e-05 -0.017456 0.0865158 
0.00942979 -0.0172919 7.29537e-06 5.96107e-06 -0.0172919 0.0856109 9.54178e-06 -7.06284e-05 7.29537e-06 9.54178e-06 0.00942675 -0.0174033 5.96107e-06 -7.06284e-05 -0.0174033 0.0862702 
0.00943058 -0.0172877 1.09759e-05 5.81666e-06 -0.0172877 0.0855554 7.13949e-06 -7.00079e-05 1.09759e-05 7.13949e-06 0.00940851 -0.0173765 5.81666e-06 -7.00079e-05 -0.0173765 0.0861501 
