0.00695459 0 6.55859e-05 0 0 0.00995111 0 0 6.55859e-05 0 0.00707679 0 0 0 0 0.00995111 
0.00952928 -0.0118302 8.45333e-05 -0.000104266 -0.0118302 0.0314824 -0.000104266 0.000199713 8.45333e-05 -0.000104266 0.00962969 -0.0119505 -0.000104266 0.000199713 -0.0119505 0.0317129 
0.0098759 -0.0184433 4.91771e-05 -0.0001303 -0.0184433 0.0680299 -0.0001303 0.00041463 4.91771e-05 -0.0001303 0.00993035 -0.0184406 -0.0001303 0.00041463 -0.0184406 0.0679768 
0.00887795 -0.0172942 -2.09771e-06 -4.73034e-05 -0.0172942 0.0777238 -4.81097e-05 0.000220726 -2.09771e-06 -4.81097e-05 0.00892324 -0.0170913 -4.73034e-05 0.000220726 -0.0170913 0.0765176 
0.00905079 -0.0171769 -3.74939e-05 2.17615e-05 -0.0171769 0.083303 2.31955e-05 -2.1529e-05 -3.74939e-05 2.31955e-05 0.00918708 -0.0169604 2.17615e-05 -2.1529e-05 -0.0169604 0.0814598 
0.0092683 -0.0172148 -5.39383e-05 6.22571e-05 -0.0172148 0.0852189 6.65635e-05 -0.000172271 -5.39383e-05 6.65635e-05 0.00943376 -0.0171813 6.22571e-05 -0.000172271 -0.0171813 0.0837831 
0.00943031 -0.0174122 -4.32031e-05 8.25514e-05 -0.0174122 0.0863586 8.24215e-05 -0.000240875 -4.32031e-05 8.24215e-05 0.00961678 -0.0174597 8.25514e-05 -0.000240875 -0.0174597 0.085475 
0.00958297 -0.0176301 -1.69695e-05 6.6849e-05 -0.0176301 0.0874043 6.19403e-05 -0.000226908 -1.69695e-05 6.19403e-05 0.00974796 -0.0177074 6.6849e-05 -0.000226908 -0.0177074 0.0868436 
0.00935337 -0.0172074 -2.09032e-06 2.98633e-05 -0.0172074 0.0851727 2.29978e-05 -0.00014537 -2.09032e-06 2.29978e-05 0.00949854 -0.0172468 2.98633e-05 -0.00014537 -0.0172468 0.0846935 
0.00959365 -0.017646 -1.28733e-05 1.08934e-05 -0.017646 0.0872547 6.52799e-06 -8.30307e-05 -1.28733e-05 6.52799e-06 0.00973185 -0.0176517 1.08934e-05 -8.30307e-05 -0.0176517 0.0867023 
0.00952369 -0.0175411 -1.84156e-05 1.97148e-05 -0.0175411 0.0866562 1.67752e-05 -6.93204e-05 -1.84156e-05 1.67752e-05 0.00964589 -0.0175266 1.97148e-05 -6.93204e-05 -0.0175266 0.0860351 
0.00951539 -0.0175323 -1.98681e-05 2.74773e-05 -0.0175323 0.0866103 2.31669e-05 -8.20286e-05 -1.98681e-05 2.31669e-05 0.00960475 -0.0175016 2.74773e-05 -8.20286e-05 -0.0175016 0.0859349 
0.00950959 -0.0175018 -2.26257e-05 3.32132e-05 -0.0175018 0.0864637 2.51029e-05 -9.47082e-05 -2.26257e-05 2.51029e-05 0.00956104 -0.0174387 3.32132e-05 -9.47082e-05 -0.0174387 0.0857299 
0.00953055 -0.0175162 -2.20698e-05 3.67836e-05 -0.0175162 0.0864908 2.70229e-05 -0.000102466 -2.20698e-05 2.70229e-05 0.00952066 -0.0174089 3.67836e-05 -0.000102466 -0.0174089 0.0856671 
0.00949993 -0.0175462 -1.08283e-05 3.79321e-05 -0.0175462 0.0865519 3.02624e-05 -0.000113591 -1.08283e-05 3.02624e-05 0.00953105 -0.0173562 3.79321e-05 -0.000113591 -0.0173562 0.0855545 
0.0094862 -0.0175263 -2.41374e-05 2.64913e-05 -0.0175263 0.0866109 2.13294e-05 -0.000106851 -2.41374e-05 2.13294e-05 0.00955691 -0.017387 2.64913e-05 -0.000106851 -0.017387 0.0856136 
0.0094838 -0.0175327 -1.93133e-05 4.58358e-05 -0.0175327 0.0867268 4.35864e-05 -0.000140994 -1.93133e-05 4.35864e-05 0.00959772 -0.0174538 4.58358e-05 -0.000140994 -0.0174538 0.0858656 
0.00948111 -0.0175283 1.6605e-06 4.09191e-05 -0.0175283 0.0867787 4.40238e-05 -0.000163225 1.6605e-06 4.40238e-05 0.00963075 -0.0175085 4.09191e-05 -0.000163225 -0.0175085 0.0860779 
0.00950253 -0.0175415 2.92023e-05 1.16645e-05 -0.0175415 0.0868985 1.92197e-05 -0.000126916 2.92023e-05 1.92197e-05 0.00964243 -0.0175781 1.16645e-05 -0.000126916 -0.0175781 0.0863671 
0.00951432 -0.0175717 3.92956e-05 -2.13928e-05 -0.0175717 0.0870217 -1.62763e-05 -5.30407e-05 3.92956e-05 -1.62763e-05 0.00966261 -0.0175964 -2.13928e-05 -5.30407e-05 -0.0175964 0.0865396 
0.00952271 -0.0175623 4.79782e-05 -3.53732e-05 -0.0175623 0.0869876 -3.53853e-05 1.01422e-05 4.79782e-05 -3.53853e-05 0.00965155 -0.0175921 -3.53732e-05 1.01422e-05 -0.0175921 0.0865172 
0.00951356 -0.0175161 2.87419e-05 -4.54882e-05 -0.0175161 0.0867182 -4.87262e-05 5.04009e-05 2.87419e-05 -4.87262e-05 0.00962198 -0.0175295 -4.54882e-05 5.04009e-05 -0.0175295 0.0862424 
0.00951977 -0.0174908 5.05683e-06 -2.08662e-05 -0.0174908 0.0865097 -2.61022e-05 2.91344e-05 5.05683e-06 -2.61022e-05 0.0095917 -0.0174812 -2.08662e-05 2.91344e-05 -0.0174812 0.0859955 
0.0094941 -0.0174998 1.08266e-05 1.18585e-05 -0.0174998 0.0864084 6.47818e-06 -4.09853e-05 1.08266e-05 6.47818e-06 0.00958461 -0.0174288 1.18585e-05 -4.09853e-05 -0.0174288 0.0857613 
0.00950249 -0.0175604 1.30639e-05 8.72736e-06 -0.0175604 0.086751 3.73127e-06 -7.48769e-05 1.30639e-05 3.73127e-06 0.00961935 -0.0175017 8.72736e-06 -7.48769e-05 -0.0175017 0.0860428 
0.0094924 -0.0175424 5.42616e-06 1.25892e-06 -0.0175424 0.0867762 -2.578e-06 -6.66197e-05 5.42616e-06 -2.578e-06 0.00962437 -0.0175212 1.25892e-06 -6.66197e-05 -0.0175212 0.0861214 
0.00951388 -0.0175366 1.66753e-05 3.21445e-06 -0.0175366 0.0868062 2.91494e-06 -5.97561e-05 1.66753e-05 2.91494e-06 0.00959668 -0.017537 3.21445e-06 -5.97561e-05 -0.017537 0.0862173 
0.00951073 -0.0174853 1.18978e-05 -1.36821e-05 -0.0174853 0.0864888 -8.05802e-06 -3.33454e-05 1.18978e-05 -8.05802e-06 0.00953092 -0.0174294 -1.36821e-05 -3.33454e-05 -0.0174294 0.0858433 
0.00949187 -0.0174601 -2.14146e-06 -7.7309e-06 -0.0174601 0.0862347 -2.40553e-06 -2.75634e-05 -2.14146e-06 -2.40553e-06 0.0094954 -0.0173223 -7.7309e-06 -2.75634e-05 -0.0173223 0.0854191 
0.00947125 -0.017471 -1.83776e-05 1.66859e-05 -0.017471 0.0862381 1.80811e-05 -6.92431e-05 -1.83776e-05 1.80811e-05 0.00950387 -0.0173017 1.66859e-05 -6.92431e-05 -0.0173017 0.0852831 
0.00946567 -0.0174633 -1.20897e-05 3.88782e-05 -0.0174633 0.0862695 3.67625e-05 -0.00012232 -1.20897e-05 3.67625e-05 0.00949387 -0.0173218 3.88782e-05 -0.00012232 -0.0173218 0.0852981 
0.00947147 -0.0174718 9.15488e-06 3.09497e-05 -0.0174718 0.086367 2.77513e-05 -0.000131457 9.15488e-06 2.77513e-05 0.00950247 -0.0173509 3.09497e-05 -0.000131457 -0.0173509 0.0854668 
0.00944223 -0.0174591 -3.41836e-07 2.32495e-06 -0.0174591 0.0863344 3.70782e-06 -8.83452e-05 -3.41836e-07 3.70782e-06 0.00952222 -0.0173465 2.32495e-06 -8.83452e-05 -0.0173465 0.085484 
0.00939946 -0.017366 -2.24053e-05 9.65199e-06 -0.017366 0.0859889 1.44151e-05 -7.64559e-05 -2.24053e-05 1.44151e-05 0.00951054 -0.0173177 9.65199e-06 -7.64559e-05 -0.0173177 0.0852683 
0.00936754 -0.0172875 -1.72343e-05 3.48283e-05 -0.0172875 0.0856345 4.05799e-05 -0.000115105 -1.72343e-05 4.05799e-05 0.00949648 -0.0172881 3.48283e-05 -0.000115105 -0.0172881 0.0850678 
0.00936866 -0.0172901 3.38143e-07 3.24213e-05 -0.0172901 0.0856209 3.51105e-05 -0.000131621 3.38143e-07 3.51105e-05 0.00951118 -0.0173127 3.24213e-05 -0.000131621 -0.0173127 0.08515 
0.00936115 -0.0172748 6.18538e-06 1.07476e-05 -0.0172748 0.0855407 1.16198e-05 -9.64673e-05 6.18538e-06 1.16198e-05 0.00950079 -0.0173182 1.07476e-05 -9.64673e-05 -0.0173182 0.0851394 
0.0093427 -0.0172621 -8.07325e-06 1.41651e-06 -0.0172621 0.0854666 2.97234e-06 -6.11014e-05 -8.07325e-06 2.97234e-06 0.00949869 -0.0172989 1.41651e-06 -6.11014e-05 -0.0172989 0.0850792 
0.00933957 -0.0172451 -2.3749e-05 1.7015e-05 -0.0172451 0.0854224 1.55855e-05 -6.72621e-05 -2.3749e-05 1.55855e-05 0.00948669 -0.0172989 1.7015e-05 -6.72621e-05 -0.0172989 0.0850609 
0.00934747 -0.0172275 -2.57124e-05 3.71708e-05 -0.0172275 0.0853251 3.49455e-05 -0.000103842 -2.57124e-05 3.49455e-05 0.00946593 -0.0172708 3.71708e-05 -0.000103842 -0.0172708 0.084961 
0.00937592 -0.0172396 -2.45623e-05 3.95022e-05 -0.0172396 0.0853081 3.9798e-05 -0.000127067 -2.45623e-05 3.9798e-05 0.00943684 -0.0172476 3.95022e-05 -0.000127067 -0.0172476 0.0848844 
0.00940608 -0.017328 -3.14159e-05 3.38128e-05 -0.017328 0.0856053 3.57675e-05 -0.000121034 -3.14159e-05 3.57675e-05 0.00945017 -0.0172535 3.38128e-05 -0.000121034 -0.0172535 0.0850091 
0.00941215 -0.0173835 -3.56679e-05 4.45974e-05 -0.0173835 0.0858806 4.75444e-05 -0.000137529 -3.56679e-05 4.75444e-05 0.00948462 -0.0172818 4.45974e-05 -0.000137529 -0.0172818 0.0851539 
0.00941454 -0.0173592 -1.42417e-05 5.2617e-05 -0.0173592 0.0858554 5.66337e-05 -0.00016573 -1.42417e-05 5.66337e-05 0.00948621 -0.0172924 5.2617e-05 -0.00016573 -0.0172924 0.0851374 
0.00942582 -0.0173662 1.70844e-05 2.3394e-05 -0.0173662 0.0858666 3.04062e-05 -0.000131942 1.70844e-05 3.04062e-05 0.00948511 -0.0173022 2.3394e-05 -0.000131942 -0.0173022 0.0851742 
0.00942781 -0.0173654 3.4139e-05 -2.08443e-05 -0.0173654 0.0858348 -1.14621e-05 -3.96209e-05 3.4139e-05 -1.14621e-05 0.00947016 -0.0172954 -2.08443e-05 -3.96209e-05 -0.0172954 0.0851502 
0.00941409 -0.017336 2.86962e-05 -4.569e-05 -0.017336 0.0856659 -4.03739e-05 5.26115e-05 2.86962e-05 -4.03739e-05 0.00944409 -0.0172423 -4.569e-05 5.26115e-05 -0.0172423 0.0849409 
0.00939261 -0.0173351 1.51092e-05 -2.92378e-05 -0.0173351 0.0856377 -3.46395e-05 6.58269e-05 1.51092e-05 -3.46395e-05 0.00945003 -0.0172232 -2.92378e-05 6.58269e-05 -0.0172232 0.084861 
0.00935922 -0.0172884 -1.19145e-05 -1.03195e-05 -0.0172884 0.0854778 -2.06953e-05 3.78848e-05 -1.19145e-05 -2.06953e-05 0.00944748 -0.0172059 -1.03195e-05 3.78848e-05 -0.0172059 0.0847186 
0.00935519 -0.0172939 -2.34409e-05 2.236e-05 -0.0172939 0.0855709 1.66255e-05 -3.08182e-05 -2.34409e-05 1.66255e-05 0.00945951 -0.0172536 2.236e-05 -3.08182e-05 -0.0172536 0.0848979 
0.00932634 -0.0172496 -3.72147e-05 3.76922e-05 -0.0172496 0.0854293 3.94369e-05 -9.99978e-05 -3.72147e-05 3.94369e-05 0.00945541 -0.0172432 3.76922e-05 -9.99978e-05 -0.0172432 0.0848678 
0.00929778 -0.0171798 -3.20929e-05 5.17503e-05 -0.0171798 0.0851525 5.58742e-05 -0.000146752 -3.20929e-05 5.58742e-05 0.00943522 -0.0172102 5.17503e-05 -0.000146752 -0.0172102 0.0847033 
0.00930038 -0.0171744 -1.87258e-05 4.37241e-05 -0.0171744 0.0851303 4.85083e-05 -0.00015151 -1.87258e-05 4.85083e-05 0.00942944 -0.0172211 4.37241e-05 -0.00015151 -0.0172211 0.0847639 
0.00928395 -0.0171261 6.68549e-06 2.34239e-05 -0.0171261 0.08488 3.0945e-05 -0.000116047 6.68549e-06 3.0945e-05 0.00938608 -0.0171653 2.34239e-05 -0.000116047 -0.0171653 0.0845404 
0.00928031 -0.0171225 1.10595e-05 -7.68175e-06 -0.0171225 0.0848295 -7.52492e-07 -4.82712e-05 1.10595e-05 -7.52492e-07 0.00937382 -0.0171362 -7.68175e-06 -4.82712e-05 -0.0171362 0.0844653 
0.00963757 -0.0177872 -2.96549e-06 -1.44768e-05 -0.0177872 0.0881118 -9.17529e-06 -3.86729e-06 -2.96549e-06 -9.17529e-06 0.00975142 -0.0177863 -1.44768e-05 -3.86729e-06 -0.0177863 0.0876923 
0.00926062 -0.017073 -7.66683e-06 -2.09391e-06 -0.017073 0.0845682 3.36306e-06 -1.82947e-06 -7.66683e-06 3.36306e-06 0.00934925 -0.0170841 -2.09391e-06 -1.82947e-06 -0.0170841 0.084161 
0.00926672 -0.0171007 7.52087e-06 4.68398e-06 -0.0171007 0.0846487 8.23068e-06 -1.27637e-05 7.52087e-06 8.23068e-06 0.00935349 -0.0170812 4.68398e-06 -1.27637e-05 -0.0170812 0.0841939 
0.00926775 -0.0171109 1.67203e-05 -1.51759e-05 -0.0171109 0.0847138 -1.36333e-05 1.90979e-05 1.67203e-05 -1.36333e-05 0.00936561 -0.017091 -1.51759e-05 1.90979e-05 -0.017091 0.0842299 
0.00966193 -0.017835 -2.24319e-06 -2.71074e-05 -0.017835 0.0883134 -2.68723e-05 5.83991e-05 -2.24319e-06 -2.68723e-05 0.009767 -0.0178229 -2.71074e-05 5.83991e-05 -0.0178229 0.0878065 
0.00966545 -0.0178413 -2.846e-05 -4.177e-06 -0.0178413 0.0883343 -3.04392e-06 4.00649e-05 -2.846e-05 -3.04392e-06 0.00977426 -0.0178304 -4.177e-06 4.00649e-05 -0.0178304 0.0878289 
0.00928616 -0.0171226 -5.62056e-05 2.87766e-05 -0.0171226 0.0847678 3.3431e-05 -3.42529e-05 -5.62056e-05 3.3431e-05 0.00937334 -0.0171161 2.87766e-05 -3.42529e-05 -0.0171161 0.0842877 
0.00930388 -0.0171874 -5.1988e-05 6.71573e-05 -0.0171874 0.0850379 7.49791e-05 -0.000134144 -5.1988e-05 7.49791e-05 0.00939683 -0.0171557 6.71573e-05 -0.000134144 -0.0171557 0.0845145 
0.00928601 -0.017223 -4.40781e-05 6.39904e-05 -0.017223 0.0852599 7.33144e-05 -0.000175814 -4.40781e-05 7.33144e-05 0.00945111 -0.0171947 6.39904e-05 -0.000175814 -0.0171947 0.0847135 
0.00927524 -0.0172103 -2.46638e-05 5.17244e-05 -0.0172103 0.0853765 5.93409e-05 -0.000159806 -2.46638e-05 5.93409e-05 0.00949041 -0.0172702 5.17244e-05 -0.000159806 -0.0172702 0.0849578 
0.00931812 -0.0172357 -6.30573e-07 2.11251e-05 -0.0172357 0.0856162 2.49033e-05 -8.8615e-05 -6.30573e-07 2.49033e-05 0.00950356 -0.0173689 2.11251e-05 -8.8615e-05 -0.0173689 0.085392 
0.0092965 -0.0171436 -2.28389e-06 -8.61244e-06 -0.0171436 0.0851137 -5.32039e-06 -7.41253e-06 -2.28389e-06 -5.32039e-06 0.00943691 -0.0172505 -8.61244e-06 -7.41253e-06 -0.0172505 0.0849486 
0.00927973 -0.0170926 3.01324e-06 -1.10742e-05 -0.0170926 0.0847429 -5.75284e-06 3.41814e-05 3.01324e-06 -5.75284e-06 0.0093861 -0.0171494 -1.10742e-05 3.41814e-05 -0.0171494 0.0845138 
0.00930044 -0.0171167 -1.24225e-06 -1.61189e-05 -0.0171167 0.0847677 -9.22641e-06 5.00259e-05 -1.24225e-06 -9.22641e-06 0.00936072 -0.0171325 -1.61189e-05 5.00259e-05 -0.0171325 0.0844415 
0.00966747 -0.017822 -1.16973e-05 -1.47374e-05 -0.017822 0.0881684 -5.29918e-06 5.58435e-05 -1.16973e-05 -5.29918e-06 0.00972546 -0.0177729 -1.47374e-05 5.58435e-05 -0.0177729 0.0876827 
0.00963661 -0.0177922 -3.35648e-05 -9.50011e-07 -0.0177922 0.0880265 9.04155e-06 3.34699e-05 -3.35648e-05 9.04155e-06 0.00971058 -0.0177277 -9.50011e-07 3.34699e-05 -0.0177277 0.0874409 
0.00966703 -0.0178144 -3.36016e-05 2.7921e-05 -0.0178144 0.088186 3.25455e-05 -1.70279e-05 -3.36016e-05 3.25455e-05 0.00970574 -0.0177675 2.7921e-05 -1.70279e-05 -0.0177675 0.0875922 
0.00968642 -0.0178413 -3.67782e-05 2.9963e-05 -0.0178413 0.0882684 2.87521e-05 -3.75458e-05 -3.67782e-05 2.87521e-05 0.00970876 -0.0177623 2.9963e-05 -3.75458e-05 -0.0177623 0.0876453 
0.00967646 -0.0178767 -4.57956e-05 3.80539e-05 -0.0178767 0.0883897 3.10683e-05 -5.11996e-05 -4.57956e-05 3.10683e-05 0.00974586 -0.0177662 3.80539e-05 -5.11996e-05 -0.0177662 0.0876821 
0.00929181 -0.0171444 -3.05306e-05 5.11289e-05 -0.0171444 0.084851 4.02959e-05 -7.63333e-05 -3.05306e-05 4.02959e-05 0.00935094 -0.0170841 5.11289e-05 -7.63333e-05 -0.0170841 0.0841945 
0.00927734 -0.0171339 -7.83418e-06 3.74762e-05 -0.0171339 0.0847801 2.5199e-05 -7.0339e-05 -7.83418e-06 2.5199e-05 0.00934391 -0.0170634 3.74762e-05 -7.0339e-05 -0.0170634 0.0841318 
0.00927064 -0.0171242 1.02888e-05 9.49622e-06 -0.0171242 0.0847717 -1.36861e-06 -2.27881e-05 1.02888e-05 -1.36861e-06 0.00934716 -0.0170703 9.49622e-06 -2.27881e-05 -0.0170703 0.0841513 
0.00925723 -0.0171259 2.20666e-05 -1.22805e-05 -0.0171259 0.0848179 -1.95661e-05 2.78429e-05 2.20666e-05 -1.95661e-05 0.00936773 -0.0170948 -1.22805e-05 2.78429e-05 -0.0170948 0.0842571 
0.00963594 -0.017796 1.96628e-05 -3.1527e-05 -0.017796 0.0882254 -3.49145e-05 7.72577e-05 1.96628e-05 -3.49145e-05 0.00974696 -0.0178119 -3.1527e-05 7.72577e-05 -0.0178119 0.0877518 
0.00958968 -0.0177411 -1.12912e-05 -2.9818e-05 -0.0177411 0.0879402 -3.05028e-05 9.2091e-05 -1.12912e-05 -3.05028e-05 0.00973719 -0.0177624 -2.9818e-05 9.2091e-05 -0.0177624 0.0875416 
0.0095915 -0.01773 -2.80914e-05 3.17683e-06 -0.01773 0.0879477 4.81677e-06 4.57791e-05 -2.80914e-05 4.81677e-06 0.00974089 -0.017791 3.17683e-06 4.57791e-05 -0.017791 0.0876284 
0.00960505 -0.01776 -4.05215e-05 2.49135e-05 -0.01776 0.0881017 2.64551e-05 -1.4031e-05 -4.05215e-05 2.64551e-05 0.00976588 -0.0178332 2.49135e-05 -1.4031e-05 -0.0178332 0.0878529 
0.00957315 -0.0177329 -3.44876e-05 4.2335e-05 -0.0177329 0.0879784 4.07779e-05 -6.26707e-05 -3.44876e-05 4.07779e-05 0.00977043 -0.0178094 4.2335e-05 -6.26707e-05 -0.0178094 0.087746 
0.00958431 -0.0177272 -2.78221e-05 4.37026e-05 -0.0177272 0.0880405 4.06566e-05 -9.13087e-05 -2.78221e-05 4.06566e-05 0.00978259 -0.017858 4.37026e-05 -9.13087e-05 -0.017858 0.087906 
0.0096064 -0.0177189 -1.47391e-05 3.5373e-05 -0.0177189 0.0879831 3.09089e-05 -8.56344e-05 -1.47391e-05 3.09089e-05 0.009752 -0.017855 3.5373e-05 -8.56344e-05 -0.017855 0.087914 
0.00958973 -0.0177039 -8.1136e-06 2.00297e-05 -0.0177039 0.0877976 1.32157e-05 -5.6392e-05 -8.1136e-06 1.32157e-05 0.00972224 -0.0177764 2.00297e-05 -5.6392e-05 -0.0177764 0.0876545 
0.00958149 -0.0176644 -1.09479e-05 1.17067e-05 -0.0176644 0.087581 6.30068e-06 -3.32032e-05 -1.09479e-05 6.30068e-06 0.00968195 -0.0177105 1.17067e-05 -3.32032e-05 -0.0177105 0.0873395 
0.00957185 -0.0176585 -3.79496e-05 1.95246e-05 -0.0176585 0.0874809 1.35725e-05 -4.20148e-05 -3.79496e-05 1.35725e-05 0.00966803 -0.0176672 1.95246e-05 -4.20148e-05 -0.0176672 0.0871502 
0.00954491 -0.0176405 -6.27753e-05 5.48616e-05 -0.0176405 0.0873694 4.76753e-05 -0.000103632 -6.27753e-05 4.76753e-05 0.00966771 -0.0176344 5.48616e-05 -0.000103632 -0.0176344 0.086967 
0.00954645 -0.0176494 -5.85427e-05 8.56689e-05 -0.0176494 0.0874623 8.25698e-05 -0.000190369 -5.85427e-05 8.25698e-05 0.00969225 -0.0176744 8.56689e-05 -0.000190369 -0.0176744 0.0870814 
0.00960333 -0.0176809 -3.05459e-05 7.41472e-05 -0.0176809 0.087651 7.72935e-05 -0.00021088 -3.05459e-05 7.72935e-05 0.00967908 -0.0177369 7.41472e-05 -0.00021088 -0.0177369 0.0873367 
0.00965919 -0.0177777 -4.33547e-06 3.35216e-05 -0.0177777 0.0879747 4.09119e-05 -0.000146308 -4.33547e-06 4.09119e-05 0.00968237 -0.0177478 3.35216e-05 -0.000146308 -0.0177478 0.0875567 
0.0093192 -0.0171476 2.16371e-05 -1.49917e-06 -0.0171476 0.0847774 5.75255e-06 -5.31307e-05 2.16371e-05 5.75255e-06 0.0092914 -0.0170484 -1.49917e-06 -5.31307e-05 -0.0170484 0.0841917 
0.0093579 -0.017202 2.57025e-05 -3.34657e-05 -0.017202 0.0849869 -3.15322e-05 3.93082e-05 2.57025e-05 -3.15322e-05 0.0092788 -0.0170314 -3.34657e-05 3.93082e-05 -0.0170314 0.0842011 
0.00932504 -0.0172478 3.69957e-05 -3.11044e-05 -0.0172478 0.0851389 -4.03925e-05 8.14309e-05 3.69957e-05 -4.03925e-05 0.00932511 -0.0170045 -3.11044e-05 8.14309e-05 -0.0170045 0.0841427 
0.00931207 -0.0172473 3.20624e-05 -3.90247e-05 -0.0172473 0.0853367 -5.5859e-05 0.0001052 3.20624e-05 -5.5859e-05 0.00938298 -0.0170951 -3.90247e-05 0.0001052 -0.0170951 0.0843813 
0.00927238 -0.0171323 2.68665e-05 -2.98114e-05 -0.0171323 0.0849198 -4.41147e-05 9.36337e-05 2.68665e-05 -4.41147e-05 0.00936381 -0.0170833 -2.98114e-05 9.36337e-05 -0.0170833 0.0841932 
0.00925423 -0.0170768 5.40833e-06 -2.20471e-05 -0.0170768 0.0846398 -3.1359e-05 6.34308e-05 5.40833e-06 -3.1359e-05 0.00934152 -0.0170683 -2.20471e-05 6.34308e-05 -0.0170683 0.0840954 
0.00963669 -0.0177935 -2.11861e-05 -4.49799e-07 -0.0177935 0.088142 -2.48248e-06 1.26568e-05 -2.11861e-05 -2.48248e-06 0.00973259 -0.0177748 -4.49799e-07 1.26568e-05 -0.0177748 0.0876216 
0.00961389 -0.0177388 -2.82061e-05 3.11648e-05 -0.0177388 0.0878786 3.72754e-05 -7.15272e-05 -2.82061e-05 3.72754e-05 0.00970456 -0.0177279 3.11648e-05 -7.15272e-05 -0.0177279 0.0873804 
0.00961232 -0.0176922 -7.44876e-06 3.89619e-05 -0.0176922 0.0876242 4.96811e-05 -0.000126131 -7.44876e-06 4.96811e-05 0.00964648 -0.0176794 3.89619e-05 -0.000126131 -0.0176794 0.0871412 
0.00960008 -0.017706 3.80509e-06 1.42817e-05 -0.017706 0.0875887 2.33358e-05 -0.00010429 3.80509e-06 2.33358e-05 0.00961795 -0.0176305 1.42817e-05 -0.00010429 -0.0176305 0.0870239 
0.00952482 -0.0176587 8.80607e-06 -1.66449e-06 -0.0176587 0.0873899 9.41504e-07 -4.99716e-05 8.80607e-06 9.41504e-07 0.0096366 -0.0175626 -1.66449e-06 -4.99716e-05 -0.0175626 0.0867514 
0.0095101 -0.0176225 -1.55475e-05 -4.53646e-06 -0.0176225 0.087437 -6.16645e-06 -2.14148e-05 -1.55475e-05 -6.16645e-06 0.00967117 -0.0176469 -4.53646e-06 -2.14148e-05 -0.0176469 0.0869664 
0.00952281 -0.0176191 -4.17232e-05 2.52284e-05 -0.0176191 0.0875153 2.52312e-05 -6.01609e-05 -4.17232e-05 2.52312e-05 0.009697 -0.0177244 2.52284e-05 -6.01609e-05 -0.0177244 0.0872964 
0.00951766 -0.0176166 -5.07094e-05 5.91431e-05 -0.0176166 0.0874997 6.32951e-05 -0.000143679 -5.07094e-05 6.32951e-05 0.00971173 -0.0177414 5.91431e-05 -0.000143679 -0.0177414 0.0874174 
0.00953754 -0.0176235 -4.29483e-05 6.87335e-05 -0.0176235 0.0875555 7.71785e-05 -0.000199133 -4.29483e-05 7.71785e-05 0.00971554 -0.0177659 6.87335e-05 -0.000199133 -0.0177659 0.0875363 
0.00952247 -0.0175715 -1.14061e-05 5.74481e-05 -0.0175715 0.0872379 6.74172e-05 -0.000198985 -1.14061e-05 6.74172e-05 0.00967054 -0.0176886 5.74481e-05 -0.000198985 -0.0176886 0.0872003 
0.00947776 -0.0175115 -9.21141e-06 1.71984e-05 -0.0175115 0.0868621 2.37939e-05 -0.000123953 -9.21141e-06 2.37939e-05 0.00961834 -0.0175886 1.71984e-05 -0.000123953 -0.0175886 0.086741 
0.00944759 -0.0174335 -1.37699e-06 9.97802e-06 -0.0174335 0.0864892 1.03343e-05 -5.95238e-05 -1.37699e-06 1.03343e-05 0.00955944 -0.0175037 9.97802e-06 -5.95238e-05 -0.0175037 0.0863228 
0.00944453 -0.017391 -6.3356e-07 6.54782e-06 -0.017391 0.0862257 -1.73949e-06 -2.91014e-05 -6.3356e-07 -1.73949e-06 0.00949674 -0.0174266 6.54782e-06 -2.91014e-05 -0.0174266 0.0859949 
0.00943161 -0.0173934 3.17205e-06 5.3987e-06 -0.0173934 0.0861284 -7.59446e-06 -8.85699e-06 3.17205e-06 -7.59446e-06 0.00947081 -0.0173592 5.3987e-06 -8.85699e-06 -0.0173592 0.0857645 
0.0094304 -0.0173999 -1.42846e-05 3.38339e-06 -0.0173999 0.0861499 -1.0043e-05 -1.70757e-06 -1.42846e-05 -1.0043e-05 0.00945309 -0.0173327 3.38339e-06 -1.70757e-06 -0.0173327 0.0856505 
0.0093505 -0.0173339 -3.41787e-05 2.0943e-05 -0.0173339 0.0858262 8.27444e-06 -2.15564e-05 -3.41787e-05 8.27444e-06 0.00946117 -0.0172458 2.0943e-05 -2.15564e-05 -0.0172458 0.0852478 
0.00933882 -0.0172903 -4.67315e-05 4.03818e-05 -0.0172903 0.085808 3.46174e-05 -6.76332e-05 -4.67315e-05 3.46174e-05 0.00947539 -0.0173243 4.03818e-05 -6.76332e-05 -0.0173243 0.0854035 
0.00934521 -0.0173009 -4.77842e-05 5.43339e-05 -0.0173009 0.085904 5.86394e-05 -0.000121117 -4.77842e-05 5.86394e-05 0.00949663 -0.0173829 5.43339e-05 -0.000121117 -0.0173829 0.085697 
0.0093686 -0.0173343 -1.35396e-05 5.45748e-05 -0.0173343 0.0861084 6.58013e-05 -0.00015013 -1.35396e-05 6.58013e-05 0.00951946 -0.0174458 5.45748e-05 -0.00015013 -0.0174458 0.0860347 
0.00935555 -0.0172946 2.3246e-05 1.13593e-05 -0.0172946 0.0859148 2.24056e-05 -9.12636e-05 2.3246e-05 2.24056e-05 0.00949726 -0.0174031 1.13593e-05 -9.12636e-05 -0.0174031 0.085886 
0.00935544 -0.0172796 4.34774e-05 -3.70706e-05 -0.0172796 0.085803 -2.94125e-05 2.54885e-05 4.34774e-05 -2.94125e-05 0.00947001 -0.0173646 -3.70706e-05 2.54885e-05 -0.0173646 0.0857357 
0.0093672 -0.0172515 3.60416e-05 -6.18478e-05 -0.0172515 0.0856235 -5.6874e-05 0.000119428 3.60416e-05 -5.6874e-05 0.00941933 -0.0173099 -6.18478e-05 0.000119428 -0.0173099 0.0855043 
0.00936651 -0.0172705 2.21815e-05 -5.20948e-05 -0.0172705 0.0855841 -5.00161e-05 0.000140863 2.21815e-05 -5.00161e-05 0.0094023 -0.0172509 -5.20948e-05 0.000140863 -0.0172509 0.0853218 
0.00936866 -0.0172634 1.60437e-05 -2.25704e-05 -0.0172634 0.0855318 -2.66658e-05 8.97546e-05 1.60437e-05 -2.66658e-05 0.00938283 -0.0172242 -2.25704e-05 8.97546e-05 -0.0172242 0.0851723 
0.00938995 -0.0173053 1.60901e-05 -1.2681e-05 -0.0173053 0.0856868 -1.86273e-05 4.74625e-05 1.60901e-05 -1.86273e-05 0.00938458 -0.0172324 -1.2681e-05 4.74625e-05 -0.0172324 0.0852379 
0.00941321 -0.0174099 2.18617e-05 -1.47336e-05 -0.0174099 0.0861761 -1.63575e-05 3.19642e-05 2.18617e-05 -1.63575e-05 0.00944328 -0.0173057 -1.47336e-05 3.19642e-05 -0.0173057 0.0856293 
0.00940477 -0.0174181 3.09665e-05 -2.94599e-05 -0.0174181 0.0863391 -2.55543e-05 5.23782e-05 3.09665e-05 -2.55543e-05 0.0094916 -0.0173545 -2.94599e-05 5.23782e-05 -0.0173545 0.0858093 
0.00941984 -0.0174353 1.29984e-05 -4.70691e-05 -0.0174353 0.0865367 -4.03246e-05 9.56497e-05 1.29984e-05 -4.03246e-05 0.0095354 -0.0174433 -4.70691e-05 9.56497e-05 -0.0174433 0.0861363 
0.00943491 -0.0174479 -5.38292e-06 -2.49109e-05 -0.0174479 0.0866359 -2.03413e-05 8.5282e-05 -5.38292e-06 -2.03413e-05 0.00955596 -0.0174975 -2.49109e-05 8.5282e-05 -0.0174975 0.0863691 
0.0094117 -0.0174195 -1.01981e-05 7.22479e-07 -0.0174195 0.0864832 4.26841e-06 3.07288e-05 -1.01981e-05 4.26841e-06 0.00954818 -0.017472 7.22479e-07 3.07288e-05 -0.017472 0.0862677 
0.00939938 -0.0173748 -9.66564e-06 1.05543e-05 -0.0173748 0.0862983 1.2167e-05 -1.06056e-05 -9.66564e-06 1.2167e-05 0.00952782 -0.0174486 1.05543e-05 -1.06056e-05 -0.0174486 0.0861312 
0.00937782 -0.0173498 -8.95495e-07 1.62757e-05 -0.0173498 0.0861465 1.36399e-05 -3.59687e-05 -8.95495e-07 1.36399e-05 0.00952299 -0.0174152 1.62757e-05 -3.59687e-05 -0.0174152 0.0859886 
0.00936758 -0.0172761 -3.39806e-06 9.0486e-06 -0.0172761 0.0858138 5.62376e-06 -3.83973e-05 -3.39806e-06 5.62376e-06 0.00947897 -0.0173702 9.0486e-06 -3.83973e-05 -0.0173702 0.0857103 
0.00936871 -0.0172252 8.25932e-06 9.0141e-06 -0.0172252 0.0854471 1.17487e-05 -4.07457e-05 8.25932e-06 1.17487e-05 0.0094081 -0.0172797 9.0141e-06 -4.07457e-05 -0.0172797 0.0853166 
0.00940644 -0.0173032 2.0646e-05 -6.96756e-06 -0.0173032 0.0856553 -4.44394e-07 -2.2829e-05 2.0646e-05 -4.44394e-07 0.00939718 -0.0172678 -6.96756e-06 -2.2829e-05 -0.0172678 0.0853632 
0.00944759 -0.0174007 2.87259e-05 -2.24148e-05 -0.0174007 0.0860606 -1.85423e-05 1.53747e-05 2.87259e-05 -1.85423e-05 0.0094116 -0.0172953 -2.24148e-05 1.53747e-05 -0.0172953 0.0855669 
0.00945728 -0.0174346 8.9687e-06 -3.61485e-05 -0.0174346 0.0862258 -3.36773e-05 6.10718e-05 8.9687e-06 -3.36773e-05 0.00941569 -0.0172895 -3.61485e-05 6.10718e-05 -0.0172895 0.085582 
0.00944312 -0.0174853 -3.54875e-06 -1.48682e-05 -0.0174853 0.0865044 -1.05973e-05 4.90811e-05 -3.54875e-06 -1.05973e-05 0.00947498 -0.0173324 -1.48682e-05 4.90811e-05 -0.0173324 0.0857909 
0.00941504 -0.017468 -7.71841e-06 3.48782e-06 -0.017468 0.0866066 7.22704e-06 4.53349e-06 -7.71841e-06 7.22704e-06 0.00953602 -0.0174082 3.48782e-06 4.53349e-06 -0.0174082 0.0860176 
0.00945098 -0.0174935 4.16904e-06 6.90532e-06 -0.0174935 0.0869087 6.29424e-06 -9.99175e-06 4.16904e-06 6.29424e-06 0.0095812 -0.0175542 6.90532e-06 -9.99175e-06 -0.0175542 0.0865898 
0.0094637 -0.0175058 -4.6244e-06 -9.90488e-07 -0.0175058 0.0869724 -1.05459e-05 1.84486e-06 -4.6244e-06 -1.05459e-05 0.00958824 -0.0175819 -9.90488e-07 1.84486e-06 -0.0175819 0.0868027 
0.00945697 -0.0174378 -7.01753e-06 1.05634e-05 -0.0174378 0.0866275 -2.24752e-06 -3.36499e-06 -7.01753e-06 -2.24752e-06 0.00953345 -0.0175025 1.05634e-05 -3.36499e-06 -0.0175025 0.0864791 
0.0094525 -0.017434 7.51599e-06 1.68805e-05 -0.017434 0.086487 7.42209e-06 -2.78623e-05 7.51599e-06 7.42209e-06 0.00950676 -0.0174358 1.68805e-05 -2.78623e-05 -0.0174358 0.0862355 
0.00942927 -0.0174236 1.72291e-05 -5.95266e-06 -0.0174236 0.0863889 -6.86699e-06 -9.72566e-06 1.72291e-05 -6.86699e-06 0.00950075 -0.0173921 -5.95266e-06 -9.72566e-06 -0.0173921 0.0860217 
0.00940475 -0.0174062 2.18236e-05 -2.47688e-05 -0.0174062 0.0863536 -2.08284e-05 3.42661e-05 2.18236e-05 -2.08284e-05 0.00952139 -0.0174008 -2.47688e-05 3.42661e-05 -0.0174008 0.0859886 
0.00938925 -0.0173941 -6.52223e-08 -2.67037e-05 -0.0173941 0.0863812 -2.44412e-05 5.33692e-05 -6.52223e-08 -2.44412e-05 0.00955363 -0.0174528 -2.67037e-05 5.33692e-05 -0.0174528 0.0861407 
0.00940058 -0.0174013 -1.20951e-05 4.02965e-07 -0.0174013 0.0864948 -7.15688e-07 2.1893e-05 -1.20951e-05 -7.15688e-07 0.00958246 -0.0175247 4.02965e-07 2.1893e-05 -0.0175247 0.0864228 
0.00940029 -0.017413 -1.53209e-05 1.136e-05 -0.017413 0.0865605 1.10262e-05 -8.79129e-06 -1.53209e-05 1.10262e-05 0.0096098 -0.0175592 1.136e-05 -8.79129e-06 -0.0175592 0.0865968 
0.00937647 -0.0173874 -1.42853e-05 1.45976e-05 -0.0173874 0.086463 1.64474e-05 -2.6648e-05 -1.42853e-05 1.64474e-05 0.00962914 -0.0175579 1.45976e-05 -2.6648e-05 -0.0175579 0.0865619 
0.00941782 -0.0173863 -1.36816e-05 1.41924e-05 -0.0173863 0.0865297 1.96712e-05 -3.5996e-05 -1.36816e-05 1.96712e-05 0.00962177 -0.017625 1.41924e-05 -3.5996e-05 -0.017625 0.0867764 
0.00943398 -0.0174284 -1.25309e-05 1.13495e-05 -0.0174284 0.0865944 1.85315e-05 -3.40051e-05 -1.25309e-05 1.85315e-05 0.00961665 -0.0176084 1.13495e-05 -3.40051e-05 -0.0176084 0.0868222 
0.00943103 -0.0173848 -1.59461e-05 8.40182e-06 -0.0173848 0.0863438 1.55683e-05 -2.63945e-05 -1.59461e-05 1.55683e-05 0.00955816 -0.0175311 8.40182e-06 -2.63945e-05 -0.0175311 0.0864798 
