0.00699511 0 -8.38143e-05 0 0 0.00995869 0 0 -8.38143e-05 0 0.00705487 0 0 0 0 0.00995869 
0.00956714 -0.0118769 -8.33484e-05 0.000101301 -0.0118769 0.0315748 0.000101301 -0.000194032 -8.33484e-05 0.000101301 0.00960937 -0.0119262 0.000101301 -0.000194032 -0.0119262 0.0316697 
0.00984097 -0.018355 -4.94676e-05 4.96611e-05 -0.018355 0.0676776 4.96611e-05 -0.000138949 -4.94676e-05 4.96611e-05 0.00984988 -0.0182968 4.96611e-05 -0.000138949 -0.0182968 0.0674617 
0.00929912 -0.0180414 -3.48025e-05 -7.04665e-05 -0.0180414 0.0809861 -7.08728e-05 0.000471422 -3.48025e-05 -7.08728e-05 0.00930596 -0.0178622 -7.04665e-05 0.000471422 -0.0178622 0.0800148 
0.00902152 -0.0169812 -2.92082e-05 -8.42524e-05 -0.0169812 0.0821251 -8.58584e-05 0.000783251 -2.92082e-05 -8.58584e-05 0.00902713 -0.0168221 -8.42524e-05 0.000783251 -0.0168221 0.080905 
0.00928841 -0.017148 -4.10466e-05 -4.92069e-05 -0.017148 0.0844738 -4.85588e-05 0.000672808 -4.10466e-05 -4.85588e-05 0.00927818 -0.0170429 -4.92069e-05 0.000672808 -0.0170429 0.0834718 
0.00943487 -0.0173874 -1.38575e-05 -1.96447e-05 -0.0173874 0.0858449 -1.71619e-05 0.000475148 -1.38575e-05 -1.71619e-05 0.009478 -0.0172947 -1.96447e-05 0.000475148 -0.0172947 0.0850987 
0.00957349 -0.0175584 -2.70949e-06 -4.99722e-05 -0.0175584 0.0868597 -4.42319e-05 0.000403666 -2.70949e-06 -4.42319e-05 0.0096062 -0.0175552 -4.99722e-05 0.000403666 -0.0175552 0.0864144 
0.00939665 -0.0171986 6.22015e-06 -6.71376e-05 -0.0171986 0.0849894 -5.95815e-05 0.000400407 6.22015e-06 -5.95815e-05 0.0093872 -0.0171784 -6.71376e-05 0.000400407 -0.0171784 0.0846671 
0.00967645 -0.0176967 1.12558e-06 -8.31426e-05 -0.0176967 0.087323 -7.89572e-05 0.000444926 1.12558e-06 -7.89572e-05 0.00962639 -0.0176187 -8.31426e-05 0.000444926 -0.0176187 0.0869277 
0.00960326 -0.0175762 -2.89387e-05 -7.62931e-05 -0.0175762 0.0866098 -8.03845e-05 0.000459971 -2.89387e-05 -8.03845e-05 0.00953849 -0.0174374 -7.62931e-05 0.000459971 -0.0174374 0.0860665 
0.00953494 -0.0175287 -6.31972e-05 -3.65823e-05 -0.0175287 0.0863199 -4.47159e-05 0.00040616 -6.31972e-05 -4.47159e-05 0.00953261 -0.0173631 -3.65823e-05 0.00040616 -0.0173631 0.0856639 
0.00949086 -0.0174977 -6.24207e-05 4.66634e-06 -0.0174977 0.0862977 -1.63955e-06 0.000315008 -6.24207e-05 -1.63955e-06 0.00955932 -0.0174076 4.66634e-06 0.000315008 -0.0174076 0.0857136 
0.00943883 -0.0174195 -4.65209e-05 5.22129e-06 -0.0174195 0.0860735 2.06651e-06 0.000266941 -4.65209e-05 2.06651e-06 0.0095697 -0.0174224 5.22129e-06 0.000266941 -0.0174224 0.0856905 
0.0094788 -0.0174159 -5.04878e-05 -1.50814e-05 -0.0174159 0.0861791 -1.57585e-05 0.000284226 -5.04878e-05 -1.57585e-05 0.00956338 -0.0175085 -1.50814e-05 0.000284226 -0.0175085 0.0860401 
0.00950392 -0.0174423 -4.12239e-05 -1.16282e-05 -0.0174423 0.0862066 -8.12845e-06 0.000285439 -4.12239e-05 -8.12845e-06 0.00953962 -0.0174877 -1.16282e-05 0.000285439 -0.0174877 0.0861097 
0.00947913 -0.0173719 -4.19743e-05 -2.27432e-05 -0.0173719 0.085784 -1.46637e-05 0.00028961 -4.19743e-05 -1.46637e-05 0.00947252 -0.0173571 -2.27432e-05 0.00028961 -0.0173571 0.0855851 
0.00949056 -0.0174398 -3.29089e-05 -2.35607e-05 -0.0174398 0.0860267 -1.31077e-05 0.000294343 -3.29089e-05 -1.31077e-05 0.00948135 -0.0173704 -2.35607e-05 0.000294343 -0.0173704 0.0856928 
0.00951139 -0.0174667 -3.50928e-05 -3.30648e-05 -0.0174667 0.0862082 -2.15957e-05 0.000304915 -3.50928e-05 -2.15957e-05 0.0094869 -0.0173875 -3.30648e-05 0.000304915 -0.0173875 0.0858008 
0.00949366 -0.0174597 -1.92407e-05 -3.31913e-05 -0.0174597 0.0861695 -2.09792e-05 0.000313104 -1.92407e-05 -2.09792e-05 0.0094945 -0.0173654 -3.31913e-05 0.000313104 -0.0173654 0.0857248 
0.00945072 -0.0174068 -1.12616e-05 -5.05721e-05 -0.0174068 0.0859791 -4.05225e-05 0.000340689 -1.12616e-05 -4.05225e-05 0.00950662 -0.0173545 -5.05721e-05 0.000340689 -0.0173545 0.0855992 
0.00941622 -0.0173081 -1.80818e-05 -5.53066e-05 -0.0173081 0.0855794 -5.0557e-05 0.000363696 -1.80818e-05 -5.0557e-05 0.00946317 -0.0173222 -5.53066e-05 0.000363696 -0.0173222 0.0853399 
0.00944304 -0.0172964 -4.46195e-05 -4.35448e-05 -0.0172964 0.0854884 -4.2308e-05 0.000354848 -4.46195e-05 -4.2308e-05 0.00942359 -0.0173084 -4.35448e-05 0.000354848 -0.0173084 0.0853226 
0.00941952 -0.0172944 -5.89742e-05 -1.41744e-05 -0.0172944 0.0853365 -1.36237e-05 0.000304988 -5.89742e-05 -1.36237e-05 0.00939439 -0.0172295 -1.41744e-05 0.000304988 -0.0172295 0.0850778 
0.0093928 -0.0172517 -6.29189e-05 6.33566e-06 -0.0172517 0.0851549 4.20294e-06 0.000248236 -6.29189e-05 4.20294e-06 0.00935968 -0.0171751 6.33566e-06 0.000248236 -0.0171751 0.0848155 
0.00935269 -0.0172228 -5.69475e-05 9.14091e-06 -0.0172228 0.0850428 3.71028e-06 0.000229291 -5.69475e-05 3.71028e-06 0.00936517 -0.017148 9.14091e-06 0.000229291 -0.017148 0.0847013 
0.00931612 -0.0171493 -5.69559e-05 5.60642e-06 -0.0171493 0.0847924 1.81442e-06 0.000223729 -5.69559e-05 1.81442e-06 0.00936361 -0.0171305 5.60642e-06 0.000223729 -0.0171305 0.0845437 
0.00928467 -0.017097 -5.82008e-05 6.26235e-06 -0.017097 0.0845703 5.44612e-06 0.000216487 -5.82008e-05 5.44612e-06 0.00936518 -0.0171217 6.26235e-06 0.000216487 -0.0171217 0.0844394 
0.00963226 -0.0177743 -4.33486e-05 1.24703e-05 -0.0177743 0.0879443 1.0805e-05 0.000205584 -4.33486e-05 1.0805e-05 0.00978227 -0.0178338 1.24703e-05 0.000205584 -0.0178338 0.0878977 
0.00961328 -0.017736 -2.5391e-05 -4.02736e-06 -0.017736 0.0878485 -7.62994e-06 0.000218801 -2.5391e-05 -7.62994e-06 0.00979592 -0.0178754 -4.02736e-06 0.000218801 -0.0178754 0.0879566 
0.00965877 -0.017745 -1.59546e-05 -2.89697e-05 -0.017745 0.0879347 -3.08244e-05 0.000267623 -1.59546e-05 -3.08244e-05 0.00978112 -0.0179358 -2.89697e-05 0.000267623 -0.0179358 0.0882059 
0.00930734 -0.0171211 -4.45878e-06 -4.21521e-05 -0.0171211 0.0847011 -4.22554e-05 0.000301656 -4.45878e-06 -4.22554e-05 0.00939769 -0.0172339 -4.21521e-05 0.000301656 -0.0172339 0.084916 
0.0093644 -0.0172141 -2.04271e-05 -5.3633e-05 -0.0172141 0.0851387 -5.59571e-05 0.00033681 -2.04271e-05 -5.59571e-05 0.00940574 -0.0172762 -5.3633e-05 0.00033681 -0.0172762 0.0852083 
0.00938159 -0.0172497 -3.81159e-05 -2.74812e-05 -0.0172497 0.0852737 -3.31301e-05 0.000306866 -3.81159e-05 -3.31301e-05 0.00938145 -0.0172427 -2.74812e-05 0.000306866 -0.0172427 0.0851637 
0.00937269 -0.0172501 -3.19225e-05 -2.92707e-06 -0.0172501 0.0852609 -9.07065e-06 0.000244844 -3.19225e-05 -9.07065e-06 0.00935474 -0.0171803 -2.92707e-06 0.000244844 -0.0171803 0.084957 
0.00933684 -0.0171979 -4.04166e-05 -1.24701e-05 -0.0171979 0.0850343 -1.56924e-05 0.000229159 -4.04166e-05 -1.56924e-05 0.00932922 -0.0171043 -1.24701e-05 0.000229159 -0.0171043 0.0846132 
0.00928388 -0.0171183 -4.62383e-05 -6.23394e-06 -0.0171183 0.0846877 -7.63493e-06 0.000221955 -4.62383e-05 -7.63493e-06 0.00930973 -0.0170389 -6.23394e-06 0.000221955 -0.0170389 0.0842505 
0.00963794 -0.0177595 -6.58123e-05 6.0059e-06 -0.0177595 0.0879322 3.29008e-06 0.000203079 -6.58123e-05 3.29008e-06 0.00968146 -0.017727 6.0059e-06 0.000203079 -0.017727 0.0875656 
0.00956171 -0.0176391 -7.6411e-05 2.93308e-05 -0.0176391 0.0873529 2.66967e-05 0.000149835 -7.6411e-05 2.66967e-05 0.00965516 -0.0176378 2.93308e-05 0.000149835 -0.0176378 0.087093 
0.00955439 -0.0175916 -8.4958e-05 4.40246e-05 -0.0175916 0.0871847 4.43054e-05 9.6092e-05 -8.4958e-05 4.43054e-05 0.00965305 -0.0176657 4.40246e-05 9.6092e-05 -0.0176657 0.0871017 
0.00960782 -0.0176496 -8.40773e-05 5.6228e-05 -0.0176496 0.0874233 5.84295e-05 5.2075e-05 -8.40773e-05 5.84295e-05 0.00966348 -0.0177392 5.6228e-05 5.2075e-05 -0.0177392 0.0874607 
0.00963442 -0.0177243 -7.03875e-05 5.35459e-05 -0.0177243 0.0876763 5.48918e-05 4.17419e-05 -7.03875e-05 5.48918e-05 0.00968863 -0.017758 5.35459e-05 4.17419e-05 -0.017758 0.0876651 
0.00963653 -0.0177756 -5.85841e-05 3.65739e-05 -0.0177756 0.0879139 3.35134e-05 7.1952e-05 -5.85841e-05 3.35134e-05 0.00973174 -0.0177862 3.65739e-05 7.1952e-05 -0.0177862 0.0878058 
0.00963116 -0.0177706 -6.10981e-05 2.12771e-05 -0.0177706 0.087983 1.55703e-05 0.000116429 -6.10981e-05 1.55703e-05 0.00975965 -0.01783 2.12771e-05 0.000116429 -0.01783 0.0879102 
0.00959681 -0.0177032 -4.04177e-05 1.7284e-05 -0.0177032 0.0876997 1.67302e-05 0.000142931 -4.04177e-05 1.67302e-05 0.00974404 -0.0178055 1.7284e-05 0.000142931 -0.0178055 0.0877243 
0.00958068 -0.0176825 -3.71905e-05 -9.94498e-06 -0.0176825 0.0876193 -2.0333e-06 0.000182823 -3.71905e-05 -2.0333e-06 0.00975417 -0.0178147 -9.94498e-06 0.000182823 -0.0178147 0.0877382 
0.00959648 -0.0176921 -2.20702e-05 -1.77964e-05 -0.0176921 0.0877016 -5.96792e-06 0.00021703 -2.20702e-05 -5.96792e-06 0.00975096 -0.0178591 -1.77964e-05 0.00021703 -0.0178591 0.0879145 
0.00961474 -0.0177297 -4.20682e-05 -3.55094e-05 -0.0177297 0.0878673 -2.59447e-05 0.000258077 -4.20682e-05 -2.59447e-05 0.00976636 -0.01788 -3.55094e-05 0.000258077 -0.01788 0.0881018 
0.00959154 -0.0176956 -5.57144e-05 -8.16058e-06 -0.0176956 0.0877059 -1.16517e-06 0.000235202 -5.57144e-05 -1.16517e-06 0.00976144 -0.0178446 -8.16058e-06 0.000235202 -0.0178446 0.0879457 
0.00959153 -0.0176761 -6.0678e-05 1.79088e-05 -0.0176761 0.087643 1.89597e-05 0.000173691 -6.0678e-05 1.89597e-05 0.00975457 -0.0178536 1.79088e-05 0.000173691 -0.0178536 0.0879395 
0.00962103 -0.0177116 -4.36446e-05 2.86026e-05 -0.0177116 0.0877929 2.42443e-05 0.000132308 -4.36446e-05 2.42443e-05 0.00975192 -0.0178833 2.86026e-05 0.000132308 -0.0178833 0.0881109 
0.00964631 -0.0177311 -2.45525e-05 4.80039e-06 -0.0177311 0.0878384 -6.19199e-07 0.000159438 -2.45525e-05 -6.19199e-07 0.00972849 -0.0178629 4.80039e-06 0.000159438 -0.0178629 0.0880973 
0.00962357 -0.0177142 -1.8252e-05 -2.75787e-05 -0.0177142 0.0876706 -3.18807e-05 0.000236102 -1.8252e-05 -3.18807e-05 0.00969396 -0.0177807 -2.75787e-05 0.000236102 -0.0177807 0.0877897 
0.00963948 -0.0177226 -1.5065e-05 -3.57995e-05 -0.0177226 0.0877383 -3.80444e-05 0.000280648 -1.5065e-05 -3.80444e-05 0.00968333 -0.0177821 -3.57995e-05 0.000280648 -0.0177821 0.0877925 
0.00964754 -0.0177744 -6.01957e-06 -3.81133e-05 -0.0177744 0.0879412 -3.71809e-05 0.000292818 -6.01957e-06 -3.71809e-05 0.00970082 -0.017791 -3.81133e-05 0.000292818 -0.017791 0.087902 
0.00967077 -0.0177735 -1.31963e-05 -4.74474e-05 -0.0177735 0.0879948 -4.84574e-05 0.000309603 -1.31963e-05 -4.84574e-05 0.00967784 -0.0177945 -4.74474e-05 0.000309603 -0.0177945 0.0879075 
0.00966289 -0.0177637 1.73599e-06 -3.6874e-05 -0.0177637 0.0878584 -3.65101e-05 0.000297457 1.73599e-06 -3.65101e-05 0.00964204 -0.0177155 -3.6874e-05 0.000297457 -0.0177155 0.0876359 
0.00963814 -0.0177371 -2.30808e-07 -5.18952e-05 -0.0177371 0.087682 -5.00632e-05 0.000302785 -2.30808e-07 -5.00632e-05 0.00960725 -0.0176323 -5.18952e-05 0.000302785 -0.0176323 0.0872717 
0.00960594 -0.0176541 -1.14014e-05 -5.24103e-05 -0.0176541 0.0872914 -5.14174e-05 0.000313601 -1.14014e-05 -5.14174e-05 0.00955482 -0.017539 -5.24103e-05 0.000313601 -0.017539 0.0867886 
0.00959475 -0.017627 -6.90457e-06 -4.1527e-05 -0.017627 0.0871181 -4.15306e-05 0.000305075 -6.90457e-06 -4.15306e-05 0.00954017 -0.0175011 -4.1527e-05 0.000305075 -0.0175011 0.0865863 
0.00958059 -0.0176363 -1.15853e-05 -4.72723e-05 -0.0176363 0.087134 -4.74684e-05 0.000309528 -1.15853e-05 -4.74684e-05 0.00956601 -0.0175161 -4.72723e-05 0.000309528 -0.0175161 0.086615 
0.00958245 -0.0176543 -3.3062e-05 -4.08538e-05 -0.0176543 0.0872761 -4.26419e-05 0.000306431 -3.3062e-05 -4.26419e-05 0.00960146 -0.0175803 -4.08538e-05 0.000306431 -0.0175803 0.0868359 
0.00957992 -0.017678 -5.01282e-05 -1.49932e-05 -0.017678 0.0874477 -1.84157e-05 0.000267715 -5.01282e-05 -1.84157e-05 0.00965049 -0.0176541 -1.49932e-05 0.000267715 -0.0176541 0.0871418 
0.00961823 -0.0177238 -5.14137e-05 5.18417e-06 -0.0177238 0.0877785 7.809e-06 0.000209669 -5.14137e-05 7.809e-06 0.00970144 -0.0177774 5.18417e-06 0.000209669 -0.0177774 0.0876683 
0.00963983 -0.0177539 -4.32929e-05 5.78021e-06 -0.0177539 0.0879277 1.44048e-05 0.000176911 -4.32929e-05 1.44048e-05 0.00972498 -0.0178279 5.78021e-06 0.000176911 -0.0178279 0.0879413 
0.00959203 -0.017654 -4.42128e-05 -1.0527e-06 -0.017654 0.0874251 8.24321e-06 0.000172055 -4.42128e-05 8.24321e-06 0.00968253 -0.0177315 -1.0527e-06 0.000172055 -0.0177315 0.0874886 
0.00963198 -0.017718 -4.58583e-05 -1.26509e-07 -0.017718 0.0877183 4.98177e-06 0.000179718 -4.58583e-05 4.98177e-06 0.00969198 -0.0178051 -1.26509e-07 0.000179718 -0.0178051 0.0878142 
0.0096388 -0.0177385 -5.08116e-05 -2.10394e-07 -0.0177385 0.0877909 5.27068e-06 0.000184759 -5.08116e-05 5.27068e-06 0.00967816 -0.0177911 -2.10394e-07 0.000184759 -0.0177911 0.0878526 
0.00964928 -0.0177517 -6.35282e-05 2.32838e-06 -0.0177517 0.0878649 7.40109e-06 0.000187347 -6.35282e-05 7.40109e-06 0.00966915 -0.0177765 2.32838e-06 0.000187347 -0.0177765 0.0878613 
0.00963089 -0.0177253 -4.56903e-05 2.07197e-05 -0.0177253 0.0877223 2.09673e-05 0.000163209 -4.56903e-05 2.09673e-05 0.0096492 -0.0177196 2.07197e-05 0.000163209 -0.0177196 0.0876371 
0.00958826 -0.0176309 -4.59976e-05 6.02172e-06 -0.0176309 0.0872578 7.73418e-07 0.000170613 -4.59976e-05 7.73418e-07 0.00959319 -0.0176105 6.02172e-06 0.000170613 -0.0176105 0.0871013 
0.00958301 -0.0175959 -4.13946e-05 5.67524e-06 -0.0175959 0.0870496 2.66141e-07 0.000181727 -4.13946e-05 2.66141e-07 0.00954801 -0.0175597 5.67524e-06 0.000181727 -0.0175597 0.0868422 
0.00957184 -0.0175963 -4.34495e-05 5.27664e-07 -0.0175963 0.0869856 1.04976e-07 0.000182352 -4.34495e-05 1.04976e-07 0.00954008 -0.0175194 5.27664e-07 0.000182352 -0.0175194 0.0867024 
0.00958719 -0.0176424 -4.38514e-05 1.6225e-06 -0.0176424 0.0872236 4.77664e-06 0.000176536 -4.38514e-05 4.77664e-06 0.00956811 -0.0175653 1.6225e-06 0.000176536 -0.0175653 0.0868964 
0.0095541 -0.017624 -5.85982e-05 4.50588e-06 -0.017624 0.0871735 9.63158e-06 0.000162015 -5.85982e-05 9.63158e-06 0.00959707 -0.0175668 4.50588e-06 0.000162015 -0.0175668 0.0868757 
0.00953672 -0.0175766 -6.77023e-05 2.07861e-05 -0.0175766 0.0870536 2.46317e-05 0.000134702 -6.77023e-05 2.46317e-05 0.00961026 -0.0175998 2.07861e-05 0.000134702 -0.0175998 0.0869043 
0.0095406 -0.0175788 -8.1726e-05 3.23163e-05 -0.0175788 0.0870948 3.30603e-05 0.000107378 -8.1726e-05 3.30603e-05 0.00963821 -0.0176573 3.23163e-05 0.000107378 -0.0176573 0.0871279 
0.00955753 -0.0176301 -7.65903e-05 5.04712e-05 -0.0176301 0.0873552 4.92384e-05 7.18177e-05 -7.65903e-05 4.92384e-05 0.00967974 -0.0177399 5.04712e-05 7.18177e-05 -0.0177399 0.0875117 
0.00954064 -0.017588 -6.78328e-05 4.40875e-05 -0.017588 0.0871896 4.15808e-05 6.72573e-05 -6.78328e-05 4.15808e-05 0.00967214 -0.0177169 4.40875e-05 6.72573e-05 -0.0177169 0.0874077 
0.00955753 -0.0175839 -4.46147e-05 3.18632e-05 -0.0175839 0.0871465 2.68304e-05 9.37917e-05 -4.46147e-05 2.68304e-05 0.00965764 -0.0177059 3.18632e-05 9.37917e-05 -0.0177059 0.0873507 
0.00956569 -0.0176157 -2.80095e-05 1.4262e-06 -0.0176157 0.0872071 1.38645e-06 0.000149756 -2.80095e-05 1.38645e-06 0.00965623 -0.017689 1.4262e-06 0.000149756 -0.017689 0.0873105 
0.00956135 -0.0176133 -1.98503e-05 -2.33175e-05 -0.0176133 0.0871868 -1.72786e-05 0.000210626 -1.98503e-05 -1.72786e-05 0.00964722 -0.0176713 -2.33175e-05 0.000210626 -0.0176713 0.0872094 
0.00953979 -0.0175886 -2.47124e-05 -3.39315e-05 -0.0175886 0.0870752 -2.79682e-05 0.000253248 -2.47124e-05 -2.79682e-05 0.00964135 -0.0176472 -3.39315e-05 0.000253248 -0.0176472 0.0870747 
0.00950695 -0.0175023 -3.5471e-05 -2.50172e-05 -0.0175023 0.0866895 -2.35789e-05 0.000256608 -3.5471e-05 -2.35789e-05 0.00959597 -0.0175874 -2.50172e-05 0.000256608 -0.0175874 0.0867361 
0.00949619 -0.0175113 -5.12043e-05 -8.0584e-06 -0.0175113 0.086695 -1.36244e-05 0.000233328 -5.12043e-05 -1.36244e-05 0.00961543 -0.0175891 -8.0584e-06 0.000233328 -0.0175891 0.0867679 
0.00952757 -0.0175403 -6.03924e-05 1.65882e-05 -0.0175403 0.0868994 6.18346e-06 0.000184226 -6.03924e-05 6.18346e-06 0.00963532 -0.0176688 1.65882e-05 0.000184226 -0.0176688 0.0870734 
0.00960117 -0.0176286 -7.85897e-05 2.78426e-05 -0.0176286 0.0872926 1.55638e-05 0.000148793 -7.85897e-05 1.55638e-05 0.00964338 -0.0177415 2.78426e-05 0.000148793 -0.0177415 0.0874933 
0.00966377 -0.0177654 -8.79849e-05 4.63631e-05 -0.0177654 0.0878316 3.50009e-05 0.00011221 -8.79849e-05 3.50009e-05 0.00967054 -0.0177815 4.63631e-05 0.00011221 -0.0177815 0.0878642 
0.00968764 -0.0178298 -7.42134e-05 5.30449e-05 -0.0178298 0.0881405 5.10718e-05 7.92265e-05 -7.42134e-05 5.10718e-05 0.0096942 -0.0177964 5.30449e-05 7.92265e-05 -0.0177964 0.0879998 
0.00928522 -0.0170814 -4.96702e-05 3.08638e-05 -0.0170814 0.0844818 4.12388e-05 8.27165e-05 -4.96702e-05 4.12388e-05 0.00929758 -0.0170497 3.08638e-05 8.27165e-05 -0.0170497 0.0842846 
0.0096319 -0.0177719 -3.2646e-05 -1.90611e-07 -0.0177719 0.0879037 1.84322e-05 0.000138408 -3.2646e-05 1.84322e-05 0.00972291 -0.0177539 -1.90611e-07 0.000138408 -0.0177539 0.0877161 
0.0095912 -0.0176972 -1.40861e-05 -2.57496e-05 -0.0176972 0.0876657 -7.83765e-06 0.000207739 -1.40861e-05 -7.83765e-06 0.00974031 -0.0177833 -2.57496e-05 0.000207739 -0.0177833 0.0876608 
0.00958983 -0.0176696 -2.17299e-05 -4.62828e-05 -0.0176696 0.0875912 -3.03568e-05 0.000268304 -2.17299e-05 -3.03568e-05 0.00974942 -0.0178374 -4.62828e-05 0.000268304 -0.0178374 0.0878196 
0.00960451 -0.0176949 -2.95866e-05 -4.02628e-05 -0.0176949 0.0876984 -2.72565e-05 0.000292529 -2.95866e-05 -2.72565e-05 0.00976351 -0.0178837 -4.02628e-05 0.000292529 -0.0178837 0.0880653 
0.00960571 -0.0176886 -1.97663e-05 -2.95478e-05 -0.0176886 0.0876617 -2.19244e-05 0.000286137 -1.97663e-05 -2.19244e-05 0.0097598 -0.0178774 -2.95478e-05 0.000286137 -0.0178774 0.0880761 
0.00964885 -0.0177135 -5.42324e-06 -4.10484e-05 -0.0177135 0.0877663 -3.43646e-05 0.000301182 -5.42324e-06 -3.43646e-05 0.00975059 -0.0178959 -4.10484e-05 0.000301182 -0.0178959 0.0881859 
0.00930434 -0.0170527 -1.48878e-05 -5.90212e-05 -0.0170527 0.0843508 -5.1606e-05 0.000331456 -1.48878e-05 -5.1606e-05 0.00933767 -0.0171543 -5.90212e-05 0.000331456 -0.0171543 0.0846283 
0.00937748 -0.0172029 -3.67858e-05 -4.64156e-05 -0.0172029 0.0849425 -4.52588e-05 0.000340839 -3.67858e-05 -4.52588e-05 0.00936063 -0.0172019 -4.64156e-05 0.000340839 -0.0172019 0.0849654 
0.00940025 -0.0172436 -4.74826e-05 -1.49397e-05 -0.0172436 0.0851101 -2.37594e-05 0.000298591 -4.74826e-05 -2.37594e-05 0.00934988 -0.0171818 -1.49397e-05 0.000298591 -0.0171818 0.0849258 
0.00944504 -0.0173452 -5.1251e-05 -2.39528e-07 -0.0173452 0.0855996 -1.18001e-05 0.000258047 -5.1251e-05 -1.18001e-05 0.00939418 -0.0172515 -2.39528e-07 0.000258047 -0.0172515 0.0852961 
0.00944095 -0.017348 -5.5828e-05 3.25029e-06 -0.017348 0.0856623 -6.63282e-06 0.000237126 -5.5828e-05 -6.63282e-06 0.00942352 -0.017268 3.25029e-06 0.000237126 -0.017268 0.0853583 
0.00943127 -0.0173498 -5.65559e-05 6.61945e-06 -0.0173498 0.0857136 -7.55819e-07 0.000226679 -5.65559e-05 -7.55819e-07 0.00945356 -0.0173081 6.61945e-06 0.000226679 -0.0173081 0.0854764 
0.00938123 -0.0172904 -3.94158e-05 5.79644e-06 -0.0172904 0.0854806 2.26608e-06 0.000220026 -3.94158e-05 2.26608e-06 0.00946781 -0.0172936 5.79644e-06 0.000220026 -0.0172936 0.0853432 
0.00937314 -0.0172607 -2.18142e-05 -1.76938e-05 -0.0172607 0.0854388 -1.59243e-05 0.000250317 -2.18142e-05 -1.59243e-05 0.00948574 -0.0173436 -1.76938e-05 0.000250317 -0.0173436 0.0854645 
0.00936213 -0.0171881 -3.37856e-05 -4.57294e-05 -0.0171881 0.0851052 -4.07861e-05 0.000314581 -3.37856e-05 -4.07861e-05 0.0094527 -0.0173129 -4.57294e-05 0.000314581 -0.0173129 0.0852822 
0.00937425 -0.0172121 -4.97811e-05 -3.24528e-05 -0.0172121 0.0851244 -2.62325e-05 0.00032271 -4.97811e-05 -2.62325e-05 0.00944938 -0.0173122 -3.24528e-05 0.00032271 -0.0173122 0.0853214 
0.00941049 -0.0172688 -6.42453e-05 -6.04513e-06 -0.0172688 0.0853614 -4.20905e-06 0.000277719 -6.42453e-05 -4.20905e-06 0.00945163 -0.0173447 -6.04513e-06 0.000277719 -0.0173447 0.0855092 
0.00937678 -0.0172457 -5.34426e-05 1.58471e-05 -0.0172457 0.0851949 1.67384e-05 0.000216219 -5.34426e-05 1.67384e-05 0.00944065 -0.0172723 1.58471e-05 0.000216219 -0.0172723 0.0852338 
0.00935609 -0.0171825 -4.15401e-05 2.1056e-06 -0.0171825 0.0849511 6.43637e-07 0.000215626 -4.15401e-05 6.43637e-07 0.00942053 -0.017242 2.1056e-06 0.000215626 -0.017242 0.0849975 
0.00935703 -0.0171761 -3.44883e-05 -1.67703e-05 -0.0171761 0.0848828 -1.86039e-05 0.000257161 -3.44883e-05 -1.86039e-05 0.00941329 -0.0172388 -1.67703e-05 0.000257161 -0.0172388 0.0849577 
0.00934745 -0.0171901 -3.50747e-05 -2.86813e-05 -0.0171901 0.0849061 -2.8259e-05 0.00029564 -3.50747e-05 -2.8259e-05 0.00942364 -0.0172356 -2.86813e-05 0.00029564 -0.0172356 0.084954 
0.00936155 -0.0172466 -3.30489e-05 -3.20983e-05 -0.0172466 0.0852266 -3.14884e-05 0.000321442 -3.30489e-05 -3.14884e-05 0.00946782 -0.0173093 -3.20983e-05 0.000321442 -0.0173093 0.0852754 
0.00934963 -0.0172147 -3.80319e-05 -3.2755e-05 -0.0172147 0.0851627 -3.58986e-05 0.000334882 -3.80319e-05 -3.58986e-05 0.00946587 -0.0173193 -3.2755e-05 0.000334882 -0.0173193 0.0852864 
0.00937942 -0.0172303 -3.63859e-05 -2.11267e-05 -0.0172303 0.0852681 -2.7001e-05 0.000319747 -3.63859e-05 -2.7001e-05 0.00945394 -0.0173539 -2.11267e-05 0.000319747 -0.0173539 0.0854646 
0.00940547 -0.0172536 -4.28391e-05 -2.29896e-05 -0.0172536 0.0853152 -2.96093e-05 0.000313898 -4.28391e-05 -2.96093e-05 0.00943334 -0.0173267 -2.29896e-05 0.000313898 -0.0173267 0.0854615 
0.0094015 -0.0172319 -4.69968e-05 -1.49904e-05 -0.0172319 0.0851202 -2.14273e-05 0.00029956 -4.69968e-05 -2.14273e-05 0.00939661 -0.0172383 -1.49904e-05 0.00029956 -0.0172383 0.0851177 
0.00937027 -0.0172033 -5.37578e-05 -8.29685e-06 -0.0172033 0.0849069 -1.25663e-05 0.000276546 -5.37578e-05 -1.25663e-05 0.00937632 -0.0171681 -8.29685e-06 0.000276546 -0.0171681 0.0847728 
0.00935143 -0.0172056 -5.76084e-05 -2.69691e-06 -0.0172056 0.0849344 -2.43487e-06 0.000257031 -5.76084e-05 -2.43487e-06 0.00939157 -0.0171765 -2.69691e-06 0.000257031 -0.0171765 0.0847482 
0.00937897 -0.0172239 -6.40918e-05 -7.44187e-07 -0.0172239 0.0851011 2.87012e-06 0.000244772 -6.40918e-05 2.87012e-06 0.00940179 -0.0172343 -7.44187e-07 0.000244772 -0.0172343 0.0849611 
0.0093856 -0.0172518 -7.67492e-05 6.76458e-06 -0.0172518 0.0852001 1.07855e-05 0.000228336 -7.67492e-05 1.07855e-05 0.00941343 -0.0172448 6.76458e-06 0.000228336 -0.0172448 0.0850645 
0.00938494 -0.0172696 -8.29982e-05 2.48609e-05 -0.0172696 0.0853136 2.6433e-05 0.000193885 -8.29982e-05 2.6433e-05 0.00942656 -0.0172697 2.48609e-05 0.000193885 -0.0172697 0.0851814 
0.00939784 -0.0172654 -8.88043e-05 3.97765e-05 -0.0172654 0.0853495 3.87818e-05 0.000149286 -8.88043e-05 3.87818e-05 0.00942214 -0.0172833 3.97765e-05 0.000149286 -0.0172833 0.0852525 
0.00937163 -0.0172387 -7.54179e-05 4.76896e-05 -0.0172387 0.0851846 4.71622e-05 0.000116559 -7.54179e-05 4.71622e-05 0.00942179 -0.0172373 4.76896e-05 0.000116559 -0.0172373 0.0850767 
0.00936012 -0.0171658 -7.46564e-05 3.00177e-05 -0.0171658 0.0848639 3.07645e-05 0.000130145 -7.46564e-05 3.07645e-05 0.00938834 -0.0171963 3.00177e-05 0.000130145 -0.0171963 0.0847925 
0.00936708 -0.0171414 -6.85784e-05 1.97243e-05 -0.0171414 0.0846401 2.24516e-05 0.000165316 -6.85784e-05 2.24516e-05 0.00934633 -0.017149 1.97243e-05 0.000165316 -0.017149 0.0845647 
0.00939823 -0.0172054 -5.57248e-05 7.151e-06 -0.0172054 0.0848175 1.18229e-05 0.000203037 -5.57248e-05 1.18229e-05 0.00934318 -0.0171493 7.151e-06 0.000203037 -0.0171493 0.0846278 
0.00944544 -0.0173124 -3.21949e-05 -1.16903e-05 -0.0173124 0.0852853 -5.23594e-06 0.000251787 -3.21949e-05 -5.23594e-06 0.00937096 -0.0172066 -1.16903e-05 0.000251787 -0.0172066 0.0849529 
0.00945304 -0.017398 -2.34767e-05 -4.04014e-05 -0.017398 0.085718 -3.2891e-05 0.000315995 -2.34767e-05 -3.2891e-05 0.00942719 -0.0172649 -4.04014e-05 0.000315995 -0.0172649 0.0852804 
0.0094685 -0.0174133 -2.48992e-05 -5.24504e-05 -0.0174133 0.0859659 -4.42318e-05 0.000365164 -2.48992e-05 -4.42318e-05 0.00946637 -0.0173475 -5.24504e-05 0.000365164 -0.0173475 0.0856023 
0.00945547 -0.0173922 -3.81883e-05 -4.67769e-05 -0.0173922 0.0859369 -4.07591e-05 0.000371225 -3.81883e-05 -4.07591e-05 0.00948333 -0.0173802 -4.67769e-05 0.000371225 -0.0173802 0.0857404 
0.00945108 -0.01738 -5.82314e-05 -3.1889e-05 -0.01738 0.0859205 -2.86216e-05 0.0003525 -5.82314e-05 -2.86216e-05 0.0095056 -0.0173978 -3.1889e-05 0.0003525 -0.0173978 0.0858299 
0.00948696 -0.0174094 -7.26154e-05 -8.76372e-06 -0.0174094 0.0860918 -4.26267e-06 0.000308494 -7.26154e-05 -4.26267e-06 0.00951874 -0.0174647 -8.76372e-06 0.000308494 -0.0174647 0.0861064 
0.00949661 -0.0173449 -7.17691e-05 1.25483e-05 -0.0173449 0.0857213 1.74601e-05 0.00024891 -7.17691e-05 1.74601e-05 0.00945809 -0.0173866 1.25483e-05 0.00024891 -0.0173866 0.0857815 
0.0094845 -0.0173455 -4.84488e-05 1.38268e-05 -0.0173455 0.085513 1.7043e-05 0.000222234 -4.84488e-05 1.7043e-05 0.00942767 -0.0172928 1.38268e-05 0.000222234 -0.0172928 0.0854282 
0.0094885 -0.0173644 -4.0025e-05 -1.22312e-05 -0.0173644 0.0855502 -8.26869e-06 0.000252041 -4.0025e-05 -8.26869e-06 0.00941544 -0.0172802 -1.22312e-05 0.000252041 -0.0172802 0.0853306 
0.00949379 -0.0174287 -2.03456e-05 -2.97323e-05 -0.0174287 0.0858492 -2.70838e-05 0.000307648 -2.03456e-05 -2.70838e-05 0.0094589 -0.017323 -2.97323e-05 0.000307648 -0.017323 0.085548 
0.0095258 -0.0174416 -3.01527e-05 -5.91422e-05 -0.0174416 0.0860196 -5.70232e-05 0.000382298 -3.01527e-05 -5.70232e-05 0.00946613 -0.0173842 -5.91422e-05 0.000382298 -0.0173842 0.0857653 
0.0095241 -0.0174108 -3.26104e-05 -5.27488e-05 -0.0174108 0.0858147 -5.01049e-05 0.000411211 -3.26104e-05 -5.01049e-05 0.00942757 -0.0173312 -5.27488e-05 0.000411211 -0.0173312 0.0855718 
0.0095131 -0.0174035 -2.92441e-05 -5.08422e-05 -0.0174035 0.085694 -4.75687e-05 0.00041473 -2.92441e-05 -4.75687e-05 0.00941803 -0.0172758 -5.08422e-05 0.00041473 -0.0172758 0.0853669 
0.00950424 -0.0173911 -1.59195e-05 -4.97506e-05 -0.0173911 0.0856257 -5.04464e-05 0.00041486 -1.59195e-05 -5.04464e-05 0.00942677 -0.0172696 -4.97506e-05 0.00041486 -0.0172696 0.0852739 
0.0094951 -0.0173936 -2.96563e-05 -6.5343e-05 -0.0173936 0.0856311 -6.89266e-05 0.000443822 -2.96563e-05 -6.89266e-05 0.00944213 -0.0172899 -6.5343e-05 0.000443822 -0.0172899 0.085302 
0.00953739 -0.0174736 -4.21161e-05 -4.94326e-05 -0.0174736 0.0860581 -5.44069e-05 0.000439545 -4.21161e-05 -5.44069e-05 0.00947552 -0.0173974 -4.94326e-05 0.000439545 -0.0173974 0.0857786 
0.00952671 -0.0174683 -6.22428e-05 -2.75916e-05 -0.0174683 0.0860436 -3.30023e-05 0.00038792 -6.22428e-05 -3.30023e-05 0.00947615 -0.0173749 -2.75916e-05 0.00038792 -0.0173749 0.0857497 
0.00953936 -0.0174939 -7.82301e-05 -2.84706e-07 -0.0174939 0.0862076 -4.94165e-06 0.000319145 -7.82301e-05 -4.94165e-06 0.00948194 -0.017406 -2.84706e-07 0.000319145 -0.017406 0.0858974 
0.00955085 -0.0175186 -7.09382e-05 1.47747e-05 -0.0175186 0.086367 1.47063e-05 0.000265266 -7.09382e-05 1.47063e-05 0.00950149 -0.0174352 1.47747e-05 0.000265266 -0.0174352 0.0860766 
0.00951616 -0.0174791 -6.05354e-05 3.61132e-06 -0.0174791 0.0862059 9.3747e-06 0.000255984 -6.05354e-05 9.3747e-06 0.00950311 -0.0174093 3.61132e-06 0.000255984 -0.0174093 0.0859511 
0.00952261 -0.0174713 -4.01175e-05 -1.53137e-05 -0.0174713 0.0862496 -5.80821e-06 0.000290482 -4.01175e-05 -5.80821e-06 0.00951352 -0.0174542 -1.53137e-05 0.000290482 -0.0174542 0.0861065 
0.00951583 -0.0174426 -4.18109e-05 -4.15004e-05 -0.0174426 0.0861185 -2.85837e-05 0.000343253 -4.18109e-05 -2.85837e-05 0.00950315 -0.0174453 -4.15004e-05 0.000343253 -0.0174453 0.086083 
0.00951108 -0.0174251 -4.965e-05 -3.80178e-05 -0.0174251 0.086004 -2.76473e-05 0.000363578 -4.965e-05 -2.76473e-05 0.00948458 -0.0174194 -3.80178e-05 0.000363578 -0.0174194 0.0859924 
0.00945752 -0.0173744 -5.15678e-05 -2.02882e-05 -0.0173744 0.0857208 -1.77085e-05 0.00033855 -5.15678e-05 -1.77085e-05 0.00946754 -0.0173451 -2.02882e-05 0.00033855 -0.0173451 0.0856685 
