0.0070273 0 8.38143e-05 0 0 0.00986252 0 0 8.38143e-05 0 0.00694013 0 0 0 0 0.00986252 
0.00959705 -0.0119103 7.89237e-05 -9.37114e-05 -0.0119103 0.0315652 -9.37114e-05 0.000179921 7.89237e-05 -9.37114e-05 0.00949285 -0.0117857 -9.37114e-05 0.000179921 -0.0117857 0.0313266 
0.00984619 -0.0183393 3.95262e-05 -1.73894e-05 -0.0183393 0.0675511 -1.73894e-05 2.39192e-05 3.95262e-05 -1.73894e-05 0.00976269 -0.0182419 -1.73894e-05 2.39192e-05 -0.0182419 0.0672638 
0.00928519 -0.0179225 5.15333e-05 0.000117825 -0.0179225 0.0803302 0.000120071 -0.000701171 5.15333e-05 0.000120071 0.00922134 -0.0178808 0.000117825 -0.000701171 -0.0178808 0.0803056 
0.00904176 -0.0168878 7.50424e-05 8.0614e-05 -0.0168878 0.0814306 8.29126e-05 -0.000922854 7.50424e-05 8.29126e-05 0.00896836 -0.016869 8.0614e-05 -0.000922854 -0.016869 0.081553 
0.00927113 -0.0170829 7.62033e-05 4.28999e-06 -0.0170829 0.083823 1.07692e-05 -0.000691403 7.62033e-05 1.07692e-05 0.00924872 -0.0170467 4.28999e-06 -0.000691403 -0.0170467 0.0839387 
0.00944454 -0.0173383 7.68974e-05 -2.06535e-05 -0.0173383 0.0854635 -8.87281e-06 -0.000442277 7.68974e-05 -8.87281e-06 0.0094617 -0.0173433 -2.06535e-05 -0.000442277 -0.0173433 0.0855774 
0.00964594 -0.0176583 7.68529e-05 -2.01458e-05 -0.0176583 0.0872052 -1.03562e-05 -0.000322091 7.68529e-05 -1.03562e-05 0.0096588 -0.0177084 -2.01458e-05 -0.000322091 -0.0177084 0.0873837 
0.00946283 -0.0173136 7.5369e-05 -7.27534e-06 -0.0173136 0.085507 -4.53019e-06 -0.000286742 7.5369e-05 -4.53019e-06 0.0094584 -0.0173619 -7.27534e-06 -0.000286742 -0.0173619 0.0857123 
0.00972054 -0.0177685 6.42662e-05 9.71931e-07 -0.0177685 0.0877273 -7.21907e-06 -0.000294772 6.42662e-05 -7.21907e-06 0.0097058 -0.0177922 9.71931e-07 -0.000294772 -0.0177922 0.0878957 
0.00960776 -0.017567 4.81996e-05 2.0188e-05 -0.017567 0.0866818 5.07773e-06 -0.000318506 4.81996e-05 5.07773e-06 0.00961116 -0.0175882 2.0188e-05 -0.000318506 -0.0175882 0.0868362 
0.00954643 -0.0174609 4.5196e-05 3.8212e-05 -0.0174609 0.0861259 2.75567e-05 -0.000363979 4.5196e-05 2.75567e-05 0.00957661 -0.0175026 3.8212e-05 -0.000363979 -0.0175026 0.0863106 
0.00953753 -0.017453 5.0661e-05 3.58164e-05 -0.017453 0.0860562 3.18782e-05 -0.000382756 5.0661e-05 3.18782e-05 0.00957397 -0.017517 3.58164e-05 -0.000382756 -0.017517 0.0862817 
0.00948561 -0.0173818 7.04207e-05 2.09816e-05 -0.0173818 0.0856964 2.25861e-05 -0.000360453 7.04207e-05 2.25861e-05 0.00953688 -0.0174517 2.09816e-05 -0.000360453 -0.0174517 0.0859457 
0.00947669 -0.0173702 7.75726e-05 -8.64403e-06 -0.0173702 0.0856793 -1.81865e-06 -0.000303823 7.75726e-05 -1.81865e-06 0.00953682 -0.0174576 -8.64403e-06 -0.000303823 -0.0174576 0.0859578 
0.00949547 -0.0173732 8.97274e-05 -2.05201e-05 -0.0173732 0.0857198 -1.21003e-05 -0.000255116 8.97274e-05 -1.21003e-05 0.00951555 -0.017476 -2.05201e-05 -0.000255116 -0.017476 0.086039 
0.00952228 -0.0173889 7.59495e-05 -3.2426e-05 -0.0173889 0.0857387 -2.90208e-05 -0.000215292 7.59495e-05 -2.90208e-05 0.00945881 -0.0174459 -3.2426e-05 -0.000215292 -0.0174459 0.0860091 
0.00954368 -0.0174744 5.3621e-05 -8.66962e-06 -0.0174744 0.0860502 -1.38588e-05 -0.000232191 5.3621e-05 -1.38588e-05 0.00945137 -0.0174207 -8.66962e-06 -0.000232191 -0.0174207 0.0861117 
0.00956026 -0.0175052 4.7797e-05 2.42351e-05 -0.0175052 0.0862702 9.98996e-06 -0.000289201 4.7797e-05 9.98996e-06 0.00944862 -0.0174221 2.42351e-05 -0.000289201 -0.0174221 0.0861956 
0.00958 -0.0175411 2.56284e-05 3.61698e-05 -0.0175411 0.0864925 1.95697e-05 -0.000335814 2.56284e-05 1.95697e-05 0.00946784 -0.0174468 3.61698e-05 -0.000335814 -0.0174468 0.086377 
0.00953235 -0.0174612 3.12079e-05 5.93239e-05 -0.0174612 0.0861377 4.73448e-05 -0.000386309 3.12079e-05 4.73448e-05 0.00945924 -0.0173798 5.93239e-05 -0.000386309 -0.0173798 0.0860527 
0.00946155 -0.0173434 4.90471e-05 4.93478e-05 -0.0173434 0.085594 4.34401e-05 -0.000397801 4.90471e-05 4.34401e-05 0.0094479 -0.0173081 4.93478e-05 -0.000397801 -0.0173081 0.0855994 
0.00943239 -0.0172947 5.82273e-05 2.25527e-05 -0.0172947 0.0853939 2.00248e-05 -0.000354094 5.82273e-05 2.00248e-05 0.00946234 -0.017331 2.25527e-05 -0.000354094 -0.017331 0.0855536 
0.00944021 -0.0173031 5.38959e-05 4.70346e-06 -0.0173031 0.0854527 5.4419e-06 -0.000300711 5.38959e-05 5.4419e-06 0.00948145 -0.0173864 4.70346e-06 -0.000300711 -0.0173864 0.0857463 
0.0094468 -0.0172741 6.04236e-05 4.57412e-06 -0.0172741 0.085308 9.06535e-06 -0.000277304 6.04236e-05 9.06535e-06 0.00944673 -0.0173739 4.57412e-06 -0.000277304 -0.0173739 0.0856791 
0.00943836 -0.0172638 6.15319e-05 -3.31019e-06 -0.0172638 0.0851651 2.60787e-06 -0.000261743 6.15319e-05 2.60787e-06 0.00942728 -0.0173153 -3.31019e-06 -0.000261743 -0.0173153 0.0854873 
0.00947073 -0.0172841 6.98846e-05 -3.48373e-06 -0.0172841 0.0852316 9.11978e-07 -0.000253752 6.98846e-05 9.11978e-07 0.00940284 -0.0173169 -3.48373e-06 -0.000253752 -0.0173169 0.0854851 
0.00951094 -0.0173405 8.00136e-05 -1.20956e-05 -0.0173405 0.0853947 -9.62163e-06 -0.000236988 8.00136e-05 -9.62163e-06 0.00938499 -0.0173018 -1.20956e-05 -0.000236988 -0.0173018 0.0855101 
0.00951896 -0.0173814 8.89516e-05 -2.32758e-05 -0.0173814 0.0854935 -2.05908e-05 -0.000213106 8.89516e-05 -2.05908e-05 0.00936859 -0.0172618 -2.32758e-05 -0.000213106 -0.0172618 0.0854056 
0.00950628 -0.0174174 9.15273e-05 -3.43438e-05 -0.0174174 0.08567 -2.74365e-05 -0.00019185 9.15273e-05 -2.74365e-05 0.00938162 -0.01726 -3.43438e-05 -0.00019185 -0.01726 0.0854269 
0.00947908 -0.0174153 8.68479e-05 -3.87996e-05 -0.0174153 0.0857732 -2.74065e-05 -0.000181428 8.68479e-05 -2.74065e-05 0.00941903 -0.0172768 -3.87996e-05 -0.000181428 -0.0172768 0.0854842 
0.00942361 -0.0173053 9.2312e-05 -3.78283e-05 -0.0173053 0.085382 -2.73617e-05 -0.000172631 9.2312e-05 -2.73617e-05 0.00941702 -0.0172387 -3.78283e-05 -0.000172631 -0.0172387 0.0851829 
0.00935301 -0.0172022 7.88851e-05 -4.65137e-05 -0.0172022 0.0849262 -3.51235e-05 -0.000156508 7.88851e-05 -3.51235e-05 0.00941758 -0.0172037 -4.65137e-05 -0.000156508 -0.0172037 0.0848826 
0.00935223 -0.0171895 6.27883e-05 -2.72265e-05 -0.0171895 0.0849494 -1.72069e-05 -0.000179667 6.27883e-05 -1.72069e-05 0.00943116 -0.0172768 -2.72265e-05 -0.000179667 -0.0172768 0.0850981 
0.00932962 -0.0171277 7.69031e-05 -8.31137e-06 -0.0171277 0.0846749 -1.42676e-06 -0.00021681 7.69031e-05 -1.42676e-06 0.00939363 -0.0172479 -8.31137e-06 -0.00021681 -0.0172479 0.0849756 
0.00928347 -0.0170658 9.53748e-05 -2.27833e-05 -0.0170658 0.0843572 -2.06389e-05 -0.000205986 9.53748e-05 -2.06389e-05 0.00935967 -0.0171774 -2.27833e-05 -0.000205986 -0.0171774 0.0847069 
0.0096729 -0.0177571 0.000105078 -4.93622e-05 -0.0177571 0.0878302 -5.04034e-05 -0.000156323 0.000105078 -5.04034e-05 0.00974293 -0.0178901 -4.93622e-05 -0.000156323 -0.0178901 0.0882336 
0.00931062 -0.0170634 0.000103184 -5.45761e-05 -0.0170634 0.0843757 -5.50875e-05 -0.000112333 0.000103184 -5.50875e-05 0.00933875 -0.0171856 -5.45761e-05 -0.000112333 -0.0171856 0.0847825 
0.00934014 -0.0171122 8.46038e-05 -5.89114e-05 -0.0171122 0.0845469 -6.07311e-05 -8.96675e-05 8.46038e-05 -6.07311e-05 0.00933999 -0.0171869 -5.89114e-05 -8.96675e-05 -0.0171869 0.0848846 
0.00937912 -0.0171896 5.98256e-05 -3.25475e-05 -0.0171896 0.0848768 -3.52847e-05 -0.000125716 5.98256e-05 -3.52847e-05 0.00936294 -0.0172191 -3.25475e-05 -0.000125716 -0.0172191 0.0850961 
0.00942619 -0.0172622 3.19721e-05 2.42762e-06 -0.0172622 0.0852165 -3.74138e-07 -0.000205481 3.19721e-05 -3.74138e-07 0.00938104 -0.0172633 2.42762e-06 -0.000205481 -0.0172633 0.0853323 
0.00941488 -0.0172622 2.36762e-05 3.30009e-05 -0.0172622 0.0851715 3.00523e-05 -0.00028214 2.36762e-05 3.00523e-05 0.00937469 -0.0172232 3.30009e-05 -0.00028214 -0.0172232 0.0851793 
0.00939464 -0.0172379 3.35087e-05 4.125e-05 -0.0172379 0.0850681 4.13361e-05 -0.000328319 3.35087e-05 4.13361e-05 0.00936857 -0.0171925 4.125e-05 -0.000328319 -0.0171925 0.0850009 
0.00938865 -0.0172027 3.9638e-05 2.84141e-05 -0.0172027 0.0849214 3.4157e-05 -0.000329522 3.9638e-05 3.4157e-05 0.00934803 -0.0171703 2.84141e-05 -0.000329522 -0.0171703 0.0848416 
0.00939831 -0.0172306 5.26442e-05 1.70197e-05 -0.0172306 0.0850143 2.55067e-05 -0.000307955 5.26442e-05 2.55067e-05 0.00934981 -0.0171809 1.70197e-05 -0.000307955 -0.0171809 0.0849051 
0.00938572 -0.0172675 5.88627e-05 6.32516e-07 -0.0172675 0.0851941 1.0316e-05 -0.000274592 5.88627e-05 1.0316e-05 0.00938644 -0.0172014 6.32516e-07 -0.000274592 -0.0172014 0.0850287 
0.00939885 -0.0172696 6.10643e-05 -3.76363e-06 -0.0172696 0.0853418 2.95735e-06 -0.000253954 6.10643e-05 2.95735e-06 0.00940212 -0.0172661 -3.76363e-06 -0.000253954 -0.0172661 0.0852507 
0.00938838 -0.0172375 5.05281e-05 -2.96206e-06 -0.0172375 0.085201 3.89122e-07 -0.000247732 5.05281e-05 3.89122e-07 0.00938566 -0.0172433 -2.96206e-06 -0.000247732 -0.0172433 0.0851773 
0.00937752 -0.0171959 2.91479e-05 8.03959e-06 -0.0171959 0.0849933 8.04802e-06 -0.000254732 2.91479e-05 8.04802e-06 0.00936342 -0.0172026 8.03959e-06 -0.000254732 -0.0172026 0.0850035 
0.00935943 -0.0171683 2.66182e-05 3.09733e-05 -0.0171683 0.0848083 3.05348e-05 -0.000290032 2.66182e-05 3.05348e-05 0.00935716 -0.0171585 3.09733e-05 -0.000290032 -0.0171585 0.0848005 
0.0093621 -0.0171633 3.77324e-05 3.60525e-05 -0.0171633 0.0847761 3.79721e-05 -0.000321322 3.77324e-05 3.79721e-05 0.00936223 -0.0171707 3.60525e-05 -0.000321322 -0.0171707 0.0847886 
0.00939524 -0.017231 4.16927e-05 2.39075e-05 -0.017231 0.0850845 2.75805e-05 -0.000318055 4.16927e-05 2.75805e-05 0.00940479 -0.0172492 2.39075e-05 -0.000318055 -0.0172492 0.0851372 
0.00945362 -0.0173104 4.61846e-05 2.01226e-05 -0.0173104 0.0854762 2.18317e-05 -0.000307051 4.61846e-05 2.18317e-05 0.00943251 -0.0173407 2.01226e-05 -0.000307051 -0.0173407 0.0855649 
0.00949685 -0.0173982 4.07787e-05 1.88931e-05 -0.0173982 0.0858306 2.04212e-05 -0.000305533 4.07787e-05 2.04212e-05 0.00945483 -0.0173775 1.88931e-05 -0.000305533 -0.0173775 0.085838 
0.00950074 -0.0174223 3.10337e-05 2.77027e-05 -0.0174223 0.0859281 2.89766e-05 -0.00032271 3.10337e-05 2.89766e-05 0.00945813 -0.0173665 2.77027e-05 -0.00032271 -0.0173665 0.0858227 
0.00947544 -0.0173831 3.69146e-05 3.96837e-05 -0.0173831 0.0857662 4.13725e-05 -0.00035114 3.69146e-05 4.13725e-05 0.00946386 -0.0173297 3.96837e-05 -0.00035114 -0.0173297 0.085621 
0.0095144 -0.0174215 5.21529e-05 3.64342e-05 -0.0174215 0.0859759 3.58487e-05 -0.000363436 5.21529e-05 3.58487e-05 0.00948879 -0.0174009 3.64342e-05 -0.000363436 -0.0174009 0.0858659 
0.00953783 -0.017488 5.56462e-05 1.46142e-05 -0.017488 0.0862344 1.2493e-05 -0.000325909 5.56462e-05 1.2493e-05 0.00952916 -0.0174524 1.46142e-05 -0.000325909 -0.0174524 0.0861281 
0.00956675 -0.0175418 6.55294e-05 7.74755e-06 -0.0175418 0.0865232 7.6255e-06 -0.000295483 6.55294e-05 7.6255e-06 0.00956438 -0.0175256 7.74755e-06 -0.000295483 -0.0175256 0.0864359 
0.00952953 -0.0175231 6.70463e-05 -2.41822e-06 -0.0175231 0.0864415 -1.48009e-06 -0.000273287 6.70463e-05 -1.48009e-06 0.00959404 -0.0175146 -2.41822e-06 -0.000273287 -0.0175146 0.0863772 
0.0095354 -0.0174945 7.51429e-05 -8.43862e-06 -0.0174945 0.0864187 -7.51204e-06 -0.000250174 7.51429e-05 -7.51204e-06 0.00958703 -0.0175661 -8.43862e-06 -0.000250174 -0.0175661 0.0864832 
0.00954995 -0.0174955 6.78242e-05 -2.08167e-05 -0.0174955 0.086402 -1.65284e-05 -0.000224708 6.78242e-05 -1.65284e-05 0.00955761 -0.017566 -2.08167e-05 -0.000224708 -0.017566 0.0865497 
0.00957442 -0.0174829 7.95488e-05 -1.52496e-05 -0.0174829 0.0862774 -6.8539e-06 -0.000224127 7.95488e-05 -6.8539e-06 0.0094866 -0.017495 -1.52496e-05 -0.000224127 -0.017495 0.0863514 
0.00955679 -0.0175196 8.12053e-05 -2.35754e-05 -0.0175196 0.0862981 -1.50717e-05 -0.000221286 8.12053e-05 -1.50717e-05 0.00948596 -0.0174047 -2.35754e-05 -0.000221286 -0.0174047 0.086116 
0.00951046 -0.0174743 6.31265e-05 -2.02751e-05 -0.0174743 0.0861528 -1.68944e-05 -0.000221787 6.31265e-05 -1.68944e-05 0.00950309 -0.0173712 -2.02751e-05 -0.000221787 -0.0173712 0.0858558 
0.00950653 -0.0173964 5.78532e-05 6.5153e-06 -0.0173964 0.0858912 3.32234e-06 -0.000262645 5.78532e-05 3.32234e-06 0.00949079 -0.0173836 6.5153e-06 -0.000262645 -0.0173836 0.0857297 
0.00953957 -0.017455 6.54655e-05 1.34958e-05 -0.017455 0.0860786 7.62242e-06 -0.000292719 6.54655e-05 7.62242e-06 0.00951148 -0.0174443 1.34958e-05 -0.000292719 -0.0174443 0.0860121 
0.00956207 -0.0175248 5.64965e-05 5.40457e-06 -0.0175248 0.0863676 3.93728e-06 -0.00029822 5.64965e-05 3.93728e-06 0.00954469 -0.0174919 5.40457e-06 -0.00029822 -0.0174919 0.0862828 
0.00959405 -0.0175955 5.46953e-05 1.76653e-05 -0.0175955 0.0867413 2.1346e-05 -0.000324461 5.46953e-05 2.1346e-05 0.00959529 -0.0175657 1.76653e-05 -0.000324461 -0.0175657 0.0866332 
0.00963903 -0.0176486 5.44738e-05 1.98892e-05 -0.0176486 0.0870389 2.60991e-05 -0.000347968 5.44738e-05 2.60991e-05 0.00962981 -0.0176407 1.98892e-05 -0.000347968 -0.0176407 0.086957 
0.009682 -0.0177121 5.41409e-05 2.14431e-05 -0.0177121 0.0873102 2.79176e-05 -0.000361393 5.41409e-05 2.79176e-05 0.0096467 -0.0176979 2.14431e-05 -0.000361393 -0.0176979 0.0872416 
0.00969065 -0.0177269 5.11515e-05 2.00107e-05 -0.0177269 0.0873335 2.75075e-05 -0.000363227 5.11515e-05 2.75075e-05 0.00963354 -0.0176791 2.00107e-05 -0.000363227 -0.0176791 0.0872106 
0.00964931 -0.0176538 4.64605e-05 2.5028e-05 -0.0176538 0.0869501 2.69974e-05 -0.000364343 4.64605e-05 2.69974e-05 0.00958573 -0.0175766 2.5028e-05 -0.000364343 -0.0175766 0.0867506 
0.00960822 -0.0176082 3.70185e-05 3.34199e-05 -0.0176082 0.0867217 2.77179e-05 -0.000372501 3.70185e-05 2.77179e-05 0.00958078 -0.0175253 3.34199e-05 -0.000372501 -0.0175253 0.0864833 
0.00958388 -0.0175671 4.54959e-05 4.72319e-05 -0.0175671 0.0865719 3.77661e-05 -0.000394581 4.54959e-05 3.77661e-05 0.00958627 -0.01752 4.72319e-05 -0.000394581 -0.01752 0.0863666 
0.00956021 -0.0175052 6.19056e-05 3.61981e-05 -0.0175052 0.086296 2.50083e-05 -0.000385792 6.19056e-05 2.50083e-05 0.00956085 -0.017498 3.61981e-05 -0.000385792 -0.017498 0.08618 
0.00950074 -0.017433 6.78404e-05 1.13444e-05 -0.017433 0.0859157 5.09049e-06 -0.000339341 6.78404e-05 5.09049e-06 0.00953063 -0.0174306 1.13444e-05 -0.000339341 -0.0174306 0.0858551 
0.00946025 -0.0173645 6.94951e-05 -2.64088e-06 -0.0173645 0.0856483 -1.3651e-06 -0.000298138 6.94951e-05 -1.3651e-06 0.00950322 -0.017396 -2.64088e-06 -0.000298138 -0.017396 0.0856516 
0.00947313 -0.0173651 5.76827e-05 -4.95294e-06 -0.0173651 0.0856947 -4.18413e-06 -0.000278062 5.76827e-05 -4.18413e-06 0.00950518 -0.0174144 -4.95294e-06 -0.000278062 -0.0174144 0.0857551 
0.00951788 -0.0174461 3.60316e-05 1.26825e-05 -0.0174461 0.086068 7.48929e-06 -0.000294362 3.60316e-05 7.48929e-06 0.00951729 -0.017486 1.26825e-05 -0.000294362 -0.017486 0.0861422 
0.00957157 -0.0174777 4.53103e-05 4.38838e-05 -0.0174777 0.0862246 3.47022e-05 -0.00035277 4.53103e-05 3.47022e-05 0.00948547 -0.0174893 4.38838e-05 -0.00035277 -0.0174893 0.0862727 
0.00957197 -0.017508 6.89182e-05 3.87518e-05 -0.017508 0.0862364 2.66662e-05 -0.000374306 6.89182e-05 2.66662e-05 0.00947743 -0.0174232 3.87518e-05 -0.000374306 -0.0174232 0.0861366 
0.00959274 -0.0175564 6.93499e-05 9.3412e-06 -0.0175564 0.0864783 -2.87521e-06 -0.000332578 6.93499e-05 -2.87521e-06 0.00949697 -0.0174541 9.3412e-06 -0.000332578 -0.0174541 0.08627 
0.00959199 -0.0175902 5.97971e-05 9.29776e-06 -0.0175902 0.0866599 -1.89831e-06 -0.000312232 5.97971e-05 -1.89831e-06 0.00953502 -0.0174835 9.29776e-06 -0.000312232 -0.0174835 0.0864124 
0.0095725 -0.017562 5.34638e-05 1.78162e-05 -0.017562 0.0866054 1.21855e-05 -0.000324943 5.34638e-05 1.21855e-05 0.00955004 -0.0175013 1.78162e-05 -0.000324943 -0.0175013 0.0864169 
0.00951861 -0.0174677 5.20873e-05 2.62075e-05 -0.0174677 0.0861952 2.58432e-05 -0.000352586 5.20873e-05 2.58432e-05 0.00953507 -0.0174501 2.62075e-05 -0.000352586 -0.0174501 0.0861101 
0.00945973 -0.0173667 5.88873e-05 2.71097e-05 -0.0173667 0.0857448 2.41856e-05 -0.00036087 5.88873e-05 2.41856e-05 0.00951568 -0.0174066 2.71097e-05 -0.00036087 -0.0174066 0.0858065 
0.00943711 -0.017305 7.25546e-05 1.57856e-05 -0.017305 0.0854863 1.06016e-05 -0.000337307 7.25546e-05 1.06016e-05 0.00949301 -0.0174017 1.57856e-05 -0.000337307 -0.0174017 0.0857096 
0.00945834 -0.0172857 8.82127e-05 -7.11667e-06 -0.0172857 0.0853743 -9.67707e-06 -0.000285698 8.82127e-05 -9.67707e-06 0.00944333 -0.0173913 -7.11667e-06 -0.000285698 -0.0173913 0.0856929 
0.00943766 -0.0172744 8.03269e-05 -3.64422e-05 -0.0172744 0.0851683 -3.38418e-05 -0.000209586 8.03269e-05 -3.38418e-05 0.00939365 -0.0172801 -3.64422e-05 -0.000209586 -0.0172801 0.0853499 
0.00942384 -0.0172534 6.27142e-05 -3.21411e-05 -0.0172534 0.0850606 -2.79266e-05 -0.000177056 6.27142e-05 -2.79266e-05 0.00936498 -0.0172193 -3.21411e-05 -0.000177056 -0.0172193 0.0850972 
0.00943384 -0.0172476 6.53495e-05 -4.37487e-06 -0.0172476 0.0850306 -1.657e-06 -0.000217293 6.53495e-05 -1.657e-06 0.00934161 -0.0171943 -4.37487e-06 -0.000217293 -0.0171943 0.0849849 
0.00945627 -0.0172938 5.98786e-05 7.49091e-08 -0.0172938 0.0851971 -8.74914e-07 -0.000250242 5.98786e-05 -8.74914e-07 0.00934622 -0.0171988 7.49091e-08 -0.000250242 -0.0171988 0.0850564 
0.00947868 -0.0173804 5.61267e-05 7.1254e-06 -0.0173804 0.0856002 3.32955e-06 -0.000267772 5.61267e-05 3.32955e-06 0.0093957 -0.0172583 7.1254e-06 -0.000267772 -0.0172583 0.0853701 
0.00951537 -0.0174723 6.73999e-05 1.37047e-05 -0.0174723 0.0861342 6.30112e-06 -0.000283538 6.73999e-05 6.30112e-06 0.00947021 -0.0173741 1.37047e-05 -0.000283538 -0.0173741 0.0858929 
0.00949053 -0.0174504 6.44452e-05 3.52861e-06 -0.0174504 0.0861343 -2.84411e-06 -0.000278621 6.44452e-05 -2.84411e-06 0.00950873 -0.0174155 3.52861e-06 -0.000278621 -0.0174155 0.086019 
0.00947203 -0.0173763 8.92751e-05 -1.36231e-06 -0.0173763 0.0858864 -2.28458e-06 -0.000263302 8.92751e-05 -2.28458e-06 0.00949854 -0.0174292 -1.36231e-06 -0.000263302 -0.0174292 0.0859806 
0.00947408 -0.0173128 9.06779e-05 -3.64464e-05 -0.0173128 0.0855592 -3.67981e-05 -0.000199138 9.06779e-05 -3.67981e-05 0.00944466 -0.0173927 -3.64464e-05 -0.000199138 -0.0173927 0.0858101 
0.00946444 -0.017308 8.35731e-05 -3.6701e-05 -0.017308 0.0853917 -4.25449e-05 -0.000159118 8.35731e-05 -4.25449e-05 0.00942629 -0.0173271 -3.6701e-05 -0.000159118 -0.0173271 0.0856172 
0.00946155 -0.0173142 5.53768e-05 -2.41737e-05 -0.0173142 0.0853871 -3.63633e-05 -0.000162455 5.53768e-05 -3.63633e-05 0.00942785 -0.0173173 -2.41737e-05 -0.000162455 -0.0173173 0.0855545 
0.00947078 -0.0173359 4.05192e-05 1.15529e-05 -0.0173359 0.085496 -2.59996e-06 -0.000221556 4.05192e-05 -2.59996e-06 0.00943325 -0.0173443 1.15529e-05 -0.000221556 -0.0173443 0.0856563 
0.00947038 -0.0173588 5.00668e-05 2.91826e-05 -0.0173588 0.085612 1.84573e-05 -0.000283211 5.00668e-05 1.84573e-05 0.00944097 -0.0173576 2.91826e-05 -0.000283211 -0.0173576 0.0857531 
0.00950402 -0.0174213 6.81899e-05 1.64681e-05 -0.0174213 0.085967 1.00012e-05 -0.000291427 6.81899e-05 1.00012e-05 0.00945683 -0.0174214 1.64681e-05 -0.000291427 -0.0174214 0.0860898 
0.0095039 -0.0174192 8.05237e-05 -1.13548e-05 -0.0174192 0.0859817 -1.38291e-05 -0.000243398 8.05237e-05 -1.38291e-05 0.00944705 -0.0173941 -1.13548e-05 -0.000243398 -0.0173941 0.0860524 
0.00947212 -0.0173445 9.486e-05 -3.0157e-05 -0.0173445 0.0856205 -3.12238e-05 -0.000186272 9.486e-05 -3.12238e-05 0.00940507 -0.0173001 -3.0157e-05 -0.000186272 -0.0173001 0.085626 
0.0094514 -0.0173349 0.000107052 -4.75892e-05 -0.0173349 0.0855401 -5.05749e-05 -0.000134933 0.000107052 -5.05749e-05 0.00940257 -0.0172756 -4.75892e-05 -0.000134933 -0.0172756 0.0854945 
0.00935935 -0.0172365 8.74423e-05 -5.92466e-05 -0.0172365 0.0851019 -6.33478e-05 -9.56405e-05 8.74423e-05 -6.33478e-05 0.00940433 -0.0171989 -5.92466e-05 -9.56405e-05 -0.0171989 0.0850685 
0.00932428 -0.0171388 7.94379e-05 -4.00228e-05 -0.0171388 0.0848116 -4.11674e-05 -0.000107939 7.94379e-05 -4.11674e-05 0.00939685 -0.0172302 -4.00228e-05 -0.000107939 -0.0172302 0.0850091 
0.00930839 -0.0170801 7.50607e-05 -2.91294e-05 -0.0170801 0.0845491 -2.69857e-05 -0.000141709 7.50607e-05 -2.69857e-05 0.0093808 -0.0172309 -2.91294e-05 -0.000141709 -0.0172309 0.0849914 
0.00932224 -0.0170721 6.75452e-05 -2.19464e-05 -0.0170721 0.084467 -2.14281e-05 -0.000166168 6.75452e-05 -2.14281e-05 0.00936896 -0.0172264 -2.19464e-05 -0.000166168 -0.0172264 0.0850101 
0.00931587 -0.017074 6.37132e-05 -1.03659e-05 -0.017074 0.084373 -1.40635e-05 -0.000189768 6.37132e-05 -1.40635e-05 0.00935449 -0.0171853 -1.03659e-05 -0.000189768 -0.0171853 0.084867 
0.00933166 -0.0170833 6.77171e-05 -4.66498e-06 -0.0170833 0.0843993 -6.43964e-06 -0.000213287 6.77171e-05 -6.43964e-06 0.00934509 -0.0171818 -4.66498e-06 -0.000213287 -0.0171818 0.0848394 
0.00936227 -0.0171309 8.01044e-05 -1.19441e-05 -0.0171309 0.0845687 -1.04949e-05 -0.000211776 8.01044e-05 -1.04949e-05 0.00935363 -0.0171936 -1.19441e-05 -0.000211776 -0.0171936 0.0849256 
0.00937055 -0.0171793 7.90999e-05 -2.99069e-05 -0.0171793 0.0847523 -2.58633e-05 -0.000180965 7.90999e-05 -2.58633e-05 0.00937885 -0.0172115 -2.99069e-05 -0.000180965 -0.0172115 0.0850185 
0.00937322 -0.0171774 7.3805e-05 -3.23975e-05 -0.0171774 0.0847834 -2.67338e-05 -0.000160539 7.3805e-05 -2.67338e-05 0.00937544 -0.0172274 -3.23975e-05 -0.000160539 -0.0172274 0.085035 
0.00936925 -0.0171801 4.15534e-05 -2.5065e-05 -0.0171801 0.084791 -1.78417e-05 -0.000170173 4.15534e-05 -1.78417e-05 0.00938019 -0.0172197 -2.5065e-05 -0.000170173 -0.0172197 0.0850234 
0.0093517 -0.0171398 1.80365e-05 1.29777e-05 -0.0171398 0.0846067 2.16336e-05 -0.000235341 1.80365e-05 2.16336e-05 0.00937111 -0.0171847 1.29777e-05 -0.000235341 -0.0171847 0.0848264 
0.00940456 -0.0171894 2.57298e-05 4.97436e-05 -0.0171894 0.0848248 5.74373e-05 -0.000335045 2.57298e-05 5.74373e-05 0.00936955 -0.0172348 4.97436e-05 -0.000335045 -0.0172348 0.0850293 
0.00946266 -0.0173032 4.41854e-05 4.66623e-05 -0.0173032 0.0852627 4.99658e-05 -0.000374855 4.41854e-05 4.99658e-05 0.00938668 -0.017279 4.66623e-05 -0.000374855 -0.017279 0.0853467 
0.00949081 -0.0173808 5.09516e-05 2.22947e-05 -0.0173808 0.0856048 2.35983e-05 -0.000342249 5.09516e-05 2.35983e-05 0.00939104 -0.0172999 2.22947e-05 -0.000342249 -0.0172999 0.0855268 
0.00949193 -0.0174045 4.67674e-05 1.13506e-05 -0.0174045 0.085763 1.08646e-05 -0.000299697 4.67674e-05 1.08646e-05 0.00939995 -0.0172985 1.13506e-05 -0.000299697 -0.0172985 0.0855858 
0.00951183 -0.017433 6.04006e-05 1.97087e-05 -0.017433 0.08597 1.46938e-05 -0.000295348 6.04006e-05 1.46938e-05 0.00942014 -0.0173354 1.97087e-05 -0.000295348 -0.0173354 0.085772 
0.00950272 -0.0173937 8.37907e-05 4.30701e-06 -0.0173937 0.0857972 -4.29445e-06 -0.000268889 8.37907e-05 -4.29445e-06 0.00940857 -0.0173013 4.30701e-06 -0.000268889 -0.0173013 0.0856143 
0.00945472 -0.0173516 8.52256e-05 -2.50627e-05 -0.0173516 0.0855689 -3.34828e-05 -0.000207429 8.52256e-05 -3.34828e-05 0.00942907 -0.0172703 -2.50627e-05 -0.000207429 -0.0172703 0.0854277 
0.00943156 -0.0173139 6.04936e-05 -3.07577e-05 -0.0173139 0.0854735 -3.41906e-05 -0.000172678 6.04936e-05 -3.41906e-05 0.00944789 -0.0173112 -3.07577e-05 -0.000172678 -0.0173112 0.0854648 
0.00945393 -0.0173181 5.5019e-05 -2.88181e-06 -0.0173181 0.085544 -7.05978e-06 -0.000202261 5.5019e-05 -7.05978e-06 0.00945005 -0.0173708 -2.88181e-06 -0.000202261 -0.0173708 0.0856965 
0.00945355 -0.0173154 5.38005e-05 8.8361e-06 -0.0173154 0.0854771 -1.14914e-06 -0.000237339 5.38005e-05 -1.14914e-06 0.00943976 -0.0173474 8.8361e-06 -0.000237339 -0.0173474 0.0856659 
0.00944553 -0.0173107 5.37491e-05 7.22899e-06 -0.0173107 0.0854376 -4.07471e-06 -0.000239396 5.37491e-05 -4.07471e-06 0.00944474 -0.0173338 7.22899e-06 -0.000239396 -0.0173338 0.0856167 
0.00943992 -0.0172975 5.61571e-05 8.53859e-06 -0.0172975 0.0853884 1.43406e-06 -0.000246659 5.61571e-05 1.43406e-06 0.00945454 -0.0173416 8.53859e-06 -0.000246659 -0.0173416 0.0856062 
0.00943948 -0.0173035 5.00895e-05 8.43622e-06 -0.0173035 0.0854218 8.89862e-06 -0.000265018 5.00895e-05 8.89862e-06 0.00947414 -0.0173743 8.43622e-06 -0.000265018 -0.0173743 0.0857156 
0.00947419 -0.0173129 4.9764e-05 1.40709e-05 -0.0173129 0.0854931 1.75959e-05 -0.000283218 4.9764e-05 1.75959e-05 0.00946984 -0.0174195 1.40709e-05 -0.000283218 -0.0174195 0.0858911 
0.0094952 -0.0173441 4.83975e-05 2.06173e-05 -0.0173441 0.0855401 2.12511e-05 -0.000307516 4.83975e-05 2.12511e-05 0.00945965 -0.0174114 2.06173e-05 -0.000307516 -0.0174114 0.0859363 
0.0094915 -0.0173453 6.11887e-05 2.78823e-05 -0.0173453 0.0854696 2.61421e-05 -0.00033221 6.11887e-05 2.61421e-05 0.0094301 -0.0173596 2.78823e-05 -0.00033221 -0.0173596 0.0857522 
0.0094402 -0.0173058 7.46906e-05 1.05558e-05 -0.0173058 0.0852489 8.20143e-06 -0.000311983 7.46906e-05 8.20143e-06 0.00942261 -0.0172825 1.05558e-05 -0.000311983 -0.0172825 0.085417 
0.00944839 -0.0173152 8.58443e-05 -6.05384e-06 -0.0173152 0.085393 -7.4225e-06 -0.000277368 8.58443e-05 -7.4225e-06 0.00944513 -0.0173381 -6.05384e-06 -0.000277368 -0.0173381 0.0855786 
0.00945639 -0.0172946 6.84163e-05 -2.46152e-05 -0.0172946 0.0853278 -2.49527e-05 -0.000227717 6.84163e-05 -2.49527e-05 0.00942998 -0.0173478 -2.46152e-05 -0.000227717 -0.0173478 0.0856017 
0.00949876 -0.0173368 4.79682e-05 -6.28037e-06 -0.0173368 0.0854866 -6.15957e-06 -0.000231722 4.79682e-05 -6.15957e-06 0.00941674 -0.0173724 -6.28037e-06 -0.000231722 -0.0173724 0.0857855 
0.00952256 -0.0174092 2.84335e-05 2.22628e-05 -0.0174092 0.0857304 2.143e-05 -0.000288366 2.84335e-05 2.143e-05 0.00941782 -0.0173623 2.22628e-05 -0.000288366 -0.0173623 0.0858879 
0.00952341 -0.017415 3.0524e-05 4.50761e-05 -0.017415 0.085777 4.30501e-05 -0.000345836 3.0524e-05 4.30501e-05 0.00941465 -0.0173381 4.50761e-05 -0.000345836 -0.0173381 0.0858129 
0.0095104 -0.0173697 4.4528e-05 4.07524e-05 -0.0173697 0.0855718 3.74778e-05 -0.00035553 4.4528e-05 3.74778e-05 0.00939029 -0.0172908 4.07524e-05 -0.00035553 -0.0172908 0.0855642 
0.00951755 -0.0174107 6.34893e-05 2.5136e-05 -0.0174107 0.0857296 2.13958e-05 -0.000331799 6.34893e-05 2.13958e-05 0.00940512 -0.0173158 2.5136e-05 -0.000331799 -0.0173158 0.0856859 
0.00946392 -0.0173777 7.48038e-05 -9.02239e-07 -0.0173777 0.0856046 -2.77762e-06 -0.000276633 7.48038e-05 -2.77762e-06 0.00942455 -0.017284 -9.02239e-07 -0.000276633 -0.017284 0.0855334 
0.00943108 -0.0173019 7.21882e-05 -1.74729e-05 -0.0173019 0.0853961 -1.70946e-05 -0.00022862 7.21882e-05 -1.70946e-05 0.0094222 -0.0172995 -1.74729e-05 -0.00022862 -0.0172995 0.085458 
0.00939897 -0.017199 8.89911e-05 -1.78552e-05 -0.017199 0.0849355 -1.5493e-05 -0.000206845 8.89911e-05 -1.5493e-05 0.00937287 -0.017243 -1.78552e-05 -0.000206845 -0.017243 0.0851512 
0.0093845 -0.0171948 8.92153e-05 -3.89579e-05 -0.0171948 0.0848502 -3.93663e-05 -0.000163213 8.92153e-05 -3.93663e-05 0.00937468 -0.0172246 -3.89579e-05 -0.000163213 -0.0172246 0.0851093 
0.00937135 -0.0171599 7.0457e-05 -3.96699e-05 -0.0171599 0.0847088 -4.33771e-05 -0.00013454 7.0457e-05 -4.33771e-05 0.0093579 -0.0172115 -3.96699e-05 -0.00013454 -0.0172115 0.0850082 
0.00937039 -0.0171609 6.16163e-05 -1.87552e-05 -0.0171609 0.0846874 -2.33708e-05 -0.000154039 6.16163e-05 -2.33708e-05 0.0093415 -0.0171977 -1.87552e-05 -0.000154039 -0.0171977 0.0849748 
0.00937692 -0.0171586 4.37444e-05 -9.66085e-07 -0.0171586 0.0846616 -8.57304e-06 -0.000199472 4.37444e-05 -8.57304e-06 0.00931766 -0.0171681 -9.66085e-07 -0.000199472 -0.0171681 0.0848867 
0.0093617 -0.0171528 3.43044e-05 2.09133e-05 -0.0171528 0.084596 9.79208e-06 -0.000245602 3.43044e-05 9.79208e-06 0.00931051 -0.0171261 2.09133e-05 -0.000245602 -0.0171261 0.0847364 
0.00939399 -0.0171915 4.22418e-05 2.88234e-05 -0.0171915 0.0848134 2.20037e-05 -0.000278799 4.22418e-05 2.20037e-05 0.00932068 -0.0171664 2.88234e-05 -0.000278799 -0.0171664 0.0849053 
