0.00692314 0 -7.85586e-05 0 0 0.00988221 0 0 -7.85586e-05 0 0.00704632 0 0 0 0 0.00988221 
0.00948604 -0.0117774 -8.12272e-05 9.70621e-05 -0.0117774 0.0313269 9.70621e-05 -0.000185856 -8.12272e-05 9.70621e-05 0.00960523 -0.01192 9.70621e-05 -0.000185856 -0.01192 0.0316009 
0.0098224 -0.0183637 -5.14272e-05 3.66331e-05 -0.0183637 0.0677239 3.66331e-05 -9.09323e-05 -5.14272e-05 3.66331e-05 0.00988839 -0.0184084 3.66331e-05 -9.09323e-05 -0.0184084 0.0678249 
0.00930138 -0.0180739 -6.21567e-05 -4.99567e-05 -0.0180739 0.0812358 -5.76742e-05 0.000405004 -6.21567e-05 -5.76742e-05 0.00932338 -0.0179383 -4.99567e-05 0.000405004 -0.0179383 0.0803782 
0.00901171 -0.0169336 -6.8542e-05 -1.6014e-05 -0.0169336 0.0820046 -3.31315e-05 0.000544057 -6.8542e-05 -3.31315e-05 0.00899525 -0.0167643 -1.6014e-05 0.000544057 -0.0167643 0.0806971 
0.00921267 -0.017078 -7.15305e-05 1.83727e-05 -0.017078 0.0840962 3.78575e-06 0.00041428 -7.15305e-05 3.78575e-06 0.0092599 -0.0169025 1.83727e-05 0.00041428 -0.0169025 0.0828304 
0.00938188 -0.0172968 -5.75996e-05 3.01433e-05 -0.0172968 0.0854839 2.31964e-05 0.000260564 -5.75996e-05 2.31964e-05 0.00944939 -0.0172101 3.01433e-05 0.000260564 -0.0172101 0.0845018 
0.00954112 -0.0176149 -6.16746e-05 1.52956e-05 -0.0176149 0.0870981 1.33988e-05 0.000195444 -6.16746e-05 1.33988e-05 0.00965375 -0.017561 1.52956e-05 0.000195444 -0.017561 0.0863487 
0.00928009 -0.0171315 -5.80282e-05 1.47018e-05 -0.0171315 0.0848103 8.84223e-06 0.000175616 -5.80282e-05 8.84223e-06 0.00942608 -0.0171288 1.47018e-05 0.000175616 -0.0171288 0.0842533 
0.00956574 -0.0176489 -4.03734e-05 1.12035e-05 -0.0176489 0.0874211 1.15305e-06 0.000187451 -4.03734e-05 1.15305e-06 0.0097413 -0.0176988 1.12035e-05 0.000187451 -0.0176988 0.0870071 
0.00951079 -0.0175451 -8.25695e-06 -1.36842e-05 -0.0175451 0.0869108 -2.14601e-05 0.000227468 -8.25695e-06 -2.14601e-05 0.00969728 -0.0176352 -1.36842e-05 0.000227468 -0.0176352 0.0866351 
0.00950184 -0.0175323 -7.84636e-06 -5.06587e-05 -0.0175323 0.0868423 -5.50512e-05 0.00029986 -7.84636e-06 -5.50512e-05 0.00969249 -0.0176395 -5.06587e-05 0.00029986 -0.0176395 0.0866493 
0.0094911 -0.0175157 -2.60752e-05 -5.25289e-05 -0.0175157 0.0867561 -5.29833e-05 0.000330414 -2.60752e-05 -5.29833e-05 0.00968219 -0.0176212 -5.25289e-05 0.000330414 -0.0176212 0.0865821 
0.0094767 -0.0174603 -3.6865e-05 -3.10839e-05 -0.0174603 0.0864878 -2.81833e-05 0.000298709 -3.6865e-05 -2.81833e-05 0.00965502 -0.0175701 -3.10839e-05 0.000298709 -0.0175701 0.0863298 
0.00947458 -0.017423 -5.79116e-05 -1.43673e-05 -0.017423 0.086238 -1.23565e-05 0.00025018 -5.79116e-05 -1.23565e-05 0.00960809 -0.0175181 -1.43673e-05 0.00025018 -0.0175181 0.0860654 
0.00950409 -0.0174905 -6.21301e-05 1.04052e-05 -0.0174905 0.0864522 9.65926e-06 0.000198095 -6.21301e-05 9.65926e-06 0.00959313 -0.0175235 1.04052e-05 0.000198095 -0.0175235 0.0861649 
0.00949931 -0.0174731 -4.74868e-05 1.78386e-05 -0.0174731 0.0863283 1.35206e-05 0.000165225 -4.74868e-05 1.35206e-05 0.009549 -0.017444 1.78386e-05 0.000165225 -0.017444 0.0858817 
0.00947596 -0.0174622 -2.80586e-05 9.09048e-07 -0.0174622 0.0862193 -4.17269e-06 0.00018108 -2.80586e-05 -4.17269e-06 0.00952783 -0.0173725 9.09048e-07 0.00018108 -0.0173725 0.0855944 
0.00944231 -0.0174427 -3.64117e-05 -2.59663e-05 -0.0174427 0.086161 -2.71726e-05 0.00023213 -3.64117e-05 -2.71726e-05 0.0095415 -0.0173526 -2.59663e-05 0.00023213 -0.0173526 0.085457 
0.00938464 -0.0173209 -4.76614e-05 -1.87038e-05 -0.0173209 0.0856684 -1.6357e-05 0.000242234 -4.76614e-05 -1.6357e-05 0.0095185 -0.0172952 -1.87038e-05 0.000242234 -0.0172952 0.0850544 
0.0093959 -0.0173182 -3.7659e-05 -3.36699e-07 -0.0173182 0.0856831 3.85153e-07 0.0002092 -3.7659e-05 3.85153e-07 0.00952591 -0.0173559 -3.36699e-07 0.0002092 -0.0173559 0.0852447 
0.00941119 -0.0173682 -2.05538e-05 -9.1542e-06 -0.0173682 0.0858972 -1.16689e-05 0.000206914 -2.05538e-05 -1.16689e-05 0.00954689 -0.0174089 -9.1542e-06 0.000206914 -0.0174089 0.0855481 
0.0093872 -0.0173361 -1.34076e-05 -2.81084e-05 -0.0173361 0.0857829 -3.12978e-05 0.000237522 -1.34076e-05 -3.12978e-05 0.0095389 -0.0173873 -2.81084e-05 0.000237522 -0.0173873 0.0854851 
0.00939049 -0.0173055 -4.40478e-05 -3.44188e-05 -0.0173055 0.0856879 -3.46738e-05 0.00025433 -4.40478e-05 -3.46738e-05 0.00950204 -0.0173809 -3.44188e-05 0.00025433 -0.0173809 0.0854564 
0.00939824 -0.0173045 -4.95209e-05 -4.04542e-06 -0.0173045 0.0856334 1.40126e-06 0.000213644 -4.95209e-05 1.40126e-06 0.00946974 -0.0173355 -4.04542e-06 0.000213644 -0.0173355 0.0853728 
0.00938571 -0.0172911 -4.94133e-05 4.89889e-06 -0.0172911 0.0855174 1.83279e-05 0.000159676 -4.94133e-05 1.83279e-05 0.00944836 -0.0172691 4.89889e-06 0.000159676 -0.0172691 0.0851483 
0.00939002 -0.0173099 -5.55988e-05 -2.37045e-06 -0.0173099 0.0856163 1.82106e-05 0.000152559 -5.55988e-05 1.82106e-05 0.0094577 -0.0172806 -2.37045e-06 0.000152559 -0.0172806 0.085189 
0.00943544 -0.0173963 -6.93274e-05 3.93023e-07 -0.0173963 0.0860661 2.06255e-05 0.000156836 -6.93274e-05 2.06255e-05 0.0095025 -0.0173722 3.93023e-07 0.000156836 -0.0173722 0.0856294 
0.00944829 -0.0174321 -8.04547e-05 1.62065e-05 -0.0174321 0.0862639 2.94181e-05 0.000144896 -8.04547e-05 2.94181e-05 0.00952899 -0.0174129 1.62065e-05 0.000144896 -0.0174129 0.0858485 
0.00942308 -0.0173702 -7.29343e-05 3.64216e-05 -0.0173702 0.085998 4.00394e-05 0.000111703 -7.29343e-05 4.00394e-05 0.00952283 -0.0173656 3.64216e-05 0.000111703 -0.0173656 0.0856135 
0.00941823 -0.0172987 -7.32807e-05 3.3907e-05 -0.0172987 0.0856362 3.01232e-05 0.000103359 -7.32807e-05 3.01232e-05 0.00947424 -0.0173223 3.3907e-05 0.000103359 -0.0173223 0.0853148 
0.00943122 -0.017314 -7.32314e-05 3.94444e-05 -0.017314 0.0855566 3.17769e-05 9.62958e-05 -7.32314e-05 3.17769e-05 0.00943414 -0.017279 3.94444e-05 9.62958e-05 -0.017279 0.0851677 
0.009435 -0.017368 -5.41859e-05 4.19446e-05 -0.017368 0.0857198 3.20104e-05 8.7174e-05 -5.41859e-05 3.20104e-05 0.00942678 -0.0172544 4.19446e-05 8.7174e-05 -0.0172544 0.0851488 
0.00939498 -0.0173284 -4.78991e-05 2.21331e-05 -0.0173284 0.0855626 1.01815e-05 0.000110968 -4.78991e-05 1.01815e-05 0.00940838 -0.0171854 2.21331e-05 0.000110968 -0.0171854 0.0848422 
0.0093745 -0.0172771 -4.63641e-05 1.02024e-05 -0.0172771 0.0854012 3.85286e-07 0.000144153 -4.63641e-05 3.85286e-07 0.00939554 -0.0171654 1.02024e-05 0.000144153 -0.0171654 0.0846789 
0.00932386 -0.0172183 -2.91692e-05 4.66766e-06 -0.0172183 0.0851136 -4.46331e-07 0.00016238 -2.91692e-05 -4.46331e-07 0.00938328 -0.0171136 4.66766e-06 0.00016238 -0.0171136 0.0844114 
0.00928453 -0.0171629 -2.32944e-05 -1.75295e-05 -0.0171629 0.0849221 -1.65183e-05 0.000194602 -2.32944e-05 -1.65183e-05 0.00939128 -0.0171065 -1.75295e-05 0.000194602 -0.0171065 0.0843028 
0.00928656 -0.0171468 -4.1167e-05 -2.13394e-05 -0.0171468 0.084944 -1.95008e-05 0.000211382 -4.1167e-05 -1.95008e-05 0.00941217 -0.0171738 -2.13394e-05 0.000211382 -0.0171738 0.0845257 
0.00924577 -0.0170858 -6.00017e-05 4.70208e-06 -0.0170858 0.0846592 1.85629e-06 0.000176141 -6.00017e-05 1.85629e-06 0.00940516 -0.0171488 4.70208e-06 0.000176141 -0.0171488 0.0844045 
0.00924936 -0.0170944 -6.42455e-05 3.32367e-05 -0.0170944 0.0847467 2.55692e-05 0.000111312 -6.42455e-05 2.55692e-05 0.00942731 -0.0171985 3.32367e-05 0.000111312 -0.0171985 0.0846134 
0.00927712 -0.0170975 -4.58377e-05 4.15459e-05 -0.0170975 0.0847964 3.25676e-05 6.78929e-05 -4.58377e-05 3.25676e-05 0.00942258 -0.017233 4.15459e-05 6.78929e-05 -0.017233 0.0847749 
0.00928785 -0.0170987 -3.18153e-05 1.70058e-05 -0.0170987 0.0847194 9.43846e-06 9.06312e-05 -3.18153e-05 9.43846e-06 0.00938773 -0.0171971 1.70058e-05 9.06312e-05 -0.0171971 0.0846899 
0.00927153 -0.0171085 -3.27639e-05 -1.76781e-06 -0.0171085 0.0846875 -6.49578e-06 0.000133673 -3.27639e-05 -6.49578e-06 0.0093752 -0.0171448 -1.76781e-06 0.000133673 -0.0171448 0.0845406 
0.00923208 -0.017072 -3.07296e-05 -1.91838e-06 -0.017072 0.0845497 -3.79064e-06 0.000148969 -3.07296e-05 -3.79064e-06 0.00936706 -0.0171003 -1.91838e-06 0.000148969 -0.0171003 0.0843192 
0.00921447 -0.0170478 -3.49245e-05 -4.75092e-06 -0.0170478 0.0845268 -2.74254e-06 0.000149503 -3.49245e-05 -2.74254e-06 0.00936885 -0.0171132 -4.75092e-06 0.000149503 -0.0171132 0.0843247 
0.00962414 -0.0177292 -4.34946e-05 -4.4629e-07 -0.0177292 0.0879774 4.15426e-06 0.000145866 -4.34946e-05 4.15426e-06 0.00972627 -0.0178295 -4.4629e-07 0.000145866 -0.0178295 0.0878481 
0.00967144 -0.0177481 -4.54969e-05 9.4692e-06 -0.0177481 0.0879422 1.48429e-05 0.000122094 -4.54969e-05 1.48429e-05 0.00966365 -0.0177831 9.4692e-06 0.000122094 -0.0177831 0.087757 
0.00968312 -0.017824 -4.97507e-05 1.36087e-05 -0.017824 0.0880956 1.51277e-05 0.000107305 -4.97507e-05 1.51277e-05 0.00965311 -0.0177078 1.36087e-05 0.000107305 -0.0177078 0.0876185 
0.00968407 -0.0178412 -2.83199e-05 1.88586e-05 -0.0178412 0.0881849 1.33941e-05 0.000103815 -2.83199e-05 1.33941e-05 0.00964451 -0.017677 1.88586e-05 0.000103815 -0.017677 0.0874652 
0.00963861 -0.0178115 -2.08761e-05 9.04813e-07 -0.0178115 0.0880596 -1.1439e-05 0.000128827 -2.08761e-05 -1.1439e-05 0.00965905 -0.0176326 9.04813e-07 0.000128827 -0.0176326 0.0872283 
0.0095577 -0.0176781 -3.58556e-05 -5.23428e-06 -0.0176781 0.0875314 -1.93131e-05 0.000150444 -3.58556e-05 -1.93131e-05 0.00964126 -0.0175787 -5.23428e-06 0.000150444 -0.0175787 0.0867936 
0.00951995 -0.0176233 -5.03408e-05 6.77245e-06 -0.0176233 0.0873724 -3.03079e-06 0.000141984 -5.03408e-05 -3.03079e-06 0.00967259 -0.0176276 6.77245e-06 0.000141984 -0.0176276 0.0868842 
0.00952149 -0.0175755 -5.57749e-05 2.6619e-05 -0.0175755 0.0872421 2.32869e-05 9.02716e-05 -5.57749e-05 2.32869e-05 0.00967405 -0.0176882 2.6619e-05 9.02716e-05 -0.0176882 0.0870632 
0.00954116 -0.0175747 -4.86161e-05 3.09338e-05 -0.0175747 0.0871919 3.77657e-05 5.01294e-05 -4.86161e-05 3.77657e-05 0.00965075 -0.0177041 3.09338e-05 5.01294e-05 -0.0177041 0.0871945 
0.00953521 -0.0175513 -3.86842e-05 1.82749e-05 -0.0175513 0.0869725 3.19885e-05 5.04613e-05 -3.86842e-05 3.19885e-05 0.00960703 -0.0176216 1.82749e-05 5.04613e-05 -0.0176216 0.0869361 
0.00954263 -0.0176047 -3.48214e-05 1.15499e-06 -0.0176047 0.0871496 1.41196e-05 8.84961e-05 -3.48214e-05 1.41196e-05 0.00962228 -0.017615 1.15499e-06 8.84961e-05 -0.017615 0.0869737 
0.00958917 -0.0176694 -4.07605e-05 -1.97093e-06 -0.0176694 0.0875127 1.00069e-05 0.000111462 -4.07605e-05 1.00069e-05 0.00964705 -0.0176848 -1.97093e-06 0.000111462 -0.0176848 0.0872782 
0.00962734 -0.0177454 -6.52809e-05 3.57624e-06 -0.0177454 0.0878505 1.28755e-05 0.000116409 -6.52809e-05 1.28755e-05 0.00966822 -0.017731 3.57624e-06 0.000116409 -0.017731 0.0875553 
0.00962924 -0.017771 -7.33708e-05 3.70929e-05 -0.017771 0.0879665 4.12942e-05 6.79908e-05 -7.33708e-05 4.12942e-05 0.00968681 -0.0177273 3.70929e-05 6.79908e-05 -0.0177273 0.0875858 
0.00957697 -0.0176867 -7.04382e-05 4.69214e-05 -0.0176867 0.0875885 4.59299e-05 3.47544e-05 -7.04382e-05 4.59299e-05 0.00966477 -0.0176553 4.69214e-05 3.47544e-05 -0.0176553 0.0871796 
0.00956109 -0.0176272 -7.88433e-05 4.24941e-05 -0.0176272 0.0873315 4.04202e-05 3.45715e-05 -7.88433e-05 4.04202e-05 0.00964624 -0.0176309 4.24941e-05 3.45715e-05 -0.0176309 0.0869708 
0.00958258 -0.0176592 -7.63654e-05 5.32811e-05 -0.0176592 0.0874386 4.78551e-05 2.70767e-05 -7.63654e-05 4.78551e-05 0.00966133 -0.0176653 5.32811e-05 2.70767e-05 -0.0176653 0.0871126 
0.00961907 -0.0177567 -5.17349e-05 4.76455e-05 -0.0177567 0.0878783 4.43384e-05 3.11493e-05 -5.17349e-05 4.43384e-05 0.00970141 -0.0177521 4.76455e-05 3.11493e-05 -0.0177521 0.0875381 
0.00963093 -0.0177918 -4.33454e-05 1.35197e-05 -0.0177918 0.088099 1.70689e-05 8.28008e-05 -4.33454e-05 1.70689e-05 0.00972916 -0.0177901 1.35197e-05 8.28008e-05 -0.0177901 0.0877514 
0.00923836 -0.0170886 -3.51921e-05 -1.09633e-07 -0.0170886 0.0846811 8.51465e-06 0.000122611 -3.51921e-05 8.51465e-06 0.00936617 -0.0171165 -1.09633e-07 0.000122611 -0.0171165 0.0844051 
0.00959227 -0.0177568 -2.6203e-05 -5.87313e-06 -0.0177568 0.0880796 -4.21986e-07 0.000153367 -2.6203e-05 -4.21986e-07 0.00977664 -0.0178318 -5.87313e-06 0.000153367 -0.0178318 0.0879001 
0.00958661 -0.0177067 -2.06239e-05 -1.46093e-05 -0.0177067 0.0879113 -1.56733e-05 0.000179755 -2.06239e-05 -1.56733e-05 0.00976824 -0.0178469 -1.46093e-05 0.000179755 -0.0178469 0.0878823 
0.00961042 -0.0177286 -1.42024e-05 -1.98974e-05 -0.0177286 0.0879704 -2.44419e-05 0.000201773 -1.42024e-05 -2.44419e-05 0.00976988 -0.0178662 -1.98974e-05 0.000201773 -0.0178662 0.0880059 
0.00962685 -0.0177178 -1.28498e-05 -2.32309e-05 -0.0177178 0.0878491 -3.00131e-05 0.000212215 -1.28498e-05 -3.00131e-05 0.00972865 -0.0178231 -2.32309e-05 0.000212215 -0.0178231 0.0878415 
0.00964393 -0.0177679 -2.12669e-05 -2.2894e-05 -0.0177679 0.0879745 -3.17124e-05 0.000215601 -2.12669e-05 -3.17124e-05 0.0097139 -0.0178026 -2.2894e-05 0.000215601 -0.0178026 0.0878322 
0.00964218 -0.0177687 -3.07621e-05 -1.16684e-05 -0.0177687 0.0879583 -1.83493e-05 0.000193197 -3.07621e-05 -1.83493e-05 0.00968675 -0.0177551 -1.16684e-05 0.000193197 -0.0177551 0.0876633 
0.0092529 -0.0170995 -4.07946e-05 -7.13211e-08 -0.0170995 0.084636 -3.13961e-06 0.000152713 -4.07946e-05 -3.13961e-06 0.00932201 -0.0170519 -7.13211e-08 0.000152713 -0.0170519 0.0842343 
0.00922857 -0.0170584 -3.04734e-05 1.39008e-05 -0.0170584 0.0845334 1.14162e-05 0.00011432 -3.04734e-05 1.14162e-05 0.00933863 -0.0170421 1.39008e-05 0.00011432 -0.0170421 0.0841338 
0.00923558 -0.0170426 -2.34312e-05 5.22873e-06 -0.0170426 0.0845179 4.093e-06 0.000103981 -2.34312e-05 4.093e-06 0.00936531 -0.0170853 5.22873e-06 0.000103981 -0.0170853 0.0842317 
0.0092507 -0.0170651 -2.36151e-05 -7.62238e-06 -0.0170651 0.0846028 -5.98392e-06 0.000124547 -2.36151e-05 -5.98392e-06 0.009386 -0.0171428 -7.62238e-06 0.000124547 -0.0171428 0.0844391 
0.0092499 -0.0170545 -2.35341e-05 -9.64304e-06 -0.0170545 0.0845262 -8.32359e-06 0.000140882 -2.35341e-05 -8.32359e-06 0.00937967 -0.0171385 -9.64304e-06 0.000140882 -0.0171385 0.0844184 
0.00930348 -0.0170847 -4.00048e-05 -8.35461e-06 -0.0170847 0.0846407 -1.15601e-05 0.000148035 -4.00048e-05 -1.15601e-05 0.00935372 -0.017159 -8.35461e-06 0.000148035 -0.017159 0.0845301 
0.009317 -0.0171442 -5.77569e-05 1.00927e-05 -0.0171442 0.0847473 6.46525e-07 0.000135113 -5.77569e-05 6.46525e-07 0.00934372 -0.0171075 1.00927e-05 0.000135113 -0.0171075 0.0844415 
0.00932148 -0.0171454 -6.24559e-05 3.4571e-05 -0.0171454 0.0847317 2.21022e-05 8.9181e-05 -6.24559e-05 2.21022e-05 0.00932212 -0.0170632 3.4571e-05 8.9181e-05 -0.0170632 0.0842325 
0.00935986 -0.0172005 -6.85136e-05 4.1591e-05 -0.0172005 0.0849599 3.05745e-05 5.40608e-05 -6.85136e-05 3.05745e-05 0.00931491 -0.0170783 4.1591e-05 5.40608e-05 -0.0170783 0.0843145 
0.00939244 -0.0172562 -6.56968e-05 4.95744e-05 -0.0172562 0.0851654 4.19325e-05 2.48414e-05 -6.56968e-05 4.19325e-05 0.00930628 -0.017071 4.95744e-05 2.48414e-05 -0.017071 0.0843535 
0.00940735 -0.0173171 -5.30088e-05 4.32652e-05 -0.0173171 0.0854122 3.83105e-05 2.30917e-05 -5.30088e-05 3.83105e-05 0.00933451 -0.0170737 4.32652e-05 2.30917e-05 -0.0170737 0.0844272 
0.00939572 -0.0173553 -3.57744e-05 2.27023e-05 -0.0173553 0.0856364 2.43045e-05 5.47744e-05 -3.57744e-05 2.43045e-05 0.00939489 -0.0171148 2.27023e-05 5.47744e-05 -0.0171148 0.0845623 
0.00940005 -0.0173465 -2.40055e-05 -1.7495e-06 -0.0173465 0.0857405 4.44031e-06 0.000105855 -2.40055e-05 4.44031e-06 0.00943984 -0.0171973 -1.7495e-06 0.000105855 -0.0171973 0.0847839 
0.00941209 -0.0173738 -4.18777e-05 -2.05915e-05 -0.0173738 0.085916 -1.21136e-05 0.000159126 -4.18777e-05 -1.21136e-05 0.00948448 -0.0172912 -2.05915e-05 0.000159126 -0.0172912 0.0851495 
0.00943531 -0.0173999 -5.50931e-05 -8.69241e-07 -0.0173999 0.0860934 5.70325e-06 0.000156734 -5.50931e-05 5.70325e-06 0.00951542 -0.0173694 -8.69241e-07 0.000156734 -0.0173694 0.0854983 
0.0094147 -0.0173843 -5.57435e-05 1.63663e-05 -0.0173843 0.0860115 1.96486e-05 0.000125922 -5.57435e-05 1.96486e-05 0.00951548 -0.0173666 1.63663e-05 0.000125922 -0.0173666 0.0855101 
0.00942896 -0.0174136 -3.72845e-05 1.59856e-05 -0.0174136 0.0862099 1.9271e-05 0.000116276 -3.72845e-05 1.9271e-05 0.0095349 -0.0174177 1.59856e-05 0.000116276 -0.0174177 0.0857666 
0.00944092 -0.0174127 -3.70327e-05 -5.83351e-06 -0.0174127 0.0862417 -3.24224e-06 0.000148916 -3.70327e-05 -3.24224e-06 0.00952392 -0.0174221 -5.83351e-06 0.000148916 -0.0174221 0.0858307 
0.00939514 -0.0173489 -3.93707e-05 -5.56229e-06 -0.0173489 0.0858918 -5.17718e-06 0.000169346 -3.93707e-05 -5.17718e-06 0.00949553 -0.0173224 -5.56229e-06 0.000169346 -0.0173224 0.0854294 
0.00934033 -0.0172463 -5.52942e-05 -1.09242e-06 -0.0172463 0.0854243 1.05687e-06 0.000161864 -5.52942e-05 1.05687e-06 0.0094756 -0.0172422 -1.09242e-06 0.000161864 -0.0172422 0.0849679 
0.00935602 -0.0172209 -6.59086e-05 1.81352e-05 -0.0172209 0.0853119 2.36659e-05 0.00012337 -6.59086e-05 2.36659e-05 0.00945461 -0.0172643 1.81352e-05 0.00012337 -0.0172643 0.084948 
0.00939728 -0.0172725 -5.30951e-05 3.09305e-05 -0.0172725 0.0854459 3.93956e-05 8.03536e-05 -5.30951e-05 3.93956e-05 0.00943516 -0.0172735 3.09305e-05 8.03536e-05 -0.0172735 0.0850636 
0.00943163 -0.0173655 -4.29189e-05 1.46892e-05 -0.0173655 0.0857941 2.10601e-05 9.28214e-05 -4.29189e-05 2.10601e-05 0.00944653 -0.0172879 1.46892e-05 9.28214e-05 -0.0172879 0.0852618 
0.00942814 -0.0173474 -2.6877e-05 5.7367e-06 -0.0173474 0.0857082 5.76576e-06 0.000121079 -2.6877e-05 5.76576e-06 0.00941912 -0.0172297 5.7367e-06 0.000121079 -0.0172297 0.0850288 
0.00938146 -0.0172771 -8.47816e-06 -9.81298e-06 -0.0172771 0.0853319 -1.55993e-05 0.00015867 -8.47816e-06 -1.55993e-05 0.00938076 -0.0171302 -9.81298e-06 0.00015867 -0.0171302 0.0845531 
0.00934897 -0.0172401 9.94318e-07 -2.92906e-05 -0.0172401 0.0851639 -3.62761e-05 0.000202316 9.94318e-07 -3.62761e-05 0.00937573 -0.0171011 -2.92906e-05 0.000202316 -0.0171011 0.0843552 
0.00932962 -0.0172173 4.03787e-06 -3.80956e-05 -0.0172173 0.0851153 -4.91034e-05 0.000235262 4.03787e-06 -4.91034e-05 0.00937775 -0.0171224 -3.80956e-05 0.000235262 -0.0171224 0.0843804 
0.00930286 -0.0171577 -3.40307e-06 -3.99137e-05 -0.0171577 0.0848916 -5.36823e-05 0.000251304 -3.40307e-06 -5.36823e-05 0.0093647 -0.0171059 -3.99137e-05 0.000251304 -0.0171059 0.0842847 
0.0092832 -0.0171544 -2.74682e-05 -2.60346e-05 -0.0171544 0.0848921 -3.85216e-05 0.000225117 -2.74682e-05 -3.85216e-05 0.00939627 -0.0171248 -2.60346e-05 0.000225117 -0.0171248 0.0843795 
0.00927914 -0.01713 -3.33474e-05 4.57883e-06 -0.01713 0.0848572 -4.85751e-06 0.000157454 -3.33474e-05 -4.85751e-06 0.00940734 -0.0171657 4.57883e-06 0.000157454 -0.0171657 0.0844838 
0.0092894 -0.0170991 -2.8476e-05 1.02137e-05 -0.0170991 0.0847096 4.25906e-06 0.000112726 -2.8476e-05 4.25906e-06 0.00937256 -0.0171567 1.02137e-05 0.000112726 -0.0171567 0.0844402 
0.00930512 -0.0171188 -2.41472e-05 2.2562e-06 -0.0171188 0.0846982 -2.652e-07 0.000108259 -2.41472e-05 -2.652e-07 0.00934907 -0.0171201 2.2562e-06 0.000108259 -0.0171201 0.0843777 
0.00928536 -0.0171569 -3.93935e-06 -1.00069e-05 -0.0171569 0.0848028 -5.927e-06 0.000128147 -3.93935e-06 -5.927e-06 0.00935862 -0.0170909 -1.00069e-05 0.000128147 -0.0170909 0.0843161 
0.00927855 -0.017135 -1.29315e-05 -3.74399e-05 -0.017135 0.0848255 -2.80043e-05 0.000175741 -1.29315e-05 -2.80043e-05 0.00936248 -0.0171064 -3.74399e-05 0.000175741 -0.0171064 0.0843238 
0.00927633 -0.0171505 -1.96391e-05 -3.03837e-05 -0.0171505 0.0849401 -2.01496e-05 0.000193059 -1.96391e-05 -2.01496e-05 0.00938992 -0.0171423 -3.03837e-05 0.000193059 -0.0171423 0.0844925 
0.00930299 -0.0171555 -3.03562e-05 -1.66177e-05 -0.0171555 0.0850371 -7.7737e-06 0.000168135 -3.03562e-05 -7.7737e-06 0.00939055 -0.017187 -1.66177e-05 0.000168135 -0.017187 0.0846768 
0.00929075 -0.0171258 -4.13604e-05 4.71866e-06 -0.0171258 0.0848207 1.14924e-05 0.000114894 -4.13604e-05 1.14924e-05 0.00935895 -0.0171206 4.71866e-06 0.000114894 -0.0171206 0.0844418 
0.0096716 -0.0177972 -4.4989e-05 2.32768e-05 -0.0177972 0.0881134 2.4348e-05 6.89239e-05 -4.4989e-05 2.4348e-05 0.00971102 -0.017774 2.32768e-05 6.89239e-05 -0.017774 0.0876783 
0.0096685 -0.0177992 -4.70809e-05 2.66254e-05 -0.0177992 0.0880251 2.13004e-05 5.04576e-05 -4.70809e-05 2.13004e-05 0.00968661 -0.0177278 2.66254e-05 5.04576e-05 -0.0177278 0.0874878 
0.00970032 -0.0178701 -3.57722e-05 2.25971e-05 -0.0178701 0.0883363 1.61383e-05 6.27233e-05 -3.57722e-05 1.61383e-05 0.00969425 -0.0177646 2.25971e-05 6.27233e-05 -0.0177646 0.0876863 
0.00931824 -0.017196 -2.50836e-05 4.3495e-06 -0.017196 0.0849934 2.93427e-06 9.23111e-05 -2.50836e-05 2.93427e-06 0.00932356 -0.0170553 4.3495e-06 9.23111e-05 -0.0170553 0.0842556 
0.00933902 -0.0172102 -4.04101e-05 -1.15564e-05 -0.0172102 0.0851372 -7.63697e-06 0.000132332 -4.04101e-05 -7.63697e-06 0.0093361 -0.0170937 -1.15564e-05 0.000132332 -0.0170937 0.0843999 
0.00929624 -0.0171861 -4.21435e-05 5.8296e-06 -0.0171861 0.084996 1.12713e-05 0.000121621 -4.21435e-05 1.12713e-05 0.00934816 -0.0170594 5.8296e-06 0.000121621 -0.0170594 0.084257 
0.00925337 -0.0170939 -4.87949e-05 1.38663e-05 -0.0170939 0.0846664 1.66919e-05 9.62749e-05 -4.87949e-05 1.66919e-05 0.0093331 -0.017041 1.38663e-05 9.62749e-05 -0.017041 0.0840447 
0.00961217 -0.0176974 -3.60228e-05 2.83296e-05 -0.0176974 0.0876983 2.89323e-05 6.43325e-05 -3.60228e-05 2.89323e-05 0.00967152 -0.0176956 2.83296e-05 6.43325e-05 -0.0176956 0.0872253 
0.0096232 -0.0177048 -3.00203e-05 7.2942e-06 -0.0177048 0.0876255 7.16276e-06 8.42593e-05 -3.00203e-05 7.16276e-06 0.00964269 -0.0176782 7.2942e-06 8.42593e-05 -0.0176782 0.0871917 
0.00964766 -0.0177494 -3.60567e-05 -1.85838e-06 -0.0177494 0.0877705 -2.58454e-06 0.000116958 -3.60567e-05 -2.58454e-06 0.00963978 -0.0176761 -1.85838e-06 0.000116958 -0.0176761 0.0872694 
0.00967558 -0.0178291 -4.70886e-05 8.0564e-06 -0.0178291 0.0881186 4.27061e-06 0.000116523 -4.70886e-05 4.27061e-06 0.0096594 -0.0177123 8.0564e-06 0.000116523 -0.0177123 0.0875042 
0.00965232 -0.017804 -5.07393e-05 2.98979e-05 -0.017804 0.0880267 2.34003e-05 7.03481e-05 -5.07393e-05 2.34003e-05 0.00964229 -0.017668 2.98979e-05 7.03481e-05 -0.017668 0.0873259 
0.00966363 -0.0178623 -3.8276e-05 3.80063e-05 -0.0178623 0.088367 2.91009e-05 3.50537e-05 -3.8276e-05 2.91009e-05 0.00968998 -0.0177324 3.80063e-05 3.50537e-05 -0.0177324 0.0876404 
0.00926239 -0.0171154 -3.55788e-05 1.95998e-05 -0.0171154 0.0847769 1.30832e-05 4.75395e-05 -3.55788e-05 1.30832e-05 0.00930052 -0.0170318 1.95998e-05 4.75395e-05 -0.0170318 0.0841364 
0.00961829 -0.0177819 -2.56894e-05 1.27721e-05 -0.0177819 0.0881156 9.93951e-06 7.3511e-05 -2.56894e-05 9.93951e-06 0.00969409 -0.0177071 1.27721e-05 7.3511e-05 -0.0177071 0.0874973 
0.00962364 -0.01774 -1.26866e-05 -6.31408e-06 -0.01774 0.0879615 -3.11355e-06 0.000109845 -1.26866e-05 -3.11355e-06 0.00968283 -0.0177164 -6.31408e-06 0.000109845 -0.0177164 0.0874451 
0.00959759 -0.0177085 1.20579e-05 -2.71388e-05 -0.0177085 0.0877172 -2.10933e-05 0.000160863 1.20579e-05 -2.10933e-05 0.00966737 -0.0176689 -2.71388e-05 0.000160863 -0.0176689 0.0872318 
0.00958024 -0.017672 -2.28881e-06 -5.60511e-05 -0.017672 0.0875492 -5.26133e-05 0.000229949 -2.28881e-06 -5.26133e-05 0.00966559 -0.0176572 -5.60511e-05 0.000229949 -0.0176572 0.0871187 
0.00956387 -0.0176602 -2.13926e-05 -4.18995e-05 -0.0176602 0.0874946 -3.8957e-05 0.000243783 -2.13926e-05 -3.8957e-05 0.0096791 -0.0176777 -4.18995e-05 0.000243783 -0.0176777 0.0871578 
0.00956286 -0.0176447 -2.0084e-05 -1.81966e-05 -0.0176447 0.0874743 -1.08704e-05 0.000197152 -2.0084e-05 -1.08704e-05 0.00967686 -0.0177135 -1.81966e-05 0.000197152 -0.0177135 0.0872772 
0.00960108 -0.0176628 -2.30032e-05 -1.68762e-05 -0.0176628 0.0875556 -6.61127e-06 0.000164223 -2.30032e-05 -6.61127e-06 0.00965689 -0.0177312 -1.68762e-05 0.000164223 -0.0177312 0.0874218 
0.00960989 -0.0177098 -3.09241e-05 -1.59866e-05 -0.0177098 0.0876597 -8.46644e-06 0.000161868 -3.09241e-05 -8.46644e-06 0.00966139 -0.0176979 -1.59866e-05 0.000161868 -0.0176979 0.0874089 
0.00957094 -0.0176812 -2.59103e-05 3.55937e-06 -0.0176812 0.0875158 6.54686e-06 0.000124107 -2.59103e-05 6.54686e-06 0.00966232 -0.0176435 3.55937e-06 0.000124107 -0.0176435 0.0871347 
0.00954359 -0.0176547 -2.82852e-05 4.70952e-06 -0.0176547 0.0874647 3.15946e-06 9.97336e-05 -2.82852e-05 3.15946e-06 0.00968355 -0.0176575 4.70952e-06 9.97336e-05 -0.0176575 0.0870878 
0.00954192 -0.0176425 -1.78931e-05 8.89575e-06 -0.0176425 0.0874991 1.77425e-06 9.1116e-05 -1.78931e-05 1.77425e-06 0.00971177 -0.0177148 8.89575e-06 9.1116e-05 -0.0177148 0.0872532 
0.00959577 -0.0177206 -2.0577e-05 5.73541e-08 -0.0177206 0.0879162 -1.22749e-05 0.000103864 -2.0577e-05 -1.22749e-05 0.00975113 -0.0178398 5.73541e-08 0.000103864 -0.0178398 0.087815 
0.00961929 -0.0177236 -3.12354e-05 3.5285e-06 -0.0177236 0.0879091 -1.39158e-05 0.000113168 -3.12354e-05 -1.39158e-05 0.00972782 -0.0178321 3.5285e-06 0.000113168 -0.0178321 0.0878587 
0.00963273 -0.0177344 -3.14067e-05 1.63905e-05 -0.0177344 0.0878609 -2.61152e-06 9.67453e-05 -3.14067e-05 -2.61152e-06 0.00968836 -0.0177751 1.63905e-05 9.67453e-05 -0.0177751 0.0877018 
0.00964195 -0.0177734 -3.6436e-05 2.01945e-05 -0.0177734 0.0879647 3.20986e-06 7.40973e-05 -3.6436e-05 3.20986e-06 0.00967535 -0.0177328 2.01945e-05 7.40973e-05 -0.0177328 0.087603 
0.00962428 -0.0177554 -6.55483e-05 2.45461e-05 -0.0177554 0.0878714 1.10277e-05 5.59389e-05 -6.55483e-05 1.10277e-05 0.00965641 -0.0176753 2.45461e-05 5.59389e-05 -0.0176753 0.0873436 
0.00962509 -0.0177446 -6.9569e-05 5.81075e-05 -0.0177446 0.087838 4.7938e-05 -5.25162e-06 -6.9569e-05 4.7938e-05 0.00965281 -0.0176578 5.81075e-05 -5.25162e-06 -0.0176578 0.0872277 
0.00960867 -0.0177191 -5.84164e-05 6.2588e-05 -0.0177191 0.0876915 5.57748e-05 -4.80323e-05 -5.84164e-05 5.57748e-05 0.00964199 -0.0176275 6.2588e-05 -4.80323e-05 -0.0176275 0.087045 
0.00963614 -0.0177776 -5.7181e-05 4.79408e-05 -0.0177776 0.0879819 4.0549e-05 -3.5683e-05 -5.7181e-05 4.0549e-05 0.00967738 -0.017699 4.79408e-05 -3.5683e-05 -0.017699 0.0873488 
0.00965102 -0.0178017 -3.22696e-05 4.646e-05 -0.0178017 0.0881168 3.99786e-05 -2.48983e-05 -3.22696e-05 3.99786e-05 0.00969269 -0.0177343 4.646e-05 -2.48983e-05 -0.0177343 0.0875116 
0.00964203 -0.0177964 -8.99937e-06 1.89231e-05 -0.0177964 0.0880963 1.73828e-05 8.53102e-06 -8.99937e-06 1.73828e-05 0.00969898 -0.0177349 1.89231e-05 8.53102e-06 -0.0177349 0.0875206 
0.00962775 -0.0177709 -9.06791e-06 -1.3332e-05 -0.0177709 0.0879973 -9.51534e-06 7.32978e-05 -9.06791e-06 -9.51534e-06 0.00969444 -0.0177255 -1.3332e-05 7.32978e-05 -0.0177255 0.0874524 
0.00963525 -0.0177492 -3.41459e-05 -1.24415e-05 -0.0177492 0.0879067 -8.92367e-06 9.90292e-05 -3.41459e-05 -8.92367e-06 0.00967774 -0.0177174 -1.24415e-05 9.90292e-05 -0.0177174 0.0873991 
0.00965981 -0.0177691 -4.57619e-05 2.0251e-05 -0.0177691 0.0879291 2.23276e-05 5.21411e-05 -4.57619e-05 2.23276e-05 0.0096527 -0.0177053 2.0251e-05 5.21411e-05 -0.0177053 0.0873849 
0.00967384 -0.0178483 -3.45242e-05 3.59154e-05 -0.0178483 0.0882162 3.88436e-05 -1.85388e-06 -3.45242e-05 3.88436e-05 0.00965581 -0.0177093 3.59154e-05 -1.85388e-06 -0.0177093 0.0875139 
0.0096268 -0.0177527 -2.60126e-05 2.12565e-05 -0.0177527 0.0878246 2.16972e-05 5.97265e-06 -2.60126e-05 2.16972e-05 0.00961126 -0.0176055 2.12565e-05 5.97265e-06 -0.0176055 0.0870439 
0.00959338 -0.0177176 -1.12484e-05 7.80242e-06 -0.0177176 0.087664 4.92735e-06 4.44401e-05 -1.12484e-05 4.92735e-06 0.00961919 -0.0175757 7.80242e-06 4.44401e-05 -0.0175757 0.0868736 
0.00956755 -0.0176604 -2.12128e-06 -7.16151e-06 -0.0176604 0.0874412 -1.06808e-05 7.96731e-05 -2.12128e-06 -1.06808e-05 0.00961624 -0.0175643 -7.16151e-06 7.96731e-05 -0.0175643 0.0867153 
