0.00704446 0 -0.000123502 0 0 0.00988451 0 0 -0.000123502 0 0.00693369 0 0 0 0 0.00988451 
0.00961319 -0.0119323 -0.000133711 0.000161688 -0.0119323 0.031626 0.000161688 -0.000309822 -0.000133711 0.000161688 0.00948774 -0.0117767 0.000161688 -0.000309822 -0.0117767 0.0313278 
0.00993891 -0.0185028 -7.37931e-05 0.000105162 -0.0185028 0.0681541 0.000105162 -0.000305512 -7.37931e-05 0.000105162 0.00980908 -0.0183233 0.000105162 -0.000305512 -0.0183233 0.0675878 
0.00938558 -0.0181457 -4.57459e-05 -7.27203e-05 -0.0181457 0.0812846 -6.74704e-05 0.000466206 -4.57459e-05 -6.74704e-05 0.00932138 -0.0180686 -7.27203e-05 0.000466206 -0.0180686 0.0812054 
0.00904875 -0.0169163 -3.03374e-05 -8.83407e-05 -0.0169163 0.0815661 -8.27786e-05 0.000815246 -3.03374e-05 -8.27786e-05 0.00902297 -0.0169385 -8.83407e-05 0.000815246 -0.0169385 0.0819762 
0.00974452 -0.0178735 -3.07203e-05 -6.18835e-05 -0.0178735 0.0877307 -6.21975e-05 0.000756231 -3.07203e-05 -6.21975e-05 0.00971751 -0.0179281 -6.18835e-05 0.000756231 -0.0179281 0.0882868 
0.00944268 -0.0172531 -3.92467e-05 -3.8997e-05 -0.0172531 0.0849046 -4.47346e-05 0.000543101 -3.92467e-05 -4.47346e-05 0.00941635 -0.0172892 -3.8997e-05 0.000543101 -0.0172892 0.0853553 
0.0100331 -0.0183174 -5.92456e-05 -1.91012e-05 -0.0183174 0.0902201 -3.09785e-05 0.000426065 -5.92456e-05 -3.09785e-05 0.00999749 -0.0183366 -1.91012e-05 0.000426065 -0.0183366 0.0905699 
0.00979521 -0.0178778 -5.75195e-05 1.73486e-06 -0.0178778 0.0880851 -1.35046e-05 0.000324887 -5.75195e-05 -1.35046e-05 0.00976308 -0.0178931 1.73486e-06 0.000324887 -0.0178931 0.0883721 
0.00965911 -0.0176365 -5.35628e-05 -4.28582e-06 -0.0176365 0.0868757 -1.88362e-05 0.000301563 -5.35628e-05 -1.88362e-05 0.0096326 -0.0176532 -4.28582e-06 0.000301563 -0.0176532 0.0871403 
0.00959662 -0.0174915 -3.77326e-05 -1.56672e-05 -0.0174915 0.0861481 -2.41826e-05 0.000318627 -3.77326e-05 -2.41826e-05 0.00952459 -0.0175166 -1.56672e-05 0.000318627 -0.0175166 0.0864204 
0.00960936 -0.0175036 -3.13357e-05 -4.27614e-05 -0.0175036 0.0861056 -4.00615e-05 0.000368032 -3.13357e-05 -4.00615e-05 0.00948645 -0.0174664 -4.27614e-05 0.000368032 -0.0174664 0.0862798 
0.00962235 -0.0175412 -3.07714e-05 -5.50762e-05 -0.0175412 0.0862045 -4.4603e-05 0.000405551 -3.07714e-05 -4.4603e-05 0.00946771 -0.0174345 -5.50762e-05 0.000405551 -0.0174345 0.0862103 
0.00959969 -0.01756 -2.72623e-05 -5.3196e-05 -0.01756 0.0862826 -4.02811e-05 0.000409057 -2.72623e-05 -4.02811e-05 0.0094718 -0.0174163 -5.3196e-05 0.000409057 -0.0174163 0.0861627 
0.00956595 -0.0174997 -3.45617e-05 -5.34852e-05 -0.0174997 0.0861121 -4.03394e-05 0.000399289 -3.45617e-05 -4.03394e-05 0.00946531 -0.0173916 -5.34852e-05 0.000399289 -0.0173916 0.0860025 
0.0095439 -0.0174476 -4.24576e-05 -4.33831e-05 -0.0174476 0.085917 -3.10679e-05 0.00037907 -4.24576e-05 -3.10679e-05 0.00945849 -0.0173817 -4.33831e-05 0.00037907 -0.0173817 0.0859044 
0.00951574 -0.0174212 -4.96981e-05 -3.11732e-05 -0.0174212 0.0858014 -1.93412e-05 0.000347098 -4.96981e-05 -1.93412e-05 0.00946321 -0.017384 -3.11732e-05 0.000347098 -0.017384 0.0858897 
0.00951757 -0.0174425 -4.73091e-05 -1.63172e-05 -0.0174425 0.085975 -5.25446e-06 0.000303721 -4.73091e-05 -5.25446e-06 0.0095063 -0.0174493 -1.63172e-05 0.000303721 -0.0174493 0.0861771 
0.00955055 -0.0174919 -5.8214e-05 -9.23337e-06 -0.0174919 0.0863002 -4.81023e-06 0.000270182 -5.8214e-05 -4.81023e-06 0.00955527 -0.0175563 -9.23337e-06 0.000270182 -0.0175563 0.0866516 
0.00955154 -0.0174963 -7.53308e-05 4.80711e-06 -0.0174963 0.0863353 2.04343e-06 0.000244477 -7.53308e-05 2.04343e-06 0.00957708 -0.0175748 4.80711e-06 0.000244477 -0.0175748 0.0867664 
0.00952505 -0.0174628 -8.72983e-05 3.0212e-05 -0.0174628 0.0861776 2.16321e-05 0.000194559 -8.72983e-05 2.16321e-05 0.00958299 -0.0175529 3.0212e-05 0.000194559 -0.0175529 0.0866331 
0.00950404 -0.0173836 -8.56135e-05 4.65081e-05 -0.0173836 0.085829 3.32861e-05 0.000149752 -8.56135e-05 3.32861e-05 0.00954181 -0.0175145 4.65081e-05 0.000149752 -0.0175145 0.0863545 
0.00946113 -0.0173027 -5.84211e-05 3.506e-05 -0.0173027 0.0853614 2.40466e-05 0.000159767 -5.84211e-05 2.40466e-05 0.00948972 -0.0174155 3.506e-05 0.000159767 -0.0174155 0.0858999 
0.00945349 -0.017335 -3.63358e-05 -4.17534e-06 -0.017335 0.0854679 -1.14979e-05 0.000233107 -3.63358e-05 -1.14979e-05 0.00950097 -0.0174227 -4.17534e-06 0.000233107 -0.0174227 0.0859458 
0.00943415 -0.0172917 -1.51885e-05 -3.64774e-05 -0.0172917 0.0853368 -4.40679e-05 0.000326213 -1.51885e-05 -4.40679e-05 0.00949579 -0.017408 -3.64774e-05 0.000326213 -0.017408 0.0858362 
0.00945693 -0.0172886 -1.60242e-05 -5.96474e-05 -0.0172886 0.0853521 -6.5701e-05 0.000396818 -1.60242e-05 -6.5701e-05 0.009495 -0.0174386 -5.96474e-05 0.000396818 -0.0174386 0.0859394 
0.00950806 -0.0173459 -2.30649e-05 -6.44293e-05 -0.0173459 0.0855483 -6.25095e-05 0.000427424 -2.30649e-05 -6.25095e-05 0.00948865 -0.0174699 -6.44293e-05 0.000427424 -0.0174699 0.0861391 
0.00955868 -0.017426 -2.97521e-05 -5.75963e-05 -0.017426 0.0858196 -5.02707e-05 0.000419597 -2.97521e-05 -5.02707e-05 0.00947508 -0.0174736 -5.75963e-05 0.000419597 -0.0174736 0.0862774 
0.00955584 -0.0174303 -4.14224e-05 -4.30174e-05 -0.0174303 0.0857376 -3.44765e-05 0.000380587 -4.14224e-05 -3.44765e-05 0.00943258 -0.0173794 -4.30174e-05 0.000380587 -0.0173794 0.0859514 
0.00955173 -0.0174934 -4.0688e-05 -1.97729e-05 -0.0174934 0.0860123 -1.48575e-05 0.00032175 -4.0688e-05 -1.48575e-05 0.00946507 -0.0173863 -1.97729e-05 0.00032175 -0.0173863 0.0860259 
0.00954068 -0.0175131 -3.03411e-05 -1.64661e-05 -0.0175131 0.0862481 -1.59348e-05 0.0002911 -3.03411e-05 -1.59348e-05 0.00950197 -0.0174503 -1.64661e-05 0.0002911 -0.0174503 0.0862528 
0.00949707 -0.0174419 -2.62891e-05 -2.82295e-05 -0.0174419 0.0860518 -2.90403e-05 0.000297749 -2.62891e-05 -2.90403e-05 0.00950155 -0.0174421 -2.82295e-05 0.000297749 -0.0174421 0.0861758 
0.009464 -0.0173494 -3.7415e-05 -3.65943e-05 -0.0173494 0.0856981 -3.57265e-05 0.000317011 -3.7415e-05 -3.57265e-05 0.00947588 -0.0174076 -3.65943e-05 0.000317011 -0.0174076 0.0859712 
0.00945323 -0.0172556 -4.2918e-05 -2.42931e-05 -0.0172556 0.0852228 -2.51528e-05 0.000309884 -4.2918e-05 -2.51528e-05 0.00941416 -0.0173262 -2.42931e-05 0.000309884 -0.0173262 0.0855801 
0.00941206 -0.0171823 -6.05161e-05 -1.33256e-05 -0.0171823 0.0846937 -1.74897e-05 0.000284024 -6.05161e-05 -1.74897e-05 0.00935367 -0.01719 -1.33256e-05 0.000284024 -0.01719 0.0849788 
0.00941112 -0.0172147 -6.56469e-05 6.47256e-06 -0.0172147 0.0847714 9.00396e-07 0.00024901 -6.56469e-05 9.00396e-07 0.00935403 -0.0171879 6.47256e-06 0.00024901 -0.0171879 0.084941 
0.00944503 -0.0172612 -5.05671e-05 1.24918e-05 -0.0172612 0.0850291 9.07531e-06 0.000220623 -5.05671e-05 9.07531e-06 0.00935703 -0.0172387 1.24918e-05 0.000220623 -0.0172387 0.0851656 
0.00944711 -0.0172638 -4.12465e-05 -5.75338e-06 -0.0172638 0.0850115 -8.56989e-06 0.000238285 -4.12465e-05 -8.56989e-06 0.00934623 -0.017207 -5.75338e-06 0.000238285 -0.017207 0.0850935 
0.00946456 -0.0172923 -5.62094e-05 -1.62885e-05 -0.0172923 0.0851271 -1.71318e-05 0.000263982 -5.62094e-05 -1.71318e-05 0.00934316 -0.0172091 -1.62885e-05 0.000263982 -0.0172091 0.0851254 
0.00945874 -0.0173131 -5.96561e-05 8.42031e-07 -0.0173131 0.0852112 4.18376e-06 0.000242522 -5.96561e-05 4.18376e-06 0.00936291 -0.0172078 8.42031e-07 0.000242522 -0.0172078 0.0851439 
0.00946308 -0.017319 -4.58113e-05 6.8419e-06 -0.017319 0.0853063 1.01728e-05 0.000215433 -4.58113e-05 1.01728e-05 0.00938518 -0.0172501 6.8419e-06 0.000215433 -0.0172501 0.0852764 
0.00949083 -0.0173794 -2.53228e-05 -1.01958e-05 -0.0173794 0.0856388 -8.6436e-06 0.000234882 -2.53228e-05 -8.6436e-06 0.00941883 -0.0173452 -1.01958e-05 0.000234882 -0.0173452 0.0857079 
0.00949585 -0.017369 -3.00479e-05 -4.00483e-05 -0.017369 0.085621 -4.01524e-05 0.000300405 -3.00479e-05 -4.01524e-05 0.00940673 -0.0173357 -4.00483e-05 0.000300405 -0.0173357 0.0857291 
0.00949341 -0.0173386 -3.31694e-05 -3.8344e-05 -0.0173386 0.0854456 -3.93502e-05 0.000334552 -3.31694e-05 -3.93502e-05 0.00937529 -0.0172795 -3.8344e-05 0.000334552 -0.0172795 0.0855151 
0.0094973 -0.0173493 -4.41867e-05 -3.22898e-05 -0.0173493 0.0854303 -3.02675e-05 0.000326667 -4.41867e-05 -3.02675e-05 0.00937593 -0.0172503 -3.22898e-05 0.000326667 -0.0172503 0.0854089 
0.00948873 -0.0173645 -5.19211e-05 -1.97401e-05 -0.0173645 0.0854859 -1.52658e-05 0.000301136 -5.19211e-05 -1.52658e-05 0.00940393 -0.0172631 -1.97401e-05 0.000301136 -0.0172631 0.0854204 
0.0094608 -0.0173201 -5.85867e-05 -7.49259e-06 -0.0173201 0.085333 -4.28374e-07 0.000262891 -5.85867e-05 -4.28374e-07 0.0094163 -0.0172759 -7.49259e-06 0.000262891 -0.0172759 0.085362 
0.00948003 -0.0173356 -6.73902e-05 -2.97614e-08 -0.0173356 0.0854468 6.16823e-06 0.000238452 -6.73902e-05 6.16823e-06 0.00943449 -0.0173398 -2.97614e-08 0.000238452 -0.0173398 0.0856019 
0.00953641 -0.0174155 -7.40692e-05 7.48575e-06 -0.0174155 0.0858081 1.11728e-05 0.000226618 -7.40692e-05 1.11728e-05 0.0094526 -0.017416 7.48575e-06 0.000226618 -0.017416 0.0860078 
0.00956066 -0.017443 -6.91004e-05 1.76356e-05 -0.017443 0.0858805 1.93776e-05 0.000207291 -6.91004e-05 1.93776e-05 0.00945003 -0.0173971 1.76356e-05 0.000207291 -0.0173971 0.086018 
0.00955682 -0.0174732 -7.77943e-05 1.19431e-05 -0.0174732 0.0859563 1.50379e-05 0.000205365 -7.77943e-05 1.50379e-05 0.00947235 -0.0173843 1.19431e-05 0.000205365 -0.0173843 0.0859782 
0.00956916 -0.0174968 -8.3369e-05 2.3234e-05 -0.0174968 0.0861254 2.46457e-05 0.000191405 -8.3369e-05 2.46457e-05 0.00949775 -0.0174462 2.3234e-05 0.000191405 -0.0174462 0.0861672 
0.00955556 -0.0174732 -6.70997e-05 2.75774e-05 -0.0174732 0.0860319 2.55338e-05 0.000184452 -6.70997e-05 2.55338e-05 0.00948351 -0.0174408 2.75774e-05 0.000184452 -0.0174408 0.0861285 
0.00954528 -0.017457 -4.65036e-05 8.65916e-06 -0.017457 0.0859618 3.21402e-06 0.000215313 -4.65036e-05 3.21402e-06 0.00946759 -0.0174211 8.65916e-06 0.000215313 -0.0174211 0.0860733 
0.00958381 -0.0175216 -3.542e-05 -1.56061e-05 -0.0175216 0.0862964 -2.32017e-05 0.000273499 -3.542e-05 -2.32017e-05 0.00950218 -0.0174804 -1.56061e-05 0.000273499 -0.0174804 0.0864032 
0.00956497 -0.0175061 -4.142e-05 -2.71535e-05 -0.0175061 0.086224 -3.47746e-05 0.000313987 -4.142e-05 -3.47746e-05 0.00951911 -0.0174655 -2.71535e-05 0.000313987 -0.0174655 0.0863347 
0.0095633 -0.0175112 -4.87793e-05 -2.1802e-05 -0.0175112 0.086297 -2.56985e-05 0.000317245 -4.87793e-05 -2.56985e-05 0.00955523 -0.0175133 -2.1802e-05 0.000317245 -0.0175133 0.0864748 
0.0095781 -0.0174851 -5.52916e-05 -1.51602e-05 -0.0174851 0.086221 -1.35409e-05 0.00029961 -5.52916e-05 -1.35409e-05 0.00955276 -0.017549 -1.51602e-05 0.00029961 -0.017549 0.0865518 
0.00961157 -0.0175478 -6.14671e-05 -1.15904e-05 -0.0175478 0.0864347 -6.17493e-06 0.000286821 -6.14671e-05 -6.17493e-06 0.00956626 -0.0175939 -1.15904e-05 0.000286821 -0.0175939 0.0868127 
0.00967669 -0.0176288 -6.54726e-05 -5.45977e-06 -0.0176288 0.0867933 -3.51657e-07 0.000275271 -6.54726e-05 -3.51657e-07 0.00956277 -0.017645 -5.45977e-06 0.000275271 -0.017645 0.0871269 
0.00968969 -0.0176747 -6.75254e-05 6.33012e-06 -0.0176747 0.0869111 8.43404e-06 0.000247511 -6.75254e-05 8.43404e-06 0.00956423 -0.0176024 6.33012e-06 0.000247511 -0.0176024 0.0870805 
0.0096944 -0.0176895 -6.18525e-05 1.11502e-05 -0.0176895 0.0869784 1.15532e-05 0.000228594 -6.18525e-05 1.15532e-05 0.00956 -0.0175908 1.11502e-05 0.000228594 -0.0175908 0.0870097 
0.0096547 -0.0176482 -5.51988e-05 5.68653e-06 -0.0176482 0.0867818 7.35502e-06 0.000224978 -5.51988e-05 7.35502e-06 0.00955314 -0.0175387 5.68653e-06 0.000224978 -0.0175387 0.0867484 
0.00962132 -0.0175718 -4.63259e-05 -5.62421e-06 -0.0175718 0.086476 -1.8149e-06 0.000242852 -4.63259e-05 -1.8149e-06 0.00952313 -0.0175032 -5.62421e-06 0.000242852 -0.0175032 0.0864845 
0.00959533 -0.0174922 -2.72589e-05 -1.53199e-05 -0.0174922 0.0860855 -1.11054e-05 0.000263815 -2.72589e-05 -1.11054e-05 0.00948103 -0.0174349 -1.53199e-05 0.000263815 -0.0174349 0.0861502 
0.0095713 -0.0174602 -1.90857e-05 -3.80244e-05 -0.0174602 0.0858605 -3.33197e-05 0.000305982 -1.90857e-05 -3.33197e-05 0.00944952 -0.0173878 -3.80244e-05 0.000305982 -0.0173878 0.0859257 
0.00956593 -0.0175 -2.51007e-05 -5.2466e-05 -0.0175 0.0860484 -4.81084e-05 0.000355793 -2.51007e-05 -4.81084e-05 0.00948398 -0.0174189 -5.2466e-05 0.000355793 -0.0174189 0.0860985 
0.00953938 -0.0174714 -4.29983e-05 -4.74181e-05 -0.0174714 0.0860186 -4.52702e-05 0.000372284 -4.29983e-05 -4.52702e-05 0.00951325 -0.0174444 -4.74181e-05 0.000372284 -0.0174444 0.0861533 
0.009506 -0.0174432 -5.84385e-05 -2.42868e-05 -0.0174432 0.0859661 -2.33351e-05 0.000338904 -5.84385e-05 -2.33351e-05 0.00954524 -0.0174789 -2.42868e-05 0.000338904 -0.0174789 0.0862404 
0.00951788 -0.0173963 -6.61649e-05 -1.49511e-06 -0.0173963 0.0858527 5.13116e-07 0.000280494 -6.61649e-05 5.13116e-07 0.00952547 -0.0175134 -1.49511e-06 0.000280494 -0.0175134 0.0863145 
0.00952631 -0.0173838 -8.24734e-05 7.92979e-06 -0.0173838 0.0857105 1.51396e-05 0.000232717 -8.24734e-05 1.51396e-05 0.00949621 -0.0174815 7.92979e-06 0.000232717 -0.0174815 0.0862477 
0.00952763 -0.0173864 -8.07781e-05 2.92624e-05 -0.0173864 0.0856376 3.881e-05 0.000177581 -8.07781e-05 3.881e-05 0.00947699 -0.0174404 2.92624e-05 0.000177581 -0.0174404 0.0861226 
0.00950584 -0.0173791 -6.83316e-05 2.78373e-05 -0.0173791 0.0855671 3.85783e-05 0.000152857 -6.83316e-05 3.85783e-05 0.0094731 -0.017411 2.78373e-05 0.000152857 -0.017411 0.0859952 
0.00953122 -0.0174276 -4.87438e-05 9.71712e-06 -0.0174276 0.0858526 1.90672e-05 0.000180007 -4.87438e-05 1.90672e-05 0.00949384 -0.0174755 9.71712e-06 0.000180007 -0.0174755 0.0862817 
0.00954216 -0.017426 -4.12468e-05 -1.44656e-05 -0.017426 0.0858743 -7.28825e-06 0.000234462 -4.12468e-05 -7.28825e-06 0.00949241 -0.0174772 -1.44656e-05 0.000234462 -0.0174772 0.0863294 
0.0095851 -0.0174588 -2.93884e-05 -2.34172e-05 -0.0174588 0.0859919 -1.87357e-05 0.000276606 -2.93884e-05 -1.87357e-05 0.00948813 -0.0174838 -2.34172e-05 0.000276606 -0.0174838 0.0864014 
0.00958962 -0.01747 -2.27519e-05 -3.47317e-05 -0.01747 0.085923 -3.26522e-05 0.000308294 -2.27519e-05 -3.26522e-05 0.00946825 -0.0174313 -3.47317e-05 0.000308294 -0.0174313 0.0862005 
0.00960463 -0.0174931 -1.9637e-05 -4.02585e-05 -0.0174931 0.0859921 -4.31701e-05 0.00033294 -1.9637e-05 -4.31701e-05 0.00945917 -0.0174297 -4.02585e-05 0.00033294 -0.0174297 0.0861761 
0.00962659 -0.0175397 -4.30395e-05 -3.66921e-05 -0.0175397 0.086176 -4.29972e-05 0.000331102 -4.30395e-05 -4.29972e-05 0.00947872 -0.0174408 -3.66921e-05 0.000331102 -0.0174408 0.0862654 
0.00960928 -0.0175416 -5.84022e-05 -1.03251e-05 -0.0175416 0.0861637 -1.36891e-05 0.000287216 -5.84022e-05 -1.36891e-05 0.00949468 -0.0174291 -1.03251e-05 0.000287216 -0.0174291 0.0861798 
0.00961432 -0.0175316 -5.93657e-05 4.6738e-06 -0.0175316 0.0861768 8.65317e-06 0.000234324 -5.93657e-05 8.65317e-06 0.00950952 -0.0174658 4.6738e-06 0.000234324 -0.0174658 0.0862472 
0.00960209 -0.0175673 -4.5755e-05 1.38009e-06 -0.0175673 0.08634 9.93729e-06 0.000219064 -4.5755e-05 9.93729e-06 0.00955907 -0.0175254 1.38009e-06 0.000219064 -0.0175254 0.0864983 
0.00960618 -0.017585 -5.13436e-05 -1.46838e-05 -0.017585 0.0865684 -6.15244e-06 0.000241165 -5.13436e-05 -6.15244e-06 0.0096167 -0.0176337 -1.46838e-05 0.000241165 -0.0176337 0.0869202 
0.00963712 -0.0175951 -3.59342e-05 -1.27906e-05 -0.0175951 0.0867224 -2.63094e-06 0.000256501 -3.59342e-05 -2.63094e-06 0.00962493 -0.0177269 -1.27906e-05 0.000256501 -0.0177269 0.0873208 
0.00963234 -0.0176203 -3.06003e-05 -2.80982e-05 -0.0176203 0.0868049 -1.94494e-05 0.000280301 -3.06003e-05 -1.94494e-05 0.00963874 -0.0177309 -2.80982e-05 0.000280301 -0.0177309 0.0874855 
0.00959392 -0.0175517 -1.27735e-05 -3.27419e-05 -0.0175517 0.0865381 -2.7122e-05 0.000299256 -1.27735e-05 -2.7122e-05 0.0096186 -0.0176801 -3.27419e-05 0.000299256 -0.0176801 0.0872547 
0.00958078 -0.0174895 -2.29312e-05 -5.29196e-05 -0.0174895 0.0862837 -4.87178e-05 0.000335976 -2.29312e-05 -4.87178e-05 0.00959355 -0.0176474 -5.29196e-05 0.000335976 -0.0176474 0.0870754 
0.009606 -0.0174921 -3.33745e-05 -4.17543e-05 -0.0174921 0.086237 -3.31131e-05 0.000333143 -3.33745e-05 -3.31131e-05 0.00957648 -0.0176369 -4.17543e-05 0.000333143 -0.0176369 0.0870486 
0.00968266 -0.0176312 -5.04385e-05 -2.29222e-05 -0.0176312 0.0868078 -1.27694e-05 0.000287408 -5.04385e-05 -1.27694e-05 0.00961403 -0.0177317 -2.29222e-05 0.000287408 -0.0177317 0.0875649 
0.00971452 -0.0176942 -5.431e-05 3.57669e-06 -0.0176942 0.0870538 1.1422e-05 0.000220214 -5.431e-05 1.1422e-05 0.00961202 -0.0177342 3.57669e-06 0.000220214 -0.0177342 0.087674 
0.00972028 -0.0177207 -5.52725e-05 8.34466e-06 -0.0177207 0.0871644 1.29248e-05 0.000187717 -5.52725e-05 1.29248e-05 0.00960002 -0.0177172 8.34466e-06 0.000187717 -0.0177172 0.0876547 
0.00967817 -0.0176968 -6.40477e-05 1.33491e-05 -0.0176968 0.0870657 1.52707e-05 0.000168636 -6.40477e-05 1.52707e-05 0.00960787 -0.0176636 1.33491e-05 0.000168636 -0.0176636 0.0874492 
0.00961694 -0.0175718 -6.22361e-05 2.6337e-05 -0.0175718 0.0865763 2.80984e-05 0.000137791 -6.22361e-05 2.80984e-05 0.00959167 -0.0175967 2.6337e-05 0.000137791 -0.0175967 0.086999 
0.00958536 -0.0174761 -3.66347e-05 2.15073e-05 -0.0174761 0.0861452 2.35071e-05 0.000133492 -3.66347e-05 2.35071e-05 0.00956028 -0.0175708 2.15073e-05 0.000133492 -0.0175708 0.0867277 
0.00953389 -0.0173871 -1.92554e-05 -9.1513e-06 -0.0173871 0.0856409 -7.37131e-06 0.000180042 -1.92554e-05 -7.37131e-06 0.00951862 -0.0174851 -9.1513e-06 0.000180042 -0.0174851 0.0863011 
0.00952125 -0.0173407 -1.11726e-05 -3.50888e-05 -0.0173407 0.0853911 -3.20724e-05 0.000248892 -1.11726e-05 -3.20724e-05 0.00948421 -0.0174509 -3.50888e-05 0.000248892 -0.0174509 0.086092 
0.00954181 -0.0173742 -1.58109e-05 -4.48015e-05 -0.0173742 0.0854784 -4.04667e-05 0.000289948 -1.58109e-05 -4.04667e-05 0.00946957 -0.0174515 -4.48015e-05 0.000289948 -0.0174515 0.0861371 
0.00953444 -0.0173928 -2.44137e-05 -3.74076e-05 -0.0173928 0.0855248 -3.30054e-05 0.000289805 -2.44137e-05 -3.30054e-05 0.00946725 -0.0174286 -3.74076e-05 0.000289805 -0.0174286 0.0860927 
0.00955565 -0.0173907 -4.48174e-05 -2.38769e-05 -0.0173907 0.0855554 -1.93987e-05 0.000260195 -4.48174e-05 -1.93987e-05 0.0094533 -0.0174266 -2.38769e-05 0.000260195 -0.0174266 0.0860735 
0.00958707 -0.0174452 -4.71057e-05 -1.49441e-06 -0.0174452 0.085734 2.02279e-06 0.000217397 -4.71057e-05 2.02279e-06 0.0094425 -0.0174264 -1.49441e-06 0.000217397 -0.0174264 0.0861396 
0.00959696 -0.0175295 -4.08991e-05 2.83066e-06 -0.0175295 0.0860742 6.12169e-06 0.000189869 -4.08991e-05 6.12169e-06 0.0094712 -0.0174329 2.83066e-06 0.000189869 -0.0174329 0.0862721 
0.00959739 -0.0175207 -3.53868e-05 -7.12006e-06 -0.0175207 0.0861463 -2.35616e-06 0.000197271 -3.53868e-05 -2.35616e-06 0.00948686 -0.0174494 -7.12006e-06 0.000197271 -0.0174494 0.0862924 
0.00961175 -0.0175595 -1.39579e-05 -1.855e-05 -0.0175595 0.0863889 -1.30568e-05 0.000226868 -1.39579e-05 -1.30568e-05 0.00952638 -0.0175327 -1.855e-05 0.000226868 -0.0175327 0.0866328 
0.00957372 -0.0175043 -5.53382e-06 -4.2371e-05 -0.0175043 0.0861924 -3.96835e-05 0.000278103 -5.53382e-06 -3.96835e-05 0.00952664 -0.0175298 -4.2371e-05 0.000278103 -0.0175298 0.0865913 
0.0095359 -0.0174325 -8.19008e-06 -4.89607e-05 -0.0174325 0.0859216 -4.99058e-05 0.000311912 -8.19008e-06 -4.99058e-05 0.00952261 -0.0175148 -4.89607e-05 0.000311912 -0.0175148 0.0864917 
0.00952767 -0.0173948 -6.31105e-06 -4.13564e-05 -0.0173948 0.0857821 -4.38391e-05 0.00030665 -6.31105e-06 -4.38391e-05 0.00951005 -0.0175259 -4.13564e-05 0.00030665 -0.0175259 0.0865154 
0.0095448 -0.0173653 7.96223e-06 -3.87056e-05 -0.0173653 0.0856145 -4.03488e-05 0.000288234 7.96223e-06 -4.03488e-05 0.0094809 -0.0174921 -3.87056e-05 0.000288234 -0.0174921 0.0864078 
0.00953498 -0.0173759 -1.0575e-07 -5.3044e-05 -0.0173759 0.0855195 -5.48315e-05 0.000298517 -1.0575e-07 -5.48315e-05 0.00947274 -0.0174407 -5.3044e-05 0.000298517 -0.0174407 0.0862264 
0.00954084 -0.0174132 -1.3909e-05 -4.56294e-05 -0.0174132 0.0856885 -4.81078e-05 0.000297055 -1.3909e-05 -4.81078e-05 0.00949366 -0.0174653 -4.56294e-05 0.000297055 -0.0174653 0.086309 
0.00955431 -0.0174371 -3.59767e-05 -2.74288e-05 -0.0174371 0.0858419 -2.57857e-05 0.000257242 -3.59767e-05 -2.57857e-05 0.00950185 -0.0174997 -2.74288e-05 0.000257242 -0.0174997 0.0864388 
0.00959915 -0.0174743 -4.67542e-05 -1.30391e-06 -0.0174743 0.0860332 5.18761e-06 0.000191888 -4.67542e-05 5.18761e-06 0.00948393 -0.0175284 -1.30391e-06 0.000191888 -0.0175284 0.08661 
0.00960381 -0.0174809 -3.89712e-05 1.34429e-05 -0.0174809 0.0859753 2.11092e-05 0.000135575 -3.89712e-05 2.11092e-05 0.00944594 -0.0174611 1.34429e-05 0.000135575 -0.0174611 0.0864288 
0.00960466 -0.0174977 -3.31096e-05 3.27281e-06 -0.0174977 0.0860141 1.18293e-05 0.000129517 -3.31096e-05 1.18293e-05 0.00942887 -0.0174217 3.27281e-06 0.000129517 -0.0174217 0.0863123 
0.00954762 -0.0174596 -2.79219e-05 -5.90582e-06 -0.0174596 0.0858455 3.51134e-06 0.000147762 -2.79219e-05 3.51134e-06 0.0094283 -0.0173682 -5.90582e-06 0.000147762 -0.0173682 0.0860656 
0.00955034 -0.0174143 -3.04717e-05 -1.1187e-05 -0.0174143 0.0857763 -1.50245e-06 0.000160567 -3.04717e-05 -1.50245e-06 0.00941369 -0.0173896 -1.1187e-05 0.000160567 -0.0173896 0.0860736 
0.00949636 -0.0172705 -1.61254e-05 -8.24738e-06 -0.0172705 0.0850351 -9.3139e-07 0.000162152 -1.61254e-05 -9.3139e-07 0.00933383 -0.0172388 -8.24738e-06 0.000162152 -0.0172388 0.0853872 
0.00947755 -0.0172448 -7.07767e-06 -2.40601e-05 -0.0172448 0.0847855 -2.11892e-05 0.000188719 -7.07767e-06 -2.11892e-05 0.0092952 -0.0171679 -2.40601e-05 0.000188719 -0.0171679 0.0850607 
0.0095154 -0.0172904 -1.20857e-05 -3.21245e-05 -0.0172904 0.0849663 -3.25088e-05 0.000217256 -1.20857e-05 -3.25088e-05 0.00927603 -0.0171859 -3.21245e-05 0.000217256 -0.0171859 0.0851554 
0.00951808 -0.0172886 -1.20597e-05 -2.5823e-05 -0.0172886 0.0848733 -2.94689e-05 0.00022113 -1.20597e-05 -2.94689e-05 0.00923621 -0.0171094 -2.5823e-05 0.00022113 -0.0171094 0.0849036 
0.0095208 -0.0173176 -1.3165e-05 -2.04933e-05 -0.0173176 0.0849544 -2.60534e-05 0.000207541 -1.3165e-05 -2.60534e-05 0.0092332 -0.0170821 -2.04933e-05 0.000207541 -0.0170821 0.084819 
0.00955305 -0.0173853 -1.49421e-05 -1.7154e-05 -0.0173853 0.0853016 -2.27767e-05 0.000194007 -1.49421e-05 -2.27767e-05 0.00926429 -0.0171368 -1.7154e-05 0.000194007 -0.0171368 0.0850732 
0.00956108 -0.0174262 -3.02364e-05 -1.38261e-05 -0.0174262 0.0855205 -1.71578e-05 0.000178412 -3.02364e-05 -1.71578e-05 0.00929367 -0.0171731 -1.38261e-05 0.000178412 -0.0171731 0.0852502 
0.00951677 -0.0173966 -4.82396e-05 4.16525e-06 -0.0173966 0.0854376 3.24589e-06 0.000141488 -4.82396e-05 3.24589e-06 0.00932914 -0.0171653 4.16525e-06 0.000141488 -0.0171653 0.085178 
0.00946718 -0.0173292 -6.35207e-05 2.62532e-05 -0.0173292 0.0852563 2.78186e-05 8.58693e-05 -6.35207e-05 2.78186e-05 0.00936176 -0.0172002 2.62532e-05 8.58693e-05 -0.0172002 0.0851686 
0.00944769 -0.0172881 -6.24247e-05 4.25725e-05 -0.0172881 0.0851726 4.68286e-05 3.73315e-05 -6.24247e-05 4.68286e-05 0.00938969 -0.0172591 4.25725e-05 3.73315e-05 -0.0172591 0.0853253 
0.00946072 -0.017278 -3.75819e-05 3.64298e-05 -0.017278 0.0851681 4.24866e-05 3.13765e-05 -3.75819e-05 4.24866e-05 0.00940225 -0.01731 3.64298e-05 3.13765e-05 -0.01731 0.0855219 
0.00950218 -0.0173128 -2.59906e-05 4.834e-06 -0.0173128 0.0853035 6.85806e-06 9.02183e-05 -2.59906e-05 6.85806e-06 0.00940732 -0.0173561 4.834e-06 9.02183e-05 -0.0173561 0.0857622 
0.00949928 -0.0173502 -4.24588e-05 -1.33896e-05 -0.0173502 0.0853937 -1.66389e-05 0.000160667 -4.24588e-05 -1.66389e-05 0.00942629 -0.0173608 -1.33896e-05 0.000160667 -0.0173608 0.0858517 
0.0094921 -0.0173379 -4.6273e-05 7.13947e-06 -0.0173379 0.0853925 -4.42672e-07 0.000163632 -4.6273e-05 -4.42672e-07 0.00944102 -0.0173773 7.13947e-06 0.000163632 -0.0173773 0.0858884 
0.00947398 -0.0172962 -4.52837e-05 1.61743e-05 -0.0172962 0.0852206 7.20718e-06 0.000140086 -4.52837e-05 7.20718e-06 0.00943946 -0.0173712 1.61743e-05 0.000140086 -0.0173712 0.0858112 
0.00948998 -0.0173263 -3.24082e-05 1.62009e-05 -0.0173263 0.0853619 8.3032e-06 0.00012978 -3.24082e-05 8.3032e-06 0.00946579 -0.0174185 1.62009e-05 0.00012978 -0.0174185 0.0860206 
0.00947423 -0.0173117 -2.6778e-05 -3.82247e-06 -0.0173117 0.0852787 -1.17738e-05 0.000163881 -2.6778e-05 -1.17738e-05 0.00947452 -0.0174048 -3.82247e-06 0.000163881 -0.0174048 0.0859465 
0.00949506 -0.0173216 -1.62864e-05 -1.76335e-05 -0.0173216 0.0853539 -2.3691e-05 0.000210003 -1.62864e-05 -2.3691e-05 0.0094816 -0.0174442 -1.76335e-05 0.000210003 -0.0174442 0.0860666 
0.00953811 -0.01736 -1.12375e-05 -3.57966e-05 -0.01736 0.0854953 -3.54513e-05 0.000255596 -1.12375e-05 -3.54513e-05 0.0094738 -0.0174734 -3.57966e-05 0.000255596 -0.0174734 0.0862265 
0.00954656 -0.0174417 -1.68631e-05 -4.30044e-05 -0.0174417 0.0857777 -4.06267e-05 0.000285389 -1.68631e-05 -4.06267e-05 0.00950178 -0.0174843 -4.30044e-05 0.000285389 -0.0174843 0.0863899 
0.00955119 -0.0174984 -3.91124e-05 -3.8035e-05 -0.0174984 0.0861519 -3.44175e-05 0.000289628 -3.91124e-05 -3.44175e-05 0.0095476 -0.0175615 -3.8035e-05 0.000289628 -0.0175615 0.0867307 
0.00958372 -0.0175055 -4.8584e-05 -7.46061e-06 -0.0175055 0.08634 -3.78107e-06 0.000237393 -4.8584e-05 -3.78107e-06 0.0095659 -0.017625 -7.46061e-06 0.000237393 -0.017625 0.0870132 
0.00961386 -0.0175252 -4.53499e-05 1.07595e-05 -0.0175252 0.0864106 1.39548e-05 0.00017422 -4.53499e-05 1.39548e-05 0.00957156 -0.0176418 1.07595e-05 0.00017422 -0.0176418 0.0871478 
0.00963349 -0.0175341 -3.54611e-05 1.09837e-05 -0.0175341 0.0863745 1.14274e-05 0.000147003 -3.54611e-05 1.14274e-05 0.00954768 -0.0176163 1.09837e-05 0.000147003 -0.0176163 0.0870663 
0.00963522 -0.0175442 -2.06934e-05 1.32195e-06 -0.0175442 0.0863315 1.55549e-06 0.000152464 -2.06934e-05 1.55549e-06 0.00952202 -0.0175716 1.32195e-06 0.000152464 -0.0175716 0.0869123 
0.00961125 -0.0174808 -7.99929e-06 -1.57023e-05 -0.0174808 0.0859904 -1.15476e-05 0.000174403 -7.99929e-06 -1.15476e-05 0.009463 -0.0174727 -1.57023e-05 0.000174403 -0.0174727 0.0864647 
0.00957717 -0.0174703 4.19485e-06 -3.37146e-05 -0.0174703 0.0858719 -2.74704e-05 0.000212092 4.19485e-06 -2.74704e-05 0.00944754 -0.0174157 -3.37146e-05 0.000212092 -0.0174157 0.086233 
0.00955884 -0.0174604 7.86179e-06 -5.05567e-05 -0.0174604 0.0859024 -4.67084e-05 0.000258968 7.86179e-06 -4.67084e-05 0.00945259 -0.0174256 -5.05567e-05 0.000258968 -0.0174256 0.0862433 
0.00952433 -0.017411 7.81321e-07 -5.57172e-05 -0.017411 0.0857473 -5.21785e-05 0.00028634 7.81321e-07 -5.21785e-05 0.00945746 -0.0174117 -5.57172e-05 0.00028634 -0.0174117 0.0861566 
0.00948195 -0.01733 -5.10382e-07 -5.16543e-05 -0.01733 0.0854159 -4.83202e-05 0.000294771 -5.10382e-07 -4.83202e-05 0.0094404 -0.0173732 -5.16543e-05 0.000294771 -0.0173732 0.0859163 
0.0094615 -0.0172414 -1.81112e-05 -4.51438e-05 -0.0172414 0.0850137 -4.62835e-05 0.000285117 -1.81112e-05 -4.62835e-05 0.00939083 -0.0173242 -4.51438e-05 0.000285117 -0.0173242 0.0856236 
0.00948725 -0.0172944 -1.74246e-05 -1.976e-05 -0.0172944 0.0851727 -2.73061e-05 0.00024811 -1.74246e-05 -2.73061e-05 0.00938703 -0.0173381 -1.976e-05 0.00024811 -0.0173381 0.085765 
0.00947898 -0.0172859 -2.56334e-05 -1.55753e-05 -0.0172859 0.0851004 -2.7232e-05 0.000220053 -2.56334e-05 -2.7232e-05 0.00936657 -0.0172912 -1.55753e-05 0.000220053 -0.0172912 0.0856062 
0.00947909 -0.0172617 -2.71928e-05 -4.70495e-06 -0.0172617 0.0849737 -1.78841e-05 0.000196393 -2.71928e-05 -1.78841e-05 0.00934206 -0.0172431 -4.70495e-06 0.000196393 -0.0172431 0.0853909 
0.00950409 -0.0173479 -1.98645e-05 2.80873e-06 -0.0173479 0.0853202 -1.15899e-05 0.000170418 -1.98645e-05 -1.15899e-05 0.00937077 -0.0172839 2.80873e-06 0.000170418 -0.0172839 0.0856141 
