0.00692336 0 -3.55465e-05 0 0 0.00990533 0 0 -3.55465e-05 0 0.00707292 0 0 0 0 0.00990533 
0.00949666 -0.0117935 -3.77253e-05 4.53404e-05 -0.0117935 0.0313745 4.53404e-05 -8.69314e-05 -3.77253e-05 4.53404e-05 0.00962191 -0.0119378 4.53404e-05 -8.69314e-05 -0.0119378 0.0316512 
0.00986235 -0.018446 -1.68539e-05 1.98614e-05 -0.018446 0.0680116 1.98614e-05 -5.29817e-05 -1.68539e-05 1.98614e-05 0.00986563 -0.0183345 1.98614e-05 -5.29817e-05 -0.0183345 0.0675721 
0.00934976 -0.018293 1.32279e-05 -2.75559e-05 -0.018293 0.082212 -2.76727e-05 0.000172478 1.32279e-05 -2.76727e-05 0.0093496 -0.0178945 -2.75559e-05 0.000172478 -0.0178945 0.0801464 
0.00904971 -0.0171524 2.28099e-05 -5.84942e-05 -0.0171524 0.0832897 -5.76996e-05 0.000312082 2.28099e-05 -5.76996e-05 0.00909257 -0.0168446 -5.84942e-05 0.000312082 -0.0168446 0.0809046 
0.0092269 -0.0171833 1.78669e-05 -5.95459e-05 -0.0171833 0.0850154 -6.07752e-05 0.000317797 1.78669e-05 -6.07752e-05 0.00937984 -0.0170322 -5.95459e-05 0.000317797 -0.0170322 0.0831999 
0.00937973 -0.0173587 1.06649e-05 -4.91486e-05 -0.0173587 0.0861328 -5.30581e-05 0.000273528 1.06649e-05 -5.30581e-05 0.00958783 -0.017378 -4.91486e-05 0.000273528 -0.017378 0.085046 
0.00958373 -0.0177275 -9.65102e-06 -3.56974e-05 -0.0177275 0.0879668 -4.19209e-05 0.000219775 -9.65102e-06 -4.19209e-05 0.00983251 -0.017834 -3.56974e-05 0.000219775 -0.017834 0.0873962 
0.00938284 -0.0172985 -2.81441e-05 -7.94623e-06 -0.0172985 0.0858495 -1.77335e-05 0.000150499 -2.81441e-05 -1.77335e-05 0.00961027 -0.0174377 -7.94623e-06 0.000150499 -0.0174377 0.0855491 
0.00922279 -0.017048 -3.64697e-05 1.60421e-05 -0.017048 0.0844624 6.18677e-06 8.13055e-05 -3.64697e-05 6.18677e-06 0.00947443 -0.0171408 1.60421e-05 8.13055e-05 -0.0171408 0.0841523 
0.00956533 -0.0176717 -3.82998e-05 2.90803e-05 -0.0176717 0.0875714 1.84197e-05 3.68275e-05 -3.82998e-05 1.84197e-05 0.00982406 -0.0177942 2.90803e-05 3.68275e-05 -0.0177942 0.0872473 
0.00956332 -0.0176376 -3.71506e-05 2.95756e-05 -0.0176376 0.0873631 1.9164e-05 1.77263e-05 -3.71506e-05 1.9164e-05 0.0097739 -0.01775 2.95756e-05 1.77263e-05 -0.01775 0.0870165 
0.00954104 -0.0176021 -2.09225e-05 3.04836e-05 -0.0176021 0.0870906 2.11672e-05 5.54853e-06 -2.09225e-05 2.11672e-05 0.00971509 -0.0176526 3.04836e-05 5.54853e-06 -0.0176526 0.0866266 
0.00950253 -0.0176139 -2.24228e-05 1.11909e-05 -0.0176139 0.0871098 2.76109e-06 2.74848e-05 -2.24228e-05 2.76109e-06 0.00972973 -0.0176202 1.11909e-05 2.74848e-05 -0.0176202 0.0865189 
0.00946107 -0.017506 -1.88879e-05 1.15201e-05 -0.017506 0.0867318 7.11222e-06 3.55478e-05 -1.88879e-05 7.11222e-06 0.00970003 -0.0175751 1.15201e-05 3.55478e-05 -0.0175751 0.0861886 
0.00943995 -0.0174724 -1.66005e-05 1.63597e-06 -0.0174724 0.0865635 -2.37979e-06 5.5801e-05 -1.66005e-05 -2.37979e-06 0.00968591 -0.0175687 1.63597e-06 5.5801e-05 -0.0175687 0.0861199 
0.00946491 -0.0175083 -1.79779e-05 -2.34924e-06 -0.0175083 0.086747 -3.76253e-06 6.87427e-05 -1.79779e-05 -3.76253e-06 0.0096882 -0.0176081 -2.34924e-06 6.87427e-05 -0.0176081 0.0863403 
0.00951603 -0.0175327 -1.77226e-05 -5.55852e-06 -0.0175327 0.0868591 9.37817e-08 7.51391e-05 -1.77226e-05 9.37817e-08 0.00965607 -0.0176156 -5.55852e-06 7.51391e-05 -0.0176156 0.0864536 
0.00954896 -0.0175485 -2.19551e-05 -2.15847e-06 -0.0175485 0.0867819 5.85365e-06 6.37829e-05 -2.19551e-05 5.85365e-06 0.00958154 -0.0175303 -2.15847e-06 6.37829e-05 -0.0175303 0.0862204 
0.00953937 -0.017561 -1.56379e-05 6.82088e-06 -0.017561 0.0866743 1.14618e-05 4.49051e-05 -1.56379e-05 1.14618e-05 0.00953588 -0.0174059 6.82088e-06 4.49051e-05 -0.0174059 0.0858163 
0.00947462 -0.0175091 -1.14392e-05 1.47106e-06 -0.0175091 0.0864016 2.18817e-06 4.51993e-05 -1.14392e-05 2.18817e-06 0.00952332 -0.0173036 1.47106e-06 4.51993e-05 -0.0173036 0.0853289 
0.00943083 -0.017458 -4.51798e-06 -6.21322e-06 -0.017458 0.0862862 -6.18513e-06 6.39429e-05 -4.51798e-06 -6.18513e-06 0.00954792 -0.0173234 -6.21322e-06 6.39429e-05 -0.0173234 0.0852581 
0.00944621 -0.0174447 5.91554e-06 -1.67381e-05 -0.0174447 0.0863587 -1.32772e-05 8.67231e-05 5.91554e-06 -1.32772e-05 0.00956008 -0.017414 -1.67381e-05 8.67231e-05 -0.017414 0.0855592 
0.00946549 -0.0174698 2.41901e-05 -2.71454e-05 -0.0174698 0.0864652 -2.03356e-05 0.000105051 2.41901e-05 -2.03356e-05 0.00956822 -0.0174493 -2.71454e-05 0.000105051 -0.0174493 0.0858069 
0.00947229 -0.0174898 2.24297e-05 -5.38025e-05 -0.0174898 0.0865484 -4.31831e-05 0.000154693 2.24297e-05 -4.31831e-05 0.00958513 -0.0174601 -5.38025e-05 0.000154693 -0.0174601 0.0859254 
0.00946358 -0.0174648 1.2607e-05 -5.69652e-05 -0.0174648 0.0864299 -4.63648e-05 0.00018963 1.2607e-05 -4.63648e-05 0.00956945 -0.0174364 -5.69652e-05 0.00018963 -0.0174364 0.0858031 
0.00945127 -0.0174594 4.83394e-06 -4.32819e-05 -0.0174594 0.0863856 -3.45852e-05 0.000180184 4.83394e-06 -3.45852e-05 0.00957423 -0.0174229 -4.32819e-05 0.000180184 -0.0174229 0.0857501 
0.00946882 -0.017471 7.29987e-06 -3.36778e-05 -0.017471 0.086475 -2.60853e-05 0.000160545 7.29987e-06 -2.60853e-05 0.0095839 -0.0174572 -3.36778e-05 0.000160545 -0.0174572 0.0858696 
0.00949995 -0.0175206 -8.05109e-06 -3.56734e-05 -0.0175206 0.0866927 -2.8464e-05 0.000155849 -8.05109e-06 -2.8464e-05 0.00959358 -0.0175016 -3.56734e-05 0.000155849 -0.0175016 0.0861008 
0.00948042 -0.0175295 -9.81857e-06 -2.18107e-05 -0.0175295 0.0866932 -1.13461e-05 0.000137552 -9.81857e-06 -1.13461e-05 0.0095966 -0.0174674 -2.18107e-05 0.000137552 -0.0174674 0.0860176 
0.0094609 -0.017524 1.09623e-06 -1.81748e-05 -0.017524 0.0867522 -3.13695e-06 0.000114033 1.09623e-06 -3.13695e-06 0.00962288 -0.0174911 -1.81748e-05 0.000114033 -0.0174911 0.086081 
0.00942352 -0.0174563 1.11459e-06 -3.31694e-05 -0.0174563 0.0865326 -1.91583e-05 0.00013403 1.11459e-06 -1.91583e-05 0.00964384 -0.0174898 -3.31694e-05 0.00013403 -0.0174898 0.0859933 
0.00939201 -0.017374 -6.43998e-06 -3.1202e-05 -0.017374 0.086194 -2.39127e-05 0.000151434 -6.43998e-06 -2.39127e-05 0.00965317 -0.0174929 -3.1202e-05 0.000151434 -0.0174929 0.0858695 
0.0094049 -0.0173975 -9.98147e-06 -1.96293e-05 -0.0173975 0.0862906 -2.11926e-05 0.000149181 -9.98147e-06 -2.11926e-05 0.00967911 -0.0175688 -1.96293e-05 0.000149181 -0.0175688 0.0861412 
0.00942442 -0.01742 -1.67138e-05 -8.42179e-06 -0.01742 0.0863939 -1.70525e-05 0.00013045 -1.67138e-05 -1.70525e-05 0.00967503 -0.0176059 -8.42179e-06 0.00013045 -0.0176059 0.086332 
0.00942627 -0.0174035 -3.21371e-05 2.07948e-07 -0.0174035 0.0862849 -1.39406e-05 0.000117206 -3.21371e-05 -1.39406e-05 0.00964044 -0.0175646 2.07948e-07 0.000117206 -0.0175646 0.0862198 
0.00944621 -0.0174074 -3.4381e-05 2.45667e-05 -0.0174074 0.0862454 9.98866e-06 6.59892e-05 -3.4381e-05 9.98866e-06 0.00959663 -0.0175203 2.45667e-05 6.59892e-05 -0.0175203 0.0860931 
0.00943617 -0.0174039 -4.8317e-05 3.12322e-05 -0.0174039 0.0861151 1.67947e-05 2.59071e-05 -4.8317e-05 1.67947e-05 0.00955404 -0.0174253 3.12322e-05 2.59071e-05 -0.0174253 0.0857623 
0.00940538 -0.0174001 -5.17571e-05 4.74163e-05 -0.0174001 0.0860613 3.39564e-05 -1.45574e-05 -5.17571e-05 3.39564e-05 0.00954453 -0.0173645 4.74163e-05 -1.45574e-05 -0.0173645 0.0855075 
0.00939948 -0.0173659 -3.5526e-05 5.13602e-05 -0.0173659 0.0859802 3.64463e-05 -3.68723e-05 -3.5526e-05 3.64463e-05 0.00951098 -0.0173455 5.13602e-05 -3.68723e-05 -0.0173455 0.0853557 
0.00938276 -0.01733 -1.67816e-05 2.72529e-05 -0.01733 0.085795 1.70829e-05 -8.44231e-06 -1.67816e-05 1.70829e-05 0.00947622 -0.017286 2.72529e-05 -8.44231e-06 -0.017286 0.085129 
0.00939359 -0.01731 -1.35372e-05 -5.21503e-06 -0.01731 0.0856944 -5.78073e-06 5.65879e-05 -1.35372e-05 -5.78073e-06 0.00943982 -0.0172531 -5.21503e-06 5.65879e-05 -0.0172531 0.0849975 
0.00941612 -0.0173086 -2.41696e-05 -1.01844e-05 -0.0173086 0.085599 -2.41694e-06 8.29442e-05 -2.41696e-05 -2.41694e-06 0.00939107 -0.0171982 -1.01844e-05 8.29442e-05 -0.0171982 0.0848158 
0.00944509 -0.0173447 -7.32378e-06 2.92079e-07 -0.0173447 0.0856411 1.36496e-05 6.8129e-05 -7.32378e-06 1.36496e-05 0.00933815 -0.0171442 2.92079e-07 6.8129e-05 -0.0171442 0.0846724 
0.00944273 -0.0173825 2.86825e-06 -1.25928e-05 -0.0173825 0.0857327 8.41368e-07 6.78591e-05 2.86825e-06 8.41368e-07 0.00932562 -0.0170903 -1.25928e-05 6.78591e-05 -0.0170903 0.0845519 
0.00940294 -0.0173631 -3.35112e-06 -2.34656e-05 -0.0173631 0.0856865 -1.51079e-05 9.4465e-05 -3.35112e-06 -1.51079e-05 0.00934891 -0.0170602 -2.34656e-05 9.4465e-05 -0.0170602 0.0844077 
0.00934977 -0.0172775 -1.40555e-05 -1.4518e-05 -0.0172775 0.0854149 -1.01438e-05 9.52817e-05 -1.40555e-05 -1.01438e-05 0.00937214 -0.0170672 -1.4518e-05 9.52817e-05 -0.0170672 0.0842772 
0.00928426 -0.0171941 -1.31447e-05 -2.46273e-06 -0.0171941 0.0851013 3.91633e-07 7.70942e-05 -1.31447e-05 3.91633e-07 0.009407 -0.0170898 -2.46273e-06 7.70942e-05 -0.0170898 0.0842284 
0.00925336 -0.0171418 -1.22277e-05 -8.10344e-06 -0.0171418 0.0849707 -5.70253e-06 8.36743e-05 -1.22277e-05 -5.70253e-06 0.00943824 -0.0171586 -8.10344e-06 8.36743e-05 -0.0171586 0.0843974 
0.00924213 -0.0171067 -1.99909e-05 -1.1623e-05 -0.0171067 0.0848711 -9.33979e-06 9.95516e-05 -1.99909e-05 -9.33979e-06 0.00944792 -0.0172033 -1.1623e-05 9.95516e-05 -0.0172033 0.0845509 
0.0092395 -0.0171006 -3.21492e-05 7.63513e-07 -0.0171006 0.0848587 2.46434e-06 8.57955e-05 -3.21492e-05 2.46434e-06 0.00946531 -0.0172332 7.63513e-07 8.57955e-05 -0.0172332 0.0847037 
0.00924302 -0.0170909 -2.91181e-05 1.60303e-05 -0.0170909 0.0848172 1.61737e-05 5.66723e-05 -2.91181e-05 1.61737e-05 0.00946832 -0.0172432 1.60303e-05 5.66723e-05 -0.0172432 0.084746 
0.009219 -0.0170838 -1.82682e-05 1.06541e-05 -0.0170838 0.0847465 1.09236e-05 5.53184e-05 -1.82682e-05 1.09236e-05 0.00947365 -0.01723 1.06541e-05 5.53184e-05 -0.01723 0.0846895 
0.00923327 -0.0170751 -1.69363e-05 -8.35424e-06 -0.0170751 0.084767 -4.02164e-06 8.80741e-05 -1.69363e-05 -4.02164e-06 0.00946146 -0.0172506 -8.35424e-06 8.80741e-05 -0.0172506 0.0847461 
0.00961818 -0.0177499 -2.12048e-05 -1.14061e-05 -0.0177499 0.0880745 -4.42801e-06 0.000112316 -2.12048e-05 -4.42801e-06 0.00981372 -0.0179091 -1.14061e-05 0.000112316 -0.0179091 0.0880494 
0.00962436 -0.0177443 -2.68524e-05 -1.6201e-06 -0.0177443 0.0879434 1.8531e-06 0.000100673 -2.68524e-05 1.8531e-06 0.00977307 -0.0178502 -1.6201e-06 0.000100673 -0.0178502 0.0878254 
0.00963078 -0.0177816 -2.97337e-05 7.53776e-06 -0.0177816 0.0880374 6.52724e-06 8.25995e-05 -2.97337e-05 6.52724e-06 0.00976234 -0.0178272 7.53776e-06 8.25995e-05 -0.0178272 0.0877805 
0.00960874 -0.0177934 -2.53252e-05 1.3659e-05 -0.0177934 0.0881013 1.13009e-05 6.42761e-05 -2.53252e-05 1.13009e-05 0.00977506 -0.017812 1.3659e-05 6.42761e-05 -0.017812 0.0877369 
0.00923755 -0.0170829 -1.61602e-05 8.90639e-06 -0.0170829 0.0846958 5.78711e-06 6.06098e-05 -1.61602e-05 5.78711e-06 0.00938337 -0.017142 8.90639e-06 6.06098e-05 -0.017142 0.0843704 
0.00926031 -0.0171003 -1.63361e-05 -3.55983e-06 -0.0171003 0.0847848 -5.06892e-06 8.0433e-05 -1.63361e-05 -5.06892e-06 0.0093682 -0.0171477 -3.55983e-06 8.0433e-05 -0.0171477 0.0844726 
0.00926312 -0.0171144 -1.78691e-05 -1.83569e-06 -0.0171144 0.0848117 -2.23452e-06 8.339e-05 -1.78691e-05 -2.23452e-06 0.00936512 -0.0171162 -1.83569e-06 8.339e-05 -0.0171162 0.0844293 
0.00924895 -0.0171233 -2.00583e-05 3.03264e-06 -0.0171233 0.0848661 2.62908e-06 7.01732e-05 -2.00583e-05 2.62908e-06 0.00938402 -0.0171167 3.03264e-06 7.01732e-05 -0.0171167 0.0844321 
0.00922596 -0.0170453 -1.97218e-05 6.9938e-06 -0.0170453 0.0845706 5.25493e-06 5.75426e-05 -1.97218e-05 5.25493e-06 0.00935499 -0.0170841 6.9938e-06 5.75426e-05 -0.0170841 0.084199 
0.00959089 -0.0177209 -1.5446e-05 1.05755e-05 -0.0177209 0.0878956 4.44655e-06 4.94443e-05 -1.5446e-05 4.44655e-06 0.00973998 -0.0177693 1.05755e-05 4.94443e-05 -0.0177693 0.0875803 
0.00956224 -0.0176741 -2.72422e-05 4.75048e-06 -0.0176741 0.0876562 -2.1769e-06 5.36181e-05 -2.72422e-05 -2.1769e-06 0.00973201 -0.0177393 4.75048e-06 5.36181e-05 -0.0177393 0.0873895 
0.00955381 -0.0176398 -4.39766e-05 1.79805e-05 -0.0176398 0.0874813 1.18888e-05 3.72496e-05 -4.39766e-05 1.18888e-05 0.00970938 -0.017721 1.79805e-05 3.72496e-05 -0.017721 0.0872489 
0.00955044 -0.0176298 -4.88648e-05 3.84583e-05 -0.0176298 0.0873785 3.40828e-05 -7.87458e-06 -4.88648e-05 3.40828e-05 0.0096994 -0.017693 3.84583e-05 -7.87458e-06 -0.017693 0.0871323 
0.00957879 -0.0176685 -2.48033e-05 4.7771e-05 -0.0176685 0.087534 4.43898e-05 -4.88673e-05 -2.48033e-05 4.43898e-05 0.00969657 -0.0177234 4.7771e-05 -4.88673e-05 -0.0177234 0.0872587 
0.0096189 -0.0177349 1.14414e-05 1.91863e-05 -0.0177349 0.0878154 1.44107e-05 -2.13505e-05 1.14414e-05 1.44107e-05 0.00968978 -0.0177565 1.91863e-05 -2.13505e-05 -0.0177565 0.0874822 
0.00958997 -0.0177134 2.94805e-05 -2.70677e-05 -0.0177134 0.0876698 -3.5262e-05 7.60023e-05 2.94805e-05 -3.5262e-05 0.00966742 -0.0176764 -2.70677e-05 7.60023e-05 -0.0176764 0.0872189 
0.00960355 -0.0177525 3.65528e-05 -5.1544e-05 -0.0177525 0.0879069 -6.34669e-05 0.00016686 3.65528e-05 -6.34669e-05 0.00968745 -0.017713 -5.1544e-05 0.00016686 -0.017713 0.087385 
0.00957306 -0.0177307 3.52453e-05 -5.90541e-05 -0.0177307 0.0878444 -6.69361e-05 0.000203821 3.52453e-05 -6.69361e-05 0.009704 -0.0176967 -5.90541e-05 0.000203821 -0.0176967 0.0873112 
0.00956855 -0.017663 2.05299e-05 -5.34598e-05 -0.017663 0.087617 -5.8099e-05 0.000195758 2.05299e-05 -5.8099e-05 0.0096826 -0.0176935 -5.34598e-05 0.000195758 -0.0176935 0.0871903 
0.00957686 -0.0177031 8.50746e-06 -3.72553e-05 -0.0177031 0.0877385 -3.88152e-05 0.000161082 8.50746e-06 -3.88152e-05 0.00970843 -0.0177203 -3.72553e-05 0.000161082 -0.0177203 0.0873525 
0.00958168 -0.0176937 1.20694e-05 -2.34356e-05 -0.0176937 0.087709 -2.40003e-05 0.000123375 1.20694e-05 -2.40003e-05 0.0096972 -0.0177226 -2.34356e-05 0.000123375 -0.0177226 0.0873346 
0.00958437 -0.0176947 1.41334e-05 -2.47919e-05 -0.0176947 0.0876796 -2.55185e-05 0.000106081 1.41334e-05 -2.55185e-05 0.0096833 -0.0177049 -2.47919e-05 0.000106081 -0.0177049 0.087283 
0.00959158 -0.0177478 -4.67248e-06 -2.83563e-05 -0.0177478 0.0879142 -2.90547e-05 0.000109475 -4.67248e-06 -2.90547e-05 0.00969811 -0.0177326 -2.83563e-05 0.000109475 -0.0177326 0.0874567 
0.00957804 -0.0177206 -2.1289e-05 -5.49207e-06 -0.0177206 0.0878686 -7.37227e-06 7.85618e-05 -2.1289e-05 -7.37227e-06 0.00968392 -0.0177208 -5.49207e-06 7.85618e-05 -0.0177208 0.0874148 
0.00955566 -0.0176497 -3.68263e-05 1.88141e-05 -0.0176497 0.0875778 1.56096e-05 2.04065e-05 -3.68263e-05 1.56096e-05 0.00964391 -0.0176692 1.88141e-05 2.04065e-05 -0.0176692 0.0871892 
0.00953523 -0.0176241 -4.26837e-05 3.95664e-05 -0.0176241 0.0874188 3.46177e-05 -3.63654e-05 -4.26837e-05 3.46177e-05 0.00963185 -0.0176244 3.95664e-05 -3.63654e-05 -0.0176244 0.0870372 
0.00954876 -0.0176101 -2.82551e-05 4.76467e-05 -0.0176101 0.0873646 4.45521e-05 -7.7041e-05 -2.82551e-05 4.45521e-05 0.00962016 -0.0176166 4.76467e-05 -7.7041e-05 -0.0176166 0.0869853 
0.00955597 -0.0176329 -2.38183e-05 3.00479e-05 -0.0176329 0.0873845 3.30427e-05 -7.38912e-05 -2.38183e-05 3.30427e-05 0.00962482 -0.0175998 3.00479e-05 -7.38912e-05 -0.0175998 0.0869378 
0.00954747 -0.0176388 -1.46275e-05 1.8362e-05 -0.0176388 0.0873833 2.55248e-05 -4.69925e-05 -1.46275e-05 2.55248e-05 0.00962942 -0.0175935 1.8362e-05 -4.69925e-05 -0.0175935 0.0868698 
0.00956521 -0.0176448 -1.56604e-05 1.11556e-05 -0.0176448 0.0874416 1.51393e-05 -2.6248e-05 -1.56604e-05 1.51393e-05 0.00962165 -0.0176159 1.11556e-05 -2.6248e-05 -0.0176159 0.0869284 
0.00957778 -0.0176787 -9.79495e-06 1.70704e-05 -0.0176787 0.0875607 1.46538e-05 -2.38903e-05 -9.79495e-06 1.46538e-05 0.00963594 -0.0176249 1.70704e-05 -2.38903e-05 -0.0176249 0.0870246 
0.00958498 -0.0177294 -7.5234e-06 1.06447e-05 -0.0177294 0.0878092 1.73144e-06 -8.53642e-06 -7.5234e-06 1.73144e-06 0.00967955 -0.0176739 1.06447e-05 -8.53642e-06 -0.0176739 0.0872479 
0.00961129 -0.0177695 6.28857e-06 2.95175e-06 -0.0177695 0.0880812 -5.14792e-06 1.59982e-05 6.28857e-06 -5.14792e-06 0.00971376 -0.0177515 2.95175e-06 1.59982e-05 -0.0177515 0.0875631 
0.00924035 -0.0170634 1.60893e-05 -1.89283e-05 -0.0170634 0.0846141 -2.2476e-05 6.10503e-05 1.60893e-05 -2.2476e-05 0.00932521 -0.0170731 -1.89283e-05 6.10503e-05 -0.0170731 0.0842035 
0.00924825 -0.0170872 1.76481e-05 -3.4566e-05 -0.0170872 0.084718 -3.36724e-05 0.000105769 1.76481e-05 -3.36724e-05 0.00934234 -0.0170882 -3.4566e-05 0.000105769 -0.0170882 0.0843375 
0.00923327 -0.0170494 -1.12022e-06 -3.66659e-05 -0.0170494 0.0845437 -2.80551e-05 0.000115717 -1.12022e-06 -2.80551e-05 0.00932074 -0.0170524 -3.66659e-05 0.000115717 -0.0170524 0.0841608 
0.00959813 -0.0177583 2.08408e-06 -1.80211e-05 -0.0177583 0.0880401 -6.18646e-06 9.27635e-05 2.08408e-06 -6.18646e-06 0.00972063 -0.0177494 -1.80211e-05 9.27635e-05 -0.0177494 0.0876203 
0.00957523 -0.0176934 -5.43991e-06 -1.78305e-05 -0.0176934 0.0878031 -7.94455e-06 7.42626e-05 -5.43991e-06 -7.94455e-06 0.00970631 -0.0177334 -1.78305e-05 7.42626e-05 -0.0177334 0.0874622 
0.0096105 -0.0177403 -1.48213e-05 -1.15621e-05 -0.0177403 0.08802 -4.12092e-06 6.86324e-05 -1.48213e-05 -4.12092e-06 0.00972559 -0.0177928 -1.15621e-05 6.86324e-05 -0.0177928 0.0877442 
0.00919796 -0.017038 -2.08415e-05 -7.67857e-07 -0.017038 0.0844771 4.53619e-06 5.26668e-05 -2.08415e-05 4.53619e-06 0.00934945 -0.0170542 -7.67857e-07 5.26668e-05 -0.0170542 0.0841617 
0.0095878 -0.017709 -3.24514e-05 1.21482e-05 -0.017709 0.0879129 1.85846e-05 2.16797e-05 -3.24514e-05 1.85846e-05 0.00972974 -0.0177726 1.21482e-05 2.16797e-05 -0.0177726 0.0876155 
0.00958382 -0.017726 -5.11277e-05 2.48031e-05 -0.017726 0.0879324 3.21104e-05 -1.2779e-05 -5.11277e-05 3.21104e-05 0.00974733 -0.0177765 2.48031e-05 -1.2779e-05 -0.0177765 0.087647 
0.00955505 -0.0176296 -5.1655e-05 4.72705e-05 -0.0176296 0.0874809 5.41908e-05 -6.00538e-05 -5.1655e-05 5.41908e-05 0.00970926 -0.0177076 4.72705e-05 -6.00538e-05 -0.0177076 0.0872388 
0.00954005 -0.0176104 -6.69206e-05 5.00261e-05 -0.0176104 0.0872837 5.21379e-05 -8.11009e-05 -6.69206e-05 5.21379e-05 0.00968886 -0.017671 5.00261e-05 -8.11009e-05 -0.017671 0.0870302 
0.00954562 -0.0176465 -6.79145e-05 6.42802e-05 -0.0176465 0.0874243 6.14874e-05 -9.32796e-05 -6.79145e-05 6.14874e-05 0.00970522 -0.0176976 6.42802e-05 -9.32796e-05 -0.0176976 0.0871377 
0.00955374 -0.0176493 -4.42417e-05 6.41969e-05 -0.0176493 0.0874663 6.24145e-05 -9.85142e-05 -4.42417e-05 6.24145e-05 0.0097 -0.0177106 6.41969e-05 -9.85142e-05 -0.0177106 0.0871785 
0.00957593 -0.0176639 -3.1254e-05 3.08137e-05 -0.0176639 0.0875186 3.65259e-05 -5.311e-05 -3.1254e-05 3.65259e-05 0.00967546 -0.0177109 3.08137e-05 -5.311e-05 -0.0177109 0.0872137 
0.00956768 -0.0176966 -1.979e-05 1.27282e-05 -0.0176966 0.0876109 2.55052e-05 -5.5339e-06 -1.979e-05 2.55052e-05 0.0096784 -0.017684 1.27282e-05 -5.5339e-06 -0.017684 0.0872007 
0.00955905 -0.0177146 -1.69552e-05 -4.56672e-06 -0.0177146 0.0877787 9.25864e-06 4.0533e-05 -1.69552e-05 9.25864e-06 0.00970823 -0.0177141 -4.56672e-06 4.0533e-05 -0.0177141 0.0873319 
0.00958685 -0.0177438 -3.09739e-05 -4.89879e-06 -0.0177438 0.0880523 9.07266e-07 6.80254e-05 -3.09739e-05 9.07266e-07 0.00974414 -0.0178069 -4.89879e-06 6.80254e-05 -0.0178069 0.0877215 
0.00955367 -0.0176673 -3.34684e-05 1.70933e-05 -0.0176673 0.0877046 1.35216e-05 5.12666e-05 -3.34684e-05 1.35216e-05 0.00973086 -0.0177579 1.70933e-05 5.12666e-05 -0.0177579 0.0875031 
0.00951729 -0.0176016 -2.5405e-05 2.53527e-05 -0.0176016 0.0873682 1.79141e-05 2.48997e-05 -2.5405e-05 1.79141e-05 0.00972032 -0.0177163 2.53527e-05 2.48997e-05 -0.0177163 0.0872559 
0.00953163 -0.0176349 1.65385e-08 1.53953e-05 -0.0176349 0.0875335 9.18854e-06 2.97796e-05 1.65385e-08 9.18854e-06 0.00974896 -0.0177828 1.53953e-05 2.97796e-05 -0.0177828 0.08751 
0.00955246 -0.0176599 1.48842e-05 -2.27542e-05 -0.0176599 0.087678 -2.35987e-05 9.56011e-05 1.48842e-05 -2.35987e-05 0.00974252 -0.0178292 -2.27542e-05 9.56011e-05 -0.0178292 0.0877306 
0.00954824 -0.0176605 2.20441e-05 -5.15424e-05 -0.0176605 0.0876674 -4.53978e-05 0.00017674 2.20441e-05 -4.53978e-05 0.00972798 -0.0177976 -5.15424e-05 0.00017674 -0.0177976 0.0877017 
0.00956584 -0.017639 3.04285e-05 -6.08391e-05 -0.017639 0.0875815 -4.91251e-05 0.00021593 3.04285e-05 -4.91251e-05 0.00968545 -0.0177618 -6.08391e-05 0.00021593 -0.0177618 0.0875745 
0.00958289 -0.017655 3.28374e-05 -7.22779e-05 -0.017655 0.0875423 -5.74892e-05 0.000244009 3.28374e-05 -5.74892e-05 0.00965222 -0.017696 -7.22779e-05 0.000244009 -0.017696 0.0873848 
0.00955187 -0.017637 1.01679e-05 -7.3022e-05 -0.017637 0.0873687 -5.93797e-05 0.000255487 1.01679e-05 -5.93797e-05 0.00962869 -0.017614 -7.3022e-05 0.000255487 -0.017614 0.0870352 
0.00949714 -0.0175695 -6.68713e-06 -4.09839e-05 -0.0175695 0.0870762 -2.98381e-05 0.000206694 -6.68713e-06 -2.98381e-05 0.00960864 -0.0175522 -4.09839e-05 0.000206694 -0.0175522 0.0866778 
0.00943255 -0.0174629 -1.94431e-05 -1.52686e-05 -0.0174629 0.0866384 -9.0575e-06 0.000139678 -1.94431e-05 -9.0575e-06 0.00958758 -0.0174968 -1.52686e-05 0.000139678 -0.0174968 0.0863198 
0.00942163 -0.0173903 -1.87688e-05 4.72064e-06 -0.0173903 0.0863389 6.23813e-06 8.3095e-05 -1.87688e-05 6.23813e-06 0.00954219 -0.017475 4.72064e-06 8.3095e-05 -0.017475 0.08614 
0.00942545 -0.017366 -2.25529e-05 1.41681e-05 -0.017366 0.0861424 7.97101e-06 4.4073e-05 -2.25529e-05 7.97101e-06 0.00949928 -0.0174231 1.41681e-05 4.4073e-05 -0.0174231 0.0859685 
0.00941432 -0.0173978 -1.77993e-05 2.17491e-05 -0.0173978 0.0861984 7.9631e-06 2.6033e-05 -1.77993e-05 7.9631e-06 0.00949627 -0.0173968 2.17491e-05 2.6033e-05 -0.0173968 0.085929 
0.00938403 -0.0173623 -1.10464e-05 1.24725e-05 -0.0173623 0.0860977 -2.97523e-06 3.92388e-05 -1.10464e-05 -2.97523e-06 0.00949483 -0.0173762 1.24725e-05 3.92388e-05 -0.0173762 0.0858148 
0.00939888 -0.0173575 -9.22539e-06 -1.418e-06 -0.0173575 0.0861603 -1.47265e-05 7.24295e-05 -9.22539e-06 -1.47265e-05 0.00949658 -0.0174186 -1.418e-06 7.24295e-05 -0.0174186 0.0859742 
0.00940105 -0.0173283 -5.76785e-06 -1.00146e-05 -0.0173283 0.0860007 -2.01671e-05 0.000105038 -5.76785e-06 -2.01671e-05 0.00947459 -0.0173923 -1.00146e-05 0.000105038 -0.0173923 0.085896 
0.00941956 -0.0173681 4.04058e-06 -1.34894e-05 -0.0173681 0.0861265 -2.35731e-05 0.000121329 4.04058e-06 -2.35731e-05 0.00948711 -0.0174075 -1.34894e-05 0.000121329 -0.0174075 0.0860188 
0.00943951 -0.0173961 5.88073e-06 -2.45356e-05 -0.0173961 0.0862314 -3.1663e-05 0.000138804 5.88073e-06 -3.1663e-05 0.00948523 -0.0174148 -2.45356e-05 0.000138804 -0.0174148 0.0860706 
0.00945454 -0.0174276 5.45491e-06 -2.66902e-05 -0.0174276 0.086325 -2.74482e-05 0.000139884 5.45491e-06 -2.74482e-05 0.00946925 -0.0173928 -2.66902e-05 0.000139884 -0.0173928 0.0860248 
0.0094502 -0.0174435 -1.40279e-05 -2.58918e-05 -0.0174435 0.0863762 -1.91476e-05 0.000124871 -1.40279e-05 -1.91476e-05 0.00946615 -0.0173635 -2.58918e-05 0.000124871 -0.0173635 0.085929 
0.00945653 -0.0174775 -2.13463e-05 -2.58738e-06 -0.0174775 0.0865862 8.12256e-06 7.74317e-05 -2.13463e-05 8.12256e-06 0.00949529 -0.0174002 -2.58738e-06 7.74317e-05 -0.0174002 0.08608 
0.00946731 -0.0174827 -8.96724e-07 7.63868e-06 -0.0174827 0.0866757 1.58429e-05 3.94285e-05 -8.96724e-07 1.58429e-05 0.00950332 -0.0174305 7.63868e-06 3.94285e-05 -0.0174305 0.0861895 
0.00944382 -0.0174421 1.87646e-05 -1.42803e-05 -0.0174421 0.0864783 -7.15392e-06 5.5535e-05 1.87646e-05 -7.15392e-06 0.0094927 -0.0173931 -1.42803e-05 5.5535e-05 -0.0173931 0.0860184 
0.00939844 -0.0174266 6.33242e-06 -3.47424e-05 -0.0174266 0.0864073 -3.38584e-05 0.00010401 6.33242e-06 -3.38584e-05 0.00952544 -0.0173862 -3.47424e-05 0.00010401 -0.0173862 0.0859575 
0.00939162 -0.0174226 8.96922e-07 -1.90233e-05 -0.0174226 0.0865439 -2.75282e-05 0.000114671 8.96922e-07 -2.75282e-05 0.00956854 -0.0174778 -1.90233e-05 0.000114671 -0.0174778 0.0862445 
0.0093981 -0.017426 5.52161e-06 -7.46769e-06 -0.017426 0.0866578 -2.0193e-05 9.30164e-05 5.52161e-06 -2.0193e-05 0.00959723 -0.0175496 -7.46769e-06 9.30164e-05 -0.0175496 0.08655 
0.00938377 -0.0173774 8.12697e-06 -8.99686e-06 -0.0173774 0.0864636 -2.216e-05 8.17608e-05 8.12697e-06 -2.216e-05 0.00958736 -0.0175387 -8.99686e-06 8.17608e-05 -0.0175387 0.0865055 
0.00935177 -0.0173071 7.48875e-07 -1.32405e-05 -0.0173071 0.0861095 -2.4984e-05 8.44814e-05 7.48875e-07 -2.4984e-05 0.00956598 -0.0174855 -1.32405e-05 8.44814e-05 -0.0174855 0.0862491 
0.00935275 -0.0172804 -7.7338e-06 -7.85818e-06 -0.0172804 0.0859529 -1.57134e-05 7.73883e-05 -7.7338e-06 -1.57134e-05 0.00953999 -0.0174716 -7.85818e-06 7.73883e-05 -0.0174716 0.0861497 
0.00937187 -0.0172898 -1.67438e-05 -4.79398e-06 -0.0172898 0.0859293 -5.34132e-06 6.65554e-05 -1.67438e-05 -5.34132e-06 0.00950497 -0.0174526 -4.79398e-06 6.65554e-05 -0.0174526 0.0861117 
0.00937635 -0.0173064 -1.45406e-05 1.655e-06 -0.0173064 0.0859202 9.0277e-06 4.66463e-05 -1.45406e-05 9.0277e-06 0.00948596 -0.0174018 1.655e-06 4.66463e-05 -0.0174018 0.0859842 
0.00939057 -0.0173488 -1.83072e-05 -2.07665e-06 -0.0173488 0.0860917 9.01887e-06 4.13779e-05 -1.83072e-05 9.01887e-06 0.00949361 -0.017401 -2.07665e-06 4.13779e-05 -0.017401 0.0860126 
0.00943044 -0.0173901 -2.53523e-05 5.62057e-06 -0.0173901 0.0863122 1.36444e-05 3.14967e-05 -2.53523e-05 1.36444e-05 0.00949273 -0.0174361 5.62057e-06 3.14967e-05 -0.0174361 0.0861711 
0.0094288 -0.0173779 -2.23712e-05 1.7481e-05 -0.0173779 0.0861819 1.77122e-05 1.42206e-05 -2.23712e-05 1.77122e-05 0.00945471 -0.0173747 1.7481e-05 1.42206e-05 -0.0173747 0.0859475 
0.00942046 -0.0173725 -4.79245e-06 1.42375e-05 -0.0173725 0.0860918 1.32073e-05 1.12845e-05 -4.79245e-06 1.32073e-05 0.00942678 -0.0173149 1.42375e-05 1.12845e-05 -0.0173149 0.0857193 
0.00938451 -0.0173283 1.02423e-05 -9.81944e-06 -0.0173283 0.0858543 -5.4593e-06 4.51658e-05 1.02423e-05 -5.4593e-06 0.00939721 -0.0172375 -9.81944e-06 4.51658e-05 -0.0172375 0.0853592 
0.00936503 -0.0173133 1.56722e-05 -3.49664e-05 -0.0173133 0.0858182 -2.50096e-05 0.000102743 1.56722e-05 -2.50096e-05 0.00940323 -0.0172325 -3.49664e-05 0.000102743 -0.0172325 0.0852946 
0.00934063 -0.0172917 -4.81904e-06 -4.38727e-05 -0.0172917 0.0857722 -3.24197e-05 0.000142462 -4.81904e-06 -3.24197e-05 0.00941788 -0.0172438 -4.38727e-05 0.000142462 -0.0172438 0.0852999 
0.00935928 -0.0172633 -2.63513e-05 -1.70766e-05 -0.0172633 0.0857245 -5.34193e-06 0.000113358 -2.63513e-05 -5.34193e-06 0.00939957 -0.0172764 -1.70766e-05 0.000113358 -0.0172764 0.0853898 
0.00936163 -0.0172734 -3.40876e-05 1.6102e-05 -0.0172734 0.0856796 2.50008e-05 3.82627e-05 -3.40876e-05 2.50008e-05 0.00938773 -0.0172453 1.6102e-05 3.82627e-05 -0.0172453 0.0853502 
0.00931525 -0.0172481 -4.03057e-05 3.09079e-05 -0.0172481 0.085525 3.54682e-05 -1.85359e-05 -4.03057e-05 3.54682e-05 0.00939643 -0.017194 3.09079e-05 -1.85359e-05 -0.017194 0.0851296 
0.00927708 -0.0171724 -4.54161e-05 3.86954e-05 -0.0171724 0.0852759 4.30648e-05 -5.10633e-05 -4.54161e-05 4.30648e-05 0.00939667 -0.0171911 3.86954e-05 -5.10633e-05 -0.0171911 0.0849734 
0.00925679 -0.0171243 -4.33969e-05 4.01718e-05 -0.0171243 0.0850907 4.68473e-05 -6.18305e-05 -4.33969e-05 4.68473e-05 0.00939995 -0.0172067 4.01718e-05 -6.18305e-05 -0.0172067 0.0849664 
0.00929551 -0.0171826 -4.81979e-05 3.52861e-05 -0.0171826 0.0853824 4.08637e-05 -5.21661e-05 -4.81979e-05 4.08637e-05 0.00943847 -0.0172982 3.52861e-05 -5.21661e-05 -0.0172982 0.0853882 
0.00932309 -0.0172091 -3.50506e-05 4.11535e-05 -0.0172091 0.0854863 4.42674e-05 -5.22454e-05 -3.50506e-05 4.42674e-05 0.00943661 -0.0173222 4.11535e-05 -5.22454e-05 -0.0173222 0.0855343 
0.00932831 -0.0172355 -1.80536e-05 2.97062e-05 -0.0172355 0.0855432 3.17697e-05 -4.03037e-05 -1.80536e-05 3.17697e-05 0.00943599 -0.0173036 2.97062e-05 -4.03037e-05 -0.0173036 0.0855202 
