0.00699923 0 -5.24272e-05 0 0 0.00986433 0 0 -5.24272e-05 0 0.00690561 0 0 0 0 0.00986433 
0.00956187 -0.0118666 -3.73187e-05 4.23464e-05 -0.0118666 0.0314908 4.23464e-05 -8.12358e-05 -3.73187e-05 4.23464e-05 0.00945893 -0.0117429 4.23464e-05 -8.12358e-05 -0.0117429 0.031254 
0.00980265 -0.0182505 9.09799e-06 -6.27662e-05 -0.0182505 0.0672686 -6.27662e-05 0.000232243 9.09799e-06 -6.27662e-05 0.00975909 -0.0181892 -6.27662e-05 0.000232243 -0.0181892 0.0671001 
0.00925622 -0.0178531 1.09872e-05 -0.000171535 -0.0178531 0.080046 -0.000177407 0.000889607 1.09872e-05 -0.000177407 0.00927218 -0.0179174 -0.000171535 0.000889607 -0.0179174 0.0804196 
0.00902621 -0.0167945 -2.27398e-05 -0.000146572 -0.0167945 0.080981 -0.000155435 0.0010749 -2.27398e-05 -0.000155435 0.00899318 -0.0169042 -0.000146572 0.0010749 -0.0169042 0.0816076 
0.00930738 -0.017066 -5.8719e-05 -7.19361e-05 -0.017066 0.0835995 -8.00364e-05 0.000857581 -5.8719e-05 -8.00364e-05 0.0092519 -0.0170924 -7.19361e-05 0.000857581 -0.0170924 0.0840962 
0.00950716 -0.0174064 -8.74546e-05 -8.78657e-06 -0.0174064 0.0855551 -1.58966e-05 0.000555304 -8.74546e-05 -1.58966e-05 0.00945954 -0.0173909 -8.78657e-06 0.000555304 -0.0173909 0.0858435 
0.00971617 -0.0177471 -0.000107903 3.20557e-05 -0.0177471 0.0874351 2.55551e-05 0.000337785 -0.000107903 2.55551e-05 0.00963766 -0.0177417 3.20557e-05 0.000337785 -0.0177417 0.0876386 
0.00950967 -0.0173383 -0.000104742 5.40233e-05 -0.0173383 0.085453 4.65611e-05 0.000202693 -0.000104742 4.65611e-05 0.00941338 -0.017305 5.40233e-05 0.000202693 -0.017305 0.0855917 
0.00938897 -0.0171006 -9.07278e-05 4.91258e-05 -0.0171006 0.0842164 4.09284e-05 0.000165684 -9.07278e-05 4.09284e-05 0.00926519 -0.0170352 4.91258e-05 0.000165684 -0.0170352 0.0842598 
0.00970323 -0.017707 -7.35932e-05 3.44509e-05 -0.017707 0.0871029 2.67425e-05 0.000190652 -7.35932e-05 2.67425e-05 0.00959248 -0.017592 3.44509e-05 0.000190652 -0.017592 0.087025 
0.00965507 -0.0176123 -5.80546e-05 5.21864e-06 -0.0176123 0.0866427 -1.21179e-06 0.000251598 -5.80546e-05 -1.21179e-06 0.00953325 -0.0175075 5.21864e-06 0.000251598 -0.0175075 0.0865088 
0.00964462 -0.0176051 -5.15312e-05 -1.41916e-05 -0.0176051 0.0865797 -2.35228e-05 0.000313704 -5.15312e-05 -2.35228e-05 0.00953087 -0.0174899 -1.41916e-05 0.000313704 -0.0174899 0.0864204 
0.00959674 -0.0175614 -6.09124e-05 -2.3583e-05 -0.0175614 0.0863685 -3.24275e-05 0.000353901 -6.09124e-05 -3.24275e-05 0.00952791 -0.0174546 -2.3583e-05 0.000353901 -0.0174546 0.0862023 
0.00956808 -0.0175187 -5.99757e-05 -1.58775e-05 -0.0175187 0.0862554 -2.11823e-05 0.000354995 -5.99757e-05 -2.11823e-05 0.00953651 -0.0174735 -1.58775e-05 0.000354995 -0.0174735 0.0861913 
0.00957105 -0.0175148 -7.22248e-05 -2.21646e-05 -0.0175148 0.0863057 -2.11977e-05 0.00035958 -7.22248e-05 -2.11977e-05 0.00955564 -0.0175284 -2.21646e-05 0.00035958 -0.0175284 0.086402 
0.00962353 -0.0175739 -8.54873e-05 -1.13166e-05 -0.0175739 0.0866093 -4.93373e-06 0.000345084 -8.54873e-05 -4.93373e-06 0.00956002 -0.0176076 -1.13166e-05 0.000345084 -0.0176076 0.086804 
0.00961882 -0.0175459 -8.36548e-05 7.03557e-06 -0.0175459 0.0864083 1.54325e-05 0.00030166 -8.36548e-05 1.54325e-05 0.00951243 -0.0175275 7.03557e-06 0.00030166 -0.0175275 0.0865652 
0.00956923 -0.0174854 -6.94206e-05 1.13454e-05 -0.0174854 0.0860362 1.80057e-05 0.000268439 -6.94206e-05 1.80057e-05 0.00947179 -0.0174041 1.13454e-05 0.000268439 -0.0174041 0.0860501 
0.00953223 -0.0174366 -6.3121e-05 3.55141e-07 -0.0174366 0.0858144 2.12817e-07 0.00027626 -6.3121e-05 2.12817e-07 0.00945114 -0.0173515 3.55141e-07 0.00027626 -0.0173515 0.0857403 
0.00948845 -0.0174077 -4.99805e-05 -5.25421e-06 -0.0174077 0.0857068 -1.11897e-05 0.00029773 -4.99805e-05 -1.11897e-05 0.0094632 -0.017333 -5.25421e-06 0.00029773 -0.017333 0.0856091 
0.00945911 -0.0173849 -3.07733e-05 -1.70948e-05 -0.0173849 0.0857198 -2.81257e-05 0.000326419 -3.07733e-05 -2.81257e-05 0.00948494 -0.0173759 -1.70948e-05 0.000326419 -0.0173759 0.0857106 
0.00948062 -0.0173506 -1.51712e-05 -4.23273e-05 -0.0173506 0.0856882 -5.63981e-05 0.000383305 -1.51712e-05 -5.63981e-05 0.00945278 -0.0174158 -4.23273e-05 0.000383305 -0.0174158 0.085853 
0.00950304 -0.0173795 -2.73092e-05 -5.96252e-05 -0.0173795 0.0857391 -7.35181e-05 0.000431619 -2.73092e-05 -7.35181e-05 0.00943354 -0.0173841 -5.96252e-05 0.000431619 -0.0173841 0.0858918 
0.00949635 -0.0173751 -4.51685e-05 -4.73977e-05 -0.0173751 0.0856517 -5.97122e-05 0.00043153 -4.51685e-05 -5.97122e-05 0.00939797 -0.0173122 -4.73977e-05 0.00043153 -0.0173122 0.0856464 
0.00949177 -0.0173436 -5.39575e-05 -2.41976e-05 -0.0173436 0.0854795 -3.1866e-05 0.000381369 -5.39575e-05 -3.1866e-05 0.00936047 -0.0172369 -2.41976e-05 0.000381369 -0.0172369 0.0853235 
0.00949119 -0.0173948 -5.75338e-05 -1.31526e-05 -0.0173948 0.0856592 -1.09854e-05 0.000326236 -5.75338e-05 -1.09854e-05 0.0093926 -0.0172374 -1.31526e-05 0.000326236 -0.0172374 0.0853532 
0.00945017 -0.0173612 -6.79551e-05 -8.91943e-06 -0.0173612 0.085582 3.37016e-06 0.000282944 -6.79551e-05 3.37016e-06 0.00942321 -0.0172516 -8.91943e-06 0.000282944 -0.0172516 0.0852981 
0.0093945 -0.0172517 -7.10432e-05 8.91174e-07 -0.0172517 0.0851809 1.54207e-05 0.000249606 -7.10432e-05 1.54207e-05 0.00941295 -0.0172445 8.91174e-07 0.000249606 -0.0172445 0.0851016 
0.00936455 -0.0171392 -5.0052e-05 5.75722e-06 -0.0171392 0.0846885 1.50937e-05 0.000234562 -5.0052e-05 1.50937e-05 0.00936671 -0.0172087 5.75722e-06 0.000234562 -0.0172087 0.084855 
0.00937308 -0.0171244 -5.59243e-05 -1.24194e-05 -0.0171244 0.0845216 -6.03826e-06 0.000252337 -5.59243e-05 -6.03826e-06 0.00933909 -0.0171834 -1.24194e-05 0.000252337 -0.0171834 0.084789 
0.0094008 -0.0171822 -7.50896e-05 -1.05947e-05 -0.0171822 0.0846851 -2.57815e-07 0.000263639 -7.50896e-05 -2.57815e-07 0.00931999 -0.0171827 -1.05947e-05 0.000263639 -0.0171827 0.0848715 
0.00944923 -0.017251 -8.41797e-05 9.94284e-06 -0.017251 0.0849779 2.35042e-05 0.000231893 -8.41797e-05 2.35042e-05 0.00929567 -0.0171885 9.94284e-06 0.000231893 -0.0171885 0.0850151 
0.00947967 -0.0173231 -7.03382e-05 2.51927e-05 -0.0173231 0.085258 3.48555e-05 0.000190065 -7.03382e-05 3.48555e-05 0.009283 -0.0171623 2.51927e-05 0.000190065 -0.0171623 0.0850695 
0.00943446 -0.0172971 -6.02245e-05 1.3675e-05 -0.0172971 0.0851205 1.5468e-05 0.000195228 -6.02245e-05 1.5468e-05 0.00926562 -0.0170693 1.3675e-05 0.000195228 -0.0170693 0.0847115 
0.00935854 -0.017199 -6.18379e-05 5.47598e-06 -0.017199 0.0847634 8.60048e-07 0.000218577 -6.18379e-05 8.60048e-07 0.00927047 -0.0170071 5.47598e-06 0.000218577 -0.0170071 0.0843251 
0.00932239 -0.0171078 -7.17481e-05 1.03416e-05 -0.0171078 0.0844679 3.4131e-06 0.000220053 -7.17481e-05 3.4131e-06 0.0092705 -0.0170221 1.03416e-05 0.000220053 -0.0170221 0.0842073 
0.00967664 -0.0177722 -7.69774e-05 1.98107e-05 -0.0177722 0.0877686 1.45142e-05 0.000215304 -7.69774e-05 1.45142e-05 0.0096731 -0.0177369 1.98107e-05 0.000215304 -0.0177369 0.0876823 
0.0096375 -0.0177276 -7.63134e-05 2.14483e-05 -0.0177276 0.0875973 1.96385e-05 0.000199974 -7.63134e-05 1.96385e-05 0.00969932 -0.0177577 2.14483e-05 0.000199974 -0.0177577 0.0876847 
0.00962231 -0.0176646 -6.54821e-05 2.11473e-05 -0.0176646 0.0873784 2.53632e-05 0.000186161 -6.54821e-05 2.53632e-05 0.00969112 -0.0177833 2.11473e-05 0.000186161 -0.0177833 0.0876851 
0.00961543 -0.0176254 -7.46211e-05 1.00586e-05 -0.0176254 0.0871479 1.64837e-05 0.00019019 -7.46211e-05 1.64837e-05 0.00965988 -0.0177579 1.00586e-05 0.00019019 -0.0177579 0.0875808 
0.00963019 -0.0176659 -9.22443e-05 2.32537e-05 -0.0176659 0.0872743 3.1343e-05 0.000169736 -9.22443e-05 3.1343e-05 0.00965909 -0.017768 2.32537e-05 0.000169736 -0.017768 0.0877007 
0.00962364 -0.0176721 -7.98369e-05 4.44963e-05 -0.0176721 0.0873051 5.47445e-05 0.000120721 -7.98369e-05 5.47445e-05 0.00965552 -0.0177544 4.44963e-05 0.000120721 -0.0177544 0.0876853 
0.00963268 -0.0176794 -7.02206e-05 3.33183e-05 -0.0176794 0.0873713 4.24119e-05 0.000111167 -7.02206e-05 4.24119e-05 0.00964201 -0.0177565 3.33183e-05 0.000111167 -0.0177565 0.0877154 
0.0096458 -0.0176999 -6.46149e-05 2.60163e-05 -0.0176999 0.0874616 2.49044e-05 0.000132444 -6.46149e-05 2.49044e-05 0.00962841 -0.0177432 2.60163e-05 0.000132444 -0.0177432 0.087735 
0.00964392 -0.0176666 -8.53902e-05 2.91992e-05 -0.0176666 0.087287 1.86193e-05 0.000136408 -8.53902e-05 1.86193e-05 0.00957953 -0.0176718 2.91992e-05 0.000136408 -0.0176718 0.0874588 
0.00963248 -0.0176605 -8.39565e-05 5.76143e-05 -0.0176605 0.0871843 4.22158e-05 9.47903e-05 -8.39565e-05 4.22158e-05 0.00954713 -0.0176031 5.76143e-05 9.47903e-05 -0.0176031 0.087206 
0.009622 -0.0176425 -6.98577e-05 5.68364e-05 -0.0176425 0.0871007 4.33316e-05 6.78147e-05 -6.98577e-05 4.33316e-05 0.00953502 -0.0175604 5.68364e-05 6.78147e-05 -0.0175604 0.0870173 
0.00962678 -0.0176541 -5.43874e-05 3.54405e-05 -0.0176541 0.0871607 2.89897e-05 8.89399e-05 -5.43874e-05 2.89897e-05 0.0095344 -0.0175712 3.54405e-05 8.89399e-05 -0.0175712 0.0870413 
0.00965677 -0.0177118 -4.20155e-05 9.12429e-06 -0.0177118 0.0874484 1.31188e-05 0.000136352 -4.20155e-05 1.31188e-05 0.0095478 -0.0176191 9.12429e-06 0.000136352 -0.0176191 0.0872992 
0.00961992 -0.0176677 -4.26358e-05 -1.40317e-05 -0.0176677 0.0872367 -2.03556e-06 0.000190928 -4.26358e-05 -2.03556e-06 0.00952965 -0.0175517 -1.40317e-05 0.000190928 -0.0175517 0.0870348 
0.00957079 -0.0175878 -2.93969e-05 -1.27362e-05 -0.0175878 0.086905 -5.07421e-06 0.000215157 -2.93969e-05 -5.07421e-06 0.00951331 -0.0174966 -1.27362e-05 0.000215157 -0.0174966 0.0867197 
0.00951644 -0.0174751 -2.38706e-05 -2.14597e-05 -0.0174751 0.0864121 -2.22662e-05 0.000237755 -2.38706e-05 -2.22662e-05 0.00948368 -0.01744 -2.14597e-05 0.000237755 -0.01744 0.0863515 
0.00946977 -0.017409 -1.39998e-05 -2.42417e-05 -0.017409 0.086078 -3.06759e-05 0.000256875 -1.39998e-05 -3.06759e-05 0.0094685 -0.0173973 -2.42417e-05 0.000256875 -0.0173973 0.086101 
0.00948525 -0.0174373 -2.44008e-05 -3.15394e-05 -0.0174373 0.086251 -3.86186e-05 0.000268051 -2.44008e-05 -3.86186e-05 0.0094909 -0.0174552 -3.15394e-05 0.000268051 -0.0174552 0.0863374 
0.00952491 -0.0174683 -2.46546e-05 -1.98986e-05 -0.0174683 0.0864267 -2.40563e-05 0.000252642 -2.46546e-05 -2.40563e-05 0.00948604 -0.0175038 -1.98986e-05 0.000252642 -0.0175038 0.086575 
0.00949536 -0.017481 -4.69907e-05 -1.78347e-05 -0.017481 0.0864087 -1.77079e-05 0.000230447 -4.69907e-05 -1.77079e-05 0.00949772 -0.0174613 -1.78347e-05 0.000230447 -0.0174613 0.086492 
0.00949082 -0.017451 -5.67712e-05 4.49929e-06 -0.017451 0.086372 4.23527e-06 0.000193844 -5.67712e-05 4.23527e-06 0.00949181 -0.0174716 4.49929e-06 0.000193844 -0.0174716 0.0864611 
0.00946986 -0.0174177 -5.64159e-05 2.21944e-05 -0.0174177 0.0862109 2.00233e-05 0.000143224 -5.64159e-05 2.00233e-05 0.00949197 -0.0174434 2.21944e-05 0.000143224 -0.0174434 0.0863352 
0.00946933 -0.0174001 -5.31259e-05 2.7313e-05 -0.0174001 0.0861343 2.09875e-05 0.000115134 -5.31259e-05 2.09875e-05 0.00948552 -0.0174449 2.7313e-05 0.000115134 -0.0174449 0.0862894 
0.00944996 -0.0173764 -4.79612e-05 2.42675e-05 -0.0173764 0.0859754 1.45338e-05 0.000113991 -4.79612e-05 1.45338e-05 0.00947462 -0.0174081 2.42675e-05 0.000113991 -0.0174081 0.0861171 
0.00948382 -0.0174343 -5.21675e-05 1.72552e-05 -0.0174343 0.0862756 2.89048e-06 0.000133236 -5.21675e-05 2.89048e-06 0.00949794 -0.0174826 1.72552e-05 0.000133236 -0.0174826 0.0864373 
0.00953978 -0.0174672 -5.9934e-05 1.87977e-05 -0.0174672 0.0864283 4.96149e-06 0.000143644 -5.9934e-05 4.96149e-06 0.00947186 -0.0174986 1.87977e-05 0.000143644 -0.0174986 0.0865681 
0.00959027 -0.0175575 -5.77825e-05 2.42426e-05 -0.0175575 0.0867096 1.90266e-05 0.0001317 -5.77825e-05 1.90266e-05 0.00945901 -0.0174826 2.42426e-05 0.0001317 -0.0174826 0.0866634 
0.0096047 -0.0175964 -5.44542e-05 1.99507e-05 -0.0175964 0.0868007 1.9255e-05 0.000128393 -5.44542e-05 1.9255e-05 0.00943335 -0.0174192 1.99507e-05 0.000128393 -0.0174192 0.0864706 
0.00960735 -0.0176215 -5.82691e-05 1.20914e-05 -0.0176215 0.0868918 1.35211e-05 0.000142209 -5.82691e-05 1.35211e-05 0.009426 -0.0173833 1.20914e-05 0.000142209 -0.0173833 0.0863311 
0.00960262 -0.017646 -7.90737e-05 1.6326e-05 -0.017646 0.0870432 2.17525e-05 0.000138273 -7.90737e-05 2.17525e-05 0.00945366 -0.0174011 1.6326e-05 0.000138273 -0.0174011 0.0863917 
0.00958504 -0.0176518 -7.6414e-05 4.25608e-05 -0.0176518 0.0871671 4.8207e-05 9.34098e-05 -7.6414e-05 4.8207e-05 0.00950316 -0.0174587 4.25608e-05 9.34098e-05 -0.0174587 0.0865827 
0.00959244 -0.0176597 -6.69263e-05 4.12779e-05 -0.0176597 0.0873468 4.42567e-05 7.35276e-05 -6.69263e-05 4.42567e-05 0.00955455 -0.017561 4.12779e-05 7.35276e-05 -0.017561 0.0869648 
0.00957318 -0.0176259 -4.22345e-05 3.19703e-05 -0.0176259 0.0872464 3.1084e-05 8.68147e-05 -4.22345e-05 3.1084e-05 0.00957851 -0.0175936 3.19703e-05 8.68147e-05 -0.0175936 0.087079 
0.00950107 -0.0174918 -2.24161e-05 1.61184e-06 -0.0174918 0.086618 -3.25004e-06 0.000146915 -2.24161e-05 -3.25004e-06 0.00954668 -0.017505 1.61184e-06 0.000146915 -0.017505 0.0865969 
0.0094759 -0.0174383 -2.15012e-05 -2.29936e-05 -0.0174383 0.0863764 -3.03096e-05 0.000218327 -2.15012e-05 -3.03096e-05 0.00954366 -0.017505 -2.29936e-05 0.000218327 -0.017505 0.0864964 
0.00943629 -0.0173934 -2.4978e-05 -2.61367e-05 -0.0173934 0.0861475 -3.09981e-05 0.000251182 -2.4978e-05 -3.09981e-05 0.00954834 -0.0174869 -2.61367e-05 0.000251182 -0.0174869 0.0863642 
0.0094347 -0.0173579 -2.50466e-05 -1.99465e-05 -0.0173579 0.0860338 -2.30926e-05 0.000245197 -2.50466e-05 -2.30926e-05 0.00953594 -0.0175082 -1.99465e-05 0.000245197 -0.0175082 0.086374 
0.00948078 -0.017408 -4.70222e-05 -1.92865e-05 -0.017408 0.0862412 -2.1233e-05 0.000236818 -4.70222e-05 -2.1233e-05 0.00952765 -0.0175546 -1.92865e-05 0.000236818 -0.0175546 0.0866444 
0.00952416 -0.0174822 -8.17939e-05 6.35782e-06 -0.0174822 0.0865078 5.0736e-06 0.000195117 -8.17939e-05 5.0736e-06 0.00951748 -0.0175543 6.35782e-06 0.000195117 -0.0175543 0.0868012 
0.00953154 -0.0175115 -9.07499e-05 5.39831e-05 -0.0175115 0.0865956 4.91146e-05 0.000100184 -9.07499e-05 4.91146e-05 0.00950431 -0.0175133 5.39831e-05 0.000100184 -0.0175133 0.0867161 
0.00952221 -0.017499 -8.95658e-05 7.58875e-05 -0.017499 0.0865299 6.60039e-05 1.42472e-05 -8.95658e-05 6.60039e-05 0.00949252 -0.0174627 7.58875e-05 1.42472e-05 -0.0174627 0.0865013 
0.0095033 -0.017482 -5.55969e-05 7.34002e-05 -0.017482 0.0864389 6.28667e-05 -1.03607e-05 -5.55969e-05 6.28667e-05 0.00949288 -0.0174309 7.34002e-05 -1.03607e-05 -0.0174309 0.0863156 
0.00951986 -0.0175463 -3.05657e-05 2.67752e-05 -0.0175463 0.086776 1.72688e-05 6.09113e-05 -3.05657e-05 1.72688e-05 0.00955531 -0.0175081 2.67752e-05 6.09113e-05 -0.0175081 0.0866242 
0.00953083 -0.0175366 -3.40099e-05 -1.02967e-05 -0.0175366 0.0868082 -1.88365e-05 0.000163095 -3.40099e-05 -1.88365e-05 0.0095715 -0.017554 -1.02967e-05 0.000163095 -0.017554 0.0867315 
0.00954626 -0.0175689 -3.8785e-05 -6.30693e-06 -0.0175689 0.0869443 -1.53014e-05 0.000200043 -3.8785e-05 -1.53014e-05 0.00959449 -0.0176027 -6.30693e-06 0.000200043 -0.0176027 0.0869433 
0.00956574 -0.0175998 -4.06833e-05 -2.58526e-06 -0.0175998 0.0871053 -9.57843e-06 0.000202265 -4.06833e-05 -9.57843e-06 0.00960942 -0.0176488 -2.58526e-06 0.000202265 -0.0176488 0.0871567 
0.00955866 -0.0176122 -4.76683e-05 -2.60307e-06 -0.0176122 0.0871549 -4.63427e-06 0.000197527 -4.76683e-05 -4.63427e-06 0.00961369 -0.0176496 -2.60307e-06 0.000197527 -0.0176496 0.0872015 
0.00953997 -0.0175608 -3.83184e-05 6.36713e-06 -0.0175608 0.0869565 7.66271e-06 0.000177245 -3.83184e-05 7.66271e-06 0.00958388 -0.0176104 6.36713e-06 0.000177245 -0.0176104 0.087013 
0.00953845 -0.0175477 -1.52091e-05 -7.806e-06 -0.0175477 0.0868991 -3.31281e-06 0.00018749 -1.52091e-05 -3.31281e-06 0.00957457 -0.0176008 -7.806e-06 0.00018749 -0.0176008 0.0869882 
0.00959728 -0.0176236 6.27987e-06 -3.97125e-05 -0.0176236 0.0872668 -3.41239e-05 0.000249039 6.27987e-06 -3.41239e-05 0.009599 -0.0176753 -3.97125e-05 0.000249039 -0.0176753 0.087379 
0.0096341 -0.0176877 4.72072e-06 -6.74638e-05 -0.0176877 0.0875125 -6.27032e-05 0.000324383 4.72072e-06 -6.27032e-05 0.00961168 -0.0176992 -6.74638e-05 0.000324383 -0.0176992 0.0875771 
0.00963064 -0.0177051 -9.28763e-06 -6.16424e-05 -0.0177051 0.0875419 -5.83773e-05 0.000343622 -9.28763e-06 -5.83773e-05 0.00961124 -0.0176637 -6.16424e-05 0.000343622 -0.0176637 0.087468 
0.00961172 -0.017688 -3.40925e-05 -4.07456e-05 -0.017688 0.087476 -4.03711e-05 0.000312883 -3.40925e-05 -4.03711e-05 0.00960793 -0.0176381 -4.07456e-05 0.000312883 -0.0176381 0.0873085 
0.00960223 -0.0176877 -5.93164e-05 -1.15309e-05 -0.0176877 0.0875101 -1.26901e-05 0.000253518 -5.93164e-05 -1.26901e-05 0.00961986 -0.0176506 -1.15309e-05 0.000253518 -0.0176506 0.0873209 
0.00955789 -0.0176144 -7.45995e-05 2.279e-05 -0.0176144 0.0872141 1.9844e-05 0.000173469 -7.45995e-05 1.9844e-05 0.00961536 -0.0176166 2.279e-05 0.000173469 -0.0176166 0.0870979 
0.00957011 -0.0175839 -8.56164e-05 4.40204e-05 -0.0175839 0.0871215 4.36321e-05 0.000100824 -8.56164e-05 4.36321e-05 0.00960236 -0.0176452 4.40204e-05 0.000100824 -0.0176452 0.0871448 
0.00958598 -0.0175951 -6.43811e-05 5.81012e-05 -0.0175951 0.0870913 5.94442e-05 4.75848e-05 -6.43811e-05 5.94442e-05 0.00958099 -0.0176343 5.81012e-05 4.75848e-05 -0.0176343 0.0871566 
0.00958766 -0.017611 -5.15078e-05 3.22309e-05 -0.017611 0.0870865 3.26425e-05 6.79372e-05 -5.15078e-05 3.26425e-05 0.00956692 -0.0175965 3.22309e-05 6.79372e-05 -0.0175965 0.0870612 
0.00959295 -0.017657 -2.93692e-05 1.36827e-05 -0.017657 0.087297 1.08751e-05 0.000120295 -2.93692e-05 1.08751e-05 0.00959089 -0.0176162 1.36827e-05 0.000120295 -0.0176162 0.087179 
0.00961979 -0.017691 -2.38413e-05 -1.69724e-05 -0.017691 0.0875389 -2.07726e-05 0.000196234 -2.38413e-05 -2.07726e-05 0.00960705 -0.0176753 -1.69724e-05 0.000196234 -0.0176753 0.0874276 
0.00961417 -0.0176862 -4.38079e-05 -3.04232e-05 -0.0176862 0.0875135 -3.07939e-05 0.000255138 -4.38079e-05 -3.07939e-05 0.00961037 -0.0176604 -3.04232e-05 0.000255138 -0.0176604 0.0874051 
0.00959643 -0.017644 -5.42057e-05 -6.54965e-06 -0.017644 0.0873222 -2.51954e-06 0.000233258 -5.42057e-05 -2.51954e-06 0.00959502 -0.017629 -6.54965e-06 0.000233258 -0.017629 0.0872273 
0.00957668 -0.0176043 -5.6821e-05 9.04027e-06 -0.0176043 0.0871071 1.47416e-05 0.000186018 -5.6821e-05 1.47416e-05 0.00957398 -0.0175893 9.04027e-06 0.000186018 -0.0175893 0.0870192 
0.00955602 -0.017538 -4.87789e-05 1.54981e-05 -0.017538 0.0867714 1.79647e-05 0.000157597 -4.87789e-05 1.79647e-05 0.00952494 -0.017527 1.54981e-05 0.000157597 -0.017527 0.0866949 
0.00955069 -0.0175561 -3.48713e-05 6.60906e-06 -0.0175561 0.0867829 8.30385e-06 0.000162352 -3.48713e-05 8.30385e-06 0.00951606 -0.0175046 6.60906e-06 0.000162352 -0.0175046 0.0866404 
0.00952978 -0.0175386 -2.57749e-05 -8.7173e-06 -0.0175386 0.0867196 -6.07062e-06 0.000186626 -2.57749e-05 -6.07062e-06 0.00951119 -0.0174794 -8.7173e-06 0.000186626 -0.0174794 0.0865254 
0.0094967 -0.0174886 -3.47584e-05 -2.25247e-05 -0.0174886 0.0865308 -1.99579e-05 0.000222857 -3.47584e-05 -1.99579e-05 0.00949859 -0.0174534 -2.25247e-05 0.000222857 -0.0174534 0.0863624 
0.00947492 -0.0174457 -4.92086e-05 -1.20627e-05 -0.0174457 0.0863672 -1.21069e-05 0.000223878 -4.92086e-05 -1.21069e-05 0.0094963 -0.0174373 -1.20627e-05 0.000223878 -0.0174373 0.0862641 
0.00948577 -0.0174509 -7.20155e-05 1.01708e-05 -0.0174509 0.086408 6.1582e-06 0.000185857 -7.20155e-05 6.1582e-06 0.009501 -0.0174669 1.01708e-05 0.000185857 -0.0174669 0.086374 
0.00947926 -0.0174425 -9.04909e-05 4.11667e-05 -0.0174425 0.0863399 3.35166e-05 0.000121064 -9.04909e-05 3.35166e-05 0.00949096 -0.0174485 4.11667e-05 0.000121064 -0.0174485 0.0863139 
0.00948182 -0.0174164 -7.37367e-05 7.0953e-05 -0.0174164 0.0862073 6.25235e-05 3.68121e-05 -7.37367e-05 6.25235e-05 0.00945271 -0.0174128 7.0953e-05 3.68121e-05 -0.0174128 0.0861537 
0.00948028 -0.0174394 -5.20791e-05 5.21945e-05 -0.0174394 0.0862359 4.38732e-05 2.78143e-05 -5.20791e-05 4.38732e-05 0.00944388 -0.0173729 5.21945e-05 2.78143e-05 -0.0173729 0.086055 
0.0094585 -0.0174661 -3.18556e-05 2.13704e-05 -0.0174661 0.0863827 1.57677e-05 8.08788e-05 -3.18556e-05 1.57677e-05 0.00948181 -0.0173845 2.13704e-05 8.08788e-05 -0.0173845 0.0861083 
0.0094177 -0.0174187 -1.31016e-05 -7.17332e-06 -0.0174187 0.0863128 -5.93791e-06 0.000146001 -1.31016e-05 -5.93791e-06 0.00951225 -0.0174174 -7.17332e-06 0.000146001 -0.0174174 0.0861361 
0.00940385 -0.0173368 2.95399e-06 -3.3965e-05 -0.0173368 0.0860588 -2.74066e-05 0.000209834 2.95399e-06 -2.74066e-05 0.00949242 -0.017441 -3.3965e-05 0.000209834 -0.017441 0.0861292 
0.00941576 -0.0173095 -6.42574e-07 -5.0547e-05 -0.0173095 0.0858797 -4.31222e-05 0.000255376 -6.42574e-07 -4.31222e-05 0.00945013 -0.0174154 -5.0547e-05 0.000255376 -0.0174154 0.0860734 
0.00939561 -0.0172874 -2.71358e-05 -4.51527e-05 -0.0172874 0.0856438 -3.79718e-05 0.000262296 -2.71358e-05 -3.79718e-05 0.00941565 -0.0173195 -4.51527e-05 0.000262296 -0.0173195 0.0857468 
0.00939459 -0.017296 -3.98256e-05 -1.39843e-05 -0.017296 0.0856646 -5.12857e-06 0.000211795 -3.98256e-05 -5.12857e-06 0.00941249 -0.017305 -1.39843e-05 0.000211795 -0.017305 0.0856706 
0.0093806 -0.0172799 -4.95049e-05 2.87553e-06 -0.0172799 0.0855784 1.10301e-05 0.000156448 -4.95049e-05 1.10301e-05 0.00940252 -0.0172767 2.87553e-06 0.000156448 -0.0172767 0.085521 
0.00939688 -0.0172963 -5.09444e-05 1.48895e-05 -0.0172963 0.0856782 2.21091e-05 0.000120354 -5.09444e-05 2.21091e-05 0.00939598 -0.0173003 1.48895e-05 0.000120354 -0.0173003 0.085613 
0.00936013 -0.0172454 -2.50939e-05 1.41342e-05 -0.0172454 0.0853928 1.83082e-05 0.000115147 -2.50939e-05 1.83082e-05 0.00935979 -0.0172161 1.41342e-05 0.000115147 -0.0172161 0.0852719 
0.00935117 -0.0172235 -1.03084e-05 -1.60065e-05 -0.0172235 0.08532 -1.04718e-05 0.000158146 -1.03084e-05 -1.04718e-05 0.00934709 -0.0172056 -1.60065e-05 0.000158146 -0.0172056 0.0852013 
0.00936758 -0.0172542 -2.06864e-05 -3.86799e-05 -0.0172542 0.0854932 -2.99577e-05 0.000218704 -2.06864e-05 -2.99577e-05 0.00936374 -0.0172488 -3.86799e-05 0.000218704 -0.0172488 0.0854237 
0.00935758 -0.0172868 -2.99313e-05 -2.35297e-05 -0.0172868 0.0856737 -1.5359e-05 0.000216976 -2.99313e-05 -1.5359e-05 0.00941019 -0.0172881 -2.35297e-05 0.000216976 -0.0172881 0.0856486 
0.00934384 -0.0172762 -2.61133e-05 -5.00157e-07 -0.0172762 0.0857453 7.58638e-07 0.000167307 -2.61133e-05 7.58638e-07 0.0094583 -0.0173429 -5.00157e-07 0.000167307 -0.0173429 0.0858358 
0.00937475 -0.0172766 -3.54605e-05 2.25069e-06 -0.0172766 0.0858402 -7.98143e-06 0.00014615 -3.54605e-05 -7.98143e-06 0.00946472 -0.0174184 2.25069e-06 0.00014615 -0.0174184 0.0861048 
0.00939499 -0.0172542 -4.75019e-05 2.10329e-05 -0.0172542 0.0856472 2.73557e-06 0.000113233 -4.75019e-05 2.73557e-06 0.00940977 -0.017363 2.10329e-05 0.000113233 -0.017363 0.0859319 
0.00942481 -0.0173046 -4.58154e-05 3.57016e-05 -0.0173046 0.0857264 1.7149e-05 7.41244e-05 -4.58154e-05 1.7149e-05 0.0093851 -0.017312 3.57016e-05 7.41244e-05 -0.017312 0.0858298 
0.00941554 -0.0173336 -3.74897e-05 2.86314e-05 -0.0173336 0.0857741 1.51012e-05 6.89104e-05 -3.74897e-05 1.51012e-05 0.00938711 -0.0172633 2.86314e-05 6.89104e-05 -0.0172633 0.0856497 
0.00939772 -0.0173269 -2.7133e-05 1.00055e-05 -0.0173269 0.0857826 7.0052e-06 9.47312e-05 -2.7133e-05 7.0052e-06 0.00939591 -0.0172586 1.00055e-05 9.47312e-05 -0.0172586 0.0855512 
0.00935581 -0.0172602 -1.46839e-05 -1.03117e-05 -0.0172602 0.0855192 -2.6139e-06 0.00013269 -1.46839e-05 -2.6139e-06 0.00938942 -0.0172268 -1.03117e-05 0.00013269 -0.0172268 0.0853173 
0.00936071 -0.0172691 -1.111e-05 -2.55841e-05 -0.0172691 0.0856202 -1.76833e-05 0.000173739 -1.111e-05 -1.76833e-05 0.00941717 -0.0172877 -2.55841e-05 0.000173739 -0.0172877 0.0855284 
0.00933573 -0.0171809 -4.56435e-06 -2.4415e-05 -0.0171809 0.0852107 -2.28923e-05 0.000190751 -4.56435e-06 -2.28923e-05 0.00936898 -0.0172304 -2.4415e-05 0.000190751 -0.0172304 0.0852203 
0.00932248 -0.017197 -6.24294e-06 -3.112e-05 -0.017197 0.0852097 -3.57033e-05 0.000213322 -6.24294e-06 -3.57033e-05 0.00937743 -0.0172203 -3.112e-05 0.000213322 -0.0172203 0.0852203 
0.00928803 -0.0171526 -3.24468e-05 -2.6041e-05 -0.0171526 0.0850456 -3.23009e-05 0.00021303 -3.24468e-05 -3.23009e-05 0.00937279 -0.0171979 -2.6041e-05 0.00021303 -0.0171979 0.0850705 
0.0092819 -0.0171317 -5.98653e-05 5.71098e-06 -0.0171317 0.0850181 -3.68222e-07 0.000162549 -5.98653e-05 -3.68222e-07 0.00938331 -0.0172261 5.71098e-06 0.000162549 -0.0172261 0.0851469 
0.00931273 -0.0171411 -7.29298e-05 4.57143e-05 -0.0171411 0.0850835 3.60415e-05 7.00718e-05 -7.29298e-05 3.60415e-05 0.00936921 -0.0172633 4.57143e-05 7.00718e-05 -0.0172633 0.0853144 
0.00933253 -0.0171647 -8.0086e-05 6.64112e-05 -0.0171647 0.0851001 5.45286e-05 -4.92831e-06 -8.0086e-05 5.45286e-05 0.00934795 -0.0172293 6.64112e-05 -4.92831e-06 -0.0172293 0.0852806 
0.00935705 -0.0171971 -7.95294e-05 7.23726e-05 -0.0171971 0.0851863 6.22167e-05 -4.03287e-05 -7.95294e-05 6.22167e-05 0.00932806 -0.0172035 7.23726e-05 -4.03287e-05 -0.0172035 0.0852312 
0.00935865 -0.0172219 -6.44692e-05 6.82184e-05 -0.0172219 0.085229 6.15328e-05 -4.62872e-05 -6.44692e-05 6.15328e-05 0.00931942 -0.0171576 6.82184e-05 -4.62872e-05 -0.0171576 0.0850823 
0.00936088 -0.0172391 -4.86206e-05 4.88709e-05 -0.0172391 0.085314 4.81483e-05 -2.39628e-05 -4.86206e-05 4.81483e-05 0.00932689 -0.0171517 4.88709e-05 -2.39628e-05 -0.0171517 0.0850349 
0.00936686 -0.0172923 -2.76144e-05 2.84985e-05 -0.0172923 0.0856051 2.9143e-05 1.84808e-05 -2.76144e-05 2.9143e-05 0.00938118 -0.0172164 2.84985e-05 1.84808e-05 -0.0172164 0.0853019 
0.0093604 -0.0173017 -1.95803e-05 8.43036e-07 -0.0173017 0.0857596 -1.61394e-06 8.72525e-05 -1.95803e-05 -1.61394e-06 0.00942808 -0.0172895 8.43036e-07 8.72525e-05 -0.0172895 0.0855572 
0.009365 -0.0173093 -3.05978e-05 -1.20966e-05 -0.0173093 0.0858903 -1.46908e-05 0.000140842 -3.05978e-05 -1.46908e-05 0.00947399 -0.0173605 -1.20966e-05 0.000140842 -0.0173605 0.0858332 
0.00936806 -0.0172458 -3.64985e-05 -1.77227e-06 -0.0172458 0.0856303 -2.9685e-06 0.000146674 -3.64985e-05 -2.9685e-06 0.00944239 -0.017356 -1.77227e-06 0.000146674 -0.017356 0.085736 
0.00940122 -0.0172745 -3.91666e-05 5.86269e-06 -0.0172745 0.0856541 5.81769e-06 0.000130175 -3.91666e-05 5.81769e-06 0.00942242 -0.0173499 5.86269e-06 0.000130175 -0.0173499 0.0857807 
0.0094239 -0.0173181 -2.95898e-05 1.04137e-05 -0.0173181 0.0857437 1.01748e-05 0.000115392 -2.95898e-05 1.01748e-05 0.00940281 -0.0173237 1.04137e-05 0.000115392 -0.0173237 0.0857463 
0.00942431 -0.0173389 -2.45666e-05 -1.50557e-06 -0.0173389 0.0857751 -3.61998e-06 0.000131406 -2.45666e-05 -3.61998e-06 0.00938873 -0.0172753 -1.50557e-06 0.000131406 -0.0172753 0.0855884 
0.00942352 -0.0173719 -3.22457e-05 -9.55822e-06 -0.0173719 0.0859339 -1.11118e-05 0.000156585 -3.22457e-05 -1.11118e-05 0.00940052 -0.0172787 -9.55822e-06 0.000156585 -0.0172787 0.0856045 
0.00940512 -0.01737 -2.62787e-05 -4.27848e-06 -0.01737 0.0859832 -7.75251e-06 0.00016707 -2.62787e-05 -7.75251e-06 0.00942056 -0.0172824 -4.27848e-06 0.00016707 -0.0172824 0.0855972 
0.00937471 -0.0173473 -1.8336e-05 -1.0853e-05 -0.0173473 0.0859736 -1.40907e-05 0.000177619 -1.8336e-05 -1.40907e-05 0.00945917 -0.0173124 -1.0853e-05 0.000177619 -0.0173124 0.0856606 
0.00933846 -0.01729 -6.53972e-06 -2.32153e-05 -0.01729 0.0858194 -2.56837e-05 0.000205942 -6.53972e-06 -2.56837e-05 0.00948461 -0.0173474 -2.32153e-05 0.000205942 -0.0173474 0.0857003 
0.00933484 -0.0172568 -5.66216e-06 -3.37323e-05 -0.0172568 0.0857466 -3.71421e-05 0.000230435 -5.66216e-06 -3.71421e-05 0.00949952 -0.0173992 -3.37323e-05 0.000230435 -0.0173992 0.0858565 
