0.0072807 0 -8.10281e-05 0 0 0.0103273 0 0 -8.10281e-05 0 0.00728581 0 0 0 0 0.0103273 
0.0105173 -0.013055 -8.45466e-05 0.000101467 -0.013055 0.0346893 0.000101467 -0.00019481 -8.45466e-05 0.000101467 0.0105203 -0.0130567 0.000101467 -0.00019481 -0.0130567 0.0346922 
0.00918046 -0.0170752 -1.33821e-05 1.39708e-05 -0.0170752 0.0629574 1.39708e-05 -1.91572e-05 -1.33821e-05 1.39708e-05 0.0091267 -0.0170422 1.39708e-05 -1.91572e-05 -0.0170422 0.0628437 
0.00870748 -0.0168344 2.60753e-05 -0.000151195 -0.0168344 0.0754565 -0.000141853 0.00073181 2.60753e-05 -0.000141853 0.00864904 -0.0167382 -0.000151195 0.00073181 -0.0167382 0.075182 
0.00997503 -0.0187063 -5.83254e-06 -0.000214704 -0.0187063 0.0902732 -0.000195617 0.00127141 -5.83254e-06 -0.000195617 0.00994297 -0.0185976 -0.000214704 0.00127141 -0.0185976 0.089909 
0.00963604 -0.0177979 -3.92419e-05 -0.000120108 -0.0177979 0.0875029 -0.000103412 0.00101994 -3.92419e-05 -0.000103412 0.00968656 -0.0177433 -0.000120108 0.00101994 -0.0177433 0.0872452 
0.00936381 -0.0171821 -6.57751e-05 -4.75392e-05 -0.0171821 0.0848512 -3.65025e-05 0.000660656 -6.57751e-05 -3.65025e-05 0.00942648 -0.0172405 -4.75392e-05 0.000660656 -0.0172405 0.0848456 
0.00907577 -0.0165986 -7.37468e-05 -4.20212e-06 -0.0165986 0.0820292 2.62101e-06 0.000410827 -7.37468e-05 2.62101e-06 0.00911926 -0.016693 -4.20212e-06 0.000410827 -0.016693 0.0822221 
0.0102882 -0.0187859 -6.92923e-05 7.1732e-06 -0.0187859 0.0927601 9.24033e-06 0.000350898 -6.92923e-05 9.24033e-06 0.0103014 -0.0188705 7.1732e-06 0.000350898 -0.0188705 0.0930267 
0.0102203 -0.0186308 -3.91787e-05 -1.53072e-05 -0.0186308 0.091878 -1.65591e-05 0.00035584 -3.91787e-05 -1.65591e-05 0.0101586 -0.0186674 -1.53072e-05 0.00035584 -0.0186674 0.0920745 
0.010134 -0.0185114 -2.71594e-05 -5.32487e-05 -0.0185114 0.0911384 -5.28844e-05 0.00042857 -2.71594e-05 -5.28844e-05 0.0100496 -0.0184478 -5.32487e-05 0.00042857 -0.0184478 0.091136 
0.0100883 -0.0184671 -3.01826e-05 -7.2735e-05 -0.0184671 0.0909125 -6.92463e-05 0.000497206 -3.01826e-05 -6.92463e-05 0.0100146 -0.0183635 -7.2735e-05 0.000497206 -0.0183635 0.0907388 
0.00999559 -0.0183675 -2.55125e-05 -6.84714e-05 -0.0183675 0.0904815 -6.57146e-05 0.000515809 -2.55125e-05 -6.57146e-05 0.0100017 -0.0182691 -6.84714e-05 0.000515809 -0.0182691 0.0902442 
0.0099738 -0.0183384 -2.19979e-05 -6.61589e-05 -0.0183384 0.0905141 -7.00278e-05 0.000514132 -2.19979e-05 -7.00278e-05 0.0100352 -0.0183388 -6.61589e-05 0.000514132 -0.0183388 0.090414 
0.00994449 -0.0182811 -2.17819e-05 -6.69691e-05 -0.0182811 0.0903459 -7.57677e-05 0.000516432 -2.17819e-05 -7.57677e-05 0.0100478 -0.0183668 -6.69691e-05 0.000516432 -0.0183668 0.0904751 
0.00996098 -0.0182436 -2.31717e-05 -6.86753e-05 -0.0182436 0.0902176 -7.51846e-05 0.000516741 -2.31717e-05 -7.51846e-05 0.0100254 -0.0183877 -6.86753e-05 0.000516741 -0.0183877 0.0905394 
0.0099606 -0.0182457 -2.80758e-05 -6.78918e-05 -0.0182457 0.0901023 -7.18645e-05 0.000512217 -2.80758e-05 -7.18645e-05 0.00999867 -0.0183388 -6.78918e-05 0.000512217 -0.0183388 0.0904163 
0.00994846 -0.0182551 -3.27402e-05 -5.66736e-05 -0.0182551 0.0901029 -6.12298e-05 0.000486148 -3.27402e-05 -6.12298e-05 0.00999398 -0.0183101 -5.66736e-05 0.000486148 -0.0183101 0.090323 
0.00992228 -0.018212 -3.86933e-05 -4.60382e-05 -0.018212 0.0899224 -5.1711e-05 0.000451386 -3.86933e-05 -5.1711e-05 0.00996889 -0.0182605 -4.60382e-05 0.000451386 -0.0182605 0.0900712 
0.00991385 -0.0181538 -3.12206e-05 -3.46586e-05 -0.0181538 0.0896508 -4.18886e-05 0.000414266 -3.12206e-05 -4.18886e-05 0.00991264 -0.018197 -3.46586e-05 0.000414266 -0.018197 0.0897588 
0.00991836 -0.0181639 -3.79868e-05 -4.09384e-05 -0.0181639 0.0895973 -4.98444e-05 0.000406 -3.79868e-05 -4.98444e-05 0.00987585 -0.0181382 -4.09384e-05 0.000406 -0.0181382 0.0895668 
0.00988923 -0.018158 -1.9872e-05 -3.61341e-05 -0.018158 0.089526 -4.29991e-05 0.000400403 -1.9872e-05 -4.29991e-05 0.00984784 -0.0180779 -3.61341e-05 0.000400403 -0.0180779 0.0893333 
0.00986459 -0.0180879 -1.31812e-05 -5.80909e-05 -0.0180879 0.0892643 -6.14455e-05 0.000422839 -1.31812e-05 -6.14455e-05 0.00981052 -0.0180112 -5.80909e-05 0.000422839 -0.0180112 0.0890139 
0.00985248 -0.0180434 -2.02932e-05 -7.06955e-05 -0.0180434 0.0890327 -6.99545e-05 0.000455307 -2.02932e-05 -6.99545e-05 0.0097749 -0.017962 -7.06955e-05 0.000455307 -0.017962 0.0887757 
0.00981134 -0.0180284 -1.01333e-05 -6.08419e-05 -0.0180284 0.088902 -5.92522e-05 0.000449726 -1.01333e-05 -5.92522e-05 0.00977332 -0.017917 -6.08419e-05 0.000449726 -0.017917 0.0885932 
0.009817 -0.0180337 -1.23321e-05 -6.69861e-05 -0.0180337 0.089027 -6.79744e-05 0.000447761 -1.23321e-05 -6.79744e-05 0.0097874 -0.0179595 -6.69861e-05 0.000447761 -0.0179595 0.0887353 
0.00982174 -0.0180616 -1.89474e-05 -6.57802e-05 -0.0180616 0.0891978 -6.85012e-05 0.000451884 -1.89474e-05 -6.85012e-05 0.00980594 -0.0180046 -6.57802e-05 0.000451884 -0.0180046 0.0889622 
0.00981449 -0.0180277 -2.37754e-05 -5.54048e-05 -0.0180277 0.0890967 -5.91751e-05 0.000433259 -2.37754e-05 -5.91751e-05 0.00979642 -0.0179889 -5.54048e-05 0.000433259 -0.0179889 0.0889105 
0.00981688 -0.0180393 -3.38777e-05 -4.60354e-05 -0.0180393 0.0891363 -4.95661e-05 0.000403217 -3.38777e-05 -4.95661e-05 0.00981831 -0.0179918 -4.60354e-05 0.000403217 -0.0179918 0.0889511 
0.00979466 -0.0180226 -4.1648e-05 -3.52479e-05 -0.0180226 0.0890669 -3.77939e-05 0.000373995 -4.1648e-05 -3.77939e-05 0.0098409 -0.0179979 -3.52479e-05 0.000373995 -0.0179979 0.0889085 
0.00978311 -0.0179883 -3.13144e-05 -2.78761e-05 -0.0179883 0.0889608 -2.56902e-05 0.000346059 -3.13144e-05 -2.56902e-05 0.00984072 -0.0180209 -2.78761e-05 0.000346059 -0.0180209 0.0889076 
0.00977941 -0.017973 -2.0176e-05 -4.38856e-05 -0.017973 0.0888972 -3.45701e-05 0.000353329 -2.0176e-05 -3.45701e-05 0.00983538 -0.0180359 -4.38856e-05 0.000353329 -0.0180359 0.0889629 
0.00979067 -0.0179905 1.42e-07 -5.99014e-05 -0.0179905 0.0889806 -4.91843e-05 0.00038765 1.42e-07 -4.91843e-05 0.00984517 -0.0180592 -5.99014e-05 0.00038765 -0.0180592 0.0891135 
0.00978235 -0.0179703 -6.88503e-06 -8.1467e-05 -0.0179703 0.0888848 -7.25812e-05 0.000434211 -6.88503e-06 -7.25812e-05 0.00983137 -0.0180448 -8.1467e-05 0.000434211 -0.0180448 0.089061 
0.00979749 -0.0179771 -2.57738e-05 -7.35436e-05 -0.0179771 0.0889044 -6.66694e-05 0.000446721 -2.57738e-05 -6.66694e-05 0.00981876 -0.0180392 -7.35436e-05 0.000446721 -0.0180392 0.0890745 
0.00982538 -0.0180198 -2.97471e-05 -4.61526e-05 -0.0180198 0.0890627 -4.24009e-05 0.000403282 -2.97471e-05 -4.24009e-05 0.00981476 -0.0180484 -4.61526e-05 0.000403282 -0.0180484 0.0891789 
0.00982734 -0.0180233 -2.58678e-05 -3.48776e-05 -0.0180233 0.0890456 -3.62131e-05 0.000362441 -2.58678e-05 -3.62131e-05 0.00980286 -0.0180174 -3.48776e-05 0.000362441 -0.0180174 0.0890886 
0.00982565 -0.0180068 -2.92393e-05 -3.59421e-05 -0.0180068 0.0889483 -4.05453e-05 0.000348871 -2.92393e-05 -4.05453e-05 0.00978241 -0.0179843 -3.59421e-05 0.000348871 -0.0179843 0.0889374 
0.00980018 -0.0179862 -2.88247e-05 -3.27698e-05 -0.0179862 0.088807 -3.75244e-05 0.00034153 -2.88247e-05 -3.75244e-05 0.00977355 -0.0179425 -3.27698e-05 0.00034153 -0.0179425 0.0887484 
0.00978708 -0.0179599 -3.5909e-05 -3.21602e-05 -0.0179599 0.088713 -3.54848e-05 0.00033256 -3.5909e-05 -3.54848e-05 0.00976629 -0.0179348 -3.21602e-05 0.00033256 -0.0179348 0.0886617 
0.00974804 -0.0179102 -5.79912e-05 -2.4825e-05 -0.0179102 0.0884694 -2.6348e-05 0.000316376 -5.79912e-05 -2.6348e-05 0.00975784 -0.0178867 -2.4825e-05 0.000316376 -0.0178867 0.0884223 
0.00970839 -0.0178827 -4.64798e-05 8.32988e-07 -0.0178827 0.0883755 -7.84783e-07 0.000271475 -4.64798e-05 -7.84783e-07 0.00978135 -0.0178886 8.32988e-07 0.000271475 -0.0178886 0.0883597 
0.00968029 -0.017813 -4.19393e-05 -6.6087e-06 -0.017813 0.0881406 -9.88142e-06 0.000254837 -4.19393e-05 -9.88142e-06 0.00976945 -0.0178871 -6.6087e-06 0.000254837 -0.0178871 0.0882306 
0.00969241 -0.0178034 -3.32352e-05 -1.43572e-05 -0.0178034 0.0881006 -1.82983e-05 0.000268708 -3.32352e-05 -1.82983e-05 0.00975882 -0.0178986 -1.43572e-05 0.000268708 -0.0178986 0.0882712 
0.00974672 -0.0178895 -2.22621e-05 -2.44502e-05 -0.0178895 0.0884646 -3.15031e-05 0.000295121 -2.22621e-05 -3.15031e-05 0.00977185 -0.0179591 -2.44502e-05 0.000295121 -0.0179591 0.0886203 
0.00973457 -0.017883 -2.36902e-05 -3.53503e-05 -0.017883 0.0883706 -4.67839e-05 0.000325151 -2.36902e-05 -4.67839e-05 0.00974542 -0.0178945 -3.53503e-05 0.000325151 -0.0178945 0.0884093 
0.00973894 -0.0178746 -2.41539e-05 -3.39192e-05 -0.0178746 0.0883285 -4.56099e-05 0.000336223 -2.41539e-05 -4.56099e-05 0.00972286 -0.0178574 -3.39192e-05 0.000336223 -0.0178574 0.0882507 
0.00971541 -0.0178561 -3.73833e-05 -3.7326e-05 -0.0178561 0.0881968 -4.45171e-05 0.000341454 -3.73833e-05 -4.45171e-05 0.009708 -0.0178073 -3.7326e-05 0.000341454 -0.0178073 0.0880279 
0.00969224 -0.0178375 -4.49415e-05 -2.62874e-05 -0.0178375 0.0881365 -2.74093e-05 0.000325189 -4.49415e-05 -2.74093e-05 0.00970507 -0.0177968 -2.62874e-05 0.000325189 -0.0177968 0.0879379 
0.00969139 -0.0178733 -2.04903e-05 -1.79174e-05 -0.0178733 0.0883781 -1.44782e-05 0.000298708 -2.04903e-05 -1.44782e-05 0.00974647 -0.0178578 -1.79174e-05 0.000298708 -0.0178578 0.0882149 
0.00971625 -0.0178717 9.30653e-06 -4.59178e-05 -0.0178717 0.0884907 -4.07821e-05 0.000326056 9.30653e-06 -4.07821e-05 0.00974748 -0.0179113 -4.59178e-05 0.000326056 -0.0179113 0.0884377 
0.00972667 -0.0178603 1.54282e-05 -8.03998e-05 -0.0178603 0.0884024 -7.64277e-05 0.000395184 1.54282e-05 -7.64277e-05 0.00973309 -0.017886 -8.03998e-05 0.000395184 -0.017886 0.0884005 
0.00975765 -0.0178904 -1.74061e-05 -8.49749e-05 -0.0178904 0.0884753 -8.44907e-05 0.000434981 -1.74061e-05 -8.44907e-05 0.00973192 -0.017882 -8.49749e-05 0.000434981 -0.017882 0.0884252 
0.00979149 -0.0179445 -3.68304e-05 -4.36793e-05 -0.0179445 0.0886501 -4.53189e-05 0.00038449 -3.68304e-05 -4.53189e-05 0.00974024 -0.0178991 -4.36793e-05 0.00038449 -0.0178991 0.0885244 
0.00979582 -0.017945 -5.08386e-05 -1.45578e-05 -0.017945 0.0885934 -1.6995e-05 0.00030193 -5.08386e-05 -1.6995e-05 0.00972906 -0.0178722 -1.45578e-05 0.00030193 -0.0178722 0.0883996 
0.00980222 -0.0179656 -4.30623e-05 6.04027e-07 -0.0179656 0.0886388 -2.24854e-06 0.000248888 -4.30623e-05 -2.24854e-06 0.00973364 -0.0178693 6.04027e-07 0.000248888 -0.0178693 0.0883768 
0.00983919 -0.0180451 -1.50379e-05 -1.35434e-05 -0.0180451 0.0890216 -1.38037e-05 0.000255534 -1.50379e-05 -1.38037e-05 0.0097658 -0.0179504 -1.35434e-05 0.000255534 -0.0179504 0.088739 
0.00983884 -0.0180304 -3.6944e-06 -5.40988e-05 -0.0180304 0.0889659 -5.06273e-05 0.00032972 -3.6944e-06 -5.06273e-05 0.00975797 -0.0179319 -5.40988e-05 0.00032972 -0.0179319 0.0886776 
0.00983182 -0.0180828 -8.91713e-06 -7.5385e-05 -0.0180828 0.0891839 -7.01126e-05 0.000406743 -8.91713e-06 -7.01126e-05 0.00979744 -0.0179609 -7.5385e-05 0.000406743 -0.0179609 0.0888388 
0.00981882 -0.0181103 -1.38196e-05 -7.04207e-05 -0.0181103 0.0894425 -6.89111e-05 0.000436725 -1.38196e-05 -6.89111e-05 0.0098495 -0.0180356 -7.04207e-05 0.000436725 -0.0180356 0.0891287 
0.00981435 -0.0180654 -3.78802e-05 -6.29569e-05 -0.0180654 0.0894006 -6.45633e-05 0.000435236 -3.78802e-05 -6.45633e-05 0.00986101 -0.0180788 -6.29569e-05 0.000435236 -0.0180788 0.0892568 
0.00982164 -0.0180804 -5.30997e-05 -3.43237e-05 -0.0180804 0.0894871 -3.52372e-05 0.00039058 -5.30997e-05 -3.52372e-05 0.0098929 -0.0181192 -3.43237e-05 0.00039058 -0.0181192 0.0894676 
0.00983648 -0.0181071 -5.13311e-05 -1.36293e-05 -0.0181071 0.0896351 -1.46129e-05 0.000333668 -5.13311e-05 -1.46129e-05 0.00992519 -0.018169 -1.36293e-05 0.000333668 -0.018169 0.0896837 
0.00987897 -0.018142 -5.02351e-05 -1.03943e-05 -0.018142 0.0898212 -1.615e-05 0.000306323 -5.02351e-05 -1.615e-05 0.00993705 -0.018225 -1.03943e-05 0.000306323 -0.018225 0.0899268 
0.00986672 -0.0181431 -4.47831e-05 -1.01808e-05 -0.0181431 0.0897495 -1.97451e-05 0.000301532 -4.47831e-05 -1.97451e-05 0.00994769 -0.0181976 -1.01808e-05 0.000301532 -0.0181976 0.0898456 
0.00986229 -0.0180892 -4.69298e-05 -1.91287e-05 -0.0180892 0.0895059 -2.60417e-05 0.00031173 -4.69298e-05 -2.60417e-05 0.00992093 -0.0181706 -1.91287e-05 0.00031173 -0.0181706 0.0896274 
0.00989313 -0.0181092 -5.14276e-05 -1.85457e-05 -0.0181092 0.0895055 -2.07299e-05 0.000313175 -5.14276e-05 -2.07299e-05 0.00989898 -0.0181665 -1.85457e-05 0.000313175 -0.0181665 0.0896148 
0.00991666 -0.0181597 -5.1046e-05 -1.32119e-05 -0.0181597 0.0896092 -1.28649e-05 0.00030158 -5.1046e-05 -1.28649e-05 0.00988403 -0.0181381 -1.32119e-05 0.00030158 -0.0181381 0.0895651 
0.00993991 -0.0182048 -3.96261e-05 -1.31229e-05 -0.0182048 0.0897707 -1.41448e-05 0.000297227 -3.96261e-05 -1.41448e-05 0.00987926 -0.0181295 -1.31229e-05 0.000297227 -0.0181295 0.0895589 
0.00995045 -0.0182728 -4.52267e-05 -2.98993e-05 -0.0182728 0.0900677 -3.23027e-05 0.000329088 -4.52267e-05 -3.23027e-05 0.00991226 -0.0181564 -2.98993e-05 0.000329088 -0.0181564 0.0897154 
0.00996954 -0.0183139 -4.15315e-05 -2.92813e-05 -0.0183139 0.090355 -2.76011e-05 0.00034844 -4.15315e-05 -2.76011e-05 0.00995362 -0.0182246 -2.92813e-05 0.00034844 -0.0182246 0.089987 
0.00999645 -0.0183174 -3.98921e-05 -3.85699e-05 -0.0183174 0.090427 -3.08494e-05 0.000364063 -3.98921e-05 -3.08494e-05 0.00996644 -0.0182653 -3.85699e-05 0.000364063 -0.0182653 0.090137 
0.0100085 -0.0183292 -2.92205e-05 -4.58543e-05 -0.0183292 0.0904103 -3.55932e-05 0.000387028 -2.92205e-05 -3.55932e-05 0.00996154 -0.0182631 -4.58543e-05 0.000387028 -0.0182631 0.0901387 
0.0100231 -0.018386 -1.75856e-05 -6.31528e-05 -0.018386 0.0906388 -5.35405e-05 0.000431113 -1.75856e-05 -5.35405e-05 0.00998881 -0.0183004 -6.31528e-05 0.000431113 -0.0183004 0.0903375 
0.010052 -0.0184084 -1.38472e-05 -7.59063e-05 -0.0184084 0.0907823 -7.30841e-05 0.000480819 -1.38472e-05 -7.30841e-05 0.00999181 -0.0183302 -7.59063e-05 0.000480819 -0.0183302 0.0904698 
0.0100256 -0.0184312 -9.14739e-06 -7.67334e-05 -0.0184312 0.0908423 -8.2752e-05 0.000510493 -9.14739e-06 -8.2752e-05 0.0100236 -0.0183224 -7.67334e-05 0.000510493 -0.0183224 0.0904817 
0.0100174 -0.0184283 1.56057e-06 -7.96043e-05 -0.0184283 0.0909661 -9.00315e-05 0.000529463 1.56057e-06 -9.00315e-05 0.010059 -0.0183866 -7.96043e-05 0.000529463 -0.0183866 0.0906759 
0.00998883 -0.0183587 -2.14484e-05 -9.33802e-05 -0.0183587 0.0907152 -0.000102527 0.000556051 -2.14484e-05 -0.000102527 0.0100486 -0.0183778 -9.33802e-05 0.000556051 -0.0183778 0.0905775 
0.00997113 -0.0183501 -3.85488e-05 -6.85945e-05 -0.0183501 0.0906775 -7.31394e-05 0.000527872 -3.85488e-05 -7.31394e-05 0.0100763 -0.0183872 -6.85945e-05 0.000527872 -0.0183872 0.090627 
0.0099808 -0.0183168 -5.40902e-05 -4.84962e-05 -0.0183168 0.0905771 -4.92332e-05 0.00047468 -5.40902e-05 -4.92332e-05 0.0100598 -0.0184086 -4.84962e-05 0.00047468 -0.0184086 0.0906361 
0.00999935 -0.0183072 -5.97489e-05 -2.8803e-05 -0.0183072 0.0904485 -3.07926e-05 0.000422055 -5.97489e-05 -3.07926e-05 0.0100289 -0.0183722 -2.8803e-05 0.000422055 -0.0183722 0.0905233 
0.0100309 -0.0183786 -5.73107e-05 -1.75342e-05 -0.0183786 0.0906691 -2.43561e-05 0.000386954 -5.73107e-05 -2.43561e-05 0.0100545 -0.0183824 -1.75342e-05 0.000386954 -0.0183824 0.0906411 
0.0100797 -0.0184494 -4.01865e-05 -2.09431e-05 -0.0184494 0.0909815 -2.82963e-05 0.000380284 -4.01865e-05 -2.82963e-05 0.0100732 -0.0184393 -2.09431e-05 0.000380284 -0.0184393 0.0908689 
0.0100818 -0.0185084 -2.22371e-05 -4.18965e-05 -0.0185084 0.091197 -4.77106e-05 0.000410758 -2.22371e-05 -4.77106e-05 0.0100974 -0.0184555 -4.18965e-05 0.000410758 -0.0184555 0.0909839 
0.0100963 -0.018544 -4.25104e-06 -6.81184e-05 -0.018544 0.0914533 -7.47018e-05 0.000474059 -4.25104e-06 -7.47018e-05 0.0101217 -0.0185101 -6.81184e-05 0.000474059 -0.0185101 0.0912106 
0.0101215 -0.0185394 -6.37415e-06 -8.9748e-05 -0.0185394 0.0914874 -9.8885e-05 0.000538177 -6.37415e-06 -9.8885e-05 0.0101031 -0.0185207 -8.9748e-05 0.000538177 -0.0185207 0.0912679 
0.0101192 -0.0185477 -1.8928e-05 -9.11098e-05 -0.0185477 0.0914406 -9.74879e-05 0.000567671 -1.8928e-05 -9.74879e-05 0.0100881 -0.0184713 -9.11098e-05 0.000567671 -0.0184713 0.0911355 
0.0100517 -0.0184669 -3.7013e-05 -7.40541e-05 -0.0184669 0.0910216 -7.39748e-05 0.000535868 -3.7013e-05 -7.39748e-05 0.0100568 -0.0183565 -7.40541e-05 0.000535868 -0.0183565 0.0905913 
0.00999682 -0.0183745 -4.99234e-05 -5.10996e-05 -0.0183745 0.0906505 -4.90928e-05 0.000479218 -4.99234e-05 -4.90928e-05 0.0100392 -0.0183098 -5.10996e-05 0.000479218 -0.0183098 0.0902425 
0.00996559 -0.0183086 -5.41283e-05 -3.2469e-05 -0.0183086 0.0903873 -3.24706e-05 0.000425557 -5.41283e-05 -3.24706e-05 0.0100152 -0.0183035 -3.2469e-05 0.000425557 -0.0183035 0.0901123 
0.00993973 -0.0182215 -5.16971e-05 -2.52116e-05 -0.0182215 0.0899772 -2.71032e-05 0.000392978 -5.16971e-05 -2.71032e-05 0.00996547 -0.0182405 -2.52116e-05 0.000392978 -0.0182405 0.0898177 
0.00992501 -0.018198 -5.2902e-05 -2.659e-05 -0.018198 0.0897784 -3.19566e-05 0.000387799 -5.2902e-05 -3.19566e-05 0.00993961 -0.0181868 -2.659e-05 0.000387799 -0.0181868 0.089614 
0.00991931 -0.0182432 -5.61502e-05 -2.20125e-05 -0.0182432 0.089965 -3.0799e-05 0.000382223 -5.61502e-05 -3.0799e-05 0.00997867 -0.0182122 -2.20125e-05 0.000382223 -0.0182122 0.089752 
0.00996298 -0.0183116 -6.87245e-05 -1.6397e-05 -0.0183116 0.0904057 -2.49068e-05 0.000367754 -6.87245e-05 -2.49068e-05 0.0100251 -0.0183331 -1.6397e-05 0.000367754 -0.0183331 0.090249 
0.00999208 -0.0183566 -6.64908e-05 -1.10532e-06 -0.0183566 0.0906501 -4.47224e-06 0.000328517 -6.64908e-05 -4.47224e-06 0.0100487 -0.0183876 -1.10532e-06 0.000328517 -0.0183876 0.090553 
0.0100039 -0.0183531 -5.81014e-05 -5.89809e-06 -0.0183531 0.0906356 -2.97179e-06 0.000310267 -5.81014e-05 -2.97179e-06 0.0100409 -0.0183796 -5.89809e-06 0.000310267 -0.0183796 0.090552 
0.0100144 -0.0183635 -6.00868e-05 -2.12989e-05 -0.0183635 0.0906316 -1.38569e-05 0.000329934 -6.00868e-05 -1.38569e-05 0.0100325 -0.0183602 -2.12989e-05 0.000329934 -0.0183602 0.090497 
0.010011 -0.0183183 -5.51795e-05 -2.21699e-05 -0.0183183 0.0903632 -1.33131e-05 0.000343949 -5.51795e-05 -1.33131e-05 0.00998793 -0.0182893 -2.21699e-05 0.000343949 -0.0182893 0.0901615 
0.0100266 -0.0183643 -4.41197e-05 -2.80389e-05 -0.0183643 0.0904859 -1.91046e-05 0.000357245 -4.41197e-05 -1.91046e-05 0.00999233 -0.0182928 -2.80389e-05 0.000357245 -0.0182928 0.0902028 
0.010023 -0.0183797 -4.2384e-05 -3.98516e-05 -0.0183797 0.0905526 -3.59962e-05 0.0003878 -4.2384e-05 -3.59962e-05 0.0100001 -0.0182972 -3.98516e-05 0.0003878 -0.0182972 0.0902186 
0.010029 -0.0183799 -4.11778e-05 -4.13027e-05 -0.0183799 0.090582 -4.35598e-05 0.000412681 -4.11778e-05 -4.35598e-05 0.0100016 -0.0183047 -4.13027e-05 0.000412681 -0.0183047 0.0902372 
0.0100596 -0.0184524 -3.15003e-05 -4.34909e-05 -0.0184524 0.0909263 -4.80672e-05 0.00043015 -3.15003e-05 -4.80672e-05 0.0100331 -0.0183734 -4.34909e-05 0.00043015 -0.0183734 0.0905764 
0.0100518 -0.0184528 -2.76111e-05 -5.76718e-05 -0.0184528 0.0909597 -5.98383e-05 0.000457683 -2.76111e-05 -5.98383e-05 0.0100538 -0.0183736 -5.76718e-05 0.000457683 -0.0183736 0.0906024 
0.0100469 -0.0184763 -2.25799e-05 -6.76756e-05 -0.0184763 0.0911199 -6.56171e-05 0.000485887 -2.25799e-05 -6.56171e-05 0.0100957 -0.018427 -6.76756e-05 0.000485887 -0.018427 0.0907996 
0.0100595 -0.0184916 -3.8062e-05 -7.55206e-05 -0.0184916 0.0912992 -7.05857e-05 0.000508489 -3.8062e-05 -7.05857e-05 0.0101328 -0.0185078 -7.55206e-05 0.000508489 -0.0185078 0.0911121 
0.0100685 -0.018481 -3.89805e-05 -5.94793e-05 -0.018481 0.0912872 -5.20066e-05 0.000493132 -3.89805e-05 -5.20066e-05 0.0101365 -0.0185332 -5.94793e-05 0.000493132 -0.0185332 0.0912259 
0.0100742 -0.0184652 -4.33203e-05 -5.28428e-05 -0.0184652 0.0911795 -4.7502e-05 0.000468241 -4.33203e-05 -4.7502e-05 0.0101191 -0.0185154 -5.28428e-05 0.000468241 -0.0185154 0.0911712 
0.0100849 -0.0185037 -4.7791e-05 -4.39392e-05 -0.0185037 0.0913028 -4.42341e-05 0.000450773 -4.7791e-05 -4.42341e-05 0.0101301 -0.0185244 -4.39392e-05 0.000450773 -0.0185244 0.0912608 
0.0100903 -0.018476 -3.69149e-05 -3.75512e-05 -0.018476 0.0911703 -4.15934e-05 0.000436226 -3.69149e-05 -4.15934e-05 0.0100912 -0.0184875 -3.75512e-05 0.000436226 -0.0184875 0.0910816 
0.0101312 -0.0185256 -3.86579e-05 -4.95287e-05 -0.0185256 0.0913164 -5.55578e-05 0.000450359 -3.86579e-05 -5.55578e-05 0.0100683 -0.018469 -4.95287e-05 0.000450359 -0.018469 0.0910866 
0.0101653 -0.0186196 -4.09662e-05 -4.69461e-05 -0.0186196 0.0916705 -5.4387e-05 0.000457914 -4.09662e-05 -5.4387e-05 0.0100788 -0.0184751 -4.69461e-05 0.000457914 -0.0184751 0.0912213 
0.0101782 -0.0186795 -3.43401e-05 -4.28198e-05 -0.0186795 0.0919692 -5.25308e-05 0.000453551 -3.43401e-05 -5.25308e-05 0.0100996 -0.018488 -4.28198e-05 0.000453551 -0.018488 0.0913231 
0.010145 -0.0186282 -2.60597e-05 -4.81994e-05 -0.0186282 0.0917915 -5.80118e-05 0.000455082 -2.60597e-05 -5.80118e-05 0.0100868 -0.018441 -4.81994e-05 0.000455082 -0.018441 0.0910667 
0.0101075 -0.0185794 -2.11609e-05 -6.21571e-05 -0.0185794 0.0916082 -6.72381e-05 0.000476555 -2.11609e-05 -6.72381e-05 0.0100908 -0.0184207 -6.21571e-05 0.000476555 -0.0184207 0.0909077 
0.0100778 -0.0185159 -2.96658e-05 -7.04859e-05 -0.0185159 0.0913905 -6.83414e-05 0.000491931 -2.96658e-05 -6.83414e-05 0.0100917 -0.0184295 -7.04859e-05 0.000491931 -0.0184295 0.0908423 
0.0100126 -0.018402 -2.69693e-05 -6.11691e-05 -0.018402 0.0908564 -5.40529e-05 0.000475715 -2.69693e-05 -5.40529e-05 0.0100616 -0.0183602 -6.11691e-05 0.000475715 -0.0183602 0.0904629 
0.00997701 -0.0183742 -1.01991e-05 -6.15993e-05 -0.0183742 0.0907379 -5.54369e-05 0.000464081 -1.01991e-05 -5.54369e-05 0.0100783 -0.0183664 -6.15993e-05 0.000464081 -0.0183664 0.0904457 
0.00993076 -0.0183158 -5.20793e-06 -7.99533e-05 -0.0183158 0.0905526 -7.76925e-05 0.000491207 -5.20793e-06 -7.76925e-05 0.0100926 -0.0183799 -7.99533e-05 0.000491207 -0.0183799 0.0904199 
0.00993688 -0.0182609 2.26155e-06 -8.28361e-05 -0.0182609 0.0904073 -8.73739e-05 0.000516867 2.26155e-06 -8.73739e-05 0.0100631 -0.0184171 -8.28361e-05 0.000516867 -0.0184171 0.0905115 
0.00996281 -0.0182983 -9.9374e-06 -8.78741e-05 -0.0182983 0.0905111 -9.51644e-05 0.000530929 -9.9374e-06 -9.51644e-05 0.0100498 -0.0184193 -8.78741e-05 0.000530929 -0.0184193 0.0906752 
0.00997265 -0.0183375 -9.88001e-06 -6.85572e-05 -0.0183375 0.0906516 -7.57757e-05 0.000499575 -9.88001e-06 -7.57757e-05 0.0100498 -0.0184025 -6.85572e-05 0.000499575 -0.0184025 0.0907226 
0.00994526 -0.0183122 -1.71239e-05 -6.62692e-05 -0.0183122 0.090546 -7.05206e-05 0.000470077 -1.71239e-05 -7.05206e-05 0.0100466 -0.0183554 -6.62692e-05 0.000470077 -0.0183554 0.090527 
0.00988822 -0.0182062 -2.7879e-05 -5.86898e-05 -0.0182062 0.0900815 -6.1413e-05 0.00044577 -2.7879e-05 -6.1413e-05 0.0099976 -0.0182716 -5.86898e-05 0.00044577 -0.0182716 0.0900556 
0.00981404 -0.0180971 -3.05767e-05 -4.58519e-05 -0.0180971 0.0895714 -4.62943e-05 0.000410884 -3.05767e-05 -4.62943e-05 0.00997123 -0.0181817 -4.58519e-05 0.000410884 -0.0181817 0.089593 
0.00981423 -0.0180537 -4.53247e-05 -4.33188e-05 -0.0180537 0.0894251 -4.30677e-05 0.000392119 -4.53247e-05 -4.30677e-05 0.00994904 -0.0181914 -4.33188e-05 0.000392119 -0.0181914 0.08954 
0.00981329 -0.0179998 -4.5193e-05 -2.59177e-05 -0.0179998 0.0890933 -2.67753e-05 0.000361162 -4.5193e-05 -2.67753e-05 0.00988324 -0.0181161 -2.59177e-05 0.000361162 -0.0181161 0.08923 
0.0098394 -0.0179888 -4.87903e-05 -2.24436e-05 -0.0179888 0.088897 -2.29275e-05 0.000334884 -4.87903e-05 -2.29275e-05 0.00980331 -0.0180286 -2.24436e-05 0.000334884 -0.0180286 0.088915 
0.00986153 -0.018068 -2.59588e-05 -1.76429e-05 -0.018068 0.0890824 -1.75178e-05 0.000318583 -2.59588e-05 -1.75178e-05 0.00979093 -0.0179747 -1.76429e-05 0.000318583 -0.0179747 0.0888309 
0.00987211 -0.0180995 -3.24298e-05 -4.16858e-05 -0.0180995 0.0892109 -4.20116e-05 0.000344636 -3.24298e-05 -4.20116e-05 0.00978359 -0.0179509 -4.16858e-05 0.000344636 -0.0179509 0.0887337 
0.00986946 -0.0181288 -3.31041e-05 -3.59634e-05 -0.0181288 0.0893533 -3.65365e-05 0.000354283 -3.31041e-05 -3.65365e-05 0.0097978 -0.0179579 -3.59634e-05 0.000354283 -0.0179579 0.0887634 
0.00984563 -0.0181264 -1.57902e-05 -3.30232e-05 -0.0181264 0.0894057 -3.31128e-05 0.00034437 -1.57902e-05 -3.31128e-05 0.00981178 -0.017971 -3.30232e-05 0.00034437 -0.017971 0.0887952 
0.00981103 -0.0180765 -1.0834e-05 -5.7993e-05 -0.0180765 0.0892858 -5.61776e-05 0.000379676 -1.0834e-05 -5.61776e-05 0.00983127 -0.0179748 -5.7993e-05 0.000379676 -0.0179748 0.0887668 
0.0097813 -0.0180389 -2.77281e-05 -6.49793e-05 -0.0180389 0.0891943 -6.26666e-05 0.00041093 -2.77281e-05 -6.26666e-05 0.00985891 -0.0180078 -6.49793e-05 0.00041093 -0.0180078 0.0888348 
0.00975359 -0.0179853 -3.94875e-05 -4.36275e-05 -0.0179853 0.0890213 -4.09935e-05 0.000386938 -3.94875e-05 -4.09935e-05 0.00986235 -0.0180289 -4.36275e-05 0.000386938 -0.0180289 0.0888536 
0.00978045 -0.0179971 -4.13975e-05 -2.9272e-05 -0.0179971 0.0891308 -2.72344e-05 0.000349625 -4.13975e-05 -2.72344e-05 0.00987368 -0.0180902 -2.9272e-05 0.000349625 -0.0180902 0.0891353 
0.00978347 -0.0180287 -5.30439e-05 -2.54188e-05 -0.0180287 0.0892396 -2.4599e-05 0.000328798 -5.30439e-05 -2.4599e-05 0.00989189 -0.018107 -2.54188e-05 0.000328798 -0.018107 0.0892936 
0.00978646 -0.0180073 -5.77373e-05 -8.71014e-06 -0.0180073 0.0891837 -1.03594e-05 0.000298122 -5.77373e-05 -1.03594e-05 0.00987967 -0.0181045 -8.71014e-06 0.000298122 -0.0181045 0.0892751 
0.00978834 -0.0179408 -5.40149e-05 8.19661e-07 -0.0179408 0.0888282 -2.66169e-06 0.000264673 -5.40149e-05 -2.66169e-06 0.00981178 -0.0180277 8.19661e-07 0.000264673 -0.0180277 0.0889367 
0.00980383 -0.0179511 -4.72004e-05 -8.10339e-07 -0.0179511 0.0887034 -5.43394e-06 0.000251536 -4.72004e-05 -5.43394e-06 0.00974626 -0.0179445 -8.10339e-07 0.000251536 -0.0179445 0.0886599 
0.00977613 -0.0179599 -3.46979e-05 -9.80177e-06 -0.0179599 0.088617 -1.12685e-05 0.000257826 -3.46979e-05 -1.12685e-05 0.00971588 -0.0178434 -9.80177e-06 0.000257826 -0.0178434 0.0883126 
0.00971965 -0.0178709 -2.84753e-05 -2.49696e-05 -0.0178709 0.0882454 -2.24717e-05 0.000278045 -2.84753e-05 -2.24717e-05 0.00967726 -0.0177475 -2.49696e-05 0.000278045 -0.0177475 0.087813 
0.00968498 -0.017811 -1.61432e-05 -3.08046e-05 -0.017811 0.0880038 -2.93491e-05 0.000295967 -1.61432e-05 -2.93491e-05 0.00966361 -0.017713 -3.08046e-05 0.000295967 -0.017713 0.0875816 
0.00968759 -0.0178072 -1.53053e-05 -4.20373e-05 -0.0178072 0.0880109 -4.18864e-05 0.000315662 -1.53053e-05 -4.18864e-05 0.00966219 -0.017734 -4.20373e-05 0.000315662 -0.017734 0.0876381 
0.0096864 -0.0178253 -1.50052e-05 -4.64339e-05 -0.0178253 0.0880875 -4.5037e-05 0.000333628 -1.50052e-05 -4.5037e-05 0.00966049 -0.0177427 -4.64339e-05 0.000333628 -0.0177427 0.0877152 
0.00964962 -0.0177894 -2.14145e-05 -4.60643e-05 -0.0177894 0.0879515 -4.6463e-05 0.00033821 -2.14145e-05 -4.6463e-05 0.00966099 -0.0177034 -4.60643e-05 0.00033821 -0.0177034 0.0875625 
0.00967421 -0.0178401 -3.53688e-05 -3.56047e-05 -0.0178401 0.0882988 -4.13956e-05 0.000328795 -3.53688e-05 -4.13956e-05 0.00970445 -0.0178013 -3.56047e-05 0.000328795 -0.0178013 0.0879758 
0.00967463 -0.0178252 -4.35919e-05 -1.21369e-05 -0.0178252 0.0882878 -1.98163e-05 0.000280189 -4.35919e-05 -1.98163e-05 0.00970426 -0.0178131 -1.21369e-05 0.000280189 -0.0178131 0.0880458 
0.00970109 -0.0178471 -4.83309e-05 -9.82147e-07 -0.0178471 0.0884037 -7.0059e-06 0.000236385 -4.83309e-05 -7.0059e-06 0.00971115 -0.0178401 -9.82147e-07 0.000236385 -0.0178401 0.0882087 
0.00969665 -0.0178306 -3.13095e-05 3.80528e-06 -0.0178306 0.0882745 1.78444e-06 0.000207198 -3.13095e-05 1.78444e-06 0.00970404 -0.0178028 3.80528e-06 0.000207198 -0.0178028 0.0880709 
0.0096591 -0.017764 -1.91407e-05 -1.92909e-05 -0.017764 0.087917 -1.58893e-05 0.000226021 -1.91407e-05 -1.58893e-05 0.00967948 -0.017739 -1.92909e-05 0.000226021 -0.017739 0.0877151 
