0.00733351 0 4.52807e-05 0 0 0.0103208 0 0 4.52807e-05 0 0.00722076 0 0 0 0 0.0103208 
0.0105579 -0.0131014 6.49789e-05 -8.04985e-05 -0.0131014 0.0347724 -8.04985e-05 0.00015432 6.49789e-05 -8.04985e-05 0.0104624 -0.0129901 -8.04985e-05 0.00015432 -0.0129901 0.0345593 
0.00921254 -0.0170915 2.91102e-05 -9.23852e-05 -0.0170915 0.0630168 -9.23852e-05 0.000295791 2.91102e-05 -9.23852e-05 0.00917123 -0.0171916 -9.23852e-05 0.000295791 -0.0171916 0.0633957 
0.00875024 -0.0167343 1.52626e-05 -4.84771e-05 -0.0167343 0.0749123 -4.08776e-05 0.00023317 1.52626e-05 -4.08776e-05 0.00870986 -0.0170344 -4.84771e-05 0.00023317 -0.0170344 0.0766537 
0.0100781 -0.0186417 3.15092e-07 -3.08946e-05 -0.0186417 0.0894962 -1.06418e-05 0.000136979 3.15092e-07 -1.06418e-05 0.00998807 -0.0189247 -3.08946e-05 0.000136979 -0.0189247 0.0919679 
0.00979814 -0.0178895 5.25317e-06 -9.21157e-06 -0.0178895 0.0873303 7.52606e-06 5.1388e-05 5.25317e-06 7.52606e-06 0.00973486 -0.018009 -9.21157e-06 5.1388e-05 -0.018009 0.0891484 
0.00952991 -0.01732 7.7667e-06 -7.93622e-06 -0.01732 0.0849644 -1.70863e-06 2.22467e-05 7.7667e-06 -1.70863e-06 0.0094549 -0.0174179 -7.93622e-06 2.22467e-05 -0.0174179 0.0862158 
0.0092945 -0.0168537 -7.25042e-06 -1.24456e-05 -0.0168537 0.0828142 -1.16243e-05 3.29024e-05 -7.25042e-06 -1.16243e-05 0.00916888 -0.0169392 -1.24456e-05 3.29024e-05 -0.0169392 0.0837887 
0.0091161 -0.0165222 -1.4134e-05 1.8761e-06 -0.0165222 0.0811942 7.31826e-07 2.50259e-05 -1.4134e-05 7.31826e-07 0.00895363 -0.0165559 1.8761e-06 2.50259e-05 -0.0165559 0.0819839 
0.0103916 -0.0188303 -3.31881e-05 1.26149e-05 -0.0188303 0.0925064 1.01961e-05 6.59685e-06 -3.31881e-05 1.01961e-05 0.0101828 -0.0188151 1.26149e-05 6.59685e-06 -0.0188151 0.0932442 
0.0103241 -0.0186709 -4.14859e-05 3.27865e-05 -0.0186709 0.0916854 2.88815e-05 -3.10249e-05 -4.14859e-05 2.88815e-05 0.0100582 -0.018629 3.27865e-05 -3.10249e-05 -0.018629 0.09232 
0.0102533 -0.0185989 -3.90004e-05 4.74338e-05 -0.0185989 0.0912113 4.18671e-05 -7.28807e-05 -3.90004e-05 4.18671e-05 0.0100165 -0.0184852 4.74338e-05 -7.28807e-05 -0.0184852 0.0917034 
0.0101846 -0.018526 -2.19544e-05 4.67862e-05 -0.018526 0.0908984 4.0038e-05 -8.99916e-05 -2.19544e-05 4.0038e-05 0.0100152 -0.018429 4.67862e-05 -8.99916e-05 -0.018429 0.0913261 
0.0101465 -0.0184818 -3.03561e-05 2.68111e-05 -0.0184818 0.0908018 2.11996e-05 -6.57591e-05 -3.03561e-05 2.11996e-05 0.0100405 -0.0184665 2.68111e-05 -6.57591e-05 -0.0184665 0.0913444 
0.0100863 -0.0183788 -3.09285e-05 3.22246e-05 -0.0183788 0.0903992 2.80081e-05 -5.56482e-05 -3.09285e-05 2.80081e-05 0.0100384 -0.0184464 3.22246e-05 -5.56482e-05 -0.0184464 0.0911352 
0.0100499 -0.0183183 -3.07037e-05 3.20919e-05 -0.0183183 0.0901705 3.08618e-05 -5.93795e-05 -3.07037e-05 3.08618e-05 0.0100418 -0.0184678 3.20919e-05 -5.93795e-05 -0.0184678 0.0911279 
0.010059 -0.0183305 -1.88078e-05 2.52325e-05 -0.0183305 0.0902755 2.9301e-05 -4.8751e-05 -1.88078e-05 2.9301e-05 0.0100518 -0.0185306 2.52325e-05 -4.8751e-05 -0.0185306 0.0914058 
0.0100635 -0.0183489 -6.77352e-06 8.81964e-06 -0.0183489 0.0903821 1.38252e-05 -1.67747e-05 -6.77352e-06 1.38252e-05 0.0100577 -0.0185528 8.81964e-06 -1.67747e-05 -0.0185528 0.0915858 
0.0100524 -0.0183107 1.60072e-05 -2.14354e-06 -0.0183107 0.0902282 -3.90955e-06 2.10068e-05 1.60072e-05 -3.90955e-06 0.0100322 -0.0185109 -2.14354e-06 2.10068e-05 -0.0185109 0.0914373 
0.0100499 -0.0183039 2.75874e-05 -2.75112e-05 -0.0183039 0.0901673 -3.41413e-05 7.90264e-05 2.75874e-05 -3.41413e-05 0.010008 -0.0184776 -2.75112e-05 7.90264e-05 -0.0184776 0.0913225 
0.0100427 -0.0182831 2.01935e-05 -4.35578e-05 -0.0182831 0.0900435 -5.04127e-05 0.00013208 2.01935e-05 -5.04127e-05 0.00997816 -0.0184206 -4.35578e-05 0.00013208 -0.0184206 0.0911008 
0.0100255 -0.0182593 8.91435e-06 -3.88701e-05 -0.0182593 0.0899047 -4.32058e-05 0.000147515 8.91435e-06 -4.32058e-05 0.00995489 -0.0183717 -3.88701e-05 0.000147515 -0.0183717 0.0908815 
0.010005 -0.0182191 -1.51775e-05 -2.18877e-05 -0.0182191 0.0897083 -2.59181e-05 0.000118935 -1.51775e-05 -2.59181e-05 0.0099267 -0.018319 -2.18877e-05 0.000118935 -0.018319 0.0906245 
0.00999306 -0.0181786 -8.06609e-06 8.82161e-06 -0.0181786 0.0894977 8.50892e-06 5.15287e-05 -8.06609e-06 8.50892e-06 0.00988833 -0.0182677 8.82161e-06 5.15287e-05 -0.0182677 0.0903746 
0.010001 -0.0182026 -7.25554e-06 3.41685e-06 -0.0182026 0.0895638 5.72079e-06 2.15136e-05 -7.25554e-06 5.72079e-06 0.00988121 -0.0182565 3.41685e-06 2.15136e-05 -0.0182565 0.0903658 
0.00998696 -0.0181993 6.47397e-06 7.96601e-07 -0.0181993 0.0895285 1.91408e-06 2.30663e-05 6.47397e-06 1.91408e-06 0.0098744 -0.0182193 7.96601e-07 2.30663e-05 -0.0182193 0.0902211 
0.00998377 -0.0182048 1.77235e-05 -1.34218e-05 -0.0182048 0.0895887 -1.6449e-05 4.75781e-05 1.77235e-05 -1.6449e-05 0.00988279 -0.0182271 -1.34218e-05 4.75781e-05 -0.0182271 0.0902289 
0.00994765 -0.018189 2.90248e-05 -2.75192e-05 -0.018189 0.0895524 -3.41028e-05 8.79858e-05 2.90248e-05 -3.41028e-05 0.00991249 -0.0182304 -2.75192e-05 8.79858e-05 -0.0182304 0.0902121 
0.0099494 -0.0181878 2.32781e-05 -4.05321e-05 -0.0181878 0.0896896 -4.70771e-05 0.000123152 2.32781e-05 -4.70771e-05 0.00994539 -0.0183228 -4.05321e-05 0.000123152 -0.0183228 0.0905242 
0.010011 -0.0182091 1.04232e-05 -3.55049e-05 -0.0182091 0.0898651 -3.92629e-05 0.000128247 1.04232e-05 -3.92629e-05 0.00992161 -0.0183973 -3.55049e-05 0.000128247 -0.0183973 0.0908878 
0.010043 -0.0182242 -5.20123e-06 -1.94951e-05 -0.0182242 0.0897787 -2.12097e-05 9.85426e-05 -5.20123e-06 -2.12097e-05 0.00987033 -0.0183128 -1.94951e-05 9.85426e-05 -0.0183128 0.0907263 
0.0100369 -0.0182581 -2.44563e-05 -6.49097e-07 -0.0182581 0.089778 -1.65405e-06 5.42765e-05 -2.44563e-05 -1.65405e-06 0.00986225 -0.0182296 -6.49097e-07 5.42765e-05 -0.0182296 0.0904642 
0.010011 -0.0182195 -1.54493e-05 1.96032e-05 -0.0182195 0.089596 2.24399e-05 3.22362e-06 -1.54493e-05 2.24399e-05 0.00984674 -0.0181725 1.96032e-05 3.22362e-06 -0.0181725 0.0901166 
0.0100089 -0.0182622 -8.23042e-06 7.41619e-06 -0.0182622 0.0898155 1.18455e-05 -1.22118e-06 -8.23042e-06 1.18455e-05 0.00987879 -0.0182274 7.41619e-06 -1.22118e-06 -0.0182274 0.0903083 
0.00999247 -0.0182274 -2.48485e-07 -3.27608e-06 -0.0182274 0.0897465 -1.50984e-06 2.80894e-05 -2.48485e-07 -1.50984e-06 0.00987968 -0.0182329 -3.27608e-06 2.80894e-05 -0.0182329 0.0902919 
0.00998059 -0.0182091 -9.64425e-06 -1.13203e-05 -0.0182091 0.0896863 -1.18893e-05 5.38739e-05 -9.64425e-06 -1.18893e-05 0.00989253 -0.0182304 -1.13203e-05 5.38739e-05 -0.0182304 0.0902746 
0.00997166 -0.0181781 -1.03653e-05 -7.60789e-07 -0.0181781 0.0895619 -3.74405e-07 4.95586e-05 -1.03653e-05 -3.74405e-07 0.00989653 -0.0182321 -7.60789e-07 4.95586e-05 -0.0182321 0.0902157 
0.00998733 -0.01818 -7.7925e-06 1.25025e-07 -0.01818 0.0895605 4.01705e-06 3.69186e-05 -7.7925e-06 4.01705e-06 0.00989231 -0.0182573 1.25025e-07 3.69186e-05 -0.0182573 0.0902867 
0.00999844 -0.0182152 -8.59514e-06 -3.59791e-06 -0.0182152 0.0896656 1.48713e-06 3.62413e-05 -8.59514e-06 1.48713e-06 0.00990418 -0.0182676 -3.59791e-06 3.62413e-05 -0.0182676 0.0903818 
0.0100025 -0.018242 -1.46129e-05 -2.36743e-06 -0.018242 0.0898012 1.73372e-06 3.75301e-05 -1.46129e-05 1.73372e-06 0.00992569 -0.0182968 -2.36743e-06 3.75301e-05 -0.0182968 0.0905109 
0.0100065 -0.0182499 -2.07452e-05 3.43063e-06 -0.0182499 0.089891 5.15919e-06 3.38218e-05 -2.07452e-05 5.15919e-06 0.00993398 -0.0183337 3.43063e-06 3.38218e-05 -0.0183337 0.0906572 
0.00998306 -0.0181889 -4.46949e-06 1.02578e-05 -0.0181889 0.0896183 8.46914e-06 2.79555e-05 -4.46949e-06 8.46914e-06 0.00990279 -0.0182832 1.02578e-05 2.79555e-05 -0.0182832 0.0904362 
0.00995708 -0.0181642 -5.74186e-06 -9.52248e-06 -0.0181642 0.0894684 -1.6835e-05 6.42635e-05 -5.74186e-06 -1.6835e-05 0.00989461 -0.0182463 -9.52248e-06 6.42635e-05 -0.0182463 0.0902865 
0.00990185 -0.0181121 1.27401e-06 -9.01851e-06 -0.0181121 0.0892509 -1.80419e-05 8.86633e-05 1.27401e-06 -1.80419e-05 0.00990533 -0.0182139 -9.01851e-06 8.86633e-05 -0.0182139 0.0900907 
0.00989036 -0.0180815 2.86767e-05 -1.71399e-05 -0.0180815 0.0892283 -2.42789e-05 0.000104662 2.86767e-05 -2.42789e-05 0.00992753 -0.0182654 -1.71399e-05 0.000104662 -0.0182654 0.0902124 
0.00988171 -0.0180428 4.0849e-05 -5.0339e-05 -0.0180428 0.089072 -5.30835e-05 0.000155622 4.0849e-05 -5.30835e-05 0.00991589 -0.0182702 -5.0339e-05 0.000155622 -0.0182702 0.0901981 
0.00986786 -0.0180139 3.76944e-05 -6.64886e-05 -0.0180139 0.0889046 -6.70307e-05 0.000204546 3.76944e-05 -6.70307e-05 0.00989621 -0.0182415 -6.64886e-05 0.000204546 -0.0182415 0.0900877 
0.00985715 -0.0179689 1.8741e-05 -5.97946e-05 -0.0179689 0.0886676 -5.56937e-05 0.000200908 1.8741e-05 -5.56937e-05 0.00985684 -0.0181888 -5.97946e-05 0.000200908 -0.0181888 0.0898505 
0.00985735 -0.0179608 -1.27931e-06 -3.54212e-05 -0.0179608 0.088557 -2.77522e-05 0.000149533 -1.27931e-06 -2.77522e-05 0.00983042 -0.018139 -3.54212e-05 0.000149533 -0.018139 0.089664 
0.00988327 -0.0180235 -1.98255e-08 -8.76045e-06 -0.0180235 0.088803 -4.18585e-07 7.81206e-05 -1.98255e-08 -4.18585e-07 0.00983879 -0.0181576 -8.76045e-06 7.81206e-05 -0.0181576 0.0897908 
0.00990916 -0.0181069 4.10993e-07 -4.57214e-06 -0.0181069 0.089203 -1.05381e-06 4.06949e-05 4.10993e-07 -1.05381e-06 0.00987312 -0.0182085 -4.57214e-06 4.06949e-05 -0.0182085 0.090077 
0.00991281 -0.018109 4.89491e-06 -4.21496e-06 -0.018109 0.0892867 -5.87441e-06 3.55479e-05 4.89491e-06 -5.87441e-06 0.00987532 -0.0182174 -4.21496e-06 3.55479e-05 -0.0182174 0.0901155 
0.00990559 -0.0180919 7.37178e-06 -1.57205e-05 -0.0180919 0.0892316 -1.73521e-05 5.9437e-05 7.37178e-06 -1.73521e-05 0.00987313 -0.0182024 -1.57205e-05 5.9437e-05 -0.0182024 0.0900543 
0.0098979 -0.0180829 -6.19739e-06 -2.13171e-05 -0.0180829 0.0891891 -2.1953e-05 8.18661e-05 -6.19739e-06 -2.1953e-05 0.00988431 -0.0181946 -2.13171e-05 8.18661e-05 -0.0181946 0.0900045 
0.00991808 -0.0181125 -1.1175e-05 -6.35393e-06 -0.0181125 0.0893494 -6.6166e-06 6.93739e-05 -1.1175e-05 -6.6166e-06 0.00991178 -0.0182496 -6.35393e-06 6.93739e-05 -0.0182496 0.0902074 
0.00995113 -0.0181791 -1.38592e-05 2.63778e-06 -0.0181791 0.0896764 2.83233e-07 4.64838e-05 -1.38592e-05 2.83233e-07 0.00996096 -0.018336 2.63778e-06 4.64838e-05 -0.018336 0.0906001 
0.0099619 -0.0181621 -1.74706e-05 4.80642e-06 -0.0181621 0.0896148 1.25744e-06 3.83815e-05 -1.74706e-05 1.25744e-06 0.00995127 -0.0183466 4.80642e-06 3.83815e-05 -0.0183466 0.0906168 
0.00996501 -0.0181794 -1.90632e-05 8.74862e-06 -0.0181794 0.0896394 5.65208e-06 3.01593e-05 -1.90632e-05 5.65208e-06 0.00995426 -0.0183506 8.74862e-06 3.01593e-05 -0.0183506 0.0906712 
0.00997877 -0.01819 -1.89152e-05 9.76902e-06 -0.01819 0.0896877 7.09236e-06 2.57234e-05 -1.89152e-05 7.09236e-06 0.00995422 -0.0183577 9.76902e-06 2.57234e-05 -0.0183577 0.0907162 
0.0100185 -0.0182447 -1.50799e-05 5.77426e-06 -0.0182447 0.089927 5.74258e-06 3.27033e-05 -1.50799e-05 5.74258e-06 0.00996361 -0.0184011 5.77426e-06 3.27033e-05 -0.0184011 0.0909477 
0.0100227 -0.0182342 -2.51813e-05 4.76414e-07 -0.0182342 0.0898321 -2.10258e-06 4.90394e-05 -2.51813e-05 -2.10258e-06 0.00994053 -0.0183617 4.76414e-07 4.90394e-05 -0.0183617 0.0908154 
0.0100313 -0.0182635 -1.8707e-05 1.65003e-05 -0.0182635 0.0899113 7.34512e-06 3.69436e-05 -1.8707e-05 7.34512e-06 0.00994212 -0.0183554 1.65003e-05 3.69436e-05 -0.0183554 0.0908218 
0.0100439 -0.0183062 -3.64392e-06 1.50044e-05 -0.0183062 0.0901081 2.88057e-06 2.78866e-05 -3.64392e-06 2.88057e-06 0.00996177 -0.018376 1.50044e-05 2.78866e-05 -0.018376 0.0909376 
0.0100412 -0.0183014 1.1146e-05 -7.07469e-06 -0.0183014 0.0901224 -1.75239e-05 6.24409e-05 1.1146e-05 -1.75239e-05 0.00997059 -0.0183823 -7.07469e-06 6.24409e-05 -0.0183823 0.0909398 
0.0100196 -0.0182685 1.36458e-05 -2.73962e-05 -0.0182685 0.0899841 -3.32316e-05 0.000108018 1.36458e-05 -3.32316e-05 0.00997094 -0.0183729 -2.73962e-05 0.000108018 -0.0183729 0.0908512 
0.0100169 -0.0182214 5.90979e-06 -3.61687e-05 -0.0182214 0.0897837 -3.62275e-05 0.000139674 5.90979e-06 -3.62275e-05 0.00994444 -0.0183584 -3.61687e-05 0.000139674 -0.0183584 0.0907321 
0.0100261 -0.0182313 -1.2732e-05 -2.59852e-05 -0.0182313 0.0897504 -2.40011e-05 0.00013074 -1.2732e-05 -2.40011e-05 0.00993013 -0.0183386 -2.59852e-05 0.00013074 -0.0183386 0.090689 
0.0100279 -0.0182683 1.46871e-06 -3.08138e-06 -0.0182683 0.0898721 -1.10708e-06 8.91522e-05 1.46871e-06 -1.10708e-06 0.00993809 -0.0183376 -3.08138e-06 8.91522e-05 -0.0183376 0.0907267 
0.0100211 -0.0182567 3.63114e-06 -2.27296e-05 -0.0182567 0.0898522 -2.07173e-05 0.000102125 3.63114e-06 -2.07173e-05 0.00994723 -0.0183245 -2.27296e-05 0.000102125 -0.0183245 0.0906519 
0.0100111 -0.018247 1.6989e-05 -3.00396e-05 -0.018247 0.0898251 -2.78509e-05 0.000134234 1.6989e-05 -2.78509e-05 0.00995603 -0.0183383 -3.00396e-05 0.000134234 -0.0183383 0.0906479 
0.010007 -0.0182248 1.37297e-06 -4.81137e-05 -0.0182248 0.0897411 -4.41881e-05 0.000173932 1.37297e-06 -4.41881e-05 0.00996021 -0.0183414 -4.81137e-05 0.000173932 -0.0183414 0.09062 
0.0100309 -0.0182646 -1.87269e-05 -3.44314e-05 -0.0182646 0.0899169 -3.09854e-05 0.000180535 -1.87269e-05 -3.09854e-05 0.00997038 -0.0183942 -3.44314e-05 0.000180535 -0.0183942 0.0908451 
0.0100599 -0.018318 -1.23171e-05 -7.27014e-06 -0.018318 0.0901613 -7.67035e-06 0.000138595 -1.23171e-05 -7.67035e-06 0.0099744 -0.0184317 -7.27014e-06 0.000138595 -0.0184317 0.0910863 
0.0100209 -0.0182958 4.99879e-06 -1.34142e-05 -0.0182958 0.0900372 -1.78407e-05 0.000131145 4.99879e-06 -1.78407e-05 0.00995925 -0.018367 -1.34142e-05 0.000131145 -0.018367 0.0908745 
0.010007 -0.0182229 3.89296e-06 -2.98144e-05 -0.0182229 0.0897787 -3.97225e-05 0.000162524 3.89296e-06 -3.97225e-05 0.00990562 -0.0183143 -2.98144e-05 0.000162524 -0.0183143 0.0905901 
0.0100058 -0.0181966 9.69891e-06 -2.5182e-05 -0.0181966 0.0895866 -3.92746e-05 0.000172414 9.69891e-06 -3.92746e-05 0.00986148 -0.0182365 -2.5182e-05 0.000172414 -0.0182365 0.0903124 
0.0100182 -0.0182652 1.10893e-05 -2.96202e-05 -0.0182652 0.0898357 -4.19192e-05 0.000173912 1.10893e-05 -4.19192e-05 0.00988323 -0.0182406 -2.96202e-05 0.000173912 -0.0182406 0.0904024 
0.0100009 -0.0182682 9.63345e-06 -3.36402e-05 -0.0182682 0.0899082 -3.71061e-05 0.000170455 9.63345e-06 -3.71061e-05 0.00990138 -0.0182475 -3.36402e-05 0.000170455 -0.0182475 0.0903988 
0.00998842 -0.0182334 -4.99922e-07 -3.62835e-05 -0.0182334 0.0898426 -2.81097e-05 0.000160332 -4.99922e-07 -2.81097e-05 0.00989951 -0.0182608 -3.62835e-05 0.000160332 -0.0182608 0.0903913 
0.00994153 -0.0181526 -3.90014e-06 -2.52474e-05 -0.0181526 0.0894709 -1.17896e-05 0.000131655 -3.90014e-06 -1.17896e-05 0.0098732 -0.0181976 -2.52474e-05 0.000131655 -0.0181976 0.0900836 
0.00992566 -0.0180961 -1.67935e-05 -1.82727e-05 -0.0180961 0.0892228 -5.10429e-06 0.000102856 -1.67935e-05 -5.10429e-06 0.00984561 -0.0181705 -1.82727e-05 0.000102856 -0.0181705 0.0899099 
0.00993289 -0.0180969 -3.5638e-05 -1.45328e-06 -0.0180969 0.0891809 1.09545e-05 6.72033e-05 -3.5638e-05 1.09545e-05 0.00983607 -0.0181604 -1.45328e-06 6.72033e-05 -0.0181604 0.089891 
0.00991827 -0.0181109 -4.26019e-05 2.71055e-05 -0.0181109 0.0891981 3.49778e-05 4.92403e-06 -4.26019e-05 3.49778e-05 0.00984423 -0.0181472 2.71055e-05 4.92403e-06 -0.0181472 0.0898573 
0.00990135 -0.0180901 -4.20215e-05 3.78562e-05 -0.0180901 0.0891581 4.29129e-05 -3.92304e-05 -4.20215e-05 4.29129e-05 0.00984373 -0.0181516 3.78562e-05 -3.92304e-05 -0.0181516 0.0898261 
0.00990181 -0.0180824 -3.32927e-05 3.73301e-05 -0.0180824 0.0891797 4.43846e-05 -5.67932e-05 -3.32927e-05 4.43846e-05 0.00984998 -0.0181755 3.73301e-05 -5.67932e-05 -0.0181755 0.0899231 
0.00987487 -0.0180281 -3.53733e-05 2.93391e-05 -0.0180281 0.0889241 3.59817e-05 -5.3292e-05 -3.53733e-05 3.59817e-05 0.00983539 -0.0181311 2.93391e-05 -5.3292e-05 -0.0181311 0.089721 
0.00982263 -0.0179646 -3.35046e-05 3.26148e-05 -0.0179646 0.0886074 3.48713e-05 -4.97981e-05 -3.35046e-05 3.48713e-05 0.00982269 -0.0180795 3.26148e-05 -4.97981e-05 -0.0180795 0.0894355 
0.00980918 -0.0179311 -2.49742e-05 2.96814e-05 -0.0179311 0.0885132 2.7072e-05 -3.78848e-05 -2.49742e-05 2.7072e-05 0.00981935 -0.0180944 2.96814e-05 -3.78848e-05 -0.0180944 0.0894282 
0.00978986 -0.0179049 -2.25425e-05 1.86979e-05 -0.0179049 0.0883894 1.44301e-05 -1.29741e-05 -2.25425e-05 1.44301e-05 0.0098106 -0.0180766 1.86979e-05 -1.29741e-05 -0.0180766 0.0893549 
0.00979584 -0.0179267 -2.0083e-05 1.25094e-05 -0.0179267 0.0885159 9.7871e-06 1.15509e-05 -2.0083e-05 9.7871e-06 0.00982596 -0.0181046 1.25094e-05 1.15509e-05 -0.0181046 0.0894974 
0.00980615 -0.0179007 -3.4726e-06 6.99372e-06 -0.0179007 0.0884256 3.55906e-06 3.38457e-05 -3.4726e-06 3.55906e-06 0.00979461 -0.0180916 6.99372e-06 3.38457e-05 -0.0180916 0.0894315 
0.00982731 -0.0179476 7.75186e-06 -1.055e-05 -0.0179476 0.0885708 -1.6168e-05 6.94173e-05 7.75186e-06 -1.6168e-05 0.00979159 -0.0180843 -1.055e-05 6.94173e-05 -0.0180843 0.0895012 
0.00984125 -0.0179302 1.30247e-06 -2.36299e-05 -0.0179302 0.0884653 -3.31946e-05 0.000112033 1.30247e-06 -3.31946e-05 0.00973666 -0.0180305 -2.36299e-05 0.000112033 -0.0180305 0.0892841 
0.00984182 -0.017903 -7.02723e-06 -1.6213e-05 -0.017903 0.0882129 -2.40331e-05 0.000115857 -7.02723e-06 -2.40331e-05 0.00966752 -0.0179087 -1.6213e-05 0.000115857 -0.0179087 0.0888271 
0.00982517 -0.017906 -9.66835e-06 -3.44813e-06 -0.017906 0.0880965 -7.7866e-06 8.48424e-05 -9.66835e-06 -7.7866e-06 0.00964164 -0.0178136 -3.44813e-06 8.48424e-05 -0.0178136 0.0884457 
0.0098223 -0.0179448 -1.65215e-05 1.26113e-06 -0.0179448 0.0882986 1.21489e-06 5.56151e-05 -1.65215e-05 1.21489e-06 0.00967437 -0.0178419 1.26113e-06 5.56151e-05 -0.0178419 0.088516 
0.00980535 -0.0179255 -1.25785e-05 7.32922e-06 -0.0179255 0.0882993 7.92088e-06 3.68248e-05 -1.25785e-05 7.92088e-06 0.00969252 -0.0178722 7.32922e-06 3.68248e-05 -0.0178722 0.0885625 
0.00980375 -0.0178991 -1.29077e-05 -2.16126e-07 -0.0178991 0.0882381 4.90966e-07 4.37355e-05 -1.29077e-05 4.90966e-07 0.00969708 -0.0178969 -2.16126e-07 4.37355e-05 -0.0178969 0.0886236 
0.00983917 -0.0179526 -2.32925e-05 -6.23272e-07 -0.0179526 0.0884833 -1.52734e-06 5.35828e-05 -2.32925e-05 -1.52734e-06 0.00972388 -0.0179624 -6.23272e-07 5.35828e-05 -0.0179624 0.0889478 
0.00985877 -0.0180207 -1.65019e-05 9.7546e-06 -0.0180207 0.0887875 9.07265e-06 4.44839e-05 -1.65019e-05 9.07265e-06 0.0097642 -0.0180172 9.7546e-06 4.44839e-05 -0.0180172 0.0892545 
0.00987697 -0.0180511 -1.39525e-05 2.25944e-06 -0.0180511 0.0890053 4.99771e-06 4.31541e-05 -1.39525e-05 4.99771e-06 0.00979394 -0.0180763 2.25944e-06 4.31541e-05 -0.0180763 0.089514 
0.0098583 -0.0180544 -1.86738e-05 -1.49772e-06 -0.0180544 0.0890508 2.61358e-06 4.9783e-05 -1.86738e-05 2.61358e-06 0.00982861 -0.0180967 -1.49772e-06 4.9783e-05 -0.0180967 0.0896146 
0.00984821 -0.0180129 -2.00067e-05 3.09035e-06 -0.0180129 0.0889532 3.965e-06 5.28741e-05 -2.00067e-05 3.965e-06 0.00983558 -0.0181244 3.09035e-06 5.28741e-05 -0.0181244 0.0896525 
0.00983443 -0.0180139 -2.42304e-05 5.705e-06 -0.0180139 0.0889638 4.46606e-06 5.13788e-05 -2.42304e-05 4.46606e-06 0.00987079 -0.0181535 5.705e-06 5.13788e-05 -0.0181535 0.0897829 
0.00982328 -0.0179473 -3.38805e-05 1.35755e-05 -0.0179473 0.0887045 1.16707e-05 3.58135e-05 -3.38805e-05 1.16707e-05 0.00984502 -0.0181457 1.35755e-05 3.58135e-05 -0.0181457 0.0896551 
0.00983451 -0.0179061 -3.93242e-05 2.5813e-05 -0.0179061 0.08844 2.57584e-05 5.69872e-06 -3.93242e-05 2.57584e-05 0.00979052 -0.0180968 2.5813e-05 5.69872e-06 -0.0180968 0.0894503 
0.00986445 -0.0179756 -4.47458e-05 3.51602e-05 -0.0179756 0.0886095 3.55166e-05 -2.50315e-05 -4.47458e-05 3.55166e-05 0.00978991 -0.0180799 3.51602e-05 -2.50315e-05 -0.0180799 0.0894962 
0.00988683 -0.0180259 -4.4127e-05 3.85526e-05 -0.0180259 0.0888021 3.80997e-05 -3.73801e-05 -4.4127e-05 3.80997e-05 0.00978982 -0.0180798 3.85526e-05 -3.73801e-05 -0.0180798 0.089527 
0.0099035 -0.0180402 -3.48098e-05 3.46386e-05 -0.0180402 0.0888568 3.46262e-05 -3.06535e-05 -3.48098e-05 3.46262e-05 0.00977619 -0.0180653 3.46386e-05 -3.06535e-05 -0.0180653 0.0894722 
0.00993975 -0.0180675 -3.37721e-05 2.22504e-05 -0.0180675 0.0889404 2.20029e-05 -5.86156e-06 -3.37721e-05 2.20029e-05 0.00975304 -0.0180566 2.22504e-05 -5.86156e-06 -0.0180566 0.0894642 
0.00994762 -0.0180967 -1.27966e-05 2.18458e-05 -0.0180967 0.0889628 1.65478e-05 1.40521e-05 -1.27966e-05 1.65478e-05 0.00974367 -0.0180059 2.18458e-05 1.40521e-05 -0.0180059 0.0893122 
0.00993979 -0.0180916 6.92954e-06 -4.83211e-06 -0.0180916 0.088905 -1.08676e-05 6.321e-05 6.92954e-06 -1.08676e-05 0.00973465 -0.0179728 -4.83211e-06 6.321e-05 -0.0179728 0.0891202 
0.009945 -0.0181046 2.13396e-05 -3.16845e-05 -0.0181046 0.088971 -3.70133e-05 0.000131707 2.13396e-05 -3.70133e-05 0.00974324 -0.0179933 -3.16845e-05 0.000131707 -0.0179933 0.089164 
0.00991839 -0.0180637 2.08683e-05 -5.27242e-05 -0.0180637 0.0887756 -5.80995e-05 0.000197493 2.08683e-05 -5.80995e-05 0.00973209 -0.0179617 -5.27242e-05 0.000197493 -0.0179617 0.0889879 
0.00989296 -0.0180741 1.03996e-05 -5.30397e-05 -0.0180741 0.0888425 -5.75872e-05 0.000223409 1.03996e-05 -5.75872e-05 0.00976542 -0.0179916 -5.30397e-05 0.000223409 -0.0179916 0.089099 
0.00987244 -0.0180891 -2.12703e-06 -3.63666e-05 -0.0180891 0.0890539 -3.93753e-05 0.00019691 -2.12703e-06 -3.93753e-05 0.00982609 -0.0180851 -3.63666e-05 0.00019691 -0.0180851 0.0894624 
0.00988154 -0.0181122 8.78975e-06 -1.67425e-05 -0.0181122 0.0893531 -2.05124e-05 0.00014634 8.78975e-06 -2.05124e-05 0.00989279 -0.0182117 -1.67425e-05 0.00014634 -0.0182117 0.090002 
0.00989507 -0.0180915 4.3504e-05 -2.9455e-05 -0.0180915 0.0893692 -3.51695e-05 0.000145661 4.3504e-05 -3.51695e-05 0.00989396 -0.0182685 -2.9455e-05 0.000145661 -0.0182685 0.0902505 
0.00987819 -0.0180337 3.74535e-05 -7.28799e-05 -0.0180337 0.0890578 -7.91242e-05 0.000221123 3.74535e-05 -7.91242e-05 0.00985597 -0.0182 -7.28799e-05 0.000221123 -0.0182 0.0900186 
0.00987468 -0.0180043 1.57577e-05 -7.02056e-05 -0.0180043 0.0888518 -6.99466e-05 0.000252468 1.57577e-05 -6.99466e-05 0.00982046 -0.0181373 -7.02056e-05 0.000252468 -0.0181373 0.0897665 
0.00987021 -0.0179966 -2.61214e-06 -4.55016e-05 -0.0179966 0.0887313 -3.95435e-05 0.00021375 -2.61214e-06 -3.95435e-05 0.0097977 -0.018083 -4.55016e-05 0.00021375 -0.018083 0.0895398 
0.00985554 -0.0179728 -2.3717e-05 -2.19912e-05 -0.0179728 0.0885723 -1.61677e-05 0.000156175 -2.3717e-05 -1.61677e-05 0.00978224 -0.0180331 -2.19912e-05 0.000156175 -0.0180331 0.0892856 
0.00986934 -0.0180114 -2.70699e-05 4.94131e-06 -0.0180114 0.0887412 5.82203e-06 9.72116e-05 -2.70699e-05 5.82203e-06 0.00980219 -0.0180713 4.94131e-06 9.72116e-05 -0.0180713 0.0894215 
0.00985758 -0.0180314 -2.17343e-05 1.35841e-05 -0.0180314 0.0888614 8.43041e-06 6.24267e-05 -2.17343e-05 8.43041e-06 0.00983362 -0.0181069 1.35841e-05 6.24267e-05 -0.0181069 0.0895673 
0.00983842 -0.017987 -1.23286e-05 6.74474e-06 -0.017987 0.0887472 2.18611e-07 6.57655e-05 -1.23286e-05 2.18611e-07 0.00983171 -0.0181211 6.74474e-06 6.57655e-05 -0.0181211 0.0895651 
0.00982356 -0.0179626 -2.04705e-06 -2.49788e-06 -0.0179626 0.0886551 -9.83716e-06 8.31367e-05 -2.04705e-06 -9.83716e-06 0.00983003 -0.0181223 -2.49788e-06 8.31367e-05 -0.0181223 0.0895727 
0.00978711 -0.0179076 -5.58255e-06 -1.59309e-05 -0.0179076 0.0884116 -2.1318e-05 0.000108488 -5.58255e-06 -2.1318e-05 0.00981706 -0.0180828 -1.59309e-05 0.000108488 -0.0180828 0.0893858 
0.0097906 -0.0178836 -7.90171e-06 -1.61109e-05 -0.0178836 0.08834 -1.80279e-05 0.000121161 -7.90171e-06 -1.80279e-05 0.00980091 -0.0180881 -1.61109e-05 0.000121161 -0.0180881 0.0893786 
0.0097833 -0.0178724 -1.09534e-05 -1.46933e-05 -0.0178724 0.0882327 -1.44046e-05 0.000120184 -1.09534e-05 -1.44046e-05 0.00978055 -0.0180481 -1.46933e-05 0.000120184 -0.0180481 0.089252 
0.00978189 -0.0178532 -9.57882e-06 -1.44064e-05 -0.0178532 0.0881192 -1.59863e-05 0.000125095 -9.57882e-06 -1.59863e-05 0.00975044 -0.0180059 -1.44064e-05 0.000125095 -0.0180059 0.0890734 
0.00978361 -0.0178454 8.35185e-06 -1.46987e-05 -0.0178454 0.0880221 -2.00375e-05 0.000133051 8.35185e-06 -2.00375e-05 0.00971773 -0.01795 -1.46987e-05 0.000133051 -0.01795 0.088856 
0.00979627 -0.0178709 1.01127e-05 -3.84113e-05 -0.0178709 0.0880843 -4.08492e-05 0.000172078 1.01127e-05 -4.08492e-05 0.00970046 -0.0179228 -3.84113e-05 0.000172078 -0.0179228 0.0887676 
0.00977211 -0.0178809 6.49426e-06 -4.74383e-05 -0.0178809 0.0881064 -4.04524e-05 0.000201826 6.49426e-06 -4.04524e-05 0.00971435 -0.0178987 -4.74383e-05 0.000201826 -0.0178987 0.0886752 
0.00978334 -0.017916 3.46226e-06 -4.49899e-05 -0.017916 0.0883841 -3.34785e-05 0.00020461 3.46226e-06 -3.34785e-05 0.00976387 -0.01798 -4.49899e-05 0.00020461 -0.01798 0.0889797 
0.0097855 -0.0179163 -5.50695e-06 -3.4925e-05 -0.0179163 0.0884606 -2.83316e-05 0.000185922 -5.50695e-06 -2.83316e-05 0.00979054 -0.0180284 -3.4925e-05 0.000185922 -0.0180284 0.0891606 
0.0098046 -0.0179687 -1.55801e-05 -1.50271e-05 -0.0179687 0.0887569 -1.57684e-05 0.000144729 -1.55801e-05 -1.57684e-05 0.00984405 -0.0181178 -1.50271e-05 0.000144729 -0.0181178 0.0895671 
0.00980164 -0.0178974 -2.1659e-05 -1.2001e-06 -0.0178974 0.0884716 -3.00934e-06 0.000103289 -2.1659e-05 -3.00934e-06 0.00980329 -0.0180909 -1.2001e-06 0.000103289 -0.0180909 0.0893946 
0.00978872 -0.0178818 -1.54054e-05 3.41507e-06 -0.0178818 0.0882871 1.48284e-07 8.50874e-05 -1.54054e-05 1.48284e-07 0.00978133 -0.0180376 3.41507e-06 8.50874e-05 -0.0180376 0.0892126 
0.00978029 -0.0178651 -2.27187e-05 -6.44894e-07 -0.0178651 0.0881736 -8.42953e-06 8.72617e-05 -2.27187e-05 -8.42953e-06 0.00976624 -0.0180018 -6.44894e-07 8.72617e-05 -0.0180018 0.0890453 
0.00977502 -0.0178588 -1.81925e-05 7.51085e-06 -0.0178588 0.0881206 -4.17322e-06 8.7362e-05 -1.81925e-05 -4.17322e-06 0.00976422 -0.0179872 7.51085e-06 8.7362e-05 -0.0179872 0.0889577 
0.00977767 -0.017892 -9.20834e-06 1.42769e-06 -0.017892 0.0882774 -1.03501e-05 9.6065e-05 -9.20834e-06 -1.03501e-05 0.00979391 -0.0180275 1.42769e-06 9.6065e-05 -0.0180275 0.0891188 
0.00980295 -0.0179037 2.01439e-05 -1.65689e-05 -0.0179037 0.0883943 -2.61469e-05 0.000135492 2.01439e-05 -2.61469e-05 0.00979519 -0.0180743 -1.65689e-05 0.000135492 -0.0180743 0.0892968 
0.00984607 -0.0179801 2.62432e-05 -5.53084e-05 -0.0179801 0.0887213 -6.47587e-05 0.000218121 2.62432e-05 -6.47587e-05 0.00981515 -0.0181265 -5.53084e-05 0.000218121 -0.0181265 0.0896262 
0.00988586 -0.0180472 2.62239e-05 -6.62634e-05 -0.0180472 0.0890238 -7.52237e-05 0.00027898 2.62239e-05 -7.52237e-05 0.0098331 -0.0181584 -6.62634e-05 0.00027898 -0.0181584 0.0898567 
0.00989821 -0.0180818 6.07078e-06 -6.33141e-05 -0.0180818 0.0891703 -6.94264e-05 0.000287479 6.07078e-06 -6.94264e-05 0.00984428 -0.0181626 -6.33141e-05 0.000287479 -0.0181626 0.0899157 
0.00989834 -0.0180964 -6.50898e-06 -3.83574e-05 -0.0180964 0.0892592 -4.10776e-05 0.000243758 -6.50898e-06 -4.10776e-05 0.00986298 -0.0181738 -3.83574e-05 0.000243758 -0.0181738 0.0899599 
0.00986125 -0.0180715 -6.64964e-06 -2.34898e-05 -0.0180715 0.0891741 -2.34267e-05 0.000195291 -6.64964e-06 -2.34267e-05 0.00988574 -0.018169 -2.34898e-05 0.000195291 -0.018169 0.0898904 
0.00984982 -0.0180248 -5.02006e-06 -2.46877e-05 -0.0180248 0.0890622 -2.27611e-05 0.000177954 -5.02006e-06 -2.27611e-05 0.00988483 -0.0181999 -2.46877e-05 0.000177954 -0.0181999 0.0899152 
0.00984452 -0.0179675 -1.8973e-05 -2.87776e-05 -0.0179675 0.0887848 -2.76124e-05 0.000184793 -1.8973e-05 -2.76124e-05 0.00985508 -0.0181667 -2.87776e-05 0.000184793 -0.0181667 0.0897567 
0.00987839 -0.0180015 -2.05521e-05 -1.7889e-05 -0.0180015 0.0888516 -1.6917e-05 0.000180731 -2.05521e-05 -1.6917e-05 0.00983687 -0.0181712 -1.7889e-05 0.000180731 -0.0181712 0.0898221 
