0.00748841 0 -5.12684e-05 0 0 0.0104955 0 0 -5.12684e-05 0 0.00729302 0 0 0 0 0.0104955 
0.0107844 -0.013385 -4.27328e-05 4.98366e-05 -0.013385 0.0354486 4.98366e-05 -9.53899e-05 -4.27328e-05 4.98366e-05 0.0104956 -0.0130276 4.98366e-05 -9.53899e-05 -0.0130276 0.0347631 
0.00935322 -0.0174873 -1.0011e-05 -4.79755e-05 -0.0174873 0.0643902 -4.79755e-05 0.000180212 -1.0011e-05 -4.79755e-05 0.00917673 -0.017046 -4.79755e-05 0.000180212 -0.017046 0.0629701 
0.00872887 -0.0169493 2.24501e-06 -0.000145698 -0.0169493 0.0760773 -0.000146395 0.000811685 2.24501e-06 -0.000146395 0.00866091 -0.016647 -0.000145698 0.000811685 -0.016647 0.0746945 
0.00989608 -0.0186046 -2.65699e-05 -0.000151929 -0.0186046 0.0899861 -0.00015345 0.0011673 -2.65699e-05 -0.00015345 0.00991943 -0.0184506 -0.000151929 0.0011673 -0.0184506 0.0889272 
0.00957477 -0.0176665 -4.95841e-05 -7.27362e-05 -0.0176665 0.0870384 -7.39148e-05 0.000881251 -4.95841e-05 -7.39148e-05 0.00964647 -0.01767 -7.27362e-05 0.000881251 -0.01767 0.0865766 
0.00928596 -0.0170339 -5.34202e-05 -2.01777e-05 -0.0170339 0.0841554 -2.3153e-05 0.000560328 -5.34202e-05 -2.3153e-05 0.00935203 -0.0171057 -2.01777e-05 0.000560328 -0.0171057 0.0840675 
0.00904851 -0.0165817 -4.90352e-05 -8.89564e-06 -0.0165817 0.0819272 -1.2183e-05 0.00038312 -4.90352e-05 -1.2183e-05 0.00909384 -0.0166459 -8.89564e-06 0.00038312 -0.0166459 0.0819657 
0.01023 -0.0187358 -4.0077e-05 -2.28507e-05 -0.0187358 0.0925482 -2.29163e-05 0.000385622 -4.0077e-05 -2.29163e-05 0.010253 -0.0187707 -2.28507e-05 0.000385622 -0.0187707 0.0925619 
0.0100877 -0.0185179 -2.50699e-05 -5.27961e-05 -0.0185179 0.0914115 -4.91355e-05 0.000425668 -2.50699e-05 -4.91355e-05 0.0101304 -0.0185044 -5.27961e-05 0.000425668 -0.0185044 0.0913112 
0.0100408 -0.0184219 -1.14122e-05 -7.18964e-05 -0.0184219 0.0909821 -6.82332e-05 0.000481414 -1.14122e-05 -6.82332e-05 0.0100683 -0.0184246 -7.18964e-05 0.000481414 -0.0184246 0.0908419 
0.010028 -0.0183814 -2.48406e-06 -8.95769e-05 -0.0183814 0.090775 -8.64904e-05 0.000535165 -2.48406e-06 -8.64904e-05 0.0100331 -0.0183784 -8.95769e-05 0.000535165 -0.0183784 0.0906383 
0.0100234 -0.0183858 -1.70531e-05 -9.62644e-05 -0.0183858 0.090748 -9.3146e-05 0.000561932 -1.70531e-05 -9.3146e-05 0.0100338 -0.0183534 -9.62644e-05 0.000561932 -0.0183534 0.0905632 
0.0100062 -0.0184088 -2.33621e-05 -7.84638e-05 -0.0184088 0.0908534 -7.64312e-05 0.000545086 -2.33621e-05 -7.64312e-05 0.0100736 -0.0183734 -7.84638e-05 0.000545086 -0.0183734 0.090629 
0.00999898 -0.0184183 -4.02347e-05 -6.55512e-05 -0.0184183 0.0910163 -6.49425e-05 0.000507833 -4.02347e-05 -6.49425e-05 0.0101216 -0.0184556 -6.55512e-05 0.000507833 -0.0184556 0.0908966 
0.00996032 -0.0183469 -4.93071e-05 -4.40033e-05 -0.0183469 0.0907744 -4.418e-05 0.000457721 -4.93071e-05 -4.418e-05 0.0101308 -0.0184649 -4.40033e-05 0.000457721 -0.0184649 0.0908567 
0.0099533 -0.0182591 -6.44502e-05 -3.35191e-05 -0.0182591 0.0903972 -3.11107e-05 0.00041537 -6.44502e-05 -3.11107e-05 0.0100922 -0.0184436 -3.35191e-05 0.00041537 -0.0184436 0.0906808 
0.00997587 -0.0183061 -5.21127e-05 -1.97423e-05 -0.0183061 0.0904898 -1.209e-05 0.000378264 -5.21127e-05 -1.209e-05 0.0100863 -0.018456 -1.97423e-05 0.000378264 -0.018456 0.0908077 
0.00997383 -0.0183019 -4.35212e-05 -3.33183e-05 -0.0183019 0.0904233 -2.49323e-05 0.000379971 -4.35212e-05 -2.49323e-05 0.0100711 -0.0184148 -3.33183e-05 0.000379971 -0.0184148 0.0906735 
0.00998283 -0.0182793 -2.83261e-05 -4.23217e-05 -0.0182793 0.090293 -3.8922e-05 0.000405392 -2.83261e-05 -3.8922e-05 0.0100229 -0.0183816 -4.23217e-05 0.000405392 -0.0183816 0.0905043 
0.0099826 -0.018301 -1.41198e-05 -5.85203e-05 -0.018301 0.0902988 -6.21098e-05 0.000448113 -1.41198e-05 -6.21098e-05 0.00999992 -0.0183364 -5.85203e-05 0.000448113 -0.0183364 0.0904026 
0.00997416 -0.0182816 -7.01823e-06 -7.22286e-05 -0.0182816 0.0901981 -8.13926e-05 0.000489332 -7.01823e-06 -8.13926e-05 0.00996369 -0.0182777 -7.22286e-05 0.000489332 -0.0182777 0.0901723 
0.00996629 -0.0182652 -9.89036e-06 -7.85016e-05 -0.0182652 0.0900893 -8.79093e-05 0.000513032 -9.89036e-06 -8.79093e-05 0.00993056 -0.018217 -7.85016e-05 0.000513032 -0.018217 0.0899305 
0.0100073 -0.0182956 -4.04653e-05 -7.82012e-05 -0.0182956 0.0902187 -8.15799e-05 0.000516661 -4.04653e-05 -8.15799e-05 0.00990505 -0.0182136 -7.82012e-05 0.000516661 -0.0182136 0.0899461 
0.00999299 -0.0183298 -5.01462e-05 -4.2396e-05 -0.0183298 0.0902643 -4.04953e-05 0.000454207 -5.01462e-05 -4.04953e-05 0.00990996 -0.0181567 -4.2396e-05 0.000454207 -0.0181567 0.0897928 
0.0099708 -0.0183321 -5.36399e-05 -2.27255e-05 -0.0183321 0.0903541 -2.01817e-05 0.000381098 -5.36399e-05 -2.01817e-05 0.00993373 -0.0181777 -2.27255e-05 0.000381098 -0.0181777 0.0898106 
0.00994637 -0.0182681 -5.40484e-05 -1.36383e-05 -0.0182681 0.0901765 -1.43304e-05 0.000336637 -5.40484e-05 -1.43304e-05 0.0099342 -0.0181854 -1.36383e-05 0.000336637 -0.0181854 0.0897533 
0.00987848 -0.0181514 -6.57278e-05 -1.02046e-05 -0.0181514 0.0896246 -1.25203e-05 0.000312703 -6.57278e-05 -1.25203e-05 0.00989788 -0.0181044 -1.02046e-05 0.000312703 -0.0181044 0.089326 
0.0098349 -0.0181027 -5.27639e-05 4.14664e-06 -0.0181027 0.0894225 3.52913e-06 0.000280337 -5.27639e-05 3.52913e-06 0.00990814 -0.0181014 4.14664e-06 0.000280337 -0.0181014 0.089251 
0.00982834 -0.0180706 -4.7335e-05 -1.04971e-05 -0.0180706 0.0893525 -1.29993e-05 0.000286385 -4.7335e-05 -1.29993e-05 0.0099137 -0.0181383 -1.04971e-05 0.000286385 -0.0181383 0.0893457 
0.00982113 -0.0180402 -3.51844e-05 -2.1179e-05 -0.0180402 0.0891978 -2.50467e-05 0.000317131 -3.51844e-05 -2.50467e-05 0.00989052 -0.0181235 -2.1179e-05 0.000317131 -0.0181235 0.0892898 
0.00983459 -0.0180467 -2.48781e-05 -3.99703e-05 -0.0180467 0.0891868 -4.10826e-05 0.000359403 -2.48781e-05 -4.10826e-05 0.00986806 -0.0181039 -3.99703e-05 0.000359403 -0.0181039 0.0892615 
0.0098683 -0.0180824 -3.48269e-05 -5.45447e-05 -0.0180824 0.0893044 -5.3135e-05 0.000400143 -3.48269e-05 -5.3135e-05 0.00984858 -0.0180926 -5.45447e-05 0.000400143 -0.0180926 0.0892861 
0.00989264 -0.0181328 -3.55917e-05 -4.50416e-05 -0.0181328 0.0894638 -4.33694e-05 0.00040519 -3.55917e-05 -4.33694e-05 0.00984353 -0.0180746 -4.50416e-05 0.00040519 -0.0180746 0.0892916 
0.00988197 -0.0181334 -1.02428e-05 -4.02388e-05 -0.0181334 0.0894353 -3.98155e-05 0.000390733 -1.02428e-05 -3.98155e-05 0.00984001 -0.0180356 -4.02388e-05 0.000390733 -0.0180356 0.0891295 
0.00986946 -0.0181204 8.97681e-06 -6.78492e-05 -0.0181204 0.0893959 -6.83649e-05 0.000423926 8.97681e-06 -6.83649e-05 0.00984127 -0.0180293 -6.78492e-05 0.000423926 -0.0180293 0.089046 
0.00988044 -0.0181448 -1.89418e-06 -9.40859e-05 -0.0181448 0.089542 -9.45878e-05 0.000488083 -1.89418e-06 -9.45878e-05 0.00985123 -0.0180694 -9.40859e-05 0.000488083 -0.0180694 0.0892073 
0.00986257 -0.0181286 -1.22446e-05 -8.26559e-05 -0.0181286 0.0894786 -8.13638e-05 0.000496825 -1.22446e-05 -8.13638e-05 0.00984555 -0.0180472 -8.26559e-05 0.000496825 -0.0180472 0.0891363 
0.0098347 -0.0181243 -1.91459e-05 -6.71487e-05 -0.0181243 0.0894926 -6.61872e-05 0.000465349 -1.91459e-05 -6.61872e-05 0.00986537 -0.0180446 -6.71487e-05 0.000465349 -0.0180446 0.0891278 
0.00977577 -0.018023 -1.75499e-05 -5.10338e-05 -0.018023 0.0891222 -5.59685e-05 0.000423355 -1.75499e-05 -5.59685e-05 0.00984883 -0.018004 -5.10338e-05 0.000423355 -0.018004 0.0888392 
0.00974681 -0.0179374 -4.38915e-05 -4.85307e-05 -0.0179374 0.0887866 -5.68283e-05 0.000401751 -4.38915e-05 -5.68283e-05 0.0098295 -0.0179818 -4.85307e-05 0.000401751 -0.0179818 0.0886599 
0.009743 -0.0178752 -4.53495e-05 -1.56193e-05 -0.0178752 0.0884486 -2.73392e-05 0.000347844 -4.53495e-05 -2.73392e-05 0.00978055 -0.0179341 -1.56193e-05 0.000347844 -0.0179341 0.088419 
0.00976632 -0.0179138 -2.68405e-05 -9.70491e-06 -0.0179138 0.0885072 -2.59269e-05 0.000312015 -2.68405e-05 -2.59269e-05 0.00976137 -0.0179198 -9.70491e-06 0.000312015 -0.0179198 0.0884301 
0.00980619 -0.0179994 -9.80513e-06 -3.32315e-05 -0.0179994 0.0888511 -5.0008e-05 0.000340486 -9.80513e-06 -5.0008e-05 0.00977192 -0.0179437 -3.32315e-05 0.000340486 -0.0179437 0.088633 
0.00983059 -0.0180412 -1.5039e-05 -5.7926e-05 -0.0180412 0.0890391 -7.21841e-05 0.000396909 -1.5039e-05 -7.21841e-05 0.00976773 -0.0179431 -5.7926e-05 0.000396909 -0.0179431 0.0886844 
0.00985061 -0.0181014 -3.08302e-05 -5.50261e-05 -0.0181014 0.0893151 -6.36411e-05 0.000413631 -3.08302e-05 -6.36411e-05 0.00978905 -0.0179661 -5.50261e-05 0.000413631 -0.0179661 0.0888475 
0.00982338 -0.0181316 -5.14515e-05 -3.53919e-05 -0.0181316 0.0895108 -3.78932e-05 0.000374798 -5.14515e-05 -3.78932e-05 0.00983863 -0.0179974 -3.53919e-05 0.000374798 -0.0179974 0.0889971 
0.00979077 -0.0180827 -6.06843e-05 -1.28884e-05 -0.0180827 0.0894759 -1.21917e-05 0.000318124 -6.06843e-05 -1.21917e-05 0.00987426 -0.0180462 -1.28884e-05 0.000318124 -0.0180462 0.0891065 
0.00978408 -0.0180142 -4.66951e-05 6.51288e-07 -0.0180142 0.0892702 2.96982e-06 0.000268542 -4.66951e-05 2.96982e-06 0.00986679 -0.0180727 6.51288e-07 0.000268542 -0.0180727 0.0891375 
0.00980868 -0.0180004 -3.02726e-05 -1.66046e-05 -0.0180004 0.0891569 -1.05919e-05 0.000269711 -3.02726e-05 -1.05919e-05 0.00984855 -0.0180682 -1.66046e-05 0.000269711 -0.0180682 0.0891513 
0.00982062 -0.0180078 -3.26648e-05 -3.96637e-05 -0.0180078 0.0890561 -3.19153e-05 0.000313423 -3.26648e-05 -3.19153e-05 0.00982053 -0.0180259 -3.96637e-05 0.000313423 -0.0180259 0.0890118 
0.00984367 -0.0180779 -1.4418e-05 -3.86573e-05 -0.0180779 0.0892864 -3.27388e-05 0.000336824 -1.4418e-05 -3.27388e-05 0.00983305 -0.0180251 -3.86573e-05 0.000336824 -0.0180251 0.0890746 
0.00983385 -0.0181087 1.42404e-05 -6.08662e-05 -0.0181087 0.0894254 -5.725e-05 0.000379457 1.42404e-05 -5.725e-05 0.00985953 -0.0180251 -6.08662e-05 0.000379457 -0.0180251 0.0890676 
0.00978348 -0.0180481 2.89486e-05 -9.02559e-05 -0.0180481 0.0892263 -9.03038e-05 0.000442809 2.89486e-05 -9.03038e-05 0.0098693 -0.0180089 -9.02559e-05 0.000442809 -0.0180089 0.088878 
0.00973886 -0.0179535 6.34455e-06 -0.00010301 -0.0179535 0.0888799 -0.000106865 0.000489235 6.34455e-06 -0.000106865 0.00986105 -0.0179993 -0.00010301 0.000489235 -0.0179993 0.0886964 
0.00976477 -0.0179383 -1.54796e-05 -7.85816e-05 -0.0179383 0.0888438 -8.16591e-05 0.000471049 -1.54796e-05 -8.16591e-05 0.00984526 -0.0180434 -7.85816e-05 0.000471049 -0.0180434 0.0888473 
0.00977113 -0.0179483 -1.66581e-05 -4.76439e-05 -0.0179483 0.088769 -4.77237e-05 0.00039722 -1.66581e-05 -4.77237e-05 0.00982432 -0.0180023 -4.76439e-05 0.00039722 -0.0180023 0.0887693 
0.00978192 -0.0179533 -7.78101e-06 -4.53043e-05 -0.0179533 0.0887309 -4.52277e-05 0.000358792 -7.78101e-06 -4.52277e-05 0.00978883 -0.0179628 -4.53043e-05 0.000358792 -0.0179628 0.0886248 
0.00976374 -0.0179518 -7.58907e-06 -5.67777e-05 -0.0179518 0.0886493 -5.91048e-05 0.000371109 -7.58907e-06 -5.91048e-05 0.00976135 -0.0178972 -5.67777e-05 0.000371109 -0.0178972 0.0883869 
0.00974469 -0.017913 -2.47503e-05 -5.92079e-05 -0.017913 0.0884866 -6.49473e-05 0.000390968 -2.47503e-05 -6.49473e-05 0.00973483 -0.0178431 -5.92079e-05 0.000390968 -0.0178431 0.0881292 
0.00973546 -0.0178792 -3.68218e-05 -3.7978e-05 -0.0178792 0.0883164 -4.27551e-05 0.000363706 -3.68218e-05 -4.27551e-05 0.00969871 -0.0177988 -3.7978e-05 0.000363706 -0.0177988 0.0879105 
0.00973209 -0.0179116 -3.71994e-05 -2.23751e-05 -0.0179116 0.0884289 -2.39167e-05 0.00031852 -3.71994e-05 -2.39167e-05 0.00971031 -0.0177956 -2.23751e-05 0.00031852 -0.0177956 0.0879473 
0.00973243 -0.017896 -4.13391e-05 -2.29277e-05 -0.017896 0.0884277 -1.9916e-05 0.000295146 -4.13391e-05 -1.9916e-05 0.00969904 -0.017807 -2.29277e-05 0.000295146 -0.017807 0.0879636 
0.0097467 -0.0179165 -5.69605e-05 -1.97742e-05 -0.0179165 0.0885251 -1.24265e-05 0.000280228 -5.69605e-05 -1.24265e-05 0.00969478 -0.0178161 -1.97742e-05 0.000280228 -0.0178161 0.0880673 
0.00971743 -0.0178801 -4.94669e-05 -4.3956e-06 -0.0178801 0.0883426 5.66395e-06 0.000250098 -4.94669e-05 5.66395e-06 0.00968308 -0.0177629 -4.3956e-06 0.000250098 -0.0177629 0.0878675 
0.0097135 -0.0178491 -4.37041e-05 -9.3999e-06 -0.0178491 0.088237 -3.45487e-08 0.000238817 -4.37041e-05 -3.45487e-08 0.00967089 -0.0177581 -9.3999e-06 0.000238817 -0.0177581 0.0877989 
0.00967767 -0.0178223 -3.37564e-05 -1.4052e-05 -0.0178223 0.0880808 -7.24724e-06 0.000245933 -3.37564e-05 -7.24724e-06 0.00967408 -0.0177308 -1.4052e-05 0.000245933 -0.0177308 0.0876821 
0.00965514 -0.0178283 -2.78907e-05 -2.48659e-05 -0.0178283 0.0881928 -2.04845e-05 0.000268008 -2.78907e-05 -2.04845e-05 0.00972292 -0.0177861 -2.48659e-05 0.000268008 -0.0177861 0.0878846 
0.00963183 -0.0177811 -1.02765e-05 -3.19134e-05 -0.0177811 0.0881113 -2.96025e-05 0.00029213 -1.02765e-05 -2.96025e-05 0.00974189 -0.0178343 -3.19134e-05 0.00029213 -0.0178343 0.0880096 
0.00961509 -0.0176986 -1.30131e-05 -5.14211e-05 -0.0176986 0.0877724 -4.99736e-05 0.000327937 -1.30131e-05 -4.99736e-05 0.00971231 -0.0178112 -5.14211e-05 0.000327937 -0.0178112 0.0878697 
0.00965982 -0.0177367 -1.44191e-05 -4.48433e-05 -0.0177367 0.0878935 -4.41924e-05 0.000332466 -1.44191e-05 -4.41924e-05 0.009692 -0.0178401 -4.48433e-05 0.000332466 -0.0178401 0.0880611 
0.00965539 -0.0177687 -2.78411e-05 -4.12255e-05 -0.0177687 0.0879249 -3.90309e-05 0.000318147 -2.78411e-05 -3.90309e-05 0.00967886 -0.0177863 -4.12255e-05 0.000318147 -0.0177863 0.0879694 
0.00962125 -0.0177348 -2.11463e-05 -2.38293e-05 -0.0177348 0.0877918 -2.22944e-05 0.000284543 -2.11463e-05 -2.22944e-05 0.00967127 -0.017736 -2.38293e-05 0.000284543 -0.017736 0.0877375 
0.00958744 -0.0176781 1.10959e-06 -2.72623e-05 -0.0176781 0.0875844 -2.80017e-05 0.000268581 1.10959e-06 -2.80017e-05 0.00966415 -0.0177087 -2.72623e-05 0.000268581 -0.0177087 0.0875421 
0.00956617 -0.0176011 -2.34318e-06 -5.40811e-05 -0.0176011 0.0872546 -5.38018e-05 0.000304294 -2.34318e-06 -5.38018e-05 0.00962881 -0.0176723 -5.40811e-05 0.000304294 -0.0176723 0.0872993 
0.00956758 -0.0176242 -2.21748e-05 -5.56425e-05 -0.0176242 0.0873024 -5.52602e-05 0.000332839 -2.21748e-05 -5.52602e-05 0.00963798 -0.0176765 -5.56425e-05 0.000332839 -0.0176765 0.0873571 
0.0095483 -0.0176274 -2.21653e-05 -2.86169e-05 -0.0176274 0.0873267 -3.23412e-05 0.000299985 -2.21653e-05 -3.23412e-05 0.00965989 -0.0176794 -2.86169e-05 0.000299985 -0.0176794 0.0873611 
0.00955793 -0.0176077 -3.94288e-05 -2.58656e-05 -0.0176077 0.0873191 -3.31534e-05 0.000277777 -3.94288e-05 -3.31534e-05 0.00965646 -0.0177102 -2.58656e-05 0.000277777 -0.0177102 0.0874224 
0.00958611 -0.0176262 -4.22097e-05 -7.23267e-06 -0.0176262 0.0873677 -1.50602e-05 0.000248285 -4.22097e-05 -1.50602e-05 0.00964526 -0.0177184 -7.23267e-06 0.000248285 -0.0177184 0.0875 
0.00957453 -0.0176212 -2.98788e-05 -1.16002e-06 -0.0176212 0.0872437 -7.54745e-06 0.000217626 -2.98788e-05 -7.54745e-06 0.00963676 -0.017658 -1.16002e-06 0.000217626 -0.017658 0.0872831 
0.00960137 -0.0176333 -2.84966e-05 -1.95791e-05 -0.0176333 0.0872911 -2.3707e-05 0.000237462 -2.84966e-05 -2.3707e-05 0.00962441 -0.0176689 -1.95791e-05 0.000237462 -0.0176689 0.0872718 
0.00963818 -0.0176535 -3.20568e-05 -2.48954e-05 -0.0176535 0.0872941 -2.63886e-05 0.000260452 -3.20568e-05 -2.63886e-05 0.00958846 -0.0176459 -2.48954e-05 0.000260452 -0.0176459 0.0871983 
0.00965777 -0.0177286 -4.22379e-05 -2.08232e-05 -0.0177286 0.0875016 -1.8764e-05 0.00025796 -4.22379e-05 -1.8764e-05 0.00958249 -0.0176258 -2.08232e-05 0.00025796 -0.0176258 0.0872153 
0.00963525 -0.017737 -3.11368e-05 -1.24313e-05 -0.017737 0.087537 -5.97025e-06 0.000240694 -3.11368e-05 -5.97025e-06 0.00958793 -0.0175894 -1.24313e-05 0.000240694 -0.0175894 0.087076 
0.00960901 -0.0177155 -1.52074e-05 -2.64166e-05 -0.0177155 0.0875376 -1.80307e-05 0.000252314 -1.52074e-05 -1.80307e-05 0.00959906 -0.0176068 -2.64166e-05 0.000252314 -0.0176068 0.087078 
0.00962327 -0.0177392 -1.61552e-05 -4.48753e-05 -0.0177392 0.0877643 -3.73707e-05 0.000290394 -1.61552e-05 -3.73707e-05 0.00963349 -0.0176831 -4.48753e-05 0.000290394 -0.0176831 0.0874103 
0.00963713 -0.0177484 -2.3746e-05 -4.132e-05 -0.0177484 0.0878679 -3.80314e-05 0.000305503 -2.3746e-05 -3.80314e-05 0.00964444 -0.0177232 -4.132e-05 0.000305503 -0.0177232 0.0876185 
0.00963902 -0.0177458 -2.63367e-05 -2.90939e-05 -0.0177458 0.0878633 -3.19578e-05 0.000292692 -2.63367e-05 -3.19578e-05 0.00964732 -0.0177257 -2.90939e-05 0.000292692 -0.0177257 0.0876745 
0.00964345 -0.017725 -2.26352e-05 -2.22359e-05 -0.017725 0.0877605 -3.08187e-05 0.000277699 -2.26352e-05 -3.08187e-05 0.0096217 -0.0177034 -2.22359e-05 0.000277699 -0.0177034 0.0875852 
0.00963784 -0.0177419 -1.91753e-05 -2.73156e-05 -0.0177419 0.0877769 -3.69589e-05 0.000282216 -1.91753e-05 -3.69589e-05 0.00963152 -0.017677 -2.73156e-05 0.000282216 -0.017677 0.0875313 
0.00964107 -0.0177261 -1.48017e-05 -2.86185e-05 -0.0177261 0.0877303 -3.89216e-05 0.000285148 -1.48017e-05 -3.89216e-05 0.00962232 -0.0176752 -2.86185e-05 0.000285148 -0.0176752 0.0874597 
0.00959779 -0.0176866 -2.81414e-05 -2.81069e-05 -0.0176866 0.0874933 -4.01869e-05 0.000279724 -2.81414e-05 -4.01869e-05 0.009612 -0.017618 -2.81069e-05 0.000279724 -0.017618 0.0871915 
0.00955444 -0.0176268 -5.26559e-05 -1.03609e-05 -0.0176268 0.0872648 -1.96778e-05 0.000242727 -5.26559e-05 -1.96778e-05 0.0096069 -0.0175927 -1.03609e-05 0.000242727 -0.0175927 0.0869877 
0.00953755 -0.0175909 -6.84733e-05 1.66246e-05 -0.0175909 0.0871584 1.29445e-05 0.000176007 -6.84733e-05 1.29445e-05 0.00960758 -0.0176045 1.66246e-05 0.000176007 -0.0176045 0.0869723 
0.0095681 -0.017612 -5.44984e-05 3.38907e-05 -0.017612 0.0872872 3.46955e-05 0.000116433 -5.44984e-05 3.46955e-05 0.00960617 -0.0176514 3.38907e-05 0.000116433 -0.0176514 0.0871852 
0.00958458 -0.0176431 -3.22765e-05 1.47884e-05 -0.0176431 0.087382 2.07937e-05 0.000118457 -3.22765e-05 2.07937e-05 0.009596 -0.017649 1.47884e-05 0.000118457 -0.017649 0.0872676 
0.00955783 -0.0175898 -2.09586e-05 -1.881e-05 -0.0175898 0.0870955 -7.46732e-06 0.000178924 -2.09586e-05 -7.46732e-06 0.00955314 -0.0175589 -1.881e-05 0.000178924 -0.0175589 0.0869024 
0.00951469 -0.0175082 -1.33557e-05 -3.17802e-05 -0.0175082 0.0866738 -1.73207e-05 0.000220835 -1.33557e-05 -1.73207e-05 0.0095126 -0.017458 -3.17802e-05 0.000220835 -0.017458 0.0864204 
0.00951374 -0.0174873 -1.60076e-05 -3.98916e-05 -0.0174873 0.0865525 -2.59823e-05 0.000246704 -1.60076e-05 -2.59823e-05 0.00948691 -0.0174406 -3.98916e-05 0.000246704 -0.0174406 0.0862842 
0.00950241 -0.0174624 -1.68132e-05 -3.70335e-05 -0.0174624 0.0863731 -2.89793e-05 0.000259125 -1.68132e-05 -2.89793e-05 0.00946121 -0.0173902 -3.70335e-05 0.000259125 -0.0173902 0.0860726 
0.00953545 -0.0175396 -1.33536e-05 -3.19991e-05 -0.0175396 0.0867049 -3.21113e-05 0.000261769 -1.33536e-05 -3.21113e-05 0.00947828 -0.0174384 -3.19991e-05 0.000261769 -0.0174384 0.0863255 
0.00955363 -0.0175783 -1.73058e-05 -3.21217e-05 -0.0175783 0.0869072 -3.82516e-05 0.000265436 -1.73058e-05 -3.82516e-05 0.0094903 -0.0174582 -3.21217e-05 0.000265436 -0.0174582 0.0864674 
0.00956805 -0.0175765 -3.46879e-05 -2.62825e-05 -0.0175765 0.0869234 -3.26349e-05 0.000258431 -3.46879e-05 -3.26349e-05 0.00947935 -0.0174592 -2.62825e-05 0.000258431 -0.0174592 0.0864776 
0.0095815 -0.0175929 -2.92466e-05 -5.61243e-06 -0.0175929 0.0869588 -8.23961e-06 0.000217092 -2.92466e-05 -8.23961e-06 0.00946628 -0.0174503 -5.61243e-06 0.000217092 -0.0174503 0.0864842 
0.00955341 -0.0175872 -2.66064e-05 -1.07753e-05 -0.0175872 0.0868969 -8.27588e-06 0.000196074 -2.66064e-05 -8.27588e-06 0.00947749 -0.0174168 -1.07753e-05 0.000196074 -0.0174168 0.0863743 
0.00953081 -0.017535 -2.82577e-05 -1.83667e-05 -0.017535 0.0867267 -1.11315e-05 0.000201252 -2.82577e-05 -1.11315e-05 0.00946971 -0.017411 -1.83667e-05 0.000201252 -0.017411 0.0862539 
0.00952113 -0.0175219 -2.00312e-05 -1.54106e-05 -0.0175219 0.0866726 -7.62321e-06 0.000198 -2.00312e-05 -7.62321e-06 0.00946745 -0.0174177 -1.54106e-05 0.000198 -0.0174177 0.0862678 
0.0094895 -0.0174716 -1.7026e-05 -2.54367e-05 -0.0174716 0.0864421 -2.01308e-05 0.000214231 -1.7026e-05 -2.01308e-05 0.00944726 -0.0173751 -2.54367e-05 0.000214231 -0.0173751 0.0860721 
0.00945347 -0.0174489 -2.50048e-05 -2.86354e-05 -0.0174489 0.0863557 -2.66285e-05 0.000231711 -2.50048e-05 -2.66285e-05 0.00946071 -0.0173637 -2.86354e-05 0.000231711 -0.0173637 0.0860112 
0.00938899 -0.0173678 -3.60988e-05 -1.42446e-05 -0.0173678 0.086065 -1.47477e-05 0.000213251 -3.60988e-05 -1.47477e-05 0.00946785 -0.0173402 -1.42446e-05 0.000213251 -0.0173402 0.0858168 
0.00934689 -0.0172949 -5.40497e-05 4.31919e-06 -0.0172949 0.0858536 -4.75178e-07 0.000172493 -5.40497e-05 -4.75178e-07 0.00948725 -0.0173674 4.31919e-06 0.000172493 -0.0173674 0.0858216 
0.00935079 -0.0172306 -4.23925e-05 3.08075e-05 -0.0172306 0.0856244 2.11372e-05 0.000113178 -4.23925e-05 2.11372e-05 0.00946559 -0.0173874 3.08075e-05 0.000113178 -0.0173874 0.0858317 
0.00938858 -0.0172982 -3.19366e-05 2.05892e-05 -0.0172982 0.0858538 1.1449e-05 9.69219e-05 -3.19366e-05 1.1449e-05 0.00948078 -0.0174341 2.05892e-05 9.69219e-05 -0.0174341 0.08614 
0.00939322 -0.017307 -2.7184e-05 4.24134e-06 -0.017307 0.0858469 -2.15242e-07 0.000118545 -2.7184e-05 -2.15242e-07 0.00946465 -0.0174055 4.24134e-06 0.000118545 -0.0174055 0.086075 
0.00942316 -0.0173697 -4.03831e-05 -6.51707e-06 -0.0173697 0.0861335 -6.38173e-06 0.000144651 -4.03831e-05 -6.38173e-06 0.00948191 -0.0174394 -6.51707e-06 0.000144651 -0.0174394 0.086283 
0.00944655 -0.0174335 -4.09137e-05 7.26347e-06 -0.0174335 0.0864535 6.9838e-06 0.000136723 -4.09137e-05 6.9838e-06 0.009511 -0.0174858 7.26347e-06 0.000136723 -0.0174858 0.0865436 
0.00945085 -0.0174354 -3.08823e-05 1.2507e-05 -0.0174354 0.0865033 9.6608e-06 0.000118432 -3.08823e-05 9.6608e-06 0.00950589 -0.0174842 1.2507e-05 0.000118432 -0.0174842 0.0865528 
0.00942486 -0.0173632 -3.2868e-05 -1.38604e-07 -0.0173632 0.0861498 -3.84073e-06 0.00013316 -3.2868e-05 -3.84073e-06 0.00945461 -0.0173951 -1.38604e-07 0.00013316 -0.0173951 0.0861512 
0.00941232 -0.0173177 -2.99628e-05 -1.01725e-06 -0.0173177 0.0858692 -5.71875e-06 0.000150355 -2.99628e-05 -5.71875e-06 0.00940998 -0.017312 -1.01725e-06 0.000150355 -0.017312 0.0857807 
0.00941528 -0.0173336 -1.47226e-05 -3.06039e-06 -0.0173336 0.0858687 -1.00783e-05 0.000159384 -1.47226e-05 -1.00783e-05 0.00940237 -0.0172853 -3.06039e-06 0.000159384 -0.0172853 0.0856669 
0.00943881 -0.0173805 -1.47269e-05 -2.27517e-05 -0.0173805 0.0860825 -2.84458e-05 0.000193948 -1.47269e-05 -2.84458e-05 0.00942596 -0.0173189 -2.27517e-05 0.000193948 -0.0173189 0.0858092 
0.00945285 -0.0174117 -9.45345e-06 -2.61345e-05 -0.0174117 0.0862235 -2.59585e-05 0.000212585 -9.45345e-06 -2.59585e-05 0.00944769 -0.0173459 -2.61345e-05 0.000212585 -0.0173459 0.0859133 
0.00944392 -0.0174173 -2.61048e-05 -3.21791e-05 -0.0174173 0.0862592 -2.95825e-05 0.000221817 -2.61048e-05 -2.95825e-05 0.00947543 -0.0173693 -3.21791e-05 0.000221817 -0.0173693 0.0859742 
0.0094595 -0.0174462 -3.25345e-05 -1.55208e-05 -0.0174462 0.08646 -9.4675e-06 0.000200493 -3.25345e-05 -9.4675e-06 0.00951537 -0.0174531 -1.55208e-05 0.000200493 -0.0174531 0.0862855 
0.00949193 -0.0174587 -3.91789e-05 -1.01651e-05 -0.0174587 0.086548 -1.75382e-06 0.000179065 -3.91789e-05 -1.75382e-06 0.00951707 -0.0174997 -1.01651e-05 0.000179065 -0.0174997 0.086485 
0.00951842 -0.017493 -3.31543e-05 -1.44344e-06 -0.017493 0.0866207 8.19057e-06 0.000157806 -3.31543e-05 8.19057e-06 0.00950659 -0.0174927 -1.44344e-06 0.000157806 -0.0174927 0.0865325 
0.00954522 -0.017526 -2.28597e-05 -6.22226e-06 -0.017526 0.0866987 5.06537e-07 0.000156629 -2.28597e-05 5.06537e-07 0.0094873 -0.0174693 -6.22226e-06 0.000156629 -0.0174693 0.0864854 
0.00957835 -0.0176099 -2.25248e-05 -1.80092e-05 -0.0176099 0.0870341 -1.52079e-05 0.000182708 -2.25248e-05 -1.52079e-05 0.00950793 -0.0174939 -1.80092e-05 0.000182708 -0.0174939 0.0866668 
0.00961252 -0.0176763 -2.34184e-05 -2.33934e-05 -0.0176763 0.0873668 -2.31647e-05 0.000214594 -2.34184e-05 -2.31647e-05 0.00952292 -0.0175358 -2.33934e-05 0.000214594 -0.0175358 0.0868849 
0.00960749 -0.0176959 -2.09262e-05 -2.34344e-05 -0.0176959 0.0874645 -2.50663e-05 0.000230971 -2.09262e-05 -2.50663e-05 0.00954091 -0.0175285 -2.34344e-05 0.000230971 -0.0175285 0.0868973 
0.00957824 -0.0176333 -3.9382e-05 -2.35626e-05 -0.0176333 0.0872283 -2.78895e-05 0.000237551 -3.9382e-05 -2.78895e-05 0.00952822 -0.0174972 -2.35626e-05 0.000237551 -0.0174972 0.0866766 
0.00956279 -0.0175848 -4.51192e-05 8.90097e-07 -0.0175848 0.0870019 -4.79315e-06 0.000203226 -4.51192e-05 -4.79315e-06 0.00951513 -0.0174729 8.90097e-07 0.000203226 -0.0174729 0.0865111 
0.00953058 -0.0175285 -3.07742e-05 9.27761e-06 -0.0175285 0.0866896 4.50682e-06 0.000168182 -3.07742e-05 4.50682e-06 0.00949006 -0.0174244 9.27761e-06 0.000168182 -0.0174244 0.0862419 
0.00954624 -0.0175622 -1.20307e-05 -1.02627e-05 -0.0175622 0.0868408 -1.09765e-05 0.000183612 -1.20307e-05 -1.09765e-05 0.00950431 -0.0174629 -1.02627e-05 0.000183612 -0.0174629 0.0864109 
0.00956537 -0.017635 -5.16714e-06 -3.80721e-05 -0.017635 0.0872028 -3.54246e-05 0.00023991 -5.16714e-06 -3.54246e-05 0.00955698 -0.0175365 -3.80721e-05 0.00023991 -0.0175365 0.086785 
0.00958171 -0.0177021 -6.59909e-06 -4.81071e-05 -0.0177021 0.0876235 -4.58087e-05 0.000285527 -6.59909e-06 -4.58087e-05 0.00962364 -0.0176458 -4.81071e-05 0.000285527 -0.0176458 0.0872759 
0.00957853 -0.0176583 -1.39206e-05 -4.8472e-05 -0.0176583 0.0875232 -4.90286e-05 0.000307435 -1.39206e-05 -4.90286e-05 0.00962314 -0.0176571 -4.8472e-05 0.000307435 -0.0176571 0.0872917 
0.00961434 -0.0176713 -2.09864e-05 -3.60751e-05 -0.0176713 0.0875629 -3.86629e-05 0.000294629 -2.09864e-05 -3.86629e-05 0.00961515 -0.0176745 -3.60751e-05 0.000294629 -0.0176745 0.0873894 
0.00966027 -0.0177343 -4.19532e-05 -2.55989e-05 -0.0177343 0.0877537 -2.82706e-05 0.000268285 -4.19532e-05 -2.82706e-05 0.00961685 -0.017685 -2.55989e-05 0.000268285 -0.017685 0.0875158 
0.00966299 -0.0177572 -5.04423e-05 7.31941e-07 -0.0177572 0.0877741 -6.67194e-07 0.000214078 -5.04423e-05 -6.67194e-07 0.00961158 -0.0176577 7.31941e-07 0.000214078 -0.0176577 0.0874228 
0.00968567 -0.0178062 -3.65057e-05 1.12092e-05 -0.0178062 0.0880128 1.28927e-05 0.000167745 -3.65057e-05 1.28927e-05 0.00962807 -0.0176981 1.12092e-05 0.000167745 -0.0176981 0.0876016 
0.00968977 -0.0178003 -3.15858e-05 -6.3898e-06 -0.0178003 0.0879957 -3.49021e-06 0.000176719 -3.15858e-05 -3.49021e-06 0.00962147 -0.0176901 -6.3898e-06 0.000176719 -0.0176901 0.0875737 
0.0097026 -0.0178138 -2.78203e-05 -1.95987e-05 -0.0178138 0.0880303 -1.63665e-05 0.000215635 -2.78203e-05 -1.63665e-05 0.00961302 -0.017685 -1.95987e-05 0.000215635 -0.017685 0.0875713 
0.00971377 -0.0178529 -1.75003e-05 -2.29784e-05 -0.0178529 0.0881736 -2.38851e-05 0.000241255 -1.75003e-05 -2.38851e-05 0.00961763 -0.0176852 -2.29784e-05 0.000241255 -0.0176852 0.0876205 
0.00972332 -0.0178813 -2.33381e-06 -3.48846e-05 -0.0178813 0.0883248 -3.82482e-05 0.000273233 -2.33381e-06 -3.82482e-05 0.00962963 -0.0176947 -3.48846e-05 0.000273233 -0.0176947 0.0876813 
0.00968841 -0.0178163 3.06936e-06 -5.2988e-05 -0.0178163 0.0880383 -6.00033e-05 0.000319056 3.06936e-06 -6.00033e-05 0.00960463 -0.0176368 -5.2988e-05 0.000319056 -0.0176368 0.0873736 
0.00968544 -0.0178225 1.57078e-06 -6.25399e-05 -0.0178225 0.0880841 -6.75698e-05 0.000356173 1.57078e-06 -6.75698e-05 0.00961401 -0.0176564 -6.25399e-05 0.000356173 -0.0176564 0.0874361 
0.00964403 -0.017789 -9.20437e-06 -6.46021e-05 -0.017789 0.0879574 -6.31275e-05 0.00036808 -9.20437e-06 -6.31275e-05 0.009638 -0.0176453 -6.46021e-05 0.00036808 -0.0176453 0.0873623 
0.00963769 -0.017772 -2.35188e-05 -5.19743e-05 -0.017772 0.0879907 -4.70258e-05 0.000348041 -2.35188e-05 -4.70258e-05 0.00967305 -0.0177111 -5.19743e-05 0.000348041 -0.0177111 0.0875507 
0.00963333 -0.017745 -2.53407e-05 -3.29791e-05 -0.017745 0.0879097 -2.68441e-05 0.000303736 -2.53407e-05 -2.68441e-05 0.00967838 -0.0177461 -3.29791e-05 0.000303736 -0.0177461 0.0876557 
