0.00730089 0 -5.51553e-05 0 0 0.0103519 0 0 -5.51553e-05 0 0.00731808 0 0 0 0 0.0103519 
0.0105476 -0.0130936 -5.00126e-05 5.85668e-05 -0.0130936 0.0347782 5.85668e-05 -0.000112237 -5.00126e-05 5.85668e-05 0.0105468 -0.0130898 5.85668e-05 -0.000112237 -0.0130898 0.0347699 
0.0108359 -0.0201953 -1.61374e-05 -3.6942e-05 -0.0201953 0.0744419 -3.6942e-05 0.000148935 -1.61374e-05 -3.6942e-05 0.0107949 -0.0200825 -3.6942e-05 0.000148935 -0.0200825 0.0740518 
0.0101847 -0.0197738 1.01581e-05 -0.00016622 -0.0197738 0.0887096 -0.000168968 0.000912695 1.01581e-05 -0.000168968 0.0101768 -0.0195648 -0.00016622 0.000912695 -0.0195648 0.0877032 
0.00985085 -0.0185064 -9.11059e-06 -0.00016753 -0.0185064 0.0895063 -0.000170018 0.00117658 -9.11059e-06 -0.000170018 0.00986599 -0.0183777 -0.00016753 0.00117658 -0.0183777 0.0884705 
0.00964864 -0.0177269 -2.45199e-05 -9.78404e-05 -0.0177269 0.087267 -9.79605e-05 0.00092852 -2.45199e-05 -9.79605e-05 0.00959728 -0.0176672 -9.78404e-05 0.00092852 -0.0176672 0.0865426 
0.00940144 -0.0172475 -2.62166e-05 -5.13636e-05 -0.0172475 0.0849409 -5.05204e-05 0.000623257 -2.62166e-05 -5.05204e-05 0.00935329 -0.0171144 -5.13636e-05 0.000623257 -0.0171144 0.0842993 
0.0091376 -0.0168232 -2.55718e-05 -4.4099e-05 -0.0168232 0.0829294 -4.27481e-05 0.000458801 -2.55718e-05 -4.27481e-05 0.00915254 -0.016688 -4.4099e-05 0.000458801 -0.016688 0.0823024 
0.0103206 -0.0189955 -1.95924e-05 -5.48208e-05 -0.0189955 0.0938498 -4.99981e-05 0.000460859 -1.95924e-05 -4.99981e-05 0.010386 -0.0189246 -5.48208e-05 0.000460859 -0.0189246 0.0932737 
0.0101882 -0.0187155 -1.69403e-05 -6.75532e-05 -0.0187155 0.0925365 -6.45584e-05 0.000462289 -1.69403e-05 -6.45584e-05 0.0102533 -0.0187041 -6.75532e-05 0.000462289 -0.0187041 0.092131 
0.010129 -0.0185723 -4.10899e-05 -6.93926e-05 -0.0185723 0.0917646 -7.60637e-05 0.000485028 -4.10899e-05 -7.60637e-05 0.0101512 -0.0185521 -6.93926e-05 0.000485028 -0.0185521 0.0913981 
0.0100841 -0.0184898 -8.21127e-05 -3.96326e-05 -0.0184898 0.0912396 -5.06627e-05 0.000455562 -8.21127e-05 -5.06627e-05 0.0100815 -0.018409 -3.96326e-05 0.000455562 -0.018409 0.0907656 
0.0100691 -0.0184944 -0.000110296 1.23629e-05 -0.0184944 0.0911966 3.71891e-06 0.000353381 -0.000110296 3.71891e-06 0.0100729 -0.0183762 1.23629e-05 0.000353381 -0.0183762 0.0905948 
0.0100357 -0.018444 -9.31586e-05 5.1589e-05 -0.018444 0.0909832 5.05571e-05 0.000227766 -9.31586e-05 5.05571e-05 0.0100516 -0.0183382 5.1589e-05 0.000227766 -0.0183382 0.0903548 
0.0100184 -0.0183991 -7.16945e-05 3.44799e-05 -0.0183991 0.0908 3.62234e-05 0.000193352 -7.16945e-05 3.62234e-05 0.0100292 -0.0183201 3.44799e-05 0.000193352 -0.0183201 0.0902294 
0.0100267 -0.0184349 -5.11022e-05 6.70217e-06 -0.0184349 0.0909654 8.23189e-06 0.000235253 -5.11022e-05 8.23189e-06 0.0100456 -0.0183571 6.70217e-06 0.000235253 -0.0183571 0.0904362 
0.00999921 -0.0183454 -4.53651e-05 -1.89753e-05 -0.0183454 0.0905682 -1.85484e-05 0.000294653 -4.53651e-05 -1.85484e-05 0.00998209 -0.0182815 -1.89753e-05 0.000294653 -0.0182815 0.0900827 
0.00999025 -0.0183147 -3.53784e-05 -2.64071e-05 -0.0183147 0.0903505 -2.72655e-05 0.000331222 -3.53784e-05 -2.72655e-05 0.00992741 -0.0182083 -2.64071e-05 0.000331222 -0.0182083 0.0898232 
0.00996343 -0.0182878 -3.39627e-05 -4.36582e-05 -0.0182878 0.0901475 -4.67114e-05 0.000377299 -3.39627e-05 -4.67114e-05 0.00988695 -0.0181157 -4.36582e-05 0.000377299 -0.0181157 0.0894781 
0.00994128 -0.0182801 -4.47611e-05 -4.38336e-05 -0.0182801 0.0901212 -4.76904e-05 0.000398532 -4.47611e-05 -4.76904e-05 0.00989363 -0.0180869 -4.38336e-05 0.000398532 -0.0180869 0.0893498 
0.00996639 -0.0183218 -5.11449e-05 -2.75271e-05 -0.0183218 0.0904033 -2.76057e-05 0.00037189 -5.11449e-05 -2.76057e-05 0.009931 -0.0181652 -2.75271e-05 0.00037189 -0.0181652 0.0896549 
0.00993663 -0.0182599 -5.19745e-05 -1.50911e-05 -0.0182599 0.0901243 -1.4967e-05 0.000329433 -5.19745e-05 -1.4967e-05 0.00990715 -0.0181258 -1.50911e-05 0.000329433 -0.0181258 0.0894449 
0.00990008 -0.0181912 -6.13136e-05 -1.02682e-05 -0.0181912 0.089792 -1.34157e-05 0.00030252 -6.13136e-05 -1.34157e-05 0.00987682 -0.0180721 -1.02682e-05 0.00030252 -0.0180721 0.0891742 
0.00983752 -0.0181252 -5.3362e-05 1.01985e-06 -0.0181252 0.0894721 -2.84234e-06 0.000275491 -5.3362e-05 -2.84234e-06 0.00986131 -0.0180194 1.01985e-06 0.000275491 -0.0180194 0.0889065 
0.00979163 -0.018032 -2.39661e-05 -8.58324e-06 -0.018032 0.0891264 -1.05003e-05 0.000275164 -2.39661e-05 -1.05003e-05 0.00983887 -0.0179865 -8.58324e-06 0.000275164 -0.0179865 0.0886803 
0.00978222 -0.0180179 -1.16505e-05 -4.61627e-05 -0.0180179 0.0890886 -4.68734e-05 0.000337692 -1.16505e-05 -4.68734e-05 0.00983615 -0.0180049 -4.61627e-05 0.000337692 -0.0180049 0.0887584 
0.00977759 -0.0179948 -1.43751e-05 -6.48057e-05 -0.0179948 0.0890074 -6.44218e-05 0.000399826 -1.43751e-05 -6.44218e-05 0.00982953 -0.017997 -6.48057e-05 0.000399826 -0.017997 0.0887547 
0.00979211 -0.0180182 -2.94467e-05 -6.11862e-05 -0.0180182 0.0891158 -5.77836e-05 0.00041223 -2.94467e-05 -5.77836e-05 0.00984716 -0.0180226 -6.11862e-05 0.00041223 -0.0180226 0.0889002 
0.00980918 -0.0180407 -4.20952e-05 -4.08696e-05 -0.0180407 0.0892181 -3.82094e-05 0.000379777 -4.20952e-05 -3.82094e-05 0.00985545 -0.0180453 -4.08696e-05 0.000379777 -0.0180453 0.0890113 
0.00981846 -0.018059 -4.70497e-05 -2.22848e-05 -0.018059 0.0892775 -2.0868e-05 0.000333103 -4.70497e-05 -2.0868e-05 0.00985754 -0.0180459 -2.22848e-05 0.000333103 -0.0180459 0.0890369 
0.00982837 -0.0180789 -3.06179e-05 -1.44197e-05 -0.0180789 0.0893645 -1.20143e-05 0.000297687 -3.06179e-05 -1.20143e-05 0.00985714 -0.0180548 -1.44197e-05 0.000297687 -0.0180548 0.0890859 
0.00984108 -0.018052 -1.19971e-05 -3.49587e-05 -0.018052 0.089231 -3.19192e-05 0.000313803 -1.19971e-05 -3.19192e-05 0.00981848 -0.0180168 -3.49587e-05 0.000313803 -0.0180168 0.0889219 
0.00987379 -0.0181149 -2.11985e-06 -6.00048e-05 -0.0181149 0.0894314 -5.75504e-05 0.000368336 -2.11985e-06 -5.75504e-05 0.00982113 -0.0180207 -6.00048e-05 0.000368336 -0.0180207 0.0890225 
0.0098918 -0.0181198 -1.30022e-05 -7.32863e-05 -0.0181198 0.0894165 -7.42542e-05 0.000418396 -1.30022e-05 -7.42542e-05 0.00978707 -0.0179905 -7.32863e-05 0.000418396 -0.0179905 0.0889062 
0.00985247 -0.0180881 -5.70512e-06 -5.65645e-05 -0.0180881 0.0891697 -6.07183e-05 0.000411802 -5.70512e-06 -6.07183e-05 0.00976715 -0.017892 -5.65645e-05 0.000411802 -0.017892 0.0885135 
0.00980647 -0.0181058 5.36382e-07 -6.02879e-05 -0.0181058 0.0892856 -6.71338e-05 0.000405681 5.36382e-07 -6.71338e-05 0.00983304 -0.017916 -6.02879e-05 0.000405681 -0.017916 0.0885528 
0.0097902 -0.0180665 9.45064e-06 -7.00399e-05 -0.0180665 0.0893151 -7.59114e-05 0.000422545 9.45064e-06 -7.59114e-05 0.00986211 -0.0180037 -7.00399e-05 0.000422545 -0.0180037 0.0887436 
0.00980221 -0.0180469 -6.64289e-06 -8.10662e-05 -0.0180469 0.0893058 -8.33722e-05 0.000442611 -6.64289e-06 -8.33722e-05 0.0098491 -0.0180524 -8.10662e-05 0.000442611 -0.0180524 0.0889435 
0.009807 -0.0180567 -2.03391e-05 -6.22162e-05 -0.0180567 0.0893139 -6.15434e-05 0.000418432 -2.03391e-05 -6.15434e-05 0.00983665 -0.0180343 -6.22162e-05 0.000418432 -0.0180343 0.0889893 
0.00977329 -0.0180082 -3.16776e-05 -3.62907e-05 -0.0180082 0.0890727 -3.9669e-05 0.00035535 -3.16776e-05 -3.9669e-05 0.00981608 -0.017962 -3.62907e-05 0.00035535 -0.017962 0.0887051 
0.00974776 -0.0179748 -3.27634e-05 -1.809e-05 -0.0179748 0.0889459 -2.82643e-05 0.000302648 -3.27634e-05 -2.82643e-05 0.00981586 -0.0179471 -1.809e-05 0.000302648 -0.0179471 0.0885885 
0.00973299 -0.0179422 -2.18533e-05 -1.54388e-05 -0.0179422 0.088837 -2.65798e-05 0.000278447 -2.18533e-05 -2.65798e-05 0.00981182 -0.0179499 -1.54388e-05 0.000278447 -0.0179499 0.0885511 
0.00974316 -0.0179407 -2.47717e-05 -3.08087e-05 -0.0179407 0.0888476 -3.7599e-05 0.000290011 -2.47717e-05 -3.7599e-05 0.00979949 -0.0179653 -3.08087e-05 0.000290011 -0.0179653 0.0886273 
0.00974619 -0.0179552 -5.01737e-06 -2.94428e-05 -0.0179552 0.0888875 -2.94021e-05 0.000288641 -5.01737e-06 -2.94021e-05 0.009793 -0.0179542 -2.94428e-05 0.000288641 -0.0179542 0.0886545 
0.00971753 -0.0179012 -6.99724e-06 -5.44437e-05 -0.0179012 0.0886299 -4.79826e-05 0.000314915 -6.99724e-06 -4.79826e-05 0.0097622 -0.0178853 -5.44437e-05 0.000314915 -0.0178853 0.088357 
0.00970194 -0.0178436 -2.37029e-05 -5.38892e-05 -0.0178436 0.0883448 -4.55011e-05 0.000327428 -2.37029e-05 -4.55011e-05 0.00972775 -0.0178235 -5.38892e-05 0.000327428 -0.0178235 0.0880492 
0.00969515 -0.0178504 -3.54328e-05 -3.24607e-05 -0.0178504 0.0883065 -2.38839e-05 0.000294806 -3.54328e-05 -2.38839e-05 0.00972259 -0.017803 -3.24607e-05 0.000294806 -0.017803 0.087956 
0.00970012 -0.0178637 -4.13088e-05 -1.77717e-05 -0.0178637 0.0883759 -9.70748e-06 0.000254118 -4.13088e-05 -9.70748e-06 0.0097255 -0.0178158 -1.77717e-05 0.000254118 -0.0178158 0.0879958 
0.00969398 -0.0178317 -6.24533e-05 -6.90454e-06 -0.0178317 0.0882252 -4.2905e-06 0.000224812 -6.24533e-05 -4.2905e-06 0.00969778 -0.0177831 -6.90454e-06 0.000224812 -0.0177831 0.0878375 
0.00968489 -0.0178366 -6.51225e-05 2.47376e-05 -0.0178366 0.0882057 1.91939e-05 0.000170284 -6.51225e-05 1.91939e-05 0.00969198 -0.0177635 2.47376e-05 0.000170284 -0.0177635 0.0877805 
0.00966844 -0.0178466 -5.98409e-05 3.15416e-05 -0.0178466 0.0882891 2.57427e-05 0.000129113 -5.98409e-05 2.57427e-05 0.00972269 -0.0177834 3.15416e-05 0.000129113 -0.0177834 0.0878681 
0.00966085 -0.0178048 -4.39328e-05 1.81421e-05 -0.0178048 0.0881867 1.74886e-05 0.000137503 -4.39328e-05 1.74886e-05 0.00972481 -0.0178014 1.81421e-05 0.000137503 -0.0178014 0.0878697 
0.00967579 -0.0178122 -3.24417e-05 -6.88961e-06 -0.0178122 0.0882147 -1.20218e-06 0.000181131 -3.24417e-05 -1.20218e-06 0.00972809 -0.0178308 -6.88961e-06 0.000181131 -0.0178308 0.0879994 
0.00968136 -0.0178348 -2.4752e-05 -2.35394e-05 -0.0178348 0.0882818 -1.48706e-05 0.000225683 -2.4752e-05 -1.48706e-05 0.00972605 -0.0178381 -2.35394e-05 0.000225683 -0.0178381 0.0880799 
0.00965879 -0.0177974 -2.25955e-05 -3.27683e-05 -0.0177974 0.0881034 -2.82511e-05 0.000262738 -2.25955e-05 -2.82511e-05 0.00970043 -0.0177861 -3.27683e-05 0.000262738 -0.0177861 0.0878716 
0.00963922 -0.017754 -1.00048e-05 -3.16069e-05 -0.017754 0.087898 -3.35758e-05 0.000278799 -1.00048e-05 -3.35758e-05 0.00967349 -0.017735 -3.16069e-05 0.000278799 -0.017735 0.0876352 
0.00964509 -0.0177569 -1.38417e-06 -4.15766e-05 -0.0177569 0.0879038 -4.87357e-05 0.000299328 -1.38417e-06 -4.87357e-05 0.00966662 -0.0177302 -4.15766e-05 0.000299328 -0.0177302 0.087617 
0.00964645 -0.0177884 1.15373e-05 -5.17282e-05 -0.0177884 0.0880361 -6.33871e-05 0.00033083 1.15373e-05 -6.33871e-05 0.0096873 -0.0177446 -5.17282e-05 0.00033083 -0.0177446 0.0877107 
0.00964173 -0.0177977 9.50776e-06 -6.18677e-05 -0.0177977 0.088128 -7.49776e-05 0.000353781 9.50776e-06 -7.49776e-05 0.00971036 -0.0177678 -6.18677e-05 0.000353781 -0.0177678 0.0877921 
0.00965605 -0.0177997 1.03589e-05 -5.92976e-05 -0.0177997 0.0882056 -7.07686e-05 0.00035541 1.03589e-05 -7.07686e-05 0.00971348 -0.017809 -5.92976e-05 0.00035541 -0.017809 0.0879355 
0.00963805 -0.0177471 6.5862e-06 -6.06449e-05 -0.0177471 0.0879261 -6.8097e-05 0.000349792 6.5862e-06 -6.8097e-05 0.00966379 -0.017746 -6.06449e-05 0.000349792 -0.017746 0.0876765 
0.0096143 -0.0177147 1.14159e-05 -5.57115e-05 -0.0177147 0.0877194 -6.09886e-05 0.000336112 1.14159e-05 -6.09886e-05 0.00962723 -0.0176738 -5.57115e-05 0.000336112 -0.0176738 0.0874073 
0.00961559 -0.0177016 -2.37826e-06 -6.22784e-05 -0.0177016 0.0876691 -6.54357e-05 0.000336567 -2.37826e-06 -6.54357e-05 0.00961054 -0.0176506 -6.22784e-05 0.000336567 -0.0176506 0.0873157 
0.00962793 -0.0176994 -1.66566e-05 -4.80332e-05 -0.0176994 0.0876332 -4.54478e-05 0.000310665 -1.66566e-05 -4.54478e-05 0.00959742 -0.0176321 -4.80332e-05 0.000310665 -0.0176321 0.087252 
0.00962964 -0.0177181 -3.54937e-05 -2.85292e-05 -0.0177181 0.0876545 -1.76828e-05 0.000252284 -3.54937e-05 -1.76828e-05 0.00961111 -0.0176185 -2.85292e-05 0.000252284 -0.0176185 0.0872134 
0.00961179 -0.0176905 -4.53078e-05 -1.00552e-05 -0.0176905 0.0875145 3.60061e-06 0.000198979 -4.53078e-05 3.60061e-06 0.00960747 -0.0176026 -1.00552e-05 0.000198979 -0.0176026 0.0870595 
0.00957711 -0.0176917 -6.02111e-05 2.29809e-06 -0.0176917 0.0875191 1.44102e-05 0.000159609 -6.02111e-05 1.44102e-05 0.00964905 -0.017622 2.29809e-06 0.000159609 -0.017622 0.0870953 
0.00958784 -0.0177092 -7.24894e-05 1.7425e-05 -0.0177092 0.0877438 2.66514e-05 0.000131705 -7.24894e-05 2.66514e-05 0.00969719 -0.0177308 1.7425e-05 0.000131705 -0.0177308 0.0874721 
0.00956825 -0.0176663 -7.38427e-05 3.45549e-05 -0.0176663 0.0875961 3.76471e-05 0.000100783 -7.38427e-05 3.76471e-05 0.00970173 -0.0177469 3.45549e-05 0.000100783 -0.0177469 0.0875116 
0.00958341 -0.0176391 -6.12184e-05 3.97456e-05 -0.0176391 0.0874852 3.74883e-05 8.33943e-05 -6.12184e-05 3.74883e-05 0.00967376 -0.0177537 3.97456e-05 8.33943e-05 -0.0177537 0.0875325 
0.00960347 -0.017691 -4.47265e-05 2.4067e-05 -0.017691 0.0876337 2.19284e-05 0.000104502 -4.47265e-05 2.19284e-05 0.00966907 -0.0177537 2.4067e-05 0.000104502 -0.0177537 0.0876515 
0.00962242 -0.0177126 -2.07467e-05 2.26689e-06 -0.0177126 0.0877301 2.84449e-06 0.000149228 -2.07467e-05 2.84449e-06 0.00964807 -0.0177386 2.26689e-06 0.000149228 -0.0177386 0.0876534 
0.00961345 -0.0176735 5.64195e-06 -2.98685e-05 -0.0176735 0.0875065 -2.73794e-05 0.000218521 5.64195e-06 -2.73794e-05 0.00959093 -0.0176533 -2.98685e-05 0.000218521 -0.0176533 0.0873255 
0.00960299 -0.0176716 7.60529e-06 -6.12519e-05 -0.0176716 0.0874214 -5.81033e-05 0.000294511 7.60529e-06 -5.81033e-05 0.00956324 -0.0175805 -6.12519e-05 0.000294511 -0.0175805 0.087074 
0.00960847 -0.0176993 -4.86771e-06 -6.60379e-05 -0.0176993 0.0875613 -5.97427e-05 0.000332476 -4.86771e-06 -5.97427e-05 0.00957274 -0.0175839 -6.60379e-05 0.000332476 -0.0175839 0.0870988 
0.00958883 -0.0176513 -1.40336e-05 -5.11366e-05 -0.0176513 0.0873611 -4.10698e-05 0.0003131 -1.40336e-05 -4.10698e-05 0.00955573 -0.0175397 -5.11366e-05 0.0003131 -0.0175397 0.086864 
0.00954687 -0.0175894 -1.94565e-05 -3.39613e-05 -0.0175894 0.0870437 -2.53079e-05 0.000268543 -1.94565e-05 -2.53079e-05 0.00953034 -0.0174814 -3.39613e-05 0.000268543 -0.0174814 0.0865459 
0.00950075 -0.0175311 -3.23737e-05 -2.10436e-05 -0.0175311 0.0867834 -1.90013e-05 0.00023076 -3.23737e-05 -1.90013e-05 0.00952775 -0.0174467 -2.10436e-05 0.00023076 -0.0174467 0.0863278 
0.00948264 -0.0174623 -3.44219e-05 -3.34963e-06 -0.0174623 0.0865151 -5.96652e-06 0.00019202 -3.44219e-05 -5.96652e-06 0.00949795 -0.0174352 -3.34963e-06 0.00019202 -0.0174352 0.0861747 
0.00947449 -0.0174351 -3.24572e-05 1.43518e-06 -0.0174351 0.0863352 -2.33407e-06 0.000166419 -3.24572e-05 -2.33407e-06 0.00946902 -0.0174012 1.43518e-06 0.000166419 -0.0174012 0.0860488 
0.00949609 -0.0174806 -2.69031e-05 -3.17524e-06 -0.0174806 0.0865166 -3.91832e-06 0.000163626 -2.69031e-05 -3.91832e-06 0.00948112 -0.017424 -3.17524e-06 0.000163626 -0.017424 0.086212 
0.00950249 -0.0174959 -2.06529e-05 -1.27716e-05 -0.0174959 0.0865901 -1.15281e-05 0.00017883 -2.06529e-05 -1.15281e-05 0.00947913 -0.0174318 -1.27716e-05 0.00017883 -0.0174318 0.0862675 
0.00949797 -0.0175029 -2.41037e-05 -2.1542e-05 -0.0175029 0.0866321 -2.19483e-05 0.000204328 -2.41037e-05 -2.19483e-05 0.00948599 -0.0174329 -2.1542e-05 0.000204328 -0.0174329 0.0863044 
0.00949403 -0.0175076 -3.91624e-05 -1.58446e-05 -0.0175076 0.0866946 -1.91789e-05 0.000208781 -3.91624e-05 -1.91789e-05 0.00950797 -0.0174519 -1.58446e-05 0.000208781 -0.0174519 0.0863895 
0.00947042 -0.0174975 -6.06786e-05 4.81351e-06 -0.0174975 0.0866947 9.06776e-07 0.000173521 -6.06786e-05 9.06776e-07 0.00954744 -0.0174757 4.81351e-06 0.000173521 -0.0174757 0.0864565 
0.0095003 -0.0175206 -5.04847e-05 3.11159e-05 -0.0175206 0.0869084 2.88749e-05 0.00011288 -5.04847e-05 2.88749e-05 0.00957593 -0.0175748 3.11159e-05 0.00011288 -0.0175748 0.0868142 
0.00953815 -0.0175714 -3.13029e-05 2.00148e-05 -0.0175714 0.0871372 1.87605e-05 0.00010002 -3.13029e-05 1.87605e-05 0.00958938 -0.0176271 2.00148e-05 0.00010002 -0.0176271 0.087117 
0.00959747 -0.0176352 -2.07351e-05 -4.78837e-06 -0.0176352 0.0874021 -5.58248e-06 0.000140962 -2.07351e-05 -5.58248e-06 0.0095792 -0.0176536 -4.78837e-06 0.000140962 -0.0176536 0.0873336 
0.00962086 -0.0177041 -1.92838e-05 -1.92803e-05 -0.0177041 0.0876043 -2.10872e-05 0.000187139 -1.92838e-05 -2.10872e-05 0.00958504 -0.0176183 -1.92803e-05 0.000187139 -0.0176183 0.0873218 
0.0096173 -0.0177129 -8.77033e-06 -2.15288e-05 -0.0177129 0.0876334 -2.28828e-05 0.000208533 -8.77033e-06 -2.28828e-05 0.00959337 -0.0175903 -2.15288e-05 0.000208533 -0.0175903 0.0871709 
0.00961021 -0.0177255 -4.58195e-06 -3.66305e-05 -0.0177255 0.0877256 -3.56695e-05 0.000237648 -4.58195e-06 -3.56695e-05 0.00962566 -0.0176261 -3.66305e-05 0.000237648 -0.0176261 0.0872435 
0.00956446 -0.0176688 -2.31962e-05 -4.3455e-05 -0.0176688 0.0875235 -4.12428e-05 0.000262413 -2.31962e-05 -4.12428e-05 0.00965095 -0.0176332 -4.3455e-05 0.000262413 -0.0176332 0.0871646 
0.00955785 -0.0176211 -3.45655e-05 -2.39815e-05 -0.0176211 0.0873927 -2.22721e-05 0.000247695 -3.45655e-05 -2.22721e-05 0.00965991 -0.0176859 -2.39815e-05 0.000247695 -0.0176859 0.0872668 
0.00958451 -0.0176418 -3.13583e-05 -1.24507e-05 -0.0176418 0.0874686 -1.14164e-05 0.000223959 -3.13583e-05 -1.14164e-05 0.00966629 -0.0177332 -1.24507e-05 0.000223959 -0.0177332 0.0874985 
0.00962411 -0.0177091 -3.23141e-05 -1.83401e-05 -0.0177091 0.0877236 -1.84786e-05 0.000229538 -3.23141e-05 -1.84786e-05 0.00968461 -0.0177697 -1.83401e-05 0.000229538 -0.0177697 0.08775 
0.00965744 -0.0177225 -4.52697e-05 -1.81708e-05 -0.0177225 0.0877306 -1.90724e-05 0.000238266 -4.52697e-05 -1.90724e-05 0.009652 -0.0177428 -1.81708e-05 0.000238266 -0.0177428 0.0876628 
0.00967632 -0.0177904 -4.16735e-05 -3.04315e-06 -0.0177904 0.0879155 -3.01963e-06 0.000219009 -4.16735e-05 -3.01963e-06 0.00964561 -0.0177163 -3.04315e-06 0.000219009 -0.0177163 0.0876403 
0.00969379 -0.0178162 -2.73256e-05 -7.42824e-06 -0.0178162 0.0880507 -4.27195e-06 0.00021041 -2.73256e-05 -4.27195e-06 0.00963929 -0.0177111 -7.42824e-06 0.00021041 -0.0177111 0.087628 
0.00968296 -0.0178319 -1.63564e-05 -2.69877e-05 -0.0178319 0.0881196 -1.99199e-05 0.000237691 -1.63564e-05 -1.99199e-05 0.00965666 -0.0177079 -2.69877e-05 0.000237691 -0.0177079 0.0876308 
0.00966801 -0.0177673 2.16218e-06 -4.27061e-05 -0.0177673 0.0878763 -3.24894e-05 0.000273818 2.16218e-06 -3.24894e-05 0.00963292 -0.0176816 -4.27061e-05 0.000273818 -0.0176816 0.0874328 
0.0096237 -0.0177017 1.15968e-06 -6.65148e-05 -0.0177017 0.087497 -5.63013e-05 0.000326432 1.15968e-06 -5.63013e-05 0.00961202 -0.0176075 -6.65148e-05 0.000326432 -0.0176075 0.0870763 
0.00960091 -0.0177119 -3.72626e-06 -6.69871e-05 -0.0177119 0.0875595 -6.13407e-05 0.000360682 -3.72626e-06 -6.13407e-05 0.00965375 -0.0176461 -6.69871e-05 0.000360682 -0.0176461 0.0871834 
0.00960497 -0.0177171 -6.4595e-06 -6.02299e-05 -0.0177171 0.0877054 -5.88714e-05 0.000366521 -6.4595e-06 -5.88714e-05 0.00969666 -0.0177355 -6.02299e-05 0.000366521 -0.0177355 0.0874887 
0.00965243 -0.0177546 -2.96628e-05 -5.58041e-05 -0.0177546 0.0879446 -5.74981e-05 0.000365263 -2.96628e-05 -5.74981e-05 0.00970606 -0.0178284 -5.58041e-05 0.000365263 -0.0178284 0.087901 
0.00968453 -0.0178031 -4.70465e-05 -2.86403e-05 -0.0178031 0.0881134 -3.06945e-05 0.000325362 -4.70465e-05 -3.06945e-05 0.00970603 -0.0178426 -2.86403e-05 0.000325362 -0.0178426 0.0881036 
0.00967807 -0.0178076 -4.65516e-05 -6.80169e-06 -0.0178076 0.0880885 -2.06939e-06 0.000259567 -4.65516e-05 -2.06939e-06 0.00969061 -0.0178025 -6.80169e-06 0.000259567 -0.0178025 0.0879998 
0.00969862 -0.0178321 -4.22143e-05 -1.05954e-05 -0.0178321 0.0882312 2.07637e-06 0.000232732 -4.22143e-05 2.07637e-06 0.00969218 -0.0178168 -1.05954e-05 0.000232732 -0.0178168 0.0880919 
0.00970921 -0.0178492 -3.01103e-05 -1.67081e-05 -0.0178492 0.088297 -4.62785e-06 0.000238216 -3.01103e-05 -4.62785e-06 0.00968834 -0.0178117 -1.67081e-05 0.000238216 -0.0178117 0.0881128 
0.00967469 -0.0178186 -2.3684e-05 -2.89351e-05 -0.0178186 0.0881373 -2.15277e-05 0.000263295 -2.3684e-05 -2.15277e-05 0.00969176 -0.017765 -2.89351e-05 0.000263295 -0.017765 0.087913 
0.00965171 -0.0177635 -7.42186e-06 -3.34638e-05 -0.0177635 0.0879283 -2.98395e-05 0.000282952 -7.42186e-06 -2.98395e-05 0.00968122 -0.0177492 -3.34638e-05 0.000282952 -0.0177492 0.0877437 
0.00968146 -0.0177944 2.0894e-06 -5.0753e-05 -0.0177944 0.0880692 -5.35261e-05 0.000322205 2.0894e-06 -5.35261e-05 0.00968754 -0.0177886 -5.0753e-05 0.000322205 -0.0177886 0.0879156 
0.00972127 -0.0178374 6.00626e-06 -6.51715e-05 -0.0178374 0.088227 -7.11969e-05 0.000371326 6.00626e-06 -7.11969e-05 0.0096968 -0.0178067 -6.51715e-05 0.000371326 -0.0178067 0.0880461 
0.00976957 -0.0179215 -6.30777e-06 -7.24163e-05 -0.0179215 0.0885574 -7.61482e-05 0.000403342 -6.30777e-06 -7.61482e-05 0.00972662 -0.0178587 -7.24163e-05 0.000403342 -0.0178587 0.0883143 
0.00979116 -0.0179748 -7.74593e-06 -6.16131e-05 -0.0179748 0.0887692 -6.01164e-05 0.000396232 -7.74593e-06 -6.01164e-05 0.00975439 -0.0178916 -6.16131e-05 0.000396232 -0.0178916 0.0884717 
0.00976902 -0.0179606 -1.69469e-05 -6.04422e-05 -0.0179606 0.0886919 -5.25294e-05 0.000379431 -1.69469e-05 -5.25294e-05 0.00976604 -0.0178786 -6.04422e-05 0.000379431 -0.0178786 0.0883689 
0.00977242 -0.017962 -3.40508e-05 -5.20475e-05 -0.017962 0.088744 -4.36428e-05 0.000365799 -3.40508e-05 -4.36428e-05 0.00977529 -0.0179177 -5.20475e-05 0.000365799 -0.0179177 0.0884666 
0.00981201 -0.0180305 -4.24328e-05 -3.40179e-05 -0.0180305 0.0890918 -2.75505e-05 0.000340039 -4.24328e-05 -2.75505e-05 0.00980101 -0.0179992 -3.40179e-05 0.000340039 -0.0179992 0.0888659 
0.00984084 -0.0180684 -4.01403e-05 -2.09114e-05 -0.0180684 0.0892845 -1.75249e-05 0.000308395 -4.01403e-05 -1.75249e-05 0.00981028 -0.018026 -2.09114e-05 0.000308395 -0.018026 0.0890654 
0.00986754 -0.0180828 -3.65255e-05 -2.38078e-05 -0.0180828 0.0893274 -1.92643e-05 0.000300045 -3.65255e-05 -1.92643e-05 0.00979499 -0.0180152 -2.38078e-05 0.000300045 -0.0180152 0.0890676 
0.00990774 -0.0181072 -3.78402e-05 -2.92054e-05 -0.0181072 0.0893527 -2.58816e-05 0.000309965 -3.78402e-05 -2.58816e-05 0.00976564 -0.01798 -2.92054e-05 0.000309965 -0.01798 0.0889714 
0.00995227 -0.0182061 -3.43308e-05 -2.95889e-05 -0.0182061 0.0896751 -3.02746e-05 0.000325031 -3.43308e-05 -3.02746e-05 0.00978031 -0.0179851 -2.95889e-05 0.000325031 -0.0179851 0.0890841 
0.00993265 -0.0182388 -2.05958e-05 -3.52436e-05 -0.0182388 0.0897835 -4.09842e-05 0.000350103 -2.05958e-05 -4.09842e-05 0.00980703 -0.0179671 -3.52436e-05 0.000350103 -0.0179671 0.089001 
0.00990322 -0.0182266 -2.13384e-05 -5.36305e-05 -0.0182266 0.0898431 -5.98026e-05 0.000391786 -2.13384e-05 -5.98026e-05 0.0098412 -0.0180087 -5.36305e-05 0.000391786 -0.0180087 0.0890673 
0.00987908 -0.0181647 -2.67213e-05 -5.48061e-05 -0.0181647 0.0896888 -5.7212e-05 0.000412477 -2.67213e-05 -5.7212e-05 0.00985417 -0.0180378 -5.48061e-05 0.000412477 -0.0180378 0.0890941 
0.00989855 -0.0182024 -1.7048e-05 -4.63287e-05 -0.0182024 0.0899167 -4.57229e-05 0.000399697 -1.7048e-05 -4.57229e-05 0.00989639 -0.0181328 -4.63287e-05 0.000399697 -0.0181328 0.0895107 
0.00991538 -0.0182353 -8.08901e-06 -5.63114e-05 -0.0182353 0.0901175 -5.51286e-05 0.000403534 -8.08901e-06 -5.51286e-05 0.00993217 -0.0181989 -5.63114e-05 0.000403534 -0.0181989 0.089843 
0.00991487 -0.0182131 -2.28753e-05 -6.97629e-05 -0.0182131 0.0900447 -6.88306e-05 0.000431611 -2.28753e-05 -6.88306e-05 0.00993721 -0.0182043 -6.97629e-05 0.000431611 -0.0182043 0.0898666 
0.00989362 -0.0181762 -4.13492e-05 -5.43353e-05 -0.0181762 0.0898419 -5.21581e-05 0.000421645 -4.13492e-05 -5.21581e-05 0.009948 -0.0181789 -5.43353e-05 0.000421645 -0.0181789 0.0897269 
0.00990708 -0.0182103 -5.07485e-05 -3.10163e-05 -0.0182103 0.0900092 -2.94463e-05 0.00037802 -5.07485e-05 -2.94463e-05 0.00998564 -0.0182523 -3.10163e-05 0.00037802 -0.0182523 0.0899762 
0.00991854 -0.0182463 -3.73896e-05 -1.98017e-05 -0.0182463 0.0902074 -2.06978e-05 0.000346006 -3.73896e-05 -2.06978e-05 0.0100142 -0.0183195 -1.98017e-05 0.000346006 -0.0183195 0.090264 
0.00991233 -0.0181999 -3.13169e-05 -3.59916e-05 -0.0181999 0.0900231 -3.64261e-05 0.000359414 -3.13169e-05 -3.64261e-05 0.00999013 -0.0182947 -3.59916e-05 0.000359414 -0.0182947 0.0901489 
0.00989946 -0.0181815 -1.70783e-05 -5.11982e-05 -0.0181815 0.0898787 -4.79311e-05 0.000400406 -1.70783e-05 -4.79311e-05 0.00997128 -0.0182589 -5.11982e-05 0.000400406 -0.0182589 0.0900111 
0.00989391 -0.0181411 -2.77659e-05 -6.85746e-05 -0.0181411 0.0896755 -6.40828e-05 0.000440763 -2.77659e-05 -6.40828e-05 0.0099391 -0.018215 -6.85746e-05 0.000440763 -0.018215 0.0898025 
0.00987729 -0.0181007 -2.86116e-05 -5.55072e-05 -0.0181007 0.0894016 -5.14248e-05 0.000438975 -2.86116e-05 -5.14248e-05 0.0099053 -0.0181428 -5.55072e-05 0.000438975 -0.0181428 0.0894827 
0.00990899 -0.0181564 -2.7288e-05 -5.2284e-05 -0.0181564 0.0896145 -4.98225e-05 0.000427729 -2.7288e-05 -4.98225e-05 0.00991074 -0.0181765 -5.2284e-05 0.000427729 -0.0181765 0.0896412 
0.00991292 -0.0181852 -3.59419e-05 -5.12254e-05 -0.0181852 0.0897152 -4.84313e-05 0.00041822 -3.59419e-05 -4.84313e-05 0.00992694 -0.0181727 -5.12254e-05 0.00041822 -0.0181727 0.0896695 
0.00995025 -0.0182456 -4.83258e-05 -3.93387e-05 -0.0182456 0.0900388 -3.45282e-05 0.000393172 -4.83258e-05 -3.45282e-05 0.00996232 -0.0182473 -3.93387e-05 0.000393172 -0.0182473 0.089981 
0.00998984 -0.0182706 -7.0022e-05 -2.52102e-05 -0.0182706 0.0901524 -2.00291e-05 0.000359026 -7.0022e-05 -2.00291e-05 0.00995746 -0.0182747 -2.52102e-05 0.000359026 -0.0182747 0.0901102 
0.0100185 -0.0183636 -6.0626e-05 -1.61912e-06 -0.0183636 0.0905001 5.81163e-07 0.00031673 -6.0626e-05 5.81163e-07 0.00998541 -0.0183152 -1.61912e-06 0.00031673 -0.0183152 0.0903855 
0.0100075 -0.0183897 -6.30594e-05 -1.37829e-05 -0.0183897 0.0906555 -1.03087e-05 0.000316683 -6.30594e-05 -1.03087e-05 0.0100158 -0.0183246 -1.37829e-05 0.000316683 -0.0183246 0.0904562 
0.00997624 -0.0183685 -4.74216e-05 -1.61855e-05 -0.0183685 0.0906596 -7.40178e-06 0.000326851 -4.74216e-05 -7.40178e-06 0.0100531 -0.0183478 -1.61855e-05 0.000326851 -0.0183478 0.0904896 
0.00996074 -0.0183189 -3.41972e-05 -3.61916e-05 -0.0183189 0.0905621 -2.29747e-05 0.000355436 -3.41972e-05 -2.29747e-05 0.0100756 -0.018399 -3.61916e-05 0.000355436 -0.018399 0.0905935 
0.00995978 -0.0182598 -1.66434e-05 -5.51067e-05 -0.0182598 0.0902993 -4.14863e-05 0.000401488 -1.66434e-05 -4.14863e-05 0.0100374 -0.018394 -5.51067e-05 0.000401488 -0.018394 0.0905215 
0.010001 -0.0182956 -7.7228e-06 -7.55788e-05 -0.0182956 0.090369 -6.76592e-05 0.000459495 -7.7228e-06 -6.76592e-05 0.0100091 -0.0183861 -7.55788e-05 0.000459495 -0.0183861 0.0905992 
0.0100748 -0.0184027 -2.1179e-05 -8.77011e-05 -0.0184027 0.0907798 -8.36037e-05 0.00051149 -2.1179e-05 -8.36037e-05 0.0100077 -0.0184196 -8.77011e-05 0.00051149 -0.0184196 0.0908945 
0.0100615 -0.0183858 -3.46683e-05 -7.43858e-05 -0.0183858 0.0905731 -6.97444e-05 0.000512821 -3.46683e-05 -6.97444e-05 0.00997004 -0.0183021 -7.43858e-05 0.000512821 -0.0183021 0.09047 
0.0100462 -0.0183606 -5.1342e-05 -5.3989e-05 -0.0183606 0.0904044 -4.81714e-05 0.000470223 -5.1342e-05 -4.81714e-05 0.00994761 -0.0182466 -5.3989e-05 0.000470223 -0.0182466 0.0901644 
0.0100507 -0.0184079 -4.82357e-05 -3.60985e-05 -0.0184079 0.0906178 -3.0101e-05 0.000428404 -4.82357e-05 -3.0101e-05 0.00998496 -0.0182938 -3.60985e-05 0.000428404 -0.0182938 0.0903471 
0.0100065 -0.0183866 -5.2289e-05 -3.73772e-05 -0.0183866 0.0905853 -3.69732e-05 0.000417611 -5.2289e-05 -3.69732e-05 0.0100362 -0.0183155 -3.73772e-05 0.000417611 -0.0183155 0.090381 
0.009979 -0.0183228 -5.4219e-05 -3.01504e-05 -0.0183228 0.0904258 -3.74464e-05 0.000415268 -5.4219e-05 -3.74464e-05 0.0100591 -0.0183636 -3.01504e-05 0.000415268 -0.0183636 0.0904247 
