0.00721304 0 -3.35575e-05 0 0 0.0102764 0 0 -3.35575e-05 0 0.00731043 0 0 0 0 0.0102764 
0.0104405 -0.0129615 -2.09134e-05 2.23582e-05 -0.0129615 0.0344672 2.23582e-05 -4.29952e-05 -2.09134e-05 2.23582e-05 0.0105461 -0.013088 2.23582e-05 -4.29952e-05 -0.013088 0.0347092 
0.0107728 -0.0201469 1.26703e-05 -7.5544e-05 -0.0201469 0.074294 -7.5544e-05 0.00027096 1.26703e-05 -7.5544e-05 0.0108689 -0.0201863 -7.5544e-05 0.00027096 -0.0201863 0.0743829 
0.00868865 -0.0168926 2.14399e-06 -0.000166117 -0.0168926 0.0759243 -0.000169217 0.000841388 2.14399e-06 -0.000169217 0.0087291 -0.0168175 -0.000166117 0.000841388 -0.0168175 0.0752909 
0.00992142 -0.0186959 -3.19251e-05 -0.0001549 -0.0186959 0.0905485 -0.000155216 0.00115687 -3.19251e-05 -0.000155216 0.00996389 -0.0185634 -0.0001549 0.00115687 -0.0185634 0.0893987 
0.00962857 -0.017827 -5.28897e-05 -6.47413e-05 -0.017827 0.0879233 -6.26868e-05 0.000834805 -5.28897e-05 -6.26868e-05 0.00968695 -0.0177427 -6.47413e-05 0.000834805 -0.0177427 0.0869586 
0.00935275 -0.0171897 -4.97996e-05 -6.81507e-06 -0.0171897 0.0850254 -7.68566e-06 0.000493779 -4.97996e-05 -7.68566e-06 0.00937738 -0.0171567 -6.81507e-06 0.000493779 -0.0171567 0.0843672 
0.00907767 -0.0166775 -2.83726e-05 -2.07791e-06 -0.0166775 0.0824493 -3.11894e-06 0.000319317 -2.83726e-05 -3.11894e-06 0.00909001 -0.0166152 -2.07791e-06 0.000319317 -0.0166152 0.0819152 
0.0102693 -0.0188579 -1.59894e-05 -3.31386e-05 -0.0188579 0.093217 -3.3435e-05 0.00034149 -1.59894e-05 -3.3435e-05 0.0102644 -0.0187632 -3.31386e-05 0.00034149 -0.0187632 0.0926045 
0.0101479 -0.0186121 -2.84437e-05 -6.16529e-05 -0.0186121 0.0919613 -6.25896e-05 0.000395795 -2.84437e-05 -6.25896e-05 0.0101066 -0.0184903 -6.16529e-05 0.000395795 -0.0184903 0.091301 
0.0100668 -0.0184735 -3.40567e-05 -5.87164e-05 -0.0184735 0.0911987 -5.65864e-05 0.000428582 -3.40567e-05 -5.65864e-05 0.010023 -0.0183146 -5.87164e-05 0.000428582 -0.0183146 0.0904694 
0.0100083 -0.0183676 -2.4967e-05 -5.21208e-05 -0.0183676 0.0906531 -4.77808e-05 0.000426124 -2.4967e-05 -4.77808e-05 0.00996103 -0.0182082 -5.21208e-05 0.000426124 -0.0182082 0.0898948 
0.00995645 -0.0182572 -3.42207e-05 -5.81239e-05 -0.0182572 0.0900898 -5.19165e-05 0.000425262 -3.42207e-05 -5.19165e-05 0.00989658 -0.0180996 -5.81239e-05 0.000425262 -0.0180996 0.0893385 
0.0099427 -0.0182409 -4.38563e-05 -4.46347e-05 -0.0182409 0.0899585 -3.66446e-05 0.000401123 -4.38563e-05 -3.66446e-05 0.0098832 -0.0180746 -4.46347e-05 0.000401123 -0.0180746 0.0892074 
0.00991276 -0.0182369 -4.01997e-05 -2.75038e-05 -0.0182369 0.0899254 -1.79884e-05 0.000350992 -4.01997e-05 -1.79884e-05 0.00990444 -0.0180715 -2.75038e-05 0.000350992 -0.0180715 0.089177 
0.00988749 -0.0182013 -3.44255e-05 -3.23324e-05 -0.0182013 0.0898547 -2.06528e-05 0.000332065 -3.44255e-05 -2.06528e-05 0.00991803 -0.0181054 -3.23324e-05 0.000332065 -0.0181054 0.0892274 
0.00990006 -0.018211 -1.58193e-05 -4.10197e-05 -0.018211 0.0899792 -2.987e-05 0.000344522 -1.58193e-05 -2.987e-05 0.00993529 -0.0181783 -4.10197e-05 0.000344522 -0.0181783 0.0895343 
0.00987418 -0.0181724 -1.72695e-05 -6.09011e-05 -0.0181724 0.0897941 -5.47192e-05 0.000383562 -1.72695e-05 -5.47192e-05 0.00991775 -0.0181441 -6.09011e-05 0.000383562 -0.0181441 0.0894332 
0.00988015 -0.0182147 -1.41666e-05 -5.84356e-05 -0.0182147 0.0900258 -5.88105e-05 0.000407323 -1.41666e-05 -5.88105e-05 0.00995345 -0.0181896 -5.84356e-05 0.000407323 -0.0181896 0.0896844 
0.00987599 -0.0182038 -2.08988e-05 -6.02846e-05 -0.0182038 0.090055 -6.60534e-05 0.000421639 -2.08988e-05 -6.60534e-05 0.0099694 -0.0182122 -6.02846e-05 0.000421639 -0.0182122 0.0897673 
0.00984852 -0.0181662 -3.99219e-05 -5.46667e-05 -0.0181662 0.0899024 -5.77427e-05 0.000418105 -3.99219e-05 -5.77427e-05 0.00997834 -0.0181972 -5.46667e-05 0.000418105 -0.0181972 0.0896748 
0.00980459 -0.0180595 -3.97497e-05 -3.01617e-05 -0.0180595 0.0894286 -3.04078e-05 0.000370458 -3.97497e-05 -3.04078e-05 0.00994922 -0.0181403 -3.01617e-05 0.000370458 -0.0181403 0.0893107 
0.00979425 -0.0180221 -2.47384e-05 -2.55993e-05 -0.0180221 0.0892232 -2.34073e-05 0.000331993 -2.47384e-05 -2.34073e-05 0.00993339 -0.0181324 -2.55993e-05 0.000331993 -0.0181324 0.0892122 
0.00982228 -0.0180933 -7.17032e-06 -4.32759e-05 -0.0180933 0.0895312 -3.77562e-05 0.000341216 -7.17032e-06 -3.77562e-05 0.00996597 -0.018205 -4.32759e-05 0.000341216 -0.018205 0.0895742 
0.00983555 -0.0181095 7.94346e-06 -6.956e-05 -0.0181095 0.089642 -6.20114e-05 0.000391809 7.94346e-06 -6.20114e-05 0.00996632 -0.0182334 -6.956e-05 0.000391809 -0.0182334 0.0897315 
0.00984137 -0.0181188 -4.10174e-06 -9.03054e-05 -0.0181188 0.0896979 -8.46837e-05 0.000453271 -4.10174e-06 -8.46837e-05 0.00997343 -0.0182423 -9.03054e-05 0.000453271 -0.0182423 0.0898327 
0.00984251 -0.0181284 -1.72493e-05 -7.88722e-05 -0.0181284 0.0897486 -7.53179e-05 0.000468011 -1.72493e-05 -7.53179e-05 0.0099987 -0.0182519 -7.88722e-05 0.000468011 -0.0182519 0.0898997 
0.00987079 -0.0181515 -2.51119e-05 -6.10098e-05 -0.0181515 0.0898737 -5.8715e-05 0.000439948 -2.51119e-05 -5.8715e-05 0.0100258 -0.0182968 -6.10098e-05 0.000439948 -0.0182968 0.090058 
0.00989527 -0.018197 -2.52686e-05 -4.87484e-05 -0.018197 0.0900357 -5.04763e-05 0.0004105 -2.52686e-05 -5.04763e-05 0.0100371 -0.0183395 -4.87484e-05 0.0004105 -0.0183395 0.0902323 
0.0099042 -0.0182233 -1.64398e-05 -4.82002e-05 -0.0182233 0.0901281 -5.43736e-05 0.00040541 -1.64398e-05 -5.43736e-05 0.0100371 -0.0183397 -4.82002e-05 0.00040541 -0.0183397 0.0902707 
0.00991044 -0.0182221 -8.7363e-06 -5.73615e-05 -0.0182221 0.0901135 -6.6206e-05 0.000421518 -8.7363e-06 -6.6206e-05 0.0100138 -0.0183128 -5.73615e-05 0.000421518 -0.0183128 0.0901686 
0.00988418 -0.0182023 -1.24445e-05 -6.69439e-05 -0.0182023 0.0899736 -7.74879e-05 0.000447648 -1.24445e-05 -7.74879e-05 0.00999567 -0.0182487 -6.69439e-05 0.000447648 -0.0182487 0.0899118 
0.00987304 -0.0181595 -9.84381e-06 -6.42178e-05 -0.0181595 0.0898062 -7.2834e-05 0.000453441 -9.84381e-06 -7.2834e-05 0.00995407 -0.018212 -6.42178e-05 0.000453441 -0.018212 0.0896909 
0.00987147 -0.0181786 -9.90174e-06 -6.68972e-05 -0.0181786 0.0898674 -6.98855e-05 0.000448819 -9.90174e-06 -6.98855e-05 0.00995861 -0.0181966 -6.68972e-05 0.000448819 -0.0181966 0.0896878 
0.00988297 -0.0181596 -1.0151e-05 -6.68222e-05 -0.0181596 0.0898214 -6.68484e-05 0.000442389 -1.0151e-05 -6.68484e-05 0.00992971 -0.0181922 -6.68222e-05 0.000442389 -0.0181922 0.0896391 
0.00988295 -0.0181489 -2.99433e-05 -6.36772e-05 -0.0181489 0.0897027 -6.31405e-05 0.000429061 -2.99433e-05 -6.31405e-05 0.00989363 -0.0181382 -6.36772e-05 0.000429061 -0.0181382 0.0894718 
0.00987472 -0.0181547 -3.93749e-05 -3.70826e-05 -0.0181547 0.089673 -3.67955e-05 0.000379615 -3.93749e-05 -3.67955e-05 0.00988503 -0.0180928 -3.70826e-05 0.000379615 -0.0180928 0.0893259 
0.0098661 -0.0181439 -4.22035e-05 -2.21688e-05 -0.0181439 0.0896303 -2.09174e-05 0.000324237 -4.22035e-05 -2.09174e-05 0.0098882 -0.0180731 -2.21688e-05 0.000324237 -0.0180731 0.089207 
0.00986551 -0.0181671 -4.32659e-05 -1.83731e-05 -0.0181671 0.089751 -1.76193e-05 0.000299112 -4.32659e-05 -1.76193e-05 0.00990921 -0.0181068 -1.83731e-05 0.000299112 -0.0181068 0.0893148 
0.00986819 -0.0181419 -4.83103e-05 -2.04519e-05 -0.0181419 0.089684 -2.32526e-05 0.000303227 -4.83103e-05 -2.32526e-05 0.00988844 -0.0181118 -2.04519e-05 0.000303227 -0.0181118 0.0892987 
0.00988538 -0.0181461 -5.94528e-05 -1.46093e-05 -0.0181461 0.0896663 -1.65814e-05 0.000296585 -5.94528e-05 -1.65814e-05 0.00987545 -0.0180952 -1.46093e-05 0.000296585 -0.0180952 0.0892845 
0.00986618 -0.0181234 -5.48961e-05 -1.41367e-06 -0.0181234 0.0894781 -4.07513e-06 0.000273329 -5.48961e-05 -4.07513e-06 0.00986201 -0.0180331 -1.41367e-06 0.000273329 -0.0180331 0.0890239 
0.00984568 -0.0181353 -3.84185e-05 -4.53558e-06 -0.0181353 0.0895297 -6.0218e-06 0.000264356 -3.84185e-05 -6.0218e-06 0.00988991 -0.0180535 -4.53558e-06 0.000264356 -0.0180535 0.0890573 
0.0098239 -0.0181099 -2.83978e-05 -2.63249e-05 -0.0181099 0.089513 -2.44996e-05 0.000293835 -2.83978e-05 -2.44996e-05 0.00991527 -0.0180945 -2.63249e-05 0.000293835 -0.0180945 0.0891525 
0.00982603 -0.0181025 -1.07941e-05 -4.10682e-05 -0.0181025 0.0895596 -3.70952e-05 0.000332999 -1.07941e-05 -3.70952e-05 0.00992849 -0.0181504 -4.10682e-05 0.000332999 -0.0181504 0.0893619 
0.00981808 -0.0181106 -5.24855e-06 -6.3921e-05 -0.0181106 0.0896253 -6.04946e-05 0.000385283 -5.24855e-06 -6.04946e-05 0.00994612 -0.0181797 -6.3921e-05 0.000385283 -0.0181797 0.08954 
0.00980308 -0.0180736 -2.14451e-05 -6.74954e-05 -0.0180736 0.0895179 -6.51812e-05 0.000411275 -2.14451e-05 -6.51812e-05 0.00993926 -0.0181763 -6.74954e-05 0.000411275 -0.0181763 0.089527 
0.00979337 -0.0180336 -3.12056e-05 -4.50821e-05 -0.0180336 0.0893425 -4.37324e-05 0.000380281 -3.12056e-05 -4.37324e-05 0.00992004 -0.0181475 -4.50821e-05 0.000380281 -0.0181475 0.0894099 
0.00980616 -0.0180338 -2.63926e-05 -2.63477e-05 -0.0180338 0.0893092 -2.77426e-05 0.000327274 -2.63926e-05 -2.77426e-05 0.00990446 -0.0181347 -2.63477e-05 0.000327274 -0.0181347 0.089376 
0.00978945 -0.0180036 -2.01142e-05 -2.90118e-05 -0.0180036 0.0890923 -3.4761e-05 0.000310192 -2.01142e-05 -3.4761e-05 0.00987038 -0.0180659 -2.90118e-05 0.000310192 -0.0180659 0.0890894 
0.00978875 -0.0179745 -1.8011e-05 -3.39182e-05 -0.0179745 0.0889121 -4.42801e-05 0.000317524 -1.8011e-05 -4.42801e-05 0.0098143 -0.0180076 -3.39182e-05 0.000317524 -0.0180076 0.0888204 
0.00983206 -0.018025 -3.04863e-05 -3.6432e-05 -0.018025 0.0890744 -4.51017e-05 0.00032216 -3.04863e-05 -4.51017e-05 0.00978457 -0.0179882 -3.6432e-05 0.00032216 -0.0179882 0.0888344 
0.00982933 -0.0180449 -4.14783e-05 -2.5727e-05 -0.0180449 0.0890563 -2.96942e-05 0.00030452 -4.14783e-05 -2.96942e-05 0.00975815 -0.0179088 -2.5727e-05 0.00030452 -0.0179088 0.0885814 
0.00982344 -0.018058 -4.34535e-05 -1.16244e-05 -0.018058 0.0891167 -1.19694e-05 0.000268174 -4.34535e-05 -1.19694e-05 0.00975224 -0.0178887 -1.16244e-05 0.000268174 -0.0178887 0.0884807 
0.00979601 -0.0180329 -3.60754e-05 -1.43529e-05 -0.0180329 0.0890339 -1.17364e-05 0.000258233 -3.60754e-05 -1.17364e-05 0.00975312 -0.0178625 -1.43529e-05 0.000258233 -0.0178625 0.0883415 
0.009814 -0.0180728 -3.90699e-05 -2.66784e-05 -0.0180728 0.0892942 -2.28788e-05 0.000279669 -3.90699e-05 -2.28788e-05 0.00979008 -0.0179291 -2.66784e-05 0.000279669 -0.0179291 0.0886145 
0.00982128 -0.0180688 -4.20864e-05 -2.47915e-05 -0.0180688 0.0893303 -2.16073e-05 0.000292156 -4.20864e-05 -2.16073e-05 0.00978908 -0.017959 -2.47915e-05 0.000292156 -0.017959 0.0887276 
0.00977975 -0.0180299 -3.65031e-05 -1.59653e-05 -0.0180299 0.0891406 -1.17244e-05 0.000273105 -3.65031e-05 -1.17244e-05 0.00979335 -0.0179211 -1.59653e-05 0.000273105 -0.0179211 0.0885889 
0.00976094 -0.0179894 -2.23584e-05 -2.11936e-05 -0.0179894 0.0890282 -1.66222e-05 0.000267892 -2.23584e-05 -1.66222e-05 0.00979544 -0.0179341 -2.11936e-05 0.000267892 -0.0179341 0.0885725 
0.00975968 -0.0179191 -6.57461e-06 -3.59135e-05 -0.0179191 0.08871 -3.33204e-05 0.000289147 -6.57461e-06 -3.33204e-05 0.00975439 -0.0178924 -3.59135e-05 0.000289147 -0.0178924 0.088353 
0.00974348 -0.0179064 -2.5022e-05 -4.96393e-05 -0.0179064 0.0885128 -4.96883e-05 0.00031804 -2.5022e-05 -4.96883e-05 0.00973972 -0.0178349 -4.96393e-05 0.00031804 -0.0178349 0.0881305 
0.00972413 -0.0178868 -3.10342e-05 -2.77668e-05 -0.0178868 0.0883901 -3.07162e-05 0.000300713 -3.10342e-05 -3.07162e-05 0.00973038 -0.0178117 -2.77668e-05 0.000300713 -0.0178117 0.0879706 
0.00973263 -0.0178913 -4.11648e-05 -2.02123e-05 -0.0178913 0.088432 -2.29785e-05 0.000273722 -4.11648e-05 -2.29785e-05 0.00973753 -0.0178349 -2.02123e-05 0.000273722 -0.0178349 0.0880399 
0.00976565 -0.0179537 -3.70669e-05 -1.30381e-05 -0.0179537 0.0887216 -1.18968e-05 0.000255503 -3.70669e-05 -1.18968e-05 0.0097694 -0.0179019 -1.30381e-05 0.000255503 -0.0179019 0.0883627 
0.00978646 -0.0180131 -3.71182e-05 -2.36e-05 -0.0180131 0.0890038 -1.92333e-05 0.000268084 -3.71182e-05 -1.92333e-05 0.00980705 -0.017956 -2.36e-05 0.000268084 -0.017956 0.0886475 
0.00978347 -0.0180057 -4.72016e-05 -2.60975e-05 -0.0180057 0.089007 -2.19988e-05 0.000285134 -4.72016e-05 -2.19988e-05 0.00981592 -0.0179676 -2.60975e-05 0.000285134 -0.0179676 0.0886772 
0.00976054 -0.0180056 -5.05334e-05 -1.74741e-05 -0.0180056 0.0890125 -1.24301e-05 0.000282196 -5.05334e-05 -1.24301e-05 0.00984719 -0.0179749 -1.74741e-05 0.000282196 -0.0179749 0.0887 
0.00977279 -0.0180237 -3.91716e-05 -1.28562e-05 -0.0180237 0.0892046 -6.9712e-06 0.000271307 -3.91716e-05 -6.9712e-06 0.00988912 -0.018061 -1.28562e-05 0.000271307 -0.018061 0.0890011 
0.00979955 -0.0180222 -5.23202e-05 -2.67048e-05 -0.0180222 0.089244 -1.85245e-05 0.000285446 -5.23202e-05 -1.85245e-05 0.00988928 -0.0181063 -2.67048e-05 0.000285446 -0.0181063 0.0891796 
0.00984252 -0.0180976 -5.44603e-05 -1.48448e-05 -0.0180976 0.0895242 -6.22693e-06 0.000282493 -5.44603e-05 -6.22693e-06 0.00990075 -0.0181459 -1.48448e-05 0.000282493 -0.0181459 0.0894556 
0.00987856 -0.0181742 -3.8419e-05 -1.08467e-05 -0.0181742 0.0898504 -5.36387e-06 0.000272877 -3.8419e-05 -5.36387e-06 0.00992682 -0.0181721 -1.08467e-05 0.000272877 -0.0181721 0.0896699 
0.00989419 -0.0181948 -2.2393e-05 -2.89965e-05 -0.0181948 0.0899555 -2.89564e-05 0.000303931 -2.2393e-05 -2.89564e-05 0.00993526 -0.0181808 -2.89965e-05 0.000303931 -0.0181808 0.0897071 
0.00990324 -0.0181767 -5.57547e-06 -5.0367e-05 -0.0181767 0.0898464 -5.35757e-05 0.000361171 -5.57547e-06 -5.35757e-05 0.00991036 -0.0181514 -5.0367e-05 0.000361171 -0.0181514 0.0895536 
0.00988989 -0.0181968 -1.2604e-06 -7.2045e-05 -0.0181968 0.0898608 -7.44156e-05 0.000420517 -1.2604e-06 -7.44156e-05 0.00992631 -0.0181354 -7.2045e-05 0.000420517 -0.0181354 0.0895059 
0.0099155 -0.0181951 -1.42744e-05 -7.43189e-05 -0.0181951 0.0899132 -7.728e-05 0.000446953 -1.42744e-05 -7.728e-05 0.00992734 -0.0181694 -7.43189e-05 0.000446953 -0.0181694 0.0895822 
0.00992375 -0.018247 -4.01766e-05 -5.57711e-05 -0.018247 0.0900888 -5.98287e-05 0.000424756 -4.01766e-05 -5.98287e-05 0.00995884 -0.0182021 -5.57711e-05 0.000424756 -0.0182021 0.08977 
0.00991948 -0.0182615 -4.67631e-05 -2.99341e-05 -0.0182615 0.0902103 -3.12575e-05 0.000375624 -4.67631e-05 -3.12575e-05 0.00999551 -0.0182476 -2.99341e-05 0.000375624 -0.0182476 0.0899383 
0.00994226 -0.0182815 -2.98779e-05 -2.6183e-05 -0.0182815 0.0903773 -2.21707e-05 0.000344623 -2.98779e-05 -2.21707e-05 0.0100194 -0.0183187 -2.6183e-05 0.000344623 -0.0183187 0.0902131 
0.00996894 -0.018308 -1.68227e-05 -5.10265e-05 -0.018308 0.0904924 -4.42577e-05 0.000377039 -1.68227e-05 -4.42577e-05 0.0100292 -0.0183485 -5.10265e-05 0.000377039 -0.0183485 0.090386 
0.00999816 -0.0182988 -2.42677e-05 -7.09959e-05 -0.0182988 0.0903938 -6.56935e-05 0.000435715 -2.42677e-05 -6.56935e-05 0.00998961 -0.0183166 -7.09959e-05 0.000435715 -0.0183166 0.0902668 
0.0100332 -0.0183582 -4.25944e-05 -5.92625e-05 -0.0183582 0.0905198 -5.93873e-05 0.000447819 -4.25944e-05 -5.93873e-05 0.0099661 -0.0182886 -5.92625e-05 0.000447819 -0.0182886 0.0902392 
0.010032 -0.0183734 -7.12462e-05 -3.3804e-05 -0.0183734 0.0904986 -3.67938e-05 0.000407645 -7.12462e-05 -3.67938e-05 0.00993795 -0.0182239 -3.3804e-05 0.000407645 -0.0182239 0.0900086 
0.0100079 -0.0183653 -7.02356e-05 4.59804e-06 -0.0183653 0.0904387 3.04274e-06 0.000321466 -7.02356e-05 3.04274e-06 0.0099313 -0.018174 4.59804e-06 0.000321466 -0.018174 0.0897871 
0.00997794 -0.0183667 -5.08378e-05 8.07339e-06 -0.0183667 0.0905021 6.68106e-06 0.000270653 -5.08378e-05 6.68106e-06 0.00996867 -0.0181888 8.07339e-06 0.000270653 -0.0181888 0.089798 
0.00997722 -0.0183691 -3.90714e-05 -1.74452e-05 -0.0183691 0.090668 -1.75893e-05 0.000296217 -3.90714e-05 -1.75893e-05 0.0100164 -0.0182794 -1.74452e-05 0.000296217 -0.0182794 0.0900955 
0.00998784 -0.0183562 -3.68695e-05 -3.70792e-05 -0.0183562 0.0906983 -3.40981e-05 0.000344624 -3.68695e-05 -3.40981e-05 0.0100285 -0.0183433 -3.70792e-05 0.000344624 -0.0183433 0.0903335 
0.00998605 -0.018339 -3.40426e-05 -4.16941e-05 -0.018339 0.0905937 -3.79654e-05 0.000373509 -3.40426e-05 -3.79654e-05 0.0100145 -0.0183302 -4.16941e-05 0.000373509 -0.0183302 0.0903235 
0.0100169 -0.0183511 -3.01366e-05 -4.45616e-05 -0.0183511 0.090618 -4.48615e-05 0.000391485 -3.01366e-05 -4.48615e-05 0.00999523 -0.0183241 -4.45616e-05 0.000391485 -0.0183241 0.0903409 
0.0100631 -0.0184368 -2.32844e-05 -4.90162e-05 -0.0184368 0.0909217 -5.50138e-05 0.000413613 -2.32844e-05 -5.50138e-05 0.0100016 -0.0183411 -4.90162e-05 0.000413613 -0.0183411 0.0905186 
0.010038 -0.0183963 -1.78642e-05 -5.47031e-05 -0.0183963 0.0906549 -6.49258e-05 0.000434049 -1.78642e-05 -6.49258e-05 0.0099538 -0.0182338 -5.47031e-05 0.000434049 -0.0182338 0.0900622 
0.0100286 -0.0183991 -8.52462e-06 -6.23443e-05 -0.0183991 0.0906309 -7.12489e-05 0.000454554 -8.52462e-06 -7.12489e-05 0.0099337 -0.0181945 -6.23443e-05 0.000454554 -0.0181945 0.0898736 
0.0100156 -0.0184004 -8.3878e-06 -7.43818e-05 -0.0184004 0.0906568 -8.04073e-05 0.000478418 -8.3878e-06 -8.04073e-05 0.00992618 -0.0181801 -7.43818e-05 0.000478418 -0.0181801 0.0898078 
0.0100089 -0.0184081 -1.4619e-05 -7.4212e-05 -0.0184081 0.0907764 -7.67287e-05 0.000485587 -1.4619e-05 -7.67287e-05 0.00995686 -0.0182141 -7.4212e-05 0.000485587 -0.0182141 0.08996 
0.00997505 -0.0183474 -4.10314e-05 -6.58135e-05 -0.0183474 0.0905688 -6.13565e-05 0.000460132 -4.10314e-05 -6.13565e-05 0.00996892 -0.0182106 -6.58135e-05 0.000460132 -0.0182106 0.0898791 
0.00993698 -0.0183049 -7.62803e-05 -3.93927e-05 -0.0183049 0.0904189 -2.42644e-05 0.000399058 -7.62803e-05 -2.42644e-05 0.0100092 -0.0182404 -3.93927e-05 0.000399058 -0.0182404 0.0899277 
0.00991443 -0.0182178 -8.39073e-05 2.16824e-06 -0.0182178 0.0900963 1.95756e-05 0.000303635 -8.39073e-05 1.95756e-05 0.0100013 -0.0182647 2.16824e-06 0.000303635 -0.0182647 0.0898879 
0.00994116 -0.018238 -5.87066e-05 1.03982e-05 -0.018238 0.0901402 2.7126e-05 0.000251348 -5.87066e-05 2.7126e-05 0.00999445 -0.0183055 1.03982e-05 0.000251348 -0.0183055 0.0900952 
0.00997196 -0.018306 -3.21279e-05 -2.1494e-05 -0.018306 0.0903964 -7.69848e-06 0.000291927 -3.21279e-05 -7.69848e-06 0.0100033 -0.0183348 -2.1494e-05 0.000291927 -0.0183348 0.0903474 
0.0099908 -0.018333 -1.62409e-05 -5.92175e-05 -0.018333 0.0905168 -4.86956e-05 0.000386948 -1.62409e-05 -4.86956e-05 0.0100017 -0.0183252 -5.92175e-05 0.000386948 -0.0183252 0.0903841 
0.00999586 -0.018373 5.64522e-06 -8.06145e-05 -0.018373 0.090688 -7.04525e-05 0.000466254 5.64522e-06 -7.04525e-05 0.0100218 -0.018335 -8.06145e-05 0.000466254 -0.018335 0.0904667 
0.00995764 -0.018316 1.35526e-05 -0.000105381 -0.018316 0.0904667 -9.57399e-05 0.000531971 1.35526e-05 -9.57399e-05 0.0099959 -0.0182962 -0.000105381 0.000531971 -0.0182962 0.0902375 
0.00991116 -0.0182408 2.40667e-06 -0.0001132 -0.0182408 0.0901563 -0.000106568 0.000572142 2.40667e-06 -0.000106568 0.00997619 -0.0182428 -0.0001132 0.000572142 -0.0182428 0.0899789 
0.00989635 -0.0181784 -7.93226e-06 -9.43915e-05 -0.0181784 0.0899068 -9.31564e-05 0.000556645 -7.93226e-06 -9.31564e-05 0.00994858 -0.018218 -9.43915e-05 0.000556645 -0.018218 0.0898172 
0.00991354 -0.0181825 -2.22771e-05 -7.64041e-05 -0.0181825 0.0898739 -7.98698e-05 0.000517801 -2.22771e-05 -7.98698e-05 0.00992361 -0.0182058 -7.64041e-05 0.000517801 -0.0182058 0.0897985 
0.00988273 -0.0181148 -4.75078e-05 -5.33302e-05 -0.0181148 0.0894538 -6.11109e-05 0.00046363 -4.75078e-05 -6.11109e-05 0.00985622 -0.0180807 -5.33302e-05 0.00046363 -0.0180807 0.08928 
0.00988503 -0.0181024 -4.95621e-05 -1.82766e-05 -0.0181024 0.0893246 -2.85314e-05 0.000384993 -4.95621e-05 -2.85314e-05 0.00980898 -0.0180197 -1.82766e-05 0.000384993 -0.0180197 0.0890194 
0.00984389 -0.0180635 -4.71716e-05 -1.11728e-05 -0.0180635 0.0890537 -2.1326e-05 0.000331415 -4.71716e-05 -2.1326e-05 0.00977657 -0.0179177 -1.11728e-05 0.000331415 -0.0179177 0.0885966 
0.00981005 -0.0180453 -3.55409e-05 -1.41101e-05 -0.0180453 0.0889994 -2.36178e-05 0.000317218 -3.55409e-05 -2.36178e-05 0.0097897 -0.0179055 -1.41101e-05 0.000317218 -0.0179055 0.0884768 
0.00979441 -0.0180223 -3.26351e-05 -2.91601e-05 -0.0180223 0.0889955 -3.82499e-05 0.000338593 -3.26351e-05 -3.82499e-05 0.00980862 -0.0179472 -2.91601e-05 0.000338593 -0.0179472 0.0885671 
0.00980937 -0.0180399 -1.45987e-05 -3.38138e-05 -0.0180399 0.0891428 -3.93943e-05 0.000353329 -1.45987e-05 -3.93943e-05 0.009823 -0.0180114 -3.38138e-05 0.000353329 -0.0180114 0.0888446 
0.00984298 -0.0180893 -2.2404e-05 -5.67735e-05 -0.0180893 0.0893981 -5.82722e-05 0.000386906 -2.2404e-05 -5.82722e-05 0.00983903 -0.018062 -5.67735e-05 0.000386906 -0.018062 0.0891569 
0.00985428 -0.0181227 -3.69906e-05 -5.01473e-05 -0.0181227 0.089545 -4.813e-05 0.000392029 -3.69906e-05 -4.813e-05 0.00985162 -0.0180686 -5.01473e-05 0.000392029 -0.0180686 0.0892688 
0.00982558 -0.0180661 -4.64284e-05 -3.26756e-05 -0.0180661 0.0892903 -2.90989e-05 0.000357574 -4.64284e-05 -2.90989e-05 0.00984503 -0.0180099 -3.26756e-05 0.000357574 -0.0180099 0.0889854 
0.00985397 -0.018109 -4.01127e-05 -1.76304e-05 -0.018109 0.0895074 -1.17903e-05 0.000310915 -4.01127e-05 -1.17903e-05 0.00987186 -0.0180807 -1.76304e-05 0.000310915 -0.0180807 0.0892357 
0.00987365 -0.0181562 -2.55325e-05 -2.8174e-05 -0.0181562 0.0897219 -2.06487e-05 0.000307126 -2.55325e-05 -2.06487e-05 0.00990667 -0.0181291 -2.8174e-05 0.000307126 -0.0181291 0.0894779 
0.00984788 -0.0181297 -2.13582e-05 -4.89917e-05 -0.0181297 0.0896027 -4.11322e-05 0.000347001 -2.13582e-05 -4.11322e-05 0.00992522 -0.0181145 -4.89917e-05 0.000347001 -0.0181145 0.0893752 
0.00985524 -0.0181407 -2.59888e-05 -5.56824e-05 -0.0181407 0.0897101 -5.15676e-05 0.000386273 -2.59888e-05 -5.15676e-05 0.00994477 -0.0181795 -5.56824e-05 0.000386273 -0.0181795 0.0895702 
0.00986785 -0.0181491 -1.79704e-05 -4.97277e-05 -0.0181491 0.0897707 -5.30565e-05 0.000401134 -1.79704e-05 -5.30565e-05 0.00993496 -0.018207 -4.97277e-05 0.000401134 -0.018207 0.0897084 
0.00990518 -0.0182109 8.99907e-06 -5.56653e-05 -0.0182109 0.0900553 -6.52719e-05 0.000419035 8.99907e-06 -6.52719e-05 0.0099447 -0.0182404 -5.56653e-05 0.000419035 -0.0182404 0.089974 
0.00987507 -0.0181577 8.11627e-06 -8.79768e-05 -0.0181577 0.089769 -0.000100243 0.000479867 8.11627e-06 -0.000100243 0.00991457 -0.0181476 -8.79768e-05 0.000479867 -0.0181476 0.0896031 
0.00983554 -0.0180817 -6.35096e-06 -8.91784e-05 -0.0180817 0.0893903 -0.000100633 0.000512774 -6.35096e-06 -0.000100633 0.00988918 -0.0180701 -8.91784e-05 0.000512774 -0.0180701 0.0891803 
0.00984427 -0.0180811 -2.33804e-05 -7.0873e-05 -0.0180811 0.0893798 -8.03247e-05 0.000489999 -2.33804e-05 -8.03247e-05 0.00988816 -0.0180921 -7.0873e-05 0.000489999 -0.0180921 0.0891987 
0.00984195 -0.0180877 -2.84393e-05 -4.77632e-05 -0.0180877 0.0893634 -5.3028e-05 0.000431539 -2.84393e-05 -5.3028e-05 0.00987895 -0.0180858 -4.77632e-05 0.000431539 -0.0180858 0.0891789 
0.00980853 -0.0180452 -2.39384e-05 -3.75486e-05 -0.0180452 0.0891415 -3.7281e-05 0.000374916 -2.39384e-05 -3.7281e-05 0.00986424 -0.0180258 -3.75486e-05 0.000374916 -0.0180258 0.088913 
0.00980185 -0.0180314 -1.88834e-05 -4.4463e-05 -0.0180314 0.0891135 -4.40974e-05 0.000367975 -1.88834e-05 -4.40974e-05 0.00986014 -0.0180386 -4.4463e-05 0.000367975 -0.0180386 0.0889081 
0.00982415 -0.0180619 -3.45826e-05 -5.0324e-05 -0.0180619 0.0892778 -5.13255e-05 0.000380087 -3.45826e-05 -5.13255e-05 0.00986985 -0.0180773 -5.0324e-05 0.000380087 -0.0180773 0.089107 
0.00983269 -0.0180977 -5.0767e-05 -3.32301e-05 -0.0180977 0.0894376 -3.31928e-05 0.000359664 -5.0767e-05 -3.31928e-05 0.00989645 -0.0180995 -3.32301e-05 0.000359664 -0.0180995 0.0892636 
0.00983617 -0.0180881 -6.48193e-05 -1.38373e-05 -0.0180881 0.0894235 -1.04348e-05 0.000312009 -6.48193e-05 -1.04348e-05 0.00990448 -0.0181034 -1.38373e-05 0.000312009 -0.0181034 0.0892518 
0.00984071 -0.0181007 -6.08639e-05 5.21769e-06 -0.0181007 0.0894732 8.25587e-06 0.000259796 -6.08639e-05 8.25587e-06 0.00990416 -0.0181289 5.21769e-06 0.000259796 -0.0181289 0.0893334 
0.00983476 -0.0180587 -5.27134e-05 4.6265e-06 -0.0180587 0.0892692 2.84949e-06 0.000240309 -5.27134e-05 2.84949e-06 0.00985281 -0.0180795 4.6265e-06 0.000240309 -0.0180795 0.0891318 
0.00982632 -0.0180462 -3.8526e-05 -7.7349e-06 -0.0180462 0.089135 -1.4641e-05 0.000265754 -3.8526e-05 -1.4641e-05 0.0098104 -0.0180078 -7.7349e-06 0.000265754 -0.0180078 0.0888991 
0.00985326 -0.0181113 -3.68628e-05 -2.75363e-05 -0.0181113 0.0894198 -3.82948e-05 0.000318802 -3.68628e-05 -3.82948e-05 0.00982143 -0.0180182 -2.75363e-05 0.000318802 -0.0180182 0.089031 
0.00985055 -0.0181671 -5.8713e-05 -3.4243e-05 -0.0181671 0.089705 -4.17564e-05 0.00035477 -5.8713e-05 -4.17564e-05 0.00987634 -0.0180445 -3.4243e-05 0.00035477 -0.0180445 0.0891907 
0.00986054 -0.0181653 -6.6827e-05 -7.46372e-06 -0.0181653 0.0898378 -1.03501e-05 0.000318931 -6.6827e-05 -1.03501e-05 0.00990175 -0.0181105 -7.46372e-06 0.000318931 -0.0181105 0.089374 
0.00986225 -0.0181285 -6.37392e-05 7.34916e-06 -0.0181285 0.0896996 6.44186e-06 0.000264032 -6.37392e-05 6.44186e-06 0.00989638 -0.018118 7.34916e-06 0.000264032 -0.018118 0.0893767 
0.00988229 -0.0181286 -5.48081e-05 5.06726e-06 -0.0181286 0.0896457 5.06914e-06 0.000242386 -5.48081e-05 5.06914e-06 0.00988858 -0.0181206 5.06726e-06 0.000242386 -0.0181206 0.0893981 
0.00988583 -0.0181523 -5.32512e-05 -4.10842e-06 -0.0181523 0.0896484 -2.83766e-06 0.000247874 -5.32512e-05 -2.83766e-06 0.00988561 -0.0181017 -4.10842e-06 0.000247874 -0.0181017 0.0893493 
0.00988196 -0.0181655 -4.14067e-05 -7.04814e-06 -0.0181655 0.0896905 -6.17359e-06 0.00025762 -4.14067e-05 -6.17359e-06 0.00987752 -0.0180957 -7.04814e-06 0.00025762 -0.0180957 0.0893163 
0.00987217 -0.0181649 -2.87868e-05 -2.50042e-05 -0.0181649 0.0897068 -2.59568e-05 0.000294224 -2.87868e-05 -2.59568e-05 0.00987491 -0.0180813 -2.50042e-05 0.000294224 -0.0180813 0.089273 
0.00984705 -0.0180874 -1.34453e-05 -4.3131e-05 -0.0180874 0.0893692 -4.52134e-05 0.000344794 -1.34453e-05 -4.52134e-05 0.00982635 -0.0180106 -4.3131e-05 0.000344794 -0.0180106 0.0889197 
0.00983137 -0.0180679 -8.81626e-06 -6.3715e-05 -0.0180679 0.089233 -6.31094e-05 0.000398605 -8.81626e-06 -6.31094e-05 0.00980966 -0.0179722 -6.3715e-05 0.000398605 -0.0179722 0.0887623 
0.00985344 -0.0180896 -6.47562e-06 -6.89986e-05 -0.0180896 0.089346 -6.78516e-05 0.000427509 -6.47562e-06 -6.78516e-05 0.009806 -0.017994 -6.89986e-05 0.000427509 -0.017994 0.0888638 
0.00985738 -0.0181156 -7.57596e-06 -6.73899e-05 -0.0181156 0.0894275 -6.40358e-05 0.000424667 -7.57596e-06 -6.40358e-05 0.0098072 -0.0179832 -6.73899e-05 0.000424667 -0.0179832 0.0888806 
0.00983382 -0.0181106 -1.77439e-05 -6.41037e-05 -0.0181106 0.0894302 -5.87097e-05 0.00041114 -1.77439e-05 -5.87097e-05 0.00982985 -0.0179796 -6.41037e-05 0.00041114 -0.0179796 0.0888594 
0.00980334 -0.0180779 -2.95523e-05 -4.95098e-05 -0.0180779 0.0893681 -4.34576e-05 0.000377377 -2.95523e-05 -4.34576e-05 0.00985497 -0.0180054 -4.95098e-05 0.000377377 -0.0180054 0.0888864 
0.00977488 -0.0180017 -4.46077e-05 -3.28645e-05 -0.0180017 0.0890874 -2.91342e-05 0.000334224 -4.46077e-05 -2.91342e-05 0.00984078 -0.0179978 -3.28645e-05 0.000334224 -0.0179978 0.0887618 
0.00975707 -0.0179762 -5.29358e-05 -1.50394e-05 -0.0179762 0.0889673 -1.2838e-05 0.000292145 -5.29358e-05 -1.2838e-05 0.0098421 -0.0180033 -1.50394e-05 0.000292145 -0.0180033 0.0887757 
0.00973847 -0.0179312 -5.57677e-05 -5.31896e-06 -0.0179312 0.0887665 -3.36925e-06 0.000260583 -5.57677e-05 -3.36925e-06 0.0098356 -0.0179821 -5.31896e-06 0.000260583 -0.0179821 0.0886606 
0.00973917 -0.0179045 -5.64598e-05 -2.26139e-06 -0.0179045 0.0886251 1.00797e-06 0.00024337 -5.64598e-05 1.00797e-06 0.00981498 -0.0179735 -2.26139e-06 0.00024337 -0.0179735 0.0885866 
0.0097721 -0.0179354 -5.67973e-05 -1.11805e-06 -0.0179354 0.0887132 3.70837e-06 0.000232539 -5.67973e-05 3.70837e-06 0.00980691 -0.0179822 -1.11805e-06 0.000232539 -0.0179822 0.0886734 
