0.00726941 0 -4.66148e-05 0 0 0.0103647 0 0 -4.66148e-05 0 0.00737026 0 0 0 0 0.0103647 
0.0105176 -0.0130582 -5.69469e-05 6.94486e-05 -0.0130582 0.0347196 6.94486e-05 -0.000132986 -5.69469e-05 6.94486e-05 0.0106008 -0.0131546 6.94486e-05 -0.000132986 -0.0131546 0.0349035 
0.00917846 -0.0171495 -2.12223e-05 5.01124e-05 -0.0171495 0.0632293 5.01124e-05 -0.000153176 -2.12223e-05 5.01124e-05 0.00918312 -0.0170624 5.01124e-05 -0.000153176 -0.0170624 0.0628976 
0.00863525 -0.0168918 3.88414e-06 -2.09701e-05 -0.0168918 0.0758896 -2.41685e-05 0.000114889 3.88414e-06 -2.41685e-05 0.00868275 -0.0165736 -2.09701e-05 0.000114889 -0.0165736 0.0742281 
0.00989976 -0.0187161 -2.24482e-06 -5.78087e-05 -0.0187161 0.0908735 -6.3341e-05 0.000345604 -2.24482e-06 -6.3341e-05 0.00993648 -0.0184484 -5.78087e-05 0.000345604 -0.0184484 0.0885001 
0.00969077 -0.0179345 -1.74417e-05 -3.17808e-05 -0.0179345 0.0886384 -3.91464e-05 0.000307132 -1.74417e-05 -3.91464e-05 0.00969845 -0.0177596 -3.17808e-05 0.000307132 -0.0177596 0.0867996 
0.00941355 -0.0173273 -2.5932e-05 -1.76748e-06 -0.0173273 0.0857122 -8.45739e-06 0.000187051 -2.5932e-05 -8.45739e-06 0.00941 -0.0171652 -1.76748e-06 0.000187051 -0.0171652 0.0843474 
0.00914373 -0.0168469 -2.11844e-05 1.3118e-05 -0.0168469 0.0832853 7.11463e-06 9.72305e-05 -2.11844e-05 7.11463e-06 0.00916891 -0.016682 1.3118e-05 9.72305e-05 -0.016682 0.0821594 
0.0102984 -0.0189582 2.33583e-06 8.31153e-06 -0.0189582 0.0937506 1.00957e-06 8.15205e-05 2.33583e-06 1.00957e-06 0.0103589 -0.0187975 8.31153e-06 8.15205e-05 -0.0187975 0.0926062 
0.010143 -0.0186875 2.61543e-06 -2.1209e-05 -0.0186875 0.0923682 -2.97751e-05 0.000119189 2.61543e-06 -2.97751e-05 0.0102396 -0.0185605 -2.1209e-05 0.000119189 -0.0185605 0.0913318 
0.0100746 -0.0185906 -1.57964e-05 -2.29542e-05 -0.0185906 0.091886 -2.96959e-05 0.000141523 -1.57964e-05 -2.96959e-05 0.0101986 -0.0185061 -2.29542e-05 0.000141523 -0.0185061 0.0909428 
0.0100545 -0.0185681 -1.33821e-05 1.88717e-07 -0.0185681 0.0918197 -1.2607e-06 0.000102103 -1.33821e-05 -1.2607e-06 0.0101891 -0.0185148 1.88717e-07 0.000102103 -0.0185148 0.0909545 
0.0100565 -0.018584 6.97916e-06 -3.41993e-06 -0.018584 0.0919554 -2.6086e-06 8.28204e-05 6.97916e-06 -2.6086e-06 0.0102112 -0.0185546 -3.41993e-06 8.28204e-05 -0.0185546 0.0911697 
0.0100189 -0.0185049 2.28427e-05 -2.61229e-05 -0.0185049 0.0916217 -2.64222e-05 0.000112159 2.28427e-05 -2.64222e-05 0.0101789 -0.0185024 -2.61229e-05 0.000112159 -0.0185024 0.0909153 
0.0100403 -0.0184948 2.33718e-05 -4.304e-05 -0.0184948 0.091582 -4.58365e-05 0.000153999 2.33718e-05 -4.58365e-05 0.0101413 -0.0185033 -4.304e-05 0.000153999 -0.0185033 0.0909343 
0.0100351 -0.0184651 1.29363e-05 -4.23086e-05 -0.0184651 0.0913393 -4.92063e-05 0.000172207 1.29363e-05 -4.92063e-05 0.0100879 -0.0184108 -4.23086e-05 0.000172207 -0.0184108 0.0906329 
0.0100328 -0.0184632 1.0688e-05 -3.02224e-05 -0.0184632 0.0912492 -3.87592e-05 0.00016053 1.0688e-05 -3.87592e-05 0.0100743 -0.0183529 -3.02224e-05 0.00016053 -0.0183529 0.0904231 
0.0100298 -0.0184518 -3.92915e-06 -2.59569e-05 -0.0184518 0.091153 -3.2733e-05 0.000141657 -3.92915e-06 -3.2733e-05 0.0100471 -0.0183238 -2.59569e-05 0.000141657 -0.0183238 0.0902481 
0.0100283 -0.0184794 -1.74519e-05 -9.46617e-06 -0.0184794 0.0912394 -1.21126e-05 0.000105236 -1.74519e-05 -1.21126e-05 0.0100482 -0.0183149 -9.46617e-06 0.000105236 -0.0183149 0.0902451 
0.0100057 -0.0184857 -1.83118e-05 7.53814e-06 -0.0184857 0.0912999 8.41821e-06 5.64898e-05 -1.83118e-05 8.41821e-06 0.0100678 -0.0183128 7.53814e-06 5.64898e-05 -0.0183128 0.0902382 
0.00997773 -0.0184215 -1.03791e-05 9.58497e-06 -0.0184215 0.0911077 9.40298e-06 3.3176e-05 -1.03791e-05 9.40298e-06 0.0100475 -0.0183042 9.58497e-06 3.3176e-05 -0.0183042 0.0901092 
0.00994469 -0.0183125 -8.90773e-06 3.02499e-06 -0.0183125 0.0906016 -3.83615e-06 4.2305e-05 -8.90773e-06 -3.83615e-06 0.00998556 -0.0182147 3.02499e-06 4.2305e-05 -0.0182147 0.0896874 
0.00994937 -0.0183019 -8.72386e-06 -8.62704e-08 -0.0183019 0.0904634 -8.16659e-06 5.669e-05 -8.72386e-06 -8.16659e-06 0.00995622 -0.0181742 -8.62704e-08 5.669e-05 -0.0181742 0.0895402 
0.0099589 -0.0183376 -1.21943e-05 -2.05825e-06 -0.0183376 0.0905494 -6.83466e-06 6.17091e-05 -1.21943e-05 -6.83466e-06 0.00995811 -0.0181621 -2.05825e-06 6.17091e-05 -0.0181621 0.0895326 
0.00996593 -0.0183609 -2.3363e-05 -3.41561e-06 -0.0183609 0.0906558 2.13199e-07 6.13623e-05 -2.3363e-05 2.13199e-07 0.00996371 -0.0181716 -3.41561e-06 6.13623e-05 -0.0181716 0.0895685 
0.00995168 -0.0183721 -3.86878e-05 1.17986e-06 -0.0183721 0.0907218 1.52957e-05 5.09553e-05 -3.86878e-05 1.52957e-05 0.00998624 -0.0181776 1.17986e-06 5.09553e-05 -0.0181776 0.0895986 
0.00994525 -0.0183586 -3.12894e-05 1.37649e-05 -0.0183586 0.0907506 3.55403e-05 2.45795e-05 -3.12894e-05 3.55403e-05 0.0100001 -0.0182166 1.37649e-05 2.45795e-05 -0.0182166 0.089705 
0.00994411 -0.0183409 -1.72826e-05 7.64362e-06 -0.0183409 0.0907118 2.61469e-05 2.38403e-05 -1.72826e-05 2.61469e-05 0.00999892 -0.0182351 7.64362e-06 2.38403e-05 -0.0182351 0.0897821 
0.00993128 -0.0183391 3.15113e-06 -8.8818e-06 -0.0183391 0.0906974 4.46351e-06 6.06041e-05 3.15113e-06 4.46351e-06 0.0100109 -0.0182363 -8.8818e-06 6.06041e-05 -0.0182363 0.0898239 
0.0099085 -0.0182907 1.09992e-05 -3.4902e-05 -0.0182907 0.0905119 -2.82443e-05 0.000129407 1.09992e-05 -2.82443e-05 0.0100043 -0.018219 -3.4902e-05 0.000129407 -0.018219 0.0897072 
0.00987912 -0.0182417 1.16103e-05 -4.33242e-05 -0.0182417 0.090279 -4.13741e-05 0.00017969 1.16103e-05 -4.13741e-05 0.00999657 -0.0181887 -4.33242e-05 0.00017969 -0.0181887 0.0895349 
0.00985774 -0.0181861 8.42345e-06 -4.50806e-05 -0.0181861 0.0900336 -4.37139e-05 0.000202232 8.42345e-06 -4.37139e-05 0.00998175 -0.0181715 -4.50806e-05 0.000202232 -0.0181715 0.0893893 
0.00987573 -0.0182018 -4.36172e-07 -4.19405e-05 -0.0182018 0.0900909 -3.98946e-05 0.000205822 -4.36172e-07 -3.98946e-05 0.00998193 -0.0182012 -4.19405e-05 0.000205822 -0.0182012 0.0895204 
0.00988442 -0.0182137 -6.10905e-06 -3.0063e-05 -0.0182137 0.0900993 -2.89104e-05 0.000186657 -6.10905e-06 -2.89104e-05 0.00997737 -0.0181909 -3.0063e-05 0.000186657 -0.0181909 0.0895219 
0.00990774 -0.0182978 3.38779e-07 -2.08398e-05 -0.0182978 0.0904772 -2.32203e-05 0.000166731 3.38779e-07 -2.32203e-05 0.0100227 -0.0182518 -2.08398e-05 0.000166731 -0.0182518 0.089844 
0.00993291 -0.0182928 6.99311e-06 -2.43688e-05 -0.0182928 0.0905234 -3.0759e-05 0.000165933 6.99311e-06 -3.0759e-05 0.0100038 -0.0182713 -2.43688e-05 0.000165933 -0.0182713 0.0899045 
0.00993371 -0.0183235 3.25309e-06 -2.9207e-05 -0.0183235 0.0905813 -3.60331e-05 0.000170529 3.25309e-06 -3.60331e-05 0.0100005 -0.0182405 -2.9207e-05 0.000170529 -0.0182405 0.089872 
0.00992532 -0.0183209 -9.079e-06 -2.52959e-05 -0.0183209 0.0905986 -3.00268e-05 0.000162925 -9.079e-06 -3.00268e-05 0.0099991 -0.0182294 -2.52959e-05 0.000162925 -0.0182294 0.0898149 
0.00990841 -0.0182607 -3.19876e-06 -1.45875e-05 -0.0182607 0.0903479 -1.67711e-05 0.000141997 -3.19876e-06 -1.67711e-05 0.00997044 -0.0181841 -1.45875e-05 0.000141997 -0.0181841 0.0895725 
0.00984392 -0.0181568 -9.56094e-06 -2.13139e-05 -0.0181568 0.0897863 -2.09423e-05 0.000137154 -9.56094e-06 -2.09423e-05 0.00991751 -0.0180639 -2.13139e-05 0.000137154 -0.0180639 0.0889948 
0.00983468 -0.0181442 -5.1408e-07 -1.3929e-05 -0.0181442 0.08973 -1.06769e-05 0.000124535 -5.1408e-07 -1.06769e-05 0.00989197 -0.0180591 -1.3929e-05 0.000124535 -0.0180591 0.0889272 
0.00980984 -0.0181405 1.24637e-05 -2.12762e-05 -0.0181405 0.0897242 -1.85634e-05 0.000124795 1.24637e-05 -1.85634e-05 0.00989702 -0.0180412 -2.12762e-05 0.000124795 -0.0180412 0.0889061 
0.00978237 -0.018073 8.45459e-06 -3.14764e-05 -0.018073 0.0894984 -3.51481e-05 0.000144331 8.45459e-06 -3.51481e-05 0.00988569 -0.0180155 -3.14764e-05 0.000144331 -0.0180155 0.0887429 
0.00980112 -0.0180455 -1.15553e-05 -2.38071e-05 -0.0180455 0.0893891 -3.1805e-05 0.00014354 -1.15553e-05 -3.1805e-05 0.00986214 -0.0180241 -2.38071e-05 0.00014354 -0.0180241 0.0887475 
0.00981646 -0.0180726 -2.25525e-05 -9.15549e-07 -0.0180726 0.0893934 -5.67661e-06 0.00010156 -2.25525e-05 -5.67661e-06 0.00983999 -0.0179981 -9.15549e-07 0.00010156 -0.0179981 0.0887198 
0.00982312 -0.0180843 -2.98384e-05 9.64863e-06 -0.0180843 0.0893881 1.06923e-05 5.85095e-05 -2.98384e-05 1.06923e-05 0.0098154 -0.0179591 9.64863e-06 5.85095e-05 -0.0179591 0.0886026 
0.00982275 -0.0181124 -1.89561e-05 1.55966e-05 -0.0181124 0.089483 2.02458e-05 3.14778e-05 -1.89561e-05 2.02458e-05 0.00982022 -0.0179389 1.55966e-05 3.14778e-05 -0.0179389 0.0885615 
0.00981315 -0.0181065 -2.37773e-05 -1.50611e-06 -0.0181065 0.0894957 4.33284e-06 5.10887e-05 -2.37773e-05 4.33284e-06 0.00983027 -0.0179404 -1.50611e-06 5.10887e-05 -0.0179404 0.0885324 
0.0097939 -0.0181011 -2.75367e-05 -4.36548e-06 -0.0181011 0.0895115 4.77892e-06 7.64896e-05 -2.75367e-05 4.77892e-06 0.0098542 -0.0179603 -4.36548e-06 7.64896e-05 -0.0179603 0.0885805 
0.00979254 -0.0180837 -2.15089e-05 -3.30813e-06 -0.0180837 0.0895153 1.07079e-05 8.23979e-05 -2.15089e-05 1.07079e-05 0.00986539 -0.0180001 -3.30813e-06 8.23979e-05 -0.0180001 0.0886961 
0.00980534 -0.0180572 -1.3124e-05 -1.0465e-05 -0.0180572 0.0894019 5.48832e-06 9.17683e-05 -1.3124e-05 5.48832e-06 0.00984017 -0.0179979 -1.0465e-05 9.17683e-05 -0.0179979 0.0886862 
0.00978701 -0.0180313 1.09408e-05 -2.24687e-05 -0.0180313 0.0891796 -6.39762e-06 0.00011889 1.09408e-05 -6.39762e-06 0.00982326 -0.0179321 -2.24687e-05 0.00011889 -0.0179321 0.0884515 
0.00974885 -0.0179942 3.94548e-06 -4.64177e-05 -0.0179942 0.0889709 -3.5441e-05 0.000169672 3.94548e-06 -3.5441e-05 0.00981209 -0.0178912 -4.64177e-05 0.000169672 -0.0178912 0.0882122 
0.00971582 -0.017956 -1.94002e-05 -3.28373e-05 -0.017956 0.0888452 -3.09551e-05 0.00018072 -1.94002e-05 -3.09551e-05 0.00981774 -0.0178904 -3.28373e-05 0.00018072 -0.0178904 0.0881433 
0.00969697 -0.0179366 -3.08436e-05 3.61398e-08 -0.0179366 0.0888285 -2.85913e-06 0.00012954 -3.08436e-05 -2.85913e-06 0.00983791 -0.0179253 3.61398e-08 0.00012954 -0.0179253 0.0882508 
0.00970491 -0.0179657 -2.77818e-05 1.76203e-05 -0.0179657 0.089048 1.07314e-05 7.72162e-05 -2.77818e-05 1.07314e-05 0.00987676 -0.0180075 1.76203e-05 7.72162e-05 -0.0180075 0.0886147 
0.00970359 -0.0179214 -1.62145e-05 1.79411e-05 -0.0179214 0.088908 6.48788e-06 5.72308e-05 -1.62145e-05 6.48788e-06 0.00986283 -0.0180081 1.79411e-05 5.72308e-05 -0.0180081 0.088617 
0.0097198 -0.0179529 -9.93316e-06 8.33734e-06 -0.0179529 0.0890107 -5.10653e-06 6.44337e-05 -9.93316e-06 -5.10653e-06 0.00986824 -0.0180217 8.33734e-06 6.44337e-05 -0.0180217 0.0887456 
0.00971422 -0.0179241 -1.31243e-05 -1.51325e-06 -0.0179241 0.0888583 -1.55798e-05 8.69217e-05 -1.31243e-05 -1.55798e-05 0.00984016 -0.0179807 -1.51325e-06 8.69217e-05 -0.0179807 0.0885789 
0.00969284 -0.0178713 -8.80773e-06 6.36779e-07 -0.0178713 0.088549 -1.08278e-05 9.07137e-05 -8.80773e-06 -1.08278e-05 0.00979312 -0.0178951 6.36779e-07 9.07137e-05 -0.0178951 0.0882059 
0.0096892 -0.0178957 -1.32772e-05 -3.25677e-06 -0.0178957 0.0886022 -1.20011e-05 8.89451e-05 -1.32772e-05 -1.20011e-05 0.00978909 -0.0178743 -3.25677e-06 8.89451e-05 -0.0178743 0.0881387 
0.00970533 -0.017919 -1.65618e-05 -1.11852e-06 -0.017919 0.0887526 -4.10177e-06 8.13457e-05 -1.65618e-05 -4.10177e-06 0.0097927 -0.0178956 -1.11852e-06 8.13457e-05 -0.0178956 0.0882302 
0.00969952 -0.0179174 -1.23263e-05 3.10935e-08 -0.0179174 0.0887461 2.22005e-06 7.10567e-05 -1.23263e-05 2.22005e-06 0.00978997 -0.0178828 3.10935e-08 7.10567e-05 -0.0178828 0.088196 
0.00968037 -0.0178804 -3.00102e-06 -4.18834e-06 -0.0178804 0.0885875 -1.34081e-06 7.07707e-05 -3.00102e-06 -1.34081e-06 0.0097695 -0.0178494 -4.18834e-06 7.07707e-05 -0.0178494 0.0880316 
0.00966476 -0.0178217 1.81193e-06 -1.51036e-05 -0.0178217 0.0883093 -1.55067e-05 9.25163e-05 1.81193e-06 -1.55067e-05 0.00972847 -0.0177936 -1.51036e-05 9.25163e-05 -0.0177936 0.0877625 
0.00967685 -0.0178046 -4.93196e-07 -2.21136e-05 -0.0178046 0.088167 -2.30404e-05 0.000115171 -4.93196e-07 -2.30404e-05 0.00968493 -0.0177494 -2.21136e-05 0.000115171 -0.0177494 0.0875856 
0.00967066 -0.0178193 -6.28653e-06 -2.1667e-05 -0.0178193 0.0881221 -2.23736e-05 0.000123866 -6.28653e-06 -2.23736e-05 0.00966511 -0.017695 -2.1667e-05 0.000123866 -0.017695 0.0874137 
0.00966674 -0.0178244 -1.31005e-05 -1.50499e-05 -0.0178244 0.088147 -1.61317e-05 0.000117701 -1.31005e-05 -1.61317e-05 0.0096657 -0.0176813 -1.50499e-05 0.000117701 -0.0176813 0.0873479 
0.00966979 -0.0178117 -2.65613e-06 -3.39356e-06 -0.0178117 0.0881073 -3.45407e-06 9.05545e-05 -2.65613e-06 -3.45407e-06 0.00965788 -0.0176783 -3.39356e-06 9.05545e-05 -0.0176783 0.0873003 
0.00968578 -0.0178554 -8.47372e-06 -9.55315e-06 -0.0178554 0.0882823 -8.24324e-06 7.60947e-05 -8.47372e-06 -8.24324e-06 0.00968011 -0.017706 -9.55315e-06 7.60947e-05 -0.017706 0.0874529 
0.00971738 -0.0179505 -6.95138e-06 -1.2203e-06 -0.0179505 0.088757 -5.74257e-08 5.85752e-05 -6.95138e-06 -5.74257e-08 0.00973669 -0.0178011 -1.2203e-06 5.85752e-05 -0.0178011 0.0879068 
0.00973414 -0.0179628 -3.36619e-06 7.01439e-07 -0.0179628 0.0889019 -3.19142e-06 4.68457e-05 -3.36619e-06 -3.19142e-06 0.00974527 -0.0178432 7.01439e-07 4.68457e-05 -0.0178432 0.0880908 
0.00971062 -0.0179109 1.73179e-05 -5.34405e-06 -0.0179109 0.0886536 -1.14604e-05 5.62509e-05 1.73179e-05 -1.14604e-05 0.00972951 -0.0177899 -5.34405e-06 5.62509e-05 -0.0177899 0.0878728 
0.00969288 -0.0178688 6.75074e-06 -3.01568e-05 -0.0178688 0.0884344 -3.53259e-05 9.87962e-05 6.75074e-06 -3.53259e-05 0.00970365 -0.0177542 -3.01568e-05 9.87962e-05 -0.0177542 0.0876647 
0.00967614 -0.0178508 -6.85723e-06 -2.1239e-05 -0.0178508 0.0883224 -2.40717e-05 0.000108002 -6.85723e-06 -2.40717e-05 0.00969512 -0.0177289 -2.1239e-05 0.000108002 -0.0177289 0.0875507 
0.00968152 -0.0178364 -7.821e-06 6.43516e-07 -0.0178364 0.0882767 -4.56783e-07 6.23235e-05 -7.821e-06 -4.56783e-07 0.00967907 -0.0177291 6.43516e-07 6.23235e-05 -0.0177291 0.0875285 
0.00968051 -0.0178277 -5.30782e-06 2.19468e-06 -0.0178277 0.0881859 8.44135e-07 3.63151e-05 -5.30782e-06 8.44135e-07 0.00965575 -0.0176923 2.19468e-06 3.63151e-05 -0.0176923 0.0874043 
0.00968198 -0.0178744 -3.35202e-06 -2.05624e-06 -0.0178744 0.0883711 -1.10208e-06 3.45519e-05 -3.35202e-06 -1.10208e-06 0.00967031 -0.0177028 -2.05624e-06 3.45519e-05 -0.0177028 0.0875018 
0.00968836 -0.0178941 4.47489e-06 -7.74999e-06 -0.0178941 0.0885487 -5.84321e-06 4.64586e-05 4.47489e-06 -5.84321e-06 0.00968529 -0.0177376 -7.74999e-06 4.64586e-05 -0.0177376 0.08766 
0.00963894 -0.0178306 8.80749e-06 -1.45373e-05 -0.0178306 0.0882885 -1.66491e-05 6.46374e-05 8.80749e-06 -1.66491e-05 0.00967695 -0.0176861 -1.45373e-05 6.46374e-05 -0.0176861 0.0874248 
0.00961449 -0.0177631 2.09078e-05 -1.91091e-05 -0.0177631 0.0880458 -2.69015e-05 8.68308e-05 2.09078e-05 -2.69015e-05 0.00965863 -0.0176684 -1.91091e-05 8.68308e-05 -0.0176684 0.0872686 
0.0095974 -0.017716 1.78864e-05 -2.70079e-05 -0.017716 0.0878096 -3.9104e-05 0.000105464 1.78864e-05 -3.9104e-05 0.00963128 -0.0176326 -2.70079e-05 0.000105464 -0.0176326 0.0870982 
0.00957215 -0.0176834 1.7052e-05 -2.31177e-05 -0.0176834 0.0876286 -3.67542e-05 0.000108036 1.7052e-05 -3.67542e-05 0.0096285 -0.0176005 -2.31177e-05 0.000108036 -0.0176005 0.0869594 
0.00956464 -0.0176649 8.6953e-06 -2.16441e-05 -0.0176649 0.0875645 -3.28849e-05 9.84692e-05 8.6953e-06 -3.28849e-05 0.00963845 -0.0176133 -2.16441e-05 9.84692e-05 -0.0176133 0.086964 
0.009611 -0.0177329 3.88622e-07 -1.29032e-05 -0.0177329 0.0879059 -1.75287e-05 7.40016e-05 3.88622e-07 -1.75287e-05 0.00967606 -0.0177092 -1.29032e-05 7.40016e-05 -0.0177092 0.0873913 
0.00961971 -0.0177318 -1.06148e-06 -3.42704e-06 -0.0177318 0.0878625 -9.03041e-07 3.83859e-05 -1.06148e-06 -9.03041e-07 0.00967067 -0.0176993 -3.42704e-06 3.83859e-05 -0.0176993 0.0873761 
0.00966421 -0.0178116 1.32897e-06 -5.49733e-06 -0.0178116 0.0881909 5.99097e-07 2.50996e-05 1.32897e-06 5.99097e-07 0.00969261 -0.0177486 -5.49733e-06 2.50996e-05 -0.0177486 0.0876429 
0.00968856 -0.0178847 -1.72345e-06 -9.21232e-06 -0.0178847 0.0885046 -5.6274e-06 3.28506e-05 -1.72345e-06 -5.6274e-06 0.00971278 -0.0177826 -9.21232e-06 3.28506e-05 -0.0177826 0.0878484 
0.00967796 -0.0178694 -7.87755e-06 -8.77597e-06 -0.0178694 0.088464 -6.71194e-06 4.36264e-05 -7.87755e-06 -6.71194e-06 0.00970472 -0.0177547 -8.77597e-06 4.36264e-05 -0.0177547 0.0877296 
0.009666 -0.0178774 -3.99255e-06 -2.16232e-06 -0.0178774 0.0885254 -4.76676e-07 4.0259e-05 -3.99255e-06 -4.76676e-07 0.00973088 -0.0177646 -2.16232e-06 4.0259e-05 -0.0177646 0.0877644 
0.0096842 -0.0179038 3.32991e-08 -5.37805e-06 -0.0179038 0.0887527 -4.05914e-06 4.27116e-05 3.32991e-08 -4.05914e-06 0.00976635 -0.0178519 -5.37805e-06 4.27116e-05 -0.0178519 0.0880943 
0.00966703 -0.017869 -3.95648e-07 -1.35354e-05 -0.017869 0.0886215 -9.10507e-06 5.76166e-05 -3.95648e-07 -9.10507e-06 0.00976416 -0.0178503 -1.35354e-05 5.76166e-05 -0.0178503 0.0880851 
0.00963807 -0.017771 4.61532e-06 -1.85162e-05 -0.017771 0.0881523 -9.99103e-06 7.38589e-05 4.61532e-06 -9.99103e-06 0.0097093 -0.0177687 -1.85162e-05 7.38589e-05 -0.0177687 0.0876862 
0.00961797 -0.01775 1.56655e-05 -2.51096e-05 -0.01775 0.0879686 -1.44753e-05 8.93284e-05 1.56655e-05 -1.44753e-05 0.00969553 -0.0177237 -2.51096e-05 8.93284e-05 -0.0177237 0.0875017 
0.00958515 -0.0176789 5.45817e-06 -3.74495e-05 -0.0176789 0.0876169 -2.78855e-05 0.000116288 5.45817e-06 -2.78855e-05 0.00966167 -0.0176606 -3.74495e-05 0.000116288 -0.0176606 0.087156 
0.00956824 -0.017668 -1.84814e-05 -2.64248e-05 -0.017668 0.0875296 -1.4922e-05 0.000112518 -1.84814e-05 -1.4922e-05 0.00966535 -0.0176485 -2.64248e-05 0.000112518 -0.0176485 0.087075 
0.0095864 -0.0176908 -2.88536e-05 3.02438e-06 -0.0176908 0.0876663 1.70688e-05 5.67399e-05 -2.88536e-05 1.70688e-05 0.00967085 -0.0176948 3.02438e-06 5.67399e-05 -0.0176948 0.0872465 
0.00962303 -0.0177328 -2.81211e-05 2.11414e-05 -0.0177328 0.0878567 3.14568e-05 4.99845e-07 -2.81211e-05 3.14568e-05 0.0096615 -0.0177234 2.11414e-05 4.99845e-07 -0.0177234 0.0874406 
0.00967797 -0.0178117 -4.03389e-05 2.20042e-05 -0.0178117 0.0881878 2.38244e-05 -1.18248e-05 -4.03389e-05 2.38244e-05 0.00966402 -0.017751 2.20042e-05 -1.18248e-05 -0.017751 0.0876959 
0.00969687 -0.0178617 -3.4664e-05 3.61192e-05 -0.0178617 0.0883578 2.90739e-05 -2.07561e-05 -3.4664e-05 2.90739e-05 0.00966981 -0.0177314 3.61192e-05 -2.07561e-05 -0.0177314 0.0877129 
0.00973454 -0.0179726 -1.40047e-05 3.1111e-05 -0.0179726 0.0888921 1.92652e-05 -1.39994e-05 -1.40047e-05 1.92652e-05 0.00973358 -0.0178122 3.1111e-05 -1.39994e-05 -0.0178122 0.0881166 
0.00971824 -0.017964 -1.6285e-05 3.61681e-06 -0.017964 0.0889264 -4.55695e-06 3.22379e-05 -1.6285e-05 -4.55695e-06 0.00976947 -0.0178278 3.61681e-06 3.22379e-05 -0.0178278 0.0881316 
0.00970271 -0.0179377 -1.85661e-05 1.32689e-06 -0.0179377 0.0888739 2.57251e-06 5.24193e-05 -1.85661e-05 2.57251e-06 0.00979123 -0.0178603 1.32689e-06 5.24193e-05 -0.0178603 0.0881614 
0.00966734 -0.017846 -2.58248e-05 -3.88785e-06 -0.017846 0.0884705 6.3186e-06 6.1809e-05 -2.58248e-05 6.3186e-06 0.00976235 -0.0178235 -3.88785e-06 6.1809e-05 -0.0178235 0.0878941 
0.0096583 -0.0177916 -2.27005e-05 -1.02349e-06 -0.0177916 0.0881726 1.28975e-05 6.47646e-05 -2.27005e-05 1.28975e-05 0.00971188 -0.0177831 -1.02349e-06 6.47646e-05 -0.0177831 0.0876803 
0.00965821 -0.0177927 -8.52724e-06 -4.06602e-06 -0.0177927 0.0880841 8.72167e-06 7.1503e-05 -8.52724e-06 8.72167e-06 0.00967688 -0.0177379 -4.06602e-06 7.1503e-05 -0.0177379 0.0875525 
0.00966037 -0.0178205 -5.63232e-07 -1.88187e-05 -0.0178205 0.0881792 -1.05521e-05 0.000101988 -5.63232e-07 -1.05521e-05 0.00967931 -0.017719 -1.88187e-05 0.000101988 -0.017719 0.0875426 
0.00967778 -0.0178476 8.45535e-07 -3.21574e-05 -0.0178476 0.088341 -2.61471e-05 0.000146858 8.45535e-07 -2.61471e-05 0.00968086 -0.0177409 -3.21574e-05 0.000146858 -0.0177409 0.0876451 
0.0096873 -0.0178779 6.77184e-06 -3.74198e-05 -0.0178779 0.088488 -3.3468e-05 0.000181442 6.77184e-06 -3.3468e-05 0.00969669 -0.0177534 -3.74198e-05 0.000181442 -0.0177534 0.087753 
0.00966845 -0.0178534 1.42778e-05 -3.84542e-05 -0.0178534 0.0883888 -3.77751e-05 0.000192508 1.42778e-05 -3.77751e-05 0.0096913 -0.0177283 -3.84542e-05 0.000192508 -0.0177283 0.0876257 
0.00961911 -0.0177535 1.66122e-05 -4.1605e-05 -0.0177535 0.087945 -4.21778e-05 0.000195099 1.66122e-05 -4.21778e-05 0.00965214 -0.0176591 -4.1605e-05 0.000195099 -0.0176591 0.0872385 
0.00956966 -0.01766 -1.33801e-07 -4.36119e-05 -0.01766 0.087498 -4.56158e-05 0.000198289 -1.33801e-07 -4.56158e-05 0.00960689 -0.0175913 -4.36119e-05 0.000198289 -0.0175913 0.0868801 
0.00955055 -0.0176062 -1.61046e-05 -2.32607e-05 -0.0176062 0.087235 -2.71701e-05 0.00017041 -1.61046e-05 -2.71701e-05 0.00956989 -0.0175451 -2.32607e-05 0.00017041 -0.0175451 0.0866723 
0.00954849 -0.0176384 -5.91491e-05 -1.97731e-06 -0.0176384 0.0873656 -4.9607e-06 0.000118847 -5.91491e-05 -4.9607e-06 0.00958233 -0.0175659 -1.97731e-06 0.000118847 -0.0175659 0.0868179 
0.0095322 -0.0176228 -6.78274e-05 4.98562e-05 -0.0176228 0.0873489 5.29426e-05 9.95057e-06 -6.78274e-05 5.29426e-05 0.00958474 -0.0175595 4.98562e-05 9.95057e-06 -0.0175595 0.0868096 
0.00951505 -0.017583 -4.68511e-05 6.26348e-05 -0.017583 0.0872166 6.86184e-05 -6.82246e-05 -4.68511e-05 6.86184e-05 0.00957633 -0.0175444 6.26348e-05 -6.82246e-05 -0.0175444 0.0867258 
0.00949591 -0.0175511 -3.03846e-05 3.90044e-05 -0.0175511 0.08707 4.07822e-05 -5.46139e-05 -3.03846e-05 4.07822e-05 0.00957811 -0.0175217 3.90044e-05 -5.46139e-05 -0.0175217 0.0866173 
0.00947877 -0.0174987 -2.44134e-05 1.93761e-05 -0.0174987 0.0868308 1.51286e-05 -1.71246e-06 -2.44134e-05 1.51286e-05 0.00955835 -0.0174978 1.93761e-05 -1.71246e-06 -0.0174978 0.0864395 
0.00947454 -0.0174433 -1.53514e-05 1.33995e-05 -0.0174433 0.0865246 3.91956e-06 3.51168e-05 -1.53514e-05 3.91956e-06 0.00951191 -0.017449 1.33995e-05 3.51168e-05 -0.017449 0.0861869 
0.0095097 -0.0174893 -7.50164e-06 4.80894e-06 -0.0174893 0.0866347 -8.69358e-06 6.30196e-05 -7.50164e-06 -8.69358e-06 0.009491 -0.0174496 4.80894e-06 6.30196e-05 -0.0174496 0.0862527 
0.00952691 -0.0175527 1.29579e-05 -1.83184e-06 -0.0175527 0.0868373 -1.90023e-05 8.49826e-05 1.29579e-05 -1.90023e-05 0.00949472 -0.0174337 -1.83184e-06 8.49826e-05 -0.0174337 0.0862944 
0.00955326 -0.0176136 2.94007e-05 -2.69202e-05 -0.0176136 0.0871512 -3.93157e-05 0.000124779 2.94007e-05 -3.93157e-05 0.00951638 -0.0174699 -2.69202e-05 0.000124779 -0.0174699 0.0864843 
0.00954158 -0.0176186 3.03598e-05 -5.13112e-05 -0.0176186 0.087196 -5.27802e-05 0.000169785 3.03598e-05 -5.27802e-05 0.00952376 -0.0174626 -5.13112e-05 0.000169785 -0.0174626 0.0864588 
0.00952944 -0.0175959 2.63335e-05 -5.71091e-05 -0.0175959 0.087156 -5.03209e-05 0.000189689 2.63335e-05 -5.03209e-05 0.00952357 -0.0174659 -5.71091e-05 0.000189689 -0.0174659 0.0864338 
0.00951685 -0.0175644 2.62927e-06 -5.03514e-05 -0.0175644 0.0870376 -4.32715e-05 0.000181285 2.62927e-06 -4.32715e-05 0.00951609 -0.0174538 -5.03514e-05 0.000181285 -0.0174538 0.0863656 
0.00948545 -0.0174949 -2.8615e-06 -2.03507e-05 -0.0174949 0.0866993 -1.69095e-05 0.000132495 -2.8615e-06 -1.69095e-05 0.00948876 -0.0173945 -2.03507e-05 0.000132495 -0.0173945 0.086071 
0.00944794 -0.0174567 3.80145e-06 -8.40919e-06 -0.0174567 0.0864911 -5.63863e-06 8.42281e-05 3.80145e-06 -5.63863e-06 0.0094909 -0.0173642 -8.40919e-06 8.42281e-05 -0.0173642 0.0858943 
0.00942403 -0.0174157 5.06428e-06 -1.62326e-05 -0.0174157 0.0863449 -1.31165e-05 7.7025e-05 5.06428e-06 -1.31165e-05 0.00949136 -0.0173694 -1.62326e-05 7.7025e-05 -0.0173694 0.0858293 
0.00940648 -0.0173765 3.58846e-06 -1.95215e-05 -0.0173765 0.0861843 -1.79407e-05 8.82614e-05 3.58846e-06 -1.79407e-05 0.00948151 -0.0173668 -1.95215e-05 8.82614e-05 -0.0173668 0.0857741 
0.00942177 -0.0173852 -7.01116e-06 -1.91149e-05 -0.0173852 0.0862398 -1.5704e-05 9.08717e-05 -7.01116e-06 -1.5704e-05 0.00948122 -0.0173983 -1.91149e-05 9.08717e-05 -0.0173983 0.0859253 
0.00942797 -0.0173943 -2.4146e-05 -2.41551e-06 -0.0173943 0.0862477 7.90022e-07 6.01595e-05 -2.4146e-05 7.90022e-07 0.00948187 -0.0173888 -2.41551e-06 6.01595e-05 -0.0173888 0.0859447 
0.00942227 -0.0174133 -3.54316e-05 2.16786e-05 -0.0174133 0.0863135 1.92605e-05 1.24709e-05 -3.54316e-05 1.92605e-05 0.00949596 -0.017391 2.16786e-05 1.24709e-05 -0.017391 0.0859685 
0.00941972 -0.0173942 -4.29298e-05 3.69388e-05 -0.0173942 0.0862685 3.1125e-05 -3.04998e-05 -4.29298e-05 3.1125e-05 0.00948136 -0.0173918 3.69388e-05 -3.04998e-05 -0.0173918 0.0859289 
0.00942276 -0.0174293 -4.09485e-05 4.14736e-05 -0.0174293 0.0864368 3.84018e-05 -5.06069e-05 -4.09485e-05 3.84018e-05 0.00950424 -0.0174198 4.14736e-05 -5.06069e-05 -0.0174198 0.0861058 
0.00940943 -0.0174013 -1.54818e-05 3.56174e-05 -0.0174013 0.0863582 3.69763e-05 -4.93974e-05 -1.54818e-05 3.69763e-05 0.00949617 -0.017408 3.56174e-05 -4.93974e-05 -0.017408 0.0860427 
0.00938783 -0.017323 -1.29607e-06 3.75572e-06 -0.017323 0.0859994 8.81957e-06 -1.86916e-06 -1.29607e-06 8.81957e-06 0.00944833 -0.0173429 3.75572e-06 -1.86916e-06 -0.0173429 0.0857241 
0.0093898 -0.0173219 8.3474e-07 -1.58741e-05 -0.0173219 0.0859294 -1.21304e-05 5.8459e-05 8.3474e-07 -1.21304e-05 0.00943191 -0.0173154 -1.58741e-05 5.8459e-05 -0.0173154 0.0856379 
0.00936856 -0.017296 -1.54721e-05 -1.65462e-05 -0.017296 0.0857606 -1.84416e-05 8.8352e-05 -1.54721e-05 -1.84416e-05 0.00941391 -0.0172623 -1.65462e-05 8.8352e-05 -0.0172623 0.0854087 
0.0093812 -0.0172931 -1.60981e-05 7.32623e-06 -0.0172931 0.0857526 2.74877e-06 6.0299e-05 -1.60981e-05 2.74877e-06 0.00939751 -0.0172633 7.32623e-06 6.0299e-05 -0.0172633 0.0853822 
0.00941368 -0.0173423 -1.63145e-05 1.08128e-05 -0.0173423 0.0859334 1.02609e-05 2.89417e-05 -1.63145e-05 1.02609e-05 0.00938811 -0.0172759 1.08128e-05 2.89417e-05 -0.0172759 0.0855044 
0.00942684 -0.0173771 -1.69332e-05 7.21459e-06 -0.0173771 0.0860523 1.24875e-05 1.91259e-05 -1.69332e-05 1.24875e-05 0.00937244 -0.0172567 7.21459e-06 1.91259e-05 -0.0172567 0.0855063 
0.00940513 -0.017398 3.69874e-06 4.0256e-06 -0.017398 0.0861457 1.19659e-05 2.30625e-05 3.69874e-06 1.19659e-05 0.00939193 -0.0172327 4.0256e-06 2.30625e-05 -0.0172327 0.0854675 
0.00937271 -0.0173592 6.87312e-06 -2.07086e-05 -0.0173592 0.0860979 -1.5067e-05 6.6454e-05 6.87312e-06 -1.5067e-05 0.00941889 -0.0172514 -2.07086e-05 6.6454e-05 -0.0172514 0.0854631 
0.00936046 -0.0173175 5.05683e-06 -2.56958e-05 -0.0173175 0.0860139 -2.32248e-05 0.000102857 5.05683e-06 -2.32248e-05 0.00943987 -0.0172953 -2.56958e-05 0.000102857 -0.0172953 0.0855666 
0.00932961 -0.0172691 -3.88103e-06 -2.38387e-05 -0.0172691 0.0858042 -2.42904e-05 0.000118044 -3.88103e-06 -2.42904e-05 0.00945194 -0.0173016 -2.38387e-05 0.000118044 -0.0173016 0.0855473 
0.0092964 -0.0171953 -7.03225e-06 -1.28217e-05 -0.0171953 0.0854848 -1.36719e-05 0.000104792 -7.03225e-06 -1.36719e-05 0.00943442 -0.0172856 -1.28217e-05 0.000104792 -0.0172856 0.0853973 
0.00930477 -0.0172053 -1.35902e-05 -1.08531e-05 -0.0172053 0.0855312 -6.99107e-06 9.00004e-05 -1.35902e-05 -6.99107e-06 0.00944786 -0.0173179 -1.08531e-05 9.00004e-05 -0.0173179 0.0855508 
0.00930731 -0.017199 -6.13474e-07 -2.49738e-06 -0.017199 0.0854947 3.67039e-06 6.86899e-05 -6.13474e-07 3.67039e-06 0.00945332 -0.0173238 -2.49738e-06 6.86899e-05 -0.0173238 0.0855791 
0.00931086 -0.0172071 1.10519e-06 -1.55973e-05 -0.0172071 0.0855077 -1.21139e-05 7.94313e-05 1.10519e-06 -1.21139e-05 0.00945726 -0.0173327 -1.55973e-05 7.94313e-05 -0.0173327 0.0856155 
0.00933967 -0.0172454 -1.67218e-06 -1.75164e-05 -0.0172454 0.0856875 -1.85101e-05 9.69379e-05 -1.67218e-06 -1.85101e-05 0.00946691 -0.0173729 -1.75164e-05 9.69379e-05 -0.0173729 0.0858085 
