0.00727955 0 3.92238e-05 0 0 0.0102416 0 0 3.92238e-05 0 0.00714038 0 0 0 0 0.0102416 
0.010507 -0.013038 4.31603e-05 -5.18372e-05 -0.013038 0.0345964 -5.18372e-05 9.93301e-05 4.31603e-05 -5.18372e-05 0.010362 -0.0128649 -5.18372e-05 9.93301e-05 -0.0128649 0.0342639 
0.0108349 -0.0200763 1.39774e-05 -1.8605e-05 -0.0200763 0.0740014 -1.8605e-05 4.49545e-05 1.39774e-05 -1.8605e-05 0.0107182 -0.0200362 -1.8605e-05 4.49545e-05 -0.0200362 0.0739303 
0.00867039 -0.0165944 -5.06764e-06 5.42789e-05 -0.0165944 0.0742376 5.72846e-05 -0.000285947 -5.06764e-06 5.72846e-05 0.00861076 -0.0167598 5.42789e-05 -0.000285947 -0.0167598 0.0753558 
0.00993544 -0.0184068 7.27575e-06 7.64201e-05 -0.0184068 0.0883702 8.01434e-05 -0.000507849 7.27575e-06 8.01434e-05 0.00985227 -0.0186187 7.64201e-05 -0.000507849 -0.0186187 0.0902616 
0.00969886 -0.0177092 2.26455e-05 3.93913e-05 -0.0177092 0.0864815 4.08643e-05 -0.000404728 2.26455e-05 4.08643e-05 0.00960706 -0.0178112 3.93913e-05 -0.000404728 -0.0178112 0.0879763 
0.00942356 -0.0171677 1.371e-05 7.6912e-06 -0.0171677 0.0841838 6.52095e-06 -0.000246035 1.371e-05 6.52095e-06 0.00934633 -0.0172071 7.6912e-06 -0.000246035 -0.0172071 0.0851768 
0.0091659 -0.0166883 9.83631e-06 1.47297e-05 -0.0166883 0.0820267 8.88288e-06 -0.000170799 9.83631e-06 8.88288e-06 0.00909785 -0.0167364 1.47297e-05 -0.000170799 -0.0167364 0.0827756 
0.0103722 -0.0189106 3.13968e-06 2.61671e-05 -0.0189106 0.0930522 1.52201e-05 -0.00018165 3.13968e-06 1.52201e-05 0.0103387 -0.0189832 2.61671e-05 -0.00018165 -0.0189832 0.0938397 
0.0102652 -0.0187036 6.50473e-07 3.55523e-05 -0.0187036 0.0921416 2.5899e-05 -0.000192497 6.50473e-07 2.5899e-05 0.0102495 -0.0188456 3.55523e-05 -0.000192497 -0.0188456 0.0930328 
0.0102188 -0.0185689 3.41604e-06 3.52294e-05 -0.0185689 0.0914986 3.19087e-05 -0.000203236 3.41604e-06 3.19087e-05 0.0101715 -0.0187489 3.52294e-05 -0.000203236 -0.0187489 0.0925329 
0.0101793 -0.018475 9.92599e-06 2.80884e-05 -0.018475 0.0909411 2.76251e-05 -0.000194371 9.92599e-06 2.76251e-05 0.0100967 -0.0186302 2.80884e-05 -0.000194371 -0.0186302 0.0920146 
0.0101257 -0.018388 1.95695e-05 2.12303e-05 -0.018388 0.0904164 1.95715e-05 -0.000176474 1.95695e-05 1.95715e-05 0.0100273 -0.0184961 2.12303e-05 -0.000176474 -0.0184961 0.0914176 
0.0100805 -0.0183412 9.39886e-06 1.18195e-05 -0.0183412 0.0901421 8.96317e-06 -0.000154823 9.39886e-06 8.96317e-06 0.00999331 -0.0184152 1.18195e-05 -0.000154823 -0.0184152 0.0910415 
0.0100164 -0.0182757 -3.82983e-07 2.04969e-05 -0.0182757 0.0898635 1.93328e-05 -0.00015537 -3.82983e-07 1.93328e-05 0.00997605 -0.0183538 2.04969e-05 -0.00015537 -0.0183538 0.0907131 
0.00999587 -0.0182166 5.47329e-07 3.28895e-05 -0.0182166 0.0896964 3.35184e-05 -0.000183252 5.47329e-07 3.35184e-05 0.0099539 -0.0183482 3.28895e-05 -0.000183252 -0.0183482 0.0906086 
0.0099897 -0.0181924 6.43851e-06 3.35217e-05 -0.0181924 0.0895807 3.24624e-05 -0.000195301 6.43851e-06 3.24624e-05 0.0099327 -0.0183246 3.35217e-05 -0.000195301 -0.0183246 0.0905318 
0.00998757 -0.0182003 2.06479e-05 2.79916e-05 -0.0182003 0.0895893 2.48179e-05 -0.000188945 2.06479e-05 2.48179e-05 0.00992741 -0.0183051 2.79916e-05 -0.000188945 -0.0183051 0.0904909 
0.00997202 -0.018172 2.01917e-05 1.14785e-05 -0.018172 0.0894609 8.98481e-06 -0.00016106 2.01917e-05 8.98481e-06 0.00991051 -0.018269 1.14785e-05 -0.00016106 -0.018269 0.0903157 
0.00997406 -0.0181651 1.60538e-05 6.53242e-06 -0.0181651 0.0894323 4.27613e-06 -0.00013253 1.60538e-05 4.27613e-06 0.00988952 -0.018262 6.53242e-06 -0.00013253 -0.018262 0.0902711 
0.00998756 -0.0181925 4.54177e-06 8.51788e-06 -0.0181925 0.0895385 6.37868e-06 -0.000121028 4.54177e-06 6.37868e-06 0.00988662 -0.0182568 8.51788e-06 -0.000121028 -0.0182568 0.090318 
0.00998718 -0.0182428 1.10121e-05 2.35535e-05 -0.0182428 0.0897713 2.08349e-05 -0.000140822 1.10121e-05 2.08349e-05 0.00991749 -0.018276 2.35535e-05 -0.000140822 -0.018276 0.0904582 
0.0099584 -0.0181962 1.57076e-05 1.7381e-05 -0.0181962 0.0896536 1.28897e-05 -0.000140108 1.57076e-05 1.28897e-05 0.00991628 -0.0182693 1.7381e-05 -0.000140108 -0.0182693 0.0903611 
0.00992901 -0.0181344 1.22188e-05 8.40768e-06 -0.0181344 0.0894225 4.3357e-06 -0.00011867 1.22188e-05 4.3357e-06 0.00990058 -0.0182493 8.40768e-06 -0.00011867 -0.0182493 0.0902228 
0.00991148 -0.0181005 3.20569e-06 6.76979e-06 -0.0181005 0.0892723 6.40618e-06 -0.000104753 3.20569e-06 6.40618e-06 0.00989673 -0.0182308 6.76979e-06 -0.000104753 -0.0182308 0.090137 
0.00989265 -0.0180806 -2.36457e-06 1.92121e-05 -0.0180806 0.0891824 2.24246e-05 -0.000124311 -2.36457e-06 2.24246e-05 0.00989463 -0.018226 1.92121e-05 -0.000124311 -0.018226 0.0900913 
0.00988423 -0.0180808 1.01481e-05 2.6245e-05 -0.0180808 0.0892159 3.23793e-05 -0.000150421 1.01481e-05 3.23793e-05 0.00990954 -0.0182432 2.6245e-05 -0.000150421 -0.0182432 0.0901645 
0.00986289 -0.0180437 2.32609e-05 1.77854e-05 -0.0180437 0.0890879 2.38169e-05 -0.000155603 2.32609e-05 2.38169e-05 0.00991297 -0.0182378 1.77854e-05 -0.000155603 -0.0182378 0.0901033 
0.00989428 -0.0180461 2.89192e-05 2.27939e-06 -0.0180461 0.0891379 9.26728e-06 -0.000134435 2.89192e-05 9.26728e-06 0.00991921 -0.01828 2.27939e-06 -0.000134435 -0.01828 0.0902574 
0.00994561 -0.0180854 1.97292e-05 -3.44705e-06 -0.0180854 0.0892355 4.50379e-06 -0.000119516 1.97292e-05 4.50379e-06 0.00990335 -0.0182983 -3.44705e-06 -0.000119516 -0.0182983 0.0903806 
0.0100069 -0.0182219 -2.83457e-06 9.14723e-06 -0.0182219 0.0897403 1.75987e-05 -0.000137396 -2.83457e-06 1.75987e-05 0.00993992 -0.0183514 9.14723e-06 -0.000137396 -0.0183514 0.0907585 
0.0100361 -0.0182897 -8.42429e-06 3.3021e-05 -0.0182897 0.0900424 3.97201e-05 -0.000179157 -8.42429e-06 3.97201e-05 0.00996447 -0.0183762 3.3021e-05 -0.000179157 -0.0183762 0.0909096 
0.0100082 -0.0183006 -1.14813e-05 4.14427e-05 -0.0183006 0.090104 4.60793e-05 -0.000210688 -1.14813e-05 4.60793e-05 0.00999357 -0.0183752 4.14427e-05 -0.000210688 -0.0183752 0.0908894 
0.00996237 -0.0182274 -1.20044e-05 4.42787e-05 -0.0182274 0.0898901 4.73074e-05 -0.000222207 -1.20044e-05 4.73074e-05 0.0100096 -0.0183779 4.42787e-05 -0.000222207 -0.0183779 0.0907703 
0.00992342 -0.018153 -6.68255e-06 4.81512e-05 -0.018153 0.0896239 5.00889e-05 -0.000233549 -6.68255e-06 5.00889e-05 0.010007 -0.018394 4.81512e-05 -0.000233549 -0.018394 0.0907209 
0.00991379 -0.0180475 7.21564e-06 4.1983e-05 -0.0180475 0.0891519 3.98974e-05 -0.000224497 7.21564e-06 3.98974e-05 0.00993792 -0.0183415 4.1983e-05 -0.000224497 -0.0183415 0.0904371 
0.0099085 -0.0180465 1.22258e-05 2.65635e-05 -0.0180465 0.0889717 1.8159e-05 -0.000188726 1.22258e-05 1.8159e-05 0.00990542 -0.018264 2.65635e-05 -0.000188726 -0.018264 0.0902082 
0.00991946 -0.0180889 1.3876e-05 2.06554e-05 -0.0180889 0.0891071 8.66831e-06 -0.000157017 1.3876e-05 8.66831e-06 0.00991218 -0.0182526 2.06554e-05 -0.000157017 -0.0182526 0.0901887 
0.00994085 -0.0181345 1.2348e-05 1.75393e-05 -0.0181345 0.0893348 2.11854e-06 -0.000134536 1.2348e-05 2.11854e-06 0.00991818 -0.0182874 1.75393e-05 -0.000134536 -0.0182874 0.0903298 
0.00995906 -0.018164 7.17046e-06 1.75861e-05 -0.018164 0.0894865 2.13131e-06 -0.000122816 7.17046e-06 2.13131e-06 0.00992238 -0.0182961 1.75861e-05 -0.000122816 -0.0182961 0.0904178 
0.010004 -0.0182367 5.88547e-06 2.12247e-05 -0.0182367 0.0898441 1.23179e-05 -0.000129632 5.88547e-06 1.23179e-05 0.00994179 -0.0183543 2.12247e-05 -0.000129632 -0.0183543 0.090727 
0.0100139 -0.0182882 1.18274e-05 1.89114e-05 -0.0182882 0.0900735 1.80129e-05 -0.000135529 1.18274e-05 1.80129e-05 0.00997621 -0.0183706 1.89114e-05 -0.000135529 -0.0183706 0.0908774 
0.0100441 -0.0183288 -7.85386e-06 1.14634e-05 -0.0183288 0.0903439 1.4488e-05 -0.000130713 -7.85386e-06 1.4488e-05 0.0100241 -0.0184453 1.14634e-05 -0.000130713 -0.0184453 0.0911712 
0.010056 -0.0183371 -1.14555e-05 3.41683e-05 -0.0183371 0.0903973 3.6182e-05 -0.000158231 -1.14555e-05 3.6182e-05 0.0100464 -0.0184902 3.41683e-05 -0.000158231 -0.0184902 0.0913232 
0.0100284 -0.0182563 -1.22148e-05 4.16946e-05 -0.0182563 0.0899865 4.10594e-05 -0.0001864 -1.22148e-05 4.10594e-05 0.0100092 -0.0184317 4.16946e-05 -0.0001864 -0.0184317 0.0910012 
0.00999077 -0.0181956 -1.0496e-05 4.1385e-05 -0.0181956 0.0896217 4.01689e-05 -0.000192115 -1.0496e-05 4.01689e-05 0.00997874 -0.0183682 4.1385e-05 -0.000192115 -0.0183682 0.0906801 
0.0100109 -0.0182273 -7.26029e-06 3.78345e-05 -0.0182273 0.0897609 3.58401e-05 -0.000183985 -7.26029e-06 3.58401e-05 0.00997403 -0.0184084 3.78345e-05 -0.000183985 -0.0184084 0.0908521 
0.0100128 -0.0182253 -5.23578e-06 3.16547e-05 -0.0182253 0.0897157 2.79494e-05 -0.000164867 -5.23578e-06 2.79494e-05 0.00994553 -0.0183671 3.16547e-05 -0.000164867 -0.0183671 0.0907511 
0.0100104 -0.018224 8.62323e-06 2.60266e-05 -0.018224 0.0896779 2.07886e-05 -0.00014109 8.62323e-06 2.07886e-05 0.0099191 -0.0183227 2.60266e-05 -0.00014109 -0.0183227 0.0906058 
0.0100066 -0.0182597 1.57939e-05 9.77444e-06 -0.0182597 0.0898408 2.09164e-06 -0.000102451 1.57939e-05 2.09164e-06 0.00993219 -0.0183235 9.77444e-06 -0.000102451 -0.0183235 0.0906623 
0.00996089 -0.0181688 1.81901e-05 5.60551e-07 -0.0181688 0.0894883 -1.08353e-05 -6.26072e-05 1.81901e-05 -1.08353e-05 0.00991138 -0.0182573 5.60551e-07 -6.26072e-05 -0.0182573 0.090306 
0.0099578 -0.0181626 1.42587e-05 -3.70784e-06 -0.0181626 0.0894849 -1.52304e-05 -3.86063e-05 1.42587e-05 -1.52304e-05 0.00993805 -0.0182842 -3.70784e-06 -3.86063e-05 -0.0182842 0.0903676 
0.0100022 -0.0182092 2.54033e-05 5.68184e-07 -0.0182092 0.0897276 -7.04497e-06 -4.09507e-05 2.54033e-05 -7.04497e-06 0.00997307 -0.0183718 5.68184e-07 -4.09507e-05 -0.0183718 0.0907126 
0.0100178 -0.0182444 2.10479e-05 -1.34638e-05 -0.0182444 0.0898307 -1.91135e-05 -2.47448e-05 2.10479e-05 -1.91135e-05 0.0100029 -0.0183994 -1.34638e-05 -2.47448e-05 -0.0183994 0.0908522 
0.0100501 -0.0183121 3.19434e-05 -1.15911e-05 -0.0183121 0.0901554 -1.66904e-05 -1.38996e-05 3.19434e-05 -1.66904e-05 0.0100322 -0.0184908 -1.15911e-05 -1.38996e-05 -0.0184908 0.0912278 
0.010093 -0.0183885 2.96344e-05 -2.41479e-05 -0.0183885 0.0905488 -2.71758e-05 3.4535e-06 2.96344e-05 -2.71758e-05 0.0100648 -0.0185708 -2.41479e-05 3.4535e-06 -0.0185708 0.0916652 
0.0101212 -0.0184429 3.43729e-05 -2.23859e-05 -0.0184429 0.0908303 -2.30308e-05 7.55583e-06 3.43729e-05 -2.30308e-05 0.0100973 -0.0186197 -2.23859e-05 7.55583e-06 -0.0186197 0.091966 
0.0101365 -0.0184767 2.03934e-05 -2.4151e-05 -0.0184767 0.0910121 -2.4724e-05 4.60356e-06 2.03934e-05 -2.4724e-05 0.0101324 -0.0186555 -2.4151e-05 4.60356e-06 -0.0186555 0.0921538 
0.0101576 -0.0184537 1.23895e-05 -6.0052e-06 -0.0184537 0.0909169 -8.08663e-06 -2.28662e-05 1.23895e-05 -8.08663e-06 0.0101072 -0.0186495 -6.0052e-06 -2.28662e-05 -0.0186495 0.09208 
0.0101937 -0.0185181 8.53295e-06 4.87954e-06 -0.0185181 0.0911059 8.84144e-07 -5.34698e-05 8.53295e-06 8.84144e-07 0.0101065 -0.0186574 4.87954e-06 -5.34698e-05 -0.0186574 0.092197 
0.0102198 -0.0185773 1.95661e-05 6.67107e-06 -0.0185773 0.0913389 2.56573e-06 -6.37081e-05 1.95661e-05 2.56573e-06 0.0101137 -0.0186699 6.67107e-06 -6.37081e-05 -0.0186699 0.092312 
0.010215 -0.0185447 1.79696e-05 -7.89509e-06 -0.0185447 0.0911805 -1.01905e-05 -4.39621e-05 1.79696e-05 -1.01905e-05 0.0100844 -0.0186185 -7.89509e-06 -4.39621e-05 -0.0186185 0.092079 
0.0101872 -0.0185133 1.88437e-05 -1.0547e-05 -0.0185133 0.0909734 -6.32724e-06 -3.11774e-05 1.88437e-05 -6.32724e-06 0.010067 -0.0185614 -1.0547e-05 -3.11774e-05 -0.0185614 0.0918135 
0.0101444 -0.0184767 1.26102e-05 -8.8773e-06 -0.0184767 0.0908131 2.26665e-07 -4.09633e-05 1.26102e-05 2.26665e-07 0.0100754 -0.0185409 -8.8773e-06 -4.09633e-05 -0.0185409 0.0916621 
0.0100783 -0.0183803 -4.5226e-06 1.38066e-06 -0.0183803 0.0904379 1.34303e-05 -7.07662e-05 -4.5226e-06 1.34303e-05 0.0100668 -0.0185112 1.38066e-06 -7.07662e-05 -0.0185112 0.0914095 
0.0100621 -0.018352 -1.69908e-05 2.36073e-05 -0.018352 0.0903953 3.63413e-05 -0.000123251 -1.69908e-05 3.63413e-05 0.0100719 -0.0185559 2.36073e-05 -0.000123251 -0.0185559 0.0915468 
0.0100358 -0.0183042 -8.47739e-06 4.17978e-05 -0.0183042 0.0902013 5.36124e-05 -0.000178578 -8.47739e-06 5.36124e-05 0.0100588 -0.0185272 4.17978e-05 -0.000178578 -0.0185272 0.0914483 
0.0100254 -0.0182636 -1.08168e-06 3.18846e-05 -0.0182636 0.0900239 4.48285e-05 -0.000187502 -1.08168e-06 4.48285e-05 0.010027 -0.0184946 3.18846e-05 -0.000187502 -0.0184946 0.0912991 
0.0100523 -0.0182793 7.04827e-06 2.06796e-05 -0.0182793 0.0900518 3.29852e-05 -0.00016526 7.04827e-06 3.29852e-05 0.00999974 -0.0184673 2.06796e-05 -0.00016526 -0.0184673 0.0912415 
0.0100631 -0.0182857 6.41946e-07 1.18257e-05 -0.0182857 0.0899878 1.85608e-05 -0.000134723 6.41946e-07 1.85608e-05 0.00996461 -0.0184012 1.18257e-05 -0.000134723 -0.0184012 0.0910056 
0.0100846 -0.0182827 7.60545e-06 1.98216e-05 -0.0182827 0.0898995 1.80038e-05 -0.000123076 7.60545e-06 1.80038e-05 0.00990875 -0.0183409 1.98216e-05 -0.000123076 -0.0183409 0.0907468 
0.0100781 -0.0183181 5.20985e-06 1.29356e-05 -0.0183181 0.0899297 6.2172e-06 -0.000106059 5.20985e-06 6.2172e-06 0.00988239 -0.0182752 1.29356e-05 -0.000106059 -0.0182752 0.0905459 
0.0100167 -0.0182586 -1.76315e-05 1.45476e-05 -0.0182586 0.0896688 6.71894e-06 -9.48821e-05 -1.76315e-05 6.71894e-06 0.00986125 -0.0181865 1.45476e-05 -9.48821e-05 -0.0181865 0.090128 
0.00997824 -0.0182287 -2.56504e-05 3.88104e-05 -0.0182287 0.089649 3.11595e-05 -0.00012261 -2.56504e-05 3.11595e-05 0.0098879 -0.0182083 3.88104e-05 -0.00012261 -0.0182083 0.0901391 
0.00993022 -0.0181602 -3.31641e-05 5.24255e-05 -0.0181602 0.0894616 4.63078e-05 -0.000166418 -3.31641e-05 4.63078e-05 0.00990552 -0.0182262 5.24255e-05 -0.000166418 -0.0182262 0.0901234 
0.00991615 -0.018157 -1.52477e-05 6.01334e-05 -0.018157 0.0895566 5.35616e-05 -0.00019282 -1.52477e-05 5.35616e-05 0.00995103 -0.0183012 6.01334e-05 -0.00019282 -0.0183012 0.0904158 
0.00988841 -0.0180739 -1.30177e-05 4.08633e-05 -0.0180739 0.089264 3.4756e-05 -0.000176035 -1.30177e-05 3.4756e-05 0.00994121 -0.0182966 4.08633e-05 -0.000176035 -0.0182966 0.0903285 
0.00987285 -0.0180196 -7.79585e-06 3.79783e-05 -0.0180196 0.0889962 3.43026e-05 -0.000163144 -7.79585e-06 3.43026e-05 0.00991739 -0.018274 3.79783e-05 -0.000163144 -0.018274 0.090204 
0.00987909 -0.0180215 2.49768e-06 2.81362e-05 -0.0180215 0.0889555 2.53774e-05 -0.000142096 2.49768e-06 2.53774e-05 0.00990271 -0.0182673 2.81362e-05 -0.000142096 -0.0182673 0.0902026 
0.00987957 -0.0180023 1.15604e-05 1.25505e-05 -0.0180023 0.0888057 9.41437e-06 -0.000103703 1.15604e-05 9.41437e-06 0.00986287 -0.0182093 1.25505e-05 -0.000103703 -0.0182093 0.0899835 
0.00989861 -0.018021 1.0959e-05 -8.49235e-07 -0.018021 0.08882 -7.03837e-06 -5.79067e-05 1.0959e-05 -7.03837e-06 0.00982597 -0.0181701 -8.49235e-07 -5.79067e-05 -0.0181701 0.0898625 
0.00990613 -0.0180542 6.72214e-06 1.23853e-06 -0.0180542 0.0888958 -8.69273e-06 -3.7655e-05 6.72214e-06 -8.69273e-06 0.00981773 -0.0181214 1.23853e-06 -3.7655e-05 -0.0181214 0.0897321 
0.00989917 -0.0180645 -1.03225e-05 6.65966e-06 -0.0180645 0.0889434 -2.40599e-06 -4.17895e-05 -1.03225e-05 -2.40599e-06 0.00982019 -0.0181084 6.65966e-06 -4.17895e-05 -0.0181084 0.0896439 
0.0098996 -0.0180708 -7.64892e-07 2.3242e-05 -0.0180708 0.089016 2.09447e-05 -7.40181e-05 -7.64892e-07 2.09447e-05 0.00982881 -0.0181252 2.3242e-05 -7.40181e-05 -0.0181252 0.0896865 
0.00991483 -0.0180392 3.65444e-06 1.22836e-05 -0.0180392 0.0889019 1.49772e-05 -8.08788e-05 3.65444e-06 1.49772e-05 0.00979442 -0.018118 1.22836e-05 -8.08788e-05 -0.018118 0.0896248 
0.00993423 -0.0180836 8.15672e-07 6.5921e-06 -0.0180836 0.088998 1.41691e-05 -7.66054e-05 8.15672e-07 1.41691e-05 0.0097809 -0.0180955 6.5921e-06 -7.66054e-05 -0.0180955 0.089637 
0.00996477 -0.0181393 -8.75727e-06 4.69854e-06 -0.0181393 0.0892274 1.81891e-05 -7.50398e-05 -8.75727e-06 1.81891e-05 0.00978456 -0.0180957 4.69854e-06 -7.50398e-05 -0.0180957 0.0897098 
0.00999342 -0.0181994 -2.43501e-05 1.65693e-05 -0.0181994 0.0894894 3.04743e-05 -9.55026e-05 -2.43501e-05 3.04743e-05 0.00978804 -0.0181125 1.65693e-05 -9.55026e-05 -0.0181125 0.0898266 
0.0100129 -0.0182009 -3.86361e-05 4.23884e-05 -0.0182009 0.0894986 4.73409e-05 -0.000141677 -3.86361e-05 4.73409e-05 0.00977007 -0.0180838 4.23884e-05 -0.000141677 -0.0180838 0.0897269 
0.00996076 -0.018182 -4.02546e-05 6.63225e-05 -0.018182 0.0893341 6.47061e-05 -0.00019818 -4.02546e-05 6.47061e-05 0.00978192 -0.018025 6.63225e-05 -0.00019818 -0.018025 0.0894642 
0.00989938 -0.0181195 -3.67724e-05 7.05861e-05 -0.0181195 0.0891716 6.80209e-05 -0.000229407 -3.67724e-05 6.80209e-05 0.00981507 -0.0180481 7.05861e-05 -0.000229407 -0.0180481 0.0894021 
0.0098558 -0.018029 -2.95106e-05 6.35439e-05 -0.018029 0.0889055 6.05813e-05 -0.000223648 -2.95106e-05 6.05813e-05 0.00982282 -0.0180851 6.35439e-05 -0.000223648 -0.0180851 0.0894145 
0.00986131 -0.0180186 -1.06616e-05 5.40653e-05 -0.0180186 0.0889216 4.75992e-05 -0.000197917 -1.06616e-05 4.75992e-05 0.00983237 -0.0181477 5.40653e-05 -0.000197917 -0.0181477 0.0896837 
0.00990555 -0.0180333 2.49726e-05 2.85666e-05 -0.0180333 0.088991 1.99536e-05 -0.000140785 2.49726e-05 1.99536e-05 0.00980876 -0.0181684 2.85666e-05 -0.000140785 -0.0181684 0.089863 
0.00992928 -0.0180772 4.72517e-05 -1.48487e-05 -0.0180772 0.0890582 -2.34412e-05 -4.66981e-05 4.72517e-05 -2.34412e-05 0.00979122 -0.0181183 -1.48487e-05 -4.66981e-05 -0.0181183 0.0898 
0.00995436 -0.0181199 4.70178e-05 -4.59745e-05 -0.0181199 0.0891993 -5.21975e-05 4.50941e-05 4.70178e-05 -5.21975e-05 0.00978356 -0.0180975 -4.59745e-05 4.50941e-05 -0.0180975 0.0897525 
0.00995079 -0.01815 2.48521e-05 -4.62603e-05 -0.01815 0.0893016 -5.3621e-05 8.33165e-05 2.48521e-05 -5.3621e-05 0.00980642 -0.0180841 -4.62603e-05 8.33165e-05 -0.0180841 0.0897057 
0.00991866 -0.0181054 -8.75542e-06 -1.55831e-05 -0.0181054 0.0891374 -2.21485e-05 4.11077e-05 -8.75542e-06 -2.21485e-05 0.0098131 -0.0180712 -1.55831e-05 4.11077e-05 -0.0180712 0.0895314 
0.00989305 -0.0180758 -1.89919e-05 2.47849e-05 -0.0180758 0.0890461 2.41642e-05 -5.30896e-05 -1.89919e-05 2.41642e-05 0.00984365 -0.018099 2.47849e-05 -5.30896e-05 -0.018099 0.0895529 
0.00992245 -0.0180752 -2.34037e-05 3.50387e-05 -0.0180752 0.0891178 3.97954e-05 -0.000116553 -2.34037e-05 3.97954e-05 0.00986427 -0.0181838 3.50387e-05 -0.000116553 -0.0181838 0.0898322 
0.00993896 -0.0180983 -2.17469e-05 3.49553e-05 -0.0180983 0.0891519 4.09982e-05 -0.000131164 -2.17469e-05 4.09982e-05 0.00987481 -0.0182088 3.49553e-05 -0.000131164 -0.0182088 0.0899793 
0.00996435 -0.0181873 -1.75346e-06 2.99333e-05 -0.0181873 0.089537 3.37671e-05 -0.000118859 -1.75346e-06 3.37671e-05 0.00992545 -0.0182877 2.99333e-05 -0.000118859 -0.0182877 0.0903823 
0.00996339 -0.0181589 1.06758e-05 8.16026e-06 -0.0181589 0.0894669 1.1578e-05 -7.95134e-05 1.06758e-05 1.1578e-05 0.00991349 -0.0182882 8.16026e-06 -7.95134e-05 -0.0182882 0.0903568 
0.00996568 -0.0181796 1.82108e-05 -4.92213e-06 -0.0181796 0.0895422 1.53767e-06 -4.72559e-05 1.82108e-05 1.53767e-06 0.00992644 -0.0183013 -4.92213e-06 -4.72559e-05 -0.0183013 0.0904566 
0.00992751 -0.0181279 6.77926e-06 -1.10835e-05 -0.0181279 0.0893136 -4.99038e-06 -3.07708e-05 6.77926e-06 -4.99038e-06 0.00991504 -0.0182569 -1.10835e-05 -3.07708e-05 -0.0182569 0.0902342 
0.00995345 -0.0181775 1.02574e-05 1.76833e-06 -0.0181775 0.0896206 4.28585e-06 -3.97664e-05 1.02574e-05 4.28585e-06 0.00994766 -0.0183498 1.76833e-06 -3.97664e-05 -0.0183498 0.0906284 
0.00999999 -0.0182358 1.39794e-05 -7.97675e-07 -0.0182358 0.0899517 -2.81544e-06 -3.80653e-05 1.39794e-05 -2.81544e-06 0.0099541 -0.0184246 -7.97675e-07 -3.80653e-05 -0.0184246 0.0910417 
0.00998575 -0.0181918 -4.96492e-06 -3.51699e-06 -0.0181918 0.0896999 -1.07208e-05 -2.51502e-05 -4.96492e-06 -1.07208e-05 0.00990705 -0.0183269 -3.51699e-06 -2.51502e-05 -0.0183269 0.0907299 
0.00996568 -0.018152 -6.63849e-06 1.87406e-05 -0.018152 0.0894534 9.30345e-06 -4.81766e-05 -6.63849e-06 9.30345e-06 0.00987026 -0.0182378 1.87406e-05 -4.81766e-05 -0.0182378 0.0903549 
0.00994579 -0.0181021 -1.84504e-06 2.13118e-05 -0.0181021 0.0891742 1.00892e-05 -6.4976e-05 -1.84504e-06 1.00892e-05 0.00983225 -0.0181607 2.13118e-05 -6.4976e-05 -0.0181607 0.0899711 
0.0099765 -0.0181607 1.27522e-05 1.42268e-05 -0.0181607 0.0894039 2.40151e-06 -5.4261e-05 1.27522e-05 2.40151e-06 0.00985096 -0.0181899 1.42268e-05 -5.4261e-05 -0.0181899 0.0901077 
0.00998433 -0.0182515 1.66818e-05 -5.66187e-06 -0.0182515 0.0898174 -1.26559e-05 -1.95814e-05 1.66818e-05 -1.26559e-05 0.00992404 -0.0182571 -5.66187e-06 -1.95814e-05 -0.0182571 0.0904342 
0.00996497 -0.0182249 -8.07786e-07 -1.60365e-05 -0.0182249 0.0898343 -1.46606e-05 9.01836e-06 -8.07786e-07 -1.46606e-05 0.00996852 -0.0183054 -1.60365e-05 9.01836e-06 -0.0183054 0.0905235 
0.00999659 -0.0182156 -1.31646e-05 -1.05561e-06 -0.0182156 0.0898849 6.14221e-06 -2.77239e-06 -1.31646e-05 6.14221e-06 0.00997645 -0.01839 -1.05561e-06 -2.77239e-06 -0.01839 0.0907857 
0.010039 -0.0182919 -3.59375e-06 1.68046e-05 -0.0182919 0.0901721 1.92027e-05 -3.74436e-05 -3.59375e-06 1.92027e-05 0.0100036 -0.0184564 1.68046e-05 -3.74436e-05 -0.0184564 0.0911779 
0.0100158 -0.0182689 -8.30124e-06 5.6842e-06 -0.0182689 0.0900244 1.52541e-06 -2.71172e-05 -8.30124e-06 1.52541e-06 0.00999808 -0.0184144 5.6842e-06 -2.71172e-05 -0.0184144 0.0910244 
0.0100235 -0.0182174 -1.38341e-06 1.15398e-05 -0.0182174 0.0897997 4.29323e-06 -1.99985e-05 -1.38341e-06 4.29323e-06 0.00996357 -0.0183858 1.15398e-05 -1.99985e-05 -0.0183858 0.0908317 
0.0100364 -0.0182692 -9.02083e-07 2.70945e-06 -0.0182692 0.0899171 -3.66488e-06 -7.22766e-06 -9.02083e-07 -3.66488e-06 0.00998342 -0.01839 2.70945e-06 -7.22766e-06 -0.01839 0.0909055 
0.0100549 -0.0183027 -3.72682e-06 9.48958e-07 -0.0183027 0.0900801 -2.10481e-06 -2.56675e-07 -3.72682e-06 -2.10481e-06 0.0099969 -0.0184287 9.48958e-07 -2.56675e-07 -0.0184287 0.0910451 
0.0100611 -0.0182949 -1.15087e-05 6.28265e-06 -0.0182949 0.0900383 2.40198e-06 -7.33115e-06 -1.15087e-05 2.40198e-06 0.00997301 -0.0184228 6.28265e-06 -7.33115e-06 -0.0184228 0.091016 
0.010069 -0.0183055 -3.25003e-05 1.7543e-05 -0.0183055 0.0900373 1.14084e-05 -2.73041e-05 -3.25003e-05 1.14084e-05 0.0099524 -0.0183932 1.7543e-05 -2.73041e-05 -0.0183932 0.0909572 
0.0100536 -0.018313 -3.48055e-05 4.30227e-05 -0.018313 0.090042 3.38464e-05 -7.22116e-05 -3.48055e-05 3.38464e-05 0.00995869 -0.0183629 4.30227e-05 -7.22116e-05 -0.0183629 0.090865 
0.0100243 -0.0183278 -3.5544e-05 4.86052e-05 -0.0183278 0.0901814 3.68265e-05 -0.000100504 -3.5544e-05 3.68265e-05 0.0100189 -0.0184067 4.86052e-05 -0.000100504 -0.0184067 0.0910117 
0.0100042 -0.0182784 -1.33673e-05 4.78398e-05 -0.0182784 0.0901267 3.76139e-05 -0.000105953 -1.33673e-05 3.76139e-05 0.0100544 -0.018474 4.78398e-05 -0.000105953 -0.018474 0.0911621 
0.0100565 -0.0182856 1.70328e-05 1.66704e-05 -0.0182856 0.0902211 1.51843e-05 -6.51967e-05 1.70328e-05 1.51843e-05 0.010054 -0.0185551 1.66704e-05 -6.51967e-05 -0.0185551 0.0914851 
0.0101091 -0.018405 3.71595e-05 -3.00762e-05 -0.018405 0.0906448 -2.25543e-05 2.80843e-05 3.71595e-05 -2.25543e-05 0.0100909 -0.0186099 -3.00762e-05 2.80843e-05 -0.0186099 0.0918993 
0.0101284 -0.0184728 2.64857e-05 -5.97872e-05 -0.0184728 0.0909625 -4.88125e-05 0.000116355 2.64857e-05 -4.88125e-05 0.0101302 -0.0186499 -5.97872e-05 0.000116355 -0.0186499 0.0921296 
0.0101377 -0.0184776 7.65856e-07 -4.37448e-05 -0.0184776 0.0910532 -3.31382e-05 0.000123432 7.65856e-07 -3.31382e-05 0.0101475 -0.0186821 -4.37448e-05 0.000123432 -0.0186821 0.0922363 
0.0101524 -0.0184795 -1.30001e-05 -3.70585e-06 -0.0184795 0.0910722 5.59694e-06 4.49502e-05 -1.30001e-05 5.59694e-06 0.0101469 -0.0187044 -3.70585e-06 4.49502e-05 -0.0187044 0.0923209 
0.0101704 -0.018538 -2.72386e-05 1.77162e-05 -0.018538 0.0913055 2.57893e-05 -3.08516e-05 -2.72386e-05 2.57893e-05 0.0101765 -0.0187395 1.77162e-05 -3.08516e-05 -0.0187395 0.0925431 
0.0101669 -0.0184859 -2.45222e-05 3.8608e-05 -0.0184859 0.0910933 4.36025e-05 -9.15984e-05 -2.45222e-05 4.36025e-05 0.0101499 -0.0187056 3.8608e-05 -9.15984e-05 -0.0187056 0.0923472 
0.0101856 -0.0184381 -3.34072e-05 3.90796e-05 -0.0184381 0.0907802 4.37736e-05 -0.000123423 -3.34072e-05 4.37736e-05 0.0100788 -0.0186356 3.90796e-05 -0.000123423 -0.0186356 0.0920206 
0.0101861 -0.0184531 -3.08404e-05 4.54063e-05 -0.0184531 0.0906317 5.19307e-05 -0.000139802 -3.08404e-05 5.19307e-05 0.0100326 -0.0185415 4.54063e-05 -0.000139802 -0.0185415 0.0916969 
0.010144 -0.0184221 -1.22453e-05 4.34488e-05 -0.0184221 0.0903915 4.98173e-05 -0.000145907 -1.22453e-05 4.98173e-05 0.0100014 -0.0184386 4.34488e-05 -0.000145907 -0.0184386 0.0912366 
0.0101025 -0.0184273 -5.37771e-07 2.16122e-05 -0.0184273 0.0904585 2.75134e-05 -0.000114445 -5.37771e-07 2.75134e-05 0.0100461 -0.0184521 2.16122e-05 -0.000114445 -0.0184521 0.0912254 
0.0100806 -0.018379 7.73511e-06 5.67441e-06 -0.018379 0.0904231 1.32347e-05 -7.41743e-05 7.73511e-06 1.32347e-05 0.0100647 -0.0185222 5.67441e-06 -7.41743e-05 -0.0185222 0.091371 
0.0101084 -0.0183951 1.27121e-05 -5.53662e-06 -0.0183951 0.0905734 -4.09658e-08 -3.63954e-05 1.27121e-05 -4.09658e-08 0.0100716 -0.0185965 -5.53662e-06 -3.63954e-05 -0.0185965 0.0917222 
0.0101246 -0.018392 2.76701e-05 -1.17449e-05 -0.018392 0.0905173 -1.10412e-05 -5.57128e-06 2.76701e-05 -1.10412e-05 0.0100424 -0.0185619 -1.17449e-05 -5.57128e-06 -0.0185619 0.0916831 
0.0100973 -0.0183731 3.22528e-05 -3.11515e-05 -0.0183731 0.0903439 -3.55321e-05 4.41771e-05 3.22528e-05 -3.55321e-05 0.0100115 -0.0184804 -3.11515e-05 4.41771e-05 -0.0184804 0.091387 
0.0100595 -0.0183282 2.59238e-05 -3.79267e-05 -0.0183282 0.0901519 -4.48614e-05 8.37382e-05 2.59238e-05 -4.48614e-05 0.00999809 -0.0184214 -3.79267e-05 8.37382e-05 -0.0184214 0.0910992 
0.0100381 -0.0183171 1.86085e-05 -2.93406e-05 -0.0183171 0.0901586 -3.62772e-05 8.46414e-05 1.86085e-05 -3.62772e-05 0.0100194 -0.0184382 -2.93406e-05 8.46414e-05 -0.0184382 0.0911158 
0.010019 -0.0182558 1.78748e-05 -1.99837e-05 -0.0182558 0.0899524 -2.58818e-05 6.48372e-05 1.78748e-05 -2.58818e-05 0.0100058 -0.0184369 -1.99837e-05 6.48372e-05 -0.0184369 0.0910248 
0.0100524 -0.0182792 1.3612e-05 -1.81676e-05 -0.0182792 0.0900565 -2.28081e-05 5.0633e-05 1.3612e-05 -2.28081e-05 0.0100059 -0.0184765 -1.81676e-05 5.0633e-05 -0.0184765 0.0912237 
0.0100947 -0.0183443 1.09124e-05 -1.25449e-05 -0.0183443 0.09029 -1.66221e-05 3.65399e-05 1.09124e-05 -1.66221e-05 0.0100106 -0.0184983 -1.25449e-05 3.65399e-05 -0.0184983 0.0914202 
0.0101111 -0.0184002 1.41042e-05 -9.40771e-06 -0.0184002 0.0904904 -1.09472e-05 2.14766e-05 1.41042e-05 -1.09472e-05 0.0100277 -0.0184936 -9.40771e-06 2.14766e-05 -0.0184936 0.0914796 
0.0101156 -0.0184749 2.63054e-05 -1.42774e-05 -0.0184749 0.0908677 -1.29083e-05 2.00739e-05 2.63054e-05 -1.29083e-05 0.0100878 -0.0185547 -1.42774e-05 2.00739e-05 -0.0185547 0.0917546 
0.0101023 -0.0184158 7.47912e-06 -2.94527e-05 -0.0184158 0.0907257 -2.72497e-05 4.28647e-05 7.47912e-06 -2.72497e-05 0.0100765 -0.0185604 -2.94527e-05 4.28647e-05 -0.0185604 0.0916698 
0.0100649 -0.0183131 -1.96119e-05 -1.06945e-05 -0.0183131 0.0902282 -9.92458e-06 3.43872e-05 -1.96119e-05 -9.92458e-06 0.0100209 -0.0184804 -1.06945e-05 3.43872e-05 -0.0184804 0.0912679 
0.010072 -0.0183453 -1.79387e-05 2.5488e-05 -0.0183453 0.0903213 2.28062e-05 -2.94687e-05 -1.79387e-05 2.28062e-05 0.0100361 -0.0184961 2.5488e-05 -2.94687e-05 -0.0184961 0.091381 
0.0100252 -0.0182737 -3.68187e-06 2.76047e-05 -0.0182737 0.0899873 2.2589e-05 -6.54424e-05 -3.68187e-06 2.2589e-05 0.0100163 -0.0184366 2.76047e-05 -6.54424e-05 -0.0184366 0.0910688 
