0.00721179 0 -1.6824e-05 0 0 0.0102445 0 0 -1.6824e-05 0 0.00727256 0 0 0 0 0.0102445 
0.0104585 -0.0129858 -2.72798e-05 3.38435e-05 -0.0129858 0.0344886 3.38435e-05 -6.47346e-05 -2.72798e-05 3.38435e-05 0.010482 -0.0130072 3.38435e-05 -6.47346e-05 -0.0130072 0.0345301 
0.010831 -0.0202697 -6.11368e-06 5.41088e-05 -0.0202697 0.0746947 5.41088e-05 -0.000175076 -6.11368e-06 5.41088e-05 0.0107838 -0.0200469 5.41088e-05 -0.000175076 -0.0200469 0.073915 
0.00867114 -0.016996 2.67079e-05 2.01321e-05 -0.016996 0.0763782 1.91431e-05 -0.000138666 2.67079e-05 1.91431e-05 0.00867484 -0.0165866 2.01321e-05 -0.000138666 -0.0165866 0.0743192 
0.0098534 -0.0187088 4.95965e-05 -2.5171e-05 -0.0187088 0.090901 -2.43709e-05 -6.77647e-05 4.95965e-05 -2.43709e-05 0.00993174 -0.0183551 -2.5171e-05 -6.77647e-05 -0.0183551 0.0881524 
0.0095663 -0.0177818 3.95976e-05 -4.76498e-05 -0.0177818 0.0880461 -5.42749e-05 3.41643e-05 3.95976e-05 -5.42749e-05 0.00968714 -0.0176359 -4.76498e-05 3.41643e-05 -0.0176359 0.08608 
0.00928988 -0.0171529 1.29595e-05 -3.2405e-05 -0.0171529 0.0850654 -4.80484e-05 6.27518e-05 1.29595e-05 -4.80484e-05 0.00941785 -0.0171192 -3.2405e-05 6.27518e-05 -0.0171192 0.0838603 
0.00907371 -0.0167367 -2.07853e-06 3.18271e-06 -0.0167367 0.0829446 -1.42183e-05 1.34019e-05 -2.07853e-06 -1.42183e-05 0.00920082 -0.0167359 3.18271e-06 1.34019e-05 -0.0167359 0.0821648 
0.0102804 -0.018921 8.13833e-06 2.65738e-05 -0.018921 0.0937395 1.06499e-05 -5.71384e-05 8.13833e-06 1.06499e-05 0.0103841 -0.0189226 2.65738e-05 -5.71384e-05 -0.0189226 0.093041 
0.0101725 -0.0187009 1.01969e-05 1.17337e-05 -0.0187009 0.0925287 4.04206e-06 -7.16451e-05 1.01969e-05 4.04206e-06 0.0102236 -0.0186409 1.17337e-05 -7.16451e-05 -0.0186409 0.0917909 
0.0101086 -0.0185988 -8.85485e-08 4.13631e-06 -0.0185988 0.0918967 1.29859e-06 -5.99173e-05 -8.85485e-08 1.29859e-06 0.010132 -0.018458 4.13631e-06 -5.99173e-05 -0.018458 0.0909742 
0.0100288 -0.0184865 -3.80235e-06 1.27827e-05 -0.0184865 0.091298 1.17295e-05 -6.67048e-05 -3.80235e-06 1.17295e-05 0.010066 -0.0183028 1.27827e-05 -6.67048e-05 -0.0183028 0.0902129 
0.009992 -0.0184202 9.23202e-06 1.67783e-05 -0.0184202 0.0910175 1.66902e-05 -7.88985e-05 9.23202e-06 1.66902e-05 0.0100449 -0.0182604 1.67783e-05 -7.88985e-05 -0.0182604 0.0899124 
0.00995 -0.0183851 6.68299e-06 1.24449e-06 -0.0183851 0.0908617 8.60845e-07 -5.92762e-05 6.68299e-06 8.60845e-07 0.0100566 -0.0182533 1.24449e-06 -5.92762e-05 -0.0182533 0.0898153 
0.00994146 -0.0183387 -3.27025e-07 6.76454e-06 -0.0183387 0.0907316 1.30364e-06 -4.98121e-05 -3.27025e-07 1.30364e-06 0.0100359 -0.0182774 6.76454e-06 -4.98121e-05 -0.0182774 0.0898281 
0.0099069 -0.0182873 3.14706e-06 2.05293e-05 -0.0182873 0.0904568 1.00482e-05 -6.99672e-05 3.14706e-06 1.00482e-05 0.010007 -0.0182235 2.05293e-05 -6.99672e-05 -0.0182235 0.089638 
0.00986585 -0.0182103 8.73575e-06 1.94173e-05 -0.0182103 0.0901012 7.07498e-06 -8.07542e-05 8.73575e-06 7.07498e-06 0.00997952 -0.018158 1.94173e-05 -8.07542e-05 -0.018158 0.0893327 
0.00988558 -0.0182298 1.97016e-05 1.00808e-05 -0.0182298 0.0902013 5.85589e-07 -7.12434e-05 1.97016e-05 5.85589e-07 0.00997233 -0.0181929 1.00808e-05 -7.12434e-05 -0.0181929 0.089476 
0.00992227 -0.0182579 1.22163e-05 -5.50647e-06 -0.0182579 0.0903078 -9.6438e-06 -4.666e-05 1.22163e-05 -9.6438e-06 0.00995074 -0.0181955 -5.50647e-06 -4.666e-05 -0.0181955 0.0895775 
0.0099501 -0.0183425 8.00633e-06 1.90553e-06 -0.0183425 0.0906229 -2.58064e-06 -4.46741e-05 8.00633e-06 -2.58064e-06 0.00997444 -0.0182072 1.90553e-06 -4.46741e-05 -0.0182072 0.0897717 
0.00996954 -0.0183863 4.79268e-07 9.98765e-06 -0.0183863 0.0908725 3.14524e-06 -6.10795e-05 4.79268e-07 3.14524e-06 0.00998858 -0.0182436 9.98765e-06 -6.10795e-05 -0.0182436 0.0899446 
0.00997691 -0.0184154 -1.16622e-05 2.25272e-05 -0.0184154 0.0910484 1.42393e-05 -9.13157e-05 -1.16622e-05 1.42393e-05 0.01001 -0.018268 2.25272e-05 -9.13157e-05 -0.018268 0.0900973 
0.00991902 -0.0183424 1.45124e-06 3.69728e-05 -0.0183424 0.0907356 3.14e-05 -0.000129606 1.45124e-06 3.14e-05 0.0100084 -0.0182065 3.69728e-05 -0.000129606 -0.0182065 0.0897923 
0.00987231 -0.0182681 1.87963e-05 1.93667e-05 -0.0182681 0.0904743 1.83811e-05 -0.000124945 1.87963e-05 1.83811e-05 0.0100154 -0.0182059 1.93667e-05 -0.000124945 -0.0182059 0.0896566 
0.00986846 -0.0182515 1.58139e-05 -1.43389e-06 -0.0182515 0.0904724 -2.79994e-06 -8.69476e-05 1.58139e-05 -2.79994e-06 0.0100419 -0.0182606 -1.43389e-06 -8.69476e-05 -0.0182606 0.0898335 
0.00984426 -0.0182168 1.46914e-05 3.04946e-06 -0.0182168 0.0903293 -3.57562e-07 -7.26155e-05 1.46914e-05 -3.57562e-07 0.0100641 -0.0182734 3.04946e-06 -7.26155e-05 -0.0182734 0.0898522 
0.00985052 -0.01821 1.49381e-05 8.34883e-06 -0.01821 0.0903404 4.77482e-06 -8.53483e-05 1.49381e-05 4.77482e-06 0.0100857 -0.0183274 8.34883e-06 -8.53483e-05 -0.0183274 0.0900221 
0.00987294 -0.0182138 9.35956e-06 9.46919e-06 -0.0182138 0.0903354 6.83742e-06 -9.7083e-05 9.35956e-06 6.83742e-06 0.010083 -0.01835 9.46919e-06 -9.7083e-05 -0.01835 0.090117 
0.00989617 -0.0182266 -1.03844e-06 1.82064e-05 -0.0182266 0.0903035 1.8419e-05 -0.000121899 -1.03844e-06 1.8419e-05 0.0100654 -0.0183301 1.82064e-05 -0.000121899 -0.0183301 0.0900649 
0.00993903 -0.018296 2.94961e-06 2.33801e-05 -0.018296 0.090522 2.78053e-05 -0.000138683 2.94961e-06 2.78053e-05 0.0100671 -0.0183374 2.33801e-05 -0.000138683 -0.0183374 0.0901519 
0.00999995 -0.0183781 3.49651e-06 1.90575e-05 -0.0183781 0.0908363 2.55538e-05 -0.000142492 3.49651e-06 2.55538e-05 0.0100478 -0.0183602 1.90575e-05 -0.000142492 -0.0183602 0.0903012 
0.0100039 -0.0184215 1.26158e-05 1.57968e-05 -0.0184215 0.0909296 2.21926e-05 -0.000133381 1.26158e-05 2.21926e-05 0.0100309 -0.0182995 1.57968e-05 -0.000133381 -0.0182995 0.0901583 
0.00995149 -0.0183723 1.74701e-05 7.06416e-06 -0.0183723 0.090702 9.59536e-06 -0.000112688 1.74701e-05 9.59536e-06 0.0100074 -0.0182152 7.06416e-06 -0.000112688 -0.0182152 0.0897586 
0.00993223 -0.0183454 7.6533e-06 2.72681e-06 -0.0183454 0.090669 1.76475e-07 -9.15355e-05 7.6533e-06 1.76475e-07 0.0100085 -0.0182196 2.72681e-06 -9.15355e-05 -0.0182196 0.0897073 
0.00991624 -0.0183257 -3.74826e-06 2.03453e-05 -0.0183257 0.0906422 1.16137e-05 -0.000109101 -3.74826e-06 1.16137e-05 0.0100144 -0.0182361 2.03453e-05 -0.000109101 -0.0182361 0.0897555 
0.00990344 -0.0182926 -1.03169e-05 3.99244e-05 -0.0182926 0.0905388 2.87076e-05 -0.000155502 -1.03169e-05 2.87076e-05 0.010015 -0.0182336 3.99244e-05 -0.000155502 -0.0182336 0.0897383 
0.0099091 -0.0182822 -4.8724e-06 4.60121e-05 -0.0182822 0.0905005 3.77633e-05 -0.000188351 -4.8724e-06 3.77633e-05 0.0100109 -0.0182433 4.60121e-05 -0.000188351 -0.0182433 0.0897729 
0.00991095 -0.0183015 2.55836e-05 3.61981e-05 -0.0183015 0.0905679 3.20197e-05 -0.000187749 2.55836e-05 3.20197e-05 0.0100286 -0.0182587 3.61981e-05 -0.000187749 -0.0182587 0.0898727 
0.00990623 -0.0183061 4.56934e-05 -3.96797e-06 -0.0183061 0.0906234 -5.41407e-06 -0.000122607 4.56934e-05 -5.41407e-06 0.0100555 -0.0182863 -3.96797e-06 -0.000122607 -0.0182863 0.089977 
0.009891 -0.0182584 3.64562e-05 -3.02081e-05 -0.0182584 0.0904315 -3.46928e-05 -4.2224e-05 3.64562e-05 -3.46928e-05 0.0100359 -0.0182784 -3.02081e-05 -4.2224e-05 -0.0182784 0.0898768 
0.00990486 -0.0182695 2.96804e-05 -1.71535e-05 -0.0182695 0.0904655 -2.31174e-05 -3.15605e-05 2.96804e-05 -2.31174e-05 0.010036 -0.0182893 -1.71535e-05 -3.15605e-05 -0.0182893 0.0899603 
0.00991262 -0.0182795 1.24865e-05 -3.49823e-06 -0.0182795 0.0904732 -8.23094e-06 -6.50631e-05 1.24865e-05 -8.23094e-06 0.0100208 -0.0182767 -3.49823e-06 -6.50631e-05 -0.0182767 0.0899366 
0.00991493 -0.0182715 1.22712e-05 1.57999e-05 -0.0182715 0.0903967 1.7865e-05 -0.000117342 1.22712e-05 1.7865e-05 0.00999608 -0.018233 1.57999e-05 -0.000117342 -0.018233 0.0897782 
0.00991764 -0.0182264 1.26179e-05 1.56024e-05 -0.0182264 0.0901291 2.28874e-05 -0.000147518 1.26179e-05 2.28874e-05 0.00992739 -0.0181549 1.56024e-05 -0.000147518 -0.0181549 0.0894246 
0.00994506 -0.0182808 4.35546e-06 1.15823e-05 -0.0182808 0.0902538 1.78168e-05 -0.000143624 4.35546e-06 1.78168e-05 0.00990763 -0.0181166 1.15823e-05 -0.000143624 -0.0181166 0.0893634 
0.0099429 -0.018275 -4.57581e-06 2.10049e-05 -0.018275 0.0901578 2.38771e-05 -0.000147734 -4.57581e-06 2.38771e-05 0.00986717 -0.0180427 2.10049e-05 -0.000147734 -0.0180427 0.0890603 
0.00990728 -0.0182571 -3.33986e-06 3.49669e-05 -0.0182571 0.0900283 3.26932e-05 -0.000169267 -3.33986e-06 3.26932e-05 0.00984801 -0.0179784 3.49669e-05 -0.000169267 -0.0179784 0.0887775 
0.00987374 -0.0181999 -1.43575e-05 3.7464e-05 -0.0181999 0.0898265 2.83038e-05 -0.000178158 -1.43575e-05 2.83038e-05 0.00982532 -0.0179437 3.7464e-05 -0.000178158 -0.0179437 0.0885567 
0.00986605 -0.0181714 -9.35155e-06 4.97017e-05 -0.0181714 0.0897225 3.82052e-05 -0.000193563 -9.35155e-06 3.82052e-05 0.00981598 -0.017928 4.97017e-05 -0.000193563 -0.017928 0.0884778 
0.00980999 -0.018122 -7.26399e-07 4.5589e-05 -0.018122 0.0894652 4.04938e-05 -0.000207734 -7.26399e-07 4.04938e-05 0.00981816 -0.0178791 4.5589e-05 -0.000207734 -0.0178791 0.0882389 
0.00977931 -0.018113 1.91359e-05 2.76643e-05 -0.018113 0.08955 2.98035e-05 -0.000184212 1.91359e-05 2.98035e-05 0.00986106 -0.017952 2.76643e-05 -0.000184212 -0.017952 0.0884625 
0.00977311 -0.0180799 3.02382e-05 -1.7314e-06 -0.0180799 0.0895725 3.34744e-06 -0.000125406 3.02382e-05 3.34744e-06 0.00988592 -0.0180322 -1.7314e-06 -0.000125406 -0.0180322 0.0887623 
0.00976085 -0.0180269 2.11529e-05 -1.77477e-05 -0.0180269 0.0893636 -1.19104e-05 -6.96358e-05 2.11529e-05 -1.19104e-05 0.00987247 -0.0180284 -1.77477e-05 -6.96358e-05 -0.0180284 0.0887727 
0.00974 -0.0179845 -8.71944e-07 -8.42359e-06 -0.0179845 0.0891232 -2.6359e-06 -5.91054e-05 -8.71944e-07 -2.6359e-06 0.00984937 -0.0179848 -8.42359e-06 -5.91054e-05 -0.0179848 0.0886146 
0.00973737 -0.0179684 -2.2454e-06 1.86834e-05 -0.0179684 0.0890385 2.26034e-05 -9.96508e-05 -2.2454e-06 2.26034e-05 0.00984294 -0.0179715 1.86834e-05 -9.96508e-05 -0.0179715 0.0885653 
0.00969904 -0.0178904 5.83633e-06 2.16412e-05 -0.0178904 0.08863 2.6877e-05 -0.000128392 5.83633e-06 2.6877e-05 0.00980266 -0.0178922 2.16412e-05 -0.000128392 -0.0178922 0.0881755 
0.00967254 -0.0178289 7.10522e-06 9.5696e-06 -0.0178289 0.0882921 1.69963e-05 -0.000116549 7.10522e-06 1.69963e-05 0.0097678 -0.0178251 9.5696e-06 -0.000116549 -0.0178251 0.0878339 
0.00967991 -0.0178644 -6.5717e-07 9.09007e-06 -0.0178644 0.0884163 1.64163e-05 -0.000107892 -6.5717e-07 1.64163e-05 0.00978613 -0.0178492 9.09007e-06 -0.000107892 -0.0178492 0.087936 
0.00967938 -0.0179002 -3.23099e-07 1.90222e-05 -0.0179002 0.0886122 2.43227e-05 -0.00011833 -3.23099e-07 2.43227e-05 0.00981596 -0.0178964 1.90222e-05 -0.00011833 -0.0178964 0.0881354 
0.00967083 -0.0178843 1.06948e-05 2.11097e-05 -0.0178843 0.0886254 2.61547e-05 -0.000130071 1.06948e-05 2.61547e-05 0.00983067 -0.0179206 2.11097e-05 -0.000130071 -0.0179206 0.0882187 
0.00965703 -0.0178582 1.67498e-05 7.22145e-06 -0.0178582 0.0885367 1.3098e-05 -0.000114132 1.67498e-05 1.3098e-05 0.00982816 -0.017924 7.22145e-06 -0.000114132 -0.017924 0.0882136 
0.00967675 -0.0178763 3.20062e-05 1.68587e-07 -0.0178763 0.0886458 3.77566e-06 -8.98492e-05 3.20062e-05 3.77566e-06 0.00982933 -0.0179555 1.68587e-07 -8.98492e-05 -0.0179555 0.0883763 
0.00972338 -0.0179183 2.98731e-05 -1.55312e-05 -0.0179183 0.0888296 -1.5587e-05 -5.60369e-05 2.98731e-05 -1.5587e-05 0.00982071 -0.0179771 -1.55312e-05 -5.60369e-05 -0.0179771 0.0885494 
0.00975872 -0.0180076 1.80303e-05 -1.13828e-05 -0.0180076 0.0891628 -1.69901e-05 -4.10907e-05 1.80303e-05 -1.69901e-05 0.00984256 -0.017994 -1.13828e-05 -4.10907e-05 -0.017994 0.0887534 
0.00977583 -0.0180252 6.56374e-06 3.30047e-06 -0.0180252 0.0892563 -5.64725e-06 -5.6782e-05 6.56374e-06 -5.64725e-06 0.00984499 -0.0179899 3.30047e-06 -5.6782e-05 -0.0179899 0.088742 
0.00979909 -0.0180616 -1.28842e-05 1.84009e-05 -0.0180616 0.0894001 9.65813e-06 -9.09385e-05 -1.28842e-05 9.65813e-06 0.00984151 -0.0180043 1.84009e-05 -9.09385e-05 -0.0180043 0.0888135 
0.00977924 -0.0180697 -3.36956e-05 4.68353e-05 -0.0180697 0.0894063 3.6725e-05 -0.000153883 -3.36956e-05 3.6725e-05 0.00985082 -0.0179774 4.68353e-05 -0.000153883 -0.0179774 0.088735 
0.0097503 -0.0180512 -4.81301e-05 7.62615e-05 -0.0180512 0.0894019 6.61924e-05 -0.000233051 -4.81301e-05 6.61924e-05 0.00986652 -0.0179924 7.62615e-05 -0.000233051 -0.0179924 0.0887395 
0.00975219 -0.0180361 -3.37049e-05 9.30046e-05 -0.0180361 0.0894498 8.38546e-05 -0.000293076 -3.37049e-05 8.38546e-05 0.00988582 -0.018039 9.30046e-05 -0.000293076 -0.018039 0.0889055 
0.00974976 -0.0180072 -1.03784e-05 7.45488e-05 -0.0180072 0.0893266 6.5018e-05 -0.00028568 -1.03784e-05 6.5018e-05 0.00987919 -0.0180346 7.45488e-05 -0.00028568 -0.0180346 0.0888822 
0.00976304 -0.0180159 8.7523e-06 4.33362e-05 -0.0180159 0.0893324 3.55823e-05 -0.00022696 8.7523e-06 3.55823e-05 0.00988052 -0.0180385 4.33362e-05 -0.00022696 -0.0180385 0.0889154 
0.0097525 -0.0179803 9.98572e-06 1.84418e-05 -0.0179803 0.0890957 1.18736e-05 -0.000161511 9.98572e-06 1.18736e-05 0.00985216 -0.0179778 1.84418e-05 -0.000161511 -0.0179778 0.0886331 
0.00976385 -0.0179986 7.74816e-06 1.52291e-05 -0.0179986 0.0891155 7.42874e-06 -0.000127074 7.74816e-06 7.42874e-06 0.00984003 -0.0179695 1.52291e-05 -0.000127074 -0.0179695 0.0885801 
0.00975461 -0.0180045 1.35455e-05 2.13575e-05 -0.0180045 0.0891067 1.32895e-05 -0.000131306 1.35455e-05 1.32895e-05 0.00983023 -0.0179521 2.13575e-05 -0.000131306 -0.0179521 0.0885102 
0.00974564 -0.0179946 3.0268e-05 1.78755e-05 -0.0179946 0.0890953 1.30051e-05 -0.000139687 3.0268e-05 1.30051e-05 0.00982162 -0.0179507 1.78755e-05 -0.000139687 -0.0179507 0.0885 
0.00974184 -0.0179698 4.0857e-05 -5.80032e-06 -0.0179698 0.0890002 -5.0795e-06 -0.000110143 4.0857e-05 -5.0795e-06 0.00980449 -0.0179285 -5.80032e-06 -0.000110143 -0.0179285 0.0884256 
0.00972351 -0.017942 4.51722e-05 -2.10907e-05 -0.017942 0.0888413 -1.71666e-05 -7.34641e-05 4.51722e-05 -1.71666e-05 0.00979079 -0.0178882 -2.10907e-05 -7.34641e-05 -0.0178882 0.0882626 
0.00970282 -0.0178822 4.4714e-05 -3.09021e-05 -0.0178822 0.0885514 -2.65346e-05 -3.87838e-05 4.4714e-05 -2.65346e-05 0.00975823 -0.0178337 -3.09021e-05 -3.87838e-05 -0.0178337 0.0879773 
0.00969522 -0.0178735 3.88178e-05 -2.76521e-05 -0.0178735 0.0884613 -2.42632e-05 -3.19186e-05 3.88178e-05 -2.42632e-05 0.00975636 -0.017815 -2.76521e-05 -3.19186e-05 -0.017815 0.0878839 
0.00975771 -0.0179599 3.22726e-05 -1.92895e-05 -0.0179599 0.088867 -1.50775e-05 -4.81034e-05 3.22726e-05 -1.50775e-05 0.00977795 -0.0178995 -1.92895e-05 -4.81034e-05 -0.0178995 0.0882676 
0.00977768 -0.0180003 3.07867e-05 -1.35075e-05 -0.0180003 0.088982 -5.85671e-06 -6.59791e-05 3.07867e-05 -5.85671e-06 0.0097802 -0.0178857 -1.35075e-05 -6.59791e-05 -0.0178857 0.0882876 
0.00980337 -0.0180446 2.82901e-05 -1.19959e-05 -0.0180446 0.089161 -4.54696e-06 -7.50937e-05 2.82901e-05 -4.54696e-06 0.00979296 -0.0178985 -1.19959e-05 -7.50937e-05 -0.0178985 0.0883536 
0.00981678 -0.0180649 2.0293e-05 -9.81188e-06 -0.0180649 0.0892348 -3.1522e-06 -7.88e-05 2.0293e-05 -3.1522e-06 0.00979628 -0.017906 -9.81188e-06 -7.88e-05 -0.017906 0.0883661 
0.00985405 -0.0181718 1.3843e-05 2.47216e-06 -0.0181718 0.0897322 7.12809e-06 -9.8514e-05 1.3843e-05 7.12809e-06 0.00985487 -0.0179981 2.47216e-06 -9.8514e-05 -0.0179981 0.0888149 
0.00986106 -0.0181776 1.19476e-06 1.17262e-05 -0.0181776 0.0898344 1.34804e-05 -0.000118623 1.19476e-06 1.34804e-05 0.00987192 -0.0180324 1.17262e-05 -0.000118623 -0.0180324 0.0889448 
0.00984681 -0.0181573 -3.48922e-06 2.95349e-05 -0.0181573 0.0897492 2.76668e-05 -0.000151884 -3.48922e-06 2.76668e-05 0.0098763 -0.0180224 2.95349e-05 -0.000151884 -0.0180224 0.0888898 
0.00985834 -0.0181797 -4.55097e-06 3.60913e-05 -0.0181797 0.089884 3.24075e-05 -0.000176634 -4.55097e-06 3.24075e-05 0.00990396 -0.0180665 3.60913e-05 -0.000176634 -0.0180665 0.089064 
0.00984657 -0.0181769 5.28552e-06 3.92449e-05 -0.0181769 0.08989 3.35673e-05 -0.000190309 5.28552e-06 3.35673e-05 0.0099235 -0.0180877 3.92449e-05 -0.000190309 -0.0180877 0.0891293 
0.00982729 -0.0181656 2.16962e-05 2.80264e-05 -0.0181656 0.0898825 2.29245e-05 -0.000179087 2.16962e-05 2.29245e-05 0.00993967 -0.0181096 2.80264e-05 -0.000179087 -0.0181096 0.0891894 
0.00982301 -0.0181319 3.26838e-05 4.90161e-06 -0.0181319 0.0897838 2.11393e-06 -0.000136244 3.26838e-05 2.11393e-06 0.0099346 -0.0181108 4.90161e-06 -0.000136244 -0.0181108 0.0891643 
0.00980409 -0.0180717 1.63988e-05 -1.01355e-05 -0.0180717 0.0894664 -1.02515e-05 -9.435e-05 1.63988e-05 -1.02515e-05 0.00990532 -0.0180538 -1.01355e-05 -9.435e-05 -0.0180538 0.0888868 
0.00982437 -0.018108 7.33848e-06 1.01375e-05 -0.018108 0.0895726 1.19968e-05 -0.000113794 7.33848e-06 1.19968e-05 0.00992036 -0.0180707 1.01375e-05 -0.000113794 -0.0180707 0.0889649 
0.00987408 -0.0181735 1.33436e-05 2.29548e-05 -0.0181735 0.0898539 2.46344e-05 -0.000149815 1.33436e-05 2.46344e-05 0.00992496 -0.0181235 2.29548e-05 -0.000149815 -0.0181235 0.0891982 
0.00989819 -0.0182475 9.47188e-06 2.01642e-05 -0.0182475 0.0901443 1.99493e-05 -0.000165118 9.47188e-06 1.99493e-05 0.0099339 -0.018147 2.01642e-05 -0.000165118 -0.018147 0.0893956 
0.00990222 -0.0182617 1.10912e-05 2.57341e-05 -0.0182617 0.090248 2.51608e-05 -0.000178096 1.10912e-05 2.51608e-05 0.00993013 -0.0181426 2.57341e-05 -0.000178096 -0.0181426 0.0894253 
0.00992447 -0.0182658 2.52406e-05 2.39389e-05 -0.0182658 0.0903069 2.40765e-05 -0.000182778 2.52406e-05 2.40765e-05 0.0099179 -0.0181448 2.39389e-05 -0.000182778 -0.0181448 0.0894659 
0.00992074 -0.0182806 4.32591e-05 5.31525e-06 -0.0182806 0.0903179 4.52018e-06 -0.000152888 4.32591e-05 4.52018e-06 0.00991253 -0.0181188 5.31525e-06 -0.000152888 -0.0181188 0.0894149 
0.00990311 -0.0182415 2.74556e-05 -1.78964e-05 -0.0182415 0.0901489 -1.79329e-05 -0.000100127 2.74556e-05 -1.79329e-05 0.00988582 -0.0180758 -1.78964e-05 -0.000100127 -0.0180758 0.0892073 
0.00990729 -0.0182756 -1.38818e-06 -3.33527e-06 -0.0182756 0.0903084 -3.48698e-06 -9.35952e-05 -1.38818e-06 -3.48698e-06 0.00991054 -0.0180942 -3.33527e-06 -9.35952e-05 -0.0180942 0.0893264 
0.00989251 -0.0182774 -1.6168e-05 3.19607e-05 -0.0182774 0.090377 2.99698e-05 -0.000148827 -1.6168e-05 2.99698e-05 0.00993949 -0.018122 3.19607e-05 -0.000148827 -0.018122 0.0894169 
0.00986447 -0.0182037 -1.48411e-05 5.30253e-05 -0.0182037 0.0901111 5.1049e-05 -0.000213061 -1.48411e-05 5.1049e-05 0.00992413 -0.0181066 5.30253e-05 -0.000213061 -0.0181066 0.0892654 
0.00983393 -0.0181391 -1.56969e-05 5.17589e-05 -0.0181391 0.0897943 5.14489e-05 -0.000237909 -1.56969e-05 5.14489e-05 0.00990039 -0.0180644 5.17589e-05 -0.000237909 -0.0180644 0.0890497 
0.00982979 -0.018118 -9.59182e-06 5.60142e-05 -0.018118 0.0896713 5.41926e-05 -0.000252399 -9.59182e-06 5.41926e-05 0.0098986 -0.0180508 5.60142e-05 -0.000252399 -0.0180508 0.088975 
0.00986896 -0.0181653 1.16808e-05 5.34336e-05 -0.0181653 0.0898663 4.66683e-05 -0.000255171 1.16808e-05 4.66683e-05 0.00991471 -0.0181005 5.34336e-05 -0.000255171 -0.0181005 0.0891875 
0.00991019 -0.0182128 2.95773e-05 2.85282e-05 -0.0182128 0.0900198 1.62728e-05 -0.000210562 2.95773e-05 1.62728e-05 0.00991387 -0.0181162 2.85282e-05 -0.000210562 -0.0181162 0.0892934 
0.00994453 -0.0183072 3.12573e-05 7.43387e-06 -0.0183072 0.0903724 -4.78888e-06 -0.000157245 3.12573e-05 -4.78888e-06 0.00994057 -0.0181504 7.43387e-06 -0.000157245 -0.0181504 0.0895178 
0.00997347 -0.0183665 4.35256e-05 6.78225e-06 -0.0183665 0.0906658 -2.57407e-06 -0.000142033 4.35256e-05 -2.57407e-06 0.00996739 -0.0181874 6.78225e-06 -0.000142033 -0.0181874 0.0897005 
0.00998182 -0.0184273 3.06886e-05 -3.70117e-06 -0.0184273 0.0909711 -9.52849e-06 -0.00013531 3.06886e-05 -9.52849e-06 0.010015 -0.018242 -3.70117e-06 -0.00013531 -0.018242 0.0899501 
0.00998221 -0.0184116 2.34968e-06 1.0409e-05 -0.0184116 0.0909939 9.70347e-06 -0.000158725 2.34968e-06 9.70347e-06 0.0100192 -0.0182705 1.0409e-05 -0.000158725 -0.0182705 0.0900144 
0.00998245 -0.0183711 -1.67688e-05 4.15155e-05 -0.0183711 0.0908129 4.38226e-05 -0.00022255 -1.67688e-05 4.38226e-05 0.00998965 -0.018244 4.15155e-05 -0.00022255 -0.018244 0.0898928 
0.00995558 -0.0183293 -5.23528e-06 6.45643e-05 -0.0183293 0.0905355 6.72951e-05 -0.000287963 -5.23528e-06 6.72951e-05 0.0099617 -0.0181727 6.45643e-05 -0.000287963 -0.0181727 0.0895988 
0.00991855 -0.0182484 1.70668e-05 5.32178e-05 -0.0182484 0.090137 5.62931e-05 -0.000299185 1.70668e-05 5.62931e-05 0.00991675 -0.0181 5.32178e-05 -0.000299185 -0.0181 0.0892084 
0.00991833 -0.0182893 2.55342e-05 2.23299e-05 -0.0182893 0.0903002 2.31046e-05 -0.0002417 2.55342e-05 2.31046e-05 0.00994965 -0.01813 2.23299e-05 -0.0002417 -0.01813 0.0893645 
0.00990863 -0.0182966 2.64532e-05 5.87495e-06 -0.0182966 0.0904012 7.4162e-06 -0.000180599 2.64532e-05 7.4162e-06 0.00997293 -0.0181682 5.87495e-06 -0.000180599 -0.0181682 0.0894963 
0.0099045 -0.0183099 3.2563e-05 2.2254e-06 -0.0183099 0.0905498 5.60118e-06 -0.000152513 3.2563e-05 5.60118e-06 0.00999606 -0.0182217 2.2254e-06 -0.000152513 -0.0182217 0.0897251 
0.00990705 -0.0182637 4.83668e-05 -7.13773e-06 -0.0182637 0.0904166 -1.56974e-06 -0.000129075 4.83668e-05 -1.56974e-06 0.00997462 -0.0182135 -7.13773e-06 -0.000129075 -0.0182135 0.0896919 
0.0098906 -0.0182019 4.82703e-05 -2.51122e-05 -0.0182019 0.0900479 -2.05937e-05 -9.02958e-05 4.82703e-05 -2.05937e-05 0.00993059 -0.0181247 -2.51122e-05 -9.02958e-05 -0.0181247 0.0893243 
0.00990567 -0.0182158 4.68159e-05 -2.51781e-05 -0.0182158 0.0900196 -2.00331e-05 -7.22281e-05 4.68159e-05 -2.00331e-05 0.00989623 -0.0181004 -2.51781e-05 -7.22281e-05 -0.0181004 0.0892189 
0.00995975 -0.0183282 4.23272e-05 -2.2804e-05 -0.0183282 0.090492 -1.59503e-05 -7.44567e-05 4.23272e-05 -1.59503e-05 0.00990766 -0.0181477 -2.2804e-05 -7.44567e-05 -0.0181477 0.0895479 
0.00995469 -0.0183304 4.30758e-05 -1.55911e-05 -0.0183304 0.0904895 -1.13289e-05 -8.59528e-05 4.30758e-05 -1.13289e-05 0.00989165 -0.0180933 -1.55911e-05 -8.59528e-05 -0.0180933 0.0893902 
0.00990213 -0.0182671 3.26921e-05 -1.4901e-05 -0.0182671 0.0902032 -1.24241e-05 -9.28541e-05 3.26921e-05 -1.24241e-05 0.00987156 -0.0180221 -1.4901e-05 -9.28541e-05 -0.0180221 0.0890351 
0.00984972 -0.0182209 1.3615e-05 -1.79687e-06 -0.0182209 0.0900598 -1.94979e-06 -0.000111494 1.3615e-05 -1.94979e-06 0.00989095 -0.0180171 -1.79687e-06 -0.000111494 -0.0180171 0.0889391 
0.00980008 -0.0181009 -1.21594e-05 2.3848e-05 -0.0181009 0.0896301 2.03578e-05 -0.000157698 -1.21594e-05 2.03578e-05 0.00987231 -0.0179985 2.3848e-05 -0.000157698 -0.0179985 0.0887173 
0.00976535 -0.018024 -7.52275e-06 5.45899e-05 -0.018024 0.0892696 4.98881e-05 -0.000223034 -7.52275e-06 4.98881e-05 0.00984986 -0.0179703 5.45899e-05 -0.000223034 -0.0179703 0.0885453 
0.00975413 -0.0179823 1.49623e-06 4.65776e-05 -0.0179823 0.0890551 4.33836e-05 -0.000238602 1.49623e-06 4.33836e-05 0.00982009 -0.0179478 4.65776e-05 -0.000238602 -0.0179478 0.0884372 
0.00970495 -0.0178905 2.50578e-06 2.83505e-05 -0.0178905 0.0885612 2.95498e-05 -0.000204817 2.50578e-06 2.95498e-05 0.00977248 -0.0178429 2.83505e-05 -0.000204817 -0.0178429 0.0879753 
0.00970889 -0.0178843 9.70648e-06 2.41287e-05 -0.0178843 0.0885023 2.97073e-05 -0.000183964 9.70648e-06 2.97073e-05 0.00976574 -0.0178329 2.41287e-05 -0.000183964 -0.0178329 0.0879097 
0.00976516 -0.0180225 2.52659e-05 1.75393e-05 -0.0180225 0.0891345 2.26369e-05 -0.000169696 2.52659e-05 2.26369e-05 0.00983678 -0.0179585 1.75393e-05 -0.000169696 -0.0179585 0.0885218 
0.00979965 -0.018095 3.69033e-05 -1.92085e-06 -0.018095 0.0895414 1.23261e-07 -0.000128625 3.69033e-05 1.23261e-07 0.00988684 -0.0180458 -1.92085e-06 -0.000128625 -0.0180458 0.0889373 
0.00978802 -0.0180824 1.28815e-05 -1.81195e-05 -0.0180824 0.0895247 -1.61412e-05 -8.06062e-05 1.28815e-05 -1.61412e-05 0.00990481 -0.0180557 -1.81195e-05 -8.06062e-05 -0.0180557 0.0889692 
0.00981341 -0.0181204 4.89317e-06 9.94214e-06 -0.0181204 0.0897564 1.33489e-05 -0.000104403 4.89317e-06 1.33489e-05 0.00994151 -0.0181322 9.94214e-06 -0.000104403 -0.0181322 0.0892843 
0.00982596 -0.0181375 1.10474e-05 2.42583e-05 -0.0181375 0.0898487 2.536e-05 -0.000148165 1.10474e-05 2.536e-05 0.0099533 -0.0181644 2.42583e-05 -0.000148165 -0.0181644 0.0894386 
0.00981572 -0.0181307 1.98171e-05 2.10463e-05 -0.0181307 0.0897971 1.64459e-05 -0.000157244 1.98171e-05 1.64459e-05 0.00995459 -0.0181457 2.10463e-05 -0.000157244 -0.0181457 0.0893789 
0.00982015 -0.0181377 2.17635e-05 1.22243e-05 -0.0181377 0.0898472 3.49533e-06 -0.000138912 2.17635e-05 3.49533e-06 0.00995488 -0.0181579 1.22243e-05 -0.000138912 -0.0181579 0.0894144 
0.00983075 -0.0181476 1.9476e-05 1.14672e-05 -0.0181476 0.089903 2.74669e-06 -0.00013288 1.9476e-05 2.74669e-06 0.00994039 -0.0181613 1.14672e-05 -0.00013288 -0.0181613 0.0894495 
0.00983054 -0.0181205 1.28018e-05 1.46224e-05 -0.0181205 0.08976 7.0278e-06 -0.00013938 1.28018e-05 7.0278e-06 0.00991651 -0.0181094 1.46224e-05 -0.00013938 -0.0181094 0.0892648 
0.00982714 -0.0181034 1.18581e-05 2.25745e-05 -0.0181034 0.0896189 1.86572e-05 -0.000161591 1.18581e-05 1.86572e-05 0.00990226 -0.0180673 2.25745e-05 -0.000161591 -0.0180673 0.0890683 
0.00981313 -0.0180923 1.99106e-05 2.70763e-05 -0.0180923 0.0895175 2.47865e-05 -0.000186756 1.99106e-05 2.47865e-05 0.00990315 -0.0180494 2.70763e-05 -0.000186756 -0.0180494 0.0889446 
0.00980909 -0.0181074 4.65786e-06 2.05905e-05 -0.0181074 0.0895912 1.87614e-05 -0.000191062 4.65786e-06 1.87614e-05 0.00992469 -0.0180804 2.05905e-05 -0.000191062 -0.0180804 0.0890383 
0.009853 -0.018133 8.98625e-06 3.95254e-05 -0.018133 0.0897615 3.80476e-05 -0.000221489 8.98625e-06 3.80476e-05 0.00992765 -0.0181386 3.95254e-05 -0.000221489 -0.0181386 0.089274 
0.00986045 -0.0181597 1.94048e-05 3.74854e-05 -0.0181597 0.0897874 3.3785e-05 -0.000238139 1.94048e-05 3.3785e-05 0.00993916 -0.0181189 3.74854e-05 -0.000238139 -0.0181189 0.0892664 
0.00990178 -0.0182244 2.12284e-05 2.56028e-05 -0.0182244 0.0900829 2.25692e-05 -0.000226644 2.12284e-05 2.25692e-05 0.00995639 -0.0181791 2.56028e-05 -0.000226644 -0.0181791 0.0895115 
0.00996517 -0.0183252 3.09338e-05 2.17959e-05 -0.0183252 0.0905355 1.78218e-05 -0.000211183 3.09338e-05 1.78218e-05 0.00996569 -0.018248 2.17959e-05 -0.000211183 -0.018248 0.089896 
0.00997996 -0.0183841 4.31964e-05 1.13843e-05 -0.0183841 0.0907578 2.58226e-06 -0.000185558 4.31964e-05 2.58226e-06 0.00997159 -0.0182284 1.13843e-05 -0.000185558 -0.0182284 0.0899501 
0.00996233 -0.0183769 5.1515e-05 -5.69174e-06 -0.0183769 0.0907541 -1.49684e-05 -0.000143765 5.1515e-05 -1.49684e-05 0.00997614 -0.0181956 -5.69174e-06 -0.000143765 -0.0181956 0.0898074 
0.00994936 -0.0183511 4.35198e-05 -2.26684e-05 -0.0183511 0.0906954 -2.68609e-05 -9.74378e-05 4.35198e-05 -2.68609e-05 0.00997643 -0.0181939 -2.26684e-05 -9.74378e-05 -0.0181939 0.0897293 
0.00992892 -0.0183121 3.90423e-05 -1.73527e-05 -0.0183121 0.0905347 -1.79207e-05 -8.62287e-05 3.90423e-05 -1.79207e-05 0.00997742 -0.0181782 -1.73527e-05 -8.62287e-05 -0.0181782 0.0896157 
0.00995147 -0.0182951 2.65683e-05 -1.16884e-05 -0.0182951 0.090478 -7.05541e-06 -0.000101735 2.65683e-05 -7.05541e-06 0.00996554 -0.0182006 -1.16884e-05 -0.000101735 -0.0182006 0.0896557 
0.00995768 -0.0183063 2.65239e-05 8.18056e-06 -0.0183063 0.0904293 1.6109e-05 -0.000149904 2.65239e-05 1.6109e-05 0.00996553 -0.0181854 8.18056e-06 -0.000149904 -0.0181854 0.08963 
0.00996437 -0.0183601 2.86883e-05 1.03659e-05 -0.0183601 0.0906282 2.12294e-05 -0.000183238 2.86883e-05 2.12294e-05 0.00999684 -0.0182129 1.03659e-05 -0.000183238 -0.0182129 0.089764 
