0.0071943 0 -5.88941e-05 0 0 0.0102924 0 0 -5.88941e-05 0 0.00732165 0 0 0 0 0.0102924 
0.010425 -0.0129432 -7.41523e-05 8.96121e-05 -0.0129432 0.0344478 8.96121e-05 -0.000171761 -7.41523e-05 8.96121e-05 0.0105518 -0.0130945 8.96121e-05 -0.000171761 -0.0130945 0.0347381 
0.00911402 -0.0170466 -3.9168e-05 5.75187e-05 -0.0170466 0.0628797 5.75187e-05 -0.00017223 -3.9168e-05 5.75187e-05 0.00919155 -0.0170598 5.75187e-05 -0.00017223 -0.0170598 0.0628771 
0.00862158 -0.0168638 -9.00028e-06 -7.36925e-06 -0.0168638 0.0758129 -1.0071e-05 0.00011145 -9.00028e-06 -1.0071e-05 0.00871281 -0.0166638 -7.36925e-06 0.00011145 -0.0166638 0.0746008 
0.00987501 -0.0187074 1.49296e-05 -3.40164e-05 -0.0187074 0.0908546 -3.94121e-05 0.000296912 1.49296e-05 -3.94121e-05 0.00997663 -0.018507 -3.40164e-05 0.000296912 -0.018507 0.0888632 
0.00961185 -0.017889 1.7858e-05 -4.6645e-05 -0.017889 0.0885045 -4.99924e-05 0.000291072 1.7858e-05 -4.99924e-05 0.00975679 -0.0177781 -4.6645e-05 0.000291072 -0.0177781 0.0869041 
0.0092978 -0.0171881 9.22485e-06 -4.14254e-05 -0.0171881 0.0852733 -4.48625e-05 0.000236244 9.22485e-06 -4.48625e-05 0.00946087 -0.0171723 -4.14254e-05 0.000236244 -0.0171723 0.0842155 
0.00905369 -0.0166656 -2.05804e-06 -2.75683e-05 -0.0166656 0.0826505 -3.33051e-05 0.000179783 -2.05804e-06 -3.33051e-05 0.00917626 -0.0166876 -2.75683e-05 0.000179783 -0.0166876 0.0819441 
0.0102733 -0.0189155 -2.20399e-05 -1.65108e-05 -0.0189155 0.0936501 -2.07181e-05 0.000151833 -2.20399e-05 -2.07181e-05 0.0103895 -0.0188978 -1.65108e-05 0.000151833 -0.0188978 0.092942 
0.0101481 -0.0186908 -3.81929e-05 6.95734e-06 -0.0186908 0.0924692 4.35424e-06 9.07873e-05 -3.81929e-05 4.35424e-06 0.0102554 -0.0186383 6.95734e-06 9.07873e-05 -0.0186383 0.0917219 
0.0101058 -0.0185671 -4.55552e-05 3.06665e-05 -0.0185671 0.0918253 2.59198e-05 2.76211e-05 -4.55552e-05 2.59198e-05 0.0101526 -0.0185035 3.06665e-05 2.76211e-05 -0.0185035 0.0910327 
0.0101002 -0.0185316 -3.50871e-05 4.10543e-05 -0.0185316 0.0915159 3.66149e-05 -1.61966e-05 -3.50871e-05 3.66149e-05 0.0100791 -0.0183974 4.10543e-05 -1.61966e-05 -0.0183974 0.0906007 
0.0100953 -0.0185548 -2.5033e-05 2.66063e-05 -0.0185548 0.0914979 2.42317e-05 -1.05249e-05 -2.5033e-05 2.42317e-05 0.0100508 -0.0183328 2.66063e-05 -1.05249e-05 -0.0183328 0.0903789 
0.0100859 -0.0185652 -1.93635e-05 1.25607e-05 -0.0185652 0.0915445 1.01888e-05 2.01874e-05 -1.93635e-05 1.01888e-05 0.0100411 -0.0183082 1.25607e-05 2.01874e-05 -0.0183082 0.0902723 
0.0100281 -0.018559 -8.82815e-06 9.62205e-06 -0.018559 0.091551 2.52988e-06 3.9189e-05 -8.82815e-06 2.52988e-06 0.0100817 -0.0182974 9.62205e-06 3.9189e-05 -0.0182974 0.0902139 
0.00997723 -0.0184564 1.52459e-05 -1.03935e-06 -0.0184564 0.0912697 -1.35674e-05 6.55638e-05 1.52459e-05 -1.35674e-05 0.0100781 -0.0183064 -1.03935e-06 6.55638e-05 -0.0183064 0.0900752 
0.00992726 -0.0183365 1.83089e-05 -3.11128e-05 -0.0183365 0.0907651 -4.28213e-05 0.000122268 1.83089e-05 -4.28213e-05 0.0100428 -0.0182598 -3.11128e-05 0.000122268 -0.0182598 0.0897872 
0.00991986 -0.0183037 -2.51737e-06 -3.84564e-05 -0.0183037 0.0905984 -4.40429e-05 0.000156276 -2.51737e-06 -4.40429e-05 0.010028 -0.0182559 -3.84564e-05 0.000156276 -0.0182559 0.0897646 
0.00991727 -0.0182966 -2.17202e-05 -1.59393e-05 -0.0182966 0.0905318 -1.25086e-05 0.00012227 -2.17202e-05 -1.25086e-05 0.0100138 -0.0182487 -1.59393e-05 0.00012227 -0.0182487 0.0897608 
0.00993438 -0.0183273 -3.10901e-05 5.8038e-06 -0.0183273 0.0906669 1.83735e-05 5.81716e-05 -3.10901e-05 1.83735e-05 0.0100156 -0.0182645 5.8038e-06 5.81716e-05 -0.0182645 0.089893 
0.0098994 -0.0182504 -8.16299e-06 1.54078e-05 -0.0182504 0.0902806 2.95594e-05 1.56492e-05 -8.16299e-06 2.95594e-05 0.009964 -0.0181699 1.54078e-05 1.56492e-05 -0.0181699 0.089481 
0.00987065 -0.0181987 5.96994e-06 -1.17604e-05 -0.0181987 0.0899965 -1.5149e-06 4.77492e-05 5.96994e-06 -1.5149e-06 0.00993023 -0.0181001 -1.17604e-05 4.77492e-05 -0.0181001 0.0891614 
0.00985532 -0.0181631 -3.67503e-06 -2.92545e-05 -0.0181631 0.0898175 -2.36597e-05 0.000103483 -3.67503e-06 -2.36597e-05 0.00991666 -0.0180687 -2.92545e-05 0.000103483 -0.0180687 0.08899 
0.00986473 -0.0182223 -1.28894e-05 -1.76275e-05 -0.0182223 0.0900883 -1.39542e-05 0.000111271 -1.28894e-05 -1.39542e-05 0.00996096 -0.0181328 -1.76275e-05 0.000111271 -0.0181328 0.0892806 
0.00987354 -0.0182113 -9.78943e-06 -4.14339e-06 -0.0182113 0.0901186 -2.73769e-06 8.88067e-05 -9.78943e-06 -2.73769e-06 0.00996537 -0.018166 -4.14339e-06 8.88067e-05 -0.018166 0.0893921 
0.00988583 -0.0182151 4.3079e-06 -3.5498e-06 -0.0182151 0.0901214 -5.28956e-06 7.54167e-05 4.3079e-06 -5.28956e-06 0.00994552 -0.0181727 -3.5498e-06 7.54167e-05 -0.0181727 0.0894509 
0.0099304 -0.0182751 5.20823e-06 -2.26259e-05 -0.0182751 0.0903741 -2.52629e-05 0.000105431 5.20823e-06 -2.52629e-05 0.00994433 -0.0181945 -2.26259e-05 0.000105431 -0.0181945 0.0896621 
0.00993089 -0.0182977 -5.61327e-07 -2.65727e-05 -0.0182977 0.0904186 -2.98252e-05 0.000132107 -5.61327e-07 -2.98252e-05 0.00995077 -0.0181572 -2.65727e-05 0.000132107 -0.0181572 0.0895834 
0.00992495 -0.0182903 -1.65268e-05 -2.23989e-05 -0.0182903 0.0903947 -2.34566e-05 0.000136409 -1.65268e-05 -2.34566e-05 0.00995358 -0.0181495 -2.23989e-05 0.000136409 -0.0181495 0.0894939 
0.00991845 -0.0183178 -2.15464e-05 -7.40597e-06 -0.0183178 0.0905406 -1.0362e-06 0.000109687 -2.15464e-05 -1.0362e-06 0.00998127 -0.0181892 -7.40597e-06 0.000109687 -0.0181892 0.0896426 
0.00988679 -0.0182519 -1.99065e-05 -2.23006e-06 -0.0182519 0.0903047 7.51527e-06 8.4115e-05 -1.99065e-05 7.51527e-06 0.00997145 -0.0181652 -2.23006e-06 8.4115e-05 -0.0181652 0.0894804 
0.00988338 -0.0182486 -6.56831e-06 -6.40194e-06 -0.0182486 0.0903131 3.59565e-06 8.52608e-05 -6.56831e-06 3.59565e-06 0.00998243 -0.0181894 -6.40194e-06 8.52608e-05 -0.0181894 0.0895681 
0.00990025 -0.0182545 8.40475e-06 -2.68406e-05 -0.0182545 0.0903613 -1.54316e-05 0.000122851 8.40475e-06 -1.54316e-05 0.00998306 -0.0182102 -2.68406e-05 0.000122851 -0.0182102 0.0896628 
0.00993648 -0.0182741 6.75761e-06 -4.6716e-05 -0.0182741 0.0904182 -3.56488e-05 0.000175785 6.75761e-06 -3.56488e-05 0.00996085 -0.0182135 -4.6716e-05 0.000175785 -0.0182135 0.0897137 
0.00995298 -0.0183132 -4.5973e-06 -4.36385e-05 -0.0183132 0.0904819 -3.69301e-05 0.000198845 -4.5973e-06 -3.69301e-05 0.00995028 -0.0181755 -4.36385e-05 0.000198845 -0.0181755 0.0896456 
0.00993925 -0.0183413 -3.0983e-05 -2.49367e-05 -0.0183413 0.0905708 -2.36456e-05 0.000178213 -3.0983e-05 -2.36456e-05 0.00996324 -0.0181576 -2.49367e-05 0.000178213 -0.0181576 0.0895808 
0.00991792 -0.0183097 -2.86292e-05 9.72987e-06 -0.0183097 0.0905076 8.26996e-06 0.000112489 -2.86292e-05 8.26996e-06 0.00997992 -0.0181606 9.72987e-06 0.000112489 -0.0181606 0.0895154 
0.00991653 -0.0183198 -2.24665e-05 9.49239e-06 -0.0183198 0.0906171 1.01049e-05 7.65249e-05 -2.24665e-05 1.01049e-05 0.0100243 -0.0182252 9.49239e-06 7.65249e-05 -0.0182252 0.0897325 
0.00990711 -0.0182753 -1.03652e-05 -1.9987e-06 -0.0182753 0.0904655 3.04675e-06 8.53936e-05 -1.03652e-05 3.04675e-06 0.0100203 -0.0182485 -1.9987e-06 8.53936e-05 -0.0182485 0.0897507 
0.00991846 -0.018278 -4.09159e-07 -2.35399e-05 -0.018278 0.0904496 -1.61547e-05 0.000131101 -4.09159e-07 -1.61547e-05 0.0100128 -0.0182576 -2.35399e-05 0.000131101 -0.0182576 0.0898182 
0.00991017 -0.0182688 -2.73784e-06 -3.73599e-05 -0.0182688 0.0903571 -2.90596e-05 0.000175381 -2.73784e-06 -2.90596e-05 0.00999192 -0.0182272 -3.73599e-05 0.000175381 -0.0182272 0.0897201 
0.00990789 -0.0182581 -8.09409e-06 -3.76188e-05 -0.0182581 0.0902958 -2.83444e-05 0.000196881 -8.09409e-06 -2.83444e-05 0.00997611 -0.0181995 -3.76188e-05 0.000196881 -0.0181995 0.0896191 
0.00990072 -0.0182415 -2.69942e-05 -3.01577e-05 -0.0182415 0.0901802 -2.15076e-05 0.000191525 -2.69942e-05 -2.15076e-05 0.00994324 -0.0181543 -3.01577e-05 0.000191525 -0.0181543 0.0894278 
0.00989158 -0.0182076 -3.50841e-05 -7.27212e-06 -0.0182076 0.0899885 -4.61343e-06 0.000161439 -3.50841e-05 -4.61343e-06 0.00989654 -0.0180897 -7.27212e-06 0.000161439 -0.0180897 0.0891575 
0.00987763 -0.0182196 -4.31702e-05 6.92777e-06 -0.0182196 0.0899918 3.43e-06 0.000128464 -4.31702e-05 3.43e-06 0.0098744 -0.0180506 6.92777e-06 0.000128464 -0.0180506 0.0890424 
0.00984912 -0.0181569 -3.59571e-05 2.18702e-05 -0.0181569 0.0897424 1.53133e-05 9.07109e-05 -3.59571e-05 1.53133e-05 0.00982688 -0.0179792 2.18702e-05 9.07109e-05 -0.0179792 0.0887329 
0.00983293 -0.0181188 -3.16545e-05 1.48652e-05 -0.0181188 0.089571 9.85968e-06 8.16539e-05 -3.16545e-05 9.85968e-06 0.0098079 -0.017932 1.48652e-05 8.16539e-05 -0.017932 0.0885497 
0.00980451 -0.0180686 -2.14858e-05 7.88245e-06 -0.0180686 0.0893246 5.78129e-06 9.00728e-05 -2.14858e-05 5.78129e-06 0.00978633 -0.0178881 7.88245e-06 9.00728e-05 -0.0178881 0.0883254 
0.00977954 -0.0180425 -2.31394e-05 -8.26086e-06 -0.0180425 0.089208 -6.99213e-06 0.000118117 -2.31394e-05 -6.99213e-06 0.00979464 -0.01788 -8.26086e-06 0.000118117 -0.01788 0.088265 
0.00976909 -0.0179855 -3.24299e-05 -8.59397e-06 -0.0179855 0.0889771 -3.54558e-06 0.000128815 -3.24299e-05 -3.54558e-06 0.00976712 -0.0178658 -8.59397e-06 0.000128815 -0.0178658 0.0881313 
0.00977326 -0.0180331 -3.55477e-05 -1.12863e-06 -0.0180331 0.0891476 8.40964e-06 0.000119078 -3.55477e-05 8.40964e-06 0.00979278 -0.0178962 -1.12863e-06 0.000119078 -0.0178962 0.0883263 
0.00972574 -0.0180012 -4.25945e-05 3.32625e-06 -0.0180012 0.0890497 1.29509e-05 0.000104905 -4.25945e-05 1.29509e-05 0.0098128 -0.0178867 3.32625e-06 0.000104905 -0.0178867 0.0882593 
0.00969431 -0.0179479 -3.927e-05 1.37913e-05 -0.0179479 0.0889457 2.26315e-05 8.24417e-05 -3.927e-05 2.26315e-05 0.00982911 -0.0179216 1.37913e-05 8.24417e-05 -0.0179216 0.0883163 
0.00967736 -0.0178624 -4.17181e-05 1.30199e-05 -0.0178624 0.08861 2.0156e-05 7.06866e-05 -4.17181e-05 2.0156e-05 0.00979806 -0.0179012 1.30199e-05 7.06866e-05 -0.0179012 0.0881734 
0.00965447 -0.0178217 -3.53943e-05 1.46475e-05 -0.0178217 0.0883406 1.97648e-05 7.08657e-05 -3.53943e-05 1.97648e-05 0.00978098 -0.0178516 1.46475e-05 7.08657e-05 -0.0178516 0.0879796 
0.00966315 -0.017818 -1.83675e-05 6.90138e-06 -0.017818 0.0883065 1.02263e-05 8.53425e-05 -1.83675e-05 1.02263e-05 0.00976985 -0.0178578 6.90138e-06 8.53425e-05 -0.0178578 0.087979 
0.00969751 -0.0178687 4.22826e-06 -1.48887e-05 -0.0178687 0.0885044 -1.20336e-05 0.000127586 4.22826e-06 -1.20336e-05 0.00976175 -0.0178847 -1.48887e-05 0.000127586 -0.0178847 0.0881572 
0.0097298 -0.0179226 8.6376e-06 -4.3647e-05 -0.0179226 0.0887086 -4.16566e-05 0.000194071 8.6376e-06 -4.16566e-05 0.0097465 -0.0178769 -4.3647e-05 0.000194071 -0.0178769 0.0882421 
0.00973393 -0.0179607 6.41763e-06 -4.38984e-05 -0.0179607 0.088854 -4.70395e-05 0.000224169 6.41763e-06 -4.70395e-05 0.00975111 -0.0178509 -4.38984e-05 0.000224169 -0.0178509 0.088223 
0.00970598 -0.0179273 1.01112e-05 -3.46573e-05 -0.0179273 0.0887399 -4.12157e-05 0.000213911 1.01112e-05 -4.12157e-05 0.0097607 -0.0178164 -3.46573e-05 0.000213911 -0.0178164 0.0880359 
0.00971629 -0.0179068 1.16242e-06 -3.50989e-05 -0.0179068 0.0887028 -4.07797e-05 0.000198945 1.16242e-06 -4.07797e-05 0.00975565 -0.0178454 -3.50989e-05 0.000198945 -0.0178454 0.0880615 
0.00971716 -0.0178887 -1.40334e-05 -2.16048e-05 -0.0178887 0.0885565 -2.82147e-05 0.000169943 -1.40334e-05 -2.82147e-05 0.00972887 -0.0178169 -2.16048e-05 0.000169943 -0.0178169 0.0879491 
0.00970032 -0.0178711 -2.37175e-05 4.02842e-07 -0.0178711 0.0884015 -1.07482e-05 0.00012358 -2.37175e-05 -1.07482e-05 0.00970764 -0.0177639 4.02842e-07 0.00012358 -0.0177639 0.0877417 
0.00967415 -0.0178321 -1.42553e-05 1.32948e-05 -0.0178321 0.0882054 -8.91706e-07 8.57823e-05 -1.42553e-05 -8.91706e-07 0.00968576 -0.0177178 1.32948e-05 8.57823e-05 -0.0177178 0.0875037 
0.00963933 -0.0178283 -8.65019e-06 1.60403e-06 -0.0178283 0.088202 -9.90988e-06 8.48046e-05 -8.65019e-06 -9.90988e-06 0.00970855 -0.0177211 1.60403e-06 8.48046e-05 -0.0177211 0.087498 
0.00963843 -0.0178092 -1.8621e-05 -7.25367e-06 -0.0178092 0.0882563 -1.32478e-05 9.60607e-05 -1.8621e-05 -1.32478e-05 0.00971651 -0.01778 -7.25367e-06 9.60607e-05 -0.01778 0.0876844 
0.00960008 -0.0177326 -1.24731e-05 8.47738e-07 -0.0177326 0.0879111 -3.89451e-06 9.17302e-05 -1.24731e-05 -3.89451e-06 0.00968843 -0.0177247 8.47738e-07 9.17302e-05 -0.0177247 0.0874587 
0.00958598 -0.0176964 -1.32778e-05 -5.97133e-06 -0.0176964 0.0877348 -9.34409e-06 9.51197e-05 -1.32778e-05 -9.34409e-06 0.00967569 -0.0176941 -5.97133e-06 9.51197e-05 -0.0176941 0.0873248 
0.00960474 -0.0177143 -7.8751e-06 -4.51926e-06 -0.0177143 0.0877994 -9.42623e-06 9.72202e-05 -7.8751e-06 -9.42623e-06 0.00967298 -0.0177067 -4.51926e-06 9.72202e-05 -0.0177067 0.0873845 
0.00961728 -0.0177174 -1.48464e-05 -9.42321e-06 -0.0177174 0.0877641 -1.41849e-05 0.000102061 -1.48464e-05 -1.41849e-05 0.00963859 -0.0176795 -9.42321e-06 0.000102061 -0.0176795 0.0872908 
0.00960913 -0.0176864 -1.92065e-05 -1.858e-06 -0.0176864 0.0875449 -4.28241e-06 9.01684e-05 -1.92065e-05 -4.28241e-06 0.00958161 -0.017593 -1.858e-06 9.01684e-05 -0.017593 0.0869608 
0.00959562 -0.0176933 -9.49672e-06 6.66945e-06 -0.0176933 0.0875083 6.70641e-06 6.20219e-05 -9.49672e-06 6.70641e-06 0.00957131 -0.0175371 6.66945e-06 6.20219e-05 -0.0175371 0.0867731 
0.00958452 -0.0176691 1.6131e-05 -6.4257e-06 -0.0176691 0.0874281 -9.08613e-06 7.4428e-05 1.6131e-05 -9.08613e-06 0.00957378 -0.0175206 -6.4257e-06 7.4428e-05 -0.0175206 0.0866465 
0.00958665 -0.0176859 3.60661e-05 -3.74553e-05 -0.0176859 0.0875155 -4.23758e-05 0.000133695 3.60661e-05 -4.23758e-05 0.00961154 -0.0175595 -3.74553e-05 0.000133695 -0.0175595 0.0867714 
0.00959891 -0.0177063 2.90837e-05 -6.35709e-05 -0.0177063 0.0876417 -6.56417e-05 0.000201153 2.90837e-05 -6.56417e-05 0.00964619 -0.0176227 -6.35709e-05 0.000201153 -0.0176227 0.0869818 
0.0095681 -0.0177006 1.01126e-05 -5.62999e-05 -0.0177006 0.0876135 -5.65064e-05 0.000215601 1.01126e-05 -5.65064e-05 0.00967755 -0.0176438 -5.62999e-05 0.000215601 -0.0176438 0.087033 
0.00956943 -0.0176933 -1.69184e-05 -2.86019e-05 -0.0176933 0.0876912 -2.99791e-05 0.000167746 -1.69184e-05 -2.99791e-05 0.00970321 -0.0177134 -2.86019e-05 0.000167746 -0.0177134 0.0872593 
0.0096065 -0.0177243 -3.19107e-05 8.4406e-06 -0.0177243 0.0878803 4.56704e-06 8.37615e-05 -3.19107e-05 4.56704e-06 0.00971836 -0.0177818 8.4406e-06 8.37615e-05 -0.0177818 0.0875828 
0.00962897 -0.0178034 -3.41382e-05 2.81904e-05 -0.0178034 0.0882055 2.45487e-05 1.55314e-05 -3.41382e-05 2.45487e-05 0.00974984 -0.0178297 2.81904e-05 1.55314e-05 -0.0178297 0.0879038 
0.00964768 -0.0178298 -2.35166e-05 2.75812e-05 -0.0178298 0.088396 2.67677e-05 -7.95915e-06 -2.35166e-05 2.67677e-05 0.00976623 -0.0178606 2.75812e-05 -7.95915e-06 -0.0178606 0.088076 
0.00965393 -0.017846 -3.02335e-05 9.53934e-06 -0.017846 0.0884889 1.20965e-05 1.64894e-05 -3.02335e-05 1.20965e-05 0.00977664 -0.0178729 9.53934e-06 1.64894e-05 -0.0178729 0.0881578 
0.00967731 -0.0178927 -4.50513e-05 1.37272e-05 -0.0178927 0.0887423 1.71734e-05 2.83916e-05 -4.50513e-05 1.71734e-05 0.0098025 -0.0179224 1.37272e-05 2.83916e-05 -0.0179224 0.0884064 
0.00968457 -0.0178698 -5.02771e-05 3.10301e-05 -0.0178698 0.0886668 3.13394e-05 8.56182e-06 -5.02771e-05 3.13394e-05 0.00978668 -0.0179132 3.10301e-05 8.56182e-06 -0.0179132 0.0883655 
0.00966966 -0.0178223 -3.2976e-05 3.89921e-05 -0.0178223 0.0883761 3.73108e-05 -1.34167e-05 -3.2976e-05 3.73108e-05 0.00975085 -0.0178427 3.89921e-05 -1.34167e-05 -0.0178427 0.0880639 
0.00970046 -0.0178602 -6.53821e-06 1.68749e-05 -0.0178602 0.0884886 1.76706e-05 1.10155e-05 -6.53821e-06 1.76706e-05 0.00973879 -0.0178461 1.68749e-05 1.10155e-05 -0.0178461 0.0881001 
0.00970954 -0.0178591 5.87522e-06 -1.99415e-05 -0.0178591 0.0883945 -1.39696e-05 8.2528e-05 5.87522e-06 -1.39696e-05 0.00969744 -0.0177824 -1.99415e-05 8.2528e-05 -0.0177824 0.0878625 
0.00971598 -0.0178904 4.19735e-08 -3.60381e-05 -0.0178904 0.0884469 -2.64464e-05 0.00013653 4.19735e-08 -2.64464e-05 0.00968414 -0.0177335 -3.60381e-05 0.00013653 -0.0177335 0.0877002 
0.00968539 -0.0178761 3.28255e-06 -2.74298e-05 -0.0178761 0.0883633 -2.12386e-05 0.000144596 3.28255e-06 -2.12386e-05 0.00968597 -0.0176914 -2.74298e-05 0.000144596 -0.0176914 0.0874751 
0.00966538 -0.0178717 -1.4576e-05 -2.23971e-05 -0.0178717 0.0884245 -2.34689e-05 0.000134778 -1.4576e-05 -2.34689e-05 0.00972513 -0.0177309 -2.23971e-05 0.000134778 -0.0177309 0.0875568 
0.00966947 -0.0178528 -3.03742e-05 -1.70614e-06 -0.0178528 0.0884432 -5.03163e-06 0.000103758 -3.03742e-05 -5.03163e-06 0.00973045 -0.0177962 -1.70614e-06 0.000103758 -0.0177962 0.0877463 
0.00966522 -0.0178423 -3.26846e-05 1.97347e-05 -0.0178423 0.0883908 1.60339e-05 5.27915e-05 -3.26846e-05 1.60339e-05 0.00973551 -0.0177982 1.97347e-05 5.27915e-05 -0.0177982 0.0878103 
0.00967098 -0.0178554 -3.31536e-05 2.47304e-05 -0.0178554 0.0884612 2.29328e-05 1.71671e-05 -3.31536e-05 2.29328e-05 0.00973954 -0.0178227 2.47304e-05 1.71671e-05 -0.0178227 0.0879314 
0.00965369 -0.017839 -3.36646e-05 2.39377e-05 -0.017839 0.0884009 2.71222e-05 1.39019e-06 -3.36646e-05 2.71222e-05 0.00973183 -0.0178108 2.39377e-05 1.39019e-06 -0.0178108 0.0879069 
0.009647 -0.0178159 -3.83003e-05 2.4479e-05 -0.0178159 0.0883439 3.14992e-05 -9.59024e-06 -3.83003e-05 3.14992e-05 0.00972077 -0.0178065 2.4479e-05 -9.59024e-06 -0.0178065 0.0879027 
0.0096619 -0.0178161 -3.82302e-05 2.73447e-05 -0.0178161 0.0883551 3.41689e-05 -1.43272e-05 -3.82302e-05 3.41689e-05 0.00970382 -0.0178046 2.73447e-05 -1.43272e-05 -0.0178046 0.0879412 
0.00964411 -0.0177772 -5.46547e-05 2.42694e-05 -0.0177772 0.0881123 3.00006e-05 -8.08264e-06 -5.46547e-05 3.00006e-05 0.00967016 -0.0177244 2.42694e-05 -8.08264e-06 -0.0177244 0.0876403 
0.00960075 -0.017723 -7.01379e-05 4.80346e-05 -0.017723 0.0877997 4.68921e-05 -3.48074e-05 -7.01379e-05 4.68921e-05 0.00965623 -0.0176418 4.80346e-05 -3.48074e-05 -0.0176418 0.0872452 
0.00956759 -0.0176708 -6.75179e-05 7.13297e-05 -0.0176708 0.087574 6.48765e-05 -8.39284e-05 -6.75179e-05 6.48765e-05 0.00964584 -0.0176227 7.13297e-05 -8.39284e-05 -0.0176227 0.0870317 
0.00957612 -0.0176475 -5.65869e-05 6.5711e-05 -0.0176475 0.0874904 6.10326e-05 -9.59882e-05 -5.65869e-05 6.10326e-05 0.00962496 -0.0176348 6.5711e-05 -9.59882e-05 -0.0176348 0.0870284 
0.00959486 -0.0176784 -4.4515e-05 4.69433e-05 -0.0176784 0.0875771 4.94402e-05 -7.0295e-05 -4.4515e-05 4.94402e-05 0.00961527 -0.0176413 4.69433e-05 -7.0295e-05 -0.0176413 0.0871277 
0.00959412 -0.0176784 -3.07552e-05 2.89763e-05 -0.0176784 0.0875275 3.66739e-05 -3.17299e-05 -3.07552e-05 3.66739e-05 0.00958819 -0.0175954 2.89763e-05 -3.17299e-05 -0.0175954 0.086991 
0.00957447 -0.0176487 -3.1423e-05 1.31436e-05 -0.0176487 0.0873525 2.27844e-05 4.47756e-06 -3.1423e-05 2.27844e-05 0.00956178 -0.0175276 1.31436e-05 4.47756e-06 -0.0175276 0.086713 
0.00955841 -0.0176383 -3.43111e-05 1.30648e-05 -0.0176383 0.0872993 1.93186e-05 2.5673e-05 -3.43111e-05 1.93186e-05 0.00956146 -0.0175082 1.30648e-05 2.5673e-05 -0.0175082 0.086603 
0.00955983 -0.0176677 -1.91833e-05 1.49777e-05 -0.0176677 0.0874829 1.94859e-05 3.38124e-05 -1.91833e-05 1.94859e-05 0.00960842 -0.0175577 1.49777e-05 3.38124e-05 -0.0175577 0.0868006 
0.00958345 -0.0177 -9.62018e-06 -3.04189e-06 -0.0177 0.0877279 -4.16161e-07 6.60931e-05 -9.62018e-06 -4.16161e-07 0.00965747 -0.0176546 -3.04189e-06 6.60931e-05 -0.0176546 0.0871664 
0.00962275 -0.0177696 -1.726e-05 -1.72264e-05 -0.0177696 0.0880918 -1.41525e-05 0.00010854 -1.726e-05 -1.41525e-05 0.00970923 -0.0177654 -1.72264e-05 0.00010854 -0.0177654 0.0876657 
0.00964494 -0.0178268 -2.03307e-05 -6.63465e-06 -0.0178268 0.0883901 -6.35527e-06 0.000111992 -2.03307e-05 -6.35527e-06 0.00975084 -0.0178429 -6.63465e-06 0.000111992 -0.0178429 0.0880534 
0.00962832 -0.017787 -1.353e-05 -8.78945e-07 -0.017787 0.0882397 -3.39706e-06 0.000101657 -1.353e-05 -3.39706e-06 0.00974126 -0.0178223 -8.78945e-07 0.000101657 -0.0178223 0.0879594 
0.0096504 -0.0178098 -5.93358e-06 -7.59189e-06 -0.0178098 0.0883557 -8.44615e-06 0.00010509 -5.93358e-06 -8.44615e-06 0.00974749 -0.0178514 -7.59189e-06 0.00010509 -0.0178514 0.0881046 
0.00970666 -0.0178932 -2.98788e-06 -1.99408e-05 -0.0178932 0.0887265 -1.93758e-05 0.000128204 -2.98788e-06 -1.93758e-05 0.00976003 -0.017908 -1.99408e-05 0.000128204 -0.017908 0.0884326 
0.00967455 -0.0178384 -5.65532e-06 -2.42615e-05 -0.0178384 0.0883871 -2.56461e-05 0.000148631 -5.65532e-06 -2.56461e-05 0.00971828 -0.01779 -2.42615e-05 0.000148631 -0.01779 0.0879603 
0.00964688 -0.0177986 -1.0985e-05 -1.95507e-05 -0.0177986 0.0881578 -2.30188e-05 0.000148863 -1.0985e-05 -2.30188e-05 0.00971132 -0.0177252 -1.95507e-05 0.000148863 -0.0177252 0.0876119 
0.00964268 -0.0177846 1.33825e-06 -7.71192e-06 -0.0177846 0.0880888 -1.4441e-05 0.000126725 1.33825e-06 -1.4441e-05 0.0097145 -0.0177336 -7.71192e-06 0.000126725 -0.0177336 0.0875268 
0.00966588 -0.0178177 1.05028e-05 -2.11436e-05 -0.0178177 0.0882327 -2.87601e-05 0.000135346 1.05028e-05 -2.87601e-05 0.00971623 -0.0177798 -2.11436e-05 0.000135346 -0.0177798 0.0876981 
0.0097061 -0.0179026 1.18102e-05 -3.58484e-05 -0.0179026 0.0886256 -4.22519e-05 0.000168171 1.18102e-05 -4.22519e-05 0.00973667 -0.0178463 -3.58484e-05 0.000168171 -0.0178463 0.0880811 
0.00970259 -0.0178936 1.70408e-05 -3.7547e-05 -0.0178936 0.0885944 -4.13364e-05 0.000181397 1.70408e-05 -4.13364e-05 0.00972966 -0.0178137 -3.7547e-05 0.000181397 -0.0178137 0.0880039 
0.00967652 -0.0178475 1.92137e-05 -3.91862e-05 -0.0178475 0.0883728 -4.09595e-05 0.000177603 1.92137e-05 -4.09595e-05 0.00972565 -0.0177664 -3.91862e-05 0.000177603 -0.0177664 0.0877662 
0.00964828 -0.0178109 2.31816e-05 -4.37169e-05 -0.0178109 0.0881952 -4.29924e-05 0.000181082 2.31816e-05 -4.29924e-05 0.00973017 -0.017755 -4.37169e-05 0.000181082 -0.017755 0.0876228 
0.00960275 -0.0177395 8.62096e-06 -4.86349e-05 -0.0177395 0.0878744 -4.81488e-05 0.000189974 8.62096e-06 -4.81488e-05 0.0097266 -0.0177247 -4.86349e-05 0.000189974 -0.0177247 0.0873864 
0.00962325 -0.0177871 -1.35896e-05 -3.15403e-05 -0.0177871 0.0881443 -3.38283e-05 0.000173263 -1.35896e-05 -3.38283e-05 0.00977073 -0.0178226 -3.15403e-05 0.000173263 -0.0178226 0.0877671 
0.00962483 -0.0177791 -1.57662e-05 1.10265e-07 -0.0177791 0.0881398 -3.99146e-06 0.000112558 -1.57662e-05 -3.99146e-06 0.00976469 -0.0178433 1.10265e-07 0.000112558 -0.0178433 0.0878543 
0.00963328 -0.0177818 -1.86219e-05 3.55161e-06 -0.0177818 0.0881416 -6.02829e-08 7.69512e-05 -1.86219e-05 -6.02829e-08 0.00974168 -0.017831 3.55161e-06 7.69512e-05 -0.017831 0.0878584 
0.00964794 -0.0178338 -2.84315e-05 2.60652e-06 -0.0178338 0.0883659 9.34601e-07 7.17317e-05 -2.84315e-05 9.34601e-07 0.00975033 -0.0178395 2.60652e-06 7.17317e-05 -0.0178395 0.0879989 
0.00966706 -0.0178261 -1.11319e-05 9.41606e-06 -0.0178261 0.0883731 9.95609e-06 6.34091e-05 -1.11319e-05 9.95609e-06 0.00972727 -0.0178232 9.41606e-06 6.34091e-05 -0.0178232 0.0879501 
0.00968869 -0.0178439 -8.79499e-07 -1.1625e-05 -0.0178439 0.0883966 -1.14699e-05 9.24539e-05 -8.79499e-07 -1.14699e-05 0.00971272 -0.0177993 -1.1625e-05 9.24539e-05 -0.0177993 0.0879063 
0.00970994 -0.0178626 -3.13642e-07 -2.89577e-05 -0.0178626 0.0884144 -2.88819e-05 0.000142449 -3.13642e-07 -2.88819e-05 0.00969106 -0.0177731 -2.89577e-05 0.000142449 -0.0177731 0.087821 
0.00968926 -0.0178697 -1.2281e-06 -2.92098e-05 -0.0178697 0.0883531 -2.73939e-05 0.000160737 -1.2281e-06 -2.73939e-05 0.00968664 -0.0177156 -2.92098e-05 0.000160737 -0.0177156 0.0876069 
0.00967137 -0.0178502 -1.03594e-06 -2.57889e-05 -0.0178502 0.0883091 -2.41899e-05 0.000157068 -1.03594e-06 -2.41899e-05 0.00969033 -0.0177121 -2.57889e-05 0.000157068 -0.0177121 0.0875121 
0.00966866 -0.0178621 -9.28337e-06 -2.13751e-05 -0.0178621 0.0884152 -2.24479e-05 0.000144496 -9.28337e-06 -2.24479e-05 0.00971661 -0.0177542 -2.13751e-05 0.000144496 -0.0177542 0.0876604 
0.00968388 -0.017914 -1.37749e-05 -1.00905e-05 -0.017914 0.0887203 -1.27862e-05 0.000122611 -1.37749e-05 -1.27862e-05 0.00976559 -0.0178345 -1.00905e-05 0.000122611 -0.0178345 0.0880221 
0.00967622 -0.0178877 -6.86035e-06 -3.07856e-07 -0.0178877 0.0886837 -5.12361e-06 9.41456e-05 -6.86035e-06 -5.12361e-06 0.00977723 -0.0178611 -3.07856e-07 9.41456e-05 -0.0178611 0.088105 
0.00966949 -0.017816 -1.0406e-05 -1.9252e-06 -0.017816 0.0883517 -8.23806e-06 7.74722e-05 -1.0406e-05 -8.23806e-06 0.00972879 -0.0178163 -1.9252e-06 7.74722e-05 -0.0178163 0.0878738 
0.00968908 -0.017863 -1.81863e-05 2.39803e-06 -0.017863 0.0884677 -2.24621e-06 6.25547e-05 -1.81863e-05 -2.24621e-06 0.00973586 -0.0178144 2.39803e-06 6.25547e-05 -0.0178144 0.0879559 
0.00970494 -0.017898 -5.20408e-06 7.16882e-06 -0.017898 0.0886117 6.67366e-06 4.83799e-05 -5.20408e-06 6.67366e-06 0.00975012 -0.0178286 7.16882e-06 4.83799e-05 -0.0178286 0.0880324 
0.00972311 -0.0179399 -1.03998e-05 -1.05872e-05 -0.0179399 0.0888067 -8.61967e-06 6.69889e-05 -1.03998e-05 -8.61967e-06 0.00977182 -0.0178604 -1.05872e-05 6.69889e-05 -0.0178604 0.0881762 
0.00972139 -0.017947 -7.03317e-06 -1.052e-05 -0.017947 0.0888473 -5.75539e-06 8.41616e-05 -7.03317e-06 -5.75539e-06 0.00976677 -0.0178649 -1.052e-05 8.41616e-05 -0.0178649 0.0881824 
0.00973154 -0.0179406 9.59667e-06 -2.05278e-05 -0.0179406 0.0888439 -1.30492e-05 0.000108224 9.59667e-06 -1.30492e-05 0.00975338 -0.0178582 -2.05278e-05 0.000108224 -0.0178582 0.0881704 
0.00969199 -0.0178968 1.56896e-05 -4.04354e-05 -0.0178968 0.0885931 -3.46901e-05 0.000154311 1.56896e-05 -3.46901e-05 0.00973562 -0.0177926 -4.04354e-05 0.000154311 -0.0177926 0.0878928 
0.00967314 -0.0178621 1.54852e-05 -4.81666e-05 -0.0178621 0.0884753 -4.39205e-05 0.000190565 1.54852e-05 -4.39205e-05 0.00974216 -0.0177863 -4.81666e-05 0.000190565 -0.0177863 0.0878062 
0.00966484 -0.0178111 8.7595e-06 -4.77783e-05 -0.0178111 0.0882485 -4.43197e-05 0.000203458 8.7595e-06 -4.43197e-05 0.00973437 -0.0177733 -4.77783e-05 0.000203458 -0.0177733 0.0876687 
0.00966716 -0.0177994 1.1513e-05 -3.55509e-05 -0.0177994 0.0881185 -3.29318e-05 0.000185244 1.1513e-05 -3.29318e-05 0.00972052 -0.0177642 -3.55509e-05 0.000185244 -0.0177642 0.0875868 
0.00967241 -0.0178272 6.01761e-06 -3.54932e-05 -0.0178272 0.0881814 -3.21145e-05 0.000168915 6.01761e-06 -3.21145e-05 0.00971955 -0.0177696 -3.54932e-05 0.000168915 -0.0177696 0.0876252 
0.00968714 -0.0178797 -9.97358e-06 -3.42438e-05 -0.0178797 0.0884324 -2.63469e-05 0.000162838 -9.97358e-06 -2.63469e-05 0.00973626 -0.017804 -3.42438e-05 0.000162838 -0.017804 0.0878167 
0.00969735 -0.0179153 -1.70015e-05 -2.22429e-05 -0.0179153 0.0886541 -1.07056e-05 0.000146732 -1.70015e-05 -1.07056e-05 0.00974449 -0.0178384 -2.22429e-05 0.000146732 -0.0178384 0.088008 
0.00969313 -0.0179229 -2.66086e-05 -1.37604e-05 -0.0179229 0.088755 -5.06567e-06 0.000129953 -2.66086e-05 -5.06567e-06 0.00975909 -0.0178469 -1.37604e-05 0.000129953 -0.0178469 0.0881035 
0.00969764 -0.0179104 -2.22523e-05 -3.45579e-07 -0.0179104 0.0887663 3.23811e-06 0.000109692 -2.22523e-05 3.23811e-06 0.00976183 -0.017861 -3.45579e-07 0.000109692 -0.017861 0.0881615 
0.00972786 -0.0179232 -1.65486e-05 -3.58925e-06 -0.0179232 0.0888353 -2.72723e-06 0.000108826 -1.65486e-05 -2.72723e-06 0.00976108 -0.0178845 -3.58925e-06 0.000108826 -0.0178845 0.0882915 
0.00969068 -0.017892 -8.56907e-06 -9.00317e-06 -0.017892 0.0886029 -1.2277e-05 0.000123601 -8.56907e-06 -1.2277e-05 0.00975479 -0.0178229 -9.00317e-06 0.000123601 -0.0178229 0.0880495 
0.00967885 -0.017862 1.3694e-08 -1.66438e-05 -0.017862 0.0885073 -2.10927e-05 0.000140394 1.3694e-08 -2.10927e-05 0.00975069 -0.0178302 -1.66438e-05 0.000140394 -0.0178302 0.0879982 
0.00963869 -0.0178003 1.3926e-06 -2.55827e-05 -0.0178003 0.0881975 -2.71039e-05 0.000154919 1.3926e-06 -2.71039e-05 0.00973081 -0.0177743 -2.55827e-05 0.000154919 -0.0177743 0.0877246 
