0.00696731 0 9.66694e-05 0 0 0.00993104 0 0 9.66694e-05 0 0.00709027 0 0 0 0 0.00993104 
0.00989742 -0.0122857 0.000109763 -0.000130543 -0.0122857 0.032656 -0.000130543 0.000249767 0.000109763 -0.000130543 0.00998796 -0.0123977 -0.000130543 0.000249767 -0.0123977 0.0328709 
0.00972162 -0.0181599 9.62018e-05 -6.38347e-05 -0.0181599 0.0669388 -6.38347e-05 0.000171118 9.62018e-05 -6.38347e-05 0.00978252 -0.0181808 -6.38347e-05 0.000171118 -0.0181808 0.0669912 
0.00923834 -0.0179658 8.52289e-05 -6.56269e-06 -0.0179658 0.0807101 -6.74096e-06 -0.000235628 8.52289e-05 -6.74096e-06 0.00927313 -0.0178292 -6.56269e-06 -0.000235628 -0.0178292 0.0798116 
0.00922869 -0.0173913 0.000107104 -2.13005e-05 -0.0173913 0.0842678 -2.45278e-05 -0.000301367 0.000107104 -2.45278e-05 0.00922767 -0.0172158 -2.13005e-05 -0.000301367 -0.0172158 0.0827472 
0.00949765 -0.0175516 0.000133235 -5.65664e-05 -0.0175516 0.0866061 -6.98716e-05 -0.000181093 0.000133235 -6.98716e-05 0.00949758 -0.0174206 -5.65664e-05 -0.000181093 -0.0174206 0.0852587 
0.00951404 -0.0174703 0.000147612 -9.16499e-05 -0.0174703 0.0863605 -0.000105203 -2.77048e-05 0.000147612 -0.000105203 0.00950626 -0.0173792 -9.16499e-05 -2.77048e-05 -0.0173792 0.0853825 
0.00953434 -0.0174608 0.000127217 -0.000120619 -0.0174608 0.0862742 -0.000124266 8.86314e-05 0.000127217 -0.000124266 0.00950504 -0.017382 -0.000120619 8.86314e-05 -0.017382 0.085551 
0.00956328 -0.0175125 0.000123892 -0.00010279 -0.0175125 0.0864203 -9.90264e-05 0.000106224 0.000123892 -9.90264e-05 0.00952744 -0.0173904 -0.00010279 0.000106224 -0.0173904 0.0857205 
0.00965498 -0.0177036 0.000141856 -8.99137e-05 -0.0177036 0.0872808 -8.73499e-05 7.37079e-05 0.000141856 -8.73499e-05 0.00961962 -0.0175467 -8.99137e-05 7.37079e-05 -0.0175467 0.0864857 
0.00977278 -0.0179311 0.000142615 -0.000111036 -0.0179311 0.0883771 -0.00011239 9.63855e-05 0.000142615 -0.00011239 0.00974696 -0.0177509 -0.000111036 9.63855e-05 -0.0177509 0.087464 
0.00971886 -0.0178469 0.000153564 -0.000114117 -0.0178469 0.0879503 -0.000117823 0.000124908 0.000153564 -0.000117823 0.00970303 -0.0176699 -0.000114117 0.000124908 -0.0176699 0.0869818 
0.00965567 -0.017728 0.000153182 -0.000124278 -0.017728 0.0873814 -0.000129778 0.000148265 0.000153182 -0.000129778 0.00966595 -0.0175735 -0.000124278 0.000148265 -0.0175735 0.0864446 
0.00966069 -0.0177272 0.000131262 -0.000118396 -0.0177272 0.0873804 -0.000124186 0.000142697 0.000131262 -0.000124186 0.00966975 -0.017619 -0.000118396 0.000142697 -0.017619 0.0865456 
0.00964175 -0.0177013 0.00013682 -8.8698e-05 -0.0177013 0.0872201 -9.10609e-05 8.37192e-05 0.00013682 -9.10609e-05 0.00966464 -0.0175951 -8.8698e-05 8.37192e-05 -0.0175951 0.0864439 
0.00970191 -0.0178204 0.000147689 -9.41503e-05 -0.0178204 0.087808 -9.1858e-05 5.05711e-05 0.000147689 -9.1858e-05 0.00970323 -0.0177334 -9.41503e-05 5.05711e-05 -0.0177334 0.0870804 
0.00971575 -0.0178205 0.000155563 -0.000110477 -0.0178205 0.0878229 -0.000103585 6.73911e-05 0.000155563 -0.000103585 0.00966081 -0.0177063 -0.000110477 6.73911e-05 -0.0177063 0.0870795 
0.00970926 -0.0178219 0.0001297 -0.000122049 -0.0178219 0.0877669 -0.000117127 0.000100015 0.0001297 -0.000117127 0.00962366 -0.0176219 -0.000122049 0.000100015 -0.0176219 0.086857 
0.00966863 -0.0177182 0.00010589 -9.26718e-05 -0.0177182 0.0872542 -9.06681e-05 7.6199e-05 0.00010589 -9.06681e-05 0.00953875 -0.0174682 -9.26718e-05 7.6199e-05 -0.0174682 0.0861716 
0.00964727 -0.0176991 9.06954e-05 -6.37521e-05 -0.0176991 0.0871044 -6.4668e-05 1.92544e-05 9.06954e-05 -6.4668e-05 0.00954204 -0.0174091 -6.37521e-05 1.92544e-05 -0.0174091 0.0859128 
0.00967664 -0.0177875 9.06997e-05 -5.56122e-05 -0.0177875 0.0875561 -5.31054e-05 -1.03112e-05 9.06997e-05 -5.31054e-05 0.00962673 -0.0175253 -5.56122e-05 -1.03112e-05 -0.0175253 0.0863568 
0.00965882 -0.0177833 0.000103519 -6.3326e-05 -0.0177833 0.0876314 -5.58193e-05 -3.92302e-06 0.000103519 -5.58193e-05 0.00968078 -0.017606 -6.3326e-05 -3.92302e-06 -0.017606 0.0865928 
0.0096405 -0.0177578 9.63099e-05 -8.14794e-05 -0.0177578 0.0876401 -7.02011e-05 3.12991e-05 9.63099e-05 -7.02011e-05 0.00972271 -0.0176944 -8.14794e-05 3.12991e-05 -0.0176944 0.0868883 
0.0096306 -0.0176971 7.5695e-05 -7.5931e-05 -0.0176971 0.0874385 -6.49371e-05 4.45311e-05 7.5695e-05 -6.49371e-05 0.00971503 -0.0177218 -7.5931e-05 4.45311e-05 -0.0177218 0.0869662 
0.00960987 -0.0176616 7.81315e-05 -4.62183e-05 -0.0176616 0.0872343 -3.5135e-05 -6.83897e-06 7.81315e-05 -3.5135e-05 0.00970959 -0.0177027 -4.62183e-05 -6.83897e-06 -0.0177027 0.0869159 
0.00961692 -0.0176646 8.87801e-05 -4.91156e-05 -0.0176646 0.0872424 -4.04377e-05 -2.48604e-05 8.87801e-05 -4.04377e-05 0.00971079 -0.0177154 -4.91156e-05 -2.48604e-05 -0.0177154 0.0869753 
0.00966524 -0.0177466 7.73022e-05 -6.29103e-05 -0.0177466 0.0876248 -5.71723e-05 1.55661e-06 7.73022e-05 -5.71723e-05 0.00974166 -0.0177919 -6.29103e-05 1.55661e-06 -0.0177919 0.0873708 
0.00966485 -0.0177211 6.42712e-05 -5.13904e-05 -0.0177211 0.0874649 -4.62469e-05 2.94032e-06 6.42712e-05 -4.62469e-05 0.00970764 -0.0177332 -5.13904e-05 2.94032e-06 -0.0177332 0.0871455 
0.00968039 -0.0177239 5.74677e-05 -3.82778e-05 -0.0177239 0.0873872 -3.29568e-05 -1.67484e-05 5.74677e-05 -3.29568e-05 0.00966222 -0.0176763 -3.82778e-05 -1.67484e-05 -0.0176763 0.08692 
0.00966051 -0.0177392 4.57617e-05 -3.20548e-05 -0.0177392 0.0873493 -2.78202e-05 -3.02687e-05 4.57617e-05 -2.78202e-05 0.00965084 -0.0176058 -3.20548e-05 -3.02687e-05 -0.0176058 0.0866672 
0.00962036 -0.0176984 5.77596e-05 -2.34413e-05 -0.0176984 0.0871858 -1.91252e-05 -4.06936e-05 5.77596e-05 -1.91252e-05 0.00963626 -0.0175528 -2.34413e-05 -4.06936e-05 -0.0175528 0.0863586 
0.00961491 -0.0176838 6.85037e-05 -3.62355e-05 -0.0176838 0.0872037 -3.00745e-05 -2.96595e-05 6.85037e-05 -3.00745e-05 0.00963022 -0.0175766 -3.62355e-05 -2.96595e-05 -0.0175766 0.0863963 
0.00965879 -0.0177695 4.96546e-05 -5.38796e-05 -0.0177695 0.0876637 -4.35111e-05 6.00938e-06 4.96546e-05 -4.35111e-05 0.00968112 -0.0176745 -5.38796e-05 6.00938e-06 -0.0176745 0.086911 
0.00970124 -0.0178562 5.51898e-05 -3.6262e-05 -0.0178562 0.0881454 -2.57539e-05 2.65192e-06 5.51898e-05 -2.57539e-05 0.0097619 -0.0177876 -3.6262e-05 2.65192e-06 -0.0177876 0.0874752 
0.00969828 -0.0178318 5.34058e-05 -4.19202e-05 -0.0178318 0.088077 -3.58487e-05 9.19116e-06 5.34058e-05 -3.58487e-05 0.00977705 -0.0178068 -4.19202e-05 9.19116e-06 -0.0178068 0.087507 
0.00966406 -0.0177655 8.29887e-05 -4.29637e-05 -0.0177655 0.0877557 -3.97956e-05 2.65332e-05 8.29887e-05 -3.97956e-05 0.00977574 -0.0177797 -4.29637e-05 2.65332e-05 -0.0177797 0.0873151 
0.00967779 -0.0177659 8.45851e-05 -7.62072e-05 -0.0177659 0.0877628 -7.5898e-05 8.67716e-05 8.45851e-05 -7.5898e-05 0.00977374 -0.0178249 -7.62072e-05 8.67716e-05 -0.0178249 0.087449 
0.00970898 -0.0177917 8.27628e-05 -8.11901e-05 -0.0177917 0.0878384 -8.09062e-05 0.000129386 8.27628e-05 -8.09062e-05 0.0097645 -0.0178355 -8.11901e-05 0.000129386 -0.0178355 0.0875613 
0.0097139 -0.0178118 8.23422e-05 -7.61864e-05 -0.0178118 0.087839 -7.35307e-05 0.000127645 8.23422e-05 -7.35307e-05 0.00975009 -0.017798 -7.61864e-05 0.000127645 -0.017798 0.0874655 
0.0097179 -0.0178596 0.000102031 -7.10479e-05 -0.0178596 0.0880295 -6.8028e-05 0.000108537 0.000102031 -6.8028e-05 0.00975873 -0.0177961 -7.10479e-05 0.000108537 -0.0177961 0.0874945 
0.00966306 -0.0177481 9.75014e-05 -8.91236e-05 -0.0177481 0.0875532 -8.48226e-05 0.000119082 9.75014e-05 -8.48226e-05 0.00969572 -0.0176953 -8.91236e-05 0.000119082 -0.0176953 0.0869754 
0.00963986 -0.0176991 0.000104408 -8.26006e-05 -0.0176991 0.0873119 -7.94549e-05 0.000117503 0.000104408 -7.94549e-05 0.00966051 -0.0176329 -8.26006e-05 0.000117503 -0.0176329 0.0867021 
0.00965793 -0.0176927 0.000104628 -8.38047e-05 -0.0176927 0.0872638 -8.67649e-05 0.000111458 0.000104628 -8.67649e-05 0.00962432 -0.0176127 -8.38047e-05 0.000111458 -0.0176127 0.0866204 
0.00968835 -0.0177012 8.90329e-05 -8.17027e-05 -0.0177012 0.08722 -9.13475e-05 0.000113084 8.90329e-05 -9.13475e-05 0.00956919 -0.0175657 -8.17027e-05 0.000113084 -0.0175657 0.0864925 
0.00965838 -0.0176832 6.10348e-05 -6.80836e-05 -0.0176832 0.0869879 -7.60532e-05 9.69963e-05 6.10348e-05 -7.60532e-05 0.00953182 -0.0174455 -6.80836e-05 9.69963e-05 -0.0174455 0.0860663 
0.0096163 -0.0176596 3.3602e-05 -3.58147e-05 -0.0176596 0.0868703 -4.35123e-05 3.88715e-05 3.3602e-05 -4.35123e-05 0.00952327 -0.0173953 -3.58147e-05 3.88715e-05 -0.0173953 0.0857917 
0.00978603 -0.0180209 4.48579e-05 -5.15121e-07 -0.0180209 0.0887522 -1.07831e-05 -4.18139e-05 4.48579e-05 -1.07831e-05 0.00976593 -0.0177892 -5.15121e-07 -4.18139e-05 -0.0177892 0.0876508 
0.00955034 -0.0175836 2.87997e-05 -1.1196e-05 -0.0175836 0.0867506 -2.23602e-05 -5.84381e-05 2.87997e-05 -2.23602e-05 0.00956576 -0.0174528 -1.1196e-05 -5.84381e-05 -0.0174528 0.0858448 
0.00972852 -0.0179189 1.11632e-05 2.56055e-06 -0.0179189 0.0884793 -5.98562e-06 -7.69725e-05 1.11632e-05 -5.98562e-06 0.00978804 -0.0178455 2.56055e-06 -7.69725e-05 -0.0178455 0.0877561 
0.00970656 -0.0178535 2.70639e-05 2.40766e-05 -0.0178535 0.0882128 2.38567e-05 -0.000131321 2.70639e-05 2.38567e-05 0.00975355 -0.0178317 2.40766e-05 -0.000131321 -0.0178317 0.0876463 
0.0096854 -0.0178181 7.05809e-05 9.87325e-06 -0.0178181 0.0880008 1.37877e-05 -0.000147404 7.05809e-05 1.37877e-05 0.00971956 -0.0177734 9.87325e-06 -0.000147404 -0.0177734 0.087458 
0.00963634 -0.0177659 0.000119802 -4.87918e-05 -0.0177659 0.0877446 -4.96092e-05 -4.24844e-05 0.000119802 -4.96092e-05 0.00971554 -0.0177104 -4.87918e-05 -4.24844e-05 -0.0177104 0.0871911 
0.00963929 -0.0177558 0.000131746 -0.000110843 -0.0177558 0.0878028 -0.000111177 0.000106126 0.000131746 -0.000111177 0.00974238 -0.0177737 -0.000110843 0.000106126 -0.0177737 0.0873783 
0.00965176 -0.017767 0.000120148 -0.000127228 -0.017767 0.0878643 -0.000121983 0.000186368 0.000120148 -0.000121983 0.00975803 -0.0178143 -0.000127228 0.000186368 -0.0178143 0.0875586 
0.00965858 -0.0177986 0.000117757 -0.00011944 -0.0177986 0.087995 -0.000110267 0.000201426 0.000117757 -0.000110267 0.0097917 -0.0178464 -0.00011944 0.000201426 -0.0178464 0.087734 
0.00967045 -0.0177873 0.000128785 -0.000112324 -0.0177873 0.0879886 -0.000103974 0.000186995 0.000128785 -0.000103974 0.00978434 -0.017876 -0.000112324 0.000186995 -0.017876 0.0878096 
0.00967891 -0.0177721 0.000134139 -0.000114345 -0.0177721 0.0878484 -0.000117708 0.000185956 0.000134139 -0.000117708 0.00975015 -0.0178298 -0.000114345 0.000185956 -0.0178298 0.0876548 
0.00965399 -0.0177415 0.000138864 -0.000112903 -0.0177415 0.0875957 -0.000129212 0.000195007 0.000138864 -0.000129212 0.00970311 -0.0177391 -0.000112903 0.000195007 -0.0177391 0.087282 
0.00966869 -0.0178211 0.000120321 -0.000117652 -0.0178211 0.0879681 -0.000138543 0.00020992 0.000120321 -0.000138543 0.00975403 -0.0177888 -0.000117652 0.00020992 -0.0177888 0.0875466 
0.00965679 -0.0177844 9.74132e-05 -9.6839e-05 -0.0177844 0.0878893 -0.000115454 0.000182655 9.74132e-05 -0.000115454 0.00976725 -0.0177942 -9.6839e-05 0.000182655 -0.0177942 0.0874882 
0.00967949 -0.0177994 7.35923e-05 -6.43544e-05 -0.0177994 0.0879636 -7.66492e-05 0.000100736 7.35923e-05 -7.66492e-05 0.0097641 -0.017835 -6.43544e-05 0.000100736 -0.017835 0.0876187 
0.00974179 -0.0178723 7.16331e-05 -3.36836e-05 -0.0178723 0.0882687 -4.28781e-05 9.4182e-06 7.16331e-05 -4.28781e-05 0.00977616 -0.0178837 -3.36836e-05 9.4182e-06 -0.0178837 0.0879206 
0.00960015 -0.0176184 8.62266e-05 -2.5802e-05 -0.0176184 0.0869002 -3.16017e-05 -5.06483e-05 8.62266e-05 -3.16017e-05 0.00959006 -0.0175686 -2.5802e-05 -5.06483e-05 -0.0175686 0.086455 
0.00961345 -0.0176626 9.82225e-05 -5.04196e-05 -0.0176626 0.0870766 -5.2787e-05 -3.04129e-05 9.82225e-05 -5.2787e-05 0.00959261 -0.0175515 -5.04196e-05 -3.04129e-05 -0.0175515 0.0864743 
0.0096532 -0.0177342 7.70008e-05 -6.28905e-05 -0.0177342 0.0874545 -6.32512e-05 -3.07168e-06 7.70008e-05 -6.32512e-05 0.00961759 -0.0176042 -6.28905e-05 -3.07168e-06 -0.0176042 0.0867455 
0.00963527 -0.0177644 9.28757e-05 -3.85115e-05 -0.0177644 0.0875953 -4.04772e-05 -2.63908e-05 9.28757e-05 -4.04772e-05 0.00966169 -0.017602 -3.85115e-05 -2.63908e-05 -0.017602 0.0867808 
0.00960855 -0.0177185 0.000121656 -5.4707e-05 -0.0177185 0.0875297 -5.88831e-05 -2.10003e-05 0.000121656 -5.88831e-05 0.00970815 -0.0176481 -5.4707e-05 -2.10003e-05 -0.0176481 0.0868298 
0.00960092 -0.0176758 0.000147814 -9.0959e-05 -0.0176758 0.0874081 -9.11775e-05 3.96708e-05 0.000147814 -9.11775e-05 0.00971734 -0.0177046 -9.0959e-05 3.96708e-05 -0.0177046 0.0869389 
0.0096082 -0.0177054 0.000130887 -0.000122965 -0.0177054 0.0875339 -0.000121913 0.000115796 0.000130887 -0.000121913 0.0097339 -0.0177545 -0.000122965 0.000115796 -0.0177545 0.0871977 
0.00954311 -0.0175793 0.000130005 -0.000102503 -0.0175793 0.0869334 -0.000101415 0.000117319 0.000130005 -0.000101415 0.00967523 -0.0176265 -0.000102503 0.000117319 -0.0176265 0.0866215 
0.00951333 -0.0174939 0.000148212 -0.000102084 -0.0174939 0.0865317 -9.96683e-05 0.000105922 0.000148212 -9.96683e-05 0.00963422 -0.0175684 -0.000102084 0.000105922 -0.0175684 0.0862895 
0.00953029 -0.0175278 0.000166901 -0.000120908 -0.0175278 0.0866437 -0.000124176 0.000134528 0.000166901 -0.000124176 0.00963048 -0.0175953 -0.000120908 0.000134528 -0.0175953 0.0864314 
0.00954581 -0.0175604 0.000162542 -0.000151386 -0.0175604 0.0867737 -0.000156477 0.000210925 0.000162542 -0.000156477 0.00962273 -0.0175906 -0.000151386 0.000210925 -0.0175906 0.0864984 
0.0095544 -0.0175759 0.000138972 -0.000146747 -0.0175759 0.0868356 -0.000143846 0.000227977 0.000138972 -0.000143846 0.00961429 -0.0175701 -0.000146747 0.000227977 -0.0175701 0.0864667 
0.00955342 -0.0175349 0.000105285 -0.000121531 -0.0175349 0.0866279 -0.000115871 0.000191374 0.000105285 -0.000115871 0.00957977 -0.0175079 -0.000121531 0.000191374 -0.0175079 0.0861853 
0.00957942 -0.0175817 8.42076e-05 -8.19462e-05 -0.0175817 0.0867776 -7.84679e-05 0.000114415 8.42076e-05 -7.84679e-05 0.00959746 -0.0175257 -8.19462e-05 0.000114415 -0.0175257 0.086277 
0.00957227 -0.0175959 9.9295e-05 -5.54483e-05 -0.0175959 0.0867974 -5.22454e-05 3.72489e-05 9.9295e-05 -5.22454e-05 0.00961196 -0.0175212 -5.54483e-05 3.72489e-05 -0.0175212 0.0862316 
0.00958477 -0.0176333 9.50608e-05 -7.57919e-05 -0.0176333 0.0870206 -7.01656e-05 3.99338e-05 9.50608e-05 -7.01656e-05 0.00962184 -0.0175875 -7.57919e-05 3.99338e-05 -0.0175875 0.0864743 
0.00955811 -0.0175721 8.37336e-05 -7.36892e-05 -0.0175721 0.0867537 -6.86797e-05 5.42841e-05 8.37336e-05 -6.86797e-05 0.00957431 -0.0175133 -7.36892e-05 5.42841e-05 -0.0175133 0.086192 
0.00955926 -0.0175629 8.09441e-05 -5.82613e-05 -0.0175629 0.086693 -5.5034e-05 3.42703e-05 8.09441e-05 -5.5034e-05 0.00955799 -0.0174759 -5.82613e-05 3.42703e-05 -0.0174759 0.0860729 
0.00954941 -0.0175904 0.000106032 -4.9405e-05 -0.0175904 0.0867873 -5.17942e-05 8.67585e-06 0.000106032 -5.17942e-05 0.00958542 -0.0174713 -4.9405e-05 8.67585e-06 -0.0174713 0.0860758 
0.00972489 -0.0179159 0.000149919 -7.53404e-05 -0.0179159 0.0884859 -7.89443e-05 3.17685e-05 0.000149919 -7.89443e-05 0.00979558 -0.0178446 -7.53404e-05 3.17685e-05 -0.0178446 0.0878028 
0.00952605 -0.017556 0.000137667 -0.000127259 -0.017556 0.0867755 -0.000127739 0.000127412 0.000137667 -0.000127739 0.00961019 -0.0175511 -0.000127259 0.000127412 -0.0175511 0.0862683 
0.00949332 -0.0174953 0.000110551 -0.000127759 -0.0174953 0.0865307 -0.000123905 0.000183662 0.000110551 -0.000123905 0.00959029 -0.0175175 -0.000127759 0.000183662 -0.0175175 0.0861525 
0.0096964 -0.0178396 9.42988e-05 -9.91625e-05 -0.0178396 0.0882943 -9.2911e-05 0.000152715 9.42988e-05 -9.2911e-05 0.00978392 -0.0179004 -9.91625e-05 0.000152715 -0.0179004 0.0880422 
0.00968735 -0.0178307 0.00010912 -7.10513e-05 -0.0178307 0.0882082 -6.71239e-05 8.44654e-05 0.00010912 -6.71239e-05 0.00977003 -0.0178717 -7.10513e-05 8.44654e-05 -0.0178717 0.087979 
0.00964792 -0.0177577 0.000133225 -8.45832e-05 -0.0177577 0.0878404 -8.33107e-05 7.71043e-05 0.000133225 -8.33107e-05 0.00972858 -0.0177821 -8.45832e-05 7.71043e-05 -0.0177821 0.087575 
0.00960281 -0.0176806 0.000142068 -0.00011322 -0.0176806 0.0874433 -0.000114301 0.000127525 0.000142068 -0.000114301 0.00968275 -0.0176922 -0.00011322 0.000127525 -0.0176922 0.0871322 
0.00953053 -0.0175657 0.000128536 -0.000117122 -0.0175657 0.0868722 -0.000121228 0.00015416 0.000128536 -0.000121228 0.00963469 -0.0175745 -0.000117122 0.00015416 -0.0175745 0.0865377 
0.00954875 -0.0175615 0.000140415 -0.000103741 -0.0175615 0.0868832 -0.000112282 0.00014862 0.000140415 -0.000112282 0.00963277 -0.0176019 -0.000103741 0.00014862 -0.0176019 0.0865919 
0.00956194 -0.0176126 0.000142364 -0.000116458 -0.0176126 0.0870488 -0.000126806 0.000159793 0.000142364 -0.000126806 0.00964912 -0.0176236 -0.000116458 0.000159793 -0.0176236 0.086732 
0.0095578 -0.017593 0.000129356 -0.000116719 -0.017593 0.0869641 -0.000124319 0.00016145 0.000129356 -0.000124319 0.0096184 -0.0175992 -0.000116719 0.00016145 -0.0175992 0.0866091 
0.00953175 -0.0175233 0.000101319 -0.000105373 -0.0175233 0.0865897 -0.00011171 0.000148653 0.000101319 -0.00011171 0.00955037 -0.0174959 -0.000105373 0.000148653 -0.0174959 0.0861726 
0.00953026 -0.0175356 7.65183e-05 -7.17616e-05 -0.0175356 0.0865877 -7.65354e-05 8.83165e-05 7.65183e-05 -7.65354e-05 0.00951651 -0.0174547 -7.17616e-05 8.83165e-05 -0.0174547 0.0860542 
0.00971176 -0.0179081 4.97391e-05 -5.13934e-05 -0.0179081 0.0884463 -5.06473e-05 3.14223e-05 4.97391e-05 -5.06473e-05 0.0097273 -0.0177991 -5.13934e-05 3.14223e-05 -0.0177991 0.0878272 
0.00969924 -0.0178454 3.24753e-05 -2.03511e-05 -0.0178454 0.0882474 -1.48951e-05 -4.10882e-05 3.24753e-05 -1.48951e-05 0.00969993 -0.0177853 -2.03511e-05 -4.10882e-05 -0.0177853 0.0876923 
0.00953801 -0.0175243 4.18707e-05 -3.12844e-06 -0.0175243 0.0866178 5.21183e-06 -9.42705e-05 4.18707e-05 5.21183e-06 0.00948619 -0.0174489 -3.12844e-06 -9.42705e-05 -0.0174489 0.0860938 
0.00954177 -0.0175408 4.67569e-05 -1.66359e-05 -0.0175408 0.0866299 -7.59426e-06 -9.21099e-05 4.67569e-05 -7.59426e-06 0.00947144 -0.0173988 -1.66359e-05 -9.21099e-05 -0.0173988 0.0860043 
0.00951674 -0.0175704 6.19695e-05 -2.42379e-05 -0.0175704 0.0867701 -1.4942e-05 -7.03176e-05 6.19695e-05 -1.4942e-05 0.00951201 -0.0173997 -2.42379e-05 -7.03176e-05 -0.0173997 0.0860379 
0.00952373 -0.0175943 8.01835e-05 -4.17754e-05 -0.0175943 0.0870497 -3.26388e-05 -3.62222e-05 8.01835e-05 -3.26388e-05 0.00954479 -0.0174941 -4.17754e-05 -3.62222e-05 -0.0174941 0.0863698 
0.00949495 -0.017533 0.000101085 -6.22464e-05 -0.017533 0.086844 -5.93542e-05 2.04546e-05 0.000101085 -5.93542e-05 0.00952855 -0.0174675 -6.22464e-05 2.04546e-05 -0.0174675 0.0862703 
0.00947061 -0.0175075 0.000139271 -8.66029e-05 -0.0175075 0.0867696 -9.05784e-05 8.87617e-05 0.000139271 -9.05784e-05 0.00955637 -0.0174703 -8.66029e-05 8.87617e-05 -0.0174703 0.0862976 
0.00940825 -0.0173672 0.000146202 -0.000132065 -0.0173672 0.0861617 -0.000139198 0.000190854 0.000146202 -0.000139198 0.0095371 -0.0174018 -0.000132065 0.000190854 -0.0174018 0.0858513 
0.00960454 -0.0176906 0.000116235 -0.000151944 -0.0176906 0.0877657 -0.000156161 0.000274134 0.000116235 -0.000156161 0.00974073 -0.0177959 -0.000151944 0.000274134 -0.0177959 0.0876526 
0.0096519 -0.0177574 9.58989e-05 -0.000106797 -0.0177574 0.0879956 -0.00010576 0.000215521 9.58989e-05 -0.00010576 0.00975509 -0.0178627 -0.000106797 0.000215521 -0.0178627 0.0879622 
0.0096461 -0.0177542 7.26979e-05 -7.28022e-05 -0.0177542 0.0878928 -7.2561e-05 0.000117154 7.26979e-05 -7.2561e-05 0.00974816 -0.0178282 -7.28022e-05 0.000117154 -0.0178282 0.0878462 
0.0096594 -0.0177687 4.40672e-05 -3.90048e-05 -0.0177687 0.0879137 -3.78494e-05 1.60374e-05 4.40672e-05 -3.78494e-05 0.00973362 -0.0178193 -3.90048e-05 1.60374e-05 -0.0178193 0.087785 
0.0095012 -0.0175064 6.19516e-05 -4.7951e-06 -0.0175064 0.0865443 -1.07078e-06 -7.93493e-05 6.19516e-05 -1.07078e-06 0.0095629 -0.0175076 -4.7951e-06 -7.93493e-05 -0.0175076 0.0862932 
0.00953554 -0.0175729 9.48051e-05 -2.59031e-05 -0.0175729 0.0869091 -2.32238e-05 -8.83741e-05 9.48051e-05 -2.32238e-05 0.00960022 -0.0175694 -2.59031e-05 -8.83741e-05 -0.0175694 0.0866063 
0.00949932 -0.0175241 0.000117056 -6.41793e-05 -0.0175241 0.0866919 -6.82353e-05 -1.23644e-05 0.000117056 -6.82353e-05 0.00959318 -0.0175259 -6.41793e-05 -1.23644e-05 -0.0175259 0.0863832 
0.00949826 -0.0175239 0.000123788 -8.42541e-05 -0.0175239 0.0867456 -9.98282e-05 6.00518e-05 0.000123788 -9.98282e-05 0.00961113 -0.0175653 -8.42541e-05 6.00518e-05 -0.0175653 0.0865037 
0.00954578 -0.0175831 0.000127546 -9.01504e-05 -0.0175831 0.0870767 -0.000110847 9.95578e-05 0.000127546 -0.000110847 0.00964312 -0.0176576 -9.01504e-05 9.95578e-05 -0.0176576 0.0869298 
0.00959851 -0.0176569 0.000105324 -9.21562e-05 -0.0176569 0.0873941 -0.000112409 0.000110303 0.000105324 -0.000112409 0.00964528 -0.0177056 -9.21562e-05 0.000110303 -0.0177056 0.0872386 
0.00960329 -0.0176767 0.000101999 -7.27347e-05 -0.0176767 0.0874147 -8.8822e-05 8.63719e-05 0.000101999 -8.8822e-05 0.0096485 -0.0176537 -7.27347e-05 8.63719e-05 -0.0176537 0.087123 
0.0096126 -0.0177044 0.00010896 -6.74358e-05 -0.0177044 0.0875419 -7.52286e-05 4.95042e-05 0.00010896 -7.52286e-05 0.00968291 -0.0176749 -6.74358e-05 4.95042e-05 -0.0176749 0.0871663 
0.00959946 -0.0177288 0.000103601 -7.77672e-05 -0.0177288 0.0876813 -7.93742e-05 4.61372e-05 0.000103601 -7.93742e-05 0.00972677 -0.0177311 -7.77672e-05 4.61372e-05 -0.0177311 0.0873274 
0.00961065 -0.0177582 0.000116768 -7.32298e-05 -0.0177582 0.0879236 -7.16875e-05 3.81776e-05 0.000116768 -7.16875e-05 0.00975777 -0.0178155 -7.32298e-05 3.81776e-05 -0.0178155 0.0876501 
0.00959711 -0.01773 0.000143672 -8.86696e-05 -0.01773 0.0878611 -8.4404e-05 5.26494e-05 0.000143672 -8.4404e-05 0.00976229 -0.0178254 -8.86696e-05 5.26494e-05 -0.0178254 0.0877064 
0.00960786 -0.0177577 0.000151943 -0.000122346 -0.0177577 0.0880359 -0.000115424 0.000109987 0.000151943 -0.000115424 0.00978708 -0.0178778 -0.000122346 0.000109987 -0.0178778 0.0879673 
0.00958561 -0.0177302 0.000124601 -0.000131649 -0.0177302 0.0879516 -0.000128861 0.000156149 0.000124601 -0.000128861 0.00979807 -0.0178719 -0.000131649 0.000156149 -0.0178719 0.0879563 
0.00956886 -0.0176238 0.000108904 -9.16472e-05 -0.0176238 0.0874941 -9.26914e-05 0.000107045 0.000108904 -9.26914e-05 0.00973614 -0.0178099 -9.16472e-05 0.000107045 -0.0178099 0.0876 
0.00958003 -0.0176235 0.000124288 -7.33602e-05 -0.0176235 0.0873725 -6.86054e-05 4.231e-05 0.000124288 -6.86054e-05 0.00971407 -0.0177719 -7.33602e-05 4.231e-05 -0.0177719 0.0874916 
0.00957026 -0.0176092 0.000135749 -9.89656e-05 -0.0176092 0.0871973 -8.76484e-05 5.51944e-05 0.000135749 -8.76484e-05 0.00969886 -0.0177104 -9.89656e-05 5.51944e-05 -0.0177104 0.087228 
0.00962434 -0.0176586 0.00011566 -0.000115135 -0.0176586 0.0873791 -0.000101962 9.50205e-05 0.00011566 -0.000101962 0.00968649 -0.0177348 -0.000115135 9.50205e-05 -0.0177348 0.0873063 
0.00970127 -0.0177998 8.98447e-05 -9.09122e-05 -0.0177998 0.0879321 -8.13664e-05 8.04617e-05 8.98447e-05 -8.13664e-05 0.00971649 -0.0178031 -9.09122e-05 8.04617e-05 -0.0178031 0.087716 
0.0097215 -0.0178424 6.85e-05 -5.4916e-05 -0.0178424 0.0880518 -5.15873e-05 1.56258e-05 6.85e-05 -5.15873e-05 0.00972587 -0.017773 -5.4916e-05 1.56258e-05 -0.017773 0.0876343 
0.00976487 -0.0179345 9.73082e-05 -2.58134e-05 -0.0179345 0.0884508 -2.49386e-05 -5.83697e-05 9.73082e-05 -2.49386e-05 0.00974356 -0.0178316 -2.58134e-05 -5.83697e-05 -0.0178316 0.0878681 
0.00974112 -0.0179054 0.000134001 -6.38231e-05 -0.0179054 0.0883123 -6.0758e-05 -2.77862e-05 0.000134001 -6.0758e-05 0.00973628 -0.0177845 -6.38231e-05 -2.77862e-05 -0.0177845 0.0876584 
0.00970428 -0.0178571 0.000143248 -0.00011082 -0.0178571 0.088096 -0.000109945 7.52938e-05 0.000143248 -0.000109945 0.00972947 -0.0177474 -0.00011082 7.52938e-05 -0.0177474 0.0874177 
0.00969332 -0.0178607 0.000141462 -0.000123886 -0.0178607 0.0881635 -0.000123386 0.000144569 0.000141462 -0.000123386 0.00976877 -0.017791 -0.000123886 0.000144569 -0.017791 0.0875425 
0.00968391 -0.0178329 0.000151472 -0.000116085 -0.0178329 0.0881148 -0.000115305 0.000147152 0.000151472 -0.000115305 0.00978717 -0.0178388 -0.000116085 0.000147152 -0.0178388 0.0876545 
0.00971358 -0.0178487 0.000152354 -0.000125951 -0.0178487 0.0882101 -0.000127756 0.000159504 0.000152354 -0.000127756 0.00977907 -0.0178917 -0.000125951 0.000159504 -0.0178917 0.0878842 
0.00973235 -0.0178991 0.000129404 -0.000126504 -0.0178991 0.0883658 -0.000128492 0.00016613 0.000129404 -0.000128492 0.00977388 -0.0178813 -0.000126504 0.00016613 -0.0178813 0.08798 
0.00973536 -0.0179288 0.000109354 -0.000108701 -0.0179288 0.088498 -0.000103863 0.000143698 0.000109354 -0.000103863 0.00976128 -0.0178619 -0.000108701 0.000143698 -0.0178619 0.0879639 
0.00974417 -0.0178964 0.000105639 -8.46007e-05 -0.0178964 0.0883943 -6.94941e-05 7.8386e-05 0.000105639 -6.94941e-05 0.00971908 -0.0178184 -8.46007e-05 7.8386e-05 -0.0178184 0.0877922 
0.00978461 -0.0179478 0.000100532 -7.52565e-05 -0.0179478 0.0885601 -6.00826e-05 2.83262e-05 0.000100532 -6.00826e-05 0.00970412 -0.0178052 -7.52565e-05 2.83262e-05 -0.0178052 0.0878388 
0.00976732 -0.0179284 9.02811e-05 -6.68431e-05 -0.0179284 0.0883781 -6.17764e-05 1.08021e-05 9.02811e-05 -6.17764e-05 0.00968694 -0.0177162 -6.68431e-05 1.08021e-05 -0.0177162 0.0874903 
0.00972369 -0.0178838 7.24161e-05 -4.92992e-05 -0.0178838 0.0881344 -5.37432e-05 -1.49686e-05 7.24161e-05 -5.37432e-05 0.00967406 -0.0176569 -4.92992e-05 -1.49686e-05 -0.0176569 0.0871283 
0.00968061 -0.0178755 7.97485e-05 -3.07768e-05 -0.0178755 0.0881565 -4.00654e-05 -4.41049e-05 7.97485e-05 -4.00654e-05 0.0097207 -0.0176906 -3.07768e-05 -4.41049e-05 -0.0176906 0.0871827 
0.00964482 -0.0177855 0.000101763 -4.14003e-05 -0.0177855 0.0879156 -4.71258e-05 -4.2847e-05 0.000101763 -4.71258e-05 0.00972952 -0.0177337 -4.14003e-05 -4.2847e-05 -0.0177337 0.0872013 
0.00964772 -0.0177648 0.000101214 -7.02783e-05 -0.0177648 0.0878751 -7.13556e-05 2.96275e-06 0.000101214 -7.13556e-05 0.00973324 -0.0177937 -7.02783e-05 2.96275e-06 -0.0177937 0.0874434 
0.00964056 -0.0177442 8.28656e-05 -7.4277e-05 -0.0177442 0.0877416 -7.26383e-05 3.44776e-05 8.28656e-05 -7.26383e-05 0.00970297 -0.0177645 -7.4277e-05 3.44776e-05 -0.0177645 0.0873955 
0.00965322 -0.0178122 6.97865e-05 -5.72539e-05 -0.0178122 0.0880604 -5.16652e-05 1.69929e-05 6.97865e-05 -5.16652e-05 0.00974382 -0.0178066 -5.72539e-05 1.69929e-05 -0.0178066 0.0876969 
0.00965456 -0.0178214 8.88327e-05 -4.15016e-05 -0.0178214 0.0882086 -3.06322e-05 -2.54271e-05 8.88327e-05 -3.06322e-05 0.00976456 -0.0178496 -4.15016e-05 -2.54271e-05 -0.0178496 0.0878818 
0.0096484 -0.0177757 0.000110235 -6.94405e-05 -0.0177757 0.0880674 -5.34108e-05 9.18776e-07 0.000110235 -5.34108e-05 0.009767 -0.0178473 -6.94405e-05 9.18776e-07 -0.0178473 0.0878623 
0.00964434 -0.0177246 0.000111699 -0.000100805 -0.0177246 0.0877709 -8.48588e-05 7.62584e-05 0.000111699 -8.48588e-05 0.00973816 -0.0177959 -0.000100805 7.62584e-05 -0.0177959 0.0876045 
0.00965135 -0.0177127 0.000103217 -0.000102115 -0.0177127 0.0875898 -9.35085e-05 0.000121175 0.000103217 -9.35085e-05 0.00968528 -0.0177432 -0.000102115 0.000121175 -0.0177432 0.0873573 
0.00963838 -0.0176896 0.000117394 -8.88761e-05 -0.0176896 0.0873562 -9.17284e-05 0.000127241 0.000117394 -9.17284e-05 0.00963737 -0.0176426 -8.88761e-05 0.000127241 -0.0176426 0.0869621 
0.00963177 -0.0177228 0.000122802 -9.44004e-05 -0.0177228 0.0874382 -0.000105809 0.000132239 0.000122802 -0.000105809 0.00964151 -0.017613 -9.44004e-05 0.000132239 -0.017613 0.0868456 
0.00958198 -0.017677 0.000112329 -9.63075e-05 -0.017677 0.087242 -0.000107298 0.000135932 0.000112329 -0.000107298 0.00964906 -0.0175586 -9.63075e-05 0.000135932 -0.0175586 0.0865292 
