0.00704206 0 0.00022502 0 0 0.00998241 0 0 0.00022502 0 0.00715127 0 0 0 0 0.00998241 
0.00993165 -0.0123339 0.000261852 -0.000317141 -0.0123339 0.0327771 -0.000317141 0.000607917 0.000261852 -0.000317141 0.0101068 -0.0125407 -0.000317141 0.000607917 -0.0125407 0.0331741 
0.0097116 -0.0181847 0.000186864 -0.000240142 -0.0181847 0.0670393 -0.000240142 0.000722091 0.000186864 -0.000240142 0.00985912 -0.0183285 -0.000240142 0.000722091 -0.0183285 0.0674556 
0.00923886 -0.0179372 0.000118952 -5.11403e-05 -0.0179372 0.0805776 -4.54447e-05 -0.000153586 0.000118952 -4.54447e-05 0.00935534 -0.0181004 -5.11403e-05 -0.000153586 -0.0181004 0.0810457 
0.00923254 -0.017319 0.000147095 -7.03295e-06 -0.017319 0.0836971 -8.84104e-06 -0.000558995 0.000147095 -8.84104e-06 0.00933295 -0.017502 -7.03295e-06 -0.000558995 -0.017502 0.0844691 
0.00950057 -0.0174915 0.000161764 -7.18535e-05 -0.0174915 0.0859814 -8.1492e-05 -0.000427203 0.000161764 -8.1492e-05 0.00956778 -0.0176463 -7.18535e-05 -0.000427203 -0.0176463 0.0867532 
0.00945275 -0.0173394 0.00017564 -0.000110176 -0.0173394 0.0854395 -0.000116212 -0.000174273 0.00017564 -0.000116212 0.00950281 -0.0174233 -0.000110176 -0.000174273 -0.0174233 0.0859719 
0.00961166 -0.0176516 0.000153242 -0.000129489 -0.0176516 0.0870706 -0.000130784 -3.11103e-05 0.000153242 -0.000130784 0.00968305 -0.0177034 -0.000129489 -3.11103e-05 -0.0177034 0.0874079 
0.009577 -0.0176144 0.000134567 -0.000100235 -0.0176144 0.0869978 -9.8745e-05 -1.38738e-05 0.000134567 -9.8745e-05 0.00970773 -0.0176842 -0.000100235 -1.38738e-05 -0.0176842 0.0872636 
0.00943764 -0.0173343 0.000120267 -6.8743e-05 -0.0173343 0.0857156 -6.10428e-05 -8.31536e-05 0.000120267 -6.10428e-05 0.00959774 -0.0174821 -6.8743e-05 -8.31536e-05 -0.0174821 0.0860869 
0.00957275 -0.0175588 9.37909e-05 -4.51137e-05 -0.0175588 0.0868141 -3.29117e-05 -0.000175049 9.37909e-05 -3.29117e-05 0.00974355 -0.0177653 -4.51137e-05 -0.000175049 -0.0177653 0.0873614 
0.00955859 -0.0175193 7.83283e-05 -8.51495e-06 -0.0175193 0.086545 4.87287e-06 -0.000274232 7.83283e-05 4.87287e-06 0.0097241 -0.0177367 -8.51495e-06 -0.000274232 -0.0177367 0.0871783 
0.00952104 -0.0174943 0.000100104 9.56902e-06 -0.0174943 0.0863429 1.87714e-05 -0.000339648 0.000100104 1.87714e-05 0.00971466 -0.0177017 9.56902e-06 -0.000339648 -0.0177017 0.0869836 
0.00952002 -0.0174774 0.000136621 -1.7648e-05 -0.0174774 0.086321 -1.6064e-05 -0.000309471 0.000136621 -1.6064e-05 0.00970269 -0.0177291 -1.7648e-05 -0.000309471 -0.0177291 0.087041 
0.00952051 -0.0174684 0.000140541 -6.1759e-05 -0.0174684 0.0862724 -6.53413e-05 -0.000214101 0.000140541 -6.53413e-05 0.00967992 -0.0177215 -6.1759e-05 -0.000214101 -0.0177215 0.0870553 
0.0095186 -0.0174311 0.000144299 -7.32857e-05 -0.0174311 0.0860481 -7.72935e-05 -0.000142762 0.000144299 -7.72935e-05 0.00962708 -0.0176406 -7.32857e-05 -0.000142762 -0.0176406 0.0867607 
0.00953992 -0.0174957 0.000164544 -7.76525e-05 -0.0174957 0.0862588 -8.29634e-05 -0.000112687 0.000164544 -8.29634e-05 0.0096202 -0.0176308 -7.76525e-05 -0.000112687 -0.0176308 0.0868054 
0.0095067 -0.0175033 0.000179543 -0.000101504 -0.0175033 0.0862876 -0.000107621 -6.47966e-05 0.000179543 -0.000107621 0.00961332 -0.0175849 -0.000101504 -6.47966e-05 -0.0175849 0.0866499 
0.00949144 -0.017456 0.0001953 -0.000130828 -0.017456 0.0862056 -0.000131415 1.36153e-05 0.0001953 -0.000131415 0.0095964 -0.0175742 -0.000130828 1.36153e-05 -0.0175742 0.0865551 
0.00969428 -0.0177865 0.000189134 -0.000158584 -0.0177865 0.0878768 -0.000148459 7.76224e-05 0.000189134 -0.000148459 0.00977758 -0.0179209 -0.000158584 7.76224e-05 -0.0179209 0.0882854 
0.00968981 -0.0177808 0.00017711 -0.000155818 -0.0177808 0.0877726 -0.000134974 9.71357e-05 0.00017711 -0.000134974 0.0097675 -0.0178808 -0.000155818 9.71357e-05 -0.0178808 0.0881369 
0.00970217 -0.0178027 0.000173239 -0.000139706 -0.0178027 0.0878389 -0.000116047 6.77862e-05 0.000173239 -0.000116047 0.00977119 -0.0178782 -0.000139706 6.77862e-05 -0.0178782 0.088111 
0.00973655 -0.0178608 0.000128819 -0.000127055 -0.0178608 0.0881012 -0.000112446 3.54442e-05 0.000128819 -0.000112446 0.00977981 -0.0179271 -0.000127055 3.54442e-05 -0.0179271 0.0883228 
0.00952993 -0.0175315 0.000137664 -6.58777e-05 -0.0175315 0.0864498 -6.62292e-05 -5.20115e-05 0.000137664 -6.62292e-05 0.00958393 -0.0175659 -6.58777e-05 -5.20115e-05 -0.0175659 0.086603 
0.00950613 -0.0174689 0.000154268 -6.97094e-05 -0.0174689 0.0862404 -8.0649e-05 -8.75471e-05 0.000154268 -8.0649e-05 0.00956029 -0.0175111 -6.97094e-05 -8.75471e-05 -0.0175111 0.0863643 
0.00950259 -0.0174706 0.000168238 -8.68688e-05 -0.0174706 0.0862691 -0.000102358 -6.3082e-05 0.000168238 -0.000102358 0.00956007 -0.0175309 -8.68688e-05 -6.3082e-05 -0.0175309 0.0864414 
0.00950903 -0.0174764 0.000160038 -0.000106728 -0.0174764 0.08633 -0.000118766 -2.05643e-05 0.000160038 -0.000118766 0.0095567 -0.0175395 -0.000106728 -2.05643e-05 -0.0175395 0.0865271 
0.00948171 -0.0174238 0.000156845 -0.00010356 -0.0174238 0.086076 -0.000108583 -8.23134e-06 0.000156845 -0.000108583 0.00953661 -0.0174735 -0.00010356 -8.23134e-06 -0.0174735 0.0862608 
0.00968725 -0.017798 0.000138941 -0.000101875 -0.017798 0.0879312 -0.000100273 -2.36565e-05 0.000138941 -0.000100273 0.00975214 -0.0178578 -0.000101875 -2.36565e-05 -0.0178578 0.0881243 
0.00968232 -0.0177718 0.000100511 -8.55499e-05 -0.0177718 0.0877948 -7.93977e-05 -4.68331e-05 0.000100511 -7.93977e-05 0.00974944 -0.0178414 -8.55499e-05 -4.68331e-05 -0.0178414 0.0880061 
0.00964813 -0.0176871 0.000106958 -3.94141e-05 -0.0176871 0.087331 -3.35592e-05 -0.000127623 0.000106958 -3.35592e-05 0.00971639 -0.0177575 -3.94141e-05 -0.000127623 -0.0177575 0.0875493 
0.00960993 -0.0176273 0.000109318 -4.68645e-05 -0.0176273 0.086963 -4.66623e-05 -0.000146029 0.000109318 -4.66623e-05 0.00968603 -0.0177025 -4.68645e-05 -0.000146029 -0.0177025 0.0871979 
0.00960102 -0.0176288 0.000133837 -5.42763e-05 -0.0176288 0.0869493 -6.17754e-05 -0.000116962 0.000133837 -6.17754e-05 0.00968401 -0.0177163 -5.42763e-05 -0.000116962 -0.0177163 0.0872156 
0.0096188 -0.0176569 0.000160233 -8.78488e-05 -0.0176569 0.0871092 -0.00010065 -4.03822e-05 0.000160233 -0.00010065 0.00970133 -0.017759 -8.78488e-05 -4.03822e-05 -0.017759 0.0874232 
0.00964849 -0.0177303 0.00017126 -0.000113379 -0.0177303 0.0874618 -0.000126056 2.52923e-05 0.00017126 -0.000126056 0.00972781 -0.0178299 -0.000113379 2.52923e-05 -0.0178299 0.0877915 
0.00968013 -0.0177682 0.000119639 -0.000131551 -0.0177682 0.0876866 -0.000134739 7.26717e-05 0.000119639 -0.000134739 0.00971855 -0.0178634 -0.000131551 7.26717e-05 -0.0178634 0.0880144 
0.00967001 -0.0177602 9.14103e-05 -7.18275e-05 -0.0177602 0.0876321 -6.99772e-05 -5.23457e-06 9.14103e-05 -6.99772e-05 0.0096945 -0.0178105 -7.18275e-05 -5.23457e-06 -0.0178105 0.0878964 
0.00966073 -0.0177791 9.2134e-05 -3.17128e-05 -0.0177791 0.0877492 -2.97684e-05 -0.000120566 9.2134e-05 -2.97684e-05 0.00970369 -0.0178067 -3.17128e-05 -0.000120566 -0.0178067 0.0879349 
0.00964225 -0.0177486 0.000118267 -3.16734e-05 -0.0177486 0.087696 -3.50128e-05 -0.000157742 0.000118267 -3.50128e-05 0.00970636 -0.0177962 -3.16734e-05 -0.000157742 -0.0177962 0.0878788 
0.0095765 -0.0176198 0.000127604 -6.05816e-05 -0.0176198 0.0871305 -6.85337e-05 -0.000116567 0.000127604 -6.85337e-05 0.00967024 -0.0177035 -6.05816e-05 -0.000116567 -0.0177035 0.0873887 
0.00956306 -0.0175703 0.000104119 -8.11789e-05 -0.0175703 0.0869011 -8.32616e-05 -5.65455e-05 0.000104119 -8.32616e-05 0.00964834 -0.0176868 -8.11789e-05 -5.65455e-05 -0.0176868 0.0872401 
0.00958003 -0.0175991 9.22038e-05 -6.02236e-05 -0.0175991 0.0869978 -5.22192e-05 -7.04382e-05 9.22038e-05 -5.22192e-05 0.00964958 -0.017704 -6.02236e-05 -7.04382e-05 -0.017704 0.0873502 
0.00960194 -0.0176274 9.42184e-05 -4.38532e-05 -0.0176274 0.0871089 -3.32413e-05 -0.000116922 9.42184e-05 -3.32413e-05 0.00964949 -0.0177101 -4.38532e-05 -0.000116922 -0.0177101 0.0874185 
0.00958696 -0.0176433 0.000125626 -4.08547e-05 -0.0176433 0.0871405 -3.27725e-05 -0.000143744 0.000125626 -3.27725e-05 0.00966013 -0.0176894 -4.08547e-05 -0.000143744 -0.0176894 0.0873616 
0.00958152 -0.017648 0.000181677 -8.03252e-05 -0.017648 0.0872327 -7.48362e-05 -8.42873e-05 0.000181677 -7.48362e-05 0.00969101 -0.0177218 -8.03252e-05 -8.42873e-05 -0.0177218 0.0874515 
0.00960398 -0.0176574 0.000178158 -0.000148569 -0.0176574 0.0873514 -0.000145397 5.52457e-05 0.000178158 -0.000145397 0.00971377 -0.0177903 -0.000148569 5.52457e-05 -0.0177903 0.0876903 
0.009594 -0.017628 0.000145462 -0.00014583 -0.017628 0.0871686 -0.0001409 0.000115579 0.000145462 -0.0001409 0.00970887 -0.0177646 -0.00014583 0.000115579 -0.0177646 0.087573 
0.0096056 -0.0176374 0.000101926 -0.000105729 -0.0176374 0.0871664 -9.62598e-05 5.82285e-05 0.000101926 -9.62598e-05 0.00970415 -0.0177709 -0.000105729 5.82285e-05 -0.0177709 0.0875707 
0.00960453 -0.0176638 8.59209e-05 -4.79402e-05 -0.0176638 0.08725 -3.36399e-05 -7.57039e-05 8.59209e-05 -3.36399e-05 0.00970528 -0.0177834 -4.79402e-05 -7.57039e-05 -0.0177834 0.0876384 
0.00960449 -0.0176613 0.000117703 -2.91808e-05 -0.0176613 0.0872805 -1.5182e-05 -0.000163755 0.000117703 -1.5182e-05 0.00970368 -0.0177838 -2.91808e-05 -0.000163755 -0.0177838 0.0876605 
0.00959974 -0.0176474 0.000139349 -6.08418e-05 -0.0176474 0.0872313 -5.19113e-05 -0.00014557 0.000139349 -5.19113e-05 0.00969688 -0.017776 -6.08418e-05 -0.00014557 -0.017776 0.0876312 
0.00958469 -0.0176362 0.000142089 -8.63618e-05 -0.0176362 0.0871612 -8.41955e-05 -7.94545e-05 0.000142089 -8.41955e-05 0.00969984 -0.017751 -8.63618e-05 -7.94545e-05 -0.017751 0.0875324 
0.00956785 -0.0175918 0.000153516 -8.44236e-05 -0.0175918 0.0869864 -8.58229e-05 -5.66945e-05 0.000153516 -8.58229e-05 0.00969185 -0.017737 -8.44236e-05 -5.66945e-05 -0.017737 0.0873967 
0.00958638 -0.0175802 0.000165803 -9.73708e-05 -0.0175802 0.0869169 -0.000100622 -3.18981e-05 0.000165803 -0.000100622 0.00967783 -0.0177394 -9.73708e-05 -3.18981e-05 -0.0177394 0.0873774 
0.00960192 -0.0176254 0.000172552 -0.00011337 -0.0176254 0.0870234 -0.000119571 1.06008e-05 0.000172552 -0.000119571 0.00967031 -0.017738 -0.00011337 1.06008e-05 -0.017738 0.0874239 
0.00958262 -0.0176102 0.000155503 -0.000125327 -0.0176102 0.0869218 -0.000133955 5.49673e-05 0.000155503 -0.000133955 0.00965337 -0.0176833 -0.000125327 5.49673e-05 -0.0176833 0.0872117 
0.00960892 -0.0176832 0.000141828 -0.000103952 -0.0176832 0.0873061 -0.000114254 3.98069e-05 0.000141828 -0.000114254 0.00969292 -0.0177533 -0.000103952 3.98069e-05 -0.0177533 0.087535 
0.00961014 -0.0176811 0.00014847 -8.08946e-05 -0.0176811 0.0873687 -8.9001e-05 -2.00014e-05 0.00014847 -8.9001e-05 0.0097018 -0.0177786 -8.08946e-05 -2.00014e-05 -0.0177786 0.0876352 
0.00961339 -0.0176871 0.000145505 -8.71975e-05 -0.0176871 0.0874357 -8.91721e-05 -4.74757e-05 0.000145505 -8.91721e-05 0.00970595 -0.0178029 -8.71975e-05 -4.74757e-05 -0.0178029 0.0877596 
0.00961866 -0.0176947 0.000141943 -9.41576e-05 -0.0176947 0.0875091 -8.79492e-05 -4.05788e-05 0.000141943 -8.79492e-05 0.00971268 -0.0178223 -9.41576e-05 -4.05788e-05 -0.0178223 0.0878887 
0.00957088 -0.0175814 0.000138488 -9.5287e-05 -0.0175814 0.0869657 -8.31558e-05 -3.58094e-05 0.000138488 -8.31558e-05 0.00963927 -0.0177061 -9.5287e-05 -3.58094e-05 -0.0177061 0.0873574 
0.00957812 -0.0175935 0.00013736 -0.000100652 -0.0175935 0.0869588 -8.85542e-05 -1.35561e-05 0.00013736 -8.85542e-05 0.00962407 -0.0176655 -0.000100652 -1.35561e-05 -0.0176655 0.0872416 
0.00956149 -0.0175632 0.000134863 -9.67263e-05 -0.0175632 0.0867677 -8.76366e-05 -7.8303e-06 0.000134863 -8.76366e-05 0.009606 -0.0175943 -9.67263e-05 -7.8303e-06 -0.0175943 0.0869115 
0.00952512 -0.0174898 0.000136395 -8.62753e-05 -0.0174898 0.0863806 -8.28187e-05 -2.33442e-05 0.000136395 -8.28187e-05 0.00956398 -0.0175176 -8.62753e-05 -2.33442e-05 -0.0175176 0.0864615 
0.00952692 -0.0174947 0.0001607 -8.68356e-05 -0.0174947 0.086381 -8.73554e-05 -2.54422e-05 0.0001607 -8.73554e-05 0.00956057 -0.0175285 -8.68356e-05 -2.54422e-05 -0.0175285 0.0864664 
0.00953205 -0.017527 0.000175394 -0.000119851 -0.017527 0.0865312 -0.000117728 2.62632e-05 0.000175394 -0.000117728 0.00956271 -0.0175603 -0.000119851 2.62632e-05 -0.0175603 0.0866251 
0.00952795 -0.0175334 0.000175274 -0.000138142 -0.0175334 0.0866153 -0.000134305 7.95644e-05 0.000175274 -0.000134305 0.00956214 -0.0175705 -0.000138142 7.95644e-05 -0.0175705 0.0867275 
0.00947896 -0.0174935 0.000164939 -0.000137432 -0.0174935 0.0864732 -0.000132633 9.72668e-05 0.000164939 -0.000132633 0.00957513 -0.0175304 -0.000137432 9.72668e-05 -0.0175304 0.0865859 
0.0096056 -0.0177408 0.00014673 -0.000124178 -0.0177408 0.0878246 -0.000116343 7.13298e-05 0.00014673 -0.000116343 0.00977075 -0.0178368 -0.000124178 7.13298e-05 -0.0178368 0.0880004 
0.00960218 -0.0177127 0.000134718 -9.54233e-05 -0.0177127 0.0877861 -8.79143e-05 8.83818e-06 0.000134718 -8.79143e-05 0.00978944 -0.0179028 -9.54233e-05 8.83818e-06 -0.0179028 0.0881577 
0.00960478 -0.0176742 0.000132898 -8.84154e-05 -0.0176742 0.0876244 -8.22052e-05 -1.76949e-05 0.000132898 -8.22052e-05 0.00976839 -0.017921 -8.84154e-05 -1.76949e-05 -0.017921 0.0882123 
0.00961597 -0.0176931 0.000113172 -8.49262e-05 -0.0176931 0.0876365 -8.43924e-05 -2.51484e-05 0.000113172 -8.43924e-05 0.00974683 -0.0179071 -8.49262e-05 -2.51484e-05 -0.0179071 0.0882531 
0.00961393 -0.017693 0.000110424 -6.54396e-05 -0.017693 0.0876177 -7.07415e-05 -4.02883e-05 0.000110424 -7.07415e-05 0.00972239 -0.0178776 -6.54396e-05 -4.02883e-05 -0.0178776 0.0881969 
0.00963166 -0.0177078 0.000124199 -5.70761e-05 -0.0177078 0.0876949 -6.7718e-05 -6.27344e-05 0.000124199 -6.7718e-05 0.0097077 -0.0178668 -5.70761e-05 -6.27344e-05 -0.0178668 0.0882194 
0.00964672 -0.0177061 0.000138489 -7.91026e-05 -0.0177061 0.0876424 -8.6884e-05 -3.05659e-05 0.000138489 -8.6884e-05 0.00968326 -0.0178181 -7.91026e-05 -3.05659e-05 -0.0178181 0.0880647 
0.00965051 -0.0177003 0.000152763 -0.000104228 -0.0177003 0.0875219 -0.000103609 2.50498e-05 0.000152763 -0.000103609 0.00964659 -0.0177549 -0.000104228 2.50498e-05 -0.0177549 0.0877994 
0.00970003 -0.0177849 0.000156811 -0.000126403 -0.0177849 0.0878362 -0.000120472 8.09553e-05 0.000156811 -0.000120472 0.00964046 -0.0177615 -0.000126403 8.09553e-05 -0.0177615 0.0878932 
0.00971742 -0.017817 0.000155284 -0.000125946 -0.017817 0.0879202 -0.000120909 9.68327e-05 0.000155284 -0.000120909 0.0096226 -0.0177178 -0.000125946 9.68327e-05 -0.0177178 0.0877525 
0.00968697 -0.0178149 0.000143553 -0.000119537 -0.0178149 0.0878421 -0.000116771 8.73474e-05 0.000143553 -0.000116771 0.00962673 -0.017645 -0.000119537 8.73474e-05 -0.017645 0.0874333 
0.0096747 -0.0177837 0.00014548 -0.000100785 -0.0177837 0.0877736 -9.86983e-05 4.84172e-05 0.00014548 -9.86983e-05 0.00962502 -0.0176589 -0.000100785 4.84172e-05 -0.0176589 0.0873367 
0.00963288 -0.0177114 0.000146987 -0.000100237 -0.0177114 0.0874204 -9.47346e-05 2.10571e-05 0.000146987 -9.47346e-05 0.00960192 -0.0176022 -0.000100237 2.10571e-05 -0.0176022 0.0870209 
0.0096139 -0.017694 0.000144353 -0.000109378 -0.017694 0.0873592 -0.000104706 3.73436e-05 0.000144353 -0.000104706 0.00961251 -0.0176229 -0.000109378 3.73436e-05 -0.0176229 0.08705 
0.00959556 -0.0176737 0.00014454 -0.000102322 -0.0176737 0.0873154 -0.000102338 3.60533e-05 0.00014454 -0.000102338 0.00961948 -0.0176484 -0.000102322 3.60533e-05 -0.0176484 0.0871283 
0.00960792 -0.0177225 0.000159443 -0.00010483 -0.0177225 0.0876072 -0.000107342 4.2769e-05 0.000159443 -0.000107342 0.00966843 -0.0177249 -0.00010483 4.2769e-05 -0.0177249 0.0875126 
0.0096368 -0.0177902 0.000155273 -0.000119686 -0.0177902 0.0880382 -0.000123361 6.59468e-05 0.000155273 -0.000123361 0.00973155 -0.0178453 -0.000119686 6.59468e-05 -0.0178453 0.0880709 
0.00964669 -0.0177672 0.000163939 -0.000116409 -0.0177672 0.0880152 -0.000119201 7.49764e-05 0.000163939 -0.000119201 0.00973605 -0.0178715 -0.000116409 7.49764e-05 -0.0178715 0.0881918 
0.00965581 -0.0177413 0.000169385 -0.000119905 -0.0177413 0.0878524 -0.000120607 6.93635e-05 0.000169385 -0.000120607 0.00971453 -0.0178447 -0.000119905 6.93635e-05 -0.0178447 0.0880948 
0.00965699 -0.0177621 0.000171127 -0.000126282 -0.0177621 0.0878556 -0.000128546 8.01814e-05 0.000171127 -0.000128546 0.00971487 -0.0178283 -0.000126282 8.01814e-05 -0.0178283 0.088057 
0.0096417 -0.0177278 0.000153279 -0.000131088 -0.0177278 0.0876849 -0.000134744 9.67346e-05 0.000153279 -0.000134744 0.00968674 -0.0177928 -0.000131088 9.67346e-05 -0.0177928 0.0878609 
0.00964308 -0.0177674 0.000142697 -0.000111227 -0.0177674 0.0878556 -0.000113571 7.27108e-05 0.000142697 -0.000113571 0.00970223 -0.0178085 -0.000111227 7.27108e-05 -0.0178085 0.0879798 
0.0094421 -0.0174068 0.00013408 -9.62093e-05 -0.0174068 0.0861365 -9.55274e-05 3.35076e-05 0.00013408 -9.55274e-05 0.00951153 -0.0174569 -9.62093e-05 3.35076e-05 -0.0174569 0.0862406 
0.00948495 -0.0174555 0.000132043 -9.6288e-05 -0.0174555 0.0864453 -9.2204e-05 2.24499e-05 0.000132043 -9.2204e-05 0.00954258 -0.0175351 -9.6288e-05 2.24499e-05 -0.0175351 0.0866138 
0.00951722 -0.0174804 0.000123088 -9.7061e-05 -0.0174804 0.0865358 -9.08218e-05 2.31551e-05 0.000123088 -9.08218e-05 0.00954214 -0.0175466 -9.7061e-05 2.31551e-05 -0.0175466 0.0867152 
0.00949783 -0.0174222 0.000145077 -8.71565e-05 -0.0174222 0.0861789 -8.08042e-05 1.26616e-05 0.000145077 -8.08042e-05 0.00951037 -0.0174609 -8.71565e-05 1.26616e-05 -0.0174609 0.0863249 
0.00949423 -0.0174298 0.000169128 -0.000108779 -0.0174298 0.0861117 -0.00010494 3.70919e-05 0.000169128 -0.00010494 0.00950548 -0.0174343 -0.000108779 3.70919e-05 -0.0174343 0.0861645 
0.00970417 -0.0178368 0.00016933 -0.000136867 -0.0178368 0.0880893 -0.000134451 8.90113e-05 0.00016933 -0.000134451 0.00972207 -0.0178299 -0.000136867 8.90113e-05 -0.0178299 0.0880704 
0.00970168 -0.0178365 0.000139776 -0.000130617 -0.0178365 0.0881156 -0.000128746 0.000100489 0.000139776 -0.000128746 0.00971007 -0.0178404 -0.000130617 0.000100489 -0.0178404 0.0880894 
0.00948018 -0.017475 0.000123588 -9.43833e-05 -0.017475 0.0863459 -9.28666e-05 4.75028e-05 0.000123588 -9.28666e-05 0.00951024 -0.0174683 -9.43833e-05 4.75028e-05 -0.0174683 0.0863077 
0.00946758 -0.0174565 0.000123277 -7.86055e-05 -0.0174565 0.0863706 -7.63019e-05 -4.28689e-06 0.000123277 -7.63019e-05 0.00952105 -0.0174763 -7.86055e-05 -4.28689e-06 -0.0174763 0.0863637 
0.00948085 -0.0174569 0.000125329 -7.92483e-05 -0.0174569 0.0864417 -7.72235e-05 -2.07461e-05 0.000125329 -7.72235e-05 0.00953777 -0.0175074 -7.92483e-05 -2.07461e-05 -0.0175074 0.0865034 
0.00948309 -0.0174377 0.000130195 -8.24714e-05 -0.0174377 0.0863505 -8.14932e-05 -1.48794e-05 0.000130195 -8.14932e-05 0.00953674 -0.0175072 -8.24714e-05 -1.48794e-05 -0.0175072 0.086488 
0.00951656 -0.0174867 0.0001428 -9.15211e-05 -0.0174867 0.086539 -9.1061e-05 5.75128e-06 0.0001428 -9.1061e-05 0.00953777 -0.0175423 -9.15211e-05 5.75128e-06 -0.0175423 0.0866721 
0.00953282 -0.0175091 0.000170027 -0.000106028 -0.0175091 0.0865913 -0.00010899 4.14075e-05 0.000170027 -0.00010899 0.0095277 -0.0175191 -0.000106028 4.14075e-05 -0.0175191 0.0866418 
0.00953894 -0.0175308 0.000178313 -0.000141648 -0.0175308 0.0866448 -0.000146984 0.000118469 0.000178313 -0.000146984 0.00952434 -0.0174946 -0.000141648 0.000118469 -0.0174946 0.0865613 
0.00953308 -0.0174945 0.000164674 -0.000146852 -0.0174945 0.0864766 -0.000149105 0.000151436 0.000164674 -0.000149105 0.00949523 -0.0174604 -0.000146852 0.000151436 -0.0174604 0.0863564 
0.00970728 -0.017823 0.000152056 -0.000130817 -0.017823 0.0880472 -0.000129303 0.000126116 0.000152056 -0.000129303 0.00965957 -0.0177634 -0.000130817 0.000126116 -0.0177634 0.0878813 
0.00966375 -0.0177639 0.000139142 -0.000106346 -0.0177639 0.0877446 -0.000103882 6.28564e-05 0.000139142 -0.000103882 0.00961649 -0.017689 -0.000106346 6.28564e-05 -0.017689 0.0875269 
0.00963316 -0.0177183 0.000157948 -9.17227e-05 -0.0177183 0.0875406 -8.56092e-05 7.99175e-06 0.000157948 -8.56092e-05 0.00959458 -0.0176305 -9.17227e-05 7.99175e-06 -0.0176305 0.087267 
0.00963043 -0.0177375 0.000161534 -0.000122856 -0.0177375 0.0876563 -0.000113777 4.00442e-05 0.000161534 -0.000113777 0.00962425 -0.0176518 -0.000122856 4.00442e-05 -0.0176518 0.0873509 
0.00964971 -0.0177752 0.000157927 -0.000129835 -0.0177752 0.0879126 -0.00011924 7.38552e-05 0.000157927 -0.00011924 0.00965658 -0.0177336 -0.000129835 7.38552e-05 -0.0177336 0.0876669 
0.00966682 -0.0177957 0.000177574 -0.000127094 -0.0177957 0.0880465 -0.000118611 8.66407e-05 0.000177574 -0.000118611 0.00966381 -0.0177678 -0.000127094 8.66407e-05 -0.0177678 0.0878531 
0.00964657 -0.0177508 0.000159815 -0.000147174 -0.0177508 0.0878225 -0.000141052 0.000120859 0.000159815 -0.000141052 0.00962671 -0.0177117 -0.000147174 0.000120859 -0.0177117 0.0876326 
0.00958915 -0.0176069 0.000123329 -0.000128746 -0.0176069 0.0871071 -0.000126107 0.000123598 0.000123329 -0.000126107 0.00954109 -0.0175552 -0.000128746 0.000123598 -0.0175552 0.086902 
0.00956658 -0.0175721 0.000114103 -8.08204e-05 -0.0175721 0.0868494 -8.48066e-05 4.98747e-05 0.000114103 -8.48066e-05 0.00950335 -0.0174845 -8.08204e-05 4.98747e-05 -0.0174845 0.086578 
0.00954774 -0.0175806 0.000106913 -6.82397e-05 -0.0175806 0.0868553 -7.52296e-05 -4.07444e-06 0.000106913 -7.52296e-05 0.00951244 -0.0174662 -6.82397e-05 -4.07444e-06 -0.0174662 0.0865024 
0.00957103 -0.0176698 0.00012282 -6.478e-05 -0.0176698 0.0873675 -6.91904e-05 -2.45305e-05 0.00012282 -6.91904e-05 0.00958313 -0.0175856 -6.478e-05 -2.45305e-05 -0.0175856 0.0870229 
0.00954278 -0.0176486 0.000122217 -8.83831e-05 -0.0176486 0.0873952 -8.80087e-05 5.6469e-06 0.000122217 -8.80087e-05 0.00962148 -0.0176234 -8.83831e-05 5.6469e-06 -0.0176234 0.0871589 
0.00955322 -0.0176626 0.000138989 -9.357e-05 -0.0176626 0.0876036 -8.77882e-05 3.12078e-05 0.000138989 -8.77882e-05 0.00966865 -0.0177244 -9.357e-05 3.12078e-05 -0.0177244 0.0875605 
0.00954954 -0.0175831 0.000148931 -0.000113376 -0.0175831 0.0873 -0.000108826 7.13275e-05 0.000148931 -0.000108826 0.00965416 -0.0177222 -0.000113376 7.13275e-05 -0.0177222 0.0875067 
0.00957111 -0.0175821 0.000126693 -0.000116366 -0.0175821 0.0872013 -0.000120213 9.49437e-05 0.000126693 -0.000120213 0.00964707 -0.0177288 -0.000116366 9.49437e-05 -0.0177288 0.0875486 
0.00959574 -0.0176217 0.000112933 -8.97459e-05 -0.0176217 0.0872553 -9.92025e-05 7.03554e-05 0.000112933 -9.92025e-05 0.00965012 -0.0177243 -8.97459e-05 7.03554e-05 -0.0177243 0.0875733 
0.0096299 -0.0176636 0.000117684 -6.55784e-05 -0.0176636 0.0873841 -7.48069e-05 5.04858e-06 0.000117684 -7.48069e-05 0.00965047 -0.0177412 -6.55784e-05 5.04858e-06 -0.0177412 0.0876435 
0.00965762 -0.0177371 0.000109156 -7.12567e-05 -0.0177371 0.087634 -7.60539e-05 -1.93961e-05 0.000109156 -7.60539e-05 0.00966474 -0.0177559 -7.12567e-05 -1.93961e-05 -0.0177559 0.0877603 
0.00967687 -0.0178038 0.000110096 -5.70215e-05 -0.0178038 0.0879456 -5.61532e-05 -5.9689e-05 0.000110096 -5.61532e-05 0.00968402 -0.0177953 -5.70215e-05 -5.9689e-05 -0.0177953 0.087955 
0.00968255 -0.0178108 0.00010025 -5.806e-05 -0.0178108 0.0880204 -5.55845e-05 -8.08777e-05 0.00010025 -5.55845e-05 0.00967928 -0.0177886 -5.806e-05 -8.08777e-05 -0.0177886 0.0879488 
0.00948578 -0.0174655 0.000105474 -5.05461e-05 -0.0174655 0.086317 -4.60529e-05 -9.18972e-05 0.000105474 -4.60529e-05 0.00949874 -0.0174274 -5.05461e-05 -9.18972e-05 -0.0174274 0.0861861 
0.00949138 -0.0174759 0.000132013 -5.93182e-05 -0.0174759 0.0864144 -5.4573e-05 -8.61696e-05 0.000132013 -5.4573e-05 0.00951303 -0.0174586 -5.93182e-05 -8.61696e-05 -0.0174586 0.0862873 
0.00945684 -0.017439 0.000155151 -9.48782e-05 -0.017439 0.0862607 -9.67564e-05 -1.04456e-05 0.000155151 -9.67564e-05 0.00951637 -0.0174383 -9.48782e-05 -1.04456e-05 -0.0174383 0.0861755 
0.00943421 -0.0173888 0.000176024 -0.000119043 -0.0173888 0.0861138 -0.000125747 6.37709e-05 0.000176024 -0.000125747 0.00951511 -0.0174573 -0.000119043 6.37709e-05 -0.0174573 0.0861811 
0.00961884 -0.0176892 0.00015669 -0.000146142 -0.0176892 0.0876455 -0.000152788 0.000131969 0.00015669 -0.000152788 0.00968305 -0.0178 -0.000146142 0.000131969 -0.0178 0.0878715 
0.00961741 -0.0176846 0.00011522 -0.000123834 -0.0176846 0.087558 -0.000128104 0.000127809 0.00011522 -0.000128104 0.00966238 -0.0177726 -0.000123834 0.000127809 -0.0177726 0.0878123 
0.00960867 -0.0176992 9.48877e-05 -7.68765e-05 -0.0176992 0.0875869 -8.02432e-05 4.67989e-05 9.48877e-05 -8.02432e-05 0.00966681 -0.0177475 -7.68765e-05 4.67989e-05 -0.0177475 0.0877605 
0.00962423 -0.0177195 0.000114745 -4.8786e-05 -0.0177195 0.0877397 -5.30231e-05 -3.90007e-05 0.000114745 -5.30231e-05 0.00967227 -0.0177817 -4.8786e-05 -3.90007e-05 -0.0177817 0.0878921 
0.00960083 -0.0176568 0.00011662 -7.0178e-05 -0.0176568 0.0874351 -7.14229e-05 -4.33529e-05 0.00011662 -7.14229e-05 0.00962442 -0.0177111 -7.0178e-05 -4.33529e-05 -0.0177111 0.0875851 
0.00957819 -0.0175871 0.000103268 -7.7589e-05 -0.0175871 0.0870556 -7.72317e-05 -1.77437e-05 0.000103268 -7.72317e-05 0.00956165 -0.0176119 -7.7589e-05 -1.77437e-05 -0.0176119 0.0871575 
0.00954768 -0.0175036 9.84349e-05 -6.337e-05 -0.0175036 0.0865554 -6.4709e-05 -2.38672e-05 9.84349e-05 -6.4709e-05 0.00948706 -0.0174721 -6.337e-05 -2.38672e-05 -0.0174721 0.0865358 
0.00953893 -0.017503 8.95213e-05 -6.02508e-05 -0.017503 0.0864364 -6.53097e-05 -2.64162e-05 8.95213e-05 -6.53097e-05 0.00946747 -0.0174074 -6.02508e-05 -2.64162e-05 -0.0174074 0.0862496 
0.00952371 -0.0174973 7.62372e-05 -4.6076e-05 -0.0174973 0.0863544 -5.16113e-05 -5.0759e-05 7.62372e-05 -5.16113e-05 0.00945806 -0.017366 -4.6076e-05 -5.0759e-05 -0.017366 0.0860127 
0.0095276 -0.0175382 7.59616e-05 -3.07765e-05 -0.0175382 0.086567 -3.32499e-05 -8.99252e-05 7.59616e-05 -3.32499e-05 0.00949466 -0.0174171 -3.07765e-05 -8.99252e-05 -0.0174171 0.0861856 
0.00953033 -0.0175332 9.03346e-05 -2.52041e-05 -0.0175332 0.0866208 -2.20798e-05 -0.000130344 9.03346e-05 -2.20798e-05 0.00950502 -0.0174624 -2.52041e-05 -0.000130344 -0.0174624 0.0863225 
0.0095153 -0.0175443 0.000130296 -5.14572e-05 -0.0175443 0.0866839 -3.83867e-05 -0.000108557 0.000130296 -3.83867e-05 0.00953559 -0.0174847 -5.14572e-05 -0.000108557 -0.0174847 0.0864455 
0.00949737 -0.0175127 0.000134068 -0.000102954 -0.0175127 0.0866375 -8.14381e-05 -2.34921e-05 0.000134068 -8.14381e-05 0.00954752 -0.0175243 -0.000102954 -2.34921e-05 -0.0175243 0.0865463 
0.00947013 -0.0174572 0.00011334 -0.000105283 -0.0174572 0.0864267 -8.77726e-05 2.3645e-05 0.00011334 -8.77726e-05 0.00954243 -0.0175151 -0.000105283 2.3645e-05 -0.0175151 0.086488 
0.00947067 -0.017467 0.000103662 -7.31304e-05 -0.017467 0.086491 -7.12418e-05 7.36529e-07 0.000103662 -7.12418e-05 0.00956271 -0.0175456 -7.31304e-05 7.36529e-07 -0.0175456 0.0866341 
0.00947426 -0.0174891 0.000103637 -5.38266e-05 -0.0174891 0.0866458 -6.44301e-05 -3.89746e-05 0.000103637 -6.44301e-05 0.00958952 -0.0175989 -5.38266e-05 -3.89746e-05 -0.0175989 0.086873 
0.00950639 -0.0175373 0.000112497 -5.52749e-05 -0.0175373 0.0869533 -6.6154e-05 -5.0221e-05 0.000112497 -6.6154e-05 0.00963071 -0.017684 -5.52749e-05 -5.0221e-05 -0.017684 0.0872851 
0.00957819 -0.0176228 0.000136616 -7.04932e-05 -0.0176228 0.0874067 -7.43376e-05 -3.27328e-05 0.000136616 -7.43376e-05 0.00966226 -0.0177938 -7.04932e-05 -3.27328e-05 -0.0177938 0.0878361 
0.00958816 -0.0176397 0.000162922 -0.000112811 -0.0176397 0.0874149 -0.000111725 5.31538e-05 0.000162922 -0.000111725 0.00965089 -0.0177652 -0.000112811 5.31538e-05 -0.0177652 0.0878171 
0.00957439 -0.0176382 0.000155009 -0.00014527 -0.0176382 0.0873592 -0.000141559 0.000141281 0.000155009 -0.000141559 0.00964355 -0.0177154 -0.00014527 0.000141281 -0.0177154 0.0876359 
0.00955945 -0.0176124 0.000149356 -0.00013755 -0.0176124 0.0872685 -0.000133555 0.000166776 0.000149356 -0.000133555 0.00963226 -0.0176968 -0.00013755 0.000166776 -0.0176968 0.0874982 
