0.00714714 0 7.5586e-05 0 0 0.00999381 0 0 7.5586e-05 0 0.00705911 0 0 0 0 0.00999381 
0.0100478 -0.012474 9.01893e-05 -0.000107708 -0.012474 0.0330566 -0.000107708 0.000206999 9.01893e-05 -0.000107708 0.0100082 -0.0124214 -0.000107708 0.000206999 -0.0124214 0.0329546 
0.00976632 -0.0182234 6.5554e-05 -6.0137e-05 -0.0182234 0.0671295 -6.0137e-05 0.0001714 6.5554e-05 -6.0137e-05 0.00977123 -0.0182185 -6.0137e-05 0.0001714 -0.0182185 0.0671122 
0.00943493 -0.0181529 5.4153e-05 -1.18322e-05 -0.0181529 0.0813535 -1.37471e-05 -0.000104514 5.4153e-05 -1.37471e-05 0.00942272 -0.0183292 -1.18322e-05 -0.000104514 -0.0183292 0.0822615 
0.00935816 -0.0173751 7.15065e-05 -1.34051e-05 -0.0173751 0.0835222 -3.28194e-05 -0.000147208 7.15065e-05 -3.28194e-05 0.00931494 -0.0175731 -1.34051e-05 -0.000147208 -0.0175731 0.0851369 
0.00941937 -0.0172101 6.65818e-05 -4.07283e-05 -0.0172101 0.0840228 -7.58157e-05 -4.1784e-05 6.65818e-05 -7.58157e-05 0.00935203 -0.0172843 -4.07283e-05 -4.1784e-05 -0.0172843 0.0853276 
0.00960679 -0.0175125 5.5722e-05 -4.20758e-05 -0.0175125 0.085767 -7.76001e-05 3.55475e-05 5.5722e-05 -7.76001e-05 0.00952968 -0.0175172 -4.20758e-05 3.55475e-05 -0.0175172 0.086604 
0.00962546 -0.0175362 5.91129e-05 -3.50556e-05 -0.0175362 0.0860474 -5.89919e-05 4.91211e-05 5.91129e-05 -5.89919e-05 0.00951426 -0.0175171 -3.50556e-05 4.91211e-05 -0.0175171 0.0865712 
0.00966059 -0.0176328 5.81207e-05 -4.33697e-05 -0.0176328 0.0865972 -5.12402e-05 4.76918e-05 5.81207e-05 -5.12402e-05 0.00956839 -0.0175787 -4.33697e-05 4.76918e-05 -0.0175787 0.0869456 
0.00970021 -0.0177511 5.5339e-05 -4.36458e-05 -0.0177511 0.0872747 -3.66733e-05 3.10455e-05 5.5339e-05 -3.66733e-05 0.00967089 -0.0177186 -4.36458e-05 3.10455e-05 -0.0177186 0.0875845 
0.00958626 -0.0175612 7.71616e-05 -4.31949e-05 -0.0175612 0.0864848 -3.21502e-05 2.14708e-05 7.71616e-05 -3.21502e-05 0.0096205 -0.0176192 -4.31949e-05 2.14708e-05 -0.0176192 0.0869455 
0.00954819 -0.0174603 8.78293e-05 -6.91836e-05 -0.0174603 0.0860966 -6.13501e-05 5.95202e-05 8.78293e-05 -6.13501e-05 0.00959572 -0.0176095 -6.91836e-05 5.95202e-05 -0.0176095 0.0867937 
0.00957025 -0.0174372 8.77194e-05 -8.11084e-05 -0.0174372 0.0859583 -8.0905e-05 0.000108059 8.77194e-05 -8.0905e-05 0.00956539 -0.0176014 -8.11084e-05 0.000108059 -0.0176014 0.0867789 
0.00980714 -0.0178179 8.35433e-05 -7.94108e-05 -0.0178179 0.087681 -8.0425e-05 0.000120854 8.35433e-05 -8.0425e-05 0.00971168 -0.0179169 -7.94108e-05 0.000120854 -0.0179169 0.0884478 
0.00983196 -0.0178837 7.91415e-05 -7.25226e-05 -0.0178837 0.0877851 -7.14352e-05 0.000107591 7.91415e-05 -7.14352e-05 0.00967301 -0.0178393 -7.25226e-05 0.000107591 -0.0178393 0.0882416 
0.00980429 -0.0179095 6.93117e-05 -6.94865e-05 -0.0179095 0.0878424 -6.79254e-05 9.98049e-05 6.93117e-05 -6.79254e-05 0.00966801 -0.0177762 -6.94865e-05 9.98049e-05 -0.0177762 0.0879999 
0.00975499 -0.0178781 6.60312e-05 -5.36883e-05 -0.0178781 0.0878104 -5.68878e-05 7.57212e-05 6.60312e-05 -5.68878e-05 0.00968586 -0.0177662 -5.36883e-05 7.57212e-05 -0.0177662 0.0878708 
0.00972087 -0.0178337 3.43883e-05 -4.60585e-05 -0.0178337 0.0877871 -5.49108e-05 5.52705e-05 3.43883e-05 -5.49108e-05 0.00971591 -0.0178259 -4.60585e-05 5.52705e-05 -0.0178259 0.0880152 
0.00972062 -0.0177987 1.08672e-06 -8.10342e-06 -0.0177987 0.0877647 -1.7605e-05 -9.041e-06 1.08672e-06 -1.7605e-05 0.0097228 -0.0178909 -8.10342e-06 -9.041e-06 -0.0178909 0.0882631 
0.00973634 -0.0178061 2.60934e-05 2.93147e-05 -0.0178061 0.0878019 2.56325e-05 -0.000103097 2.60934e-05 2.56325e-05 0.0097257 -0.0179087 2.93147e-05 -0.000103097 -0.0179087 0.0884334 
0.00974598 -0.0178174 6.09763e-05 -5.49783e-06 -0.0178174 0.0878226 -1.83595e-07 -9.62861e-05 6.09763e-05 -1.83595e-07 0.00973403 -0.0178996 -5.49783e-06 -9.62861e-05 -0.0178996 0.0884514 
0.00951703 -0.017439 7.498e-05 -4.68256e-05 -0.017439 0.0859165 -3.71641e-05 -2.13664e-05 7.498e-05 -3.71641e-05 0.00954342 -0.0175005 -4.68256e-05 -2.13664e-05 -0.0175005 0.0864724 
0.00952021 -0.0174128 7.32611e-05 -6.97109e-05 -0.0174128 0.0858715 -6.19843e-05 5.70799e-05 7.32611e-05 -6.19843e-05 0.0095338 -0.0175293 -6.97109e-05 5.70799e-05 -0.0175293 0.0864958 
0.00974736 -0.0177987 5.49381e-05 -6.70736e-05 -0.0177987 0.0877572 -6.2616e-05 8.35949e-05 5.49381e-05 -6.2616e-05 0.0097311 -0.0179258 -6.70736e-05 8.35949e-05 -0.0179258 0.0884849 
0.0097008 -0.0176811 5.87217e-05 -4.34459e-05 -0.0176811 0.0871113 -3.98974e-05 5.45367e-05 5.87217e-05 -3.98974e-05 0.00964093 -0.0177713 -4.34459e-05 5.45367e-05 -0.0177713 0.0878093 
0.00954444 -0.0174733 4.98961e-05 -4.51197e-05 -0.0174733 0.0859599 -4.00005e-05 3.5303e-05 4.98961e-05 -4.00005e-05 0.0094889 -0.0174814 -4.51197e-05 3.5303e-05 -0.0174814 0.0864683 
0.00956625 -0.0175245 3.64473e-05 -3.72263e-05 -0.0175245 0.0863096 -3.10731e-05 2.0447e-05 3.64473e-05 -3.10731e-05 0.00951564 -0.0175163 -3.72263e-05 2.0447e-05 -0.0175163 0.0866827 
0.0095206 -0.017438 3.28987e-05 -2.10692e-05 -0.017438 0.0859522 -1.44688e-05 -1.17272e-05 3.28987e-05 -1.44688e-05 0.00948439 -0.0174346 -2.10692e-05 -1.17272e-05 -0.0174346 0.0862824 
0.00970766 -0.0177136 2.57823e-05 -1.36044e-05 -0.0177136 0.0873464 -8.96504e-06 -4.0761e-05 2.57823e-05 -8.96504e-06 0.00964157 -0.0177341 -1.36044e-05 -4.0761e-05 -0.0177341 0.0877074 
0.00968628 -0.0177116 4.20707e-05 4.51413e-06 -0.0177116 0.0872135 2.21592e-06 -8.11807e-05 4.20707e-05 2.21592e-06 0.00964046 -0.0177085 4.51413e-06 -8.11807e-05 -0.0177085 0.0875684 
0.00969041 -0.0177213 5.60669e-05 -1.53839e-05 -0.0177213 0.087256 -2.19368e-05 -6.30021e-05 5.60669e-05 -2.19368e-05 0.00965161 -0.0177154 -1.53839e-05 -6.30021e-05 -0.0177154 0.0875589 
0.00969107 -0.0177284 5.50192e-05 -3.54197e-05 -0.0177284 0.0873058 -3.88779e-05 -1.90516e-05 5.50192e-05 -3.88779e-05 0.00966142 -0.0177541 -3.54197e-05 -1.90516e-05 -0.0177541 0.0876722 
0.00971512 -0.0177414 5.5204e-05 -3.2482e-05 -0.0177414 0.0873957 -3.42314e-05 -1.03755e-05 5.5204e-05 -3.42314e-05 0.00964861 -0.0177901 -3.2482e-05 -1.03755e-05 -0.0177901 0.0878438 
0.0096836 -0.0176784 6.77801e-05 -3.15418e-05 -0.0176784 0.0870195 -3.54765e-05 -1.09414e-05 6.77801e-05 -3.54765e-05 0.00959625 -0.0176785 -3.15418e-05 -1.09414e-05 -0.0176785 0.0874248 
0.00967784 -0.0176887 8.10154e-05 -4.97414e-05 -0.0176887 0.0870339 -5.75909e-05 2.49831e-05 8.10154e-05 -5.75909e-05 0.00959403 -0.0176678 -4.97414e-05 2.49831e-05 -0.0176678 0.0873841 
0.00966046 -0.0176594 7.45542e-05 -6.85813e-05 -0.0176594 0.0869229 -7.86894e-05 8.09386e-05 7.45542e-05 -7.86894e-05 0.00957622 -0.017645 -6.85813e-05 8.09386e-05 -0.017645 0.0872606 
0.00963327 -0.0176418 2.85387e-05 -6.36193e-05 -0.0176418 0.0868457 -7.2727e-05 9.96361e-05 2.85387e-05 -7.2727e-05 0.00958578 -0.0176178 -6.36193e-05 9.96361e-05 -0.0176178 0.0871578 
0.00967203 -0.017733 1.03459e-05 -8.29528e-06 -0.017733 0.0873568 -1.78831e-05 2.1415e-05 1.03459e-05 -1.78831e-05 0.00964575 -0.0177382 -8.29528e-06 2.1415e-05 -0.0177382 0.087681 
0.00969423 -0.0177926 7.48665e-06 2.12541e-05 -0.0177926 0.0877332 1.33713e-05 -7.83771e-05 7.48665e-06 1.33713e-05 0.00970345 -0.0178325 2.12541e-05 -7.83771e-05 -0.0178325 0.0881349 
0.00969203 -0.0177176 1.25373e-05 1.77002e-05 -0.0177176 0.0874552 1.48703e-05 -0.000108046 1.25373e-05 1.48703e-05 0.00968416 -0.0178062 1.77002e-05 -0.000108046 -0.0178062 0.0879684 
0.00965937 -0.0176358 3.48065e-05 1.56185e-05 -0.0176358 0.0869594 1.41208e-05 -0.000118615 3.48065e-05 1.41208e-05 0.00962819 -0.0177203 1.56185e-05 -0.000118615 -0.0177203 0.0875383 
0.00964887 -0.0176235 5.4613e-05 -1.88817e-05 -0.0176235 0.0868138 -2.1865e-05 -5.62252e-05 5.4613e-05 -2.1865e-05 0.00959535 -0.0176818 -1.88817e-05 -5.62252e-05 -0.0176818 0.0873755 
0.00964143 -0.0175969 6.63206e-05 -4.40158e-05 -0.0175969 0.0866385 -4.5644e-05 1.49509e-05 6.63206e-05 -4.5644e-05 0.00955103 -0.0176121 -4.40158e-05 1.49509e-05 -0.0176121 0.0871016 
0.00966574 -0.0176461 5.41908e-05 -6.70663e-05 -0.0176461 0.0868209 -6.67391e-05 8.67744e-05 5.41908e-05 -6.67391e-05 0.00954451 -0.0176105 -6.70663e-05 8.67744e-05 -0.0176105 0.0871575 
0.00967972 -0.0176525 4.68754e-05 -5.62476e-05 -0.0176525 0.0868149 -5.29575e-05 0.000101663 4.68754e-05 -5.29575e-05 0.00951739 -0.0175623 -5.62476e-05 0.000101663 -0.0175623 0.0869894 
0.00969132 -0.0177024 3.05208e-05 -4.42212e-05 -0.0177024 0.0870078 -4.18875e-05 7.99431e-05 3.05208e-05 -4.18875e-05 0.00952842 -0.0175693 -4.42212e-05 7.99431e-05 -0.0175693 0.0870554 
0.00966136 -0.017704 2.19255e-05 -2.27944e-05 -0.017704 0.087048 -2.19337e-05 3.7053e-05 2.19255e-05 -2.19337e-05 0.00955074 -0.0175662 -2.27944e-05 3.7053e-05 -0.0175662 0.0870309 
0.00963627 -0.0176612 2.82288e-05 -1.53185e-05 -0.0176612 0.0869831 -1.17021e-05 7.76882e-06 2.82288e-05 -1.17021e-05 0.00957067 -0.0175922 -1.53185e-05 7.76882e-06 -0.0175922 0.0870541 
0.00960873 -0.0176049 4.01776e-05 -2.54376e-05 -0.0176049 0.0867697 -1.82676e-05 1.29056e-05 4.01776e-05 -1.82676e-05 0.00957546 -0.017584 -2.54376e-05 1.29056e-05 -0.017584 0.0869573 
0.0095951 -0.0175836 3.43749e-05 -3.97405e-05 -0.0175836 0.0866836 -3.25581e-05 3.92121e-05 3.43749e-05 -3.25581e-05 0.00958676 -0.0176011 -3.97405e-05 3.92121e-05 -0.0176011 0.0869783 
0.00962529 -0.0176025 3.17401e-05 -3.15922e-05 -0.0176025 0.0868144 -2.78962e-05 4.27841e-05 3.17401e-05 -2.78962e-05 0.00959678 -0.0176672 -3.15922e-05 4.27841e-05 -0.0176672 0.0872417 
0.00965653 -0.0176716 3.81611e-05 -2.21232e-05 -0.0176716 0.0870959 -2.15045e-05 2.15197e-05 3.81611e-05 -2.15045e-05 0.00961837 -0.0177172 -2.21232e-05 2.15197e-05 -0.0177172 0.0875591 
0.00966587 -0.0176545 4.7949e-05 -3.2533e-05 -0.0176545 0.0870142 -3.2054e-05 3.10017e-05 4.7949e-05 -3.2054e-05 0.00959497 -0.0176858 -3.2533e-05 3.10017e-05 -0.0176858 0.0874547 
0.00966879 -0.017662 3.75577e-05 -4.13999e-05 -0.017662 0.0869539 -4.26949e-05 5.04321e-05 3.75577e-05 -4.26949e-05 0.00958415 -0.0176321 -4.13999e-05 5.04321e-05 -0.0176321 0.087264 
0.00972056 -0.0177055 2.72303e-05 -2.65162e-05 -0.0177055 0.0871149 -3.10442e-05 3.69572e-05 2.72303e-05 -3.10442e-05 0.00958299 -0.017647 -2.65162e-05 3.69572e-05 -0.017647 0.0873032 
0.00976711 -0.0178291 1.40119e-05 -8.48908e-06 -0.0178291 0.0875929 -1.29674e-05 -8.3142e-06 1.40119e-05 -1.29674e-05 0.00961692 -0.0177241 -8.48908e-06 -8.3142e-06 -0.0177241 0.0876938 
0.00976971 -0.0179054 2.28227e-05 5.04206e-06 -0.0179054 0.087987 3.4865e-06 -5.08748e-05 2.28227e-05 3.4865e-06 0.00967066 -0.0177818 5.04206e-06 -5.08748e-05 -0.0177818 0.0880141 
0.00975478 -0.0178776 5.527e-05 6.08346e-06 -0.0178776 0.0880253 3.63673e-06 -8.43807e-05 5.527e-05 3.63673e-06 0.00968522 -0.017824 6.08346e-06 -8.43807e-05 -0.017824 0.0881447 
0.00973104 -0.0178259 7.02811e-05 -3.68208e-05 -0.0178259 0.0878514 -4.02187e-05 -2.28773e-05 7.02811e-05 -4.02187e-05 0.00969036 -0.0178126 -3.68208e-05 -2.28773e-05 -0.0178126 0.0880957 
0.00971889 -0.0178059 6.8475e-05 -6.21459e-05 -0.0178059 0.0878006 -6.38257e-05 5.48683e-05 6.8475e-05 -6.38257e-05 0.00970597 -0.0178446 -6.21459e-05 5.48683e-05 -0.0178446 0.0881971 
0.00967419 -0.0177326 5.32441e-05 -6.59324e-05 -0.0177326 0.0874793 -6.37528e-05 9.3346e-05 5.32441e-05 -6.37528e-05 0.00970294 -0.0178082 -6.59324e-05 9.3346e-05 -0.0178082 0.0879963 
0.0096449 -0.0176671 2.54693e-05 -4.5753e-05 -0.0176671 0.0872027 -4.05981e-05 6.58573e-05 2.54693e-05 -4.05981e-05 0.00969052 -0.0177955 -4.5753e-05 6.58573e-05 -0.0177955 0.0878499 
0.00960899 -0.0175997 1.95628e-05 -4.20827e-06 -0.0175997 0.0868749 2.03603e-06 -2.53498e-05 1.95628e-05 2.03603e-06 0.00965172 -0.0177575 -4.20827e-06 -2.53498e-05 -0.0177575 0.0876379 
0.00959242 -0.0175957 2.77142e-05 9.36776e-06 -0.0175957 0.0868522 1.56795e-05 -9.75274e-05 2.77142e-05 1.56795e-05 0.00964721 -0.0177455 9.36776e-06 -9.75274e-05 -0.0177455 0.0876403 
0.00953828 -0.017474 3.95472e-05 -3.18013e-06 -0.017474 0.0863267 4.68204e-06 -0.000101879 3.95472e-05 4.68204e-06 0.00959715 -0.0176454 -3.18013e-06 -0.000101879 -0.0176454 0.0871532 
0.00953089 -0.0174232 5.98638e-05 -2.18293e-05 -0.0174232 0.086056 -1.20043e-05 -6.68149e-05 5.98638e-05 -1.20043e-05 0.00955302 -0.0175947 -2.18293e-05 -6.68149e-05 -0.0175947 0.0868938 
0.00953217 -0.0174267 5.48335e-05 -4.36026e-05 -0.0174267 0.085959 -3.22058e-05 -2.43677e-05 5.48335e-05 -3.22058e-05 0.00951733 -0.0175312 -4.36026e-05 -2.43677e-05 -0.0175312 0.0866665 
0.00972821 -0.0177957 4.74611e-05 -4.35033e-05 -0.0177957 0.0877235 -3.61428e-05 7.06269e-06 4.74611e-05 -3.61428e-05 0.00969923 -0.0178508 -4.35033e-05 7.06269e-06 -0.0178508 0.0882902 
0.00967258 -0.0177382 5.61408e-05 -3.41627e-05 -0.0177382 0.0874051 -3.38549e-05 1.37983e-05 5.61408e-05 -3.38549e-05 0.00966973 -0.0177523 -3.41627e-05 1.37983e-05 -0.0177523 0.087809 
0.00961763 -0.0176692 7.0224e-05 -3.75133e-05 -0.0176692 0.0871416 -4.07508e-05 1.40073e-05 7.0224e-05 -4.07508e-05 0.00967233 -0.0177187 -3.75133e-05 1.40073e-05 -0.0177187 0.0875364 
0.00964674 -0.0177311 9.99188e-05 -5.23488e-05 -0.0177311 0.0875632 -5.37871e-05 3.26005e-05 9.99188e-05 -5.37871e-05 0.00973064 -0.0178741 -5.23488e-05 3.26005e-05 -0.0178741 0.0881413 
0.0094648 -0.0173753 9.18412e-05 -8.80375e-05 -0.0173753 0.0858876 -8.789e-05 9.7383e-05 9.18412e-05 -8.789e-05 0.0095382 -0.0175655 -8.80375e-05 9.7383e-05 -0.0175655 0.0866365 
0.00949344 -0.0173906 5.88702e-05 -8.04469e-05 -0.0173906 0.0859534 -8.17869e-05 0.000118437 5.88702e-05 -8.17869e-05 0.00952918 -0.017564 -8.04469e-05 0.000118437 -0.017564 0.0867408 
0.00954367 -0.0174913 2.8287e-05 -4.00283e-05 -0.0174913 0.0863892 -4.19088e-05 5.62448e-05 2.8287e-05 -4.19088e-05 0.00956704 -0.0176331 -4.00283e-05 5.62448e-05 -0.0176331 0.087151 
0.00959613 -0.0175923 1.68275e-05 -3.70913e-07 -0.0175923 0.0868748 -4.41884e-07 -4.3405e-05 1.68275e-05 -4.41884e-07 0.00959749 -0.0177046 -3.70913e-07 -4.3405e-05 -0.0177046 0.0875569 
0.0096038 -0.017552 6.4415e-06 1.74577e-05 -0.017552 0.0866781 1.92756e-05 -0.000119638 6.4415e-06 1.92756e-05 0.00953713 -0.0176274 1.74577e-05 -0.000119638 -0.0176274 0.0872561 
0.00959256 -0.0175351 5.75545e-05 2.91604e-05 -0.0175351 0.086471 3.06448e-05 -0.0001636 5.75545e-05 3.06448e-05 0.00948817 -0.0175208 2.91604e-05 -0.0001636 -0.0175208 0.08686 
0.00952207 -0.0174455 8.90071e-05 -3.30413e-05 -0.0174455 0.0859937 -3.03949e-05 -8.47043e-05 8.90071e-05 -3.03949e-05 0.00944609 -0.0173902 -3.30413e-05 -8.47043e-05 -0.0173902 0.0862333 
0.00968152 -0.0177319 0.000108741 -8.70134e-05 -0.0177319 0.0874649 -7.86972e-05 5.23675e-05 0.000108741 -7.86972e-05 0.00962699 -0.0177046 -8.70134e-05 5.23675e-05 -0.0177046 0.0876885 
0.00971161 -0.0177549 0.000123467 -0.000112332 -0.0177549 0.0875847 -0.000102032 0.000149153 0.000123467 -0.000102032 0.00963624 -0.0177608 -0.000112332 0.000149153 -0.0177608 0.0878721 
0.00975076 -0.0178124 0.000139658 -0.000126521 -0.0178124 0.0877934 -0.000116806 0.000200389 0.000139658 -0.000116806 0.00963396 -0.0177966 -0.000126521 0.000200389 -0.0177966 0.088085 
0.00975773 -0.0178518 0.000117553 -0.000149089 -0.0178518 0.0879291 -0.000137698 0.000255301 0.000117553 -0.000137698 0.00962902 -0.0177916 -0.000149089 0.000255301 -0.0177916 0.0881516 
0.00973335 -0.017845 7.15291e-05 -0.000118514 -0.017845 0.0879184 -0.000107299 0.00022741 7.15291e-05 -0.000107299 0.00962966 -0.0177581 -0.000118514 0.00022741 -0.0177581 0.0880463 
0.00969273 -0.0177659 3.44767e-05 -5.37132e-05 -0.0177659 0.0876264 -4.70798e-05 0.000100411 3.44767e-05 -4.70798e-05 0.00961896 -0.0177105 -5.37132e-05 0.000100411 -0.0177105 0.0877614 
0.00967122 -0.0177333 3.2928e-05 3.61221e-06 -0.0177333 0.0874948 2.03659e-06 -5.15486e-05 3.2928e-05 2.03659e-06 0.0096212 -0.0177134 3.61221e-06 -5.15486e-05 -0.0177134 0.0876992 
0.00959764 -0.0176038 2.51922e-05 1.29216e-05 -0.0176038 0.0869016 6.0009e-06 -0.000129047 2.51922e-05 6.0009e-06 0.00957072 -0.0176257 1.29216e-05 -0.000129047 -0.0176257 0.0872178 
0.00951193 -0.0174671 5.51308e-05 1.39785e-05 -0.0174671 0.0862627 6.46056e-06 -0.000142175 5.51308e-05 6.46056e-06 0.00951144 -0.0175162 1.39785e-05 -0.000142175 -0.0175162 0.0866639 
0.00951127 -0.0174212 8.43128e-05 -2.89226e-05 -0.0174212 0.0861068 -3.74348e-05 -6.98694e-05 8.43128e-05 -3.74348e-05 0.00947865 -0.0175069 -2.89226e-05 -6.98694e-05 -0.0175069 0.0865969 
0.00958246 -0.0175335 9.26305e-05 -6.99694e-05 -0.0175335 0.0865751 -7.52505e-05 3.42521e-05 9.26305e-05 -7.52505e-05 0.00948944 -0.0175636 -6.99694e-05 3.42521e-05 -0.0175636 0.0869988 
0.00960702 -0.0176274 0.000100598 -8.55786e-05 -0.0176274 0.0869428 -8.5943e-05 0.000102403 0.000100598 -8.5943e-05 0.00952534 -0.0175632 -8.55786e-05 0.000102403 -0.0175632 0.0871522 
0.00962128 -0.017665 0.000111819 -9.49694e-05 -0.017665 0.0871887 -9.5896e-05 0.000139985 0.000111819 -9.5896e-05 0.00954974 -0.017599 -9.49694e-05 0.000139985 -0.017599 0.0872719 
0.00963638 -0.0176501 0.000109111 -0.000105707 -0.0176501 0.0871726 -0.000110454 0.000172757 0.000109111 -0.000110454 0.00952484 -0.0176052 -0.000105707 0.000172757 -0.0176052 0.0872614 
0.00962774 -0.0176828 9.36388e-05 -0.000104031 -0.0176828 0.0872573 -0.000111002 0.00019074 9.36388e-05 -0.000111002 0.00954369 -0.0175846 -0.000104031 0.00019074 -0.0175846 0.0872703 
0.00963669 -0.0176535 6.72999e-05 -9.02444e-05 -0.0176535 0.0872091 -9.71634e-05 0.000180776 6.72999e-05 -9.71634e-05 0.00953395 -0.0176009 -9.02444e-05 0.000180776 -0.0176009 0.0872606 
0.00965057 -0.0177031 5.83584e-05 -5.94724e-05 -0.0177031 0.0873855 -6.52898e-05 0.000128238 5.83584e-05 -6.52898e-05 0.00956698 -0.0176257 -5.94724e-05 0.000128238 -0.0176257 0.0874305 
0.00967653 -0.0177243 5.12052e-05 -4.43385e-05 -0.0177243 0.0875191 -4.4869e-05 6.65784e-05 5.12052e-05 -4.4869e-05 0.00958605 -0.0176728 -4.43385e-05 6.65784e-05 -0.0176728 0.0875953 
0.00967893 -0.0177133 4.99327e-05 -3.64086e-05 -0.0177133 0.0874252 -2.66902e-05 1.85812e-05 4.99327e-05 -2.66902e-05 0.00956205 -0.0176639 -3.64086e-05 1.85812e-05 -0.0176639 0.0875419 
0.00965213 -0.0177261 5.15441e-05 -4.09419e-05 -0.0177261 0.0874457 -2.5886e-05 6.30002e-06 5.15441e-05 -2.5886e-05 0.00957278 -0.0176536 -4.09419e-05 6.30002e-06 -0.0176536 0.0875527 
0.00965435 -0.0177453 4.68062e-05 -4.17642e-05 -0.0177453 0.0876622 -2.93693e-05 7.11778e-06 4.68062e-05 -2.93693e-05 0.0096055 -0.0177144 -4.17642e-05 7.11778e-06 -0.0177144 0.0878144 
0.00965865 -0.017717 4.0664e-05 -3.12113e-05 -0.017717 0.0876095 -2.68325e-05 -2.27583e-06 4.0664e-05 -2.68325e-05 0.00961672 -0.0177204 -3.12113e-05 -2.27583e-06 -0.0177204 0.0878387 
0.00966292 -0.0177619 4.45873e-05 -2.06978e-05 -0.0177619 0.0877914 -2.38695e-05 -1.85568e-05 4.45873e-05 -2.38695e-05 0.0096651 -0.0177718 -2.06978e-05 -1.85568e-05 -0.0177718 0.088066 
0.00945129 -0.0173652 5.61018e-05 -2.58246e-05 -0.0173652 0.0859003 -2.94169e-05 -1.4108e-05 5.61018e-05 -2.94169e-05 0.00946989 -0.0174258 -2.58246e-05 -1.4108e-05 -0.0174258 0.0862581 
0.00963236 -0.0176726 7.48489e-05 -4.55618e-05 -0.0176726 0.0874525 -4.82943e-05 2.26213e-05 7.48489e-05 -4.82943e-05 0.00966266 -0.0177731 -4.55618e-05 2.26213e-05 -0.0177731 0.0879438 
0.00963904 -0.0176659 8.04146e-05 -6.81418e-05 -0.0176659 0.087374 -7.1614e-05 7.95103e-05 8.04146e-05 -7.1614e-05 0.00965541 -0.0177776 -6.81418e-05 7.95103e-05 -0.0177776 0.0879307 
0.00962797 -0.0176428 9.39606e-05 -7.6096e-05 -0.0176428 0.0871983 -7.58199e-05 0.000112577 9.39606e-05 -7.58199e-05 0.00963445 -0.0177399 -7.6096e-05 0.000112577 -0.0177399 0.0877602 
0.00962261 -0.0176126 0.000103854 -9.09263e-05 -0.0176126 0.0870023 -8.77663e-05 0.000140015 0.000103854 -8.77663e-05 0.00959598 -0.0176916 -9.09263e-05 0.000140015 -0.0176916 0.0875288 
0.00961265 -0.0175829 0.000101205 -0.000106715 -0.0175829 0.0867895 -0.000101411 0.000178733 0.000101205 -0.000101411 0.00956444 -0.0176296 -0.000106715 0.000178733 -0.0176296 0.0872588 
0.00959526 -0.0175602 8.87984e-05 -0.000100686 -0.0175602 0.0866181 -9.6726e-05 0.000183655 8.87984e-05 -9.6726e-05 0.0095274 -0.0175825 -0.000100686 0.000183655 -0.0175825 0.087027 
0.00956671 -0.0175408 8.29693e-05 -7.79908e-05 -0.0175408 0.0865088 -7.74461e-05 0.000142249 8.29693e-05 -7.74461e-05 0.00951196 -0.0175396 -7.79908e-05 0.000142249 -0.0175396 0.0868577 
0.00958678 -0.0176246 8.3207e-05 -6.62688e-05 -0.0176246 0.0869662 -6.75824e-05 9.81284e-05 8.3207e-05 -6.75824e-05 0.0095589 -0.0176212 -6.62688e-05 9.81284e-05 -0.0176212 0.0872649 
0.00957425 -0.017575 7.20382e-05 -6.83782e-05 -0.017575 0.0868646 -6.88345e-05 8.61596e-05 7.20382e-05 -6.88345e-05 0.00954865 -0.0176179 -6.83782e-05 8.61596e-05 -0.0176179 0.0872316 
0.00956263 -0.017576 2.40908e-05 -5.8357e-05 -0.017576 0.0868772 -5.50915e-05 6.7137e-05 2.40908e-05 -5.50915e-05 0.00956344 -0.0176194 -5.8357e-05 6.7137e-05 -0.0176194 0.087277 
0.0095681 -0.0175659 5.48383e-06 -1.93872e-06 -0.0175659 0.0868881 2.39101e-06 -2.85786e-05 5.48383e-06 2.39101e-06 0.0095651 -0.0176359 -1.93872e-06 -2.85786e-05 -0.0176359 0.0873256 
0.00958577 -0.0175663 -6.63266e-06 2.90717e-05 -0.0175663 0.0868755 3.47554e-05 -0.000137736 -6.63266e-06 3.47554e-05 0.00956053 -0.0176301 2.90717e-05 -0.000137736 -0.0176301 0.0873182 
0.00960728 -0.0176008 -6.57615e-06 4.26885e-05 -0.0176008 0.086965 4.60574e-05 -0.000194245 -6.57615e-06 4.60574e-05 0.00955603 -0.017629 4.26885e-05 -0.000194245 -0.017629 0.0873378 
0.00958973 -0.017602 1.14765e-05 4.16232e-05 -0.017602 0.0869203 4.23053e-05 -0.000206255 1.14765e-05 4.23053e-05 0.00954077 -0.0175926 4.16232e-05 -0.000206255 -0.0175926 0.0871931 
0.00951714 -0.0175186 2.69379e-05 1.97945e-05 -0.0175186 0.086549 1.86482e-05 -0.000171095 2.69379e-05 1.86482e-05 0.00951051 -0.0174979 1.97945e-05 -0.000171095 -0.0174979 0.0867388 
0.00945881 -0.0174199 4.55324e-05 -3.53535e-06 -0.0174199 0.0861893 -6.34993e-06 -0.000107765 4.55324e-05 -6.34993e-06 0.0094923 -0.0174494 -3.53535e-06 -0.000107765 -0.0174494 0.0864216 
0.00963313 -0.0176909 6.21441e-05 -3.03448e-05 -0.0176909 0.0876107 -3.36857e-05 -3.73097e-05 6.21441e-05 -3.36857e-05 0.00965832 -0.0177768 -3.03448e-05 -3.73097e-05 -0.0177768 0.0879697 
0.00965203 -0.017692 6.31142e-05 -4.58483e-05 -0.017692 0.0875444 -4.83205e-05 9.33031e-06 6.31142e-05 -4.83205e-05 0.00964556 -0.0177731 -4.58483e-05 9.33031e-06 -0.0177731 0.0879581 
0.00948078 -0.0173843 5.30699e-05 -4.14256e-05 -0.0173843 0.0859116 -4.16751e-05 1.15356e-05 5.30699e-05 -4.16751e-05 0.00946113 -0.0174264 -4.14256e-05 1.15356e-05 -0.0174264 0.0862705 
0.00955652 -0.0175393 9.00355e-05 -2.90035e-05 -0.0175393 0.086621 -2.88543e-05 -1.39866e-05 9.00355e-05 -2.88543e-05 0.00951895 -0.0175521 -2.90035e-05 -1.39866e-05 -0.0175521 0.0868936 
0.0095816 -0.0176112 0.000110763 -7.88378e-05 -0.0176112 0.086984 -7.60352e-05 4.9682e-05 0.000110763 -7.60352e-05 0.00956382 -0.0176082 -7.88378e-05 4.9682e-05 -0.0176082 0.0872072 
0.00958049 -0.0176532 0.000103464 -0.000108534 -0.0176532 0.0872737 -0.00010629 0.000139581 0.000103464 -0.00010629 0.0096351 -0.0176965 -0.000108534 0.000139581 -0.0176965 0.0875791 
0.00953622 -0.0175432 8.57171e-05 -9.56078e-05 -0.0175432 0.0869021 -9.51125e-05 0.000152253 8.57171e-05 -9.51125e-05 0.00963491 -0.0177081 -9.56078e-05 0.000152253 -0.0177081 0.0874787 
0.00949829 -0.0174458 6.97748e-05 -6.84128e-05 -0.0174458 0.086439 -6.53417e-05 9.83875e-05 6.97748e-05 -6.53417e-05 0.00961073 -0.0176713 -6.84128e-05 9.83875e-05 -0.0176713 0.0872487 
0.00951778 -0.0174594 6.914e-05 -5.37177e-05 -0.0174594 0.0864536 -4.52062e-05 4.60192e-05 6.914e-05 -4.52062e-05 0.0096133 -0.0176989 -5.37177e-05 4.60192e-05 -0.0176989 0.087374 
0.00956251 -0.0175279 6.7093e-05 -5.47909e-05 -0.0175279 0.0867146 -4.38186e-05 2.57081e-05 6.7093e-05 -4.38186e-05 0.00962178 -0.0177383 -5.47909e-05 2.57081e-05 -0.0177383 0.0876148 
0.00962271 -0.0176351 5.91242e-05 -4.90695e-05 -0.0176351 0.0871944 -4.41348e-05 1.63514e-05 5.91242e-05 -4.41348e-05 0.00964258 -0.017814 -4.90695e-05 1.63514e-05 -0.017814 0.0880463 
0.00966745 -0.0176854 5.7454e-05 -3.3961e-05 -0.0176854 0.0874007 -3.82082e-05 -3.63261e-06 5.7454e-05 -3.82082e-05 0.0096192 -0.0178044 -3.3961e-05 -3.63261e-06 -0.0178044 0.0881237 
0.00967437 -0.017696 6.99103e-05 -3.15271e-05 -0.017696 0.0873416 -3.62625e-05 -1.70096e-05 6.99103e-05 -3.62625e-05 0.0095686 -0.0177048 -3.15271e-05 -1.70096e-05 -0.0177048 0.0878018 
0.00965682 -0.0176851 8.49668e-05 -4.4968e-05 -0.0176851 0.0872319 -4.74479e-05 -6.61357e-06 8.49668e-05 -4.74479e-05 0.00953728 -0.0176193 -4.4968e-05 -6.61357e-06 -0.0176193 0.0874522 
0.00961194 -0.0176362 7.81621e-05 -6.27515e-05 -0.0176362 0.087012 -6.12033e-05 2.08305e-05 7.81621e-05 -6.12033e-05 0.00951041 -0.0175534 -6.27515e-05 2.08305e-05 -0.0175534 0.08711 
0.00958535 -0.0175794 7.0773e-05 -6.02141e-05 -0.0175794 0.0868159 -5.58532e-05 3.32654e-05 7.0773e-05 -5.58532e-05 0.00948705 -0.0175192 -6.02141e-05 3.32654e-05 -0.0175192 0.0869048 
0.00957528 -0.017574 7.60365e-05 -5.46291e-05 -0.017574 0.0868039 -4.77179e-05 2.6203e-05 7.60365e-05 -4.77179e-05 0.00948508 -0.0175133 -5.46291e-05 2.6203e-05 -0.0175133 0.0868915 
0.0095805 -0.0175833 7.9843e-05 -6.54502e-05 -0.0175833 0.0868841 -5.495e-05 3.83258e-05 7.9843e-05 -5.495e-05 0.00949521 -0.0175243 -6.54502e-05 3.83258e-05 -0.0175243 0.0869572 
0.00953114 -0.0175164 7.96144e-05 -6.41965e-05 -0.0175164 0.0865755 -5.40681e-05 3.77079e-05 7.96144e-05 -5.40681e-05 0.0094888 -0.0174652 -6.41965e-05 3.77079e-05 -0.0174652 0.0866551 
0.00948731 -0.01743 5.869e-05 -6.08526e-05 -0.01743 0.0862212 -5.32725e-05 3.25093e-05 5.869e-05 -5.32725e-05 0.00946907 -0.0174378 -6.08526e-05 3.25093e-05 -0.0174378 0.0864019 
0.00966423 -0.0177422 5.06001e-05 -3.55371e-05 -0.0177422 0.0877775 -2.92851e-05 -9.72962e-06 5.06001e-05 -2.92851e-05 0.00964943 -0.0177769 -3.55371e-05 -9.72962e-06 -0.0177769 0.0880512 
0.00966002 -0.0177307 5.87987e-05 -2.12892e-05 -0.0177307 0.0877085 -1.66101e-05 -5.53574e-05 5.87987e-05 -1.66101e-05 0.00964454 -0.0177793 -2.12892e-05 -5.53574e-05 -0.0177793 0.0880453 
0.00947287 -0.0173772 7.75925e-05 -3.24677e-05 -0.0173772 0.0859275 -2.82531e-05 -5.14578e-05 7.75925e-05 -2.82531e-05 0.0094294 -0.0174081 -3.24677e-05 -5.14578e-05 -0.0174081 0.0862325 
0.00949164 -0.0174085 8.82255e-05 -5.85068e-05 -0.0174085 0.0860431 -5.19565e-05 -7.15191e-06 8.82255e-05 -5.19565e-05 0.00942041 -0.0174053 -5.85068e-05 -7.15191e-06 -0.0174053 0.0862799 
0.00969641 -0.017772 7.9543e-05 -8.01027e-05 -0.017772 0.0878198 -7.09649e-05 5.35131e-05 7.9543e-05 -7.09649e-05 0.0096038 -0.0177365 -8.01027e-05 5.35131e-05 -0.0177365 0.0879774 
0.00949718 -0.0174273 7.85989e-05 -6.21382e-05 -0.0174273 0.0860748 -5.52213e-05 4.78026e-05 7.85989e-05 -5.52213e-05 0.00941524 -0.0173657 -6.21382e-05 4.78026e-05 -0.0173657 0.08615 
0.00949883 -0.0174664 6.32324e-05 -5.53404e-05 -0.0174664 0.0862927 -5.04402e-05 2.18183e-05 6.32324e-05 -5.04402e-05 0.00946365 -0.0174187 -5.53404e-05 2.18183e-05 -0.0174187 0.0863601 
0.00953155 -0.0175137 7.84434e-05 -3.24548e-05 -0.0175137 0.0866019 -3.53588e-05 -1.92616e-05 7.84434e-05 -3.53588e-05 0.00950495 -0.0175104 -3.24548e-05 -1.92616e-05 -0.0175104 0.0867235 
0.00957598 -0.0175694 9.85252e-05 -4.69334e-05 -0.0175694 0.0868845 -5.9371e-05 -9.19042e-06 9.85252e-05 -5.9371e-05 0.0095251 -0.0175803 -4.69334e-05 -9.19042e-06 -0.0175803 0.0870623 
0.00961965 -0.0176468 0.000101285 -7.39533e-05 -0.0176468 0.0872207 -8.46059e-05 4.42775e-05 0.000101285 -8.46059e-05 0.00955456 -0.0176335 -7.39533e-05 4.42775e-05 -0.0176335 0.08739 
0.00961487 -0.0176262 9.69512e-05 -8.06917e-05 -0.0176262 0.0870998 -8.66443e-05 7.67077e-05 9.69512e-05 -8.66443e-05 0.00953969 -0.0175977 -8.06917e-05 7.67077e-05 -0.0175977 0.0872364 
0.00962307 -0.0176218 0.000113121 -7.68047e-05 -0.0176218 0.0870689 -8.16765e-05 8.0653e-05 0.000113121 -8.16765e-05 0.00953224 -0.017606 -7.68047e-05 8.0653e-05 -0.017606 0.0872451 
