0.00657677 0 -9.66051e-05 0 0 0.00971906 0 0 -9.66051e-05 0 0.00713831 0 0 0 0 0.00971906 
0.00938736 -0.0116626 -0.000123966 0.000148743 -0.0116626 0.0312917 0.000148743 -0.000285454 -0.000123966 0.000148743 0.0100677 -0.0124865 0.000148743 -0.000285454 -0.0124865 0.0328716 
0.00952881 -0.0178042 -0.000101634 0.000114581 -0.0178042 0.0658678 0.000114581 -0.000340724 -0.000101634 0.000114581 0.00993072 -0.0184889 0.000114581 -0.000340724 -0.0184889 0.0679428 
0.00926589 -0.0181107 -9.3264e-05 5.35906e-05 -0.0181107 0.0815598 6.10149e-05 -5.56688e-05 -9.3264e-05 6.10149e-05 0.00954037 -0.0182501 5.35906e-05 -5.56688e-05 -0.0182501 0.0816167 
0.00918685 -0.0174694 -8.3674e-05 7.07788e-05 -0.0174694 0.0848876 7.59833e-05 -3.16919e-05 -8.3674e-05 7.59833e-05 0.009471 -0.0174647 7.07788e-05 -3.16919e-05 -0.0174647 0.0837615 
0.00939945 -0.0175757 -6.77298e-05 8.01633e-05 -0.0175757 0.0870574 6.91776e-05 -7.62698e-05 -6.77298e-05 6.91776e-05 0.00974809 -0.0176504 8.01633e-05 -7.62698e-05 -0.0176504 0.0859757 
0.00938912 -0.0175081 -5.91411e-05 5.71327e-05 -0.0175081 0.0869949 3.8274e-05 -5.41898e-05 -5.91411e-05 3.8274e-05 0.00979974 -0.0176963 5.71327e-05 -5.41898e-05 -0.0176963 0.0863752 
0.00933873 -0.0173518 -5.35092e-05 3.9412e-05 -0.0173518 0.0863659 2.79017e-05 -1.77693e-05 -5.35092e-05 2.79017e-05 0.00975336 -0.0176419 3.9412e-05 -1.77693e-05 -0.0176419 0.0861965 
0.00937464 -0.0173751 -4.8346e-05 2.94668e-05 -0.0173751 0.0864392 2.66703e-05 3.8382e-06 -4.8346e-05 2.66703e-05 0.00976431 -0.0176747 2.94668e-05 3.8382e-06 -0.0176747 0.0864808 
0.00946106 -0.0175558 -5.6953e-05 1.64723e-05 -0.0175558 0.0872076 1.69226e-05 3.72594e-05 -5.6953e-05 1.69226e-05 0.00986202 -0.0178103 1.64723e-05 3.72594e-05 -0.0178103 0.0872237 
0.0094223 -0.0174656 -6.17468e-05 2.88583e-05 -0.0174656 0.0867338 3.02135e-05 2.73626e-05 -6.17468e-05 3.02135e-05 0.00979263 -0.0177229 2.88583e-05 2.73626e-05 -0.0177229 0.0867172 
0.00940581 -0.0174254 -7.5737e-05 4.30753e-05 -0.0174254 0.0864741 4.24913e-05 -9.86038e-06 -7.5737e-05 4.24913e-05 0.00974758 -0.0176559 4.30753e-05 -9.86038e-06 -0.0176559 0.0864197 
0.00938551 -0.0174647 -7.37268e-05 6.22388e-05 -0.0174647 0.0866039 5.96345e-05 -5.49201e-05 -7.37268e-05 5.96345e-05 0.00977249 -0.0176553 6.22388e-05 -5.49201e-05 -0.0176553 0.0864563 
0.00940564 -0.0174862 -7.5474e-05 6.73431e-05 -0.0174862 0.0868487 6.4419e-05 -9.2625e-05 -7.5474e-05 6.4419e-05 0.00978989 -0.0177343 6.73431e-05 -9.2625e-05 -0.0177343 0.08675 
0.00939243 -0.0174615 -8.02062e-05 6.89618e-05 -0.0174615 0.0867451 6.55211e-05 -0.00010702 -8.02062e-05 6.55211e-05 0.0097664 -0.0177044 6.89618e-05 -0.00010702 -0.0177044 0.0866778 
0.00936074 -0.017389 -9.50184e-05 7.41208e-05 -0.017389 0.0864078 7.1383e-05 -0.000118845 -9.50184e-05 7.1383e-05 0.00973132 -0.0176248 7.41208e-05 -0.000118845 -0.0176248 0.0863446 
0.00934956 -0.0173657 -9.97499e-05 9.0117e-05 -0.0173657 0.0862706 8.93717e-05 -0.000148715 -9.97499e-05 8.93717e-05 0.00971754 -0.0175945 9.0117e-05 -0.000148715 -0.0175945 0.0861921 
0.00954167 -0.0177024 -8.65864e-05 9.9777e-05 -0.0177024 0.0879216 9.97232e-05 -0.000182396 -8.65864e-05 9.97232e-05 0.00989744 -0.0179275 9.9777e-05 -0.000182396 -0.0179275 0.0878182 
0.00956406 -0.0177242 -6.97614e-05 7.72415e-05 -0.0177242 0.0879813 7.78196e-05 -0.000154725 -6.97614e-05 7.78196e-05 0.00988767 -0.0179357 7.72415e-05 -0.000154725 -0.0179357 0.08786 
0.00955359 -0.0177363 -7.61707e-05 5.64819e-05 -0.0177363 0.0879728 6.18356e-05 -0.000112599 -7.61707e-05 6.18356e-05 0.00988302 -0.0179093 5.64819e-05 -0.000112599 -0.0179093 0.0877854 
0.00953491 -0.0177417 -0.000104883 6.15124e-05 -0.0177417 0.0880467 6.68575e-05 -9.69722e-05 -0.000104883 6.68575e-05 0.00991742 -0.0179326 6.15124e-05 -9.69722e-05 -0.0179326 0.0878703 
0.00936079 -0.0173933 -0.000105417 9.71553e-05 -0.0173933 0.0864299 0.000100588 -0.000149368 -0.000105417 0.000100588 0.00973198 -0.0176523 9.71553e-05 -0.000149368 -0.0176523 0.0863946 
0.00937904 -0.0173967 -9.05446e-05 0.000101031 -0.0173967 0.0864597 0.000103071 -0.000183378 -9.05446e-05 0.000103071 0.00973421 -0.0176702 0.000101031 -0.000183378 -0.0176702 0.0865435 
0.00939789 -0.0174391 -8.46603e-05 8.73498e-05 -0.0174391 0.0866116 8.03739e-05 -0.000162105 -8.46603e-05 8.03739e-05 0.00974561 -0.0176852 8.73498e-05 -0.000162105 -0.0176852 0.0866822 
0.00944395 -0.0175128 -7.58779e-05 7.66061e-05 -0.0175128 0.0869922 6.06142e-05 -0.000112897 -7.58779e-05 6.06142e-05 0.0097828 -0.0177686 7.66061e-05 -0.000112897 -0.0177686 0.0870902 
0.00940657 -0.017471 -7.17574e-05 7.01297e-05 -0.017471 0.0867636 5.19301e-05 -8.83236e-05 -7.17574e-05 5.19301e-05 0.00978073 -0.0177067 7.01297e-05 -8.83236e-05 -0.0177067 0.0868376 
0.00938444 -0.017443 -7.94633e-05 6.25071e-05 -0.017443 0.0866676 5.09907e-05 -7.47082e-05 -7.94633e-05 5.09907e-05 0.00978705 -0.0177116 6.25071e-05 -7.47082e-05 -0.0177116 0.0867677 
0.00933884 -0.0173903 -8.16605e-05 6.44183e-05 -0.0173903 0.0864607 6.56788e-05 -8.12431e-05 -8.16605e-05 6.56788e-05 0.0098152 -0.0177024 6.44183e-05 -8.12431e-05 -0.0177024 0.0866578 
0.0092985 -0.0173222 -7.72188e-05 6.73332e-05 -0.0173222 0.0862122 7.90403e-05 -0.00010904 -7.72188e-05 7.90403e-05 0.00983258 -0.0177191 6.73332e-05 -0.00010904 -0.0177191 0.086576 
0.00949505 -0.0176339 -5.39275e-05 6.08742e-05 -0.0176339 0.0878119 7.65705e-05 -0.000113647 -5.39275e-05 7.65705e-05 0.0100121 -0.018106 6.08742e-05 -0.000113647 -0.018106 0.0883542 
0.00953652 -0.0176361 -4.39154e-05 2.82704e-05 -0.0176361 0.0877184 4.3823e-05 -5.85919e-05 -4.39154e-05 4.3823e-05 0.00994028 -0.0180734 2.82704e-05 -5.85919e-05 -0.0180734 0.0882741 
0.00937782 -0.01738 -5.01525e-05 4.00501e-06 -0.01738 0.0862298 2.19915e-05 1.7832e-05 -5.01525e-05 2.19915e-05 0.0097171 -0.0176671 4.00501e-06 1.7832e-05 -0.0176671 0.0865294 
0.0094095 -0.0175009 -6.61907e-05 1.28165e-05 -0.0175009 0.086793 2.98725e-05 3.84816e-05 -6.61907e-05 2.98725e-05 0.00975901 -0.0176912 1.28165e-05 3.84816e-05 -0.0176912 0.08678 
0.00940727 -0.0174815 -6.8845e-05 3.40906e-05 -0.0174815 0.0868121 4.41928e-05 1.59639e-05 -6.8845e-05 4.41928e-05 0.00974543 -0.0176784 3.40906e-05 1.59639e-05 -0.0176784 0.0866792 
0.00941908 -0.0174948 -7.30111e-05 5.23234e-05 -0.0174948 0.0869073 5.34994e-05 -2.95855e-05 -7.30111e-05 5.34994e-05 0.00974906 -0.0176919 5.23234e-05 -2.95855e-05 -0.0176919 0.086763 
0.00939783 -0.0174146 -6.73233e-05 5.75641e-05 -0.0174146 0.0865156 5.35583e-05 -4.74325e-05 -6.73233e-05 5.35583e-05 0.00969027 -0.0176067 5.75641e-05 -4.74325e-05 -0.0176067 0.0863706 
0.0095717 -0.0177398 -5.08827e-05 5.57076e-05 -0.0177398 0.0880572 5.07765e-05 -5.17277e-05 -5.08827e-05 5.07765e-05 0.00986489 -0.0179013 5.57076e-05 -5.17277e-05 -0.0179013 0.0878729 
0.00951844 -0.0176547 -2.82952e-05 3.18263e-05 -0.0176547 0.0876133 3.1215e-05 -1.9675e-05 -2.82952e-05 3.1215e-05 0.0098219 -0.0178136 3.18263e-05 -1.9675e-05 -0.0178136 0.0874127 
0.00946895 -0.0175929 -2.96321e-05 1.2969e-06 -0.0175929 0.0873369 4.91754e-06 4.04203e-05 -2.96321e-05 4.91754e-06 0.00981445 -0.0177821 1.2969e-06 4.04203e-05 -0.0177821 0.087205 
0.00944697 -0.0175389 -3.0428e-05 3.02245e-06 -0.0175389 0.0871507 3.13389e-06 7.01979e-05 -3.0428e-05 3.13389e-06 0.00981278 -0.0177892 3.02245e-06 7.01979e-05 -0.0177892 0.0871649 
0.00941958 -0.0175391 -4.4216e-05 1.35862e-05 -0.0175391 0.0871573 5.98512e-06 5.91019e-05 -4.4216e-05 5.98512e-06 0.00985117 -0.0178194 1.35862e-05 5.91019e-05 -0.0178194 0.0872939 
0.00939209 -0.0175063 -7.42699e-05 3.33902e-05 -0.0175063 0.0871157 2.26028e-05 2.19671e-05 -7.42699e-05 2.26028e-05 0.00987661 -0.0178681 3.33902e-05 2.19671e-05 -0.0178681 0.0874246 
0.00940938 -0.0175422 -9.20811e-05 7.14623e-05 -0.0175422 0.087394 6.52404e-05 -6.22938e-05 -9.20811e-05 6.52404e-05 0.00992907 -0.0179761 7.14623e-05 -6.22938e-05 -0.0179761 0.0879014 
0.00939779 -0.0175004 -0.000100598 9.1849e-05 -0.0175004 0.0872383 9.4194e-05 -0.000146547 -0.000100598 9.4194e-05 0.00992004 -0.0179682 9.1849e-05 -0.000146547 -0.0179682 0.0878727 
0.00942993 -0.0175368 -8.92945e-05 9.48443e-05 -0.0175368 0.0874072 0.00010386 -0.000182127 -8.92945e-05 0.00010386 0.00993664 -0.0180073 9.48443e-05 -0.000182127 -0.0180073 0.0880861 
0.0094386 -0.0175165 -7.35022e-05 7.73334e-05 -0.0175165 0.0872502 8.81884e-05 -0.000165183 -7.35022e-05 8.81884e-05 0.00989796 -0.0179599 7.73334e-05 -0.000165183 -0.0179599 0.0878876 
0.00946036 -0.0175479 -5.50965e-05 6.16019e-05 -0.0175479 0.0873019 6.60978e-05 -0.00012249 -5.50965e-05 6.60978e-05 0.00988179 -0.0179339 6.16019e-05 -0.00012249 -0.0179339 0.0878267 
0.00945845 -0.0175355 -5.65152e-05 3.73339e-05 -0.0175355 0.0871694 3.45629e-05 -5.5403e-05 -5.65152e-05 3.45629e-05 0.00983763 -0.0178698 3.73339e-05 -5.5403e-05 -0.0178698 0.0875541 
0.0094453 -0.0175152 -6.40024e-05 3.8539e-05 -0.0175152 0.0870159 3.58557e-05 -2.64781e-05 -6.40024e-05 3.58557e-05 0.00979891 -0.0178052 3.8539e-05 -2.64781e-05 -0.0178052 0.087289 
0.00942606 -0.017485 -7.44086e-05 4.87129e-05 -0.017485 0.0868573 4.71534e-05 -3.92986e-05 -7.44086e-05 4.71534e-05 0.00978033 -0.0177562 4.87129e-05 -3.92986e-05 -0.0177562 0.0870747 
0.00942409 -0.017522 -8.34299e-05 7.05429e-05 -0.017522 0.0870302 6.44031e-05 -8.51965e-05 -8.34299e-05 6.44031e-05 0.00980985 -0.0177835 7.05429e-05 -8.51965e-05 -0.0177835 0.087201 
0.00942295 -0.0175548 -7.0003e-05 8.33343e-05 -0.0175548 0.0872751 7.19791e-05 -0.00011919 -7.0003e-05 7.19791e-05 0.00986328 -0.0178557 8.33343e-05 -0.00011919 -0.0178557 0.0874918 
0.00944703 -0.0175851 -8.02534e-05 6.83278e-05 -0.0175851 0.0875362 5.96347e-05 -0.000115677 -8.02534e-05 5.96347e-05 0.00990267 -0.0179478 6.83278e-05 -0.000115677 -0.0179478 0.0878665 
0.00948364 -0.0176294 -8.42079e-05 7.16883e-05 -0.0176294 0.0877827 7.09839e-05 -0.000113513 -8.42079e-05 7.09839e-05 0.00992716 -0.0180154 7.16883e-05 -0.000113513 -0.0180154 0.0882063 
0.00949334 -0.0176424 -6.15365e-05 7.10349e-05 -0.0176424 0.0878202 7.77515e-05 -0.00011535 -6.15365e-05 7.77515e-05 0.00992178 -0.0180144 7.10349e-05 -0.00011535 -0.0180144 0.088256 
0.00949776 -0.0176286 -6.47926e-05 4.42424e-05 -0.0176286 0.0877526 5.17195e-05 -7.95152e-05 -6.47926e-05 5.17195e-05 0.00989894 -0.0179952 4.42424e-05 -7.95152e-05 -0.0179952 0.0881961 
0.00951097 -0.0176417 -7.93757e-05 5.10978e-05 -0.0176417 0.0877773 5.57863e-05 -6.74816e-05 -7.93757e-05 5.57863e-05 0.00989021 -0.0179812 5.10978e-05 -6.74816e-05 -0.0179812 0.0881947 
0.00931836 -0.0173002 -7.24436e-05 6.94764e-05 -0.0173002 0.0860223 7.02561e-05 -9.21773e-05 -7.24436e-05 7.02561e-05 0.00968956 -0.0175908 6.94764e-05 -9.21773e-05 -0.0175908 0.0863312 
0.00948459 -0.0176942 -7.7422e-05 5.99958e-05 -0.0176942 0.0879644 5.93858e-05 -8.44953e-05 -7.7422e-05 5.93858e-05 0.00995171 -0.0179621 5.99958e-05 -8.44953e-05 -0.0179621 0.088149 
0.00947197 -0.0176483 -7.88214e-05 6.49687e-05 -0.0176483 0.0879151 6.69015e-05 -8.7077e-05 -7.88214e-05 6.69015e-05 0.00996509 -0.0180192 6.49687e-05 -8.7077e-05 -0.0180192 0.0882 
0.00951425 -0.0176214 -6.13519e-05 6.29141e-05 -0.0176214 0.0878249 6.84561e-05 -8.6516e-05 -6.13519e-05 6.84561e-05 0.00992901 -0.0180487 6.29141e-05 -8.6516e-05 -0.0180487 0.0882939 
0.00935792 -0.017279 -6.12941e-05 4.16492e-05 -0.017279 0.0859277 4.56106e-05 -5.20291e-05 -6.12941e-05 4.56106e-05 0.00967868 -0.0176226 4.16492e-05 -5.20291e-05 -0.0176226 0.0863651 
0.00936978 -0.0173525 -7.36406e-05 3.92838e-05 -0.0173525 0.0860733 4.57452e-05 -2.89633e-05 -7.36406e-05 4.57452e-05 0.00967926 -0.0175699 3.92838e-05 -2.89633e-05 -0.0175699 0.0862523 
0.00955735 -0.0177694 -7.30202e-05 5.25505e-05 -0.0177694 0.0881226 6.24466e-05 -4.31124e-05 -7.30202e-05 6.24466e-05 0.00992913 -0.0179492 5.25505e-05 -4.31124e-05 -0.0179492 0.0880816 
0.0095406 -0.0177115 -5.19452e-05 5.46538e-05 -0.0177115 0.0879573 6.19041e-05 -5.6738e-05 -5.19452e-05 6.19041e-05 0.00992609 -0.0179519 5.46538e-05 -5.6738e-05 -0.0179519 0.0879249 
0.00953071 -0.0177074 -3.46933e-05 2.81709e-05 -0.0177074 0.0879276 3.02713e-05 -1.11295e-05 -3.46933e-05 3.02713e-05 0.0099415 -0.0179763 2.81709e-05 -1.11295e-05 -0.0179763 0.0879757 
0.00955714 -0.0177296 -1.48593e-05 -1.1137e-06 -0.0177296 0.0880727 -2.8178e-06 7.38102e-05 -1.48593e-05 -2.8178e-06 0.00995898 -0.0180408 -1.1137e-06 7.38102e-05 -0.0180408 0.08823 
0.00935659 -0.017387 -2.3232e-05 -2.06502e-05 -0.017387 0.0863315 -2.47349e-05 0.000136843 -2.3232e-05 -2.47349e-05 0.00975813 -0.0176877 -2.06502e-05 0.000136843 -0.0176877 0.0865345 
0.00935061 -0.0174149 -4.89938e-05 -7.24791e-06 -0.0174149 0.0865142 -1.20013e-05 0.000138882 -4.89938e-05 -1.20013e-05 0.00978855 -0.0177157 -7.24791e-06 0.000138882 -0.0177157 0.0867153 
0.00933735 -0.0173867 -6.6726e-05 2.95311e-05 -0.0173867 0.0864709 3.03969e-05 6.04285e-05 -6.6726e-05 3.03969e-05 0.00978324 -0.0177175 2.95311e-05 6.04285e-05 -0.0177175 0.0867005 
0.00930951 -0.0173143 -7.83667e-05 5.47889e-05 -0.0173143 0.0861517 5.98161e-05 -2.6963e-05 -7.83667e-05 5.98161e-05 0.0097533 -0.0176534 5.47889e-05 -2.6963e-05 -0.0176534 0.0864104 
0.00952551 -0.0176993 -8.23004e-05 6.39672e-05 -0.0176993 0.0880395 7.01175e-05 -6.86497e-05 -8.23004e-05 7.01175e-05 0.00995166 -0.0180376 6.39672e-05 -6.86497e-05 -0.0180376 0.0882906 
0.00954523 -0.0176829 -6.624e-05 6.05326e-05 -0.0176829 0.0879115 6.50515e-05 -6.60911e-05 -6.624e-05 6.50515e-05 0.00990577 -0.0179876 6.05326e-05 -6.60911e-05 -0.0179876 0.0881009 
0.00956094 -0.0176964 -7.41825e-05 4.53629e-05 -0.0176964 0.0878366 4.91102e-05 -4.2437e-05 -7.41825e-05 4.91102e-05 0.00986269 -0.017917 4.53629e-05 -4.2437e-05 -0.017917 0.0878576 
0.00959049 -0.0177292 -7.05781e-05 4.93051e-05 -0.0177292 0.087907 4.95367e-05 -2.20916e-05 -7.05781e-05 4.95367e-05 0.00982655 -0.0178854 4.93051e-05 -2.20916e-05 -0.0178854 0.0877577 
0.00957032 -0.0177409 -8.30479e-05 5.55756e-05 -0.0177409 0.0878735 5.22358e-05 -3.3967e-05 -8.30479e-05 5.22358e-05 0.00980216 -0.0178224 5.55756e-05 -3.3967e-05 -0.0178224 0.0875495 
0.00954293 -0.0177504 -7.8006e-05 7.27809e-05 -0.0177504 0.0879908 7.28909e-05 -7.30642e-05 -7.8006e-05 7.28909e-05 0.00984288 -0.0178373 7.27809e-05 -7.30642e-05 -0.0178373 0.0876201 
0.0095348 -0.0177431 -5.05184e-05 6.6223e-05 -0.0177431 0.0881253 7.09197e-05 -8.86938e-05 -5.05184e-05 7.09197e-05 0.00989764 -0.0179231 6.6223e-05 -8.86938e-05 -0.0179231 0.0879057 
0.0095185 -0.0176897 -1.60268e-05 2.36334e-05 -0.0176897 0.0879683 2.83698e-05 -1.61845e-05 -1.60268e-05 2.83698e-05 0.00991428 -0.0179596 2.36334e-05 -1.61845e-05 -0.0179596 0.0879879 
0.00952567 -0.0176893 3.86094e-06 -2.05327e-05 -0.0176893 0.0879717 -1.75453e-05 9.41187e-05 3.86094e-06 -1.75453e-05 0.00994074 -0.0180047 -2.05327e-05 9.41187e-05 -0.0180047 0.0881694 
0.00949708 -0.0176498 -2.03577e-07 -4.64364e-05 -0.0176498 0.0877436 -4.3093e-05 0.000183038 -2.03577e-07 -4.3093e-05 0.00993151 -0.0179774 -4.64364e-05 0.000183038 -0.0179774 0.0880149 
0.00951807 -0.0176322 -2.31532e-05 -4.28034e-05 -0.0176322 0.0876497 -3.78524e-05 0.000210322 -2.31532e-05 -3.78524e-05 0.0098965 -0.017962 -4.28034e-05 0.000210322 -0.017962 0.0879192 
0.00954702 -0.0177277 -4.46505e-05 -6.39715e-06 -0.0177277 0.0879852 -3.05833e-06 0.000154057 -4.46505e-05 -3.05833e-06 0.00991773 -0.0179839 -6.39715e-06 0.000154057 -0.0179839 0.0881275 
0.00934219 -0.0173737 -7.15455e-05 3.16641e-05 -0.0173737 0.0862627 3.28286e-05 5.04741e-05 -7.15455e-05 3.28286e-05 0.00971364 -0.0176132 3.16641e-05 5.04741e-05 -0.0176132 0.0863134 
0.00952741 -0.0177196 -7.34858e-05 6.98827e-05 -0.0177196 0.088071 7.07413e-05 -5.21099e-05 -7.34858e-05 7.07413e-05 0.00992559 -0.0179909 6.98827e-05 -5.21099e-05 -0.0179909 0.0881593 
0.00948057 -0.0176824 -5.50614e-05 6.6067e-05 -0.0176824 0.0879401 6.62397e-05 -8.30422e-05 -5.50614e-05 6.62397e-05 0.0099433 -0.0179834 6.6067e-05 -8.30422e-05 -0.0179834 0.0881066 
0.00942167 -0.0175586 -4.60531e-05 3.47558e-05 -0.0175586 0.0874701 3.38698e-05 -2.76938e-05 -4.60531e-05 3.38698e-05 0.00991564 -0.0179415 3.47558e-05 -2.76938e-05 -0.0179415 0.0878054 
0.00938126 -0.0174391 -4.25089e-05 2.14263e-05 -0.0174391 0.0869124 2.34971e-05 2.11604e-05 -4.25089e-05 2.34971e-05 0.00985425 -0.0178623 2.14263e-05 2.11604e-05 -0.0178623 0.0873944 
0.00940048 -0.0174547 -2.9284e-05 1.12615e-05 -0.0174547 0.0869223 1.30859e-05 6.52801e-05 -2.9284e-05 1.30859e-05 0.00983758 -0.0178637 1.12615e-05 6.52801e-05 -0.0178637 0.08745 
0.00943254 -0.0174925 -2.85986e-05 -7.96711e-07 -0.0174925 0.0870453 -3.64617e-06 0.000100851 -2.85986e-05 -3.64617e-06 0.00981061 -0.0178608 -7.96711e-07 0.000100851 -0.0178608 0.0875203 
0.00938353 -0.0174158 -3.74299e-05 2.18321e-06 -0.0174158 0.0865921 -3.05484e-06 0.000109046 -3.74299e-05 -3.05484e-06 0.00975178 -0.0177124 2.18321e-06 0.000109046 -0.0177124 0.0869323 
0.00935792 -0.0173424 -2.19987e-05 1.27377e-05 -0.0173424 0.0862335 5.02364e-06 9.79819e-05 -2.19987e-05 5.02364e-06 0.00970103 -0.0176362 1.27377e-05 9.79819e-05 -0.0176362 0.0865232 
0.00952589 -0.0176669 -1.62178e-05 -8.38686e-06 -0.0176669 0.0877841 -1.46801e-05 0.000124584 -1.62178e-05 -1.46801e-05 0.00987862 -0.0179406 -8.38686e-06 0.000124584 -0.0179406 0.0880379 
0.00952355 -0.0176507 -1.12719e-05 -1.50617e-05 -0.0176507 0.0877073 -1.59722e-05 0.000142153 -1.12719e-05 -1.59722e-05 0.00986497 -0.0179377 -1.50617e-05 0.000142153 -0.0179377 0.0879777 
0.00952469 -0.0176291 -1.06376e-05 -2.18185e-05 -0.0176291 0.0875671 -1.8782e-05 0.000152834 -1.06376e-05 -1.8782e-05 0.00983449 -0.0179062 -2.18185e-05 0.000152834 -0.0179062 0.0878431 
0.00954554 -0.0176904 -1.56827e-05 -1.24082e-05 -0.0176904 0.0877879 -7.11439e-06 0.000127649 -1.56827e-05 -7.11439e-06 0.00983081 -0.0179171 -1.24082e-05 0.000127649 -0.0179171 0.0879679 
0.00953001 -0.0177031 -1.37139e-05 -6.26519e-06 -0.0177031 0.0878712 -4.4703e-07 0.000106074 -1.37139e-05 -4.4703e-07 0.00983598 -0.0179081 -6.26519e-06 0.000106074 -0.0179081 0.0879827 
0.0095308 -0.0177183 -1.78717e-05 -5.63294e-06 -0.0177183 0.0880402 2.77618e-06 8.68157e-05 -1.78717e-05 2.77618e-06 0.0098583 -0.0179412 -5.63294e-06 8.68157e-05 -0.0179412 0.0881456 
0.00952704 -0.0176936 -2.46197e-05 -7.90895e-06 -0.0176936 0.0879973 2.85048e-06 8.8591e-05 -2.46197e-05 2.85048e-06 0.00985424 -0.0179467 -7.90895e-06 8.8591e-05 -0.0179467 0.0881645 
0.00931986 -0.0173195 -3.48881e-05 -4.96142e-06 -0.0173195 0.0861379 4.12315e-06 9.33847e-05 -3.48881e-05 4.12315e-06 0.00964796 -0.0175663 -4.96142e-06 9.33847e-05 -0.0175663 0.0863286 
0.00932683 -0.017323 -5.49349e-05 1.28383e-05 -0.017323 0.0861956 1.84454e-05 6.65814e-05 -5.49349e-05 1.84454e-05 0.00965923 -0.0175846 1.28383e-05 6.65814e-05 -0.0175846 0.0864213 
0.00937761 -0.017334 -7.39075e-05 4.46144e-05 -0.017334 0.0862663 4.60624e-05 2.12749e-06 -7.39075e-05 4.60624e-05 0.00963481 -0.0176122 4.46144e-05 2.12749e-06 -0.0176122 0.0865487 
0.00938028 -0.0173502 -8.05164e-05 7.44457e-05 -0.0173502 0.0861767 7.04586e-05 -7.46493e-05 -8.05164e-05 7.04586e-05 0.00962405 -0.0175441 7.44457e-05 -7.46493e-05 -0.0175441 0.0863675 
0.00940252 -0.0174332 -6.9121e-05 8.09753e-05 -0.0174332 0.0865227 7.40281e-05 -0.000110398 -6.9121e-05 7.40281e-05 0.00967659 -0.0175929 8.09753e-05 -0.000110398 -0.0175929 0.0865793 
0.00940721 -0.0174651 -6.3678e-05 6.67192e-05 -0.0174651 0.0867274 5.63073e-05 -9.63612e-05 -6.3678e-05 5.63073e-05 0.00973225 -0.017655 6.67192e-05 -9.63612e-05 -0.017655 0.0867718 
0.0093802 -0.0174393 -5.83802e-05 5.62035e-05 -0.0174393 0.086651 4.32919e-05 -6.07645e-05 -5.83802e-05 4.32919e-05 0.00975312 -0.017678 5.62035e-05 -6.07645e-05 -0.017678 0.0867631 
0.0093632 -0.0174555 -5.20496e-05 4.37135e-05 -0.0174555 0.086797 3.28006e-05 -2.18728e-05 -5.20496e-05 3.28006e-05 0.00980373 -0.0177467 4.37135e-05 -2.18728e-05 -0.0177467 0.0870093 
0.00939063 -0.0174462 -4.57643e-05 3.10859e-05 -0.0174462 0.0869054 2.69633e-05 9.54933e-06 -4.57643e-05 2.69633e-05 0.00981918 -0.0178353 3.10859e-05 9.54933e-06 -0.0178353 0.0873246 
0.00942382 -0.0175003 -4.38595e-05 2.41503e-05 -0.0175003 0.0871189 2.72618e-05 2.24919e-05 -4.38595e-05 2.72618e-05 0.00983923 -0.0178841 2.41503e-05 2.24919e-05 -0.0178841 0.0876336 
0.00944985 -0.0174698 -3.76619e-05 2.47503e-05 -0.0174698 0.0869368 2.73431e-05 2.2032e-05 -3.76619e-05 2.73431e-05 0.00978026 -0.0178338 2.47503e-05 2.2032e-05 -0.0178338 0.08744 
0.0094667 -0.0175118 -4.85295e-05 2.14543e-05 -0.0175118 0.0869361 2.07166e-05 2.46904e-05 -4.85295e-05 2.07166e-05 0.00974449 -0.0177522 2.14543e-05 2.46904e-05 -0.0177522 0.0872147 
0.00947868 -0.0175667 -6.05279e-05 3.23568e-05 -0.0175667 0.0871177 2.91799e-05 1.67214e-05 -6.05279e-05 2.91799e-05 0.00975229 -0.0177218 3.23568e-05 1.67214e-05 -0.0177218 0.0871236 
0.00949035 -0.017637 -8.05109e-05 4.31614e-05 -0.017637 0.0874786 3.87398e-05 1.04047e-06 -8.05109e-05 3.87398e-05 0.00980738 -0.0177767 4.31614e-05 1.04047e-06 -0.0177767 0.0873355 
0.00948064 -0.0175951 -0.000106574 6.22008e-05 -0.0175951 0.0873776 6.08234e-05 -3.39179e-05 -0.000106574 6.08234e-05 0.00980657 -0.017787 6.22008e-05 -3.39179e-05 -0.017787 0.0872635 
0.00947402 -0.0175213 -8.66854e-05 9.0477e-05 -0.0175213 0.0870218 9.50783e-05 -9.71833e-05 -8.66854e-05 9.50783e-05 0.00976001 -0.0177468 9.0477e-05 -9.71833e-05 -0.0177468 0.0870155 
0.00951022 -0.0176183 -8.46626e-05 7.67679e-05 -0.0176183 0.0873523 8.07065e-05 -0.000115648 -8.46626e-05 8.07065e-05 0.00977412 -0.017783 7.67679e-05 -0.000115648 -0.017783 0.0872757 
0.00945996 -0.0175911 -6.92589e-05 6.9394e-05 -0.0175911 0.0872219 7.24003e-05 -9.57235e-05 -6.92589e-05 7.24003e-05 0.00976819 -0.0177275 6.9394e-05 -9.57235e-05 -0.0177275 0.0870564 
0.00941251 -0.0175568 -5.86918e-05 5.4734e-05 -0.0175568 0.0871958 5.62902e-05 -6.951e-05 -5.86918e-05 5.62902e-05 0.00979581 -0.0177444 5.4734e-05 -6.951e-05 -0.0177444 0.0870707 
0.00935474 -0.0174287 -5.12273e-05 4.11233e-05 -0.0174287 0.0867448 4.23123e-05 -3.58831e-05 -5.12273e-05 4.23123e-05 0.00977871 -0.0177106 4.11233e-05 -3.58831e-05 -0.0177106 0.0868034 
0.00932373 -0.017325 -4.65242e-05 3.21427e-05 -0.017325 0.0862819 3.23183e-05 -7.07923e-06 -4.65242e-05 3.23183e-05 0.00972804 -0.0176654 3.21427e-05 -7.07923e-06 -0.0176654 0.0865292 
0.00933683 -0.0173037 -4.4035e-05 2.83058e-05 -0.0173037 0.0861038 2.78741e-05 9.73548e-06 -4.4035e-05 2.78741e-05 0.00967732 -0.017621 2.83058e-05 9.73548e-06 -0.017621 0.0863877 
0.00932479 -0.0173612 -4.95327e-05 2.17408e-05 -0.0173612 0.0862644 2.32858e-05 2.7964e-05 -4.95327e-05 2.32858e-05 0.00970546 -0.0176035 2.17408e-05 2.7964e-05 -0.0176035 0.086433 
0.00927369 -0.0172975 -6.18757e-05 2.30277e-05 -0.0172975 0.086076 2.63755e-05 3.59381e-05 -6.18757e-05 2.63755e-05 0.00971259 -0.017589 2.30277e-05 3.59381e-05 -0.017589 0.0862625 
0.00947954 -0.0176262 -7.56308e-05 3.99907e-05 -0.0176262 0.0878606 4.57424e-05 7.02245e-06 -7.56308e-05 4.57424e-05 0.00992765 -0.0180244 3.99907e-05 7.02245e-06 -0.0180244 0.0882739 
0.00947038 -0.0175789 -8.5962e-05 6.27792e-05 -0.0175789 0.087586 6.95333e-05 -5.24608e-05 -8.5962e-05 6.95333e-05 0.0099066 -0.0179945 6.27792e-05 -5.24608e-05 -0.0179945 0.0881589 
0.00933072 -0.0172793 -7.3977e-05 8.17615e-05 -0.0172793 0.0860046 8.34279e-05 -0.000111075 -7.3977e-05 8.34279e-05 0.00968381 -0.017663 8.17615e-05 -0.000111075 -0.017663 0.0865676 
0.00951398 -0.0176838 -5.15436e-05 7.40591e-05 -0.0176838 0.087882 6.5889e-05 -0.000113416 -5.15436e-05 6.5889e-05 0.00989599 -0.0179791 7.40591e-05 -0.000113416 -0.0179791 0.0882992 
0.00930858 -0.0173478 -2.78354e-05 3.79324e-05 -0.0173478 0.086284 2.59242e-05 -4.28202e-05 -2.78354e-05 2.59242e-05 0.00971919 -0.0176463 3.79324e-05 -4.28202e-05 -0.0176463 0.0866045 
0.00933681 -0.017333 -1.32172e-05 6.03379e-07 -0.017333 0.0863733 -8.8924e-06 5.5996e-05 -1.32172e-05 -8.8924e-06 0.00971703 -0.0177077 6.03379e-07 5.5996e-05 -0.0177077 0.0868333 
0.00937767 -0.0173394 1.6981e-06 -1.87604e-05 -0.0173394 0.0863325 -1.9845e-05 0.000116218 1.6981e-06 -1.9845e-05 0.00967447 -0.0176781 -1.87604e-05 0.000116218 -0.0176781 0.0868098 
0.00938715 -0.0173724 8.18609e-06 -2.73029e-05 -0.0173724 0.0863125 -2.65557e-05 0.000136169 8.18609e-06 -2.65557e-05 0.0096435 -0.0176011 -2.73029e-05 0.000136169 -0.0176011 0.0866001 
0.00954242 -0.0176795 -2.73777e-06 -2.53611e-05 -0.0176795 0.0877821 -3.05537e-05 0.000136311 -2.73777e-06 -3.05537e-05 0.00979826 -0.0178473 -2.53611e-05 0.000136311 -0.0178473 0.0878621 
0.00950952 -0.0176637 -2.86114e-05 -9.9863e-06 -0.0176637 0.0877112 -1.7612e-05 0.000110555 -2.86114e-05 -1.7612e-05 0.00979425 -0.0178213 -9.9863e-06 0.000110555 -0.0178213 0.0876881 
0.00948574 -0.017589 -6.38907e-05 2.12598e-05 -0.017589 0.0874574 1.88674e-05 4.06982e-05 -6.38907e-05 1.88674e-05 0.00977843 -0.0178058 2.12598e-05 4.06982e-05 -0.0178058 0.0875297 
0.00954391 -0.0176803 -7.15154e-05 5.83933e-05 -0.0176803 0.0879003 5.83593e-05 -4.33313e-05 -7.15154e-05 5.83593e-05 0.00981407 -0.0179196 5.83933e-05 -4.33313e-05 -0.0179196 0.0880747 
0.00934515 -0.0173083 -7.19407e-05 6.9394e-05 -0.0173083 0.0860211 6.79371e-05 -0.000100248 -7.19407e-05 6.79371e-05 0.0095827 -0.0175173 6.9394e-05 -0.000100248 -0.0175173 0.0861939 
0.00935553 -0.017338 -6.23175e-05 7.43756e-05 -0.017338 0.0861526 6.67153e-05 -0.000119147 -6.23175e-05 6.67153e-05 0.0095876 -0.017513 7.43756e-05 -0.000119147 -0.017513 0.0862656 
0.00936308 -0.0173306 -7.34052e-05 6.35797e-05 -0.0173306 0.0861376 5.8208e-05 -0.000113861 -7.34052e-05 5.8208e-05 0.00958026 -0.0175003 6.35797e-05 -0.000113861 -0.0175003 0.0862155 
0.00955441 -0.0176991 -7.77012e-05 6.5075e-05 -0.0176991 0.0879199 6.73745e-05 -0.000105376 -7.77012e-05 6.73745e-05 0.00978753 -0.0178424 6.5075e-05 -0.000105376 -0.0178424 0.0879314 
0.00952285 -0.0176566 -5.28689e-05 6.74609e-05 -0.0176566 0.0877135 7.28963e-05 -0.000111921 -5.28689e-05 7.28963e-05 0.00978262 -0.0178063 6.74609e-05 -0.000111921 -0.0178063 0.0876924 
0.00951088 -0.0176464 -4.37364e-05 4.70843e-05 -0.0176464 0.0876914 4.87131e-05 -9.06467e-05 -4.37364e-05 4.87131e-05 0.00980351 -0.017828 4.70843e-05 -9.06467e-05 -0.017828 0.0877076 
0.00950953 -0.0176329 -3.828e-05 3.52802e-05 -0.0176329 0.0876686 3.25831e-05 -5.32417e-05 -3.828e-05 3.25831e-05 0.0098106 -0.0178637 3.52802e-05 -5.32417e-05 -0.0178637 0.0877895 
0.00948102 -0.0175988 -3.9126e-05 2.71551e-05 -0.0175988 0.0874987 2.26692e-05 -2.19118e-05 -3.9126e-05 2.26692e-05 0.00980847 -0.0178482 2.71551e-05 -2.19118e-05 -0.0178482 0.0877072 
0.00950859 -0.0176042 -4.54218e-05 3.04231e-05 -0.0176042 0.0875586 2.39105e-05 -1.65064e-05 -4.54218e-05 2.39105e-05 0.00979928 -0.0178804 3.04231e-05 -1.65064e-05 -0.0178804 0.0878326 
0.00952119 -0.0176164 -5.07136e-05 4.3398e-05 -0.0176164 0.0875266 3.46784e-05 -4.12418e-05 -5.07136e-05 3.46784e-05 0.00977426 -0.017844 4.3398e-05 -4.12418e-05 -0.017844 0.0877487 
0.00953864 -0.0176709 -5.53789e-05 4.61178e-05 -0.0176709 0.0877241 4.02909e-05 -5.7752e-05 -5.53789e-05 4.02909e-05 0.00978487 -0.0178433 4.61178e-05 -5.7752e-05 -0.0178433 0.087811 
0.00958659 -0.0176904 -5.04587e-05 4.90321e-05 -0.0176904 0.0878047 4.77188e-05 -7.245e-05 -5.04587e-05 4.77188e-05 0.00972742 -0.0178219 4.90321e-05 -7.245e-05 -0.0178219 0.0877233 
0.00959111 -0.0177352 -3.88978e-05 4.48625e-05 -0.0177352 0.0878647 4.64268e-05 -7.725e-05 -3.88978e-05 4.64268e-05 0.00970634 -0.017744 4.48625e-05 -7.725e-05 -0.017744 0.087537 
0.00957741 -0.0177627 -3.25599e-05 3.0919e-05 -0.0177627 0.0880211 3.04519e-05 -5.17099e-05 -3.25599e-05 3.04519e-05 0.00973905 -0.0177474 3.0919e-05 -5.17099e-05 -0.0177474 0.0875463 
0.00956166 -0.0177471 -4.51092e-05 2.17585e-05 -0.0177471 0.0880639 2.02994e-05 -2.37158e-05 -4.51092e-05 2.02994e-05 0.00976576 -0.0177904 2.17585e-05 -2.37158e-05 -0.0177904 0.0876396 
