0.00712974 0 4.53979e-05 0 0 0.00989615 0 0 4.53979e-05 0 0.00691147 0 0 0 0 0.00989615 
0.0100563 -0.0124813 7.83122e-05 -9.29227e-05 -0.0124813 0.0330045 -9.29227e-05 0.000178628 7.83122e-05 -9.29227e-05 0.00981844 -0.0121886 -9.29227e-05 0.000178628 -0.0121886 0.032443 
0.0101168 -0.0188211 7.49695e-05 -7.38787e-05 -0.0188211 0.0692652 -7.38787e-05 0.000218116 7.49695e-05 -7.38787e-05 0.00992571 -0.0185247 -7.38787e-05 0.000218116 -0.0185247 0.0683364 
0.00931634 -0.017962 5.9273e-05 -9.97158e-05 -0.017962 0.0803623 -9.644e-05 0.00031529 5.9273e-05 -9.644e-05 0.00921695 -0.0178773 -9.97158e-05 0.00031529 -0.0178773 0.0803292 
0.00928851 -0.0173741 2.96239e-05 -0.000114512 -0.0173741 0.0835561 -0.000100043 0.000491053 2.96239e-05 -0.000100043 0.00926645 -0.0174158 -0.000114512 0.000491053 -0.0174158 0.0843311 
0.00952245 -0.0174953 -2.22762e-05 -6.16331e-05 -0.0174953 0.0857281 -4.10606e-05 0.000397678 -2.22762e-05 -4.10606e-05 0.00952424 -0.0175736 -6.16331e-05 0.000397678 -0.0175736 0.0866258 
0.00946172 -0.0172925 -4.01486e-05 6.97004e-06 -0.0172925 0.0850611 2.99751e-05 0.000186834 -4.01486e-05 2.99751e-05 0.00946194 -0.0173777 6.97004e-06 0.000186834 -0.0173777 0.0858291 
0.0096568 -0.0176078 -2.06738e-05 3.66136e-05 -0.0176078 0.0867163 6.08466e-05 2.6564e-05 -2.06738e-05 6.08466e-05 0.00964496 -0.0176925 3.66136e-05 2.6564e-05 -0.0176925 0.0873845 
0.0096606 -0.0176203 2.98788e-06 1.27508e-05 -0.0176203 0.0867791 3.15277e-05 6.42235e-06 2.98788e-06 3.15277e-05 0.00965755 -0.0177036 1.27508e-05 6.42235e-06 -0.0177036 0.0874009 
0.00976789 -0.0177684 2.17726e-05 -2.43764e-05 -0.0177684 0.0875185 -1.27674e-05 8.89747e-05 2.17726e-05 -1.27674e-05 0.00973491 -0.0178794 -2.43764e-05 8.89747e-05 -0.0178794 0.0881928 
0.00974384 -0.0176838 3.63339e-05 -4.54844e-05 -0.0176838 0.0869961 -4.42252e-05 0.00017317 3.63339e-05 -4.42252e-05 0.00964222 -0.0177832 -4.54844e-05 0.00017317 -0.0177832 0.0877207 
0.00970354 -0.017639 3.19267e-05 -5.57987e-05 -0.017639 0.0866077 -6.3144e-05 0.000227305 3.19267e-05 -6.3144e-05 0.00957443 -0.0176425 -5.57987e-05 0.000227305 -0.0176425 0.0871875 
0.00965237 -0.0175602 1.9313e-05 -4.33467e-05 -0.0175602 0.0861871 -5.1568e-05 0.000219523 1.9313e-05 -5.1568e-05 0.00951284 -0.017517 -4.33467e-05 0.000219523 -0.017517 0.0866041 
0.00960316 -0.0175462 2.2275e-05 -3.69822e-05 -0.0175462 0.0861194 -3.86242e-05 0.000203144 2.2275e-05 -3.86242e-05 0.00951562 -0.0174895 -3.69822e-05 0.000203144 -0.0174895 0.0864549 
0.0097917 -0.01788 2.67793e-05 -3.96202e-05 -0.01788 0.0879208 -3.52859e-05 0.000188967 2.67793e-05 -3.52859e-05 0.00972327 -0.0178857 -3.96202e-05 0.000188967 -0.0178857 0.0883294 
0.0097884 -0.0178774 2.6772e-05 -5.056e-05 -0.0178774 0.0879425 -4.41412e-05 0.000203794 2.6772e-05 -4.41412e-05 0.00972951 -0.017902 -5.056e-05 0.000203794 -0.017902 0.0884118 
0.00957777 -0.0174924 2.61234e-05 -4.89917e-05 -0.0174924 0.0860692 -4.85307e-05 0.000213953 2.61234e-05 -4.85307e-05 0.00952758 -0.0175201 -4.89917e-05 0.000213953 -0.0175201 0.0865395 
0.0098025 -0.0178438 4.25062e-05 -4.47545e-05 -0.0178438 0.0878251 -4.80585e-05 0.000213645 4.25062e-05 -4.80585e-05 0.00970945 -0.017893 -4.47545e-05 0.000213645 -0.017893 0.0883493 
0.00965795 -0.0175728 6.22644e-05 -6.14468e-05 -0.0175728 0.0863709 -6.36665e-05 0.000230235 6.22644e-05 -6.36665e-05 0.00951762 -0.0175687 -6.14468e-05 0.000230235 -0.0175687 0.0868187 
0.0096982 -0.0176769 7.6173e-05 -8.98977e-05 -0.0176769 0.0867984 -9.18908e-05 0.000290842 7.6173e-05 -9.18908e-05 0.00955354 -0.0175974 -8.98977e-05 0.000290842 -0.0175974 0.0870711 
0.00968894 -0.0176649 7.8538e-05 -0.00010239 -0.0176649 0.0867492 -0.000111366 0.000340974 7.8538e-05 -0.000111366 0.00955281 -0.0175601 -0.00010239 0.000340974 -0.0175601 0.0868777 
0.0096488 -0.0175943 7.94887e-05 -0.000110915 -0.0175943 0.0864189 -0.000123377 0.00038522 7.94887e-05 -0.000123377 0.00953534 -0.0175082 -0.000110915 0.00038522 -0.0175082 0.0865358 
0.00966557 -0.0175927 9.80989e-05 -0.00011695 -0.0175927 0.0864367 -0.00012304 0.000409008 9.80989e-05 -0.00012304 0.00953277 -0.0175535 -0.00011695 0.000409008 -0.0175535 0.0866562 
0.00965069 -0.0175993 0.000101777 -0.000139069 -0.0175993 0.0864061 -0.00013896 0.000442642 0.000101777 -0.00013896 0.00953903 -0.0175392 -0.000139069 0.000442642 -0.0175392 0.0866449 
0.00964083 -0.0176179 8.03978e-05 -0.000141764 -0.0176179 0.0865563 -0.00014041 0.000459554 8.03978e-05 -0.00014041 0.00957198 -0.0175922 -0.000141764 0.000459554 -0.0175922 0.0868593 
0.00961108 -0.0175713 6.6738e-05 -0.000112328 -0.0175713 0.0864193 -0.000109101 0.000410902 6.6738e-05 -0.000109101 0.00958401 -0.017586 -0.000112328 0.000410902 -0.017586 0.0868072 
0.00966696 -0.0176232 7.58339e-05 -9.55814e-05 -0.0176232 0.0867388 -9.03595e-05 0.000355299 7.58339e-05 -9.03595e-05 0.00961926 -0.0176915 -9.55814e-05 0.000355299 -0.0176915 0.08725 
0.00972144 -0.0176962 6.46545e-05 -0.000110853 -0.0176962 0.0870363 -0.000100513 0.000356694 6.46545e-05 -0.000100513 0.00966304 -0.017759 -0.000110853 0.000356694 -0.017759 0.0876158 
0.00973255 -0.0177509 4.54033e-05 -9.28405e-05 -0.0177509 0.0872277 -8.29155e-05 0.0003319 4.54033e-05 -8.29155e-05 0.00970331 -0.0178015 -9.28405e-05 0.0003319 -0.0178015 0.0878082 
0.00973872 -0.0177154 3.87224e-05 -6.19634e-05 -0.0177154 0.0871108 -5.79464e-05 0.000265541 3.87224e-05 -5.79464e-05 0.00969338 -0.0178166 -6.19634e-05 0.000265541 -0.0178166 0.0877887 
0.0097286 -0.0176639 5.58241e-05 -4.55055e-05 -0.0176639 0.086767 -4.75664e-05 0.000208104 5.58241e-05 -4.75664e-05 0.00964507 -0.0177426 -4.55055e-05 0.000208104 -0.0177426 0.0874627 
0.00968309 -0.0176091 7.80147e-05 -7.12586e-05 -0.0176091 0.0863731 -7.4372e-05 0.000235355 7.80147e-05 -7.4372e-05 0.00959521 -0.0176274 -7.12586e-05 0.000235355 -0.0176274 0.0869526 
0.00965946 -0.0176127 7.1776e-05 -0.000100354 -0.0176127 0.086371 -0.000101508 0.000299895 7.1776e-05 -0.000101508 0.00959203 -0.0176055 -0.000100354 0.000299895 -0.0176055 0.0868327 
0.00968412 -0.0176669 6.1028e-05 -0.000103897 -0.0176669 0.0867308 -0.000102758 0.000346683 6.1028e-05 -0.000102758 0.0096218 -0.0176965 -0.000103897 0.000346683 -0.0176965 0.0872223 
0.0097281 -0.0177682 3.45075e-05 -9.08076e-05 -0.0177682 0.0872821 -8.95642e-05 0.000341818 3.45075e-05 -8.95642e-05 0.00968553 -0.0178032 -9.08076e-05 0.000341818 -0.0178032 0.0878082 
0.0097396 -0.0178015 6.16897e-06 -5.2125e-05 -0.0178015 0.0875208 -5.80064e-05 0.000278764 6.16897e-06 -5.80064e-05 0.00972076 -0.0178569 -5.2125e-05 0.000278764 -0.0178569 0.088083 
0.00970095 -0.0177555 -2.71568e-05 -1.65452e-05 -0.0177555 0.0873642 -2.94047e-05 0.000201625 -2.71568e-05 -2.94047e-05 0.00974315 -0.0178378 -1.65452e-05 0.000201625 -0.0178378 0.0879775 
0.00966244 -0.017656 -5.54748e-05 2.97826e-05 -0.017656 0.0869846 1.97994e-05 8.65058e-05 -5.54748e-05 1.97994e-05 0.00971546 -0.0178217 2.97826e-05 8.65058e-05 -0.0178217 0.0877592 
0.00963645 -0.0175624 -6.74728e-05 6.29409e-05 -0.0175624 0.0865058 6.03492e-05 -2.23409e-05 -6.74728e-05 6.03492e-05 0.00966 -0.017739 6.29409e-05 -2.23409e-05 -0.017739 0.0873711 
0.00965618 -0.0175897 -5.69143e-05 6.59351e-05 -0.0175897 0.0865223 7.05548e-05 -6.48497e-05 -5.69143e-05 7.05548e-05 0.00964226 -0.0177189 6.59351e-05 -6.48497e-05 -0.0177189 0.0873263 
0.00967951 -0.0176483 -2.73218e-05 4.6994e-05 -0.0176483 0.0867295 5.38669e-05 -4.2242e-05 -2.73218e-05 5.38669e-05 0.00964667 -0.0177231 4.6994e-05 -4.2242e-05 -0.0177231 0.0873986 
0.00967448 -0.0176623 -1.75847e-05 1.529e-05 -0.0176623 0.086791 1.48847e-05 2.58282e-05 -1.75847e-05 1.48847e-05 0.00965832 -0.0177123 1.529e-05 2.58282e-05 -0.0177123 0.0873585 
0.00963951 -0.017615 -1.41328e-06 2.37299e-06 -0.017615 0.0866014 -1.07432e-05 9.73832e-05 -1.41328e-06 -1.07432e-05 0.00965165 -0.017683 2.37299e-06 9.73832e-05 -0.017683 0.0871528 
0.00960869 -0.0175763 -8.07722e-06 -1.85577e-05 -0.0175763 0.0864637 -4.08719e-05 0.000171581 -8.07722e-06 -4.08719e-05 0.00964774 -0.0176808 -1.85577e-05 0.000171581 -0.0176808 0.0870749 
0.00956637 -0.0175409 -1.90798e-05 -1.69651e-05 -0.0175409 0.0863449 -3.77139e-05 0.000208972 -1.90798e-05 -3.77139e-05 0.00964914 -0.0176693 -1.69651e-05 0.000208972 -0.0176693 0.0870095 
0.00958283 -0.0175436 -1.79587e-07 -5.32043e-06 -0.0175436 0.0864842 -1.84702e-05 0.000193128 -1.79587e-07 -1.84702e-05 0.00965204 -0.0177291 -5.32043e-06 0.000193128 -0.0177291 0.0872636 
0.00958716 -0.0175104 3.30166e-05 -2.8364e-05 -0.0175104 0.0863152 -3.37028e-05 0.000207675 3.30166e-05 -3.37028e-05 0.0096113 -0.0176745 -2.8364e-05 0.000207675 -0.0176745 0.0871041 
0.00958608 -0.0175169 3.5004e-05 -6.94676e-05 -0.0175169 0.0862611 -6.81435e-05 0.000274029 3.5004e-05 -6.81435e-05 0.009597 -0.0176216 -6.94676e-05 0.000274029 -0.0176216 0.0869394 
0.00960337 -0.0175587 2.2951e-05 -8.23358e-05 -0.0175587 0.0864511 -7.89553e-05 0.000335873 2.2951e-05 -7.89553e-05 0.0096171 -0.0176461 -8.23358e-05 0.000335873 -0.0176461 0.087046 
0.00965608 -0.0176311 1.87537e-05 -6.36466e-05 -0.0176311 0.0868276 -5.85872e-05 0.000320459 1.87537e-05 -5.85872e-05 0.00963987 -0.0177317 -6.36466e-05 0.000320459 -0.0177317 0.0874288 
0.00966994 -0.0176491 2.22698e-05 -5.56606e-05 -0.0176491 0.0868859 -4.72405e-05 0.000286188 2.22698e-05 -4.72405e-05 0.00962992 -0.017727 -5.56606e-05 0.000286188 -0.017727 0.0874795 
0.00964663 -0.0176177 2.55422e-05 -5.4713e-05 -0.0176177 0.0866874 -4.34806e-05 0.00025857 2.55422e-05 -4.34806e-05 0.00960329 -0.0176466 -5.4713e-05 0.00025857 -0.0176466 0.0871706 
0.00958281 -0.0175135 2.04589e-05 -4.84397e-05 -0.0175135 0.0861725 -3.64782e-05 0.00022486 2.04589e-05 -3.64782e-05 0.00956594 -0.0175302 -4.84397e-05 0.00022486 -0.0175302 0.0865764 
0.00957622 -0.0175074 8.61846e-06 -4.41892e-05 -0.0175074 0.086182 -3.52533e-05 0.000211302 8.61846e-06 -3.52533e-05 0.00957235 -0.0175741 -4.41892e-05 0.000211302 -0.0175741 0.086661 
0.00978015 -0.0178588 -3.20961e-05 -2.77815e-05 -0.0178588 0.0879441 -2.41827e-05 0.000185946 -3.20961e-05 -2.41827e-05 0.00977101 -0.017955 -2.77815e-05 0.000185946 -0.017955 0.0885368 
0.00979556 -0.0178373 -4.62846e-05 1.63436e-05 -0.0178373 0.0878207 1.62462e-05 0.000117228 -4.62846e-05 1.62462e-05 0.0097358 -0.0179449 1.63436e-05 0.000117228 -0.0179449 0.0884966 
0.00976933 -0.0177896 -2.31875e-05 3.46542e-05 -0.0177896 0.0874578 3.3328e-05 5.38156e-05 -2.31875e-05 3.3328e-05 0.00965989 -0.0178242 3.46542e-05 5.38156e-05 -0.0178242 0.0880369 
0.00977432 -0.0178493 -9.16525e-06 1.12825e-05 -0.0178493 0.0876614 7.91649e-06 6.45174e-05 -9.16525e-06 7.91649e-06 0.00965511 -0.017786 1.12825e-05 6.45174e-05 -0.017786 0.0879821 
0.00979964 -0.0179155 -1.35289e-06 -9.25867e-06 -0.0179155 0.0880494 -1.4417e-05 0.000117906 -1.35289e-06 -1.4417e-05 0.00967998 -0.0178322 -9.25867e-06 0.000117906 -0.0178322 0.0882137 
0.00981775 -0.0179019 1.29264e-05 -1.58526e-05 -0.0179019 0.0880619 -2.09898e-05 0.000146192 1.29264e-05 -2.09898e-05 0.00966169 -0.017826 -1.58526e-05 0.000146192 -0.017826 0.0881919 
0.00959797 -0.0175341 4.2262e-06 -3.22414e-05 -0.0175341 0.0861834 -3.61074e-05 0.00017532 4.2262e-06 -3.61074e-05 0.00945144 -0.0174124 -3.22414e-05 0.00017532 -0.0174124 0.0862245 
0.00977864 -0.0178727 -6.76061e-06 -2.43123e-05 -0.0178727 0.0878978 -2.65342e-05 0.000179308 -6.76061e-06 -2.65342e-05 0.00964925 -0.0177539 -2.43123e-05 0.000179308 -0.0177539 0.0879008 
0.00970645 -0.0177699 -8.49797e-06 -9.93624e-06 -0.0177699 0.0874269 -1.67391e-05 0.000156962 -8.49797e-06 -1.67391e-05 0.00962314 -0.0176704 -9.93624e-06 0.000156962 -0.0176704 0.0874435 
0.00961516 -0.017675 6.27294e-06 -6.91771e-06 -0.017675 0.0870245 -1.66996e-05 0.000143802 6.27294e-06 -1.66996e-05 0.00962843 -0.0176139 -6.91771e-06 0.000143802 -0.0176139 0.0870814 
0.00959577 -0.01758 -6.37237e-06 -2.53468e-05 -0.01758 0.0867591 -3.20012e-05 0.000162359 -6.37237e-06 -3.20012e-05 0.00963784 -0.0176543 -2.53468e-05 0.000162359 -0.0176543 0.0870661 
0.00963262 -0.0176096 -1.73803e-05 -1.58498e-05 -0.0176096 0.0868826 -1.9719e-05 0.000165931 -1.73803e-05 -1.9719e-05 0.00964872 -0.0177437 -1.58498e-05 0.000165931 -0.0177437 0.0874338 
0.00969643 -0.0176895 -3.27034e-07 6.94504e-07 -0.0176895 0.0871893 -3.50083e-07 0.000130399 -3.27034e-07 -3.50083e-07 0.00964447 -0.0177944 6.94504e-07 0.000130399 -0.0177944 0.0877897 
0.00968019 -0.0177153 -6.30202e-06 -1.98896e-05 -0.0177153 0.0872032 -1.49235e-05 0.00013672 -6.30202e-06 -1.49235e-05 0.00963538 -0.0177372 -1.98896e-05 0.00013672 -0.0177372 0.0876766 
0.00966011 -0.0176991 -1.55083e-05 -1.4707e-05 -0.0176991 0.0871953 -7.75593e-06 0.00013498 -1.55083e-05 -7.75593e-06 0.00963793 -0.0177242 -1.4707e-05 0.00013498 -0.0177242 0.0876036 
0.00965968 -0.0176709 -1.93315e-05 -3.24706e-06 -0.0176709 0.0871205 1.61796e-06 0.000114356 -1.93315e-05 1.61796e-06 0.00963267 -0.017715 -3.24706e-06 0.000114356 -0.017715 0.0875338 
0.00968337 -0.0177024 -2.96624e-05 1.32293e-05 -0.0177024 0.0872417 1.24851e-05 7.20021e-05 -2.96624e-05 1.24851e-05 0.00964026 -0.017739 1.32293e-05 7.20021e-05 -0.017739 0.0876506 
0.00968627 -0.0176912 -3.55673e-05 2.39324e-05 -0.0176912 0.0871434 2.26259e-05 4.16558e-05 -3.55673e-05 2.26259e-05 0.00962367 -0.0177046 2.39324e-05 4.16558e-05 -0.0177046 0.0875054 
0.00970943 -0.0177023 -2.24572e-05 2.65235e-05 -0.0177023 0.0871433 2.68869e-05 2.86888e-05 -2.24572e-05 2.68869e-05 0.00960595 -0.017692 2.65235e-05 2.86888e-05 -0.017692 0.0874442 
0.00971079 -0.0176889 4.40126e-06 4.65196e-06 -0.0176889 0.0869714 4.38488e-06 6.69625e-05 4.40126e-06 4.38488e-06 0.00956088 -0.0176243 4.65196e-06 6.69625e-05 -0.0176243 0.0871553 
0.00973053 -0.0177642 1.25472e-05 -2.04902e-05 -0.0177642 0.0872509 -2.05199e-05 0.000116649 1.25472e-05 -2.05199e-05 0.00957039 -0.0176399 -2.04902e-05 0.000116649 -0.0176399 0.0872866 
0.00971834 -0.0177822 2.64162e-05 -3.34492e-05 -0.0177822 0.0873733 -3.21539e-05 0.00016172 2.64162e-05 -3.21539e-05 0.00956986 -0.0176381 -3.34492e-05 0.00016172 -0.0176381 0.0873077 
0.00969625 -0.0177431 2.78542e-05 -5.29243e-05 -0.0177431 0.0872827 -5.21382e-05 0.000210562 2.78542e-05 -5.21382e-05 0.00956375 -0.0176129 -5.29243e-05 0.000210562 -0.0176129 0.0872012 
0.00962631 -0.0176102 2.40969e-05 -5.38964e-05 -0.0176102 0.0866803 -5.15971e-05 0.000229592 2.40969e-05 -5.15971e-05 0.0095199 -0.0175024 -5.38964e-05 0.000229592 -0.0175024 0.0866366 
0.00959015 -0.0175396 6.26224e-06 -5.13102e-05 -0.0175396 0.0863656 -4.48847e-05 0.000225911 6.26224e-06 -4.48847e-05 0.00950845 -0.0174821 -5.13102e-05 0.000225911 -0.0174821 0.0864426 
0.00955827 -0.017522 -3.52363e-06 -2.80305e-05 -0.017522 0.0862893 -2.08622e-05 0.00018413 -3.52363e-06 -2.08622e-05 0.00953519 -0.0175042 -2.80305e-05 0.00018413 -0.0175042 0.0864963 
0.00972145 -0.0178314 -1.18795e-05 -1.60292e-05 -0.0178314 0.087914 -9.4913e-06 0.00014703 -1.18795e-05 -9.4913e-06 0.00973969 -0.0178861 -1.60292e-05 0.00014703 -0.0178861 0.0882918 
0.00971674 -0.017817 2.67647e-06 -8.98657e-06 -0.017817 0.0879111 -7.60773e-06 0.00013165 2.67647e-06 -7.60773e-06 0.00974906 -0.0179251 -8.98657e-06 0.00013165 -0.0179251 0.0884487 
0.00951355 -0.0174585 -8.86971e-07 -1.55985e-05 -0.0174585 0.0861578 -2.25857e-05 0.000133425 -8.86971e-07 -2.25857e-05 0.00955211 -0.0175752 -1.55985e-05 0.000133425 -0.0175752 0.086753 
0.00951209 -0.0174886 1.12468e-06 -2.00422e-05 -0.0174886 0.0863573 -2.75933e-05 0.000158327 1.12468e-06 -2.75933e-05 0.00958289 -0.0176155 -2.00422e-05 0.000158327 -0.0176155 0.0869888 
0.00951716 -0.0174465 5.13663e-06 -2.59009e-05 -0.0174465 0.0862524 -3.05294e-05 0.000174661 5.13663e-06 -3.05294e-05 0.00956824 -0.0176108 -2.59009e-05 0.000174661 -0.0176108 0.0869504 
0.00952827 -0.0174446 -5.81875e-06 -2.19338e-05 -0.0174446 0.0861845 -2.77135e-05 0.000165834 -5.81875e-06 -2.77135e-05 0.00955914 -0.0175896 -2.19338e-05 0.000165834 -0.0175896 0.086891 
0.00955942 -0.0175057 -3.21046e-05 -4.19535e-06 -0.0175057 0.0864209 -1.32887e-05 0.000133532 -3.21046e-05 -1.32887e-05 0.00957908 -0.0176275 -4.19535e-06 0.000133532 -0.0176275 0.0870861 
0.00956694 -0.0174955 -2.85756e-05 3.00781e-05 -0.0174955 0.0863519 1.63168e-05 6.81135e-05 -2.85756e-05 1.63168e-05 0.00954417 -0.0176036 3.00781e-05 6.81135e-05 -0.0176036 0.0869775 
0.00955292 -0.0174878 -3.89361e-05 2.99604e-05 -0.0174878 0.0862453 1.57248e-05 3.37367e-05 -3.89361e-05 1.57248e-05 0.00950125 -0.0175379 2.99604e-05 3.37367e-05 -0.0175379 0.0867574 
0.00954216 -0.0175144 -6.07823e-05 3.34334e-05 -0.0175144 0.0863639 2.67202e-05 2.14851e-05 -6.07823e-05 2.67202e-05 0.0095072 -0.0175063 3.34334e-05 2.14851e-05 -0.0175063 0.0867021 
0.00952139 -0.0174907 -7.73211e-05 4.94496e-05 -0.0174907 0.0863334 5.12257e-05 -7.52285e-06 -7.73211e-05 5.12257e-05 0.00951899 -0.017489 4.94496e-05 -7.52285e-06 -0.017489 0.0865879 
0.00949146 -0.0174279 -6.19415e-05 6.85393e-05 -0.0174279 0.0860951 7.21123e-05 -5.18732e-05 -6.19415e-05 7.21123e-05 0.00951228 -0.0174643 6.85393e-05 -5.18732e-05 -0.0174643 0.0863791 
0.0096592 -0.0177153 -4.2285e-05 5.3419e-05 -0.0177153 0.0875316 5.68652e-05 -4.90585e-05 -4.2285e-05 5.68652e-05 0.00968058 -0.0177833 5.3419e-05 -4.90585e-05 -0.0177833 0.0878863 
0.00967935 -0.0177388 -3.27052e-05 2.25193e-05 -0.0177388 0.0876131 2.68706e-05 1.17452e-05 -3.27052e-05 2.68706e-05 0.00967068 -0.0178134 2.25193e-05 1.17452e-05 -0.0178134 0.0880139 
0.00965512 -0.0177074 -3.89611e-05 5.3481e-06 -0.0177074 0.087423 1.15033e-05 7.13561e-05 -3.89611e-05 1.15033e-05 0.00963732 -0.0177555 5.3481e-06 7.13561e-05 -0.0177555 0.0878096 
0.00965919 -0.0177016 -2.28864e-05 1.84373e-05 -0.0177016 0.0874021 2.05065e-05 7.19143e-05 -2.28864e-05 2.05065e-05 0.00960891 -0.0177325 1.84373e-05 7.19143e-05 -0.0177325 0.0877429 
0.00959891 -0.0175954 -2.38407e-05 1.8695e-06 -0.0175954 0.0868426 9.82182e-08 9.27998e-05 -2.38407e-05 9.82182e-08 0.0095347 -0.0175765 1.8695e-06 9.27998e-05 -0.0175765 0.0870732 
0.00957908 -0.0175742 -1.30077e-05 3.03424e-06 -0.0175742 0.0867333 -1.70119e-06 0.000107744 -1.30077e-05 -1.70119e-06 0.00951604 -0.0175354 3.03424e-06 0.000107744 -0.0175354 0.0868762 
0.00959741 -0.0176036 -9.10379e-06 -6.11239e-06 -0.0176036 0.0869133 -1.45052e-05 0.000125152 -9.10379e-06 -1.45052e-05 0.00952861 -0.0175724 -6.11239e-06 0.000125152 -0.0175724 0.0870404 
0.00960326 -0.0176202 -1.29282e-05 -1.157e-05 -0.0176202 0.0870017 -1.68854e-05 0.000139077 -1.29282e-05 -1.68854e-05 0.00954323 -0.0175862 -1.157e-05 0.000139077 -0.0175862 0.0871286 
0.00961712 -0.0176333 -3.96798e-05 -1.00168e-05 -0.0176333 0.0870859 -7.85497e-06 0.000134229 -3.96798e-05 -7.85497e-06 0.00954214 -0.0176092 -1.00168e-05 0.000134229 -0.0176092 0.0872249 
0.00954618 -0.0175602 -5.74675e-05 2.20266e-05 -0.0175602 0.0866934 3.11654e-05 7.06224e-05 -5.74675e-05 3.11654e-05 0.00951935 -0.0175042 2.20266e-05 7.06224e-05 -0.0175042 0.0867746 
0.00946845 -0.0174522 -6.34083e-05 3.85131e-05 -0.0174522 0.0862831 4.92899e-05 1.6197e-05 -6.34083e-05 4.92899e-05 0.00951735 -0.0174607 3.85131e-05 1.6197e-05 -0.0174607 0.0864366 
0.00942652 -0.0173771 -7.07075e-05 5.23744e-05 -0.0173771 0.0860489 6.05669e-05 -3.11861e-05 -7.07075e-05 6.05669e-05 0.0095272 -0.0174849 5.23744e-05 -3.11861e-05 -0.0174849 0.0864086 
0.00946714 -0.0173466 -4.64623e-05 6.51236e-05 -0.0173466 0.0859782 6.78652e-05 -6.44758e-05 -4.64623e-05 6.78652e-05 0.00949136 -0.0175291 6.51236e-05 -6.44758e-05 -0.0175291 0.0865583 
0.00952348 -0.0174199 -1.71125e-05 3.70236e-05 -0.0174199 0.0861523 3.50824e-05 -2.95626e-05 -1.71125e-05 3.50824e-05 0.00945578 -0.0175146 3.70236e-05 -2.95626e-05 -0.0175146 0.0866926 
0.0095474 -0.0174735 -1.86878e-05 2.83803e-06 -0.0174735 0.0862495 1.3548e-06 4.11806e-05 -1.86878e-05 1.3548e-06 0.00941852 -0.0174293 2.83803e-06 4.11806e-05 -0.0174293 0.0864944 
0.00953834 -0.0175436 -2.82457e-05 7.66356e-06 -0.0175436 0.0865164 8.99866e-06 5.55906e-05 -2.82457e-05 8.99866e-06 0.00944793 -0.017399 7.66356e-06 5.55906e-05 -0.017399 0.0864403 
0.009515 -0.0175493 -2.4576e-05 1.98375e-05 -0.0175493 0.086704 2.24209e-05 3.25186e-05 -2.4576e-05 2.24209e-05 0.0094974 -0.0174556 1.98375e-05 3.25186e-05 -0.0174556 0.0865835 
0.00949677 -0.0175022 -1.30775e-05 1.48951e-05 -0.0175022 0.086666 1.33005e-05 3.22681e-05 -1.30775e-05 1.33005e-05 0.00952219 -0.0175199 1.48951e-05 3.22681e-05 -0.0175199 0.0867537 
0.00950166 -0.0174603 -7.32741e-06 2.74604e-06 -0.0174603 0.0865474 -4.10709e-06 5.83186e-05 -7.32741e-06 -4.10709e-06 0.00952325 -0.0175568 2.74604e-06 5.83186e-05 -0.0175568 0.0868918 
0.00949488 -0.0174308 -8.15468e-06 -7.86163e-06 -0.0174308 0.0863428 -1.5988e-05 9.43654e-05 -8.15468e-06 -1.5988e-05 0.00950395 -0.0175281 -7.86163e-06 9.43654e-05 -0.0175281 0.0867988 
0.00949416 -0.0174539 -1.03319e-05 -9.01022e-06 -0.0174539 0.0863863 -1.15638e-05 0.000106206 -1.03319e-05 -1.15638e-05 0.00951282 -0.017517 -9.01022e-06 0.000106206 -0.017517 0.0867964 
0.00946416 -0.0173735 -2.55637e-06 -5.81319e-06 -0.0173735 0.0860163 -6.83459e-06 0.000100966 -2.55637e-06 -6.83459e-06 0.00945814 -0.0174469 -5.81319e-06 0.000100966 -0.0174469 0.086411 
0.00964701 -0.0177002 5.0349e-07 -1.555e-05 -0.0177002 0.0875789 -1.60598e-05 0.000113027 5.0349e-07 -1.60598e-05 0.00961463 -0.0177397 -1.555e-05 0.000113027 -0.0177397 0.0879176 
0.0096212 -0.0176963 4.99328e-06 -2.42662e-05 -0.0176963 0.0875037 -2.18535e-05 0.000134993 4.99328e-06 -2.18535e-05 0.00961327 -0.0176954 -2.42662e-05 0.000134993 -0.0176954 0.0877378 
0.00964394 -0.0177383 3.30127e-06 -2.50486e-05 -0.0177383 0.0877689 -2.10209e-05 0.00013637 3.30127e-06 -2.10209e-05 0.00964464 -0.0177568 -2.50486e-05 0.00013637 -0.0177568 0.0879729 
0.00942317 -0.0173573 7.81352e-07 -2.43765e-05 -0.0173573 0.0859164 -2.19815e-05 0.000137182 7.81352e-07 -2.19815e-05 0.00945684 -0.0173993 -2.43765e-05 0.000137182 -0.0173993 0.08617 
0.00957755 -0.0176604 -7.4576e-06 -1.85837e-05 -0.0176604 0.0874869 -1.64511e-05 0.000127641 -7.4576e-06 -1.64511e-05 0.00966682 -0.0177403 -1.85837e-05 0.000127641 -0.0177403 0.0878203 
0.00954713 -0.0175626 -2.17046e-05 -4.30653e-06 -0.0175626 0.0870872 -2.49439e-06 9.30591e-05 -2.17046e-05 -2.49439e-06 0.00964061 -0.0177236 -4.30653e-06 9.30591e-05 -0.0177236 0.0875989 
0.00959922 -0.0175581 -1.26782e-05 1.49705e-05 -0.0175581 0.0870165 1.84094e-05 4.23386e-05 -1.26782e-05 1.84094e-05 0.00959279 -0.0177367 1.49705e-05 4.23386e-05 -0.0177367 0.0876516 
0.00969771 -0.0177342 7.25087e-06 1.39383e-06 -0.0177342 0.0876455 9.11817e-06 3.96709e-05 7.25087e-06 9.11817e-06 0.00959498 -0.0177978 1.39383e-06 3.96709e-05 -0.0177978 0.0881578 
0.00956781 -0.0175007 2.24464e-05 -2.86642e-05 -0.0175007 0.0863597 -1.64338e-05 8.92648e-05 2.24464e-05 -1.64338e-05 0.00939326 -0.0174306 -2.86642e-05 8.92648e-05 -0.0174306 0.0865634 
0.00957418 -0.0175734 7.01285e-06 -4.25761e-05 -0.0175734 0.0866666 -3.20129e-05 0.000129398 7.01285e-06 -3.20129e-05 0.00942745 -0.0174116 -4.25761e-05 0.000129398 -0.0174116 0.0865974 
0.00953621 -0.0175187 -4.88973e-06 -1.65796e-05 -0.0175187 0.08651 -9.37207e-06 0.000100557 -4.88973e-06 -9.37207e-06 0.00943532 -0.0173918 -1.65796e-05 0.000100557 -0.0173918 0.0863896 
0.00951377 -0.0174682 -5.94321e-06 4.39694e-06 -0.0174682 0.0863396 6.54967e-06 4.6366e-05 -5.94321e-06 6.54967e-06 0.00943958 -0.0174006 4.39694e-06 4.6366e-05 -0.0174006 0.0863206 
0.00951921 -0.0174107 -2.0342e-06 2.53173e-06 -0.0174107 0.0860844 3.56734e-06 3.01703e-05 -2.0342e-06 3.56734e-06 0.00940529 -0.017392 2.53173e-06 3.01703e-05 -0.017392 0.0862132 
0.00959426 -0.017522 -6.74093e-07 -5.19981e-06 -0.017522 0.0864952 2.01508e-06 3.69987e-05 -6.74093e-07 2.01508e-06 0.00941527 -0.0174536 -5.19981e-06 3.69987e-05 -0.0174536 0.0866074 
0.00957099 -0.0175463 9.64928e-06 -1.47656e-05 -0.0175463 0.0864788 -2.05471e-06 5.92543e-05 9.64928e-06 -2.05471e-06 0.00941841 -0.0173794 -1.47656e-05 5.92543e-05 -0.0173794 0.08639 
0.00955053 -0.0175606 5.44796e-06 -2.18685e-05 -0.0175606 0.0866119 -8.64001e-06 7.1176e-05 5.44796e-06 -8.64001e-06 0.00945783 -0.0173987 -2.18685e-05 7.1176e-05 -0.0173987 0.0863974 
0.00955366 -0.0175624 1.26027e-05 -1.60828e-05 -0.0175624 0.0867776 -9.95965e-06 7.77582e-05 1.26027e-05 -9.95965e-06 0.00950343 -0.0174984 -1.60828e-05 7.77582e-05 -0.0174984 0.0867127 
0.00955651 -0.0175601 1.19828e-05 -2.4304e-05 -0.0175601 0.0868513 -2.47643e-05 9.78341e-05 1.19828e-05 -2.47643e-05 0.00953221 -0.0175766 -2.4304e-05 9.78341e-05 -0.0175766 0.0870304 
0.00956779 -0.0175263 1.2046e-05 -2.28362e-05 -0.0175263 0.0867372 -2.57894e-05 0.000108133 1.2046e-05 -2.57894e-05 0.00952007 -0.0175976 -2.28362e-05 0.000108133 -0.0175976 0.0871326 
0.00955665 -0.0174524 3.16329e-05 -1.27318e-05 -0.0174524 0.0862756 -2.11482e-05 9.02414e-05 3.16329e-05 -2.11482e-05 0.00944868 -0.0174886 -1.27318e-05 9.02414e-05 -0.0174886 0.0866954 
0.00957709 -0.0175355 2.60566e-05 -3.17923e-05 -0.0175355 0.0865005 -4.11822e-05 0.00010441 2.60566e-05 -4.11822e-05 0.00946818 -0.0174721 -3.17923e-05 0.00010441 -0.0174721 0.0867283 
0.00961518 -0.0175944 2.72806e-05 -3.28135e-05 -0.0175944 0.0868053 -3.53434e-05 0.000116612 2.72806e-05 -3.53434e-05 0.00949547 -0.0175262 -3.28135e-05 0.000116612 -0.0175262 0.0869294 
0.00967564 -0.0176983 1.38442e-05 -3.00538e-05 -0.0176983 0.0873002 -2.81282e-05 0.000100679 1.38442e-05 -2.81282e-05 0.00953276 -0.0176305 -3.00538e-05 0.000100679 -0.0176305 0.0874148 
0.00971711 -0.0177499 -1.39362e-05 -1.05755e-05 -0.0177499 0.0875362 -8.16811e-06 6.1119e-05 -1.39362e-05 -8.16811e-06 0.00952705 -0.0176611 -1.05755e-05 6.1119e-05 -0.0176611 0.0876261 
0.00973511 -0.0177737 -2.94016e-05 2.44856e-05 -0.0177737 0.0875894 2.72853e-05 -1.45316e-05 -2.94016e-05 2.72853e-05 0.0095078 -0.017625 2.44856e-05 -1.45316e-05 -0.017625 0.0875734 
0.00974414 -0.0178059 -1.09955e-05 4.29674e-05 -0.0178059 0.0876854 4.66097e-05 -7.93168e-05 -1.09955e-05 4.66097e-05 0.00951161 -0.0175954 4.29674e-05 -7.93168e-05 -0.0175954 0.0875029 
0.00975693 -0.0178676 9.65196e-06 2.71219e-05 -0.0178676 0.0879863 3.17107e-05 -8.98636e-05 9.65196e-06 3.17107e-05 0.00955342 -0.0176416 2.71219e-05 -8.98636e-05 -0.0176416 0.0877 
0.00971948 -0.0177598 3.82143e-05 -3.47058e-06 -0.0177598 0.0875443 2.79832e-06 -3.50371e-05 3.82143e-05 2.79832e-06 0.00950368 -0.0175767 -3.47058e-06 -3.50371e-05 -0.0175767 0.087298 
0.00968809 -0.0177388 4.6706e-05 -4.93469e-05 -0.0177388 0.0873969 -4.09262e-05 7.40269e-05 4.6706e-05 -4.09262e-05 0.0095111 -0.0175531 -4.93469e-05 7.40269e-05 -0.0175531 0.0871935 
0.00966503 -0.0177014 4.99477e-05 -6.81557e-05 -0.0177014 0.0872937 -5.73591e-05 0.000157653 4.99477e-05 -5.73591e-05 0.00952922 -0.0175777 -6.81557e-05 0.000157653 -0.0175777 0.0872135 
0.0096602 -0.0176653 5.43508e-05 -7.85221e-05 -0.0176653 0.0871682 -6.35144e-05 0.000206358 5.43508e-05 -6.35144e-05 0.00953443 -0.0176037 -7.85221e-05 0.000206358 -0.0176037 0.0872621 
0.00965955 -0.0176552 3.97957e-05 -6.83726e-05 -0.0176552 0.0870729 -5.74395e-05 0.000193227 3.97957e-05 -5.74395e-05 0.00953674 -0.0176004 -6.83726e-05 0.000193227 -0.0176004 0.0872445 
0.00970506 -0.0176634 3.91703e-05 -4.50128e-05 -0.0176634 0.0870918 -4.11604e-05 0.00015273 3.91703e-05 -4.11604e-05 0.00951101 -0.0176271 -4.50128e-05 0.00015273 -0.0176271 0.0873342 
0.00973397 -0.0177147 5.25208e-05 -4.55335e-05 -0.0177147 0.0871619 -4.29082e-05 0.000137166 5.25208e-05 -4.29082e-05 0.00948738 -0.0175948 -4.55335e-05 0.000137166 -0.0175948 0.0873113 
0.00973926 -0.0177859 5.17175e-05 -5.93537e-05 -0.0177859 0.087407 -5.79629e-05 0.000153773 5.17175e-05 -5.79629e-05 0.00949483 -0.0175797 -5.93537e-05 0.000153773 -0.0175797 0.0873385 
0.00972434 -0.0177689 5.60154e-05 -6.07078e-05 -0.0177689 0.0873965 -6.51412e-05 0.000175923 5.60154e-05 -6.51412e-05 0.00949258 -0.0175551 -6.07078e-05 0.000175923 -0.0175551 0.0872107 
