0.00714187 0 -0.000213764 0 0 0.010271 0 0 -0.000213764 0 0.0073476 0 0 0 0 0.010271 
0.00981205 -0.0121856 -0.000237061 0.000285494 -0.0121856 0.0324904 0.000285494 -0.000547566 -0.000237061 0.000285494 0.0100645 -0.0124879 0.000285494 -0.000547566 -0.0124879 0.033069 
0.0095949 -0.0180301 -0.000150768 0.000199055 -0.0180301 0.0665574 0.000199055 -0.000586256 -0.000150768 0.000199055 0.00984727 -0.0182408 0.000199055 -0.000586256 -0.0182408 0.0671717 
0.00907442 -0.0176736 -0.000142031 7.36642e-06 -0.0176736 0.0796365 -5.96962e-06 0.000299188 -0.000142031 -5.96962e-06 0.00928949 -0.0178381 7.36642e-06 0.000299188 -0.0178381 0.0797556 
0.00932333 -0.0175726 -0.000167488 2.27702e-05 -0.0175726 0.085245 2.66201e-06 0.00066759 -0.000167488 2.66201e-06 0.00953398 -0.0177657 2.27702e-05 0.00066759 -0.0177657 0.0853895 
0.00954522 -0.0177476 -0.000205981 9.62814e-05 -0.0177476 0.0875814 8.0923e-05 0.000462367 -0.000205981 8.0923e-05 0.00982637 -0.0179391 9.62814e-05 0.000462367 -0.0179391 0.0878133 
0.00969426 -0.0179883 -0.000244101 0.000166349 -0.0179883 0.0891348 0.000159668 0.000132706 -0.000244101 0.000159668 0.0100588 -0.0182448 0.000166349 0.000132706 -0.0182448 0.0894859 
0.00942961 -0.0174451 -0.000236026 0.000205197 -0.0174451 0.0866659 0.000202327 -0.000106009 -0.000236026 0.000202327 0.00979684 -0.0178035 0.000205197 -0.000106009 -0.0178035 0.0872585 
0.00970947 -0.0178861 -0.000232778 0.000205055 -0.0178861 0.0888822 0.000203348 -0.000198287 -0.000232778 0.000203348 0.0100465 -0.0182812 0.000205055 -0.000198287 -0.0182812 0.089661 
0.00959636 -0.0176509 -0.000219535 0.000181867 -0.0176509 0.0875566 0.000185361 -0.000185471 -0.000219535 0.000185361 0.00988816 -0.0179914 0.000181867 -0.000185471 -0.0179914 0.0883006 
0.0095387 -0.0175686 -0.000204507 0.000163045 -0.0175686 0.0869822 0.000168719 -0.000140313 -0.000204507 0.000168719 0.00981045 -0.0178347 0.000163045 -0.000140313 -0.0178347 0.0875562 
0.00952114 -0.01755 -0.000197608 0.000143957 -0.01755 0.0868402 0.000150713 -9.0597e-05 -0.000197608 0.000150713 0.00977635 -0.017785 0.000143957 -9.0597e-05 -0.017785 0.0872807 
0.00949275 -0.0175392 -0.000194905 0.000137017 -0.0175392 0.0867784 0.000141323 -5.57892e-05 -0.000194905 0.000141323 0.00976929 -0.0177586 0.000137017 -5.57892e-05 -0.0177586 0.0871558 
0.00946985 -0.017472 -0.000182815 0.000138042 -0.017472 0.0865372 0.000137749 -4.53563e-05 -0.000182815 0.000137749 0.0097341 -0.0177284 0.000138042 -4.53563e-05 -0.0177284 0.0869621 
0.00946369 -0.0174378 -0.000172993 0.000128877 -0.0174378 0.0863555 0.000127794 -3.34555e-05 -0.000172993 0.000127794 0.00970432 -0.0176912 0.000128877 -3.34555e-05 -0.0176912 0.0868242 
0.00944359 -0.0174172 -0.000186569 0.000116017 -0.0174172 0.0861965 0.000118053 -1.20718e-05 -0.000186569 0.000118053 0.00969312 -0.0176419 0.000116017 -1.20718e-05 -0.0176419 0.0866356 
0.00983295 -0.0181415 -0.000221458 0.000136852 -0.0181415 0.0897784 0.000136923 -2.32892e-05 -0.000221458 0.000136923 0.0100964 -0.018374 0.000136852 -2.32892e-05 -0.018374 0.0901998 
0.00983146 -0.0181508 -0.000251645 0.000172808 -0.0181508 0.0898131 0.000167063 -8.43725e-05 -0.000251645 0.000167063 0.0100974 -0.0183761 0.000172808 -8.43725e-05 -0.0183761 0.0901988 
0.00984704 -0.018192 -0.000232077 0.000205942 -0.018192 0.0900254 0.000199993 -0.00015925 -0.000232077 0.000199993 0.0101023 -0.0184123 0.000205942 -0.00015925 -0.0184123 0.0903752 
0.00985657 -0.0182107 -0.000190897 0.00018097 -0.0182107 0.0901342 0.00017655 -0.000151798 -0.000190897 0.00017655 0.0101008 -0.0184026 0.00018097 -0.000151798 -0.0184026 0.0904007 
0.00947772 -0.0174537 -0.000145367 0.000126642 -0.0174537 0.086416 0.000119742 -5.85879e-05 -0.000145367 0.000119742 0.00965266 -0.01764 0.000126642 -5.85879e-05 -0.01764 0.0866545 
0.00950273 -0.0175097 -0.000141718 8.52944e-05 -0.0175097 0.0865855 7.4641e-05 4.64066e-05 -0.000141718 7.4641e-05 0.00963949 -0.0176286 8.52944e-05 4.64066e-05 -0.0176286 0.0867234 
0.00950237 -0.0174805 -0.000152219 7.84249e-05 -0.0174805 0.0864371 6.79472e-05 0.00010001 -0.000152219 6.79472e-05 0.00959407 -0.0175616 7.84249e-05 0.00010001 -0.0175616 0.0864721 
0.00949817 -0.0174748 -0.000136861 9.36337e-05 -0.0174748 0.0863452 8.7351e-05 8.0074e-05 -0.000136861 8.7351e-05 0.00956392 -0.0175055 9.36337e-05 8.0074e-05 -0.0175055 0.0862739 
0.00986596 -0.0181877 -0.000150618 7.76335e-05 -0.0181877 0.0898393 7.34021e-05 9.51744e-05 -0.000150618 7.34021e-05 0.00996792 -0.0181802 7.76335e-05 9.51744e-05 -0.0181802 0.0896461 
0.00978956 -0.0180348 -0.000170276 8.56118e-05 -0.0180348 0.0891399 8.15468e-05 9.37692e-05 -0.000170276 8.15468e-05 0.00992274 -0.0180609 8.56118e-05 9.37692e-05 -0.0180609 0.088944 
0.00976587 -0.0180385 -0.000187535 0.000117411 -0.0180385 0.0891408 0.000116317 3.13771e-05 -0.000187535 0.000116317 0.00996373 -0.0181038 0.000117411 3.13771e-05 -0.0181038 0.0890183 
0.00977346 -0.0180894 -0.000179058 0.000140484 -0.0180894 0.0894882 0.00014358 -4.27873e-05 -0.000179058 0.00014358 0.0100217 -0.0182365 0.000140484 -4.27873e-05 -0.0182365 0.0895242 
0.0097849 -0.0180937 -0.000165698 0.000129348 -0.0180937 0.089647 0.000137331 -6.16374e-05 -0.000165698 0.000137331 0.0100389 -0.018317 0.000129348 -6.16374e-05 -0.018317 0.0898915 
0.00978892 -0.0180809 -0.000175989 0.000113992 -0.0180809 0.0896342 0.00012206 -4.19074e-05 -0.000175989 0.00012206 0.0100334 -0.0183331 0.000113992 -4.19074e-05 -0.0183331 0.0900409 
0.00981937 -0.0181356 -0.00017686 0.000125795 -0.0181356 0.0898921 0.000127491 -4.09363e-05 -0.00017686 0.000127491 0.0100526 -0.018373 0.000125795 -4.09363e-05 -0.018373 0.0903309 
0.00942322 -0.0173679 -0.000153233 0.000122557 -0.0173679 0.086078 0.000120898 -4.40163e-05 -0.000153233 0.000120898 0.00959644 -0.017568 0.000122557 -4.40163e-05 -0.017568 0.0864456 
0.00943335 -0.0173687 -0.000157347 0.000107096 -0.0173687 0.0860076 0.000102655 -2.29569e-05 -0.000157347 0.000102655 0.00956631 -0.0175084 0.000107096 -2.29569e-05 -0.0175084 0.0862606 
0.00947978 -0.0174819 -0.00015639 0.000112892 -0.0174819 0.0864877 0.000107227 -1.85896e-05 -0.00015639 0.000107227 0.00960213 -0.0175605 0.000112892 -1.85896e-05 -0.0175605 0.0865778 
0.0094167 -0.0174174 -0.00017563 0.000107263 -0.0174174 0.0861863 0.000101732 -7.28649e-06 -0.00017563 0.000101732 0.00959472 -0.0174708 0.000107263 -7.28649e-06 -0.0174708 0.0861504 
0.0098282 -0.0181398 -0.000190042 0.000131666 -0.0181398 0.089893 0.000129988 -3.11055e-05 -0.000190042 0.000129988 0.0100315 -0.018272 0.000131666 -3.11055e-05 -0.018272 0.0899282 
0.00982905 -0.0181196 -0.000192724 0.000142269 -0.0181196 0.0897682 0.00014373 -7.02754e-05 -0.000192724 0.00014373 0.010022 -0.0182825 0.000142269 -7.02754e-05 -0.0182825 0.0899115 
0.00981591 -0.0180994 -0.000200559 0.000146427 -0.0180994 0.0896188 0.000149521 -9.44859e-05 -0.000200559 0.000149521 0.00999826 -0.0182591 0.000146427 -9.44859e-05 -0.0182591 0.08981 
0.00980861 -0.0180761 -0.000182686 0.000153661 -0.0180761 0.0894945 0.000158137 -0.000112849 -0.000182686 0.000158137 0.00996008 -0.018228 0.000153661 -0.000112849 -0.018228 0.0896922 
0.0097992 -0.0180913 -0.00017825 0.000136794 -0.0180913 0.0895418 0.000145489 -0.000106781 -0.00017825 0.000145489 0.00995406 -0.0182022 0.000136794 -0.000106781 -0.0182022 0.0896702 
0.00977638 -0.0180302 -0.00017108 0.000125562 -0.0180302 0.089293 0.000136142 -7.9698e-05 -0.00017108 0.000136142 0.00992725 -0.0181367 0.000125562 -7.9698e-05 -0.0181367 0.0893693 
0.00976938 -0.018005 -0.000148126 0.000121434 -0.018005 0.0891444 0.000129497 -6.58953e-05 -0.000148126 0.000129497 0.00992031 -0.0181051 0.000121434 -6.58953e-05 -0.0181051 0.0891958 
0.00973862 -0.0179828 -0.000161952 0.00010109 -0.0179828 0.0889922 9.86834e-05 -2.64821e-05 -0.000161952 9.86834e-05 0.00992341 -0.0180813 0.00010109 -2.64821e-05 -0.0180813 0.0890289 
0.00970852 -0.0179238 -0.00015375 0.000120593 -0.0179238 0.0887502 0.000112754 -3.19027e-05 -0.00015375 0.000112754 0.00991592 -0.0180627 0.000120593 -3.19027e-05 -0.0180627 0.0888453 
0.00972222 -0.0179494 -0.000143945 0.000111595 -0.0179494 0.0889021 0.000103667 -2.98047e-05 -0.000143945 0.000103667 0.00993333 -0.0181334 0.000111595 -2.98047e-05 -0.0181334 0.0891175 
0.00973773 -0.0179364 -0.000128789 9.04711e-05 -0.0179364 0.0888504 8.63231e-05 1.29017e-05 -0.000128789 8.63231e-05 0.00989927 -0.0181269 9.04711e-05 1.29017e-05 -0.0181269 0.0891303 
0.00969882 -0.0178453 -0.000126016 7.00432e-05 -0.0178453 0.0883191 6.66976e-05 6.41282e-05 -0.000126016 6.66976e-05 0.00981637 -0.0179789 7.00432e-05 6.41282e-05 -0.0179789 0.0885361 
0.00970544 -0.017884 -0.000132942 6.8049e-05 -0.017884 0.0884324 6.67953e-05 8.4728e-05 -0.000132942 6.67953e-05 0.00981806 -0.0179631 6.8049e-05 8.4728e-05 -0.0179631 0.088524 
0.00969842 -0.0179329 -0.000149275 7.50798e-05 -0.0179329 0.0886784 7.82328e-05 7.55328e-05 -0.000149275 7.82328e-05 0.00986215 -0.01799 7.50798e-05 7.55328e-05 -0.01799 0.0886593 
0.00970469 -0.0179455 -0.000171888 9.2157e-05 -0.0179455 0.0888855 9.41121e-05 4.68422e-05 -0.000171888 9.41121e-05 0.00990641 -0.0180702 9.2157e-05 4.68422e-05 -0.0180702 0.088934 
0.00967171 -0.0178601 -0.000182711 0.00012443 -0.0178601 0.0885407 0.000121701 -1.74666e-05 -0.000182711 0.000121701 0.0098957 -0.0180456 0.00012443 -1.74666e-05 -0.0180456 0.0887503 
0.00968441 -0.0178769 -0.000189757 0.000147455 -0.0178769 0.088617 0.000136498 -8.09777e-05 -0.000189757 0.000136498 0.00991368 -0.018098 0.000147455 -8.09777e-05 -0.018098 0.088959 
0.0096972 -0.0178849 -0.00019566 0.000161989 -0.0178849 0.0886439 0.000143339 -0.00012423 -0.00019566 0.000143339 0.00991509 -0.0181144 0.000161989 -0.00012423 -0.0181144 0.089047 
0.0097108 -0.0179079 -0.00020226 0.000174659 -0.0179079 0.0887037 0.000154754 -0.000164842 -0.00020226 0.000154754 0.00991303 -0.0181086 0.000174659 -0.000164842 -0.0181086 0.0890611 
0.00969565 -0.0179127 -0.000210646 0.000184466 -0.0179127 0.088684 0.000169499 -0.000204843 -0.000210646 0.000169499 0.00992233 -0.01808 0.000184466 -0.000204843 -0.01808 0.088944 
0.00971383 -0.0179408 -0.0002072 0.000181786 -0.0179408 0.0888659 0.000173836 -0.000211208 -0.0002072 0.000173836 0.00993928 -0.0181292 0.000181786 -0.000211208 -0.0181292 0.0890991 
0.00976146 -0.0179879 -0.000185041 0.000167905 -0.0179879 0.0890934 0.000169657 -0.000193377 -0.000185041 0.000169657 0.0099164 -0.0181696 0.000167905 -0.000193377 -0.0181696 0.089308 
0.00978549 -0.0180664 -0.000171562 0.000131816 -0.0180664 0.0893928 0.000141953 -0.000126337 -0.000171562 0.000141953 0.00991841 -0.0181631 0.000131816 -0.000126337 -0.0181631 0.0894681 
0.0097954 -0.0180729 -0.000176942 0.000113356 -0.0180729 0.0894909 0.000126856 -6.9053e-05 -0.000176942 0.000126856 0.00990161 -0.0181558 0.000113356 -6.9053e-05 -0.0181558 0.0894866 
0.00984222 -0.0181394 -0.000140773 0.00011972 -0.0181394 0.0898287 0.000133435 -5.46738e-05 -0.000140773 0.000133435 0.00990568 -0.0181907 0.00011972 -5.46738e-05 -0.0181907 0.0897544 
0.00980689 -0.018068 -0.000130815 8.73238e-05 -0.018068 0.0894391 9.65567e-05 -1.64344e-05 -0.000130815 9.65567e-05 0.00985036 -0.0180586 8.73238e-05 -1.64344e-05 -0.0180586 0.0892371 
0.00975464 -0.0179656 -0.000125615 7.80584e-05 -0.0179656 0.0889115 8.6441e-05 1.71986e-05 -0.000125615 8.6441e-05 0.00980075 -0.0179335 7.80584e-05 1.71986e-05 -0.0179335 0.0886201 
0.00974932 -0.0179327 -0.000101603 7.9015e-05 -0.0179327 0.0887144 8.27094e-05 2.27741e-05 -0.000101603 8.27094e-05 0.00977882 -0.0178976 7.9015e-05 2.27741e-05 -0.0178976 0.0883813 
0.00971454 -0.0179409 -0.000107507 5.41798e-05 -0.0179409 0.0886834 5.1332e-05 6.49348e-05 -0.000107507 5.1332e-05 0.00980036 -0.0178882 5.41798e-05 6.49348e-05 -0.0178882 0.0883136 
0.00969845 -0.0179229 -0.000123545 5.72468e-05 -0.0179229 0.0887332 5.19216e-05 8.96564e-05 -0.000123545 5.19216e-05 0.00983107 -0.0179548 5.72468e-05 8.96564e-05 -0.0179548 0.0884992 
0.00965289 -0.017847 -0.000151406 8.06622e-05 -0.017847 0.0884342 7.56802e-05 5.32199e-05 -0.000151406 7.56802e-05 0.00983664 -0.0179359 8.06622e-05 5.32199e-05 -0.0179359 0.0883643 
0.00966516 -0.0178618 -0.000160287 0.000114624 -0.0178618 0.0885651 0.000111302 -1.71055e-05 -0.000160287 0.000111302 0.00987109 -0.0180169 0.000114624 -1.71055e-05 -0.0180169 0.0886692 
0.00966634 -0.0178622 -0.000161513 0.000124228 -0.0178622 0.0885864 0.000124771 -6.75382e-05 -0.000161513 0.000124771 0.00987224 -0.0180531 0.000124228 -6.75382e-05 -0.0180531 0.08883 
0.00961825 -0.0177968 -0.000153453 0.000120008 -0.0177968 0.0882861 0.000127655 -8.29145e-05 -0.000153453 0.000127655 0.00984354 -0.0179969 0.000120008 -8.29145e-05 -0.0179969 0.0886094 
0.00962242 -0.0177514 -0.00012509 0.000109173 -0.0177514 0.0881255 0.000123697 -7.86312e-05 -0.00012509 0.000123697 0.00979896 -0.0179713 0.000109173 -7.86312e-05 -0.0179713 0.0885032 
0.00960488 -0.0176851 -0.000128618 7.94587e-05 -0.0176851 0.0877373 9.86482e-05 -4.22201e-05 -0.000128618 9.86482e-05 0.00974041 -0.0178689 7.94587e-05 -4.22201e-05 -0.0178689 0.088117 
0.00964333 -0.01772 -0.000116252 8.43461e-05 -0.01772 0.0878012 0.000101312 -2.83081e-05 -0.000116252 0.000101312 0.00971314 -0.017843 8.43461e-05 -2.83081e-05 -0.017843 0.0880648 
0.0096368 -0.0177353 -0.000122325 7.39686e-05 -0.0177353 0.0877348 8.09963e-05 -5.90631e-06 -0.000122325 8.09963e-05 0.00969253 -0.0177687 7.39686e-05 -5.90631e-06 -0.0177687 0.087799 
0.00960535 -0.0177157 -0.000139011 9.32386e-05 -0.0177157 0.0876078 8.77932e-05 -2.33708e-05 -0.000139011 8.77932e-05 0.00968916 -0.0177104 9.32386e-05 -2.33708e-05 -0.0177104 0.0874956 
0.00956928 -0.0176792 -0.000146033 0.000114026 -0.0176792 0.0874825 0.000101018 -5.63224e-05 -0.000146033 0.000101018 0.00968442 -0.0177019 0.000114026 -5.63224e-05 -0.0177019 0.0873393 
0.00957363 -0.0177035 -0.000125799 0.00012674 -0.0177035 0.0876917 0.000113597 -9.63493e-05 -0.000125799 0.000113597 0.00970274 -0.0177712 0.00012674 -9.63493e-05 -0.0177712 0.0876247 
0.0095543 -0.017653 -0.000115526 0.00010519 -0.017653 0.087533 9.64703e-05 -9.05301e-05 -0.000115526 9.64703e-05 0.00969443 -0.0177519 0.00010519 -9.05301e-05 -0.0177519 0.0875693 
0.00955194 -0.0176142 -0.000103444 8.45862e-05 -0.0176142 0.0873664 8.03911e-05 -4.64677e-05 -0.000103444 8.03911e-05 0.00968247 -0.0177388 8.45862e-05 -4.64677e-05 -0.0177388 0.0874996 
0.00952401 -0.0175067 -8.45466e-05 6.82974e-05 -0.0175067 0.0867781 6.53427e-05 -4.52855e-06 -8.45466e-05 6.53427e-05 0.00961951 -0.0176248 6.82974e-05 -4.52855e-06 -0.0176248 0.0869467 
0.00956938 -0.0176048 -7.54357e-05 4.57198e-05 -0.0176048 0.0870981 3.75498e-05 5.54684e-05 -7.54357e-05 3.75498e-05 0.00963472 -0.017669 4.57198e-05 5.54684e-05 -0.017669 0.0871766 
0.0095851 -0.0176843 -9.94301e-05 3.09423e-05 -0.0176843 0.087424 2.14714e-05 0.000111662 -9.94301e-05 2.14714e-05 0.00965836 -0.0176934 3.09423e-05 0.000111662 -0.0176934 0.0873485 
0.00959479 -0.0177339 -0.000141817 5.64513e-05 -0.0177339 0.0877476 5.6093e-05 8.47316e-05 -0.000141817 5.6093e-05 0.00970446 -0.0177547 5.64513e-05 8.47316e-05 -0.0177547 0.0876248 
0.00959034 -0.0177071 -0.000146428 0.000102265 -0.0177071 0.0877184 0.000109158 -7.16142e-06 -0.000146428 0.000109158 0.00970354 -0.0177727 0.000102265 -7.16142e-06 -0.0177727 0.0876551 
0.00962614 -0.0177221 -0.00014159 0.000108583 -0.0177221 0.0878193 0.000117213 -6.13527e-05 -0.00014159 0.000117213 0.00969649 -0.0178123 0.000108583 -6.13527e-05 -0.0178123 0.0878524 
0.00965605 -0.0177906 -0.00013385 9.2119e-05 -0.0177906 0.0880459 0.000101988 -3.78317e-05 -0.00013385 0.000101988 0.00969703 -0.0178098 9.2119e-05 -3.78317e-05 -0.0178098 0.0879793 
0.00969276 -0.0178845 -0.000132974 8.35522e-05 -0.0178845 0.0885052 9.03268e-05 -5.3777e-06 -0.000132974 9.03268e-05 0.00973398 -0.0178708 8.35522e-05 -5.3777e-06 -0.0178708 0.0883331 
0.00965818 -0.0178503 -0.000130346 9.17814e-05 -0.0178503 0.0883901 9.11604e-05 -7.97784e-06 -0.000130346 9.11604e-05 0.00974259 -0.0178304 9.17814e-05 -7.97784e-06 -0.0178304 0.0881579 
0.00964114 -0.0177922 -0.000148074 0.000100207 -0.0177922 0.0882052 8.85884e-05 -2.39195e-05 -0.000148074 8.85884e-05 0.00974694 -0.0178331 0.000100207 -2.39195e-05 -0.0178331 0.0880593 
0.00962872 -0.0177594 -0.000140341 0.000128947 -0.0177594 0.0880229 0.000108334 -7.22723e-05 -0.000140341 0.000108334 0.0097417 -0.0178206 0.000128947 -7.22723e-05 -0.0178206 0.08795 
0.00961496 -0.0177326 -0.000118793 0.000117848 -0.0177326 0.0878598 9.95882e-05 -8.13348e-05 -0.000118793 9.95882e-05 0.00972303 -0.0177987 0.000117848 -8.13348e-05 -0.0177987 0.0878115 
0.00959902 -0.0177051 -9.74523e-05 8.56772e-05 -0.0177051 0.0877002 7.83047e-05 -3.87869e-05 -9.74523e-05 7.83047e-05 0.00969511 -0.0177611 8.56772e-05 -3.87869e-05 -0.0177611 0.0876383 
0.00958234 -0.0177199 -0.000103424 5.2299e-05 -0.0177199 0.0877725 5.66718e-05 2.6418e-05 -0.000103424 5.66718e-05 0.00970214 -0.0177669 5.2299e-05 2.6418e-05 -0.0177669 0.0876949 
0.00957583 -0.0177351 -0.000111844 6.18115e-05 -0.0177351 0.0879546 6.79607e-05 3.48246e-05 -0.000111844 6.79607e-05 0.00972899 -0.017813 6.18115e-05 3.48246e-05 -0.017813 0.0879203 
0.0095259 -0.0176301 -0.000102746 8.15182e-05 -0.0176301 0.0875692 7.98693e-05 -1.92621e-06 -0.000102746 7.98693e-05 0.00971405 -0.0177686 8.15182e-05 -1.92621e-06 -0.0177686 0.0876794 
0.0095003 -0.0175459 -0.000113771 7.36449e-05 -0.0175459 0.087215 6.34337e-05 -7.80179e-07 -0.000113771 6.34337e-05 0.00968824 -0.0177497 7.36449e-05 -7.80179e-07 -0.0177497 0.0875225 
0.00948647 -0.0174867 -0.00012088 8.41635e-05 -0.0174867 0.086878 7.24555e-05 -5.68098e-06 -0.00012088 7.24555e-05 0.00965153 -0.0176957 8.41635e-05 -5.68098e-06 -0.0176957 0.0872863 
0.00951038 -0.0174674 -0.000123211 9.29867e-05 -0.0174674 0.0866941 8.69563e-05 -3.38213e-05 -0.000123211 8.69563e-05 0.00960536 -0.017651 9.29867e-05 -3.38213e-05 -0.017651 0.0870985 
0.00948012 -0.0175056 -0.000109764 9.66908e-05 -0.0175056 0.0866541 9.40673e-05 -5.67504e-05 -0.000109764 9.40673e-05 0.00960412 -0.0175627 9.66908e-05 -5.67504e-05 -0.0175627 0.0868026 
0.00948606 -0.017533 -9.10898e-05 7.89939e-05 -0.017533 0.0868593 7.69413e-05 -3.70703e-05 -9.10898e-05 7.69413e-05 0.00961382 -0.0175927 7.89939e-05 -3.70703e-05 -0.0175927 0.0868424 
0.00953308 -0.0175769 -7.74941e-05 5.21353e-05 -0.0175769 0.0871647 5.15136e-05 1.97631e-05 -7.74941e-05 5.15136e-05 0.00962499 -0.0176781 5.21353e-05 1.97631e-05 -0.0176781 0.0872104 
0.00955222 -0.0176302 -8.95018e-05 4.16107e-05 -0.0176302 0.0873834 4.17021e-05 5.33922e-05 -8.95018e-05 4.17021e-05 0.00964758 -0.0177022 4.16107e-05 5.33922e-05 -0.0177022 0.0874382 
0.00954669 -0.0175776 -9.43021e-05 5.46995e-05 -0.0175776 0.087156 5.7346e-05 4.20604e-05 -9.43021e-05 5.7346e-05 0.00962369 -0.0176588 5.46995e-05 4.20604e-05 -0.0176588 0.0872268 
0.00954352 -0.017629 -0.00010249 6.48355e-05 -0.017629 0.0873164 7.27987e-05 3.5521e-06 -0.00010249 7.27987e-05 0.0096543 -0.0176743 6.48355e-05 3.5521e-06 -0.0176743 0.0873322 
0.00950916 -0.0176128 -0.000116601 7.14667e-05 -0.0176128 0.0873136 8.41272e-05 -2.50334e-05 -0.000116601 8.41272e-05 0.00968332 -0.0176911 7.14667e-05 -2.50334e-05 -0.0176911 0.0873414 
0.0094788 -0.0175207 -0.000112884 8.63994e-05 -0.0175207 0.0870139 0.000100281 -5.84075e-05 -0.000112884 0.000100281 0.00966159 -0.0176943 8.63994e-05 -5.84075e-05 -0.0176943 0.0872262 
0.00945599 -0.0174777 -0.000112604 8.39456e-05 -0.0174777 0.0867898 9.68389e-05 -6.92797e-05 -0.000112604 9.68389e-05 0.00964145 -0.0176626 8.39456e-05 -6.92797e-05 -0.0176626 0.0871122 
0.00943733 -0.0173926 -0.000113804 8.00636e-05 -0.0173926 0.0863923 9.58482e-05 -6.4942e-05 -0.000113804 9.58482e-05 0.00958548 -0.0176008 8.00636e-05 -6.4942e-05 -0.0176008 0.0868096 
0.00939182 -0.0173128 -0.000113886 8.38834e-05 -0.0173128 0.0858958 9.92195e-05 -7.10365e-05 -0.000113886 9.92195e-05 0.00952103 -0.017474 8.38834e-05 -7.10365e-05 -0.017474 0.0862785 
0.00944254 -0.0174183 -8.82504e-05 8.98932e-05 -0.0174183 0.0863694 9.84263e-05 -8.3127e-05 -8.82504e-05 9.84263e-05 0.00954343 -0.017545 8.98932e-05 -8.3127e-05 -0.017545 0.086659 
0.00947623 -0.0174934 -6.93305e-05 6.67246e-05 -0.0174934 0.0867447 6.83763e-05 -5.31034e-05 -6.93305e-05 6.83763e-05 0.0095655 -0.0175842 6.67246e-05 -5.31034e-05 -0.0175842 0.0869413 
0.00945589 -0.0174744 -7.63827e-05 4.05662e-05 -0.0174744 0.0866839 3.92506e-05 1.1915e-05 -7.63827e-05 3.92506e-05 0.00955581 -0.017548 4.05662e-05 1.1915e-05 -0.017548 0.0868101 
0.00940297 -0.017377 -0.000105796 4.97004e-05 -0.017377 0.0862764 4.73491e-05 2.48031e-05 -0.000105796 4.73491e-05 0.00952489 -0.0174769 4.97004e-05 2.48031e-05 -0.0174769 0.0864347 
0.00939629 -0.017329 -0.000104381 8.49058e-05 -0.017329 0.0860599 8.03912e-05 -2.72384e-05 -0.000104381 8.03912e-05 0.00949878 -0.0174435 8.49058e-05 -2.72384e-05 -0.0174435 0.0862482 
0.00939446 -0.0173233 -0.000104275 9.02326e-05 -0.0173233 0.085959 8.32298e-05 -6.82595e-05 -0.000104275 8.32298e-05 0.00948122 -0.0174099 9.02326e-05 -6.82595e-05 -0.0174099 0.086109 
0.00980649 -0.0180459 -9.43357e-05 9.1377e-05 -0.0180459 0.0895037 8.78602e-05 -8.17878e-05 -9.43357e-05 8.78602e-05 0.00985174 -0.0181128 9.1377e-05 -8.17878e-05 -0.0181128 0.0895924 
0.00981669 -0.0181134 -0.000105171 6.84597e-05 -0.0181134 0.0897068 6.73987e-05 -4.64107e-05 -0.000105171 6.73987e-05 0.00986901 -0.0181064 6.84597e-05 -4.64107e-05 -0.0181064 0.08963 
0.00942538 -0.017421 -0.000104706 7.92412e-05 -0.017421 0.0863193 7.94127e-05 -5.14825e-05 -0.000104706 7.94127e-05 0.00949902 -0.0174205 7.92412e-05 -5.14825e-05 -0.0174205 0.0861776 
0.00944522 -0.0174144 -0.000102485 8.44296e-05 -0.0174144 0.0863818 8.51536e-05 -6.84075e-05 -0.000102485 8.51536e-05 0.00949871 -0.0174585 8.44296e-05 -6.84075e-05 -0.0174585 0.0863084 
0.00945394 -0.0174326 -0.000100099 7.91434e-05 -0.0174326 0.0864282 8.03699e-05 -6.3805e-05 -0.000100099 8.03699e-05 0.009506 -0.017464 7.91434e-05 -6.3805e-05 -0.017464 0.0863882 
0.00945071 -0.0174142 -9.73762e-05 7.79683e-05 -0.0174142 0.0863395 7.57772e-05 -5.7819e-05 -9.73762e-05 7.57772e-05 0.00949745 -0.0174542 7.79683e-05 -5.7819e-05 -0.0174542 0.0863303 
0.00946573 -0.0174853 -9.23976e-05 7.64862e-05 -0.0174853 0.08666 7.12943e-05 -4.91617e-05 -9.23976e-05 7.12943e-05 0.00954374 -0.0175125 7.64862e-05 -4.91617e-05 -0.0175125 0.0866363 
0.00948235 -0.0175172 -9.22708e-05 7.03599e-05 -0.0175172 0.086885 6.56168e-05 -3.74649e-05 -9.22708e-05 6.56168e-05 0.00957634 -0.017565 7.03599e-05 -3.74649e-05 -0.017565 0.0868588 
0.00950443 -0.0175467 -9.46742e-05 6.99932e-05 -0.0175467 0.0870652 6.63582e-05 -3.29603e-05 -9.46742e-05 6.63582e-05 0.00960541 -0.0176148 6.99932e-05 -3.29603e-05 -0.0176148 0.0870755 
0.00948246 -0.017476 -0.000109896 6.84857e-05 -0.017476 0.0867174 6.52086e-05 -2.45639e-05 -0.000109896 6.52086e-05 0.00957115 -0.0175604 6.84857e-05 -2.45639e-05 -0.0175604 0.0867791 
0.00945639 -0.0174503 -0.000111206 8.62225e-05 -0.0174503 0.0864988 8.24441e-05 -4.68966e-05 -0.000111206 8.24441e-05 0.00955016 -0.0174976 8.62225e-05 -4.68966e-05 -0.0174976 0.0864954 
0.00947456 -0.0175187 -0.000115856 9.56109e-05 -0.0175187 0.0868522 9.14044e-05 -8.20966e-05 -0.000115856 9.14044e-05 0.00959661 -0.0175774 9.56109e-05 -8.20966e-05 -0.0175774 0.0868366 
0.00946603 -0.0174986 -0.000121848 9.57828e-05 -0.0174986 0.0868388 9.31227e-05 -8.98109e-05 -0.000121848 9.31227e-05 0.00960885 -0.0176001 9.57828e-05 -8.98109e-05 -0.0176001 0.0869004 
0.00945582 -0.017449 -0.000124438 9.54892e-05 -0.017449 0.0866359 9.73604e-05 -8.70764e-05 -0.000124438 9.73604e-05 0.00959876 -0.01759 9.54892e-05 -8.70764e-05 -0.01759 0.0868146 
0.00946659 -0.0174747 -0.00012113 0.000100134 -0.0174747 0.0867102 0.000105933 -9.78438e-05 -0.00012113 0.000105933 0.00962107 -0.0176132 0.000100134 -9.78438e-05 -0.0176132 0.0869322 
0.0095128 -0.017506 -9.80062e-05 9.4587e-05 -0.017506 0.0868447 9.85413e-05 -9.01589e-05 -9.80062e-05 9.85413e-05 0.00962132 -0.0176501 9.4587e-05 -9.01589e-05 -0.0176501 0.0870762 
0.00953832 -0.0176044 -0.000107649 6.78158e-05 -0.0176044 0.0871865 6.9875e-05 -4.19455e-05 -0.000107649 6.9875e-05 0.00966249 -0.0176869 6.78158e-05 -4.19455e-05 -0.0176869 0.087323 
0.00951954 -0.0176142 -0.000126046 7.69382e-05 -0.0176142 0.0872786 7.99448e-05 -2.84865e-05 -0.000126046 7.99448e-05 0.00969246 -0.0177077 7.69382e-05 -2.84865e-05 -0.0177077 0.0873679 
0.00949186 -0.0175456 -0.00013234 9.78807e-05 -0.0175456 0.0870486 9.97329e-05 -5.91573e-05 -0.00013234 9.97329e-05 0.00966505 -0.0176961 9.78807e-05 -5.91573e-05 -0.0176961 0.0872152 
0.00947373 -0.0175288 -0.000152182 0.000106669 -0.0175288 0.0869879 0.000108267 -8.88716e-05 -0.000152182 0.000108267 0.0096796 -0.0176991 0.000106669 -8.88716e-05 -0.0176991 0.0872555 
0.00948742 -0.0174918 -0.000141036 0.000128423 -0.0174918 0.0868744 0.000127013 -0.000124132 -0.000141036 0.000127013 0.00966063 -0.0177154 0.000128423 -0.000124132 -0.0177154 0.087274 
0.00949988 -0.0175042 -0.000137278 0.00011883 -0.0175042 0.0868263 0.000114039 -0.000124582 -0.000137278 0.000114039 0.00964669 -0.0176865 0.00011883 -0.000124582 -0.0176865 0.0872187 
0.00951304 -0.0175737 -0.000136538 0.000113002 -0.0175737 0.0870797 0.0001072 -0.000106838 -0.000136538 0.0001072 0.00966862 -0.0177017 0.000113002 -0.000106838 -0.0177017 0.0873427 
0.00951828 -0.0176061 -0.000144848 0.000112625 -0.0176061 0.0872978 0.000106882 -0.000101379 -0.000144848 0.000106882 0.00969049 -0.0177403 0.000112625 -0.000101379 -0.0177403 0.087505 
0.0095397 -0.017643 -0.000147536 0.000120269 -0.017643 0.0875499 0.000114878 -0.000108514 -0.000147536 0.000114878 0.00972467 -0.0177957 0.000120269 -0.000108514 -0.0177957 0.0877689 
0.00955473 -0.0176777 -0.00016254 0.000124542 -0.0176777 0.0877583 0.000118016 -0.000120366 -0.00016254 0.000118016 0.00976424 -0.0178527 0.000124542 -0.000120366 -0.0178527 0.0880263 
0.00953666 -0.0176607 -0.000154593 0.00013886 -0.0176607 0.0877059 0.00013394 -0.000142961 -0.000154593 0.00013394 0.00978352 -0.0178581 0.00013886 -0.000142961 -0.0178581 0.0880183 
0.00957077 -0.0176705 -0.000127738 0.000125105 -0.0176705 0.0878242 0.000124883 -0.000134864 -0.000127738 0.000124883 0.00978766 -0.0179261 0.000125105 -0.000134864 -0.0179261 0.088259 
0.0095892 -0.0176331 -0.000104885 8.36019e-05 -0.0176331 0.0875654 9.10294e-05 -6.17654e-05 -0.000104885 9.10294e-05 0.0097331 -0.0178675 8.36019e-05 -6.17654e-05 -0.0178675 0.0880461 
0.00959988 -0.0176564 -9.93772e-05 5.4939e-05 -0.0176564 0.087481 6.60714e-05 1.43041e-05 -9.93772e-05 6.60714e-05 0.00969377 -0.01779 5.4939e-05 1.43041e-05 -0.01779 0.087797 
0.00960629 -0.017736 -0.00012124 5.15541e-05 -0.017736 0.0877684 6.31194e-05 4.59229e-05 -0.00012124 6.31194e-05 0.00971183 -0.0177858 5.15541e-05 4.59229e-05 -0.0177858 0.0878452 
0.00956256 -0.0177029 -0.000145741 7.97686e-05 -0.0177029 0.0876805 9.03106e-05 8.5504e-06 -0.000145741 9.03106e-05 0.00971516 -0.0177479 7.97686e-05 8.5504e-06 -0.0177479 0.0876281 
0.00953609 -0.0176607 -0.000160391 0.000107126 -0.0176607 0.0876251 0.000117788 -5.22135e-05 -0.000160391 0.000117788 0.00974918 -0.0177851 0.000107126 -5.22135e-05 -0.0177851 0.0876828 
0.00954735 -0.0176307 -0.000149158 0.000122984 -0.0176307 0.08757 0.000128953 -9.22085e-05 -0.000149158 0.000128953 0.00974426 -0.0178399 0.000122984 -9.22085e-05 -0.0178399 0.0878352 
0.00961754 -0.017727 -0.000114695 0.000114997 -0.017727 0.0879808 0.000110358 -8.43433e-05 -0.000114695 0.000110358 0.00974835 -0.0179205 0.000114997 -8.43433e-05 -0.0179205 0.0883172 
0.00965577 -0.0177996 -8.42372e-05 7.83583e-05 -0.0177996 0.0882399 7.10202e-05 -2.16429e-05 -8.42372e-05 7.10202e-05 0.00974433 -0.0179041 7.83583e-05 -2.16429e-05 -0.0179041 0.0884421 
