0.00680811 0 5.34373e-05 0 0 0.00974885 0 0 5.34373e-05 0 0.00695339 0 0 0 0 0.00974885 
0.00996244 -0.0123644 8.79372e-05 -0.000105964 -0.0123644 0.0329105 -0.000105964 0.000202367 8.79372e-05 -0.000105964 0.0100944 -0.0125301 -0.000105964 0.000202367 -0.0125301 0.0332291 
0.0102228 -0.0189833 5.30587e-05 -0.000107265 -0.0189833 0.0700398 -0.000107265 0.000328186 5.30587e-05 -0.000107265 0.0103178 -0.0191819 -0.000107265 0.000328186 -0.0191819 0.0706736 
0.00967239 -0.0186907 3.83774e-05 -7.05437e-05 -0.0186907 0.0838169 -5.94795e-05 0.000281213 3.83774e-05 -5.94795e-05 0.00973243 -0.0186625 -7.05437e-05 0.000281213 -0.0186625 0.0835358 
0.00943251 -0.017725 4.06121e-05 -8.44024e-05 -0.017725 0.0856344 -4.96557e-05 0.000341351 4.06121e-05 -4.96557e-05 0.00949483 -0.017611 -8.44024e-05 0.000341351 -0.017611 0.084518 
0.00973995 -0.0180185 4.00365e-05 -8.23191e-05 -0.0180185 0.0886958 -4.20977e-05 0.000327502 4.00365e-05 -4.20977e-05 0.00983295 -0.017949 -8.23191e-05 0.000327502 -0.017949 0.0875547 
0.00947488 -0.0174181 5.5061e-05 -6.45826e-05 -0.0174181 0.086031 -4.05212e-05 0.000257113 5.5061e-05 -4.05212e-05 0.00956073 -0.0174239 -6.45826e-05 0.000257113 -0.0174239 0.0852698 
0.00972575 -0.0178829 8.28864e-05 -7.23213e-05 -0.0178829 0.0883017 -6.62112e-05 0.000240388 8.28864e-05 -6.62112e-05 0.00981309 -0.0178782 -7.23213e-05 0.000240388 -0.0178782 0.0877153 
0.00955146 -0.0174804 8.58796e-05 -9.28892e-05 -0.0174804 0.0863438 -9.92311e-05 0.000266572 8.58796e-05 -9.92311e-05 0.0095648 -0.0174733 -9.28892e-05 0.000266572 -0.0174733 0.0858418 
0.00989472 -0.0181045 5.92996e-05 -9.72373e-05 -0.0181045 0.0892215 -0.00010849 0.000292788 5.92996e-05 -0.00010849 0.00985738 -0.0179789 -9.72373e-05 0.000292788 -0.0179789 0.0885088 
0.00979798 -0.0179759 5.27335e-05 -6.35347e-05 -0.0179759 0.0884539 -7.35453e-05 0.000245228 5.27335e-05 -7.35453e-05 0.00975387 -0.017759 -6.35347e-05 0.000245228 -0.017759 0.0874548 
0.00972629 -0.0178848 7.84903e-05 -5.7472e-05 -0.0178848 0.0880444 -6.05342e-05 0.000201517 7.84903e-05 -6.05342e-05 0.00969691 -0.0176644 -5.7472e-05 0.000201517 -0.0176644 0.0869199 
0.00966331 -0.0177534 8.01034e-05 -9.23343e-05 -0.0177534 0.0875022 -8.93907e-05 0.000237125 8.01034e-05 -8.93907e-05 0.00964506 -0.0175713 -9.23343e-05 0.000237125 -0.0175713 0.0864294 
0.00966379 -0.0177204 4.82155e-05 -9.90891e-05 -0.0177204 0.0873561 -9.27219e-05 0.000271945 4.82155e-05 -9.27219e-05 0.00962192 -0.0175676 -9.90891e-05 0.000271945 -0.0175676 0.0863797 
0.00965209 -0.017717 2.39069e-05 -6.19169e-05 -0.017717 0.0872574 -5.53408e-05 0.000226291 2.39069e-05 -5.53408e-05 0.009606 -0.0175278 -6.19169e-05 0.000226291 -0.0175278 0.0862583 
0.00963712 -0.017748 4.41758e-05 -2.91511e-05 -0.017748 0.0874077 -2.51178e-05 0.000148461 4.41758e-05 -2.51178e-05 0.00964411 -0.0175511 -2.91511e-05 0.000148461 -0.0175511 0.086376 
0.00960292 -0.0176722 5.0308e-05 -4.53838e-05 -0.0176722 0.0871697 -4.74528e-05 0.00013864 5.0308e-05 -4.74528e-05 0.00964041 -0.0175506 -4.53838e-05 0.00013864 -0.0175506 0.0862608 
0.00958714 -0.0176577 4.18014e-05 -4.7087e-05 -0.0176577 0.087138 -5.48042e-05 0.000148401 4.18014e-05 -5.48042e-05 0.00964395 -0.0175867 -4.7087e-05 0.000148401 -0.0175867 0.0863917 
0.00956474 -0.0175791 1.31384e-05 -3.72729e-05 -0.0175791 0.0868107 -4.79501e-05 0.000141678 1.31384e-05 -4.79501e-05 0.00959454 -0.0175366 -3.72729e-05 0.000141678 -0.0175366 0.0861803 
0.00958356 -0.0175902 -2.60293e-05 -1.26824e-05 -0.0175902 0.0868131 -2.51173e-05 0.000112559 -2.60293e-05 -2.51173e-05 0.0095586 -0.0175158 -1.26824e-05 0.000112559 -0.0175158 0.0861773 
0.00999544 -0.0183791 -2.76246e-05 3.34973e-05 -0.0183791 0.0906222 2.25104e-05 2.84341e-05 -2.76246e-05 2.25104e-05 0.00995491 -0.0182179 3.34973e-05 2.84341e-05 -0.0182179 0.089798 
0.0099463 -0.0182994 -7.12885e-06 2.59985e-05 -0.0182994 0.0902546 2.4212e-05 -4.12004e-06 -7.12885e-06 2.4212e-05 0.00991543 -0.0181113 2.59985e-05 -4.12004e-06 -0.0181113 0.0893091 
0.00986044 -0.0181664 1.18853e-06 -4.33743e-06 -0.0181664 0.0896265 3.90503e-07 3.74652e-05 1.18853e-06 3.90503e-07 0.00988648 -0.0179896 -4.33743e-06 3.74652e-05 -0.0179896 0.0886627 
0.00985454 -0.018187 1.98643e-05 -1.19296e-05 -0.018187 0.0898242 -6.78482e-06 7.06854e-05 1.98643e-05 -6.78482e-06 0.00995623 -0.0181109 -1.19296e-05 7.06854e-05 -0.0181109 0.0890535 
0.00989061 -0.0182219 3.19749e-05 -3.20886e-05 -0.0182219 0.0901216 -2.67742e-05 0.000108019 3.19749e-05 -2.67742e-05 0.00999103 -0.0182514 -3.20886e-05 0.000108019 -0.0182514 0.0896272 
0.00987962 -0.0182003 5.55571e-05 -4.11338e-05 -0.0182003 0.0900109 -3.67462e-05 0.000131922 5.55571e-05 -3.67462e-05 0.00997713 -0.0182353 -4.11338e-05 0.000131922 -0.0182353 0.0896577 
0.00986871 -0.0181787 5.11224e-05 -6.51982e-05 -0.0181787 0.0899111 -6.25713e-05 0.00017078 5.11224e-05 -6.25713e-05 0.00998007 -0.0182074 -6.51982e-05 0.00017078 -0.0182074 0.0895873 
0.00986888 -0.0182087 5.83959e-05 -6.62597e-05 -0.0182087 0.090074 -6.46717e-05 0.00020087 5.83959e-05 -6.46717e-05 0.0100283 -0.0182613 -6.62597e-05 0.00020087 -0.0182613 0.0898017 
0.00945482 -0.0174224 6.05361e-05 -6.548e-05 -0.0174224 0.08627 -6.35234e-05 0.000195166 6.05361e-05 -6.35234e-05 0.00961436 -0.0175417 -6.548e-05 0.000195166 -0.0175417 0.0861563 
0.00947459 -0.0174285 6.63894e-05 -7.57826e-05 -0.0174285 0.0862939 -7.28903e-05 0.000216749 6.63894e-05 -7.28903e-05 0.0096069 -0.0175591 -7.57826e-05 0.000216749 -0.0175591 0.0862734 
0.00950914 -0.0174667 4.5757e-05 -7.92855e-05 -0.0174667 0.0864026 -7.61718e-05 0.000225355 4.5757e-05 -7.61718e-05 0.00959063 -0.0175507 -7.92855e-05 0.000225355 -0.0175507 0.0863233 
0.00951887 -0.0175165 4.42632e-05 -5.31487e-05 -0.0175165 0.0865667 -4.8012e-05 0.000184538 4.42632e-05 -4.8012e-05 0.00959593 -0.0175397 -5.31487e-05 0.000184538 -0.0175397 0.0863566 
0.00993533 -0.0182585 4.43945e-05 -4.91881e-05 -0.0182585 0.0902556 -4.68332e-05 0.000157472 4.43945e-05 -4.68332e-05 0.0100082 -0.018264 -4.91881e-05 0.000157472 -0.018264 0.0899278 
0.00991451 -0.0181858 4.93312e-05 -5.30631e-05 -0.0181858 0.0898366 -5.27045e-05 0.000163209 4.93312e-05 -5.27045e-05 0.00995874 -0.018176 -5.30631e-05 0.000163209 -0.018176 0.089443 
0.00988553 -0.0181602 4.53687e-05 -6.37205e-05 -0.0181602 0.0895903 -6.16868e-05 0.000187073 4.53687e-05 -6.16868e-05 0.00992935 -0.0181094 -6.37205e-05 0.000187073 -0.0181094 0.0890997 
0.00989414 -0.0182117 4.54798e-05 -6.46809e-05 -0.0182117 0.0898219 -5.95029e-05 0.000205914 4.54798e-05 -5.95029e-05 0.00994167 -0.0181423 -6.46809e-05 0.000205914 -0.0181423 0.0892316 
0.00985837 -0.0181612 5.16426e-05 -6.82095e-05 -0.0181612 0.0896384 -6.29066e-05 0.000222723 5.16426e-05 -6.29066e-05 0.00992227 -0.0181012 -6.82095e-05 0.000222723 -0.0181012 0.0890307 
0.00987216 -0.0181657 3.75646e-05 -7.52918e-05 -0.0181657 0.0897461 -6.96348e-05 0.000239453 3.75646e-05 -6.96348e-05 0.00993967 -0.0181524 -7.52918e-05 0.000239453 -0.0181524 0.0892424 
0.00987767 -0.0181708 2.68088e-05 -5.43867e-05 -0.0181708 0.0897678 -4.93168e-05 0.000212784 2.68088e-05 -4.93168e-05 0.00994559 -0.0181665 -5.43867e-05 0.000212784 -0.0181665 0.089336 
0.00987659 -0.0181792 2.65056e-05 -3.66631e-05 -0.0181792 0.0898082 -3.49185e-05 0.000167389 2.65056e-05 -3.49185e-05 0.00995727 -0.0181818 -3.66631e-05 0.000167389 -0.0181818 0.0894193 
0.00993169 -0.0182677 1.47791e-05 -3.2189e-05 -0.0182677 0.0902662 -3.38905e-05 0.00014154 1.47791e-05 -3.38905e-05 0.0099784 -0.01828 -3.2189e-05 0.00014154 -0.01828 0.0899003 
0.00953696 -0.0175451 1.32026e-05 -1.39617e-05 -0.0175451 0.0866792 -2.01614e-05 0.000102932 1.32026e-05 -2.01614e-05 0.00956165 -0.0175188 -1.39617e-05 0.000102932 -0.0175188 0.0862847 
0.00953884 -0.0175612 1.6361e-05 -9.31581e-06 -0.0175612 0.0867615 -2.10505e-05 8.41476e-05 1.6361e-05 -2.10505e-05 0.00958656 -0.017504 -9.31581e-06 8.41476e-05 -0.017504 0.0862867 
0.00953131 -0.0175719 2.76604e-05 -2.13992e-05 -0.0175719 0.0868387 -3.33618e-05 0.000108905 2.76604e-05 -3.33618e-05 0.00962387 -0.0175295 -2.13992e-05 0.000108905 -0.0175295 0.0863336 
0.00949214 -0.0174884 3.05258e-05 -3.95612e-05 -0.0174884 0.0864899 -4.5391e-05 0.000146146 3.05258e-05 -4.5391e-05 0.00963127 -0.0175011 -3.95612e-05 0.000146146 -0.0175011 0.0860684 
0.00991994 -0.0182499 6.37117e-06 -4.74445e-05 -0.0182499 0.0902816 -4.68905e-05 0.000174523 6.37117e-06 -4.68905e-05 0.010091 -0.0183474 -4.74445e-05 0.000174523 -0.0183474 0.0900449 
0.00996382 -0.0182578 -9.08143e-06 -1.81077e-05 -0.0182578 0.0902802 -1.47988e-05 0.000135925 -9.08143e-06 -1.47988e-05 0.0100711 -0.0183977 -1.81077e-05 0.000135925 -0.0183977 0.0902071 
0.0099976 -0.0183037 -2.11022e-05 3.2474e-06 -0.0183037 0.0903143 1.2208e-05 6.9404e-05 -2.11022e-05 1.2208e-05 0.0100357 -0.0183599 3.2474e-06 6.9404e-05 -0.0183599 0.0901672 
0.0100368 -0.0183884 -6.72971e-06 3.55191e-06 -0.0183884 0.0905748 2.14753e-05 4.79588e-05 -6.72971e-06 2.14753e-05 0.0100225 -0.0183289 3.55191e-06 4.79588e-05 -0.0183289 0.0901527 
0.00962911 -0.0176907 2.05159e-05 -1.63523e-05 -0.0176907 0.0870709 3.70197e-06 7.1147e-05 2.05159e-05 3.70197e-06 0.00961445 -0.0175569 -1.63523e-05 7.1147e-05 -0.0175569 0.0864136 
0.00963137 -0.0177296 3.34226e-05 -4.49883e-05 -0.0177296 0.0873253 -3.20123e-05 0.000138205 3.34226e-05 -3.20123e-05 0.00963914 -0.017583 -4.49883e-05 0.000138205 -0.017583 0.086532 
0.00961109 -0.0176979 3.95737e-05 -5.55584e-05 -0.0176979 0.0872733 -5.14274e-05 0.000190265 3.95737e-05 -5.14274e-05 0.00962783 -0.0175763 -5.55584e-05 0.000190265 -0.0175763 0.0864676 
0.0095488 -0.0175759 4.25436e-05 -5.95053e-05 -0.0175759 0.0867489 -5.97807e-05 0.0002159 4.25436e-05 -5.97807e-05 0.0095868 -0.0174805 -5.95053e-05 0.0002159 -0.0174805 0.0860074 
0.00995057 -0.0183207 5.31435e-05 -7.13656e-05 -0.0183207 0.0904637 -6.82223e-05 0.000250329 5.31435e-05 -6.82223e-05 0.0100047 -0.0182576 -7.13656e-05 0.000250329 -0.0182576 0.0897842 
0.00991761 -0.0182816 6.71817e-05 -7.91443e-05 -0.0182816 0.0903129 -6.95049e-05 0.000257678 6.71817e-05 -6.95049e-05 0.010008 -0.0182477 -7.91443e-05 0.000257678 -0.0182477 0.0897392 
0.00949189 -0.0174914 7.59911e-05 -8.96871e-05 -0.0174914 0.0864873 -8.34827e-05 0.000272309 7.59911e-05 -8.34827e-05 0.00959193 -0.0175092 -8.96871e-05 0.000272309 -0.0175092 0.086068 
0.00952982 -0.0175226 6.05312e-05 -0.000101769 -0.0175226 0.086687 -0.000104469 0.000312153 6.05312e-05 -0.000104469 0.00959423 -0.0175741 -0.000101769 0.000312153 -0.0175741 0.0863991 
0.00957925 -0.0175711 1.40644e-05 -7.89922e-05 -0.0175711 0.0868742 -9.36089e-05 0.000304145 1.40644e-05 -9.36089e-05 0.00957511 -0.0175805 -7.89922e-05 0.000304145 -0.0175805 0.0865752 
0.00955096 -0.0175349 -2.6007e-05 -1.8941e-05 -0.0175349 0.0865796 -3.93309e-05 0.000204644 -2.6007e-05 -3.93309e-05 0.00953661 -0.0174538 -1.8941e-05 0.000204644 -0.0174538 0.0861193 
0.00997283 -0.018301 -2.73786e-05 3.19733e-05 -0.018301 0.0903464 1.21977e-05 8.03896e-05 -2.73786e-05 1.21977e-05 0.00993561 -0.0181952 3.19733e-05 8.03896e-05 -0.0181952 0.0897392 
0.00952568 -0.0175191 1.02949e-05 3.66444e-05 -0.0175191 0.0864522 2.30806e-05 6.18726e-07 1.02949e-05 2.30806e-05 0.00950121 -0.0173932 3.66444e-05 6.18726e-07 -0.0173932 0.0858009 
0.00988888 -0.0182416 5.27714e-05 -9.80854e-06 -0.0182416 0.0900728 -1.8361e-05 4.51507e-05 5.27714e-05 -1.8361e-05 0.00991717 -0.0181067 -9.80854e-06 4.51507e-05 -0.0181067 0.0893349 
0.00982651 -0.0181161 4.71342e-05 -7.34981e-05 -0.0181161 0.0895955 -7.68938e-05 0.00018071 4.71342e-05 -7.68938e-05 0.00989141 -0.0180481 -7.34981e-05 0.00018071 -0.0180481 0.0889455 
0.00978621 -0.0180387 2.65592e-05 -7.20831e-05 -0.0180387 0.0892513 -6.6668e-05 0.000232012 2.65592e-05 -6.6668e-05 0.00987467 -0.0180186 -7.20831e-05 0.000232012 -0.0180186 0.0887272 
0.00977307 -0.0179933 -4.40969e-06 -4.91869e-05 -0.0179933 0.0890633 -3.52162e-05 0.000196401 -4.40969e-06 -3.52162e-05 0.0098767 -0.0180282 -4.91869e-05 0.000196401 -0.0180282 0.0887079 
0.00977611 -0.0180143 -1.30237e-05 -1.37711e-05 -0.0180143 0.0891282 1.22263e-06 0.000123904 -1.30237e-05 1.22263e-06 0.0099015 -0.0180644 -1.37711e-05 0.000123904 -0.0180644 0.088866 
0.00975678 -0.0179951 -3.88788e-05 5.48887e-06 -0.0179951 0.0890551 1.57389e-05 5.88927e-05 -3.88788e-05 1.57389e-05 0.00992149 -0.0180794 5.48887e-06 5.88927e-05 -0.0180794 0.0888912 
0.00974614 -0.0179543 -3.83791e-05 4.03469e-05 -0.0179543 0.0889069 4.5708e-05 -1.4739e-05 -3.83791e-05 4.5708e-05 0.00989761 -0.0180917 4.03469e-05 -1.4739e-05 -0.0180917 0.0888719 
0.00977674 -0.017954 -4.10567e-05 4.23032e-05 -0.017954 0.0888867 4.24695e-05 -4.92002e-05 -4.10567e-05 4.24695e-05 0.00986578 -0.0180865 4.23032e-05 -4.92002e-05 -0.0180865 0.0889184 
0.00979263 -0.0179712 -2.56678e-05 4.44128e-05 -0.0179712 0.0888304 4.00623e-05 -5.30481e-05 -2.56678e-05 4.00623e-05 0.00982487 -0.0180199 4.44128e-05 -5.30481e-05 -0.0180199 0.0887442 
0.00976691 -0.017973 1.54546e-05 2.39601e-05 -0.017973 0.0887352 1.67385e-05 -1.51258e-05 1.54546e-05 1.67385e-05 0.00980927 -0.0179374 2.39601e-05 -1.51258e-05 -0.0179374 0.088435 
0.00971987 -0.0179324 2.76998e-05 -2.91269e-05 -0.0179324 0.0885545 -3.71463e-05 9.0755e-05 2.76998e-05 -3.71463e-05 0.00979507 -0.0178721 -2.91269e-05 9.0755e-05 -0.0178721 0.0880779 
0.00968395 -0.0178261 9.94459e-06 -4.54093e-05 -0.0178261 0.0881438 -5.36524e-05 0.000168491 9.94459e-06 -5.36524e-05 0.00974811 -0.0178202 -4.54093e-05 0.000168491 -0.0178202 0.0877094 
0.00966681 -0.0177894 1.14807e-05 -1.5786e-05 -0.0177894 0.0879197 -2.46347e-05 0.000137448 1.14807e-05 -2.46347e-05 0.00970984 -0.0177737 -1.5786e-05 0.000137448 -0.0177737 0.0875057 
0.009695 -0.0178424 3.78954e-05 -2.07293e-05 -0.0178424 0.0881478 -2.68284e-05 0.000122518 3.78954e-05 -2.68284e-05 0.00970727 -0.0177979 -2.07293e-05 0.000122518 -0.0177979 0.0876862 
0.00968256 -0.0178693 6.68808e-05 -5.093e-05 -0.0178693 0.0882761 -5.23867e-05 0.000157045 6.68808e-05 -5.23867e-05 0.00972831 -0.0177924 -5.093e-05 0.000157045 -0.0177924 0.0877457 
0.00966243 -0.0178366 6.91316e-05 -8.67172e-05 -0.0178366 0.0882323 -8.53821e-05 0.000227847 6.91316e-05 -8.53821e-05 0.00974295 -0.0178034 -8.67172e-05 0.000227847 -0.0178034 0.0877415 
0.00963271 -0.0177779 5.28665e-05 -9.23708e-05 -0.0177779 0.0880172 -8.8969e-05 0.000269611 5.28665e-05 -8.8969e-05 0.00972753 -0.0177994 -9.23708e-05 0.000269611 -0.0177994 0.0876592 
0.00963103 -0.0177535 2.16559e-05 -7.59057e-05 -0.0177535 0.0879245 -7.09925e-05 0.000257971 2.16559e-05 -7.09925e-05 0.00969147 -0.0177887 -7.59057e-05 0.000257971 -0.0177887 0.087643 
0.00963815 -0.0177357 -4.76821e-06 -3.32701e-05 -0.0177357 0.0878074 -3.10746e-05 0.000177366 -4.76821e-06 -3.10746e-05 0.00965758 -0.0177309 -3.32701e-05 0.000177366 -0.0177309 0.0874951 
0.00963807 -0.0177967 -2.20642e-05 -1.41886e-07 -0.0177967 0.088026 3.4821e-06 8.40513e-05 -2.20642e-05 3.4821e-06 0.00970699 -0.0177351 -1.41886e-07 8.40513e-05 -0.0177351 0.0875952 
0.00964946 -0.0178107 -1.43833e-05 1.8794e-05 -0.0178107 0.0881925 2.14199e-05 2.3288e-05 -1.43833e-05 2.14199e-05 0.00977449 -0.017807 1.8794e-05 2.3288e-05 -0.017807 0.0877938 
0.00970043 -0.0178506 -1.35347e-05 8.53775e-06 -0.0178506 0.0884373 1.52374e-05 1.37338e-05 -1.35347e-05 1.52374e-05 0.00981046 -0.0179411 8.53775e-06 1.37338e-05 -0.0179411 0.0882521 
0.00970774 -0.0178669 -2.09753e-05 1.4504e-05 -0.0178669 0.0884195 2.36146e-05 -7.85008e-06 -2.09753e-05 2.36146e-05 0.00979935 -0.0179441 1.4504e-05 -7.85008e-06 -0.0179441 0.0883205 
0.00973709 -0.0179217 -1.11492e-05 2.65387e-05 -0.0179217 0.088638 3.11876e-05 -3.31321e-05 -1.11492e-05 3.11876e-05 0.00978908 -0.0179544 2.65387e-05 -3.31321e-05 -0.0179544 0.0884569 
0.00971986 -0.0178945 1.13934e-05 2.03755e-05 -0.0178945 0.0884898 1.83852e-05 -3.37579e-05 1.13934e-05 1.83852e-05 0.00975348 -0.017883 2.03755e-05 -3.37579e-05 -0.017883 0.0882006 
0.00975963 -0.0179166 -1.35678e-05 -1.11289e-05 -0.0179166 0.0886019 -1.88436e-05 2.99725e-05 -1.35678e-05 -1.88436e-05 0.00973746 -0.0178836 -1.11289e-05 2.99725e-05 -0.0178836 0.0882354 
0.00976029 -0.0179317 -2.20204e-05 8.93366e-06 -0.0179317 0.0885449 1.75661e-06 4.44471e-05 -2.20204e-05 1.75661e-06 0.0097173 -0.0178148 8.93366e-06 4.44471e-05 -0.0178148 0.0880011 
0.00976192 -0.0179277 -2.38813e-05 1.60656e-05 -0.0179277 0.0884986 1.53046e-05 2.40595e-05 -2.38813e-05 1.53046e-05 0.00971279 -0.0177853 1.60656e-05 2.40595e-05 -0.0177853 0.0878296 
0.00977855 -0.0179719 -2.95211e-06 1.35001e-05 -0.0179719 0.0886684 1.74054e-05 2.01031e-05 -2.95211e-06 1.74054e-05 0.00975526 -0.0178171 1.35001e-05 2.01031e-05 -0.0178171 0.0879341 
0.00980317 -0.0180711 5.53972e-06 -8.51652e-06 -0.0180711 0.0891543 -3.62175e-06 5.11553e-05 5.53972e-06 -3.62175e-06 0.00982951 -0.0179435 -8.51652e-06 5.11553e-05 -0.0179435 0.0884295 
0.00980973 -0.0181249 1.18574e-05 -2.04063e-05 -0.0181249 0.0895372 -1.5353e-05 8.99648e-05 1.18574e-05 -1.5353e-05 0.00988576 -0.0180585 -2.04063e-05 8.99648e-05 -0.0180585 0.0889176 
0.00982295 -0.01813 1.00583e-05 -2.64671e-05 -0.01813 0.0897245 -2.21088e-05 0.000113577 1.00583e-05 -2.21088e-05 0.00991801 -0.0181352 -2.64671e-05 0.000113577 -0.0181352 0.0892756 
0.00981105 -0.0180461 2.85196e-05 -2.07329e-05 -0.0180461 0.0893751 -1.68738e-05 0.00010854 2.85196e-05 -1.68738e-05 0.00989541 -0.018097 -2.07329e-05 0.00010854 -0.018097 0.0890999 
0.00981484 -0.0180231 5.22582e-05 -4.3726e-05 -0.0180231 0.0891903 -4.04036e-05 0.000140272 5.22582e-05 -4.04036e-05 0.00987908 -0.0180839 -4.3726e-05 0.000140272 -0.0180839 0.0890266 
0.00988449 -0.0180744 3.08252e-05 -7.66928e-05 -0.0180744 0.0893361 -7.41883e-05 0.000216317 3.08252e-05 -7.41883e-05 0.00983463 -0.0180974 -7.66928e-05 0.000216317 -0.0180974 0.0891362 
0.00994922 -0.0182077 1.86529e-05 -5.31875e-05 -0.0182077 0.0897574 -5.01433e-05 0.000216346 1.86529e-05 -5.01433e-05 0.00982535 -0.0180782 -5.31875e-05 0.000216346 -0.0180782 0.0892815 
0.00993661 -0.0182269 1.3719e-06 -4.34326e-05 -0.0182269 0.0897365 -3.79981e-05 0.000193655 1.3719e-06 -3.79981e-05 0.00981563 -0.0179679 -4.34326e-05 0.000193655 -0.0179679 0.088875 
0.00994309 -0.018266 1.23057e-05 -2.09506e-05 -0.018266 0.0899541 -1.94059e-05 0.000155794 1.23057e-05 -1.94059e-05 0.00984358 -0.0180012 -2.09506e-05 0.000155794 -0.0180012 0.0889091 
0.00996786 -0.0183367 2.98045e-05 -2.89025e-05 -0.0183367 0.0903608 -3.61677e-05 0.000159622 2.98045e-05 -3.61677e-05 0.00990776 -0.0181037 -2.89025e-05 0.000159622 -0.0181037 0.0893183 
0.00998729 -0.0183553 2.65761e-05 -4.48027e-05 -0.0183553 0.0905361 -5.30945e-05 0.000185751 2.65761e-05 -5.30945e-05 0.00993512 -0.0181756 -4.48027e-05 0.000185751 -0.0181756 0.0895916 
0.00958064 -0.0175817 1.71707e-06 -4.31047e-05 -0.0175817 0.0867332 -4.26308e-05 0.00018327 1.71707e-06 -4.26308e-05 0.00949997 -0.0174279 -4.31047e-05 0.00018327 -0.0174279 0.0859099 
0.0100217 -0.018382 -6.4572e-07 -1.90513e-05 -0.018382 0.0906232 -1.23213e-05 0.000145116 -6.4572e-07 -1.23213e-05 0.00992702 -0.0181742 -1.90513e-05 0.000145116 -0.0181742 0.0897068 
0.00999621 -0.0184069 1.78409e-05 -1.05619e-05 -0.0184069 0.0906895 -6.6798e-06 0.000103684 1.78409e-05 -6.6798e-06 0.00998184 -0.018172 -1.05619e-05 0.000103684 -0.018172 0.0896787 
0.00996248 -0.0183744 4.90816e-05 -3.33133e-05 -0.0183744 0.0906695 -3.58412e-05 0.000136277 4.90816e-05 -3.58412e-05 0.0100262 -0.0182411 -3.33133e-05 0.000136277 -0.0182411 0.0897795 
0.00991699 -0.0182736 3.89812e-05 -6.28914e-05 -0.0182736 0.0903064 -7.0021e-05 0.000198351 3.89812e-05 -7.0021e-05 0.0100315 -0.0182503 -6.28914e-05 0.000198351 -0.0182503 0.0896801 
0.0098679 -0.0181538 3.37606e-05 -5.49068e-05 -0.0181538 0.0897418 -6.37571e-05 0.000221929 3.37606e-05 -6.37571e-05 0.00999266 -0.0181937 -5.49068e-05 0.000221929 -0.0181937 0.0893251 
0.00986082 -0.0181019 3.20077e-05 -4.84314e-05 -0.0181019 0.0894533 -5.85214e-05 0.000213025 3.20077e-05 -5.85214e-05 0.00995716 -0.0181741 -4.84314e-05 0.000213025 -0.0181741 0.0891892 
0.00987862 -0.0180905 1.08339e-05 -4.56477e-05 -0.0180905 0.0893133 -5.22468e-05 0.000199152 1.08339e-05 -5.22468e-05 0.00991715 -0.0181469 -4.56477e-05 0.000199152 -0.0181469 0.0891071 
0.00988891 -0.0181472 1.45852e-05 -2.33044e-05 -0.0181472 0.0894395 -2.18818e-05 0.000153801 1.45852e-05 -2.18818e-05 0.00990302 -0.0181175 -2.33044e-05 0.000153801 -0.0181175 0.0890941 
0.00990894 -0.018225 3.0399e-05 -2.6239e-05 -0.018225 0.0898232 -2.17895e-05 0.000129176 3.0399e-05 -2.17895e-05 0.00992503 -0.0181536 -2.6239e-05 0.000129176 -0.0181536 0.0893266 
0.00990732 -0.0182252 3.30569e-05 -4.3852e-05 -0.0182252 0.0899053 -4.15422e-05 0.000152492 3.30569e-05 -4.15422e-05 0.00991434 -0.0181509 -4.3852e-05 0.000152492 -0.0181509 0.0893408 
0.00990393 -0.0182096 1.46788e-05 -4.76894e-05 -0.0182096 0.0898645 -5.06269e-05 0.000179711 1.46788e-05 -5.06269e-05 0.00988326 -0.0181177 -4.76894e-05 0.000179711 -0.0181177 0.0892447 
0.0099256 -0.0182873 2.29179e-05 -2.57316e-05 -0.0182873 0.0902402 -3.15365e-05 0.000158877 2.29179e-05 -3.15365e-05 0.00991529 -0.0181524 -2.57316e-05 0.000158877 -0.0181524 0.0895178 
0.00991664 -0.0182793 2.82479e-05 -3.60806e-05 -0.0182793 0.0902676 -3.87055e-05 0.000154454 2.82479e-05 -3.87055e-05 0.0099293 -0.0181371 -3.60806e-05 0.000154454 -0.0181371 0.0894632 
0.00988799 -0.0182268 1.90219e-05 -4.3377e-05 -0.0182268 0.090074 -3.95143e-05 0.00015992 1.90219e-05 -3.95143e-05 0.0099386 -0.0181229 -4.3377e-05 0.00015992 -0.0181229 0.0893145 
0.00988198 -0.018196 -8.16592e-07 -3.32498e-05 -0.018196 0.0899828 -2.37798e-05 0.000140377 -8.16592e-07 -2.37798e-05 0.00996381 -0.0181656 -3.32498e-05 0.000140377 -0.0181656 0.0893973 
0.00989538 -0.0182084 -1.86182e-05 -9.64608e-06 -0.0182084 0.0900361 2.2092e-06 9.02251e-05 -1.86182e-05 2.2092e-06 0.00998607 -0.0182232 -9.64608e-06 9.02251e-05 -0.0182232 0.0896087 
0.00991634 -0.0182571 -3.86816e-05 1.47782e-05 -0.0182571 0.0902428 2.64781e-05 2.6721e-05 -3.86816e-05 2.64781e-05 0.0100239 -0.0182811 1.47782e-05 2.6721e-05 -0.0182811 0.0898914 
0.00952173 -0.0175294 -1.30281e-05 3.61426e-05 -0.0175294 0.0866681 4.34002e-05 -2.4517e-05 -1.30281e-05 4.34002e-05 0.00962969 -0.0175832 3.61426e-05 -2.4517e-05 -0.0175832 0.0864167 
0.00953011 -0.0175302 3.29566e-06 1.5264e-05 -0.0175302 0.0866863 1.72458e-05 -1.65757e-05 3.29566e-06 1.72458e-05 0.0096227 -0.0175947 1.5264e-05 -1.65757e-05 -0.0175947 0.0864934 
0.00955035 -0.017557 1.24141e-05 -4.60991e-06 -0.017557 0.0867865 -7.11376e-06 3.29519e-05 1.24141e-05 -7.11376e-06 0.00961389 -0.0175926 -4.60991e-06 3.29519e-05 -0.0175926 0.0865557 
0.00956104 -0.0175962 2.29045e-05 -1.76646e-05 -0.0175962 0.0869114 -2.83159e-05 8.76168e-05 2.29045e-05 -2.83159e-05 0.0096104 -0.0175622 -1.76646e-05 8.76168e-05 -0.0175622 0.0865059 
0.00952054 -0.017515 4.33433e-05 -2.75412e-05 -0.017515 0.0865105 -4.12795e-05 0.000125453 4.33433e-05 -4.12795e-05 0.00954949 -0.017446 -2.75412e-05 0.000125453 -0.017446 0.0859498 
0.0095449 -0.0175317 3.80571e-05 -4.98248e-05 -0.0175317 0.0865782 -6.1893e-05 0.000167264 3.80571e-05 -6.1893e-05 0.00954394 -0.0174403 -4.98248e-05 0.000167264 -0.0174403 0.0859229 
0.00953786 -0.0175426 4.42358e-05 -4.93279e-05 -0.0175426 0.0865706 -5.96998e-05 0.000189643 4.42358e-05 -5.96998e-05 0.00956022 -0.017425 -4.93279e-05 0.000189643 -0.017425 0.0858504 
0.00992038 -0.0182802 6.49585e-05 -5.85373e-05 -0.0182802 0.0902506 -6.86885e-05 0.000212558 6.49585e-05 -6.86885e-05 0.0100161 -0.0182009 -5.85373e-05 0.000212558 -0.0182009 0.0895555 
0.00989862 -0.018245 9.08245e-05 -7.82402e-05 -0.018245 0.0901743 -8.97129e-05 0.00024895 9.08245e-05 -8.97129e-05 0.0100419 -0.0182654 -7.82402e-05 0.00024895 -0.0182654 0.089684 
0.00989686 -0.0182136 7.8494e-05 -0.000107016 -0.0182136 0.0900657 -0.000118344 0.000306607 7.8494e-05 -0.000118344 0.0100394 -0.0182941 -0.000107016 0.000306607 -0.0182941 0.0897701 
0.00990603 -0.0182482 7.60788e-05 -9.10739e-05 -0.0182482 0.0901836 -9.83679e-05 0.000299949 7.60788e-05 -9.83679e-05 0.0100652 -0.01832 -9.10739e-05 0.000299949 -0.01832 0.089939 
0.00989649 -0.0182416 7.60685e-05 -7.96531e-05 -0.0182416 0.0901784 -8.49706e-05 0.000256383 7.60685e-05 -8.49706e-05 0.0100623 -0.0183343 -7.96531e-05 0.000256383 -0.0183343 0.0899699 
0.00990177 -0.0182428 6.35782e-05 -7.89664e-05 -0.0182428 0.0902232 -8.26742e-05 0.000232711 6.35782e-05 -8.26742e-05 0.0100566 -0.0183476 -7.89664e-05 0.000232711 -0.0183476 0.0900555 
0.00951167 -0.0175146 6.15387e-05 -6.83053e-05 -0.0175146 0.0866144 -7.09478e-05 0.000211335 6.15387e-05 -7.09478e-05 0.0096177 -0.017595 -6.83053e-05 0.000211335 -0.017595 0.0864281 
0.00955049 -0.0175631 4.15804e-05 -6.53395e-05 -0.0175631 0.0868353 -6.46398e-05 0.000189698 4.15804e-05 -6.46398e-05 0.00959329 -0.0175904 -6.53395e-05 0.000189698 -0.0175904 0.0865506 
0.00955589 -0.0175654 3.48778e-05 -4.80942e-05 -0.0175654 0.0867821 -4.52392e-05 0.000160391 3.48778e-05 -4.52392e-05 0.00955067 -0.0175027 -4.80942e-05 0.000160391 -0.0175027 0.0862981 
0.00953153 -0.0175273 4.65256e-05 -3.40948e-05 -0.0175273 0.0865658 -3.36206e-05 0.000118957 4.65256e-05 -3.36206e-05 0.00951051 -0.017414 -3.40948e-05 0.000118957 -0.017414 0.0859253 
0.00949147 -0.0175123 5.84767e-05 -4.38779e-05 -0.0175123 0.0864851 -4.62926e-05 0.000116477 5.84767e-05 -4.62926e-05 0.00953316 -0.0173726 -4.38779e-05 0.000116477 -0.0173726 0.0857369 
0.00989231 -0.0182898 7.99394e-05 -6.30747e-05 -0.0182898 0.0904511 -6.55398e-05 0.000154761 7.99394e-05 -6.55398e-05 0.0100257 -0.0182169 -6.30747e-05 0.000154761 -0.0182169 0.0897301 
0.00983095 -0.0181558 8.80296e-05 -8.85899e-05 -0.0181558 0.0899383 -8.9642e-05 0.000210632 8.80296e-05 -8.9642e-05 0.0100192 -0.0182089 -8.85899e-05 0.000210632 -0.0182089 0.0894801 
0.00978207 -0.0180128 8.21051e-05 -9.73301e-05 -0.0180128 0.089258 -9.70129e-05 0.000245704 8.21051e-05 -9.70129e-05 0.00995225 -0.0181425 -9.73301e-05 0.000245704 -0.0181425 0.0890547 
0.00979871 -0.0180511 9.1051e-05 -8.57199e-05 -0.0180511 0.0893319 -8.64821e-05 0.000232975 9.1051e-05 -8.64821e-05 0.00995765 -0.0181549 -8.57199e-05 0.000232975 -0.0181549 0.0891786 
0.00979956 -0.0180752 7.90395e-05 -9.08313e-05 -0.0180752 0.0893872 -9.43348e-05 0.000227942 7.90395e-05 -9.43348e-05 0.00997253 -0.018137 -9.08313e-05 0.000227942 -0.018137 0.0891337 
0.00983972 -0.0181339 8.19633e-05 -8.00915e-05 -0.0181339 0.0896945 -8.32993e-05 0.00021745 8.19633e-05 -8.32993e-05 0.00998782 -0.0182127 -8.00915e-05 0.00021745 -0.0182127 0.0894135 
0.00989141 -0.018225 8.35139e-05 -8.97427e-05 -0.018225 0.0901239 -8.7967e-05 0.000224191 8.35139e-05 -8.7967e-05 0.0100125 -0.0182863 -8.97427e-05 0.000224191 -0.0182863 0.089831 
0.00993631 -0.0182932 7.62878e-05 -0.000102696 -0.0182932 0.0904512 -9.84284e-05 0.000260932 7.62878e-05 -9.84284e-05 0.0100252 -0.0183267 -0.000102696 0.000260932 -0.0183267 0.0901112 
0.00993366 -0.0182887 4.18101e-05 -9.51691e-05 -0.0182887 0.0904 -9.14606e-05 0.000269334 4.18101e-05 -9.14606e-05 0.0100161 -0.0182862 -9.51691e-05 0.000269334 -0.0182862 0.0899891 
0.00988229 -0.0182201 1.88879e-05 -4.78532e-05 -0.0182201 0.0900738 -4.47948e-05 0.000192629 1.88879e-05 -4.47948e-05 0.010021 -0.0182288 -4.78532e-05 0.000192629 -0.0182288 0.089674 
0.00989898 -0.018226 5.68691e-06 -1.68673e-05 -0.018226 0.0901633 -1.15132e-05 9.91362e-05 5.68691e-06 -1.15132e-05 0.0100248 -0.0183022 -1.68673e-05 9.91362e-05 -0.0183022 0.0898777 
0.00989614 -0.0182125 1.07787e-06 8.13645e-06 -0.0182125 0.0900501 1.04618e-05 1.74993e-05 1.07787e-06 1.04618e-05 0.0099903 -0.0182667 8.13645e-06 1.74993e-05 -0.0182667 0.0897854 
0.00985395 -0.0181354 1.2305e-06 1.1576e-05 -0.0181354 0.0896181 1.01368e-05 -1.23544e-05 1.2305e-06 1.01368e-05 0.00992775 -0.0181325 1.1576e-05 -1.23544e-05 -0.0181325 0.0892374 
