0.00720191 0 0.000243726 0 0 0.010169 0 0 0.000243726 0 0.00716676 0 0 0 0 0.010169 
0.0098957 -0.0122867 0.000272781 -0.00032826 -0.0122867 0.0326081 -0.00032826 0.000629742 0.000272781 -0.00032826 0.00984928 -0.0122236 -0.00032826 0.000629742 -0.0122236 0.0324882 
0.0102388 -0.0191606 0.000194819 -0.000221451 -0.0191606 0.0706034 -0.000221451 0.000643469 0.000194819 -0.000221451 0.0102154 -0.0190027 -0.000221451 0.000643469 -0.0190027 0.0700713 
0.00914497 -0.0178066 0.000154463 -5.5295e-06 -0.0178066 0.0799689 -4.23278e-06 -0.000386557 0.000154463 -4.23278e-06 0.0091925 -0.0176983 -5.5295e-06 -0.000386557 -0.0176983 0.079372 
0.00936941 -0.0176637 0.000205294 -1.58956e-05 -0.0176637 0.0855058 -2.37499e-05 -0.000723315 0.000205294 -2.37499e-05 0.00948583 -0.0177066 -1.58956e-05 -0.000723315 -0.0177066 0.0853443 
0.00960096 -0.0177408 0.000226403 -0.000126584 -0.0177408 0.0874834 -0.000141954 -0.000416791 0.000226403 -0.000141954 0.00974208 -0.017894 -0.000126584 -0.000416791 -0.017894 0.0877375 
0.00974395 -0.0179058 0.000258181 -0.00018408 -0.0179058 0.0885035 -0.000192886 -6.19622e-05 0.000258181 -0.000192886 0.00990877 -0.0180888 -0.00018408 -6.19622e-05 -0.0180888 0.0889574 
0.00950142 -0.0174801 0.000259953 -0.000212217 -0.0174801 0.0864039 -0.000205379 0.000126091 0.000259953 -0.000205379 0.00967685 -0.0176692 -0.000212217 0.000126091 -0.0176692 0.0868974 
0.00977489 -0.0179264 0.000259006 -0.0002234 -0.0179264 0.0886971 -0.000208431 0.000199178 0.000259006 -0.000208431 0.00991388 -0.0181472 -0.0002234 0.000199178 -0.0181472 0.0892688 
0.00967167 -0.0177384 0.000235698 -0.000205292 -0.0177384 0.0876789 -0.000198593 0.000197258 0.000235698 -0.000198593 0.0097807 -0.0179131 -0.000205292 0.000197258 -0.0179131 0.0882122 
0.00965417 -0.017685 0.00022165 -0.000170919 -0.017685 0.0873644 -0.000173173 0.000139293 0.00022165 -0.000173173 0.00971413 -0.0178188 -0.000170919 0.000139293 -0.0178188 0.0878001 
0.0096148 -0.0176562 0.000198273 -0.000149636 -0.0176562 0.0871362 -0.000153515 7.32621e-05 0.000198273 -0.000153515 0.00966592 -0.0177227 -0.000149636 7.32621e-05 -0.0177227 0.0874195 
0.00954675 -0.0175191 0.000210817 -0.000128945 -0.0175191 0.0865062 -0.000131604 2.63506e-05 0.000210817 -0.000131604 0.00959499 -0.0175669 -0.000128945 2.63506e-05 -0.0175669 0.0866834 
0.00948233 -0.0174282 0.000220188 -0.000149279 -0.0174282 0.086029 -0.000148979 4.10465e-05 0.000220188 -0.000148979 0.00957154 -0.0174613 -0.000149279 4.10465e-05 -0.0174613 0.086134 
0.00991046 -0.0182097 0.000227844 -0.000174752 -0.0182097 0.0899437 -0.000171844 8.98055e-05 0.000227844 -0.000171844 0.0100119 -0.0183085 -0.000174752 8.98055e-05 -0.0183085 0.0901349 
0.009881 -0.0181452 0.000218671 -0.000170591 -0.0181452 0.0896451 -0.000170559 0.000107178 0.000218671 -0.000170559 0.00998185 -0.0182729 -0.000170591 0.000107178 -0.0182729 0.0899534 
0.00985622 -0.0180635 0.000186182 -0.000160005 -0.0180635 0.0892277 -0.000161681 9.90593e-05 0.000186182 -0.000161681 0.00991751 -0.0181931 -0.000160005 9.90593e-05 -0.0181931 0.089585 
0.00988979 -0.0181143 0.000154045 -0.000132031 -0.0181143 0.0893733 -0.000130689 6.16256e-05 0.000154045 -0.000130689 0.00989646 -0.0181839 -0.000132031 6.16256e-05 -0.0181839 0.0896395 
0.00992204 -0.018202 0.000160554 -9.50325e-05 -0.018202 0.0897213 -9.10702e-05 -1.48918e-05 0.000160554 -9.10702e-05 0.00990664 -0.0181931 -9.50325e-05 -1.48918e-05 -0.0181931 0.0897989 
0.00990481 -0.0182145 0.000184976 -9.29605e-05 -0.0182145 0.0897844 -9.34193e-05 -5.66684e-05 0.000184976 -9.34193e-05 0.00991071 -0.0181558 -9.29605e-05 -5.66684e-05 -0.0181558 0.0896711 
0.0098938 -0.0181843 0.000207877 -0.000118835 -0.0181843 0.089732 -0.000125949 -2.11713e-05 0.000207877 -0.000125949 0.00991617 -0.0181547 -0.000118835 -2.11713e-05 -0.0181547 0.0895953 
0.0098472 -0.0181019 0.000207773 -0.000146675 -0.0181019 0.0893477 -0.000157064 4.94151e-05 0.000207773 -0.000157064 0.00990214 -0.0181008 -0.000146675 4.94151e-05 -0.0181008 0.0892723 
0.00985043 -0.0180671 0.000196162 -0.000153036 -0.0180671 0.089204 -0.000163099 9.41758e-05 0.000196162 -0.000163099 0.00990599 -0.0181202 -0.000153036 9.41758e-05 -0.0181202 0.0892589 
0.00989669 -0.0181202 0.000202509 -0.000136639 -0.0181202 0.0894014 -0.000149902 8.28183e-05 0.000202509 -0.000149902 0.00993162 -0.0181946 -0.000136639 8.28183e-05 -0.0181946 0.0895762 
0.00987913 -0.0181392 0.000198906 -0.000145418 -0.0181392 0.0893829 -0.000158266 8.79959e-05 0.000198906 -0.000158266 0.0099334 -0.0181811 -0.000145418 8.79959e-05 -0.0181811 0.0895495 
0.00986701 -0.0181487 0.000180806 -0.000146307 -0.0181487 0.089502 -0.000157037 0.000100209 0.000180806 -0.000157037 0.00995076 -0.0182224 -0.000146307 0.000100209 -0.0182224 0.0897178 
0.00987491 -0.0181748 0.000191534 -0.00012831 -0.0181748 0.0897244 -0.00013373 7.27272e-05 0.000191534 -0.00013373 0.0099735 -0.0182829 -0.00012831 7.27272e-05 -0.0182829 0.0900248 
0.00988827 -0.0181906 0.000202214 -0.000144634 -0.0181906 0.0898755 -0.000144838 8.03438e-05 0.000202214 -0.000144838 0.00997982 -0.0183135 -0.000144634 8.03438e-05 -0.0183135 0.0902331 
0.00985539 -0.018148 0.000193538 -0.000156487 -0.018148 0.0896743 -0.000151157 9.94245e-05 0.000193538 -0.000151157 0.00994601 -0.0182449 -0.000156487 9.94245e-05 -0.0182449 0.0899912 
0.00984414 -0.0180884 0.000163784 -0.000155516 -0.0180884 0.0894435 -0.000145108 0.000111236 0.000163784 -0.000145108 0.00990376 -0.0181862 -0.000155516 0.000111236 -0.0181862 0.0897362 
0.00981932 -0.0180309 0.000152694 -0.0001166 -0.0180309 0.0891024 -0.000106341 5.1599e-05 0.000152694 -0.000106341 0.00987182 -0.018086 -0.0001166 5.1599e-05 -0.018086 0.0893142 
0.00979628 -0.0180342 0.000162568 -9.82198e-05 -0.0180342 0.0890581 -9.12633e-05 -9.65988e-06 0.000162568 -9.12633e-05 0.00988721 -0.0180686 -9.82198e-05 -9.65988e-06 -0.0180686 0.0891787 
0.00980726 -0.0180779 0.000154151 -0.000112211 -0.0180779 0.089357 -0.000103335 -1.2251e-05 0.000154151 -0.000103335 0.00993935 -0.018173 -0.000112211 -1.2251e-05 -0.018173 0.0895511 
0.00979054 -0.0180558 0.000156631 -9.80302e-05 -0.0180558 0.0893385 -8.99338e-05 -3.056e-05 0.000156631 -8.99338e-05 0.0099677 -0.0182091 -9.80302e-05 -3.056e-05 -0.0182091 0.0896769 
0.00979751 -0.0180278 0.000147761 -9.45345e-05 -0.0180278 0.089293 -9.06434e-05 -4.83584e-05 0.000147761 -9.06434e-05 0.00998204 -0.0182667 -9.45345e-05 -4.83584e-05 -0.0182667 0.0898665 
0.00982408 -0.0180278 0.000165995 -8.51738e-05 -0.0180278 0.0892623 -8.60081e-05 -6.10987e-05 0.000165995 -8.60081e-05 0.0099904 -0.0182933 -8.51738e-05 -6.10987e-05 -0.0182933 0.0900043 
0.00987512 -0.0180919 0.000164638 -0.000104082 -0.0180919 0.0894509 -0.000112107 -3.3483e-05 0.000164638 -0.000112107 0.0100069 -0.0183291 -0.000104082 -3.3483e-05 -0.0183291 0.0902035 
0.0094921 -0.0174257 0.000185189 -9.70078e-05 -0.0174257 0.0860278 -0.000109419 -1.41517e-05 0.000185189 -0.000109419 0.00959708 -0.0176014 -9.70078e-05 -1.41517e-05 -0.0176014 0.086651 
0.00949447 -0.0174703 0.000182002 -0.00012697 -0.0174703 0.0862425 -0.000138183 2.84515e-05 0.000182002 -0.000138183 0.00961541 -0.0175977 -0.00012697 2.84515e-05 -0.0175977 0.0867168 
0.00947377 -0.0174585 0.000176798 -0.00012693 -0.0174585 0.0862629 -0.000137684 5.66602e-05 0.000176798 -0.000137684 0.00963659 -0.0175962 -0.00012693 5.66602e-05 -0.0175962 0.0866812 
0.00945307 -0.0174031 0.000162817 -0.000121607 -0.0174031 0.0860968 -0.000130671 5.35035e-05 0.000162817 -0.000130671 0.00964292 -0.0176065 -0.000121607 5.35035e-05 -0.0176065 0.0866218 
0.00986669 -0.0181443 0.000190812 -0.000106058 -0.0181443 0.0897851 -0.000115281 1.51895e-05 0.000190812 -0.000115281 0.0100766 -0.018404 -0.000106058 1.51895e-05 -0.018404 0.0904846 
0.00987508 -0.0181369 0.000199417 -0.000130631 -0.0181369 0.089706 -0.000138683 3.11892e-05 0.000199417 -0.000138683 0.0100755 -0.018404 -0.000130631 3.11892e-05 -0.018404 0.0904687 
0.00945286 -0.0173827 0.000200139 -0.000140196 -0.0173827 0.0859066 -0.000146386 6.92163e-05 0.000200139 -0.000146386 0.00964876 -0.0176257 -0.000140196 6.92163e-05 -0.0176257 0.0866368 
0.00948862 -0.0174318 0.000209243 -0.000148648 -0.0174318 0.0861652 -0.000153134 8.87511e-05 0.000209243 -0.000153134 0.00965405 -0.0176826 -0.000148648 8.87511e-05 -0.0176826 0.0869077 
0.00950587 -0.0174218 0.000191282 -0.000159989 -0.0174218 0.0860943 -0.000159575 0.000107074 0.000191282 -0.000159575 0.0096197 -0.0176469 -0.000159989 0.000107074 -0.0176469 0.0868229 
0.00993378 -0.0181926 0.000166516 -0.000139839 -0.0181926 0.0897844 -0.000134813 6.63197e-05 0.000166516 -0.000134813 0.0100123 -0.0183482 -0.000139839 6.63197e-05 -0.0183482 0.0903931 
0.0095287 -0.0174785 0.000114939 -9.40605e-05 -0.0174785 0.0861697 -9.10427e-05 -2.06988e-05 0.000114939 -9.10427e-05 0.00959411 -0.0175704 -9.40605e-05 -2.06988e-05 -0.0175704 0.0865818 
0.00955545 -0.0175545 0.000119165 -4.32532e-05 -0.0175545 0.0865543 -4.11329e-05 -0.000131416 0.000119165 -4.11329e-05 0.00963489 -0.0176303 -4.32532e-05 -0.000131416 -0.0176303 0.0868692 
0.00954057 -0.0175617 0.000148278 -5.23983e-05 -0.0175617 0.0866518 -4.65245e-05 -0.000166899 0.000148278 -4.65245e-05 0.00966265 -0.0176551 -5.23983e-05 -0.000166899 -0.0176551 0.0869599 
0.00954662 -0.0175915 0.000189739 -8.68999e-05 -0.0175915 0.0869015 -7.79899e-05 -0.000124917 0.000189739 -7.79899e-05 0.00969873 -0.0177358 -8.68999e-05 -0.000124917 -0.0177358 0.0872902 
0.00953283 -0.0175326 0.000192621 -0.000134924 -0.0175326 0.0867183 -0.000129809 -2.2576e-05 0.000192621 -0.000129809 0.00968778 -0.0177259 -0.000134924 -2.2576e-05 -0.0177259 0.0872355 
0.00951651 -0.0174517 0.000178801 -0.000138504 -0.0174517 0.0862941 -0.000136825 3.49428e-05 0.000178801 -0.000136825 0.00964465 -0.0176427 -0.000138504 3.49428e-05 -0.0176427 0.0868522 
0.00951589 -0.017422 0.000194522 -0.00012602 -0.017422 0.0860324 -0.0001223 3.38135e-05 0.000194522 -0.0001223 0.00960643 -0.0175867 -0.00012602 3.38135e-05 -0.0175867 0.0865673 
0.00951426 -0.0174521 0.000217136 -0.000142683 -0.0174521 0.0860592 -0.000137223 4.62458e-05 0.000217136 -0.000137223 0.00959549 -0.0175671 -0.000142683 4.62458e-05 -0.0175671 0.0864985 
0.00950487 -0.0175034 0.000211887 -0.000172555 -0.0175034 0.0863084 -0.000169552 0.000108773 0.000211887 -0.000169552 0.00960873 -0.0175887 -0.000172555 0.000108773 -0.0175887 0.0866347 
0.00951687 -0.0175203 0.000186786 -0.000168261 -0.0175203 0.0865506 -0.000171129 0.000142017 0.000186786 -0.000171129 0.00962192 -0.0176445 -0.000168261 0.000142017 -0.0176445 0.0869076 
0.00949587 -0.0174542 0.000178051 -0.000135901 -0.0174542 0.0863007 -0.000145753 0.000109599 0.000178051 -0.000145753 0.00959558 -0.0175935 -0.000135901 0.000109599 -0.0175935 0.0867217 
0.00950234 -0.0174366 0.000173016 -0.000122602 -0.0174366 0.0861957 -0.000132126 6.67986e-05 0.000173016 -0.000132126 0.00957879 -0.0175664 -0.000122602 6.67986e-05 -0.0175664 0.0866236 
0.00991266 -0.0181874 0.000178631 -0.000123499 -0.0181874 0.08984 -0.000125247 3.84908e-05 0.000178631 -0.000125247 0.00998095 -0.0182963 -0.000123499 3.84908e-05 -0.0182963 0.0902478 
0.00985758 -0.0181024 0.000180239 -0.000118806 -0.0181024 0.089372 -0.000114957 1.10651e-05 0.000180239 -0.000114957 0.00992633 -0.0181811 -0.000118806 1.10651e-05 -0.0181811 0.0896907 
0.00982044 -0.0180087 0.000190778 -0.000116865 -0.0180087 0.0889212 -0.000115116 -5.66646e-06 0.000190778 -0.000115116 0.00987957 -0.0180906 -0.000116865 -5.66646e-06 -0.0180906 0.0892063 
0.00981842 -0.01802 0.000157189 -0.000129695 -0.01802 0.0889118 -0.000133965 1.59381e-05 0.000157189 -0.000133965 0.00987558 -0.018086 -0.000129695 1.59381e-05 -0.018086 0.0891571 
0.00978534 -0.0180112 0.000151474 -9.49458e-05 -0.0180112 0.0888521 -0.000100001 -1.57987e-05 0.000151474 -0.000100001 0.00987309 -0.0180612 -9.49458e-05 -1.57987e-05 -0.0180612 0.0890386 
0.00976352 -0.01799 0.000145535 -9.25564e-05 -0.01799 0.0888484 -9.45693e-05 -3.92483e-05 0.000145535 -9.45693e-05 0.00988366 -0.0180765 -9.25564e-05 -3.92483e-05 -0.0180765 0.0890661 
0.0097682 -0.017988 0.000124006 -9.50924e-05 -0.017988 0.0889334 -9.32185e-05 -3.24113e-05 0.000124006 -9.32185e-05 0.00990664 -0.018125 -9.50924e-05 -3.24113e-05 -0.018125 0.089265 
0.00976073 -0.0179555 0.000107635 -7.05663e-05 -0.0179555 0.0888184 -6.45996e-05 -6.86111e-05 0.000107635 -6.45996e-05 0.00990647 -0.0181397 -7.05663e-05 -6.86111e-05 -0.0181397 0.0893064 
0.00975766 -0.0179282 8.18941e-05 -4.63101e-05 -0.0179282 0.0886898 -4.33962e-05 -0.000125384 8.18941e-05 -4.33962e-05 0.00988448 -0.018141 -4.63101e-05 -0.000125384 -0.018141 0.0893114 
0.00975306 -0.0179071 0.000111845 -1.47122e-05 -0.0179071 0.0885435 -2.11907e-05 -0.000182937 0.000111845 -2.11907e-05 0.00985937 -0.0180973 -1.47122e-05 -0.000182937 -0.0180973 0.0891842 
0.00973275 -0.0178974 0.000148226 -4.83443e-05 -0.0178974 0.0884477 -6.1506e-05 -0.000148652 0.000148226 -6.1506e-05 0.00984882 -0.0180552 -4.83443e-05 -0.000148652 -0.0180552 0.089032 
0.00970998 -0.0178753 0.000178008 -9.84649e-05 -0.0178753 0.0883617 -0.000113821 -3.43952e-05 0.000178008 -0.000113821 0.00984914 -0.0180281 -9.84649e-05 -3.43952e-05 -0.0180281 0.0888909 
0.00974161 -0.0179105 0.000199988 -0.000137953 -0.0179105 0.0885969 -0.000152369 7.96036e-05 0.000199988 -0.000152369 0.00988676 -0.0181037 -0.000137953 7.96036e-05 -0.0181037 0.0891855 
0.00978522 -0.0179494 0.00020036 -0.000168751 -0.0179494 0.0887621 -0.000178755 0.000170998 0.00020036 -0.000178755 0.00988941 -0.0181479 -0.000168751 0.000170998 -0.0181479 0.0893888 
0.00983826 -0.0180402 0.000160932 -0.000169617 -0.0180402 0.089085 -0.000176434 0.000203829 0.000160932 -0.000176434 0.00989901 -0.0181695 -0.000169617 0.000203829 -0.0181695 0.0895954 
0.00990269 -0.0182022 0.000145294 -0.000119088 -0.0182022 0.0898063 -0.000121734 0.000123154 0.000145294 -0.000121734 0.00996407 -0.0182693 -0.000119088 0.000123154 -0.0182693 0.090147 
0.00993206 -0.018233 0.000136972 -9.18351e-05 -0.018233 0.0900288 -8.88528e-05 1.88453e-05 0.000136972 -8.88528e-05 0.00999576 -0.0183089 -9.18351e-05 1.88453e-05 -0.0183089 0.090319 
0.00992272 -0.0182311 0.000140114 -8.56126e-05 -0.0182311 0.0900007 -7.6714e-05 -3.46037e-05 0.000140114 -7.6714e-05 0.010001 -0.0183145 -8.56126e-05 -3.46037e-05 -0.0183145 0.0903023 
0.00987868 -0.0181568 0.000147998 -9.18674e-05 -0.0181568 0.0896679 -8.26807e-05 -3.90208e-05 0.000147998 -8.26807e-05 0.00997317 -0.0182641 -9.18674e-05 -3.90208e-05 -0.0182641 0.0900241 
0.00986584 -0.0181349 0.000168959 -0.000105844 -0.0181349 0.089593 -9.79527e-05 -8.96552e-06 0.000168959 -9.79527e-05 0.0099635 -0.0182664 -0.000105844 -8.96552e-06 -0.0182664 0.0900169 
0.00989358 -0.0181884 0.000185143 -0.000129787 -0.0181884 0.0898833 -0.000123087 3.91952e-05 0.000185143 -0.000123087 0.0100015 -0.0183283 -0.000129787 3.91952e-05 -0.0183283 0.0903539 
0.0095047 -0.0174139 0.000153444 -0.000141649 -0.0174139 0.0860755 -0.000135205 8.42975e-05 0.000153444 -0.000135205 0.00955602 -0.0175574 -0.000141649 8.42975e-05 -0.0175574 0.0865537 
0.00951876 -0.0174371 0.000145075 -0.000114415 -0.0174371 0.0860542 -0.000111325 6.894e-05 0.000145075 -0.000111325 0.00952679 -0.0175032 -0.000114415 6.894e-05 -0.0175032 0.0864084 
0.00954489 -0.0175204 0.000167446 -9.45909e-05 -0.0175204 0.0863907 -9.39719e-05 1.28162e-05 0.000167446 -9.39719e-05 0.00954588 -0.017519 -9.45909e-05 1.28162e-05 -0.017519 0.0865535 
0.00950629 -0.0175065 0.000172484 -0.000120819 -0.0175065 0.0863471 -0.000118313 2.62404e-05 0.000172484 -0.000118313 0.0095588 -0.0174775 -0.000120819 2.62404e-05 -0.0174775 0.0863605 
0.00948582 -0.0174799 0.000145708 -0.000124837 -0.0174799 0.0863518 -0.000123489 4.51563e-05 0.000145708 -0.000123489 0.00958604 -0.0175122 -0.000124837 4.51563e-05 -0.0175122 0.0863996 
0.00945441 -0.0174114 0.000131416 -0.000101331 -0.0174114 0.0861073 -0.000104491 3.35377e-05 0.000131416 -0.000104491 0.00960329 -0.0175151 -0.000101331 3.35377e-05 -0.0175151 0.0863144 
0.00945448 -0.0173621 0.000121505 -7.79616e-05 -0.0173621 0.0859205 -8.54205e-05 -1.43869e-05 0.000121505 -8.54205e-05 0.00961311 -0.0175622 -7.79616e-05 -1.43869e-05 -0.0175622 0.0863947 
0.00986558 -0.0181138 0.000133252 -6.87788e-05 -0.0181138 0.0895476 -7.60654e-05 -5.61757e-05 0.000133252 -7.60654e-05 0.010034 -0.0183366 -6.87788e-05 -5.61757e-05 -0.0183366 0.0901916 
0.00985559 -0.0180638 0.000114181 -7.12884e-05 -0.0180638 0.0892785 -7.61767e-05 -7.71998e-05 0.000114181 -7.61767e-05 0.0099993 -0.0183134 -7.12884e-05 -7.71998e-05 -0.0183134 0.0900427 
0.00983254 -0.0180259 8.7285e-05 -4.98243e-05 -0.0180259 0.0890024 -5.62406e-05 -0.000110169 8.7285e-05 -5.62406e-05 0.00996438 -0.018247 -4.98243e-05 -0.000110169 -0.018247 0.0897788 
0.00982474 -0.0180535 6.55991e-05 -1.64556e-05 -0.0180535 0.0890867 -2.74703e-05 -0.000175939 6.55991e-05 -2.74703e-05 0.00994874 -0.0182389 -1.64556e-05 -0.000175939 -0.0182389 0.0897776 
0.00983144 -0.018014 7.89608e-05 3.78355e-06 -0.018014 0.0889652 -1.10024e-05 -0.000221053 7.89608e-05 -1.10024e-05 0.00990448 -0.0181975 3.78355e-06 -0.000221053 -0.0181975 0.0896316 
0.00984587 -0.0180352 0.000112796 -2.49569e-05 -0.0180352 0.0889726 -3.85884e-05 -0.000178174 0.000112796 -3.85884e-05 0.00987919 -0.0181457 -2.49569e-05 -0.000178174 -0.0181457 0.0895091 
0.00983119 -0.0180523 0.000134544 -7.18381e-05 -0.0180523 0.0889881 -8.24982e-05 -7.67489e-05 0.000134544 -8.24982e-05 0.00987303 -0.0180975 -7.18381e-05 -7.67489e-05 -0.0180975 0.0893379 
0.00982941 -0.0180858 0.000170536 -0.000102741 -0.0180858 0.0892119 -0.000106781 1.45686e-05 0.000170536 -0.000106781 0.0098984 -0.0181341 -0.000102741 1.45686e-05 -0.0181341 0.0894764 
0.00979602 -0.0180743 0.000154364 -0.000144385 -0.0180743 0.0892557 -0.000141722 0.000102753 0.000154364 -0.000141722 0.00992135 -0.0181517 -0.000144385 0.000102753 -0.0181517 0.0895373 
0.00979732 -0.0180357 0.000119351 -0.000124554 -0.0180357 0.0892452 -0.000118798 0.000106433 0.000119351 -0.000118798 0.00992015 -0.0181969 -0.000124554 0.000106433 -0.0181969 0.0896815 
0.00982536 -0.0180444 9.23844e-05 -7.72857e-05 -0.0180444 0.0893018 -7.19452e-05 1.79745e-05 9.23844e-05 -7.19452e-05 0.00990825 -0.018221 -7.72857e-05 1.79745e-05 -0.018221 0.0898615 
0.00981688 -0.0179957 8.18979e-05 -4.49052e-05 -0.0179957 0.0889862 -3.76821e-05 -7.66777e-05 8.18979e-05 -3.76821e-05 0.00986624 -0.0181225 -4.49052e-05 -7.66777e-05 -0.0181225 0.0895076 
0.00982959 -0.018007 0.000108064 -3.76961e-05 -0.018007 0.0889472 -2.80036e-05 -0.00012079 0.000108064 -2.80036e-05 0.00984407 -0.0180955 -3.76961e-05 -0.00012079 -0.0180955 0.0893827 
0.00984677 -0.0180657 0.00014702 -6.78739e-05 -0.0180657 0.0891499 -6.01535e-05 -8.79117e-05 0.00014702 -6.01535e-05 0.00985252 -0.018097 -6.78739e-05 -8.79117e-05 -0.018097 0.0894414 
0.00985049 -0.018086 0.00018124 -0.000124178 -0.018086 0.0892563 -0.00012085 3.98562e-05 0.00018124 -0.00012085 0.00986614 -0.0180958 -0.000124178 3.98562e-05 -0.0180958 0.0894377 
0.00984376 -0.0180867 0.000188488 -0.000163298 -0.0180867 0.0892713 -0.000165206 0.000162079 0.000188488 -0.000165206 0.00987308 -0.0180935 -0.000163298 0.000162079 -0.0180935 0.0893876 
0.00982342 -0.0180155 0.000140095 -0.000168606 -0.0180155 0.0889667 -0.00017322 0.000220037 0.000140095 -0.00017322 0.00983551 -0.0180541 -0.000168606 0.000220037 -0.0180541 0.0891275 
0.00982203 -0.0180006 9.64233e-05 -0.000112043 -0.0180006 0.088838 -0.000116116 0.00015135 9.64233e-05 -0.000116116 0.00980611 -0.0180245 -0.000112043 0.00015135 -0.0180245 0.0890101 
0.00979636 -0.01799 7.7272e-05 -5.05285e-05 -0.01799 0.0887292 -5.27705e-05 2.23231e-06 7.7272e-05 -5.27705e-05 0.00979382 -0.017975 -5.05285e-05 2.23231e-06 -0.017975 0.0888319 
0.00972898 -0.0179211 9.48427e-05 -2.63865e-05 -0.0179211 0.0884365 -2.84592e-05 -9.8856e-05 9.48427e-05 -2.84592e-05 0.00979203 -0.0179159 -2.63865e-05 -9.8856e-05 -0.0179159 0.0885132 
0.00971876 -0.0179061 0.000123214 -4.15541e-05 -0.0179061 0.08852 -4.64769e-05 -0.000115024 0.000123214 -4.64769e-05 0.0098274 -0.0179993 -4.15541e-05 -0.000115024 -0.0179993 0.0887698 
0.00973564 -0.017886 0.000116535 -8.05829e-05 -0.017886 0.088513 -8.4786e-05 -4.83331e-05 0.000116535 -8.4786e-05 0.00983253 -0.0180515 -8.05829e-05 -4.83331e-05 -0.0180515 0.088985 
0.00973236 -0.0178568 0.000113508 -8.53131e-05 -0.0178568 0.0883036 -8.38072e-05 1.86064e-06 0.000113508 -8.38072e-05 0.00980883 -0.0180074 -8.53131e-05 1.86064e-06 -0.0180074 0.088842 
0.0097008 -0.0178031 9.39469e-05 -8.31615e-05 -0.0178031 0.0879709 -7.68815e-05 8.48656e-06 9.39469e-05 -7.68815e-05 0.00976536 -0.0179311 -8.31615e-05 8.48656e-06 -0.0179311 0.0884903 
0.00965089 -0.0177546 9.89664e-05 -6.41446e-05 -0.0177546 0.087705 -5.54155e-05 -1.61449e-05 9.89664e-05 -5.54155e-05 0.00973827 -0.0178616 -6.41446e-05 -1.61449e-05 -0.0178616 0.0881699 
0.00963403 -0.0177343 0.000106963 -6.13989e-05 -0.0177343 0.087683 -5.54868e-05 -4.19234e-05 0.000106963 -5.54868e-05 0.00973921 -0.0178669 -6.13989e-05 -4.19234e-05 -0.0178669 0.0881593 
0.0096251 -0.0177128 0.000104897 -6.63484e-05 -0.0177128 0.0876319 -6.64316e-05 -3.98724e-05 0.000104897 -6.64316e-05 0.00974019 -0.0178662 -6.63484e-05 -3.98724e-05 -0.0178662 0.0881499 
0.00963312 -0.0177059 0.000101204 -5.97809e-05 -0.0177059 0.0876096 -6.35444e-05 -4.74206e-05 0.000101204 -6.35444e-05 0.00973479 -0.0178684 -5.97809e-05 -4.74206e-05 -0.0178684 0.0881517 
0.00965213 -0.0177016 8.17796e-05 -5.23714e-05 -0.0177016 0.0875527 -5.51501e-05 -6.91091e-05 8.17796e-05 -5.51501e-05 0.00970973 -0.0178517 -5.23714e-05 -6.91091e-05 -0.0178517 0.0880869 
0.00971917 -0.017807 7.34679e-05 -3.33815e-05 -0.017807 0.0879603 -3.8733e-05 -9.77526e-05 7.34679e-05 -3.8733e-05 0.00971929 -0.0178949 -3.33815e-05 -9.77526e-05 -0.0178949 0.0883803 
0.00978335 -0.0179619 9.91337e-05 -2.48393e-05 -0.0179619 0.0886217 -3.31279e-05 -0.000119465 9.91337e-05 -3.31279e-05 0.00978403 -0.0179675 -2.48393e-05 -0.000119465 -0.0179675 0.0888435 
0.00975456 -0.0179851 0.000131798 -6.02558e-05 -0.0179851 0.0887502 -6.94433e-05 -6.66492e-05 0.000131798 -6.94433e-05 0.00982606 -0.017971 -6.02558e-05 -6.66492e-05 -0.017971 0.0888305 
0.00970489 -0.0178744 0.000140664 -9.92626e-05 -0.0178744 0.0883751 -0.000104478 1.94541e-05 0.000140664 -0.000104478 0.00981561 -0.0179462 -9.92626e-05 1.94541e-05 -0.0179462 0.0885389 
0.00971237 -0.0178701 0.000168926 -0.000110954 -0.0178701 0.088409 -0.000112921 7.10063e-05 0.000168926 -0.000112921 0.00984679 -0.0180229 -0.000110954 7.10063e-05 -0.0180229 0.0887998 
0.00971245 -0.0178509 0.00016315 -0.000146526 -0.0178509 0.0882998 -0.000144422 0.000135362 0.00016315 -0.000144422 0.00984181 -0.0180308 -0.000146526 0.000135362 -0.0180308 0.0888252 
0.00977126 -0.0179124 0.000128151 -0.000144013 -0.0179124 0.0885664 -0.000137521 0.000159827 0.000128151 -0.000137521 0.00984674 -0.018098 -0.000144013 0.000159827 -0.018098 0.0891652 
0.0097912 -0.0180214 0.00010162 -9.6238e-05 -0.0180214 0.0889808 -8.61946e-05 7.65822e-05 0.00010162 -8.61946e-05 0.00988544 -0.0181368 -9.6238e-05 7.65822e-05 -0.0181368 0.0894934 
0.00979723 -0.0180154 8.26779e-05 -5.65912e-05 -0.0180154 0.0890621 -4.68823e-05 -3.49632e-05 8.26779e-05 -4.68823e-05 0.00988361 -0.0181473 -5.65912e-05 -3.49632e-05 -0.0181473 0.0895387 
0.00979493 -0.0180145 8.14814e-05 -3.35568e-05 -0.0180145 0.0890739 -3.04735e-05 -0.000107297 8.14814e-05 -3.04735e-05 0.00990084 -0.0181441 -3.35568e-05 -0.000107297 -0.0181441 0.0895558 
0.00981076 -0.0180235 8.39332e-05 -2.62779e-05 -0.0180235 0.0891466 -2.61892e-05 -0.000146197 8.39332e-05 -2.61892e-05 0.00991053 -0.0181815 -2.62779e-05 -0.000146197 -0.0181815 0.0896768 
0.00977295 -0.0179586 0.000105462 -3.6116e-05 -0.0179586 0.0887872 -3.60923e-05 -0.000134839 0.000105462 -3.60923e-05 0.00988432 -0.0181008 -3.6116e-05 -0.000134839 -0.0181008 0.0893087 
0.00976977 -0.0179088 0.000108505 -6.22245e-05 -0.0179088 0.0885224 -6.34521e-05 -8.55786e-05 0.000108505 -6.34521e-05 0.00985068 -0.0180516 -6.22245e-05 -8.55786e-05 -0.0180516 0.0890167 
0.00976287 -0.0179384 0.000126068 -6.78228e-05 -0.0179384 0.0885452 -7.06583e-05 -4.96351e-05 0.000126068 -7.06583e-05 0.00985935 -0.0180388 -6.78228e-05 -4.96351e-05 -0.0180388 0.0889633 
0.00978974 -0.0180193 0.000135019 -8.68057e-05 -0.0180193 0.0889929 -9.0312e-05 -1.20185e-05 0.000135019 -9.0312e-05 0.00991704 -0.0181539 -8.68057e-05 -1.20185e-05 -0.0181539 0.0894437 
0.00979662 -0.018017 0.000120288 -9.46353e-05 -0.018017 0.0890691 -9.71674e-05 1.22046e-05 0.000120288 -9.71674e-05 0.00993668 -0.0181939 -9.46353e-05 1.22046e-05 -0.0181939 0.0896114 
0.00980426 -0.0180582 0.000135226 -7.2656e-05 -0.0180582 0.0892926 -7.33592e-05 -2.16951e-05 0.000135226 -7.33592e-05 0.00997092 -0.0182644 -7.2656e-05 -2.16951e-05 -0.0182644 0.0899431 
0.00984437 -0.0180702 0.000171726 -9.16283e-05 -0.0180702 0.0894342 -8.77305e-05 -1.79745e-05 0.000171726 -8.77305e-05 0.00996629 -0.0183124 -9.16283e-05 -1.79745e-05 -0.0183124 0.0901843 
0.00983538 -0.0180692 0.000181559 -0.000134967 -0.0180692 0.0893216 -0.000125971 4.6144e-05 0.000181559 -0.000125971 0.00994278 -0.0182434 -0.000134967 4.6144e-05 -0.0182434 0.0899927 
0.00983124 -0.0180506 0.000186188 -0.000152943 -0.0180506 0.0891985 -0.000142672 0.00011129 0.000186188 -0.000142672 0.00991537 -0.0181785 -0.000152943 0.00011129 -0.0181785 0.0897071 
0.00985145 -0.0181113 0.000160131 -0.000146168 -0.0181113 0.0894596 -0.000139167 0.000109497 0.000160131 -0.000139167 0.00992718 -0.0182121 -0.000146168 0.000109497 -0.0182121 0.0898604 
0.00985917 -0.0181271 0.000134242 -0.000113559 -0.0181271 0.0895776 -0.000114793 6.7211e-05 0.000134242 -0.000114793 0.00994789 -0.0182234 -0.000113559 6.7211e-05 -0.0182234 0.0899316 
0.00986584 -0.0181777 0.000140868 -7.81933e-05 -0.0181777 0.0898411 -8.2958e-05 -1.08971e-05 0.000140868 -8.2958e-05 0.0100038 -0.0182845 -7.81933e-05 -1.08971e-05 -0.0182845 0.0901904 
0.00943635 -0.01736 0.000150857 -7.79403e-05 -0.01736 0.0859031 -8.20839e-05 -4.5583e-05 0.000150857 -8.20839e-05 0.00958104 -0.0175317 -7.79403e-05 -4.5583e-05 -0.0175317 0.086361 
0.00984668 -0.0180562 0.000179267 -0.000104146 -0.0180562 0.0893505 -0.000105222 -2.24878e-05 0.000179267 -0.000105222 0.00995923 -0.0182695 -0.000104146 -2.24878e-05 -0.0182695 0.0899728 
0.00983094 -0.0180027 0.000165434 -0.000130956 -0.0180027 0.0889534 -0.000129484 3.0978e-05 0.000165434 -0.000129484 0.00989311 -0.0181632 -0.000130956 3.0978e-05 -0.0181632 0.0895414 
0.00980863 -0.0180003 0.000163634 -0.000125082 -0.0180003 0.0888091 -0.000122814 5.8137e-05 0.000163634 -0.000122814 0.00986791 -0.0180804 -0.000125082 5.8137e-05 -0.0180804 0.0892171 
0.00977775 -0.0179808 0.000158406 -0.000126065 -0.0179808 0.0887177 -0.000119692 6.21323e-05 0.000158406 -0.000119692 0.00985754 -0.0180435 -0.000126065 6.21323e-05 -0.0180435 0.0889984 
0.00974174 -0.0178967 0.000137852 -0.000120657 -0.0178967 0.0883868 -0.00011225 5.71145e-05 0.000137852 -0.00011225 0.00981501 -0.017991 -0.000120657 5.71145e-05 -0.017991 0.0886792 
0.00974053 -0.0179248 0.000135452 -9.79573e-05 -0.0179248 0.0885116 -8.85379e-05 2.11656e-05 0.000135452 -8.85379e-05 0.00982022 -0.0180103 -9.79573e-05 2.11656e-05 -0.0180103 0.0888066 
0.0097315 -0.0179075 0.00012203 -8.86768e-05 -0.0179075 0.0885061 -8.19413e-05 -1.54402e-05 0.00012203 -8.19413e-05 0.0098047 -0.0180134 -8.86768e-05 -1.54402e-05 -0.0180134 0.0888414 
0.00967237 -0.0178237 0.000102289 -7.43301e-05 -0.0178237 0.0881241 -6.86798e-05 -4.38454e-05 0.000102289 -6.86798e-05 0.00976935 -0.0179124 -7.43301e-05 -4.38454e-05 -0.0179124 0.088439 
0.00964019 -0.0177182 0.000107262 -5.15844e-05 -0.0177182 0.0876898 -5.02957e-05 -8.17392e-05 0.000107262 -5.02957e-05 0.00972337 -0.0178418 -5.15844e-05 -8.17392e-05 -0.0178418 0.0880495 
0.00965501 -0.0177214 0.000103553 -5.9208e-05 -0.0177214 0.0876472 -6.19175e-05 -8.0914e-05 0.000103553 -6.19175e-05 0.00970231 -0.0178349 -5.9208e-05 -8.0914e-05 -0.0178349 0.0880291 
