0.00696731 0 9.66692e-05 0 0 0.00993103 0 0 9.66692e-05 0 0.00709026 0 0 0 0 0.00993103 
0.0098974 -0.0122857 0.000109763 -0.000130543 -0.0122857 0.0326559 -0.000130543 0.000249767 0.000109763 -0.000130543 0.00998794 -0.0123976 -0.000130543 0.000249767 -0.0123976 0.0328709 
0.0097216 -0.0181599 9.62017e-05 -6.38346e-05 -0.0181599 0.0669387 -6.38346e-05 0.000171118 9.62017e-05 -6.38346e-05 0.0097825 -0.0181807 -6.38346e-05 0.000171118 -0.0181807 0.0669911 
0.00923832 -0.0179658 8.52287e-05 -6.56262e-06 -0.0179658 0.08071 -6.7409e-06 -0.000235628 8.52287e-05 -6.7409e-06 0.00927312 -0.0178292 -6.56262e-06 -0.000235628 -0.0178292 0.0798114 
0.00922867 -0.0173912 0.000107105 -2.13011e-05 -0.0173912 0.0842677 -2.45284e-05 -0.000301364 0.000107105 -2.45284e-05 0.00922765 -0.0172158 -2.13011e-05 -0.000301364 -0.0172158 0.082747 
0.00949763 -0.0175516 0.000133235 -5.65665e-05 -0.0175516 0.0866059 -6.98716e-05 -0.000181092 0.000133235 -6.98716e-05 0.00949756 -0.0174205 -5.65665e-05 -0.000181092 -0.0174205 0.0852585 
0.00951402 -0.0174703 0.000147612 -9.16499e-05 -0.0174703 0.0863603 -0.000105203 -2.77041e-05 0.000147612 -0.000105203 0.00950624 -0.0173792 -9.16499e-05 -2.77041e-05 -0.0173792 0.0853824 
0.00953433 -0.0174608 0.000127216 -0.000120619 -0.0174608 0.086274 -0.000124266 8.86317e-05 0.000127216 -0.000124266 0.00950502 -0.0173819 -0.000120619 8.86317e-05 -0.0173819 0.0855508 
0.00956326 -0.0175125 0.000123892 -0.00010279 -0.0175125 0.0864201 -9.90264e-05 0.000106224 0.000123892 -9.90264e-05 0.00952741 -0.0173903 -0.00010279 0.000106224 -0.0173903 0.0857202 
0.00965496 -0.0177036 0.000141856 -8.99139e-05 -0.0177036 0.0872806 -8.73501e-05 7.37089e-05 0.000141856 -8.73501e-05 0.0096196 -0.0175467 -8.99139e-05 7.37089e-05 -0.0175467 0.0864855 
0.00977275 -0.017931 0.000142615 -0.000111036 -0.017931 0.088377 -0.00011239 9.63866e-05 0.000142615 -0.00011239 0.00974694 -0.0177509 -0.000111036 9.63866e-05 -0.0177509 0.0874639 
0.00971884 -0.0178468 0.000153564 -0.000114118 -0.0178468 0.0879501 -0.000117823 0.000124909 0.000153564 -0.000117823 0.00970301 -0.0176698 -0.000114118 0.000124909 -0.0176698 0.0869816 
0.00965564 -0.0177279 0.000153182 -0.000124278 -0.0177279 0.0873811 -0.000129778 0.000148265 0.000153182 -0.000129778 0.00966593 -0.0175734 -0.000124278 0.000148265 -0.0175734 0.0864443 
0.00966067 -0.0177272 0.000131261 -0.000118396 -0.0177272 0.0873802 -0.000124186 0.000142697 0.000131261 -0.000124186 0.00966973 -0.017619 -0.000118396 0.000142697 -0.017619 0.0865454 
0.00964173 -0.0177012 0.00013682 -8.86979e-05 -0.0177012 0.0872199 -9.10608e-05 8.37195e-05 0.00013682 -9.10608e-05 0.00966461 -0.0175951 -8.86979e-05 8.37195e-05 -0.0175951 0.0864437 
0.00970189 -0.0178204 0.000147689 -9.41504e-05 -0.0178204 0.0878078 -9.18581e-05 5.05719e-05 0.000147689 -9.18581e-05 0.00970321 -0.0177333 -9.41504e-05 5.05719e-05 -0.0177333 0.0870802 
0.00971573 -0.0178204 0.000155563 -0.000110477 -0.0178204 0.0878228 -0.000103585 6.73916e-05 0.000155563 -0.000103585 0.00966079 -0.0177063 -0.000110477 6.73916e-05 -0.0177063 0.0870793 
0.00970923 -0.0178218 0.0001297 -0.00012205 -0.0178218 0.0877667 -0.000117127 0.000100017 0.0001297 -0.000117127 0.00962364 -0.0176218 -0.00012205 0.000100017 -0.0176218 0.0868567 
0.0096686 -0.0177181 0.00010589 -9.26719e-05 -0.0177181 0.087254 -9.06682e-05 7.61998e-05 0.00010589 -9.06682e-05 0.00953872 -0.0174682 -9.26719e-05 7.61998e-05 -0.0174682 0.0861713 
0.00964724 -0.0176991 9.0695e-05 -6.37517e-05 -0.0176991 0.0871041 -6.46676e-05 1.92538e-05 9.0695e-05 -6.46676e-05 0.00954201 -0.0174091 -6.37517e-05 1.92538e-05 -0.0174091 0.0859125 
0.00967662 -0.0177874 9.06994e-05 -5.56119e-05 -0.0177874 0.0875559 -5.31051e-05 -1.03117e-05 9.06994e-05 -5.31051e-05 0.0096267 -0.0175252 -5.56119e-05 -1.03117e-05 -0.0175252 0.0863566 
0.0096588 -0.0177832 0.000103518 -6.33255e-05 -0.0177832 0.0876312 -5.58187e-05 -3.9242e-06 0.000103518 -5.58187e-05 0.00968076 -0.017606 -6.33255e-05 -3.9242e-06 -0.017606 0.0865926 
0.00964046 -0.0177577 9.63099e-05 -8.14795e-05 -0.0177577 0.0876398 -7.02012e-05 3.13001e-05 9.63099e-05 -7.02012e-05 0.00972268 -0.0176943 -8.14795e-05 3.13001e-05 -0.0176943 0.086888 
0.00963057 -0.0176971 7.56948e-05 -7.59308e-05 -0.0176971 0.0874383 -6.49369e-05 4.45308e-05 7.56948e-05 -6.49369e-05 0.00971501 -0.0177217 -7.59308e-05 4.45308e-05 -0.0177217 0.0869659 
0.00960985 -0.0176616 7.81313e-05 -4.62182e-05 -0.0176616 0.0872341 -3.5135e-05 -6.83874e-06 7.81313e-05 -3.5135e-05 0.00970957 -0.0177026 -4.62182e-05 -6.83874e-06 -0.0177026 0.0869156 
0.0096169 -0.0176646 8.87802e-05 -4.91159e-05 -0.0176646 0.0872422 -4.0438e-05 -2.48591e-05 8.87802e-05 -4.0438e-05 0.00971077 -0.0177154 -4.91159e-05 -2.48591e-05 -0.0177154 0.0869751 
0.00966522 -0.0177466 7.73026e-05 -6.2911e-05 -0.0177466 0.0876246 -5.7173e-05 1.55899e-06 7.73026e-05 -5.7173e-05 0.00974164 -0.0177919 -6.2911e-05 1.55899e-06 -0.0177919 0.0873707 
0.00966482 -0.017721 6.42714e-05 -5.13908e-05 -0.017721 0.0874646 -4.62473e-05 2.94181e-06 6.42714e-05 -4.62473e-05 0.00970761 -0.0177331 -5.13908e-05 2.94181e-06 -0.0177331 0.0871453 
0.00968037 -0.0177238 5.74683e-05 -3.82787e-05 -0.0177238 0.087387 -3.29578e-05 -1.67454e-05 5.74683e-05 -3.29578e-05 0.0096622 -0.0176763 -3.82787e-05 -1.67454e-05 -0.0176763 0.0869198 
0.00966049 -0.0177392 4.57618e-05 -3.20549e-05 -0.0177392 0.0873491 -2.78203e-05 -3.02679e-05 4.57618e-05 -2.78203e-05 0.00965082 -0.0176057 -3.20549e-05 -3.02679e-05 -0.0176057 0.086667 
0.00962033 -0.0176983 5.77596e-05 -2.34414e-05 -0.0176983 0.0871856 -1.91253e-05 -4.06928e-05 5.77596e-05 -1.91253e-05 0.00963623 -0.0175528 -2.34414e-05 -4.06928e-05 -0.0175528 0.0863584 
0.00961488 -0.0176837 6.85037e-05 -3.62357e-05 -0.0176837 0.0872035 -3.00747e-05 -2.96586e-05 6.85037e-05 -3.00747e-05 0.0096302 -0.0175765 -3.62357e-05 -2.96586e-05 -0.0175765 0.0863961 
0.00965877 -0.0177695 4.96548e-05 -5.38799e-05 -0.0177695 0.0876635 -4.35114e-05 6.01054e-06 4.96548e-05 -4.35114e-05 0.0096811 -0.0176744 -5.38799e-05 6.01054e-06 -0.0176744 0.0869109 
0.00970122 -0.0178562 5.51897e-05 -3.6262e-05 -0.0178562 0.0881452 -2.57539e-05 2.65194e-06 5.51897e-05 -2.57539e-05 0.00976188 -0.0177876 -3.6262e-05 2.65194e-06 -0.0177876 0.087475 
0.00969826 -0.0178318 5.34057e-05 -4.19202e-05 -0.0178318 0.0880768 -3.58487e-05 9.19133e-06 5.34057e-05 -3.58487e-05 0.00977703 -0.0178068 -4.19202e-05 9.19133e-06 -0.0178068 0.0875068 
0.00966404 -0.0177655 8.29884e-05 -4.29634e-05 -0.0177655 0.0877555 -3.97953e-05 2.65325e-05 8.29884e-05 -3.97953e-05 0.00977572 -0.0177796 -4.29634e-05 2.65325e-05 -0.0177796 0.0873149 
0.00967776 -0.0177658 8.45849e-05 -7.6207e-05 -0.0177658 0.0877625 -7.58978e-05 8.67715e-05 8.45849e-05 -7.58978e-05 0.00977371 -0.0178249 -7.6207e-05 8.67715e-05 -0.0178249 0.0874488 
0.00970896 -0.0177916 8.27633e-05 -8.11908e-05 -0.0177916 0.0878383 -8.09069e-05 0.000129388 8.27633e-05 -8.09069e-05 0.00976448 -0.0178355 -8.11908e-05 0.000129388 -0.0178355 0.0875611 
0.00971388 -0.0178118 8.2342e-05 -7.61862e-05 -0.0178118 0.0878388 -7.35305e-05 0.000127645 8.2342e-05 -7.35305e-05 0.00975007 -0.0177979 -7.61862e-05 0.000127645 -0.0177979 0.0874653 
0.00971788 -0.0178596 0.000102031 -7.1048e-05 -0.0178596 0.0880293 -6.80281e-05 0.000108537 0.000102031 -6.80281e-05 0.00975871 -0.0177961 -7.1048e-05 0.000108537 -0.0177961 0.0874943 
0.00966304 -0.017748 9.75014e-05 -8.91237e-05 -0.017748 0.087553 -8.48227e-05 0.000119083 9.75014e-05 -8.48227e-05 0.00969571 -0.0176953 -8.91237e-05 0.000119083 -0.0176953 0.0869752 
0.00963983 -0.0176991 0.000104408 -8.26003e-05 -0.0176991 0.0873117 -7.94546e-05 0.000117502 0.000104408 -7.94546e-05 0.00966049 -0.0176329 -8.26003e-05 0.000117502 -0.0176329 0.0867019 
0.00965791 -0.0176926 0.000104628 -8.38047e-05 -0.0176926 0.0872636 -8.67648e-05 0.000111458 0.000104628 -8.67648e-05 0.0096243 -0.0176127 -8.38047e-05 0.000111458 -0.0176127 0.0866202 
0.00968833 -0.0177012 8.90327e-05 -8.17025e-05 -0.0177012 0.0872199 -9.13473e-05 0.000113083 8.90327e-05 -9.13473e-05 0.00956917 -0.0175656 -8.17025e-05 0.000113083 -0.0175656 0.0864923 
0.00965836 -0.0176832 6.10349e-05 -6.80837e-05 -0.0176832 0.0869877 -7.60533e-05 9.69968e-05 6.10349e-05 -7.60533e-05 0.00953179 -0.0174455 -6.80837e-05 9.69968e-05 -0.0174455 0.0860662 
0.00961628 -0.0176596 3.36021e-05 -3.58148e-05 -0.0176596 0.0868701 -4.35124e-05 3.88719e-05 3.36021e-05 -4.35124e-05 0.00952325 -0.0173952 -3.58148e-05 3.88719e-05 -0.0173952 0.0857915 
0.009786 -0.0180208 4.48577e-05 -5.14915e-07 -0.0180208 0.088752 -1.07829e-05 -4.18144e-05 4.48577e-05 -1.07829e-05 0.00976591 -0.0177891 -5.14915e-07 -4.18144e-05 -0.0177891 0.0876506 
0.00955032 -0.0175836 2.87997e-05 -1.1196e-05 -0.0175836 0.0867504 -2.23601e-05 -5.84379e-05 2.87997e-05 -2.23601e-05 0.00956574 -0.0174528 -1.1196e-05 -5.84379e-05 -0.0174528 0.0858446 
0.0097285 -0.0179189 1.11633e-05 2.56035e-06 -0.0179189 0.0884791 -5.98579e-06 -7.69718e-05 1.11633e-05 -5.98579e-06 0.00978803 -0.0178455 2.56035e-06 -7.69718e-05 -0.0178455 0.0877559 
0.00970654 -0.0178535 2.70645e-05 2.40757e-05 -0.0178535 0.0882126 2.38557e-05 -0.000131318 2.70645e-05 2.38557e-05 0.00975352 -0.0178317 2.40757e-05 -0.000131318 -0.0178317 0.0876461 
0.00968537 -0.0178181 7.05812e-05 9.87256e-06 -0.0178181 0.0880006 1.3787e-05 -0.000147401 7.05812e-05 1.3787e-05 0.00971954 -0.0177733 9.87256e-06 -0.000147401 -0.0177733 0.0874578 
0.00963631 -0.0177659 0.000119801 -4.87919e-05 -0.0177659 0.0877443 -4.96093e-05 -4.24834e-05 0.000119801 -4.96093e-05 0.00971551 -0.0177103 -4.87919e-05 -4.24834e-05 -0.0177103 0.0871909 
0.00963927 -0.0177557 0.000131746 -0.000110843 -0.0177557 0.0878026 -0.000111176 0.000106125 0.000131746 -0.000111176 0.00974236 -0.0177737 -0.000110843 0.000106125 -0.0177737 0.0873781 
0.00965173 -0.017767 0.000120148 -0.000127228 -0.017767 0.0878641 -0.000121983 0.000186368 0.000120148 -0.000121983 0.00975801 -0.0178143 -0.000127228 0.000186368 -0.0178143 0.0875584 
0.00965855 -0.0177986 0.000117756 -0.000119439 -0.0177986 0.0879947 -0.000110267 0.000201424 0.000117756 -0.000110267 0.00979167 -0.0178464 -0.000119439 0.000201424 -0.0178464 0.0877338 
0.00967043 -0.0177872 0.000128785 -0.000112324 -0.0177872 0.0879884 -0.000103975 0.000186996 0.000128785 -0.000103975 0.00978431 -0.0178759 -0.000112324 0.000186996 -0.0178759 0.0878094 
0.00967889 -0.017772 0.000134139 -0.000114345 -0.017772 0.0878482 -0.000117708 0.000185956 0.000134139 -0.000117708 0.00975013 -0.0178298 -0.000114345 0.000185956 -0.0178298 0.0876546 
0.00965396 -0.0177414 0.000138864 -0.000112902 -0.0177414 0.0875954 -0.000129211 0.000195005 0.000138864 -0.000129211 0.00970308 -0.017739 -0.000112902 0.000195005 -0.017739 0.0872817 
0.00966866 -0.017821 0.000120321 -0.000117652 -0.017821 0.0879679 -0.000138543 0.00020992 0.000120321 -0.000138543 0.00975401 -0.0177888 -0.000117652 0.00020992 -0.0177888 0.0875464 
0.00965677 -0.0177844 9.74134e-05 -9.68393e-05 -0.0177844 0.0878891 -0.000115455 0.000182657 9.74134e-05 -0.000115455 0.00976724 -0.0177942 -9.68393e-05 0.000182657 -0.0177942 0.087488 
0.00967946 -0.0177993 7.35924e-05 -6.43546e-05 -0.0177993 0.0879633 -7.66494e-05 0.000100737 7.35924e-05 -7.66494e-05 0.00976407 -0.0178349 -6.43546e-05 0.000100737 -0.0178349 0.0876185 
0.00974177 -0.0178723 7.1633e-05 -3.36836e-05 -0.0178723 0.0882685 -4.28781e-05 9.4185e-06 7.1633e-05 -4.28781e-05 0.00977614 -0.0178837 -3.36836e-05 9.4185e-06 -0.0178837 0.0879204 
0.00960013 -0.0176183 8.62264e-05 -2.5802e-05 -0.0176183 0.0869 -3.16016e-05 -5.06481e-05 8.62264e-05 -3.16016e-05 0.00959004 -0.0175685 -2.5802e-05 -5.06481e-05 -0.0175685 0.0864548 
0.00961343 -0.0176626 9.82226e-05 -5.042e-05 -0.0176626 0.0870764 -5.27873e-05 -3.04115e-05 9.82226e-05 -5.27873e-05 0.00959259 -0.0175514 -5.042e-05 -3.04115e-05 -0.0175514 0.0864742 
0.00965318 -0.0177342 7.70007e-05 -6.28904e-05 -0.0177342 0.0874543 -6.32511e-05 -3.07149e-06 7.70007e-05 -6.32511e-05 0.00961757 -0.0176042 -6.28904e-05 -3.07149e-06 -0.0176042 0.0867453 
0.00963524 -0.0177643 9.28759e-05 -3.8512e-05 -0.0177643 0.0875951 -4.04776e-05 -2.63892e-05 9.28759e-05 -4.04776e-05 0.00966167 -0.017602 -3.8512e-05 -2.63892e-05 -0.017602 0.0867806 
0.00960853 -0.0177184 0.000121656 -5.47068e-05 -0.0177184 0.0875295 -5.88829e-05 -2.10005e-05 0.000121656 -5.88829e-05 0.00970812 -0.017648 -5.47068e-05 -2.10005e-05 -0.017648 0.0868296 
0.00960089 -0.0176758 0.000147814 -9.09589e-05 -0.0176758 0.0874078 -9.11774e-05 3.9671e-05 0.000147814 -9.11774e-05 0.00971732 -0.0177045 -9.09589e-05 3.9671e-05 -0.0177045 0.0869387 
0.00960818 -0.0177054 0.000130887 -0.000122965 -0.0177054 0.0875337 -0.000121913 0.000115797 0.000130887 -0.000121913 0.00973388 -0.0177544 -0.000122965 0.000115797 -0.0177544 0.0871976 
0.00954309 -0.0175792 0.000130006 -0.000102504 -0.0175792 0.0869332 -0.000101415 0.000117321 0.000130006 -0.000101415 0.00967521 -0.0176265 -0.000102504 0.000117321 -0.0176265 0.0866213 
0.0095133 -0.0174938 0.000148211 -0.000102083 -0.0174938 0.0865314 -9.96678e-05 0.000105921 0.000148211 -9.96678e-05 0.00963419 -0.0175684 -0.000102083 0.000105921 -0.0175684 0.0862892 
0.00953027 -0.0175278 0.000166901 -0.000120909 -0.0175278 0.0866435 -0.000124176 0.00013453 0.000166901 -0.000124176 0.00963045 -0.0175952 -0.000120909 0.00013453 -0.0175952 0.0864311 
0.00954578 -0.0175604 0.000162542 -0.000151386 -0.0175604 0.0867734 -0.000156477 0.000210926 0.000162542 -0.000156477 0.0096227 -0.0175905 -0.000151386 0.000210926 -0.0175905 0.0864982 
0.00955437 -0.0175758 0.000138972 -0.000146747 -0.0175758 0.0868353 -0.000143846 0.000227978 0.000138972 -0.000143846 0.00961427 -0.0175701 -0.000146747 0.000227978 -0.0175701 0.0864664 
0.0095534 -0.0175348 0.000105285 -0.00012153 -0.0175348 0.0866277 -0.000115871 0.000191373 0.000105285 -0.000115871 0.00957975 -0.0175078 -0.00012153 0.000191373 -0.0175078 0.0861851 
0.0095794 -0.0175817 8.42072e-05 -8.19457e-05 -0.0175817 0.0867774 -7.84674e-05 0.000114413 8.42072e-05 -7.84674e-05 0.00959744 -0.0175257 -8.19457e-05 0.000114413 -0.0175257 0.0862768 
0.00957225 -0.0175959 9.92947e-05 -5.54481e-05 -0.0175959 0.0867972 -5.22453e-05 3.72488e-05 9.92947e-05 -5.22453e-05 0.00961194 -0.0175211 -5.54481e-05 3.72488e-05 -0.0175211 0.0862314 
0.00958474 -0.0176332 9.50614e-05 -7.57928e-05 -0.0176332 0.0870203 -7.01666e-05 3.99371e-05 9.50614e-05 -7.01666e-05 0.00962181 -0.0175875 -7.57928e-05 3.99371e-05 -0.0175875 0.0864741 
0.00955808 -0.0175721 8.37338e-05 -7.36895e-05 -0.0175721 0.0867534 -6.868e-05 5.42854e-05 8.37338e-05 -6.868e-05 0.00957429 -0.0175132 -7.36895e-05 5.42854e-05 -0.0175132 0.0861918 
0.00955924 -0.0175628 8.09439e-05 -5.82611e-05 -0.0175628 0.0866928 -5.50338e-05 3.42701e-05 8.09439e-05 -5.50338e-05 0.00955797 -0.0174759 -5.82611e-05 3.42701e-05 -0.0174759 0.0860727 
0.00954939 -0.0175903 0.000106032 -4.94051e-05 -0.0175903 0.0867871 -5.17942e-05 8.67636e-06 0.000106032 -5.17942e-05 0.0095854 -0.0174712 -4.94051e-05 8.67636e-06 -0.0174712 0.0860756 
0.00972486 -0.0179158 0.000149919 -7.53405e-05 -0.0179158 0.0884856 -7.89444e-05 3.17694e-05 0.000149919 -7.89444e-05 0.00979556 -0.0178445 -7.53405e-05 3.17694e-05 -0.0178445 0.0878025 
0.00952602 -0.0175559 0.000137667 -0.000127259 -0.0175559 0.0867752 -0.000127739 0.000127412 0.000137667 -0.000127739 0.00961016 -0.017551 -0.000127259 0.000127412 -0.017551 0.0862681 
0.0094933 -0.0174953 0.000110551 -0.000127759 -0.0174953 0.0865305 -0.000123905 0.000183662 0.000110551 -0.000123905 0.00959027 -0.0175175 -0.000127759 0.000183662 -0.0175175 0.0861523 
0.00969637 -0.0178396 9.42988e-05 -9.91625e-05 -0.0178396 0.0882941 -9.29112e-05 0.000152716 9.42988e-05 -9.29112e-05 0.00978389 -0.0179004 -9.91625e-05 0.000152716 -0.0179004 0.088042 
0.00968733 -0.0178307 0.00010912 -7.10515e-05 -0.0178307 0.0882079 -6.71241e-05 8.44663e-05 0.00010912 -6.71241e-05 0.00977001 -0.0178716 -7.10515e-05 8.44663e-05 -0.0178716 0.0879788 
0.0096479 -0.0177577 0.000133225 -8.4583e-05 -0.0177577 0.0878401 -8.33105e-05 7.7104e-05 0.000133225 -8.33105e-05 0.00972856 -0.017782 -8.4583e-05 7.7104e-05 -0.017782 0.0875748 
0.00960279 -0.0176805 0.000142067 -0.00011322 -0.0176805 0.0874431 -0.0001143 0.000127524 0.000142067 -0.0001143 0.00968273 -0.0176922 -0.00011322 0.000127524 -0.0176922 0.087132 
0.0095305 -0.0175657 0.000128536 -0.000117122 -0.0175657 0.086872 -0.000121228 0.00015416 0.000128536 -0.000121228 0.00963467 -0.0175745 -0.000117122 0.00015416 -0.0175745 0.0865375 
0.00954873 -0.0175615 0.000140415 -0.000103741 -0.0175615 0.086883 -0.000112282 0.00014862 0.000140415 -0.000112282 0.00963275 -0.0176019 -0.000103741 0.00014862 -0.0176019 0.0865917 
0.00956191 -0.0176126 0.000142364 -0.000116458 -0.0176126 0.0870485 -0.000126806 0.000159793 0.000142364 -0.000126806 0.0096491 -0.0176235 -0.000116458 0.000159793 -0.0176235 0.0867317 
0.00955778 -0.0175929 0.000129356 -0.000116719 -0.0175929 0.0869639 -0.000124319 0.00016145 0.000129356 -0.000124319 0.00961839 -0.0175992 -0.000116719 0.00016145 -0.0175992 0.086609 
0.00953172 -0.0175232 0.000101318 -0.000105373 -0.0175232 0.0865894 -0.000111709 0.000148652 0.000101318 -0.000111709 0.00955034 -0.0174958 -0.000105373 0.000148652 -0.0174958 0.0861724 
0.00953023 -0.0175355 7.65183e-05 -7.17617e-05 -0.0175355 0.0865874 -7.65355e-05 8.8317e-05 7.65183e-05 -7.65355e-05 0.00951648 -0.0174546 -7.17617e-05 8.8317e-05 -0.0174546 0.0860539 
0.00971174 -0.017908 4.9739e-05 -5.13933e-05 -0.017908 0.0884461 -5.06473e-05 3.14224e-05 4.9739e-05 -5.06473e-05 0.00972728 -0.0177991 -5.13933e-05 3.14224e-05 -0.0177991 0.087827 
0.00969921 -0.0178454 3.24756e-05 -2.03515e-05 -0.0178454 0.0882472 -1.48955e-05 -4.10868e-05 3.24756e-05 -1.48955e-05 0.00969991 -0.0177852 -2.03515e-05 -4.10868e-05 -0.0177852 0.0876921 
0.00953798 -0.0175243 4.18705e-05 -3.12833e-06 -0.0175243 0.0866176 5.21192e-06 -9.42706e-05 4.18705e-05 5.21192e-06 0.00948617 -0.0174488 -3.12833e-06 -9.42706e-05 -0.0174488 0.0860936 
0.00954175 -0.0175407 4.67571e-05 -1.66362e-05 -0.0175407 0.0866297 -7.59457e-06 -9.21087e-05 4.67571e-05 -7.59457e-06 0.00947142 -0.0173988 -1.66362e-05 -9.21087e-05 -0.0173988 0.0860041 
0.00951672 -0.0175703 6.19695e-05 -2.42381e-05 -0.0175703 0.0867699 -1.49423e-05 -7.03166e-05 6.19695e-05 -1.49423e-05 0.00951198 -0.0173997 -2.42381e-05 -7.03166e-05 -0.0173997 0.0860376 
0.00952371 -0.0175942 8.0183e-05 -4.17748e-05 -0.0175942 0.0870495 -3.26383e-05 -3.62235e-05 8.0183e-05 -3.26383e-05 0.00954476 -0.0174941 -4.17748e-05 -3.62235e-05 -0.0174941 0.0863696 
0.00949492 -0.017533 0.000101085 -6.22469e-05 -0.017533 0.0868438 -5.93547e-05 2.04563e-05 0.000101085 -5.93547e-05 0.00952853 -0.0174674 -6.22469e-05 2.04563e-05 -0.0174674 0.0862701 
0.00947059 -0.0175074 0.000139271 -8.66027e-05 -0.0175074 0.0867694 -9.05781e-05 8.87615e-05 0.000139271 -9.05781e-05 0.00955635 -0.0174702 -8.66027e-05 8.87615e-05 -0.0174702 0.0862974 
0.00940823 -0.0173672 0.000146202 -0.000132065 -0.0173672 0.0861616 -0.000139198 0.000190856 0.000146202 -0.000139198 0.00953709 -0.0174018 -0.000132065 0.000190856 -0.0174018 0.0858511 
0.00960451 -0.0176905 0.000116235 -0.000151944 -0.0176905 0.0877655 -0.000156162 0.000274135 0.000116235 -0.000156162 0.00974071 -0.0177959 -0.000151944 0.000274135 -0.0177959 0.0876524 
0.00965187 -0.0177573 9.58991e-05 -0.000106797 -0.0177573 0.0879954 -0.00010576 0.000215522 9.58991e-05 -0.00010576 0.00975506 -0.0178626 -0.000106797 0.000215522 -0.0178626 0.0879619 
0.00964607 -0.0177542 7.2698e-05 -7.28024e-05 -0.0177542 0.0878926 -7.25612e-05 0.000117155 7.2698e-05 -7.25612e-05 0.00974814 -0.0178282 -7.28024e-05 0.000117155 -0.0178282 0.0878459 
0.00965937 -0.0177687 4.40672e-05 -3.90048e-05 -0.0177687 0.0879135 -3.78495e-05 1.60379e-05 4.40672e-05 -3.78495e-05 0.00973359 -0.0178192 -3.90048e-05 1.60379e-05 -0.0178192 0.0877848 
0.00950117 -0.0175064 6.19515e-05 -4.79522e-06 -0.0175064 0.0865441 -1.07091e-06 -7.93487e-05 6.19515e-05 -1.07091e-06 0.00956288 -0.0175076 -4.79522e-06 -7.93487e-05 -0.0175076 0.086293 
0.00953552 -0.0175728 9.4805e-05 -2.59033e-05 -0.0175728 0.0869089 -2.3224e-05 -8.83733e-05 9.4805e-05 -2.3224e-05 0.0096002 -0.0175694 -2.59033e-05 -8.83733e-05 -0.0175694 0.0866061 
0.00949929 -0.017524 0.000117056 -6.41795e-05 -0.017524 0.0866917 -6.82356e-05 -1.23632e-05 0.000117056 -6.82356e-05 0.00959316 -0.0175259 -6.41795e-05 -1.23632e-05 -0.0175259 0.086383 
0.00949824 -0.0175238 0.000123788 -8.42538e-05 -0.0175238 0.0867454 -9.98279e-05 6.00513e-05 0.000123788 -9.98279e-05 0.0096111 -0.0175653 -8.42538e-05 6.00513e-05 -0.0175653 0.0865035 
0.00954575 -0.0175831 0.000127545 -9.015e-05 -0.0175831 0.0870764 -0.000110847 9.9557e-05 0.000127545 -0.000110847 0.0096431 -0.0176576 -9.015e-05 9.9557e-05 -0.0176576 0.0869295 
0.00959848 -0.0176568 0.000105323 -9.21556e-05 -0.0176568 0.0873939 -0.000112408 0.000110302 0.000105323 -0.000112408 0.00964526 -0.0177056 -9.21556e-05 0.000110302 -0.0177056 0.0872384 
0.00960326 -0.0176767 0.000101999 -7.2735e-05 -0.0176767 0.0874144 -8.88223e-05 8.63732e-05 0.000101999 -8.88223e-05 0.00964847 -0.0176536 -7.2735e-05 8.63732e-05 -0.0176536 0.0871228 
0.00961257 -0.0177043 0.00010896 -6.74361e-05 -0.0177043 0.0875416 -7.52288e-05 4.95053e-05 0.00010896 -7.52288e-05 0.00968288 -0.0176748 -6.74361e-05 4.95053e-05 -0.0176748 0.087166 
0.00959944 -0.0177287 0.000103601 -7.77669e-05 -0.0177287 0.0876811 -7.9374e-05 4.6137e-05 0.000103601 -7.9374e-05 0.00972675 -0.0177311 -7.77669e-05 4.6137e-05 -0.0177311 0.0873272 
0.00961063 -0.0177581 0.000116769 -7.32306e-05 -0.0177581 0.0879234 -7.16884e-05 3.81804e-05 0.000116769 -7.16884e-05 0.00975775 -0.0178154 -7.32306e-05 3.81804e-05 -0.0178154 0.0876499 
0.00959709 -0.01773 0.000143672 -8.86697e-05 -0.01773 0.0878609 -8.44041e-05 5.26501e-05 0.000143672 -8.44041e-05 0.00976226 -0.0178253 -8.86697e-05 5.26501e-05 -0.0178253 0.0877061 
0.00960783 -0.0177576 0.000151942 -0.000122345 -0.0177576 0.0880357 -0.000115424 0.000109986 0.000151942 -0.000115424 0.00978705 -0.0178778 -0.000122345 0.000109986 -0.0178778 0.0879671 
0.00958559 -0.0177302 0.000124601 -0.00013165 -0.0177302 0.0879514 -0.000128861 0.00015615 0.000124601 -0.000128861 0.00979804 -0.0178719 -0.00013165 0.00015615 -0.0178719 0.087956 
0.00956883 -0.0176237 0.000108904 -9.16473e-05 -0.0176237 0.0874938 -9.26915e-05 0.000107046 0.000108904 -9.26915e-05 0.00973611 -0.0178099 -9.16473e-05 0.000107046 -0.0178099 0.0875998 
0.00958001 -0.0176235 0.000124287 -7.33597e-05 -0.0176235 0.0873723 -6.86048e-05 4.23087e-05 0.000124287 -6.86048e-05 0.00971404 -0.0177718 -7.33597e-05 4.23087e-05 -0.0177718 0.0874914 
0.00957024 -0.0176092 0.00013575 -9.89664e-05 -0.0176092 0.087197 -8.76492e-05 5.51973e-05 0.00013575 -8.76492e-05 0.00969884 -0.0177104 -9.89664e-05 5.51973e-05 -0.0177104 0.0872278 
0.00962432 -0.0176586 0.000115659 -0.000115134 -0.0176586 0.0873789 -0.000101961 9.5019e-05 0.000115659 -0.000101961 0.00968647 -0.0177348 -0.000115134 9.5019e-05 -0.0177348 0.0873061 
0.00970125 -0.0177998 8.98447e-05 -9.09123e-05 -0.0177998 0.087932 -8.13664e-05 8.04621e-05 8.98447e-05 -8.13664e-05 0.00971647 -0.0178031 -9.09123e-05 8.04621e-05 -0.0178031 0.0877159 
0.00972148 -0.0178423 6.85002e-05 -5.49164e-05 -0.0178423 0.0880516 -5.15876e-05 1.5627e-05 6.85002e-05 -5.15876e-05 0.00972585 -0.0177729 -5.49164e-05 1.5627e-05 -0.0177729 0.0876341 
0.00976484 -0.0179344 9.73081e-05 -2.58136e-05 -0.0179344 0.0884506 -2.49388e-05 -5.83689e-05 9.73081e-05 -2.49388e-05 0.00974354 -0.0178316 -2.58136e-05 -5.83689e-05 -0.0178316 0.0878679 
0.0097411 -0.0179053 0.000134001 -6.38234e-05 -0.0179053 0.0883121 -6.07583e-05 -2.7785e-05 0.000134001 -6.07583e-05 0.00973626 -0.0177844 -6.38234e-05 -2.7785e-05 -0.0177844 0.0876582 
0.00970425 -0.0178571 0.000143248 -0.00011082 -0.0178571 0.0880958 -0.000109945 7.52943e-05 0.000143248 -0.000109945 0.00972945 -0.0177473 -0.00011082 7.52943e-05 -0.0177473 0.0874175 
0.00969329 -0.0178607 0.000141462 -0.000123886 -0.0178607 0.0881633 -0.000123386 0.00014457 0.000141462 -0.000123386 0.00976874 -0.017791 -0.000123886 0.00014457 -0.017791 0.0875423 
0.00968388 -0.0178329 0.000151471 -0.000116085 -0.0178329 0.0881145 -0.000115305 0.000147152 0.000151471 -0.000115305 0.00978714 -0.0178388 -0.000116085 0.000147152 -0.0178388 0.0876542 
0.00971356 -0.0178487 0.000152354 -0.000125951 -0.0178487 0.08821 -0.000127756 0.000159505 0.000152354 -0.000127756 0.00977905 -0.0178917 -0.000125951 0.000159505 -0.0178917 0.0878841 
0.00973232 -0.0178991 0.000129404 -0.000126504 -0.0178991 0.0883656 -0.000128492 0.000166131 0.000129404 -0.000128492 0.00977386 -0.0178813 -0.000126504 0.000166131 -0.0178813 0.0879798 
0.00973534 -0.0179288 0.000109355 -0.000108701 -0.0179288 0.0884978 -0.000103863 0.000143699 0.000109355 -0.000103863 0.00976126 -0.0178619 -0.000108701 0.000143699 -0.0178619 0.0879637 
0.00974415 -0.0178964 0.000105639 -8.46004e-05 -0.0178964 0.0883941 -6.94939e-05 7.83855e-05 0.000105639 -6.94939e-05 0.00971906 -0.0178183 -8.46004e-05 7.83855e-05 -0.0178183 0.087792 
0.00978459 -0.0179478 0.000100532 -7.52567e-05 -0.0179478 0.0885599 -6.00829e-05 2.83272e-05 0.000100532 -6.00829e-05 0.0097041 -0.0178052 -7.52567e-05 2.83272e-05 -0.0178052 0.0878386 
0.00976729 -0.0179283 9.02813e-05 -6.68435e-05 -0.0179283 0.0883779 -6.17768e-05 1.08037e-05 9.02813e-05 -6.17768e-05 0.00968692 -0.0177161 -6.68435e-05 1.08037e-05 -0.0177161 0.0874901 
0.00972367 -0.0178838 7.24165e-05 -4.92998e-05 -0.0178838 0.0881342 -5.37438e-05 -1.49665e-05 7.24165e-05 -5.37438e-05 0.00967404 -0.0176569 -4.92998e-05 -1.49665e-05 -0.0176569 0.0871282 
0.00968059 -0.0178755 7.97484e-05 -3.07768e-05 -0.0178755 0.0881563 -4.00654e-05 -4.41045e-05 7.97484e-05 -4.00654e-05 0.00972068 -0.0176906 -3.07768e-05 -4.41045e-05 -0.0176906 0.0871825 
0.0096448 -0.0177855 0.000101762 -4.13998e-05 -0.0177855 0.0879155 -4.71253e-05 -4.28479e-05 0.000101762 -4.71253e-05 0.0097295 -0.0177337 -4.13998e-05 -4.28479e-05 -0.0177337 0.0872012 
0.0096477 -0.0177647 0.000101214 -7.02784e-05 -0.0177647 0.0878749 -7.13557e-05 2.96355e-06 0.000101214 -7.13557e-05 0.00973321 -0.0177937 -7.02784e-05 2.96355e-06 -0.0177937 0.0874432 
0.00964053 -0.0177441 8.28654e-05 -7.42769e-05 -0.0177441 0.0877413 -7.26382e-05 3.44778e-05 8.28654e-05 -7.26382e-05 0.00970294 -0.0177645 -7.42769e-05 3.44778e-05 -0.0177645 0.0873953 
0.00965319 -0.0178122 6.97866e-05 -5.72542e-05 -0.0178122 0.0880602 -5.16655e-05 1.69941e-05 6.97866e-05 -5.16655e-05 0.00974379 -0.0178066 -5.72542e-05 1.69941e-05 -0.0178066 0.0876966 
0.00965453 -0.0178213 8.8833e-05 -4.15023e-05 -0.0178213 0.0882084 -3.06329e-05 -2.54248e-05 8.8833e-05 -3.06329e-05 0.00976453 -0.0178495 -4.15023e-05 -2.54248e-05 -0.0178495 0.0878815 
0.00964837 -0.0177757 0.000110235 -6.94405e-05 -0.0177757 0.0880672 -5.34109e-05 9.19392e-07 0.000110235 -5.34109e-05 0.00976697 -0.0178473 -6.94405e-05 9.19392e-07 -0.0178473 0.0878621 
0.00964431 -0.0177246 0.000111699 -0.000100805 -0.0177246 0.0877706 -8.48593e-05 7.62604e-05 0.000111699 -8.48593e-05 0.00973813 -0.0177959 -0.000100805 7.62604e-05 -0.0177959 0.0876042 
0.00965132 -0.0177126 0.000103218 -0.000102115 -0.0177126 0.0875895 -9.35087e-05 0.000121176 0.000103218 -9.35087e-05 0.00968526 -0.0177431 -0.000102115 0.000121176 -0.0177431 0.0873571 
0.00963836 -0.0176896 0.000117394 -8.88758e-05 -0.0176896 0.087356 -9.17281e-05 0.00012724 0.000117394 -9.17281e-05 0.00963735 -0.0176425 -8.88758e-05 0.00012724 -0.0176425 0.0869619 
0.00963175 -0.0177228 0.000122802 -9.44004e-05 -0.0177228 0.0874379 -0.000105809 0.00013224 0.000122802 -0.000105809 0.00964148 -0.0176129 -9.44004e-05 0.00013224 -0.0176129 0.0868454 
0.00958195 -0.017677 0.000112329 -9.63075e-05 -0.017677 0.0872418 -0.000107298 0.000135932 0.000112329 -0.000107298 0.00964904 -0.0175585 -9.63075e-05 0.000135932 -0.0175585 0.086529 
