0.0070903 0 -1.82213e-05 0 0 0.0099616 0 0 -1.82213e-05 0 0.00702594 0 0 0 0 0.0099616 
0.0100476 -0.0124694 -5.70993e-05 6.85767e-05 -0.0124694 0.0330303 6.85767e-05 -0.000131376 -5.70993e-05 6.85767e-05 0.00990943 -0.0123025 6.85767e-05 -0.000131376 -0.0123025 0.032711 
0.0100347 -0.0187662 -7.55769e-05 0.000103323 -0.0187662 0.0690942 0.000103323 -0.000327132 -7.55769e-05 0.000103323 0.0100019 -0.0185332 0.000103323 -0.000327132 -0.0185332 0.0683599 
0.00918289 -0.0178458 -6.61735e-05 0.000150439 -0.0178458 0.0801347 0.000145357 -0.000606969 -6.61735e-05 0.000145357 0.00922925 -0.0177013 0.000150439 -0.000606969 -0.0177013 0.0792015 
0.00938732 -0.01768 -2.40978e-05 0.00015945 -0.01768 0.0856034 0.000150092 -0.000840583 -2.40978e-05 0.000150092 0.00946281 -0.017615 0.00015945 -0.000840583 -0.017615 0.0845823 
0.0093865 -0.0173392 1.13749e-05 8.16945e-05 -0.0173392 0.0855248 7.16877e-05 -0.000669278 1.13749e-05 7.16877e-05 0.00947681 -0.017368 8.16945e-05 -0.000669278 -0.017368 0.0848689 
0.00959824 -0.0176834 1.39757e-05 2.04935e-05 -0.0176834 0.0874199 1.98267e-05 -0.00042108 1.39757e-05 1.98267e-05 0.00975418 -0.0177654 2.04935e-05 -0.00042108 -0.0177654 0.0871317 
0.00954201 -0.0175927 -9.75146e-06 7.57114e-06 -0.0175927 0.0870791 1.83463e-05 -0.00027131 -9.75146e-06 1.83463e-05 0.00977075 -0.0177498 7.57114e-06 -0.00027131 -0.0177498 0.0870942 
0.00962041 -0.0176927 -2.93014e-05 2.83854e-05 -0.0176927 0.0876794 4.39142e-05 -0.000244732 -2.93014e-05 4.39142e-05 0.00985883 -0.0179382 2.83854e-05 -0.000244732 -0.0179382 0.0879623 
0.00955228 -0.0174905 -3.09505e-05 5.95958e-05 -0.0174905 0.0866166 7.34227e-05 -0.000294596 -3.09505e-05 7.34227e-05 0.00972048 -0.0177336 5.95958e-05 -0.000294596 -0.0177336 0.0869955 
0.00973881 -0.017785 6.375e-07 6.90161e-05 -0.017785 0.0878657 7.91765e-05 -0.000340294 6.375e-07 7.91765e-05 0.0098276 -0.0179432 6.90161e-05 -0.000340294 -0.0179432 0.0881263 
0.00968266 -0.0177231 1.61767e-05 3.15082e-05 -0.0177231 0.0873479 4.10285e-05 -0.000299775 1.61767e-05 4.10285e-05 0.00976405 -0.0177726 3.15082e-05 -0.000299775 -0.0177726 0.0873555 
0.00968525 -0.0177407 3.11105e-05 6.47609e-06 -0.0177407 0.0873859 1.49104e-05 -0.000229377 3.11105e-05 1.49104e-05 0.00972605 -0.0177543 6.47609e-06 -0.000229377 -0.0177543 0.0871879 
0.00968762 -0.0177388 4.40209e-05 -1.34867e-05 -0.0177388 0.0873589 -1.23855e-05 -0.000157668 4.40209e-05 -1.23855e-05 0.00968586 -0.0177049 -1.34867e-05 -0.000157668 -0.0177049 0.0870195 
0.00967443 -0.017721 4.96566e-05 -2.14156e-05 -0.017721 0.0872433 -3.12732e-05 -0.000109507 4.96566e-05 -3.12732e-05 0.00964892 -0.0176437 -2.14156e-05 -0.000109507 -0.0176437 0.0867878 
0.00964149 -0.0176797 2.64152e-05 -1.5136e-05 -0.0176797 0.0870392 -2.88742e-05 -0.000112749 2.64152e-05 -2.88742e-05 0.00962659 -0.0175793 -1.5136e-05 -0.000112749 -0.0175793 0.086511 
0.00959417 -0.0176218 1.91213e-05 7.45644e-06 -0.0176218 0.0867857 -8.73942e-07 -0.00015032 1.91213e-05 -8.73942e-07 0.00961173 -0.0175298 7.45644e-06 -0.00015032 -0.0175298 0.0862412 
0.00958652 -0.0176236 1.20959e-05 1.10088e-05 -0.0176236 0.0868683 1.09746e-05 -0.000181032 1.20959e-05 1.09746e-05 0.00962705 -0.0175726 1.10088e-05 -0.000181032 -0.0175726 0.0863887 
0.0095872 -0.0176369 1.67032e-05 1.48664e-05 -0.0176369 0.0869983 1.93784e-05 -0.000197064 1.67032e-05 1.93784e-05 0.0096441 -0.0176115 1.48664e-05 -0.000197064 -0.0176115 0.0865881 
0.00957409 -0.0175825 1.19455e-05 7.639e-06 -0.0175825 0.0867929 9.61407e-06 -0.000184794 1.19455e-05 9.61407e-06 0.00961533 -0.0175796 7.639e-06 -0.000184794 -0.0175796 0.0864505 
0.009756 -0.0178987 4.49357e-06 1.4222e-05 -0.0178987 0.0883324 1.26233e-05 -0.000184687 4.49357e-06 1.26233e-05 0.00977288 -0.0178863 1.4222e-05 -0.000184687 -0.0178863 0.0880116 
0.00973522 -0.0178657 -9.8917e-06 2.83418e-05 -0.0178657 0.0881391 2.37265e-05 -0.00020753 -9.8917e-06 2.37265e-05 0.00976511 -0.017837 2.83418e-05 -0.00020753 -0.017837 0.0878174 
0.00976361 -0.0178879 -1.07746e-05 5.55129e-05 -0.0178879 0.0882525 4.79712e-05 -0.000268279 -1.07746e-05 4.79712e-05 0.00976617 -0.0178824 5.55129e-05 -0.000268279 -0.0178824 0.0879744 
0.00976593 -0.0179154 3.5133e-06 5.98344e-05 -0.0179154 0.088311 5.31698e-05 -0.000309054 3.5133e-06 5.31698e-05 0.00976501 -0.0178698 5.98344e-05 -0.000309054 -0.0178698 0.0879902 
0.00973781 -0.0179137 7.21474e-06 4.20454e-05 -0.0179137 0.0883148 3.86149e-05 -0.000300186 7.21474e-06 3.86149e-05 0.00977476 -0.0178564 4.20454e-05 -0.000300186 -0.0178564 0.0879381 
0.00970593 -0.0178674 3.72542e-07 3.27831e-05 -0.0178674 0.0882055 3.01036e-05 -0.00027254 3.72542e-07 3.01036e-05 0.00978084 -0.0178615 3.27831e-05 -0.00027254 -0.0178615 0.0878972 
0.00971326 -0.0178345 1.94e-06 4.10822e-05 -0.0178345 0.0881371 3.89475e-05 -0.000275057 1.94e-06 3.89475e-05 0.00977766 -0.0178881 4.10822e-05 -0.000275057 -0.0178881 0.0879787 
0.00972974 -0.0178468 1.6563e-05 2.90139e-05 -0.0178468 0.0881394 2.52293e-05 -0.000244252 1.6563e-05 2.52293e-05 0.00976379 -0.0178869 2.90139e-05 -0.000244252 -0.0178869 0.088026 
0.00970107 -0.0178443 1.93174e-05 1.41819e-05 -0.0178443 0.0880502 7.35606e-06 -0.000205302 1.93174e-05 7.35606e-06 0.00977509 -0.0178318 1.41819e-05 -0.000205302 -0.0178318 0.0878434 
0.00974034 -0.0178748 2.69049e-05 1.3493e-05 -0.0178748 0.0882872 5.4091e-06 -0.000189239 2.69049e-05 5.4091e-06 0.00978493 -0.0179153 1.3493e-05 -0.000189239 -0.0179153 0.0881177 
0.00956213 -0.0175164 3.99237e-05 8.17647e-06 -0.0175164 0.0864716 -2.63773e-06 -0.000172762 3.99237e-05 -2.63773e-06 0.00956709 -0.0175398 8.17647e-06 -0.000172762 -0.0175398 0.0863408 
0.00956307 -0.0175452 2.12547e-05 -8.67881e-06 -0.0175452 0.0865261 -1.72395e-05 -0.000144923 2.12547e-05 -1.72395e-05 0.00957285 -0.0175175 -8.67881e-06 -0.000144923 -0.0175175 0.0863156 
0.00954966 -0.0175134 2.68087e-06 9.9391e-06 -0.0175134 0.0863886 9.08888e-06 -0.000166077 2.68087e-06 9.08888e-06 0.00955549 -0.0174896 9.9391e-06 -0.000166077 -0.0174896 0.0861443 
0.00974425 -0.0178612 -1.91114e-05 3.18067e-05 -0.0178612 0.0880884 3.53255e-05 -0.000222448 -1.91114e-05 3.53255e-05 0.00974427 -0.0178313 3.18067e-05 -0.000222448 -0.0178313 0.087828 
0.00975574 -0.0178729 -1.28971e-05 5.84781e-05 -0.0178729 0.0881004 6.29669e-05 -0.000288369 -1.28971e-05 6.29669e-05 0.0097162 -0.0178175 5.84781e-05 -0.000288369 -0.0178175 0.0877664 
0.00971974 -0.0178612 -1.08311e-05 4.84479e-05 -0.0178612 0.0879825 6.07244e-05 -0.000308669 -1.08311e-05 6.07244e-05 0.00970115 -0.0177418 4.84479e-05 -0.000308669 -0.0177418 0.0874933 
0.00973016 -0.0178849 -1.19214e-05 4.22771e-05 -0.0178849 0.0881844 6.19878e-05 -0.000306755 -1.19214e-05 6.19878e-05 0.00974193 -0.0177821 4.22771e-05 -0.000306755 -0.0177821 0.0876333 
0.00974019 -0.0179198 -9.11278e-06 4.40113e-05 -0.0179198 0.0883933 6.11085e-05 -0.000304453 -9.11278e-06 6.11085e-05 0.009768 -0.0178485 4.40113e-05 -0.000304453 -0.0178485 0.0878702 
0.00973139 -0.0178786 9.18165e-06 3.95779e-05 -0.0178786 0.0882577 5.01905e-05 -0.00028586 9.18165e-06 5.01905e-05 0.00974117 -0.0178377 3.95779e-05 -0.00028586 -0.0178377 0.08781 
0.00971472 -0.0178467 6.15431e-06 1.52454e-05 -0.0178467 0.0880957 2.05156e-05 -0.000229623 6.15431e-06 2.05156e-05 0.00971875 -0.0177999 1.52454e-05 -0.000229623 -0.0177999 0.0876917 
0.00968267 -0.0177887 1.18539e-05 1.57885e-05 -0.0177887 0.0878095 1.75393e-05 -0.000193327 1.18539e-05 1.75393e-05 0.0096959 -0.0177331 1.57885e-05 -0.000193327 -0.0177331 0.087402 
0.00965157 -0.0177638 2.02425e-05 9.32097e-06 -0.0177638 0.0876829 1.00695e-05 -0.000170523 2.02425e-05 1.00695e-05 0.00968731 -0.0177085 9.32097e-06 -0.000170523 -0.0177085 0.0872568 
0.00964861 -0.0177159 1.96051e-05 6.54408e-06 -0.0177159 0.0875329 6.57536e-06 -0.000166038 1.96051e-05 6.57536e-06 0.00965055 -0.0177045 6.54408e-06 -0.000166038 -0.0177045 0.0871892 
0.00967203 -0.0177373 2.36696e-05 4.1814e-06 -0.0177373 0.0875851 4.41894e-06 -0.00015527 2.36696e-05 4.41894e-06 0.0096177 -0.0176889 4.1814e-06 -0.00015527 -0.0176889 0.0872329 
0.00964075 -0.0177155 2.10024e-05 3.42499e-06 -0.0177155 0.087394 2.91687e-06 -0.000154206 2.10024e-05 2.91687e-06 0.00959887 -0.017584 3.42499e-06 -0.000154206 -0.017584 0.0868846 
0.00956474 -0.0176372 2.63524e-05 7.80214e-06 -0.0176372 0.0870474 4.53313e-06 -0.000156267 2.63524e-05 4.53313e-06 0.00961992 -0.0175155 7.80214e-06 -0.000156267 -0.0175155 0.0864718 
0.00952875 -0.0175772 2.88774e-05 7.95886e-06 -0.0175772 0.0869164 -1.86538e-06 -0.000160414 2.88774e-05 -1.86538e-06 0.00965714 -0.0175921 7.95886e-06 -0.000160414 -0.0175921 0.0865631 
0.00952954 -0.0175767 2.92427e-05 5.5037e-06 -0.0175767 0.0870148 -7.98873e-06 -0.000153416 2.92427e-05 -7.98873e-06 0.00967994 -0.0177031 5.5037e-06 -0.000153416 -0.0177031 0.0869813 
0.00952873 -0.0175137 2.1896e-05 -1.35923e-06 -0.0175137 0.086773 -1.36296e-05 -0.00013247 2.1896e-05 -1.36296e-05 0.00963682 -0.0176904 -1.35923e-06 -0.00013247 -0.0176904 0.0869826 
0.00957721 -0.0175566 1.00195e-05 7.9816e-06 -0.0175566 0.0868934 -1.43e-06 -0.000141388 1.00195e-05 -1.43e-06 0.00960474 -0.0176854 7.9816e-06 -0.000141388 -0.0176854 0.0871258 
0.0095501 -0.0175448 7.47592e-06 2.60109e-05 -0.0175448 0.086674 1.96422e-05 -0.000183096 7.47592e-06 1.96422e-05 0.0095625 -0.0175502 2.60109e-05 -0.000183096 -0.0175502 0.0866797 
0.00954648 -0.0175439 1.15498e-05 2.8916e-05 -0.0175439 0.0866822 2.82732e-05 -0.000216103 1.15498e-05 2.82732e-05 0.00955274 -0.0175224 2.8916e-05 -0.000216103 -0.0175224 0.0865226 
0.00955709 -0.0175389 2.35849e-05 2.26066e-05 -0.0175389 0.0866719 2.38559e-05 -0.000218231 2.35849e-05 2.38559e-05 0.00952795 -0.0175129 2.26066e-05 -0.000218231 -0.0175129 0.0864562 
0.00957092 -0.0175589 1.76055e-05 1.17126e-05 -0.0175589 0.0867056 9.78948e-06 -0.00019921 1.76055e-05 9.78948e-06 0.00952078 -0.0174814 1.17126e-05 -0.00019921 -0.0174814 0.0863833 
0.00954632 -0.0175374 1.14681e-05 1.30533e-05 -0.0175374 0.0865402 1.06402e-05 -0.000181029 1.14681e-05 1.06402e-05 0.0095226 -0.0174176 1.30533e-05 -0.000181029 -0.0174176 0.0860809 
0.00954138 -0.017513 2.63602e-05 1.86552e-05 -0.017513 0.0864375 1.50053e-05 -0.000181064 2.63602e-05 1.50053e-05 0.00951324 -0.0174238 1.86552e-05 -0.000181064 -0.0174238 0.0859663 
0.0095543 -0.0175237 3.40816e-05 2.79711e-06 -0.0175237 0.0864777 1.01323e-06 -0.000164974 3.40816e-05 1.01323e-06 0.00948932 -0.0174511 2.79711e-06 -0.000164974 -0.0174511 0.0860671 
0.00976681 -0.0179233 5.11372e-05 -6.81524e-06 -0.0179233 0.0884049 -7.87314e-06 -0.000144061 5.11372e-05 -7.87314e-06 0.00968183 -0.0178009 -6.81524e-06 -0.000144061 -0.0178009 0.0879347 
0.00972215 -0.0179023 4.11686e-05 -1.9931e-05 -0.0179023 0.0883114 -2.4266e-05 -0.000117899 4.11686e-05 -2.4266e-05 0.00970329 -0.0177629 -1.9931e-05 -0.000117899 -0.0177629 0.0877908 
0.0095308 -0.0175092 2.62405e-05 -9.56683e-06 -0.0175092 0.0865273 -1.58311e-05 -0.000114508 2.62405e-05 -1.58311e-05 0.00951447 -0.0174685 -9.56683e-06 -0.000114508 -0.0174685 0.0861721 
0.00955174 -0.0175481 2.60545e-05 4.46919e-06 -0.0175481 0.0867022 -1.07681e-06 -0.000137964 2.60545e-05 -1.07681e-06 0.00953958 -0.0175201 4.46919e-06 -0.000137964 -0.0175201 0.0864685 
0.00956344 -0.0176029 2.77074e-05 8.6806e-06 -0.0176029 0.0869666 4.91926e-06 -0.000165801 2.77074e-05 4.91926e-06 0.00957649 -0.0175692 8.6806e-06 -0.000165801 -0.0175692 0.0867514 
0.00956002 -0.0175868 3.03903e-05 4.98431e-06 -0.0175868 0.0869701 4.91815e-07 -0.000165778 3.03903e-05 4.91815e-07 0.00957916 -0.0175874 4.98431e-06 -0.000165778 -0.0175874 0.086815 
0.00953237 -0.0175037 2.74899e-05 1.74304e-06 -0.0175037 0.0865843 -2.4139e-06 -0.000158415 2.74899e-05 -2.4139e-06 0.00952754 -0.0175149 1.74304e-06 -0.000158415 -0.0175149 0.0864814 
0.00951854 -0.017443 4.519e-05 6.70737e-06 -0.017443 0.0862251 5.26987e-06 -0.000165296 4.519e-05 5.26987e-06 0.00947406 -0.0174205 6.70737e-06 -0.000165296 -0.0174205 0.086081 
0.00971841 -0.0178235 5.29484e-05 -1.37151e-05 -0.0178235 0.0879898 -1.76568e-05 -0.000141205 5.29484e-05 -1.76568e-05 0.00967519 -0.0177442 -1.37151e-05 -0.000141205 -0.0177442 0.0877232 
0.0095352 -0.017516 6.01312e-05 -2.0615e-05 -0.017516 0.0864432 -2.87399e-05 -0.000108184 6.01312e-05 -2.87399e-05 0.00949393 -0.0174349 -2.0615e-05 -0.000108184 -0.0174349 0.0861157 
0.00954184 -0.0175191 6.58378e-05 -2.79694e-05 -0.0175191 0.0865266 -3.63336e-05 -8.99744e-05 6.58378e-05 -3.63336e-05 0.0094925 -0.0174661 -2.79694e-05 -8.99744e-05 -0.0174661 0.0862598 
0.00951671 -0.0175084 4.5773e-05 -3.26895e-05 -0.0175084 0.0864796 -3.77137e-05 -8.26614e-05 4.5773e-05 -3.77137e-05 0.00950061 -0.0174436 -3.26895e-05 -8.26614e-05 -0.0174436 0.0862258 
0.0096996 -0.0177998 3.71092e-05 -1.04789e-05 -0.0177998 0.088013 -1.16388e-05 -0.000119098 3.71092e-05 -1.16388e-05 0.0096691 -0.0177808 -1.04789e-05 -0.000119098 -0.0177808 0.0878361 
0.00968664 -0.0177716 1.08821e-05 6.1382e-06 -0.0177716 0.0878178 4.45104e-06 -0.00016996 1.08821e-05 4.45104e-06 0.00964658 -0.0177403 6.1382e-06 -0.00016996 -0.0177403 0.0876752 
0.00967765 -0.0177549 9.08561e-06 3.1446e-05 -0.0177549 0.0876971 3.15685e-05 -0.000220569 9.08561e-06 3.15685e-05 0.00962079 -0.0177019 3.1446e-05 -0.000220569 -0.0177019 0.0875107 
0.00969584 -0.017811 2.79435e-05 3.6231e-05 -0.017811 0.0879446 3.95492e-05 -0.000259908 2.79435e-05 3.95492e-05 0.00964152 -0.017728 3.6231e-05 -0.000259908 -0.017728 0.0876799 
0.00969694 -0.0177927 3.35814e-05 1.88227e-05 -0.0177927 0.0878966 2.09218e-05 -0.000250403 3.35814e-05 2.09218e-05 0.00962818 -0.0177179 1.88227e-05 -0.000250403 -0.0177179 0.0876168 
0.00970117 -0.0177856 2.38168e-05 1.17438e-05 -0.0177856 0.0878476 6.53128e-06 -0.000219685 2.38168e-05 6.53128e-06 0.00961624 -0.0177072 1.17438e-05 -0.000219685 -0.0177072 0.0875824 
0.00969042 -0.0178354 4.48758e-06 2.24281e-05 -0.0178354 0.0880614 1.38257e-05 -0.000218822 4.48758e-06 1.38257e-05 0.00966606 -0.0177437 2.24281e-05 -0.000218822 -0.0177437 0.0877926 
0.00970126 -0.0177982 2.21014e-05 3.94268e-05 -0.0177982 0.0880223 3.16881e-05 -0.00024234 2.21014e-05 3.16881e-05 0.00966122 -0.0177804 3.94268e-05 -0.00024234 -0.0177804 0.0878628 
0.00953156 -0.0174504 4.26257e-05 1.84995e-05 -0.0174504 0.0862375 1.24684e-05 -0.000220795 4.26257e-05 1.24684e-05 0.00945188 -0.017417 1.84995e-05 -0.000220795 -0.017417 0.0861221 
0.00957525 -0.0175482 6.0027e-05 -8.88471e-06 -0.0175482 0.0866109 -1.14998e-05 -0.000168335 6.0027e-05 -1.14998e-05 0.00947352 -0.0174577 -8.88471e-06 -0.000168335 -0.0174577 0.0863978 
0.00958438 -0.017558 7.2196e-05 -2.83571e-05 -0.017558 0.086647 -2.74252e-05 -0.000121999 7.2196e-05 -2.74252e-05 0.00946263 -0.0174367 -2.83571e-05 -0.000121999 -0.0174367 0.0863329 
0.00958221 -0.0175618 9.34274e-05 -3.86151e-05 -0.0175618 0.0866359 -3.92919e-05 -9.1855e-05 9.34274e-05 -3.92919e-05 0.00944314 -0.0174094 -3.86151e-05 -9.1855e-05 -0.0174094 0.0862289 
0.009541 -0.0174988 7.73173e-05 -6.50513e-05 -0.0174988 0.0863324 -6.78701e-05 -3.70236e-05 7.73173e-05 -6.78701e-05 0.00941762 -0.0173317 -6.50513e-05 -3.70236e-05 -0.0173317 0.0858736 
0.00971028 -0.0178298 5.9861e-05 -5.3188e-05 -0.0178298 0.0879943 -5.28846e-05 -2.64129e-05 5.9861e-05 -5.28846e-05 0.0096235 -0.0176764 -5.3188e-05 -2.64129e-05 -0.0176764 0.0875313 
0.00972963 -0.0178471 5.10034e-05 -2.12276e-05 -0.0178471 0.0881448 -2.18069e-05 -9.08176e-05 5.10034e-05 -2.18069e-05 0.00964446 -0.0177502 -2.12276e-05 -9.08176e-05 -0.0177502 0.0877881 
0.00953884 -0.0174887 4.12039e-05 -7.60911e-06 -0.0174887 0.0863741 -1.25072e-05 -0.000135168 4.12039e-05 -1.25072e-05 0.00944685 -0.0174096 -7.60911e-06 -0.000135168 -0.0174096 0.086118 
0.00956382 -0.0175263 7.71484e-05 -4.06339e-06 -0.0175263 0.086524 -1.35356e-05 -0.000139149 7.71484e-05 -1.35356e-05 0.00945862 -0.0174168 -4.06339e-06 -0.000139149 -0.0174168 0.0862282 
0.00954822 -0.0175 0.000107538 -4.80625e-05 -0.0175 0.0863479 -5.70268e-05 -7.2029e-05 0.000107538 -5.70268e-05 0.00943489 -0.017359 -4.80625e-05 -7.2029e-05 -0.017359 0.0859585 
0.00952999 -0.0175172 0.000104711 -8.24385e-05 -0.0175172 0.0864193 -8.91914e-05 9.86314e-06 0.000104711 -8.91914e-05 0.00947359 -0.0173731 -8.24385e-05 9.86314e-06 -0.0173731 0.0859954 
0.00954037 -0.0175556 7.49202e-05 -7.83711e-05 -0.0175556 0.086737 -7.90433e-05 2.70376e-05 7.49202e-05 -7.90433e-05 0.0095433 -0.0175066 -7.83711e-05 2.70376e-05 -0.0175066 0.0864842 
0.00955923 -0.0175414 6.69655e-05 -4.65356e-05 -0.0175414 0.0867711 -3.92585e-05 -2.84146e-05 6.69655e-05 -3.92585e-05 0.00954927 -0.0175728 -4.65356e-05 -2.84146e-05 -0.0175728 0.0867401 
0.0095874 -0.0175395 7.16126e-05 -2.85681e-05 -0.0175395 0.0867113 -1.95922e-05 -9.96888e-05 7.16126e-05 -1.95922e-05 0.00951159 -0.0175624 -2.85681e-05 -9.96888e-05 -0.0175624 0.0867745 
0.00960142 -0.0175654 7.77741e-05 -2.93213e-05 -0.0175654 0.0867045 -2.66679e-05 -0.000122969 7.77741e-05 -2.66679e-05 0.0094927 -0.0175073 -2.93213e-05 -0.000122969 -0.0175073 0.0866669 
0.00963404 -0.0176179 8.36977e-05 -3.83452e-05 -0.0176179 0.0869038 -4.10988e-05 -0.000105751 8.36977e-05 -4.10988e-05 0.00949242 -0.0175116 -3.83452e-05 -0.000105751 -0.0175116 0.0867237 
0.00964853 -0.0176213 0.00012047 -4.08965e-05 -0.0176213 0.0868602 -4.9219e-05 -9.12888e-05 0.00012047 -4.9219e-05 0.00947054 -0.0174654 -4.08965e-05 -9.12888e-05 -0.0174654 0.0865365 
0.00964178 -0.0176196 0.00014264 -8.59369e-05 -0.0176196 0.0867655 -9.731e-05 -1.23301e-05 0.00014264 -9.731e-05 0.00944906 -0.017417 -8.59369e-05 -1.23301e-05 -0.017417 0.0863093 
0.00959581 -0.0175591 0.000140255 -0.000112135 -0.0175591 0.0864494 -0.00012444 6.87729e-05 0.000140255 -0.00012444 0.00941401 -0.0173438 -0.000112135 6.87729e-05 -0.0173438 0.0859259 
0.00977832 -0.0178867 0.00012133 -0.000111609 -0.0178867 0.088115 -0.000121859 9.27978e-05 0.00012133 -0.000121859 0.00959096 -0.0176956 -0.000111609 9.27978e-05 -0.0176956 0.0876232 
0.00974857 -0.0178759 9.35361e-05 -8.44821e-05 -0.0178759 0.0880491 -8.7e-05 4.24809e-05 9.35361e-05 -8.7e-05 0.00959395 -0.0176714 -8.44821e-05 4.24809e-05 -0.0176714 0.087552 
0.00969066 -0.0177893 6.86903e-05 -5.13025e-05 -0.0177893 0.0877137 -4.67781e-05 -4.44247e-05 6.86903e-05 -4.67781e-05 0.00957935 -0.0176229 -5.13025e-05 -4.44247e-05 -0.0176229 0.0872677 
0.00968278 -0.0177351 9.20222e-05 -1.72735e-05 -0.0177351 0.0875401 -1.2207e-05 -0.000138637 9.20222e-05 -1.2207e-05 0.00957625 -0.0176335 -1.72735e-05 -0.000138637 -0.0176335 0.0872357 
0.00972216 -0.0177828 0.000118393 -4.58363e-05 -0.0177828 0.0877254 -4.72411e-05 -0.000125934 0.000118393 -4.72411e-05 0.00958863 -0.0176849 -4.58363e-05 -0.000125934 -0.0176849 0.0874905 
0.00976056 -0.0178321 0.000125886 -8.36437e-05 -0.0178321 0.0879122 -9.06267e-05 -3.47021e-05 0.000125886 -9.06267e-05 0.00958571 -0.0177177 -8.36437e-05 -3.47021e-05 -0.0177177 0.0876933 
0.00956511 -0.0175325 0.000108988 -8.9951e-05 -0.0175325 0.0863524 -9.46871e-05 1.55922e-05 0.000108988 -9.46871e-05 0.00940933 -0.0173587 -8.9951e-05 1.55922e-05 -0.0173587 0.0860296 
0.00956928 -0.0175855 7.66129e-05 -7.13519e-05 -0.0175855 0.0866964 -7.0134e-05 -7.55744e-06 7.66129e-05 -7.0134e-05 0.00946289 -0.0174177 -7.13519e-05 -7.55744e-06 -0.0174177 0.0863134 
0.00958388 -0.0175621 8.59269e-05 -3.10785e-05 -0.0175621 0.0867319 -2.67546e-05 -9.11576e-05 8.59269e-05 -2.67546e-05 0.00947069 -0.0174658 -3.10785e-05 -9.11576e-05 -0.0174658 0.0864592 
0.00959483 -0.0175509 0.000102294 -4.78877e-05 -0.0175509 0.0866424 -4.02217e-05 -0.000103112 0.000102294 -4.02217e-05 0.00945479 -0.0174543 -4.78877e-05 -0.000103112 -0.0174543 0.0864398 
0.00977447 -0.0178756 0.000125343 -7.29842e-05 -0.0178756 0.0881588 -6.50155e-05 -5.63399e-05 0.000125343 -6.50155e-05 0.00960855 -0.0177337 -7.29842e-05 -5.63399e-05 -0.0177337 0.0878906 
0.00975638 -0.01788 0.000122533 -9.83024e-05 -0.01788 0.0881303 -9.49846e-05 1.17409e-05 0.000122533 -9.49846e-05 0.00959422 -0.0176999 -9.83024e-05 1.17409e-05 -0.0176999 0.0877519 
0.00956683 -0.0175015 0.000123436 -9.16251e-05 -0.0175015 0.0863212 -9.35617e-05 3.98523e-05 0.000123436 -9.35617e-05 0.00937127 -0.01733 -9.16251e-05 3.98523e-05 -0.01733 0.085914 
0.00954718 -0.0175149 0.000118358 -9.52738e-05 -0.0175149 0.0863284 -9.98277e-05 5.55285e-05 0.000118358 -9.98277e-05 0.00938461 -0.0172868 -9.52738e-05 5.55285e-05 -0.0172868 0.0858115 
0.00971986 -0.0178176 0.000122938 -8.57587e-05 -0.0178176 0.0879107 -9.22778e-05 4.22057e-05 0.000122938 -9.22778e-05 0.00958797 -0.0176256 -8.57587e-05 4.22057e-05 -0.0176256 0.0873882 
0.00969799 -0.0178339 9.22577e-05 -7.9576e-05 -0.0178339 0.0879934 -8.84872e-05 1.54092e-05 9.22577e-05 -8.84872e-05 0.00964081 -0.017686 -7.9576e-05 1.54092e-05 -0.017686 0.0875603 
0.00966938 -0.0177525 7.74895e-05 -4.21752e-05 -0.0177525 0.0877265 -5.22861e-05 -4.94669e-05 7.74895e-05 -5.22861e-05 0.0096332 -0.0177059 -4.21752e-05 -4.94669e-05 -0.0177059 0.0875038 
0.00965456 -0.0177143 8.26282e-05 -2.3196e-05 -0.0177143 0.0875521 -3.75875e-05 -0.000107381 8.26282e-05 -3.75875e-05 0.00961751 -0.0177169 -2.3196e-05 -0.000107381 -0.0177169 0.0875363 
0.00965316 -0.0176738 6.48297e-05 -2.92456e-05 -0.0176738 0.0873483 -4.37401e-05 -0.000119038 6.48297e-05 -4.37401e-05 0.0095773 -0.0176852 -2.92456e-05 -0.000119038 -0.0176852 0.0874369 
0.00966883 -0.0176903 7.9698e-05 -1.63357e-05 -0.0176903 0.087327 -2.34254e-05 -0.000136829 7.9698e-05 -2.34254e-05 0.0095472 -0.0176365 -1.63357e-05 -0.000136829 -0.0176365 0.0873323 
0.00966335 -0.0177176 9.58957e-05 -3.57145e-05 -0.0177176 0.0873757 -3.31609e-05 -0.000129891 9.58957e-05 -3.31609e-05 0.00955886 -0.0175928 -3.57145e-05 -0.000129891 -0.0175928 0.0872066 
0.00968493 -0.0177584 0.000100592 -6.43582e-05 -0.0177584 0.0876218 -5.98987e-05 -6.94379e-05 0.000100592 -5.98987e-05 0.0095865 -0.0176542 -6.43582e-05 -6.94379e-05 -0.0176542 0.0874054 
0.00970067 -0.0177476 9.47728e-05 -7.69107e-05 -0.0177476 0.0876081 -7.27422e-05 -1.05381e-05 9.47728e-05 -7.27422e-05 0.00956603 -0.0176729 -7.69107e-05 -1.05381e-05 -0.0176729 0.0874601 
0.00973341 -0.0178461 9.33789e-05 -7.27677e-05 -0.0178461 0.0880153 -7.14601e-05 1.25828e-05 9.33789e-05 -7.14601e-05 0.00959107 -0.0177205 -7.27677e-05 1.25828e-05 -0.0177205 0.0878124 
0.00974898 -0.0178677 0.000106744 -6.58166e-05 -0.0178677 0.0881629 -6.3658e-05 9.63436e-07 0.000106744 -6.3658e-05 0.00958434 -0.0177155 -6.58166e-05 9.63436e-07 -0.0177155 0.0878617 
0.00955848 -0.0175181 0.000133656 -7.11467e-05 -0.0175181 0.0864279 -6.92296e-05 -5.93887e-06 0.000133656 -6.92296e-05 0.00936948 -0.0173263 -7.11467e-05 -5.93887e-06 -0.0173263 0.0860111 
0.00972199 -0.017852 0.000132102 -0.00010631 -0.017852 0.0880778 -0.000108906 5.00468e-05 0.000132102 -0.000108906 0.00957465 -0.0176238 -0.00010631 5.00468e-05 -0.0176238 0.0875499 
0.009681 -0.0177472 0.000123745 -0.000101469 -0.0177472 0.0876592 -0.000111478 8.24993e-05 0.000123745 -0.000111478 0.00955449 -0.0175899 -0.000101469 8.24993e-05 -0.0175899 0.0872183 
0.00966083 -0.0177408 0.000113441 -8.41591e-05 -0.0177408 0.087619 -9.74067e-05 5.64208e-05 0.000113441 -9.74067e-05 0.00957111 -0.0176277 -8.41591e-05 5.64208e-05 -0.0176277 0.0873272 
0.00960824 -0.0176677 9.42384e-05 -6.9023e-05 -0.0176677 0.0873226 -8.18911e-05 1.62184e-05 9.42384e-05 -8.18911e-05 0.0095571 -0.0175988 -6.9023e-05 1.62184e-05 -0.0175988 0.0871614 
0.00956752 -0.0176069 9.45813e-05 -5.31998e-05 -0.0176069 0.0870976 -6.2346e-05 -2.00042e-05 9.45813e-05 -6.2346e-05 0.0095519 -0.0175789 -5.31998e-05 -2.00042e-05 -0.0175789 0.0870504 
0.0095625 -0.0175649 9.16203e-05 -6.0499e-05 -0.0175649 0.086961 -6.08905e-05 -2.73382e-05 9.16203e-05 -6.08905e-05 0.00954667 -0.017583 -6.0499e-05 -2.73382e-05 -0.017583 0.0870371 
0.00947716 -0.017426 7.47053e-05 -6.34854e-05 -0.017426 0.0862416 -5.83556e-05 -2.02087e-05 7.47053e-05 -5.83556e-05 0.00950709 -0.017451 -6.34854e-05 -2.02087e-05 -0.017451 0.0863907 
0.0094495 -0.0173649 6.45489e-05 -4.35322e-05 -0.0173649 0.0859877 -4.02252e-05 -4.51451e-05 6.45489e-05 -4.02252e-05 0.00949796 -0.0174622 -4.35322e-05 -4.51451e-05 -0.0174622 0.0862896 
0.00952651 -0.0174669 7.51272e-05 -3.02533e-05 -0.0174669 0.0864918 -2.64157e-05 -8.20028e-05 7.51272e-05 -2.64157e-05 0.00953027 -0.0175991 -3.02533e-05 -8.20028e-05 -0.0175991 0.0869375 
0.00956503 -0.0174942 0.000107204 -4.44988e-05 -0.0174942 0.0865277 -4.07319e-05 -7.05422e-05 0.000107204 -4.07319e-05 0.00949662 -0.0175621 -4.44988e-05 -7.05422e-05 -0.0175621 0.0869181 
0.00957084 -0.0175365 0.000122983 -8.44262e-05 -0.0175365 0.0865796 -8.46056e-05 8.13378e-06 0.000122983 -8.46056e-05 0.0094795 -0.0174982 -8.44262e-05 8.13378e-06 -0.0174982 0.0867423 
0.00952937 -0.0175124 0.000121761 -0.000100703 -0.0175124 0.0864441 -0.000102801 7.18162e-05 0.000121761 -0.000102801 0.00947529 -0.0174318 -0.000100703 7.18162e-05 -0.0174318 0.0864181 
0.00949435 -0.0174762 0.000119577 -0.000103325 -0.0174762 0.0863809 -0.000103541 9.95225e-05 0.000119577 -0.000103541 0.00948984 -0.0174537 -0.000103325 9.95225e-05 -0.0174537 0.0863904 
0.00947256 -0.0174152 0.000124505 -0.000104323 -0.0174152 0.0861996 -9.88714e-05 0.000104999 0.000124505 -9.88714e-05 0.0094781 -0.0174668 -0.000104323 0.000104999 -0.0174668 0.0863746 
0.00967612 -0.0177404 0.000114838 -0.000112246 -0.0177404 0.0878201 -0.000103466 0.000113604 0.000114838 -0.000103466 0.0096442 -0.0178059 -0.000112246 0.000113604 -0.0178059 0.0880952 
0.00949006 -0.0174054 8.11765e-05 -9.35581e-05 -0.0174054 0.0860529 -8.75827e-05 9.13915e-05 8.11765e-05 -8.75827e-05 0.00942939 -0.017415 -9.35581e-05 9.13915e-05 -0.017415 0.0862572 
0.00949756 -0.0174262 5.44168e-05 -4.9564e-05 -0.0174262 0.0861228 -5.11489e-05 1.50957e-05 5.44168e-05 -5.11489e-05 0.00941759 -0.0173945 -4.9564e-05 1.50957e-05 -0.0173945 0.0862157 
0.00952953 -0.0174218 7.73945e-05 -1.20337e-05 -0.0174218 0.086097 -1.90451e-05 -7.79773e-05 7.73945e-05 -1.90451e-05 0.0093694 -0.0173634 -1.20337e-05 -7.79773e-05 -0.0173634 0.0860973 
0.00952993 -0.0174806 0.000106778 -4.03249e-05 -0.0174806 0.0862251 -5.31204e-05 -6.38727e-05 0.000106778 -5.31204e-05 0.00937232 -0.0173097 -4.03249e-05 -6.38727e-05 -0.0173097 0.085999 
0.00954001 -0.0175394 0.000126076 -8.01468e-05 -0.0175394 0.0865693 -9.13721e-05 1.84755e-05 0.000126076 -9.13721e-05 0.00942087 -0.0173638 -8.01468e-05 1.84755e-05 -0.0173638 0.0862166 
0.00953509 -0.0175423 0.000113916 -0.000105315 -0.0175423 0.0867065 -0.000111901 9.0296e-05 0.000113916 -0.000111901 0.00946153 -0.0174291 -0.000105315 9.0296e-05 -0.0174291 0.0864361 
0.00954712 -0.0175511 9.83578e-05 -8.92942e-05 -0.0175511 0.0868395 -9.59039e-05 9.14312e-05 9.83578e-05 -9.59039e-05 0.00949172 -0.0175043 -8.92942e-05 9.14312e-05 -0.0175043 0.0867371 
0.00954192 -0.0175257 9.83622e-05 -6.34617e-05 -0.0175257 0.0867446 -7.42454e-05 4.2598e-05 9.83622e-05 -7.42454e-05 0.00950011 -0.0175152 -6.34617e-05 4.2598e-05 -0.0175152 0.0867908 
0.00951192 -0.0174666 9.43e-05 -6.53605e-05 -0.0174666 0.086444 -7.55163e-05 2.48703e-05 9.43e-05 -7.55163e-05 0.00948326 -0.0174759 -6.53605e-05 2.48703e-05 -0.0174759 0.0865822 
0.00949912 -0.0174493 9.51326e-05 -7.26866e-05 -0.0174493 0.0863223 -7.39231e-05 3.50811e-05 9.51326e-05 -7.39231e-05 0.00946972 -0.0174486 -7.26866e-05 3.50811e-05 -0.0174486 0.0864468 
0.00946948 -0.0174028 9.02652e-05 -7.85329e-05 -0.0174028 0.0860966 -6.95166e-05 4.21267e-05 9.02652e-05 -6.95166e-05 0.00945512 -0.0174096 -7.85329e-05 4.21267e-05 -0.0174096 0.0862318 
0.00965042 -0.0177072 0.000103356 -7.56096e-05 -0.0177072 0.0876287 -6.31185e-05 3.58432e-05 0.000103356 -6.31185e-05 0.0096282 -0.0177401 -7.56096e-05 3.58432e-05 -0.0177401 0.0878186 
0.0096358 -0.0176681 0.000106065 -8.78541e-05 -0.0176681 0.0873742 -7.48098e-05 4.79818e-05 0.000106065 -7.48098e-05 0.00957795 -0.0176862 -8.78541e-05 4.79818e-05 -0.0176862 0.0875603 
