0.00727175 0 0.000159623 0 0 0.00995079 0 0 0.000159623 0 0.00680898 0 0 0 0 0.00995079 
0.0102378 -0.0126996 0.000182798 -0.000219642 -0.0126996 0.0334622 -0.000219642 0.000420921 0.000182798 -0.000219642 0.00967108 -0.0120147 -0.000219642 0.000420921 -0.0120147 0.032149 
0.0101941 -0.0189168 0.000135856 -0.000137183 -0.0189168 0.0695281 -0.000137183 0.000396304 0.000135856 -0.000137183 0.00976493 -0.0183425 -0.000137183 0.000396304 -0.0183425 0.067793 
0.00960375 -0.0183261 0.000140679 -9.91514e-06 -0.0183261 0.0818687 -1.44111e-05 -0.000271452 0.000140679 -1.44111e-05 0.00921116 -0.0181103 -9.91514e-06 -0.000271452 -0.0181103 0.0816635 
0.00953176 -0.017601 0.000170131 -4.47606e-05 -0.017601 0.0842804 -5.57565e-05 -0.000441864 0.000170131 -5.57565e-05 0.00911521 -0.0173714 -4.47606e-05 -0.000441864 -0.0173714 0.084641 
0.00954001 -0.0173529 0.000177842 -0.000118375 -0.0173529 0.0844846 -0.000129181 -0.000205263 0.000177842 -0.000129181 0.00913366 -0.0170505 -0.000118375 -0.000205263 -0.0170505 0.0846487 
0.00974064 -0.0177059 0.000172491 -0.000155111 -0.0177059 0.0865441 -0.000162972 3.40707e-05 0.000172491 -0.000162972 0.00938995 -0.0173893 -0.000155111 3.40707e-05 -0.0173893 0.0864665 
0.00967012 -0.0175616 0.000166349 -0.00014862 -0.0175616 0.0860926 -0.000152749 0.00013701 0.000166349 -0.000152749 0.00935477 -0.0173118 -0.00014862 0.00013701 -0.0173118 0.0859751 
0.00969215 -0.0176026 0.000149366 -0.000136625 -0.0176026 0.0863876 -0.000134476 0.00014085 0.000149366 -0.000134476 0.00940557 -0.0173872 -0.000136625 0.00014085 -0.0173872 0.0863123 
0.0097529 -0.0177233 0.000131903 -0.000115659 -0.0177233 0.08703 -0.000110618 0.000102045 0.000131903 -0.000110618 0.0095078 -0.0175539 -0.000115659 0.000102045 -0.0175539 0.0870584 
0.00965443 -0.0176076 0.000122605 -8.82339e-05 -0.0176076 0.0864968 -8.40494e-05 3.59956e-05 0.000122605 -8.40494e-05 0.00950798 -0.0174957 -8.82339e-05 3.59956e-05 -0.0174957 0.0866619 
0.00962705 -0.0175654 0.00013554 -8.08898e-05 -0.0175654 0.0864294 -7.21231e-05 -8.45753e-06 0.00013554 -7.21231e-05 0.00953552 -0.017565 -8.08898e-05 -8.45753e-06 -0.017565 0.0868154 
0.00962754 -0.0175542 0.00014484 -0.000100692 -0.0175542 0.0864532 -8.56079e-05 1.56431e-06 0.00014484 -8.56079e-05 0.00955595 -0.0176272 -0.000100692 1.56431e-06 -0.0176272 0.0870645 
0.0096229 -0.0175502 0.000116127 -0.00011443 -0.0175502 0.0864558 -9.87118e-05 3.55757e-05 0.000116127 -9.87118e-05 0.00957673 -0.0176585 -0.00011443 3.55757e-05 -0.0176585 0.087223 
0.00967396 -0.0175782 0.000110234 -8.30745e-05 -0.0175782 0.0866247 -7.22165e-05 1.38335e-05 0.000110234 -7.22165e-05 0.00957154 -0.0177208 -8.30745e-05 1.38335e-05 -0.0177208 0.0875039 
0.00971595 -0.0176478 9.99255e-05 -6.44036e-05 -0.0176478 0.0868262 -5.83101e-05 -3.99181e-05 9.99255e-05 -5.83101e-05 0.00955961 -0.0177123 -6.44036e-05 -3.99181e-05 -0.0177123 0.0876213 
0.00973293 -0.0176813 9.17559e-05 -4.56661e-05 -0.0176813 0.0868807 -4.57385e-05 -8.71454e-05 9.17559e-05 -4.57385e-05 0.00951196 -0.0176408 -4.56661e-05 -8.71454e-05 -0.0176408 0.0874069 
0.00970041 -0.017613 9.99186e-05 -2.81626e-05 -0.017613 0.0864997 -3.41268e-05 -0.000133344 9.99186e-05 -3.41268e-05 0.00943046 -0.0174932 -2.81626e-05 -0.000133344 -0.0174932 0.0867828 
0.00963522 -0.0175251 0.000103267 -4.68189e-05 -0.0175251 0.0860348 -5.53e-05 -0.000108819 0.000103267 -5.53e-05 0.00938127 -0.0173575 -4.68189e-05 -0.000108819 -0.0173575 0.0861637 
0.00981789 -0.0178573 0.000123332 -6.11769e-05 -0.0178573 0.087723 -6.95568e-05 -6.18751e-05 0.000123332 -6.95568e-05 0.0095647 -0.0177119 -6.11769e-05 -6.18751e-05 -0.0177119 0.0878429 
0.00978836 -0.0177935 0.000120742 -8.77162e-05 -0.0177935 0.087432 -9.20706e-05 1.36061e-06 0.000120742 -9.20706e-05 0.00953277 -0.0176617 -8.77162e-05 1.36061e-06 -0.0176617 0.0875888 
0.00984739 -0.0178529 0.0001234 -8.74732e-05 -0.0178529 0.0876882 -9.25598e-05 3.40263e-05 0.0001234 -9.25598e-05 0.00952425 -0.017696 -8.74732e-05 3.40263e-05 -0.017696 0.0877943 
0.00985918 -0.0178722 0.00011795 -8.46573e-05 -0.0178722 0.0876525 -9.38535e-05 3.87986e-05 0.00011795 -9.38535e-05 0.00949185 -0.0176282 -8.46573e-05 3.87986e-05 -0.0176282 0.0875896 
0.00991982 -0.0179754 0.000114683 -7.35687e-05 -0.0179754 0.0880998 -8.28212e-05 1.72339e-05 0.000114683 -8.28212e-05 0.00950072 -0.0176789 -7.35687e-05 1.72339e-05 -0.0176789 0.0878763 
0.00989486 -0.0179627 0.000118805 -6.43678e-05 -0.0179627 0.0879791 -7.27509e-05 -1.5724e-05 0.000118805 -7.27509e-05 0.00947508 -0.0175942 -6.43678e-05 -1.5724e-05 -0.0175942 0.0875682 
0.0098416 -0.0179063 0.000128718 -7.16163e-05 -0.0179063 0.087739 -8.40048e-05 -9.79241e-06 0.000128718 -8.40048e-05 0.00946663 -0.017528 -7.16163e-05 -9.79241e-06 -0.017528 0.0872171 
0.00977761 -0.0178055 0.000123182 -8.61557e-05 -0.0178055 0.0873403 -9.57399e-05 1.76024e-05 0.000123182 -9.57399e-05 0.00944973 -0.0174788 -8.61557e-05 1.76024e-05 -0.0174788 0.0868626 
0.00972469 -0.0177063 0.000127909 -8.90193e-05 -0.0177063 0.0869219 -9.18821e-05 3.81691e-05 0.000127909 -9.18821e-05 0.00943054 -0.0174358 -8.90193e-05 3.81691e-05 -0.0174358 0.0865605 
0.00969546 -0.0176369 0.000131943 -9.30565e-05 -0.0176369 0.0866061 -9.12289e-05 4.21061e-05 0.000131943 -9.12289e-05 0.00940178 -0.0174087 -9.30565e-05 4.21061e-05 -0.0174087 0.0863605 
0.00967332 -0.0175812 0.000119766 -0.000102941 -0.0175812 0.0863141 -9.85723e-05 6.28197e-05 0.000119766 -9.85723e-05 0.00936069 -0.017361 -0.000102941 6.28197e-05 -0.017361 0.0861358 
0.00968225 -0.0176377 0.000112288 -9.2404e-05 -0.0176377 0.0865458 -8.82111e-05 6.26397e-05 0.000112288 -8.82111e-05 0.00938385 -0.0173914 -9.2404e-05 6.26397e-05 -0.0173914 0.0863486 
0.00966312 -0.0176225 0.000102593 -8.2466e-05 -0.0176225 0.0865486 -7.81584e-05 4.23345e-05 0.000102593 -7.81584e-05 0.009412 -0.0174045 -8.2466e-05 4.23345e-05 -0.0174045 0.0863952 
0.00967966 -0.0176568 0.000111826 -6.8949e-05 -0.0176568 0.086804 -6.64268e-05 1.27971e-05 0.000111826 -6.64268e-05 0.00945467 -0.0175017 -6.8949e-05 1.27971e-05 -0.0175017 0.0867785 
0.00968211 -0.0176359 0.000116859 -7.58164e-05 -0.0176359 0.0867838 -7.47221e-05 7.14876e-06 0.000116859 -7.47221e-05 0.00945263 -0.0175408 -7.58164e-05 7.14876e-06 -0.0175408 0.0869455 
0.00966131 -0.0175983 0.000115927 -7.92864e-05 -0.0175983 0.0865716 -7.73098e-05 1.03398e-05 0.000115927 -7.73098e-05 0.0094365 -0.0174827 -7.92864e-05 1.03398e-05 -0.0174827 0.0867583 
0.00965286 -0.0176217 0.000101954 -8.37857e-05 -0.0176217 0.0866623 -8.02296e-05 2.26552e-05 0.000101954 -8.02296e-05 0.00944586 -0.0174858 -8.37857e-05 2.26552e-05 -0.0174858 0.086783 
0.00962912 -0.0175899 0.000101096 -6.94141e-05 -0.0175899 0.0865674 -6.71921e-05 1.0529e-05 0.000101096 -6.71921e-05 0.00943826 -0.0174574 -6.94141e-05 1.0529e-05 -0.0174574 0.0866365 
0.00960962 -0.0175532 9.59069e-05 -6.94292e-05 -0.0175532 0.0864398 -6.57854e-05 1.75385e-06 9.59069e-05 -6.57854e-05 0.00942542 -0.0174361 -6.94292e-05 1.75385e-06 -0.0174361 0.0865079 
0.00960025 -0.0175695 7.94055e-05 -6.57668e-05 -0.0175695 0.0865345 -6.04769e-05 -3.59005e-06 7.94055e-05 -6.04769e-05 0.00944452 -0.017447 -6.57668e-05 -3.59005e-06 -0.017447 0.0865771 
0.00959419 -0.0175256 9.28757e-05 -5.31188e-05 -0.0175256 0.0864063 -4.90498e-05 -1.20574e-05 9.28757e-05 -4.90498e-05 0.00942434 -0.017437 -5.31188e-05 -1.20574e-05 -0.017437 0.0864811 
0.00956568 -0.0174454 9.55628e-05 -6.84228e-05 -0.0174454 0.0859959 -6.6777e-05 8.58692e-06 9.55628e-05 -6.6777e-05 0.00937028 -0.0173527 -6.84228e-05 8.58692e-06 -0.0173527 0.0860965 
0.00978418 -0.0177736 0.000102616 -7.26664e-05 -0.0177736 0.0875507 -7.6109e-05 3.54372e-05 0.000102616 -7.6109e-05 0.00950752 -0.017654 -7.26664e-05 3.54372e-05 -0.017654 0.0876318 
0.00978168 -0.0178179 0.00010405 -7.15226e-05 -0.0178179 0.0875689 -8.04239e-05 4.33601e-05 0.00010405 -8.04239e-05 0.00949783 -0.0175933 -7.15226e-05 4.33601e-05 -0.0175933 0.0874632 
0.00977758 -0.0178089 0.00011826 -7.53341e-05 -0.0178089 0.087533 -8.60785e-05 5.52201e-05 0.00011826 -8.60785e-05 0.00946838 -0.0175696 -7.53341e-05 5.52201e-05 -0.0175696 0.0873053 
0.00978317 -0.0178474 0.000115256 -8.88676e-05 -0.0178474 0.0877185 -9.87944e-05 7.39292e-05 0.000115256 -9.87944e-05 0.00948901 -0.0175876 -8.88676e-05 7.39292e-05 -0.0175876 0.0874393 
0.00977665 -0.0178401 0.00010659 -8.32631e-05 -0.0178401 0.087732 -9.32431e-05 7.37295e-05 0.00010659 -9.32431e-05 0.00950498 -0.017589 -8.32631e-05 7.37295e-05 -0.017589 0.0874316 
0.00977136 -0.0178413 0.000103386 -7.55659e-05 -0.0178413 0.0877733 -8.61197e-05 6.19481e-05 0.000103386 -8.61197e-05 0.00952019 -0.0176248 -7.55659e-05 6.19481e-05 -0.0176248 0.0875359 
0.00973205 -0.0178253 0.000110257 -7.64223e-05 -0.0178253 0.0877367 -8.65231e-05 6.2516e-05 0.000110257 -8.65231e-05 0.00954615 -0.017634 -7.64223e-05 6.2516e-05 -0.017634 0.0875674 
0.00972295 -0.0177788 0.000110085 -9.42398e-05 -0.0177788 0.0876602 -9.75846e-05 9.44064e-05 0.000110085 -9.75846e-05 0.00955394 -0.0176711 -9.42398e-05 9.44064e-05 -0.0176711 0.0876498 
0.00968631 -0.0176727 0.000107058 -9.78613e-05 -0.0176727 0.0871444 -9.15986e-05 0.000111235 0.000107058 -9.15986e-05 0.00949992 -0.017589 -9.78613e-05 0.000111235 -0.017589 0.0872518 
0.00975505 -0.0177843 0.000115154 -9.59773e-05 -0.0177843 0.0875944 -8.72381e-05 0.000110812 0.000115154 -8.72381e-05 0.00950885 -0.0176536 -9.59773e-05 0.000110812 -0.0176536 0.0876356 
0.0097999 -0.0178867 0.00011785 -0.000102654 -0.0178867 0.0880166 -9.69971e-05 0.000121891 0.00011785 -9.69971e-05 0.00952225 -0.0176706 -0.000102654 0.000121891 -0.0176706 0.0878658 
0.0095958 -0.0175253 0.000118938 -0.000101954 -0.0175253 0.0862527 -9.91839e-05 0.000130503 0.000118938 -9.91839e-05 0.00931904 -0.017277 -0.000101954 0.000130503 -0.017277 0.0859619 
0.00959918 -0.0175479 0.000137332 -0.000105105 -0.0175479 0.0863966 -0.000103147 0.000138466 0.000137332 -0.000103147 0.00934722 -0.0172956 -0.000105105 0.000138466 -0.0172956 0.0860496 
0.00956029 -0.0174908 0.00012503 -0.000125767 -0.0174908 0.0861731 -0.000122074 0.000169258 0.00012503 -0.000122074 0.00936331 -0.0172751 -0.000125767 0.000169258 -0.0172751 0.0858742 
0.00954696 -0.017482 8.97829e-05 -0.000112179 -0.017482 0.0861929 -0.000112274 0.000170888 8.97829e-05 -0.000112274 0.00941003 -0.0173417 -0.000112179 0.000170888 -0.0173417 0.0860536 
0.0095125 -0.0174285 7.19837e-05 -6.44292e-05 -0.0174285 0.0860078 -6.61943e-05 8.89655e-05 7.19837e-05 -6.61943e-05 0.00943275 -0.0173804 -6.44292e-05 8.89655e-05 -0.0173804 0.0861119 
0.00970253 -0.0177613 6.59968e-05 -4.21604e-05 -0.0177613 0.0877091 -4.23449e-05 8.28831e-06 6.59968e-05 -4.23449e-05 0.00964243 -0.0177834 -4.21604e-05 8.28831e-06 -0.0177834 0.0880322 
0.00971001 -0.0177358 6.06007e-05 -3.48422e-05 -0.0177358 0.087572 -3.30139e-05 -3.5081e-05 6.06007e-05 -3.30139e-05 0.00962145 -0.0177823 -3.48422e-05 -3.5081e-05 -0.0177823 0.0880198 
0.00968263 -0.0176994 5.85535e-05 -3.17064e-05 -0.0176994 0.087297 -2.98586e-05 -4.70817e-05 5.85535e-05 -2.98586e-05 0.00959483 -0.0177057 -3.17064e-05 -4.70817e-05 -0.0177057 0.0877173 
0.00970242 -0.0177236 6.65681e-05 -3.50957e-05 -0.0177236 0.0874036 -3.36698e-05 -3.6789e-05 6.65681e-05 -3.36698e-05 0.00960185 -0.0177309 -3.50957e-05 -3.6789e-05 -0.0177309 0.0878001 
0.00975314 -0.0177651 0.000100324 -4.2862e-05 -0.0177651 0.0875676 -4.49522e-05 -1.6016e-05 0.000100324 -4.49522e-05 0.00957991 -0.0177572 -4.2862e-05 -1.6016e-05 -0.0177572 0.0879382 
0.00981405 -0.0178586 0.000126252 -8.17918e-05 -0.0178586 0.0879022 -8.81825e-05 5.74415e-05 0.000126252 -8.81825e-05 0.00957429 -0.0177736 -8.17918e-05 5.74415e-05 -0.0177736 0.0881576 
0.00959371 -0.0175273 0.000124284 -0.00010825 -0.0175273 0.0861658 -0.000118326 0.000139151 0.000124284 -0.000118326 0.00937684 -0.0173575 -0.00010825 0.000139151 -0.0173575 0.0862176 
0.00977848 -0.0178986 0.000115848 -0.000113319 -0.0178986 0.0881035 -0.000122918 0.000180101 0.000115848 -0.000122918 0.00959864 -0.0177455 -0.000113319 0.000180101 -0.0177455 0.0880987 
0.00974055 -0.0178336 9.19767e-05 -9.64188e-05 -0.0178336 0.0879046 -0.000104875 0.000157613 9.19767e-05 -0.000104875 0.00959971 -0.0177347 -9.64188e-05 0.000157613 -0.0177347 0.0879854 
0.00970274 -0.0177643 7.76805e-05 -6.95901e-05 -0.0177643 0.0876412 -7.55026e-05 0.000104075 7.76805e-05 -7.55026e-05 0.00959442 -0.0177213 -6.95901e-05 0.000104075 -0.0177213 0.0878651 
0.00968023 -0.0177091 7.33548e-05 -4.80701e-05 -0.0177091 0.0874008 -5.24764e-05 3.80151e-05 7.33548e-05 -5.24764e-05 0.00957381 -0.0176955 -4.80701e-05 3.80151e-05 -0.0176955 0.0877163 
0.00964513 -0.0176441 6.01391e-05 -4.48306e-05 -0.0176441 0.0870709 -4.84984e-05 9.3975e-06 6.01391e-05 -4.84984e-05 0.0095352 -0.0176297 -4.48306e-05 9.3975e-06 -0.0176297 0.0874125 
0.00966619 -0.0176431 7.04919e-05 -3.68217e-05 -0.0176431 0.0870788 -3.91006e-05 -3.07256e-06 7.04919e-05 -3.91006e-05 0.00950868 -0.0176385 -3.68217e-05 -3.07256e-06 -0.0176385 0.0874562 
0.0096753 -0.0176511 8.84145e-05 -5.5858e-05 -0.0176511 0.0870244 -5.41132e-05 2.42456e-05 8.84145e-05 -5.41132e-05 0.00947508 -0.0175742 -5.5858e-05 2.42456e-05 -0.0175742 0.087285 
0.00967837 -0.0176737 8.14292e-05 -8.04071e-05 -0.0176737 0.0870474 -7.42191e-05 7.5717e-05 8.14292e-05 -7.42191e-05 0.0094638 -0.0175135 -8.04071e-05 7.5717e-05 -0.0175135 0.0870772 
0.0096717 -0.0176482 8.16608e-05 -7.72857e-05 -0.0176482 0.0869244 -6.62291e-05 9.46138e-05 8.16608e-05 -6.62291e-05 0.00944616 -0.0174773 -7.72857e-05 9.46138e-05 -0.0174773 0.086842 
0.00967921 -0.0176726 7.52656e-05 -6.93046e-05 -0.0176726 0.0869969 -6.3287e-05 8.09701e-05 7.52656e-05 -6.3287e-05 0.0094508 -0.017482 -6.93046e-05 8.09701e-05 -0.017482 0.0868403 
0.0096836 -0.0176955 7.7879e-05 -5.17939e-05 -0.0176955 0.0870962 -5.20028e-05 4.46193e-05 7.7879e-05 -5.20028e-05 0.00945489 -0.0174927 -5.17939e-05 4.46193e-05 -0.0174927 0.0868801 
0.00973895 -0.0178014 8.79695e-05 -4.95536e-05 -0.0178014 0.0876401 -5.44689e-05 2.25025e-05 8.79695e-05 -5.44689e-05 0.00949526 -0.017598 -4.95536e-05 2.25025e-05 -0.017598 0.0874002 
0.00972968 -0.0178042 9.90481e-05 -5.78485e-05 -0.0178042 0.0876847 -6.68682e-05 2.92959e-05 9.90481e-05 -6.68682e-05 0.00950932 -0.0175958 -5.78485e-05 2.92959e-05 -0.0175958 0.0874489 
0.00970364 -0.0177373 8.96592e-05 -7.65621e-05 -0.0177373 0.0874298 -8.3072e-05 6.69072e-05 8.96592e-05 -8.3072e-05 0.00949501 -0.0175675 -7.65621e-05 6.69072e-05 -0.0175675 0.0872658 
0.00969522 -0.017694 6.79418e-05 -7.32059e-05 -0.017694 0.0872128 -7.54882e-05 8.40186e-05 6.79418e-05 -7.54882e-05 0.00947605 -0.017542 -7.32059e-05 8.40186e-05 -0.017542 0.087121 
0.00967752 -0.0176978 5.2281e-05 -4.51764e-05 -0.0176978 0.0871489 -4.78163e-05 4.40127e-05 5.2281e-05 -4.78163e-05 0.00948349 -0.0175145 -4.51764e-05 4.40127e-05 -0.0175145 0.0870146 
0.00965189 -0.0176495 5.21357e-05 -1.68784e-05 -0.0176495 0.0869458 -2.22386e-05 -2.88754e-05 5.21357e-05 -2.22386e-05 0.00945593 -0.0174853 -1.68784e-05 -2.88754e-05 -0.0174853 0.0867982 
0.00966105 -0.017689 7.10537e-05 -2.0909e-05 -0.017689 0.0871545 -2.96678e-05 -4.31689e-05 7.10537e-05 -2.96678e-05 0.00948081 -0.0175309 -2.0909e-05 -4.31689e-05 -0.0175309 0.0870322 
0.00965475 -0.0176883 6.44627e-05 -4.69892e-05 -0.0176883 0.0872065 -5.77076e-05 3.82522e-06 6.44627e-05 -5.77076e-05 0.00948214 -0.0175457 -4.69892e-05 3.82522e-06 -0.0175457 0.0871118 
0.00964877 -0.0176308 7.82592e-05 -4.60065e-05 -0.0176308 0.0869935 -5.82928e-05 4.21302e-05 7.82592e-05 -5.82928e-05 0.00945166 -0.0175154 -4.60065e-05 4.21302e-05 -0.0175154 0.0869776 
0.00961614 -0.0176192 9.61978e-05 -6.2297e-05 -0.0176192 0.086873 -7.32694e-05 7.68484e-05 9.61978e-05 -7.32694e-05 0.0094633 -0.0174766 -6.2297e-05 7.68484e-05 -0.0174766 0.0868514 
0.00958232 -0.0175451 0.000101951 -9.04064e-05 -0.0175451 0.0865901 -9.546e-05 0.000136472 0.000101951 -9.546e-05 0.0094519 -0.0174523 -9.04064e-05 0.000136472 -0.0174523 0.0866271 
0.00970097 -0.0177886 8.22894e-05 -0.000105358 -0.0177886 0.0878162 -0.000108507 0.000190605 8.22894e-05 -0.000108507 0.00962444 -0.0177404 -0.000105358 0.000190605 -0.0177404 0.0879875 
0.00967772 -0.0177459 5.09282e-05 -7.75574e-05 -0.0177459 0.0876605 -8.28479e-05 0.000167443 5.09282e-05 -8.28479e-05 0.00961574 -0.0177532 -7.75574e-05 0.000167443 -0.0177532 0.0879569 
0.00966978 -0.0176905 4.86434e-05 -4.03383e-05 -0.0176905 0.0874103 -4.15679e-05 8.90584e-05 4.86434e-05 -4.15679e-05 0.00957144 -0.0177179 -4.03383e-05 8.90584e-05 -0.0177179 0.0877949 
0.00969677 -0.0177142 6.20495e-05 -3.66955e-05 -0.0177142 0.0874432 -3.18204e-05 3.85753e-05 6.20495e-05 -3.18204e-05 0.00953765 -0.0176902 -3.66955e-05 3.85753e-05 -0.0176902 0.0877632 
0.0097356 -0.0178222 7.73717e-05 -5.17707e-05 -0.0178222 0.0878537 -4.86213e-05 4.7226e-05 7.73717e-05 -4.86213e-05 0.00954819 -0.0176916 -5.17707e-05 4.7226e-05 -0.0176916 0.0879275 
0.00972729 -0.0178165 7.55292e-05 -7.07007e-05 -0.0178165 0.0878529 -7.169e-05 9.1889e-05 7.55292e-05 -7.169e-05 0.00953771 -0.0176483 -7.07007e-05 9.1889e-05 -0.0176483 0.0877455 
0.00973382 -0.017834 8.17426e-05 -6.77981e-05 -0.017834 0.0879754 -7.03971e-05 0.000107595 8.17426e-05 -7.03971e-05 0.00953782 -0.0176683 -6.77981e-05 0.000107595 -0.0176683 0.0878147 
0.0095457 -0.0174622 6.91112e-05 -7.4817e-05 -0.0174622 0.0861657 -7.75869e-05 0.000123311 6.91112e-05 -7.75869e-05 0.0093181 -0.0172904 -7.4817e-05 0.000123311 -0.0172904 0.0859779 
0.00955003 -0.0174739 6.97163e-05 -6.48381e-05 -0.0174739 0.0861961 -6.80922e-05 0.000120573 6.97163e-05 -6.80922e-05 0.00931571 -0.0172764 -6.48381e-05 0.000120573 -0.0172764 0.0859776 
0.00954029 -0.017466 5.48043e-05 -6.31243e-05 -0.017466 0.0861535 -6.35946e-05 0.000106813 5.48043e-05 -6.35946e-05 0.00931955 -0.017253 -6.31243e-05 0.000106813 -0.017253 0.0858843 
0.00972887 -0.0177986 4.51448e-05 -4.54432e-05 -0.0177986 0.0878041 -4.32772e-05 7.19254e-05 4.51448e-05 -4.32772e-05 0.00951154 -0.0175884 -4.54432e-05 7.19254e-05 -0.0175884 0.0875076 
0.00966423 -0.017754 3.50722e-05 -3.41015e-05 -0.017754 0.0875436 -3.23231e-05 3.96768e-05 3.50722e-05 -3.23231e-05 0.00952802 -0.0175401 -3.41015e-05 3.96768e-05 -0.0175401 0.0872196 
0.00962255 -0.0176735 4.00582e-05 -2.30806e-05 -0.0176735 0.0872963 -2.32315e-05 1.42821e-05 4.00582e-05 -2.32315e-05 0.00954708 -0.0175646 -2.30806e-05 1.42821e-05 -0.0175646 0.0871254 
0.00963354 -0.0176947 4.0829e-05 -2.49005e-05 -0.0176947 0.0874687 -2.20436e-05 -2.55763e-06 4.0829e-05 -2.20436e-05 0.00957575 -0.0176802 -2.49005e-05 -2.55763e-06 -0.0176802 0.0875538 
0.00965577 -0.0177101 4.55409e-05 -2.89087e-05 -0.0177101 0.0875749 -2.19874e-05 -1.82979e-06 4.55409e-05 -2.19874e-05 0.00956213 -0.0177149 -2.89087e-05 -1.82979e-06 -0.0177149 0.0877941 
0.00964554 -0.0177099 3.56973e-05 -3.57265e-05 -0.0177099 0.0875347 -3.00244e-05 1.31126e-05 3.56973e-05 -3.00244e-05 0.00954767 -0.0176632 -3.57265e-05 1.31126e-05 -0.0176632 0.087708 
0.00963256 -0.0176795 3.37028e-05 -2.52455e-05 -0.0176795 0.0874169 -2.33018e-05 1.09156e-05 3.37028e-05 -2.33018e-05 0.00952431 -0.017622 -2.52455e-05 1.09156e-05 -0.017622 0.0875301 
0.00963393 -0.0176613 3.44436e-05 -2.22033e-05 -0.0176613 0.0873252 -2.26225e-05 6.31932e-06 3.44436e-05 -2.26225e-05 0.00949949 -0.0175856 -2.22033e-05 6.31932e-06 -0.0175856 0.0873846 
0.0096214 -0.0176849 3.60979e-05 -2.39483e-05 -0.0176849 0.0873942 -2.83082e-05 1.42779e-05 3.60979e-05 -2.83082e-05 0.0095163 -0.0175718 -2.39483e-05 1.42779e-05 -0.0175718 0.087365 
0.00959971 -0.0176358 3.94163e-05 -2.7923e-05 -0.0176358 0.087237 -3.44729e-05 3.08863e-05 3.94163e-05 -3.44729e-05 0.00950565 -0.0175558 -2.7923e-05 3.08863e-05 -0.0175558 0.0872136 
0.0096105 -0.0176267 3.24237e-05 -2.97719e-05 -0.0176267 0.0872031 -3.23432e-05 3.32165e-05 3.24237e-05 -3.23432e-05 0.00948989 -0.0175586 -2.97719e-05 3.32165e-05 -0.0175586 0.0872112 
0.00963026 -0.0176316 3.32441e-05 -2.25489e-05 -0.0176316 0.0871762 -2.19418e-05 2.15677e-05 3.32441e-05 -2.19418e-05 0.00946857 -0.0175376 -2.25489e-05 2.15677e-05 -0.0175376 0.0871632 
0.00962464 -0.0175981 3.92956e-05 -2.42109e-05 -0.0175981 0.0869201 -1.87891e-05 1.16911e-05 3.92956e-05 -1.87891e-05 0.00942894 -0.0174565 -2.42109e-05 1.16911e-05 -0.0174565 0.0868193 
0.00966187 -0.0176974 4.7413e-05 -3.71066e-05 -0.0176974 0.08731 -2.81879e-05 2.95183e-05 4.7413e-05 -2.81879e-05 0.0094742 -0.0175121 -3.71066e-05 2.95183e-05 -0.0175121 0.0870994 
0.00967936 -0.0177357 6.13458e-05 -4.45653e-05 -0.0177357 0.0875248 -3.90936e-05 5.30107e-05 6.13458e-05 -3.90936e-05 0.00949841 -0.0175688 -4.45653e-05 5.30107e-05 -0.0175688 0.0873053 
0.00968969 -0.0177432 5.05558e-05 -5.53108e-05 -0.0177432 0.0875626 -5.45311e-05 7.78929e-05 5.05558e-05 -5.45311e-05 0.00949263 -0.0175738 -5.53108e-05 7.78929e-05 -0.0175738 0.0873363 
0.00967013 -0.0177194 3.62186e-05 -4.60764e-05 -0.0177194 0.0874255 -4.83066e-05 8.43033e-05 3.62186e-05 -4.83066e-05 0.00947575 -0.0175379 -4.60764e-05 8.43033e-05 -0.0175379 0.087188 
0.00969407 -0.0177651 4.12561e-05 -2.79033e-05 -0.0177651 0.0876649 -2.77792e-05 5.02047e-05 4.12561e-05 -2.77792e-05 0.00949273 -0.0175823 -2.79033e-05 5.02047e-05 -0.0175823 0.087413 
0.00968574 -0.0177907 4.05582e-05 -3.13908e-05 -0.0177907 0.087805 -2.86474e-05 3.10971e-05 4.05582e-05 -2.86474e-05 0.00952376 -0.0176006 -3.13908e-05 3.10971e-05 -0.0176006 0.0875385 
0.00948307 -0.0174513 3.47936e-05 -3.13914e-05 -0.0174513 0.0862257 -3.21944e-05 3.35272e-05 3.47936e-05 -3.21944e-05 0.00938229 -0.0173077 -3.13914e-05 3.35272e-05 -0.0173077 0.0860173 
0.00950447 -0.0174492 3.51452e-05 -2.36261e-05 -0.0174492 0.0863334 -2.99928e-05 2.84081e-05 3.51452e-05 -2.99928e-05 0.00940463 -0.0173723 -2.36261e-05 2.84081e-05 -0.0173723 0.0862512 
0.00947819 -0.0173865 4.40099e-05 -2.5001e-05 -0.0173865 0.0860029 -3.06196e-05 2.67119e-05 4.40099e-05 -3.06196e-05 0.0093961 -0.0173269 -2.5001e-05 2.67119e-05 -0.0173269 0.086027 
0.00950186 -0.0174116 5.5294e-05 -3.41203e-05 -0.0174116 0.0861126 -3.48114e-05 3.18585e-05 5.5294e-05 -3.48114e-05 0.00941379 -0.0173915 -3.41203e-05 3.18585e-05 -0.0173915 0.0862553 
0.00951399 -0.0174362 5.86281e-05 -4.7429e-05 -0.0174362 0.0861605 -4.65981e-05 5.38268e-05 5.86281e-05 -4.65981e-05 0.00940939 -0.0173867 -4.7429e-05 5.38268e-05 -0.0173867 0.0862795 
0.00952313 -0.0174239 7.22355e-05 -5.66205e-05 -0.0174239 0.08607 -5.438e-05 8.13681e-05 7.22355e-05 -5.438e-05 0.00938726 -0.0173542 -5.66205e-05 8.13681e-05 -0.0173542 0.0861396 
0.00955112 -0.0174663 8.46153e-05 -7.17485e-05 -0.0174663 0.0861967 -6.98493e-05 0.000113904 8.46153e-05 -6.98493e-05 0.00938673 -0.0173621 -7.17485e-05 0.000113904 -0.0173621 0.0861997 
0.00954822 -0.0175002 8.66669e-05 -8.31287e-05 -0.0175002 0.0863114 -8.47578e-05 0.00014715 8.66669e-05 -8.47578e-05 0.00941362 -0.0173721 -8.31287e-05 0.00014715 -0.0173721 0.0862636 
0.00952398 -0.0174812 8.99767e-05 -8.31524e-05 -0.0174812 0.0862901 -8.76425e-05 0.000161078 8.99767e-05 -8.76425e-05 0.00943621 -0.0174032 -8.31524e-05 0.000161078 -0.0174032 0.0863197 
0.00957482 -0.0175384 0.000101278 -7.99659e-05 -0.0175384 0.0866539 -8.65322e-05 0.000151556 0.000101278 -8.65322e-05 0.00947375 -0.017519 -7.99659e-05 0.000151556 -0.017519 0.086826 
0.00962693 -0.0175568 8.6627e-05 -9.25726e-05 -0.0175568 0.0866994 -0.000102282 0.000170167 8.6627e-05 -0.000102282 0.00944161 -0.017522 -9.25726e-05 0.000170167 -0.017522 0.0869139 
0.00967475 -0.0176357 4.44693e-05 -7.16045e-05 -0.0176357 0.0868995 -8.48954e-05 0.00014965 4.44693e-05 -8.48954e-05 0.00942404 -0.017497 -7.16045e-05 0.00014965 -0.017497 0.0869618 
0.00965269 -0.0176485 1.12129e-05 -2.12185e-05 -0.0176485 0.0868485 -3.38225e-05 5.97292e-05 1.12129e-05 -3.38225e-05 0.00941187 -0.0174181 -2.12185e-05 5.97292e-05 -0.0174181 0.0866753 
0.00962517 -0.0176031 2.08026e-05 1.9272e-05 -0.0176031 0.086682 1.5024e-05 -5.94525e-05 2.08026e-05 1.5024e-05 0.00939645 -0.0173786 1.9272e-05 -5.94525e-05 -0.0173786 0.0864099 
0.00959776 -0.0176007 4.97283e-05 4.3275e-06 -0.0176007 0.0867069 8.89538e-06 -9.35926e-05 4.97283e-05 8.89538e-06 0.00942914 -0.0174007 4.3275e-06 -9.35926e-05 -0.0174007 0.0864591 
0.00954303 -0.0175479 7.0051e-05 -3.89596e-05 -0.0175479 0.0865828 -2.58126e-05 -3.29025e-05 7.0051e-05 -2.58126e-05 0.0094701 -0.0174366 -3.89596e-05 -3.29025e-05 -0.0174366 0.0865077 
0.00953896 -0.0174699 9.09505e-05 -7.47218e-05 -0.0174699 0.0863793 -5.45305e-05 5.68124e-05 9.09505e-05 -5.45305e-05 0.00946985 -0.0174884 -7.47218e-05 5.68124e-05 -0.0174884 0.0866017 
0.00957141 -0.0174766 0.000118312 -0.000103331 -0.0174766 0.086353 -8.03332e-05 0.000137535 0.000118312 -8.03332e-05 0.00946218 -0.0175139 -0.000103331 0.000137535 -0.0175139 0.0867556 
0.00963796 -0.0176106 0.000114547 -0.000130155 -0.0176106 0.0868645 -0.000108921 0.000204291 0.000114547 -0.000108921 0.00949314 -0.017586 -0.000130155 0.000204291 -0.017586 0.0872117 
0.00966137 -0.0176922 0.000103442 -0.000124735 -0.0176922 0.0872331 -0.000108371 0.000228262 0.000103442 -0.000108371 0.00952422 -0.0176232 -0.000124735 0.000228262 -0.0176232 0.0874712 
0.00969325 -0.0177408 9.43439e-05 -0.000106503 -0.0177408 0.0875364 -9.60058e-05 0.000204735 9.43439e-05 -9.60058e-05 0.00954356 -0.0176711 -0.000106503 0.000204735 -0.0176711 0.087716 
0.00963709 -0.0176781 8.04314e-05 -8.88903e-05 -0.0176781 0.0872457 -8.23778e-05 0.000162388 8.04314e-05 -8.23778e-05 0.00953153 -0.0176039 -8.88903e-05 0.000162388 -0.0176039 0.0874148 
0.00963064 -0.0176601 6.49348e-05 -6.58205e-05 -0.0176601 0.087234 -6.32205e-05 0.000105382 6.49348e-05 -6.32205e-05 0.00953057 -0.0176114 -6.58205e-05 0.000105382 -0.0176114 0.0874019 
0.00959465 -0.0176173 6.80763e-05 -4.50201e-05 -0.0176173 0.087051 -4.50607e-05 5.04793e-05 6.80763e-05 -4.50607e-05 0.00953732 -0.0175816 -4.50201e-05 5.04793e-05 -0.0175816 0.087253 
0.00958485 -0.017562 7.09786e-05 -5.07219e-05 -0.017562 0.0868775 -5.13275e-05 3.80451e-05 7.09786e-05 -5.13275e-05 0.00953244 -0.0176026 -5.07219e-05 3.80451e-05 -0.0176026 0.0872348 
0.00956561 -0.0175554 7.05258e-05 -6.19109e-05 -0.0175554 0.0867988 -6.18316e-05 6.35618e-05 7.05258e-05 -6.18316e-05 0.00955144 -0.0175945 -6.19109e-05 6.35618e-05 -0.0175945 0.0872161 
0.00957144 -0.0175931 7.98973e-05 -6.23898e-05 -0.0175931 0.0870239 -6.23114e-05 7.78378e-05 7.98973e-05 -6.23114e-05 0.00959919 -0.017671 -6.23898e-05 7.78378e-05 -0.017671 0.0875059 
0.00961049 -0.0175899 6.99876e-05 -6.98253e-05 -0.0175899 0.0871102 -6.8904e-05 8.72476e-05 6.99876e-05 -6.8904e-05 0.00959301 -0.0177417 -6.98253e-05 8.72476e-05 -0.0177417 0.087765 
0.00964081 -0.0176253 4.82812e-05 -5.90934e-05 -0.0176253 0.087148 -5.66946e-05 7.50918e-05 4.82812e-05 -5.66946e-05 0.00956817 -0.0177109 -5.90934e-05 7.50918e-05 -0.0177109 0.0877687 
0.00964633 -0.0176022 7.02201e-05 -2.80531e-05 -0.0176022 0.0869401 -2.83492e-05 1.73468e-05 7.02201e-05 -2.83492e-05 0.0095069 -0.0176235 -2.80531e-05 1.73468e-05 -0.0176235 0.0874262 
0.00962079 -0.0175636 7.85249e-05 -5.04771e-05 -0.0175636 0.0866126 -5.22918e-05 2.00003e-05 7.85249e-05 -5.22918e-05 0.00944586 -0.017485 -5.04771e-05 2.00003e-05 -0.017485 0.0868588 
0.00961397 -0.0175396 8.5409e-05 -6.27418e-05 -0.0175396 0.0864273 -6.40838e-05 5.08814e-05 8.5409e-05 -6.40838e-05 0.00939295 -0.0174028 -6.27418e-05 5.08814e-05 -0.0174028 0.0864607 
0.00960874 -0.0175207 8.80103e-05 -7.12078e-05 -0.0175207 0.0862808 -7.48093e-05 7.91047e-05 8.80103e-05 -7.48093e-05 0.00934903 -0.0173434 -7.12078e-05 7.91047e-05 -0.0173434 0.0861915 
0.00960239 -0.0175794 4.68247e-05 -7.5252e-05 -0.0175794 0.0865057 -8.10951e-05 0.000100553 4.68247e-05 -8.10951e-05 0.00937718 -0.0173461 -7.5252e-05 0.000100553 -0.0173461 0.0862718 
0.00957629 -0.0175359 4.12761e-05 -2.25075e-05 -0.0175359 0.0864074 -3.00036e-05 2.78584e-05 4.12761e-05 -3.00036e-05 0.00938297 -0.0173379 -2.25075e-05 2.78584e-05 -0.0173379 0.0861576 
