0.00708979 0 -3.99487e-05 0 0 0.00977715 0 0 -3.99487e-05 0 0.00675382 0 0 0 0 0.00977715 
0.0100015 -0.0124071 -2.02841e-05 2.62781e-05 -0.0124071 0.0327562 2.62781e-05 -5.05236e-05 -2.02841e-05 2.62781e-05 0.00960051 -0.0119246 2.62781e-05 -5.05236e-05 -0.0119246 0.0318315 
0.00993765 -0.0184603 4.79202e-06 1.54419e-06 -0.0184603 0.0679132 1.54419e-06 -3.88272e-06 4.79202e-06 1.54419e-06 0.00967044 -0.0181261 1.54419e-06 -3.88272e-06 -0.0181261 0.0669281 
0.00940292 -0.0179872 1.1749e-05 -8.2968e-05 -0.0179872 0.080447 -8.88323e-05 0.000417616 1.1749e-05 -8.88323e-05 0.00916026 -0.0179282 -8.2968e-05 0.000417616 -0.0179282 0.0807177 
0.00936234 -0.0172796 -1.88611e-05 -8.90159e-05 -0.0172796 0.0828986 -0.000108275 0.00070645 -1.88611e-05 -0.000108275 0.00905824 -0.0171918 -8.90159e-05 0.00070645 -0.0171918 0.0835596 
0.00958467 -0.017419 -4.35846e-05 -2.13307e-05 -0.017419 0.0848623 -4.54214e-05 0.00058014 -4.35846e-05 -4.54214e-05 0.00924863 -0.0171941 -2.13307e-05 0.00058014 -0.0171941 0.0851693 
0.0097744 -0.0177505 -4.64311e-05 2.55617e-05 -0.0177505 0.0867232 4.17887e-06 0.000345251 -4.64311e-05 4.17887e-06 0.00944109 -0.0174488 2.55617e-05 0.000345251 -0.0174488 0.0865982 
0.009692 -0.0176493 -3.26033e-05 2.86373e-05 -0.0176493 0.0864243 1.38026e-05 0.000200932 -3.26033e-05 1.38026e-05 0.00943014 -0.0173554 2.86373e-05 0.000200932 -0.0173554 0.0861071 
0.00972459 -0.0176718 -1.13569e-05 5.01986e-06 -0.0176718 0.0867473 -2.9764e-06 0.000178929 -1.13569e-05 -2.9764e-06 0.0094679 -0.0174652 5.01986e-06 0.000178929 -0.0174652 0.0865015 
0.00986412 -0.0178998 1.31945e-06 -3.13002e-05 -0.0178998 0.0878774 -3.54084e-05 0.000241487 1.31945e-06 -3.54084e-05 0.00959261 -0.0177147 -3.13002e-05 0.000241487 -0.0177147 0.0877332 
0.00976304 -0.017736 -5.4162e-06 -5.21834e-05 -0.017736 0.087025 -5.40302e-05 0.000307766 -5.4162e-06 -5.40302e-05 0.00953202 -0.0175514 -5.21834e-05 0.000307766 -0.0175514 0.086932 
0.00973713 -0.017725 -9.49581e-06 -4.40175e-05 -0.017725 0.0869875 -4.19496e-05 0.000319757 -9.49581e-06 -4.19496e-05 0.00955102 -0.0175896 -4.40175e-05 0.000319757 -0.0175896 0.0869898 
0.00966539 -0.0176043 -2.91114e-06 -3.384e-05 -0.0176043 0.0864855 -3.01017e-05 0.00029239 -2.91114e-06 -3.01017e-05 0.00952594 -0.0175405 -3.384e-05 0.00029239 -0.0175405 0.0866716 
0.00962433 -0.0175225 -1.12266e-05 -3.5899e-05 -0.0175225 0.0861232 -3.27817e-05 0.000275818 -1.12266e-05 -3.27817e-05 0.00951678 -0.0174992 -3.5899e-05 0.000275818 -0.0174992 0.086433 
0.00964467 -0.01754 -2.3418e-05 -2.88341e-05 -0.01754 0.0862002 -3.28177e-05 0.000275062 -2.3418e-05 -3.28177e-05 0.00950873 -0.017545 -2.88341e-05 0.000275062 -0.017545 0.0865849 
0.00965193 -0.0175758 -2.38916e-05 -1.19585e-05 -0.0175758 0.0863253 -2.26256e-05 0.000253934 -2.38916e-05 -2.26256e-05 0.00949798 -0.0175465 -1.19585e-05 0.000253934 -0.0175465 0.0866864 
0.00966211 -0.0175862 -1.21902e-05 -1.02494e-05 -0.0175862 0.0864141 -2.14972e-05 0.000238605 -1.21902e-05 -2.14972e-05 0.00948125 -0.0175398 -1.02494e-05 0.000238605 -0.0175398 0.0867299 
0.00967951 -0.0175651 -1.03023e-05 -1.9219e-05 -0.0175651 0.0863185 -2.69435e-05 0.000235269 -1.03023e-05 -2.69435e-05 0.00944108 -0.0174941 -1.9219e-05 0.000235269 -0.0174941 0.0865883 
0.00988051 -0.0179405 -2.89877e-06 -2.37953e-05 -0.0179405 0.0880447 -2.28146e-05 0.000237902 -2.89877e-06 -2.28146e-05 0.00961105 -0.0177916 -2.37953e-05 0.000237902 -0.0177916 0.0881764 
0.00983337 -0.0179279 -7.06986e-06 -4.56627e-05 -0.0179279 0.0879365 -3.90383e-05 0.000273379 -7.06986e-06 -3.90383e-05 0.00961113 -0.017727 -4.56627e-05 0.000273379 -0.017727 0.0878914 
0.0097915 -0.0178684 -1.09772e-05 -4.3485e-05 -0.0178684 0.0877725 -3.34769e-05 0.000285455 -1.09772e-05 -3.34769e-05 0.00961822 -0.0177164 -4.3485e-05 0.000285455 -0.0177164 0.0877201 
0.00980543 -0.0178495 -8.73272e-06 -3.49636e-05 -0.0178495 0.0877672 -2.36564e-05 0.000268018 -8.73272e-06 -2.36564e-05 0.00960344 -0.017757 -3.49636e-05 0.000268018 -0.017757 0.0878254 
0.00984452 -0.0179227 -1.41807e-05 -3.67806e-05 -0.0179227 0.0880706 -2.26169e-05 0.000255032 -1.41807e-05 -2.26169e-05 0.00963068 -0.0177984 -3.67806e-05 0.000255032 -0.0177984 0.0881305 
0.00987448 -0.017896 -2.92765e-05 -3.0092e-05 -0.017896 0.0879279 -1.46059e-05 0.000239043 -2.92765e-05 -1.46059e-05 0.00958319 -0.0177583 -3.0092e-05 0.000239043 -0.0177583 0.0879489 
0.00985914 -0.0178894 -3.56422e-05 -8.25044e-06 -0.0178894 0.0877426 4.472e-06 0.000196136 -3.56422e-05 4.472e-06 0.00955411 -0.0176898 -8.25044e-06 0.000196136 -0.0176898 0.087697 
0.00988781 -0.0179755 -4.13735e-05 2.2501e-06 -0.0179755 0.0881405 1.03693e-05 0.000163083 -4.13735e-05 1.03693e-05 0.00959581 -0.0177588 2.2501e-06 0.000163083 -0.0177588 0.0880377 
0.0098659 -0.0179584 -4.22214e-05 1.54139e-05 -0.0179584 0.0881112 1.80365e-05 0.000131468 -4.22214e-05 1.80365e-05 0.00959822 -0.0177566 1.54139e-05 0.000131468 -0.0177566 0.0880156 
0.00985715 -0.0179672 -4.31674e-05 1.24366e-05 -0.0179672 0.0882202 1.40681e-05 0.000130197 -4.31674e-05 1.40681e-05 0.00962303 -0.0177851 1.24366e-05 0.000130197 -0.0177851 0.0881518 
0.00979985 -0.0179226 -4.20994e-05 8.19022e-06 -0.0179226 0.088078 1.30613e-05 0.000139912 -4.20994e-05 1.30613e-05 0.00965904 -0.0177718 8.19022e-06 0.000139912 -0.0177718 0.0880577 
0.00974088 -0.0178178 -3.92173e-05 8.40526e-06 -0.0178178 0.0877416 1.60804e-05 0.000138284 -3.92173e-05 1.60804e-05 0.00966691 -0.0177854 8.40526e-06 0.000138284 -0.0177854 0.0879335 
0.00976776 -0.0177872 -3.42686e-05 -1.70784e-07 -0.0177872 0.0876971 9.75887e-06 0.000152821 -3.42686e-05 9.75887e-06 0.00965392 -0.0178554 -1.70784e-07 0.000152821 -0.0178554 0.0881727 
0.00974208 -0.0177718 -3.73773e-05 -3.52196e-06 -0.0177718 0.0875058 4.40735e-06 0.000162947 -3.73773e-05 4.40735e-06 0.00965666 -0.0178035 -3.52196e-06 0.000162947 -0.0178035 0.0880592 
0.00973564 -0.0177679 -3.67694e-05 6.86456e-06 -0.0177679 0.087511 3.70699e-06 0.000158646 -3.67694e-05 3.70699e-06 0.00968065 -0.0178234 6.86456e-06 0.000158646 -0.0178234 0.0880925 
0.00972264 -0.0176709 -4.55558e-05 1.31478e-05 -0.0176709 0.0870678 9.7192e-09 0.000149518 -4.55558e-05 9.7192e-09 0.00961687 -0.0177728 1.31478e-05 0.000149518 -0.0177728 0.0877526 
0.00971633 -0.0176692 -5.79632e-05 3.29256e-05 -0.0176692 0.0869005 1.43697e-05 0.000113374 -5.79632e-05 1.43697e-05 0.00957407 -0.0177034 3.29256e-05 0.000113374 -0.0177034 0.0875219 
0.0097127 -0.0176387 -5.05939e-05 4.46185e-05 -0.0176387 0.0866769 2.53791e-05 8.21625e-05 -5.05939e-05 2.53791e-05 0.00950311 -0.0175997 4.46185e-05 8.21625e-05 -0.0175997 0.0870963 
0.00972315 -0.0177111 -5.11734e-05 3.11672e-05 -0.0177111 0.0869328 1.40156e-05 9.37302e-05 -5.11734e-05 1.40156e-05 0.00951144 -0.0175841 3.11672e-05 9.37302e-05 -0.0175841 0.0871228 
0.00971997 -0.0177195 -5.0323e-05 2.70871e-05 -0.0177195 0.0870245 1.68445e-05 0.000105607 -5.0323e-05 1.68445e-05 0.00949765 -0.0175701 2.70871e-05 0.000105607 -0.0175701 0.0870534 
0.00970138 -0.0176775 -4.88069e-05 2.56584e-05 -0.0176775 0.086855 2.27662e-05 0.000102614 -4.88069e-05 2.27662e-05 0.00945676 -0.0175015 2.56584e-05 0.000102614 -0.0175015 0.0867642 
0.00970487 -0.0176697 -4.18149e-05 2.1871e-05 -0.0176697 0.086809 2.65245e-05 9.71656e-05 -4.18149e-05 2.65245e-05 0.00942149 -0.0174589 2.1871e-05 9.71656e-05 -0.0174589 0.0866049 
0.00971586 -0.0177005 -2.86631e-05 1.31274e-05 -0.0177005 0.0869169 1.952e-05 0.000105376 -2.86631e-05 1.952e-05 0.00940834 -0.0174312 1.31274e-05 0.000105376 -0.0174312 0.0865604 
0.00969129 -0.0176508 -2.57399e-05 2.69139e-06 -0.0176508 0.0866684 7.80527e-06 0.00011671 -2.57399e-05 7.80527e-06 0.00936995 -0.0173408 2.69139e-06 0.00011671 -0.0173408 0.0861619 
0.00967398 -0.0176571 -1.2278e-05 -4.31607e-06 -0.0176571 0.0866836 4.6467e-06 0.000132805 -1.2278e-05 4.6467e-06 0.00937461 -0.0173269 -4.31607e-06 0.000132805 -0.0173269 0.0860822 
0.00964433 -0.017604 9.15283e-06 -1.91642e-05 -0.017604 0.0865013 -8.92092e-06 0.000156204 9.15283e-06 -8.92092e-06 0.00936389 -0.0173055 -1.91642e-05 0.000156204 -0.0173055 0.0859213 
0.00964872 -0.017614 8.47117e-06 -4.48399e-05 -0.017614 0.0865922 -4.27002e-05 0.000216663 8.47117e-06 -4.27002e-05 0.00938422 -0.0173458 -4.48399e-05 0.000216663 -0.0173458 0.0860886 
0.00966512 -0.0176098 8.06676e-06 -4.28216e-05 -0.0176098 0.0865929 -4.94693e-05 0.000252843 8.06676e-06 -4.94693e-05 0.00937433 -0.0173561 -4.28216e-05 0.000252843 -0.0173561 0.0861352 
0.0096839 -0.0176666 1.01838e-05 -4.06839e-05 -0.0176666 0.086817 -4.61169e-05 0.000255858 1.01838e-05 -4.61169e-05 0.00940819 -0.0173893 -4.06839e-05 0.000255858 -0.0173893 0.0863515 
0.00969552 -0.0176664 2.70231e-06 -4.19999e-05 -0.0176664 0.0868586 -4.19729e-05 0.000249217 2.70231e-06 -4.19729e-05 0.00940402 -0.0174201 -4.19999e-05 0.000249217 -0.0174201 0.0864477 
0.00971966 -0.0177009 -6.54897e-06 -2.78001e-05 -0.0177009 0.0869983 -3.3002e-05 0.000226089 -6.54897e-06 -3.3002e-05 0.00941443 -0.0174375 -2.78001e-05 0.000226089 -0.0174375 0.0865949 
0.00973512 -0.0177518 -1.49384e-05 -2.13396e-05 -0.0177518 0.0871979 -3.59268e-05 0.000224118 -1.49384e-05 -3.59268e-05 0.00943758 -0.0174521 -2.13396e-05 0.000224118 -0.0174521 0.0867088 
0.00969684 -0.0177306 -1.82622e-05 -1.30199e-05 -0.0177306 0.0871256 -2.61155e-05 0.000212793 -1.82622e-05 -2.61155e-05 0.00946645 -0.0174444 -1.30199e-05 0.000212793 -0.0174444 0.0866221 
0.00971113 -0.0176769 -1.39574e-05 -1.34108e-05 -0.0176769 0.0869913 -1.84505e-05 0.000203562 -1.39574e-05 -1.84505e-05 0.00944388 -0.0174815 -1.34108e-05 0.000203562 -0.0174815 0.0866422 
0.00967957 -0.017668 -8.62453e-06 -1.97473e-05 -0.017668 0.0868268 -1.94735e-05 0.000204004 -8.62453e-06 -1.94735e-05 0.00945525 -0.0174355 -1.97473e-05 0.000204004 -0.0174355 0.0865101 
0.00964644 -0.0176546 6.65376e-06 -2.17572e-05 -0.0176546 0.0868189 -2.24413e-05 0.000205943 6.65376e-06 -2.24413e-05 0.00948271 -0.0174644 -2.17572e-05 0.000205943 -0.0174644 0.0865443 
0.00963359 -0.0175671 1.00679e-05 -4.96407e-05 -0.0175671 0.0865147 -4.73584e-05 0.000255109 1.00679e-05 -4.73584e-05 0.0094476 -0.0174545 -4.96407e-05 0.000255109 -0.0174545 0.0863944 
0.00966282 -0.0175858 -3.74447e-06 -5.98856e-05 -0.0175858 0.0865312 -4.9479e-05 0.000291171 -3.74447e-06 -4.9479e-05 0.00942641 -0.0174613 -5.98856e-05 0.000291171 -0.0174613 0.0864869 
0.00967267 -0.0175992 -1.72022e-05 -4.33572e-05 -0.0175992 0.0864933 -2.61104e-05 0.000268698 -1.72022e-05 -2.61104e-05 0.0093983 -0.0174145 -4.33572e-05 0.000268698 -0.0174145 0.0863737 
0.00967963 -0.0176292 -3.298e-05 -1.34701e-05 -0.0176292 0.0865856 1.57988e-06 0.000194341 -3.298e-05 1.57988e-06 0.00938893 -0.0173962 -1.34701e-05 0.000194341 -0.0173962 0.086348 
0.00967269 -0.0176184 -3.60296e-05 1.09401e-05 -0.0176184 0.0865428 2.05775e-05 0.000123525 -3.60296e-05 2.05775e-05 0.00937557 -0.0173655 1.09401e-05 0.000123525 -0.0173655 0.086228 
0.00964348 -0.017585 -2.40059e-05 1.54452e-05 -0.017585 0.0863774 2.63072e-05 8.48724e-05 -2.40059e-05 2.63072e-05 0.00936474 -0.0173174 1.54452e-05 8.48724e-05 -0.0173174 0.0860057 
0.00963401 -0.0176151 -2.85406e-05 -2.27608e-06 -0.0176151 0.0865737 9.39767e-06 0.000100655 -2.85406e-05 9.39767e-06 0.0094178 -0.0173757 -2.27608e-06 0.000100655 -0.0173757 0.0862337 
0.00963741 -0.0176188 -4.22339e-05 1.90887e-06 -0.0176188 0.0867147 6.32783e-06 0.000118214 -4.22339e-05 6.32783e-06 0.00945662 -0.0174532 1.90887e-06 0.000118214 -0.0174532 0.0865058 
0.00962017 -0.0176149 -3.82737e-05 2.04544e-05 -0.0176149 0.0867623 1.17961e-05 0.000110964 -3.82737e-05 1.17961e-05 0.00950178 -0.0175094 2.04544e-05 0.000110964 -0.0175094 0.0867321 
0.00962539 -0.0175706 -3.28846e-05 2.60506e-05 -0.0175706 0.0866421 8.13795e-06 9.62644e-05 -3.28846e-05 8.13795e-06 0.00949876 -0.0175401 2.60506e-05 9.62644e-05 -0.0175401 0.0867958 
0.00971037 -0.0176837 -2.69396e-05 1.70181e-05 -0.0176837 0.0871293 -1.84808e-06 0.000111155 -2.69396e-05 -1.84808e-06 0.00952571 -0.0176462 1.70181e-05 0.000111155 -0.0176462 0.0873571 
0.00975911 -0.0177522 -1.93361e-05 7.80787e-06 -0.0177522 0.0873485 -8.23678e-06 0.000132199 -1.93361e-05 -8.23678e-06 0.00949908 -0.0176396 7.80787e-06 0.000132199 -0.0176396 0.0874697 
0.00972687 -0.0177533 -3.61184e-06 -8.10332e-06 -0.0177533 0.0872511 -1.82417e-05 0.000165203 -3.61184e-06 -1.82417e-05 0.00948518 -0.0175387 -8.10332e-06 0.000165203 -0.0175387 0.0871384 
0.00972327 -0.017689 -1.77765e-06 -3.79559e-05 -0.017689 0.087017 -4.01778e-05 0.000227599 -1.77765e-06 -4.01778e-05 0.00943742 -0.0174886 -3.79559e-05 0.000227599 -0.0174886 0.0868143 
0.0097477 -0.0177136 -5.71103e-06 -4.86424e-05 -0.0177136 0.0870374 -4.16263e-05 0.000270594 -5.71103e-06 -4.16263e-05 0.00940963 -0.0174633 -4.86424e-05 0.000270594 -0.0174633 0.0867498 
0.00975948 -0.0177182 -2.22598e-05 -4.4504e-05 -0.0177182 0.0869792 -2.87932e-05 0.000265893 -2.22598e-05 -2.87932e-05 0.00936699 -0.0174111 -4.4504e-05 0.000265893 -0.0174111 0.0865666 
0.00968712 -0.017632 -3.22346e-05 -1.61541e-05 -0.017632 0.0864794 1.14489e-06 0.000202883 -3.22346e-05 1.14489e-06 0.00932643 -0.0172617 -1.61541e-05 0.000202883 -0.0172617 0.0859173 
0.00985837 -0.0179976 -5.06771e-05 -3.90758e-06 -0.0179976 0.0883433 1.00766e-05 0.000162426 -5.06771e-05 1.00766e-05 0.0095746 -0.0176635 -3.90758e-06 0.000162426 -0.0176635 0.0877808 
0.00979354 -0.0179498 -7.79054e-05 2.52895e-05 -0.0179498 0.0882663 3.69813e-05 9.64183e-05 -7.79054e-05 3.69813e-05 0.00963841 -0.017739 2.52895e-05 9.64183e-05 -0.017739 0.0879502 
0.00974712 -0.0178691 -9.47366e-05 6.65621e-05 -0.0178691 0.0880872 7.82256e-05 -7.54887e-06 -9.47366e-05 7.82256e-05 0.00966051 -0.017809 6.65621e-05 -7.54887e-06 -0.017809 0.088115 
0.00970605 -0.0177779 -9.2049e-05 8.79938e-05 -0.0177779 0.0877489 9.7893e-05 -8.75949e-05 -9.2049e-05 9.7893e-05 0.00965629 -0.0178009 8.79938e-05 -8.75949e-05 -0.0178009 0.0880533 
0.00969954 -0.0177608 -8.09807e-05 8.16534e-05 -0.0177608 0.0876862 8.91949e-05 -0.00010161 -8.09807e-05 8.91949e-05 0.0096625 -0.0178208 8.16534e-05 -0.00010161 -0.0178208 0.0881385 
0.00967723 -0.0177472 -6.97735e-05 7.15497e-05 -0.0177472 0.0876389 7.39076e-05 -8.24616e-05 -6.97735e-05 7.39076e-05 0.00967422 -0.0178302 7.15497e-05 -8.24616e-05 -0.0178302 0.0881851 
0.00967729 -0.0177019 -4.45939e-05 5.54366e-05 -0.0177019 0.0874967 5.41711e-05 -4.06623e-05 -4.45939e-05 5.41711e-05 0.00964463 -0.0178292 5.54366e-05 -4.06623e-05 -0.0178292 0.0881451 
0.00969657 -0.0176715 -1.78838e-05 2.45594e-05 -0.0176715 0.0872734 2.00916e-05 2.91123e-05 -1.78838e-05 2.00916e-05 0.00957688 -0.017754 2.45594e-05 2.91123e-05 -0.017754 0.0878916 
0.0096926 -0.017665 -3.20665e-05 -7.25544e-06 -0.017665 0.0870714 -1.25087e-05 0.000109526 -3.20665e-05 -1.25087e-05 0.00952691 -0.0176435 -7.25544e-06 0.000109526 -0.0176435 0.0875049 
0.00964578 -0.0175915 -2.96657e-05 2.42299e-06 -0.0175915 0.0866073 -6.12772e-06 0.000142422 -2.96657e-05 -6.12772e-06 0.00946306 -0.0174877 2.42299e-06 0.000142422 -0.0174877 0.0867853 
0.00964346 -0.0176375 -2.33454e-05 9.969e-06 -0.0176375 0.0868075 -1.77553e-06 0.000128185 -2.33454e-05 -1.77553e-06 0.00948616 -0.0175175 9.969e-06 0.000128185 -0.0175175 0.0868685 
0.00963912 -0.0176532 -2.26284e-05 4.26428e-06 -0.0176532 0.0869678 -8.49168e-06 0.000129332 -2.26284e-05 -8.49168e-06 0.0094943 -0.0175557 4.26428e-06 0.000129332 -0.0175557 0.0870123 
0.00963551 -0.0177038 -3.07083e-05 6.28035e-06 -0.0177038 0.0872919 -7.63037e-06 0.000128231 -3.07083e-05 -7.63037e-06 0.00955091 -0.0176124 6.28035e-06 0.000128231 -0.0176124 0.087335 
0.00965559 -0.0176904 -3.48056e-05 1.4657e-05 -0.0176904 0.0873701 2.09139e-06 0.000113154 -3.48056e-05 2.09139e-06 0.00954731 -0.0176478 1.4657e-05 0.000113154 -0.0176478 0.0874534 
0.0096687 -0.0176182 -3.32605e-05 1.76118e-05 -0.0176182 0.0869733 1.35523e-05 8.86977e-05 -3.32605e-05 1.35523e-05 0.0094643 -0.0175494 1.76118e-05 8.86977e-05 -0.0175494 0.0870408 
0.00968552 -0.0176292 -2.95931e-05 1.34544e-05 -0.0176292 0.0868303 1.90646e-05 7.38902e-05 -2.95931e-05 1.90646e-05 0.0094057 -0.0174647 1.34544e-05 7.38902e-05 -0.0174647 0.0867549 
0.00971995 -0.0177017 -2.11424e-05 6.42998e-06 -0.0177017 0.0870543 2.02283e-05 7.17726e-05 -2.11424e-05 2.02283e-05 0.00938009 -0.0174421 6.42998e-06 7.17726e-05 -0.0174421 0.0867536 
0.00975591 -0.0178288 -1.2106e-05 -9.98498e-06 -0.0178288 0.0876203 6.2464e-06 0.000100643 -1.2106e-05 6.2464e-06 0.00942443 -0.017482 -9.98498e-06 0.000100643 -0.017482 0.0870761 
0.00974341 -0.0178389 -1.35329e-05 -2.37954e-05 -0.0178389 0.0877671 -6.90827e-06 0.000137982 -1.35329e-05 -6.90827e-06 0.00945004 -0.0174905 -2.37954e-05 0.000137982 -0.0174905 0.0871052 
0.00966077 -0.0177107 -1.44628e-05 -1.60434e-05 -0.0177107 0.0872443 -5.78764e-06 0.00014128 -1.44628e-05 -5.78764e-06 0.00944886 -0.0174081 -1.60434e-05 0.00014128 -0.0174081 0.08662 
0.00966821 -0.017707 -2.87404e-05 -8.60545e-06 -0.017707 0.0873438 -5.91255e-06 0.000131669 -2.87404e-05 -5.91255e-06 0.00950366 -0.017518 -8.60545e-06 0.000131669 -0.017518 0.0869398 
0.00962279 -0.0176558 -2.93767e-05 1.49312e-05 -0.0176558 0.087125 1.12488e-05 9.30098e-05 -2.93767e-05 1.12488e-05 0.00952823 -0.0175461 1.49312e-05 9.30098e-05 -0.0175461 0.0869744 
0.00962798 -0.0176351 -2.39584e-05 2.03397e-05 -0.0176351 0.087112 1.11584e-05 6.66852e-05 -2.39584e-05 1.11584e-05 0.00954505 -0.0176091 2.03397e-05 6.66852e-05 -0.0176091 0.0871873 
0.0096568 -0.0176768 -2.22418e-05 9.44859e-06 -0.0176768 0.0872908 -2.35567e-06 8.57685e-05 -2.22418e-05 -2.35567e-06 0.00956476 -0.0176655 9.44859e-06 8.57685e-05 -0.0176655 0.0874848 
0.00969451 -0.0177258 -3.93073e-05 7.47097e-07 -0.0177258 0.0875063 -8.03089e-06 0.000114548 -3.93073e-05 -8.03089e-06 0.00957765 -0.0177077 7.47097e-07 0.000114548 -0.0177077 0.0877309 
0.00966861 -0.017727 -3.29499e-05 2.09079e-05 -0.017727 0.0874669 1.69524e-05 9.10955e-05 -3.29499e-05 1.69524e-05 0.00959004 -0.0176857 2.09079e-05 9.10955e-05 -0.0176857 0.0876704 
0.00967257 -0.017689 -3.34567e-05 1.70229e-05 -0.017689 0.0873618 1.58334e-05 7.20682e-05 -3.34567e-05 1.58334e-05 0.00957101 -0.0176869 1.70229e-05 7.20682e-05 -0.0176869 0.0876077 
0.00968422 -0.0176765 -1.75903e-05 1.83174e-05 -0.0176765 0.0872272 1.53584e-05 6.82095e-05 -1.75903e-05 1.53584e-05 0.00952796 -0.0176432 1.83174e-05 6.82095e-05 -0.0176432 0.0874533 
0.00968799 -0.0176832 1.10801e-05 -1.27729e-06 -0.0176832 0.0871333 -8.75148e-06 0.000103382 1.10801e-05 -8.75148e-06 0.00948456 -0.0175624 -1.27729e-06 0.000103382 -0.0175624 0.0871775 
0.00969188 -0.0176884 1.06941e-05 -3.48147e-05 -0.0176884 0.0871028 -4.84784e-05 0.000180404 1.06941e-05 -4.84784e-05 0.00946017 -0.0175089 -3.48147e-05 0.000180404 -0.0175089 0.086964 
0.00970635 -0.0177713 -9.1801e-06 -3.44997e-05 -0.0177713 0.0874835 -4.84357e-05 0.000218135 -9.1801e-06 -4.84357e-05 0.00952093 -0.0175644 -3.44997e-05 0.000218135 -0.0175644 0.0872375 
0.0096944 -0.0178137 -1.51481e-05 -1.25478e-05 -0.0178137 0.0877825 -2.00449e-05 0.000189514 -1.51481e-05 -2.00449e-05 0.00958951 -0.0176437 -1.25478e-05 0.000189514 -0.0176437 0.0875248 
0.00967839 -0.0177888 -2.64498e-05 -8.28529e-06 -0.0177888 0.0878357 -1.01622e-05 0.000159463 -2.64498e-05 -1.01622e-05 0.00962677 -0.0177135 -8.28529e-06 0.000159463 -0.0177135 0.0877267 
0.00968638 -0.0177605 -2.35289e-05 5.99283e-06 -0.0177605 0.0877872 2.64653e-06 0.000130227 -2.35289e-05 2.64653e-06 0.00963552 -0.0177522 5.99283e-06 0.000130227 -0.0177522 0.0878553 
0.00969515 -0.0177509 -2.48176e-05 5.21627e-06 -0.0177509 0.0877077 -3.17401e-06 0.000121728 -2.48176e-05 -3.17401e-06 0.00962616 -0.0177565 5.21627e-06 0.000121728 -0.0177565 0.0878833 
0.00973945 -0.0177821 -3.33623e-05 9.59967e-06 -0.0177821 0.0878084 1.90218e-06 0.000111518 -3.33623e-05 1.90218e-06 0.00959249 -0.017773 9.59967e-06 0.000111518 -0.017773 0.0880024 
0.00974358 -0.0178031 -4.56072e-05 1.39271e-05 -0.0178031 0.087763 1.41513e-05 9.58731e-05 -4.56072e-05 1.41513e-05 0.00955961 -0.0176841 1.39271e-05 9.58731e-05 -0.0176841 0.0877682 
0.00974565 -0.0178526 -5.05211e-05 2.2532e-05 -0.0178526 0.0879585 3.24169e-05 7.05602e-05 -5.05211e-05 3.24169e-05 0.00958186 -0.0176729 2.2532e-05 7.05602e-05 -0.0176729 0.0877563 
0.00969463 -0.0177756 -3.58941e-05 3.08755e-05 -0.0177756 0.0876564 3.75939e-05 4.67411e-05 -3.58941e-05 3.75939e-05 0.00956483 -0.0176225 3.08755e-05 4.67411e-05 -0.0176225 0.0874182 
0.00966343 -0.0177042 -2.0147e-05 1.75894e-05 -0.0177042 0.0873797 1.80995e-05 6.06908e-05 -2.0147e-05 1.80995e-05 0.00955213 -0.0176058 1.75894e-05 6.06908e-05 -0.0176058 0.0872485 
0.00959943 -0.0176487 -2.33275e-05 -2.01351e-06 -0.0176487 0.0871183 -3.73527e-06 0.000104698 -2.33275e-05 -3.73527e-06 0.00956769 -0.0175826 -2.01351e-06 0.000104698 -0.0175826 0.0871002 
0.00956574 -0.0175447 -2.8213e-05 1.31369e-06 -0.0175447 0.0867518 4.51001e-06 0.000115872 -2.8213e-05 4.51001e-06 0.00953899 -0.017576 1.31369e-06 0.000115872 -0.017576 0.086927 
0.00955288 -0.0175119 -3.26137e-05 7.88878e-06 -0.0175119 0.0865554 1.34088e-05 9.99388e-05 -3.26137e-05 1.34088e-05 0.00952355 -0.0175479 7.88878e-06 9.99388e-05 -0.0175479 0.0868261 
0.00952761 -0.0174863 -4.07733e-05 1.30388e-05 -0.0174863 0.0863827 1.66891e-05 8.86241e-05 -4.07733e-05 1.66891e-05 0.00950838 -0.0175034 1.30388e-05 8.86241e-05 -0.0175034 0.0866273 
0.00951421 -0.0175375 -2.7256e-05 2.01835e-05 -0.0175375 0.0866534 1.91059e-05 8.38007e-05 -2.7256e-05 1.91059e-05 0.00955312 -0.0175568 2.01835e-05 8.38007e-05 -0.0175568 0.0868691 
0.0095156 -0.0174656 -1.62118e-05 3.98683e-06 -0.0174656 0.0864855 -2.55954e-06 0.000111944 -1.62118e-05 -2.55954e-06 0.00952345 -0.0175676 3.98683e-06 0.000111944 -0.0175676 0.0868347 
0.00957001 -0.0175295 -2.00634e-05 -8.25067e-06 -0.0175295 0.0867242 -1.72215e-05 0.00014913 -2.00634e-05 -1.72215e-05 0.00951792 -0.0175979 -8.25067e-06 0.00014913 -0.0175979 0.0870931 
0.00956176 -0.0175037 -3.23002e-05 -2.86779e-06 -0.0175037 0.0864806 -9.36036e-06 0.000150667 -3.23002e-05 -9.36036e-06 0.00946733 -0.017486 -2.86779e-06 0.000150667 -0.017486 0.0866855 
0.00958738 -0.0176194 -2.97592e-05 1.21058e-05 -0.0176194 0.0869681 1.17365e-05 0.000116741 -2.97592e-05 1.17365e-05 0.00952196 -0.0175377 1.21058e-05 0.000116741 -0.0175377 0.0869804 
0.00958009 -0.0175657 -2.80795e-05 1.31821e-05 -0.0175657 0.0868206 1.56731e-05 8.65237e-05 -2.80795e-05 1.56731e-05 0.00950756 -0.017525 1.31821e-05 8.65237e-05 -0.017525 0.0868249 
0.00959564 -0.0175153 -1.63661e-05 1.37063e-05 -0.0175153 0.0865314 1.69253e-05 7.02437e-05 -1.63661e-05 1.69253e-05 0.00943883 -0.0174725 1.37063e-05 7.02437e-05 -0.0174725 0.0865579 
0.00959299 -0.0174855 -2.26855e-05 -2.37961e-06 -0.0174855 0.086195 3.00884e-06 8.8104e-05 -2.26855e-05 3.00884e-06 0.00936505 -0.0173479 -2.37961e-06 8.8104e-05 -0.0173479 0.0860929 
0.00980507 -0.0179263 -3.06688e-05 -3.67843e-07 -0.0179263 0.0882103 5.0925e-06 0.000105848 -3.06688e-05 5.0925e-06 0.00956156 -0.0176865 -3.67843e-07 0.000105848 -0.0176865 0.0878706 
0.00955942 -0.0176191 -2.70387e-05 7.19304e-06 -0.0176191 0.0867256 8.19923e-06 0.000104207 -2.70387e-05 8.19923e-06 0.00943926 -0.0173588 7.19304e-06 0.000104207 -0.0173588 0.0862405 
0.00953173 -0.0175464 -2.94373e-05 9.72131e-06 -0.0175464 0.086683 5.63805e-06 9.86447e-05 -2.94373e-05 5.63805e-06 0.00946669 -0.0174225 9.72131e-06 9.86447e-05 -0.0174225 0.0863445 
0.00951918 -0.0175251 -9.58612e-06 1.08968e-05 -0.0175251 0.0866719 7.54473e-06 9.7427e-05 -9.58612e-06 7.54473e-06 0.00949387 -0.0174736 1.08968e-05 9.7427e-05 -0.0174736 0.0865419 
0.00951354 -0.0175033 -1.40226e-05 -1.73024e-05 -0.0175033 0.0866394 -1.70986e-05 0.000139565 -1.40226e-05 -1.70986e-05 0.00951651 -0.0175151 -1.73024e-05 0.000139565 -0.0175151 0.086703 
0.00950651 -0.0175132 -2.13338e-05 -1.73277e-05 -0.0175132 0.0867167 -1.31669e-05 0.000163641 -2.13338e-05 -1.31669e-05 0.00955592 -0.0175663 -1.73277e-05 0.000163641 -0.0175663 0.0869283 
0.00954109 -0.0174968 -1.61025e-05 2.08498e-06 -0.0174968 0.086717 4.98174e-06 0.000127343 -1.61025e-05 4.98174e-06 0.00954018 -0.0176141 2.08498e-06 0.000127343 -0.0176141 0.0870931 
0.0095802 -0.0175759 -1.69464e-05 2.01704e-07 -0.0175759 0.0869783 -4.4058e-06 0.000115089 -1.69464e-05 -4.4058e-06 0.00955718 -0.0176422 2.01704e-07 0.000115089 -0.0176422 0.0873626 
0.00960042 -0.0176197 -2.22894e-05 2.18564e-06 -0.0176197 0.087163 -1.14351e-05 0.000122182 -2.22894e-05 -1.14351e-05 0.00956866 -0.017654 2.18564e-06 0.000122182 -0.017654 0.0874718 
0.00959895 -0.0175889 -3.72393e-05 3.29265e-06 -0.0175889 0.0870025 -1.29102e-05 0.000133925 -3.72393e-05 -1.29102e-05 0.00953761 -0.0176045 3.29265e-06 0.000133925 -0.0176045 0.0872424 
0.0096171 -0.01765 -3.31874e-05 1.93958e-05 -0.01765 0.0872228 9.17785e-06 0.000108155 -3.31874e-05 9.17785e-06 0.00955414 -0.0176175 1.93958e-05 0.000108155 -0.0176175 0.0873498 
0.00962698 -0.0176481 -2.39523e-05 2.01095e-05 -0.0176481 0.0872361 1.60888e-05 7.70579e-05 -2.39523e-05 1.60888e-05 0.00953173 -0.0176089 2.01095e-05 7.70579e-05 -0.0176089 0.0872965 
0.00961146 -0.0176313 -1.54749e-05 1.9987e-06 -0.0176313 0.0871377 2.60013e-06 9.58788e-05 -1.54749e-05 2.60013e-06 0.00951772 -0.0175753 1.9987e-06 9.58788e-05 -0.0175753 0.0871802 
0.0096092 -0.0175817 -9.92649e-06 -1.87078e-05 -0.0175817 0.0869101 -9.92382e-06 0.000141561 -9.92649e-06 -9.92382e-06 0.00947644 -0.0175256 -1.87078e-05 0.000141561 -0.0175256 0.0869417 
0.00958648 -0.017555 -2.98661e-05 -2.42716e-05 -0.017555 0.0866886 -1.08703e-05 0.000160322 -2.98661e-05 -1.08703e-05 0.00944695 -0.017456 -2.42716e-05 0.000160322 -0.017456 0.0866607 
0.00950855 -0.0175084 -4.70967e-05 1.37406e-06 -0.0175084 0.0864379 1.33898e-05 0.000127049 -4.70967e-05 1.33898e-05 0.00946013 -0.0173871 1.37406e-06 0.000127049 -0.0173871 0.0863237 
0.00951128 -0.0174617 -4.6406e-05 2.55148e-05 -0.0174617 0.0864011 3.17182e-05 7.38731e-05 -4.6406e-05 3.17182e-05 0.00946464 -0.0174452 2.55148e-05 7.38731e-05 -0.0174452 0.0864096 
0.00949152 -0.0173993 -4.76096e-05 3.01787e-05 -0.0173993 0.0860645 3.61503e-05 3.61574e-05 -4.76096e-05 3.61503e-05 0.00943695 -0.0173981 3.01787e-05 3.61574e-05 -0.0173981 0.0861901 
0.00947136 -0.0173939 -3.89986e-05 2.60881e-05 -0.0173939 0.0859731 3.30961e-05 3.68608e-05 -3.89986e-05 3.30961e-05 0.00943803 -0.0173841 2.60881e-05 3.68608e-05 -0.0173841 0.0861209 
0.00965252 -0.01777 -3.8116e-05 1.99877e-05 -0.01777 0.0878687 2.55616e-05 4.69694e-05 -3.8116e-05 2.55616e-05 0.00966103 -0.0177802 1.99877e-05 4.69694e-05 -0.0177802 0.0880445 
0.00966345 -0.0177249 -3.22389e-05 1.95114e-05 -0.0177249 0.0877681 2.4311e-05 5.15005e-05 -3.22389e-05 2.4311e-05 0.00962684 -0.0177986 1.95114e-05 5.15005e-05 -0.0177986 0.0880735 
0.00946979 -0.0173728 -1.78015e-05 1.51406e-05 -0.0173728 0.085947 1.66087e-05 5.80272e-05 -1.78015e-05 1.66087e-05 0.00941129 -0.0174038 1.51406e-05 5.80272e-05 -0.0174038 0.0862586 
0.00952093 -0.0174268 -3.00366e-06 -5.80454e-06 -0.0174268 0.086173 -5.19696e-06 9.99025e-05 -3.00366e-06 -5.19696e-06 0.00939232 -0.0174066 -5.80454e-06 9.99025e-05 -0.0174066 0.086363 
0.00954627 -0.0174851 5.30156e-06 -2.59531e-05 -0.0174851 0.0863567 -2.59575e-05 0.00015257 5.30156e-06 -2.59575e-05 0.00938435 -0.0173781 -2.59531e-05 0.00015257 -0.0173781 0.0863576 
0.00957397 -0.0175092 1.86523e-06 -3.25646e-05 -0.0175092 0.0864506 -3.60628e-05 0.000185644 1.86523e-06 -3.60628e-05 0.009353 -0.0173516 -3.25646e-05 0.000185644 -0.0173516 0.0862743 
0.00953217 -0.0174851 -6.7099e-06 -2.52234e-05 -0.0174851 0.0862709 -2.98118e-05 0.000182698 -6.7099e-06 -2.98118e-05 0.00934301 -0.0172689 -2.52234e-05 0.000182698 -0.0172689 0.085955 
0.00967317 -0.0177514 -7.16108e-06 -1.58389e-05 -0.0177514 0.0876604 -2.18149e-05 0.000168481 -7.16108e-06 -2.18149e-05 0.00951608 -0.0175553 -1.58389e-05 0.000168481 -0.0175553 0.087296 
