0.00738734 0 -7.25225e-05 0 0 0.010111 0 0 -7.25225e-05 0 0.00690824 0 0 0 0 0.010111 
0.0101277 -0.0125624 -6.08074e-05 7.45395e-05 -0.0125624 0.0330971 7.45395e-05 -0.000143014 -6.08074e-05 7.45395e-05 0.00954152 -0.011854 7.45395e-05 -0.000143014 -0.011854 0.0317381 
0.0104274 -0.0193539 -1.54748e-05 5.20555e-05 -0.0193539 0.0711261 5.20555e-05 -0.000156211 -1.54748e-05 5.20555e-05 0.00999955 -0.0187052 5.20555e-05 -0.000156211 -0.0187052 0.0691542 
0.00934115 -0.017875 1.85787e-06 -6.412e-05 -0.017875 0.0798673 -7.28614e-05 0.000334243 1.85787e-06 -7.28614e-05 0.00902185 -0.0176592 -6.412e-05 0.000334243 -0.0176592 0.0794998 
0.00960868 -0.0178083 -4.11281e-08 -9.4106e-05 -0.0178083 0.0853949 -0.00011306 0.000714185 -4.11281e-08 -0.00011306 0.00928067 -0.0176073 -9.4106e-05 0.000714185 -0.0176073 0.0855903 
0.00991026 -0.0180758 -2.52774e-05 -7.22473e-05 -0.0180758 0.0881804 -8.87539e-05 0.000696458 -2.52774e-05 -8.87539e-05 0.00958451 -0.0178181 -7.22473e-05 0.000696458 -0.0178181 0.0882299 
0.00967722 -0.0175416 -3.61192e-05 -2.4431e-05 -0.0175416 0.085873 -3.38572e-05 0.000478461 -3.61192e-05 -3.38572e-05 0.00930302 -0.0172739 -2.4431e-05 0.000478461 -0.0172739 0.0856937 
0.00990107 -0.017936 -4.93682e-05 -1.33536e-06 -0.017936 0.0878329 -9.20569e-06 0.00032099 -4.93682e-05 -9.20569e-06 0.00949939 -0.0175929 -1.33536e-06 0.00032099 -0.0175929 0.0874371 
0.0101579 -0.0183879 -5.46363e-05 1.60558e-05 -0.0183879 0.0900745 1.0339e-05 0.000224987 -5.46363e-05 1.0339e-05 0.00975425 -0.0180183 1.60558e-05 0.000224987 -0.0180183 0.0895473 
0.0100089 -0.0180921 -5.04862e-05 2.01107e-05 -0.0180921 0.0886038 1.62711e-05 0.000174359 -5.04862e-05 1.62711e-05 0.00961663 -0.0177467 2.01107e-05 0.000174359 -0.0177467 0.0880845 
0.0099367 -0.0179904 -5.21222e-05 2.12065e-05 -0.0179904 0.0880145 1.61085e-05 0.000153619 -5.21222e-05 1.61085e-05 0.00957291 -0.0176506 2.12065e-05 0.000153619 -0.0176506 0.0875084 
0.00986967 -0.0178612 -5.63538e-05 2.215e-05 -0.0178612 0.087395 1.65786e-05 0.000148742 -5.63538e-05 1.65786e-05 0.00951543 -0.0175632 2.215e-05 0.000148742 -0.0175632 0.0869651 
0.0098521 -0.0178686 -3.42534e-05 2.09818e-05 -0.0178686 0.0873925 1.66144e-05 0.000159131 -3.42534e-05 1.66144e-05 0.00951615 -0.0175702 2.09818e-05 0.000159131 -0.0175702 0.0869849 
0.00986356 -0.0178604 -1.87117e-05 -1.06345e-05 -0.0178604 0.0874066 -8.84353e-06 0.000208515 -1.87117e-05 -8.84353e-06 0.00950105 -0.0175794 -1.06345e-05 0.000208515 -0.0175794 0.0870259 
0.00984009 -0.0178546 -3.0486e-06 -3.64393e-05 -0.0178546 0.0873165 -2.97903e-05 0.000276072 -3.0486e-06 -2.97903e-05 0.00948421 -0.0175256 -3.64393e-05 0.000276072 -0.0175256 0.0868496 
0.00980471 -0.0178472 5.82999e-06 -5.59331e-05 -0.0178472 0.0873348 -4.75758e-05 0.000332099 5.82999e-06 -4.75758e-05 0.00951095 -0.017525 -5.59331e-05 0.000332099 -0.017525 0.0868299 
0.00974346 -0.0177849 -3.87406e-07 -6.22159e-05 -0.0177849 0.0871887 -5.91015e-05 0.000365407 -3.87406e-07 -5.91015e-05 0.00954755 -0.0175496 -6.22159e-05 0.000365407 -0.0175496 0.086824 
0.00972359 -0.017703 -2.05078e-05 -5.09619e-05 -0.017703 0.0869825 -5.42837e-05 0.000364695 -2.05078e-05 -5.42837e-05 0.00954919 -0.0176035 -5.09619e-05 0.000364695 -0.0176035 0.0869193 
0.00973646 -0.0177086 -3.83689e-05 -2.88819e-05 -0.0177086 0.0869966 -3.58108e-05 0.000334134 -3.83689e-05 -3.58108e-05 0.00956644 -0.0176321 -2.88819e-05 0.000334134 -0.0176321 0.0871005 
0.00974961 -0.0176909 -4.48771e-05 -3.98599e-06 -0.0176909 0.0868666 -1.23648e-05 0.00027727 -4.48771e-05 -1.23648e-05 0.00953716 -0.0176081 -3.98599e-06 0.00027727 -0.0176081 0.0869923 
0.00975627 -0.0177553 -3.28276e-05 1.2341e-05 -0.0177553 0.0870746 4.034e-06 0.000217879 -3.28276e-05 4.034e-06 0.00955506 -0.0176197 1.2341e-05 0.000217879 -0.0176197 0.0871221 
0.0097653 -0.0177458 -2.75766e-05 -3.58227e-06 -0.0177458 0.0870824 -1.29383e-05 0.000222105 -2.75766e-05 -1.29383e-05 0.00953249 -0.0176083 -3.58227e-06 0.000222105 -0.0176083 0.0870614 
0.00977515 -0.017734 -2.81539e-05 -1.53892e-05 -0.017734 0.0869892 -2.26085e-05 0.000251953 -2.81539e-05 -2.26085e-05 0.00949561 -0.0175595 -1.53892e-05 0.000251953 -0.0175595 0.0868897 
0.00975796 -0.0177546 -2.63339e-05 -1.83055e-05 -0.0177546 0.0870132 -1.67685e-05 0.00026102 -2.63339e-05 -1.67685e-05 0.00950547 -0.0175288 -1.83055e-05 0.00026102 -0.0175288 0.0868063 
0.00974802 -0.0177781 -2.0766e-05 -2.11203e-05 -0.0177781 0.0872117 -1.29909e-05 0.000259292 -2.0766e-05 -1.29909e-05 0.00953902 -0.0175854 -2.11203e-05 0.000259292 -0.0175854 0.0870102 
0.00975428 -0.0177163 -3.25043e-05 -3.0634e-05 -0.0177163 0.0870566 -2.0811e-05 0.000272025 -3.25043e-05 -2.0811e-05 0.00951033 -0.0176 -3.0634e-05 0.000272025 -0.0176 0.0870225 
0.00976341 -0.0177079 -4.74208e-05 -1.46432e-05 -0.0177079 0.086921 -6.32821e-06 0.000255463 -4.74208e-05 -6.32821e-06 0.00946525 -0.017549 -1.46432e-05 0.000255463 -0.017549 0.0869001 
0.00972977 -0.0176535 -4.79525e-05 6.30661e-06 -0.0176535 0.0865592 1.09558e-05 0.000210614 -4.79525e-05 1.09558e-05 0.00940282 -0.0174168 6.30661e-06 0.000210614 -0.0174168 0.0863852 
0.0097459 -0.0176612 -4.44838e-05 1.29608e-05 -0.0176612 0.0865387 7.35172e-06 0.000186967 -4.44838e-05 7.35172e-06 0.00935086 -0.0173578 1.29608e-05 0.000186967 -0.0173578 0.0861529 
0.00975114 -0.0176843 -3.99416e-05 1.51343e-05 -0.0176843 0.0865571 -9.14449e-07 0.000181845 -3.99416e-05 -9.14449e-07 0.0093239 -0.0172845 1.51343e-05 0.000181845 -0.0172845 0.0859193 
0.00976073 -0.0177364 -3.01119e-05 1.30163e-05 -0.0177364 0.0867805 -6.8035e-06 0.000185802 -3.01119e-05 -6.8035e-06 0.00934254 -0.0172805 1.30163e-05 0.000185802 -0.0172805 0.085926 
0.00977481 -0.0177807 -2.75481e-05 1.28811e-06 -0.0177807 0.0870413 -1.67236e-05 0.000201857 -2.75481e-05 -1.67236e-05 0.00938122 -0.0173224 1.28811e-06 0.000201857 -0.0173224 0.0860774 
0.00975374 -0.0177517 -1.73631e-05 -6.98595e-06 -0.0177517 0.0869739 -1.81331e-05 0.000219461 -1.73631e-05 -1.81331e-05 0.00940024 -0.0173439 -6.98595e-06 0.000219461 -0.0173439 0.0860772 
0.00970821 -0.0176699 -2.62835e-05 -2.356e-05 -0.0176699 0.0866467 -2.47365e-05 0.000241933 -2.62835e-05 -2.47365e-05 0.0094154 -0.0173351 -2.356e-05 0.000241933 -0.0173351 0.0859311 
0.0101361 -0.0184376 -2.733e-05 -2.11515e-05 -0.0184376 0.0904528 -1.50148e-05 0.000259445 -2.733e-05 -1.50148e-05 0.00986656 -0.0181701 -2.11515e-05 0.000259445 -0.0181701 0.0899239 
0.00973236 -0.0176637 -2.80934e-05 -1.82359e-05 -0.0176637 0.0866461 -1.22496e-05 0.000241565 -2.80934e-05 -1.22496e-05 0.00945141 -0.0174495 -1.82359e-05 0.000241565 -0.0174495 0.0862925 
0.00976405 -0.0176642 -3.49689e-05 -1.67551e-05 -0.0176642 0.0865713 -1.23397e-05 0.000239679 -3.49689e-05 -1.23397e-05 0.0094208 -0.0174403 -1.67551e-05 0.000239679 -0.0174403 0.0862859 
0.00979334 -0.0177037 -3.86167e-05 -9.41207e-06 -0.0177037 0.0865929 -1.56298e-06 0.000227031 -3.86167e-05 -1.56298e-06 0.00937677 -0.0173918 -9.41207e-06 0.000227031 -0.0173918 0.0861715 
0.00983839 -0.0178115 -3.82211e-05 -5.24829e-06 -0.0178115 0.0870127 8.79179e-06 0.000206256 -3.82211e-05 8.79179e-06 0.00938074 -0.0174104 -5.24829e-06 0.000206256 -0.0174104 0.0863845 
0.00982167 -0.0178771 -3.43145e-05 -6.19563e-06 -0.0178771 0.0873456 1.22508e-05 0.000193662 -3.43145e-05 1.22508e-05 0.00944236 -0.0174337 -6.19563e-06 0.000193662 -0.0174337 0.0865741 
0.00981534 -0.0178528 -1.99639e-05 -1.23116e-05 -0.0178528 0.0874471 2.7341e-06 0.000206459 -1.99639e-05 2.7341e-06 0.00948312 -0.0175093 -1.23116e-05 0.000206459 -0.0175093 0.0867859 
0.00978113 -0.0177911 -2.92328e-05 -3.30738e-05 -0.0177911 0.0872117 -1.98463e-05 0.000250402 -2.92328e-05 -1.98463e-05 0.00949364 -0.0175106 -3.30738e-05 0.000250402 -0.0175106 0.0867331 
0.00977003 -0.0177662 -2.31137e-05 -2.36482e-05 -0.0177662 0.0871494 -1.47706e-05 0.000267077 -2.31137e-05 -1.47706e-05 0.00949643 -0.0175554 -2.36482e-05 0.000267077 -0.0175554 0.0868686 
0.00976469 -0.0178224 -1.66185e-05 -2.32936e-05 -0.0178224 0.0874562 -2.20694e-05 0.000270731 -1.66185e-05 -2.20694e-05 0.00954766 -0.0176336 -2.32936e-05 0.000270731 -0.0176336 0.0873024 
0.00972239 -0.0177234 -2.83405e-05 -3.06562e-05 -0.0177234 0.0871373 -3.4739e-05 0.000288921 -2.83405e-05 -3.4739e-05 0.0095393 -0.0175982 -3.06562e-05 0.000288921 -0.0175982 0.0871166 
0.0096465 -0.0176136 -2.47759e-05 -1.36377e-05 -0.0176136 0.0866333 -1.88519e-05 0.000268305 -2.47759e-05 -1.88519e-05 0.00953535 -0.0175275 -1.36377e-05 0.000268305 -0.0175275 0.086727 
0.00965313 -0.0175579 -3.43885e-05 -1.53954e-05 -0.0175579 0.0864373 -2.17103e-05 0.000256028 -3.43885e-05 -2.17103e-05 0.00949794 -0.0175451 -1.53954e-05 0.000256028 -0.0175451 0.08667 
0.00966418 -0.0175432 -5.06156e-05 -1.02991e-06 -0.0175432 0.0862333 -8.64506e-06 0.000229385 -5.06156e-05 -8.64506e-06 0.00943572 -0.0174609 -1.02991e-06 0.000229385 -0.0174609 0.0863967 
0.00966333 -0.0175648 -5.88948e-05 2.00737e-05 -0.0175648 0.0862009 1.14402e-05 0.000181823 -5.88948e-05 1.14402e-05 0.00941586 -0.0173846 2.00737e-05 0.000181823 -0.0173846 0.0861468 
0.00966654 -0.0176207 -5.35734e-05 3.18644e-05 -0.0176207 0.0864589 2.25617e-05 0.000142439 -5.35734e-05 2.25617e-05 0.00945338 -0.0174143 3.18644e-05 0.000142439 -0.0174143 0.0862621 
0.0100648 -0.0183567 -5.83238e-05 2.91308e-05 -0.0183567 0.0901769 1.83897e-05 0.00013647 -5.83238e-05 1.83897e-05 0.00989431 -0.0181974 2.91308e-05 0.00013647 -0.0181974 0.0900273 
0.0100507 -0.0183289 -5.61946e-05 3.13647e-05 -0.0183289 0.0901118 2.15977e-05 0.00013291 -5.61946e-05 2.15977e-05 0.00989831 -0.0182428 3.13647e-05 0.00013291 -0.0182428 0.090129 
0.0100463 -0.0183213 -5.40311e-05 2.56874e-05 -0.0183213 0.0900871 2.03754e-05 0.000135434 -5.40311e-05 2.03754e-05 0.00988877 -0.018242 2.56874e-05 0.000135434 -0.018242 0.0901646 
0.0100316 -0.0182615 -5.1726e-05 1.98577e-05 -0.0182615 0.0897968 1.85568e-05 0.000144858 -5.1726e-05 1.85568e-05 0.00982414 -0.0181628 1.98577e-05 0.000144858 -0.0181628 0.0898347 
0.0100347 -0.0182622 -4.6799e-05 1.73992e-05 -0.0182622 0.0897286 1.89965e-05 0.00014838 -4.6799e-05 1.89965e-05 0.00978197 -0.0180993 1.73992e-05 0.00014838 -0.0180993 0.0896396 
0.0100279 -0.0182871 -3.41772e-05 1.14872e-05 -0.0182871 0.0897934 1.63531e-05 0.000152903 -3.41772e-05 1.63531e-05 0.00975907 -0.01805 1.14872e-05 0.000152903 -0.01805 0.0895059 
0.0100304 -0.0182599 -3.05137e-05 -2.26525e-06 -0.0182599 0.0897115 4.85063e-06 0.000167873 -3.05137e-05 4.85063e-06 0.00972229 -0.0179987 -2.26525e-06 0.000167873 -0.0179987 0.0892941 
0.0100598 -0.0183477 -3.90005e-05 -1.05518e-05 -0.0183477 0.0900984 -4.34471e-06 0.000195431 -3.90005e-05 -4.34471e-06 0.00977306 -0.0180477 -1.05518e-05 0.000195431 -0.0180477 0.0895941 
0.0101012 -0.0183424 -4.30938e-05 3.88692e-07 -0.0183424 0.0901436 3.54388e-06 0.000191648 -4.30938e-05 3.54388e-06 0.00975457 -0.018079 3.88692e-07 0.000191648 -0.018079 0.0896711 
0.0101015 -0.0183629 -3.89289e-05 4.51798e-06 -0.0183629 0.0901066 6.00556e-06 0.000182412 -3.89289e-05 6.00556e-06 0.00973124 -0.0180425 4.51798e-06 0.000182412 -0.0180425 0.0895964 
0.0100806 -0.0183562 -3.2058e-05 2.14616e-06 -0.0183562 0.0900585 3.42373e-06 0.000180274 -3.2058e-05 3.42373e-06 0.00971671 -0.0180013 2.14616e-06 0.000180274 -0.0180013 0.0894576 
0.0100144 -0.018302 -1.93439e-05 -1.01812e-05 -0.018302 0.0898367 -9.24826e-06 0.000204307 -1.93439e-05 -9.24826e-06 0.00972725 -0.0179418 -1.01812e-05 0.000204307 -0.0179418 0.0891799 
0.00998976 -0.0182117 -1.38045e-05 -2.12945e-05 -0.0182117 0.089567 -2.4646e-05 0.000232919 -1.38045e-05 -2.4646e-05 0.00970576 -0.017949 -2.12945e-05 0.000232919 -0.017949 0.0890467 
0.00996992 -0.01814 -8.05433e-06 -1.87905e-05 -0.01814 0.08919 -2.53206e-05 0.000233468 -8.05433e-06 -2.53206e-05 0.00966097 -0.0178821 -1.87905e-05 0.000233468 -0.0178821 0.0887521 
0.00997204 -0.018158 -8.70091e-06 -2.50908e-05 -0.018158 0.0891834 -3.09859e-05 0.000238642 -8.70091e-06 -3.09859e-05 0.00966455 -0.017857 -2.50908e-05 0.000238642 -0.017857 0.0886786 
0.00998507 -0.0181954 -1.2602e-05 -2.60454e-05 -0.0181954 0.0893586 -3.45562e-05 0.000248998 -1.2602e-05 -3.45562e-05 0.0096809 -0.0178975 -2.60454e-05 0.000248998 -0.0178975 0.0888213 
0.00999103 -0.0182224 -5.0126e-06 -2.63612e-05 -0.0182224 0.089515 -3.84819e-05 0.000265498 -5.0126e-06 -3.84819e-05 0.0097046 -0.0179335 -2.63612e-05 0.000265498 -0.0179335 0.0889919 
0.00992778 -0.018109 -8.53967e-06 -3.80203e-05 -0.018109 0.0889952 -5.01293e-05 0.000290849 -8.53967e-06 -5.01293e-05 0.00966574 -0.0178382 -3.80203e-05 0.000290849 -0.0178382 0.0885026 
0.00992411 -0.0181 -2.44193e-05 -3.57509e-05 -0.0181 0.0889583 -4.31324e-05 0.000298736 -2.44193e-05 -4.31324e-05 0.00966591 -0.0178447 -3.57509e-05 0.000298736 -0.0178447 0.0884842 
0.00995454 -0.0180836 -2.68346e-05 -1.08202e-05 -0.0180836 0.0888646 -1.49823e-05 0.000248848 -2.68346e-05 -1.49823e-05 0.00960745 -0.0178204 -1.08202e-05 0.000248848 -0.0178204 0.0883646 
0.00993213 -0.018141 -2.26907e-05 -5.53239e-06 -0.018141 0.0889741 -3.47022e-06 0.000202612 -2.26907e-05 -3.47022e-06 0.00963729 -0.0177661 -5.53239e-06 0.000202612 -0.0177661 0.0882791 
0.00993562 -0.0181813 -1.77691e-05 -1.2519e-05 -0.0181813 0.0893043 -4.26126e-06 0.000191343 -1.77691e-05 -4.26126e-06 0.00970021 -0.0178565 -1.2519e-05 0.000191343 -0.0178565 0.088568 
0.00992776 -0.0181472 -9.50915e-06 -2.52927e-05 -0.0181472 0.0892757 -1.64985e-05 0.000216664 -9.50915e-06 -1.64985e-05 0.00971452 -0.0179129 -2.52927e-05 0.000216664 -0.0179129 0.0887137 
0.00991674 -0.0180845 -2.39051e-05 -3.72912e-05 -0.0180845 0.0890131 -2.77674e-05 0.000246947 -2.39051e-05 -2.77674e-05 0.00967801 -0.0179021 -3.72912e-05 0.000246947 -0.0179021 0.0886455 
0.00991757 -0.0181026 -3.44567e-05 -1.90077e-05 -0.0181026 0.0890332 -6.81149e-06 0.000229119 -3.44567e-05 -6.81149e-06 0.00967675 -0.0178862 -1.90077e-05 0.000229119 -0.0178862 0.0886832 
0.0098823 -0.0180357 -3.00871e-05 -3.52642e-06 -0.0180357 0.088715 1.32798e-05 0.000181324 -3.00871e-05 1.32798e-05 0.00964194 -0.0178113 -3.52642e-06 0.000181324 -0.0178113 0.0883373 
0.00986934 -0.0180023 -4.25201e-05 -8.6262e-06 -0.0180023 0.0885661 9.7604e-06 0.000164792 -4.25201e-05 9.7604e-06 0.00963807 -0.0177963 -8.6262e-06 0.000164792 -0.0177963 0.0882358 
0.00986488 -0.018019 -3.95368e-05 8.50412e-06 -0.018019 0.0886204 2.23125e-05 0.000139977 -3.95368e-05 2.23125e-05 0.00966921 -0.0178163 8.50412e-06 0.000139977 -0.0178163 0.0883145 
0.00983058 -0.0180005 -3.63781e-05 6.11564e-06 -0.0180005 0.0885725 1.16513e-05 0.000139984 -3.63781e-05 1.16513e-05 0.00971552 -0.017846 6.11564e-06 0.000139984 -0.017846 0.0883579 
0.00983972 -0.0180073 -2.86695e-05 4.44751e-06 -0.0180073 0.088728 1.06389e-06 0.000157686 -2.86695e-05 1.06389e-06 0.00976097 -0.017959 4.44751e-06 0.000157686 -0.017959 0.0887317 
0.00988818 -0.0180717 -1.70102e-05 -6.40519e-06 -0.0180717 0.0890895 -1.21292e-05 0.000187036 -1.70102e-05 -1.21292e-05 0.00978523 -0.0180804 -6.40519e-06 0.000187036 -0.0180804 0.0892987 
0.00985884 -0.0181044 -5.03388e-06 -2.17887e-05 -0.0181044 0.0892261 -2.58354e-05 0.000222732 -5.03388e-06 -2.58354e-05 0.00983487 -0.0180839 -2.17887e-05 0.000222732 -0.0180839 0.0894662 
0.00985202 -0.0180608 4.31226e-06 -3.55589e-05 -0.0180608 0.0891848 -4.13123e-05 0.000260625 4.31226e-06 -4.13123e-05 0.00984888 -0.0181128 -3.55589e-05 0.000260625 -0.0181128 0.0895016 
0.00987778 -0.0180453 1.4589e-06 -4.50527e-05 -0.0180453 0.089134 -5.00373e-05 0.000287963 1.4589e-06 -5.00373e-05 0.00982128 -0.018135 -4.50527e-05 0.000287963 -0.018135 0.0895733 
0.00987046 -0.0180292 -2.45767e-05 -4.3344e-05 -0.0180292 0.0889303 -4.31886e-05 0.000291362 -2.45767e-05 -4.31886e-05 0.00978506 -0.0180506 -4.3344e-05 0.000291362 -0.0180506 0.0893047 
0.00983792 -0.0179755 -4.29057e-05 -1.03694e-05 -0.0179755 0.0886139 -9.13697e-06 0.000235188 -4.29057e-05 -9.13697e-06 0.00975436 -0.0179601 -1.03694e-05 0.000235188 -0.0179601 0.0888816 
0.00984697 -0.017946 -5.31855e-05 1.63914e-05 -0.017946 0.0884467 1.27654e-05 0.000166695 -5.31855e-05 1.27654e-05 0.00972103 -0.0179279 1.63914e-05 0.000166695 -0.0179279 0.0886611 
0.00987876 -0.0179349 -6.0843e-05 3.66319e-05 -0.0179349 0.0882836 2.59366e-05 0.000107618 -6.0843e-05 2.59366e-05 0.00964636 -0.0178801 3.66319e-05 0.000107618 -0.0178801 0.0884486 
0.00989672 -0.0180311 -5.03972e-05 4.67227e-05 -0.0180311 0.0885182 3.14979e-05 7.54301e-05 -5.03972e-05 3.14979e-05 0.00964004 -0.0178208 4.67227e-05 7.54301e-05 -0.0178208 0.0883844 
0.00990149 -0.0181074 -3.97375e-05 3.04529e-05 -0.0181074 0.08891 1.51178e-05 9.53118e-05 -3.97375e-05 1.51178e-05 0.00967273 -0.0178505 3.04529e-05 9.53118e-05 -0.0178505 0.0885365 
0.00989496 -0.0181058 -2.81828e-05 1.47821e-05 -0.0181058 0.0890296 4.22446e-07 0.000134158 -2.81828e-05 4.22446e-07 0.00970245 -0.0178664 1.47821e-05 0.000134158 -0.0178664 0.0885754 
0.00986658 -0.0180751 -1.13889e-05 -2.8218e-06 -0.0180751 0.0889677 -8.99958e-06 0.000172065 -1.13889e-05 -8.99958e-06 0.00973126 -0.0178937 -2.8218e-06 0.000172065 -0.0178937 0.0886026 
0.00986902 -0.0180324 -1.11317e-07 -2.24467e-05 -0.0180324 0.0888391 -2.33053e-05 0.00020753 -1.11317e-07 -2.33053e-05 0.00972505 -0.017913 -2.24467e-05 0.00020753 -0.017913 0.0886035 
0.00991869 -0.0180906 -3.08971e-06 -3.97023e-05 -0.0180906 0.0890683 -4.21268e-05 0.000256938 -3.08971e-06 -4.21268e-05 0.00973395 -0.0179689 -3.97023e-05 0.000256938 -0.0179689 0.0888946 
0.00998931 -0.018205 -1.88268e-06 -3.75414e-05 -0.018205 0.089544 -4.32395e-05 0.000281538 -1.88268e-06 -4.32395e-05 0.00975683 -0.018038 -3.75414e-05 0.000281538 -0.018038 0.089316 
0.0100603 -0.018321 -1.20973e-05 -3.92202e-05 -0.018321 0.0900368 -4.52378e-05 0.000291483 -1.20973e-05 -4.52378e-05 0.00976623 -0.0180857 -3.92202e-05 0.000291483 -0.0180857 0.0896581 
0.0100742 -0.0184021 -1.74035e-05 -2.68514e-05 -0.0184021 0.0903751 -2.82908e-05 0.000271777 -1.74035e-05 -2.82908e-05 0.00980186 -0.0180949 -2.68514e-05 0.000271777 -0.0180949 0.0898255 
0.010061 -0.0183672 -2.10581e-05 -1.76309e-05 -0.0183672 0.0903111 -1.64896e-05 0.000238222 -2.10581e-05 -1.64896e-05 0.00979499 -0.0180936 -1.76309e-05 0.000238222 -0.0180936 0.0897511 
0.0100218 -0.0183026 -3.26252e-05 -1.27326e-05 -0.0183026 0.0900207 -7.305e-06 0.000210095 -3.26252e-05 -7.305e-06 0.00979158 -0.0180432 -1.27326e-05 0.000210095 -0.0180432 0.0895038 
0.00992823 -0.0181542 -5.71796e-05 -1.35737e-06 -0.0181542 0.0893189 4.33745e-06 0.00018339 -5.71796e-05 4.33745e-06 0.00976531 -0.0179313 -1.35737e-06 0.00018339 -0.0179313 0.0888628 
0.00983731 -0.018018 -6.73832e-05 3.17119e-05 -0.018018 0.088712 3.66596e-05 0.000118624 -6.73832e-05 3.66596e-05 0.00975554 -0.0178784 3.17119e-05 0.000118624 -0.0178784 0.0884139 
0.00980918 -0.0179599 -4.18417e-05 4.37236e-05 -0.0179599 0.0885241 5.15939e-05 6.71486e-05 -4.18417e-05 5.15939e-05 0.00976128 -0.0179293 4.37236e-05 6.71486e-05 -0.0179293 0.0884827 
0.00985912 -0.0179855 -1.58777e-05 1.52571e-05 -0.0179855 0.0886775 2.32574e-05 8.84776e-05 -1.58777e-05 2.32574e-05 0.00974937 -0.018003 1.52571e-05 8.84776e-05 -0.018003 0.0888345 
0.00992521 -0.0181263 -6.62998e-08 -1.60617e-05 -0.0181263 0.0892384 -1.3454e-05 0.000162671 -6.62998e-08 -1.3454e-05 0.00978021 -0.0180678 -1.60617e-05 0.000162671 -0.0180678 0.0893508 
0.00997701 -0.0182531 -6.38903e-06 -4.1042e-05 -0.0182531 0.0898374 -4.55872e-05 0.000250831 -6.38903e-06 -4.55872e-05 0.00983493 -0.0181291 -4.1042e-05 0.000250831 -0.0181291 0.0897717 
0.00998916 -0.0183077 -1.3747e-05 -3.92804e-05 -0.0183077 0.0901751 -4.76954e-05 0.000297534 -1.3747e-05 -4.76954e-05 0.00989878 -0.0181927 -3.92804e-05 0.000297534 -0.0181927 0.0900527 
0.00954448 -0.0174942 -2.32789e-05 -2.90868e-05 -0.0174942 0.0862617 -3.24175e-05 0.000278571 -2.32789e-05 -3.24175e-05 0.0095077 -0.0174398 -2.90868e-05 0.000278571 -0.0174398 0.0862163 
0.0100002 -0.0182597 -2.98373e-05 -2.05178e-05 -0.0182597 0.0900855 -1.41895e-05 0.000261114 -2.98373e-05 -1.41895e-05 0.00993395 -0.0182667 -2.05178e-05 0.000261114 -0.0182667 0.0901815 
0.0100109 -0.0182366 -2.49528e-05 -1.11381e-05 -0.0182366 0.0898526 1.30737e-06 0.000220998 -2.49528e-05 1.30737e-06 0.00988189 -0.0182218 -1.11381e-05 0.000220998 -0.0182218 0.0899949 
0.0100288 -0.0182644 -3.60013e-05 -9.12251e-06 -0.0182644 0.0898586 3.90676e-06 0.000191452 -3.60013e-05 3.90676e-06 0.00984105 -0.0181852 -9.12251e-06 0.000191452 -0.0181852 0.0899189 
0.00998416 -0.0181808 -5.18596e-05 -1.93806e-06 -0.0181808 0.0893809 7.58778e-06 0.000183107 -5.18596e-05 7.58778e-06 0.00976436 -0.0180345 -1.93806e-06 0.000183107 -0.0180345 0.089298 
0.0099489 -0.0181458 -5.52614e-05 2.03217e-05 -0.0181458 0.0891698 2.03342e-05 0.000152759 -5.52614e-05 2.03342e-05 0.00975106 -0.017966 2.03217e-05 0.000152759 -0.017966 0.0889864 
0.00996929 -0.0182214 -5.23291e-05 3.44015e-05 -0.0182214 0.0895672 2.61886e-05 0.000116959 -5.23291e-05 2.61886e-05 0.00980593 -0.0180532 3.44015e-05 0.000116959 -0.0180532 0.0893471 
0.00995924 -0.0182052 -3.28495e-05 2.98092e-05 -0.0182052 0.0895495 1.98975e-05 0.000113756 -3.28495e-05 1.98975e-05 0.0098242 -0.0180534 2.98092e-05 0.000113756 -0.0180534 0.0893162 
0.00995123 -0.018153 -4.49272e-06 2.59015e-06 -0.018153 0.0893306 -4.35343e-06 0.000156392 -4.49272e-06 -4.35343e-06 0.00980143 -0.018045 2.59015e-06 0.000156392 -0.018045 0.0891768 
0.010001 -0.0182 2.14556e-07 -3.90885e-05 -0.0182 0.0894906 -4.08457e-05 0.00024252 2.14556e-07 -4.08457e-05 0.00980002 -0.0180766 -3.90885e-05 0.00024252 -0.0180766 0.0893547 
0.0100323 -0.0182659 -5.09871e-06 -4.90189e-05 -0.0182659 0.0897029 -4.7994e-05 0.000300168 -5.09871e-06 -4.7994e-05 0.00980301 -0.0180961 -4.90189e-05 0.000300168 -0.0180961 0.089512 
0.010056 -0.0183478 -3.82757e-06 -4.06644e-05 -0.0183478 0.09008 -3.89395e-05 0.000303789 -3.82757e-06 -3.89395e-05 0.00984451 -0.0181487 -4.06644e-05 0.000303789 -0.0181487 0.0898173 
0.00962931 -0.0175987 -9.81014e-06 -4.07949e-05 -0.0175987 0.0864739 -3.85726e-05 0.000290927 -9.81014e-06 -3.85726e-05 0.00946434 -0.0174309 -4.07949e-05 0.000290927 -0.0174309 0.0862355 
0.00962167 -0.0175875 -7.77856e-06 -3.17082e-05 -0.0175875 0.086529 -2.64941e-05 0.000272572 -7.77856e-06 -2.64941e-05 0.0094924 -0.0174824 -3.17082e-05 0.000272572 -0.0174824 0.086431 
0.0100226 -0.018305 -1.77253e-05 -4.37773e-05 -0.018305 0.0901341 -3.3273e-05 0.000293806 -1.77253e-05 -3.3273e-05 0.00991497 -0.0182512 -4.37773e-05 0.000293806 -0.0182512 0.0902004 
0.00998628 -0.0181633 -2.09178e-05 -3.84573e-05 -0.0181633 0.0894466 -2.70399e-05 0.00029869 -2.09178e-05 -2.70399e-05 0.00982062 -0.0181438 -3.84573e-05 0.00029869 -0.0181438 0.0896383 
0.00998259 -0.0181411 -2.35973e-05 -2.27848e-05 -0.0181411 0.0892007 -1.71012e-05 0.000268064 -2.35973e-05 -1.71012e-05 0.00977047 -0.0180757 -2.27848e-05 0.000268064 -0.0180757 0.0894055 
0.0100233 -0.0181752 -3.21309e-05 -2.1071e-05 -0.0181752 0.0892614 -2.17959e-05 0.000262254 -3.21309e-05 -2.17959e-05 0.00971614 -0.0180384 -2.1071e-05 0.000262254 -0.0180384 0.0893271 
0.0100552 -0.0182599 -4.5298e-05 -9.44758e-06 -0.0182599 0.0895139 -1.11666e-05 0.00024323 -4.5298e-05 -1.11666e-05 0.00970096 -0.0179879 -9.44758e-06 0.00024323 -0.0179879 0.089284 
0.0100213 -0.0183102 -4.41515e-05 1.05918e-05 -0.0183102 0.089733 1.28898e-05 0.000193175 -4.41515e-05 1.28898e-05 0.00975609 -0.0179698 1.05918e-05 0.000193175 -0.0179698 0.0892517 
0.0100036 -0.0182777 -3.64945e-05 1.12528e-05 -0.0182777 0.0898052 1.81497e-05 0.000159019 -3.64945e-05 1.81497e-05 0.00979384 -0.0180455 1.12528e-05 0.000159019 -0.0180455 0.0893964 
0.0100447 -0.0183135 -4.36969e-05 5.34554e-06 -0.0183135 0.0900845 8.6331e-06 0.000156279 -4.36969e-05 8.6331e-06 0.00982261 -0.018157 5.34554e-06 0.000156279 -0.018157 0.0898635 
0.00997898 -0.0182724 -5.44951e-05 1.92397e-05 -0.0182724 0.0898802 1.66153e-05 0.000137931 -5.44951e-05 1.66153e-05 0.00985108 -0.0181281 1.92397e-05 0.000137931 -0.0181281 0.0897848 
0.00991477 -0.018142 -5.68558e-05 3.055e-05 -0.018142 0.0894091 2.19306e-05 0.000120321 -5.68558e-05 2.19306e-05 0.00983308 -0.0180908 3.055e-05 0.000120321 -0.0180908 0.0894651 
0.00986711 -0.0180619 -4.84459e-05 3.51301e-05 -0.0180619 0.0890535 2.23941e-05 0.000109575 -4.84459e-05 2.23941e-05 0.00983073 -0.0180593 3.51301e-05 0.000109575 -0.0180593 0.0892498 
0.00986885 -0.0179798 -3.79036e-05 2.36785e-05 -0.0179798 0.0886618 1.46546e-05 0.00012044 -3.79036e-05 1.46546e-05 0.00975956 -0.0180062 2.36785e-05 0.00012044 -0.0180062 0.088918 
0.00984444 -0.0179685 -1.63522e-05 6.85691e-06 -0.0179685 0.0884074 3.53532e-06 0.000149144 -1.63522e-05 3.53532e-06 0.00971145 -0.0178931 6.85691e-06 0.000149144 -0.0178931 0.0885066 
0.00982998 -0.0179417 -8.36538e-06 -2.50541e-05 -0.0179417 0.0882568 -2.70215e-05 0.000216128 -8.36538e-06 -2.70215e-05 0.00967871 -0.0178321 -2.50541e-05 0.000216128 -0.0178321 0.0882048 
0.00979296 -0.0179405 5.45651e-06 -3.92659e-05 -0.0179405 0.088229 -4.13536e-05 0.000276103 5.45651e-06 -4.13536e-05 0.00969269 -0.0178106 -3.92659e-05 0.000276103 -0.0178106 0.0880965 
0.00977676 -0.0179198 1.27331e-05 -4.92448e-05 -0.0179198 0.0882534 -5.26518e-05 0.000305776 1.27331e-05 -5.26518e-05 0.00971898 -0.0178468 -4.92448e-05 0.000305776 -0.0178468 0.0881696 
0.00983405 -0.0180301 1.0631e-05 -5.68725e-05 -0.0180301 0.0888663 -6.1097e-05 0.000330706 1.0631e-05 -6.1097e-05 0.00978884 -0.0180074 -5.68725e-05 0.000330706 -0.0180074 0.088894 
0.00988794 -0.0181161 1.18238e-05 -5.52585e-05 -0.0181161 0.0893378 -5.82121e-05 0.000337053 1.18238e-05 -5.82121e-05 0.00983148 -0.0181082 -5.52585e-05 0.000337053 -0.0181082 0.0894317 
0.00988239 -0.018105 8.00973e-06 -5.88813e-05 -0.018105 0.0892926 -6.19959e-05 0.000344704 8.00973e-06 -6.19959e-05 0.00982458 -0.0180859 -5.88813e-05 0.000344704 -0.0180859 0.0893912 
0.00989159 -0.0180184 3.1735e-07 -5.059e-05 -0.0180184 0.0888702 -5.70813e-05 0.000334967 3.1735e-07 -5.70813e-05 0.00973947 -0.0179924 -5.059e-05 0.000334967 -0.0179924 0.0889479 
0.00997254 -0.0181341 -1.42127e-06 -4.17666e-05 -0.0181341 0.0892253 -4.82681e-05 0.000317888 -1.42127e-06 -4.82681e-05 0.00971984 -0.0180031 -4.17666e-05 0.000317888 -0.0180031 0.0891451 
0.0100022 -0.0182459 -1.4784e-05 -4.22197e-05 -0.0182459 0.0895957 -4.45744e-05 0.000309285 -1.4784e-05 -4.45744e-05 0.00971655 -0.0179751 -4.22197e-05 0.000309285 -0.0179751 0.0891901 
0.00996613 -0.0182091 -4.71736e-05 -2.95946e-05 -0.0182091 0.089472 -2.3929e-05 0.000279597 -4.71736e-05 -2.3929e-05 0.00970703 -0.0179108 -2.95946e-05 0.000279597 -0.0179108 0.088899 
0.00991487 -0.0181206 -5.4145e-05 1.01566e-05 -0.0181206 0.0891121 2.19791e-05 0.000193937 -5.4145e-05 2.19791e-05 0.00969927 -0.0178529 1.01566e-05 0.000193937 -0.0178529 0.0885377 
0.00983876 -0.0180129 -4.91078e-05 2.41442e-05 -0.0180129 0.0886409 3.53791e-05 0.000124328 -4.91078e-05 3.53791e-05 0.00969608 -0.0178159 2.41442e-05 0.000124328 -0.0178159 0.0882165 
0.00978568 -0.0179238 -3.45897e-05 2.11333e-05 -0.0179238 0.0883055 2.69389e-05 0.000107199 -3.45897e-05 2.69389e-05 0.00970145 -0.0178262 2.11333e-05 0.000107199 -0.0178262 0.0881198 
0.00980825 -0.0179472 -2.50429e-05 9.85582e-07 -0.0179472 0.0884895 6.69697e-06 0.000139664 -2.50429e-05 6.69697e-06 0.00973453 -0.0179254 9.85582e-07 0.000139664 -0.0179254 0.0885296 
0.00980572 -0.0179214 -1.46028e-05 -1.33804e-05 -0.0179214 0.0883463 -2.52957e-06 0.000174357 -1.46028e-05 -2.52957e-06 0.00971746 -0.0179043 -1.33804e-05 0.000174357 -0.0179043 0.088475 
0.0098231 -0.0179043 -1.48601e-05 -2.66943e-05 -0.0179043 0.0882155 -1.57946e-05 0.00020783 -1.48601e-05 -1.57946e-05 0.00967585 -0.0178726 -2.66943e-05 0.00020783 -0.0178726 0.0883525 
0.00986587 -0.0179882 -1.28487e-05 -2.40049e-05 -0.0179882 0.0885001 -2.10634e-05 0.000225548 -1.28487e-05 -2.10634e-05 0.00969285 -0.0178888 -2.40049e-05 0.000225548 -0.0178888 0.0885394 
