0.0072249 0 4.34533e-05 0 0 0.00999784 0 0 4.34533e-05 0 0.00695107 0 0 0 0 0.00999784 
0.0101678 -0.012614 2.26467e-05 -2.9268e-05 -0.012614 0.033331 -2.9268e-05 5.57851e-05 2.26467e-05 -2.9268e-05 0.00985198 -0.0122371 -2.9268e-05 5.57851e-05 -0.0122371 0.0326084 
0.0100975 -0.0187159 1.22048e-05 -1.00551e-05 -0.0187159 0.0688764 -1.00551e-05 2.71494e-05 1.22048e-05 -1.00551e-05 0.00988136 -0.0185293 -1.00551e-05 2.71494e-05 -0.0185293 0.0683663 
0.00929808 -0.0177495 3.10414e-05 7.10493e-05 -0.0177495 0.0793453 6.79258e-05 -0.000392728 3.10414e-05 6.79258e-05 0.00905505 -0.0177924 7.10493e-05 -0.000392728 -0.0177924 0.0800459 
0.00952857 -0.0175794 5.03786e-05 6.83824e-05 -0.0175794 0.0842642 5.77541e-05 -0.000683677 5.03786e-05 5.77541e-05 0.00918736 -0.0174884 6.83824e-05 -0.000683677 -0.0174884 0.0850609 
0.00958154 -0.017414 6.52308e-05 1.04688e-05 -0.017414 0.0847944 -2.22789e-06 -0.000526391 6.52308e-05 -2.22789e-06 0.0092056 -0.0171555 1.04688e-05 -0.000526391 -0.0171555 0.0850636 
0.00988723 -0.0178812 8.20252e-05 -2.48304e-05 -0.0178812 0.0873495 -3.41656e-05 -0.000318522 8.20252e-05 -3.41656e-05 0.00944142 -0.0175492 -2.48304e-05 -0.000318522 -0.0175492 0.0871747 
0.00981866 -0.017848 8.45596e-05 -5.60297e-05 -0.017848 0.0872449 -5.78079e-05 -0.000146447 8.45596e-05 -5.78079e-05 0.00945824 -0.0174483 -5.60297e-05 -0.000146447 -0.0174483 0.0867792 
0.00982567 -0.0178119 7.82676e-05 -5.98652e-05 -0.0178119 0.0873086 -5.6933e-05 -7.31289e-05 7.82676e-05 -5.6933e-05 0.00949408 -0.0175002 -5.98652e-05 -7.31289e-05 -0.0175002 0.0868358 
0.00992127 -0.0179745 5.90144e-05 -4.72141e-05 -0.0179745 0.0880965 -4.58127e-05 -7.44333e-05 5.90144e-05 -4.58127e-05 0.00961517 -0.0177146 -4.72141e-05 -7.44333e-05 -0.0177146 0.0877587 
0.00985207 -0.0178561 3.82858e-05 -1.90981e-05 -0.0178561 0.0874909 -1.94231e-05 -0.000126356 3.82858e-05 -1.94231e-05 0.00956872 -0.0176486 -1.90981e-05 -0.000126356 -0.0176486 0.0873099 
0.00985895 -0.017906 3.92771e-05 1.05552e-05 -0.017906 0.0877136 1.224e-05 -0.000209024 3.92771e-05 1.224e-05 0.00960279 -0.0177143 1.05552e-05 -0.000209024 -0.0177143 0.08761 
0.00988707 -0.0179384 3.7965e-05 1.33125e-05 -0.0179384 0.087944 1.74133e-05 -0.000258815 3.7965e-05 1.74133e-05 0.00960774 -0.0177823 1.33125e-05 -0.000258815 -0.0177823 0.087927 
0.00981773 -0.017822 3.42461e-05 1.0925e-05 -0.017822 0.0873677 1.3787e-05 -0.000262076 3.42461e-05 1.3787e-05 0.00954003 -0.017644 1.0925e-05 -0.000262076 -0.017644 0.0873583 
0.00979921 -0.0178014 4.45815e-05 6.2076e-06 -0.0178014 0.0872924 7.88112e-06 -0.000240853 4.45815e-05 7.88112e-06 0.00955152 -0.017625 6.2076e-06 -0.000240853 -0.017625 0.0872787 
0.00978216 -0.0177883 3.6665e-05 -5.15126e-06 -0.0177883 0.0872455 -4.62007e-06 -0.000214247 3.6665e-05 -4.62007e-06 0.00954983 -0.0176219 -5.15126e-06 -0.000214247 -0.0176219 0.0872107 
0.00976785 -0.0177689 3.2166e-05 3.51074e-06 -0.0177689 0.0871909 2.08341e-06 -0.000210018 3.2166e-05 2.08341e-06 0.00954424 -0.0176158 3.51074e-06 -0.000210018 -0.0176158 0.0871651 
0.0097314 -0.0177282 2.73856e-05 1.43947e-05 -0.0177282 0.0870245 1.42034e-05 -0.00023545 2.73856e-05 1.42034e-05 0.00953139 -0.0175848 1.43947e-05 -0.00023545 -0.0175848 0.0870143 
0.00962796 -0.0175599 1.70233e-05 2.0193e-05 -0.0175599 0.0862814 2.28706e-05 -0.000257792 1.70233e-05 2.28706e-05 0.00948107 -0.017453 2.0193e-05 -0.000257792 -0.017453 0.0863393 
0.00979682 -0.0178767 1.68217e-05 2.85392e-05 -0.0178767 0.0879142 3.37284e-05 -0.000282583 1.68217e-05 3.37284e-05 0.00969936 -0.0178247 2.85392e-05 -0.000282583 -0.0178247 0.0880846 
0.00983143 -0.017868 1.1534e-05 2.89877e-05 -0.017868 0.0879245 3.18489e-05 -0.000287881 1.1534e-05 3.18489e-05 0.00968385 -0.0178804 2.89877e-05 -0.000287881 -0.0178804 0.0882433 
0.00964571 -0.0175483 7.96639e-06 3.2368e-05 -0.0175483 0.0862147 3.30166e-05 -0.000280547 7.96639e-06 3.30166e-05 0.00947495 -0.0175007 3.2368e-05 -0.000280547 -0.0175007 0.0864963 
0.0096703 -0.0175867 2.09201e-05 3.87016e-05 -0.0175867 0.0863696 3.854e-05 -0.000292517 2.09201e-05 3.854e-05 0.00945691 -0.0174864 3.87016e-05 -0.000292517 -0.0174864 0.0865052 
0.00968435 -0.0175914 3.44586e-05 2.31744e-05 -0.0175914 0.0863674 2.19487e-05 -0.000272846 3.44586e-05 2.19487e-05 0.00941981 -0.0174478 2.31744e-05 -0.000272846 -0.0174478 0.0863848 
0.00972474 -0.0176195 3.06226e-05 9.15656e-06 -0.0176195 0.0864549 5.85987e-06 -0.000238902 3.06226e-05 5.85987e-06 0.00938577 -0.0174242 9.15656e-06 -0.000238902 -0.0174242 0.0863634 
0.00975335 -0.017693 3.91958e-05 1.34616e-05 -0.017693 0.0866833 9.37471e-06 -0.000227747 3.91958e-05 9.37471e-06 0.00938017 -0.0174022 1.34616e-05 -0.000227747 -0.0174022 0.0863965 
0.00979981 -0.0177407 5.70694e-05 4.00459e-06 -0.0177407 0.0868973 4.20443e-06 -0.000217906 5.70694e-05 4.20443e-06 0.00936136 -0.0173997 4.00459e-06 -0.000217906 -0.0173997 0.086434 
0.00982049 -0.0177717 5.67356e-05 -1.67577e-05 -0.0177717 0.0869649 -1.6262e-05 -0.000182569 5.67356e-05 -1.6262e-05 0.00933664 -0.0173625 -1.67577e-05 -0.000182569 -0.0173625 0.0863446 
0.00977701 -0.0177889 5.36374e-05 -1.82492e-05 -0.0177889 0.0870068 -2.11224e-05 -0.000155706 5.36374e-05 -2.11224e-05 0.00937303 -0.0173352 -1.82492e-05 -0.000155706 -0.0173352 0.0862656 
0.00970407 -0.0176949 4.31619e-05 -1.29191e-05 -0.0176949 0.0867396 -1.65905e-05 -0.000156069 4.31619e-05 -1.65905e-05 0.00940661 -0.017338 -1.29191e-05 -0.000156069 -0.017338 0.086102 
0.00984202 -0.0179737 4.48023e-05 -4.23476e-06 -0.0179737 0.0882875 -7.00892e-06 -0.00017225 4.48023e-05 -7.00892e-06 0.00965985 -0.0177541 -4.23476e-06 -0.00017225 -0.0177541 0.0879466 
0.00959945 -0.0175252 5.12286e-05 -7.00252e-07 -0.0175252 0.0862425 -5.47891e-06 -0.000185041 5.12286e-05 -5.47891e-06 0.0095002 -0.0174706 -7.00252e-07 -0.000185041 -0.0174706 0.086313 
0.00976622 -0.0178047 5.34601e-05 -8.79409e-06 -0.0178047 0.0876625 -1.36444e-05 -0.000183057 5.34601e-05 -1.36444e-05 0.00968722 -0.0178282 -8.79409e-06 -0.000183057 -0.0178282 0.0880057 
0.00977212 -0.0178049 5.28147e-05 -1.8281e-05 -0.0178049 0.0876237 -1.9558e-05 -0.000159568 5.28147e-05 -1.9558e-05 0.00966942 -0.0178436 -1.8281e-05 -0.000159568 -0.0178436 0.0880766 
0.00977162 -0.0178094 3.94243e-05 -1.98839e-05 -0.0178094 0.0875987 -1.31671e-05 -0.000153804 3.94243e-05 -1.31671e-05 0.00965832 -0.0178104 -1.98839e-05 -0.000153804 -0.0178104 0.0880075 
0.00977126 -0.0177864 2.4697e-05 -6.44959e-06 -0.0177864 0.0874628 2.16809e-06 -0.000171857 2.4697e-05 2.16809e-06 0.00962301 -0.0177548 -6.44959e-06 -0.000171857 -0.0177548 0.087761 
0.00978738 -0.0177721 1.38025e-05 1.24248e-05 -0.0177721 0.0873227 1.79299e-05 -0.000207708 1.38025e-05 1.79299e-05 0.00956003 -0.0176925 1.24248e-05 -0.000207708 -0.0176925 0.087493 
0.00981437 -0.0178116 1.0379e-05 2.98466e-05 -0.0178116 0.0873842 2.89809e-05 -0.000245926 1.0379e-05 2.89809e-05 0.00951626 -0.017637 2.98466e-05 -0.000245926 -0.017637 0.0873553 
0.00985731 -0.0178577 3.03877e-05 3.68182e-05 -0.0178577 0.0875322 3.36477e-05 -0.000272914 3.03877e-05 3.36477e-05 0.00949257 -0.017607 3.68182e-05 -0.000272914 -0.017607 0.087308 
0.00988149 -0.0179677 3.62983e-05 1.0092e-05 -0.0179677 0.0879707 1.12456e-05 -0.000245036 3.62983e-05 1.12456e-05 0.00952419 -0.0176465 1.0092e-05 -0.000245036 -0.0176465 0.0875754 
0.00987841 -0.0180031 3.63921e-05 -3.00769e-06 -0.0180031 0.0882301 2.68717e-06 -0.000205815 3.63921e-05 2.68717e-06 0.00956691 -0.01768 -3.00769e-06 -0.000205815 -0.01768 0.0877476 
0.00966497 -0.0176251 2.90212e-05 -6.75096e-06 -0.0176251 0.0864969 -7.11072e-07 -0.000177826 2.90212e-05 -7.11072e-07 0.00940806 -0.0173611 -6.75096e-06 -0.000177826 -0.0173611 0.0860834 
0.00967202 -0.0176243 2.60641e-05 3.30467e-06 -0.0176243 0.0865828 1.25666e-05 -0.00019251 2.60641e-05 1.25666e-05 0.00943702 -0.0174255 3.30467e-06 -0.00019251 -0.0174255 0.0863136 
0.00969352 -0.0176297 2.81711e-05 6.54133e-06 -0.0176297 0.0866239 1.84108e-05 -0.000209668 2.81711e-05 1.84108e-05 0.00943877 -0.0174509 6.54133e-06 -0.000209668 -0.0174509 0.0864346 
0.00971981 -0.0176757 1.29796e-05 1.12073e-05 -0.0176757 0.0867804 1.70033e-05 -0.000225144 1.29796e-05 1.70033e-05 0.00945028 -0.0174649 1.12073e-05 -0.000225144 -0.0174649 0.086556 
0.00970153 -0.0176685 1.42373e-05 3.37876e-05 -0.0176685 0.0867166 2.87859e-05 -0.000255536 1.42373e-05 2.87859e-05 0.00945903 -0.0174387 3.37876e-05 -0.000255536 -0.0174387 0.0864322 
0.00969083 -0.0176058 1.77863e-05 3.43829e-05 -0.0176058 0.0864416 2.772e-05 -0.000273563 1.77863e-05 2.772e-05 0.00942731 -0.0173975 3.43829e-05 -0.000273563 -0.0173975 0.0861506 
0.00970372 -0.0176096 2.3458e-05 2.26417e-05 -0.0176096 0.0863894 2.40222e-05 -0.000262243 2.3458e-05 2.40222e-05 0.00940686 -0.0173927 2.26417e-05 -0.000262243 -0.0173927 0.0861138 
0.00973152 -0.017637 4.22772e-05 1.1736e-05 -0.017637 0.086443 1.91881e-05 -0.000243347 4.22772e-05 1.91881e-05 0.00937154 -0.0173766 1.1736e-05 -0.000243347 -0.0173766 0.0860964 
0.00994761 -0.0180627 5.262e-05 -7.60387e-06 -0.0180627 0.0884209 -5.91797e-07 -0.000214508 5.262e-05 -5.91797e-07 0.00956144 -0.0177013 -7.60387e-06 -0.000214508 -0.0177013 0.0878568 
0.00994294 -0.01806 5.24488e-05 -1.97509e-05 -0.01806 0.0884188 -1.65387e-05 -0.000173885 5.24488e-05 -1.65387e-05 0.00954669 -0.0176629 -1.97509e-05 -0.000173885 -0.0176629 0.0876857 
0.00967912 -0.0176966 4.50016e-05 -1.631e-05 -0.0176966 0.0866669 -1.73012e-05 -0.000157473 4.50016e-05 -1.73012e-05 0.00941178 -0.0173148 -1.631e-05 -0.000157473 -0.0173148 0.0859301 
0.00984866 -0.0179886 3.16502e-05 -3.66655e-06 -0.0179886 0.0883851 -6.25809e-06 -0.000181895 3.16502e-05 -6.25809e-06 0.00965559 -0.0177635 -3.66655e-06 -0.000181895 -0.0177635 0.0879076 
0.00980912 -0.017878 2.44715e-05 1.15298e-05 -0.017878 0.0879393 1.1683e-05 -0.000216658 2.44715e-05 1.1683e-05 0.00964638 -0.0177644 1.15298e-05 -0.000216658 -0.0177644 0.087799 
0.0097921 -0.0178847 2.16008e-05 1.20854e-05 -0.0178847 0.0879276 1.72059e-05 -0.000231461 2.16008e-05 1.72059e-05 0.00966861 -0.0177934 1.20854e-05 -0.000231461 -0.0177934 0.0879371 
0.00978536 -0.0179003 2.38841e-05 1.94385e-05 -0.0179003 0.088055 2.35098e-05 -0.000249086 2.38841e-05 2.35098e-05 0.00971437 -0.0178334 1.94385e-05 -0.000249086 -0.0178334 0.0881144 
0.00962759 -0.0175375 2.67646e-05 1.31576e-05 -0.0175375 0.0863605 1.80641e-05 -0.000238634 2.67646e-05 1.80641e-05 0.00950521 -0.0175378 1.31576e-05 -0.000238634 -0.0175378 0.0865403 
0.00962932 -0.0175332 2.48559e-05 8.94904e-07 -0.0175332 0.086237 1.00775e-05 -0.000211003 2.48559e-05 1.00775e-05 0.00947277 -0.0174877 8.94904e-07 -0.000211003 -0.0174877 0.0864229 
0.00963108 -0.0175355 3.30469e-05 6.16338e-06 -0.0175355 0.0861983 1.31544e-05 -0.000207077 3.30469e-05 1.31544e-05 0.00944524 -0.0174483 6.16338e-06 -0.000207077 -0.0174483 0.0862976 
0.00980827 -0.0179111 3.06374e-05 4.79629e-06 -0.0179111 0.0880262 4.07986e-06 -0.000210418 3.06374e-05 4.07986e-06 0.00965023 -0.0177921 4.79629e-06 -0.000210418 -0.0177921 0.0880538 
0.00974083 -0.0177786 2.52877e-05 1.01546e-05 -0.0177786 0.0874737 6.27736e-06 -0.000212765 2.52877e-05 6.27736e-06 0.00960651 -0.0176876 1.01546e-05 -0.000212765 -0.0176876 0.0875016 
0.00972746 -0.0177157 1.78428e-05 1.43492e-05 -0.0177157 0.0871732 1.47472e-05 -0.000225632 1.78428e-05 1.47472e-05 0.00956853 -0.0176445 1.43492e-05 -0.000225632 -0.0176445 0.087234 
0.00974044 -0.0177412 2.44893e-05 2.14752e-05 -0.0177412 0.0872005 2.76374e-05 -0.000247517 2.44893e-05 2.76374e-05 0.00955185 -0.0176262 2.14752e-05 -0.000247517 -0.0176262 0.0871922 
0.00974172 -0.0178219 1.33903e-05 9.90767e-06 -0.0178219 0.0875364 1.69891e-05 -0.000237588 1.33903e-05 1.69891e-05 0.0095883 -0.0176466 9.90767e-06 -0.000237588 -0.0176466 0.0873558 
0.00975505 -0.0178713 5.51213e-06 2.22867e-05 -0.0178713 0.0879199 2.79464e-05 -0.000244433 5.51213e-06 2.79464e-05 0.0096466 -0.0177324 2.22867e-05 -0.000244433 -0.0177324 0.0877064 
0.00977914 -0.0178796 1.02207e-05 4.0516e-05 -0.0178796 0.0880937 4.11686e-05 -0.000282563 1.02207e-05 4.11686e-05 0.00967233 -0.0178144 4.0516e-05 -0.000282563 -0.0178144 0.0880229 
0.00960245 -0.0175054 1.96899e-05 3.52575e-05 -0.0175054 0.0862451 3.23889e-05 -0.000283829 1.96899e-05 3.23889e-05 0.00944483 -0.0174549 3.52575e-05 -0.000283829 -0.0174549 0.0862792 
0.00983045 -0.0178804 3.15008e-05 2.0019e-05 -0.0178804 0.0879774 1.7645e-05 -0.000258292 3.15008e-05 1.7645e-05 0.00959542 -0.0177568 2.0019e-05 -0.000258292 -0.0177568 0.0879295 
0.0097955 -0.0178446 4.08879e-05 -6.72039e-07 -0.0178446 0.087673 -2.43098e-06 -0.00020292 4.08879e-05 -2.43098e-06 0.0095617 -0.0176378 -6.72039e-07 -0.00020292 -0.0176378 0.0874557 
0.00973455 -0.0177753 4.11252e-05 -9.43216e-06 -0.0177753 0.08732 -9.32916e-06 -0.00016985 4.11252e-05 -9.32916e-06 0.00953797 -0.0175524 -9.43216e-06 -0.00016985 -0.0175524 0.0869777 
0.00968915 -0.0177362 3.86604e-05 -1.12019e-05 -0.0177362 0.0871907 -8.46551e-06 -0.000157945 3.86604e-05 -8.46551e-06 0.00953908 -0.0175434 -1.12019e-05 -0.000157945 -0.0175434 0.0868351 
0.00966698 -0.0176793 3.14238e-05 -1.27651e-05 -0.0176793 0.0870435 -9.058e-06 -0.000148352 3.14238e-05 -9.058e-06 0.00952621 -0.0175563 -1.27651e-05 -0.000148352 -0.0175563 0.0868176 
0.00962951 -0.0176224 2.12428e-05 -6.05747e-06 -0.0176224 0.0867948 -1.19791e-06 -0.000152282 2.12428e-05 -1.19791e-06 0.00951646 -0.0175206 -6.05747e-06 -0.000152282 -0.0175206 0.0866754 
0.00961861 -0.0175973 2.70883e-05 5.18302e-06 -0.0175973 0.086722 7.05544e-06 -0.00016762 2.70883e-05 7.05544e-06 0.00952628 -0.0175344 5.18302e-06 -0.00016762 -0.0175344 0.086705 
0.00958193 -0.0175843 3.20041e-05 5.90575e-06 -0.0175843 0.0866534 5.58922e-06 -0.000181765 3.20041e-05 5.58922e-06 0.00955945 -0.0175289 5.90575e-06 -0.000181765 -0.0175289 0.0866663 
0.00955077 -0.0175666 3.62912e-05 -2.76807e-07 -0.0175666 0.0866827 1.53802e-06 -0.000177515 3.62912e-05 1.53802e-06 0.00961527 -0.0175908 -2.76807e-07 -0.000177515 -0.0175908 0.0868178 
0.00959953 -0.0175529 4.22982e-05 -4.92191e-06 -0.0175529 0.0867547 -1.07815e-06 -0.000171301 4.22982e-05 -1.07815e-06 0.00961644 -0.0176863 -4.92191e-06 -0.000171301 -0.0176863 0.0871221 
0.00969458 -0.0176201 4.49792e-05 -1.63092e-05 -0.0176201 0.0869325 -1.13427e-05 -0.000148888 4.49792e-05 -1.13427e-05 0.00956842 -0.0177122 -1.63092e-05 -0.000148888 -0.0177122 0.0873616 
0.00974988 -0.0177509 3.44082e-05 -2.02159e-05 -0.0177509 0.0872751 -1.75413e-05 -0.000129047 3.44082e-05 -1.75413e-05 0.00954057 -0.0176626 -2.02159e-05 -0.000129047 -0.0176626 0.0874158 
0.00973885 -0.0177799 2.28242e-05 3.60156e-07 -0.0177799 0.0873396 -2.70323e-06 -0.000154264 2.28242e-05 -2.70323e-06 0.00949904 -0.0175717 3.60156e-07 -0.000154264 -0.0175717 0.0871226 
0.00971813 -0.0177504 2.54235e-05 2.07576e-05 -0.0177504 0.0872686 1.401e-05 -0.000203631 2.54235e-05 1.401e-05 0.00948038 -0.0175166 2.07576e-05 -0.000203631 -0.0175166 0.0868918 
0.00965334 -0.0177049 2.92017e-05 1.75614e-05 -0.0177049 0.0871022 1.02916e-05 -0.000218656 2.92017e-05 1.02916e-05 0.0095205 -0.0174846 1.75614e-05 -0.000218656 -0.0174846 0.0867153 
0.00961716 -0.0176419 1.81554e-05 4.25169e-06 -0.0176419 0.0869869 1.0372e-06 -0.000195435 1.81554e-05 1.0372e-06 0.00955426 -0.0175536 4.25169e-06 -0.000195435 -0.0175536 0.0868173 
0.00957034 -0.0175642 1.06605e-05 8.64444e-06 -0.0175642 0.0866934 5.75227e-06 -0.000179104 1.06605e-05 5.75227e-06 0.00955615 -0.0175576 8.64444e-06 -0.000179104 -0.0175576 0.0867577 
0.00954277 -0.0174868 2.04982e-05 1.87976e-05 -0.0174868 0.08637 2.05757e-05 -0.000197379 2.04982e-05 2.05757e-05 0.00953369 -0.0175311 1.87976e-05 -0.000197379 -0.0175311 0.0865919 
0.00956117 -0.0175123 2.34889e-05 9.63767e-06 -0.0175123 0.0864669 1.89754e-05 -0.000205774 2.34889e-05 1.89754e-05 0.00954325 -0.0175593 9.63767e-06 -0.000205774 -0.0175593 0.0867407 
0.00957513 -0.0175041 3.35371e-05 5.05467e-06 -0.0175041 0.0863923 1.71222e-05 -0.00020018 3.35371e-05 1.71222e-05 0.00951676 -0.0175314 5.05467e-06 -0.00020018 -0.0175314 0.0866322 
0.00954778 -0.0175191 2.52397e-05 -7.10167e-06 -0.0175191 0.0863903 1.54827e-06 -0.000176008 2.52397e-05 1.54827e-06 0.00953423 -0.0175094 -7.10167e-06 -0.000176008 -0.0175094 0.0865681 
0.00955785 -0.0175156 1.41873e-05 2.58604e-06 -0.0175156 0.0864646 3.68334e-06 -0.000168552 1.41873e-05 3.68334e-06 0.00952993 -0.0175426 2.58604e-06 -0.000168552 -0.0175426 0.0866462 
0.00958596 -0.0175306 1.23319e-05 1.43805e-05 -0.0175306 0.0865188 1.43809e-05 -0.000182518 1.23319e-05 1.43809e-05 0.0095059 -0.0175366 1.43805e-05 -0.000182518 -0.0175366 0.0866791 
0.00956545 -0.0175113 1.3539e-05 2.33952e-05 -0.0175113 0.0863424 2.30259e-05 -0.000212337 1.3539e-05 2.30259e-05 0.00947421 -0.0174567 2.33952e-05 -0.000212337 -0.0174567 0.0863922 
0.00956239 -0.0175155 1.03143e-05 2.31118e-05 -0.0175155 0.0863451 2.37153e-05 -0.000226533 1.03143e-05 2.37153e-05 0.00945344 -0.0174216 2.31118e-05 -0.000226533 -0.0174216 0.0862466 
0.00953866 -0.0175213 1.37205e-05 2.58236e-05 -0.0175213 0.0863811 2.81291e-05 -0.000234068 1.37205e-05 2.81291e-05 0.00946266 -0.0174034 2.58236e-05 -0.000234068 -0.0174034 0.0861839 
0.00952609 -0.0174629 1.05511e-05 1.88168e-05 -0.0174629 0.086227 2.25368e-05 -0.000224366 1.05511e-05 2.25368e-05 0.00944943 -0.0174038 1.88168e-05 -0.000224366 -0.0174038 0.086105 
0.00973049 -0.0178323 7.02853e-06 2.21493e-05 -0.0178323 0.0880502 2.1904e-05 -0.000220707 7.02853e-06 2.1904e-05 0.0096538 -0.0177894 2.21493e-05 -0.000220707 -0.0177894 0.0880218 
0.00975039 -0.0178206 6.97586e-06 3.17177e-05 -0.0178206 0.0879688 2.8006e-05 -0.000233799 6.97586e-06 2.8006e-05 0.00960845 -0.0177627 3.17177e-05 -0.000233799 -0.0177627 0.0879321 
0.00970123 -0.0177658 8.16805e-06 3.33247e-05 -0.0177658 0.0875681 2.89369e-05 -0.000241059 8.16805e-06 2.89369e-05 0.009554 -0.0176152 3.33247e-05 -0.000241059 -0.0176152 0.0873626 
0.00968458 -0.0177362 9.85352e-06 3.08344e-05 -0.0177362 0.0874273 2.51938e-05 -0.000236409 9.85352e-06 2.51938e-05 0.00953265 -0.0175601 3.08344e-05 -0.000236409 -0.0175601 0.0870715 
0.00964784 -0.017721 1.50741e-05 2.0562e-05 -0.017721 0.0873469 1.84603e-05 -0.000211991 1.50741e-05 1.84603e-05 0.0095374 -0.0175384 2.0562e-05 -0.000211991 -0.0175384 0.0869287 
0.00962474 -0.0177073 2.74435e-05 8.19649e-06 -0.0177073 0.0873903 1.47968e-05 -0.000186108 2.74435e-05 1.47968e-05 0.00956342 -0.0175755 8.19649e-06 -0.000186108 -0.0175755 0.087026 
0.00962551 -0.0176542 4.79802e-05 -1.25369e-05 -0.0176542 0.0872487 -2.58212e-07 -0.000142407 4.79802e-05 -2.58212e-07 0.00955568 -0.0175932 -1.25369e-05 -0.000142407 -0.0175932 0.0870388 
0.00961187 -0.0176693 4.71337e-05 -3.61777e-05 -0.0176693 0.0872633 -2.39642e-05 -8.82892e-05 4.71337e-05 -2.39642e-05 0.00957526 -0.0176061 -3.61777e-05 -8.82892e-05 -0.0176061 0.087132 
0.00960799 -0.0176676 3.00064e-05 -3.03454e-05 -0.0176676 0.0873139 -2.48167e-05 -6.86902e-05 3.00064e-05 -2.48167e-05 0.00959583 -0.0176325 -3.03454e-05 -6.86902e-05 -0.0176325 0.0872274 
0.00961391 -0.0176881 3.05774e-05 -7.80698e-06 -0.0176881 0.087449 -1.30814e-05 -8.67712e-05 3.05774e-05 -1.30814e-05 0.00963955 -0.0176789 -7.80698e-06 -8.67712e-05 -0.0176789 0.0874149 
0.00964123 -0.0177079 3.26319e-05 2.817e-06 -0.0177079 0.0875835 -5.84861e-06 -0.000125109 3.26319e-05 -5.84861e-06 0.00966279 -0.0177445 2.817e-06 -0.000125109 -0.0177445 0.0876418 
0.00971472 -0.0177642 3.05443e-05 -5.86494e-06 -0.0177642 0.0878385 -1.1569e-05 -0.000124043 3.05443e-05 -1.1569e-05 0.00964548 -0.0178242 -5.86494e-06 -0.000124043 -0.0178242 0.0880132 
0.00972161 -0.0178139 3.29506e-05 -1.31459e-06 -0.0178139 0.0879025 -3.50821e-06 -0.000134502 3.29506e-05 -3.50821e-06 0.00963404 -0.0177663 -1.31459e-06 -0.000134502 -0.0177663 0.0879615 
0.0097019 -0.017811 3.1834e-05 -2.86419e-06 -0.017811 0.0878926 -7.03681e-06 -0.000137913 3.1834e-05 -7.03681e-06 0.00964052 -0.017737 -2.86419e-06 -0.000137913 -0.017737 0.0878373 
0.00969544 -0.0177921 2.85929e-05 -2.30701e-06 -0.0177921 0.0878676 -7.89597e-06 -0.000136765 2.85929e-05 -7.89597e-06 0.00964319 -0.0177459 -2.30701e-06 -0.000136765 -0.0177459 0.0878161 
0.00971278 -0.017785 3.41999e-05 2.54712e-06 -0.017785 0.0878408 -2.28981e-06 -0.000146045 3.41999e-05 -2.28981e-06 0.00962572 -0.0177508 2.54712e-06 -0.000146045 -0.0177508 0.0878266 
0.00970816 -0.017788 2.03939e-05 -2.76038e-06 -0.017788 0.0877939 -2.74224e-06 -0.000151746 2.03939e-05 -2.74224e-06 0.00960982 -0.01773 -2.76038e-06 -0.000151746 -0.01773 0.0877843 
0.00971345 -0.0177873 6.71039e-06 4.34604e-06 -0.0177873 0.0877877 9.00016e-06 -0.000156308 6.71039e-06 9.00016e-06 0.00959188 -0.0177103 4.34604e-06 -0.000156308 -0.0177103 0.0877343 
0.00973098 -0.0178034 -4.79702e-06 2.40259e-05 -0.0178034 0.0878441 2.87476e-05 -0.000195045 -4.79702e-06 2.87476e-05 0.00957486 -0.0176999 2.40259e-05 -0.000195045 -0.0176999 0.0877398 
0.00971005 -0.0177532 -1.2232e-05 4.45783e-05 -0.0177532 0.0875534 4.61773e-05 -0.000247945 -1.2232e-05 4.61773e-05 0.00952956 -0.0176113 4.45783e-05 -0.000247945 -0.0176113 0.0873763 
0.00972524 -0.0177854 -6.41076e-06 5.76421e-05 -0.0177854 0.0876811 5.15889e-05 -0.000282793 -6.41076e-06 5.15889e-05 0.00953456 -0.0176255 5.76421e-05 -0.000282793 -0.0176255 0.0874593 
0.00974122 -0.0178098 1.05683e-05 5.1792e-05 -0.0178098 0.0877901 3.92158e-05 -0.000279564 1.05683e-05 3.92158e-05 0.00953474 -0.0176333 5.1792e-05 -0.000279564 -0.0176333 0.0875224 
0.00971135 -0.017817 2.32098e-05 2.81151e-05 -0.017817 0.0877976 1.49336e-05 -0.000231923 2.32098e-05 1.49336e-05 0.0095586 -0.0176128 2.81151e-05 -0.000231923 -0.0176128 0.0874599 
0.00969598 -0.0177983 4.16501e-05 9.2943e-06 -0.0177983 0.087835 -1.29444e-06 -0.000179277 4.16501e-05 -1.29444e-06 0.00959551 -0.0176633 9.2943e-06 -0.000179277 -0.0176633 0.087581 
0.00968351 -0.0177474 3.40184e-05 -1.68143e-05 -0.0177474 0.0876697 -2.35595e-05 -0.000118807 3.40184e-05 -2.35595e-05 0.00959539 -0.0176855 -1.68143e-05 -0.000118807 -0.0176855 0.0875886 
0.00965844 -0.0177308 2.36177e-05 -1.46807e-05 -0.0177308 0.0875782 -1.76586e-05 -9.09409e-05 2.36177e-05 -1.76586e-05 0.00962014 -0.0176945 -1.46807e-05 -9.09409e-05 -0.0176945 0.0876215 
0.0096299 -0.0176909 2.61254e-05 1.77162e-06 -0.0176909 0.0874457 2.35412e-08 -0.000115712 2.61254e-05 2.35412e-08 0.00963801 -0.0177144 1.77162e-06 -0.000115712 -0.0177144 0.0876246 
0.00963863 -0.0176475 1.67368e-05 2.32881e-06 -0.0176475 0.087289 1.56854e-06 -0.000138142 1.67368e-05 1.56854e-06 0.00962276 -0.0177295 2.32881e-06 -0.000138142 -0.0177295 0.0876228 
0.00967244 -0.0177347 1.37172e-06 1.40842e-05 -0.0177347 0.0876125 1.40967e-05 -0.000163827 1.37172e-06 1.40967e-05 0.00965558 -0.0177896 1.40842e-05 -0.000163827 -0.0177896 0.0879744 
0.00970249 -0.0177576 7.20831e-06 3.36627e-05 -0.0177576 0.0877436 3.88702e-05 -0.000214529 7.20831e-06 3.88702e-05 0.00965655 -0.0178155 3.36627e-05 -0.000214529 -0.0178155 0.0881084 
0.00972671 -0.0178054 1.39907e-05 2.18431e-05 -0.0178054 0.087911 3.17114e-05 -0.000222756 1.39907e-05 3.17114e-05 0.00966535 -0.0178261 2.18431e-05 -0.000222756 -0.0178261 0.0882215 
0.00957978 -0.0174779 2.20013e-05 1.02216e-05 -0.0174779 0.0862797 2.14633e-05 -0.000197408 2.20013e-05 2.14633e-05 0.00944107 -0.017486 1.02216e-05 -0.000197408 -0.017486 0.0865446 
0.00962521 -0.0175288 3.04409e-05 4.66988e-06 -0.0175288 0.0863813 8.08274e-06 -0.000173807 3.04409e-05 8.08274e-06 0.00940719 -0.0174329 4.66988e-06 -0.000173807 -0.0174329 0.086462 
0.00962112 -0.0175487 4.36432e-05 -2.10185e-06 -0.0175487 0.0863286 -9.31018e-06 -0.000143019 4.36432e-05 -9.31018e-06 0.0093789 -0.0173419 -2.10185e-06 -0.000143019 -0.0173419 0.0861271 
0.00959835 -0.0175681 5.50302e-05 -1.37946e-05 -0.0175681 0.0864007 -2.54418e-05 -0.000112711 5.50302e-05 -2.54418e-05 0.00940093 -0.0173207 -1.37946e-05 -0.000112711 -0.0173207 0.0860005 
0.00979481 -0.0179092 5.69057e-05 -2.64374e-05 -0.0179092 0.088203 -3.77848e-05 -8.74813e-05 5.69057e-05 -3.77848e-05 0.009602 -0.0177184 -2.64374e-05 -8.74813e-05 -0.0177184 0.0878241 
0.00981603 -0.0178793 5.97917e-05 -2.47008e-05 -0.0178793 0.0880525 -3.35039e-05 -8.46619e-05 5.97917e-05 -3.35039e-05 0.00956113 -0.0176949 -2.47008e-05 -8.46619e-05 -0.0176949 0.0877111 
0.00982434 -0.0179421 4.16722e-05 -3.21006e-05 -0.0179421 0.088212 -3.45905e-05 -7.96616e-05 4.16722e-05 -3.45905e-05 0.00958707 -0.0176892 -3.21006e-05 -7.96616e-05 -0.0176892 0.0877859 
0.00982023 -0.0179503 1.68876e-05 -1.22793e-05 -0.0179503 0.0882763 -7.4194e-06 -0.000115198 1.68876e-05 -7.4194e-06 0.00961055 -0.0177042 -1.22793e-05 -0.000115198 -0.0177042 0.087791 
0.00981196 -0.0179302 8.71606e-06 1.77013e-05 -0.0179302 0.0882282 2.75018e-05 -0.000188252 8.71606e-06 2.75018e-05 0.00963135 -0.0177367 1.77013e-05 -0.000188252 -0.0177367 0.0878419 
0.00967284 -0.0176597 1.14078e-05 2.65222e-05 -0.0176597 0.0869093 3.67713e-05 -0.000232954 1.14078e-05 3.67713e-05 0.00947935 -0.0175102 2.65222e-05 -0.000232954 -0.0175102 0.0866485 
0.00970539 -0.0177584 1.33559e-05 2.81567e-05 -0.0177584 0.0873653 3.54229e-05 -0.000254805 1.33559e-05 3.54229e-05 0.00954026 -0.0175893 2.81567e-05 -0.000254805 -0.0175893 0.0871229 
0.00973334 -0.0177643 2.22536e-05 2.56699e-05 -0.0177643 0.0874831 3.14579e-05 -0.000255249 2.22536e-05 3.14579e-05 0.00954798 -0.0176377 2.56699e-05 -0.000255249 -0.0176377 0.0873143 
0.00974649 -0.0178201 2.86639e-05 1.27809e-05 -0.0178201 0.0877114 1.8603e-05 -0.000232947 2.86639e-05 1.8603e-05 0.00959268 -0.0176817 1.27809e-05 -0.000232947 -0.0176817 0.087584 
0.00975491 -0.0178199 2.66702e-05 5.47024e-06 -0.0178199 0.0877806 1.0858e-05 -0.000211385 2.66702e-05 1.0858e-05 0.00960774 -0.0177276 5.47024e-06 -0.000211385 -0.0177276 0.0877373 
0.00976301 -0.0177842 3.66987e-05 5.41714e-06 -0.0177842 0.0876002 7.83107e-06 -0.000195829 3.66987e-05 7.83107e-06 0.00957755 -0.0176981 5.41714e-06 -0.000195829 -0.0176981 0.0876095 
0.00978595 -0.0178173 5.42754e-05 1.00028e-06 -0.0178173 0.0876449 9.04918e-07 -0.000191162 5.42754e-05 9.04918e-07 0.0095666 -0.0176773 1.00028e-06 -0.000191162 -0.0176773 0.0875805 
0.00972098 -0.0177674 6.17576e-05 -1.93627e-05 -0.0177674 0.0873315 -2.30856e-05 -0.000153076 6.17576e-05 -2.30856e-05 0.00957029 -0.0175904 -1.93627e-05 -0.000153076 -0.0175904 0.0871743 
0.00973468 -0.0177502 5.32467e-05 -3.32545e-05 -0.0177502 0.087371 -4.20926e-05 -0.00010279 5.32467e-05 -4.20926e-05 0.00956231 -0.017661 -3.32545e-05 -0.00010279 -0.017661 0.0873171 
0.00976948 -0.0177843 4.72441e-05 -1.82229e-05 -0.0177843 0.0874742 -3.04195e-05 -0.00010512 4.72441e-05 -3.04195e-05 0.00953309 -0.0176563 -1.82229e-05 -0.00010512 -0.0176563 0.0874099 
0.009761 -0.0178565 4.13807e-05 -1.1391e-05 -0.0178565 0.0877422 -2.18327e-05 -0.00012376 4.13807e-05 -2.18327e-05 0.00956827 -0.017649 -1.1391e-05 -0.00012376 -0.017649 0.0875318 
0.00979202 -0.0178295 4.0521e-05 -1.77778e-06 -0.0178295 0.0877719 -6.62155e-06 -0.000158748 4.0521e-05 -6.62155e-06 0.00953505 -0.017674 -1.77778e-06 -0.000158748 -0.017674 0.0875662 
0.00976247 -0.0177623 3.08678e-05 -4.4106e-06 -0.0177623 0.0873357 -5.54964e-06 -0.000166842 3.08678e-05 -5.54964e-06 0.00947724 -0.0175445 -4.4106e-06 -0.000166842 -0.0175445 0.0870839 
0.00966913 -0.0176644 3.02002e-05 2.12225e-06 -0.0176644 0.0867848 8.11689e-07 -0.000170865 3.02002e-05 8.11689e-07 0.00944942 -0.0174092 2.12225e-06 -0.000170865 -0.0174092 0.0864348 
0.00960314 -0.0175555 2.99284e-05 9.18976e-07 -0.0175555 0.0863609 2.18027e-06 -0.000172285 2.99284e-05 2.18027e-06 0.00942187 -0.017362 9.18976e-07 -0.000172285 -0.017362 0.086042 
0.00960935 -0.017572 2.35381e-05 -2.31789e-06 -0.017572 0.0864938 6.61827e-06 -0.000173379 2.35381e-05 6.61827e-06 0.00944808 -0.0174191 -2.31789e-06 -0.000173379 -0.0174191 0.0862644 
