0.00715671 0 -6.9912e-05 0 0 0.00996713 0 0 -6.9912e-05 0 0.00699133 0 0 0 0 0.00996713 
0.0101446 -0.012589 -6.75568e-05 8.3718e-05 -0.012589 0.0332595 8.3718e-05 -0.000160221 -6.75568e-05 8.3718e-05 0.00984537 -0.0122243 8.3718e-05 -0.000160221 -0.0122243 0.03256 
0.00989539 -0.0184611 -7.00175e-05 6.49911e-05 -0.0184611 0.0678874 6.49911e-05 -0.0002043 -7.00175e-05 6.49911e-05 0.00964477 -0.0179513 6.49911e-05 -0.0002043 -0.0179513 0.0662664 
0.00935292 -0.0182034 -3.57869e-05 2.64515e-05 -0.0182034 0.0815988 2.54319e-05 8.6192e-05 -3.57869e-05 2.54319e-05 0.00920095 -0.0177306 2.64515e-05 8.6192e-05 -0.0177306 0.0795158 
0.00924865 -0.0174557 -1.69315e-05 -2.6746e-05 -0.0174557 0.084495 -2.13029e-05 0.000372588 -1.69315e-05 -2.13029e-05 0.00920213 -0.0171029 -2.6746e-05 0.000372588 -0.0171029 0.0823715 
0.0094575 -0.0174868 -2.39493e-06 -3.69383e-05 -0.0174868 0.0862929 -2.36478e-05 0.000404399 -2.39493e-06 -2.36478e-05 0.00947198 -0.0173267 -3.69383e-05 0.000404399 -0.0173267 0.084751 
0.00963794 -0.0177101 1.53616e-05 -5.0626e-05 -0.0177101 0.0875806 -3.27548e-05 0.000360255 1.53616e-05 -3.27548e-05 0.00968467 -0.0176726 -5.0626e-05 0.000360255 -0.0176726 0.0866886 
0.00959577 -0.0175891 2.91722e-05 -6.92294e-05 -0.0175891 0.0869805 -4.74346e-05 0.00033327 2.91722e-05 -4.74346e-05 0.00964494 -0.0176195 -6.92294e-05 0.00033327 -0.0176195 0.0865497 
0.00963157 -0.0176376 2.88182e-05 -8.58714e-05 -0.0176376 0.0871512 -6.38711e-05 0.000344403 2.88182e-05 -6.38711e-05 0.00966785 -0.0176652 -8.58714e-05 0.000344403 -0.0176652 0.0868977 
0.00974663 -0.0178515 1.34724e-05 -7.99856e-05 -0.0178515 0.0881226 -6.63753e-05 0.000348493 1.34724e-05 -6.63753e-05 0.00976974 -0.0178502 -7.99856e-05 0.000348493 -0.0178502 0.0878632 
0.00969436 -0.0177876 7.57403e-06 -5.55504e-05 -0.0177876 0.0877427 -5.45911e-05 0.000320469 7.57403e-06 -5.45911e-05 0.00971665 -0.0177476 -5.55504e-05 0.000320469 -0.0177476 0.0873825 
0.00964021 -0.0177231 1.45806e-05 -4.34353e-05 -0.0177231 0.0874488 -5.4737e-05 0.000299159 1.45806e-05 -5.4737e-05 0.00968713 -0.0176761 -4.34353e-05 0.000299159 -0.0176761 0.0870241 
0.00963965 -0.0176977 3.60755e-06 -4.629e-05 -0.0176977 0.0874009 -6.42131e-05 0.00029681 3.60755e-06 -6.42131e-05 0.00967932 -0.0176783 -4.629e-05 0.00029681 -0.0176783 0.08699 
0.00958611 -0.0176217 1.05331e-05 -2.91019e-05 -0.0176217 0.0870078 -4.12698e-05 0.000258003 1.05331e-05 -4.12698e-05 0.00965197 -0.0176 -2.91019e-05 0.000258003 -0.0176 0.0866168 
0.00955764 -0.0175523 2.72636e-05 -3.48112e-05 -0.0175523 0.0867163 -3.86013e-05 0.000230474 2.72636e-05 -3.86013e-05 0.00964437 -0.0175739 -3.48112e-05 0.000230474 -0.0175739 0.0864132 
0.00955727 -0.0175206 5.35137e-05 -5.89519e-05 -0.0175206 0.0865449 -5.63632e-05 0.00025476 5.35137e-05 -5.63632e-05 0.00962503 -0.0175745 -5.89519e-05 0.00025476 -0.0175745 0.086345 
0.00960494 -0.0175785 4.68415e-05 -9.55083e-05 -0.0175785 0.0867544 -8.63964e-05 0.000320191 4.68415e-05 -8.63964e-05 0.00960722 -0.0176152 -9.55083e-05 0.000320191 -0.0176152 0.08658 
0.009591 -0.017556 3.05994e-05 -9.13329e-05 -0.017556 0.0865196 -8.02253e-05 0.000345804 3.05994e-05 -8.02253e-05 0.00955143 -0.0174957 -9.13329e-05 0.000345804 -0.0174957 0.0861757 
0.00960888 -0.0176029 -5.68837e-06 -6.26102e-05 -0.0176029 0.0866831 -5.7687e-05 0.000303045 -5.68837e-06 -5.7687e-05 0.00954958 -0.0174738 -6.26102e-05 0.000303045 -0.0174738 0.0861215 
0.00959908 -0.0176377 -3.11123e-05 -1.52088e-05 -0.0176377 0.0868239 -1.58111e-05 0.00021232 -3.11123e-05 -1.58111e-05 0.009552 -0.0174647 -1.52088e-05 0.00021232 -0.0174647 0.0860808 
0.00978837 -0.0179739 -5.43851e-05 2.07548e-05 -0.0179739 0.0885908 1.47387e-05 0.000119771 -5.43851e-05 1.47387e-05 0.0097485 -0.017824 2.07548e-05 0.000119771 -0.017824 0.0878175 
0.00970459 -0.0178792 -6.56662e-05 4.80821e-05 -0.0178792 0.0881467 3.72349e-05 4.58737e-05 -6.56662e-05 3.72349e-05 0.00973884 -0.0177442 4.80821e-05 4.58737e-05 -0.0177442 0.0874111 
0.00965879 -0.0177788 -6.9556e-05 6.69872e-05 -0.0177788 0.0878079 5.40279e-05 -1.56902e-05 -6.9556e-05 5.40279e-05 0.00972619 -0.0177439 6.69872e-05 -1.56902e-05 -0.0177439 0.0872542 
0.00968082 -0.0177873 -7.0898e-05 6.51448e-05 -0.0177873 0.0879116 5.36704e-05 -2.91942e-05 -7.0898e-05 5.36704e-05 0.00973434 -0.0178247 6.51448e-05 -2.91942e-05 -0.0178247 0.0876011 
0.00972075 -0.0178366 -5.93139e-05 5.89854e-05 -0.0178366 0.0881171 5.34962e-05 -2.11693e-05 -5.93139e-05 5.34962e-05 0.00973858 -0.0178591 5.89854e-05 -2.11693e-05 -0.0178591 0.0878866 
0.00952413 -0.0174996 -4.27127e-05 3.85591e-05 -0.0174996 0.0863909 4.33216e-05 6.67203e-06 -4.27127e-05 4.33216e-05 0.00953672 -0.0174767 3.85591e-05 6.67203e-06 -0.0174767 0.0861142 
0.0095371 -0.0174967 -3.40464e-05 9.2242e-06 -0.0174967 0.0864171 2.24414e-05 6.67335e-05 -3.40464e-05 2.24414e-05 0.00953353 -0.0174733 9.2242e-06 6.67335e-05 -0.0174733 0.086121 
0.00956046 -0.0175073 -5.85531e-05 4.34662e-08 -0.0175073 0.0864347 1.53265e-05 0.000102729 -5.85531e-05 1.53265e-05 0.00950821 -0.0174683 4.34662e-08 0.000102729 -0.0174683 0.0861184 
0.00958226 -0.0175535 -5.36114e-05 2.7563e-05 -0.0175535 0.0865846 3.83997e-05 8.22781e-05 -5.36114e-05 3.83997e-05 0.00949846 -0.0174594 2.7563e-05 8.22781e-05 -0.0174594 0.0861787 
0.00956998 -0.0175267 -5.16857e-05 3.93297e-05 -0.0175267 0.0864201 4.35847e-05 3.45827e-05 -5.16857e-05 4.35847e-05 0.009463 -0.0173812 3.93297e-05 3.45827e-05 -0.0173812 0.0858764 
0.00978835 -0.0179355 -6.25545e-05 2.93034e-05 -0.0179355 0.0883849 3.17708e-05 5.0239e-05 -6.25545e-05 3.17708e-05 0.00966362 -0.017736 2.93034e-05 5.0239e-05 -0.017736 0.0876665 
0.00976826 -0.0179144 -5.12549e-05 3.72902e-05 -0.0179144 0.0882649 4.20643e-05 4.95658e-05 -5.12549e-05 4.20643e-05 0.00964062 -0.0176877 3.72902e-05 4.95658e-05 -0.0176877 0.0874262 
0.00972846 -0.0178867 -2.98153e-05 2.53941e-05 -0.0178867 0.0881465 3.10327e-05 5.91506e-05 -2.98153e-05 3.10327e-05 0.00965968 -0.017655 2.53941e-05 5.91506e-05 -0.017655 0.0872529 
0.00966198 -0.0178147 -3.07081e-05 -6.33289e-06 -0.0178147 0.0878835 3.9146e-06 0.000115068 -3.07081e-05 3.9146e-06 0.00968486 -0.017644 -6.33289e-06 0.000115068 -0.017644 0.0870531 
0.00960673 -0.0177068 -4.90627e-05 -3.40541e-06 -0.0177068 0.0875116 6.33496e-06 0.000137065 -4.90627e-05 6.33496e-06 0.00968611 -0.0176599 -3.40541e-06 0.000137065 -0.0176599 0.086924 
0.00957325 -0.0176356 -6.57782e-05 2.1913e-05 -0.0176356 0.0872408 2.46366e-05 0.00010678 -6.57782e-05 2.46366e-05 0.00967894 -0.0176827 2.1913e-05 0.00010678 -0.0176827 0.0869457 
0.00953243 -0.0175779 -4.93739e-05 5.52027e-05 -0.0175779 0.0869927 4.9378e-05 3.40967e-05 -4.93739e-05 4.9378e-05 0.00967301 -0.017673 5.52027e-05 3.40967e-05 -0.017673 0.0869099 
0.00951991 -0.0175256 -2.94815e-05 4.69788e-05 -0.0175256 0.086808 3.54768e-05 7.16235e-06 -2.94815e-05 3.54768e-05 0.0096588 -0.0176743 4.69788e-05 7.16235e-06 -0.0176743 0.0869036 
0.00952554 -0.0175186 -2.46279e-05 2.62557e-05 -0.0175186 0.0867453 8.50011e-06 3.84621e-05 -2.46279e-05 8.50011e-06 0.00965018 -0.0176658 2.62557e-05 3.84621e-05 -0.0176658 0.0869144 
0.00955971 -0.0176078 -4.18957e-06 1.53978e-05 -0.0176078 0.0871192 -7.70347e-06 8.40875e-05 -4.18957e-06 -7.70347e-06 0.00968272 -0.0177174 1.53978e-05 8.40875e-05 -0.0177174 0.0872246 
0.00957759 -0.0175955 3.43709e-06 -1.63458e-05 -0.0175955 0.0870913 -3.29516e-05 0.000147415 3.43709e-06 -3.29516e-05 0.00963421 -0.0176981 -1.63458e-05 0.000147415 -0.0176981 0.087143 
0.00957928 -0.0175943 2.85968e-05 -3.9518e-05 -0.0175943 0.0869967 -4.00822e-05 0.000205962 2.85968e-05 -4.00822e-05 0.00958505 -0.0176145 -3.9518e-05 0.000205962 -0.0176145 0.0869019 
0.00955542 -0.0175678 6.11781e-05 -7.68963e-05 -0.0175678 0.0868125 -6.66996e-05 0.000277163 6.11781e-05 -6.66996e-05 0.00954829 -0.0175182 -7.68963e-05 0.000277163 -0.0175182 0.0865283 
0.00953626 -0.0175408 7.65422e-05 -0.00011403 -0.0175408 0.0866863 -0.000103934 0.000364298 7.65422e-05 -0.000103934 0.00953397 -0.0174672 -0.00011403 0.000364298 -0.0174672 0.0862781 
0.0095292 -0.0175305 7.29032e-05 -0.000130289 -0.0175305 0.0866466 -0.000121666 0.000425309 7.29032e-05 -0.000121666 0.00953151 -0.017462 -0.000130289 0.000425309 -0.017462 0.086204 
0.00950183 -0.0174909 4.34848e-05 -0.000125245 -0.0174909 0.0864509 -0.000116761 0.000436674 4.34848e-05 -0.000116761 0.00951647 -0.0174211 -0.000125245 0.000436674 -0.0174211 0.0859897 
0.00950586 -0.017485 1.89448e-05 -7.74158e-05 -0.017485 0.0864299 -7.43565e-05 0.000355227 1.89448e-05 -7.43565e-05 0.00950457 -0.0174164 -7.74158e-05 0.000355227 -0.0174164 0.0859425 
0.00949118 -0.0174917 1.38207e-05 -3.69558e-05 -0.0174917 0.0864456 -4.17218e-05 0.00024713 1.38207e-05 -4.17218e-05 0.00950976 -0.0174133 -3.69558e-05 0.00024713 -0.0174133 0.085945 
0.00947624 -0.0174674 2.67099e-06 -2.09529e-05 -0.0174674 0.0864063 -3.11849e-05 0.000173661 2.67099e-06 -3.11849e-05 0.00951226 -0.0174267 -2.09529e-05 0.000173661 -0.0174267 0.0859739 
0.00946972 -0.0174414 -9.62047e-06 -9.2277e-06 -0.0174414 0.0863308 -2.08534e-05 0.000133259 -9.62047e-06 -2.08534e-05 0.00951633 -0.0174321 -9.2277e-06 0.000133259 -0.0174321 0.0859971 
0.00966937 -0.0177985 4.69359e-06 -5.00715e-06 -0.0177985 0.0880889 -1.24498e-05 0.000120442 4.69359e-06 -1.24498e-05 0.00971715 -0.0177996 -5.00715e-06 0.000120442 -0.0177996 0.0878053 
0.00969926 -0.0178024 5.28186e-07 -2.1716e-05 -0.0178024 0.0880871 -1.98671e-05 0.000125544 5.28186e-07 -1.98671e-05 0.00969124 -0.0178057 -2.1716e-05 0.000125544 -0.0178057 0.0878288 
0.0096792 -0.0178223 9.47445e-06 -2.02894e-05 -0.0178223 0.0880581 -1.086e-05 0.000124315 9.47445e-06 -1.086e-05 0.00968493 -0.0177541 -2.02894e-05 0.000124315 -0.0177541 0.087694 
0.00961899 -0.0177679 -9.01831e-08 -2.30662e-05 -0.0177679 0.0878434 -1.51575e-05 0.000117927 -9.01831e-08 -1.51575e-05 0.0096829 -0.0176986 -2.30662e-05 0.000117927 -0.0176986 0.0873977 
0.0096061 -0.0177634 7.49981e-06 -1.87838e-05 -0.0177634 0.0879692 -2.30986e-05 0.000139068 7.49981e-06 -2.30986e-05 0.00972548 -0.01777 -1.87838e-05 0.000139068 -0.01777 0.0876231 
0.00960302 -0.0177449 9.70045e-06 -1.97065e-05 -0.0177449 0.0880061 -3.46604e-05 0.000151242 9.70045e-06 -3.46604e-05 0.00975148 -0.0178401 -1.97065e-05 0.000151242 -0.0178401 0.0878792 
0.00943841 -0.0173692 -1.93857e-06 -2.65706e-05 -0.0173692 0.0861978 -4.01876e-05 0.000169219 -1.93857e-06 -4.01876e-05 0.00953869 -0.0175165 -2.65706e-05 0.000169219 -0.0175165 0.0862757 
0.0095033 -0.0174715 -3.32583e-05 -2.05563e-05 -0.0174715 0.086578 -2.25364e-05 0.00016249 -3.32583e-05 -2.25364e-05 0.00955128 -0.0175636 -2.05563e-05 0.00016249 -0.0175636 0.0866522 
0.00946941 -0.0174056 -5.48502e-05 1.0215e-05 -0.0174056 0.0861591 1.84227e-05 0.000105867 -5.48502e-05 1.84227e-05 0.00950068 -0.0174234 1.0215e-05 0.000105867 -0.0174234 0.0860854 
0.00968879 -0.0177688 -6.96985e-05 3.3115e-05 -0.0177688 0.0879013 4.91456e-05 3.85617e-05 -6.96985e-05 4.91456e-05 0.00967372 -0.0177613 3.3115e-05 3.85617e-05 -0.0177613 0.087712 
0.00969816 -0.0177754 -8.48294e-05 5.22898e-05 -0.0177754 0.0878096 6.55691e-05 -1.79551e-05 -8.48294e-05 6.55691e-05 0.0096615 -0.0177176 5.22898e-05 -1.79551e-05 -0.0177176 0.0875152 
0.00970548 -0.0178701 -4.00612e-05 6.68952e-05 -0.0178701 0.0881715 7.66476e-05 -4.95853e-05 -4.00612e-05 7.66476e-05 0.00971592 -0.0177702 6.68952e-05 -4.95853e-05 -0.0177702 0.0877447 
0.00950745 -0.0175163 2.16016e-05 1.61088e-05 -0.0175163 0.0865451 2.38938e-05 1.41742e-05 2.16016e-05 2.38938e-05 0.0095448 -0.0174732 1.61088e-05 1.41742e-05 -0.0174732 0.0861558 
0.0095382 -0.0175648 4.40326e-05 -5.42955e-05 -0.0175648 0.0868521 -5.10143e-05 0.000162712 4.40326e-05 -5.10143e-05 0.00957793 -0.0175571 -5.42955e-05 0.000162712 -0.0175571 0.0865531 
0.00956278 -0.0175957 4.01383e-05 -8.35845e-05 -0.0175957 0.0870179 -8.40685e-05 0.000283287 4.01383e-05 -8.40685e-05 0.00957834 -0.0175839 -8.35845e-05 0.000283287 -0.0175839 0.0867363 
0.00958872 -0.0176163 1.35298e-05 -7.15037e-05 -0.0176163 0.0871144 -7.87056e-05 0.000305559 1.35298e-05 -7.87056e-05 0.00956437 -0.0175798 -7.15037e-05 0.000305559 -0.0175798 0.0867934 
0.0095904 -0.0176466 -1.07496e-05 -3.83172e-05 -0.0176466 0.0872029 -5.30622e-05 0.000264173 -1.07496e-05 -5.30622e-05 0.00956713 -0.0175544 -3.83172e-05 0.000264173 -0.0175544 0.0867648 
0.00957338 -0.017635 -2.945e-05 -1.86918e-06 -0.017635 0.0871866 -1.58842e-05 0.000175571 -2.945e-05 -1.58842e-05 0.00957851 -0.0175445 -1.86918e-06 0.000175571 -0.0175445 0.0866955 
0.00951947 -0.0175503 -2.43028e-05 2.54125e-05 -0.0175503 0.0868296 1.67605e-05 8.21585e-05 -2.43028e-05 1.67605e-05 0.00957249 -0.0174948 2.54125e-05 8.21585e-05 -0.0174948 0.0863806 
0.009453 -0.0174397 1.44797e-05 1.74413e-05 -0.0174397 0.0863428 1.30879e-05 5.21449e-05 1.44797e-05 1.30879e-05 0.00955634 -0.017445 1.74413e-05 5.21449e-05 -0.017445 0.0860186 
0.00942636 -0.017403 3.30034e-05 -3.25791e-05 -0.017403 0.0862015 -3.61505e-05 0.000125747 3.30034e-05 -3.61505e-05 0.00957091 -0.0174638 -3.25791e-05 0.000125747 -0.0174638 0.0860151 
0.00964178 -0.0177748 2.30388e-05 -5.16741e-05 -0.0177748 0.0880934 -6.26353e-05 0.000201754 2.30388e-05 -6.26353e-05 0.00979193 -0.017893 -5.16741e-05 0.000201754 -0.017893 0.0880481 
0.00963193 -0.0177607 -4.71689e-06 -3.55854e-05 -0.0177607 0.0879836 -4.9912e-05 0.000203916 -4.71689e-06 -4.9912e-05 0.00979494 -0.017879 -3.55854e-05 0.000203916 -0.017879 0.087995 
0.009674 -0.0177442 -3.16477e-05 -4.23027e-06 -0.0177442 0.0879134 -1.57628e-05 0.000148139 -3.16477e-05 -1.57628e-05 0.00974122 -0.0178933 -4.23027e-06 0.000148139 -0.0178933 0.0880014 
0.00970905 -0.0177662 -5.07771e-05 2.32314e-05 -0.0177662 0.087816 1.81793e-05 7.32909e-05 -5.07771e-05 1.81793e-05 0.00967602 -0.0178067 2.32314e-05 7.32909e-05 -0.0178067 0.0877844 
0.00957136 -0.01754 -5.23035e-05 4.13615e-05 -0.01754 0.0865017 3.97067e-05 1.45087e-05 -5.23035e-05 3.97067e-05 0.00948708 -0.0174473 4.13615e-05 1.45087e-05 -0.0174473 0.0861788 
0.00962201 -0.0177192 -3.52873e-05 4.36976e-05 -0.0177192 0.0873246 4.43217e-05 -1.08885e-05 -3.52873e-05 4.43217e-05 0.00957054 -0.017539 4.36976e-05 -1.08885e-05 -0.017539 0.0867071 
0.00962726 -0.0177628 -2.20562e-05 1.85158e-05 -0.0177628 0.087693 2.0907e-05 2.57549e-05 -2.20562e-05 2.0907e-05 0.00964476 -0.0176174 1.85158e-05 2.57549e-05 -0.0176174 0.0870068 
0.00962644 -0.0177442 -2.87893e-05 4.18964e-06 -0.0177442 0.0877517 8.32077e-06 6.48223e-05 -2.87893e-05 8.32077e-06 0.00966886 -0.0176898 4.18964e-06 6.48223e-05 -0.0176898 0.0872064 
0.00960298 -0.0176728 -2.06538e-05 1.53312e-05 -0.0176728 0.0874425 2.19687e-05 5.47843e-05 -2.06538e-05 2.19687e-05 0.00965186 -0.017661 1.53312e-05 5.47843e-05 -0.017661 0.087052 
0.00959371 -0.0176422 -3.07209e-05 9.68622e-06 -0.0176422 0.0872581 1.50053e-05 4.80516e-05 -3.07209e-05 1.50053e-05 0.0096474 -0.0176367 9.68622e-06 4.80516e-05 -0.0176367 0.0869308 
0.0096345 -0.0177365 -3.40652e-05 2.17546e-05 -0.0177365 0.0876814 2.78899e-05 2.94312e-05 -3.40652e-05 2.78899e-05 0.00970753 -0.017734 2.17546e-05 2.94312e-05 -0.017734 0.0873694 
0.00966396 -0.0177753 -1.68819e-05 2.03672e-05 -0.0177753 0.0879125 2.92459e-05 2.53197e-05 -1.68819e-05 2.92459e-05 0.00972943 -0.0178079 2.03672e-05 2.53197e-05 -0.0178079 0.087669 
0.00968258 -0.0178228 -3.91953e-06 -1.80777e-06 -0.0178228 0.0881355 6.04075e-06 6.16526e-05 -3.91953e-06 6.04075e-06 0.00975362 -0.0178513 -1.80777e-06 6.16526e-05 -0.0178513 0.0879284 
0.00968908 -0.0178122 -2.42634e-05 -9.55955e-06 -0.0178122 0.0881094 -9.40088e-06 9.55574e-05 -2.42634e-05 -9.40088e-06 0.00975911 -0.0178454 -9.55955e-06 9.55574e-05 -0.0178454 0.0879179 
0.00971146 -0.0178379 -5.14712e-05 9.39111e-06 -0.0178379 0.088196 4.21006e-06 9.41134e-05 -5.14712e-05 4.21006e-06 0.00978744 -0.017868 9.39111e-06 9.41134e-05 -0.017868 0.0880037 
0.00969187 -0.0178408 -3.23911e-05 4.15936e-05 -0.0178408 0.0881575 3.83396e-05 3.70491e-05 -3.23911e-05 3.83396e-05 0.00981398 -0.0178763 4.15936e-05 3.70491e-05 -0.0178763 0.0879683 
0.00967641 -0.0178042 -1.49258e-05 2.81325e-05 -0.0178042 0.088041 2.91434e-05 1.2138e-05 -1.49258e-05 2.91434e-05 0.00982073 -0.0179022 2.81325e-05 1.2138e-05 -0.0179022 0.0879588 
0.00962933 -0.0177284 9.08714e-06 5.68618e-06 -0.0177284 0.0876583 4.06283e-06 5.22421e-05 9.08714e-06 4.06283e-06 0.00977779 -0.0178392 5.68618e-06 5.22421e-05 -0.0178392 0.0876294 
0.00960881 -0.0176914 1.06661e-05 -1.96969e-05 -0.0176914 0.0874929 -2.65207e-05 0.000112752 1.06661e-05 -2.65207e-05 0.00975495 -0.0178052 -1.96969e-05 0.000112752 -0.0178052 0.0874793 
0.00961181 -0.0176733 6.85509e-06 -3.19418e-05 -0.0176733 0.08741 -3.66202e-05 0.000166963 6.85509e-06 -3.66202e-05 0.00973257 -0.017785 -3.19418e-05 0.000166963 -0.017785 0.0873956 
0.00962665 -0.0176958 9.35244e-06 -2.78911e-05 -0.0176958 0.0874751 -2.91066e-05 0.000176107 9.35244e-06 -2.91066e-05 0.00972107 -0.0177809 -2.78911e-05 0.000176107 -0.0177809 0.0874218 
0.00964403 -0.017678 -1.21924e-05 -3.18567e-05 -0.017678 0.0873547 -3.17846e-05 0.000181537 -1.21924e-05 -3.17846e-05 0.0096662 -0.0177288 -3.18567e-05 0.000181537 -0.0177288 0.0872248 
0.00963736 -0.0176702 1.08862e-05 -8.38981e-06 -0.0176702 0.0871822 -1.15479e-05 0.000156182 1.08862e-05 -1.15479e-05 0.00962337 -0.0176303 -8.38981e-06 0.000156182 -0.0176303 0.0868803 
0.00966688 -0.0177426 3.17171e-05 -3.18098e-05 -0.0177426 0.08747 -3.66228e-05 0.000173006 3.17171e-05 -3.66228e-05 0.00963206 -0.0176439 -3.18098e-05 0.000173006 -0.0176439 0.0869787 
0.00963578 -0.0177742 7.11638e-05 -5.86548e-05 -0.0177742 0.0876051 -6.13339e-05 0.000228782 7.11638e-05 -6.13339e-05 0.0096594 -0.0176284 -5.86548e-05 0.000228782 -0.0176284 0.0869381 
0.00966268 -0.0178126 7.52723e-05 -0.000108814 -0.0178126 0.087972 -0.000110313 0.000329892 7.52723e-05 -0.000110313 0.0096924 -0.0177291 -0.000108814 0.000329892 -0.0177291 0.0873169 
0.00967287 -0.0178423 6.79695e-05 -0.000108545 -0.0178423 0.0881867 -0.00010816 0.000364941 6.79695e-05 -0.00010816 0.00971819 -0.0177793 -0.000108545 0.000364941 -0.0177793 0.0876017 
0.00961748 -0.0177503 5.96407e-05 -9.58689e-05 -0.0177503 0.0877953 -9.46176e-05 0.000343157 5.96407e-05 -9.46176e-05 0.00969996 -0.0177005 -9.58689e-05 0.000343157 -0.0177005 0.0872481 
0.00956076 -0.0176209 4.3839e-05 -8.62089e-05 -0.0176209 0.0872188 -8.32963e-05 0.000314449 4.3839e-05 -8.32963e-05 0.00966314 -0.0176209 -8.62089e-05 0.000314449 -0.0176209 0.0867714 
0.00956941 -0.0176194 2.66662e-05 -5.99401e-05 -0.0176194 0.0871923 -5.59762e-05 0.000249409 2.66662e-05 -5.59762e-05 0.00965924 -0.0176514 -5.99401e-05 0.000249409 -0.0176514 0.0868478 
0.00954458 -0.0176057 1.31124e-05 -3.57001e-05 -0.0176057 0.0870824 -2.98649e-05 0.000175273 1.31124e-05 -2.98649e-05 0.00965261 -0.017626 -3.57001e-05 0.000175273 -0.017626 0.0867651 
0.00954612 -0.0176044 -7.1288e-06 -2.10184e-05 -0.0176044 0.0871407 -1.49943e-05 0.000124357 -7.1288e-06 -1.49943e-05 0.00965867 -0.0176581 -2.10184e-05 0.000124357 -0.0176581 0.0868938 
0.00952065 -0.0175432 -9.79425e-06 1.6448e-06 -0.0175432 0.086865 3.82317e-06 7.78797e-05 -9.79425e-06 3.82317e-06 0.00961812 -0.0176088 1.6448e-06 7.78797e-05 -0.0176088 0.0866824 
0.00951798 -0.0175222 -4.0227e-05 1.71638e-06 -0.0175222 0.0867404 -2.8974e-06 7.16378e-05 -4.0227e-05 -2.8974e-06 0.00959094 -0.0175682 1.71638e-06 7.16378e-05 -0.0175682 0.0865554 
0.00947385 -0.0174517 -4.76272e-05 3.84668e-05 -0.0174517 0.0863373 2.38383e-05 3.18453e-05 -4.76272e-05 2.38383e-05 0.00954672 -0.0174571 3.84668e-05 3.18453e-05 -0.0174571 0.0860728 
0.00948332 -0.0174572 -5.35103e-05 5.92721e-05 -0.0174572 0.086381 4.01446e-05 -3.13402e-05 -5.35103e-05 4.01446e-05 0.0095387 -0.017475 5.92721e-05 -3.13402e-05 -0.017475 0.0861121 
0.00949827 -0.0174791 -4.37073e-05 5.93083e-05 -0.0174791 0.0864628 4.61131e-05 -5.53409e-05 -4.37073e-05 4.61131e-05 0.00952439 -0.017475 5.93083e-05 -5.53409e-05 -0.017475 0.0861679 
0.00953353 -0.0175434 -2.09348e-05 4.1798e-05 -0.0175434 0.0867565 3.83623e-05 -4.21965e-05 -2.09348e-05 3.83623e-05 0.00954201 -0.017504 4.1798e-05 -4.21965e-05 -0.017504 0.0863946 
0.00955639 -0.0175423 -7.32779e-06 1.04912e-05 -0.0175423 0.0867422 1.52133e-05 7.0425e-06 -7.32779e-06 1.52133e-05 0.0095202 -0.0174828 1.04912e-05 7.0425e-06 -0.0174828 0.0863219 
0.00957471 -0.0175813 1.07176e-07 -6.15522e-06 -0.0175813 0.0868361 3.83425e-06 4.83163e-05 1.07176e-07 3.83425e-06 0.00952832 -0.0174708 -6.15522e-06 4.83163e-05 -0.0174708 0.0863197 
0.00955305 -0.0175959 1.59671e-05 -2.62681e-05 -0.0175959 0.0868568 -1.05408e-05 0.000102616 1.59671e-05 -1.05408e-05 0.00955693 -0.0174562 -2.62681e-05 0.000102616 -0.0174562 0.086232 
0.0095491 -0.017599 2.35935e-05 -5.00359e-05 -0.017599 0.0869632 -3.15513e-05 0.000164315 2.35935e-05 -3.15513e-05 0.00958861 -0.0175202 -5.00359e-05 0.000164315 -0.0175202 0.0863896 
0.00957726 -0.017663 3.95204e-05 -5.4321e-05 -0.017663 0.0873445 -4.07932e-05 0.000198424 3.95204e-05 -4.07932e-05 0.00962544 -0.0176336 -5.4321e-05 0.000198424 -0.0176336 0.0868895 
0.00956096 -0.0176419 4.61953e-05 -6.94119e-05 -0.0176419 0.0873019 -6.41875e-05 0.000238396 4.61953e-05 -6.41875e-05 0.00963081 -0.0176242 -6.94119e-05 0.000238396 -0.0176242 0.0869154 
0.00951081 -0.0175714 4.94033e-05 -6.90096e-05 -0.0175714 0.0870143 -6.77285e-05 0.000250044 4.94033e-05 -6.77285e-05 0.0096295 -0.0175822 -6.90096e-05 0.000250044 -0.0175822 0.0866959 
0.0095043 -0.0175 3.38826e-05 -7.37781e-05 -0.0175 0.086755 -7.62618e-05 0.000265343 3.38826e-05 -7.62618e-05 0.00960009 -0.017579 -7.37781e-05 0.000265343 -0.017579 0.0865795 
0.00948722 -0.0174638 8.71863e-06 -5.13344e-05 -0.0174638 0.0864869 -5.55407e-05 0.000234797 8.71863e-06 -5.55407e-05 0.00956611 -0.0175159 -5.13344e-05 0.000234797 -0.0175159 0.0863405 
0.0096017 -0.0177253 1.17893e-05 -2.13801e-05 -0.0177253 0.0877244 -2.55073e-05 0.000173163 1.17893e-05 -2.55073e-05 0.00971608 -0.0177411 -2.13801e-05 0.000173163 -0.0177411 0.0874919 
0.00961666 -0.0177633 1.8203e-05 -2.19273e-05 -0.0177633 0.087995 -2.75523e-05 0.000143326 1.8203e-05 -2.75523e-05 0.00974639 -0.0178218 -2.19273e-05 0.000143326 -0.0178218 0.0877916 
0.0096268 -0.0177722 1.9347e-05 -3.10582e-05 -0.0177722 0.0881125 -3.45162e-05 0.000148815 1.9347e-05 -3.45162e-05 0.00977689 -0.0178721 -3.10582e-05 0.000148815 -0.0178721 0.0880305 
0.00941659 -0.0173753 8.58176e-06 -3.15625e-05 -0.0173753 0.0861628 -3.46781e-05 0.000150723 8.58176e-06 -3.46781e-05 0.00956161 -0.0174986 -3.15625e-05 0.000150723 -0.0174986 0.0861755 
0.00962874 -0.017739 -1.38031e-05 -2.23359e-05 -0.017739 0.0879693 -2.484e-05 0.000143348 -1.38031e-05 -2.484e-05 0.00975177 -0.0178721 -2.23359e-05 0.000143348 -0.0178721 0.0880436 
0.00943322 -0.0173736 -3.34627e-05 5.66057e-06 -0.0173736 0.0861102 2.89466e-06 8.99866e-05 -3.34627e-05 2.89466e-06 0.00953517 -0.017483 5.66057e-06 8.99866e-05 -0.017483 0.0861846 
0.00962434 -0.0177248 -4.1549e-05 3.48381e-05 -0.0177248 0.0878086 3.11646e-05 1.85005e-05 -4.1549e-05 3.11646e-05 0.00971732 -0.0178008 3.48381e-05 1.85005e-05 -0.0178008 0.0878096 
0.00958962 -0.017673 -3.514e-05 4.04773e-05 -0.017673 0.0875107 3.71926e-05 -1.8006e-05 -3.514e-05 3.71926e-05 0.00968508 -0.0177198 4.04773e-05 -1.8006e-05 -0.0177198 0.0874158 
0.00958788 -0.0177078 -1.02289e-05 2.5787e-05 -0.0177078 0.0876862 2.72308e-05 -4.36865e-06 -1.02289e-05 2.72308e-05 0.00972154 -0.0177575 2.5787e-05 -4.36865e-06 -0.0177575 0.0875563 
0.00958351 -0.017693 7.66831e-06 1.29329e-06 -0.017693 0.0877066 7.04909e-06 3.12414e-05 7.66831e-06 7.04909e-06 0.00974045 -0.0178036 1.29329e-06 3.12414e-05 -0.0178036 0.0876795 
0.00958901 -0.0176647 1.29264e-05 -2.29414e-05 -0.0176647 0.0876052 -1.69135e-05 8.935e-05 1.29264e-05 -1.69135e-05 0.00973013 -0.0178189 -2.29414e-05 8.935e-05 -0.0178189 0.0877193 
0.00959069 -0.0176714 1.66404e-05 -2.74362e-05 -0.0176714 0.0875562 -2.55446e-05 0.000123951 1.66404e-05 -2.55446e-05 0.00971866 -0.0177925 -2.74362e-05 0.000123951 -0.0177925 0.0876604 
0.00963614 -0.0177179 4.63467e-06 -3.03724e-05 -0.0177179 0.0877481 -3.43013e-05 0.000144452 4.63467e-06 -3.43013e-05 0.00970801 -0.0178115 -3.03724e-05 0.000144452 -0.0178115 0.0877749 
0.00965062 -0.0178256 1.69619e-05 -1.49774e-05 -0.0178256 0.0881718 -2.5571e-05 0.000135052 1.69619e-05 -2.5571e-05 0.0097643 -0.0178463 -1.49774e-05 0.000135052 -0.0178463 0.0880474 
0.00943356 -0.0174563 3.39266e-05 -2.3049e-05 -0.0174563 0.086469 -3.9846e-05 0.000138608 3.39266e-05 -3.9846e-05 0.00959521 -0.0175151 -2.3049e-05 0.000138608 -0.0175151 0.0863175 
0.00945639 -0.0174792 6.11151e-05 -3.99608e-05 -0.0174792 0.0867226 -6.00696e-05 0.000172488 6.11151e-05 -6.00696e-05 0.00963075 -0.0176168 -3.99608e-05 0.000172488 -0.0176168 0.08672 
0.00944158 -0.0174665 7.53132e-05 -7.16572e-05 -0.0174665 0.0866886 -8.90217e-05 0.0002294 7.53132e-05 -8.90217e-05 0.00964545 -0.0176224 -7.16572e-05 0.0002294 -0.0176224 0.0867903 
0.0094656 -0.0174814 8.2588e-05 -9.23655e-05 -0.0174814 0.086808 -0.00010196 0.000279928 8.2588e-05 -0.00010196 0.00966369 -0.0176599 -9.23655e-05 0.000279928 -0.0176599 0.08696 
0.00947316 -0.0174662 6.97513e-05 -0.000103016 -0.0174662 0.0866933 -0.000103537 0.000301416 6.97513e-05 -0.000103537 0.00965592 -0.0176362 -0.000103016 0.000301416 -0.0176362 0.0868486 
0.00942725 -0.0174192 4.36753e-05 -8.90672e-05 -0.0174192 0.0863612 -8.25829e-05 0.000278901 4.36753e-05 -8.25829e-05 0.00963213 -0.017549 -8.90672e-05 0.000278901 -0.017549 0.0864191 
0.00944392 -0.0174207 3.43371e-05 -5.74521e-05 -0.0174207 0.0864196 -4.64578e-05 0.000212006 3.43371e-05 -4.64578e-05 0.00961912 -0.0175895 -5.74521e-05 0.000212006 -0.0175895 0.0865011 
0.00945978 -0.0174218 4.07046e-05 -4.83669e-05 -0.0174218 0.0863857 -4.1938e-05 0.000174481 4.07046e-05 -4.1938e-05 0.00958502 -0.0175683 -4.83669e-05 0.000174481 -0.0175683 0.0864748 
0.00965385 -0.0177765 3.191e-05 -5.66542e-05 -0.0177765 0.0880556 -5.81145e-05 0.0001867 3.191e-05 -5.81145e-05 0.00975409 -0.0178603 -5.66542e-05 0.0001867 -0.0178603 0.0880382 
0.00966183 -0.0178027 2.38838e-05 -4.79162e-05 -0.0178027 0.0881326 -5.10687e-05 0.000189987 2.38838e-05 -5.10687e-05 0.00974659 -0.0178463 -4.79162e-05 0.000189987 -0.0178463 0.0879918 
0.00943723 -0.0174399 3.42666e-05 -3.46854e-05 -0.0174399 0.0863113 -3.94541e-05 0.000164258 3.42666e-05 -3.94541e-05 0.00954398 -0.0174429 -3.46854e-05 0.000164258 -0.0174429 0.0860386 
0.00965263 -0.0177818 4.08686e-05 -4.60446e-05 -0.0177818 0.0881087 -5.30927e-05 0.000172862 4.08686e-05 -5.30927e-05 0.00972726 -0.0178193 -4.60446e-05 0.000172862 -0.0178193 0.0878358 
0.00962045 -0.0176944 3.9701e-05 -4.96327e-05 -0.0176944 0.0876171 -5.80149e-05 0.000181761 3.9701e-05 -5.80149e-05 0.0096651 -0.0177126 -4.96327e-05 0.000181761 -0.0177126 0.0873603 
0.0096254 -0.0177397 4.51933e-05 -4.98018e-05 -0.0177397 0.0877241 -5.67598e-05 0.000183214 4.51933e-05 -5.67598e-05 0.00966646 -0.0176953 -4.98018e-05 0.000183214 -0.0176953 0.0873353 
0.00963696 -0.0177392 3.19833e-05 -5.04296e-05 -0.0177392 0.0877539 -5.48147e-05 0.000172127 3.19833e-05 -5.48147e-05 0.00966293 -0.0176995 -5.04296e-05 0.000172127 -0.0176995 0.0873217 
0.00964658 -0.017788 1.52332e-05 -3.90315e-05 -0.017788 0.0879407 -3.91027e-05 0.000150481 1.52332e-05 -3.91027e-05 0.00969065 -0.0177213 -3.90315e-05 0.000150481 -0.0177213 0.0874489 
0.00962859 -0.0177663 -1.26763e-05 -1.71669e-05 -0.0177663 0.0878647 -1.77761e-05 0.000103885 -1.26763e-05 -1.77761e-05 0.00969482 -0.0177109 -1.71669e-05 0.000103885 -0.0177109 0.0873465 
0.00959102 -0.017769 -2.1211e-05 2.19838e-05 -0.017769 0.087905 1.82955e-05 1.98749e-05 -2.1211e-05 1.82955e-05 0.0097322 -0.0177328 2.19838e-05 1.98749e-05 -0.0177328 0.0873987 
