0.00713932 0 0.000111283 0 0 0.00996705 0 0 0.000111283 0 0.006937 0 0 0 0 0.00996705 
0.0100916 -0.0125202 0.000105449 -0.000124682 -0.0125202 0.0331358 -0.000124682 0.000239438 0.000105449 -0.000124682 0.00981697 -0.0121915 -0.000124682 0.000239438 -0.0121915 0.0325054 
0.0100655 -0.0187362 7.07612e-05 -2.3867e-05 -0.0187362 0.068976 -2.3867e-05 3.52395e-05 7.07612e-05 -2.3867e-05 0.00991138 -0.0184724 -2.3867e-05 3.52395e-05 -0.0184724 0.0681933 
0.00925813 -0.0177823 9.03754e-05 8.89314e-05 -0.0177823 0.0796856 8.7255e-05 -0.000662025 9.03754e-05 8.7255e-05 0.00909978 -0.0177261 8.89314e-05 -0.000662025 -0.0177261 0.079562 
0.00928868 -0.0172296 0.000142981 3.79119e-05 -0.0172296 0.0829445 2.80291e-05 -0.000829828 0.000142981 2.80291e-05 0.00902845 -0.0171106 3.79119e-05 -0.000829828 -0.0171106 0.0828196 
0.00955804 -0.017476 0.000189999 -6.77173e-05 -0.017476 0.0854336 -7.89475e-05 -0.000521949 0.000189999 -7.89475e-05 0.00925553 -0.0171815 -6.77173e-05 -0.000521949 -0.0171815 0.0849037 
0.00977948 -0.0178599 0.000201775 -0.000148935 -0.0178599 0.0875628 -0.00015378 -0.000160042 0.000201775 -0.00015378 0.00949773 -0.0174983 -0.000148935 -0.000160042 -0.0174983 0.0867375 
0.00971162 -0.0177152 0.000203579 -0.000164312 -0.0177152 0.0870322 -0.000168491 4.71146e-05 0.000203579 -0.000168491 0.00944954 -0.0173906 -0.000164312 4.71146e-05 -0.0173906 0.0861805 
0.00972971 -0.0177539 0.000193296 -0.000159176 -0.0177539 0.0872937 -0.000168164 0.000111432 0.000193296 -0.000168164 0.00951457 -0.0174723 -0.000159176 0.000111432 -0.0174723 0.0865503 
0.00979601 -0.0178621 0.000180623 -0.000149307 -0.0178621 0.0878762 -0.000156729 0.000116182 0.000180623 -0.000156729 0.00961594 -0.01765 -0.000149307 0.000116182 -0.01765 0.0873035 
0.00971346 -0.0177059 0.00017294 -0.00012256 -0.0177059 0.0870936 -0.000123417 5.14427e-05 0.00017294 -0.000123417 0.00954492 -0.0175469 -0.00012256 5.14427e-05 -0.0175469 0.0866919 
0.00966041 -0.017559 0.000187649 -0.00011421 -0.017559 0.086353 -0.000110473 3.58814e-06 0.000187649 -0.000110473 0.00945318 -0.0174293 -0.00011421 3.58814e-06 -0.0174293 0.086086 
0.00985044 -0.0179438 0.000192933 -0.000135444 -0.0179438 0.0881114 -0.000127499 7.43945e-06 0.000192933 -0.000127499 0.00962943 -0.0177589 -0.000135444 7.43945e-06 -0.0177589 0.0878068 
0.00979858 -0.0179201 0.000163771 -0.000139193 -0.0179201 0.0879908 -0.00012947 2.14493e-05 0.000163771 -0.00012947 0.00962012 -0.0176987 -0.000139193 2.14493e-05 -0.0176987 0.0875686 
0.00980463 -0.0179407 0.000129399 -0.000108708 -0.0179407 0.0882481 -9.72232e-05 -1.83952e-05 0.000129399 -9.72232e-05 0.00965425 -0.0177768 -0.000108708 -1.83952e-05 -0.0177768 0.0878765 
0.00981264 -0.0179054 0.000128311 -6.73506e-05 -0.0179054 0.0881747 -6.05382e-05 -9.6914e-05 0.000128311 -6.05382e-05 0.00963571 -0.0177914 -6.73506e-05 -9.6914e-05 -0.0177914 0.0879406 
0.00961354 -0.0175521 0.000120336 -6.2867e-05 -0.0175521 0.0863807 -6.06507e-05 -0.000127876 0.000120336 -6.06507e-05 0.00943239 -0.0174125 -6.2867e-05 -0.000127876 -0.0174125 0.0861701 
0.00983916 -0.0179236 0.000149211 -6.5553e-05 -0.0179236 0.0882026 -6.432e-05 -0.000121043 0.000149211 -6.432e-05 0.00959482 -0.0177536 -6.5553e-05 -0.000121043 -0.0177536 0.0879143 
0.00982656 -0.0179103 0.000151792 -9.55222e-05 -0.0179103 0.0880401 -9.76036e-05 -6.49264e-05 0.000151792 -9.76036e-05 0.00956143 -0.0176634 -9.55222e-05 -6.49264e-05 -0.0176634 0.0875965 
0.00982667 -0.0179447 0.000166463 -0.00010093 -0.0179447 0.0881625 -0.000107968 -1.78481e-05 0.000166463 -0.000107968 0.00957749 -0.0176437 -0.00010093 -1.78481e-05 -0.0176437 0.0875239 
0.00979926 -0.0178854 0.000148931 -0.00011576 -0.0178854 0.0879282 -0.000128143 2.56252e-05 0.000148931 -0.000128143 0.00956491 -0.0176137 -0.00011576 2.56252e-05 -0.0176137 0.0872699 
0.00974801 -0.0178165 0.000141771 -8.621e-05 -0.0178165 0.0875838 -9.90787e-05 -1.03491e-05 0.000141771 -9.90787e-05 0.00955211 -0.0175636 -8.621e-05 -1.03491e-05 -0.0175636 0.0869626 
0.00970023 -0.017735 0.000142115 -7.84873e-05 -0.017735 0.0872361 -9.01309e-05 -4.67142e-05 0.000142115 -9.01309e-05 0.0095262 -0.0175348 -7.84873e-05 -4.67142e-05 -0.0175348 0.0867205 
0.00971063 -0.0177914 0.000120553 -8.15192e-05 -0.0177914 0.08755 -8.91185e-05 -5.8483e-05 0.000120553 -8.91185e-05 0.00957746 -0.0176233 -8.15192e-05 -5.8483e-05 -0.0176233 0.0871432 
0.00974019 -0.0178182 0.000126635 -5.82443e-05 -0.0178182 0.0877936 -6.62668e-05 -9.12885e-05 0.000126635 -6.62668e-05 0.0095981 -0.0177098 -5.82443e-05 -9.12885e-05 -0.0177098 0.0875337 
0.00973917 -0.0178146 0.000132618 -6.22771e-05 -0.0178146 0.0877682 -7.249e-05 -0.000102608 0.000132618 -7.249e-05 0.00960283 -0.0176969 -6.22771e-05 -0.000102608 -0.0176969 0.087565 
0.00974391 -0.0178596 0.000141506 -7.42867e-05 -0.0178596 0.0879955 -8.20725e-05 -8.17182e-05 0.000141506 -8.20725e-05 0.00964653 -0.0177476 -7.42867e-05 -8.17182e-05 -0.0177476 0.0878138 
0.00974111 -0.017842 0.000138087 -8.81025e-05 -0.017842 0.0880152 -8.60098e-05 -5.95322e-05 0.000138087 -8.60098e-05 0.00966129 -0.0177912 -8.81025e-05 -5.95322e-05 -0.0177912 0.0879534 
0.00958565 -0.0175018 0.000132134 -9.18055e-05 -0.0175018 0.0863702 -8.04262e-05 -4.17516e-05 0.000132134 -8.04262e-05 0.00945555 -0.0174815 -9.18055e-05 -4.17516e-05 -0.0174815 0.0864249 
0.00958411 -0.0175049 0.000134536 -9.39401e-05 -0.0175049 0.0862676 -8.00766e-05 -2.85805e-05 0.000134536 -8.00766e-05 0.00943259 -0.0174034 -9.39401e-05 -2.85805e-05 -0.0174034 0.0862183 
0.00979374 -0.017868 0.000156504 -0.000100484 -0.017868 0.0880152 -8.96981e-05 -1.05045e-05 0.000156504 -8.96981e-05 0.00960931 -0.0177219 -0.000100484 -1.05045e-05 -0.0177219 0.0878101 
0.00975519 -0.0178294 0.00014664 -0.000109532 -0.0178294 0.0877483 -0.000109403 1.11812e-05 0.00014664 -0.000109403 0.00957689 -0.0176388 -0.000109532 1.11812e-05 -0.0176388 0.0874053 
0.00973272 -0.0177851 0.000143863 -9.68459e-05 -0.0177851 0.0875762 -0.000104624 1.30619e-05 0.000143863 -0.000104624 0.00957065 -0.0176186 -9.68459e-05 1.30619e-05 -0.0176186 0.0872336 
0.00970286 -0.0177397 0.000140548 -9.47299e-05 -0.0177397 0.0873524 -0.000101401 7.03863e-06 0.000140548 -0.000101401 0.00955275 -0.0175901 -9.47299e-05 7.03863e-06 -0.0175901 0.0870469 
0.00969371 -0.0177107 0.000141763 -9.63556e-05 -0.0177107 0.0872246 -0.00010235 1.19261e-05 0.000141763 -0.00010235 0.00953748 -0.0175763 -9.63556e-05 1.19261e-05 -0.0175763 0.086959 
0.009706 -0.0177709 0.000121129 -9.47974e-05 -0.0177709 0.0874985 -0.00010012 7.34966e-06 0.000121129 -0.00010012 0.00957997 -0.0176311 -9.47974e-05 7.34966e-06 -0.0176311 0.0872462 
0.00973504 -0.0178138 0.000133108 -6.92546e-05 -0.0178138 0.0877886 -7.83082e-05 -2.79374e-05 0.000133108 -7.83082e-05 0.00960136 -0.0177129 -6.92546e-05 -2.79374e-05 -0.0177129 0.0875997 
0.00973848 -0.017768 0.000163323 -7.76132e-05 -0.017768 0.0875728 -8.82117e-05 -3.82162e-05 0.000163323 -8.82117e-05 0.00956708 -0.0176612 -7.76132e-05 -3.82162e-05 -0.0176612 0.0874164 
0.00976201 -0.0177975 0.000175465 -0.000114707 -0.0177975 0.087612 -0.000121958 1.49595e-05 0.000175465 -0.000121958 0.00955566 -0.0176462 -0.000114707 1.49595e-05 -0.0176462 0.0873958 
0.00977172 -0.017834 0.000175744 -0.0001281 -0.017834 0.0877058 -0.00013233 5.79512e-05 0.000175744 -0.00013233 0.00955941 -0.017632 -0.0001281 5.79512e-05 -0.017632 0.0873702 
0.00975557 -0.0178641 0.000165944 -0.000130789 -0.0178641 0.0878338 -0.000133655 7.42504e-05 0.000165944 -0.000133655 0.00959787 -0.0176369 -0.000130789 7.42504e-05 -0.0176369 0.0873862 
0.0097224 -0.0178144 0.000156559 -0.000114363 -0.0178144 0.0877154 -0.000119453 5.13384e-05 0.000156559 -0.000119453 0.0096227 -0.0176637 -0.000114363 5.13384e-05 -0.0176637 0.0873575 
0.00971985 -0.0177812 0.000170847 -9.88467e-05 -0.0177812 0.0876486 -0.00010578 1.17751e-05 0.000170847 -0.00010578 0.00962748 -0.0177239 -9.88467e-05 1.17751e-05 -0.0177239 0.0875201 
0.00975168 -0.0177956 0.000197719 -0.000119041 -0.0177956 0.0877164 -0.000122474 2.49117e-05 0.000197719 -0.000122474 0.00962151 -0.017764 -0.000119041 2.49117e-05 -0.017764 0.0877523 
0.00977127 -0.0178012 0.000212055 -0.000150885 -0.0178012 0.0876658 -0.000150915 7.94868e-05 0.000212055 -0.000150915 0.00958574 -0.0177369 -0.000150885 7.94868e-05 -0.0177369 0.0877283 
0.0098099 -0.0179163 0.000182932 -0.000177766 -0.0179163 0.0881186 -0.000175895 0.000154585 0.000182932 -0.000175895 0.00962269 -0.0177683 -0.000177766 0.000154585 -0.0177683 0.0880317 
0.00978248 -0.0179136 0.000159069 -0.000138711 -0.0179136 0.0881347 -0.00013797 0.000122318 0.000159069 -0.00013797 0.00965282 -0.0177437 -0.000138711 0.000122318 -0.0177437 0.0879195 
0.00975375 -0.0178651 0.000155039 -0.000102083 -0.0178651 0.0880172 -0.000102786 3.25211e-05 0.000155039 -0.000102786 0.00966557 -0.0177666 -0.000102083 3.25211e-05 -0.0177666 0.0878681 
0.00973949 -0.0178125 0.000146857 -9.63837e-05 -0.0178125 0.0878267 -0.000100983 -9.89924e-06 0.000146857 -0.000100983 0.00963779 -0.0177719 -9.63837e-05 -9.89924e-06 -0.0177719 0.0878213 
0.0097034 -0.01774 0.000127204 -8.68648e-05 -0.01774 0.0874553 -9.46992e-05 -2.94222e-05 0.000127204 -9.46992e-05 0.00958523 -0.0176937 -8.68648e-05 -2.94222e-05 -0.0176937 0.087515 
0.00965384 -0.0176634 0.000108213 -6.43525e-05 -0.0176634 0.0870839 -6.84684e-05 -7.56863e-05 0.000108213 -6.84684e-05 0.009548 -0.0176113 -6.43525e-05 -7.56863e-05 -0.0176113 0.0871669 
0.00965815 -0.0177069 0.000112025 -4.57427e-05 -0.0177069 0.0873096 -4.20111e-05 -0.000131653 0.000112025 -4.20111e-05 0.00957724 -0.0176436 -4.57427e-05 -0.000131653 -0.0176436 0.087348 
0.00966462 -0.0176692 0.000113021 -5.51386e-05 -0.0176692 0.08721 -4.57927e-05 -0.000140779 0.000113021 -4.57927e-05 0.00956553 -0.0176337 -5.51386e-05 -0.000140779 -0.0176337 0.0872688 
0.00963859 -0.0176105 0.000107407 -6.07236e-05 -0.0176105 0.0868344 -5.20717e-05 -0.000121021 0.000107407 -5.20717e-05 0.00951999 -0.0175402 -6.07236e-05 -0.000121021 -0.0175402 0.086841 
0.00963593 -0.0175943 0.000118126 -5.62344e-05 -0.0175943 0.0866758 -5.17272e-05 -0.000108473 0.000118126 -5.17272e-05 0.00948585 -0.017485 -5.62344e-05 -0.000108473 -0.017485 0.0865708 
0.00960538 -0.0175451 0.000139267 -6.57342e-05 -0.0175451 0.0863624 -6.43644e-05 -9.14384e-05 0.000139267 -6.43644e-05 0.00943705 -0.0173965 -6.57342e-05 -9.14384e-05 -0.0173965 0.0861491 
0.00962678 -0.0175718 0.000186496 -9.53653e-05 -0.0175718 0.0864767 -9.53797e-05 -2.94146e-05 0.000186496 -9.53797e-05 0.00941674 -0.0174089 -9.53653e-05 -2.94146e-05 -0.0174089 0.086204 
0.00963039 -0.0175903 0.000194051 -0.000152451 -0.0175903 0.0865197 -0.000155677 9.22386e-05 0.000194051 -0.000155677 0.00940139 -0.0173745 -0.000152451 9.22386e-05 -0.0173745 0.0861412 
0.00969113 -0.0177241 0.000198823 -0.000161656 -0.0177241 0.0871776 -0.000167126 0.00016342 0.000198823 -0.000167126 0.00945768 -0.0174796 -0.000161656 0.00016342 -0.0174796 0.0867016 
0.00971864 -0.017789 0.000168083 -0.000164243 -0.017789 0.0875528 -0.000170124 0.000183663 0.000168083 -0.000170124 0.00950436 -0.0175464 -0.000164243 0.000183663 -0.0175464 0.087053 
0.00974642 -0.0178178 0.000155044 -0.000130451 -0.0178178 0.0877566 -0.000137173 0.000143479 0.000155044 -0.000137173 0.00952838 -0.0175994 -0.000130451 0.000143479 -0.0175994 0.0872917 
0.00974677 -0.0178262 0.000158097 -0.000110301 -0.0178262 0.0877713 -0.000117808 8.53934e-05 0.000158097 -0.000117808 0.00952922 -0.0175926 -0.000110301 8.53934e-05 -0.0175926 0.0872882 
0.00971854 -0.0177895 0.000147428 -0.000107829 -0.0177895 0.0876085 -0.000117212 5.38237e-05 0.000147428 -0.000117212 0.00953409 -0.0175636 -0.000107829 5.38237e-05 -0.0175636 0.0871324 
0.00969953 -0.017735 0.000152903 -9.83821e-05 -0.017735 0.0873855 -0.000108819 3.75772e-05 0.000152903 -0.000108819 0.00953106 -0.017552 -9.83821e-05 3.75772e-05 -0.017552 0.0869849 
0.00971776 -0.0177637 0.000154025 -0.000105804 -0.0177637 0.0875187 -0.000110537 3.18062e-05 0.000154025 -0.000110537 0.00954604 -0.0176168 -0.000105804 3.18062e-05 -0.0176168 0.0872328 
0.00968882 -0.0176866 0.000172051 -0.000105078 -0.0176866 0.0871294 -0.000103347 2.03071e-05 0.000172051 -0.000103347 0.00950537 -0.0175436 -0.000105078 2.03071e-05 -0.0175436 0.0869089 
0.00963813 -0.0175749 0.00016014 -0.000120789 -0.0175749 0.0865345 -0.000119886 3.27259e-05 0.00016014 -0.000119886 0.00944166 -0.0174277 -0.000120789 3.27259e-05 -0.0174277 0.0863408 
0.00958615 -0.0175432 0.000162064 -0.000111938 -0.0175432 0.086291 -0.000114963 4.06753e-05 0.000162064 -0.000114963 0.00942656 -0.0173602 -0.000111938 4.06753e-05 -0.0173602 0.086027 
0.00957917 -0.0175582 0.000160238 -0.00011657 -0.0175582 0.0864559 -0.000117935 4.61653e-05 0.000160238 -0.000117935 0.00945502 -0.0174143 -0.00011657 4.61653e-05 -0.0174143 0.0862123 
0.00956808 -0.0175252 0.000152384 -0.000118559 -0.0175252 0.0864065 -0.000113621 4.93566e-05 0.000152384 -0.000113621 0.00945639 -0.0174404 -0.000118559 4.93566e-05 -0.0174404 0.0862939 
0.00976225 -0.0178496 0.000131606 -0.000116609 -0.0178496 0.0880318 -0.000109887 5.12379e-05 0.000131606 -0.000109887 0.00962981 -0.0177823 -0.000116609 5.12379e-05 -0.0177823 0.0880152 
0.00975939 -0.0178503 0.000100746 -7.88045e-05 -0.0178503 0.0879766 -7.58963e-05 -1.3781e-05 0.000100746 -7.58963e-05 0.00961888 -0.0177549 -7.88045e-05 -1.3781e-05 -0.0177549 0.0879444 
0.00958093 -0.0175186 0.000108375 -3.92402e-05 -0.0175186 0.0863233 -3.93384e-05 -9.95563e-05 0.000108375 -3.93384e-05 0.00941442 -0.0174036 -3.92402e-05 -9.95563e-05 -0.0174036 0.0862275 
0.0096053 -0.0175913 0.000121688 -5.1186e-05 -0.0175913 0.0866473 -5.37239e-05 -0.000115076 0.000121688 -5.37239e-05 0.00944004 -0.0174248 -5.1186e-05 -0.000115076 -0.0174248 0.0864235 
0.00960523 -0.01763 0.000108836 -7.20173e-05 -0.01763 0.0868965 -7.4961e-05 -7.38706e-05 0.000108836 -7.4961e-05 0.00949013 -0.017471 -7.20173e-05 -7.38706e-05 -0.017471 0.0866316 
0.0095775 -0.0176208 0.000111975 -6.14482e-05 -0.0176208 0.0869545 -6.39891e-05 -6.24971e-05 0.000111975 -6.39891e-05 0.00953688 -0.0175133 -6.14482e-05 -6.24971e-05 -0.0175133 0.086749 
0.00955357 -0.0175559 0.000106897 -6.44837e-05 -0.0175559 0.0867969 -6.83413e-05 -5.73276e-05 0.000106897 -6.83413e-05 0.0095489 -0.0175577 -6.44837e-05 -5.73276e-05 -0.0175577 0.0868166 
0.0095099 -0.0174346 0.000124979 -5.75068e-05 -0.0174346 0.0862482 -6.34962e-05 -5.97756e-05 0.000124979 -6.34962e-05 0.0095038 -0.0174989 -5.75068e-05 -5.97756e-05 -0.0174989 0.086493 
0.00969348 -0.0177288 0.000126193 -7.88442e-05 -0.0177288 0.0876542 -8.33773e-05 -3.6835e-05 0.000126193 -8.33773e-05 0.00965643 -0.0178043 -7.88442e-05 -3.6835e-05 -0.0178043 0.0880241 
0.00966129 -0.0176885 0.000100751 -8.12409e-05 -0.0176885 0.0873325 -8.21563e-05 -1.70044e-05 0.000100751 -8.21563e-05 0.00961666 -0.0177184 -8.12409e-05 -1.70044e-05 -0.0177184 0.087664 
0.00962774 -0.0176363 8.53694e-05 -5.29891e-05 -0.0176363 0.0870635 -5.18281e-05 -5.5896e-05 8.53694e-05 -5.18281e-05 0.0095849 -0.017659 -5.29891e-05 -5.5896e-05 -0.017659 0.087359 
0.00962147 -0.017634 0.00010625 -4.03515e-05 -0.017634 0.0870473 -3.59362e-05 -9.35354e-05 0.00010625 -3.59362e-05 0.00958148 -0.0176487 -4.03515e-05 -9.35354e-05 -0.0176487 0.087307 
0.00964568 -0.0177185 0.000106325 -7.14596e-05 -0.0177185 0.0874475 -6.24429e-05 -5.86576e-05 0.000106325 -6.24429e-05 0.00961859 -0.0177058 -7.14596e-05 -5.86576e-05 -0.0177058 0.0876094 
0.0096698 -0.0177939 0.000100208 -6.89661e-05 -0.0177939 0.0879056 -5.87316e-05 -4.45079e-05 0.000100208 -5.87316e-05 0.00967066 -0.017804 -6.89661e-05 -4.45079e-05 -0.017804 0.0880708 
0.00965012 -0.0177289 0.000119457 -5.38231e-05 -0.0177289 0.0877156 -5.03549e-05 -6.43804e-05 0.000119457 -5.03549e-05 0.00965735 -0.0177909 -5.38231e-05 -6.43804e-05 -0.0177909 0.0879913 
0.00948649 -0.017369 0.000138368 -7.33614e-05 -0.017369 0.085954 -7.96714e-05 -3.27747e-05 0.000138368 -7.96714e-05 0.00943865 -0.0174536 -7.33614e-05 -3.27747e-05 -0.0174536 0.0863311 
0.00949063 -0.0173994 0.000111335 -9.88067e-05 -0.0173994 0.0859693 -0.000113108 3.56654e-05 0.000111335 -0.000113108 0.00942011 -0.0173992 -9.88067e-05 3.56654e-05 -0.0173992 0.0862382 
0.00966666 -0.0177461 0.000107989 -7.15511e-05 -0.0177461 0.0876798 -8.89097e-05 3.18355e-05 0.000107989 -8.89097e-05 0.00961346 -0.0177109 -7.15511e-05 3.18355e-05 -0.0177109 0.0878291 
0.00961901 -0.0176627 9.27347e-05 -6.6695e-05 -0.0176627 0.0873237 -7.7712e-05 6.74065e-06 9.27347e-05 -7.7712e-05 0.00959477 -0.0176545 -6.6695e-05 6.74065e-06 -0.0176545 0.0874735 
0.00952497 -0.0174878 8.88043e-05 -5.77654e-05 -0.0174878 0.0864956 -6.02008e-05 -1.29536e-05 8.88043e-05 -6.02008e-05 0.00953817 -0.0175213 -5.77654e-05 -1.29536e-05 -0.0175213 0.0867278 
0.00966409 -0.0177284 8.40136e-05 -5.1839e-05 -0.0177284 0.0876833 -5.23748e-05 -3.77342e-05 8.40136e-05 -5.23748e-05 0.00968546 -0.0178026 -5.1839e-05 -3.77342e-05 -0.0178026 0.0880122 
0.00950719 -0.0173909 0.000111053 -3.94569e-05 -0.0173909 0.0859727 -3.81116e-05 -6.89844e-05 0.000111053 -3.81116e-05 0.00946029 -0.0174763 -3.94569e-05 -6.89844e-05 -0.0174763 0.0863583 
0.00954042 -0.0174619 0.000119143 -7.34887e-05 -0.0174619 0.0861904 -7.22357e-05 -3.30682e-05 0.000119143 -7.22357e-05 0.00944567 -0.0174699 -7.34887e-05 -3.30682e-05 -0.0174699 0.0864866 
0.00959221 -0.0175641 0.000110983 -9.01704e-05 -0.0175641 0.0866396 -9.17611e-05 2.79276e-05 0.000110983 -9.17611e-05 0.00945469 -0.0174954 -9.01704e-05 2.79276e-05 -0.0174954 0.0867392 
0.00961523 -0.0176362 0.000102853 -7.88036e-05 -0.0176362 0.0869593 -8.28571e-05 3.60514e-05 0.000102853 -8.28571e-05 0.00946955 -0.0174925 -7.88036e-05 3.60514e-05 -0.0174925 0.0868325 
0.009606 -0.0176107 9.12574e-05 -7.21329e-05 -0.0176107 0.0868729 -7.26188e-05 2.29158e-05 9.12574e-05 -7.26188e-05 0.00945491 -0.0174464 -7.21329e-05 2.29158e-05 -0.0174464 0.0866058 
0.009616 -0.01763 9.19203e-05 -5.92221e-05 -0.01763 0.0869707 -5.80654e-05 -2.68634e-06 9.19203e-05 -5.80654e-05 0.00946313 -0.0174652 -5.92221e-05 -2.68634e-06 -0.0174652 0.0866626 
0.00962032 -0.0176612 0.000112314 -6.12576e-05 -0.0176612 0.0871382 -6.09341e-05 -6.73041e-06 0.000112314 -6.09341e-05 0.00948687 -0.017503 -6.12576e-05 -6.73041e-06 -0.017503 0.0868361 
0.0096303 -0.0176516 0.000116547 -8.3554e-05 -0.0176516 0.0871724 -8.29032e-05 2.36168e-05 0.000116547 -8.29032e-05 0.00950055 -0.0175403 -8.3554e-05 2.36168e-05 -0.0175403 0.0869769 
0.00966107 -0.0176435 0.000124087 -8.66736e-05 -0.0176435 0.0871265 -8.79348e-05 4.60273e-05 0.000124087 -8.79348e-05 0.00948167 -0.0175553 -8.66736e-05 4.60273e-05 -0.0175553 0.087041 
0.00967118 -0.0176647 0.00012728 -9.51401e-05 -0.0176647 0.0870737 -9.7547e-05 6.51651e-05 0.00012728 -9.7547e-05 0.00946352 -0.0175027 -9.51401e-05 6.51651e-05 -0.0175027 0.0869011 
0.00969838 -0.0177678 0.000136745 -9.23754e-05 -0.0177678 0.0874858 -9.28415e-05 5.4823e-05 0.000136745 -9.28415e-05 0.00950298 -0.0175373 -9.23754e-05 5.4823e-05 -0.0175373 0.0871115 
0.00972081 -0.0177909 0.000142463 -0.000104909 -0.0177909 0.0876782 -0.00010131 6.36787e-05 0.000142463 -0.00010131 0.00951188 -0.0175815 -0.000104909 6.36787e-05 -0.0175815 0.0872569 
0.00972173 -0.0178051 0.000121458 -0.000113705 -0.0178051 0.0877355 -0.000106609 7.95212e-05 0.000121458 -0.000106609 0.00951461 -0.017579 -0.000113705 7.95212e-05 -0.017579 0.0872816 
0.00968149 -0.0177551 9.58186e-05 -9.02346e-05 -0.0177551 0.0875049 -8.49611e-05 5.58833e-05 9.58186e-05 -8.49611e-05 0.00951006 -0.0175216 -9.02346e-05 5.58833e-05 -0.0175216 0.0870084 
0.00963535 -0.0177407 7.65476e-05 -6.23001e-05 -0.0177407 0.0874752 -6.33093e-05 1.04338e-05 7.65476e-05 -6.33093e-05 0.00954554 -0.0175315 -6.23001e-05 1.04338e-05 -0.0175315 0.0869749 
0.00959592 -0.0176771 7.5334e-05 -3.34535e-05 -0.0176771 0.0873578 -3.47073e-05 -6.21326e-05 7.5334e-05 -3.47073e-05 0.00957661 -0.0175887 -3.34535e-05 -6.21326e-05 -0.0175887 0.0870741 
0.00956889 -0.0175735 8.89511e-05 -3.33148e-05 -0.0175735 0.0869847 -3.37552e-05 -8.9883e-05 8.89511e-05 -3.37552e-05 0.00955784 -0.0175991 -3.33148e-05 -8.9883e-05 -0.0175991 0.0870145 
0.00953308 -0.0174893 7.31895e-05 -5.34861e-05 -0.0174893 0.0865399 -5.63014e-05 -5.43911e-05 7.31895e-05 -5.63014e-05 0.00952799 -0.0175497 -5.34861e-05 -5.43911e-05 -0.0175497 0.086791 
0.0095358 -0.0174602 9.63682e-05 -4.04871e-05 -0.0174602 0.0863576 -4.85617e-05 -4.01058e-05 9.63682e-05 -4.85617e-05 0.00949331 -0.0175335 -4.04871e-05 -4.01058e-05 -0.0175335 0.0867118 
0.00957515 -0.0174939 0.000120536 -6.38063e-05 -0.0174939 0.0864181 -7.53963e-05 -6.05099e-06 0.000120536 -7.53963e-05 0.00944781 -0.0175079 -6.38063e-05 -6.05099e-06 -0.0175079 0.0867037 
0.00960948 -0.0175728 0.000112688 -8.8349e-05 -0.0175728 0.0866675 -0.000100858 4.63253e-05 0.000112688 -0.000100858 0.00943479 -0.0174791 -8.8349e-05 4.63253e-05 -0.0174791 0.0867458 
0.00960675 -0.0175863 0.000106594 -8.08277e-05 -0.0175863 0.086677 -8.80408e-05 5.23392e-05 0.000106594 -8.80408e-05 0.00941634 -0.0174066 -8.08277e-05 5.23392e-05 -0.0174066 0.0864904 
0.00959895 -0.0176006 8.47389e-05 -6.73283e-05 -0.0176006 0.0867586 -7.08479e-05 1.46075e-05 8.47389e-05 -7.08479e-05 0.00943014 -0.017401 -6.73283e-05 1.46075e-05 -0.017401 0.0864335 
0.00964008 -0.0176648 8.01759e-05 -4.42649e-05 -0.0176648 0.0871255 -4.71669e-05 -3.37454e-05 8.01759e-05 -4.71669e-05 0.00947703 -0.017481 -4.42649e-05 -3.37454e-05 -0.017481 0.0867621 
0.00965858 -0.0177686 7.96739e-05 -3.32976e-05 -0.0177686 0.0876277 -3.24707e-05 -8.60561e-05 7.96739e-05 -3.24707e-05 0.00956087 -0.0175907 -3.32976e-05 -8.60561e-05 -0.0175907 0.0872689 
0.00963535 -0.0177269 8.17209e-05 -4.03812e-05 -0.0177269 0.0875734 -3.50888e-05 -8.94256e-05 8.17209e-05 -3.50888e-05 0.00959166 -0.0176281 -4.03812e-05 -8.94256e-05 -0.0176281 0.0873349 
0.0096316 -0.0176883 0.000108406 -4.84044e-05 -0.0176883 0.0874775 -4.22415e-05 -6.98053e-05 0.000108406 -4.22415e-05 0.00960557 -0.017677 -4.84044e-05 -6.98053e-05 -0.017677 0.0874632 
0.00963826 -0.0176923 0.000120195 -7.54174e-05 -0.0176923 0.0874956 -7.03717e-05 -2.57847e-05 0.000120195 -7.03717e-05 0.00961892 -0.0177261 -7.54174e-05 -2.57847e-05 -0.0177261 0.0876814 
0.0096609 -0.0177329 0.000143733 -8.85481e-05 -0.0177329 0.0876811 -8.5269e-05 1.94335e-05 0.000143733 -8.5269e-05 0.00964072 -0.0177717 -8.85481e-05 1.94335e-05 -0.0177717 0.087946 
0.00967625 -0.0177472 0.0001358 -0.000115055 -0.0177472 0.0877507 -0.000110923 7.14688e-05 0.0001358 -0.000110923 0.00964619 -0.0177851 -0.000115055 7.14688e-05 -0.0177851 0.0880406 
0.00950455 -0.0173885 0.000128797 -0.000108997 -0.0173885 0.0859526 -0.000101794 9.07091e-05 0.000128797 -0.000101794 0.00943124 -0.0174174 -0.000108997 9.07091e-05 -0.0174174 0.0862388 
0.00954024 -0.0174473 0.000122895 -0.000102099 -0.0174473 0.0861243 -9.61971e-05 8.08575e-05 0.000122895 -9.61971e-05 0.00943562 -0.0174134 -0.000102099 8.08575e-05 -0.0174134 0.0863006 
0.0095504 -0.0174861 0.000134418 -8.58999e-05 -0.0174861 0.0862385 -8.51246e-05 4.68709e-05 0.000134418 -8.51246e-05 0.00944622 -0.0174047 -8.58999e-05 4.68709e-05 -0.0174047 0.0862756 
0.00951843 -0.0174788 0.000128917 -9.42017e-05 -0.0174788 0.0862002 -9.68422e-05 4.18202e-05 0.000128917 -9.68422e-05 0.00946215 -0.0173898 -9.42017e-05 4.18202e-05 -0.0173898 0.0861569 
0.00966467 -0.0177649 0.000122944 -9.07221e-05 -0.0177649 0.0877366 -9.24134e-05 3.5528e-05 0.000122944 -9.24134e-05 0.00967025 -0.0177505 -9.07221e-05 3.5528e-05 -0.0177505 0.0878049 
0.00964914 -0.0177186 0.000106973 -8.50567e-05 -0.0177186 0.0876247 -8.27522e-05 2.19178e-05 0.000106973 -8.27522e-05 0.00968466 -0.0178079 -8.50567e-05 2.19178e-05 -0.0178079 0.0879483 
0.00964642 -0.0176866 0.000111565 -6.70553e-05 -0.0176866 0.087485 -6.18132e-05 -1.52818e-05 0.000111565 -6.18132e-05 0.00966903 -0.0178208 -6.70553e-05 -1.52818e-05 -0.0178208 0.088005 
0.00964854 -0.017701 0.00010753 -7.3831e-05 -0.017701 0.0875167 -6.50449e-05 -2.75676e-05 0.00010753 -6.50449e-05 0.00967339 -0.0178231 -7.3831e-05 -2.75676e-05 -0.0178231 0.0880925 
0.00945157 -0.017373 0.000106116 -7.1033e-05 -0.017373 0.0858873 -6.12731e-05 -2.61935e-05 0.000106116 -6.12731e-05 0.00949139 -0.0174741 -7.1033e-05 -2.61935e-05 -0.0174741 0.0864051 
0.00946643 -0.0173745 0.000133148 -7.21179e-05 -0.0173745 0.0859654 -6.56722e-05 -1.92027e-05 0.000133148 -6.56722e-05 0.00947706 -0.0174853 -7.21179e-05 -1.92027e-05 -0.0174853 0.086461 
0.00950825 -0.0174006 0.000147082 -0.000106016 -0.0174006 0.08607 -0.000104748 4.38753e-05 0.000147082 -0.000104748 0.00944834 -0.0174747 -0.000106016 4.38753e-05 -0.0174747 0.0865032 
0.00971403 -0.0177254 0.000173649 -0.000130515 -0.0177254 0.0875447 -0.000135762 0.000130558 0.000173649 -0.000135762 0.00957773 -0.0177017 -0.000130515 0.000130558 -0.0177017 0.087783 
0.00973419 -0.017763 0.000178515 -0.000154755 -0.017763 0.087562 -0.000166487 0.000204448 0.000178515 -0.000166487 0.00955327 -0.0176544 -0.000154755 0.000204448 -0.0176544 0.0875843 
0.00972431 -0.0177331 0.0001796 -0.000160185 -0.0177331 0.0873362 -0.000173082 0.000246276 0.0001796 -0.000173082 0.00951094 -0.0175773 -0.000160185 0.000246276 -0.0175773 0.0872039 
0.00973016 -0.0177692 0.000151845 -0.000158398 -0.0177692 0.0874205 -0.000165906 0.000244947 0.000151845 -0.000165906 0.0095116 -0.0175618 -0.000158398 0.000244947 -0.0175618 0.08714 
0.00974336 -0.0178201 0.000124643 -0.000120965 -0.0178201 0.0876453 -0.000119931 0.000165425 0.000124643 -0.000119931 0.00952337 -0.0175835 -0.000120965 0.000165425 -0.0175835 0.0872351 
0.0097762 -0.0178746 0.000129833 -8.51172e-05 -0.0178746 0.0879481 -7.99671e-05 5.97124e-05 0.000129833 -7.99671e-05 0.00953893 -0.0176326 -8.51172e-05 5.97124e-05 -0.0176326 0.087476 
0.00980068 -0.0179614 0.000142637 -8.59715e-05 -0.0179614 0.0883736 -8.20355e-05 1.04886e-05 0.000142637 -8.20355e-05 0.00958741 -0.0176977 -8.59715e-05 1.04886e-05 -0.0176977 0.0878456 
0.00957695 -0.0175665 0.000150054 -9.77255e-05 -0.0175665 0.0865272 -9.51423e-05 1.90343e-05 0.000150054 -9.51423e-05 0.00941983 -0.017343 -9.77255e-05 1.90343e-05 -0.017343 0.0860434 
0.0095697 -0.0175613 0.00014457 -0.000111356 -0.0175613 0.086583 -0.000109015 4.90733e-05 0.00014457 -0.000109015 0.00946049 -0.0174009 -0.000111356 4.90733e-05 -0.0174009 0.0862212 
0.00954942 -0.0175158 0.00013061 -0.000113313 -0.0175158 0.08643 -0.000112684 7.84843e-05 0.00013061 -0.000112684 0.00946984 -0.0174268 -0.000113313 7.84843e-05 -0.0174268 0.0862521 
0.00971119 -0.0177996 0.000117916 -9.31975e-05 -0.0177996 0.0878744 -9.79416e-05 5.61724e-05 0.000117916 -9.79416e-05 0.00964852 -0.01777 -9.31975e-05 5.61724e-05 -0.01777 0.0878988 
0.00971577 -0.0177614 0.000132712 -7.00631e-05 -0.0177614 0.0876878 -8.16938e-05 1.07557e-05 0.000132712 -8.16938e-05 0.00961352 -0.0177609 -7.00631e-05 1.07557e-05 -0.0177609 0.0878474 
0.00968823 -0.0177534 0.000139659 -8.43438e-05 -0.0177534 0.087539 -9.68949e-05 1.19747e-05 0.000139659 -9.68949e-05 0.00959052 -0.0176958 -8.43438e-05 1.19747e-05 -0.0176958 0.0876544 
0.00966519 -0.017717 0.000162011 -9.92465e-05 -0.017717 0.0873992 -0.000109164 4.58769e-05 0.000162011 -0.000109164 0.00956446 -0.01765 -9.92465e-05 4.58769e-05 -0.01765 0.087442 
0.00964109 -0.0176634 0.000169066 -0.000130409 -0.0176634 0.0871574 -0.000135297 0.000106417 0.000169066 -0.000135297 0.0095295 -0.017589 -0.000130409 0.000106417 -0.017589 0.0871657 
0.00955725 -0.0175519 0.000143073 -0.000149186 -0.0175519 0.0866111 -0.000146372 0.000167368 0.000143073 -0.000146372 0.00950483 -0.0174764 -0.000149186 0.000167368 -0.0174764 0.0866174 
0.00953163 -0.0175182 9.28399e-05 -0.000123535 -0.0175182 0.0865352 -0.000114744 0.000151197 9.28399e-05 -0.000114744 0.00952145 -0.0175091 -0.000123535 0.000151197 -0.0175091 0.0866364 
0.00953228 -0.0175055 6.48872e-05 -6.04028e-05 -0.0175055 0.0865426 -5.09152e-05 3.47463e-05 6.48872e-05 -5.09152e-05 0.0095473 -0.017557 -6.04028e-05 3.47463e-05 -0.017557 0.0868019 
