0.00705032 0 8.78731e-05 0 0 0.00970014 0 0 8.78731e-05 0 0.00663893 0 0 0 0 0.00970014 
0.0102233 -0.0126793 0.000100923 -0.00012209 -0.0126793 0.0334738 -0.00012209 0.000233892 0.000100923 -0.00012209 0.00974039 -0.0121017 -0.00012209 0.000233892 -0.0121017 0.0323654 
0.00994149 -0.0183268 8.30172e-05 -8.8914e-05 -0.0183268 0.0674292 -8.8914e-05 0.000262532 8.30172e-05 -8.8914e-05 0.00954563 -0.0180135 -8.8914e-05 0.000262532 -0.0180135 0.066549 
0.00944081 -0.017833 9.80673e-05 -1.79931e-05 -0.017833 0.0795053 -1.83478e-05 -0.000111723 9.80673e-05 -1.83478e-05 0.00896778 -0.0178019 -1.79931e-05 -0.000111723 -0.0178019 0.0804057 
0.00974264 -0.0178403 0.000145113 -5.3176e-05 -0.0178403 0.0850237 -5.51005e-05 -0.000215435 0.000145113 -5.51005e-05 0.00915956 -0.0176059 -5.3176e-05 -0.000215435 -0.0176059 0.0861792 
0.0100741 -0.0181383 0.000165869 -0.000132067 -0.0181383 0.0878248 -0.000131061 -2.75116e-05 0.000165869 -0.000131061 0.00935839 -0.017651 -0.000132067 -2.75116e-05 -0.017651 0.088138 
0.00980493 -0.0176613 0.000151637 -0.000151756 -0.0176613 0.0857243 -0.000147724 0.000132739 0.000151637 -0.000147724 0.00910278 -0.0170086 -0.000151756 0.000132739 -0.0170086 0.085196 
0.00999596 -0.0180774 0.000118345 -0.000143151 -0.0180774 0.0879721 -0.000137974 0.000184719 0.000118345 -0.000137974 0.00935025 -0.0173821 -0.000143151 0.000184719 -0.0173821 0.0869756 
0.0102257 -0.0185313 8.21572e-05 -9.50767e-05 -0.0185313 0.0904606 -8.91472e-05 0.000116547 8.21572e-05 -8.91472e-05 0.00967596 -0.0179101 -9.50767e-05 0.000116547 -0.0179101 0.0894153 
0.010007 -0.0181707 5.1957e-05 -4.11165e-05 -0.0181707 0.0889157 -3.37665e-05 -1.33348e-05 5.1957e-05 -3.37665e-05 0.00961098 -0.0177205 -4.11165e-05 -1.33348e-05 -0.0177205 0.0881845 
0.00989727 -0.0179701 5.31408e-05 -8.19124e-06 -0.0179701 0.0881128 3.33197e-07 -0.000119575 5.31408e-05 3.33197e-07 0.00959286 -0.0177136 -8.19124e-06 -0.000119575 -0.0177136 0.0878398 
0.00984904 -0.0178211 8.04232e-05 -1.34887e-05 -0.0178211 0.0874539 -4.23756e-06 -0.000148052 8.04232e-05 -4.23756e-06 0.00953045 -0.0176726 -1.34887e-05 -0.000148052 -0.0176726 0.0875379 
0.00980818 -0.017692 8.07706e-05 -4.86784e-05 -0.017692 0.0867091 -4.16594e-05 -9.21921e-05 8.07706e-05 -4.16594e-05 0.00942746 -0.017514 -4.86784e-05 -9.21921e-05 -0.017514 0.0868603 
0.00977349 -0.0176728 8.40571e-05 -5.33004e-05 -0.0176728 0.0864423 -5.28044e-05 -3.9854e-05 8.40571e-05 -5.28044e-05 0.00939488 -0.0174134 -5.33004e-05 -3.9854e-05 -0.0174134 0.0864582 
0.00978461 -0.0177083 7.84943e-05 -5.48728e-05 -0.0177083 0.086606 -5.17218e-05 -2.91126e-05 7.84943e-05 -5.17218e-05 0.00940381 -0.0174316 -5.48728e-05 -2.91126e-05 -0.0174316 0.0865023 
0.00978495 -0.0176973 7.48806e-05 -4.90132e-05 -0.0176973 0.0865836 -4.15353e-05 -3.95824e-05 7.48806e-05 -4.15353e-05 0.00937751 -0.017437 -4.90132e-05 -3.95824e-05 -0.017437 0.086491 
0.00975981 -0.0176872 6.90033e-05 -3.93652e-05 -0.0176872 0.0865164 -3.36299e-05 -6.58167e-05 6.90033e-05 -3.36299e-05 0.00937708 -0.0173992 -3.93652e-05 -6.58167e-05 -0.0173992 0.086399 
0.00976623 -0.0176859 5.78115e-05 -2.72076e-05 -0.0176859 0.0865893 -2.75364e-05 -9.42381e-05 5.78115e-05 -2.75364e-05 0.00937896 -0.0174337 -2.72076e-05 -9.42381e-05 -0.0174337 0.0865209 
0.00975718 -0.0176508 5.38956e-05 -1.3712e-05 -0.0176508 0.0864142 -2.01835e-05 -0.000117615 5.38956e-05 -2.01835e-05 0.00934417 -0.0173866 -1.3712e-05 -0.000117615 -0.0173866 0.0863476 
0.00973224 -0.0176512 5.59809e-05 -1.10054e-05 -0.0176512 0.0863707 -1.98385e-05 -0.000125765 5.59809e-05 -1.98385e-05 0.00935504 -0.0173485 -1.10054e-05 -0.000125765 -0.0173485 0.0862296 
0.0097288 -0.0176549 5.52665e-05 -1.17653e-05 -0.0176549 0.0864723 -1.8784e-05 -0.000130754 5.52665e-05 -1.8784e-05 0.00938018 -0.0173939 -1.17653e-05 -0.000130754 -0.0173939 0.0863571 
0.00972173 -0.0176426 5.8508e-05 -1.51148e-05 -0.0176426 0.0864537 -1.84941e-05 -0.000126387 5.8508e-05 -1.84941e-05 0.00938353 -0.0174036 -1.51148e-05 -0.000126387 -0.0174036 0.0863832 
0.0101252 -0.0183947 7.76722e-05 -2.57661e-05 -0.0183947 0.0901683 -2.62377e-05 -0.000109296 7.76722e-05 -2.62377e-05 0.00980855 -0.0181621 -2.57661e-05 -0.000109296 -0.0181621 0.0901402 
0.0101016 -0.018368 8.98302e-05 -5.14271e-05 -0.018368 0.0901052 -5.13611e-05 -5.31588e-05 8.98302e-05 -5.13611e-05 0.00982639 -0.0181839 -5.14271e-05 -5.31588e-05 -0.0181839 0.0901689 
0.0100553 -0.0182759 7.85821e-05 -7.07165e-05 -0.0182759 0.0897309 -6.88089e-05 7.26508e-06 7.85821e-05 -6.88089e-05 0.00981836 -0.0181536 -7.07165e-05 7.26508e-06 -0.0181536 0.0899456 
0.0100814 -0.0182964 6.33494e-05 -5.53038e-05 -0.0182964 0.0898503 -5.37237e-05 5.67289e-06 6.33494e-05 -5.37237e-05 0.00982682 -0.0182178 -5.53038e-05 5.67289e-06 -0.0182178 0.0901956 
0.010082 -0.0183336 5.64786e-05 -2.56618e-05 -0.0183336 0.089987 -2.86398e-05 -5.33179e-05 5.64786e-05 -2.86398e-05 0.00983903 -0.018237 -2.56618e-05 -5.33179e-05 -0.018237 0.0903608 
0.010094 -0.0183226 7.5966e-05 -1.47813e-05 -0.0183226 0.0900071 -2.17471e-05 -9.58567e-05 7.5966e-05 -2.17471e-05 0.00981514 -0.0182455 -1.47813e-05 -9.58567e-05 -0.0182455 0.0904181 
0.0100914 -0.0182889 9.88763e-05 -4.38599e-05 -0.0182889 0.0897996 -4.85327e-05 -6.32988e-05 9.88763e-05 -4.85327e-05 0.00974416 -0.0181605 -4.38599e-05 -6.32988e-05 -0.0181605 0.0901411 
0.0100515 -0.0182073 0.000110497 -7.2012e-05 -0.0182073 0.0893065 -7.23296e-05 -2.92557e-06 0.000110497 -7.23296e-05 0.00965112 -0.0179749 -7.2012e-05 -2.92557e-06 -0.0179749 0.0894144 
0.010019 -0.0182315 0.000104197 -9.89006e-05 -0.0182315 0.0893412 -9.29225e-05 7.19243e-05 0.000104197 -9.29225e-05 0.00966571 -0.0179071 -9.89006e-05 7.19243e-05 -0.0179071 0.0891674 
0.0100278 -0.0182159 8.98326e-05 -0.00010005 -0.0182159 0.0893939 -9.25891e-05 0.000112632 8.98326e-05 -9.25891e-05 0.00966746 -0.017931 -0.00010005 0.000112632 -0.017931 0.0891411 
0.0100008 -0.0181487 5.75047e-05 -7.72754e-05 -0.0181487 0.0890425 -7.27751e-05 8.85783e-05 5.75047e-05 -7.27751e-05 0.00962277 -0.0178592 -7.72754e-05 8.85783e-05 -0.0178592 0.0887757 
0.00997771 -0.0181244 3.89987e-05 -3.29203e-05 -0.0181244 0.0888799 -3.13398e-05 6.40013e-06 3.89987e-05 -3.13398e-05 0.00960794 -0.0178181 -3.29203e-05 6.40013e-06 -0.0178181 0.0885797 
0.00997805 -0.0181162 4.08425e-05 -7.66692e-08 -0.0181162 0.0888492 -2.29387e-06 -9.05371e-05 4.08425e-05 -2.29387e-06 0.00959996 -0.0178148 -7.66692e-08 -9.05371e-05 -0.0178148 0.0885323 
0.00998127 -0.0181808 4.75065e-05 1.20073e-06 -0.0181808 0.0891259 -3.4844e-07 -0.000138091 4.75065e-05 -3.4844e-07 0.0096373 -0.0178504 1.20073e-06 -0.000138091 -0.0178504 0.0887404 
0.00996266 -0.0181329 4.4954e-05 -1.33496e-05 -0.0181329 0.0890219 -1.3203e-05 -0.000122515 4.4954e-05 -1.3203e-05 0.00963312 -0.0178632 -1.33496e-05 -0.000122515 -0.0178632 0.0887192 
0.00998157 -0.0181387 5.64507e-05 -1.5754e-05 -0.0181387 0.0890866 -1.42694e-05 -0.000103515 5.64507e-05 -1.42694e-05 0.00962071 -0.0178967 -1.5754e-05 -0.000103515 -0.0178967 0.0888888 
0.00993547 -0.0180591 5.9319e-05 -2.79529e-05 -0.0180591 0.0886482 -2.75207e-05 -7.89473e-05 5.9319e-05 -2.75207e-05 0.00955622 -0.0177707 -2.79529e-05 -7.89473e-05 -0.0177707 0.0884027 
0.00991785 -0.018045 5.74175e-05 -3.65137e-05 -0.018045 0.0885654 -3.36868e-05 -5.0996e-05 5.74175e-05 -3.36868e-05 0.00954686 -0.0177217 -3.65137e-05 -5.0996e-05 -0.0177217 0.0882184 
0.00989836 -0.0179741 5.99136e-05 -3.59601e-05 -0.0179741 0.0882591 -3.08062e-05 -4.16944e-05 5.99136e-05 -3.08062e-05 0.00950025 -0.0176644 -3.59601e-05 -4.16944e-05 -0.0176644 0.0878924 
0.00987765 -0.017893 5.86426e-05 -3.74125e-05 -0.017893 0.0877951 -3.07721e-05 -4.04285e-05 5.86426e-05 -3.07721e-05 0.00942901 -0.0175477 -3.74125e-05 -4.04285e-05 -0.0175477 0.0873656 
0.00990519 -0.0179392 4.76195e-05 -3.93187e-05 -0.0179392 0.0878913 -3.35407e-05 -3.1918e-05 4.76195e-05 -3.35407e-05 0.00941972 -0.01753 -3.93187e-05 -3.1918e-05 -0.01753 0.0873305 
0.00995434 -0.0180721 4.27686e-05 -2.57309e-05 -0.0180721 0.0884552 -2.34275e-05 -4.56763e-05 4.27686e-05 -2.34275e-05 0.00946568 -0.0176025 -2.57309e-05 -4.56763e-05 -0.0176025 0.0877225 
0.00992822 -0.0180613 6.3813e-05 -1.2883e-05 -0.0180613 0.0884342 -1.51788e-05 -7.59285e-05 6.3813e-05 -1.51788e-05 0.00947885 -0.0175723 -1.2883e-05 -7.59285e-05 -0.0175723 0.0875739 
0.00987907 -0.0180787 7.90326e-05 -4.28966e-05 -0.0180787 0.0885923 -4.58233e-05 -3.64773e-05 7.90326e-05 -4.58233e-05 0.00956545 -0.0176203 -4.28966e-05 -3.64773e-05 -0.0176203 0.0877121 
0.00986971 -0.0180469 7.39805e-05 -5.74789e-05 -0.0180469 0.0887065 -5.7833e-05 1.34549e-06 7.39805e-05 -5.7833e-05 0.00963719 -0.0177588 -5.74789e-05 1.34549e-06 -0.0177588 0.0880919 
0.00994675 -0.0181324 6.71946e-05 -5.40675e-05 -0.0181324 0.0892417 -5.5252e-05 1.38623e-05 6.71946e-05 -5.5252e-05 0.00970286 -0.0179765 -5.40675e-05 1.38623e-05 -0.0179765 0.0890133 
0.00998931 -0.0181682 5.49951e-05 -4.91482e-05 -0.0181682 0.0893776 -5.15579e-05 1.64628e-05 5.49951e-05 -5.15579e-05 0.00971144 -0.0180205 -4.91482e-05 1.64628e-05 -0.0180205 0.0893494 
0.00999106 -0.0181651 3.94377e-05 -3.39119e-05 -0.0181651 0.0892713 -3.92993e-05 -3.83418e-06 3.94377e-05 -3.92993e-05 0.0096835 -0.0179778 -3.39119e-05 -3.83418e-06 -0.0179778 0.0892446 
0.0099597 -0.0181088 2.91221e-05 -1.64069e-05 -0.0181088 0.0889669 -1.83049e-05 -4.25483e-05 2.91221e-05 -1.83049e-05 0.00964356 -0.0179031 -1.64069e-05 -4.25483e-05 -0.0179031 0.0889274 
0.0099238 -0.0180809 4.63789e-05 -8.13283e-06 -0.0180809 0.0888123 -5.19896e-06 -7.40314e-05 4.63789e-05 -5.19896e-06 0.00965036 -0.0178562 -8.13283e-06 -7.40314e-05 -0.0178562 0.0887286 
0.00996486 -0.0181491 5.86393e-05 -2.44473e-05 -0.0181491 0.0891979 -2.26109e-05 -6.71263e-05 5.86393e-05 -2.26109e-05 0.00969243 -0.017951 -2.44473e-05 -6.71263e-05 -0.017951 0.0891083 
0.00996803 -0.018171 6.35785e-05 -3.66991e-05 -0.018171 0.0893305 -3.85775e-05 -3.79963e-05 6.35785e-05 -3.85775e-05 0.00972554 -0.0179953 -3.66991e-05 -3.79963e-05 -0.0179953 0.0893086 
0.00995831 -0.0181558 8.36648e-05 -3.97149e-05 -0.0181558 0.089324 -4.13676e-05 -2.57577e-05 8.36648e-05 -4.13676e-05 0.00972996 -0.0180321 -3.97149e-05 -2.57577e-05 -0.0180321 0.0894297 
0.00993383 -0.0180743 0.000107659 -6.75971e-05 -0.0180743 0.0889889 -6.48703e-05 1.62227e-05 0.000107659 -6.48703e-05 0.00970107 -0.017994 -6.75971e-05 1.62227e-05 -0.017994 0.0892522 
0.00989472 -0.0180277 0.000109828 -9.74418e-05 -0.0180277 0.0887032 -9.37912e-05 8.17475e-05 0.000109828 -9.37912e-05 0.00969104 -0.0179291 -9.74418e-05 8.17475e-05 -0.0179291 0.0889835 
0.00984627 -0.0179399 8.67672e-05 -0.000104108 -0.0179399 0.088296 -0.000102433 0.000127529 8.67672e-05 -0.000102433 0.00967342 -0.0178663 -0.000104108 0.000127529 -0.0178663 0.0885963 
0.00984808 -0.0178942 7.48503e-05 -7.26521e-05 -0.0178942 0.0880581 -7.14762e-05 9.02075e-05 7.48503e-05 -7.14762e-05 0.00962645 -0.0178383 -7.26521e-05 9.02075e-05 -0.0178383 0.0883772 
0.00988713 -0.0179624 7.029e-05 -5.69371e-05 -0.0179624 0.088273 -4.79903e-05 2.98995e-05 7.029e-05 -4.79903e-05 0.00960829 -0.0178498 -5.69371e-05 2.98995e-05 -0.0178498 0.0885162 
0.00994846 -0.0180992 6.321e-05 -5.17169e-05 -0.0180992 0.0888554 -3.31741e-05 -1.63536e-05 6.321e-05 -3.31741e-05 0.0096418 -0.0178899 -5.17169e-05 -1.63536e-05 -0.0178899 0.0888682 
0.0100183 -0.0181923 6.54757e-05 -4.22001e-05 -0.0181923 0.0893204 -2.20184e-05 -5.15642e-05 6.54757e-05 -2.20184e-05 0.00965613 -0.0179416 -4.22001e-05 -5.15642e-05 -0.0179416 0.0891518 
0.0100692 -0.0182757 6.34649e-05 -3.7219e-05 -0.0182757 0.0896666 -2.83758e-05 -6.80807e-05 6.34649e-05 -2.83758e-05 0.00966486 -0.0179714 -3.7219e-05 -6.80807e-05 -0.0179714 0.089366 
0.0101039 -0.0183236 4.52367e-05 -3.00794e-05 -0.0183236 0.0898404 -3.54649e-05 -7.17134e-05 4.52367e-05 -3.54649e-05 0.00965632 -0.0179562 -3.00794e-05 -7.17134e-05 -0.0179562 0.0893716 
0.010136 -0.0184166 3.54429e-05 -3.7701e-06 -0.0184166 0.0902348 -1.87568e-05 -0.000104698 3.54429e-05 -1.87568e-05 0.00968937 -0.0179992 -3.7701e-06 -0.000104698 -0.0179992 0.08963 
0.0101042 -0.0184119 4.1858e-05 7.63215e-06 -0.0184119 0.0902581 -8.31862e-06 -0.000138022 4.1858e-05 -8.31862e-06 0.00971856 -0.0179965 7.63215e-06 -0.000138022 -0.0179965 0.0896005 
0.0100595 -0.0183868 2.93425e-05 2.88921e-06 -0.0183868 0.0902735 -9.76827e-06 -0.000150733 2.93425e-05 -9.76827e-06 0.00978312 -0.0180447 2.88921e-06 -0.000150733 -0.0180447 0.089717 
0.0100125 -0.0182675 1.2248e-05 1.05235e-05 -0.0182675 0.0898978 1.24217e-06 -0.000157005 1.2248e-05 1.24217e-06 0.0097809 -0.0180804 1.05235e-05 -0.000157005 -0.0180804 0.0896649 
0.00999473 -0.0181606 2.17967e-05 3.1013e-05 -0.0181606 0.0894148 2.31703e-05 -0.000194159 2.17967e-05 2.31703e-05 0.00973531 -0.0180501 3.1013e-05 -0.000194159 -0.0180501 0.089482 
0.0100255 -0.0181868 3.76385e-05 1.80588e-05 -0.0181868 0.0894187 1.44184e-05 -0.000196426 3.76385e-05 1.44184e-05 0.00972888 -0.0180528 1.80588e-05 -0.000196426 -0.0180528 0.0895757 
0.0100146 -0.0181809 4.3001e-05 -2.68278e-06 -0.0181809 0.0892603 8.17786e-07 -0.000168547 4.3001e-05 8.17786e-07 0.00969912 -0.0179898 -2.68278e-06 -0.000168547 -0.0179898 0.0893306 
0.00995248 -0.0181124 4.39603e-05 -1.57246e-05 -0.0181124 0.0888843 -7.4154e-06 -0.000132776 4.39603e-05 -7.4154e-06 0.00967226 -0.0178891 -1.57246e-05 -0.000132776 -0.0178891 0.0888496 
0.00991055 -0.0180646 4.25707e-05 -2.64641e-05 -0.0180646 0.0887215 -1.16932e-05 -9.98711e-05 4.25707e-05 -1.16932e-05 0.00968719 -0.0178844 -2.64641e-05 -9.98711e-05 -0.0178844 0.0887133 
0.00989434 -0.0180475 5.28522e-05 -1.9953e-05 -0.0180475 0.0887359 -4.79893e-06 -0.000103217 5.28522e-05 -4.79893e-06 0.00971838 -0.0179514 -1.9953e-05 -0.000103217 -0.0179514 0.0889025 
0.00991765 -0.0181001 5.70525e-05 -3.08043e-05 -0.0181001 0.0890577 -2.15446e-05 -8.61031e-05 5.70525e-05 -2.15446e-05 0.00976322 -0.0180569 -3.08043e-05 -8.61031e-05 -0.0180569 0.0893808 
0.00996876 -0.0181496 5.47173e-05 -3.0688e-05 -0.0181496 0.0893586 -2.87262e-05 -7.28838e-05 5.47173e-05 -2.87262e-05 0.00977291 -0.0181328 -3.0688e-05 -7.28838e-05 -0.0181328 0.089783 
0.00996799 -0.0181666 5.86527e-05 -2.38047e-05 -0.0181666 0.08938 -2.66207e-05 -7.37939e-05 5.86527e-05 -2.66207e-05 0.00978218 -0.0180997 -2.38047e-05 -7.37939e-05 -0.0180997 0.0897598 
0.0099665 -0.0181218 5.8545e-05 -3.10462e-05 -0.0181218 0.089185 -3.23186e-05 -6.42177e-05 5.8545e-05 -3.23186e-05 0.00975491 -0.018067 -3.10462e-05 -6.42177e-05 -0.018067 0.0895481 
0.00998431 -0.0181492 7.5005e-05 -3.00791e-05 -0.0181492 0.0892491 -3.18306e-05 -6.0125e-05 7.5005e-05 -3.18306e-05 0.00975115 -0.0180754 -3.00791e-05 -6.0125e-05 -0.0180754 0.0896008 
0.00999824 -0.0181173 7.76737e-05 -4.84605e-05 -0.0181173 0.0890631 -4.71623e-05 -3.85307e-05 7.76737e-05 -4.71623e-05 0.00968602 -0.0180272 -4.84605e-05 -3.85307e-05 -0.0180272 0.0893906 
0.00999848 -0.0181345 8.02872e-05 -6.07821e-05 -0.0181345 0.0889926 -5.43914e-05 -4.02327e-06 8.02872e-05 -5.43914e-05 0.00966589 -0.0179406 -6.07821e-05 -4.02327e-06 -0.0179406 0.0891439 
0.0100505 -0.0182205 7.01325e-05 -6.96515e-05 -0.0182205 0.0893624 -6.10614e-05 2.46328e-05 7.01325e-05 -6.10614e-05 0.00969347 -0.0179833 -6.96515e-05 2.46328e-05 -0.0179833 0.0893405 
0.0101102 -0.0183646 5.50848e-05 -5.21704e-05 -0.0183646 0.0900052 -4.86046e-05 7.82959e-06 5.50848e-05 -4.86046e-05 0.00974864 -0.0180863 -5.21704e-05 7.82959e-06 -0.0180863 0.0898428 
0.0101084 -0.0183395 4.92468e-05 -2.45884e-05 -0.0183395 0.0899099 -2.40786e-05 -5.21058e-05 4.92468e-05 -2.40786e-05 0.00971912 -0.0180382 -2.45884e-05 -5.21058e-05 -0.0180382 0.0896259 
0.0101623 -0.0184082 7.63489e-05 -1.14885e-05 -0.0184082 0.0902074 -8.87663e-06 -0.000111918 7.63489e-05 -8.87663e-06 0.00971884 -0.0180737 -1.14885e-05 -0.000111918 -0.0180737 0.0898274 
0.0101538 -0.0184048 7.61978e-05 -4.63765e-05 -0.0184048 0.0901045 -4.22518e-05 -8.25283e-05 7.61978e-05 -4.22518e-05 0.00969654 -0.0180032 -4.63765e-05 -8.25283e-05 -0.0180032 0.0895724 
0.0101193 -0.018383 5.47415e-05 -5.10638e-05 -0.018383 0.0899898 -4.86151e-05 -4.62728e-05 5.47415e-05 -4.86151e-05 0.00969735 -0.0179686 -5.10638e-05 -4.62728e-05 -0.0179686 0.0893757 
0.0101015 -0.0183778 3.49748e-05 -2.37587e-05 -0.0183778 0.0900502 -1.98247e-05 -8.16255e-05 3.49748e-05 -1.98247e-05 0.00972965 -0.0180097 -2.37587e-05 -8.16255e-05 -0.0180097 0.0894904 
0.0100694 -0.0183373 2.6109e-05 6.22776e-07 -0.0183373 0.0899535 7.93861e-06 -0.000146733 2.6109e-05 7.93861e-06 0.00975216 -0.0180387 6.22776e-07 -0.000146733 -0.0180387 0.0895468 
0.0100538 -0.018272 2.83821e-05 1.52015e-06 -0.018272 0.0897299 1.24353e-05 -0.000168314 2.83821e-05 1.24353e-05 0.00974422 -0.0180468 1.52015e-06 -0.000168314 -0.0180468 0.0895112 
0.0100227 -0.0182106 2.9269e-05 3.45887e-06 -0.0182106 0.0893933 1.69037e-05 -0.000185676 2.9269e-05 1.69037e-05 0.00972168 -0.0179927 3.45887e-06 -0.000185676 -0.0179927 0.0892606 
0.0100422 -0.0182541 2.74618e-05 3.80596e-06 -0.0182541 0.0895791 1.75216e-05 -0.000194705 2.74618e-05 1.75216e-05 0.00975489 -0.0180411 3.80596e-06 -0.000194705 -0.0180411 0.0894713 
0.0100794 -0.0183197 3.34996e-05 3.1564e-06 -0.0183197 0.0899074 1.27334e-05 -0.000189804 3.34996e-05 1.27334e-05 0.00978681 -0.018125 3.1564e-06 -0.000189804 -0.018125 0.089837 
0.00967169 -0.0175948 2.31465e-05 4.01209e-06 -0.0175948 0.0863457 3.33572e-06 -0.000178538 2.31465e-05 3.33572e-06 0.0093985 -0.0174024 4.01209e-06 -0.000178538 -0.0174024 0.0862843 
0.009708 -0.0176422 4.15962e-06 1.98921e-05 -0.0176422 0.0866046 1.11197e-05 -0.000195723 4.15962e-06 1.11197e-05 0.00941221 -0.0174459 1.98921e-05 -0.000195723 -0.0174459 0.0865187 
0.00974752 -0.0177039 1.04738e-05 5.04095e-05 -0.0177039 0.0868783 3.74118e-05 -0.000254595 1.04738e-05 3.74118e-05 0.00943164 -0.0174793 5.04095e-05 -0.000254595 -0.0174793 0.0867416 
0.00971699 -0.017647 2.65917e-05 4.30309e-05 -0.017647 0.0865862 3.01251e-05 -0.000270665 2.65917e-05 3.01251e-05 0.00940496 -0.0174152 4.30309e-05 -0.000270665 -0.0174152 0.08643 
0.0101076 -0.01838 5.51047e-05 1.63137e-05 -0.01838 0.0901912 3.80174e-06 -0.000230822 5.51047e-05 3.80174e-06 0.0098231 -0.0181557 1.63137e-05 -0.000230822 -0.0181557 0.0900664 
0.0101005 -0.0183275 8.67539e-05 -1.78035e-05 -0.0183275 0.0899862 -2.52196e-05 -0.000159617 8.67539e-05 -2.52196e-05 0.00979505 -0.018151 -1.78035e-05 -0.000159617 -0.018151 0.0899533 
0.0101313 -0.0183675 7.98657e-05 -6.71258e-05 -0.0183675 0.0901223 -6.41349e-05 -5.41889e-05 7.98657e-05 -6.41349e-05 0.00977616 -0.0181764 -6.71258e-05 -5.41889e-05 -0.0181764 0.0901342 
0.0100892 -0.0183104 5.94e-05 -6.62064e-05 -0.0183104 0.0897778 -5.68482e-05 -6.42446e-06 5.94e-05 -5.68482e-05 0.00973122 -0.0180528 -6.62064e-05 -6.42446e-06 -0.0180528 0.0896844 
0.0100866 -0.0182782 4.26926e-05 -4.1418e-05 -0.0182782 0.0896031 -3.01245e-05 -3.80906e-05 4.26926e-05 -3.01245e-05 0.00968506 -0.017982 -4.1418e-05 -3.80906e-05 -0.017982 0.0893502 
0.0100405 -0.0182525 4.14944e-05 -1.69866e-05 -0.0182525 0.0893959 -3.32774e-06 -0.000101736 4.14944e-05 -3.32774e-06 0.00966771 -0.0178984 -1.69866e-05 -0.000101736 -0.0178984 0.0889862 
0.0100163 -0.018224 4.60342e-05 -2.11613e-05 -0.018224 0.089336 -9.9363e-06 -0.000111822 4.60342e-05 -9.9363e-06 0.00967715 -0.0178949 -2.11613e-05 -0.000111822 -0.0178949 0.0888807 
0.00998276 -0.0181576 4.30305e-05 -2.1413e-05 -0.0181576 0.0890945 -2.18357e-05 -9.97795e-05 4.30305e-05 -2.18357e-05 0.00965927 -0.0178938 -2.1413e-05 -9.97795e-05 -0.0178938 0.0887658 
0.0100131 -0.0181512 3.35575e-05 -7.0716e-06 -0.0181512 0.0890924 -1.88119e-05 -0.000112392 3.35575e-05 -1.88119e-05 0.00962405 -0.0179154 -7.0716e-06 -0.000112392 -0.0179154 0.0888834 
0.00998813 -0.0181947 2.31839e-05 1.22904e-05 -0.0181947 0.0891896 -7.43722e-06 -0.000146779 2.31839e-05 -7.43722e-06 0.0096411 -0.0178856 1.22904e-05 -0.000146779 -0.0178856 0.0889247 
0.00994175 -0.0181155 2.02564e-05 2.94036e-05 -0.0181155 0.0889553 1.00868e-05 -0.000193747 2.02564e-05 1.00868e-05 0.00962583 -0.017852 2.94036e-05 -0.000193747 -0.017852 0.0887104 
0.0099226 -0.0180529 1.95489e-05 2.35754e-05 -0.0180529 0.0887257 1.31907e-05 -0.000204544 1.95489e-05 1.31907e-05 0.00960677 -0.0178252 2.35754e-05 -0.000204544 -0.0178252 0.0885606 
0.00989242 -0.0179977 4.03351e-05 6.42775e-06 -0.0179977 0.0884342 9.49081e-06 -0.000173968 4.03351e-05 9.49081e-06 0.00959749 -0.0177686 6.42775e-06 -0.000173968 -0.0177686 0.0882978 
0.00991435 -0.018022 5.71637e-05 -2.04766e-05 -0.018022 0.0885329 -5.40145e-06 -0.000133629 5.71637e-05 -5.40145e-06 0.00960206 -0.0178012 -2.04766e-05 -0.000133629 -0.0178012 0.0883893 
0.00987339 -0.0179872 6.07046e-05 -5.06533e-05 -0.0179872 0.0882972 -3.16651e-05 -5.88793e-05 6.07046e-05 -3.16651e-05 0.00960302 -0.0177265 -5.06533e-05 -5.88793e-05 -0.0177265 0.0880586 
0.00985896 -0.0180521 5.81215e-05 -5.06841e-05 -0.0180521 0.0886605 -3.79803e-05 -2.46086e-05 5.81215e-05 -3.79803e-05 0.00970047 -0.0178292 -5.06841e-05 -2.46086e-05 -0.0178292 0.088414 
0.00987859 -0.0180825 4.38201e-05 -3.78048e-05 -0.0180825 0.0890374 -3.4051e-05 -3.53953e-05 4.38201e-05 -3.4051e-05 0.00977807 -0.0180082 -3.78048e-05 -3.53953e-05 -0.0180082 0.0890407 
0.00996191 -0.0181407 2.68561e-05 -1.13427e-05 -0.0181407 0.0894297 -1.55972e-05 -8.46354e-05 2.68561e-05 -1.55972e-05 0.0097914 -0.0181585 -1.13427e-05 -8.46354e-05 -0.0181585 0.0897277 
0.0100418 -0.0182152 2.15809e-05 1.04558e-05 -0.0182152 0.0896556 1.09238e-06 -0.000136349 2.15809e-05 1.09238e-06 0.00976104 -0.018157 1.04558e-05 -0.000136349 -0.018157 0.0899644 
0.0100969 -0.0183042 2.5952e-05 1.83333e-05 -0.0183042 0.089894 9.56624e-06 -0.000171071 2.5952e-05 9.56624e-06 0.00973813 -0.0181146 1.83333e-05 -0.000171071 -0.0181146 0.0899774 
0.0100836 -0.0183235 3.6726e-05 7.21034e-06 -0.0183235 0.0898694 2.78319e-06 -0.000166011 3.6726e-05 2.78319e-06 0.00973515 -0.0180311 7.21034e-06 -0.000166011 -0.0180311 0.0896783 
0.0100547 -0.0182731 5.64679e-05 -4.13505e-06 -0.0182731 0.0896631 -5.89088e-06 -0.000149034 5.64679e-05 -5.89088e-06 0.00971567 -0.017996 -4.13505e-06 -0.000149034 -0.017996 0.0893893 
0.010025 -0.0182254 6.97725e-05 -3.042e-05 -0.0182254 0.0894349 -3.1254e-05 -9.87665e-05 6.97725e-05 -3.1254e-05 0.0097149 -0.0179589 -3.042e-05 -9.87665e-05 -0.0179589 0.0891679 
0.0100315 -0.0181916 6.71988e-05 -4.34064e-05 -0.0181916 0.0892963 -4.71401e-05 -5.649e-05 6.71988e-05 -4.71401e-05 0.00969857 -0.0179769 -4.34064e-05 -5.649e-05 -0.0179769 0.089136 
0.0100303 -0.0182081 4.42211e-05 -3.65523e-05 -0.0182081 0.089287 -4.2713e-05 -5.29795e-05 4.42211e-05 -4.2713e-05 0.00969573 -0.0179714 -3.65523e-05 -5.29795e-05 -0.0179714 0.089153 
0.0100333 -0.0182458 2.81584e-05 -3.37247e-06 -0.0182458 0.0894569 -1.04589e-05 -0.000112144 2.81584e-05 -1.04589e-05 0.00972327 -0.0179936 -3.37247e-06 -0.000112144 -0.0179936 0.0892854 
0.0100764 -0.0182862 4.3605e-05 1.2822e-05 -0.0182862 0.0897196 6.74794e-06 -0.000166458 4.3605e-05 6.74794e-06 0.0097391 -0.0180666 1.2822e-05 -0.000166458 -0.0180666 0.0895839 
0.0100961 -0.0183093 5.88928e-05 -4.24296e-06 -0.0183093 0.0897687 -5.84719e-06 -0.000170526 5.88928e-05 -5.84719e-06 0.00972764 -0.018053 -4.24296e-06 -0.000170526 -0.018053 0.0895938 
0.0100666 -0.0183103 6.94533e-05 -2.71641e-05 -0.0183103 0.0897215 -2.20469e-05 -0.000131897 6.94533e-05 -2.20469e-05 0.00974302 -0.0180165 -2.71641e-05 -0.000131897 -0.0180165 0.0894602 
0.0100556 -0.0182979 6.77123e-05 -4.3182e-05 -0.0182979 0.0897602 -3.34389e-05 -9.29267e-05 6.77123e-05 -3.34389e-05 0.00977919 -0.0180623 -4.3182e-05 -9.29267e-05 -0.0180623 0.0895583 
0.0100716 -0.0183299 5.44557e-05 -4.7533e-05 -0.0183299 0.0899845 -3.65115e-05 -6.68494e-05 5.44557e-05 -3.65115e-05 0.00982268 -0.0181665 -4.7533e-05 -6.68494e-05 -0.0181665 0.0899607 
0.0101158 -0.0183653 4.52491e-05 -3.04934e-05 -0.0183653 0.0901969 -2.23652e-05 -8.02193e-05 4.52491e-05 -2.23652e-05 0.00985521 -0.0182363 -3.04934e-05 -8.02193e-05 -0.0182363 0.0903016 
0.00970135 -0.0175831 3.48769e-05 -9.43863e-06 -0.0175831 0.0862777 -6.75399e-06 -0.000119504 3.48769e-05 -6.75399e-06 0.00941134 -0.0174432 -9.43863e-06 -0.000119504 -0.0174432 0.0863908 
0.00974979 -0.017674 2.6686e-05 3.48534e-06 -0.017674 0.0866418 4.81393e-07 -0.000154845 2.6686e-05 4.81393e-07 0.00943594 -0.0174996 3.48534e-06 -0.000154845 -0.0174996 0.0867224 
0.00978594 -0.0177179 2.57941e-05 1.5781e-05 -0.0177179 0.0868342 8.43094e-06 -0.000184604 2.57941e-05 8.43094e-06 0.00944715 -0.0175223 1.5781e-05 -0.000184604 -0.0175223 0.0868742 
0.00984729 -0.0178088 3.82649e-05 2.14091e-05 -0.0178088 0.0872126 1.21072e-05 -0.000209237 3.82649e-05 1.21072e-05 0.0094638 -0.0175785 2.14091e-05 -0.000209237 -0.0175785 0.0871825 
0.00989589 -0.0178787 3.9258e-05 3.25593e-06 -0.0178787 0.0874723 -3.78746e-06 -0.000191117 3.9258e-05 -3.78746e-06 0.0094595 -0.0175871 3.25593e-06 -0.000191117 -0.0175871 0.0873102 
0.00990582 -0.0179317 4.52906e-05 -9.15591e-06 -0.0179317 0.0876637 -9.35068e-06 -0.000155715 4.52906e-05 -9.35068e-06 0.0094777 -0.0175881 -9.15591e-06 -0.000155715 -0.0175881 0.0873791 
0.00985438 -0.0178799 5.32865e-05 -1.19901e-05 -0.0178799 0.0874747 -4.34668e-06 -0.000154061 5.32865e-05 -4.34668e-06 0.009483 -0.0175618 -1.19901e-05 -0.000154061 -0.0175618 0.0871944 
0.00982727 -0.0178253 7.11994e-05 -1.72966e-05 -0.0178253 0.0873147 -8.06083e-06 -0.000156398 7.11994e-05 -8.06083e-06 0.00948683 -0.0175662 -1.72966e-05 -0.000156398 -0.0175662 0.0871284 
0.00984151 -0.0178118 5.8984e-05 -3.3608e-05 -0.0178118 0.0872785 -2.35867e-05 -0.000142184 5.8984e-05 -2.35867e-05 0.00948089 -0.017588 -3.3608e-05 -0.000142184 -0.017588 0.0871969 
0.00982631 -0.0178451 4.18147e-05 -2.86836e-05 -0.0178451 0.0873737 -1.90028e-05 -0.000128924 4.18147e-05 -1.90028e-05 0.00952938 -0.0175988 -2.86836e-05 -0.000128924 -0.0175988 0.0873034 
0.0098089 -0.0177936 1.67144e-05 -2.23804e-06 -0.0177936 0.0872203 3.2142e-06 -0.000170386 1.67144e-05 3.2142e-06 0.00953259 -0.0176097 -2.23804e-06 -0.000170386 -0.0176097 0.0872143 
0.00984624 -0.0178254 -4.50609e-06 3.20181e-05 -0.0178254 0.0873645 3.20532e-05 -0.000241115 -4.50609e-06 3.20532e-05 0.00953085 -0.0176605 3.20181e-05 -0.000241115 -0.0176605 0.0874213 
0.00988508 -0.01787 1.97477e-05 5.71691e-05 -0.01787 0.0875004 5.76653e-05 -0.000311664 1.97477e-05 5.76653e-05 0.00951759 -0.0176577 5.71691e-05 -0.000311664 -0.0176577 0.0875033 
0.00994851 -0.01795 2.74794e-05 2.14415e-05 -0.01795 0.0877902 3.01474e-05 -0.00029099 2.74794e-05 3.01474e-05 0.0094911 -0.0176625 2.14415e-05 -0.00029099 -0.0176625 0.0876224 
0.00995558 -0.0179577 3.65658e-05 3.92979e-06 -0.0179577 0.0877044 1.55705e-05 -0.000236328 3.65658e-05 1.55705e-05 0.00944465 -0.0175654 3.92979e-06 -0.000236328 -0.0175654 0.0873001 
0.00990772 -0.0179243 4.39872e-05 1.78587e-06 -0.0179243 0.0874787 7.01826e-06 -0.000213569 4.39872e-05 7.01826e-06 0.00943501 -0.0174743 1.78587e-06 -0.000213569 -0.0174743 0.0868888 
0.00985404 -0.0178533 4.69521e-05 -9.53967e-07 -0.0178533 0.0872088 -5.42053e-06 -0.000197216 4.69521e-05 -5.42053e-06 0.00944189 -0.0174489 -9.53967e-07 -0.000197216 -0.0174489 0.0866226 
0.00980934 -0.0178047 2.97378e-05 -4.14503e-06 -0.0178047 0.0870571 -1.41611e-05 -0.000178269 2.97378e-05 -1.41611e-05 0.00945989 -0.0174796 -4.14503e-06 -0.000178269 -0.0174796 0.0866276 
0.00979947 -0.0177713 1.61705e-05 1.4224e-05 -0.0177713 0.0870148 4.17335e-06 -0.000195685 1.61705e-05 4.17335e-06 0.00947404 -0.0175368 1.4224e-05 -0.000195685 -0.0175368 0.0868169 
0.00980148 -0.0177575 8.74106e-06 3.5855e-05 -0.0177575 0.0869782 2.94108e-05 -0.000252205 8.74106e-06 2.94108e-05 0.00947382 -0.0175611 3.5855e-05 -0.000252205 -0.0175611 0.0869487 
0.00976174 -0.0177288 1.25924e-05 4.4337e-05 -0.0177288 0.0868157 4.0225e-05 -0.000293391 1.25924e-05 4.0225e-05 0.0094829 -0.0175214 4.4337e-05 -0.000293391 -0.0175214 0.0868163 
