0.00664998 0 -2.45724e-05 0 0 0.00972406 0 0 -2.45724e-05 0 0.00709149 0 0 0 0 0.00972406 
0.00948935 -0.0117897 -2.88699e-05 3.56427e-05 -0.0117897 0.0315353 3.56427e-05 -6.82627e-05 -2.88699e-05 3.56427e-05 0.00999358 -0.0123948 3.56427e-05 -6.82627e-05 -0.0123948 0.0326951 
0.00987075 -0.0184492 -2.15009e-05 3.27647e-05 -0.0184492 0.0681616 3.27647e-05 -0.000100266 -2.15009e-05 3.27647e-05 0.0101432 -0.0188206 3.27647e-05 -0.000100266 -0.0188206 0.0692191 
0.00910236 -0.0178673 -1.35818e-05 1.22126e-05 -0.0178673 0.0803765 8.72183e-06 -1.29913e-05 -1.35818e-05 8.72183e-06 0.00930549 -0.0177466 1.22126e-05 -1.29913e-05 -0.0177466 0.079306 
0.00922463 -0.0176685 -1.06518e-05 5.94361e-06 -0.0176685 0.0859137 3.39172e-06 3.77351e-05 -1.06518e-05 3.39172e-06 0.00956905 -0.017551 5.94361e-06 3.77351e-05 -0.017551 0.084055 
0.00920899 -0.0173248 -1.53666e-05 5.13978e-06 -0.0173248 0.0860759 9.47746e-06 3.17294e-05 -1.53666e-05 9.47746e-06 0.00967519 -0.0174721 5.13978e-06 3.17294e-05 -0.0174721 0.0848551 
0.00938127 -0.0175005 -4.81337e-06 1.13655e-05 -0.0175005 0.087296 1.75045e-05 9.78149e-06 -4.81337e-06 1.75045e-05 0.00988561 -0.0178495 1.13655e-05 9.78149e-06 -0.0178495 0.0869117 
0.00931792 -0.0172822 -2.78704e-06 9.92785e-07 -0.0172822 0.0861864 4.057e-06 1.19857e-05 -2.78704e-06 4.057e-06 0.00976535 -0.017682 9.92785e-07 1.19857e-05 -0.017682 0.086309 
0.00935019 -0.0173657 -1.29357e-05 -5.64297e-06 -0.0173657 0.0864142 -5.92639e-06 3.64383e-05 -1.29357e-05 -5.92639e-06 0.00979042 -0.0177005 -5.64297e-06 3.64383e-05 -0.0177005 0.0866197 
0.00944909 -0.0175221 -1.88775e-05 4.52108e-06 -0.0175221 0.0871651 6.70138e-06 3.04543e-05 -1.88775e-05 6.70138e-06 0.00986816 -0.0178512 4.52108e-06 3.04543e-05 -0.0178512 0.0873703 
0.00939998 -0.0173975 -1.54218e-05 5.41136e-06 -0.0173975 0.086458 1.34755e-05 2.24867e-05 -1.54218e-05 1.34755e-05 0.00977064 -0.0176953 5.41136e-06 2.24867e-05 -0.0176953 0.0866218 
0.0093869 -0.0174104 -1.36421e-05 1.01332e-05 -0.0174104 0.0863772 1.8888e-05 1.11634e-07 -1.36421e-05 1.8888e-05 0.00974461 -0.0176397 1.01332e-05 1.11634e-07 -0.0176397 0.0864004 
0.00933595 -0.0174065 3.73645e-06 7.10472e-06 -0.0174065 0.0863533 1.00265e-05 7.46477e-06 3.73645e-06 1.00265e-05 0.00976063 -0.0176072 7.10472e-06 7.46477e-06 -0.0176072 0.0862472 
0.00931447 -0.0173342 1.23323e-05 -1.13966e-05 -0.0173342 0.0861815 -1.7895e-05 4.97627e-05 1.23323e-05 -1.7895e-05 0.00974154 -0.0176147 -1.13966e-05 4.97627e-05 -0.0176147 0.0861475 
0.00952075 -0.0176995 3.58774e-06 -2.41567e-05 -0.0176995 0.088015 -3.59458e-05 0.000100558 3.58774e-06 -3.59458e-05 0.00994988 -0.0180083 -2.41567e-05 0.000100558 -0.0180083 0.0880886 
0.00951547 -0.0177044 -3.17406e-07 -1.93331e-05 -0.0177044 0.0880122 -2.45463e-05 0.000109081 -3.17406e-07 -2.45463e-05 0.00995254 -0.018006 -1.93331e-05 0.000109081 -0.018006 0.088113 
0.00930753 -0.0173217 4.87791e-06 -1.82442e-05 -0.0173217 0.0861408 -1.27637e-05 9.42138e-05 4.87791e-06 -1.27637e-05 0.00974086 -0.0176326 -1.82442e-05 9.42138e-05 -0.0176326 0.0862764 
0.00949875 -0.0176739 1.16225e-05 -2.94045e-05 -0.0176739 0.0879329 -1.83697e-05 0.000105543 1.16225e-05 -1.83697e-05 0.0099657 -0.0180154 -2.94045e-05 0.000105543 -0.0180154 0.0881531 
0.00952312 -0.0176506 3.01645e-06 -2.83921e-05 -0.0176506 0.087841 -2.02774e-05 0.000101862 3.01645e-06 -2.02774e-05 0.00994854 -0.0180362 -2.83921e-05 0.000101862 -0.0180362 0.0881876 
0.00936525 -0.0173414 2.99752e-06 -2.09737e-05 -0.0173414 0.0861695 -1.43854e-05 9.28162e-05 2.99752e-06 -1.43854e-05 0.00972325 -0.0176807 -2.09737e-05 9.28162e-05 -0.0176807 0.0865223 
0.00937705 -0.0173612 1.44302e-05 -1.95349e-05 -0.0173612 0.0861534 -1.61303e-05 8.70958e-05 1.44302e-05 -1.61303e-05 0.00968238 -0.0176079 -1.95349e-05 8.70958e-05 -0.0176079 0.0863314 
0.00938337 -0.017437 6.39629e-06 -2.1723e-05 -0.017437 0.0864507 -2.77797e-05 8.66338e-05 6.39629e-06 -2.77797e-05 0.00970612 -0.0175972 -2.1723e-05 8.66338e-05 -0.0175972 0.0863789 
0.00938655 -0.017431 -7.81006e-06 -1.05224e-05 -0.017431 0.0865206 -2.56246e-05 8.23486e-05 -7.81006e-06 -2.56246e-05 0.00971833 -0.017606 -1.05224e-05 8.23486e-05 -0.017606 0.0863596 
0.00942879 -0.0174784 -1.89796e-05 1.38352e-05 -0.0174784 0.0867708 -4.27597e-06 3.6582e-05 -1.89796e-05 -4.27597e-06 0.00975031 -0.0176703 1.38352e-05 3.6582e-05 -0.0176703 0.0866186 
0.00944139 -0.0175043 -2.0867e-05 2.88123e-05 -0.0175043 0.0868273 1.24314e-05 -1.35367e-05 -2.0867e-05 1.24314e-05 0.0097568 -0.017674 2.88123e-05 -1.35367e-05 -0.017674 0.0866343 
0.00947386 -0.0175587 5.54662e-07 2.52008e-05 -0.0175587 0.0870562 1.4706e-05 -3.06436e-05 5.54662e-07 1.4706e-05 0.00976494 -0.0177074 2.52008e-05 -3.06436e-05 -0.0177074 0.086785 
0.00948879 -0.0175998 2.01473e-05 -1.98897e-06 -0.0175998 0.0872118 -4.20265e-06 -5.35048e-06 2.01473e-05 -4.20265e-06 0.00977135 -0.0177065 -1.98897e-06 -5.35048e-06 -0.0177065 0.0868261 
0.00943135 -0.0175467 3.59343e-05 -2.62959e-05 -0.0175467 0.0869356 -2.4609e-05 4.35947e-05 3.59343e-05 -2.4609e-05 0.0097438 -0.017621 -2.62959e-05 4.35947e-05 -0.017621 0.086421 
0.009399 -0.0175135 2.30265e-05 -4.50291e-05 -0.0175135 0.086887 -4.28917e-05 9.3043e-05 2.30265e-05 -4.28917e-05 0.00975842 -0.0176296 -4.50291e-05 9.3043e-05 -0.0176296 0.0863873 
0.00940027 -0.0174839 -8.97285e-06 -3.42018e-05 -0.0174839 0.0868703 -3.02197e-05 0.000100386 -8.97285e-06 -3.02197e-05 0.00975441 -0.0176761 -3.42018e-05 0.000100386 -0.0176761 0.0865317 
0.00937868 -0.0174674 -2.83182e-05 1.36447e-06 -0.0174674 0.0868031 5.63346e-06 5.03754e-05 -2.83182e-05 5.63346e-06 0.00977068 -0.0176768 1.36447e-06 5.03754e-05 -0.0176768 0.0865959 
0.00931554 -0.01738 -3.99641e-05 2.44488e-05 -0.01738 0.0864474 3.12589e-05 -1.5443e-05 -3.99641e-05 3.12589e-05 0.00978941 -0.0176413 2.44488e-05 -1.5443e-05 -0.0176413 0.0863765 
0.0093239 -0.0173478 -4.1502e-05 3.24894e-05 -0.0173478 0.0863916 4.63274e-05 -5.43548e-05 -4.1502e-05 4.63274e-05 0.00979804 -0.0177112 3.24894e-05 -5.43548e-05 -0.0177112 0.0865433 
0.00933174 -0.0173714 -3.10069e-05 2.64915e-05 -0.0173714 0.0864436 4.61011e-05 -5.50694e-05 -3.10069e-05 4.61011e-05 0.00980716 -0.0177315 2.64915e-05 -5.50694e-05 -0.0177315 0.0866891 
0.00932969 -0.0173652 -1.51172e-05 1.791e-05 -0.0173652 0.0863963 3.67835e-05 -4.27182e-05 -1.51172e-05 3.67835e-05 0.00979676 -0.0177085 1.791e-05 -4.27182e-05 -0.0177085 0.0866095 
0.00932546 -0.0173162 -3.37302e-06 5.50552e-06 -0.0173162 0.0861402 1.71295e-05 -1.54049e-05 -3.37302e-06 1.71295e-05 0.00976417 -0.01765 5.50552e-06 -1.54049e-05 -0.01765 0.0863233 
0.00934367 -0.0173568 4.41869e-06 -7.32692e-06 -0.0173568 0.0862524 -4.1946e-06 2.64597e-05 4.41869e-06 -4.1946e-06 0.00976775 -0.0176692 -7.32692e-06 2.64597e-05 -0.0176692 0.0864055 
0.00936087 -0.0174085 3.42729e-06 -1.43053e-05 -0.0174085 0.0864828 -1.78838e-05 6.20987e-05 3.42729e-06 -1.78838e-05 0.00978678 -0.0177077 -1.43053e-05 6.20987e-05 -0.0177077 0.0866094 
0.00938564 -0.0174221 4.65094e-06 -9.14522e-06 -0.0174221 0.0865816 -1.3619e-05 6.47722e-05 4.65094e-06 -1.3619e-05 0.00977177 -0.0177232 -9.14522e-06 6.47722e-05 -0.0177232 0.086701 
0.00938767 -0.017426 1.03216e-07 -6.60356e-06 -0.017426 0.0865349 -8.01912e-06 4.8883e-05 1.03216e-07 -8.01912e-06 0.00975485 -0.0176742 -6.60356e-06 4.8883e-05 -0.0176742 0.0865712 
0.00935476 -0.0174059 -4.76854e-06 -8.54763e-06 -0.0174059 0.086393 -4.47967e-06 4.87132e-05 -4.76854e-06 -4.47967e-06 0.00975062 -0.0176147 -8.54763e-06 4.87132e-05 -0.0176147 0.0863018 
0.00931783 -0.0173991 -1.69276e-05 -5.62724e-06 -0.0173991 0.086432 8.10473e-07 4.62857e-05 -1.69276e-05 8.10473e-07 0.00978705 -0.0176456 -5.62724e-06 4.62857e-05 -0.0176456 0.0863503 
0.00931285 -0.0173601 -4.05337e-05 9.35214e-06 -0.0173601 0.0864121 1.39225e-05 2.62631e-05 -4.05337e-05 1.39225e-05 0.00978801 -0.0177035 9.35214e-06 2.62631e-05 -0.0177035 0.0865085 
0.00935388 -0.0173812 -3.72857e-05 3.27316e-05 -0.0173812 0.0865565 3.57964e-05 -9.17154e-06 -3.72857e-05 3.57964e-05 0.00979243 -0.017759 3.27316e-05 -9.17154e-06 -0.017759 0.0868243 
0.00955874 -0.0176939 -1.85835e-05 3.26665e-05 -0.0176939 0.0880226 3.1125e-05 -2.42742e-05 -1.85835e-05 3.1125e-05 0.00993527 -0.0180349 3.26665e-05 -2.42742e-05 -0.0180349 0.0882942 
0.00956871 -0.0177267 1.99533e-06 1.60794e-05 -0.0177267 0.0880018 1.02334e-05 -1.54235e-06 1.99533e-06 1.02334e-05 0.00992676 -0.017984 1.60794e-05 -1.54235e-06 -0.017984 0.0881331 
0.00955577 -0.0177822 2.03171e-05 -9.45721e-06 -0.0177822 0.0882022 -1.48413e-05 4.98985e-05 2.03171e-05 -1.48413e-05 0.00996619 -0.0179989 -9.45721e-06 4.98985e-05 -0.0179989 0.0881803 
0.00953723 -0.0177667 3.65677e-05 -3.96157e-05 -0.0177667 0.0882424 -4.18356e-05 0.000124131 3.65677e-05 -4.18356e-05 0.00998256 -0.0180311 -3.96157e-05 0.000124131 -0.0180311 0.0882173 
0.00930454 -0.0173637 2.50509e-05 -5.70726e-05 -0.0173637 0.0863439 -5.54322e-05 0.000171899 2.50509e-05 -5.54322e-05 0.00979087 -0.0176848 -5.70726e-05 0.000171899 -0.0176848 0.0864571 
0.00929609 -0.0173543 1.10853e-05 -4.65032e-05 -0.0173543 0.0864137 -4.88e-05 0.000185559 1.10853e-05 -4.88e-05 0.00981582 -0.0177369 -4.65032e-05 0.000185559 -0.0177369 0.0866827 
0.00935769 -0.0173497 -1.66364e-05 -2.20239e-05 -0.0173497 0.0864691 -2.92702e-05 0.00014337 -1.66364e-05 -2.92702e-05 0.00978844 -0.0177759 -2.20239e-05 0.00014337 -0.0177759 0.0868744 
0.00940514 -0.0174352 -2.92579e-05 1.53518e-05 -0.0174352 0.086685 1.12025e-05 5.69686e-05 -2.92579e-05 1.12025e-05 0.00978336 -0.0177641 1.53518e-05 5.69686e-05 -0.0177641 0.087006 
0.00940887 -0.017498 -3.90168e-05 3.18075e-05 -0.017498 0.0869016 3.98005e-05 -2.70004e-05 -3.90168e-05 3.98005e-05 0.0098086 -0.0177518 3.18075e-05 -2.70004e-05 -0.0177518 0.0870307 
0.00939663 -0.017487 -2.79184e-05 3.53222e-05 -0.017487 0.0869222 5.03236e-05 -6.4406e-05 -2.79184e-05 5.03236e-05 0.00981641 -0.0177607 3.53222e-05 -6.4406e-05 -0.0177607 0.0869976 
0.00937126 -0.0174339 -2.02692e-05 2.34202e-05 -0.0174339 0.0866949 3.64045e-05 -5.69812e-05 -2.02692e-05 3.64045e-05 0.00979197 -0.0177161 2.34202e-05 -5.69812e-05 -0.0177161 0.0867628 
0.00936386 -0.0173558 -2.52906e-05 1.62946e-05 -0.0173558 0.0863368 2.36198e-05 -3.29991e-05 -2.52906e-05 2.36198e-05 0.00974758 -0.0176643 1.62946e-05 -3.29991e-05 -0.0176643 0.0864761 
0.00934606 -0.0173514 -3.7145e-05 2.16176e-05 -0.0173514 0.0861826 2.6397e-05 -2.5331e-05 -3.7145e-05 2.6397e-05 0.00973962 -0.0176156 2.16176e-05 -2.5331e-05 -0.0176156 0.0862839 
0.00956858 -0.0177172 -4.01197e-05 3.32417e-05 -0.0177172 0.0879879 3.8326e-05 -3.75496e-05 -4.01197e-05 3.8326e-05 0.00992163 -0.017987 3.32417e-05 -3.75496e-05 -0.017987 0.0880491 
0.00958344 -0.0177798 -2.46172e-05 4.12439e-05 -0.0177798 0.0881564 4.24263e-05 -5.55828e-05 -2.46172e-05 4.24263e-05 0.00991575 -0.0179737 4.12439e-05 -5.55828e-05 -0.0179737 0.0880685 
0.00940568 -0.0174584 -9.00151e-07 1.65114e-05 -0.0174584 0.0865753 1.46219e-05 -1.30437e-05 -9.00151e-07 1.46219e-05 0.00972054 -0.0176239 1.65114e-05 -1.30437e-05 -0.0176239 0.0863742 
0.00938472 -0.0174747 -2.33073e-06 -1.1395e-05 -0.0174747 0.0866758 -1.13052e-05 4.83222e-05 -2.33073e-06 -1.13052e-05 0.00975534 -0.0176269 -1.1395e-05 4.83222e-05 -0.0176269 0.0864097 
0.00943184 -0.0175104 -1.17315e-05 -1.63279e-05 -0.0175104 0.0869943 -1.69365e-05 9.59735e-05 -1.17315e-05 -1.69365e-05 0.00978342 -0.0177435 -1.63279e-05 9.59735e-05 -0.0177435 0.086844 
0.00940305 -0.0174676 -5.78013e-06 1.38589e-06 -0.0174676 0.0867472 -1.10667e-06 7.90806e-05 -5.78013e-06 -1.10667e-06 0.00976135 -0.0176928 1.38589e-06 7.90806e-05 -0.0176928 0.0866766 
0.00934854 -0.017363 1.44621e-05 -3.07519e-06 -0.017363 0.0862516 -2.7939e-06 6.49781e-05 1.44621e-05 -2.7939e-06 0.0097038 -0.0175965 -3.07519e-06 6.49781e-05 -0.0175965 0.0862176 
0.00952855 -0.0176454 3.28013e-05 -2.63521e-05 -0.0176454 0.0876703 -2.14387e-05 8.82392e-05 3.28013e-05 -2.14387e-05 0.00984222 -0.0178921 -2.63521e-05 8.82392e-05 -0.0178921 0.0876838 
0.00955633 -0.0176351 3.71115e-05 -5.87596e-05 -0.0176351 0.0875312 -5.6761e-05 0.000169687 3.71115e-05 -5.6761e-05 0.00977765 -0.0178434 -5.87596e-05 0.000169687 -0.0178434 0.087533 
0.00954661 -0.0176816 4.32727e-05 -6.79711e-05 -0.0176816 0.0875728 -7.08934e-05 0.000231509 4.32727e-05 -7.08934e-05 0.00975661 -0.0177645 -6.79711e-05 0.000231509 -0.0177645 0.0873519 
0.00949583 -0.0176495 2.20718e-05 -6.74529e-05 -0.0176495 0.0874741 -7.48073e-05 0.000247979 2.20718e-05 -7.48073e-05 0.00978033 -0.0177162 -6.74529e-05 0.000247979 -0.0177162 0.0871171 
0.00950462 -0.0176789 -1.43557e-07 -3.43705e-05 -0.0176789 0.0877742 -4.35757e-05 0.000196892 -1.43557e-07 -4.35757e-05 0.00985137 -0.017838 -3.43705e-05 0.000196892 -0.017838 0.0875209 
0.00948925 -0.0176561 -4.1547e-06 -4.73395e-06 -0.0176561 0.087755 -9.78873e-06 0.000113423 -4.1547e-06 -9.78873e-06 0.00987563 -0.0178936 -4.73395e-06 0.000113423 -0.0178936 0.0876947 
0.00949147 -0.0176468 -1.00258e-05 1.63023e-06 -0.0176468 0.0877782 -8.36935e-08 5.93688e-05 -1.00258e-05 -8.36935e-08 0.00989933 -0.0179421 1.63023e-06 5.93688e-05 -0.0179421 0.0879009 
0.00944827 -0.0175588 1.34404e-06 1.00379e-06 -0.0175588 0.0873538 7.13693e-06 4.07234e-05 1.34404e-06 7.13693e-06 0.00987845 -0.017883 1.00379e-06 4.07234e-05 -0.017883 0.0875979 
0.00941692 -0.0174848 4.07921e-06 -1.25768e-05 -0.0174848 0.0869679 -8.06214e-07 4.67531e-05 4.07921e-06 -8.06214e-07 0.00984377 -0.0178262 -1.25768e-05 4.67531e-05 -0.0178262 0.087269 
0.00940021 -0.0174912 1.80127e-05 -1.37951e-05 -0.0174912 0.0869413 -6.40655e-06 5.92671e-05 1.80127e-05 -6.40655e-06 0.00985127 -0.0178178 -1.37951e-05 5.92671e-05 -0.0178178 0.0872229 
0.00939793 -0.0174858 4.00459e-05 -2.96687e-05 -0.0174858 0.0869681 -3.21626e-05 9.97917e-05 4.00459e-05 -3.21626e-05 0.00984727 -0.0178411 -2.96687e-05 9.97917e-05 -0.0178411 0.0872787 
0.00945732 -0.0175337 2.96322e-05 -5.72204e-05 -0.0175337 0.087231 -6.12967e-05 0.000162789 2.96322e-05 -6.12967e-05 0.00982671 -0.0178971 -5.72204e-05 0.000162789 -0.0178971 0.0875833 
0.00948112 -0.0175619 1.55833e-05 -4.96269e-05 -0.0175619 0.0872595 -5.02297e-05 0.000183012 1.55833e-05 -5.02297e-05 0.00979203 -0.017839 -4.96269e-05 0.000183012 -0.017839 0.0875111 
0.00948799 -0.0176249 4.01112e-06 -3.08589e-05 -0.0176249 0.0874891 -3.39706e-05 0.000155805 4.01112e-06 -3.39706e-05 0.00983299 -0.0178253 -3.08589e-05 0.000155805 -0.0178253 0.0875571 
0.00948896 -0.0176988 -2.15177e-05 -1.21045e-05 -0.0176988 0.0879234 -2.37387e-05 0.000120277 -2.15177e-05 -2.37387e-05 0.00993978 -0.0179348 -1.21045e-05 0.000120277 -0.0179348 0.0879617 
0.00947194 -0.0176365 -3.46005e-05 2.88652e-05 -0.0176365 0.0877857 1.32873e-05 3.47372e-05 -3.46005e-05 1.32873e-05 0.0099554 -0.017989 2.88652e-05 3.47372e-05 -0.017989 0.087999 
0.00946044 -0.0176028 -3.5963e-05 4.67364e-05 -0.0176028 0.0876237 3.54683e-05 -4.26874e-05 -3.5963e-05 3.54683e-05 0.00995099 -0.0179984 4.67364e-05 -4.26874e-05 -0.0179984 0.0879968 
0.00946998 -0.0176125 -2.64448e-05 4.20534e-05 -0.0176125 0.0876448 3.74769e-05 -6.58982e-05 -2.64448e-05 3.74769e-05 0.00992721 -0.0180058 4.20534e-05 -6.58982e-05 -0.0180058 0.0880508 
0.00948652 -0.0176299 -1.77596e-05 2.30228e-05 -0.0176299 0.0877115 1.91312e-05 -3.35435e-05 -1.77596e-05 1.91312e-05 0.00990968 -0.0179866 2.30228e-05 -3.35435e-05 -0.0179866 0.0880667 
0.00949643 -0.0176549 5.66156e-06 5.2533e-06 -0.0176549 0.0878226 3.73622e-06 1.58662e-05 5.66156e-06 3.73622e-06 0.00990448 -0.0179863 5.2533e-06 1.58662e-05 -0.0179863 0.0881278 
0.0094631 -0.0176093 4.13674e-05 -2.09714e-05 -0.0176093 0.0876082 -2.19103e-05 7.13789e-05 4.13674e-05 -2.19103e-05 0.00989408 -0.0179219 -2.09714e-05 7.13789e-05 -0.0179219 0.0878672 
0.00944191 -0.0175395 5.91478e-05 -6.67878e-05 -0.0175395 0.0872973 -6.35164e-05 0.000162758 5.91478e-05 -6.35164e-05 0.0098639 -0.0178731 -6.67878e-05 0.000162758 -0.0178731 0.0875653 
0.00942614 -0.0175459 6.29445e-05 -9.42961e-05 -0.0175459 0.0872566 -8.09061e-05 0.000240132 6.29445e-05 -8.09061e-05 0.00987027 -0.0178548 -9.42961e-05 0.000240132 -0.0178548 0.0874765 
0.00940412 -0.0175234 5.53353e-05 -0.000100311 -0.0175234 0.0871959 -8.07683e-05 0.000271244 5.53353e-05 -8.07683e-05 0.00988267 -0.0178622 -0.000100311 0.000271244 -0.0178622 0.0874375 
0.00939278 -0.0174774 5.05604e-05 -9.17695e-05 -0.0174774 0.0870516 -7.57872e-05 0.000274258 5.05604e-05 -7.57872e-05 0.00987581 -0.0178826 -9.17695e-05 0.000274258 -0.0178826 0.0874482 
0.00941144 -0.0174649 5.1896e-05 -8.15943e-05 -0.0174649 0.0869736 -7.25964e-05 0.000262632 5.1896e-05 -7.25964e-05 0.00986342 -0.0178857 -8.15943e-05 0.000262632 -0.0178857 0.0874802 
0.00947752 -0.0175201 2.61617e-05 -7.75565e-05 -0.0175201 0.0871468 -7.80295e-05 0.000258635 2.61617e-05 -7.80295e-05 0.00983873 -0.0179113 -7.75565e-05 0.000258635 -0.0179113 0.0876573 
0.00952871 -0.017603 -1.44958e-05 -3.93512e-05 -0.017603 0.0873543 -4.43435e-05 0.000198663 -1.44958e-05 -4.43435e-05 0.00980716 -0.0178749 -3.93512e-05 0.000198663 -0.0178749 0.0876636 
0.00954794 -0.0177273 -4.27312e-05 1.52058e-05 -0.0177273 0.0878296 1.20179e-05 7.62145e-05 -4.27312e-05 1.20179e-05 0.00984094 -0.017876 1.52058e-05 7.62145e-05 -0.017876 0.0878194 
0.00953132 -0.0177137 -4.53392e-05 4.8868e-05 -0.0177137 0.0878978 5.11322e-05 -3.80516e-05 -4.53392e-05 5.11322e-05 0.00986225 -0.0178825 4.8868e-05 -3.80516e-05 -0.0178825 0.0877877 
0.00951983 -0.0176991 -4.57118e-05 4.87013e-05 -0.0176991 0.087912 5.36207e-05 -8.25252e-05 -4.57118e-05 5.36207e-05 0.00989677 -0.0179162 4.87013e-05 -8.25252e-05 -0.0179162 0.0878648 
0.00951639 -0.017665 -3.64318e-05 4.76072e-05 -0.017665 0.0878128 4.95858e-05 -8.59793e-05 -3.64318e-05 4.95858e-05 0.00992383 -0.0179535 4.76072e-05 -8.59793e-05 -0.0179535 0.0879337 
0.0095381 -0.0177284 -3.36161e-05 4.09561e-05 -0.0177284 0.0880768 3.56002e-05 -7.01194e-05 -3.36161e-05 3.56002e-05 0.00997419 -0.0180366 4.09561e-05 -7.01194e-05 -0.0180366 0.0882762 
0.00935856 -0.0173757 -3.1513e-05 3.43965e-05 -0.0173757 0.0863382 2.6881e-05 -4.50219e-05 -3.1513e-05 2.6881e-05 0.00976693 -0.0176935 3.43965e-05 -4.50219e-05 -0.0176935 0.0865564 
0.00938736 -0.017444 -2.37033e-05 3.50432e-05 -0.017444 0.0866414 3.13466e-05 -4.41793e-05 -2.37033e-05 3.13466e-05 0.00978437 -0.0177383 3.50432e-05 -4.41793e-05 -0.0177383 0.0868263 
0.00935808 -0.0174183 -6.87804e-06 2.20483e-05 -0.0174183 0.0865416 2.48207e-05 -3.07861e-05 -6.87804e-06 2.48207e-05 0.00977456 -0.0177003 2.20483e-05 -3.07861e-05 -0.0177003 0.0866878 
0.00931392 -0.0173424 5.59302e-06 2.2503e-07 -0.0173424 0.0862398 7.06448e-06 6.18719e-06 5.59302e-06 7.06448e-06 0.00976647 -0.0176442 2.2503e-07 6.18719e-06 -0.0176442 0.0863972 
0.00950313 -0.0176698 1.31168e-05 -2.15256e-05 -0.0176698 0.0879213 -1.64712e-05 6.9086e-05 1.31168e-05 -1.64712e-05 0.0099717 -0.0180255 -2.15256e-05 6.9086e-05 -0.0180255 0.0881686 
0.00950457 -0.017626 1.91644e-05 -2.64415e-05 -0.017626 0.0876916 -2.59598e-05 0.000104765 1.91644e-05 -2.59598e-05 0.00994602 -0.0180093 -2.64415e-05 0.000104765 -0.0180093 0.0880476 
0.00957416 -0.0176887 4.30942e-06 -3.38014e-05 -0.0176887 0.0878999 -3.62335e-05 0.000134217 4.30942e-06 -3.62335e-05 0.00991728 -0.018048 -3.38014e-05 0.000134217 -0.018048 0.088269 
0.00959354 -0.0177458 -1.80956e-05 -2.11804e-05 -0.0177458 0.0879662 -1.721e-05 0.000123802 -1.80956e-05 -1.721e-05 0.00989572 -0.0179675 -2.11804e-05 0.000123802 -0.0179675 0.0880992 
0.00961685 -0.0178051 -2.9621e-05 1.46958e-06 -0.0178051 0.0881987 1.46539e-05 7.4225e-05 -2.9621e-05 1.46539e-05 0.00989169 -0.0179635 1.46958e-06 7.4225e-05 -0.0179635 0.0880965 
0.00938027 -0.0174445 -6.29142e-06 9.95949e-06 -0.0174445 0.0864038 2.72578e-05 3.98335e-05 -6.29142e-06 2.72578e-05 0.00969838 -0.0175618 9.95949e-06 3.98335e-05 -0.0175618 0.0861559 
0.00936046 -0.0174243 1.01083e-05 -1.00301e-05 -0.0174243 0.0864507 5.82763e-06 4.91399e-05 1.01083e-05 5.82763e-06 0.00972405 -0.0175861 -1.00301e-05 4.91399e-05 -0.0175861 0.0861941 
0.00936027 -0.0173839 7.2925e-06 -2.37227e-05 -0.0173839 0.0863426 -1.50061e-05 8.44883e-05 7.2925e-06 -1.50061e-05 0.00972015 -0.0175946 -2.37227e-05 8.44883e-05 -0.0175946 0.086167 
0.00937489 -0.017399 -1.25511e-05 -1.45993e-05 -0.017399 0.086363 -1.39436e-05 8.94435e-05 -1.25511e-05 -1.39436e-05 0.00971687 -0.0175973 -1.45993e-05 8.94435e-05 -0.0175973 0.0861886 
0.0093775 -0.0174076 -1.45058e-05 1.2413e-05 -0.0174076 0.0863721 6.9193e-06 5.30323e-05 -1.45058e-05 6.9193e-06 0.00971826 -0.0175931 1.2413e-05 5.30323e-05 -0.0175931 0.0861774 
0.00936894 -0.0173988 7.38964e-06 1.56412e-05 -0.0173988 0.086343 8.82001e-06 2.89014e-05 7.38964e-06 8.82001e-06 0.00973634 -0.0176026 1.56412e-05 2.89014e-05 -0.0176026 0.0861918 
0.00937712 -0.0174349 2.48303e-05 -1.03583e-05 -0.0174349 0.0865439 -1.82225e-05 6.2249e-05 2.48303e-05 -1.82225e-05 0.00978108 -0.0176759 -1.03583e-05 6.2249e-05 -0.0176759 0.0864787 
0.00939044 -0.0175058 2.57711e-05 -3.97614e-05 -0.0175058 0.086964 -4.4831e-05 0.000135451 2.57711e-05 -4.4831e-05 0.00986295 -0.0178053 -3.97614e-05 0.000135451 -0.0178053 0.0870466 
0.00937312 -0.0174431 3.36502e-05 -5.26305e-05 -0.0174431 0.0867716 -5.0946e-05 0.000191928 3.36502e-05 -5.0946e-05 0.009844 -0.0178074 -5.26305e-05 0.000191928 -0.0178074 0.0870028 
0.00934149 -0.0173779 2.83283e-05 -6.14317e-05 -0.0173779 0.0864534 -5.78278e-05 0.000222234 2.83283e-05 -5.78278e-05 0.00981879 -0.0177521 -6.14317e-05 0.000222234 -0.0177521 0.0867802 
0.00934557 -0.0173456 2.56552e-05 -5.06985e-05 -0.0173456 0.0863113 -5.03723e-05 0.000219324 2.56552e-05 -5.03723e-05 0.00979888 -0.0177454 -5.06985e-05 0.000219324 -0.0177454 0.0867243 
0.00932876 -0.0173046 3.39235e-05 -4.5406e-05 -0.0173046 0.0860475 -4.8894e-05 0.000208356 3.39235e-05 -4.8894e-05 0.00975887 -0.0176898 -4.5406e-05 0.000208356 -0.0176898 0.0864963 
0.00951835 -0.0176982 4.66435e-05 -5.33423e-05 -0.0176982 0.0879464 -5.41725e-05 0.000208942 4.66435e-05 -5.41725e-05 0.00997422 -0.0180549 -5.33423e-05 0.000208942 -0.0180549 0.0883472 
0.00953471 -0.0176804 3.19144e-05 -7.1111e-05 -0.0176804 0.0879164 -6.72501e-05 0.000233512 3.19144e-05 -6.72501e-05 0.00993526 -0.0180488 -7.1111e-05 0.000233512 -0.0180488 0.088299 
0.00954083 -0.0177161 4.634e-05 -5.79511e-05 -0.0177161 0.0880038 -4.87004e-05 0.000224935 4.634e-05 -4.87004e-05 0.00992599 -0.0180128 -5.79511e-05 0.000224935 -0.0180128 0.088273 
0.00952232 -0.0176712 4.48017e-05 -6.69369e-05 -0.0176712 0.0878043 -5.91705e-05 0.000219156 4.48017e-05 -5.91705e-05 0.00991033 -0.0179498 -6.69369e-05 0.000219156 -0.0179498 0.0879838 
0.00956035 -0.0177276 3.61662e-05 -6.17493e-05 -0.0177276 0.0880629 -6.13394e-05 0.000219836 3.61662e-05 -6.13394e-05 0.00993996 -0.0180083 -6.17493e-05 0.000219836 -0.0180083 0.0882131 
0.00935036 -0.0173834 1.99328e-05 -4.89351e-05 -0.0173834 0.0863098 -5.19549e-05 0.000199483 1.99328e-05 -5.19549e-05 0.00975453 -0.0176486 -4.89351e-05 0.000199483 -0.0176486 0.0864356 
0.00938922 -0.0174003 -6.35219e-06 -3.42767e-05 -0.0174003 0.0864791 -3.32687e-05 0.000169824 -6.35219e-06 -3.32687e-05 0.00975583 -0.0177102 -3.42767e-05 0.000169824 -0.0177102 0.0866683 
0.00939105 -0.0173854 -3.63768e-05 -2.72991e-06 -0.0173854 0.0863197 4.48065e-06 9.97681e-05 -3.63768e-05 4.48065e-06 0.00972797 -0.017654 -2.72991e-06 9.97681e-05 -0.017654 0.0864883 
0.00939649 -0.0174289 -3.14283e-05 3.22019e-05 -0.0174289 0.0864531 4.27549e-05 1.31559e-05 -3.14283e-05 4.27549e-05 0.00974379 -0.0176536 3.22019e-05 1.31559e-05 -0.0176536 0.0865212 
0.00936697 -0.0174104 -6.84097e-06 2.62963e-05 -0.0174104 0.0863828 3.50283e-05 -1.26389e-05 -6.84097e-06 3.50283e-05 0.00973858 -0.0176351 2.62963e-05 -1.26389e-05 -0.0176351 0.0863947 
0.0093596 -0.0173982 6.20303e-06 -9.46946e-06 -0.0173982 0.0864133 -7.63179e-06 5.5765e-05 6.20303e-06 -7.63179e-06 0.00975461 -0.0176602 -9.46946e-06 5.5765e-05 -0.0176602 0.0864763 
0.00956554 -0.0177373 2.03081e-05 -2.74825e-05 -0.0177373 0.0881434 -3.35762e-05 0.000135068 2.03081e-05 -3.35762e-05 0.00994817 -0.0180348 -2.74825e-05 0.000135068 -0.0180348 0.0882816 
0.00956022 -0.0177249 1.90955e-05 -3.26293e-05 -0.0177249 0.0880061 -4.1261e-05 0.000160094 1.90955e-05 -4.1261e-05 0.00991032 -0.0179911 -3.26293e-05 0.000160094 -0.0179911 0.0881191 
0.00953224 -0.0177264 1.67545e-05 -3.02636e-05 -0.0177264 0.0879738 -4.04966e-05 0.000163685 1.67545e-05 -4.04966e-05 0.00990413 -0.0179494 -3.02636e-05 0.000163685 -0.0179494 0.087994 
0.00954344 -0.0177238 1.41784e-05 -2.34985e-05 -0.0177238 0.0880693 -3.23497e-05 0.000145144 1.41784e-05 -3.23497e-05 0.00990506 -0.0179797 -2.34985e-05 0.000145144 -0.0179797 0.0881034 
0.00935506 -0.0173593 1.63314e-05 -2.58754e-05 -0.0173593 0.0862599 -2.80488e-05 0.000134605 1.63314e-05 -2.80488e-05 0.00968848 -0.017604 -2.58754e-05 0.000134605 -0.017604 0.0863122 
0.00952289 -0.0177311 2.07694e-05 -3.32833e-05 -0.0177311 0.088086 -3.33567e-05 0.000147472 2.07694e-05 -3.33567e-05 0.00992685 -0.017958 -3.32833e-05 0.000147472 -0.017958 0.0881114 
0.00950169 -0.0176552 1.72351e-05 -3.51562e-05 -0.0176552 0.0878502 -4.08134e-05 0.00016114 1.72351e-05 -4.08134e-05 0.00993215 -0.017969 -3.51562e-05 0.00016114 -0.017969 0.0880061 
0.0094952 -0.0176045 1.73565e-05 -2.90014e-05 -0.0176045 0.0875751 -3.86299e-05 0.000160293 1.73565e-05 -3.86299e-05 0.00990361 -0.0179515 -2.90014e-05 0.000160293 -0.0179515 0.0878583 
0.0094891 -0.0175841 4.18706e-05 -2.92306e-05 -0.0175841 0.0873888 -3.68377e-05 0.000155622 4.18706e-05 -3.68377e-05 0.00985356 -0.0179117 -2.92306e-05 0.000155622 -0.0179117 0.0876973 
0.00947844 -0.017589 4.77023e-05 -5.82691e-05 -0.017589 0.0873484 -6.06777e-05 0.000187606 4.77023e-05 -6.06777e-05 0.00983085 -0.0178572 -5.82691e-05 0.000187606 -0.0178572 0.0875575 
0.00944911 -0.0175555 4.48825e-05 -6.83032e-05 -0.0175555 0.0871937 -6.86119e-05 0.00022364 4.48825e-05 -6.86119e-05 0.0098033 -0.0177946 -6.83032e-05 0.00022364 -0.0177946 0.0872905 
0.00942473 -0.017484 1.22482e-05 -6.24824e-05 -0.017484 0.0868989 -5.92336e-05 0.000217737 1.22482e-05 -5.92336e-05 0.00978174 -0.0177409 -6.24824e-05 0.000217737 -0.0177409 0.0870051 
0.00939806 -0.0174609 -2.4824e-06 -3.2379e-05 -0.0174609 0.0867562 -2.13258e-05 0.000166806 -2.4824e-06 -2.13258e-05 0.00981124 -0.0177318 -3.2379e-05 0.000166806 -0.0177318 0.0869112 
0.0094201 -0.0175036 -8.71954e-06 -1.14724e-05 -0.0175036 0.0870156 1.38759e-06 0.000100948 -8.71954e-06 1.38759e-06 0.00987346 -0.0178525 -1.14724e-05 0.000100948 -0.0178525 0.0873257 
0.00947029 -0.0175739 1.21084e-06 2.4649e-06 -0.0175739 0.0873805 1.06128e-05 5.23897e-05 1.21084e-06 1.06128e-05 0.00990161 -0.0179734 2.4649e-06 5.23897e-05 -0.0179734 0.08785 
0.009517 -0.0176058 8.26407e-06 -7.7189e-07 -0.0176058 0.0874926 -5.82852e-06 4.64703e-05 8.26407e-06 -5.82852e-06 0.00986096 -0.0179744 -7.7189e-07 4.64703e-05 -0.0179744 0.0879756 
0.00953606 -0.0176645 8.75519e-06 -7.55463e-06 -0.0176645 0.0876489 -2.38602e-05 7.47017e-05 8.75519e-06 -2.38602e-05 0.00985252 -0.0179244 -7.55463e-06 7.47017e-05 -0.0179244 0.0879479 
0.0095286 -0.0176718 -9.33409e-06 -7.85473e-06 -0.0176718 0.0876616 -2.46318e-05 8.82491e-05 -9.33409e-06 -2.46318e-05 0.0098552 -0.0178746 -7.85473e-06 8.82491e-05 -0.0178746 0.0877482 
0.00952265 -0.0176257 -2.25749e-05 6.2491e-06 -0.0176257 0.0874658 -1.40352e-06 6.676e-05 -2.25749e-05 -1.40352e-06 0.00983279 -0.017842 6.2491e-06 6.676e-05 -0.017842 0.0874944 
0.00953907 -0.0176583 -2.22415e-05 1.93217e-05 -0.0176583 0.0875429 2.11177e-05 2.4343e-05 -2.22415e-05 2.11177e-05 0.00982593 -0.017845 1.93217e-05 2.4343e-05 -0.017845 0.0875018 
0.00956474 -0.0176851 -2.96221e-05 1.30873e-05 -0.0176851 0.0876288 2.14587e-05 1.33967e-05 -2.96221e-05 2.14587e-05 0.00981585 -0.0178368 1.30873e-05 1.33967e-05 -0.0178368 0.0874906 
