0.00758378 0 7.32705e-05 0 0 0.0102466 0 0 7.32705e-05 0 0.0068889 0 0 0 0 0.0102466 
0.0103479 -0.0128331 7.96992e-05 -9.71005e-05 -0.0128331 0.033712 -9.71005e-05 0.00018684 7.96992e-05 -9.71005e-05 0.00950975 -0.0118172 -9.71005e-05 0.00018684 -0.0118172 0.0317638 
0.0104914 -0.0195337 3.53495e-05 -9.82685e-05 -0.0195337 0.0717119 -9.82685e-05 0.000303911 3.53495e-05 -9.82685e-05 0.00996522 -0.0185985 -9.82685e-05 0.000303911 -0.0185985 0.0688545 
0.00933997 -0.0178489 -2.77703e-06 1.34932e-05 -0.0178489 0.0797807 1.87485e-05 -7.20952e-05 -2.77703e-06 1.87485e-05 0.00898954 -0.0176129 1.34932e-05 -7.20952e-05 -0.0176129 0.0792999 
0.00966929 -0.0177252 -4.28644e-06 5.77505e-05 -0.0177252 0.0849243 7.07486e-05 -0.000360299 -4.28644e-06 7.07486e-05 0.00917909 -0.0176006 5.77505e-05 -0.000360299 -0.0176006 0.0856143 
0.0100557 -0.0181922 1.19444e-05 4.33228e-05 -0.0181922 0.0882997 5.95194e-05 -0.000378965 1.19444e-05 5.95194e-05 0.00947907 -0.0178199 4.33228e-05 -0.000378965 -0.0178199 0.0886542 
0.00973472 -0.0176761 3.94607e-05 1.46326e-05 -0.0176761 0.0860793 2.65297e-05 -0.000264427 3.94607e-05 2.65297e-05 0.009276 -0.0171939 1.46326e-05 -0.000264427 -0.0171939 0.0858325 
0.00987311 -0.0179264 7.01861e-05 -1.29795e-05 -0.0179264 0.0877188 -7.98235e-06 -0.000165594 7.01861e-05 -7.98235e-06 0.0094996 -0.0175653 -1.29795e-05 -0.000165594 -0.0175653 0.0873964 
0.010093 -0.0182831 9.11985e-05 -5.16688e-05 -0.0182831 0.089696 -5.00898e-05 -5.66037e-05 9.11985e-05 -5.00898e-05 0.00975552 -0.0180575 -5.16688e-05 -5.66037e-05 -0.0180575 0.0896375 
0.00994473 -0.0179355 0.000106983 -8.40458e-05 -0.0179355 0.0880252 -8.45925e-05 5.84129e-05 0.000106983 -8.45925e-05 0.0095765 -0.0177978 -8.40458e-05 5.84129e-05 -0.0177978 0.0882623 
0.00987735 -0.0177965 0.000118538 -0.000105362 -0.0177965 0.0871724 -0.000110032 0.00014318 0.000118538 -0.000110032 0.00947429 -0.0176165 -0.000105362 0.00014318 -0.0176165 0.0874591 
0.00983885 -0.0177517 8.93452e-05 -0.000112507 -0.0177517 0.0868122 -0.000117736 0.000179542 8.93452e-05 -0.000117736 0.00942711 -0.0175074 -0.000112507 0.000179542 -0.0175074 0.0869735 
0.00988262 -0.0178054 5.68539e-05 -7.21926e-05 -0.0178054 0.0870344 -7.8782e-05 0.000124779 5.68539e-05 -7.8782e-05 0.00940326 -0.0175287 -7.21926e-05 0.000124779 -0.0175287 0.0870647 
0.00990122 -0.0178551 3.37561e-05 -2.91745e-05 -0.0178551 0.0871682 -3.79454e-05 2.56831e-05 3.37561e-05 -3.79454e-05 0.00936815 -0.01748 -2.91745e-05 2.56831e-05 -0.01748 0.0869778 
0.00987473 -0.0178474 5.45962e-06 -3.40186e-06 -0.0178474 0.0870976 -9.93979e-06 -5.5025e-05 5.45962e-06 -9.93979e-06 0.00934865 -0.0173926 -3.40186e-06 -5.5025e-05 -0.0173926 0.086657 
0.00981274 -0.0177325 -1.50065e-05 3.31155e-05 -0.0177325 0.0866038 2.85468e-05 -0.000146019 -1.50065e-05 2.85468e-05 0.00928663 -0.0172857 3.31155e-05 -0.000146019 -0.0172857 0.0860707 
0.0102171 -0.0184238 -9.99026e-06 7.01439e-05 -0.0184238 0.0900019 6.05758e-05 -0.000252516 -9.99026e-06 6.05758e-05 0.00963624 -0.0179657 7.01439e-05 -0.000252516 -0.0179657 0.0894479 
0.0102168 -0.0184785 -9.66949e-06 6.40445e-05 -0.0184785 0.0901768 5.01866e-05 -0.000278503 -9.66949e-06 5.01866e-05 0.00965903 -0.0179716 6.40445e-05 -0.000278503 -0.0179716 0.0895411 
0.0101662 -0.0184144 -1.60401e-05 5.02626e-05 -0.0184144 0.0899434 4.23676e-05 -0.000248237 -1.60401e-05 4.23676e-05 0.00965587 -0.0179357 5.02626e-05 -0.000248237 -0.0179357 0.0893038 
0.0101806 -0.0184547 -2.29204e-05 4.97773e-05 -0.0184547 0.0902277 4.8442e-05 -0.0002328 -2.29204e-05 4.8442e-05 0.00970533 -0.0180297 4.97773e-05 -0.0002328 -0.0180297 0.0896808 
0.00976605 -0.0177193 4.17053e-06 4.56742e-05 -0.0177193 0.0866925 4.74763e-05 -0.000204748 4.17053e-06 4.74763e-05 0.00934689 -0.0173481 4.56742e-05 -0.000204748 -0.0173481 0.0862607 
0.00978437 -0.0177901 4.71808e-05 1.3585e-05 -0.0177901 0.0871298 1.95561e-05 -0.000154803 4.71808e-05 1.95561e-05 0.00941411 -0.0174789 1.3585e-05 -0.000154803 -0.0174789 0.0868425 
0.00978761 -0.0177162 5.3985e-05 -3.78801e-05 -0.0177162 0.0868981 -2.90913e-05 -5.36884e-05 5.3985e-05 -2.90913e-05 0.00938184 -0.017464 -3.78801e-05 -5.36884e-05 -0.017464 0.0867589 
0.0097419 -0.017641 6.54677e-05 -5.26669e-05 -0.017641 0.0864448 -4.59466e-05 2.74976e-05 6.54677e-05 -4.59466e-05 0.00934392 -0.0173687 -5.26669e-05 2.74976e-05 -0.0173687 0.0863678 
0.010122 -0.018385 6.27422e-05 -6.47606e-05 -0.018385 0.0900694 -6.40642e-05 7.29691e-05 6.27422e-05 -6.40642e-05 0.00977306 -0.0180968 -6.47606e-05 7.29691e-05 -0.0180968 0.0899759 
0.0100808 -0.0182918 5.38139e-05 -5.45303e-05 -0.0182918 0.089722 -5.33713e-05 7.00705e-05 5.38139e-05 -5.33713e-05 0.00975872 -0.0180821 -5.45303e-05 7.00705e-05 -0.0180821 0.0897448 
0.01008 -0.0182267 2.2042e-05 -3.34668e-05 -0.0182267 0.0894087 -3.39354e-05 1.96545e-05 2.2042e-05 -3.39354e-05 0.00970593 -0.018055 -3.34668e-05 1.96545e-05 -0.018055 0.0895581 
0.0100855 -0.0182276 3.37164e-06 3.41663e-06 -0.0182276 0.0892822 -7.64753e-07 -5.03567e-05 3.37164e-06 -7.64753e-07 0.00966562 -0.0180008 3.41663e-06 -5.03567e-05 -0.0180008 0.0894045 
0.0101254 -0.018328 2.0278e-05 3.06733e-05 -0.018328 0.0896792 2.94635e-05 -0.000136019 2.0278e-05 2.94635e-05 0.00968669 -0.0180291 3.06733e-05 -0.000136019 -0.0180291 0.0896454 
0.0101152 -0.0183569 4.67215e-05 9.86387e-06 -0.0183569 0.0898188 1.27407e-05 -0.00014533 4.67215e-05 1.27407e-05 0.00970807 -0.0180156 9.86387e-06 -0.00014533 -0.0180156 0.0896197 
0.0101267 -0.0183993 5.03677e-05 -3.02013e-05 -0.0183993 0.0901107 -2.5113e-05 -7.28585e-05 5.03677e-05 -2.5113e-05 0.00976296 -0.0180807 -3.02013e-05 -7.28585e-05 -0.0180807 0.0898604 
0.0101278 -0.0183887 5.33819e-05 -4.63266e-05 -0.0183887 0.0901686 -4.2003e-05 2.98499e-06 5.33819e-05 -4.2003e-05 0.0097991 -0.0181519 -4.63266e-05 2.98499e-06 -0.0181519 0.0900746 
0.0101307 -0.0183667 4.59288e-05 -4.90976e-05 -0.0183667 0.0900874 -4.66493e-05 3.59894e-05 4.59288e-05 -4.66493e-05 0.00980769 -0.0181811 -4.90976e-05 3.59894e-05 -0.0181811 0.0901587 
0.00971197 -0.017591 4.9117e-05 -3.31218e-05 -0.017591 0.0862466 -3.15407e-05 1.78634e-05 4.9117e-05 -3.15407e-05 0.00937989 -0.0174271 -3.31218e-05 1.78634e-05 -0.0174271 0.0864052 
0.00969791 -0.0175957 7.13797e-05 -3.69408e-05 -0.0175957 0.0862351 -3.51521e-05 1.01225e-05 7.13797e-05 -3.51521e-05 0.00937718 -0.0174179 -3.69408e-05 1.01225e-05 -0.0174179 0.0864203 
0.0100865 -0.0183184 9.23276e-05 -6.11903e-05 -0.0183184 0.0898399 -6.08175e-05 3.88562e-05 9.23276e-05 -6.08175e-05 0.00978126 -0.0181507 -6.11903e-05 3.88562e-05 -0.0181507 0.0900719 
0.0100956 -0.0183241 9.48668e-05 -8.22569e-05 -0.0183241 0.0899309 -8.38014e-05 8.80546e-05 9.48668e-05 -8.38014e-05 0.00979398 -0.0181855 -8.22569e-05 8.80546e-05 -0.0181855 0.0902248 
0.0101298 -0.0182865 8.02526e-05 -7.97644e-05 -0.0182865 0.0897609 -8.59738e-05 0.000105883 8.02526e-05 -8.59738e-05 0.00973703 -0.0181596 -7.97644e-05 0.000105883 -0.0181596 0.0901107 
0.0101497 -0.0182924 4.67604e-05 -6.39039e-05 -0.0182924 0.0895702 -7.46698e-05 9.41492e-05 4.67604e-05 -7.46698e-05 0.00966434 -0.0180491 -6.39039e-05 9.41492e-05 -0.0180491 0.0897551 
0.010204 -0.018383 2.85901e-05 -2.63144e-05 -0.018383 0.0898326 -3.57734e-05 3.18884e-05 2.85901e-05 -3.57734e-05 0.00964727 -0.0180077 -2.63144e-05 3.18884e-05 -0.0180077 0.0897002 
0.0102175 -0.0185045 3.83913e-05 1.53826e-06 -0.0185045 0.0902873 -2.87941e-06 -5.63252e-05 3.83913e-05 -2.87941e-06 0.00969613 -0.01801 1.53826e-06 -5.63252e-05 -0.01801 0.089792 
0.0102357 -0.018522 4.25365e-05 -1.22954e-05 -0.018522 0.0905006 -1.26359e-05 -7.41514e-05 4.25365e-05 -1.26359e-05 0.00970533 -0.0180539 -1.22954e-05 -7.41514e-05 -0.0180539 0.0898724 
0.00975831 -0.0177277 6.02147e-05 -2.50847e-05 -0.0177277 0.0866386 -2.57884e-05 -3.64714e-05 6.02147e-05 -2.57884e-05 0.0093301 -0.0172809 -2.50847e-05 -3.64714e-05 -0.0172809 0.0860239 
0.00974892 -0.017717 8.7177e-05 -5.5842e-05 -0.017717 0.0867623 -5.48732e-05 3.20639e-05 8.7177e-05 -5.48732e-05 0.00939151 -0.0173771 -5.5842e-05 3.20639e-05 -0.0173771 0.0863174 
0.00975584 -0.0177433 0.000104198 -8.68424e-05 -0.0177433 0.0869982 -8.52096e-05 0.000106641 0.000104198 -8.52096e-05 0.00945585 -0.0175052 -8.68424e-05 0.000106641 -0.0175052 0.0868196 
0.00977273 -0.01774 8.53378e-05 -9.74583e-05 -0.01774 0.0870716 -9.31435e-05 0.000139387 8.53378e-05 -9.31435e-05 0.00947881 -0.0175742 -9.74583e-05 0.000139387 -0.0175742 0.0871197 
0.00975513 -0.0176777 5.60212e-05 -7.42055e-05 -0.0176777 0.0867531 -7.30057e-05 0.000118799 5.60212e-05 -7.30057e-05 0.00944621 -0.0175319 -7.42055e-05 0.000118799 -0.0175319 0.0869357 
0.00971822 -0.0175851 3.71356e-05 -3.89376e-05 -0.0175851 0.0862521 -4.39391e-05 6.03129e-05 3.71356e-05 -4.39391e-05 0.00938415 -0.017437 -3.89376e-05 6.03129e-05 -0.017437 0.0864963 
0.0101518 -0.018354 6.04191e-05 -7.06554e-06 -0.018354 0.0899354 -2.02699e-05 -1.87149e-05 6.04191e-05 -2.02699e-05 0.00976496 -0.0181557 -7.06554e-06 -1.87149e-05 -0.0181557 0.0901305 
0.0101409 -0.0183643 8.19342e-05 -3.28722e-05 -0.0183643 0.0899055 -4.75716e-05 -1.11948e-05 8.19342e-05 -4.75716e-05 0.0097613 -0.0181186 -3.28722e-05 -1.11948e-05 -0.0181186 0.0899966 
0.0101153 -0.0183911 9.75143e-05 -6.93184e-05 -0.0183911 0.0900452 -7.65153e-05 6.39188e-05 9.75143e-05 -7.65153e-05 0.00981369 -0.0181397 -6.93184e-05 6.39188e-05 -0.0181397 0.0900681 
0.00966778 -0.0175713 8.06381e-05 -8.91316e-05 -0.0175713 0.0861888 -8.94807e-05 0.000124415 8.06381e-05 -8.94807e-05 0.00941552 -0.0174272 -8.91316e-05 0.000124415 -0.0174272 0.0863478 
0.0101276 -0.0183519 6.73388e-05 -8.14502e-05 -0.0183519 0.0900829 -7.95931e-05 0.000142149 6.73388e-05 -7.95931e-05 0.0098418 -0.0182597 -8.14502e-05 0.000142149 -0.0182597 0.0904341 
0.009708 -0.0175505 5.83232e-05 -5.49438e-05 -0.0175505 0.0860704 -4.87455e-05 9.03205e-05 5.83232e-05 -4.87455e-05 0.00937814 -0.0174431 -5.49438e-05 9.03205e-05 -0.0174431 0.0864524 
0.00978082 -0.0176808 4.69401e-05 -4.26893e-05 -0.0176808 0.0865843 -3.24878e-05 3.62909e-05 4.69401e-05 -3.24878e-05 0.00939942 -0.0175013 -4.26893e-05 3.62909e-05 -0.0175013 0.0868591 
0.0097831 -0.0177102 4.72397e-05 -2.68091e-05 -0.0177102 0.0866726 -2.07395e-05 -5.27202e-06 4.72397e-05 -2.07395e-05 0.00941401 -0.0174717 -2.68091e-05 -5.27202e-06 -0.0174717 0.0868023 
0.00978499 -0.0177284 6.20403e-05 -2.92982e-05 -0.0177284 0.0867949 -3.3413e-05 -1.64951e-06 6.20403e-05 -3.3413e-05 0.00945116 -0.0175099 -2.92982e-05 -1.64951e-06 -0.0175099 0.0869039 
0.00986268 -0.0178026 8.3586e-05 -3.94805e-05 -0.0178026 0.0871972 -5.4633e-05 2.30344e-05 8.3586e-05 -5.4633e-05 0.00946754 -0.0176275 -3.94805e-05 2.30344e-05 -0.0176275 0.0873878 
0.00989284 -0.017867 0.000110237 -6.76036e-05 -0.017867 0.0873857 -8.70483e-05 8.93461e-05 0.000110237 -8.70483e-05 0.0094674 -0.0176262 -6.76036e-05 8.93461e-05 -0.0176262 0.0875277 
0.00989533 -0.0178785 0.000107569 -0.0001019 -0.0178785 0.0874108 -0.00011729 0.000170068 0.000107569 -0.00011729 0.00946012 -0.017596 -0.0001019 0.000170068 -0.017596 0.0874405 
0.00989863 -0.0179301 0.000103773 -0.000104057 -0.0179301 0.0876614 -0.000112615 0.000205573 0.000103773 -0.000112615 0.00949428 -0.0176304 -0.000104057 0.000205573 -0.0176304 0.087614 
0.00988058 -0.0179111 9.75945e-05 -0.000100605 -0.0179111 0.0876628 -0.00010117 0.00019929 9.75945e-05 -0.00010117 0.00952059 -0.0176469 -0.000100605 0.00019929 -0.0176469 0.0876429 
0.0098867 -0.0178723 9.31375e-05 -9.68572e-05 -0.0178723 0.0875573 -9.36547e-05 0.000187498 9.31375e-05 -9.36547e-05 0.00951447 -0.0176735 -9.68572e-05 0.000187498 -0.0176735 0.0876767 
0.00993947 -0.017925 7.41695e-05 -9.37501e-05 -0.017925 0.0877479 -8.86941e-05 0.000177497 7.41695e-05 -8.86941e-05 0.00951062 -0.0177156 -9.37501e-05 0.000177497 -0.0177156 0.0879215 
0.00995081 -0.0179457 4.21281e-05 -6.53189e-05 -0.0179457 0.0877214 -5.91318e-05 0.000123412 4.21281e-05 -5.91318e-05 0.0094863 -0.0176597 -6.53189e-05 0.000123412 -0.0176597 0.0877743 
0.00997387 -0.0179743 2.82665e-05 -2.42412e-05 -0.0179743 0.0878085 -1.49954e-05 2.60299e-05 2.82665e-05 -1.49954e-05 0.00945796 -0.017646 -2.42412e-05 2.60299e-05 -0.017646 0.0877362 
0.00996667 -0.0179917 3.09545e-05 -2.91066e-06 -0.0179917 0.0878427 1.07145e-05 -6.41405e-05 3.09545e-05 1.07145e-05 0.00944321 -0.0176086 -2.91066e-06 -6.41405e-05 -0.0176086 0.0876501 
0.00989031 -0.0178692 4.22979e-05 -6.79554e-06 -0.0178692 0.0872762 7.02545e-06 -9.24477e-05 4.22979e-05 7.02545e-06 0.00937905 -0.0174658 -6.79554e-06 -9.24477e-05 -0.0174658 0.0869814 
0.009788 -0.0177169 4.33969e-05 -2.37879e-05 -0.0177169 0.0865685 -1.28353e-05 -6.41557e-05 4.33969e-05 -1.28353e-05 0.0093256 -0.017316 -2.37879e-05 -6.41557e-05 -0.017316 0.0862234 
0.0101376 -0.0184243 3.72297e-05 -2.67037e-05 -0.0184243 0.0901091 -1.80233e-05 -4.56871e-05 3.72297e-05 -1.80233e-05 0.00977594 -0.0180589 -2.67037e-05 -4.56871e-05 -0.0180589 0.0898034 
0.0101171 -0.0183515 3.91922e-05 -1.29469e-05 -0.0183515 0.0899526 -8.3541e-06 -5.87972e-05 3.91922e-05 -8.3541e-06 0.00978767 -0.0181318 -1.29469e-05 -5.87972e-05 -0.0181318 0.0899 
0.0101404 -0.018389 3.93486e-05 -5.62696e-06 -0.018389 0.0901376 -9.5012e-06 -7.96074e-05 3.93486e-05 -9.5012e-06 0.0098102 -0.018205 -5.62696e-06 -7.96074e-05 -0.018205 0.0902592 
0.00968956 -0.0176212 4.56385e-05 -1.32899e-05 -0.0176212 0.0863764 -2.51425e-05 -4.82232e-05 4.56385e-05 -2.51425e-05 0.00941177 -0.0174449 -1.32899e-05 -4.82232e-05 -0.0174449 0.0865402 
0.0096991 -0.0175636 4.56395e-05 -2.86982e-05 -0.0175636 0.0862152 -4.34564e-05 -1.53286e-07 4.56395e-05 -4.34564e-05 0.00937334 -0.0174352 -2.86982e-05 -1.53286e-07 -0.0174352 0.0864618 
0.0101259 -0.0183612 5.96268e-05 -3.53338e-05 -0.0183612 0.0900161 -4.8839e-05 3.70613e-05 5.96268e-05 -4.8839e-05 0.00979216 -0.0181675 -3.53338e-05 3.70613e-05 -0.0181675 0.0902284 
0.0100887 -0.0183481 5.87205e-05 -4.57035e-05 -0.0183481 0.0899569 -5.07531e-05 4.95045e-05 5.87205e-05 -5.07531e-05 0.00981777 -0.018154 -4.57035e-05 4.95045e-05 -0.018154 0.0901198 
0.0100853 -0.0183163 7.25315e-05 -5.41517e-05 -0.0183163 0.08992 -5.25439e-05 6.95081e-05 7.25315e-05 -5.25439e-05 0.00982938 -0.0181997 -5.41517e-05 6.95081e-05 -0.0181997 0.0901927 
0.00964388 -0.0175307 6.66502e-05 -6.58151e-05 -0.0175307 0.0860581 -6.08252e-05 8.69059e-05 6.66502e-05 -6.08252e-05 0.00941576 -0.0174417 -6.58151e-05 8.69059e-05 -0.0174417 0.0864173 
0.0100684 -0.0182253 7.02075e-05 -6.26608e-05 -0.0182253 0.0895216 -5.88603e-05 9.14507e-05 7.02075e-05 -5.88603e-05 0.00975953 -0.0181636 -6.26608e-05 9.14507e-05 -0.0181636 0.0899895 
0.0101623 -0.0183416 6.96054e-05 -6.07271e-05 -0.0183416 0.0899339 -6.22926e-05 8.94067e-05 6.96054e-05 -6.22926e-05 0.00972252 -0.0181816 -6.07271e-05 8.94067e-05 -0.0181816 0.0902774 
0.0101691 -0.0184269 6.69936e-05 -5.18264e-05 -0.0184269 0.0901549 -6.00477e-05 7.5471e-05 6.69936e-05 -6.00477e-05 0.00970861 -0.0180919 -5.18264e-05 7.5471e-05 -0.0180919 0.0901308 
0.00970014 -0.0176334 6.13161e-05 -4.66973e-05 -0.0176334 0.0863207 -5.62677e-05 6.46888e-05 6.13161e-05 -5.62677e-05 0.00929345 -0.0172611 -4.66973e-05 6.46888e-05 -0.0172611 0.0860214 
0.00967726 -0.017597 6.16173e-05 -4.74871e-05 -0.017597 0.0862868 -5.59024e-05 6.56396e-05 6.16173e-05 -5.59024e-05 0.00931156 -0.0172681 -4.74871e-05 6.56396e-05 -0.0172681 0.0859594 
0.0101163 -0.0183456 7.77131e-05 -5.61547e-05 -0.0183456 0.0900537 -6.22545e-05 8.52724e-05 7.77131e-05 -6.22545e-05 0.00972314 -0.0180701 -5.61547e-05 8.52724e-05 -0.0180701 0.0898454 
0.0100628 -0.0182664 8.10769e-05 -7.49608e-05 -0.0182664 0.0895995 -7.89178e-05 0.000122594 8.10769e-05 -7.89178e-05 0.00970614 -0.0179789 -7.49608e-05 0.000122594 -0.0179789 0.0894333 
0.0100153 -0.018198 7.67571e-05 -8.09699e-05 -0.018198 0.0892672 -7.82953e-05 0.000144073 7.67571e-05 -7.82953e-05 0.00970157 -0.0179422 -8.09699e-05 0.000144073 -0.0179422 0.0891371 
0.0100091 -0.0182253 8.61662e-05 -8.07628e-05 -0.0182253 0.0894458 -7.23387e-05 0.000147668 8.61662e-05 -7.23387e-05 0.00974913 -0.0180311 -8.07628e-05 0.000147668 -0.0180311 0.0894444 
0.0100622 -0.0182826 9.4388e-05 -9.02541e-05 -0.0182826 0.0898298 -8.15821e-05 0.000157348 9.4388e-05 -8.15821e-05 0.00979279 -0.0181574 -9.02541e-05 0.000157348 -0.0181574 0.0899983 
0.00962141 -0.0175487 8.37835e-05 -8.65831e-05 -0.0175487 0.0861843 -7.93596e-05 0.000148145 8.37835e-05 -7.93596e-05 0.00941781 -0.0174198 -8.65831e-05 0.000148145 -0.0174198 0.0864046 
0.0096258 -0.0175038 8.5203e-05 -8.17624e-05 -0.0175038 0.086118 -7.45846e-05 0.000142978 8.5203e-05 -7.45846e-05 0.00940853 -0.0174507 -8.17624e-05 0.000142978 -0.0174507 0.0864753 
0.0100362 -0.0182276 8.33175e-05 -8.34628e-05 -0.0182276 0.0896396 -7.61307e-05 0.000135429 8.33175e-05 -7.61307e-05 0.00979404 -0.0181657 -8.34628e-05 0.000135429 -0.0181657 0.0900926 
0.010005 -0.0181883 6.08063e-05 -8.09799e-05 -0.0181883 0.0893774 -7.3143e-05 0.000133596 6.08063e-05 -7.3143e-05 0.00976542 -0.018097 -8.09799e-05 0.000133596 -0.018097 0.0897938 
0.00996586 -0.0180895 4.06806e-05 -5.90689e-05 -0.0180895 0.08889 -5.28048e-05 0.000107892 4.06806e-05 -5.28048e-05 0.00970131 -0.0179906 -5.90689e-05 0.000107892 -0.0179906 0.0892573 
0.00994788 -0.0180539 2.40003e-05 -2.71651e-05 -0.0180539 0.0886394 -2.57068e-05 4.36818e-05 2.40003e-05 -2.57068e-05 0.00965967 -0.0179178 -2.71651e-05 4.36818e-05 -0.0179178 0.0889219 
0.00994005 -0.0180506 1.62128e-05 5.01534e-06 -0.0180506 0.0885732 -3.27407e-06 -3.50016e-05 1.62128e-05 -3.27407e-06 0.00964017 -0.0178809 5.01534e-06 -3.50016e-05 -0.0178809 0.0887564 
0.00997982 -0.0180756 1.8349e-05 1.69761e-05 -0.0180756 0.0886958 3.5658e-06 -8.20205e-05 1.8349e-05 3.5658e-06 0.0096236 -0.0178977 1.69761e-05 -8.20205e-05 -0.0178977 0.0888354 
0.0100225 -0.0181928 2.77775e-05 9.47036e-06 -0.0181928 0.0891589 -4.46605e-06 -8.0131e-05 2.77775e-05 -4.46605e-06 0.0096645 -0.017948 9.47036e-06 -8.0131e-05 -0.017948 0.0891869 
0.0100653 -0.018264 5.07244e-05 -1.13012e-05 -0.018264 0.0895369 -2.15863e-05 -3.59998e-05 5.07244e-05 -2.15863e-05 0.00969907 -0.018008 -1.13012e-05 -3.59998e-05 -0.018008 0.0894779 
0.0100734 -0.0182671 6.40808e-05 -4.30494e-05 -0.0182671 0.0895457 -4.67519e-05 2.93365e-05 6.40808e-05 -4.67519e-05 0.00970671 -0.0180056 -4.30494e-05 2.93365e-05 -0.0180056 0.0894541 
0.01012 -0.0183133 8.00965e-05 -5.53711e-05 -0.0183133 0.0897494 -5.43549e-05 6.69419e-05 8.00965e-05 -5.43549e-05 0.00970492 -0.0180558 -5.53711e-05 6.69419e-05 -0.0180558 0.0896596 
0.0101586 -0.0183696 6.13694e-05 -7.52583e-05 -0.0183696 0.0899324 -7.43902e-05 0.000110758 6.13694e-05 -7.43902e-05 0.00968697 -0.0180593 -7.52583e-05 0.000110758 -0.0180593 0.0897723 
0.0102091 -0.0184218 5.74145e-05 -5.15278e-05 -0.0184218 0.090112 -5.13278e-05 9.43786e-05 5.74145e-05 -5.13278e-05 0.00965147 -0.0180367 -5.15278e-05 9.43786e-05 -0.0180367 0.0897905 
0.0102397 -0.0184923 5.86507e-05 -3.61494e-05 -0.0184923 0.0903159 -3.6097e-05 4.21226e-05 5.86507e-05 -3.6097e-05 0.00963618 -0.0179839 -3.61494e-05 4.21226e-05 -0.0179839 0.0897099 
0.0102262 -0.0185388 5.19978e-05 -3.72579e-05 -0.0185388 0.0904958 -3.7497e-05 2.16176e-05 5.19978e-05 -3.7497e-05 0.00967679 -0.0179574 -3.72579e-05 2.16176e-05 -0.0179574 0.0896283 
0.0102008 -0.018507 4.63684e-05 -3.59635e-05 -0.018507 0.0904923 -3.86856e-05 2.65792e-05 4.63684e-05 -3.86856e-05 0.00971419 -0.018015 -3.59635e-05 2.65792e-05 -0.018015 0.0896937 
0.0101689 -0.0184403 4.72284e-05 -2.76749e-05 -0.0184403 0.0902739 -2.99927e-05 1.41546e-05 4.72284e-05 -2.99927e-05 0.00972045 -0.0180452 -2.76749e-05 1.41546e-05 -0.0180452 0.0897125 
0.0101071 -0.0184145 5.50598e-05 -2.68221e-05 -0.0184145 0.0901848 -3.0655e-05 7.87215e-06 5.50598e-05 -3.0655e-05 0.00977806 -0.0180746 -2.68221e-05 7.87215e-06 -0.0180746 0.0898276 
0.0100197 -0.018345 6.10888e-05 -4.03951e-05 -0.018345 0.0900614 -4.55366e-05 3.34342e-05 6.10888e-05 -4.55366e-05 0.00986935 -0.0181491 -4.03951e-05 3.34342e-05 -0.0181491 0.0900002 
0.00998364 -0.0181961 8.22797e-05 -5.09602e-05 -0.0181961 0.0896433 -5.71804e-05 6.68885e-05 8.22797e-05 -5.71804e-05 0.00986082 -0.0182297 -5.09602e-05 6.68885e-05 -0.0182297 0.0900901 
0.0100181 -0.018207 9.43766e-05 -8.54356e-05 -0.018207 0.0896683 -9.22178e-05 0.000146189 9.43766e-05 -9.22178e-05 0.00985952 -0.0182835 -8.54356e-05 0.000146189 -0.0182835 0.0904213 
0.010058 -0.018207 8.55066e-05 -9.72978e-05 -0.018207 0.0895468 -9.89756e-05 0.000193455 8.55066e-05 -9.89756e-05 0.00980977 -0.0182224 -9.72978e-05 0.000193455 -0.0182224 0.090271 
0.0101379 -0.0183115 7.21014e-05 -8.84585e-05 -0.0183115 0.0898523 -8.73751e-05 0.000195185 7.21014e-05 -8.73751e-05 0.00979486 -0.0182186 -8.84585e-05 0.000195185 -0.0182186 0.0903793 
0.00978617 -0.017675 5.06927e-05 -6.3495e-05 -0.017675 0.0865464 -6.40144e-05 0.000145905 5.06927e-05 -6.40144e-05 0.00937589 -0.0174721 -6.3495e-05 0.000145905 -0.0174721 0.0867818 
0.00985174 -0.0177978 2.52312e-05 -3.82034e-05 -0.0177978 0.0870513 -4.05009e-05 8.80962e-05 2.52312e-05 -4.05009e-05 0.00937673 -0.0174943 -3.82034e-05 8.80962e-05 -0.0174943 0.0870186 
0.00992259 -0.0179077 2.91595e-05 1.47841e-06 -0.0179077 0.0875455 -3.25903e-06 -4.45686e-06 2.91595e-05 -3.25903e-06 0.00938144 -0.0175235 1.47841e-06 -4.45686e-06 -0.0175235 0.0872822 
0.00994755 -0.0179823 3.43473e-05 7.67231e-07 -0.0179823 0.0878327 -5.10955e-06 -4.91785e-05 3.43473e-05 -5.10955e-06 0.00939653 -0.0175042 7.67231e-07 -4.91785e-05 -0.0175042 0.0873173 
0.00991656 -0.0180031 4.52891e-05 -9.8005e-06 -0.0180031 0.0879534 -1.48808e-05 -3.84071e-05 4.52891e-05 -1.48808e-05 0.00944747 -0.017501 -9.8005e-06 -3.84071e-05 -0.017501 0.0872778 
0.00981811 -0.0178442 6.67144e-05 -3.45447e-05 -0.0178442 0.0873457 -3.50571e-05 1.60595e-05 6.67144e-05 -3.50571e-05 0.0094493 -0.0174386 -3.45447e-05 1.60595e-05 -0.0174386 0.0867571 
0.00979398 -0.0177929 8.51072e-05 -6.47511e-05 -0.0177929 0.087235 -6.1467e-05 8.55414e-05 8.51072e-05 -6.1467e-05 0.00948945 -0.0175325 -6.47511e-05 8.55414e-05 -0.0175325 0.0869601 
0.00974616 -0.0176929 9.81898e-05 -8.98106e-05 -0.0176929 0.0868179 -8.71485e-05 0.000160053 9.81898e-05 -8.71485e-05 0.0094854 -0.0175423 -8.98106e-05 0.000160053 -0.0175423 0.0868976 
0.00968983 -0.0175669 8.97615e-05 -0.000102946 -0.0175669 0.0862249 -0.000106644 0.000216507 8.97615e-05 -0.000106644 0.00944333 -0.0174853 -0.000102946 0.000216507 -0.0174853 0.0865708 
0.0101212 -0.0183254 8.08677e-05 -8.39439e-05 -0.0183254 0.089902 -9.64453e-05 0.00020871 8.08677e-05 -9.64453e-05 0.00983441 -0.0182518 -8.39439e-05 0.00020871 -0.0182518 0.0903848 
0.0101224 -0.0182921 6.73024e-05 -6.7054e-05 -0.0182921 0.089643 -8.0045e-05 0.000169181 6.73024e-05 -8.0045e-05 0.00976912 -0.0181583 -6.7054e-05 0.000169181 -0.0181583 0.0900381 
0.0101465 -0.0183622 5.25573e-05 -5.31349e-05 -0.0183622 0.0898515 -6.18799e-05 0.000128195 5.25573e-05 -6.18799e-05 0.00976747 -0.0181354 -5.31349e-05 0.000128195 -0.0181354 0.0900388 
0.00975039 -0.0176343 5.91464e-05 -4.48593e-05 -0.0176343 0.0862769 -4.47713e-05 0.000101205 5.91464e-05 -4.47713e-05 0.00935082 -0.0173812 -4.48593e-05 0.000101205 -0.0173812 0.0862995 
0.00981157 -0.0177288 5.91402e-05 -5.25027e-05 -0.0177288 0.086694 -4.60889e-05 9.14006e-05 5.91402e-05 -4.60889e-05 0.00935906 -0.017428 -5.25027e-05 9.14006e-05 -0.017428 0.0865863 
0.00988827 -0.0179095 4.96008e-05 -5.18175e-05 -0.0179095 0.0875257 -4.72831e-05 9.1575e-05 4.96008e-05 -4.72831e-05 0.00943566 -0.01755 -5.18175e-05 9.1575e-05 -0.01755 0.0872836 
0.00989329 -0.0179485 5.96509e-05 -3.43638e-05 -0.0179485 0.0877944 -3.25708e-05 6.00626e-05 5.96509e-05 -3.25708e-05 0.00949222 -0.0175964 -3.43638e-05 6.00626e-05 -0.0175964 0.0875117 
0.00991685 -0.0179695 5.62175e-05 -4.52961e-05 -0.0179695 0.0880148 -4.15864e-05 5.37522e-05 5.62175e-05 -4.15864e-05 0.00954096 -0.0176975 -4.52961e-05 5.37522e-05 -0.0176975 0.0878767 
0.00994646 -0.0179724 4.18283e-05 -4.30471e-05 -0.0179724 0.0880477 -3.61074e-05 4.81392e-05 4.18283e-05 -3.61074e-05 0.00953849 -0.0177456 -4.30471e-05 4.81392e-05 -0.0177456 0.0880743 
0.00994832 -0.0179301 4.43586e-05 -2.95728e-05 -0.0179301 0.087752 -1.99576e-05 2.63645e-05 4.43586e-05 -1.99576e-05 0.00947974 -0.0176721 -2.95728e-05 2.63645e-05 -0.0176721 0.0878014 
0.0099547 -0.0179471 6.40565e-05 -3.34775e-05 -0.0179471 0.0876912 -2.65154e-05 2.42978e-05 6.40565e-05 -2.65154e-05 0.00944568 -0.017604 -3.34775e-05 2.42978e-05 -0.017604 0.0875905 
0.00990899 -0.0178959 6.88223e-05 -5.43429e-05 -0.0178959 0.0873855 -5.05568e-05 5.82139e-05 6.88223e-05 -5.05568e-05 0.00941724 -0.0175016 -5.43429e-05 5.82139e-05 -0.0175016 0.0871274 
0.00992137 -0.017921 6.84133e-05 -5.85886e-05 -0.017921 0.0875361 -5.60666e-05 8.13344e-05 6.84133e-05 -5.60666e-05 0.0094445 -0.017539 -5.85886e-05 8.13344e-05 -0.017539 0.0872315 
0.00990123 -0.0178639 5.09845e-05 -5.78306e-05 -0.0178639 0.0872869 -5.65324e-05 8.97581e-05 5.09845e-05 -5.65324e-05 0.00941646 -0.0175251 -5.78306e-05 8.97581e-05 -0.0175251 0.0870765 
0.00986868 -0.0177824 5.24859e-05 -3.74819e-05 -0.0177824 0.0868632 -3.67713e-05 6.19069e-05 5.24859e-05 -3.67713e-05 0.00936413 -0.0174446 -3.74819e-05 6.19069e-05 -0.0174446 0.0867098 
0.0098689 -0.0178496 5.05812e-05 -3.79203e-05 -0.0178496 0.0871223 -4.25022e-05 5.15174e-05 5.05812e-05 -4.25022e-05 0.00941285 -0.0174797 -3.79203e-05 5.15174e-05 -0.0174797 0.0869315 
0.00981908 -0.0178378 5.45735e-05 -3.33316e-05 -0.0178378 0.0871697 -4.00786e-05 4.46605e-05 5.45735e-05 -4.00786e-05 0.00946614 -0.0175129 -3.33316e-05 4.46605e-05 -0.0175129 0.0870066 
0.00977648 -0.0177401 4.76047e-05 -3.84073e-05 -0.0177401 0.0869043 -4.26204e-05 4.60866e-05 4.76047e-05 -4.26204e-05 0.00946978 -0.0175372 -3.84073e-05 4.60866e-05 -0.0175372 0.0869488 
0.00976519 -0.0176865 4.03148e-05 -3.224e-05 -0.0176865 0.0866963 -3.26402e-05 3.66931e-05 4.03148e-05 -3.26402e-05 0.00946197 -0.0175434 -3.224e-05 3.66931e-05 -0.0175434 0.0869364 
0.00974835 -0.0176443 3.94668e-05 -2.39802e-05 -0.0176443 0.0864582 -2.03017e-05 1.41753e-05 3.94668e-05 -2.03017e-05 0.00942555 -0.0175099 -2.39802e-05 1.41753e-05 -0.0175099 0.0867853 
0.00975844 -0.0176585 5.35992e-05 -2.20234e-05 -0.0176585 0.0864941 -1.65633e-05 -2.83387e-06 5.35992e-05 -1.65633e-05 0.00941175 -0.0174984 -2.20234e-05 -2.83387e-06 -0.0174984 0.0868054 
0.00975096 -0.0176525 6.03229e-05 -4.21386e-05 -0.0176525 0.0864352 -3.68103e-05 2.51804e-05 6.03229e-05 -3.68103e-05 0.00940504 -0.0174573 -4.21386e-05 2.51804e-05 -0.0174573 0.0866686 
0.0101658 -0.0183917 6.22071e-05 -5.52185e-05 -0.0183917 0.090064 -5.32172e-05 6.77629e-05 6.22071e-05 -5.32172e-05 0.00979841 -0.0181928 -5.52185e-05 6.77629e-05 -0.0181928 0.0902825 
0.00978043 -0.0176867 5.93259e-05 -4.84543e-05 -0.0176867 0.0865756 -5.29697e-05 7.82084e-05 5.93259e-05 -5.29697e-05 0.0093976 -0.017478 -4.84543e-05 7.82084e-05 -0.017478 0.0867418 
0.00982188 -0.0177431 4.80978e-05 -4.14963e-05 -0.0177431 0.0868041 -4.93799e-05 6.73027e-05 4.80978e-05 -4.93799e-05 0.00939985 -0.0174855 -4.14963e-05 6.73027e-05 -0.0174855 0.0868575 
0.00987172 -0.0177915 3.90636e-05 -2.81528e-05 -0.0177915 0.0869721 -3.28951e-05 3.83115e-05 3.90636e-05 -3.28951e-05 0.0093752 -0.0174804 -2.81528e-05 3.83115e-05 -0.0174804 0.0868837 
0.00988286 -0.0178756 4.33185e-05 -2.13275e-05 -0.0178756 0.0872465 -1.86414e-05 1.14249e-05 4.33185e-05 -1.86414e-05 0.00940342 -0.0174652 -2.13275e-05 1.14249e-05 -0.0174652 0.0869356 
0.00984627 -0.0178406 4.44986e-05 -2.91788e-05 -0.0178406 0.0871533 -2.01376e-05 4.4964e-06 4.44986e-05 -2.01376e-05 0.00939979 -0.0174471 -2.91788e-05 4.4964e-06 -0.0174471 0.0867573 
0.00982252 -0.0177989 7.43679e-05 -3.56818e-05 -0.0177989 0.0870697 -2.38409e-05 1.72785e-05 7.43679e-05 -2.38409e-05 0.00939649 -0.0174692 -3.56818e-05 1.72785e-05 -0.0174692 0.0867881 
