0.00662849 0 -0.00011225 0 0 0.00970142 0 0 -0.00011225 0 0.00710726 0 0 0 0 0.00970142 
0.00969595 -0.0120452 -0.000119029 0.000144751 -0.0120452 0.0322541 0.000144751 -0.000278036 -0.000119029 0.000144751 0.0103259 -0.0128073 0.000144751 -0.000278036 -0.0128073 0.0337158 
0.00958073 -0.0179366 -5.12587e-05 0.000101207 -0.0179366 0.0663218 0.000101207 -0.00030367 -5.12587e-05 0.000101207 0.0100122 -0.018631 0.000101207 -0.00030367 -0.018631 0.0684457 
0.0091321 -0.0178558 -3.00846e-05 -5.69077e-05 -0.0178558 0.0804176 -6.16629e-05 0.000354981 -3.00846e-05 -6.16629e-05 0.00945112 -0.0181418 -5.69077e-05 0.000354981 -0.0181418 0.0811271 
0.00910844 -0.0172563 -3.91547e-05 -7.68165e-05 -0.0172563 0.0838502 -8.38995e-05 0.000732419 -3.91547e-05 -8.38995e-05 0.00939976 -0.0174611 -7.68165e-05 0.000732419 -0.0174611 0.083878 
0.00931534 -0.0173988 -5.52629e-05 -3.24008e-05 -0.0173988 0.0860968 -3.61561e-05 0.000633415 -5.52629e-05 -3.61561e-05 0.00968683 -0.0176069 -3.24008e-05 0.000633415 -0.0176069 0.086075 
0.0094272 -0.0175259 -6.92288e-05 3.94891e-06 -0.0175259 0.087109 3.70462e-06 0.000413692 -6.92288e-05 3.70462e-06 0.00988705 -0.0178397 3.94891e-06 0.000413692 -0.0178397 0.0873252 
0.00936918 -0.0173552 -8.23689e-05 2.82064e-05 -0.0173552 0.0863635 2.24803e-05 0.000251936 -8.23689e-05 2.24803e-05 0.00983538 -0.0177635 2.82064e-05 0.000251936 -0.0177635 0.086858 
0.00936359 -0.0173504 -7.3162e-05 4.4471e-05 -0.0173504 0.0862829 3.59273e-05 0.00016435 -7.3162e-05 3.59273e-05 0.00984469 -0.0177827 4.4471e-05 0.00016435 -0.0177827 0.0869505 
0.00943995 -0.0174735 -6.94502e-05 2.63308e-05 -0.0174735 0.0868869 2.41041e-05 0.000160487 -6.94502e-05 2.41041e-05 0.0099194 -0.0179395 2.63308e-05 0.000160487 -0.0179395 0.0876743 
0.00933773 -0.0173135 -7.69558e-05 1.37995e-05 -0.0173135 0.0860253 2.18695e-05 0.000179769 -7.69558e-05 2.18695e-05 0.00984394 -0.0177685 1.37995e-05 0.000179769 -0.0177685 0.0868393 
0.00935521 -0.0173076 -6.69727e-05 1.69536e-05 -0.0173076 0.0860086 3.22908e-05 0.000182345 -6.69727e-05 3.22908e-05 0.00980631 -0.0177925 1.69536e-05 0.000182345 -0.0177925 0.0868674 
0.00936407 -0.0173493 -6.71111e-05 1.31951e-05 -0.0173493 0.0861165 2.86408e-05 0.000178811 -6.71111e-05 2.86408e-05 0.00979267 -0.0177679 1.31951e-05 0.000178811 -0.0177679 0.0868992 
0.00958547 -0.0176963 -6.16132e-05 1.33982e-05 -0.0176963 0.0878454 2.50726e-05 0.000187783 -6.16132e-05 2.50726e-05 0.00993891 -0.0180869 1.33982e-05 0.000187783 -0.0180869 0.088528 
0.00959119 -0.0176798 -5.23213e-05 9.43988e-06 -0.0176798 0.0876329 1.80672e-05 0.000192296 -5.23213e-05 1.80672e-05 0.00986323 -0.017982 9.43988e-06 0.000192296 -0.017982 0.0881558 
0.00959898 -0.0176896 -5.4103e-05 5.47302e-06 -0.0176896 0.0875564 1.11379e-05 0.000196144 -5.4103e-05 1.11379e-05 0.00980399 -0.01789 5.47302e-06 0.000196144 -0.01789 0.0878464 
0.00957854 -0.0177374 -6.6637e-05 6.41944e-06 -0.0177374 0.0877313 1.38707e-05 0.000196088 -6.6637e-05 1.38707e-05 0.00982807 -0.0178688 6.41944e-06 0.000196088 -0.0178688 0.0878379 
0.00954102 -0.0176623 -6.69098e-05 2.20989e-05 -0.0176623 0.0875126 2.99789e-05 0.000167288 -6.69098e-05 2.99789e-05 0.00981936 -0.0178435 2.20989e-05 0.000167288 -0.0178435 0.0876229 
0.00956223 -0.0176658 -4.41631e-05 2.7737e-05 -0.0176658 0.0875794 3.06995e-05 0.000145091 -4.41631e-05 3.06995e-05 0.00981889 -0.0178876 2.7737e-05 0.000145091 -0.0178876 0.0877848 
0.00959039 -0.0176765 -2.01479e-05 -1.71821e-06 -0.0176765 0.0875981 -5.33209e-06 0.000192821 -2.01479e-05 -5.33209e-06 0.00979669 -0.0178918 -1.71821e-06 0.000192821 -0.0178918 0.0878608 
0.00958175 -0.0176623 -1.93351e-05 -3.08294e-05 -0.0176623 0.0874438 -3.52697e-05 0.000264541 -1.93351e-05 -3.52697e-05 0.00977022 -0.0178321 -3.08294e-05 0.000264541 -0.0178321 0.0876704 
0.00960559 -0.0176738 -2.08834e-05 -3.13947e-05 -0.0176738 0.0874616 -3.19878e-05 0.000290054 -2.08834e-05 -3.19878e-05 0.00974802 -0.0178154 -3.13947e-05 0.000290054 -0.0178154 0.0876153 
0.00957144 -0.0176946 -3.40901e-05 -2.88901e-05 -0.0176946 0.0874671 -2.86907e-05 0.00028789 -3.40901e-05 -2.86907e-05 0.009774 -0.0177784 -2.88901e-05 0.00028789 -0.0177784 0.087508 
0.00953227 -0.0176248 -4.22785e-05 -8.75486e-06 -0.0176248 0.0872625 -7.22844e-06 0.000247389 -4.22785e-05 -7.22844e-06 0.00977368 -0.0177786 -8.75486e-06 0.000247389 -0.0177786 0.087354 
0.00947981 -0.0175615 -4.46164e-05 3.54429e-06 -0.0175615 0.0870153 5.40399e-06 0.000203777 -4.46164e-05 5.40399e-06 0.00977299 -0.0177677 3.54429e-06 0.000203777 -0.0177677 0.0872369 
0.00943488 -0.0174878 -5.52192e-05 5.5433e-06 -0.0174878 0.0867495 6.92266e-06 0.000183966 -5.52192e-05 6.92266e-06 0.00977082 -0.0177526 5.5433e-06 0.000183966 -0.0177526 0.0871108 
0.00941071 -0.0174767 -6.77827e-05 1.79058e-05 -0.0174767 0.0867706 1.38106e-05 0.000167882 -6.77827e-05 1.38106e-05 0.00980239 -0.0178003 1.79058e-05 0.000167882 -0.0178003 0.0872878 
0.00941359 -0.0174485 -7.17395e-05 3.42722e-05 -0.0174485 0.0867314 2.45256e-05 0.000140553 -7.17395e-05 2.45256e-05 0.00980531 -0.0178275 3.42722e-05 0.000140553 -0.0178275 0.0873799 
0.0094254 -0.0174576 -6.34752e-05 4.17158e-05 -0.0174576 0.0867538 2.88246e-05 0.000118306 -6.34752e-05 2.88246e-05 0.00979976 -0.0178376 4.17158e-05 0.000118306 -0.0178376 0.0874551 
0.00941287 -0.0174004 -6.0232e-05 3.32825e-05 -0.0174004 0.0864406 2.26824e-05 0.000116645 -6.0232e-05 2.26824e-05 0.00974051 -0.0177551 3.32825e-05 0.000116645 -0.0177551 0.0871059 
0.00942212 -0.0173938 -5.93258e-05 2.30453e-05 -0.0173938 0.0863225 2.56317e-05 0.000124121 -5.93258e-05 2.56317e-05 0.00969347 -0.0176934 2.30453e-05 0.000124121 -0.0176934 0.0868838 
0.00943902 -0.0174597 -6.73134e-05 2.21969e-05 -0.0174597 0.0865491 3.136e-05 0.000119677 -6.73134e-05 3.136e-05 0.00968939 -0.0176827 2.21969e-05 0.000119677 -0.0176827 0.0869332 
0.00947907 -0.0174958 -6.21561e-05 3.15999e-05 -0.0174958 0.0867752 4.12044e-05 9.98941e-05 -6.21561e-05 4.12044e-05 0.00968097 -0.0177098 3.15999e-05 9.98941e-05 -0.0177098 0.0870927 
0.0095144 -0.0175701 -4.24681e-05 2.5174e-05 -0.0175701 0.0870663 3.36357e-05 0.000100726 -4.24681e-05 3.36357e-05 0.00967941 -0.0177161 2.5174e-05 0.000100726 -0.0177161 0.0872524 
0.00950082 -0.0175828 -3.70495e-05 -2.19196e-06 -0.0175828 0.0871347 5.7171e-06 0.000151411 -3.70495e-05 5.7171e-06 0.00969381 -0.0176953 -2.19196e-06 0.000151411 -0.0176953 0.0872217 
0.00947174 -0.0175214 -3.41123e-05 -1.3056e-05 -0.0175214 0.0869184 -1.16285e-05 0.000205509 -3.41123e-05 -1.16285e-05 0.00968398 -0.0176626 -1.3056e-05 0.000205509 -0.0176626 0.0870059 
0.00950265 -0.0175489 -3.5103e-05 -9.40316e-06 -0.0175489 0.0870736 -1.28619e-05 0.000219089 -3.5103e-05 -1.28619e-05 0.00968953 -0.0177133 -9.40316e-06 0.000219089 -0.0177133 0.0872095 
0.00948485 -0.0174889 -4.63592e-05 -4.35157e-07 -0.0174889 0.0867319 -3.6853e-06 0.000196112 -4.63592e-05 -3.6853e-06 0.00964737 -0.0176316 -4.35157e-07 0.000196112 -0.0176316 0.0868701 
0.00949465 -0.0174525 -4.89195e-05 1.25056e-05 -0.0174525 0.0864896 9.90559e-06 0.000164137 -4.89195e-05 9.90559e-06 0.00959426 -0.0175784 1.25056e-05 0.000164137 -0.0175784 0.0866119 
0.00948675 -0.0174564 -3.27714e-05 2.30937e-05 -0.0174564 0.0863458 1.81523e-05 0.000127372 -3.27714e-05 1.81523e-05 0.00954437 -0.0174977 2.30937e-05 0.000127372 -0.0174977 0.0863191 
0.00948981 -0.0174648 -3.40434e-05 4.73925e-06 -0.0174648 0.0863574 -1.15656e-06 0.000138979 -3.40434e-05 -1.15656e-06 0.00952489 -0.0174604 4.73925e-06 0.000138979 -0.0174604 0.0861959 
0.0094835 -0.0174889 -4.58068e-05 2.26249e-06 -0.0174889 0.0864496 1.80129e-07 0.000152738 -4.58068e-05 1.80129e-07 0.00953467 -0.0174474 2.26249e-06 0.000152738 -0.0174474 0.086169 
0.00947208 -0.0175238 -5.26451e-05 1.50056e-05 -0.0175238 0.0866785 1.42368e-05 0.000137102 -5.26451e-05 1.42368e-05 0.00959471 -0.0174984 1.50056e-05 0.000137102 -0.0174984 0.0863727 
0.00947231 -0.0174992 -3.69065e-05 2.75823e-05 -0.0174992 0.0866859 2.41337e-05 0.000106512 -3.69065e-05 2.41337e-05 0.00962112 -0.0175435 2.75823e-05 0.000106512 -0.0175435 0.0864604 
0.00946377 -0.017468 -4.71881e-05 5.39356e-06 -0.017468 0.0865455 6.2855e-06 0.000124171 -4.71881e-05 6.2855e-06 0.00963402 -0.0175608 5.39356e-06 0.000124171 -0.0175608 0.0864622 
0.00946218 -0.0174766 -5.78156e-05 9.24843e-06 -0.0174766 0.0865716 1.66981e-05 0.000134965 -5.78156e-05 1.66981e-05 0.00964841 -0.0176049 9.24843e-06 0.000134965 -0.0176049 0.0866075 
0.00949106 -0.017539 -7.1112e-05 2.17156e-05 -0.017539 0.0868767 2.88139e-05 0.00011845 -7.1112e-05 2.88139e-05 0.00967328 -0.0176689 2.17156e-05 0.00011845 -0.0176689 0.0869409 
0.00946675 -0.0175122 -6.95944e-05 3.84691e-05 -0.0175122 0.0867619 4.27926e-05 8.79626e-05 -6.95944e-05 4.27926e-05 0.00965645 -0.0176325 3.84691e-05 8.79626e-05 -0.0176325 0.0868141 
0.00943518 -0.017444 -5.62186e-05 4.06366e-05 -0.017444 0.0864923 3.9592e-05 7.37703e-05 -5.62186e-05 3.9592e-05 0.00963301 -0.0175867 4.06366e-05 7.37703e-05 -0.0175867 0.0865861 
0.00943629 -0.0174305 -4.71563e-05 2.49166e-05 -0.0174305 0.0864467 2.17502e-05 9.6842e-05 -4.71563e-05 2.17502e-05 0.00962662 -0.0175907 2.49166e-05 9.6842e-05 -0.0175907 0.0865945 
0.00942205 -0.0174051 -6.14861e-05 1.4573e-05 -0.0174051 0.0862962 1.2833e-05 0.000123273 -6.14861e-05 1.2833e-05 0.00960718 -0.0175525 1.4573e-05 0.000123273 -0.0175525 0.0864425 
0.00961255 -0.0177573 -5.85646e-05 2.90712e-05 -0.0177573 0.0880124 2.84639e-05 0.000117394 -5.85646e-05 2.84639e-05 0.00978906 -0.0178789 2.90712e-05 0.000117394 -0.0178789 0.088084 
0.00960448 -0.017753 -5.76523e-05 2.2671e-05 -0.017753 0.0879766 1.9787e-05 0.00012216 -5.76523e-05 1.9787e-05 0.00977989 -0.0178594 2.2671e-05 0.00012216 -0.0178594 0.0879884 
0.00942114 -0.0173865 -5.55608e-05 2.32239e-05 -0.0173865 0.0861872 1.77644e-05 0.000124616 -5.55608e-05 1.77644e-05 0.00955336 -0.0174988 2.32239e-05 0.000124616 -0.0174988 0.0861968 
0.00963311 -0.0177508 -6.88967e-05 2.49171e-05 -0.0177508 0.0879436 2.22587e-05 0.000118363 -6.88967e-05 2.22587e-05 0.00972677 -0.0178201 2.49171e-05 0.000118363 -0.0178201 0.0878912 
0.00966592 -0.0177605 -5.16417e-05 4.11801e-05 -0.0177605 0.0879006 4.34876e-05 7.92388e-05 -5.16417e-05 4.34876e-05 0.00967341 -0.0177665 4.11801e-05 7.92388e-05 -0.0177665 0.087701 
0.00970737 -0.0178548 -4.59223e-05 2.31799e-05 -0.0178548 0.0882239 2.71512e-05 8.13351e-05 -4.59223e-05 2.71512e-05 0.00967125 -0.0177683 2.31799e-05 8.13351e-05 -0.0177683 0.087832 
0.00949096 -0.0174907 -5.04105e-05 1.74738e-05 -0.0174907 0.086392 1.91855e-05 9.52133e-05 -5.04105e-05 1.91855e-05 0.00946008 -0.017347 1.74738e-05 9.52133e-05 -0.017347 0.0858282 
0.00967219 -0.0178682 -5.11014e-05 2.65571e-05 -0.0178682 0.0883098 3.02914e-05 8.42225e-05 -5.11014e-05 3.02914e-05 0.00969014 -0.0177227 2.65571e-05 8.42225e-05 -0.0177227 0.08766 
0.00962832 -0.0177867 -4.26354e-05 2.2728e-05 -0.0177867 0.0880217 2.8667e-05 8.08545e-05 -4.26354e-05 2.8667e-05 0.00969733 -0.017701 2.2728e-05 8.08545e-05 -0.017701 0.0874446 
0.00961701 -0.0177333 -3.42661e-05 9.32217e-06 -0.0177333 0.0878158 1.31131e-05 0.000109527 -3.42661e-05 1.31131e-05 0.00969345 -0.017723 9.32217e-06 0.000109527 -0.017723 0.0874147 
0.00961347 -0.0177527 -3.04388e-05 1.78212e-06 -0.0177527 0.0878584 9.84678e-07 0.000139736 -3.04388e-05 9.84678e-07 0.00971838 -0.017748 1.78212e-06 0.000139736 -0.017748 0.0875398 
0.00961931 -0.0177968 -2.99736e-05 -1.52213e-06 -0.0177968 0.0881127 -1.86941e-06 0.00015565 -2.99736e-05 -1.86941e-06 0.00977417 -0.0178254 -1.52213e-06 0.00015565 -0.0178254 0.087867 
0.00939298 -0.0173995 -4.3434e-05 -3.85183e-06 -0.0173995 0.0862548 -1.20076e-06 0.000158673 -4.3434e-05 -1.20076e-06 0.00961205 -0.0175091 -3.85183e-06 0.000158673 -0.0175091 0.0862015 
0.00941047 -0.0173861 -6.13524e-05 9.88867e-06 -0.0173861 0.0862997 1.19973e-05 0.000145446 -6.13524e-05 1.19973e-05 0.0096352 -0.0175925 9.88867e-06 0.000145446 -0.0175925 0.0865007 
0.00943382 -0.0173864 -9.15773e-05 3.73638e-05 -0.0173864 0.0862529 3.64433e-05 9.29855e-05 -9.15773e-05 3.64433e-05 0.00962474 -0.0176031 3.73638e-05 9.29855e-05 -0.0176031 0.0865863 
0.00946427 -0.0174169 -9.5506e-05 7.3127e-05 -0.0174169 0.0862725 6.91686e-05 2.09048e-05 -9.5506e-05 6.91686e-05 0.00957803 -0.0175682 7.3127e-05 2.09048e-05 -0.0175682 0.0865126 
0.00946479 -0.0174366 -8.39477e-05 8.82489e-05 -0.0174366 0.086245 7.95416e-05 -4.01496e-05 -8.39477e-05 7.95416e-05 0.00953276 -0.0174801 8.82489e-05 -4.01496e-05 -0.0174801 0.0862476 
0.00950258 -0.0174795 -6.98922e-05 7.51408e-05 -0.0174795 0.0864429 6.91196e-05 -4.68182e-05 -6.98922e-05 6.91196e-05 0.00950055 -0.017465 7.51408e-05 -4.68182e-05 -0.017465 0.0862425 
0.00949355 -0.0174969 -5.76234e-05 5.01137e-05 -0.0174969 0.0864643 5.34813e-05 -9.02649e-06 -5.76234e-05 5.34813e-05 0.00948524 -0.017403 5.01137e-05 -9.02649e-06 -0.017403 0.0860727 
0.0096541 -0.0178518 -5.2689e-05 2.69344e-05 -0.0178518 0.0882632 3.38366e-05 5.22635e-05 -5.2689e-05 3.38366e-05 0.00971733 -0.0177429 2.69344e-05 5.22635e-05 -0.0177429 0.0877534 
0.00941035 -0.0174267 -4.21407e-05 1.63934e-05 -0.0174267 0.0863208 1.85094e-05 9.99804e-05 -4.21407e-05 1.85094e-05 0.00955262 -0.0174214 1.63934e-05 9.99804e-05 -0.0174214 0.0859666 
0.00959082 -0.017728 -4.47203e-05 6.99343e-06 -0.017728 0.0879653 4.76557e-06 0.000137986 -4.47203e-05 4.76557e-06 0.00977237 -0.017845 6.99343e-06 0.000137986 -0.017845 0.0879043 
0.00954736 -0.0176404 -4.88764e-05 1.77907e-05 -0.0176404 0.0875423 1.42547e-05 0.000126886 -4.88764e-05 1.42547e-05 0.00975546 -0.0178148 1.77907e-05 0.000126886 -0.0178148 0.0877196 
0.00954618 -0.0176192 -4.4986e-05 2.54352e-05 -0.0176192 0.0874237 2.35908e-05 0.000100152 -4.4986e-05 2.35908e-05 0.00974626 -0.0178185 2.54352e-05 0.000100152 -0.0178185 0.0877147 
0.00951917 -0.0175834 -5.00434e-05 1.88987e-05 -0.0175834 0.0872026 1.9179e-05 9.63496e-05 -5.00434e-05 1.9179e-05 0.00972486 -0.0177736 1.88987e-05 9.63496e-05 -0.0177736 0.0875219 
0.00956557 -0.0176137 -4.04423e-05 2.22639e-05 -0.0176137 0.0873428 2.44599e-05 9.43457e-05 -4.04423e-05 2.44599e-05 0.0096984 -0.017794 2.22639e-05 9.43457e-05 -0.017794 0.0876305 
0.00964068 -0.017731 -3.1176e-05 5.9521e-06 -0.017731 0.0877817 1.41141e-05 0.000115002 -3.1176e-05 1.41141e-05 0.00968176 -0.0178117 5.9521e-06 0.000115002 -0.0178117 0.0878874 
0.00965262 -0.0178343 -2.8581e-05 -1.03949e-05 -0.0178343 0.088172 9.87067e-07 0.000153997 -2.8581e-05 9.87067e-07 0.00971778 -0.0177877 -1.03949e-05 0.000153997 -0.0177877 0.0879683 
0.00948664 -0.0175036 -3.16209e-05 -1.42997e-05 -0.0175036 0.0866562 -5.28327e-06 0.000178086 -3.16209e-05 -5.28327e-06 0.00953716 -0.0174784 -1.42997e-05 0.000178086 -0.0174784 0.0863435 
0.009465 -0.0174793 -3.37424e-05 -1.70824e-06 -0.0174793 0.0865385 6.65383e-06 0.000158896 -3.37424e-05 6.65383e-06 0.00954386 -0.017447 -1.70824e-06 0.000158896 -0.017447 0.0862075 
0.00942812 -0.0174905 -4.20552e-05 3.3578e-07 -0.0174905 0.0866523 8.70064e-06 0.000144928 -4.20552e-05 8.70064e-06 0.00961294 -0.017509 3.3578e-07 0.000144928 -0.017509 0.0864126 
0.00958797 -0.0177176 -3.58238e-05 1.04405e-05 -0.0177176 0.0879891 1.39928e-05 0.00013475 -3.58238e-05 1.39928e-05 0.00979901 -0.0178734 1.04405e-05 0.00013475 -0.0178734 0.0880121 
0.00958459 -0.0176847 -4.04165e-05 6.30121e-06 -0.0176847 0.0877668 3.38794e-06 0.00013867 -4.04165e-05 3.38794e-06 0.00978534 -0.0178741 6.30121e-06 0.00013867 -0.0178741 0.087979 
0.00956912 -0.0176814 -4.49754e-05 1.15614e-05 -0.0176814 0.08768 8.42304e-06 0.000136561 -4.49754e-05 8.42304e-06 0.00979668 -0.0178698 1.15614e-05 0.000136561 -0.0178698 0.0879711 
0.00953638 -0.0176255 -4.26277e-05 1.96678e-05 -0.0176255 0.0874212 1.66557e-05 0.000118684 -4.26277e-05 1.66557e-05 0.0097781 -0.0178377 1.96678e-05 0.000118684 -0.0178377 0.0877594 
0.00952499 -0.0175593 -4.46874e-05 1.54339e-05 -0.0175593 0.087099 1.18157e-05 0.00011784 -4.46874e-05 1.18157e-05 0.00972825 -0.0177847 1.54339e-05 0.00011784 -0.0177847 0.0874758 
0.00958748 -0.0176777 -4.4717e-05 1.30564e-05 -0.0176777 0.0875879 1.41013e-05 0.000124558 -4.4717e-05 1.41013e-05 0.00976146 -0.0178656 1.30564e-05 0.000124558 -0.0178656 0.0879321 
0.00942081 -0.0173766 -4.44068e-05 1.46156e-05 -0.0173766 0.0860696 2.27697e-05 0.000110544 -4.44068e-05 2.27697e-05 0.0095782 -0.0175358 1.46156e-05 0.000110544 -0.0175358 0.0863631 
0.00941652 -0.0174274 -4.81142e-05 1.15653e-05 -0.0174274 0.0863308 2.18972e-05 0.000111561 -4.81142e-05 2.18972e-05 0.00962128 -0.0175771 1.15653e-05 0.000111561 -0.0175771 0.086603 
0.00943421 -0.0174529 -4.95148e-05 1.68008e-05 -0.0174529 0.0865888 2.20735e-05 0.000111572 -4.95148e-05 2.20735e-05 0.00965852 -0.0176541 1.68008e-05 0.000111572 -0.0176541 0.0869286 
0.00944333 -0.0174377 -3.56984e-05 2.16564e-05 -0.0174377 0.0865668 2.34049e-05 0.000105073 -3.56984e-05 2.34049e-05 0.00965956 -0.0176701 2.16564e-05 0.000105073 -0.0176701 0.0870051 
0.00945196 -0.0174144 -1.83314e-05 4.65114e-06 -0.0174144 0.0864075 6.66451e-07 0.000135651 -1.83314e-05 6.66451e-07 0.00962609 -0.0176283 4.65114e-06 0.000135651 -0.0176283 0.0868437 
0.00946172 -0.0174112 -2.05951e-05 -1.71333e-05 -0.0174112 0.0862938 -2.51995e-05 0.000193002 -2.05951e-05 -2.51995e-05 0.00960521 -0.0175775 -1.71333e-05 0.000193002 -0.0175775 0.0866505 
0.00964091 -0.0177593 -2.54495e-05 -1.68275e-05 -0.0177593 0.0879137 -2.28863e-05 0.000222007 -2.54495e-05 -2.28863e-05 0.00979427 -0.0178801 -1.68275e-05 0.000222007 -0.0178801 0.0881464 
0.0094404 -0.0173972 -4.46505e-05 -1.0989e-05 -0.0173972 0.0861048 -1.42883e-05 0.000211274 -4.46505e-05 -1.42883e-05 0.00960925 -0.0175243 -1.0989e-05 0.000211274 -0.0175243 0.0862918 
0.00944533 -0.0174399 -6.44361e-05 1.35333e-05 -0.0174399 0.0862964 1.24769e-05 0.000167539 -6.44361e-05 1.24769e-05 0.00965199 -0.0175779 1.35333e-05 0.000167539 -0.0175779 0.0864754 
0.0095308 -0.0175348 -6.4114e-05 3.39693e-05 -0.0175348 0.0868225 3.42005e-05 0.000117877 -6.4114e-05 3.42005e-05 0.00967753 -0.017719 3.39693e-05 0.000117877 -0.017719 0.0870697 
0.00960973 -0.0177242 -5.37575e-05 3.731e-05 -0.0177242 0.087625 3.87181e-05 8.80946e-05 -5.37575e-05 3.87181e-05 0.00974104 -0.0178258 3.731e-05 8.80946e-05 -0.0178258 0.0877675 
0.00960947 -0.0177597 -4.69853e-05 2.26874e-05 -0.0177597 0.0878374 2.66512e-05 0.000100609 -4.69853e-05 2.66512e-05 0.00977284 -0.0178268 2.26874e-05 0.000100609 -0.0178268 0.0878406 
0.00961017 -0.0177317 -1.74668e-05 1.36969e-05 -0.0177317 0.0878111 1.76721e-05 0.000125067 -1.74668e-05 1.76721e-05 0.00978102 -0.017849 1.36969e-05 0.000125067 -0.017849 0.0878537 
0.00957476 -0.0176567 -3.0354e-06 -2.65066e-05 -0.0176567 0.0874551 -2.13901e-05 0.00019974 -3.0354e-06 -2.13901e-05 0.00976179 -0.0178118 -2.65066e-05 0.00019974 -0.0178118 0.0876269 
0.00955233 -0.0175952 -7.19226e-06 -4.97416e-05 -0.0175952 0.0871364 -4.37493e-05 0.000278335 -7.19226e-06 -4.37493e-05 0.00972501 -0.0177648 -4.97416e-05 0.000278335 -0.0177648 0.0873751 
0.00950739 -0.0176185 -3.03662e-05 -4.55915e-05 -0.0176185 0.0872005 -3.83802e-05 0.000303046 -3.03662e-05 -3.83802e-05 0.00977669 -0.0177736 -4.55915e-05 0.000303046 -0.0177736 0.087451 
0.00947262 -0.0176128 -4.80841e-05 -1.66999e-05 -0.0176128 0.0873802 -1.07155e-05 0.000264747 -4.80841e-05 -1.07155e-05 0.00984574 -0.0178751 -1.66999e-05 0.000264747 -0.0178751 0.0877802 
0.00945713 -0.0174941 -5.66354e-05 1.28669e-05 -0.0174941 0.0870085 1.01155e-05 0.000199572 -5.66354e-05 1.01155e-05 0.0098149 -0.0178783 1.28669e-05 0.000199572 -0.0178783 0.0876758 
0.00952478 -0.0174975 -6.2336e-05 2.43507e-05 -0.0174975 0.0869477 1.40878e-05 0.000164398 -6.2336e-05 1.40878e-05 0.00976413 -0.0178826 2.43507e-05 0.000164398 -0.0178826 0.0877525 
0.00959642 -0.0176069 -6.03733e-05 3.46646e-05 -0.0176069 0.0871816 2.44807e-05 0.000132862 -6.03733e-05 2.44807e-05 0.00972288 -0.0178349 3.46646e-05 0.000132862 -0.0178349 0.0877632 
0.00959364 -0.0176685 -6.69191e-05 3.3854e-05 -0.0176685 0.0872985 3.1582e-05 0.000108682 -6.69191e-05 3.1582e-05 0.00971185 -0.0177503 3.3854e-05 0.000108682 -0.0177503 0.0875204 
0.00961052 -0.0177026 -6.47057e-05 3.71559e-05 -0.0177026 0.0875119 4.31368e-05 8.84242e-05 -6.47057e-05 4.31368e-05 0.00972343 -0.0177628 3.71559e-05 8.84242e-05 -0.0177628 0.0875325 
0.00961024 -0.0177181 -6.04159e-05 3.50932e-05 -0.0177181 0.0876013 4.28211e-05 8.03261e-05 -6.04159e-05 4.28211e-05 0.00974908 -0.0177756 3.50932e-05 8.03261e-05 -0.0177756 0.0875655 
0.00962596 -0.0177307 -4.21379e-05 2.95577e-05 -0.0177307 0.0877092 3.14744e-05 9.6556e-05 -4.21379e-05 3.14744e-05 0.00976859 -0.0178293 2.95577e-05 9.6556e-05 -0.0178293 0.0877338 
0.00961518 -0.0176783 -1.35315e-05 8.88505e-06 -0.0176783 0.0874333 4.91259e-06 0.000142409 -1.35315e-05 4.91259e-06 0.00972574 -0.0177851 8.88505e-06 0.000142409 -0.0177851 0.0875086 
0.00961128 -0.0176732 -2.16878e-06 -2.8427e-05 -0.0176732 0.0873277 -3.29207e-05 0.000224776 -2.16878e-06 -3.29207e-05 0.00970325 -0.0177405 -2.8427e-05 0.000224776 -0.0177405 0.0873563 
0.00965818 -0.0177165 -1.37049e-05 -4.33132e-05 -0.0177165 0.0874968 -4.88007e-05 0.000288749 -1.37049e-05 -4.88007e-05 0.00969519 -0.0177514 -4.33132e-05 0.000288749 -0.0177514 0.0874339 
0.00969307 -0.0178577 -2.87145e-05 -3.01664e-05 -0.0178577 0.0880675 -3.60239e-05 0.000295265 -2.87145e-05 -3.60239e-05 0.00974659 -0.0178198 -3.01664e-05 0.000295265 -0.0178198 0.0878474 
0.00948306 -0.017492 -3.7987e-05 -9.50913e-06 -0.017492 0.0863686 -1.00122e-05 0.000243836 -3.7987e-05 -1.00122e-05 0.00955157 -0.0174653 -9.50913e-06 0.000243836 -0.0174653 0.0860875 
0.00947936 -0.017461 -3.96234e-05 -4.2932e-07 -0.017461 0.0863264 9.30094e-06 0.000198044 -3.96234e-05 9.30094e-06 0.00955384 -0.0174726 -4.2932e-07 0.000198044 -0.0174726 0.0861166 
0.00966933 -0.0177976 -2.85077e-05 -3.01466e-06 -0.0177976 0.0880034 1.1184e-05 0.000186601 -2.85077e-05 1.1184e-05 0.00975542 -0.0178283 -3.01466e-06 0.000186601 -0.0178283 0.0878704 
0.00963193 -0.01772 -1.566e-05 -1.56953e-05 -0.01772 0.0875947 -5.53291e-06 0.000205307 -1.566e-05 -5.53291e-06 0.00972026 -0.0177549 -1.56953e-05 0.000205307 -0.0177549 0.0874903 
0.009607 -0.0177219 -1.61056e-05 -2.95011e-05 -0.0177219 0.0875714 -2.68201e-05 0.000246905 -1.61056e-05 -2.68201e-05 0.00972985 -0.0177549 -2.95011e-05 0.000246905 -0.0177549 0.087465 
0.00957656 -0.017716 -2.23024e-05 -3.05745e-05 -0.017716 0.0876411 -2.95607e-05 0.000270456 -2.23024e-05 -2.95607e-05 0.00978339 -0.0178031 -3.05745e-05 0.000270456 -0.0178031 0.0876349 
0.00953788 -0.0176114 -3.09031e-05 -2.6222e-05 -0.0176114 0.0872792 -2.717e-05 0.000276002 -3.09031e-05 -2.717e-05 0.00977256 -0.0178023 -2.6222e-05 0.000276002 -0.0178023 0.0874877 
0.00959762 -0.0176798 -2.2032e-05 -1.05391e-05 -0.0176798 0.0876125 -1.35117e-05 0.000249362 -2.2032e-05 -1.35117e-05 0.00980954 -0.0179102 -1.05391e-05 0.000249362 -0.0179102 0.0879874 
0.00960326 -0.0177096 -1.87121e-05 -1.97634e-05 -0.0177096 0.0876667 -2.42214e-05 0.000251262 -1.87121e-05 -2.42214e-05 0.00981292 -0.0179034 -1.97634e-05 0.000251262 -0.0179034 0.0880325 
0.00963967 -0.0177432 -2.16012e-05 -2.44663e-05 -0.0177432 0.087834 -2.91209e-05 0.000265273 -2.16012e-05 -2.91209e-05 0.00981394 -0.0179269 -2.44663e-05 0.000265273 -0.0179269 0.088149 
0.00943681 -0.0174005 -3.50039e-05 -2.52968e-05 -0.0174005 0.0860707 -2.92698e-05 0.000272603 -3.50039e-05 -2.92698e-05 0.00962568 -0.0175473 -2.52968e-05 0.000272603 -0.0175473 0.0863217 
0.00947009 -0.017433 -5.1796e-05 -6.0044e-06 -0.017433 0.0862744 -5.78708e-06 0.000239152 -5.1796e-05 -5.78708e-06 0.00964417 -0.0176063 -6.0044e-06 0.000239152 -0.0176063 0.0865451 
0.00949068 -0.0175022 -5.83542e-05 1.34728e-05 -0.0175022 0.0865644 1.69604e-05 0.000190245 -5.83542e-05 1.69604e-05 0.00967476 -0.017653 1.34728e-05 0.000190245 -0.017653 0.0868123 
0.00944628 -0.0174251 -5.64302e-05 2.18363e-05 -0.0174251 0.0862397 3.08039e-05 0.000147747 -5.64302e-05 3.08039e-05 0.00965162 -0.0175939 2.18363e-05 0.000147747 -0.0175939 0.0865095 
0.00963915 -0.0177568 -5.30385e-05 2.10225e-05 -0.0177568 0.0879273 3.26854e-05 0.00013152 -5.30385e-05 3.26854e-05 0.0098561 -0.0179656 2.10225e-05 0.00013152 -0.0179656 0.0882871 
0.00965688 -0.0177622 -4.16592e-05 1.08818e-05 -0.0177622 0.0879 2.40987e-05 0.000144391 -4.16592e-05 2.40987e-05 0.00984141 -0.0179606 1.08818e-05 0.000144391 -0.0179606 0.0882576 
0.00969184 -0.0177619 -2.9622e-05 -2.87743e-06 -0.0177619 0.0878141 6.85131e-06 0.00017816 -2.9622e-05 6.85131e-06 0.00979453 -0.0179225 -2.87743e-06 0.00017816 -0.0179225 0.0881081 
0.00967692 -0.0177827 -2.23395e-05 -1.69836e-05 -0.0177827 0.0877198 -1.2251e-05 0.000224319 -2.23395e-05 -1.2251e-05 0.00976814 -0.0178329 -1.69836e-05 0.000224319 -0.0178329 0.0877952 
0.00960319 -0.0177275 -1.90597e-05 -2.36499e-05 -0.0177275 0.0874651 -2.22468e-05 0.000256828 -1.90597e-05 -2.22468e-05 0.00976348 -0.0177637 -2.36499e-05 0.000256828 -0.0177637 0.0874149 
0.00959504 -0.0177262 -1.18985e-05 -2.98262e-05 -0.0177262 0.0876359 -2.9051e-05 0.000281591 -1.18985e-05 -2.9051e-05 0.00980837 -0.0178554 -2.98262e-05 0.000281591 -0.0178554 0.0877068 
0.00961111 -0.0177679 -2.43315e-05 -3.85501e-05 -0.0177679 0.0879536 -3.88954e-05 0.000306383 -2.43315e-05 -3.88954e-05 0.0098865 -0.0179757 -3.85501e-05 0.000306383 -0.0179757 0.0882361 
0.00945446 -0.0173916 -2.82755e-05 -2.21778e-05 -0.0173916 0.0861841 -2.4253e-05 0.000288131 -2.82755e-05 -2.4253e-05 0.00968821 -0.0176788 -2.21778e-05 0.000288131 -0.0176788 0.0866904 
0.00945402 -0.0174255 -3.29109e-05 -1.61191e-05 -0.0174255 0.0862091 -1.97468e-05 0.000270918 -3.29109e-05 -1.97468e-05 0.00969629 -0.01767 -1.61191e-05 0.000270918 -0.01767 0.08675 
0.00964081 -0.0177684 -2.42116e-05 -8.6906e-06 -0.0177684 0.0879188 -8.36899e-06 0.000250718 -2.42116e-05 -8.36899e-06 0.00988756 -0.018012 -8.6906e-06 0.000250718 -0.018012 0.0884292 
0.0096413 -0.0177703 -1.58518e-05 -2.18086e-05 -0.0177703 0.0879479 -1.4162e-05 0.000252182 -1.58518e-05 -1.4162e-05 0.00989728 -0.018032 -2.18086e-05 0.000252182 -0.018032 0.0884978 
0.0094661 -0.0174003 -1.5096e-05 -3.6057e-05 -0.0174003 0.0861367 -2.67771e-05 0.000278226 -1.5096e-05 -2.67771e-05 0.00967769 -0.0176797 -3.6057e-05 0.000278226 -0.0176797 0.0867477 
0.00970149 -0.0177806 -1.95039e-05 -3.7678e-05 -0.0177806 0.0879384 -2.86139e-05 0.000300108 -1.95039e-05 -2.86139e-05 0.00985184 -0.0180333 -3.7678e-05 0.000300108 -0.0180333 0.0885701 
0.00973668 -0.0178026 -1.57617e-05 -2.97853e-05 -0.0178026 0.0878763 -2.07182e-05 0.000290298 -1.57617e-05 -2.07182e-05 0.00978909 -0.0179543 -2.97853e-05 0.000290298 -0.0179543 0.0883196 
0.00975187 -0.0178777 -1.77591e-05 -3.3372e-05 -0.0178777 0.0880676 -2.49996e-05 0.000290097 -1.77591e-05 -2.49996e-05 0.00978378 -0.0179065 -3.3372e-05 0.000290097 -0.0179065 0.0882305 
0.00951621 -0.0175393 -5.81145e-06 -2.94924e-05 -0.0175393 0.0864247 -2.26936e-05 0.00028112 -5.81145e-06 -2.26936e-05 0.00961094 -0.0175473 -2.94924e-05 0.00028112 -0.0175473 0.0864413 
0.00951344 -0.0175318 -4.66547e-06 -3.72366e-05 -0.0175318 0.0866159 -3.60795e-05 0.00029076 -4.66547e-06 -3.60795e-05 0.00964673 -0.0176357 -3.72366e-05 0.00029076 -0.0176357 0.0867656 
0.00949118 -0.0174419 -1.65864e-05 -3.88699e-05 -0.0174419 0.0862751 -4.3233e-05 0.000305484 -1.65864e-05 -4.3233e-05 0.00962949 -0.0176002 -3.88699e-05 0.000305484 -0.0176002 0.086598 
0.00952408 -0.0174512 -2.9268e-05 -2.34536e-05 -0.0174512 0.0862629 -3.38777e-05 0.000295724 -2.9268e-05 -3.38777e-05 0.00960994 -0.0176064 -2.34536e-05 0.000295724 -0.0176064 0.0866351 
0.00954045 -0.0174445 -2.80536e-05 -1.61195e-06 -0.0174445 0.08609 -1.66305e-05 0.000252424 -2.80536e-05 -1.66305e-05 0.00953736 -0.0175267 -1.61195e-06 0.000252424 -0.0175267 0.0863459 
