0.00707376 0 -3.72972e-05 0 0 0.00980563 0 0 -3.72972e-05 0 0.00684404 0 0 0 0 0.00980563 
0.00999485 -0.0124013 -1.11788e-05 1.55816e-05 -0.0124013 0.0327637 1.55816e-05 -2.98049e-05 -1.11788e-05 1.55816e-05 0.00969409 -0.0120376 1.55816e-05 -2.98049e-05 -0.0120376 0.0320666 
0.00989201 -0.0184854 7.95514e-06 1.81722e-06 -0.0184854 0.0680063 1.81722e-06 -6.46967e-06 7.95514e-06 1.81722e-06 0.00975607 -0.0181442 1.81722e-06 -6.46967e-06 -0.0181442 0.0669615 
0.00930165 -0.0179112 1.41394e-05 -9.7929e-05 -0.0179112 0.0803267 -9.57556e-05 0.000470457 1.41394e-05 -9.57556e-05 0.0092013 -0.0178541 -9.7929e-05 0.000470457 -0.0178541 0.0800641 
0.00921406 -0.0172116 4.79564e-06 -0.0001238 -0.0172116 0.0829129 -0.000116867 0.000843035 4.79564e-06 -0.000116867 0.00914726 -0.0171727 -0.0001238 0.000843035 -0.0171727 0.082987 
0.00942556 -0.0173307 -1.2435e-05 -8.06141e-05 -0.0173307 0.0849907 -7.27453e-05 0.000753367 -1.2435e-05 -7.27453e-05 0.00939128 -0.0172882 -8.06141e-05 0.000753367 -0.0172882 0.0850446 
0.00958671 -0.0176023 -2.73904e-05 -3.57362e-05 -0.0176023 0.0866621 -2.70824e-05 0.000516671 -2.73904e-05 -2.70824e-05 0.00962149 -0.0176009 -3.57362e-05 0.000516671 -0.0176009 0.0867482 
0.00956174 -0.0174912 -3.86587e-05 -1.01051e-05 -0.0174912 0.086355 -2.96798e-06 0.000330059 -3.86587e-05 -2.96798e-06 0.00961404 -0.0175902 -1.01051e-05 0.000330059 -0.0175902 0.0866314 
0.00963746 -0.0175892 -3.96889e-05 7.62049e-06 -0.0175892 0.0868461 9.15564e-06 0.00022695 -3.96889e-05 9.15564e-06 0.00967001 -0.017732 7.62049e-06 0.00022695 -0.017732 0.0873111 
0.00970513 -0.0177118 -2.29429e-05 8.967e-06 -0.0177118 0.0873605 4.42928e-06 0.000193049 -2.29429e-05 4.42928e-06 0.00973249 -0.0178318 8.967e-06 0.000193049 -0.0178318 0.0878659 
0.00960974 -0.0175165 -1.46793e-05 -1.96149e-05 -0.0175165 0.0863321 -2.79574e-05 0.000243806 -1.46793e-05 -2.79574e-05 0.00960616 -0.0176189 -1.96149e-05 0.000243806 -0.0176189 0.0867961 
0.00955239 -0.0174756 -8.56749e-06 -3.49482e-05 -0.0174756 0.0860325 -4.10786e-05 0.000301079 -8.56749e-06 -4.10786e-05 0.00958232 -0.0175399 -3.49482e-05 0.000301079 -0.0175399 0.0864231 
0.00974452 -0.0178388 -1.90875e-05 -4.31053e-05 -0.0178388 0.0878992 -4.6519e-05 0.000338613 -1.90875e-05 -4.6519e-05 0.00980191 -0.0179382 -4.31053e-05 0.000338613 -0.0179382 0.0883028 
0.00972422 -0.0178201 -1.8305e-05 -2.85125e-05 -0.0178201 0.0878487 -3.16575e-05 0.000322864 -1.8305e-05 -3.16575e-05 0.00979132 -0.0179473 -2.85125e-05 0.000322864 -0.0179473 0.0883022 
0.00971686 -0.0177925 -1.26204e-05 -2.3183e-05 -0.0177925 0.0877629 -2.68491e-05 0.000295902 -1.26204e-05 -2.68491e-05 0.00975392 -0.0179242 -2.3183e-05 0.000295902 -0.0179242 0.0882335 
0.00972563 -0.0177529 -1.46728e-05 -2.54075e-05 -0.0177529 0.0875684 -2.96057e-05 0.000281657 -1.46728e-05 -2.96057e-05 0.00969031 -0.0178563 -2.54075e-05 0.000281657 -0.0178563 0.0880114 
0.00973364 -0.0177798 -1.20056e-05 -2.53575e-05 -0.0177798 0.0875757 -2.72521e-05 0.000275179 -1.20056e-05 -2.72521e-05 0.00966673 -0.0177892 -2.53575e-05 0.000275179 -0.0177892 0.0878436 
0.00973632 -0.0177699 -1.57322e-06 -2.92571e-05 -0.0177699 0.0874844 -2.87655e-05 0.000273358 -1.57322e-06 -2.87655e-05 0.00963589 -0.0177255 -2.92571e-05 0.000273358 -0.0177255 0.087563 
0.00976356 -0.017822 -5.10404e-06 -4.4834e-05 -0.017822 0.0876929 -4.33187e-05 0.000299104 -5.10404e-06 -4.33187e-05 0.00965451 -0.0177486 -4.4834e-05 0.000299104 -0.0177486 0.0876727 
0.0097462 -0.017847 -1.52861e-05 -3.99223e-05 -0.017847 0.0877716 -3.58482e-05 0.00030113 -1.52861e-05 -3.58482e-05 0.00968387 -0.0177437 -3.99223e-05 0.00030113 -0.0177437 0.0876428 
0.00979873 -0.0179317 -1.6694e-05 -3.10033e-05 -0.0179317 0.0882802 -2.34906e-05 0.000287286 -1.6694e-05 -2.34906e-05 0.00972216 -0.0178772 -3.10033e-05 0.000287286 -0.0178772 0.0881767 
0.00962175 -0.0175368 -1.7929e-05 -2.71209e-05 -0.0175368 0.0863521 -1.91329e-05 0.000264803 -1.7929e-05 -1.91329e-05 0.0094631 -0.0174736 -2.71209e-05 0.000264803 -0.0174736 0.086268 
0.00964637 -0.0175931 -2.31331e-05 -2.79712e-05 -0.0175931 0.0864811 -2.21833e-05 0.00026755 -2.31331e-05 -2.21833e-05 0.00944354 -0.0174236 -2.79712e-05 0.00026755 -0.0174236 0.0862238 
0.00962781 -0.0176218 -2.65092e-05 -1.79498e-05 -0.0176218 0.0865859 -1.77757e-05 0.00025645 -2.65092e-05 -1.77757e-05 0.00946928 -0.0173956 -1.79498e-05 0.00025645 -0.0173956 0.0861458 
0.00965033 -0.0176557 -1.8065e-05 -6.62685e-06 -0.0176557 0.0868638 -1.28094e-05 0.000234383 -1.8065e-05 -1.28094e-05 0.00949166 -0.0174682 -6.62685e-06 0.000234383 -0.0174682 0.0863907 
0.00966942 -0.0176589 -1.30783e-05 -1.68556e-05 -0.0176589 0.0869155 -2.42191e-05 0.000239732 -1.30783e-05 -2.42191e-05 0.0094828 -0.0174797 -1.68556e-05 0.000239732 -0.0174797 0.0864727 
0.00969004 -0.017647 -1.28702e-05 -3.10395e-05 -0.017647 0.0868244 -3.64413e-05 0.000274158 -1.28702e-05 -3.64413e-05 0.0094501 -0.0174489 -3.10395e-05 0.000274158 -0.0174489 0.0863817 
0.00967454 -0.0176708 -1.17125e-05 -3.01352e-05 -0.0176708 0.086826 -3.68585e-05 0.000287383 -1.17125e-05 -3.68585e-05 0.00946372 -0.0174117 -3.01352e-05 0.000287383 -0.0174117 0.08629 
0.00963581 -0.0176231 -1.91687e-05 -2.72156e-05 -0.0176231 0.0866578 -3.25302e-05 0.000280277 -1.91687e-05 -3.25302e-05 0.00947656 -0.0173978 -2.72156e-05 0.000280277 -0.0173978 0.0861263 
0.00961046 -0.0175507 -2.19023e-05 -1.99037e-05 -0.0175507 0.0863824 -2.22516e-05 0.000263006 -2.19023e-05 -2.22516e-05 0.00946329 -0.0173953 -1.99037e-05 0.000263006 -0.0173953 0.0859861 
0.00982519 -0.0179193 -2.35291e-05 -1.21017e-05 -0.0179193 0.0881579 -1.7777e-05 0.000245356 -2.35291e-05 -1.7777e-05 0.0096542 -0.0177644 -1.21017e-05 0.000245356 -0.0177644 0.0878112 
0.00979335 -0.0179197 -1.67648e-05 -1.66704e-05 -0.0179197 0.0880965 -2.27818e-05 0.000252246 -1.67648e-05 -2.27818e-05 0.00967991 -0.0177486 -1.66704e-05 0.000252246 -0.0177486 0.0877521 
0.00975636 -0.0179142 -1.1747e-05 -2.64378e-05 -0.0179142 0.0881582 -2.96097e-05 0.000270197 -1.1747e-05 -2.96097e-05 0.00974092 -0.017801 -2.64378e-05 0.000270197 -0.017801 0.0878783 
0.00974527 -0.0178801 -2.58494e-05 -2.86079e-05 -0.0178801 0.0881462 -3.52373e-05 0.000282122 -2.58494e-05 -3.52373e-05 0.00978238 -0.017873 -2.86079e-05 0.000282122 -0.017873 0.0880523 
0.00977842 -0.0178755 -3.95979e-05 -1.19735e-05 -0.0178755 0.08817 -1.72755e-05 0.000261528 -3.95979e-05 -1.72755e-05 0.00979483 -0.0179435 -1.19735e-05 0.000261528 -0.0179435 0.0882924 
0.00958743 -0.017514 -3.82366e-05 6.37501e-06 -0.017514 0.0862838 6.25436e-06 0.000207251 -3.82366e-05 6.25436e-06 0.00957175 -0.0175693 6.37501e-06 0.000207251 -0.0175693 0.086483 
0.00961806 -0.0176093 -3.08918e-05 4.80761e-06 -0.0176093 0.086685 7.70075e-06 0.000186904 -3.08918e-05 7.70075e-06 0.00960018 -0.0176244 4.80761e-06 0.000186904 -0.0176244 0.0868345 
0.00962268 -0.0176257 -2.10059e-05 -5.67992e-06 -0.0176257 0.0868173 -5.12475e-06 0.000202772 -2.10059e-05 -5.12475e-06 0.00961427 -0.0176327 -5.67992e-06 0.000202772 -0.0176327 0.0869191 
0.00965733 -0.0176566 -1.30754e-05 -2.36037e-05 -0.0176566 0.0870106 -2.3731e-05 0.00024798 -1.30754e-05 -2.3731e-05 0.00962538 -0.0176751 -2.36037e-05 0.00024798 -0.0176751 0.0871167 
0.00966215 -0.0176628 -5.76011e-06 -3.56308e-05 -0.0176628 0.0870068 -3.65956e-05 0.000290545 -5.76011e-06 -3.65956e-05 0.00962029 -0.0176699 -3.56308e-05 0.000290545 -0.0176699 0.0871276 
0.00967558 -0.0176905 -6.12031e-06 -4.21447e-05 -0.0176905 0.0871152 -4.30865e-05 0.000314791 -6.12031e-06 -4.30865e-05 0.00962558 -0.0176709 -4.21447e-05 0.000314791 -0.0176709 0.0871776 
0.00967195 -0.0177142 -1.57044e-05 -3.34057e-05 -0.0177142 0.0872247 -3.76881e-05 0.000305192 -1.57044e-05 -3.76881e-05 0.00966213 -0.0176815 -3.34057e-05 0.000305192 -0.0176815 0.0872377 
0.00965448 -0.017685 -9.1638e-06 -1.88955e-05 -0.017685 0.0871386 -2.77096e-05 0.000278468 -9.1638e-06 -2.77096e-05 0.00967471 -0.0176915 -1.88955e-05 0.000278468 -0.0176915 0.0871784 
0.00965535 -0.017615 2.5859e-06 -3.03149e-05 -0.017615 0.0868227 -3.52988e-05 0.000282425 2.5859e-06 -3.52988e-05 0.00961718 -0.017659 -3.03149e-05 0.000282425 -0.017659 0.0869408 
0.00968022 -0.0176177 2.46059e-06 -5.33442e-05 -0.0176177 0.0866819 -4.91783e-05 0.000321269 2.46059e-06 -4.91783e-05 0.00955282 -0.0175869 -5.33442e-05 0.000321269 -0.0175869 0.0867146 
0.00966112 -0.0176386 -7.85957e-06 -5.9667e-05 -0.0176386 0.0866282 -5.07392e-05 0.000352128 -7.85957e-06 -5.07392e-05 0.00952349 -0.017503 -5.9667e-05 0.000352128 -0.017503 0.0864475 
0.00962701 -0.017626 -1.233e-05 -4.55741e-05 -0.017626 0.0866083 -3.95534e-05 0.000344102 -1.233e-05 -3.95534e-05 0.00953279 -0.0174692 -4.55741e-05 0.000344102 -0.0174692 0.0862828 
0.00959518 -0.0175958 -1.71889e-05 -3.01185e-05 -0.0175958 0.0865575 -3.27832e-05 0.000312645 -1.71889e-05 -3.27832e-05 0.00955488 -0.0174713 -3.01185e-05 0.000312645 -0.0174713 0.0862098 
0.00961943 -0.0176732 -1.73605e-05 -1.14813e-05 -0.0176732 0.0870457 -2.41281e-05 0.000269018 -1.73605e-05 -2.41281e-05 0.00963722 -0.0176207 -1.14813e-05 0.000269018 -0.0176207 0.0868218 
0.00966272 -0.0176952 -1.77332e-05 -9.11669e-06 -0.0176952 0.0872881 -2.85728e-05 0.000255075 -1.77332e-05 -2.85728e-05 0.00965647 -0.0177226 -9.11669e-06 0.000255075 -0.0177226 0.0872557 
0.00968143 -0.0176821 -6.20055e-06 -1.3714e-05 -0.0176821 0.0871664 -2.98826e-05 0.000257826 -6.20055e-06 -2.98826e-05 0.0096215 -0.0176816 -1.3714e-05 0.000257826 -0.0176816 0.0871716 
0.00967439 -0.0176857 8.37165e-06 -3.47337e-05 -0.0176857 0.0870545 -3.75783e-05 0.000281139 8.37165e-06 -3.75783e-05 0.00959787 -0.0176072 -3.47337e-05 0.000281139 -0.0176072 0.0869168 
0.00963119 -0.0176678 1.64649e-05 -6.4782e-05 -0.0176678 0.0869517 -5.76332e-05 0.000340077 1.64649e-05 -5.76332e-05 0.0096186 -0.0175732 -6.4782e-05 0.000340077 -0.0175732 0.0867235 
0.00958803 -0.0175633 4.08886e-06 -7.4795e-05 -0.0175633 0.0865432 -6.60572e-05 0.000380397 4.08886e-06 -6.60572e-05 0.00959821 -0.0175296 -7.4795e-05 0.000380397 -0.0175296 0.0863583 
0.00965419 -0.017599 -1.28719e-05 -6.08472e-05 -0.017599 0.086693 -5.36109e-05 0.00037872 -1.28719e-05 -5.36109e-05 0.00958705 -0.0175888 -6.08472e-05 0.00037872 -0.0175888 0.0865746 
0.00965004 -0.017658 -2.42678e-05 -3.06572e-05 -0.017658 0.0867691 -2.76656e-05 0.000320863 -2.42678e-05 -2.76656e-05 0.00960706 -0.017545 -3.06572e-05 0.000320863 -0.017545 0.0865025 
0.00958888 -0.0176144 -1.70605e-05 -1.21829e-05 -0.0176144 0.0866117 -1.39032e-05 0.000266153 -1.70605e-05 -1.39032e-05 0.0096171 -0.0175284 -1.21829e-05 0.000266153 -0.0175284 0.0862965 
0.00973933 -0.0179303 1.51375e-05 -1.22928e-05 -0.0179303 0.0883433 -2.05882e-05 0.000247895 1.51375e-05 -2.05882e-05 0.00984281 -0.0179414 -1.22928e-05 0.000247895 -0.0179414 0.0881865 
0.00973294 -0.0178499 2.30301e-05 -5.58039e-05 -0.0178499 0.0881108 -6.89659e-05 0.000320078 2.30301e-05 -6.89659e-05 0.00981742 -0.0179568 -5.58039e-05 0.000320078 -0.0179568 0.0881918 
0.0095613 -0.0175379 2.68019e-05 -7.21695e-05 -0.0175379 0.0864951 -8.15074e-05 0.000385222 2.68019e-05 -8.15074e-05 0.00961371 -0.0176199 -7.21695e-05 0.000385222 -0.0176199 0.0866366 
0.00955013 -0.0175669 2.03289e-05 -8.39357e-05 -0.0175669 0.0866326 -8.65079e-05 0.000427081 2.03289e-05 -8.65079e-05 0.00965252 -0.017619 -8.39357e-05 0.000427081 -0.017619 0.0867412 
0.00953033 -0.0175515 1.2308e-05 -7.47675e-05 -0.0175515 0.0866685 -7.37341e-05 0.000422202 1.2308e-05 -7.37341e-05 0.0096799 -0.0176576 -7.47675e-05 0.000422202 -0.0176576 0.0868308 
0.00952324 -0.0175429 1.43141e-05 -6.1694e-05 -0.0175429 0.0867196 -6.31811e-05 0.000395707 1.43141e-05 -6.31811e-05 0.00969587 -0.0177023 -6.1694e-05 0.000395707 -0.0177023 0.0869964 
0.00950939 -0.0175234 1.4762e-05 -6.2196e-05 -0.0175234 0.0866885 -6.67035e-05 0.000383726 1.4762e-05 -6.67035e-05 0.00971397 -0.0177177 -6.2196e-05 0.000383726 -0.0177177 0.0870772 
0.009534 -0.0174928 5.96457e-06 -5.65648e-05 -0.0174928 0.0865834 -6.59702e-05 0.000371018 5.96457e-06 -6.59702e-05 0.00969716 -0.0177219 -5.65648e-05 0.000371018 -0.0177219 0.0870641 
0.00955133 -0.0175195 5.40177e-07 -4.56429e-05 -0.0175195 0.0865694 -5.71343e-05 0.000350741 5.40177e-07 -5.71343e-05 0.00968696 -0.0176959 -4.56429e-05 0.000350741 -0.0176959 0.0870031 
0.0095752 -0.0175515 -5.91298e-06 -4.41682e-05 -0.0175515 0.0866539 -5.22892e-05 0.000340131 -5.91298e-06 -5.22892e-05 0.00967644 -0.017693 -4.41682e-05 0.000340131 -0.017693 0.0869962 
0.00957943 -0.0175726 -1.83055e-05 -4.08035e-05 -0.0175726 0.0866849 -4.32683e-05 0.000329675 -1.83055e-05 -4.32683e-05 0.00966697 -0.0176625 -4.08035e-05 0.000329675 -0.0176625 0.0868942 
0.00957548 -0.0175366 -2.83675e-05 -1.72146e-05 -0.0175366 0.0864846 -1.66468e-05 0.000273829 -2.83675e-05 -1.66468e-05 0.00961358 -0.0175939 -1.72146e-05 0.000273829 -0.0175939 0.0865636 
0.00959954 -0.0175807 -1.80269e-05 -4.21241e-06 -0.0175807 0.0865976 -3.67435e-06 0.000226749 -1.80269e-05 -3.67435e-06 0.00959284 -0.0175589 -4.21241e-06 0.000226749 -0.0175589 0.0864809 
0.00961295 -0.0176779 -1.28616e-05 -1.96998e-05 -0.0176779 0.087032 -2.01421e-05 0.000237867 -1.28616e-05 -2.01421e-05 0.00964735 -0.0176084 -1.96998e-05 0.000237867 -0.0176084 0.086762 
0.00958007 -0.0176283 -7.05857e-06 -2.91525e-05 -0.0176283 0.0869402 -3.1618e-05 0.00026861 -7.05857e-06 -3.1618e-05 0.00967341 -0.0176243 -2.91525e-05 0.00026861 -0.0176243 0.0867328 
0.00954189 -0.0175825 5.07568e-06 -3.65491e-05 -0.0175825 0.086792 -4.37968e-05 0.00029953 5.07568e-06 -4.37968e-05 0.00971487 -0.0176437 -3.65491e-05 0.00029953 -0.0176437 0.0867217 
0.00952808 -0.0175353 1.49184e-05 -4.86535e-05 -0.0175353 0.0866496 -5.98345e-05 0.000333267 1.49184e-05 -5.98345e-05 0.00973124 -0.0176913 -4.86535e-05 0.000333267 -0.0176913 0.0867804 
0.00950318 -0.0174907 2.96985e-06 -6.47182e-05 -0.0174907 0.0864219 -7.28686e-05 0.000374126 2.96985e-06 -7.28686e-05 0.00971449 -0.0176808 -6.47182e-05 0.000374126 -0.0176808 0.0866865 
0.00950001 -0.0175018 -7.24529e-06 -5.05727e-05 -0.0175018 0.0864826 -4.84616e-05 0.000357706 -7.24529e-06 -4.84616e-05 0.0097199 -0.0177015 -5.05727e-05 0.000357706 -0.0177015 0.0868021 
0.0096997 -0.0178356 1.40433e-06 -3.98493e-05 -0.0178356 0.0881705 -2.80214e-05 0.000321417 1.40433e-06 -2.80214e-05 0.00988556 -0.0180453 -3.98493e-05 0.000321417 -0.0180453 0.0885189 
0.00965924 -0.0177629 1.62796e-05 -5.07747e-05 -0.0177629 0.0877657 -3.9547e-05 0.000318909 1.62796e-05 -3.9547e-05 0.00983656 -0.0179379 -5.07747e-05 0.000318909 -0.0179379 0.0880825 
0.0095206 -0.0174526 1.15378e-05 -6.72381e-05 -0.0174526 0.0862142 -6.31227e-05 0.000352681 1.15378e-05 -6.31227e-05 0.00963109 -0.017612 -6.72381e-05 0.000352681 -0.017612 0.0864812 
0.00954238 -0.0175193 4.8952e-06 -6.32043e-05 -0.0175193 0.0863932 -6.4046e-05 0.000373963 4.8952e-06 -6.4046e-05 0.00962904 -0.0175881 -6.32043e-05 0.000373963 -0.0175881 0.0864912 
0.0097349 -0.0179196 -3.78552e-06 -5.05569e-05 -0.0179196 0.0883589 -5.3375e-05 0.000361025 -3.78552e-06 -5.3375e-05 0.00984545 -0.017955 -5.05569e-05 0.000361025 -0.017955 0.0883158 
0.00950008 -0.0175135 -1.07312e-05 -3.54449e-05 -0.0175135 0.0864567 -4.04158e-05 0.000320389 -1.07312e-05 -4.04158e-05 0.00964434 -0.0175856 -3.54449e-05 0.000320389 -0.0175856 0.0864393 
0.00949475 -0.017476 -7.74516e-06 -2.88296e-05 -0.017476 0.0863805 -3.266e-05 0.000296099 -7.74516e-06 -3.266e-05 0.00963141 -0.0176013 -2.88296e-05 0.000296099 -0.0176013 0.0864837 
0.00949757 -0.0174782 -4.18223e-06 -3.77658e-05 -0.0174782 0.0863909 -4.10701e-05 0.000303793 -4.18223e-06 -4.10701e-05 0.00964309 -0.0176033 -3.77658e-05 0.000303793 -0.0176033 0.0865608 
0.00947298 -0.0174696 -1.13949e-05 -4.63236e-05 -0.0174696 0.0863474 -4.64807e-05 0.000324536 -1.13949e-05 -4.64807e-05 0.00966587 -0.0175991 -4.63236e-05 0.000324536 -0.0175991 0.0865343 
0.00946374 -0.0174074 -2.39114e-05 -3.24214e-05 -0.0174074 0.0861418 -2.60014e-05 0.000295957 -2.39114e-05 -2.60014e-05 0.00964032 -0.0176076 -3.24214e-05 0.000295957 -0.0176076 0.0864611 
0.00946106 -0.0174062 -2.31763e-05 -1.30395e-05 -0.0174062 0.0860888 -8.82984e-06 0.000249618 -2.31763e-05 -8.82984e-06 0.00961492 -0.0175913 -1.30395e-05 0.000249618 -0.0175913 0.0864555 
0.00964831 -0.0177204 -7.41786e-06 -1.06631e-05 -0.0177204 0.0876429 -1.536e-05 0.000235296 -7.41786e-06 -1.536e-05 0.00975134 -0.017884 -1.06631e-05 0.000235296 -0.017884 0.0879903 
0.00964439 -0.0177022 1.43648e-07 -2.47222e-05 -0.0177022 0.0874751 -3.30533e-05 0.000248491 1.43648e-07 -3.30533e-05 0.0097022 -0.0177866 -2.47222e-05 0.000248491 -0.0177866 0.0876646 
0.0096424 -0.017695 -1.44165e-05 -3.40782e-05 -0.017695 0.0873619 -4.36735e-05 0.000271264 -1.44165e-05 -4.36735e-05 0.00968024 -0.0177056 -3.40782e-05 0.000271264 -0.0177056 0.0873372 
0.00963529 -0.0176579 -2.46414e-05 -1.76062e-05 -0.0176579 0.0871308 -2.25179e-05 0.000249078 -2.46414e-05 -2.25179e-05 0.0096421 -0.0176433 -1.76062e-05 0.000249078 -0.0176433 0.0869769 
0.00963146 -0.0176969 -2.78128e-05 -4.60262e-06 -0.0176969 0.0872258 -2.60516e-06 0.000203767 -2.78128e-05 -2.60516e-06 0.00964283 -0.0176355 -4.60262e-06 0.000203767 -0.0176355 0.0869426 
0.00961297 -0.0177007 -2.88942e-05 -2.18949e-06 -0.0177007 0.0872928 4.03676e-06 0.000176825 -2.88942e-05 4.03676e-06 0.00965137 -0.0176416 -2.18949e-06 0.000176825 -0.0176416 0.0869529 
0.0095819 -0.0177253 -1.83685e-05 -2.14013e-06 -0.0177253 0.0875131 4.53233e-06 0.000169114 -1.83685e-05 4.53233e-06 0.00971119 -0.0177016 -2.14013e-06 0.000169114 -0.0177016 0.0872182 
0.00956339 -0.0176975 -1.3557e-05 -1.33751e-05 -0.0176975 0.0876192 -9.85327e-06 0.00018568 -1.3557e-05 -9.85327e-06 0.00977118 -0.0178004 -1.33751e-05 0.00018568 -0.0178004 0.0875635 
0.00958463 -0.0176437 -1.61989e-05 -2.3506e-05 -0.0176437 0.0874903 -2.29542e-05 0.000220814 -1.61989e-05 -2.29542e-05 0.0097629 -0.0178529 -2.3506e-05 0.000220814 -0.0178529 0.0877285 
0.00963033 -0.0176492 -1.33297e-05 -2.17473e-05 -0.0176492 0.0873735 -2.26664e-05 0.000234876 -1.33297e-05 -2.26664e-05 0.00971154 -0.0178153 -2.17473e-05 0.000234876 -0.0178153 0.0876605 
0.00964002 -0.0177417 -7.95936e-06 -2.18643e-05 -0.0177417 0.087592 -2.67493e-05 0.000239902 -7.95936e-06 -2.67493e-05 0.00971547 -0.0177759 -2.18643e-05 0.000239902 -0.0177759 0.0876488 
0.00967153 -0.0177898 -8.12902e-06 -2.87315e-05 -0.0177898 0.0878858 -3.28298e-05 0.000252545 -8.12902e-06 -3.28298e-05 0.00972644 -0.0178069 -2.87315e-05 0.000252545 -0.0178069 0.0877836 
0.00970244 -0.0177953 -9.96432e-06 -2.86405e-05 -0.0177953 0.0879226 -2.96519e-05 0.000254341 -9.96432e-06 -2.96519e-05 0.00970686 -0.0178047 -2.86405e-05 0.000254341 -0.0178047 0.0877855 
0.00970272 -0.0178441 -1.82065e-05 -2.64862e-05 -0.0178441 0.0880602 -2.68967e-05 0.000249689 -1.82065e-05 -2.68967e-05 0.00973308 -0.017801 -2.64862e-05 0.000249689 -0.017801 0.0878473 
0.00966097 -0.0177887 -1.89554e-05 -2.06799e-05 -0.0177887 0.0878519 -2.14437e-05 0.000243607 -1.89554e-05 -2.14437e-05 0.00975173 -0.0177795 -2.06799e-05 0.000243607 -0.0177795 0.0876557 
0.00963731 -0.0177165 -1.60107e-05 -1.84672e-05 -0.0177165 0.0875627 -1.87552e-05 0.000233496 -1.60107e-05 -1.87552e-05 0.00974392 -0.0177793 -1.84672e-05 0.000233496 -0.0177793 0.0874964 
0.00964253 -0.0177017 -6.68327e-06 -2.15701e-05 -0.0177017 0.0874389 -2.56739e-05 0.000240197 -6.68327e-06 -2.56739e-05 0.00972061 -0.0177722 -2.15701e-05 0.000240197 -0.0177722 0.0874293 
0.00966266 -0.0177385 -5.00023e-06 -2.59902e-05 -0.0177385 0.0875252 -3.77489e-05 0.000254996 -5.00023e-06 -3.77489e-05 0.00969416 -0.0177569 -2.59902e-05 0.000254996 -0.0177569 0.0874238 
0.00966574 -0.0177984 -9.72434e-06 -2.66702e-05 -0.0177984 0.0877682 -4.15101e-05 0.000266561 -9.72434e-06 -4.15101e-05 0.00970679 -0.0177508 -2.66702e-05 0.000266561 -0.0177508 0.0874981 
0.0096281 -0.0177653 -1.45812e-05 -2.04652e-05 -0.0177653 0.0876862 -3.25125e-05 0.000255251 -1.45812e-05 -3.25125e-05 0.00971031 -0.017714 -2.04652e-05 0.000255251 -0.017714 0.0873125 
0.00958633 -0.0177483 -1.21621e-05 -1.6329e-05 -0.0177483 0.0877143 -2.53719e-05 0.0002402 -1.21621e-05 -2.53719e-05 0.00975962 -0.0177485 -1.6329e-05 0.0002402 -0.0177485 0.0873889 
0.00953714 -0.0176974 -2.44729e-05 -2.3621e-05 -0.0176974 0.0876385 -3.07486e-05 0.000246997 -2.44729e-05 -3.07486e-05 0.00981283 -0.0177983 -2.3621e-05 0.000246997 -0.0177983 0.087483 
0.00954232 -0.0176322 -2.13763e-05 -1.84079e-05 -0.0176322 0.0875011 -1.76131e-05 0.000244315 -2.13763e-05 -1.76131e-05 0.00981115 -0.0178722 -1.84079e-05 0.000244315 -0.0178722 0.0876587 
0.00955051 -0.0176534 -1.9958e-05 -1.9827e-05 -0.0176534 0.0875409 -8.86747e-06 0.000226535 -1.9958e-05 -8.86747e-06 0.00982949 -0.0178963 -1.9827e-05 0.000226535 -0.0178963 0.0878527 
0.00954512 -0.0176375 -3.06343e-05 -1.98057e-05 -0.0176375 0.0874521 -9.08062e-06 0.000217181 -3.06343e-05 -9.08062e-06 0.00980752 -0.0178798 -1.98057e-05 0.000217181 -0.0178798 0.0877848 
0.00952437 -0.017583 -3.45306e-05 -2.50057e-06 -0.017583 0.0871794 -7.52766e-07 0.000195258 -3.45306e-05 -7.52766e-07 0.00976285 -0.0178166 -2.50057e-06 0.000195258 -0.0178166 0.0875204 
0.0094926 -0.0175561 -5.02346e-05 7.76626e-06 -0.0175561 0.0870203 3.58581e-06 0.000167631 -5.02346e-05 3.58581e-06 0.00977051 -0.0177703 7.76626e-06 0.000167631 -0.0177703 0.0873481 
0.00951241 -0.0175531 -4.98372e-05 2.97343e-05 -0.0175531 0.0870614 2.90669e-05 0.000114305 -4.98372e-05 2.90669e-05 0.00977935 -0.0178128 2.97343e-05 0.000114305 -0.0178128 0.0874501 
0.00950085 -0.0175096 -4.328e-05 3.14754e-05 -0.0175096 0.0867885 3.2802e-05 7.97754e-05 -4.328e-05 3.2802e-05 0.00973976 -0.0177684 3.14754e-05 7.97754e-05 -0.0177684 0.087237 
0.00954159 -0.0175992 -3.71123e-05 1.84677e-05 -0.0175992 0.0871548 2.01415e-05 9.61431e-05 -3.71123e-05 2.01415e-05 0.00975353 -0.0178242 1.84677e-05 9.61431e-05 -0.0178242 0.0875702 
0.00956788 -0.0176521 -5.01024e-05 5.04128e-06 -0.0176521 0.0874076 5.49093e-06 0.000136056 -5.01024e-05 5.49093e-06 0.00976288 -0.0178367 5.04128e-06 0.000136056 -0.0178367 0.0877297 
0.00960473 -0.0176398 -5.46082e-05 2.66497e-05 -0.0176398 0.0873521 2.21216e-05 0.000120525 -5.46082e-05 2.21216e-05 0.00971109 -0.0178025 2.66497e-05 0.000120525 -0.0178025 0.0875982 
0.00956813 -0.0176326 -4.7448e-05 3.47733e-05 -0.0176326 0.0871332 2.60486e-05 9.74974e-05 -4.7448e-05 2.60486e-05 0.00968284 -0.0176801 3.47733e-05 9.74974e-05 -0.0176801 0.0871633 
0.00956357 -0.0176395 -4.06265e-05 2.69153e-05 -0.0176395 0.0871962 1.6255e-05 0.000102028 -4.06265e-05 1.6255e-05 0.00968185 -0.01767 2.69153e-05 0.000102028 -0.01767 0.0870547 
0.00960181 -0.017664 -2.62017e-05 1.61157e-05 -0.017664 0.0873735 6.33741e-06 0.000127358 -2.62017e-05 6.33741e-06 0.00967775 -0.0177199 1.61157e-05 0.000127358 -0.0177199 0.0872428 
0.0096312 -0.0177217 -1.75482e-05 -2.91833e-06 -0.0177217 0.087581 -8.63277e-06 0.000163359 -1.75482e-05 -8.63277e-06 0.0096839 -0.0177282 -2.91833e-06 0.000163359 -0.0177282 0.0873877 
0.009567 -0.0176666 -1.28885e-05 -1.91258e-05 -0.0176666 0.0872752 -1.88403e-05 0.000201664 -1.28885e-05 -1.88403e-05 0.0096773 -0.0176323 -1.91258e-05 0.000201664 -0.0176323 0.086968 
0.00950687 -0.0175783 -2.01144e-05 -3.03823e-05 -0.0175783 0.0869554 -2.49034e-05 0.000234146 -2.01144e-05 -2.49034e-05 0.00966989 -0.0176083 -3.03823e-05 0.000234146 -0.0176083 0.0866937 
0.00945502 -0.0174861 -2.55149e-05 -2.31767e-05 -0.0174861 0.0866209 -1.47458e-05 0.000233871 -2.55149e-05 -1.47458e-05 0.0096695 -0.0176061 -2.31767e-05 0.000233871 -0.0176061 0.086568 
0.00941597 -0.0173893 -2.4256e-05 -1.3202e-05 -0.0173893 0.0862161 -2.83291e-07 0.000203395 -2.4256e-05 -2.83291e-07 0.00963959 -0.0175833 -1.3202e-05 0.000203395 -0.0175833 0.0863844 
0.00942046 -0.017362 -2.41156e-05 -1.49399e-05 -0.017362 0.0860696 -8.8183e-07 0.000192146 -2.41156e-05 -8.8183e-07 0.00961765 -0.0175773 -1.49399e-05 0.000192146 -0.0175773 0.086377 
0.00951184 -0.0174756 -2.72472e-05 -1.43534e-05 -0.0174756 0.0865562 -2.55334e-06 0.000190495 -2.72472e-05 -2.55334e-06 0.00963212 -0.0176661 -1.43534e-05 0.000190495 -0.0176661 0.0868811 
0.0095521 -0.0175854 -1.10085e-05 -9.73899e-06 -0.0175854 0.0869476 1.18759e-06 0.000183231 -1.10085e-05 1.18759e-06 0.00965561 -0.0176832 -9.73899e-06 0.000183231 -0.0176832 0.087132 
0.00952445 -0.0176264 -7.3367e-06 -3.04772e-05 -0.0176264 0.0871646 -2.43242e-05 0.000216998 -7.3367e-06 -2.43242e-05 0.00970287 -0.0176986 -3.04772e-05 0.000216998 -0.0176986 0.087233 
0.00949621 -0.0176059 -1.5623e-05 -3.23646e-05 -0.0176059 0.0872631 -3.49065e-05 0.000247707 -1.5623e-05 -3.49065e-05 0.00975697 -0.0177593 -3.23646e-05 0.000247707 -0.0177593 0.0874048 
0.00948485 -0.0175446 -2.72166e-05 -1.45044e-05 -0.0175446 0.0871261 -2.32611e-05 0.000230821 -2.72166e-05 -2.32611e-05 0.00976266 -0.0178028 -1.45044e-05 0.000230821 -0.0178028 0.0874868 
0.00948357 -0.0174611 -3.22743e-05 8.53435e-06 -0.0174611 0.0867131 -5.52077e-07 0.000173913 -3.22743e-05 -5.52077e-07 0.00970192 -0.0177458 8.53435e-06 0.000173913 -0.0177458 0.0872192 
0.00952343 -0.0174677 -3.11342e-05 1.4666e-05 -0.0174677 0.0865658 1.13717e-05 0.000129509 -3.11342e-05 1.13717e-05 0.0096413 -0.0176737 1.4666e-05 0.000129509 -0.0176737 0.0869887 
0.00948808 -0.0174607 -3.23963e-05 8.82315e-06 -0.0174607 0.0863034 1.19218e-05 0.000117541 -3.23963e-05 1.19218e-05 0.00961707 -0.0175429 8.82315e-06 0.000117541 -0.0175429 0.0864767 
0.00947582 -0.0174694 -2.51046e-05 7.11567e-06 -0.0174694 0.0863555 1.28655e-05 0.000120052 -2.51046e-05 1.28655e-05 0.00961768 -0.0175536 7.11567e-06 0.000120052 -0.0175536 0.0864005 
0.00945062 -0.0174553 -2.33855e-05 -7.0553e-06 -0.0174553 0.0863201 -9.62274e-07 0.000149045 -2.33855e-05 -9.62274e-07 0.0096134 -0.0175426 -7.0553e-06 0.000149045 -0.0175426 0.0863267 
0.00945845 -0.0174461 -1.96904e-05 -1.37319e-05 -0.0174461 0.0863652 -9.29618e-06 0.000183186 -1.96904e-05 -9.29618e-06 0.00960603 -0.017569 -1.37319e-05 0.000183186 -0.017569 0.0864298 
0.00946414 -0.0174523 -1.7532e-05 -1.74175e-05 -0.0174523 0.0863924 -1.58161e-05 0.000204565 -1.7532e-05 -1.58161e-05 0.00960206 -0.0175662 -1.74175e-05 0.000204565 -0.0175662 0.0864827 
0.00953224 -0.0175181 -9.89935e-06 -1.77075e-05 -0.0175181 0.086715 -1.73215e-05 0.000213822 -9.89935e-06 -1.73215e-05 0.00959338 -0.0176203 -1.77075e-05 0.000213822 -0.0176203 0.0867864 
0.00961028 -0.0176066 -4.49291e-06 -2.37874e-05 -0.0176066 0.0870312 -2.22964e-05 0.000218654 -4.49291e-06 -2.22964e-05 0.00957116 -0.0176232 -2.37874e-05 0.000218654 -0.0176232 0.086976 
0.00967644 -0.0177184 -8.43988e-06 -2.77384e-05 -0.0177184 0.0874082 -2.44706e-05 0.00022175 -8.43988e-06 -2.44706e-05 0.00957017 -0.0176101 -2.77384e-05 0.00022175 -0.0176101 0.0870938 
0.00969904 -0.0177804 -6.65753e-06 -3.00324e-05 -0.0177804 0.0876087 -2.22252e-05 0.000229427 -6.65753e-06 -2.22252e-05 0.00957534 -0.0175867 -3.00324e-05 0.000229427 -0.0175867 0.0870479 
0.00970713 -0.017829 -2.49328e-05 -3.05566e-05 -0.017829 0.0878416 -2.17571e-05 0.000228819 -2.49328e-05 -2.17571e-05 0.00961834 -0.017616 -3.05566e-05 0.000228819 -0.017616 0.0871621 
0.00968503 -0.0178083 -3.54571e-05 -7.06223e-06 -0.0178083 0.08781 -2.77723e-06 0.00019952 -3.54571e-05 -2.77723e-06 0.00964733 -0.0176456 -7.06223e-06 0.00019952 -0.0176456 0.0871863 
0.00965709 -0.0177863 -3.21173e-05 9.85e-06 -0.0177863 0.0877739 6.03721e-06 0.000164912 -3.21173e-05 6.03721e-06 0.00969 -0.0176926 9.85e-06 0.000164912 -0.0176926 0.0873052 
0.00960855 -0.0177357 -3.02592e-05 6.26794e-06 -0.0177357 0.0876494 1.99896e-06 0.000157894 -3.02592e-05 1.99896e-06 0.00974681 -0.0177511 6.26794e-06 0.000157894 -0.0177511 0.0874441 
0.00960259 -0.0177597 -2.95042e-05 -2.57133e-06 -0.0177597 0.0879152 -3.75653e-06 0.000178511 -2.95042e-05 -3.75653e-06 0.00984379 -0.0179082 -2.57133e-06 0.000178511 -0.0179082 0.0880328 
0.00941469 -0.0173672 -2.55997e-05 -7.01622e-06 -0.0173672 0.0861314 -9.69085e-06 0.000197546 -2.55997e-05 -9.69085e-06 0.00966773 -0.0176476 -7.01622e-06 0.000197546 -0.0176476 0.0866117 
