0.00706468 0 -9.70508e-05 0 0 0.00994268 0 0 -9.70508e-05 0 0.00699019 0 0 0 0 0.00994268 
0.00996385 -0.01237 -0.000103115 0.000122172 -0.01237 0.03283 0.000122172 -0.000234828 -0.000103115 0.000122172 0.00992187 -0.0123139 0.000122172 -0.000234828 -0.0123139 0.0327223 
0.00973483 -0.0181838 -9.9598e-05 3.57235e-05 -0.0181838 0.0670158 3.57235e-05 -8.03305e-05 -9.9598e-05 3.57235e-05 0.00974125 -0.0181206 3.57235e-05 -8.03305e-05 -0.0181206 0.0668077 
0.00922939 -0.0178072 -0.000122814 -7.81804e-06 -0.0178072 0.0798993 -1.24898e-05 0.000377022 -0.000122814 -1.24898e-05 0.00926588 -0.0179328 -7.81804e-06 0.000377022 -0.0179328 0.0804344 
0.00919149 -0.0171552 -0.000141281 5.17908e-05 -0.0171552 0.0826529 5.26606e-05 0.000385496 -0.000141281 5.26606e-05 0.00925491 -0.0173453 5.17908e-05 0.000385496 -0.0173453 0.0838538 
0.00947079 -0.0173931 -0.00015051 9.75463e-05 -0.0173931 0.0852317 0.000110424 0.000175114 -0.00015051 0.000110424 0.0095454 -0.0175799 9.75463e-05 0.000175114 -0.0175799 0.0864741 
0.00945396 -0.0172892 -0.000144721 0.000116604 -0.0172892 0.085023 0.000133944 -1.32629e-05 -0.000144721 0.000133944 0.00951569 -0.017454 0.000116604 -1.32629e-05 -0.017454 0.0860386 
0.00966531 -0.0176307 -0.000129342 0.000109812 -0.0176307 0.0868176 0.000124992 -7.81701e-05 -0.000129342 0.000124992 0.00969925 -0.0177781 0.000109812 -7.81701e-05 -0.0177781 0.0876672 
0.00970632 -0.0177081 -0.000123664 8.57383e-05 -0.0177081 0.0871821 9.56515e-05 -5.26568e-05 -0.000123664 9.56515e-05 0.00974315 -0.0178292 8.57383e-05 -5.26568e-05 -0.0178292 0.087918 
0.00954026 -0.0174277 -0.000127878 7.57094e-05 -0.0174277 0.0857942 7.97119e-05 -1.39416e-05 -0.000127878 7.97119e-05 0.00960101 -0.017561 7.57094e-05 -1.39416e-05 -0.017561 0.0865109 
0.00966 -0.017628 -0.000130757 8.13035e-05 -0.017628 0.0868375 7.69874e-05 9.07247e-06 -0.000130757 7.69874e-05 0.00974011 -0.0178297 8.13035e-05 9.07247e-06 -0.0178297 0.0877243 
0.00966969 -0.0176451 -0.000144958 8.69162e-05 -0.0176451 0.0868698 7.847e-05 1.04233e-05 -0.000144958 7.847e-05 0.00973157 -0.0178562 8.69162e-05 1.04233e-05 -0.0178562 0.0878363 
0.00967399 -0.017671 -0.000170025 0.000108327 -0.017671 0.0869465 0.00010126 -2.95689e-05 -0.000170025 0.00010126 0.00971876 -0.0178444 0.000108327 -2.95689e-05 -0.0178444 0.0878669 
0.00968047 -0.017649 -0.000176003 0.000133541 -0.017649 0.0868535 0.000131302 -8.78844e-05 -0.000176003 0.000131302 0.00967316 -0.0178005 0.000133541 -8.78844e-05 -0.0178005 0.0877069 
0.00964482 -0.0176194 -0.000158622 0.000145055 -0.0176194 0.0866507 0.000141442 -0.000136285 -0.000158622 0.000141442 0.00964497 -0.0177234 0.000145055 -0.000136285 -0.0177234 0.0874237 
0.00959798 -0.0175122 -0.000133527 0.000129886 -0.0175122 0.0861809 0.000120046 -0.000128474 -0.000133527 0.000120046 0.0095921 -0.0176262 0.000129886 -0.000128474 -0.0176262 0.0869256 
0.00961637 -0.0175739 -0.000111195 9.48513e-05 -0.0175739 0.0864453 7.73041e-05 -4.7471e-05 -0.000111195 7.73041e-05 0.00961404 -0.0176689 9.48513e-05 -4.7471e-05 -0.0176689 0.0871423 
0.00959409 -0.0175134 -0.00011739 6.5269e-05 -0.0175134 0.0861797 4.4567e-05 4.19896e-05 -0.00011739 4.4567e-05 0.00958186 -0.0175982 6.5269e-05 4.19896e-05 -0.0175982 0.0868152 
0.00956662 -0.0174952 -0.000130312 6.59572e-05 -0.0174952 0.0860559 5.29739e-05 7.50421e-05 -0.000130312 5.29739e-05 0.0095822 -0.017564 6.59572e-05 7.50421e-05 -0.017564 0.0866332 
0.00958614 -0.0175182 -0.000148713 8.13472e-05 -0.0175182 0.0862138 7.84202e-05 4.47772e-05 -0.000148713 7.84202e-05 0.00959744 -0.0176105 8.13472e-05 4.47772e-05 -0.0176105 0.0867849 
0.00958511 -0.0175397 -0.000142364 9.82821e-05 -0.0175397 0.0863081 0.000103719 -9.53678e-07 -0.000142364 0.000103719 0.0096168 -0.0176319 9.82821e-05 -9.53678e-07 -0.0176319 0.0868891 
0.00957965 -0.0175239 -0.000140777 8.8875e-05 -0.0175239 0.0863015 9.92426e-05 -1.16027e-05 -0.000140777 9.92426e-05 0.00961966 -0.0176603 8.8875e-05 -1.16027e-05 -0.0176603 0.0869713 
0.009584 -0.0175078 -0.000146624 8.39815e-05 -0.0175078 0.0862453 9.45651e-05 9.28083e-07 -0.000146624 9.45651e-05 0.00959778 -0.0176584 8.39815e-05 9.28083e-07 -0.0176584 0.0869873 
0.00958829 -0.01752 -0.00016395 9.94477e-05 -0.01752 0.0862482 0.000101857 -1.63947e-05 -0.00016395 0.000101857 0.00957298 -0.017621 9.94477e-05 -1.63947e-05 -0.017621 0.0869213 
0.00957384 -0.0175329 -0.000146127 0.000126186 -0.0175329 0.0862876 0.000119846 -6.25347e-05 -0.000146127 0.000119846 0.00956702 -0.0175835 0.000126186 -6.25347e-05 -0.0175835 0.0868249 
0.00955335 -0.0175024 -0.000118155 0.000111807 -0.0175024 0.0862321 0.000100327 -6.57759e-05 -0.000118155 0.000100327 0.00955208 -0.0175717 0.000111807 -6.57759e-05 -0.0175717 0.0867461 
0.00954446 -0.0174886 -0.000105658 7.6937e-05 -0.0174886 0.0862231 6.71109e-05 -8.65622e-06 -0.000105658 6.71109e-05 0.0095483 -0.0175623 7.6937e-05 -8.65622e-06 -0.0175623 0.0867404 
0.00951975 -0.0174246 -0.000129532 5.69929e-05 -0.0174246 0.0859386 5.51337e-05 4.51889e-05 -0.000129532 5.51337e-05 0.00952366 -0.0174957 5.69929e-05 4.51889e-05 -0.0174957 0.0864392 
0.0095498 -0.0174486 -0.000160345 8.48103e-05 -0.0174486 0.0860423 9.01815e-05 1.38169e-05 -0.000160345 9.01815e-05 0.00952847 -0.0175271 8.48103e-05 1.38169e-05 -0.0175271 0.0865559 
0.00955483 -0.0174662 -0.000150236 0.000125118 -0.0174662 0.0860524 0.000133198 -7.84129e-05 -0.000150236 0.000133198 0.00952704 -0.0175126 0.000125118 -7.84129e-05 -0.0175126 0.0865203 
0.00974283 -0.0178244 -0.000146888 0.000122214 -0.0178244 0.0877887 0.000132016 -0.000126648 -0.000146888 0.000132016 0.00972976 -0.0178507 0.000122214 -0.000126648 -0.0178507 0.0881902 
0.00971523 -0.0177979 -0.000129512 0.000111173 -0.0177979 0.0876839 0.000120566 -0.000116577 -0.000129512 0.000120566 0.00973933 -0.017853 0.000111173 -0.000116577 -0.017853 0.0881128 
0.00965882 -0.0177467 -0.000113971 9.27223e-05 -0.0177467 0.0875056 9.75403e-05 -7.85348e-05 -0.000113971 9.75403e-05 0.00975069 -0.0178629 9.27223e-05 -7.85348e-05 -0.0178629 0.0880705 
0.0096178 -0.017645 -0.00010651 7.73379e-05 -0.017645 0.08715 7.21493e-05 -2.98572e-05 -0.00010651 7.21493e-05 0.00972229 -0.0178418 7.73379e-05 -2.98572e-05 -0.0178418 0.0878997 
0.00958695 -0.0175531 -0.000111373 7.11574e-05 -0.0175531 0.0867169 5.98163e-05 3.65953e-06 -0.000111373 5.98163e-05 0.00966206 -0.0177779 7.11574e-05 3.65953e-06 -0.0177779 0.0876088 
0.0095635 -0.0175179 -0.000114473 7.85712e-05 -0.0175179 0.0864788 6.93157e-05 7.52139e-08 -0.000114473 6.93157e-05 0.00961643 -0.0177028 7.85712e-05 7.52139e-08 -0.0177028 0.0873527 
0.0095353 -0.0174366 -0.000111075 7.93676e-05 -0.0174366 0.0860586 7.78349e-05 -1.53943e-05 -0.000111075 7.78349e-05 0.00954356 -0.0175784 7.93676e-05 -1.53943e-05 -0.0175784 0.0868212 
0.00955162 -0.0174605 -0.000118552 7.79857e-05 -0.0174605 0.0860842 8.36306e-05 -3.1534e-05 -0.000118552 8.36306e-05 0.00952327 -0.0175334 7.79857e-05 -3.1534e-05 -0.0175334 0.086672 
0.00956397 -0.0174924 -0.000116234 8.47176e-05 -0.0174924 0.0861868 9.10853e-05 -4.45878e-05 -0.000116234 9.10853e-05 0.00951532 -0.0175243 8.47176e-05 -4.45878e-05 -0.0175243 0.0866378 
0.00960044 -0.0175853 -9.87247e-05 8.40354e-05 -0.0175853 0.0866205 9.26383e-05 -5.54387e-05 -9.87247e-05 9.26383e-05 0.00955846 -0.0175803 8.40354e-05 -5.54387e-05 -0.0175803 0.0869425 
0.00965301 -0.0176763 -8.95913e-05 6.34455e-05 -0.0176763 0.0870973 7.29054e-05 -3.09322e-05 -8.95913e-05 7.29054e-05 0.0096078 -0.0176647 6.34455e-05 -3.09322e-05 -0.0176647 0.087337 
0.00965145 -0.0177019 -9.29767e-05 4.78938e-05 -0.0177019 0.0872291 5.65037e-05 1.3984e-05 -9.29767e-05 5.65037e-05 0.00963155 -0.0176951 4.78938e-05 1.3984e-05 -0.0176951 0.0874612 
0.00967859 -0.0176951 -0.000105491 5.73309e-05 -0.0176951 0.0872651 6.64453e-05 8.60289e-06 -0.000105491 6.64453e-05 0.00963218 -0.0177218 5.73309e-05 8.60289e-06 -0.0177218 0.0875493 
0.00969937 -0.0177398 -0.000121022 7.2584e-05 -0.0177398 0.0873973 8.22022e-05 -2.15271e-05 -0.000121022 8.22022e-05 0.00964885 -0.0177433 7.2584e-05 -2.15271e-05 -0.0177433 0.0876908 
0.00972572 -0.0177861 -0.000117665 8.8704e-05 -0.0177861 0.0876011 9.95893e-05 -5.96504e-05 -0.000117665 9.95893e-05 0.00967235 -0.0177827 8.8704e-05 -5.96504e-05 -0.0177827 0.087878 
0.00972931 -0.0177676 -0.000115301 8.41536e-05 -0.0177676 0.0875033 9.46639e-05 -6.75393e-05 -0.000115301 9.46639e-05 0.0096492 -0.0177703 8.41536e-05 -6.75393e-05 -0.0177703 0.0877994 
0.0097043 -0.0177371 -0.000115729 9.03783e-05 -0.0177371 0.0872763 9.76283e-05 -8.40812e-05 -0.000115729 9.76283e-05 0.00961751 -0.017694 9.03783e-05 -8.40812e-05 -0.017694 0.0874972 
0.00969957 -0.0177559 -0.000114592 8.64048e-05 -0.0177559 0.0873581 8.95337e-05 -7.36426e-05 -0.000114592 8.95337e-05 0.00963269 -0.0176968 8.64048e-05 -7.36426e-05 -0.0176968 0.0875071 
0.00965942 -0.0177276 -0.000104352 8.35478e-05 -0.0177276 0.0872812 8.14696e-05 -5.50947e-05 -0.000104352 8.14696e-05 0.00965103 -0.0176998 8.35478e-05 -5.50947e-05 -0.0176998 0.0874611 
0.0096313 -0.0176775 -8.6782e-05 7.64773e-05 -0.0176775 0.0871605 7.23947e-05 -3.95755e-05 -8.6782e-05 7.23947e-05 0.00968392 -0.0177244 7.64773e-05 -3.95755e-05 -0.0177244 0.0874814 
0.00966218 -0.0176661 -7.27355e-05 5.96045e-05 -0.0176661 0.0871761 5.24808e-05 -8.50669e-06 -7.27355e-05 5.24808e-05 0.00968336 -0.0177999 5.96045e-05 -8.50669e-06 -0.0177999 0.087715 
0.00967561 -0.0176904 -8.08047e-05 4.43514e-05 -0.0176904 0.0871931 3.5557e-05 2.92032e-05 -8.08047e-05 3.5557e-05 0.00967566 -0.0178047 4.43514e-05 2.92032e-05 -0.0178047 0.0878256 
0.00969312 -0.0176917 -9.36397e-05 5.25958e-05 -0.0176917 0.087156 4.39767e-05 3.25173e-05 -9.36397e-05 4.39767e-05 0.00964161 -0.0177749 5.25958e-05 3.25173e-05 -0.0177749 0.0877517 
0.0096907 -0.0177297 -8.77729e-05 6.53413e-05 -0.0177297 0.0872547 5.92722e-05 9.49859e-06 -8.77729e-05 5.92722e-05 0.00963864 -0.0177485 6.53413e-05 9.49859e-06 -0.0177485 0.0877308 
0.00967789 -0.0177232 -7.52663e-05 5.76719e-05 -0.0177232 0.0872874 6.10426e-05 -3.38637e-06 -7.52663e-05 6.10426e-05 0.00963544 -0.0177446 5.76719e-05 -3.38637e-06 -0.0177446 0.0877143 
0.00969627 -0.0177556 -8.21463e-05 4.07654e-05 -0.0177556 0.0875033 5.20652e-05 1.32822e-05 -8.21463e-05 5.20652e-05 0.00965148 -0.0177789 4.07654e-05 1.32822e-05 -0.0177789 0.0879094 
0.00967292 -0.0177228 -9.17341e-05 5.00321e-05 -0.0177228 0.087368 6.33508e-05 1.79957e-06 -9.17341e-05 6.33508e-05 0.0096437 -0.0177391 5.00321e-05 1.79957e-06 -0.0177391 0.0877508 
0.0096393 -0.017638 -8.08812e-05 6.40812e-05 -0.017638 0.0869836 7.6054e-05 -3.04689e-05 -8.08812e-05 7.6054e-05 0.00959809 -0.0176623 6.40812e-05 -3.04689e-05 -0.0176623 0.0873493 
0.00961461 -0.01758 -7.49669e-05 5.75924e-05 -0.01758 0.0866521 6.43189e-05 -3.79652e-05 -7.49669e-05 6.43189e-05 0.00955537 -0.0175809 5.75924e-05 -3.79652e-05 -0.0175809 0.0869679 
0.00963687 -0.017583 -6.14467e-05 5.30062e-05 -0.017583 0.0866036 5.75594e-05 -2.98785e-05 -6.14467e-05 5.75594e-05 0.00952158 -0.0175466 5.30062e-05 -2.98785e-05 -0.0175466 0.0868142 
0.00965254 -0.0176143 -5.02944e-05 3.81764e-05 -0.0176143 0.0866372 3.90943e-05 -5.01627e-07 -5.02944e-05 3.90943e-05 0.00949675 -0.0175111 3.81764e-05 -5.01627e-07 -0.0175111 0.0867034 
0.00969711 -0.0177235 -5.93995e-05 3.01522e-05 -0.0177235 0.0871267 2.65117e-05 2.56506e-05 -5.93995e-05 2.65117e-05 0.00952612 -0.0175768 3.01522e-05 2.56506e-05 -0.0175768 0.0870678 
0.00966931 -0.0177234 -6.34828e-05 3.99374e-05 -0.0177234 0.0871658 3.6394e-05 2.19639e-05 -6.34828e-05 3.6394e-05 0.00952719 -0.0175615 3.99374e-05 2.19639e-05 -0.0175615 0.087038 
0.00965577 -0.0177118 -5.92596e-05 4.74808e-05 -0.0177118 0.0872315 4.55582e-05 -2.09708e-06 -5.92596e-05 4.55582e-05 0.00953306 -0.0175754 4.74808e-05 -2.09708e-06 -0.0175754 0.0871076 
0.00962214 -0.017644 -4.84319e-05 4.16507e-05 -0.017644 0.0870001 4.18544e-05 -7.95837e-06 -4.84319e-05 4.18544e-05 0.00952226 -0.0175425 4.16507e-05 -7.95837e-06 -0.0175425 0.086951 
0.00958304 -0.0175587 -3.90689e-05 3.15406e-05 -0.0175587 0.0866222 3.30438e-05 2.78779e-06 -3.90689e-05 3.30438e-05 0.00949536 -0.0174846 3.15406e-05 2.78779e-06 -0.0174846 0.0866461 
0.00956857 -0.017538 -4.72587e-05 2.22695e-05 -0.017538 0.0865076 2.13242e-05 2.19146e-05 -4.72587e-05 2.13242e-05 0.00949897 -0.0174702 2.22695e-05 2.19146e-05 -0.0174702 0.0865589 
0.00956791 -0.0175353 -3.39585e-05 3.25085e-05 -0.0175353 0.0865083 3.11964e-05 1.3198e-05 -3.39585e-05 3.11964e-05 0.00952104 -0.0174941 3.25085e-05 1.3198e-05 -0.0174941 0.0866126 
0.00959391 -0.0175525 -3.5063e-05 1.60254e-05 -0.0175525 0.0866021 1.57792e-05 3.14268e-05 -3.5063e-05 1.57792e-05 0.00953369 -0.0175492 1.60254e-05 3.14268e-05 -0.0175492 0.0868023 
0.00957734 -0.017528 -4.47457e-05 1.03385e-05 -0.017528 0.0864317 1.41985e-05 5.50336e-05 -4.47457e-05 1.41985e-05 0.00952385 -0.0175274 1.03385e-05 5.50336e-05 -0.0175274 0.086704 
0.00956943 -0.0175065 -5.34506e-05 2.01055e-05 -0.0175065 0.0863162 2.92574e-05 4.1545e-05 -5.34506e-05 2.92574e-05 0.00951816 -0.0175176 2.01055e-05 4.1545e-05 -0.0175176 0.0866353 
0.00959804 -0.0175633 -7.02875e-05 3.5946e-05 -0.0175633 0.0865729 4.72371e-05 4.81295e-07 -7.02875e-05 4.72371e-05 0.00954082 -0.0175772 3.5946e-05 4.81295e-07 -0.0175772 0.0869169 
0.00956873 -0.0175351 -8.30869e-05 6.05636e-05 -0.0175351 0.0864178 7.00564e-05 -5.97301e-05 -8.30869e-05 7.00564e-05 0.00953879 -0.0175314 6.05636e-05 -5.97301e-05 -0.0175314 0.0867327 
0.00974349 -0.0178259 -7.03552e-05 7.83466e-05 -0.0178259 0.0878942 8.17855e-05 -0.00010561 -7.03552e-05 8.17855e-05 0.00971515 -0.0178501 7.83466e-05 -0.00010561 -0.0178501 0.0882363 
0.00970693 -0.0177604 -6.88361e-05 6.23492e-05 -0.0177604 0.0875413 6.05187e-05 -9.29806e-05 -6.88361e-05 6.05187e-05 0.00968436 -0.0178081 6.23492e-05 -9.29806e-05 -0.0178081 0.0879608 
0.0097225 -0.01784 -6.00866e-05 5.98384e-05 -0.01784 0.0879124 5.36849e-05 -7.01037e-05 -6.00866e-05 5.36849e-05 0.00973711 -0.0178941 5.98384e-05 -7.01037e-05 -0.0178941 0.0883748 
0.00949589 -0.0174455 -5.50478e-05 4.65099e-05 -0.0174455 0.0860714 3.89084e-05 -3.70713e-05 -5.50478e-05 3.89084e-05 0.00955122 -0.0175433 4.65099e-05 -3.70713e-05 -0.0175433 0.0866066 
0.00955263 -0.0174703 -5.94644e-05 3.54683e-05 -0.0174703 0.0862976 2.78304e-05 3.2306e-06 -5.94644e-05 2.78304e-05 0.00954852 -0.0176266 3.54683e-05 3.2306e-06 -0.0176266 0.0869743 
0.00956838 -0.017517 -4.44984e-05 3.45236e-05 -0.017517 0.086405 2.66186e-05 3.15395e-05 -4.44984e-05 2.66186e-05 0.00953632 -0.0176028 3.45236e-05 3.15395e-05 -0.0176028 0.0870404 
0.00959932 -0.0175625 -5.11526e-05 2.36504e-05 -0.0175625 0.0866074 1.58999e-05 4.83196e-05 -5.11526e-05 1.58999e-05 0.00951504 -0.0175875 2.36504e-05 4.83196e-05 -0.0175875 0.087072 
0.00955913 -0.0174871 -6.49498e-05 2.99579e-05 -0.0174871 0.0861916 2.35154e-05 4.6353e-05 -6.49498e-05 2.35154e-05 0.00945134 -0.0174336 2.99579e-05 4.6353e-05 -0.0174336 0.0864412 
0.00972216 -0.0177842 -8.85745e-05 5.20144e-05 -0.0177842 0.0876371 4.64452e-05 2.85396e-06 -8.85745e-05 4.64452e-05 0.00961059 -0.0176999 5.20144e-05 2.85396e-06 -0.0176999 0.087748 
0.00968576 -0.0177431 -9.51523e-05 8.56727e-05 -0.0177431 0.0873953 8.34974e-05 -8.38232e-05 -9.51523e-05 8.34974e-05 0.00959101 -0.0176345 8.56727e-05 -8.38232e-05 -0.0176345 0.0873862 
0.00970836 -0.0177949 -0.000116193 9.7582e-05 -0.0177949 0.0876752 0.00010468 -0.000158191 -0.000116193 0.00010468 0.00962125 -0.0177009 9.7582e-05 -0.000158191 -0.0177009 0.0876355 
0.0097263 -0.017872 -0.000128398 0.000112347 -0.017872 0.0880917 0.000124781 -0.00020104 -0.000128398 0.000124781 0.00968609 -0.0178005 0.000112347 -0.00020104 -0.0178005 0.0880986 
0.00951508 -0.0174545 -0.000111375 0.000118986 -0.0174545 0.0861612 0.000130429 -0.00022155 -0.000111375 0.000130429 0.00948648 -0.017457 0.000118986 -0.00022155 -0.017457 0.0863196 
0.00952143 -0.0174498 -8.4955e-05 0.000101445 -0.0174498 0.0861452 0.000109599 -0.000197951 -8.4955e-05 0.000109599 0.00948796 -0.0174792 0.000101445 -0.000197951 -0.0174792 0.0864357 
0.0095487 -0.017467 -5.82361e-05 6.73814e-05 -0.017467 0.0862164 7.21817e-05 -0.000121654 -5.82361e-05 7.21817e-05 0.00948348 -0.0175005 6.73814e-05 -0.000121654 -0.0175005 0.086574 
0.00955442 -0.0174455 -3.43818e-05 3.20013e-05 -0.0174455 0.0860499 3.70264e-05 -2.764e-05 -3.43818e-05 3.70264e-05 0.00944479 -0.0174523 3.20013e-05 -2.764e-05 -0.0174523 0.0864046 
0.00974836 -0.0178309 -2.71228e-05 7.84592e-06 -0.0178309 0.0878144 9.52629e-06 4.61258e-05 -2.71228e-05 9.52629e-06 0.00962691 -0.0177441 7.84592e-06 4.61258e-05 -0.0177441 0.0879769 
0.00971584 -0.017782 -2.48198e-05 7.24151e-06 -0.017782 0.08757 2.74578e-06 7.34615e-05 -2.48198e-05 2.74578e-06 0.00959492 -0.0176703 7.24151e-06 7.34615e-05 -0.0176703 0.0875824 
0.00973628 -0.0178603 -6.09403e-05 6.60324e-06 -0.0178603 0.0879679 -3.22914e-06 8.64109e-05 -6.09403e-05 -3.22914e-06 0.00964022 -0.0177518 6.60324e-06 8.64109e-05 -0.0177518 0.0879377 
0.00953744 -0.0175007 -8.50712e-05 4.75357e-05 -0.0175007 0.0862911 3.6443e-05 2.97041e-05 -8.50712e-05 3.6443e-05 0.00946768 -0.0174271 4.75357e-05 2.97041e-05 -0.0174271 0.0863023 
0.00954585 -0.0175176 -0.000109626 7.64448e-05 -0.0175176 0.086436 6.71861e-05 -4.48092e-05 -0.000109626 6.71861e-05 0.00950262 -0.017479 7.64448e-05 -4.48092e-05 -0.017479 0.0865286 
0.00954482 -0.0174965 -0.000119174 0.000108194 -0.0174965 0.0863649 0.00010295 -0.000132257 -0.000119174 0.00010295 0.00950837 -0.0174895 0.000108194 -0.000132257 -0.0174895 0.0865402 
0.0095842 -0.0175661 -9.79054e-05 0.000114158 -0.0175661 0.086687 0.000112857 -0.000173944 -9.79054e-05 0.000112857 0.00955474 -0.0175708 0.000114158 -0.000173944 -0.0175708 0.0869206 
0.00963826 -0.0176212 -8.95434e-05 8.39974e-05 -0.0176212 0.0869499 8.41111e-05 -0.000136547 -8.95434e-05 8.41111e-05 0.0095729 -0.0176376 8.39974e-05 -0.000136547 -0.0176376 0.0872248 
0.00964298 -0.0176453 -7.84094e-05 6.5898e-05 -0.0176453 0.08696 6.28371e-05 -7.03497e-05 -7.84094e-05 6.28371e-05 0.00957922 -0.0176143 6.5898e-05 -7.03497e-05 -0.0176143 0.0871747 
0.00964313 -0.0176505 -6.6184e-05 5.39259e-05 -0.0176505 0.0869727 4.82238e-05 -2.34296e-05 -6.6184e-05 4.82238e-05 0.00958423 -0.0176198 5.39259e-05 -2.34296e-05 -0.0176198 0.0871505 
0.00962424 -0.0176175 -6.4252e-05 3.79738e-05 -0.0176175 0.0868112 3.32913e-05 2.03147e-05 -6.4252e-05 3.32913e-05 0.00957203 -0.0175983 3.79738e-05 2.03147e-05 -0.0175983 0.0870095 
0.00965279 -0.0176672 -6.79024e-05 3.45447e-05 -0.0176672 0.0870653 3.27994e-05 4.31167e-05 -6.79024e-05 3.27994e-05 0.0095913 -0.0176645 3.45447e-05 4.31167e-05 -0.0176645 0.0873111 
0.0096527 -0.0176657 -6.49802e-05 3.18474e-05 -0.0176657 0.087059 3.49518e-05 5.65126e-05 -6.49802e-05 3.49518e-05 0.00958247 -0.0176581 3.18474e-05 5.65126e-05 -0.0176581 0.0873297 
0.00960132 -0.017606 -9.62987e-05 3.38499e-05 -0.017606 0.0867588 3.90281e-05 4.64425e-05 -9.62987e-05 3.90281e-05 0.00956505 -0.0175799 3.38499e-05 4.64425e-05 -0.0175799 0.0869996 
0.00958261 -0.0175283 -0.000130088 7.93924e-05 -0.0175283 0.0864436 8.24236e-05 -3.53566e-05 -0.000130088 8.24236e-05 0.00952719 -0.0175325 7.93924e-05 -3.53566e-05 -0.0175325 0.0866995 
0.00956423 -0.0175035 -0.00012704 0.000129678 -0.0175035 0.0862567 0.000128897 -0.000161374 -0.00012704 0.000128897 0.00951136 -0.0174917 0.000129678 -0.000161374 -0.0174917 0.0865143 
0.00954907 -0.0174734 -9.24756e-05 0.00012799 -0.0174734 0.0860958 0.000125435 -0.000213157 -9.24756e-05 0.000125435 0.0094918 -0.0174613 0.00012799 -0.000213157 -0.0174613 0.0863406 
0.009716 -0.0178283 -9.07207e-05 8.14866e-05 -0.0178283 0.0878345 8.22924e-05 -0.000151219 -9.07207e-05 8.22924e-05 0.00969844 -0.0178151 8.14866e-05 -0.000151219 -0.0178151 0.0880838 
0.00969853 -0.0177937 -7.33291e-05 7.27396e-05 -0.0177937 0.0877678 7.44872e-05 -9.72801e-05 -7.33291e-05 7.44872e-05 0.00971355 -0.0178345 7.27396e-05 -9.72801e-05 -0.0178345 0.0881035 
0.009693 -0.0177543 -5.69313e-05 4.92915e-05 -0.0177543 0.0876133 5.4382e-05 -4.70523e-05 -5.69313e-05 5.4382e-05 0.00972282 -0.0178411 4.92915e-05 -4.70523e-05 -0.0178411 0.0880716 
0.00953279 -0.0174599 -7.53429e-05 2.11248e-05 -0.0174599 0.0861302 3.18747e-05 2.0717e-05 -7.53429e-05 3.18747e-05 0.00955512 -0.0175786 2.11248e-05 2.0717e-05 -0.0175786 0.0867019 
0.00958041 -0.0175101 -8.81621e-05 4.27055e-05 -0.0175101 0.0863555 5.28211e-05 1.97122e-05 -8.81621e-05 5.28211e-05 0.0095471 -0.017615 4.27055e-05 1.97122e-05 -0.017615 0.0869488 
0.00960949 -0.0175674 -9.12682e-05 6.44715e-05 -0.0175674 0.0865394 6.47214e-05 -1.60543e-05 -9.12682e-05 6.47214e-05 0.00953776 -0.0175971 6.44715e-05 -1.60543e-05 -0.0175971 0.087012 
0.00959001 -0.0175873 -7.99572e-05 7.58753e-05 -0.0175873 0.086595 6.71056e-05 -4.49387e-05 -7.99572e-05 6.71056e-05 0.00953546 -0.0175548 7.58753e-05 -4.49387e-05 -0.0175548 0.0868898 
0.00957709 -0.0175811 -6.05414e-05 6.76338e-05 -0.0175811 0.0866624 5.85625e-05 -4.93838e-05 -6.05414e-05 5.85625e-05 0.00955196 -0.0175604 6.76338e-05 -4.93838e-05 -0.0175604 0.0868875 
0.00955478 -0.0175401 -6.46267e-05 4.55182e-05 -0.0175401 0.0865476 3.8908e-05 -2.00242e-05 -6.46267e-05 3.8908e-05 0.00956017 -0.0175608 4.55182e-05 -2.00242e-05 -0.0175608 0.0868283 
0.00955878 -0.0175207 -5.49541e-05 4.8939e-05 -0.0175207 0.0865032 4.30882e-05 -1.0229e-05 -5.49541e-05 4.30882e-05 0.00955935 -0.0175893 4.8939e-05 -1.0229e-05 -0.0175893 0.0869017 
0.00956421 -0.0175077 -5.28962e-05 3.79094e-05 -0.0175077 0.0864336 3.60581e-05 -8.87421e-07 -5.28962e-05 3.60581e-05 0.00954218 -0.0175938 3.79094e-05 -8.87421e-07 -0.0175938 0.0869415 
0.00957973 -0.0175318 -5.89177e-05 2.9579e-05 -0.0175318 0.086503 3.5973e-05 1.24761e-05 -5.89177e-05 3.5973e-05 0.00952976 -0.0175883 2.9579e-05 1.24761e-05 -0.0175883 0.087005 
0.0095338 -0.0174865 -4.79904e-05 3.67264e-05 -0.0174865 0.0862374 4.90109e-05 -2.28166e-06 -4.79904e-05 4.90109e-05 0.00950522 -0.0174916 3.67264e-05 -2.28166e-06 -0.0174916 0.0866258 
0.00950379 -0.0174642 -5.44626e-05 2.20473e-05 -0.0174642 0.0861933 3.25059e-05 1.49415e-05 -5.44626e-05 3.25059e-05 0.00951117 -0.0174859 2.20473e-05 1.49415e-05 -0.0174859 0.0865422 
0.0095032 -0.0174533 -5.22992e-05 3.38007e-05 -0.0174533 0.0862415 3.79721e-05 1.21649e-05 -5.22992e-05 3.79721e-05 0.00952849 -0.0175235 3.38007e-05 1.21649e-05 -0.0175235 0.0866651 
0.00952425 -0.0174483 -7.23188e-05 3.3337e-05 -0.0174483 0.0862702 3.15803e-05 1.4141e-05 -7.23188e-05 3.15803e-05 0.0095298 -0.0175652 3.3337e-05 1.4141e-05 -0.0175652 0.0868331 
0.00951843 -0.017425 -7.55848e-05 5.72898e-05 -0.017425 0.086091 5.00926e-05 -1.20967e-05 -7.55848e-05 5.00926e-05 0.00950424 -0.0175237 5.72898e-05 -1.20967e-05 -0.0175237 0.0866924 
0.00952323 -0.0174339 -7.28335e-05 6.50501e-05 -0.0174339 0.0860761 5.53195e-05 -4.07341e-05 -7.28335e-05 5.53195e-05 0.00949223 -0.017496 6.50501e-05 -4.07341e-05 -0.017496 0.0866056 
0.00951477 -0.0174154 -7.03621e-05 6.08466e-05 -0.0174154 0.0859341 5.40394e-05 -4.6303e-05 -7.03621e-05 5.40394e-05 0.00946403 -0.0174339 6.08466e-05 -4.6303e-05 -0.0174339 0.0863313 
0.00970361 -0.0177612 -7.28689e-05 5.77592e-05 -0.0177612 0.0875911 5.54989e-05 -4.52638e-05 -7.28689e-05 5.54989e-05 0.00963575 -0.0177405 5.77592e-05 -4.52638e-05 -0.0177405 0.0878584 
0.0097184 -0.017808 -6.55521e-05 6.12538e-05 -0.017808 0.0877947 6.31061e-05 -5.90098e-05 -6.55521e-05 6.31061e-05 0.00965011 -0.01777 6.12538e-05 -5.90098e-05 -0.01777 0.0879803 
0.00972883 -0.017832 -7.3163e-05 5.03977e-05 -0.017832 0.0879432 5.64859e-05 -5.2282e-05 -7.3163e-05 5.64859e-05 0.00967108 -0.0177993 5.03977e-05 -5.2282e-05 -0.0177993 0.0881127 
0.00953507 -0.0174933 -7.54902e-05 5.2259e-05 -0.0174933 0.0862922 6.54204e-05 -5.40337e-05 -7.54902e-05 6.54204e-05 0.0094895 -0.0174745 5.2259e-05 -5.40337e-05 -0.0174745 0.0864781 
0.00951674 -0.0174536 -8.08039e-05 5.13845e-05 -0.0174536 0.0861319 6.48849e-05 -5.11861e-05 -8.08039e-05 6.48849e-05 0.0094878 -0.0174408 5.13845e-05 -5.11861e-05 -0.0174408 0.0863278 
0.00955855 -0.0175155 -5.53913e-05 6.34543e-05 -0.0175155 0.0864548 6.9624e-05 -6.21494e-05 -5.53913e-05 6.9624e-05 0.00952652 -0.0175361 6.34543e-05 -6.21494e-05 -0.0175361 0.0867252 
0.00960541 -0.0175998 -3.70155e-05 3.34887e-05 -0.0175998 0.0868509 3.48035e-05 -1.67606e-05 -3.70155e-05 3.48035e-05 0.00956083 -0.0176236 3.34887e-05 -1.67606e-05 -0.0176236 0.0871715 
0.00961095 -0.0175858 -2.19728e-05 1.47912e-05 -0.0175858 0.0867857 1.71052e-05 3.1246e-05 -2.19728e-05 1.71052e-05 0.00955766 -0.0176063 1.47912e-05 3.1246e-05 -0.0176063 0.087133 
0.00959173 -0.0175154 -1.346e-05 -6.83137e-06 -0.0175154 0.0863799 -4.21895e-06 8.73876e-05 -1.346e-05 -4.21895e-06 0.00951352 -0.0175167 -6.83137e-06 8.73876e-05 -0.0175167 0.086695 
0.00958582 -0.0175252 5.19672e-06 -1.86011e-05 -0.0175252 0.0863172 -1.74667e-05 0.000131156 5.19672e-06 -1.74667e-05 0.00951861 -0.0174948 -1.86011e-05 0.000131156 -0.0174948 0.0865696 
0.00962155 -0.0176001 -1.27964e-05 -3.82684e-05 -0.0176001 0.0866594 -4.11472e-05 0.000181438 -1.27964e-05 -4.11472e-05 0.00956115 -0.0175708 -3.82684e-05 0.000181438 -0.0175708 0.0868717 
0.00963231 -0.0176432 -2.19335e-05 -1.12509e-05 -0.0176432 0.0868789 -1.91215e-05 0.000161644 -2.19335e-05 -1.91215e-05 0.00959697 -0.0176321 -1.12509e-05 0.000161644 -0.0176321 0.0871215 
0.00964164 -0.0176697 -1.74234e-05 6.59737e-06 -0.0176697 0.0870589 -1.20207e-06 0.000107849 -1.74234e-05 -1.20207e-06 0.00962284 -0.0176885 6.59737e-06 0.000107849 -0.0176885 0.087367 
0.00969134 -0.0177108 -4.64972e-05 -5.2973e-07 -0.0177108 0.0873186 -4.40526e-06 9.33841e-05 -4.64972e-05 -4.40526e-06 0.00963014 -0.0177641 -5.2973e-07 9.33841e-05 -0.0177641 0.0877298 
0.009685 -0.0176938 -4.31331e-05 2.51494e-05 -0.0176938 0.0871667 2.56231e-05 5.91338e-05 -4.31331e-05 2.56231e-05 0.00959286 -0.0177092 2.51494e-05 5.91338e-05 -0.0177092 0.0875824 
0.00970441 -0.0177677 -4.32064e-05 2.34462e-05 -0.0177677 0.0874771 2.92071e-05 3.21597e-05 -4.32064e-05 2.92071e-05 0.00962019 -0.0177223 2.34462e-05 3.21597e-05 -0.0177223 0.0877604 
0.00968325 -0.0177638 -3.90548e-05 2.05692e-05 -0.0177638 0.08751 3.4151e-05 2.06498e-05 -3.90548e-05 3.4151e-05 0.00963236 -0.0177107 2.05692e-05 2.06498e-05 -0.0177107 0.0876983 
0.00968988 -0.0177129 -3.63406e-05 1.25355e-05 -0.0177129 0.0873665 2.90661e-05 2.86205e-05 -3.63406e-05 2.90661e-05 0.00961805 -0.0177027 1.25355e-05 2.86205e-05 -0.0177027 0.08759 
0.00967906 -0.0176992 -4.72223e-05 1.17653e-05 -0.0176992 0.087203 2.54679e-05 3.48751e-05 -4.72223e-05 2.54679e-05 0.00961226 -0.0176629 1.17653e-05 3.48751e-05 -0.0176629 0.0874139 
0.0096441 -0.0176997 -5.37149e-05 3.33417e-05 -0.0176997 0.0871731 3.9424e-05 3.5175e-06 -5.37149e-05 3.9424e-05 0.00963763 -0.0176623 3.33417e-05 3.5175e-06 -0.0176623 0.087356 
0.00966506 -0.0177117 -4.3514e-05 5.40314e-05 -0.0177117 0.087362 5.13927e-05 -5.01814e-05 -4.3514e-05 5.13927e-05 0.00967667 -0.0177551 5.40314e-05 -5.01814e-05 -0.0177551 0.0876683 
0.00973061 -0.0177955 -2.63975e-05 4.56826e-05 -0.0177955 0.087792 3.84232e-05 -5.79477e-05 -2.63975e-05 3.84232e-05 0.00971485 -0.0178852 4.56826e-05 -5.79477e-05 -0.0178852 0.0882704 
0.00974092 -0.0177967 -1.19888e-05 1.88244e-05 -0.0177967 0.0877482 8.47022e-06 -5.18269e-06 -1.19888e-05 8.47022e-06 0.00969992 -0.0178724 1.88244e-05 -5.18269e-06 -0.0178724 0.0882994 
0.00970195 -0.017758 -1.99405e-05 -5.0024e-06 -0.017758 0.087481 -1.32022e-05 6.20352e-05 -1.99405e-05 -1.32022e-05 0.00967551 -0.0177801 -5.0024e-06 6.20352e-05 -0.0177801 0.0879393 
0.00966261 -0.0176728 -3.33093e-05 -2.96011e-06 -0.0176728 0.0870854 -1.65824e-06 8.33602e-05 -3.33093e-05 -1.65824e-06 0.00964413 -0.0176958 -2.96011e-06 8.33602e-05 -0.0176958 0.0874755 
