0.00720359 0 -8.02539e-05 0 0 0.010277 0 0 -8.02539e-05 0 0.0073359 0 0 0 0 0.010277 
0.00987415 -0.0122621 -6.50589e-05 7.86166e-05 -0.0122621 0.0326388 7.86166e-05 -0.00015062 -6.50589e-05 7.86166e-05 0.0100624 -0.0124839 7.86166e-05 -0.00015062 -0.0124839 0.033065 
0.00966039 -0.0181004 -6.27706e-05 2.7409e-05 -0.0181004 0.0667695 2.7409e-05 -6.78091e-05 -6.27706e-05 2.7409e-05 0.00982488 -0.0182138 2.7409e-05 -6.78091e-05 -0.0182138 0.0670796 
0.00911941 -0.0177476 -6.70267e-05 -4.5048e-05 -0.0177476 0.0797851 -4.20912e-05 0.000437031 -6.70267e-05 -4.20912e-05 0.00930312 -0.0178566 -4.5048e-05 0.000437031 -0.0178566 0.0799096 
0.00935958 -0.0175741 -7.43071e-05 -4.11058e-05 -0.0175741 0.0850808 -3.50367e-05 0.000710346 -7.43071e-05 -3.50367e-05 0.0095391 -0.0178063 -4.11058e-05 0.000710346 -0.0178063 0.0856545 
0.00968327 -0.0178251 -7.57868e-05 -3.06984e-06 -0.0178251 0.0877415 3.91612e-06 0.00058872 -7.57868e-05 3.91612e-06 0.00981437 -0.0180652 -3.06984e-06 0.00058872 -0.0180652 0.0885253 
0.00984883 -0.018085 -7.79665e-05 2.19575e-05 -0.018085 0.0891599 2.51963e-05 0.000380798 -7.79665e-05 2.51963e-05 0.00998552 -0.0182394 2.19575e-05 0.000380798 -0.0182394 0.089789 
0.00956763 -0.0175492 -6.13828e-05 2.45822e-05 -0.0175492 0.0866073 2.94519e-05 0.000248564 -6.13828e-05 2.94519e-05 0.0096883 -0.0176814 2.45822e-05 0.000248564 -0.0176814 0.0870575 
0.0098005 -0.01796 -5.66365e-05 2.06759e-06 -0.01796 0.0886682 1.01978e-05 0.00023916 -5.66365e-05 1.01978e-05 0.00991732 -0.0180967 2.06759e-06 0.00023916 -0.0180967 0.0890896 
0.00963827 -0.0177201 -9.72984e-05 -4.31245e-06 -0.0177201 0.0874532 2.30234e-06 0.000246791 -9.72984e-05 2.30234e-06 0.00981195 -0.0178555 -4.31245e-06 0.000246791 -0.0178555 0.0878717 
0.00956752 -0.0175776 -9.93523e-05 4.34184e-05 -0.0175776 0.0868474 4.81773e-05 0.00018582 -9.93523e-05 4.81773e-05 0.00975977 -0.0177862 4.34184e-05 0.00018582 -0.0177862 0.0873861 
0.00954776 -0.0175447 -8.42053e-05 5.03235e-05 -0.0175447 0.0866804 4.96026e-05 0.000141812 -8.42053e-05 4.96026e-05 0.00974888 -0.0177775 5.03235e-05 0.000141812 -0.0177775 0.0873229 
0.00949921 -0.0175047 -0.00010376 3.78944e-05 -0.0175047 0.0864783 2.97116e-05 0.000152103 -0.00010376 2.97116e-05 0.009765 -0.0177424 3.78944e-05 0.000152103 -0.0177424 0.0871547 
0.00947606 -0.0174003 -0.000107791 5.76543e-05 -0.0174003 0.0860557 4.79119e-05 0.000136537 -0.000107791 4.79119e-05 0.0097204 -0.0177072 5.76543e-05 0.000136537 -0.0177072 0.086834 
0.00955216 -0.0174725 -7.90095e-05 5.57174e-05 -0.0174725 0.0863151 5.04406e-05 0.000132371 -7.90095e-05 5.04406e-05 0.00970327 -0.0177656 5.57174e-05 0.000132371 -0.0177656 0.0871398 
0.00956831 -0.017555 -7.22405e-05 1.75001e-05 -0.017555 0.0865281 1.72079e-05 0.000188346 -7.22405e-05 1.72079e-05 0.00969391 -0.0177353 1.75001e-05 0.000188346 -0.0177353 0.0871844 
0.0095616 -0.017538 -7.93062e-05 8.71467e-06 -0.017538 0.0864658 4.53628e-06 0.000238364 -7.93062e-05 4.53628e-06 0.00965167 -0.0176736 8.71467e-06 0.000238364 -0.0176736 0.0869437 
0.009542 -0.0175494 -8.05733e-05 2.34255e-05 -0.0175494 0.0864881 1.14609e-05 0.000234901 -8.05733e-05 1.14609e-05 0.00963538 -0.0176188 2.34255e-05 0.000234901 -0.0176188 0.0867693 
0.00954043 -0.0175526 -0.00010329 2.34418e-05 -0.0175526 0.0865904 7.71584e-06 0.000236133 -0.00010329 7.71584e-06 0.00963965 -0.0176195 2.34418e-05 0.000236133 -0.0176195 0.0867724 
0.00948266 -0.0174621 -0.000116699 5.11511e-05 -0.0174621 0.0861865 3.97997e-05 0.000188188 -0.000116699 3.97997e-05 0.00961665 -0.0175288 5.11511e-05 0.000188188 -0.0175288 0.0863255 
0.00986745 -0.0182289 -0.000144789 7.23655e-05 -0.0182289 0.0900388 6.65906e-05 0.000131481 -0.000144789 6.65906e-05 0.010081 -0.0183486 7.23655e-05 0.000131481 -0.0183486 0.0902473 
0.00982344 -0.0181861 -0.000159687 9.70513e-05 -0.0181861 0.0899968 9.49518e-05 6.71363e-05 -0.000159687 9.49518e-05 0.0101134 -0.0184045 9.70513e-05 6.71363e-05 -0.0184045 0.0903995 
0.00980258 -0.0181208 -0.000148367 0.00011351 -0.0181208 0.0898461 0.000106937 2.27415e-05 -0.000148367 0.000106937 0.0101016 -0.0184371 0.00011351 2.27415e-05 -0.0184371 0.0904933 
0.00979516 -0.018034 -0.000122082 0.000105724 -0.018034 0.0894468 9.74123e-05 1.09096e-05 -0.000122082 9.74123e-05 0.0100393 -0.0183655 0.000105724 1.09096e-05 -0.0183655 0.0902256 
0.00978186 -0.017941 -0.000101609 6.84462e-05 -0.017941 0.0888624 6.6395e-05 6.3569e-05 -0.000101609 6.6395e-05 0.00994857 -0.0182149 6.84462e-05 6.3569e-05 -0.0182149 0.0896012 
0.00983279 -0.0179997 -9.46414e-05 3.3556e-05 -0.0179997 0.0889599 4.16745e-05 0.000142621 -9.46414e-05 4.16745e-05 0.00992016 -0.0181888 3.3556e-05 0.000142621 -0.0181888 0.089546 
0.00989412 -0.0181233 -8.36268e-05 2.48993e-05 -0.0181233 0.0893774 3.85175e-05 0.000182606 -8.36268e-05 3.85175e-05 0.00991251 -0.0181959 2.48993e-05 0.000182606 -0.0181959 0.0896893 
0.0099312 -0.0182521 -5.95447e-05 1.71705e-05 -0.0182521 0.0899066 2.78371e-05 0.000202707 -5.95447e-05 2.78371e-05 0.00993735 -0.0182077 1.71705e-05 0.000202707 -0.0182077 0.0898813 
0.00992759 -0.0182822 -4.67607e-05 -9.88764e-06 -0.0182822 0.0901278 -6.2222e-06 0.000259007 -4.67607e-05 -6.2222e-06 0.00995335 -0.0182132 -9.88764e-06 0.000259007 -0.0182132 0.0899118 
0.00985761 -0.0181724 -6.17001e-05 -1.46045e-05 -0.0181724 0.0897062 -2.03861e-05 0.00029004 -6.17001e-05 -2.03861e-05 0.00992619 -0.0181383 -1.46045e-05 0.00029004 -0.0181383 0.0894982 
0.00979815 -0.0180526 -6.26834e-05 8.25541e-06 -0.0180526 0.089222 -2.66814e-06 0.0002641 -6.26834e-05 -2.66814e-06 0.00989257 -0.0180826 8.25541e-06 0.0002641 -0.0180826 0.089146 
0.0097602 -0.017954 -4.84326e-05 1.12375e-05 -0.017954 0.0887732 3.67123e-06 0.000234974 -4.84326e-05 3.67123e-06 0.00987656 -0.0180286 1.12375e-05 0.000234974 -0.0180286 0.0888444 
0.00975677 -0.0179632 -5.15093e-05 -8.75246e-06 -0.0179632 0.0887916 -7.43408e-06 0.000246361 -5.15093e-05 -7.43408e-06 0.00990559 -0.0180819 -8.75246e-06 0.000246361 -0.0180819 0.0890081 
0.0097392 -0.0178916 -6.11898e-05 -8.86919e-06 -0.0178916 0.088487 -3.32817e-06 0.000253875 -6.11898e-05 -3.32817e-06 0.00986975 -0.0180766 -8.86919e-06 0.000253875 -0.0180766 0.088903 
0.00976438 -0.0179199 -7.60649e-05 3.76261e-06 -0.0179199 0.0885653 1.37934e-05 0.000229526 -7.60649e-05 1.37934e-05 0.00984953 -0.0180914 3.76261e-06 0.000229526 -0.0180914 0.0890591 
0.00975207 -0.0179449 -9.01174e-05 2.60432e-05 -0.0179449 0.0886044 3.97391e-05 0.000172663 -9.01174e-05 3.97391e-05 0.00982961 -0.0180384 2.60432e-05 0.000172663 -0.0180384 0.088969 
0.00976041 -0.0179763 -0.000103551 4.81598e-05 -0.0179763 0.0888157 6.48124e-05 0.000100998 -0.000103551 6.48124e-05 0.00984005 -0.018043 4.81598e-05 0.000100998 -0.018043 0.0890502 
0.00974102 -0.01795 -0.000109506 6.83189e-05 -0.01795 0.0887584 8.51586e-05 3.33279e-05 -0.000109506 8.51586e-05 0.00984661 -0.0180282 6.83189e-05 3.33279e-05 -0.0180282 0.0889739 
0.00969335 -0.0178714 -0.000105649 7.86891e-05 -0.0178714 0.0884164 9.35245e-05 -1.16491e-05 -0.000105649 9.35245e-05 0.00982921 -0.0179683 7.86891e-05 -1.16491e-05 -0.0179683 0.0886423 
0.00966005 -0.0177754 -8.28587e-05 7.71615e-05 -0.0177754 0.0879872 8.78891e-05 -2.42314e-05 -8.28587e-05 8.78891e-05 0.00978493 -0.0179133 7.71615e-05 -2.42314e-05 -0.0179133 0.088291 
0.00960978 -0.017719 -7.52398e-05 4.578e-05 -0.017719 0.0876721 4.92978e-05 3.35637e-05 -7.52398e-05 4.92978e-05 0.00976775 -0.0178662 4.578e-05 3.35637e-05 -0.0178662 0.0880561 
0.0095906 -0.0176642 -6.6213e-05 3.57321e-05 -0.0176642 0.0874753 2.88142e-05 9.38955e-05 -6.6213e-05 2.88142e-05 0.00974296 -0.0178602 3.57321e-05 9.38955e-05 -0.0178602 0.0879736 
0.00957368 -0.0175916 -6.03838e-05 2.83547e-05 -0.0175916 0.087105 1.30706e-05 0.000133069 -6.03838e-05 1.30706e-05 0.00969224 -0.0177833 2.83547e-05 0.000133069 -0.0177833 0.0876532 
0.00957101 -0.0175435 -7.09587e-05 2.59306e-05 -0.0175435 0.0867728 1.03903e-05 0.000146642 -7.09587e-05 1.03903e-05 0.00963359 -0.017696 2.59306e-05 0.000146642 -0.017696 0.0872762 
0.00958169 -0.0176431 -0.000102319 4.30213e-05 -0.0176431 0.0870983 2.95392e-05 0.000115469 -0.000102319 2.95392e-05 0.00967183 -0.0177058 4.30213e-05 0.000115469 -0.0177058 0.0874104 
0.00963048 -0.0177561 -0.000101617 7.71873e-05 -0.0177561 0.0877323 6.36917e-05 5.2718e-05 -0.000101617 6.36917e-05 0.00971633 -0.0178263 7.71873e-05 5.2718e-05 -0.0178263 0.0879271 
0.00965628 -0.0177687 -6.99332e-05 7.55636e-05 -0.0177687 0.0878854 6.43286e-05 2.15524e-05 -6.99332e-05 6.43286e-05 0.00969963 -0.0178444 7.55636e-05 2.15524e-05 -0.0178444 0.0880679 
0.00965585 -0.0177772 -6.70559e-05 3.33778e-05 -0.0177772 0.0878958 2.98006e-05 7.3064e-05 -6.70559e-05 2.98006e-05 0.00968282 -0.0178003 3.33778e-05 7.3064e-05 -0.0178003 0.0879898 
0.00962882 -0.0177036 -6.1355e-05 2.48172e-05 -0.0177036 0.0875544 2.71104e-05 0.000113973 -6.1355e-05 2.71104e-05 0.00962817 -0.0177059 2.48172e-05 0.000113973 -0.0177059 0.0875664 
0.0096322 -0.0177307 -6.70351e-05 2.4876e-05 -0.0177307 0.0876374 3.11172e-05 0.000110345 -6.70351e-05 3.11172e-05 0.00963573 -0.0176922 2.4876e-05 0.000110345 -0.0176922 0.087551 
0.00959844 -0.0176856 -7.18054e-05 3.10374e-05 -0.0176856 0.0874534 3.99137e-05 9.28818e-05 -7.18054e-05 3.99137e-05 0.00963826 -0.0176621 3.10374e-05 9.28818e-05 -0.0176621 0.087358 
0.00956825 -0.0176613 -8.47358e-05 4.14179e-05 -0.0176613 0.0873952 4.71939e-05 6.69405e-05 -8.47358e-05 4.71939e-05 0.00966355 -0.0176904 4.14179e-05 6.69405e-05 -0.0176904 0.0873953 
0.00951701 -0.0175496 -7.78747e-05 5.66137e-05 -0.0175496 0.0869585 5.31907e-05 4.40339e-05 -7.78747e-05 5.31907e-05 0.00964585 -0.017665 5.66137e-05 4.40339e-05 -0.017665 0.0871657 
0.00947651 -0.0174854 -7.92649e-05 5.60831e-05 -0.0174854 0.0866447 4.59624e-05 3.29404e-05 -7.92649e-05 4.59624e-05 0.00964317 -0.0176354 5.60831e-05 3.29404e-05 -0.0176354 0.0869912 
0.00945897 -0.0174517 -8.1555e-05 5.93172e-05 -0.0174517 0.0865183 4.85038e-05 2.5268e-05 -8.1555e-05 4.85038e-05 0.00964403 -0.0176588 5.93172e-05 2.5268e-05 -0.0176588 0.0870166 
0.00947399 -0.0174871 -7.53171e-05 5.96573e-05 -0.0174871 0.0866947 5.32287e-05 1.8577e-05 -7.53171e-05 5.32287e-05 0.00965533 -0.0177044 5.96573e-05 1.8577e-05 -0.0177044 0.0872549 
0.00949636 -0.0174954 -5.77642e-05 4.4754e-05 -0.0174954 0.0867585 4.81327e-05 3.37582e-05 -5.77642e-05 4.81327e-05 0.00963871 -0.0177088 4.4754e-05 3.37582e-05 -0.0177088 0.0873329 
0.00948374 -0.0174793 -6.16434e-05 1.75691e-05 -0.0174793 0.0866313 2.46141e-05 8.53176e-05 -6.16434e-05 2.46141e-05 0.00961056 -0.0176544 1.75691e-05 8.53176e-05 -0.0176544 0.0871555 
0.00947153 -0.0174715 -7.99496e-05 2.14003e-05 -0.0174715 0.0865875 2.80277e-05 0.000104579 -7.99496e-05 2.80277e-05 0.00960087 -0.0176203 2.14003e-05 0.000104579 -0.0176203 0.0870352 
0.00947403 -0.0174624 -9.67377e-05 4.73985e-05 -0.0174624 0.086577 5.3423e-05 6.45957e-05 -9.67377e-05 5.3423e-05 0.00959705 -0.0176202 4.73985e-05 6.45957e-05 -0.0176202 0.0870163 
0.00950839 -0.0175088 -0.000100881 7.02954e-05 -0.0175088 0.0867969 7.27371e-05 1.20613e-05 -0.000100881 7.27371e-05 0.00960755 -0.0176612 7.02954e-05 1.20613e-05 -0.0176612 0.0872286 
0.00954953 -0.0175818 -0.000114163 7.45551e-05 -0.0175818 0.0871096 7.4821e-05 -1.18636e-05 -0.000114163 7.4821e-05 0.00963299 -0.0176972 7.45551e-05 -1.18636e-05 -0.0176972 0.087466 
0.00955677 -0.0175862 -0.000127681 9.09229e-05 -0.0175862 0.0870959 8.93844e-05 -4.29178e-05 -0.000127681 8.93844e-05 0.00961827 -0.017672 9.09229e-05 -4.29178e-05 -0.017672 0.0873586 
0.00953243 -0.0175498 -0.000131858 0.000109317 -0.0175498 0.0868534 0.000105365 -8.47466e-05 -0.000131858 0.000105365 0.00958241 -0.0175856 0.000109317 -8.47466e-05 -0.0175856 0.0869699 
0.00953467 -0.017584 -0.000127757 0.00011767 -0.017584 0.0869977 0.000111694 -0.000114971 -0.000127757 0.000111694 0.00960567 -0.0175943 0.00011767 -0.000114971 -0.0175943 0.0869928 
0.00953872 -0.017586 -0.000132546 0.000110834 -0.017586 0.087069 0.000105636 -0.000114563 -0.000132546 0.000105636 0.00962116 -0.0176316 0.000110834 -0.000114563 -0.0176316 0.0870811 
0.00953102 -0.017554 -0.000115668 0.000109134 -0.017554 0.0869166 0.00010526 -0.000100935 -0.000115668 0.00010526 0.00959616 -0.0176114 0.000109134 -0.000100935 -0.0176114 0.0869635 
0.00953863 -0.0175475 -9.77368e-05 9.20161e-05 -0.0175475 0.0868599 8.82776e-05 -7.53576e-05 -9.77368e-05 8.82776e-05 0.00957707 -0.0175984 9.20161e-05 -7.53576e-05 -0.0175984 0.0869288 
0.00957733 -0.0176529 -8.30603e-05 7.19464e-05 -0.0176529 0.0873161 6.822e-05 -3.12704e-05 -8.30603e-05 6.822e-05 0.00961482 -0.0176619 7.19464e-05 -3.12704e-05 -0.0176619 0.0873126 
0.0095861 -0.0176625 -7.31863e-05 5.54885e-05 -0.0176625 0.0874103 5.19078e-05 1.04433e-05 -7.31863e-05 5.19078e-05 0.00961515 -0.0176655 5.54885e-05 1.04433e-05 -0.0176655 0.0873535 
0.00957917 -0.0176722 -6.64167e-05 3.36204e-05 -0.0176722 0.0874623 3.11499e-05 7.1187e-05 -6.64167e-05 3.11499e-05 0.00963 -0.0176614 3.36204e-05 7.1187e-05 -0.0176614 0.0873621 
0.00954403 -0.0175777 -6.53511e-05 2.03759e-05 -0.0175777 0.0870433 1.63991e-05 0.000124399 -6.53511e-05 1.63991e-05 0.00958872 -0.0175865 2.03759e-05 0.000124399 -0.0175865 0.0869458 
0.00954509 -0.0175701 -8.49684e-05 2.5737e-05 -0.0175701 0.0869774 1.70966e-05 0.000135583 -8.49684e-05 1.70966e-05 0.00958562 -0.0175909 2.5737e-05 0.000135583 -0.0175909 0.0869319 
0.00957298 -0.017617 -8.43565e-05 5.28046e-05 -0.017617 0.0871833 4.56365e-05 9.03116e-05 -8.43565e-05 4.56365e-05 0.00958962 -0.0176389 5.28046e-05 9.03116e-05 -0.0176389 0.0871671 
0.00956962 -0.0176709 -9.99887e-05 5.98064e-05 -0.0176709 0.0874199 5.38178e-05 4.25241e-05 -9.99887e-05 5.38178e-05 0.00962385 -0.0176556 5.98064e-05 4.25241e-05 -0.0176556 0.0873459 
0.00954165 -0.0176649 -0.000144807 7.44056e-05 -0.0176649 0.0875081 6.72554e-05 1.05823e-05 -0.000144807 6.72554e-05 0.00967877 -0.0176865 7.44056e-05 1.05823e-05 -0.0176865 0.0874448 
0.0095218 -0.0176329 -0.000166883 0.000131354 -0.0176329 0.0874928 0.000124175 -9.27362e-05 -0.000166883 0.000124175 0.00972727 -0.0177453 0.000131354 -9.27362e-05 -0.0177453 0.0875711 
0.00948869 -0.0175428 -0.000173307 0.000158323 -0.0175428 0.0871363 0.000153123 -0.000188584 -0.000173307 0.000153123 0.00972225 -0.017752 0.000158323 -0.000188584 -0.017752 0.0874509 
0.00950998 -0.0175503 -0.000160832 0.000165199 -0.0175503 0.0871686 0.000162827 -0.000236255 -0.000160832 0.000162827 0.00972728 -0.0178118 0.000165199 -0.000236255 -0.0178118 0.0876837 
0.00953901 -0.0175833 -0.000140828 0.000148028 -0.0175833 0.087276 0.000147288 -0.000224416 -0.000140828 0.000147288 0.00972599 -0.0178365 0.000148028 -0.000224416 -0.0178365 0.0878645 
0.00958805 -0.0176773 -0.000144263 0.000113199 -0.0176773 0.0876729 0.000118614 -0.000154782 -0.000144263 0.000118614 0.00974474 -0.0178932 0.000113199 -0.000154782 -0.0178932 0.0882216 
0.00962102 -0.0177184 -0.00016708 0.000106857 -0.0177184 0.0878641 0.000116917 -0.000106419 -0.00016708 0.000116917 0.00974153 -0.0179005 0.000106857 -0.000106419 -0.0179005 0.0883391 
0.00970297 -0.0178737 -0.000160268 0.000138104 -0.0178737 0.0885676 0.000146626 -0.000140217 -0.000160268 0.000146626 0.00978687 -0.0179956 0.000138104 -0.000140217 -0.0179956 0.0889005 
0.00972336 -0.0179075 -0.000119926 0.00013129 -0.0179075 0.0887011 0.000137176 -0.0001505 -0.000119926 0.000137176 0.00977433 -0.0179626 0.00013129 -0.0001505 -0.0179626 0.0888385 
0.00967609 -0.0177719 -7.04617e-05 8.76602e-05 -0.0177719 0.0879854 8.47083e-05 -7.67971e-05 -7.04617e-05 8.47083e-05 0.0096683 -0.0177616 8.76602e-05 -7.67971e-05 -0.0177616 0.0879063 
0.00962848 -0.0176925 -7.0762e-05 3.11254e-05 -0.0176925 0.0874518 2.05862e-05 5.43079e-05 -7.0762e-05 2.05862e-05 0.00960831 -0.0176044 3.11254e-05 5.43079e-05 -0.0176044 0.0871558 
0.00957269 -0.0176257 -0.000110425 2.81502e-05 -0.0176257 0.0870699 1.58181e-05 0.000123649 -0.000110425 1.58181e-05 0.00959537 -0.0175279 2.81502e-05 0.000123649 -0.0175279 0.0866729 
0.00958104 -0.01764 -0.000128759 7.15045e-05 -0.01764 0.0871796 6.0861e-05 8.01097e-05 -0.000128759 6.0861e-05 0.00961322 -0.0175988 7.15045e-05 8.01097e-05 -0.0175988 0.0868434 
0.0096501 -0.0177217 -0.000125614 9.80255e-05 -0.0177217 0.0875896 9.21398e-05 -1.64194e-06 -0.000125614 9.21398e-05 0.00962506 -0.0177027 9.80255e-05 -1.64194e-06 -0.0177027 0.0873418 
0.00968105 -0.0178513 -0.000118584 0.000101802 -0.0178513 0.0881109 9.81494e-05 -5.15581e-05 -0.000118584 9.81494e-05 0.00966815 -0.0177482 0.000101802 -5.15581e-05 -0.0177482 0.0877524 
0.00965469 -0.0178544 -0.000126091 9.48049e-05 -0.0178544 0.0882472 8.78678e-05 -5.26593e-05 -0.000126091 8.78678e-05 0.00970152 -0.0177651 9.48049e-05 -5.26593e-05 -0.0177651 0.0878391 
0.00965388 -0.0178607 -0.00011613 9.4086e-05 -0.0178607 0.0884599 8.97248e-05 -3.9644e-05 -0.00011613 8.97248e-05 0.00974157 -0.0178527 9.4086e-05 -3.9644e-05 -0.0178527 0.0881798 
0.009615 -0.0178292 -0.000116045 8.33261e-05 -0.0178292 0.0884214 8.52623e-05 -3.14754e-05 -0.000116045 8.52623e-05 0.00979308 -0.017882 8.33261e-05 -3.14754e-05 -0.017882 0.0883183 
0.00954336 -0.0176836 -0.000132327 7.56465e-05 -0.0176836 0.0878696 8.0053e-05 -8.61642e-06 -0.000132327 8.0053e-05 0.00979128 -0.0178544 7.56465e-05 -8.61642e-06 -0.0178544 0.0880298 
0.00952644 -0.0175786 -0.000136722 9.65563e-05 -0.0175786 0.0874236 0.000102368 -3.59508e-05 -0.000136722 0.000102368 0.00975425 -0.0178545 9.65563e-05 -3.59508e-05 -0.0178545 0.0878917 
0.00952866 -0.017587 -0.000144248 0.000108243 -0.017587 0.0873523 0.000112844 -7.52417e-05 -0.000144248 0.000112844 0.00975243 -0.0178522 0.000108243 -7.52417e-05 -0.0178522 0.0879517 
0.00952828 -0.0175667 -0.000159433 0.00011689 -0.0175667 0.0872125 0.000118033 -9.83618e-05 -0.000159433 0.000118033 0.00972329 -0.0178181 0.00011689 -9.83618e-05 -0.0178181 0.0878089 
0.0095133 -0.0175357 -0.000144731 0.000137148 -0.0175357 0.086987 0.00013826 -0.000140821 -0.000144731 0.00013826 0.00968984 -0.0177459 0.000137148 -0.000140821 -0.0177459 0.0875086 
0.00951747 -0.0175482 -0.000146565 0.000121106 -0.0175482 0.0869956 0.000118756 -0.000132242 -0.000146565 0.000118756 0.00968568 -0.017729 0.000121106 -0.000132242 -0.017729 0.0874256 
0.00953638 -0.0176086 -0.000142954 0.000117855 -0.0176086 0.0872634 0.000112781 -0.000105453 -0.000142954 0.000112781 0.00969814 -0.0177687 0.000117855 -0.000105453 -0.0177687 0.0876122 
0.00955562 -0.0176423 -0.000138192 0.000115855 -0.0176423 0.087475 0.000109776 -9.45427e-05 -0.000138192 0.000109776 0.00969928 -0.0178 0.000115855 -9.45427e-05 -0.0178 0.0877969 
0.00951993 -0.0175924 -0.000128739 0.000119681 -0.0175924 0.0872452 0.000116591 -0.000114518 -0.000128739 0.000116591 0.00967513 -0.0177271 0.000119681 -0.000114518 -0.0177271 0.0875229 
0.00949107 -0.0175239 -0.000113674 9.9799e-05 -0.0175239 0.0869619 0.000102096 -9.05447e-05 -0.000113674 0.000102096 0.00965004 -0.0176792 9.9799e-05 -9.05447e-05 -0.0176792 0.0872559 
0.00947123 -0.0174858 -0.000108072 7.61187e-05 -0.0174858 0.0867641 7.85235e-05 -3.50014e-05 -0.000108072 7.85235e-05 0.00964048 -0.0176469 7.61187e-05 -3.50014e-05 -0.0176469 0.0870831 
0.00943194 -0.0174184 -0.000107577 7.09584e-05 -0.0174184 0.086446 7.2007e-05 -4.58802e-06 -0.000107577 7.2007e-05 0.00962359 -0.0176132 7.09584e-05 -4.58802e-06 -0.0176132 0.0868545 
0.00940897 -0.0174103 -0.000127951 7.3818e-05 -0.0174103 0.0864263 7.85268e-05 -8.42839e-06 -0.000127951 7.85268e-05 0.00963615 -0.0176379 7.3818e-05 -8.42839e-06 -0.0176379 0.0869363 
0.00940252 -0.0173313 -0.000124396 9.87742e-05 -0.0173313 0.0861219 0.000109103 -5.89666e-05 -0.000124396 0.000109103 0.00957751 -0.0176006 9.87742e-05 -5.89666e-05 -0.0176006 0.0867349 
0.0093936 -0.0173131 -0.000121982 0.00010361 -0.0173131 0.0859136 0.000113978 -0.000104747 -0.000121982 0.000113978 0.00953735 -0.0175141 0.00010361 -0.000104747 -0.0175141 0.086465 
0.00943445 -0.0173818 -0.000110359 9.63914e-05 -0.0173818 0.0861858 0.000101421 -9.56606e-05 -0.000110359 0.000101421 0.00952356 -0.0175253 9.63914e-05 -9.56606e-05 -0.0175253 0.0865745 
0.00947897 -0.0174416 -0.000110952 8.70341e-05 -0.0174416 0.086423 8.48154e-05 -7.30999e-05 -0.000110952 8.48154e-05 0.00950552 -0.0175078 8.70341e-05 -7.30999e-05 -0.0175078 0.0866116 
0.00947342 -0.0174707 -0.000124803 9.42888e-05 -0.0174707 0.0864871 8.64239e-05 -7.2859e-05 -0.000124803 8.64239e-05 0.0095058 -0.0174563 9.42888e-05 -7.2859e-05 -0.0174563 0.086458 
0.00942574 -0.0174515 -0.000118924 0.000105709 -0.0174515 0.0864315 0.000101698 -9.1048e-05 -0.000118924 0.000101698 0.00952599 -0.017432 0.000105709 -9.1048e-05 -0.017432 0.0862835 
0.00941444 -0.017424 -9.72237e-05 9.47645e-05 -0.017424 0.086479 9.20549e-05 -8.22749e-05 -9.72237e-05 9.20549e-05 0.0095589 -0.0175032 9.47645e-05 -8.22749e-05 -0.0175032 0.0864658 
0.00939342 -0.0173965 -7.72239e-05 7.04076e-05 -0.0173965 0.0864104 6.42773e-05 -3.54268e-05 -7.72239e-05 6.42773e-05 0.00958453 -0.0175367 7.04076e-05 -3.54268e-05 -0.0175367 0.0865791 
0.00937614 -0.0173331 -7.18573e-05 5.28674e-05 -0.0173331 0.0861842 4.32373e-05 1.08526e-05 -7.18573e-05 4.32373e-05 0.00957158 -0.0175509 5.28674e-05 1.08526e-05 -0.0175509 0.0865721 
0.00936936 -0.0172717 -7.89559e-05 4.32166e-05 -0.0172717 0.0858729 3.78249e-05 4.09383e-05 -7.89559e-05 3.78249e-05 0.00953095 -0.0175131 4.32166e-05 4.09383e-05 -0.0175131 0.0864138 
0.00978347 -0.0180093 -9.06869e-05 5.17014e-05 -0.0180093 0.089432 5.40403e-05 3.44297e-05 -9.06869e-05 5.40403e-05 0.00991569 -0.0182228 5.17014e-05 3.44297e-05 -0.0182228 0.0900021 
0.00941517 -0.0173191 -7.40075e-05 4.93095e-05 -0.0173191 0.0858864 5.68696e-05 3.15202e-05 -7.40075e-05 5.68696e-05 0.00948889 -0.0174649 4.93095e-05 3.15202e-05 -0.0174649 0.0863104 
0.00944347 -0.0173868 -6.60837e-05 3.69172e-05 -0.0173868 0.086124 4.52109e-05 4.5588e-05 -6.60837e-05 4.52109e-05 0.00947661 -0.0174542 3.69172e-05 4.5588e-05 -0.0174542 0.0863555 
0.00943581 -0.0174013 -8.44741e-05 3.72665e-05 -0.0174013 0.0861804 4.08351e-05 4.78108e-05 -8.44741e-05 4.08351e-05 0.00947608 -0.0174156 3.72665e-05 4.78108e-05 -0.0174156 0.0862419 
0.00939684 -0.0173591 -8.47606e-05 6.08039e-05 -0.0173591 0.0860276 6.19945e-05 1.18812e-05 -8.47606e-05 6.19945e-05 0.00947562 -0.0173839 6.08039e-05 1.18812e-05 -0.0173839 0.0860407 
0.00974417 -0.0180157 -8.89357e-05 7.08774e-05 -0.0180157 0.0893834 7.26633e-05 -3.13548e-05 -8.89357e-05 7.26633e-05 0.009874 -0.018099 7.08774e-05 -3.13548e-05 -0.018099 0.08949 
0.00971839 -0.0179913 -7.45497e-05 7.23805e-05 -0.0179913 0.0893175 7.2353e-05 -4.82605e-05 -7.45497e-05 7.2353e-05 0.00988584 -0.0181135 7.23805e-05 -4.82605e-05 -0.0181135 0.0895086 
0.00974533 -0.017987 -4.4221e-05 4.65093e-05 -0.017987 0.0893819 4.51692e-05 -1.74137e-06 -4.4221e-05 4.51692e-05 0.00988369 -0.0181606 4.65093e-05 -1.74137e-06 -0.0181606 0.0896911 
0.0097991 -0.0180513 -4.82354e-05 6.85346e-06 -0.0180513 0.0896349 5.94941e-06 8.59904e-05 -4.82354e-05 5.94941e-06 0.00988804 -0.0182039 6.85346e-06 8.59904e-05 -0.0182039 0.0899819 
0.00938837 -0.0173164 -7.40578e-05 1.2002e-05 -0.0173164 0.0858859 1.1652e-05 0.000111642 -7.40578e-05 1.1652e-05 0.00946842 -0.0174017 1.2002e-05 0.000111642 -0.0174017 0.0861242 
0.00938989 -0.0173525 -0.000102495 5.34344e-05 -0.0173525 0.0860614 4.92414e-05 4.87389e-05 -0.000102495 4.92414e-05 0.00949827 -0.0174195 5.34344e-05 4.87389e-05 -0.0174195 0.0862079 
0.0093828 -0.0173195 -9.91942e-05 9.13222e-05 -0.0173195 0.0859742 8.40435e-05 -4.3536e-05 -9.91942e-05 8.40435e-05 0.00949509 -0.0174279 9.13222e-05 -4.3536e-05 -0.0174279 0.0861609 
0.00975498 -0.0180238 -0.000101163 9.1839e-05 -0.0180238 0.0894682 8.25827e-05 -8.08484e-05 -0.000101163 8.25827e-05 0.00990535 -0.0181547 9.1839e-05 -8.08484e-05 -0.0181547 0.0897376 
0.00972196 -0.0179634 -0.00010946 8.31313e-05 -0.0179634 0.0892125 7.53412e-05 -6.84013e-05 -0.00010946 7.53412e-05 0.00989823 -0.01814 8.31313e-05 -6.84013e-05 -0.01814 0.0895852 
0.00971644 -0.0179167 -7.85593e-05 8.41026e-05 -0.0179167 0.0890091 8.23513e-05 -5.98908e-05 -7.85593e-05 8.23513e-05 0.00987102 -0.0181345 8.41026e-05 -5.98908e-05 -0.0181345 0.0895029 
0.00973126 -0.0179528 -7.36916e-05 5.12468e-05 -0.0179528 0.089117 5.39788e-05 -1.99237e-05 -7.36916e-05 5.39788e-05 0.00986865 -0.018143 5.12468e-05 -1.99237e-05 -0.018143 0.0896144 
0.00972573 -0.0179456 -7.88676e-05 4.00882e-05 -0.0179456 0.0890559 4.09826e-05 2.85615e-05 -7.88676e-05 4.09826e-05 0.00984812 -0.018097 4.00882e-05 2.85615e-05 -0.018097 0.089457 
0.00970387 -0.0179091 -7.22395e-05 5.17357e-05 -0.0179091 0.0888566 5.10056e-05 2.21432e-05 -7.22395e-05 5.10056e-05 0.00982199 -0.0180294 5.17357e-05 2.21432e-05 -0.0180294 0.0891516 
0.00970292 -0.0179109 -7.09282e-05 5.61778e-05 -0.0179109 0.0888767 5.29325e-05 -3.34025e-06 -7.09282e-05 5.29325e-05 0.00983898 -0.0180403 5.61778e-05 -3.34025e-06 -0.0180403 0.0891563 
0.00974125 -0.017993 -8.9734e-05 4.81954e-05 -0.017993 0.0892962 4.39941e-05 8.98899e-06 -8.9734e-05 4.39941e-05 0.00988694 -0.0181478 4.81954e-05 8.98899e-06 -0.0181478 0.0896149 
0.00977245 -0.0180455 -8.9894e-05 6.53236e-05 -0.0180455 0.0895784 5.98279e-05 -4.80506e-07 -8.9894e-05 5.98279e-05 0.00990965 -0.018209 6.53236e-05 -4.80506e-07 -0.018209 0.0899294 
0.00939294 -0.0173658 -9.08389e-05 6.67658e-05 -0.0173658 0.0861971 5.98223e-05 -1.7609e-05 -9.08389e-05 5.98223e-05 0.00952609 -0.0175026 6.67658e-05 -1.7609e-05 -0.0175026 0.0864997 
0.00937755 -0.0173162 -0.000105132 6.5381e-05 -0.0173162 0.0860084 5.90198e-05 -1.34319e-05 -0.000105132 5.90198e-05 0.00951527 -0.0174599 6.5381e-05 -1.34319e-05 -0.0174599 0.0863063 
0.00941979 -0.0173564 -8.82795e-05 7.58615e-05 -0.0173564 0.0861893 7.31775e-05 -2.19223e-05 -8.82795e-05 7.31775e-05 0.00951903 -0.0175035 7.58615e-05 -2.19223e-05 -0.0175035 0.0864866 
0.00943231 -0.0173486 -6.58846e-05 5.30145e-05 -0.0173486 0.0860558 5.77721e-05 -1.31587e-06 -6.58846e-05 5.77721e-05 0.00948719 -0.0174462 5.30145e-05 -1.31587e-06 -0.0174462 0.0862756 
0.00947446 -0.0174184 -5.19536e-05 2.64303e-05 -0.0174184 0.0862892 3.51112e-05 4.8824e-05 -5.19536e-05 3.51112e-05 0.0094709 -0.0174579 2.64303e-05 4.8824e-05 -0.0174579 0.086371 
0.00951194 -0.0174778 -5.06311e-05 7.70926e-06 -0.0174778 0.0865031 1.20124e-05 0.000107364 -5.06311e-05 1.20124e-05 0.00946023 -0.0174392 7.70926e-06 0.000107364 -0.0174392 0.0863955 
0.0095313 -0.017516 -3.78034e-05 1.52601e-05 -0.017516 0.0866093 1.05453e-05 0.000119825 -3.78034e-05 1.05453e-05 0.00943811 -0.0174004 1.52601e-05 0.000119825 -0.0174004 0.08628 
0.00953337 -0.017542 -5.46674e-05 8.30075e-06 -0.017542 0.0866899 -1.15168e-07 0.000125293 -5.46674e-05 -1.15168e-07 0.00943072 -0.0173614 8.30075e-06 0.000125293 -0.0173614 0.0861504 
0.00953216 -0.0175908 -6.73611e-05 2.4904e-05 -0.0175908 0.0869462 2.04074e-05 0.00010433 -6.73611e-05 2.04074e-05 0.0094763 -0.017391 2.4904e-05 0.00010433 -0.017391 0.0862796 
0.00951307 -0.017572 -7.57063e-05 3.98258e-05 -0.017572 0.0869756 4.40347e-05 5.52586e-05 -7.57063e-05 4.40347e-05 0.00952097 -0.0174357 3.98258e-05 5.52586e-05 -0.0174357 0.0863685 
0.00950455 -0.0175161 -6.90927e-05 4.38319e-05 -0.0175161 0.0867966 4.58154e-05 4.02211e-05 -6.90927e-05 4.58154e-05 0.00952038 -0.0174677 4.38319e-05 4.02211e-05 -0.0174677 0.0863777 
0.00951452 -0.0174757 -5.4301e-05 3.69563e-05 -0.0174757 0.0865666 3.37758e-05 5.45825e-05 -5.4301e-05 3.37758e-05 0.0094777 -0.0174566 3.69563e-05 5.45825e-05 -0.0174566 0.0863071 
0.00950151 -0.0174826 -4.26242e-05 2.1172e-05 -0.0174826 0.0864618 1.48615e-05 8.8153e-05 -4.26242e-05 1.48615e-05 0.00945409 -0.0174009 2.1172e-05 8.8153e-05 -0.0174009 0.0861633 
