0.00686964 0 -2.03809e-05 0 0 0.00969639 0 0 -2.03809e-05 0 0.00687584 0 0 0 0 0.00969639 
0.0099794 -0.0123897 -4.52516e-05 5.50784e-05 -0.0123897 0.0329128 5.50784e-05 -0.000105368 -4.52516e-05 5.50784e-05 0.0100605 -0.0124839 5.50784e-05 -0.000105368 -0.0124839 0.0330936 
0.00974099 -0.0181179 -1.97108e-05 7.45859e-05 -0.0181179 0.0668011 7.45859e-05 -0.000239032 -1.97108e-05 7.45859e-05 0.00979914 -0.0182419 7.45859e-05 -0.000239032 -0.0182419 0.0671842 
0.00922344 -0.0177919 2.8103e-06 5.48839e-05 -0.0177919 0.0796801 6.82224e-05 -0.000340433 2.8103e-06 6.82224e-05 0.00928562 -0.0179833 5.48839e-05 -0.000340433 -0.0179833 0.0806429 
0.00915872 -0.0170538 4.93937e-06 2.62349e-05 -0.0170538 0.0820826 4.94856e-05 -0.00036792 4.93937e-06 4.94856e-05 0.009188 -0.0173082 2.62349e-05 -0.00036792 -0.0173082 0.0836773 
0.00944427 -0.0172844 4.89591e-06 1.32879e-05 -0.0172844 0.084567 3.33781e-05 -0.000295249 4.89591e-06 3.33781e-05 0.00941841 -0.0174394 1.32879e-05 -0.000295249 -0.0174394 0.0859805 
0.00964727 -0.0176996 3.84215e-05 7.22275e-06 -0.0176996 0.0868281 1.68835e-05 -0.000200835 3.84215e-05 1.68835e-05 0.00966214 -0.01772 7.22275e-06 -0.000200835 -0.01772 0.0876859 
0.00961598 -0.0176159 6.14646e-05 -3.17821e-05 -0.0176159 0.0867454 -3.2851e-05 -7.47917e-05 6.14646e-05 -3.2851e-05 0.00965114 -0.0176595 -3.17821e-05 -7.47917e-05 -0.0176595 0.0872923 
0.00965777 -0.0176466 7.15869e-05 -5.22242e-05 -0.0176466 0.0870387 -6.13772e-05 1.74706e-05 7.15869e-05 -6.13772e-05 0.00969247 -0.0177477 -5.22242e-05 1.74706e-05 -0.0177477 0.087601 
0.00975265 -0.0177509 8.89086e-05 -6.66831e-05 -0.0177509 0.0875203 -7.36598e-05 7.31771e-05 8.89086e-05 -7.36598e-05 0.00974904 -0.017873 -6.66831e-05 7.31771e-05 -0.017873 0.0881626 
0.0096974 -0.0176247 9.15653e-05 -8.79686e-05 -0.0176247 0.0867206 -8.50911e-05 0.000112844 9.15653e-05 -8.50911e-05 0.00967261 -0.0177147 -8.79686e-05 0.000112844 -0.0177147 0.0873654 
0.00965078 -0.0175685 9.03752e-05 -9.43433e-05 -0.0175685 0.086292 -8.15122e-05 0.00012781 9.03752e-05 -8.15122e-05 0.00963643 -0.017638 -9.43433e-05 0.00012781 -0.017638 0.0869077 
0.00962337 -0.0175681 7.05774e-05 -9.18184e-05 -0.0175681 0.0862468 -7.69574e-05 0.000121612 7.05774e-05 -7.69574e-05 0.00963551 -0.0176379 -9.18184e-05 0.000121612 -0.0176379 0.0868412 
0.00960701 -0.0175747 5.50233e-05 -6.16419e-05 -0.0175747 0.0863522 -5.07016e-05 6.82138e-05 5.50233e-05 -5.07016e-05 0.00965047 -0.0176803 -6.16419e-05 6.82138e-05 -0.0176803 0.0870043 
0.00959014 -0.0175687 5.63798e-05 -3.43168e-05 -0.0175687 0.086423 -2.21725e-05 -1.35035e-05 5.63798e-05 -2.21725e-05 0.00967964 -0.0177126 -3.43168e-05 -1.35035e-05 -0.0177126 0.0871632 
0.00958628 -0.017579 5.26162e-05 -2.8409e-05 -0.017579 0.0865824 -1.75851e-05 -6.45195e-05 5.26162e-05 -1.75851e-05 0.0097145 -0.017784 -2.8409e-05 -6.45195e-05 -0.017784 0.0874589 
0.0095882 -0.0175498 4.1034e-05 -1.80042e-05 -0.0175498 0.0865502 -1.38597e-05 -9.72961e-05 4.1034e-05 -1.38597e-05 0.00972165 -0.0178188 -1.80042e-05 -9.72961e-05 -0.0178188 0.0876027 
0.00960194 -0.017528 2.75685e-05 -7.56942e-06 -0.017528 0.0864245 -1.08198e-05 -0.000111439 2.75685e-05 -1.08198e-05 0.00969561 -0.0177983 -7.56942e-06 -0.000111439 -0.0177983 0.0875444 
0.00961377 -0.0175685 8.98883e-07 4.01399e-06 -0.0175685 0.0865072 4.10437e-07 -0.000128109 8.98883e-07 4.10437e-07 0.0096756 -0.0177737 4.01399e-06 -0.000128109 -0.0177737 0.0875261 
0.00963869 -0.0176267 -1.41272e-05 3.41001e-05 -0.0176267 0.0867737 3.18535e-05 -0.000182109 -1.41272e-05 3.18535e-05 0.00967734 -0.0177765 3.41001e-05 -0.000182109 -0.0177765 0.0876287 
0.00962537 -0.0175917 -2.8307e-05 5.24669e-05 -0.0175917 0.0866302 5.22662e-05 -0.000238807 -2.8307e-05 5.22662e-05 0.00965036 -0.0177225 5.24669e-05 -0.000238807 -0.0177225 0.0873979 
0.00960442 -0.0175893 1.26761e-05 6.80673e-05 -0.0175893 0.0865999 6.6001e-05 -0.000277067 1.26761e-05 6.6001e-05 0.00967042 -0.0176968 6.80673e-05 -0.000277067 -0.0176968 0.0872918 
0.00960715 -0.0175736 5.90442e-05 1.28831e-05 -0.0175736 0.0866029 1.07396e-05 -0.000199416 5.90442e-05 1.07396e-05 0.00968975 -0.0177395 1.28831e-05 -0.000199416 -0.0177395 0.087364 
0.00961796 -0.0175734 6.80039e-05 -4.26329e-05 -0.0175734 0.0865897 -4.72702e-05 -6.55425e-05 6.80039e-05 -4.72702e-05 0.00970723 -0.0177647 -4.26329e-05 -6.55425e-05 -0.0177647 0.0874407 
0.00963587 -0.0175842 5.3597e-05 -5.51118e-05 -0.0175842 0.0865939 -6.55289e-05 2.06693e-05 5.3597e-05 -6.55289e-05 0.00970907 -0.0177856 -5.51118e-05 2.06693e-05 -0.0177856 0.0874999 
0.00966224 -0.0175847 2.99055e-05 -3.47848e-05 -0.0175847 0.0865358 -4.96106e-05 1.98393e-05 2.99055e-05 -4.96106e-05 0.00968193 -0.0177796 -3.47848e-05 1.98393e-05 -0.0177796 0.0874681 
0.00971333 -0.0176924 1.30704e-05 -7.25891e-06 -0.0176924 0.0869216 -2.30122e-05 -2.67086e-05 1.30704e-05 -2.30122e-05 0.00969691 -0.0178162 -7.25891e-06 -2.67086e-05 -0.0178162 0.0877478 
0.00973695 -0.01778 1.85179e-05 1.02768e-05 -0.01778 0.0873041 -6.30089e-06 -7.23213e-05 1.85179e-05 -6.30089e-06 0.00971881 -0.0178456 1.02768e-05 -7.23213e-05 -0.0178456 0.0879704 
0.00976258 -0.0177936 1.55296e-05 1.79461e-06 -0.0177936 0.0874386 -1.1843e-05 -7.72254e-05 1.55296e-05 -1.1843e-05 0.00970083 -0.0178497 1.79461e-06 -7.72254e-05 -0.0178497 0.0880177 
0.00978316 -0.0177882 3.14536e-05 3.45062e-06 -0.0177882 0.0873814 1.27677e-08 -8.78608e-05 3.14536e-05 1.27677e-08 0.0096676 -0.0178078 3.45062e-06 -8.78608e-05 -0.0178078 0.0878992 
0.00975573 -0.0177697 3.11903e-05 -2.16919e-05 -0.0177697 0.0871769 -1.2943e-05 -6.49816e-05 3.11903e-05 -1.2943e-05 0.00961659 -0.0177109 -2.16919e-05 -6.49816e-05 -0.0177109 0.0875262 
0.00976008 -0.017811 2.01518e-05 -2.53054e-05 -0.017811 0.0873711 -1.1566e-05 -4.82042e-05 2.01518e-05 -1.1566e-05 0.00962747 -0.0176933 -2.53054e-05 -4.82042e-05 -0.0176933 0.0875135 
0.00970547 -0.0177647 1.54336e-05 -4.69056e-06 -0.0177647 0.0872016 1.47007e-06 -7.31247e-05 1.54336e-05 1.47007e-06 0.00964056 -0.0176429 -4.69056e-06 -7.31247e-05 -0.0176429 0.0872356 
0.00964213 -0.0176464 1.16007e-05 8.77911e-06 -0.0176464 0.0867735 5.98269e-06 -0.000105437 1.16007e-05 5.98269e-06 0.00962872 -0.0176164 8.77911e-06 -0.000105437 -0.0176164 0.0869201 
0.00957937 -0.0175159 -3.65209e-08 1.02109e-05 -0.0175159 0.0862136 3.89373e-06 -0.00010878 -3.65209e-08 3.89373e-06 0.00960237 -0.0175737 1.02109e-05 -0.00010878 -0.0175737 0.0865941 
0.00958021 -0.0174871 -2.406e-06 1.94312e-05 -0.0174871 0.0860816 1.77326e-05 -0.000123287 -2.406e-06 1.77326e-05 0.00959779 -0.017601 1.94312e-05 -0.000123287 -0.017601 0.0866617 
0.0095865 -0.0174936 -1.20508e-05 1.60361e-05 -0.0174936 0.0860629 1.92367e-05 -0.000124834 -1.20508e-05 1.92367e-05 0.00958911 -0.0176136 1.60361e-05 -0.000124834 -0.0176136 0.086749 
0.00957873 -0.017526 -1.72445e-05 2.82871e-05 -0.017526 0.0861805 3.10063e-05 -0.000142455 -1.72445e-05 3.10063e-05 0.00960247 -0.0176186 2.82871e-05 -0.000142455 -0.0176186 0.0868465 
0.00975823 -0.017837 -1.34059e-05 4.14001e-05 -0.017837 0.0878217 4.14124e-05 -0.000176172 -1.34059e-05 4.14124e-05 0.009782 -0.0179793 4.14001e-05 -0.000176172 -0.0179793 0.088586 
0.00955118 -0.0174482 -1.96455e-05 4.04113e-05 -0.0174482 0.0859205 3.82517e-05 -0.000187386 -1.96455e-05 3.82517e-05 0.00955117 -0.0175927 4.04113e-05 -0.000187386 -0.0175927 0.0867282 
0.00957707 -0.0174837 -5.90877e-06 4.18456e-05 -0.0174837 0.0860838 4.47582e-05 -0.000192575 -5.90877e-06 4.47582e-05 0.00954842 -0.0175969 4.18456e-05 -0.000192575 -0.0175969 0.086859 
0.00977133 -0.0178387 4.82268e-07 2.16951e-05 -0.0178387 0.0877837 2.68556e-05 -0.0001657 4.82268e-07 2.68556e-05 0.00973051 -0.0178952 2.16951e-05 -0.0001657 -0.0178952 0.0884324 
0.00978057 -0.0178499 -1.21035e-06 1.35405e-05 -0.0178499 0.0878022 1.72401e-05 -0.000131622 -1.21035e-06 1.72401e-05 0.00971808 -0.0178706 1.35405e-05 -0.000131622 -0.0178706 0.0883015 
0.00959976 -0.017499 -1.35008e-05 1.9319e-05 -0.017499 0.0860452 1.72985e-05 -0.000123511 -1.35008e-05 1.72985e-05 0.0095023 -0.0174918 1.9319e-05 -0.000123511 -0.0174918 0.0864282 
0.00981032 -0.0178982 1.06461e-05 3.32259e-05 -0.0178982 0.0879518 2.58325e-05 -0.000137493 1.06461e-05 2.58325e-05 0.00969643 -0.0178542 3.32259e-05 -0.000137493 -0.0178542 0.0882536 
0.00980257 -0.0179298 2.82396e-06 5.89961e-06 -0.0179298 0.0881093 -5.57307e-07 -0.000106845 2.82396e-06 -5.57307e-07 0.0097101 -0.0178628 5.89961e-06 -0.000106845 -0.0178628 0.0883313 
0.00975332 -0.0178265 -5.99837e-06 3.02718e-06 -0.0178265 0.0877069 -1.23961e-07 -7.03903e-05 -5.99837e-06 -1.23961e-07 0.00967125 -0.017786 3.02718e-06 -7.03903e-05 -0.017786 0.087934 
0.00975442 -0.0178657 -1.75276e-05 1.2996e-05 -0.0178657 0.0879125 1.18954e-05 -7.60976e-05 -1.75276e-05 1.18954e-05 0.00970191 -0.0178346 1.2996e-05 -7.60976e-05 -0.0178346 0.088165 
0.00953934 -0.017506 -1.9731e-05 2.93122e-05 -0.017506 0.0862306 2.78695e-05 -0.000106869 -1.9731e-05 2.78695e-05 0.00953926 -0.017506 2.93122e-05 -0.000106869 -0.017506 0.0865244 
0.00954616 -0.0174777 -2.35191e-05 3.33227e-05 -0.0174777 0.0862113 2.99032e-05 -0.000125254 -2.35191e-05 2.99032e-05 0.00955134 -0.0175405 3.33227e-05 -0.000125254 -0.0175405 0.0866235 
0.0095723 -0.017437 -1.41249e-05 3.73836e-05 -0.017437 0.0859996 3.30858e-05 -0.000133824 -1.41249e-05 3.30858e-05 0.00952054 -0.0175256 3.73836e-05 -0.000133824 -0.0175256 0.0865316 
0.00962324 -0.0174964 -5.17508e-06 2.69978e-05 -0.0174964 0.086089 2.47793e-05 -0.000126756 -5.17508e-06 2.47793e-05 0.00950714 -0.0175165 2.69978e-05 -0.000126756 -0.0175165 0.0865628 
0.00963463 -0.017545 1.28247e-06 9.7304e-06 -0.017545 0.086149 1.1118e-05 -9.23125e-05 1.28247e-06 1.1118e-05 0.0094928 -0.0174738 9.7304e-06 -9.23125e-05 -0.0174738 0.0864249 
0.00978987 -0.017899 -5.25873e-06 2.5516e-06 -0.017899 0.087861 6.42135e-06 -7.30536e-05 -5.25873e-06 6.42135e-06 0.00969758 -0.0177971 2.5516e-06 -7.30536e-05 -0.0177971 0.0880126 
0.00974607 -0.0178388 1.12222e-05 1.34019e-05 -0.0178388 0.0877041 1.5107e-05 -7.96229e-05 1.12222e-05 1.5107e-05 0.00970639 -0.0178059 1.34019e-05 -7.96229e-05 -0.0178059 0.0879241 
0.00972197 -0.0177549 1.71877e-05 -2.74231e-06 -0.0177549 0.0873939 -3.23759e-06 -6.37828e-05 1.71877e-05 -3.23759e-06 0.00968173 -0.0177951 -2.74231e-06 -6.37828e-05 -0.0177951 0.0877874 
0.00976403 -0.0178383 2.19768e-05 -8.42015e-06 -0.0178383 0.0877796 -1.07725e-05 -4.51621e-05 2.19768e-05 -1.07725e-05 0.00970733 -0.0178968 -8.42015e-06 -4.51621e-05 -0.0178968 0.0883056 
0.0095835 -0.0175215 1.35243e-05 -1.67659e-05 -0.0175215 0.0862196 -2.11305e-05 -1.82926e-05 1.35243e-05 -2.11305e-05 0.00952851 -0.0175476 -1.67659e-05 -1.82926e-05 -0.0175476 0.0867146 
0.00960666 -0.0175248 6.51224e-06 -1.02203e-05 -0.0175248 0.0862598 -1.51289e-05 -1.08688e-05 6.51224e-06 -1.51289e-05 0.00952361 -0.017536 -1.02203e-05 -1.08688e-05 -0.017536 0.0866914 
0.00960653 -0.0175607 -1.05574e-05 -2.32665e-06 -0.0175607 0.0863665 -7.2769e-07 -3.12493e-05 -1.05574e-05 -7.2769e-07 0.00955042 -0.0175366 -2.32665e-06 -3.12493e-05 -0.0175366 0.0867161 
0.0095924 -0.0175879 -3.53288e-05 2.40932e-05 -0.0175879 0.0865508 3.13079e-05 -9.60819e-05 -3.53288e-05 3.13079e-05 0.00960444 -0.0175941 2.40932e-05 -9.60819e-05 -0.0175941 0.0869033 
0.00955722 -0.0174696 -2.41817e-05 5.76476e-05 -0.0174696 0.0861055 6.24503e-05 -0.000179022 -2.41817e-05 6.24503e-05 0.00957548 -0.0175572 5.76476e-05 -0.000179022 -0.0175572 0.0865912 
0.00975804 -0.0178315 -9.07907e-08 4.69613e-05 -0.0178315 0.0878291 4.82935e-05 -0.000199239 -9.07907e-08 4.82935e-05 0.00977984 -0.017934 4.69613e-05 -0.000199239 -0.017934 0.0884286 
0.00973967 -0.0178302 2.09499e-05 1.23327e-05 -0.0178302 0.0877979 1.03428e-05 -0.000134024 2.09499e-05 1.03428e-05 0.00977739 -0.0179467 1.23327e-05 -0.000134024 -0.0179467 0.0884665 
0.00969402 -0.017751 4.11664e-06 -1.10216e-05 -0.017751 0.0874785 -1.19602e-05 -7.04173e-05 4.11664e-06 -1.19602e-05 0.00974218 -0.0178986 -1.10216e-05 -7.04173e-05 -0.0178986 0.0882339 
0.00968771 -0.0177329 -1.61708e-05 8.85584e-06 -0.0177329 0.0874322 9.33993e-06 -7.61172e-05 -1.61708e-05 9.33993e-06 0.00973537 -0.0178966 8.85584e-06 -7.61172e-05 -0.0178966 0.088254 
0.00968186 -0.0177178 -2.06398e-05 3.70401e-05 -0.0177178 0.0873682 3.7095e-05 -0.000136151 -2.06398e-05 3.7095e-05 0.00971563 -0.0178802 3.70401e-05 -0.000136151 -0.0178802 0.0882131 
0.00967844 -0.0176719 -2.6705e-05 4.28204e-05 -0.0176719 0.0871412 4.24982e-05 -0.000172318 -2.6705e-05 4.24982e-05 0.00967104 -0.0178145 4.28204e-05 -0.000172318 -0.0178145 0.087955 
0.00966284 -0.0176446 -3.74492e-05 4.83358e-05 -0.0176446 0.086915 5.14283e-05 -0.000194195 -3.74492e-05 5.14283e-05 0.00961928 -0.0177271 4.83358e-05 -0.000194195 -0.0177271 0.0876051 
0.00965806 -0.0176215 -3.26918e-05 5.77609e-05 -0.0176215 0.0867568 6.48398e-05 -0.000217312 -3.26918e-05 6.48398e-05 0.00956651 -0.0176499 5.77609e-05 -0.000217312 -0.0176499 0.0872865 
0.00963427 -0.0175683 -1.76387e-05 5.12871e-05 -0.0175683 0.086419 5.71389e-05 -0.000214162 -1.76387e-05 5.71389e-05 0.00950543 -0.0175218 5.12871e-05 -0.000214162 -0.0175218 0.0867441 
0.00963781 -0.0175477 -4.42453e-06 3.34236e-05 -0.0175477 0.0862527 3.72105e-05 -0.000179682 -4.42453e-06 3.72105e-05 0.00946301 -0.0174534 3.34236e-05 -0.000179682 -0.0174534 0.0864114 
0.00964617 -0.0176204 -1.35729e-05 1.25901e-05 -0.0176204 0.0865025 1.51127e-05 -0.000123409 -1.35729e-05 1.51127e-05 0.00949018 -0.0174654 1.25901e-05 -0.000123409 -0.0174654 0.0864975 
0.00967906 -0.0177288 9.84936e-06 2.10407e-05 -0.0177288 0.0871101 1.82976e-05 -9.91052e-05 9.84936e-06 1.82976e-05 0.00957962 -0.0175989 2.10407e-05 -9.91052e-05 -0.0175989 0.0870726 
0.00969593 -0.0177862 2.30863e-05 -4.57454e-06 -0.0177862 0.0875263 -1.28613e-05 -5.17417e-05 2.30863e-05 -1.28613e-05 0.00965286 -0.0177275 -4.57454e-06 -5.17417e-05 -0.0177275 0.0876047 
0.00967522 -0.017726 8.06084e-06 -1.86145e-05 -0.017726 0.0873644 -2.78398e-05 -5.00116e-06 8.06084e-06 -2.78398e-05 0.0096625 -0.0177513 -1.86145e-05 -5.00116e-06 -0.0177513 0.0876512 
0.00969751 -0.0177043 -1.60335e-05 1.15969e-06 -0.0177043 0.0872945 -9.22564e-06 -1.8471e-05 -1.60335e-05 -9.22564e-06 0.00965157 -0.0177824 1.15969e-06 -1.8471e-05 -0.0177824 0.0877706 
0.00973474 -0.0177664 -3.49307e-05 2.67043e-05 -0.0177664 0.0874999 1.46324e-05 -6.20259e-05 -3.49307e-05 1.46324e-05 0.00966531 -0.0178177 2.67043e-05 -6.20259e-05 -0.0178177 0.0880288 
0.00980112 -0.0178828 -3.12126e-05 4.83897e-05 -0.0178828 0.0880069 3.66171e-05 -0.000112883 -3.12126e-05 3.66171e-05 0.00969193 -0.0178895 4.83897e-05 -0.000112883 -0.0178895 0.0884572 
0.00979846 -0.0178792 -4.35749e-05 3.98687e-05 -0.0178792 0.0879391 3.33981e-05 -0.000123076 -4.35749e-05 3.33981e-05 0.00968448 -0.0178253 3.98687e-05 -0.000123076 -0.0178253 0.088246 
0.00979494 -0.0178776 -2.95756e-05 4.55547e-05 -0.0178776 0.0879115 4.14629e-05 -0.000119418 -2.95756e-05 4.14629e-05 0.0096956 -0.0178144 4.55547e-05 -0.000119418 -0.0178144 0.0881372 
0.00980941 -0.0178793 -1.54271e-05 3.13809e-05 -0.0178793 0.0879169 2.59309e-05 -9.96018e-05 -1.54271e-05 2.59309e-05 0.00968231 -0.0178355 3.13809e-05 -9.96018e-05 -0.0178355 0.0881513 
0.00978833 -0.0178467 1.24771e-05 1.23768e-05 -0.0178467 0.0876793 8.87766e-06 -6.00891e-05 1.24771e-05 8.87766e-06 0.00966135 -0.0177594 1.23768e-05 -6.00891e-05 -0.0177594 0.0878447 
0.00976437 -0.0178224 2.58367e-05 -2.17067e-05 -0.0178224 0.0875402 -1.87597e-05 2.57815e-07 2.58367e-05 -1.87597e-05 0.00967366 -0.0177425 -2.17067e-05 2.57815e-07 -0.0177425 0.0876891 
0.00980064 -0.017864 7.4084e-06 -3.52477e-05 -0.017864 0.0877803 -2.49717e-05 3.54726e-05 7.4084e-06 -2.49717e-05 0.00970331 -0.0178401 -3.52477e-05 3.54726e-05 -0.0178401 0.088032 
0.00963385 -0.0175672 -1.44237e-05 -6.68006e-06 -0.0175672 0.0862734 3.97674e-06 -8.12544e-06 -1.44237e-05 3.97674e-06 0.00953012 -0.0175357 -6.68006e-06 -8.12544e-06 -0.0175357 0.0865598 
0.00961493 -0.0175782 -2.04932e-05 2.2731e-05 -0.0175782 0.0863316 3.16174e-05 -8.17147e-05 -2.04932e-05 3.16174e-05 0.00954945 -0.017544 2.2731e-05 -8.17147e-05 -0.017544 0.0866326 
0.0096178 -0.0175523 -2.90804e-05 3.73689e-05 -0.0175523 0.0863151 4.57251e-05 -0.000144594 -2.90804e-05 4.57251e-05 0.00954868 -0.0175703 3.73689e-05 -0.000144594 -0.0175703 0.0867085 
0.00960427 -0.0175473 -4.1811e-05 4.54624e-05 -0.0175473 0.0862627 5.04694e-05 -0.000172976 -4.1811e-05 5.04694e-05 0.00955911 -0.0175526 4.54624e-05 -0.000172976 -0.0175526 0.0866772 
0.00960918 -0.0175336 -5.93824e-05 5.76266e-05 -0.0175336 0.0862409 6.03056e-05 -0.000194257 -5.93824e-05 6.03056e-05 0.00956315 -0.0175712 5.76266e-05 -0.000194257 -0.0175712 0.0867051 
0.0096273 -0.0175188 -7.57225e-05 7.25764e-05 -0.0175188 0.0861491 7.37857e-05 -0.000215229 -7.57225e-05 7.37857e-05 0.00954191 -0.0175655 7.25764e-05 -0.000215229 -0.0175655 0.0866673 
0.00984892 -0.0178881 -6.94029e-05 8.97008e-05 -0.0178881 0.0878328 8.64977e-05 -0.000239777 -6.94029e-05 8.64977e-05 0.00970704 -0.017873 8.97008e-05 -0.000239777 -0.017873 0.0882702 
0.00988853 -0.0179709 -6.05818e-05 8.09063e-05 -0.0179709 0.0881027 7.68897e-05 -0.000234966 -6.05818e-05 7.68897e-05 0.00971274 -0.0178933 8.09063e-05 -0.000234966 -0.0178933 0.0884019 
0.00969397 -0.0176689 -3.62962e-05 6.85621e-05 -0.0176689 0.0865912 6.58561e-05 -0.000208629 -3.62962e-05 6.58561e-05 0.00953922 -0.0175663 6.85621e-05 -0.000208629 -0.0175663 0.0868043 
0.00963969 -0.0176247 -1.73033e-05 3.68349e-05 -0.0176247 0.0864645 3.83106e-05 -0.000149154 -1.73033e-05 3.83106e-05 0.00953041 -0.0175368 3.68349e-05 -0.000149154 -0.0175368 0.0866646 
0.00962608 -0.0176569 2.05462e-06 2.48927e-05 -0.0176569 0.0867723 2.83265e-05 -0.000120389 2.05462e-06 2.83265e-05 0.00959208 -0.0176093 2.48927e-05 -0.000120389 -0.0176093 0.0870172 
0.00959964 -0.0175853 -1.63867e-05 2.82416e-06 -0.0175853 0.0866229 4.39276e-06 -7.66516e-05 -1.63867e-05 4.39276e-06 0.00960221 -0.0176282 2.82416e-06 -7.66516e-05 -0.0176282 0.0870274 
0.00955319 -0.0174896 -3.16875e-05 2.54059e-05 -0.0174896 0.0862068 2.24634e-05 -8.6577e-05 -3.16875e-05 2.24634e-05 0.00957977 -0.017578 2.54059e-05 -8.6577e-05 -0.017578 0.0867518 
0.00957844 -0.0174933 -4.08818e-05 4.88096e-05 -0.0174933 0.0862443 4.19713e-05 -0.000135381 -4.08818e-05 4.19713e-05 0.00959285 -0.017614 4.88096e-05 -0.000135381 -0.017614 0.0868934 
0.00961 -0.0175324 -2.88262e-05 5.25637e-05 -0.0175324 0.0863411 4.48851e-05 -0.000151857 -2.88262e-05 4.48851e-05 0.0096024 -0.0176235 5.25637e-05 -0.000151857 -0.0176235 0.0869647 
0.00963129 -0.0175831 -3.02335e-05 4.21287e-05 -0.0175831 0.0865029 3.46576e-05 -0.000145813 -3.02335e-05 3.46576e-05 0.00961894 -0.0176452 4.21287e-05 -0.000145813 -0.0176452 0.0870602 
0.00962564 -0.0175507 -3.90636e-05 4.17386e-05 -0.0175507 0.0863539 3.92723e-05 -0.000144794 -3.90636e-05 3.92723e-05 0.00959964 -0.017634 4.17386e-05 -0.000144794 -0.017634 0.0869479 
0.0098307 -0.0178826 -5.9698e-05 4.92731e-05 -0.0178826 0.0879347 5.25329e-05 -0.00016088 -5.9698e-05 5.25329e-05 0.00975686 -0.0179559 4.92731e-05 -0.00016088 -0.0179559 0.088557 
0.00984281 -0.0179103 -5.9988e-05 7.55512e-05 -0.0179103 0.0879515 7.98326e-05 -0.000213957 -5.9988e-05 7.98326e-05 0.00973549 -0.0179304 7.55512e-05 -0.000213957 -0.0179304 0.0885036 
0.00965703 -0.017567 -5.74665e-05 7.83219e-05 -0.017567 0.0862242 7.94055e-05 -0.000241354 -5.74665e-05 7.94055e-05 0.00951478 -0.0175503 7.83219e-05 -0.000241354 -0.0175503 0.0866788 
0.00969003 -0.0176788 -5.09041e-05 7.96321e-05 -0.0176788 0.0867264 7.68268e-05 -0.000251559 -5.09041e-05 7.68268e-05 0.00954795 -0.0176034 7.96321e-05 -0.000251559 -0.0176034 0.0870407 
0.00965481 -0.017671 -5.46855e-05 6.33219e-05 -0.017671 0.0867519 5.94344e-05 -0.000216141 -5.46855e-05 5.94344e-05 0.00956713 -0.0175641 6.33219e-05 -0.000216141 -0.0175641 0.086917 
0.0096279 -0.0175712 -6.08408e-05 6.21943e-05 -0.0175712 0.0864272 6.05612e-05 -0.000192001 -6.08408e-05 6.05612e-05 0.00955863 -0.0175363 6.21943e-05 -0.000192001 -0.0175363 0.0866471 
0.00963922 -0.0175801 -5.30566e-05 7.47175e-05 -0.0175801 0.086444 7.56395e-05 -0.00021226 -5.30566e-05 7.56395e-05 0.00960166 -0.0175827 7.47175e-05 -0.00021226 -0.0175827 0.0867797 
0.00963355 -0.0175927 -5.63024e-05 6.39271e-05 -0.0175927 0.086469 6.37386e-05 -0.000203694 -5.63024e-05 6.37386e-05 0.00963173 -0.0176314 6.39271e-05 -0.000203694 -0.0176314 0.0869029 
0.00962823 -0.0175982 -4.692e-05 6.8738e-05 -0.0175982 0.0865367 6.59211e-05 -0.000202029 -4.692e-05 6.59211e-05 0.00966699 -0.0176905 6.8738e-05 -0.000202029 -0.0176905 0.0871055 
0.00964271 -0.0175771 -5.35084e-05 5.91039e-05 -0.0175771 0.0864881 5.95517e-05 -0.000195462 -5.35084e-05 5.95517e-05 0.00966329 -0.0177272 5.91039e-05 -0.000195462 -0.0177272 0.0872179 
0.0096657 -0.0175845 -4.08066e-05 5.93888e-05 -0.0175845 0.086435 6.11649e-05 -0.000183326 -4.08066e-05 6.11649e-05 0.00962074 -0.0177065 5.93888e-05 -0.000183326 -0.0177065 0.0871862 
0.00963831 -0.0175862 -2.66375e-05 5.00063e-05 -0.0175862 0.0863235 4.84651e-05 -0.000170216 -2.66375e-05 4.84651e-05 0.00959216 -0.0176268 5.00063e-05 -0.000170216 -0.0176268 0.086946 
0.00965055 -0.0176401 -8.37986e-06 2.87037e-05 -0.0176401 0.0866515 2.20318e-05 -0.000117777 -8.37986e-06 2.20318e-05 0.00961976 -0.0176809 2.87037e-05 -0.000117777 -0.0176809 0.087211 
0.00969186 -0.0176975 -1.28365e-05 3.9202e-06 -0.0176975 0.0870343 -4.18949e-06 -4.88374e-05 -1.28365e-05 -4.18949e-06 0.00964768 -0.0177653 3.9202e-06 -4.88374e-05 -0.0177653 0.0876332 
0.00970202 -0.017719 -8.63304e-06 8.55135e-06 -0.017719 0.087162 -1.91058e-06 -2.19355e-05 -8.63304e-06 -1.91058e-06 0.00966969 -0.0177834 8.55135e-06 -2.19355e-05 -0.0177834 0.0877946 
0.00967234 -0.0176698 -2.44334e-05 5.95399e-06 -0.0176698 0.0869641 -4.51333e-06 -1.49793e-05 -2.44334e-05 -4.51333e-06 0.00965035 -0.0177616 5.95399e-06 -1.49793e-05 -0.0177616 0.087665 
0.00963265 -0.0175796 -5.57734e-05 2.13377e-05 -0.0175796 0.0865778 1.34808e-05 -3.05225e-05 -5.57734e-05 1.34808e-05 0.00961794 -0.0177024 2.13377e-05 -3.05225e-05 -0.0177024 0.087382 
0.00962229 -0.0174956 -7.16625e-05 5.9395e-05 -0.0174956 0.0861517 5.29031e-05 -9.91975e-05 -7.16625e-05 5.29031e-05 0.00956348 -0.0176196 5.9395e-05 -9.91975e-05 -0.0176196 0.0869875 
0.00960823 -0.017489 -7.08453e-05 7.93769e-05 -0.017489 0.0859459 7.59126e-05 -0.000168534 -7.08453e-05 7.59126e-05 0.00954783 -0.0175346 7.93769e-05 -0.000168534 -0.0175346 0.0866367 
0.0098457 -0.0179095 -7.11165e-05 7.56701e-05 -0.0179095 0.0879559 7.24521e-05 -0.000185116 -7.11165e-05 7.24521e-05 0.00974338 -0.0179338 7.56701e-05 -0.000185116 -0.0179338 0.0885252 
0.00985668 -0.017933 -7.22788e-05 6.96519e-05 -0.017933 0.0880174 6.66763e-05 -0.000171584 -7.22788e-05 6.66763e-05 0.00971877 -0.0179224 6.96519e-05 -0.000171584 -0.0179224 0.0885037 
0.00964207 -0.0175844 -7.60175e-05 6.48462e-05 -0.0175844 0.0862769 6.32301e-05 -0.000150419 -7.60175e-05 6.32301e-05 0.00950792 -0.0175258 6.48462e-05 -0.000150419 -0.0175258 0.0866376 
0.00963775 -0.0175725 -6.66175e-05 7.52452e-05 -0.0175725 0.0862977 7.22849e-05 -0.000162029 -6.66175e-05 7.22849e-05 0.0095046 -0.0175171 7.52452e-05 -0.000162029 -0.0175171 0.0866153 
0.00961931 -0.0175389 -7.88661e-05 6.86478e-05 -0.0175389 0.0861686 6.66469e-05 -0.000165454 -7.88661e-05 6.66469e-05 0.00950229 -0.0174962 6.86478e-05 -0.000165454 -0.0174962 0.0865091 
0.00966346 -0.017561 -0.000108167 7.99452e-05 -0.017561 0.0862912 8.30561e-05 -0.000183548 -0.000108167 8.30561e-05 0.00949566 -0.0175316 7.99452e-05 -0.000183548 -0.0175316 0.0866551 
0.00968566 -0.0176205 -0.00012439 0.000111992 -0.0176205 0.0864613 0.000118459 -0.00024357 -0.00012439 0.000118459 0.00949393 -0.0175314 0.000111992 -0.00024357 -0.0175314 0.0867495 
0.00965808 -0.0176522 -0.000115559 0.000132882 -0.0176522 0.0866025 0.000140049 -0.000307523 -0.000115559 0.000140049 0.00953135 -0.0175243 0.000132882 -0.000307523 -0.0175243 0.0867714 
0.00964337 -0.0176272 -8.45477e-05 0.000121932 -0.0176272 0.0866562 0.000123838 -0.000305912 -8.45477e-05 0.000123838 0.00955899 -0.0175759 0.000121932 -0.000305912 -0.0175759 0.0868876 
0.00961553 -0.0175414 -6.31584e-05 8.41796e-05 -0.0175414 0.0863222 7.70109e-05 -0.000228235 -6.31584e-05 7.70109e-05 0.00954283 -0.0175525 8.41796e-05 -0.000228235 -0.0175525 0.086716 
0.00958267 -0.0174877 -3.91975e-05 5.64527e-05 -0.0174877 0.0860166 4.68366e-05 -0.000140028 -3.91975e-05 4.68366e-05 0.00952796 -0.0175053 5.64527e-05 -0.000140028 -0.0175053 0.086476 
0.00978415 -0.0178543 -3.56546e-05 2.61342e-05 -0.0178543 0.0878197 2.1434e-05 -6.45068e-05 -3.56546e-05 2.1434e-05 0.00974527 -0.0178942 2.61342e-05 -6.45068e-05 -0.0178942 0.0883391 
0.00977095 -0.0178177 -4.05522e-05 1.70785e-05 -0.0178177 0.0876504 2.33243e-05 -2.96802e-05 -4.05522e-05 2.33243e-05 0.00971189 -0.0178927 1.70785e-05 -2.96802e-05 -0.0178927 0.0882632 
0.00979111 -0.0178503 -4.54813e-05 2.77433e-05 -0.0178503 0.0877793 3.97422e-05 -5.20619e-05 -4.54813e-05 3.97422e-05 0.00970558 -0.0178998 2.77433e-05 -5.20619e-05 -0.0178998 0.0883965 
0.0097916 -0.0178399 -4.64006e-05 3.54883e-05 -0.0178399 0.0876926 4.53404e-05 -7.75404e-05 -4.64006e-05 4.53404e-05 0.0096725 -0.0178413 3.54883e-05 -7.75404e-05 -0.0178413 0.0882047 
0.0097757 -0.0178843 -2.92391e-05 4.06273e-05 -0.0178843 0.0878764 4.48487e-05 -9.24996e-05 -2.92391e-05 4.48487e-05 0.00969844 -0.0178506 4.06273e-05 -9.24996e-05 -0.0178506 0.0882951 
0.00956714 -0.017497 -3.77778e-05 3.01451e-05 -0.017497 0.0861294 3.02451e-05 -8.91278e-05 -3.77778e-05 3.02451e-05 0.00951366 -0.0175204 3.01451e-05 -8.91278e-05 -0.0175204 0.0865923 
0.00956498 -0.0175287 -3.99543e-05 3.97448e-05 -0.0175287 0.0863245 3.76774e-05 -9.53978e-05 -3.99543e-05 3.76774e-05 0.00955401 -0.01756 3.97448e-05 -9.53978e-05 -0.01756 0.0868115 
0.00952838 -0.0174409 -2.58192e-05 4.44669e-05 -0.0174409 0.0860103 4.46983e-05 -0.00011523 -2.58192e-05 4.46983e-05 0.00954872 -0.0175307 4.44669e-05 -0.00011523 -0.0175307 0.0865973 
0.00971043 -0.0177157 -2.64419e-05 3.18102e-05 -0.0177157 0.0873756 3.55368e-05 -0.000114705 -2.64419e-05 3.55368e-05 0.00971188 -0.0178438 3.18102e-05 -0.000114705 -0.0178438 0.0880777 
0.0097113 -0.0176985 -2.00206e-05 2.26681e-05 -0.0176985 0.0871561 3.45709e-05 -9.734e-05 -2.00206e-05 3.45709e-05 0.009681 -0.0177939 2.26681e-05 -9.734e-05 -0.0177939 0.0878347 
0.00975173 -0.0178172 -1.72601e-05 1.68881e-05 -0.0178172 0.087636 3.09378e-05 -9.05127e-05 -1.72601e-05 3.09378e-05 0.00973186 -0.0178781 1.68881e-05 -9.05127e-05 -0.0178781 0.0882466 
0.00975001 -0.017848 -1.42682e-05 1.52704e-05 -0.017848 0.0878374 2.35728e-05 -7.77876e-05 -1.42682e-05 2.35728e-05 0.00976514 -0.017925 1.52704e-05 -7.77876e-05 -0.017925 0.0884452 
0.00975323 -0.0178175 -3.30093e-05 1.2905e-05 -0.0178175 0.0877876 1.44877e-05 -6.2269e-05 -3.30093e-05 1.44877e-05 0.00975287 -0.0179458 1.2905e-05 -6.2269e-05 -0.0179458 0.0884952 
0.00958489 -0.0175042 -4.36423e-05 2.98891e-05 -0.0175042 0.0862001 3.16482e-05 -7.50421e-05 -4.36423e-05 3.16482e-05 0.00955948 -0.0176056 2.98891e-05 -7.50421e-05 -0.0176056 0.0868987 
0.00964397 -0.0175724 -6.58342e-05 4.60291e-05 -0.0175724 0.086516 5.06048e-05 -0.000117287 -6.58342e-05 5.06048e-05 0.00956467 -0.0176468 4.60291e-05 -0.000117287 -0.0176468 0.087168 
0.00969683 -0.0176289 -9.48928e-05 7.29037e-05 -0.0176289 0.0866887 7.58466e-05 -0.000173613 -9.48928e-05 7.58466e-05 0.00953623 -0.017624 7.29037e-05 -0.000173613 -0.017624 0.0871784 
0.00970476 -0.017683 -9.18105e-05 0.000111052 -0.017683 0.0868132 0.000109234 -0.000254799 -9.18105e-05 0.000109234 0.0095275 -0.0175696 0.000111052 -0.000254799 -0.0175696 0.0870492 
0.00967597 -0.0176098 -7.02271e-05 0.000112622 -0.0176098 0.0864662 0.000107365 -0.000293901 -7.02271e-05 0.000107365 0.00949865 -0.0174636 0.000112622 -0.000293901 -0.0174636 0.0865196 
