0.00707266 0 0.000199875 0 0 0.00997223 0 0 0.000199875 0 0.00703683 0 0 0 0 0.00997223 
0.00996356 -0.0123657 0.000237824 -0.000285327 -0.0123657 0.0328387 -0.000285327 0.000547586 0.000237824 -0.000285327 0.00997973 -0.0123902 -0.000285327 0.000547586 -0.0123902 0.0328858 
0.0099917 -0.0184986 0.000164528 -0.000200321 -0.0184986 0.0682043 -0.000200321 0.000585391 0.000164528 -0.000200321 0.0099747 -0.0186895 -0.000200321 0.000585391 -0.0186895 0.0688546 
0.00926338 -0.0177029 0.000151165 -1.75647e-05 -0.0177029 0.0791614 -2.34547e-05 -0.000223277 0.000151165 -2.34547e-05 0.00914295 -0.0179116 -1.75647e-05 -0.000223277 -0.0179116 0.0805142 
0.00935642 -0.0173341 0.000184298 -4.41831e-05 -0.0173341 0.0830806 -5.68939e-05 -0.000437008 0.000184298 -5.68939e-05 0.00913135 -0.0173466 -4.41831e-05 -0.000437008 -0.0173466 0.0842918 
0.00966356 -0.0176271 0.000208135 -0.000123734 -0.0176271 0.0859082 -0.000138891 -0.000210269 0.000208135 -0.000138891 0.00938259 -0.0174428 -0.000123734 -0.000210269 -0.0174428 0.0864574 
0.00959844 -0.0174751 0.000210698 -0.00016082 -0.0174751 0.0854739 -0.000176327 2.95401e-05 0.000210698 -0.000176327 0.00931942 -0.0172115 -0.00016082 2.95401e-05 -0.0172115 0.0854747 
0.0097527 -0.0177841 0.000220055 -0.000163798 -0.0177841 0.0871589 -0.000181172 0.000136245 0.000220055 -0.000181172 0.00951135 -0.0174904 -0.000163798 0.000136245 -0.0174904 0.0868455 
0.00973468 -0.0177471 0.000216159 -0.000169421 -0.0177471 0.0871577 -0.000185923 0.000180475 0.000216159 -0.000185923 0.00952564 -0.0175252 -0.000169421 0.000180475 -0.0175252 0.0868595 
0.00979314 -0.0178479 0.000182222 -0.000162727 -0.0178479 0.0877444 -0.000179448 0.000181569 0.000182222 -0.000179448 0.0096399 -0.0177049 -0.000162727 0.000181569 -0.0177049 0.0876498 
0.00970108 -0.0176715 0.000152499 -0.000120756 -0.0176715 0.0869056 -0.000133506 0.000111904 0.000152499 -0.000133506 0.00957745 -0.0176152 -0.000120756 0.000111904 -0.0176152 0.0870585 
0.0096888 -0.0177049 0.00013533 -8.96777e-05 -0.0177049 0.0870408 -9.15789e-05 1.49837e-05 0.00013533 -9.15789e-05 0.00961249 -0.0176763 -8.96777e-05 1.49837e-05 -0.0176763 0.0873391 
0.00967107 -0.0176738 0.00013353 -7.49035e-05 -0.0176738 0.0869853 -6.80579e-05 -5.22817e-05 0.00013353 -6.80579e-05 0.00962191 -0.0176927 -7.49035e-05 -5.22817e-05 -0.0176927 0.0873961 
0.00966087 -0.0176283 0.000130024 -7.94676e-05 -0.0176283 0.0868169 -7.04857e-05 -6.25505e-05 0.000130024 -7.04857e-05 0.00961794 -0.0176886 -7.94676e-05 -6.25505e-05 -0.0176886 0.0873452 
0.00966948 -0.0175774 0.000149912 -7.58404e-05 -0.0175774 0.0865447 -6.72848e-05 -6.35529e-05 0.000149912 -6.72848e-05 0.00955193 -0.0176538 -7.58404e-05 -6.35529e-05 -0.0176538 0.0871513 
0.00969675 -0.0176451 0.000179499 -0.000100596 -0.0176451 0.0867233 -9.46232e-05 -2.1703e-05 0.000179499 -9.46232e-05 0.00954156 -0.0176364 -0.000100596 -2.1703e-05 -0.0176364 0.0872359 
0.00968454 -0.017671 0.000189153 -0.000133228 -0.017671 0.0868113 -0.000130434 5.10866e-05 0.000189153 -0.000130434 0.00954083 -0.0175994 -0.000133228 5.10866e-05 -0.0175994 0.0871417 
0.0096815 -0.0176278 0.000204245 -0.000150998 -0.0176278 0.0866788 -0.000153589 0.000126261 0.000204245 -0.000153589 0.0095294 -0.0175636 -0.000150998 0.000126261 -0.0175636 0.0869362 
0.00968088 -0.0175766 0.000211805 -0.000167942 -0.0175766 0.0863715 -0.000173123 0.000184128 0.000211805 -0.000173123 0.0094893 -0.0175005 -0.000167942 0.000184128 -0.0175005 0.0865894 
0.00987 -0.0179579 0.000196265 -0.000179983 -0.0179579 0.088079 -0.000183196 0.000221954 0.000196265 -0.000183196 0.00968253 -0.0178137 -0.000179983 0.000221954 -0.0178137 0.0881655 
0.00966236 -0.0176007 0.000197031 -0.000150985 -0.0176007 0.0863379 -0.000150837 0.000182826 0.000197031 -0.000150837 0.00948898 -0.0174764 -0.000150985 0.000182826 -0.0174764 0.0863932 
0.00965095 -0.0176095 0.00019528 -0.000153324 -0.0176095 0.08643 -0.000153548 0.000161726 0.00019528 -0.000153548 0.00950467 -0.0175101 -0.000153324 0.000161726 -0.0175101 0.0865386 
0.00964048 -0.0175764 0.000199285 -0.000146015 -0.0175764 0.0863522 -0.000149051 0.000142851 0.000199285 -0.000149051 0.00949723 -0.0175114 -0.000146015 0.000142851 -0.0175114 0.0865434 
0.00962788 -0.0175728 0.000178932 -0.000147029 -0.0175728 0.0863479 -0.000156427 0.00013973 0.000178932 -0.000156427 0.00950852 -0.0175166 -0.000147029 0.00013973 -0.0175166 0.0865952 
0.00961326 -0.0175326 0.000153823 -0.00012247 -0.0175326 0.0862045 -0.000133602 0.000103768 0.000153823 -0.000133602 0.00949867 -0.0175041 -0.00012247 0.000103768 -0.0175041 0.0865132 
0.00979895 -0.0178943 0.000159865 -9.76152e-05 -0.0178943 0.0879801 -0.000101914 3.94414e-05 0.000159865 -0.000101914 0.00970424 -0.0178691 -9.76152e-05 3.94414e-05 -0.0178691 0.0883254 
0.00978503 -0.0178886 0.000163793 -0.000106621 -0.0178886 0.0880024 -0.000100861 1.64774e-05 0.000163793 -0.000100861 0.00971894 -0.0178865 -0.000106621 1.64774e-05 -0.0178865 0.0883825 
0.00977328 -0.0178564 0.000150462 -0.000114834 -0.0178564 0.087916 -0.000105367 2.42769e-05 0.000150462 -0.000105367 0.00971873 -0.0178917 -0.000114834 2.42769e-05 -0.0178917 0.0883718 
0.00973611 -0.0177603 0.000155051 -9.91681e-05 -0.0177603 0.087444 -9.33258e-05 1.26529e-05 0.000155051 -9.33258e-05 0.00968156 -0.0178001 -9.91681e-05 1.26529e-05 -0.0178001 0.0879253 
0.00973207 -0.0177946 0.000165286 -0.000102686 -0.0177946 0.0875545 -0.000102834 1.3652e-05 0.000165286 -0.000102834 0.00971143 -0.0178353 -0.000102686 1.3652e-05 -0.0178353 0.0880443 
0.00974841 -0.0178107 0.000173988 -0.00011665 -0.0178107 0.0876927 -0.000117266 4.08005e-05 0.000173988 -0.000117266 0.00971393 -0.0178865 -0.00011665 4.08005e-05 -0.0178865 0.0882279 
0.00976785 -0.0178335 0.000156803 -0.00013397 -0.0178335 0.0878028 -0.000130776 8.53766e-05 0.000156803 -0.000130776 0.00970451 -0.0179008 -0.00013397 8.53766e-05 -0.0179008 0.0883638 
0.00958019 -0.0174806 0.000144552 -0.000115173 -0.0174806 0.0860517 -0.000112258 8.33518e-05 0.000144552 -0.000112258 0.00950871 -0.0175249 -0.000115173 8.33518e-05 -0.0175249 0.0865884 
0.00958346 -0.017505 0.000131856 -0.000104005 -0.017505 0.0861367 -0.000100742 6.10567e-05 0.000131856 -0.000100742 0.00952649 -0.0175265 -0.000104005 6.10567e-05 -0.0175265 0.0866174 
0.00959583 -0.0175432 0.00012927 -8.49119e-05 -0.0175432 0.0863377 -8.65494e-05 2.55426e-05 0.00012927 -8.65494e-05 0.00955484 -0.017569 -8.49119e-05 2.55426e-05 -0.017569 0.0867844 
0.00960686 -0.0175379 0.000138544 -7.65001e-05 -0.0175379 0.0863379 -8.48842e-05 4.19456e-07 0.000138544 -8.48842e-05 0.00955743 -0.0175736 -7.65001e-05 4.19456e-07 -0.0175736 0.08678 
0.00962178 -0.0175014 0.000167934 -8.80985e-05 -0.0175014 0.0861366 -9.78909e-05 1.33703e-05 0.000167934 -9.78909e-05 0.00951459 -0.0175503 -8.80985e-05 1.33703e-05 -0.0175503 0.0866311 
0.00960889 -0.0175335 0.00018256 -0.000125212 -0.0175335 0.0861515 -0.000130643 7.65674e-05 0.00018256 -0.000130643 0.00950845 -0.0175245 -0.000125212 7.65674e-05 -0.0175245 0.0865985 
0.00978756 -0.0178509 0.000178061 -0.000148882 -0.0178509 0.0877795 -0.000152385 0.00014202 0.000178061 -0.000152385 0.00969971 -0.0178546 -0.000148882 0.00014202 -0.0178546 0.0882244 
0.00976629 -0.0178532 0.000158043 -0.000132501 -0.0178532 0.0877994 -0.000133107 0.00012765 0.000158043 -0.000133107 0.00972011 -0.0178791 -0.000132501 0.00012765 -0.0178791 0.0882924 
0.00953609 -0.0174706 0.000125051 -0.000103281 -0.0174706 0.0860157 -0.000100975 6.06992e-05 0.000125051 -0.000100975 0.00954866 -0.017551 -0.000103281 6.06992e-05 -0.017551 0.0866137 
0.0095753 -0.0175032 0.000119723 -7.31351e-05 -0.0175032 0.0863104 -6.81093e-05 -1.32043e-05 0.000119723 -6.81093e-05 0.00957551 -0.0176528 -7.31351e-05 -1.32043e-05 -0.0176528 0.0870652 
0.009592 -0.0174745 0.000131673 -6.43803e-05 -0.0174745 0.0861427 -5.94231e-05 -6.02338e-05 0.000131673 -5.94231e-05 0.00952343 -0.0176014 -6.43803e-05 -6.02338e-05 -0.0176014 0.0869216 
0.00960954 -0.0174874 0.000144992 -7.83117e-05 -0.0174874 0.0860608 -7.53628e-05 -5.09177e-05 0.000144992 -7.53628e-05 0.00947114 -0.0175112 -7.83117e-05 -5.09177e-05 -0.0175112 0.0866464 
0.00981881 -0.0178892 0.000130708 -9.8849e-05 -0.0178892 0.087916 -9.28737e-05 -1.36784e-05 0.000130708 -9.28737e-05 0.00965726 -0.0178076 -9.8849e-05 -1.36784e-05 -0.0178076 0.0882272 
0.00985764 -0.0179182 0.000145474 -8.47233e-05 -0.0179182 0.0880132 -7.72256e-05 -1.14231e-05 0.000145474 -7.72256e-05 0.00962643 -0.0177802 -8.47233e-05 -1.14231e-05 -0.0177802 0.0880716 
0.00987584 -0.0179728 0.000186418 -9.76377e-05 -0.0179728 0.0881624 -9.29481e-05 5.32277e-09 0.000186418 -9.29481e-05 0.0096151 -0.0177596 -9.76377e-05 5.32277e-09 -0.0177596 0.0880255 
0.0096475 -0.0176253 0.000203512 -0.000145538 -0.0176253 0.0864437 -0.000139819 8.50221e-05 0.000203512 -0.000139819 0.00943608 -0.0173805 -0.000145538 8.50221e-05 -0.0173805 0.0861694 
0.00964682 -0.0176202 0.000183176 -0.000177974 -0.0176202 0.0865693 -0.000168759 0.000180635 0.000183176 -0.000168759 0.00947028 -0.0174401 -0.000177974 0.000180635 -0.0174401 0.0863555 
0.0096079 -0.0175437 0.000154881 -0.000154275 -0.0175437 0.086257 -0.000143258 0.000180515 0.000154881 -0.000143258 0.0094669 -0.0174202 -0.000154275 0.000180515 -0.0174202 0.0861949 
0.00980798 -0.0178787 0.000140974 -0.000121616 -0.0178787 0.0879328 -0.000113695 0.000120853 0.000140974 -0.000113695 0.00965441 -0.0178016 -0.000121616 0.000120853 -0.0178016 0.0880133 
0.00979484 -0.0178594 0.000142083 -9.01072e-05 -0.0178594 0.0877947 -8.69164e-05 3.71352e-05 0.000142083 -8.69164e-05 0.00963316 -0.0177814 -9.01072e-05 3.71352e-05 -0.0177814 0.0879459 
0.00975225 -0.0177877 0.000145381 -8.31554e-05 -0.0177877 0.0874449 -8.51592e-05 -9.61955e-06 0.000145381 -8.51592e-05 0.00959224 -0.0177042 -8.31554e-05 -9.61955e-06 -0.0177042 0.0876087 
0.00973904 -0.017795 0.00015825 -8.58256e-05 -0.017795 0.0874638 -9.144e-05 -1.84513e-05 0.00015825 -9.144e-05 0.00959904 -0.0176809 -8.58256e-05 -1.84513e-05 -0.0176809 0.0875412 
0.00972168 -0.0177766 0.000164953 -0.000104461 -0.0177766 0.0874385 -0.000107524 8.64924e-06 0.000164953 -0.000107524 0.0096108 -0.01769 -0.000104461 8.64924e-06 -0.01769 0.0875241 
0.00969304 -0.017732 0.000167562 -0.00012399 -0.017732 0.0872948 -0.000125451 6.62118e-05 0.000167562 -0.000125451 0.0096117 -0.0176977 -0.00012399 6.62118e-05 -0.0176977 0.0874929 
0.00966654 -0.0176675 0.000154257 -0.000126206 -0.0176675 0.0870315 -0.000126812 9.20533e-05 0.000154257 -0.000126812 0.0095857 -0.0176688 -0.000126206 9.20533e-05 -0.0176688 0.0873328 
0.00964546 -0.0176157 0.000164244 -0.000119022 -0.0176157 0.0867795 -0.000120021 0.000101404 0.000164244 -0.000120021 0.00955133 -0.0176287 -0.000119022 0.000101404 -0.0176287 0.0871555 
0.00966532 -0.0176829 0.000162044 -0.000130274 -0.0176829 0.0870945 -0.000130834 0.000116829 0.000162044 -0.000130834 0.00957811 -0.0176843 -0.000130274 0.000116829 -0.0176843 0.0874825 
0.00962968 -0.017619 0.000136299 -0.00013181 -0.017619 0.0868421 -0.000130654 0.000132977 0.000136299 -0.000130654 0.00955687 -0.0176225 -0.00013181 0.000132977 -0.0176225 0.087221 
0.00960135 -0.0175702 0.000130211 -0.000101972 -0.0175702 0.0866174 -0.000100996 9.4571e-05 0.000130211 -0.000100996 0.00954435 -0.0175729 -0.000101972 9.4571e-05 -0.0175729 0.086971 
0.00959843 -0.0175529 0.000143921 -9.40437e-05 -0.0175529 0.0865432 -9.07558e-05 5.54632e-05 0.000143921 -9.07558e-05 0.00954589 -0.0175682 -9.40437e-05 5.54632e-05 -0.0175682 0.0868946 
0.00963062 -0.0175909 0.000147716 -0.000105464 -0.0175909 0.0867209 -0.000100903 5.23126e-05 0.000147716 -0.000100903 0.00955187 -0.0176266 -0.000105464 5.23126e-05 -0.0176266 0.0871243 
0.00967855 -0.0176882 0.00014765 -0.00010305 -0.0176882 0.087143 -0.000100354 4.46555e-05 0.00014765 -0.000100354 0.00957581 -0.0176899 -0.00010305 4.46555e-05 -0.0176899 0.0875171 
0.00968961 -0.0177555 0.0001361 -9.84375e-05 -0.0177555 0.0874849 -9.83416e-05 3.05544e-05 0.0001361 -9.83416e-05 0.00961693 -0.0177364 -9.84375e-05 3.05544e-05 -0.0177364 0.087815 
0.00967789 -0.0177122 0.000156606 -8.62793e-05 -0.0177122 0.0873901 -8.31413e-05 1.51569e-06 0.000156606 -8.31413e-05 0.00961071 -0.0177327 -8.62793e-05 1.51569e-06 -0.0177327 0.0877643 
0.00964351 -0.0176051 0.00015797 -0.000118305 -0.0176051 0.0868727 -0.00010604 3.3968e-05 0.00015797 -0.00010604 0.00955998 -0.0176333 -0.000118305 3.3968e-05 -0.0176333 0.0872866 
0.00962742 -0.0175817 0.000158847 -0.000126705 -0.0175817 0.0866589 -0.000112931 7.2709e-05 0.000158847 -0.000112931 0.00953189 -0.0175808 -0.000126705 7.2709e-05 -0.0175808 0.0870293 
0.00961015 -0.0175268 0.000166556 -0.000126855 -0.0175268 0.0863391 -0.000116646 9.08985e-05 0.000166556 -0.000116646 0.00947878 -0.0174934 -0.000126855 9.08985e-05 -0.0174934 0.0866076 
0.00982433 -0.0178845 0.000164078 -0.000138748 -0.0178845 0.088017 -0.000130289 0.000114771 0.000164078 -0.000130289 0.00963791 -0.0178055 -0.000138748 0.000114771 -0.0178055 0.0881756 
0.00985136 -0.0179275 0.000174577 -0.000132922 -0.0179275 0.0880973 -0.000124351 0.000118258 0.000174577 -0.000124351 0.00961017 -0.0177779 -0.000132922 0.000118258 -0.0177779 0.08809 
0.00989353 -0.0179817 0.000196997 -0.000146354 -0.0179817 0.0882784 -0.000138861 0.000138767 0.000196997 -0.000138861 0.00958086 -0.0177631 -0.000146354 0.000138767 -0.0177631 0.0880843 
0.00969938 -0.0176557 0.000176169 -0.000169555 -0.0176557 0.0865745 -0.000166399 0.000192928 0.000176169 -0.000166399 0.0093681 -0.017353 -0.000169555 0.000192928 -0.017353 0.086166 
0.00973927 -0.0177682 0.00017172 -0.000150976 -0.0177682 0.087128 -0.000154094 0.000202213 0.00017172 -0.000154094 0.00942092 -0.0174282 -0.000150976 0.000202213 -0.0174282 0.0865601 
0.00978493 -0.0178901 0.00016191 -0.000137918 -0.0178901 0.0878186 -0.000146773 0.000175407 0.00016191 -0.000146773 0.00950932 -0.0175732 -0.000137918 0.000175407 -0.0175732 0.0872383 
0.00983385 -0.0179766 0.000155397 -0.000118483 -0.0179766 0.0883749 -0.000126037 0.000123132 0.000155397 -0.000126037 0.00958252 -0.0177139 -0.000118483 0.000123132 -0.0177139 0.0878893 
0.00978302 -0.0178963 0.000163124 -0.000106272 -0.0178963 0.0880475 -0.000107806 6.80353e-05 0.000163124 -0.000107806 0.00957374 -0.0176715 -0.000106272 6.80353e-05 -0.0176715 0.0876798 
0.00975549 -0.0178401 0.000156484 -0.000113967 -0.0178401 0.0878561 -0.000115653 5.49359e-05 0.000156484 -0.000115653 0.00956962 -0.0176727 -0.000113967 5.49359e-05 -0.0176727 0.087628 
0.0097434 -0.0177547 0.000146895 -0.000112403 -0.0177547 0.0874658 -0.000116097 6.29272e-05 0.000146895 -0.000116097 0.00953116 -0.0176125 -0.000112403 6.29272e-05 -0.0176125 0.0873317 
0.00972148 -0.0177527 0.000139078 -9.85294e-05 -0.0177527 0.0873261 -0.000104341 4.40687e-05 0.000139078 -0.000104341 0.00952293 -0.0175705 -9.85294e-05 4.40687e-05 -0.0175705 0.08716 
0.00973263 -0.0177553 0.000135652 -9.3449e-05 -0.0177553 0.0873615 -9.61327e-05 2.7764e-05 0.000135652 -9.61327e-05 0.00952004 -0.0175823 -9.3449e-05 2.7764e-05 -0.0175823 0.0871741 
0.00974884 -0.0177492 0.000158862 -9.16437e-05 -0.0177492 0.0872816 -9.47259e-05 2.29161e-05 0.000158862 -9.47259e-05 0.00948353 -0.0175474 -9.16437e-05 2.29161e-05 -0.0175474 0.0870334 
0.0097305 -0.0177701 0.000170159 -0.000110435 -0.0177701 0.0872809 -0.000119363 4.8099e-05 0.000170159 -0.000119363 0.00949445 -0.0175095 -0.000110435 4.8099e-05 -0.0175095 0.0869209 
0.00969273 -0.0177592 0.000170458 -0.00012891 -0.0177592 0.0873041 -0.000136282 9.72911e-05 0.000170458 -0.000136282 0.00953076 -0.0175349 -0.00012891 9.72911e-05 -0.0175349 0.086947 
0.00964716 -0.0176922 0.00017677 -0.000135179 -0.0176922 0.0871437 -0.000137121 0.00012668 0.00017677 -0.000137121 0.00955659 -0.0175714 -0.000135179 0.00012668 -0.0175714 0.0869802 
0.00959207 -0.0176215 0.000148501 -0.000146785 -0.0176215 0.0869292 -0.000146922 0.000156275 0.000148501 -0.000146922 0.00959646 -0.0176108 -0.000146785 0.000156275 -0.0176108 0.0870619 
0.00949605 -0.0174675 0.000113301 -0.000110232 -0.0174675 0.0863189 -0.000112046 0.00011478 0.000113301 -0.000112046 0.0096054 -0.0175873 -0.000110232 0.00011478 -0.0175873 0.0867969 
0.00947197 -0.0173688 0.00011719 -6.79597e-05 -0.0173688 0.0859696 -7.26635e-05 2.96315e-05 0.00011719 -7.26635e-05 0.00959606 -0.0176317 -6.79597e-05 2.96315e-05 -0.0176317 0.0868374 
0.00951422 -0.0173818 0.000150084 -6.80712e-05 -0.0173818 0.0859804 -8.02157e-05 -2.51108e-06 0.000150084 -8.02157e-05 0.00956644 -0.0176653 -6.80712e-05 -2.51108e-06 -0.0176653 0.0870503 
0.00957329 -0.0175135 0.000135884 -0.000106362 -0.0175135 0.0864556 -0.000123827 5.60088e-05 0.000135884 -0.000123827 0.00958137 -0.017697 -0.000106362 5.60088e-05 -0.017697 0.0874244 
0.00956552 -0.0175035 0.000130426 -9.42296e-05 -0.0175035 0.0863734 -0.000110188 7.58931e-05 0.000130426 -0.000110188 0.00955474 -0.0176155 -9.42296e-05 7.58931e-05 -0.0176155 0.0871419 
0.0096166 -0.0175593 0.000161419 -9.45627e-05 -0.0175593 0.0866217 -0.000103058 7.25437e-05 0.000161419 -0.000103058 0.00954187 -0.0176299 -9.45627e-05 7.25437e-05 -0.0176299 0.0872214 
0.0096462 -0.0175698 0.000211076 -0.000134701 -0.0175698 0.0865632 -0.000134694 0.000125115 0.000211076 -0.000134694 0.00948714 -0.0175557 -0.000134701 0.000125115 -0.0175557 0.0869614 
0.00963686 -0.0175613 0.00021159 -0.000200394 -0.0175613 0.086382 -0.000195196 0.000256998 0.00021159 -0.000195196 0.00943615 -0.0174527 -0.000200394 0.000256998 -0.0174527 0.0865545 
0.00964934 -0.017598 0.000189381 -0.000202872 -0.017598 0.0865067 -0.000197254 0.000322318 0.000189381 -0.000197254 0.00942609 -0.0174326 -0.000202872 0.000322318 -0.0174326 0.0864856 
0.0096412 -0.0175841 0.000152932 -0.000173021 -0.0175841 0.0864359 -0.000168754 0.000290907 0.000152932 -0.000168754 0.00942057 -0.0173984 -0.000173021 0.000290907 -0.0173984 0.0863219 
0.00961453 -0.0175616 0.000114366 -0.000121791 -0.0175616 0.0863364 -0.000120366 0.000185337 0.000114366 -0.000120366 0.00943436 -0.0173966 -0.000121791 0.000185337 -0.0173966 0.086247 
0.00964945 -0.0176158 0.000124077 -7.47556e-05 -0.0176158 0.086646 -7.47701e-05 6.60996e-05 0.000124077 -7.47701e-05 0.00947929 -0.0174873 -7.47556e-05 6.60996e-05 -0.0174873 0.0866123 
0.0096966 -0.0176902 0.000140996 -8.438e-05 -0.0176902 0.0869926 -8.2687e-05 2.7778e-05 0.000140996 -8.2687e-05 0.00950338 -0.017559 -8.438e-05 2.7778e-05 -0.017559 0.0869621 
0.00974437 -0.0177731 0.000136661 -0.000109058 -0.0177731 0.0873666 -0.00010629 6.48767e-05 0.000136661 -0.00010629 0.00952712 -0.0176113 -0.000109058 6.48767e-05 -0.0176113 0.087281 
0.00975957 -0.017831 0.000106278 -0.00010596 -0.017831 0.0876228 -0.000106185 8.77523e-05 0.000106278 -0.000106185 0.00955281 -0.0176322 -0.00010596 8.77523e-05 -0.0176322 0.0874415 
0.00973899 -0.0178286 9.17231e-05 -6.76238e-05 -0.0178286 0.0876724 -7.13188e-05 3.791e-05 9.17231e-05 -7.13188e-05 0.00957111 -0.0176433 -6.76238e-05 3.791e-05 -0.0176433 0.0874701 
0.00971994 -0.0177598 0.000114856 -4.28791e-05 -0.0177598 0.0874368 -5.18345e-05 -3.0214e-05 0.000114856 -5.18345e-05 0.00954681 -0.0176163 -4.28791e-05 -3.0214e-05 -0.0176163 0.0872903 
0.00967013 -0.0177066 0.000144126 -6.82654e-05 -0.0177066 0.0871485 -7.93977e-05 -1.72472e-05 0.000144126 -7.93977e-05 0.00954737 -0.0175591 -6.82654e-05 -1.72472e-05 -0.0175591 0.0870328 
0.00968226 -0.0177432 0.000177815 -0.000109103 -0.0177432 0.0874013 -0.000118061 6.45645e-05 0.000177815 -0.000118061 0.00960195 -0.017651 -0.000109103 6.45645e-05 -0.017651 0.087369 
0.00970636 -0.0177762 0.00020441 -0.000156428 -0.0177762 0.0876183 -0.000162132 0.000178728 0.00020441 -0.000162132 0.00964208 -0.017729 -0.000156428 0.000178728 -0.017729 0.0876931 
0.00971903 -0.0177533 0.000184692 -0.000197326 -0.0177533 0.0875208 -0.000198972 0.000296111 0.000184692 -0.000198972 0.00963502 -0.0177401 -0.000197326 0.000296111 -0.0177401 0.0877119 
0.00978417 -0.017842 0.000180178 -0.000176876 -0.017842 0.0878992 -0.000179243 0.000316094 0.000180178 -0.000179243 0.00967153 -0.0178457 -0.000176876 0.000316094 -0.0178457 0.0882197 
0.00958658 -0.0174823 0.000161307 -0.000157801 -0.0174823 0.0860424 -0.000161799 0.000273421 0.000161307 -0.000161799 0.0094613 -0.0174605 -0.000157801 0.000273421 -0.0174605 0.0863798 
0.00961341 -0.017535 0.000148312 -0.000135249 -0.017535 0.0862702 -0.000142961 0.000223946 0.000148312 -0.000142961 0.00947581 -0.0174968 -0.000135249 0.000223946 -0.0174968 0.08659 
0.00980176 -0.0178806 0.000137317 -0.000117618 -0.0178806 0.0879575 -0.000126729 0.000172377 0.000137317 -0.000126729 0.00967225 -0.017823 -0.000117618 0.000172377 -0.017823 0.0882453 
0.00977221 -0.0178252 0.000150689 -9.87999e-05 -0.0178252 0.0876659 -0.000102185 0.000109534 0.000150689 -0.000102185 0.00966283 -0.017766 -9.87999e-05 0.000109534 -0.017766 0.0879166 
0.0097872 -0.0178308 0.000166429 -0.000115533 -0.0178308 0.0876999 -0.000113132 0.000101021 0.000166429 -0.000113132 0.00966692 -0.017819 -0.000115533 0.000101021 -0.017819 0.0880408 
0.00981965 -0.0178793 0.000170799 -0.000135049 -0.0178793 0.0878812 -0.000130194 0.000129527 0.000170799 -0.000130194 0.0096825 -0.0178553 -0.000135049 0.000129527 -0.0178553 0.0882535 
0.00981328 -0.0178911 0.00016881 -0.000134901 -0.0178911 0.0878804 -0.000129102 0.000133178 0.00016881 -0.000129102 0.009691 -0.0178388 -0.000134901 0.000133178 -0.0178388 0.0882026 
0.00961629 -0.0175705 0.000161546 -0.000129953 -0.0175705 0.0863303 -0.000118078 0.000115763 0.000161546 -0.000118078 0.00952587 -0.0175378 -0.000129953 0.000115763 -0.0175378 0.0866502 
0.00958915 -0.01751 0.000146131 -0.000126888 -0.01751 0.0861299 -0.00010863 9.70411e-05 0.000146131 -0.00010863 0.00951281 -0.017515 -0.000126888 9.70411e-05 -0.017515 0.0865139 
0.00959035 -0.0175219 0.000153951 -0.000103402 -0.0175219 0.0862006 -8.44037e-05 4.34715e-05 0.000153951 -8.44037e-05 0.00951852 -0.0175329 -0.000103402 4.34715e-05 -0.0175329 0.0866122 
0.00956533 -0.0175023 0.000158955 -0.000111292 -0.0175023 0.0861276 -9.71373e-05 3.37425e-05 0.000158955 -9.71373e-05 0.00951968 -0.0175075 -0.000111292 3.37425e-05 -0.0175075 0.0865184 
0.00974586 -0.0178124 0.000139749 -0.000122261 -0.0178124 0.0877548 -0.000113632 6.0826e-05 0.000139749 -0.000113632 0.00970912 -0.0178723 -0.000122261 6.0826e-05 -0.0178723 0.0882517 
0.00974651 -0.0178053 0.000127644 -9.7348e-05 -0.0178053 0.0877173 -9.63908e-05 5.04557e-05 0.000127644 -9.63908e-05 0.00970975 -0.017875 -9.7348e-05 5.04557e-05 -0.017875 0.0882791 
0.00977628 -0.0177804 0.000147877 -8.24633e-05 -0.0177804 0.0875739 -8.50627e-05 2.25444e-05 0.000147877 -8.50627e-05 0.00966263 -0.0178429 -8.24633e-05 2.25444e-05 -0.0178429 0.088134 
0.00979463 -0.0178714 0.000153068 -0.000103566 -0.0178714 0.0878364 -0.000108216 4.13683e-05 0.000153068 -0.000108216 0.00968715 -0.0178444 -0.000103566 4.13683e-05 -0.0178444 0.0882652 
0.00959933 -0.0175243 0.000163999 -0.000107407 -0.0175243 0.0861597 -0.000111971 6.38964e-05 0.000163999 -0.000111971 0.00948895 -0.0174852 -0.000107407 6.38964e-05 -0.0174852 0.0864591 
0.00978801 -0.0178798 0.000177673 -0.000127866 -0.0178798 0.0879392 -0.0001316 0.000100767 0.000177673 -0.0001316 0.00968665 -0.0178388 -0.000127866 0.000100767 -0.0178388 0.0882131 
0.00959333 -0.0175003 0.00015419 -0.00013685 -0.0175003 0.0861093 -0.000143305 0.000135369 0.00015419 -0.000143305 0.0094817 -0.0174732 -0.00013685 0.000135369 -0.0174732 0.086385 
0.00962151 -0.0175536 0.000148666 -0.000105288 -0.0175536 0.0863319 -0.000116387 9.83436e-05 0.000148666 -0.000116387 0.00949064 -0.0175091 -0.000105288 9.83436e-05 -0.0175091 0.0865885 
0.00980426 -0.0178577 0.0001696 -9.48939e-05 -0.0178577 0.0878077 -0.000104957 4.92649e-05 0.0001696 -0.000104957 0.0096423 -0.017778 -9.48939e-05 4.92649e-05 -0.017778 0.0879881 
0.00978064 -0.0178308 0.0001859 -0.000120393 -0.0178308 0.0875984 -0.00012484 6.56762e-05 0.0001859 -0.00012484 0.00961948 -0.0177166 -0.000120393 6.56762e-05 -0.0177166 0.0876871 
0.00976468 -0.0177674 0.000199498 -0.000150599 -0.0177674 0.0872825 -0.000150947 0.000133271 0.000199498 -0.000150947 0.00955513 -0.0176506 -0.000150599 0.000133271 -0.0176506 0.0873237 
0.00976245 -0.0177594 0.000189456 -0.000166478 -0.0177594 0.087166 -0.000165073 0.000184209 0.000189456 -0.000165073 0.00951307 -0.0175972 -0.000166478 0.000184209 -0.0175972 0.0871451 
0.00974467 -0.0177739 0.000170192 -0.000159279 -0.0177739 0.0871822 -0.000157259 0.000198266 0.000170192 -0.000157259 0.00950778 -0.0175553 -0.000159279 0.000198266 -0.0175553 0.0870332 
0.00969792 -0.0177512 0.000146948 -0.000130733 -0.0177512 0.087133 -0.000128562 0.000147454 0.000146948 -0.000128562 0.00952875 -0.01753 -0.000130733 0.000147454 -0.01753 0.086897 
0.00967596 -0.017685 0.000142672 -0.000106591 -0.017685 0.0869848 -0.000102618 8.80861e-05 0.000142672 -0.000102618 0.00953302 -0.0175602 -0.000106591 8.80861e-05 -0.0175602 0.0868864 
0.00967476 -0.0176694 0.0001391 -0.000103945 -0.0176694 0.0869397 -9.93129e-05 6.25036e-05 0.0001391 -9.93129e-05 0.00953406 -0.0175896 -0.000103945 6.25036e-05 -0.0175896 0.0870008 
0.00967316 -0.0176993 0.000132024 -9.85117e-05 -0.0176993 0.0870802 -9.40835e-05 4.74364e-05 0.000132024 -9.40835e-05 0.00955432 -0.0176241 -9.85117e-05 4.74364e-05 -0.0176241 0.0872114 
0.00965624 -0.0176816 0.000112336 -9.21739e-05 -0.0176816 0.0870687 -8.71417e-05 3.37807e-05 0.000112336 -8.71417e-05 0.0095654 -0.0176273 -9.21739e-05 3.37807e-05 -0.0176273 0.0872413 
0.00963636 -0.017642 0.000120874 -6.93887e-05 -0.017642 0.0869484 -6.49023e-05 -6.09063e-06 0.000120874 -6.49023e-05 0.00957794 -0.0176277 -6.93887e-05 -6.09063e-06 -0.0176277 0.0872091 
0.00964714 -0.01765 0.000140525 -7.79299e-05 -0.01765 0.0870345 -7.43093e-05 -1.34366e-05 0.000140525 -7.43093e-05 0.00959959 -0.0176849 -7.79299e-05 -1.34366e-05 -0.0176849 0.0874174 
0.00970348 -0.017716 0.000160611 -0.000109221 -0.017716 0.0873538 -0.000104699 4.48013e-05 0.000160611 -0.000104699 0.00962527 -0.0177622 -0.000109221 4.48013e-05 -0.0177622 0.0878043 
0.00972675 -0.0176986 0.000189264 -0.000135965 -0.0176986 0.0871748 -0.000137386 0.000126922 0.000189264 -0.000137386 0.00958396 -0.0176966 -0.000135965 0.000126922 -0.0176966 0.0875597 
0.00975581 -0.0177965 0.000190367 -0.00016015 -0.0177965 0.0874828 -0.000174534 0.000200922 0.000190367 -0.000174534 0.00960268 -0.0177157 -0.00016015 0.000200922 -0.0177157 0.0877097 
0.00978087 -0.017812 0.000195171 -0.000157873 -0.017812 0.087576 -0.000177035 0.000233361 0.000195171 -0.000177035 0.00960105 -0.017718 -0.000157873 0.000233361 -0.017718 0.0877075 
0.0098123 -0.0178937 0.000197592 -0.000162443 -0.0178937 0.0878927 -0.000173759 0.000234632 0.000197592 -0.000173759 0.00963169 -0.017757 -0.000162443 0.000234632 -0.017757 0.0879223 
0.00981058 -0.0179315 0.0001901 -0.000164849 -0.0179315 0.0881034 -0.000164708 0.000220858 0.0001901 -0.000164708 0.00966121 -0.0178056 -0.000164849 0.000220858 -0.0178056 0.0881229 
0.00978203 -0.0178756 0.000186352 -0.000155193 -0.0178756 0.0879413 -0.000143276 0.000181028 0.000186352 -0.000143276 0.00966007 -0.017803 -0.000155193 0.000181028 -0.017803 0.0880662 
0.00976738 -0.0178482 0.000185692 -0.000158332 -0.0178482 0.0878532 -0.000136829 0.00016372 0.000185692 -0.000136829 0.00967015 -0.0178119 -0.000158332 0.00016372 -0.0178119 0.0880894 
0.00975248 -0.0178081 0.000186723 -0.000158329 -0.0178081 0.0876757 -0.000133338 0.000153427 0.000186723 -0.000133338 0.00965273 -0.0177971 -0.000158329 0.000153427 -0.0177971 0.0879915 
0.00976361 -0.0177933 0.000192062 -0.000160053 -0.0177933 0.0875915 -0.000137213 0.000153753 0.000192062 -0.000137213 0.00963016 -0.0177825 -0.000160053 0.000153753 -0.0177825 0.0879401 
0.00978542 -0.0178223 0.000184484 -0.000162126 -0.0178223 0.0876559 -0.000146695 0.000161017 0.000184484 -0.000146695 0.00962111 -0.0177742 -0.000162126 0.000161017 -0.0177742 0.087959 
