0.00671591 0 0.000151922 0 0 0.00982119 0 0 0.000151922 0 0.00715072 0 0 0 0 0.00982119 
0.00955282 -0.0118663 0.000180315 -0.000216477 -0.0118663 0.0317549 -0.000216477 0.000415307 0.000180315 -0.000216477 0.0100704 -0.0124922 -0.000216477 0.000415307 -0.0124922 0.0329546 
0.00954481 -0.0179721 0.000126779 -0.000139149 -0.0179721 0.0664259 -0.000139149 0.000404163 0.000126779 -0.000139149 0.0099995 -0.0184651 -0.000139149 0.000404163 -0.0184651 0.0679062 
0.00897116 -0.0176572 0.000125437 -2.19795e-05 -0.0176572 0.0797143 -1.35677e-05 -0.000193751 0.000125437 -1.35677e-05 0.00941331 -0.0178901 -2.19795e-05 -0.000193751 -0.0178901 0.0797699 
0.00890967 -0.0170313 0.00015217 -6.42828e-05 -0.0170313 0.0830999 -3.84664e-05 -0.000324678 0.00015217 -3.84664e-05 0.00942412 -0.0173235 -6.42828e-05 -0.000324678 -0.0173235 0.0827222 
0.00917883 -0.0171561 0.000163616 -0.000137423 -0.0171561 0.0853875 -9.75399e-05 -0.000127526 0.000163616 -9.75399e-05 0.00969387 -0.0176027 -0.000137423 -0.000127526 -0.0176027 0.0854009 
0.00936167 -0.0173619 0.000151645 -0.000158979 -0.0173619 0.0865234 -0.000123619 5.81582e-05 0.000151645 -0.000123619 0.00982873 -0.0178245 -0.000158979 5.81582e-05 -0.0178245 0.0868974 
0.00935111 -0.017228 0.00011767 -0.000140619 -0.017228 0.0857304 -0.000122267 0.000137054 0.00011767 -0.000122267 0.0096723 -0.0176178 -0.000140619 0.000137054 -0.0176178 0.0861579 
0.00939895 -0.0174022 0.000102284 -9.12648e-05 -0.0174022 0.0862946 -9.05629e-05 0.000100757 0.000102284 -9.05629e-05 0.00970935 -0.0176132 -9.12648e-05 0.000100757 -0.0176132 0.0864568 
0.00948668 -0.0176433 0.0001149 -6.0706e-05 -0.0176433 0.0875083 -6.9887e-05 2.93106e-05 0.0001149 -6.9887e-05 0.00986064 -0.0178096 -6.0706e-05 2.93106e-05 -0.0178096 0.0874222 
0.00940227 -0.0175076 0.000128582 -6.99243e-05 -0.0175076 0.0869882 -8.11326e-05 1.26688e-05 0.000128582 -8.11326e-05 0.00983242 -0.0177461 -6.99243e-05 1.26688e-05 -0.0177461 0.0869324 
0.00938508 -0.0174596 0.000135769 -8.83089e-05 -0.0174596 0.0868609 -9.64817e-05 3.65161e-05 0.000135769 -9.64817e-05 0.0098372 -0.0177813 -8.83089e-05 3.65161e-05 -0.0177813 0.0869831 
0.00934145 -0.0173863 0.000128294 -0.000101035 -0.0173863 0.0865181 -0.000102021 6.26308e-05 0.000128294 -0.000102021 0.00981633 -0.0177453 -0.000101035 6.26308e-05 -0.0177453 0.0867913 
0.00931707 -0.0173213 0.0001172 -9.28496e-05 -0.0173213 0.086221 -9.18661e-05 5.80553e-05 0.0001172 -9.18661e-05 0.00978222 -0.0177029 -9.28496e-05 5.80553e-05 -0.0177029 0.0865733 
0.00930288 -0.0172642 0.000115548 -8.28995e-05 -0.0172642 0.0859258 -8.62406e-05 4.75028e-05 0.000115548 -8.62406e-05 0.00975898 -0.017658 -8.28995e-05 4.75028e-05 -0.017658 0.0863589 
0.00952195 -0.0176315 0.000109662 -8.1129e-05 -0.0176315 0.0876619 -8.88056e-05 4.21922e-05 0.000109662 -8.88056e-05 0.00993718 -0.0180101 -8.1129e-05 4.21922e-05 -0.0180101 0.0880846 
0.00952894 -0.0176894 9.3037e-05 -6.36249e-05 -0.0176894 0.0878186 -7.40901e-05 8.61654e-06 9.3037e-05 -7.40901e-05 0.00994146 -0.0180124 -6.36249e-05 8.61654e-06 -0.0180124 0.0881522 
0.00953725 -0.0177013 8.43279e-05 -4.66204e-05 -0.0177013 0.087923 -5.81768e-05 -2.84235e-05 8.43279e-05 -5.81768e-05 0.0099371 -0.0180303 -4.66204e-05 -2.84235e-05 -0.0180303 0.0882407 
0.00951023 -0.0176856 7.98089e-05 -3.18116e-05 -0.0176856 0.0878689 -4.29739e-05 -7.35038e-05 7.98089e-05 -4.29739e-05 0.0099536 -0.0180209 -3.18116e-05 -7.35038e-05 -0.0180209 0.0882324 
0.0095023 -0.0176323 9.13764e-05 -2.76682e-05 -0.0176323 0.0876867 -3.57274e-05 -0.000101458 9.13764e-05 -3.57274e-05 0.00993158 -0.0180141 -2.76682e-05 -0.000101458 -0.0180141 0.0881372 
0.00952061 -0.0176698 0.000110005 -4.20897e-05 -0.0176698 0.0878287 -4.43974e-05 -9.83226e-05 0.000110005 -4.43974e-05 0.00995318 -0.0180452 -4.20897e-05 -9.83226e-05 -0.0180452 0.0883299 
0.00956984 -0.0176955 0.000106859 -7.26e-05 -0.0176955 0.087939 -6.79121e-05 -4.71644e-05 0.000106859 -6.79121e-05 0.00992705 -0.0180637 -7.26e-05 -4.71644e-05 -0.0180637 0.0884261 
0.00960165 -0.0177261 9.65476e-05 -7.67723e-05 -0.0177261 0.0879274 -6.86876e-05 -1.10507e-05 9.65476e-05 -6.86876e-05 0.00987748 -0.0179922 -7.67723e-05 -1.10507e-05 -0.0179922 0.0882393 
0.00959706 -0.017789 9.18923e-05 -6.69109e-05 -0.017789 0.0880827 -6.01334e-05 -1.03957e-05 9.18923e-05 -6.01334e-05 0.0098916 -0.0179347 -6.69109e-05 -1.03957e-05 -0.0179347 0.0880922 
0.00959177 -0.0178012 9.90927e-05 -5.70951e-05 -0.0178012 0.0882132 -5.64832e-05 -2.51464e-05 9.90927e-05 -5.64832e-05 0.0099104 -0.0179543 -5.70951e-05 -2.51464e-05 -0.0179543 0.0880791 
0.00959168 -0.0177645 0.000113454 -5.46432e-05 -0.0177645 0.0881133 -6.47985e-05 -3.44353e-05 0.000113454 -6.47985e-05 0.00990775 -0.0179658 -5.46432e-05 -3.44353e-05 -0.0179658 0.0880437 
0.00939253 -0.0174113 0.000116941 -6.33531e-05 -0.0174113 0.0863154 -8.22684e-05 -1.7695e-05 0.000116941 -8.22684e-05 0.0097212 -0.0176132 -6.33531e-05 -1.7695e-05 -0.0176132 0.0863052 
0.00944369 -0.0175263 0.000107026 -7.13788e-05 -0.0175263 0.0869058 -9.02935e-05 1.84646e-06 0.000107026 -9.02935e-05 0.00979318 -0.0177547 -7.13788e-05 1.84646e-06 -0.0177547 0.0869537 
0.00946019 -0.0175775 0.000108002 -6.62278e-05 -0.0175775 0.0872121 -7.38011e-05 -6.65488e-06 0.000108002 -7.38011e-05 0.00983812 -0.0178254 -6.62278e-05 -6.65488e-06 -0.0178254 0.0873083 
0.00942843 -0.0175534 0.000121668 -7.24794e-05 -0.0175534 0.0871566 -6.58434e-05 -1.9459e-05 0.000121668 -6.58434e-05 0.00986227 -0.0178256 -7.24794e-05 -1.9459e-05 -0.0178256 0.0873003 
0.00938662 -0.0175087 0.000136918 -8.89108e-05 -0.0175087 0.0870602 -7.6874e-05 -6.7609e-06 0.000136918 -7.6874e-05 0.00989098 -0.0178582 -8.89108e-05 -6.7609e-06 -0.0178582 0.0873535 
0.00935371 -0.0173769 0.000132589 -0.000104426 -0.0173769 0.0865476 -9.58556e-05 2.84188e-05 0.000132589 -9.58556e-05 0.0098373 -0.0178162 -0.000104426 2.84188e-05 -0.0178162 0.0870556 
0.00934802 -0.0173344 0.000115816 -9.85986e-05 -0.0173344 0.0862426 -9.53445e-05 4.04242e-05 0.000115816 -9.53445e-05 0.00978088 -0.0177434 -9.85986e-05 4.04242e-05 -0.0177434 0.086787 
0.00932504 -0.01731 0.000103502 -8.01078e-05 -0.01731 0.0860245 -7.70717e-05 1.61281e-05 0.000103502 -7.70717e-05 0.00974635 -0.0176639 -8.01078e-05 1.61281e-05 -0.0176639 0.086488 
0.00935702 -0.0173475 8.60236e-05 -6.19984e-05 -0.0173475 0.0862115 -6.01226e-05 -2.63994e-05 8.60236e-05 -6.01226e-05 0.00974676 -0.0176906 -6.19984e-05 -2.63994e-05 -0.0176906 0.0866159 
0.00937218 -0.0173584 7.65648e-05 -3.92195e-05 -0.0173584 0.0862131 -3.74477e-05 -8.03658e-05 7.65648e-05 -3.74477e-05 0.00973649 -0.0176638 -3.92195e-05 -8.03658e-05 -0.0176638 0.0865436 
0.00934763 -0.0173703 7.58953e-05 -2.80359e-05 -0.0173703 0.0862023 -2.5327e-05 -0.000121478 7.58953e-05 -2.5327e-05 0.00975793 -0.0176382 -2.80359e-05 -0.000121478 -0.0176382 0.0864355 
0.00934512 -0.0173533 8.0471e-05 -3.07742e-05 -0.0173533 0.0862034 -2.68932e-05 -0.000127597 8.0471e-05 -2.68932e-05 0.00977335 -0.0176731 -3.07742e-05 -0.000127597 -0.0176731 0.0864711 
0.00933153 -0.0173224 9.30202e-05 -3.55369e-05 -0.0173224 0.0860663 -2.98133e-05 -0.000123275 9.30202e-05 -2.98133e-05 0.00976195 -0.0176784 -3.55369e-05 -0.000123275 -0.0176784 0.0864408 
0.00952787 -0.0177113 9.65182e-05 -5.41754e-05 -0.0177113 0.0880081 -4.58908e-05 -9.69141e-05 9.65182e-05 -4.58908e-05 0.00998367 -0.0180936 -5.41754e-05 -9.69141e-05 -0.0180936 0.088481 
0.00932016 -0.0173718 0.000116066 -5.41024e-05 -0.0173718 0.0863834 -4.62195e-05 -7.87694e-05 0.000116066 -4.62195e-05 0.00981598 -0.0177675 -5.41024e-05 -7.87694e-05 -0.0177675 0.0869115 
0.00932922 -0.0173763 0.000124825 -8.162e-05 -0.0173763 0.0865448 -7.59322e-05 -2.78801e-05 0.000124825 -7.59322e-05 0.0098504 -0.0178321 -8.162e-05 -2.78801e-05 -0.0178321 0.0871929 
0.00931075 -0.0173027 0.000135677 -9.4598e-05 -0.0173027 0.0862197 -9.39028e-05 2.99108e-05 0.000135677 -9.39028e-05 0.00982471 -0.0177861 -9.4598e-05 2.99108e-05 -0.0177861 0.0869645 
0.00933138 -0.0173313 0.000133326 -0.000112259 -0.0173313 0.086302 -0.000113799 8.60946e-05 0.000133326 -0.000113799 0.00982969 -0.0178086 -0.000112259 8.60946e-05 -0.0178086 0.087076 
0.00935469 -0.0174058 0.000128628 -0.000102189 -0.0174058 0.0866203 -0.000106557 8.91069e-05 0.000128628 -0.000106557 0.00987549 -0.017859 -0.000102189 8.91069e-05 -0.017859 0.0873536 
0.00938741 -0.0174492 0.000118944 -9.01509e-05 -0.0174492 0.0868621 -9.34251e-05 5.87443e-05 0.000118944 -9.34251e-05 0.00988386 -0.0179057 -9.01509e-05 5.87443e-05 -0.0179057 0.0875459 
0.00939514 -0.0174074 8.73508e-05 -8.36159e-05 -0.0174074 0.0866177 -8.25749e-05 3.45445e-05 8.73508e-05 -8.25749e-05 0.00981898 -0.0178247 -8.36159e-05 3.45445e-05 -0.0178247 0.0872162 
0.00943212 -0.0174188 7.53907e-05 -4.5061e-05 -0.0174188 0.0865269 -4.37756e-05 -3.51192e-05 7.53907e-05 -4.37756e-05 0.00975538 -0.0177406 -4.5061e-05 -3.51192e-05 -0.0177406 0.0869243 
0.00943358 -0.0174544 7.65907e-05 -2.71946e-05 -0.0174544 0.0864923 -3.11304e-05 -9.41949e-05 7.65907e-05 -3.11304e-05 0.0097227 -0.017638 -2.71946e-05 -9.41949e-05 -0.017638 0.0865601 
0.0094049 -0.0174308 8.59951e-05 -3.02578e-05 -0.0174308 0.0863463 -3.8257e-05 -0.000103547 8.59951e-05 -3.8257e-05 0.00968083 -0.0175702 -3.02578e-05 -0.000103547 -0.0175702 0.0861981 
0.00941547 -0.0174606 7.97847e-05 -4.15107e-05 -0.0174606 0.086559 -4.79677e-05 -8.97538e-05 7.97847e-05 -4.79677e-05 0.00968703 -0.0176128 -4.15107e-05 -8.97538e-05 -0.0176128 0.0863943 
0.00936111 -0.0173941 8.35184e-05 -3.73758e-05 -0.0173941 0.0862869 -4.01575e-05 -8.73669e-05 8.35184e-05 -4.01575e-05 0.00966795 -0.0175508 -3.73758e-05 -8.73669e-05 -0.0175508 0.0861548 
0.00952055 -0.017671 9.06163e-05 -4.48652e-05 -0.017671 0.0878052 -4.42916e-05 -8.24445e-05 9.06163e-05 -4.42916e-05 0.00987379 -0.0179103 -4.48652e-05 -8.24445e-05 -0.0179103 0.0878576 
0.00951524 -0.0176079 0.000101535 -5.53845e-05 -0.0176079 0.0875237 -5.27902e-05 -5.93392e-05 0.000101535 -5.27902e-05 0.00984354 -0.0179049 -5.53845e-05 -5.93392e-05 -0.0179049 0.0877682 
0.00951831 -0.0176348 9.18584e-05 -6.85453e-05 -0.0176348 0.0875466 -6.60712e-05 -2.91507e-05 9.18584e-05 -6.60712e-05 0.00983982 -0.0178949 -6.85453e-05 -2.91507e-05 -0.0178949 0.0878077 
0.00952364 -0.0176446 8.41293e-05 -5.63628e-05 -0.0176446 0.0875713 -5.73459e-05 -2.90842e-05 8.41293e-05 -5.73459e-05 0.0098199 -0.0178663 -5.63628e-05 -2.90842e-05 -0.0178663 0.0877195 
0.00950482 -0.0176248 8.75719e-05 -4.3599e-05 -0.0176248 0.0874599 -5.15013e-05 -4.74188e-05 8.75719e-05 -5.15013e-05 0.00980207 -0.0178135 -4.3599e-05 -4.74188e-05 -0.0178135 0.0875041 
0.00952855 -0.0176339 0.000101653 -4.56841e-05 -0.0176339 0.0875312 -5.70351e-05 -5.00895e-05 0.000101653 -5.70351e-05 0.00978479 -0.0178263 -4.56841e-05 -5.00895e-05 -0.0178263 0.087543 
0.0095344 -0.0176761 0.000110762 -6.7332e-05 -0.0176761 0.0876787 -7.92028e-05 -1.02948e-05 0.000110762 -7.92028e-05 0.00980912 -0.0178302 -6.7332e-05 -1.02948e-05 -0.0178302 0.0876434 
0.00948456 -0.0176062 0.000114643 -7.54032e-05 -0.0176062 0.0873928 -8.69614e-05 1.87746e-05 0.000114643 -8.69614e-05 0.00981571 -0.0177939 -7.54032e-05 1.87746e-05 -0.0177939 0.0873985 
0.00938541 -0.0175067 0.000119479 -7.98125e-05 -0.0175067 0.0869736 -8.77197e-05 3.24853e-05 0.000119479 -8.77197e-05 0.00983807 -0.017765 -7.98125e-05 3.24853e-05 -0.017765 0.0871193 
0.00938696 -0.0174833 0.000114056 -8.99315e-05 -0.0174833 0.0870874 -9.0057e-05 4.5199e-05 0.000114056 -9.0057e-05 0.00987916 -0.0179021 -8.99315e-05 4.5199e-05 -0.0179021 0.0875584 
0.00940501 -0.0174764 0.000100207 -8.34446e-05 -0.0174764 0.0871113 -7.61638e-05 3.05465e-05 0.000100207 -7.61638e-05 0.00988234 -0.0179594 -8.34446e-05 3.05465e-05 -0.0179594 0.087854 
0.00942313 -0.0174729 8.47359e-05 -7.08376e-05 -0.0174729 0.0870497 -6.01069e-05 4.73901e-06 8.47359e-05 -6.01069e-05 0.00985133 -0.0179408 -7.08376e-05 4.73901e-06 -0.0179408 0.0878731 
0.00943403 -0.0174838 7.65942e-05 -5.54662e-05 -0.0174838 0.0870111 -4.37505e-05 -2.77139e-05 7.65942e-05 -4.37505e-05 0.00980813 -0.0178863 -5.54662e-05 -2.77139e-05 -0.0178863 0.0877431 
0.00942934 -0.0174489 8.25481e-05 -4.49752e-05 -0.0174489 0.0867845 -3.59132e-05 -5.27727e-05 8.25481e-05 -3.59132e-05 0.00975305 -0.0177843 -4.49752e-05 -5.27727e-05 -0.0177843 0.0873617 
0.00943018 -0.0174753 7.83262e-05 -5.0981e-05 -0.0174753 0.0868315 -4.85449e-05 -4.39135e-05 7.83262e-05 -4.85449e-05 0.00974895 -0.0177487 -5.0981e-05 -4.39135e-05 -0.0177487 0.0872489 
0.00940791 -0.017386 6.70226e-05 -4.19338e-05 -0.017386 0.0864018 -4.27899e-05 -4.81908e-05 6.70226e-05 -4.27899e-05 0.00967749 -0.01765 -4.19338e-05 -4.81908e-05 -0.01765 0.0867347 
0.00938663 -0.0173391 6.94498e-05 -2.96965e-05 -0.0173391 0.0860696 -2.93195e-05 -7.10127e-05 6.94498e-05 -2.93195e-05 0.00962622 -0.017555 -2.96965e-05 -7.10127e-05 -0.017555 0.0863198 
0.00959222 -0.0176961 7.20006e-05 -3.67562e-05 -0.0176961 0.0877441 -3.35411e-05 -7.33783e-05 7.20006e-05 -3.35411e-05 0.00977222 -0.0178531 -3.67562e-05 -7.33783e-05 -0.0178531 0.087825 
0.00956425 -0.0176583 6.25378e-05 -4.38024e-05 -0.0176583 0.0874475 -3.81517e-05 -5.27008e-05 6.25378e-05 -3.81517e-05 0.00971412 -0.0177339 -4.38024e-05 -5.27008e-05 -0.0177339 0.0873273 
0.00953791 -0.0176343 4.89009e-05 -3.72179e-05 -0.0176343 0.0872721 -3.16694e-05 -4.74238e-05 4.89009e-05 -3.16694e-05 0.0096829 -0.0176465 -3.72179e-05 -4.74238e-05 -0.0176465 0.0869264 
0.00955606 -0.017695 6.7095e-05 -2.56987e-05 -0.017695 0.0875865 -2.32963e-05 -5.51287e-05 6.7095e-05 -2.32963e-05 0.0097206 -0.0177031 -2.56987e-05 -5.51287e-05 -0.0177031 0.0871462 
0.00961322 -0.0178392 7.452e-05 -4.49517e-05 -0.0178392 0.0883513 -4.59025e-05 -3.08159e-05 7.452e-05 -4.59025e-05 0.00980821 -0.017868 -4.49517e-05 -3.08159e-05 -0.017868 0.0879087 
0.00938688 -0.0174611 8.24207e-05 -4.80501e-05 -0.0174611 0.0865913 -5.18545e-05 -9.32894e-06 8.24207e-05 -5.18545e-05 0.00964381 -0.0175327 -4.80501e-05 -9.32894e-06 -0.0175327 0.0862443 
0.00936232 -0.0174535 7.16207e-05 -5.11968e-05 -0.0174535 0.0867283 -5.46224e-05 -9.87049e-06 7.16207e-05 -5.46224e-05 0.00970875 -0.0176281 -5.11968e-05 -9.87049e-06 -0.0176281 0.0866088 
0.00931982 -0.0173631 5.71498e-05 -3.83299e-05 -0.0173631 0.0864763 -3.90142e-05 -3.32947e-05 5.71498e-05 -3.90142e-05 0.00973424 -0.0176667 -3.83299e-05 -3.32947e-05 -0.0176667 0.0866885 
0.00928861 -0.0172572 7.46258e-05 -1.72102e-05 -0.0172572 0.0860473 -1.52162e-05 -8.76539e-05 7.46258e-05 -1.52162e-05 0.00971292 -0.0176639 -1.72102e-05 -8.76539e-05 -0.0176639 0.0865906 
0.00930261 -0.0172159 8.81917e-05 -3.89438e-05 -0.0172159 0.0857932 -3.62523e-05 -7.92919e-05 8.81917e-05 -3.62523e-05 0.00967857 -0.0176387 -3.89438e-05 -7.92919e-05 -0.0176387 0.0865049 
0.00930843 -0.0172503 0.000100987 -6.11597e-05 -0.0172503 0.0857926 -5.8127e-05 -2.68571e-05 0.000100987 -5.8127e-05 0.00967193 -0.0176067 -6.11597e-05 -2.68571e-05 -0.0176067 0.0864471 
0.00932666 -0.0173427 0.000127729 -8.0059e-05 -0.0173427 0.0862336 -7.96368e-05 3.14595e-05 0.000127729 -7.96368e-05 0.00973071 -0.0176837 -8.0059e-05 3.14595e-05 -0.0176837 0.0868181 
0.00933343 -0.0173198 0.000130971 -0.000111283 -0.0173198 0.0862318 -0.000118249 0.000112591 0.000130971 -0.000118249 0.00974601 -0.0177046 -0.000111283 0.000112591 -0.0177046 0.0868538 
0.00937525 -0.0173732 0.000130966 -0.000119316 -0.0173732 0.086459 -0.000128736 0.000170321 0.000130966 -0.000128736 0.00976635 -0.017768 -0.000119316 0.000170321 -0.017768 0.0871244 
0.00938112 -0.017369 0.000121933 -0.000115234 -0.017369 0.0863516 -0.00012135 0.000173586 0.000121933 -0.00012135 0.00973796 -0.0177219 -0.000115234 0.000173586 -0.0177219 0.0869479 
0.0094118 -0.0174525 0.000121364 -0.000109943 -0.0174525 0.086661 -0.000109406 0.000160496 0.000121364 -0.000109406 0.00976572 -0.0177374 -0.000109943 0.000160496 -0.0177374 0.0870776 
0.00942923 -0.0174928 0.000106521 -0.000102793 -0.0174928 0.0868677 -9.87485e-05 0.000127825 0.000106521 -9.87485e-05 0.00977747 -0.0177679 -0.000102793 0.000127825 -0.0177679 0.0871777 
0.00943738 -0.0175574 9.47411e-05 -8.20157e-05 -0.0175574 0.0872039 -8.0124e-05 8.0838e-05 9.47411e-05 -8.0124e-05 0.00982397 -0.0178283 -8.20157e-05 8.0838e-05 -0.0178283 0.087473 
0.00943353 -0.0175284 9.3634e-05 -5.68022e-05 -0.0175284 0.0871893 -5.73443e-05 1.08126e-05 9.3634e-05 -5.73443e-05 0.0098255 -0.0178542 -5.68022e-05 1.08126e-05 -0.0178542 0.0875338 
0.00944484 -0.0174799 0.000103959 -5.32755e-05 -0.0174799 0.0869634 -5.23443e-05 -3.15565e-05 0.000103959 -5.23443e-05 0.00977565 -0.0178174 -5.32755e-05 -3.15565e-05 -0.0178174 0.0873775 
0.00947867 -0.0175405 9.98146e-05 -6.6607e-05 -0.0175405 0.0871301 -6.59949e-05 -2.60778e-05 9.98146e-05 -6.59949e-05 0.00976019 -0.0178112 -6.6607e-05 -2.60778e-05 -0.0178112 0.0874748 
0.00947115 -0.0175063 0.000103479 -6.80262e-05 -0.0175063 0.0868893 -6.76448e-05 -5.60049e-06 0.000103479 -6.76448e-05 0.00970384 -0.0176992 -6.80262e-05 -5.60049e-06 -0.0176992 0.0870471 
0.00946708 -0.0175124 9.89073e-05 -7.77718e-05 -0.0175124 0.0868334 -7.858e-05 2.43497e-05 9.89073e-05 -7.858e-05 0.00968597 -0.0176395 -7.77718e-05 2.43497e-05 -0.0176395 0.0868019 
0.00950745 -0.0175443 8.66796e-05 -7.5947e-05 -0.0175443 0.0869752 -7.37342e-05 3.58414e-05 8.66796e-05 -7.37342e-05 0.00967667 -0.0176575 -7.5947e-05 3.58414e-05 -0.0176575 0.0868507 
0.00951031 -0.0175435 7.07767e-05 -6.35383e-05 -0.0175435 0.0868481 -5.79602e-05 1.79425e-05 7.07767e-05 -5.79602e-05 0.00963615 -0.0175851 -6.35383e-05 1.79425e-05 -0.0175851 0.0865682 
0.00951681 -0.0176258 6.95702e-05 -4.26612e-05 -0.0176258 0.0871725 -4.06533e-05 -2.08748e-05 6.95702e-05 -4.06533e-05 0.00966936 -0.017605 -4.26612e-05 -2.08748e-05 -0.017605 0.0867087 
0.0095076 -0.0176435 6.85544e-05 -3.44129e-05 -0.0176435 0.087374 -3.80161e-05 -5.23061e-05 6.85544e-05 -3.80161e-05 0.00971089 -0.017657 -3.44129e-05 -5.23061e-05 -0.017657 0.0868917 
0.00947017 -0.0176346 8.22224e-05 -2.97126e-05 -0.0176346 0.0874669 -3.99819e-05 -6.49852e-05 8.22224e-05 -3.99819e-05 0.0097866 -0.017725 -2.97126e-05 -6.49852e-05 -0.017725 0.0871336 
0.00943931 -0.0175481 8.50458e-05 -4.82902e-05 -0.0175481 0.0872575 -6.11774e-05 -3.33876e-05 8.50458e-05 -6.11774e-05 0.00981116 -0.0177953 -4.82902e-05 -3.33876e-05 -0.0177953 0.0872664 
0.00940713 -0.017498 8.39353e-05 -4.96521e-05 -0.017498 0.0870606 -5.79573e-05 -2.55057e-05 8.39353e-05 -5.79573e-05 0.00982107 -0.0178283 -4.96521e-05 -2.55057e-05 -0.0178283 0.087378 
0.0094154 -0.0174676 8.45501e-05 -4.79361e-05 -0.0174676 0.0869653 -4.98838e-05 -3.73513e-05 8.45501e-05 -4.98838e-05 0.0098059 -0.0178475 -4.79361e-05 -3.73513e-05 -0.0178475 0.0874739 
0.00948433 -0.0175103 8.94476e-05 -4.84494e-05 -0.0175103 0.0871151 -4.50727e-05 -5.18768e-05 8.94476e-05 -4.50727e-05 0.00978419 -0.0178687 -4.84494e-05 -5.18768e-05 -0.0178687 0.0876714 
0.00953662 -0.0175824 9.21686e-05 -5.55843e-05 -0.0175824 0.0872541 -5.05855e-05 -4.77018e-05 9.21686e-05 -5.05855e-05 0.00974852 -0.0178175 -5.55843e-05 -4.77018e-05 -0.0178175 0.0876082 
0.00954381 -0.0175993 0.000111181 -6.41054e-05 -0.0175993 0.0871857 -5.68878e-05 -2.70658e-05 0.000111181 -5.68878e-05 0.00970238 -0.017721 -6.41054e-05 -2.70658e-05 -0.017721 0.0872551 
0.00954483 -0.017632 0.000110618 -9.10498e-05 -0.017632 0.087264 -8.50229e-05 3.01788e-05 0.000110618 -8.50229e-05 0.00968899 -0.017675 -9.10498e-05 3.01788e-05 -0.017675 0.0870769 
0.00951396 -0.0176318 9.66295e-05 -9.12011e-05 -0.0176318 0.087285 -8.71769e-05 6.34254e-05 9.66295e-05 -8.71769e-05 0.0097156 -0.0176606 -9.12011e-05 6.34254e-05 -0.0176606 0.0869816 
0.00947506 -0.0175713 8.66128e-05 -6.61929e-05 -0.0175713 0.0871142 -6.4946e-05 3.01865e-05 8.66128e-05 -6.4946e-05 0.00972688 -0.0176695 -6.61929e-05 3.01865e-05 -0.0176695 0.0868775 
0.00946854 -0.0175366 9.6567e-05 -5.02159e-05 -0.0175366 0.0870348 -5.05166e-05 -1.61464e-05 9.6567e-05 -5.05166e-05 0.00974098 -0.0177117 -5.02159e-05 -1.61464e-05 -0.0177117 0.0869768 
0.0094838 -0.0175201 0.000105523 -6.44935e-05 -0.0175201 0.0869327 -6.65783e-05 -7.61649e-06 0.000105523 -6.65783e-05 0.00971546 -0.0177122 -6.44935e-05 -7.61649e-06 -0.0177122 0.0869694 
0.0094765 -0.0175188 0.000121668 -7.77133e-05 -0.0175188 0.0867915 -7.98668e-05 2.48612e-05 0.000121668 -7.98668e-05 0.00968209 -0.0176341 -7.77133e-05 2.48612e-05 -0.0176341 0.0867046 
0.0095276 -0.0176538 0.000118111 -0.000100007 -0.0176538 0.0874243 -9.73017e-05 6.75168e-05 0.000118111 -9.73017e-05 0.00974156 -0.0177348 -0.000100007 6.75168e-05 -0.0177348 0.0872086 
0.00954613 -0.0177365 0.00012286 -0.00010093 -0.0177365 0.0879037 -9.33122e-05 8.93774e-05 0.00012286 -9.33122e-05 0.00981329 -0.0178246 -0.00010093 8.93774e-05 -0.0178246 0.087641 
0.00950974 -0.0177045 0.0001419 -9.93064e-05 -0.0177045 0.0878876 -8.75773e-05 7.74255e-05 0.0001419 -8.75773e-05 0.00985868 -0.0178571 -9.93064e-05 7.74255e-05 -0.0178571 0.0877125 
0.00946799 -0.0176242 0.000146588 -0.000125535 -0.0176242 0.0876456 -0.000113141 0.000115177 0.000146588 -0.000113141 0.00988763 -0.0178873 -0.000125535 0.000115177 -0.0178873 0.0877034 
0.00940335 -0.017535 0.000125495 -0.000128637 -0.017535 0.0872811 -0.000117049 0.000138849 0.000125495 -0.000117049 0.00991156 -0.0178929 -0.000128637 0.000138849 -0.0178929 0.0875991 
0.00941247 -0.0175296 0.000110735 -0.00010091 -0.0175296 0.0873749 -9.19954e-05 0.000103756 0.000110735 -9.19954e-05 0.00994763 -0.0180061 -0.00010091 0.000103756 -0.0180061 0.0879882 
0.0094425 -0.0175255 9.43871e-05 -7.58357e-05 -0.0175255 0.0873833 -7.20613e-05 4.22637e-05 9.43871e-05 -7.20613e-05 0.00994353 -0.0180545 -7.58357e-05 4.22637e-05 -0.0180545 0.0882289 
0.00948208 -0.0175304 8.95542e-05 -6.04408e-05 -0.0175304 0.0873059 -5.63163e-05 -8.73869e-07 8.95542e-05 -5.63163e-05 0.00989752 -0.0180257 -6.04408e-05 -8.73869e-07 -0.0180257 0.088194 
0.00950945 -0.0175373 8.65194e-05 -5.59698e-05 -0.0175373 0.0871395 -5.15141e-05 -2.1078e-05 8.65194e-05 -5.15141e-05 0.00981348 -0.0179181 -5.59698e-05 -2.1078e-05 -0.0179181 0.0878431 
0.0095191 -0.0175455 9.85589e-05 -5.07866e-05 -0.0175455 0.0869778 -4.84972e-05 -3.25912e-05 9.85589e-05 -4.84972e-05 0.00972063 -0.0177754 -5.07866e-05 -3.25912e-05 -0.0177754 0.0873376 
0.0095059 -0.0176005 9.50507e-05 -6.31246e-05 -0.0176005 0.0871203 -6.60304e-05 -1.27129e-05 9.50507e-05 -6.60304e-05 0.00971396 -0.017695 -6.31246e-05 -1.27129e-05 -0.017695 0.0871062 
0.00945224 -0.0175285 9.2548e-05 -6.3552e-05 -0.0175285 0.0868608 -7.02779e-05 1.32104e-05 9.2548e-05 -7.02779e-05 0.00969296 -0.017617 -6.3552e-05 1.32104e-05 -0.017617 0.086663 
0.00946827 -0.0175788 0.000109173 -6.05528e-05 -0.0175788 0.0871876 -6.72303e-05 1.79296e-05 0.000109173 -6.72303e-05 0.00974582 -0.0176985 -6.05528e-05 1.79296e-05 -0.0176985 0.0869713 
0.00945533 -0.0174981 9.10407e-05 -8.11313e-05 -0.0174981 0.0868675 -8.26932e-05 4.43989e-05 9.10407e-05 -8.26932e-05 0.00971451 -0.0176657 -8.11313e-05 4.43989e-05 -0.0176657 0.0867362 
0.00945388 -0.0175496 8.25575e-05 -6.78982e-05 -0.0175496 0.0870357 -6.6617e-05 4.52458e-05 8.25575e-05 -6.6617e-05 0.00974276 -0.0176996 -6.78982e-05 4.52458e-05 -0.0176996 0.0869177 
0.00944126 -0.0175252 7.30889e-05 -5.55378e-05 -0.0175252 0.0869915 -5.24212e-05 1.63953e-05 7.30889e-05 -5.24212e-05 0.0097397 -0.0177014 -5.55378e-05 1.63953e-05 -0.0177014 0.0868949 
0.00943314 -0.0175652 8.237e-05 -4.62305e-05 -0.0175652 0.0872321 -4.04883e-05 -1.22955e-05 8.237e-05 -4.04883e-05 0.00980369 -0.0177657 -4.62305e-05 -1.22955e-05 -0.0177657 0.0872019 
0.0094495 -0.0175578 9.58574e-05 -5.26767e-05 -0.0175578 0.0873636 -4.67991e-05 -1.88667e-05 9.58574e-05 -4.67991e-05 0.0098402 -0.0178664 -5.26767e-05 -1.88667e-05 -0.0178664 0.0875554 
0.00947326 -0.0175541 9.76656e-05 -6.36968e-05 -0.0175541 0.0873552 -5.86435e-05 -8.09343e-06 9.76656e-05 -5.86435e-05 0.00985758 -0.0179052 -6.36968e-05 -8.09343e-06 -0.0179052 0.0877451 
0.00947633 -0.0175737 0.000107306 -6.55377e-05 -0.0175737 0.0873593 -5.81933e-05 -3.41703e-06 0.000107306 -5.81933e-05 0.00988604 -0.0179198 -6.55377e-05 -3.41703e-06 -0.0179198 0.0878204 
0.0095229 -0.0176653 0.000108155 -7.75671e-05 -0.0176653 0.0877751 -6.74047e-05 1.04416e-05 0.000108155 -6.74047e-05 0.00992237 -0.0180128 -7.75671e-05 1.04416e-05 -0.0180128 0.0882183 
0.00936626 -0.0173547 0.000102617 -7.67532e-05 -0.0173547 0.086207 -6.93964e-05 2.2081e-05 0.000102617 -6.93964e-05 0.00971378 -0.0176681 -7.67532e-05 2.2081e-05 -0.0176681 0.0865729 
0.00937363 -0.0173841 0.000116079 -6.578e-05 -0.0173841 0.0862801 -6.44748e-05 9.21151e-06 0.000116079 -6.44748e-05 0.00969722 -0.0176213 -6.578e-05 9.21151e-06 -0.0176213 0.0864601 
0.00937684 -0.0173958 0.000123156 -7.90281e-05 -0.0173958 0.0863524 -8.0654e-05 2.19375e-05 0.000123156 -8.0654e-05 0.00970133 -0.0176094 -7.90281e-05 2.19375e-05 -0.0176094 0.0864147 
0.00938242 -0.0174127 0.000131087 -9.1152e-05 -0.0174127 0.0864705 -9.1904e-05 5.2217e-05 0.000131087 -9.1904e-05 0.00973244 -0.0176426 -9.1152e-05 5.2217e-05 -0.0176426 0.0865328 
0.00940014 -0.0174013 0.00011191 -0.000108276 -0.0174013 0.0864364 -0.000105492 9.65949e-05 0.00011191 -0.000105492 0.00972496 -0.0176569 -0.000108276 9.65949e-05 -0.0176569 0.0865386 
0.0094038 -0.0173787 8.3661e-05 -8.72688e-05 -0.0173787 0.0862338 -8.12902e-05 8.34419e-05 8.3661e-05 -8.12902e-05 0.00969149 -0.0176032 -8.72688e-05 8.34419e-05 -0.0176032 0.0863083 
0.0094048 -0.017419 8.70632e-05 -5.58971e-05 -0.017419 0.0863225 -4.96933e-05 2.6871e-05 8.70632e-05 -4.96933e-05 0.00969337 -0.0175945 -5.58971e-05 2.6871e-05 -0.0175945 0.0862922 
0.00946618 -0.0175038 9.33316e-05 -6.08388e-05 -0.0175038 0.0867761 -5.57688e-05 9.32775e-06 9.33316e-05 -5.57688e-05 0.00972041 -0.0176859 -6.08388e-05 9.32775e-06 -0.0176859 0.0867147 
0.00948375 -0.0175783 0.000111601 -6.88814e-05 -0.0175783 0.0870674 -6.45386e-05 2.18454e-05 0.000111601 -6.45386e-05 0.0097437 -0.0176981 -6.88814e-05 2.18454e-05 -0.0176981 0.0868829 
0.00945869 -0.0175585 0.000117472 -8.39602e-05 -0.0175585 0.087028 -8.4366e-05 5.15434e-05 0.000117472 -8.4366e-05 0.00975623 -0.0176794 -8.39602e-05 5.15434e-05 -0.0176794 0.0867776 
0.00938418 -0.0175207 0.000133246 -8.61777e-05 -0.0175207 0.0869136 -9.11112e-05 6.84151e-05 0.000133246 -9.11112e-05 0.00980518 -0.0176762 -8.61777e-05 6.84151e-05 -0.0176762 0.0866845 
0.00933783 -0.0173933 0.00013872 -9.83227e-05 -0.0173933 0.0865429 -0.000104643 8.46577e-05 0.00013872 -0.000104643 0.00979674 -0.0176996 -9.83227e-05 8.46577e-05 -0.0176996 0.0865598 
0.00935223 -0.0173699 0.000148262 -0.000106773 -0.0173699 0.0864582 -0.000115021 0.0001083 0.000148262 -0.000115021 0.00978719 -0.0177354 -0.000106773 0.0001083 -0.0177354 0.0867063 
0.00935154 -0.017321 0.000156399 -0.00011365 -0.017321 0.0861464 -0.000125497 0.000126072 0.000156399 -0.000125497 0.00974071 -0.017672 -0.00011365 0.000126072 -0.017672 0.0864747 
0.00938695 -0.0174264 0.000156125 -0.000126443 -0.0174264 0.0865446 -0.000136433 0.000151345 0.000156125 -0.000136433 0.00980311 -0.0177318 -0.000126443 0.000151345 -0.0177318 0.0868312 
0.00940627 -0.0174539 0.000153106 -0.000126567 -0.0174539 0.0867106 -0.000130206 0.000153985 0.000153106 -0.000130206 0.00983972 -0.0177869 -0.000126567 0.000153985 -0.0177869 0.0870086 
0.00939878 -0.0174754 0.000142822 -0.000123683 -0.0174754 0.0867936 -0.000120472 0.000139366 0.000142822 -0.000120472 0.00986557 -0.0178231 -0.000123683 0.000139366 -0.0178231 0.0871275 
0.00941639 -0.0175041 0.000119259 -0.000107873 -0.0175041 0.0869871 -0.000102049 9.93083e-05 0.000119259 -0.000102049 0.00988642 -0.0178793 -0.000107873 9.93083e-05 -0.0178793 0.0873583 
0.0094277 -0.0175271 0.000121508 -7.60219e-05 -0.0175271 0.0871279 -7.45224e-05 3.40552e-05 0.000121508 -7.45224e-05 0.00991517 -0.0179201 -7.60219e-05 3.40552e-05 -0.0179201 0.0875609 
0.00946703 -0.0175616 0.000139451 -7.55217e-05 -0.0175616 0.0873129 -7.98496e-05 7.2273e-06 0.000139451 -7.98496e-05 0.00992035 -0.0179671 -7.55217e-05 7.2273e-06 -0.0179671 0.0877736 
