0.00722489 0 4.34532e-05 0 0 0.00999783 0 0 4.34532e-05 0 0.00695107 0 0 0 0 0.00999783 
0.0101678 -0.0126139 2.26467e-05 -2.9268e-05 -0.0126139 0.0333309 -2.9268e-05 5.57851e-05 2.26467e-05 -2.9268e-05 0.00985196 -0.0122371 -2.9268e-05 5.57851e-05 -0.0122371 0.0326084 
0.0100975 -0.0187159 1.22049e-05 -1.00554e-05 -0.0187159 0.0688763 -1.00554e-05 2.71503e-05 1.22049e-05 -1.00554e-05 0.00988134 -0.0185293 -1.00554e-05 2.71503e-05 -0.0185293 0.0683662 
0.00929806 -0.0177494 3.10411e-05 7.10494e-05 -0.0177494 0.0793452 6.79258e-05 -0.000392728 3.10411e-05 6.79258e-05 0.00905503 -0.0177923 7.10494e-05 -0.000392728 -0.0177923 0.0800457 
0.00952855 -0.0175794 5.03785e-05 6.83822e-05 -0.0175794 0.0842641 5.77539e-05 -0.000683676 5.03785e-05 5.77539e-05 0.00918734 -0.0174884 6.83822e-05 -0.000683676 -0.0174884 0.0850607 
0.00958152 -0.017414 6.52309e-05 1.04685e-05 -0.017414 0.0847942 -2.22819e-06 -0.000526389 6.52309e-05 -2.22819e-06 0.00920558 -0.0171554 1.04685e-05 -0.000526389 -0.0171554 0.0850634 
0.0098872 -0.0178811 8.20256e-05 -2.48312e-05 -0.0178811 0.0873492 -3.41664e-05 -0.000318519 8.20256e-05 -3.41664e-05 0.0094414 -0.0175491 -2.48312e-05 -0.000318519 -0.0175491 0.0871745 
0.00981864 -0.017848 8.45603e-05 -5.60307e-05 -0.017848 0.0872447 -5.78089e-05 -0.000146443 8.45603e-05 -5.78089e-05 0.00945822 -0.0174483 -5.60307e-05 -0.000146443 -0.0174483 0.086779 
0.00982565 -0.0178119 7.82678e-05 -5.98656e-05 -0.0178119 0.0873084 -5.69335e-05 -7.3127e-05 7.82678e-05 -5.69335e-05 0.00949405 -0.0175002 -5.98656e-05 -7.3127e-05 -0.0175002 0.0868356 
0.00992124 -0.0179744 5.90142e-05 -4.7214e-05 -0.0179744 0.0880963 -4.58126e-05 -7.44329e-05 5.90142e-05 -4.58126e-05 0.00961514 -0.0177145 -4.7214e-05 -7.44329e-05 -0.0177145 0.0877584 
0.00985204 -0.0178561 3.82865e-05 -1.90991e-05 -0.0178561 0.0874906 -1.94241e-05 -0.000126353 3.82865e-05 -1.94241e-05 0.00956869 -0.0176486 -1.90991e-05 -0.000126353 -0.0176486 0.0873097 
0.00985893 -0.017906 3.92774e-05 1.05546e-05 -0.017906 0.0877134 1.22394e-05 -0.000209022 3.92774e-05 1.22394e-05 0.00960277 -0.0177142 1.05546e-05 -0.000209022 -0.0177142 0.0876098 
0.00988705 -0.0179384 3.7965e-05 1.33124e-05 -0.0179384 0.0879438 1.74132e-05 -0.000258814 3.7965e-05 1.74132e-05 0.00960772 -0.0177822 1.33124e-05 -0.000258814 -0.0177822 0.0879268 
0.0098177 -0.0178219 3.42467e-05 1.0924e-05 -0.0178219 0.0873674 1.37861e-05 -0.000262072 3.42467e-05 1.37861e-05 0.00954001 -0.0176439 1.0924e-05 -0.000262072 -0.0176439 0.0873581 
0.00979918 -0.0178013 4.45819e-05 6.20691e-06 -0.0178013 0.0872922 7.88042e-06 -0.00024085 4.45819e-05 7.88042e-06 0.0095515 -0.0176249 6.20691e-06 -0.00024085 -0.0176249 0.0872785 
0.00978214 -0.0177882 3.6665e-05 -5.15146e-06 -0.0177882 0.0872453 -4.62027e-06 -0.000214245 3.6665e-05 -4.62027e-06 0.0095498 -0.0176219 -5.15146e-06 -0.000214245 -0.0176219 0.0872105 
0.00976782 -0.0177689 3.21661e-05 3.51053e-06 -0.0177689 0.0871906 2.0832e-06 -0.000210017 3.21661e-05 2.0832e-06 0.00954421 -0.0176158 3.51053e-06 -0.000210017 -0.0176158 0.0871648 
0.00973137 -0.0177282 2.73859e-05 1.43941e-05 -0.0177282 0.0870243 1.42028e-05 -0.000235448 2.73859e-05 1.42028e-05 0.00953137 -0.0175848 1.43941e-05 -0.000235448 -0.0175848 0.0870141 
0.00962793 -0.0175599 1.70241e-05 2.01918e-05 -0.0175599 0.0862812 2.28694e-05 -0.000257788 1.70241e-05 2.28694e-05 0.00948105 -0.0174529 2.01918e-05 -0.000257788 -0.0174529 0.0863391 
0.00979679 -0.0178766 1.6822e-05 2.85386e-05 -0.0178766 0.0879139 3.37278e-05 -0.000282581 1.6822e-05 3.37278e-05 0.00969934 -0.0178246 2.85386e-05 -0.000282581 -0.0178246 0.0880844 
0.00983141 -0.0178679 1.15339e-05 2.89876e-05 -0.0178679 0.0879243 3.18488e-05 -0.000287881 1.15339e-05 3.18488e-05 0.00968383 -0.0178804 2.89876e-05 -0.000287881 -0.0178804 0.0882431 
0.00964569 -0.0175483 7.96685e-06 3.23673e-05 -0.0175483 0.0862145 3.30158e-05 -0.000280544 7.96685e-06 3.30158e-05 0.00947493 -0.0175006 3.23673e-05 -0.000280544 -0.0175006 0.0864961 
0.00967027 -0.0175866 2.09204e-05 3.8701e-05 -0.0175866 0.0863693 3.85393e-05 -0.000292515 2.09204e-05 3.85393e-05 0.00945688 -0.0174863 3.8701e-05 -0.000292515 -0.0174863 0.086505 
0.00968432 -0.0175914 3.44592e-05 2.31734e-05 -0.0175914 0.0863672 2.19477e-05 -0.000272843 3.44592e-05 2.19477e-05 0.00941979 -0.0174477 2.31734e-05 -0.000272843 -0.0174477 0.0863846 
0.00972472 -0.0176195 3.06227e-05 9.15637e-06 -0.0176195 0.0864548 5.85968e-06 -0.000238901 3.06227e-05 5.85968e-06 0.00938576 -0.0174242 9.15637e-06 -0.000238901 -0.0174242 0.0863632 
0.00975332 -0.017693 3.91957e-05 1.34616e-05 -0.017693 0.0866831 9.37466e-06 -0.000227747 3.91957e-05 9.37466e-06 0.00938014 -0.0174021 1.34616e-05 -0.000227747 -0.0174021 0.0863963 
0.00979978 -0.0177406 5.70696e-05 4.00408e-06 -0.0177406 0.0868971 4.20391e-06 -0.000217904 5.70696e-05 4.20391e-06 0.00936134 -0.0173996 4.00408e-06 -0.000217904 -0.0173996 0.0864338 
0.00982046 -0.0177717 5.67359e-05 -1.67582e-05 -0.0177717 0.0869647 -1.62625e-05 -0.000182567 5.67359e-05 -1.62625e-05 0.00933662 -0.0173625 -1.67582e-05 -0.000182567 -0.0173625 0.0863444 
0.00977699 -0.0177888 5.36376e-05 -1.82495e-05 -0.0177888 0.0870066 -2.11227e-05 -0.000155704 5.36376e-05 -2.11227e-05 0.009373 -0.0173352 -1.82495e-05 -0.000155704 -0.0173352 0.0862653 
0.00970405 -0.0176948 4.3162e-05 -1.29193e-05 -0.0176948 0.0867394 -1.65907e-05 -0.000156068 4.3162e-05 -1.65907e-05 0.00940659 -0.017338 -1.29193e-05 -0.000156068 -0.017338 0.0861018 
0.009842 -0.0179737 4.48025e-05 -4.23516e-06 -0.0179737 0.0882873 -7.00932e-06 -0.000172248 4.48025e-05 -7.00932e-06 0.00965983 -0.0177541 -4.23516e-06 -0.000172248 -0.0177541 0.0879464 
0.00959942 -0.0175252 5.12288e-05 -7.00661e-07 -0.0175252 0.0862422 -5.4793e-06 -0.000185039 5.12288e-05 -5.4793e-06 0.00950017 -0.0174706 -7.00661e-07 -0.000185039 -0.0174706 0.0863127 
0.0097662 -0.0178047 5.34606e-05 -8.79483e-06 -0.0178047 0.0876622 -1.36452e-05 -0.000183055 5.34606e-05 -1.36452e-05 0.0096872 -0.0178282 -8.79483e-06 -0.000183055 -0.0178282 0.0880055 
0.0097721 -0.0178049 5.28151e-05 -1.82818e-05 -0.0178049 0.0876234 -1.95588e-05 -0.000159566 5.28151e-05 -1.95588e-05 0.0096694 -0.0178436 -1.82818e-05 -0.000159566 -0.0178436 0.0880764 
0.00977159 -0.0178093 3.94246e-05 -1.98844e-05 -0.0178093 0.0875984 -1.31676e-05 -0.000153802 3.94246e-05 -1.31676e-05 0.00965829 -0.0178104 -1.98844e-05 -0.000153802 -0.0178104 0.0880073 
0.00977123 -0.0177863 2.46969e-05 -6.44952e-06 -0.0177863 0.0874626 2.16814e-06 -0.000171857 2.46969e-05 2.16814e-06 0.00962299 -0.0177548 -6.44952e-06 -0.000171857 -0.0177548 0.0877608 
0.00978736 -0.017772 1.38033e-05 1.24236e-05 -0.017772 0.0873225 1.79288e-05 -0.000207705 1.38033e-05 1.79288e-05 0.00956001 -0.0176924 1.24236e-05 -0.000207705 -0.0176924 0.0874928 
0.00981435 -0.0178116 1.03794e-05 2.98458e-05 -0.0178116 0.087384 2.89802e-05 -0.000245923 1.03794e-05 2.89802e-05 0.00951624 -0.017637 2.98458e-05 -0.000245923 -0.017637 0.0873551 
0.00985728 -0.0178577 3.0388e-05 3.68176e-05 -0.0178577 0.0875319 3.36471e-05 -0.000272912 3.0388e-05 3.36471e-05 0.00949254 -0.017607 3.68176e-05 -0.000272912 -0.017607 0.0873077 
0.00988147 -0.0179676 3.62982e-05 1.0092e-05 -0.0179676 0.0879705 1.12456e-05 -0.000245036 3.62982e-05 1.12456e-05 0.00952417 -0.0176465 1.0092e-05 -0.000245036 -0.0176465 0.0875752 
0.00987839 -0.0180031 3.63924e-05 -3.0081e-06 -0.0180031 0.0882299 2.68674e-06 -0.000205813 3.63924e-05 2.68674e-06 0.00956689 -0.0176799 -3.0081e-06 -0.000205813 -0.0176799 0.0877474 
0.00966495 -0.017625 2.90218e-05 -6.75183e-06 -0.017625 0.0864966 -7.11962e-07 -0.000177823 2.90218e-05 -7.11962e-07 0.00940803 -0.017361 -6.75183e-06 -0.000177823 -0.017361 0.0860831 
0.009672 -0.0176242 2.60642e-05 3.30452e-06 -0.0176242 0.0865827 1.25664e-05 -0.000192509 2.60642e-05 1.25664e-05 0.009437 -0.0174255 3.30452e-06 -0.000192509 -0.0174255 0.0863134 
0.00969349 -0.0176296 2.81714e-05 6.54082e-06 -0.0176296 0.0866237 1.84102e-05 -0.000209666 2.81714e-05 1.84102e-05 0.00943875 -0.0174509 6.54082e-06 -0.000209666 -0.0174509 0.0864344 
0.00971979 -0.0176756 1.29799e-05 1.12068e-05 -0.0176756 0.0867802 1.70028e-05 -0.000225142 1.29799e-05 1.70028e-05 0.00945025 -0.0174649 1.12068e-05 -0.000225142 -0.0174649 0.0865558 
0.0097015 -0.0176684 1.42373e-05 3.37874e-05 -0.0176684 0.0867164 2.87857e-05 -0.000255535 1.42373e-05 2.87857e-05 0.00945901 -0.0174386 3.37874e-05 -0.000255535 -0.0174386 0.0864319 
0.00969081 -0.0176058 1.77866e-05 3.43823e-05 -0.0176058 0.0864414 2.77195e-05 -0.000273561 1.77866e-05 2.77195e-05 0.00942729 -0.0173975 3.43823e-05 -0.000273561 -0.0173975 0.0861504 
0.0097037 -0.0176095 2.34584e-05 2.26409e-05 -0.0176095 0.0863892 2.40214e-05 -0.00026224 2.34584e-05 2.40214e-05 0.00940684 -0.0173927 2.26409e-05 -0.00026224 -0.0173927 0.0861136 
0.0097315 -0.0176369 4.22772e-05 1.17357e-05 -0.0176369 0.0864428 1.91878e-05 -0.000243346 4.22772e-05 1.91878e-05 0.00937152 -0.0173765 1.17357e-05 -0.000243346 -0.0173765 0.0860962 
0.00994759 -0.0180627 5.26199e-05 -7.60393e-06 -0.0180627 0.0884207 -5.91875e-07 -0.000214507 5.26199e-05 -5.91875e-07 0.00956143 -0.0177012 -7.60393e-06 -0.000214507 -0.0177012 0.0878567 
0.00994291 -0.0180599 5.24491e-05 -1.97515e-05 -0.0180599 0.0884186 -1.65393e-05 -0.000173883 5.24491e-05 -1.65393e-05 0.00954667 -0.0176628 -1.97515e-05 -0.000173883 -0.0176628 0.0876855 
0.0096791 -0.0176965 4.50021e-05 -1.63108e-05 -0.0176965 0.0866668 -1.7302e-05 -0.000157471 4.50021e-05 -1.7302e-05 0.00941176 -0.0173147 -1.63108e-05 -0.000157471 -0.0173147 0.0859299 
0.00984863 -0.0179886 3.16503e-05 -3.66684e-06 -0.0179886 0.0883849 -6.25838e-06 -0.000181893 3.16503e-05 -6.25838e-06 0.00965556 -0.0177635 -3.66684e-06 -0.000181893 -0.0177635 0.0879074 
0.0098091 -0.0178779 2.44724e-05 1.15285e-05 -0.0178779 0.0879391 1.16817e-05 -0.000216654 2.44724e-05 1.16817e-05 0.00964635 -0.0177643 1.15285e-05 -0.000216654 -0.0177643 0.0877987 
0.00979208 -0.0178846 2.16016e-05 1.20841e-05 -0.0178846 0.0879274 1.72046e-05 -0.000231457 2.16016e-05 1.72046e-05 0.00966859 -0.0177934 1.20841e-05 -0.000231457 -0.0177934 0.0879369 
0.00978534 -0.0179003 2.38846e-05 1.94377e-05 -0.0179003 0.0880547 2.3509e-05 -0.000249084 2.38846e-05 2.3509e-05 0.00971435 -0.0178334 1.94377e-05 -0.000249084 -0.0178334 0.0881141 
0.00962756 -0.0175375 2.67652e-05 1.31566e-05 -0.0175375 0.0863603 1.80632e-05 -0.000238631 2.67652e-05 1.80632e-05 0.00950519 -0.0175377 1.31566e-05 -0.000238631 -0.0175377 0.0865401 
0.00962929 -0.0175332 2.48559e-05 8.94764e-07 -0.0175332 0.0862368 1.00773e-05 -0.000211002 2.48559e-05 1.00773e-05 0.00947275 -0.0174877 8.94764e-07 -0.000211002 -0.0174877 0.0864227 
0.00963107 -0.0175354 3.30467e-05 6.16343e-06 -0.0175354 0.0861982 1.31544e-05 -0.000207077 3.30467e-05 1.31544e-05 0.00944522 -0.0174483 6.16343e-06 -0.000207077 -0.0174483 0.0862974 
0.00980825 -0.017911 3.06374e-05 4.79605e-06 -0.017911 0.088026 4.07961e-06 -0.000210417 3.06374e-05 4.07961e-06 0.00965021 -0.0177921 4.79605e-06 -0.000210417 -0.0177921 0.0880536 
0.00974081 -0.0177786 2.52875e-05 1.01548e-05 -0.0177786 0.0874735 6.27755e-06 -0.000212765 2.52875e-05 6.27755e-06 0.00960649 -0.0176875 1.01548e-05 -0.000212765 -0.0176875 0.0875014 
0.00972744 -0.0177156 1.7843e-05 1.43489e-05 -0.0177156 0.087173 1.47468e-05 -0.000225631 1.7843e-05 1.47468e-05 0.00956851 -0.0176445 1.43489e-05 -0.000225631 -0.0176445 0.0872338 
0.00974042 -0.0177412 2.44893e-05 2.14749e-05 -0.0177412 0.0872003 2.76371e-05 -0.000247516 2.44893e-05 2.76371e-05 0.00955183 -0.0176261 2.14749e-05 -0.000247516 -0.0176261 0.087192 
0.00974169 -0.0178218 1.33909e-05 9.90687e-06 -0.0178218 0.0875361 1.69883e-05 -0.000237585 1.33909e-05 1.69883e-05 0.00958827 -0.0176466 9.90687e-06 -0.000237585 -0.0176466 0.0873555 
0.00975503 -0.0178713 5.51279e-06 2.22857e-05 -0.0178713 0.0879197 2.79454e-05 -0.00024443 5.51279e-06 2.79454e-05 0.00964658 -0.0177323 2.22857e-05 -0.00024443 -0.0177323 0.0877061 
0.00977912 -0.0178795 1.02208e-05 4.05157e-05 -0.0178795 0.0880935 4.11683e-05 -0.000282562 1.02208e-05 4.11683e-05 0.0096723 -0.0178143 4.05157e-05 -0.000282562 -0.0178143 0.0880227 
0.00960242 -0.0175054 1.96903e-05 3.52569e-05 -0.0175054 0.0862449 3.23882e-05 -0.000283827 1.96903e-05 3.23882e-05 0.00944481 -0.0174549 3.52569e-05 -0.000283827 -0.0174549 0.086279 
0.00983043 -0.0178804 3.15012e-05 2.00182e-05 -0.0178804 0.0879772 1.76442e-05 -0.000258289 3.15012e-05 1.76442e-05 0.0095954 -0.0177568 2.00182e-05 -0.000258289 -0.0177568 0.0879292 
0.00979547 -0.0178445 4.08884e-05 -6.72774e-07 -0.0178445 0.0876728 -2.43171e-06 -0.000202918 4.08884e-05 -2.43171e-06 0.00956167 -0.0176377 -6.72774e-07 -0.000202918 -0.0176377 0.0874555 
0.00973452 -0.0177752 4.11257e-05 -9.43291e-06 -0.0177752 0.0873198 -9.32992e-06 -0.000169847 4.11257e-05 -9.32992e-06 0.00953794 -0.0175523 -9.43291e-06 -0.000169847 -0.0175523 0.0869775 
0.00968912 -0.0177362 3.86606e-05 -1.12022e-05 -0.0177362 0.0871905 -8.46581e-06 -0.000157943 3.86606e-05 -8.46581e-06 0.00953906 -0.0175433 -1.12022e-05 -0.000157943 -0.0175433 0.086835 
0.00966696 -0.0176793 3.14238e-05 -1.27652e-05 -0.0176793 0.0870433 -9.05809e-06 -0.000148351 3.14238e-05 -9.05809e-06 0.00952619 -0.0175562 -1.27652e-05 -0.000148351 -0.0175562 0.0868175 
0.00962949 -0.0176223 2.12431e-05 -6.05791e-06 -0.0176223 0.0867946 -1.19837e-06 -0.00015228 2.12431e-05 -1.19837e-06 0.00951644 -0.0175206 -6.05791e-06 -0.00015228 -0.0175206 0.0866752 
0.00961858 -0.0175972 2.70887e-05 5.18231e-06 -0.0175972 0.0867217 7.05472e-06 -0.000167618 2.70887e-05 7.05472e-06 0.00952626 -0.0175344 5.18231e-06 -0.000167618 -0.0175344 0.0867048 
0.0095819 -0.0175843 3.20046e-05 5.90502e-06 -0.0175843 0.0866531 5.58848e-06 -0.000181762 3.20046e-05 5.58848e-06 0.00955943 -0.0175288 5.90502e-06 -0.000181762 -0.0175288 0.086666 
0.00955075 -0.0175666 3.6292e-05 -2.77991e-07 -0.0175666 0.0866825 1.53684e-06 -0.000177511 3.6292e-05 1.53684e-06 0.00961525 -0.0175907 -2.77991e-07 -0.000177511 -0.0175907 0.0868175 
0.00959951 -0.0175528 4.22988e-05 -4.92274e-06 -0.0175528 0.0867545 -1.07899e-06 -0.000171298 4.22988e-05 -1.07899e-06 0.00961642 -0.0176863 -4.92274e-06 -0.000171298 -0.0176863 0.0871218 
0.00969456 -0.01762 4.49798e-05 -1.63101e-05 -0.01762 0.0869323 -1.13435e-05 -0.000148885 4.49798e-05 -1.13435e-05 0.0095684 -0.0177122 -1.63101e-05 -0.000148885 -0.0177122 0.0873614 
0.00974986 -0.0177509 3.44089e-05 -2.02169e-05 -0.0177509 0.0872749 -1.75423e-05 -0.000129044 3.44089e-05 -1.75423e-05 0.00954055 -0.0176625 -2.02169e-05 -0.000129044 -0.0176625 0.0874156 
0.00973882 -0.0177799 2.28239e-05 3.60375e-07 -0.0177799 0.0873394 -2.703e-06 -0.000154264 2.28239e-05 -2.703e-06 0.00949902 -0.0175716 3.60375e-07 -0.000154264 -0.0175716 0.0871224 
0.0097181 -0.0177504 2.54233e-05 2.07577e-05 -0.0177504 0.0872684 1.40102e-05 -0.00020363 2.54233e-05 1.40102e-05 0.00948035 -0.0175166 2.07577e-05 -0.00020363 -0.0175166 0.0868916 
0.00965332 -0.0177048 2.92016e-05 1.75614e-05 -0.0177048 0.087102 1.02915e-05 -0.000218655 2.92016e-05 1.02915e-05 0.00952048 -0.0174845 1.75614e-05 -0.000218655 -0.0174845 0.0867151 
0.00961713 -0.0176419 1.81562e-05 4.25059e-06 -0.0176419 0.0869867 1.0361e-06 -0.000195431 1.81562e-05 1.0361e-06 0.00955424 -0.0175536 4.25059e-06 -0.000195431 -0.0175536 0.0868171 
0.00957032 -0.0175641 1.06605e-05 8.64425e-06 -0.0175641 0.0866931 5.7521e-06 -0.000179103 1.06605e-05 5.7521e-06 0.00955613 -0.0175576 8.64425e-06 -0.000179103 -0.0175576 0.0867575 
0.00954274 -0.0174868 2.04989e-05 1.87966e-05 -0.0174868 0.0863698 2.05746e-05 -0.000197376 2.04989e-05 2.05746e-05 0.00953366 -0.017531 1.87966e-05 -0.000197376 -0.017531 0.0865916 
0.00956114 -0.0175123 2.34889e-05 9.63744e-06 -0.0175123 0.0864666 1.89752e-05 -0.000205773 2.34889e-05 1.89752e-05 0.00954323 -0.0175592 9.63744e-06 -0.000205773 -0.0175592 0.0867405 
0.0095751 -0.017504 3.35371e-05 5.05462e-06 -0.017504 0.0863921 1.71221e-05 -0.000200179 3.35371e-05 1.71221e-05 0.00951673 -0.0175313 5.05462e-06 -0.000200179 -0.0175313 0.086632 
0.00954776 -0.017519 2.52399e-05 -7.102e-06 -0.017519 0.0863901 1.54792e-06 -0.000176006 2.52399e-05 1.54792e-06 0.0095342 -0.0175094 -7.102e-06 -0.000176006 -0.0175094 0.0865679 
0.00955782 -0.0175156 1.41878e-05 2.58524e-06 -0.0175156 0.0864644 3.68253e-06 -0.000168549 1.41878e-05 3.68253e-06 0.0095299 -0.0175425 2.58524e-06 -0.000168549 -0.0175425 0.086646 
0.00958594 -0.0175305 1.23321e-05 1.438e-05 -0.0175305 0.0865186 1.43804e-05 -0.000182516 1.23321e-05 1.43804e-05 0.00950588 -0.0175365 1.438e-05 -0.000182516 -0.0175365 0.0866789 
0.00956542 -0.0175113 1.35395e-05 2.33944e-05 -0.0175113 0.0863421 2.30251e-05 -0.000212335 1.35395e-05 2.30251e-05 0.00947418 -0.0174566 2.33944e-05 -0.000212335 -0.0174566 0.0863919 
0.00956236 -0.0175154 1.03144e-05 2.31116e-05 -0.0175154 0.0863448 2.37151e-05 -0.000226532 1.03144e-05 2.37151e-05 0.00945341 -0.0174215 2.31116e-05 -0.000226532 -0.0174215 0.0862464 
0.00953863 -0.0175213 1.37207e-05 2.58232e-05 -0.0175213 0.0863809 2.81286e-05 -0.000234066 1.37207e-05 2.81286e-05 0.00946263 -0.0174034 2.58232e-05 -0.000234066 -0.0174034 0.0861837 
0.00952607 -0.0174628 1.05513e-05 1.88165e-05 -0.0174628 0.0862268 2.25365e-05 -0.000224365 1.05513e-05 2.25365e-05 0.00944941 -0.0174038 1.88165e-05 -0.000224365 -0.0174038 0.0861048 
0.00973046 -0.0178323 7.02901e-06 2.21486e-05 -0.0178323 0.08805 2.19033e-05 -0.000220705 7.02901e-06 2.19033e-05 0.00965377 -0.0177893 2.21486e-05 -0.000220705 -0.0177893 0.0880215 
0.00975037 -0.0178205 6.97656e-06 3.17167e-05 -0.0178205 0.0879686 2.8005e-05 -0.000233796 6.97656e-06 2.8005e-05 0.00960843 -0.0177627 3.17167e-05 -0.000233796 -0.0177627 0.0879319 
0.00970121 -0.0177658 8.16827e-06 3.33243e-05 -0.0177658 0.0875679 2.89365e-05 -0.000241057 8.16827e-06 2.89365e-05 0.00955398 -0.0176152 3.33243e-05 -0.000241057 -0.0176152 0.0873624 
0.00968456 -0.0177362 9.85387e-06 3.08338e-05 -0.0177362 0.0874271 2.51932e-05 -0.000236406 9.85387e-06 2.51932e-05 0.00953262 -0.0175601 3.08338e-05 -0.000236406 -0.0175601 0.0870713 
0.00964782 -0.0177209 1.50742e-05 2.05617e-05 -0.0177209 0.0873467 1.846e-05 -0.00021199 1.50742e-05 1.846e-05 0.00953738 -0.0175383 2.05617e-05 -0.00021199 -0.0175383 0.0869285 
0.00962472 -0.0177073 2.74438e-05 8.19595e-06 -0.0177073 0.08739 1.47963e-05 -0.000186106 2.74438e-05 1.47963e-05 0.00956338 -0.0175754 8.19595e-06 -0.000186106 -0.0175754 0.0870258 
0.00962548 -0.0176541 4.7981e-05 -1.25381e-05 -0.0176541 0.0872484 -2.59482e-07 -0.000142403 4.7981e-05 -2.59482e-07 0.00955565 -0.0175932 -1.25381e-05 -0.000142403 -0.0175932 0.0870386 
0.00961185 -0.0176692 4.71335e-05 -3.61776e-05 -0.0176692 0.0872631 -2.39641e-05 -8.8289e-05 4.71335e-05 -2.39641e-05 0.00957524 -0.0176061 -3.61776e-05 -8.8289e-05 -0.0176061 0.0871318 
0.00960797 -0.0176676 3.00065e-05 -3.03457e-05 -0.0176676 0.0873136 -2.48169e-05 -6.8689e-05 3.00065e-05 -2.48169e-05 0.0095958 -0.0176325 -3.03457e-05 -6.8689e-05 -0.0176325 0.0872272 
0.00961388 -0.017688 3.05772e-05 -7.8068e-06 -0.017688 0.0874488 -1.30812e-05 -8.67713e-05 3.05772e-05 -1.30812e-05 0.00963952 -0.0176788 -7.8068e-06 -8.67713e-05 -0.0176788 0.0874146 
0.00964121 -0.0177078 3.2632e-05 2.81676e-06 -0.0177078 0.0875833 -5.84883e-06 -0.000125108 3.2632e-05 -5.84883e-06 0.00966277 -0.0177444 2.81676e-06 -0.000125108 -0.0177444 0.0876416 
0.0097147 -0.0177641 3.05442e-05 -5.86494e-06 -0.0177641 0.0878382 -1.1569e-05 -0.000124043 3.05442e-05 -1.1569e-05 0.00964546 -0.0178241 -5.86494e-06 -0.000124043 -0.0178241 0.088013 
0.00972158 -0.0178139 3.29513e-05 -1.31567e-06 -0.0178139 0.0879023 -3.50928e-06 -0.000134498 3.29513e-05 -3.50928e-06 0.00963401 -0.0177663 -1.31567e-06 -0.000134498 -0.0177663 0.0879613 
0.00970188 -0.017811 3.18345e-05 -2.86491e-06 -0.017811 0.0878924 -7.03752e-06 -0.00013791 3.18345e-05 -7.03752e-06 0.00964049 -0.0177369 -2.86491e-06 -0.00013791 -0.0177369 0.0878371 
0.00969541 -0.0177921 2.8593e-05 -2.30731e-06 -0.0177921 0.0878673 -7.89625e-06 -0.000136764 2.8593e-05 -7.89625e-06 0.00964317 -0.0177459 -2.30731e-06 -0.000136764 -0.0177459 0.0878159 
0.00971276 -0.017785 3.42001e-05 2.54671e-06 -0.017785 0.0878406 -2.29022e-06 -0.000146044 3.42001e-05 -2.29022e-06 0.0096257 -0.0177507 2.54671e-06 -0.000146044 -0.0177507 0.0878265 
0.00970814 -0.0177879 2.03944e-05 -2.76106e-06 -0.0177879 0.0877937 -2.74292e-06 -0.000151744 2.03944e-05 -2.74292e-06 0.00960979 -0.01773 -2.76106e-06 -0.000151744 -0.01773 0.087784 
0.00971342 -0.0177873 6.71044e-06 4.34586e-06 -0.0177873 0.0877874 8.99996e-06 -0.000156307 6.71044e-06 8.99996e-06 0.00959185 -0.0177103 4.34586e-06 -0.000156307 -0.0177103 0.087734 
0.00973095 -0.0178033 -4.79635e-06 2.4025e-05 -0.0178033 0.0878439 2.87467e-05 -0.000195042 -4.79635e-06 2.87467e-05 0.00957483 -0.0176998 2.4025e-05 -0.000195042 -0.0176998 0.0877395 
0.00971002 -0.0177531 -1.22319e-05 4.45781e-05 -0.0177531 0.0875532 4.61771e-05 -0.000247944 -1.22319e-05 4.61771e-05 0.00952954 -0.0176113 4.45781e-05 -0.000247944 -0.0176113 0.087376 
0.00972521 -0.0177853 -6.41086e-06 5.76421e-05 -0.0177853 0.0876809 5.15889e-05 -0.000282793 -6.41086e-06 5.15889e-05 0.00953454 -0.0176254 5.76421e-05 -0.000282793 -0.0176254 0.0874591 
0.0097412 -0.0178098 1.05687e-05 5.17913e-05 -0.0178098 0.0877899 3.92151e-05 -0.000279562 1.05687e-05 3.92151e-05 0.00953471 -0.0176333 5.17913e-05 -0.000279562 -0.0176333 0.0875222 
0.00971132 -0.017817 2.32102e-05 2.81144e-05 -0.017817 0.0877974 1.49329e-05 -0.000231921 2.32102e-05 1.49329e-05 0.00955858 -0.0176128 2.81144e-05 -0.000231921 -0.0176128 0.0874597 
0.00969596 -0.0177982 4.16502e-05 9.29401e-06 -0.0177982 0.0878348 -1.2947e-06 -0.000179275 4.16502e-05 -1.2947e-06 0.00959549 -0.0176632 9.29401e-06 -0.000179275 -0.0176632 0.0875807 
0.00968349 -0.0177474 3.40187e-05 -1.68148e-05 -0.0177474 0.0876695 -2.356e-05 -0.000118805 3.40187e-05 -2.356e-05 0.00959537 -0.0176854 -1.68148e-05 -0.000118805 -0.0176854 0.0875884 
0.00965842 -0.0177308 2.36176e-05 -1.46806e-05 -0.0177308 0.087578 -1.76586e-05 -9.09405e-05 2.36176e-05 -1.76586e-05 0.00962012 -0.0176945 -1.46806e-05 -9.09405e-05 -0.0176945 0.0876213 
0.00962988 -0.0176908 2.61255e-05 1.77143e-06 -0.0176908 0.0874455 2.33552e-08 -0.000115711 2.61255e-05 2.33552e-08 0.00963799 -0.0177143 1.77143e-06 -0.000115711 -0.0177143 0.0876244 
0.00963861 -0.0176475 1.6737e-05 2.3284e-06 -0.0176475 0.0872888 1.56813e-06 -0.00013814 1.6737e-05 1.56813e-06 0.00962274 -0.0177295 2.3284e-06 -0.00013814 -0.0177295 0.0876226 
0.00967242 -0.0177346 1.37254e-06 1.4083e-05 -0.0177346 0.0876123 1.40956e-05 -0.000163823 1.37254e-06 1.40956e-05 0.00965556 -0.0177896 1.4083e-05 -0.000163823 -0.0177896 0.0879742 
0.00970247 -0.0177576 7.20843e-06 3.36625e-05 -0.0177576 0.0877434 3.88699e-05 -0.000214528 7.20843e-06 3.88699e-05 0.00965653 -0.0178155 3.36625e-05 -0.000214528 -0.0178155 0.0881082 
0.00972669 -0.0178053 1.39908e-05 2.18428e-05 -0.0178053 0.0879108 3.17111e-05 -0.000222754 1.39908e-05 3.17111e-05 0.00966533 -0.017826 2.18428e-05 -0.000222754 -0.017826 0.0882213 
0.00957976 -0.0174779 2.20014e-05 1.02214e-05 -0.0174779 0.0862795 2.1463e-05 -0.000197407 2.20014e-05 2.1463e-05 0.00944106 -0.017486 1.02214e-05 -0.000197407 -0.017486 0.0865445 
0.00962519 -0.0175288 3.04408e-05 4.66992e-06 -0.0175288 0.0863811 8.08277e-06 -0.000173807 3.04408e-05 8.08277e-06 0.00940717 -0.0174328 4.66992e-06 -0.000173807 -0.0174328 0.0864618 
0.0096211 -0.0175486 4.36436e-05 -2.10255e-06 -0.0175486 0.0863284 -9.31086e-06 -0.000143017 4.36436e-05 -9.31086e-06 0.00937888 -0.0173418 -2.10255e-06 -0.000143017 -0.0173418 0.0861268 
0.00959833 -0.017568 5.50305e-05 -1.37952e-05 -0.017568 0.0864004 -2.54424e-05 -0.000112709 5.50305e-05 -2.54424e-05 0.0094009 -0.0173206 -1.37952e-05 -0.000112709 -0.0173206 0.0860003 
0.00979479 -0.0179092 5.69057e-05 -2.64375e-05 -0.0179092 0.0882028 -3.77849e-05 -8.74806e-05 5.69057e-05 -3.77849e-05 0.00960198 -0.0177183 -2.64375e-05 -8.74806e-05 -0.0177183 0.0878239 
0.009816 -0.0178792 5.97916e-05 -2.47009e-05 -0.0178792 0.0880523 -3.35039e-05 -8.46611e-05 5.97916e-05 -3.35039e-05 0.00956111 -0.0176949 -2.47009e-05 -8.46611e-05 -0.0176949 0.0877109 
0.00982432 -0.0179421 4.16718e-05 -3.21002e-05 -0.0179421 0.0882118 -3.459e-05 -7.96623e-05 4.16718e-05 -3.459e-05 0.00958704 -0.0176891 -3.21002e-05 -7.96623e-05 -0.0176891 0.0877857 
0.0098202 -0.0179502 1.68882e-05 -1.22801e-05 -0.0179502 0.0882761 -7.42021e-06 -0.000115196 1.68882e-05 -7.42021e-06 0.00961052 -0.0177042 -1.22801e-05 -0.000115196 -0.0177042 0.0877908 
0.00981194 -0.0179302 8.71575e-06 1.77017e-05 -0.0179302 0.088228 2.75021e-05 -0.000188252 8.71575e-06 2.75021e-05 0.00963133 -0.0177367 1.77017e-05 -0.000188252 -0.0177367 0.0878417 
0.00967281 -0.0176597 1.14079e-05 2.65219e-05 -0.0176597 0.0869091 3.6771e-05 -0.000232953 1.14079e-05 3.6771e-05 0.00947932 -0.0175101 2.65219e-05 -0.000232953 -0.0175101 0.0866483 
0.00970536 -0.0177583 1.3356e-05 2.81564e-05 -0.0177583 0.087365 3.54225e-05 -0.000254803 1.3356e-05 3.54225e-05 0.00954023 -0.0175892 2.81564e-05 -0.000254803 -0.0175892 0.0871226 
0.00973332 -0.0177643 2.2254e-05 2.56692e-05 -0.0177643 0.0874829 3.14573e-05 -0.000255247 2.2254e-05 3.14573e-05 0.00954795 -0.0176376 2.56692e-05 -0.000255247 -0.0176376 0.0873141 
0.00974647 -0.0178201 2.86641e-05 1.27805e-05 -0.0178201 0.0877112 1.86026e-05 -0.000232945 2.86641e-05 1.86026e-05 0.00959265 -0.0176817 1.27805e-05 -0.000232945 -0.0176817 0.0875838 
0.00975489 -0.0178198 2.66702e-05 5.47009e-06 -0.0178198 0.0877804 1.08578e-05 -0.000211385 2.66702e-05 1.08578e-05 0.00960772 -0.0177275 5.47009e-06 -0.000211385 -0.0177275 0.0877371 
0.00976299 -0.0177842 3.66989e-05 5.41666e-06 -0.0177842 0.0875999 7.83058e-06 -0.000195827 3.66989e-05 7.83058e-06 0.00957752 -0.017698 5.41666e-06 -0.000195827 -0.017698 0.0876092 
0.00978593 -0.0178173 5.42753e-05 1.00021e-06 -0.0178173 0.0876447 9.0485e-07 -0.000191161 5.42753e-05 9.0485e-07 0.00956657 -0.0176772 1.00021e-06 -0.000191161 -0.0176772 0.0875803 
0.00972095 -0.0177673 6.17579e-05 -1.93633e-05 -0.0177673 0.0873313 -2.30863e-05 -0.000153073 6.17579e-05 -2.30863e-05 0.00957026 -0.0175904 -1.93633e-05 -0.000153073 -0.0175904 0.0871741 
0.00973466 -0.0177502 5.32467e-05 -3.32546e-05 -0.0177502 0.0873708 -4.20928e-05 -0.000102789 5.32467e-05 -4.20928e-05 0.00956229 -0.0176609 -3.32546e-05 -0.000102789 -0.0176609 0.0873169 
0.00976946 -0.0177842 4.72439e-05 -1.82228e-05 -0.0177842 0.087474 -3.04193e-05 -0.00010512 4.72439e-05 -3.04193e-05 0.00953307 -0.0176563 -1.82228e-05 -0.00010512 -0.0176563 0.0874097 
0.00976097 -0.0178564 4.13808e-05 -1.13913e-05 -0.0178564 0.087742 -2.18329e-05 -0.000123759 4.13808e-05 -2.18329e-05 0.00956825 -0.017649 -1.13913e-05 -0.000123759 -0.017649 0.0875315 
0.00979199 -0.0178294 4.05215e-05 -1.77857e-06 -0.0178294 0.0877716 -6.62233e-06 -0.000158745 4.05215e-05 -6.62233e-06 0.00953502 -0.0176739 -1.77857e-06 -0.000158745 -0.0176739 0.087566 
0.00976245 -0.0177623 3.08679e-05 -4.41084e-06 -0.0177623 0.0873355 -5.54988e-06 -0.000166841 3.08679e-05 -5.54988e-06 0.00947721 -0.0175445 -4.41084e-06 -0.000166841 -0.0175445 0.0870837 
0.00966912 -0.0176644 3.02001e-05 2.12235e-06 -0.0176644 0.0867847 8.11799e-07 -0.000170865 3.02001e-05 8.11799e-07 0.00944941 -0.0174091 2.12235e-06 -0.000170865 -0.0174091 0.0864346 
0.00960312 -0.0175555 2.99284e-05 9.18878e-07 -0.0175555 0.0863607 2.18017e-06 -0.000172284 2.99284e-05 2.18017e-06 0.00942185 -0.017362 9.18878e-07 -0.000172284 -0.017362 0.0860418 
0.00960933 -0.0175719 2.35384e-05 -2.31841e-06 -0.0175719 0.0864936 6.61772e-06 -0.000173377 2.35384e-05 6.61772e-06 0.00944805 -0.0174191 -2.31841e-06 -0.000173377 -0.0174191 0.0862641 
