0.00698847 0 -0.000141078 0 0 0.00977285 0 0 -0.000141078 0 0.00681062 0 0 0 0 0.00977285 
0.00986986 -0.0122492 -0.000155269 0.000184259 -0.0122492 0.0324546 0.000184259 -0.000353755 -0.000155269 0.000184259 0.00967978 -0.0120171 0.000184259 -0.000353755 -0.0120171 0.0320096 
0.0098097 -0.0182377 -0.000133899 6.72239e-05 -0.0182377 0.0671769 6.72239e-05 -0.000163849 -0.000133899 6.72239e-05 0.00966813 -0.0180536 6.72239e-05 -0.000163849 -0.0180536 0.0666167 
0.00950145 -0.0181849 -0.000202173 -1.2778e-05 -0.0181849 0.0814126 -2.04931e-05 0.000496475 -0.000202173 -2.04931e-05 0.00930648 -0.0181817 -1.2778e-05 0.000496475 -0.0181817 0.0817063 
0.00947575 -0.0176252 -0.000265039 0.000112413 -0.0176252 0.0845539 0.000106264 0.000460518 -0.000265039 0.000106264 0.00927752 -0.0175343 0.000112413 0.000460518 -0.0175343 0.0851411 
0.00948709 -0.0173322 -0.000278755 0.000230336 -0.0173322 0.0846541 0.00023051 3.86881e-05 -0.000278755 0.00023051 0.0092565 -0.0171845 0.000230336 3.86881e-05 -0.0171845 0.0849853 
0.00973312 -0.0176915 -0.000276105 0.000266384 -0.0176915 0.0866887 0.000273623 -0.00026605 -0.000276105 0.000273623 0.00945355 -0.0174982 0.000266384 -0.00026605 -0.0174982 0.0867569 
0.0097022 -0.0176776 -0.000237061 0.000248048 -0.0176776 0.0866671 0.000256092 -0.000358048 -0.000237061 0.000256092 0.0094359 -0.0174142 0.000248048 -0.000358048 -0.0174142 0.0864626 
0.00968995 -0.0177034 -0.00020034 0.000194623 -0.0177034 0.0869466 0.000199146 -0.000291314 -0.00020034 0.000199146 0.0094924 -0.0174642 0.000194623 -0.000291314 -0.0174642 0.0866685 
0.00975049 -0.0178217 -0.000180622 0.000144041 -0.0178217 0.0876943 0.000146995 -0.000163849 -0.000180622 0.000146995 0.00963078 -0.0176693 0.000144041 -0.000163849 -0.0176693 0.0875402 
0.00967648 -0.0176038 -0.00015156 0.000111482 -0.0176038 0.0867191 0.000111885 -4.94273e-05 -0.00015156 0.000111885 0.00953202 -0.0175702 0.000111482 -4.94273e-05 -0.0175702 0.0868423 
0.0096472 -0.0175374 -0.000141383 8.40306e-05 -0.0175374 0.0862339 8.26838e-05 2.96668e-05 -0.000141383 8.26838e-05 0.00946946 -0.0174704 8.40306e-05 2.96668e-05 -0.0174704 0.0864307 
0.00982693 -0.017907 -0.000160473 7.97458e-05 -0.017907 0.0879319 7.61154e-05 6.84841e-05 -0.000160473 7.61154e-05 0.0096679 -0.017782 7.97458e-05 6.84841e-05 -0.017782 0.0880324 
0.00978897 -0.0178854 -0.000159949 0.00010202 -0.0178854 0.087858 9.67361e-05 4.42394e-05 -0.000159949 9.67361e-05 0.00967388 -0.0177848 0.00010202 4.42394e-05 -0.0177848 0.0879374 
0.00977061 -0.0179 -0.000159944 0.000107956 -0.0179 0.0880386 0.000102285 1.08136e-05 -0.000159944 0.000102285 0.00971837 -0.017856 0.000107956 1.08136e-05 -0.017856 0.0882105 
0.00977086 -0.0178586 -0.000150261 0.000112356 -0.0178586 0.0879961 0.000108818 -1.85237e-05 -0.000150261 0.000108818 0.00972212 -0.0178987 0.000112356 -1.85237e-05 -0.0178987 0.0883465 
0.00957564 -0.0174652 -0.00013799 9.17198e-05 -0.0174652 0.0860512 9.35545e-05 6.07064e-07 -0.00013799 9.35545e-05 0.0095033 -0.0175236 9.17198e-05 6.07064e-07 -0.0175236 0.0865208 
0.0097939 -0.0178431 -0.000134642 8.04866e-05 -0.0178431 0.0878287 8.22039e-05 3.52872e-05 -0.000134642 8.22039e-05 0.00969718 -0.0178692 8.04866e-05 3.52872e-05 -0.0178692 0.0882979 
0.00983668 -0.0178997 -0.000140461 7.37476e-05 -0.0178997 0.0880305 7.39841e-05 6.15139e-05 -0.000140461 7.39841e-05 0.00971595 -0.0179005 7.37476e-05 6.15139e-05 -0.0179005 0.0884487 
0.00983096 -0.0179151 -0.000149965 7.64448e-05 -0.0179151 0.088014 7.2037e-05 7.85227e-05 -0.000149965 7.2037e-05 0.00972084 -0.0178855 7.64448e-05 7.85227e-05 -0.0178855 0.0883627 
0.00963032 -0.0175458 -0.000172346 8.59853e-05 -0.0175458 0.0861956 7.84311e-05 6.9092e-05 -0.000172346 7.84311e-05 0.00950264 -0.0175157 8.59853e-05 6.9092e-05 -0.0175157 0.0864883 
0.00964019 -0.0175656 -0.000185383 0.000118563 -0.0175656 0.0862807 0.000112997 9.27638e-06 -0.000185383 0.000112997 0.00949184 -0.0175184 0.000118563 9.27638e-06 -0.0175184 0.086545 
0.009661 -0.0175926 -0.000185295 0.000135126 -0.0175926 0.0864071 0.000136638 -5.65611e-05 -0.000185295 0.000136638 0.00949168 -0.0175177 0.000135126 -5.65611e-05 -0.0175177 0.0866155 
0.00967791 -0.0176399 -0.00018462 0.000132175 -0.0176399 0.086608 0.00013916 -8.1046e-05 -0.00018462 0.00013916 0.00950118 -0.017534 0.000132175 -8.1046e-05 -0.017534 0.0867399 
0.00968277 -0.0176208 -0.000175622 0.000135562 -0.0176208 0.0865435 0.000142841 -9.93136e-05 -0.000175622 0.000142841 0.00948239 -0.0175093 0.000135562 -9.93136e-05 -0.0175093 0.0866372 
0.00968782 -0.0176855 -0.000167974 0.000124087 -0.0176855 0.0867889 0.000131994 -9.10626e-05 -0.000167974 0.000131994 0.00952412 -0.0175233 0.000124087 -9.10626e-05 -0.0175233 0.086768 
0.00966371 -0.0176837 -0.000171614 0.000108112 -0.0176837 0.0868633 0.000111815 -4.53591e-05 -0.000171614 0.000111815 0.00956602 -0.0175542 0.000108112 -4.53591e-05 -0.0175542 0.0868207 
0.0096962 -0.0177015 -0.000178001 0.000116278 -0.0177015 0.0870997 0.000116549 -3.57934e-05 -0.000178001 0.000116549 0.00961891 -0.0176731 0.000116278 -3.57934e-05 -0.0176731 0.0872415 
0.00971496 -0.0177205 -0.000196003 0.000120697 -0.0177205 0.0871823 0.000121117 -3.86519e-05 -0.000196003 0.000121117 0.00963545 -0.0177344 0.000120697 -3.86519e-05 -0.0177344 0.0875059 
0.00977187 -0.0178095 -0.000218659 0.000139453 -0.0178095 0.0875952 0.000140987 -6.53926e-05 -0.000218659 0.000140987 0.00967279 -0.0178292 0.000139453 -6.53926e-05 -0.0178292 0.0880054 
0.00979421 -0.0178295 -0.000225285 0.000168477 -0.0178295 0.0876538 0.00017299 -0.000129313 -0.000225285 0.00017299 0.00967915 -0.0178235 0.000168477 -0.000129313 -0.0178235 0.0880477 
0.00978614 -0.0178412 -0.000233968 0.00017061 -0.0178412 0.0876467 0.000178656 -0.000158101 -0.000233968 0.000178656 0.00967792 -0.017812 0.00017061 -0.000158101 -0.017812 0.0879937 
0.0097576 -0.0177753 -0.000242283 0.000178315 -0.0177753 0.0873626 0.000183275 -0.000170516 -0.000242283 0.000183275 0.00964945 -0.0177632 0.000178315 -0.000170516 -0.0177632 0.0877259 
0.00971969 -0.0177123 -0.000241174 0.0001887 -0.0177123 0.0870423 0.000186823 -0.00018245 -0.000241174 0.000186823 0.00962142 -0.017706 0.0001887 -0.00018245 -0.017706 0.0874372 
0.00968968 -0.0176337 -0.000229844 0.000195144 -0.0176337 0.0866703 0.000189676 -0.000202381 -0.000229844 0.000189676 0.00958178 -0.0176458 0.000195144 -0.000202381 -0.0176458 0.0871125 
0.00967786 -0.0176726 -0.000189445 0.000182207 -0.0176726 0.0868106 0.000173354 -0.000184243 -0.000189445 0.000173354 0.00960715 -0.0176728 0.000182207 -0.000184243 -0.0176728 0.0872587 
0.00965249 -0.0175882 -0.000173486 0.000137718 -0.0175882 0.0865028 0.000126919 -0.000107907 -0.000173486 0.000126919 0.00957331 -0.0176289 0.000137718 -0.000107907 -0.0176289 0.0870023 
0.00964492 -0.0175406 -0.000168918 0.000111599 -0.0175406 0.0862255 0.000101224 -2.20798e-05 -0.000168918 0.000101224 0.00952392 -0.0175678 0.000111599 -2.20798e-05 -0.0175678 0.0867281 
0.00967185 -0.0176202 -0.000162036 0.000109984 -0.0176202 0.0865096 0.000101874 5.0342e-06 -0.000162036 0.000101874 0.00953529 -0.01758 0.000109984 5.0342e-06 -0.01758 0.086881 
0.00964231 -0.0176192 -0.000134734 0.000105016 -0.0176192 0.0865019 0.000100695 7.5782e-06 -0.000134734 0.000100695 0.009544 -0.0175383 0.000105016 7.5782e-06 -0.0175383 0.0867171 
0.00965989 -0.0176479 -0.000141239 7.39392e-05 -0.0176479 0.086745 7.22032e-05 5.0495e-05 -0.000141239 7.22032e-05 0.00957803 -0.0176055 7.39392e-05 5.0495e-05 -0.0176055 0.0869476 
0.00967587 -0.0176364 -0.000142487 7.71625e-05 -0.0176364 0.0867366 7.88908e-05 6.8568e-05 -0.000142487 7.88908e-05 0.00958219 -0.0176304 7.71625e-05 6.8568e-05 -0.0176304 0.0870233 
0.00971236 -0.0176599 -0.000186385 8.27375e-05 -0.0176599 0.0868083 8.79265e-05 4.96306e-05 -0.000186385 8.79265e-05 0.00956643 -0.0176627 8.27375e-05 4.96306e-05 -0.0176627 0.0871783 
0.00975733 -0.0177156 -0.000206072 0.000136577 -0.0177156 0.0869619 0.000143913 -4.63795e-05 -0.000206072 0.000143913 0.00955253 -0.017651 0.000136577 -4.63795e-05 -0.017651 0.0872555 
0.00970692 -0.0177016 -0.000190711 0.000159722 -0.0177016 0.0867746 0.00016989 -0.000137832 -0.000190711 0.00016989 0.00954509 -0.0175571 0.000159722 -0.000137832 -0.0175571 0.0868903 
0.00964353 -0.0176553 -0.000177379 0.000135642 -0.0176553 0.0866635 0.000150435 -0.000131424 -0.000177379 0.000150435 0.00954666 -0.0175568 0.000135642 -0.000131424 -0.0175568 0.0867641 
0.00961454 -0.0175719 -0.000178826 0.000118703 -0.0175719 0.0864614 0.000135436 -9.41505e-05 -0.000178826 0.000135436 0.00953221 -0.0175617 0.000118703 -9.41505e-05 -0.0175617 0.0867267 
0.00960792 -0.0175436 -0.000184906 0.000120471 -0.0175436 0.08637 0.00013082 -7.15953e-05 -0.000184906 0.00013082 0.00953313 -0.0175709 0.000120471 -7.15953e-05 -0.0175709 0.0868 
0.00961446 -0.0175082 -0.000188811 0.000131698 -0.0175082 0.0861952 0.000134295 -7.70153e-05 -0.000188811 0.000134295 0.00949196 -0.0175438 0.000131698 -7.70153e-05 -0.0175438 0.0866942 
0.00983102 -0.0178909 -0.000195951 0.000149898 -0.0178909 0.0879567 0.000147722 -0.000113346 -0.000195951 0.000147722 0.00966267 -0.0178441 0.000149898 -0.000113346 -0.0178441 0.0883307 
0.00980462 -0.0178606 -0.000178329 0.000160504 -0.0178606 0.0877215 0.000156353 -0.000151559 -0.000178329 0.000156353 0.00962689 -0.0177487 0.000160504 -0.000151559 -0.0177487 0.0879016 
0.0097728 -0.0178299 -0.00016616 0.000142739 -0.0178299 0.0875643 0.000138882 -0.000146695 -0.00016616 0.000138882 0.00961834 -0.017703 0.000142739 -0.000146695 -0.017703 0.0876306 
0.00976355 -0.017832 -0.000154218 0.000126669 -0.017832 0.0876248 0.000121108 -0.000110834 -0.000154218 0.000121108 0.00961343 -0.0177337 0.000126669 -0.000110834 -0.0177337 0.0876969 
0.0097603 -0.0177908 -0.000166164 0.000116224 -0.0177908 0.0874756 0.000107155 -7.9556e-05 -0.000166164 0.000107155 0.00957763 -0.017694 0.000116224 -7.9556e-05 -0.017694 0.087557 
0.009773 -0.0178563 -0.000185935 0.000130721 -0.0178563 0.0877344 0.000120889 -8.78287e-05 -0.000185935 0.000120889 0.00959781 -0.0177093 0.000130721 -8.78287e-05 -0.0177093 0.0877241 
0.0097528 -0.0178487 -0.00018767 0.000154976 -0.0178487 0.0877762 0.000149962 -0.00014283 -0.00018767 0.000149962 0.00961176 -0.0177141 0.000154976 -0.00014283 -0.0177141 0.0877367 
0.00971178 -0.0177202 -0.000190577 0.000154224 -0.0177202 0.0872535 0.000155034 -0.000172868 -0.000190577 0.000155034 0.00956586 -0.0176367 0.000154224 -0.000172868 -0.0176367 0.0873001 
0.00973582 -0.0177373 -0.000203906 0.000157433 -0.0177373 0.0872772 0.000161422 -0.000189267 -0.000203906 0.000161422 0.00956143 -0.0176571 0.000157433 -0.000189267 -0.0176571 0.0873889 
0.00970108 -0.0176836 -0.000195842 0.000173245 -0.0176836 0.0869311 0.000175826 -0.000218531 -0.000195842 0.000175826 0.00953445 -0.0175718 0.000173245 -0.000218531 -0.0175718 0.0870192 
0.00968266 -0.0176472 -0.000178831 0.000165637 -0.0176472 0.0867261 0.000166879 -0.000220422 -0.000178831 0.000166879 0.00952358 -0.0175366 0.000165637 -0.000220422 -0.0175366 0.0867845 
0.00973603 -0.0177572 -0.000182298 0.0001392 -0.0177572 0.0872388 0.000142954 -0.000170794 -0.000182298 0.000142954 0.00957447 -0.0176578 0.0001392 -0.000170794 -0.0176578 0.087314 
0.00979706 -0.017866 -0.000183978 0.000135733 -0.017866 0.0877668 0.000142509 -0.000135212 -0.000183978 0.000142509 0.0096105 -0.0177493 0.000135733 -0.000135212 -0.0177493 0.0878032 
0.00980936 -0.0179489 -0.000190352 0.000131397 -0.0179489 0.0881579 0.000137446 -0.000108626 -0.000190352 0.000137446 0.00965255 -0.0177943 0.000131397 -0.000108626 -0.0177943 0.0881093 
0.00980008 -0.0178784 -0.000186018 0.000139859 -0.0178784 0.0879538 0.000139514 -0.000102062 -0.000186018 0.000139514 0.00963085 -0.0177679 0.000139859 -0.000102062 -0.0177679 0.0879369 
0.00980006 -0.017906 -0.000159151 0.000140244 -0.017906 0.0880437 0.000132155 -9.69367e-05 -0.000159151 0.000132155 0.00965836 -0.0177892 0.000140244 -9.69367e-05 -0.0177892 0.0880578 
0.00980477 -0.017906 -0.000150883 0.000113087 -0.017906 0.088086 0.000102496 -5.5316e-05 -0.000150883 0.000102496 0.00966548 -0.0178142 0.000113087 -5.5316e-05 -0.0178142 0.0881316 
0.00979039 -0.0178503 -0.000147757 0.000100736 -0.0178503 0.0878186 9.19308e-05 -1.45306e-05 -0.000147757 9.19308e-05 0.00964459 -0.0177684 0.000100736 -1.45306e-05 -0.0177684 0.0879058 
0.0097869 -0.0178829 -0.000134011 9.42687e-05 -0.0178829 0.0878971 9.01977e-05 6.8673e-06 -0.000134011 9.01977e-05 0.00964845 -0.0177713 9.42687e-05 6.8673e-06 -0.0177713 0.0879265 
0.00977373 -0.0178773 -0.000147039 7.75353e-05 -0.0178773 0.0879411 7.71374e-05 3.44617e-05 -0.000147039 7.71374e-05 0.00964909 -0.0177947 7.75353e-05 3.44617e-05 -0.0177947 0.0880132 
0.00972908 -0.0177941 -0.000152933 9.81772e-05 -0.0177941 0.0876081 9.90472e-05 7.03244e-06 -0.000152933 9.90472e-05 0.00962403 -0.0177325 9.81772e-05 7.03244e-06 -0.0177325 0.0877388 
0.00970848 -0.0177628 -0.000152161 0.000108445 -0.0177628 0.0874767 0.000108933 -3.02951e-05 -0.000152161 0.000108933 0.00962588 -0.0177117 0.000108445 -3.02951e-05 -0.0177117 0.0876336 
0.00972437 -0.0177695 -0.00013972 0.000111903 -0.0177695 0.087544 0.000110891 -5.42949e-05 -0.00013972 0.000110891 0.00963138 -0.0177517 0.000111903 -5.42949e-05 -0.0177517 0.0877717 
0.00971865 -0.0177127 -0.000157418 9.97295e-05 -0.0177127 0.0872362 9.93333e-05 -5.0153e-05 -0.000157418 9.93333e-05 0.00957749 -0.0176871 9.97295e-05 -5.0153e-05 -0.0176871 0.0874903 
0.00966406 -0.0176184 -0.000160766 0.000118193 -0.0176184 0.0866695 0.000120218 -7.54508e-05 -0.000160766 0.000120218 0.00951034 -0.0175469 0.000118193 -7.54508e-05 -0.0175469 0.0868728 
0.00964026 -0.0176137 -0.000168056 0.0001236 -0.0176137 0.0865996 0.000129546 -0.000106527 -0.000168056 0.000129546 0.00950166 -0.0175151 0.0001236 -0.000106527 -0.0175151 0.0867184 
0.00963019 -0.0176077 -0.000153017 0.000135296 -0.0176077 0.0866388 0.000146271 -0.000147861 -0.000153017 0.000146271 0.0095143 -0.0175383 0.000135296 -0.000147861 -0.0175383 0.0867844 
0.00965323 -0.0176396 -0.00016988 0.000113942 -0.0176396 0.0868576 0.000127319 -0.000131753 -0.00016988 0.000127319 0.00953286 -0.0176047 0.000113942 -0.000131753 -0.0176047 0.0870849 
0.0096508 -0.0176333 -0.000187042 0.000138105 -0.0176333 0.0868285 0.000145324 -0.000153535 -0.000187042 0.000145324 0.00952257 -0.0175878 0.000138105 -0.000153535 -0.0175878 0.0870723 
0.00970362 -0.0177004 -0.000198922 0.000166981 -0.0177004 0.0871221 0.000168664 -0.000215055 -0.000198922 0.000168664 0.00952294 -0.0176044 0.000166981 -0.000215055 -0.0176044 0.0872331 
0.00972882 -0.0177246 -0.000198756 0.000178662 -0.0177246 0.0871648 0.000181393 -0.000259058 -0.000198756 0.000181393 0.00950957 -0.017566 0.000178662 -0.000259058 -0.017566 0.087119 
0.0097285 -0.0177529 -0.000155301 0.000173639 -0.0177529 0.0872153 0.000175749 -0.000260024 -0.000155301 0.000175749 0.00952988 -0.0175435 0.000173639 -0.000260024 -0.0175435 0.0870151 
0.00974387 -0.0178265 -0.000121169 0.000118727 -0.0178265 0.0875883 0.000114801 -0.000159679 -0.000121169 0.000114801 0.00958733 -0.0176348 0.000118727 -0.000159679 -0.0176348 0.0873417 
0.00974609 -0.0178581 -8.97635e-05 7.44092e-05 -0.0178581 0.0878552 6.58818e-05 -2.91215e-05 -8.97635e-05 6.58818e-05 0.00963716 -0.0177337 7.44092e-05 -2.91215e-05 -0.0177337 0.087727 
0.00974113 -0.0178487 -0.000105972 3.28858e-05 -0.0178487 0.0879308 2.74947e-05 8.80122e-05 -0.000105972 2.74947e-05 0.00966977 -0.0177933 3.28858e-05 8.80122e-05 -0.0177933 0.0879831 
0.00975865 -0.0178613 -0.000130364 4.69791e-05 -0.0178613 0.0880528 4.90655e-05 0.000108996 -0.000130364 4.90655e-05 0.00969395 -0.0178492 4.69791e-05 0.000108996 -0.0178492 0.0882439 
0.00955386 -0.0174593 -0.000144793 7.94315e-05 -0.0174593 0.0860848 8.70846e-05 3.79033e-05 -0.000144793 8.70846e-05 0.00947627 -0.0174734 7.94315e-05 3.79033e-05 -0.0174734 0.0863899 
0.00974747 -0.0178201 -0.000146479 0.000102369 -0.0178201 0.0878125 0.000112988 -3.20231e-05 -0.000146479 0.000112988 0.00966564 -0.0178108 0.000102369 -3.20231e-05 -0.0178108 0.0881279 
0.00972407 -0.0177979 -0.00014199 0.00010618 -0.0177979 0.0876996 0.000120965 -7.93202e-05 -0.00014199 0.000120965 0.0096535 -0.0177814 0.00010618 -7.93202e-05 -0.0177814 0.0879955 
0.00969628 -0.0177369 -0.000131728 0.000103363 -0.0177369 0.0874279 0.00011701 -9.34029e-05 -0.000131728 0.00011701 0.0096189 -0.0177167 0.000103363 -9.34029e-05 -0.0177167 0.0876889 
0.00966499 -0.0176879 -0.000123307 9.72146e-05 -0.0176879 0.0871704 0.000105234 -8.83712e-05 -0.000123307 0.000105234 0.00959612 -0.0176549 9.72146e-05 -8.83712e-05 -0.0176549 0.0873941 
0.0096969 -0.0177286 -0.000133885 9.27819e-05 -0.0177286 0.087382 9.1935e-05 -7.1808e-05 -0.000133885 9.1935e-05 0.00959889 -0.0177062 9.27819e-05 -7.1808e-05 -0.0177062 0.0876061 
0.00972445 -0.0177437 -0.000143876 0.000108202 -0.0177437 0.0874256 0.000102156 -8.55162e-05 -0.000143876 0.000102156 0.00958533 -0.0176951 0.000108202 -8.55162e-05 -0.0176951 0.0876259 
0.00974272 -0.0177526 -0.000157974 0.000119868 -0.0177526 0.0873898 0.000112552 -0.000111034 -0.000157974 0.000112552 0.00956358 -0.0176674 0.000119868 -0.000111034 -0.0176674 0.0875366 
0.00972727 -0.0177353 -0.000167893 0.000135718 -0.0177353 0.0872182 0.000129113 -0.000146957 -0.000167893 0.000129113 0.00953627 -0.0176066 0.000135718 -0.000146957 -0.0176066 0.0872797 
0.00970731 -0.0177437 -0.000142321 0.000146094 -0.0177437 0.0872295 0.000141442 -0.000178395 -0.000142321 0.000141442 0.00954225 -0.0175901 0.000146094 -0.000178395 -0.0175901 0.0872021 
0.00965309 -0.0176864 -0.000112821 0.000116926 -0.0176864 0.0870239 0.000114548 -0.000150872 -0.000112821 0.000114548 0.00955446 -0.0175608 0.000116926 -0.000150872 -0.0175608 0.0870002 
0.00965204 -0.0176715 -9.97671e-05 8.64216e-05 -0.0176715 0.0870596 8.44472e-05 -9.41089e-05 -9.97671e-05 8.44472e-05 0.00957131 -0.0176131 8.64216e-05 -9.41089e-05 -0.0176131 0.0871323 
0.00969427 -0.017726 -8.92235e-05 6.4879e-05 -0.017726 0.0873453 6.19619e-05 -2.83716e-05 -8.92235e-05 6.19619e-05 0.009591 -0.0176883 6.4879e-05 -2.83716e-05 -0.0176883 0.0874977 
0.00966364 -0.0176628 -7.3274e-05 5.01451e-05 -0.0176628 0.0870057 4.67567e-05 2.1249e-05 -7.3274e-05 4.67567e-05 0.00956271 -0.0176087 5.01451e-05 2.1249e-05 -0.0176087 0.0871724 
0.00963977 -0.0176501 -9.8014e-05 3.3398e-05 -0.0176501 0.0869155 3.70328e-05 5.2502e-05 -9.8014e-05 3.70328e-05 0.00957215 -0.0175959 3.3398e-05 5.2502e-05 -0.0175959 0.087076 
0.00964511 -0.0176516 -0.000102713 6.23569e-05 -0.0176516 0.0869951 7.15486e-05 1.50425e-05 -0.000102713 7.15486e-05 0.00959405 -0.017656 6.23569e-05 1.50425e-05 -0.017656 0.0872682 
0.00964782 -0.0176184 -0.000113256 7.19068e-05 -0.0176184 0.0868541 8.22013e-05 -3.17757e-05 -0.000113256 8.22013e-05 0.00957959 -0.0176576 7.19068e-05 -3.17757e-05 -0.0176576 0.0872569 
0.00966278 -0.0176697 -0.000130816 8.08233e-05 -0.0176697 0.0870288 9.16441e-05 -5.78138e-05 -0.000130816 9.16441e-05 0.00959403 -0.0176851 8.08233e-05 -5.78138e-05 -0.0176851 0.0874475 
0.00970042 -0.0177494 -0.000124804 9.98204e-05 -0.0177494 0.0874387 0.000110396 -9.24409e-05 -0.000124804 0.000110396 0.00963356 -0.0177575 9.98204e-05 -9.24409e-05 -0.0177575 0.0878347 
0.00974372 -0.0178231 -0.000133045 9.32999e-05 -0.0178231 0.0878163 0.000105245 -0.000102126 -0.000133045 0.000105245 0.00965618 -0.0178128 9.32999e-05 -0.000102126 -0.0178128 0.0881478 
0.00970493 -0.0177659 -0.000119183 0.000100285 -0.0177659 0.0875392 0.000112348 -0.000108722 -0.000119183 0.000112348 0.00963328 -0.0177356 0.000100285 -0.000108722 -0.0177356 0.0878204 
0.0096644 -0.0176718 -0.000124194 9.28889e-05 -0.0176718 0.0871174 0.000101422 -0.000110044 -0.000124194 0.000101422 0.0096057 -0.0176644 9.28889e-05 -0.000110044 -0.0176644 0.0874129 
0.00964731 -0.0176668 -0.000127551 0.000104195 -0.0176668 0.087058 0.00010592 -0.000121249 -0.000127551 0.00010592 0.00962231 -0.0176696 0.000104195 -0.000121249 -0.0176696 0.0873793 
0.00963887 -0.0176514 -9.94181e-05 0.000108698 -0.0176514 0.0870409 0.000105431 -0.000128236 -9.94181e-05 0.000105431 0.00963086 -0.0177093 0.000108698 -0.000128236 -0.0177093 0.0874727 
0.00963029 -0.0176325 -8.44912e-05 7.75092e-05 -0.0176325 0.0869686 7.12801e-05 -8.54083e-05 -8.44912e-05 7.12801e-05 0.00962303 -0.0177106 7.75092e-05 -8.54083e-05 -0.0177106 0.0874853 
0.00962378 -0.0176409 -6.05435e-05 5.59938e-05 -0.0176409 0.0870103 5.42256e-05 -3.05792e-05 -6.05435e-05 5.42256e-05 0.00962518 -0.0177149 5.59938e-05 -3.05792e-05 -0.0177149 0.0875457 
0.00964315 -0.0176418 -7.53137e-05 2.6978e-05 -0.0176418 0.0870596 2.64761e-05 3.35076e-05 -7.53137e-05 2.64761e-05 0.00961293 -0.0177209 2.6978e-05 3.35076e-05 -0.0177209 0.0875976 
0.00965962 -0.0176158 -0.000112503 4.21928e-05 -0.0176158 0.0868742 3.77313e-05 4.71402e-05 -0.000112503 3.77313e-05 0.00956975 -0.0176551 4.21928e-05 4.71402e-05 -0.0176551 0.0873493 
0.00971477 -0.0176786 -0.000121799 8.8915e-05 -0.0176786 0.0870323 8.0111e-05 -2.20085e-05 -0.000121799 8.0111e-05 0.00955355 -0.0176437 8.8915e-05 -2.20085e-05 -0.0176437 0.0873568 
0.0097387 -0.0177809 -0.00010451 0.000106049 -0.0177809 0.0873698 9.28496e-05 -8.61053e-05 -0.00010451 9.28496e-05 0.00957428 -0.0176504 0.000106049 -8.61053e-05 -0.0176504 0.0874681 
0.00974295 -0.0178415 -0.000106458 7.90398e-05 -0.0178415 0.0877088 6.95651e-05 -6.18342e-05 -0.000106458 6.95651e-05 0.0096233 -0.0176983 7.90398e-05 -6.18342e-05 -0.0176983 0.0876747 
0.00972143 -0.0178564 -9.16605e-05 7.18749e-05 -0.0178564 0.087918 6.68428e-05 -2.66751e-05 -9.16605e-05 6.68428e-05 0.00969127 -0.0177747 7.18749e-05 -2.66751e-05 -0.0177747 0.0879447 
0.00970577 -0.0177859 -8.71318e-05 5.51152e-05 -0.0177859 0.0877671 5.25023e-05 5.40004e-06 -8.71318e-05 5.25023e-05 0.00971884 -0.0178323 5.51152e-05 5.40004e-06 -0.0178323 0.0880559 
0.00950562 -0.0174172 -9.2944e-05 4.58142e-05 -0.0174172 0.0859462 4.84474e-05 2.92971e-05 -9.2944e-05 4.84474e-05 0.00954756 -0.0175157 4.58142e-05 2.92971e-05 -0.0175157 0.086434 
0.00955441 -0.017519 -8.24785e-05 4.79048e-05 -0.017519 0.0864559 5.96206e-05 3.32763e-05 -8.24785e-05 5.96206e-05 0.00961289 -0.0176551 4.79048e-05 3.32763e-05 -0.0176551 0.0870831 
0.00958584 -0.0175449 -8.50103e-05 3.51583e-05 -0.0175449 0.0866295 4.78517e-05 4.97351e-05 -8.50103e-05 4.78517e-05 0.00962294 -0.0177076 3.51583e-05 4.97351e-05 -0.0177076 0.0873593 
0.0095489 -0.0174229 -0.000111569 3.75473e-05 -0.0174229 0.0859827 4.19644e-05 6.68812e-05 -0.000111569 4.19644e-05 0.00955338 -0.0175598 3.75473e-05 6.68812e-05 -0.0175598 0.0867134 
0.00975822 -0.0178183 -0.000105222 7.5488e-05 -0.0178183 0.0877816 7.20119e-05 2.45794e-05 -0.000105222 7.20119e-05 0.00975997 -0.017906 7.5488e-05 2.45794e-05 -0.017906 0.0884239 
0.00977818 -0.0178342 -0.000105837 6.90958e-05 -0.0178342 0.0878119 6.53033e-05 4.66028e-06 -0.000105837 6.53033e-05 0.00975701 -0.0179141 6.90958e-05 4.66028e-06 -0.0179141 0.0883868 
0.0097886 -0.0178717 -8.33719e-05 6.47797e-05 -0.0178717 0.0879095 6.413e-05 1.34086e-05 -8.33719e-05 6.413e-05 0.00975576 -0.0179224 6.47797e-05 1.34086e-05 -0.0179224 0.0884242 
0.00960285 -0.0175378 -8.68432e-05 3.65515e-05 -0.0175378 0.0862543 4.43561e-05 4.68353e-05 -8.68432e-05 4.43561e-05 0.00956664 -0.0175715 3.65515e-05 4.68353e-05 -0.0175715 0.086708 
0.00961443 -0.0175716 -0.000115604 3.29712e-05 -0.0175716 0.0864341 4.57043e-05 7.38199e-05 -0.000115604 4.57043e-05 0.00960079 -0.017617 3.29712e-05 7.38199e-05 -0.017617 0.08691 
0.00958582 -0.0174942 -0.000130616 7.07179e-05 -0.0174942 0.0860933 8.66358e-05 1.30532e-05 -0.000130616 8.66358e-05 0.00958751 -0.0175751 7.07179e-05 1.30532e-05 -0.0175751 0.0866474 
0.00959488 -0.0174971 -0.000142372 9.4496e-05 -0.0174971 0.0860706 0.000110102 -6.29752e-05 -0.000142372 0.000110102 0.00957765 -0.0176001 9.4496e-05 -6.29752e-05 -0.0176001 0.0867048 
0.00960385 -0.0175655 -0.000140767 0.000111112 -0.0175655 0.0863581 0.000123377 -0.000115537 -0.000140767 0.000123377 0.00961019 -0.0176495 0.000111112 -0.000115537 -0.0176495 0.0870057 
0.00961586 -0.0175665 -0.000143918 0.000107733 -0.0175665 0.0864664 0.00011226 -0.000117593 -0.000143918 0.00011226 0.00961593 -0.0176857 0.000107733 -0.000117593 -0.0176857 0.0871733 
0.00960497 -0.0175742 -0.000137191 0.000113343 -0.0175742 0.0864916 0.00011048 -0.000114543 -0.000137191 0.00011048 0.00962772 -0.0176753 0.000113343 -0.000114543 -0.0176753 0.0871918 
0.00963121 -0.0175968 -0.000136211 0.000108659 -0.0175968 0.086661 0.000101267 -0.000103952 -0.000136211 0.000101267 0.00964344 -0.0177181 0.000108659 -0.000103952 -0.0177181 0.0873702 
0.00965323 -0.0176344 -0.000131707 0.00010572 -0.0176344 0.0868333 9.86734e-05 -9.06197e-05 -0.000131707 9.86734e-05 0.00965375 -0.0177557 0.00010572 -9.06197e-05 -0.0177557 0.0875683 
0.00969724 -0.0176715 -0.000148341 9.96531e-05 -0.0176715 0.0870022 9.24454e-05 -7.49305e-05 -0.000148341 9.24454e-05 0.00964951 -0.0177722 9.96531e-05 -7.49305e-05 -0.0177722 0.0877022 
0.00973146 -0.0177141 -0.000180116 0.000116684 -0.0177141 0.0871025 0.000108822 -8.91592e-05 -0.000180116 0.000108822 0.00963437 -0.0177465 0.000116684 -8.91592e-05 -0.0177465 0.0876674 
0.00975279 -0.0177402 -0.000190844 0.000152265 -0.0177402 0.0871382 0.000143299 -0.000147635 -0.000190844 0.000143299 0.00962284 -0.0177128 0.000152265 -0.000147635 -0.0177128 0.0875457 
0.00976852 -0.0177559 -0.000181874 0.000170596 -0.0177559 0.0871299 0.000160554 -0.0002097 -0.000181874 0.000160554 0.00961032 -0.0176775 0.000170596 -0.0002097 -0.0176775 0.0873789 
0.0097705 -0.0178362 -0.000167906 0.000161156 -0.0178362 0.0874355 0.000149776 -0.000216713 -0.000167906 0.000149776 0.00965744 -0.0177147 0.000161156 -0.000216713 -0.0177147 0.0875475 
0.00975186 -0.0178598 -0.000139557 0.00013896 -0.0178598 0.0876847 0.000131089 -0.00017782 -0.000139557 0.000131089 0.0097154 -0.0178009 0.00013896 -0.00017782 -0.0178009 0.0878457 
0.00971848 -0.0177804 -0.000130247 9.95982e-05 -0.0177804 0.0874992 9.57467e-05 -9.95371e-05 -0.000130247 9.57467e-05 0.00970815 -0.0178371 9.95982e-05 -9.95371e-05 -0.0178371 0.0879057 
0.0096602 -0.0176923 -0.00012844 8.49985e-05 -0.0176923 0.0871217 8.52687e-05 -4.3429e-05 -0.00012844 8.52687e-05 0.00968692 -0.0177839 8.49985e-05 -4.3429e-05 -0.0177839 0.0877023 
0.00962081 -0.0175581 -0.000129007 8.19699e-05 -0.0175581 0.0865532 8.57955e-05 -2.22618e-05 -0.000129007 8.57955e-05 0.00963042 -0.0177033 8.19699e-05 -2.22618e-05 -0.0177033 0.0872838 
0.00965799 -0.0176201 -0.000124943 8.20574e-05 -0.0176201 0.0867839 9.06319e-05 -2.09772e-05 -0.000124943 9.06319e-05 0.00966705 -0.0177619 8.20574e-05 -2.09772e-05 -0.0177619 0.0875966 
0.00966763 -0.0176385 -0.000105461 7.90498e-05 -0.0176385 0.0868215 9.234e-05 -2.81735e-05 -0.000105461 9.234e-05 0.00967303 -0.0177669 7.90498e-05 -2.81735e-05 -0.0177669 0.0876204 
0.00969614 -0.0176658 -0.000103313 5.86384e-05 -0.0176658 0.0869279 7.40179e-05 -7.01449e-06 -0.000103313 7.40179e-05 0.00966693 -0.0177858 5.86384e-05 -7.01449e-06 -0.0177858 0.0877042 
0.00971621 -0.0176678 -0.000121794 5.56075e-05 -0.0176678 0.0868573 6.73187e-05 1.66968e-05 -0.000121794 6.73187e-05 0.00964326 -0.017739 5.56075e-05 1.66968e-05 -0.017739 0.0875415 
0.00976361 -0.017747 -0.000143952 8.05884e-05 -0.017747 0.0871319 8.86227e-05 -1.2578e-05 -0.000143952 8.86227e-05 0.00964045 -0.0177659 8.05884e-05 -1.2578e-05 -0.0177659 0.0876956 
0.00977066 -0.017784 -0.00012443 0.000109226 -0.017784 0.0872235 0.000115472 -7.60488e-05 -0.00012443 0.000115472 0.00963048 -0.0177269 0.000109226 -7.60488e-05 -0.0177269 0.0876011 
0.00976696 -0.0178134 -0.000102601 9.60031e-05 -0.0178134 0.0873662 9.64014e-05 -8.92804e-05 -0.000102601 9.64014e-05 0.00964813 -0.0177228 9.60031e-05 -8.92804e-05 -0.0177228 0.0875929 
