0.00716347 0 -7.0325e-05 0 0 0.00980461 0 0 -7.0325e-05 0 0.00669889 0 0 0 0 0.00980461 
0.0101276 -0.0125623 -6.08078e-05 7.454e-05 -0.0125623 0.033097 7.454e-05 -0.000143015 -6.08078e-05 7.454e-05 0.0095415 -0.011854 7.454e-05 -0.000143015 -0.011854 0.0317381 
0.0101455 -0.0188308 -1.50572e-05 5.06496e-05 -0.0188308 0.0692037 5.06496e-05 -0.000151992 -1.50572e-05 5.06496e-05 0.00972927 -0.0181997 5.06496e-05 -0.000151992 -0.0181997 0.0672851 
0.00934113 -0.0178749 1.85745e-06 -6.41192e-05 -0.0178749 0.0798671 -7.28606e-05 0.00033424 1.85745e-06 -7.28606e-05 0.00902184 -0.0176592 -6.41192e-05 0.00033424 -0.0176592 0.0794997 
0.00934896 -0.0173269 -4.05254e-08 -9.15617e-05 -0.0173269 0.0830867 -0.000110003 0.000694879 -4.05254e-08 -0.000110003 0.00902983 -0.0171314 -9.15617e-05 0.000694879 -0.0171314 0.0832768 
0.00965612 -0.0176123 -2.46294e-05 -7.03944e-05 -0.0176123 0.0859192 -8.64778e-05 0.000678598 -2.46294e-05 -8.64778e-05 0.00933873 -0.0173612 -7.03944e-05 0.000678598 -0.0173612 0.0859674 
0.0096772 -0.0175416 -3.61191e-05 -2.44309e-05 -0.0175416 0.0858729 -3.38571e-05 0.000478459 -3.61191e-05 -3.38571e-05 0.009303 -0.0172739 -2.44309e-05 0.000478459 -0.0172739 0.0856935 
0.00990104 -0.017936 -4.93683e-05 -1.335e-06 -0.017936 0.0878326 -9.20532e-06 0.000320988 -4.93683e-05 -9.20532e-06 0.00949937 -0.0175929 -1.335e-06 0.000320988 -0.0175929 0.0874369 
0.00992166 -0.0179602 -5.33658e-05 1.56828e-05 -0.0179602 0.0879795 1.0099e-05 0.000219753 -5.33658e-05 1.0099e-05 0.00952738 -0.0175992 1.56828e-05 0.000219753 -0.0175992 0.0874645 
0.0097761 -0.0176714 -4.93125e-05 1.96436e-05 -0.0176714 0.086543 1.58933e-05 0.000170301 -4.93125e-05 1.58933e-05 0.00939296 -0.017334 1.96436e-05 0.000170301 -0.017334 0.0860358 
0.00993668 -0.0179904 -5.21227e-05 2.12073e-05 -0.0179904 0.0880143 1.61093e-05 0.000153617 -5.21227e-05 1.61093e-05 0.0095729 -0.0176506 2.12073e-05 0.000153617 -0.0176506 0.0875082 
0.00986965 -0.0178611 -5.63541e-05 2.21506e-05 -0.0178611 0.0873949 1.65791e-05 0.00014874 -5.63541e-05 1.65791e-05 0.00951542 -0.0175632 2.21506e-05 0.00014874 -0.0175632 0.086965 
0.00985208 -0.0178686 -3.42537e-05 2.09822e-05 -0.0178686 0.0873923 1.66148e-05 0.00015913 -3.42537e-05 1.66148e-05 0.00951613 -0.0175702 2.09822e-05 0.00015913 -0.0175702 0.0869847 
0.00986353 -0.0178604 -1.87121e-05 -1.06338e-05 -0.0178604 0.0874064 -8.84282e-06 0.000208512 -1.87121e-05 -8.84282e-06 0.00950102 -0.0175793 -1.06338e-05 0.000208512 -0.0175793 0.0870257 
0.00984007 -0.0178546 -3.0491e-06 -3.64385e-05 -0.0178546 0.0873163 -2.97895e-05 0.000276069 -3.0491e-06 -2.97895e-05 0.00948419 -0.0175256 -3.64385e-05 0.000276069 -0.0175256 0.0868494 
0.00980469 -0.0178471 5.82976e-06 -5.59326e-05 -0.0178471 0.0873346 -4.75754e-05 0.000332097 5.82976e-06 -4.75754e-05 0.00951093 -0.0175249 -5.59326e-05 0.000332097 -0.0175249 0.0868297 
0.00974344 -0.0177849 -3.87812e-07 -6.22152e-05 -0.0177849 0.0871885 -5.91008e-05 0.000365405 -3.87812e-07 -5.91008e-05 0.00954753 -0.0175495 -6.22152e-05 0.000365405 -0.0175495 0.0868238 
0.00972357 -0.0177029 -2.05086e-05 -5.09606e-05 -0.0177029 0.0869823 -5.42823e-05 0.00036469 -2.05086e-05 -5.42823e-05 0.00954916 -0.0176034 -5.09606e-05 0.00036469 -0.0176034 0.0869191 
0.00973644 -0.0177086 -3.83691e-05 -2.88815e-05 -0.0177086 0.0869964 -3.58104e-05 0.000334132 -3.83691e-05 -3.58104e-05 0.00956642 -0.0176321 -2.88815e-05 0.000334132 -0.0176321 0.0871004 
0.00974959 -0.0176909 -4.48776e-05 -3.98516e-06 -0.0176909 0.0868664 -1.23639e-05 0.000277268 -4.48776e-05 -1.23639e-05 0.00953714 -0.017608 -3.98516e-06 0.000277268 -0.017608 0.0869921 
0.00975625 -0.0177553 -3.28276e-05 1.23411e-05 -0.0177553 0.0870744 4.03411e-06 0.000217879 -3.28276e-05 4.03411e-06 0.00955504 -0.0176197 1.23411e-05 0.000217879 -0.0176197 0.0871219 
0.00976528 -0.0177457 -2.75769e-05 -3.58186e-06 -0.0177457 0.0870822 -1.29378e-05 0.000222103 -2.75769e-05 -1.29378e-05 0.00953246 -0.0176082 -3.58186e-06 0.000222103 -0.0176082 0.0870612 
0.00977513 -0.0177339 -2.81545e-05 -1.53882e-05 -0.0177339 0.086989 -2.26074e-05 0.000251949 -2.81545e-05 -2.26074e-05 0.00949559 -0.0175594 -1.53882e-05 0.000251949 -0.0175594 0.0868895 
0.00975794 -0.0177546 -2.63338e-05 -1.83054e-05 -0.0177546 0.087013 -1.67684e-05 0.000261019 -2.63338e-05 -1.67684e-05 0.00950545 -0.0175288 -1.83054e-05 0.000261019 -0.0175288 0.0868061 
0.00974799 -0.0177781 -2.07667e-05 -2.11192e-05 -0.0177781 0.0872114 -1.29899e-05 0.000259288 -2.07667e-05 -1.29899e-05 0.00953899 -0.0175853 -2.11192e-05 0.000259288 -0.0175853 0.08701 
0.00975426 -0.0177162 -3.25045e-05 -3.06336e-05 -0.0177162 0.0870564 -2.08106e-05 0.000272023 -3.25045e-05 -2.08106e-05 0.00951031 -0.0176 -3.06336e-05 0.000272023 -0.0176 0.0870222 
0.00976338 -0.0177078 -4.74216e-05 -1.46419e-05 -0.0177078 0.0869208 -6.32693e-06 0.000255459 -4.74216e-05 -6.32693e-06 0.00946522 -0.017549 -1.46419e-05 0.000255459 -0.017549 0.0868998 
0.00972975 -0.0176534 -4.7953e-05 6.30741e-06 -0.0176534 0.086559 1.09566e-05 0.000210611 -4.7953e-05 1.09566e-05 0.00940279 -0.0174168 6.30741e-06 0.000210611 -0.0174168 0.086385 
0.00974587 -0.0176612 -4.4484e-05 1.29612e-05 -0.0176612 0.0865384 7.35216e-06 0.000186965 -4.4484e-05 7.35216e-06 0.00935083 -0.0173577 1.29612e-05 0.000186965 -0.0173577 0.0861526 
0.00975111 -0.0176842 -3.9942e-05 1.5135e-05 -0.0176842 0.0865569 -9.13701e-07 0.000181842 -3.9942e-05 -9.13701e-07 0.00932387 -0.0172845 1.5135e-05 0.000181842 -0.0172845 0.0859191 
0.0097607 -0.0177363 -3.01122e-05 1.30167e-05 -0.0177363 0.0867802 -6.80299e-06 0.000185801 -3.01122e-05 -6.80299e-06 0.00934252 -0.0172805 1.30167e-05 0.000185801 -0.0172805 0.0859257 
0.00977479 -0.0177807 -2.75483e-05 1.28846e-06 -0.0177807 0.0870411 -1.67232e-05 0.000201856 -2.75483e-05 -1.67232e-05 0.00938119 -0.0173224 1.28846e-06 0.000201856 -0.0173224 0.0860772 
0.00975372 -0.0177517 -1.73632e-05 -6.98569e-06 -0.0177517 0.0869736 -1.81328e-05 0.00021946 -1.73632e-05 -1.81328e-05 0.00940022 -0.0173439 -6.98569e-06 0.00021946 -0.0173439 0.086077 
0.00970819 -0.0176698 -2.62837e-05 -2.35596e-05 -0.0176698 0.0866465 -2.47361e-05 0.000241931 -2.62837e-05 -2.47361e-05 0.00941538 -0.017335 -2.35596e-05 0.000241931 -0.017335 0.0859309 
0.00991081 -0.0180278 -2.6723e-05 -2.06809e-05 -0.0180278 0.0884425 -1.46805e-05 0.000253678 -2.6723e-05 -1.46805e-05 0.00964728 -0.0177663 -2.06809e-05 0.000253678 -0.0177663 0.0879253 
0.00973234 -0.0176637 -2.80941e-05 -1.82347e-05 -0.0176637 0.0866459 -1.22485e-05 0.000241562 -2.80941e-05 -1.22485e-05 0.00945139 -0.0174494 -1.82347e-05 0.000241562 -0.0174494 0.0862923 
0.00976403 -0.0176642 -3.49691e-05 -1.67547e-05 -0.0176642 0.0865711 -1.23393e-05 0.000239677 -3.49691e-05 -1.23393e-05 0.00942078 -0.0174403 -1.67547e-05 0.000239677 -0.0174403 0.0862857 
0.00979331 -0.0177036 -3.86168e-05 -9.41167e-06 -0.0177036 0.0865927 -1.5626e-06 0.00022703 -3.86168e-05 -1.5626e-06 0.00937674 -0.0173918 -9.41167e-06 0.00022703 -0.0173918 0.0861712 
0.00983837 -0.0178114 -3.8221e-05 -5.24828e-06 -0.0178114 0.0870125 8.79177e-06 0.000206255 -3.8221e-05 8.79177e-06 0.00938072 -0.0174104 -5.24828e-06 0.000206255 -0.0174104 0.0863843 
0.00982165 -0.0178771 -3.43145e-05 -6.1955e-06 -0.0178771 0.0873454 1.22509e-05 0.000193661 -3.43145e-05 1.22509e-05 0.00944234 -0.0174337 -6.1955e-06 0.000193661 -0.0174337 0.0865739 
0.00981532 -0.0178527 -1.99643e-05 -1.23109e-05 -0.0178527 0.0874469 2.73468e-06 0.000206457 -1.99643e-05 2.73468e-06 0.0094831 -0.0175093 -1.23109e-05 0.000206457 -0.0175093 0.0867857 
0.00978111 -0.017791 -2.92331e-05 -3.30733e-05 -0.017791 0.0872115 -1.98458e-05 0.0002504 -2.92331e-05 -1.98458e-05 0.00949362 -0.0175106 -3.30733e-05 0.0002504 -0.0175106 0.086733 
0.00977001 -0.0177661 -2.31141e-05 -2.36475e-05 -0.0177661 0.0871492 -1.477e-05 0.000267075 -2.31141e-05 -1.477e-05 0.00949641 -0.0175553 -2.36475e-05 0.000267075 -0.0175553 0.0868684 
0.00976466 -0.0178223 -1.66188e-05 -2.32931e-05 -0.0178223 0.087456 -2.20688e-05 0.000270729 -1.66188e-05 -2.20688e-05 0.00954764 -0.0176336 -2.32931e-05 0.000270729 -0.0176336 0.0873022 
0.00972237 -0.0177234 -2.83413e-05 -3.06551e-05 -0.0177234 0.0871371 -3.47378e-05 0.000288917 -2.83413e-05 -3.47378e-05 0.00953928 -0.0175982 -3.06551e-05 0.000288917 -0.0175982 0.0871164 
0.00964648 -0.0176136 -2.47763e-05 -1.36371e-05 -0.0176136 0.0866331 -1.88513e-05 0.000268303 -2.47763e-05 -1.88513e-05 0.00953532 -0.0175275 -1.36371e-05 0.000268303 -0.0175275 0.0867268 
0.0096531 -0.0175578 -3.43892e-05 -1.53942e-05 -0.0175578 0.086437 -2.17091e-05 0.000256024 -3.43892e-05 -2.17091e-05 0.00949791 -0.017545 -1.53942e-05 0.000256024 -0.017545 0.0866697 
0.00966415 -0.0175431 -5.06157e-05 -1.02964e-06 -0.0175431 0.086233 -8.64476e-06 0.000229384 -5.06157e-05 -8.64476e-06 0.0094357 -0.0174609 -1.02964e-06 0.000229384 -0.0174609 0.0863965 
0.00966331 -0.0175648 -5.88949e-05 2.0074e-05 -0.0175648 0.0862007 1.14405e-05 0.000181822 -5.88949e-05 1.14405e-05 0.00941584 -0.0173846 2.0074e-05 0.000181822 -0.0173846 0.0861466 
0.00966652 -0.0176207 -5.35736e-05 3.18649e-05 -0.0176207 0.0864587 2.25622e-05 0.000142437 -5.35736e-05 2.25622e-05 0.00945336 -0.0174143 3.18649e-05 0.000142437 -0.0174143 0.0862619 
0.00984113 -0.0179487 -5.70285e-05 2.84846e-05 -0.0179487 0.0881728 1.79823e-05 0.000133433 -5.70285e-05 1.79823e-05 0.00967441 -0.017793 2.84846e-05 0.000133433 -0.017793 0.0880264 
0.00982735 -0.0179215 -5.49461e-05 3.06682e-05 -0.0179215 0.0881091 2.11183e-05 0.000129955 -5.49461e-05 2.11183e-05 0.00967832 -0.0178374 3.06682e-05 0.000129955 -0.0178374 0.0881259 
0.00982301 -0.0179141 -5.28308e-05 2.51172e-05 -0.0179141 0.088085 1.99234e-05 0.000132421 -5.28308e-05 1.99234e-05 0.009669 -0.0178366 2.51172e-05 0.000132421 -0.0178366 0.0881607 
0.00980869 -0.0178556 -5.05772e-05 1.94174e-05 -0.0178556 0.0878011 1.81455e-05 0.000141636 -5.05772e-05 1.81455e-05 0.0096058 -0.0177591 1.94174e-05 0.000141636 -0.0177591 0.0878382 
0.00981172 -0.0178563 -4.57593e-05 1.70131e-05 -0.0178563 0.0877344 1.85748e-05 0.00014508 -4.57593e-05 1.85748e-05 0.00956456 -0.017697 1.70131e-05 0.00014508 -0.017697 0.0876474 
0.00980499 -0.0178806 -3.34178e-05 1.12321e-05 -0.0178806 0.0877978 1.59898e-05 0.000149504 -3.34178e-05 1.59898e-05 0.00954219 -0.0176489 1.12321e-05 0.000149504 -0.0176489 0.0875167 
0.00980747 -0.0178541 -2.98362e-05 -2.21409e-06 -0.0178541 0.0877176 4.74363e-06 0.00016414 -2.98362e-05 4.74363e-06 0.00950621 -0.0175987 -2.21409e-06 0.00016414 -0.0175987 0.0873096 
0.00983627 -0.0179399 -3.81339e-05 -1.0317e-05 -0.0179399 0.088096 -4.24789e-06 0.000191087 -3.81339e-05 -4.24789e-06 0.00955585 -0.0176466 -1.0317e-05 0.000191087 -0.0176466 0.0876029 
0.00987666 -0.0179347 -4.21364e-05 3.80554e-07 -0.0179347 0.0881401 3.46562e-06 0.000187387 -4.21364e-05 3.46562e-06 0.00953778 -0.0176772 3.80554e-07 0.000187387 -0.0176772 0.0876781 
0.00987697 -0.0179548 -3.80646e-05 4.41869e-06 -0.0179548 0.088104 5.87322e-06 0.000178355 -3.80646e-05 5.87322e-06 0.00951497 -0.0176415 4.41869e-06 0.000178355 -0.0176415 0.0876052 
0.0098566 -0.0179483 -3.1346e-05 2.09913e-06 -0.0179483 0.088057 3.34831e-06 0.000176265 -3.1346e-05 3.34831e-06 0.00950076 -0.0176012 2.09913e-06 0.000176265 -0.0176012 0.0874694 
0.00979184 -0.0178952 -1.89145e-05 -9.95423e-06 -0.0178952 0.0878401 -9.04201e-06 0.000199764 -1.89145e-05 -9.04201e-06 0.00951107 -0.0175431 -9.95423e-06 0.000199764 -0.0175431 0.0871979 
0.00976774 -0.017807 -1.34985e-05 -2.08202e-05 -0.017807 0.0875764 -2.40972e-05 0.000227739 -1.34985e-05 -2.40972e-05 0.00949005 -0.0175501 -2.08202e-05 0.000227739 -0.0175501 0.0870677 
0.00974834 -0.0177368 -7.87549e-06 -1.83726e-05 -0.0177368 0.0872078 -2.47577e-05 0.000228279 -7.87549e-06 -2.47577e-05 0.00944626 -0.0174847 -1.83726e-05 0.000228279 -0.0174847 0.0867796 
0.00975042 -0.0177545 -8.5072e-06 -2.45336e-05 -0.0177545 0.0872014 -3.02977e-05 0.000233339 -8.5072e-06 -3.02977e-05 0.00944976 -0.0174601 -2.45336e-05 0.000233339 -0.0174601 0.0867077 
0.00976316 -0.017791 -1.23222e-05 -2.54661e-05 -0.017791 0.0873726 -3.37878e-05 0.000243463 -1.23222e-05 -3.37878e-05 0.00946574 -0.0174998 -2.54661e-05 0.000243463 -0.0174998 0.0868473 
0.00976897 -0.0178174 -4.90204e-06 -2.57742e-05 -0.0178174 0.0875255 -3.76255e-05 0.000259594 -4.90204e-06 -3.76255e-05 0.00948892 -0.017535 -2.57742e-05 0.000259594 -0.017535 0.087014 
0.00970714 -0.0177065 -8.3502e-06 -3.71749e-05 -0.0177065 0.0870173 -4.90147e-05 0.000284383 -8.3502e-06 -4.90147e-05 0.00945092 -0.0174417 -3.71749e-05 0.000284383 -0.0174417 0.0865356 
0.00970355 -0.0176977 -2.38767e-05 -3.49563e-05 -0.0176977 0.0869813 -4.21737e-05 0.000292096 -2.38767e-05 -4.21737e-05 0.00945108 -0.0174481 -3.49563e-05 0.000292096 -0.0174481 0.0865177 
0.0097333 -0.0176817 -2.62386e-05 -1.05792e-05 -0.0176817 0.0868896 -1.46487e-05 0.000243316 -2.62386e-05 -1.46487e-05 0.00939393 -0.0174244 -1.05792e-05 0.000243316 -0.0174244 0.0864008 
0.00971139 -0.0177379 -2.21864e-05 -5.40931e-06 -0.0177379 0.0869967 -3.39298e-06 0.000198108 -2.21864e-05 -3.39298e-06 0.0094231 -0.0173712 -5.40931e-06 0.000198108 -0.0173712 0.0863171 
0.0097148 -0.0177772 -1.73738e-05 -1.22411e-05 -0.0177772 0.0873195 -4.16694e-06 0.000187091 -1.73738e-05 -4.16694e-06 0.00948463 -0.0174597 -1.22411e-05 0.000187091 -0.0174597 0.0865997 
0.00970713 -0.0177439 -9.2984e-06 -2.47298e-05 -0.0177439 0.0872917 -1.6131e-05 0.000211846 -9.2984e-06 -1.6131e-05 0.00949863 -0.0175148 -2.47298e-05 0.000211846 -0.0175148 0.0867421 
0.00969634 -0.0176826 -2.33739e-05 -3.64624e-05 -0.0176826 0.0870348 -2.71503e-05 0.000241458 -2.33739e-05 -2.71503e-05 0.00946291 -0.0175042 -3.64624e-05 0.000241458 -0.0175042 0.0866753 
0.00969715 -0.0177003 -3.36912e-05 -1.85848e-05 -0.0177003 0.0870545 -6.65961e-06 0.000224026 -3.36912e-05 -6.65961e-06 0.00946168 -0.0174887 -1.85848e-05 0.000224026 -0.0174887 0.0867122 
0.00966267 -0.0176349 -2.94187e-05 -3.44762e-06 -0.0176349 0.0867433 1.29851e-05 0.000177293 -2.94187e-05 1.29851e-05 0.00942765 -0.0174155 -3.44762e-06 0.000177293 -0.0174155 0.086374 
0.00964999 -0.0176022 -4.15757e-05 -8.43351e-06 -0.0176022 0.0865977 9.54444e-06 0.000161127 -4.15757e-05 9.54444e-06 0.00942386 -0.0174008 -8.43351e-06 0.000161127 -0.0174008 0.0862747 
0.00964563 -0.0176185 -3.86586e-05 8.31573e-06 -0.0176185 0.0866508 2.18172e-05 0.000136865 -3.86586e-05 2.18172e-05 0.00945431 -0.0174203 8.31573e-06 0.000136865 -0.0174203 0.0863517 
0.0096121 -0.0176004 -3.55695e-05 5.97965e-06 -0.0176004 0.086604 1.13923e-05 0.000136873 -3.55695e-05 1.13923e-05 0.0094996 -0.0174493 5.97965e-06 0.000136873 -0.0174493 0.0863942 
0.00962104 -0.0176071 -2.80326e-05 4.34907e-06 -0.0176071 0.086756 1.04065e-06 0.00015418 -2.80326e-05 1.04065e-06 0.00954404 -0.0175599 4.34907e-06 0.00015418 -0.0175599 0.0867596 
0.00966842 -0.01767 -1.66321e-05 -6.26291e-06 -0.01767 0.0871095 -1.18597e-05 0.00018288 -1.66321e-05 -1.18597e-05 0.00956776 -0.0176785 -6.26291e-06 0.00018288 -0.0176785 0.0873141 
0.00963973 -0.017702 -4.92225e-06 -2.13041e-05 -0.017702 0.0872431 -2.52609e-05 0.000217781 -4.92225e-06 -2.52609e-05 0.00961629 -0.017682 -2.13041e-05 0.000217781 -0.017682 0.0874778 
0.00963306 -0.0176594 4.21627e-06 -3.47684e-05 -0.0176594 0.0872026 -4.03939e-05 0.000254832 4.21627e-06 -4.03939e-05 0.00962999 -0.0177102 -3.47684e-05 0.000254832 -0.0177102 0.0875124 
0.00965826 -0.0176442 1.42671e-06 -4.40517e-05 -0.0176442 0.087153 -4.89256e-05 0.000281564 1.42671e-06 -4.89256e-05 0.009603 -0.0177319 -4.40517e-05 0.000281564 -0.0177319 0.0875826 
0.00965109 -0.0176285 -2.40307e-05 -4.23803e-05 -0.0176285 0.0869539 -4.22283e-05 0.000284885 -2.40307e-05 -4.22283e-05 0.00956759 -0.0176495 -4.23803e-05 0.000284885 -0.0176495 0.0873199 
0.00961927 -0.017576 -4.19519e-05 -1.01391e-05 -0.017576 0.0866444 -8.93405e-06 0.000229962 -4.19519e-05 -8.93405e-06 0.00953757 -0.0175609 -1.01391e-05 0.000229962 -0.0175609 0.0869062 
0.00962813 -0.0175471 -5.20039e-05 1.60277e-05 -0.0175471 0.086481 1.24822e-05 0.000162989 -5.20039e-05 1.24822e-05 0.00950498 -0.0175295 1.60277e-05 0.000162989 -0.0175295 0.0866906 
0.0096592 -0.0175363 -5.94918e-05 3.58191e-05 -0.0175363 0.0863215 2.53616e-05 0.000105222 -5.94918e-05 2.53616e-05 0.00943196 -0.0174827 3.58191e-05 0.000105222 -0.0174827 0.0864828 
0.00967677 -0.0176303 -4.92774e-05 4.56847e-05 -0.0176303 0.0865509 3.07983e-05 7.37525e-05 -4.92774e-05 3.07983e-05 0.00942579 -0.0174248 4.56847e-05 7.37525e-05 -0.0174248 0.0864201 
0.00968143 -0.017705 -3.88543e-05 2.97762e-05 -0.017705 0.086934 1.47819e-05 9.31933e-05 -3.88543e-05 1.47819e-05 0.00945776 -0.0174537 2.97762e-05 9.31933e-05 -0.0174537 0.0865688 
0.00967505 -0.0177034 -2.7557e-05 1.44542e-05 -0.0177034 0.087051 4.13761e-07 0.000131174 -2.7557e-05 4.13761e-07 0.00948682 -0.0174693 1.44542e-05 0.000131174 -0.0174693 0.0866069 
0.0096473 -0.0176734 -1.11358e-05 -2.75903e-06 -0.0176734 0.0869904 -8.79951e-06 0.000168241 -1.11358e-05 -8.79951e-06 0.00951499 -0.017496 -2.75903e-06 0.000168241 -0.017496 0.0866334 
0.00964968 -0.0176316 -1.08873e-07 -2.19477e-05 -0.0176316 0.0868646 -2.27872e-05 0.000202917 -1.08873e-07 -2.27872e-05 0.0095089 -0.0175149 -2.19477e-05 0.000202917 -0.0175149 0.0866342 
0.00969824 -0.0176885 -3.02166e-06 -3.8819e-05 -0.0176885 0.0870888 -4.11897e-05 0.000251225 -3.02166e-06 -4.11897e-05 0.00951761 -0.0175695 -3.8819e-05 0.000251225 -0.0175695 0.0869189 
0.0097673 -0.0178004 -1.84174e-06 -3.67059e-05 -0.0178004 0.0875539 -4.22773e-05 0.000275277 -1.84174e-06 -4.22773e-05 0.00953999 -0.0176371 -3.67059e-05 0.000275277 -0.0176371 0.087331 
0.00983671 -0.0179138 -1.18288e-05 -3.83481e-05 -0.0179138 0.0880358 -4.4232e-05 0.000285004 -1.18288e-05 -4.4232e-05 0.00954918 -0.0176837 -3.83481e-05 0.000285004 -0.0176837 0.0876654 
0.00985027 -0.0179932 -1.70167e-05 -2.62545e-05 -0.0179932 0.0883666 -2.76619e-05 0.000265737 -1.70167e-05 -2.76619e-05 0.00958402 -0.0176927 -2.62545e-05 0.000265737 -0.0176927 0.0878292 
0.00983744 -0.0179589 -2.05904e-05 -1.72386e-05 -0.0179589 0.0883039 -1.61227e-05 0.000232926 -2.05904e-05 -1.61227e-05 0.00957729 -0.0176915 -1.72386e-05 0.000232926 -0.0176915 0.0877563 
0.00979906 -0.0178958 -3.19002e-05 -1.24495e-05 -0.0178958 0.0880201 -7.14254e-06 0.000205425 -3.19002e-05 -7.14254e-06 0.00957397 -0.0176422 -1.24495e-05 0.000205425 -0.0176422 0.0875146 
0.00970758 -0.0177508 -5.5909e-05 -1.32684e-06 -0.0177508 0.0873338 4.24141e-06 0.000179313 -5.5909e-05 4.24141e-06 0.00954828 -0.0175328 -1.32684e-06 0.000179313 -0.0175328 0.0868879 
0.00961867 -0.0176176 -6.58861e-05 3.10078e-05 -0.0176176 0.0867403 3.58455e-05 0.000115986 -6.58861e-05 3.58455e-05 0.00953872 -0.0174811 3.10078e-05 0.000115986 -0.0174811 0.0864489 
0.00959117 -0.0175608 -4.09128e-05 4.27531e-05 -0.0175608 0.0865566 5.04485e-05 6.56525e-05 -4.09128e-05 5.04485e-05 0.00954434 -0.0175309 4.27531e-05 6.56525e-05 -0.0175309 0.0865162 
0.00964 -0.0175858 -1.5525e-05 1.49184e-05 -0.0175858 0.0867067 2.27409e-05 8.65101e-05 -1.5525e-05 2.27409e-05 0.00953269 -0.0176029 1.49184e-05 8.65101e-05 -0.0176029 0.0868602 
0.00970463 -0.0177234 -6.52028e-08 -1.57042e-05 -0.0177234 0.0872551 -1.31545e-05 0.000159054 -6.52028e-08 -1.31545e-05 0.00956285 -0.0176663 -1.57042e-05 0.000159054 -0.0176663 0.087365 
0.00975527 -0.0178475 -6.24716e-06 -4.01297e-05 -0.0178475 0.0878408 -4.45738e-05 0.000245256 -6.24716e-06 -4.45738e-05 0.00961635 -0.0177262 -4.01297e-05 0.000245256 -0.0177262 0.0877766 
0.00976716 -0.0179009 -1.34418e-05 -3.84069e-05 -0.0179009 0.0881711 -4.66349e-05 0.00029092 -1.34418e-05 -4.66349e-05 0.00967879 -0.0177884 -3.84069e-05 0.00029092 -0.0177884 0.0880513 
0.00954446 -0.0174942 -2.3279e-05 -2.90864e-05 -0.0174942 0.0862614 -3.24171e-05 0.00027857 -2.3279e-05 -3.24171e-05 0.00950767 -0.0174398 -2.90864e-05 0.00027857 -0.0174398 0.086216 
0.00977791 -0.0178539 -2.91751e-05 -2.00606e-05 -0.0178539 0.0880834 -1.38729e-05 0.000255307 -2.91751e-05 -1.38729e-05 0.00971318 -0.0178607 -2.00606e-05 0.000255307 -0.0178607 0.0881773 
0.00978837 -0.0178313 -2.43983e-05 -1.08905e-05 -0.0178313 0.0878557 1.27841e-06 0.000216086 -2.43983e-05 1.27841e-06 0.00966227 -0.0178169 -1.08905e-05 0.000216086 -0.0178169 0.0879948 
0.00980588 -0.0178585 -3.52013e-05 -8.91958e-06 -0.0178585 0.0878616 3.82013e-06 0.000187196 -3.52013e-05 3.82013e-06 0.00962234 -0.017781 -8.91958e-06 0.000187196 -0.017781 0.0879205 
0.00976226 -0.0177767 -5.0707e-05 -1.89493e-06 -0.0177767 0.0873944 7.4192e-06 0.000179037 -5.0707e-05 7.4192e-06 0.00954735 -0.0176336 -1.89493e-06 0.000179037 -0.0176336 0.0873134 
0.00972779 -0.0177425 -5.40338e-05 1.98708e-05 -0.0177425 0.0871881 1.9883e-05 0.000149362 -5.40338e-05 1.9883e-05 0.00953434 -0.0175667 1.98708e-05 0.000149362 -0.0175667 0.0870087 
0.00974773 -0.0178164 -5.11667e-05 3.36378e-05 -0.0178164 0.0875766 2.56075e-05 0.000114357 -5.11667e-05 2.56075e-05 0.00958799 -0.017652 3.36378e-05 0.000114357 -0.017652 0.0873614 
0.0097379 -0.0178006 -3.21189e-05 2.91461e-05 -0.0178006 0.0875593 1.94546e-05 0.000111229 -3.21189e-05 1.94546e-05 0.00960586 -0.0176522 2.91461e-05 0.000111229 -0.0176522 0.0873312 
0.00973007 -0.0177495 -4.39302e-06 2.53283e-06 -0.0177495 0.0873453 -4.25643e-06 0.000152915 -4.39302e-06 -4.25643e-06 0.0095836 -0.017644 2.53283e-06 0.000152915 -0.017644 0.0871949 
0.00977869 -0.0177956 2.09886e-07 -3.82198e-05 -0.0177956 0.0875017 -3.9938e-05 0.00023713 2.09886e-07 -3.9938e-05 0.00958222 -0.0176748 -3.82198e-05 0.00023713 -0.0176748 0.0873688 
0.00980934 -0.01786 -4.98585e-06 -4.79289e-05 -0.01786 0.0877094 -4.69268e-05 0.000293495 -4.98585e-06 -4.69268e-05 0.00958515 -0.017694 -4.79289e-05 0.000293495 -0.017694 0.0875227 
0.00983248 -0.01794 -3.74265e-06 -3.97604e-05 -0.01794 0.088078 -3.80739e-05 0.000297037 -3.74265e-06 -3.80739e-05 0.00962572 -0.0177453 -3.97604e-05 0.000297037 -0.0177453 0.0878212 
0.00962929 -0.0175987 -9.81006e-06 -4.07948e-05 -0.0175987 0.0864737 -3.85725e-05 0.000290926 -9.81006e-06 -3.85725e-05 0.00946431 -0.0174308 -4.07948e-05 0.000290926 -0.0174308 0.0862353 
0.00962164 -0.0175874 -7.77905e-06 -3.17074e-05 -0.0175874 0.0865287 -2.64933e-05 0.000272569 -7.77905e-06 -2.64933e-05 0.00949238 -0.0174824 -3.17074e-05 0.000272569 -0.0174824 0.0864308 
0.00979982 -0.0178982 -1.73314e-05 -4.28044e-05 -0.0178982 0.0881309 -3.25335e-05 0.000287276 -1.73314e-05 -3.25335e-05 0.00969462 -0.0178456 -4.28044e-05 0.000287276 -0.0178456 0.0881957 
0.00976433 -0.0177596 -2.04535e-05 -3.76017e-05 -0.0177596 0.0874586 -2.6438e-05 0.000292049 -2.04535e-05 -2.6438e-05 0.00960236 -0.0177406 -3.76017e-05 0.000292049 -0.0177406 0.0876461 
0.00976073 -0.017738 -2.30733e-05 -2.22778e-05 -0.017738 0.0872183 -1.67205e-05 0.000262104 -2.30733e-05 -1.67205e-05 0.00955332 -0.017674 -2.22778e-05 0.000262104 -0.017674 0.0874185 
0.00980058 -0.0177712 -3.14174e-05 -2.06019e-05 -0.0177712 0.0872776 -2.13107e-05 0.000256424 -3.14174e-05 -2.13107e-05 0.00950021 -0.0176375 -2.06019e-05 0.000256424 -0.0176375 0.0873419 
0.00983177 -0.017854 -4.42919e-05 -9.23683e-06 -0.017854 0.0875245 -1.09177e-05 0.000237823 -4.42919e-05 -1.09177e-05 0.00948537 -0.0175881 -9.23683e-06 0.000237823 -0.0175881 0.0872997 
0.00979861 -0.0179032 -4.31704e-05 1.03567e-05 -0.0179032 0.0877387 1.26036e-05 0.000188881 -4.31704e-05 1.26036e-05 0.00953926 -0.0175704 1.03567e-05 0.000188881 -0.0175704 0.087268 
0.00978132 -0.0178715 -3.5684e-05 1.10035e-05 -0.0178715 0.0878093 1.77471e-05 0.000155482 -3.5684e-05 1.77471e-05 0.00957618 -0.0176445 1.10035e-05 0.000155482 -0.0176445 0.0874096 
0.00982145 -0.0179065 -4.27255e-05 5.22648e-06 -0.0179065 0.0880824 8.44097e-06 0.000152806 -4.27255e-05 8.44097e-06 0.00960431 -0.0177535 5.22648e-06 0.000152806 -0.0177535 0.0878663 
0.0097572 -0.0178663 -5.32843e-05 1.88126e-05 -0.0178663 0.0878826 1.62465e-05 0.000134864 -5.32843e-05 1.62465e-05 0.00963214 -0.0177252 1.88126e-05 0.000134864 -0.0177252 0.0877893 
0.00969442 -0.0177388 -5.55923e-05 2.98712e-05 -0.0177388 0.087422 2.14434e-05 0.000117646 -5.55923e-05 2.14434e-05 0.00961454 -0.0176887 2.98712e-05 0.000117646 -0.0176887 0.0874768 
0.00964782 -0.0176605 -4.73698e-05 3.43501e-05 -0.0176605 0.0870743 2.18972e-05 0.000107138 -4.73698e-05 2.18972e-05 0.00961224 -0.017658 3.43501e-05 0.000107138 -0.017658 0.0872662 
0.00964952 -0.0175802 -3.70614e-05 2.31526e-05 -0.0175802 0.0866913 1.43292e-05 0.000117762 -3.70614e-05 1.43292e-05 0.00954265 -0.017606 2.31526e-05 0.000117762 -0.017606 0.0869418 
0.00962565 -0.0175691 -1.59892e-05 6.70508e-06 -0.0175691 0.0864426 3.45731e-06 0.000145827 -1.59892e-05 3.45731e-06 0.00949562 -0.0174954 6.70508e-06 0.000145827 -0.0174954 0.0865396 
0.00961151 -0.0175429 -8.17978e-06 -2.44969e-05 -0.0175429 0.0862954 -2.64205e-05 0.000211324 -8.17978e-06 -2.64205e-05 0.0094636 -0.0174358 -2.44969e-05 0.000211324 -0.0174358 0.0862445 
0.00979294 -0.0179404 5.45579e-06 -3.92649e-05 -0.0179404 0.0882288 -4.13526e-05 0.0002761 5.45579e-06 -4.13526e-05 0.00969267 -0.0178106 -3.92649e-05 0.0002761 -0.0178106 0.0880963 
0.00977673 -0.0179197 1.27325e-05 -4.9244e-05 -0.0179197 0.0882532 -5.26509e-05 0.000305773 1.27325e-05 -5.26509e-05 0.00971896 -0.0178468 -4.9244e-05 0.000305773 -0.0178468 0.0881693 
0.00961549 -0.0176294 1.03939e-05 -5.56074e-05 -0.0176294 0.0868912 -5.9738e-05 0.000323353 1.03939e-05 -5.9738e-05 0.00957128 -0.0176072 -5.56074e-05 0.000323353 -0.0176072 0.0869183 
0.00966819 -0.0177135 1.15608e-05 -5.40301e-05 -0.0177135 0.0873523 -5.6918e-05 0.000329561 1.15608e-05 -5.6918e-05 0.00961298 -0.0177057 -5.40301e-05 0.000329561 -0.0177057 0.0874441 
0.00966276 -0.0177026 7.83173e-06 -5.75727e-05 -0.0177026 0.0873081 -6.06181e-05 0.000337043 7.83173e-06 -6.06181e-05 0.00960623 -0.0176839 -5.75727e-05 0.000337043 -0.0176839 0.0874045 
0.00967175 -0.017618 3.09849e-07 -4.9465e-05 -0.017618 0.0868951 -5.58121e-05 0.00032752 3.09849e-07 -5.58121e-05 0.00952301 -0.0175925 -4.9465e-05 0.00032752 -0.0175925 0.0869711 
0.00975091 -0.017731 -1.39003e-06 -4.08379e-05 -0.017731 0.0872423 -4.71949e-05 0.000310822 -1.39003e-06 -4.71949e-05 0.00950383 -0.017603 -4.08379e-05 0.000310822 -0.017603 0.087164 
0.00977989 -0.0178404 -1.4456e-05 -4.12806e-05 -0.0178404 0.0876045 -4.35829e-05 0.000302408 -1.4456e-05 -4.35829e-05 0.0095006 -0.0175756 -4.12806e-05 0.000302408 -0.0175756 0.0872079 
0.00974463 -0.0178044 -4.61258e-05 -2.8936e-05 -0.0178044 0.0874835 -2.33964e-05 0.00027338 -4.61258e-05 -2.33964e-05 0.00949129 -0.0175127 -2.8936e-05 0.00027338 -0.0175127 0.0869232 
0.00969453 -0.0177178 -5.29423e-05 9.93177e-06 -0.0177178 0.0871316 2.14915e-05 0.000189624 -5.29423e-05 2.14915e-05 0.00948371 -0.0174562 9.93177e-06 0.000189624 -0.0174562 0.08657 
0.0096201 -0.0176125 -4.80168e-05 2.36081e-05 -0.0176125 0.0866708 3.45933e-05 0.000121563 -4.80168e-05 3.45933e-05 0.00948058 -0.01742 2.36081e-05 0.000121563 -0.01742 0.0862559 
0.00956819 -0.0175255 -3.38211e-05 2.06639e-05 -0.0175255 0.086343 2.63404e-05 0.000104816 -3.38211e-05 2.63404e-05 0.00948583 -0.01743 2.06639e-05 0.000104816 -0.01743 0.0861614 
0.00959027 -0.0175483 -2.44863e-05 9.63615e-07 -0.0175483 0.0865228 6.54807e-06 0.00013656 -2.44863e-05 6.54807e-06 0.00951818 -0.017527 9.63615e-07 0.00013656 -0.017527 0.086562 
0.0095878 -0.0175231 -1.42781e-05 -1.30832e-05 -0.0175231 0.0863829 -2.47353e-06 0.000170482 -1.42781e-05 -2.47353e-06 0.0095015 -0.0175064 -1.30832e-05 0.000170482 -0.0175064 0.0865088 
0.00960478 -0.0175064 -1.45301e-05 -2.61006e-05 -0.0175064 0.0862549 -1.54431e-05 0.00020321 -1.45301e-05 -1.54431e-05 0.00946081 -0.0174754 -2.61006e-05 0.00020321 -0.0174754 0.0863889 
0.00964661 -0.0175884 -1.25627e-05 -2.34719e-05 -0.0175884 0.0865332 -2.05958e-05 0.000220537 -1.25627e-05 -2.05958e-05 0.00947743 -0.0174913 -2.34719e-05 0.000220537 -0.0174913 0.0865717 
