0.00722439 0 -0.000187251 0 0 0.0102849 0 0 -0.000187251 0 0.00724857 0 0 0 0 0.0102849 
0.0099206 -0.0123128 -0.000202814 0.000243106 -0.0123128 0.0327491 0.000243106 -0.000466439 -0.000202814 0.000243106 0.00993891 -0.0123379 0.000243106 -0.000466439 -0.0123379 0.0327973 
0.0102043 -0.0189776 -0.00011882 0.000136915 -0.0189776 0.0699986 0.000136915 -0.000382746 -0.00011882 0.000136915 0.0102224 -0.0190372 0.000136915 -0.000382746 -0.0190372 0.0702038 
0.00918681 -0.0177041 -0.000106462 -5.69266e-05 -0.0177041 0.0794074 -4.12656e-05 0.000484752 -0.000106462 -4.12656e-05 0.0091672 -0.0177458 -5.69266e-05 0.000484752 -0.0177458 0.0795733 
0.00946396 -0.0177185 -0.000150922 -3.51711e-05 -0.0177185 0.0854672 -9.15334e-06 0.000764169 -0.000150922 -9.15334e-06 0.00942369 -0.0176833 -3.51711e-05 0.000764169 -0.0176833 0.0853478 
0.00972212 -0.0178809 -0.000238517 7.4076e-05 -0.0178809 0.0878647 9.25038e-05 0.000471179 -0.000238517 9.25038e-05 0.00968914 -0.0178343 7.4076e-05 0.000471179 -0.0178343 0.0876386 
0.00995155 -0.018202 -0.000292338 0.000199398 -0.018202 0.0897037 0.000207874 6.16798e-05 -0.000292338 0.000207874 0.00990199 -0.018184 0.000199398 6.16798e-05 -0.018184 0.0895469 
0.00968597 -0.0177018 -0.000301957 0.000255597 -0.0177018 0.0872307 0.00025684 -0.000224638 -0.000301957 0.00025684 0.00961036 -0.0176483 0.000255597 -0.000224638 -0.0176483 0.0870571 
0.00997176 -0.0182141 -0.000307243 0.000283456 -0.0182141 0.0897145 0.000280105 -0.000368557 -0.000307243 0.000280105 0.00986456 -0.0180967 0.000283456 -0.000368557 -0.0180967 0.0893867 
0.00981611 -0.0179757 -0.0002856 0.000267101 -0.0179757 0.0884556 0.000259777 -0.000370944 -0.0002856 0.000259777 0.00973459 -0.0177916 0.000267101 -0.000370944 -0.0177916 0.0879141 
0.00972728 -0.017835 -0.000231421 0.000241258 -0.017835 0.0878161 0.00023087 -0.000315472 -0.000231421 0.00023087 0.00968039 -0.0176839 0.000241258 -0.000315472 -0.0176839 0.0872291 
0.00966674 -0.0176939 -0.000181114 0.000174613 -0.0176939 0.0872043 0.000167192 -0.000186757 -0.000181114 0.000167192 0.0096166 -0.0176148 0.000174613 -0.000186757 -0.0176148 0.0867636 
0.00965846 -0.0177178 -0.000169768 0.000111742 -0.0177178 0.0872829 0.000110477 -3.5632e-05 -0.000169768 0.000110477 0.00962219 -0.0176351 0.000111742 -3.5632e-05 -0.0176351 0.0869064 
0.00960252 -0.0176747 -0.000183105 9.60901e-05 -0.0176747 0.0871348 0.000100619 4.35576e-05 -0.000183105 0.000100619 0.00962991 -0.0176006 9.60901e-05 4.35576e-05 -0.0176006 0.086775 
0.00953959 -0.0175336 -0.00018444 0.000113311 -0.0175336 0.0866088 0.00011912 3.36134e-05 -0.00018444 0.00011912 0.00959341 -0.0175445 0.000113311 3.36134e-05 -0.0175445 0.0863996 
0.00995061 -0.0182278 -0.000164566 0.000126376 -0.0182278 0.0900944 0.00012908 6.81271e-06 -0.000164566 0.00012908 0.00997587 -0.0183066 0.000126376 6.81271e-06 -0.0183066 0.0901037 
0.00994375 -0.0181771 -0.000160531 0.000100901 -0.0181771 0.0897544 0.000100487 2.92523e-05 -0.000160531 0.000100487 0.0099077 -0.018234 0.000100901 2.92523e-05 -0.018234 0.0898458 
0.00991917 -0.0181473 -0.000167481 9.82695e-05 -0.0181473 0.0894794 9.8063e-05 4.465e-05 -0.000167481 9.8063e-05 0.00986187 -0.0181243 9.82695e-05 4.465e-05 -0.0181243 0.0894628 
0.00993158 -0.0182083 -0.0001923 0.000110358 -0.0182083 0.0897231 0.000107901 2.67272e-05 -0.0001923 0.000107901 0.00987984 -0.0181305 0.000110358 2.67272e-05 -0.0181305 0.0895308 
0.00993471 -0.0182267 -0.000181638 0.000137569 -0.0182267 0.0898534 0.00013142 -1.71676e-05 -0.000181638 0.00013142 0.00989145 -0.0181445 0.000137569 -1.71676e-05 -0.0181445 0.0895707 
0.00992178 -0.0181777 -0.000156734 0.000129194 -0.0181777 0.0896439 0.000119993 -3.00517e-05 -0.000156734 0.000119993 0.0098457 -0.0180988 0.000129194 -3.00517e-05 -0.0180988 0.089329 
0.00994563 -0.0182107 -0.000148246 0.000104273 -0.0182107 0.0897696 9.84784e-05 -1.05947e-06 -0.000148246 9.84784e-05 0.00984342 -0.0181004 0.000104273 -1.05947e-06 -0.0181004 0.089406 
0.00996351 -0.018259 -0.000166759 8.9355e-05 -0.018259 0.0899547 8.91026e-05 3.76349e-05 -0.000166759 8.91026e-05 0.00984081 -0.0181012 8.9355e-05 3.76349e-05 -0.0181012 0.0894681 
0.00994517 -0.0182213 -0.000174156 0.000112011 -0.0182213 0.0897717 0.000115866 8.18488e-06 -0.000174156 0.000115866 0.0098103 -0.0180305 0.000112011 8.18488e-06 -0.0180305 0.0891702 
0.00997129 -0.0183152 -0.000177812 0.000127862 -0.0183152 0.0902149 0.000125977 -3.50923e-05 -0.000177812 0.000125977 0.00987204 -0.0181027 0.000127862 -3.50923e-05 -0.0181027 0.0895297 
0.00954858 -0.0175347 -0.000165556 0.000128015 -0.0175347 0.0864754 0.000117728 -4.82769e-05 -0.000165556 0.000117728 0.00947518 -0.0173859 0.000128015 -4.82769e-05 -0.0173859 0.0858842 
0.00997659 -0.0183206 -0.000141224 0.000128923 -0.0183206 0.0904036 0.00011657 -4.59571e-05 -0.000141224 0.00011657 0.00992378 -0.0182044 0.000128923 -4.59571e-05 -0.0182044 0.0899044 
0.00992642 -0.0181978 -0.000112154 8.83042e-05 -0.0181978 0.089844 7.79932e-05 1.74222e-05 -0.000112154 7.79932e-05 0.00986795 -0.0181253 8.83042e-05 1.74222e-05 -0.0181253 0.0894798 
0.00985935 -0.0180699 -0.00012693 5.25128e-05 -0.0180699 0.0891653 4.80694e-05 9.59199e-05 -0.00012693 4.80694e-05 0.00979966 -0.0179851 5.25128e-05 9.59199e-05 -0.0179851 0.0888296 
0.00981016 -0.0180369 -0.000155473 6.46527e-05 -0.0180369 0.0889536 6.75086e-05 0.000106156 -0.000155473 6.75086e-05 0.00980283 -0.0179338 6.46527e-05 0.000106156 -0.0179338 0.0885688 
0.00980952 -0.0179994 -0.000177434 0.000105783 -0.0179994 0.0888776 0.00011204 2.58703e-05 -0.000177434 0.00011204 0.00980737 -0.0179664 0.000105783 2.58703e-05 -0.0179664 0.0885825 
0.00979006 -0.0179541 -0.000189115 0.000136211 -0.0179541 0.0886198 0.000143846 -6.75031e-05 -0.000189115 0.000143846 0.00980072 -0.0179356 0.000136211 -6.75031e-05 -0.0179356 0.08841 
0.00978463 -0.0179877 -0.000178002 0.000150324 -0.0179877 0.0887475 0.000160265 -0.000129297 -0.000178002 0.000160265 0.00983543 -0.0179865 0.000150324 -0.000129297 -0.0179865 0.0885935 
0.00981043 -0.0180277 -0.000192353 0.00014152 -0.0180277 0.0890346 0.000147838 -0.000138758 -0.000192353 0.000147838 0.00987545 -0.0180908 0.00014152 -0.000138758 -0.0180908 0.0890221 
0.0098274 -0.017993 -0.000183889 0.000160893 -0.017993 0.0889077 0.000159111 -0.000159492 -0.000183889 0.000159111 0.00984502 -0.0180943 0.000160893 -0.000159492 -0.0180943 0.0890471 
0.00986767 -0.0180832 -0.000160381 0.000151303 -0.0180832 0.0892219 0.000146447 -0.000154745 -0.000160381 0.000146447 0.00985039 -0.0181213 0.000151303 -0.000154745 -0.0181213 0.0893171 
0.0098745 -0.0181336 -0.000138959 0.000121096 -0.0181336 0.0894369 0.000115161 -9.77071e-05 -0.000138959 0.000115161 0.0098638 -0.0181087 0.000121096 -9.77071e-05 -0.0181087 0.0893724 
0.00986353 -0.0180742 -0.000138366 9.18325e-05 -0.0180742 0.08921 8.47851e-05 -1.86857e-05 -0.000138366 8.47851e-05 0.00982806 -0.0180492 9.18325e-05 -1.86857e-05 -0.0180492 0.0890634 
0.00988306 -0.0181042 -0.000143757 9.41104e-05 -0.0181042 0.0893078 8.37471e-05 1.13211e-05 -0.000143757 8.37471e-05 0.00982985 -0.0180576 9.41104e-05 1.13211e-05 -0.0180576 0.0891146 
0.00992588 -0.0182134 -0.000135555 0.000108503 -0.0182134 0.0898085 9.54487e-05 -9.13321e-06 -0.000135555 9.54487e-05 0.00986759 -0.018138 0.000108503 -9.13321e-06 -0.018138 0.0895358 
0.00993578 -0.018228 -0.000108676 0.000101466 -0.018228 0.0899192 9.10622e-05 -1.77894e-05 -0.000108676 9.10622e-05 0.00986145 -0.0181339 0.000101466 -1.77894e-05 -0.0181339 0.0895665 
0.00988597 -0.0181367 -0.0001076 7.00134e-05 -0.0181367 0.0894705 6.23938e-05 2.10528e-05 -0.0001076 6.23938e-05 0.00981258 -0.0180117 7.00134e-05 2.10528e-05 -0.0180117 0.0890252 
0.00988476 -0.0181381 -0.000101903 6.50296e-05 -0.0181381 0.0894735 5.86502e-05 5.28023e-05 -0.000101903 5.86502e-05 0.00981328 -0.0180064 6.50296e-05 5.28023e-05 -0.0180064 0.0889642 
0.00986552 -0.0181111 -9.74228e-05 5.83662e-05 -0.0181111 0.0893459 5.48196e-05 6.67752e-05 -9.74228e-05 5.48196e-05 0.0098116 -0.0179832 5.83662e-05 6.67752e-05 -0.0179832 0.0888197 
0.00985016 -0.0180795 -0.000117061 5.48017e-05 -0.0180795 0.0892132 5.51044e-05 6.99554e-05 -0.000117061 5.51044e-05 0.00979641 -0.0179751 5.48017e-05 6.99554e-05 -0.0179751 0.0887198 
0.00984941 -0.0181 -0.000131585 7.87782e-05 -0.0181 0.0893177 8.15086e-05 3.01e-05 -0.000131585 8.15086e-05 0.00980502 -0.0179983 7.87782e-05 3.01e-05 -0.0179983 0.0888486 
0.00984471 -0.0180745 -0.000142637 9.51725e-05 -0.0180745 0.0892531 9.95089e-05 -1.60806e-05 -0.000142637 9.95089e-05 0.00978638 -0.0179949 9.51725e-05 -1.60806e-05 -0.0179949 0.0888404 
0.00983206 -0.0180458 -0.000150649 0.000111953 -0.0180458 0.0890977 0.000117528 -6.87662e-05 -0.000150649 0.000117528 0.00976024 -0.0179454 0.000111953 -6.87662e-05 -0.0179454 0.0886767 
0.00982011 -0.0180037 -0.000160199 0.000116435 -0.0180037 0.0888632 0.000123314 -9.20225e-05 -0.000160199 0.000123314 0.00972058 -0.017875 0.000116435 -9.20225e-05 -0.017875 0.0883758 
0.00978053 -0.0179571 -0.000163637 0.000123042 -0.0179571 0.0885696 0.000130425 -0.000105385 -0.000163637 0.000130425 0.00969122 -0.0177883 0.000123042 -0.000105385 -0.0177883 0.0879859 
0.00974064 -0.0179183 -0.000174902 0.000130998 -0.0179183 0.0884022 0.000136404 -0.000124943 -0.000174902 0.000136404 0.00969944 -0.0177599 0.000130998 -0.000124943 -0.0177599 0.087792 
0.00975633 -0.0179595 -0.000184198 0.000150886 -0.0179595 0.0886934 0.000153529 -0.00016461 -0.000184198 0.000153529 0.00974366 -0.0178656 0.000150886 -0.00016461 -0.0178656 0.0881853 
0.00974756 -0.0179509 -0.000178548 0.000161944 -0.0179509 0.0887267 0.000163258 -0.000199564 -0.000178548 0.000163258 0.00978208 -0.0179075 0.000161944 -0.000199564 -0.0179075 0.0883739 
0.0097365 -0.0178673 -0.000163 0.000144171 -0.0178673 0.0883956 0.000147409 -0.00017537 -0.000163 0.000147409 0.00975677 -0.0179057 0.000144171 -0.00017537 -0.0179057 0.0882642 
0.009742 -0.0178547 -0.000137038 0.000121075 -0.0178547 0.0882456 0.000127681 -0.000123927 -0.000137038 0.000127681 0.00972564 -0.017891 0.000121075 -0.000123927 -0.017891 0.0882293 
0.00975107 -0.0178884 -0.000126007 8.48474e-05 -0.0178884 0.088309 9.07738e-05 -3.72565e-05 -0.000126007 9.07738e-05 0.00970944 -0.0178638 8.48474e-05 -3.72565e-05 -0.0178638 0.0882142 
0.00973884 -0.0178848 -0.000124227 7.09038e-05 -0.0178848 0.0882591 7.4968e-05 2.57527e-05 -0.000124227 7.4968e-05 0.00970044 -0.0178064 7.09038e-05 2.57527e-05 -0.0178064 0.0880087 
0.00977479 -0.0179688 -0.000131395 7.32725e-05 -0.0179688 0.0886868 7.70049e-05 4.12415e-05 -0.000131395 7.70049e-05 0.00975973 -0.0178863 7.32725e-05 4.12415e-05 -0.0178863 0.0883572 
0.00979391 -0.0179896 -0.000162427 8.27236e-05 -0.0179896 0.0888554 8.87494e-05 2.32764e-05 -0.000162427 8.87494e-05 0.00978902 -0.0179591 8.27236e-05 2.32764e-05 -0.0179591 0.0886118 
0.00981886 -0.0180079 -0.000194697 0.000124086 -0.0180079 0.0889643 0.000129406 -5.25727e-05 -0.000194697 0.000129406 0.00978598 -0.0180095 0.000124086 -5.25727e-05 -0.0180095 0.0888409 
0.00983878 -0.0180298 -0.000186615 0.000161132 -0.0180298 0.0890137 0.000163347 -0.000139502 -0.000186615 0.000163347 0.00977249 -0.0179905 0.000161132 -0.000139502 -0.0179905 0.0888687 
0.00983896 -0.0180804 -0.000169044 0.000152218 -0.0180804 0.0891829 0.000153604 -0.000162463 -0.000169044 0.000153604 0.00978417 -0.0179723 0.000152218 -0.000162463 -0.0179723 0.0888758 
0.00982375 -0.0180332 -0.000163015 0.000124754 -0.0180332 0.0890355 0.000128242 -0.000114915 -0.000163015 0.000128242 0.00977026 -0.0179455 0.000124754 -0.000114915 -0.0179455 0.0886928 
0.00984262 -0.0180838 -0.000155788 0.000118826 -0.0180838 0.0892687 0.000120184 -7.79291e-05 -0.000155788 0.000120184 0.00979946 -0.0179911 0.000118826 -7.79291e-05 -0.0179911 0.0889113 
0.00985012 -0.0180784 -0.000149393 0.000109732 -0.0180784 0.0892707 0.000108444 -4.67537e-05 -0.000149393 0.000108444 0.00979564 -0.0179962 0.000109732 -4.67537e-05 -0.0179962 0.0889211 
0.00982547 -0.0180086 -0.000128856 0.000106749 -0.0180086 0.0889017 0.000102493 -3.34524e-05 -0.000128856 0.000102493 0.00976452 -0.0179205 0.000106749 -3.34524e-05 -0.0179205 0.088559 
0.00981332 -0.0180496 -0.00016061 8.51601e-05 -0.0180496 0.0890203 7.73227e-05 5.59252e-06 -0.00016061 7.73227e-05 0.00979657 -0.0179355 8.51601e-05 5.59252e-06 -0.0179355 0.0886143 
0.00984561 -0.0181279 -0.000178816 0.000117022 -0.0181279 0.0895115 0.000112494 -1.64777e-05 -0.000178816 0.000112494 0.00986399 -0.0180727 0.000117022 -1.64777e-05 -0.0180727 0.0891686 
0.00983081 -0.0180419 -0.000170957 0.000140536 -0.0180419 0.0891861 0.00014203 -8.57836e-05 -0.000170957 0.00014203 0.00982919 -0.018044 0.000140536 -8.57836e-05 -0.018044 0.0889918 
0.00982465 -0.0180626 -0.000158085 0.000134925 -0.0180626 0.0892285 0.000141427 -0.000117774 -0.000158085 0.000141427 0.00984087 -0.0180607 0.000134925 -0.000117774 -0.0180607 0.089118 
0.00979155 -0.0180441 -0.000138507 0.000116585 -0.0180441 0.0891769 0.000121784 -9.23883e-05 -0.000138507 0.000121784 0.0098556 -0.0180496 0.000116585 -9.23883e-05 -0.0180496 0.0890819 
0.00976968 -0.0179993 -0.000119439 9.26358e-05 -0.0179993 0.0890845 9.28462e-05 -3.4377e-05 -0.000119439 9.28462e-05 0.00987222 -0.018074 9.26358e-05 -3.4377e-05 -0.018074 0.0891162 
0.00975736 -0.0179789 -0.000139175 7.64578e-05 -0.0179789 0.089048 6.9945e-05 1.60231e-05 -0.000139175 6.9945e-05 0.00990085 -0.0181135 7.64578e-05 1.60231e-05 -0.0181135 0.0892494 
0.00974585 -0.0179144 -0.000154988 0.000101521 -0.0179144 0.0887815 9.0089e-05 3.09176e-06 -0.000154988 9.0089e-05 0.00986848 -0.0181058 0.000101521 3.09176e-06 -0.0181058 0.0891484 
0.00977052 -0.0179073 -0.000167312 0.000123601 -0.0179073 0.088672 0.000116436 -5.37905e-05 -0.000167312 0.000116436 0.00982605 -0.0180724 0.000123601 -5.37905e-05 -0.0180724 0.0890674 
0.00979459 -0.0179281 -0.000178043 0.000140536 -0.0179281 0.0886271 0.000136914 -0.00011206 -0.000178043 0.000136914 0.00978896 -0.0180079 0.000140536 -0.00011206 -0.0180079 0.088884 
0.00979738 -0.0179696 -0.000165389 0.000155532 -0.0179696 0.0887059 0.000150491 -0.000159525 -0.000165389 0.000150491 0.00976896 -0.0179651 0.000155532 -0.000159525 -0.0179651 0.088746 
0.00978555 -0.017972 -0.000134639 0.000146958 -0.017972 0.0887143 0.000135626 -0.000165273 -0.000134639 0.000135626 0.00975537 -0.0179182 0.000146958 -0.000165273 -0.0179182 0.088558 
0.00979387 -0.0180106 -0.000118629 0.000103707 -0.0180106 0.0889266 8.83303e-05 -8.29493e-05 -0.000118629 8.83303e-05 0.00977281 -0.0179347 0.000103707 -8.29493e-05 -0.0179347 0.0886368 
0.00979668 -0.0180272 -0.000119982 7.68226e-05 -0.0180272 0.08907 6.35123e-05 5.6311e-06 -0.000119982 6.35123e-05 0.00978271 -0.0179629 7.68226e-05 5.6311e-06 -0.0179629 0.088746 
0.00978983 -0.0179944 -0.000117791 7.61545e-05 -0.0179944 0.0889779 7.18373e-05 2.94284e-05 -0.000117791 7.18373e-05 0.00976859 -0.0179516 7.61545e-05 2.94284e-05 -0.0179516 0.0886942 
0.0097736 -0.0179471 -0.000101573 7.05991e-05 -0.0179471 0.0887542 7.52936e-05 3.15926e-05 -0.000101573 7.52936e-05 0.00973207 -0.0179119 7.05991e-05 3.15926e-05 -0.0179119 0.0885242 
0.00971525 -0.0178192 -5.77633e-05 5.56964e-05 -0.0178192 0.088091 5.94858e-05 4.72691e-05 -5.77633e-05 5.94858e-05 0.00965818 -0.017758 5.56964e-05 4.72691e-05 -0.017758 0.0878411 
0.00970257 -0.0177795 -5.55931e-05 1.34252e-05 -0.0177795 0.087824 8.91338e-06 0.000119301 -5.55931e-05 8.91338e-06 0.00962768 -0.01769 1.34252e-05 0.000119301 -0.01769 0.0875076 
0.00970126 -0.0177894 -7.45209e-05 1.1701e-05 -0.0177894 0.087798 5.19671e-06 0.000159886 -7.45209e-05 5.19671e-06 0.00961543 -0.0176736 1.1701e-05 0.000159886 -0.0176736 0.0874032 
0.00966328 -0.0177479 -8.33588e-05 2.9351e-05 -0.0177479 0.0875666 3.15797e-05 0.000134991 -8.33588e-05 3.15797e-05 0.00960579 -0.0176121 2.9351e-05 0.000134991 -0.0176121 0.0871024 
0.00965426 -0.0177656 -0.000104309 4.04212e-05 -0.0177656 0.0876955 5.07797e-05 9.11755e-05 -0.000104309 5.07797e-05 0.00963375 -0.0176661 4.04212e-05 9.11755e-05 -0.0176661 0.0872618 
0.00963236 -0.0176765 -0.000130893 6.30612e-05 -0.0176765 0.0873642 7.51248e-05 3.96629e-05 -0.000130893 7.51248e-05 0.00960225 -0.0176451 6.30612e-05 3.96629e-05 -0.0176451 0.0870899 
0.00965789 -0.0177258 -0.000154892 9.12701e-05 -0.0177258 0.0875456 0.000100704 -1.56628e-05 -0.000154892 0.000100704 0.00961891 -0.01769 9.12701e-05 -1.56628e-05 -0.01769 0.0873484 
0.0097114 -0.0178219 -0.000143258 0.000121141 -0.0178219 0.0879913 0.000127755 -7.98305e-05 -0.000143258 0.000127755 0.0096426 -0.0177642 0.000121141 -7.98305e-05 -0.0177642 0.0877671 
0.00970529 -0.0178678 -0.000123409 0.000112069 -0.0178678 0.0881883 0.000115378 -9.43344e-05 -0.000123409 0.000115378 0.00967373 -0.0177605 0.000112069 -9.43344e-05 -0.0177605 0.0878566 
0.00971152 -0.0178892 -0.000103516 8.65686e-05 -0.0178892 0.0884047 8.34261e-05 -4.29024e-05 -0.000103516 8.34261e-05 0.00970533 -0.0178155 8.65686e-05 -4.29024e-05 -0.0178155 0.0880571 
0.00966942 -0.0178357 -0.000103896 6.60141e-05 -0.0178357 0.0882103 5.97864e-05 1.13435e-05 -0.000103896 5.97864e-05 0.00970704 -0.017788 6.60141e-05 1.13435e-05 -0.017788 0.0879026 
0.00962171 -0.017725 -9.81321e-05 6.4284e-05 -0.017725 0.0877717 6.38285e-05 2.84043e-05 -9.81321e-05 6.38285e-05 0.00968479 -0.0177463 6.4284e-05 2.84043e-05 -0.0177463 0.0876087 
0.00964386 -0.0177095 -0.000114643 5.53521e-05 -0.0177095 0.0877288 6.1748e-05 3.88219e-05 -0.000114643 6.1748e-05 0.00968438 -0.0177939 5.53521e-05 3.88219e-05 -0.0177939 0.0877705 
0.00968987 -0.0177601 -0.000139726 6.97928e-05 -0.0177601 0.0878912 8.24637e-05 2.08962e-05 -0.000139726 8.24637e-05 0.00968345 -0.0178351 6.97928e-05 2.08962e-05 -0.0178351 0.0880271 
0.00971624 -0.0177767 -0.000155054 0.000101425 -0.0177767 0.0878527 0.000117635 -4.6029e-05 -0.000155054 0.000117635 0.00965476 -0.0177883 0.000101425 -4.6029e-05 -0.0177883 0.0879152 
0.00972215 -0.0178208 -0.000140558 0.000118979 -0.0178208 0.0879267 0.000133118 -0.000100725 -0.000140558 0.000133118 0.00964128 -0.0177477 0.000118979 -0.000100725 -0.0177477 0.0877974 
0.00972315 -0.0178399 -0.000132072 0.000105508 -0.0178399 0.0880123 0.000108785 -8.80292e-05 -0.000132072 0.000108785 0.00964178 -0.0177312 0.000105508 -8.80292e-05 -0.0177312 0.0877266 
0.00973614 -0.0178408 -0.000101753 9.51243e-05 -0.0178408 0.0880343 8.75261e-05 -4.26259e-05 -0.000101753 8.75261e-05 0.00962495 -0.0177243 9.51243e-05 -4.26259e-05 -0.0177243 0.0876681 
0.00974028 -0.0178918 -9.89181e-05 6.14686e-05 -0.0178918 0.0882061 4.77042e-05 3.27178e-05 -9.89181e-05 4.77042e-05 0.00965107 -0.0177133 6.14686e-05 3.27178e-05 -0.0177133 0.0876872 
0.00973667 -0.0178627 -0.000114122 5.19918e-05 -0.0178627 0.088126 3.80689e-05 9.07308e-05 -0.000114122 3.80689e-05 0.00965463 -0.017713 5.19918e-05 9.07308e-05 -0.017713 0.0875778 
0.00976887 -0.017954 -0.00013091 7.07459e-05 -0.017954 0.0885516 6.14572e-05 7.55624e-05 -0.00013091 6.14572e-05 0.00970819 -0.0178182 7.07459e-05 7.55624e-05 -0.0178182 0.0880298 
0.00976763 -0.0179766 -0.000129111 8.86236e-05 -0.0179766 0.0887326 8.59933e-05 3.07719e-05 -0.000129111 8.59933e-05 0.00974501 -0.0178775 8.86236e-05 3.07719e-05 -0.0178775 0.0882923 
0.0097507 -0.0179609 -0.000113254 8.57789e-05 -0.0179609 0.0887648 8.88393e-05 6.66343e-06 -0.000113254 8.88393e-05 0.00975984 -0.0179246 8.57789e-05 6.66343e-06 -0.0179246 0.0884793 
0.0097469 -0.0179628 -9.7048e-05 6.76961e-05 -0.0179628 0.0888694 7.43581e-05 2.34664e-05 -9.7048e-05 7.43581e-05 0.00976735 -0.0179676 6.76961e-05 2.34664e-05 -0.0179676 0.0887195 
0.00971028 -0.0178695 -0.000111176 5.29972e-05 -0.0178695 0.0884778 5.69374e-05 5.04452e-05 -0.000111176 5.69374e-05 0.00972777 -0.0178823 5.29972e-05 5.04452e-05 -0.0178823 0.0883904 
0.0096921 -0.0178339 -0.000156233 7.55765e-05 -0.0178339 0.0882957 7.52686e-05 2.64857e-05 -0.000156233 7.52686e-05 0.00972002 -0.0178471 7.55765e-05 2.64857e-05 -0.0178471 0.0882337 
0.00973451 -0.0178726 -0.000190773 0.000129966 -0.0178726 0.0884798 0.000128702 -7.13231e-05 -0.000190773 0.000128702 0.00973577 -0.0178922 0.000129966 -7.13231e-05 -0.0178922 0.0884278 
0.00980213 -0.0179583 -0.000189049 0.000172335 -0.0179583 0.0888345 0.000171275 -0.000184539 -0.000189049 0.000171275 0.00976766 -0.017967 0.000172335 -0.000184539 -0.017967 0.0887981 
0.0098282 -0.0180144 -0.000199068 0.000169541 -0.0180144 0.0889786 0.000169979 -0.000226213 -0.000199068 0.000169979 0.00977548 -0.0179648 0.000169541 -0.000226213 -0.0179648 0.0888361 
0.00984275 -0.0180729 -0.000177498 0.000175073 -0.0180729 0.0892047 0.000177208 -0.00023623 -0.000177498 0.000177208 0.00978886 -0.017985 0.000175073 -0.00023623 -0.017985 0.0889326 
0.00982594 -0.0180019 -0.00018441 0.000144019 -0.0180019 0.0888817 0.000149624 -0.000192017 -0.00018441 0.000149624 0.00974988 -0.0179078 0.000144019 -0.000192017 -0.0179078 0.088542 
0.00983988 -0.0180254 -0.000171077 0.000145423 -0.0180254 0.0889172 0.000151392 -0.000159715 -0.000171077 0.000151392 0.00975065 -0.0179114 0.000145423 -0.000159715 -0.0179114 0.0885335 
0.00986356 -0.0180969 -0.000174703 0.000127644 -0.0180969 0.0892207 0.000130292 -0.000115208 -0.000174703 0.000130292 0.00978904 -0.0179666 0.000127644 -0.000115208 -0.0179666 0.08879 
0.00985425 -0.0180663 -0.000163772 0.000135064 -0.0180663 0.0891098 0.000131453 -0.000101409 -0.000163772 0.000131453 0.00978279 -0.0179567 0.000135064 -0.000101409 -0.0179567 0.0886915 
0.00989132 -0.018125 -0.000175133 0.000133283 -0.018125 0.0893948 0.000122454 -9.89388e-05 -0.000175133 0.000122454 0.00981681 -0.0180352 0.000133283 -9.89388e-05 -0.0180352 0.0890396 
0.00989438 -0.0181417 -0.000190926 0.000145548 -0.0181417 0.0894324 0.000129557 -0.000106039 -0.000190926 0.000129557 0.00982844 -0.0180277 0.000145548 -0.000106039 -0.0180277 0.0890374 
0.00992265 -0.0182042 -0.000169243 0.000160591 -0.0182042 0.0897346 0.000147562 -0.000133548 -0.000169243 0.000147562 0.00986034 -0.0180909 0.000160591 -0.000133548 -0.0180909 0.089302 
0.00994545 -0.0182052 -0.00015639 0.000133512 -0.0182052 0.0897654 0.000126827 -0.000114631 -0.00015639 0.000126827 0.00986659 -0.0181025 0.000133512 -0.000114631 -0.0181025 0.08934 
0.00995821 -0.0182579 -0.000142048 0.000106011 -0.0182579 0.0899414 0.000106203 -5.09927e-05 -0.000142048 0.000106203 0.00988443 -0.0181326 0.000106011 -5.09927e-05 -0.0181326 0.0894826 
0.00995358 -0.0182625 -0.000144855 8.34925e-05 -0.0182625 0.0899911 8.91719e-05 1.09922e-05 -0.000144855 8.91719e-05 0.00988969 -0.0181415 8.34925e-05 1.09922e-05 -0.0181415 0.0895127 
0.00997839 -0.0182969 -0.000171799 8.96034e-05 -0.0182969 0.0902123 9.72613e-05 2.2089e-05 -0.000171799 9.72613e-05 0.00990763 -0.0181975 8.96034e-05 2.2089e-05 -0.0181975 0.0897737 
0.00997932 -0.0183356 -0.000180735 0.000120622 -0.0183356 0.0903932 0.000126363 -2.22681e-05 -0.000180735 0.000126363 0.00992901 -0.0182189 0.000120622 -2.22681e-05 -0.0182189 0.0899381 
0.00996811 -0.01829 -0.00020908 0.000138941 -0.01829 0.0902608 0.000139397 -7.71258e-05 -0.00020908 0.000139397 0.00991633 -0.0182045 0.000138941 -7.71258e-05 -0.0182045 0.0898475 
0.00998126 -0.0182862 -0.000210542 0.000176166 -0.0182862 0.0902166 0.000173382 -0.000151797 -0.000210542 0.000173382 0.00990185 -0.0181862 0.000176166 -0.000151797 -0.0181862 0.0897927 
0.0100167 -0.0183186 -0.000183987 0.000172114 -0.0183186 0.0903237 0.000172852 -0.000178704 -0.000183987 0.000172852 0.00989857 -0.0182013 0.000172114 -0.000178704 -0.0182013 0.0898846 
0.0100098 -0.0183444 -0.000159211 0.000135766 -0.0183444 0.0903476 0.000140653 -0.000128091 -0.000159211 0.000140653 0.00990506 -0.0181728 0.000135766 -0.000128091 -0.0181728 0.0898097 
0.00999741 -0.0183293 -0.000153033 9.71248e-05 -0.0183293 0.0903159 0.000103221 -3.00857e-05 -0.000153033 0.000103221 0.00990271 -0.0181751 9.71248e-05 -3.00857e-05 -0.0181751 0.0897583 
0.00998211 -0.0183169 -0.000128472 8.42099e-05 -0.0183169 0.0902883 8.77742e-05 4.35658e-05 -0.000128472 8.77742e-05 0.00990134 -0.0181768 8.42099e-05 4.35658e-05 -0.0181768 0.0897581 
0.00996677 -0.0182742 -0.000145019 5.90302e-05 -0.0182742 0.0901227 6.51852e-05 9.74333e-05 -0.000145019 6.51852e-05 0.00989855 -0.0181512 5.90302e-05 9.74333e-05 -0.0181512 0.0896341 
0.00995589 -0.0182473 -0.00017186 7.46206e-05 -0.0182473 0.0899696 8.30497e-05 9.98642e-05 -0.00017186 8.30497e-05 0.00990169 -0.0181317 7.46206e-05 9.98642e-05 -0.0181317 0.0895033 
0.0099499 -0.0182536 -0.000177827 0.000114726 -0.0182536 0.0899758 0.000120001 2.85639e-05 -0.000177827 0.000120001 0.00991617 -0.0181576 0.000114726 2.85639e-05 -0.0181576 0.0895504 
0.00997399 -0.0182919 -0.000180519 0.000125496 -0.0182919 0.0902055 0.000126767 -2.11658e-05 -0.000180519 0.000126767 0.00995349 -0.0182401 0.000125496 -2.11658e-05 -0.0182401 0.0898917 
0.0095501 -0.017523 -0.000166112 0.00012172 -0.017523 0.0864226 0.000117546 -2.80308e-05 -0.000166112 0.000117546 0.00955158 -0.0174967 0.00012172 -2.80308e-05 -0.0174967 0.0862178 
0.00957528 -0.0175869 -0.000182611 0.000115108 -0.0175869 0.0867533 0.000107967 -1.59279e-05 -0.000182611 0.000107967 0.00960942 -0.0175771 0.000115108 -1.59279e-05 -0.0175771 0.086599 
0.00956659 -0.0175654 -0.000195173 0.000130656 -0.0175654 0.0866976 0.000122076 -2.60808e-05 -0.000195173 0.000122076 0.00960734 -0.0175933 0.000130656 -2.60808e-05 -0.0175933 0.0866171 
0.00958117 -0.0175715 -0.000203425 0.000146219 -0.0175715 0.0867717 0.000138891 -5.97466e-05 -0.000203425 0.000138891 0.00961404 -0.0176344 0.000146219 -5.97466e-05 -0.0176344 0.0868098 
0.00960923 -0.0176234 -0.000183595 0.000151971 -0.0176234 0.0870099 0.000152229 -8.61407e-05 -0.000183595 0.000152229 0.00963599 -0.0176788 0.000151971 -8.61407e-05 -0.0176788 0.0870884 
0.00962108 -0.0176109 -0.000150165 0.000124864 -0.0176109 0.0869498 0.000130226 -5.80841e-05 -0.000150165 0.000130226 0.00962383 -0.0176575 0.000124864 -5.80841e-05 -0.0176575 0.0870201 
0.00961106 -0.0175753 -0.000128601 8.16114e-05 -0.0175753 0.0866981 8.74833e-05 2.87353e-05 -0.000128601 8.74833e-05 0.00958825 -0.0175874 8.16114e-05 2.87353e-05 -0.0175874 0.0867029 
0.00962199 -0.0175897 -0.000111814 5.64546e-05 -0.0175897 0.0866945 5.79756e-05 0.00011169 -0.000111814 5.79756e-05 0.00957012 -0.0175679 5.64546e-05 0.00011169 -0.0175679 0.0866116 
0.00965934 -0.0176759 -0.000114432 4.24836e-05 -0.0176759 0.0870567 3.70415e-05 0.000167682 -0.000114432 3.70415e-05 0.00959141 -0.0176069 4.24836e-05 0.000167682 -0.0176069 0.0868462 
0.00966761 -0.0176818 -0.000136533 5.33976e-05 -0.0176818 0.0870894 4.13347e-05 0.000170733 -0.000136533 4.13347e-05 0.00958727 -0.0175897 5.33976e-05 0.000170733 -0.0175897 0.0867821 
0.00968217 -0.0177254 -0.000149399 8.1449e-05 -0.0177254 0.0872662 6.8177e-05 0.000123778 -0.000149399 6.8177e-05 0.00959095 -0.0176034 8.1449e-05 0.000123778 -0.0176034 0.0868535 
0.00967867 -0.0177298 -0.000175296 9.4604e-05 -0.0177298 0.08729 8.81045e-05 7.22901e-05 -0.000175296 8.81045e-05 0.00958271 -0.0175798 9.4604e-05 7.22901e-05 -0.0175798 0.0867712 
0.0096798 -0.0177435 -0.000202411 0.000126717 -0.0177435 0.0873905 0.000128782 -7.9854e-06 -0.000202411 0.000128782 0.00959099 -0.0175963 0.000126717 -7.9854e-06 -0.0175963 0.0868434 
0.00967622 -0.0176966 -0.000192596 0.000158907 -0.0176966 0.0872032 0.000162488 -9.52905e-05 -0.000192596 0.000162488 0.00956772 -0.0175647 0.000158907 -9.52905e-05 -0.0175647 0.0866825 
0.00968525 -0.017708 -0.000159735 0.000147922 -0.017708 0.0872 0.000149461 -0.000112337 -0.000159735 0.000149461 0.00954951 -0.0175591 0.000147922 -0.000112337 -0.0175591 0.086676 
0.00968752 -0.017723 -0.000106194 0.000105233 -0.017723 0.087224 0.000104503 -4.00866e-05 -0.000106194 0.000104503 0.00953936 -0.0175294 0.000105233 -4.00866e-05 -0.0175294 0.0866111 
