0.00684697 0 0.000208342 0 0 0.00969402 0 0 0.000208342 0 0.00684232 0 0 0 0 0.00969402 
0.0100074 -0.0124186 0.000254678 -0.000308868 -0.0124186 0.0329706 -0.000308868 0.000592324 0.000254678 -0.000308868 0.00996091 -0.0123675 -0.000308868 0.000592324 -0.0123675 0.0328729 
0.00974861 -0.0181384 0.000147553 -0.00025552 -0.0181384 0.0668543 -0.00025552 0.00077674 0.000147553 -0.00025552 0.00971967 -0.0181297 -0.00025552 0.00077674 -0.0181297 0.0668543 
0.00923169 -0.01782 8.109e-05 -2.81712e-05 -0.01782 0.0799165 -2.72949e-05 -6.71027e-05 8.109e-05 -2.72949e-05 0.00921818 -0.0177635 -2.81712e-05 -6.71027e-05 -0.0177635 0.0796866 
0.00923242 -0.0172308 0.000100329 3.38003e-05 -0.0172308 0.0832028 3.76436e-05 -0.000553204 0.000100329 3.76436e-05 0.00918617 -0.017164 3.38003e-05 -0.000553204 -0.017164 0.0826306 
0.00951923 -0.0174606 0.00014313 -2.1714e-05 -0.0174606 0.085704 -1.94694e-05 -0.000490864 0.00014313 -1.94694e-05 0.00943926 -0.0173579 -2.1714e-05 -0.000490864 -0.0173579 0.0850233 
0.00971475 -0.0177614 0.000160054 -8.91525e-05 -0.0177614 0.0873222 -9.52381e-05 -0.000237128 0.000160054 -9.52381e-05 0.00961593 -0.0176211 -8.91525e-05 -0.000237128 -0.0176211 0.0866304 
0.0096783 -0.0177476 0.000134459 -0.00010746 -0.0177476 0.0872717 -0.000122222 -5.86156e-05 0.000134459 -0.000122222 0.00959967 -0.0175722 -0.00010746 -5.86156e-05 -0.0175722 0.0865487 
0.00968947 -0.0178042 0.000111869 -7.80387e-05 -0.0178042 0.0876829 -9.16138e-05 -3.34257e-05 0.000111869 -9.16138e-05 0.00966115 -0.0176414 -7.80387e-05 -3.34257e-05 -0.0176414 0.0869624 
0.0097434 -0.0179119 9.58502e-05 -4.61085e-05 -0.0179119 0.0883599 -5.05981e-05 -0.000106517 9.58502e-05 -5.05981e-05 0.00975061 -0.0178152 -4.61085e-05 -0.000106517 -0.0178152 0.0877478 
0.0096235 -0.0176362 0.000114597 -3.76874e-05 -0.0176362 0.0870974 -2.92271e-05 -0.000152696 0.000114597 -2.92271e-05 0.00961805 -0.0176023 -3.76874e-05 -0.000152696 -0.0176023 0.0866656 
0.00960131 -0.0175795 0.000140478 -6.15585e-05 -0.0175795 0.0867353 -4.49381e-05 -0.000143925 0.000140478 -4.49381e-05 0.00956642 -0.0175305 -6.15585e-05 -0.000143925 -0.0175305 0.0863545 
0.00957257 -0.0175293 0.000155047 -9.57863e-05 -0.0175293 0.0864196 -7.99057e-05 -7.56623e-05 0.000155047 -7.99057e-05 0.00951739 -0.0174451 -9.57863e-05 -7.56623e-05 -0.0174451 0.0859921 
0.00976772 -0.0179173 0.00012996 -0.000115753 -0.0179173 0.0882901 -0.000106278 -5.23513e-06 0.00012996 -0.000106278 0.00973482 -0.0177953 -0.000115753 -5.23513e-06 -0.0177953 0.0877614 
0.00956226 -0.0175501 0.0001208 -8.01941e-05 -0.0175501 0.0865478 -7.58262e-05 -2.26507e-05 0.0001208 -7.58262e-05 0.00953805 -0.0174805 -8.01941e-05 -2.26507e-05 -0.0174805 0.086097 
0.00956957 -0.0175161 0.000122129 -7.36646e-05 -0.0175161 0.0864435 -7.2532e-05 -4.34828e-05 0.000122129 -7.2532e-05 0.00950072 -0.0174727 -7.36646e-05 -4.34828e-05 -0.0174727 0.0860979 
0.00955891 -0.0175343 0.000102843 -7.97232e-05 -0.0175343 0.0864477 -8.42791e-05 -2.48272e-05 0.000102843 -8.42791e-05 0.0094928 -0.0174296 -7.97232e-05 -2.48272e-05 -0.0174296 0.0860481 
0.00955018 -0.0175389 8.34567e-05 -6.34536e-05 -0.0175389 0.0865109 -6.7829e-05 -2.83583e-05 8.34567e-05 -6.7829e-05 0.00949731 -0.0174218 -6.34536e-05 -2.83583e-05 -0.0174218 0.0860304 
0.00971826 -0.0178552 9.79844e-05 -4.53942e-05 -0.0178552 0.0881254 -4.64777e-05 -6.0681e-05 9.79844e-05 -4.64777e-05 0.00970222 -0.0177434 -4.53942e-05 -6.0681e-05 -0.0177434 0.0876119 
0.00971601 -0.0178339 0.000122434 -5.66817e-05 -0.0178339 0.0880739 -5.43213e-05 -6.87614e-05 0.000122434 -5.43213e-05 0.00969681 -0.0177786 -5.66817e-05 -6.87614e-05 -0.0177786 0.0876539 
0.0096855 -0.0177843 0.000136942 -9.10255e-05 -0.0177843 0.0878209 -8.57668e-05 -1.07134e-05 0.000136942 -8.57668e-05 0.00968016 -0.0177352 -9.10255e-05 -1.07134e-05 -0.0177352 0.0874712 
0.00960513 -0.0176135 8.524e-05 -0.000102537 -0.0176135 0.0869781 -9.93731e-05 3.24292e-05 8.524e-05 -9.93731e-05 0.00958328 -0.0175662 -0.000102537 3.24292e-05 -0.0175662 0.0866328 
0.00955913 -0.017553 4.36066e-05 -4.47861e-05 -0.017553 0.0866166 -4.24891e-05 -3.31307e-05 4.36066e-05 -4.24891e-05 0.00955365 -0.0174824 -4.47861e-05 -3.31307e-05 -0.0174824 0.0862363 
0.00954634 -0.0175322 5.57455e-05 7.16658e-06 -0.0175322 0.0865463 1.10144e-05 -0.000158119 5.57455e-05 1.10144e-05 0.00955383 -0.0174938 7.16658e-06 -0.000158119 -0.0174938 0.0862117 
0.00955605 -0.0175118 8.56354e-05 -8.66813e-06 -0.0175118 0.0864622 9.40062e-07 -0.000193195 8.56354e-05 9.40062e-07 0.00951515 -0.0174925 -8.66813e-06 -0.000193195 -0.0174925 0.0861847 
0.00960052 -0.0175767 9.79582e-05 -4.67069e-05 -0.0175767 0.086706 -3.69907e-05 -0.000133111 9.79582e-05 -3.69907e-05 0.0094947 -0.0175037 -4.67069e-05 -0.000133111 -0.0175037 0.0863782 
0.00961535 -0.0176648 0.000109868 -6.34145e-05 -0.0176648 0.0870539 -6.14403e-05 -6.26202e-05 0.000109868 -6.14403e-05 0.00950199 -0.0174937 -6.34145e-05 -6.26202e-05 -0.0174937 0.0865184 
0.00961154 -0.0176636 0.000106908 -7.66209e-05 -0.0176636 0.0871473 -8.27817e-05 -6.67113e-06 0.000106908 -8.27817e-05 0.00950842 -0.0174803 -7.66209e-05 -6.67113e-06 -0.0174803 0.086495 
0.00960473 -0.0176601 8.24895e-05 -6.67941e-05 -0.0176601 0.0871728 -7.82109e-05 3.11202e-07 8.24895e-05 -7.82109e-05 0.00951429 -0.0174752 -6.67941e-05 3.11202e-07 -0.0174752 0.0864685 
0.00959183 -0.0176318 6.03669e-05 -3.92293e-05 -0.0176318 0.0870893 -5.05462e-05 -3.97594e-05 6.03669e-05 -5.05462e-05 0.00953106 -0.0174766 -3.92293e-05 -3.97594e-05 -0.0174766 0.0864351 
0.00960311 -0.0176295 3.77382e-05 -1.66193e-05 -0.0176295 0.087109 -2.38243e-05 -9.66129e-05 3.77382e-05 -2.38243e-05 0.00955629 -0.0175217 -1.66193e-05 -9.66129e-05 -0.0175217 0.086569 
0.00958163 -0.0176157 4.72938e-05 5.01726e-06 -0.0176157 0.0870071 4.73377e-06 -0.00015551 4.72938e-05 4.73377e-06 0.00958169 -0.01753 5.01726e-06 -0.00015551 -0.01753 0.0865604 
0.00956895 -0.01757 7.33701e-05 -1.15191e-05 -0.01757 0.0868287 -5.49911e-06 -0.000155964 7.33701e-05 -5.49911e-06 0.00956897 -0.0175431 -1.15191e-05 -0.000155964 -0.0175431 0.0865037 
0.00957491 -0.0175722 0.000108037 -4.98199e-05 -0.0175722 0.0867992 -4.00225e-05 -8.71846e-05 0.000108037 -4.00225e-05 0.00953753 -0.0175388 -4.98199e-05 -8.71846e-05 -0.0175388 0.0865129 
0.00956818 -0.017603 0.000135681 -9.65553e-05 -0.017603 0.0869049 -8.96709e-05 2.9454e-05 0.000135681 -8.96709e-05 0.00953648 -0.0175133 -9.65553e-05 2.9454e-05 -0.0175133 0.0865225 
0.00957317 -0.0176203 0.000136891 -0.000127474 -0.0176203 0.0870688 -0.00012774 0.000135274 0.000136891 -0.00012774 0.00954677 -0.0175333 -0.000127474 0.000135274 -0.0175333 0.086631 
0.00955441 -0.0175611 0.000106831 -0.00012362 -0.0175611 0.0868366 -0.000125824 0.00016723 0.000106831 -0.000125824 0.00951068 -0.0174853 -0.00012362 0.00016723 -0.0174853 0.0864097 
0.00951385 -0.0175092 8.75087e-05 -8.7301e-05 -0.0175092 0.0865463 -8.46298e-05 0.000111706 8.75087e-05 -8.46298e-05 0.00949115 -0.0174067 -8.7301e-05 0.000111706 -0.0174067 0.0860856 
0.00967494 -0.0178024 7.83254e-05 -6.02193e-05 -0.0178024 0.0880491 -5.42456e-05 2.62411e-05 7.83254e-05 -5.42456e-05 0.00968013 -0.0177311 -6.02193e-05 2.62411e-05 -0.0177311 0.087617 
0.00964101 -0.0177383 8.98955e-05 -4.9798e-05 -0.0177383 0.087757 -4.69164e-05 -1.57741e-05 8.98955e-05 -4.69164e-05 0.00967846 -0.017714 -4.9798e-05 -1.57741e-05 -0.017714 0.0874386 
0.0096566 -0.0177373 0.000100117 -6.20075e-05 -0.0177373 0.0877626 -6.18544e-05 -9.8197e-06 0.000100117 -6.18544e-05 0.00967761 -0.0177613 -6.20075e-05 -9.8197e-06 -0.0177613 0.0875839 
0.00964555 -0.0177448 0.000113586 -8.01786e-05 -0.0177448 0.0877379 -7.66367e-05 3.03328e-05 0.000113586 -7.66367e-05 0.00970004 -0.0177562 -8.01786e-05 3.03328e-05 -0.0177562 0.0876092 
0.00967943 -0.0178027 0.000132654 -9.24493e-05 -0.0178027 0.088054 -8.82018e-05 5.83646e-05 0.000132654 -8.82018e-05 0.00973812 -0.0178503 -9.24493e-05 5.83646e-05 -0.0178503 0.0879827 
0.00969966 -0.0178167 0.000126726 -0.000104128 -0.0178167 0.0881326 -0.000104554 7.75593e-05 0.000126726 -0.000104554 0.00972924 -0.0178804 -0.000104128 7.75593e-05 -0.0178804 0.0881305 
0.0095137 -0.0174568 9.11134e-05 -9.33169e-05 -0.0174568 0.0862943 -9.75627e-05 7.34064e-05 9.11134e-05 -9.75627e-05 0.00950399 -0.0174771 -9.33169e-05 7.34064e-05 -0.0174771 0.0862489 
0.00972393 -0.0178593 7.04485e-05 -4.80256e-05 -0.0178593 0.0881939 -5.81667e-05 -2.66688e-06 7.04485e-05 -5.81667e-05 0.00969961 -0.0178112 -4.80256e-05 -2.66688e-06 -0.0178112 0.0879897 
0.0095276 -0.0175243 6.61656e-05 -1.64857e-05 -0.0175243 0.086528 -2.65851e-05 -9.26549e-05 6.61656e-05 -2.65851e-05 0.0094858 -0.017446 -1.64857e-05 -9.26549e-05 -0.017446 0.0861903 
0.00950974 -0.0175025 6.46389e-05 -1.51179e-05 -0.0175025 0.0864648 -2.21066e-05 -0.000130952 6.46389e-05 -2.21066e-05 0.00946916 -0.0173987 -1.51179e-05 -0.000130952 -0.0173987 0.0860326 
0.00971255 -0.0178359 9.0497e-05 -2.52144e-05 -0.0178359 0.0881861 -3.30642e-05 -0.000113106 9.0497e-05 -3.30642e-05 0.00965472 -0.0177542 -2.52144e-05 -0.000113106 -0.0177542 0.0877732 
0.00968679 -0.017797 0.000120939 -5.8989e-05 -0.017797 0.0879431 -6.77792e-05 -4.44872e-05 0.000120939 -6.77792e-05 0.00964197 -0.0176999 -5.8989e-05 -4.44872e-05 -0.0176999 0.087536 
0.00964211 -0.0177503 0.000132631 -9.41308e-05 -0.0177503 0.0876856 -0.000101529 3.97881e-05 0.000132631 -0.000101529 0.00964717 -0.0176477 -9.41308e-05 3.97881e-05 -0.0176477 0.0872416 
0.00964056 -0.0177623 0.000141122 -0.000107532 -0.0177623 0.087824 -0.00011089 8.8057e-05 0.000141122 -0.00011089 0.00966861 -0.0177349 -0.000107532 8.8057e-05 -0.0177349 0.0874995 
0.00946387 -0.0174335 0.000125904 -0.000109381 -0.0174335 0.08627 -0.000109099 9.48677e-05 0.000125904 -0.000109099 0.00950458 -0.0174479 -0.000109381 9.48677e-05 -0.0174479 0.0860982 
0.00948635 -0.0174674 0.000117407 -9.90506e-05 -0.0174674 0.0864882 -9.78864e-05 8.42897e-05 0.000117407 -9.78864e-05 0.00954523 -0.0175141 -9.90506e-05 8.42897e-05 -0.0175141 0.0864428 
0.00947094 -0.0174722 0.000128789 -9.2774e-05 -0.0174722 0.0865186 -8.87718e-05 6.57917e-05 0.000128789 -8.87718e-05 0.00957735 -0.0175309 -9.2774e-05 6.57917e-05 -0.0175309 0.086525 
0.00946744 -0.017437 0.000148806 -0.00010772 -0.017437 0.0864222 -0.000101879 8.17139e-05 0.000148806 -0.000101879 0.00958953 -0.0175487 -0.00010772 8.17139e-05 -0.0175487 0.0865225 
0.00951417 -0.0175099 0.000118522 -0.000132059 -0.0175099 0.0867664 -0.000128117 0.000132817 0.000118522 -0.000128117 0.00962324 -0.0176526 -0.000132059 0.000132817 -0.0176526 0.0869724 
0.00953474 -0.0174956 0.000102674 -8.64051e-05 -0.0174956 0.0866595 -8.86978e-05 8.53373e-05 0.000102674 -8.86978e-05 0.00959262 -0.017619 -8.64051e-05 8.53373e-05 -0.017619 0.0868727 
0.00956021 -0.0175378 0.000105134 -5.90793e-05 -0.0175378 0.0867268 -6.81344e-05 1.05895e-05 0.000105134 -6.81344e-05 0.00957565 -0.0175889 -5.90793e-05 1.05895e-05 -0.0175889 0.0868118 
0.00957755 -0.0175484 0.000118266 -5.50443e-05 -0.0175484 0.0867084 -7.06443e-05 -2.65596e-05 0.000118266 -7.06443e-05 0.00954718 -0.0175508 -5.50443e-05 -2.65596e-05 -0.0175508 0.0866558 
0.00960877 -0.0175809 0.000113942 -6.99117e-05 -0.0175809 0.0867765 -8.52334e-05 -1.75722e-05 0.000113942 -8.52334e-05 0.00951555 -0.0175235 -6.99117e-05 -1.75722e-05 -0.0175235 0.0865749 
0.00963105 -0.0176787 0.000114247 -6.60644e-05 -0.0176787 0.0871394 -7.6416e-05 -2.08838e-05 0.000114247 -7.6416e-05 0.00954637 -0.0175332 -6.60644e-05 -2.08838e-05 -0.0175332 0.0867281 
0.00962385 -0.0176718 0.000110888 -6.96975e-05 -0.0176718 0.0871647 -7.52142e-05 -2.34888e-05 0.000110888 -7.52142e-05 0.00955525 -0.0175257 -6.96975e-05 -2.34888e-05 -0.0175257 0.0866439 
0.00959419 -0.0176496 0.00010132 -6.1291e-05 -0.0176496 0.0870888 -6.55013e-05 -4.48944e-05 0.00010132 -6.55013e-05 0.0095657 -0.0175231 -6.1291e-05 -4.48944e-05 -0.0175231 0.0865657 
0.00958481 -0.0176167 0.000109399 -5.43833e-05 -0.0176167 0.0870155 -5.17225e-05 -6.94754e-05 0.000109399 -5.17225e-05 0.00955857 -0.0175434 -5.43833e-05 -6.94754e-05 -0.0175434 0.0865855 
0.00957287 -0.0176011 0.000129296 -7.07862e-05 -0.0176011 0.0869494 -6.13498e-05 -5.44759e-05 0.000129296 -6.13498e-05 0.00957471 -0.017539 -7.07862e-05 -5.44759e-05 -0.017539 0.0865927 
0.00954469 -0.0175842 0.000128891 -9.98756e-05 -0.0175842 0.0868875 -8.81377e-05 3.42968e-06 0.000128891 -8.81377e-05 0.00959164 -0.0175509 -9.98756e-05 3.42968e-06 -0.0175509 0.0865912 
0.00954115 -0.0175424 0.000105731 -0.000102801 -0.0175424 0.0867854 -9.18803e-05 4.06418e-05 0.000105731 -9.18803e-05 0.00958924 -0.0175801 -0.000102801 4.06418e-05 -0.0175801 0.0866448 
0.00955173 -0.0175402 0.00010696 -6.67758e-05 -0.0175402 0.0867619 -6.05883e-05 -7.38571e-06 0.00010696 -6.05883e-05 0.0095805 -0.0175971 -6.67758e-05 -7.38571e-06 -0.0175971 0.0867497 
0.00956896 -0.0175948 0.000140239 -5.85692e-05 -0.0175948 0.0869747 -6.20529e-05 -4.67576e-05 0.000140239 -6.20529e-05 0.00959504 -0.0176207 -5.85692e-05 -4.67576e-05 -0.0176207 0.0869529 
0.00957919 -0.0175908 0.000132753 -8.33023e-05 -0.0175908 0.0869866 -9.71423e-05 -2.6163e-05 0.000132753 -9.71423e-05 0.0095742 -0.0176112 -8.33023e-05 -2.6163e-05 -0.0176112 0.0869388 
0.0095926 -0.0176017 0.000110825 -7.87439e-05 -0.0176017 0.0870146 -9.47375e-05 -8.60438e-06 0.000110825 -9.47375e-05 0.00956732 -0.0175962 -7.87439e-05 -8.60438e-06 -0.0175962 0.0869378 
0.00958212 -0.017572 0.000119783 -5.8917e-05 -0.017572 0.0868287 -6.92722e-05 -3.82775e-05 0.000119783 -6.92722e-05 0.00953488 -0.0175366 -5.8917e-05 -3.82775e-05 -0.0175366 0.086685 
0.00958972 -0.0176221 0.000101451 -7.20738e-05 -0.0176221 0.0870236 -7.73294e-05 -4.04855e-05 0.000101451 -7.73294e-05 0.00956014 -0.0175494 -7.20738e-05 -4.04855e-05 -0.0175494 0.0867827 
0.00961416 -0.0176494 0.000106803 -6.02105e-05 -0.0176494 0.0872144 -6.29495e-05 -4.35005e-05 0.000106803 -6.29495e-05 0.00957475 -0.017597 -6.02105e-05 -4.35005e-05 -0.017597 0.0869586 
0.00961776 -0.0176358 0.00010484 -7.01631e-05 -0.0176358 0.0871298 -7.05779e-05 -2.9037e-05 0.00010484 -7.05779e-05 0.0095625 -0.0175731 -7.01631e-05 -2.9037e-05 -0.0175731 0.0868647 
0.00961207 -0.0176477 0.000121619 -7.12191e-05 -0.0176477 0.087129 -6.74455e-05 -1.8554e-05 0.000121619 -6.74455e-05 0.00957148 -0.0175582 -7.12191e-05 -1.8554e-05 -0.0175582 0.0868043 
0.00961812 -0.0176677 0.00013942 -9.20575e-05 -0.0176677 0.0872467 -8.21363e-05 8.17733e-06 0.00013942 -8.21363e-05 0.0095865 -0.0175907 -9.20575e-05 8.17733e-06 -0.0175907 0.0869008 
0.0096114 -0.0176598 0.000152327 -0.000117943 -0.0176598 0.0872298 -0.000105206 6.56098e-05 0.000152327 -0.000105206 0.00959061 -0.0175927 -0.000117943 6.56098e-05 -0.0175927 0.0868928 
0.00962904 -0.01766 0.000140305 -0.000133156 -0.01766 0.0872573 -0.000123999 0.000117201 0.000140305 -0.000123999 0.00958671 -0.0176119 -0.000133156 0.000117201 -0.0176119 0.0869578 
0.00963455 -0.0176772 0.000131457 -0.000103447 -0.0176772 0.0872667 -0.00010152 8.14672e-05 0.000131457 -0.00010152 0.0095778 -0.0175923 -0.000103447 8.14672e-05 -0.0175923 0.0869166 
0.00963737 -0.0176821 0.000119204 -8.64473e-05 -0.0176821 0.0872726 -8.90623e-05 3.15723e-05 0.000119204 -8.90623e-05 0.00957316 -0.0175797 -8.64473e-05 3.15723e-05 -0.0175797 0.0868653 
0.00964874 -0.0177265 0.000125969 -8.04889e-05 -0.0177265 0.0874804 -8.54508e-05 1.54992e-05 0.000125969 -8.54508e-05 0.00960151 -0.0176145 -8.04889e-05 1.54992e-05 -0.0176145 0.0870341 
0.00959854 -0.0176518 0.000146062 -8.32558e-05 -0.0176518 0.0871473 -8.98612e-05 9.47848e-06 0.000146062 -8.98612e-05 0.00958439 -0.0175509 -8.32558e-05 9.47848e-06 -0.0175509 0.086692 
0.00954818 -0.0175806 0.000133203 -9.92288e-05 -0.0175806 0.0868491 -0.000104344 2.03022e-05 0.000133203 -0.000104344 0.00957317 -0.0175223 -9.92288e-05 2.03022e-05 -0.0175223 0.0864643 
0.00951818 -0.0175305 0.000135033 -8.88829e-05 -0.0175305 0.0866824 -9.01612e-05 1.35631e-05 0.000135033 -9.01612e-05 0.00957141 -0.0175329 -8.88829e-05 1.35631e-05 -0.0175329 0.0864442 
0.00948887 -0.0174494 0.000140231 -9.12275e-05 -0.0174494 0.0863433 -8.652e-05 1.12554e-06 0.000140231 -8.652e-05 0.0095333 -0.0174988 -9.12275e-05 1.12554e-06 -0.0174988 0.0862607 
0.00951046 -0.0174627 0.000163371 -0.000107282 -0.0174627 0.0863868 -9.67597e-05 2.53957e-05 0.000163371 -9.67597e-05 0.00952191 -0.0175083 -0.000107282 2.53957e-05 -0.0175083 0.0863706 
0.00950136 -0.0174616 0.000169568 -0.000138715 -0.0174616 0.0863002 -0.00012962 9.4926e-05 0.000169568 -0.00012962 0.00951531 -0.0174518 -0.000138715 9.4926e-05 -0.0174518 0.086199 
0.00951681 -0.0174954 0.000159732 -0.00014202 -0.0174954 0.0864694 -0.000141176 0.000137843 0.000159732 -0.000141176 0.00951606 -0.0174841 -0.00014202 0.000137843 -0.0174841 0.086312 
0.00951074 -0.0174932 0.000136092 -0.000127894 -0.0174932 0.0864782 -0.000138994 0.000145287 0.000136092 -0.000138994 0.00951628 -0.017476 -0.000127894 0.000145287 -0.017476 0.0863161 
0.00952292 -0.0175188 9.7296e-05 -9.41153e-05 -0.0175188 0.0866378 -0.000107925 8.86556e-05 9.7296e-05 -0.000107925 0.0095233 -0.0175098 -9.41153e-05 8.86556e-05 -0.0175098 0.0864892 
0.00950761 -0.0175022 9.94714e-05 -4.96419e-05 -0.0175022 0.0865697 -5.93536e-05 -7.72585e-06 9.94714e-05 -5.93536e-05 0.00952464 -0.017478 -4.96419e-05 -7.72585e-06 -0.017478 0.0863975 
0.00949259 -0.0174568 0.000115713 -5.45595e-05 -0.0174568 0.0863956 -5.74731e-05 -4.8345e-05 0.000115713 -5.74731e-05 0.00950887 -0.0174609 -5.45595e-05 -4.8345e-05 -0.0174609 0.0862629 
0.00968032 -0.0177901 0.000130255 -8.2071e-05 -0.0177901 0.0880385 -8.15857e-05 -1.28429e-05 0.000130255 -8.15857e-05 0.00969236 -0.0178024 -8.2071e-05 -1.28429e-05 -0.0178024 0.0879502 
0.00969237 -0.0177904 0.0001479 -0.000101136 -0.0177904 0.0880173 -0.000104846 4.80097e-05 0.0001479 -0.000104846 0.00969055 -0.0178053 -0.000101136 4.80097e-05 -0.0178053 0.0879639 
0.00968785 -0.0177989 0.000151804 -0.000119069 -0.0177989 0.087983 -0.000124224 9.82552e-05 0.000151804 -0.000124224 0.00969014 -0.0177834 -0.000119069 9.82552e-05 -0.0177834 0.0878787 
0.00967369 -0.0177725 0.000157752 -0.000124397 -0.0177725 0.0878505 -0.000130453 0.000128672 0.000157752 -0.000130453 0.00968244 -0.0177608 -0.000124397 0.000128672 -0.0177608 0.0877255 
0.00966149 -0.0177582 0.000163152 -0.000122757 -0.0177582 0.0877618 -0.000129652 0.000124428 0.000163152 -0.000129652 0.00968736 -0.0177486 -0.000122757 0.000124428 -0.0177486 0.087627 
0.00966392 -0.0177639 0.000159208 -0.000129726 -0.0177639 0.087784 -0.000133185 0.000127884 0.000159208 -0.000133185 0.00970296 -0.0177697 -0.000129726 0.000127884 -0.0177697 0.0876629 
0.00950318 -0.0174663 0.000160981 -0.000121323 -0.0174663 0.0863027 -0.000117802 0.000105745 0.000160981 -0.000117802 0.00952884 -0.0174894 -0.000121323 0.000105745 -0.0174894 0.086224 
0.00960624 -0.0176833 0.000167151 -0.000123125 -0.0176833 0.0873746 -0.0001177 8.50635e-05 0.000167151 -0.0001177 0.00962347 -0.0177017 -0.000123125 8.50635e-05 -0.0177017 0.0873179 
0.00960943 -0.0176933 0.000164596 -0.000132234 -0.0176933 0.0874857 -0.000131101 0.000101861 0.000164596 -0.000131101 0.00962857 -0.0176937 -0.000132234 0.000101861 -0.0176937 0.0873965 
0.00958474 -0.0176185 0.000128895 -0.000127666 -0.0176185 0.0871786 -0.000130217 0.000105446 0.000128895 -0.000130217 0.00959786 -0.0176323 -0.000127666 0.000105446 -0.0176323 0.0871094 
0.0095566 -0.0175759 0.000111842 -8.26997e-05 -0.0175759 0.0869349 -8.56112e-05 3.65231e-05 0.000111842 -8.56112e-05 0.0095866 -0.0175791 -8.26997e-05 3.65231e-05 -0.0175791 0.0868595 
0.00953972 -0.017514 8.65524e-05 -5.5927e-05 -0.017514 0.086652 -5.87986e-05 -4.73594e-05 8.65524e-05 -5.87986e-05 0.00956706 -0.0175493 -5.5927e-05 -4.73594e-05 -0.0175493 0.0866378 
0.0095196 -0.017472 9.83693e-05 -3.15915e-05 -0.017472 0.0863889 -4.10494e-05 -9.90492e-05 9.83693e-05 -4.10494e-05 0.00954612 -0.0175087 -3.15915e-05 -9.90492e-05 -0.0175087 0.0864126 
0.00971726 -0.0178031 0.00010719 -4.19839e-05 -0.0178031 0.0879925 -5.55994e-05 -0.000107845 0.00010719 -5.55994e-05 0.00969935 -0.0178442 -4.19839e-05 -0.000107845 -0.0178442 0.0880399 
0.00952461 -0.0174733 0.000100513 -5.59808e-05 -0.0174733 0.0862583 -5.88614e-05 -8.54293e-05 0.000100513 -5.88614e-05 0.00947466 -0.017451 -5.59808e-05 -8.54293e-05 -0.017451 0.0862108 
0.00953859 -0.0175362 9.64966e-05 -6.04489e-05 -0.0175362 0.0865495 -4.99491e-05 -7.58187e-05 9.64966e-05 -4.99491e-05 0.00948412 -0.0174498 -6.04489e-05 -7.58187e-05 -0.0174498 0.0863189 
0.00951873 -0.0175468 0.000102105 -5.90737e-05 -0.0175468 0.086666 -4.12181e-05 -8.20155e-05 0.000102105 -4.12181e-05 0.00950059 -0.017442 -5.90737e-05 -8.20155e-05 -0.017442 0.0863115 
0.00948857 -0.0174996 0.000135728 -6.64131e-05 -0.0174996 0.0865716 -4.75146e-05 -7.43487e-05 0.000135728 -4.75146e-05 0.00949894 -0.0174393 -6.64131e-05 -7.43487e-05 -0.0174393 0.0862408 
0.00945091 -0.0174031 0.000152689 -0.000108116 -0.0174031 0.0861969 -9.48956e-05 4.41502e-06 0.000152689 -9.48956e-05 0.00947582 -0.0173957 -0.000108116 4.41502e-06 -0.0173957 0.0859924 
0.00962454 -0.0176409 0.000143477 -0.000129255 -0.0176409 0.0873911 -0.000124971 8.55678e-05 0.000143477 -0.000124971 0.00961806 -0.017676 -0.000129255 8.55678e-05 -0.017676 0.0873389 
0.00961846 -0.0176303 0.000118819 -0.000109703 -0.0176303 0.0871625 -0.000115598 9.41302e-05 0.000118819 -0.000115598 0.00958703 -0.0176259 -0.000109703 9.41302e-05 -0.0176259 0.087113 
0.00962729 -0.0176437 8.46484e-05 -6.93313e-05 -0.0176437 0.0871349 -7.69862e-05 1.65819e-05 8.46484e-05 -7.69862e-05 0.00955683 -0.0175963 -6.93313e-05 1.65819e-05 -0.0175963 0.0869888 
0.00966821 -0.0177248 9.82576e-05 -3.28507e-05 -0.0177248 0.0874572 -3.64854e-05 -7.45661e-05 9.82576e-05 -3.64854e-05 0.00955475 -0.0176128 -3.28507e-05 -7.45661e-05 -0.0176128 0.0871481 
0.00968065 -0.0177894 0.000116357 -4.77152e-05 -0.0177894 0.0877218 -5.04494e-05 -9.40747e-05 0.000116357 -5.04494e-05 0.00956401 -0.017601 -4.77152e-05 -9.40747e-05 -0.017601 0.0871925 
0.00965148 -0.0177895 0.000112387 -7.66379e-05 -0.0177895 0.0877742 -7.82672e-05 -3.98569e-05 0.000112387 -7.82672e-05 0.00958137 -0.0175831 -7.66379e-05 -3.98569e-05 -0.0175831 0.0871044 
0.0095877 -0.0176716 0.000117501 -8.00114e-05 -0.0176716 0.0873463 -7.65105e-05 -3.48157e-06 0.000117501 -7.65105e-05 0.00957011 -0.0175358 -8.00114e-05 -3.48157e-06 -0.0175358 0.0867531 
0.00959105 -0.0176426 0.000120987 -8.91979e-05 -0.0176426 0.0872933 -8.66205e-05 2.4247e-05 0.000120987 -8.66205e-05 0.00958017 -0.0175971 -8.91979e-05 2.4247e-05 -0.0175971 0.0869196 
0.00961195 -0.0177161 0.000127841 -9.5811e-05 -0.0177161 0.0876274 -9.50492e-05 5.22006e-05 0.000127841 -9.50492e-05 0.00963255 -0.0176878 -9.5811e-05 5.22006e-05 -0.0176878 0.0873927 
0.00962334 -0.017743 0.000150118 -0.000105132 -0.017743 0.0878382 -0.00011222 8.93684e-05 0.000150118 -0.00011222 0.00966357 -0.0177538 -0.000105132 8.93684e-05 -0.0177538 0.0877095 
0.0095836 -0.0176585 0.000151194 -0.000124655 -0.0176585 0.0874866 -0.000133617 0.000131714 0.000151194 -0.000133617 0.0096463 -0.0177044 -0.000124655 0.000131714 -0.0177044 0.0874744 
0.00956735 -0.0176211 0.000139383 -0.000127199 -0.0176211 0.0873078 -0.00012965 0.000148046 0.000139383 -0.00012965 0.00965216 -0.0176898 -0.000127199 0.000148046 -0.0176898 0.0873724 
0.00954093 -0.0175669 0.000106775 -0.000119151 -0.0175669 0.0870208 -0.000111931 0.000131654 0.000106775 -0.000111931 0.00962422 -0.0176521 -0.000119151 0.000131654 -0.0176521 0.0871259 
0.00953525 -0.0175788 9.91682e-05 -8.3683e-05 -0.0175788 0.0870425 -7.16705e-05 6.71826e-05 9.91682e-05 -7.16705e-05 0.00962622 -0.0176503 -8.3683e-05 6.71826e-05 -0.0176503 0.0871271 
0.00953953 -0.0175966 0.000100181 -6.87346e-05 -0.0175966 0.0871692 -5.96284e-05 1.00739e-05 0.000100181 -5.96284e-05 0.00962529 -0.0176806 -6.87346e-05 1.00739e-05 -0.0176806 0.0872623 
0.00954617 -0.0176186 7.97455e-05 -7.23048e-05 -0.0176186 0.0873401 -6.78397e-05 6.88597e-06 7.97455e-05 -6.78397e-05 0.00964093 -0.017715 -7.23048e-05 6.88597e-06 -0.017715 0.0874808 
0.00951809 -0.0175241 7.30662e-05 -4.81057e-05 -0.0175241 0.0869272 -4.75316e-05 -1.92168e-05 7.30662e-05 -4.75316e-05 0.00959053 -0.0176284 -4.81057e-05 -1.92168e-05 -0.0176284 0.0870965 
0.00953627 -0.0175099 8.85515e-05 -3.7716e-05 -0.0175099 0.0867963 -4.06053e-05 -4.77202e-05 8.85515e-05 -4.06053e-05 0.00955879 -0.017594 -3.7716e-05 -4.77202e-05 -0.017594 0.0869585 
0.00951769 -0.017466 8.82315e-05 -5.58462e-05 -0.017466 0.0864492 -5.94549e-05 -2.9355e-05 8.82315e-05 -5.94549e-05 0.00951128 -0.0174901 -5.58462e-05 -2.9355e-05 -0.0174901 0.0865132 
0.00953371 -0.0174995 8.84447e-05 -5.14426e-05 -0.0174995 0.0865119 -5.55156e-05 -2.82495e-05 8.84447e-05 -5.55156e-05 0.00950015 -0.0174711 -5.14426e-05 -2.82495e-05 -0.0174711 0.0864238 
0.00953793 -0.0175306 7.74775e-05 -4.55056e-05 -0.0175306 0.0866076 -5.38666e-05 -4.30898e-05 7.74775e-05 -5.38666e-05 0.00949994 -0.0174603 -4.55056e-05 -4.30898e-05 -0.0174603 0.0863798 
0.00952691 -0.0175311 9.30852e-05 -3.58248e-05 -0.0175311 0.0866214 -4.77619e-05 -5.53544e-05 9.30852e-05 -4.77619e-05 0.00950308 -0.0174537 -3.58248e-05 -5.53544e-05 -0.0174537 0.0863268 
0.00951436 -0.0175246 0.000106158 -5.09802e-05 -0.0175246 0.0866408 -6.37969e-05 -4.25138e-05 0.000106158 -6.37969e-05 0.00951606 -0.0174736 -5.09802e-05 -4.25138e-05 -0.0174736 0.0863779 
0.00954575 -0.0175684 0.000107889 -6.83607e-05 -0.0175684 0.0869098 -7.68186e-05 -1.13605e-05 0.000107889 -7.68186e-05 0.00954809 -0.0175461 -6.83607e-05 -1.13605e-05 -0.0175461 0.0867071 
0.00956478 -0.0176351 0.000139605 -7.38375e-05 -0.0176351 0.0872505 -7.86661e-05 8.2092e-06 0.000139605 -7.86661e-05 0.00959699 -0.0176308 -7.38375e-05 8.2092e-06 -0.0176308 0.0871267 
0.00955781 -0.0175938 0.000160315 -0.000110493 -0.0175938 0.0871234 -0.000110914 6.24835e-05 0.000160315 -0.000110914 0.00959322 -0.017621 -0.000110493 6.24835e-05 -0.017621 0.0870709 
0.00956996 -0.0175847 0.000170562 -0.000134581 -0.0175847 0.0870669 -0.000130692 0.000120146 0.000170562 -0.000130692 0.00958763 -0.0176286 -0.000134581 0.000120146 -0.0176286 0.0870899 
0.00958121 -0.0176014 0.000149775 -0.000151047 -0.0176014 0.0870732 -0.000149363 0.000175187 0.000149775 -0.000149363 0.00958563 -0.0176208 -0.000151047 0.000175187 -0.0176208 0.0870836 
0.00963891 -0.0177335 0.000133932 -0.000127186 -0.0177335 0.0876694 -0.000127199 0.000163065 0.000133932 -0.000127199 0.0096446 -0.0177225 -0.000127186 0.000163065 -0.0177225 0.0876033 
0.00963257 -0.0177384 0.000120134 -0.000106453 -0.0177384 0.0877146 -0.000102642 0.000110608 0.000120134 -0.000102642 0.00965291 -0.0177188 -0.000106453 0.000110608 -0.0177188 0.0875889 
0.00963884 -0.0177251 0.000107277 -8.98129e-05 -0.0177251 0.0877112 -8.1103e-05 5.62188e-05 0.000107277 -8.1103e-05 0.0096465 -0.0177385 -8.98129e-05 5.62188e-05 -0.0177385 0.0876328 
0.00968346 -0.0177861 9.58223e-05 -7.14609e-05 -0.0177861 0.0879818 -6.42493e-05 4.28703e-06 9.58223e-05 -6.42493e-05 0.00964706 -0.0177809 -7.14609e-05 4.28703e-06 -0.0177809 0.0878987 
0.00951844 -0.0174968 8.7797e-05 -4.98521e-05 -0.0174968 0.0864943 -4.81957e-05 -4.82341e-05 8.7797e-05 -4.81957e-05 0.00947128 -0.0174386 -4.98521e-05 -4.82341e-05 -0.0174386 0.0863252 
0.00950711 -0.0174645 9.9091e-05 -3.62872e-05 -0.0174645 0.0863502 -3.63782e-05 -9.71931e-05 9.9091e-05 -3.63782e-05 0.00946979 -0.0173925 -3.62872e-05 -9.71931e-05 -0.0173925 0.0861144 
0.00952117 -0.0174689 9.40803e-05 -5.26454e-05 -0.0174689 0.0863554 -5.41677e-05 -8.59311e-05 9.40803e-05 -5.41677e-05 0.00947407 -0.0174099 -5.26454e-05 -8.59311e-05 -0.0174099 0.0861145 
0.00950954 -0.0174749 0.000109985 -4.62698e-05 -0.0174749 0.0863064 -4.70578e-05 -8.76441e-05 0.000109985 -4.70578e-05 0.00947289 -0.0173889 -4.62698e-05 -8.76441e-05 -0.0173889 0.0860117 
0.0097116 -0.0178442 0.000137743 -6.39802e-05 -0.0178442 0.088159 -6.59573e-05 -6.95767e-05 0.000137743 -6.59573e-05 0.00967739 -0.0177739 -6.39802e-05 -6.95767e-05 -0.0177739 0.0878588 
