0.00700606 0 1.00962e-06 0 0 0.00990464 0 0 1.00962e-06 0 0.00707003 0 0 0 0 0.00990464 
0.00993053 -0.012326 -3.44519e-05 3.96943e-05 -0.012326 0.0327102 3.96943e-05 -7.58606e-05 -3.44519e-05 3.96943e-05 0.0099832 -0.0123926 3.96943e-05 -7.58606e-05 -0.0123926 0.0328372 
0.010039 -0.0186741 -3.19533e-05 5.63918e-05 -0.0186741 0.0688071 5.63918e-05 -0.000173667 -3.19533e-05 5.63918e-05 0.0100294 -0.018733 5.63918e-05 -0.000173667 -0.018733 0.0689926 
0.0092779 -0.01793 -1.50229e-05 0.000100421 -0.01793 0.0803599 9.72332e-05 -0.000476119 -1.50229e-05 9.72332e-05 0.00923037 -0.0178497 0.000100421 -0.000476119 -0.0178497 0.0800623 
0.00925013 -0.0173746 1.09959e-05 0.000103288 -0.0173746 0.0838369 9.64178e-05 -0.000740168 1.09959e-05 9.64178e-05 0.00922909 -0.0172165 0.000103288 -0.000740168 -0.0172165 0.0830468 
0.00947936 -0.0175641 1.86299e-05 4.40157e-05 -0.0175641 0.0863573 3.55116e-05 -0.000609848 1.86299e-05 3.55116e-05 0.00955673 -0.0174481 4.40157e-05 -0.000609848 -0.0174481 0.085547 
0.00964212 -0.0177656 2.24572e-05 1.34828e-05 -0.0177656 0.0877793 5.59861e-06 -0.000392151 2.24572e-05 5.59861e-06 0.00978239 -0.0178027 1.34828e-05 -0.000392151 -0.0178027 0.0873393 
0.00960667 -0.0176308 6.88461e-06 1.07172e-05 -0.0176308 0.0872456 2.89676e-06 -0.000270696 6.88461e-06 2.89676e-06 0.00973962 -0.0177843 1.07172e-05 -0.000270696 -0.0177843 0.0872507 
0.00963015 -0.0176563 -8.78577e-06 3.32883e-05 -0.0176563 0.0873078 2.5509e-05 -0.000259167 -8.78577e-06 2.5509e-05 0.00975896 -0.0177981 3.32883e-05 -0.000259167 -0.0177981 0.0874768 
0.00971718 -0.0177799 -1.97218e-05 5.90628e-05 -0.0177799 0.0878536 5.47231e-05 -0.000314839 -1.97218e-05 5.47231e-05 0.00982292 -0.017913 5.90628e-05 -0.000314839 -0.017913 0.0880472 
0.00968321 -0.0177092 -2.09462e-05 7.6501e-05 -0.0177092 0.0873737 7.78368e-05 -0.000382161 -2.09462e-05 7.78368e-05 0.0097409 -0.0178069 7.6501e-05 -0.000382161 -0.0178069 0.0875104 
0.00962626 -0.017655 -1.35217e-05 7.43418e-05 -0.017655 0.0869952 7.75022e-05 -0.000406303 -1.35217e-05 7.75022e-05 0.00967651 -0.0176747 7.43418e-05 -0.000406303 -0.0176747 0.0869559 
0.00956221 -0.0175373 -1.34005e-05 6.07521e-05 -0.0175373 0.0864651 6.71777e-05 -0.000391399 -1.34005e-05 6.71777e-05 0.00961036 -0.0175482 6.07521e-05 -0.000391399 -0.0175482 0.0863343 
0.00957204 -0.0175058 -5.43671e-06 5.60999e-05 -0.0175058 0.0863268 6.17884e-05 -0.000367507 -5.43671e-06 6.17884e-05 0.00959 -0.0175294 5.60999e-05 -0.000367507 -0.0175294 0.0862086 
0.0098154 -0.0179358 -7.68092e-07 5.09283e-05 -0.0179358 0.0883295 5.14796e-05 -0.000352889 -7.68092e-07 5.14796e-05 0.00978268 -0.0179194 5.09283e-05 -0.000352889 -0.0179194 0.0881527 
0.00981038 -0.0179537 -1.43348e-06 4.7159e-05 -0.0179537 0.088316 4.69622e-05 -0.000336922 -1.43348e-06 4.69622e-05 0.00976381 -0.0178701 4.7159e-05 -0.000336922 -0.0178701 0.0879991 
0.00959417 -0.0176205 -9.9477e-06 4.46266e-05 -0.0176205 0.0866653 4.55145e-05 -0.000319681 -9.9477e-06 4.55145e-05 0.00957491 -0.0175025 4.46266e-05 -0.000319681 -0.0175025 0.0862097 
0.00961374 -0.0176335 -8.45299e-06 5.56807e-05 -0.0176335 0.0868623 5.41415e-05 -0.000330983 -8.45299e-06 5.41415e-05 0.00957752 -0.0175525 5.56807e-05 -0.000330983 -0.0175525 0.0864167 
0.0096092 -0.0176297 -8.68881e-06 5.38431e-05 -0.0176297 0.0868648 5.22886e-05 -0.000335527 -8.68881e-06 5.22886e-05 0.009576 -0.0175437 5.38431e-05 -0.000335527 -0.0175437 0.0864499 
0.00960889 -0.0175883 -1.6129e-05 5.40163e-05 -0.0175883 0.0866869 5.49277e-05 -0.000337019 -1.6129e-05 5.49277e-05 0.00953325 -0.0175037 5.40163e-05 -0.000337019 -0.0175037 0.0862776 
0.0096065 -0.0176151 -1.2176e-05 6.23622e-05 -0.0176151 0.0867247 6.4662e-05 -0.000349641 -1.2176e-05 6.4662e-05 0.0095234 -0.0174615 6.23622e-05 -0.000349641 -0.0174615 0.0861896 
0.00956555 -0.0176288 -1.95503e-05 5.57474e-05 -0.0176288 0.0868143 6.23307e-05 -0.000351905 -1.95503e-05 6.23307e-05 0.00955693 -0.0174503 5.57474e-05 -0.000351905 -0.0174503 0.0861513 
0.00974507 -0.0179207 -1.31123e-05 5.62913e-05 -0.0179207 0.0884511 6.90518e-05 -0.000350312 -1.31123e-05 6.90518e-05 0.00974584 -0.0178157 5.62913e-05 -0.000350312 -0.0178157 0.0878221 
0.00970638 -0.0178743 -1.45047e-05 4.63671e-05 -0.0178743 0.0882281 6.03399e-05 -0.000330512 -1.45047e-05 6.03399e-05 0.00975024 -0.0177892 4.63671e-05 -0.000330512 -0.0177892 0.0876816 
0.00970042 -0.0178582 -1.7687e-05 4.44969e-05 -0.0178582 0.088225 5.81315e-05 -0.000312826 -1.7687e-05 5.81315e-05 0.00975775 -0.0178334 4.44969e-05 -0.000312826 -0.0178334 0.0878034 
0.00965877 -0.0177417 -7.44026e-06 5.04027e-05 -0.0177417 0.0876977 5.90721e-05 -0.000307623 -7.44026e-06 5.90721e-05 0.00971186 -0.0177576 5.04027e-05 -0.000307623 -0.0177576 0.0874284 
0.00967759 -0.0177486 1.82463e-05 4.07845e-05 -0.0177486 0.087668 4.09325e-05 -0.000282949 1.82463e-05 4.09325e-05 0.00970396 -0.0177601 4.07845e-05 -0.000282949 -0.0177601 0.0874523 
0.0096911 -0.0177351 3.6698e-05 1.26214e-05 -0.0177351 0.0875116 2.77745e-06 -0.000217097 3.6698e-05 2.77745e-06 0.00965702 -0.0177145 1.26214e-05 -0.000217097 -0.0177145 0.0872651 
0.00968936 -0.0178255 1.69953e-05 -8.22686e-07 -0.0178255 0.0878348 -1.70197e-05 -0.000167947 1.69953e-05 -1.70197e-05 0.00969697 -0.017739 -8.22686e-07 -0.000167947 -0.017739 0.0874814 
0.00966027 -0.0177922 8.41354e-06 1.74411e-05 -0.0177922 0.0878237 3.22701e-06 -0.000172764 8.41354e-06 3.22701e-06 0.00971127 -0.0177594 1.74411e-05 -0.000172764 -0.0177594 0.0875071 
0.00962087 -0.01766 1.15413e-05 3.11161e-05 -0.01766 0.0872772 2.20064e-05 -0.000214073 1.15413e-05 2.20064e-05 0.00964221 -0.0176803 3.11161e-05 -0.000214073 -0.0176803 0.0870839 
0.00962413 -0.017656 2.2444e-05 2.80744e-05 -0.017656 0.0871778 2.79034e-05 -0.000241368 2.2444e-05 2.79034e-05 0.00961113 -0.0176446 2.80744e-05 -0.000241368 -0.0176446 0.0869963 
0.00960194 -0.0176266 2.21497e-05 1.33884e-05 -0.0176266 0.0869935 1.94082e-05 -0.000233772 2.21497e-05 1.94082e-05 0.0095869 -0.0175812 1.33884e-05 -0.000233772 -0.0175812 0.0867583 
0.00951746 -0.0175406 2.74886e-06 1.40988e-05 -0.0175406 0.0865843 1.84126e-05 -0.000225271 2.74886e-06 1.84126e-05 0.0095885 -0.0175006 1.40988e-05 -0.000225271 -0.0175006 0.0863454 
0.00947896 -0.0174499 3.20865e-06 3.88675e-05 -0.0174499 0.0862932 3.2144e-05 -0.00024713 3.20865e-06 3.2144e-05 0.00958244 -0.0175137 3.88675e-05 -0.00024713 -0.0175137 0.0862185 
0.00945808 -0.0174509 -1.64665e-05 4.20929e-05 -0.0174509 0.0863205 2.67119e-05 -0.000257659 -1.64665e-05 2.67119e-05 0.00961055 -0.0175583 4.20929e-05 -0.000257659 -0.0175583 0.0864056 
0.00944816 -0.0174319 -3.30976e-05 6.03502e-05 -0.0174319 0.086322 4.94882e-05 -0.000285723 -3.30976e-05 4.94882e-05 0.00961338 -0.0175911 6.03502e-05 -0.000285723 -0.0175911 0.0865345 
0.009458 -0.0174082 -4.0424e-05 7.63624e-05 -0.0174082 0.0862525 7.21908e-05 -0.00032771 -4.0424e-05 7.21908e-05 0.00958437 -0.0175839 7.63624e-05 -0.00032771 -0.0175839 0.0865439 
0.00950473 -0.01748 -3.00375e-05 9.13057e-05 -0.01748 0.0865387 8.92011e-05 -0.000377528 -3.00375e-05 8.92011e-05 0.00958396 -0.0176039 9.13057e-05 -0.000377528 -0.0176039 0.0867717 
0.00956143 -0.017556 5.12229e-06 7.68919e-05 -0.017556 0.0868511 7.64758e-05 -0.000375768 5.12229e-06 7.64758e-05 0.0095843 -0.0176118 7.68919e-05 -0.000375768 -0.0176118 0.0869301 
0.00959044 -0.0175723 4.08641e-05 3.30697e-05 -0.0175723 0.0868527 2.99385e-05 -0.000297175 4.08641e-05 2.99385e-05 0.00955242 -0.0175675 3.30697e-05 -0.000297175 -0.0175675 0.0867834 
0.00960418 -0.0176144 6.45292e-05 -1.80319e-05 -0.0176144 0.0869641 -2.06446e-05 -0.000170775 6.45292e-05 -2.06446e-05 0.00956626 -0.0175595 -1.80319e-05 -0.000170775 -0.0175595 0.0867913 
0.00956776 -0.0175796 6.87548e-05 -5.12411e-05 -0.0175796 0.0867996 -4.97041e-05 -6.61614e-05 6.87548e-05 -4.97041e-05 0.00957568 -0.0175415 -5.12411e-05 -6.61614e-05 -0.0175415 0.0866376 
0.00957376 -0.0176009 5.24392e-05 -5.96895e-05 -0.0176009 0.0869699 -5.71019e-05 -1.27003e-05 5.24392e-05 -5.71019e-05 0.00961514 -0.0176194 -5.96895e-05 -1.27003e-05 -0.0176194 0.0869167 
0.00959561 -0.0176396 3.64248e-05 -3.68631e-05 -0.0176396 0.0871988 -3.48834e-05 -3.31618e-05 3.64248e-05 -3.48834e-05 0.0096327 -0.0176918 -3.68631e-05 -3.31618e-05 -0.0176918 0.0872481 
0.00955827 -0.0175724 2.36034e-05 -1.21449e-05 -0.0175724 0.0868852 -9.76429e-06 -9.24191e-05 2.36034e-05 -9.76429e-06 0.00959736 -0.0176159 -1.21449e-05 -9.24191e-05 -0.0176159 0.0869534 
0.00953339 -0.0175381 -3.18869e-09 7.16358e-06 -0.0175381 0.0867389 7.30068e-06 -0.000148389 -3.18869e-09 7.30068e-06 0.00957664 -0.0175836 7.16358e-06 -0.000148389 -0.0175836 0.0868026 
0.0094959 -0.0175029 -3.83143e-05 3.61534e-05 -0.0175029 0.0865846 3.88418e-05 -0.000217922 -3.83143e-05 3.88418e-05 0.00957189 -0.0175343 3.61534e-05 -0.000217922 -0.0175343 0.0865971 
0.00947246 -0.0174393 -4.87299e-05 8.21179e-05 -0.0174393 0.0863382 8.68073e-05 -0.000319839 -4.87299e-05 8.68073e-05 0.00954873 -0.0174907 8.21179e-05 -0.000319839 -0.0174907 0.0863313 
0.00947138 -0.0174 -2.47062e-05 9.78812e-05 -0.0174 0.0861291 0.000104865 -0.000396331 -2.47062e-05 0.000104865 0.00950543 -0.0174509 9.78812e-05 -0.000396331 -0.0174509 0.0861139 
0.00969526 -0.0177993 1.95125e-05 7.18124e-05 -0.0177993 0.0880391 8.03152e-05 -0.000391706 1.95125e-05 8.03152e-05 0.00969757 -0.0178217 7.18124e-05 -0.000391706 -0.0178217 0.0879974 
0.0095139 -0.017441 4.9308e-05 1.23181e-05 -0.017441 0.0862125 1.516e-05 -0.000266062 4.9308e-05 1.516e-05 0.00946242 -0.0174245 1.23181e-05 -0.000266062 -0.0174245 0.0860939 
0.00974362 -0.0178452 7.2397e-05 -3.34096e-05 -0.0178452 0.0881071 -3.73032e-05 -0.000123702 7.2397e-05 -3.73032e-05 0.00963049 -0.0177491 -3.34096e-05 -0.000123702 -0.0177491 0.0878191 
0.00977515 -0.0178759 8.02107e-05 -5.7278e-05 -0.0178759 0.0881582 -6.80273e-05 -2.13101e-05 8.02107e-05 -6.80273e-05 0.00958925 -0.0176937 -5.7278e-05 -2.13101e-05 -0.0176937 0.0876483 
0.00974152 -0.0178534 7.99569e-05 -6.53808e-05 -0.0178534 0.0879318 -8.12188e-05 3.61734e-05 7.99569e-05 -8.12188e-05 0.00956007 -0.0175816 -6.53808e-05 3.61734e-05 -0.0175816 0.0871923 
0.00975924 -0.017847 8.7442e-05 -6.31636e-05 -0.017847 0.0879423 -7.86822e-05 4.84392e-05 8.7442e-05 -7.86822e-05 0.00954162 -0.0175968 -6.31636e-05 4.84392e-05 -0.0175968 0.0871656 
0.00972153 -0.0178733 8.43988e-05 -7.01923e-05 -0.0178733 0.0879988 -7.84773e-05 4.77909e-05 8.43988e-05 -7.84773e-05 0.00957713 -0.0175906 -7.01923e-05 4.77909e-05 -0.0175906 0.0871964 
0.00966102 -0.0177826 8.14051e-05 -7.43997e-05 -0.0177826 0.0877393 -7.56856e-05 5.42942e-05 8.14051e-05 -7.56856e-05 0.00960062 -0.0175962 -7.43997e-05 5.42942e-05 -0.0175962 0.0870763 
0.00963433 -0.0177524 4.66943e-05 -6.43867e-05 -0.0177524 0.0877196 -6.31064e-05 3.07839e-05 4.66943e-05 -6.31064e-05 0.00963888 -0.0176743 -6.43867e-05 3.07839e-05 -0.0176743 0.0873123 
0.00961606 -0.0177185 1.08827e-05 -2.00912e-05 -0.0177185 0.0876708 -1.65398e-05 -5.46641e-05 1.08827e-05 -1.65398e-05 0.00966602 -0.0177349 -2.00912e-05 -5.46641e-05 -0.0177349 0.0875422 
0.00957134 -0.0176622 -1.71204e-05 2.55957e-05 -0.0176622 0.0874434 3.18385e-05 -0.000172199 -1.71204e-05 3.18385e-05 0.00968493 -0.0177227 2.55957e-05 -0.000172199 -0.0177227 0.0874788 
0.00955161 -0.0175909 -1.21626e-05 5.75515e-05 -0.0175909 0.0871871 6.67564e-05 -0.000272314 -1.21626e-05 6.67564e-05 0.00967493 -0.0177292 5.75515e-05 -0.000272314 -0.0177292 0.087398 
0.0095682 -0.0175617 -3.84858e-06 5.17697e-05 -0.0175617 0.0870157 5.67119e-05 -0.00029655 -3.84858e-06 5.67119e-05 0.00964602 -0.0177208 5.17697e-05 -0.00029655 -0.0177208 0.0873483 
0.00962584 -0.0176419 1.10483e-05 4.03669e-05 -0.0176419 0.0872822 3.49213e-05 -0.00026412 1.10483e-05 3.49213e-05 0.00964016 -0.0177537 4.03669e-05 -0.00026412 -0.0177537 0.0875912 
0.00968764 -0.0177279 4.10996e-05 2.15351e-05 -0.0177279 0.0875769 1.0964e-05 -0.000211047 4.10996e-05 1.0964e-05 0.00961974 -0.0177476 2.15351e-05 -0.000211047 -0.0177476 0.0877024 
0.00973984 -0.0178246 4.46011e-05 -1.24424e-05 -0.0178246 0.0879282 -1.89997e-05 -0.000147191 4.46011e-05 -1.89997e-05 0.0096158 -0.0177411 -1.24424e-05 -0.000147191 -0.0177411 0.0878075 
0.00976289 -0.0179009 2.93812e-05 -1.09107e-05 -0.0179009 0.088246 -1.40397e-05 -0.00013272 2.93812e-05 -1.40397e-05 0.00964043 -0.0177512 -1.09107e-05 -0.00013272 -0.0177512 0.0879231 
0.00955539 -0.0175576 3.61778e-05 5.8463e-06 -0.0175576 0.086592 3.55001e-06 -0.000156742 3.61778e-05 3.55001e-06 0.00946947 -0.0174085 5.8463e-06 -0.000156742 -0.0174085 0.0861931 
0.00954881 -0.0175803 3.036e-05 -3.37129e-06 -0.0175803 0.0868058 -6.50321e-06 -0.000158325 3.036e-05 -6.50321e-06 0.0095105 -0.0174744 -3.37129e-06 -0.000158325 -0.0174744 0.0864529 
0.00953508 -0.0175248 3.70603e-05 3.02975e-07 -0.0175248 0.0866523 -4.5247e-06 -0.000150908 3.70603e-05 -4.5247e-06 0.0094954 -0.0174704 3.02975e-07 -0.000150908 -0.0174704 0.0863977 
0.00951755 -0.017478 2.85746e-05 -7.51752e-06 -0.017478 0.0864251 -6.27072e-06 -0.000144762 2.85746e-05 -6.27072e-06 0.00947937 -0.0174327 -7.51752e-06 -0.000144762 -0.0174327 0.0862416 
0.00966231 -0.0177764 3.00823e-05 -8.36288e-07 -0.0177764 0.0878725 8.11682e-06 -0.000159669 3.00823e-05 8.11682e-06 0.00966581 -0.0177227 -8.36288e-07 -0.000159669 -0.0177227 0.087683 
0.00960224 -0.0176125 3.40609e-05 -6.24893e-06 -0.0176125 0.0871204 3.62754e-06 -0.000153844 3.40609e-05 3.62754e-06 0.00958826 -0.017604 -6.24893e-06 -0.000153844 -0.017604 0.0869871 
0.00961938 -0.0176289 3.85657e-05 -1.5683e-05 -0.0176289 0.0871039 -7.95734e-06 -0.000126898 3.85657e-05 -7.95734e-06 0.00957337 -0.0176069 -1.5683e-05 -0.000126898 -0.0176069 0.0869939 
0.0096147 -0.0176468 4.21873e-05 -2.47062e-05 -0.0176468 0.0870957 -1.82883e-05 -9.34767e-05 4.21873e-05 -1.82883e-05 0.00956095 -0.0175723 -2.47062e-05 -9.34767e-05 -0.0175723 0.0868856 
0.00964376 -0.0177217 5.50634e-05 -2.84933e-05 -0.0177217 0.0874757 -2.27712e-05 -7.43213e-05 5.50634e-05 -2.27712e-05 0.00960108 -0.0176369 -2.84933e-05 -7.43213e-05 -0.0176369 0.0871968 
0.00964457 -0.0177261 6.61509e-05 -4.65793e-05 -0.0177261 0.0875401 -3.95123e-05 -3.83197e-05 6.61509e-05 -3.95123e-05 0.00960578 -0.0176536 -4.65793e-05 -3.83197e-05 -0.0176536 0.0872568 
0.00966079 -0.017751 5.04961e-05 -5.12299e-05 -0.017751 0.0876938 -4.74856e-05 -2.02332e-05 5.04961e-05 -4.74856e-05 0.00962168 -0.0176913 -5.12299e-05 -2.02332e-05 -0.0176913 0.0874445 
0.00968382 -0.0178137 3.83254e-05 -3.03286e-05 -0.0178137 0.0880018 -3.24116e-05 -4.10544e-05 3.83254e-05 -3.24116e-05 0.00966729 -0.0177495 -3.03286e-05 -4.10544e-05 -0.0177495 0.0877545 
0.00972537 -0.0178348 4.72888e-05 -1.01172e-05 -0.0178348 0.0881526 -1.22457e-05 -9.19328e-05 4.72888e-05 -1.22457e-05 0.00966213 -0.0177939 -1.01172e-05 -9.19328e-05 -0.0177939 0.0879322 
0.00973482 -0.0178453 4.96605e-05 -2.30348e-05 -0.0178453 0.0881051 -2.08359e-05 -9.88143e-05 4.96605e-05 -2.08359e-05 0.00964096 -0.017748 -2.30348e-05 -9.88143e-05 -0.017748 0.0878115 
0.00974104 -0.0178731 4.95368e-05 -3.13594e-05 -0.0178731 0.0881862 -2.86431e-05 -7.67823e-05 4.95368e-05 -2.86431e-05 0.00964504 -0.0177363 -3.13594e-05 -7.67823e-05 -0.0177363 0.0877833 
0.00973894 -0.0178833 3.20454e-05 -2.58891e-05 -0.0178833 0.0882521 -2.57732e-05 -7.80482e-05 3.20454e-05 -2.57732e-05 0.00966347 -0.0177499 -2.58891e-05 -7.80482e-05 -0.0177499 0.0878194 
0.00954537 -0.0175421 2.00089e-05 -2.67423e-07 -0.0175421 0.0866069 5.59895e-07 -0.000125093 2.00089e-05 5.59895e-07 0.00950692 -0.0174442 -2.67423e-07 -0.000125093 -0.0174442 0.0862415 
0.00956304 -0.0175723 8.95709e-06 1.49442e-05 -0.0175723 0.0868002 1.7302e-05 -0.000177408 8.95709e-06 1.7302e-05 0.00954685 -0.0175145 1.49442e-05 -0.000177408 -0.0175145 0.0865226 
0.00959806 -0.0176126 5.17621e-06 2.67788e-05 -0.0176126 0.0870146 3.07117e-05 -0.000217323 5.17621e-06 3.07117e-05 0.00956793 -0.0175791 2.67788e-05 -0.000217323 -0.0175791 0.0868079 
0.00961785 -0.0176541 2.18654e-06 2.85219e-05 -0.0176541 0.0871669 3.10648e-05 -0.000230408 2.18654e-06 3.10648e-05 0.00959461 -0.0175958 2.85219e-05 -0.000230408 -0.0175958 0.0869364 
0.00963888 -0.0177285 -4.43821e-06 3.56904e-05 -0.0177285 0.0875162 3.47599e-05 -0.000245211 -4.43821e-06 3.47599e-05 0.00964647 -0.0176669 3.56904e-05 -0.000245211 -0.0176669 0.0872449 
0.00962676 -0.0176939 -1.28207e-06 4.57208e-05 -0.0176939 0.0874277 4.25282e-05 -0.000266589 -1.28207e-06 4.25282e-05 0.00964686 -0.0176794 4.57208e-05 -0.000266589 -0.0176794 0.0872253 
0.00964807 -0.0176869 1.82262e-05 4.26845e-05 -0.0176869 0.0873944 3.52956e-05 -0.000268585 1.82262e-05 3.52956e-05 0.00962239 -0.0176798 4.26845e-05 -0.000268585 -0.0176798 0.0872277 
0.00966686 -0.0177109 3.78854e-05 2.18827e-05 -0.0177109 0.0874236 1.05371e-05 -0.000232704 3.78854e-05 1.05371e-05 0.00958848 -0.0176534 2.18827e-05 -0.000232704 -0.0176534 0.087193 
0.00962786 -0.0176712 5.10561e-05 -6.49346e-06 -0.0176712 0.0871688 -1.59109e-05 -0.000166577 5.10561e-05 -1.59109e-05 0.00955764 -0.01755 -6.49346e-06 -0.000166577 -0.01755 0.0868009 
0.00961438 -0.0176464 4.09566e-05 -2.75871e-05 -0.0176464 0.087083 -2.90834e-05 -0.000111384 4.09566e-05 -2.90834e-05 0.00955236 -0.0175314 -2.75871e-05 -0.000111384 -0.0175314 0.0866639 
0.00956753 -0.0175518 3.91098e-05 -1.77291e-05 -0.0175518 0.0866254 -1.71979e-05 -0.000103726 3.91098e-05 -1.71979e-05 0.00950917 -0.0174455 -1.77291e-05 -0.000103726 -0.0174455 0.0862128 
0.00973001 -0.0178293 4.17494e-05 -1.19279e-05 -0.0178293 0.0879898 -1.31074e-05 -0.000120718 4.17494e-05 -1.31074e-05 0.00965755 -0.0177384 -1.19279e-05 -0.000120718 -0.0177384 0.0876179 
0.00970595 -0.0178197 3.92238e-05 -1.03542e-05 -0.0178197 0.0878991 -1.05566e-05 -0.000135499 3.92238e-05 -1.05566e-05 0.00967464 -0.017728 -1.03542e-05 -0.000135499 -0.017728 0.0875692 
0.00968565 -0.0177865 2.99818e-05 -9.69482e-06 -0.0177865 0.0877872 -9.39222e-06 -0.000139872 2.99818e-05 -9.39222e-06 0.00967978 -0.0177429 -9.69482e-06 -0.000139872 -0.0177429 0.0875434 
0.00972182 -0.0178586 1.80041e-05 -1.98704e-06 -0.0178586 0.0881595 1.29099e-07 -0.000152858 1.80041e-05 1.29099e-07 0.00971996 -0.0178425 -1.98704e-06 -0.000152858 -0.0178425 0.0880011 
0.00971553 -0.0178567 1.23757e-05 1.58797e-05 -0.0178567 0.0881737 1.99793e-05 -0.000192562 1.23757e-05 1.99793e-05 0.0097184 -0.0178478 1.58797e-05 -0.000192562 -0.0178478 0.0880632 
0.0097135 -0.017857 2.30469e-05 2.50479e-05 -0.017857 0.0881944 2.70847e-05 -0.000224321 2.30469e-05 2.70847e-05 0.00971721 -0.0178365 2.50479e-05 -0.000224321 -0.0178365 0.0880576 
0.00968264 -0.0178255 6.36769e-06 1.67311e-05 -0.0178255 0.088085 1.29395e-05 -0.000219962 6.36769e-06 1.29395e-05 0.00971512 -0.0178242 1.67311e-05 -0.000219962 -0.0178242 0.0879834 
0.00967194 -0.0177937 2.51573e-06 3.17925e-05 -0.0177937 0.0880095 2.47417e-05 -0.000224159 2.51573e-06 2.47417e-05 0.00970829 -0.0178255 3.17925e-05 -0.000224159 -0.0178255 0.0879722 
0.00969145 -0.0178082 -1.13963e-06 2.80313e-05 -0.0178082 0.0880981 2.22491e-05 -0.000216301 -1.13963e-06 2.22491e-05 0.00970418 -0.0178479 2.80313e-05 -0.000216301 -0.0178479 0.0881095 
0.00962587 -0.0176865 -6.70587e-06 2.87786e-05 -0.0176865 0.087447 3.04004e-05 -0.000215317 -6.70587e-06 3.04004e-05 0.00963819 -0.0176811 2.87786e-05 -0.000215317 -0.0176811 0.0873847 
0.00963552 -0.0176749 1.49391e-06 3.85681e-05 -0.0176749 0.0873655 4.72904e-05 -0.000244408 1.49391e-06 4.72904e-05 0.00961205 -0.0176673 3.85681e-05 -0.000244408 -0.0176673 0.0872571 
0.00964991 -0.0177123 2.85862e-05 2.9033e-05 -0.0177123 0.0874547 3.90851e-05 -0.000245615 2.85862e-05 3.90851e-05 0.0096292 -0.017652 2.9033e-05 -0.000245615 -0.017652 0.0872417 
0.00970033 -0.0178283 5.92574e-05 -8.21955e-06 -0.0178283 0.088007 -3.81074e-06 -0.000173795 5.92574e-05 -3.81074e-06 0.009697 -0.017773 -8.21955e-06 -0.000173795 -0.017773 0.0877493 
0.0095362 -0.0175417 5.47584e-05 -4.32511e-05 -0.0175417 0.086635 -4.30411e-05 -7.71425e-05 5.47584e-05 -4.30411e-05 0.00955979 -0.0175197 -4.32511e-05 -7.71425e-05 -0.0175197 0.0864387 
0.0095568 -0.0175676 3.73505e-05 -4.75655e-05 -0.0175676 0.0868233 -4.80375e-05 -2.00066e-05 3.73505e-05 -4.80375e-05 0.00959959 -0.0175906 -4.75655e-05 -2.00066e-05 -0.0175906 0.0867438 
0.0095612 -0.0175875 1.80954e-05 -2.11177e-05 -0.0175875 0.0869252 -2.25087e-05 -5.07011e-05 1.80954e-05 -2.25087e-05 0.00962259 -0.0176335 -2.11177e-05 -5.07011e-05 -0.0176335 0.0869333 
0.00960605 -0.0176298 1.33135e-05 1.09668e-05 -0.0176298 0.0871609 8.53215e-06 -0.000129755 1.33135e-05 8.53215e-06 0.00962839 -0.0176921 1.09668e-05 -0.000129755 -0.0176921 0.0872165 
0.00968125 -0.0177078 1.41639e-05 2.48219e-05 -0.0177078 0.0874682 2.12982e-05 -0.000193533 1.41639e-05 2.12982e-05 0.00961202 -0.0177188 2.48219e-05 -0.000193533 -0.0177188 0.0874567 
0.00966645 -0.0177316 5.71428e-06 2.39278e-05 -0.0177316 0.0874043 2.24629e-05 -0.000218927 5.71428e-06 2.24629e-05 0.00959912 -0.0176129 2.39278e-05 -0.000218927 -0.0176129 0.0871298 
0.0096626 -0.0177427 -2.3935e-07 3.6117e-05 -0.0177427 0.0874893 3.84506e-05 -0.000255052 -2.3935e-07 3.84506e-05 0.00962502 -0.0176187 3.6117e-05 -0.000255052 -0.0176187 0.0870676 
0.00966071 -0.0177336 4.19242e-06 4.94867e-05 -0.0177336 0.0875134 4.76951e-05 -0.000294656 4.19242e-06 4.76951e-05 0.00964715 -0.0176699 4.94867e-05 -0.000294656 -0.0176699 0.0871749 
0.00966569 -0.0177141 1.71115e-05 4.59025e-05 -0.0177141 0.0874417 4.05789e-05 -0.000303202 1.71115e-05 4.05789e-05 0.00966213 -0.0176942 4.59025e-05 -0.000303202 -0.0176942 0.0872377 
0.00971483 -0.0177876 2.95578e-05 2.5873e-05 -0.0177876 0.0877466 2.31266e-05 -0.000273484 2.95578e-05 2.31266e-05 0.00969695 -0.0177776 2.5873e-05 -0.000273484 -0.0177776 0.0876113 
0.00976233 -0.0178048 5.11972e-05 4.34948e-06 -0.0178048 0.0877614 2.43474e-06 -0.000218178 5.11972e-05 2.43474e-06 0.00965754 -0.0177693 4.34948e-06 -0.000218178 -0.0177693 0.0876004 
0.00979346 -0.0178617 7.52191e-05 -2.66189e-05 -0.0178617 0.0878472 -2.77249e-05 -0.000143886 7.52191e-05 -2.77249e-05 0.00962998 -0.0177185 -2.66189e-05 -0.000143886 -0.0177185 0.0875032 
0.00976272 -0.0178469 6.34827e-05 -6.04644e-05 -0.0178469 0.0876842 -5.60834e-05 -6.22086e-05 6.34827e-05 -5.60834e-05 0.00961259 -0.0176297 -6.04644e-05 -6.22086e-05 -0.0176297 0.0871287 
0.00975225 -0.017857 3.84496e-05 -4.83691e-05 -0.017857 0.0877719 -4.19989e-05 -4.70455e-05 3.84496e-05 -4.19989e-05 0.0096156 -0.0176495 -4.83691e-05 -4.70455e-05 -0.0176495 0.087137 
0.00977177 -0.0178864 2.07421e-05 -1.01348e-05 -0.0178864 0.0879814 -7.82688e-06 -0.000113363 2.07421e-05 -7.82688e-06 0.0096284 -0.0176929 -1.01348e-05 -0.000113363 -0.0176929 0.0873501 
0.00978287 -0.0179297 2.73465e-05 1.80395e-05 -0.0179297 0.0882049 1.32313e-05 -0.000186836 2.73465e-05 1.32313e-05 0.00967519 -0.0177269 1.80395e-05 -0.000186836 -0.0177269 0.0875619 
0.00978811 -0.0179777 2.88317e-05 1.98214e-05 -0.0179777 0.0885174 1.14912e-05 -0.000228271 2.88317e-05 1.14912e-05 0.00975857 -0.0178325 1.98214e-05 -0.000228271 -0.0178325 0.0879707 
0.00975671 -0.017945 2.49196e-05 1.28857e-05 -0.017945 0.0884761 9.32511e-06 -0.000229707 2.49196e-05 9.32511e-06 0.00980692 -0.0178937 1.28857e-05 -0.000229707 -0.0178937 0.0881239 
0.00953082 -0.017508 1.97236e-06 1.66731e-05 -0.017508 0.0864443 1.65067e-05 -0.000235792 1.97236e-06 1.65067e-05 0.00958973 -0.0175614 1.66731e-05 -0.000235792 -0.0175614 0.0863561 
0.0095214 -0.0174812 -1.3452e-05 3.76664e-05 -0.0174812 0.0863315 3.83831e-05 -0.000265833 -1.3452e-05 3.83831e-05 0.00958999 -0.0175544 3.76664e-05 -0.000265833 -0.0175544 0.0863957 
0.00951456 -0.0174511 -2.81092e-05 6.07415e-05 -0.0174511 0.0861937 6.20332e-05 -0.000323531 -2.81092e-05 6.20332e-05 0.00958417 -0.0175438 6.07415e-05 -0.000323531 -0.0175438 0.0863437 
0.00952338 -0.0174697 -3.1396e-05 8.8365e-05 -0.0174697 0.0862523 8.6598e-05 -0.000397621 -3.1396e-05 8.6598e-05 0.00960431 -0.0175588 8.8365e-05 -0.000397621 -0.0175588 0.086422 
0.00977119 -0.0178404 -7.60144e-07 9.24362e-05 -0.0178404 0.0880738 8.60573e-05 -0.00043256 -7.60144e-07 8.60573e-05 0.0097657 -0.0179417 9.24362e-05 -0.00043256 -0.0179417 0.088261 
0.00981282 -0.0178979 1.95741e-05 5.5329e-05 -0.0178979 0.0881564 5.15143e-05 -0.000387126 1.95741e-05 5.15143e-05 0.00972104 -0.0178885 5.5329e-05 -0.000387126 -0.0178885 0.088178 
0.00981746 -0.0179084 1.31533e-05 2.37165e-05 -0.0179084 0.0880793 2.39715e-05 -0.00030906 1.31533e-05 2.39715e-05 0.00966299 -0.0177907 2.37165e-05 -0.00030906 -0.0177907 0.0878378 
0.00983693 -0.0180004 1.10208e-05 3.01244e-05 -0.0180004 0.0884604 3.3855e-05 -0.000291974 1.10208e-05 3.3855e-05 0.00967357 -0.0177951 3.01244e-05 -0.000291974 -0.0177951 0.0879603 
0.00979724 -0.017944 1.65191e-05 3.39083e-05 -0.017944 0.0882684 3.8865e-05 -0.000299434 1.65191e-05 3.8865e-05 0.00965059 -0.0177256 3.39083e-05 -0.000299434 -0.0177256 0.0876404 
0.00979049 -0.0179266 4.30486e-06 2.77136e-05 -0.0179266 0.0882728 3.17176e-05 -0.000294904 4.30486e-06 3.17176e-05 0.00965483 -0.0177484 2.77136e-05 -0.000294904 -0.0177484 0.0876948 
0.00979063 -0.0179235 7.41713e-06 4.67415e-05 -0.0179235 0.0882783 4.51516e-05 -0.000315157 7.41713e-06 4.51516e-05 0.00966325 -0.0177541 4.67415e-05 -0.000315157 -0.0177541 0.087742 
0.00980352 -0.0179225 3.0631e-05 5.42085e-05 -0.0179225 0.0882805 4.42631e-05 -0.000340926 3.0631e-05 4.42631e-05 0.00966392 -0.0177648 5.42085e-05 -0.000340926 -0.0177648 0.0877813 
0.00960024 -0.0175978 3.9123e-05 2.45726e-05 -0.0175978 0.0866294 1.00279e-05 -0.000291579 3.9123e-05 1.00279e-05 0.00949535 -0.0174261 2.45726e-05 -0.000291579 -0.0174261 0.0861251 
0.00961201 -0.0176061 5.69335e-05 3.98941e-06 -0.0176061 0.0867559 -9.27347e-06 -0.000226105 5.69335e-05 -9.27347e-06 0.00950435 -0.0174708 3.98941e-06 -0.000226105 -0.0174708 0.0862945 
0.00975736 -0.0179109 5.0098e-05 -2.16792e-05 -0.0179109 0.0882934 -3.12763e-05 -0.000164038 5.0098e-05 -3.12763e-05 0.00970871 -0.0177967 -2.16792e-05 -0.000164038 -0.0177967 0.0879275 
0.00970418 -0.0177793 5.31139e-05 -1.78396e-05 -0.0177793 0.0877518 -2.09055e-05 -0.000141265 5.31139e-05 -2.09055e-05 0.0096817 -0.0177386 -1.78396e-05 -0.000141265 -0.0177386 0.0875361 
0.00966896 -0.0177469 2.5733e-05 -1.5217e-05 -0.0177469 0.0875609 -1.64453e-05 -0.000153466 2.5733e-05 -1.64453e-05 0.0096903 -0.0177382 -1.5217e-05 -0.000153466 -0.0177382 0.0874701 
0.00959257 -0.0176644 5.51488e-06 1.67583e-05 -0.0176644 0.0872058 1.58548e-05 -0.00020459 5.51488e-06 1.58548e-05 0.00968832 -0.0177019 1.67583e-05 -0.00020459 -0.0177019 0.0872241 
0.00957909 -0.017541 2.86405e-05 4.11049e-05 -0.017541 0.0867393 4.14277e-05 -0.000271229 2.86405e-05 4.14277e-05 0.00961831 -0.0176637 4.11049e-05 -0.000271229 -0.0176637 0.0869287 
0.00958509 -0.0175215 3.99598e-05 8.21394e-06 -0.0175215 0.0865028 9.15513e-06 -0.000241589 3.99598e-05 9.15513e-06 0.00956228 -0.0175914 8.21394e-06 -0.000241589 -0.0175914 0.0867064 
0.00962618 -0.0175909 4.82042e-05 -7.82748e-06 -0.0175909 0.0867058 -6.28041e-06 -0.000190422 4.82042e-05 -6.28041e-06 0.00954212 -0.0175723 -7.82748e-06 -0.000190422 -0.0175723 0.0867368 
0.00962072 -0.0176153 4.2515e-05 -2.13209e-05 -0.0176153 0.0867495 -1.85319e-05 -0.000147326 4.2515e-05 -1.85319e-05 0.00953253 -0.0175252 -2.13209e-05 -0.000147326 -0.0175252 0.0865939 
0.00960537 -0.0176022 4.53479e-05 -7.844e-06 -0.0176022 0.0867062 -3.41529e-06 -0.000161144 4.53479e-05 -3.41529e-06 0.00952724 -0.0174944 -7.844e-06 -0.000161144 -0.0174944 0.0864341 
0.00962426 -0.0176513 3.34963e-05 -6.02646e-06 -0.0176513 0.0869895 8.3594e-07 -0.000185873 3.34963e-05 8.3594e-07 0.0095661 -0.0175621 -6.02646e-06 -0.000185873 -0.0175621 0.0867166 
0.00963627 -0.0177179 1.16821e-05 3.18185e-06 -0.0177179 0.0873649 1.174e-05 -0.00020425 1.16821e-05 1.174e-05 0.00962846 -0.0176532 3.18185e-06 -0.00020425 -0.0176532 0.0871387 
