0.0068799 0 0.000176416 0 0 0.00974649 0 0 0.000176416 0 0.00685555 0 0 0 0 0.00974649 
0.00976686 -0.0121204 0.000197334 -0.000237258 -0.0121204 0.032193 -0.000237258 0.000454388 0.000197334 -0.000237258 0.00971263 -0.0120586 -0.000237258 0.000454388 -0.0120586 0.0320743 
0.0099831 -0.0185419 0.000157484 -0.000144686 -0.0185419 0.0683599 -0.000144686 0.000410493 0.000157484 -0.000144686 0.00993295 -0.0185335 -0.000144686 0.000410493 -0.0185335 0.0683596 
0.00943883 -0.0181766 0.000135518 4.91906e-06 -0.0181766 0.0814562 6.2119e-06 -0.000420846 0.000135518 6.2119e-06 0.00936523 -0.0181369 4.91906e-06 -0.000420846 -0.0181369 0.0813962 
0.00936994 -0.0175111 0.000188604 -1.39387e-05 -0.0175111 0.0844001 -8.28489e-06 -0.000667187 0.000188604 -8.28489e-06 0.00928276 -0.0173812 -1.39387e-05 -0.000667187 -0.0173812 0.0839236 
0.00943144 -0.0173314 0.00025373 -0.00012644 -0.0173314 0.0850342 -0.000122725 -0.000362236 0.00025373 -0.000122725 0.00934158 -0.0171925 -0.00012644 -0.000362236 -0.0171925 0.0844316 
0.00962223 -0.017591 0.000280448 -0.00021798 -0.017591 0.086541 -0.000222877 1.04545e-05 0.000280448 -0.000222877 0.00952308 -0.0174575 -0.00021798 1.04545e-05 -0.0174575 0.0859742 
0.00964619 -0.0176518 0.000282669 -0.000247682 -0.0176518 0.0868462 -0.000256336 0.000242051 0.000282669 -0.000256336 0.00954584 -0.0175126 -0.000247682 0.000242051 -0.0175126 0.0863283 
0.00973454 -0.0178463 0.000268695 -0.000243551 -0.0178463 0.0878544 -0.000250716 0.00030915 0.000268695 -0.000250716 0.00964172 -0.017696 -0.000243551 0.00030915 -0.017696 0.0873305 
0.00956219 -0.0175568 0.000222789 -0.000213944 -0.0175568 0.0865031 -0.000214133 0.000263328 0.000222789 -0.000214133 0.00951574 -0.0174027 -0.000213944 0.000263328 -0.0174027 0.0859573 
0.00964962 -0.0176955 0.000222589 -0.000166131 -0.0176955 0.0872943 -0.000161475 0.000158505 0.000222589 -0.000161475 0.00964483 -0.0176117 -0.000166131 0.000158505 -0.0176117 0.0868585 
0.00959281 -0.0175488 0.000207852 -0.000154795 -0.0175488 0.0865776 -0.000147864 7.69016e-05 0.000207852 -0.000147864 0.00958639 -0.0175326 -0.000154795 7.69016e-05 -0.0175326 0.0863285 
0.00962417 -0.0175763 0.00019516 -0.000139784 -0.0175763 0.0866297 -0.000136615 3.45803e-05 0.00019516 -0.000136615 0.00956753 -0.0175731 -0.000139784 3.45803e-05 -0.0175731 0.0864979 
0.00964839 -0.0176252 0.000192336 -0.000128576 -0.0176252 0.0867754 -0.000131215 1.53294e-05 0.000192336 -0.000131215 0.0095393 -0.0175712 -0.000128576 1.53294e-05 -0.0175712 0.0866172 
0.00965939 -0.0176647 0.000197514 -0.00012831 -0.0176647 0.0869164 -0.000134127 1.7024e-05 0.000197514 -0.000134127 0.00951642 -0.0175283 -0.00012831 1.7024e-05 -0.0175283 0.0865849 
0.00968409 -0.0177085 0.000226762 -0.000137296 -0.0177085 0.087133 -0.000139914 3.24503e-05 0.000226762 -0.000139914 0.00951184 -0.0175144 -0.000137296 3.24503e-05 -0.0175144 0.0866158 
0.0096958 -0.0177412 0.000238775 -0.000170645 -0.0177412 0.0872656 -0.000169955 8.46256e-05 0.000238775 -0.000169955 0.00951068 -0.0174888 -0.000170645 8.46256e-05 -0.0174888 0.086556 
0.00971023 -0.0177855 0.000225931 -0.000185705 -0.0177855 0.0874747 -0.000186589 0.000136667 0.000225931 -0.000186589 0.00952768 -0.0174993 -0.000185705 0.000136667 -0.0174993 0.0866138 
0.00968947 -0.0177829 0.000192261 -0.000167786 -0.0177829 0.0875062 -0.000172477 0.000131487 0.000192261 -0.000172477 0.00956102 -0.0175091 -0.000167786 0.000131487 -0.0175091 0.0866162 
0.00966443 -0.0177249 0.000169659 -0.000123059 -0.0177249 0.0873354 -0.000129415 5.11879e-05 0.000169659 -0.000129415 0.00958591 -0.0175356 -0.000123059 5.11879e-05 -0.0175356 0.0865978 
0.00963282 -0.0176347 0.000189637 -9.72492e-05 -0.0176347 0.0869319 -0.000101298 -2.72549e-05 0.000189637 -0.000101298 0.00957708 -0.0175278 -9.72492e-05 -2.72549e-05 -0.0175278 0.0864275 
0.00962153 -0.0176176 0.000234257 -0.000123027 -0.0176176 0.0867839 -0.00012421 -1.98863e-05 0.000234257 -0.00012421 0.00958416 -0.0175328 -0.000123027 -1.98863e-05 -0.0175328 0.0864065 
0.00965767 -0.0176537 0.000260363 -0.000169163 -0.0176537 0.0869447 -0.000168022 4.75333e-05 0.000260363 -0.000168022 0.00959087 -0.0175982 -0.000169163 4.75333e-05 -0.0175982 0.0866637 
0.00967325 -0.0176786 0.000241558 -0.000200928 -0.0176786 0.086986 -0.000201567 0.000133957 0.000241558 -0.000201567 0.00959035 -0.0175901 -0.000200928 0.000133957 -0.0175901 0.0867024 
0.00969596 -0.0177068 0.000199836 -0.000173675 -0.0177068 0.0870871 -0.000176339 0.000122932 0.000199836 -0.000176339 0.00956777 -0.0176046 -0.000173675 0.000122932 -0.0176046 0.0867774 
0.00971363 -0.0177801 0.000189721 -0.000120864 -0.0177801 0.0873879 -0.000123536 2.17514e-05 0.000189721 -0.000123536 0.00958463 -0.0176132 -0.000120864 2.17514e-05 -0.0176132 0.0869589 
0.0096701 -0.0177596 0.000186069 -0.000104174 -0.0177596 0.0873328 -0.000105902 -6.0276e-05 0.000186069 -0.000105902 0.00958795 -0.0175672 -0.000104174 -6.0276e-05 -0.0175672 0.0867726 
0.00962632 -0.01771 0.000190885 -0.000111701 -0.01771 0.087243 -0.000109509 -6.65895e-05 0.000190885 -0.000109509 0.00961866 -0.0175749 -0.000111701 -6.65895e-05 -0.0175749 0.0867223 
0.00960084 -0.0176332 0.000191378 -0.000123977 -0.0176332 0.0870346 -0.000119186 -3.9699e-05 0.000191378 -0.000119186 0.0096309 -0.0176173 -0.000123977 -3.9699e-05 -0.0176173 0.0867635 
0.00958523 -0.0175823 0.000191359 -0.00011827 -0.0175823 0.0868164 -0.000117675 -3.77407e-05 0.000191359 -0.000117675 0.00962578 -0.0176302 -0.00011827 -3.77407e-05 -0.0176302 0.0867816 
0.00959216 -0.017571 0.000184961 -0.000112053 -0.017571 0.0867419 -0.000118985 -4.39294e-05 0.000184961 -0.000118985 0.00961469 -0.0176365 -0.000112053 -4.39294e-05 -0.0176365 0.0868295 
0.00959256 -0.0175702 0.00017109 -0.000104819 -0.0175702 0.0866811 -0.000117991 -4.94572e-05 0.00017109 -0.000117991 0.00959746 -0.0176113 -0.000104819 -4.94572e-05 -0.0176113 0.0867699 
0.00957874 -0.0175595 0.000167592 -8.71795e-05 -0.0175595 0.0865895 -0.000104462 -7.4022e-05 0.000167592 -0.000104462 0.00957898 -0.0175662 -8.71795e-05 -7.4022e-05 -0.0175662 0.0866034 
0.00958157 -0.0175253 0.000205472 -8.9126e-05 -0.0175253 0.0864417 -0.000106589 -7.50117e-05 0.000205472 -0.000106589 0.00955457 -0.0175352 -8.9126e-05 -7.50117e-05 -0.0175352 0.086439 
0.00960784 -0.0175284 0.000229818 -0.000135169 -0.0175284 0.0863562 -0.000149882 -4.64142e-06 0.000229818 -0.000149882 0.00953292 -0.0174933 -0.000135169 -4.64142e-06 -0.0174933 0.0862708 
0.00963072 -0.0175871 0.00025088 -0.000165478 -0.0175871 0.0864821 -0.000173382 7.26389e-05 0.00025088 -0.000173382 0.00952065 -0.0174832 -0.000165478 7.26389e-05 -0.0174832 0.0862412 
0.00963638 -0.0176304 0.000244886 -0.000192158 -0.0176304 0.0866385 -0.000192654 0.00013339 0.000244886 -0.000192654 0.00951883 -0.0174755 -0.000192158 0.00013339 -0.0174755 0.0862428 
0.00969152 -0.0177464 0.000204499 -0.000181424 -0.0177464 0.0872569 -0.000176858 0.000125829 0.000204499 -0.000176858 0.00956514 -0.0175906 -0.000181424 0.000125829 -0.0175906 0.0868076 
0.00971591 -0.0177699 0.000168418 -0.000139954 -0.0177699 0.087422 -0.000133444 6.07121e-05 0.000168418 -0.000133444 0.00958337 -0.0176018 -0.000139954 6.07121e-05 -0.0176018 0.0869389 
0.00970275 -0.0177462 0.000160539 -9.23752e-05 -0.0177462 0.0872752 -8.24415e-05 -5.7061e-05 0.000160539 -8.24415e-05 0.00957554 -0.0175617 -9.23752e-05 -5.7061e-05 -0.0175617 0.086742 
0.00967628 -0.0177181 0.000167163 -7.69616e-05 -0.0177181 0.0871186 -6.4279e-05 -0.000142499 0.000167163 -6.4279e-05 0.00957071 -0.0175318 -7.69616e-05 -0.000142499 -0.0175318 0.0865488 
0.00966011 -0.0176891 0.000204842 -8.2638e-05 -0.0176891 0.087005 -7.38597e-05 -0.000160399 0.000204842 -7.38597e-05 0.00956095 -0.017524 -8.2638e-05 -0.000160399 -0.017524 0.0864468 
0.00963705 -0.0176618 0.000212634 -0.000124975 -0.0176618 0.0868854 -0.000128441 -8.38873e-05 0.000212634 -0.000128441 0.00955498 -0.0175093 -0.000124975 -8.38873e-05 -0.0175093 0.0863615 
0.00960527 -0.0176499 0.0002143 -0.000134493 -0.0176499 0.0868612 -0.000147379 -1.66763e-05 0.0002143 -0.000147379 0.00957438 -0.0175145 -0.000134493 -1.66763e-05 -0.0175145 0.0863744 
0.00961137 -0.0176787 0.00020277 -0.000138123 -0.0176787 0.0871354 -0.000151633 1.27334e-05 0.00020277 -0.000151633 0.00962812 -0.0176165 -0.000138123 1.27334e-05 -0.0176165 0.0867899 
0.00962328 -0.0176806 0.000190093 -0.000123975 -0.0176806 0.0872694 -0.000134332 -5.77777e-06 0.000190093 -0.000134332 0.00966055 -0.0176983 -0.000123975 -5.77777e-06 -0.0176983 0.0871468 
0.00960685 -0.0176623 0.000169386 -0.000112387 -0.0176623 0.0872196 -0.00012006 -3.53411e-05 0.000169386 -0.00012006 0.00967405 -0.0177209 -0.000112387 -3.53411e-05 -0.0177209 0.0872743 
0.00961724 -0.0176403 0.000150948 -9.56143e-05 -0.0176403 0.0871799 -9.73327e-05 -6.94093e-05 0.000150948 -9.73327e-05 0.00966739 -0.0177449 -9.56143e-05 -6.94093e-05 -0.0177449 0.0873861 
0.0096188 -0.017625 0.000160483 -7.62179e-05 -0.017625 0.0870547 -7.2884e-05 -0.000116132 0.000160483 -7.2884e-05 0.00963743 -0.0177093 -7.62179e-05 -0.000116132 -0.0177093 0.0872953 
0.00958856 -0.017556 0.000203967 -8.43222e-05 -0.017556 0.086649 -8.13342e-05 -0.000124217 0.000203967 -8.13342e-05 0.00959186 -0.0175886 -8.43222e-05 -0.000124217 -0.0175886 0.0867971 
0.00958142 -0.0175522 0.000220465 -0.000135594 -0.0175522 0.0865721 -0.000134825 -4.18368e-05 0.000220465 -0.000134825 0.00957456 -0.0175644 -0.000135594 -4.18368e-05 -0.0175644 0.0866393 
0.00959458 -0.017551 0.000195078 -0.000156354 -0.017551 0.0865508 -0.000157332 3.50282e-05 0.000195078 -0.000157332 0.00955686 -0.0175493 -0.000156354 3.50282e-05 -0.0175493 0.0865665 
0.00958577 -0.0175933 0.000149153 -0.00013101 -0.0175933 0.0866713 -0.000131893 3.1886e-05 0.000149153 -0.000131893 0.0095639 -0.0175378 -0.00013101 3.1886e-05 -0.0175378 0.0865672 
0.00954633 -0.017536 0.0001318 -6.90218e-05 -0.017536 0.0864688 -7.25949e-05 -7.88724e-05 0.0001318 -7.25949e-05 0.00954588 -0.0174884 -6.90218e-05 -7.88724e-05 -0.0174884 0.0863046 
0.00951058 -0.0174718 0.000122765 -4.4061e-05 -0.0174718 0.0862312 -4.77536e-05 -0.000175207 0.000122765 -4.77536e-05 0.00953199 -0.0174642 -4.4061e-05 -0.000175207 -0.0174642 0.0861345 
0.009696 -0.0178099 0.000121957 -3.96974e-05 -0.0178099 0.0879652 -4.30014e-05 -0.00021429 0.000121957 -4.30014e-05 0.00973515 -0.017852 -3.96974e-05 -0.00021429 -0.017852 0.0880058 
0.00966683 -0.017759 0.00014437 -4.19944e-05 -0.017759 0.0877432 -4.23782e-05 -0.000214118 0.00014437 -4.23782e-05 0.00971193 -0.0178249 -4.19944e-05 -0.000214118 -0.0178249 0.0878851 
0.00968079 -0.0177493 0.000169829 -7.40633e-05 -0.0177493 0.0877268 -6.89973e-05 -0.000165145 0.000169829 -6.89973e-05 0.00969233 -0.017828 -7.40633e-05 -0.000165145 -0.017828 0.0879339 
0.00952772 -0.0174187 0.000204254 -0.00011193 -0.0174187 0.0860274 -0.000103707 -7.00499e-05 0.000204254 -0.000103707 0.00947027 -0.0174512 -0.00011193 -7.00499e-05 -0.0174512 0.0861771 
0.00955647 -0.0174827 0.000203517 -0.000156907 -0.0174827 0.086187 -0.000148856 3.70499e-05 0.000203517 -0.000148856 0.00945649 -0.0174112 -0.000156907 3.70499e-05 -0.0174112 0.0861187 
0.00973957 -0.0178741 0.000197763 -0.000161373 -0.0178741 0.0880369 -0.000153412 9.10486e-05 0.000197763 -0.000153412 0.00964914 -0.017712 -0.000161373 9.10486e-05 -0.017712 0.0876787 
0.00969676 -0.017825 0.000179981 -0.000146404 -0.017825 0.0878833 -0.000142133 8.58882e-05 0.000179981 -0.000142133 0.00966048 -0.0176818 -0.000146404 8.58882e-05 -0.0176818 0.0874417 
0.00966934 -0.0177495 0.000158739 -0.000119262 -0.0177495 0.08763 -0.000117732 3.53115e-05 0.000158739 -0.000117732 0.00964125 -0.0176939 -0.000119262 3.53115e-05 -0.0176939 0.0873312 
0.00964436 -0.0176948 0.000151306 -9.09482e-05 -0.0176948 0.0873712 -9.52134e-05 -2.66323e-05 0.000151306 -9.52134e-05 0.0096193 -0.017669 -9.09482e-05 -2.66323e-05 -0.017669 0.087219 
0.00965448 -0.0176988 0.0001549 -7.7634e-05 -0.0176988 0.0873635 -8.52687e-05 -7.46834e-05 0.0001549 -8.52687e-05 0.00960628 -0.0176612 -7.7634e-05 -7.46834e-05 -0.0176612 0.0872278 
0.00965826 -0.0177029 0.000168623 -7.88563e-05 -0.0177029 0.0873247 -9.15508e-05 -8.71293e-05 0.000168623 -9.15508e-05 0.0096106 -0.0176239 -7.88563e-05 -8.71293e-05 -0.0176239 0.0871083 
0.00967409 -0.0177576 0.000203829 -9.73632e-05 -0.0177576 0.0875389 -0.000113132 -5.4432e-05 0.000203829 -0.000113132 0.00964743 -0.0176616 -9.73632e-05 -5.4432e-05 -0.0176616 0.0872353 
0.00966929 -0.0177531 0.000230988 -0.00014352 -0.0177531 0.0875571 -0.000156235 3.35494e-05 0.000230988 -0.000156235 0.00965983 -0.0176995 -0.00014352 3.35494e-05 -0.0176995 0.0873105 
0.00966245 -0.0177607 0.000253372 -0.000183336 -0.0177607 0.0876309 -0.000191268 0.000137738 0.000253372 -0.000191268 0.00969152 -0.0177458 -0.000183336 0.000137738 -0.0177458 0.0875023 
0.00966475 -0.0177561 0.000255531 -0.000214517 -0.0177561 0.0876727 -0.000216989 0.000223275 0.000255531 -0.000216989 0.00971535 -0.0177939 -0.000214517 0.000223275 -0.0177939 0.0876832 
0.00964512 -0.017731 0.000235345 -0.000214811 -0.017731 0.0875657 -0.000213832 0.000250103 0.000235345 -0.000213832 0.00972474 -0.0178053 -0.000214811 0.000250103 -0.0178053 0.087713 
0.00960722 -0.0176569 0.000207251 -0.000190552 -0.0176569 0.0872463 -0.000191631 0.000223555 0.000207251 -0.000191631 0.00970315 -0.0177728 -0.000190552 0.000223555 -0.0177728 0.0875177 
0.0095671 -0.0176242 0.000155627 -0.000147749 -0.0176242 0.0871027 -0.000153026 0.000134176 0.000155627 -0.000153026 0.00970023 -0.0177639 -0.000147749 0.000134176 -0.0177639 0.0874695 
0.00954198 -0.0175587 0.000165169 -9.18619e-05 -0.0175587 0.0869014 -9.83592e-05 2.118e-05 0.000165169 -9.83592e-05 0.0096803 -0.0177597 -9.18619e-05 2.118e-05 -0.0177597 0.087418 
0.00955584 -0.0175401 0.000191726 -0.000107116 -0.0175401 0.086832 -0.000112006 -4.08232e-06 0.000191726 -0.000112006 0.00965637 -0.0177548 -0.000107116 -4.08232e-06 -0.0177548 0.0874495 
0.009587 -0.0175705 0.000218802 -0.00014416 -0.0175705 0.0868872 -0.000148829 6.09678e-05 0.000218802 -0.000148829 0.0096362 -0.0177256 -0.00014416 6.09678e-05 -0.0177256 0.087434 
0.00962185 -0.0176469 0.000224988 -0.000177197 -0.0176469 0.0871551 -0.00017787 0.000139959 0.000224988 -0.00017787 0.00963648 -0.0177262 -0.000177197 0.000139959 -0.0177262 0.0875273 
0.009618 -0.0176716 0.000227545 -0.00018463 -0.0176716 0.0872337 -0.000182803 0.000181048 0.000227545 -0.000182803 0.00963514 -0.0176847 -0.00018463 0.000181048 -0.0176847 0.0873928 
0.00956328 -0.0175853 0.000222932 -0.000185052 -0.0175853 0.0868365 -0.00018406 0.000192474 0.000222932 -0.00018406 0.00959468 -0.017582 -0.000185052 0.000192474 -0.017582 0.0868582 
0.00954243 -0.0175517 0.000210966 -0.000184853 -0.0175517 0.0867044 -0.000184491 0.000202885 0.000210966 -0.000184491 0.00958851 -0.0175623 -0.000184853 0.000202885 -0.0175623 0.0866971 
0.00950834 -0.0174984 0.000176284 -0.000167083 -0.0174984 0.0864892 -0.000167198 0.000175838 0.000176284 -0.000167198 0.00958575 -0.0175544 -0.000167083 0.000175838 -0.0175544 0.086582 
0.00952449 -0.0175184 0.000144775 -0.000124098 -0.0175184 0.0866593 -0.000126554 9.6556e-05 0.000144775 -0.000126554 0.00961138 -0.017641 -0.000124098 9.6556e-05 -0.017641 0.086936 
0.00954496 -0.0175166 0.000131554 -8.51935e-05 -0.0175166 0.0866649 -8.83598e-05 6.84097e-07 0.000131554 -8.83598e-05 0.00960268 -0.0176568 -8.51935e-05 6.84097e-07 -0.0176568 0.0870601 
0.00955962 -0.0175343 0.000125393 -6.89321e-05 -0.0175343 0.0866719 -6.85718e-05 -6.85231e-05 0.000125393 -6.85718e-05 0.00958027 -0.0176315 -6.89321e-05 -6.85231e-05 -0.0176315 0.0870344 
0.00956034 -0.0175695 0.00014272 -6.79876e-05 -0.0175695 0.0867833 -6.11815e-05 -9.37915e-05 0.00014272 -6.11815e-05 0.00957812 -0.0176072 -6.79876e-05 -9.37915e-05 -0.0176072 0.0870104 
0.00951474 -0.0175301 0.000148909 -9.71435e-05 -0.0175301 0.0866218 -8.76934e-05 -4.83557e-05 0.000148909 -8.76934e-05 0.00957865 -0.0175452 -9.71435e-05 -4.83557e-05 -0.0175452 0.0867237 
0.00949552 -0.0174769 0.000149539 -0.000103766 -0.0174769 0.0864762 -9.72642e-05 -1.00372e-05 0.000149539 -9.72642e-05 0.00957662 -0.0175509 -0.000103766 -1.00372e-05 -0.0175509 0.0866222 
0.0095161 -0.0175101 0.000169246 -0.00010938 -0.0175101 0.0866648 -0.00010947 2.80799e-05 0.000169246 -0.00010947 0.00960458 -0.0176222 -0.00010938 2.80799e-05 -0.0176222 0.0869252 
0.00951484 -0.0174837 0.000215352 -0.000132727 -0.0174837 0.0865385 -0.000135364 8.14749e-05 0.000215352 -0.000135364 0.009594 -0.0176033 -0.000132727 8.14749e-05 -0.0176033 0.086854 
0.00951517 -0.0174488 0.00022245 -0.000184367 -0.0174488 0.0863336 -0.000184321 0.000175718 0.00022245 -0.000184321 0.0095659 -0.0175716 -0.000184367 0.000175718 -0.0175716 0.0866851 
0.00952467 -0.0174389 0.000226215 -0.000194352 -0.0174389 0.0861869 -0.000190862 0.000231589 0.000226215 -0.000190862 0.00952956 -0.0175272 -0.000194352 0.000231589 -0.0175272 0.0864965 
0.00957585 -0.0175814 0.000237808 -0.000201239 -0.0175814 0.0867654 -0.000193095 0.00025147 0.000237808 -0.000193095 0.0095688 -0.0176 -0.000201239 0.00025147 -0.0176 0.086928 
0.00957612 -0.0176249 0.000250946 -0.000217346 -0.0176249 0.0870044 -0.000206142 0.000279982 0.000250946 -0.000206142 0.00958761 -0.017604 -0.000217346 0.000279982 -0.017604 0.0870044 
0.00953709 -0.0175208 0.000241873 -0.000226961 -0.0175208 0.0866155 -0.00021888 0.000306643 0.000241873 -0.00021888 0.00954851 -0.0175391 -0.000226961 0.000306643 -0.0175391 0.0866306 
0.0095166 -0.0174693 0.000202395 -0.000209142 -0.0174693 0.0863496 -0.000205139 0.000288421 0.000202395 -0.000205139 0.00952019 -0.0174968 -0.000209142 0.000288421 -0.0174968 0.0864125 
0.00971046 -0.0178143 0.000203701 -0.000163627 -0.0178143 0.088005 -0.000159901 0.000203953 0.000203701 -0.000159901 0.00970035 -0.017818 -0.000163627 0.000203953 -0.017818 0.0880303 
0.00951197 -0.0174588 0.000186902 -0.000146673 -0.0174588 0.0861928 -0.000145189 0.000123326 0.000186902 -0.000145189 0.0094954 -0.0174379 -0.000146673 0.000123326 -0.0174379 0.0861488 
0.00956903 -0.0175687 0.000162171 -0.000135068 -0.0175687 0.0867178 -0.000137093 8.93231e-05 0.000162171 -0.000137093 0.00954056 -0.0175345 -0.000135068 8.93231e-05 -0.0175345 0.0866179 
0.00962188 -0.0176884 0.00013834 -0.000109033 -0.0176884 0.0873077 -0.000114453 4.64296e-05 0.00013834 -0.000114453 0.00959198 -0.0176388 -0.000109033 4.64296e-05 -0.0176388 0.087164 
0.00962079 -0.0176867 0.000125597 -8.30017e-05 -0.0176867 0.0873537 -8.88368e-05 -8.65535e-06 0.000125597 -8.88368e-05 0.00959442 -0.0176349 -8.30017e-05 -8.65535e-06 -0.0176349 0.0871872 
0.00957853 -0.0176255 0.000133031 -6.60271e-05 -0.0176255 0.0870838 -7.36697e-05 -5.26104e-05 0.000133031 -7.36697e-05 0.00959243 -0.0175788 -6.60271e-05 -5.26104e-05 -0.0175788 0.0869184 
0.00953356 -0.0175678 0.000139726 -7.67028e-05 -0.0175678 0.0868603 -8.62727e-05 -4.93985e-05 0.000139726 -8.62727e-05 0.00959404 -0.0175727 -7.67028e-05 -4.93985e-05 -0.0175727 0.0867806 
0.00949112 -0.0174324 0.000133505 -8.35636e-05 -0.0174324 0.0862966 -9.25661e-05 -3.326e-05 0.000133505 -9.25661e-05 0.00953441 -0.0175163 -8.35636e-05 -3.326e-05 -0.0175163 0.0864147 
0.00966305 -0.0177534 0.000145219 -8.12152e-05 -0.0177534 0.0878042 -8.5185e-05 -3.50943e-05 0.000145219 -8.5185e-05 0.00970638 -0.017819 -8.12152e-05 -3.50943e-05 -0.017819 0.087985 
0.00964668 -0.0177004 0.000144798 -9.09492e-05 -0.0177004 0.0875322 -9.2283e-05 -2.92443e-05 0.000144798 -9.2283e-05 0.00966973 -0.0177714 -9.09492e-05 -2.92443e-05 -0.0177714 0.0877366 
0.00966575 -0.0177129 0.000129371 -9.66659e-05 -0.0177129 0.0875372 -9.79612e-05 -7.06272e-06 0.000129371 -9.79612e-05 0.00964055 -0.0177647 -9.66659e-05 -7.06272e-06 -0.0177647 0.087733 
0.00966537 -0.0177314 0.000112797 -8.25149e-05 -0.0177314 0.0875354 -8.11282e-05 -1.61395e-05 0.000112797 -8.11282e-05 0.00961945 -0.0177118 -8.25149e-05 -1.61395e-05 -0.0177118 0.0876008 
0.00970392 -0.0177843 0.000112012 -6.3208e-05 -0.0177843 0.0877758 -5.64512e-05 -6.16071e-05 0.000112012 -5.64512e-05 0.00961204 -0.0177174 -6.3208e-05 -6.16071e-05 -0.0177174 0.0876741 
0.00970241 -0.017834 0.000152776 -6.59482e-05 -0.017834 0.0879458 -5.68232e-05 -7.51018e-05 0.000152776 -5.68232e-05 0.00962873 -0.017692 -6.59482e-05 -7.51018e-05 -0.017692 0.0876399 
0.00950258 -0.0174954 0.000157461 -0.000112075 -0.0174954 0.0863568 -0.000104213 -2.23836e-06 0.000157461 -0.000104213 0.00946619 -0.0173777 -0.000112075 -2.23836e-06 -0.0173777 0.0859993 
0.00949902 -0.0175046 0.000139123 -0.000128681 -0.0175046 0.0865144 -0.000125723 7.84642e-05 0.000139123 -0.000125723 0.0095002 -0.0174443 -0.000128681 7.84642e-05 -0.0174443 0.0862521 
0.009472 -0.0174735 0.000132459 -0.000107447 -0.0174735 0.0864701 -0.000104622 7.63525e-05 0.000132459 -0.000104622 0.00952115 -0.0174775 -0.000107447 7.63525e-05 -0.0174775 0.0863802 
0.00944799 -0.017413 0.00012682 -9.48577e-05 -0.017413 0.0862763 -8.58855e-05 3.55453e-05 0.00012682 -8.58855e-05 0.00952676 -0.0174792 -9.48577e-05 3.55453e-05 -0.0174792 0.0863582 
0.00964312 -0.0177219 0.000137291 -9.11396e-05 -0.0177219 0.0878472 -7.90073e-05 7.12032e-06 0.000137291 -7.90073e-05 0.00972774 -0.0178444 -9.11396e-05 7.12032e-06 -0.0178444 0.0881116 
0.0096488 -0.0177268 0.000135954 -9.61687e-05 -0.0177268 0.0877737 -8.95238e-05 6.27161e-06 0.000135954 -8.95238e-05 0.00973222 -0.0178472 -9.61687e-05 6.27161e-06 -0.0178472 0.0880971 
0.00944996 -0.0173955 0.000124808 -8.873e-05 -0.0173955 0.0860634 -9.17843e-05 8.94926e-06 0.000124808 -9.17843e-05 0.00955913 -0.0175004 -8.873e-05 8.94926e-06 -0.0175004 0.0863612 
0.00945878 -0.0173863 0.00012968 -7.75802e-05 -0.0173863 0.086072 -8.37983e-05 -5.80777e-06 0.00012968 -8.37983e-05 0.00957277 -0.0175389 -7.75802e-05 -5.80777e-06 -0.0175389 0.086448 
0.00948505 -0.017434 0.000151406 -7.3765e-05 -0.017434 0.0862858 -7.78971e-05 -3.55536e-05 0.000151406 -7.78971e-05 0.00959131 -0.0176114 -7.3765e-05 -3.55536e-05 -0.0176114 0.0867652 
0.00953817 -0.0175224 0.00016163 -0.000100038 -0.0175224 0.0867065 -0.00010096 -1.23699e-05 0.00016163 -0.00010096 0.00962694 -0.0176892 -0.000100038 -1.23699e-05 -0.0176892 0.0872095 
0.00952095 -0.0174664 0.000155325 -0.00011402 -0.0174664 0.0864062 -0.000111343 2.17967e-05 0.000155325 -0.000111343 0.00959128 -0.0176105 -0.00011402 2.17967e-05 -0.0176105 0.0868725 
0.0095703 -0.01753 0.000172855 -0.000111588 -0.01753 0.0866387 -0.000110604 3.72814e-05 0.000172855 -0.000110604 0.0095898 -0.0176373 -0.000111588 3.72814e-05 -0.0176373 0.0870144 
0.00960066 -0.0175736 0.000183396 -0.000123863 -0.0175736 0.0867504 -0.000127288 5.20228e-05 0.000183396 -0.000127288 0.00956312 -0.0176182 -0.000123863 5.20228e-05 -0.0176182 0.0869899 
0.00960911 -0.0176046 0.000199604 -0.000134265 -0.0176046 0.0868188 -0.000138174 7.55777e-05 0.000199604 -0.000138174 0.00953971 -0.0175675 -0.000134265 7.55777e-05 -0.0175675 0.0868498 
0.00962982 -0.0176722 0.000219762 -0.000152385 -0.0176722 0.0871242 -0.000154033 0.000107268 0.000219762 -0.000154033 0.00954984 -0.0175762 -0.000152385 0.000107268 -0.0175762 0.0869523 
0.0096716 -0.0177243 0.000209348 -0.000174745 -0.0177243 0.0874161 -0.00017364 0.000145595 0.000209348 -0.00017364 0.00955903 -0.0176037 -0.000174745 0.000145595 -0.0176037 0.0871121 
0.00967145 -0.0177436 0.000207705 -0.000175413 -0.0177436 0.0874744 -0.000172678 0.000178513 0.000207705 -0.000172678 0.00957842 -0.0175871 -0.000175413 0.000178513 -0.0175871 0.0870705 
0.00967769 -0.0177657 0.000204715 -0.000168322 -0.0177657 0.0875954 -0.000164306 0.000167637 0.000204715 -0.000164306 0.00961943 -0.0176175 -0.000168322 0.000167637 -0.0176175 0.0871385 
0.00967429 -0.0177393 0.000209224 -0.000156994 -0.0177393 0.087495 -0.000154114 0.000137562 0.000209224 -0.000154114 0.00964306 -0.0176422 -0.000156994 0.000137562 -0.0176422 0.0871129 
0.009715 -0.0178223 0.00022334 -0.000154874 -0.0178223 0.0878674 -0.000157488 0.000116027 0.00022334 -0.000157488 0.0097003 -0.0177636 -0.000154874 0.000116027 -0.0177636 0.0875902 
0.00973046 -0.0178437 0.000222 -0.000159638 -0.0178437 0.087991 -0.000170533 0.000112306 0.000222 -0.000170533 0.00971037 -0.0178239 -0.000159638 0.000112306 -0.0178239 0.0878397 
0.00973076 -0.0178466 0.000222647 -0.000162255 -0.0178466 0.0880077 -0.000176159 0.000126345 0.000222647 -0.000176159 0.00971442 -0.0178303 -0.000162255 0.000126345 -0.0178303 0.087923 
0.00971685 -0.0178226 0.000216187 -0.000165047 -0.0178226 0.0879012 -0.000174664 0.00013136 0.000216187 -0.000174664 0.00971108 -0.0178109 -0.000165047 0.00013136 -0.0178109 0.0878458 
0.00974279 -0.0178897 0.000195787 -0.000163152 -0.0178897 0.0882366 -0.000164749 0.000124722 0.000195787 -0.000164749 0.0097354 -0.0178846 -0.000163152 0.000124722 -0.0178846 0.0881959 
0.00950537 -0.0174841 0.000176702 -0.000136931 -0.0174841 0.0862808 -0.000130588 7.50182e-05 0.000176702 -0.000130588 0.00952417 -0.0174714 -0.000136931 7.50182e-05 -0.0174714 0.0862277 
0.00952445 -0.0175152 0.000160022 -0.000120368 -0.0175152 0.0865448 -0.000109442 2.07446e-05 0.000160022 -0.000109442 0.00954928 -0.0175434 -0.000120368 2.07446e-05 -0.0175434 0.0865546 
0.0095324 -0.017498 0.000162771 -0.000101605 -0.017498 0.0865147 -9.07911e-05 -2.56611e-05 0.000162771 -9.07911e-05 0.00954172 -0.0175395 -0.000101605 -2.56611e-05 -0.0175395 0.0865865 
0.00951308 -0.0174505 0.00019286 -0.000111298 -0.0174505 0.0862445 -0.000100587 -2.00816e-05 0.00019286 -0.000100587 0.00952204 -0.01747 -0.000111298 -2.00816e-05 -0.01747 0.0862992 
0.00951862 -0.0174344 0.00022295 -0.000141776 -0.0174344 0.0861297 -0.000132256 2.71721e-05 0.00022295 -0.000132256 0.00951548 -0.0174528 -0.000141776 2.71721e-05 -0.0174528 0.0861687 
0.00974529 -0.01781 0.00023744 -0.000185087 -0.01781 0.0879086 -0.000174952 0.000118227 0.00023744 -0.000174952 0.00971469 -0.017818 -0.000185087 0.000118227 -0.017818 0.0879312 
0.00974038 -0.0178156 0.000222294 -0.000194569 -0.0178156 0.0877888 -0.000182505 0.000166172 0.000222294 -0.000182505 0.00970169 -0.0177777 -0.000194569 0.000166172 -0.0177777 0.0877159 
0.00976123 -0.0178779 0.000208515 -0.000168157 -0.0178779 0.0880423 -0.000159212 0.000131149 0.000208515 -0.000159212 0.00971195 -0.0178201 -0.000168157 0.000131149 -0.0178201 0.087876 
0.00975826 -0.0179179 0.000198136 -0.000141993 -0.0179179 0.0882617 -0.000141936 6.92667e-05 0.000198136 -0.000141936 0.00973682 -0.0178523 -0.000141993 6.92667e-05 -0.0178523 0.088053 
0.00974216 -0.0178716 0.000179881 -0.000127782 -0.0178716 0.0881411 -0.000132991 2.6843e-05 0.000179881 -0.000132991 0.00972626 -0.0178417 -0.000127782 2.6843e-05 -0.0178417 0.0879718 
0.00974262 -0.0178584 0.000171549 -0.000104753 -0.0178584 0.0880888 -0.000112931 -2.34635e-05 0.000171549 -0.000112931 0.00971589 -0.017839 -0.000104753 -2.34635e-05 -0.017839 0.0879674 
0.0097365 -0.0178434 0.000179899 -9.73337e-05 -0.0178434 0.0879802 -0.000108801 -4.75125e-05 0.000179899 -0.000108801 0.00969464 -0.0177998 -9.73337e-05 -4.75125e-05 -0.0177998 0.087825 
0.00971999 -0.0178193 0.000197154 -0.00011383 -0.0178193 0.0878406 -0.00012325 -2.2578e-05 0.000197154 -0.00012325 0.00967749 -0.0177565 -0.00011383 -2.2578e-05 -0.0177565 0.0876358 
0.00972113 -0.0178519 0.000219077 -0.000144199 -0.0178519 0.0880073 -0.000147221 4.28523e-05 0.000219077 -0.000147221 0.00970676 -0.0177911 -0.000144199 4.28523e-05 -0.0177911 0.0877882 
0.00973238 -0.0178602 0.000252291 -0.000179433 -0.0178602 0.0881225 -0.00017733 0.000131028 0.000252291 -0.00017733 0.00973408 -0.0178379 -0.000179433 0.000131028 -0.0178379 0.0879655 
0.00972426 -0.0178663 0.000252741 -0.000219729 -0.0178663 0.0881634 -0.000216168 0.000227697 0.000252741 -0.000216168 0.0097573 -0.0178699 -0.000219729 0.000227697 -0.0178699 0.0880897 
0.00973863 -0.017825 0.000248756 -0.00022306 -0.017825 0.0880314 -0.00022346 0.000284971 0.000248756 -0.00022346 0.00973268 -0.0178816 -0.00022306 0.000284971 -0.0178816 0.0880889 
