0.00726212 0 0.000232052 0 0 0.0102944 0 0 0.000232052 0 0.00737474 0 0 0 0 0.0102944 
0.00993165 -0.0123339 0.000261852 -0.000317141 -0.0123339 0.0327771 -0.000317141 0.000607917 0.000261852 -0.000317141 0.0101068 -0.0125407 -0.000317141 0.000607917 -0.0125407 0.0331741 
0.0097116 -0.0181847 0.000186864 -0.000240142 -0.0181847 0.0670393 -0.000240142 0.000722091 0.000186864 -0.000240142 0.00985912 -0.0183285 -0.000240142 0.000722091 -0.0183285 0.0674556 
0.00923886 -0.0179372 0.000118952 -5.11403e-05 -0.0179372 0.0805776 -4.54447e-05 -0.000153586 0.000118952 -4.54447e-05 0.00935534 -0.0181004 -5.11403e-05 -0.000153586 -0.0181004 0.0810457 
0.009489 -0.0178001 0.000151181 -7.22831e-06 -0.0178001 0.086022 -9.08663e-06 -0.000574523 0.000151181 -9.08663e-06 0.0095922 -0.0179882 -7.22831e-06 -0.000574523 -0.0179882 0.0868155 
0.00975058 -0.0179518 0.000166021 -7.37444e-05 -0.0179518 0.0882441 -8.36365e-05 -0.000438445 0.000166021 -8.36365e-05 0.00981956 -0.0181107 -7.37444e-05 -0.000438445 -0.0181107 0.0890361 
0.00945275 -0.0173394 0.00017564 -0.000110176 -0.0173394 0.0854395 -0.000116212 -0.000174273 0.00017564 -0.000116212 0.00950281 -0.0174233 -0.000110176 -0.000174273 -0.0174233 0.0859719 
0.00961166 -0.0176516 0.000153242 -0.000129489 -0.0176516 0.0870706 -0.000130784 -3.11103e-05 0.000153242 -0.000130784 0.00968305 -0.0177034 -0.000129489 -3.11103e-05 -0.0177034 0.0874079 
0.00980502 -0.0180338 0.000137771 -0.000102621 -0.0180338 0.0890692 -0.000101096 -1.42041e-05 0.000137771 -0.000101096 0.00993886 -0.0181053 -0.000102621 -1.42041e-05 -0.0181053 0.0893413 
0.00966234 -0.017747 0.000123131 -7.03798e-05 -0.017747 0.0877564 -6.24962e-05 -8.51334e-05 0.000123131 -6.24962e-05 0.00982625 -0.0178984 -7.03798e-05 -8.51334e-05 -0.0178984 0.0881366 
0.00957275 -0.0175588 9.37909e-05 -4.51137e-05 -0.0175588 0.0868141 -3.29117e-05 -0.000175049 9.37909e-05 -3.29117e-05 0.00974355 -0.0177653 -4.51137e-05 -0.000175049 -0.0177653 0.0873614 
0.00955859 -0.0175193 7.83283e-05 -8.51495e-06 -0.0175193 0.086545 4.87287e-06 -0.000274232 7.83283e-05 4.87287e-06 0.0097241 -0.0177367 -8.51495e-06 -0.000274232 -0.0177367 0.0871783 
0.00952104 -0.0174943 0.000100104 9.56902e-06 -0.0174943 0.0863429 1.87714e-05 -0.000339648 0.000100104 1.87714e-05 0.00971466 -0.0177017 9.56902e-06 -0.000339648 -0.0177017 0.0869836 
0.00952002 -0.0174774 0.000136621 -1.7648e-05 -0.0174774 0.086321 -1.6064e-05 -0.000309471 0.000136621 -1.6064e-05 0.00970269 -0.0177291 -1.7648e-05 -0.000309471 -0.0177291 0.087041 
0.00952051 -0.0174684 0.000140541 -6.1759e-05 -0.0174684 0.0862724 -6.53413e-05 -0.000214101 0.000140541 -6.53413e-05 0.00967992 -0.0177215 -6.1759e-05 -0.000214101 -0.0177215 0.0870553 
0.0095186 -0.0174311 0.000144299 -7.32857e-05 -0.0174311 0.0860481 -7.72935e-05 -0.000142762 0.000144299 -7.72935e-05 0.00962708 -0.0176406 -7.32857e-05 -0.000142762 -0.0176406 0.0867607 
0.00953992 -0.0174957 0.000164544 -7.76525e-05 -0.0174957 0.0862588 -8.29634e-05 -0.000112687 0.000164544 -8.29634e-05 0.0096202 -0.0176308 -7.76525e-05 -0.000112687 -0.0176308 0.0868054 
0.0095067 -0.0175033 0.000179543 -0.000101504 -0.0175033 0.0862876 -0.000107621 -6.47966e-05 0.000179543 -0.000107621 0.00961332 -0.0175849 -0.000101504 -6.47966e-05 -0.0175849 0.0866499 
0.00949144 -0.017456 0.0001953 -0.000130828 -0.017456 0.0862056 -0.000131415 1.36153e-05 0.0001953 -0.000131415 0.0095964 -0.0175742 -0.000130828 1.36153e-05 -0.0175742 0.0865551 
0.0099146 -0.0181908 0.000193432 -0.000162188 -0.0181908 0.089874 -0.000151833 7.93865e-05 0.000193432 -0.000151833 0.0099998 -0.0183282 -0.000162188 7.93865e-05 -0.0183282 0.0902919 
0.00991003 -0.0181849 0.000181135 -0.00015936 -0.0181849 0.0897674 -0.000138041 9.93434e-05 0.000181135 -0.000138041 0.00998949 -0.0182872 -0.00015936 9.93434e-05 -0.0182872 0.09014 
0.00992267 -0.0182073 0.000177177 -0.000142881 -0.0182073 0.0898353 -0.000118685 6.93268e-05 0.000177177 -0.000118685 0.00999326 -0.0182845 -0.000142881 6.93268e-05 -0.0182845 0.0901135 
0.00995783 -0.0182667 0.000131746 -0.000129943 -0.0182667 0.0901035 -0.000115002 3.62498e-05 0.000131746 -0.000115002 0.0100021 -0.0183345 -0.000129943 3.62498e-05 -0.0183345 0.0903301 
0.00952993 -0.0175315 0.000137664 -6.58777e-05 -0.0175315 0.0864498 -6.62292e-05 -5.20115e-05 0.000137664 -6.62292e-05 0.00958393 -0.0175659 -6.58777e-05 -5.20115e-05 -0.0175659 0.086603 
0.00950613 -0.0174689 0.000154268 -6.97094e-05 -0.0174689 0.0862404 -8.0649e-05 -8.75471e-05 0.000154268 -8.0649e-05 0.00956029 -0.0175111 -6.97094e-05 -8.75471e-05 -0.0175111 0.0863643 
0.00950259 -0.0174706 0.000168238 -8.68688e-05 -0.0174706 0.0862691 -0.000102358 -6.3082e-05 0.000168238 -0.000102358 0.00956007 -0.0175309 -8.68688e-05 -6.3082e-05 -0.0175309 0.0864414 
0.00950903 -0.0174764 0.000160038 -0.000106728 -0.0174764 0.08633 -0.000118766 -2.05643e-05 0.000160038 -0.000118766 0.0095567 -0.0175395 -0.000106728 -2.05643e-05 -0.0175395 0.0865271 
0.00948171 -0.0174238 0.000156845 -0.00010356 -0.0174238 0.086076 -0.000108583 -8.23134e-06 0.000156845 -0.000108583 0.00953661 -0.0174735 -0.00010356 -8.23134e-06 -0.0174735 0.0862608 
0.00990742 -0.0182025 0.000142099 -0.00010419 -0.0182025 0.0899297 -0.000102552 -2.41941e-05 0.000142099 -0.000102552 0.00997378 -0.0182637 -0.00010419 -2.41941e-05 -0.0182637 0.0901271 
0.00990237 -0.0181757 0.000102796 -8.74942e-05 -0.0181757 0.0897901 -8.12022e-05 -4.78975e-05 0.000102796 -8.12022e-05 0.00997102 -0.0182469 -8.74942e-05 -4.78975e-05 -0.0182469 0.0900062 
0.00986741 -0.0180891 0.000109389 -4.03099e-05 -0.0180891 0.0893157 -3.43219e-05 -0.000130524 0.000109389 -3.43219e-05 0.00993722 -0.018161 -4.03099e-05 -0.000130524 -0.018161 0.089539 
0.00982834 -0.0180279 0.000111803 -4.79296e-05 -0.0180279 0.0889395 -4.77228e-05 -0.000149348 0.000111803 -4.77228e-05 0.00990616 -0.0181049 -4.79296e-05 -0.000149348 -0.0181049 0.0891796 
0.00981922 -0.0180295 0.000136878 -5.55099e-05 -0.0180295 0.0889255 -6.31794e-05 -0.00011962 0.000136878 -6.31794e-05 0.0099041 -0.0181189 -5.55099e-05 -0.00011962 -0.0181189 0.0891977 
0.00983741 -0.0180582 0.000163874 -8.98453e-05 -0.0180582 0.089089 -0.000102937 -4.13e-05 0.000163874 -0.000102937 0.00992181 -0.0181626 -8.98453e-05 -4.13e-05 -0.0181626 0.0894101 
0.00986777 -0.0181332 0.000175153 -0.000115956 -0.0181332 0.0894496 -0.000128921 2.58672e-05 0.000175153 -0.000128921 0.0099489 -0.0182352 -0.000115956 2.58672e-05 -0.0182352 0.0897868 
0.00990013 -0.0181721 0.000122359 -0.000134541 -0.0181721 0.0896794 -0.000137801 7.43233e-05 0.000122359 -0.000137801 0.00993943 -0.0182694 -0.000134541 7.43233e-05 -0.0182694 0.0900147 
0.00988978 -0.0181638 9.34878e-05 -7.34599e-05 -0.0181638 0.0896238 -7.15676e-05 -5.35353e-06 9.34878e-05 -7.15676e-05 0.00991483 -0.0182153 -7.34599e-05 -5.35353e-06 -0.0182153 0.089894 
0.00988029 -0.0181832 9.42279e-05 -3.24336e-05 -0.0181832 0.0897435 -3.04449e-05 -0.000123306 9.42279e-05 -3.04449e-05 0.00992422 -0.0182114 -3.24336e-05 -0.000123306 -0.0182114 0.0899334 
0.00986139 -0.018152 0.000120955 -3.23933e-05 -0.018152 0.0896891 -3.58085e-05 -0.000161327 0.000120955 -3.58085e-05 0.00992696 -0.0182006 -3.23933e-05 -0.000161327 -0.0182006 0.0898761 
0.00979415 -0.0180203 0.000130504 -6.19585e-05 -0.0180203 0.0891107 -7.00913e-05 -0.000119216 0.000130504 -7.00913e-05 0.00989002 -0.0181059 -6.19585e-05 -0.000119216 -0.0181059 0.0893748 
0.0097804 -0.0179696 0.000106485 -8.30238e-05 -0.0179696 0.0888761 -8.51539e-05 -5.78306e-05 0.000106485 -8.51539e-05 0.00986762 -0.0180888 -8.30238e-05 -5.78306e-05 -0.0180888 0.0892228 
0.00979776 -0.0179991 9.42993e-05 -6.15924e-05 -0.0179991 0.088975 -5.3406e-05 -7.20391e-05 9.42993e-05 -5.3406e-05 0.00986889 -0.0181063 -6.15924e-05 -7.20391e-05 -0.0181063 0.0893354 
0.00982017 -0.018028 9.63598e-05 -4.48499e-05 -0.018028 0.0890886 -3.39968e-05 -0.00011958 9.63598e-05 -3.39968e-05 0.0098688 -0.0181126 -4.48499e-05 -0.00011958 -0.0181126 0.0894053 
0.00980484 -0.0180443 0.000128481 -4.17832e-05 -0.0180443 0.0891209 -3.35173e-05 -0.00014701 0.000128481 -3.35173e-05 0.00987968 -0.0180915 -4.17832e-05 -0.00014701 -0.0180915 0.0893471 
0.00979929 -0.0180491 0.000185806 -8.21508e-05 -0.0180491 0.0892152 -7.6537e-05 -8.62029e-05 0.000185806 -7.6537e-05 0.00991126 -0.0181246 -8.21508e-05 -8.62029e-05 -0.0181246 0.089439 
0.00982225 -0.0180587 0.000182207 -0.000151946 -0.0180587 0.0893366 -0.000148701 5.65013e-05 0.000182207 -0.000148701 0.00993454 -0.0181947 -0.000151946 5.65013e-05 -0.0181947 0.0896833 
0.00981205 -0.0180287 0.000148767 -0.000149145 -0.0180287 0.0891497 -0.000144103 0.000118205 0.000148767 -0.000144103 0.00992953 -0.0181683 -0.000149145 0.000118205 -0.0181683 0.0895633 
0.00982391 -0.0180383 0.000104243 -0.000108132 -0.0180383 0.0891474 -9.84475e-05 5.95519e-05 0.000104243 -9.84475e-05 0.0099247 -0.0181748 -0.000108132 5.95519e-05 -0.0181748 0.0895609 
0.00982282 -0.0180652 8.78736e-05 -4.90298e-05 -0.0180652 0.089233 -3.44044e-05 -7.74244e-05 8.78736e-05 -3.44044e-05 0.00992585 -0.0181876 -4.90298e-05 -7.74244e-05 -0.0181876 0.0896302 
0.00982277 -0.0180627 0.000120378 -2.9844e-05 -0.0180627 0.0892642 -1.55271e-05 -0.000167477 0.000120378 -1.55271e-05 0.00992422 -0.018188 -2.9844e-05 -0.000167477 -0.018188 0.0896528 
0.00981792 -0.0180485 0.000142516 -6.22246e-05 -0.0180485 0.0892138 -5.30911e-05 -0.000148878 0.000142516 -5.30911e-05 0.00991726 -0.01818 -6.22246e-05 -0.000148878 -0.01818 0.0896228 
0.00980252 -0.0180371 0.000145319 -8.83246e-05 -0.0180371 0.0891421 -8.61091e-05 -8.12603e-05 0.000145319 -8.61091e-05 0.0099203 -0.0181544 -8.83246e-05 -8.12603e-05 -0.0181544 0.0895218 
0.0097853 -0.0179916 0.000157005 -8.63424e-05 -0.0179916 0.0889633 -8.77734e-05 -5.7983e-05 0.000157005 -8.77734e-05 0.00991212 -0.0181401 -8.63424e-05 -5.7983e-05 -0.0181401 0.0893829 
0.00980425 -0.0179798 0.000169571 -9.95837e-05 -0.0179798 0.0888923 -0.000102908 -3.26231e-05 0.000169571 -0.000102908 0.00989778 -0.0181426 -9.95837e-05 -3.26231e-05 -0.0181426 0.0893632 
0.00982015 -0.0180259 0.000176474 -0.000115946 -0.0180259 0.0890012 -0.000122289 1.08417e-05 0.000176474 -0.000122289 0.00989009 -0.0181412 -0.000115946 1.08417e-05 -0.0181412 0.0894108 
0.0098004 -0.0180104 0.000159038 -0.000128175 -0.0180104 0.0888973 -0.000137 5.62165e-05 0.000159038 -0.000137 0.00987276 -0.0180852 -0.000128175 5.62165e-05 -0.0180852 0.0891937 
0.0098273 -0.0180851 0.000145051 -0.000106314 -0.0180851 0.0892903 -0.000116851 4.07116e-05 0.000145051 -0.000116851 0.00991321 -0.0181568 -0.000106314 4.07116e-05 -0.0181568 0.0895245 
0.00982856 -0.0180829 0.000151844 -8.27331e-05 -0.0180829 0.0893544 -9.10238e-05 -2.0456e-05 0.000151844 -9.10238e-05 0.0099223 -0.0181827 -8.27331e-05 -2.0456e-05 -0.0181827 0.0896269 
0.00983188 -0.0180891 0.000148812 -8.91792e-05 -0.0180891 0.0894229 -9.11987e-05 -4.85547e-05 0.000148812 -9.11987e-05 0.00992654 -0.0182075 -8.91792e-05 -4.85547e-05 -0.0182075 0.0897542 
0.00983727 -0.0180968 0.000145169 -9.62975e-05 -0.0180968 0.089498 -8.99481e-05 -4.15011e-05 0.000145169 -8.99481e-05 0.00993342 -0.0182274 -9.62975e-05 -4.15011e-05 -0.0182274 0.0898862 
0.0097884 -0.017981 0.000141636 -9.74526e-05 -0.017981 0.0889421 -8.50457e-05 -3.66233e-05 0.000141636 -8.50457e-05 0.00985834 -0.0181085 -9.74526e-05 -3.66233e-05 -0.0181085 0.0893428 
0.00979581 -0.0179934 0.000140481 -0.000102939 -0.0179934 0.0889351 -9.05667e-05 -1.38642e-05 0.000140481 -9.05667e-05 0.0098428 -0.018067 -0.000102939 -1.38642e-05 -0.018067 0.0892243 
0.00977879 -0.0179623 0.000137928 -9.89247e-05 -0.0179623 0.0887397 -8.96283e-05 -8.00826e-06 0.000137928 -8.96283e-05 0.00982432 -0.0179942 -9.89247e-05 -8.00826e-06 -0.0179942 0.0888867 
0.0097416 -0.0178873 0.000139495 -8.82361e-05 -0.0178873 0.0883438 -8.47009e-05 -2.38748e-05 0.000139495 -8.47009e-05 0.00978134 -0.0179157 -8.82361e-05 -2.38748e-05 -0.0179157 0.0884266 
0.00974344 -0.0178923 0.000164352 -8.88091e-05 -0.0178923 0.0883442 -8.93407e-05 -2.60204e-05 0.000164352 -8.93407e-05 0.00977786 -0.0179269 -8.88091e-05 -2.60204e-05 -0.0179269 0.0884315 
0.00974869 -0.0179253 0.00017938 -0.000122575 -0.0179253 0.0884979 -0.000120404 2.68601e-05 0.00017938 -0.000120404 0.00978004 -0.0179594 -0.000122575 2.68601e-05 -0.0179594 0.0885938 
0.00974449 -0.0179319 0.000179258 -0.000141282 -0.0179319 0.0885839 -0.000137358 8.13727e-05 0.000179258 -0.000137358 0.00977946 -0.0179698 -0.000141282 8.13727e-05 -0.0179698 0.0886986 
0.00969439 -0.0178911 0.000168688 -0.000140555 -0.0178911 0.0884385 -0.000135648 9.94774e-05 0.000168688 -0.000135648 0.00979274 -0.0179289 -0.000140555 9.94774e-05 -0.0179289 0.0885538 
0.0096056 -0.0177408 0.00014673 -0.000124178 -0.0177408 0.0878246 -0.000116343 7.13298e-05 0.00014673 -0.000116343 0.00977075 -0.0178368 -0.000124178 7.13298e-05 -0.0178368 0.0880004 
0.00960218 -0.0177127 0.000134718 -9.54233e-05 -0.0177127 0.0877861 -8.79143e-05 8.83818e-06 0.000134718 -8.79143e-05 0.00978944 -0.0179028 -9.54233e-05 8.83818e-06 -0.0179028 0.0881577 
0.00960478 -0.0176742 0.000132898 -8.84154e-05 -0.0176742 0.0876244 -8.22052e-05 -1.76949e-05 0.000132898 -8.22052e-05 0.00976839 -0.017921 -8.84154e-05 -1.76949e-05 -0.017921 0.0882123 
0.00961597 -0.0176931 0.000113172 -8.49262e-05 -0.0176931 0.0876365 -8.43924e-05 -2.51484e-05 0.000113172 -8.43924e-05 0.00974683 -0.0179071 -8.49262e-05 -2.51484e-05 -0.0179071 0.0882531 
0.00961393 -0.017693 0.000110424 -6.54396e-05 -0.017693 0.0876177 -7.07415e-05 -4.02883e-05 0.000110424 -7.07415e-05 0.00972239 -0.0178776 -6.54396e-05 -4.02883e-05 -0.0178776 0.0881969 
0.00963166 -0.0177078 0.000124199 -5.70761e-05 -0.0177078 0.0876949 -6.7718e-05 -6.27344e-05 0.000124199 -6.7718e-05 0.0097077 -0.0178668 -5.70761e-05 -6.27344e-05 -0.0178668 0.0882194 
0.00964672 -0.0177061 0.000138489 -7.91026e-05 -0.0177061 0.0876424 -8.6884e-05 -3.05659e-05 0.000138489 -8.6884e-05 0.00968326 -0.0178181 -7.91026e-05 -3.05659e-05 -0.0178181 0.0880647 
0.00965051 -0.0177003 0.000152763 -0.000104228 -0.0177003 0.0875219 -0.000103609 2.50498e-05 0.000152763 -0.000103609 0.00964659 -0.0177549 -0.000104228 2.50498e-05 -0.0177549 0.0877994 
0.00970003 -0.0177849 0.000156811 -0.000126403 -0.0177849 0.0878362 -0.000120472 8.09553e-05 0.000156811 -0.000120472 0.00964046 -0.0177615 -0.000126403 8.09553e-05 -0.0177615 0.0878932 
0.00971742 -0.017817 0.000155284 -0.000125946 -0.017817 0.0879202 -0.000120909 9.68327e-05 0.000155284 -0.000120909 0.0096226 -0.0177178 -0.000125946 9.68327e-05 -0.0177178 0.0877525 
0.00968697 -0.0178149 0.000143553 -0.000119537 -0.0178149 0.0878421 -0.000116771 8.73474e-05 0.000143553 -0.000116771 0.00962673 -0.017645 -0.000119537 8.73474e-05 -0.017645 0.0874333 
0.0096747 -0.0177837 0.00014548 -0.000100785 -0.0177837 0.0877736 -9.86983e-05 4.84172e-05 0.00014548 -9.86983e-05 0.00962502 -0.0176589 -0.000100785 4.84172e-05 -0.0176589 0.0873367 
0.00963288 -0.0177114 0.000146987 -0.000100237 -0.0177114 0.0874204 -9.47346e-05 2.10571e-05 0.000146987 -9.47346e-05 0.00960192 -0.0176022 -0.000100237 2.10571e-05 -0.0176022 0.0870209 
0.0096139 -0.017694 0.000144353 -0.000109378 -0.017694 0.0873592 -0.000104706 3.73436e-05 0.000144353 -0.000104706 0.00961251 -0.0176229 -0.000109378 3.73436e-05 -0.0176229 0.08705 
0.00959556 -0.0176737 0.00014454 -0.000102322 -0.0176737 0.0873154 -0.000102338 3.60533e-05 0.00014454 -0.000102338 0.00961948 -0.0176484 -0.000102322 3.60533e-05 -0.0176484 0.0871283 
0.00960792 -0.0177225 0.000159443 -0.00010483 -0.0177225 0.0876072 -0.000107342 4.2769e-05 0.000159443 -0.000107342 0.00966843 -0.0177249 -0.00010483 4.2769e-05 -0.0177249 0.0875126 
0.0096368 -0.0177902 0.000155273 -0.000119686 -0.0177902 0.0880382 -0.000123361 6.59468e-05 0.000155273 -0.000123361 0.00973155 -0.0178453 -0.000119686 6.59468e-05 -0.0178453 0.0880709 
0.00964669 -0.0177672 0.000163939 -0.000116409 -0.0177672 0.0880152 -0.000119201 7.49764e-05 0.000163939 -0.000119201 0.00973605 -0.0178715 -0.000116409 7.49764e-05 -0.0178715 0.0881918 
0.00965581 -0.0177413 0.000169385 -0.000119905 -0.0177413 0.0878524 -0.000120607 6.93635e-05 0.000169385 -0.000120607 0.00971453 -0.0178447 -0.000119905 6.93635e-05 -0.0178447 0.0880948 
0.00965699 -0.0177621 0.000171127 -0.000126282 -0.0177621 0.0878556 -0.000128546 8.01814e-05 0.000171127 -0.000128546 0.00971487 -0.0178283 -0.000126282 8.01814e-05 -0.0178283 0.088057 
0.0096417 -0.0177278 0.000153279 -0.000131088 -0.0177278 0.0876849 -0.000134744 9.67346e-05 0.000153279 -0.000134744 0.00968674 -0.0177928 -0.000131088 9.67346e-05 -0.0177928 0.0878609 
0.00964308 -0.0177674 0.000142697 -0.000111227 -0.0177674 0.0878556 -0.000113571 7.27108e-05 0.000142697 -0.000113571 0.00970223 -0.0178085 -0.000111227 7.27108e-05 -0.0178085 0.0879798 
0.0096567 -0.0178024 0.000137127 -9.83959e-05 -0.0178024 0.0880942 -9.76985e-05 3.42691e-05 0.000137127 -9.76985e-05 0.00972771 -0.0178537 -9.83959e-05 3.42691e-05 -0.0178537 0.0882006 
0.00970051 -0.0178522 0.000135044 -9.84763e-05 -0.0178522 0.0884099 -9.42996e-05 2.29601e-05 0.000135044 -9.42996e-05 0.00975945 -0.0179337 -9.84763e-05 2.29601e-05 -0.0179337 0.0885823 
0.00973353 -0.0178776 0.000125886 -9.92669e-05 -0.0178776 0.0885026 -9.28859e-05 2.36814e-05 0.000125886 -9.28859e-05 0.00975901 -0.0179454 -9.92669e-05 2.36814e-05 -0.0179454 0.088686 
0.00971369 -0.0178182 0.000148374 -8.91374e-05 -0.0178182 0.0881375 -8.26406e-05 1.29493e-05 0.000148374 -8.26406e-05 0.00972652 -0.0178578 -8.91374e-05 1.29493e-05 -0.0178578 0.0882869 
0.00971001 -0.0178259 0.000172972 -0.000111251 -0.0178259 0.0880688 -0.000107325 3.79349e-05 0.000172972 -0.000107325 0.00972151 -0.0178305 -0.000111251 3.79349e-05 -0.0178305 0.0881228 
0.00970417 -0.0178368 0.00016933 -0.000136867 -0.0178368 0.0880893 -0.000134451 8.90113e-05 0.00016933 -0.000134451 0.00972207 -0.0178299 -0.000136867 8.90113e-05 -0.0178299 0.0880704 
0.00970168 -0.0178365 0.000139776 -0.000130617 -0.0178365 0.0881156 -0.000128746 0.000100489 0.000139776 -0.000128746 0.00971007 -0.0178404 -0.000130617 0.000100489 -0.0178404 0.0880894 
0.00969564 -0.0178722 0.000126397 -9.65284e-05 -0.0178722 0.0883083 -9.49773e-05 4.85824e-05 0.000126397 -9.49773e-05 0.00972638 -0.0178653 -9.65284e-05 4.85824e-05 -0.0178653 0.0882693 
0.00968275 -0.0178532 0.000126078 -8.0392e-05 -0.0178532 0.0883335 -7.8036e-05 -4.38432e-06 0.000126078 -7.8036e-05 0.00973744 -0.0178735 -8.0392e-05 -4.38432e-06 -0.0178735 0.0883265 
0.00969632 -0.0178536 0.000128178 -8.10494e-05 -0.0178536 0.0884063 -7.89786e-05 -2.12176e-05 0.000128178 -7.89786e-05 0.00975454 -0.0179053 -8.10494e-05 -2.12176e-05 -0.0179053 0.0884694 
0.00969862 -0.017834 0.000133154 -8.43457e-05 -0.017834 0.088313 -8.33454e-05 -1.52176e-05 0.000133154 -8.33454e-05 0.00975348 -0.0179051 -8.43457e-05 -1.52176e-05 -0.0179051 0.0884537 
0.00973284 -0.0178841 0.000146046 -9.36011e-05 -0.0178841 0.0885058 -9.31306e-05 5.882e-06 0.000146046 -9.31306e-05 0.00975454 -0.0179409 -9.36011e-05 5.882e-06 -0.0179409 0.0886419 
0.00974948 -0.017907 0.000173892 -0.000108438 -0.017907 0.0885593 -0.000111467 4.23486e-05 0.000173892 -0.000111467 0.00974424 -0.0179172 -0.000108438 4.23486e-05 -0.0179172 0.0886109 
0.00975574 -0.0179292 0.000182366 -0.000144867 -0.0179292 0.088614 -0.000150324 0.000121162 0.000182366 -0.000150324 0.0097408 -0.0178922 -0.000144867 0.000121162 -0.0178922 0.0885286 
0.00974974 -0.0178921 0.000168416 -0.00015019 -0.0178921 0.088442 -0.000152493 0.000154877 0.000168416 -0.000152493 0.00971103 -0.0178572 -0.00015019 0.000154877 -0.0178572 0.0883191 
0.00970728 -0.017823 0.000152056 -0.000130817 -0.017823 0.0880472 -0.000129303 0.000126116 0.000152056 -0.000129303 0.00965957 -0.0177634 -0.000130817 0.000126116 -0.0177634 0.0878813 
0.00966375 -0.0177639 0.000139142 -0.000106346 -0.0177639 0.0877446 -0.000103882 6.28564e-05 0.000139142 -0.000103882 0.00961649 -0.017689 -0.000106346 6.28564e-05 -0.017689 0.0875269 
0.00963316 -0.0177183 0.000157948 -9.17227e-05 -0.0177183 0.0875406 -8.56092e-05 7.99175e-06 0.000157948 -8.56092e-05 0.00959458 -0.0176305 -9.17227e-05 7.99175e-06 -0.0176305 0.087267 
0.00963043 -0.0177375 0.000161534 -0.000122856 -0.0177375 0.0876563 -0.000113777 4.00442e-05 0.000161534 -0.000113777 0.00962425 -0.0176518 -0.000122856 4.00442e-05 -0.0176518 0.0873509 
0.00964971 -0.0177752 0.000157927 -0.000129835 -0.0177752 0.0879126 -0.00011924 7.38552e-05 0.000157927 -0.00011924 0.00965658 -0.0177336 -0.000129835 7.38552e-05 -0.0177336 0.0876669 
0.00966682 -0.0177957 0.000177574 -0.000127094 -0.0177957 0.0880465 -0.000118611 8.66407e-05 0.000177574 -0.000118611 0.00966381 -0.0177678 -0.000127094 8.66407e-05 -0.0177678 0.0878531 
0.00964657 -0.0177508 0.000159815 -0.000147174 -0.0177508 0.0878225 -0.000141052 0.000120859 0.000159815 -0.000141052 0.00962671 -0.0177117 -0.000147174 0.000120859 -0.0177117 0.0876326 
0.00958915 -0.0176069 0.000123329 -0.000128746 -0.0176069 0.0871071 -0.000126107 0.000123598 0.000123329 -0.000126107 0.00954109 -0.0175552 -0.000128746 0.000123598 -0.0175552 0.086902 
0.00956658 -0.0175721 0.000114103 -8.08204e-05 -0.0175721 0.0868494 -8.48066e-05 4.98747e-05 0.000114103 -8.48066e-05 0.00950335 -0.0174845 -8.08204e-05 4.98747e-05 -0.0174845 0.086578 
0.00954774 -0.0175806 0.000106913 -6.82397e-05 -0.0175806 0.0868553 -7.52296e-05 -4.07444e-06 0.000106913 -7.52296e-05 0.00951244 -0.0174662 -6.82397e-05 -4.07444e-06 -0.0174662 0.0865024 
0.00957103 -0.0176698 0.00012282 -6.478e-05 -0.0176698 0.0873675 -6.91904e-05 -2.45305e-05 0.00012282 -6.91904e-05 0.00958313 -0.0175856 -6.478e-05 -2.45305e-05 -0.0175856 0.0870229 
0.00954278 -0.0176486 0.000122217 -8.83831e-05 -0.0176486 0.0873952 -8.80087e-05 5.6469e-06 0.000122217 -8.80087e-05 0.00962148 -0.0176234 -8.83831e-05 5.6469e-06 -0.0176234 0.0871589 
0.00955322 -0.0176626 0.000138989 -9.357e-05 -0.0176626 0.0876036 -8.77882e-05 3.12078e-05 0.000138989 -8.77882e-05 0.00966865 -0.0177244 -9.357e-05 3.12078e-05 -0.0177244 0.0875605 
0.00954954 -0.0175831 0.000148931 -0.000113376 -0.0175831 0.0873 -0.000108826 7.13275e-05 0.000148931 -0.000108826 0.00965416 -0.0177222 -0.000113376 7.13275e-05 -0.0177222 0.0875067 
0.00957111 -0.0175821 0.000126693 -0.000116366 -0.0175821 0.0872013 -0.000120213 9.49437e-05 0.000126693 -0.000120213 0.00964707 -0.0177288 -0.000116366 9.49437e-05 -0.0177288 0.0875486 
0.00959574 -0.0176217 0.000112933 -8.97459e-05 -0.0176217 0.0872553 -9.92025e-05 7.03554e-05 0.000112933 -9.92025e-05 0.00965012 -0.0177243 -8.97459e-05 7.03554e-05 -0.0177243 0.0875733 
0.0096299 -0.0176636 0.000117684 -6.55784e-05 -0.0176636 0.0873841 -7.48069e-05 5.04858e-06 0.000117684 -7.48069e-05 0.00965047 -0.0177412 -6.55784e-05 5.04858e-06 -0.0177412 0.0876435 
0.00965762 -0.0177371 0.000109156 -7.12567e-05 -0.0177371 0.087634 -7.60539e-05 -1.93961e-05 0.000109156 -7.60539e-05 0.00966474 -0.0177559 -7.12567e-05 -1.93961e-05 -0.0177559 0.0877603 
0.00967687 -0.0178038 0.000110096 -5.70215e-05 -0.0178038 0.0879456 -5.61532e-05 -5.9689e-05 0.000110096 -5.61532e-05 0.00968402 -0.0177953 -5.70215e-05 -5.9689e-05 -0.0177953 0.087955 
0.00968255 -0.0178108 0.00010025 -5.806e-05 -0.0178108 0.0880204 -5.55845e-05 -8.08777e-05 0.00010025 -5.55845e-05 0.00967928 -0.0177886 -5.806e-05 -8.08777e-05 -0.0177886 0.0879488 
0.00970137 -0.0178625 0.000107871 -5.16949e-05 -0.0178625 0.0882788 -4.70995e-05 -9.39858e-05 0.000107871 -4.70995e-05 0.00971462 -0.0178234 -5.16949e-05 -9.39858e-05 -0.0178234 0.0881449 
0.00970709 -0.0178731 0.000135014 -6.06663e-05 -0.0178731 0.0883783 -5.58133e-05 -8.8128e-05 0.000135014 -5.58133e-05 0.00972924 -0.0178554 -6.06663e-05 -8.8128e-05 -0.0178554 0.0882484 
0.00967177 -0.0178354 0.000158677 -9.70345e-05 -0.0178354 0.0882212 -9.89554e-05 -1.0683e-05 0.000158677 -9.89554e-05 0.00973265 -0.0178346 -9.70345e-05 -1.0683e-05 -0.0178346 0.088134 
0.00964862 -0.017784 0.000180024 -0.000121748 -0.017784 0.088071 -0.000128605 6.52202e-05 0.000180024 -0.000128605 0.00973136 -0.0178541 -0.000121748 6.52202e-05 -0.0178541 0.0881397 
0.00961884 -0.0176892 0.00015669 -0.000146142 -0.0176892 0.0876455 -0.000152788 0.000131969 0.00015669 -0.000152788 0.00968305 -0.0178 -0.000146142 0.000131969 -0.0178 0.0878715 
0.00961741 -0.0176846 0.00011522 -0.000123834 -0.0176846 0.087558 -0.000128104 0.000127809 0.00011522 -0.000128104 0.00966238 -0.0177726 -0.000123834 0.000127809 -0.0177726 0.0878123 
0.00960867 -0.0176992 9.48877e-05 -7.68765e-05 -0.0176992 0.0875869 -8.02432e-05 4.67989e-05 9.48877e-05 -8.02432e-05 0.00966681 -0.0177475 -7.68765e-05 4.67989e-05 -0.0177475 0.0877605 
0.00962423 -0.0177195 0.000114745 -4.8786e-05 -0.0177195 0.0877397 -5.30231e-05 -3.90007e-05 0.000114745 -5.30231e-05 0.00967227 -0.0177817 -4.8786e-05 -3.90007e-05 -0.0177817 0.0878921 
0.00960083 -0.0176568 0.00011662 -7.0178e-05 -0.0176568 0.0874351 -7.14229e-05 -4.33529e-05 0.00011662 -7.14229e-05 0.00962442 -0.0177111 -7.0178e-05 -4.33529e-05 -0.0177111 0.0875851 
0.00957819 -0.0175871 0.000103268 -7.7589e-05 -0.0175871 0.0870556 -7.72317e-05 -1.77437e-05 0.000103268 -7.72317e-05 0.00956165 -0.0176119 -7.7589e-05 -1.77437e-05 -0.0176119 0.0871575 
0.00954768 -0.0175036 9.84349e-05 -6.337e-05 -0.0175036 0.0865554 -6.4709e-05 -2.38672e-05 9.84349e-05 -6.4709e-05 0.00948706 -0.0174721 -6.337e-05 -2.38672e-05 -0.0174721 0.0865358 
0.00953893 -0.017503 8.95213e-05 -6.02508e-05 -0.017503 0.0864364 -6.53097e-05 -2.64162e-05 8.95213e-05 -6.53097e-05 0.00946747 -0.0174074 -6.02508e-05 -2.64162e-05 -0.0174074 0.0862496 
0.00952371 -0.0174973 7.62372e-05 -4.6076e-05 -0.0174973 0.0863544 -5.16113e-05 -5.0759e-05 7.62372e-05 -5.16113e-05 0.00945806 -0.017366 -4.6076e-05 -5.0759e-05 -0.017366 0.0860127 
0.0095276 -0.0175382 7.59616e-05 -3.07765e-05 -0.0175382 0.086567 -3.32499e-05 -8.99252e-05 7.59616e-05 -3.32499e-05 0.00949466 -0.0174171 -3.07765e-05 -8.99252e-05 -0.0174171 0.0861856 
0.00953033 -0.0175332 9.03346e-05 -2.52041e-05 -0.0175332 0.0866208 -2.20798e-05 -0.000130344 9.03346e-05 -2.20798e-05 0.00950502 -0.0174624 -2.52041e-05 -0.000130344 -0.0174624 0.0863225 
0.0095153 -0.0175443 0.000130296 -5.14572e-05 -0.0175443 0.0866839 -3.83867e-05 -0.000108557 0.000130296 -3.83867e-05 0.00953559 -0.0174847 -5.14572e-05 -0.000108557 -0.0174847 0.0864455 
0.00949737 -0.0175127 0.000134068 -0.000102954 -0.0175127 0.0866375 -8.14381e-05 -2.34921e-05 0.000134068 -8.14381e-05 0.00954752 -0.0175243 -0.000102954 -2.34921e-05 -0.0175243 0.0865463 
0.00947013 -0.0174572 0.00011334 -0.000105283 -0.0174572 0.0864267 -8.77726e-05 2.3645e-05 0.00011334 -8.77726e-05 0.00954243 -0.0175151 -0.000105283 2.3645e-05 -0.0175151 0.086488 
0.00947067 -0.017467 0.000103662 -7.31304e-05 -0.017467 0.086491 -7.12418e-05 7.36529e-07 0.000103662 -7.12418e-05 0.00956271 -0.0175456 -7.31304e-05 7.36529e-07 -0.0175456 0.0866341 
0.00947426 -0.0174891 0.000103637 -5.38266e-05 -0.0174891 0.0866458 -6.44301e-05 -3.89746e-05 0.000103637 -6.44301e-05 0.00958952 -0.0175989 -5.38266e-05 -3.89746e-05 -0.0175989 0.086873 
0.00950639 -0.0175373 0.000112497 -5.52749e-05 -0.0175373 0.0869533 -6.6154e-05 -5.0221e-05 0.000112497 -6.6154e-05 0.00963071 -0.017684 -5.52749e-05 -5.0221e-05 -0.017684 0.0872851 
0.00957819 -0.0176228 0.000136616 -7.04932e-05 -0.0176228 0.0874067 -7.43376e-05 -3.27328e-05 0.000136616 -7.43376e-05 0.00966226 -0.0177938 -7.04932e-05 -3.27328e-05 -0.0177938 0.0878361 
0.00958816 -0.0176397 0.000162922 -0.000112811 -0.0176397 0.0874149 -0.000111725 5.31538e-05 0.000162922 -0.000111725 0.00965089 -0.0177652 -0.000112811 5.31538e-05 -0.0177652 0.0878171 
0.00957439 -0.0176382 0.000155009 -0.00014527 -0.0176382 0.0873592 -0.000141559 0.000141281 0.000155009 -0.000141559 0.00964355 -0.0177154 -0.00014527 0.000141281 -0.0177154 0.0876359 
0.00955945 -0.0176124 0.000149356 -0.00013755 -0.0176124 0.0872685 -0.000133555 0.000166776 0.000149356 -0.000133555 0.00963226 -0.0176968 -0.00013755 0.000166776 -0.0176968 0.0874982 
