0.00705993 0 0.000158088 0 0 0.00990742 0 0 0.000158088 0 0.00699439 0 0 0 0 0.00990742 
0.0101952 -0.0126562 0.000194657 -0.000234373 -0.0126562 0.0335762 -0.000234373 0.000450238 0.000194657 -0.000234373 0.0101917 -0.0126498 -0.000234373 0.000450238 -0.0126498 0.0335638 
0.00979995 -0.018236 0.000143324 -0.000159454 -0.018236 0.0672173 -0.000159454 0.000470289 0.000143324 -0.000159454 0.00984226 -0.0183456 -0.000159454 0.000470289 -0.0183456 0.0675774 
0.00924924 -0.0177338 0.000120893 -4.95138e-05 -0.0177338 0.0794254 -4.65874e-05 -9.04418e-05 0.000120893 -4.65874e-05 0.00926156 -0.0179966 -4.95138e-05 -9.04418e-05 -0.0179966 0.0807334 
0.00947736 -0.0175595 0.000136943 -6.31623e-05 -0.0175595 0.0842895 -5.42812e-05 -0.00024882 0.000136943 -5.42812e-05 0.0094402 -0.0178175 -6.31623e-05 -0.00024882 -0.0178175 0.0862278 
0.00976126 -0.0177511 0.000168242 -0.000104199 -0.0177511 0.086559 -9.01797e-05 -0.000129005 0.000168242 -9.01797e-05 0.00960337 -0.01786 -0.000104199 -0.000129005 -0.01786 0.0881158 
0.00997822 -0.0181201 0.000188343 -0.000150479 -0.0181201 0.0885147 -0.000136196 5.1092e-05 0.000188343 -0.000136196 0.00975924 -0.0180211 -0.000150479 5.1092e-05 -0.0180211 0.0893128 
0.00976525 -0.0177624 0.000188718 -0.00016431 -0.0177624 0.0868901 -0.000151075 0.000159282 0.000188718 -0.000151075 0.00953963 -0.0175534 -0.00016431 0.000159282 -0.0175534 0.087043 
0.00998895 -0.0182113 0.000187272 -0.000174694 -0.0182113 0.0892318 -0.000158385 0.000213805 0.000187272 -0.000158385 0.00979606 -0.0179901 -0.000174694 0.000213805 -0.0179901 0.0891213 
0.00987022 -0.0180007 0.000180475 -0.000164803 -0.0180007 0.0883365 -0.000144267 0.000207733 0.000180475 -0.000144267 0.00971582 -0.0178346 -0.000164803 0.000207733 -0.0178346 0.0882251 
0.00978484 -0.0178081 0.000171423 -0.000153852 -0.0178081 0.0874685 -0.000134238 0.00018067 0.000171423 -0.000134238 0.00963322 -0.0177143 -0.000153852 0.00018067 -0.0177143 0.0875221 
0.00973452 -0.0177226 0.000166925 -0.000139114 -0.0177226 0.0870016 -0.000125551 0.000148427 0.000166925 -0.000125551 0.00958674 -0.0176407 -0.000139114 0.000148427 -0.0176407 0.0871576 
0.0097482 -0.017791 0.000151713 -0.000130932 -0.017791 0.0873279 -0.000127229 0.000128282 0.000151713 -0.000127229 0.00962776 -0.0177103 -0.000130932 0.000128282 -0.0177103 0.0875141 
0.00971049 -0.0177623 0.000134334 -0.000110197 -0.0177623 0.0872656 -0.000116252 0.00010161 0.000134334 -0.000116252 0.00963521 -0.0177005 -0.000110197 0.00010161 -0.0177005 0.0874717 
0.00967949 -0.0177022 0.000133393 -9.01215e-05 -0.0177022 0.0870952 -0.000101043 6.74107e-05 0.000133393 -0.000101043 0.00963936 -0.0176934 -9.01215e-05 6.74107e-05 -0.0176934 0.0873859 
0.00966869 -0.0176797 0.000149374 -8.87185e-05 -0.0176797 0.08705 -9.425e-05 4.25012e-05 0.000149374 -9.425e-05 0.00964827 -0.0177245 -8.87185e-05 4.25012e-05 -0.0177245 0.0874788 
0.00964134 -0.0176445 0.000133317 -0.000112871 -0.0176445 0.0868777 -0.000112104 7.12618e-05 0.000133317 -0.000112104 0.00964037 -0.0176881 -0.000112871 7.12618e-05 -0.0176881 0.0873291 
0.00966961 -0.017665 0.000110188 -9.8723e-05 -0.017665 0.0870506 -9.44734e-05 6.80591e-05 0.000110188 -9.44734e-05 0.00965939 -0.0177625 -9.8723e-05 6.80591e-05 -0.0177625 0.087624 
0.00969729 -0.0177046 0.000128898 -6.53452e-05 -0.0177046 0.0872159 -6.12469e-05 1.08452e-06 0.000128898 -6.12469e-05 0.0096666 -0.017798 -6.53452e-05 1.08452e-06 -0.017798 0.0878484 
0.00967421 -0.0176295 0.000139111 -8.41187e-05 -0.0176295 0.0868148 -8.08296e-05 -4.06367e-06 0.000139111 -8.08296e-05 0.00961923 -0.0176984 -8.41187e-05 -4.06367e-06 -0.0176984 0.0874251 
0.00962717 -0.017504 0.000144471 -0.000101249 -0.017504 0.0861026 -9.47749e-05 3.16023e-05 0.000144471 -9.47749e-05 0.00952536 -0.0175335 -0.000101249 3.16023e-05 -0.0175335 0.086625 
0.0100365 -0.018295 0.000130872 -0.000114902 -0.018295 0.0898296 -0.000108412 6.42902e-05 0.000130872 -0.000108412 0.00992876 -0.0182473 -0.000114902 6.42902e-05 -0.0182473 0.0901901 
0.00999925 -0.0182469 0.00010757 -8.92945e-05 -0.0182469 0.0896071 -8.50362e-05 3.88405e-05 0.00010757 -8.50362e-05 0.0099049 -0.0181915 -8.92945e-05 3.88405e-05 -0.0181915 0.0898613 
0.00997036 -0.0182464 0.000103604 -6.17284e-05 -0.0182464 0.0896252 -6.33164e-05 -1.14251e-05 0.000103604 -6.33164e-05 0.00991888 -0.0181944 -6.17284e-05 -1.14251e-05 -0.0181944 0.0898334 
0.00991409 -0.0181523 0.000115125 -4.98081e-05 -0.0181523 0.089291 -5.71754e-05 -5.26078e-05 0.000115125 -5.71754e-05 0.00990014 -0.0181641 -4.98081e-05 -5.26078e-05 -0.0181641 0.0895957 
0.00992397 -0.0181791 0.00011818 -6.27012e-05 -0.0181791 0.0895007 -7.03693e-05 -4.78702e-05 0.00011818 -7.03693e-05 0.00992835 -0.0182429 -6.27012e-05 -4.78702e-05 -0.0182429 0.0899421 
0.00998427 -0.0182419 0.000112075 -7.52591e-05 -0.0182419 0.0898734 -8.07551e-05 -1.32723e-05 0.000112075 -8.07551e-05 0.00995088 -0.0183332 -7.52591e-05 -1.32723e-05 -0.0183332 0.0904204 
0.0100033 -0.0182478 0.000122326 -7.03997e-05 -0.0182478 0.0898493 -7.89633e-05 2.30841e-06 0.000122326 -7.89633e-05 0.00994062 -0.0183078 -7.03997e-05 2.30841e-06 -0.0183078 0.0904055 
0.00996818 -0.0181877 0.00012045 -8.11649e-05 -0.0181877 0.0894858 -8.97081e-05 2.20809e-05 0.00012045 -8.97081e-05 0.00989864 -0.0182208 -8.11649e-05 2.20809e-05 -0.0182208 0.090003 
0.00995554 -0.0181382 0.000113447 -8.37633e-05 -0.0181382 0.0892145 -8.5367e-05 3.43516e-05 0.000113447 -8.5367e-05 0.00985573 -0.0181566 -8.37633e-05 3.43516e-05 -0.0181566 0.0896831 
0.00995328 -0.0181861 9.63423e-05 -7.63281e-05 -0.0181861 0.089357 -6.8218e-05 1.29693e-05 9.63423e-05 -6.8218e-05 0.0098754 -0.0181544 -7.63281e-05 1.29693e-05 -0.0181544 0.0897201 
0.00997863 -0.018239 8.23442e-05 -5.64902e-05 -0.018239 0.089675 -5.12482e-05 -2.25114e-05 8.23442e-05 -5.12482e-05 0.00990407 -0.0182175 -5.64902e-05 -2.25114e-05 -0.0182175 0.0899814 
0.010009 -0.0183035 7.43468e-05 -3.79491e-05 -0.0183035 0.0900163 -4.40249e-05 -5.4105e-05 7.43468e-05 -4.40249e-05 0.00993603 -0.0182765 -3.79491e-05 -5.4105e-05 -0.0182765 0.0902918 
0.0100013 -0.0183183 8.86039e-05 -2.56522e-05 -0.0183183 0.0901205 -3.88026e-05 -7.87907e-05 8.86039e-05 -3.88026e-05 0.00995911 -0.018291 -2.56522e-05 -7.87907e-05 -0.018291 0.0903806 
0.00956012 -0.0175504 0.000106197 -4.63642e-05 -0.0175504 0.0864277 -5.88369e-05 -4.29591e-05 0.000106197 -5.88369e-05 0.00957169 -0.0175644 -4.63642e-05 -4.29591e-05 -0.0175644 0.0867389 
0.00952183 -0.0174504 0.000116154 -7.44348e-05 -0.0174504 0.0860894 -8.51066e-05 2.21943e-05 0.000116154 -8.51066e-05 0.00955408 -0.0175467 -7.44348e-05 2.21943e-05 -0.0175467 0.0865803 
0.00995129 -0.0181948 0.000123655 -9.36988e-05 -0.0181948 0.0897824 -0.000104844 8.27813e-05 0.000123655 -0.000104844 0.00998087 -0.0183347 -9.36988e-05 8.27813e-05 -0.0183347 0.0904598 
0.00991402 -0.0181265 0.000112231 -9.75787e-05 -0.0181265 0.0893666 -0.000105977 0.000108251 0.000112231 -0.000105977 0.0099581 -0.0182601 -9.75787e-05 0.000108251 -0.0182601 0.0900973 
0.00989016 -0.0180824 0.000122198 -8.3788e-05 -0.0180824 0.0891334 -9.01851e-05 9.17141e-05 0.000122198 -9.01851e-05 0.00994273 -0.0182508 -8.3788e-05 9.17141e-05 -0.0182508 0.0899521 
0.00991492 -0.0181419 0.000138557 -9.45069e-05 -0.0181419 0.0894114 -9.98878e-05 9.46022e-05 0.000138557 -9.98878e-05 0.00996488 -0.0183224 -9.45069e-05 9.46022e-05 -0.0183224 0.0902949 
0.00993661 -0.018207 0.000128966 -0.000115286 -0.018207 0.089751 -0.000115331 0.000126686 0.000128966 -0.000115331 0.00998967 -0.0183793 -0.000115286 0.000126686 -0.0183793 0.0906415 
0.00990102 -0.0181961 0.000111699 -0.000105441 -0.0181961 0.0897651 -9.74037e-05 0.000116543 0.000111699 -9.74037e-05 0.00999945 -0.0183672 -0.000105441 0.000116543 -0.0183672 0.0906471 
0.00984973 -0.018087 9.68437e-05 -8.33903e-05 -0.018087 0.0893788 -6.96045e-05 6.2794e-05 9.68437e-05 -6.96045e-05 0.00998591 -0.0183061 -8.33903e-05 6.2794e-05 -0.0183061 0.0903164 
0.00984354 -0.0180299 9.07212e-05 -6.28242e-05 -0.0180299 0.0891537 -5.3087e-05 6.8081e-06 9.07212e-05 -5.3087e-05 0.00996948 -0.0183097 -6.28242e-05 6.8081e-06 -0.0183097 0.0902335 
0.00981987 -0.0179546 9.85233e-05 -5.5369e-05 -0.0179546 0.0887318 -4.90236e-05 -2.18003e-05 9.85233e-05 -4.90236e-05 0.0099142 -0.018242 -5.5369e-05 -2.18003e-05 -0.018242 0.0899073 
0.00979592 -0.0179084 8.41538e-05 -6.15805e-05 -0.0179084 0.0884022 -5.68243e-05 -2.38118e-05 8.41538e-05 -5.68243e-05 0.00984476 -0.018143 -6.15805e-05 -2.38118e-05 -0.018143 0.0895078 
0.00980391 -0.0179042 7.29094e-05 -5.29202e-05 -0.0179042 0.0883051 -4.73364e-05 -2.47593e-05 7.29094e-05 -4.73364e-05 0.00979283 -0.01806 -5.29202e-05 -2.47593e-05 -0.01806 0.0892176 
0.00982025 -0.0179883 6.11653e-05 -4.05049e-05 -0.0179883 0.0886283 -3.16391e-05 -5.18438e-05 6.11653e-05 -3.16391e-05 0.00982439 -0.0180611 -4.05049e-05 -5.18438e-05 -0.0180611 0.0893117 
0.00984827 -0.0180455 5.87313e-05 -2.85923e-05 -0.0180455 0.088968 -2.00218e-05 -7.74389e-05 5.87313e-05 -2.00218e-05 0.00986595 -0.0181189 -2.85923e-05 -7.74389e-05 -0.0181189 0.0895272 
0.00984988 -0.0180519 8.28501e-05 -1.79029e-05 -0.0180519 0.089037 -1.42421e-05 -0.000106802 8.28501e-05 -1.42421e-05 0.00988016 -0.0181473 -1.79029e-05 -0.000106802 -0.0181473 0.0896 
0.00980943 -0.0179605 9.99405e-05 -4.49597e-05 -0.0179605 0.0886125 -5.00885e-05 -6.47119e-05 9.99405e-05 -5.00885e-05 0.00983752 -0.0180766 -4.49597e-05 -6.47119e-05 -0.0180766 0.0892226 
0.00983189 -0.0179392 0.000116598 -6.46659e-05 -0.0179392 0.0884954 -7.49942e-05 -4.43071e-06 0.000116598 -7.49942e-05 0.00980437 -0.0180691 -6.46659e-05 -4.43071e-06 -0.0180691 0.0891684 
0.00986944 -0.0180016 0.000136941 -8.92929e-05 -0.0180016 0.088639 -0.000100176 6.41896e-05 0.000136941 -0.000100176 0.00980396 -0.0180556 -8.92929e-05 6.41896e-05 -0.0180556 0.0892146 
0.00988456 -0.0180685 0.000130507 -0.000116825 -0.0180685 0.0888877 -0.000127027 0.000138966 0.000130507 -0.000127027 0.00982827 -0.0180808 -0.000116825 0.000138966 -0.0180808 0.0893479 
0.00991761 -0.0181459 0.000114533 -0.000108744 -0.0181459 0.0892949 -0.000118289 0.000154425 0.000114533 -0.000118289 0.00986752 -0.0181543 -0.000108744 0.000154425 -0.0181543 0.089688 
0.00993086 -0.0181584 0.000108655 -8.22386e-05 -0.0181584 0.0894155 -9.05251e-05 0.000102688 0.000108655 -9.05251e-05 0.00986586 -0.018191 -8.22386e-05 0.000102688 -0.018191 0.0898523 
0.00991278 -0.0181339 0.00010052 -7.42592e-05 -0.0181339 0.0893026 -8.02544e-05 6.00914e-05 0.00010052 -8.02544e-05 0.00983679 -0.0181506 -7.42592e-05 6.00914e-05 -0.0181506 0.0897428 
0.00988083 -0.0181036 0.000102045 -7.29833e-05 -0.0181036 0.0891762 -7.01257e-05 4.19614e-05 0.000102045 -7.01257e-05 0.00983372 -0.018099 -7.29833e-05 4.19614e-05 -0.018099 0.089569 
0.00987428 -0.0180401 9.38345e-05 -7.86852e-05 -0.0180401 0.088945 -7.22315e-05 4.46193e-05 9.38345e-05 -7.22315e-05 0.00981337 -0.0180709 -7.86852e-05 4.46193e-05 -0.0180709 0.0893662 
0.00988528 -0.0180404 0.000106002 -7.49229e-05 -0.0180404 0.0888535 -7.17793e-05 5.54298e-05 0.000106002 -7.17793e-05 0.00978453 -0.0180386 -7.49229e-05 5.54298e-05 -0.0180386 0.0892277 
0.00986355 -0.0180582 0.000116795 -8.1713e-05 -0.0180582 0.0888301 -8.48568e-05 6.81759e-05 0.000116795 -8.48568e-05 0.00979743 -0.0179834 -8.1713e-05 6.81759e-05 -0.0179834 0.0890308 
0.00987425 -0.0180831 0.0001013 -9.50205e-05 -0.0180831 0.0890319 -0.000104198 0.000105721 0.0001013 -0.000104198 0.00983652 -0.0180519 -9.50205e-05 0.000105721 -0.0180519 0.0892172 
0.00991274 -0.0181382 7.84315e-05 -7.58881e-05 -0.0181382 0.0893625 -8.67167e-05 9.59026e-05 7.84315e-05 -8.67167e-05 0.00989035 -0.0181706 -7.58881e-05 9.59026e-05 -0.0181706 0.0896975 
0.00993599 -0.0181543 5.62553e-05 -5.24079e-05 -0.0181543 0.0894481 -6.07498e-05 5.17968e-05 5.62553e-05 -6.07498e-05 0.00989552 -0.0182226 -5.24079e-05 5.17968e-05 -0.0182226 0.089931 
0.00994915 -0.0181985 6.4172e-05 -2.46207e-05 -0.0181985 0.0896058 -3.01826e-05 -1.51825e-05 6.4172e-05 -3.01826e-05 0.00991537 -0.0182404 -2.46207e-05 -1.51825e-05 -0.0182404 0.0901057 
0.00996068 -0.0182461 5.66607e-05 -3.12969e-05 -0.0182461 0.0898753 -3.20037e-05 -4.49058e-05 5.66607e-05 -3.20037e-05 0.0099681 -0.0183065 -3.12969e-05 -4.49058e-05 -0.0183065 0.090412 
0.00995301 -0.0182345 6.37482e-05 -2.17981e-05 -0.0182345 0.0898882 -2.11889e-05 -6.64222e-05 6.37482e-05 -2.11889e-05 0.00997837 -0.0183391 -2.17981e-05 -6.64222e-05 -0.0183391 0.0905072 
0.00994176 -0.0181971 6.60465e-05 -3.29421e-05 -0.0181971 0.0897473 -2.75443e-05 -6.38294e-05 6.60465e-05 -2.75443e-05 0.00996974 -0.0183287 -3.29421e-05 -6.38294e-05 -0.0183287 0.0904561 
0.0099404 -0.018188 7.28861e-05 -4.15814e-05 -0.018188 0.0897035 -3.67364e-05 -3.78985e-05 7.28861e-05 -3.67364e-05 0.00996617 -0.0183343 -4.15814e-05 -3.78985e-05 -0.0183343 0.0904867 
0.009945 -0.0181693 6.60554e-05 -4.53088e-05 -0.0181693 0.0895974 -5.16186e-05 -1.12793e-05 6.60554e-05 -5.16186e-05 0.00994818 -0.0183097 -4.53088e-05 -1.12793e-05 -0.0183097 0.0903952 
0.00999071 -0.01822 7.15437e-05 -3.5667e-05 -0.01822 0.0897861 -5.2667e-05 -1.0534e-06 7.15437e-05 -5.2667e-05 0.00994988 -0.018334 -3.5667e-05 -1.0534e-06 -0.018334 0.0905485 
0.00956267 -0.0174651 8.78335e-05 -3.79282e-05 -0.0174651 0.0859695 -5.54588e-05 5.10262e-06 8.78335e-05 -5.54588e-05 0.00951979 -0.0175206 -3.79282e-05 5.10262e-06 -0.0175206 0.0865961 
0.0095976 -0.0175505 0.000108566 -7.0107e-05 -0.0175505 0.0863762 -7.92672e-05 5.71531e-05 0.000108566 -7.92672e-05 0.00954159 -0.0175716 -7.0107e-05 5.71531e-05 -0.0175716 0.0868634 
0.00959091 -0.0175449 0.000108007 -9.82144e-05 -0.0175449 0.086378 -9.69695e-05 0.000115374 0.000108007 -9.69695e-05 0.00953899 -0.0175411 -9.82144e-05 0.000115374 -0.0175411 0.0867617 
0.00959418 -0.0175255 9.36392e-05 -0.000102902 -0.0175255 0.0863056 -9.31799e-05 0.000142768 9.36392e-05 -9.31799e-05 0.00953445 -0.0175219 -0.000102902 0.000142768 -0.0175219 0.0866412 
0.00996224 -0.0182091 0.000102648 -8.82289e-05 -0.0182091 0.0896454 -7.51952e-05 0.000120587 0.000102648 -7.51952e-05 0.00993186 -0.0182192 -8.82289e-05 0.000120587 -0.0182192 0.090033 
0.0099159 -0.0181396 0.000107245 -8.67237e-05 -0.0181396 0.0893245 -6.98605e-05 8.65789e-05 0.000107245 -6.98605e-05 0.00991473 -0.0181988 -8.67237e-05 8.65789e-05 -0.0181988 0.0898175 
0.00986969 -0.018035 0.000125929 -9.22153e-05 -0.018035 0.0888445 -7.19402e-05 7.92338e-05 0.000125929 -7.19402e-05 0.00985646 -0.0181289 -9.22153e-05 7.92338e-05 -0.0181289 0.08944 
0.00986453 -0.0180646 0.00013247 -0.000113961 -0.0180646 0.0889538 -9.63774e-05 0.000111492 0.00013247 -9.63774e-05 0.00987094 -0.0181414 -0.000113961 0.000111492 -0.0181414 0.0895622 
0.00987898 -0.0180824 0.00010293 -0.000118727 -0.0180824 0.0891005 -0.000104407 0.00013441 0.00010293 -0.000104407 0.00988713 -0.0181695 -0.000118727 0.00013441 -0.0181695 0.0896975 
0.00992303 -0.0181644 6.40388e-05 -7.80797e-05 -0.0181644 0.0895108 -7.17271e-05 8.44647e-05 6.40388e-05 -7.17271e-05 0.00993513 -0.0182546 -7.80797e-05 8.44647e-05 -0.0182546 0.0901109 
0.00997041 -0.0182226 6.43089e-05 -2.32353e-05 -0.0182226 0.0898107 -2.50484e-05 -2.88956e-05 6.43089e-05 -2.50484e-05 0.00995555 -0.0183215 -2.32353e-05 -2.88956e-05 -0.0183215 0.0904287 
0.010001 -0.0182288 8.40051e-05 -2.93941e-05 -0.0182288 0.0897996 -3.32582e-05 -5.84573e-05 8.40051e-05 -3.32582e-05 0.00992879 -0.0183075 -2.93941e-05 -5.84573e-05 -0.0183075 0.0904082 
0.00958628 -0.0174922 0.000102062 -5.27806e-05 -0.0174922 0.0860389 -5.52856e-05 -1.75981e-05 0.000102062 -5.52856e-05 0.00949484 -0.0174909 -5.27806e-05 -1.75981e-05 -0.0174909 0.0864834 
0.00958709 -0.0175158 0.000105485 -8.25553e-05 -0.0175158 0.0861283 -8.41711e-05 5.41002e-05 0.000105485 -8.41711e-05 0.00950594 -0.0174733 -8.25553e-05 5.41002e-05 -0.0174733 0.0864244 
0.0100205 -0.0183102 9.4027e-05 -8.93777e-05 -0.0183102 0.0900441 -9.24865e-05 9.49376e-05 9.4027e-05 -9.24865e-05 0.00994642 -0.0182554 -8.93777e-05 9.49376e-05 -0.0182554 0.0902474 
0.0100214 -0.0183022 9.77927e-05 -6.07479e-05 -0.0183022 0.0900298 -6.57273e-05 5.27802e-05 9.77927e-05 -6.57273e-05 0.00995094 -0.018281 -6.07479e-05 5.27802e-05 -0.018281 0.0902779 
0.01 -0.0182354 0.000116132 -6.7833e-05 -0.0182354 0.0897031 -6.95301e-05 3.71645e-05 0.000116132 -6.95301e-05 0.00990583 -0.0182371 -6.7833e-05 3.71645e-05 -0.0182371 0.0900391 
0.00995749 -0.0181691 0.00010596 -9.18932e-05 -0.0181691 0.0893226 -8.76271e-05 6.5999e-05 0.00010596 -8.76271e-05 0.00984273 -0.0181491 -9.18932e-05 6.5999e-05 -0.0181491 0.0896718 
0.00990134 -0.0181065 0.000107907 -8.64635e-05 -0.0181065 0.0890025 -7.76404e-05 7.51523e-05 0.000107907 -7.76404e-05 0.00980065 -0.0180464 -8.64635e-05 7.51523e-05 -0.0180464 0.0892668 
0.0099074 -0.018144 9.38987e-05 -8.64521e-05 -0.018144 0.0892513 -7.76689e-05 6.98671e-05 9.38987e-05 -7.76689e-05 0.00981381 -0.0180786 -8.64521e-05 6.98671e-05 -0.0180786 0.0894373 
0.0099035 -0.0181243 5.43989e-05 -7.25324e-05 -0.0181243 0.0892425 -6.63231e-05 5.55238e-05 5.43989e-05 -6.63231e-05 0.00980975 -0.0180679 -7.25324e-05 5.55238e-05 -0.0180679 0.0894129 
0.00995066 -0.0182015 5.07054e-05 -2.98621e-05 -0.0182015 0.0896411 -2.57953e-05 -8.43762e-06 5.07054e-05 -2.57953e-05 0.00984479 -0.0181429 -2.98621e-05 -8.43762e-06 -0.0181429 0.0897978 
0.00998172 -0.018218 5.77265e-05 -1.80007e-05 -0.018218 0.0897062 -1.71985e-05 -6.23799e-05 5.77265e-05 -1.71985e-05 0.00984691 -0.0181336 -1.80007e-05 -6.23799e-05 -0.0181336 0.0897982 
0.00998554 -0.0182078 7.05958e-05 -2.14852e-05 -0.0182078 0.0895649 -2.59274e-05 -7.23331e-05 7.05958e-05 -2.59274e-05 0.00982695 -0.0180906 -2.14852e-05 -7.23331e-05 -0.0180906 0.0895787 
0.0100006 -0.0182652 7.76023e-05 -3.36989e-05 -0.0182652 0.0897671 -4.26827e-05 -5.29344e-05 7.76023e-05 -4.26827e-05 0.00983957 -0.0181189 -3.36989e-05 -5.29344e-05 -0.0181189 0.0897019 
0.00995764 -0.0182506 9.61185e-05 -3.59633e-05 -0.0182506 0.0897193 -4.82722e-05 -4.3298e-05 9.61185e-05 -4.82722e-05 0.0098625 -0.0181023 -3.59633e-05 -4.3298e-05 -0.0181023 0.0896214 
0.00994641 -0.0182014 0.000119863 -6.33435e-05 -0.0182014 0.0896354 -7.25638e-05 3.10131e-06 0.000119863 -7.25638e-05 0.00987909 -0.0181445 -6.33435e-05 3.10131e-06 -0.0181445 0.0896812 
0.00992691 -0.0182193 8.44937e-05 -9.74401e-05 -0.0182193 0.0897268 -0.000102706 7.9662e-05 8.44937e-05 -0.000102706 0.00993479 -0.0181993 -9.74401e-05 7.9662e-05 -0.0181993 0.089915 
0.00949289 -0.017433 4.64818e-05 -5.44345e-05 -0.017433 0.0860041 -6.03179e-05 5.19061e-05 4.64818e-05 -6.03179e-05 0.00955089 -0.0175266 -5.44345e-05 5.19061e-05 -0.0175266 0.08644 
0.00949324 -0.0173957 3.49549e-05 -1.59691e-05 -0.0173957 0.0859183 -2.43802e-05 -2.0581e-05 3.49549e-05 -2.43802e-05 0.00954784 -0.0175545 -1.59691e-05 -2.0581e-05 -0.0175545 0.0865789 
0.00990554 -0.0181771 3.46075e-05 4.09834e-07 -0.0181771 0.0897477 -7.45871e-06 -8.5104e-05 3.46075e-05 -7.45871e-06 0.00997751 -0.0183365 4.09834e-07 -8.5104e-05 -0.0183365 0.0905198 
0.00987422 -0.0180995 2.93959e-05 -2.06851e-06 -0.0180995 0.0894086 -7.16519e-06 -9.90005e-05 2.93959e-05 -7.16519e-06 0.00994895 -0.018263 -2.06851e-06 -9.90005e-05 -0.018263 0.090186 
0.00989277 -0.0180796 3.17033e-05 -1.57013e-06 -0.0180796 0.0892871 -5.67759e-06 -9.51018e-05 3.17033e-05 -5.67759e-06 0.00992293 -0.0182444 -1.57013e-06 -9.51018e-05 -0.0182444 0.0900651 
0.00992351 -0.018096 2.97205e-05 -5.81965e-06 -0.018096 0.0892466 -1.04369e-05 -8.50261e-05 2.97205e-05 -1.04369e-05 0.00988133 -0.0182175 -5.81965e-06 -8.50261e-05 -0.0182175 0.0899748 
0.00996913 -0.0181635 2.68386e-05 -1.69333e-06 -0.0181635 0.0894297 -7.46921e-06 -8.46843e-05 2.68386e-05 -7.46921e-06 0.00986547 -0.0181994 -1.69333e-06 -8.46843e-05 -0.0181994 0.0900031 
0.0100201 -0.018262 2.88253e-05 7.65797e-08 -0.018262 0.0898037 -3.72306e-06 -8.98612e-05 2.88253e-05 -3.72306e-06 0.0098682 -0.0182184 7.65797e-08 -8.98612e-05 -0.0182184 0.0901771 
0.00999072 -0.018231 3.64659e-05 -8.40471e-06 -0.018231 0.089593 -9.12398e-06 -7.26226e-05 3.64659e-05 -9.12398e-06 0.00983115 -0.0181158 -8.40471e-06 -7.26226e-05 -0.0181158 0.0897554 
0.00998294 -0.018227 3.67799e-05 -1.72026e-05 -0.018227 0.0895872 -1.76933e-05 -5.12309e-05 3.67799e-05 -1.76933e-05 0.00982262 -0.0180978 -1.72026e-05 -5.12309e-05 -0.0180978 0.0896376 
0.00998687 -0.0182375 4.77724e-05 -1.83676e-05 -0.0182375 0.0896515 -2.6666e-05 -2.74765e-05 4.77724e-05 -2.6666e-05 0.00982583 -0.0180991 -1.83676e-05 -2.74765e-05 -0.0180991 0.0896398 
0.0099813 -0.0181907 4.03586e-05 -3.31773e-05 -0.0181907 0.0894173 -4.41423e-05 1.05416e-05 4.03586e-05 -4.41423e-05 0.00979215 -0.0180386 -3.31773e-05 1.05416e-05 -0.0180386 0.0893449 
0.00998971 -0.0182003 3.81967e-05 -2.35241e-05 -0.0182003 0.089376 -3.26561e-05 9.93586e-06 3.81967e-05 -3.26561e-05 0.009777 -0.0180111 -2.35241e-05 9.93586e-06 -0.0180111 0.0892177 
0.00992287 -0.0181151 5.37195e-05 -1.81321e-05 -0.0181151 0.0888964 -2.38257e-05 -1.03742e-05 5.37195e-05 -2.38257e-05 0.00972742 -0.0178945 -1.81321e-05 -1.03742e-05 -0.0178945 0.0886464 
0.00987075 -0.0180643 5.49608e-05 -4.14016e-05 -0.0180643 0.0887071 -4.157e-05 1.60374e-05 5.49608e-05 -4.157e-05 0.00972071 -0.0178786 -4.14016e-05 1.60374e-05 -0.0178786 0.088491 
0.00985033 -0.0180657 4.23874e-05 -5.007e-05 -0.0180657 0.0888482 -4.82709e-05 5.04316e-05 4.23874e-05 -4.82709e-05 0.00975624 -0.0179535 -5.007e-05 5.04316e-05 -0.0179535 0.0887942 
0.00984385 -0.018077 3.13211e-05 -4.02494e-05 -0.018077 0.0890673 -3.93551e-05 5.70309e-05 3.13211e-05 -3.93551e-05 0.00980183 -0.0180464 -4.02494e-05 5.70309e-05 -0.0180464 0.0892321 
0.00982515 -0.0180449 4.4208e-05 -2.50613e-05 -0.0180449 0.0890432 -2.60899e-05 3.33483e-05 4.4208e-05 -2.60899e-05 0.00983267 -0.0180725 -2.50613e-05 3.33483e-05 -0.0180725 0.0893803 
0.00977665 -0.0179296 6.85425e-05 -4.3613e-05 -0.0179296 0.0885624 -4.231e-05 5.23546e-05 6.85425e-05 -4.231e-05 0.00979616 -0.0180178 -4.3613e-05 5.23546e-05 -0.0180178 0.0890571 
0.00975351 -0.0178594 7.22874e-05 -6.87381e-05 -0.0178594 0.0882026 -6.45366e-05 9.70367e-05 7.22874e-05 -6.45366e-05 0.00977281 -0.0179558 -6.87381e-05 9.70367e-05 -0.0179558 0.0887629 
0.00978542 -0.0179033 4.33734e-05 -7.64486e-05 -0.0179033 0.0883656 -7.15579e-05 0.00013095 4.33734e-05 -7.15579e-05 0.00978104 -0.0180071 -7.64486e-05 0.00013095 -0.0180071 0.0889655 
0.00979571 -0.0179358 3.17516e-05 -3.60747e-05 -0.0179358 0.0884468 -3.14118e-05 7.31633e-05 3.17516e-05 -3.14118e-05 0.0097737 -0.0179918 -3.60747e-05 7.31633e-05 -0.0179918 0.0889642 
0.00977179 -0.017909 2.49044e-05 -2.1972e-05 -0.017909 0.0883132 -1.92604e-05 2.06476e-05 2.49044e-05 -1.92604e-05 0.0097618 -0.0179463 -2.1972e-05 2.06476e-05 -0.0179463 0.0887592 
0.00976215 -0.0178748 2.38451e-05 -1.35149e-05 -0.0178748 0.0881857 -1.40315e-05 -5.87919e-06 2.38451e-05 -1.40315e-05 0.009746 -0.0179344 -1.35149e-05 -5.87919e-06 -0.0179344 0.0886484 
0.00976033 -0.0178751 3.28209e-05 -1.01304e-05 -0.0178751 0.0881663 -1.36771e-05 -1.86905e-05 3.28209e-05 -1.36771e-05 0.00973686 -0.0179301 -1.01304e-05 -1.86905e-05 -0.0179301 0.0886418 
0.00979021 -0.017897 5.18069e-05 -1.75248e-05 -0.017897 0.0882756 -2.11778e-05 -1.54117e-05 5.18069e-05 -2.11778e-05 0.00972327 -0.0179464 -1.75248e-05 -1.54117e-05 -0.0179464 0.0887487 
0.00980924 -0.0179393 7.66861e-05 -4.43557e-05 -0.0179393 0.088409 -4.4873e-05 2.90923e-05 7.66861e-05 -4.4873e-05 0.00972711 -0.0179349 -4.43557e-05 2.90923e-05 -0.0179349 0.0887967 
0.00985426 -0.0180329 0.000110104 -7.32706e-05 -0.0180329 0.0888464 -6.72252e-05 8.13443e-05 0.000110104 -6.72252e-05 0.0097823 -0.0180019 -7.32706e-05 8.13443e-05 -0.0180019 0.0891375 
0.00988489 -0.018104 7.14157e-05 -0.000110174 -0.018104 0.0892202 -0.00010068 0.000150195 7.14157e-05 -0.00010068 0.00983336 -0.0180957 -0.000110174 0.000150195 -0.0180957 0.0895219 
0.00990267 -0.0181098 3.66704e-05 -6.22324e-05 -0.0181098 0.0892957 -5.58814e-05 0.000110559 3.66704e-05 -5.58814e-05 0.00983486 -0.0181301 -6.22324e-05 0.000110559 -0.0181301 0.0896623 
0.00986342 -0.0180672 3.09391e-05 -9.82713e-06 -0.0180672 0.0890384 -6.58887e-06 -1.1358e-05 3.09391e-05 -6.58887e-06 0.00980385 -0.0180562 -9.82713e-06 -1.1358e-05 -0.0180562 0.0893715 
0.0098375 -0.0179697 6.50367e-05 -5.14744e-06 -0.0179697 0.0885907 -1.59238e-06 -6.9432e-05 6.50367e-05 -1.59238e-06 0.00975978 -0.0179511 -5.14744e-06 -6.9432e-05 -0.0179511 0.0888615 
0.0098645 -0.018021 6.38903e-05 -4.50204e-05 -0.018021 0.088752 -4.0357e-05 -2.89363e-05 6.38903e-05 -4.0357e-05 0.00978316 -0.0179893 -4.50204e-05 -2.89363e-05 -0.0179893 0.0889928 
0.0098263 -0.0180046 6.06161e-05 -4.58741e-05 -0.0180046 0.0886418 -3.92596e-05 -8.91237e-07 6.06161e-05 -3.92596e-05 0.00978548 -0.0179802 -4.58741e-05 -8.91237e-07 -0.0179802 0.0888973 
0.00982132 -0.0179774 4.88762e-05 -4.49382e-05 -0.0179774 0.0886034 -3.77829e-05 7.14417e-06 4.88762e-05 -3.77829e-05 0.00977325 -0.0179975 -4.49382e-05 7.14417e-06 -0.0179975 0.0889284 
0.00978926 -0.0179735 5.07163e-05 -2.84469e-05 -0.0179735 0.0885728 -2.36985e-05 -1.56618e-05 5.07163e-05 -2.36985e-05 0.00978903 -0.0179746 -2.84469e-05 -1.56618e-05 -0.0179746 0.0888928 
0.00976731 -0.0179194 5.3632e-05 -2.88288e-05 -0.0179194 0.0884203 -2.39843e-05 -2.96484e-05 5.3632e-05 -2.39843e-05 0.00979076 -0.0179719 -2.88288e-05 -2.96484e-05 -0.0179719 0.0887961 
0.00977027 -0.0179188 6.24439e-05 -3.18387e-05 -0.0179188 0.0884433 -2.75796e-05 -2.97349e-05 6.24439e-05 -2.75796e-05 0.00981497 -0.0180081 -3.18387e-05 -2.97349e-05 -0.0180081 0.0889187 
0.00975686 -0.0179044 5.22112e-05 -4.03003e-05 -0.0179044 0.0883951 -3.85387e-05 -1.54895e-05 5.22112e-05 -3.85387e-05 0.00982947 -0.0180403 -4.03003e-05 -1.54895e-05 -0.0180403 0.0890085 
0.0097776 -0.0179273 5.62898e-05 -2.67935e-05 -0.0179273 0.0885579 -2.76584e-05 -2.81254e-05 5.62898e-05 -2.76584e-05 0.00982994 -0.018112 -2.67935e-05 -2.81254e-05 -0.018112 0.0893243 
0.00981695 -0.0179679 8.4695e-05 -3.60305e-05 -0.0179679 0.088752 -3.54013e-05 -1.76908e-05 8.4695e-05 -3.54013e-05 0.00980126 -0.0181298 -3.60305e-05 -1.76908e-05 -0.0181298 0.0895542 
0.00981574 -0.0179701 9.38231e-05 -7.18421e-05 -0.0179701 0.0886839 -6.73207e-05 4.02578e-05 9.38231e-05 -6.73207e-05 0.00976209 -0.0180299 -7.18421e-05 4.02578e-05 -0.0180299 0.0893057 
0.00978677 -0.0179012 9.91143e-05 -9.36293e-05 -0.0179012 0.0883104 -8.65249e-05 0.000114569 9.91143e-05 -8.65249e-05 0.00970621 -0.0178912 -9.36293e-05 0.000114569 -0.0178912 0.0886974 
0.00978026 -0.0178585 8.46798e-05 -9.59585e-05 -0.0178585 0.0880416 -8.68873e-05 0.000137719 8.46798e-05 -8.68873e-05 0.00965968 -0.0178072 -9.59585e-05 0.000137719 -0.0178072 0.0882599 
0.00979022 -0.017854 7.97172e-05 -7.60973e-05 -0.017854 0.0879114 -7.04063e-05 0.000115301 7.97172e-05 -7.04063e-05 0.00962789 -0.0177543 -7.60973e-05 0.000115301 -0.0177543 0.0879926 
0.00981291 -0.0179334 7.99538e-05 -6.50968e-05 -0.0179334 0.0881933 -6.44806e-05 8.47408e-05 7.99538e-05 -6.44806e-05 0.00965078 -0.0177849 -6.50968e-05 8.47408e-05 -0.0177849 0.0881457 
0.0097923 -0.0179411 6.19255e-05 -6.52217e-05 -0.0179411 0.0882668 -6.87801e-05 7.9504e-05 6.19255e-05 -6.87801e-05 0.0096673 -0.0178042 -6.52217e-05 7.9504e-05 -0.0178042 0.0881979 
0.00976454 -0.0179209 3.92044e-05 -4.05259e-05 -0.0179209 0.08828 -4.7679e-05 4.44304e-05 3.92044e-05 -4.7679e-05 0.0096838 -0.0178341 -4.05259e-05 4.44304e-05 -0.0178341 0.0882973 
0.00972732 -0.0178639 3.02088e-05 -1.2871e-05 -0.0178639 0.0881212 -2.1695e-05 -1.45319e-05 3.02088e-05 -2.1695e-05 0.00968317 -0.0178317 -1.2871e-05 -1.45319e-05 -0.0178317 0.0882667 
0.00967759 -0.0177496 3.16511e-05 7.28938e-07 -0.0177496 0.0876714 -1.24254e-05 -5.87317e-05 3.16511e-05 -1.24254e-05 0.00964765 -0.0177855 7.28938e-07 -5.87317e-05 -0.0177855 0.0880067 
0.00966316 -0.0176844 2.41726e-05 -8.05128e-07 -0.0176844 0.0873572 -1.69426e-05 -6.74667e-05 2.41726e-05 -1.69426e-05 0.00961454 -0.0177387 -8.05128e-07 -6.74667e-05 -0.0177387 0.0877997 
