0.00672029 0 -0.000212813 0 0 0.00983326 0 0 -0.000212813 0 0.00712607 0 0 0 0 0.00983326 
0.00953323 -0.0118404 -0.000246316 0.000297788 -0.0118404 0.0317198 0.000297788 -0.000571152 -0.000246316 0.000297788 0.0100691 -0.0124906 0.000297788 -0.000571152 -0.0124906 0.0329667 
0.00958022 -0.0178587 -0.000171776 0.000220721 -0.0178587 0.0660601 0.000220721 -0.000658346 -0.000171776 0.000220721 0.00995336 -0.018519 0.000220721 -0.000658346 -0.018519 0.0680999 
0.00907126 -0.0176295 -0.000117088 3.07304e-05 -0.0176295 0.0792751 2.79294e-05 0.000215423 -0.000117088 2.79294e-05 0.00932295 -0.0179394 3.07304e-05 0.000215423 -0.0179394 0.0802851 
0.009041 -0.0170558 -0.00015645 5.811e-07 -0.0170558 0.0826254 -3.08959e-06 0.000606907 -0.00015645 -3.08959e-06 0.00929492 -0.0172639 5.811e-07 0.000606907 -0.0172639 0.0830666 
0.00929081 -0.0172112 -0.000193926 8.59338e-05 -0.0172112 0.0849218 7.82551e-05 0.000442156 -0.000193926 7.82551e-05 0.00955521 -0.0174216 8.59338e-05 0.000442156 -0.0174216 0.0852086 
0.00949703 -0.0175245 -0.000216753 0.000151134 -0.0175245 0.0866647 0.000140011 0.000151525 -0.000216753 0.000140011 0.00977065 -0.017731 0.000151134 0.000151525 -0.017731 0.0869103 
0.00954505 -0.0176241 -0.000217483 0.000179019 -0.0176241 0.0871912 0.000168311 -4.31086e-05 -0.000217483 0.000168311 0.00982645 -0.017827 0.000179019 -4.31086e-05 -0.017827 0.0874069 
0.00940479 -0.0173471 -0.000211682 0.000173057 -0.0173471 0.0858926 0.000170603 -0.000122162 -0.000211682 0.000170603 0.00967315 -0.0175678 0.000173057 -0.000122162 -0.0175678 0.0861375 
0.00949474 -0.01751 -0.000189035 0.000156884 -0.01751 0.0866601 0.000158185 -0.000107351 -0.000189035 0.000158185 0.00974092 -0.0177017 0.000156884 -0.000107351 -0.0177017 0.0868489 
0.00959755 -0.0176848 -0.000185273 0.000127758 -0.0176848 0.0874971 0.000127822 -4.44538e-05 -0.000185273 0.000127822 0.00982917 -0.0178554 0.000127758 -4.44538e-05 -0.0178554 0.0876324 
0.00954539 -0.0175701 -0.000172612 0.000124342 -0.0175701 0.0868713 0.000124593 -1.30423e-05 -0.000172612 0.000124593 0.00974575 -0.0177212 0.000124342 -1.30423e-05 -0.0177212 0.0869587 
0.00954239 -0.0175308 -0.000143017 0.000108745 -0.0175308 0.086596 0.000111669 1.81881e-05 -0.000143017 0.000111669 0.00966808 -0.0176422 0.000108745 1.81881e-05 -0.0176422 0.0866013 
0.00955255 -0.0175636 -0.00011917 7.65648e-05 -0.0175636 0.0866414 8.06823e-05 7.35683e-05 -0.00011917 8.06823e-05 0.0096272 -0.0175934 7.65648e-05 7.35683e-05 -0.0175934 0.0865016 
0.00951135 -0.0176015 -0.000130593 4.80849e-05 -0.0176015 0.0867955 5.13436e-05 0.000145031 -0.000130593 5.13436e-05 0.00965395 -0.0175633 4.80849e-05 0.000145031 -0.0175633 0.0864756 
0.00944583 -0.0175239 -0.000153137 6.08187e-05 -0.0175239 0.0866553 6.54372e-05 0.000152872 -0.000153137 6.54372e-05 0.00968656 -0.0175727 6.08187e-05 0.000152872 -0.0175727 0.0863997 
0.00941605 -0.0174205 -0.000170686 9.19466e-05 -0.0174205 0.086353 9.7917e-05 9.15117e-05 -0.000170686 9.7917e-05 0.00969815 -0.0176015 9.19466e-05 9.15117e-05 -0.0176015 0.0863753 
0.00939171 -0.017371 -0.000180262 0.000120115 -0.017371 0.0861263 0.000124982 1.09341e-05 -0.000180262 0.000124982 0.00971703 -0.0176334 0.000120115 1.09341e-05 -0.0176334 0.0864437 
0.00939515 -0.0173535 -0.000178543 0.000128067 -0.0173535 0.0860636 0.000131424 -2.74826e-05 -0.000178543 0.000131424 0.00971447 -0.017684 0.000128067 -2.74826e-05 -0.017684 0.0866185 
0.00941603 -0.0173705 -0.000156312 0.000126693 -0.0173705 0.0861153 0.000130852 -3.84088e-05 -0.000156312 0.000130852 0.00970659 -0.0176992 0.000126693 -3.84088e-05 -0.0176992 0.0867664 
0.00943283 -0.0174076 -0.000143693 0.000104101 -0.0174076 0.0862358 0.00010885 -1.45523e-05 -0.000143693 0.00010885 0.00968846 -0.0176935 0.000104101 -1.45523e-05 -0.0176935 0.0868421 
0.00946068 -0.0174431 -0.000151512 9.46285e-05 -0.0174431 0.0864025 9.53695e-05 1.12714e-05 -0.000151512 9.53695e-05 0.00968348 -0.0176877 9.46285e-05 1.12714e-05 -0.0176877 0.0869199 
0.00947998 -0.0174765 -0.000150246 0.000109743 -0.0174765 0.0865198 0.000103654 -4.77361e-07 -0.000150246 0.000103654 0.0096708 -0.0176684 0.000109743 -4.77361e-07 -0.0176684 0.0869048 
0.00951324 -0.0174895 -0.000132966 0.000107326 -0.0174895 0.0865477 9.90212e-05 -4.87067e-06 -0.000132966 9.90212e-05 0.00962442 -0.0176277 0.000107326 -4.87067e-06 -0.0176277 0.0867716 
0.0095211 -0.0174949 -0.000127903 8.42667e-05 -0.0174949 0.0864528 7.71532e-05 3.064e-05 -0.000127903 7.71532e-05 0.00959151 -0.0175375 8.42667e-05 3.064e-05 -0.0175375 0.0864646 
0.00951328 -0.017528 -0.000135324 7.78913e-05 -0.017528 0.0865288 7.72483e-05 5.04833e-05 -0.000135324 7.72483e-05 0.00959857 -0.017508 7.78913e-05 5.04833e-05 -0.017508 0.0863284 
0.00951126 -0.0175139 -0.00014328 8.71194e-05 -0.0175139 0.0865055 8.92458e-05 3.72313e-05 -0.00014328 8.92458e-05 0.00960067 -0.0175011 8.71194e-05 3.72313e-05 -0.0175011 0.0862201 
0.00950401 -0.0175219 -0.000151625 9.10018e-05 -0.0175219 0.0865284 9.13888e-05 3.30018e-05 -0.000151625 9.13888e-05 0.009613 -0.0175139 9.10018e-05 3.30018e-05 -0.0175139 0.0862286 
0.00947916 -0.0175164 -0.000156021 9.98975e-05 -0.0175164 0.0865374 9.64718e-05 2.65346e-05 -0.000156021 9.64718e-05 0.00962725 -0.0175314 9.98975e-05 2.65346e-05 -0.0175314 0.0862662 
0.00945071 -0.0174905 -0.000156564 0.000113842 -0.0174905 0.0865208 0.000106583 -2.73843e-06 -0.000156564 0.000106583 0.00964206 -0.0175593 0.000113842 -2.73843e-06 -0.0175593 0.0863531 
0.00943935 -0.0174221 -0.00014347 0.000112225 -0.0174221 0.086319 9.98749e-05 -5.45275e-06 -0.00014347 9.98749e-05 0.00962452 -0.0175676 0.000112225 -5.45275e-06 -0.0175676 0.0863477 
0.0094194 -0.0173852 -0.000141185 9.47426e-05 -0.0173852 0.0861011 8.05753e-05 2.81425e-05 -0.000141185 8.05753e-05 0.0095992 -0.0175263 9.47426e-05 2.81425e-05 -0.0175263 0.086213 
0.0096393 -0.0177698 -0.000140974 9.72795e-05 -0.0177698 0.088011 8.38447e-05 3.89454e-05 -0.000140974 8.38447e-05 0.00980633 -0.0179154 9.72795e-05 3.89454e-05 -0.0179154 0.0881556 
0.00962505 -0.0177295 -0.000139624 8.92099e-05 -0.0177295 0.0877546 7.60442e-05 5.4612e-05 -0.000139624 7.60442e-05 0.0097613 -0.0178375 8.92099e-05 5.4612e-05 -0.0178375 0.0878298 
0.00959886 -0.017699 -0.00013374 8.50457e-05 -0.017699 0.0875321 7.62828e-05 6.47382e-05 -0.00013374 7.62828e-05 0.00973303 -0.0177547 8.50457e-05 6.47382e-05 -0.0177547 0.0874706 
0.00955366 -0.0176538 -0.000133277 7.74647e-05 -0.0176538 0.08731 7.79339e-05 6.6578e-05 -0.000133277 7.79339e-05 0.00972811 -0.0177038 7.74647e-05 6.6578e-05 -0.0177038 0.0871736 
0.0095053 -0.0175873 -0.000146723 7.09325e-05 -0.0175873 0.0870664 8.07202e-05 7.33894e-05 -0.000146723 8.07202e-05 0.00973348 -0.0176948 7.09325e-05 7.33894e-05 -0.0176948 0.0870034 
0.00947418 -0.017541 -0.000137852 8.41675e-05 -0.017541 0.0869095 0.000102804 4.76233e-05 -0.000137852 0.000102804 0.00973277 -0.017708 8.41675e-05 4.76233e-05 -0.017708 0.0869768 
0.00951114 -0.0175339 -0.000114791 7.26997e-05 -0.0175339 0.0869552 9.57067e-05 4.63933e-05 -0.000114791 9.57067e-05 0.0097103 -0.0177645 7.26997e-05 4.63933e-05 -0.0177645 0.0872103 
0.00958747 -0.0176117 -0.000107536 4.65667e-05 -0.0176117 0.0872243 6.92648e-05 8.97434e-05 -0.000107536 6.92648e-05 0.00968762 -0.0177849 4.65667e-05 8.97434e-05 -0.0177849 0.0874939 
0.00957116 -0.0176311 -0.000119891 4.60314e-05 -0.0176311 0.087131 6.15289e-05 0.000111344 -0.000119891 6.15289e-05 0.0096676 -0.0176764 4.60314e-05 0.000111344 -0.0176764 0.0871851 
0.00959477 -0.0177244 -0.000140042 6.72875e-05 -0.0177244 0.0876011 7.37071e-05 8.97518e-05 -0.000140042 7.37071e-05 0.0097316 -0.0177468 6.72875e-05 8.97518e-05 -0.0177468 0.0874931 
0.00962328 -0.0177632 -0.000145181 9.34071e-05 -0.0177632 0.0879133 9.578e-05 4.04925e-05 -0.000145181 9.578e-05 0.00976303 -0.0178468 9.34071e-05 4.04925e-05 -0.0178468 0.0878641 
0.00961855 -0.0177517 -0.000140385 0.000102301 -0.0177517 0.0878826 0.00010154 3.23077e-06 -0.000140385 0.00010154 0.00976559 -0.0178454 0.000102301 3.23077e-06 -0.0178454 0.0879004 
0.00959499 -0.0177415 -0.000127808 9.86959e-05 -0.0177415 0.0878348 9.19799e-05 2.02128e-06 -0.000127808 9.19799e-05 0.00977896 -0.0178317 9.86959e-05 2.02128e-06 -0.0178317 0.087854 
0.00957055 -0.0176578 -0.000120892 8.48769e-05 -0.0176578 0.0875162 7.37924e-05 2.80331e-05 -0.000120892 7.37924e-05 0.00975028 -0.0178051 8.48769e-05 2.80331e-05 -0.0178051 0.0876354 
0.00955099 -0.0176176 -0.000138136 7.96156e-05 -0.0176176 0.0872769 6.80252e-05 4.65873e-05 -0.000138136 6.80252e-05 0.00973746 -0.0177637 7.96156e-05 4.65873e-05 -0.0177637 0.0874502 
0.00951538 -0.0175937 -0.00014428 0.000100365 -0.0175937 0.0871219 9.43276e-05 1.50664e-05 -0.00014428 9.43276e-05 0.00973911 -0.0177329 0.000100365 1.50664e-05 -0.0177329 0.0872762 
0.00954738 -0.0176501 -0.000142071 0.000106063 -0.0176501 0.0874748 0.000106671 -1.93836e-05 -0.000142071 0.000106671 0.00977399 -0.0178383 0.000106063 -1.93836e-05 -0.0178383 0.0876989 
0.00952174 -0.0175615 -0.000135516 9.44632e-05 -0.0175615 0.0870774 0.000100887 -1.43206e-05 -0.000135516 0.000100887 0.00971865 -0.0177659 9.44632e-05 -1.43206e-05 -0.0177659 0.0873808 
0.00952105 -0.0175489 -0.000132635 8.66086e-05 -0.0175489 0.0869372 9.51883e-05 5.99252e-07 -0.000132635 9.51883e-05 0.00968038 -0.0177101 8.66086e-05 5.99252e-07 -0.0177101 0.0871931 
0.0095028 -0.0175253 -0.000134621 8.43761e-05 -0.0175253 0.0867659 9.4158e-05 5.65728e-06 -0.000134621 9.4158e-05 0.00965468 -0.0176446 8.43761e-05 5.65728e-06 -0.0176446 0.0869329 
0.00948456 -0.0174895 -0.000136152 8.88409e-05 -0.0174895 0.086591 9.44472e-05 3.08751e-06 -0.000136152 9.44472e-05 0.00963824 -0.0176038 8.88409e-05 3.08751e-06 -0.0176038 0.0867166 
0.0094748 -0.0174246 -0.000106677 9.35548e-05 -0.0174246 0.0862548 8.96491e-05 4.4495e-06 -0.000106677 8.96491e-05 0.00958207 -0.0175372 9.35548e-05 4.4495e-06 -0.0175372 0.0863637 
0.00970099 -0.0178257 -8.94318e-05 7.35095e-05 -0.0178257 0.0881268 6.35082e-05 2.96362e-05 -8.94318e-05 6.35082e-05 0.00975518 -0.0178899 7.35095e-05 2.96362e-05 -0.0178899 0.0881626 
0.00970431 -0.0178588 -8.68146e-05 4.84214e-05 -0.0178588 0.0881937 4.03227e-05 8.09746e-05 -8.68146e-05 4.03227e-05 0.00973631 -0.0178478 4.84214e-05 8.09746e-05 -0.0178478 0.0880655 
0.00949116 -0.0175337 -9.6807e-05 4.04103e-05 -0.0175337 0.0865934 4.14133e-05 0.000102831 -9.6807e-05 4.14133e-05 0.00955473 -0.0174893 4.04103e-05 0.000102831 -0.0174893 0.0863371 
0.0094218 -0.0174568 -0.000113662 5.24196e-05 -0.0174568 0.0863626 5.98265e-05 8.18806e-05 -0.000113662 5.98265e-05 0.00957595 -0.0174523 5.24196e-05 8.18806e-05 -0.0174523 0.0861248 
0.00959118 -0.0177568 -0.000127489 7.76459e-05 -0.0177568 0.0880514 8.24789e-05 3.30555e-05 -0.000127489 8.24789e-05 0.00980975 -0.0178841 7.76459e-05 3.30555e-05 -0.0178841 0.0880564 
0.00955781 -0.0176834 -0.000122428 9.57461e-05 -0.0176834 0.0877462 9.02945e-05 -8.93693e-06 -0.000122428 9.02945e-05 0.00980117 -0.0178838 9.57461e-05 -8.93693e-06 -0.0178838 0.0879846 
0.00954279 -0.0176329 -0.000139385 9.14175e-05 -0.0176329 0.0875314 8.64537e-05 -2.1014e-05 -0.000139385 8.64537e-05 0.00979255 -0.0178866 9.14175e-05 -2.1014e-05 -0.0178866 0.0879709 
0.00957661 -0.0176705 -0.000134865 0.000103936 -0.0176705 0.0876824 0.000109042 -4.37554e-05 -0.000134865 0.000109042 0.00979851 -0.0179268 0.000103936 -4.37554e-05 -0.0179268 0.0881966 
0.00939664 -0.0173915 -0.000147899 9.38589e-05 -0.0173915 0.0862317 0.000106802 -5.04828e-05 -0.000147899 0.000106802 0.00963491 -0.0176093 9.38589e-05 -5.04828e-05 -0.0176093 0.0867047 
0.00941884 -0.0174111 -0.000126246 0.00011188 -0.0174111 0.086416 0.000124466 -7.55417e-05 -0.000126246 0.000124466 0.0096533 -0.0176447 0.00011188 -7.55417e-05 -0.0176447 0.0868785 
0.00944127 -0.0173887 -0.00010044 9.31641e-05 -0.0173887 0.0863142 9.85716e-05 -6.14342e-05 -0.00010044 9.85716e-05 0.00962953 -0.0176361 9.31641e-05 -6.14342e-05 -0.0176361 0.0868272 
0.00943965 -0.0173817 -8.71199e-05 6.83992e-05 -0.0173817 0.0861528 6.72777e-05 -9.75022e-06 -8.71199e-05 6.72777e-05 0.00960023 -0.0175803 6.83992e-05 -9.75022e-06 -0.0175803 0.0866247 
0.00938332 -0.017364 -8.37902e-05 4.7411e-05 -0.017364 0.0859905 4.72291e-05 4.95454e-05 -8.37902e-05 4.72291e-05 0.00960659 -0.0175166 4.7411e-05 4.95454e-05 -0.0175166 0.0863492 
0.0095349 -0.0176608 -9.13529e-05 4.40571e-05 -0.0176608 0.0876242 4.79309e-05 7.43109e-05 -9.13529e-05 4.79309e-05 0.00981689 -0.0178981 4.40571e-05 7.43109e-05 -0.0178981 0.08807 
0.00949854 -0.0175569 -9.50629e-05 4.86865e-05 -0.0175569 0.0872273 5.55789e-05 7.13791e-05 -9.50629e-05 5.55789e-05 0.0097802 -0.0178795 4.86865e-05 7.13791e-05 -0.0178795 0.0878909 
0.00949713 -0.0174975 -9.60288e-05 5.27436e-05 -0.0174975 0.0869142 6.18443e-05 5.96888e-05 -9.60288e-05 6.18443e-05 0.00972099 -0.0178286 5.27436e-05 5.96888e-05 -0.0178286 0.0876979 
0.00949843 -0.0174695 -9.66633e-05 5.37018e-05 -0.0174695 0.0866304 6.02099e-05 5.75677e-05 -9.66633e-05 6.02099e-05 0.00964068 -0.017714 5.37018e-05 5.75677e-05 -0.017714 0.087293 
0.00947675 -0.0174506 -0.00010504 6.39016e-05 -0.0174506 0.0864027 6.43917e-05 3.79078e-05 -0.00010504 6.43917e-05 0.00958004 -0.0175879 6.39016e-05 3.79078e-05 -0.0175879 0.086823 
0.00948532 -0.0174508 -8.27436e-05 7.74683e-05 -0.0174508 0.0863685 7.62781e-05 6.63074e-06 -8.27436e-05 7.62781e-05 0.00953708 -0.017525 7.74683e-05 6.63074e-06 -0.017525 0.0865625 
0.00950379 -0.0174864 -6.1787e-05 5.41755e-05 -0.0174864 0.0864715 5.32251e-05 2.10623e-05 -6.1787e-05 5.32251e-05 0.00950844 -0.0174851 5.41755e-05 2.10623e-05 -0.0174851 0.0864469 
0.00950176 -0.0175331 -6.31852e-05 2.89158e-05 -0.0175331 0.0866631 2.24943e-05 7.80983e-05 -6.31852e-05 2.24943e-05 0.00951637 -0.0174708 2.89158e-05 7.80983e-05 -0.0174708 0.0864518 
0.0094775 -0.0175251 -6.51784e-05 3.52495e-05 -0.0175251 0.08671 1.86823e-05 0.000102303 -6.51784e-05 1.86823e-05 0.00953758 -0.0174677 3.52495e-05 0.000102303 -0.0174677 0.0864191 
0.00950376 -0.0175512 -5.95822e-05 3.86176e-05 -0.0175512 0.0869728 2.20201e-05 9.98124e-05 -5.95822e-05 2.20201e-05 0.00957409 -0.017565 3.86176e-05 9.98124e-05 -0.017565 0.0867916 
0.00953449 -0.0175664 -5.78572e-05 2.55542e-05 -0.0175664 0.0870842 1.75953e-05 0.000112223 -5.78572e-05 1.75953e-05 0.00958479 -0.0176143 2.55542e-05 0.000112223 -0.0176143 0.0870413 
0.00951566 -0.0175541 -5.88643e-05 2.55929e-05 -0.0175541 0.0869516 2.49112e-05 0.000104052 -5.88643e-05 2.49112e-05 0.0095775 -0.0175738 2.55929e-05 0.000104052 -0.0175738 0.0869178 
0.00948159 -0.0174772 -6.02211e-05 2.72371e-05 -0.0174772 0.0866105 3.33801e-05 8.57518e-05 -6.02211e-05 3.33801e-05 0.00953824 -0.0175193 2.72371e-05 8.57518e-05 -0.0175193 0.0866114 
0.00947731 -0.0174625 -4.24489e-05 2.74571e-05 -0.0174625 0.0865182 3.78665e-05 7.20171e-05 -4.24489e-05 3.78665e-05 0.00952322 -0.017495 2.74571e-05 7.20171e-05 -0.017495 0.0865235 
0.00948744 -0.0175517 -2.58135e-05 2.882e-06 -0.0175517 0.0869229 1.61445e-05 0.000105111 -2.58135e-05 1.61445e-05 0.00958957 -0.0175574 2.882e-06 0.000105111 -0.0175574 0.0868659 
0.00948748 -0.0175539 -3.01213e-05 -2.24433e-05 -0.0175539 0.0870848 -8.14915e-06 0.000167645 -3.01213e-05 -8.14915e-06 0.00962639 -0.0176334 -2.24433e-05 0.000167645 -0.0176334 0.0871176 
0.00945977 -0.0174747 -5.08522e-05 -1.98798e-05 -0.0174747 0.0867858 -6.50444e-06 0.000195105 -5.08522e-05 -6.50444e-06 0.00962 -0.0176198 -1.98798e-05 0.000195105 -0.0176198 0.0870007 
0.00942751 -0.0173894 -8.11056e-05 1.46159e-05 -0.0173894 0.0863439 2.23848e-05 0.000145368 -8.11056e-05 2.23848e-05 0.00958666 -0.0175587 1.46159e-05 0.000145368 -0.0175587 0.0866742 
0.00939858 -0.0173515 -0.000106933 5.65325e-05 -0.0173515 0.0861036 6.20903e-05 5.16378e-05 -0.000106933 6.20903e-05 0.00957535 -0.0175319 5.65325e-05 5.16378e-05 -0.0175319 0.0865091 
0.00940419 -0.0173586 -9.60915e-05 9.62925e-05 -0.0173586 0.0861485 9.93915e-05 -5.86726e-05 -9.60915e-05 9.93915e-05 0.00958212 -0.0175628 9.62925e-05 -5.86726e-05 -0.0175628 0.0866225 
0.00942987 -0.0173608 -8.63071e-05 8.76566e-05 -0.0173608 0.0861685 8.86501e-05 -9.37682e-05 -8.63071e-05 8.86501e-05 0.00956939 -0.0175843 8.76566e-05 -9.37682e-05 -0.0175843 0.0867283 
0.00946084 -0.0174331 -6.78865e-05 6.72273e-05 -0.0174331 0.0864163 6.7088e-05 -5.62961e-05 -6.78865e-05 6.7088e-05 0.00958123 -0.0175996 6.72273e-05 -5.62961e-05 -0.0175996 0.0869114 
0.00951429 -0.0174934 -6.09576e-05 3.61087e-05 -0.0174934 0.0867013 3.52602e-05 2.24597e-05 -6.09576e-05 3.52602e-05 0.00957618 -0.0176336 3.61087e-05 2.24597e-05 -0.0176336 0.0871108 
0.00955828 -0.0175043 -5.72145e-05 2.3917e-05 -0.0175043 0.0866582 2.56026e-05 7.75345e-05 -5.72145e-05 2.56026e-05 0.00950632 -0.0175704 2.3917e-05 7.75345e-05 -0.0175704 0.0869181 
0.00956942 -0.0175123 -5.7416e-05 2.611e-05 -0.0175123 0.0864878 3.0881e-05 8.15746e-05 -5.7416e-05 3.0881e-05 0.00944001 -0.0174322 2.611e-05 8.15746e-05 -0.0174322 0.0864452 
0.0096305 -0.0176863 -4.5298e-05 2.52321e-05 -0.0176863 0.0871969 3.11618e-05 8.33104e-05 -4.5298e-05 3.11618e-05 0.00948161 -0.017483 2.52321e-05 8.33104e-05 -0.017483 0.0867868 
0.00964771 -0.0177519 -2.783e-05 1.47848e-05 -0.0177519 0.087573 1.97554e-05 9.53192e-05 -2.783e-05 1.97554e-05 0.0095146 -0.0175165 1.47848e-05 9.53192e-05 -0.0175165 0.0869541 
0.00956337 -0.0176736 -4.12926e-05 -1.49789e-06 -0.0176736 0.087282 6.19719e-07 0.000123133 -4.12926e-05 6.19719e-07 0.00953255 -0.017463 -1.49789e-06 0.000123133 -0.017463 0.0866427 
0.00948797 -0.017534 -5.11917e-05 1.12307e-05 -0.017534 0.086816 1.10032e-05 0.000124038 -5.11917e-05 1.10032e-05 0.00954036 -0.0174583 1.12307e-05 0.000124038 -0.0174583 0.0864024 
0.00945682 -0.0174849 -5.48987e-05 2.66778e-05 -0.0174849 0.0867032 2.11143e-05 9.73262e-05 -5.48987e-05 2.11143e-05 0.00957448 -0.0175438 2.66778e-05 9.73262e-05 -0.0175438 0.0866568 
0.0094651 -0.0174594 -4.61798e-05 3.13361e-05 -0.0174594 0.0866811 2.81621e-05 7.48891e-05 -4.61798e-05 2.81621e-05 0.00958844 -0.0176163 3.13361e-05 7.48891e-05 -0.0176163 0.0869636 
0.00951398 -0.0175173 -3.78183e-05 1.98225e-05 -0.0175173 0.0869331 2.09285e-05 8.04018e-05 -3.78183e-05 2.09285e-05 0.00960923 -0.0176786 1.98225e-05 8.04018e-05 -0.0176786 0.0873479 
0.00953696 -0.0175941 -3.72639e-05 9.74828e-06 -0.0175941 0.0872326 9.76132e-06 0.000103415 -3.72639e-05 9.76132e-06 0.00963838 -0.0177127 9.74828e-06 0.000103415 -0.0177127 0.0876089 
0.00951258 -0.0175435 -4.31928e-05 6.13585e-06 -0.0175435 0.0870261 6.6643e-06 0.000119715 -4.31928e-05 6.6643e-06 0.00962902 -0.0176648 6.13585e-06 0.000119715 -0.0176648 0.0873739 
0.00948791 -0.0174888 -5.18384e-05 1.35579e-05 -0.0174888 0.0867627 1.57043e-05 0.000112555 -5.18384e-05 1.57043e-05 0.00961676 -0.0176276 1.35579e-05 0.000112555 -0.0176276 0.0871302 
0.00954098 -0.017497 -5.1213e-05 1.9582e-05 -0.017497 0.0867929 2.72212e-05 9.6234e-05 -5.1213e-05 2.72212e-05 0.00959828 -0.0176633 1.9582e-05 9.6234e-05 -0.0176633 0.0872297 
0.00960131 -0.0176094 -4.75308e-05 2.33681e-05 -0.0176094 0.0871268 3.55916e-05 7.35135e-05 -4.75308e-05 3.55916e-05 0.00961225 -0.0176811 2.33681e-05 7.35135e-05 -0.0176811 0.0874423 
0.00963128 -0.0176938 -4.46638e-05 1.91623e-05 -0.0176938 0.087441 3.13697e-05 7.04054e-05 -4.46638e-05 3.13697e-05 0.00963381 -0.0177031 1.91623e-05 7.04054e-05 -0.0177031 0.0875799 
0.00963935 -0.0176948 -5.29494e-05 2.18652e-05 -0.0176948 0.0874524 2.82493e-05 6.80088e-05 -5.29494e-05 2.82493e-05 0.00962734 -0.0176943 2.18652e-05 6.80088e-05 -0.0176943 0.0875082 
0.00964187 -0.0176941 -6.88769e-05 3.12226e-05 -0.0176941 0.0874092 3.67151e-05 5.64944e-05 -6.88769e-05 3.67151e-05 0.009617 -0.017677 3.12226e-05 5.64944e-05 -0.017677 0.0874182 
0.00959782 -0.0176989 -7.22982e-05 5.31175e-05 -0.0176989 0.087386 5.71642e-05 1.56888e-05 -7.22982e-05 5.71642e-05 0.00964747 -0.0176582 5.31175e-05 1.56888e-05 -0.0176582 0.0873325 
0.00959254 -0.0177067 -9.03329e-05 5.65319e-05 -0.0177067 0.0876045 5.94595e-05 -6.45022e-06 -9.03329e-05 5.94595e-05 0.00971539 -0.0177717 5.65319e-05 -6.45022e-06 -0.0177717 0.0877086 
0.00957389 -0.0176818 -0.000113892 8.00267e-05 -0.0176818 0.0875998 8.108e-05 -4.79513e-05 -0.000113892 8.108e-05 0.00976281 -0.0178453 8.00267e-05 -4.79513e-05 -0.0178453 0.0879612 
0.00957451 -0.0176296 -9.93276e-05 0.000111284 -0.0176296 0.0874198 0.000106162 -0.000110308 -9.93276e-05 0.000106162 0.0097472 -0.0178726 0.000111284 -0.000110308 -0.0178726 0.0880096 
0.00963315 -0.0176503 -5.63802e-05 8.60844e-05 -0.0176503 0.0874427 7.88401e-05 -8.65224e-05 -5.63802e-05 7.88401e-05 0.00970302 -0.0178717 8.60844e-05 -8.65224e-05 -0.0178717 0.0880874 
0.00965414 -0.0177106 -2.60683e-05 2.59296e-05 -0.0177106 0.0875167 2.02093e-05 3.35497e-05 -2.60683e-05 2.02093e-05 0.00967464 -0.0178041 2.59296e-05 3.35497e-05 -0.0178041 0.0879669 
0.0096486 -0.0177636 -1.85122e-05 -1.62364e-05 -0.0177636 0.0877149 -2.39455e-05 0.00016594 -1.85122e-05 -2.39455e-05 0.00968537 -0.017779 -1.62364e-05 0.00016594 -0.017779 0.0879169 
0.00959517 -0.0177561 -2.95821e-05 -2.16423e-05 -0.0177561 0.0877742 -3.18036e-05 0.000225623 -2.95821e-05 -3.18036e-05 0.0097261 -0.0177813 -2.16423e-05 0.000225623 -0.0177813 0.0878815 
0.00955745 -0.0176414 -5.66985e-05 -6.78007e-06 -0.0176414 0.0874646 -1.17212e-05 0.000211042 -5.66985e-05 -1.17212e-05 0.00972788 -0.017797 -6.78007e-06 0.000211042 -0.017797 0.0877696 
0.00952562 -0.0175402 -6.5214e-05 2.56438e-05 -0.0175402 0.087002 2.91635e-05 0.000139054 -6.5214e-05 2.91635e-05 0.00969437 -0.0177672 2.56438e-05 0.000139054 -0.0177672 0.0875511 
0.00954949 -0.0175602 -6.27798e-05 3.72589e-05 -0.0175602 0.0870203 4.48732e-05 8.01497e-05 -6.27798e-05 4.48732e-05 0.00968085 -0.0177748 3.72589e-05 8.01497e-05 -0.0177748 0.0876303 
0.00956532 -0.0176309 -6.22129e-05 3.49456e-05 -0.0176309 0.087265 4.29811e-05 6.22545e-05 -6.22129e-05 4.29811e-05 0.00969949 -0.017781 3.49456e-05 6.22545e-05 -0.017781 0.0877591 
0.00958512 -0.0176815 -7.43037e-05 3.20792e-05 -0.0176815 0.0875754 3.94862e-05 6.69724e-05 -7.43037e-05 3.94862e-05 0.00972791 -0.0178443 3.20792e-05 6.69724e-05 -0.0178443 0.088042 
0.00942963 -0.0173516 -7.99373e-05 4.58053e-05 -0.0173516 0.0860091 5.70869e-05 4.00547e-05 -7.99373e-05 5.70869e-05 0.0095381 -0.0175362 4.58053e-05 4.00547e-05 -0.0175362 0.0865245 
0.00946003 -0.0174174 -8.01536e-05 6.079e-05 -0.0174174 0.0862762 6.88717e-05 -3.98285e-07 -8.01536e-05 6.88717e-05 0.0095585 -0.0175668 6.079e-05 -3.98285e-07 -0.0175668 0.0867746 
0.00945346 -0.0174196 -7.21415e-05 6.13484e-05 -0.0174196 0.0862969 6.04759e-05 -7.89584e-06 -7.21415e-05 6.04759e-05 0.00957822 -0.0175599 6.13484e-05 -7.89584e-06 -0.0175599 0.086767 
0.00942075 -0.0173124 -6.15337e-05 5.80925e-05 -0.0173124 0.0857993 5.06136e-05 -3.81534e-06 -6.15337e-05 5.06136e-05 0.00952029 -0.0174772 5.80925e-05 -3.81534e-06 -0.0174772 0.0862906 
0.00963825 -0.0176435 -5.45705e-05 4.16441e-05 -0.0176435 0.0873628 3.6126e-05 2.94954e-05 -5.45705e-05 3.6126e-05 0.00966741 -0.0177976 4.16441e-05 2.94954e-05 -0.0177976 0.0878808 
0.00958915 -0.0176294 -5.73932e-05 3.10119e-05 -0.0176294 0.0870891 3.30729e-05 5.21727e-05 -5.73932e-05 3.30729e-05 0.00963927 -0.0176821 3.10119e-05 5.21727e-05 -0.0176821 0.0874342 
0.00956003 -0.017588 -4.13057e-05 3.25706e-05 -0.017588 0.0869486 4.27993e-05 4.8422e-05 -4.13057e-05 4.27993e-05 0.00962039 -0.0176564 3.25706e-05 4.8422e-05 -0.0176564 0.0872184 
0.00956497 -0.0176162 -2.87932e-05 1.25192e-05 -0.0176162 0.0871312 2.47886e-05 7.23836e-05 -2.87932e-05 2.47886e-05 0.00964895 -0.0177014 1.25192e-05 7.23836e-05 -0.0177014 0.0874224 
0.00960552 -0.0176813 -2.02656e-05 -2.16068e-06 -0.0176813 0.0875239 4.60513e-06 0.000116679 -2.02656e-05 4.60513e-06 0.00968497 -0.0178043 -2.16068e-06 0.000116679 -0.0178043 0.087894 
0.00962388 -0.0176747 -1.28883e-05 -1.27355e-05 -0.0176747 0.0875064 -1.29809e-05 0.000160851 -1.28883e-05 -1.29809e-05 0.00966008 -0.0177947 -1.27355e-05 0.000160851 -0.0177947 0.0879117 
0.00966261 -0.0176932 -4.14072e-06 -1.84385e-05 -0.0176932 0.0875126 -2.46974e-05 0.000190593 -4.14072e-06 -2.46974e-05 0.00961603 -0.0177504 -1.84385e-05 0.000190593 -0.0177504 0.0878176 
0.00963482 -0.0176622 -9.4397e-06 -2.73689e-05 -0.0176622 0.0872053 -3.54278e-05 0.000214317 -9.4397e-06 -3.54278e-05 0.00957012 -0.0176158 -2.73689e-05 0.000214317 -0.0176158 0.0872937 
0.0096062 -0.0175896 -1.84822e-05 -1.60176e-05 -0.0175896 0.0868146 -2.08149e-05 0.000195244 -1.84822e-05 -2.08149e-05 0.00951812 -0.0175154 -1.60176e-05 0.000195244 -0.0175154 0.0867546 
0.00958115 -0.0175674 -2.03494e-05 -1.55404e-06 -0.0175674 0.0866346 -3.12598e-07 0.000149116 -2.03494e-05 -3.12598e-07 0.00950168 -0.0174699 -1.55404e-06 0.000149116 -0.0174699 0.0865016 
0.00959612 -0.0175791 -2.81553e-05 -3.40704e-06 -0.0175791 0.0867132 2.03333e-06 0.000129205 -2.81553e-05 2.03333e-06 0.00950321 -0.0175046 -3.40704e-06 0.000129205 -0.0175046 0.0866031 
0.00964591 -0.0177171 -3.75324e-05 -7.04986e-08 -0.0177171 0.0873526 7.39158e-06 0.000126234 -3.75324e-05 7.39158e-06 0.00957302 -0.0176252 -7.04986e-08 0.000126234 -0.0176252 0.087233 
0.00964883 -0.0178069 -6.58358e-05 1.71944e-05 -0.0178069 0.0878821 2.35162e-05 9.30321e-05 -6.58358e-05 2.35162e-05 0.00966686 -0.0177389 1.71944e-05 9.30321e-05 -0.0177389 0.0877922 
0.00960479 -0.0177581 -7.81618e-05 5.20114e-05 -0.0177581 0.0878787 5.99408e-05 2.05336e-05 -7.81618e-05 5.99408e-05 0.00972165 -0.0178056 5.20114e-05 2.05336e-05 -0.0178056 0.0879909 
0.00958768 -0.0176206 -5.40305e-05 5.87953e-05 -0.0176206 0.0874038 7.35728e-05 -2.48381e-05 -5.40305e-05 7.35728e-05 0.00967779 -0.0178062 5.87953e-05 -2.48381e-05 -0.0178062 0.0878532 
0.00966701 -0.017676 -1.00386e-05 2.88582e-05 -0.017676 0.0875618 4.56252e-05 3.65673e-06 -1.00386e-05 4.56252e-05 0.00965511 -0.0178481 2.88582e-05 3.65673e-06 -0.0178481 0.0881638 
0.00972376 -0.0177458 -2.92609e-06 -1.54134e-05 -0.0177458 0.0876636 -5.22768e-06 8.92774e-05 -2.92609e-06 -5.22768e-06 0.00962027 -0.0177869 -1.54134e-05 8.92774e-05 -0.0177869 0.088092 
0.00972111 -0.0178057 -4.00753e-06 -2.12609e-05 -0.0178057 0.0877603 -2.04737e-05 0.000149454 -4.00753e-06 -2.04737e-05 0.00961932 -0.0177134 -2.12609e-05 0.000149454 -0.0177134 0.0878587 
0.0096912 -0.0177853 -2.457e-05 -2.25298e-05 -0.0177853 0.0877023 -2.60211e-05 0.000178128 -2.457e-05 -2.60211e-05 0.00962791 -0.0176905 -2.25298e-05 0.000178128 -0.0176905 0.0876506 
0.00967198 -0.017746 -4.50931e-05 4.71509e-06 -0.017746 0.0875676 9.53971e-07 0.000142856 -4.50931e-05 9.53971e-07 0.00963098 -0.0176844 4.71509e-06 0.000142856 -0.0176844 0.0875142 
0.00972199 -0.0177769 -3.9579e-05 3.25637e-05 -0.0177769 0.087744 2.90786e-05 7.64871e-05 -3.9579e-05 2.90786e-05 0.00963888 -0.0177585 3.25637e-05 7.64871e-05 -0.0177585 0.0877866 
0.00957191 -0.0175003 -3.09218e-05 2.81039e-05 -0.0175003 0.086247 2.57637e-05 4.98015e-05 -3.09218e-05 2.57637e-05 0.00946359 -0.0174281 2.81039e-05 4.98015e-05 -0.0174281 0.086239 
0.00958616 -0.0175766 -6.59922e-06 1.12514e-05 -0.0175766 0.086544 9.64153e-06 8.13134e-05 -6.59922e-06 9.64153e-06 0.0094914 -0.0174545 1.12514e-05 8.13134e-05 -0.0174545 0.0864007 
0.00957388 -0.0175998 8.91679e-06 -2.38485e-05 -0.0175998 0.0867212 -2.41377e-05 0.000155134 8.91679e-06 -2.41377e-05 0.00953095 -0.0174864 -2.38485e-05 0.000155134 -0.0174864 0.0865242 
0.00954684 -0.0175683 -1.75603e-05 -4.76499e-05 -0.0175683 0.0867166 -4.68875e-05 0.000232057 -1.75603e-05 -4.68875e-05 0.00958104 -0.0175432 -4.76499e-05 0.000232057 -0.0175432 0.0866768 
0.00955192 -0.0175662 -2.5407e-05 -1.64591e-05 -0.0175662 0.0868218 -1.69676e-05 0.000219117 -2.5407e-05 -1.69676e-05 0.00962492 -0.0176471 -1.64591e-05 0.000219117 -0.0176471 0.0870451 
