0.00731886 0 -1.72864e-05 0 0 0.0102143 0 0 -1.72864e-05 0 0.00721102 0 0 0 0 0.0102143 
0.00999763 -0.0124129 -2.92731e-05 3.54141e-05 -0.0124129 0.0328737 3.54141e-05 -6.82685e-05 -2.92731e-05 3.54141e-05 0.00992978 -0.0123239 3.54141e-05 -6.82685e-05 -0.0123239 0.0327034 
0.00982339 -0.0183142 -1.25799e-05 5.00552e-05 -0.0183142 0.0674377 5.00552e-05 -0.00015836 -1.25799e-05 5.00552e-05 0.00976712 -0.0182135 5.00552e-05 -0.00015836 -0.0182135 0.0671071 
0.00929195 -0.0179003 -1.20016e-05 3.7072e-05 -0.0179003 0.0801637 3.82761e-05 -0.0001981 -1.20016e-05 3.82761e-05 0.00927829 -0.0179616 3.7072e-05 -0.0001981 -0.0179616 0.0806316 
0.00952028 -0.0177223 -1.5125e-05 2.8346e-05 -0.0177223 0.0852012 2.29448e-05 -0.000178482 -1.5125e-05 2.29448e-05 0.00951626 -0.0178998 2.8346e-05 -0.000178482 -0.0178998 0.0865677 
0.00978821 -0.0179197 -9.2942e-06 3.2688e-05 -0.0179197 0.0875918 1.95554e-05 -0.000149183 -9.2942e-06 1.95554e-05 0.00977598 -0.018054 3.2688e-05 -0.000149183 -0.018054 0.0889541 
0.0095031 -0.0173572 3.12449e-06 2.18608e-05 -0.0173572 0.0851313 7.54463e-06 -9.92971e-05 3.12449e-06 7.54463e-06 0.00949501 -0.0174366 2.18608e-05 -9.92971e-05 -0.0174366 0.0861126 
0.00970806 -0.0177453 8.20846e-07 4.35686e-06 -0.0177453 0.0872267 -5.69289e-06 -5.10607e-05 8.20846e-07 -5.69289e-06 0.00972326 -0.0178195 4.35686e-06 -5.10607e-05 -0.0178195 0.0879926 
0.0099598 -0.0181401 -3.25534e-06 -1.77552e-07 -0.0181401 0.0893375 -2.86622e-06 -2.2735e-05 -3.25534e-06 -2.86622e-06 0.00993123 -0.0182594 -1.77552e-07 -2.2735e-05 -0.0182594 0.0900961 
0.00983025 -0.0178765 9.45448e-06 5.65575e-06 -0.0178765 0.0879647 5.67593e-06 -2.77698e-05 9.45448e-06 5.67593e-06 0.00975833 -0.017949 5.65575e-06 -2.77698e-05 -0.017949 0.0886592 
0.00976635 -0.0177313 3.10947e-05 -1.02318e-05 -0.0177313 0.0871181 -6.15546e-06 -1.24144e-05 3.10947e-05 -6.15546e-06 0.00964933 -0.017727 -1.02318e-05 -1.24144e-05 -0.017727 0.0876298 
0.00971588 -0.0176672 2.54762e-05 -3.99264e-05 -0.0176672 0.0866511 -3.20211e-05 4.17417e-05 2.54762e-05 -3.20211e-05 0.00958718 -0.0175956 -3.99264e-05 4.17417e-05 -0.0175956 0.0869658 
0.00967311 -0.0176096 4.81595e-05 -3.11128e-05 -0.0176096 0.0863368 -2.22447e-05 4.84338e-05 4.81595e-05 -2.22447e-05 0.00954988 -0.0175199 -3.11128e-05 4.84338e-05 -0.0175199 0.0865376 
0.00967518 -0.0176166 5.78861e-05 -5.11157e-05 -0.0176166 0.0864042 -4.19632e-05 6.42456e-05 5.78861e-05 -4.19632e-05 0.00956037 -0.0175569 -5.11157e-05 6.42456e-05 -0.0175569 0.0866406 
0.00965348 -0.0176003 3.34752e-05 -6.46918e-05 -0.0176003 0.0863308 -5.64691e-05 0.000101471 3.34752e-05 -5.64691e-05 0.00956791 -0.0175501 -6.46918e-05 0.000101471 -0.0175501 0.0866017 
0.0100749 -0.0183786 1.13536e-05 -3.16245e-05 -0.0183786 0.0901953 -2.55615e-05 6.2088e-05 1.13536e-05 -2.55615e-05 0.00999781 -0.0183571 -3.16245e-05 6.2088e-05 -0.0183571 0.0905316 
0.00959235 -0.0175686 -3.54576e-06 -5.11663e-07 -0.0175686 0.0862467 2.41762e-06 -1.17474e-05 -3.54576e-06 2.41762e-06 0.00958107 -0.0175511 -5.11663e-07 -1.17474e-05 -0.0175511 0.0865824 
0.0095563 -0.0175479 -1.22825e-05 1.72032e-05 -0.0175479 0.0863198 1.86021e-05 -6.79596e-05 -1.22825e-05 1.86021e-05 0.00962403 -0.0176061 1.72032e-05 -6.79596e-05 -0.0176061 0.086767 
0.00994671 -0.0182111 -4.77854e-06 2.57475e-05 -0.0182111 0.0897795 2.53611e-05 -9.76971e-05 -4.77854e-06 2.53611e-05 0.0100399 -0.0183836 2.57475e-05 -9.76971e-05 -0.0183836 0.0904918 
0.00995738 -0.0182053 2.6916e-05 1.69281e-05 -0.0182053 0.0897442 1.55472e-05 -9.06583e-05 2.6916e-05 1.55472e-05 0.010047 -0.0184243 1.69281e-05 -9.06583e-05 -0.0184243 0.0906624 
0.00956054 -0.0174742 2.51424e-05 -1.67331e-05 -0.0174742 0.0860893 -2.08477e-05 -3.11382e-05 2.51424e-05 -2.08477e-05 0.00962035 -0.0176767 -1.67331e-05 -3.11382e-05 -0.0176767 0.0870261 
0.00960163 -0.017533 1.20919e-05 -1.59083e-05 -0.017533 0.0863496 -2.58865e-05 3.41088e-06 1.20919e-05 -2.58865e-05 0.00961788 -0.0177023 -1.59083e-05 3.41088e-06 -0.0177023 0.0872462 
0.00962348 -0.0175711 -4.20142e-07 -4.01476e-06 -0.0175711 0.0864849 -1.11285e-05 -4.94661e-06 -4.20142e-07 -1.11285e-05 0.00959944 -0.0176793 -4.01476e-06 -4.94661e-06 -0.0176793 0.0872542 
0.00966085 -0.0176038 5.8339e-06 5.62998e-06 -0.0176038 0.086616 8.55411e-06 -3.36431e-05 5.8339e-06 8.55411e-06 0.00957576 -0.0176572 5.62998e-06 -3.36431e-05 -0.0176572 0.0872376 
0.009702 -0.0176955 2.37647e-05 -4.85788e-06 -0.0176955 0.0869656 4.93936e-06 -3.65673e-05 2.37647e-05 4.93936e-06 0.00959618 -0.0176664 -4.85788e-06 -3.65673e-05 -0.0176664 0.0873895 
0.00970935 -0.0177304 2.24843e-05 -1.91331e-05 -0.0177304 0.0871248 -1.36192e-05 -1.53422e-05 2.24843e-05 -1.36192e-05 0.00961287 -0.0176692 -1.91331e-05 -1.53422e-05 -0.0176692 0.0874011 
0.00967574 -0.0176676 1.35245e-05 -1.37393e-05 -0.0176676 0.0868696 -1.28245e-05 -1.2557e-05 1.35245e-05 -1.28245e-05 0.00960254 -0.0176326 -1.37393e-05 -1.2557e-05 -0.0176326 0.0871516 
0.00965312 -0.0175887 5.19982e-05 1.78489e-06 -0.0175887 0.0864878 1.23243e-06 -4.23757e-05 5.19982e-05 1.23243e-06 0.00956353 -0.0175715 1.78489e-06 -4.23757e-05 -0.0175715 0.0867974 
0.00965276 -0.0175945 7.86755e-05 -4.10371e-05 -0.0175945 0.0864468 -4.10564e-05 1.65144e-06 7.86755e-05 -4.10564e-05 0.0095597 -0.0175733 -4.10371e-05 1.65144e-06 -0.0175733 0.0867856 
0.00962348 -0.0175846 6.90168e-05 -7.59945e-05 -0.0175846 0.0863729 -7.50117e-05 8.48545e-05 6.90168e-05 -7.50117e-05 0.00956935 -0.0175544 -7.59945e-05 8.48545e-05 -0.0175544 0.0867001 
0.00958466 -0.0175671 4.22202e-05 -6.77726e-05 -0.0175671 0.0863616 -6.40187e-05 0.00010659 4.22202e-05 -6.40187e-05 0.0096058 -0.0175767 -6.77726e-05 0.00010659 -0.0175767 0.0867318 
0.00956335 -0.0175214 1.29879e-05 -3.33707e-05 -0.0175214 0.0863019 -2.70416e-05 4.73509e-05 1.29879e-05 -2.70416e-05 0.00962215 -0.0176375 -3.33707e-05 4.73509e-05 -0.0176375 0.0868787 
0.00953936 -0.0174317 1.7356e-05 3.17254e-06 -0.0174317 0.0859362 1.09465e-05 -4.15195e-05 1.7356e-05 1.09465e-05 0.0095848 -0.0176112 3.17254e-06 -4.15195e-05 -0.0176112 0.0867317 
0.00997318 -0.0182064 1.85158e-05 1.89818e-06 -0.0182064 0.0896682 7.4741e-06 -8.19376e-05 1.85158e-05 7.4741e-06 0.0100066 -0.0183576 1.89818e-06 -8.19376e-05 -0.0183576 0.0905106 
0.00998766 -0.0182252 8.63837e-06 -2.73896e-06 -0.0182252 0.0896894 1.8205e-06 -7.6825e-05 8.63837e-06 1.8205e-06 0.0100031 -0.01836 -2.73896e-06 -7.6825e-05 -0.01836 0.0904919 
0.0100101 -0.0182652 7.57035e-06 1.03383e-05 -0.0182652 0.0898294 1.58856e-05 -9.58571e-05 7.57035e-06 1.58856e-05 0.0100128 -0.0183782 1.03383e-05 -9.58571e-05 -0.0183782 0.0905815 
0.0100016 -0.0182779 6.54419e-06 1.01866e-05 -0.0182779 0.0898762 1.79467e-05 -0.00010844 6.54419e-06 1.79467e-05 0.0100172 -0.0183954 1.01866e-05 -0.00010844 -0.0183954 0.0906406 
0.00959008 -0.0174962 1.79596e-05 7.47978e-06 -0.0174962 0.086096 1.04412e-05 -9.32949e-05 1.79596e-05 1.04412e-05 0.00958053 -0.0176379 7.47978e-06 -9.32949e-05 -0.0176379 0.0869 
0.00959694 -0.017478 2.33901e-05 -6.69863e-06 -0.017478 0.0859748 -1.10434e-05 -5.46867e-05 2.33901e-05 -1.10434e-05 0.00955161 -0.0175971 -6.69863e-06 -5.46867e-05 -0.0175971 0.0867898 
0.0100153 -0.0182784 1.92178e-05 -1.34996e-05 -0.0182784 0.0898013 -2.51607e-05 -1.55952e-05 1.92178e-05 -2.51607e-05 0.00996742 -0.0183241 -1.34996e-05 -1.55952e-05 -0.0183241 0.0904867 
0.00994365 -0.0182036 7.19903e-06 -1.04218e-05 -0.0182036 0.0894624 -2.40256e-05 4.01286e-06 7.19903e-06 -2.40256e-05 0.00995474 -0.0182343 -1.04218e-05 4.01286e-06 -0.0182343 0.0900223 
0.00990496 -0.0181677 2.04743e-05 2.57695e-06 -0.0181677 0.0894176 -8.21269e-06 -1.12304e-05 2.04743e-05 -8.21269e-06 0.00998368 -0.0182676 2.57695e-06 -1.12304e-05 -0.0182676 0.090034 
0.00994969 -0.0182267 3.02698e-05 -1.38738e-05 -0.0182267 0.0898311 -2.11916e-05 9.17766e-08 3.02698e-05 -2.11916e-05 0.0100403 -0.0184021 -1.38738e-05 9.17766e-08 -0.0184021 0.0905933 
0.00953465 -0.0174606 1.68549e-05 -3.10197e-05 -0.0174606 0.0860766 -3.32476e-05 3.8243e-05 1.68549e-05 -3.32476e-05 0.0096161 -0.0176564 -3.10197e-05 3.8243e-05 -0.0176564 0.0869327 
0.00955549 -0.0174825 -7.68318e-06 -2.44094e-05 -0.0174825 0.0861926 -2.58757e-05 5.51152e-05 -7.68318e-06 -2.58757e-05 0.00962244 -0.0176732 -2.44094e-05 5.51152e-05 -0.0176732 0.0870878 
0.0096276 -0.0175659 -4.34031e-05 1.01646e-05 -0.0175659 0.0865959 5.65858e-06 3.15198e-06 -4.34031e-05 5.65858e-06 0.00963296 -0.0177553 1.01646e-05 3.15198e-06 -0.0177553 0.0875198 
0.00960385 -0.0175464 -5.54011e-05 5.98076e-05 -0.0175464 0.0864041 5.1677e-05 -0.000102299 -5.54011e-05 5.1677e-05 0.00960317 -0.0176689 5.98076e-05 -0.000102299 -0.0176689 0.087247 
0.00956816 -0.0174733 -3.94782e-05 7.38401e-05 -0.0174733 0.0860411 6.49966e-05 -0.00016822 -3.94782e-05 6.49966e-05 0.00955708 -0.0175648 7.38401e-05 -0.00016822 -0.0175648 0.0867581 
0.00997201 -0.0181925 -1.66479e-05 5.54875e-05 -0.0181925 0.0895398 5.03078e-05 -0.000167318 -1.66479e-05 5.03078e-05 0.00992677 -0.0182571 5.54875e-05 -0.000167318 -0.0182571 0.0901724 
0.00999963 -0.0182591 1.3247e-06 2.26725e-05 -0.0182591 0.0898109 2.25009e-05 -0.000109276 1.3247e-06 2.25009e-05 0.00993215 -0.018292 2.26725e-05 -0.000109276 -0.018292 0.0903625 
0.00999319 -0.0182522 6.77208e-06 -4.86566e-06 -0.0182522 0.0897748 -1.19343e-06 -3.81684e-05 6.77208e-06 -1.19343e-06 0.00992062 -0.0182528 -4.86566e-06 -3.81684e-05 -0.0182528 0.0902334 
0.00999033 -0.0182605 7.93129e-06 -1.07653e-05 -0.0182605 0.0898218 -1.0949e-05 3.38175e-06 7.93129e-06 -1.0949e-05 0.00993088 -0.0182538 -1.07653e-05 3.38175e-06 -0.0182538 0.0902285 
0.00958986 -0.0175121 -1.08231e-05 -8.55575e-06 -0.0175121 0.086182 -1.92375e-05 2.44026e-05 -1.08231e-05 -1.92375e-05 0.00952623 -0.0175327 -8.55575e-06 2.44026e-05 -0.0175327 0.0866072 
0.00962377 -0.017553 -4.72177e-05 1.90595e-05 -0.017553 0.0863833 -2.14715e-06 -2.19261e-06 -4.72177e-05 -2.14715e-06 0.00953623 -0.0175844 1.90595e-05 -2.19261e-06 -0.0175844 0.0868717 
0.00962328 -0.0175835 -5.91388e-05 6.51724e-05 -0.0175835 0.086487 4.17793e-05 -8.71142e-05 -5.91388e-05 4.17793e-05 0.00955157 -0.0175831 6.51724e-05 -8.71142e-05 -0.0175831 0.0869491 
0.00958059 -0.017546 -7.56733e-05 7.75889e-05 -0.017546 0.0863525 6.05876e-05 -0.000151545 -7.56733e-05 6.05876e-05 0.00954592 -0.0175536 7.75889e-05 -0.000151545 -0.0175536 0.0867925 
0.00954492 -0.0174522 -5.99303e-05 8.83223e-05 -0.0174522 0.086001 8.32183e-05 -0.000194781 -5.99303e-05 8.32183e-05 0.00951656 -0.0175005 8.83223e-05 -0.000194781 -0.0175005 0.086492 
0.0099715 -0.0182191 -6.08306e-05 5.95028e-05 -0.0182191 0.0897603 6.93137e-05 -0.000174833 -6.08306e-05 6.93137e-05 0.00993589 -0.0182705 5.95028e-05 -0.000174833 -0.0182705 0.0902977 
0.00994566 -0.0181566 -4.74224e-05 5.38121e-05 -0.0181566 0.0894246 7.01932e-05 -0.000149604 -4.74224e-05 7.01932e-05 0.00991268 -0.0182064 5.38121e-05 -0.000149604 -0.0182064 0.0899663 
0.00992919 -0.018172 -4.28307e-05 4.1092e-05 -0.018172 0.0894247 5.45985e-05 -0.000122303 -4.28307e-05 5.45985e-05 0.0099434 -0.0182032 4.1092e-05 -0.000122303 -0.0182032 0.0899093 
0.00996658 -0.0182413 -2.63312e-05 3.63899e-05 -0.0182413 0.0898343 4.36347e-05 -9.42446e-05 -2.63312e-05 4.36347e-05 0.00999357 -0.0183393 3.63899e-05 -9.42446e-05 -0.0183393 0.0904089 
0.00954032 -0.017475 -8.34049e-06 1.5955e-05 -0.017475 0.0861254 1.94846e-05 -4.71401e-05 -8.34049e-06 1.94846e-05 0.00958785 -0.017627 1.5955e-05 -4.71401e-05 -0.017627 0.0868718 
0.00951317 -0.0174506 -2.59824e-05 1.00314e-06 -0.0174506 0.0860764 -2.51004e-06 -1.81603e-06 -2.59824e-05 -2.51004e-06 0.00960718 -0.0176359 1.00314e-06 -1.81603e-06 -0.0176359 0.0869636 
0.00950316 -0.0174081 -2.13863e-05 2.11983e-05 -0.0174081 0.0859628 1.21339e-05 -3.77472e-06 -2.13863e-05 1.21339e-05 0.00960945 -0.0176461 2.11983e-05 -3.77472e-06 -0.0176461 0.0869783 
0.00951527 -0.0173465 -4.45254e-05 1.48617e-05 -0.0173465 0.0856524 3.0244e-06 3.96911e-06 -4.45254e-05 3.0244e-06 0.00957078 -0.0175971 1.48617e-05 3.96911e-06 -0.0175971 0.0867417 
0.0095271 -0.0173896 -6.67241e-05 3.77057e-05 -0.0173896 0.0856871 2.98653e-05 -2.30503e-05 -6.67241e-05 2.98653e-05 0.00957162 -0.0175857 3.77057e-05 -2.30503e-05 -0.0175857 0.0867288 
0.00957513 -0.0174557 -8.22807e-05 6.09901e-05 -0.0174557 0.0859612 5.64637e-05 -7.52186e-05 -8.22807e-05 5.64637e-05 0.00956969 -0.0176169 6.09901e-05 -7.52186e-05 -0.0176169 0.0868854 
0.00965809 -0.0175698 -9.23292e-05 8.17205e-05 -0.0175698 0.0864389 7.40583e-05 -0.000125487 -9.23292e-05 7.40583e-05 0.00957623 -0.0176679 8.17205e-05 -0.000125487 -0.0176679 0.0872202 
0.00970069 -0.0176249 -7.74059e-05 8.99873e-05 -0.0176249 0.0865777 8.15457e-05 -0.000151185 -7.74059e-05 8.15457e-05 0.00955931 -0.0176229 8.99873e-05 -0.000151185 -0.0176229 0.0871338 
0.00969518 -0.0176858 -5.4354e-05 6.45031e-05 -0.0176858 0.0867566 5.8274e-05 -0.000113761 -5.4354e-05 5.8274e-05 0.00956474 -0.0176029 6.45031e-05 -0.000113761 -0.0176029 0.08708 
0.00966029 -0.017658 -4.16482e-05 3.32422e-05 -0.017658 0.0867046 2.90669e-05 -4.13612e-05 -4.16482e-05 2.90669e-05 0.00957077 -0.0175746 3.32422e-05 -4.13612e-05 -0.0175746 0.086912 
0.00961963 -0.0175753 -6.39681e-05 1.73994e-05 -0.0175753 0.0864212 1.21898e-05 1.91037e-05 -6.39681e-05 1.21898e-05 0.00956177 -0.0175554 1.73994e-05 1.91037e-05 -0.0175554 0.0867094 
0.00959917 -0.0175273 -0.000101401 4.40062e-05 -0.0175273 0.0862246 3.70945e-05 2.9461e-06 -0.000101401 3.70945e-05 0.00956146 -0.0175539 4.40062e-05 2.9461e-06 -0.0175539 0.0866412 
0.00957202 -0.0175064 -0.000119536 8.91205e-05 -0.0175064 0.0861174 8.41754e-05 -8.36312e-05 -0.000119536 8.41754e-05 0.00956609 -0.0175552 8.91205e-05 -8.36312e-05 -0.0175552 0.086616 
0.00955316 -0.0175026 -0.000105095 0.000113502 -0.0175026 0.0861736 0.000108143 -0.000164165 -0.000105095 0.000108143 0.00959979 -0.0176011 0.000113502 -0.000164165 -0.0176011 0.0867938 
0.00953683 -0.0174353 -8.6356e-05 9.79887e-05 -0.0174353 0.0859571 9.08838e-05 -0.000167839 -8.6356e-05 9.08838e-05 0.00959449 -0.0176108 9.79887e-05 -0.000167839 -0.0176108 0.0867655 
0.00957703 -0.0174277 -9.38902e-05 7.35356e-05 -0.0174277 0.0859035 6.57162e-05 -0.000120792 -9.38902e-05 6.57162e-05 0.0095758 -0.0176328 7.35356e-05 -0.000120792 -0.0176328 0.0868627 
0.0096018 -0.0174839 -9.22313e-05 8.20373e-05 -0.0174839 0.0859891 7.06173e-05 -0.000105398 -9.22313e-05 7.06173e-05 0.00955653 -0.0176112 8.20373e-05 -0.000105398 -0.0176112 0.0868776 
0.00960528 -0.0175124 -9.06346e-05 7.76287e-05 -0.0175124 0.0860604 6.82478e-05 -9.8619e-05 -9.06346e-05 6.82478e-05 0.00953794 -0.0175739 7.76287e-05 -9.8619e-05 -0.0175739 0.0867825 
0.0100203 -0.0182828 -7.82837e-05 7.46049e-05 -0.0182828 0.0898676 7.3298e-05 -9.45078e-05 -7.82837e-05 7.3298e-05 0.00994701 -0.0183231 7.46049e-05 -9.45078e-05 -0.0183231 0.0905147 
0.0100008 -0.0182503 -6.11035e-05 5.04325e-05 -0.0182503 0.0897294 5.66064e-05 -5.83583e-05 -6.11035e-05 5.66064e-05 0.0099252 -0.0182742 5.04325e-05 -5.83583e-05 -0.0182742 0.0902982 
0.0100304 -0.0182658 -5.77567e-05 2.78649e-05 -0.0182658 0.0898135 3.85349e-05 -9.06305e-06 -5.77567e-05 3.85349e-05 0.00991763 -0.0182787 2.78649e-05 -9.06305e-06 -0.0182787 0.0903248 
0.0100421 -0.0183302 -9.00864e-05 2.69875e-05 -0.0183302 0.0900412 3.79078e-05 7.67742e-06 -9.00864e-05 3.79078e-05 0.00992947 -0.0182895 2.69875e-05 7.67742e-06 -0.0182895 0.0904391 
0.00960646 -0.0175895 -0.000105827 6.80631e-05 -0.0175895 0.0864403 7.78063e-05 -5.92572e-05 -0.000105827 7.78063e-05 0.00954637 -0.0175319 6.80631e-05 -5.92572e-05 -0.0175319 0.0867125 
0.0095902 -0.0175367 -9.17808e-05 0.000102236 -0.0175367 0.0863302 0.000110232 -0.000159313 -9.17808e-05 0.000110232 0.00954891 -0.0175454 0.000102236 -0.000159313 -0.0175454 0.0866721 
0.00958811 -0.0174847 -9.28154e-05 8.65631e-05 -0.0174847 0.086106 9.33554e-05 -0.000176623 -9.28154e-05 9.33554e-05 0.00951756 -0.0175329 8.65631e-05 -0.000176623 -0.0175329 0.0865775 
0.0100012 -0.0182827 -8.25038e-05 8.64266e-05 -0.0182827 0.0899416 9.23484e-05 -0.000170058 -8.25038e-05 9.23484e-05 0.00995175 -0.0182949 8.64266e-05 -0.000170058 -0.0182949 0.0904295 
0.00994654 -0.0181885 -7.9605e-05 6.35735e-05 -0.0181885 0.0895261 6.74414e-05 -0.000119648 -7.9605e-05 6.74414e-05 0.00992719 -0.0182132 6.35735e-05 -0.000119648 -0.0182132 0.0899919 
0.00994542 -0.0182238 -7.24688e-05 6.04072e-05 -0.0182238 0.0897554 6.30573e-05 -8.83952e-05 -7.24688e-05 6.30573e-05 0.00999511 -0.0183091 6.04072e-05 -8.83952e-05 -0.0183091 0.0903413 
0.0099471 -0.0182062 -5.91898e-05 5.81017e-05 -0.0182062 0.0897659 5.60902e-05 -7.65205e-05 -5.91898e-05 5.60902e-05 0.0100235 -0.0183717 5.81017e-05 -7.65205e-05 -0.0183717 0.0905292 
0.0099725 -0.0182037 -5.63617e-05 4.88177e-05 -0.0182037 0.0897701 4.26798e-05 -6.23161e-05 -5.63617e-05 4.26798e-05 0.0100172 -0.0184221 4.88177e-05 -6.23161e-05 -0.0184221 0.0907228 
0.0099938 -0.0181709 -5.59492e-05 4.28921e-05 -0.0181709 0.0895034 3.74934e-05 -4.36184e-05 -5.59492e-05 3.74934e-05 0.00996048 -0.0183456 4.28921e-05 -4.36184e-05 -0.0183456 0.0904546 
0.0100578 -0.018271 -8.41167e-05 3.77474e-05 -0.018271 0.0897874 3.29307e-05 -2.50807e-05 -8.41167e-05 3.29307e-05 0.00993133 -0.0183457 3.77474e-05 -2.50807e-05 -0.0183457 0.090563 
0.00963952 -0.0175649 -9.41178e-05 6.39528e-05 -0.0175649 0.0861816 6.06918e-05 -5.54741e-05 -9.41178e-05 6.06918e-05 0.00949528 -0.0175189 6.39528e-05 -5.54741e-05 -0.0175189 0.0866506 
0.0096431 -0.017595 -8.40675e-05 7.94837e-05 -0.017595 0.0863529 7.71647e-05 -9.72532e-05 -8.40675e-05 7.71647e-05 0.00950661 -0.0174913 7.94837e-05 -9.72532e-05 -0.0174913 0.0865745 
0.00961039 -0.017586 -8.56223e-05 6.34143e-05 -0.017586 0.0863676 6.79871e-05 -9.23274e-05 -8.56223e-05 6.79871e-05 0.00951531 -0.0174904 6.34143e-05 -9.23274e-05 -0.0174904 0.0865089 
0.00958801 -0.0175918 -0.000116679 5.61995e-05 -0.0175918 0.0865384 6.79656e-05 -7.00219e-05 -0.000116679 6.79656e-05 0.00954822 -0.017553 5.61995e-05 -7.00219e-05 -0.017553 0.0867571 
0.00956911 -0.0175808 -0.000131905 9.70221e-05 -0.0175808 0.0866634 0.00010657 -0.000123337 -0.000131905 0.00010657 0.00959862 -0.0176178 9.70221e-05 -0.000123337 -0.0176178 0.0870526 
0.00956295 -0.0174969 -0.000117255 0.000129665 -0.0174969 0.0864256 0.000125731 -0.000204372 -0.000117255 0.000125731 0.00960403 -0.0176478 0.000129665 -0.000204372 -0.0176478 0.087099 
0.00952969 -0.0173971 -0.000106615 0.000120227 -0.0173971 0.0858813 0.000105377 -0.000217643 -0.000106615 0.000105377 0.00957048 -0.0175808 0.000120227 -0.000217643 -0.0175808 0.0867527 
0.00954387 -0.0173813 -9.37447e-05 0.000108043 -0.0173813 0.0856913 9.69041e-05 -0.000202093 -9.37447e-05 9.69041e-05 0.0095329 -0.0175527 0.000108043 -0.000202093 -0.0175527 0.0865974 
0.00999864 -0.0182233 -8.89727e-05 9.2527e-05 -0.0182233 0.0896825 8.77257e-05 -0.000175844 -8.89727e-05 8.77257e-05 0.00994381 -0.0183293 9.2527e-05 -0.000175844 -0.0183293 0.0905163 
0.0100166 -0.0182324 -8.51699e-05 7.49465e-05 -0.0182324 0.0896748 7.71118e-05 -0.000135667 -8.51699e-05 7.71118e-05 0.00991285 -0.0182799 7.49465e-05 -0.000135667 -0.0182799 0.0903515 
0.0100168 -0.0182314 -6.88104e-05 6.60566e-05 -0.0182314 0.0895723 7.21111e-05 -0.000106891 -6.88104e-05 7.21111e-05 0.00986871 -0.0182059 6.60566e-05 -0.000106891 -0.0182059 0.0900532 
0.010004 -0.0182788 -7.7911e-05 4.334e-05 -0.0182788 0.0897385 5.37961e-05 -6.52296e-05 -7.7911e-05 5.37961e-05 0.00987232 -0.0181876 4.334e-05 -6.52296e-05 -0.0181876 0.0900226 
0.0099438 -0.0182186 -7.76579e-05 5.27683e-05 -0.0182186 0.0895675 6.43506e-05 -5.9307e-05 -7.76579e-05 6.43506e-05 0.00987415 -0.0181487 5.27683e-05 -5.9307e-05 -0.0181487 0.0898004 
0.00991273 -0.0181357 -8.39347e-05 6.45489e-05 -0.0181357 0.0893316 7.14077e-05 -8.95329e-05 -8.39347e-05 7.14077e-05 0.00987419 -0.0181502 6.45489e-05 -8.95329e-05 -0.0181502 0.0896969 
0.00989479 -0.0180838 -7.11121e-05 7.92228e-05 -0.0180838 0.0891016 7.97438e-05 -0.000124277 -7.11121e-05 7.97438e-05 0.00986914 -0.018143 7.92228e-05 -0.000124277 -0.018143 0.0896132 
0.00987695 -0.0180677 -5.11454e-05 6.58157e-05 -0.0180677 0.0889853 6.63881e-05 -0.000124152 -5.11454e-05 6.63881e-05 0.00985438 -0.0181286 6.58157e-05 -0.000124152 -0.0181286 0.0895365 
0.00987016 -0.0180936 -1.57544e-05 3.77811e-05 -0.0180936 0.0891263 4.22397e-05 -7.7517e-05 -1.57544e-05 4.22397e-05 0.00986814 -0.0181486 3.77811e-05 -7.7517e-05 -0.0181486 0.0896637 
0.00984515 -0.0180571 -1.38208e-05 -6.63899e-06 -0.0180571 0.089055 -1.3774e-06 1.26997e-05 -1.38208e-05 -1.3774e-06 0.00987059 -0.0181488 -6.63899e-06 1.26997e-05 -0.0181488 0.0896531 
0.00980383 -0.0179643 -2.31451e-05 -1.00542e-05 -0.0179643 0.0886858 -1.02841e-05 6.86594e-05 -2.31451e-05 -1.02841e-05 0.00983703 -0.0181041 -1.00542e-05 6.86594e-05 -0.0181041 0.0894042 
0.00976625 -0.0178891 -3.79702e-05 9.45567e-06 -0.0178891 0.0883149 4.48367e-06 4.97347e-05 -3.79702e-05 4.48367e-06 0.00980753 -0.0180309 9.45567e-06 4.97347e-05 -0.0180309 0.0890803 
0.00974916 -0.0178428 -4.39443e-05 3.075e-05 -0.0178428 0.0880906 2.68911e-05 -2.0549e-06 -4.39443e-05 2.68911e-05 0.0097791 -0.0180037 3.075e-05 -2.0549e-06 -0.0180037 0.0889078 
0.00975694 -0.0178238 -4.20429e-05 3.45101e-05 -0.0178238 0.0879622 3.47686e-05 -3.12225e-05 -4.20429e-05 3.47686e-05 0.00974148 -0.0179681 3.45101e-05 -3.12225e-05 -0.0179681 0.0887723 
0.00980195 -0.0178702 -5.34423e-05 2.9498e-05 -0.0178702 0.0880944 3.55851e-05 -3.64749e-05 -5.34423e-05 3.55851e-05 0.00971209 -0.0179531 2.9498e-05 -3.64749e-05 -0.0179531 0.0887929 
0.00984492 -0.017999 -5.29894e-05 4.09414e-05 -0.017999 0.0885727 4.72711e-05 -5.1372e-05 -5.29894e-05 4.72711e-05 0.00973658 -0.0179598 4.09414e-05 -5.1372e-05 -0.0179598 0.0889894 
0.00982872 -0.0179551 -3.29903e-05 4.65063e-05 -0.0179551 0.0883912 4.87815e-05 -7.33126e-05 -3.29903e-05 4.87815e-05 0.00970692 -0.0178847 4.65063e-05 -7.33126e-05 -0.0178847 0.0886129 
0.00980664 -0.0179571 -3.48343e-05 2.27624e-05 -0.0179571 0.0883651 2.16164e-05 -3.90619e-05 -3.48343e-05 2.16164e-05 0.00970428 -0.017861 2.27624e-05 -3.90619e-05 -0.017861 0.0884716 
0.00979112 -0.0179341 -4.79976e-05 3.24707e-05 -0.0179341 0.0883434 3.19945e-05 -4.49372e-05 -4.79976e-05 3.19945e-05 0.00969761 -0.0178784 3.24707e-05 -4.49372e-05 -0.0178784 0.0884891 
0.0097888 -0.0179397 -4.74456e-05 4.707e-05 -0.0179397 0.0884088 5.10949e-05 -8.1208e-05 -4.74456e-05 5.10949e-05 0.00969996 -0.0178832 4.707e-05 -8.1208e-05 -0.0178832 0.0885643 
0.00977584 -0.0179152 -4.67728e-05 4.47239e-05 -0.0179152 0.0883406 5.06926e-05 -9.62863e-05 -4.67728e-05 5.06926e-05 0.00969727 -0.0178701 4.47239e-05 -9.62863e-05 -0.0178701 0.0885197 
0.00979689 -0.0179268 -4.06578e-05 3.84368e-05 -0.0179268 0.0884335 4.41044e-05 -8.36718e-05 -4.06578e-05 4.41044e-05 0.0097115 -0.0179031 3.84368e-05 -8.36718e-05 -0.0179031 0.0886637 
0.00984849 -0.018014 -2.86312e-05 3.56895e-05 -0.018014 0.0888187 3.94976e-05 -7.50367e-05 -2.86312e-05 3.94976e-05 0.00975079 -0.0179792 3.56895e-05 -7.50367e-05 -0.0179792 0.089054 
0.00984874 -0.0180178 -1.59295e-05 2.03765e-05 -0.0180178 0.0888033 2.47337e-05 -4.76592e-05 -1.59295e-05 2.47337e-05 0.00975056 -0.0179677 2.03765e-05 -4.76592e-05 -0.0179677 0.0890148 
0.00985295 -0.0180431 2.66467e-06 8.49448e-06 -0.0180431 0.0889293 1.55581e-05 -2.48718e-05 2.66467e-06 1.55581e-05 0.00977879 -0.0180003 8.49448e-06 -2.48718e-05 -0.0180003 0.0891488 
0.00984346 -0.0180493 -8.15626e-06 -1.22536e-05 -0.0180493 0.0890137 -4.40549e-06 1.12523e-05 -8.15626e-06 -4.40549e-06 0.00980787 -0.0180493 -1.22536e-05 1.12523e-05 -0.0180493 0.0893223 
0.00980676 -0.0179541 -3.74779e-05 -2.48584e-07 -0.0179541 0.088624 6.41833e-06 1.21935e-05 -3.74779e-05 6.41833e-06 0.00979389 -0.018005 -2.48584e-07 1.21935e-05 -0.018005 0.089056 
0.00975696 -0.0178743 -6.02469e-05 3.67003e-05 -0.0178743 0.0881965 4.30311e-05 -5.30745e-05 -6.02469e-05 4.30311e-05 0.00979146 -0.0179468 3.67003e-05 -5.30745e-05 -0.0179468 0.08871 
0.00969693 -0.0178133 -6.78747e-05 7.14374e-05 -0.0178133 0.0879005 7.50665e-05 -0.000144384 -6.78747e-05 7.50665e-05 0.00980229 -0.0179356 7.14374e-05 -0.000144384 -0.0179356 0.0885097 
0.00968739 -0.0177693 -7.16893e-05 8.07028e-05 -0.0177693 0.0878045 7.46859e-05 -0.000181924 -7.16893e-05 7.46859e-05 0.00979454 -0.0179956 8.07028e-05 -0.000181924 -0.0179956 0.0886439 
0.0096981 -0.0177526 -6.3379e-05 9.2541e-05 -0.0177526 0.0877354 7.63742e-05 -0.000206345 -6.3379e-05 7.63742e-05 0.00976456 -0.0180066 9.2541e-05 -0.000206345 -0.0180066 0.0887561 
0.00975321 -0.0178002 -4.76592e-05 8.05248e-05 -0.0178002 0.0878923 6.186e-05 -0.000189802 -4.76592e-05 6.186e-05 0.00972101 -0.0179935 8.05248e-05 -0.000189802 -0.0179935 0.088869 
0.00976939 -0.017842 -4.02601e-05 5.5922e-05 -0.017842 0.0879174 4.27142e-05 -0.000141661 -4.02601e-05 4.27142e-05 0.00968461 -0.0178801 5.5922e-05 -0.000141661 -0.0178801 0.0885739 
0.00977597 -0.0178656 -2.54852e-05 3.86837e-05 -0.0178656 0.0879558 3.36306e-05 -9.37768e-05 -2.54852e-05 3.36306e-05 0.00965638 -0.0178095 3.86837e-05 -9.37768e-05 -0.0178095 0.0882738 
0.00981382 -0.0179412 -3.63883e-05 1.19209e-05 -0.0179412 0.0882945 1.75102e-05 -3.84217e-05 -3.63883e-05 1.75102e-05 0.00965578 -0.0178282 1.19209e-05 -3.84217e-05 -0.0178282 0.088374 
0.00982328 -0.0179457 -2.90668e-05 1.75563e-05 -0.0179457 0.0883178 2.6716e-05 -1.66964e-05 -2.90668e-05 2.6716e-05 0.00963597 -0.0177972 1.75563e-05 -1.66964e-05 -0.0177972 0.0882663 
0.0098033 -0.017928 -1.95805e-05 1.05484e-05 -0.017928 0.0882173 1.68027e-05 5.93838e-07 -1.95805e-05 1.68027e-05 0.00962913 -0.0177629 1.05484e-05 5.93838e-07 -0.0177629 0.0881133 
0.00979152 -0.0178555 -2.19611e-05 3.2946e-06 -0.0178555 0.087911 7.04808e-06 1.89684e-05 -2.19611e-05 7.04808e-06 0.0095884 -0.0177206 3.2946e-06 1.89684e-05 -0.0177206 0.0878499 
0.00978465 -0.0178634 -2.79364e-05 1.24955e-05 -0.0178634 0.0878366 1.43532e-05 7.00135e-06 -2.79364e-05 1.43532e-05 0.00957042 -0.0176797 1.24955e-05 7.00135e-06 -0.0176797 0.087715 
0.00980569 -0.0178954 -1.99878e-05 2.62474e-05 -0.0178954 0.087989 2.39888e-05 -2.54321e-05 -1.99878e-05 2.39888e-05 0.00955693 -0.017696 2.62474e-05 -2.54321e-05 -0.017696 0.0878041 
0.00979808 -0.0179237 -1.78335e-05 2.00724e-05 -0.0179237 0.0880985 1.10652e-05 -2.52363e-05 -1.78335e-05 1.10652e-05 0.00957023 -0.017671 2.00724e-05 -2.52363e-05 -0.017671 0.0877915 
0.00974781 -0.0178873 -1.71373e-05 1.98825e-05 -0.0178873 0.0879948 1.033e-05 -2.53491e-05 -1.71373e-05 1.033e-05 0.00959105 -0.0176499 1.98825e-05 -2.53491e-05 -0.0176499 0.0876393 
0.00967186 -0.0177834 -2.71871e-05 1.58047e-05 -0.0177834 0.0876606 1.77457e-05 -3.22294e-05 -2.71871e-05 1.77457e-05 0.00959919 -0.0176503 1.58047e-05 -3.22294e-05 -0.0176503 0.0874767 
0.00963601 -0.0177165 -1.94823e-05 2.01546e-05 -0.0177165 0.0874964 3.46407e-05 -4.83457e-05 -1.94823e-05 3.46407e-05 0.00961138 -0.0176906 2.01546e-05 -4.83457e-05 -0.0176906 0.0875686 
0.00960719 -0.0176614 -2.97899e-05 1.32078e-05 -0.0176614 0.0873087 3.45175e-05 -5.99856e-05 -2.97899e-05 3.45175e-05 0.00962659 -0.0176962 1.32078e-05 -5.99856e-05 -0.0176962 0.0875846 
0.00962038 -0.0176649 -3.63164e-05 2.85056e-05 -0.0176649 0.0873794 4.74144e-05 -8.67464e-05 -3.63164e-05 4.74144e-05 0.00964498 -0.0177612 2.85056e-05 -8.67464e-05 -0.0177612 0.0878351 
0.00965616 -0.0177161 -2.10193e-06 3.81313e-05 -0.0177161 0.0876186 5.059e-05 -0.000109381 -2.10193e-06 5.059e-05 0.00966898 -0.0178184 3.81313e-05 -0.000109381 -0.0178184 0.088155 
0.0096556 -0.0176852 2.24454e-05 -4.07118e-07 -0.0176852 0.0874323 5.48395e-06 -5.33989e-05 2.24454e-05 5.48395e-06 0.00964067 -0.0177688 -4.07118e-07 -5.33989e-05 -0.0177688 0.0879572 
0.00963449 -0.0176252 2.04779e-05 -3.05417e-05 -0.0176252 0.0870626 -3.16733e-05 3.4777e-05 2.04779e-05 -3.16733e-05 0.00958937 -0.0176812 -3.05417e-05 3.4777e-05 -0.0176812 0.0875419 
