0.00693822 0 -1.32437e-05 0 0 0.00993566 0 0 -1.32437e-05 0 0.00718173 0 0 0 0 0.00993566 
0.00984053 -0.0122174 -4.77952e-05 5.60749e-05 -0.0122174 0.0325224 5.60749e-05 -0.000107169 -4.77952e-05 5.60749e-05 0.0101198 -0.0125596 5.60749e-05 -0.000107169 -0.0125596 0.0331791 
0.00992952 -0.0185487 -3.50541e-05 6.92462e-05 -0.0185487 0.0684243 6.92462e-05 -0.000210296 -3.50541e-05 6.92462e-05 0.0101336 -0.0188768 6.92462e-05 -0.000210296 -0.0188768 0.0694452 
0.00917106 -0.0178065 -3.39722e-05 8.86338e-05 -0.0178065 0.0800275 9.49616e-05 -0.000439301 -3.39722e-05 9.49616e-05 0.00927397 -0.0178982 8.86338e-05 -0.000439301 -0.0178982 0.0801132 
0.00912857 -0.0171916 -2.67535e-05 0.000101985 -0.0171916 0.0832603 0.000112386 -0.000667138 -2.67535e-05 0.000112386 0.00921796 -0.0171684 0.000101985 -0.000667138 -0.0171684 0.082629 
0.00940677 -0.0173754 -1.58984e-05 7.78757e-05 -0.0173754 0.0857042 7.83548e-05 -0.000603486 -1.58984e-05 7.83548e-05 0.009494 -0.0173834 7.78757e-05 -0.000603486 -0.0173834 0.0850534 
0.00964964 -0.0176976 -1.92191e-06 4.58738e-05 -0.0176976 0.0874563 3.73533e-05 -0.00041697 -1.92191e-06 3.73533e-05 0.00967966 -0.0177285 4.58738e-05 -0.00041697 -0.0177285 0.0870087 
0.00960674 -0.0176369 -5.3976e-06 2.22968e-05 -0.0176369 0.0870705 1.37878e-05 -0.000262564 -5.3976e-06 1.37878e-05 0.00964998 -0.0176033 2.22968e-05 -0.000262564 -0.0176033 0.0866691 
0.00960853 -0.0176428 -7.29009e-07 2.55266e-05 -0.0176428 0.0871159 2.28689e-05 -0.000207026 -7.29009e-07 2.28689e-05 0.00967791 -0.0176093 2.55266e-05 -0.000207026 -0.0176093 0.0867053 
0.00967627 -0.0177636 -1.952e-06 2.11391e-05 -0.0177636 0.0876962 2.42148e-05 -0.000195573 -1.952e-06 2.42148e-05 0.00974789 -0.0177473 2.11391e-05 -0.000195573 -0.0177473 0.0872927 
0.00961646 -0.0176618 1.1498e-05 2.25682e-05 -0.0176618 0.0871585 3.27503e-05 -0.000203858 1.1498e-05 3.27503e-05 0.00968533 -0.0176473 2.25682e-05 -0.000203858 -0.0176473 0.0867609 
0.00956349 -0.0176245 -8.4776e-06 1.02572e-05 -0.0176245 0.086955 2.35186e-05 -0.000202911 -8.4776e-06 2.35186e-05 0.00967693 -0.0176007 1.02572e-05 -0.000202911 -0.0176007 0.0865296 
0.0095059 -0.0175288 -2.17897e-05 3.3478e-05 -0.0175288 0.0865959 4.38571e-05 -0.000228175 -2.17897e-05 4.38571e-05 0.0096528 -0.0175549 3.3478e-05 -0.000228175 -0.0175549 0.0862263 
0.00967738 -0.0178212 -1.38537e-05 5.55821e-05 -0.0178212 0.0881185 5.60782e-05 -0.000272996 -1.38537e-05 5.60782e-05 0.00984797 -0.0179033 5.55821e-05 -0.000272996 -0.0179033 0.0878779 
0.00969672 -0.0178208 -2.17654e-06 5.27006e-05 -0.0178208 0.0881131 4.14017e-05 -0.000279539 -2.17654e-06 4.14017e-05 0.00985548 -0.0179508 5.27006e-05 -0.000279539 -0.0179508 0.0880372 
0.00950663 -0.0174882 -1.75504e-05 4.18273e-05 -0.0174882 0.0864117 2.79416e-05 -0.000256939 -1.75504e-05 2.79416e-05 0.00966356 -0.0176259 4.18273e-05 -0.000256939 -0.0176259 0.0864526 
0.00955503 -0.0175852 -3.72055e-05 5.95568e-05 -0.0175852 0.0868933 5.07681e-05 -0.000280869 -3.72055e-05 5.07681e-05 0.00971332 -0.0177184 5.95568e-05 -0.000280869 -0.0177184 0.0869625 
0.00960133 -0.017629 -3.82118e-05 7.97797e-05 -0.017629 0.0871209 7.55867e-05 -0.000329309 -3.82118e-05 7.55867e-05 0.00971213 -0.0177557 7.97797e-05 -0.000329309 -0.0177557 0.0871815 
0.00958876 -0.0175995 -2.97257e-05 8.22432e-05 -0.0175995 0.086894 8.00694e-05 -0.000357316 -2.97257e-05 8.00694e-05 0.00967943 -0.0176673 8.22432e-05 -0.000357316 -0.0176673 0.0868593 
0.00954992 -0.0175887 -1.53478e-05 6.37585e-05 -0.0175887 0.0867722 6.31411e-05 -0.000330709 -1.53478e-05 6.31411e-05 0.00968825 -0.0176123 6.37585e-05 -0.000330709 -0.0176123 0.0865952 
0.00951403 -0.0175637 -1.26932e-05 4.39468e-05 -0.0175637 0.0867402 4.68328e-05 -0.00028699 -1.26932e-05 4.68328e-05 0.00972045 -0.017635 4.39468e-05 -0.00028699 -0.017635 0.0865633 
0.00951671 -0.0175383 -2.34277e-05 3.36616e-05 -0.0175383 0.0867456 3.8603e-05 -0.000246243 -2.34277e-05 3.8603e-05 0.00974281 -0.0177031 3.36616e-05 -0.000246243 -0.0177031 0.0867444 
0.00953161 -0.0175542 -3.8353e-05 4.40525e-05 -0.0175542 0.0868038 5.12019e-05 -0.000245448 -3.8353e-05 5.12019e-05 0.00974775 -0.0177336 4.40525e-05 -0.000245448 -0.0177336 0.0868917 
0.00954172 -0.0175388 -3.37968e-05 6.44967e-05 -0.0175388 0.0866924 6.90622e-05 -0.000279692 -3.37968e-05 6.90622e-05 0.0096966 -0.0176962 6.44967e-05 -0.000279692 -0.0176962 0.0867537 
0.00952646 -0.0175534 -2.85901e-05 6.62073e-05 -0.0175534 0.0866723 6.4684e-05 -0.000299207 -2.85901e-05 6.4684e-05 0.00966945 -0.0176313 6.62073e-05 -0.000299207 -0.0176313 0.0865848 
0.00949602 -0.0174947 -4.27416e-05 6.29597e-05 -0.0174947 0.0864463 6.14522e-05 -0.000302384 -4.27416e-05 6.14522e-05 0.00962827 -0.017563 6.29597e-05 -0.000302384 -0.017563 0.0862766 
0.00948835 -0.0174761 -6.01981e-05 8.27231e-05 -0.0174761 0.0863896 8.43509e-05 -0.000340211 -6.01981e-05 8.43509e-05 0.00962645 -0.0175482 8.27231e-05 -0.000340211 -0.0175482 0.0862244 
0.00950343 -0.0174705 -4.17691e-05 9.69296e-05 -0.0174705 0.0863727 0.000104439 -0.000379707 -4.17691e-05 0.000104439 0.00961108 -0.0175504 9.69296e-05 -0.000379707 -0.0175504 0.086225 
0.00971061 -0.0178503 -1.8676e-05 7.63154e-05 -0.0178503 0.0881807 8.50336e-05 -0.000371903 -1.8676e-05 8.50336e-05 0.00980262 -0.0178934 7.63154e-05 -0.000371903 -0.0178934 0.087979 
0.00968547 -0.017834 -1.74945e-05 4.51161e-05 -0.017834 0.0880762 4.98662e-05 -0.000300657 -1.74945e-05 4.98662e-05 0.00981379 -0.0178628 4.51161e-05 -0.000300657 -0.0178628 0.087834 
0.00965718 -0.0177616 -1.66173e-05 4.31131e-05 -0.0177616 0.0877585 4.45833e-05 -0.000259495 -1.66173e-05 4.45833e-05 0.00977984 -0.0178231 4.31131e-05 -0.000259495 -0.0178231 0.0875414 
0.00970986 -0.0178 -1.32648e-05 4.02205e-05 -0.0178 0.0879448 3.81028e-05 -0.000235501 -1.32648e-05 3.81028e-05 0.00976566 -0.017885 4.02205e-05 -0.000235501 -0.017885 0.0878218 
0.00977533 -0.0179253 -1.13578e-05 4.04705e-05 -0.0179253 0.08842 3.55945e-05 -0.000228206 -1.13578e-05 3.55945e-05 0.00976103 -0.0179203 4.04705e-05 -0.000228206 -0.0179203 0.0881862 
0.00955985 -0.0175641 -2.86916e-05 3.7795e-05 -0.0175641 0.0865877 3.49065e-05 -0.000221199 -2.86916e-05 3.49065e-05 0.00955578 -0.017473 3.7795e-05 -0.000221199 -0.017473 0.0861622 
0.0095495 -0.0175502 -4.07811e-05 5.77488e-05 -0.0175502 0.0865678 5.76012e-05 -0.000254122 -4.07811e-05 5.76012e-05 0.0095689 -0.0174644 5.77488e-05 -0.000254122 -0.0174644 0.086055 
0.00955068 -0.0175828 -5.25421e-05 7.53712e-05 -0.0175828 0.0867471 7.60208e-05 -0.000304962 -5.25421e-05 7.60208e-05 0.00961241 -0.0175183 7.53712e-05 -0.000304962 -0.0175183 0.0862414 
0.00952187 -0.0175583 -5.48199e-05 8.90338e-05 -0.0175583 0.0866915 8.88619e-05 -0.000345113 -5.48199e-05 8.88619e-05 0.00963483 -0.0175364 8.90338e-05 -0.000345113 -0.0175364 0.0862491 
0.00952697 -0.0175644 -3.90691e-05 9.24698e-05 -0.0175644 0.0868162 9.46727e-05 -0.000371395 -3.90691e-05 9.46727e-05 0.0096796 -0.0176077 9.24698e-05 -0.000371395 -0.0176077 0.0865042 
0.00954305 -0.0175699 -3.51606e-05 8.17063e-05 -0.0175699 0.0868987 8.10091e-05 -0.000371023 -3.51606e-05 8.10091e-05 0.00970856 -0.0176785 8.17063e-05 -0.000371023 -0.0176785 0.0867645 
0.00956286 -0.0175405 -1.35645e-05 7.65463e-05 -0.0175405 0.0867202 7.04012e-05 -0.000348477 -1.35645e-05 7.04012e-05 0.00967152 -0.0176579 7.65463e-05 -0.000348477 -0.0176579 0.0866651 
0.00953987 -0.0175533 6.5883e-06 4.2991e-05 -0.0175533 0.0866096 3.78995e-05 -0.000282661 6.5883e-06 3.78995e-05 0.00966849 -0.0175844 4.2991e-05 -0.000282661 -0.0175844 0.0864228 
0.00951016 -0.0175655 -1.17331e-05 1.22247e-05 -0.0175655 0.086722 1.0731e-05 -0.000201672 -1.17331e-05 1.0731e-05 0.00971366 -0.0176252 1.22247e-05 -0.000201672 -0.0176252 0.0865117 
0.00949218 -0.0175768 -3.46757e-05 2.97718e-05 -0.0175768 0.0869544 3.45917e-05 -0.000198699 -3.46757e-05 3.45917e-05 0.00978224 -0.0177392 2.97718e-05 -0.000198699 -0.0177392 0.0869239 
0.00946115 -0.017506 -4.12898e-05 5.59236e-05 -0.017506 0.0867886 6.35755e-05 -0.000247301 -4.12898e-05 6.35755e-05 0.00982276 -0.0177854 5.59236e-05 -0.000247301 -0.0177854 0.0870473 
0.00947272 -0.0173979 -3.239e-05 6.02367e-05 -0.0173979 0.0863202 6.86675e-05 -0.000273951 -3.239e-05 6.86675e-05 0.00974875 -0.0177681 6.02367e-05 -0.000273951 -0.0177681 0.086852 
0.00951761 -0.0174589 -2.27206e-05 4.98992e-05 -0.0174589 0.086364 5.72355e-05 -0.000262394 -2.27206e-05 5.72355e-05 0.00969631 -0.0177221 4.98992e-05 -0.000262394 -0.0177221 0.0868351 
0.00955056 -0.0175561 -1.50142e-05 4.07386e-05 -0.0175561 0.0866874 4.90784e-05 -0.000246095 -1.50142e-05 4.90784e-05 0.00969472 -0.0176923 4.07386e-05 -0.000246095 -0.0176923 0.0868832 
0.00956879 -0.017586 -9.48817e-06 3.68906e-05 -0.017586 0.0868281 4.0126e-05 -0.00023227 -9.48817e-06 4.0126e-05 0.00968992 -0.0176685 3.68906e-05 -0.00023227 -0.0176685 0.0868036 
0.00956703 -0.017591 -2.04304e-05 3.16781e-05 -0.017591 0.0868299 3.08987e-05 -0.000215086 -2.04304e-05 3.08987e-05 0.00968114 -0.0176426 3.16781e-05 -0.000215086 -0.0176426 0.0866754 
0.00959829 -0.0176602 -3.01642e-05 5.05977e-05 -0.0176602 0.0871628 4.70211e-05 -0.000240449 -3.01642e-05 4.70211e-05 0.00971592 -0.0176944 5.05977e-05 -0.000240449 -0.0176944 0.0869208 
0.00963295 -0.0177218 -4.54205e-05 6.49519e-05 -0.0177218 0.0874853 5.95972e-05 -0.000279135 -4.54205e-05 5.95972e-05 0.00974284 -0.0177598 6.49519e-05 -0.000279135 -0.0177598 0.0872167 
0.00963883 -0.0177131 -3.65791e-05 7.96097e-05 -0.0177131 0.0874417 7.47057e-05 -0.000313656 -3.65791e-05 7.47057e-05 0.00970677 -0.0177355 7.96097e-05 -0.000313656 -0.0177355 0.0871325 
0.00961477 -0.0177194 -3.65359e-05 7.75359e-05 -0.0177194 0.0874348 7.17433e-05 -0.000335454 -3.65359e-05 7.17433e-05 0.00970086 -0.0176905 7.75359e-05 -0.000335454 -0.0176905 0.0870222 
0.00959968 -0.0176844 -4.80128e-05 8.0741e-05 -0.0176844 0.0873647 7.57476e-05 -0.000351058 -4.80128e-05 7.57476e-05 0.00968307 -0.0176782 8.0741e-05 -0.000351058 -0.0176782 0.0869378 
0.00953538 -0.0175805 -5.52223e-05 9.05195e-05 -0.0175805 0.0868916 8.80864e-05 -0.000369938 -5.52223e-05 8.80864e-05 0.00965931 -0.0175848 9.05195e-05 -0.000369938 -0.0175848 0.0865101 
0.00951339 -0.0175196 -5.01347e-05 9.29044e-05 -0.0175196 0.0866398 9.33447e-05 -0.000376873 -5.01347e-05 9.33447e-05 0.00964801 -0.0175677 9.29044e-05 -0.000376873 -0.0175677 0.0863376 
0.0095283 -0.0175406 -4.32329e-05 8.56508e-05 -0.0175406 0.0867226 9.07854e-05 -0.000373254 -4.32329e-05 9.07854e-05 0.00965638 -0.0176052 8.56508e-05 -0.000373254 -0.0176052 0.0864881 
0.00951325 -0.0175689 -4.0086e-05 6.686e-05 -0.0175689 0.0868297 7.5718e-05 -0.000331279 -4.0086e-05 7.5718e-05 0.00967886 -0.0176138 6.686e-05 -0.000331279 -0.0176138 0.0865742 
0.00945464 -0.0174982 -3.98279e-05 5.99474e-05 -0.0174982 0.0866084 6.81386e-05 -0.000296309 -3.98279e-05 6.81386e-05 0.00970136 -0.0176006 5.99474e-05 -0.000296309 -0.0176006 0.0864426 
0.00943941 -0.0174318 -2.49005e-05 6.35272e-05 -0.0174318 0.086428 6.69155e-05 -0.000287815 -2.49005e-05 6.69155e-05 0.00970501 -0.0176432 6.35272e-05 -0.000287815 -0.0176432 0.0864941 
0.00966793 -0.0177505 1.20746e-06 4.83966e-05 -0.0177505 0.0880161 4.78753e-05 -0.00026426 1.20746e-06 4.78753e-05 0.00986135 -0.0180155 4.83966e-05 -0.00026426 -0.0180155 0.0883049 
0.00969706 -0.0177464 2.72835e-06 2.35384e-05 -0.0177464 0.0877888 1.57698e-05 -0.000208538 2.72835e-06 1.57698e-05 0.00978618 -0.01793 2.35384e-05 -0.000208538 -0.01793 0.0880475 
0.00972512 -0.0178376 3.01425e-06 2.40514e-05 -0.0178376 0.0880014 9.8508e-06 -0.000177189 3.01425e-06 9.8508e-06 0.00976734 -0.017878 2.40514e-05 -0.000177189 -0.017878 0.0879811 
0.00972473 -0.0178712 -1.46484e-06 3.51555e-05 -0.0178712 0.088126 1.81678e-05 -0.000198743 -1.46484e-06 1.81678e-05 0.00974859 -0.0178373 3.51555e-05 -0.000198743 -0.0178373 0.0878419 
0.00972939 -0.0178123 2.09555e-05 3.87148e-05 -0.0178123 0.0878758 2.78901e-05 -0.000222065 2.09555e-05 2.78901e-05 0.00968766 -0.0177553 3.87148e-05 -0.000222065 -0.0177553 0.0874611 
0.00976361 -0.017865 3.03151e-05 5.42359e-06 -0.017865 0.0879945 5.35419e-06 -0.000189514 3.03151e-05 5.35419e-06 0.00966992 -0.0177327 5.42359e-06 -0.000189514 -0.0177327 0.0874314 
0.00976303 -0.0179314 1.18493e-05 -9.44344e-06 -0.0179314 0.0882177 -6.18347e-06 -0.00014569 1.18493e-05 -6.18347e-06 0.00968828 -0.0177214 -9.44344e-06 -0.00014569 -0.0177214 0.0874456 
0.0097452 -0.0179911 -2.07117e-05 1.80181e-05 -0.0179911 0.0885955 2.02189e-05 -0.000175977 -2.07117e-05 2.02189e-05 0.00975664 -0.0177891 1.80181e-05 -0.000175977 -0.0177891 0.0877293 
0.00950766 -0.0175693 -3.35201e-05 5.59445e-05 -0.0175693 0.0867533 5.80066e-05 -0.000250442 -3.35201e-05 5.80066e-05 0.00958475 -0.017475 5.59445e-05 -0.000250442 -0.017475 0.0860416 
0.0096903 -0.0178708 -4.15357e-05 7.20141e-05 -0.0178708 0.0884151 7.52538e-05 -0.00031359 -4.15357e-05 7.52538e-05 0.00980088 -0.0178813 7.20141e-05 -0.00031359 -0.0178813 0.0879621 
0.00947254 -0.0174675 -6.73319e-05 7.17924e-05 -0.0174675 0.0864328 7.74371e-05 -0.000321231 -6.73319e-05 7.74371e-05 0.00960508 -0.0175175 7.17924e-05 -0.000321231 -0.0175175 0.0861638 
0.00947154 -0.0175028 -8.45233e-05 0.000101028 -0.0175028 0.0866173 0.000110351 -0.000368093 -8.45233e-05 0.000110351 0.00965943 -0.0175758 0.000101028 -0.000368093 -0.0175758 0.0864348 
0.00942708 -0.0174285 -7.46062e-05 0.000122294 -0.0174285 0.0863402 0.000132566 -0.000426055 -7.46062e-05 0.000132566 0.00967811 -0.0175613 0.000122294 -0.000426055 -0.0175613 0.0862697 
0.0094259 -0.0174158 -6.8982e-05 0.000107587 -0.0174158 0.0863431 0.000115287 -0.000420618 -6.8982e-05 0.000115287 0.0097086 -0.0176327 0.000107587 -0.000420618 -0.0176327 0.0864615 
0.00946724 -0.0174354 -6.43061e-05 9.88273e-05 -0.0174354 0.0864429 0.00010535 -0.000394113 -6.43061e-05 0.00010535 0.0097172 -0.0176925 9.88273e-05 -0.000394113 -0.0176925 0.0867082 
0.00950618 -0.017484 -3.73586e-05 9.75565e-05 -0.017484 0.0865489 0.000102585 -0.000383482 -3.73586e-05 0.000102585 0.0096994 -0.0176905 9.75565e-05 -0.000383482 -0.0176905 0.0867757 
0.00952019 -0.0175513 -1.87398e-05 6.55435e-05 -0.0175513 0.0867569 6.7554e-05 -0.0003279 -1.87398e-05 6.7554e-05 0.00969564 -0.01767 6.55435e-05 -0.0003279 -0.01767 0.0867868 
0.0094826 -0.0175276 -2.45269e-06 3.81603e-05 -0.0175276 0.0866701 3.91371e-05 -0.000249177 -2.45269e-06 3.91371e-05 0.00968088 -0.0176154 3.81603e-05 -0.000249177 -0.0176154 0.0865466 
0.00944592 -0.017463 -2.83792e-05 1.50527e-05 -0.017463 0.0864749 1.96093e-05 -0.000184917 -2.83792e-05 1.96093e-05 0.00965833 -0.0175929 1.50527e-05 -0.000184917 -0.0175929 0.0863831 
0.00964686 -0.017792 -2.86347e-05 4.19762e-05 -0.017792 0.088157 4.66227e-05 -0.000192956 -2.86347e-05 4.66227e-05 0.00982883 -0.017933 4.19762e-05 -0.000192956 -0.017933 0.0880925 
0.00961401 -0.0177409 -4.47176e-05 5.03377e-05 -0.0177409 0.087839 5.09194e-05 -0.000222713 -4.47176e-05 5.09194e-05 0.00978566 -0.0178389 5.03377e-05 -0.000222713 -0.0178389 0.0877164 
0.00959173 -0.0177426 -4.65374e-05 7.09852e-05 -0.0177426 0.0878435 6.74503e-05 -0.000257178 -4.65374e-05 6.74503e-05 0.00979822 -0.0178254 7.09852e-05 -0.000257178 -0.0178254 0.0876567 
0.00955273 -0.0176672 -4.53977e-05 7.67454e-05 -0.0176672 0.0875724 7.491e-05 -0.000289138 -4.53977e-05 7.491e-05 0.00979004 -0.0178046 7.67454e-05 -0.000289138 -0.0178046 0.0874661 
0.00952084 -0.0175445 -2.25678e-05 6.49368e-05 -0.0175445 0.0870228 6.83111e-05 -0.000275333 -2.25678e-05 6.83111e-05 0.00972321 -0.0177393 6.49368e-05 -0.000275333 -0.0177393 0.08708 
0.00951593 -0.0175759 -2.17235e-05 3.64062e-05 -0.0175759 0.0870609 4.3324e-05 -0.00022701 -2.17235e-05 4.3324e-05 0.00972892 -0.0177342 3.64062e-05 -0.00022701 -0.0177342 0.0871413 
0.00948577 -0.0175279 -1.21739e-05 3.32183e-05 -0.0175279 0.0868441 4.18147e-05 -0.000196796 -1.21739e-05 4.18147e-05 0.00970893 -0.0176796 3.32183e-05 -0.000196796 -0.0176796 0.0868865 
0.00940573 -0.0174394 -2.00182e-05 2.44595e-05 -0.0174394 0.0864228 3.1552e-05 -0.000176295 -2.00182e-05 3.1552e-05 0.0096872 -0.0175966 2.44595e-05 -0.000176295 -0.0175966 0.0864519 
0.00958402 -0.0177254 -2.75133e-05 3.97337e-05 -0.0177254 0.0879917 4.31835e-05 -0.000193453 -2.75133e-05 4.31835e-05 0.00987051 -0.0179719 3.97337e-05 -0.000193453 -0.0179719 0.0881681 
0.00962824 -0.0177049 -1.80651e-05 5.14684e-05 -0.0177049 0.0878795 4.96097e-05 -0.000216688 -1.80651e-05 4.96097e-05 0.00981417 -0.0179789 5.14684e-05 -0.000216688 -0.0179789 0.0882129 
0.00946885 -0.017399 -1.38135e-05 4.35926e-05 -0.017399 0.0861398 4.05775e-05 -0.000214961 -1.38135e-05 4.05775e-05 0.00956105 -0.0175519 4.35926e-05 -0.000214961 -0.0175519 0.0863496 
0.00970013 -0.0178353 6.20689e-06 3.27582e-05 -0.0178353 0.0881526 2.90831e-05 -0.000188247 6.20689e-06 2.90831e-05 0.0097288 -0.0178551 3.27582e-05 -0.000188247 -0.0178551 0.0880484 
0.00968792 -0.0178745 1.93012e-05 7.54041e-06 -0.0178745 0.0882887 2.31355e-06 -0.000132618 1.93012e-05 2.31355e-06 0.00972284 -0.0178019 7.54041e-06 -0.000132618 -0.0178019 0.087891 
0.00968373 -0.0178678 3.25186e-05 -1.74148e-05 -0.0178678 0.0883498 -2.22502e-05 -5.7563e-05 3.25186e-05 -2.22502e-05 0.009729 -0.0177923 -1.74148e-05 -5.7563e-05 -0.0177923 0.0878207 
0.00948336 -0.017578 2.37674e-05 -2.86564e-05 -0.017578 0.0869699 -3.33576e-05 -1.32892e-05 2.37674e-05 -3.33576e-05 0.00961455 -0.0175314 -2.86564e-05 -1.32892e-05 -0.0175314 0.0864749 
0.00950292 -0.0175576 3.53763e-05 -1.97613e-05 -0.0175576 0.0870812 -2.29673e-05 -1.13936e-05 3.53763e-05 -2.29673e-05 0.00962471 -0.0176201 -1.97613e-05 -1.13936e-05 -0.0176201 0.0867763 
0.00951177 -0.0175503 3.36282e-05 -3.02517e-05 -0.0175503 0.0870384 -2.99487e-05 -9.36777e-06 3.36282e-05 -2.99487e-05 0.00960793 -0.0176204 -3.02517e-05 -9.36777e-06 -0.0176204 0.0868666 
0.00949077 -0.0174977 2.05831e-05 -2.53597e-05 -0.0174977 0.0867373 -2.20036e-05 -1.84384e-05 2.05831e-05 -2.20036e-05 0.00954703 -0.0175292 -2.53597e-05 -1.84384e-05 -0.0175292 0.0865353 
0.00947477 -0.0174182 8.48056e-06 -1.09133e-05 -0.0174182 0.0863131 -8.75215e-06 -4.13904e-05 8.48056e-06 -8.75215e-06 0.00946904 -0.0174078 -1.09133e-05 -4.13904e-05 -0.0174078 0.0860328 
0.0096614 -0.0177857 -8.75412e-06 7.42184e-06 -0.0177857 0.0880119 8.27891e-06 -8.48398e-05 -8.75412e-06 8.27891e-06 0.00965742 -0.0177 7.42184e-06 -8.48398e-05 -0.0177 0.0875806 
0.00961556 -0.0177439 -7.62565e-06 2.31285e-05 -0.0177439 0.0877913 2.64097e-05 -0.000124155 -7.62565e-06 2.64097e-05 0.00965112 -0.0176508 2.31285e-05 -0.000124155 -0.0176508 0.087274 
0.00955843 -0.0176536 -1.10288e-05 1.9057e-05 -0.0176536 0.0874241 2.91479e-05 -0.000139505 -1.10288e-05 2.91479e-05 0.00963929 -0.0176101 1.9057e-05 -0.000139505 -0.0176101 0.0869639 
0.00949829 -0.017556 -8.3201e-07 1.8709e-05 -0.017556 0.0869988 2.88992e-05 -0.00013493 -8.3201e-07 2.88992e-05 0.00961945 -0.0175658 1.8709e-05 -0.00013493 -0.0175658 0.0866519 
0.00948248 -0.0175073 -1.28569e-05 9.15215e-06 -0.0175073 0.0868036 1.08714e-05 -0.000109884 -1.28569e-05 1.08714e-05 0.00959003 -0.0175631 9.15215e-06 -0.000109884 -0.0175631 0.08657 
0.00949963 -0.0175315 -1.87576e-05 2.53358e-05 -0.0175315 0.0869018 1.97165e-05 -0.000111047 -1.87576e-05 1.97165e-05 0.00958697 -0.0175763 2.53358e-05 -0.000111047 -0.0175763 0.0867063 
0.00949943 -0.017573 -2.25029e-05 3.72413e-05 -0.017573 0.0870824 3.59971e-05 -0.000147402 -2.25029e-05 3.59971e-05 0.00962523 -0.0175948 3.72413e-05 -0.000147402 -0.0175948 0.0868605 
0.00949779 -0.017573 -2.42795e-05 3.74158e-05 -0.017573 0.087172 4.34563e-05 -0.000168247 -2.42795e-05 4.34563e-05 0.00965563 -0.0176416 3.74158e-05 -0.000168247 -0.0176416 0.0870046 
0.00952594 -0.017602 -1.19247e-06 4.16958e-05 -0.017602 0.0873639 4.67872e-05 -0.000182976 -1.19247e-06 4.67872e-05 0.00968254 -0.0177144 4.16958e-05 -0.000182976 -0.0177144 0.087305 
0.00958022 -0.017667 3.22738e-06 1.70564e-05 -0.017667 0.0876644 1.71024e-05 -0.000148523 3.22738e-06 1.71024e-05 0.0096951 -0.0177853 1.70564e-05 -0.000148523 -0.0177853 0.0876708 
0.00958062 -0.0176821 1.41717e-05 4.92948e-06 -0.0176821 0.0876528 1.72149e-06 -9.52425e-05 1.41717e-05 1.72149e-06 0.00969547 -0.0177453 4.92948e-06 -9.52425e-05 -0.0177453 0.087593 
0.00960666 -0.0177283 2.38069e-05 -7.74272e-06 -0.0177283 0.0878774 -1.44955e-05 -5.39924e-05 2.38069e-05 -1.44955e-05 0.00973408 -0.0177917 -7.74272e-06 -5.39924e-05 -0.0177917 0.0877801 
0.00942497 -0.0173863 3.66669e-05 -1.39223e-05 -0.0173863 0.0861738 -2.59729e-05 -2.6229e-05 3.66669e-05 -2.59729e-05 0.00954244 -0.0174643 -1.39223e-05 -2.6229e-05 -0.0174643 0.0860948 
0.00945916 -0.017453 3.12487e-05 -2.98625e-05 -0.017453 0.0864788 -3.9663e-05 4.0427e-06 3.12487e-05 -3.9663e-05 0.00957884 -0.0175181 -2.98625e-05 4.0427e-06 -0.0175181 0.0863828 
0.00945255 -0.017461 3.37523e-06 -2.67423e-05 -0.017461 0.0865331 -2.98466e-05 7.28536e-06 3.37523e-06 -2.98466e-05 0.00960367 -0.0175443 -2.67423e-05 7.28536e-06 -0.0175443 0.0864734 
0.00943444 -0.0174367 -1.37023e-05 9.17384e-06 -0.0174367 0.086451 1.29233e-05 -6.34443e-05 -1.37023e-05 1.29233e-05 0.00960649 -0.017546 9.17384e-06 -6.34443e-05 -0.017546 0.0864364 
0.00942183 -0.0173694 7.95425e-06 2.35115e-05 -0.0173694 0.0861497 3.0462e-05 -0.000118163 7.95425e-06 3.0462e-05 0.00957187 -0.0175003 2.35115e-05 -0.000118163 -0.0175003 0.0861854 
0.00964129 -0.0177772 1.31097e-05 -8.25203e-07 -0.0177772 0.0880802 6.50361e-06 -0.000107498 1.31097e-05 6.50361e-06 0.0097843 -0.0178788 -8.25203e-07 -0.000107498 -0.0178788 0.0880767 
0.00960955 -0.0177461 6.10123e-06 -1.02697e-05 -0.0177461 0.0878737 -1.99849e-06 -7.41902e-05 6.10123e-06 -1.99849e-06 0.00977208 -0.017815 -1.02697e-05 -7.41902e-05 -0.017815 0.0877643 
0.00965085 -0.0177985 -1.59436e-05 5.28943e-06 -0.0177985 0.0881536 5.76703e-06 -8.37027e-05 -1.59436e-05 5.76703e-06 0.00979742 -0.0178865 5.28943e-06 -8.37027e-05 -0.0178865 0.0880205 
0.00965281 -0.0177974 -1.62469e-05 3.86643e-05 -0.0177974 0.0880868 3.19626e-05 -0.000139883 -1.62469e-05 3.19626e-05 0.00979385 -0.0178623 3.86643e-05 -0.000139883 -0.0178623 0.0879137 
0.00965708 -0.0178083 -3.33938e-06 4.15177e-05 -0.0178083 0.0880925 3.26437e-05 -0.00017268 -3.33938e-06 3.26437e-05 0.00979203 -0.0178606 4.15177e-05 -0.00017268 -0.0178606 0.0878683 
0.00965441 -0.0178221 -1.55374e-05 1.91567e-05 -0.0178221 0.0881298 1.67155e-05 -0.000150764 -1.55374e-05 1.67155e-05 0.00977942 -0.0178572 1.91567e-05 -0.000150764 -0.0178572 0.0878418 
0.00946457 -0.0175172 -2.03588e-05 3.65062e-05 -0.0175172 0.0866413 4.21577e-05 -0.000175188 -2.03588e-05 4.21577e-05 0.0096063 -0.0175375 3.65062e-05 -0.000175188 -0.0175375 0.0863082 
0.00950492 -0.017595 3.83874e-06 3.16897e-05 -0.017595 0.0871394 4.273e-05 -0.000179877 3.83874e-06 4.273e-05 0.00966204 -0.0176397 3.16897e-05 -0.000179877 -0.0176397 0.0868198 
0.00954684 -0.017644 3.07064e-05 -2.5875e-06 -0.017644 0.0874507 1.27756e-05 -0.000127439 3.07064e-05 1.27756e-05 0.00968542 -0.017711 -2.5875e-06 -0.000127439 -0.017711 0.0871843 
0.00952868 -0.0176099 2.85358e-05 -4.48368e-05 -0.0176099 0.0872762 -2.42226e-05 -2.88311e-05 2.85358e-05 -2.42226e-05 0.00967186 -0.0176644 -4.48368e-05 -2.88311e-05 -0.0176644 0.0870265 
0.00950236 -0.0175876 2.8747e-05 -4.95837e-05 -0.0175876 0.0871665 -3.18874e-05 3.73427e-05 2.8747e-05 -3.18874e-05 0.00967608 -0.0176385 -4.95837e-05 3.73427e-05 -0.0176385 0.0868982 
0.00942756 -0.017453 6.02938e-06 -4.24428e-05 -0.017453 0.0865655 -3.19311e-05 4.93397e-05 6.02938e-06 -3.19311e-05 0.0096398 -0.0175425 -4.24428e-05 4.93397e-05 -0.0175425 0.0863556 
0.00939677 -0.0173772 -1.841e-05 -4.39503e-06 -0.0173772 0.0862301 -4.61839e-06 -4.37876e-06 -1.841e-05 -4.61839e-06 0.0096256 -0.0175194 -4.39503e-06 -4.37876e-06 -0.0175194 0.0861399 
0.00938151 -0.0173696 -3.7909e-05 3.69089e-05 -0.0173696 0.0861641 3.42605e-05 -0.000105768 -3.7909e-05 3.42605e-05 0.00963932 -0.0175329 3.69089e-05 -0.000105768 -0.0175329 0.086158 
0.00957965 -0.0177418 -3.87914e-05 5.82283e-05 -0.0177418 0.0880493 6.28115e-05 -0.000191152 -3.87914e-05 6.28115e-05 0.00986345 -0.0179504 5.82283e-05 -0.000191152 -0.0179504 0.0881422 
0.00939895 -0.0173503 -2.79595e-05 5.70384e-05 -0.0173503 0.0861358 6.75183e-05 -0.000227657 -2.79595e-05 6.75183e-05 0.00962508 -0.0175828 5.70384e-05 -0.000227657 -0.0175828 0.0863187 
0.00941022 -0.0174003 -2.76272e-05 4.9591e-05 -0.0174003 0.0862575 5.22271e-05 -0.000221333 -2.76272e-05 5.22271e-05 0.00961933 -0.0175602 4.9591e-05 -0.000221333 -0.0175602 0.0863531 
0.0094333 -0.0174659 -3.46564e-05 4.85264e-05 -0.0174659 0.086593 4.42009e-05 -0.000202888 -3.46564e-05 4.42009e-05 0.00964427 -0.0176002 4.85264e-05 -0.000202888 -0.0176002 0.0865859 
0.00943999 -0.0174311 -2.33534e-05 5.38236e-05 -0.0174311 0.0864868 4.69444e-05 -0.000195575 -2.33534e-05 4.69444e-05 0.009603 -0.0175754 5.38236e-05 -0.000195575 -0.0175754 0.08647 
0.00963452 -0.0177835 -1.53754e-05 4.32256e-05 -0.0177835 0.0881498 3.68243e-05 -0.000184689 -1.53754e-05 3.68243e-05 0.00976551 -0.0178631 4.32256e-05 -0.000184689 -0.0178631 0.0880231 
0.0095952 -0.0177189 -6.96288e-06 3.25613e-05 -0.0177189 0.0877868 2.44356e-05 -0.000156432 -6.96288e-06 2.44356e-05 0.00972221 -0.0177575 3.25613e-05 -0.000156432 -0.0177575 0.0875441 
0.00955882 -0.0176534 -8.5225e-06 2.51584e-05 -0.0176534 0.0874664 1.40445e-05 -0.000131988 -8.5225e-06 1.40445e-05 0.00970058 -0.0176975 2.51584e-05 -0.000131988 -0.0176975 0.0872023 
0.00956806 -0.0176834 -8.18686e-06 2.7267e-05 -0.0176834 0.0876147 1.10826e-05 -0.000119326 -8.18686e-06 1.10826e-05 0.00973127 -0.0177524 2.7267e-05 -0.000119326 -0.0177524 0.0874013 
0.00959061 -0.0177157 -7.47846e-06 2.74601e-05 -0.0177157 0.0877975 1.11165e-05 -0.000115824 -7.47846e-06 1.11165e-05 0.00974565 -0.01781 2.74601e-05 -0.000115824 -0.01781 0.0876468 
0.00961528 -0.017696 1.81517e-06 2.18794e-05 -0.017696 0.0876868 1.22486e-05 -0.000109879 1.81517e-06 1.22486e-05 0.00970265 -0.0177826 2.18794e-05 -0.000109879 -0.0177826 0.0875574 
0.00964423 -0.0177517 2.9425e-05 -2.25162e-06 -0.0177517 0.0878037 -7.57919e-07 -6.89961e-05 2.9425e-05 -7.57919e-07 0.00968592 -0.0177492 -2.25162e-06 -6.89961e-05 -0.0177492 0.087531 
0.00964587 -0.0178612 4.41285e-05 -3.91407e-05 -0.0178612 0.0882607 -2.98469e-05 1.71734e-07 4.41285e-05 -2.98469e-05 0.00975287 -0.0177832 -3.91407e-05 1.71734e-07 -0.0177832 0.0877675 
0.00946925 -0.0175456 3.35382e-05 -5.47873e-05 -0.0175456 0.0868959 -4.17554e-05 4.91032e-05 3.35382e-05 -4.17554e-05 0.0096206 -0.0175495 -5.47873e-05 4.91032e-05 -0.0175495 0.0864514 
0.00950718 -0.0175271 3.93745e-05 -4.53071e-05 -0.0175271 0.086907 -3.2494e-05 5.62768e-05 3.93745e-05 -3.2494e-05 0.00960159 -0.0175846 -4.53071e-05 5.62768e-05 -0.0175846 0.086587 
0.0095061 -0.0175855 4.37662e-05 -4.60377e-05 -0.0175855 0.0870695 -3.67131e-05 5.20397e-05 4.37662e-05 -3.67131e-05 0.00965919 -0.0175919 -4.60377e-05 5.20397e-05 -0.0175919 0.086745 
0.00952734 -0.0176306 3.80148e-05 -4.62241e-05 -0.0176306 0.087379 -3.94993e-05 4.77596e-05 3.80148e-05 -3.94993e-05 0.00971918 -0.0176994 -4.62241e-05 4.77596e-05 -0.0176994 0.0871118 
0.00951221 -0.0176473 1.48785e-05 -4.3079e-05 -0.0176473 0.0875117 -3.88853e-05 4.96286e-05 1.48785e-05 -3.88853e-05 0.00977523 -0.0177668 -4.3079e-05 4.96286e-05 -0.0177668 0.0873699 
0.00949275 -0.0176295 5.42697e-06 -1.7751e-05 -0.0176295 0.0875484 -1.39588e-05 1.48048e-05 5.42697e-06 -1.39588e-05 0.00983619 -0.0178344 -1.7751e-05 1.48048e-05 -0.0178344 0.0875879 
0.0094848 -0.0175787 -6.28886e-06 -1.25607e-06 -0.0175787 0.0874036 1.48244e-06 -3.55549e-05 -6.28886e-06 1.48244e-06 0.0098509 -0.017886 -1.25607e-06 -3.55549e-05 -0.017886 0.0876869 
0.00949615 -0.0175549 -2.13911e-05 6.97953e-06 -0.0175549 0.0872607 8.46542e-06 -5.81991e-05 -2.13911e-05 8.46542e-06 0.00982215 -0.0178912 6.97953e-06 -5.81991e-05 -0.0178912 0.08769 
