0.00684725 0 -0.000224943 0 0 0.00969439 0 0 -0.000224943 0 0.00687114 0 0 0 0 0.00969439 
0.00997312 -0.0123822 -0.000269486 0.000324008 -0.0123822 0.0328957 0.000324008 -0.000621002 -0.000269486 0.000324008 0.0100264 -0.0124442 0.000324008 -0.000621002 -0.0124442 0.0330141 
0.0097653 -0.0182791 -0.000171464 0.000200942 -0.0182791 0.0673805 0.000200942 -0.000582829 -0.000171464 0.000200942 0.00981219 -0.0182909 0.000200942 -0.000582829 -0.0182909 0.067402 
0.00923158 -0.0179668 -0.00016707 3.73983e-06 -0.0179668 0.0807231 3.30249e-06 0.00036092 -0.00016707 3.30249e-06 0.0093069 -0.018026 3.73983e-06 0.00036092 -0.018026 0.0808744 
0.00916938 -0.0172008 -0.000203588 4.34904e-05 -0.0172008 0.0832848 4.70301e-05 0.000616232 -0.000203588 4.70301e-05 0.00924932 -0.017339 4.34904e-05 0.000616232 -0.017339 0.0837974 
0.00939149 -0.0172618 -0.000219885 0.000132165 -0.0172618 0.0849859 0.000141256 0.000342882 -0.000219885 0.000141256 0.00946137 -0.0174065 0.000132165 0.000342882 -0.0174065 0.0856152 
0.00959866 -0.0175759 -0.000245606 0.000176769 -0.0175759 0.086646 0.000184848 4.10203e-05 -0.000245606 0.000184848 0.00967363 -0.0176827 0.000176769 4.10203e-05 -0.0176827 0.0871679 
0.00960416 -0.0175159 -0.000253384 0.000202464 -0.0175159 0.0863908 0.000199548 -0.000124348 -0.000253384 0.000199548 0.00962458 -0.0176328 0.000202464 -0.000124348 -0.0176328 0.0868537 
0.00965724 -0.0176283 -0.000234612 0.00020974 -0.0176283 0.086805 0.000198413 -0.000183755 -0.000234612 0.000198413 0.00965473 -0.0176706 0.00020974 -0.000183755 -0.0176706 0.0871237 
0.00976443 -0.0178421 -0.000238536 0.00018037 -0.0178421 0.0877914 0.00016966 -0.000147042 -0.000238536 0.00016966 0.00974227 -0.0178397 0.00018037 -0.000147042 -0.0178397 0.0879471 
0.00972659 -0.0178015 -0.000250631 0.00017275 -0.0178015 0.0875657 0.000170898 -0.000109605 -0.000250631 0.000170898 0.00970915 -0.0177726 0.00017275 -0.000109605 -0.0177726 0.087615 
0.00971456 -0.0178176 -0.000253321 0.000181286 -0.0178176 0.0876748 0.000187056 -0.000110887 -0.000253321 0.000187056 0.00971543 -0.0177928 0.000181286 -0.000110887 -0.0177928 0.0876909 
0.00966241 -0.0177508 -0.000219377 0.00018822 -0.0177508 0.0874539 0.000196557 -0.000133163 -0.000219377 0.000196557 0.00970359 -0.0177649 0.00018822 -0.000133163 -0.0177649 0.0875462 
0.00961627 -0.0176484 -0.000178907 0.000158445 -0.0176484 0.0870696 0.000165383 -0.000112301 -0.000178907 0.000165383 0.00968369 -0.0177195 0.000158445 -0.000112301 -0.0177195 0.0872959 
0.00960186 -0.0176113 -0.000161228 0.000107588 -0.0176113 0.0869049 0.00011474 -1.63418e-05 -0.000161228 0.00011474 0.00966839 -0.0177158 0.000107588 -1.63418e-05 -0.0177158 0.0872465 
0.00958264 -0.0175548 -0.000180921 8.43097e-05 -0.0175548 0.0866253 9.03749e-05 6.53595e-05 -0.000180921 9.03749e-05 0.00964163 -0.0176664 8.43097e-05 6.53595e-05 -0.0176664 0.0870346 
0.00959339 -0.0175786 -0.00022479 0.000112989 -0.0175786 0.0866867 0.000118976 4.44176e-05 -0.00022479 0.000118976 0.00964089 -0.0176711 0.000112989 4.44176e-05 -0.0176711 0.0870781 
0.00958035 -0.0175715 -0.00019984 0.000163778 -0.0175715 0.0866314 0.000171465 -5.27675e-05 -0.00019984 0.000171465 0.00963977 -0.0176447 0.000163778 -5.27675e-05 -0.0176447 0.0869742 
0.00953223 -0.017494 -0.000165348 0.000142415 -0.017494 0.0862793 0.000148867 -7.89667e-05 -0.000165348 0.000148867 0.00961186 -0.0175844 0.000142415 -7.89667e-05 -0.0175844 0.0866327 
0.00952527 -0.0174559 -0.000130369 0.000100407 -0.0174559 0.0861275 0.00010479 -8.81913e-06 -0.000130369 0.00010479 0.00958789 -0.0175752 0.000100407 -8.81913e-06 -0.0175752 0.0865403 
0.0097212 -0.0178286 -0.000135144 6.01201e-05 -0.0178286 0.0879348 6.58652e-05 8.92131e-05 -0.000135144 6.58652e-05 0.00977951 -0.0179407 6.01201e-05 8.92131e-05 -0.0179407 0.0883857 
0.00967952 -0.0177225 -0.000151541 6.43457e-05 -0.0177225 0.0874363 6.85526e-05 0.000121294 -0.000151541 6.85526e-05 0.00971489 -0.0178331 6.43457e-05 0.000121294 -0.0178331 0.0878975 
0.00966246 -0.0176991 -0.000159221 9.53286e-05 -0.0176991 0.087252 9.42237e-05 7.09154e-05 -0.000159221 9.42237e-05 0.00968674 -0.01777 9.53286e-05 7.09154e-05 -0.01777 0.0876428 
0.00965791 -0.0177132 -0.000160933 0.000111979 -0.0177132 0.0872945 0.000110161 1.01199e-05 -0.000160933 0.000110161 0.00968307 -0.0177571 0.000111979 1.01199e-05 -0.0177571 0.0875909 
0.00964559 -0.0177145 -0.000156902 0.000118242 -0.0177145 0.0873286 0.000116624 -3.04661e-05 -0.000156902 0.000116624 0.00968079 -0.0177521 0.000118242 -3.04661e-05 -0.0177521 0.0875673 
0.00963651 -0.0177023 -0.00014192 0.000109745 -0.0177023 0.0873275 0.000108858 -2.88128e-05 -0.00014192 0.000108858 0.00968505 -0.0177497 0.000109745 -2.88128e-05 -0.0177497 0.0875557 
0.00962008 -0.0177096 -0.0001394 8.51422e-05 -0.0177096 0.0873982 8.63335e-05 1.68602e-05 -0.0001394 8.63335e-05 0.00971699 -0.0177706 8.51422e-05 1.68602e-05 -0.0177706 0.0876413 
0.00962706 -0.0177195 -0.000126146 8.15004e-05 -0.0177195 0.0875585 8.48138e-05 4.21122e-05 -0.000126146 8.48138e-05 0.00974992 -0.017848 8.15004e-05 4.21122e-05 -0.017848 0.0879226 
0.00961378 -0.0176757 -0.000125378 6.80524e-05 -0.0176757 0.087399 7.29575e-05 6.46578e-05 -0.000125378 7.29575e-05 0.00974992 -0.0178475 6.80524e-05 6.46578e-05 -0.0178475 0.0879071 
0.009595 -0.0175804 -0.000152621 7.69713e-05 -0.0175804 0.0869405 8.34033e-05 4.50403e-05 -0.000152621 8.34033e-05 0.00970193 -0.017792 7.69713e-05 4.50403e-05 -0.017792 0.0875979 
0.00962272 -0.0176009 -0.000151403 0.000102549 -0.0176009 0.0869183 0.000110934 1.90587e-06 -0.000151403 0.000110934 0.00968298 -0.0177839 0.000102549 1.90587e-06 -0.0177839 0.0876016 
0.00962247 -0.0176409 -0.000135174 0.000105249 -0.0176409 0.0869822 0.000111177 -2.65788e-05 -0.000135174 0.000111177 0.00967387 -0.017758 0.000105249 -2.65788e-05 -0.017758 0.0875554 
0.00959958 -0.0176533 -0.000139407 7.79437e-05 -0.0176533 0.0870641 7.86608e-05 2.46967e-05 -0.000139407 7.86608e-05 0.00968265 -0.017752 7.79437e-05 2.46967e-05 -0.017752 0.0875437 
0.00957079 -0.0175833 -0.000130536 8.14533e-05 -0.0175833 0.0868504 7.70625e-05 5.39697e-05 -0.000130536 7.70625e-05 0.00965501 -0.0177225 8.14533e-05 5.39697e-05 -0.0177225 0.0873596 
0.00957485 -0.01759 -0.000127296 7.68734e-05 -0.01759 0.0869011 6.85055e-05 6.80301e-05 -0.000127296 6.85055e-05 0.00965458 -0.0177287 7.68734e-05 6.80301e-05 -0.0177287 0.0874314 
0.00956032 -0.0175578 -0.000112228 7.03612e-05 -0.0175578 0.0867395 6.06716e-05 9.16626e-05 -0.000112228 6.06716e-05 0.00963208 -0.0176731 7.03612e-05 9.16626e-05 -0.0176731 0.0872098 
0.00959462 -0.0175943 -9.94002e-05 5.22295e-05 -0.0175943 0.0869065 4.41079e-05 0.000126027 -9.94002e-05 4.41079e-05 0.0096382 -0.0176971 5.22295e-05 0.000126027 -0.0176971 0.0873226 
0.00959382 -0.0176003 -0.000107857 4.00735e-05 -0.0176003 0.0868689 3.36052e-05 0.000152273 -0.000107857 3.36052e-05 0.00963354 -0.0176649 4.00735e-05 0.000152273 -0.0176649 0.0871979 
0.00959735 -0.0175847 -0.000112193 4.63052e-05 -0.0175847 0.0867907 4.27822e-05 0.000154085 -0.000112193 4.27822e-05 0.00961964 -0.0176565 4.63052e-05 0.000154085 -0.0176565 0.0871045 
0.00963791 -0.0177046 -0.000120443 5.24224e-05 -0.0177046 0.0873139 5.1592e-05 0.000137614 -0.000120443 5.1592e-05 0.00967641 -0.017746 5.24224e-05 0.000137614 -0.017746 0.0875725 
0.00970047 -0.0178396 -0.000111807 6.08616e-05 -0.0178396 0.0880444 6.27741e-05 0.000115683 -0.000111807 6.27741e-05 0.00974781 -0.0178951 6.08616e-05 0.000115683 -0.0178951 0.0882906 
0.00949222 -0.0174467 -8.28615e-05 5.32513e-05 -0.0174467 0.0861883 5.45162e-05 0.00010818 -8.28615e-05 5.45162e-05 0.00954385 -0.0175189 5.32513e-05 0.00010818 -0.0175189 0.0864687 
0.00967119 -0.0178015 -0.00011098 2.67446e-05 -0.0178015 0.0879678 2.49319e-05 0.000150765 -0.00011098 2.49319e-05 0.00976679 -0.0178816 2.67446e-05 0.000150765 -0.0178816 0.0882815 
0.00963423 -0.0176839 -0.000150621 6.07048e-05 -0.0176839 0.0874713 5.61912e-05 0.000121158 -0.000150621 5.61912e-05 0.00972543 -0.0178219 6.07048e-05 0.000121158 -0.0178219 0.0878893 
0.00961646 -0.0176258 -0.000191633 0.000106696 -0.0176258 0.0871253 0.000103514 2.87149e-05 -0.000191633 0.000103514 0.0097036 -0.0177771 0.000106696 2.87149e-05 -0.0177771 0.0876404 
0.00962456 -0.0176211 -0.000199187 0.000157157 -0.0176211 0.0870092 0.000154683 -9.2236e-05 -0.000199187 0.000154683 0.00968596 -0.0177588 0.000157157 -9.2236e-05 -0.0177588 0.0875242 
0.00962449 -0.0176591 -0.000208372 0.000173349 -0.0176591 0.087085 0.000169705 -0.000175288 -0.000208372 0.000169705 0.00967203 -0.0177449 0.000173349 -0.000175288 -0.0177449 0.0874936 
0.00962132 -0.0176681 -0.000194082 0.000177585 -0.0176681 0.0871726 0.000174843 -0.000200603 -0.000194082 0.000174843 0.00967618 -0.0177539 0.000177585 -0.000200603 -0.0177539 0.0875484 
0.00959887 -0.0176096 -0.000172449 0.000157441 -0.0176096 0.0869454 0.000157388 -0.00017738 -0.000172449 0.000157388 0.00964734 -0.0177172 0.000157441 -0.00017738 -0.0177172 0.0873632 
0.00959113 -0.0176051 -0.00017273 0.000130786 -0.0176051 0.0869011 0.00013394 -0.000126574 -0.00017273 0.00013394 0.00962817 -0.0176956 0.000130786 -0.000126574 -0.0176956 0.0873059 
0.00960494 -0.01761 -0.00018303 0.000128529 -0.01761 0.0869335 0.00013577 -0.000101892 -0.00018303 0.00013577 0.00962388 -0.0176807 0.000128529 -0.000101892 -0.0176807 0.0872889 
0.00961631 -0.0176097 -0.000207451 0.000138306 -0.0176097 0.0868839 0.000151185 -0.000115841 -0.000207451 0.000151185 0.00961087 -0.0176515 0.000138306 -0.000115841 -0.0176515 0.0871631 
0.00964954 -0.0176503 -0.000236092 0.000163323 -0.0176503 0.087006 0.000177076 -0.000159158 -0.000236092 0.000177076 0.0096151 -0.0176552 0.000163323 -0.000159158 -0.0176552 0.0871841 
0.00966737 -0.0177098 -0.000210632 0.000193874 -0.0177098 0.087205 0.000202242 -0.00021278 -0.000210632 0.000202242 0.00962953 -0.0176704 0.000193874 -0.00021278 -0.0176704 0.0872596 
0.00970765 -0.0177909 -0.00017746 0.000164455 -0.0177909 0.0876055 0.000163482 -0.000177835 -0.00017746 0.000163482 0.00966769 -0.0177392 0.000164455 -0.000177835 -0.0177392 0.0875769 
0.0097164 -0.0178259 -0.000145308 0.000118208 -0.0178259 0.087776 0.000109326 -6.13405e-05 -0.000145308 0.000109326 0.00968562 -0.0177614 0.000118208 -6.13405e-05 -0.0177614 0.0876879 
0.00971457 -0.0178628 -0.000119127 8.16519e-05 -0.0178628 0.0880013 7.04678e-05 4.87464e-05 -0.000119127 7.04678e-05 0.00972969 -0.0178131 8.16519e-05 4.87464e-05 -0.0178131 0.0879169 
0.00966958 -0.017773 -0.000140363 5.33927e-05 -0.017773 0.0876988 4.44559e-05 0.000126781 -0.000140363 4.44559e-05 0.00972802 -0.0178069 5.33927e-05 0.000126781 -0.0178069 0.0877822 
0.00962127 -0.017662 -0.000159957 7.86314e-05 -0.017662 0.0872205 7.09066e-05 0.000115915 -0.000159957 7.09066e-05 0.00969639 -0.0177685 7.86314e-05 0.000115915 -0.0177685 0.0875237 
0.00962117 -0.0176577 -0.000154079 0.000102764 -0.0176577 0.0871879 9.49951e-05 6.40432e-05 -0.000154079 9.49951e-05 0.00969958 -0.0177877 0.000102764 6.40432e-05 -0.0177877 0.087622 
0.00964552 -0.0176971 -0.000161275 0.000103856 -0.0176971 0.0873585 9.53931e-05 2.98452e-05 -0.000161275 9.53931e-05 0.0097123 -0.0178162 0.000103856 2.98452e-05 -0.0178162 0.0878003 
0.00963926 -0.0177103 -0.000164417 0.000100126 -0.0177103 0.0874082 9.6244e-05 3.65048e-05 -0.000164417 9.6244e-05 0.00972008 -0.0178146 0.000100126 3.65048e-05 -0.0178146 0.0878184 
0.00964556 -0.0177303 -0.000159704 0.000101666 -0.0177303 0.0875456 0.000101983 3.42724e-05 -0.000159704 0.000101983 0.00973959 -0.0178413 0.000101666 3.42724e-05 -0.0178413 0.087935 
0.00963996 -0.0177332 -0.000164957 9.74144e-05 -0.0177332 0.0876 9.98331e-05 3.52247e-05 -0.000164957 9.98331e-05 0.00975251 -0.0178622 9.74144e-05 3.52247e-05 -0.0178622 0.0880148 
0.00961643 -0.0176618 -0.000188422 0.000110151 -0.0176618 0.0873139 0.0001087 1.49286e-05 -0.000188422 0.0001087 0.00971865 -0.0178253 0.000110151 1.49286e-05 -0.0178253 0.0878069 
0.00960996 -0.0176124 -0.000194708 0.000139604 -0.0176124 0.0870493 0.000135418 -3.85539e-05 -0.000194708 0.000135418 0.00966865 -0.0177756 0.000139604 -3.85539e-05 -0.0177756 0.0875931 
0.00963097 -0.0176366 -0.000178791 0.000153356 -0.0176366 0.0870834 0.00014775 -8.99819e-05 -0.000178791 0.00014775 0.00963066 -0.0177488 0.000153356 -8.99819e-05 -0.0177488 0.0875693 
0.0096533 -0.0177053 -0.000186528 0.000138483 -0.0177053 0.0873437 0.000130835 -9.04211e-05 -0.000186528 0.000130835 0.00962319 -0.0177321 0.000138483 -9.04211e-05 -0.0177321 0.0876462 
0.00963905 -0.0176969 -0.000170014 0.000148998 -0.0176969 0.0873269 0.000141635 -0.000101411 -0.000170014 0.000141635 0.00959905 -0.0176772 0.000148998 -0.000101411 -0.0176772 0.0874583 
0.00963525 -0.0176555 -0.000171656 0.000136718 -0.0176555 0.087171 0.000130064 -0.00010424 -0.000171656 0.000130064 0.00957044 -0.0176186 0.000136718 -0.00010424 -0.0176186 0.0872003 
0.00963055 -0.017633 -0.000170008 0.000137772 -0.017633 0.0869901 0.000134689 -0.000107419 -0.000170008 0.000134689 0.00954452 -0.0175523 0.000137772 -0.000107419 -0.0175523 0.0868993 
0.00959181 -0.0175923 -0.000155486 0.000131732 -0.0175923 0.0867197 0.000135952 -0.000110186 -0.000155486 0.000135952 0.00951564 -0.0174769 0.000131732 -0.000110186 -0.0174769 0.0865085 
0.00959405 -0.0176196 -0.000147923 0.000108635 -0.0176196 0.0868766 0.00011729 -7.52252e-05 -0.000147923 0.00011729 0.00953942 -0.0175106 0.000108635 -7.52252e-05 -0.0175106 0.0866191 
0.00958716 -0.0176333 -0.000132416 9.47936e-05 -0.0176333 0.0870013 0.000106591 -3.42836e-05 -0.000132416 0.000106591 0.00955811 -0.0175525 9.47936e-05 -3.42836e-05 -0.0175525 0.0867759 
0.00953734 -0.0175479 -0.000105754 7.18086e-05 -0.0175479 0.0866855 8.15444e-05 2.51268e-05 -0.000105754 8.15444e-05 0.00955145 -0.0175204 7.18086e-05 2.51268e-05 -0.0175204 0.0865893 
0.009511 -0.017483 -0.000115657 4.70635e-05 -0.017483 0.0864266 5.09609e-05 8.61776e-05 -0.000115657 5.09609e-05 0.00953839 -0.0175065 4.70635e-05 8.61776e-05 -0.0175065 0.0864675 
0.00952043 -0.0174751 -0.00013138 6.0635e-05 -0.0174751 0.0863977 5.95757e-05 9.63709e-05 -0.00013138 5.95757e-05 0.00953643 -0.0175315 6.0635e-05 9.63709e-05 -0.0175315 0.086571 
0.00951874 -0.0175072 -0.000158697 9.37466e-05 -0.0175072 0.086515 8.58561e-05 3.44246e-05 -0.000158697 8.58561e-05 0.00956153 -0.0175554 9.37466e-05 3.44246e-05 -0.0175554 0.0867362 
0.00949941 -0.0174734 -0.000171266 0.000131118 -0.0174734 0.0863955 0.000118601 -5.22575e-05 -0.000171266 0.000118601 0.00955796 -0.0175368 0.000131118 -5.22575e-05 -0.0175368 0.0866304 
0.00946856 -0.0173953 -0.000152128 0.000151793 -0.0173953 0.0860429 0.000136559 -0.000128473 -0.000152128 0.000136559 0.00952211 -0.017486 0.000151793 -0.000128473 -0.017486 0.0863397 
0.00965515 -0.0177568 -0.000129197 0.000127283 -0.0177568 0.0877961 0.000114967 -0.000116116 -0.000129197 0.000114967 0.00971853 -0.017842 0.000127283 -0.000116116 -0.017842 0.0881163 
0.0094618 -0.0174236 -0.000116877 7.89015e-05 -0.0174236 0.0861864 7.74286e-05 -2.34102e-05 -0.000116877 7.74286e-05 0.00954615 -0.0175267 7.89015e-05 -2.34102e-05 -0.0175267 0.0865397 
0.00949401 -0.0174616 -0.000116845 5.77784e-05 -0.0174616 0.0864383 6.09618e-05 5.52608e-05 -0.000116845 6.09618e-05 0.00957879 -0.0175898 5.77784e-05 5.52608e-05 -0.0175898 0.0868442 
0.00951293 -0.0174895 -0.000115546 5.52935e-05 -0.0174895 0.086558 5.98565e-05 9.08356e-05 -0.000115546 5.98565e-05 0.00959983 -0.0176154 5.52935e-05 9.08356e-05 -0.0176154 0.0869819 
0.00953714 -0.0175077 -0.000129903 5.26366e-05 -0.0175077 0.0866282 5.68764e-05 0.000109327 -0.000129903 5.68764e-05 0.00961553 -0.0176362 5.26366e-05 0.000109327 -0.0176362 0.0870561 
0.0095552 -0.0175132 -0.0001506 7.37331e-05 -0.0175132 0.0865953 7.61863e-05 8.30858e-05 -0.0001506 7.61863e-05 0.00961241 -0.0176408 7.37331e-05 8.30858e-05 -0.0176408 0.0870362 
0.00962211 -0.0176095 -0.000166387 9.87984e-05 -0.0176095 0.0869721 0.000100137 3.15529e-05 -0.000166387 0.000100137 0.00962664 -0.0177101 9.87984e-05 3.15529e-05 -0.0177101 0.0873758 
0.00964127 -0.0176933 -0.000169836 0.000115435 -0.0176933 0.0872722 0.000117451 -1.38824e-05 -0.000169836 0.000117451 0.00965211 -0.0177247 0.000115435 -1.38824e-05 -0.0177247 0.0875426 
0.00962541 -0.0176764 -0.000146242 0.000118445 -0.0176764 0.0872324 0.000118971 -3.34283e-05 -0.000146242 0.000118971 0.00964243 -0.0177031 0.000118445 -3.34283e-05 -0.0177031 0.0874133 
0.00963677 -0.017658 -0.000157098 8.91825e-05 -0.017658 0.0871909 8.80995e-05 1.05796e-05 -0.000157098 8.80995e-05 0.00962169 -0.017701 8.91825e-05 1.05796e-05 -0.017701 0.0873826 
0.00966226 -0.0177111 -0.000138124 9.41858e-05 -0.0177111 0.0873778 9.29131e-05 4.08173e-05 -0.000138124 9.29131e-05 0.00963185 -0.0177088 9.41858e-05 4.08173e-05 -0.0177088 0.0875031 
0.0096609 -0.0177232 -0.000129379 7.83508e-05 -0.0177232 0.0874102 7.55815e-05 6.47881e-05 -0.000129379 7.55815e-05 0.00963338 -0.0176893 7.83508e-05 6.47881e-05 -0.0176893 0.0874289 
0.00966229 -0.0177309 -0.000122774 7.11019e-05 -0.0177309 0.0874587 6.8464e-05 8.36655e-05 -0.000122774 6.8464e-05 0.00963538 -0.0176903 7.11019e-05 8.36655e-05 -0.0176903 0.0874106 
0.00967877 -0.0177658 -0.00013179 6.7507e-05 -0.0177658 0.0876596 6.10542e-05 9.67796e-05 -0.00013179 6.10542e-05 0.00964398 -0.0177393 6.7507e-05 9.67796e-05 -0.0177393 0.0876274 
0.00967714 -0.0177441 -0.000163991 8.30771e-05 -0.0177441 0.0875775 6.99522e-05 7.96534e-05 -0.000163991 6.99522e-05 0.00962484 -0.017708 8.30771e-05 7.96534e-05 -0.017708 0.0875383 
0.0096457 -0.017664 -0.000192772 0.000120126 -0.017664 0.0871633 0.00010593 1.52092e-05 -0.000192772 0.00010593 0.00956829 -0.0176115 0.000120126 1.52092e-05 -0.0176115 0.087098 
0.00963323 -0.0176669 -0.00021241 0.000155456 -0.0176669 0.0870955 0.000147524 -7.98373e-05 -0.00021241 0.000147524 0.00954771 -0.017559 0.000155456 -7.98373e-05 -0.017559 0.0868982 
0.00958518 -0.0176054 -0.000203173 0.000178031 -0.0176054 0.0868106 0.000171467 -0.000156728 -0.000203173 0.000171467 0.00951297 -0.0174827 0.000178031 -0.000156728 -0.0174827 0.0865232 
0.00956251 -0.0175891 -0.000180157 0.000169638 -0.0175891 0.0867981 0.000162482 -0.000173661 -0.000180157 0.000162482 0.00952496 -0.0174847 0.000169638 -0.000173661 -0.0174847 0.0865035 
0.00953178 -0.0175251 -0.000187423 0.000139397 -0.0175251 0.0865775 0.000134885 -0.000127881 -0.000187423 0.000134885 0.00951701 -0.0174731 0.000139397 -0.000127881 -0.0174731 0.0863793 
0.00952872 -0.0174861 -0.000193743 0.000145042 -0.0174861 0.0864306 0.000146878 -0.000117232 -0.000193743 0.000146878 0.00949904 -0.0174781 0.000145042 -0.000117232 -0.0174781 0.0863668 
0.00969416 -0.0178069 -0.00018827 0.000152679 -0.0178069 0.0879564 0.000159874 -0.000134871 -0.00018827 0.000159874 0.00967619 -0.0177722 0.000152679 -0.000134871 -0.0177722 0.0878985 
0.00968242 -0.0177931 -0.00016977 0.000147046 -0.0177931 0.0879009 0.00015659 -0.000145653 -0.00016977 0.00015659 0.00967998 -0.0177705 0.000147046 -0.000145653 -0.0177705 0.0878475 
0.00965325 -0.0177592 -0.000142311 0.000124154 -0.0177592 0.0877535 0.00013489 -0.000112956 -0.000142311 0.00013489 0.00969147 -0.0177601 0.000124154 -0.000112956 -0.0177601 0.0877495 
0.00946609 -0.0174423 -0.000117889 8.45457e-05 -0.0174423 0.0862458 8.88548e-05 -2.2317e-05 -0.000117889 8.88548e-05 0.00954342 -0.0174998 8.45457e-05 -2.2317e-05 -0.0174998 0.0863589 
0.00965198 -0.0177495 -0.000122695 6.65374e-05 -0.0177495 0.087871 5.80013e-05 5.60865e-05 -0.000122695 5.80013e-05 0.00973589 -0.0178725 6.65374e-05 5.60865e-05 -0.0178725 0.0881609 
0.00965381 -0.0177285 -0.00012794 7.70232e-05 -0.0177285 0.0877462 6.30449e-05 6.85965e-05 -0.00012794 6.30449e-05 0.00970865 -0.0178629 7.70232e-05 6.85965e-05 -0.0178629 0.088133 
0.00969733 -0.0177602 -0.000125375 8.5301e-05 -0.0177602 0.0878455 7.61907e-05 4.61982e-05 -0.000125375 7.61907e-05 0.00967714 -0.0178607 8.5301e-05 4.61982e-05 -0.0178607 0.0882144 
0.00951259 -0.017434 -0.000110699 8.30599e-05 -0.017434 0.0860843 7.64931e-05 2.6549e-05 -0.000110699 7.64931e-05 0.00944833 -0.0174251 8.30599e-05 2.6549e-05 -0.0174251 0.0862429 
0.00952875 -0.0175013 -0.000121133 7.06855e-05 -0.0175013 0.0863525 5.78996e-05 4.54468e-05 -0.000121133 5.78996e-05 0.00945715 -0.0174071 7.06855e-05 4.54468e-05 -0.0174071 0.086238 
0.00953475 -0.0175386 -0.000156452 8.34451e-05 -0.0175386 0.0865858 6.84347e-05 3.9813e-05 -0.000156452 6.84347e-05 0.00948739 -0.0174294 8.34451e-05 3.9813e-05 -0.0174294 0.0863255 
0.00951708 -0.0175005 -0.000182737 0.00012684 -0.0175005 0.0864782 0.000116411 -4.1321e-05 -0.000182737 0.000116411 0.00949319 -0.0174242 0.00012684 -4.1321e-05 -0.0174242 0.0862218 
0.00950712 -0.0174768 -0.000169974 0.000148445 -0.0174768 0.0864109 0.000145933 -0.000111792 -0.000169974 0.000145933 0.00950873 -0.0174572 0.000148445 -0.000111792 -0.0174572 0.0862895 
0.00972365 -0.0178018 -0.000151228 0.000131487 -0.0178018 0.0880362 0.000139857 -0.00012045 -0.000151228 0.000139857 0.00968013 -0.0178211 0.000131487 -0.00012045 -0.0178211 0.0880434 
0.00953707 -0.0174866 -0.000151051 0.000103113 -0.0174866 0.0863009 0.000115067 -7.93632e-05 -0.000151051 0.000115067 0.00947806 -0.0174333 0.000103113 -7.93632e-05 -0.0174333 0.0862283 
0.00956473 -0.0175441 -0.000155179 0.000100229 -0.0175441 0.0865531 0.000104787 -3.54111e-05 -0.000155179 0.000104787 0.00949275 -0.0174579 0.000100229 -3.54111e-05 -0.0174579 0.0863597 
0.00953853 -0.0175071 -0.000140084 0.000109599 -0.0175071 0.0863737 0.000108662 -3.54195e-05 -0.000140084 0.000108662 0.0094765 -0.0174132 0.000109599 -3.54195e-05 -0.0174132 0.0861299 
0.00971884 -0.0178842 -0.00012632 9.3343e-05 -0.0178842 0.0882529 9.05797e-05 -8.23238e-06 -0.00012632 9.05797e-05 0.00970605 -0.0177974 9.3343e-05 -8.23238e-06 -0.0177974 0.0879965 
0.00948921 -0.0174595 -0.000107443 6.75777e-05 -0.0174595 0.0862624 6.60707e-05 4.84636e-05 -0.000107443 6.60707e-05 0.00949547 -0.0174329 6.75777e-05 4.84636e-05 -0.0174329 0.0860985 
0.00951743 -0.0174862 -0.000104839 4.66598e-05 -0.0174862 0.0864468 4.72322e-05 0.000105918 -0.000104839 4.72322e-05 0.00951917 -0.0174955 4.66598e-05 0.000105918 -0.0174955 0.0864005 
0.00957849 -0.0175934 -0.000108245 4.07138e-05 -0.0175934 0.086966 4.14484e-05 0.000142951 -0.000108245 4.14484e-05 0.00957576 -0.017613 4.07138e-05 0.000142951 -0.017613 0.0870017 
0.00960786 -0.0176421 -0.000139815 4.7284e-05 -0.0176421 0.0871965 4.52131e-05 0.000145871 -0.000139815 4.52131e-05 0.00959689 -0.0176541 4.7284e-05 0.000145871 -0.0176541 0.087248 
0.00961082 -0.0176432 -0.000167861 8.22058e-05 -0.0176432 0.0871907 7.85004e-05 9.89271e-05 -0.000167861 7.85004e-05 0.00960364 -0.0176436 8.22058e-05 9.89271e-05 -0.0176436 0.0872245 
0.00961665 -0.0176281 -0.000186002 0.000123388 -0.0176281 0.087108 0.0001208 -1.43764e-06 -0.000186002 0.0001208 0.00959375 -0.0176349 0.000123388 -1.43764e-06 -0.0176349 0.0871448 
0.00961862 -0.0176194 -0.00018468 0.000142337 -0.0176194 0.0869979 0.000144345 -7.60703e-05 -0.00018468 0.000144345 0.00956328 -0.0176022 0.000142337 -7.60703e-05 -0.0176022 0.0869961 
0.00961164 -0.0175875 -0.000176047 0.000141134 -0.0175875 0.0867726 0.000146124 -0.00010664 -0.000176047 0.000146124 0.00950004 -0.0175216 0.000141134 -0.00010664 -0.0175216 0.086665 
0.00959381 -0.0176104 -0.000150914 0.000126527 -0.0176104 0.0867819 0.000136328 -9.32682e-05 -0.000150914 0.000136328 0.00948645 -0.017452 0.000126527 -9.32682e-05 -0.017452 0.0864549 
0.00956572 -0.0175745 -0.000141522 9.86361e-05 -0.0175745 0.0866854 0.000109828 -4.62588e-05 -0.000141522 0.000109828 0.00948736 -0.0174235 9.86361e-05 -4.62588e-05 -0.0174235 0.0862694 
0.00951192 -0.0175222 -0.000153734 8.80753e-05 -0.0175222 0.0864926 9.27618e-05 -6.10099e-07 -0.000153734 9.27618e-05 0.00951454 -0.0174098 8.80753e-05 -6.10099e-07 -0.0174098 0.0861194 
0.00947477 -0.0174411 -0.000172751 0.000107487 -0.0174411 0.0862356 0.000102473 -5.93519e-06 -0.000172751 0.000102473 0.00952555 -0.0174388 0.000107487 -5.93519e-06 -0.0174388 0.0860714 
0.00966954 -0.0177788 -0.000173878 0.000142454 -0.0177788 0.087957 0.000132093 -6.90082e-05 -0.000173878 0.000132093 0.00975345 -0.0178587 0.000142454 -6.90082e-05 -0.0178587 0.0880466 
0.00970539 -0.0177682 -0.000204202 0.000143414 -0.0177682 0.0879056 0.000134368 -0.000107396 -0.000204202 0.000134368 0.00973192 -0.0179088 0.000143414 -0.000107396 -0.0179088 0.0882181 
0.00952987 -0.017473 -0.000214007 0.000170316 -0.017473 0.0862498 0.000164266 -0.000156261 -0.000214007 0.000164266 0.00951378 -0.0175207 0.000170316 -0.000156261 -0.0175207 0.086482 
0.0095587 -0.0175648 -0.000204459 0.000179101 -0.0175648 0.086661 0.000172095 -0.000183766 -0.000204459 0.000172095 0.00954107 -0.0175426 0.000179101 -0.000183766 -0.0175426 0.0867037 
0.00955757 -0.0175674 -0.000200633 0.00016793 -0.0175674 0.0867418 0.00015844 -0.00017104 -0.000200633 0.00015844 0.009562 -0.0175469 0.00016793 -0.00017104 -0.0175469 0.0867111 
0.009549 -0.0175596 -0.000221395 0.000159771 -0.0175596 0.0867457 0.000149726 -0.000142071 -0.000221395 0.000149726 0.00959007 -0.0175687 0.000159771 -0.000142071 -0.0175687 0.0867435 
0.00958237 -0.0175792 -0.000240143 0.000184338 -0.0175792 0.0868848 0.000180728 -0.000175715 -0.000240143 0.000180728 0.00961014 -0.0176404 0.000184338 -0.000175715 -0.0176404 0.0869931 
0.00963168 -0.0176752 -0.000209101 0.000201049 -0.0176752 0.0872929 0.000207923 -0.000227271 -0.000209101 0.000207923 0.00964311 -0.0177294 0.000201049 -0.000227271 -0.0177294 0.0874552 
0.00966752 -0.0176971 -0.000192769 0.000160807 -0.0176971 0.0873883 0.000174115 -0.000192655 -0.000192769 0.000174115 0.00962927 -0.017732 0.000160807 -0.000192655 -0.017732 0.0875332 
0.00969828 -0.0177809 -0.000182219 0.000134334 -0.0177809 0.0876934 0.00014736 -0.000117444 -0.000182219 0.00014736 0.00963616 -0.0177465 0.000134334 -0.000117444 -0.0177465 0.0877118 
0.0096427 -0.0176833 -0.000170498 0.000121864 -0.0176833 0.0872146 0.000132033 -6.82926e-05 -0.000170498 0.000132033 0.00956762 -0.0176041 0.000121864 -6.82926e-05 -0.0176041 0.0870803 
0.00961446 -0.0176207 -0.000182289 0.00011505 -0.0176207 0.0869099 0.000122072 -4.52496e-05 -0.000182289 0.000122072 0.00953473 -0.0175202 0.00011505 -4.52496e-05 -0.0175202 0.0866772 
0.00960852 -0.017618 -0.000206616 0.000130495 -0.017618 0.0868614 0.000134223 -5.39384e-05 -0.000206616 0.000134223 0.00953073 -0.0175053 0.000130495 -5.39384e-05 -0.0175053 0.0865664 
0.00960968 -0.0176086 -0.000243969 0.000164674 -0.0176086 0.0868094 0.000166477 -0.000117847 -0.000243969 0.000166477 0.00952607 -0.0174972 0.000164674 -0.000117847 -0.0174972 0.0864933 
0.00960925 -0.0176159 -0.000224499 0.000209661 -0.0176159 0.0868215 0.000209314 -0.000215113 -0.000224499 0.000209314 0.0095287 -0.0175084 0.000209661 -0.000215113 -0.0175084 0.08652 
0.00960353 -0.0176567 -0.00018835 0.000187098 -0.0176567 0.087013 0.000188372 -0.000226963 -0.00018835 0.000188372 0.0095509 -0.0175403 0.000187098 -0.000226963 -0.0175403 0.0866894 
0.00956356 -0.0175853 -0.000152695 0.000140592 -0.0175853 0.086788 0.000143472 -0.000148887 -0.000152695 0.000143472 0.00954807 -0.01752 0.000140592 -0.000148887 -0.01752 0.086553 
0.00953669 -0.0175434 -0.000126132 9.42977e-05 -0.0175434 0.0866498 9.42003e-05 -3.07211e-05 -0.000126132 9.42003e-05 0.0095554 -0.0175277 9.42977e-05 -3.07211e-05 -0.0175277 0.0865435 
0.00953463 -0.0175471 -0.000140828 6.24201e-05 -0.0175471 0.0867396 6.07363e-05 7.0517e-05 -0.000140828 6.07363e-05 0.00957713 -0.0175882 6.24201e-05 7.0517e-05 -0.0175882 0.086793 
0.00953212 -0.0175308 -0.000181316 8.67339e-05 -0.0175308 0.0867113 8.13014e-05 6.77854e-05 -0.000181316 8.13014e-05 0.00957961 -0.0175981 8.67339e-05 6.77854e-05 -0.0175981 0.0868701 
