0.00704205 0 0.00022502 0 0 0.0099824 0 0 0.00022502 0 0.00715126 0 0 0 0 0.0099824 
0.00993163 -0.0123339 0.000261852 -0.000317141 -0.0123339 0.032777 -0.000317141 0.000607916 0.000261852 -0.000317141 0.0101068 -0.0125406 -0.000317141 0.000607916 -0.0125406 0.033174 
0.00971158 -0.0181846 0.000186864 -0.000240141 -0.0181846 0.0670392 -0.000240141 0.000722091 0.000186864 -0.000240141 0.0098591 -0.0183284 -0.000240141 0.000722091 -0.0183284 0.0674555 
0.00923884 -0.0179371 0.000118952 -5.11407e-05 -0.0179371 0.0805774 -4.54451e-05 -0.000153584 0.000118952 -4.54451e-05 0.00935532 -0.0181003 -5.11407e-05 -0.000153584 -0.0181003 0.0810456 
0.00923253 -0.017319 0.000147095 -7.0332e-06 -0.017319 0.083697 -8.84129e-06 -0.000558993 0.000147095 -8.84129e-06 0.00933294 -0.017502 -7.0332e-06 -0.000558993 -0.017502 0.084469 
0.00950055 -0.0174915 0.000161764 -7.1854e-05 -0.0174915 0.0859812 -8.14925e-05 -0.0004272 0.000161764 -8.14925e-05 0.00956776 -0.0176463 -7.1854e-05 -0.0004272 -0.0176463 0.086753 
0.00945273 -0.0173394 0.000175639 -0.000110177 -0.0173394 0.0854393 -0.000116212 -0.000174271 0.000175639 -0.000116212 0.00950278 -0.0174232 -0.000110177 -0.000174271 -0.0174232 0.0859717 
0.00961164 -0.0176516 0.000153242 -0.00012949 -0.0176516 0.0870703 -0.000130785 -3.11079e-05 0.000153242 -0.000130785 0.00968302 -0.0177034 -0.00012949 -3.11079e-05 -0.0177034 0.0874076 
0.00957697 -0.0176143 0.000134567 -0.000100235 -0.0176143 0.0869976 -9.87451e-05 -1.38725e-05 0.000134567 -9.87451e-05 0.0097077 -0.0176842 -0.000100235 -1.38725e-05 -0.0176842 0.0872634 
0.00943762 -0.0173343 0.000120267 -6.87429e-05 -0.0173343 0.0857154 -6.10427e-05 -8.31532e-05 0.000120267 -6.10427e-05 0.00959771 -0.0174821 -6.87429e-05 -8.31532e-05 -0.0174821 0.0860867 
0.00957273 -0.0175587 9.37912e-05 -4.51142e-05 -0.0175587 0.0868139 -3.29123e-05 -0.000175047 9.37912e-05 -3.29123e-05 0.00974353 -0.0177653 -4.51142e-05 -0.000175047 -0.0177653 0.0873612 
0.00955857 -0.0175192 7.83283e-05 -8.51515e-06 -0.0175192 0.0865448 4.87262e-06 -0.00027423 7.83283e-05 4.87262e-06 0.00972408 -0.0177367 -8.51515e-06 -0.00027423 -0.0177367 0.087178 
0.00952102 -0.0174943 0.000100104 9.56887e-06 -0.0174943 0.0863427 1.87713e-05 -0.000339647 0.000100104 1.87713e-05 0.00971463 -0.0177016 9.56887e-06 -0.000339647 -0.0177016 0.0869834 
0.00952 -0.0174773 0.000136621 -1.76485e-05 -0.0174773 0.0863208 -1.60646e-05 -0.000309469 0.000136621 -1.60646e-05 0.00970266 -0.0177291 -1.76485e-05 -0.000309469 -0.0177291 0.0870408 
0.00952048 -0.0174684 0.000140541 -6.17596e-05 -0.0174684 0.0862722 -6.53419e-05 -0.000214098 0.000140541 -6.53419e-05 0.0096799 -0.0177215 -6.17596e-05 -0.000214098 -0.0177215 0.0870551 
0.00951858 -0.017431 0.0001443 -7.32865e-05 -0.017431 0.0860478 -7.72942e-05 -0.000142759 0.0001443 -7.72942e-05 0.00962706 -0.0176405 -7.32865e-05 -0.000142759 -0.0176405 0.0867605 
0.00953989 -0.0174956 0.000164544 -7.7653e-05 -0.0174956 0.0862586 -8.29639e-05 -0.000112685 0.000164544 -8.29639e-05 0.00962018 -0.0176308 -7.7653e-05 -0.000112685 -0.0176308 0.0868052 
0.00950667 -0.0175032 0.000179543 -0.000101504 -0.0175032 0.0862873 -0.000107621 -6.47954e-05 0.000179543 -0.000107621 0.00961329 -0.0175848 -0.000101504 -6.47954e-05 -0.0175848 0.0866496 
0.00949142 -0.017456 0.0001953 -0.000130828 -0.017456 0.0862054 -0.000131415 1.36154e-05 0.0001953 -0.000131415 0.00959638 -0.0175742 -0.000130828 1.36154e-05 -0.0175742 0.086555 
0.00969425 -0.0177865 0.000189133 -0.000158583 -0.0177865 0.0878766 -0.000148458 7.76221e-05 0.000189133 -0.000148458 0.00977756 -0.0179209 -0.000158583 7.76221e-05 -0.0179209 0.0882852 
0.00968978 -0.0177807 0.00017711 -0.000155818 -0.0177807 0.0877724 -0.000134974 9.71364e-05 0.00017711 -0.000134974 0.00976748 -0.0178808 -0.000155818 9.71364e-05 -0.0178808 0.0881367 
0.00970214 -0.0178027 0.00017324 -0.000139706 -0.0178027 0.0878387 -0.000116048 6.77883e-05 0.00017324 -0.000116048 0.00977116 -0.0178781 -0.000139706 6.77883e-05 -0.0178781 0.0881107 
0.00973652 -0.0178607 0.000128819 -0.000127055 -0.0178607 0.0881009 -0.000112446 3.54455e-05 0.000128819 -0.000112446 0.00977979 -0.017927 -0.000127055 3.54455e-05 -0.017927 0.0883226 
0.00952991 -0.0175315 0.000137665 -6.58786e-05 -0.0175315 0.0864496 -6.62302e-05 -5.20082e-05 0.000137665 -6.62302e-05 0.00958391 -0.0175659 -6.58786e-05 -5.20082e-05 -0.0175659 0.0866028 
0.0095061 -0.0174689 0.000154268 -6.97096e-05 -0.0174689 0.0862402 -8.06492e-05 -8.75455e-05 0.000154268 -8.06492e-05 0.00956026 -0.0175111 -6.97096e-05 -8.75455e-05 -0.0175111 0.0863641 
0.00950257 -0.0174706 0.000168238 -8.68688e-05 -0.0174706 0.0862689 -0.000102358 -6.30812e-05 0.000168238 -0.000102358 0.00956005 -0.0175309 -8.68688e-05 -6.30812e-05 -0.0175309 0.0864412 
0.00950901 -0.0174763 0.000160038 -0.000106728 -0.0174763 0.0863298 -0.000118766 -2.05638e-05 0.000160038 -0.000118766 0.00955668 -0.0175395 -0.000106728 -2.05638e-05 -0.0175395 0.0865269 
0.00948169 -0.0174237 0.000156845 -0.000103559 -0.0174237 0.0860758 -0.000108582 -8.23107e-06 0.000156845 -0.000108582 0.00953658 -0.0174735 -0.000103559 -8.23107e-06 -0.0174735 0.0862606 
0.00968723 -0.0177979 0.000138941 -0.000101874 -0.0177979 0.087931 -0.000100273 -2.36567e-05 0.000138941 -0.000100273 0.00975211 -0.0178578 -0.000101874 -2.36567e-05 -0.0178578 0.0881241 
0.0096823 -0.0177718 0.000100511 -8.555e-05 -0.0177718 0.0877945 -7.93978e-05 -4.68322e-05 0.000100511 -7.93978e-05 0.00974942 -0.0178414 -8.555e-05 -4.68322e-05 -0.0178414 0.0880059 
0.00964811 -0.0176871 0.000106958 -3.94147e-05 -0.0176871 0.0873308 -3.35597e-05 -0.000127621 0.000106958 -3.35597e-05 0.00971637 -0.0177574 -3.94147e-05 -0.000127621 -0.0177574 0.0875491 
0.00960991 -0.0176273 0.000109319 -4.68648e-05 -0.0176273 0.0869628 -4.66626e-05 -0.000146027 0.000109319 -4.66626e-05 0.009686 -0.0177025 -4.68648e-05 -0.000146027 -0.0177025 0.0871976 
0.00960099 -0.0176288 0.000133837 -5.42771e-05 -0.0176288 0.0869491 -6.17761e-05 -0.000116959 0.000133837 -6.17761e-05 0.00968398 -0.0177162 -5.42771e-05 -0.000116959 -0.0177162 0.0872153 
0.00961877 -0.0176569 0.000160233 -8.78493e-05 -0.0176569 0.0871089 -0.00010065 -4.03798e-05 0.000160233 -0.00010065 0.0097013 -0.0177589 -8.78493e-05 -4.03798e-05 -0.0177589 0.0874229 
0.00964846 -0.0177302 0.00017126 -0.000113379 -0.0177302 0.0874616 -0.000126056 2.52939e-05 0.00017126 -0.000126056 0.00972778 -0.0178299 -0.000113379 2.52939e-05 -0.0178299 0.0877913 
0.00968011 -0.0177682 0.00011964 -0.000131551 -0.0177682 0.0876864 -0.000134739 7.26729e-05 0.00011964 -0.000134739 0.00971853 -0.0178633 -0.000131551 7.26729e-05 -0.0178633 0.0880141 
0.00966999 -0.0177601 9.14106e-05 -7.1828e-05 -0.0177601 0.0876319 -6.99778e-05 -5.23247e-06 9.14106e-05 -6.99778e-05 0.00969447 -0.0178105 -7.1828e-05 -5.23247e-06 -0.0178105 0.0878962 
0.00966071 -0.0177791 9.21337e-05 -3.17127e-05 -0.0177791 0.087749 -2.97682e-05 -0.000120566 9.21337e-05 -2.97682e-05 0.00970366 -0.0178066 -3.17127e-05 -0.000120566 -0.0178066 0.0879347 
0.00964223 -0.0177486 0.000118267 -3.16741e-05 -0.0177486 0.0876958 -3.50135e-05 -0.00015774 0.000118267 -3.50135e-05 0.00970634 -0.0177961 -3.16741e-05 -0.00015774 -0.0177961 0.0878786 
0.00957648 -0.0176198 0.000127604 -6.05816e-05 -0.0176198 0.0871303 -6.85337e-05 -0.000116566 0.000127604 -6.85337e-05 0.00967022 -0.0177035 -6.05816e-05 -0.000116566 -0.0177035 0.0873885 
0.00956304 -0.0175702 0.000104119 -8.11794e-05 -0.0175702 0.0869009 -8.32622e-05 -5.65432e-05 0.000104119 -8.32622e-05 0.00964831 -0.0176868 -8.11794e-05 -5.65432e-05 -0.0176868 0.0872398 
0.00958 -0.017599 9.22036e-05 -6.02236e-05 -0.017599 0.0869975 -5.22192e-05 -7.04376e-05 9.22036e-05 -5.22192e-05 0.00964955 -0.0177039 -6.02236e-05 -7.04376e-05 -0.0177039 0.08735 
0.00960192 -0.0176274 9.42189e-05 -4.3854e-05 -0.0176274 0.0871087 -3.32421e-05 -0.00011692 9.42189e-05 -3.32421e-05 0.00964947 -0.01771 -4.3854e-05 -0.00011692 -0.01771 0.0874183 
0.00958693 -0.0176432 0.000125626 -4.08549e-05 -0.0176432 0.0871402 -3.27728e-05 -0.000143742 0.000125626 -3.27728e-05 0.0096601 -0.0176894 -4.08549e-05 -0.000143742 -0.0176894 0.0873614 
0.0095815 -0.0176479 0.000181677 -8.03252e-05 -0.0176479 0.0872324 -7.48362e-05 -8.42866e-05 0.000181677 -7.48362e-05 0.00969099 -0.0177218 -8.03252e-05 -8.42866e-05 -0.0177218 0.0874513 
0.00960396 -0.0176573 0.000178158 -0.000148569 -0.0176573 0.0873512 -0.000145397 5.52466e-05 0.000178158 -0.000145397 0.00971375 -0.0177903 -0.000148569 5.52466e-05 -0.0177903 0.0876901 
0.00959398 -0.017628 0.000145462 -0.000145831 -0.017628 0.0871684 -0.000140901 0.000115581 0.000145462 -0.000140901 0.00970884 -0.0177645 -0.000145831 0.000115581 -0.0177645 0.0875728 
0.00960557 -0.0176374 0.000101926 -0.000105729 -0.0176374 0.0871661 -9.62599e-05 5.82294e-05 0.000101926 -9.62599e-05 0.00970412 -0.0177709 -0.000105729 5.82294e-05 -0.0177709 0.0875704 
0.00960451 -0.0176637 8.59209e-05 -4.79404e-05 -0.0176637 0.0872498 -3.36401e-05 -7.57028e-05 8.59209e-05 -3.36401e-05 0.00970525 -0.0177833 -4.79404e-05 -7.57028e-05 -0.0177833 0.0876382 
0.00960446 -0.0176613 0.000117703 -2.91816e-05 -0.0176613 0.0872803 -1.51828e-05 -0.000163753 0.000117703 -1.51828e-05 0.00970365 -0.0177838 -2.91816e-05 -0.000163753 -0.0177838 0.0876602 
0.00959972 -0.0176474 0.000139349 -6.08421e-05 -0.0176474 0.0872311 -5.19115e-05 -0.000145568 0.000139349 -5.19115e-05 0.00969686 -0.0177759 -6.08421e-05 -0.000145568 -0.0177759 0.087631 
0.00958466 -0.0176362 0.000142089 -8.63623e-05 -0.0176362 0.0871609 -8.4196e-05 -7.94523e-05 0.000142089 -8.4196e-05 0.00969982 -0.0177509 -8.63623e-05 -7.94523e-05 -0.0177509 0.0875322 
0.00956782 -0.0175918 0.000153516 -8.44237e-05 -0.0175918 0.0869862 -8.58229e-05 -5.66937e-05 0.000153516 -8.58229e-05 0.00969182 -0.0177369 -8.44237e-05 -5.66937e-05 -0.0177369 0.0873965 
0.00958635 -0.0175802 0.000165803 -9.73716e-05 -0.0175802 0.0869167 -0.000100622 -3.1895e-05 0.000165803 -0.000100622 0.0096778 -0.0177394 -9.73716e-05 -3.1895e-05 -0.0177394 0.0873772 
0.0096019 -0.0176253 0.000172552 -0.00011337 -0.0176253 0.0870232 -0.000119571 1.06024e-05 0.000172552 -0.000119571 0.00967029 -0.017738 -0.00011337 1.06024e-05 -0.017738 0.0874237 
0.0095826 -0.0176101 0.000155503 -0.000125327 -0.0176101 0.0869216 -0.000133955 5.49678e-05 0.000155503 -0.000133955 0.00965335 -0.0176832 -0.000125327 5.49678e-05 -0.0176832 0.0872115 
0.00960889 -0.0176832 0.000141828 -0.000103952 -0.0176832 0.0873059 -0.000114254 3.9808e-05 0.000141828 -0.000114254 0.00969289 -0.0177533 -0.000103952 3.9808e-05 -0.0177533 0.0875348 
0.00961012 -0.017681 0.00014847 -8.0895e-05 -0.017681 0.0873685 -8.90014e-05 -1.99996e-05 0.00014847 -8.90014e-05 0.00970178 -0.0177786 -8.0895e-05 -1.99996e-05 -0.0177786 0.087635 
0.00961337 -0.0176871 0.000145506 -8.71981e-05 -0.0176871 0.0874356 -8.91727e-05 -4.74734e-05 0.000145506 -8.91727e-05 0.00970593 -0.0178029 -8.71981e-05 -4.74734e-05 -0.0178029 0.0877595 
0.00961863 -0.0176946 0.000141943 -9.41579e-05 -0.0176946 0.0875089 -8.79496e-05 -4.0577e-05 0.000141943 -8.79496e-05 0.00971265 -0.0178223 -9.41579e-05 -4.0577e-05 -0.0178223 0.0878885 
0.00957085 -0.0175813 0.000138488 -9.52872e-05 -0.0175813 0.0869654 -8.3156e-05 -3.5808e-05 0.000138488 -8.3156e-05 0.00963924 -0.017706 -9.52872e-05 -3.5808e-05 -0.017706 0.0873571 
0.00957809 -0.0175935 0.00013736 -0.000100652 -0.0175935 0.0869585 -8.85548e-05 -1.35533e-05 0.00013736 -8.85548e-05 0.00962404 -0.0176655 -0.000100652 -1.35533e-05 -0.0176655 0.0872413 
0.00956146 -0.0175631 0.000134863 -9.67259e-05 -0.0175631 0.0867675 -8.76362e-05 -7.83066e-06 0.000134863 -8.76362e-05 0.00960598 -0.0175943 -9.67259e-05 -7.83066e-06 -0.0175943 0.0869112 
0.0095251 -0.0174897 0.000136395 -8.62759e-05 -0.0174897 0.0863804 -8.28193e-05 -2.33417e-05 0.000136395 -8.28193e-05 0.00956395 -0.0175176 -8.62759e-05 -2.33417e-05 -0.0175176 0.0864613 
0.0095269 -0.0174946 0.0001607 -8.68356e-05 -0.0174946 0.0863808 -8.73554e-05 -2.54414e-05 0.0001607 -8.73554e-05 0.00956055 -0.0175285 -8.68356e-05 -2.54414e-05 -0.0175285 0.0864662 
0.00953203 -0.0175269 0.000175394 -0.000119852 -0.0175269 0.0865311 -0.000117728 2.62649e-05 0.000175394 -0.000117728 0.00956269 -0.0175603 -0.000119852 2.62649e-05 -0.0175603 0.0866249 
0.00952792 -0.0175334 0.000175275 -0.000138143 -0.0175334 0.0866151 -0.000134306 7.95666e-05 0.000175275 -0.000134306 0.00956212 -0.0175705 -0.000138143 7.95666e-05 -0.0175705 0.0867273 
0.00947893 -0.0174935 0.000164939 -0.000137432 -0.0174935 0.086473 -0.000132633 9.72664e-05 0.000164939 -0.000132633 0.0095751 -0.0175304 -0.000137432 9.72664e-05 -0.0175304 0.0865857 
0.00960557 -0.0177408 0.00014673 -0.000124178 -0.0177408 0.0878243 -0.000116343 7.13313e-05 0.00014673 -0.000116343 0.00977073 -0.0178367 -0.000124178 7.13313e-05 -0.0178367 0.0880002 
0.00960215 -0.0177127 0.000134718 -9.54231e-05 -0.0177127 0.0877859 -8.79142e-05 8.83859e-06 0.000134718 -8.79142e-05 0.00978942 -0.0179027 -9.54231e-05 8.83859e-06 -0.0179027 0.0881575 
0.00960475 -0.0176741 0.000132898 -8.84154e-05 -0.0176741 0.0876242 -8.22051e-05 -1.76943e-05 0.000132898 -8.22051e-05 0.00976836 -0.017921 -8.84154e-05 -1.76943e-05 -0.017921 0.088212 
0.00961594 -0.0176931 0.000113172 -8.49262e-05 -0.0176931 0.0876363 -8.43924e-05 -2.51477e-05 0.000113172 -8.43924e-05 0.0097468 -0.017907 -8.49262e-05 -2.51477e-05 -0.017907 0.0882529 
0.00961391 -0.0176929 0.000110424 -6.544e-05 -0.0176929 0.0876175 -7.07419e-05 -4.02868e-05 0.000110424 -7.07419e-05 0.00972238 -0.0178775 -6.544e-05 -4.02868e-05 -0.0178775 0.0881967 
0.00963163 -0.0177078 0.000124199 -5.70763e-05 -0.0177078 0.0876947 -6.77183e-05 -6.27331e-05 0.000124199 -6.77183e-05 0.00970767 -0.0178667 -5.70763e-05 -6.27331e-05 -0.0178667 0.0882192 
0.0096467 -0.0177061 0.000138489 -7.91028e-05 -0.0177061 0.0876422 -8.68842e-05 -3.05646e-05 0.000138489 -8.68842e-05 0.00968324 -0.0178181 -7.91028e-05 -3.05646e-05 -0.0178181 0.0880645 
0.00965048 -0.0177002 0.000152763 -0.000104228 -0.0177002 0.0875217 -0.000103609 2.50515e-05 0.000152763 -0.000103609 0.00964657 -0.0177549 -0.000104228 2.50515e-05 -0.0177549 0.0877992 
0.0097 -0.0177849 0.000156811 -0.000126402 -0.0177849 0.087836 -0.000120472 8.09538e-05 0.000156811 -0.000120472 0.00964044 -0.0177615 -0.000126402 8.09538e-05 -0.0177615 0.0878929 
0.0097174 -0.017817 0.000155285 -0.000125946 -0.017817 0.08792 -0.000120909 9.68342e-05 0.000155285 -0.000120909 0.00962257 -0.0177178 -0.000125946 9.68342e-05 -0.0177178 0.0877523 
0.00968695 -0.0178148 0.000143553 -0.000119537 -0.0178148 0.0878419 -0.000116772 8.73488e-05 0.000143553 -0.000116772 0.00962671 -0.017645 -0.000119537 8.73488e-05 -0.017645 0.0874331 
0.00967468 -0.0177837 0.00014548 -0.000100785 -0.0177837 0.0877733 -9.86983e-05 4.84178e-05 0.00014548 -9.86983e-05 0.009625 -0.0176588 -0.000100785 4.84178e-05 -0.0176588 0.0873365 
0.00963285 -0.0177114 0.000146987 -0.000100237 -0.0177114 0.0874201 -9.47348e-05 2.10583e-05 0.000146987 -9.47348e-05 0.0096019 -0.0176022 -0.000100237 2.10583e-05 -0.0176022 0.0870207 
0.00961388 -0.0176939 0.000144353 -0.000109379 -0.0176939 0.087359 -0.000104706 3.73456e-05 0.000144353 -0.000104706 0.00961248 -0.0176228 -0.000109379 3.73456e-05 -0.0176228 0.0870498 
0.00959554 -0.0176736 0.00014454 -0.000102323 -0.0176736 0.0873152 -0.000102339 3.60551e-05 0.00014454 -0.000102339 0.00961945 -0.0176483 -0.000102323 3.60551e-05 -0.0176483 0.0871281 
0.00960789 -0.0177224 0.000159444 -0.000104831 -0.0177224 0.0876069 -0.000107342 4.2771e-05 0.000159444 -0.000107342 0.0096684 -0.0177249 -0.000104831 4.2771e-05 -0.0177249 0.0875124 
0.00963678 -0.0177902 0.000155272 -0.000119686 -0.0177902 0.088038 -0.000123361 6.59467e-05 0.000155272 -0.000123361 0.00973153 -0.0178453 -0.000119686 6.59467e-05 -0.0178453 0.0880707 
0.00964667 -0.0177671 0.000163939 -0.000116409 -0.0177671 0.0880149 -0.000119201 7.49784e-05 0.000163939 -0.000119201 0.00973603 -0.0178714 -0.000116409 7.49784e-05 -0.0178714 0.0881916 
0.00965579 -0.0177413 0.000169385 -0.000119905 -0.0177413 0.0878522 -0.000120607 6.93653e-05 0.000169385 -0.000120607 0.00971451 -0.0178447 -0.000119905 6.93653e-05 -0.0178447 0.0880946 
0.00965696 -0.0177621 0.000171127 -0.000126282 -0.0177621 0.0878554 -0.000128546 8.01834e-05 0.000171127 -0.000128546 0.00971485 -0.0178282 -0.000126282 8.01834e-05 -0.0178282 0.0880568 
0.00964167 -0.0177277 0.000153279 -0.000131088 -0.0177277 0.0876846 -0.000134744 9.67361e-05 0.000153279 -0.000134744 0.00968672 -0.0177927 -0.000131088 9.67361e-05 -0.0177927 0.0878606 
0.00964306 -0.0177674 0.000142697 -0.000111227 -0.0177674 0.0878553 -0.00011357 7.27107e-05 0.000142697 -0.00011357 0.0097022 -0.0178084 -0.000111227 7.27107e-05 -0.0178084 0.0879796 
0.00944208 -0.0174068 0.00013408 -9.62098e-05 -0.0174068 0.0861363 -9.55279e-05 3.35096e-05 0.00013408 -9.55279e-05 0.00951151 -0.0174569 -9.62098e-05 3.35096e-05 -0.0174569 0.0862404 
0.00948493 -0.0174555 0.000132043 -9.62879e-05 -0.0174555 0.0864451 -9.2204e-05 2.24504e-05 0.000132043 -9.2204e-05 0.00954255 -0.0175351 -9.62879e-05 2.24504e-05 -0.0175351 0.0866136 
0.0095172 -0.0174803 0.000123088 -9.70611e-05 -0.0174803 0.0865356 -9.08219e-05 2.31561e-05 0.000123088 -9.08219e-05 0.00954211 -0.0175465 -9.70611e-05 2.31561e-05 -0.0175465 0.086715 
0.0094978 -0.0174222 0.000145077 -8.71568e-05 -0.0174222 0.0861787 -8.08045e-05 1.2663e-05 0.000145077 -8.08045e-05 0.00951035 -0.0174609 -8.71568e-05 1.2663e-05 -0.0174609 0.0863247 
0.00949421 -0.0174297 0.000169128 -0.000108779 -0.0174297 0.0861116 -0.00010494 3.70934e-05 0.000169128 -0.00010494 0.00950546 -0.0174343 -0.000108779 3.70934e-05 -0.0174343 0.0861643 
0.00970415 -0.0178368 0.00016933 -0.000136867 -0.0178368 0.0880891 -0.000134451 8.90118e-05 0.00016933 -0.000134451 0.00972205 -0.0178298 -0.000136867 8.90118e-05 -0.0178298 0.0880701 
0.00970165 -0.0178364 0.000139776 -0.000130617 -0.0178364 0.0881154 -0.000128746 0.000100489 0.000139776 -0.000128746 0.00971004 -0.0178404 -0.000130617 0.000100489 -0.0178404 0.0880892 
0.00948016 -0.017475 0.000123587 -9.43829e-05 -0.017475 0.0863457 -9.28663e-05 4.75023e-05 0.000123587 -9.28663e-05 0.00951021 -0.0174683 -9.43829e-05 4.75023e-05 -0.0174683 0.0863075 
0.00946756 -0.0174565 0.000123277 -7.86057e-05 -0.0174565 0.0863704 -7.63021e-05 -4.28584e-06 0.000123277 -7.63021e-05 0.00952103 -0.0174763 -7.86057e-05 -4.28584e-06 -0.0174763 0.0863635 
0.00948082 -0.0174568 0.00012533 -7.92488e-05 -0.0174568 0.0864415 -7.7224e-05 -2.07442e-05 0.00012533 -7.7224e-05 0.00953775 -0.0175074 -7.92488e-05 -2.07442e-05 -0.0175074 0.0865032 
0.00948307 -0.0174377 0.000130195 -8.24723e-05 -0.0174377 0.0863503 -8.14942e-05 -1.48762e-05 0.000130195 -8.14942e-05 0.00953672 -0.0175071 -8.24723e-05 -1.48762e-05 -0.0175071 0.0864879 
0.00951654 -0.0174867 0.0001428 -9.15213e-05 -0.0174867 0.0865388 -9.10612e-05 5.75241e-06 0.0001428 -9.10612e-05 0.00953775 -0.0175422 -9.15213e-05 5.75241e-06 -0.0175422 0.0866719 
0.0095328 -0.017509 0.000170027 -0.000106028 -0.017509 0.0865911 -0.00010899 4.14077e-05 0.000170027 -0.00010899 0.00952768 -0.017519 -0.000106028 4.14077e-05 -0.017519 0.0866416 
0.00953891 -0.0175307 0.000178312 -0.000141648 -0.0175307 0.0866445 -0.000146983 0.000118469 0.000178312 -0.000146983 0.00952431 -0.0174946 -0.000141648 0.000118469 -0.0174946 0.0865611 
0.00953306 -0.0174944 0.000164673 -0.000146852 -0.0174944 0.0864764 -0.000149105 0.000151436 0.000164673 -0.000149105 0.00949521 -0.0174603 -0.000146852 0.000151436 -0.0174603 0.0863562 
0.00970725 -0.0178229 0.000152056 -0.000130817 -0.0178229 0.088047 -0.000129303 0.000126116 0.000152056 -0.000129303 0.00965955 -0.0177633 -0.000130817 0.000126116 -0.0177633 0.0878811 
0.00966373 -0.0177639 0.000139142 -0.000106347 -0.0177639 0.0877444 -0.000103882 6.28578e-05 0.000139142 -0.000103882 0.00961647 -0.0176889 -0.000106347 6.28578e-05 -0.0176889 0.0875267 
0.00963314 -0.0177183 0.000157948 -9.17232e-05 -0.0177183 0.0875404 -8.56097e-05 7.99378e-06 0.000157948 -8.56097e-05 0.00959456 -0.0176305 -9.17232e-05 7.99378e-06 -0.0176305 0.0872668 
0.00963041 -0.0177375 0.000161534 -0.000122857 -0.0177375 0.0876561 -0.000113777 4.00464e-05 0.000161534 -0.000113777 0.00962423 -0.0176517 -0.000122857 4.00464e-05 -0.0176517 0.0873507 
0.00964968 -0.0177751 0.000157927 -0.000129835 -0.0177751 0.0879124 -0.00011924 7.38567e-05 0.000157927 -0.00011924 0.00965655 -0.0177336 -0.000129835 7.38567e-05 -0.0177336 0.0876667 
0.00966679 -0.0177957 0.000177574 -0.000127095 -0.0177957 0.0880463 -0.000118612 8.66429e-05 0.000177574 -0.000118612 0.00966378 -0.0177678 -0.000127095 8.66429e-05 -0.0177678 0.0878529 
0.00964655 -0.0177507 0.000159815 -0.000147174 -0.0177507 0.0878223 -0.000141052 0.00012086 0.000159815 -0.000141052 0.00962669 -0.0177117 -0.000147174 0.00012086 -0.0177117 0.0876324 
0.00958913 -0.0176069 0.000123329 -0.000128746 -0.0176069 0.0871069 -0.000126107 0.000123598 0.000123329 -0.000126107 0.00954107 -0.0175551 -0.000128746 0.000123598 -0.0175551 0.0869018 
0.00956655 -0.0175721 0.000114103 -8.08211e-05 -0.0175721 0.0868491 -8.48073e-05 4.9877e-05 0.000114103 -8.48073e-05 0.00950332 -0.0174844 -8.08211e-05 4.9877e-05 -0.0174844 0.0865777 
0.00954771 -0.0175806 0.000106914 -6.82401e-05 -0.0175806 0.086855 -7.523e-05 -4.07262e-06 0.000106914 -7.523e-05 0.00951242 -0.0174661 -6.82401e-05 -4.07262e-06 -0.0174661 0.0865022 
0.009571 -0.0176697 0.00012282 -6.47802e-05 -0.0176697 0.0873673 -6.91906e-05 -2.45294e-05 0.00012282 -6.91906e-05 0.0095831 -0.0175855 -6.47802e-05 -2.45294e-05 -0.0175855 0.0870227 
0.00954276 -0.0176486 0.000122217 -8.83835e-05 -0.0176486 0.087395 -8.80091e-05 5.64875e-06 0.000122217 -8.80091e-05 0.00962145 -0.0176234 -8.83835e-05 5.64875e-06 -0.0176234 0.0871587 
0.00955319 -0.0176625 0.000138989 -9.35697e-05 -0.0176625 0.0876033 -8.7788e-05 3.12077e-05 0.000138989 -8.7788e-05 0.00966863 -0.0177243 -9.35697e-05 3.12077e-05 -0.0177243 0.0875602 
0.00954951 -0.017583 0.000148931 -0.000113376 -0.017583 0.0872998 -0.000108825 7.13274e-05 0.000148931 -0.000108825 0.00965414 -0.0177222 -0.000113376 7.13274e-05 -0.0177222 0.0875065 
0.00957109 -0.0175821 0.000126693 -0.000116366 -0.0175821 0.0872011 -0.000120213 9.49436e-05 0.000126693 -0.000120213 0.00964705 -0.0177288 -0.000116366 9.49436e-05 -0.0177288 0.0875484 
0.00959572 -0.0176216 0.000112933 -8.97456e-05 -0.0176216 0.0872551 -9.92022e-05 7.03548e-05 0.000112933 -9.92022e-05 0.0096501 -0.0177243 -8.97456e-05 7.03548e-05 -0.0177243 0.0875731 
0.00962987 -0.0176636 0.000117684 -6.5579e-05 -0.0176636 0.0873839 -7.48074e-05 5.05073e-06 0.000117684 -7.48074e-05 0.00965045 -0.0177412 -6.5579e-05 5.05073e-06 -0.0177412 0.0876433 
0.0096576 -0.0177371 0.000109156 -7.1257e-05 -0.0177371 0.0876338 -7.60542e-05 -1.93947e-05 0.000109156 -7.60542e-05 0.00966471 -0.0177559 -7.1257e-05 -1.93947e-05 -0.0177559 0.08776 
0.00967686 -0.0178038 0.000110095 -5.70212e-05 -0.0178038 0.0879454 -5.61529e-05 -5.96894e-05 0.000110095 -5.61529e-05 0.009684 -0.0177953 -5.70212e-05 -5.96894e-05 -0.0177953 0.0879549 
0.00968252 -0.0178107 0.00010025 -5.80602e-05 -0.0178107 0.0880202 -5.55847e-05 -8.08766e-05 0.00010025 -5.55847e-05 0.00967925 -0.0177886 -5.80602e-05 -8.08766e-05 -0.0177886 0.0879486 
0.00948575 -0.0174655 0.000105474 -5.05465e-05 -0.0174655 0.0863167 -4.60533e-05 -9.18951e-05 0.000105474 -4.60533e-05 0.0094987 -0.0174273 -5.05465e-05 -9.18951e-05 -0.0174273 0.0861858 
0.00949135 -0.0174758 0.000132014 -5.93186e-05 -0.0174758 0.0864141 -5.45734e-05 -8.61678e-05 0.000132014 -5.45734e-05 0.009513 -0.0174586 -5.93186e-05 -8.61678e-05 -0.0174586 0.0862871 
0.00945682 -0.017439 0.000155151 -9.48784e-05 -0.017439 0.0862605 -9.67566e-05 -1.04444e-05 0.000155151 -9.67566e-05 0.00951634 -0.0174383 -9.48784e-05 -1.04444e-05 -0.0174383 0.0861752 
0.00943419 -0.0173888 0.000176023 -0.000119043 -0.0173888 0.0861136 -0.000125747 6.37715e-05 0.000176023 -0.000125747 0.00951509 -0.0174573 -0.000119043 6.37715e-05 -0.0174573 0.0861809 
0.00961881 -0.0176891 0.00015669 -0.000146142 -0.0176891 0.0876452 -0.000152789 0.000131972 0.00015669 -0.000152789 0.00968301 -0.0177999 -0.000146142 0.000131972 -0.0177999 0.0878712 
0.00961738 -0.0176845 0.00011522 -0.000123834 -0.0176845 0.0875578 -0.000128104 0.00012781 0.00011522 -0.000128104 0.00966235 -0.0177725 -0.000123834 0.00012781 -0.0177725 0.087812 
0.00960865 -0.0176992 9.4888e-05 -7.68772e-05 -0.0176992 0.0875867 -8.02439e-05 4.68011e-05 9.4888e-05 -8.02439e-05 0.00966679 -0.0177475 -7.68772e-05 4.68011e-05 -0.0177475 0.0877603 
0.0096242 -0.0177194 0.000114745 -4.87865e-05 -0.0177194 0.0877394 -5.30236e-05 -3.89988e-05 0.000114745 -5.30236e-05 0.00967224 -0.0177817 -4.87865e-05 -3.89988e-05 -0.0177817 0.0878918 
0.00960081 -0.0176567 0.00011662 -7.01784e-05 -0.0176567 0.0874348 -7.14233e-05 -4.33511e-05 0.00011662 -7.14233e-05 0.0096244 -0.0177111 -7.01784e-05 -4.33511e-05 -0.0177111 0.0875849 
0.00957816 -0.017587 0.000103269 -7.75894e-05 -0.017587 0.0870554 -7.72322e-05 -1.77419e-05 0.000103269 -7.72322e-05 0.00956163 -0.0176118 -7.75894e-05 -1.77419e-05 -0.0176118 0.0871573 
0.00954766 -0.0175036 9.8435e-05 -6.33704e-05 -0.0175036 0.0865551 -6.47094e-05 -2.38656e-05 9.8435e-05 -6.47094e-05 0.00948703 -0.017472 -6.33704e-05 -2.38656e-05 -0.017472 0.0865356 
0.00953891 -0.0175029 8.95214e-05 -6.02511e-05 -0.0175029 0.0864362 -6.53099e-05 -2.64152e-05 8.95214e-05 -6.53099e-05 0.00946745 -0.0174074 -6.02511e-05 -2.64152e-05 -0.0174074 0.0862494 
0.00952368 -0.0174972 7.62375e-05 -4.60765e-05 -0.0174972 0.0863541 -5.16118e-05 -5.07571e-05 7.62375e-05 -5.16118e-05 0.00945803 -0.017366 -4.60765e-05 -5.07571e-05 -0.017366 0.0860125 
0.00952757 -0.0175382 7.59614e-05 -3.07765e-05 -0.0175382 0.0865668 -3.32498e-05 -8.99248e-05 7.59614e-05 -3.32498e-05 0.00949464 -0.017417 -3.07765e-05 -8.99248e-05 -0.017417 0.0861853 
0.00953031 -0.0175332 9.0335e-05 -2.5205e-05 -0.0175332 0.0866206 -2.20807e-05 -0.000130341 9.0335e-05 -2.20807e-05 0.009505 -0.0174624 -2.5205e-05 -0.000130341 -0.0174624 0.0863223 
0.00951528 -0.0175443 0.000130296 -5.14575e-05 -0.0175443 0.0866837 -3.8387e-05 -0.000108556 0.000130296 -3.8387e-05 0.00953557 -0.0174846 -5.14575e-05 -0.000108556 -0.0174846 0.0864453 
0.00949734 -0.0175126 0.000134068 -0.000102954 -0.0175126 0.0866373 -8.14382e-05 -2.34912e-05 0.000134068 -8.14382e-05 0.0095475 -0.0175242 -0.000102954 -2.34912e-05 -0.0175242 0.086546 
0.00947011 -0.0174571 0.00011334 -0.000105283 -0.0174571 0.0864265 -8.7773e-05 2.36467e-05 0.00011334 -8.7773e-05 0.00954241 -0.0175151 -0.000105283 2.36467e-05 -0.0175151 0.0864878 
0.00947065 -0.017467 0.000103662 -7.31307e-05 -0.017467 0.0864908 -7.12421e-05 7.37905e-07 0.000103662 -7.12421e-05 0.00956269 -0.0175455 -7.31307e-05 7.37905e-07 -0.0175455 0.0866339 
0.00947424 -0.0174891 0.000103637 -5.38278e-05 -0.0174891 0.0866456 -6.44313e-05 -3.89706e-05 0.000103637 -6.44313e-05 0.0095895 -0.0175988 -5.38278e-05 -3.89706e-05 -0.0175988 0.0868728 
0.00950636 -0.0175372 0.000112497 -5.52754e-05 -0.0175372 0.0869531 -6.61544e-05 -5.0219e-05 0.000112497 -6.61544e-05 0.00963068 -0.0176839 -5.52754e-05 -5.0219e-05 -0.0176839 0.0872849 
0.00957816 -0.0176227 0.000136616 -7.04931e-05 -0.0176227 0.0874065 -7.43375e-05 -3.27322e-05 0.000136616 -7.43375e-05 0.00966223 -0.0177938 -7.04931e-05 -3.27322e-05 -0.0177938 0.0878358 
0.00958814 -0.0176396 0.000162922 -0.000112811 -0.0176396 0.0874147 -0.000111726 5.31558e-05 0.000162922 -0.000111726 0.00965087 -0.0177651 -0.000112811 5.31558e-05 -0.0177651 0.0878168 
0.00957436 -0.0176382 0.000155009 -0.000145271 -0.0176382 0.0873589 -0.00014156 0.000141283 0.000155009 -0.00014156 0.00964352 -0.0177153 -0.000145271 0.000141283 -0.0177153 0.0876356 
0.00955942 -0.0176123 0.000149356 -0.00013755 -0.0176123 0.0872683 -0.000133555 0.000166776 0.000149356 -0.000133555 0.00963224 -0.0176968 -0.00013755 0.000166776 -0.0176968 0.087498 
