0.00663035 0 -0.000248767 0 0 0.00975368 0 0 -0.000248767 0 0.00713295 0 0 0 0 0.00975368 
0.00944301 -0.0117295 -0.00030775 0.000372045 -0.0117295 0.031444 0.000372045 -0.000713424 -0.00030775 0.000372045 0.0100636 -0.0124845 0.000372045 -0.000713424 -0.0124845 0.0328912 
0.00955809 -0.0178439 -0.00019902 0.00031667 -0.0178439 0.0659971 0.00031667 -0.000960722 -0.00019902 0.00031667 0.00995423 -0.0185308 0.00031667 -0.000960722 -0.0185308 0.0681108 
0.00913855 -0.017785 -0.000118408 8.812e-05 -0.017785 0.080038 7.97475e-05 -9.29323e-05 -0.000118408 7.97475e-05 0.00935001 -0.0179913 8.812e-05 -9.29323e-05 -0.0179913 0.0804815 
0.00914752 -0.0173006 -0.000124569 2.69674e-05 -0.0173006 0.0839003 8.47811e-06 0.00035827 -0.000124569 8.47811e-06 0.00932663 -0.0173051 2.69674e-05 0.00035827 -0.0173051 0.0832032 
0.00943062 -0.0174809 -0.000144552 7.11866e-05 -0.0174809 0.0863846 5.24054e-05 0.000300679 -0.000144552 5.24054e-05 0.00959731 -0.0175231 7.11866e-05 0.000300679 -0.0175231 0.0856185 
0.00940269 -0.0173726 -0.000180034 0.000103442 -0.0173726 0.0859812 9.06861e-05 0.000120045 -0.000180034 9.06861e-05 0.00957352 -0.01742 0.000103442 0.000120045 -0.01742 0.0854117 
0.00963268 -0.0177623 -0.000175383 0.000147171 -0.0177623 0.0879573 0.000138134 -3.60054e-05 -0.000175383 0.000138134 0.00977512 -0.0178215 0.000147171 -3.60054e-05 -0.0178215 0.0875273 
0.00965648 -0.0178099 -0.000172939 0.000136684 -0.0178099 0.0881396 0.00013335 -9.83149e-05 -0.000172939 0.00013335 0.00977491 -0.0178056 0.000136684 -9.83149e-05 -0.0178056 0.0876514 
0.00945066 -0.0174572 -0.000155828 0.000124843 -0.0174572 0.0863632 0.000126795 -9.60098e-05 -0.000155828 0.000126795 0.00959294 -0.0174084 0.000124843 -9.60098e-05 -0.0174084 0.0857578 
0.00950677 -0.0176296 -0.000153317 0.000108284 -0.0176296 0.0872542 0.000111706 -6.72386e-05 -0.000153317 0.000111706 0.00976044 -0.0176159 0.000108284 -6.72386e-05 -0.0176159 0.0866393 
0.00943481 -0.0174896 -0.00016451 0.000103797 -0.0174896 0.0867242 0.000103667 -4.0508e-05 -0.00016451 0.000103667 0.00974473 -0.0176201 0.000103797 -4.0508e-05 -0.0176201 0.0863573 
0.00960806 -0.0177502 -0.000164257 0.000114378 -0.0177502 0.0880697 0.000115096 -3.83735e-05 -0.000164257 0.000115096 0.00990537 -0.0179699 0.000114378 -3.83735e-05 -0.0179699 0.0879777 
0.00960398 -0.0177394 -0.000165257 0.000110195 -0.0177394 0.0878991 0.00011492 -3.89399e-05 -0.000165257 0.00011492 0.00988064 -0.0179416 0.000110195 -3.89399e-05 -0.0179416 0.0878963 
0.00945374 -0.0174538 -0.000165265 0.00010519 -0.0174538 0.0864176 0.000112555 -2.73066e-05 -0.000165265 0.000112555 0.00968404 -0.0176254 0.00010519 -2.73066e-05 -0.0176254 0.086387 
0.00949767 -0.017547 -0.000175226 0.00011374 -0.017547 0.0868287 0.000120415 -3.80853e-05 -0.000175226 0.000120415 0.0097157 -0.0176751 0.00011374 -3.80853e-05 -0.0176751 0.0867264 
0.00949529 -0.0175373 -0.000191085 0.000122365 -0.0175373 0.0867821 0.000128687 -5.64145e-05 -0.000191085 0.000128687 0.0097182 -0.0176502 0.000122365 -5.64145e-05 -0.0176502 0.0866282 
0.00952504 -0.0176645 -0.000198516 0.000149051 -0.0176645 0.0873823 0.000156116 -0.000111704 -0.000198516 0.000156116 0.0098037 -0.0177731 0.000149051 -0.000111704 -0.0177731 0.0871935 
0.00948135 -0.0176164 -0.000192357 0.000160948 -0.0176164 0.087289 0.000165969 -0.000160102 -0.000192357 0.000165969 0.00982532 -0.0177879 0.000160948 -0.000160102 -0.0177879 0.0871805 
0.00944045 -0.0175039 -0.000185401 0.000148457 -0.0175039 0.0868885 0.000149971 -0.000149318 -0.000185401 0.000149971 0.00979179 -0.0177687 0.000148457 -0.000149318 -0.0177687 0.0869832 
0.00941318 -0.0174209 -0.000155608 0.000137757 -0.0174209 0.0864689 0.000136076 -0.000115304 -0.000155608 0.000136076 0.00973959 -0.0176972 0.000137757 -0.000115304 -0.0176972 0.0866802 
0.00939372 -0.0174169 -0.000151544 0.000105703 -0.0174169 0.0863909 0.000100369 -5.10803e-05 -0.000151544 0.000100369 0.00973164 -0.0176693 0.000105703 -5.10803e-05 -0.0176693 0.0866065 
0.0095844 -0.0177344 -0.000156279 9.72594e-05 -0.0177344 0.0880083 9.60924e-05 -2.46043e-06 -0.000156279 9.60924e-05 0.00990229 -0.0179964 9.72594e-05 -2.46043e-06 -0.0179964 0.088214 
0.00955856 -0.017729 -0.000164653 9.98627e-05 -0.017729 0.0879212 0.000107301 -3.78494e-06 -0.000164653 0.000107301 0.00991579 -0.0179612 9.98627e-05 -3.78494e-06 -0.0179612 0.0880863 
0.00956324 -0.0177101 -0.000159077 0.00010869 -0.0177101 0.0878985 0.00012166 -2.71792e-05 -0.000159077 0.00012166 0.00990705 -0.0179923 0.00010869 -2.71792e-05 -0.0179923 0.0881183 
0.00953558 -0.0176847 -0.000164949 0.000105266 -0.0176847 0.0877503 0.000118366 -3.77473e-05 -0.000164949 0.000118366 0.00990112 -0.0179677 0.000105266 -3.77473e-05 -0.0179677 0.0880342 
0.00952847 -0.0176448 -0.000158947 0.000105857 -0.0176448 0.0876018 0.000118522 -3.09735e-05 -0.000158947 0.000118522 0.00986605 -0.0179523 0.000105857 -3.09735e-05 -0.0179523 0.0879405 
0.00954285 -0.017644 -0.000148149 0.000102459 -0.017644 0.087562 0.000114011 -2.76726e-05 -0.000148149 0.000114011 0.00983768 -0.0179219 0.000102459 -2.76726e-05 -0.0179219 0.0878896 
0.00959368 -0.0176947 -0.000126647 9.503e-05 -0.0176947 0.0877342 0.000101202 -1.09575e-05 -0.000126647 0.000101202 0.00981665 -0.0179161 9.503e-05 -1.09575e-05 -0.0179161 0.0879566 
0.00961287 -0.0177423 -0.000113979 7.38245e-05 -0.0177423 0.0878255 7.32861e-05 3.24711e-05 -0.000113979 7.32861e-05 0.00978613 -0.0178607 7.38245e-05 3.24711e-05 -0.0178607 0.0878201 
0.00957726 -0.0177397 -0.000122696 6.1989e-05 -0.0177397 0.0877763 6.2749e-05 6.3854e-05 -0.000122696 6.2749e-05 0.00978861 -0.017798 6.1989e-05 6.3854e-05 -0.017798 0.0875781 
0.00955759 -0.0177172 -0.000134757 7.5975e-05 -0.0177172 0.0877834 8.10437e-05 4.49821e-05 -0.000134757 8.10437e-05 0.00980605 -0.0178217 7.5975e-05 4.49821e-05 -0.0178217 0.0875864 
0.00954414 -0.0177224 -0.000138718 9.43659e-05 -0.0177224 0.0879158 9.84403e-05 -7.66654e-07 -0.000138718 9.84403e-05 0.00985463 -0.0179014 9.43659e-05 -7.66654e-07 -0.0179014 0.0878971 
0.00951976 -0.017641 -0.00013047 0.000101497 -0.017641 0.087635 0.000103074 -3.25896e-05 -0.00013047 0.000103074 0.00984775 -0.0179009 0.000101497 -3.25896e-05 -0.0179009 0.0878328 
0.00951766 -0.0176113 -0.000122622 8.7038e-05 -0.0176113 0.0874794 8.81139e-05 -1.41252e-05 -0.000122622 8.81139e-05 0.00983927 -0.0179039 8.7038e-05 -1.41252e-05 -0.0179039 0.0878373 
0.00955006 -0.0176431 -0.000120172 6.80899e-05 -0.0176431 0.0875735 7.09356e-05 3.60077e-05 -0.000120172 7.09356e-05 0.00983382 -0.0179203 6.80899e-05 3.60077e-05 -0.0179203 0.0879547 
0.00955511 -0.0177313 -0.000147622 6.35422e-05 -0.0177313 0.087911 6.84707e-05 6.6179e-05 -0.000147622 6.84707e-05 0.00987838 -0.0179525 6.35422e-05 6.6179e-05 -0.0179525 0.0881941 
0.00953039 -0.0176529 -0.00015632 9.65621e-05 -0.0176529 0.0876656 0.00010227 2.31769e-05 -0.00015632 0.00010227 0.00986806 -0.0179277 9.65621e-05 2.31769e-05 -0.0179277 0.0879909 
0.00955572 -0.017628 -0.000159925 0.000113797 -0.017628 0.0875407 0.000122386 -4.02131e-05 -0.000159925 0.000122386 0.00986005 -0.0179337 0.000113797 -4.02131e-05 -0.0179337 0.0879643 
0.00959841 -0.017717 -0.000147139 0.000115369 -0.017717 0.0878029 0.0001255 -6.38465e-05 -0.000147139 0.0001255 0.00988102 -0.0179705 0.000115369 -6.38465e-05 -0.0179705 0.08817 
0.00961247 -0.0177657 -0.000136727 0.000106226 -0.0177657 0.0879606 0.000111164 -5.74031e-05 -0.000136727 0.000111164 0.00987676 -0.0179688 0.000106226 -5.74031e-05 -0.0179688 0.0881839 
0.00956321 -0.0176937 -0.00014091 9.08801e-05 -0.0176937 0.0876093 9.42528e-05 -2.3609e-05 -0.00014091 9.42528e-05 0.0098521 -0.0178749 9.08801e-05 -2.3609e-05 -0.0178749 0.0877389 
0.00957585 -0.0177456 -0.000163888 9.8333e-05 -0.0177456 0.0878925 9.65998e-05 -1.37335e-05 -0.000163888 9.65998e-05 0.00990362 -0.0179498 9.8333e-05 -1.37335e-05 -0.0179498 0.0880121 
0.00937831 -0.0174332 -0.000177102 0.000124266 -0.0174332 0.0864179 0.000114956 -4.50399e-05 -0.000177102 0.000114956 0.00976897 -0.0176884 0.000124266 -4.50399e-05 -0.0176884 0.0866369 
0.00940356 -0.0174489 -0.000176762 0.000137607 -0.0174489 0.0866497 0.000126227 -7.06787e-05 -0.000176762 0.000126227 0.00980728 -0.0177898 0.000137607 -7.06787e-05 -0.0177898 0.0870472 
0.00945151 -0.0174655 -0.00017843 0.000129895 -0.0174655 0.0867536 0.000123078 -6.42002e-05 -0.00017843 0.000123078 0.0098135 -0.0178378 0.000129895 -6.42002e-05 -0.0178378 0.0872992 
0.00948682 -0.0175253 -0.000170104 0.00013025 -0.0175253 0.0868944 0.000129969 -6.32588e-05 -0.000170104 0.000129969 0.00980185 -0.0178318 0.00013025 -6.32588e-05 -0.0178318 0.0873731 
0.00948518 -0.0175809 -0.000173379 0.000118953 -0.0175809 0.0870929 0.000122448 -4.87138e-05 -0.000173379 0.000122448 0.00981507 -0.0178223 0.000118953 -4.87138e-05 -0.0178223 0.0874119 
0.00948439 -0.0175622 -0.00017193 0.00012246 -0.0175622 0.0870985 0.000122964 -4.16919e-05 -0.00017193 0.000122964 0.0098029 -0.0178214 0.00012246 -4.16919e-05 -0.0178214 0.0873733 
0.00947073 -0.0175351 -0.000160424 0.000126875 -0.0175351 0.0869715 0.000122532 -5.09362e-05 -0.000160424 0.000122532 0.00978306 -0.0177844 0.000126875 -5.09362e-05 -0.0177844 0.0872336 
0.00949098 -0.0175034 -0.000134881 0.000115452 -0.0175034 0.086821 0.000111293 -4.22963e-05 -0.000134881 0.000111293 0.00974135 -0.0177462 0.000115452 -4.22963e-05 -0.0177462 0.0870628 
0.00947611 -0.0175086 -0.000151828 8.19934e-05 -0.0175086 0.0866738 7.916e-05 1.58374e-05 -0.000151828 7.916e-05 0.00970668 -0.0176535 8.19934e-05 1.58374e-05 -0.0176535 0.0867249 
0.00948207 -0.0174733 -0.000143825 9.92422e-05 -0.0174733 0.0864996 9.5263e-05 2.32462e-05 -0.000143825 9.5263e-05 0.00964332 -0.0175952 9.92422e-05 2.32462e-05 -0.0175952 0.0864188 
0.00945026 -0.017487 -0.000149752 9.79295e-05 -0.017487 0.0864393 9.72834e-05 4.502e-06 -0.000149752 9.72834e-05 0.0096259 -0.0175117 9.79295e-05 4.502e-06 -0.0175117 0.0861495 
0.00943943 -0.0175027 -0.000156882 0.000106513 -0.0175027 0.0866173 0.000110869 -2.26056e-05 -0.000156882 0.000110869 0.00965851 -0.0175402 0.000106513 -2.26056e-05 -0.0175402 0.0862416 
0.00942721 -0.0174904 -0.000152115 0.000111969 -0.0174904 0.086675 0.000121279 -4.76356e-05 -0.000152115 0.000121279 0.00969152 -0.017584 0.000111969 -4.76356e-05 -0.017584 0.0863752 
0.009397 -0.0174448 -0.000153962 0.000103059 -0.0174448 0.0865502 0.000114702 -4.4156e-05 -0.000153962 0.000114702 0.009723 -0.0176195 0.000103059 -4.4156e-05 -0.0176195 0.0864532 
0.00936092 -0.0173693 -0.000157677 0.000102592 -0.0173693 0.0862526 0.00011191 -3.06154e-05 -0.000157677 0.00011191 0.00972985 -0.017623 0.000102592 -3.06154e-05 -0.017623 0.0863747 
0.00934689 -0.0173415 -0.000157983 0.000113671 -0.0173415 0.0861536 0.000120533 -4.69649e-05 -0.000157983 0.000120533 0.00976321 -0.0176711 0.000113671 -4.69649e-05 -0.0176711 0.0865177 
0.00934294 -0.0173121 -0.000158303 0.000114826 -0.0173121 0.0860394 0.000119792 -5.571e-05 -0.000158303 0.000119792 0.00978624 -0.0177174 0.000114826 -5.571e-05 -0.0177174 0.0866475 
0.00933166 -0.0173239 -0.000151542 0.0001144 -0.0173239 0.0860512 0.0001186 -5.44098e-05 -0.000151542 0.0001186 0.00980739 -0.0177517 0.0001144 -5.44098e-05 -0.0177517 0.086783 
0.00931917 -0.0173182 -0.000149536 0.000105081 -0.0173182 0.0860639 0.000106558 -3.3869e-05 -0.000149536 0.000106558 0.00981612 -0.0177724 0.000105081 -3.3869e-05 -0.0177724 0.0868595 
0.00935268 -0.0173239 -0.000140267 9.48853e-05 -0.0173239 0.0861523 9.68854e-05 1.40612e-06 -0.000140267 9.68854e-05 0.00981223 -0.0178097 9.48853e-05 1.40612e-06 -0.0178097 0.087029 
0.009367 -0.0173539 -0.000133632 7.97261e-05 -0.0173539 0.0861828 8.33336e-05 4.38973e-05 -0.000133632 8.33336e-05 0.00979645 -0.0177724 7.97261e-05 4.38973e-05 -0.0177724 0.0869582 
0.00935821 -0.0173626 -0.000142426 6.76704e-05 -0.0173626 0.0861793 7.19024e-05 8.5429e-05 -0.000142426 7.19024e-05 0.009784 -0.0177371 6.76704e-05 8.5429e-05 -0.0177371 0.0868193 
0.00953857 -0.0176994 -0.000153962 8.30348e-05 -0.0176994 0.0878846 8.59887e-05 8.03128e-05 -0.000153962 8.59887e-05 0.00999432 -0.0180778 8.30348e-05 8.03128e-05 -0.0180778 0.0884776 
0.00953267 -0.0176691 -0.000164855 9.77819e-05 -0.0176691 0.0877551 9.97968e-05 4.67986e-05 -0.000164855 9.97968e-05 0.00998979 -0.0180791 9.77819e-05 4.67986e-05 -0.0180791 0.0883886 
0.00959595 -0.0177117 -0.000159383 0.000117184 -0.0177117 0.0879375 0.000116073 8.79301e-07 -0.000159383 0.000116073 0.00996474 -0.0181372 0.000117184 8.79301e-07 -0.0181372 0.0886397 
0.00946571 -0.017438 -0.000129065 0.000110974 -0.017438 0.0864066 0.000106479 -1.02353e-05 -0.000129065 0.000106479 0.00972196 -0.017757 0.000110974 -1.02353e-05 -0.017757 0.0869826 
0.00949983 -0.0175006 -9.49924e-05 8.51227e-05 -0.0175006 0.086563 8.26645e-05 1.77591e-05 -9.49924e-05 8.26645e-05 0.00967206 -0.0176807 8.51227e-05 1.77591e-05 -0.0176807 0.0868446 
0.0095066 -0.0175457 -8.86595e-05 4.08555e-05 -0.0175457 0.0867224 4.37176e-05 9.62069e-05 -8.86595e-05 4.37176e-05 0.00965884 -0.0176256 4.08555e-05 9.62069e-05 -0.0176256 0.0867215 
0.00949993 -0.0175444 -8.86577e-05 2.60372e-05 -0.0175444 0.0867491 3.60385e-05 0.00015195 -8.86577e-05 3.60385e-05 0.00965955 -0.0175928 2.60372e-05 0.00015195 -0.0175928 0.0865816 
0.00949534 -0.017505 -7.22512e-05 2.28977e-05 -0.017505 0.0865746 3.62597e-05 0.000171716 -7.22512e-05 3.62597e-05 0.00963166 -0.0175495 2.28977e-05 0.000171716 -0.0175495 0.086333 
0.00947439 -0.0175101 -7.55404e-05 5.21284e-06 -0.0175101 0.0865594 1.41186e-05 0.00020924 -7.55404e-05 1.41186e-05 0.00963958 -0.017548 5.21284e-06 0.00020924 -0.017548 0.0863133 
0.00946074 -0.0174903 -8.56624e-05 8.86698e-06 -0.0174903 0.0865351 7.96787e-06 0.000237025 -8.56624e-05 7.96787e-06 0.00962977 -0.0175543 8.86698e-06 0.000237025 -0.0175543 0.0863141 
0.00942747 -0.0174429 -0.000104957 2.61262e-05 -0.0174429 0.0863518 1.63804e-05 0.000224101 -0.000104957 1.63804e-05 0.00962762 -0.0175207 2.61262e-05 0.000224101 -0.0175207 0.0861841 
0.00961261 -0.0177712 -0.000131559 5.45504e-05 -0.0177712 0.0880509 4.154e-05 0.000175722 -0.000131559 4.154e-05 0.00985684 -0.0179011 5.45504e-05 0.000175722 -0.0179011 0.087987 
0.00960545 -0.0177809 -0.00015366 8.76791e-05 -0.0177809 0.0880927 7.77301e-05 9.21331e-05 -0.00015366 7.77301e-05 0.00988567 -0.0179499 8.76791e-05 9.21331e-05 -0.0179499 0.0881232 
0.00957977 -0.0177612 -0.000164501 0.000115916 -0.0177612 0.0880554 0.00010861 6.51086e-06 -0.000164501 0.00010861 0.00990319 -0.017986 0.000115916 6.51086e-06 -0.017986 0.088228 
0.00954755 -0.0176995 -0.00017933 0.000132843 -0.0176995 0.0878363 0.000126904 -6.2906e-05 -0.00017933 0.000126904 0.00990385 -0.0179744 0.000132843 -6.2906e-05 -0.0179744 0.08814 
0.00953699 -0.0176648 -0.00016543 0.000150022 -0.0176648 0.0876885 0.000144002 -0.000114358 -0.00016543 0.000144002 0.00988209 -0.0179663 0.000150022 -0.000114358 -0.0179663 0.0880702 
0.00954335 -0.0176481 -0.000158319 0.000133542 -0.0176481 0.0875963 0.00012773 -0.000111388 -0.000158319 0.00012773 0.00985435 -0.0179457 0.000133542 -0.000111388 -0.0179457 0.0880091 
0.00951935 -0.0176747 -0.000163752 0.000123589 -0.0176747 0.0876451 0.000121589 -9.25802e-05 -0.000163752 0.000121589 0.00985618 -0.0179117 0.000123589 -9.25802e-05 -0.0179117 0.0879466 
0.00946567 -0.0175406 -0.000161354 0.00012424 -0.0175406 0.0871314 0.000128213 -8.93045e-05 -0.000161354 0.000128213 0.00980156 -0.0178298 0.00012424 -8.93045e-05 -0.0178298 0.0874841 
0.00946617 -0.0175557 -0.000161361 0.000122663 -0.0175557 0.0872093 0.000128005 -9.01614e-05 -0.000161361 0.000128005 0.00982663 -0.0178629 0.000122663 -9.01614e-05 -0.0178629 0.0876503 
0.00949175 -0.0175795 -0.000149784 0.000123076 -0.0175795 0.0873696 0.000123964 -8.51665e-05 -0.000149784 0.000123964 0.00984154 -0.0179199 0.000123076 -8.51665e-05 -0.0179199 0.0878983 
0.00951708 -0.0175809 -0.000134441 0.000111292 -0.0175809 0.0873299 0.000107491 -6.40022e-05 -0.000134441 0.000107491 0.00981093 -0.0178939 0.000111292 -6.40022e-05 -0.0178939 0.0878391 
0.00951491 -0.0175858 -0.000121439 9.03567e-05 -0.0175858 0.0872278 8.50081e-05 -1.56211e-05 -0.000121439 8.50081e-05 0.00978484 -0.0178217 9.03567e-05 -1.56211e-05 -0.0178217 0.0875885 
0.00952061 -0.0176398 -0.000121983 7.91e-05 -0.0176398 0.0874548 7.2757e-05 1.98176e-05 -0.000121983 7.2757e-05 0.0098169 -0.0178431 7.91e-05 1.98176e-05 -0.0178431 0.0876853 
0.0094935 -0.0175981 -0.000129405 7.3499e-05 -0.0175981 0.0873077 6.80946e-05 4.65074e-05 -0.000129405 6.80946e-05 0.00981485 -0.0178216 7.3499e-05 4.65074e-05 -0.0178216 0.0875068 
0.00953249 -0.0175984 -0.000122448 7.93801e-05 -0.0175984 0.0873722 7.50378e-05 4.94868e-05 -0.000122448 7.50378e-05 0.00981285 -0.0178783 7.93801e-05 4.94868e-05 -0.0178783 0.0876878 
0.00960994 -0.0176733 -0.000106481 6.8721e-05 -0.0176733 0.0876022 6.7448e-05 6.36326e-05 -0.000106481 6.7448e-05 0.0097782 -0.0178986 6.8721e-05 6.36326e-05 -0.0178986 0.0878814 
0.00965027 -0.0178199 -0.000115025 5.47162e-05 -0.0178199 0.0880991 5.96086e-05 8.08555e-05 -0.000115025 5.96086e-05 0.00980559 -0.0178936 5.47162e-05 8.08555e-05 -0.0178936 0.0880952 
0.00965636 -0.0178471 -0.00012231 6.42918e-05 -0.0178471 0.0882669 7.16194e-05 6.96689e-05 -0.00012231 7.16194e-05 0.00981147 -0.017875 6.42918e-05 6.96689e-05 -0.017875 0.0880159 
0.00943637 -0.0174818 -0.000142358 7.43794e-05 -0.0174818 0.0865056 8.07748e-05 3.926e-05 -0.000142358 8.07748e-05 0.00963367 -0.0175164 7.43794e-05 3.926e-05 -0.0175164 0.0862002 
0.0094411 -0.0175081 -0.000160059 0.000104548 -0.0175081 0.0867509 0.000104716 -1.16411e-05 -0.000160059 0.000104716 0.00968826 -0.0176018 0.000104548 -1.16411e-05 -0.0176018 0.0865258 
0.00946294 -0.0175278 -0.000178051 0.000122818 -0.0175278 0.086959 0.000115417 -5.05851e-05 -0.000178051 0.000115417 0.00973296 -0.0176998 0.000122818 -5.05851e-05 -0.0176998 0.086919 
0.00951668 -0.0175734 -0.000165607 0.000141688 -0.0175734 0.0872067 0.000130765 -8.37073e-05 -0.000165607 0.000130765 0.00975016 -0.0177836 0.000141688 -8.37073e-05 -0.0177836 0.0873195 
0.0095586 -0.0176428 -0.000145816 0.000126616 -0.0176428 0.0874397 0.000112941 -7.01438e-05 -0.000145816 0.000112941 0.00976045 -0.0177976 0.000126616 -7.01438e-05 -0.0177976 0.0875089 
0.00949414 -0.0175495 -0.000124964 0.000102468 -0.0175495 0.0869132 9.08054e-05 -2.5715e-05 -0.000124964 9.08054e-05 0.00970369 -0.017651 0.000102468 -2.5715e-05 -0.017651 0.0868437 
0.00940231 -0.0174409 -0.000148168 7.63814e-05 -0.0174409 0.0863994 6.847e-05 3.06455e-05 -0.000148168 6.847e-05 0.00969172 -0.01755 7.63814e-05 3.06455e-05 -0.01755 0.0862795 
0.00938376 -0.0173908 -0.000150561 0.00010464 -0.0173908 0.0862977 9.68213e-05 1.00492e-05 -0.000150561 9.68213e-05 0.00971639 -0.0176073 0.00010464 1.00492e-05 -0.0176073 0.0863412 
0.00955481 -0.0176635 -0.000162913 0.00011278 -0.0176635 0.0876843 0.000106075 -2.5822e-05 -0.000162913 0.000106075 0.00988611 -0.0179486 0.00011278 -2.5822e-05 -0.0179486 0.0879294 
0.00952769 -0.0176171 -0.000161977 0.000121595 -0.0176171 0.087369 0.000120902 -5.61472e-05 -0.000161977 0.000120902 0.00984536 -0.0178941 0.000121595 -5.61472e-05 -0.0178941 0.0876833 
0.00950566 -0.0176159 -0.000147253 0.000124225 -0.0176159 0.0873157 0.000130359 -8.64487e-05 -0.000147253 0.000130359 0.00982052 -0.0178608 0.000124225 -8.64487e-05 -0.0178608 0.0875762 
0.00940366 -0.0175209 -0.000154022 0.000104681 -0.0175209 0.0869179 0.00011061 -6.86932e-05 -0.000154022 0.00011061 0.00981614 -0.0177688 0.000104681 -6.86932e-05 -0.0177688 0.0871649 
0.00936151 -0.0174197 -0.000167771 0.000118006 -0.0174197 0.0866766 0.000119147 -7.73766e-05 -0.000167771 0.000119147 0.00982559 -0.0178075 0.000118006 -7.73766e-05 -0.0178075 0.0871635 
0.00935962 -0.0173736 -0.000168458 0.000138258 -0.0173736 0.0865374 0.000136853 -0.000117776 -0.000168458 0.000136853 0.00983696 -0.0178537 0.000138258 -0.000117776 -0.0178537 0.087331 
0.00939797 -0.0173871 -0.000143098 0.000138918 -0.0173871 0.0865608 0.000135182 -0.000133988 -0.000143098 0.000135182 0.0098299 -0.0178871 0.000138918 -0.000133988 -0.0178871 0.0875112 
0.00945368 -0.0174992 -0.00014806 0.000104133 -0.0174992 0.086968 9.96536e-05 -7.73882e-05 -0.00014806 9.96536e-05 0.00985322 -0.017936 0.000104133 -7.73882e-05 -0.017936 0.0878624 
0.00950917 -0.0175987 -0.000140165 0.000102776 -0.0175987 0.0874085 9.99934e-05 -3.77223e-05 -0.000140165 9.99934e-05 0.00988044 -0.0179853 0.000102776 -3.77223e-05 -0.0179853 0.0881719 
0.00954239 -0.0176562 -0.000143943 9.54586e-05 -0.0176562 0.0876592 9.38038e-05 -2.159e-05 -0.000143943 9.38038e-05 0.00988627 -0.0180049 9.54586e-05 -2.159e-05 -0.0180049 0.088305 
0.0095632 -0.017688 -0.000156892 0.000105495 -0.017688 0.0877935 0.000104671 -3.83283e-05 -0.000156892 0.000104671 0.00989094 -0.0180042 0.000105495 -3.83283e-05 -0.0180042 0.088343 
0.00959185 -0.0177044 -0.000159949 0.000122736 -0.0177044 0.08782 0.000120408 -7.55785e-05 -0.000159949 0.000120408 0.00985688 -0.017973 0.000122736 -7.55785e-05 -0.017973 0.0882227 
0.00944292 -0.017392 -0.000145049 0.00011755 -0.017392 0.0861555 0.00011493 -7.81639e-05 -0.000145049 0.00011493 0.00960498 -0.0175731 0.00011755 -7.81639e-05 -0.0175731 0.0863531 
0.00966479 -0.0177881 -0.000143409 9.99564e-05 -0.0177881 0.0879725 0.000103051 -4.81229e-05 -0.000143409 0.000103051 0.00975947 -0.0178433 9.99564e-05 -4.81229e-05 -0.0178433 0.0878712 
0.00964685 -0.0177908 -0.00015413 9.03404e-05 -0.0177908 0.0878786 9.16301e-05 -7.16729e-06 -0.00015413 9.16301e-05 0.00973401 -0.0177485 9.03404e-05 -7.16729e-06 -0.0177485 0.0874765 
0.00957002 -0.0177393 -0.000168031 0.000109234 -0.0177393 0.0876225 0.000106979 -2.36742e-05 -0.000168031 0.000106979 0.00974978 -0.0176662 0.000109234 -2.36742e-05 -0.0176662 0.087022 
0.00955304 -0.017723 -0.000179998 0.000132652 -0.017723 0.0877318 0.000129525 -7.66929e-05 -0.000179998 0.000129525 0.00980104 -0.0177645 0.000132652 -7.66929e-05 -0.0177645 0.0872375 
0.0095867 -0.0177585 -0.000167521 0.000149304 -0.0177585 0.0880172 0.000145394 -0.00012792 -0.000167521 0.000145394 0.0098376 -0.0178912 0.000149304 -0.00012792 -0.0178912 0.0877444 
0.00963118 -0.0177806 -0.000144726 0.000130038 -0.0177806 0.0881388 0.000128421 -0.000116618 -0.000144726 0.000128421 0.0098188 -0.0179328 0.000130038 -0.000116618 -0.0179328 0.0880076 
0.00964008 -0.0177888 -0.000136813 0.000103648 -0.0177888 0.0880815 0.000101819 -6.74301e-05 -0.000136813 0.000101819 0.00979356 -0.0178812 0.000103648 -6.74301e-05 -0.0178812 0.0879272 
0.00961444 -0.0178093 -0.000133379 9.25805e-05 -0.0178093 0.0881274 9.23333e-05 -2.70166e-05 -0.000133379 9.23333e-05 0.00981211 -0.0178539 9.25805e-05 -2.70166e-05 -0.0178539 0.0878653 
0.00959848 -0.0178049 -0.000147203 8.37288e-05 -0.0178049 0.0882423 8.96178e-05 -3.02114e-06 -0.000147203 8.96178e-05 0.00985898 -0.0179088 8.37288e-05 -3.02114e-06 -0.0179088 0.0880316 
0.00957028 -0.0177587 -0.000171829 0.000100736 -0.0177587 0.0881162 0.00011149 -2.83316e-05 -0.000171829 0.00011149 0.00988067 -0.01793 0.000100736 -2.83316e-05 -0.01793 0.0880412 
0.00936925 -0.0173335 -0.000175793 0.00012755 -0.0173335 0.0860961 0.000135916 -8.49999e-05 -0.000175793 0.000135916 0.00966043 -0.017589 0.00012755 -8.49999e-05 -0.017589 0.086259 
0.00939915 -0.0174054 -0.0001776 0.00014398 -0.0174054 0.08638 0.000140086 -0.000127593 -0.0001776 0.000140086 0.00968533 -0.0176437 0.00014398 -0.000127593 -0.0176437 0.0866127 
0.00938649 -0.0173771 -0.000179108 0.000147158 -0.0173771 0.0862527 0.000133753 -0.00013619 -0.000179108 0.000133753 0.0096698 -0.0176002 0.000147158 -0.00013619 -0.0176002 0.0864606 
0.00940848 -0.0173712 -0.000174803 0.000148769 -0.0173712 0.0862225 0.000136571 -0.000142686 -0.000174803 0.000136571 0.00964442 -0.0175872 0.000148769 -0.000142686 -0.0175872 0.0863961 
0.00941975 -0.0173704 -0.000174136 0.000143837 -0.0173704 0.08611 0.000138267 -0.000148429 -0.000174136 0.000138267 0.00961285 -0.0175263 0.000143837 -0.000148429 -0.0175263 0.086175 
0.00943119 -0.0174133 -0.000174958 0.00014536 -0.0174133 0.0862176 0.000141998 -0.000157661 -0.000174958 0.000141998 0.00962888 -0.01751 0.00014536 -0.000157661 -0.01751 0.0861262 
0.00945971 -0.0174497 -0.000188409 0.000143817 -0.0174497 0.0863777 0.000139055 -0.000155064 -0.000188409 0.000139055 0.0096469 -0.0175406 0.000143817 -0.000155064 -0.0175406 0.0861968 
0.00951549 -0.0175713 -0.000172587 0.000159065 -0.0175713 0.0869024 0.000154377 -0.00017378 -0.000172587 0.000154377 0.00968325 -0.0176356 0.000159065 -0.00017378 -0.0176356 0.0866354 
0.00952357 -0.0175953 -0.000156136 0.000135963 -0.0175953 0.087018 0.000133203 -0.000147602 -0.000156136 0.000133203 0.00967971 -0.0176273 0.000135963 -0.000147602 -0.0176273 0.0866501 
0.00947603 -0.0175827 -0.000157678 0.000107223 -0.0175827 0.086965 0.000103526 -7.3222e-05 -0.000157678 0.000103526 0.00969816 -0.0175938 0.000107223 -7.3222e-05 -0.0175938 0.0865123 
0.00943857 -0.0175114 -0.000164758 0.000109268 -0.0175114 0.086793 0.000104143 -4.21853e-05 -0.000164758 0.000104143 0.00971158 -0.0176111 0.000109268 -4.21853e-05 -0.0176111 0.0864527 
0.00943418 -0.0174614 -0.000166639 0.000112521 -0.0174614 0.0866433 0.000108944 -3.49303e-05 -0.000166639 0.000108944 0.00970187 -0.0176438 0.000112521 -3.49303e-05 -0.0176438 0.08652 
0.00938672 -0.0174013 -0.000164836 0.000117348 -0.0174013 0.0863111 0.000112705 -4.21562e-05 -0.000164836 0.000112705 0.00969254 -0.0175856 0.000117348 -4.21562e-05 -0.0175856 0.0862958 
0.00957263 -0.0177385 -0.000154984 0.000123317 -0.0177385 0.0880495 0.000117029 -5.53568e-05 -0.000154984 0.000117029 0.00990229 -0.0179805 0.000123317 -5.53568e-05 -0.0179805 0.0881521 
0.00955009 -0.0176903 -0.000168608 0.000111648 -0.0176903 0.0878492 0.000102455 -4.59134e-05 -0.000168608 0.000102455 0.00990795 -0.0179801 0.000111648 -4.59134e-05 -0.0179801 0.0881155 
0.00937193 -0.0173192 -0.000173216 0.000131776 -0.0173192 0.0860083 0.000120291 -7.75636e-05 -0.000173216 0.000120291 0.00970064 -0.0176373 0.000131776 -7.75636e-05 -0.0176373 0.086389 
0.0094266 -0.0173985 -0.000150935 0.000145293 -0.0173985 0.0862999 0.000131385 -0.000118979 -0.000150935 0.000131385 0.00970548 -0.0176832 0.000145293 -0.000118979 -0.0176832 0.0866696 
0.00945265 -0.0174577 -0.000127241 0.000117014 -0.0174577 0.0864876 0.000101659 -8.99788e-05 -0.000127241 0.000101659 0.00970511 -0.0176664 0.000117014 -8.99788e-05 -0.0176664 0.086699 
0.00948196 -0.0175206 -0.000113829 8.33155e-05 -0.0175206 0.0867637 7.37377e-05 -2.06692e-05 -0.000113829 7.37377e-05 0.00971184 -0.0176829 8.33155e-05 -2.06692e-05 -0.0176829 0.0868081 
0.00949729 -0.017581 -0.000130013 6.58311e-05 -0.017581 0.0870527 6.17187e-05 3.06408e-05 -0.000130013 6.17187e-05 0.00972478 -0.0177048 6.58311e-05 3.06408e-05 -0.0177048 0.0869562 
0.00946853 -0.0175529 -0.000160164 8.62333e-05 -0.0175529 0.0869969 8.19617e-05 1.58594e-05 -0.000160164 8.19617e-05 0.00973136 -0.0176869 8.62333e-05 1.58594e-05 -0.0176869 0.0868803 
0.00947814 -0.0175319 -0.000176657 0.000123023 -0.0175319 0.0869851 0.0001189 -5.54984e-05 -0.000176657 0.0001189 0.00973112 -0.0177084 0.000123023 -5.54984e-05 -0.0177084 0.0869346 
0.0094889 -0.0175353 -0.000182368 0.000144956 -0.0175353 0.0869666 0.000144048 -0.000130313 -0.000182368 0.000144048 0.009727 -0.0177045 0.000144956 -0.000130313 -0.0177045 0.0869475 
0.00946806 -0.0174881 -0.000173587 0.000151226 -0.0174881 0.0866962 0.000152039 -0.000171281 -0.000173587 0.000152039 0.00969492 -0.0176444 0.000151226 -0.000171281 -0.0176444 0.0866697 
0.00944006 -0.0174057 -0.000173142 0.000136245 -0.0174057 0.0862691 0.000138517 -0.00015955 -0.000173142 0.000138517 0.0096367 -0.0175595 0.000136245 -0.00015955 -0.0175595 0.0862449 
