0.00716767 0 0.000208672 0 0 0.00988441 0 0 0.000208672 0 0.00675807 0 0 0 0 0.00988441 
0.0101247 -0.012562 0.000245083 -0.000294311 -0.012562 0.0331591 -0.000294311 0.000564553 0.000245083 -0.000294311 0.00961118 -0.0119366 -0.000294311 0.000564553 -0.0119366 0.03196 
0.00988346 -0.0184056 0.000164441 -0.000202471 -0.0184056 0.0676925 -0.000202471 0.000593228 0.000164441 -0.000202471 0.00953707 -0.0178119 -0.000202471 0.000593228 -0.0178119 0.0658572 
0.00932649 -0.0179213 0.000126474 -1.66088e-05 -0.0179213 0.0802304 -2.27646e-05 -0.000247452 0.000126474 -2.27646e-05 0.00908527 -0.0177156 -1.66088e-05 -0.000247452 -0.0177156 0.0797248 
0.00933244 -0.0172893 0.000160247 -3.58637e-06 -0.0172893 0.0831307 -2.39042e-05 -0.000548916 0.000160247 -2.39042e-05 0.00906864 -0.0171879 -3.58637e-06 -0.000548916 -0.0171879 0.0834315 
0.00959389 -0.0175612 0.000183422 -7.27663e-05 -0.0175612 0.0857464 -0.00010503 -0.000372123 0.000183422 -0.00010503 0.00937471 -0.0173708 -7.27663e-05 -0.000372123 -0.0173708 0.0859648 
0.00957038 -0.0174753 0.000193144 -0.000117789 -0.0174753 0.0857222 -0.000145849 -0.000118504 0.000193144 -0.000145849 0.00937837 -0.0173192 -0.000117789 -0.000118504 -0.0173192 0.0857882 
0.00971351 -0.0177057 0.000184707 -0.000141521 -0.0177057 0.0870864 -0.000159806 3.24985e-05 0.000184707 -0.000159806 0.00954008 -0.0175941 -0.000141521 3.24985e-05 -0.0175941 0.0871713 
0.00972414 -0.0176653 0.000168971 -0.000124798 -0.0176653 0.0869541 -0.000135528 5.38508e-05 0.000168971 -0.000135528 0.00952944 -0.0175761 -0.000124798 5.38508e-05 -0.0175761 0.0870718 
0.0098095 -0.0178454 0.000166163 -9.36341e-05 -0.0178454 0.0877254 -0.000103771 -1.29124e-05 0.000166163 -0.000103771 0.00962975 -0.0177282 -9.36341e-05 -1.29124e-05 -0.0177282 0.0878151 
0.00977681 -0.0177558 0.000179891 -9.16713e-05 -0.0177558 0.087266 -9.92963e-05 -4.86054e-05 0.000179891 -9.92963e-05 0.00957092 -0.0176512 -9.16713e-05 -4.86054e-05 -0.0176512 0.0873453 
0.00973357 -0.0176923 0.000182871 -0.000115774 -0.0176923 0.0868582 -0.000117094 -2.29308e-05 0.000182871 -0.000117094 0.00952872 -0.01756 -0.000115774 -2.29308e-05 -0.01756 0.0869079 
0.00970908 -0.0176845 0.000190703 -0.00013248 -0.0176845 0.0867908 -0.000129269 2.91144e-05 0.000190703 -0.000129269 0.00952354 -0.0175469 -0.00013248 2.91144e-05 -0.0175469 0.0868075 
0.0097107 -0.0176845 0.000193462 -0.000143957 -0.0176845 0.0868566 -0.000139026 6.67556e-05 0.000193462 -0.000139026 0.00951829 -0.0175794 -0.000143957 6.67556e-05 -0.0175794 0.0869258 
0.00964185 -0.0176134 0.000198126 -0.000147732 -0.0176134 0.0865233 -0.000146194 9.67556e-05 0.000198126 -0.000146194 0.00951261 -0.0175037 -0.000147732 9.67556e-05 -0.0175037 0.0866195 
0.00958619 -0.0175042 0.000201754 -0.000148946 -0.0175042 0.0861295 -0.000150839 0.000110567 0.000201754 -0.000150839 0.00950008 -0.0174823 -0.000148946 0.000110567 -0.0174823 0.0863794 
0.00978893 -0.0178333 0.000214748 -0.00015544 -0.0178333 0.0878042 -0.000160859 0.000128517 0.000214748 -0.000160859 0.00969384 -0.0178796 -0.00015544 0.000128517 -0.0178796 0.0882674 
0.00976891 -0.0177533 0.000215959 -0.000166562 -0.0177533 0.0873631 -0.000177489 0.000161504 0.000215959 -0.000177489 0.00963322 -0.0178072 -0.000166562 0.000161504 -0.0178072 0.0879467 
0.00978757 -0.0177719 0.000217617 -0.000174756 -0.0177719 0.0873317 -0.000187501 0.000199856 0.000217617 -0.000187501 0.00960259 -0.0177704 -0.000174756 0.000199856 -0.0177704 0.0878637 
0.00981416 -0.0178724 0.000208652 -0.000174713 -0.0178724 0.0877245 -0.000186633 0.000210873 0.000208652 -0.000186633 0.00961556 -0.0178005 -0.000174713 0.000210873 -0.0178005 0.0881049 
0.00963435 -0.0175645 0.000184609 -0.000160481 -0.0175645 0.0862598 -0.000166411 0.000184524 0.000184609 -0.000166411 0.00943147 -0.017458 -0.000160481 0.000184524 -0.017458 0.086485 
0.00965429 -0.0175946 0.000170762 -0.000137649 -0.0175946 0.0864425 -0.000139895 0.000135763 0.000170762 -0.000139895 0.00941869 -0.0174469 -0.000137649 0.000135763 -0.0174469 0.0865099 
0.00966882 -0.0176166 0.000153073 -0.000124974 -0.0176166 0.0865554 -0.000125097 9.602e-05 0.000153073 -0.000125097 0.00940764 -0.0174252 -0.000124974 9.602e-05 -0.0174252 0.0864842 
0.00985476 -0.0179414 0.000160033 -0.000113137 -0.0179414 0.0881494 -0.000109508 6.62234e-05 0.000160033 -0.000109508 0.00957819 -0.0177116 -0.000113137 6.62234e-05 -0.0177116 0.0879544 
0.00982291 -0.017851 0.000182883 -0.000117436 -0.017851 0.0876817 -0.000110408 5.68685e-05 0.000182883 -0.000110408 0.00952037 -0.0176148 -0.000117436 5.68685e-05 -0.0176148 0.0874321 
0.0098071 -0.0178673 0.000188015 -0.000144511 -0.0178673 0.0876718 -0.000135455 9.42024e-05 0.000188015 -0.000135455 0.00953265 -0.017597 -0.000144511 9.42024e-05 -0.017597 0.0873499 
0.00977466 -0.0178062 0.000168682 -0.000151708 -0.0178062 0.0874229 -0.000146979 0.000133522 0.000168682 -0.000146979 0.00952572 -0.0175669 -0.000151708 0.000133522 -0.0175669 0.0871071 
0.0097914 -0.0178544 0.000158707 -0.000124408 -0.0178544 0.087659 -0.00012423 0.000104416 0.000158707 -0.00012423 0.00956694 -0.0176393 -0.000124408 0.000104416 -0.0176393 0.0873876 
0.00980312 -0.0179198 0.000129832 -0.000103315 -0.0179198 0.0880191 -0.000105817 4.38367e-05 0.000129832 -0.000105817 0.00963141 -0.0177389 -0.000103315 4.38367e-05 -0.0177389 0.0878269 
0.00963266 -0.0175755 0.000128082 -6.57824e-05 -0.0175755 0.0864492 -7.46448e-05 -2.69698e-05 0.000128082 -7.46448e-05 0.00946882 -0.017474 -6.57824e-05 -2.69698e-05 -0.017474 0.0864274 
0.00967398 -0.0176162 0.000144741 -6.74624e-05 -0.0176162 0.0866466 -7.83803e-05 -5.04943e-05 0.000144741 -7.83803e-05 0.00947692 -0.0175328 -6.74624e-05 -5.04943e-05 -0.0175328 0.0867489 
0.00988721 -0.0179361 0.000191415 -9.44804e-05 -0.0179361 0.0881545 -0.000102604 -1.18222e-05 0.000191415 -0.000102604 0.0096073 -0.0178131 -9.44804e-05 -1.18222e-05 -0.0178131 0.0882472 
0.00971931 -0.0176001 0.000217569 -0.000151795 -0.0176001 0.0863247 -0.000153309 0.00010102 0.000217569 -0.000153309 0.00935678 -0.0173816 -0.000151795 0.00010102 -0.0173816 0.086246 
0.00976059 -0.0177189 0.000227328 -0.000194368 -0.0177189 0.0867304 -0.000189669 0.000217595 0.000227328 -0.000189669 0.00937482 -0.0173689 -0.000194368 0.000217595 -0.0173689 0.0863416 
0.00979453 -0.017806 0.000230486 -0.000203288 -0.017806 0.087152 -0.000199612 0.000273839 0.000230486 -0.000199612 0.00940232 -0.0174082 -0.000203288 0.000273839 -0.0174082 0.0865281 
0.00976287 -0.0177431 0.000223242 -0.000198188 -0.0177431 0.0868971 -0.000199366 0.000278998 0.000223242 -0.000199366 0.0093823 -0.0173509 -0.000198188 0.000278998 -0.0173509 0.0862145 
0.00970132 -0.0176596 0.000225676 -0.000177313 -0.0176596 0.0865263 -0.000185198 0.000239336 0.000225676 -0.000185198 0.00937631 -0.0173132 -0.000177313 0.000239336 -0.0173132 0.0859427 
0.00968054 -0.0176433 0.000218208 -0.000178587 -0.0176433 0.0865387 -0.000184472 0.000215157 0.000218208 -0.000184472 0.00940901 -0.0173765 -0.000178587 0.000215157 -0.0173765 0.0861429 
0.00984783 -0.0179623 0.000209742 -0.000183944 -0.0179623 0.0881948 -0.00018282 0.000217247 0.000209742 -0.00018282 0.00962447 -0.0177571 -0.000183944 0.000217247 -0.0177571 0.0879825 
0.0097957 -0.0178722 0.000174627 -0.000179172 -0.0178722 0.0878342 -0.00016853 0.000209997 0.000174627 -0.00016853 0.00960292 -0.0177333 -0.000179172 0.000209997 -0.0177333 0.0878003 
0.00974699 -0.0177739 0.000144546 -0.000137341 -0.0177739 0.0873818 -0.000124217 0.000139922 0.000144546 -0.000124217 0.00958618 -0.0176526 -0.000137341 0.000139922 -0.0176526 0.0874218 
0.00979575 -0.01785 0.000135613 -9.78962e-05 -0.01785 0.087755 -8.68092e-05 4.18725e-05 0.000135613 -8.68092e-05 0.009612 -0.0177643 -9.78962e-05 4.18725e-05 -0.0177643 0.0878644 
0.00982678 -0.0178756 0.000146788 -8.40326e-05 -0.0178756 0.0878505 -7.45913e-05 -2.13369e-05 0.000146788 -7.45913e-05 0.00959545 -0.0177633 -8.40326e-05 -2.13369e-05 -0.0177633 0.0879475 
0.00966198 -0.0175724 0.000148894 -9.16626e-05 -0.0175724 0.0862962 -8.27173e-05 -3.17063e-05 0.000148894 -8.27173e-05 0.00938487 -0.0174146 -9.16626e-05 -3.17063e-05 -0.0174146 0.0863115 
0.0096898 -0.0176387 0.000163836 -0.000101307 -0.0176387 0.0865733 -9.29226e-05 -1.26854e-05 0.000163836 -9.29226e-05 0.00938732 -0.0174046 -0.000101307 -1.26854e-05 -0.0174046 0.0864138 
0.0096584 -0.0176045 0.000159933 -0.000119903 -0.0176045 0.0864141 -0.000114617 3.06978e-05 0.000159933 -0.000114617 0.00937332 -0.0173293 -0.000119903 3.06978e-05 -0.0173293 0.0860962 
0.00982254 -0.0179273 0.000152014 -0.00012081 -0.0179273 0.0880496 -0.00011751 5.71294e-05 0.000152014 -0.00011751 0.00957226 -0.0176587 -0.00012081 5.71294e-05 -0.0176587 0.0876675 
0.00976632 -0.0178205 0.000150534 -0.000109145 -0.0178205 0.0876059 -0.000107544 5.12094e-05 0.000150534 -0.000107544 0.00954935 -0.017607 -0.000109145 5.12094e-05 -0.017607 0.0873011 
0.00976903 -0.0178259 0.000146982 -0.000102279 -0.0178259 0.0876735 -0.000104757 3.44608e-05 0.000146982 -0.000104757 0.00956275 -0.0176692 -0.000102279 3.44608e-05 -0.0176692 0.0875184 
0.00976748 -0.017803 0.000157747 -9.28913e-05 -0.017803 0.0875692 -0.000100741 1.82559e-05 0.000157747 -0.000100741 0.00954593 -0.0176466 -9.28913e-05 1.82559e-05 -0.0176466 0.087457 
0.00976561 -0.0177901 0.000180416 -0.000105359 -0.0177901 0.0874441 -0.000117782 3.52254e-05 0.000180416 -0.000117782 0.00953757 -0.0175932 -0.000105359 3.52254e-05 -0.0175932 0.0872511 
0.00981657 -0.0179034 0.000200577 -0.000133079 -0.0179034 0.0879648 -0.00014297 8.26685e-05 0.000200577 -0.00014297 0.00959739 -0.0177122 -0.000133079 8.26685e-05 -0.0177122 0.0877614 
0.00982841 -0.0179213 0.000199557 -0.000163419 -0.0179213 0.0880786 -0.00016974 0.000156316 0.000199557 -0.00016974 0.00962632 -0.0177478 -0.000163419 0.000156316 -0.0177478 0.0879122 
0.00961669 -0.0175531 0.000178239 -0.000158142 -0.0175531 0.08627 -0.000166241 0.000180786 0.000178239 -0.000166241 0.00943693 -0.0174053 -0.000158142 0.000180786 -0.0174053 0.0861655 
0.00980745 -0.0179292 0.000190776 -0.00013984 -0.0179292 0.0881578 -0.000150171 0.000160843 0.000190776 -0.000150171 0.00965779 -0.0178025 -0.00013984 0.000160843 -0.0178025 0.0881235 
0.00976051 -0.0178126 0.000186921 -0.000149202 -0.0178126 0.0876982 -0.000155701 0.000157104 0.000186921 -0.000155701 0.00962008 -0.0177564 -0.000149202 0.000157104 -0.0177564 0.0878402 
0.00975602 -0.0177744 0.00018094 -0.00015071 -0.0177744 0.0875126 -0.000151606 0.000162975 0.00018094 -0.000151606 0.00960046 -0.0177479 -0.00015071 0.000162975 -0.0177479 0.0878061 
0.00974414 -0.0177306 0.000192081 -0.000142843 -0.0177306 0.0872322 -0.000142873 0.000152791 0.000192081 -0.000142873 0.00955516 -0.0176806 -0.000142843 0.000152791 -0.0176806 0.0875434 
0.00976489 -0.0177803 0.00019265 -0.000151911 -0.0177803 0.087379 -0.000152152 0.000154358 0.00019265 -0.000152152 0.00955145 -0.0176666 -0.000151911 0.000154358 -0.0176666 0.0875613 
0.00978323 -0.0178182 0.000183214 -0.000158419 -0.0178182 0.0875259 -0.000160117 0.000176677 0.000183214 -0.000160117 0.00955432 -0.0176533 -0.000158419 0.000176677 -0.0176533 0.0875378 
0.00981307 -0.017864 0.000193592 -0.000149365 -0.017864 0.0877317 -0.000151267 0.000174541 0.000193592 -0.000151267 0.00955596 -0.0176748 -0.000149365 0.000174541 -0.0176748 0.0876303 
0.0098659 -0.0179232 0.000203217 -0.000160509 -0.0179232 0.0880037 -0.0001566 0.000177329 0.000203217 -0.0001566 0.00955827 -0.0177146 -0.000160509 0.000177329 -0.0177146 0.0878503 
0.00989995 -0.0179877 0.000191255 -0.000174868 -0.0179877 0.0882152 -0.000165174 0.000199016 0.000191255 -0.000165174 0.00955832 -0.0177092 -0.000174868 0.000199016 -0.0177092 0.0879224 
0.00967326 -0.0176351 0.000159053 -0.000152382 -0.0176351 0.086444 -0.000140403 0.000167633 0.000159053 -0.000140403 0.00938223 -0.0173203 -0.000152382 0.000167633 -0.0173203 0.086023 
0.00970239 -0.0176609 0.000175291 -0.000116946 -0.0176609 0.0866839 -0.00010729 9.59549e-05 0.000175291 -0.00010729 0.00940554 -0.0173995 -0.000116946 9.59549e-05 -0.0173995 0.0862904 
0.00970886 -0.0176582 0.000177762 -0.000129681 -0.0176582 0.0866595 -0.00012133 7.46335e-05 0.000177762 -0.00012133 0.00941042 -0.0173983 -0.000129681 7.46335e-05 -0.0173983 0.0863096 
0.00968499 -0.0176476 0.000190911 -0.000132315 -0.0176476 0.0865847 -0.000126941 8.09605e-05 0.000190911 -0.000126941 0.0094349 -0.0173954 -0.000132315 8.09605e-05 -0.0173954 0.0862701 
0.0096366 -0.0176203 0.000185435 -0.000145833 -0.0176203 0.0865279 -0.000144061 0.000106039 0.000185435 -0.000144061 0.0094762 -0.0174376 -0.000145833 0.000106039 -0.0174376 0.0863479 
0.00961257 -0.0175397 0.000169253 -0.00013815 -0.0175397 0.0863175 -0.000139982 0.000109139 0.000169253 -0.000139982 0.00948523 -0.0174813 -0.00013815 0.000109139 -0.0174813 0.0864117 
0.00982806 -0.0178763 0.000164778 -0.000121978 -0.0178763 0.0879838 -0.000119921 7.44788e-05 0.000164778 -0.000119921 0.00966291 -0.0178666 -0.000121978 7.44788e-05 -0.0178666 0.0883 
0.00982333 -0.0178847 0.000159867 -0.000114479 -0.0178847 0.0878972 -0.000108915 4.14685e-05 0.000159867 -0.000108915 0.00964151 -0.0178193 -0.000114479 4.14685e-05 -0.0178193 0.0881909 
0.00961068 -0.0175382 0.000142374 -0.000102251 -0.0175382 0.086171 -9.73175e-05 1.02245e-05 0.000142374 -9.73175e-05 0.00944424 -0.017438 -0.000102251 1.02245e-05 -0.017438 0.0863479 
0.00960025 -0.0175344 0.000136143 -8.85323e-05 -0.0175344 0.0862287 -8.46939e-05 -1.73176e-05 0.000136143 -8.46939e-05 0.00945357 -0.0174442 -8.85323e-05 -1.73176e-05 -0.0174442 0.0863694 
0.00981365 -0.0178616 0.000159773 -8.27889e-05 -0.0178616 0.0879154 -7.72189e-05 -4.51752e-05 0.000159773 -7.72189e-05 0.00963408 -0.0178033 -8.27889e-05 -4.51752e-05 -0.0178033 0.0881155 
0.00980431 -0.0178779 0.000182501 -0.000105294 -0.0178779 0.087893 -9.88608e-05 -2.56501e-05 0.000182501 -9.88608e-05 0.00963992 -0.0177833 -0.000105294 -2.56501e-05 -0.0177833 0.088065 
0.00978738 -0.0179078 0.000183523 -0.000131961 -0.0179078 0.0880658 -0.000125061 2.55234e-05 0.000183523 -0.000125061 0.00968709 -0.017825 -0.000131961 2.55234e-05 -0.017825 0.0882229 
0.00979066 -0.0178153 0.000193443 -0.000140668 -0.0178153 0.0877765 -0.000134012 7.28389e-05 0.000193443 -0.000134012 0.00962549 -0.0178283 -0.000140668 7.28389e-05 -0.0178283 0.0880991 
0.00977521 -0.0177909 0.000176416 -0.000154082 -0.0177909 0.0875173 -0.000150072 0.000114333 0.000176416 -0.000150072 0.00958176 -0.0177364 -0.000154082 0.000114333 -0.0177364 0.0878388 
0.00978464 -0.0177902 0.000185966 -0.000142347 -0.0177902 0.0874501 -0.000139323 0.00012708 0.000185966 -0.000139323 0.00955524 -0.0176793 -0.000142347 0.00012708 -0.0176793 0.0876253 
0.00976432 -0.0177829 0.000168977 -0.000148412 -0.0177829 0.0873305 -0.000146368 0.000131405 0.000168977 -0.000146368 0.00954681 -0.0176163 -0.000148412 0.000131405 -0.0176163 0.0873389 
0.0097089 -0.0177644 0.000157896 -0.000123526 -0.0177644 0.0872588 -0.00012375 9.4351e-05 0.000157896 -0.00012375 0.00957362 -0.0176071 -0.000123526 9.4351e-05 -0.0176071 0.0872044 
0.00974321 -0.0177664 0.000179375 -0.00011433 -0.0177664 0.0874363 -0.000115405 6.57123e-05 0.000179375 -0.000115405 0.00956804 -0.0176924 -0.00011433 6.57123e-05 -0.0176924 0.0874684 
0.00979284 -0.0178336 0.000183253 -0.000140615 -0.0178336 0.0877161 -0.000144133 0.000100872 0.000183253 -0.000144133 0.00956529 -0.0177289 -0.000140615 0.000100872 -0.0177289 0.08778 
0.00976788 -0.0178321 0.00016709 -0.00013942 -0.0178321 0.0876497 -0.000148967 0.000123915 0.00016709 -0.000148967 0.00954537 -0.0176649 -0.00013942 0.000123915 -0.0176649 0.0876119 
0.00971991 -0.0177364 0.000145564 -0.000122811 -0.0177364 0.0872597 -0.000134606 0.000113148 0.000145564 -0.000134606 0.00950927 -0.0175751 -0.000122811 0.000113148 -0.0175751 0.0871771 
0.00968937 -0.0176719 0.000123808 -9.8005e-05 -0.0176719 0.0869555 -0.000108826 6.6058e-05 0.000123808 -0.000108826 0.00948131 -0.0175207 -9.8005e-05 6.6058e-05 -0.0175207 0.0868775 
0.00970661 -0.0176907 0.000113858 -7.39727e-05 -0.0176907 0.0870334 -7.89285e-05 2.88942e-06 0.000113858 -7.89285e-05 0.00947973 -0.0175414 -7.39727e-05 2.88942e-06 -0.0175414 0.0869674 
0.00969083 -0.0177217 0.000109152 -6.46147e-05 -0.0177217 0.0871411 -5.9467e-05 -4.79237e-05 0.000109152 -5.9467e-05 0.00950714 -0.0175404 -6.46147e-05 -4.79237e-05 -0.0175404 0.0870185 
0.00967489 -0.0176703 0.000127661 -6.42904e-05 -0.0176703 0.0869914 -5.16118e-05 -7.07517e-05 0.000127661 -5.16118e-05 0.00949236 -0.0175272 -6.42904e-05 -7.07517e-05 -0.0175272 0.0868733 
0.00969562 -0.0176729 0.000158455 -8.94956e-05 -0.0176729 0.0869996 -7.44384e-05 -3.91037e-05 0.000158455 -7.44384e-05 0.00947461 -0.0175322 -8.94956e-05 -3.91037e-05 -0.0175322 0.0869001 
0.00969733 -0.0176842 0.000161894 -0.000127156 -0.0176842 0.0869714 -0.000113271 4.07798e-05 0.000161894 -0.000113271 0.00945587 -0.0174931 -0.000127156 4.07798e-05 -0.0174931 0.0867917 
0.0097164 -0.0177412 0.000149295 -0.00013448 -0.0177412 0.0872481 -0.000127616 0.000102063 0.000149295 -0.000127616 0.00947953 -0.0175342 -0.00013448 0.000102063 -0.0175342 0.0870111 
0.00971112 -0.0177077 0.000155124 -0.000114208 -0.0177077 0.0871286 -0.000116222 9.76117e-05 0.000155124 -0.000116222 0.00947225 -0.0175084 -0.000114208 9.76117e-05 -0.0175084 0.0868862 
0.00970298 -0.0177256 0.00016502 -0.000111594 -0.0177256 0.0871784 -0.000120639 8.45239e-05 0.00016502 -0.000120639 0.00949247 -0.0175223 -0.000111594 8.45239e-05 -0.0175223 0.0869334 
0.00965265 -0.0176546 0.000157469 -0.000124145 -0.0176546 0.0868783 -0.000133987 0.000103583 0.000157469 -0.000133987 0.00947949 -0.0174787 -0.000124145 0.000103583 -0.0174787 0.0866659 
0.00965936 -0.0176236 0.000167347 -0.000120083 -0.0176236 0.0868 -0.000127011 0.000107985 0.000167347 -0.000127011 0.00946665 -0.0175011 -0.000120083 0.000107985 -0.0175011 0.0866996 
0.00967779 -0.0176337 0.000165143 -0.000131271 -0.0176337 0.0868028 -0.000131591 0.00011435 0.000165143 -0.000131591 0.00945124 -0.0175052 -0.000131271 0.00011435 -0.0175052 0.086769 
0.00967476 -0.0175972 0.000153085 -0.000133409 -0.0175972 0.0865603 -0.00012808 0.00011983 0.000153085 -0.00012808 0.00940651 -0.0174355 -0.000133409 0.00011983 -0.0174355 0.0865029 
0.0096959 -0.0176529 0.000159098 -0.000117432 -0.0176529 0.0867256 -0.000111631 9.19886e-05 0.000159098 -0.000111631 0.00941669 -0.0174304 -0.000117432 9.19886e-05 -0.0174304 0.0865448 
0.00967684 -0.0176445 0.000156579 -0.000120316 -0.0176445 0.0866581 -0.000116639 7.92717e-05 0.000156579 -0.000116639 0.00940862 -0.0173939 -0.000120316 7.92717e-05 -0.0173939 0.086355 
0.00967309 -0.0177037 0.000164654 -0.000118531 -0.0177037 0.0869846 -0.000116752 7.79888e-05 0.000164654 -0.000116752 0.00945266 -0.0174574 -0.000118531 7.79888e-05 -0.0174574 0.0866287 
0.00963392 -0.0176622 0.000150925 -0.000131308 -0.0176622 0.0869427 -0.000129414 9.98607e-05 0.000150925 -0.000129414 0.00947646 -0.017475 -0.000131308 9.98607e-05 -0.017475 0.0866608 
0.00960484 -0.0175774 0.000152699 -0.000119767 -0.0175774 0.0866804 -0.000114187 9.3962e-05 0.000152699 -0.000114187 0.00946613 -0.0174783 -0.000119767 9.3962e-05 -0.0174783 0.0865894 
0.00960177 -0.0175333 0.00015207 -0.000120752 -0.0175333 0.0864732 -0.000113561 8.58559e-05 0.00015207 -0.000113561 0.00944569 -0.0174602 -0.000120752 8.58559e-05 -0.0174602 0.0865091 
0.00958571 -0.0175008 0.000144143 -0.000119984 -0.0175008 0.0862293 -0.000118863 9.49169e-05 0.000144143 -0.000118863 0.00942179 -0.0173957 -0.000119984 9.49169e-05 -0.0173957 0.0862444 
0.00959663 -0.0175103 0.000152898 -0.000104882 -0.0175103 0.0862414 -0.000113163 8.11337e-05 0.000152898 -0.000113163 0.00942876 -0.0174014 -0.000104882 8.11337e-05 -0.0174014 0.0862375 
0.00962254 -0.0175582 0.000164605 -0.000117836 -0.0175582 0.0864231 -0.000128144 9.88851e-05 0.000164605 -0.000128144 0.0094477 -0.0174366 -0.000117836 9.88851e-05 -0.0174366 0.0863842 
0.00962127 -0.0176145 0.000142344 -0.000134811 -0.0176145 0.0866739 -0.000140276 0.000133429 0.000142344 -0.000140276 0.00949722 -0.0174883 -0.000134811 0.000133429 -0.0174883 0.0866198 
0.00963353 -0.0176299 0.000113625 -0.000112788 -0.0176299 0.0868707 -0.000113061 0.000114334 0.000113625 -0.000113061 0.00952536 -0.0175705 -0.000112788 0.000114334 -0.0175705 0.0869217 
0.00966005 -0.0176309 0.000110572 -8.06239e-05 -0.0176309 0.0869278 -7.56305e-05 4.59252e-05 0.000110572 -7.56305e-05 0.00951048 -0.0176081 -8.06239e-05 4.59252e-05 -0.0176081 0.0871155 
0.00967597 -0.0176497 0.000127555 -7.31318e-05 -0.0176497 0.0869362 -6.42964e-05 -5.51836e-06 0.000127555 -6.42964e-05 0.00947117 -0.0175661 -7.31318e-05 -5.51836e-06 -0.0175661 0.08707 
0.00965099 -0.0176217 0.000145542 -9.14417e-05 -0.0176217 0.0867458 -8.36725e-05 5.95925e-06 0.000145542 -8.36725e-05 0.0094305 -0.0174675 -9.14417e-05 5.95925e-06 -0.0174675 0.086726 
0.00955927 -0.0175166 0.000140675 -0.000111694 -0.0175166 0.0862402 -0.00010729 5.15534e-05 0.000140675 -0.00010729 0.00941015 -0.0173299 -0.000111694 5.15534e-05 -0.0173299 0.0860813 
0.00955536 -0.0174647 0.000145778 -0.000105592 -0.0174647 0.0861236 -0.00010749 6.77851e-05 0.000145778 -0.00010749 0.0094162 -0.0173627 -0.000105592 6.77851e-05 -0.0173627 0.0860398 
0.00958817 -0.0174806 0.000139004 -0.000113265 -0.0174806 0.0861802 -0.000117225 8.51608e-05 0.000139004 -0.000117225 0.00941012 -0.0174138 -0.000113265 8.51608e-05 -0.0174138 0.0862352 
0.0096367 -0.0175625 0.000133204 -0.000109292 -0.0175625 0.0864528 -0.000107487 8.47488e-05 0.000133204 -0.000107487 0.00941279 -0.0174265 -0.000109292 8.47488e-05 -0.0174265 0.0864228 
0.00964845 -0.0175679 0.000132633 -0.000105352 -0.0175679 0.0864088 -0.000100485 7.60119e-05 0.000132633 -0.000100485 0.00938028 -0.0173762 -0.000105352 7.60119e-05 -0.0173762 0.0862381 
0.00986139 -0.017957 0.000125172 -0.000102468 -0.017957 0.0882428 -9.73618e-05 5.99911e-05 0.000125172 -9.73618e-05 0.00954556 -0.0176977 -0.000102468 5.99911e-05 -0.0176977 0.0878941 
0.00983286 -0.0179822 0.000116116 -8.23379e-05 -0.0179822 0.0883128 -7.91693e-05 1.46876e-05 0.000116116 -7.91693e-05 0.00955043 -0.0176554 -8.23379e-05 1.46876e-05 -0.0176554 0.0877644 
0.00958981 -0.0175934 0.000133665 -7.0785e-05 -0.0175934 0.0865144 -6.93834e-05 -1.69585e-05 0.000133665 -6.93834e-05 0.00937421 -0.0172844 -7.0785e-05 -1.69585e-05 -0.0172844 0.0858743 
0.00958197 -0.0175833 0.000143246 -9.91058e-05 -0.0175833 0.0866575 -9.46531e-05 1.31736e-05 0.000143246 -9.46531e-05 0.00942788 -0.0173698 -9.91058e-05 1.31736e-05 -0.0173698 0.0861626 
0.00974783 -0.0178294 0.000156717 -0.000117622 -0.0178294 0.0880039 -0.000112309 6.47354e-05 0.000156717 -0.000112309 0.00959838 -0.0177184 -0.000117622 6.47354e-05 -0.0177184 0.0877791 
0.00972095 -0.0177443 0.000163093 -0.000130448 -0.0177443 0.0875357 -0.000126306 0.000106794 0.000163093 -0.000126306 0.00954621 -0.0176559 -0.000130448 0.000106794 -0.0176559 0.0874833 
0.0097137 -0.0177329 0.00016367 -0.000134711 -0.0177329 0.0873728 -0.00013487 0.000132014 0.00016367 -0.00013487 0.00951708 -0.0176045 -0.000134711 0.000132014 -0.0176045 0.0873068 
0.0097245 -0.017787 0.000119814 -0.000137177 -0.017787 0.0875887 -0.000139152 0.000148905 0.000119814 -0.000139152 0.00953851 -0.0176246 -0.000137177 0.000148905 -0.0176246 0.0874458 
0.00971845 -0.0177907 7.40946e-05 -8.49147e-05 -0.0177907 0.0876666 -8.37001e-05 7.13435e-05 7.40946e-05 -8.37001e-05 0.0095493 -0.0176504 -8.49147e-05 7.13435e-05 -0.0176504 0.0875382 
0.00973291 -0.0177918 6.56601e-05 -2.8418e-05 -0.0177918 0.0877314 -2.45182e-05 -6.26421e-05 6.56601e-05 -2.45182e-05 0.00955024 -0.017673 -2.8418e-05 -6.26421e-05 -0.017673 0.0876506 
0.0095714 -0.0175234 9.0648e-05 -1.59382e-05 -0.0175234 0.0863438 -1.1272e-05 -0.000138617 9.0648e-05 -1.1272e-05 0.00938106 -0.0173533 -1.59382e-05 -0.000138617 -0.0173533 0.0861544 
0.00955385 -0.0175213 0.000111326 -5.20268e-05 -0.0175213 0.0863885 -5.01211e-05 -9.69412e-05 0.000111326 -5.01211e-05 0.00939982 -0.0173483 -5.20268e-05 -9.69412e-05 -0.0173483 0.086144 
0.00952617 -0.0174748 0.000104118 -8.32021e-05 -0.0174748 0.0862595 -8.98477e-05 -5.38798e-07 0.000104118 -8.98477e-05 0.00941622 -0.0173484 -8.32021e-05 -5.38798e-07 -0.0173484 0.0860703 
0.00970615 -0.0177751 8.08451e-05 -7.42148e-05 -0.0177751 0.0878223 -8.21853e-05 2.40802e-05 8.08451e-05 -8.21853e-05 0.00960931 -0.0177238 -7.42148e-05 2.40802e-05 -0.0177238 0.0878137 
0.0096941 -0.0177497 8.58882e-05 -4.51217e-05 -0.0177497 0.087654 -4.551e-05 -2.6648e-05 8.58882e-05 -4.551e-05 0.00959863 -0.0177036 -4.51217e-05 -2.6648e-05 -0.0177036 0.0877172 
0.00963676 -0.0176981 8.05199e-05 -4.99134e-05 -0.0176981 0.087369 -4.13866e-05 -5.89623e-05 8.05199e-05 -4.13866e-05 0.00959156 -0.0176441 -4.99134e-05 -5.89623e-05 -0.0176441 0.0874253 
0.00956581 -0.017595 6.90527e-05 -4.34975e-05 -0.017595 0.0869761 -3.46435e-05 -7.69556e-05 6.90527e-05 -3.46435e-05 0.00958271 -0.0176104 -4.34975e-05 -7.69556e-05 -0.0176104 0.0871402 
0.00957099 -0.0175237 8.11209e-05 -3.52513e-05 -0.0175237 0.0867302 -3.05324e-05 -8.45433e-05 8.11209e-05 -3.05324e-05 0.00954875 -0.0176164 -3.52513e-05 -8.45433e-05 -0.0176164 0.087071 
0.00959583 -0.0175435 9.86595e-05 -4.76245e-05 -0.0175435 0.0866808 -4.71568e-05 -6.60317e-05 9.86595e-05 -4.71568e-05 0.0095132 -0.017578 -4.76245e-05 -6.60317e-05 -0.017578 0.0869976 
0.00962992 -0.0176514 8.3599e-05 -6.97382e-05 -0.0176514 0.0871052 -6.97089e-05 -1.91359e-05 8.3599e-05 -6.97089e-05 0.0095592 -0.0176237 -6.97382e-05 -1.91359e-05 -0.0176237 0.0873081 
0.00965904 -0.0176843 9.46347e-05 -5.50632e-05 -0.0176843 0.0872962 -5.34097e-05 -1.76055e-05 9.46347e-05 -5.34097e-05 0.00956213 -0.0176493 -5.50632e-05 -1.76055e-05 -0.0176493 0.087403 
0.00965776 -0.017678 0.000105621 -6.75819e-05 -0.017678 0.0872364 -6.46493e-05 -8.53351e-06 0.000105621 -6.46493e-05 0.00954732 -0.0176235 -6.75819e-05 -8.53351e-06 -0.0176235 0.087303 
0.00968051 -0.0176836 0.000107291 -7.74672e-05 -0.0176836 0.0872485 -7.73598e-05 1.39321e-05 0.000107291 -7.73598e-05 0.00952833 -0.0176201 -7.74672e-05 1.39321e-05 -0.0176201 0.0872913 
0.00965518 -0.0176839 8.86423e-05 -7.87992e-05 -0.0176839 0.0871598 -7.90951e-05 2.54445e-05 8.86423e-05 -7.90951e-05 0.00952635 -0.0175736 -7.87992e-05 2.54445e-05 -0.0175736 0.0871293 
0.00964711 -0.0176646 9.43646e-05 -5.43634e-05 -0.0176646 0.0871229 -5.52706e-05 -1.15515e-05 9.43646e-05 -5.52706e-05 0.00951859 -0.0175756 -5.43634e-05 -1.15515e-05 -0.0175756 0.0870796 
0.00965341 -0.0176523 0.000101133 -5.50812e-05 -0.0176523 0.0870737 -5.99708e-05 -3.39577e-05 0.000101133 -5.99708e-05 0.00948676 -0.0175653 -5.50812e-05 -3.39577e-05 -0.0175653 0.0870434 
0.00968756 -0.0177549 8.50123e-05 -6.00782e-05 -0.0177549 0.0875287 -6.4714e-05 -3.62506e-05 8.50123e-05 -6.4714e-05 0.00951867 -0.0176185 -6.00782e-05 -3.62506e-05 -0.0176185 0.0874273 
0.00967896 -0.0177397 7.05239e-05 -4.98543e-05 -0.0177397 0.0875214 -4.99389e-05 -4.39533e-05 7.05239e-05 -4.99389e-05 0.00951253 -0.0175923 -4.98543e-05 -4.39533e-05 -0.0175923 0.087351 
0.00962569 -0.0176596 7.58934e-05 -2.97383e-05 -0.0176596 0.0871673 -3.06108e-05 -8.23147e-05 7.58934e-05 -3.06108e-05 0.00949924 -0.0175169 -2.97383e-05 -8.23147e-05 -0.0175169 0.0869798 
0.00962863 -0.0176188 8.29425e-05 -3.74451e-05 -0.0176188 0.087037 -3.85631e-05 -8.52174e-05 8.29425e-05 -3.85631e-05 0.00947732 -0.0175325 -3.74451e-05 -8.52174e-05 -0.0175325 0.0869426 
0.0095991 -0.0175898 8.79449e-05 -4.74636e-05 -0.0175898 0.0868149 -4.73249e-05 -6.46644e-05 8.79449e-05 -4.73249e-05 0.00946708 -0.0174677 -4.74636e-05 -6.46644e-05 -0.0174677 0.0867098 
0.00959224 -0.0175488 9.91215e-05 -5.42019e-05 -0.0175488 0.0866267 -5.73128e-05 -3.91021e-05 9.91215e-05 -5.73128e-05 0.00944013 -0.0174375 -5.42019e-05 -3.91021e-05 -0.0174375 0.0865011 
0.0095954 -0.0175353 0.000105363 -6.52755e-05 -0.0175353 0.0865126 -7.56545e-05 -3.65663e-06 0.000105363 -7.56545e-05 0.00942123 -0.0174174 -6.52755e-05 -3.65663e-06 -0.0174174 0.0863989 
