0.00727901 0 -0.000187073 0 0 0.0101765 0 0 -0.000187073 0 0.00713717 0 0 0 0 0.0101765 
0.00995901 -0.0123616 -0.000225416 0.00027158 -0.0123616 0.0327549 0.00027158 -0.000521012 -0.000225416 0.00027158 0.00984169 -0.0122175 0.00027158 -0.000521012 -0.0122175 0.0324788 
0.0103325 -0.0192142 -0.00019635 0.000222054 -0.0192142 0.0707732 0.000222054 -0.000664013 -0.00019635 0.000222054 0.0102154 -0.0191232 0.000222054 -0.000664013 -0.0191232 0.0705038 
0.00921294 -0.0177158 -0.000158492 0.000116697 -0.0177158 0.0792908 0.000104156 -0.000117461 -0.000158492 0.000104156 0.00911478 -0.0177544 0.000116697 -0.000117461 -0.0177544 0.0798569 
0.00950509 -0.0177276 -0.000142386 0.000129705 -0.0177276 0.085178 0.000100294 3.49674e-05 -0.000142386 0.000100294 0.00942128 -0.017784 0.000129705 3.49674e-05 -0.017784 0.086297 
0.00980674 -0.0179463 -0.000147487 0.000128759 -0.0179463 0.0878089 9.87822e-05 -1.08811e-05 -0.000147487 9.87822e-05 0.00969248 -0.0179693 0.000128759 -1.08811e-05 -0.0179693 0.0887971 
0.00954878 -0.0173829 -0.000153579 0.00012072 -0.0173829 0.0853035 9.90627e-05 -5.84879e-05 -0.000153579 9.90627e-05 0.00940437 -0.0173458 0.00012072 -5.84879e-05 -0.0173458 0.0859252 
0.00975231 -0.0177151 -0.000168995 0.000131947 -0.0177151 0.0869831 0.000116892 -0.000109249 -0.000168995 0.000116892 0.00955806 -0.0176182 0.000131947 -0.000109249 -0.0176182 0.0873058 
0.0100333 -0.0181993 -0.000182916 0.000142356 -0.0181993 0.0893245 0.000136604 -0.00014726 -0.000182916 0.000136604 0.00977974 -0.0180436 0.000142356 -0.00014726 -0.0180436 0.0894278 
0.00988645 -0.0179669 -0.000158672 0.000148173 -0.0179669 0.0880927 0.000146028 -0.000172766 -0.000158672 0.000146028 0.00965093 -0.0177571 0.000148173 -0.000172766 -0.0177571 0.0880321 
0.00979136 -0.0178575 -0.000155116 0.000120065 -0.0178575 0.0875628 0.000117717 -0.000136261 -0.000155116 0.000117717 0.00963604 -0.0176678 0.000120065 -0.000136261 -0.0176678 0.0874724 
0.00976534 -0.0178184 -0.000133877 0.000113946 -0.0178184 0.0875163 0.000110338 -9.95495e-05 -0.000133877 0.000110338 0.00966996 -0.0177484 0.000113946 -9.95495e-05 -0.0177484 0.0876421 
0.00971662 -0.0177327 -0.000147793 8.67369e-05 -0.0177327 0.087183 8.14096e-05 -4.15799e-05 -0.000147793 8.14096e-05 0.00966124 -0.0177572 8.67369e-05 -4.15799e-05 -0.0177572 0.0875965 
0.0096663 -0.0175793 -0.000159605 9.98731e-05 -0.0175793 0.0864906 9.51909e-05 -3.04936e-05 -0.000159605 9.51909e-05 0.00959651 -0.0176647 9.98731e-05 -3.04936e-05 -0.0176647 0.0871274 
0.00963069 -0.0175183 -0.000163782 0.000116363 -0.0175183 0.0860843 0.000115343 -6.70404e-05 -0.000163782 0.000115343 0.00954644 -0.0175848 0.000116363 -6.70404e-05 -0.0175848 0.0867776 
0.00961195 -0.0175516 -0.000162088 0.000130847 -0.0175516 0.0861868 0.00013239 -0.000120545 -0.000162088 0.00013239 0.00955808 -0.0175787 0.000130847 -0.000120545 -0.0175787 0.0868009 
0.0095938 -0.0175337 -0.0001578 0.000131751 -0.0175337 0.0862125 0.000132219 -0.000145149 -0.0001578 0.000132219 0.00956769 -0.0175876 0.000131751 -0.000145149 -0.0175876 0.0868103 
0.00955552 -0.0174873 -0.000135283 0.000121781 -0.0174873 0.0860783 0.000118051 -0.000126377 -0.000135283 0.000118051 0.00958028 -0.0175894 0.000121781 -0.000126377 -0.0175894 0.0867725 
0.00955645 -0.0174722 -0.000126408 9.53332e-05 -0.0174722 0.086093 8.76532e-05 -7.15369e-05 -0.000126408 8.76532e-05 0.00958029 -0.017626 9.53332e-05 -7.15369e-05 -0.017626 0.0868956 
0.00995789 -0.0182075 -0.000138858 8.95e-05 -0.0182075 0.0897332 8.55049e-05 -3.82849e-05 -0.000138858 8.55049e-05 0.00998102 -0.0183755 8.95e-05 -3.82849e-05 -0.0183755 0.0906416 
0.00992506 -0.0181366 -0.000130468 9.64311e-05 -0.0181366 0.0893991 9.92358e-05 -4.41901e-05 -0.000130468 9.92358e-05 0.00993784 -0.0182981 9.64311e-05 -4.41901e-05 -0.0182981 0.0903066 
0.00993768 -0.0181508 -0.00013159 9.34331e-05 -0.0181508 0.0894404 9.80524e-05 -5.98206e-05 -0.00013159 9.80524e-05 0.00993549 -0.0182848 9.34331e-05 -5.98206e-05 -0.0182848 0.0902822 
0.00992814 -0.0181099 -0.000127619 9.9945e-05 -0.0181099 0.0892039 0.000105913 -8.33649e-05 -0.000127619 0.000105913 0.00991569 -0.0182219 9.9945e-05 -8.33649e-05 -0.0182219 0.0899712 
0.00992174 -0.0180947 -9.8509e-05 9.27389e-05 -0.0180947 0.0890727 9.96744e-05 -8.3007e-05 -9.8509e-05 9.96744e-05 0.00990887 -0.0182105 9.27389e-05 -8.3007e-05 -0.0182105 0.0898359 
0.00996469 -0.0182152 -7.15291e-05 5.22082e-05 -0.0182152 0.0896177 6.15044e-05 -1.54576e-05 -7.15291e-05 6.15044e-05 0.00996011 -0.0183259 5.22082e-05 -1.54576e-05 -0.0183259 0.090372 
0.00998654 -0.0182308 -6.58554e-05 1.66797e-05 -0.0182308 0.0897549 2.81044e-05 7.36907e-05 -6.58554e-05 2.81044e-05 0.00994792 -0.0183462 1.66797e-05 7.36907e-05 -0.0183462 0.0905083 
0.00997238 -0.018199 -9.19377e-05 7.78953e-06 -0.018199 0.0895625 1.93122e-05 0.000125428 -9.19377e-05 1.93122e-05 0.00992193 -0.0182652 7.78953e-06 0.000125428 -0.0182652 0.0902319 
0.00998664 -0.0182421 -0.000119271 4.25662e-05 -0.0182421 0.0897381 5.28068e-05 8.67304e-05 -0.000119271 5.28068e-05 0.00994451 -0.0182826 4.25662e-05 8.67304e-05 -0.0182826 0.090311 
0.00997796 -0.01822 -0.000128344 8.25408e-05 -0.01822 0.0896665 9.33485e-05 -1.00604e-05 -0.000128344 9.33485e-05 0.00994052 -0.0182856 8.25408e-05 -1.00604e-05 -0.0182856 0.0902593 
0.00957316 -0.0174788 -0.00012166 9.97194e-05 -0.0174788 0.0860088 0.00010907 -9.4333e-05 -0.00012166 0.00010907 0.00952716 -0.0175402 9.97194e-05 -9.4333e-05 -0.0175402 0.0865828 
0.00962159 -0.01757 -0.000112704 9.77074e-05 -0.01757 0.0864595 0.000107745 -0.000123416 -0.000112704 0.000107745 0.00956312 -0.0176274 9.77074e-05 -0.000123416 -0.0176274 0.0870415 
0.00961181 -0.0175371 -0.000113813 8.40312e-05 -0.0175371 0.0863058 9.13601e-05 -0.000104449 -0.000113813 9.13601e-05 0.00953892 -0.0175763 8.40312e-05 -0.000104449 -0.0175763 0.0868597 
0.00964084 -0.0175547 -0.000113345 8.94272e-05 -0.0175547 0.0863517 8.66934e-05 -9.24366e-05 -0.000113345 8.66934e-05 0.00952349 -0.0175605 8.94272e-05 -9.24366e-05 -0.0175605 0.0868239 
0.00964585 -0.0175935 -0.000117248 9.45098e-05 -0.0175935 0.0864437 8.72536e-05 -9.88812e-05 -0.000117248 8.72536e-05 0.00953895 -0.0175418 9.45098e-05 -9.88812e-05 -0.0175418 0.0867844 
0.00963399 -0.0176024 -0.000125226 0.000100097 -0.0176024 0.0865095 9.2548e-05 -0.000112795 -0.000125226 9.2548e-05 0.00956866 -0.0175642 0.000100097 -0.000112795 -0.0175642 0.0868119 
0.00963302 -0.0176074 -0.000104692 0.000108231 -0.0176074 0.0866068 0.000104861 -0.000135742 -0.000104692 0.000104861 0.00959594 -0.0176183 0.000108231 -0.000135742 -0.0176183 0.0869773 
0.00964573 -0.0176202 -0.00010013 8.20328e-05 -0.0176202 0.0867145 8.65811e-05 -0.000116044 -0.00010013 8.65811e-05 0.00961096 -0.0176675 8.20328e-05 -0.000116044 -0.0176675 0.0871851 
0.00969698 -0.0176827 -9.25901e-05 6.81723e-05 -0.0176827 0.0870234 7.65346e-05 -7.51233e-05 -9.25901e-05 7.65346e-05 0.00963854 -0.0177356 6.81723e-05 -7.51233e-05 -0.0177356 0.087548 
0.00973345 -0.0177558 -0.000104706 5.79466e-05 -0.0177558 0.0873198 6.45077e-05 -3.97108e-05 -0.000104706 6.45077e-05 0.00965949 -0.017781 5.79466e-05 -3.97108e-05 -0.017781 0.0878252 
0.00970511 -0.017732 -0.000120508 7.98524e-05 -0.017732 0.0871808 7.98094e-05 -6.11127e-05 -0.000120508 7.98094e-05 0.00965604 -0.0177248 7.98524e-05 -6.11127e-05 -0.0177248 0.0875998 
0.00965409 -0.0176301 -0.000139359 9.91375e-05 -0.0176301 0.0867441 9.43696e-05 -9.91278e-05 -0.000139359 9.43696e-05 0.0096274 -0.0176634 9.91375e-05 -9.91278e-05 -0.0176634 0.0872005 
0.00961472 -0.0175446 -0.000138619 0.000123678 -0.0175446 0.0863364 0.000116243 -0.000152087 -0.000138619 0.000116243 0.00960483 -0.0176163 0.000123678 -0.000152087 -0.0176163 0.0868945 
0.00961209 -0.0174994 -0.000113524 0.000124453 -0.0174994 0.0861006 0.000116004 -0.000174193 -0.000113524 0.000116004 0.00958948 -0.017611 0.000124453 -0.000174193 -0.017611 0.0867907 
0.0096404 -0.0175306 -0.000132449 8.78766e-05 -0.0175306 0.0861503 8.02429e-05 -0.00011499 -0.000132449 8.02429e-05 0.00957632 -0.0176276 8.78766e-05 -0.00011499 -0.0176276 0.0868777 
0.00970422 -0.0176325 -0.00015702 0.00010169 -0.0176325 0.0865559 9.41004e-05 -9.1096e-05 -0.00015702 9.41004e-05 0.00959192 -0.0176843 0.00010169 -9.1096e-05 -0.0176843 0.0872277 
0.00975272 -0.0177835 -0.000146263 0.000128576 -0.0177835 0.0872135 0.000122759 -0.000128752 -0.000146263 0.000122759 0.00964463 -0.0177718 0.000128576 -0.000128752 -0.0177718 0.0877533 
0.00971923 -0.0177507 -0.000135703 0.000114721 -0.0177507 0.0871537 0.000111866 -0.000129402 -0.000135703 0.000111866 0.00965039 -0.0177422 0.000114721 -0.000129402 -0.0177422 0.0876331 
0.00972148 -0.0177844 -0.000129949 0.00010051 -0.0177844 0.0874248 9.96617e-05 -9.8705e-05 -0.000129949 9.96617e-05 0.00969833 -0.0178216 0.00010051 -9.8705e-05 -0.0178216 0.0879624 
0.00971853 -0.0177389 -0.000113581 9.21335e-05 -0.0177389 0.0873287 9.11254e-05 -6.95604e-05 -0.000113581 9.11254e-05 0.0096949 -0.0178388 9.21335e-05 -6.95604e-05 -0.0178388 0.088002 
0.00969202 -0.0176701 -0.000104007 6.88004e-05 -0.0176701 0.086977 6.81636e-05 -1.99184e-05 -0.000104007 6.81636e-05 0.00965467 -0.0177782 6.88004e-05 -1.99184e-05 -0.0177782 0.0877328 
0.00967673 -0.0176135 -0.000107005 6.13535e-05 -0.0176135 0.086654 5.75253e-05 1.25862e-05 -0.000107005 5.75253e-05 0.00957931 -0.017696 6.13535e-05 1.25862e-05 -0.017696 0.0873825 
0.00961047 -0.017487 -0.00012717 6.7788e-05 -0.017487 0.0859446 5.97844e-05 1.49895e-05 -0.00012717 5.97844e-05 0.00947911 -0.0174883 6.7788e-05 1.49895e-05 -0.0174883 0.0865146 
0.0100417 -0.0183186 -0.000134863 0.000104059 -0.0183186 0.0899494 9.43548e-05 -4.19831e-05 -0.000134863 9.43548e-05 0.00991938 -0.018246 0.000104059 -4.19831e-05 -0.018246 0.0903105 
0.00961805 -0.0175384 -0.000147059 0.000104211 -0.0175384 0.0861715 9.97198e-05 -8.61312e-05 -0.000147059 9.97198e-05 0.00949658 -0.0174799 0.000104211 -8.61312e-05 -0.0174799 0.0864283 
0.00963192 -0.0175852 -0.000144271 0.000120924 -0.0175852 0.0864074 0.000125518 -0.000133688 -0.000144271 0.000125518 0.0095232 -0.017533 0.000120924 -0.000133688 -0.017533 0.0866687 
0.00963 -0.0175997 -0.000138102 0.000112242 -0.0175997 0.0865351 0.000123997 -0.000144892 -0.000138102 0.000123997 0.00955335 -0.0175664 0.000112242 -0.000144892 -0.0175664 0.0868294 
0.00958642 -0.0175513 -0.000119024 0.000105489 -0.0175513 0.08635 0.000116189 -0.000136185 -0.000119024 0.000116189 0.00957007 -0.0175474 0.000105489 -0.000136185 -0.0175474 0.0866966 
0.00996592 -0.0182526 -0.000132008 9.01354e-05 -0.0182526 0.0899282 9.67136e-05 -0.000103645 -0.000132008 9.67136e-05 0.0100153 -0.0183494 9.01354e-05 -0.000103645 -0.0183494 0.0905004 
0.00998094 -0.0182194 -0.000121918 0.000100009 -0.0182194 0.0898415 0.000107453 -0.000103335 -0.000121918 0.000107453 0.0100061 -0.0184036 0.000100009 -0.000103335 -0.0184036 0.0906551 
0.00954732 -0.0174318 -8.98455e-05 9.06241e-05 -0.0174318 0.0858676 9.83563e-05 -0.000106838 -8.98455e-05 9.83563e-05 0.00956311 -0.017588 9.06241e-05 -0.000106838 -0.017588 0.0867273 
0.00957638 -0.0174994 -7.25727e-05 6.10977e-05 -0.0174994 0.0861655 6.84023e-05 -6.71989e-05 -7.25727e-05 6.84023e-05 0.00959666 -0.0176343 6.10977e-05 -6.71989e-05 -0.0176343 0.086994 
0.00956533 -0.0174906 -7.88433e-05 3.72694e-05 -0.0174906 0.086124 4.4648e-05 -6.92096e-06 -7.88433e-05 4.4648e-05 0.00958796 -0.0176149 3.72694e-05 -6.92096e-06 -0.0176149 0.0868992 
0.00958241 -0.01751 -9.83942e-05 3.912e-05 -0.01751 0.0862671 4.68691e-05 2.08689e-05 -9.83942e-05 4.68691e-05 0.00959482 -0.0176582 3.912e-05 2.08689e-05 -0.0176582 0.0870853 
0.00962037 -0.0175249 -0.00011678 6.65921e-05 -0.0175249 0.0863296 7.05835e-05 -1.56204e-05 -0.00011678 7.05835e-05 0.00957227 -0.0176585 6.65921e-05 -1.56204e-05 -0.0176585 0.0871471 
0.00967337 -0.0176111 -0.000130118 9.3155e-05 -0.0176111 0.0866204 9.11795e-05 -7.26958e-05 -0.000130118 9.11795e-05 0.0095688 -0.0176608 9.3155e-05 -7.26958e-05 -0.0176608 0.0872925 
0.00973683 -0.0177481 -0.000136803 0.00011023 -0.0177481 0.0872034 0.000104648 -0.0001176 -0.000136803 0.000104648 0.00960449 -0.0177175 0.00011023 -0.0001176 -0.0177175 0.0876656 
0.00975658 -0.0177656 -0.000140161 0.000118264 -0.0177656 0.0872952 0.000108085 -0.000138523 -0.000140161 0.000108085 0.00961291 -0.0177044 0.000118264 -0.000138523 -0.0177044 0.087626 
0.00979066 -0.0177966 -0.000159642 0.000119875 -0.0177966 0.0873968 0.000108615 -0.00014247 -0.000159642 0.000108615 0.00960711 -0.017713 0.000119875 -0.00014247 -0.017713 0.0876365 
0.00977124 -0.0177393 -0.000173481 0.000137199 -0.0177393 0.0870372 0.000128032 -0.000164169 -0.000173481 0.000128032 0.00956441 -0.017628 0.000137199 -0.000164169 -0.017628 0.0872276 
0.00978353 -0.0178432 -0.000158662 0.000148511 -0.0178432 0.0874512 0.0001433 -0.000189154 -0.000158662 0.0001433 0.0096225 -0.0176994 0.000148511 -0.000189154 -0.0176994 0.0875675 
0.00978766 -0.01787 -0.000129176 0.000131366 -0.01787 0.0877212 0.000128958 -0.000177638 -0.000129176 0.000128958 0.00966905 -0.0177848 0.000131366 -0.000177638 -0.0177848 0.0878985 
0.00976034 -0.0178569 -0.000124608 9.64718e-05 -0.0178569 0.0877593 9.60735e-05 -0.000117002 -0.000124608 9.60735e-05 0.009704 -0.0178271 9.64718e-05 -0.000117002 -0.0178271 0.0880705 
0.00973607 -0.0178016 -0.000121742 8.45658e-05 -0.0178016 0.0876221 8.73452e-05 -6.66621e-05 -0.000121742 8.73452e-05 0.0097196 -0.0178467 8.45658e-05 -6.66621e-05 -0.0178467 0.0881028 
0.0097335 -0.0178204 -0.000144066 8.23961e-05 -0.0178204 0.0877781 8.74271e-05 -5.13467e-05 -0.000144066 8.74271e-05 0.00977279 -0.0179316 8.23961e-05 -5.13467e-05 -0.0179316 0.0884577 
0.00970651 -0.0177105 -0.000144477 0.000108979 -0.0177105 0.0873424 0.000113218 -8.72302e-05 -0.000144477 0.000113218 0.00973875 -0.0179002 0.000108979 -8.72302e-05 -0.0179002 0.0882325 
0.00974125 -0.017711 -0.00014696 0.000112071 -0.017711 0.0872591 0.000114564 -0.000112143 -0.00014696 0.000114564 0.00970705 -0.01789 0.000112071 -0.000112143 -0.01789 0.0882217 
0.00970848 -0.0176196 -0.000136484 0.000118222 -0.0176196 0.0866358 0.000117597 -0.000131538 -0.000136484 0.000117597 0.00962295 -0.0177171 0.000118222 -0.000131538 -0.0177171 0.0874868 
0.00971372 -0.0176597 -0.000113672 0.000110383 -0.0176597 0.0866755 0.000105043 -0.000125259 -0.000113672 0.000105043 0.00960807 -0.0176886 0.000110383 -0.000125259 -0.0176886 0.0873539 
0.0096488 -0.0176138 -0.000103879 8.04963e-05 -0.0176138 0.0864131 7.44743e-05 -7.26059e-05 -0.000103879 7.44743e-05 0.00958136 -0.0175956 8.04963e-05 -7.26059e-05 -0.0175956 0.0869166 
0.0100398 -0.0183234 -0.000112695 7.249e-05 -0.0183234 0.0900298 6.22821e-05 -2.57189e-05 -0.000112695 6.22821e-05 0.0099987 -0.0183508 7.249e-05 -2.57189e-05 -0.0183508 0.0905503 
0.00998598 -0.018203 -0.000112107 7.83459e-05 -0.018203 0.0894906 6.7535e-05 -1.70497e-05 -0.000112107 6.7535e-05 0.00993349 -0.018278 7.83459e-05 -1.70497e-05 -0.018278 0.0901126 
0.00998705 -0.0182219 -0.000111495 7.80489e-05 -0.0182219 0.0895539 7.73123e-05 -3.04926e-05 -0.000111495 7.73123e-05 0.00992548 -0.0182852 7.80489e-05 -3.04926e-05 -0.0182852 0.090209 
0.010023 -0.0182624 -0.000122333 7.20353e-05 -0.0182624 0.0897811 8.22971e-05 -3.6336e-05 -0.000122333 8.22971e-05 0.00991562 -0.0183127 7.20353e-05 -3.6336e-05 -0.0183127 0.0904132 
0.0100409 -0.0183157 -0.000115836 8.67615e-05 -0.0183157 0.0899876 0.000101443 -6.95818e-05 -0.000115836 0.000101443 0.00992131 -0.0182948 8.67615e-05 -6.95818e-05 -0.0182948 0.0904795 
0.0100292 -0.0182956 -0.000109225 8.37509e-05 -0.0182956 0.0898982 9.49257e-05 -8.44457e-05 -0.000109225 9.49257e-05 0.00991289 -0.0182402 8.37509e-05 -8.44457e-05 -0.0182402 0.0902379 
0.00961735 -0.0175349 -0.000114649 7.70117e-05 -0.0175349 0.086157 8.11621e-05 -7.48402e-05 -0.000114649 8.11621e-05 0.00951071 -0.017474 7.70117e-05 -7.48402e-05 -0.017474 0.0863957 
0.00966242 -0.0176431 -0.000131156 9.23423e-05 -0.0176431 0.086661 9.5049e-05 -9.64213e-05 -0.000131156 9.5049e-05 0.00958042 -0.017588 9.23423e-05 -9.64213e-05 -0.017588 0.0868812 
0.00967239 -0.0177397 -0.000158311 0.000113557 -0.0177397 0.0871866 0.000119181 -0.000147913 -0.000158311 0.000119181 0.00967662 -0.0177206 0.000113557 -0.000147913 -0.0177206 0.087466 
0.00966534 -0.0177087 -0.000148992 0.000143733 -0.0177087 0.0872434 0.000150163 -0.000216831 -0.000148992 0.000150163 0.00971415 -0.0178038 0.000143733 -0.000216831 -0.0178038 0.0877392 
0.00965433 -0.0176609 -0.000128986 0.000133771 -0.0176609 0.087086 0.000139258 -0.00023162 -0.000128986 0.000139258 0.00971249 -0.0178308 0.000133771 -0.00023162 -0.0178308 0.0878316 
0.00967476 -0.0176211 -0.000121187 0.000111329 -0.0176211 0.08687 0.000111694 -0.00019211 -0.000121187 0.000111694 0.00968443 -0.0178031 0.000111329 -0.00019211 -0.0178031 0.0877406 
0.0096637 -0.0175963 -0.000115402 0.000102808 -0.0175963 0.0865793 9.92234e-05 -0.000154545 -0.000115402 9.92234e-05 0.00963562 -0.0177249 0.000102808 -0.000154545 -0.0177249 0.0874182 
0.0096675 -0.0175817 -0.000126649 9.62243e-05 -0.0175817 0.0864189 9.31382e-05 -0.000133514 -0.000126649 9.31382e-05 0.00958741 -0.0176603 9.62243e-05 -0.000133514 -0.0176603 0.0871483 
0.00963392 -0.0175646 -0.000131501 0.00010855 -0.0175646 0.0862352 0.000105857 -0.000144557 -0.000131501 0.000105857 0.00956138 -0.017578 0.00010855 -0.000144557 -0.017578 0.0868162 
0.00963541 -0.0175953 -0.000126292 0.000108962 -0.0175953 0.0864445 0.000107777 -0.000146794 -0.000126292 0.000107777 0.00958274 -0.0176276 0.000108962 -0.000146794 -0.0176276 0.087002 
0.00962203 -0.0175618 -0.000127756 0.000102468 -0.0175618 0.0863575 0.00010016 -0.000134146 -0.000127756 0.00010016 0.00957972 -0.0176163 0.000102468 -0.000134146 -0.0176163 0.0869483 
0.00962329 -0.0175557 -0.000118558 0.000103471 -0.0175557 0.0863397 0.000100006 -0.000123423 -0.000118558 0.000100006 0.00958545 -0.0176209 0.000103471 -0.000123423 -0.0176209 0.0869608 
0.00962798 -0.0176173 -0.000134359 9.03098e-05 -0.0176173 0.086624 8.46123e-05 -9.39365e-05 -0.000134359 8.46123e-05 0.00963364 -0.0176802 9.03098e-05 -9.39365e-05 -0.0176802 0.087245 
0.00962084 -0.0176107 -0.000133074 0.000103768 -0.0176107 0.0867166 9.47946e-05 -8.77223e-05 -0.000133074 9.47946e-05 0.00967409 -0.0177369 0.000103768 -8.77223e-05 -0.0177369 0.0874399 
0.00960972 -0.0175684 -0.0001377 0.000102965 -0.0175684 0.0866061 9.04411e-05 -8.35685e-05 -0.0001377 9.04411e-05 0.0096712 -0.0177783 0.000102965 -8.35685e-05 -0.0177783 0.0875448 
0.00959633 -0.0174331 -0.000128479 0.000107959 -0.0174331 0.0859569 9.6757e-05 -8.8654e-05 -0.000128479 9.6757e-05 0.009565 -0.0176668 0.000107959 -8.8654e-05 -0.0176668 0.0870395 
0.0100441 -0.0182152 -0.000130059 0.00010852 -0.0182152 0.0895517 9.93842e-05 -0.000102792 -0.000130059 9.93842e-05 0.00989565 -0.018324 0.00010852 -0.000102792 -0.018324 0.0905117 
0.0100765 -0.0182731 -0.000158044 0.0001077 -0.0182731 0.0896158 0.000100496 -0.000111315 -0.000158044 0.000100496 0.009824 -0.018202 0.0001077 -0.000111315 -0.018202 0.0901469 
0.010075 -0.0183943 -0.000153116 0.000140365 -0.0183943 0.0900787 0.000135137 -0.000166123 -0.000153116 0.000135137 0.00986339 -0.0181727 0.000140365 -0.000166123 -0.0181727 0.0901541 
0.00962054 -0.0176142 -0.000121281 0.000130788 -0.0176142 0.0864436 0.000127544 -0.000187541 -0.000121281 0.000127544 0.00947994 -0.0174311 0.000130788 -0.000187541 -0.0174311 0.086351 
0.0096198 -0.0175798 -0.000103356 0.0001011 -0.0175798 0.0864728 0.000102866 -0.000156853 -0.000103356 0.000102866 0.00949688 -0.0174847 0.0001011 -0.000156853 -0.0174847 0.0864909 
0.009614 -0.0175289 -9.44261e-05 6.6453e-05 -0.0175289 0.0862525 7.45219e-05 -7.87734e-05 -9.44261e-05 7.45219e-05 0.00947835 -0.0174686 6.6453e-05 -7.87734e-05 -0.0174686 0.0864022 
0.00961755 -0.0175369 -0.000104766 5.21574e-05 -0.0175369 0.0862056 6.03563e-05 -1.80381e-05 -0.000104766 6.03563e-05 0.00946963 -0.0174408 5.21574e-05 -1.80381e-05 -0.0174408 0.0863237 
0.0100413 -0.0183293 -0.000126453 7.04854e-05 -0.0183293 0.0900637 7.78488e-05 -2.13743e-05 -0.000126453 7.78488e-05 0.00988815 -0.0182064 7.04854e-05 -2.13743e-05 -0.0182064 0.0901164 
0.0099938 -0.0182969 -0.000135063 9.70753e-05 -0.0182969 0.0899448 0.000101221 -7.34847e-05 -0.000135063 0.000101221 0.00989136 -0.0181891 9.70753e-05 -7.34847e-05 -0.0181891 0.090008 
0.00994908 -0.0182353 -0.000149169 0.000111902 -0.0182353 0.0897856 0.000113452 -0.000121596 -0.000149169 0.000113452 0.0099048 -0.0181978 0.000111902 -0.000121596 -0.0181978 0.0899787 
0.00993568 -0.0182202 -0.000150333 0.000126701 -0.0182202 0.0898329 0.000130149 -0.00016146 -0.000150333 0.000130149 0.00992947 -0.0182613 0.000126701 -0.00016146 -0.0182613 0.0902211 
0.00953277 -0.0174408 -0.000142683 0.000125197 -0.0174408 0.0860844 0.000128264 -0.000179643 -0.000142683 0.000128264 0.0095069 -0.017539 0.000125197 -0.000179643 -0.017539 0.0866472 
0.00952712 -0.0173898 -0.000148484 0.000120672 -0.0173898 0.0857945 0.000125893 -0.000179707 -0.000148484 0.000125893 0.00945475 -0.017461 0.000120672 -0.000179707 -0.017461 0.0863874 
0.00994536 -0.0181098 -0.000129693 0.000133957 -0.0181098 0.0892464 0.00014265 -0.000204216 -0.000129693 0.00014265 0.00981047 -0.0181211 0.000133957 -0.000204216 -0.0181211 0.0897589 
0.00989317 -0.0180258 -0.000117058 0.000107613 -0.0180258 0.0886908 0.000116966 -0.000181203 -0.000117058 0.000116966 0.00974206 -0.0179641 0.000107613 -0.000181203 -0.0179641 0.0890343 
0.00986611 -0.0180286 -0.000114239 9.73988e-05 -0.0180286 0.0886387 9.8046e-05 -0.000145202 -0.000114239 9.8046e-05 0.00975021 -0.0179273 9.73988e-05 -0.000145202 -0.0179273 0.0888205 
0.00989442 -0.0180953 -0.00013063 9.74817e-05 -0.0180953 0.0890211 8.57703e-05 -0.000118972 -0.00013063 8.57703e-05 0.00979755 -0.0180188 9.74817e-05 -0.000118972 -0.0180188 0.0891554 
0.00991817 -0.0181615 -0.000115581 0.000112776 -0.0181615 0.0893972 9.81126e-05 -0.000121555 -0.000115581 9.81126e-05 0.00985974 -0.0181191 0.000112776 -0.000121555 -0.0181191 0.0895926 
0.00994024 -0.0182199 -9.87253e-05 9.35624e-05 -0.0182199 0.089763 8.53305e-05 -0.000104403 -9.87253e-05 8.53305e-05 0.00992772 -0.0182322 9.35624e-05 -0.000104403 -0.0182322 0.0900785 
0.00994819 -0.0182181 -0.000103716 6.70547e-05 -0.0182181 0.0898569 6.75549e-05 -5.67488e-05 -0.000103716 6.75549e-05 0.00996468 -0.0183132 6.70547e-05 -5.67488e-05 -0.0183132 0.0903875 
0.0095307 -0.0174259 -0.000111869 6.73415e-05 -0.0174259 0.0859703 6.89983e-05 -3.72558e-05 -0.000111869 6.89983e-05 0.0095517 -0.0175598 6.73415e-05 -3.72558e-05 -0.0175598 0.0866456 
0.00955857 -0.0174758 -9.76419e-05 8.64661e-05 -0.0174758 0.0861716 8.40248e-05 -6.39951e-05 -9.76419e-05 8.40248e-05 0.00959915 -0.0176184 8.64661e-05 -6.39951e-05 -0.0176184 0.0869316 
0.00963633 -0.0175782 -0.000110475 7.16978e-05 -0.0175782 0.0866487 6.61748e-05 -5.2075e-05 -0.000110475 6.61748e-05 0.00965783 -0.0177416 7.16978e-05 -5.2075e-05 -0.0177416 0.0874679 
0.00965081 -0.0176253 -0.000116266 8.38895e-05 -0.0176253 0.0867965 7.85993e-05 -5.59097e-05 -0.000116266 7.85993e-05 0.00968336 -0.0177829 8.38895e-05 -5.59097e-05 -0.0177829 0.0876599 
0.00965994 -0.0176072 -0.000137186 9.03425e-05 -0.0176072 0.0867066 8.46003e-05 -7.08428e-05 -0.000137186 8.46003e-05 0.00966196 -0.0177696 9.03425e-05 -7.08428e-05 -0.0177696 0.0875807 
0.00967992 -0.0176179 -0.000152957 0.000110636 -0.0176179 0.0866783 0.000108501 -0.00010618 -0.000152957 0.000108501 0.0096381 -0.017746 0.000110636 -0.00010618 -0.017746 0.0875119 
0.00970226 -0.0176694 -0.00015433 0.000124551 -0.0176694 0.0868408 0.000130402 -0.000149158 -0.00015433 0.000130402 0.00963055 -0.0177521 0.000124551 -0.000149158 -0.0177521 0.0875966 
0.00974759 -0.0177161 -0.000170837 0.000120078 -0.0177161 0.0870407 0.000133043 -0.000159449 -0.000170837 0.000133043 0.00961064 -0.0177517 0.000120078 -0.000159449 -0.0177517 0.0876746 
0.00974969 -0.0177378 -0.000175014 0.00014027 -0.0177378 0.0870387 0.000152257 -0.000191557 -0.000175014 0.000152257 0.00958413 -0.0176826 0.00014027 -0.000191557 -0.0176826 0.0874698 
0.00971933 -0.0177212 -0.000176732 0.0001473 -0.0177212 0.0869542 0.000154234 -0.000212742 -0.000176732 0.000154234 0.00958229 -0.0176367 0.0001473 -0.000212742 -0.0176367 0.0872563 
0.00970158 -0.0177137 -0.000167263 0.000146363 -0.0177137 0.0869941 0.000150269 -0.000208139 -0.000167263 0.000150269 0.00961364 -0.017661 0.000146363 -0.000208139 -0.017661 0.0872974 
0.00971731 -0.0177138 -0.00016283 0.000135886 -0.0177138 0.0870917 0.000133415 -0.000180484 -0.00016283 0.000133415 0.0096516 -0.0177336 0.000135886 -0.000180484 -0.0177336 0.0875354 
0.00970473 -0.0176366 -0.000160551 0.000131992 -0.0176366 0.0867035 0.000124902 -0.000155201 -0.000160551 0.000124902 0.00962177 -0.0176971 0.000131992 -0.000155201 -0.0176971 0.0872957 
0.00967981 -0.0176356 -0.000162316 0.000126116 -0.0176356 0.0865855 0.000116854 -0.000129028 -0.000162316 0.000116854 0.00960408 -0.0176839 0.000126116 -0.000129028 -0.0176839 0.0872292 
0.00963941 -0.0176138 -0.000160159 0.000125832 -0.0176138 0.0865149 0.000117048 -0.000114754 -0.000160159 0.000117048 0.00958656 -0.0176574 0.000125832 -0.000114754 -0.0176574 0.0871443 
0.00960556 -0.0175165 -0.000162867 0.000122937 -0.0175165 0.0861613 0.000118578 -0.000111521 -0.000162867 0.000118578 0.00953067 -0.0175798 0.000122937 -0.000111521 -0.0175798 0.0868006 
0.00961278 -0.0174884 -0.000179233 0.000130112 -0.0174884 0.0860006 0.00013044 -0.000131853 -0.000179233 0.00013044 0.00947969 -0.017521 0.000130112 -0.000131853 -0.017521 0.0865918 
0.0100634 -0.0182755 -0.000186396 0.000157975 -0.0182755 0.0897539 0.000157751 -0.000182683 -0.000186396 0.000157751 0.00987345 -0.0182212 0.000157975 -0.000182683 -0.0182212 0.0901856 
0.010106 -0.0183344 -0.000161962 0.000157963 -0.0183344 0.0899056 0.000152581 -0.000197871 -0.000161962 0.000152581 0.00984512 -0.018202 0.000157963 -0.000197871 -0.018202 0.0901047 
0.0100826 -0.0183603 -0.000134213 0.000123103 -0.0183603 0.0899044 0.000114986 -0.000136317 -0.000134213 0.000114986 0.00982977 -0.0181279 0.000123103 -0.000136317 -0.0181279 0.0898363 
0.0101115 -0.0184122 -0.000147027 8.76137e-05 -0.0184122 0.0902566 7.67587e-05 -4.35594e-05 -0.000147027 7.67587e-05 0.00984784 -0.0181987 8.76137e-05 -4.35594e-05 -0.0181987 0.090112 
0.00972334 -0.0177009 -0.000160106 9.99803e-05 -0.0177009 0.0868083 8.88766e-05 -2.82044e-05 -0.000160106 8.88766e-05 0.00945614 -0.0174928 9.99803e-05 -2.82044e-05 -0.0174928 0.0866645 
0.00975897 -0.0177951 -0.000183778 0.000126201 -0.0177951 0.0872861 0.000115873 -7.54705e-05 -0.000183778 0.000115873 0.0095072 -0.0175716 0.000126201 -7.54705e-05 -0.0175716 0.0871202 
0.00971835 -0.0177207 -0.000193968 0.000153064 -0.0177207 0.086996 0.000146502 -0.00014433 -0.000193968 0.000146502 0.0094942 -0.017509 0.000153064 -0.00014433 -0.017509 0.0868246 
0.00965434 -0.0176158 -0.000168039 0.000163496 -0.0176158 0.0865084 0.000162242 -0.000195344 -0.000168039 0.000162242 0.00947649 -0.0174247 0.000163496 -0.000195344 -0.0174247 0.0863501 
0.00963811 -0.0175952 -0.000119283 0.000136492 -0.0175952 0.0864575 0.000138036 -0.000179847 -0.000119283 0.000138036 0.00950281 -0.0174685 0.000136492 -0.000179847 -0.0174685 0.0864184 
0.00965089 -0.0175933 -9.26688e-05 7.22278e-05 -0.0175933 0.0864976 7.72984e-05 -6.54082e-05 -9.26688e-05 7.72984e-05 0.00951847 -0.0175297 7.22278e-05 -6.54082e-05 -0.0175297 0.086627 
0.00961755 -0.017594 -8.47276e-05 3.64892e-05 -0.017594 0.086473 4.17648e-05 4.85775e-05 -8.47276e-05 4.17648e-05 0.00954381 -0.0175391 3.64892e-05 4.85775e-05 -0.0175391 0.0866949 
0.00957598 -0.0175162 -9.38507e-05 2.98471e-05 -0.0175162 0.0862251 3.42679e-05 9.57523e-05 -9.38507e-05 3.42679e-05 0.00955332 -0.0175366 2.98471e-05 9.57523e-05 -0.0175366 0.0865917 
