0.00725944 0 0.000111039 0 0 0.0101873 0 0 0.000111039 0 0.00727319 0 0 0 0 0.0101873 
0.00994498 -0.0123504 0.000106933 -0.000128967 -0.0123504 0.03273 -0.000128967 0.000247689 0.000106933 -0.000128967 0.00998689 -0.0123917 -0.000128967 0.000247689 -0.0123917 0.0328095 
0.0102978 -0.0193332 0.00012499 -7.85007e-05 -0.0193332 0.0711941 -7.85007e-05 0.000225429 0.00012499 -7.85007e-05 0.0103712 -0.0192574 -7.85007e-05 0.000225429 -0.0192574 0.0709008 
0.0091554 -0.0178589 0.000131841 -1.96423e-05 -0.0178589 0.0802321 -1.38045e-05 -0.000290354 0.000131841 -1.38045e-05 0.0092911 -0.017892 -1.96423e-05 -0.000290354 -0.017892 0.08011 
0.00928104 -0.0175165 0.000161146 -5.10009e-05 -0.0175165 0.0847737 -3.8524e-05 -0.000499509 0.000161146 -3.8524e-05 0.00950298 -0.0177005 -5.10009e-05 -0.000499509 -0.0177005 0.0852954 
0.00952386 -0.0176161 0.000168829 -0.000121122 -0.0176161 0.0868428 -0.00010283 -0.000308257 0.000168829 -0.00010283 0.0097639 -0.0179059 -0.000121122 -0.000308257 -0.0179059 0.0877313 
0.00976585 -0.0179491 0.000151768 -0.000140269 -0.0179491 0.0887173 -0.000127849 -9.45063e-05 0.000151768 -0.000127849 0.00997582 -0.0182476 -0.000140269 -9.45063e-05 -0.0182476 0.0896683 
0.00951904 -0.0174531 0.000126713 -0.000111224 -0.0174531 0.086275 -0.000108437 -1.12979e-05 0.000126713 -0.000108437 0.00967523 -0.0176963 -0.000111224 -1.12979e-05 -0.0176963 0.0870882 
0.00983346 -0.0180083 0.000101645 -8.40887e-05 -0.0180083 0.0889679 -8.1015e-05 -3.45379e-05 0.000101645 -8.1015e-05 0.00993903 -0.0182005 -8.40887e-05 -3.45379e-05 -0.0182005 0.089651 
0.00974107 -0.0178442 9.19409e-05 -4.36072e-05 -0.0178442 0.0880853 -3.82355e-05 -0.000116411 9.19409e-05 -3.82355e-05 0.00982447 -0.0179783 -4.36072e-05 -0.000116411 -0.0179783 0.0886223 
0.00968197 -0.0177253 7.94978e-05 -2.58726e-05 -0.0177253 0.0874672 -2.15128e-05 -0.000187915 7.94978e-05 -2.15128e-05 0.00974708 -0.017837 -2.58726e-05 -0.000187915 -0.017837 0.0879186 
0.00964369 -0.0176532 6.32999e-05 -1.08992e-05 -0.0176532 0.0870414 -6.73006e-06 -0.000236103 6.32999e-05 -6.73006e-06 0.00968728 -0.0177288 -1.08992e-05 -0.000236103 -0.0177288 0.0873951 
0.00963937 -0.017666 9.39772e-05 3.24406e-06 -0.017666 0.0870628 3.27637e-06 -0.00026568 9.39772e-05 3.27637e-06 0.00968728 -0.017718 3.24406e-06 -0.00026568 -0.017718 0.0873411 
0.00963057 -0.0176941 0.000113482 -3.22825e-05 -0.0176941 0.0872012 -4.09264e-05 -0.000214557 0.000113482 -4.09264e-05 0.00970155 -0.0177343 -3.22825e-05 -0.000214557 -0.0177343 0.0874109 
0.00959136 -0.0177067 0.000120309 -6.42302e-05 -0.0177067 0.0873485 -7.49473e-05 -0.000121556 0.000120309 -7.49473e-05 0.00974509 -0.0177657 -6.42302e-05 -0.000121556 -0.0177657 0.0875487 
0.00951386 -0.0175134 0.000110902 -6.74607e-05 -0.0175134 0.0866276 -7.38772e-05 -8.62037e-05 0.000110902 -7.38772e-05 0.00968994 -0.0176788 -6.74607e-05 -8.62037e-05 -0.0176788 0.0869955 
0.00943601 -0.017355 0.000108187 -5.18943e-05 -0.017355 0.0858616 -5.53982e-05 -0.000107992 0.000108187 -5.53982e-05 0.00962435 -0.0175733 -5.18943e-05 -0.000107992 -0.0175733 0.0864282 
0.00981607 -0.018073 0.000113055 -5.47696e-05 -0.018073 0.0893871 -5.63181e-05 -0.000124617 0.000113055 -5.63181e-05 0.0100433 -0.0183143 -5.47696e-05 -0.000124617 -0.0183143 0.0900742 
0.00979722 -0.0180178 0.000107976 -5.97245e-05 -0.0180178 0.0891474 -5.66291e-05 -0.000121021 0.000107976 -5.66291e-05 0.0100262 -0.0182987 -5.97245e-05 -0.000121021 -0.0182987 0.0899269 
0.00977994 -0.0179652 0.000116088 -5.86247e-05 -0.0179652 0.0888727 -5.76038e-05 -0.000109845 0.000116088 -5.76038e-05 0.0100058 -0.0182711 -5.86247e-05 -0.000109845 -0.0182711 0.0897611 
0.00974834 -0.0179114 0.000144025 -6.84247e-05 -0.0179114 0.0885432 -7.20851e-05 -8.22439e-05 0.000144025 -7.20851e-05 0.00997693 -0.0182091 -6.84247e-05 -8.22439e-05 -0.0182091 0.0894562 
0.00978274 -0.0179433 0.000141739 -0.000108339 -0.0179433 0.0886881 -0.000110865 -1.8375e-06 0.000141739 -0.000110865 0.00996719 -0.0182592 -0.000108339 -1.8375e-06 -0.0182592 0.0896566 
0.00982745 -0.0180717 0.000138697 -0.000109635 -0.0180717 0.0892466 -0.000108092 3.59437e-05 0.000138697 -0.000108092 0.00999533 -0.0183418 -0.000109635 3.59437e-05 -0.0183418 0.0901786 
0.0098462 -0.0181019 0.000119977 -0.000105318 -0.0181019 0.0894508 -0.000105529 4.11989e-05 0.000119977 -0.000105529 0.00998118 -0.0183297 -0.000105318 4.11989e-05 -0.0183297 0.0902612 
0.00984744 -0.01808 0.000109443 -8.04235e-05 -0.01808 0.0893504 -8.43661e-05 8.89019e-06 0.000109443 -8.43661e-05 0.00994024 -0.0182535 -8.04235e-05 8.89019e-06 -0.0182535 0.0900078 
0.00982513 -0.0180309 0.000115805 -6.61624e-05 -0.0180309 0.0890507 -7.05134e-05 -3.17615e-05 0.000115805 -7.05134e-05 0.00989125 -0.0181378 -6.61624e-05 -3.17615e-05 -0.0181378 0.0895197 
0.00978776 -0.0180143 0.000114731 -7.37769e-05 -0.0180143 0.0889113 -8.07119e-05 -3.16356e-05 0.000114731 -8.07119e-05 0.00987973 -0.0180708 -7.37769e-05 -3.16356e-05 -0.0180708 0.0891975 
0.00975069 -0.0179678 0.000120088 -7.72621e-05 -0.0179678 0.088774 -8.23137e-05 -1.81747e-05 0.000120088 -8.23137e-05 0.00988179 -0.0180626 -7.72621e-05 -1.81747e-05 -0.0180626 0.0890545 
0.00972301 -0.0179175 0.000120446 -9.02965e-05 -0.0179175 0.088623 -9.26566e-05 1.31195e-05 0.000120446 -9.26566e-05 0.00989876 -0.0180755 -9.02965e-05 1.31195e-05 -0.0180755 0.0890327 
0.0097875 -0.0179474 9.56934e-05 -8.89946e-05 -0.0179474 0.0888338 -8.78299e-05 1.7457e-05 9.56934e-05 -8.78299e-05 0.00990023 -0.0181811 -8.89946e-05 1.7457e-05 -0.0181811 0.0894486 
0.00985316 -0.0180607 6.06181e-05 -5.44784e-05 -0.0180607 0.0892232 -4.94344e-05 -4.6535e-05 6.06181e-05 -4.94344e-05 0.00990089 -0.0182183 -5.44784e-05 -4.6535e-05 -0.0182183 0.0898151 
0.00989683 -0.018218 6.95684e-05 -1.70889e-05 -0.018218 0.0899182 -1.08145e-05 -0.000131586 6.95684e-05 -1.08145e-05 0.00997141 -0.0182942 -1.70889e-05 -0.000131586 -0.0182942 0.090347 
0.00987247 -0.0181324 8.55741e-05 -2.63283e-05 -0.0181324 0.0896352 -1.9024e-05 -0.00015406 8.55741e-05 -1.9024e-05 0.00995311 -0.0182379 -2.63283e-05 -0.00015406 -0.0182379 0.0900282 
0.00990092 -0.018152 9.15181e-05 -4.90722e-05 -0.018152 0.0897001 -4.12117e-05 -0.000116304 9.15181e-05 -4.12117e-05 0.009961 -0.0182659 -4.90722e-05 -0.000116304 -0.0182659 0.0901168 
0.00990724 -0.0182194 0.000110049 -5.84007e-05 -0.0182194 0.0899353 -5.53098e-05 -7.3946e-05 0.000110049 -5.53098e-05 0.0099998 -0.0182979 -5.84007e-05 -7.3946e-05 -0.0182979 0.0902975 
0.00989487 -0.0181815 0.000122756 -7.9951e-05 -0.0181815 0.0898492 -8.18746e-05 -1.88193e-05 0.000122756 -8.18746e-05 0.00999092 -0.0183124 -7.9951e-05 -1.88193e-05 -0.0183124 0.090275 
0.00986382 -0.0180987 0.000111395 -9.155e-05 -0.0180987 0.0894471 -9.40588e-05 1.97418e-05 0.000111395 -9.40588e-05 0.00994602 -0.0182335 -9.155e-05 1.97418e-05 -0.0182335 0.0899186 
0.00985546 -0.0180642 8.45746e-05 -7.9515e-05 -0.0180642 0.0892173 -8.01245e-05 1.4505e-05 8.45746e-05 -8.01245e-05 0.00989269 -0.0181758 -7.9515e-05 1.4505e-05 -0.0181758 0.0896585 
0.00983053 -0.018071 8.00257e-05 -4.77302e-05 -0.018071 0.0891729 -4.60693e-05 -4.44275e-05 8.00257e-05 -4.60693e-05 0.00989546 -0.01812 -4.77302e-05 -4.44275e-05 -0.01812 0.0894873 
0.00980094 -0.0180307 7.64757e-05 -3.8649e-05 -0.0180307 0.0890486 -3.31842e-05 -9.62175e-05 7.64757e-05 -3.31842e-05 0.00988541 -0.0181038 -3.8649e-05 -9.62175e-05 -0.0181038 0.0893256 
0.00979872 -0.0179727 8.38158e-05 -3.289e-05 -0.0179727 0.0888356 -2.86608e-05 -0.000122588 8.38158e-05 -2.86608e-05 0.00985335 -0.0180857 -3.289e-05 -0.000122588 -0.0180857 0.0891886 
0.00977181 -0.0179529 0.000100297 -3.62248e-05 -0.0179529 0.0886347 -3.81476e-05 -0.000126099 0.000100297 -3.81476e-05 0.00983602 -0.0180171 -3.62248e-05 -0.000126099 -0.0180171 0.088933 
0.00974163 -0.0179459 0.000117482 -5.07898e-05 -0.0179459 0.0885984 -5.527e-05 -0.000107989 0.000117482 -5.527e-05 0.00985174 -0.0179981 -5.07898e-05 -0.000107989 -0.0179981 0.0888081 
0.00972978 -0.0179041 0.000117499 -6.96811e-05 -0.0179041 0.0885049 -7.40903e-05 -7.03345e-05 0.000117499 -7.40903e-05 0.00985666 -0.0180243 -6.96811e-05 -7.03345e-05 -0.0180243 0.0888002 
0.00973956 -0.0179123 9.00446e-05 -7.42586e-05 -0.0179123 0.0885545 -7.53458e-05 -4.73319e-05 9.00446e-05 -7.53458e-05 0.00986547 -0.0180644 -7.42586e-05 -4.73319e-05 -0.0180644 0.0889635 
0.00975946 -0.0179707 5.17284e-05 -4.35008e-05 -0.0179707 0.0888315 -4.12413e-05 -8.9999e-05 5.17284e-05 -4.12413e-05 0.00988683 -0.0181251 -4.35008e-05 -8.9999e-05 -0.0181251 0.0892936 
0.00975842 -0.017952 3.43504e-05 -9.63971e-07 -0.017952 0.0887941 5.71034e-06 -0.000180157 3.43504e-05 5.71034e-06 0.00986936 -0.0181131 -9.63971e-07 -0.000180157 -0.0181131 0.0892892 
0.00979608 -0.018001 5.00863e-05 1.91565e-05 -0.018001 0.0890383 2.45601e-05 -0.000247493 5.00863e-05 2.45601e-05 0.00988104 -0.0181509 1.91565e-05 -0.000247493 -0.0181509 0.0895397 
0.0098354 -0.0180566 5.98036e-05 9.37363e-06 -0.0180566 0.0892672 6.16126e-06 -0.00025496 5.98036e-05 6.16126e-06 0.00990275 -0.0181678 9.37363e-06 -0.00025496 -0.0181678 0.0897006 
0.00986439 -0.0180962 6.63776e-05 1.4355e-06 -0.0180962 0.0894169 -6.14957e-06 -0.000237441 6.63776e-05 -6.14957e-06 0.0099266 -0.0181913 1.4355e-06 -0.000237441 -0.0181913 0.0897992 
0.0098751 -0.0181117 6.41981e-05 -1.88609e-05 -0.0181117 0.0894316 -2.15093e-05 -0.000188266 6.41981e-05 -2.15093e-05 0.00992868 -0.0181927 -1.88609e-05 -0.000188266 -0.0181927 0.0897664 
0.00988845 -0.0181726 8.26244e-05 -2.64568e-05 -0.0181726 0.0896766 -2.07484e-05 -0.000155843 8.26244e-05 -2.07484e-05 0.00997086 -0.0182315 -2.64568e-05 -0.000155843 -0.0182315 0.0899454 
0.0099066 -0.0182044 9.30725e-05 -5.04681e-05 -0.0182044 0.0898843 -4.15686e-05 -0.000109984 9.30725e-05 -4.15686e-05 0.0100122 -0.0182987 -5.04681e-05 -0.000109984 -0.0182987 0.0901793 
0.00992091 -0.01823 8.46246e-05 -5.69424e-05 -0.01823 0.0900283 -5.37493e-05 -8.00158e-05 8.46246e-05 -5.37493e-05 0.0100455 -0.0183586 -5.69424e-05 -8.00158e-05 -0.0183586 0.090406 
0.00992304 -0.0182059 7.29122e-05 -4.1442e-05 -0.0182059 0.089922 -4.40258e-05 -9.16627e-05 7.29122e-05 -4.40258e-05 0.0100414 -0.0183659 -4.1442e-05 -9.16627e-05 -0.0183659 0.0903959 
0.00990084 -0.018168 7.66647e-05 -1.69088e-05 -0.018168 0.0896909 -2.44776e-05 -0.000146629 7.66647e-05 -2.44776e-05 0.0100115 -0.0183351 -1.69088e-05 -0.000146629 -0.0183351 0.0902369 
0.00989829 -0.0181269 6.87413e-05 -1.74899e-05 -0.0181269 0.0894681 -2.66949e-05 -0.000173284 6.87413e-05 -2.66949e-05 0.00996916 -0.0182797 -1.74899e-05 -0.000173284 -0.0182797 0.0900122 
0.00987366 -0.0181354 8.85644e-05 -1.0971e-05 -0.0181354 0.0894075 -1.85787e-05 -0.000189812 8.85644e-05 -1.85787e-05 0.00995895 -0.0182298 -1.0971e-05 -0.000189812 -0.0182298 0.0898465 
0.00987279 -0.0181134 6.6371e-05 -3.65752e-05 -0.0181134 0.0893677 -4.52146e-05 -0.000154735 6.6371e-05 -4.52146e-05 0.00994559 -0.0182202 -3.65752e-05 -0.000154735 -0.0182202 0.0897656 
0.00985788 -0.0181315 4.31414e-05 -1.1118e-05 -0.0181315 0.0894418 -1.80004e-05 -0.00017303 4.31414e-05 -1.80004e-05 0.00997179 -0.0182295 -1.1118e-05 -0.00017303 -0.0182295 0.0898305 
0.00984193 -0.0181276 5.12436e-05 1.99786e-05 -0.0181276 0.0895028 1.89535e-05 -0.000248843 5.12436e-05 1.89535e-05 0.00999895 -0.0182601 1.99786e-05 -0.000248843 -0.0182601 0.0899158 
0.00986171 -0.0181017 5.49112e-05 1.42518e-05 -0.0181017 0.0894807 1.55396e-05 -0.000283456 5.49112e-05 1.55396e-05 0.00999963 -0.0182988 1.42518e-05 -0.000283456 -0.0182988 0.0900242 
0.00990818 -0.0181809 5.79991e-05 9.02418e-06 -0.0181809 0.0897853 6.57432e-06 -0.000279056 5.79991e-05 6.57432e-06 0.010012 -0.0183615 9.02418e-06 -0.000279056 -0.0183615 0.0903749 
0.00990432 -0.0182136 6.89454e-05 6.7994e-06 -0.0182136 0.089892 5.17377e-06 -0.000274383 6.89454e-05 5.17377e-06 0.0100244 -0.0183427 6.7994e-06 -0.000274383 -0.0183427 0.0903946 
0.00948237 -0.0174363 8.35108e-05 -1.00871e-05 -0.0174363 0.0861169 -5.10983e-06 -0.000238597 8.35108e-05 -5.10983e-06 0.009606 -0.0175738 -1.00871e-05 -0.000238597 -0.0175738 0.0865696 
0.00950052 -0.0174836 0.000106886 -3.75604e-05 -0.0174836 0.0863897 -2.52769e-05 -0.000187975 0.000106886 -2.52769e-05 0.00964114 -0.0176473 -3.75604e-05 -0.000187975 -0.0176473 0.0869039 
0.00948486 -0.017467 0.00011563 -7.08163e-05 -0.017467 0.0863512 -5.60536e-05 -0.000110979 0.00011563 -5.60536e-05 0.00965279 -0.0176398 -7.08163e-05 -0.000110979 -0.0176398 0.086891 
0.00946555 -0.0174057 0.000119292 -8.20928e-05 -0.0174057 0.0861024 -6.90844e-05 -5.72759e-05 0.000119292 -6.90844e-05 0.00964362 -0.0176126 -8.20928e-05 -5.72759e-05 -0.0176126 0.0867021 
0.00945554 -0.0173618 0.000136967 -8.86339e-05 -0.0173618 0.0858587 -7.69071e-05 -2.52989e-05 0.000136967 -7.69071e-05 0.00963299 -0.017586 -8.86339e-05 -2.52989e-05 -0.017586 0.0865206 
0.00945996 -0.0173836 0.000134717 -9.80769e-05 -0.0173836 0.085902 -8.72743e-05 -1.35726e-05 0.000134717 -8.72743e-05 0.00964871 -0.0176147 -9.80769e-05 -1.35726e-05 -0.0176147 0.0866041 
0.00989927 -0.0181852 0.000165855 -9.71913e-05 -0.0181852 0.089853 -8.98834e-05 -1.36428e-05 0.000165855 -8.98834e-05 0.0101056 -0.0184359 -9.71913e-05 -1.36428e-05 -0.0184359 0.0906083 
0.00991263 -0.0181955 0.000200281 -0.000125556 -0.0181955 0.0898758 -0.000125403 3.28349e-05 0.000200281 -0.000125403 0.0101163 -0.0184531 -0.000125556 3.28349e-05 -0.0184531 0.0906438 
0.00949546 -0.0174562 0.00018717 -0.000158666 -0.0174562 0.0861673 -0.000166828 0.000121259 0.00018717 -0.000166828 0.00968627 -0.0176914 -0.000158666 0.000121259 -0.0176914 0.0868821 
0.00954181 -0.0174866 0.000164665 -0.000157549 -0.0174866 0.0863474 -0.000168346 0.000169147 0.000164665 -0.000168346 0.00967681 -0.0177169 -0.000157549 0.000169147 -0.0177169 0.0870439 
0.0095767 -0.0175376 0.00014754 -0.000118625 -0.0175376 0.0864951 -0.000131029 0.000107851 0.00014754 -0.000131029 0.00966477 -0.0177072 -0.000118625 0.000107851 -0.0177072 0.0871002 
0.00957082 -0.0175862 0.000137958 -9.89354e-05 -0.0175862 0.0866508 -0.000113505 4.92399e-05 0.000137958 -0.000113505 0.00966039 -0.0176835 -9.89354e-05 4.92399e-05 -0.0176835 0.0870801 
0.00957142 -0.0175858 0.000122014 -8.57358e-05 -0.0175858 0.0867371 -9.90689e-05 4.15603e-06 0.000122014 -9.90689e-05 0.00964847 -0.0176757 -8.57358e-05 4.15603e-06 -0.0176757 0.0870666 
0.00958437 -0.017596 0.000108081 -7.64933e-05 -0.017596 0.0868141 -8.61261e-05 -1.95512e-05 0.000108081 -8.61261e-05 0.00965397 -0.0176642 -7.64933e-05 -1.95512e-05 -0.0176642 0.0870736 
0.00960681 -0.017611 7.67019e-05 -6.53664e-05 -0.017611 0.0868841 -7.22e-05 -4.19865e-05 7.67019e-05 -7.22e-05 0.0096535 -0.017676 -6.53664e-05 -4.19865e-05 -0.017676 0.0871167 
0.00956381 -0.0175632 5.12547e-05 -2.90291e-05 -0.0175632 0.086592 -3.31753e-05 -0.000105332 5.12547e-05 -3.31753e-05 0.0096266 -0.017601 -2.90291e-05 -0.000105332 -0.017601 0.0867769 
0.00953234 -0.0175281 5.28267e-05 1.53451e-06 -0.0175281 0.0864811 -2.56051e-06 -0.000181954 5.28267e-05 -2.56051e-06 0.0096359 -0.017605 1.53451e-06 -0.000181954 -0.017605 0.0867314 
0.00952381 -0.0175385 6.54506e-05 5.55168e-06 -0.0175385 0.0866207 9.0872e-07 -0.000225689 6.54506e-05 9.0872e-07 0.00967588 -0.0176797 5.55168e-06 -0.000225689 -0.0176797 0.0870296 
0.00946234 -0.0174572 9.05311e-05 -1.11877e-05 -0.0174572 0.0863302 -1.72895e-05 -0.000206938 9.05311e-05 -1.72895e-05 0.00968453 -0.0176664 -1.11877e-05 -0.000206938 -0.0176664 0.0869299 
0.00985734 -0.0181044 8.66616e-05 -4.5339e-05 -0.0181044 0.0896712 -5.19845e-05 -0.000149373 8.66616e-05 -5.19845e-05 0.0100766 -0.0184208 -4.5339e-05 -0.000149373 -0.0184208 0.0905436 
0.00982075 -0.0180437 7.36286e-05 -3.87137e-05 -0.0180437 0.0892664 -4.14478e-05 -0.000128904 7.36286e-05 -4.14478e-05 0.010035 -0.0183534 -3.87137e-05 -0.000128904 -0.0183534 0.0902467 
0.00980499 -0.0179628 6.58117e-05 -2.58716e-05 -0.0179628 0.0888495 -2.67901e-05 -0.000144921 6.58117e-05 -2.67901e-05 0.00996252 -0.0182718 -2.58716e-05 -0.000144921 -0.0182718 0.0898611 
0.00978317 -0.0179469 7.10883e-05 -2.17921e-05 -0.0179469 0.0886251 -2.06652e-05 -0.00015567 7.10883e-05 -2.06652e-05 0.0099324 -0.0181713 -2.17921e-05 -0.00015567 -0.0181713 0.0894967 
0.00980951 -0.0180131 6.60649e-05 -2.35086e-05 -0.0180131 0.0889261 -2.15565e-05 -0.000163137 6.60649e-05 -2.15565e-05 0.00996022 -0.0182179 -2.35086e-05 -0.000163137 -0.0182179 0.0896821 
0.00985622 -0.0180332 5.98395e-05 -1.7233e-05 -0.0180332 0.0890376 -1.47517e-05 -0.000174195 5.98395e-05 -1.47517e-05 0.00995576 -0.0182384 -1.7233e-05 -0.000174195 -0.0182384 0.089753 
0.00990004 -0.0180842 5.46248e-05 -7.03143e-06 -0.0180842 0.0891473 -1.29599e-06 -0.00020759 5.46248e-05 -1.29599e-06 0.00993578 -0.0182352 -7.03143e-06 -0.00020759 -0.0182352 0.0897772 
0.00994216 -0.018186 5.45598e-05 -6.12439e-06 -0.018186 0.0895026 5.32155e-07 -0.000217333 5.45598e-05 5.32155e-07 0.00995132 -0.0182469 -6.12439e-06 -0.000217333 -0.0182469 0.0899333 
0.009979 -0.0182865 5.975e-05 -5.28885e-06 -0.0182865 0.0899643 2.11161e-06 -0.000223719 5.975e-05 2.11161e-06 0.00997792 -0.0182981 -5.28885e-06 -0.000223719 -0.0182981 0.0902077 
0.00998026 -0.0183091 6.76879e-05 -1.10101e-05 -0.0183091 0.0901143 -3.13438e-06 -0.000218092 6.76879e-05 -3.13438e-06 0.0099911 -0.0182967 -1.10101e-05 -0.000218092 -0.0182967 0.090237 
0.0095517 -0.0175488 5.5813e-05 -1.89951e-05 -0.0175488 0.0864345 -1.14612e-05 -0.000193622 5.5813e-05 -1.14612e-05 0.00957386 -0.0175525 -1.89951e-05 -0.000193622 -0.0175525 0.0865347 
0.00953235 -0.017499 2.09773e-05 -7.31687e-06 -0.017499 0.086273 9.04017e-07 -0.000207693 2.09773e-05 9.04017e-07 0.00955061 -0.0175095 -7.31687e-06 -0.000207693 -0.0175095 0.0863726 
0.00991297 -0.018256 2.35772e-05 3.52648e-05 -0.018256 0.0900235 4.37291e-05 -0.000291015 2.35772e-05 4.37291e-05 0.00999695 -0.0182638 3.52648e-05 -0.000291015 -0.0182638 0.0901232 
0.00988973 -0.0181884 3.61119e-05 3.42487e-05 -0.0181884 0.0898479 4.30729e-05 -0.000326447 3.61119e-05 4.30729e-05 0.0099964 -0.018284 3.42487e-05 -0.000326447 -0.018284 0.0900872 
0.00948711 -0.0174087 3.5463e-05 1.42502e-05 -0.0174087 0.0860198 1.98968e-05 -0.000282085 3.5463e-05 1.98968e-05 0.00956256 -0.0175362 1.42502e-05 -0.000282085 -0.0175362 0.0863898 
0.00947779 -0.0174249 5.19041e-05 1.04726e-05 -0.0174249 0.0860292 6.81852e-06 -0.000241554 5.19041e-05 6.81852e-06 0.00957469 -0.0175179 1.04726e-05 -0.000241554 -0.0175179 0.0863961 
0.00947912 -0.0174068 6.45099e-05 -2.5459e-06 -0.0174068 0.0860023 -1.75867e-05 -0.000199484 6.45099e-05 -1.75867e-05 0.0095931 -0.0175387 -2.5459e-06 -0.000199484 -0.0175387 0.0864269 
0.00946565 -0.0173944 9.44141e-05 -1.5419e-05 -0.0173944 0.0859338 -3.10443e-05 -0.000162364 9.44141e-05 -3.10443e-05 0.00962075 -0.0175623 -1.5419e-05 -0.000162364 -0.0175623 0.0864689 
0.00992077 -0.0181774 0.0001238 -6.22215e-05 -0.0181774 0.0898296 -7.078e-05 -8.41343e-05 0.0001238 -7.078e-05 0.0100618 -0.0184102 -6.22215e-05 -8.41343e-05 -0.0184102 0.0905367 
0.00952016 -0.0174305 0.00012041 -8.8082e-05 -0.0174305 0.0860332 -9.38486e-05 -3.38267e-06 0.00012041 -9.38486e-05 0.00962671 -0.0176312 -8.8082e-05 -3.38267e-06 -0.0176312 0.0867447 
0.00957626 -0.0175422 0.00010808 -9.23879e-05 -0.0175422 0.0864907 -9.44229e-05 2.85776e-05 0.00010808 -9.44229e-05 0.00965276 -0.01769 -9.23879e-05 2.85776e-05 -0.01769 0.0870964 
0.00959685 -0.0175773 8.14793e-05 -7.55355e-05 -0.0175773 0.0866132 -7.34688e-05 2.78965e-06 8.14793e-05 -7.34688e-05 0.00964495 -0.0176618 -7.55355e-05 2.78965e-06 -0.0176618 0.0870356 
0.00959798 -0.0175816 7.68783e-05 -3.97978e-05 -0.0175816 0.086603 -4.10735e-05 -6.6181e-05 7.68783e-05 -4.10735e-05 0.00963879 -0.0176332 -3.97978e-05 -6.6181e-05 -0.0176332 0.0868999 
0.00960646 -0.0175638 7.00159e-05 -2.87447e-05 -0.0175638 0.0865003 -3.23108e-05 -0.000121069 7.00159e-05 -3.23108e-05 0.00961858 -0.0176067 -2.87447e-05 -0.000121069 -0.0176067 0.0867364 
0.00960657 -0.0175553 5.08262e-05 -2.83822e-05 -0.0175553 0.0863802 -2.83558e-05 -0.000135446 5.08262e-05 -2.83558e-05 0.00960158 -0.0175742 -2.83822e-05 -0.000135446 -0.0175742 0.0865769 
0.00962191 -0.0176291 2.69706e-05 -4.33504e-06 -0.0176291 0.0866875 -2.82887e-06 -0.000181275 2.69706e-05 -2.82887e-06 0.00962754 -0.0176314 -4.33504e-06 -0.000181275 -0.0176314 0.0868462 
0.00961574 -0.0176484 4.44966e-05 2.29131e-05 -0.0176484 0.0868674 1.96692e-05 -0.000234575 4.44966e-05 1.96692e-05 0.00966056 -0.0176787 2.29131e-05 -0.000234575 -0.0176787 0.0870787 
0.00959926 -0.0176151 5.09732e-05 4.21072e-06 -0.0176151 0.0868191 -4.63248e-06 -0.00022454 5.09732e-05 -4.63248e-06 0.00966371 -0.0177031 4.21072e-06 -0.00022454 -0.0177031 0.0871647 
0.00959968 -0.0175692 4.95624e-05 4.4825e-07 -0.0175692 0.0866455 -9.05705e-06 -0.000209451 4.95624e-05 -9.05705e-06 0.00964048 -0.0176853 4.4825e-07 -0.000209451 -0.0176853 0.087103 
0.00961296 -0.0175814 4.36599e-05 -3.42223e-06 -0.0175814 0.0866339 -8.36677e-06 -0.000196868 4.36599e-05 -8.36677e-06 0.00962585 -0.017669 -3.42223e-06 -0.000196868 -0.017669 0.0870911 
0.00965851 -0.0176567 4.95411e-05 -4.52693e-06 -0.0176567 0.0869678 -4.01736e-06 -0.000188648 4.95411e-05 -4.01736e-06 0.00963732 -0.0177226 -4.52693e-06 -0.000188648 -0.0177226 0.0873979 
0.00963018 -0.017622 7.4621e-05 -1.53485e-05 -0.017622 0.0867539 -1.10703e-05 -0.000168625 7.4621e-05 -1.10703e-05 0.00961163 -0.017634 -1.53485e-05 -0.000168625 -0.017634 0.087072 
0.00958217 -0.0175392 7.40525e-05 -4.7253e-05 -0.0175392 0.0863578 -4.46709e-05 -0.000103927 7.40525e-05 -4.46709e-05 0.00956329 -0.0175412 -4.7253e-05 -0.000103927 -0.0175412 0.0865899 
0.00957278 -0.0174992 4.63847e-05 -4.3369e-05 -0.0174992 0.0861808 -4.62968e-05 -7.37846e-05 4.63847e-05 -4.62968e-05 0.00952864 -0.0175068 -4.3369e-05 -7.37846e-05 -0.0175068 0.0863994 
0.0099919 -0.018302 2.50928e-05 -8.10608e-06 -0.018302 0.0900822 -1.80483e-05 -0.000119046 2.50928e-05 -1.80483e-05 0.00995194 -0.0182713 -8.10608e-06 -0.000119046 -0.0182713 0.0902407 
0.0099397 -0.0182658 2.08355e-05 2.07467e-05 -0.0182658 0.0899543 8.847e-06 -0.000184201 2.08355e-05 8.847e-06 0.00995611 -0.0182336 2.07467e-05 -0.000184201 -0.0182336 0.0900629 
0.00988247 -0.0181466 3.72978e-05 2.69018e-05 -0.0181466 0.0895137 1.76929e-05 -0.00022499 3.72978e-05 1.76929e-05 0.00993617 -0.0181742 2.69018e-05 -0.00022499 -0.0181742 0.0896818 
0.00989117 -0.0181057 5.63336e-05 6.96965e-06 -0.0181057 0.0893613 -1.39043e-06 -0.000209267 5.63336e-05 -1.39043e-06 0.00993046 -0.0181976 6.96965e-06 -0.000209267 -0.0181976 0.0896901 
0.00994238 -0.0181638 4.03356e-05 -1.63596e-05 -0.0181638 0.0895532 -2.30655e-05 -0.000163457 4.03356e-05 -2.30655e-05 0.00993221 -0.0182508 -1.63596e-05 -0.000163457 -0.0182508 0.0899611 
0.00993586 -0.0181922 5.11023e-05 -1.13156e-05 -0.0181922 0.0895607 -1.51761e-05 -0.000135308 5.11023e-05 -1.51761e-05 0.0099315 -0.0182093 -1.13156e-05 -0.000135308 -0.0182093 0.0898696 
0.0099058 -0.0181878 4.68803e-05 -1.77875e-05 -0.0181878 0.0895742 -2.41712e-05 -0.000126078 4.68803e-05 -2.41712e-05 0.00994223 -0.0182132 -1.77875e-05 -0.000126078 -0.0182132 0.0898434 
0.00987099 -0.0181357 3.17342e-05 -1.21156e-05 -0.0181357 0.0894477 -2.5667e-05 -0.000116881 3.17342e-05 -2.5667e-05 0.0099453 -0.0182228 -1.21156e-05 -0.000116881 -0.0182228 0.0898253 
0.00987882 -0.0181178 3.21633e-06 1.31423e-05 -0.0181178 0.0894617 -3.9574e-06 -0.000156443 3.21633e-06 -3.9574e-06 0.00995344 -0.0182699 1.31423e-05 -0.000156443 -0.0182699 0.0900209 
0.0098943 -0.0181078 -5.41409e-06 4.89817e-05 -0.0181078 0.0894111 2.91975e-05 -0.000229088 -5.41409e-06 2.91975e-05 0.00993874 -0.0182784 4.89817e-05 -0.000229088 -0.0182784 0.0901021 
0.00987352 -0.0180945 1.74448e-06 5.09575e-05 -0.0180945 0.0892673 3.8193e-05 -0.000263631 1.74448e-06 3.8193e-05 0.00992708 -0.0182257 5.09575e-05 -0.000263631 -0.0182257 0.0899439 
0.00986317 -0.0180886 -1.00006e-05 3.11504e-05 -0.0180886 0.0892472 3.47726e-05 -0.000249964 -1.00006e-05 3.47726e-05 0.00993601 -0.0182144 3.11504e-05 -0.000249964 -0.0182144 0.089879 
0.00984633 -0.0180559 -6.62418e-06 3.64638e-05 -0.0180559 0.0891079 5.45419e-05 -0.00025395 -6.62418e-06 5.45419e-05 0.00993418 -0.018194 3.64638e-05 -0.00025395 -0.018194 0.0897274 
0.009786 -0.0179953 2.12523e-05 3.81432e-05 -0.0179953 0.0888063 6.10299e-05 -0.000277057 2.12523e-05 6.10299e-05 0.00992931 -0.0181461 3.81432e-05 -0.000277057 -0.0181461 0.0894364 
0.00975343 -0.0179413 6.54669e-05 8.91299e-06 -0.0179413 0.088643 2.88092e-05 -0.000242585 6.54669e-05 2.88092e-05 0.00994414 -0.0181588 8.91299e-06 -0.000242585 -0.0181588 0.0893774 
0.00967758 -0.017833 8.73602e-05 -3.69719e-05 -0.017833 0.0881656 -2.68945e-05 -0.000147276 8.73602e-05 -2.68945e-05 0.00993413 -0.0181119 -3.69719e-05 -0.000147276 -0.0181119 0.0890501 
0.00964402 -0.017756 0.000101906 -6.21562e-05 -0.017756 0.087884 -5.76087e-05 -6.14972e-05 0.000101906 -5.76087e-05 0.00991671 -0.0181196 -6.21562e-05 -6.14972e-05 -0.0181196 0.0889635 
0.00968893 -0.0177951 0.000115879 -7.89504e-05 -0.0177951 0.0881007 -7.69277e-05 -5.1535e-06 0.000115879 -7.69277e-05 0.00993822 -0.0181975 -7.89504e-05 -5.1535e-06 -0.0181975 0.0893475 
0.00972318 -0.0178478 9.92167e-05 -9.3336e-05 -0.0178478 0.0882774 -8.89354e-05 3.00806e-05 9.92167e-05 -8.89354e-05 0.00993793 -0.0182211 -9.3336e-05 3.00806e-05 -0.0182211 0.0895399 
0.00973783 -0.0178466 7.45991e-05 -6.83825e-05 -0.0178466 0.0882032 -6.14783e-05 -3.08676e-06 7.45991e-05 -6.14783e-05 0.00990642 -0.0181642 -6.83825e-05 -3.08676e-06 -0.0181642 0.0893513 
0.00979738 -0.0180141 6.47239e-05 -3.25504e-05 -0.0180141 0.0889322 -3.021e-05 -8.25802e-05 6.47239e-05 -3.021e-05 0.00995944 -0.0182703 -3.25504e-05 -8.25802e-05 -0.0182703 0.0899257 
0.00980705 -0.0180216 4.25437e-05 -1.74104e-05 -0.0180216 0.0890543 -2.01409e-05 -0.000136782 4.25437e-05 -2.01409e-05 0.00995128 -0.0182667 -1.74104e-05 -0.000136782 -0.0182667 0.0899583 
0.0098359 -0.0180365 5.24869e-05 4.50779e-06 -0.0180365 0.0891337 5.27352e-06 -0.000185222 5.24869e-05 5.27352e-06 0.00994347 -0.0182495 4.50779e-06 -0.000185222 -0.0182495 0.0899476 
0.00988454 -0.0180791 5.86417e-05 -2.37141e-06 -0.0180791 0.0892671 3.63637e-06 -0.000213831 5.86417e-05 3.63637e-06 0.00993662 -0.0182457 -2.37141e-06 -0.000213831 -0.0182457 0.0899663 
0.00995367 -0.018229 7.59467e-05 -1.64691e-05 -0.018229 0.0898534 -9.46363e-06 -0.000191598 7.59467e-05 -9.46363e-06 0.00997897 -0.0183123 -1.64691e-05 -0.000191598 -0.0183123 0.0903541 
0.00955222 -0.0174861 8.787e-05 -3.65032e-05 -0.0174861 0.0861607 -3.4129e-05 -0.000134436 8.787e-05 -3.4129e-05 0.00955482 -0.0175202 -3.65032e-05 -0.000134436 -0.0175202 0.0864639 
0.00956547 -0.0174995 9.25993e-05 -5.62949e-05 -0.0174995 0.0861848 -5.75604e-05 -7.45143e-05 9.25993e-05 -5.75604e-05 0.00954742 -0.0175 -5.62949e-05 -7.45143e-05 -0.0175 0.0863593 
0.00997931 -0.0183067 8.81142e-05 -6.74543e-05 -0.0183067 0.0900997 -6.85551e-05 -3.78602e-05 8.81142e-05 -6.85551e-05 0.00999735 -0.0182704 -6.74543e-05 -3.78602e-05 -0.0182704 0.0901595 
0.00997934 -0.0182605 6.18313e-05 -6.06203e-05 -0.0182605 0.0899652 -5.6841e-05 -3.58699e-05 6.18313e-05 -5.6841e-05 0.00997188 -0.0182831 -6.06203e-05 -3.58699e-05 -0.0182831 0.0900836 
0.00999964 -0.018283 2.56954e-05 -2.7489e-05 -0.018283 0.0900057 -2.29938e-05 -9.18128e-05 2.56954e-05 -2.29938e-05 0.00995125 -0.0182772 -2.7489e-05 -9.18128e-05 -0.0182772 0.0901277 
0.00999138 -0.0182444 1.33618e-05 2.44457e-05 -0.0182444 0.089746 2.31751e-05 -0.0002019 1.33618e-05 2.31751e-05 0.00991143 -0.0181841 2.44457e-05 -0.0002019 -0.0181841 0.089769 
0.00994547 -0.0181956 1.89103e-05 4.3966e-05 -0.0181956 0.0894199 3.80392e-05 -0.000280251 1.89103e-05 3.80392e-05 0.00989687 -0.0180945 4.3966e-05 -0.000280251 -0.0180945 0.0893289 
0.00994737 -0.01824 3.40771e-05 3.43691e-05 -0.01824 0.0896714 2.55129e-05 -0.000284095 3.40771e-05 2.55129e-05 0.00995193 -0.0181807 3.43691e-05 -0.000284095 -0.0181807 0.089604 
