0.00693163 0 -2.05441e-06 0 0 0.00970389 0 0 -2.05441e-06 0 0.0068473 0 0 0 0 0.00970389 
0.0100714 -0.0125012 2.91092e-05 -3.22033e-05 -0.0125012 0.0331289 -3.22033e-05 6.2256e-05 2.91092e-05 -3.22033e-05 0.0100062 -0.0124199 -3.22033e-05 6.2256e-05 -0.0124199 0.0329734 
0.0098152 -0.0182724 2.84879e-05 -3.37721e-05 -0.0182724 0.0673047 -3.37721e-05 9.78208e-05 2.84879e-05 -3.37721e-05 0.00977194 -0.0182252 -3.37721e-05 9.78208e-05 -0.0182252 0.0671643 
0.00936274 -0.0179931 5.6181e-05 -9.13575e-05 -0.0179931 0.0805832 -9.318e-05 0.000408079 5.6181e-05 -9.318e-05 0.00928094 -0.0180605 -9.13575e-05 0.000408079 -0.0180605 0.0810585 
0.00963232 -0.017867 6.61111e-05 -0.000148332 -0.017867 0.0858813 -0.00014907 0.000769988 6.61111e-05 -0.00014907 0.00947528 -0.0179111 -0.000148332 0.000769988 -0.0179111 0.0867663 
0.00988276 -0.0180544 5.68489e-05 -0.000137353 -0.0180544 0.0881482 -0.000137372 0.000776481 5.68489e-05 -0.000137372 0.00970405 -0.0179556 -0.000137353 0.000776481 -0.0179556 0.0887232 
0.00952837 -0.0173995 3.81791e-05 -9.2422e-05 -0.0173995 0.0852266 -9.12998e-05 0.000562078 3.81791e-05 -9.12998e-05 0.00940542 -0.0172508 -9.2422e-05 0.000562078 -0.0172508 0.0854075 
0.0096659 -0.0176611 3.26685e-05 -6.42102e-05 -0.0176611 0.0867525 -6.44169e-05 0.000402144 3.26685e-05 -6.44169e-05 0.00960803 -0.0175718 -6.42102e-05 0.000402144 -0.0175718 0.0868481 
0.00990311 -0.0180597 4.35377e-05 -6.46352e-05 -0.0180597 0.0888934 -6.55525e-05 0.000342313 4.35377e-05 -6.55525e-05 0.00986281 -0.0180823 -6.46352e-05 0.000342313 -0.0180823 0.089182 
0.00976598 -0.0177439 4.03224e-05 -8.74372e-05 -0.0177439 0.0873362 -8.70785e-05 0.000363384 4.03224e-05 -8.70785e-05 0.0096959 -0.0178012 -8.74372e-05 0.000363384 -0.0178012 0.0877818 
0.00970262 -0.0176661 2.01069e-05 -8.75126e-05 -0.0176661 0.0867892 -8.54936e-05 0.00038618 2.01069e-05 -8.54936e-05 0.00963528 -0.017682 -8.75126e-05 0.00038618 -0.017682 0.0872199 
0.00971517 -0.017682 1.06953e-05 -6.52336e-05 -0.017682 0.0868569 -5.87921e-05 0.000359201 1.06953e-05 -5.87921e-05 0.00961967 -0.0176941 -6.52336e-05 0.000359201 -0.0176941 0.0872558 
0.00972925 -0.0176678 -1.19793e-06 -5.18764e-05 -0.0176678 0.0867521 -4.64974e-05 0.000321006 -1.19793e-06 -4.64974e-05 0.00957904 -0.0176464 -5.18764e-05 0.000321006 -0.0176464 0.0870907 
0.00970465 -0.0176734 -1.223e-05 -2.69989e-05 -0.0176734 0.0866484 -2.99413e-05 0.000267197 -1.223e-05 -2.99413e-05 0.00955422 -0.0175629 -2.69989e-05 0.000267197 -0.0175629 0.0867902 
0.00965986 -0.0176889 -1.74339e-05 -7.59499e-06 -0.0176889 0.0867656 -1.36361e-05 0.00021027 -1.74339e-05 -1.36361e-05 0.00958503 -0.0175687 -7.59499e-06 0.00021027 -0.0175687 0.086788 
0.00962149 -0.0176291 3.86167e-06 -6.26849e-07 -0.0176291 0.0866884 -7.22175e-06 0.000174554 3.86167e-06 -7.22175e-06 0.00959327 -0.0175906 -6.26849e-07 0.000174554 -0.0175906 0.0867841 
0.00958338 -0.0175938 3.33262e-05 -2.93499e-05 -0.0175938 0.0866396 -3.32086e-05 0.00020476 3.33262e-05 -3.32086e-05 0.00962939 -0.0176224 -2.93499e-05 0.00020476 -0.0176224 0.0869001 
0.00957682 -0.0175123 6.58378e-05 -7.33366e-05 -0.0175123 0.0863959 -7.43023e-05 0.000295598 6.58378e-05 -7.43023e-05 0.00960827 -0.0176457 -7.33366e-05 0.000295598 -0.0176457 0.0869003 
0.00960398 -0.0175174 8.22227e-05 -0.000123755 -0.0175174 0.08635 -0.000120775 0.000420787 8.22227e-05 -0.000120775 0.00960005 -0.0176432 -0.000123755 0.000420787 -0.0176432 0.0869619 
0.00962963 -0.0175143 7.39502e-05 -0.000146966 -0.0175143 0.0862211 -0.000142497 0.000513047 7.39502e-05 -0.000142497 0.00955294 -0.0176045 -0.000146966 0.000513047 -0.0176045 0.0868131 
0.00969751 -0.0176021 5.54897e-05 -0.000131558 -0.0176021 0.0865129 -0.000129368 0.000519292 5.54897e-05 -0.000129368 0.00953597 -0.0176264 -0.000131558 0.000519292 -0.0176264 0.0870208 
0.00975051 -0.0177306 5.28592e-05 -9.7914e-05 -0.0177306 0.0870078 -9.71622e-05 0.000449634 5.28592e-05 -9.71622e-05 0.00955561 -0.0176641 -9.7914e-05 0.000449634 -0.0176641 0.0873563 
0.00975296 -0.0177634 5.03842e-05 -8.33742e-05 -0.0177634 0.0871689 -8.37674e-05 0.000379043 5.03842e-05 -8.37674e-05 0.00955765 -0.0176459 -8.33742e-05 0.000379043 -0.0176459 0.0873547 
0.00970916 -0.0176788 5.24297e-05 -8.02412e-05 -0.0176788 0.0868054 -8.08284e-05 0.000346347 5.24297e-05 -8.08284e-05 0.009524 -0.0175546 -8.02412e-05 0.000346347 -0.0175546 0.086914 
0.00968942 -0.0175971 7.10459e-05 -9.11851e-05 -0.0175971 0.0864257 -8.63601e-05 0.000354134 7.10459e-05 -8.63601e-05 0.00947738 -0.0174941 -9.11851e-05 0.000354134 -0.0174941 0.0865564 
0.00966063 -0.0175796 6.53972e-05 -0.000109808 -0.0175796 0.086245 -9.78976e-05 0.000370987 6.53972e-05 -9.78976e-05 0.00946574 -0.0174461 -0.000109808 0.000370987 -0.0174461 0.0863509 
0.00964416 -0.0175944 5.34734e-05 -0.00010185 -0.0175944 0.0863559 -8.76069e-05 0.000363387 5.34734e-05 -8.76069e-05 0.00948491 -0.017481 -0.00010185 0.000363387 -0.017481 0.0864727 
0.00965068 -0.0175938 5.57918e-05 -8.85115e-05 -0.0175938 0.0864645 -7.37209e-05 0.000337129 5.57918e-05 -7.37209e-05 0.00948915 -0.0175224 -8.85115e-05 0.000337129 -0.0175224 0.086655 
0.00965254 -0.0175457 5.12995e-05 -9.44153e-05 -0.0175457 0.0862541 -7.98863e-05 0.000335414 5.12995e-05 -7.98863e-05 0.00944076 -0.0174732 -9.44153e-05 0.000335414 -0.0174732 0.08648 
0.0100509 -0.0183161 4.20734e-05 -9.19349e-05 -0.0183161 0.0899306 -7.76385e-05 0.000342035 4.20734e-05 -7.76385e-05 0.00985534 -0.0181658 -9.19349e-05 0.000342035 -0.0181658 0.090045 
0.0100068 -0.0182445 5.08187e-05 -7.42133e-05 -0.0182445 0.089634 -6.21507e-05 0.000306996 5.08187e-05 -6.21507e-05 0.00984608 -0.0181212 -7.42133e-05 0.000306996 -0.0181212 0.0897186 
0.00996833 -0.0182112 5.53648e-05 -7.62872e-05 -0.0182112 0.0895038 -6.52443e-05 0.000283132 5.53648e-05 -6.52443e-05 0.00986178 -0.0181299 -7.62872e-05 0.000283132 -0.0181299 0.0896569 
0.00995886 -0.018197 5.12317e-05 -8.35998e-05 -0.018197 0.0895385 -7.40904e-05 0.000291825 5.12317e-05 -7.40904e-05 0.00988876 -0.0181959 -8.35998e-05 0.000291825 -0.0181959 0.0898695 
0.0099676 -0.0182108 3.24964e-05 -7.59246e-05 -0.0182108 0.089669 -7.46458e-05 0.000292473 3.24964e-05 -7.46458e-05 0.0099119 -0.0182641 -7.59246e-05 0.000292473 -0.0182641 0.0901765 
0.00998677 -0.0182008 1.18995e-05 -5.25151e-05 -0.0182008 0.0896614 -5.92432e-05 0.000265686 1.18995e-05 -5.92432e-05 0.00990173 -0.0182842 -5.25151e-05 0.000265686 -0.0182842 0.0902983 
0.00999317 -0.0181426 3.05963e-06 -2.58248e-05 -0.0181426 0.0893198 -3.53352e-05 0.00021214 3.05963e-06 -3.53352e-05 0.00983868 -0.0182088 -2.58248e-05 0.00021214 -0.0182088 0.0899996 
0.0099997 -0.0181369 -9.11456e-06 -1.44876e-05 -0.0181369 0.0890959 -2.29718e-05 0.000167394 -9.11456e-06 -2.29718e-05 0.0097863 -0.0181012 -1.44876e-05 0.000167394 -0.0181012 0.0896075 
0.0100047 -0.0181701 -2.21016e-06 3.10872e-06 -0.0181701 0.0891149 -2.39985e-07 0.00011538 -2.21016e-06 -2.39985e-07 0.00974319 -0.0180425 3.10872e-06 0.00011538 -0.0180425 0.0893734 
0.0100341 -0.0182209 1.5449e-05 -9.11784e-06 -0.0182209 0.0893235 -1.0203e-05 0.000113287 1.5449e-05 -1.0203e-05 0.0097027 -0.0180177 -9.11784e-06 0.000113287 -0.0180177 0.0893429 
0.010021 -0.018291 2.38351e-05 -2.85045e-05 -0.018291 0.0896243 -3.6609e-05 0.000152757 2.38351e-05 -3.6609e-05 0.00973271 -0.0179908 -2.85045e-05 0.000152757 -0.0179908 0.089381 
0.00997497 -0.0182473 3.07282e-05 -4.13361e-05 -0.0182473 0.0895975 -5.60713e-05 0.000204741 3.07282e-05 -5.60713e-05 0.00976632 -0.0179933 -4.13361e-05 0.000204741 -0.0179933 0.0893002 
0.00991967 -0.0181775 2.79262e-05 -4.89465e-05 -0.0181775 0.0894203 -6.36348e-05 0.000234989 2.79262e-05 -6.36348e-05 0.00979909 -0.0180157 -4.89465e-05 0.000234989 -0.0180157 0.0892622 
0.00987086 -0.018068 3.38706e-05 -5.3361e-05 -0.018068 0.0890335 -6.16683e-05 0.000253428 3.38706e-05 -6.16683e-05 0.00978248 -0.0180141 -5.3361e-05 0.000253428 -0.0180141 0.0891102 
0.00984467 -0.0179874 4.99754e-05 -6.41672e-05 -0.0179874 0.0886709 -6.66323e-05 0.000271533 4.99754e-05 -6.66323e-05 0.00974658 -0.0179744 -6.41672e-05 0.000271533 -0.0179744 0.0889096 
0.00980084 -0.0178951 4.58288e-05 -7.85211e-05 -0.0178951 0.088171 -7.78454e-05 0.000288502 4.58288e-05 -7.78454e-05 0.00969132 -0.017872 -7.85211e-05 0.000288502 -0.017872 0.0884498 
0.0098504 -0.0179311 4.73214e-05 -7.26975e-05 -0.0179311 0.088317 -6.81881e-05 0.000283296 4.73214e-05 -6.81881e-05 0.0096675 -0.0179041 -7.26975e-05 0.000283296 -0.0179041 0.0886066 
0.00986553 -0.0179556 3.37268e-05 -7.28627e-05 -0.0179556 0.0882973 -6.7554e-05 0.000273278 3.37268e-05 -6.7554e-05 0.00962642 -0.0178356 -7.28627e-05 0.000273278 -0.0178356 0.0884379 
0.00988972 -0.0180003 1.18304e-05 -5.61447e-05 -0.0180003 0.0884284 -5.00013e-05 0.000242875 1.18304e-05 -5.00013e-05 0.00960875 -0.0177897 -5.61447e-05 0.000242875 -0.0177897 0.0883234 
0.00988531 -0.0179936 -2.04957e-06 -2.29819e-05 -0.0179936 0.0883382 -1.79166e-05 0.00017043 -2.04957e-06 -1.79166e-05 0.00958156 -0.0177198 -2.29819e-05 0.00017043 -0.0177198 0.088015 
0.00982733 -0.0180133 -1.57435e-05 -5.90357e-06 -0.0180133 0.088397 -4.09625e-07 0.000111392 -1.57435e-05 -4.09625e-07 0.00963032 -0.0177025 -5.90357e-06 0.000111392 -0.0177025 0.087919 
0.00982182 -0.0180356 -3.16506e-05 1.3312e-05 -0.0180356 0.0887549 1.39885e-05 6.21723e-05 -3.16506e-05 1.39885e-05 0.00970198 -0.0178465 1.3312e-05 6.21723e-05 -0.0178465 0.0883974 
0.00977576 -0.017936 -2.72185e-05 3.07619e-05 -0.017936 0.0884571 2.84502e-05 2.21157e-05 -2.72185e-05 2.84502e-05 0.00969792 -0.01786 3.07619e-05 2.21157e-05 -0.01786 0.0883764 
0.00972932 -0.0177916 -1.43912e-05 2.16883e-05 -0.0177916 0.0878171 2.38091e-05 1.83342e-05 -1.43912e-05 2.38091e-05 0.00965118 -0.0177766 2.16883e-05 1.83342e-05 -0.0177766 0.0879567 
0.00975189 -0.0177955 -1.33052e-05 6.50301e-06 -0.0177955 0.0877603 1.13186e-05 4.06581e-05 -1.33052e-05 1.13186e-05 0.00963123 -0.0177922 6.50301e-06 4.06581e-05 -0.0177922 0.088015 
0.00976947 -0.017848 -9.60267e-06 -2.93242e-06 -0.017848 0.0879001 3.02435e-06 7.54272e-05 -9.60267e-06 3.02435e-06 0.00963637 -0.0177901 -2.93242e-06 7.54272e-05 -0.0177901 0.0881069 
0.00980694 -0.0178768 3.08364e-05 -1.42259e-05 -0.0178768 0.088034 -6.7262e-06 0.000111293 3.08364e-05 -6.7262e-06 0.00960808 -0.0178002 -1.42259e-05 0.000111293 -0.0178002 0.0881737 
0.00984963 -0.0179761 5.86788e-05 -6.29603e-05 -0.0179761 0.0884335 -5.28739e-05 0.000195871 5.86788e-05 -5.28739e-05 0.00962725 -0.017828 -6.29603e-05 0.000195871 -0.017828 0.0884543 
0.00980271 -0.0179524 6.16125e-05 -9.80466e-05 -0.0179524 0.0883276 -8.98013e-05 0.000295737 6.16125e-05 -8.98013e-05 0.00962612 -0.0177724 -9.80466e-05 0.000295737 -0.0177724 0.0882341 
0.00969085 -0.0177867 6.20004e-05 -0.000100174 -0.0177867 0.0876532 -9.74775e-05 0.000343538 6.20004e-05 -9.74775e-05 0.00959582 -0.0176615 -0.000100174 0.000343538 -0.0176615 0.087605 
0.00961039 -0.0176303 4.53897e-05 -9.46437e-05 -0.0176303 0.0870285 -9.72564e-05 0.000346485 4.53897e-05 -9.72564e-05 0.00956447 -0.0176005 -9.46437e-05 0.000346485 -0.0176005 0.0871567 
0.00963113 -0.0176163 3.23522e-05 -7.37692e-05 -0.0176163 0.0870073 -7.88739e-05 0.000315483 3.23522e-05 -7.88739e-05 0.00955808 -0.0176465 -7.37692e-05 0.000315483 -0.0176465 0.0873096 
0.00967377 -0.0176533 2.82374e-05 -5.80666e-05 -0.0176533 0.0871075 -5.95251e-05 0.000270233 2.82374e-05 -5.95251e-05 0.00953618 -0.0176595 -5.80666e-05 0.000270233 -0.0176595 0.0874483 
0.00970303 -0.0177514 2.1044e-05 -4.80335e-05 -0.0177514 0.0874693 -4.26368e-05 0.000219674 2.1044e-05 -4.26368e-05 0.00956028 -0.0176789 -4.80335e-05 0.000219674 -0.0176789 0.0876896 
0.00967512 -0.0177376 3.43938e-05 -3.79838e-05 -0.0177376 0.0874342 -3.13992e-05 0.000179379 3.43938e-05 -3.13992e-05 0.00956964 -0.0176415 -3.79838e-05 0.000179379 -0.0176415 0.0875298 
0.00969333 -0.0177535 4.72671e-05 -5.96556e-05 -0.0177535 0.0876066 -5.03889e-05 0.000197825 4.72671e-05 -5.03889e-05 0.0095974 -0.017705 -5.96556e-05 0.000197825 -0.017705 0.0877399 
0.00972018 -0.0177748 5.14291e-05 -7.76055e-05 -0.0177748 0.0877215 -6.87e-05 0.000242305 5.14291e-05 -6.87e-05 0.00959742 -0.0177468 -7.76055e-05 0.000242305 -0.0177468 0.0879284 
0.00972994 -0.0177365 4.55736e-05 -7.71539e-05 -0.0177365 0.0874897 -7.72932e-05 0.000266957 4.55736e-05 -7.72932e-05 0.0095451 -0.0176858 -7.71539e-05 0.000266957 -0.0176858 0.0876996 
0.00967893 -0.0176565 3.40858e-05 -6.44957e-05 -0.0176565 0.0869572 -7.12563e-05 0.000257359 3.40858e-05 -7.12563e-05 0.00949083 -0.0175345 -6.44957e-05 0.000257359 -0.0175345 0.0870534 
0.00966285 -0.0176395 4.27067e-06 -4.30556e-05 -0.0176395 0.0868283 -5.39168e-05 0.000213872 4.27067e-06 -5.39168e-05 0.00947496 -0.0175022 -4.30556e-05 0.000213872 -0.0175022 0.0868291 
0.00969787 -0.0177042 -2.29469e-05 -1.04758e-05 -0.0177042 0.0871443 -2.23551e-05 0.000150682 -2.29469e-05 -2.23551e-05 0.00949806 -0.0175712 -1.04758e-05 0.000150682 -0.0175712 0.0871286 
0.00970418 -0.0177375 -2.30387e-05 1.93795e-05 -0.0177375 0.0872878 1.11552e-05 7.43492e-05 -2.30387e-05 1.11552e-05 0.00950596 -0.0175786 1.93795e-05 7.43492e-05 -0.0175786 0.087217 
0.00973584 -0.0178024 -1.32197e-05 2.26416e-05 -0.0178024 0.0876542 2.14465e-05 2.31417e-05 -1.32197e-05 2.14465e-05 0.00953618 -0.0176497 2.26416e-05 2.31417e-05 -0.0176497 0.0875695 
0.00974793 -0.0178317 3.27105e-06 9.1003e-06 -0.0178317 0.0878152 1.38003e-05 2.2261e-05 3.27105e-06 1.38003e-05 0.00954604 -0.0176573 9.1003e-06 2.2261e-05 -0.0176573 0.0876687 
0.00977052 -0.0178357 3.3349e-05 -1.05376e-05 -0.0178357 0.0878596 -8.48097e-08 4.66036e-05 3.3349e-05 -8.48097e-08 0.00952345 -0.0176522 -1.05376e-05 4.66036e-05 -0.0176522 0.0876617 
0.00978896 -0.0178694 3.95071e-05 -5.29502e-05 -0.0178694 0.0879697 -4.19244e-05 0.000128335 3.95071e-05 -4.19244e-05 0.00952016 -0.0176413 -5.29502e-05 0.000128335 -0.0176413 0.0876945 
0.00974454 -0.017847 1.69758e-05 -6.91726e-05 -0.017847 0.0878311 -6.43071e-05 0.00021217 1.69758e-05 -6.43071e-05 0.00953584 -0.0175851 -6.91726e-05 0.00021217 -0.0175851 0.0874561 
0.00971487 -0.0177934 -6.64937e-06 -3.24694e-05 -0.0177934 0.0876917 -3.44878e-05 0.000184088 -6.64937e-06 -3.44878e-05 0.00955888 -0.0176117 -3.24694e-05 0.000184088 -0.0176117 0.087411 
0.00968512 -0.0177254 -1.44479e-05 7.01427e-06 -0.0177254 0.0874323 -7.55647e-07 9.7252e-05 -1.44479e-05 -7.55647e-07 0.00956395 -0.0176338 7.01427e-06 9.7252e-05 -0.0176338 0.0873844 
0.00965474 -0.0176789 -1.38868e-05 2.05293e-05 -0.0176789 0.0872119 1.10373e-05 3.51284e-05 -1.38868e-05 1.10373e-05 0.00956448 -0.0176368 2.05293e-05 3.51284e-05 -0.0176368 0.0873507 
0.00962019 -0.017644 -2.44145e-05 9.73287e-06 -0.017644 0.0870808 6.39543e-06 3.41031e-05 -2.44145e-05 6.39543e-06 0.00958587 -0.0176554 9.73287e-06 3.41031e-05 -0.0176554 0.087398 
0.00959376 -0.0175907 -1.94269e-05 1.25071e-05 -0.0175907 0.0869067 2.09235e-05 3.0919e-05 -1.94269e-05 2.09235e-05 0.00958654 -0.0176759 1.25071e-05 3.0919e-05 -0.0176759 0.0874185 
0.00959589 -0.0175795 -1.80278e-05 4.85624e-06 -0.0175795 0.0868795 1.9155e-05 3.1332e-05 -1.80278e-05 1.9155e-05 0.0095864 -0.0176921 4.85624e-06 3.1332e-05 -0.0176921 0.0875066 
0.00964336 -0.0176284 -7.29228e-06 1.73017e-07 -0.0176284 0.0870928 1.17677e-05 4.93349e-05 -7.29228e-06 1.17677e-05 0.00958897 -0.0177291 1.73017e-07 4.93349e-05 -0.0177291 0.0877309 
0.00968266 -0.0176946 3.13356e-06 -7.40183e-06 -0.0176946 0.0873363 2.52462e-07 6.61411e-05 3.13356e-06 2.52462e-07 0.0095896 -0.0177473 -7.40183e-06 6.61411e-05 -0.0177473 0.0879045 
0.00967049 -0.0176622 1.63438e-05 -1.12937e-05 -0.0176622 0.0871253 -5.29815e-06 6.98848e-05 1.63438e-05 -5.29815e-06 0.00954114 -0.0176649 -1.12937e-05 6.98848e-05 -0.0176649 0.0875762 
0.00966797 -0.0176313 2.62574e-05 -3.1808e-05 -0.0176313 0.0869373 -2.77326e-05 0.000108165 2.62574e-05 -2.77326e-05 0.00949534 -0.0175998 -3.1808e-05 0.000108165 -0.0175998 0.0872994 
0.00966576 -0.0176313 2.59412e-05 -4.17109e-05 -0.0176313 0.086852 -3.61537e-05 0.000136626 2.59412e-05 -3.61537e-05 0.00946153 -0.0175408 -4.17109e-05 0.000136626 -0.0175408 0.0870841 
0.00969726 -0.0176602 2.73619e-05 -3.78895e-05 -0.0176602 0.0869509 -3.07941e-05 0.00013293 2.73619e-05 -3.07941e-05 0.00942982 -0.0175192 -3.78895e-05 0.00013293 -0.0175192 0.0870352 
0.00973133 -0.0177723 2.54834e-05 -3.52219e-05 -0.0177723 0.08741 -2.95311e-05 0.000120214 2.54834e-05 -2.95311e-05 0.00945438 -0.0175489 -3.52219e-05 0.000120214 -0.0175489 0.0873026 
0.00970904 -0.0177132 1.83051e-05 -3.0013e-05 -0.0177132 0.0871881 -2.60301e-05 0.000104897 1.83051e-05 -2.60301e-05 0.00942476 -0.0174751 -3.0013e-05 0.000104897 -0.0174751 0.0869613 
0.00969853 -0.0177069 9.62064e-07 -2.66094e-05 -0.0177069 0.0871382 -2.36853e-05 0.000100765 9.62064e-07 -2.36853e-05 0.00942848 -0.0174543 -2.66094e-05 0.000100765 -0.0174543 0.0868446 
0.00967823 -0.0176829 -1.15379e-05 -2.04022e-06 -0.0176829 0.0870357 3.36941e-06 5.48475e-05 -1.15379e-05 3.36941e-06 0.00943105 -0.0174445 -2.04022e-06 5.48475e-05 -0.0174445 0.0867354 
0.00967475 -0.0176804 -1.88415e-05 7.59679e-06 -0.0176804 0.0870647 1.4209e-05 2.22759e-05 -1.88415e-05 1.4209e-05 0.00944283 -0.0174779 7.59679e-06 2.22759e-05 -0.0174779 0.0868306 
0.00963722 -0.0176031 -2.66742e-05 1.47579e-05 -0.0176031 0.0867161 2.33335e-05 1.02624e-07 -2.66742e-05 2.33335e-05 0.00942148 -0.0174267 1.47579e-05 1.02624e-07 -0.0174267 0.0865608 
0.00962591 -0.0175914 -4.9966e-05 2.87987e-05 -0.0175914 0.0866433 3.89746e-05 -3.92584e-05 -4.9966e-05 3.89746e-05 0.00943095 -0.0174263 2.87987e-05 -3.92584e-05 -0.0174263 0.0865259 
0.00964699 -0.0176449 -5.19864e-05 5.91044e-05 -0.0176449 0.0869171 6.56153e-05 -9.84201e-05 -5.19864e-05 6.56153e-05 0.00947751 -0.0175052 5.91044e-05 -9.84201e-05 -0.0175052 0.0868533 
0.00971681 -0.0176948 -2.47601e-05 6.0516e-05 -0.0176948 0.0872116 5.81833e-05 -0.000116592 -2.47601e-05 5.81833e-05 0.00948441 -0.0176009 6.0516e-05 -0.000116592 -0.0176009 0.0872617 
0.00980771 -0.0178321 2.65831e-05 2.62118e-05 -0.0178321 0.0877343 1.70451e-05 -5.43972e-05 2.65831e-05 1.70451e-05 0.00949264 -0.017665 2.62118e-05 -5.43972e-05 -0.017665 0.0877315 
0.00981932 -0.0178937 7.13087e-05 -4.42664e-05 -0.0178937 0.0879092 -5.29452e-05 9.45397e-05 7.13087e-05 -5.29452e-05 0.0094932 -0.0176221 -4.42664e-05 9.45397e-05 -0.0176221 0.0876968 
0.00978295 -0.0178429 8.03787e-05 -9.8528e-05 -0.0178429 0.0876937 -0.000105861 0.000242942 8.03787e-05 -0.000105861 0.00947545 -0.0175571 -9.8528e-05 0.000242942 -0.0175571 0.0873605 
0.00975984 -0.0177918 5.13306e-05 -0.000103465 -0.0177918 0.087508 -0.000108615 0.000299982 5.13306e-05 -0.000108615 0.0094734 -0.0175513 -0.000103465 0.000299982 -0.0175513 0.0872439 
0.00972017 -0.0177504 1.71355e-05 -6.33778e-05 -0.0177504 0.0872962 -6.59975e-05 0.000243593 1.71355e-05 -6.59975e-05 0.00948198 -0.0175249 -6.33778e-05 0.000243593 -0.0175249 0.0870834 
0.00971209 -0.0177431 2.64483e-05 -1.9315e-05 -0.0177431 0.0873195 -2.33976e-05 0.000140787 2.64483e-05 -2.33976e-05 0.00949673 -0.017567 -1.9315e-05 0.000140787 -0.017567 0.0871928 
0.00972393 -0.0177434 4.25077e-05 -2.60233e-05 -0.0177434 0.0873608 -3.18901e-05 0.00010155 4.25077e-05 -3.18901e-05 0.00949299 -0.0175942 -2.60233e-05 0.00010155 -0.0175942 0.0873128 
0.0097091 -0.0176881 4.17029e-05 -5.18405e-05 -0.0176881 0.0870662 -5.31433e-05 0.000137382 4.17029e-05 -5.31433e-05 0.00945522 -0.0175229 -5.18405e-05 0.000137382 -0.0175229 0.0870234 
0.00974994 -0.0177283 4.1021e-05 -5.77402e-05 -0.0177283 0.0871806 -5.54786e-05 0.000170481 4.1021e-05 -5.54786e-05 0.00944587 -0.0175204 -5.77402e-05 0.000170481 -0.0175204 0.0870451 
0.00980743 -0.0178414 4.47595e-05 -5.7792e-05 -0.0178414 0.0876162 -5.46736e-05 0.000183011 4.47595e-05 -5.46736e-05 0.00947701 -0.017571 -5.7792e-05 0.000183011 -0.017571 0.0873393 
0.00983427 -0.01792 4.76824e-05 -5.74936e-05 -0.01792 0.087957 -5.39401e-05 0.000181005 4.76824e-05 -5.39401e-05 0.00951195 -0.0176141 -5.74936e-05 0.000181005 -0.0176141 0.0875601 
0.00984839 -0.018032 3.17894e-05 -5.70742e-05 -0.018032 0.0885426 -5.61371e-05 0.000177792 3.17894e-05 -5.61371e-05 0.00961626 -0.0177368 -5.70742e-05 0.000177792 -0.0177368 0.0881212 
0.00984375 -0.0180451 2.04997e-05 -4.73677e-05 -0.0180451 0.0888262 -4.82474e-05 0.0001788 2.04997e-05 -4.82474e-05 0.00970546 -0.0178764 -4.73677e-05 0.0001788 -0.0178764 0.0886236 
0.009849 -0.0180669 1.90014e-05 -2.77485e-05 -0.0180669 0.0891002 -3.12604e-05 0.000142865 1.90014e-05 -3.12604e-05 0.00978762 -0.0180308 -2.77485e-05 0.000142865 -0.0180308 0.0892407 
0.00984862 -0.0179903 2.61867e-05 -2.18133e-05 -0.0179903 0.0888553 -2.68579e-05 0.000115158 2.61867e-05 -2.68579e-05 0.00977304 -0.0180639 -2.18133e-05 0.000115158 -0.0180639 0.0893297 
0.00983636 -0.0179422 3.20001e-05 -3.14747e-05 -0.0179422 0.0885325 -3.75688e-05 0.000123321 3.20001e-05 -3.75688e-05 0.00973209 -0.0180078 -3.14747e-05 0.000123321 -0.0180078 0.0891409 
0.00982937 -0.0178929 2.29351e-05 -4.6704e-05 -0.0178929 0.0882061 -4.71919e-05 0.000157225 2.29351e-05 -4.71919e-05 0.00967466 -0.0179178 -4.6704e-05 0.000157225 -0.0179178 0.0887756 
0.00982826 -0.017893 1.29723e-05 -3.5364e-05 -0.017893 0.0880863 -3.15835e-05 0.000149799 1.29723e-05 -3.15835e-05 0.00964333 -0.0178539 -3.5364e-05 0.000149799 -0.0178539 0.0885324 
0.00983681 -0.0178519 2.01593e-05 -2.26324e-05 -0.0178519 0.0878134 -1.90544e-05 0.000120521 2.01593e-05 -1.90544e-05 0.0095669 -0.0177617 -2.26324e-05 0.000120521 -0.0177617 0.0881065 
0.00985291 -0.0179359 2.24872e-05 -3.45404e-05 -0.0179359 0.0880603 -3.34657e-05 0.000132234 2.24872e-05 -3.34657e-05 0.00956617 -0.0177446 -3.45404e-05 0.000132234 -0.0177446 0.0881428 
0.00985297 -0.0179438 2.93415e-05 -3.92492e-05 -0.0179438 0.0881253 -4.20494e-05 0.000156975 2.93415e-05 -4.20494e-05 0.00955465 -0.0177145 -3.92492e-05 0.000156975 -0.0177145 0.0880274 
0.00983473 -0.0179092 5.03635e-05 -4.30749e-05 -0.0179092 0.0879754 -5.35503e-05 0.000176624 5.03635e-05 -5.35503e-05 0.0095341 -0.0176657 -4.30749e-05 0.000176624 -0.0176657 0.0877888 
0.00981054 -0.0178461 6.92844e-05 -6.00805e-05 -0.0178461 0.0876848 -7.3306e-05 0.000203176 6.92844e-05 -7.3306e-05 0.00948803 -0.0176147 -6.00805e-05 0.000203176 -0.0176147 0.0875045 
0.00981864 -0.0178717 7.01647e-05 -8.68379e-05 -0.0178717 0.0877742 -9.41222e-05 0.000252496 7.01647e-05 -9.41222e-05 0.00948335 -0.0176146 -8.68379e-05 0.000252496 -0.0176146 0.0875674 
0.00986411 -0.0179613 5.12564e-05 -9.1063e-05 -0.0179613 0.0882197 -9.12948e-05 0.000274098 5.12564e-05 -9.12948e-05 0.00950904 -0.0176826 -9.1063e-05 0.000274098 -0.0176826 0.0879565 
0.00984126 -0.0179033 3.58905e-05 -6.9904e-05 -0.0179033 0.0879382 -6.50747e-05 0.000242405 3.58905e-05 -6.50747e-05 0.00946827 -0.0175857 -6.9904e-05 0.000242405 -0.0175857 0.0875676 
0.00985356 -0.0179705 4.04778e-05 -5.25409e-05 -0.0179705 0.0882242 -4.6094e-05 0.000196461 4.04778e-05 -4.6094e-05 0.00950918 -0.0176133 -5.25409e-05 0.000196461 -0.0176133 0.0877214 
0.00983361 -0.017927 5.37314e-05 -5.31399e-05 -0.017927 0.0880739 -4.92284e-05 0.000173986 5.37314e-05 -4.92284e-05 0.0095061 -0.0175883 -5.31399e-05 0.000173986 -0.0175883 0.0875178 
0.00983367 -0.017921 5.83295e-05 -6.87739e-05 -0.017921 0.0880664 -6.47514e-05 0.000192421 5.83295e-05 -6.47514e-05 0.00950889 -0.0176173 -6.87739e-05 0.000192421 -0.0176173 0.0875741 
0.00981554 -0.0179332 5.86594e-05 -7.9693e-05 -0.0179332 0.0881349 -7.51749e-05 0.000227735 5.86594e-05 -7.51749e-05 0.00953282 -0.0176469 -7.9693e-05 0.000227735 -0.0176469 0.0877176 
0.00975363 -0.0178675 3.53766e-05 -7.79027e-05 -0.0178675 0.0879215 -7.41643e-05 0.000237498 3.53766e-05 -7.41643e-05 0.00955134 -0.0176337 -7.79027e-05 0.000237498 -0.0176337 0.0876135 
0.00970488 -0.0177485 6.35424e-06 -5.06215e-05 -0.0177485 0.0874971 -5.33034e-05 0.000206552 6.35424e-06 -5.33034e-05 0.00953832 -0.0176149 -5.06215e-05 0.000206552 -0.0176149 0.0873965 
0.00967752 -0.0176584 -2.31644e-05 -4.18837e-06 -0.0176584 0.0870728 -1.18725e-05 0.000111944 -2.31644e-05 -1.18725e-05 0.00950175 -0.0175809 -4.18837e-06 0.000111944 -0.0175809 0.0871724 
0.0096322 -0.0176061 -3.39475e-05 3.74832e-05 -0.0176061 0.086744 3.13879e-05 -3.51446e-06 -3.39475e-05 3.13879e-05 0.00947712 -0.0175202 3.74832e-05 -3.51446e-06 -0.0175202 0.0869117 
0.00957794 -0.0174944 -2.1152e-05 4.72938e-05 -0.0174944 0.0862196 4.57132e-05 -7.0571e-05 -2.1152e-05 4.57132e-05 0.00941363 -0.0174187 4.72938e-05 -7.0571e-05 -0.0174187 0.0863955 
0.00957075 -0.0175133 2.18686e-06 2.19635e-05 -0.0175133 0.0862762 2.32391e-05 -4.58266e-05 2.18686e-06 2.32391e-05 0.00941952 -0.0174109 2.19635e-05 -4.58266e-05 -0.0174109 0.0863951 
0.00962413 -0.0175461 3.12534e-05 -1.19163e-05 -0.0175461 0.0864921 -1.39653e-05 3.53739e-05 3.12534e-05 -1.39653e-05 0.00941503 -0.0174574 -1.19163e-05 3.53739e-05 -0.0174574 0.0865942 
0.00962603 -0.0175326 2.64266e-05 -4.3422e-05 -0.0175326 0.0863163 -4.45171e-05 0.000114777 2.64266e-05 -4.45171e-05 0.00937397 -0.0173901 -4.3422e-05 0.000114777 -0.0173901 0.086353 
0.00967184 -0.0176268 2.62757e-05 -4.43976e-05 -0.0176268 0.0866949 -4.35343e-05 0.000155746 2.62757e-05 -4.35343e-05 0.00939747 -0.0174346 -4.43976e-05 0.000155746 -0.0174346 0.0866242 
0.00970328 -0.0177467 2.54445e-05 -4.24807e-05 -0.0177467 0.0872452 -4.15764e-05 0.000159323 2.54445e-05 -4.15764e-05 0.00946857 -0.0175087 -4.24807e-05 0.000159323 -0.0175087 0.087036 
0.00977065 -0.0178422 2.51106e-05 -3.79151e-05 -0.0178422 0.0878424 -3.8451e-05 0.000150293 2.51106e-05 -3.8451e-05 0.00952963 -0.0176582 -3.79151e-05 0.000150293 -0.0176582 0.0876662 
0.00980922 -0.0178971 2.05303e-05 -3.18571e-05 -0.0178971 0.0881179 -3.65081e-05 0.000135926 2.05303e-05 -3.65081e-05 0.00955428 -0.0177195 -3.18571e-05 0.000135926 -0.0177195 0.088004 
0.00982392 -0.0179477 2.3239e-05 -2.75432e-05 -0.0179477 0.088336 -3.29323e-05 0.000125574 2.3239e-05 -3.29323e-05 0.00958894 -0.0177445 -2.75432e-05 0.000125574 -0.0177445 0.0881912 
0.00984313 -0.0179421 3.51271e-05 -2.94885e-05 -0.0179421 0.0883433 -2.94435e-05 0.000113748 3.51271e-05 -2.94435e-05 0.00956409 -0.0177514 -2.94885e-05 0.000113748 -0.0177514 0.0881859 
0.00983337 -0.0179382 3.40538e-05 -4.51841e-05 -0.0179382 0.0882607 -3.71965e-05 0.00012526 3.40538e-05 -3.71965e-05 0.00954214 -0.017702 -4.51841e-05 0.00012526 -0.017702 0.0880442 
0.0097544 -0.0177973 3.64264e-05 -4.83942e-05 -0.0177973 0.0875761 -4.02159e-05 0.000143204 3.64264e-05 -4.02159e-05 0.00948346 -0.017547 -4.83942e-05 0.000143204 -0.017547 0.0873009 
0.00967197 -0.0176899 3.74746e-05 -4.93673e-05 -0.0176899 0.0870555 -4.90677e-05 0.00015708 3.74746e-05 -4.90677e-05 0.00947036 -0.0174611 -4.93673e-05 0.00015708 -0.0174611 0.0867902 
0.00962352 -0.0176169 1.74469e-05 -5.23335e-05 -0.0176169 0.0867807 -5.75363e-05 0.000177318 1.74469e-05 -5.75363e-05 0.00948064 -0.0174654 -5.23335e-05 0.000177318 -0.0174654 0.0866384 
0.00960973 -0.0175986 -2.27788e-06 -2.0942e-05 -0.0175986 0.0867681 -2.79601e-05 0.000133357 -2.27788e-06 -2.79601e-05 0.0095053 -0.0175339 -2.0942e-05 0.000133357 -0.0175339 0.0868431 
0.00957868 -0.0175188 -8.15906e-06 1.8364e-06 -0.0175188 0.0864281 -1.38528e-07 6.84907e-05 -8.15906e-06 -1.38528e-07 0.00948111 -0.0175051 1.8364e-06 6.84907e-05 -0.0175051 0.0866757 
0.00960515 -0.0175839 -8.34236e-06 7.08021e-06 -0.0175839 0.0867259 1.70651e-05 2.02075e-05 -8.34236e-06 1.70651e-05 0.00951374 -0.017582 7.08021e-06 2.02075e-05 -0.017582 0.0870633 
0.009704 -0.0176948 8.35014e-06 3.79678e-06 -0.0176948 0.0873054 2.08154e-05 3.20272e-06 8.35014e-06 2.08154e-05 0.00952656 -0.017701 3.79678e-06 3.20272e-06 -0.017701 0.0876864 
0.00972895 -0.0177646 3.1752e-05 -2.45394e-05 -0.0177646 0.0875087 -1.02744e-05 5.58429e-05 3.1752e-05 -1.02744e-05 0.00951479 -0.0176615 -2.45394e-05 5.58429e-05 -0.0176615 0.0877295 
