0.00716768 0 0.000208672 0 0 0.00988441 0 0 0.000208672 0 0.00675808 0 0 0 0 0.00988441 
0.0101247 -0.012562 0.000245083 -0.000294312 -0.012562 0.0331592 -0.000294312 0.000564554 0.000245083 -0.000294312 0.0096112 -0.0119367 -0.000294312 0.000564554 -0.0119367 0.0319601 
0.00988348 -0.0184056 0.000164441 -0.000202471 -0.0184056 0.0676927 -0.000202471 0.000593228 0.000164441 -0.000202471 0.00953709 -0.0178119 -0.000202471 0.000593228 -0.0178119 0.0658573 
0.00932651 -0.0179213 0.000126474 -1.66082e-05 -0.0179213 0.0802305 -2.2764e-05 -0.000247455 0.000126474 -2.2764e-05 0.00908529 -0.0177156 -1.66082e-05 -0.000247455 -0.0177156 0.079725 
0.00933247 -0.0172893 0.000160247 -3.58608e-06 -0.0172893 0.0831309 -2.3904e-05 -0.000548918 0.000160247 -2.3904e-05 0.00906866 -0.0171879 -3.58608e-06 -0.000548918 -0.0171879 0.0834318 
0.00959391 -0.0175613 0.000183422 -7.27659e-05 -0.0175613 0.0857466 -0.00010503 -0.000372126 0.000183422 -0.00010503 0.00937474 -0.0173709 -7.27659e-05 -0.000372126 -0.0173709 0.085965 
0.00957041 -0.0174753 0.000193144 -0.000117789 -0.0174753 0.0857224 -0.000145849 -0.000118505 0.000193144 -0.000145849 0.00937839 -0.0173192 -0.000117789 -0.000118505 -0.0173192 0.0857884 
0.00971353 -0.0177058 0.000184707 -0.000141521 -0.0177058 0.0870867 -0.000159806 3.2496e-05 0.000184707 -0.000159806 0.00954011 -0.0175941 -0.000141521 3.2496e-05 -0.0175941 0.0871716 
0.00972416 -0.0176654 0.000168971 -0.000124798 -0.0176654 0.0869543 -0.000135528 5.38495e-05 0.000168971 -0.000135528 0.00952946 -0.0175761 -0.000124798 5.38495e-05 -0.0175761 0.0870719 
0.00980951 -0.0178454 0.000166163 -9.36336e-05 -0.0178454 0.0877256 -0.00010377 -1.29143e-05 0.000166163 -0.00010377 0.00962977 -0.0177282 -9.36336e-05 -1.29143e-05 -0.0177282 0.0878153 
0.00977683 -0.0177558 0.000179891 -9.16712e-05 -0.0177558 0.0872662 -9.92962e-05 -4.86062e-05 0.000179891 -9.92962e-05 0.00957094 -0.0176513 -9.16712e-05 -4.86062e-05 -0.0176513 0.0873455 
0.00973359 -0.0176923 0.000182871 -0.000115774 -0.0176923 0.0868584 -0.000117094 -2.29317e-05 0.000182871 -0.000117094 0.00952874 -0.0175601 -0.000115774 -2.29317e-05 -0.0175601 0.0869081 
0.0097091 -0.0176846 0.000190703 -0.000132481 -0.0176846 0.0867909 -0.000129269 2.91149e-05 0.000190703 -0.000129269 0.00952356 -0.0175469 -0.000132481 2.91149e-05 -0.0175469 0.0868077 
0.00971072 -0.0176845 0.000193463 -0.000143957 -0.0176845 0.0868568 -0.000139026 6.6756e-05 0.000193463 -0.000139026 0.00951831 -0.0175794 -0.000143957 6.6756e-05 -0.0175794 0.086926 
0.00964188 -0.0176134 0.000198126 -0.000147732 -0.0176134 0.0865235 -0.000146194 9.67549e-05 0.000198126 -0.000146194 0.00951263 -0.0175037 -0.000147732 9.67549e-05 -0.0175037 0.0866197 
0.00958621 -0.0175043 0.000201754 -0.000148946 -0.0175043 0.0861297 -0.000150839 0.000110566 0.000201754 -0.000150839 0.0095001 -0.0174823 -0.000148946 0.000110566 -0.0174823 0.0863796 
0.00978896 -0.0178334 0.000214747 -0.000155439 -0.0178334 0.0878045 -0.000160859 0.000128515 0.000214747 -0.000160859 0.00969388 -0.0178796 -0.000155439 0.000128515 -0.0178796 0.0882677 
0.00976893 -0.0177534 0.000215959 -0.000166562 -0.0177534 0.0873633 -0.000177489 0.000161504 0.000215959 -0.000177489 0.00963324 -0.0178072 -0.000166562 0.000161504 -0.0178072 0.0879469 
0.00978759 -0.0177719 0.000217617 -0.000174756 -0.0177719 0.0873319 -0.000187501 0.000199856 0.000217617 -0.000187501 0.0096026 -0.0177704 -0.000174756 0.000199856 -0.0177704 0.0878638 
0.00981419 -0.0178724 0.000208653 -0.000174713 -0.0178724 0.0877247 -0.000186634 0.000210873 0.000208653 -0.000186634 0.00961558 -0.0178006 -0.000174713 0.000210873 -0.0178006 0.0881051 
0.00963437 -0.0175645 0.00018461 -0.000160481 -0.0175645 0.08626 -0.000166411 0.000184524 0.00018461 -0.000166411 0.00943149 -0.017458 -0.000160481 0.000184524 -0.017458 0.0864852 
0.00965432 -0.0175946 0.000170762 -0.000137649 -0.0175946 0.0864427 -0.000139894 0.000135761 0.000170762 -0.000139894 0.00941871 -0.017447 -0.000137649 0.000135761 -0.017447 0.0865101 
0.00966884 -0.0176167 0.000153073 -0.000124974 -0.0176167 0.0865556 -0.000125097 9.60188e-05 0.000153073 -0.000125097 0.00940767 -0.0174253 -0.000124974 9.60188e-05 -0.0174253 0.0864844 
0.00985478 -0.0179415 0.000160033 -0.000113137 -0.0179415 0.0881496 -0.000109509 6.62239e-05 0.000160033 -0.000109509 0.00957822 -0.0177116 -0.000113137 6.62239e-05 -0.0177116 0.0879546 
0.00982294 -0.0178511 0.000182883 -0.000117436 -0.0178511 0.087682 -0.000110407 5.68669e-05 0.000182883 -0.000110407 0.0095204 -0.0176148 -0.000117436 5.68669e-05 -0.0176148 0.0874323 
0.00980712 -0.0178673 0.000188016 -0.000144511 -0.0178673 0.087672 -0.000135455 9.42016e-05 0.000188016 -0.000135455 0.00953267 -0.017597 -0.000144511 9.42016e-05 -0.017597 0.0873501 
0.00977468 -0.0178062 0.000168682 -0.000151708 -0.0178062 0.0874231 -0.000146979 0.000133522 0.000168682 -0.000146979 0.00952574 -0.017567 -0.000151708 0.000133522 -0.017567 0.0871073 
0.00979142 -0.0178545 0.000158708 -0.000124408 -0.0178545 0.0876592 -0.00012423 0.000104415 0.000158708 -0.00012423 0.00956697 -0.0176394 -0.000124408 0.000104415 -0.0176394 0.0873878 
0.00980314 -0.0179198 0.000129832 -0.000103315 -0.0179198 0.0880193 -0.000105817 4.38367e-05 0.000129832 -0.000105817 0.00963143 -0.0177389 -0.000103315 4.38367e-05 -0.0177389 0.0878271 
0.00963268 -0.0175755 0.000128081 -6.5781e-05 -0.0175755 0.0864494 -7.46435e-05 -2.69742e-05 0.000128081 -7.46435e-05 0.00946885 -0.017474 -6.5781e-05 -2.69742e-05 -0.017474 0.0864276 
0.009674 -0.0176163 0.000144741 -6.74619e-05 -0.0176163 0.0866468 -7.83798e-05 -5.04962e-05 0.000144741 -7.83798e-05 0.00947693 -0.0175328 -6.74619e-05 -5.04962e-05 -0.0175328 0.0867491 
0.00988724 -0.0179361 0.000191415 -9.44798e-05 -0.0179361 0.0881547 -0.000102604 -1.18245e-05 0.000191415 -0.000102604 0.00960732 -0.0178131 -9.44798e-05 -1.18245e-05 -0.0178131 0.0882474 
0.00971934 -0.0176002 0.000217569 -0.000151795 -0.0176002 0.086325 -0.000153309 0.000101019 0.000217569 -0.000153309 0.0093568 -0.0173817 -0.000151795 0.000101019 -0.0173817 0.0862462 
0.00976061 -0.017719 0.000227328 -0.000194368 -0.017719 0.0867306 -0.000189669 0.000217593 0.000227328 -0.000189669 0.00937485 -0.0173689 -0.000194368 0.000217593 -0.0173689 0.0863418 
0.00979455 -0.0178061 0.000230486 -0.000203288 -0.0178061 0.0871522 -0.000199612 0.000273839 0.000230486 -0.000199612 0.00940234 -0.0174083 -0.000203288 0.000273839 -0.0174083 0.0865283 
0.00976289 -0.0177431 0.000223243 -0.000198189 -0.0177431 0.0868973 -0.000199367 0.000278999 0.000223243 -0.000199367 0.00938232 -0.0173509 -0.000198189 0.000278999 -0.0173509 0.0862147 
0.00970135 -0.0176596 0.000225676 -0.000177313 -0.0176596 0.0865265 -0.000185197 0.000239334 0.000225676 -0.000185197 0.00937634 -0.0173133 -0.000177313 0.000239334 -0.0173133 0.085943 
0.00968056 -0.0176434 0.000218209 -0.000178587 -0.0176434 0.0865389 -0.000184472 0.000215156 0.000218209 -0.000184472 0.00940903 -0.0173765 -0.000178587 0.000215156 -0.0173765 0.0861431 
0.00984785 -0.0179623 0.000209743 -0.000183945 -0.0179623 0.088195 -0.000182821 0.000217248 0.000209743 -0.000182821 0.00962449 -0.0177571 -0.000183945 0.000217248 -0.0177571 0.0879827 
0.00979572 -0.0178722 0.000174627 -0.000179171 -0.0178722 0.0878344 -0.000168529 0.000209995 0.000174627 -0.000168529 0.00960294 -0.0177333 -0.000179171 0.000209995 -0.0177333 0.0878005 
0.00974702 -0.017774 0.000144546 -0.00013734 -0.017774 0.087382 -0.000124216 0.000139919 0.000144546 -0.000124216 0.00958621 -0.0176526 -0.00013734 0.000139919 -0.0176526 0.0874221 
0.00979577 -0.01785 0.000135613 -9.78962e-05 -0.01785 0.0877552 -8.68091e-05 4.18718e-05 0.000135613 -8.68091e-05 0.00961203 -0.0177644 -9.78962e-05 4.18718e-05 -0.0177644 0.0878646 
0.00982681 -0.0178756 0.000146788 -8.40322e-05 -0.0178756 0.0878508 -7.45909e-05 -2.13387e-05 0.000146788 -7.45909e-05 0.00959548 -0.0177634 -8.40322e-05 -2.13387e-05 -0.0177634 0.0879478 
0.009662 -0.0175725 0.000148894 -9.16622e-05 -0.0175725 0.0862964 -8.27168e-05 -3.17083e-05 0.000148894 -8.27168e-05 0.0093849 -0.0174146 -9.16622e-05 -3.17083e-05 -0.0174146 0.0863118 
0.00968983 -0.0176387 0.000163836 -0.000101307 -0.0176387 0.0865735 -9.29219e-05 -1.2688e-05 0.000163836 -9.29219e-05 0.00938734 -0.0174047 -0.000101307 -1.2688e-05 -0.0174047 0.086414 
0.00965842 -0.0176045 0.000159933 -0.000119903 -0.0176045 0.0864143 -0.000114617 3.06954e-05 0.000159933 -0.000114617 0.00937334 -0.0173293 -0.000119903 3.06954e-05 -0.0173293 0.0860964 
0.00982256 -0.0179274 0.000152014 -0.00012081 -0.0179274 0.0880498 -0.00011751 5.71289e-05 0.000152014 -0.00011751 0.00957228 -0.0176587 -0.00012081 5.71289e-05 -0.0176587 0.0876677 
0.00976635 -0.0178206 0.000150534 -0.000109144 -0.0178206 0.0876062 -0.000107544 5.12078e-05 0.000150534 -0.000107544 0.00954938 -0.017607 -0.000109144 5.12078e-05 -0.017607 0.0873014 
0.00976905 -0.0178259 0.000146982 -0.000102279 -0.0178259 0.0876737 -0.000104757 3.44603e-05 0.000146982 -0.000104757 0.00956277 -0.0176693 -0.000102279 3.44603e-05 -0.0176693 0.0875186 
0.00976751 -0.0178031 0.000157747 -9.28915e-05 -0.0178031 0.0875695 -0.000100741 1.82559e-05 0.000157747 -0.000100741 0.00954596 -0.0176466 -9.28915e-05 1.82559e-05 -0.0176466 0.0874573 
0.00976564 -0.0177902 0.000180415 -0.000105358 -0.0177902 0.0874444 -0.000117781 3.52228e-05 0.000180415 -0.000117781 0.00953759 -0.0175932 -0.000105358 3.52228e-05 -0.0175932 0.0872513 
0.00981659 -0.0179035 0.000200578 -0.000133079 -0.0179035 0.087965 -0.00014297 8.26694e-05 0.000200578 -0.00014297 0.00959742 -0.0177122 -0.000133079 8.26694e-05 -0.0177122 0.0877616 
0.00982844 -0.0179213 0.000199557 -0.000163419 -0.0179213 0.0880788 -0.00016974 0.000156315 0.000199557 -0.00016974 0.00962634 -0.0177478 -0.000163419 0.000156315 -0.0177478 0.0879125 
0.00961672 -0.0175532 0.000178239 -0.000158141 -0.0175532 0.0862703 -0.000166241 0.000180783 0.000178239 -0.000166241 0.00943696 -0.0174054 -0.000158141 0.000180783 -0.0174054 0.0861658 
0.00980747 -0.0179293 0.000190776 -0.000139839 -0.0179293 0.088158 -0.000150171 0.000160841 0.000190776 -0.000150171 0.00965781 -0.0178026 -0.000139839 0.000160841 -0.0178026 0.0881237 
0.00976053 -0.0178127 0.000186922 -0.000149202 -0.0178127 0.0876984 -0.000155701 0.000157104 0.000186922 -0.000155701 0.0096201 -0.0177564 -0.000149202 0.000157104 -0.0177564 0.0878404 
0.00975604 -0.0177744 0.00018094 -0.00015071 -0.0177744 0.0875128 -0.000151605 0.000162973 0.00018094 -0.000151605 0.00960049 -0.0177479 -0.00015071 0.000162973 -0.0177479 0.0878063 
0.00974416 -0.0177307 0.000192081 -0.000142843 -0.0177307 0.0872325 -0.000142873 0.00015279 0.000192081 -0.000142873 0.00955518 -0.0176807 -0.000142843 0.00015279 -0.0176807 0.0875437 
0.00976492 -0.0177804 0.000192649 -0.00015191 -0.0177804 0.0873792 -0.000152152 0.000154355 0.000192649 -0.000152152 0.00955147 -0.0176667 -0.00015191 0.000154355 -0.0176667 0.0875615 
0.00978326 -0.0178183 0.000183214 -0.000158419 -0.0178183 0.0875261 -0.000160117 0.000176676 0.000183214 -0.000160117 0.00955434 -0.0176533 -0.000158419 0.000176676 -0.0176533 0.087538 
0.0098131 -0.017864 0.000193593 -0.000149365 -0.017864 0.0877319 -0.000151267 0.00017454 0.000193593 -0.000151267 0.00955598 -0.0176748 -0.000149365 0.00017454 -0.0176748 0.0876306 
0.00986593 -0.0179232 0.000203218 -0.000160509 -0.0179232 0.0880039 -0.0001566 0.000177328 0.000203218 -0.0001566 0.00955829 -0.0177147 -0.000160509 0.000177328 -0.0177147 0.0878506 
0.00989996 -0.0179877 0.000191255 -0.000174867 -0.0179877 0.0882154 -0.000165173 0.000199013 0.000191255 -0.000165173 0.00955834 -0.0177092 -0.000174867 0.000199013 -0.0177092 0.0879226 
0.00967328 -0.0176352 0.000159053 -0.000152382 -0.0176352 0.0864442 -0.000140403 0.000167631 0.000159053 -0.000140403 0.00938226 -0.0173203 -0.000152382 0.000167631 -0.0173203 0.0860233 
0.00970242 -0.017661 0.000175291 -0.000116947 -0.017661 0.0866841 -0.00010729 9.59551e-05 0.000175291 -0.00010729 0.00940557 -0.0173996 -0.000116947 9.59551e-05 -0.0173996 0.0862907 
0.00970888 -0.0176582 0.000177762 -0.000129681 -0.0176582 0.0866597 -0.00012133 7.46324e-05 0.000177762 -0.00012133 0.00941045 -0.0173983 -0.000129681 7.46324e-05 -0.0173983 0.0863098 
0.00968502 -0.0176476 0.000190911 -0.000132314 -0.0176476 0.0865849 -0.000126941 8.09589e-05 0.000190911 -0.000126941 0.00943492 -0.0173954 -0.000132314 8.09589e-05 -0.0173954 0.0862704 
0.00963663 -0.0176204 0.000185435 -0.000145833 -0.0176204 0.0865281 -0.00014406 0.000106038 0.000185435 -0.00014406 0.00947622 -0.0174376 -0.000145833 0.000106038 -0.0174376 0.0863481 
0.00961259 -0.0175398 0.000169253 -0.00013815 -0.0175398 0.0863177 -0.000139982 0.000109137 0.000169253 -0.000139982 0.00948525 -0.0174813 -0.00013815 0.000109137 -0.0174813 0.0864119 
0.00982808 -0.0178763 0.000164778 -0.000121978 -0.0178763 0.087984 -0.000119921 7.44775e-05 0.000164778 -0.000119921 0.00966293 -0.0178667 -0.000121978 7.44775e-05 -0.0178667 0.0883002 
0.00982336 -0.0178847 0.000159867 -0.000114479 -0.0178847 0.0878975 -0.000108915 4.14675e-05 0.000159867 -0.000108915 0.00964154 -0.0178193 -0.000114479 4.14675e-05 -0.0178193 0.0881912 
0.00961071 -0.0175382 0.000142375 -0.000102252 -0.0175382 0.0861712 -9.73178e-05 1.02247e-05 0.000142375 -9.73178e-05 0.00944426 -0.017438 -0.000102252 1.02247e-05 -0.017438 0.0863481 
0.00960027 -0.0175344 0.000136143 -8.85326e-05 -0.0175344 0.0862289 -8.46942e-05 -1.73174e-05 0.000136143 -8.46942e-05 0.00945359 -0.0174443 -8.85326e-05 -1.73174e-05 -0.0174443 0.0863696 
0.00981368 -0.0178616 0.000159773 -8.27891e-05 -0.0178616 0.0879156 -7.72191e-05 -4.51753e-05 0.000159773 -7.72191e-05 0.0096341 -0.0178034 -8.27891e-05 -4.51753e-05 -0.0178034 0.0881157 
0.00980433 -0.0178779 0.000182501 -0.000105294 -0.0178779 0.0878932 -9.88603e-05 -2.5652e-05 0.000182501 -9.88603e-05 0.00963995 -0.0177833 -0.000105294 -2.5652e-05 -0.0177833 0.0880652 
0.0097874 -0.0179079 0.000183523 -0.00013196 -0.0179079 0.0880661 -0.00012506 2.55204e-05 0.000183523 -0.00012506 0.00968712 -0.017825 -0.00013196 2.55204e-05 -0.017825 0.0882232 
0.00979068 -0.0178154 0.000193443 -0.000140668 -0.0178154 0.0877767 -0.000134012 7.2838e-05 0.000193443 -0.000134012 0.00962551 -0.0178283 -0.000140668 7.2838e-05 -0.0178283 0.0880993 
0.00977524 -0.0177909 0.000176417 -0.000154082 -0.0177909 0.0875175 -0.000150072 0.000114332 0.000176417 -0.000150072 0.00958179 -0.0177364 -0.000154082 0.000114332 -0.0177364 0.087839 
0.00978466 -0.0177902 0.000185966 -0.000142347 -0.0177902 0.0874503 -0.000139323 0.000127078 0.000185966 -0.000139323 0.00955526 -0.0176794 -0.000142347 0.000127078 -0.0176794 0.0876255 
0.00976434 -0.017783 0.000168977 -0.000148411 -0.017783 0.0873307 -0.000146367 0.000131403 0.000168977 -0.000146367 0.00954684 -0.0176163 -0.000148411 0.000131403 -0.0176163 0.0873391 
0.00970892 -0.0177645 0.000157896 -0.000123525 -0.0177645 0.0872591 -0.00012375 9.43494e-05 0.000157896 -0.00012375 0.00957365 -0.0176072 -0.000123525 9.43494e-05 -0.0176072 0.0872046 
0.00974323 -0.0177665 0.000179374 -0.000114329 -0.0177665 0.0874365 -0.000115404 6.57093e-05 0.000179374 -0.000115404 0.00956806 -0.0176925 -0.000114329 6.57093e-05 -0.0176925 0.0874686 
0.00979286 -0.0178337 0.000183253 -0.000140614 -0.0178337 0.0877163 -0.000144133 0.00010087 0.000183253 -0.000144133 0.00956531 -0.0177289 -0.000140614 0.00010087 -0.0177289 0.0877802 
0.0097679 -0.0178321 0.000167089 -0.000139419 -0.0178321 0.0876499 -0.000148966 0.000123912 0.000167089 -0.000148966 0.00954539 -0.0176649 -0.000139419 0.000123912 -0.0176649 0.0876121 
0.00971994 -0.0177364 0.000145564 -0.00012281 -0.0177364 0.0872599 -0.000134606 0.000113146 0.000145564 -0.000134606 0.0095093 -0.0175752 -0.00012281 0.000113146 -0.0175752 0.0871774 
0.0096894 -0.0176719 0.000123807 -9.80041e-05 -0.0176719 0.0869557 -0.000108825 6.60549e-05 0.000123807 -0.000108825 0.00948134 -0.0175207 -9.80041e-05 6.60549e-05 -0.0175207 0.0868777 
0.00970663 -0.0176907 0.000113857 -7.39713e-05 -0.0176907 0.0870335 -7.89271e-05 2.88512e-06 0.000113857 -7.89271e-05 0.00947975 -0.0175415 -7.39713e-05 2.88512e-06 -0.0175415 0.0869676 
0.00969086 -0.0177217 0.000109152 -6.46143e-05 -0.0177217 0.0871414 -5.94666e-05 -4.79253e-05 0.000109152 -5.94666e-05 0.00950717 -0.0175405 -6.46143e-05 -4.79253e-05 -0.0175405 0.0870187 
0.00967492 -0.0176704 0.000127661 -6.42901e-05 -0.0176704 0.0869917 -5.16115e-05 -7.07533e-05 0.000127661 -5.16115e-05 0.00949239 -0.0175273 -6.42901e-05 -7.07533e-05 -0.0175273 0.0868735 
0.00969564 -0.0176729 0.000158455 -8.94951e-05 -0.0176729 0.0869998 -7.44379e-05 -3.91056e-05 0.000158455 -7.44379e-05 0.00947464 -0.0175323 -8.94951e-05 -3.91056e-05 -0.0175323 0.0869003 
0.00969735 -0.0176843 0.000161894 -0.000127156 -0.0176843 0.0869716 -0.00011327 4.07779e-05 0.000161894 -0.00011327 0.00945589 -0.0174931 -0.000127156 4.07779e-05 -0.0174931 0.0867919 
0.00971643 -0.0177413 0.000149295 -0.00013448 -0.0177413 0.0872484 -0.000127616 0.000102061 0.000149295 -0.000127616 0.00947956 -0.0175342 -0.00013448 0.000102061 -0.0175342 0.0870114 
0.00971114 -0.0177077 0.000155124 -0.000114207 -0.0177077 0.0871288 -0.000116222 9.76104e-05 0.000155124 -0.000116222 0.00947227 -0.0175084 -0.000114207 9.76104e-05 -0.0175084 0.0868863 
0.009703 -0.0177257 0.00016502 -0.000111594 -0.0177257 0.0871786 -0.00012064 8.45239e-05 0.00016502 -0.00012064 0.0094925 -0.0175224 -0.000111594 8.45239e-05 -0.0175224 0.0869337 
0.00965268 -0.0176547 0.000157469 -0.000124144 -0.0176547 0.0868785 -0.000133986 0.000103582 0.000157469 -0.000133986 0.00947952 -0.0174787 -0.000124144 0.000103582 -0.0174787 0.0866662 
0.00965938 -0.0176236 0.000167347 -0.000120083 -0.0176236 0.0868002 -0.000127011 0.000107984 0.000167347 -0.000127011 0.00946668 -0.0175011 -0.000120083 0.000107984 -0.0175011 0.0866998 
0.00967781 -0.0176338 0.000165143 -0.000131271 -0.0176338 0.086803 -0.000131591 0.000114349 0.000165143 -0.000131591 0.00945126 -0.0175053 -0.000131271 0.000114349 -0.0175053 0.0867692 
0.00967479 -0.0175972 0.000153086 -0.000133409 -0.0175972 0.0865605 -0.00012808 0.00011983 0.000153086 -0.00012808 0.00940653 -0.0174356 -0.000133409 0.00011983 -0.0174356 0.0865031 
0.00969592 -0.017653 0.000159098 -0.000117432 -0.017653 0.0867258 -0.000111631 9.19883e-05 0.000159098 -0.000111631 0.0094167 -0.0174304 -0.000117432 9.19883e-05 -0.0174304 0.086545 
0.00967686 -0.0176446 0.000156579 -0.000120315 -0.0176446 0.0866583 -0.000116639 7.92705e-05 0.000156579 -0.000116639 0.00940864 -0.0173939 -0.000120315 7.92705e-05 -0.0173939 0.0863552 
0.00967311 -0.0177038 0.000164654 -0.000118531 -0.0177038 0.0869848 -0.000116752 7.79866e-05 0.000164654 -0.000116752 0.00945268 -0.0174574 -0.000118531 7.79866e-05 -0.0174574 0.086629 
0.00963395 -0.0176623 0.000150925 -0.000131308 -0.0176623 0.0869429 -0.000129415 9.98607e-05 0.000150925 -0.000129415 0.00947648 -0.017475 -0.000131308 9.98607e-05 -0.017475 0.0866611 
0.00960487 -0.0175774 0.000152699 -0.000119767 -0.0175774 0.0866806 -0.000114187 9.39613e-05 0.000152699 -0.000114187 0.00946616 -0.0174783 -0.000119767 9.39613e-05 -0.0174783 0.0865897 
0.00960179 -0.0175333 0.00015207 -0.000120752 -0.0175333 0.0864735 -0.000113561 8.58549e-05 0.00015207 -0.000113561 0.00944571 -0.0174602 -0.000120752 8.58549e-05 -0.0174602 0.0865093 
0.00958574 -0.0175008 0.000144143 -0.000119984 -0.0175008 0.0862296 -0.000118863 9.49162e-05 0.000144143 -0.000118863 0.00942182 -0.0173957 -0.000119984 9.49162e-05 -0.0173957 0.0862447 
0.00959666 -0.0175103 0.000152897 -0.000104881 -0.0175103 0.0862416 -0.000113162 8.11321e-05 0.000152897 -0.000113162 0.00942878 -0.0174015 -0.000104881 8.11321e-05 -0.0174015 0.0862377 
0.00962255 -0.0175583 0.000164605 -0.000117836 -0.0175583 0.0864233 -0.000128145 9.88853e-05 0.000164605 -0.000128145 0.00944772 -0.0174366 -0.000117836 9.88853e-05 -0.0174366 0.0863843 
0.00962129 -0.0176146 0.000142344 -0.000134812 -0.0176146 0.0866741 -0.000140276 0.00013343 0.000142344 -0.000140276 0.00949724 -0.0174884 -0.000134812 0.00013343 -0.0174884 0.0866201 
0.00963356 -0.0176299 0.000113625 -0.000112788 -0.0176299 0.0868709 -0.00011306 0.000114333 0.000113625 -0.00011306 0.00952538 -0.0175705 -0.000112788 0.000114333 -0.0175705 0.0869219 
0.00966008 -0.017631 0.000110572 -8.06245e-05 -0.017631 0.0869281 -7.5631e-05 4.59263e-05 0.000110572 -7.5631e-05 0.00951051 -0.0176082 -8.06245e-05 4.59263e-05 -0.0176082 0.0871158 
0.009676 -0.0176497 0.000127555 -7.3131e-05 -0.0176497 0.0869365 -6.42955e-05 -5.52145e-06 0.000127555 -6.42955e-05 0.0094712 -0.0175662 -7.3131e-05 -5.52145e-06 -0.0175662 0.0870703 
0.00965101 -0.0176217 0.000145542 -9.14415e-05 -0.0176217 0.0867461 -8.36724e-05 5.95824e-06 0.000145542 -8.36724e-05 0.00943053 -0.0174676 -9.14415e-05 5.95824e-06 -0.0174676 0.0867262 
0.00955929 -0.0175166 0.000140675 -0.000111693 -0.0175166 0.0862405 -0.000107289 5.15505e-05 0.000140675 -0.000107289 0.00941018 -0.0173299 -0.000111693 5.15505e-05 -0.0173299 0.0860815 
0.00955538 -0.0174647 0.000145777 -0.000105591 -0.0174647 0.0861238 -0.000107489 6.77821e-05 0.000145777 -0.000107489 0.00941622 -0.0173628 -0.000105591 6.77821e-05 -0.0173628 0.0860401 
0.0095882 -0.0174807 0.000139004 -0.000113265 -0.0174807 0.0861804 -0.000117225 8.51599e-05 0.000139004 -0.000117225 0.00941015 -0.0174139 -0.000113265 8.51599e-05 -0.0174139 0.0862354 
0.00963673 -0.0175625 0.000133204 -0.000109292 -0.0175625 0.086453 -0.000107486 8.4747e-05 0.000133204 -0.000107486 0.00941281 -0.0174266 -0.000109292 8.4747e-05 -0.0174266 0.086423 
0.00964848 -0.017568 0.000132633 -0.000105352 -0.017568 0.086409 -0.000100484 7.60096e-05 0.000132633 -0.000100484 0.00938031 -0.0173763 -0.000105352 7.60096e-05 -0.0173763 0.0862383 
0.00986141 -0.017957 0.000125172 -0.000102468 -0.017957 0.088243 -9.73615e-05 5.99899e-05 0.000125172 -9.73615e-05 0.00954558 -0.0176978 -0.000102468 5.99899e-05 -0.0176978 0.0878942 
0.00983289 -0.0179823 0.000116117 -8.23382e-05 -0.0179823 0.0883131 -7.91696e-05 1.46878e-05 0.000116117 -7.91696e-05 0.00955045 -0.0176555 -8.23382e-05 1.46878e-05 -0.0176555 0.0877646 
0.00958983 -0.0175934 0.000133665 -7.0785e-05 -0.0175934 0.0865146 -6.93833e-05 -1.6959e-05 0.000133665 -6.93833e-05 0.00937423 -0.0172844 -7.0785e-05 -1.6959e-05 -0.0172844 0.0858744 
0.00958199 -0.0175833 0.000143246 -9.91058e-05 -0.0175833 0.0866577 -9.4653e-05 1.31728e-05 0.000143246 -9.4653e-05 0.0094279 -0.0173698 -9.91058e-05 1.31728e-05 -0.0173698 0.0861628 
0.00974786 -0.0178294 0.000156717 -0.000117622 -0.0178294 0.0880041 -0.000112309 6.47339e-05 0.000156717 -0.000112309 0.0095984 -0.0177184 -0.000117622 6.47339e-05 -0.0177184 0.0877794 
0.00972098 -0.0177443 0.000163093 -0.000130448 -0.0177443 0.0875359 -0.000126305 0.000106792 0.000163093 -0.000126305 0.00954623 -0.017656 -0.000130448 0.000106792 -0.017656 0.0874835 
0.00971372 -0.0177329 0.000163671 -0.000134712 -0.0177329 0.087373 -0.00013487 0.000132014 0.000163671 -0.00013487 0.0095171 -0.0176046 -0.000134712 0.000132014 -0.0176046 0.087307 
0.00972452 -0.017787 0.000119814 -0.000137177 -0.017787 0.0875889 -0.000139152 0.000148904 0.000119814 -0.000139152 0.00953853 -0.0176246 -0.000137177 0.000148904 -0.0176246 0.0874459 
0.00971847 -0.0177907 7.40945e-05 -8.49145e-05 -0.0177907 0.0876668 -8.36999e-05 7.13425e-05 7.40945e-05 -8.36999e-05 0.00954932 -0.0176505 -8.49145e-05 7.13425e-05 -0.0176505 0.0875384 
0.00973293 -0.0177919 6.56599e-05 -2.84176e-05 -0.0177919 0.0877317 -2.45178e-05 -6.26435e-05 6.56599e-05 -2.45178e-05 0.00955027 -0.0176731 -2.84176e-05 -6.26435e-05 -0.0176731 0.0876508 
0.00957143 -0.0175234 9.0648e-05 -1.59378e-05 -0.0175234 0.086344 -1.12716e-05 -0.000138619 9.0648e-05 -1.12716e-05 0.00938108 -0.0173533 -1.59378e-05 -0.000138619 -0.0173533 0.0861547 
0.00955388 -0.0175214 0.000111326 -5.20266e-05 -0.0175214 0.0863887 -5.01209e-05 -9.69423e-05 0.000111326 -5.01209e-05 0.00939985 -0.0173484 -5.20266e-05 -9.69423e-05 -0.0173484 0.0861442 
0.0095262 -0.0174748 0.000104118 -8.32023e-05 -0.0174748 0.0862598 -8.9848e-05 -5.39025e-07 0.000104118 -8.9848e-05 0.00941625 -0.0173485 -8.32023e-05 -5.39025e-07 -0.0173485 0.0860706 
0.00970618 -0.0177752 8.08451e-05 -7.42147e-05 -0.0177752 0.0878226 -8.21852e-05 2.40794e-05 8.08451e-05 -8.21852e-05 0.00960934 -0.0177239 -7.42147e-05 2.40794e-05 -0.0177239 0.087814 
0.00969413 -0.0177497 8.58882e-05 -4.51214e-05 -0.0177497 0.0876542 -4.55098e-05 -2.6649e-05 8.58882e-05 -4.55098e-05 0.00959866 -0.0177036 -4.51214e-05 -2.6649e-05 -0.0177036 0.0877174 
0.00963679 -0.0176982 8.05202e-05 -4.99137e-05 -0.0176982 0.0873693 -4.13869e-05 -5.89621e-05 8.05202e-05 -4.13869e-05 0.00959159 -0.0176441 -4.99137e-05 -5.89621e-05 -0.0176441 0.0874256 
0.00956584 -0.017595 6.90524e-05 -4.3497e-05 -0.017595 0.0869763 -3.46429e-05 -7.69577e-05 6.90524e-05 -3.46429e-05 0.00958273 -0.0176104 -4.3497e-05 -7.69577e-05 -0.0176104 0.0871404 
0.00957102 -0.0175237 8.11205e-05 -3.52505e-05 -0.0175237 0.0867305 -3.05316e-05 -8.4546e-05 8.11205e-05 -3.05316e-05 0.00954878 -0.0176164 -3.52505e-05 -8.4546e-05 -0.0176164 0.0870712 
0.00959586 -0.0175435 9.86598e-05 -4.76246e-05 -0.0175435 0.086681 -4.71569e-05 -6.60318e-05 9.86598e-05 -4.71569e-05 0.00951322 -0.017578 -4.76246e-05 -6.60318e-05 -0.017578 0.0869978 
0.00962995 -0.0176514 8.35988e-05 -6.97377e-05 -0.0176514 0.0871055 -6.97085e-05 -1.91377e-05 8.35988e-05 -6.97085e-05 0.00955923 -0.0176237 -6.97377e-05 -1.91377e-05 -0.0176237 0.0873083 
0.00965906 -0.0176843 9.46348e-05 -5.50632e-05 -0.0176843 0.0872964 -5.34097e-05 -1.7606e-05 9.46348e-05 -5.34097e-05 0.00956215 -0.0176493 -5.50632e-05 -1.7606e-05 -0.0176493 0.0874032 
0.00965779 -0.0176781 0.00010562 -6.75812e-05 -0.0176781 0.0872367 -6.46487e-05 -8.53585e-06 0.00010562 -6.46487e-05 0.00954734 -0.0176236 -6.75812e-05 -8.53585e-06 -0.0176236 0.0873032 
0.00968054 -0.0176837 0.000107291 -7.74668e-05 -0.0176837 0.0872487 -7.73594e-05 1.39304e-05 0.000107291 -7.73594e-05 0.00952836 -0.0176202 -7.74668e-05 1.39304e-05 -0.0176202 0.0872915 
0.00965521 -0.0176839 8.86421e-05 -7.87987e-05 -0.0176839 0.08716 -7.90946e-05 2.54427e-05 8.86421e-05 -7.90946e-05 0.00952637 -0.0175736 -7.87987e-05 2.54427e-05 -0.0175736 0.0871296 
0.00964714 -0.0176647 9.43648e-05 -5.43635e-05 -0.0176647 0.0871232 -5.52707e-05 -1.15518e-05 9.43648e-05 -5.52707e-05 0.00951862 -0.0175756 -5.43635e-05 -1.15518e-05 -0.0175756 0.0870798 
0.00965343 -0.0176524 0.000101133 -5.50811e-05 -0.0176524 0.087074 -5.99706e-05 -3.39587e-05 0.000101133 -5.99706e-05 0.00948679 -0.0175654 -5.50811e-05 -3.39587e-05 -0.0175654 0.0870437 
0.00968758 -0.0177549 8.50125e-05 -6.00784e-05 -0.0177549 0.0875289 -6.47141e-05 -3.62507e-05 8.50125e-05 -6.47141e-05 0.00951869 -0.0176185 -6.00784e-05 -3.62507e-05 -0.0176185 0.0874275 
0.00967898 -0.0177397 7.05236e-05 -4.98538e-05 -0.0177397 0.0875216 -4.99384e-05 -4.39553e-05 7.05236e-05 -4.99384e-05 0.00951256 -0.0175924 -4.98538e-05 -4.39553e-05 -0.0175924 0.0873512 
0.00962571 -0.0176596 7.58927e-05 -2.97371e-05 -0.0176596 0.0871676 -3.06097e-05 -8.23185e-05 7.58927e-05 -3.06097e-05 0.00949927 -0.017517 -2.97371e-05 -8.23185e-05 -0.017517 0.08698 
0.00962866 -0.0176188 8.29424e-05 -3.74447e-05 -0.0176188 0.0870373 -3.85627e-05 -8.52191e-05 8.29424e-05 -3.85627e-05 0.00947735 -0.0175326 -3.74447e-05 -8.52191e-05 -0.0175326 0.0869429 
0.00959912 -0.0175898 8.79444e-05 -4.74628e-05 -0.0175898 0.0868151 -4.7324e-05 -6.46672e-05 8.79444e-05 -4.7324e-05 0.00946711 -0.0174678 -4.74628e-05 -6.46672e-05 -0.0174678 0.08671 
0.00959227 -0.0175489 9.91218e-05 -5.42022e-05 -0.0175489 0.0866269 -5.73131e-05 -3.91021e-05 9.91218e-05 -5.73131e-05 0.00944015 -0.0174375 -5.42022e-05 -3.91021e-05 -0.0174375 0.0865014 
0.00959542 -0.0175353 0.000105363 -6.52754e-05 -0.0175353 0.0865127 -7.56544e-05 -3.65741e-06 0.000105363 -7.56544e-05 0.00942125 -0.0174174 -6.52754e-05 -3.65741e-06 -0.0174174 0.086399 
